#                                                                                   --- full sequence --- -------------- this domain -------------   hmm coord   ali coord   env coord
# target name               accession   tlen query name           accession   qlen   E-value  score  bias   #  of  c-Evalue  i-Evalue  score  bias  from    to  from    to  from    to  acc description of target
#       ------------------- ---------- ----- -------------------- ---------- ----- --------- ------ ----- --- --- --------- --------- ------ ----- ----- ----- ----- ----- ----- ----- ---- ---------------------
scaffold00251:40446-44135   -           1230 693at33634           -            925         0 1494.5  12.7   1   3   4.2e-90   5.3e-88  290.3   1.0     1   213    97   351    97   354 0.85 -
scaffold00251:40446-44135   -           1230 693at33634           -            925         0 1494.5  12.7   2   3    4e-223    5e-221  730.6   1.7   209   668   380   923   368   929 0.88 -
scaffold00251:40446-44135   -           1230 693at33634           -            925         0 1494.5  12.7   3   3    6e-146  7.4e-144  475.2   0.1   674   925   960  1228   934  1228 0.93 -
scaffold00005:309419-312538 -           1040 693at33634           -            925  4.4e-111  366.7   0.1   1   2  2.3e-110  2.8e-108  357.4   0.0   301   881   300   957   215   967 0.76 -
scaffold00005:309419-312538 -           1040 693at33634           -            925  4.4e-111  366.7   0.1   2   2    0.0041      0.51    2.5   0.0   894   920  1010  1036   987  1040 0.84 -
scaffold00091:177238-179299 -            658 693at33634           -            925   5.9e-75  247.2   3.5   1   5     0.049         6   -1.1   0.0     1    43     1    45     1    51 0.75 -
scaffold00091:177238-179299 -            658 693at33634           -            925   5.9e-75  247.2   3.5   2   5     2e-24   2.5e-22   73.0   0.0    25   152    48   201    35   216 0.72 -
scaffold00091:177238-179299 -            658 693at33634           -            925   5.9e-75  247.2   3.5   3   5   0.00024     0.029    6.6   0.0   172   199   247   274   235   280 0.88 -
scaffold00091:177238-179299 -            658 693at33634           -            925   5.9e-75  247.2   3.5   4   5   1.8e-49   2.2e-47  155.9   0.0   216   476   339   607   318   627 0.84 -
scaffold00091:177238-179299 -            658 693at33634           -            925   5.9e-75  247.2   3.5   5   5   0.00017     0.021    7.1   0.0   474   501   630   657   622   658 0.89 -
#
# Program:         hmmsearch
# Version:         3.1b2 (February 2015)
# Pipeline mode:   SEARCH
# Query file:      /Users/aholzer/ownCloud/PhD/Publications/2021 Liavero-Pasquina et al./analysis/TPP_aptamer_search/busco_downloads/lineages/stramenopiles_odb10/hmms/693at33634.hmm
# Target file:     /Users/aholzer/ownCloud/PhD/Publications/2021 Liavero-Pasquina et al./analysis/TPP_aptamer_search/genomes/BUSCO/Synedra_acus_sac1/run_stramenopiles_odb10/metaeuk_output/initial_results/sac.scaffolds.fna.modified.fas
# Option settings: hmmsearch --domtblout /Users/aholzer/ownCloud/PhD/Publications/2021 Liavero-Pasquina et al./analysis/TPP_aptamer_search/genomes/BUSCO/Synedra_acus_sac1/run_stramenopiles_odb10/hmmer_output/initial_run_results/693at33634.out --cpu 1 /Users/aholzer/ownCloud/PhD/Publications/2021 Liavero-Pasquina et al./analysis/TPP_aptamer_search/busco_downloads/lineages/stramenopiles_odb10/hmms/693at33634.hmm /Users/aholzer/ownCloud/PhD/Publications/2021 Liavero-Pasquina et al./analysis/TPP_aptamer_search/genomes/BUSCO/Synedra_acus_sac1/run_stramenopiles_odb10/metaeuk_output/initial_results/sac.scaffolds.fna.modified.fas 
# Current dir:     /Users/aholzer/ownCloud/PhD/Publications/2021 Liavero-Pasquina et al./analysis/TPP_aptamer_search
# Date:            Fri Apr 16 15:15:54 2021
# [ok]
