#                                                                                     --- full sequence --- -------------- this domain -------------   hmm coord   ali coord   env coord
# target name                 accession   tlen query name           accession   qlen   E-value  score  bias   #  of  c-Evalue  i-Evalue  score  bias  from    to  from    to  from    to  acc description of target
#         ------------------- ---------- ----- -------------------- ---------- ----- --------- ------ ----- --- --- --------- --------- ------ ----- ----- ----- ----- ----- ----- ----- ---- ---------------------
JAACSZ010001870_1:4824-8212   -           1053 971at33634           -            855         0 1372.2  12.5   1   2         0         0 1266.9   7.8     2   701    24   805    23   810 0.92 -
JAACSZ010001870_1:4824-8212   -           1053 971at33634           -            855         0 1372.2  12.5   2   2   1.1e-31   6.9e-30   97.6   0.1   709   854   847  1039   820  1040 0.75 -
JAACSZ010001792_1:9434-12097  -            766 971at33634           -            855   3.3e-98  323.6   0.0   1   1  7.6e-100   4.7e-98  323.2   0.0    12   695    27   766    18   766 0.77 -
JAACSZ010000238_1:5834-9525   -           1051 971at33634           -            855   8.6e-49  160.2   0.6   1   3   1.2e-17   7.6e-16   51.2   0.0    14   168   104   258    96   268 0.95 -
JAACSZ010000238_1:5834-9525   -           1051 971at33634           -            855   8.6e-49  160.2   0.6   2   3   1.5e-33   9.4e-32  103.8   0.1   259   558   346   661   298   679 0.82 -
JAACSZ010000238_1:5834-9525   -           1051 971at33634           -            855   8.6e-49  160.2   0.6   3   3    0.0098       0.6    1.9   0.0   640   696   800   856   671   896 0.59 -
JAACSZ010000809_1:12562-15319 -            846 971at33634           -            855   3.5e-22   72.1   3.5   1   4   0.00037     0.023    6.6   0.0    28    67    71   109    46   116 0.81 -
JAACSZ010000809_1:12562-15319 -            846 971at33634           -            855   3.5e-22   72.1   3.5   2   4   1.1e-05   0.00067   11.7   0.0    99   167   124   192   118   205 0.90 -
JAACSZ010000809_1:12562-15319 -            846 971at33634           -            855   3.5e-22   72.1   3.5   3   4   1.2e-05   0.00071   11.6   0.2   389   407   438   456   432   461 0.89 -
JAACSZ010000809_1:12562-15319 -            846 971at33634           -            855   3.5e-22   72.1   3.5   4   4   3.4e-14   2.1e-12   39.8   0.0   499   651   589   730   561   829 0.75 -
#
# Program:         hmmsearch
# Version:         3.1b2 (February 2015)
# Pipeline mode:   SEARCH
# Query file:      /Users/aholzer/ownCloud/PhD/Publications/2021 Liavero-Pasquina et al./analysis/TPP_aptamer_search/busco_downloads/lineages/stramenopiles_odb10/hmms/971at33634.hmm
# Target file:     /Users/aholzer/ownCloud/PhD/Publications/2021 Liavero-Pasquina et al./analysis/TPP_aptamer_search/genomes/BUSCO/Bacillariophyta_sp_ASM1036716v1/run_stramenopiles_odb10/metaeuk_output/initial_results/GCA_010367165.1_ASM1036716v1_genomic.fna.modified.fas
# Option settings: hmmsearch --domtblout /Users/aholzer/ownCloud/PhD/Publications/2021 Liavero-Pasquina et al./analysis/TPP_aptamer_search/genomes/BUSCO/Bacillariophyta_sp_ASM1036716v1/run_stramenopiles_odb10/hmmer_output/initial_run_results/971at33634.out --cpu 1 /Users/aholzer/ownCloud/PhD/Publications/2021 Liavero-Pasquina et al./analysis/TPP_aptamer_search/busco_downloads/lineages/stramenopiles_odb10/hmms/971at33634.hmm /Users/aholzer/ownCloud/PhD/Publications/2021 Liavero-Pasquina et al./analysis/TPP_aptamer_search/genomes/BUSCO/Bacillariophyta_sp_ASM1036716v1/run_stramenopiles_odb10/metaeuk_output/initial_results/GCA_010367165.1_ASM1036716v1_genomic.fna.modified.fas 
# Current dir:     /Users/aholzer/ownCloud/PhD/Publications/2021 Liavero-Pasquina et al./analysis/TPP_aptamer_search
# Date:            Fri Apr 16 17:03:27 2021
# [ok]
