#                                                                                     --- full sequence --- -------------- this domain -------------   hmm coord   ali coord   env coord
# target name                 accession   tlen query name           accession   qlen   E-value  score  bias   #  of  c-Evalue  i-Evalue  score  bias  from    to  from    to  from    to  acc description of target
#         ------------------- ---------- ----- -------------------- ---------- ----- --------- ------ ----- --- --- --------- --------- ------ ----- ----- ----- ----- ----- ----- ----- ---- ---------------------
CAACVS010000346_1:68843-70400 -            289 1269244at2759        -            121   2.5e-14   48.4  11.0   1   3   0.00043      0.06    8.4   0.4     3    22     1    20     1    40 0.85 -
CAACVS010000346_1:68843-70400 -            289 1269244at2759        -            121   2.5e-14   48.4  11.0   2   3   2.6e-06   0.00036   15.6   0.0    45    80    87   122    79   133 0.86 -
CAACVS010000346_1:68843-70400 -            289 1269244at2759        -            121   2.5e-14   48.4  11.0   3   3   1.9e-10   2.7e-08   28.9   1.0    77   114   159   196   147   202 0.83 -
CAACVS010000090_1:25161-26042 -            174 1269244at2759        -            121   0.00024   16.2   0.4   1   2      0.33        46   -0.9   0.3    85    85    61    61    35    94 0.66 -
CAACVS010000090_1:25161-26042 -            174 1269244at2759        -            121   0.00024   16.2   0.4   2   2   1.7e-06   0.00024   16.2   0.4    44   104    97   157    70   165 0.78 -
CAACVS010000047_1:70597-71037 -            147 1269244at2759        -            121     0.001   14.2   0.0   1   2   0.00035      0.05    8.7   0.1     5    23     1    19     1    32 0.87 -
CAACVS010000047_1:70597-71037 -            147 1269244at2759        -            121     0.001   14.2   0.0   2   2     0.016       2.3    3.3   0.0    44    71   119   146    89   147 0.85 -
CAACVS010000602_1:23053-23499 -            149 1269244at2759        -            121    0.0016   13.5   0.0   1   3    0.0019      0.26    6.4   0.0     5    23     1    19     1    25 0.88 -
CAACVS010000602_1:23053-23499 -            149 1269244at2759        -            121    0.0016   13.5   0.0   2   3     0.098        14    0.8   0.1    30    43    72    85    65    95 0.82 -
CAACVS010000602_1:23053-23499 -            149 1269244at2759        -            121    0.0016   13.5   0.0   3   3     0.033       4.6    2.3   0.0    46    74   119   147   102   149 0.80 -
#
# Program:         hmmsearch
# Version:         3.1b2 (February 2015)
# Pipeline mode:   SEARCH
# Query file:      /Users/aholzer/ownCloud/PhD/Publications/2021 Liavero-Pasquina et al./analysis/TPP_aptamer_search/busco_downloads/lineages/eukaryota_odb10/hmms/1269244at2759.hmm
# Target file:     /Users/aholzer/ownCloud/PhD/Publications/2021 Liavero-Pasquina et al./analysis/TPP_aptamer_search/genomes/BUSCO_eukaryota_obd10/Pseudo-nitzschia_multistriata_ASM90066040v1/run_eukaryota_odb10/metaeuk_output/rerun_results/GCA_900660405.1_ASM90066040v1_genomic.fna.modified.fas
# Option settings: hmmsearch --domtblout /Users/aholzer/ownCloud/PhD/Publications/2021 Liavero-Pasquina et al./analysis/TPP_aptamer_search/genomes/BUSCO_eukaryota_obd10/Pseudo-nitzschia_multistriata_ASM90066040v1/run_eukaryota_odb10/hmmer_output/rerun_results/1269244at2759.out --cpu 1 /Users/aholzer/ownCloud/PhD/Publications/2021 Liavero-Pasquina et al./analysis/TPP_aptamer_search/busco_downloads/lineages/eukaryota_odb10/hmms/1269244at2759.hmm /Users/aholzer/ownCloud/PhD/Publications/2021 Liavero-Pasquina et al./analysis/TPP_aptamer_search/genomes/BUSCO_eukaryota_obd10/Pseudo-nitzschia_multistriata_ASM90066040v1/run_eukaryota_odb10/metaeuk_output/rerun_results/GCA_900660405.1_ASM90066040v1_genomic.fna.modified.fas 
# Current dir:     /Users/aholzer/ownCloud/PhD/Publications/2021 Liavero-Pasquina et al./analysis/TPP_aptamer_search
# Date:            Sun Apr 18 05:05:32 2021
# [ok]
