#                                                                                    --- full sequence --- -------------- this domain -------------   hmm coord   ali coord   env coord
# target name                accession   tlen query name           accession   qlen   E-value  score  bias   #  of  c-Evalue  i-Evalue  score  bias  from    to  from    to  from    to  acc description of target
#        ------------------- ---------- ----- -------------------- ---------- ----- --------- ------ ----- --- --- --------- --------- ------ ----- ----- ----- ----- ----- ----- ----- ---- ---------------------
BLYE01000001_1:418154-419662 -            503 375960at2759         -            356   3.7e-38  127.3   0.7   1   2    0.0013      0.35    5.7   0.0    31    55   103   127    90   144 0.82 -
BLYE01000001_1:418154-419662 -            503 375960at2759         -            356   3.7e-38  127.3   0.7   2   2   8.4e-38   2.2e-35  118.2   0.2    49   333   146   479   142   484 0.74 -
BLYE01000017_1:391215-393233 -            625 375960at2759         -            356    0.0011   13.9   0.4   1   3   0.00019     0.049    8.5   0.0   184   232   337   385   294   391 0.86 -
BLYE01000017_1:391215-393233 -            625 375960at2759         -            356    0.0011   13.9   0.4   2   3     0.012       3.2    2.5   0.1   228   250   405   431   387   440 0.68 -
BLYE01000017_1:391215-393233 -            625 375960at2759         -            356    0.0011   13.9   0.4   3   3      0.57   1.5e+02   -3.0   0.1   264   280   468   484   464   487 0.85 -
BLYE01000156_1:196484-198502 -            625 375960at2759         -            356    0.0016   13.4   0.3   1   3   0.00026     0.068    8.0   0.0   184   232   337   385   294   391 0.86 -
BLYE01000156_1:196484-198502 -            625 375960at2759         -            356    0.0016   13.4   0.3   2   3     0.012       3.3    2.5   0.1   228   250   405   431   387   440 0.68 -
BLYE01000156_1:196484-198502 -            625 375960at2759         -            356    0.0016   13.4   0.3   3   3      0.57   1.5e+02   -3.0   0.1   264   280   468   484   464   487 0.85 -
BLYE01000014_1:615729-617087 -            453 375960at2759         -            356     0.002   13.1   0.0   1   1   1.1e-05    0.0029   12.5   0.0   101   185   116   206   113   294 0.77 -
BLYE01000142_1:386029-387387 -            453 375960at2759         -            356     0.002   13.1   0.0   1   1   1.1e-05    0.0029   12.5   0.0   101   185   116   206   113   294 0.77 -
#
# Program:         hmmsearch
# Version:         3.1b2 (February 2015)
# Pipeline mode:   SEARCH
# Query file:      /Users/aholzer/ownCloud/PhD/Publications/2021 Liavero-Pasquina et al./analysis/TPP_aptamer_search/busco_downloads/lineages/eukaryota_odb10/hmms/375960at2759.hmm
# Target file:     /Users/aholzer/ownCloud/PhD/Publications/2021 Liavero-Pasquina et al./analysis/TPP_aptamer_search/genomes/BUSCO_eukaryota_obd10/Nitzschia_putrida_Nputr_1.0/run_eukaryota_odb10/metaeuk_output/initial_results/GCA_016586335.1_Nputr_1.0_genomic.fna.modified.fas
# Option settings: hmmsearch --domtblout /Users/aholzer/ownCloud/PhD/Publications/2021 Liavero-Pasquina et al./analysis/TPP_aptamer_search/genomes/BUSCO_eukaryota_obd10/Nitzschia_putrida_Nputr_1.0/run_eukaryota_odb10/hmmer_output/initial_run_results/375960at2759.out --cpu 1 /Users/aholzer/ownCloud/PhD/Publications/2021 Liavero-Pasquina et al./analysis/TPP_aptamer_search/busco_downloads/lineages/eukaryota_odb10/hmms/375960at2759.hmm /Users/aholzer/ownCloud/PhD/Publications/2021 Liavero-Pasquina et al./analysis/TPP_aptamer_search/genomes/BUSCO_eukaryota_obd10/Nitzschia_putrida_Nputr_1.0/run_eukaryota_odb10/metaeuk_output/initial_results/GCA_016586335.1_Nputr_1.0_genomic.fna.modified.fas 
# Current dir:     /Users/aholzer/ownCloud/PhD/Publications/2021 Liavero-Pasquina et al./analysis/TPP_aptamer_search
# Date:            Sat Apr 17 17:48:42 2021
# [ok]
