#                                                                                     --- full sequence --- -------------- this domain -------------   hmm coord   ali coord   env coord
# target name                 accession   tlen query name           accession   qlen   E-value  score  bias   #  of  c-Evalue  i-Evalue  score  bias  from    to  from    to  from    to  acc description of target
#         ------------------- ---------- ----- -------------------- ---------- ----- --------- ------ ----- --- --- --------- --------- ------ ----- ----- ----- ----- ----- ----- ----- ---- ---------------------
JAACSZ010001385_1:2468-3127   -            173 1323575at2759        -            114   1.8e-33  111.0   2.2   1   2   6.4e-13     8e-11   37.9   0.2     2    32    25    55    24    85 0.74 -
JAACSZ010001385_1:2468-3127   -            173 1323575at2759        -            114   1.8e-33  111.0   2.2   2   2   8.8e-23   1.1e-20   69.7   0.1    43   114    93   172    87   172 0.92 -
JAACSZ010000997_1:6112-6783   -            224 1323575at2759        -            114   5.9e-09   31.9   0.0   1   2    0.0018      0.22    7.5   0.0     6    33    19    46    16    56 0.86 -
JAACSZ010000997_1:6112-6783   -            224 1323575at2759        -            114   5.9e-09   31.9   0.0   2   2   5.1e-08   6.4e-06   22.1   0.0    46   113   149   221   138   222 0.82 -
JAACSZ010000563_1:6233-6538   -            102 1323575at2759        -            114   1.5e-08   30.7   0.1   1   2   3.5e-05    0.0044   13.0   0.0    46    74     9    36     1    48 0.73 -
JAACSZ010000563_1:6233-6538   -            102 1323575at2759        -            114   1.5e-08   30.7   0.1   2   2   2.7e-06   0.00034   16.6   0.0    64   103    47    87    36    96 0.89 -
JAACSZ010000159_1:993-1310    -            106 1323575at2759        -            114     8e-08   28.3   0.0   1   1   7.4e-10   9.4e-08   28.1   0.0    40   103    34   106    14   106 0.76 -
JAACSZ010000834_1:6547-7164   -            176 1323575at2759        -            114   0.00052   16.0   0.3   1   1   7.8e-06   0.00098   15.1   0.3     5   106    21   140    17   149 0.75 -
JAACSZ010001267_1:7371-7592   -             74 1323575at2759        -            114    0.0024   13.9   0.0   1   1   3.2e-05     0.004   13.1   0.0    34    93     8    69     2    74 0.67 -
JAACSZ010000641_1:13536-13706 -             57 1323575at2759        -            114    0.0025   13.8   0.0   1   1   2.2e-05    0.0028   13.6   0.0    51    93    10    57     1    57 0.72 -
#
# Program:         hmmsearch
# Version:         3.1b2 (February 2015)
# Pipeline mode:   SEARCH
# Query file:      /Users/aholzer/ownCloud/PhD/Publications/2021 Liavero-Pasquina et al./analysis/TPP_aptamer_search/busco_downloads/lineages/eukaryota_odb10/hmms/1323575at2759.hmm
# Target file:     /Users/aholzer/ownCloud/PhD/Publications/2021 Liavero-Pasquina et al./analysis/TPP_aptamer_search/genomes/BUSCO_eukaryota_obd10/Bacillariophyta_sp_ASM1036716v1/run_eukaryota_odb10/metaeuk_output/initial_results/GCA_010367165.1_ASM1036716v1_genomic.fna.modified.fas
# Option settings: hmmsearch --domtblout /Users/aholzer/ownCloud/PhD/Publications/2021 Liavero-Pasquina et al./analysis/TPP_aptamer_search/genomes/BUSCO_eukaryota_obd10/Bacillariophyta_sp_ASM1036716v1/run_eukaryota_odb10/hmmer_output/initial_run_results/1323575at2759.out --cpu 1 /Users/aholzer/ownCloud/PhD/Publications/2021 Liavero-Pasquina et al./analysis/TPP_aptamer_search/busco_downloads/lineages/eukaryota_odb10/hmms/1323575at2759.hmm /Users/aholzer/ownCloud/PhD/Publications/2021 Liavero-Pasquina et al./analysis/TPP_aptamer_search/genomes/BUSCO_eukaryota_obd10/Bacillariophyta_sp_ASM1036716v1/run_eukaryota_odb10/metaeuk_output/initial_results/GCA_010367165.1_ASM1036716v1_genomic.fna.modified.fas 
# Current dir:     /Users/aholzer/ownCloud/PhD/Publications/2021 Liavero-Pasquina et al./analysis/TPP_aptamer_search
# Date:            Mon Apr 19 13:26:15 2021
# [ok]
