#                                                                                    --- full sequence --- -------------- this domain -------------   hmm coord   ali coord   env coord
# target name                accession   tlen query name           accession   qlen   E-value  score  bias   #  of  c-Evalue  i-Evalue  score  bias  from    to  from    to  from    to  acc description of target
#        ------------------- ---------- ----- -------------------- ---------- ----- --------- ------ ----- --- --- --------- --------- ------ ----- ----- ----- ----- ----- ----- ----- ---- ---------------------
BDSP01000133_1:270384-271460 -            359 1030907at2759        -            285   3.1e-20   69.4   3.7   1   2   2.6e-11   1.1e-08   31.5   4.1    10   135    33   177    25   185 0.75 -
BDSP01000133_1:270384-271460 -            359 1030907at2759        -            285   3.1e-20   69.4   3.7   2   2   1.8e-11   7.7e-09   32.0   0.0   167   269   237   359   228   359 0.86 -
BDSP01000092_1:387932-389008 -            359 1030907at2759        -            285   5.5e-20   68.6   3.2   1   2   3.6e-11   1.5e-08   31.0   4.1    10   134    33   176    25   185 0.75 -
BDSP01000092_1:387932-389008 -            359 1030907at2759        -            285   5.5e-20   68.6   3.2   2   2   4.5e-11   1.9e-08   30.7   0.0   167   269   237   359   229   359 0.86 -
BDSP01000141_1:521977-522954 -            326 1030907at2759        -            285   0.00012   18.3   1.3   1   3   5.5e-07   0.00023   17.3   0.2    71   139     2    70     1   107 0.92 -
BDSP01000141_1:521977-522954 -            326 1030907at2759        -            285   0.00012   18.3   1.3   2   3       0.4   1.7e+02   -1.9   0.0   120   145   132   157   127   162 0.83 -
BDSP01000141_1:521977-522954 -            326 1030907at2759        -            285   0.00012   18.3   1.3   3   3      0.77   3.3e+02   -2.9   0.0   220   236   240   256   231   262 0.72 -
BDSP01000078_1:79534-80511   -            326 1030907at2759        -            285   0.00012   18.3   1.3   1   3   5.5e-07   0.00023   17.3   0.2    71   139     2    70     1   107 0.92 -
BDSP01000078_1:79534-80511   -            326 1030907at2759        -            285   0.00012   18.3   1.3   2   3       0.4   1.7e+02   -1.9   0.0   120   145   132   157   127   162 0.83 -
BDSP01000078_1:79534-80511   -            326 1030907at2759        -            285   0.00012   18.3   1.3   3   3      0.77   3.3e+02   -2.9   0.0   220   236   240   256   231   262 0.72 -
#
# Program:         hmmsearch
# Version:         3.1b2 (February 2015)
# Pipeline mode:   SEARCH
# Query file:      /Users/aholzer/ownCloud/PhD/Publications/2021 Liavero-Pasquina et al./analysis/TPP_aptamer_search/busco_downloads/lineages/eukaryota_odb10/hmms/1030907at2759.hmm
# Target file:     /Users/aholzer/ownCloud/PhD/Publications/2021 Liavero-Pasquina et al./analysis/TPP_aptamer_search/genomes/BUSCO_eukaryota_obd10/Fistulifera_solaris_Fsol_1.0/run_eukaryota_odb10/metaeuk_output/initial_results/GCA_002217885.1_Fsol_1.0_genomic.fna.modified.fas
# Option settings: hmmsearch --domtblout /Users/aholzer/ownCloud/PhD/Publications/2021 Liavero-Pasquina et al./analysis/TPP_aptamer_search/genomes/BUSCO_eukaryota_obd10/Fistulifera_solaris_Fsol_1.0/run_eukaryota_odb10/hmmer_output/initial_run_results/1030907at2759.out --cpu 1 /Users/aholzer/ownCloud/PhD/Publications/2021 Liavero-Pasquina et al./analysis/TPP_aptamer_search/busco_downloads/lineages/eukaryota_odb10/hmms/1030907at2759.hmm /Users/aholzer/ownCloud/PhD/Publications/2021 Liavero-Pasquina et al./analysis/TPP_aptamer_search/genomes/BUSCO_eukaryota_obd10/Fistulifera_solaris_Fsol_1.0/run_eukaryota_odb10/metaeuk_output/initial_results/GCA_002217885.1_Fsol_1.0_genomic.fna.modified.fas 
# Current dir:     /Users/aholzer/ownCloud/PhD/Publications/2021 Liavero-Pasquina et al./analysis/TPP_aptamer_search
# Date:            Sun Apr 18 09:13:38 2021
# [ok]
