#                                                                                    --- full sequence --- -------------- this domain -------------   hmm coord   ali coord   env coord
# target name                accession   tlen query name           accession   qlen   E-value  score  bias   #  of  c-Evalue  i-Evalue  score  bias  from    to  from    to  from    to  acc description of target
#        ------------------- ---------- ----- -------------------- ---------- ----- --------- ------ ----- --- --- --------- --------- ------ ----- ----- ----- ----- ----- ----- ----- ---- ---------------------
BDSP01000207_1:128416-129357 -            314 1138059at2759        -            209   2.9e-74  245.7   5.4   1   3     7e-31     3e-28   95.4   0.0     2    78    10    90     9    98 0.91 -
BDSP01000207_1:128416-129357 -            314 1138059at2759        -            209   2.9e-74  245.7   5.4   2   3   1.1e-41   4.5e-39  130.7   0.0    73   181   115   234   108   253 0.82 -
BDSP01000207_1:128416-129357 -            314 1138059at2759        -            209   2.9e-74  245.7   5.4   3   3     3e-07   0.00013   18.1   3.5   180   207   280   310   252   312 0.88 -
BDSP01000213_1:174247-175185 -            313 1138059at2759        -            209   1.7e-73  243.2   5.6   1   3     7e-31     3e-28   95.3   0.0     2    78    10    90     9    98 0.91 -
BDSP01000213_1:174247-175185 -            313 1138059at2759        -            209   1.7e-73  243.2   5.6   2   3   2.7e-41   1.2e-38  129.4   0.0    76   181   117   233   107   250 0.81 -
BDSP01000213_1:174247-175185 -            313 1138059at2759        -            209   1.7e-73  243.2   5.6   3   3   7.4e-07   0.00031   16.9   3.8   180   207   279   309   267   311 0.87 -
BDSP01000136_1:446225-446650 -            142 1138059at2759        -            209   1.1e-06   24.8   0.1   1   2   2.2e-06   0.00095   15.3   0.0    37    77    43    85    35    92 0.80 -
BDSP01000136_1:446225-446650 -            142 1138059at2759        -            209   1.1e-06   24.8   0.1   2   2   0.00046       0.2    7.7   0.0    92   114   120   142   112   142 0.88 -
BDSP01000273_1:297471-297896 -            142 1138059at2759        -            209   1.9e-06   24.1   0.1   1   2   2.2e-06   0.00093   15.3   0.0    37    77    43    85    35    91 0.79 -
BDSP01000273_1:297471-297896 -            142 1138059at2759        -            209   1.9e-06   24.1   0.1   2   2    0.0008      0.34    6.9   0.0    92   114   120   142   112   142 0.88 -
#
# Program:         hmmsearch
# Version:         3.1b2 (February 2015)
# Pipeline mode:   SEARCH
# Query file:      /Users/aholzer/ownCloud/PhD/Publications/2021 Liavero-Pasquina et al./analysis/TPP_aptamer_search/busco_downloads/lineages/eukaryota_odb10/hmms/1138059at2759.hmm
# Target file:     /Users/aholzer/ownCloud/PhD/Publications/2021 Liavero-Pasquina et al./analysis/TPP_aptamer_search/genomes/BUSCO_eukaryota_obd10/Fistulifera_solaris_Fsol_1.0/run_eukaryota_odb10/metaeuk_output/initial_results/GCA_002217885.1_Fsol_1.0_genomic.fna.modified.fas
# Option settings: hmmsearch --domtblout /Users/aholzer/ownCloud/PhD/Publications/2021 Liavero-Pasquina et al./analysis/TPP_aptamer_search/genomes/BUSCO_eukaryota_obd10/Fistulifera_solaris_Fsol_1.0/run_eukaryota_odb10/hmmer_output/initial_run_results/1138059at2759.out --cpu 1 /Users/aholzer/ownCloud/PhD/Publications/2021 Liavero-Pasquina et al./analysis/TPP_aptamer_search/busco_downloads/lineages/eukaryota_odb10/hmms/1138059at2759.hmm /Users/aholzer/ownCloud/PhD/Publications/2021 Liavero-Pasquina et al./analysis/TPP_aptamer_search/genomes/BUSCO_eukaryota_obd10/Fistulifera_solaris_Fsol_1.0/run_eukaryota_odb10/metaeuk_output/initial_results/GCA_002217885.1_Fsol_1.0_genomic.fna.modified.fas 
# Current dir:     /Users/aholzer/ownCloud/PhD/Publications/2021 Liavero-Pasquina et al./analysis/TPP_aptamer_search
# Date:            Sun Apr 18 09:13:48 2021
# [ok]
