#                                                                                    --- full sequence --- -------------- this domain -------------   hmm coord   ali coord   env coord
# target name                accession   tlen query name           accession   qlen   E-value  score  bias   #  of  c-Evalue  i-Evalue  score  bias  from    to  from    to  from    to  acc description of target
#        ------------------- ---------- ----- -------------------- ---------- ----- --------- ------ ----- --- --- --------- --------- ------ ----- ----- ----- ----- ----- ----- ----- ---- ---------------------
BDSP01000278_1:128190-129599 -            470 664730at2759         -            349  1.4e-174  576.7   0.6   1   1  3.4e-173  8.3e-171  564.3   0.6     2   348    62   463    61   464 0.90 -
BDSP01000197_1:33366-34787   -            474 664730at2759         -            349  1.6e-174  576.5   0.6   1   2  9.7e-124  2.4e-121  401.6   0.0     2   247    66   328    65   345 0.94 -
BDSP01000197_1:33366-34787   -            474 664730at2759         -            349  1.6e-174  576.5   0.6   2   2   1.5e-53   3.6e-51  170.8   1.2   251   348   359   467   354   468 0.91 -
BDSP01000132_1:47664-48866   -            401 664730at2759         -            349   1.2e-57  192.1   0.0   1   2     3e-54   7.2e-52  173.1   0.0     3   251    19   290    17   297 0.88 -
BDSP01000132_1:47664-48866   -            401 664730at2759         -            349   1.2e-57  192.1   0.0   2   2   9.5e-07   0.00023   16.9   0.0   256   324   326   395   320   399 0.91 -
BDSP01000205_1:40700-41872   -            391 664730at2759         -            349   4.2e-54  180.5   0.0   1   2   2.2e-50   5.4e-48  160.4   0.0     3   247     1   276     1   289 0.85 -
BDSP01000205_1:40700-41872   -            391 664730at2759         -            349   4.2e-54  180.5   0.0   2   2   7.6e-07   0.00019   17.2   0.0   255   324   315   385   292   389 0.91 -
BDSP01000252_1:422469-423692 -            408 664730at2759         -            349   5.3e-30  101.2   0.1   1   1   3.6e-32   8.7e-30  100.5   0.1     3   215    29   260    27   315 0.84 -
BDSP01000036_1:190926-192149 -            408 664730at2759         -            349   2.5e-29   99.0   0.1   1   1   1.7e-31   4.1e-29   98.3   0.1     3   215    29   260    27   317 0.84 -
BDSP01000111_1:627601-628647 -            349 664730at2759         -            349    0.0075   11.9   0.0   1   1   0.00016     0.038    9.6   0.0    69   192    53   195    45   218 0.65 -
#
# Program:         hmmsearch
# Version:         3.1b2 (February 2015)
# Pipeline mode:   SEARCH
# Query file:      /Users/aholzer/ownCloud/PhD/Publications/2021 Liavero-Pasquina et al./analysis/TPP_aptamer_search/busco_downloads/lineages/eukaryota_odb10/hmms/664730at2759.hmm
# Target file:     /Users/aholzer/ownCloud/PhD/Publications/2021 Liavero-Pasquina et al./analysis/TPP_aptamer_search/genomes/BUSCO_eukaryota_obd10/Fistulifera_solaris_Fsol_1.0/run_eukaryota_odb10/metaeuk_output/initial_results/GCA_002217885.1_Fsol_1.0_genomic.fna.modified.fas
# Option settings: hmmsearch --domtblout /Users/aholzer/ownCloud/PhD/Publications/2021 Liavero-Pasquina et al./analysis/TPP_aptamer_search/genomes/BUSCO_eukaryota_obd10/Fistulifera_solaris_Fsol_1.0/run_eukaryota_odb10/hmmer_output/initial_run_results/664730at2759.out --cpu 1 /Users/aholzer/ownCloud/PhD/Publications/2021 Liavero-Pasquina et al./analysis/TPP_aptamer_search/busco_downloads/lineages/eukaryota_odb10/hmms/664730at2759.hmm /Users/aholzer/ownCloud/PhD/Publications/2021 Liavero-Pasquina et al./analysis/TPP_aptamer_search/genomes/BUSCO_eukaryota_obd10/Fistulifera_solaris_Fsol_1.0/run_eukaryota_odb10/metaeuk_output/initial_results/GCA_002217885.1_Fsol_1.0_genomic.fna.modified.fas 
# Current dir:     /Users/aholzer/ownCloud/PhD/Publications/2021 Liavero-Pasquina et al./analysis/TPP_aptamer_search
# Date:            Sun Apr 18 09:14:56 2021
# [ok]
