#                                                                                --- full sequence --- -------------- this domain -------------   hmm coord   ali coord   env coord
# target name            accession   tlen query name           accession   qlen   E-value  score  bias   #  of  c-Evalue  i-Evalue  score  bias  from    to  from    to  from    to  acc description of target
#    ------------------- ---------- ----- -------------------- ---------- ----- --------- ------ ----- --- --- --------- --------- ------ ----- ----- ----- ----- ----- ----- ----- ---- ---------------------
QAXC01005708_1:2-1081    -            360 1173229at2759        -            211   6.2e-06   21.2   0.3   1   3   1.8e-05    0.0042   12.0   0.0    62    82    32    52    19    56 0.89 -
QAXC01005708_1:2-1081    -            360 1173229at2759        -            211   6.2e-06   21.2   0.3   2   3      0.22        52   -1.4   0.0    65    84   288   307   281   322 0.79 -
QAXC01005708_1:2-1081    -            360 1173229at2759        -            211   6.2e-06   21.2   0.3   3   3    0.0014      0.34    5.8   0.0    62    81   326   345   305   351 0.76 -
QAXC01003866_1:2403-2651 -             83 1173229at2759        -            211   6.1e-05   18.0   0.0   1   2    0.0032      0.76    4.6   0.0    64   108    17    33     2    49 0.64 -
QAXC01003866_1:2403-2651 -             83 1173229at2759        -            211   6.1e-05   18.0   0.0   2   2   1.5e-05    0.0036   12.2   0.0    52    81    51    80    38    83 0.86 -
QAXC01005325_1:3975-4982 -            336 1173229at2759        -            211   0.00035   15.5   0.0   1   5    0.0042      0.99    4.2   0.0    25    54    16    46     9    72 0.80 -
QAXC01005325_1:3975-4982 -            336 1173229at2759        -            211   0.00035   15.5   0.0   2   5      0.17        41   -1.0   0.0   190   204   116   130    74   135 0.72 -
QAXC01005325_1:3975-4982 -            336 1173229at2759        -            211   0.00035   15.5   0.0   3   5    0.0018      0.42    5.5   0.0    21    69   176   225   173   231 0.83 -
QAXC01005325_1:3975-4982 -            336 1173229at2759        -            211   0.00035   15.5   0.0   4   5       0.5   1.2e+02   -2.6   0.0   193   206   243   256   230   257 0.79 -
QAXC01005325_1:3975-4982 -            336 1173229at2759        -            211   0.00035   15.5   0.0   5   5      0.18        44   -1.1   0.0    20    53   298   332   293   335 0.78 -
#
# Program:         hmmsearch
# Version:         3.1b2 (February 2015)
# Pipeline mode:   SEARCH
# Query file:      /Users/aholzer/ownCloud/PhD/Publications/2021 Liavero-Pasquina et al./analysis/TPP_aptamer_search/busco_downloads/lineages/eukaryota_odb10/hmms/1173229at2759.hmm
# Target file:     /Users/aholzer/ownCloud/PhD/Publications/2021 Liavero-Pasquina et al./analysis/TPP_aptamer_search/genomes/BUSCO_eukaryota_obd10/Halamphora_sp_AAB/run_eukaryota_odb10/metaeuk_output/rerun_results/GCA_004335955.1_ASM433595v1_genomic.fna.modified.fas
# Option settings: hmmsearch --domtblout /Users/aholzer/ownCloud/PhD/Publications/2021 Liavero-Pasquina et al./analysis/TPP_aptamer_search/genomes/BUSCO_eukaryota_obd10/Halamphora_sp_AAB/run_eukaryota_odb10/hmmer_output/rerun_results/1173229at2759.out --cpu 1 /Users/aholzer/ownCloud/PhD/Publications/2021 Liavero-Pasquina et al./analysis/TPP_aptamer_search/busco_downloads/lineages/eukaryota_odb10/hmms/1173229at2759.hmm /Users/aholzer/ownCloud/PhD/Publications/2021 Liavero-Pasquina et al./analysis/TPP_aptamer_search/genomes/BUSCO_eukaryota_obd10/Halamphora_sp_AAB/run_eukaryota_odb10/metaeuk_output/rerun_results/GCA_004335955.1_ASM433595v1_genomic.fna.modified.fas 
# Current dir:     /Users/aholzer/ownCloud/PhD/Publications/2021 Liavero-Pasquina et al./analysis/TPP_aptamer_search
# Date:            Sun Apr 18 08:51:14 2021
# [ok]
