#                                                                                --- full sequence --- -------------- this domain -------------   hmm coord   ali coord   env coord
# target name            accession   tlen query name           accession   qlen   E-value  score  bias   #  of  c-Evalue  i-Evalue  score  bias  from    to  from    to  from    to  acc description of target
#    ------------------- ---------- ----- -------------------- ---------- ----- --------- ------ ----- --- --- --------- --------- ------ ----- ----- ----- ----- ----- ----- ----- ---- ---------------------
NKIB01007554_1:2089-3775 -            526 392369at2759         -            352  1.7e-113  375.4   0.0   1   3   6.6e-14   1.7e-11   40.0   0.0     6    48    47    95    43   109 0.84 -
NKIB01007554_1:2089-3775 -            526 392369at2759         -            352  1.7e-113  375.4   0.0   2   3   5.8e-81   1.5e-78  260.5   0.0    50   287   131   422   118   435 0.81 -
NKIB01007554_1:2089-3775 -            526 392369at2759         -            352  1.7e-113  375.4   0.0   3   3   2.4e-21   6.2e-19   64.4   0.0   280   352   442   526   439   526 0.89 -
NKIB01012699_1:2264-2827 -            188 392369at2759         -            352    0.0003   16.2   0.1   1   2     0.032       8.3    1.5   0.0    35    47     2    14     1    26 0.85 -
NKIB01012699_1:2264-2827 -            188 392369at2759         -            352    0.0003   16.2   0.1   2   2   1.2e-05     0.003   12.8   0.0    76   111    88   123    72   165 0.78 -
NKIB01002940_1:5003-5554 -            184 392369at2759         -            352   0.00055   15.3   0.0   1   2     0.011       2.9    3.0   0.0    19    48    58    88    37   102 0.66 -
NKIB01002940_1:5003-5554 -            184 392369at2759         -            352   0.00055   15.3   0.0   2   2   7.1e-05     0.018   10.3   0.0    75   104   150   179   142   182 0.83 -
NKIB01012301_1:1973-2560 -            196 392369at2759         -            352     0.002   13.4   0.2   1   2      0.02       5.1    2.2   0.0     4    48    44    90    41   101 0.67 -
NKIB01012301_1:1973-2560 -            196 392369at2759         -            352     0.002   13.4   0.2   2   2   0.00015     0.037    9.3   0.0    58    96   140   183   130   191 0.80 -
NKIB01003915_1:6747-6950 -             68 392369at2759         -            352     0.012   10.9   0.0   1   1   4.5e-05     0.012   10.9   0.0    73   104    25    56    14    65 0.78 -
#
# Program:         hmmsearch
# Version:         3.1b2 (February 2015)
# Pipeline mode:   SEARCH
# Query file:      /Users/aholzer/ownCloud/PhD/Publications/2021 Liavero-Pasquina et al./analysis/TPP_aptamer_search/busco_downloads/lineages/eukaryota_odb10/hmms/392369at2759.hmm
# Target file:     /Users/aholzer/ownCloud/PhD/Publications/2021 Liavero-Pasquina et al./analysis/TPP_aptamer_search/genomes/BUSCO_eukaryota_obd10/Asterionella_formosa_ASM225602v1/run_eukaryota_odb10/metaeuk_output/initial_results/GCA_002256025.1_ASM225602v1_genomic.fna.modified.fas
# Option settings: hmmsearch --domtblout /Users/aholzer/ownCloud/PhD/Publications/2021 Liavero-Pasquina et al./analysis/TPP_aptamer_search/genomes/BUSCO_eukaryota_obd10/Asterionella_formosa_ASM225602v1/run_eukaryota_odb10/hmmer_output/initial_run_results/392369at2759.out --cpu 1 /Users/aholzer/ownCloud/PhD/Publications/2021 Liavero-Pasquina et al./analysis/TPP_aptamer_search/busco_downloads/lineages/eukaryota_odb10/hmms/392369at2759.hmm /Users/aholzer/ownCloud/PhD/Publications/2021 Liavero-Pasquina et al./analysis/TPP_aptamer_search/genomes/BUSCO_eukaryota_obd10/Asterionella_formosa_ASM225602v1/run_eukaryota_odb10/metaeuk_output/initial_results/GCA_002256025.1_ASM225602v1_genomic.fna.modified.fas 
# Current dir:     /Users/aholzer/ownCloud/PhD/Publications/2021 Liavero-Pasquina et al./analysis/TPP_aptamer_search
# Date:            Mon Apr 19 04:24:37 2021
# [ok]
