[name]
unknown

[dist]
# distance from previous block
# <min> <max>
5	89

[block]
# block no. 0 follows, 53 sequences, length 11
# corresponding to MSA columns:
# 106-114,117,118
name=unknown_A
#
# <colnr> <probs for GDERKNQSTAVLIFYWHMCP>
#	G	D	E	R	K	N	Q	S	T	A	V	L	I	F	Y	W	H	M	C	P
0	0.11038	0.01026	0.01872	0.01498	0.06896	0.00996	0.39732	0.01405	0.01095	0.07983	0.05702	0.04640	0.09925	0.00599	0.00556	0.00160	0.03355	0.00602	0.00320	0.00600
1	0.05864	0.31208	0.09012	0.01103	0.03422	0.15528	0.07204	0.06433	0.07585	0.01477	0.03009	0.01086	0.00830	0.00600	0.03603	0.00154	0.00621	0.00364	0.00271	0.00625
2	0.00726	0.00560	0.00758	0.00735	0.00791	0.00646	0.00547	0.00843	0.00803	0.01139	0.05193	0.06616	0.05539	0.22301	0.37496	0.00515	0.11424	0.00630	0.02333	0.00404
3	0.00991	0.00850	0.00991	0.00708	0.01133	0.00637	0.00566	0.01203	0.00991	0.01557	0.00850	0.00991	0.00708	0.00354	0.00354	0.00071	0.00354	0.00283	0.00283	0.86124
4	0.01027	0.14909	0.62047	0.01246	0.01870	0.01238	0.01536	0.01585	0.07453	0.01493	0.00917	0.01035	0.00677	0.00463	0.00434	0.00145	0.00649	0.00353	0.00226	0.00696
5	0.01250	0.02818	0.18949	0.01195	0.05210	0.04875	0.04663	0.09084	0.16177	0.10227	0.08256	0.01573	0.03337	0.00623	0.00602	0.00157	0.09473	0.00489	0.00366	0.00678
6	0.00847	0.00600	0.00665	0.00641	0.00776	0.03246	0.00469	0.03497	0.03910	0.07487	0.18211	0.19339	0.21911	0.09305	0.02209	0.00202	0.00333	0.00881	0.05008	0.00463
7	0.01155	0.22221	0.23729	0.01108	0.01548	0.01321	0.07436	0.07302	0.20940	0.01621	0.01228	0.01340	0.02638	0.03786	0.00517	0.00154	0.00549	0.00427	0.00307	0.00675
8	0.24536	0.04630	0.17491	0.00950	0.01302	0.08099	0.00900	0.09692	0.07555	0.06281	0.01047	0.02891	0.00837	0.04404	0.00555	0.00163	0.04401	0.00394	0.03255	0.00616
9	0.01216	0.01008	0.02975	0.07882	0.04289	0.01102	0.00845	0.21209	0.27308	0.03252	0.09645	0.01734	0.01447	0.02504	0.08417	0.00221	0.03338	0.00523	0.00416	0.00670
10	0.00580	0.00424	0.00546	0.00644	0.00688	0.00390	0.00434	0.00668	0.00935	0.01228	0.02892	0.73744	0.12141	0.01464	0.00605	0.00190	0.00273	0.01318	0.00444	0.00390

[dist]
# distance from previous block
# <min> <max>
2	16

[block]
# block no. 1 follows, 53 sequences, length 9
# corresponding to MSA columns:
# 135-143
name=unknown_B
#
# <colnr> <probs for GDERKNQSTAVLIFYWHMCP>
#	G	D	E	R	K	N	Q	S	T	A	V	L	I	F	Y	W	H	M	C	P
0	0.06513	0.00829	0.03107	0.04400	0.01179	0.00894	0.04788	0.03445	0.11675	0.03688	0.07912	0.09558	0.03475	0.00807	0.00682	0.00167	0.14862	0.08111	0.11820	0.02087
1	0.08903	0.00936	0.01099	0.00894	0.01221	0.00947	0.00734	0.19340	0.10973	0.38248	0.01767	0.01853	0.03698	0.00658	0.00482	0.00155	0.00424	0.06416	0.00512	0.00740
2	0.01014	0.00926	0.04463	0.06344	0.09852	0.03086	0.00802	0.08054	0.22591	0.01785	0.16563	0.12493	0.05955	0.00791	0.00511	0.00157	0.00402	0.00684	0.02918	0.00607
3	0.00973	0.00643	0.00692	0.00656	0.00814	0.00679	0.00491	0.04169	0.21779	0.04370	0.02000	0.11852	0.06700	0.06088	0.00569	0.00163	0.00304	0.00635	0.35890	0.00533
4	0.00851	0.00510	0.00599	0.00597	0.00718	0.00483	0.00439	0.01053	0.04135	0.08512	0.11803	0.21512	0.13715	0.06328	0.00626	0.00174	0.00284	0.03352	0.23846	0.00461
5	0.01405	0.00892	0.01377	0.15528	0.12014	0.00899	0.08858	0.03730	0.07316	0.28561	0.03047	0.01694	0.01132	0.10550	0.00726	0.00190	0.00513	0.00510	0.00393	0.00663
6	0.00827	0.00686	0.00634	0.00619	0.00654	0.10261	0.00382	0.00850	0.00779	0.00965	0.01402	0.02792	0.01575	0.69256	0.06080	0.00437	0.00552	0.00639	0.00283	0.00328
7	0.01629	0.07170	0.01436	0.01172	0.01420	0.50028	0.00918	0.12633	0.06452	0.01478	0.00857	0.00978	0.00700	0.00550	0.00571	0.00138	0.10630	0.00350	0.00287	0.00604
8	0.11346	0.00910	0.01292	0.35627	0.09069	0.01026	0.01029	0.01252	0.00928	0.01431	0.00802	0.01110	0.00648	0.00489	0.00573	0.00143	0.11465	0.00371	0.00240	0.20248

[dist]
# distance from previous block
# <min> <max>
2	6

[block]
# block no. 2 follows, 53 sequences, length 23
# corresponding to MSA columns:
# 151-173
name=unknown_C
#
# <colnr> <probs for GDERKNQSTAVLIFYWHMCP>
#	G	D	E	R	K	N	Q	S	T	A	V	L	I	F	Y	W	H	M	C	P
0	0.01260	0.27827	0.01728	0.01035	0.01353	0.06446	0.07340	0.07481	0.28921	0.01611	0.01221	0.01284	0.00974	0.00720	0.05354	0.00177	0.03852	0.00421	0.00334	0.00663
1	0.00630	0.00459	0.00627	0.00683	0.00741	0.00464	0.00489	0.00753	0.00913	0.01245	0.09156	0.43450	0.05390	0.05670	0.24390	0.00370	0.00579	0.03199	0.00389	0.00403
2	0.00594	0.00428	0.00563	0.00651	0.00694	0.00397	0.00442	0.00697	0.00978	0.01313	0.12785	0.70096	0.05746	0.01421	0.00603	0.00187	0.00269	0.01283	0.00454	0.00397
3	0.02144	0.00813	0.01109	0.00850	0.01220	0.00702	0.00702	0.02329	0.01368	0.80552	0.01886	0.01627	0.01183	0.00592	0.00481	0.00148	0.00407	0.00481	0.00592	0.00813
4	0.01315	0.00802	0.00958	0.00801	0.01047	0.00803	0.00635	0.20522	0.06260	0.20129	0.30147	0.06163	0.06751	0.00806	0.00521	0.00151	0.00354	0.00681	0.00518	0.00636
5	0.86579	0.00924	0.00702	0.00629	0.00924	0.01072	0.00518	0.01405	0.00813	0.02144	0.00666	0.00776	0.00518	0.00444	0.00296	0.00148	0.00370	0.00259	0.00296	0.00518
6	0.00936	0.00702	0.00889	0.22948	0.06203	0.03948	0.00732	0.01238	0.05565	0.01551	0.01415	0.09128	0.01206	0.00618	0.00420	0.00137	0.00397	0.00524	0.40937	0.00505
7	0.06682	0.01220	0.01127	0.03715	0.01288	0.19923	0.00767	0.17121	0.05475	0.17565	0.10700	0.07692	0.01465	0.00675	0.00502	0.00147	0.02345	0.00529	0.00423	0.00640
8	0.06470	0.65842	0.02236	0.00913	0.03143	0.08986	0.00834	0.01462	0.00989	0.01202	0.00675	0.00797	0.00612	0.00436	0.00372	0.00112	0.03830	0.00271	0.00215	0.00602
9	0.86579	0.00924	0.00702	0.00629	0.00924	0.01072	0.00518	0.01405	0.00813	0.02144	0.00666	0.00776	0.00518	0.00444	0.00296	0.00148	0.00370	0.00259	0.00296	0.00518
10	0.02406	0.05944	0.01270	0.25065	0.01818	0.02112	0.00910	0.16099	0.18899	0.06850	0.03897	0.01540	0.02837	0.00696	0.03654	0.00174	0.00519	0.00473	0.04194	0.00644
11	0.00743	0.00496	0.00571	0.00550	0.00693	0.00442	0.00413	0.00914	0.01170	0.06346	0.28735	0.08308	0.35040	0.01023	0.00530	0.00152	0.00246	0.00872	0.12305	0.00449
12	0.00962	0.00673	0.03968	0.00715	0.00901	0.00593	0.00571	0.01298	0.10343	0.14258	0.39839	0.13351	0.07619	0.02018	0.00568	0.00162	0.00302	0.00816	0.00500	0.00541
13	0.00583	0.00477	0.00514	0.00521	0.00661	0.00409	0.00385	0.00715	0.01108	0.01374	0.15427	0.13043	0.60708	0.01208	0.00570	0.00163	0.00244	0.01026	0.00456	0.00409
14	0.00771	0.00444	0.00631	0.00629	0.00655	0.00455	0.00430	0.00687	0.00706	0.00956	0.04665	0.01947	0.03737	0.12824	0.15792	0.53079	0.00559	0.00509	0.00249	0.00274
15	0.01288	0.73359	0.07475	0.00878	0.01296	0.06642	0.00885	0.01465	0.00997	0.01152	0.00681	0.00788	0.00613	0.00417	0.00324	0.00107	0.00545	0.00265	0.00207	0.00616
16	0.00667	0.00470	0.00586	0.00618	0.00668	0.00459	0.00424	0.00761	0.00915	0.01227	0.13588	0.21317	0.07384	0.33866	0.06208	0.00330	0.00420	0.09342	0.00383	0.00367
17	0.02258	0.10799	0.32519	0.01072	0.01476	0.00985	0.05776	0.05900	0.01103	0.01544	0.08690	0.17821	0.01636	0.00765	0.00498	0.00159	0.00527	0.05562	0.00316	0.00591
18	0.01229	0.01047	0.01104	0.00981	0.01258	0.01208	0.00766	0.07442	0.74389	0.02065	0.01894	0.01742	0.01417	0.00644	0.00486	0.00161	0.00388	0.00533	0.00486	0.00760
19	0.01094	0.01078	0.01437	0.49189	0.09143	0.11743	0.03676	0.06296	0.01104	0.01365	0.00972	0.01485	0.00810	0.04366	0.00574	0.00169	0.00642	0.04050	0.00251	0.00559
20	0.55441	0.02345	0.00926	0.08138	0.01241	0.03914	0.00660	0.04623	0.01007	0.16443	0.00928	0.00996	0.00668	0.00480	0.00359	0.00147	0.00427	0.00323	0.00346	0.00588
21	0.00752	0.00538	0.00637	0.00613	0.00766	0.00485	0.00460	0.00961	0.04641	0.06286	0.25288	0.15515	0.30903	0.02697	0.00593	0.00166	0.00275	0.03516	0.00467	0.04440
22	0.01560	0.00703	0.00911	0.00746	0.01025	0.00620	0.00598	0.03939	0.01324	0.48633	0.14992	0.05653	0.15604	0.00797	0.00514	0.00152	0.00347	0.00668	0.00546	0.00666

[dist]
# distance from previous block
# <min> <max>
7	11

[block]
# block no. 3 follows, 53 sequences, length 32
# corresponding to MSA columns:
# 189-220
name=unknown_D
#
# <colnr> <probs for GDERKNQSTAVLIFYWHMCP>
#	G	D	E	R	K	N	Q	S	T	A	V	L	I	F	Y	W	H	M	C	P
0	0.05232	0.00979	0.01442	0.20036	0.14156	0.01153	0.03224	0.07844	0.01057	0.09891	0.01004	0.04440	0.00835	0.00697	0.02564	0.00183	0.23894	0.00464	0.00293	0.00613
1	0.03787	0.06342	0.01330	0.00918	0.01323	0.02721	0.08096	0.09817	0.03034	0.12538	0.01041	0.01119	0.00790	0.00431	0.00405	0.00105	0.00446	0.00357	0.00342	0.45059
2	0.00637	0.00487	0.00584	0.00560	0.00690	0.00434	0.00420	0.00826	0.01260	0.01696	0.53477	0.03933	0.31139	0.01059	0.00564	0.00154	0.00231	0.00915	0.00497	0.00434
3	0.01109	0.00959	0.03650	0.04831	0.01369	0.00992	0.12220	0.07727	0.33019	0.01838	0.01538	0.01700	0.01201	0.05930	0.00588	0.00168	0.00446	0.00513	0.19570	0.00632
4	0.07141	0.01204	0.01270	0.00993	0.01333	0.01331	0.00812	0.64247	0.01993	0.02778	0.01165	0.01247	0.00862	0.03419	0.00521	0.00152	0.00487	0.00430	0.07871	0.00744
5	0.00609	0.00437	0.00561	0.00629	0.00689	0.00404	0.00434	0.00728	0.01020	0.01381	0.18077	0.57568	0.10436	0.01340	0.00588	0.00180	0.00262	0.01201	0.03051	0.00404
6	0.01557	0.04456	0.01239	0.00936	0.01244	0.01214	0.00770	0.49468	0.03751	0.07031	0.04970	0.01399	0.01084	0.00594	0.00483	0.00139	0.02928	0.00452	0.15571	0.00712
7	0.00821	0.00418	0.00616	0.00616	0.00616	0.00418	0.00407	0.00627	0.00627	0.00836	0.00874	0.01562	0.00889	0.06953	0.01905	0.80536	0.00418	0.00433	0.00213	0.00213
8	0.01693	0.01325	0.03227	0.01072	0.01435	0.03862	0.00892	0.65909	0.05667	0.02803	0.06281	0.01322	0.01071	0.00598	0.00482	0.00144	0.00514	0.00458	0.00468	0.00776
9	0.00974	0.00906	0.01474	0.48965	0.14982	0.01003	0.04794	0.01302	0.03237	0.01373	0.00947	0.01342	0.00754	0.00475	0.00466	0.00145	0.00576	0.02205	0.01864	0.12215
10	0.01284	0.24802	0.01502	0.08436	0.01376	0.22507	0.00812	0.06677	0.03904	0.01375	0.00966	0.01171	0.00810	0.00925	0.11898	0.00214	0.00690	0.00365	0.09725	0.00563
11	0.68287	0.02974	0.00858	0.00718	0.01018	0.06272	0.00588	0.09604	0.01008	0.02142	0.00741	0.00843	0.00573	0.00462	0.00325	0.00144	0.00418	0.00284	0.02190	0.00552
12	0.00971	0.00930	0.01430	0.37986	0.05052	0.01177	0.03803	0.01269	0.05974	0.01264	0.00987	0.01373	0.03041	0.02591	0.01937	0.00191	0.28779	0.00459	0.00240	0.00544
13	0.00946	0.00796	0.01238	0.12906	0.25109	0.00873	0.00957	0.04772	0.01988	0.01351	0.01108	0.03488	0.01004	0.05541	0.26221	0.05939	0.03044	0.00489	0.01686	0.00545
14	0.00584	0.00433	0.00545	0.00626	0.00685	0.00395	0.00428	0.00683	0.00974	0.01273	0.07331	0.63023	0.18452	0.01412	0.00599	0.00185	0.00267	0.01262	0.00448	0.00395
15	0.00733	0.00463	0.00618	0.00684	0.00754	0.00428	0.00481	0.00843	0.00998	0.08171	0.08227	0.65033	0.04415	0.01368	0.00597	0.00188	0.00292	0.04814	0.00462	0.00432
16	0.01574	0.01170	0.01268	0.01016	0.01346	0.01293	0.00824	0.51525	0.19768	0.04970	0.08903	0.01539	0.01326	0.00630	0.00488	0.00149	0.00460	0.00499	0.00488	0.00765
17	0.08421	0.01050	0.01188	0.00936	0.01286	0.01096	0.00767	0.34009	0.09436	0.31730	0.01479	0.01382	0.01006	0.00577	0.00461	0.00146	0.00445	0.00447	0.03368	0.00772
18	0.08983	0.01144	0.01236	0.00964	0.01314	0.01235	0.00794	0.53377	0.01880	0.15079	0.01258	0.01246	0.00882	0.00564	0.00451	0.00142	0.00468	0.00425	0.07802	0.00756
19	0.04177	0.01033	0.01504	0.06516	0.03777	0.03460	0.19067	0.04268	0.25165	0.16129	0.03378	0.06814	0.01268	0.00612	0.00504	0.00158	0.00515	0.00565	0.00408	0.00682
20	0.08593	0.76410	0.02350	0.00802	0.01201	0.01821	0.00792	0.01429	0.00958	0.01212	0.00665	0.00768	0.00605	0.00412	0.00306	0.00106	0.00499	0.00256	0.00212	0.00605
21	0.13355	0.01049	0.00979	0.03532	0.08479	0.20780	0.00693	0.01175	0.00897	0.01209	0.00818	0.01223	0.00747	0.03383	0.01096	0.35857	0.02340	0.00376	0.01599	0.00413
22	0.01442	0.01348	0.01368	0.01446	0.18280	0.18925	0.00958	0.25397	0.10474	0.01928	0.01378	0.02974	0.05402	0.00642	0.00517	0.02281	0.00566	0.03635	0.00365	0.00676
23	0.00832	0.00508	0.00638	0.00612	0.00746	0.00461	0.00456	0.01010	0.01203	0.10839	0.38402	0.18437	0.14674	0.01029	0.00543	0.00157	0.00259	0.00899	0.07823	0.00474
24	0.02315	0.00828	0.00927	0.06115	0.04962	0.03730	0.00663	0.15539	0.08060	0.05993	0.11634	0.04043	0.22145	0.00793	0.00494	0.00148	0.00377	0.00658	0.10002	0.00574
25	0.00659	0.00528	0.00711	0.00709	0.00825	0.00492	0.04907	0.00856	0.04749	0.01402	0.14293	0.39514	0.23066	0.01238	0.00585	0.00177	0.00302	0.04105	0.00446	0.00435
26	0.00825	0.00417	0.00619	0.00619	0.00619	0.00417	0.00410	0.00626	0.00626	0.00834	0.00857	0.01519	0.00866	0.04886	0.01890	0.82706	0.00417	0.00426	0.00211	0.00211
27	0.01302	0.79638	0.02450	0.00837	0.01239	0.05657	0.00823	0.01454	0.00989	0.01127	0.00668	0.00771	0.00613	0.00413	0.00313	0.00103	0.00528	0.00258	0.00206	0.00611
28	0.00631	0.00458	0.00595	0.00622	0.00702	0.00422	0.00443	0.00792	0.01157	0.01593	0.43733	0.36591	0.08067	0.01206	0.00583	0.00169	0.00248	0.01078	0.00487	0.00422
29	0.01129	0.00895	0.02260	0.03384	0.06189	0.04586	0.06530	0.17838	0.01318	0.07758	0.05630	0.32504	0.03146	0.00952	0.00544	0.00167	0.00446	0.03729	0.00419	0.00576
30	0.01484	0.13060	0.01581	0.02617	0.07569	0.03600	0.05914	0.26129	0.19019	0.09653	0.03700	0.01362	0.01059	0.00554	0.00462	0.00143	0.00503	0.00453	0.00407	0.00733
31	0.60542	0.03141	0.00882	0.00782	0.03640	0.01012	0.02845	0.04461	0.00933	0.02944	0.02911	0.08837	0.00950	0.00575	0.00364	0.00151	0.00388	0.01744	0.00323	0.02574

[dist]
# distance from previous block
# <min> <max>
1	32

[block]
# block no. 4 follows, 53 sequences, length 9
# corresponding to MSA columns:
# 253-261
name=unknown_E
#
# <colnr> <probs for GDERKNQSTAVLIFYWHMCP>
#	G	D	E	R	K	N	Q	S	T	A	V	L	I	F	Y	W	H	M	C	P
0	0.00994	0.00746	0.01097	0.18270	0.18278	0.00754	0.00851	0.01236	0.01070	0.06542	0.09898	0.05928	0.04219	0.00612	0.00453	0.00137	0.00412	0.00536	0.18962	0.09006
1	0.00884	0.09757	0.18083	0.06331	0.03986	0.02059	0.00900	0.02939	0.06828	0.01448	0.08399	0.11968	0.18550	0.00902	0.02946	0.00174	0.02275	0.00676	0.00341	0.00553
2	0.08167	0.03943	0.01484	0.16154	0.03731	0.02903	0.14328	0.01573	0.08290	0.14305	0.03499	0.04702	0.01049	0.00636	0.01793	0.00168	0.09263	0.00498	0.02901	0.00612
3	0.01083	0.01249	0.17169	0.26165	0.09030	0.01088	0.01177	0.09560	0.17099	0.01712	0.04010	0.01417	0.01002	0.00536	0.00469	0.00152	0.00541	0.00452	0.05435	0.00653
4	0.00742	0.00593	0.00813	0.00739	0.00884	0.00587	0.06217	0.01001	0.08730	0.01425	0.19715	0.06244	0.22448	0.06193	0.14306	0.07265	0.00496	0.00763	0.00392	0.00447
5	0.00968	0.00909	0.01333	0.52236	0.08847	0.03520	0.01138	0.01368	0.09402	0.01379	0.03485	0.01512	0.04585	0.00532	0.00474	0.00150	0.00559	0.00464	0.00270	0.06869
6	0.00678	0.00448	0.00525	0.00557	0.00574	0.00440	0.00338	0.00721	0.00784	0.01081	0.01836	0.26043	0.02107	0.52899	0.01736	0.00357	0.00390	0.00866	0.07290	0.00331
7	0.17018	0.12169	0.11011	0.06434	0.01612	0.03121	0.14416	0.01425	0.03368	0.01581	0.00843	0.01015	0.00666	0.00419	0.00400	0.00125	0.00531	0.00350	0.00259	0.23237
8	0.10830	0.01051	0.01439	0.07111	0.04142	0.01091	0.12560	0.24362	0.03527	0.22306	0.01266	0.01317	0.00888	0.00597	0.02319	0.00163	0.00533	0.00450	0.03338	0.00710

[dist]
# distance from previous block
# <min> <max>
0	1

[block]
# block no. 5 follows, 53 sequences, length 10
# corresponding to MSA columns:
# 263-272
name=unknown_F
#
# <colnr> <probs for GDERKNQSTAVLIFYWHMCP>
#	G	D	E	R	K	N	Q	S	T	A	V	L	I	F	Y	W	H	M	C	P
0	0.05698	0.00561	0.00640	0.00585	0.00764	0.00496	0.00443	0.00894	0.01162	0.01642	0.35938	0.07762	0.27471	0.00959	0.00521	0.00145	0.00261	0.00818	0.00447	0.12795
1	0.00903	0.00568	0.00783	0.00762	0.00877	0.00573	0.02305	0.03259	0.04901	0.10280	0.01920	0.29526	0.04013	0.03527	0.19014	0.11739	0.00570	0.03639	0.00382	0.00458
2	0.11413	0.00949	0.04061	0.10629	0.18964	0.00948	0.06949	0.09254	0.01142	0.01681	0.06095	0.08738	0.08802	0.03222	0.00565	0.00165	0.01915	0.02007	0.01916	0.00584
3	0.01528	0.00701	0.00909	0.00751	0.01011	0.00641	0.00599	0.04434	0.03873	0.43639	0.22788	0.05511	0.02156	0.00730	0.00495	0.00147	0.00339	0.00617	0.08467	0.00663
4	0.01201	0.08297	0.14958	0.09165	0.02081	0.01236	0.31945	0.15974	0.01284	0.01750	0.01018	0.01318	0.00787	0.00486	0.00494	0.00151	0.00661	0.02814	0.03721	0.00659
5	0.00754	0.00468	0.00607	0.00644	0.00692	0.00456	0.00439	0.00810	0.00855	0.05523	0.01973	0.34263	0.02214	0.26197	0.05751	0.08269	0.00420	0.06631	0.02662	0.00373
6	0.01125	0.03189	0.02588	0.01142	0.01249	0.05012	0.04706	0.05975	0.00945	0.04745	0.00994	0.08721	0.00948	0.00856	0.02757	0.00197	0.48527	0.00509	0.05270	0.00547
7	0.01068	0.08542	0.01159	0.00742	0.01163	0.00805	0.00611	0.05981	0.01066	0.01607	0.00851	0.00980	0.00706	0.00373	0.00357	0.00078	0.00379	0.00290	0.00288	0.72954
8	0.16768	0.00851	0.01193	0.34181	0.05155	0.00953	0.02696	0.02759	0.04172	0.15185	0.01185	0.01466	0.02396	0.00661	0.02482	0.03832	0.00530	0.02631	0.00322	0.00581
9	0.03510	0.16432	0.01535	0.01212	0.09751	0.26845	0.00882	0.15235	0.03189	0.01584	0.00932	0.03011	0.00811	0.05102	0.00563	0.00146	0.02965	0.00385	0.00294	0.05614

[dist]
# distance from previous block
# <min> <max>
2	4

[block]
# block no. 6 follows, 53 sequences, length 9
# corresponding to MSA columns:
# 277-285
name=unknown_G
#
# <colnr> <probs for GDERKNQSTAVLIFYWHMCP>
#	G	D	E	R	K	N	Q	S	T	A	V	L	I	F	Y	W	H	M	C	P
0	0.00834	0.00736	0.01210	0.07358	0.13066	0.00724	0.12804	0.01072	0.03227	0.01425	0.08475	0.21698	0.12342	0.00956	0.00598	0.02914	0.00441	0.07355	0.02255	0.00511
1	0.00896	0.00503	0.00597	0.00579	0.00680	0.00472	0.00400	0.01007	0.00970	0.12115	0.07361	0.17049	0.09997	0.27504	0.01120	0.00252	0.00337	0.00779	0.16951	0.00431
2	0.00696	0.00477	0.00607	0.00637	0.00724	0.00447	0.00454	0.00877	0.03480	0.04077	0.28371	0.42479	0.08516	0.01207	0.00571	0.00171	0.00262	0.01076	0.04433	0.00438
3	0.01209	0.00597	0.00793	0.00694	0.00890	0.00535	0.00537	0.01403	0.01292	0.30514	0.39114	0.12303	0.03005	0.00882	0.00530	0.00153	0.00298	0.00767	0.03910	0.00575
4	0.01221	0.00732	0.00833	0.00733	0.00940	0.00754	0.00570	0.15336	0.10860	0.13858	0.08436	0.13359	0.01730	0.00746	0.00460	0.00144	0.00332	0.00626	0.27732	0.00597
5	0.00854	0.00682	0.00973	0.00821	0.01051	0.00583	0.09286	0.01016	0.00976	0.04728	0.01841	0.33500	0.05465	0.06941	0.00646	0.00166	0.00380	0.00809	0.00363	0.28920
6	0.00908	0.00654	0.00913	0.06770	0.01113	0.00668	0.05687	0.04219	0.05990	0.06563	0.08715	0.10829	0.03322	0.24429	0.03179	0.00274	0.00466	0.14442	0.00385	0.00472
7	0.08868	0.05309	0.22329	0.08025	0.13786	0.06458	0.01167	0.11496	0.03821	0.07527	0.01016	0.01155	0.00760	0.00555	0.02182	0.00157	0.00587	0.00387	0.03740	0.00675
8	0.07612	0.18305	0.07542	0.01223	0.06690	0.05024	0.10088	0.12670	0.01186	0.07437	0.00939	0.01104	0.00742	0.00658	0.04480	0.00172	0.09294	0.00389	0.01790	0.02653

[dist]
# distance from previous block
# <min> <max>
21	106

[block]
# block no. 7 follows, 53 sequences, length 20
# corresponding to MSA columns:
# 397-416
name=unknown_H
#
# <colnr> <probs for GDERKNQSTAVLIFYWHMCP>
#	G	D	E	R	K	N	Q	S	T	A	V	L	I	F	Y	W	H	M	C	P
0	0.06190	0.00870	0.01025	0.00893	0.01137	0.00916	0.01983	0.21657	0.10994	0.11620	0.06748	0.12658	0.01754	0.02346	0.03208	0.00189	0.01215	0.11254	0.00454	0.02887
1	0.01304	0.01138	0.01110	0.00967	0.01232	0.15714	0.02793	0.11424	0.20160	0.08080	0.01711	0.06188	0.05830	0.00864	0.04773	0.00182	0.00537	0.07194	0.00404	0.08395
2	0.09046	0.00812	0.00861	0.00796	0.01013	0.00889	0.00617	0.03805	0.38757	0.03413	0.11302	0.08677	0.11323	0.00817	0.00497	0.00161	0.00337	0.03120	0.03148	0.00610
3	0.01143	0.00665	0.02117	0.00715	0.00922	0.00621	0.00574	0.02635	0.07680	0.20894	0.27918	0.02418	0.02348	0.01014	0.08086	0.00203	0.00403	0.02898	0.13912	0.02836
4	0.07799	0.00844	0.01036	0.00821	0.01159	0.00789	0.00667	0.05978	0.09323	0.48409	0.06402	0.01704	0.03694	0.00605	0.00464	0.00142	0.00387	0.00489	0.00517	0.08772
5	0.01226	0.04157	0.05340	0.07271	0.01330	0.00915	0.04484	0.19639	0.03591	0.11720	0.12750	0.03596	0.12230	0.00708	0.00487	0.00147	0.00423	0.00593	0.08777	0.00618
6	0.00853	0.00529	0.00648	0.00613	0.00654	0.00547	0.00395	0.00882	0.00764	0.08435	0.01458	0.02732	0.01559	0.62634	0.08149	0.03014	0.04828	0.00638	0.00309	0.00359
7	0.04087	0.25231	0.05386	0.00982	0.01323	0.11864	0.00852	0.09802	0.32273	0.01722	0.01241	0.01234	0.00966	0.00535	0.00418	0.00137	0.00511	0.00398	0.00353	0.00684
8	0.01298	0.00924	0.01322	0.19614	0.16396	0.00918	0.00967	0.05501	0.03491	0.18182	0.01130	0.01270	0.00835	0.00481	0.00472	0.00131	0.02547	0.00405	0.01660	0.22457
9	0.01138	0.08431	0.03327	0.14958	0.04627	0.01132	0.00905	0.11604	0.13412	0.03109	0.01163	0.03865	0.00955	0.00769	0.05522	0.00185	0.10433	0.00449	0.05356	0.08659
10	0.77186	0.00944	0.00760	0.00660	0.00967	0.01073	0.00543	0.05846	0.00905	0.02164	0.00703	0.00809	0.00545	0.00446	0.00309	0.00144	0.00378	0.00270	0.00306	0.05041
11	0.01380	0.23730	0.14640	0.05994	0.12130	0.10130	0.02484	0.14006	0.02453	0.06401	0.00922	0.01043	0.00715	0.00478	0.00437	0.00134	0.01594	0.00363	0.00286	0.00682
12	0.00906	0.00682	0.00952	0.04043	0.01035	0.00812	0.00702	0.01035	0.00864	0.08615	0.01610	0.18282	0.05591	0.06439	0.22606	0.00360	0.23976	0.00688	0.00322	0.00478
13	0.00662	0.00492	0.00549	0.00544	0.00691	0.00424	0.00404	0.00799	0.01126	0.05203	0.17201	0.14020	0.53830	0.01177	0.00566	0.00163	0.00252	0.01002	0.00465	0.00429
14	0.00630	0.00482	0.00600	0.00612	0.00706	0.00476	0.00445	0.00752	0.00923	0.01208	0.07267	0.13042	0.29440	0.13469	0.27326	0.00406	0.00617	0.00837	0.00365	0.00396
15	0.01193	0.00750	0.00902	0.00799	0.01023	0.00772	0.00623	0.03082	0.26346	0.20233	0.18194	0.07053	0.07422	0.01066	0.08111	0.00215	0.00426	0.00668	0.00492	0.00631
16	0.74110	0.00920	0.00781	0.00683	0.00970	0.01058	0.00563	0.01478	0.00861	0.09462	0.00778	0.00871	0.00586	0.00478	0.00381	0.00151	0.04715	0.00288	0.00319	0.00546
17	0.01526	0.01381	0.01177	0.01036	0.01317	0.25267	0.00803	0.04320	0.42355	0.13322	0.01552	0.01466	0.01147	0.00591	0.00469	0.00148	0.00532	0.00459	0.00429	0.00705
18	0.05500	0.01210	0.01259	0.01072	0.03922	0.09766	0.00846	0.36749	0.05423	0.19546	0.01404	0.01636	0.01071	0.00632	0.00483	0.00150	0.00515	0.07624	0.00459	0.00732
19	0.01190	0.01230	0.06024	0.12219	0.58286	0.04277	0.03051	0.05171	0.01135	0.01572	0.00898	0.01173	0.00731	0.00443	0.00473	0.00144	0.00598	0.00420	0.00244	0.00719

[dist]
# distance from previous block
# <min> <max>
0	2

[block]
# block no. 8 follows, 53 sequences, length 9
# corresponding to MSA columns:
# 419-427
name=unknown_I
#
# <colnr> <probs for GDERKNQSTAVLIFYWHMCP>
#	G	D	E	R	K	N	Q	S	T	A	V	L	I	F	Y	W	H	M	C	P
0	0.86579	0.00924	0.00702	0.00629	0.00924	0.01072	0.00518	0.01405	0.00813	0.02144	0.00666	0.00776	0.00518	0.00444	0.00296	0.00148	0.00370	0.00259	0.00296	0.00518
1	0.01082	0.01038	0.10399	0.07405	0.26832	0.00921	0.01074	0.04846	0.05015	0.05134	0.01154	0.05263	0.01028	0.00829	0.00816	0.17811	0.03465	0.05018	0.00286	0.00583
2	0.00588	0.00456	0.00536	0.00577	0.00675	0.00404	0.00410	0.00709	0.01055	0.01352	0.14815	0.37150	0.36971	0.01296	0.00584	0.00173	0.00254	0.01134	0.00456	0.00404
3	0.00986	0.06236	0.00985	0.00925	0.04590	0.14172	0.00656	0.03906	0.03842	0.03399	0.02038	0.43478	0.06563	0.01072	0.00588	0.00169	0.04605	0.00915	0.00380	0.00495
4	0.00700	0.00494	0.00601	0.00579	0.00702	0.00444	0.00426	0.00870	0.01206	0.04834	0.45228	0.09560	0.25020	0.06383	0.00685	0.00177	0.00257	0.00914	0.00485	0.00438
5	0.00659	0.00475	0.00570	0.00586	0.00675	0.00442	0.00410	0.00767	0.00983	0.03277	0.13113	0.23378	0.26980	0.17254	0.07998	0.00279	0.00386	0.00960	0.00412	0.00396
6	0.01303	0.35106	0.11948	0.05226	0.18924	0.07751	0.01123	0.10670	0.01183	0.01503	0.00813	0.00966	0.00669	0.00448	0.00400	0.00126	0.00583	0.00338	0.00247	0.00672
7	0.01259	0.00824	0.00961	0.00825	0.01060	0.00871	0.00647	0.08416	0.25118	0.17279	0.09665	0.02036	0.05180	0.06162	0.04538	0.00200	0.03947	0.00560	0.06587	0.03863
8	0.01154	0.08065	0.10614	0.08743	0.22063	0.04408	0.04141	0.05074	0.05640	0.04137	0.03069	0.01486	0.03598	0.00571	0.00578	0.00150	0.08763	0.03321	0.00287	0.04136

[dist]
# distance from previous block
# <min> <max>
3	14

[block]
# block no. 9 follows, 53 sequences, length 6
# corresponding to MSA columns:
# 445-450
name=unknown_J
#
# <colnr> <probs for GDERKNQSTAVLIFYWHMCP>
#	G	D	E	R	K	N	Q	S	T	A	V	L	I	F	Y	W	H	M	C	P
0	0.00703	0.00508	0.00607	0.00609	0.00728	0.00483	0.00457	0.00955	0.05968	0.01647	0.34416	0.15434	0.18632	0.01051	0.00544	0.00159	0.00259	0.05561	0.10829	0.00450
1	0.00792	0.00662	0.00896	0.12014	0.08421	0.00683	0.00693	0.05457	0.01158	0.01536	0.20719	0.14476	0.24822	0.00970	0.00593	0.00163	0.04219	0.00830	0.00403	0.00492
2	0.06408	0.07080	0.01281	0.05018	0.01318	0.00953	0.04894	0.01773	0.05288	0.37344	0.01404	0.01500	0.01022	0.03980	0.08938	0.00229	0.10037	0.00460	0.00412	0.00662
3	0.01283	0.01006	0.04288	0.08416	0.03879	0.01020	0.00825	0.35723	0.01596	0.04957	0.11776	0.06084	0.07468	0.03170	0.00621	0.03726	0.00458	0.02648	0.00423	0.00631
4	0.00870	0.02714	0.05360	0.00791	0.03824	0.00679	0.00595	0.01150	0.09307	0.05647	0.17520	0.09006	0.08344	0.21137	0.04105	0.00255	0.03565	0.00711	0.03933	0.00486
5	0.01129	0.00973	0.01560	0.25818	0.31808	0.01008	0.04262	0.05289	0.01104	0.06130	0.01051	0.05888	0.00880	0.00510	0.00473	0.00143	0.00545	0.00471	0.00280	0.10678

[dist]
# distance from previous block
# <min> <max>
3	8

[block]
# block no. 10 follows, 53 sequences, length 32
# corresponding to MSA columns:
# 459-468,470-491
name=unknown_K
#
# <colnr> <probs for GDERKNQSTAVLIFYWHMCP>
#	G	D	E	R	K	N	Q	S	T	A	V	L	I	F	Y	W	H	M	C	P
0	0.18481	0.01088	0.01168	0.01024	0.04009	0.05787	0.04645	0.19212	0.20571	0.08301	0.03981	0.07224	0.01215	0.00629	0.00458	0.00153	0.00456	0.00508	0.00418	0.00672
1	0.08400	0.00851	0.01019	0.04650	0.01189	0.05548	0.04541	0.05120	0.03628	0.23891	0.21715	0.02072	0.04105	0.03677	0.00551	0.00155	0.00409	0.00564	0.03069	0.04845
2	0.00612	0.00485	0.00552	0.00547	0.00683	0.00424	0.00411	0.00772	0.01175	0.01515	0.31369	0.07890	0.47128	0.01144	0.00570	0.00161	0.00244	0.03424	0.00473	0.00421
3	0.01088	0.00995	0.01552	0.11429	0.47315	0.01034	0.01188	0.05063	0.08847	0.01605	0.03606	0.06432	0.06573	0.00595	0.00492	0.00151	0.00506	0.00546	0.00305	0.00678
4	0.04093	0.03976	0.04591	0.01177	0.01492	0.09537	0.14364	0.25676	0.06734	0.03100	0.01196	0.06495	0.01006	0.02712	0.08823	0.00221	0.03303	0.00508	0.00352	0.00645
5	0.00600	0.00473	0.00546	0.00590	0.00705	0.00419	0.00441	0.00726	0.01049	0.01309	0.06348	0.27202	0.45658	0.01299	0.00590	0.00178	0.00277	0.10739	0.00446	0.00405
6	0.00976	0.04980	0.27309	0.21783	0.01956	0.00968	0.03997	0.04697	0.01107	0.04585	0.08944	0.02922	0.07696	0.00621	0.00483	0.00153	0.00551	0.02606	0.03070	0.00594
7	0.00663	0.00453	0.00547	0.00580	0.00611	0.00439	0.00370	0.00728	0.00863	0.01172	0.10178	0.28051	0.04627	0.42210	0.01507	0.00321	0.00366	0.02823	0.03143	0.00349
8	0.01644	0.14265	0.01410	0.00934	0.01294	0.01212	0.00783	0.23047	0.19022	0.25014	0.01449	0.01361	0.01028	0.00558	0.00447	0.00139	0.00447	0.00434	0.00459	0.05054
9	0.05927	0.01003	0.05687	0.33916	0.04699	0.01032	0.05694	0.08063	0.06501	0.03989	0.03084	0.01628	0.00999	0.00572	0.00507	0.00156	0.02583	0.06625	0.00304	0.07031
10	0.05443	0.06758	0.01519	0.19108	0.14466	0.19104	0.01063	0.20544	0.04427	0.01773	0.00928	0.01100	0.00720	0.00497	0.00447	0.00140	0.00618	0.00386	0.00303	0.00655
11	0.82321	0.00945	0.00739	0.00652	0.00952	0.01093	0.00537	0.05284	0.00885	0.02188	0.00690	0.00795	0.00532	0.00450	0.00305	0.00148	0.00378	0.00267	0.00305	0.00532
12	0.01181	0.09491	0.05404	0.30065	0.08636	0.07475	0.09638	0.11052	0.05738	0.01538	0.00969	0.01268	0.00769	0.04123	0.00552	0.00161	0.00622	0.00430	0.00271	0.00618
13	0.01075	0.13923	0.04658	0.09954	0.03457	0.07817	0.00790	0.04696	0.01884	0.03984	0.01234	0.04513	0.02984	0.08320	0.10537	0.00245	0.06386	0.00474	0.12540	0.00529
14	0.00633	0.00448	0.00553	0.00610	0.00648	0.00426	0.00403	0.00705	0.00889	0.01176	0.06519	0.42147	0.08931	0.28504	0.01210	0.00280	0.00341	0.04818	0.00397	0.00363
15	0.00695	0.00463	0.00600	0.00644	0.00725	0.00423	0.00453	0.00820	0.01058	0.06124	0.20246	0.52523	0.10831	0.01298	0.00587	0.00178	0.00270	0.01161	0.00471	0.00429
16	0.00761	0.00603	0.00698	0.00661	0.00815	0.00601	0.00499	0.01206	0.18641	0.01758	0.41613	0.07777	0.20557	0.00985	0.00549	0.00158	0.00266	0.00852	0.00494	0.00505
17	0.01690	0.02084	0.01294	0.01176	0.01413	0.71008	0.00883	0.05191	0.01373	0.01281	0.03737	0.04840	0.00886	0.00561	0.00446	0.00128	0.00796	0.00383	0.00276	0.00554
18	0.03532	0.01026	0.01148	0.00925	0.01248	0.01090	0.00750	0.31766	0.18493	0.23323	0.01551	0.01473	0.01089	0.00590	0.00461	0.00145	0.00426	0.00465	0.09745	0.00755
19	0.01618	0.01398	0.01639	0.01286	0.01620	0.18410	0.17409	0.21891	0.06006	0.15252	0.01149	0.01226	0.00837	0.00549	0.00578	0.00150	0.07464	0.00446	0.00375	0.00694
20	0.01278	0.83490	0.02505	0.00818	0.01227	0.01891	0.00818	0.01431	0.00971	0.01125	0.00664	0.00767	0.00613	0.00409	0.00307	0.00102	0.00511	0.00256	0.00204	0.00613
21	0.00913	0.00856	0.01421	0.79222	0.03220	0.01066	0.01307	0.01267	0.03694	0.01248	0.00888	0.01292	0.00666	0.00484	0.00478	0.00159	0.00628	0.00429	0.00222	0.00539
22	0.00888	0.00603	0.00693	0.00637	0.00826	0.00564	0.00492	0.01213	0.11740	0.11863	0.23804	0.03580	0.37628	0.00995	0.00545	0.00158	0.00282	0.02482	0.00490	0.00518
23	0.00582	0.00476	0.00514	0.00524	0.00661	0.00408	0.00386	0.00712	0.01101	0.01365	0.14558	0.15076	0.59540	0.01218	0.00571	0.00164	0.00245	0.01037	0.00455	0.00408
24	0.00903	0.00850	0.01434	0.82054	0.03292	0.01062	0.01327	0.01221	0.00956	0.01221	0.00850	0.01274	0.00637	0.00478	0.00478	0.00159	0.00637	0.00425	0.00212	0.00531
25	0.00916	0.00760	0.00992	0.00856	0.01064	0.00781	0.07733	0.06281	0.22833	0.01879	0.35160	0.06313	0.10739	0.00855	0.00539	0.00157	0.00344	0.00757	0.00474	0.00568
26	0.00649	0.00485	0.00639	0.00654	0.00730	0.00507	0.00474	0.00766	0.00834	0.01124	0.02174	0.13638	0.16329	0.18015	0.40200	0.00518	0.00794	0.00755	0.00323	0.00391
27	0.02249	0.22674	0.18949	0.04647	0.07103	0.03815	0.07236	0.09296	0.01128	0.05230	0.00916	0.03399	0.00753	0.00532	0.00562	0.00145	0.10048	0.00401	0.00265	0.00652
28	0.08757	0.00829	0.00800	0.01940	0.00965	0.10722	0.00602	0.07285	0.02178	0.03658	0.08661	0.21873	0.14559	0.01045	0.00583	0.03303	0.00406	0.10945	0.00407	0.00481
29	0.02784	0.07674	0.07157	0.07793	0.13294	0.03209	0.05754	0.03793	0.01846	0.01499	0.01086	0.06421	0.02239	0.00540	0.00481	0.00128	0.03679	0.02742	0.00278	0.27602
30	0.01145	0.19268	0.15892	0.00917	0.01269	0.08803	0.00871	0.03141	0.07655	0.06265	0.02557	0.09130	0.04900	0.05810	0.00564	0.00156	0.00505	0.01756	0.00317	0.09080
31	0.00766	0.03293	0.00782	0.00745	0.03231	0.03029	0.00525	0.00951	0.04062	0.01395	0.12534	0.34726	0.10865	0.04134	0.03203	0.00186	0.00356	0.00907	0.00399	0.13911

[dist]
# distance from previous block
# <min> <max>
0	35

[block]
# block no. 11 follows, 53 sequences, length 25
# corresponding to MSA columns:
# 559-575,583-590
name=unknown_L
#
# <colnr> <probs for GDERKNQSTAVLIFYWHMCP>
#	G	D	E	R	K	N	Q	S	T	A	V	L	I	F	Y	W	H	M	C	P
0	0.15033	0.17764	0.07033	0.00906	0.01268	0.05779	0.01978	0.11350	0.14428	0.07539	0.01289	0.01302	0.05040	0.00535	0.00408	0.00135	0.00473	0.00399	0.00351	0.06989
1	0.14426	0.00950	0.01195	0.01112	0.08758	0.06787	0.11209	0.06429	0.01143	0.07698	0.05214	0.09574	0.14551	0.00750	0.00530	0.03127	0.00462	0.00613	0.00359	0.05111
2	0.01082	0.07394	0.25101	0.02615	0.09472	0.02042	0.05979	0.10624	0.01166	0.01667	0.01225	0.06952	0.01073	0.00618	0.00492	0.00150	0.02723	0.05982	0.13018	0.00625
3	0.00694	0.00525	0.00659	0.00656	0.00782	0.00461	0.00472	0.00830	0.01011	0.01404	0.16224	0.40053	0.06195	0.06758	0.00679	0.00181	0.00302	0.05029	0.00417	0.16670
4	0.00999	0.05798	0.34548	0.12504	0.01821	0.01027	0.03311	0.03102	0.10489	0.03985	0.06021	0.01666	0.08962	0.00587	0.00473	0.00150	0.00551	0.00486	0.00302	0.03215
5	0.00859	0.02125	0.00787	0.00681	0.00894	0.00532	0.00509	0.01011	0.01027	0.07124	0.09587	0.35291	0.06099	0.00948	0.00499	0.00140	0.00311	0.00834	0.00402	0.30339
6	0.00990	0.08325	0.16075	0.01026	0.06855	0.00918	0.00875	0.10530	0.06077	0.01520	0.01724	0.10546	0.08967	0.10016	0.00816	0.06559	0.00477	0.06819	0.00334	0.00551
7	0.01017	0.01018	0.01631	0.21705	0.01969	0.03891	0.17245	0.01250	0.00910	0.01280	0.00856	0.01248	0.00723	0.00827	0.06724	0.00219	0.31636	0.00455	0.04858	0.00540
8	0.01092	0.03908	0.18300	0.15932	0.48466	0.01141	0.01486	0.01434	0.01046	0.01480	0.00875	0.01149	0.00701	0.00440	0.00465	0.00146	0.00607	0.00405	0.00224	0.00704
9	0.00651	0.00454	0.00563	0.00598	0.00629	0.00448	0.00385	0.00715	0.00835	0.01125	0.07618	0.30001	0.04694	0.39688	0.09137	0.00370	0.00455	0.00923	0.00360	0.00351
10	0.01124	0.01326	0.07629	0.01842	0.07971	0.05278	0.53796	0.03834	0.01143	0.01529	0.01107	0.09022	0.00949	0.00522	0.00545	0.00160	0.00725	0.00598	0.00265	0.00633
11	0.01268	0.77994	0.02526	0.00898	0.01312	0.01846	0.06011	0.01438	0.00982	0.01152	0.00685	0.00802	0.00621	0.00409	0.00324	0.00106	0.00531	0.00276	0.00207	0.00615
12	0.01041	0.00783	0.01039	0.06898	0.01256	0.02325	0.05878	0.12061	0.05440	0.07352	0.16853	0.20799	0.02292	0.00912	0.00542	0.00164	0.00411	0.08529	0.00434	0.04991
13	0.00634	0.00487	0.00581	0.00557	0.00688	0.00433	0.00418	0.00821	0.01254	0.01681	0.51638	0.03959	0.32988	0.01065	0.00564	0.00155	0.00232	0.00919	0.00495	0.00433
14	0.01529	0.04622	0.06688	0.01175	0.01475	0.46245	0.04353	0.07584	0.14268	0.01521	0.05199	0.01205	0.00981	0.00541	0.00454	0.00135	0.00698	0.00398	0.00313	0.00617
15	0.01071	0.00988	0.01615	0.47694	0.30734	0.01119	0.01346	0.07044	0.01099	0.01476	0.00889	0.01232	0.00693	0.00466	0.00476	0.00152	0.00604	0.00426	0.00241	0.00633
16	0.01019	0.00841	0.00843	0.00804	0.00985	0.08811	0.00610	0.02492	0.23111	0.07269	0.10686	0.20561	0.14165	0.00973	0.00537	0.00166	0.00375	0.04742	0.00455	0.00556
17	0.01306	0.01028	0.01574	0.01212	0.01544	0.01036	0.21051	0.11359	0.09205	0.13849	0.01317	0.05633	0.01066	0.00608	0.00617	0.00152	0.09617	0.03289	0.00371	0.14166
18	0.00830	0.00415	0.00623	0.00623	0.00623	0.00415	0.00415	0.00623	0.00623	0.00830	0.00830	0.01453	0.00830	0.01660	0.01868	0.86094	0.00415	0.00415	0.00208	0.00208
19	0.01360	0.01440	0.01702	0.08005	0.36813	0.23106	0.05322	0.06752	0.03859	0.01518	0.00893	0.01118	0.00729	0.00485	0.00524	0.00143	0.04895	0.00405	0.00261	0.00670
20	0.05960	0.01066	0.01312	0.02747	0.19096	0.09174	0.00928	0.05875	0.03547	0.19102	0.03545	0.01333	0.00960	0.00665	0.00741	0.06521	0.13723	0.00433	0.02633	0.00639
21	0.01013	0.00585	0.00693	0.00596	0.00806	0.00514	0.00463	0.01218	0.01156	0.14069	0.21698	0.02395	0.10794	0.00708	0.00444	0.00126	0.00276	0.00593	0.27190	0.14663
22	0.11561	0.00748	0.00794	0.00689	0.00918	0.00784	0.00546	0.10861	0.11375	0.15351	0.01536	0.03728	0.01165	0.00588	0.00399	0.00135	0.00330	0.00464	0.37427	0.00600
23	0.00730	0.00506	0.00574	0.00567	0.00591	0.00523	0.00339	0.00836	0.06367	0.01014	0.01526	0.02966	0.01689	0.73127	0.06381	0.00457	0.00500	0.00674	0.00302	0.00330
24	0.06310	0.07230	0.01446	0.01040	0.01415	0.04196	0.00866	0.60647	0.01983	0.08511	0.01128	0.01126	0.00803	0.00553	0.00455	0.00140	0.00519	0.00408	0.00449	0.00774

[dist]
# distance from previous block
# <min> <max>
0	3

[block]
# block no. 12 follows, 53 sequences, length 9
# corresponding to MSA columns:
# 594-602
name=unknown_M
#
# <colnr> <probs for GDERKNQSTAVLIFYWHMCP>
#	G	D	E	R	K	N	Q	S	T	A	V	L	I	F	Y	W	H	M	C	P
0	0.64513	0.04694	0.00903	0.00709	0.01027	0.01105	0.00591	0.08956	0.01025	0.11498	0.00857	0.00913	0.00629	0.00472	0.00336	0.00145	0.00396	0.00302	0.00344	0.00586
1	0.01005	0.20246	0.58281	0.01197	0.01794	0.01236	0.01471	0.01441	0.00995	0.01409	0.00929	0.06222	0.00772	0.00511	0.00432	0.00143	0.00636	0.00396	0.00218	0.00665
2	0.00701	0.00482	0.00693	0.00701	0.00756	0.00533	0.00512	0.00779	0.00745	0.01046	0.01342	0.08029	0.01362	0.14713	0.51101	0.14333	0.00948	0.00586	0.00267	0.00369
3	0.00629	0.00474	0.00581	0.00582	0.00692	0.00426	0.00426	0.00799	0.01199	0.01616	0.45094	0.18686	0.24773	0.01138	0.00573	0.00162	0.00240	0.00996	0.00488	0.00426
4	0.00899	0.00608	0.00720	0.00678	0.00830	0.00612	0.00521	0.03912	0.12945	0.05638	0.33340	0.06620	0.05756	0.04022	0.00588	0.00165	0.00296	0.06792	0.14542	0.00514
5	0.29446	0.00849	0.00978	0.00779	0.01124	0.00822	0.00643	0.02030	0.01189	0.55199	0.01491	0.01352	0.00968	0.00544	0.00421	0.00148	0.00395	0.00409	0.00496	0.00718
6	0.41770	0.01012	0.01000	0.00816	0.01150	0.01103	0.00671	0.21569	0.05354	0.19597	0.01124	0.01111	0.00789	0.00520	0.00393	0.00147	0.00419	0.00366	0.00418	0.00671
7	0.01509	0.01049	0.01166	0.00965	0.01269	0.01141	0.00772	0.32434	0.28005	0.13820	0.05236	0.07635	0.01429	0.00689	0.00495	0.00154	0.00426	0.00564	0.00497	0.00746
8	0.04296	0.00812	0.01024	0.00847	0.01095	0.00824	0.00671	0.09485	0.06249	0.39170	0.01600	0.04858	0.01240	0.11191	0.06201	0.02265	0.06525	0.00529	0.00461	0.00657

[dist]
# distance from previous block
# <min> <max>
0	2

[block]
# block no. 13 follows, 53 sequences, length 10
# corresponding to MSA columns:
# 605-614
name=unknown_N
#
# <colnr> <probs for GDERKNQSTAVLIFYWHMCP>
#	G	D	E	R	K	N	Q	S	T	A	V	L	I	F	Y	W	H	M	C	P
0	0.15355	0.04115	0.01274	0.17660	0.05878	0.06727	0.04345	0.06966	0.06985	0.09967	0.01279	0.01835	0.01082	0.00633	0.00492	0.00160	0.02107	0.12193	0.00345	0.00603
1	0.01428	0.05048	0.20767	0.01429	0.05292	0.16823	0.18310	0.10933	0.02869	0.10978	0.01031	0.01146	0.00751	0.00482	0.00475	0.00144	0.00681	0.00418	0.00306	0.00688
2	0.01042	0.01031	0.01428	0.01213	0.01245	0.01401	0.01009	0.01154	0.00752	0.01181	0.00644	0.01042	0.00634	0.00800	0.01475	0.00199	0.76046	0.00408	0.00215	0.07082
3	0.01390	0.16329	0.07228	0.11611	0.10165	0.10873	0.05303	0.05047	0.01195	0.16551	0.06931	0.01331	0.01047	0.00527	0.00476	0.00140	0.02451	0.00426	0.00326	0.00652
4	0.00582	0.00450	0.00531	0.00584	0.00675	0.00400	0.00410	0.00692	0.01023	0.01304	0.09517	0.43628	0.35824	0.01336	0.00587	0.00177	0.00258	0.01172	0.00450	0.00400
5	0.00723	0.00574	0.00917	0.00846	0.00956	0.00634	0.07359	0.00893	0.00790	0.01124	0.01281	0.01982	0.01222	0.13225	0.64434	0.00677	0.01137	0.00539	0.00259	0.00429
6	0.00703	0.00506	0.00561	0.00540	0.00703	0.00433	0.00407	0.00845	0.01147	0.07316	0.17445	0.07925	0.57484	0.01138	0.00561	0.00160	0.00253	0.00961	0.00469	0.00442
7	0.00830	0.00415	0.00623	0.00623	0.00623	0.00415	0.00415	0.00623	0.00623	0.00830	0.00830	0.01453	0.00830	0.01660	0.01868	0.86094	0.00415	0.00415	0.00208	0.00208
8	0.01176	0.31239	0.42968	0.01152	0.01695	0.11449	0.01323	0.01534	0.01039	0.01332	0.00774	0.00905	0.00610	0.00443	0.00399	0.00130	0.00657	0.00313	0.00208	0.00654
9	0.01083	0.00996	0.01601	0.34546	0.23277	0.01097	0.07954	0.08906	0.06657	0.01571	0.01173	0.04696	0.03256	0.00542	0.00493	0.00155	0.00578	0.00502	0.00283	0.00635

[dist]
# distance from previous block
# <min> <max>
0	2

[block]
# block no. 14 follows, 53 sequences, length 12
# corresponding to MSA columns:
# 617-628
name=unknown_O
#
# <colnr> <probs for GDERKNQSTAVLIFYWHMCP>
#	G	D	E	R	K	N	Q	S	T	A	V	L	I	F	Y	W	H	M	C	P
0	0.01225	0.09637	0.01217	0.00902	0.01132	0.01031	0.01890	0.13820	0.06776	0.13121	0.05102	0.02164	0.12255	0.01083	0.09419	0.00227	0.12202	0.05800	0.00395	0.00604
1	0.71729	0.01037	0.00807	0.00707	0.01007	0.07007	0.00576	0.04990	0.00949	0.06510	0.00761	0.00847	0.00576	0.00461	0.00324	0.00146	0.00415	0.00283	0.00317	0.00550
2	0.01430	0.01427	0.01605	0.03831	0.01635	0.20007	0.14908	0.21116	0.10624	0.01819	0.03351	0.01241	0.00902	0.00582	0.00655	0.00155	0.13279	0.00450	0.00334	0.00651
3	0.00654	0.00481	0.00603	0.00680	0.00729	0.00475	0.00458	0.00852	0.08567	0.01265	0.02447	0.66471	0.02843	0.10105	0.00792	0.00220	0.00307	0.01208	0.00431	0.00414
4	0.00954	0.08697	0.00915	0.00678	0.00865	0.00684	0.00540	0.04662	0.03480	0.10236	0.55816	0.02964	0.05925	0.00861	0.00524	0.00146	0.00291	0.00740	0.00496	0.00529
5	0.01182	0.01061	0.01697	0.16135	0.53202	0.01113	0.01306	0.09608	0.01183	0.01673	0.00962	0.01236	0.00774	0.00459	0.00465	0.00143	0.00552	0.00427	0.06118	0.00703
6	0.00828	0.00588	0.00792	0.00715	0.00900	0.00526	0.06252	0.01003	0.01150	0.09846	0.15836	0.03929	0.39152	0.04399	0.00646	0.00179	0.00337	0.11999	0.00451	0.00473
7	0.00582	0.00416	0.00555	0.00666	0.00693	0.00388	0.00444	0.00666	0.00915	0.01220	0.02634	0.82891	0.03161	0.01497	0.00610	0.00194	0.00277	0.01359	0.00444	0.00388
