[name]
unknown

[dist]
# distance from previous block
# <min> <max>
0	443

[block]
# block no. 0 follows, 57 sequences, length 27
# corresponding to MSA columns:
# 452-478
name=unknown_A
#
# <colnr> <probs for GDERKNQSTAVLIFYWHMCP>
#	G	D	E	R	K	N	Q	S	T	A	V	L	I	F	Y	W	H	M	C	P
0	0.07022	0.05366	0.03195	0.11133	0.11058	0.06191	0.06999	0.15678	0.05048	0.02652	0.03146	0.01399	0.00928	0.03121	0.02666	0.02693	0.02059	0.03805	0.00301	0.05542
1	0.00897	0.00824	0.04653	0.04001	0.04645	0.04826	0.02196	0.04933	0.04469	0.03515	0.06594	0.13029	0.10204	0.11634	0.04348	0.00201	0.02652	0.00622	0.00332	0.15425
2	0.04471	0.02283	0.01169	0.14815	0.11763	0.04033	0.02932	0.10928	0.04413	0.05863	0.05088	0.09933	0.03222	0.03899	0.00658	0.04664	0.05296	0.00534	0.02256	0.01779
3	0.08291	0.00821	0.01060	0.02950	0.06189	0.02735	0.07647	0.07606	0.10202	0.08644	0.08329	0.07445	0.05603	0.07240	0.03905	0.00188	0.00447	0.02143	0.02084	0.06471
4	0.03304	0.00550	0.00697	0.00689	0.00775	0.00587	0.00519	0.02509	0.02634	0.02839	0.16460	0.29778	0.12338	0.01248	0.06144	0.02522	0.10443	0.02926	0.02616	0.00424
5	0.00673	0.00473	0.00563	0.00589	0.00656	0.00470	0.00403	0.02793	0.04608	0.01244	0.04680	0.33464	0.10226	0.20979	0.06953	0.00269	0.00375	0.00883	0.09317	0.00384
6	0.10990	0.00630	0.00699	0.00656	0.00828	0.00629	0.00495	0.06546	0.08470	0.06864	0.10163	0.26255	0.14866	0.00942	0.00511	0.01972	0.00301	0.00784	0.02490	0.04908
7	0.01128	0.00601	0.00757	0.00672	0.00856	0.00553	0.00506	0.03656	0.04366	0.27431	0.14353	0.19355	0.09816	0.10407	0.00710	0.00183	0.00325	0.00752	0.00460	0.03113
8	0.17487	0.00958	0.01085	0.00848	0.01189	0.00979	0.00700	0.28208	0.01482	0.40489	0.01340	0.01242	0.00888	0.00530	0.00423	0.00139	0.00417	0.00401	0.00473	0.00720
9	0.03126	0.00556	0.00655	0.00613	0.00735	0.00536	0.00431	0.02935	0.05054	0.16110	0.03186	0.15814	0.12564	0.33290	0.01206	0.00267	0.00364	0.01728	0.00390	0.00441
10	0.02615	0.00498	0.00623	0.00620	0.00739	0.00454	0.00448	0.00971	0.00996	0.16194	0.09825	0.37512	0.15787	0.08399	0.00691	0.00189	0.00295	0.02260	0.00438	0.00446
11	0.00709	0.00463	0.00577	0.00610	0.00698	0.00427	0.00431	0.02778	0.00992	0.07161	0.09660	0.50723	0.15330	0.03231	0.00588	0.00174	0.00270	0.01062	0.03701	0.00415
12	0.00863	0.00815	0.01361	0.78820	0.03023	0.01026	0.01245	0.01154	0.00895	0.01154	0.00795	0.01197	0.00604	0.00470	0.00506	0.00153	0.04813	0.00402	0.00201	0.00503
13	0.00728	0.00498	0.00610	0.00615	0.00721	0.00469	0.00443	0.02983	0.04586	0.06572	0.21433	0.35541	0.16710	0.05164	0.00628	0.00176	0.00272	0.00976	0.00444	0.00433
14	0.17653	0.00641	0.00709	0.00629	0.00831	0.00627	0.00483	0.02710	0.03252	0.21952	0.11646	0.09112	0.17206	0.09803	0.00658	0.00179	0.00325	0.00648	0.00425	0.00511
15	0.00562	0.00400	0.00529	0.00628	0.00654	0.00376	0.00419	0.00640	0.00859	0.01145	0.02432	0.77223	0.02909	0.06273	0.00681	0.00200	0.00277	0.03017	0.00412	0.00364
16	0.00622	0.00452	0.00539	0.00552	0.00653	0.00406	0.00397	0.00747	0.01033	0.03485	0.23720	0.24345	0.30612	0.07891	0.00690	0.00182	0.00259	0.02590	0.00433	0.00393
17	0.03391	0.00508	0.00590	0.00600	0.00689	0.02090	0.00426	0.00883	0.02131	0.05787	0.13174	0.27843	0.08863	0.16140	0.05372	0.00240	0.00359	0.02803	0.07706	0.00403
18	0.00656	0.00474	0.00690	0.00689	0.00756	0.00538	0.00518	0.00780	0.00725	0.01034	0.03008	0.01938	0.01247	0.13048	0.66348	0.05361	0.01053	0.00509	0.00250	0.00378
19	0.66222	0.00904	0.00795	0.00673	0.00972	0.01010	0.00555	0.09957	0.00991	0.13108	0.00840	0.00886	0.00608	0.00453	0.00323	0.00140	0.00371	0.00292	0.00338	0.00560
20	0.03075	0.08385	0.18773	0.05822	0.01292	0.03875	0.03408	0.02581	0.04834	0.03960	0.13761	0.14967	0.07169	0.00750	0.00491	0.00148	0.02119	0.02025	0.02035	0.00529
21	0.00717	0.00479	0.00664	0.00649	0.00690	0.00522	0.00469	0.00707	0.00711	0.00966	0.02840	0.03551	0.10445	0.10695	0.22580	0.34987	0.07226	0.00536	0.00253	0.00312
22	0.01028	0.01126	0.02250	0.01663	0.01990	0.01169	0.56103	0.01332	0.00987	0.01381	0.04916	0.01275	0.00847	0.00512	0.00771	0.00164	0.21161	0.00515	0.00235	0.00573
23	0.01211	0.84348	0.02374	0.00775	0.01163	0.01793	0.00775	0.01357	0.00921	0.01066	0.00630	0.00727	0.00582	0.00388	0.00291	0.00097	0.00485	0.00242	0.00194	0.00582
24	0.01400	0.00995	0.04480	0.15762	0.06957	0.03376	0.06217	0.13870	0.06833	0.25628	0.01305	0.04062	0.00961	0.00706	0.05222	0.00178	0.00544	0.00464	0.00380	0.00659
25	0.00992	0.00943	0.01123	0.03491	0.03855	0.07674	0.02275	0.02470	0.19825	0.01388	0.06646	0.07813	0.02788	0.00994	0.08088	0.00218	0.26393	0.02167	0.00318	0.00538
26	0.01051	0.00781	0.00929	0.02950	0.01067	0.00825	0.00679	0.26342	0.01295	0.01742	0.01610	0.09301	0.01632	0.14608	0.00843	0.00209	0.02852	0.23911	0.00382	0.06992

[dist]
# distance from previous block
# <min> <max>
0	4

[block]
# block no. 1 follows, 57 sequences, length 21
# corresponding to MSA columns:
# 483-503
name=unknown_B
#
# <colnr> <probs for GDERKNQSTAVLIFYWHMCP>
#	G	D	E	R	K	N	Q	S	T	A	V	L	I	F	Y	W	H	M	C	P
0	0.05614	0.03460	0.16692	0.02258	0.09381	0.00855	0.03525	0.02647	0.03341	0.17467	0.05644	0.06629	0.01108	0.00544	0.00461	0.00131	0.02991	0.00451	0.00333	0.16467
1	0.00620	0.00448	0.00583	0.00589	0.00674	0.00415	0.00430	0.00793	0.01150	0.01598	0.54885	0.22885	0.06055	0.03354	0.00597	0.00163	0.00239	0.03645	0.00469	0.00407
2	0.01045	0.01019	0.01683	0.23639	0.45057	0.03072	0.07492	0.01322	0.01000	0.01383	0.00837	0.01128	0.00678	0.00410	0.00445	0.00134	0.00562	0.00399	0.00223	0.08471
3	0.00649	0.00479	0.00694	0.00694	0.00763	0.00548	0.00524	0.00787	0.00718	0.01026	0.01245	0.01954	0.01208	0.15233	0.70548	0.00686	0.01100	0.00511	0.00247	0.00386
4	0.01127	0.00973	0.01025	0.00922	0.01178	0.01127	0.00717	0.02408	0.80430	0.01896	0.01844	0.01691	0.01383	0.00615	0.00461	0.00154	0.00359	0.00512	0.00461	0.00717
5	0.01211	0.84348	0.02374	0.00775	0.01163	0.01793	0.00775	0.01357	0.00921	0.01066	0.00630	0.00727	0.00582	0.00388	0.00291	0.00097	0.00485	0.00242	0.00194	0.00582
6	0.00580	0.00461	0.00520	0.00505	0.00639	0.00401	0.00379	0.00735	0.01137	0.01471	0.36347	0.03955	0.49154	0.01056	0.00535	0.00149	0.00223	0.00899	0.00453	0.00401
7	0.01211	0.84348	0.02374	0.00775	0.01163	0.01793	0.00775	0.01357	0.00921	0.01066	0.00630	0.00727	0.00582	0.00388	0.00291	0.00097	0.00485	0.00242	0.00194	0.00582
8	0.00655	0.00481	0.00721	0.00721	0.00798	0.00557	0.00557	0.00798	0.00721	0.01038	0.01192	0.01759	0.01115	0.03304	0.78124	0.05171	0.01171	0.00481	0.00240	0.00394
9	0.00897	0.03639	0.03834	0.11241	0.13740	0.02457	0.06171	0.03330	0.00915	0.01249	0.01285	0.16032	0.02646	0.08037	0.05099	0.00217	0.14803	0.03631	0.00273	0.00504
10	0.00641	0.00463	0.00606	0.00570	0.00677	0.00428	0.00428	0.00855	0.01283	0.01817	0.81009	0.03385	0.04276	0.00926	0.00534	0.00143	0.00214	0.00819	0.00499	0.00428
11	0.00653	0.00445	0.00519	0.00515	0.00536	0.00443	0.00310	0.00691	0.00750	0.01013	0.11435	0.02992	0.03960	0.67436	0.06159	0.00410	0.00446	0.00678	0.00305	0.00303
12	0.01312	0.01083	0.01134	0.00964	0.01244	0.03122	0.00766	0.26299	0.50971	0.02156	0.03181	0.01503	0.01217	0.00600	0.00481	0.00148	0.02175	0.00479	0.00448	0.00719
13	0.01227	0.78487	0.02345	0.00822	0.01211	0.01757	0.03298	0.04383	0.00972	0.01147	0.00657	0.00757	0.00592	0.00394	0.00305	0.00100	0.00494	0.00258	0.00205	0.00590
14	0.12678	0.00784	0.01003	0.00780	0.01122	0.00710	0.00644	0.02099	0.01231	0.71631	0.01643	0.01442	0.01043	0.00543	0.00434	0.00140	0.00381	0.00429	0.00526	0.00736
15	0.01995	0.00832	0.01089	0.00835	0.01187	0.00756	0.00690	0.11659	0.01399	0.71968	0.01702	0.01487	0.01079	0.00559	0.00455	0.00140	0.00399	0.00450	0.00548	0.00771
16	0.01107	0.01085	0.08006	0.40194	0.14003	0.04508	0.07286	0.04864	0.01041	0.08985	0.00915	0.01178	0.00680	0.00467	0.00495	0.00147	0.03783	0.00408	0.00253	0.00595
17	0.00855	0.00625	0.00880	0.00801	0.00891	0.00699	0.04129	0.04459	0.00850	0.07014	0.01405	0.15384	0.01441	0.20836	0.24861	0.00397	0.13095	0.00641	0.00305	0.00435
18	0.00648	0.00493	0.00599	0.00594	0.00709	0.00466	0.00447	0.00889	0.06376	0.01551	0.41367	0.12075	0.20910	0.03802	0.00601	0.00165	0.00256	0.07173	0.00457	0.00424
19	0.01176	0.00774	0.00959	0.00823	0.01031	0.00809	0.02791	0.18705	0.10602	0.15162	0.10245	0.14948	0.03035	0.06435	0.08518	0.00226	0.02104	0.00649	0.00428	0.00579
20	0.01239	0.08168	0.11649	0.06359	0.04520	0.04017	0.13839	0.08293	0.03792	0.16195	0.02573	0.03831	0.05080	0.00636	0.02456	0.00159	0.04296	0.01947	0.00330	0.00621

[dist]
# distance from previous block
# <min> <max>
2	83

[block]
# block no. 2 follows, 57 sequences, length 23
# corresponding to MSA columns:
# 587-609
name=unknown_C
#
# <colnr> <probs for GDERKNQSTAVLIFYWHMCP>
#	G	D	E	R	K	N	Q	S	T	A	V	L	I	F	Y	W	H	M	C	P
0	0.01529	0.08703	0.01355	0.00974	0.01303	0.01332	0.00805	0.59496	0.08680	0.02472	0.01227	0.07857	0.00988	0.00607	0.00449	0.00138	0.00466	0.00474	0.00428	0.00716
1	0.00916	0.00779	0.00922	0.00676	0.01052	0.00601	0.00539	0.01114	0.00922	0.01442	0.00839	0.01008	0.00709	0.00586	0.07025	0.00121	0.00407	0.00286	0.00266	0.79789
2	0.00641	0.00474	0.00660	0.00660	0.00730	0.00526	0.00490	0.00766	0.00739	0.01031	0.01532	0.02227	0.07760	0.19295	0.59666	0.00624	0.00979	0.00559	0.00264	0.00377
3	0.01233	0.12569	0.17283	0.05071	0.09312	0.02022	0.05803	0.02777	0.02888	0.21213	0.01330	0.12618	0.01130	0.00612	0.00452	0.00143	0.00495	0.02083	0.00336	0.00630
4	0.00873	0.00823	0.01390	0.77823	0.08151	0.01011	0.01267	0.01173	0.00914	0.01179	0.00808	0.01203	0.00611	0.00450	0.00453	0.00150	0.00600	0.00403	0.00203	0.00517
5	0.01448	0.14225	0.09840	0.00915	0.01261	0.01063	0.00839	0.09066	0.04138	0.29345	0.01157	0.01167	0.00829	0.00524	0.00552	0.00133	0.11661	0.00376	0.00365	0.11096
6	0.01157	0.00967	0.01026	0.00918	0.01178	0.01112	0.00716	0.02401	0.77831	0.04512	0.01842	0.01686	0.01375	0.00613	0.00461	0.00153	0.00360	0.00510	0.00464	0.00719
7	0.00648	0.00481	0.00708	0.00708	0.00781	0.00555	0.00541	0.00796	0.00722	0.01037	0.01233	0.01885	0.01178	0.10534	0.75206	0.00703	0.01145	0.00501	0.00246	0.00393
8	0.00873	0.00823	0.01390	0.77823	0.08151	0.01011	0.01267	0.01173	0.00914	0.01179	0.00808	0.01203	0.00611	0.00450	0.00453	0.00150	0.00600	0.00403	0.00203	0.00517
9	0.00647	0.00485	0.00728	0.00728	0.00809	0.00566	0.00566	0.00809	0.00728	0.01052	0.01214	0.01780	0.01133	0.03398	0.82279	0.00728	0.01214	0.00485	0.00243	0.00405
10	0.01322	0.01070	0.01134	0.00962	0.01253	0.01218	0.00764	0.27700	0.54820	0.02210	0.01597	0.01493	0.01183	0.00592	0.00459	0.00148	0.00404	0.00478	0.00459	0.00735
11	0.00940	0.00805	0.00940	0.00671	0.01074	0.00604	0.00537	0.01141	0.00940	0.01477	0.00805	0.00940	0.00671	0.00336	0.00336	0.00067	0.00336	0.00268	0.00268	0.86845
12	0.00598	0.00423	0.00538	0.00614	0.00669	0.00391	0.00426	0.00688	0.00900	0.02823	0.02723	0.60386	0.14445	0.06299	0.00676	0.00195	0.00281	0.06135	0.00415	0.00376
13	0.00565	0.00411	0.00536	0.00627	0.00673	0.00382	0.00435	0.00660	0.00906	0.01194	0.04666	0.68515	0.10598	0.01369	0.00576	0.00182	0.00269	0.06638	0.00422	0.00374
14	0.07240	0.00797	0.01035	0.00797	0.01146	0.00713	0.00658	0.04986	0.01283	0.70862	0.01655	0.01454	0.01054	0.00543	0.00440	0.00137	0.00386	0.00434	0.00529	0.03851
15	0.00746	0.00439	0.00611	0.00614	0.00661	0.00440	0.00430	0.00733	0.00766	0.04170	0.07916	0.12286	0.04897	0.10747	0.15021	0.36516	0.00499	0.01900	0.00293	0.00315
16	0.00635	0.00437	0.00557	0.00620	0.00686	0.00405	0.00439	0.00735	0.00926	0.04241	0.05762	0.51968	0.14092	0.07659	0.00703	0.00198	0.00290	0.08843	0.00417	0.00386
17	0.00637	0.00474	0.00705	0.00736	0.00810	0.00443	0.06003	0.00753	0.00917	0.03034	0.03945	0.66728	0.04381	0.01299	0.00575	0.00181	0.00311	0.07256	0.00412	0.00400
18	0.00956	0.00696	0.00819	0.00752	0.00935	0.00723	0.01683	0.07288	0.24590	0.08165	0.12895	0.19198	0.13567	0.00965	0.02196	0.01281	0.00338	0.01958	0.00448	0.00547
19	0.00911	0.00771	0.00902	0.00661	0.01029	0.00587	0.00519	0.01097	0.00923	0.01435	0.00902	0.04245	0.00809	0.04518	0.00442	0.00090	0.00338	0.00327	0.00275	0.79219
20	0.08480	0.03368	0.01122	0.00982	0.01221	0.46955	0.00752	0.01770	0.13969	0.06315	0.06628	0.01310	0.04151	0.00549	0.00421	0.00129	0.00607	0.00395	0.00319	0.00557
21	0.00892	0.00719	0.01825	0.02017	0.00953	0.02464	0.02179	0.08290	0.09057	0.05466	0.22269	0.07134	0.20002	0.01078	0.07257	0.00199	0.06582	0.00702	0.00409	0.00504
22	0.00742	0.00536	0.00714	0.01779	0.04613	0.00568	0.00508	0.02140	0.05662	0.01115	0.03266	0.18611	0.06512	0.18162	0.10891	0.18361	0.04453	0.00691	0.00305	0.00373

[dist]
# distance from previous block
# <min> <max>
1	42

[block]
# block no. 3 follows, 57 sequences, length 10
# corresponding to MSA columns:
# 652-661
name=unknown_D
#
# <colnr> <probs for GDERKNQSTAVLIFYWHMCP>
#	G	D	E	R	K	N	Q	S	T	A	V	L	I	F	Y	W	H	M	C	P
0	0.00902	0.03585	0.08944	0.04239	0.02602	0.00706	0.00677	0.02502	0.02749	0.03259	0.03674	0.03402	0.03855	0.13014	0.03273	0.00175	0.01665	0.02217	0.00288	0.38273
1	0.01236	0.04447	0.03748	0.00855	0.01080	0.03943	0.00698	0.25133	0.01349	0.12609	0.05986	0.23417	0.03565	0.00820	0.00554	0.00152	0.06286	0.00671	0.02864	0.00585
2	0.00816	0.00476	0.00596	0.00581	0.00632	0.00475	0.00383	0.00862	0.03237	0.08068	0.01431	0.09487	0.01490	0.41611	0.07945	0.16717	0.00459	0.00619	0.03773	0.00342
3	0.79770	0.00867	0.00700	0.00614	0.00901	0.00986	0.00506	0.01409	0.00817	0.09036	0.00733	0.00807	0.00546	0.00433	0.00296	0.00140	0.00354	0.00264	0.00305	0.00515
4	0.01122	0.01077	0.01839	0.02781	0.81248	0.01077	0.01391	0.01391	0.01032	0.01480	0.00852	0.01122	0.00718	0.00404	0.00449	0.00135	0.00538	0.00404	0.00224	0.00718
5	0.00725	0.00466	0.00578	0.00585	0.00680	0.00436	0.00420	0.00847	0.00975	0.07525	0.16472	0.24407	0.16411	0.13616	0.05864	0.00236	0.00346	0.03676	0.05330	0.00406
6	0.00590	0.00413	0.00518	0.00591	0.00643	0.00385	0.00406	0.00692	0.00911	0.01240	0.06768	0.58053	0.11303	0.04693	0.00621	0.00183	0.00264	0.03343	0.08006	0.00375
7	0.00652	0.00440	0.00512	0.00518	0.00525	0.00444	0.00303	0.00667	0.00676	0.00906	0.01474	0.07497	0.01690	0.73932	0.07587	0.00444	0.00481	0.00683	0.00281	0.00289
8	0.05650	0.00732	0.00849	0.00707	0.00953	0.00719	0.00570	0.16782	0.01334	0.26491	0.11627	0.02132	0.11596	0.00686	0.00449	0.00138	0.00337	0.02985	0.14667	0.00597
9	0.04454	0.00668	0.00806	0.00698	0.00912	0.00643	0.00539	0.05639	0.08749	0.30297	0.09884	0.12349	0.10165	0.08222	0.00641	0.00174	0.00337	0.00660	0.03589	0.00573

[dist]
# distance from previous block
# <min> <max>
0	20

[block]
# block no. 4 follows, 57 sequences, length 12
# corresponding to MSA columns:
# 682-693
name=unknown_E
#
# <colnr> <probs for GDERKNQSTAVLIFYWHMCP>
#	G	D	E	R	K	N	Q	S	T	A	V	L	I	F	Y	W	H	M	C	P
0	0.12447	0.00738	0.00824	0.00680	0.00925	0.00729	0.00536	0.13524	0.01187	0.21402	0.06589	0.03329	0.03008	0.08980	0.00594	0.00158	0.00353	0.00470	0.14947	0.08580
1	0.01259	0.76633	0.02280	0.00800	0.01186	0.01757	0.00783	0.08635	0.01033	0.01232	0.00672	0.00760	0.00599	0.00402	0.00306	0.00101	0.00486	0.00258	0.00218	0.00599
2	0.00576	0.00429	0.00532	0.00582	0.00656	0.00391	0.00411	0.00691	0.00985	0.01296	0.17812	0.44032	0.21646	0.04026	0.00620	0.00178	0.00258	0.04068	0.00430	0.00382
3	0.04690	0.00502	0.00633	0.00636	0.00758	0.00463	0.00467	0.00977	0.01031	0.14804	0.16240	0.41455	0.11143	0.01111	0.00534	0.00165	0.00280	0.03209	0.00451	0.00454
4	0.01208	0.00727	0.00824	0.00710	0.00936	0.03443	0.00558	0.04844	0.14284	0.25345	0.19925	0.02453	0.16313	0.00752	0.00479	0.00142	0.00324	0.00627	0.05519	0.00586
5	0.51115	0.00842	0.00818	0.00676	0.00988	0.00877	0.00554	0.01610	0.03494	0.25660	0.01030	0.01026	0.00724	0.00461	0.00344	0.00134	0.00360	0.00319	0.00369	0.08600
6	0.04588	0.00488	0.00614	0.00617	0.00689	0.00500	0.00439	0.00826	0.03810	0.03135	0.07255	0.19737	0.09485	0.10318	0.11209	0.19725	0.02208	0.00710	0.03283	0.00363
7	0.00572	0.00412	0.00526	0.00604	0.00644	0.00384	0.00407	0.00655	0.00881	0.01166	0.06059	0.62133	0.09405	0.10736	0.00770	0.00209	0.00282	0.03385	0.00407	0.00363
8	0.00693	0.00517	0.00647	0.00631	0.00775	0.00474	0.03155	0.00873	0.04076	0.05911	0.06534	0.19727	0.41116	0.01238	0.04791	0.00193	0.00335	0.07467	0.00417	0.00429
9	0.00862	0.02507	0.02287	0.03688	0.06638	0.01778	0.03295	0.01004	0.00869	0.07369	0.05667	0.13058	0.02831	0.13626	0.21206	0.02441	0.08117	0.01996	0.00306	0.00456
10	0.01053	0.02166	0.04496	0.21028	0.19267	0.00964	0.05338	0.04833	0.12397	0.06221	0.03072	0.06336	0.01053	0.00610	0.01676	0.01591	0.01873	0.00490	0.04933	0.00601
11	0.08746	0.00529	0.00575	0.00563	0.00715	0.00491	0.00421	0.03077	0.01040	0.07292	0.09429	0.22275	0.41082	0.01066	0.00514	0.00157	0.00266	0.00905	0.00425	0.00432

[dist]
# distance from previous block
# <min> <max>
10	68

[block]
# block no. 5 follows, 57 sequences, length 35
# corresponding to MSA columns:
# 763-797
name=unknown_F
#
# <colnr> <probs for GDERKNQSTAVLIFYWHMCP>
#	G	D	E	R	K	N	Q	S	T	A	V	L	I	F	Y	W	H	M	C	P
0	0.03572	0.00698	0.00813	0.00720	0.00912	0.01863	0.00561	0.15403	0.01225	0.18541	0.07619	0.14034	0.06854	0.07364	0.02739	0.02017	0.00383	0.06059	0.08087	0.00535
1	0.00783	0.00534	0.00630	0.00616	0.00731	0.00522	0.00446	0.03558	0.08059	0.06391	0.14599	0.21105	0.16185	0.15104	0.02371	0.00216	0.00323	0.02856	0.04536	0.00438
2	0.00796	0.00420	0.00625	0.00617	0.00617	0.00437	0.00420	0.00612	0.00595	0.00800	0.00779	0.01360	0.00779	0.01540	0.01758	0.82996	0.04047	0.00394	0.00197	0.00210
3	0.00599	0.00437	0.00561	0.00641	0.00687	0.00423	0.00436	0.00757	0.06155	0.01217	0.05061	0.70996	0.04404	0.03092	0.00625	0.01642	0.00273	0.01186	0.00419	0.00389
4	0.00673	0.00443	0.00570	0.00602	0.00651	0.00435	0.00405	0.00744	0.00815	0.04896	0.03265	0.36913	0.06125	0.26575	0.13004	0.01802	0.00460	0.00903	0.00355	0.00363
5	0.01672	0.05755	0.01335	0.01146	0.01390	0.76099	0.00871	0.04304	0.01295	0.01163	0.00710	0.00822	0.00590	0.00466	0.00405	0.00116	0.00792	0.00293	0.00239	0.00536
6	0.00940	0.00805	0.00940	0.00671	0.01074	0.00604	0.00537	0.01141	0.00940	0.01477	0.00805	0.00940	0.00671	0.00336	0.00336	0.00067	0.00336	0.00268	0.00268	0.86845
7	0.00627	0.00439	0.00569	0.00641	0.00681	0.00426	0.00456	0.00720	0.00867	0.01151	0.04760	0.40332	0.02579	0.23782	0.01057	0.00258	0.00346	0.19570	0.00383	0.00356
8	0.00911	0.00755	0.00851	0.00743	0.00974	0.00772	0.00575	0.01595	0.36521	0.01768	0.27968	0.02199	0.04863	0.00683	0.00464	0.00134	0.00302	0.00583	0.00436	0.16905
9	0.01297	0.00628	0.00809	0.00710	0.00918	0.00574	0.00561	0.03992	0.01125	0.37065	0.03925	0.06851	0.11661	0.14364	0.00802	0.00204	0.00374	0.13122	0.00462	0.00557
10	0.03451	0.00856	0.00960	0.00831	0.01068	0.04563	0.03257	0.06711	0.29248	0.13424	0.18987	0.02248	0.08526	0.00715	0.00482	0.00148	0.00366	0.03094	0.00455	0.00610
11	0.00562	0.00460	0.00496	0.00487	0.00628	0.00394	0.00365	0.00701	0.01095	0.01372	0.23604	0.04118	0.61959	0.01093	0.00535	0.00150	0.00226	0.00922	0.00440	0.00394
12	0.13275	0.01189	0.01241	0.00970	0.01316	0.01320	0.00799	0.63274	0.05850	0.04707	0.01082	0.01082	0.00772	0.00531	0.00430	0.00138	0.00469	0.00392	0.00433	0.00730
13	0.01314	0.00992	0.01070	0.00918	0.01198	0.01114	0.00727	0.16828	0.55852	0.09464	0.01686	0.01564	0.01237	0.00594	0.00454	0.00148	0.00383	0.00485	0.03252	0.00723
14	0.00856	0.00805	0.01359	0.82986	0.03121	0.01007	0.01258	0.01158	0.00906	0.01158	0.00805	0.01208	0.00604	0.00453	0.00453	0.00151	0.00604	0.00403	0.00201	0.00503
15	0.87276	0.00876	0.00666	0.00596	0.00876	0.01017	0.00491	0.01332	0.00771	0.02033	0.00631	0.00736	0.00491	0.00421	0.00280	0.00140	0.00351	0.00245	0.00280	0.00491
16	0.01705	0.01801	0.01315	0.01117	0.01403	0.49657	0.00870	0.33230	0.01625	0.01813	0.00857	0.00926	0.00659	0.00498	0.00427	0.00124	0.00689	0.00339	0.00322	0.00624
17	0.10116	0.00848	0.00984	0.00776	0.01087	0.00836	0.00635	0.20395	0.01372	0.38550	0.01410	0.01347	0.00959	0.00527	0.00410	0.00130	0.00380	0.00409	0.13825	0.05004
18	0.00979	0.21280	0.63403	0.01172	0.01777	0.01223	0.01467	0.01417	0.00948	0.01350	0.00771	0.00904	0.00576	0.00421	0.00398	0.00133	0.00627	0.00313	0.00192	0.00649
19	0.17722	0.00974	0.01038	0.00819	0.01142	0.01018	0.00670	0.33850	0.03293	0.15137	0.03418	0.01197	0.00903	0.00510	0.00401	0.00128	0.00403	0.00384	0.06123	0.10871
20	0.00643	0.00447	0.00547	0.00573	0.00666	0.00402	0.00406	0.00760	0.01009	0.05324	0.18296	0.37784	0.25653	0.04565	0.00622	0.00175	0.00257	0.01034	0.00437	0.00400
21	0.00772	0.00560	0.00760	0.00723	0.00854	0.00540	0.04345	0.06119	0.02970	0.04662	0.28278	0.29418	0.08133	0.01062	0.00548	0.00164	0.00307	0.08883	0.00445	0.00456
22	0.18301	0.00763	0.00820	0.00692	0.00941	0.00792	0.00558	0.12422	0.07025	0.22536	0.04943	0.01510	0.01144	0.00553	0.00390	0.00132	0.00338	0.01648	0.23897	0.00596
23	0.01106	0.00621	0.00768	0.00679	0.00854	0.00602	0.00523	0.07902	0.04703	0.20812	0.26109	0.07023	0.02336	0.11674	0.00727	0.00184	0.00329	0.05181	0.07339	0.00527
24	0.00616	0.00429	0.00556	0.00623	0.00674	0.00404	0.00435	0.00716	0.00919	0.02541	0.10870	0.52431	0.06636	0.11295	0.00783	0.00211	0.00295	0.08779	0.00413	0.00375
25	0.00661	0.00493	0.00612	0.00581	0.00701	0.00462	0.00438	0.02421	0.03688	0.01727	0.62297	0.06048	0.14968	0.00962	0.00534	0.00147	0.00231	0.02113	0.00482	0.00435
26	0.00616	0.00435	0.00560	0.00625	0.00691	0.00408	0.00447	0.00751	0.02063	0.02366	0.13743	0.53423	0.09896	0.01259	0.00561	0.00174	0.00268	0.08101	0.03218	0.00394
27	0.13000	0.00665	0.00777	0.00706	0.00886	0.00675	0.00538	0.09166	0.05029	0.19002	0.01653	0.22918	0.03174	0.02167	0.00684	0.12903	0.00352	0.02011	0.03186	0.00507
28	0.00942	0.00725	0.00793	0.00750	0.00922	0.02285	0.00569	0.05783	0.29880	0.05287	0.06736	0.19517	0.11336	0.04960	0.00591	0.00172	0.00335	0.04610	0.03265	0.00543
29	0.00593	0.00447	0.00563	0.00621	0.00680	0.00434	0.00441	0.00694	0.00916	0.01216	0.06000	0.53178	0.18560	0.02564	0.00634	0.00179	0.04421	0.04195	0.03283	0.00382
30	0.00697	0.02305	0.00694	0.01659	0.00756	0.00536	0.00499	0.00788	0.01992	0.01080	0.04426	0.08180	0.07335	0.07033	0.35922	0.18178	0.01887	0.02607	0.03063	0.00363
31	0.02373	0.00560	0.00671	0.00636	0.00762	0.00558	0.00461	0.06601	0.03676	0.13894	0.01773	0.25941	0.01753	0.16642	0.05117	0.00234	0.00377	0.00729	0.16777	0.00468
32	0.00661	0.00460	0.00585	0.00625	0.00700	0.00437	0.00441	0.00826	0.04478	0.04257	0.18046	0.46801	0.09105	0.05917	0.02093	0.00195	0.00290	0.03243	0.00432	0.00408
33	0.00762	0.04900	0.09034	0.06496	0.02640	0.01866	0.09128	0.00965	0.00939	0.01245	0.01860	0.32694	0.03724	0.03747	0.02732	0.00195	0.00463	0.15814	0.00335	0.00460
34	0.02151	0.02390	0.05395	0.13168	0.30059	0.08966	0.03992	0.05652	0.04587	0.07431	0.01054	0.06297	0.00883	0.00527	0.00494	0.00142	0.03986	0.00454	0.01742	0.00629

[dist]
# distance from previous block
# <min> <max>
3	63

[block]
# block no. 6 follows, 57 sequences, length 31
# corresponding to MSA columns:
# 870-900
name=unknown_G
#
# <colnr> <probs for GDERKNQSTAVLIFYWHMCP>
#	G	D	E	R	K	N	Q	S	T	A	V	L	I	F	Y	W	H	M	C	P
0	0.03331	0.05297	0.00845	0.04273	0.02978	0.00687	0.00555	0.04445	0.09279	0.06039	0.15858	0.17503	0.07434	0.10816	0.05343	0.02248	0.00394	0.00714	0.00383	0.01578
1	0.02996	0.00631	0.00940	0.05029	0.04117	0.00610	0.07884	0.01140	0.03600	0.14307	0.04053	0.34342	0.04485	0.02192	0.03453	0.01296	0.00401	0.02402	0.03445	0.02677
2	0.06933	0.00832	0.01043	0.00815	0.01151	0.00784	0.00670	0.10066	0.06129	0.61963	0.01644	0.01461	0.01065	0.00553	0.00442	0.00140	0.00389	0.00441	0.02738	0.00742
3	0.33427	0.00802	0.00878	0.00720	0.01023	0.00799	0.00587	0.04572	0.01091	0.41067	0.01358	0.07261	0.01001	0.00565	0.00396	0.00141	0.00366	0.00432	0.00435	0.03078
4	0.00639	0.00446	0.00539	0.00545	0.00618	0.00415	0.00373	0.00752	0.00983	0.02576	0.28665	0.19911	0.14636	0.23453	0.01014	0.00232	0.00290	0.00877	0.02665	0.00373
5	0.00723	0.00491	0.00620	0.00638	0.00698	0.00497	0.00444	0.03989	0.02930	0.03123	0.05655	0.38691	0.05968	0.14223	0.04373	0.09482	0.03013	0.00891	0.03168	0.00381
6	0.07021	0.00527	0.00688	0.00703	0.00761	0.00593	0.00517	0.00792	0.00787	0.01167	0.03072	0.34657	0.01883	0.10048	0.25407	0.00371	0.09490	0.00803	0.00320	0.00394
7	0.68075	0.00837	0.00731	0.00636	0.00919	0.00925	0.00520	0.01463	0.00871	0.16550	0.00920	0.04333	0.00710	0.00488	0.00325	0.00142	0.00353	0.00327	0.00338	0.00537
8	0.00584	0.00421	0.00538	0.00616	0.00655	0.00400	0.00413	0.00690	0.02681	0.01173	0.05410	0.64220	0.06430	0.10989	0.00774	0.00211	0.00285	0.02734	0.00407	0.00369
9	0.08628	0.00902	0.01043	0.00826	0.01135	0.00914	0.00675	0.28314	0.02965	0.33901	0.09797	0.01612	0.03879	0.00601	0.00448	0.00139	0.00393	0.00477	0.02661	0.00690
10	0.00657	0.00502	0.00608	0.00575	0.00703	0.00473	0.00433	0.00934	0.07385	0.01701	0.59136	0.03454	0.19845	0.00948	0.00529	0.00146	0.00228	0.00824	0.00480	0.00441
11	0.01020	0.01009	0.01428	0.01207	0.01235	0.01381	0.03506	0.03940	0.00758	0.01166	0.00623	0.01002	0.00604	0.00771	0.01419	0.00195	0.77617	0.00401	0.00208	0.00509
12	0.00655	0.00437	0.00542	0.00569	0.00594	0.00429	0.00372	0.00693	0.00787	0.01056	0.08812	0.18623	0.02164	0.45450	0.01603	0.07725	0.00379	0.08466	0.00330	0.00314
13	0.01050	0.01003	0.01709	0.24458	0.60133	0.01058	0.01355	0.01328	0.00998	0.01393	0.00840	0.01145	0.00687	0.00417	0.00450	0.00139	0.00556	0.00403	0.00218	0.00660
14	0.00546	0.00441	0.00487	0.00519	0.00633	0.00382	0.00376	0.00654	0.00988	0.01217	0.05199	0.27915	0.55101	0.01227	0.00550	0.00163	0.00243	0.02560	0.00422	0.00380
15	0.00648	0.00482	0.00711	0.00711	0.00786	0.00557	0.00545	0.00798	0.00723	0.01039	0.01229	0.01866	0.01170	0.09237	0.76492	0.00707	0.01158	0.00498	0.00245	0.00395
16	0.00967	0.00822	0.00955	0.00684	0.01086	0.00632	0.00548	0.03929	0.00982	0.01525	0.00815	0.00945	0.00675	0.00343	0.00340	0.00070	0.00341	0.00273	0.00275	0.83792
17	0.00638	0.00456	0.00533	0.00535	0.00635	0.00410	0.00377	0.00751	0.01004	0.04186	0.21007	0.18779	0.32287	0.15356	0.00844	0.00205	0.00274	0.00919	0.00419	0.00386
18	0.03007	0.00567	0.00588	0.00573	0.00740	0.00546	0.00436	0.01017	0.16102	0.01395	0.06534	0.07247	0.55411	0.01034	0.00519	0.00155	0.00263	0.02988	0.00427	0.00451
19	0.00649	0.00480	0.00701	0.00701	0.00773	0.00552	0.00533	0.00792	0.00720	0.01032	0.01238	0.01916	0.01192	0.12662	0.73097	0.00695	0.01125	0.00505	0.00246	0.00390
20	0.09816	0.00752	0.00877	0.00728	0.00990	0.00736	0.00583	0.13728	0.02900	0.33645	0.05666	0.09009	0.09684	0.00697	0.00449	0.00142	0.00349	0.00569	0.08062	0.00620
21	0.00718	0.00544	0.00665	0.00628	0.00793	0.00468	0.00462	0.00885	0.02927	0.03406	0.12456	0.36720	0.11822	0.00996	0.00499	0.00143	0.00280	0.02299	0.00396	0.22892
22	0.04083	0.00912	0.01051	0.00792	0.01160	0.00839	0.00644	0.20225	0.04317	0.18992	0.01128	0.01138	0.00820	0.00450	0.00392	0.00105	0.00385	0.00353	0.01707	0.40508
23	0.00581	0.00454	0.00501	0.00510	0.00623	0.00408	0.00370	0.00692	0.00963	0.01214	0.07959	0.10204	0.50285	0.12199	0.05989	0.00229	0.00326	0.03015	0.03105	0.00373
24	0.00766	0.00481	0.00633	0.00624	0.00713	0.00473	0.00449	0.00881	0.02173	0.08591	0.15141	0.18998	0.08708	0.13860	0.17934	0.07546	0.00500	0.00759	0.00370	0.00401
25	0.03418	0.00479	0.00633	0.02174	0.03620	0.00474	0.00472	0.00787	0.03078	0.03108	0.02959	0.41975	0.05085	0.10285	0.02116	0.15850	0.00345	0.02423	0.00352	0.00369
26	0.03025	0.00835	0.03868	0.04088	0.03905	0.02297	0.00699	0.19023	0.01160	0.04771	0.10024	0.04937	0.02388	0.07800	0.06085	0.13317	0.07650	0.01720	0.01910	0.00499
27	0.00583	0.00428	0.00550	0.00628	0.00681	0.00406	0.00436	0.00711	0.03061	0.01221	0.07107	0.63096	0.10117	0.02844	0.02517	0.00196	0.00291	0.04324	0.00419	0.00383
28	0.11724	0.19111	0.02965	0.04941	0.01377	0.01212	0.09835	0.18430	0.04237	0.06995	0.01042	0.03501	0.00850	0.00648	0.03984	0.00162	0.03325	0.02364	0.02692	0.00605
29	0.02453	0.09953	0.06379	0.07073	0.08395	0.06641	0.03571	0.11458	0.07985	0.07285	0.03602	0.01384	0.00976	0.00579	0.01672	0.02110	0.00494	0.03749	0.03378	0.10862
30	0.04443	0.06487	0.13218	0.12929	0.06689	0.04185	0.06624	0.09611	0.04980	0.07005	0.04493	0.02291	0.05125	0.02189	0.00527	0.00146	0.04387	0.00447	0.00301	0.03923

[dist]
# distance from previous block
# <min> <max>
2	63

[block]
# block no. 7 follows, 57 sequences, length 28
# corresponding to MSA columns:
# 992-1019
name=unknown_H
#
# <colnr> <probs for GDERKNQSTAVLIFYWHMCP>
#	G	D	E	R	K	N	Q	S	T	A	V	L	I	F	Y	W	H	M	C	P
0	0.00737	0.00536	0.00663	0.02336	0.04239	0.00534	0.00472	0.04044	0.06056	0.02332	0.05396	0.26406	0.13164	0.22399	0.01058	0.05325	0.00346	0.01732	0.01824	0.00402
1	0.00819	0.00630	0.00785	0.00738	0.03954	0.00587	0.02531	0.07068	0.02919	0.01427	0.09246	0.14918	0.10420	0.15948	0.00843	0.02903	0.00350	0.02156	0.04629	0.17131
2	0.04281	0.01581	0.01244	0.04454	0.03348	0.39809	0.00858	0.18650	0.12866	0.01643	0.00998	0.03171	0.00804	0.00539	0.00471	0.00134	0.03845	0.00384	0.00317	0.00604
3	0.04525	0.00775	0.01129	0.20793	0.12790	0.00801	0.02815	0.02413	0.05563	0.07681	0.05208	0.02865	0.02458	0.04176	0.01903	0.06528	0.00466	0.04925	0.00302	0.11886
4	0.01314	0.11312	0.12927	0.11133	0.13547	0.11776	0.03942	0.07922	0.02412	0.13132	0.00975	0.01092	0.00726	0.00455	0.00420	0.00130	0.00562	0.00369	0.01458	0.04397
5	0.12469	0.00853	0.01327	0.31160	0.01970	0.02654	0.15835	0.01215	0.02426	0.03665	0.10520	0.05507	0.05264	0.00587	0.00490	0.00151	0.02579	0.00527	0.00289	0.00512
6	0.00587	0.00434	0.00526	0.00557	0.00635	0.00399	0.00390	0.00678	0.00939	0.01222	0.14090	0.30824	0.28129	0.08771	0.04842	0.04930	0.00315	0.00969	0.00398	0.00365
7	0.00940	0.00839	0.04835	0.10090	0.14446	0.04855	0.03875	0.01193	0.04365	0.07617	0.07373	0.18703	0.09079	0.00834	0.01547	0.00161	0.00438	0.04757	0.03525	0.00529
8	0.00622	0.00431	0.00519	0.00553	0.00576	0.00424	0.00348	0.00665	0.00753	0.01000	0.01923	0.27065	0.06156	0.49094	0.05659	0.00357	0.00414	0.02796	0.00328	0.00318
9	0.27040	0.00703	0.00741	0.00657	0.00875	0.00727	0.00520	0.04300	0.06574	0.14871	0.22687	0.04286	0.08537	0.02802	0.00485	0.00153	0.00318	0.02776	0.00422	0.00526
10	0.02827	0.00572	0.00688	0.00667	0.00801	0.00555	0.00489	0.06452	0.05594	0.12823	0.06575	0.35643	0.12525	0.08879	0.00695	0.00190	0.00317	0.02802	0.00432	0.00473
11	0.11601	0.00641	0.00700	0.00633	0.00814	0.00643	0.00490	0.10059	0.04565	0.06204	0.25447	0.07250	0.22672	0.02969	0.00555	0.01598	0.00298	0.01947	0.00432	0.00484
12	0.01413	0.00926	0.01030	0.00840	0.01104	0.00991	0.00667	0.35120	0.13904	0.13899	0.04951	0.01590	0.01196	0.07932	0.00638	0.02243	0.00408	0.00473	0.10026	0.00651
13	0.18400	0.00589	0.00653	0.00630	0.00778	0.00592	0.00464	0.02995	0.02047	0.12985	0.07148	0.31654	0.06751	0.09328	0.00658	0.00186	0.00317	0.00789	0.02576	0.00462
14	0.11271	0.00709	0.00804	0.00726	0.00921	0.00736	0.00559	0.11245	0.10643	0.14907	0.07627	0.20809	0.04485	0.03953	0.03721	0.00185	0.00374	0.01830	0.03948	0.00548
15	0.01220	0.00887	0.00986	0.00851	0.01100	0.00966	0.00674	0.18418	0.36401	0.09569	0.13046	0.04367	0.03783	0.00692	0.00476	0.00148	0.00362	0.02768	0.02629	0.00658
16	0.00619	0.00426	0.00502	0.00535	0.00551	0.00414	0.00323	0.00650	0.00743	0.00983	0.01922	0.28085	0.06148	0.54193	0.01680	0.00345	0.00374	0.00869	0.00327	0.00309
17	0.03017	0.00590	0.00714	0.00678	0.00819	0.00583	0.00513	0.06688	0.06221	0.10739	0.20178	0.17558	0.07661	0.12178	0.00766	0.00198	0.00330	0.09656	0.00436	0.00476
18	0.14131	0.00726	0.00841	0.00722	0.00958	0.00724	0.00571	0.08568	0.06250	0.29096	0.10531	0.11742	0.02800	0.03675	0.00518	0.00157	0.00347	0.02521	0.04532	0.00590
19	0.00677	0.00439	0.00548	0.00594	0.00656	0.00417	0.00407	0.00798	0.02846	0.04369	0.07739	0.49517	0.06983	0.09736	0.00750	0.02611	0.00281	0.01007	0.09235	0.00388
20	0.11003	0.01383	0.01079	0.00964	0.01214	0.30252	0.00744	0.07596	0.33130	0.01694	0.05495	0.01317	0.01107	0.00551	0.00425	0.00137	0.00525	0.00412	0.00360	0.00611
21	0.17232	0.00573	0.00663	0.00630	0.00780	0.00570	0.00473	0.01078	0.00933	0.15231	0.08864	0.20120	0.08189	0.06279	0.05099	0.08262	0.00371	0.02628	0.01574	0.00449
22	0.06909	0.00590	0.00689	0.00649	0.00806	0.00576	0.00483	0.03419	0.08282	0.14446	0.12839	0.24269	0.15316	0.06427	0.00644	0.01618	0.00306	0.00811	0.00435	0.00487
23	0.07467	0.00566	0.00634	0.00667	0.00750	0.02930	0.00508	0.02081	0.00890	0.01262	0.01779	0.07438	0.01926	0.31407	0.01181	0.00276	0.00412	0.31265	0.06184	0.00377
24	0.00659	0.00471	0.00679	0.00679	0.00741	0.00533	0.00505	0.00768	0.00707	0.01004	0.01219	0.01950	0.01195	0.16811	0.63117	0.06815	0.01025	0.00508	0.00245	0.00368
25	0.00908	0.00717	0.02402	0.02160	0.08402	0.00747	0.02939	0.07206	0.04646	0.04967	0.05131	0.11369	0.07257	0.02480	0.17828	0.02399	0.07247	0.04458	0.06236	0.00502
26	0.00685	0.00560	0.01713	0.04611	0.04367	0.00539	0.02058	0.03213	0.02094	0.01253	0.02585	0.30398	0.22769	0.06234	0.04012	0.02313	0.01494	0.07157	0.01527	0.00417
27	0.00669	0.00484	0.00716	0.00712	0.00779	0.00559	0.00543	0.00785	0.00710	0.01017	0.01167	0.01781	0.01111	0.07144	0.68294	0.09658	0.02772	0.00483	0.00239	0.00378

[dist]
# distance from previous block
# <min> <max>
0	1

[block]
# block no. 8 follows, 57 sequences, length 36
# corresponding to MSA columns:
# 1021-1056
name=unknown_I
#
# <colnr> <probs for GDERKNQSTAVLIFYWHMCP>
#	G	D	E	R	K	N	Q	S	T	A	V	L	I	F	Y	W	H	M	C	P
0	0.77564	0.03342	0.03373	0.02011	0.01037	0.01084	0.00597	0.01421	0.00862	0.03872	0.00768	0.00910	0.00609	0.00490	0.00337	0.00157	0.00404	0.00290	0.00314	0.00558
1	0.00870	0.06632	0.02553	0.03656	0.01077	0.00768	0.07841	0.03908	0.05632	0.01195	0.01283	0.05465	0.01271	0.07374	0.09708	0.22039	0.04696	0.13330	0.00281	0.00420
2	0.00955	0.08028	0.30650	0.01104	0.06641	0.00922	0.04321	0.02921	0.02401	0.01438	0.00966	0.07797	0.00839	0.00479	0.00407	0.00118	0.00498	0.00402	0.00250	0.28863
3	0.00657	0.00445	0.00524	0.00524	0.00535	0.00456	0.00312	0.00678	0.00668	0.00901	0.01400	0.02812	0.01581	0.73662	0.12629	0.00477	0.00539	0.00637	0.00270	0.00291
4	0.00596	0.00429	0.00528	0.00586	0.00664	0.00386	0.00411	0.00695	0.00948	0.03473	0.06171	0.53454	0.26060	0.01293	0.00561	0.00172	0.00257	0.02502	0.00428	0.00387
5	0.01011	0.08630	0.23913	0.01285	0.03286	0.07341	0.19195	0.02580	0.00981	0.01334	0.04629	0.01223	0.00861	0.00887	0.11728	0.00225	0.09663	0.00422	0.00231	0.00574
6	0.01032	0.01741	0.38904	0.01282	0.01653	0.07947	0.06764	0.03025	0.00922	0.01316	0.00738	0.00979	0.00594	0.00563	0.00817	0.00161	0.30392	0.00369	0.00206	0.00593
7	0.01533	0.00916	0.01067	0.00886	0.01186	0.00966	0.00710	0.11918	0.37657	0.32539	0.01707	0.01562	0.01198	0.00678	0.03193	0.00166	0.00415	0.00477	0.00491	0.00734
8	0.00634	0.00467	0.00676	0.00696	0.00762	0.00522	0.00523	0.00770	0.00753	0.01063	0.01472	0.15801	0.01519	0.09126	0.60664	0.00603	0.00977	0.02301	0.00279	0.00389
9	0.00588	0.00428	0.00526	0.00592	0.00636	0.00406	0.00392	0.00691	0.03210	0.01133	0.02521	0.56118	0.12041	0.17428	0.00906	0.00229	0.00296	0.01103	0.00393	0.00362
10	0.00710	0.00574	0.00834	0.00799	0.00861	0.00707	0.00627	0.00852	0.00718	0.01050	0.01114	0.01701	0.01063	0.07197	0.63537	0.00618	0.15909	0.00479	0.00236	0.00414
11	0.00991	0.00991	0.01388	0.01190	0.01190	0.01388	0.00991	0.01091	0.00694	0.01091	0.00595	0.00991	0.00595	0.00793	0.01487	0.00198	0.83246	0.00397	0.00198	0.00496
12	0.00586	0.00424	0.00539	0.00585	0.00642	0.00393	0.00401	0.00698	0.00976	0.01317	0.24349	0.46294	0.10012	0.09716	0.00739	0.00196	0.00264	0.01065	0.00427	0.00376
13	0.05785	0.02366	0.00995	0.02660	0.03776	0.00997	0.00686	0.07893	0.43919	0.01793	0.09756	0.01839	0.03336	0.05206	0.05304	0.00198	0.01938	0.00524	0.00408	0.00619
14	0.00856	0.00805	0.01359	0.82986	0.03121	0.01007	0.01258	0.01158	0.00906	0.01158	0.00805	0.01208	0.00604	0.00453	0.00453	0.00151	0.00604	0.00403	0.00201	0.00503
15	0.00913	0.00765	0.01033	0.15330	0.13847	0.00816	0.00795	0.05156	0.17503	0.03316	0.14086	0.08094	0.14995	0.00744	0.00489	0.00149	0.00386	0.00647	0.00377	0.00559
16	0.01211	0.84348	0.02374	0.00775	0.01163	0.01793	0.00775	0.01357	0.00921	0.01066	0.00630	0.00727	0.00582	0.00388	0.00291	0.00097	0.00485	0.00242	0.00194	0.00582
17	0.00872	0.00789	0.00989	0.00860	0.00991	0.00918	0.00684	0.01154	0.12088	0.01302	0.03843	0.07541	0.14095	0.04879	0.00953	0.00173	0.32622	0.00570	0.00310	0.14367
18	0.00930	0.00850	0.01460	0.68967	0.09819	0.01009	0.05393	0.01229	0.00939	0.03889	0.00848	0.01212	0.00636	0.00449	0.00457	0.00149	0.00599	0.00412	0.00217	0.00537
19	0.00991	0.00991	0.01388	0.01190	0.01190	0.01388	0.00991	0.01091	0.00694	0.01091	0.00595	0.00991	0.00595	0.00793	0.01487	0.00198	0.83246	0.00397	0.00198	0.00496
20	0.01693	0.02160	0.01284	0.01167	0.01401	0.82256	0.00876	0.01809	0.01284	0.01109	0.00700	0.00817	0.00584	0.00467	0.00409	0.00117	0.00817	0.00292	0.00233	0.00525
21	0.00659	0.00439	0.00494	0.00494	0.00494	0.00439	0.00275	0.00659	0.00659	0.00879	0.01428	0.02965	0.01647	0.84075	0.02306	0.00439	0.00439	0.00659	0.00275	0.00275
22	0.01738	0.01245	0.01345	0.01031	0.01393	0.01369	0.00852	0.75939	0.02090	0.06712	0.01122	0.01110	0.00788	0.00545	0.00453	0.00136	0.00493	0.00410	0.00459	0.00771
23	0.00829	0.00648	0.00770	0.00624	0.00888	0.00520	0.00477	0.00997	0.00992	0.04160	0.14044	0.11509	0.09766	0.05074	0.00524	0.00124	0.00304	0.00572	0.00348	0.46831
24	0.00695	0.00551	0.00841	0.00795	0.00878	0.00646	0.03580	0.00844	0.00732	0.01055	0.01154	0.01752	0.01093	0.07604	0.66283	0.02415	0.07946	0.00488	0.00239	0.00408
25	0.00943	0.00873	0.00735	0.00689	0.00756	0.18623	0.00456	0.04174	0.00859	0.01018	0.01224	0.02346	0.01340	0.59305	0.01782	0.00347	0.03342	0.00558	0.00270	0.00358
26	0.00733	0.00563	0.00748	0.00747	0.00855	0.00629	0.00575	0.03238	0.12135	0.01274	0.03062	0.15442	0.02979	0.02393	0.47439	0.00491	0.00836	0.05080	0.00326	0.00454
27	0.00819	0.00671	0.02317	0.00797	0.00937	0.00666	0.01689	0.09135	0.01053	0.01447	0.06606	0.31359	0.03337	0.02769	0.00671	0.00174	0.08795	0.16534	0.00379	0.09846
28	0.00635	0.00516	0.00753	0.00744	0.00847	0.00486	0.07933	0.00812	0.04348	0.01267	0.06486	0.52911	0.14834	0.01214	0.00562	0.00174	0.00313	0.04344	0.00408	0.00413
29	0.00690	0.00543	0.00822	0.00861	0.05083	0.00637	0.00632	0.00855	0.00742	0.01077	0.01162	0.01704	0.01083	0.03103	0.73707	0.00669	0.05488	0.00476	0.00239	0.00426
30	0.00579	0.00430	0.00603	0.00666	0.00713	0.00409	0.02777	0.00674	0.00868	0.01163	0.03906	0.69230	0.04617	0.04327	0.06513	0.00229	0.00350	0.01170	0.00399	0.00376
31	0.04488	0.03906	0.03910	0.03701	0.04249	0.05084	0.01752	0.18706	0.21813	0.04917	0.01285	0.05402	0.01061	0.05113	0.03371	0.00183	0.07914	0.00476	0.02047	0.00622
32	0.01480	0.01013	0.03884	0.01032	0.05464	0.01024	0.02098	0.33778	0.03144	0.20533	0.03159	0.03195	0.01042	0.03758	0.08334	0.00208	0.04118	0.00463	0.00414	0.01859
33	0.08608	0.06438	0.18876	0.00970	0.01347	0.10464	0.02866	0.06961	0.05748	0.23080	0.01185	0.01324	0.00883	0.03478	0.00511	0.01514	0.00519	0.02693	0.00349	0.02185
34	0.05434	0.01113	0.06310	0.08492	0.01413	0.09023	0.04849	0.20399	0.06368	0.04536	0.03313	0.07275	0.01074	0.03925	0.02381	0.03379	0.03759	0.01758	0.00334	0.04865
35	0.07609	0.07093	0.07725	0.01980	0.13733	0.01878	0.01784	0.08955	0.06194	0.04314	0.03818	0.03949	0.00976	0.00538	0.00473	0.02173	0.03036	0.02174	0.01989	0.19610

[dist]
# distance from previous block
# <min> <max>
0	26

[block]
# block no. 9 follows, 57 sequences, length 14
# corresponding to MSA columns:
# 1083-1096
name=unknown_J
#
# <colnr> <probs for GDERKNQSTAVLIFYWHMCP>
#	G	D	E	R	K	N	Q	S	T	A	V	L	I	F	Y	W	H	M	C	P
0	0.03802	0.00792	0.08865	0.00785	0.00959	0.00687	0.05067	0.03955	0.05289	0.01320	0.03976	0.20505	0.20307	0.13619	0.00869	0.00205	0.07425	0.00778	0.00346	0.00452
1	0.25282	0.01239	0.12756	0.04204	0.17623	0.08042	0.00947	0.07338	0.01054	0.07097	0.00900	0.03617	0.00718	0.00468	0.00392	0.00134	0.00494	0.00362	0.00285	0.07046
2	0.06730	0.00633	0.00751	0.04337	0.02220	0.00650	0.00544	0.12314	0.03794	0.01592	0.14004	0.34088	0.06827	0.05925	0.00614	0.00174	0.00329	0.00849	0.00403	0.03223
3	0.02168	0.00598	0.03505	0.00668	0.00807	0.00541	0.00511	0.01090	0.10551	0.09121	0.14014	0.34024	0.10563	0.04499	0.02094	0.00183	0.00314	0.00891	0.03388	0.00470
4	0.01534	0.00849	0.01011	0.00815	0.01096	0.00846	0.00655	0.25536	0.04030	0.32018	0.06270	0.04347	0.01344	0.06335	0.00584	0.00159	0.00398	0.03064	0.05649	0.03460
5	0.06567	0.00469	0.00511	0.00512	0.00551	0.00468	0.00313	0.00712	0.00745	0.01054	0.05652	0.08686	0.08690	0.61183	0.01804	0.00361	0.00391	0.00709	0.00309	0.00313
6	0.00764	0.00473	0.00604	0.00622	0.00720	0.00434	0.00451	0.00881	0.00992	0.10777	0.13242	0.36588	0.13867	0.09808	0.00736	0.00198	0.00298	0.07692	0.00432	0.00421
