[name]
unknown

[dist]
# distance from previous block
# <min> <max>
0	211

[block]
# block no. 0 follows, 62 sequences, length 15
# corresponding to MSA columns:
# 255-269
name=unknown_A
#
# <colnr> <probs for GDERKNQSTAVLIFYWHMCP>
#	G	D	E	R	K	N	Q	S	T	A	V	L	I	F	Y	W	H	M	C	P
0	0.00536	0.00383	0.00514	0.00613	0.00645	0.00361	0.00426	0.00623	0.00832	0.01106	0.02335	0.76347	0.02776	0.01316	0.00548	0.00175	0.00262	0.09457	0.00395	0.00350
1	0.01033	0.00990	0.01690	0.09330	0.75834	0.01006	0.01296	0.01288	0.00959	0.01365	0.00797	0.01060	0.00665	0.00383	0.00422	0.00128	0.00511	0.00379	0.00209	0.00657
2	0.06356	0.04922	0.00966	0.00776	0.05631	0.01783	0.00581	0.02273	0.03782	0.10689	0.03302	0.06701	0.00977	0.00469	0.00363	0.00097	0.00342	0.02440	0.00306	0.47242
3	0.01138	0.85302	0.02230	0.00728	0.01092	0.01684	0.00728	0.01274	0.00865	0.01001	0.00592	0.00683	0.00546	0.00364	0.00273	0.00091	0.00455	0.00228	0.00182	0.00546
4	0.00959	0.00970	0.01239	0.01070	0.01088	0.06794	0.00880	0.01052	0.00694	0.01032	0.00619	0.01012	0.00612	0.04127	0.01330	0.00188	0.73030	0.00376	0.02469	0.00457
5	0.05872	0.06271	0.05314	0.02503	0.02638	0.02024	0.08462	0.09031	0.10280	0.27418	0.05370	0.01394	0.02256	0.02510	0.02474	0.00150	0.01850	0.00427	0.00374	0.03383
6	0.01439	0.01319	0.01246	0.01017	0.01292	0.25515	0.07048	0.37057	0.03044	0.05219	0.03786	0.06606	0.00953	0.01942	0.00458	0.00132	0.00545	0.00435	0.00349	0.00599
7	0.00815	0.00768	0.01298	0.80139	0.06722	0.00948	0.01188	0.01098	0.00856	0.01102	0.00758	0.01131	0.00572	0.00423	0.00425	0.00141	0.00564	0.00378	0.00190	0.00482
8	0.00882	0.00756	0.00882	0.00630	0.01008	0.00567	0.00504	0.01071	0.00882	0.01387	0.00756	0.00882	0.00630	0.00315	0.00315	0.00063	0.00315	0.00252	0.00252	0.87647
9	0.00517	0.00375	0.00489	0.00581	0.00614	0.00347	0.00390	0.00594	0.00826	0.01091	0.02490	0.78807	0.08682	0.01314	0.00540	0.00171	0.00245	0.01187	0.00395	0.00347
10	0.00728	0.00376	0.00558	0.00558	0.00561	0.00379	0.00374	0.00567	0.00563	0.00755	0.00782	0.01368	0.00786	0.04690	0.05847	0.79927	0.00410	0.00383	0.00190	0.00197
11	0.00689	0.00458	0.00553	0.00521	0.00656	0.00404	0.00394	0.00843	0.01092	0.09470	0.39675	0.08535	0.33235	0.00944	0.00498	0.00140	0.00225	0.00812	0.00442	0.00414
12	0.04711	0.15923	0.02568	0.00752	0.01042	0.06923	0.00640	0.12477	0.01179	0.32845	0.01244	0.03763	0.00910	0.00503	0.00375	0.00119	0.00400	0.00385	0.12635	0.00606
13	0.02853	0.04740	0.00970	0.00708	0.03765	0.00645	0.00549	0.01189	0.00914	0.09300	0.00849	0.00944	0.00675	0.00345	0.00326	0.00075	0.00331	0.00275	0.02008	0.68539
14	0.01219	0.34182	0.09858	0.02847	0.01299	0.23237	0.03933	0.05355	0.03769	0.03162	0.02476	0.03977	0.00752	0.00460	0.00377	0.00114	0.01868	0.00334	0.00236	0.00545

[dist]
# distance from previous block
# <min> <max>
0	3

[block]
# block no. 1 follows, 62 sequences, length 121
# corresponding to MSA columns:
# 273-393
name=unknown_B
#
# <colnr> <probs for GDERKNQSTAVLIFYWHMCP>
#	G	D	E	R	K	N	Q	S	T	A	V	L	I	F	Y	W	H	M	C	P
0	0.79444	0.00814	0.00668	0.02607	0.00894	0.00930	0.00491	0.01309	0.00764	0.07969	0.00678	0.00759	0.00508	0.00406	0.00280	0.00132	0.00337	0.00249	0.00281	0.00481
1	0.05419	0.00929	0.01205	0.27371	0.05971	0.06672	0.00946	0.02530	0.09209	0.01229	0.02334	0.01149	0.02035	0.00600	0.01688	0.00160	0.29431	0.00389	0.00233	0.00502
2	0.00514	0.00431	0.00446	0.00442	0.00581	0.00364	0.00332	0.00631	0.00995	0.01210	0.12716	0.03996	0.73776	0.01055	0.00503	0.00143	0.00214	0.00884	0.00403	0.00364
3	0.00596	0.00445	0.00482	0.00475	0.00547	0.00423	0.00311	0.00706	0.04722	0.01045	0.07216	0.03240	0.31853	0.44591	0.01362	0.00283	0.00323	0.00725	0.00330	0.00324
4	0.00522	0.00373	0.00497	0.00590	0.00618	0.00348	0.00395	0.00602	0.00833	0.01115	0.06111	0.80920	0.02871	0.01311	0.00541	0.00171	0.00245	0.01189	0.00398	0.00348
5	0.00853	0.02201	0.82841	0.01213	0.01842	0.00988	0.01572	0.01348	0.00898	0.01348	0.00764	0.00898	0.00539	0.00404	0.00404	0.00135	0.00629	0.00314	0.00180	0.00629
6	0.03916	0.00983	0.01129	0.00930	0.03691	0.01040	0.00735	0.38378	0.15309	0.27353	0.01329	0.01243	0.00916	0.00520	0.00423	0.00132	0.00410	0.00410	0.00447	0.00707
7	0.00641	0.00431	0.00487	0.00480	0.00490	0.00436	0.00276	0.02464	0.00652	0.00871	0.01329	0.02721	0.01518	0.81409	0.03812	0.00412	0.00429	0.00610	0.00261	0.00271
8	0.01567	0.01141	0.01235	0.00966	0.01269	0.03931	0.00794	0.63736	0.01779	0.09475	0.01060	0.02791	0.00778	0.00545	0.00500	0.00133	0.06803	0.00400	0.00409	0.00689
9	0.00933	0.00738	0.00883	0.02622	0.01041	0.00572	0.00523	0.01123	0.00919	0.06637	0.04802	0.01037	0.00822	0.00359	0.00334	0.00073	0.00319	0.00292	0.00279	0.75693
10	0.00616	0.03044	0.00601	0.00578	0.00657	0.00450	0.00414	0.03937	0.01001	0.01360	0.30745	0.41889	0.06921	0.05041	0.00590	0.00164	0.00252	0.00946	0.00409	0.00383
11	0.01135	0.00593	0.00813	0.00712	0.00884	0.00606	0.00561	0.05155	0.00935	0.30664	0.01338	0.01649	0.01079	0.09560	0.40469	0.00424	0.02109	0.00456	0.00348	0.00512
12	0.02683	0.08055	0.11195	0.05784	0.43083	0.01072	0.02880	0.09959	0.01048	0.02953	0.00807	0.00996	0.00645	0.00405	0.00424	0.00124	0.02424	0.00354	0.00235	0.04872
13	0.00931	0.01061	0.06071	0.03992	0.01768	0.01080	0.43671	0.01198	0.00862	0.01220	0.00793	0.01123	0.00653	0.00746	0.08725	0.00207	0.24721	0.00447	0.00205	0.00524
14	0.01845	0.00708	0.00962	0.00742	0.01060	0.00614	0.00611	0.02011	0.01210	0.78436	0.04148	0.01504	0.01145	0.00537	0.00427	0.00131	0.00354	0.00438	0.02410	0.00707
15	0.00969	0.01003	0.01901	0.05183	0.01796	0.01055	0.46516	0.05746	0.03437	0.01335	0.00916	0.01212	0.01811	0.00760	0.09574	0.00208	0.15341	0.00467	0.00231	0.00538
16	0.01156	0.81939	0.02188	0.00743	0.01101	0.04982	0.00732	0.01291	0.00878	0.01003	0.00594	0.00686	0.00546	0.00367	0.00277	0.00092	0.00468	0.00229	0.00184	0.00544
17	0.00619	0.00413	0.00464	0.00464	0.00464	0.00413	0.00258	0.00619	0.00619	0.00825	0.01341	0.02785	0.01547	0.85046	0.02166	0.00413	0.00413	0.00619	0.00258	0.00258
18	0.00518	0.00370	0.00494	0.00592	0.00617	0.00346	0.00395	0.00592	0.00815	0.01086	0.02345	0.84768	0.02814	0.01333	0.00543	0.00173	0.00247	0.01210	0.00395	0.00346
19	0.00594	0.00490	0.00529	0.00509	0.00654	0.00454	0.00385	0.00856	0.10746	0.01361	0.22985	0.03569	0.53398	0.00967	0.00494	0.00141	0.00227	0.00816	0.00418	0.00407
20	0.01634	0.00898	0.01000	0.00820	0.01113	0.08334	0.00657	0.02093	0.24399	0.51874	0.01600	0.01426	0.01078	0.00533	0.00425	0.00133	0.00392	0.00429	0.00471	0.00688
21	0.00520	0.00431	0.00444	0.00441	0.00579	0.00364	0.00331	0.00640	0.00992	0.01217	0.12296	0.03940	0.72194	0.01042	0.00498	0.00142	0.00214	0.00873	0.02477	0.00364
22	0.01782	0.00871	0.01071	0.00827	0.01156	0.00850	0.00682	0.25228	0.05384	0.55255	0.01489	0.01330	0.00969	0.00524	0.00427	0.00131	0.00392	0.00417	0.00492	0.00722
23	0.00853	0.02201	0.82841	0.01213	0.01842	0.00988	0.01572	0.01348	0.00898	0.01348	0.00764	0.00898	0.00539	0.00404	0.00404	0.00135	0.00629	0.00314	0.00180	0.00629
24	0.00882	0.00756	0.00882	0.00630	0.01008	0.00567	0.00504	0.01071	0.00882	0.01387	0.00756	0.00882	0.00630	0.00315	0.00315	0.00063	0.00315	0.00252	0.00252	0.87647
25	0.00658	0.00547	0.00856	0.00794	0.04545	0.00511	0.10799	0.00859	0.01091	0.01514	0.50715	0.11141	0.09689	0.00924	0.03289	0.00158	0.00319	0.00762	0.00402	0.00426
26	0.01288	0.00873	0.00925	0.00746	0.00990	0.00950	0.00604	0.48955	0.01557	0.02243	0.01168	0.01248	0.00871	0.00505	0.00374	0.00116	0.00360	0.00388	0.35246	0.00593
27	0.00804	0.00756	0.01276	0.84023	0.02931	0.00945	0.01182	0.01087	0.00851	0.01087	0.00756	0.01134	0.00567	0.00425	0.00425	0.00142	0.00567	0.00378	0.00189	0.00473
28	0.00875	0.00746	0.00869	0.00635	0.00993	0.00579	0.00506	0.01106	0.04160	0.01419	0.04972	0.01029	0.00831	0.00354	0.00329	0.00070	0.00310	0.00288	0.00270	0.79659
29	0.01173	0.01475	0.32764	0.02046	0.03946	0.02921	0.04109	0.15441	0.17063	0.10545	0.01096	0.01131	0.00787	0.00479	0.00451	0.00136	0.03089	0.00382	0.00314	0.00654
30	0.00922	0.00818	0.01011	0.00948	0.05094	0.05186	0.00698	0.09461	0.00839	0.01163	0.00943	0.05403	0.00966	0.21346	0.06598	0.03200	0.34251	0.00473	0.00245	0.00434
31	0.00580	0.00443	0.00529	0.00564	0.00673	0.00403	0.00438	0.00725	0.01830	0.02061	0.11225	0.18771	0.39014	0.01116	0.00529	0.00160	0.00265	0.19894	0.00403	0.00376
32	0.00931	0.00931	0.01303	0.01117	0.01117	0.01303	0.00931	0.01024	0.00652	0.01024	0.00559	0.00931	0.00559	0.00745	0.01396	0.00186	0.84267	0.00372	0.00186	0.00465
33	0.00853	0.02201	0.82841	0.01213	0.01842	0.00988	0.01572	0.01348	0.00898	0.01348	0.00764	0.00898	0.00539	0.00404	0.00404	0.00135	0.00629	0.00314	0.00180	0.00629
34	0.00608	0.00455	0.00680	0.00680	0.00755	0.00530	0.00527	0.00757	0.00683	0.00985	0.01143	0.01691	0.01072	0.04582	0.81980	0.00679	0.01127	0.00459	0.00228	0.00378
35	0.01137	0.01028	0.01515	0.20002	0.28349	0.09741	0.12014	0.03069	0.04275	0.10346	0.00975	0.03934	0.00773	0.00452	0.00435	0.00133	0.00544	0.00422	0.00262	0.00592
36	0.00516	0.00378	0.00485	0.00571	0.00612	0.00347	0.00385	0.00595	0.00835	0.01095	0.02606	0.74074	0.13340	0.01299	0.00538	0.00169	0.00243	0.01168	0.00395	0.00347
37	0.01093	0.00931	0.00982	0.00873	0.01120	0.01075	0.00682	0.07148	0.76680	0.01836	0.01688	0.01552	0.01263	0.00573	0.00433	0.00143	0.00345	0.00475	0.00433	0.00677
38	0.05544	0.00859	0.04998	0.00870	0.06905	0.00714	0.00676	0.03749	0.06520	0.31622	0.01167	0.01148	0.00826	0.00430	0.00377	0.00107	0.00368	0.00348	0.00365	0.32408
39	0.00799	0.00738	0.00969	0.00876	0.00943	0.04871	0.00706	0.00927	0.00706	0.01024	0.00863	0.01291	0.00814	0.01934	0.42307	0.00426	0.34655	0.00404	0.00212	0.04537
40	0.01618	0.01192	0.01277	0.00979	0.01320	0.01320	0.00809	0.80973	0.02001	0.02682	0.01022	0.01022	0.00724	0.00511	0.00426	0.00128	0.00468	0.00383	0.00426	0.00724
41	0.00518	0.00370	0.00494	0.00592	0.00617	0.00346	0.00395	0.00592	0.00815	0.01086	0.02345	0.84768	0.02814	0.01333	0.00543	0.00173	0.00247	0.01210	0.00395	0.00346
42	0.00650	0.00514	0.00768	0.00732	0.00803	0.00608	0.02501	0.00787	0.00683	0.00985	0.01095	0.01690	0.01049	0.10392	0.66018	0.00598	0.09054	0.00464	0.00226	0.00382
43	0.01895	0.00746	0.01001	0.00768	0.01097	0.00658	0.00634	0.05796	0.01255	0.78913	0.01648	0.01428	0.01038	0.00526	0.00428	0.00131	0.00367	0.00426	0.00522	0.00724
44	0.04559	0.00727	0.00976	0.00751	0.01078	0.00636	0.00620	0.02048	0.01203	0.80202	0.01645	0.01425	0.01035	0.00523	0.00423	0.00132	0.00361	0.00422	0.00519	0.00716
45	0.00599	0.00437	0.00564	0.00539	0.00643	0.00403	0.00409	0.00793	0.01177	0.01645	0.72690	0.03322	0.09674	0.00900	0.00506	0.00137	0.00211	0.04494	0.00459	0.00398
46	0.01618	0.01192	0.01277	0.00979	0.01320	0.01320	0.00809	0.80973	0.02001	0.02682	0.01022	0.01022	0.00724	0.00511	0.00426	0.00128	0.00468	0.00383	0.00426	0.00724
47	0.00590	0.00434	0.00552	0.00522	0.00628	0.00396	0.00392	0.00779	0.01175	0.01637	0.72428	0.03293	0.13797	0.00896	0.00502	0.00135	0.00203	0.00786	0.00459	0.00396
48	0.86071	0.00831	0.00640	0.00569	0.00834	0.00963	0.00469	0.03078	0.00753	0.01927	0.00602	0.00699	0.00467	0.00398	0.00267	0.00132	0.00332	0.00234	0.00267	0.00467
49	0.00540	0.00399	0.00535	0.00619	0.00643	0.00395	0.00422	0.00615	0.00806	0.01083	0.02254	0.80468	0.02699	0.01303	0.00587	0.00173	0.04557	0.01167	0.00384	0.00352
50	0.01031	0.10811	0.18952	0.01442	0.06840	0.01123	0.35917	0.08485	0.04298	0.01441	0.00900	0.03794	0.00717	0.00431	0.00457	0.00135	0.01959	0.00434	0.00237	0.00597
51	0.01054	0.00951	0.04276	0.00833	0.01130	0.00960	0.00681	0.08400	0.52615	0.01743	0.01402	0.01345	0.01062	0.00502	0.00403	0.00123	0.00354	0.00412	0.00379	0.21374
52	0.02561	0.05259	0.22264	0.02563	0.15622	0.10433	0.09399	0.12826	0.01896	0.03256	0.00812	0.00964	0.00624	0.00433	0.00464	0.00128	0.05397	0.00351	0.00244	0.04503
53	0.01128	0.57670	0.06005	0.00772	0.01114	0.01432	0.00744	0.05306	0.11506	0.03995	0.05980	0.01012	0.00890	0.00439	0.00328	0.00106	0.00430	0.00314	0.00256	0.00572
54	0.00504	0.00431	0.00433	0.00433	0.00576	0.00360	0.00324	0.00614	0.00973	0.01158	0.05481	0.04081	0.81044	0.01075	0.00503	0.00144	0.00215	0.00896	0.00396	0.00360
55	0.00557	0.00481	0.00541	0.00509	0.00663	0.00424	0.03057	0.00739	0.05252	0.01236	0.10535	0.03787	0.68695	0.01010	0.00499	0.00143	0.00238	0.00852	0.00397	0.00387
56	0.03266	0.11865	0.34359	0.04385	0.01532	0.12422	0.01100	0.14751	0.04796	0.06367	0.00865	0.00943	0.00636	0.00438	0.00389	0.00125	0.00561	0.00325	0.00261	0.00613
57	0.00697	0.03948	0.00769	0.00730	0.04930	0.00596	0.00526	0.00975	0.09294	0.01387	0.35495	0.02284	0.02321	0.05658	0.28127	0.00329	0.00563	0.00586	0.00350	0.00435
58	0.00521	0.00372	0.00497	0.00596	0.00622	0.00348	0.00400	0.00598	0.00818	0.01090	0.02344	0.83304	0.02808	0.01330	0.00544	0.00173	0.00250	0.02644	0.00395	0.00346
59	0.04714	0.27552	0.12725	0.09575	0.07012	0.15363	0.05820	0.07766	0.03403	0.01307	0.00742	0.00880	0.00595	0.00409	0.00366	0.00117	0.00556	0.00310	0.00223	0.00566
60	0.00827	0.00764	0.01275	0.54447	0.20043	0.00883	0.01113	0.01080	0.00880	0.01163	0.00985	0.08778	0.00888	0.00535	0.00443	0.00144	0.00516	0.04513	0.00223	0.00501
61	0.00536	0.00380	0.00500	0.00581	0.00605	0.00364	0.00385	0.00604	0.00783	0.01048	0.02157	0.70202	0.02565	0.11950	0.04995	0.00229	0.00313	0.01097	0.00369	0.00336
62	0.01493	0.01096	0.01182	0.00929	0.01235	0.01208	0.00758	0.70721	0.03196	0.02502	0.01156	0.08189	0.00921	0.00582	0.00432	0.00131	0.00440	0.00456	0.02692	0.00682
63	0.01053	0.01011	0.01727	0.02612	0.82392	0.01011	0.01306	0.01306	0.00969	0.01390	0.00800	0.01053	0.00674	0.00379	0.00421	0.00126	0.00505	0.00379	0.00211	0.00674
64	0.00995	0.00807	0.00867	0.00784	0.00998	0.00907	0.00613	0.05089	0.58006	0.02794	0.09493	0.01920	0.04507	0.00635	0.00437	0.00141	0.00317	0.03315	0.06766	0.00609
65	0.08689	0.05347	0.05165	0.03067	0.11292	0.04181	0.02137	0.14388	0.05610	0.01607	0.00826	0.00949	0.00657	0.00413	0.00412	0.00108	0.04530	0.00316	0.00273	0.30032
66	0.00539	0.00400	0.00503	0.00545	0.00614	0.00364	0.00383	0.00656	0.00955	0.01274	0.25379	0.45953	0.18570	0.01152	0.00524	0.00156	0.00228	0.01024	0.00416	0.00364
67	0.01005	0.00809	0.00934	0.00677	0.01049	0.00661	0.00545	0.10916	0.01030	0.04093	0.00818	0.00917	0.00655	0.00346	0.00332	0.00073	0.00335	0.00274	0.00282	0.74248
68	0.03493	0.22961	0.17818	0.03102	0.17343	0.02424	0.05306	0.02116	0.00947	0.09371	0.00871	0.03760	0.00709	0.00424	0.00375	0.00117	0.00490	0.00350	0.00242	0.07782
69	0.30544	0.01261	0.17092	0.04859	0.02835	0.07039	0.04538	0.16105	0.03671	0.07073	0.00841	0.00925	0.00614	0.00435	0.00367	0.00131	0.00480	0.00321	0.00290	0.00578
70	0.00536	0.00431	0.00480	0.00487	0.00610	0.00375	0.00368	0.00666	0.01007	0.01267	0.19917	0.09724	0.55376	0.01060	0.00511	0.00147	0.00226	0.06030	0.00410	0.00369
71	0.00681	0.00659	0.06705	0.12548	0.06726	0.00562	0.00644	0.00894	0.02054	0.03322	0.25143	0.05467	0.30541	0.00818	0.00478	0.00140	0.00319	0.01494	0.00362	0.00442
72	0.06530	0.17163	0.23794	0.01138	0.05399	0.05065	0.11664	0.06379	0.02365	0.08336	0.00879	0.03527	0.00696	0.00457	0.00443	0.00129	0.04831	0.00367	0.00250	0.00589
73	0.00624	0.00428	0.00507	0.04414	0.00591	0.00438	0.00311	0.00643	0.00637	0.00849	0.01343	0.05444	0.01535	0.76755	0.03500	0.00397	0.00427	0.00624	0.00259	0.00273
74	0.00514	0.00431	0.00446	0.00442	0.00581	0.00364	0.00332	0.00632	0.00995	0.01210	0.12771	0.03995	0.73721	0.01055	0.00503	0.00143	0.00214	0.00884	0.00403	0.00364
75	0.00930	0.04013	0.18139	0.13500	0.24856	0.01025	0.08251	0.01270	0.05393	0.01310	0.04729	0.01192	0.02082	0.00479	0.00548	0.00140	0.10938	0.00403	0.00225	0.00579
76	0.09348	0.03576	0.13735	0.05078	0.09568	0.03349	0.01854	0.09492	0.01026	0.08294	0.02664	0.23417	0.01369	0.00716	0.00442	0.00144	0.00425	0.04654	0.00321	0.00529
77	0.00997	0.00617	0.00689	0.01699	0.00771	0.00662	0.00473	0.18776	0.01117	0.04257	0.04493	0.01528	0.01098	0.04721	0.01710	0.04265	0.04416	0.00419	0.46825	0.00467
78	0.01100	0.00905	0.00963	0.00861	0.01105	0.01037	0.00671	0.02252	0.77686	0.05741	0.01729	0.01581	0.01287	0.00575	0.00433	0.00144	0.00338	0.00478	0.00438	0.00676
79	0.01094	0.02160	0.03079	0.03818	0.08923	0.00767	0.09240	0.12494	0.01173	0.17084	0.16583	0.14279	0.04298	0.00692	0.00486	0.00140	0.02141	0.00613	0.00382	0.00555
80	0.01610	0.01268	0.01242	0.00979	0.01300	0.11990	0.00797	0.63922	0.04535	0.06541	0.01032	0.01029	0.00737	0.00504	0.00421	0.00126	0.00497	0.00374	0.00404	0.00692
81	0.00610	0.00445	0.00631	0.00631	0.00688	0.00503	0.00466	0.00726	0.00668	0.00948	0.01188	0.01940	0.01180	0.22968	0.63742	0.00618	0.00964	0.00495	0.00235	0.00350
82	0.88052	0.00823	0.00625	0.00560	0.00823	0.00955	0.00461	0.01251	0.00724	0.01909	0.00592	0.00691	0.00461	0.00395	0.00263	0.00132	0.00329	0.00230	0.00263	0.00461
83	0.01053	0.01011	0.01727	0.02612	0.82392	0.01011	0.01306	0.01306	0.00969	0.01390	0.00800	0.01053	0.00674	0.00379	0.00421	0.00126	0.00505	0.00379	0.00211	0.00674
84	0.00699	0.00458	0.00586	0.00543	0.00666	0.00414	0.00411	0.00883	0.01168	0.08502	0.64038	0.04915	0.13341	0.00876	0.00497	0.00136	0.00217	0.00766	0.00463	0.00422
85	0.01031	0.00989	0.01688	0.09740	0.75434	0.01005	0.01295	0.01287	0.00959	0.01364	0.00797	0.01060	0.00665	0.00383	0.00422	0.00128	0.00511	0.00379	0.00209	0.00656
86	0.00550	0.00405	0.00520	0.00597	0.00643	0.00386	0.00409	0.00689	0.04800	0.01156	0.06295	0.71564	0.06867	0.01258	0.00534	0.00168	0.00249	0.02143	0.00400	0.00366
87	0.00596	0.00434	0.00561	0.00531	0.00632	0.00399	0.00398	0.00791	0.01189	0.01672	0.77457	0.04141	0.07830	0.00885	0.00502	0.00135	0.00202	0.00781	0.00464	0.00399
88	0.00518	0.00371	0.00493	0.00589	0.00616	0.00346	0.00394	0.00593	0.00818	0.01087	0.02382	0.83250	0.04309	0.01328	0.00542	0.00172	0.00246	0.01204	0.00395	0.00346
89	0.01052	0.01030	0.01693	0.06481	0.71363	0.03551	0.03168	0.01299	0.00961	0.01352	0.00787	0.01046	0.00660	0.00395	0.00455	0.00129	0.03339	0.00379	0.00209	0.00649
90	0.01032	0.05160	0.08121	0.05045	0.17223	0.12580	0.02145	0.01209	0.00836	0.01130	0.00674	0.00959	0.00599	0.00662	0.04121	0.00172	0.37254	0.00354	0.00197	0.00526
91	0.01516	0.01874	0.01172	0.01064	0.01286	0.71938	0.00802	0.01777	0.12347	0.01144	0.00807	0.00881	0.00652	0.00458	0.00390	0.00114	0.00708	0.00303	0.00249	0.00518
92	0.00911	0.00829	0.01390	0.50557	0.25086	0.00938	0.03338	0.03100	0.00923	0.03164	0.00882	0.05407	0.00730	0.00462	0.00432	0.00139	0.00530	0.00426	0.00220	0.00538
93	0.00675	0.00513	0.00731	0.02209	0.00819	0.00598	0.00552	0.04880	0.00749	0.01066	0.01121	0.01683	0.01054	0.08847	0.68815	0.00608	0.03989	0.00460	0.00238	0.00393
94	0.00629	0.00429	0.00523	0.00520	0.00532	0.00450	0.00324	0.00647	0.00629	0.00854	0.01273	0.03443	0.01423	0.65295	0.14640	0.04716	0.02563	0.00582	0.00249	0.00279
95	0.00585	0.00431	0.00534	0.00519	0.00624	0.00389	0.00385	0.00751	0.01112	0.02408	0.55199	0.11220	0.22357	0.00960	0.00505	0.00140	0.00210	0.00838	0.00445	0.00390
96	0.00859	0.02166	0.80140	0.01232	0.01854	0.00991	0.04238	0.01348	0.00902	0.01348	0.00767	0.00907	0.00543	0.00403	0.00408	0.00135	0.00632	0.00321	0.00181	0.00627
97	0.01553	0.01160	0.01241	0.00966	0.01295	0.01290	0.00793	0.71924	0.11154	0.02578	0.01103	0.01087	0.00790	0.00518	0.00426	0.00130	0.00453	0.00394	0.00426	0.00718
98	0.02464	0.01120	0.05328	0.05191	0.01330	0.09405	0.03744	0.25385	0.10753	0.08017	0.01020	0.01067	0.00756	0.00448	0.00394	0.00114	0.00457	0.00354	0.01212	0.21440
99	0.00913	0.33212	0.01453	0.00804	0.00973	0.01166	0.03178	0.01033	0.00775	0.01039	0.04625	0.01307	0.00928	0.12606	0.10447	0.00233	0.22254	0.00384	0.02213	0.00456
100	0.01061	0.04910	0.00983	0.01648	0.01056	0.00673	0.00554	0.05627	0.00991	0.11794	0.02264	0.00994	0.00742	0.00366	0.00338	0.00079	0.00337	0.00291	0.00296	0.64997
101	0.01164	0.21595	0.35716	0.00983	0.01429	0.06675	0.01073	0.11151	0.01085	0.10146	0.02648	0.02884	0.00747	0.00455	0.00382	0.00122	0.00530	0.00342	0.00261	0.00610
102	0.00653	0.00465	0.00585	0.00569	0.00678	0.00438	0.00433	0.00868	0.04517	0.03814	0.51322	0.07025	0.12761	0.04897	0.00586	0.00157	0.00245	0.09143	0.00438	0.00407
103	0.00518	0.00384	0.00485	0.00565	0.00614	0.00351	0.00386	0.00601	0.00847	0.01102	0.02721	0.67924	0.18051	0.01281	0.00536	0.00168	0.00243	0.02479	0.00395	0.00349
104	0.01050	0.01072	0.02184	0.09687	0.13105	0.01038	0.56726	0.03136	0.01017	0.05351	0.00886	0.01146	0.00664	0.00379	0.00478	0.00140	0.00651	0.00467	0.00232	0.00589
105	0.00911	0.00849	0.02144	0.22755	0.20776	0.02717	0.06675	0.01283	0.12289	0.02208	0.01253	0.04055	0.02399	0.03432	0.00543	0.00157	0.02746	0.11999	0.00275	0.00536
106	0.00521	0.00372	0.00496	0.00595	0.00621	0.00348	0.00399	0.00597	0.00817	0.01089	0.02344	0.83638	0.02809	0.01331	0.00544	0.00173	0.00249	0.02317	0.00395	0.00346
107	0.00554	0.00404	0.00527	0.00614	0.00654	0.00388	0.00422	0.00691	0.04785	0.01138	0.03513	0.75695	0.02741	0.01282	0.00539	0.00172	0.00257	0.04862	0.00398	0.00365
108	0.01085	0.01069	0.01775	0.16307	0.32605	0.07378	0.23557	0.02344	0.00995	0.05480	0.00841	0.01089	0.00655	0.00404	0.00465	0.00134	0.02585	0.00408	0.00227	0.00595
109	0.01155	0.82182	0.02191	0.00742	0.01100	0.04744	0.00732	0.01290	0.00877	0.01003	0.00594	0.00686	0.00546	0.00367	0.00277	0.00092	0.00467	0.00229	0.00183	0.00544
110	0.02585	0.05149	0.20424	0.02004	0.03183	0.01805	0.00866	0.12312	0.01853	0.01525	0.00783	0.00909	0.00617	0.00399	0.00416	0.00102	0.05219	0.00298	0.00252	0.39298
111	0.01500	0.00535	0.01758	0.02012	0.01691	0.00499	0.03160	0.00933	0.07358	0.01609	0.58421	0.03008	0.13383	0.00836	0.00492	0.00137	0.00249	0.01554	0.00434	0.00431
112	0.00511	0.00431	0.00443	0.00440	0.00580	0.00363	0.00330	0.00627	0.00990	0.01197	0.11014	0.04016	0.75485	0.01060	0.00503	0.00143	0.00214	0.00887	0.00401	0.00363
113	0.23476	0.01001	0.01361	0.11740	0.07054	0.03775	0.17142	0.18027	0.01148	0.10023	0.00885	0.01014	0.00645	0.00429	0.00398	0.00133	0.00498	0.00368	0.00300	0.00583
114	0.03822	0.06982	0.17872	0.09904	0.08327	0.00984	0.07802	0.11125	0.05444	0.06818	0.00919	0.01073	0.00698	0.00423	0.00396	0.00121	0.00490	0.01392	0.00271	0.15137
115	0.02169	0.00565	0.00711	0.00620	0.00788	0.00552	0.04339	0.08050	0.01031	0.17089	0.01500	0.13994	0.01271	0.00651	0.00422	0.02813	0.00292	0.00526	0.42133	0.00483
116	0.00772	0.00709	0.01168	0.71386	0.02592	0.00864	0.01074	0.01037	0.00877	0.01128	0.04964	0.03453	0.03493	0.00525	0.00442	0.00145	0.00522	0.04167	0.00224	0.00459
117	0.00705	0.00482	0.00618	0.00643	0.03780	0.00450	0.00447	0.02061	0.02780	0.07579	0.31108	0.25021	0.16483	0.03821	0.01903	0.00164	0.00269	0.00847	0.00418	0.00420
118	0.00943	0.09435	0.06700	0.17242	0.04339	0.00978	0.19282	0.04765	0.03942	0.04547	0.04603	0.09753	0.04657	0.00576	0.00512	0.00141	0.06272	0.00517	0.00269	0.00527
119	0.16954	0.06518	0.08402	0.12654	0.02110	0.07912	0.00817	0.12085	0.11821	0.04818	0.02288	0.01040	0.00744	0.00461	0.00409	0.00127	0.03359	0.00341	0.00291	0.06851
120	0.05612	0.08817	0.20205	0.02406	0.04299	0.03678	0.01981	0.15174	0.14941	0.14349	0.03639	0.01173	0.00893	0.00482	0.00402	0.00130	0.00466	0.00379	0.00336	0.00638

[dist]
# distance from previous block
# <min> <max>
0	136

[block]
# block no. 2 follows, 62 sequences, length 7
# corresponding to MSA columns:
# 536-542
name=unknown_C
#
# <colnr> <probs for GDERKNQSTAVLIFYWHMCP>
#	G	D	E	R	K	N	Q	S	T	A	V	L	I	F	Y	W	H	M	C	P
0	0.02375	0.13819	0.25494	0.01075	0.05810	0.07567	0.05050	0.02872	0.00939	0.06127	0.02208	0.02493	0.04723	0.03293	0.00562	0.00141	0.09319	0.02650	0.00243	0.03240
1	0.00912	0.14972	0.11884	0.05293	0.08371	0.00899	0.03889	0.01244	0.10980	0.04253	0.03702	0.14772	0.01222	0.06036	0.00523	0.00145	0.00421	0.00513	0.00285	0.09682
2	0.01175	0.05398	0.11742	0.01491	0.15568	0.05620	0.27820	0.01496	0.04415	0.15448	0.02896	0.01212	0.00825	0.02394	0.00481	0.00139	0.00563	0.00426	0.00279	0.00611
3	0.00783	0.00682	0.04781	0.00694	0.00863	0.00648	0.00552	0.01306	0.28945	0.03956	0.21882	0.21914	0.09544	0.00864	0.00481	0.00148	0.00286	0.00753	0.00420	0.00500
4	0.00782	0.04098	0.01004	0.00850	0.00899	0.00917	0.00686	0.00901	0.00815	0.01183	0.19892	0.10132	0.04019	0.03704	0.05134	0.00200	0.43503	0.00571	0.00283	0.00428
5	0.01428	0.01003	0.01107	0.00883	0.01173	0.01089	0.00716	0.51930	0.12246	0.10043	0.09747	0.04244	0.01248	0.00587	0.00439	0.00132	0.00405	0.00469	0.00440	0.00670
6	0.00625	0.00422	0.00494	0.00502	0.00519	0.00420	0.00312	0.00658	0.00694	0.00929	0.06650	0.03022	0.01801	0.70806	0.01893	0.00372	0.00397	0.08918	0.00285	0.00281

[dist]
# distance from previous block
# <min> <max>
0	1

[block]
# block no. 3 follows, 62 sequences, length 15
# corresponding to MSA columns:
# 544-558
name=unknown_D
#
# <colnr> <probs for GDERKNQSTAVLIFYWHMCP>
#	G	D	E	R	K	N	Q	S	T	A	V	L	I	F	Y	W	H	M	C	P
0	0.00837	0.01923	0.67068	0.01212	0.01764	0.00936	0.09369	0.01278	0.00901	0.01324	0.00922	0.08827	0.00764	0.00487	0.00427	0.00139	0.00602	0.00418	0.00204	0.00597
1	0.00537	0.00432	0.00478	0.00466	0.00595	0.00374	0.00350	0.00676	0.01050	0.01339	0.30747	0.03784	0.55665	0.01007	0.00503	0.00140	0.00211	0.00854	0.00420	0.00374
2	0.01162	0.12063	0.04218	0.08126	0.11258	0.07531	0.03091	0.07672	0.01041	0.14060	0.01157	0.09016	0.03471	0.00579	0.01456	0.00133	0.04934	0.00444	0.00297	0.08290
3	0.15319	0.13588	0.04140	0.03210	0.01486	0.05952	0.26198	0.02629	0.03490	0.05126	0.00803	0.00958	0.00625	0.00398	0.00417	0.00122	0.03355	0.00352	0.00245	0.11586
4	0.05821	0.12005	0.28827	0.00969	0.03503	0.05312	0.00977	0.08953	0.04720	0.11159	0.08626	0.01305	0.01044	0.00555	0.02120	0.00140	0.00498	0.02577	0.00298	0.00593
5	0.05356	0.12520	0.05884	0.05984	0.12187	0.03036	0.08180	0.10030	0.01878	0.07369	0.00993	0.03151	0.00849	0.00582	0.01960	0.00147	0.10197	0.06106	0.03028	0.00562
6	0.00580	0.00448	0.00551	0.04911	0.00730	0.00418	0.00415	0.00728	0.01021	0.01350	0.35983	0.07118	0.30455	0.08886	0.00661	0.00169	0.00256	0.04542	0.00402	0.00374
7	0.00882	0.06209	0.67386	0.01206	0.01753	0.01057	0.05140	0.01314	0.00878	0.01300	0.00740	0.00902	0.00546	0.00432	0.00496	0.00138	0.08506	0.00324	0.00182	0.00607
8	0.09221	0.07807	0.07533	0.00981	0.07950	0.11434	0.04347	0.04687	0.11166	0.03898	0.06520	0.07591	0.10893	0.00612	0.00433	0.00132	0.01885	0.00499	0.00311	0.02100
9	0.00583	0.00431	0.00547	0.00552	0.00639	0.00402	0.00401	0.00771	0.03520	0.01483	0.50162	0.26156	0.10739	0.01010	0.00511	0.00146	0.00219	0.00896	0.00440	0.00390
10	0.00994	0.01035	0.02026	0.05973	0.35290	0.01007	0.39960	0.01297	0.00993	0.01379	0.05120	0.01215	0.00831	0.00397	0.00465	0.00136	0.00595	0.00460	0.00225	0.00601
11	0.01037	0.01029	0.06587	0.16056	0.45221	0.00989	0.08169	0.01404	0.08561	0.05395	0.00927	0.01136	0.00723	0.00413	0.00429	0.00133	0.00519	0.00398	0.00242	0.00631
12	0.00867	0.00851	0.03623	0.65414	0.02677	0.00970	0.11005	0.01154	0.00872	0.03455	0.00787	0.01129	0.00590	0.00434	0.00479	0.00144	0.04458	0.00393	0.00202	0.00496
13	0.00793	0.00397	0.00397	0.00397	0.00496	0.00397	0.00297	0.00991	0.00892	0.01586	0.01388	0.01586	0.01091	0.00496	0.00297	0.00099	0.00198	0.00397	0.87408	0.00397
14	0.00796	0.00723	0.00860	0.05197	0.04866	0.08738	0.06360	0.00967	0.03002	0.04256	0.02283	0.25817	0.24550	0.00862	0.00472	0.00140	0.00366	0.00755	0.00337	0.08653

[dist]
# distance from previous block
# <min> <max>
0	2

[block]
# block no. 4 follows, 62 sequences, length 7
# corresponding to MSA columns:
# 561-567
name=unknown_E
#
# <colnr> <probs for GDERKNQSTAVLIFYWHMCP>
#	G	D	E	R	K	N	Q	S	T	A	V	L	I	F	Y	W	H	M	C	P
0	0.02879	0.12966	0.26944	0.01007	0.04957	0.02832	0.03343	0.04369	0.00974	0.14905	0.01154	0.14281	0.01012	0.00586	0.00456	0.00135	0.04277	0.00476	0.01872	0.00574
1	0.00547	0.00404	0.00519	0.00599	0.00659	0.00375	0.00437	0.00650	0.00874	0.01133	0.02685	0.54963	0.17197	0.01257	0.00544	0.00172	0.00269	0.15964	0.00394	0.00357
2	0.19688	0.10661	0.34681	0.01006	0.01437	0.13324	0.04777	0.04531	0.00963	0.04246	0.00739	0.00847	0.00554	0.00409	0.00363	0.00126	0.00555	0.00297	0.00227	0.00568
3	0.14485	0.00514	0.00630	0.00631	0.00720	0.00582	0.00478	0.00830	0.00733	0.01204	0.01315	0.19554	0.01346	0.05756	0.36471	0.00393	0.05188	0.00581	0.08201	0.00386
4	0.00841	0.00702	0.00816	0.00604	0.00922	0.00543	0.00465	0.01000	0.00841	0.01298	0.00849	0.01184	0.00776	0.13747	0.00608	0.00118	0.00331	0.00310	0.00253	0.73794
5	0.00704	0.00440	0.00576	0.00611	0.00701	0.00404	0.00451	0.00823	0.00946	0.10291	0.12166	0.46028	0.11689	0.01138	0.00527	0.00163	0.00269	0.11254	0.00418	0.00402
6	0.00620	0.00476	0.00594	0.00621	0.00719	0.00439	0.00435	0.00805	0.07458	0.01191	0.02043	0.64644	0.02344	0.01110	0.00498	0.00153	0.00265	0.00998	0.00375	0.14212

[dist]
# distance from previous block
# <min> <max>
0	1

[block]
# block no. 5 follows, 62 sequences, length 11
# corresponding to MSA columns:
# 569-579
name=unknown_F
#
# <colnr> <probs for GDERKNQSTAVLIFYWHMCP>
#	G	D	E	R	K	N	Q	S	T	A	V	L	I	F	Y	W	H	M	C	P
0	0.01217	0.01447	0.35995	0.01463	0.23513	0.00910	0.01219	0.04427	0.01043	0.23104	0.01027	0.01092	0.00720	0.00434	0.00416	0.00131	0.00518	0.00365	0.00290	0.00670
1	0.00840	0.01808	0.60673	0.23719	0.02138	0.00977	0.01466	0.01277	0.00885	0.01277	0.00762	0.00963	0.00547	0.00410	0.00410	0.00137	0.00612	0.00332	0.00182	0.00586
2	0.00696	0.00585	0.00852	0.00802	0.00857	0.00742	0.00640	0.00832	0.00675	0.00998	0.00982	0.01470	0.00926	0.02526	0.61084	0.00549	0.23732	0.00433	0.00217	0.00403
3	0.01081	0.62371	0.01978	0.00834	0.01099	0.01580	0.00783	0.01206	0.00807	0.01007	0.00583	0.00750	0.00549	0.00468	0.00578	0.00117	0.23234	0.00267	0.00183	0.00524
4	0.00619	0.00413	0.00464	0.00464	0.00464	0.00413	0.00258	0.00619	0.00619	0.00825	0.01341	0.02785	0.01547	0.85046	0.02166	0.00413	0.00413	0.00619	0.00258	0.00258
5	0.00903	0.00870	0.01379	0.49922	0.28300	0.03538	0.01165	0.01188	0.02948	0.01203	0.00928	0.01222	0.03750	0.00440	0.00426	0.00136	0.00534	0.00398	0.00211	0.00539
6	0.03804	0.01589	0.04264	0.02747	0.03004	0.47834	0.00817	0.01794	0.23009	0.03145	0.00977	0.01027	0.00764	0.00483	0.00426	0.00124	0.03014	0.00341	0.00282	0.00554
7	0.01115	0.62393	0.02093	0.01240	0.23188	0.01501	0.00885	0.01283	0.00893	0.01107	0.00648	0.00783	0.00581	0.00368	0.00313	0.00101	0.00469	0.00269	0.00190	0.00581
8	0.01309	0.04134	0.07474	0.02597	0.01312	0.05383	0.02850	0.34782	0.25685	0.04343	0.03460	0.01234	0.00961	0.00523	0.00440	0.00133	0.01928	0.00411	0.00380	0.00661
9	0.00812	0.00574	0.00740	0.08513	0.05102	0.02933	0.00559	0.02146	0.00984	0.10940	0.16210	0.27353	0.13081	0.04929	0.00584	0.00161	0.01586	0.01976	0.00381	0.00439
10	0.01321	0.01595	0.01033	0.00944	0.01131	0.60797	0.00708	0.01456	0.01205	0.01222	0.22811	0.01423	0.01490	0.00556	0.00416	0.00116	0.00613	0.00409	0.00287	0.00468

[dist]
# distance from previous block
# <min> <max>
0	4

[block]
# block no. 6 follows, 62 sequences, length 10
# corresponding to MSA columns:
# 584-593
name=unknown_G
#
# <colnr> <probs for GDERKNQSTAVLIFYWHMCP>
#	G	D	E	R	K	N	Q	S	T	A	V	L	I	F	Y	W	H	M	C	P
0	0.01062	0.00877	0.05378	0.00808	0.04130	0.00730	0.00648	0.01506	0.19990	0.12065	0.01109	0.01130	0.00840	0.00412	0.00366	0.00097	0.00350	0.00337	0.00325	0.47839
1	0.17992	0.37647	0.01504	0.00798	0.01091	0.21103	0.00689	0.04114	0.07034	0.01319	0.02790	0.00848	0.00681	0.00422	0.00321	0.00110	0.00491	0.00277	0.00241	0.00529
2	0.00627	0.00495	0.00577	0.00603	0.00704	0.00491	0.00433	0.00938	0.16458	0.01292	0.10044	0.42911	0.20639	0.01087	0.00509	0.00157	0.00253	0.00958	0.00409	0.00417
3	0.06795	0.21526	0.13935	0.01021	0.06432	0.16278	0.00889	0.19131	0.01196	0.01562	0.03499	0.00935	0.00716	0.00438	0.00365	0.00115	0.00521	0.00316	0.01757	0.02575
4	0.00544	0.00431	0.00496	0.00533	0.00644	0.00383	0.00409	0.00665	0.00950	0.01180	0.06139	0.19745	0.49039	0.01139	0.00527	0.00159	0.00255	0.16002	0.00397	0.00364
5	0.01268	0.51769	0.12352	0.00845	0.01231	0.05373	0.03135	0.01461	0.00958	0.16799	0.00834	0.00876	0.00646	0.00404	0.00332	0.00107	0.00482	0.00288	0.00251	0.00589
6	0.00538	0.00378	0.00488	0.00568	0.00588	0.00359	0.00369	0.00598	0.00777	0.01036	0.02152	0.68970	0.02570	0.17465	0.00856	0.00219	0.00279	0.01096	0.00369	0.00329
7	0.00921	0.00846	0.01396	0.17987	0.51193	0.00883	0.01080	0.01131	0.00879	0.01222	0.00896	0.01403	0.00822	0.16704	0.00758	0.00185	0.00500	0.00425	0.00216	0.00555
8	0.01080	0.00869	0.00978	0.00723	0.01081	0.00777	0.00585	0.24234	0.01210	0.01753	0.00980	0.01055	0.04018	0.00403	0.00355	0.00085	0.00355	0.00317	0.00308	0.58833
9	0.03617	0.01096	0.01177	0.00982	0.01231	0.13693	0.08682	0.16961	0.25590	0.06377	0.01300	0.01505	0.02362	0.04699	0.00568	0.00152	0.04669	0.04393	0.00354	0.00592

[dist]
# distance from previous block
# <min> <max>
0	1

[block]
# block no. 7 follows, 62 sequences, length 13
# corresponding to MSA columns:
# 597-609
name=unknown_H
#
# <colnr> <probs for GDERKNQSTAVLIFYWHMCP>
#	G	D	E	R	K	N	Q	S	T	A	V	L	I	F	Y	W	H	M	C	P
0	0.00835	0.00786	0.01324	0.05752	0.08126	0.02489	0.23959	0.03749	0.02828	0.01528	0.36186	0.03298	0.04416	0.00638	0.00502	0.00138	0.01999	0.00610	0.00342	0.00496
1	0.00647	0.00534	0.00628	0.00571	0.00747	0.00455	0.00426	0.00772	0.00888	0.01214	0.04137	0.28100	0.26695	0.00896	0.00485	0.00128	0.03066	0.00767	0.00344	0.28503
2	0.00833	0.00797	0.01283	0.64556	0.02505	0.01029	0.01123	0.01072	0.00804	0.01072	0.00710	0.01087	0.00565	0.00500	0.00653	0.00152	0.20221	0.00377	0.00188	0.00471
3	0.00906	0.00764	0.00902	0.00666	0.01011	0.00626	0.00534	0.05553	0.00925	0.01422	0.00793	0.00947	0.00664	0.00540	0.06206	0.00114	0.02581	0.00277	0.00258	0.74309
4	0.00608	0.00456	0.00684	0.00684	0.00760	0.00532	0.00532	0.00760	0.00684	0.00988	0.01140	0.01672	0.01064	0.03191	0.83360	0.00684	0.01140	0.00456	0.00228	0.00380
5	0.00942	0.00965	0.02051	0.01502	0.01832	0.00910	0.61949	0.01173	0.00899	0.01216	0.00832	0.01182	0.00668	0.00622	0.00775	0.20685	0.00636	0.00471	0.00208	0.00483
6	0.01043	0.01808	0.54594	0.01110	0.01625	0.01056	0.01286	0.20107	0.07926	0.01707	0.03119	0.01047	0.00741	0.00456	0.00414	0.00134	0.00555	0.00357	0.00266	0.00649
7	0.00936	0.00855	0.01388	0.01951	0.54612	0.00872	0.02601	0.01143	0.02476	0.01247	0.00972	0.01557	0.00929	0.20298	0.00877	0.00198	0.03963	0.02337	0.00230	0.00559
8	0.08877	0.01128	0.01202	0.00928	0.01261	0.01240	0.00767	0.68732	0.01838	0.08259	0.01032	0.01024	0.00725	0.00502	0.00412	0.00128	0.00449	0.00373	0.00419	0.00702
9	0.00539	0.00390	0.00538	0.00614	0.00651	0.00389	0.00427	0.00632	0.00784	0.01063	0.02062	0.65256	0.02403	0.01769	0.19990	0.00293	0.00457	0.01033	0.00356	0.00354
10	0.01296	0.00990	0.01257	0.19944	0.01619	0.01169	0.00906	0.36965	0.01352	0.09030	0.00911	0.01064	0.00678	0.00548	0.00654	0.00145	0.20159	0.00383	0.00324	0.00606
11	0.00951	0.00870	0.01431	0.02107	0.63154	0.00870	0.01060	0.01145	0.00887	0.01257	0.00927	0.01460	0.00879	0.20260	0.00831	0.00194	0.00484	0.00435	0.00222	0.00576
12	0.00663	0.00467	0.00624	0.00688	0.00763	0.00464	0.00561	0.00813	0.00914	0.01204	0.08731	0.04191	0.02368	0.20844	0.00951	0.00242	0.00381	0.54403	0.00367	0.00361

[dist]
# distance from previous block
# <min> <max>
0	2

[block]
# block no. 8 follows, 62 sequences, length 71
# corresponding to MSA columns:
# 612-682
name=unknown_I
#
# <colnr> <probs for GDERKNQSTAVLIFYWHMCP>
#	G	D	E	R	K	N	Q	S	T	A	V	L	I	F	Y	W	H	M	C	P
0	0.00610	0.00409	0.00467	0.00475	0.00477	0.00407	0.00270	0.00616	0.00636	0.00848	0.01428	0.09909	0.01657	0.77772	0.02025	0.00392	0.00398	0.00670	0.00270	0.00265
1	0.85740	0.00833	0.00643	0.00571	0.00836	0.00964	0.00470	0.03383	0.00758	0.01930	0.00604	0.00700	0.00468	0.00398	0.00268	0.00132	0.00333	0.00234	0.00268	0.00468
2	0.09103	0.01923	0.01155	0.01050	0.01273	0.76179	0.00791	0.01660	0.01164	0.01117	0.00652	0.00761	0.00541	0.00435	0.00373	0.00112	0.00729	0.00270	0.00223	0.00490
3	0.79051	0.00861	0.00693	0.00603	0.00875	0.00993	0.00497	0.09553	0.00857	0.01990	0.00637	0.00726	0.00488	0.00407	0.00280	0.00131	0.00344	0.00246	0.00280	0.00488
4	0.00815	0.00771	0.01279	0.76819	0.02773	0.00976	0.01160	0.01082	0.00834	0.01082	0.00739	0.01117	0.00566	0.00453	0.00510	0.00146	0.07841	0.00378	0.00189	0.00472
5	0.01803	0.00704	0.00961	0.00759	0.01068	0.00614	0.00631	0.01970	0.01197	0.75612	0.01729	0.01740	0.01175	0.00583	0.00442	0.00137	0.00365	0.07302	0.00515	0.00695
6	0.00832	0.00772	0.01286	0.62288	0.16844	0.00911	0.01123	0.01085	0.00852	0.01118	0.00815	0.01263	0.00671	0.07771	0.00576	0.00163	0.00543	0.00399	0.00199	0.00490
7	0.01522	0.01120	0.01209	0.00945	0.01259	0.01235	0.00773	0.73988	0.01898	0.02543	0.01137	0.08299	0.00905	0.00582	0.00436	0.00132	0.00449	0.00455	0.00423	0.00691
8	0.80492	0.00831	0.00655	0.00586	0.00848	0.00964	0.00479	0.01339	0.07754	0.01898	0.00691	0.00769	0.00534	0.00411	0.00278	0.00133	0.00330	0.00252	0.00278	0.00479
9	0.00569	0.00428	0.00486	0.00475	0.00594	0.00379	0.00355	0.00721	0.01053	0.01410	0.35436	0.06051	0.41084	0.00951	0.00486	0.00137	0.00209	0.00812	0.07986	0.00379
10	0.00504	0.00426	0.00436	0.00445	0.00578	0.00358	0.00330	0.00609	0.00956	0.01144	0.04140	0.11105	0.75319	0.01100	0.00506	0.00146	0.00218	0.00925	0.00395	0.00358
11	0.00603	0.00437	0.00579	0.00548	0.00646	0.00413	0.00413	0.00799	0.01159	0.01644	0.75126	0.03047	0.03758	0.01072	0.07702	0.00182	0.00282	0.00742	0.00448	0.00400
12	0.00518	0.00370	0.00494	0.00592	0.00617	0.00346	0.00395	0.00592	0.00815	0.01086	0.02345	0.84768	0.02814	0.01333	0.00543	0.00173	0.00247	0.01210	0.00395	0.00346
13	0.00882	0.00756	0.00882	0.00630	0.01008	0.00567	0.00504	0.01071	0.00882	0.01387	0.00756	0.00882	0.00630	0.00315	0.00315	0.00063	0.00315	0.00252	0.00252	0.87647
14	0.00801	0.00428	0.00439	0.00417	0.00540	0.00411	0.00315	0.00998	0.00891	0.01569	0.01333	0.01525	0.01051	0.00480	0.00299	0.00096	0.00208	0.00384	0.79835	0.07979
15	0.88052	0.00823	0.00625	0.00560	0.00823	0.00955	0.00461	0.01251	0.00724	0.01909	0.00592	0.00691	0.00461	0.00395	0.00263	0.00132	0.00329	0.00230	0.00263	0.00461
16	0.01900	0.00739	0.00996	0.00764	0.01093	0.00647	0.00631	0.04516	0.01242	0.80210	0.01658	0.01435	0.01043	0.00526	0.00428	0.00132	0.00365	0.00427	0.00524	0.00724
17	0.88052	0.00823	0.00625	0.00560	0.00823	0.00955	0.00461	0.01251	0.00724	0.01909	0.00592	0.00691	0.00461	0.00395	0.00263	0.00132	0.00329	0.00230	0.00263	0.00461
18	0.01053	0.01011	0.01727	0.02612	0.82392	0.01011	0.01306	0.01306	0.00969	0.01390	0.00800	0.01053	0.00674	0.00379	0.00421	0.00126	0.00505	0.00379	0.00211	0.00674
19	0.01246	0.01007	0.01068	0.00904	0.01178	0.01146	0.00719	0.28726	0.54852	0.02083	0.01493	0.01397	0.01105	0.00555	0.00431	0.00139	0.00381	0.00448	0.00431	0.00690
20	0.00518	0.00370	0.00494	0.00592	0.00617	0.00346	0.00395	0.00592	0.00815	0.01086	0.02345	0.84768	0.02814	0.01333	0.00543	0.00173	0.00247	0.01210	0.00395	0.00346
21	0.00602	0.00435	0.00569	0.00535	0.00636	0.00401	0.00401	0.00803	0.01204	0.01706	0.82167	0.03178	0.04015	0.00870	0.00502	0.00134	0.00201	0.00770	0.00468	0.00401
22	0.88052	0.00823	0.00625	0.00560	0.00823	0.00955	0.00461	0.01251	0.00724	0.01909	0.00592	0.00691	0.00461	0.00395	0.00263	0.00132	0.00329	0.00230	0.00263	0.00461
23	0.00567	0.00434	0.00520	0.00498	0.00614	0.00386	0.00374	0.00734	0.01121	0.01507	0.54358	0.03506	0.31949	0.00944	0.00502	0.00137	0.00206	0.00815	0.00442	0.00386
24	0.01163	0.00947	0.01007	0.00878	0.01136	0.01082	0.00691	0.13344	0.67917	0.04412	0.01630	0.01503	0.01210	0.00566	0.00432	0.00142	0.00356	0.00466	0.00435	0.00682
25	0.01909	0.00724	0.00987	0.00757	0.01086	0.00625	0.00625	0.02074	0.01218	0.82687	0.01679	0.01448	0.01053	0.00527	0.00428	0.00132	0.00362	0.00428	0.00527	0.00724
26	0.01739	0.00676	0.00903	0.00706	0.01001	0.00592	0.00579	0.01909	0.01176	0.70642	0.03335	0.01502	0.01120	0.00530	0.00413	0.00128	0.00338	0.00431	0.11603	0.00676
27	0.00896	0.00480	0.00499	0.00470	0.00599	0.00491	0.00360	0.04126	0.06941	0.05432	0.01413	0.01559	0.01091	0.00504	0.00318	0.00105	0.00226	0.00404	0.73641	0.00445
28	0.03350	0.00889	0.00997	0.12573	0.01356	0.01040	0.00739	0.02069	0.68080	0.01686	0.01564	0.01500	0.01173	0.00551	0.00427	0.00144	0.00369	0.00460	0.00394	0.00640
29	0.00561	0.00435	0.00511	0.00497	0.00617	0.00386	0.00376	0.00720	0.01093	0.01445	0.45029	0.03638	0.38651	0.00972	0.00505	0.00140	0.00214	0.03394	0.00433	0.00382
30	0.01003	0.01004	0.01494	0.35507	0.42421	0.08826	0.01209	0.01255	0.00944	0.01234	0.00769	0.01059	0.00619	0.00404	0.00419	0.00131	0.00555	0.00369	0.00203	0.00575
31	0.01046	0.01003	0.01714	0.05012	0.80049	0.01009	0.01302	0.01299	0.00965	0.01381	0.00799	0.01056	0.00671	0.00380	0.00421	0.00127	0.00507	0.00379	0.00210	0.00668
