[name]
unknown

[dist]
# distance from previous block
# <min> <max>
3	132

[block]
# block no. 0 follows, 59 sequences, length 22
# corresponding to MSA columns:
# 208-229
name=unknown_A
#
# <colnr> <probs for GDERKNQSTAVLIFYWHMCP>
#	G	D	E	R	K	N	Q	S	T	A	V	L	I	F	Y	W	H	M	C	P
0	0.22091	0.00780	0.00855	0.00750	0.03091	0.01593	0.00589	0.05725	0.05044	0.18602	0.04075	0.01823	0.08232	0.00600	0.00407	0.00131	0.00356	0.08325	0.00377	0.16554
1	0.07085	0.00937	0.01203	0.01098	0.06575	0.02958	0.03467	0.08440	0.08037	0.03551	0.00997	0.08881	0.00916	0.00717	0.02166	0.00167	0.33898	0.00464	0.00284	0.08161
2	0.03249	0.00934	0.02274	0.12714	0.08518	0.01737	0.04736	0.17681	0.08140	0.06329	0.09164	0.01410	0.01132	0.00516	0.00454	0.00128	0.02331	0.01674	0.00339	0.16539
3	0.07391	0.01080	0.01382	0.04714	0.07293	0.08301	0.11823	0.12469	0.08167	0.12776	0.01014	0.01126	0.00762	0.00504	0.00567	0.00139	0.11930	0.00396	0.00320	0.07846
4	0.01226	0.01206	0.08661	0.04413	0.29924	0.06639	0.06411	0.12759	0.12221	0.06957	0.01139	0.01245	0.02867	0.00476	0.00442	0.00135	0.00521	0.00419	0.00307	0.02033
5	0.00746	0.00534	0.00627	0.00582	0.00731	0.00500	0.00448	0.07806	0.01186	0.03678	0.34501	0.08670	0.24142	0.00921	0.00498	0.00142	0.00257	0.04399	0.06285	0.03346
6	0.00996	0.00842	0.01211	0.18544	0.01531	0.03146	0.06201	0.02986	0.04605	0.08306	0.03150	0.11417	0.01089	0.03489	0.00888	0.02452	0.27834	0.00530	0.00282	0.00501
7	0.03665	0.01065	0.01170	0.00931	0.01234	0.01178	0.00761	0.48761	0.14299	0.11391	0.01243	0.01225	0.00892	0.00550	0.00478	0.00137	0.04297	0.00415	0.05603	0.00703
8	0.00670	0.00503	0.00599	0.00583	0.00701	0.00475	0.00431	0.07709	0.01160	0.01552	0.34964	0.23338	0.23572	0.01045	0.00525	0.00151	0.00249	0.00911	0.00444	0.00420
9	0.17115	0.04180	0.01097	0.00956	0.09457	0.01828	0.00699	0.11079	0.01186	0.35993	0.01212	0.01179	0.00836	0.00476	0.00391	0.00126	0.00397	0.00369	0.03148	0.08274
10	0.08381	0.00432	0.00567	0.00561	0.00585	0.00444	0.00374	0.00649	0.00601	0.00888	0.00851	0.01530	0.00873	0.14404	0.01680	0.65942	0.00387	0.00411	0.00211	0.00229
11	0.01551	0.01597	0.01264	0.01076	0.01330	0.39658	0.00845	0.29397	0.08495	0.01746	0.00905	0.00979	0.00703	0.00522	0.00511	0.00131	0.08008	0.00352	0.00319	0.00610
12	0.00894	0.00641	0.02108	0.00631	0.01586	0.01823	0.00498	0.02892	0.00990	0.04119	0.13425	0.01636	0.01412	0.00606	0.01981	0.00122	0.07619	0.00435	0.37614	0.18968
13	0.01144	0.38524	0.01592	0.00827	0.01097	0.03255	0.00726	0.12070	0.12709	0.01440	0.01108	0.07680	0.01843	0.00580	0.00467	0.00127	0.07744	0.02127	0.04369	0.00573
14	0.87598	0.00854	0.00649	0.00581	0.00854	0.00991	0.00478	0.01298	0.00752	0.01982	0.00615	0.00717	0.00478	0.00410	0.00273	0.00137	0.00342	0.00239	0.00273	0.00478
15	0.01148	0.01049	0.01296	0.23909	0.09224	0.06973	0.03776	0.13745	0.28907	0.01666	0.01175	0.01283	0.00889	0.00512	0.00467	0.00143	0.02455	0.00427	0.00327	0.00627
16	0.00940	0.00761	0.01156	0.29783	0.17129	0.00841	0.00926	0.08101	0.00994	0.05348	0.01230	0.16372	0.01181	0.08117	0.03731	0.00195	0.01813	0.00577	0.00286	0.00520
17	0.00554	0.00415	0.00517	0.00586	0.00655	0.00379	0.00418	0.00658	0.00923	0.01195	0.06995	0.52299	0.23332	0.01276	0.00555	0.00172	0.00259	0.08031	0.00414	0.00370
18	0.01890	0.00731	0.00996	0.00770	0.01096	0.00633	0.00633	0.02063	0.01263	0.76609	0.07128	0.01625	0.01301	0.00571	0.00449	0.00137	0.00365	0.00468	0.00543	0.00729
19	0.01340	0.00983	0.01148	0.00935	0.01219	0.01078	0.04679	0.33464	0.26249	0.08530	0.01372	0.01384	0.01017	0.00791	0.07748	0.00188	0.00491	0.00447	0.06264	0.00673
20	0.66297	0.00840	0.00702	0.00614	0.00873	0.00956	0.00501	0.10119	0.00939	0.02032	0.04496	0.00957	0.00738	0.00456	0.00307	0.00133	0.00340	0.00298	0.07903	0.00500
21	0.09366	0.01016	0.01167	0.08227	0.01395	0.01092	0.00783	0.41063	0.05570	0.24015	0.01218	0.01190	0.00835	0.00519	0.00428	0.00136	0.00445	0.00401	0.00434	0.00701

[dist]
# distance from previous block
# <min> <max>
1	2

[block]
# block no. 1 follows, 59 sequences, length 15
# corresponding to MSA columns:
# 232-246
name=unknown_B
#
# <colnr> <probs for GDERKNQSTAVLIFYWHMCP>
#	G	D	E	R	K	N	Q	S	T	A	V	L	I	F	Y	W	H	M	C	P
0	0.05317	0.01076	0.07806	0.17770	0.42676	0.01029	0.08116	0.03183	0.00994	0.01439	0.03799	0.01165	0.00781	0.00435	0.00464	0.00139	0.02557	0.00407	0.00230	0.00621
1	0.03830	0.01070	0.01063	0.00978	0.04834	0.08984	0.00731	0.18927	0.41514	0.01890	0.01672	0.04116	0.07209	0.00619	0.00446	0.00142	0.00418	0.00500	0.00406	0.00650
2	0.00877	0.00514	0.00664	0.00621	0.00766	0.00471	0.00474	0.01078	0.03482	0.16841	0.40172	0.16177	0.10628	0.00940	0.00515	0.00149	0.00263	0.04422	0.00473	0.00475
3	0.01132	0.00886	0.01140	0.36940	0.01937	0.03484	0.00906	0.20759	0.06905	0.05585	0.04120	0.01327	0.00912	0.00507	0.00427	0.00136	0.00479	0.00418	0.11430	0.00570
4	0.00657	0.00507	0.00587	0.00551	0.00689	0.00472	0.00417	0.05545	0.03118	0.01593	0.42830	0.05398	0.34066	0.00969	0.00516	0.00144	0.00236	0.00830	0.00451	0.00425
5	0.00759	0.00427	0.00578	0.00567	0.00599	0.00428	0.00379	0.00695	0.00662	0.04557	0.01215	0.01983	0.04810	0.25943	0.11225	0.43675	0.00482	0.00498	0.00246	0.00272
6	0.01224	0.01212	0.01040	0.00916	0.01128	0.25218	0.01918	0.15507	0.18663	0.01601	0.06839	0.07205	0.07436	0.04829	0.00573	0.00152	0.03098	0.00526	0.00358	0.00556
7	0.00688	0.00525	0.00624	0.00595	0.00743	0.00461	0.00433	0.03717	0.00960	0.01331	0.08157	0.35073	0.14841	0.04849	0.00564	0.00153	0.00280	0.02141	0.04387	0.19478
8	0.01041	0.30366	0.43458	0.01125	0.05536	0.06149	0.01230	0.01381	0.00943	0.01267	0.00747	0.00878	0.00587	0.00409	0.00369	0.00121	0.00579	0.00299	0.02904	0.00610
9	0.04957	0.10158	0.05149	0.29645	0.15085	0.03391	0.02193	0.05867	0.00987	0.01366	0.00858	0.04873	0.00726	0.00457	0.00404	0.00126	0.00508	0.00386	0.00237	0.12627
10	0.05257	0.23593	0.05580	0.00882	0.01192	0.06096	0.00784	0.13170	0.04638	0.12613	0.00957	0.02983	0.00763	0.00510	0.00504	0.00125	0.10693	0.00353	0.00306	0.08999
11	0.13222	0.08531	0.01229	0.30654	0.03130	0.03943	0.02790	0.10709	0.04584	0.01501	0.02441	0.01360	0.02421	0.04396	0.00516	0.00152	0.02477	0.02681	0.02737	0.00524
12	0.00777	0.02394	0.08009	0.04568	0.00968	0.02951	0.00636	0.00928	0.00912	0.06026	0.11245	0.32231	0.05775	0.08363	0.03235	0.00201	0.08258	0.01736	0.00350	0.00436
13	0.10684	0.05003	0.01090	0.09585	0.15767	0.04173	0.00770	0.06886	0.08042	0.01517	0.08722	0.10111	0.05920	0.04532	0.00550	0.00154	0.03070	0.00542	0.02353	0.00529
14	0.00974	0.02156	0.01385	0.09112	0.41126	0.02073	0.04289	0.01216	0.03229	0.04296	0.03560	0.03430	0.05832	0.09747	0.05512	0.00202	0.00528	0.00494	0.00265	0.00574

[dist]
# distance from previous block
# <min> <max>
5	11

[block]
# block no. 2 follows, 59 sequences, length 23
# corresponding to MSA columns:
# 258-280
name=unknown_C
#
# <colnr> <probs for GDERKNQSTAVLIFYWHMCP>
#	G	D	E	R	K	N	Q	S	T	A	V	L	I	F	Y	W	H	M	C	P
0	0.65298	0.00897	0.00799	0.04732	0.01047	0.01024	0.00576	0.13268	0.00988	0.05283	0.02199	0.00870	0.00617	0.00444	0.00318	0.00137	0.00375	0.00289	0.00310	0.00530
1	0.01113	0.00987	0.01330	0.01120	0.01183	0.01314	0.00932	0.10848	0.00883	0.06003	0.00707	0.01009	0.00631	0.00730	0.01267	0.00182	0.68592	0.00391	0.00244	0.00532
2	0.11513	0.10775	0.01261	0.00907	0.01206	0.05747	0.04015	0.24177	0.24208	0.05025	0.05863	0.01286	0.01068	0.00530	0.00411	0.00134	0.00436	0.00413	0.00380	0.00643
3	0.14159	0.28443	0.07097	0.00974	0.07114	0.01279	0.00820	0.15020	0.05807	0.12252	0.00936	0.00979	0.00710	0.00456	0.00385	0.00124	0.02178	0.00328	0.00309	0.00631
4	0.11625	0.03452	0.01184	0.03214	0.01263	0.01098	0.03825	0.43553	0.01549	0.10582	0.01214	0.11267	0.01006	0.00605	0.00433	0.00138	0.00438	0.00486	0.00402	0.02669
5	0.00700	0.00469	0.00590	0.00555	0.00681	0.00422	0.00418	0.00879	0.01181	0.07526	0.56227	0.08075	0.18718	0.00946	0.00518	0.00143	0.00226	0.00825	0.00472	0.00430
6	0.01162	0.39173	0.28048	0.00966	0.01416	0.03662	0.01044	0.08779	0.06925	0.03810	0.00836	0.00909	0.00655	0.00429	0.00363	0.00119	0.00529	0.00307	0.00243	0.00626
7	0.01023	0.07213	0.02145	0.08514	0.18499	0.01086	0.45210	0.01334	0.00996	0.01370	0.00888	0.01174	0.00698	0.00476	0.02871	0.00155	0.00652	0.00456	0.04650	0.00591
8	0.00576	0.00417	0.00544	0.00580	0.00647	0.00385	0.00409	0.00713	0.01033	0.01415	0.37482	0.44350	0.07491	0.01158	0.00543	0.00160	0.00233	0.01037	0.00444	0.00385
9	0.01224	0.00721	0.04935	0.04478	0.00996	0.00649	0.00592	0.09512	0.02956	0.24681	0.08056	0.04909	0.01353	0.00586	0.00404	0.00127	0.00329	0.00482	0.32446	0.00564
10	0.00734	0.00397	0.00542	0.00542	0.00546	0.00397	0.00348	0.00613	0.00609	0.00829	0.00972	0.01793	0.01019	0.24938	0.01814	0.58992	0.00389	0.00458	0.03844	0.00222
11	0.01257	0.16542	0.01491	0.05277	0.01329	0.28605	0.00898	0.04662	0.00978	0.01140	0.00651	0.00877	0.00581	0.00568	0.00793	0.00144	0.33146	0.00326	0.00214	0.00520
12	0.00969	0.00872	0.05217	0.03336	0.02534	0.00642	0.01693	0.01187	0.00936	0.05405	0.00835	0.00961	0.00670	0.00348	0.00346	0.00078	0.00364	0.00284	0.00269	0.73056
13	0.01135	0.06727	0.01146	0.04335	0.09292	0.03797	0.00746	0.14561	0.23684	0.05742	0.10668	0.01753	0.06056	0.04163	0.01256	0.00155	0.02355	0.00501	0.01323	0.00606
14	0.01195	0.04272	0.01413	0.04613	0.12911	0.19969	0.04265	0.09245	0.01052	0.01332	0.00843	0.02407	0.00760	0.00636	0.01775	0.00158	0.27029	0.04261	0.01317	0.00548
15	0.02080	0.13027	0.11018	0.00819	0.01202	0.02477	0.02586	0.07378	0.01048	0.10968	0.01016	0.07095	0.00853	0.00469	0.00377	0.00104	0.00419	0.00377	0.00299	0.36386
16	0.04825	0.35215	0.13919	0.00928	0.01299	0.19277	0.00890	0.06418	0.01083	0.09623	0.00811	0.00885	0.00638	0.00483	0.01868	0.00125	0.00570	0.00297	0.00254	0.00592
17	0.00750	0.00988	0.19183	0.07372	0.04686	0.00702	0.09459	0.01044	0.03708	0.01365	0.14803	0.29554	0.02881	0.00834	0.00501	0.00155	0.00430	0.00760	0.00329	0.00496
18	0.00561	0.00404	0.00504	0.00566	0.00607	0.00377	0.00375	0.00636	0.00854	0.01127	0.07477	0.54230	0.12644	0.16466	0.00863	0.00218	0.00280	0.01074	0.00389	0.00348
19	0.01576	0.00695	0.00898	0.00727	0.00999	0.00635	0.00593	0.07492	0.01264	0.52029	0.10617	0.01923	0.03364	0.00628	0.00447	0.00136	0.00343	0.04342	0.10644	0.00649
20	0.01324	0.01041	0.01115	0.00926	0.01212	0.01170	0.00741	0.37113	0.39764	0.02261	0.07329	0.01506	0.01288	0.00591	0.00451	0.00141	0.00400	0.00476	0.00449	0.00702
21	0.01367	0.00632	0.00803	0.00670	0.00902	0.00581	0.00533	0.03879	0.04412	0.41042	0.17462	0.05462	0.04197	0.00665	0.00444	0.00134	0.00306	0.00558	0.15354	0.00597
22	0.16203	0.01118	0.01170	0.00919	0.01245	0.01241	0.00758	0.60280	0.01757	0.05276	0.01014	0.01051	0.00734	0.00647	0.04463	0.00162	0.00492	0.00376	0.00407	0.00687

[dist]
# distance from previous block
# <min> <max>
0	3

[block]
# block no. 3 follows, 59 sequences, length 12
# corresponding to MSA columns:
# 285-296
name=unknown_D
#
# <colnr> <probs for GDERKNQSTAVLIFYWHMCP>
#	G	D	E	R	K	N	Q	S	T	A	V	L	I	F	Y	W	H	M	C	P
0	0.24052	0.01118	0.03073	0.00918	0.04991	0.14956	0.00699	0.14429	0.08275	0.10844	0.03260	0.06440	0.00993	0.03533	0.00464	0.00146	0.00459	0.00423	0.00349	0.00578
1	0.04611	0.63649	0.05494	0.00815	0.01196	0.01623	0.00797	0.14851	0.01095	0.01390	0.00698	0.00779	0.00595	0.00407	0.00316	0.00105	0.00477	0.00268	0.00235	0.00599
2	0.16950	0.01012	0.01407	0.08809	0.34322	0.01085	0.04385	0.17202	0.05249	0.01808	0.00902	0.01073	0.00703	0.00441	0.00409	0.00135	0.00481	0.00377	0.02610	0.00639
3	0.01142	0.01236	0.14941	0.04950	0.01363	0.08329	0.00888	0.09722	0.35196	0.05194	0.07795	0.01629	0.01309	0.00588	0.00451	0.00144	0.00459	0.03649	0.00377	0.00637
4	0.00620	0.00458	0.00535	0.00519	0.00651	0.00403	0.00392	0.00774	0.01106	0.04298	0.34991	0.07454	0.42228	0.01027	0.00523	0.00147	0.00229	0.02796	0.00445	0.00404
5	0.01008	0.00873	0.01327	0.49589	0.14725	0.01009	0.01106	0.14705	0.01126	0.01512	0.04769	0.01265	0.00828	0.00474	0.00440	0.00140	0.00528	0.00414	0.03601	0.00561
6	0.00582	0.00424	0.00506	0.00539	0.00596	0.00395	0.00363	0.00665	0.00878	0.01150	0.12634	0.29878	0.19678	0.25826	0.01049	0.00242	0.00299	0.03575	0.00378	0.00344
7	0.00738	0.00414	0.00604	0.00612	0.00616	0.00429	0.00418	0.00607	0.00627	0.00844	0.01043	0.15521	0.01127	0.01470	0.01513	0.67800	0.04620	0.00533	0.00229	0.00235
8	0.01071	0.70287	0.02006	0.00732	0.01049	0.01510	0.00696	0.01201	0.00889	0.01054	0.00926	0.15015	0.00970	0.00550	0.00331	0.00109	0.00435	0.00411	0.00227	0.00531
9	0.01066	0.00601	0.00731	0.00637	0.00841	0.00562	0.00500	0.02885	0.08787	0.25099	0.22154	0.02725	0.24140	0.00904	0.03678	0.00163	0.00318	0.00671	0.03001	0.00535
10	0.00983	0.01021	0.01329	0.66367	0.05630	0.14989	0.01167	0.01246	0.00951	0.01132	0.00769	0.01109	0.00589	0.00442	0.00434	0.00141	0.00622	0.00374	0.00202	0.00502
11	0.02410	0.01224	0.15145	0.01058	0.01416	0.02138	0.10777	0.24110	0.17021	0.06587	0.07336	0.03714	0.03895	0.00574	0.00459	0.00142	0.00480	0.00491	0.00375	0.00649

[dist]
# distance from previous block
# <min> <max>
5	24

[block]
# block no. 4 follows, 59 sequences, length 32
# corresponding to MSA columns:
# 324-346,350-358
name=unknown_E
#
# <colnr> <probs for GDERKNQSTAVLIFYWHMCP>
#	G	D	E	R	K	N	Q	S	T	A	V	L	I	F	Y	W	H	M	C	P
0	0.00801	0.00572	0.00663	0.00660	0.02645	0.04451	0.00476	0.00969	0.02276	0.10121	0.30947	0.19390	0.19234	0.01057	0.03547	0.00169	0.00313	0.00829	0.00433	0.00447
1	0.09164	0.10577	0.10337	0.01347	0.17462	0.11477	0.07626	0.08329	0.03523	0.07167	0.00955	0.04845	0.00783	0.00474	0.00408	0.00128	0.00530	0.00393	0.00278	0.04197
2	0.06092	0.00899	0.00944	0.00829	0.01043	0.06136	0.02565	0.18096	0.24542	0.01869	0.16079	0.13732	0.01843	0.00727	0.00462	0.00144	0.00374	0.00612	0.02437	0.00575
3	0.13171	0.04664	0.01381	0.08568	0.35566	0.04799	0.00986	0.11136	0.01082	0.01598	0.00939	0.07850	0.00835	0.00497	0.00411	0.00132	0.00477	0.00425	0.00269	0.05213
4	0.47884	0.03985	0.07039	0.00684	0.00950	0.00908	0.00600	0.03445	0.06684	0.03768	0.11189	0.05261	0.01190	0.00667	0.03959	0.00164	0.00391	0.00405	0.00320	0.00508
5	0.06657	0.07234	0.32249	0.01305	0.11067	0.04701	0.06030	0.13687	0.03589	0.01613	0.00963	0.01088	0.03367	0.00473	0.00460	0.00137	0.04121	0.00372	0.00256	0.00632
6	0.04695	0.01467	0.01068	0.00928	0.01176	0.45847	0.00708	0.01640	0.01174	0.17112	0.06776	0.01227	0.00987	0.04576	0.00495	0.00132	0.00592	0.00367	0.00316	0.08718
7	0.00691	0.00610	0.00659	0.00623	0.00741	0.06406	0.04078	0.00842	0.04364	0.01189	0.09707	0.14855	0.32461	0.19747	0.00903	0.00213	0.00344	0.00817	0.00365	0.00385
8	0.01283	0.01341	0.01136	0.00989	0.01211	0.33097	0.05745	0.09597	0.19749	0.01452	0.01131	0.01356	0.00939	0.09162	0.05724	0.00195	0.00617	0.00415	0.04312	0.00548
9	0.04407	0.00471	0.00532	0.00566	0.00669	0.00450	0.00411	0.00812	0.06009	0.01307	0.06704	0.36525	0.28296	0.01113	0.00511	0.00159	0.00255	0.03737	0.06667	0.00399
10	0.01303	0.02421	0.00950	0.00785	0.01023	0.06040	0.00622	0.19946	0.14620	0.16831	0.09371	0.07544	0.01454	0.00633	0.00433	0.00134	0.00373	0.00517	0.14393	0.00608
11	0.00735	0.00405	0.00607	0.00607	0.00626	0.00424	0.00424	0.00626	0.00607	0.00828	0.00866	0.01436	0.00847	0.01957	0.20960	0.66625	0.00573	0.00405	0.00202	0.00240
12	0.01547	0.07192	0.01405	0.01127	0.07917	0.01304	0.00867	0.53404	0.03659	0.08820	0.01044	0.01080	0.00762	0.00531	0.00512	0.00135	0.07196	0.00391	0.00394	0.00711
13	0.01011	0.00798	0.00944	0.00685	0.01063	0.00630	0.00551	0.03046	0.00962	0.07226	0.00855	0.00963	0.00686	0.00359	0.00366	0.00075	0.02400	0.00281	0.00285	0.76816
14	0.01180	0.59860	0.01868	0.00746	0.01066	0.04335	0.00696	0.06277	0.00997	0.04200	0.00891	0.06883	0.00818	0.00481	0.00326	0.00106	0.00442	0.00345	0.07928	0.00555
15	0.73006	0.06224	0.00796	0.00614	0.00901	0.01003	0.00514	0.01390	0.00815	0.10382	0.00734	0.00800	0.00549	0.00422	0.00292	0.00134	0.00354	0.00261	0.00297	0.00513
16	0.01211	0.01339	0.11600	0.06908	0.14103	0.12376	0.09590	0.16593	0.13059	0.01645	0.01018	0.01205	0.00799	0.04356	0.00545	0.00151	0.02171	0.00412	0.00293	0.00628
17	0.03113	0.00838	0.03518	0.00885	0.01090	0.00883	0.05573	0.15594	0.16835	0.02278	0.05558	0.01790	0.05111	0.01275	0.17801	0.06558	0.05358	0.04102	0.01303	0.00536
18	0.00567	0.00424	0.00498	0.00541	0.00624	0.00383	0.00385	0.00673	0.00934	0.01213	0.08603	0.35275	0.32545	0.06533	0.00644	0.00179	0.00257	0.05165	0.04191	0.00367
19	0.01204	0.00565	0.00739	0.00655	0.00849	0.00500	0.00504	0.01350	0.01108	0.37292	0.12899	0.23646	0.11308	0.00878	0.00489	0.00148	0.00297	0.00758	0.04266	0.00546
20	0.00796	0.00491	0.00640	0.00587	0.00716	0.00457	0.00444	0.00975	0.01148	0.12080	0.53321	0.02969	0.08913	0.06445	0.07858	0.00208	0.00331	0.00723	0.00453	0.00446
21	0.63433	0.00869	0.00726	0.00652	0.00910	0.03695	0.00523	0.01447	0.09607	0.07670	0.00945	0.06233	0.00778	0.00505	0.00328	0.00140	0.00355	0.00349	0.00320	0.00516
22	0.01402	0.14585	0.01411	0.12492	0.01538	0.34856	0.00869	0.15283	0.10732	0.01467	0.00884	0.00982	0.00695	0.00471	0.00400	0.00123	0.00610	0.00337	0.00281	0.00581
23	0.01148	0.00986	0.01587	0.14398	0.54512	0.01021	0.01211	0.08829	0.01100	0.06629	0.00958	0.03933	0.00788	0.00457	0.00443	0.00136	0.00512	0.00426	0.00264	0.00665
24	0.06730	0.36615	0.16193	0.00989	0.05212	0.04850	0.00929	0.10828	0.06456	0.06138	0.00857	0.00923	0.00671	0.00434	0.00359	0.00119	0.00501	0.00311	0.00265	0.00622
25	0.04890	0.62018	0.07857	0.00847	0.01202	0.09331	0.00830	0.01352	0.00913	0.01111	0.00631	0.00750	0.00563	0.00415	0.00378	0.00108	0.05792	0.00257	0.00196	0.00559
26	0.00872	0.04541	0.11526	0.10334	0.07190	0.02434	0.05880	0.03196	0.13308	0.01451	0.12967	0.17799	0.01772	0.00739	0.00480	0.00150	0.00435	0.04054	0.00336	0.00535
27	0.00555	0.00417	0.00514	0.00558	0.00634	0.00376	0.00392	0.00672	0.00984	0.01298	0.21827	0.44221	0.23544	0.01200	0.00543	0.00162	0.00236	0.01063	0.00428	0.00376
28	0.01081	0.00891	0.00986	0.00848	0.01057	0.06125	0.04474	0.15813	0.24778	0.04134	0.05291	0.01916	0.07026	0.13357	0.10000	0.00248	0.00513	0.00529	0.00374	0.00558
29	0.00758	0.00546	0.00630	0.00587	0.00686	0.00542	0.00406	0.03316	0.05975	0.04128	0.03648	0.09999	0.15931	0.37698	0.01329	0.02300	0.03921	0.00684	0.00333	0.06582
30	0.00564	0.00436	0.00509	0.00536	0.00632	0.00396	0.00389	0.00675	0.00943	0.01201	0.10770	0.22768	0.39067	0.09247	0.04699	0.00213	0.00308	0.05886	0.00395	0.00367
31	0.01191	0.63473	0.03489	0.00799	0.01152	0.01577	0.00760	0.09450	0.08282	0.01301	0.00848	0.04407	0.00757	0.00457	0.00329	0.00108	0.00457	0.00322	0.00248	0.00590

[dist]
# distance from previous block
# <min> <max>
8	36

[block]
# block no. 5 follows, 59 sequences, length 16
# corresponding to MSA columns:
# 397-412
name=unknown_F
#
# <colnr> <probs for GDERKNQSTAVLIFYWHMCP>
#	G	D	E	R	K	N	Q	S	T	A	V	L	I	F	Y	W	H	M	C	P
0	0.01151	0.08722	0.18644	0.04534	0.09531	0.01096	0.00992	0.19978	0.11761	0.03541	0.05486	0.03081	0.00996	0.00513	0.00435	0.00131	0.01557	0.00413	0.00320	0.07119
1	0.00896	0.01151	0.20165	0.07884	0.06942	0.00972	0.05341	0.05200	0.00899	0.01282	0.01030	0.06268	0.00974	0.07408	0.06916	0.00224	0.20347	0.05335	0.00243	0.00523
2	0.02691	0.06902	0.11224	0.04229	0.12990	0.03568	0.19719	0.07181	0.07604	0.02944	0.01020	0.06395	0.00854	0.00493	0.00470	0.00135	0.02959	0.00452	0.00271	0.07899
3	0.16748	0.08876	0.01286	0.00928	0.01162	0.00897	0.19749	0.06626	0.00932	0.02615	0.01133	0.03838	0.01097	0.23573	0.00923	0.00221	0.00486	0.06259	0.02180	0.00471
4	0.01134	0.06522	0.01383	0.01469	0.26994	0.11590	0.00919	0.06109	0.09240	0.01440	0.01066	0.01205	0.04912	0.00494	0.00510	0.00124	0.08772	0.00385	0.00270	0.15460
5	0.05252	0.10637	0.05072	0.00676	0.00849	0.00747	0.00568	0.02768	0.06842	0.01353	0.13960	0.05221	0.11910	0.12037	0.09968	0.00243	0.02694	0.05450	0.03304	0.00450
6	0.03439	0.01467	0.36345	0.01248	0.06574	0.00916	0.15833	0.05319	0.01025	0.01508	0.10029	0.01440	0.01111	0.06682	0.00577	0.00160	0.00554	0.00449	0.04744	0.00577
7	0.00900	0.00653	0.00766	0.00696	0.00875	0.00672	0.00545	0.07125	0.20231	0.07204	0.31536	0.02771	0.13326	0.00952	0.04733	0.00176	0.00339	0.05526	0.00450	0.00524
8	0.01505	0.01748	0.01205	0.01070	0.01279	0.58135	0.00816	0.11858	0.01261	0.01288	0.00784	0.00994	0.00671	0.04969	0.04265	0.00165	0.06875	0.00334	0.00255	0.00523
9	0.01021	0.01813	0.53309	0.01244	0.01781	0.01005	0.11303	0.05023	0.06491	0.06944	0.01030	0.01267	0.00774	0.00481	0.00447	0.00144	0.00605	0.04414	0.00256	0.00647
10	0.00715	0.00492	0.00572	0.00573	0.00698	0.00459	0.00428	0.00917	0.06399	0.06825	0.10930	0.18485	0.31982	0.06190	0.00620	0.00172	0.00273	0.07138	0.05711	0.00421
11	0.01460	0.00917	0.04090	0.07256	0.01314	0.00904	0.00768	0.18844	0.15990	0.30438	0.04268	0.01691	0.01213	0.00597	0.00454	0.00143	0.00414	0.05798	0.02768	0.00674
12	0.00703	0.00407	0.00527	0.00527	0.00527	0.00407	0.00324	0.00610	0.00610	0.00813	0.01089	0.02141	0.01200	0.44318	0.01995	0.42418	0.00407	0.00517	0.00231	0.00231
13	0.06846	0.07363	0.01240	0.00971	0.01223	0.32873	0.00776	0.25939	0.01378	0.01714	0.00855	0.00960	0.00674	0.00499	0.00465	0.00125	0.06714	0.00333	0.08476	0.00576
14	0.01114	0.01085	0.01103	0.03879	0.09760	0.20848	0.00769	0.01248	0.02704	0.03651	0.00880	0.01285	0.00797	0.05169	0.00835	0.11349	0.13380	0.03589	0.00246	0.16307
15	0.06870	0.13937	0.02046	0.00869	0.01163	0.01145	0.01832	0.25808	0.13549	0.12544	0.01243	0.07278	0.00998	0.00577	0.00458	0.00134	0.04172	0.00445	0.02279	0.02651

[dist]
# distance from previous block
# <min> <max>
0	9

[block]
# block no. 6 follows, 59 sequences, length 7
# corresponding to MSA columns:
# 422-428
name=unknown_G
#
# <colnr> <probs for GDERKNQSTAVLIFYWHMCP>
#	G	D	E	R	K	N	Q	S	T	A	V	L	I	F	Y	W	H	M	C	P
0	0.42656	0.07109	0.03488	0.00779	0.01087	0.12056	0.00656	0.14119	0.04725	0.01856	0.00769	0.00847	0.00597	0.00436	0.00335	0.00125	0.00444	0.00287	0.00293	0.07336
1	0.07951	0.28523	0.09644	0.08007	0.09102	0.11393	0.00916	0.10817	0.01081	0.01416	0.00859	0.06815	0.00764	0.00491	0.00378	0.00123	0.00521	0.00372	0.00250	0.00575
2	0.05677	0.03752	0.04109	0.04364	0.07968	0.00822	0.00764	0.01052	0.03961	0.03764	0.01520	0.21078	0.02995	0.02713	0.05452	0.00206	0.16742	0.12276	0.00311	0.00476
3	0.00592	0.00421	0.00504	0.00530	0.00573	0.00398	0.00344	0.00663	0.00846	0.01126	0.14648	0.28402	0.12377	0.35162	0.01239	0.00271	0.00315	0.00894	0.00364	0.00332
4	0.00664	0.00470	0.00537	0.00536	0.00571	0.00481	0.00333	0.00783	0.06965	0.00981	0.01650	0.08104	0.06100	0.62534	0.07154	0.00393	0.00449	0.00676	0.00297	0.00321
5	0.00743	0.00460	0.00602	0.00632	0.00730	0.00422	0.00468	0.00869	0.00993	0.10934	0.13969	0.43729	0.11933	0.01164	0.00544	0.00168	0.00278	0.10503	0.00437	0.00422
6	0.05393	0.00911	0.00990	0.00845	0.01122	0.00995	0.00670	0.09505	0.49815	0.14545	0.01596	0.01487	0.01165	0.00558	0.00428	0.00139	0.00359	0.00453	0.03778	0.05246

[dist]
# distance from previous block
# <min> <max>
0	1

[block]
# block no. 7 follows, 59 sequences, length 12
# corresponding to MSA columns:
# 430-441
name=unknown_H
#
# <colnr> <probs for GDERKNQSTAVLIFYWHMCP>
#	G	D	E	R	K	N	Q	S	T	A	V	L	I	F	Y	W	H	M	C	P
0	0.03034	0.01224	0.04948	0.00944	0.01160	0.20724	0.00758	0.07536	0.30447	0.01519	0.01343	0.07260	0.01169	0.06312	0.00642	0.00165	0.06764	0.03137	0.00343	0.00572
1	0.57738	0.09057	0.00998	0.00815	0.06439	0.02827	0.00623	0.11113	0.00977	0.04925	0.00728	0.00815	0.00560	0.00427	0.00315	0.00131	0.00395	0.00278	0.00292	0.00547
2	0.06099	0.09850	0.16386	0.01012	0.01335	0.10322	0.07375	0.12477	0.01128	0.08458	0.01161	0.14763	0.01057	0.00630	0.00489	0.00142	0.04861	0.01573	0.00307	0.00575
3	0.81068	0.00863	0.00702	0.00624	0.00877	0.01018	0.00515	0.01281	0.00746	0.01912	0.00612	0.00736	0.00486	0.00437	0.00362	0.00141	0.06623	0.00250	0.00267	0.00479
4	0.01110	0.00908	0.03269	0.05732	0.05119	0.00966	0.04939	0.20509	0.17390	0.01824	0.01227	0.01360	0.00948	0.00715	0.06040	0.00172	0.05110	0.00427	0.19714	0.02520
5	0.00575	0.00437	0.00530	0.00540	0.00642	0.00392	0.00396	0.00724	0.01079	0.01434	0.37479	0.20880	0.29113	0.01084	0.00533	0.00153	0.00229	0.02948	0.00443	0.00390
6	0.01062	0.02903	0.14891	0.16786	0.09671	0.11659	0.03628	0.02168	0.00991	0.06736	0.06638	0.04081	0.02504	0.00598	0.01523	0.00152	0.12757	0.00440	0.00260	0.00553
7	0.00583	0.00478	0.00517	0.00502	0.00646	0.00427	0.00378	0.00787	0.05825	0.01379	0.23934	0.03853	0.57060	0.01033	0.00517	0.00147	0.00227	0.00872	0.00432	0.00403
8	0.00679	0.00504	0.00654	0.00682	0.00751	0.00522	0.00503	0.06268	0.00954	0.01287	0.08474	0.44627	0.05962	0.04231	0.08347	0.01767	0.04761	0.08245	0.00382	0.00400
9	0.01409	0.11889	0.04355	0.02868	0.14481	0.02335	0.00912	0.34511	0.02901	0.09287	0.00983	0.01052	0.00735	0.00480	0.00452	0.00126	0.03774	0.00368	0.00343	0.06737
10	0.03727	0.04535	0.00772	0.00679	0.00789	0.00630	0.00515	0.00993	0.06652	0.06570	0.01318	0.07549	0.01261	0.14707	0.42491	0.04790	0.00786	0.00530	0.00287	0.00420
11	0.01027	0.04156	0.01101	0.00928	0.09251	0.00773	0.00667	0.05878	0.00990	0.05357	0.00910	0.04931	0.00785	0.00440	0.00439	0.00095	0.06188	0.00347	0.00281	0.55456

[dist]
# distance from previous block
# <min> <max>
5	19

[block]
# block no. 8 follows, 59 sequences, length 8
# corresponding to MSA columns:
# 669-676
name=unknown_I
#
# <colnr> <probs for GDERKNQSTAVLIFYWHMCP>
#	G	D	E	R	K	N	Q	S	T	A	V	L	I	F	Y	W	H	M	C	P
0	0.00972	0.05566	0.05272	0.05441	0.01326	0.02213	0.12598	0.02566	0.06608	0.04147	0.01002	0.04371	0.00902	0.05730	0.05231	0.06714	0.24341	0.01620	0.02884	0.00497
1	0.01149	0.00981	0.04201	0.12640	0.05226	0.01040	0.00833	0.21083	0.30819	0.03761	0.09498	0.01633	0.04000	0.00590	0.00454	0.00143	0.00419	0.00491	0.00395	0.00643
2	0.00597	0.00465	0.00575	0.00608	0.00694	0.00445	0.00439	0.00726	0.02816	0.01168	0.02688	0.43232	0.22957	0.04012	0.06090	0.00210	0.03040	0.04259	0.00380	0.04599
3	0.01300	0.03902	0.06945	0.04109	0.16457	0.19389	0.14572	0.04474	0.03660	0.11328	0.00991	0.01210	0.00776	0.00474	0.00471	0.00134	0.03103	0.02994	0.00281	0.03431
4	0.15688	0.00804	0.00987	0.00770	0.01102	0.00758	0.00636	0.07860	0.01243	0.63262	0.01511	0.01344	0.00969	0.00523	0.00417	0.00136	0.00379	0.00408	0.00495	0.00708
5	0.00966	0.00966	0.01353	0.01160	0.01160	0.01353	0.00966	0.01063	0.00676	0.01063	0.00580	0.00966	0.00580	0.00773	0.01449	0.00193	0.83670	0.00387	0.00193	0.00483
6	0.01182	0.00832	0.00959	0.00771	0.01080	0.00800	0.00613	0.06844	0.27002	0.15566	0.08610	0.01480	0.01279	0.00519	0.00412	0.00116	0.00342	0.00428	0.00404	0.30763
7	0.13147	0.00914	0.01039	0.00823	0.01121	0.00958	0.00677	0.29772	0.01438	0.31323	0.04174	0.01292	0.00981	0.00543	0.00457	0.00135	0.03926	0.00408	0.06202	0.00669

[dist]
# distance from previous block
# <min> <max>
0	2

[block]
# block no. 9 follows, 59 sequences, length 38
# corresponding to MSA columns:
# 679-716
name=unknown_J
#
# <colnr> <probs for GDERKNQSTAVLIFYWHMCP>
#	G	D	E	R	K	N	Q	S	T	A	V	L	I	F	Y	W	H	M	C	P
0	0.10916	0.01371	0.03688	0.05515	0.01351	0.29163	0.02639	0.12481	0.06917	0.07923	0.03657	0.01075	0.00814	0.00490	0.00438	0.00127	0.03401	0.00355	0.00310	0.07369
1	0.00839	0.00477	0.00511	0.00487	0.00619	0.00467	0.00370	0.01102	0.06496	0.05936	0.11137	0.02198	0.12872	0.00652	0.00380	0.00119	0.00228	0.00538	0.54129	0.00445
2	0.00733	0.00597	0.00670	0.00659	0.00781	0.03352	0.00492	0.05304	0.09977	0.01325	0.07621	0.19122	0.21276	0.06500	0.17167	0.00284	0.00488	0.02849	0.00371	0.00434
3	0.07868	0.00594	0.00623	0.00552	0.00729	0.00611	0.00434	0.09437	0.04060	0.11781	0.01387	0.01495	0.01045	0.00515	0.00342	0.00115	0.00272	0.00404	0.57229	0.00505
4	0.00636	0.00458	0.00526	0.00532	0.00662	0.00400	0.00398	0.00761	0.01021	0.06157	0.12682	0.18788	0.48869	0.01114	0.00530	0.00156	0.00247	0.05238	0.00427	0.00400
5	0.06063	0.08224	0.23337	0.01338	0.15094	0.01029	0.07940	0.06788	0.03393	0.20976	0.01059	0.01119	0.00753	0.00450	0.00420	0.00134	0.00520	0.00380	0.00311	0.00671
6	0.00652	0.00486	0.00595	0.00601	0.00674	0.00478	0.00433	0.00743	0.00831	0.01106	0.05000	0.13593	0.14222	0.32229	0.04027	0.00282	0.03966	0.14183	0.00335	0.05563
7	0.03445	0.52365	0.02008	0.00907	0.01280	0.01552	0.07066	0.21537	0.01217	0.03784	0.00782	0.00859	0.00635	0.00422	0.00347	0.00111	0.00492	0.00306	0.00268	0.00619
8	0.00929	0.00801	0.00987	0.00847	0.08449	0.00634	0.00600	0.02286	0.00939	0.01447	0.00857	0.04136	0.00747	0.00377	0.00348	0.00077	0.00345	0.00314	0.00266	0.74615
9	0.05768	0.11876	0.01096	0.08311	0.02827	0.00987	0.00688	0.08091	0.27662	0.01537	0.02340	0.10128	0.06284	0.00743	0.00538	0.06964	0.00388	0.02873	0.00349	0.00548
10	0.63093	0.02766	0.00815	0.00678	0.00939	0.03483	0.00555	0.07779	0.00902	0.06798	0.00747	0.00884	0.00587	0.03326	0.00434	0.00148	0.04970	0.00288	0.00296	0.00513
11	0.00951	0.01005	0.06120	0.47552	0.20572	0.03845	0.03605	0.01303	0.06084	0.01267	0.00855	0.01156	0.00663	0.00447	0.00468	0.00143	0.02785	0.00396	0.00219	0.00565
12	0.00758	0.00672	0.00896	0.10890	0.03670	0.07064	0.02784	0.00929	0.00794	0.01063	0.01127	0.04425	0.01056	0.05567	0.55642	0.00533	0.00988	0.00481	0.00237	0.00424
13	0.00608	0.00428	0.00511	0.00543	0.00580	0.00413	0.00356	0.00666	0.00789	0.01035	0.04865	0.22417	0.12011	0.43487	0.02583	0.00310	0.00364	0.07375	0.00338	0.00321
14	0.01867	0.00728	0.00980	0.00759	0.01086	0.00627	0.00625	0.02033	0.01244	0.75692	0.01957	0.01719	0.07400	0.00591	0.00450	0.00138	0.00364	0.00482	0.00536	0.00722
15	0.01045	0.00813	0.00903	0.00790	0.01009	0.00887	0.00618	0.14009	0.38221	0.04252	0.27503	0.02161	0.04491	0.00700	0.00473	0.00143	0.00322	0.00591	0.00462	0.00608
16	0.82451	0.00848	0.00672	0.00593	0.00871	0.00970	0.00489	0.01350	0.00782	0.06794	0.00683	0.00765	0.00515	0.00418	0.00284	0.00137	0.00344	0.00251	0.00290	0.00495
17	0.37435	0.01028	0.01014	0.00812	0.01131	0.01138	0.00670	0.39432	0.01443	0.10558	0.00945	0.00963	0.00673	0.00482	0.00372	0.00135	0.00415	0.00337	0.00382	0.00638
18	0.04008	0.00832	0.00999	0.00811	0.01096	0.00831	0.00663	0.24848	0.02723	0.35872	0.03465	0.04216	0.07485	0.00799	0.04811	0.00172	0.00432	0.04814	0.00466	0.00657
19	0.01181	0.84744	0.02314	0.00756	0.01134	0.01748	0.00756	0.01323	0.00897	0.01039	0.00614	0.00708	0.00567	0.00378	0.00283	0.00094	0.00472	0.00236	0.00189	0.00567
20	0.08543	0.00934	0.01095	0.00854	0.01189	0.00944	0.00703	0.28439	0.05891	0.44603	0.01427	0.01300	0.00944	0.00533	0.00430	0.00136	0.00409	0.00415	0.00484	0.00727
21	0.00690	0.00593	0.00655	0.00671	0.00771	0.06883	0.02422	0.03268	0.01008	0.01278	0.11304	0.43287	0.18533	0.01143	0.00536	0.00163	0.00315	0.05678	0.00400	0.00401
22	0.00678	0.00482	0.00564	0.00536	0.00663	0.00456	0.00404	0.00935	0.06673	0.02476	0.45702	0.03143	0.21295	0.00871	0.00484	0.00137	0.00223	0.00748	0.13101	0.00429
23	0.01605	0.01164	0.01237	0.00974	0.01296	0.04842	0.00796	0.61280	0.04239	0.09554	0.01136	0.01158	0.00819	0.00749	0.06891	0.00178	0.00541	0.00406	0.00426	0.00711
24	0.00549	0.00397	0.00520	0.00606	0.00647	0.00369	0.00415	0.00642	0.00893	0.01188	0.08757	0.70470	0.07961	0.01324	0.00559	0.00175	0.00255	0.03491	0.00416	0.00366
25	0.00753	0.00388	0.00566	0.00566	0.00572	0.00385	0.00376	0.00581	0.00593	0.00786	0.00924	0.01517	0.03554	0.05552	0.01711	0.79977	0.00380	0.00415	0.00203	0.00202
26	0.01229	0.68952	0.02119	0.00828	0.01165	0.11085	0.00781	0.02486	0.00942	0.01070	0.00626	0.00739	0.00570	0.00413	0.00369	0.00103	0.05512	0.00253	0.00197	0.00558
27	0.00993	0.00665	0.00790	0.00735	0.00916	0.00680	0.00573	0.06143	0.21769	0.13304	0.14322	0.17052	0.09674	0.00891	0.00504	0.00156	0.00318	0.09518	0.00453	0.00543
28	0.01191	0.14887	0.18929	0.03728	0.15340	0.07785	0.03349	0.12738	0.14084	0.02346	0.00974	0.01067	0.00750	0.00456	0.00411	0.00130	0.00539	0.00367	0.00279	0.00652
29	0.01057	0.11424	0.56597	0.01154	0.01704	0.05429	0.01366	0.10353	0.04217	0.01515	0.00836	0.00943	0.00613	0.00436	0.00407	0.00133	0.00609	0.00329	0.00228	0.00649
30	0.05424	0.00428	0.00560	0.00608	0.00651	0.00427	0.00424	0.00680	0.00774	0.01091	0.04474	0.39720	0.02760	0.06493	0.05897	0.23168	0.00368	0.05401	0.00328	0.00323
31	0.00690	0.00473	0.00552	0.00541	0.00672	0.00433	0.00409	0.00872	0.03223	0.06049	0.22919	0.11349	0.33796	0.01060	0.03296	0.00165	0.00272	0.03511	0.09300	0.00419
32	0.00898	0.00484	0.00491	0.00464	0.00589	0.00495	0.00355	0.07947	0.01027	0.01746	0.01408	0.01595	0.01099	0.00516	0.00320	0.00106	0.00230	0.00410	0.79377	0.00441
33	0.00822	0.00866	0.12844	0.03212	0.02372	0.00664	0.10913	0.01123	0.06109	0.06591	0.19191	0.24699	0.04925	0.00850	0.00507	0.00154	0.00396	0.02886	0.00372	0.00502
34	0.00950	0.00913	0.01395	0.53559	0.07942	0.05663	0.07618	0.06429	0.01000	0.01280	0.00936	0.07648	0.00795	0.00517	0.00466	0.00146	0.01520	0.00465	0.00235	0.00522
35	0.00997	0.00843	0.00875	0.00805	0.01014	0.03864	0.00630	0.04196	0.50162	0.01732	0.09128	0.02234	0.07929	0.00707	0.00464	0.00148	0.00343	0.07172	0.06158	0.00599
36	0.00601	0.00430	0.00497	0.00514	0.00562	0.00407	0.00333	0.00662	0.00817	0.01065	0.09037	0.16219	0.19043	0.43445	0.01408	0.00297	0.00338	0.03658	0.00344	0.00322
37	0.04457	0.03503	0.03460	0.00895	0.01185	0.07487	0.00737	0.29871	0.22697	0.04727	0.02146	0.01380	0.03999	0.00704	0.04962	0.00164	0.00481	0.00430	0.03352	0.03362

[dist]
# distance from previous block
# <min> <max>
2	33

[block]
# block no. 10 follows, 59 sequences, length 22
# corresponding to MSA columns:
# 751-759,763-775
name=unknown_K
#
# <colnr> <probs for GDERKNQSTAVLIFYWHMCP>
#	G	D	E	R	K	N	Q	S	T	A	V	L	I	F	Y	W	H	M	C	P
0	0.07539	0.27811	0.21490	0.00987	0.05007	0.09171	0.00946	0.01450	0.08127	0.03841	0.07474	0.01170	0.02302	0.00479	0.00378	0.00123	0.00502	0.00358	0.00262	0.00584
1	0.18528	0.00884	0.04690	0.00819	0.01020	0.05137	0.06142	0.16074	0.00994	0.01509	0.00848	0.01181	0.00730	0.03606	0.07078	0.29164	0.00516	0.00373	0.00265	0.00440
2	0.03505	0.03681	0.00989	0.00709	0.01064	0.00682	0.00576	0.05077	0.01063	0.25010	0.01143	0.04931	0.00884	0.00453	0.00375	0.00097	0.00351	0.00366	0.00358	0.48685
3	0.00658	0.00461	0.00578	0.00546	0.00666	0.00416	0.00410	0.00842	0.01190	0.04948	0.60620	0.06051	0.19071	0.00946	0.00519	0.00142	0.00220	0.00825	0.00471	0.00420
4	0.00931	0.00903	0.01357	0.61962	0.10074	0.05318	0.02652	0.01308	0.08741	0.01231	0.00885	0.01196	0.00674	0.00452	0.00441	0.00144	0.00573	0.00400	0.00225	0.00534
5	0.09848	0.04645	0.01097	0.00870	0.01164	0.03468	0.00702	0.17238	0.37204	0.16877	0.01445	0.01350	0.01043	0.00544	0.00421	0.00139	0.00398	0.00426	0.00431	0.00686
6	0.00557	0.00429	0.00511	0.00544	0.00639	0.00383	0.00395	0.00680	0.00999	0.01291	0.18918	0.31963	0.35145	0.01173	0.00540	0.00160	0.00241	0.04629	0.00425	0.00378
7	0.09395	0.13211	0.01398	0.00932	0.01282	0.01368	0.00789	0.59407	0.01763	0.04826	0.00976	0.00992	0.00710	0.00498	0.00404	0.00128	0.00468	0.00361	0.00393	0.00700
8	0.00647	0.00428	0.00497	0.00494	0.00504	0.00425	0.00288	0.00657	0.00698	0.00941	0.09187	0.02846	0.01811	0.71817	0.02051	0.05096	0.00404	0.00644	0.00285	0.00278
9	0.01545	0.01209	0.01203	0.00958	0.01268	0.08339	0.00777	0.59319	0.08320	0.02448	0.01125	0.01143	0.00821	0.00528	0.00426	0.00129	0.00475	0.00397	0.08878	0.00693
10	0.00878	0.00696	0.00899	0.00807	0.00859	0.02021	0.00618	0.05346	0.00780	0.03734	0.01026	0.01725	0.01025	0.25445	0.16762	0.05202	0.28785	0.00478	0.02501	0.00410
11	0.01135	0.62533	0.04360	0.00791	0.01125	0.05660	0.00750	0.02529	0.06707	0.01145	0.00893	0.08953	0.00856	0.00500	0.00335	0.00110	0.00464	0.00362	0.00235	0.00559
12	0.76538	0.00937	0.03298	0.00644	0.00938	0.01029	0.00550	0.08940	0.00886	0.02041	0.00664	0.00757	0.00507	0.00422	0.00294	0.00136	0.00365	0.00257	0.00287	0.00510
13	0.01157	0.08253	0.13798	0.13248	0.16545	0.01105	0.11938	0.13292	0.04634	0.06827	0.00996	0.01228	0.00768	0.00465	0.00439	0.00137	0.00549	0.02684	0.01299	0.00636
14	0.00621	0.00444	0.00591	0.00624	0.00681	0.00457	0.00454	0.00714	0.00783	0.01050	0.01918	0.18892	0.09592	0.19524	0.27654	0.04440	0.00615	0.10284	0.00313	0.00351
15	0.00549	0.00413	0.00492	0.00544	0.00622	0.00370	0.00381	0.00653	0.00936	0.01218	0.09133	0.46788	0.30874	0.01223	0.00537	0.00163	0.00239	0.01077	0.03420	0.00370
16	0.09986	0.00695	0.00872	0.00708	0.00980	0.00646	0.00573	0.01763	0.04878	0.50791	0.17386	0.01795	0.01655	0.00605	0.00436	0.00136	0.00330	0.00495	0.04630	0.00640
17	0.18710	0.00831	0.00881	0.00732	0.00991	0.00877	0.00592	0.27003	0.01324	0.13542	0.04488	0.03297	0.14990	0.00828	0.06014	0.00176	0.00420	0.00501	0.03228	0.00576
18	0.32620	0.00734	0.00799	0.00659	0.00936	0.00733	0.00538	0.01643	0.01045	0.39735	0.06869	0.01359	0.01090	0.00519	0.00375	0.00134	0.00335	0.00392	0.08888	0.00597
19	0.07106	0.01113	0.01116	0.00897	0.01193	0.05478	0.00728	0.52116	0.09491	0.02389	0.01137	0.01165	0.00836	0.00523	0.00410	0.00129	0.00440	0.00393	0.12672	0.00668
20	0.04795	0.20204	0.54033	0.01144	0.04411	0.01164	0.01328	0.01416	0.00937	0.05605	0.00797	0.00910	0.00591	0.00416	0.00385	0.00129	0.00581	0.00311	0.00211	0.00633
21	0.05719	0.58042	0.17397	0.00882	0.01308	0.01500	0.03659	0.01375	0.00917	0.04701	0.00707	0.00803	0.00587	0.00395	0.00324	0.00109	0.00505	0.00272	0.00210	0.00588

[dist]
# distance from previous block
# <min> <max>
1	6

[block]
# block no. 11 follows, 59 sequences, length 18
# corresponding to MSA columns:
# 782-799
name=unknown_L
#
# <colnr> <probs for GDERKNQSTAVLIFYWHMCP>
#	G	D	E	R	K	N	Q	S	T	A	V	L	I	F	Y	W	H	M	C	P
0	0.13151	0.00609	0.00691	0.00682	0.03182	0.00633	0.00481	0.06029	0.04010	0.07085	0.05156	0.07420	0.05353	0.29818	0.05005	0.00273	0.00415	0.07178	0.02400	0.00431
1	0.00540	0.00434	0.00481	0.00498	0.00615	0.00376	0.00363	0.00657	0.01006	0.01258	0.14615	0.21263	0.54056	0.01146	0.00531	0.00154	0.00229	0.00983	0.00421	0.00376
2	0.01092	0.51206	0.14241	0.03340	0.01292	0.01437	0.00885	0.04626	0.08398	0.01243	0.00823	0.00946	0.00692	0.00661	0.07288	0.00162	0.00553	0.00306	0.00227	0.00583
3	0.00551	0.00447	0.00476	0.00470	0.00598	0.00385	0.00345	0.00671	0.01020	0.01270	0.18218	0.03963	0.60729	0.08113	0.00667	0.00171	0.00238	0.00883	0.00412	0.00372
4	0.05942	0.00872	0.00929	0.00779	0.01016	0.08395	0.00614	0.14954	0.04392	0.27552	0.08147	0.01573	0.01243	0.05213	0.07519	0.03776	0.00478	0.00451	0.05570	0.00586
5	0.04525	0.12979	0.07074	0.00932	0.01129	0.09351	0.00816	0.01323	0.00893	0.13835	0.00936	0.01250	0.00798	0.03756	0.05689	0.02974	0.26481	0.02844	0.01888	0.00526
6	0.00847	0.00613	0.00728	0.00679	0.00834	0.00628	0.00514	0.01344	0.25087	0.07300	0.38966	0.13303	0.05653	0.00857	0.00500	0.00148	0.00269	0.00749	0.00467	0.00516
7	0.02863	0.05129	0.39207	0.04979	0.01696	0.07941	0.06617	0.10998	0.01114	0.07008	0.00905	0.02674	0.00680	0.00463	0.00440	0.00134	0.02185	0.00368	0.00258	0.04343
8	0.01150	0.04577	0.01079	0.00887	0.01160	0.03694	0.00706	0.10535	0.55670	0.01830	0.01559	0.01586	0.01210	0.00578	0.00435	0.00139	0.00384	0.03667	0.00411	0.08745
9	0.79586	0.00890	0.00712	0.00621	0.00902	0.01026	0.00512	0.08661	0.00875	0.02056	0.00657	0.00749	0.00504	0.00421	0.00289	0.00136	0.00355	0.00254	0.00289	0.00504
10	0.01083	0.05533	0.43778	0.06287	0.01687	0.07865	0.04318	0.04800	0.01050	0.09940	0.01234	0.01312	0.08184	0.00504	0.00430	0.00137	0.00580	0.00403	0.00262	0.00613
11	0.00948	0.00863	0.01211	0.13848	0.14318	0.04680	0.06248	0.07648	0.04959	0.01467	0.14345	0.11758	0.01572	0.03441	0.00622	0.00156	0.08103	0.00579	0.00314	0.02923
12	0.08794	0.00539	0.00585	0.00573	0.00698	0.03178	0.00425	0.00885	0.01062	0.04631	0.34378	0.19847	0.17183	0.00951	0.00491	0.00147	0.00259	0.00818	0.04138	0.00418
13	0.05162	0.00930	0.01082	0.03249	0.01105	0.08620	0.00762	0.03897	0.05516	0.11182	0.01004	0.01261	0.02388	0.02848	0.05470	0.06270	0.34539	0.00407	0.03803	0.00505
14	0.01140	0.16121	0.19723	0.03565	0.11806	0.01230	0.07756	0.13415	0.17827	0.01636	0.01024	0.01111	0.00782	0.00460	0.00417	0.00133	0.00522	0.00384	0.00288	0.00659
15	0.00671	0.00715	0.08370	0.00849	0.07694	0.00553	0.05894	0.00868	0.01041	0.01380	0.23100	0.08831	0.33619	0.03758	0.00567	0.00156	0.00329	0.00781	0.00375	0.00448
16	0.03248	0.05860	0.04620	0.05727	0.11461	0.05106	0.07815	0.09490	0.02719	0.01524	0.04759	0.08887	0.01053	0.00531	0.00441	0.00122	0.02508	0.00455	0.03150	0.20526
17	0.02647	0.00664	0.00743	0.00684	0.00846	0.02953	0.00524	0.02632	0.17212	0.13212	0.12086	0.15842	0.04227	0.00760	0.00487	0.00142	0.03872	0.00635	0.19311	0.00522

[dist]
# distance from previous block
# <min> <max>
1	23

[block]
# block no. 12 follows, 59 sequences, length 12
# corresponding to MSA columns:
# 823-834
name=unknown_M
#
# <colnr> <probs for GDERKNQSTAVLIFYWHMCP>
#	G	D	E	R	K	N	Q	S	T	A	V	L	I	F	Y	W	H	M	C	P
