[name]
unknown

[dist]
# distance from previous block
# <min> <max>
0	1

[block]
# block no. 0 follows, 60 sequences, length 41
# corresponding to MSA columns:
# 1-41
name=unknown_A
#
# <colnr> <probs for GDERKNQSTAVLIFYWHMCP>
#	G	D	E	R	K	N	Q	S	T	A	V	L	I	F	Y	W	H	M	C	P
0	0.00704	0.00508	0.00701	0.00780	0.00891	0.00498	0.00676	0.00905	0.01017	0.01340	0.07792	0.04665	0.02557	0.01152	0.00587	0.00192	0.00385	0.70837	0.00402	0.03411
1	0.00556	0.00390	0.00499	0.00575	0.00594	0.00371	0.00371	0.00614	0.00786	0.01048	0.02153	0.64518	0.02568	0.21668	0.00962	0.00237	0.00294	0.01092	0.00371	0.00332
2	0.00638	0.00484	0.00710	0.00703	0.00771	0.00569	0.00541	0.00779	0.00695	0.01002	0.01159	0.01767	0.01106	0.09222	0.73573	0.00659	0.04529	0.00476	0.00234	0.00384
3	0.00542	0.00400	0.00501	0.00565	0.00619	0.00366	0.00385	0.00633	0.00894	0.01176	0.10617	0.57829	0.17321	0.05226	0.00624	0.00179	0.00251	0.01108	0.00406	0.00358
4	0.00548	0.00443	0.00488	0.00477	0.00609	0.00382	0.00357	0.00690	0.01072	0.01363	0.29499	0.03893	0.56578	0.01035	0.00515	0.00144	0.00216	0.00878	0.00429	0.00382
5	0.87753	0.00843	0.00641	0.00574	0.00843	0.00978	0.00472	0.01282	0.00742	0.01957	0.00607	0.00709	0.00472	0.00405	0.00270	0.00135	0.00337	0.00236	0.00270	0.00472
6	0.00530	0.00385	0.00501	0.00593	0.00629	0.00355	0.00399	0.00609	0.00848	0.01119	0.02574	0.77610	0.09552	0.01344	0.00553	0.00175	0.00250	0.01213	0.00405	0.00355
7	0.87753	0.00843	0.00641	0.00574	0.00843	0.00978	0.00472	0.01282	0.00742	0.01957	0.00607	0.00709	0.00472	0.00405	0.00270	0.00135	0.00337	0.00236	0.00270	0.00472
8	0.00540	0.00385	0.00516	0.00617	0.00646	0.00361	0.00419	0.00622	0.00843	0.01123	0.02399	0.80574	0.02867	0.01359	0.00559	0.00178	0.00260	0.04972	0.00405	0.00357
9	0.59693	0.00893	0.00804	0.00677	0.00961	0.01002	0.00557	0.16878	0.01047	0.09467	0.00821	0.00883	0.00605	0.00505	0.02140	0.00146	0.00385	0.00293	0.01696	0.00547
10	0.01258	0.59765	0.03655	0.00836	0.01180	0.13230	0.00780	0.09533	0.01051	0.01217	0.00685	0.00788	0.00597	0.00502	0.03207	0.00122	0.00542	0.00267	0.00219	0.00567
11	0.01105	0.02427	0.34426	0.00939	0.02943	0.00761	0.00984	0.01410	0.01020	0.21744	0.09832	0.02700	0.02367	0.05175	0.00523	0.00145	0.00461	0.00437	0.02048	0.08553
12	0.01113	0.07564	0.10025	0.11700	0.31995	0.05202	0.03128	0.08635	0.13490	0.01515	0.00957	0.01114	0.00750	0.00442	0.00421	0.00132	0.00524	0.00384	0.00263	0.00644
13	0.01166	0.84935	0.02285	0.00746	0.01119	0.01726	0.00746	0.01306	0.00886	0.01026	0.00606	0.00700	0.00560	0.00373	0.00280	0.00093	0.00466	0.00233	0.00187	0.00560
14	0.00524	0.00439	0.00456	0.00459	0.00596	0.00371	0.00342	0.00640	0.01004	0.01218	0.10211	0.08562	0.71479	0.01103	0.00518	0.00148	0.00222	0.00928	0.00411	0.00371
15	0.01112	0.00950	0.01002	0.00893	0.01145	0.01098	0.00697	0.06047	0.77390	0.01869	0.01740	0.01600	0.01303	0.00588	0.00443	0.00147	0.00352	0.00488	0.00443	0.00693
16	0.00612	0.00448	0.00578	0.00581	0.00672	0.00421	0.00431	0.00813	0.03350	0.01561	0.54160	0.21423	0.06954	0.01015	0.00527	0.00150	0.00232	0.05214	0.00455	0.00404
17	0.01053	0.00968	0.01608	0.24767	0.54987	0.01026	0.01267	0.05090	0.01015	0.02844	0.00835	0.01108	0.00670	0.00411	0.00433	0.00134	0.00531	0.00389	0.00226	0.00638
18	0.87753	0.00843	0.00641	0.00574	0.00843	0.00978	0.00472	0.01282	0.00742	0.01957	0.00607	0.00709	0.00472	0.00405	0.00270	0.00135	0.00337	0.00236	0.00270	0.00472
19	0.00548	0.00391	0.00525	0.00618	0.00649	0.00374	0.00423	0.00632	0.00830	0.01110	0.02302	0.73735	0.02731	0.03786	0.05163	0.00214	0.00316	0.04905	0.00391	0.00356
20	0.00989	0.11998	0.53009	0.02349	0.09115	0.04407	0.03110	0.01379	0.00946	0.03520	0.02462	0.00977	0.00658	0.00431	0.00432	0.00133	0.02922	0.00335	0.00206	0.00623
21	0.01024	0.00605	0.00723	0.00638	0.00838	0.00572	0.00497	0.01361	0.14534	0.23207	0.22526	0.05056	0.24999	0.00821	0.00484	0.00142	0.00279	0.00696	0.00466	0.00533
22	0.00585	0.00439	0.00542	0.00528	0.00635	0.00396	0.00391	0.00757	0.01143	0.01557	0.56255	0.10254	0.22950	0.00983	0.00518	0.00143	0.00213	0.00859	0.00456	0.00396
23	0.01009	0.01021	0.03344	0.21062	0.50502	0.01030	0.13041	0.01297	0.00969	0.01349	0.00818	0.01110	0.00659	0.00397	0.00445	0.00136	0.00567	0.00406	0.00211	0.00627
24	0.01198	0.05140	0.01651	0.12269	0.35814	0.06510	0.08604	0.18016	0.02173	0.01622	0.00887	0.01131	0.00711	0.00442	0.00435	0.00132	0.00550	0.01810	0.00265	0.00642
25	0.01293	0.00656	0.00753	0.00627	0.00843	0.00652	0.00502	0.16297	0.01231	0.24787	0.03302	0.01515	0.01106	0.00529	0.00373	0.00117	0.00303	0.00422	0.44128	0.00565
26	0.01327	0.21344	0.12396	0.02915	0.11743	0.02178	0.03753	0.28053	0.01326	0.07546	0.00899	0.00984	0.00679	0.00455	0.00422	0.00125	0.02545	0.00351	0.00301	0.00659
27	0.00882	0.00848	0.02424	0.53241	0.22131	0.00967	0.02665	0.01150	0.00886	0.01187	0.00804	0.01167	0.00640	0.00603	0.05045	0.01375	0.02860	0.00394	0.00202	0.00530
28	0.00603	0.00445	0.00564	0.00534	0.00643	0.00406	0.00400	0.00796	0.01201	0.01670	0.71080	0.03387	0.14806	0.00921	0.00515	0.00139	0.00208	0.00807	0.00470	0.00406
29	0.00633	0.00475	0.00691	0.00686	0.00753	0.00551	0.00523	0.00769	0.00692	0.00994	0.01177	0.01827	0.01135	0.12671	0.71467	0.00656	0.03204	0.00485	0.00236	0.00377
30	0.00542	0.00391	0.00516	0.00612	0.00649	0.00365	0.00421	0.00628	0.00855	0.01130	0.02502	0.74840	0.06947	0.01342	0.00558	0.00177	0.00261	0.06501	0.00405	0.00358
31	0.00901	0.09691	0.75207	0.01198	0.01819	0.01077	0.01534	0.01374	0.00918	0.01349	0.00767	0.00901	0.00553	0.00411	0.00402	0.00134	0.00629	0.00314	0.00184	0.00637
32	0.08905	0.00869	0.01033	0.00817	0.01132	0.03118	0.00673	0.14764	0.03487	0.54202	0.01485	0.01423	0.00998	0.00549	0.00448	0.00137	0.02081	0.02704	0.00478	0.00697
33	0.00623	0.00467	0.00701	0.00701	0.00779	0.00545	0.00545	0.00779	0.00701	0.01012	0.01168	0.01713	0.01090	0.03271	0.82944	0.00701	0.01168	0.00467	0.00234	0.00389
34	0.01085	0.00937	0.00986	0.00888	0.01134	0.01085	0.00690	0.02318	0.81164	0.01824	0.01775	0.01627	0.01331	0.00592	0.00444	0.00148	0.00345	0.00493	0.00444	0.00690
35	0.01671	0.01201	0.01296	0.00994	0.01342	0.01321	0.00821	0.77061	0.02015	0.06235	0.01077	0.01066	0.00757	0.00524	0.00436	0.00131	0.00475	0.00395	0.00441	0.00742
36	0.00531	0.00433	0.00470	0.00485	0.00607	0.00372	0.00357	0.00646	0.00992	0.01225	0.11602	0.17307	0.60045	0.01128	0.00523	0.00152	0.00227	0.02115	0.00412	0.00371
37	0.00545	0.00389	0.00512	0.00605	0.00636	0.00365	0.00410	0.00623	0.00836	0.01109	0.02392	0.74114	0.04720	0.05961	0.00650	0.00191	0.00269	0.04924	0.00397	0.00352
38	0.04572	0.00826	0.00938	0.03718	0.03065	0.00901	0.00677	0.23725	0.20730	0.03532	0.01733	0.14890	0.05308	0.00763	0.00467	0.00150	0.00376	0.09129	0.03920	0.00579
39	0.05797	0.04643	0.05183	0.00592	0.00747	0.00572	0.00482	0.00971	0.03782	0.04308	0.34180	0.04942	0.08469	0.12426	0.02811	0.00188	0.00318	0.00639	0.08522	0.00430
40	0.45197	0.14208	0.09601	0.01825	0.01118	0.04663	0.01792	0.07479	0.03181	0.04556	0.02437	0.00877	0.00644	0.00432	0.00326	0.00128	0.00427	0.00290	0.00276	0.00542

[dist]
# distance from previous block
# <min> <max>
0	5

[block]
# block no. 1 follows, 60 sequences, length 24
# corresponding to MSA columns:
# 47,48,61-82
name=unknown_B
#
# <colnr> <probs for GDERKNQSTAVLIFYWHMCP>
#	G	D	E	R	K	N	Q	S	T	A	V	L	I	F	Y	W	H	M	C	P
0	0.07949	0.00845	0.01389	0.04686	0.41088	0.00846	0.09030	0.01151	0.00946	0.02604	0.03473	0.20375	0.02472	0.00642	0.00460	0.00144	0.00451	0.00605	0.00278	0.00566
1	0.03390	0.06812	0.35279	0.01232	0.11591	0.02653	0.03324	0.10667	0.03551	0.05800	0.00954	0.01174	0.00749	0.07259	0.00554	0.00155	0.00538	0.00375	0.03328	0.00615
2	0.02286	0.09677	0.09126	0.07075	0.22680	0.08587	0.04043	0.02457	0.07176	0.11882	0.04543	0.01391	0.06196	0.00502	0.00423	0.00131	0.00495	0.00425	0.00296	0.00610
3	0.00583	0.00430	0.00553	0.00638	0.00685	0.00420	0.00441	0.00758	0.07347	0.01179	0.02349	0.74304	0.02743	0.01297	0.00549	0.00176	0.00267	0.04490	0.00408	0.00383
4	0.00857	0.02033	0.70516	0.01231	0.01812	0.00965	0.06706	0.01320	0.00921	0.01361	0.00921	0.07696	0.00749	0.00488	0.00433	0.00142	0.00619	0.00409	0.00204	0.00617
5	0.01234	0.10460	0.27061	0.04370	0.18753	0.04055	0.03052	0.10511	0.01124	0.13888	0.00944	0.01042	0.00689	0.00437	0.00412	0.00130	0.00543	0.00358	0.00277	0.00659
6	0.00602	0.00422	0.00511	0.00531	0.00560	0.00421	0.00338	0.00651	0.00724	0.00966	0.03403	0.18939	0.08320	0.48810	0.12577	0.00384	0.00469	0.00758	0.00304	0.00310
7	0.00668	0.07304	0.00812	0.00688	0.00784	0.00632	0.00540	0.00811	0.00711	0.01001	0.01138	0.01717	0.01085	0.09157	0.70181	0.00631	0.01055	0.00461	0.00232	0.00394
8	0.74696	0.01011	0.06652	0.00690	0.00992	0.04505	0.03399	0.01313	0.00787	0.01857	0.00633	0.00744	0.00489	0.00406	0.00294	0.00135	0.00393	0.00254	0.00260	0.00490
9	0.00932	0.00873	0.01471	0.46341	0.36357	0.00977	0.01233	0.01206	0.00925	0.01264	0.00818	0.01144	0.00647	0.00419	0.00430	0.00137	0.00541	0.00389	0.03329	0.00569
10	0.01041	0.09135	0.28070	0.01059	0.08147	0.00971	0.00999	0.13276	0.01090	0.01590	0.00860	0.00986	0.00664	0.00409	0.00374	0.00110	0.00473	0.00321	0.07282	0.23143
11	0.00551	0.00427	0.00502	0.00516	0.00619	0.00378	0.00375	0.00682	0.01029	0.01339	0.27845	0.23956	0.38009	0.01104	0.00525	0.00152	0.00224	0.00960	0.00428	0.00378
12	0.00648	0.03333	0.05331	0.00625	0.02064	0.00553	0.00498	0.00930	0.11421	0.01291	0.07274	0.17069	0.45364	0.00997	0.00498	0.00149	0.00279	0.00847	0.00391	0.00437
13	0.00675	0.00753	0.13209	0.00692	0.00891	0.00518	0.00608	0.00891	0.03544	0.02585	0.12877	0.37248	0.12492	0.00971	0.00493	0.00148	0.00315	0.00853	0.00368	0.09871
14	0.01957	0.00742	0.01012	0.00776	0.01113	0.00641	0.00641	0.02126	0.01248	0.82254	0.01721	0.01484	0.01080	0.00540	0.00439	0.00135	0.00371	0.00439	0.00540	0.00742
15	0.01156	0.79235	0.02210	0.00765	0.01121	0.01691	0.00752	0.01330	0.03484	0.01053	0.00643	0.00739	0.00585	0.00394	0.00326	0.00099	0.03415	0.00247	0.00195	0.00561
16	0.00824	0.00775	0.01308	0.83624	0.03004	0.00969	0.01211	0.01114	0.00872	0.01114	0.00775	0.01163	0.00581	0.00436	0.00436	0.00145	0.00581	0.00388	0.00194	0.00484
17	0.00949	0.20319	0.54583	0.01084	0.01610	0.02438	0.01304	0.01386	0.04850	0.01323	0.02222	0.01116	0.00737	0.00457	0.00396	0.00131	0.00575	0.03699	0.00212	0.00612
18	0.00725	0.00599	0.03361	0.00767	0.02096	0.00575	0.00608	0.01053	0.14151	0.01307	0.04258	0.23406	0.02252	0.10823	0.00742	0.00207	0.00363	0.31887	0.00386	0.00434
19	0.00605	0.00445	0.00565	0.00535	0.00644	0.00406	0.00401	0.00798	0.01204	0.01677	0.72041	0.03376	0.13840	0.00918	0.00515	0.00138	0.00208	0.00805	0.00471	0.00406
20	0.00875	0.02256	0.82413	0.01243	0.01888	0.01013	0.01611	0.01381	0.00921	0.01381	0.00783	0.00921	0.00552	0.00414	0.00414	0.00138	0.00645	0.00322	0.00184	0.00645
21	0.01047	0.01223	0.14212	0.01293	0.01658	0.03936	0.32817	0.13235	0.07445	0.01587	0.01191	0.13058	0.01040	0.00567	0.00476	0.00145	0.00566	0.00556	0.03363	0.00585
22	0.15097	0.14776	0.14752	0.06316	0.08170	0.14652	0.04478	0.10769	0.01078	0.02708	0.00755	0.00893	0.00591	0.00434	0.00405	0.00127	0.02854	0.00317	0.00245	0.00580
23	0.01711	0.03931	0.01175	0.00871	0.01202	0.01006	0.00722	0.39419	0.01618	0.36916	0.05861	0.01348	0.01071	0.00546	0.00436	0.00132	0.00417	0.00429	0.00475	0.00717

[dist]
# distance from previous block
# <min> <max>
0	1

[block]
# block no. 2 follows, 60 sequences, length 34
# corresponding to MSA columns:
# 84-102,108-122
name=unknown_C
#
# <colnr> <probs for GDERKNQSTAVLIFYWHMCP>
#	G	D	E	R	K	N	Q	S	T	A	V	L	I	F	Y	W	H	M	C	P
0	0.01113	0.17401	0.35573	0.01084	0.01547	0.04041	0.07207	0.13636	0.04036	0.03983	0.04446	0.01108	0.02018	0.00463	0.00407	0.00129	0.00553	0.00369	0.00264	0.00625
1	0.00530	0.00438	0.00462	0.00471	0.00601	0.00374	0.00349	0.00642	0.00986	0.01200	0.08429	0.10692	0.67239	0.03065	0.00561	0.00157	0.00232	0.02799	0.00406	0.00368
2	0.00536	0.00390	0.00497	0.00579	0.00617	0.00361	0.00387	0.00611	0.00840	0.01103	0.02569	0.69499	0.12012	0.06977	0.00664	0.00190	0.00261	0.01162	0.00395	0.00350
3	0.01198	0.18235	0.14328	0.10547	0.14189	0.05381	0.02806	0.09736	0.02183	0.10215	0.00934	0.03208	0.00735	0.00454	0.00399	0.00124	0.00516	0.00368	0.00271	0.04171
4	0.18777	0.26127	0.16567	0.02656	0.04639	0.12204	0.04539	0.03225	0.00954	0.02486	0.00705	0.00827	0.00566	0.00403	0.00346	0.00118	0.00527	0.00287	0.00224	0.03824
5	0.01918	0.02606	0.01060	0.00815	0.02651	0.00685	0.00660	0.03442	0.01249	0.77567	0.01667	0.01452	0.01055	0.00533	0.00435	0.00134	0.00378	0.00432	0.00524	0.00737
6	0.03375	0.30415	0.08049	0.09654	0.11786	0.01165	0.03483	0.01289	0.00915	0.09699	0.01020	0.01250	0.04341	0.07041	0.00570	0.00147	0.04620	0.00377	0.00247	0.00558
7	0.01121	0.12164	0.08319	0.02415	0.14039	0.10057	0.02553	0.04436	0.15679	0.06515	0.08536	0.02624	0.05596	0.00559	0.00460	0.00132	0.03431	0.00453	0.00316	0.00594
8	0.04377	0.03128	0.22032	0.00915	0.01259	0.03903	0.02535	0.20759	0.05097	0.05630	0.10894	0.02526	0.04550	0.00568	0.00444	0.00133	0.02131	0.00452	0.08075	0.00593
9	0.01240	0.69465	0.02094	0.00814	0.01158	0.13412	0.00766	0.03232	0.00960	0.01073	0.00626	0.00725	0.00565	0.00395	0.00321	0.00099	0.02056	0.00247	0.00198	0.00555
10	0.00604	0.00445	0.00564	0.00535	0.00643	0.00406	0.00401	0.00797	0.01203	0.01674	0.71565	0.03381	0.14319	0.00920	0.00515	0.00139	0.00208	0.00806	0.00470	0.00406
11	0.03271	0.00764	0.00982	0.00764	0.01078	0.00701	0.00628	0.10501	0.01300	0.64283	0.03270	0.01472	0.01099	0.00541	0.00427	0.00132	0.00366	0.00435	0.07285	0.00704
12	0.00613	0.00416	0.00487	0.00509	0.00520	0.00410	0.00305	0.00635	0.00692	0.00918	0.01672	0.19302	0.03664	0.64059	0.01809	0.00362	0.00384	0.02659	0.00299	0.00288
13	0.00538	0.00380	0.00504	0.00603	0.00630	0.00355	0.00403	0.00617	0.00837	0.01125	0.02381	0.82457	0.02843	0.01346	0.00551	0.00175	0.00252	0.01220	0.02427	0.00355
14	0.00617	0.00446	0.00583	0.00549	0.00652	0.00412	0.00412	0.00823	0.01235	0.01749	0.81722	0.03258	0.04115	0.00892	0.00514	0.00137	0.00206	0.00789	0.00480	0.00412
15	0.00617	0.00446	0.00583	0.00549	0.00652	0.00412	0.00412	0.00823	0.01235	0.01749	0.81722	0.03258	0.04115	0.00892	0.00514	0.00137	0.00206	0.00789	0.00480	0.00412
16	0.87753	0.00843	0.00641	0.00574	0.00843	0.00978	0.00472	0.01282	0.00742	0.01957	0.00607	0.00709	0.00472	0.00405	0.00270	0.00135	0.00337	0.00236	0.00270	0.00472
17	0.01166	0.84935	0.02285	0.00746	0.01119	0.01726	0.00746	0.01306	0.00886	0.01026	0.00606	0.00700	0.00560	0.00373	0.00280	0.00093	0.00466	0.00233	0.00187	0.00560
18	0.00894	0.00763	0.00892	0.00642	0.01019	0.00575	0.00513	0.01088	0.00917	0.01434	0.03818	0.00993	0.00776	0.00344	0.00330	0.00067	0.00319	0.00278	0.00267	0.84071
19	0.00619	0.00419	0.00491	0.00510	0.00518	0.00416	0.00304	0.00639	0.00677	0.00904	0.01560	0.16134	0.01809	0.67389	0.03618	0.00383	0.00410	0.02626	0.00290	0.00285
20	0.83823	0.00861	0.00672	0.00593	0.00867	0.00995	0.00489	0.04898	0.00802	0.01993	0.00627	0.00724	0.00485	0.00410	0.00278	0.00135	0.00344	0.00243	0.00278	0.00485
21	0.01957	0.00742	0.01012	0.00776	0.01113	0.00641	0.00641	0.02126	0.01248	0.82254	0.01721	0.01484	0.01080	0.00540	0.00439	0.00135	0.00371	0.00439	0.00540	0.00742
22	0.01085	0.00937	0.00986	0.00888	0.01134	0.01085	0.00690	0.02318	0.81164	0.01824	0.01775	0.01627	0.01331	0.00592	0.00444	0.00148	0.00345	0.00493	0.00444	0.00690
23	0.01085	0.00937	0.00986	0.00888	0.01134	0.01085	0.00690	0.02318	0.81164	0.01824	0.01775	0.01627	0.01331	0.00592	0.00444	0.00148	0.00345	0.00493	0.00444	0.00690
24	0.00954	0.00954	0.01336	0.01145	0.01145	0.01336	0.00954	0.01050	0.00668	0.01050	0.00573	0.00954	0.00573	0.00763	0.01431	0.00191	0.83874	0.00382	0.00191	0.00477
25	0.01362	0.00986	0.01091	0.00912	0.01188	0.01101	0.00730	0.26042	0.41517	0.12993	0.01513	0.03099	0.01121	0.00586	0.00480	0.00143	0.03527	0.00466	0.00444	0.00698
26	0.01190	0.80796	0.02237	0.00759	0.01131	0.01707	0.00750	0.05221	0.00944	0.01111	0.00628	0.00717	0.00569	0.00381	0.00288	0.00095	0.00467	0.00241	0.00199	0.00569
27	0.00542	0.00388	0.00505	0.00594	0.00625	0.00363	0.00398	0.00616	0.00831	0.01101	0.02419	0.73183	0.06372	0.07388	0.00676	0.00194	0.00267	0.02794	0.00395	0.00349
28	0.00622	0.00447	0.00560	0.00543	0.00654	0.00405	0.00407	0.00795	0.01144	0.03450	0.54904	0.10731	0.19920	0.00977	0.00519	0.00144	0.00222	0.02694	0.00457	0.00405
29	0.00546	0.00396	0.00508	0.00576	0.00623	0.00366	0.00391	0.00638	0.00892	0.01187	0.12542	0.61826	0.11163	0.05398	0.00629	0.00181	0.00252	0.01120	0.00407	0.00358
30	0.00871	0.00844	0.01295	0.77172	0.02868	0.05024	0.01178	0.01180	0.03194	0.01132	0.00799	0.01158	0.00602	0.00441	0.00434	0.00144	0.00585	0.00385	0.00202	0.00491
31	0.01903	0.00726	0.00984	0.00759	0.01085	0.00630	0.00625	0.02073	0.01233	0.78469	0.01707	0.01491	0.01081	0.00538	0.00432	0.00133	0.00363	0.00437	0.04602	0.00726
32	0.00918	0.00844	0.01344	0.34568	0.29295	0.02135	0.02471	0.01227	0.05491	0.02402	0.08745	0.05094	0.02557	0.00526	0.00450	0.00140	0.00493	0.00481	0.00261	0.00557
33	0.01072	0.01502	0.30105	0.04561	0.23622	0.03009	0.16958	0.05664	0.02961	0.05051	0.00889	0.01068	0.00665	0.00415	0.00442	0.00137	0.00601	0.00393	0.00237	0.00648

[dist]
# distance from previous block
# <min> <max>
2	7

[block]
# block no. 3 follows, 60 sequences, length 76
# corresponding to MSA columns:
# 132-207
name=unknown_D
#
# <colnr> <probs for GDERKNQSTAVLIFYWHMCP>
#	G	D	E	R	K	N	Q	S	T	A	V	L	I	F	Y	W	H	M	C	P
0	0.00535	0.00442	0.00466	0.00460	0.00597	0.00377	0.00343	0.00659	0.01026	0.01265	0.17154	0.04012	0.67146	0.02910	0.00553	0.00152	0.00223	0.00892	0.00414	0.00373
1	0.01000	0.06847	0.13235	0.02542	0.12867	0.02330	0.05644	0.05200	0.00989	0.01442	0.00790	0.00944	0.00636	0.00366	0.00369	0.00097	0.00453	0.00309	0.00241	0.43698
2	0.00722	0.00550	0.00704	0.00665	0.00781	0.00595	0.00512	0.03252	0.11407	0.01474	0.32321	0.02346	0.04590	0.03105	0.29489	0.00342	0.02689	0.00604	0.03405	0.00447
3	0.01064	0.01112	0.08839	0.22358	0.33582	0.01058	0.11954	0.09693	0.01073	0.02722	0.00849	0.01100	0.00657	0.00421	0.00456	0.00138	0.01661	0.00401	0.00236	0.00625
4	0.00683	0.00530	0.00622	0.00588	0.00721	0.00519	0.00444	0.02349	0.12956	0.01598	0.45483	0.04884	0.20260	0.03836	0.00566	0.00153	0.00248	0.02673	0.00447	0.00442
5	0.00545	0.00441	0.00482	0.00475	0.00605	0.00380	0.00353	0.00678	0.01046	0.01320	0.24735	0.06201	0.57353	0.02774	0.00551	0.00151	0.00222	0.00889	0.00422	0.00377
6	0.00935	0.00906	0.01235	0.01040	0.01103	0.01180	0.00858	0.01043	0.00706	0.01104	0.00634	0.01012	0.00620	0.03627	0.01277	0.00178	0.67230	0.00370	0.00205	0.14737
7	0.01629	0.02079	0.01236	0.01124	0.01348	0.82921	0.00843	0.01742	0.01236	0.01067	0.00674	0.00787	0.00562	0.00449	0.00393	0.00112	0.00787	0.00281	0.00225	0.00506
8	0.01856	0.00736	0.00987	0.00765	0.01086	0.00650	0.00629	0.03778	0.02629	0.74038	0.04716	0.01548	0.01192	0.00553	0.00438	0.00134	0.00363	0.00451	0.02732	0.00720
9	0.01658	0.01222	0.01309	0.01003	0.01353	0.01353	0.00829	0.80497	0.02051	0.02749	0.01047	0.01047	0.00742	0.00524	0.00436	0.00131	0.00480	0.00393	0.00436	0.00742
10	0.00535	0.00443	0.00469	0.00463	0.00601	0.00377	0.00347	0.00664	0.01041	0.01290	0.19493	0.04014	0.66631	0.01063	0.00515	0.00145	0.00218	0.00895	0.00420	0.00377
11	0.00636	0.00456	0.00612	0.00702	0.00783	0.00442	0.00569	0.00790	0.00948	0.01242	0.02500	0.29612	0.09385	0.01231	0.00574	0.00187	0.00335	0.46278	0.02334	0.00384
12	0.01505	0.01660	0.01189	0.01047	0.01298	0.49492	0.00804	0.15374	0.20374	0.01535	0.01000	0.01031	0.00776	0.00496	0.00413	0.00124	0.00629	0.00350	0.00313	0.00590
13	0.10461	0.00752	0.00975	0.00756	0.01087	0.00674	0.00624	0.02042	0.01198	0.74295	0.01610	0.01408	0.01019	0.00526	0.00422	0.00135	0.00368	0.00419	0.00513	0.00715
14	0.00563	0.00441	0.00510	0.00498	0.00620	0.00388	0.00371	0.00717	0.01100	0.01441	0.40284	0.06784	0.42694	0.01015	0.00517	0.00144	0.00215	0.00871	0.00440	0.00388
15	0.87753	0.00843	0.00641	0.00574	0.00843	0.00978	0.00472	0.01282	0.00742	0.01957	0.00607	0.00709	0.00472	0.00405	0.00270	0.00135	0.00337	0.00236	0.00270	0.00472
16	0.01144	0.00584	0.00670	0.00577	0.00763	0.00570	0.00455	0.10504	0.01159	0.20340	0.09476	0.01790	0.04600	0.00579	0.00380	0.00118	0.00275	0.00471	0.45023	0.00522
17	0.00973	0.00590	0.00616	0.00559	0.00720	0.00621	0.00434	0.10100	0.13325	0.04237	0.01557	0.01654	0.04149	0.00546	0.00353	0.00115	0.00262	0.00439	0.58256	0.00496
18	0.87753	0.00843	0.00641	0.00574	0.00843	0.00978	0.00472	0.01282	0.00742	0.01957	0.00607	0.00709	0.00472	0.00405	0.00270	0.00135	0.00337	0.00236	0.00270	0.00472
19	0.00531	0.00382	0.00504	0.00601	0.00631	0.00355	0.00402	0.00608	0.00841	0.01116	0.02480	0.81364	0.05859	0.01357	0.00555	0.00176	0.00252	0.01228	0.00405	0.00355
20	0.01121	0.01188	0.02402	0.01729	0.02154	0.04170	0.70744	0.03698	0.01078	0.05849	0.00925	0.01175	0.00683	0.00385	0.00504	0.00145	0.00710	0.00498	0.00244	0.00598
21	0.04130	0.00403	0.00519	0.00613	0.00651	0.00386	0.00419	0.00646	0.00838	0.01155	0.02326	0.77946	0.02771	0.01321	0.00547	0.00176	0.00262	0.04131	0.00399	0.00361
22	0.00623	0.00467	0.00701	0.00701	0.00779	0.00545	0.00545	0.00779	0.00701	0.01012	0.01168	0.01713	0.01090	0.03271	0.82944	0.00701	0.01168	0.00467	0.00234	0.00389
23	0.01352	0.01493	0.01349	0.16620	0.10641	0.39246	0.02276	0.11842	0.01194	0.01340	0.00752	0.00945	0.00606	0.00477	0.00506	0.00130	0.08096	0.00340	0.00243	0.00552
24	0.00632	0.00431	0.00515	0.00515	0.00528	0.00444	0.00313	0.00659	0.00646	0.00874	0.01339	0.02657	0.01500	0.70613	0.16163	0.00471	0.00552	0.00605	0.00259	0.00286
25	0.87753	0.00843	0.00641	0.00574	0.00843	0.00978	0.00472	0.01282	0.00742	0.01957	0.00607	0.00709	0.00472	0.00405	0.00270	0.00135	0.00337	0.00236	0.00270	0.00472
26	0.00970	0.01804	0.50038	0.01447	0.02006	0.01033	0.30714	0.01413	0.00972	0.04206	0.00852	0.01035	0.00611	0.00401	0.00452	0.00141	0.00669	0.00398	0.00210	0.00627
27	0.01141	0.00888	0.00958	0.00850	0.01101	0.00998	0.00665	0.02201	0.68363	0.10027	0.01922	0.01761	0.05935	0.00616	0.00447	0.00147	0.00341	0.00512	0.00451	0.00677
28	0.00599	0.00443	0.00559	0.00535	0.00642	0.00403	0.00399	0.00786	0.01184	0.01640	0.67214	0.06456	0.15639	0.00941	0.00516	0.00140	0.00210	0.00825	0.00466	0.00403
29	0.01658	0.01222	0.01309	0.01003	0.01353	0.01353	0.00829	0.80497	0.02051	0.02749	0.01047	0.01047	0.00742	0.00524	0.00436	0.00131	0.00480	0.00393	0.00436	0.00742
30	0.00559	0.00445	0.00508	0.00539	0.00658	0.00394	0.00416	0.00687	0.00987	0.01225	0.08062	0.15556	0.51427	0.01148	0.00538	0.00161	0.00259	0.15650	0.00409	0.00375
31	0.00739	0.00580	0.00711	0.00586	0.00805	0.00481	0.00452	0.00940	0.01093	0.01612	0.46882	0.02259	0.02631	0.00651	0.00432	0.00107	0.00254	0.00563	0.02170	0.36051
32	0.00631	0.00430	0.00514	0.00521	0.00535	0.00440	0.00320	0.00661	0.00661	0.00891	0.01408	0.05598	0.01589	0.68189	0.13234	0.00446	0.00519	0.02856	0.00269	0.00289
33	0.00704	0.00400	0.00537	0.00537	0.00540	0.00402	0.00340	0.00602	0.00599	0.00802	0.01016	0.01944	0.01097	0.34407	0.04971	0.49748	0.00426	0.00483	0.00221	0.00226
34	0.01096	0.07361	0.08977	0.00933	0.01229	0.04207	0.02007	0.04076	0.59972	0.01700	0.01528	0.02698	0.01168	0.00560	0.00429	0.00142	0.00408	0.00458	0.00387	0.00664
35	0.03152	0.37976	0.35839	0.00960	0.01428	0.04169	0.01091	0.04306	0.00959	0.01272	0.00881	0.00976	0.04434	0.00434	0.00357	0.00118	0.00538	0.00311	0.00209	0.00589
36	0.01270	0.12291	0.04526	0.00921	0.01204	0.15352	0.00763	0.12060	0.37650	0.04469	0.01280	0.01293	0.00989	0.03451	0.00473	0.00141	0.00471	0.00405	0.00357	0.00633
37	0.03787	0.00397	0.00574	0.00572	0.00583	0.00404	0.00386	0.00598	0.00577	0.00806	0.00762	0.01314	0.00756	0.01519	0.03630	0.82166	0.00397	0.00376	0.00193	0.00204
38	0.00955	0.00926	0.01603	0.37883	0.30076	0.01031	0.10157	0.02422	0.00938	0.01277	0.00819	0.01183	0.00663	0.00449	0.00516	0.00144	0.06435	0.01741	0.00211	0.00570
39	0.00904	0.00775	0.00904	0.00646	0.01034	0.00581	0.00517	0.01098	0.00904	0.01421	0.00775	0.00904	0.00646	0.00323	0.00323	0.00065	0.00323	0.00258	0.00258	0.87339
40	0.01208	0.43806	0.18949	0.00989	0.04383	0.03460	0.02886	0.08047	0.03844	0.07501	0.00823	0.00896	0.00648	0.00417	0.00354	0.00114	0.00510	0.00304	0.00246	0.00616
41	0.01658	0.01222	0.01309	0.01003	0.01353	0.01353	0.00829	0.80497	0.02051	0.02749	0.01047	0.01047	0.00742	0.00524	0.00436	0.00131	0.00480	0.00393	0.00436	0.00742
42	0.00653	0.00421	0.00518	0.00518	0.00527	0.00430	0.00316	0.00641	0.00631	0.00851	0.01249	0.02469	0.01392	0.61424	0.11727	0.14642	0.00504	0.00573	0.00248	0.00267
43	0.00621	0.00457	0.00654	0.00658	0.00726	0.00516	0.00495	0.00752	0.00706	0.01005	0.01316	0.05319	0.02896	0.13871	0.66202	0.00624	0.01001	0.00530	0.01279	0.00371
44	0.02499	0.53304	0.18689	0.00915	0.04301	0.03739	0.00917	0.01300	0.00897	0.01146	0.00689	0.00850	0.00603	0.03377	0.00388	0.00115	0.00503	0.00275	0.00196	0.05296
45	0.01002	0.00957	0.01630	0.27211	0.58023	0.01016	0.01300	0.01271	0.00956	0.01331	0.00807	0.01105	0.00658	0.00403	0.00433	0.00134	0.00537	0.00388	0.00209	0.00628
46	0.00528	0.00438	0.00463	0.00466	0.00600	0.00372	0.00346	0.00648	0.01011	0.01240	0.13268	0.09917	0.67002	0.01099	0.00518	0.00148	0.00221	0.00928	0.00414	0.00372
47	0.04667	0.01041	0.10271	0.09033	0.24700	0.04908	0.07011	0.01346	0.01007	0.13424	0.03097	0.03339	0.07006	0.00586	0.01838	0.01166	0.00502	0.01743	0.02730	0.00587
48	0.02591	0.01506	0.35802	0.06180	0.08823	0.04565	0.04171	0.08221	0.01074	0.11206	0.01118	0.04612	0.02374	0.00530	0.00453	0.00141	0.01751	0.03985	0.00280	0.00618
49	0.01629	0.02079	0.01236	0.01124	0.01348	0.82921	0.00843	0.01742	0.01236	0.01067	0.00674	0.00787	0.00562	0.00449	0.00393	0.00112	0.00787	0.00281	0.00225	0.00506
50	0.00808	0.00682	0.01078	0.45088	0.07883	0.00783	0.00934	0.02158	0.00921	0.03507	0.06603	0.14381	0.02538	0.03886	0.01931	0.00171	0.01401	0.04501	0.00277	0.00470
51	0.02248	0.08152	0.07897	0.16149	0.18591	0.05198	0.10769	0.10068	0.01077	0.03561	0.02897	0.06153	0.00864	0.00504	0.00476	0.00137	0.03974	0.00441	0.00259	0.00586
52	0.00880	0.00822	0.00925	0.22672	0.02633	0.11910	0.00743	0.06152	0.01010	0.02343	0.01851	0.24719	0.13819	0.00845	0.00521	0.00152	0.03742	0.03489	0.00317	0.00453
53	0.80455	0.03019	0.00735	0.00660	0.03465	0.03206	0.00517	0.01297	0.00767	0.01892	0.00616	0.00722	0.00484	0.00405	0.00279	0.00133	0.00359	0.00242	0.00265	0.00482
54	0.00576	0.00413	0.00563	0.00638	0.00679	0.00393	0.01529	0.00668	0.00856	0.01141	0.05255	0.61746	0.02716	0.07858	0.00708	0.01483	0.00293	0.11738	0.00391	0.00357
55	0.00954	0.00954	0.01336	0.01145	0.01145	0.01336	0.00954	0.01050	0.00668	0.01050	0.00573	0.00954	0.00573	0.00763	0.01431	0.00191	0.83874	0.00382	0.00191	0.00477
56	0.01105	0.00947	0.00998	0.00892	0.01142	0.01094	0.00695	0.05113	0.78335	0.01858	0.01749	0.01606	0.01310	0.00589	0.00444	0.00147	0.00350	0.00490	0.00444	0.00692
57	0.00531	0.00380	0.00506	0.00607	0.00633	0.00354	0.00405	0.00607	0.00835	0.01113	0.02404	0.84388	0.02885	0.01366	0.00557	0.00177	0.00253	0.01240	0.00405	0.00354
58	0.00798	0.00431	0.00483	0.00470	0.00575	0.00418	0.00351	0.00990	0.00993	0.04929	0.20446	0.04461	0.01912	0.03580	0.00439	0.00126	0.00223	0.01730	0.56231	0.00415
59	0.00531	0.00380	0.00506	0.00607	0.00633	0.00354	0.00405	0.00607	0.00835	0.01113	0.02404	0.84388	0.02885	0.01366	0.00557	0.00177	0.00253	0.01240	0.00405	0.00354
60	0.00579	0.00415	0.00540	0.00623	0.00663	0.00396	0.00422	0.03901	0.00891	0.01191	0.03612	0.79662	0.02816	0.01324	0.00551	0.00175	0.00262	0.01198	0.00407	0.00371
61	0.01166	0.84935	0.02285	0.00746	0.01119	0.01726	0.00746	0.01306	0.00886	0.01026	0.00606	0.00700	0.00560	0.00373	0.00280	0.00093	0.00466	0.00233	0.00187	0.00560
62	0.00516	0.00441	0.00443	0.00445	0.00590	0.00368	0.00333	0.00626	0.00991	0.01177	0.04380	0.05720	0.80277	0.01110	0.00516	0.00148	0.00222	0.00927	0.00405	0.00368
63	0.01047	0.01003	0.01712	0.12961	0.71922	0.01028	0.01322	0.01310	0.00978	0.01385	0.00815	0.01090	0.00677	0.00395	0.00432	0.00132	0.00526	0.00388	0.00213	0.00665
64	0.00635	0.00471	0.00596	0.00565	0.00678	0.00444	0.00427	0.00885	0.05097	0.01703	0.70581	0.03285	0.09114	0.00900	0.00513	0.00140	0.00219	0.02854	0.00471	0.00422
65	0.01055	0.01013	0.01719	0.09009	0.72897	0.01041	0.01315	0.01311	0.00972	0.01387	0.00808	0.01082	0.00678	0.00405	0.00467	0.00133	0.03440	0.00388	0.00213	0.00667
66	0.00875	0.02256	0.82413	0.01243	0.01888	0.01013	0.01611	0.01381	0.00921	0.01381	0.00783	0.00921	0.00552	0.00414	0.00414	0.00138	0.00645	0.00322	0.00184	0.00645
67	0.00976	0.01022	0.01968	0.04324	0.03672	0.00925	0.50229	0.01280	0.00982	0.01389	0.00876	0.02810	0.00701	0.00378	0.00453	0.00122	0.00591	0.00446	0.00235	0.26621
68	0.01499	0.03543	0.01254	0.00969	0.01291	0.02601	0.00792	0.57283	0.21942	0.02440	0.01212	0.01179	0.00882	0.00535	0.00433	0.00134	0.00450	0.00412	0.00428	0.00720
69	0.00697	0.03817	0.08806	0.00648	0.00811	0.00522	0.00548	0.00856	0.02094	0.04578	0.13510	0.27894	0.18358	0.03518	0.01833	0.04679	0.00325	0.03380	0.00369	0.02756
70	0.00900	0.04768	0.72870	0.01318	0.05575	0.01040	0.04815	0.01378	0.00928	0.01373	0.00783	0.00932	0.00564	0.00410	0.00415	0.00137	0.00637	0.00330	0.00187	0.00642
71	0.01634	0.05192	0.01288	0.01058	0.01329	0.53375	0.00825	0.23143	0.01444	0.05507	0.00824	0.00888	0.00636	0.00471	0.00403	0.00118	0.00670	0.00317	0.00296	0.00584
72	0.00594	0.00432	0.00573	0.00664	0.00730	0.00411	0.00509	0.00721	0.00915	0.01192	0.02579	0.46111	0.10993	0.01278	0.00570	0.00183	0.00306	0.30462	0.00404	0.00374
73	0.01219	0.00636	0.00808	0.00733	0.00944	0.00604	0.00606	0.06670	0.04259	0.30860	0.02161	0.05724	0.10560	0.00835	0.00492	0.00156	0.00353	0.24763	0.07063	0.00554
74	0.00896	0.00849	0.01439	0.60779	0.25285	0.00988	0.01247	0.01178	0.00906	0.01202	0.00788	0.01139	0.00612	0.00423	0.00435	0.00141	0.00564	0.00388	0.00200	0.00543
75	0.69082	0.05887	0.00888	0.01929	0.09325	0.04260	0.00603	0.01305	0.00798	0.01800	0.00634	0.00756	0.00505	0.00403	0.00294	0.00131	0.00385	0.00256	0.00257	0.00502

[dist]
# distance from previous block
# <min> <max>
0	1

[block]
# block no. 4 follows, 60 sequences, length 27
# corresponding to MSA columns:
# 209-235
name=unknown_E
#
# <colnr> <probs for GDERKNQSTAVLIFYWHMCP>
#	G	D	E	R	K	N	Q	S	T	A	V	L	I	F	Y	W	H	M	C	P
0	0.00895	0.00852	0.01376	0.47969	0.28099	0.02506	0.01162	0.01157	0.00938	0.01238	0.03645	0.01393	0.05983	0.00479	0.00442	0.00139	0.00530	0.00433	0.00224	0.00541
1	0.00985	0.00902	0.01422	0.08966	0.52499	0.03361	0.01087	0.01202	0.00966	0.03473	0.01178	0.16317	0.02306	0.00586	0.00452	0.00138	0.00470	0.00546	0.00261	0.02883
2	0.00697	0.00887	0.17818	0.06081	0.01120	0.00591	0.04237	0.00932	0.01022	0.03931	0.16471	0.02931	0.39943	0.00829	0.00486	0.00143	0.00358	0.00704	0.00354	0.00463
3	0.00625	0.00458	0.00652	0.00652	0.00713	0.00519	0.00484	0.00747	0.00686	0.00976	0.01213	0.01961	0.01198	0.20965	0.65397	0.00640	0.01006	0.00504	0.00240	0.00362
4	0.00848	0.01883	0.63362	0.01198	0.01733	0.00925	0.06537	0.01287	0.00934	0.01360	0.01053	0.05321	0.00909	0.00553	0.00451	0.00148	0.00602	0.10074	0.00224	0.00597
5	0.00927	0.06254	0.02456	0.02010	0.03178	0.00689	0.00586	0.01142	0.02172	0.01397	0.00781	0.00911	0.00650	0.00336	0.00328	0.00072	0.00347	0.00267	0.00253	0.75244
6	0.01004	0.00841	0.03405	0.00694	0.01080	0.00644	0.00575	0.04468	0.03266	0.06432	0.00873	0.00967	0.00693	0.00355	0.00341	0.00076	0.00343	0.00284	0.00286	0.73372
7	0.00833	0.00785	0.01325	0.80703	0.05853	0.00971	0.01216	0.01122	0.00876	0.01126	0.00777	0.01160	0.00585	0.00434	0.00436	0.00145	0.00579	0.00388	0.00195	0.00492
8	0.00628	0.00448	0.00601	0.00601	0.00645	0.00491	0.00421	0.00715	0.00671	0.00939	0.01259	0.02218	0.01309	0.39248	0.47266	0.00578	0.00839	0.00541	0.00247	0.00334
9	0.00707	0.00522	0.00763	0.00833	0.00943	0.00518	0.03638	0.00909	0.00998	0.01300	0.02261	0.08272	0.02458	0.01181	0.00597	0.00198	0.00407	0.72694	0.00395	0.00406
10	0.01262	0.02351	0.01121	0.00982	0.04173	0.05177	0.00749	0.27317	0.42318	0.02012	0.01473	0.06717	0.01168	0.00602	0.00443	0.00141	0.00413	0.00491	0.00416	0.00674
11	0.00745	0.00524	0.00600	0.00551	0.00691	0.02609	0.00419	0.02361	0.01158	0.05829	0.47787	0.02976	0.17914	0.00833	0.00476	0.00132	0.00241	0.00714	0.10184	0.03254
12	0.06408	0.03286	0.01181	0.00958	0.02751	0.24019	0.02826	0.20007	0.03407	0.18810	0.01045	0.01061	0.00757	0.00472	0.00399	0.00120	0.00516	0.00352	0.02845	0.08779
13	0.00962	0.06148	0.23518	0.01328	0.01753	0.01040	0.33545	0.01475	0.14310	0.01442	0.03583	0.03891	0.02879	0.00484	0.00461	0.00142	0.00580	0.00483	0.01377	0.00598
14	0.01708	0.00673	0.00896	0.00714	0.00999	0.00590	0.00580	0.01875	0.01176	0.65951	0.01724	0.06866	0.01202	0.00589	0.00428	0.00133	0.00340	0.00486	0.12398	0.00671
15	0.01375	0.00640	0.00808	0.00663	0.00911	0.00571	0.00529	0.05326	0.01190	0.45265	0.10161	0.03501	0.20469	0.03452	0.00520	0.00147	0.00320	0.00601	0.02960	0.00591
16	0.01148	0.08749	0.19315	0.06052	0.06424	0.05988	0.16918	0.16385	0.03461	0.02648	0.02168	0.02525	0.00749	0.00474	0.00488	0.00137	0.05088	0.00405	0.00265	0.00614
17	0.01029	0.01176	0.02574	0.01838	0.02279	0.01103	0.80368	0.01397	0.01029	0.01397	0.00882	0.01176	0.00662	0.00368	0.00515	0.00147	0.00735	0.00515	0.00221	0.00588
18	0.00561	0.00407	0.00534	0.00624	0.00673	0.00382	0.00447	0.00660	0.00874	0.01147	0.02539	0.62355	0.09496	0.02888	0.00592	0.00183	0.00279	0.14594	0.00402	0.00362
19	0.00533	0.00396	0.00495	0.00568	0.00622	0.00361	0.00387	0.00621	0.00881	0.01149	0.06081	0.62974	0.19312	0.02716	0.00575	0.00173	0.00247	0.01145	0.00406	0.00358
20	0.01082	0.06168	0.45710	0.01209	0.04754	0.02205	0.06865	0.09528	0.06638	0.07436	0.00997	0.03747	0.00754	0.00472	0.00425	0.00137	0.00568	0.00390	0.00266	0.00647
21	0.00701	0.00495	0.00560	0.00528	0.00683	0.00443	0.00401	0.00902	0.05538	0.08559	0.23289	0.06175	0.48155	0.00981	0.00506	0.00145	0.00238	0.00831	0.00438	0.00430
22	0.00881	0.01071	0.24818	0.00814	0.01122	0.00685	0.00822	0.05811	0.03202	0.08465	0.18828	0.06226	0.12980	0.00843	0.03560	0.02984	0.00424	0.02823	0.00352	0.03288
23	0.01133	0.09139	0.31621	0.05851	0.08285	0.14867	0.13733	0.06457	0.01068	0.02692	0.00799	0.00962	0.00605	0.00417	0.00419	0.00130	0.00638	0.00353	0.00222	0.00608
24	0.01166	0.04005	0.17272	0.14317	0.13432	0.16813	0.03047	0.09254	0.02077	0.05766	0.01107	0.02456	0.05482	0.00502	0.00429	0.00133	0.00572	0.01317	0.00265	0.00587
25	0.00892	0.00848	0.01369	0.43897	0.23253	0.02237	0.02542	0.01136	0.00894	0.01194	0.00962	0.04325	0.02533	0.02694	0.00573	0.00154	0.07360	0.02392	0.00220	0.00525
26	0.10979	0.05330	0.02489	0.13661	0.21343	0.04688	0.08779	0.07247	0.01934	0.09402	0.02885	0.01277	0.02182	0.00484	0.00454	0.00137	0.03214	0.02641	0.00282	0.00591

[dist]
# distance from previous block
# <min> <max>
8	51

[block]
# block no. 5 follows, 60 sequences, length 9
# corresponding to MSA columns:
# 292-300
name=unknown_F
#
# <colnr> <probs for GDERKNQSTAVLIFYWHMCP>
#	G	D	E	R	K	N	Q	S	T	A	V	L	I	F	Y	W	H	M	C	P
0	0.00640	0.02436	0.03850	0.00745	0.04200	0.00499	0.02307	0.00795	0.02252	0.01222	0.06388	0.43520	0.14215	0.02654	0.00553	0.00166	0.00310	0.08469	0.00374	0.04404
1	0.04819	0.00538	0.00631	0.00548	0.00735	0.00506	0.00432	0.01356	0.01050	0.27731	0.09597	0.01776	0.03597	0.00569	0.00373	0.00119	0.00264	0.00462	0.44380	0.00517
2	0.00637	0.00457	0.00550	0.00519	0.00648	0.00405	0.00392	0.00807	0.01147	0.04996	0.49936	0.03526	0.32467	0.00955	0.00512	0.00141	0.00218	0.00822	0.00455	0.00410
3	0.52659	0.00843	0.00800	0.00666	0.00954	0.00913	0.00548	0.10727	0.01027	0.21819	0.00970	0.00980	0.00682	0.00457	0.00332	0.00133	0.00356	0.00312	0.04253	0.00567
4	0.00738	0.00442	0.00566	0.00592	0.00678	0.00404	0.00417	0.00841	0.00931	0.11646	0.09496	0.50684	0.10481	0.05998	0.00621	0.00177	0.00269	0.00999	0.03613	0.00407
5	0.05363	0.00781	0.00973	0.00760	0.01070	0.00735	0.00625	0.13648	0.01310	0.58071	0.01541	0.01403	0.01008	0.00528	0.00416	0.00131	0.00367	0.00420	0.10157	0.00693
6	0.00823	0.00749	0.01243	0.77610	0.02824	0.00928	0.01146	0.01107	0.00875	0.01151	0.00822	0.01196	0.00620	0.00441	0.00427	0.00142	0.00554	0.00389	0.06474	0.00479
7	0.00587	0.00429	0.00553	0.00568	0.00653	0.00395	0.00416	0.00745	0.01084	0.01487	0.47213	0.26753	0.11409	0.01065	0.00531	0.00153	0.00231	0.04890	0.00447	0.00390
8	0.78786	0.00865	0.00691	0.00611	0.00883	0.01001	0.00501	0.04746	0.05689	0.01983	0.00697	0.00779	0.00536	0.00421	0.00288	0.00136	0.00344	0.00259	0.00288	0.00497

[dist]
# distance from previous block
# <min> <max>
0	14

[block]
# block no. 6 follows, 60 sequences, length 15
# corresponding to MSA columns:
# 315-329
name=unknown_G
#
# <colnr> <probs for GDERKNQSTAVLIFYWHMCP>
#	G	D	E	R	K	N	Q	S	T	A	V	L	I	F	Y	W	H	M	C	P
0	0.07095	0.00953	0.01161	0.00914	0.01195	0.01016	0.06796	0.38100	0.04611	0.14265	0.01118	0.01193	0.00816	0.00625	0.00589	0.09989	0.02300	0.00402	0.06244	0.00619
1	0.03453	0.29940	0.22049	0.03316	0.07687	0.02955	0.02163	0.05558	0.04321	0.02481	0.03795	0.02380	0.00793	0.00440	0.00369	0.00117	0.00496	0.00339	0.00241	0.07110
2	0.02902	0.39592	0.05540	0.00874	0.01205	0.13700	0.00787	0.07189	0.18824	0.04079	0.00952	0.00980	0.00759	0.00452	0.00356	0.00115	0.00492	0.00320	0.00280	0.00602
3	0.01003	0.01362	0.16306	0.01736	0.02212	0.01087	0.66821	0.01394	0.01011	0.01394	0.00865	0.01132	0.00643	0.00376	0.00497	0.00146	0.00720	0.00482	0.00214	0.00598
4	0.00990	0.00939	0.01599	0.08185	0.34909	0.00963	0.16471	0.05153	0.05510	0.01450	0.04011	0.06312	0.03318	0.00558	0.00504	0.00145	0.03284	0.04828	0.00274	0.00596
5	0.00552	0.00440	0.00475	0.00485	0.00598	0.00387	0.00354	0.00654	0.00940	0.01156	0.07001	0.08120	0.56292	0.14258	0.00792	0.00195	0.00266	0.06293	0.00386	0.00355
6	0.01035	0.00603	0.00817	0.03536	0.05746	0.00573	0.00574	0.03342	0.01179	0.23179	0.37894	0.06219	0.09631	0.00779	0.00512	0.00140	0.02597	0.00668	0.00451	0.00523
7	0.01379	0.00726	0.00897	0.00733	0.00974	0.00710	0.00584	0.16378	0.03991	0.34381	0.19869	0.01916	0.01754	0.06075	0.03981	0.00176	0.00382	0.00524	0.03963	0.00606
8	0.57517	0.03530	0.00748	0.00610	0.00871	0.00923	0.00502	0.06809	0.02879	0.08701	0.00874	0.00948	0.00656	0.00442	0.00305	0.00129	0.00336	0.00294	0.12414	0.00513
9	0.01223	0.01000	0.01066	0.00901	0.01185	0.01119	0.00714	0.22886	0.54461	0.02040	0.01511	0.01422	0.01126	0.00554	0.00433	0.00137	0.00379	0.00450	0.00428	0.06965
10	0.00567	0.00409	0.00543	0.00638	0.00687	0.00386	0.00463	0.00671	0.00881	0.01158	0.02510	0.62612	0.07755	0.01316	0.00564	0.00180	0.00282	0.17608	0.00404	0.00365
11	0.03536	0.01270	0.15109	0.10886	0.20631	0.06063	0.11612	0.13543	0.03090	0.03422	0.00952	0.04407	0.00766	0.00528	0.02154	0.00149	0.00576	0.00423	0.00266	0.00618
12	0.01058	0.07901	0.37415	0.03239	0.08012	0.01105	0.22408	0.07920	0.01057	0.04527	0.00856	0.01022	0.00629	0.00411	0.00436	0.00136	0.00620	0.00384	0.00231	0.00635
13	0.00584	0.00423	0.00557	0.00643	0.00700	0.00401	0.00478	0.00699	0.00899	0.01179	0.04544	0.50307	0.09217	0.04355	0.00626	0.00189	0.00297	0.23134	0.00401	0.00367
14	0.01226	0.00861	0.02144	0.08325	0.04237	0.06366	0.02416	0.14674	0.06828	0.17601	0.09229	0.09126	0.01397	0.00620	0.00435	0.00134	0.00401	0.00521	0.12884	0.00576

[dist]
# distance from previous block
# <min> <max>
2	42

[block]
# block no. 7 follows, 60 sequences, length 13
# corresponding to MSA columns:
# 372-384
name=unknown_H
#
# <colnr> <probs for GDERKNQSTAVLIFYWHMCP>
#	G	D	E	R	K	N	Q	S	T	A	V	L	I	F	Y	W	H	M	C	P
0	0.01142	0.48716	0.17013	0.00887	0.01274	0.08776	0.02216	0.04307	0.00985	0.03260	0.02204	0.04456	0.02198	0.00462	0.00349	0.00112	0.00513	0.00335	0.00227	0.00568
1	0.00617	0.00438	0.00542	0.00593	0.00638	0.00425	0.00403	0.03813	0.00853	0.01126	0.02188	0.47937	0.07207	0.23682	0.01000	0.00241	0.00318	0.07261	0.00368	0.00350
2	0.83432	0.00914	0.04708	0.00607	0.00895	0.00980	0.00529	0.01287	0.00751	0.01928	0.00616	0.00719	0.00476	0.00405	0.00277	0.00135	0.00353	0.00240	0.00266	0.00481
3	0.25650	0.08584	0.09324	0.02332	0.05090	0.00880	0.01977	0.01309	0.00898	0.09795	0.00852	0.02855	0.00677	0.00413	0.00341	0.00110	0.00397	0.00310	0.00276	0.27929
4	0.00902	0.00775	0.00929	0.00726	0.04350	0.00594	0.00547	0.01099	0.00919	0.01432	0.03522	0.00991	0.00765	0.00345	0.00334	0.00070	0.00327	0.00282	0.00264	0.80826
5	0.00549	0.00401	0.00524	0.00604	0.00651	0.00366	0.00408	0.00632	0.00844	0.01131	0.02390	0.77621	0.05385	0.01306	0.00544	0.00171	0.00255	0.01181	0.00398	0.04640
6	0.00954	0.00954	0.01336	0.01145	0.01145	0.01336	0.00954	0.01050	0.00668	0.01050	0.00573	0.00954	0.00573	0.00763	0.01431	0.00191	0.83874	0.00382	0.00191	0.00477
