[name]
unknown

[dist]
# distance from previous block
# <min> <max>
0	61

[block]
# block no. 0 follows, 41 sequences, length 10
# corresponding to MSA columns:
# 96-105
name=unknown_A
#
# <colnr> <probs for GDERKNQSTAVLIFYWHMCP>
#	G	D	E	R	K	N	Q	S	T	A	V	L	I	F	Y	W	H	M	C	P
0	0.00724	0.00569	0.00654	0.00658	0.00809	0.00500	0.00484	0.00905	0.01381	0.01787	0.29257	0.15793	0.41635	0.01403	0.00683	0.00194	0.00289	0.01209	0.00565	0.00500
1	0.00968	0.00770	0.00899	0.00934	0.01075	0.00822	0.00671	0.01633	0.28765	0.01808	0.02845	0.50665	0.03023	0.01413	0.00675	0.00218	0.00377	0.01261	0.00550	0.00629
2	0.01472	0.06590	0.10052	0.01935	0.13688	0.04142	0.23977	0.12507	0.03542	0.02075	0.01183	0.01423	0.00916	0.00555	0.00597	0.00169	0.02683	0.00527	0.05114	0.06853
3	0.00787	0.00581	0.00693	0.00727	0.00806	0.00566	0.00490	0.00963	0.04938	0.01472	0.08426	0.29233	0.15998	0.25162	0.06239	0.00359	0.00469	0.01155	0.00471	0.00464
4	0.00762	0.00613	0.00687	0.00692	0.00862	0.00554	0.00525	0.01012	0.05133	0.01747	0.19578	0.11560	0.46092	0.01397	0.00684	0.00199	0.00315	0.06517	0.00554	0.00518
5	0.01341	0.01218	0.01609	0.06242	0.33463	0.09376	0.01180	0.04158	0.01380	0.04419	0.15472	0.02285	0.01928	0.12410	0.00929	0.00228	0.00617	0.00644	0.00383	0.00717
6	0.01664	0.09074	0.28732	0.01428	0.02000	0.10252	0.04110	0.20942	0.08579	0.05909	0.01267	0.01340	0.00926	0.00609	0.00542	0.00171	0.00740	0.00468	0.00390	0.00857
7	0.14067	0.01349	0.05883	0.04994	0.01762	0.03918	0.05655	0.16897	0.01646	0.31725	0.01536	0.01524	0.01044	0.00658	0.00612	0.00181	0.04669	0.00507	0.00515	0.00856
8	0.01210	0.01271	0.02516	0.41793	0.03481	0.01356	0.36654	0.01640	0.01243	0.01640	0.01084	0.01534	0.00813	0.00529	0.00622	0.00192	0.00860	0.00589	0.00271	0.00701
9	0.01489	0.10442	0.19085	0.01622	0.06304	0.06964	0.15284	0.08064	0.01444	0.08537	0.01491	0.03929	0.01282	0.00730	0.00593	0.00185	0.00739	0.10664	0.00374	0.00777

[dist]
# distance from previous block
# <min> <max>
2	4

[block]
# block no. 1 follows, 41 sequences, length 7
# corresponding to MSA columns:
# 110-116
name=unknown_B
#
# <colnr> <probs for GDERKNQSTAVLIFYWHMCP>
#	G	D	E	R	K	N	Q	S	T	A	V	L	I	F	Y	W	H	M	C	P
0	0.00914	0.00790	0.01236	0.38753	0.05031	0.00894	0.01086	0.01170	0.01163	0.01522	0.05876	0.31356	0.05759	0.01104	0.00642	0.00205	0.00549	0.00991	0.00392	0.00568
1	0.01280	0.05911	0.09790	0.01369	0.01640	0.01286	0.10849	0.01544	0.01109	0.09365	0.04196	0.01751	0.01206	0.03694	0.18440	0.00377	0.24619	0.00567	0.00332	0.00674
2	0.68149	0.01197	0.01136	0.00944	0.01327	0.01353	0.06292	0.10133	0.01201	0.02631	0.00891	0.01028	0.00679	0.00545	0.00404	0.00178	0.00504	0.00361	0.00374	0.00672
3	0.10353	0.71768	0.02766	0.00954	0.01429	0.02158	0.00940	0.01709	0.01142	0.01476	0.00795	0.00919	0.00722	0.00494	0.00366	0.00128	0.00594	0.00306	0.00256	0.00722
4	0.00906	0.00657	0.00926	0.00903	0.01009	0.00747	0.00687	0.05187	0.01002	0.01417	0.01519	0.02315	0.01443	0.11398	0.61535	0.05574	0.01325	0.00622	0.00322	0.00506
5	0.01874	0.01549	0.01983	0.01545	0.01958	0.12385	0.19314	0.19194	0.08989	0.16195	0.01516	0.01680	0.01121	0.00677	0.00674	0.00184	0.05335	0.02520	0.00468	0.00839
6	0.01599	0.01088	0.01535	0.38822	0.02686	0.01219	0.01229	0.11064	0.09711	0.19957	0.01676	0.01817	0.03737	0.00673	0.00578	0.00185	0.00628	0.00566	0.00450	0.00784

[dist]
# distance from previous block
# <min> <max>
0	28

[block]
# block no. 2 follows, 41 sequences, length 21
# corresponding to MSA columns:
# 145-165
name=unknown_C
#
# <colnr> <probs for GDERKNQSTAVLIFYWHMCP>
#	G	D	E	R	K	N	Q	S	T	A	V	L	I	F	Y	W	H	M	C	P
0	0.00865	0.00658	0.00978	0.04641	0.01180	0.00769	0.00766	0.02931	0.00976	0.01393	0.01503	0.02190	0.01386	0.04019	0.71964	0.00865	0.01472	0.00605	0.00311	0.00529
1	0.01114	0.01071	0.01807	0.65865	0.03615	0.01334	0.05356	0.01471	0.01124	0.01471	0.00994	0.01495	0.00767	0.00615	0.00724	0.00197	0.09565	0.00516	0.00256	0.00641
2	0.20452	0.01199	0.04386	0.13039	0.10953	0.01222	0.04813	0.04926	0.12685	0.12934	0.01658	0.03141	0.04874	0.00672	0.00536	0.00183	0.00568	0.00555	0.00430	0.00773
3	0.01024	0.00945	0.01588	0.03868	0.01589	0.01108	0.14315	0.01267	0.00995	0.01436	0.01265	0.01863	0.01147	0.02707	0.43407	0.00607	0.19397	0.00595	0.00289	0.00589
4	0.00976	0.00562	0.00608	0.00636	0.00755	0.00561	0.00461	0.01267	0.05091	0.01953	0.02359	0.22131	0.04703	0.00989	0.00504	0.00164	0.00294	0.00844	0.54608	0.00533
5	0.06385	0.01339	0.01447	0.01166	0.01575	0.04206	0.00945	0.29016	0.20244	0.24828	0.01823	0.01696	0.01268	0.00703	0.00562	0.00178	0.00549	0.00549	0.00593	0.00926
6	0.03879	0.01235	0.01692	0.41058	0.09711	0.06028	0.01370	0.10735	0.01425	0.11591	0.01200	0.01490	0.00881	0.00620	0.00628	0.00185	0.04662	0.00503	0.00360	0.00747
7	0.01217	0.01156	0.01962	0.48032	0.33365	0.01307	0.01656	0.01581	0.01208	0.01627	0.01041	0.01481	0.00821	0.00547	0.00570	0.00182	0.00729	0.00509	0.00266	0.00745
8	0.00770	0.00596	0.00810	0.00856	0.00951	0.00565	0.03605	0.00985	0.05181	0.01598	0.08874	0.58892	0.10944	0.01600	0.00710	0.00221	0.00356	0.01446	0.00531	0.00509
9	0.01135	0.01163	0.04379	0.33900	0.09218	0.01310	0.09926	0.01443	0.01119	0.01533	0.01238	0.10898	0.01150	0.00798	0.00892	0.00207	0.18080	0.00659	0.00293	0.00659
10	0.01483	0.01400	0.01687	0.44037	0.07134	0.14053	0.01381	0.09901	0.06817	0.04887	0.01184	0.01481	0.00888	0.00605	0.00563	0.00180	0.00754	0.00499	0.00341	0.00726
11	0.00848	0.00609	0.00728	0.00781	0.00895	0.00592	0.00567	0.03081	0.06018	0.01743	0.07806	0.41700	0.14714	0.01453	0.00668	0.00209	0.00343	0.06180	0.10537	0.00527
12	0.01038	0.00952	0.01588	0.66081	0.03472	0.01182	0.01448	0.01391	0.01108	0.01440	0.01099	0.01641	0.00870	0.01168	0.12927	0.00307	0.00886	0.00525	0.00263	0.00615
13	0.01375	0.01419	0.06311	0.09214	0.66732	0.01351	0.01762	0.01736	0.01285	0.01834	0.01069	0.01413	0.00885	0.00516	0.00565	0.00172	0.00695	0.00505	0.00279	0.00882
14	0.03401	0.01192	0.01598	0.07161	0.22555	0.01262	0.01154	0.20616	0.09464	0.07115	0.09543	0.09064	0.01774	0.00790	0.00592	0.00182	0.00555	0.00685	0.00476	0.00822
15	0.00762	0.00563	0.00720	0.00829	0.00888	0.00550	0.00564	0.00997	0.07722	0.01543	0.03079	0.72613	0.03601	0.01701	0.00717	0.00229	0.00343	0.01539	0.00536	0.00504
16	0.39211	0.01408	0.01464	0.01660	0.20509	0.10509	0.01065	0.05673	0.01217	0.02169	0.00904	0.01127	0.00741	0.00594	0.00613	0.00180	0.09510	0.00401	0.00329	0.00718
17	0.00830	0.00648	0.00887	0.04013	0.01030	0.00626	0.06013	0.00941	0.01050	0.01357	0.02845	0.16615	0.17852	0.37403	0.01712	0.00369	0.00500	0.04444	0.00417	0.00447
18	0.01588	0.01149	0.01684	0.01583	0.11939	0.01158	0.11930	0.03960	0.24404	0.18730	0.07109	0.07030	0.01775	0.00764	0.00605	0.00185	0.00551	0.00697	0.00520	0.02640
19	0.01290	0.01217	0.01678	0.01425	0.01668	0.03923	0.13050	0.02022	0.27087	0.01869	0.01745	0.02378	0.01512	0.01029	0.04066	0.00244	0.20274	0.10503	0.02291	0.00728
20	0.40619	0.01159	0.01280	0.09354	0.11208	0.01294	0.00949	0.08067	0.04976	0.02318	0.02460	0.01331	0.02244	0.00598	0.00515	0.00174	0.03752	0.00431	0.00368	0.06903

[dist]
# distance from previous block
# <min> <max>
14	52

[block]
# block no. 3 follows, 41 sequences, length 26
# corresponding to MSA columns:
# 226-251
name=unknown_D
#
# <colnr> <probs for GDERKNQSTAVLIFYWHMCP>
#	G	D	E	R	K	N	Q	S	T	A	V	L	I	F	Y	W	H	M	C	P
0	0.04247	0.03306	0.05712	0.06107	0.11223	0.03996	0.12999	0.06720	0.21865	0.06682	0.01717	0.07624	0.01423	0.00741	0.00594	0.00189	0.00633	0.02980	0.00436	0.00806
1	0.01746	0.36950	0.11648	0.01270	0.01724	0.32521	0.01175	0.04138	0.01399	0.01494	0.00877	0.01013	0.00741	0.00542	0.00455	0.00141	0.00811	0.00352	0.00274	0.00727
2	0.01234	0.01156	0.07307	0.03646	0.03306	0.05762	0.02125	0.02624	0.03989	0.08522	0.27798	0.08264	0.02725	0.00953	0.00822	0.00189	0.13289	0.00766	0.00471	0.05053
3	0.04133	0.01535	0.15936	0.36466	0.14486	0.03974	0.07350	0.01718	0.01237	0.06201	0.01101	0.01438	0.00820	0.00557	0.00565	0.00183	0.00763	0.00498	0.00291	0.00748
4	0.00918	0.00694	0.00837	0.00805	0.00882	0.02726	0.00559	0.02852	0.00947	0.01297	0.01611	0.02891	0.01693	0.42311	0.31058	0.00648	0.02773	0.00703	0.00333	0.03463
5	0.00932	0.00573	0.00742	0.00783	0.00885	0.00530	0.00553	0.01074	0.01226	0.09239	0.13342	0.46400	0.07387	0.07372	0.00857	0.00239	0.00357	0.03608	0.03378	0.00523
6	0.01153	0.01138	0.01522	0.01325	0.01430	0.07265	0.08248	0.01316	0.01047	0.01449	0.01544	0.16480	0.03816	0.04126	0.07647	0.00294	0.36581	0.00765	0.02266	0.00587
7	0.00756	0.00567	0.00692	0.00749	0.00846	0.00530	0.00530	0.00944	0.03726	0.01623	0.14637	0.39132	0.19945	0.07738	0.00880	0.00241	0.00345	0.05099	0.00533	0.00489
8	0.07698	0.00919	0.01045	0.00926	0.01180	0.06447	0.04221	0.01387	0.01297	0.09767	0.12087	0.26064	0.08810	0.01083	0.00602	0.00179	0.00444	0.00941	0.00487	0.14415
9	0.00708	0.00517	0.00655	0.00753	0.00811	0.00476	0.00507	0.00816	0.01134	0.01492	0.07116	0.61049	0.13558	0.06495	0.00853	0.00244	0.00337	0.01491	0.00525	0.00464
10	0.00792	0.00565	0.00719	0.00779	0.00841	0.00558	0.00551	0.00907	0.01054	0.01397	0.04203	0.26254	0.08867	0.27081	0.10625	0.00419	0.00574	0.12922	0.00446	0.00446
11	0.01433	0.11647	0.17856	0.01324	0.01796	0.02949	0.08810	0.08208	0.22203	0.04705	0.01612	0.01826	0.01257	0.00673	0.00547	0.00176	0.00625	0.03848	0.07695	0.00810
12	0.02240	0.01112	0.01368	0.01068	0.01480	0.01079	0.00875	0.22353	0.03727	0.46821	0.07643	0.02079	0.03936	0.00761	0.00585	0.00177	0.00503	0.00614	0.00656	0.00924
13	0.01147	0.02959	0.76934	0.01630	0.02476	0.01328	0.02113	0.01811	0.01208	0.01811	0.01026	0.01208	0.00725	0.00543	0.00543	0.00181	0.00845	0.00423	0.00242	0.00845
14	0.01093	0.01034	0.01718	0.72763	0.03757	0.01307	0.01563	0.01455	0.01124	0.01455	0.00997	0.01505	0.00762	0.00604	0.00669	0.00195	0.06603	0.00508	0.00254	0.00635
15	0.02306	0.01128	0.01390	0.07177	0.01681	0.04869	0.00928	0.10645	0.03518	0.54523	0.01979	0.01814	0.01290	0.00689	0.00566	0.00175	0.00544	0.00553	0.03309	0.00915
16	0.00980	0.00506	0.00759	0.00759	0.00767	0.00514	0.00514	0.00767	0.00759	0.01020	0.01036	0.01779	0.01028	0.02169	0.08184	0.76854	0.00578	0.00506	0.00253	0.00269
17	0.04852	0.01187	0.01443	0.01109	0.01554	0.01165	0.00916	0.26658	0.01969	0.50125	0.01918	0.01725	0.01244	0.00696	0.00568	0.00175	0.00533	0.00547	0.00652	0.00963
18	0.01198	0.01267	0.07580	0.01395	0.01637	0.03733	0.11559	0.06890	0.03780	0.01669	0.01342	0.03434	0.02625	0.01924	0.25602	0.00438	0.22352	0.00596	0.00322	0.00658
19	0.02429	0.01042	0.01356	0.01057	0.01487	0.00959	0.00873	0.10709	0.04321	0.63557	0.02186	0.02036	0.01439	0.00736	0.00582	0.00180	0.00503	0.02908	0.00683	0.00956
20	0.00929	0.00708	0.01044	0.06864	0.01424	0.00717	0.03603	0.01198	0.01297	0.01680	0.02954	0.08332	0.06716	0.01465	0.00762	0.00251	0.00542	0.58476	0.00498	0.00539
21	0.01285	0.01762	0.24549	0.01666	0.02181	0.01299	0.24535	0.07003	0.03211	0.04491	0.01616	0.04450	0.06924	0.00872	0.04213	0.00227	0.07975	0.00639	0.00342	0.00760
22	0.00908	0.06938	0.01112	0.01191	0.09992	0.00766	0.00809	0.01091	0.01204	0.01592	0.04960	0.40747	0.05461	0.01452	0.00694	0.00221	0.00442	0.19380	0.00481	0.00557
23	0.01366	0.01308	0.02232	0.14591	0.65637	0.01346	0.01731	0.01712	0.01279	0.01809	0.01067	0.01432	0.00885	0.00519	0.00567	0.00173	0.00692	0.00509	0.00279	0.00866
24	0.01608	0.01488	0.11458	0.01623	0.03820	0.01262	0.24924	0.12489	0.08430	0.15974	0.01897	0.03834	0.07056	0.00698	0.00615	0.00186	0.00690	0.00661	0.00454	0.00832
25	0.01435	0.03735	0.24463	0.01385	0.01879	0.03837	0.09382	0.06369	0.15749	0.11077	0.03057	0.11962	0.01527	0.00787	0.00593	0.00188	0.00648	0.00684	0.00437	0.00807

[dist]
# distance from previous block
# <min> <max>
2	21

[block]
# block no. 4 follows, 41 sequences, length 27
# corresponding to MSA columns:
# 284-297,303-315
name=unknown_E
#
# <colnr> <probs for GDERKNQSTAVLIFYWHMCP>
#	G	D	E	R	K	N	Q	S	T	A	V	L	I	F	Y	W	H	M	C	P
0	0.01508	0.06257	0.26365	0.01482	0.05280	0.12050	0.01404	0.02206	0.19769	0.07637	0.01388	0.01470	0.01047	0.00664	0.00683	0.00183	0.08925	0.00489	0.00373	0.00819
1	0.23191	0.01138	0.01207	0.00946	0.01360	0.01132	0.00771	0.15867	0.01465	0.10394	0.01388	0.01454	0.04600	0.00608	0.00523	0.00148	0.03688	0.00441	0.00434	0.29246
2	0.01353	0.01130	0.01848	0.52343	0.06118	0.01286	0.08351	0.08409	0.01357	0.08320	0.01174	0.01536	0.00857	0.00580	0.00578	0.00184	0.00733	0.00526	0.00330	0.02987
3	0.01472	0.01228	0.01980	0.02382	0.37543	0.01233	0.10050	0.02031	0.14808	0.10532	0.05354	0.05904	0.01492	0.00679	0.00597	0.00182	0.00611	0.00648	0.00418	0.00856
4	0.01128	0.01076	0.01850	0.67179	0.11834	0.01288	0.04589	0.01509	0.01170	0.01521	0.01029	0.01514	0.00783	0.00561	0.00575	0.00188	0.00762	0.00515	0.00259	0.00671
5	0.01237	0.00992	0.01279	0.06557	0.06808	0.01094	0.03118	0.17259	0.01369	0.01840	0.01880	0.02721	0.09338	0.30974	0.01632	0.00331	0.09862	0.00712	0.00392	0.00606
6	0.01229	0.01181	0.01713	0.05537	0.01650	0.01568	0.04807	0.04703	0.01003	0.01499	0.00922	0.01425	0.00862	0.01396	0.12232	0.00334	0.56506	0.00526	0.00275	0.00633
7	0.00948	0.00617	0.00779	0.00822	0.00974	0.00563	0.00639	0.01122	0.01287	0.09373	0.05805	0.27945	0.24883	0.01504	0.00713	0.00222	0.00386	0.20327	0.00551	0.00541
8	0.00835	0.00700	0.00718	0.00720	0.00884	0.04438	0.00539	0.01058	0.03610	0.01750	0.19770	0.14013	0.38724	0.01335	0.00663	0.00193	0.00343	0.04553	0.04634	0.00519
9	0.17259	0.01585	0.04320	0.06893	0.04126	0.08883	0.01084	0.39879	0.02001	0.06828	0.01218	0.01295	0.00881	0.00630	0.00525	0.00172	0.00645	0.00462	0.00468	0.00846
10	0.01160	0.01074	0.01770	0.68302	0.10289	0.01302	0.01580	0.04832	0.01229	0.01596	0.01038	0.01508	0.00785	0.00572	0.00571	0.00188	0.00749	0.00509	0.00271	0.00675
11	0.00720	0.00513	0.00682	0.00809	0.00849	0.00483	0.00554	0.00828	0.01101	0.01465	0.03086	0.70652	0.03673	0.05048	0.00826	0.00248	0.00356	0.07117	0.00523	0.00464
12	0.01242	0.02801	0.04592	0.41194	0.05893	0.04865	0.04400	0.05371	0.05004	0.01697	0.03425	0.03179	0.01054	0.00675	0.00718	0.00191	0.09592	0.00548	0.02875	0.00684
13	0.01380	0.01323	0.02258	0.11396	0.68720	0.01350	0.01738	0.01725	0.01286	0.01826	0.01070	0.01427	0.00891	0.00516	0.00567	0.00172	0.00688	0.00510	0.00280	0.00878
14	0.05638	0.01026	0.01338	0.01030	0.01470	0.00927	0.00851	0.08108	0.01691	0.68427	0.02135	0.01865	0.01352	0.00700	0.00567	0.00177	0.00496	0.00561	0.00684	0.00960
15	0.01341	0.00924	0.05050	0.00971	0.02901	0.00816	0.00781	0.04502	0.09709	0.18616	0.36240	0.03159	0.07002	0.01112	0.04092	0.00214	0.00449	0.00816	0.00591	0.00712
16	0.08276	0.01165	0.01821	0.09780	0.29857	0.01196	0.08807	0.08450	0.01396	0.05712	0.04302	0.11884	0.03357	0.00758	0.00590	0.00185	0.00612	0.00697	0.00387	0.00768
17	0.01157	0.00916	0.01255	0.04945	0.01323	0.01130	0.00904	0.03590	0.06885	0.03796	0.06071	0.04738	0.01440	0.03760	0.11168	0.17268	0.28136	0.00614	0.00345	0.00559
18	0.05759	0.01092	0.01448	0.01112	0.01555	0.01023	0.04168	0.11752	0.04142	0.58650	0.02038	0.01821	0.01313	0.00690	0.00570	0.00178	0.00523	0.00564	0.00653	0.00948
19	0.01543	0.09301	0.20556	0.01425	0.05827	0.08087	0.02646	0.13387	0.10995	0.07162	0.01526	0.03359	0.03533	0.00874	0.04672	0.00215	0.03148	0.00536	0.00397	0.00812
20	0.05114	0.04930	0.16890	0.05400	0.05674	0.08715	0.09552	0.09476	0.05900	0.04208	0.01514	0.14589	0.01377	0.00799	0.00624	0.00187	0.03247	0.00679	0.00379	0.00746
21	0.00725	0.00511	0.00661	0.00764	0.00796	0.00483	0.00500	0.00815	0.01074	0.01438	0.06202	0.63228	0.03565	0.15071	0.01099	0.00285	0.00367	0.01464	0.00504	0.00448
22	0.01383	0.01508	0.21505	0.01206	0.01607	0.03844	0.04371	0.07586	0.01427	0.13648	0.12244	0.10937	0.01970	0.02970	0.02831	0.00216	0.04757	0.00714	0.04546	0.00729
23	0.03172	0.08718	0.16160	0.10609	0.07603	0.08048	0.12876	0.10233	0.05691	0.03981	0.01253	0.04192	0.01003	0.00735	0.03085	0.00201	0.00776	0.00538	0.00344	0.00780
24	0.00860	0.00562	0.00723	0.00786	0.00883	0.00514	0.00556	0.00995	0.01211	0.07224	0.09660	0.51526	0.13121	0.04035	0.00777	0.00230	0.00349	0.04929	0.00547	0.00511
25	0.01015	0.00715	0.04467	0.00739	0.00907	0.00619	0.00586	0.04702	0.01301	0.04298	0.09727	0.25369	0.06372	0.01087	0.00560	0.00176	0.00340	0.00937	0.35522	0.00561
26	0.03385	0.10267	0.13632	0.01795	0.09483	0.01527	0.20249	0.16938	0.01579	0.09801	0.01219	0.01390	0.00902	0.00588	0.00633	0.00178	0.04695	0.00520	0.00378	0.00844

[dist]
# distance from previous block
# <min> <max>
0	4

[block]
# block no. 5 follows, 41 sequences, length 26
# corresponding to MSA columns:
# 333-353,359-363
name=unknown_F
#
# <colnr> <probs for GDERKNQSTAVLIFYWHMCP>
#	G	D	E	R	K	N	Q	S	T	A	V	L	I	F	Y	W	H	M	C	P
0	0.01657	0.15874	0.13470	0.01191	0.01674	0.05339	0.01119	0.27994	0.05206	0.04986	0.04358	0.01675	0.06083	0.00680	0.00529	0.00160	0.00617	0.00517	0.00437	0.06434
1	0.19033	0.01349	0.01546	0.21423	0.15147	0.09940	0.01199	0.11656	0.04698	0.02099	0.01201	0.04934	0.01004	0.00650	0.00529	0.00180	0.00655	0.01665	0.00360	0.00731
2	0.07661	0.00760	0.00937	0.00818	0.01060	0.00714	0.00626	0.01756	0.02563	0.29714	0.17868	0.11106	0.02551	0.09947	0.00846	0.00223	0.00405	0.00795	0.08968	0.00682
3	0.01671	0.48741	0.05044	0.01120	0.01585	0.07181	0.01040	0.16013	0.09248	0.01914	0.01082	0.01151	0.00886	0.00566	0.00446	0.00143	0.00635	0.00390	0.00347	0.00797
4	0.01813	0.09374	0.03376	0.03810	0.01610	0.05518	0.04984	0.12854	0.06037	0.26321	0.08669	0.02136	0.07503	0.00752	0.00568	0.00171	0.00558	0.00617	0.00529	0.02800
5	0.01197	0.03874	0.01730	0.27608	0.10744	0.04849	0.08819	0.03339	0.07154	0.01740	0.08120	0.02041	0.05618	0.01007	0.07529	0.00246	0.00745	0.00615	0.00352	0.02673
6	0.04519	0.24316	0.01831	0.01111	0.01505	0.01692	0.00939	0.12040	0.39212	0.04486	0.01698	0.01630	0.01299	0.00670	0.00510	0.00169	0.00523	0.00516	0.00478	0.00856
7	0.01266	0.01031	0.01508	0.11822	0.25472	0.01068	0.01146	0.12228	0.01464	0.04630	0.05660	0.21240	0.07119	0.00967	0.00622	0.00191	0.00542	0.00864	0.00433	0.00726
8	0.01018	0.00581	0.00779	0.00832	0.00937	0.00530	0.00584	0.01142	0.01201	0.14279	0.04894	0.64380	0.03423	0.01592	0.00702	0.00222	0.00357	0.01432	0.00564	0.00553
9	0.01182	0.02718	0.64428	0.01763	0.02563	0.01348	0.14378	0.01815	0.01232	0.01815	0.01049	0.01265	0.00749	0.00533	0.00566	0.00183	0.00866	0.00466	0.00250	0.00833
10	0.02075	0.00949	0.01217	0.00995	0.01359	0.00882	0.00798	0.05311	0.10455	0.51205	0.04549	0.10682	0.05130	0.00880	0.00600	0.00186	0.00456	0.00738	0.00658	0.00875
11	0.01377	0.01497	0.12694	0.23654	0.07395	0.01353	0.22125	0.03840	0.03784	0.08508	0.01206	0.01511	0.00893	0.00595	0.00702	0.00192	0.07026	0.00554	0.00325	0.00768
12	0.07042	0.00950	0.01255	0.00979	0.01392	0.00842	0.00804	0.02588	0.01598	0.66572	0.08068	0.02075	0.01689	0.00735	0.00571	0.00177	0.00467	0.00597	0.00682	0.00919
13	0.00852	0.00664	0.00986	0.00966	0.01060	0.00798	0.00758	0.01050	0.00916	0.01332	0.01470	0.02168	0.01376	0.04027	0.71579	0.00866	0.07710	0.00604	0.00302	0.00520
14	0.01677	0.01088	0.02415	0.09354	0.03896	0.04066	0.03138	0.11502	0.05962	0.24304	0.01971	0.15350	0.01683	0.03044	0.00691	0.00199	0.02424	0.01783	0.04681	0.00769
15	0.04090	0.01070	0.01336	0.03701	0.01522	0.01088	0.03049	0.19431	0.09359	0.28585	0.02130	0.18414	0.01792	0.00926	0.00605	0.00190	0.00506	0.00787	0.00587	0.00830
16	0.01111	0.00771	0.01001	0.04357	0.01186	0.00832	0.00724	0.12756	0.03032	0.03472	0.01984	0.11112	0.08254	0.03525	0.26000	0.17368	0.00828	0.00742	0.00397	0.00547
17	0.00779	0.00577	0.00745	0.00849	0.00954	0.00543	0.00661	0.00951	0.01226	0.01575	0.03676	0.35358	0.19237	0.01636	0.00741	0.00236	0.00398	0.28835	0.00529	0.00492
18	0.01583	0.01363	0.01712	0.20810	0.14338	0.10311	0.03576	0.13304	0.06333	0.08975	0.01437	0.06051	0.01183	0.00718	0.00635	0.00185	0.03793	0.02513	0.00402	0.00776
19	0.72986	0.01088	0.00906	0.00788	0.01154	0.01224	0.00649	0.01830	0.01063	0.12548	0.00993	0.01066	0.00727	0.00555	0.00384	0.00177	0.00448	0.00345	0.00402	0.00667
20	0.01679	0.01034	0.01253	0.01085	0.01392	0.04066	0.03442	0.09783	0.12476	0.25369	0.02367	0.08914	0.04964	0.01111	0.04046	0.00228	0.00559	0.11606	0.03850	0.00776
21	0.00993	0.00837	0.06575	0.00896	0.01076	0.00705	0.00715	0.03736	0.07948	0.06183	0.12992	0.39107	0.05144	0.05808	0.00796	0.00228	0.00406	0.02757	0.02511	0.00587
22	0.04086	0.01353	0.15296	0.08253	0.05109	0.02878	0.06252	0.08706	0.01320	0.08550	0.01617	0.12439	0.01493	0.06582	0.06071	0.04984	0.00702	0.03238	0.00389	0.00682
23	0.00819	0.00553	0.00646	0.00671	0.00683	0.00549	0.00404	0.00847	0.00894	0.01190	0.02050	0.13917	0.02374	0.65127	0.02503	0.00495	0.00524	0.05001	0.00381	0.00372
24	0.01182	0.09924	0.70271	0.01572	0.02385	0.01413	0.02011	0.01803	0.01204	0.01769	0.01006	0.01181	0.00725	0.00539	0.00528	0.00176	0.00824	0.00412	0.00242	0.00835
25	0.01168	0.01147	0.03924	0.15215	0.27160	0.01153	0.10966	0.03199	0.01246	0.01718	0.02794	0.20487	0.01639	0.00869	0.00688	0.00196	0.04557	0.00809	0.00349	0.00715

[dist]
# distance from previous block
# <min> <max>
1	15

[block]
# block no. 6 follows, 41 sequences, length 21
# corresponding to MSA columns:
# 380-400
name=unknown_G
#
# <colnr> <probs for GDERKNQSTAVLIFYWHMCP>
#	G	D	E	R	K	N	Q	S	T	A	V	L	I	F	Y	W	H	M	C	P
0	0.01717	0.08174	0.12450	0.09168	0.05313	0.26924	0.09422	0.12362	0.01579	0.04194	0.01112	0.02974	0.00881	0.00602	0.00548	0.00167	0.00834	0.00480	0.00336	0.00763
1	0.00976	0.00501	0.00736	0.00736	0.00747	0.00496	0.00493	0.00749	0.00776	0.01024	0.01257	0.01945	0.05117	0.01958	0.02150	0.78792	0.00485	0.00536	0.00264	0.00261
2	0.01373	0.18217	0.30845	0.01890	0.15627	0.01493	0.12304	0.01816	0.01273	0.05892	0.03351	0.01369	0.00961	0.00545	0.00536	0.00168	0.00747	0.00478	0.00294	0.00820
3	0.04514	0.03717	0.09974	0.02691	0.11954	0.02739	0.06890	0.07159	0.04884	0.23296	0.07877	0.03950	0.01574	0.00714	0.00578	0.00178	0.00594	0.02831	0.00480	0.03406
4	0.04409	0.00892	0.01119	0.00894	0.01251	0.00821	0.00728	0.06313	0.01557	0.50263	0.02060	0.01937	0.01383	0.00690	0.00521	0.00165	0.00433	0.00553	0.23167	0.00843
5	0.00855	0.00643	0.00850	0.00982	0.05110	0.00619	0.00680	0.04563	0.01297	0.01724	0.10728	0.43833	0.11375	0.01531	0.00711	0.00221	0.00386	0.12826	0.00529	0.00534
6	0.01350	0.11234	0.23137	0.07180	0.10791	0.03027	0.13467	0.01827	0.05098	0.07109	0.03728	0.01793	0.05200	0.00637	0.00568	0.00177	0.00717	0.01835	0.00340	0.00785
7	0.01622	0.07096	0.03153	0.03499	0.06794	0.12204	0.02919	0.08505	0.07887	0.12593	0.01596	0.07553	0.01359	0.00805	0.00720	0.00184	0.10171	0.03818	0.06774	0.00749
8	0.00802	0.00559	0.00710	0.00736	0.00769	0.00580	0.00480	0.00876	0.00906	0.01235	0.01989	0.17877	0.02233	0.44772	0.22404	0.00590	0.00772	0.00926	0.00371	0.00413
9	0.09494	0.01581	0.05832	0.06643	0.15479	0.10121	0.01216	0.27510	0.01827	0.10770	0.03248	0.01442	0.01040	0.00629	0.00546	0.00172	0.00662	0.00493	0.00445	0.00852
10	0.01358	0.01411	0.09810	0.06914	0.09819	0.09918	0.01095	0.13135	0.05558	0.03900	0.16090	0.09567	0.07244	0.00886	0.00604	0.00181	0.00582	0.00747	0.00457	0.00723
11	0.02118	0.01070	0.01299	0.01035	0.01422	0.01055	0.00842	0.16897	0.10934	0.42215	0.05843	0.01992	0.01578	0.00732	0.00564	0.00174	0.00480	0.00592	0.08256	0.00902
12	0.01204	0.01137	0.02022	0.39905	0.22406	0.01248	0.12525	0.01552	0.01198	0.01630	0.01090	0.01537	0.00859	0.00619	0.00664	0.04456	0.00736	0.00534	0.03974	0.00702
13	0.01654	0.01172	0.01381	0.01289	0.07254	0.07585	0.04177	0.04102	0.20938	0.22043	0.12366	0.02544	0.07149	0.00830	0.00603	0.00183	0.00522	0.02841	0.00556	0.00808
14	0.00699	0.00571	0.00618	0.00625	0.00792	0.00490	0.00462	0.00859	0.01330	0.01653	0.16474	0.13434	0.57121	0.01443	0.00682	0.00195	0.00291	0.01226	0.00547	0.00490
15	0.00811	0.00595	0.00883	0.00898	0.00988	0.00678	0.00685	0.00984	0.00931	0.01328	0.01689	0.10804	0.01672	0.03912	0.65816	0.04427	0.01354	0.00720	0.00329	0.00494
16	0.06128	0.06538	0.35828	0.01558	0.05410	0.06479	0.06149	0.10966	0.08052	0.05747	0.01221	0.01334	0.00893	0.00584	0.00539	0.00175	0.00743	0.00465	0.00351	0.00840
17	0.01777	0.01479	0.17038	0.04094	0.25193	0.01098	0.01392	0.02133	0.01430	0.31718	0.05685	0.01746	0.01317	0.00634	0.00571	0.00176	0.00616	0.00547	0.00462	0.00893
18	0.00696	0.00503	0.00658	0.00782	0.00826	0.00466	0.00525	0.00798	0.01109	0.01466	0.03328	0.74621	0.08574	0.01769	0.00726	0.00230	0.00329	0.01598	0.00531	0.00466
19	0.20364	0.01038	0.01201	0.00977	0.01361	0.01029	0.00793	0.09439	0.05333	0.43007	0.01924	0.08120	0.01409	0.00760	0.00539	0.00182	0.00476	0.00601	0.00595	0.00849
20	0.04055	0.03954	0.05695	0.01862	0.18551	0.07381	0.08098	0.22482	0.10699	0.07332	0.01417	0.03468	0.01095	0.00643	0.00568	0.00175	0.00670	0.00549	0.00436	0.00870

[dist]
# distance from previous block
# <min> <max>
1	8

[block]
# block no. 7 follows, 41 sequences, length 12
# corresponding to MSA columns:
# 428-439
name=unknown_H
#
# <colnr> <probs for GDERKNQSTAVLIFYWHMCP>
#	G	D	E	R	K	N	Q	S	T	A	V	L	I	F	Y	W	H	M	C	P
0	0.01501	0.12760	0.29272	0.07569	0.05767	0.06178	0.01472	0.07174	0.12846	0.08093	0.01315	0.01409	0.00971	0.00599	0.00532	0.00172	0.00705	0.00468	0.00363	0.00834
1	0.04609	0.01467	0.06386	0.02177	0.26286	0.07622	0.16445	0.04815	0.03151	0.10670	0.02614	0.08504	0.01274	0.00675	0.00593	0.00181	0.00701	0.00639	0.00382	0.00809
2	0.06410	0.01385	0.07921	0.19234	0.09501	0.03137	0.17276	0.07481	0.03244	0.12049	0.05686	0.01668	0.01189	0.00610	0.00584	0.00183	0.00709	0.00567	0.00386	0.00780
3	0.01508	0.19464	0.11459	0.01066	0.01478	0.03469	0.00998	0.06783	0.07619	0.14643	0.12411	0.06382	0.03356	0.00801	0.00550	0.00169	0.00541	0.03350	0.00465	0.03488
4	0.00881	0.00608	0.00745	0.00773	0.00902	0.00568	0.00557	0.01113	0.05541	0.06427	0.14738	0.37406	0.19933	0.04061	0.00765	0.00221	0.00343	0.03329	0.00554	0.00536
5	0.01004	0.00613	0.00808	0.00784	0.00893	0.00652	0.00576	0.01170	0.01004	0.07389	0.01717	0.02577	0.01598	0.22284	0.38979	0.00628	0.00978	0.00650	0.15185	0.00510
6	0.01366	0.08277	0.02000	0.21182	0.27669	0.11999	0.04698	0.01650	0.01259	0.01594	0.01192	0.08602	0.01090	0.00675	0.00624	0.00178	0.04338	0.00583	0.00296	0.00730
7	0.06749	0.22671	0.10922	0.01391	0.01881	0.01535	0.17772	0.09569	0.04254	0.08143	0.05670	0.04459	0.01267	0.00636	0.00536	0.00169	0.00663	0.00554	0.00381	0.00778
8	0.01089	0.00829	0.01304	0.35802	0.02363	0.00914	0.03775	0.01341	0.01173	0.08577	0.02025	0.22559	0.04751	0.07257	0.00815	0.00232	0.00587	0.03613	0.00400	0.00595
9	0.00874	0.00615	0.00768	0.00768	0.00898	0.00588	0.00576	0.04647	0.01469	0.02058	0.38731	0.21931	0.08393	0.01296	0.00667	0.00195	0.00323	0.06684	0.07980	0.00538
10	0.01480	0.24582	0.24448	0.08241	0.02084	0.01690	0.03085	0.15493	0.09921	0.02049	0.01175	0.01297	0.00897	0.00582	0.00508	0.00165	0.00688	0.00445	0.00345	0.00823
11	0.06639	0.12877	0.48402	0.01408	0.02091	0.04395	0.01654	0.04304	0.03706	0.07792	0.01127	0.01239	0.00816	0.00563	0.00512	0.00172	0.00748	0.00420	0.00310	0.00825

[dist]
# distance from previous block
# <min> <max>
0	1

[block]
# block no. 8 follows, 41 sequences, length 15
# corresponding to MSA columns:
# 441-455
name=unknown_I
#
# <colnr> <probs for GDERKNQSTAVLIFYWHMCP>
#	G	D	E	R	K	N	Q	S	T	A	V	L	I	F	Y	W	H	M	C	P
0	0.06104	0.00603	0.00675	0.00694	0.00849	0.00554	0.00519	0.00951	0.01311	0.01769	0.20195	0.19830	0.36707	0.01405	0.00673	0.00201	0.00318	0.05598	0.00541	0.00503
1	0.01460	0.22539	0.28803	0.01477	0.03198	0.03115	0.11041	0.06899	0.05052	0.06695	0.01221	0.03884	0.00964	0.00595	0.00527	0.00168	0.00726	0.00493	0.00330	0.00811
2	0.01251	0.00988	0.01169	0.00856	0.01336	0.00752	0.00681	0.01495	0.01211	0.06680	0.01205	0.05192	0.01032	0.00511	0.00449	0.00098	0.00423	0.00419	0.00372	0.73881
3	0.03968	0.01679	0.01926	0.01545	0.01941	0.18413	0.17859	0.26923	0.04335	0.02369	0.01466	0.02071	0.01242	0.00744	0.00609	0.00185	0.00770	0.10739	0.00433	0.00782
4	0.00713	0.00579	0.00639	0.00676	0.00838	0.00505	0.00516	0.00868	0.01275	0.01556	0.05031	0.16306	0.55600	0.01516	0.00700	0.00209	0.00329	0.11129	0.00531	0.00486
5	0.01125	0.08908	0.01843	0.70799	0.03693	0.01370	0.01528	0.01486	0.01146	0.01450	0.00995	0.01464	0.00760	0.00564	0.00551	0.00184	0.00747	0.00488	0.00253	0.00645
6	0.00812	0.00600	0.00875	0.00883	0.00971	0.00684	0.00668	0.00989	0.00921	0.01314	0.01653	0.06890	0.01632	0.11676	0.65717	0.00843	0.01365	0.00694	0.00323	0.00492
7	0.05521	0.00756	0.00814	0.00713	0.00945	0.00763	0.00562	0.10002	0.01431	0.14514	0.01820	0.01955	0.01359	0.00669	0.00446	0.00147	0.00353	0.00527	0.56041	0.00660
8	0.02118	0.01357	0.11289	0.01133	0.01579	0.05700	0.01017	0.09555	0.01628	0.47051	0.02015	0.09833	0.01486	0.00790	0.00583	0.00181	0.00566	0.00646	0.00589	0.00884
9	0.00922	0.00757	0.01078	0.01018	0.01083	0.00940	0.00794	0.01081	0.00897	0.01311	0.01382	0.02208	0.01355	0.13484	0.49804	0.00712	0.19745	0.00615	0.00298	0.00516
10	0.01626	0.01811	0.02290	0.07114	0.26272	0.24890	0.19730	0.04364	0.03119	0.01759	0.01072	0.01351	0.00857	0.00543	0.00579	0.00171	0.00858	0.00511	0.00303	0.00783
11	0.00891	0.00609	0.00711	0.00736	0.00889	0.00557	0.00545	0.01108	0.04398	0.06727	0.05714	0.29162	0.32310	0.01427	0.00670	0.00205	0.00337	0.05834	0.06636	0.00536
12	0.49301	0.04558	0.01432	0.01403	0.14433	0.01367	0.04615	0.06251	0.01199	0.06693	0.00982	0.01142	0.00759	0.00559	0.00485	0.00176	0.03159	0.00397	0.00364	0.00725
13	0.11031	0.21462	0.09781	0.05908	0.02948	0.06296	0.03279	0.02855	0.06496	0.03062	0.01582	0.15028	0.02854	0.02510	0.00576	0.00184	0.00594	0.02507	0.00365	0.00681
14	0.01770	0.07305	0.05267	0.01354	0.03388	0.04648	0.09459	0.30282	0.01851	0.08850	0.01297	0.02771	0.00983	0.00602	0.00538	0.00153	0.00635	0.00496	0.00445	0.17907

[dist]
# distance from previous block
# <min> <max>
30	49

[block]
# block no. 9 follows, 41 sequences, length 37
# corresponding to MSA columns:
# 534-570
name=unknown_J
#
# <colnr> <probs for GDERKNQSTAVLIFYWHMCP>
#	G	D	E	R	K	N	Q	S	T	A	V	L	I	F	Y	W	H	M	C	P
0	0.08620	0.04755	0.04452	0.04843	0.05046	0.02950	0.07496	0.04728	0.04065	0.38459	0.01689	0.03059	0.01179	0.00679	0.00634	0.00182	0.05248	0.00549	0.00515	0.00853
1	0.01670	0.01310	0.08326	0.01217	0.01621	0.01198	0.06702	0.19931	0.14632	0.17365	0.03140	0.07742	0.06030	0.00923	0.02967	0.00207	0.00585	0.00689	0.02911	0.00833
2	0.01081	0.00812	0.00980	0.00897	0.01166	0.00743	0.00717	0.03633	0.08103	0.05190	0.08462	0.12777	0.12031	0.01112	0.00627	0.00184	0.00420	0.18184	0.00501	0.22381
3	0.01487	0.01361	0.04756	0.03956	0.13843	0.04188	0.02846	0.19889	0.19829	0.02345	0.05153	0.07576	0.05002	0.00814	0.00653	0.00187	0.04150	0.00676	0.00470	0.00818
4	0.01369	0.06763	0.36756	0.01379	0.01963	0.01441	0.01488	0.11376	0.23691	0.02165	0.01472	0.01537	0.01096	0.00797	0.04024	0.00214	0.00717	0.00503	0.00389	0.00858
5	0.00747	0.00565	0.00656	0.00661	0.00781	0.00510	0.00466	0.00899	0.01292	0.01690	0.26423	0.15309	0.31490	0.14705	0.01062	0.00256	0.00334	0.01150	0.00530	0.00475
6	0.01412	0.04393	0.18932	0.01411	0.05219	0.06262	0.03666	0.10168	0.27138	0.02152	0.04189	0.01906	0.05519	0.00786	0.01924	0.00195	0.02887	0.00585	0.00433	0.00823
7	0.00988	0.00499	0.00741	0.00741	0.00741	0.00499	0.00491	0.00748	0.00748	0.00998	0.01022	0.01809	0.01032	0.04739	0.02259	0.80434	0.00499	0.00509	0.00252	0.00252
8	0.09656	0.00929	0.01433	0.40687	0.02615	0.01087	0.05391	0.01349	0.01126	0.01627	0.01545	0.17657	0.01508	0.00880	0.00650	0.00202	0.04086	0.03972	0.03001	0.00598
9	0.49613	0.05094	0.01256	0.00991	0.01371	0.10349	0.00813	0.20408	0.01498	0.02640	0.00955	0.01054	0.00729	0.00576	0.00429	0.00170	0.00567	0.00369	0.00398	0.00720
10	0.01241	0.01181	0.06205	0.44818	0.05468	0.02511	0.07095	0.01589	0.01213	0.08280	0.01514	0.01848	0.06840	0.00745	0.02231	0.00206	0.05433	0.00577	0.00321	0.00683
11	0.01357	0.04979	0.09750	0.13683	0.12597	0.01350	0.04495	0.04632	0.28906	0.04491	0.01703	0.06733	0.01373	0.00716	0.00577	0.00187	0.00605	0.00624	0.00424	0.00819
12	0.00919	0.00663	0.00805	0.00755	0.00898	0.00644	0.00559	0.04322	0.01423	0.04698	0.35663	0.10073	0.20314	0.11026	0.01003	0.00236	0.03882	0.01031	0.00548	0.00536
13	0.01453	0.07885	0.01510	0.05768	0.04919	0.09534	0.00898	0.05779	0.06348	0.05089	0.01148	0.01284	0.00915	0.00511	0.00470	0.00121	0.00554	0.00398	0.00364	0.45053
14	0.00740	0.00572	0.00676	0.00672	0.00818	0.00507	0.00495	0.00937	0.01423	0.01881	0.37971	0.14293	0.34227	0.01363	0.00682	0.00192	0.00286	0.01180	0.00577	0.00507
15	0.01336	0.07650	0.18779	0.18476	0.18420	0.01436	0.01534	0.08857	0.07758	0.01936	0.03942	0.01511	0.01060	0.00616	0.00613	0.00180	0.04261	0.00506	0.00330	0.00801
16	0.01753	0.28648	0.02021	0.01232	0.01589	0.39185	0.02790	0.04364	0.01454	0.01480	0.01342	0.03632	0.06961	0.00661	0.00490	0.00147	0.00794	0.00464	0.00313	0.00680
17	0.01740	0.12856	0.26182	0.01208	0.01795	0.03120	0.01266	0.04387	0.01400	0.26963	0.01413	0.01413	0.00984	0.00580	0.00513	0.00157	0.00630	0.00447	0.00424	0.12523
18	0.01582	0.05109	0.08865	0.08238	0.29598	0.05869	0.07972	0.08301	0.01456	0.11108	0.01332	0.04025	0.01071	0.00624	0.00574	0.00176	0.00702	0.02193	0.00368	0.00836
19	0.01026	0.00699	0.00824	0.00774	0.00973	0.00660	0.00585	0.02831	0.09135	0.09750	0.26560	0.14409	0.27081	0.01245	0.00661	0.00192	0.00334	0.01072	0.00586	0.00603
20	0.04525	0.01058	0.01585	0.33599	0.14002	0.01160	0.01282	0.08186	0.01410	0.14394	0.04924	0.05351	0.01372	0.00722	0.00585	0.00188	0.00627	0.03875	0.00409	0.00746
21	0.03852	0.04594	0.04903	0.01139	0.01439	0.05501	0.11614	0.01605	0.08949	0.07089	0.20752	0.11954	0.10288	0.00995	0.00629	0.00188	0.00515	0.02841	0.00491	0.00659
22	0.01657	0.00867	0.01057	0.00898	0.01157	0.00837	0.00682	0.10834	0.04759	0.29800	0.05586	0.10789	0.05369	0.19017	0.01130	0.00269	0.00476	0.00789	0.03311	0.00716
23	0.00726	0.00531	0.00647	0.00710	0.00801	0.00478	0.00493	0.00812	0.01156	0.01478	0.07125	0.41292	0.29485	0.01662	0.00869	0.09118	0.00332	0.01329	0.00505	0.00451
24	0.07127	0.00832	0.01171	0.01058	0.01268	0.00835	0.08354	0.03644	0.04714	0.11069	0.05835	0.33316	0.06870	0.01250	0.00717	0.00212	0.03990	0.06604	0.00510	0.00623
25	0.10622	0.01457	0.08491	0.01622	0.13485	0.04124	0.06171	0.13986	0.05515	0.24060	0.01489	0.01521	0.01050	0.00633	0.00594	0.00179	0.03142	0.00514	0.00474	0.00873
26	0.01347	0.00697	0.00916	0.00832	0.01037	0.00640	0.00636	0.02728	0.01431	0.23965	0.24440	0.16667	0.06487	0.03514	0.02673	0.03936	0.00409	0.03319	0.03688	0.00639
27	0.05293	0.01636	0.10783	0.01966	0.09050	0.06282	0.33748	0.06338	0.03704	0.11253	0.01342	0.03638	0.01017	0.00586	0.00606	0.00184	0.00793	0.00599	0.00371	0.00811
28	0.01551	0.15717	0.25131	0.01518	0.02105	0.01519	0.15715	0.12762	0.05301	0.09401	0.01301	0.03212	0.00984	0.00601	0.00552	0.00173	0.00728	0.00520	0.00371	0.00837
29	0.01625	0.01169	0.06204	0.01032	0.01318	0.08941	0.00839	0.06107	0.05691	0.25489	0.02155	0.20152	0.01986	0.11217	0.00912	0.00239	0.00549	0.03135	0.00524	0.00714
30	0.05176	0.12687	0.36481	0.01662	0.12488	0.01456	0.01585	0.10880	0.01429	0.06735	0.03491	0.01350	0.00969	0.00579	0.00524	0.00170	0.00705	0.00455	0.00336	0.00843
31	0.01742	0.01204	0.03718	0.08741	0.17976	0.01206	0.02586	0.09669	0.09195	0.24407	0.07493	0.01867	0.01479	0.00702	0.00660	0.00183	0.05235	0.00586	0.00493	0.00858
32	0.01503	0.13774	0.18932	0.07170	0.15496	0.03740	0.09162	0.03993	0.03973	0.11219	0.04699	0.01525	0.01124	0.00588	0.00548	0.00171	0.00700	0.00510	0.00355	0.00819
33	0.00791	0.00543	0.00693	0.00773	0.00860	0.00495	0.00541	0.00919	0.01193	0.04928	0.08125	0.56950	0.15734	0.01641	0.00712	0.00221	0.00334	0.03504	0.00545	0.00497
34	0.06789	0.10942	0.04222	0.07503	0.03101	0.02407	0.04296	0.15490	0.05123	0.17302	0.06039	0.06455	0.01452	0.00799	0.01757	0.00190	0.04275	0.00597	0.00469	0.00791
35	0.09243	0.01566	0.11884	0.04198	0.09126	0.01377	0.18089	0.18684	0.03474	0.14703	0.01356	0.01473	0.00963	0.00592	0.00572	0.00180	0.00699	0.00534	0.00429	0.00859
36	0.05509	0.01215	0.02781	0.02766	0.04115	0.06727	0.02595	0.12259	0.11274	0.20834	0.03311	0.01875	0.03150	0.03718	0.00746	0.05658	0.00551	0.00557	0.04189	0.06169

[dist]
# distance from previous block
# <min> <max>
0	69

[block]
# block no. 10 follows, 41 sequences, length 26
# corresponding to MSA columns:
# 640-665
name=unknown_K
#
# <colnr> <probs for GDERKNQSTAVLIFYWHMCP>
#	G	D	E	R	K	N	Q	S	T	A	V	L	I	F	Y	W	H	M	C	P
0	0.01388	0.07203	0.17137	0.03753	0.08158	0.05315	0.08626	0.10778	0.07667	0.04552	0.02916	0.10985	0.04721	0.00773	0.00580	0.00179	0.00652	0.00669	0.00396	0.03550
1	0.04056	0.16047	0.01744	0.11398	0.03904	0.07078	0.01021	0.14733	0.06555	0.11922	0.01540	0.01610	0.05177	0.00649	0.00539	0.00159	0.01989	0.00496	0.00421	0.08962
2	0.05284	0.01148	0.10081	0.02872	0.01420	0.00933	0.00902	0.06063	0.03821	0.11662	0.09743	0.15911	0.01985	0.03165	0.00708	0.00184	0.04872	0.00735	0.00458	0.18054
3	0.01286	0.15363	0.26133	0.10208	0.12919	0.03996	0.03848	0.03480	0.06197	0.01738	0.01415	0.01606	0.05811	0.00719	0.02767	0.00193	0.00734	0.00505	0.00304	0.00777
4	0.03287	0.12894	0.14608	0.01556	0.12519	0.06429	0.01260	0.08060	0.15045	0.11207	0.01539	0.01804	0.01215	0.00677	0.00546	0.00175	0.00637	0.05284	0.00420	0.00838
5	0.01269	0.01253	0.05552	0.17312	0.42234	0.01198	0.02986	0.01615	0.01282	0.03093	0.06180	0.03987	0.01309	0.00625	0.00576	0.00174	0.00648	0.02157	0.00322	0.06227
6	0.03042	0.00986	0.09934	0.01014	0.01279	0.00769	0.00892	0.01585	0.06168	0.16956	0.06377	0.28213	0.02717	0.01252	0.00669	0.00215	0.00473	0.16260	0.00536	0.00662
7	0.16184	0.05075	0.07279	0.06584	0.01660	0.01259	0.01000	0.12855	0.07293	0.23203	0.04908	0.03801	0.01318	0.00711	0.00594	0.00181	0.04246	0.00542	0.00495	0.00810
8	0.03692	0.00906	0.05974	0.00884	0.01156	0.02501	0.00727	0.01519	0.01348	0.21703	0.10236	0.25826	0.14916	0.01169	0.00631	0.00192	0.00418	0.01007	0.00549	0.04647
9	0.00822	0.00592	0.00816	0.00816	0.00883	0.00659	0.00586	0.00955	0.00889	0.01251	0.01626	0.02770	0.01657	0.30706	0.51526	0.00792	0.01191	0.00689	0.00320	0.00453
10	0.01392	0.52387	0.29646	0.01214	0.01831	0.01926	0.01388	0.01748	0.01179	0.01514	0.00879	0.01022	0.00731	0.00509	0.00431	0.00144	0.00696	0.00348	0.00244	0.00774
11	0.01608	0.11883	0.06423	0.07670	0.26752	0.09822	0.05483	0.15448	0.05788	0.02069	0.01143	0.01346	0.00903	0.00569	0.00542	0.00166	0.00718	0.00481	0.00346	0.00839
12	0.01114	0.00640	0.00803	0.00783	0.00967	0.00567	0.00587	0.01277	0.01335	0.17783	0.10816	0.30214	0.24971	0.01386	0.00678	0.00205	0.00355	0.04350	0.00579	0.00590
13	0.00747	0.00544	0.00679	0.00771	0.00828	0.00519	0.00519	0.00895	0.03717	0.01458	0.03177	0.56621	0.10387	0.13046	0.01038	0.00275	0.00370	0.03437	0.00506	0.00467
14	0.07194	0.01208	0.01315	0.01171	0.03847	0.04110	0.00915	0.26567	0.10902	0.12592	0.02240	0.06360	0.08340	0.00916	0.00601	0.00191	0.00534	0.09649	0.00546	0.00802
15	0.01766	0.09190	0.16401	0.01182	0.01635	0.05382	0.03140	0.02152	0.06261	0.31620	0.01904	0.11698	0.01536	0.00809	0.00574	0.00182	0.00593	0.02659	0.00500	0.00820
16	0.06729	0.00844	0.00927	0.00840	0.01050	0.00916	0.00652	0.15474	0.06337	0.02186	0.01926	0.05128	0.05627	0.05342	0.16871	0.00341	0.00645	0.00633	0.26905	0.00630
17	0.01262	0.01161	0.02019	0.18040	0.13855	0.01264	0.18706	0.01625	0.04795	0.04547	0.08482	0.01802	0.01350	0.00771	0.00907	0.05739	0.12033	0.00607	0.00336	0.00699
18	0.01502	0.61560	0.15905	0.01126	0.01665	0.07052	0.01186	0.01768	0.01200	0.01431	0.00842	0.00976	0.00733	0.00505	0.00408	0.00134	0.00680	0.00330	0.00247	0.00749
19	0.02240	0.00961	0.01264	0.00997	0.01390	0.00872	0.00813	0.06141	0.05174	0.58861	0.12807	0.02261	0.01981	0.00776	0.00590	0.00178	0.00461	0.00642	0.00684	0.00908
20	0.01013	0.00971	0.09635	0.12221	0.04383	0.00772	0.00926	0.01290	0.01341	0.08010	0.18298	0.11722	0.22579	0.01104	0.00643	0.00193	0.00461	0.03340	0.00484	0.00615
21	0.03984	0.25817	0.02681	0.01717	0.07039	0.03436	0.26247	0.16178	0.03936	0.02065	0.01104	0.01298	0.00868	0.00540	0.00537	0.00164	0.00740	0.00500	0.00342	0.00806
22	0.07054	0.00897	0.01105	0.03673	0.01303	0.00902	0.00762	0.07487	0.05263	0.28154	0.13147	0.07566	0.06730	0.00992	0.02859	0.00204	0.03430	0.00727	0.07001	0.00745
23	0.01108	0.00770	0.00895	0.00846	0.01056	0.00765	0.00638	0.01642	0.19761	0.10519	0.17229	0.19161	0.20906	0.01214	0.00652	0.00197	0.00358	0.01048	0.00583	0.00651
24	0.01292	0.01391	0.06999	0.40789	0.23407	0.05608	0.06401	0.04226	0.01287	0.01693	0.01048	0.01442	0.00812	0.00552	0.00572	0.00181	0.00769	0.00506	0.00277	0.00746
25	0.04261	0.13489	0.20679	0.06681	0.05679	0.11561	0.08152	0.04828	0.10490	0.03990	0.01179	0.01339	0.00906	0.00593	0.00582	0.00173	0.03836	0.00467	0.00329	0.00787

[dist]
# distance from previous block
# <min> <max>
0	3

[block]
