[name]
unknown

[dist]
# distance from previous block
# <min> <max>
5	644

[block]
# block no. 0 follows, 61 sequences, length 18
# corresponding to MSA columns:
# 714-731
name=unknown_A
#
# <colnr> <probs for GDERKNQSTAVLIFYWHMCP>
#	G	D	E	R	K	N	Q	S	T	A	V	L	I	F	Y	W	H	M	C	P
0	0.06866	0.14620	0.29630	0.04204	0.01387	0.04564	0.04748	0.01205	0.00924	0.02922	0.05996	0.07299	0.02852	0.00676	0.04016	0.00157	0.00530	0.04463	0.00252	0.02687
1	0.04026	0.04358	0.28472	0.02021	0.01362	0.02441	0.08055	0.09375	0.02523	0.03667	0.02939	0.03073	0.08062	0.09599	0.00641	0.00168	0.02129	0.03777	0.00278	0.03036
2	0.00942	0.07805	0.15837	0.05749	0.02576	0.00843	0.00813	0.06356	0.08472	0.07508	0.07000	0.04170	0.11102	0.04386	0.02445	0.00165	0.03369	0.07066	0.00326	0.03070
3	0.01154	0.13003	0.19930	0.00926	0.01307	0.08815	0.04194	0.05235	0.03680	0.12681	0.02582	0.03541	0.00863	0.00561	0.03110	0.00136	0.00512	0.01815	0.00287	0.15668
4	0.02880	0.07933	0.09587	0.00742	0.02269	0.00695	0.00637	0.02990	0.06427	0.08728	0.09511	0.19620	0.09643	0.03578	0.00510	0.00148	0.00349	0.04823	0.00357	0.08572
5	0.00954	0.03534	0.09204	0.05843	0.05619	0.06477	0.18002	0.03298	0.03652	0.04389	0.07922	0.01797	0.12338	0.02792	0.01749	0.00153	0.05494	0.02136	0.00288	0.04359
6	0.05877	0.51674	0.04561	0.00841	0.01176	0.17787	0.00772	0.06126	0.05464	0.01227	0.00708	0.00787	0.00601	0.00407	0.00321	0.00105	0.00517	0.00266	0.00225	0.00558
7	0.01099	0.55517	0.08488	0.00803	0.01125	0.08004	0.00776	0.03274	0.00903	0.01077	0.00738	0.04389	0.00690	0.00622	0.04030	0.05292	0.02136	0.00309	0.00205	0.00521
8	0.07818	0.01005	0.01121	0.00874	0.01195	0.01063	0.00716	0.46085	0.05118	0.26084	0.01240	0.01216	0.00862	0.03021	0.00473	0.00140	0.00425	0.00402	0.00445	0.00698
9	0.00864	0.12887	0.07135	0.00769	0.04774	0.01789	0.00622	0.04965	0.04298	0.05527	0.25229	0.08130	0.11585	0.06063	0.00579	0.01413	0.00347	0.02180	0.00361	0.00481
10	0.04883	0.00834	0.00987	0.00911	0.04543	0.10135	0.06577	0.01287	0.06775	0.13473	0.10772	0.13348	0.03124	0.04286	0.02744	0.00170	0.07658	0.02838	0.04152	0.00503
11	0.04327	0.00676	0.00836	0.02913	0.03337	0.00746	0.00602	0.03545	0.16849	0.07985	0.17927	0.05607	0.08455	0.00993	0.09367	0.00203	0.09719	0.00571	0.04834	0.00507
12	0.00606	0.00415	0.00483	0.00500	0.00516	0.00409	0.00302	0.00632	0.00685	0.00907	0.01689	0.14904	0.06217	0.64039	0.03827	0.00369	0.00400	0.02523	0.00291	0.00286
13	0.01187	0.21119	0.05477	0.06160	0.03492	0.03035	0.05170	0.19926	0.13454	0.03462	0.00986	0.01129	0.00786	0.03856	0.02261	0.00150	0.05432	0.00375	0.00298	0.02244
14	0.18578	0.01118	0.08398	0.02571	0.20769	0.10263	0.03010	0.03875	0.02607	0.14325	0.01021	0.06025	0.00834	0.00508	0.00434	0.00135	0.03168	0.01475	0.00297	0.00588
15	0.00931	0.00909	0.01312	0.01105	0.01144	0.01218	0.05589	0.01046	0.00698	0.01091	0.00653	0.01035	0.00626	0.02687	0.01294	0.00184	0.70813	0.00389	0.05014	0.02260
16	0.02529	0.01051	0.02978	0.06755	0.25733	0.05380	0.09261	0.08493	0.23699	0.04694	0.02757	0.01320	0.02417	0.00485	0.00437	0.00136	0.00483	0.00436	0.00316	0.00640
17	0.20413	0.30032	0.08522	0.02923	0.06073	0.01213	0.07797	0.05405	0.00969	0.11814	0.00817	0.00902	0.00625	0.00409	0.00346	0.00120	0.00465	0.00309	0.00264	0.00581

[dist]
# distance from previous block
# <min> <max>
0	2

[block]
# block no. 1 follows, 61 sequences, length 10
# corresponding to MSA columns:
# 734-743
name=unknown_B
#
# <colnr> <probs for GDERKNQSTAVLIFYWHMCP>
#	G	D	E	R	K	N	Q	S	T	A	V	L	I	F	Y	W	H	M	C	P
0	0.01368	0.06421	0.19609	0.00977	0.01388	0.01154	0.00942	0.42651	0.04015	0.07810	0.00994	0.01021	0.00713	0.00469	0.00407	0.00123	0.00484	0.00357	0.00351	0.08749
1	0.00701	0.00452	0.00571	0.00545	0.00660	0.00411	0.00407	0.00873	0.01122	0.07872	0.50961	0.13293	0.13437	0.00916	0.00495	0.00139	0.00224	0.00802	0.05700	0.00419
2	0.00621	0.00422	0.00500	0.00502	0.00517	0.00428	0.00304	0.00650	0.00671	0.00908	0.05479	0.05772	0.01688	0.68613	0.10823	0.00424	0.00480	0.00639	0.00274	0.00285
3	0.01096	0.00675	0.00742	0.00646	0.00840	0.00710	0.00508	0.13492	0.17876	0.11155	0.09551	0.01665	0.01385	0.00563	0.00385	0.00122	0.00291	0.00459	0.37290	0.00549
4	0.05865	0.00482	0.00549	0.00527	0.00649	0.00463	0.00396	0.04037	0.01093	0.01587	0.39335	0.11057	0.18964	0.00875	0.00467	0.00136	0.00229	0.00750	0.12129	0.00408
5	0.07765	0.11638	0.01186	0.02638	0.02757	0.02826	0.00689	0.15990	0.10138	0.33790	0.03173	0.01295	0.00978	0.02684	0.00447	0.00136	0.00407	0.00398	0.00411	0.00653
6	0.00738	0.00522	0.00738	0.00685	0.00794	0.00512	0.07893	0.02935	0.02986	0.03041	0.08684	0.29434	0.05158	0.07459	0.00684	0.04616	0.01738	0.03077	0.17904	0.00402
7	0.01239	0.18520	0.02946	0.00938	0.01150	0.10702	0.00793	0.17104	0.04207	0.06305	0.00857	0.01093	0.00732	0.07130	0.00809	0.00160	0.24122	0.00363	0.00276	0.00554
8	0.04362	0.00944	0.04437	0.02581	0.08131	0.02614	0.06918	0.07388	0.01000	0.01510	0.00790	0.00935	0.00637	0.00355	0.00357	0.00089	0.00408	0.00301	0.00258	0.55984
9	0.01205	0.07620	0.01184	0.01073	0.10612	0.14633	0.02023	0.05579	0.25747	0.09397	0.04287	0.03323	0.04976	0.00574	0.00441	0.00133	0.01890	0.02114	0.02590	0.00598

[dist]
# distance from previous block
# <min> <max>
0	4

[block]
# block no. 2 follows, 61 sequences, length 9
# corresponding to MSA columns:
# 748-756
name=unknown_C
#
# <colnr> <probs for GDERKNQSTAVLIFYWHMCP>
#	G	D	E	R	K	N	Q	S	T	A	V	L	I	F	Y	W	H	M	C	P
0	0.03580	0.09328	0.10091	0.03284	0.06833	0.10077	0.10875	0.19270	0.07622	0.04189	0.00953	0.02291	0.00738	0.00452	0.00406	0.00123	0.00523	0.00375	0.01491	0.07499
1	0.00565	0.00399	0.00510	0.00564	0.00616	0.00371	0.00391	0.00628	0.00845	0.01107	0.07993	0.46155	0.17486	0.04924	0.02740	0.10171	0.00289	0.03540	0.00371	0.00336
2	0.00995	0.00518	0.00657	0.00588	0.00756	0.00461	0.00450	0.01147	0.01096	0.26095	0.26575	0.12692	0.17239	0.03334	0.00529	0.00148	0.00268	0.00727	0.05241	0.00486
3	0.01315	0.00593	0.00790	0.00668	0.00890	0.00525	0.00533	0.01483	0.01165	0.44900	0.23049	0.08694	0.06462	0.00746	0.00470	0.00140	0.00303	0.03982	0.02718	0.00574
4	0.01147	0.00931	0.00995	0.00857	0.01108	0.01048	0.00676	0.21498	0.51225	0.01994	0.08793	0.01716	0.04853	0.00616	0.00446	0.00141	0.00356	0.00506	0.00438	0.00656
5	0.82311	0.00827	0.00657	0.00579	0.00850	0.00945	0.00477	0.01320	0.00766	0.07172	0.00671	0.00750	0.00506	0.00409	0.00277	0.00133	0.00335	0.00246	0.00284	0.00484
6	0.74711	0.00870	0.00721	0.00622	0.00900	0.00992	0.00512	0.09995	0.00896	0.05539	0.00695	0.00770	0.00522	0.00419	0.00292	0.00133	0.00350	0.00259	0.00296	0.00507
7	0.28831	0.01315	0.25119	0.02777	0.09812	0.01010	0.05261	0.12353	0.01032	0.04844	0.00818	0.00937	0.00604	0.00424	0.00372	0.00133	0.00484	0.00326	0.02956	0.00591
8	0.01173	0.72718	0.09308	0.00782	0.01172	0.01578	0.00807	0.01345	0.00900	0.05923	0.00680	0.00757	0.00583	0.00382	0.00298	0.00099	0.00471	0.00250	0.00205	0.00571

[dist]
# distance from previous block
# <min> <max>
0	7

[block]
# block no. 3 follows, 61 sequences, length 9
# corresponding to MSA columns:
# 764-772
name=unknown_D
#
# <colnr> <probs for GDERKNQSTAVLIFYWHMCP>
#	G	D	E	R	K	N	Q	S	T	A	V	L	I	F	Y	W	H	M	C	P
0	0.12889	0.60205	0.04981	0.00780	0.01118	0.08667	0.00749	0.01318	0.00879	0.01155	0.00610	0.00717	0.00542	0.00395	0.00332	0.00105	0.03579	0.00244	0.00199	0.00537
1	0.03169	0.00794	0.01229	0.09922	0.28509	0.00808	0.06348	0.02734	0.07161	0.06747	0.08142	0.08526	0.07557	0.00610	0.00450	0.00138	0.00419	0.01861	0.04314	0.00560
2	0.29340	0.00769	0.00867	0.00695	0.00997	0.00758	0.00572	0.04993	0.01090	0.49761	0.01307	0.01210	0.00863	0.00488	0.00374	0.00132	0.00353	0.00366	0.04433	0.00633
3	0.00635	0.00456	0.00606	0.00597	0.00650	0.00498	0.00429	0.00721	0.00714	0.00998	0.04759	0.02249	0.07539	0.28392	0.38438	0.04721	0.03791	0.00552	0.02915	0.00339
4	0.00557	0.00421	0.00516	0.00538	0.00628	0.00380	0.00391	0.00693	0.01021	0.01355	0.32056	0.28543	0.26402	0.01097	0.00524	0.00153	0.00229	0.03693	0.00427	0.00376
5	0.00703	0.00393	0.00549	0.00548	0.00562	0.00394	0.00364	0.00598	0.00619	0.00828	0.03556	0.01784	0.04226	0.16877	0.07295	0.59372	0.00424	0.00460	0.00221	0.00228
6	0.01149	0.25171	0.04068	0.13155	0.12388	0.14879	0.00910	0.06879	0.06879	0.01292	0.00829	0.00994	0.00680	0.00542	0.03555	0.00141	0.02510	0.00331	0.03086	0.00562
7	0.00863	0.00661	0.00768	0.00681	0.00876	0.00658	0.02355	0.08796	0.18225	0.04234	0.12073	0.14660	0.18908	0.00801	0.00461	0.00137	0.00297	0.00686	0.05105	0.08756
8	0.14213	0.06972	0.02629	0.02923	0.02847	0.06379	0.09579	0.15124	0.14084	0.08234	0.01139	0.01218	0.03442	0.01793	0.00497	0.00140	0.06160	0.00398	0.01640	0.00589

[dist]
# distance from previous block
# <min> <max>
2	26

[block]
# block no. 4 follows, 61 sequences, length 6
# corresponding to MSA columns:
# 799-804
name=unknown_E
#
# <colnr> <probs for GDERKNQSTAVLIFYWHMCP>
#	G	D	E	R	K	N	Q	S	T	A	V	L	I	F	Y	W	H	M	C	P
0	0.00965	0.19661	0.33451	0.03756	0.05449	0.01101	0.10204	0.05301	0.00973	0.01338	0.03660	0.01245	0.00828	0.04473	0.00488	0.00142	0.00550	0.03600	0.00225	0.02589
1	0.05981	0.00722	0.03304	0.02188	0.02314	0.00677	0.03001	0.07146	0.10582	0.06526	0.19413	0.05989	0.05883	0.05864	0.00580	0.02985	0.00335	0.00547	0.03932	0.12028
2	0.00798	0.00674	0.06899	0.00719	0.03648	0.00547	0.00567	0.04245	0.04337	0.08445	0.17431	0.20742	0.18592	0.03481	0.00540	0.00153	0.00308	0.02869	0.00394	0.04613
3	0.05450	0.00585	0.00715	0.00706	0.04065	0.00610	0.00485	0.02947	0.04673	0.08373	0.03995	0.12404	0.04869	0.30237	0.04935	0.00266	0.06373	0.01840	0.02982	0.03490
4	0.00992	0.05961	0.32641	0.08018	0.17198	0.03009	0.05840	0.02995	0.06394	0.04352	0.03842	0.01201	0.02664	0.00455	0.00419	0.00133	0.00538	0.00390	0.02347	0.00610
5	0.00630	0.00419	0.00496	0.00542	0.00617	0.00402	0.00387	0.00799	0.04032	0.01313	0.06838	0.42265	0.11433	0.01030	0.00473	0.00149	0.00239	0.03809	0.23742	0.00383

[dist]
# distance from previous block
# <min> <max>
0	1

[block]
# block no. 5 follows, 61 sequences, length 14
# corresponding to MSA columns:
# 806-819
name=unknown_F
#
# <colnr> <probs for GDERKNQSTAVLIFYWHMCP>
#	G	D	E	R	K	N	Q	S	T	A	V	L	I	F	Y	W	H	M	C	P
0	0.05376	0.14625	0.11310	0.00905	0.01237	0.01071	0.06260	0.05855	0.29917	0.06706	0.05143	0.01400	0.04004	0.00519	0.00406	0.00130	0.00420	0.00425	0.00341	0.03950
1	0.72598	0.01027	0.08890	0.00666	0.00967	0.04390	0.00602	0.01330	0.03551	0.01835	0.00660	0.00755	0.00507	0.00409	0.00292	0.00133	0.00382	0.00252	0.00262	0.00492
2	0.00926	0.00922	0.01331	0.01132	0.01155	0.01263	0.04175	0.01034	0.00676	0.01048	0.00614	0.00997	0.00600	0.00888	0.06338	0.00217	0.75632	0.00387	0.00192	0.00470
3	0.04310	0.08762	0.03146	0.06636	0.37472	0.05397	0.01029	0.05413	0.20611	0.01512	0.01013	0.01135	0.00803	0.00445	0.00408	0.00130	0.00477	0.00383	0.00276	0.00642
4	0.01126	0.69866	0.14072	0.00823	0.01226	0.04572	0.00867	0.01317	0.00893	0.01067	0.00627	0.00726	0.00552	0.00377	0.00300	0.00099	0.00498	0.00245	0.00185	0.00563
5	0.01555	0.01165	0.01246	0.00974	0.01304	0.01297	0.00799	0.69247	0.13652	0.02581	0.01140	0.01118	0.00818	0.00527	0.00432	0.00132	0.00455	0.00402	0.00432	0.00725
6	0.00590	0.00437	0.00551	0.00527	0.00633	0.00397	0.00394	0.00773	0.01166	0.01613	0.66429	0.06640	0.16387	0.00933	0.00510	0.00139	0.00207	0.00818	0.00459	0.00397
7	0.02817	0.01048	0.00916	0.00804	0.01032	0.17462	0.00626	0.16267	0.22228	0.03469	0.05477	0.02000	0.20785	0.00673	0.00441	0.00134	0.00415	0.00534	0.02318	0.00556
8	0.01348	0.02238	0.05258	0.00790	0.01055	0.00831	0.02724	0.19874	0.07088	0.25238	0.01343	0.01444	0.00993	0.06958	0.00566	0.00150	0.02737	0.00426	0.18335	0.00605
9	0.02700	0.00542	0.00674	0.00617	0.00778	0.00507	0.00469	0.02791	0.04929	0.21237	0.25915	0.20125	0.10837	0.00868	0.00479	0.00143	0.00269	0.00752	0.04878	0.00490
10	0.21216	0.02790	0.08376	0.02772	0.01124	0.00860	0.02268	0.06424	0.05982	0.25726	0.02534	0.02775	0.00947	0.01952	0.00472	0.00142	0.04850	0.02442	0.05766	0.00583
11	0.00635	0.00415	0.00476	0.00476	0.00476	0.00415	0.00269	0.00622	0.00622	0.00829	0.01316	0.02717	0.01511	0.79241	0.02158	0.06286	0.00415	0.00609	0.00256	0.00256
12	0.01472	0.01289	0.01184	0.00978	0.01267	0.17590	0.00779	0.44754	0.20135	0.02130	0.01162	0.03313	0.00887	0.00540	0.00427	0.00131	0.00498	0.00411	0.00390	0.00664
13	0.04574	0.00768	0.02844	0.02013	0.02277	0.00840	0.00663	0.12687	0.02018	0.10380	0.02528	0.11420	0.01172	0.09469	0.09717	0.00236	0.18729	0.00521	0.05238	0.01906

[dist]
# distance from previous block
# <min> <max>
0	1

[block]
# block no. 6 follows, 61 sequences, length 20
# corresponding to MSA columns:
# 821-840
name=unknown_G
#
# <colnr> <probs for GDERKNQSTAVLIFYWHMCP>
#	G	D	E	R	K	N	Q	S	T	A	V	L	I	F	Y	W	H	M	C	P
0	0.01240	0.45990	0.07518	0.03890	0.08798	0.10150	0.00861	0.05349	0.01012	0.07980	0.00780	0.00874	0.00633	0.00408	0.00339	0.00108	0.00501	0.00291	0.02697	0.00582
1	0.62316	0.07188	0.04264	0.00683	0.00987	0.01089	0.00597	0.15621	0.00984	0.01982	0.00685	0.00768	0.00524	0.00419	0.00303	0.00130	0.00381	0.00264	0.00287	0.00528
2	0.04123	0.12938	0.10665	0.01286	0.11368	0.05357	0.15083	0.10389	0.09297	0.07239	0.03756	0.01135	0.00839	0.00464	0.00459	0.00132	0.04173	0.00394	0.00287	0.00615
3	0.00638	0.00439	0.00601	0.00634	0.00694	0.00457	0.00466	0.00750	0.00781	0.03198	0.03286	0.25891	0.01880	0.15944	0.31692	0.00408	0.00633	0.09517	0.01725	0.00365
4	0.00639	0.00422	0.00555	0.00589	0.00659	0.00390	0.00417	0.00760	0.00971	0.05879	0.27082	0.47733	0.04727	0.04133	0.00589	0.00169	0.00251	0.03223	0.00425	0.00388
5	0.01500	0.00632	0.00854	0.00703	0.00954	0.00557	0.00566	0.01667	0.01178	0.55931	0.16268	0.08983	0.01811	0.00688	0.00459	0.00139	0.00324	0.03380	0.02786	0.00621
6	0.01200	0.00972	0.01032	0.00885	0.01148	0.01106	0.00700	0.22645	0.56579	0.02032	0.03498	0.01497	0.01224	0.00572	0.00434	0.00140	0.00368	0.00466	0.02820	0.00681
7	0.55386	0.00788	0.00760	0.00636	0.00922	0.00834	0.00523	0.01547	0.00922	0.30225	0.03141	0.01036	0.00773	0.00459	0.00332	0.00133	0.00341	0.00318	0.00366	0.00559
8	0.32610	0.43749	0.01535	0.00705	0.01030	0.01381	0.00645	0.09116	0.03431	0.01538	0.00678	0.00756	0.00563	0.00401	0.00293	0.00112	0.00412	0.00255	0.00246	0.00543
9	0.00627	0.00446	0.00607	0.00695	0.00762	0.00436	0.00552	0.00770	0.00920	0.01213	0.05581	0.32823	0.02621	0.06253	0.00671	0.00201	0.00338	0.43718	0.00393	0.00372
10	0.03044	0.40924	0.01677	0.00824	0.01167	0.03907	0.00738	0.27336	0.01304	0.11824	0.00901	0.00925	0.00688	0.00444	0.00350	0.00111	0.00454	0.00313	0.02441	0.00627
11	0.82271	0.00826	0.00657	0.00580	0.00851	0.00944	0.00477	0.01321	0.00766	0.07210	0.00672	0.00750	0.00506	0.00409	0.00277	0.00133	0.00335	0.00246	0.00284	0.00484
12	0.04025	0.02338	0.02337	0.07395	0.22032	0.05785	0.05977	0.03040	0.04342	0.03487	0.07729	0.17661	0.04488	0.02156	0.01477	0.00155	0.00444	0.04302	0.00309	0.00520
13	0.00545	0.00420	0.00486	0.00504	0.00606	0.00371	0.00365	0.00670	0.00995	0.01294	0.22460	0.25195	0.40190	0.01094	0.00514	0.00150	0.00223	0.00949	0.02597	0.00371
14	0.00953	0.00933	0.01478	0.24982	0.27247	0.05633	0.12327	0.03645	0.00997	0.01315	0.04627	0.04299	0.04850	0.02013	0.00485	0.00144	0.00532	0.02744	0.00248	0.00547
15	0.00792	0.00481	0.00610	0.00561	0.00702	0.00430	0.00427	0.00963	0.01148	0.14262	0.48904	0.08926	0.18329	0.00899	0.00499	0.00140	0.00235	0.00781	0.00464	0.00446
16	0.00793	0.00486	0.00646	0.00622	0.00653	0.02289	0.00436	0.04691	0.00674	0.00901	0.00852	0.01440	0.00842	0.08425	0.11168	0.60886	0.03320	0.00404	0.00211	0.00260
17	0.01141	0.14628	0.05244	0.08219	0.21320	0.12663	0.04864	0.05725	0.04671	0.04965	0.04263	0.03436	0.00943	0.00493	0.00410	0.00127	0.00514	0.03067	0.02729	0.00579
18	0.04956	0.05482	0.00896	0.04909	0.02528	0.04171	0.00601	0.01371	0.18494	0.10070	0.23987	0.04858	0.06359	0.00767	0.02640	0.00152	0.00359	0.04199	0.00395	0.02807
19	0.02598	0.05796	0.07428	0.02610	0.06846	0.05452	0.06364	0.17976	0.13104	0.14102	0.04052	0.01245	0.00950	0.00487	0.00413	0.00126	0.00456	0.00402	0.03980	0.05615

[dist]
# distance from previous block
# <min> <max>
9	25

[block]
# block no. 7 follows, 61 sequences, length 12
# corresponding to MSA columns:
# 869-880
name=unknown_H
#
# <colnr> <probs for GDERKNQSTAVLIFYWHMCP>
#	G	D	E	R	K	N	Q	S	T	A	V	L	I	F	Y	W	H	M	C	P
0	0.13825	0.00643	0.03726	0.00622	0.00816	0.00590	0.00515	0.02499	0.03919	0.10235	0.33400	0.02330	0.03815	0.00697	0.00431	0.00133	0.00287	0.06736	0.09905	0.04876
1	0.19465	0.15467	0.19720	0.00920	0.03019	0.05978	0.00886	0.15088	0.04325	0.05154	0.00826	0.00897	0.00625	0.00428	0.00357	0.00121	0.00479	0.00305	0.00276	0.05665
2	0.08472	0.34556	0.41541	0.00964	0.01455	0.01262	0.01130	0.01350	0.00891	0.03812	0.00719	0.00823	0.00558	0.00396	0.00346	0.00119	0.00533	0.00280	0.00201	0.00592
3	0.00607	0.00441	0.00530	0.00554	0.00652	0.00403	0.00405	0.00750	0.02813	0.03847	0.15999	0.29886	0.30270	0.04493	0.00592	0.00168	0.00254	0.06539	0.00411	0.00384
4	0.02925	0.01578	0.26672	0.01057	0.01416	0.20776	0.04879	0.12364	0.08344	0.01529	0.05901	0.07015	0.01056	0.00555	0.00431	0.00134	0.00562	0.01942	0.00289	0.00576
5	0.00736	0.00379	0.00552	0.00552	0.00552	0.00379	0.00362	0.00568	0.00568	0.00757	0.00811	0.01465	0.00832	0.10067	0.01736	0.78518	0.00379	0.00400	0.00195	0.00195
6	0.04365	0.00450	0.00545	0.00593	0.00681	0.00430	0.00442	0.00759	0.02966	0.01292	0.13356	0.37605	0.18197	0.01132	0.00523	0.00164	0.00266	0.13656	0.02196	0.00382
7	0.01033	0.04564	0.08485	0.12359	0.12233	0.02341	0.03185	0.08058	0.12656	0.07664	0.04844	0.05915	0.02909	0.03569	0.00507	0.00151	0.00450	0.06414	0.02096	0.00569
8	0.00891	0.00470	0.00652	0.00600	0.00683	0.00446	0.00427	0.00849	0.03674	0.09680	0.05825	0.01418	0.00996	0.01223	0.01317	0.62219	0.00357	0.00399	0.00257	0.07616
9	0.00949	0.00868	0.01133	0.00983	0.01015	0.03398	0.00807	0.03166	0.00749	0.01166	0.00728	0.01065	0.00667	0.00725	0.01183	0.03541	0.62260	0.00378	0.14762	0.00456
10	0.00881	0.00757	0.00946	0.03638	0.01093	0.00656	0.03582	0.03149	0.05003	0.01403	0.04128	0.01310	0.03485	0.04144	0.02297	0.00116	0.03269	0.01579	0.00278	0.58285
11	0.10903	0.00940	0.01109	0.13565	0.08918	0.05616	0.02647	0.19202	0.09914	0.08118	0.03554	0.03212	0.02198	0.02429	0.02186	0.00152	0.00462	0.00427	0.03865	0.00582

[dist]
# distance from previous block
# <min> <max>
2	16

[block]
# block no. 8 follows, 61 sequences, length 9
# corresponding to MSA columns:
# 897-905
name=unknown_I
#
# <colnr> <probs for GDERKNQSTAVLIFYWHMCP>
#	G	D	E	R	K	N	Q	S	T	A	V	L	I	F	Y	W	H	M	C	P
0	0.03361	0.00508	0.00589	0.00573	0.00691	0.00500	0.00422	0.00953	0.12187	0.01495	0.37282	0.14941	0.18294	0.05555	0.00590	0.00160	0.00248	0.00803	0.00426	0.00422
1	0.00548	0.00400	0.00500	0.00552	0.00606	0.00369	0.00376	0.00642	0.00897	0.01191	0.16414	0.49937	0.14841	0.09790	0.00705	0.00189	0.00254	0.01038	0.00399	0.00353
2	0.00983	0.00504	0.00662	0.00633	0.00768	0.00456	0.00468	0.01096	0.00979	0.26280	0.08107	0.36387	0.07171	0.08991	0.00667	0.00181	0.00303	0.04464	0.00433	0.00467
3	0.04761	0.00622	0.00808	0.00680	0.00913	0.00559	0.00537	0.01582	0.01080	0.51006	0.03447	0.15056	0.03410	0.05695	0.00549	0.00157	0.00333	0.02493	0.05723	0.00590
4	0.87904	0.00833	0.00633	0.00566	0.00833	0.00966	0.00467	0.01266	0.00733	0.01933	0.00600	0.00700	0.00467	0.00400	0.00267	0.00133	0.00333	0.00233	0.00267	0.00467
5	0.07500	0.05203	0.00978	0.00750	0.01017	0.00871	0.00609	0.13548	0.18806	0.28146	0.05248	0.01464	0.01159	0.02212	0.00437	0.00135	0.00354	0.00430	0.10503	0.00630
6	0.01218	0.06018	0.20362	0.01065	0.06051	0.13109	0.00951	0.13584	0.09858	0.09504	0.08404	0.01313	0.02733	0.00527	0.00454	0.00131	0.03376	0.00407	0.00321	0.00611
7	0.01219	0.60031	0.06792	0.00826	0.01182	0.06120	0.00800	0.07502	0.03795	0.04423	0.00729	0.00806	0.00614	0.00413	0.00351	0.00105	0.03213	0.00272	0.00228	0.00578
8	0.62624	0.00856	0.00729	0.00670	0.03075	0.03134	0.00519	0.07992	0.02585	0.03970	0.00781	0.00920	0.00616	0.03557	0.00370	0.00141	0.00357	0.00288	0.06321	0.00495

[dist]
# distance from previous block
# <min> <max>
0	1

[block]
# block no. 9 follows, 61 sequences, length 10
# corresponding to MSA columns:
# 907-916
name=unknown_J
#
# <colnr> <probs for GDERKNQSTAVLIFYWHMCP>
#	G	D	E	R	K	N	Q	S	T	A	V	L	I	F	Y	W	H	M	C	P
0	0.00733	0.00496	0.00602	0.00560	0.00694	0.00464	0.00424	0.03569	0.03991	0.07098	0.46900	0.07901	0.19234	0.00888	0.00491	0.00138	0.00234	0.00768	0.04377	0.00437
1	0.00781	0.00514	0.00631	0.00623	0.00654	0.06395	0.00435	0.00687	0.00636	0.00822	0.00841	0.01397	0.00826	0.04674	0.17223	0.61464	0.00554	0.00393	0.00201	0.00250
2	0.00660	0.00481	0.00662	0.00736	0.03523	0.00472	0.00574	0.00846	0.01017	0.01384	0.24329	0.09913	0.06165	0.01210	0.06522	0.00207	0.00377	0.37291	0.03229	0.00403
3	0.00690	0.00396	0.00569	0.00577	0.00594	0.00408	0.00393	0.00611	0.00615	0.00835	0.01032	0.08321	0.01083	0.12317	0.16834	0.53251	0.00515	0.00491	0.00222	0.00246
4	0.01219	0.01129	0.01409	0.10730	0.18094	0.16014	0.11163	0.09537	0.08764	0.08613	0.01112	0.08284	0.00928	0.00526	0.00443	0.00135	0.00540	0.00467	0.00301	0.00594
5	0.00764	0.00504	0.00592	0.00559	0.00713	0.00457	0.00428	0.00972	0.06007	0.12043	0.22349	0.09798	0.38283	0.00960	0.00501	0.00146	0.00251	0.03793	0.00438	0.00442
6	0.04556	0.25944	0.01368	0.04325	0.01178	0.08438	0.00666	0.07041	0.03903	0.03220	0.00777	0.00875	0.00637	0.00382	0.00330	0.00092	0.00427	0.00276	0.00255	0.35310
7	0.06251	0.02817	0.05085	0.02459	0.06041	0.10764	0.02824	0.28414	0.10199	0.05819	0.00977	0.01045	0.00736	0.00493	0.00487	0.00129	0.07309	0.00364	0.00331	0.07455
8	0.36873	0.09041	0.05886	0.00971	0.07481	0.05314	0.04557	0.13355	0.03575	0.05677	0.00797	0.00889	0.00608	0.00437	0.00378	0.00130	0.02867	0.00310	0.00286	0.00568
9	0.04693	0.25549	0.12463	0.01010	0.07217	0.06156	0.02573	0.12848	0.01126	0.13023	0.01140	0.01179	0.06553	0.00486	0.00402	0.00122	0.02198	0.00366	0.00293	0.00604

[dist]
# distance from previous block
# <min> <max>
5	15

[block]
# block no. 10 follows, 61 sequences, length 13
# corresponding to MSA columns:
# 932-944
name=unknown_K
#
# <colnr> <probs for GDERKNQSTAVLIFYWHMCP>
#	G	D	E	R	K	N	Q	S	T	A	V	L	I	F	Y	W	H	M	C	P
0	0.01022	0.00975	0.01244	0.01043	0.01156	0.06057	0.03976	0.06920	0.02664	0.02612	0.00790	0.05287	0.00741	0.00723	0.02575	0.00171	0.51045	0.00412	0.00240	0.10345
1	0.22518	0.05423	0.03701	0.00869	0.01165	0.10712	0.05210	0.11224	0.19187	0.07001	0.01064	0.01130	0.00810	0.00477	0.00378	0.00129	0.00442	0.01584	0.02201	0.04775
2	0.12103	0.04393	0.06218	0.00843	0.01112	0.01934	0.08555	0.14801	0.05965	0.10627	0.03605	0.09867	0.01164	0.00592	0.00409	0.00134	0.00400	0.02855	0.13867	0.00554
3	0.03315	0.05002	0.04782	0.10390	0.09985	0.02035	0.07175	0.16055	0.09081	0.08798	0.01088	0.01216	0.02519	0.00471	0.00434	0.00125	0.02319	0.01410	0.00313	0.13488
4	0.01171	0.00701	0.00785	0.00672	0.00876	0.02671	0.00529	0.13368	0.10780	0.18632	0.17362	0.03631	0.01675	0.00613	0.00413	0.00126	0.00309	0.00506	0.24624	0.00556
5	0.01119	0.01178	0.12567	0.00939	0.01235	0.07359	0.02141	0.12651	0.41153	0.03186	0.06339	0.05727	0.01299	0.00592	0.00440	0.00140	0.00428	0.00489	0.00382	0.00634
6	0.06264	0.09089	0.00897	0.00656	0.00883	0.00792	0.00540	0.09537	0.10757	0.18451	0.01385	0.01530	0.01057	0.00533	0.00368	0.00121	0.00323	0.04140	0.32121	0.00556
7	0.72544	0.00830	0.00698	0.00604	0.00877	0.00936	0.00497	0.05286	0.00853	0.10278	0.00755	0.00818	0.00558	0.00422	0.00293	0.00132	0.00340	0.00266	0.02507	0.00506
8	0.01064	0.05615	0.12268	0.07105	0.20688	0.04851	0.02533	0.04451	0.01048	0.11747	0.09212	0.10222	0.01314	0.00590	0.00437	0.00135	0.00455	0.02207	0.03485	0.00573
9	0.00593	0.00408	0.00490	0.00509	0.00557	0.00383	0.00334	0.00624	0.00791	0.01028	0.08543	0.20760	0.20825	0.28492	0.01234	0.12684	0.00311	0.00799	0.00330	0.00305
10	0.00809	0.00611	0.00701	0.00679	0.00812	0.00631	0.00502	0.08845	0.17878	0.02865	0.02121	0.29291	0.10581	0.12534	0.00731	0.00192	0.00325	0.06420	0.00390	0.03083
11	0.04495	0.05518	0.01115	0.00824	0.02878	0.06806	0.04011	0.07886	0.03333	0.03733	0.00846	0.02377	0.00697	0.00399	0.00385	0.00092	0.03070	0.00312	0.00275	0.50947
12	0.06326	0.61945	0.01912	0.00768	0.01114	0.07232	0.00718	0.05448	0.04779	0.01215	0.00689	0.00768	0.00597	0.00391	0.00301	0.00099	0.00463	0.00255	0.00220	0.04758

[dist]
# distance from previous block
# <min> <max>
0	5

[block]
# block no. 11 follows, 61 sequences, length 6
# corresponding to MSA columns:
# 951-956
name=unknown_L
#
# <colnr> <probs for GDERKNQSTAVLIFYWHMCP>
#	G	D	E	R	K	N	Q	S	T	A	V	L	I	F	Y	W	H	M	C	P
0	0.72576	0.05780	0.00783	0.00628	0.00896	0.06136	0.00517	0.01354	0.05361	0.01817	0.00669	0.00756	0.00525	0.00411	0.00285	0.00130	0.00369	0.00250	0.00269	0.00486
1	0.01021	0.00966	0.04076	0.04733	0.46262	0.03267	0.03142	0.04587	0.03212	0.03814	0.03935	0.11528	0.01087	0.00537	0.00439	0.00132	0.00465	0.00497	0.00272	0.06029
2	0.00888	0.00917	0.06956	0.27960	0.17081	0.02482	0.04845	0.03909	0.07228	0.01319	0.03040	0.12848	0.02693	0.00615	0.00483	0.00146	0.02677	0.03111	0.00270	0.00534
3	0.00799	0.00461	0.00583	0.00592	0.00707	0.00417	0.00437	0.00920	0.00964	0.15264	0.07548	0.39794	0.17394	0.01063	0.00505	0.00156	0.00266	0.05350	0.06351	0.00428
4	0.01059	0.00535	0.00677	0.00607	0.00775	0.00493	0.00471	0.03204	0.01100	0.25953	0.21595	0.12249	0.06326	0.02921	0.00498	0.00144	0.00280	0.04454	0.16160	0.00499
5	0.01121	0.00766	0.00866	0.00746	0.00966	0.00812	0.00585	0.13271	0.30012	0.13438	0.19486	0.02027	0.06007	0.03130	0.00500	0.00145	0.00323	0.00551	0.04655	0.00593

[dist]
# distance from previous block
# <min> <max>
0	2

[block]
# block no. 12 follows, 61 sequences, length 13
# corresponding to MSA columns:
# 959-971
name=unknown_M
#
# <colnr> <probs for GDERKNQSTAVLIFYWHMCP>
#	G	D	E	R	K	N	Q	S	T	A	V	L	I	F	Y	W	H	M	C	P
0	0.37879	0.00653	0.00638	0.00575	0.00779	0.00691	0.00455	0.01209	0.03968	0.11262	0.19713	0.05474	0.06112	0.00623	0.00377	0.00134	0.00286	0.00489	0.08208	0.00475
1	0.03789	0.05202	0.02298	0.00819	0.01026	0.00944	0.00676	0.27972	0.04434	0.03455	0.01079	0.01329	0.00893	0.01661	0.35318	0.00367	0.04529	0.00410	0.03256	0.00542
2	0.03517	0.13415	0.41975	0.04804	0.03344	0.01027	0.01170	0.03983	0.00953	0.06358	0.02412	0.05387	0.00877	0.00529	0.00450	0.00137	0.03916	0.04916	0.00245	0.00584
3	0.01195	0.59503	0.08590	0.00830	0.01193	0.10222	0.00811	0.07752	0.01021	0.01211	0.03738	0.00842	0.00700	0.00411	0.00320	0.00102	0.00500	0.00276	0.00219	0.00563
4	0.62860	0.00852	0.00764	0.00648	0.00932	0.00946	0.00533	0.08265	0.03959	0.15464	0.00864	0.00891	0.00622	0.00439	0.00315	0.00133	0.00351	0.00289	0.00332	0.00542
5	0.01256	0.04763	0.01095	0.00857	0.01121	0.01078	0.00699	0.37183	0.21879	0.03922	0.09673	0.01674	0.04053	0.00616	0.00459	0.00136	0.02115	0.03651	0.03135	0.00636
6	0.00581	0.00427	0.00531	0.00567	0.00633	0.00404	0.00398	0.00726	0.03544	0.01264	0.22358	0.38510	0.12596	0.11194	0.00730	0.00191	0.00264	0.04313	0.00403	0.00368
7	0.00789	0.00715	0.01086	0.25202	0.18324	0.01941	0.00877	0.00989	0.00874	0.01177	0.06430	0.01796	0.11334	0.04499	0.16348	0.00258	0.06136	0.00498	0.00251	0.00475
8	0.00679	0.00493	0.00573	0.00561	0.00672	0.02880	0.00414	0.00826	0.01070	0.06020	0.38431	0.17769	0.21363	0.03831	0.00567	0.00155	0.00253	0.02610	0.00431	0.00403
9	0.00711	0.00386	0.00553	0.00556	0.00571	0.00385	0.00375	0.00582	0.00609	0.00806	0.01105	0.03438	0.06792	0.06152	0.06375	0.69313	0.00408	0.00451	0.00214	0.00219
10	0.01219	0.57785	0.07835	0.00840	0.01190	0.15462	0.00804	0.03579	0.00975	0.02933	0.00720	0.03590	0.00647	0.00425	0.00322	0.00103	0.00519	0.00287	0.00213	0.00552
11	0.00679	0.00519	0.00630	0.00591	0.00747	0.00453	0.00438	0.00863	0.03760	0.01367	0.17420	0.31153	0.07458	0.00886	0.00460	0.00131	0.00261	0.03067	0.05848	0.23268
12	0.04213	0.02873	0.04168	0.12723	0.42934	0.00871	0.01004	0.01109	0.00856	0.01224	0.00893	0.01406	0.00829	0.16991	0.00838	0.05409	0.00490	0.00419	0.00218	0.00530

[dist]
# distance from previous block
# <min> <max>
0	12

[block]
# block no. 13 follows, 61 sequences, length 8
# corresponding to MSA columns:
# 984-991
name=unknown_N
#
# <colnr> <probs for GDERKNQSTAVLIFYWHMCP>
#	G	D	E	R	K	N	Q	S	T	A	V	L	I	F	Y	W	H	M	C	P
0	0.06562	0.11806	0.07167	0.01045	0.03582	0.08215	0.08377	0.19576	0.23405	0.04357	0.01101	0.01125	0.00828	0.00478	0.00406	0.00130	0.00486	0.00384	0.00333	0.00637
1	0.39461	0.00944	0.05977	0.00711	0.00994	0.05809	0.02342	0.04183	0.06004	0.10955	0.04279	0.01249	0.05727	0.00496	0.00352	0.00129	0.00377	0.00364	0.05099	0.04547
2	0.01203	0.01254	0.11443	0.03849	0.04206	0.11260	0.17756	0.11385	0.15465	0.08932	0.01277	0.01449	0.03979	0.00520	0.00451	0.00139	0.00543	0.03955	0.00322	0.00612
3	0.01145	0.00825	0.00932	0.00774	0.01011	0.04811	0.02225	0.19249	0.10074	0.12030	0.23202	0.05470	0.01839	0.00718	0.02930	0.00145	0.00380	0.00535	0.02838	0.08868
4	0.00750	0.00734	0.08344	0.02708	0.00927	0.02235	0.02188	0.05309	0.07198	0.03665	0.19072	0.20507	0.22855	0.00911	0.00492	0.00147	0.00319	0.00788	0.00391	0.00460
5	0.04728	0.00690	0.00890	0.02083	0.00917	0.00796	0.02726	0.11359	0.00979	0.01414	0.14265	0.06726	0.05534	0.08933	0.05315	0.06411	0.19933	0.02319	0.03547	0.00436
6	0.06505	0.02603	0.04031	0.06540	0.10103	0.00916	0.02667	0.16277	0.10007	0.08877	0.12692	0.04305	0.05664	0.02482	0.00522	0.00145	0.04224	0.00504	0.00360	0.00577
7	0.00657	0.00523	0.00592	0.00607	0.00697	0.03657	0.00438	0.03360	0.04050	0.01305	0.19516	0.32575	0.15077	0.07307	0.04516	0.00200	0.00326	0.03813	0.00393	0.00392

[dist]
# distance from previous block
# <min> <max>
10	25

[block]
# block no. 14 follows, 61 sequences, length 8
# corresponding to MSA columns:
# 1024-1031
name=unknown_O
#
# <colnr> <probs for GDERKNQSTAVLIFYWHMCP>
#	G	D	E	R	K	N	Q	S	T	A	V	L	I	F	Y	W	H	M	C	P
0	0.04861	0.43992	0.06942	0.00890	0.02952	0.09390	0.00807	0.10607	0.07511	0.05370	0.00818	0.00879	0.00659	0.00431	0.00362	0.00112	0.02274	0.00296	0.00258	0.00590
1	0.40773	0.03715	0.01035	0.00838	0.01121	0.20410	0.03209	0.18572	0.01157	0.04484	0.00754	0.00830	0.00573	0.00438	0.00344	0.00126	0.00486	0.00292	0.00296	0.00547
2	0.04932	0.01125	0.01258	0.01086	0.05880	0.15360	0.10830	0.13274	0.14792	0.08611	0.05839	0.01328	0.03293	0.00512	0.00450	0.00128	0.02665	0.00424	0.00339	0.07875
3	0.04383	0.00442	0.00540	0.00570	0.00638	0.00434	0.00400	0.00737	0.02863	0.01241	0.18137	0.35189	0.09661	0.14299	0.06329	0.00235	0.00334	0.02825	0.00377	0.00365
4	0.00934	0.00510	0.00657	0.00607	0.00762	0.00465	0.00471	0.01093	0.01070	0.21745	0.25200	0.11031	0.14915	0.02959	0.05107	0.00181	0.00324	0.06768	0.04731	0.00470
5	0.01046	0.00534	0.00694	0.00631	0.00803	0.00477	0.00490	0.01192	0.01079	0.29382	0.19163	0.16239	0.14430	0.04442	0.00568	0.00160	0.00295	0.07423	0.00455	0.00497
6	0.00991	0.00706	0.00784	0.00686	0.00883	0.00731	0.00535	0.20588	0.13252	0.06247	0.16186	0.09848	0.17777	0.00781	0.00461	0.00138	0.00306	0.00655	0.07915	0.00531
7	0.67736	0.00784	0.00664	0.00592	0.00844	0.00880	0.00480	0.01314	0.04313	0.08421	0.03550	0.04401	0.03605	0.00497	0.00315	0.00136	0.00325	0.00342	0.00312	0.00487

[dist]
# distance from previous block
# <min> <max>
21	70

[block]
# block no. 15 follows, 61 sequences, length 10
# corresponding to MSA columns:
# 1138-1147
name=unknown_P
#
# <colnr> <probs for GDERKNQSTAVLIFYWHMCP>
#	G	D	E	R	K	N	Q	S	T	A	V	L	I	F	Y	W	H	M	C	P
0	0.11283	0.16707	0.13851	0.00925	0.02742	0.19344	0.00835	0.06263	0.01036	0.07655	0.03540	0.03467	0.00812	0.00633	0.05049	0.00153	0.02603	0.00348	0.00265	0.02488
1	0.08390	0.05242	0.04680	0.02239	0.01245	0.03613	0.00764	0.45532	0.07686	0.05038	0.01018	0.01055	0.00749	0.00513	0.00433	0.02542	0.00446	0.00363	0.02917	0.05536
2	0.00556	0.00435	0.00503	0.00492	0.00612	0.00382	0.00367	0.00706	0.01082	0.01416	0.39484	0.07667	0.42742	0.01008	0.00511	0.00142	0.00213	0.00866	0.00434	0.00382
3	0.00873	0.02165	0.77856	0.01263	0.01887	0.01006	0.06302	0.01365	0.00916	0.01365	0.00779	0.00924	0.00552	0.00406	0.00415	0.00137	0.00642	0.00330	0.00184	0.00633
4	0.05320	0.00806	0.00878	0.00733	0.00974	0.00862	0.00587	0.24212	0.17212	0.13785	0.06205	0.01477	0.01182	0.00545	0.00395	0.00126	0.00337	0.00434	0.23326	0.00603
5	0.04435	0.00579	0.05490	0.00603	0.00749	0.00475	0.00484	0.02637	0.01031	0.06205	0.27061	0.27392	0.19262	0.00987	0.00498	0.00149	0.00268	0.00859	0.00413	0.00424
6	0.23141	0.02194	0.02240	0.00841	0.04375	0.03969	0.03517	0.15902	0.02233	0.16508	0.03613	0.10636	0.05929	0.00611	0.00405	0.00136	0.00388	0.00491	0.02308	0.00563
7	0.00620	0.00412	0.00488	0.00505	0.00525	0.00404	0.00313	0.00651	0.00719	0.00975	0.06131	0.15997	0.04010	0.54882	0.01646	0.04451	0.00362	0.03023	0.03591	0.00292
8	0.01311	0.05681	0.05903	0.00787	0.01058	0.04436	0.00676	0.27021	0.02718	0.15766	0.06607	0.03434	0.01125	0.00548	0.00414	0.00124	0.01711	0.00429	0.19652	0.00597
9	0.01107	0.07017	0.03760	0.01091	0.08674	0.05894	0.11250	0.13142	0.02522	0.04044	0.00900	0.02372	0.00734	0.00610	0.05092	0.03445	0.00511	0.00363	0.00274	0.27198

[dist]
# distance from previous block
# <min> <max>
2	11

[block]
# block no. 16 follows, 61 sequences, length 8
# corresponding to MSA columns:
# 1161-1168
name=unknown_Q
#
# <colnr> <probs for GDERKNQSTAVLIFYWHMCP>
#	G	D	E	R	K	N	Q	S	T	A	V	L	I	F	Y	W	H	M	C	P
0	0.14780	0.00950	0.05201	0.00869	0.04791	0.02958	0.05002	0.06290	0.09983	0.01616	0.04292	0.01069	0.00833	0.00411	0.00361	0.00103	0.00388	0.00331	0.00289	0.39484
1	0.00611	0.00431	0.00585	0.00612	0.00654	0.00441	0.00434	0.00670	0.00815	0.01110	0.13221	0.37396	0.06926	0.04275	0.10408	0.14800	0.05089	0.00845	0.00339	0.00339
2	0.00944	0.00501	0.00642	0.00607	0.00742	0.00456	0.00454	0.01069	0.00994	0.22680	0.13424	0.22623	0.10743	0.12067	0.00720	0.00186	0.00302	0.06534	0.03859	0.00454
3	0.01647	0.00672	0.00898	0.00710	0.00999	0.00582	0.00578	0.01813	0.01208	0.65587	0.11190	0.01918	0.08963	0.00625	0.00449	0.00135	0.00334	0.00517	0.00514	0.00661
4	0.01035	0.00691	0.00789	0.00693	0.00885	0.00722	0.00538	0.11560	0.22242	0.11361	0.22119	0.05889	0.05230	0.03204	0.00498	0.00144	0.00302	0.00587	0.10962	0.00550
5	0.62718	0.00804	0.00740	0.00625	0.00911	0.00869	0.00515	0.01510	0.00880	0.25528	0.00922	0.00924	0.00642	0.00439	0.00315	0.00133	0.00343	0.00292	0.00345	0.00545
6	0.20033	0.00935	0.00949	0.02937	0.01098	0.03006	0.00651	0.31810	0.12995	0.02010	0.01287	0.05563	0.05063	0.00773	0.06617	0.00177	0.00453	0.00442	0.02620	0.00582
7	0.00804	0.00697	0.02814	0.00708	0.00845	0.07457	0.00550	0.01127	0.14035	0.04536	0.21268	0.27327	0.06182	0.00953	0.00503	0.00154	0.00326	0.08849	0.00408	0.00457

[dist]
# distance from previous block
# <min> <max>
0	4

[block]
# block no. 17 follows, 61 sequences, length 13
# corresponding to MSA columns:
# 1173-1185
name=unknown_R
#
# <colnr> <probs for GDERKNQSTAVLIFYWHMCP>
#	G	D	E	R	K	N	Q	S	T	A	V	L	I	F	Y	W	H	M	C	P
0	0.03088	0.50571	0.05362	0.00850	0.01188	0.10444	0.02048	0.10933	0.05240	0.01321	0.00752	0.00838	0.00629	0.00420	0.00351	0.00107	0.02334	0.00284	0.02667	0.00571
1	0.74857	0.00934	0.00801	0.00745	0.04446	0.06292	0.03944	0.01303	0.00787	0.01829	0.00625	0.00740	0.00490	0.00400	0.00292	0.00132	0.00386	0.00254	0.00259	0.00483
2	0.01101	0.03465	0.04775	0.07343	0.25273	0.03512	0.00953	0.14781	0.19640	0.01660	0.05108	0.01443	0.03434	0.01738	0.00483	0.00140	0.02504	0.01700	0.00319	0.00626
3	0.00674	0.00440	0.00553	0.00580	0.00678	0.00396	0.00424	0.00790	0.00962	0.08816	0.12718	0.41504	0.22436	0.01140	0.00527	0.00160	0.00257	0.06123	0.00421	0.00399
4	0.08947	0.02480	0.02517	0.03791	0.00924	0.00682	0.00539	0.06672	0.09547	0.14422	0.10218	0.06788	0.14483	0.06144	0.02364	0.00166	0.00343	0.00577	0.07890	0.00506
5	0.00537	0.00425	0.00479	0.00490	0.00599	0.00372	0.00355	0.00656	0.00990	0.01259	0.20267	0.18929	0.47959	0.04012	0.00575	0.00158	0.00228	0.00931	0.00411	0.00367
6	0.00689	0.00410	0.00586	0.00586	0.00615	0.00435	0.00410	0.00655	0.00626	0.00875	0.00990	0.01655	0.00983	0.13513	0.28664	0.43592	0.00632	0.00439	0.03375	0.00270
7	0.01123	0.76834	0.10292	0.00786	0.01181	0.01634	0.00822	0.01297	0.00879	0.01049	0.00616	0.00713	0.00552	0.00373	0.00290	0.00097	0.00478	0.00239	0.00184	0.00561
8	0.00904	0.00566	0.00686	0.00650	0.00801	0.00553	0.00492	0.05128	0.10087	0.15104	0.08498	0.25331	0.16355	0.03589	0.03862	0.00182	0.00329	0.04246	0.02159	0.00480
9	0.06988	0.04754	0.03537	0.01039	0.03079	0.02308	0.12975	0.27202	0.05978	0.19228	0.01107	0.01125	0.00784	0.00464	0.00416	0.00127	0.00470	0.00391	0.00371	0.07657
10	0.01129	0.00940	0.01255	0.12805	0.08475	0.01089	0.04558	0.13674	0.25835	0.06337	0.01187	0.03770	0.00935	0.00575	0.00614	0.00149	0.15278	0.00449	0.00333	0.00612
11	0.04856	0.00983	0.01401	0.09579	0.01532	0.09060	0.22484	0.12042	0.01063	0.03858	0.01066	0.07567	0.00965	0.05130	0.02706	0.05143	0.05327	0.04453	0.00278	0.00506
12	0.01040	0.00809	0.01088	0.14972	0.14111	0.00885	0.00805	0.14876	0.12786	0.06358	0.06031	0.07592	0.01257	0.10363	0.03255	0.00190	0.02176	0.00517	0.00333	0.00557

[dist]
# distance from previous block
# <min> <max>
9	17

[block]
# block no. 18 follows, 61 sequences, length 9
# corresponding to MSA columns:
# 1203-1211
name=unknown_S
#
# <colnr> <probs for GDERKNQSTAVLIFYWHMCP>
#	G	D	E	R	K	N	Q	S	T	A	V	L	I	F	Y	W	H	M	C	P
0	0.39565	0.03374	0.03351	0.00707	0.01028	0.00907	0.00602	0.11743	0.01059	0.23196	0.00969	0.00972	0.00683	0.00441	0.00342	0.00124	0.00372	0.00311	0.00352	0.09902
1	0.00564	0.00435	0.00516	0.00503	0.00618	0.00386	0.00374	0.00723	0.01102	0.01466	0.46297	0.08176	0.35303	0.00992	0.00511	0.00142	0.00212	0.00856	0.00440	0.00386
2	0.00922	0.00704	0.00800	0.00711	0.00897	0.00746	0.00551	0.12366	0.26560	0.03871	0.36318	0.04865	0.07390	0.00755	0.00475	0.00140	0.00291	0.00645	0.00452	0.00542
3	0.04262	0.03363	0.01415	0.11373	0.31533	0.00975	0.08115	0.07137	0.09671	0.01531	0.03746	0.03270	0.00932	0.00477	0.00436	0.00132	0.01926	0.00432	0.08681	0.00593
4	0.00571	0.00407	0.00508	0.00560	0.00630	0.00376	0.00401	0.00692	0.00937	0.01271	0.16134	0.44801	0.16460	0.01147	0.00519	0.00159	0.00243	0.06485	0.07332	0.00369
5	0.01020	0.03788	0.09056	0.06795	0.10814	0.00755	0.05784	0.04774	0.03060	0.14672	0.10279	0.11205	0.03123	0.06769	0.00580	0.00160	0.00419	0.02893	0.03512	0.00539
6	0.03302	0.00409	0.00545	0.00541	0.00565	0.00407	0.00358	0.00651	0.00628	0.02973	0.01075	0.04807	0.03257	0.18869	0.01603	0.56323	0.00368	0.00472	0.02605	0.00242
7	0.03013	0.16091	0.08387	0.00836	0.02492	0.04704	0.00719	0.03983	0.02315	0.03107	0.11294	0.18533	0.03613	0.00887	0.04746	0.00171	0.12311	0.02015	0.00302	0.00484
8	0.13416	0.02847	0.07983	0.05520	0.12389	0.09267	0.03138	0.06863	0.01017	0.05054	0.00980	0.02555	0.01989	0.00487	0.00407	0.00123	0.01744	0.05908	0.00273	0.18041

[dist]
# distance from previous block
# <min> <max>
1	25

[block]
# block no. 19 follows, 61 sequences, length 7
# corresponding to MSA columns:
# 1237-1243
name=unknown_T
#
# <colnr> <probs for GDERKNQSTAVLIFYWHMCP>
#	G	D	E	R	K	N	Q	S	T	A	V	L	I	F	Y	W	H	M	C	P
0	0.00753	0.02859	0.00878	0.00864	0.06161	0.02718	0.04957	0.02693	0.09925	0.01329	0.12114	0.22205	0.08906	0.01284	0.13585	0.00239	0.00473	0.07245	0.00355	0.00456
1	0.00554	0.00418	0.00504	0.00534	0.00617	0.00378	0.00382	0.00671	0.00965	0.01264	0.22344	0.31070	0.27957	0.06354	0.00631	0.00172	0.00245	0.04164	0.00409	0.00364
2	0.00914	0.00603	0.00723	0.00671	0.00812	0.00632	0.00505	0.04651	0.17914	0.10571	0.05698	0.05809	0.06921	0.16742	0.13128	0.04442	0.00465	0.04792	0.03536	0.00469
3	0.07246	0.00894	0.00968	0.00811	0.01080	0.00968	0.00649	0.22700	0.31169	0.14269	0.05550	0.01691	0.08892	0.00609	0.00434	0.00138	0.00361	0.00489	0.00437	0.00645
4	0.31954	0.00768	0.00792	0.00656	0.00917	0.00804	0.00535	0.13097	0.01117	0.24776	0.05141	0.01243	0.00961	0.00496	0.00356	0.00127	0.00335	0.00368	0.14992	0.00567
5	0.22893	0.00802	0.00797	0.00677	0.00914	0.00881	0.00544	0.21249	0.11884	0.07249	0.01177	0.01228	0.00877	0.00493	0.00352	0.00124	0.00332	0.00369	0.26598	0.00559
6	0.02564	0.00591	0.00704	0.02327	0.00853	0.02291	0.00531	0.05549	0.08868	0.08394	0.10336	0.28210	0.08383	0.03657	0.05287	0.00197	0.00367	0.10036	0.00400	0.00457

[dist]
# distance from previous block
# <min> <max>
0	1

[block]
# block no. 20 follows, 61 sequences, length 12
# corresponding to MSA columns:
# 1245-1247,1252-1260
name=unknown_U
#
# <colnr> <probs for GDERKNQSTAVLIFYWHMCP>
#	G	D	E	R	K	N	Q	S	T	A	V	L	I	F	Y	W	H	M	C	P
0	0.73874	0.00856	0.00739	0.00704	0.04853	0.00985	0.00537	0.06105	0.00827	0.01923	0.00657	0.00769	0.00513	0.00418	0.00314	0.00133	0.02436	0.00258	0.02607	0.00492
