[name]
unknown

[dist]
# distance from previous block
# <min> <max>
17	98

[block]
# block no. 0 follows, 57 sequences, length 16
# corresponding to MSA columns:
# 108-123
name=unknown_A
#
# <colnr> <probs for GDERKNQSTAVLIFYWHMCP>
#	G	D	E	R	K	N	Q	S	T	A	V	L	I	F	Y	W	H	M	C	P
0	0.00647	0.00485	0.00728	0.00728	0.00809	0.00566	0.00566	0.00809	0.00728	0.01052	0.01214	0.01780	0.01133	0.03398	0.82279	0.00728	0.01214	0.00485	0.00243	0.00405
1	0.09926	0.02074	0.63281	0.01185	0.01771	0.04103	0.01444	0.05700	0.01025	0.04264	0.00838	0.00956	0.00595	0.00441	0.00416	0.00142	0.00623	0.00332	0.00229	0.00655
2	0.07721	0.00778	0.01026	0.00792	0.01138	0.00689	0.00654	0.02150	0.01262	0.76256	0.01710	0.01489	0.01080	0.00551	0.00444	0.00140	0.00383	0.00442	0.00542	0.00752
3	0.05045	0.01003	0.01549	0.01263	0.01375	0.01266	0.15894	0.03277	0.00818	0.01255	0.00780	0.05772	0.00750	0.00727	0.01169	0.00184	0.56660	0.00467	0.00228	0.00518
4	0.01053	0.01188	0.02579	0.01857	0.02298	0.01115	0.75745	0.01426	0.01068	0.01447	0.00989	0.01413	0.00781	0.00425	0.00539	0.00156	0.00747	0.04333	0.00238	0.00602
5	0.00844	0.00797	0.04942	0.01217	0.10311	0.00732	0.12668	0.01166	0.06851	0.01409	0.01975	0.09015	0.04914	0.00947	0.00564	0.00181	0.00473	0.40124	0.00360	0.00510
6	0.00817	0.00576	0.00750	0.00724	0.00856	0.00626	0.00555	0.01148	0.13986	0.07645	0.01843	0.09824	0.09696	0.04173	0.44084	0.00468	0.00795	0.00617	0.00340	0.00477
7	0.00933	0.00897	0.01423	0.54465	0.20893	0.03702	0.01222	0.01202	0.00938	0.01228	0.00897	0.05634	0.00759	0.00506	0.00493	0.00150	0.03445	0.00447	0.00219	0.00546
8	0.01112	0.00905	0.00982	0.00866	0.01103	0.01014	0.00676	0.14825	0.49750	0.02006	0.15768	0.05739	0.01870	0.00696	0.00478	0.00150	0.00352	0.00586	0.00465	0.00658
9	0.00694	0.00514	0.00615	0.00628	0.00734	0.00498	0.00452	0.03551	0.08671	0.03060	0.18257	0.38293	0.17856	0.03276	0.00588	0.00171	0.00271	0.00995	0.00440	0.00436
10	0.01268	0.00765	0.00910	0.00781	0.00991	0.03637	0.00613	0.12809	0.06761	0.23857	0.06736	0.01790	0.01335	0.09335	0.22988	0.00328	0.00629	0.00498	0.03393	0.00576
11	0.01429	0.00964	0.01047	0.02266	0.01120	0.13058	0.04526	0.10852	0.01170	0.28132	0.01342	0.01756	0.01108	0.24056	0.03707	0.00241	0.01796	0.00485	0.00380	0.00566
12	0.00856	0.00805	0.01359	0.82986	0.03121	0.01007	0.01258	0.01158	0.00906	0.01158	0.00805	0.01208	0.00604	0.00453	0.00453	0.00151	0.00604	0.00403	0.00201	0.00503
13	0.00675	0.00530	0.00830	0.00792	0.00888	0.00588	0.05818	0.00839	0.00780	0.01119	0.01394	0.14869	0.01390	0.02716	0.58885	0.00568	0.02946	0.00613	0.03344	0.00415
14	0.00881	0.00718	0.00779	0.00774	0.03055	0.05849	0.00580	0.08687	0.08796	0.03106	0.19276	0.14327	0.17627	0.00960	0.00524	0.00157	0.00344	0.11472	0.01598	0.00491
15	0.03805	0.01043	0.01369	0.03142	0.27253	0.04127	0.00990	0.20319	0.05408	0.13121	0.01224	0.01583	0.00995	0.00582	0.00520	0.00148	0.04966	0.08369	0.00359	0.00677

[dist]
# distance from previous block
# <min> <max>
0	3

[block]
# block no. 1 follows, 57 sequences, length 22
# corresponding to MSA columns:
# 127-148
name=unknown_B
#
# <colnr> <probs for GDERKNQSTAVLIFYWHMCP>
#	G	D	E	R	K	N	Q	S	T	A	V	L	I	F	Y	W	H	M	C	P
0	0.01346	0.01109	0.03986	0.04872	0.04077	0.01030	0.42281	0.09012	0.02664	0.20611	0.01144	0.01276	0.00805	0.00447	0.00493	0.00145	0.00614	0.00482	0.00332	0.03275
1	0.14564	0.01192	0.07807	0.02806	0.29208	0.04615	0.10791	0.09554	0.01121	0.07761	0.00902	0.01069	0.00692	0.00445	0.00458	0.00138	0.02950	0.00385	0.00281	0.03263
2	0.01206	0.05941	0.01744	0.15548	0.39510	0.13160	0.07830	0.07039	0.01124	0.01445	0.00832	0.01075	0.00673	0.00429	0.00442	0.00134	0.00604	0.00389	0.00237	0.00641
3	0.00746	0.00558	0.00796	0.00759	0.00820	0.00664	0.00586	0.02277	0.00750	0.01079	0.03188	0.01703	0.02916	0.04286	0.47017	0.15391	0.13496	0.00477	0.02105	0.00387
4	0.06016	0.17391	0.12372	0.01098	0.03970	0.01127	0.13399	0.10411	0.03225	0.12347	0.02043	0.01155	0.01921	0.00519	0.02177	0.00139	0.00527	0.00386	0.00307	0.09469
5	0.01148	0.18331	0.39552	0.01044	0.01522	0.02492	0.01168	0.03864	0.04145	0.12037	0.01044	0.05758	0.00828	0.00513	0.00438	0.00135	0.02504	0.00395	0.00275	0.02806
6	0.01675	0.00704	0.00930	0.00759	0.01038	0.00632	0.00608	0.03972	0.03223	0.58592	0.03426	0.13760	0.01462	0.00694	0.00466	0.00145	0.00355	0.00584	0.06292	0.00680
7	0.00733	0.00646	0.03372	0.12463	0.02510	0.00606	0.04277	0.00992	0.07318	0.03858	0.06887	0.26136	0.26474	0.00983	0.00523	0.00160	0.00351	0.00866	0.00382	0.00462
8	0.01143	0.35761	0.28005	0.03159	0.06106	0.03545	0.01113	0.06014	0.03807	0.03524	0.00828	0.00949	0.00659	0.00523	0.02964	0.00142	0.00577	0.00320	0.00232	0.00630
9	0.00567	0.00431	0.00530	0.00592	0.00670	0.00394	0.00424	0.00675	0.00944	0.01214	0.06197	0.45915	0.28173	0.01382	0.03945	0.00197	0.00301	0.06651	0.00416	0.00380
10	0.00568	0.00409	0.00541	0.00641	0.00681	0.00383	0.00445	0.00660	0.00892	0.01179	0.02598	0.72373	0.07058	0.01390	0.00580	0.00185	0.00275	0.08348	0.00420	0.00373
11	0.00852	0.00677	0.03565	0.00886	0.05520	0.00691	0.03012	0.06362	0.00875	0.04836	0.01217	0.01860	0.01142	0.19633	0.41130	0.00494	0.03858	0.00503	0.02431	0.00456
12	0.04188	0.14076	0.05007	0.01121	0.04734	0.13422	0.06999	0.32717	0.02722	0.04343	0.01008	0.04440	0.00806	0.00519	0.00425	0.00131	0.00549	0.00406	0.01733	0.00654
13	0.68914	0.00846	0.00707	0.00624	0.00886	0.00960	0.00508	0.06822	0.00940	0.02061	0.12073	0.01137	0.01048	0.00501	0.00329	0.00140	0.00342	0.00338	0.00324	0.00502
14	0.01805	0.00866	0.01077	0.00836	0.01167	0.00827	0.00687	0.21772	0.01495	0.53245	0.06093	0.01666	0.05114	0.00605	0.00463	0.00140	0.00397	0.00488	0.00523	0.00733
15	0.00905	0.00862	0.05562	0.06163	0.05875	0.02213	0.12382	0.08349	0.06634	0.01506	0.03345	0.25959	0.06136	0.00825	0.00518	0.00156	0.01895	0.02705	0.07486	0.00523
16	0.00977	0.00887	0.08020	0.04687	0.03158	0.03741	0.02541	0.10698	0.06082	0.07568	0.04859	0.26379	0.09852	0.04334	0.00608	0.00170	0.02640	0.01890	0.00382	0.00527
17	0.00634	0.00527	0.02566	0.00748	0.00827	0.00474	0.07636	0.00743	0.00860	0.01151	0.02126	0.56845	0.02481	0.15577	0.00872	0.00226	0.00355	0.04597	0.00373	0.00383
18	0.00573	0.00407	0.00516	0.00595	0.00622	0.00383	0.00387	0.00638	0.00833	0.01104	0.02382	0.63538	0.06502	0.18178	0.00927	0.00234	0.00297	0.01144	0.00391	0.00350
19	0.01212	0.04822	0.21417	0.06732	0.24711	0.01107	0.09628	0.11160	0.04156	0.09205	0.00993	0.01138	0.00736	0.00451	0.00449	0.00140	0.00570	0.00404	0.00283	0.00687
20	0.01274	0.01055	0.04993	0.04288	0.08351	0.08198	0.00931	0.01441	0.00971	0.20688	0.04159	0.03480	0.00955	0.00730	0.02893	0.00178	0.34077	0.00443	0.00310	0.00585
21	0.34360	0.07466	0.15051	0.07216	0.06545	0.11792	0.04195	0.05925	0.00999	0.01660	0.00737	0.00885	0.00571	0.00433	0.00368	0.00135	0.00533	0.00310	0.00251	0.00569

[dist]
# distance from previous block
# <min> <max>
0	4

[block]
# block no. 2 follows, 57 sequences, length 13
# corresponding to MSA columns:
# 153-165
name=unknown_C
#
# <colnr> <probs for GDERKNQSTAVLIFYWHMCP>
#	G	D	E	R	K	N	Q	S	T	A	V	L	I	F	Y	W	H	M	C	P
0	0.01104	0.01326	0.14242	0.01766	0.07591	0.01073	0.54976	0.01478	0.01061	0.07128	0.00999	0.03316	0.00763	0.00430	0.00509	0.00150	0.00695	0.00510	0.00252	0.00632
1	0.14380	0.00938	0.03181	0.00999	0.01230	0.04694	0.14679	0.03998	0.08387	0.07661	0.10898	0.01516	0.01239	0.03352	0.03758	0.08067	0.09709	0.00470	0.00320	0.00526
2	0.31818	0.01224	0.10571	0.00866	0.01195	0.11213	0.00770	0.08066	0.10432	0.15167	0.01098	0.02543	0.00826	0.00516	0.00390	0.00141	0.00466	0.01739	0.00351	0.00609
3	0.01626	0.01146	0.01233	0.00957	0.01288	0.01256	0.00787	0.67128	0.01954	0.05639	0.01162	0.01179	0.00832	0.00543	0.00437	0.00132	0.00459	0.00412	0.11105	0.00728
4	0.61651	0.00845	0.00782	0.00659	0.00961	0.00911	0.00543	0.01595	0.00929	0.25940	0.00979	0.00978	0.00680	0.00463	0.00333	0.00140	0.00361	0.00309	0.00365	0.00575
5	0.17758	0.00838	0.00935	0.00768	0.01062	0.00856	0.00620	0.10472	0.13977	0.35063	0.01685	0.01610	0.06757	0.02941	0.00478	0.00150	0.00373	0.00461	0.02537	0.00659
6	0.01136	0.62832	0.19786	0.00906	0.01340	0.01613	0.00982	0.01363	0.00919	0.01148	0.00669	0.00788	0.00580	0.00414	0.00371	0.00111	0.03980	0.00269	0.00193	0.00597
7	0.00554	0.00401	0.00524	0.00617	0.00655	0.00371	0.00416	0.00641	0.00895	0.01186	0.05622	0.75277	0.08403	0.01382	0.00574	0.00180	0.00259	0.01248	0.00424	0.00371
8	0.12522	0.00838	0.00939	0.00759	0.01048	0.00853	0.00618	0.20092	0.05313	0.31509	0.01576	0.01514	0.05231	0.00567	0.00414	0.00135	0.00369	0.00442	0.14606	0.00655
9	0.00764	0.00725	0.06489	0.03063	0.02386	0.04882	0.00609	0.02796	0.02040	0.03517	0.07309	0.29415	0.19754	0.02912	0.00571	0.00170	0.00356	0.09479	0.02318	0.00445
10	0.00602	0.00447	0.00610	0.05350	0.00832	0.00446	0.00504	0.00714	0.00874	0.01157	0.02347	0.52946	0.07915	0.05500	0.09338	0.00253	0.00405	0.08997	0.00382	0.00381
11	0.00602	0.00428	0.00558	0.00613	0.00656	0.00417	0.00422	0.00696	0.00874	0.01180	0.11160	0.44514	0.04719	0.17692	0.08917	0.00283	0.00392	0.05131	0.00383	0.00363
12	0.00600	0.00446	0.00560	0.00576	0.00670	0.00406	0.00423	0.00756	0.01107	0.01495	0.40401	0.25728	0.19368	0.01121	0.00551	0.00159	0.00240	0.04532	0.00458	0.00402

[dist]
# distance from previous block
# <min> <max>
0	1

[block]
# block no. 3 follows, 57 sequences, length 9
# corresponding to MSA columns:
# 167-175
name=unknown_D
#
# <colnr> <probs for GDERKNQSTAVLIFYWHMCP>
#	G	D	E	R	K	N	Q	S	T	A	V	L	I	F	Y	W	H	M	C	P
0	0.03955	0.26232	0.34927	0.01243	0.06792	0.11278	0.06883	0.01453	0.00993	0.01310	0.00749	0.00895	0.00592	0.00417	0.00390	0.00126	0.00621	0.00318	0.00205	0.00619
1	0.00958	0.00688	0.00819	0.00728	0.00903	0.00717	0.00565	0.10832	0.15319	0.07427	0.39609	0.07851	0.06919	0.00838	0.00545	0.00149	0.03411	0.00711	0.00470	0.00541
2	0.00603	0.00437	0.00608	0.00666	0.00714	0.00454	0.00478	0.00713	0.00808	0.01106	0.01938	0.43797	0.02188	0.08285	0.30988	0.00406	0.00635	0.04454	0.00344	0.00377
3	0.06193	0.10136	0.21809	0.01261	0.13319	0.09542	0.03660	0.03060	0.10323	0.01523	0.10295	0.01448	0.04477	0.00534	0.00431	0.00136	0.00520	0.00436	0.00289	0.00608
4	0.01097	0.04420	0.15865	0.05064	0.31727	0.04723	0.09753	0.02980	0.07593	0.04291	0.01146	0.04906	0.03392	0.00505	0.00457	0.00141	0.00556	0.00462	0.00268	0.00652
5	0.15065	0.01107	0.05444	0.04635	0.07670	0.04714	0.04002	0.19567	0.06460	0.23677	0.01178	0.01188	0.00825	0.00507	0.00445	0.00141	0.01907	0.00397	0.00390	0.00680
6	0.20736	0.05742	0.21147	0.02976	0.20514	0.03724	0.01089	0.07295	0.01040	0.03328	0.04432	0.01068	0.00786	0.00469	0.00442	0.00139	0.03831	0.00358	0.00263	0.00620
7	0.02028	0.00716	0.03242	0.00858	0.06101	0.00690	0.00622	0.05544	0.11167	0.06690	0.11956	0.20271	0.10848	0.05266	0.00671	0.02161	0.04094	0.02440	0.00396	0.04240
8	0.03116	0.04446	0.13124	0.01176	0.12850	0.07939	0.02779	0.05065	0.05581	0.06623	0.04605	0.07087	0.01049	0.00520	0.00421	0.00122	0.00474	0.00435	0.00303	0.22285

[dist]
# distance from previous block
# <min> <max>
3	11

[block]
# block no. 4 follows, 57 sequences, length 16
# corresponding to MSA columns:
# 191-206
name=unknown_E
#
# <colnr> <probs for GDERKNQSTAVLIFYWHMCP>
#	G	D	E	R	K	N	Q	S	T	A	V	L	I	F	Y	W	H	M	C	P
0	0.03013	0.15677	0.28944	0.01030	0.01455	0.02707	0.04978	0.09521	0.05041	0.09383	0.06090	0.05164	0.02779	0.00553	0.00445	0.00138	0.01701	0.00444	0.00308	0.00630
1	0.01112	0.00983	0.02607	0.02956	0.01081	0.13222	0.00673	0.16701	0.07862	0.03780	0.05083	0.13686	0.08296	0.02809	0.05354	0.08812	0.03514	0.00601	0.00355	0.00513
2	0.00768	0.00606	0.00875	0.10080	0.15052	0.00604	0.00682	0.00946	0.02578	0.04244	0.08607	0.29011	0.14379	0.07244	0.00656	0.00181	0.00362	0.02293	0.00363	0.00467
3	0.11976	0.21508	0.19326	0.01003	0.04947	0.08832	0.00942	0.05610	0.01059	0.11353	0.00919	0.03257	0.00725	0.00464	0.00379	0.00124	0.00515	0.00341	0.00279	0.06440
4	0.01029	0.01078	0.04377	0.35608	0.29016	0.09732	0.01201	0.01292	0.00991	0.01291	0.00967	0.01254	0.03629	0.00476	0.00476	0.00141	0.03159	0.00410	0.03294	0.00577
5	0.00602	0.00428	0.00533	0.00586	0.00656	0.00389	0.00405	0.00703	0.00952	0.03352	0.11845	0.51987	0.19645	0.04909	0.00637	0.00183	0.00261	0.01115	0.00427	0.00384
6	0.10548	0.04407	0.03399	0.10441	0.02735	0.00771	0.00666	0.02890	0.08985	0.15393	0.08728	0.12658	0.07801	0.01741	0.00471	0.00149	0.00367	0.00599	0.06707	0.00545
7	0.06526	0.08653	0.12988	0.03320	0.25101	0.02778	0.05015	0.09255	0.13221	0.05810	0.01046	0.01155	0.00799	0.00465	0.00426	0.00137	0.00514	0.00394	0.01726	0.00674
8	0.00581	0.00421	0.00530	0.00604	0.00667	0.00388	0.00428	0.00689	0.00936	0.01242	0.06900	0.55777	0.16682	0.01294	0.00561	0.00175	0.00264	0.07261	0.04221	0.00380
9	0.02866	0.00469	0.00575	0.00598	0.00653	0.00476	0.00414	0.00716	0.00826	0.01124	0.05554	0.27076	0.13894	0.26461	0.10985	0.00320	0.03494	0.02794	0.00347	0.00358
10	0.04917	0.02534	0.06556	0.11543	0.10891	0.06053	0.02669	0.23235	0.04499	0.08029	0.01130	0.01247	0.03675	0.00536	0.00523	0.00142	0.07222	0.00414	0.02314	0.01870
11	0.05027	0.00873	0.08744	0.03976	0.07977	0.04559	0.03508	0.02689	0.02827	0.09700	0.01761	0.30482	0.04325	0.00933	0.02610	0.00172	0.00432	0.03601	0.05286	0.00518
12	0.00701	0.00493	0.00603	0.00634	0.00706	0.00488	0.00458	0.02290	0.03984	0.02753	0.02241	0.21454	0.11024	0.29548	0.03681	0.00287	0.00392	0.17514	0.00370	0.00379
13	0.07352	0.11641	0.03742	0.00902	0.06610	0.03015	0.00704	0.11203	0.01090	0.02679	0.00917	0.04663	0.00784	0.00451	0.00383	0.00103	0.01697	0.00349	0.03433	0.38281
14	0.01229	0.00917	0.01182	0.10628	0.06742	0.03108	0.04170	0.14115	0.01194	0.13344	0.02427	0.03139	0.00908	0.04453	0.00507	0.00130	0.00448	0.00407	0.00336	0.30617
15	0.09714	0.10809	0.16631	0.00968	0.01323	0.13690	0.04329	0.10324	0.04430	0.07088	0.04119	0.05516	0.06251	0.00571	0.00423	0.00135	0.00519	0.00447	0.00314	0.02399

[dist]
# distance from previous block
# <min> <max>
0	35

[block]
# block no. 5 follows, 57 sequences, length 16
# corresponding to MSA columns:
# 242-257
name=unknown_F
#
# <colnr> <probs for GDERKNQSTAVLIFYWHMCP>
#	G	D	E	R	K	N	Q	S	T	A	V	L	I	F	Y	W	H	M	C	P
0	0.04374	0.05346	0.16807	0.00814	0.01220	0.00821	0.00782	0.05156	0.06251	0.01582	0.07118	0.01296	0.04004	0.00464	0.00386	0.00105	0.00405	0.00370	0.00295	0.42402
1	0.06763	0.03470	0.33744	0.05211	0.01561	0.08743	0.01115	0.10704	0.10436	0.03449	0.02448	0.01137	0.00794	0.00562	0.00517	0.06153	0.00557	0.00373	0.01649	0.00612
2	0.00845	0.00737	0.01194	0.56917	0.09256	0.00871	0.01062	0.01109	0.00918	0.01252	0.01075	0.10106	0.00940	0.00562	0.00449	0.00147	0.00513	0.00500	0.11050	0.00497
3	0.04910	0.07620	0.12571	0.01558	0.27839	0.02819	0.02490	0.11428	0.07980	0.01665	0.05601	0.05424	0.01063	0.00578	0.01920	0.00147	0.00508	0.00451	0.00297	0.03132
4	0.01200	0.08329	0.01528	0.10730	0.15251	0.03652	0.10921	0.09746	0.12975	0.08930	0.03843	0.06794	0.01094	0.00551	0.00457	0.00140	0.00500	0.00494	0.00333	0.02530
5	0.00646	0.00442	0.00536	0.00548	0.00575	0.00448	0.00348	0.00699	0.00740	0.01012	0.04844	0.12728	0.03926	0.53147	0.14427	0.00423	0.00517	0.00716	0.02959	0.00320
6	0.00686	0.00550	0.02577	0.00661	0.03052	0.00479	0.00490	0.03720	0.01115	0.03540	0.25940	0.21221	0.29215	0.01071	0.00538	0.00157	0.00273	0.03844	0.00437	0.00435
7	0.06425	0.07150	0.03128	0.03898	0.20882	0.06253	0.06986	0.16398	0.10429	0.04069	0.02074	0.01224	0.00850	0.00513	0.00510	0.00142	0.06279	0.01825	0.00311	0.00654
8	0.04827	0.02271	0.12935	0.12296	0.12386	0.03844	0.01003	0.11778	0.02281	0.21258	0.01237	0.08434	0.00979	0.00572	0.00467	0.00144	0.01814	0.00473	0.00351	0.00650
9	0.05920	0.00733	0.00925	0.00772	0.01045	0.00690	0.00632	0.08115	0.02852	0.45968	0.07089	0.05359	0.04253	0.00711	0.00474	0.00149	0.00368	0.09610	0.03684	0.00650
10	0.00655	0.00534	0.00579	0.00606	0.00708	0.03752	0.00438	0.03644	0.01030	0.01304	0.10492	0.36357	0.30309	0.03535	0.00598	0.00173	0.00289	0.04181	0.00417	0.00399
11	0.05994	0.03536	0.06568	0.12478	0.31177	0.06530	0.03563	0.09476	0.03021	0.04747	0.00880	0.01089	0.00694	0.00476	0.00526	0.00142	0.07810	0.00387	0.00263	0.00642
12	0.00771	0.00394	0.00586	0.00593	0.00595	0.00392	0.00395	0.00593	0.00610	0.00813	0.00906	0.07113	0.00941	0.01563	0.01688	0.80787	0.00384	0.00456	0.00212	0.00209
13	0.01540	0.01158	0.01245	0.00994	0.01315	0.01286	0.00806	0.61154	0.15284	0.02575	0.01314	0.06945	0.01029	0.00617	0.00463	0.00142	0.00459	0.00487	0.00452	0.00734
14	0.05429	0.00966	0.01279	0.03461	0.09058	0.04144	0.10295	0.19130	0.03590	0.16808	0.04232	0.01801	0.07132	0.00608	0.00466	0.00144	0.00468	0.05487	0.04869	0.00632
15	0.08222	0.06040	0.09957	0.03819	0.36896	0.01083	0.02807	0.09701	0.03572	0.08887	0.01020	0.04229	0.00822	0.00482	0.00432	0.00138	0.00506	0.00419	0.00292	0.00676

[dist]
# distance from previous block
# <min> <max>
2	10

[block]
# block no. 6 follows, 57 sequences, length 18
# corresponding to MSA columns:
# 270-287
name=unknown_G
#
# <colnr> <probs for GDERKNQSTAVLIFYWHMCP>
#	G	D	E	R	K	N	Q	S	T	A	V	L	I	F	Y	W	H	M	C	P
0	0.01129	0.09328	0.02442	0.06283	0.03943	0.05562	0.05574	0.04023	0.09591	0.14156	0.03891	0.06623	0.02311	0.13918	0.09019	0.00246	0.00546	0.00530	0.00340	0.00546
1	0.80226	0.00837	0.00655	0.00599	0.00859	0.00964	0.00485	0.01275	0.00779	0.01962	0.00783	0.07487	0.00694	0.00502	0.00305	0.00144	0.00343	0.00330	0.00292	0.00481
2	0.01174	0.35304	0.03680	0.00932	0.01175	0.01423	0.00834	0.12477	0.01034	0.03887	0.00893	0.07662	0.00839	0.00688	0.02660	0.00156	0.23939	0.00410	0.00263	0.00571
3	0.01052	0.00820	0.01057	0.04627	0.04435	0.00673	0.03607	0.01287	0.02557	0.09032	0.00946	0.01066	0.00743	0.00378	0.00366	0.00087	0.00374	0.00318	0.03068	0.63508
4	0.03311	0.14444	0.33839	0.03667	0.06145	0.02340	0.05627	0.01292	0.00982	0.03351	0.09432	0.05872	0.01162	0.01729	0.03008	0.00161	0.02343	0.00452	0.00256	0.00586
5	0.00568	0.00408	0.00527	0.00610	0.00648	0.00381	0.00411	0.00652	0.00885	0.01174	0.06184	0.66540	0.08050	0.08094	0.00715	0.00201	0.00276	0.02898	0.00412	0.00365
6	0.01048	0.01095	0.01468	0.04529	0.01366	0.07929	0.06460	0.01177	0.00777	0.01120	0.00634	0.01002	0.00601	0.00724	0.01292	0.00187	0.67484	0.00398	0.00203	0.00506
7	0.08116	0.04012	0.03837	0.02503	0.11686	0.05032	0.13030	0.02380	0.01920	0.08458	0.05462	0.03420	0.02276	0.06224	0.00812	0.00174	0.19342	0.00473	0.00284	0.00559
8	0.00865	0.00654	0.02114	0.04212	0.08549	0.00651	0.00686	0.06853	0.03535	0.05491	0.15203	0.17843	0.02205	0.04663	0.10640	0.00245	0.00478	0.14236	0.00385	0.00491
9	0.00688	0.00468	0.00565	0.00576	0.00670	0.00431	0.00404	0.00825	0.02947	0.06348	0.17197	0.30370	0.21790	0.13646	0.00810	0.00204	0.00282	0.00955	0.00423	0.00402
10	0.38363	0.00816	0.00887	0.00717	0.01037	0.00815	0.00591	0.01835	0.01073	0.47667	0.01295	0.01199	0.00853	0.00501	0.00381	0.00140	0.00371	0.00366	0.00441	0.00652
11	0.02056	0.05716	0.13982	0.07742	0.04605	0.08491	0.05633	0.14751	0.05479	0.01581	0.02466	0.08426	0.08244	0.00737	0.02790	0.00163	0.02597	0.03646	0.00315	0.00579
12	0.00818	0.00670	0.00853	0.05234	0.08137	0.03913	0.00664	0.03755	0.06506	0.02704	0.15634	0.16643	0.08293	0.01329	0.13509	0.00250	0.00502	0.09732	0.00375	0.00480
13	0.00636	0.00445	0.00588	0.00629	0.00687	0.00446	0.00444	0.00733	0.00826	0.03083	0.02143	0.36971	0.09188	0.15666	0.22656	0.00369	0.00551	0.03212	0.00352	0.00375
14	0.00934	0.00495	0.00706	0.02204	0.00793	0.00498	0.00501	0.00943	0.00789	0.14294	0.01289	0.07000	0.01217	0.09055	0.19721	0.34199	0.00579	0.04110	0.00299	0.00373
15	0.01113	0.01383	0.19825	0.09581	0.24170	0.02748	0.14548	0.11444	0.05029	0.01604	0.00944	0.01185	0.00735	0.03082	0.00519	0.00152	0.00601	0.00422	0.00258	0.00657
16	0.03609	0.05804	0.62653	0.01240	0.03738	0.03319	0.03786	0.01374	0.00937	0.01381	0.00819	0.01032	0.00623	0.03168	0.00545	0.04167	0.00635	0.00347	0.00200	0.00621
17	0.23716	0.04588	0.01388	0.04132	0.17268	0.03114	0.09443	0.10498	0.03725	0.01728	0.03442	0.02610	0.00825	0.00510	0.00516	0.00144	0.08999	0.00400	0.02363	0.00589

[dist]
# distance from previous block
# <min> <max>
1	26

[block]
# block no. 7 follows, 57 sequences, length 15
# corresponding to MSA columns:
# 314-328
name=unknown_H
#
# <colnr> <probs for GDERKNQSTAVLIFYWHMCP>
#	G	D	E	R	K	N	Q	S	T	A	V	L	I	F	Y	W	H	M	C	P
0	0.00720	0.00528	0.00689	0.00679	0.00789	0.00538	0.00517	0.00917	0.04904	0.02580	0.07454	0.07933	0.05406	0.16782	0.28689	0.00404	0.00650	0.12610	0.00332	0.06881
1	0.01059	0.04036	0.06716	0.02264	0.01168	0.00899	0.05273	0.13569	0.09773	0.07501	0.10694	0.01775	0.03975	0.04212	0.17191	0.00273	0.05087	0.00510	0.03460	0.00564
2	0.01139	0.09990	0.26940	0.06494	0.10851	0.03917	0.05269	0.12728	0.01166	0.05636	0.01131	0.04629	0.02693	0.00548	0.00448	0.00142	0.00562	0.04799	0.00283	0.00635
3	0.01780	0.00777	0.01009	0.00790	0.01106	0.00706	0.00646	0.10280	0.01372	0.60792	0.10270	0.01826	0.05277	0.00626	0.00468	0.00141	0.00372	0.00513	0.00536	0.00716
4	0.01034	0.01387	0.27211	0.37634	0.02336	0.01085	0.01299	0.11623	0.02962	0.01559	0.04473	0.01275	0.00841	0.00522	0.00497	0.00156	0.02806	0.00417	0.00266	0.00617
5	0.00889	0.00836	0.03085	0.21307	0.11414	0.02513	0.05654	0.05586	0.00955	0.01293	0.01255	0.09641	0.04587	0.04521	0.16140	0.00273	0.06559	0.00542	0.00264	0.02685
6	0.00971	0.00962	0.01362	0.05713	0.01283	0.01336	0.00990	0.01084	0.00707	0.01093	0.00630	0.01033	0.00616	0.00872	0.04460	0.00216	0.75582	0.00400	0.00200	0.00493
7	0.00621	0.00430	0.00516	0.00546	0.00567	0.00423	0.00338	0.00660	0.00744	0.00989	0.01898	0.26256	0.06413	0.50726	0.06597	0.00368	0.00424	0.00846	0.00323	0.00315
8	0.00714	0.00499	0.00632	0.00653	0.00755	0.00476	0.00488	0.03617	0.03455	0.04645	0.23845	0.35102	0.11215	0.01148	0.00555	0.00168	0.00282	0.10870	0.00449	0.00432
9	0.00820	0.00645	0.00923	0.16346	0.01293	0.00753	0.00729	0.04427	0.00908	0.04862	0.03079	0.32890	0.01698	0.01336	0.12815	0.00256	0.14674	0.00763	0.00324	0.00458
10	0.36196	0.00986	0.00968	0.00788	0.01095	0.01087	0.00647	0.31239	0.04146	0.11204	0.01035	0.01060	0.00746	0.00497	0.00375	0.00137	0.00401	0.00352	0.06409	0.00632
11	0.05187	0.09165	0.03541	0.04913	0.04538	0.16728	0.05235	0.11545	0.21718	0.03267	0.01167	0.02207	0.00913	0.01500	0.00441	0.00137	0.00516	0.00410	0.06256	0.00618
12	0.01258	0.36282	0.05611	0.03823	0.10554	0.18997	0.02020	0.05594	0.01066	0.01246	0.00837	0.02990	0.01932	0.02370	0.00460	0.00127	0.03674	0.00346	0.00231	0.00579
13	0.35555	0.13661	0.07307	0.08158	0.03192	0.01043	0.00739	0.01263	0.00864	0.01587	0.00776	0.02882	0.00663	0.00451	0.00365	0.00125	0.02353	0.01807	0.00254	0.16955
14	0.01222	0.10767	0.15036	0.01270	0.12618	0.01166	0.05795	0.26518	0.03465	0.01879	0.04169	0.01217	0.00901	0.00649	0.04971	0.00165	0.00553	0.00406	0.05421	0.01813

[dist]
# distance from previous block
# <min> <max>
2	5

[block]
# block no. 8 follows, 57 sequences, length 10
# corresponding to MSA columns:
# 342-351
name=unknown_I
#
# <colnr> <probs for GDERKNQSTAVLIFYWHMCP>
#	G	D	E	R	K	N	Q	S	T	A	V	L	I	F	Y	W	H	M	C	P
0	0.20741	0.00793	0.00925	0.00745	0.01055	0.00769	0.00609	0.04724	0.05268	0.49184	0.04965	0.01587	0.05522	0.00579	0.00425	0.00142	0.00365	0.00453	0.00479	0.00670
1	0.01213	0.11051	0.07309	0.08415	0.10701	0.14153	0.04116	0.13032	0.05753	0.03671	0.04934	0.02595	0.02863	0.02522	0.03896	0.00166	0.00578	0.02132	0.00301	0.00597
2	0.00715	0.00526	0.00686	0.00745	0.00838	0.00538	0.00593	0.00981	0.08725	0.01342	0.08047	0.20108	0.02520	0.09028	0.05252	0.00244	0.00411	0.37873	0.00405	0.00423
3	0.00729	0.00793	0.15296	0.00772	0.00947	0.00536	0.00680	0.00932	0.02964	0.06217	0.02189	0.56269	0.04680	0.01152	0.00541	0.00173	0.00352	0.03929	0.00389	0.00459
4	0.00744	0.00533	0.00698	0.00698	0.03551	0.00535	0.00500	0.00937	0.04864	0.04748	0.30979	0.02783	0.15964	0.05848	0.15379	0.07057	0.02679	0.00685	0.00387	0.00430
5	0.01171	0.08657	0.48822	0.01206	0.01737	0.10841	0.05656	0.04503	0.03537	0.08370	0.00917	0.01014	0.00662	0.00450	0.00426	0.00137	0.00637	0.00352	0.00249	0.00656
6	0.00688	0.00430	0.00591	0.00601	0.00635	0.00441	0.00414	0.00665	0.00697	0.00937	0.01464	0.09617	0.07561	0.16535	0.21545	0.35457	0.00579	0.00590	0.00260	0.00292
7	0.01163	0.00832	0.01153	0.00967	0.01174	0.00906	0.08181	0.18232	0.02968	0.12029	0.04153	0.06932	0.01302	0.01231	0.16071	0.00267	0.11121	0.07135	0.03613	0.00570
8	0.12638	0.00945	0.06163	0.04191	0.13997	0.00905	0.06559	0.08257	0.10856	0.05738	0.03747	0.06897	0.06544	0.00683	0.02344	0.00159	0.00451	0.02476	0.05862	0.00589
9	0.01238	0.04455	0.12369	0.05147	0.19560	0.03184	0.08411	0.10042	0.05686	0.13847	0.04561	0.06029	0.02322	0.00551	0.00462	0.00142	0.00514	0.00488	0.00334	0.00658

[dist]
# distance from previous block
# <min> <max>
1	7

[block]
# block no. 9 follows, 57 sequences, length 17
# corresponding to MSA columns:
# 372-388
name=unknown_J
#
# <colnr> <probs for GDERKNQSTAVLIFYWHMCP>
#	G	D	E	R	K	N	Q	S	T	A	V	L	I	F	Y	W	H	M	C	P
0	0.19716	0.00982	0.03682	0.00882	0.01087	0.03341	0.00736	0.17078	0.08369	0.01832	0.05982	0.05158	0.01135	0.00664	0.00648	0.00155	0.18361	0.03672	0.05961	0.00559
1	0.01025	0.15446	0.35583	0.01059	0.01502	0.01149	0.02640	0.05455	0.19732	0.01533	0.01211	0.06028	0.01010	0.00566	0.00435	0.00143	0.00524	0.04026	0.00293	0.00641
2	0.01206	0.09583	0.01126	0.00907	0.08322	0.00811	0.00667	0.09073	0.01210	0.19533	0.15059	0.01947	0.09664	0.00671	0.01795	0.00135	0.00382	0.02095	0.00398	0.15417
3	0.24791	0.34196	0.03639	0.00757	0.01115	0.01266	0.00693	0.06680	0.01027	0.15268	0.00875	0.00913	0.00667	0.00434	0.00334	0.00118	0.00427	0.00295	0.00302	0.06201
4	0.00689	0.00614	0.04302	0.05408	0.00964	0.00562	0.00599	0.00939	0.07617	0.01319	0.08171	0.36073	0.11007	0.01187	0.03953	0.00192	0.02024	0.09609	0.00388	0.04384
5	0.00812	0.00503	0.00638	0.00601	0.00678	0.00506	0.00410	0.00885	0.00758	0.09471	0.01379	0.02393	0.01404	0.48746	0.24863	0.00475	0.00650	0.00572	0.00295	0.03960
6	0.01037	0.00544	0.00679	0.00615	0.00793	0.00479	0.00467	0.01177	0.01107	0.26437	0.15009	0.16703	0.25193	0.04657	0.00591	0.00164	0.00290	0.00808	0.02744	0.00505
7	0.10205	0.00791	0.00974	0.00788	0.01089	0.00756	0.00637	0.08442	0.06232	0.51942	0.04430	0.09058	0.01328	0.00641	0.00452	0.00145	0.00373	0.00524	0.00503	0.00691
8	0.00910	0.00913	0.01700	0.52330	0.02707	0.01025	0.24028	0.01224	0.00969	0.01279	0.05415	0.01330	0.00838	0.00469	0.00511	0.00152	0.02978	0.00465	0.00226	0.00530
9	0.19126	0.00755	0.00900	0.00733	0.01030	0.00719	0.00595	0.01832	0.04471	0.50960	0.05629	0.05268	0.04795	0.00617	0.00433	0.00143	0.00356	0.00493	0.00484	0.00660
10	0.00621	0.00462	0.00578	0.00549	0.00665	0.00419	0.00412	0.00816	0.01235	0.01704	0.66372	0.03572	0.18984	0.00969	0.00535	0.00145	0.00217	0.00846	0.00484	0.00419
11	0.00578	0.00414	0.00531	0.00607	0.00646	0.00388	0.00410	0.00662	0.00884	0.01174	0.07307	0.60058	0.07827	0.12080	0.00799	0.00214	0.00287	0.04365	0.00406	0.00363
12	0.06031	0.01123	0.01672	0.02774	0.01663	0.11009	0.33088	0.01375	0.01045	0.03669	0.00994	0.01414	0.00837	0.00464	0.00454	0.00129	0.00586	0.07176	0.00269	0.24228
13	0.00681	0.00536	0.00817	0.00769	0.00879	0.00571	0.05515	0.00838	0.00785	0.01106	0.01427	0.08819	0.03120	0.10139	0.54066	0.00556	0.00940	0.03813	0.00272	0.04351
14	0.00633	0.00455	0.00586	0.00659	0.00712	0.00439	0.00456	0.05507	0.00970	0.01299	0.06291	0.72600	0.02913	0.01337	0.00570	0.00180	0.00279	0.03290	0.00426	0.00397
15	0.01022	0.00721	0.05431	0.00754	0.00945	0.00644	0.04223	0.11096	0.01112	0.12180	0.03788	0.24153	0.01657	0.04679	0.05567	0.00194	0.00409	0.00688	0.20225	0.00513
16	0.00830	0.04162	0.00833	0.00741	0.00875	0.05725	0.02734	0.06270	0.03159	0.03604	0.09101	0.36367	0.16291	0.01061	0.00571	0.00162	0.04126	0.02535	0.00398	0.00456

[dist]
# distance from previous block
# <min> <max>
0	2

[block]
# block no. 10 follows, 57 sequences, length 19
# corresponding to MSA columns:
# 391-409
name=unknown_K
#
# <colnr> <probs for GDERKNQSTAVLIFYWHMCP>
#	G	D	E	R	K	N	Q	S	T	A	V	L	I	F	Y	W	H	M	C	P
0	0.35165	0.01019	0.04471	0.09462	0.26923	0.01033	0.05629	0.03779	0.00953	0.03527	0.00789	0.00979	0.00619	0.00420	0.00383	0.00138	0.00477	0.00343	0.00260	0.03632
1	0.01558	0.07623	0.03440	0.01263	0.07940	0.56915	0.02799	0.08391	0.01289	0.01318	0.00770	0.00896	0.00628	0.00462	0.00409	0.00120	0.00723	0.00318	0.02571	0.00569
2	0.00752	0.00709	0.04269	0.03840	0.16403	0.00617	0.02354	0.00957	0.02106	0.01379	0.12141	0.20704	0.20334	0.00893	0.00505	0.00149	0.00353	0.03109	0.00359	0.08065
3	0.01136	0.05917	0.02561	0.26179	0.17745	0.02508	0.01025	0.09691	0.06756	0.08100	0.03945	0.03660	0.02987	0.00540	0.00485	0.00142	0.03444	0.00454	0.00304	0.02419
4	0.04309	0.23611	0.01329	0.00788	0.01068	0.01124	0.00663	0.12957	0.14393	0.11542	0.04863	0.01531	0.01153	0.08978	0.03501	0.00179	0.00446	0.01833	0.02097	0.03637
5	0.01960	0.00755	0.01028	0.00794	0.01132	0.00653	0.00653	0.02137	0.01296	0.77371	0.05952	0.01639	0.01287	0.00580	0.00460	0.00140	0.00377	0.00475	0.00558	0.00753
6	0.01287	0.01436	0.06094	0.07609	0.07441	0.31957	0.02709	0.08979	0.05319	0.03388	0.01144	0.08139	0.02866	0.05340	0.01641	0.00163	0.03172	0.00470	0.00290	0.00555
7	0.01040	0.06134	0.13528	0.02368	0.14585	0.02328	0.03644	0.06655	0.12975	0.05855	0.07439	0.11847	0.02925	0.03254	0.03254	0.00174	0.00485	0.00569	0.00338	0.00603
8	0.01144	0.00705	0.00841	0.00754	0.00944	0.00719	0.00579	0.10741	0.15947	0.18143	0.11370	0.16820	0.01983	0.09184	0.00679	0.00183	0.00353	0.05102	0.03246	0.00566
9	0.00743	0.00558	0.00772	0.00797	0.03288	0.00546	0.04651	0.00830	0.00872	0.01176	0.03341	0.22336	0.04288	0.30856	0.11546	0.00354	0.00524	0.11761	0.00352	0.00407
10	0.03287	0.21079	0.05095	0.06703	0.04163	0.05223	0.08133	0.03539	0.18087	0.05250	0.01298	0.06127	0.04024	0.00674	0.03603	0.00160	0.02184	0.00466	0.00308	0.00597
11	0.01061	0.03327	0.16596	0.02454	0.03273	0.06868	0.00876	0.07710	0.21791	0.04686	0.02839	0.07271	0.12223	0.00694	0.00494	0.00148	0.02773	0.02117	0.02196	0.00601
12	0.00647	0.00463	0.00599	0.00600	0.00652	0.00488	0.00419	0.00739	0.00761	0.01042	0.06410	0.02685	0.06885	0.38988	0.33600	0.00509	0.00717	0.03158	0.00290	0.00347
13	0.03126	0.00806	0.03128	0.01028	0.11572	0.00823	0.00702	0.01594	0.33183	0.04132	0.07850	0.16834	0.04575	0.00758	0.00471	0.00151	0.00346	0.00658	0.07674	0.00589
14	0.02581	0.05681	0.16972	0.09278	0.24850	0.01145	0.09190	0.14501	0.04340	0.05706	0.00957	0.01120	0.00721	0.00450	0.00445	0.00139	0.00565	0.00400	0.00280	0.00678
15	0.01084	0.01105	0.07919	0.11101	0.13586	0.06690	0.17326	0.02595	0.05457	0.07417	0.01282	0.03639	0.04787	0.03715	0.03337	0.00179	0.03499	0.02999	0.01705	0.00583
16	0.03891	0.00692	0.00899	0.00841	0.00899	0.00837	0.00653	0.00978	0.04357	0.03623	0.04272	0.25571	0.07988	0.07550	0.01040	0.00202	0.32078	0.02854	0.00327	0.00446
17	0.01110	0.01187	0.15368	0.03024	0.03956	0.04947	0.02992	0.10857	0.05746	0.06991	0.01377	0.03278	0.08687	0.00527	0.00423	0.00119	0.00457	0.00431	0.00320	0.28202
18	0.05323	0.06645	0.06827	0.05995	0.10508	0.01146	0.04912	0.30655	0.05009	0.09111	0.05317	0.04394	0.01040	0.00549	0.00446	0.00139	0.00486	0.00454	0.00369	0.00673

[dist]
# distance from previous block
# <min> <max>
0	23

[block]
# block no. 11 follows, 57 sequences, length 6
# corresponding to MSA columns:
# 437-442
name=unknown_L
#
# <colnr> <probs for GDERKNQSTAVLIFYWHMCP>
#	G	D	E	R	K	N	Q	S	T	A	V	L	I	F	Y	W	H	M	C	P
0	0.05125	0.17591	0.07088	0.09456	0.13551	0.04880	0.00963	0.12069	0.05303	0.08435	0.00980	0.01168	0.00776	0.00488	0.00443	0.00131	0.03292	0.02533	0.00296	0.05433
1	0.16336	0.09432	0.13336	0.00855	0.01154	0.11312	0.02344	0.03879	0.06536	0.03074	0.04975	0.06573	0.07344	0.03743	0.00501	0.00148	0.02125	0.00470	0.02914	0.02950
2	0.00826	0.00693	0.00936	0.09152	0.06547	0.00642	0.03130	0.04497	0.01003	0.01405	0.08251	0.14829	0.10113	0.06242	0.02970	0.00164	0.00397	0.00619	0.00325	0.27258
3	0.00909	0.10896	0.07384	0.00719	0.01023	0.00783	0.00632	0.01143	0.04239	0.03830	0.09264	0.01814	0.11834	0.06804	0.00592	0.00135	0.04149	0.00467	0.00310	0.33072
4	0.00641	0.00456	0.00586	0.00587	0.00637	0.00473	0.00402	0.00733	0.00797	0.01097	0.12584	0.07018	0.05783	0.37736	0.28033	0.00465	0.00642	0.00673	0.00310	0.00349
5	0.00989	0.00886	0.04005	0.00939	0.07221	0.03731	0.03633	0.06459	0.04951	0.03729	0.05951	0.04999	0.03427	0.08522	0.03410	0.00165	0.00440	0.02978	0.00318	0.33246

[dist]
# distance from previous block
# <min> <max>
0	1

[block]
# block no. 12 follows, 57 sequences, length 15
# corresponding to MSA columns:
# 444-458
name=unknown_M
#
# <colnr> <probs for GDERKNQSTAVLIFYWHMCP>
#	G	D	E	R	K	N	Q	S	T	A	V	L	I	F	Y	W	H	M	C	P
0	0.00997	0.05780	0.05935	0.00897	0.01124	0.00890	0.06698	0.19715	0.06518	0.01625	0.03226	0.18083	0.03168	0.08168	0.12904	0.00263	0.00560	0.02559	0.00352	0.00537
1	0.05102	0.15205	0.05338	0.00792	0.01199	0.00934	0.03542	0.07580	0.01031	0.01541	0.00795	0.00917	0.00651	0.00372	0.00347	0.00088	0.00407	0.00287	0.00266	0.53607
2	0.00655	0.02322	0.00627	0.00647	0.00708	0.00477	0.00450	0.05244	0.00940	0.01257	0.06140	0.60849	0.04351	0.06205	0.04524	0.02391	0.00336	0.01087	0.00399	0.00391
3	0.00605	0.00453	0.00569	0.00639	0.00707	0.00433	0.00453	0.00783	0.06051	0.01263	0.06856	0.58148	0.13021	0.01294	0.00566	0.00178	0.00274	0.06881	0.00427	0.00399
4	0.01545	0.02025	0.06686	0.01292	0.01589	0.64314	0.13262	0.01729	0.01229	0.01184	0.00742	0.00890	0.00599	0.00451	0.00430	0.00124	0.00799	0.00333	0.00230	0.00548
5	0.00655	0.00441	0.00509	0.00512	0.00517	0.00445	0.00296	0.00667	0.00669	0.00896	0.01445	0.05153	0.01655	0.77090	0.06895	0.00449	0.00479	0.00666	0.00277	0.00285
6	0.00707	0.00506	0.00598	0.00620	0.00729	0.00482	0.00449	0.04537	0.05574	0.04283	0.06768	0.42480	0.24015	0.01170	0.00539	0.00166	0.00273	0.02336	0.03337	0.00431
7	0.08653	0.08317	0.01439	0.01122	0.04637	0.06368	0.16594	0.04782	0.04024	0.02601	0.00881	0.01232	0.00768	0.04760	0.05213	0.16101	0.11354	0.00413	0.00248	0.00493
8	0.00620	0.00435	0.00562	0.00606	0.00636	0.00442	0.00406	0.00690	0.00767	0.01037	0.01824	0.32941	0.02088	0.33727	0.17540	0.00392	0.00527	0.04090	0.00329	0.00341
9	0.00783	0.00470	0.00622	0.00671	0.00753	0.00440	0.00474	0.00921	0.03701	0.12393	0.02373	0.67302	0.02669	0.01267	0.00558	0.00178	0.00288	0.03257	0.00441	0.00438
10	0.00570	0.00416	0.00529	0.00599	0.00651	0.00384	0.00410	0.00668	0.00931	0.01235	0.12246	0.58258	0.12862	0.05678	0.00660	0.00189	0.00265	0.02654	0.00422	0.00373
11	0.00741	0.00704	0.06186	0.10526	0.03232	0.00612	0.06667	0.00925	0.00950	0.03622	0.05866	0.39151	0.09598	0.00999	0.00547	0.00164	0.02038	0.03015	0.00357	0.04101
12	0.01382	0.00798	0.00931	0.00799	0.01057	0.00824	0.00630	0.04504	0.33567	0.30226	0.01892	0.07281	0.03838	0.00656	0.00454	0.00145	0.00347	0.00546	0.09450	0.00673
13	0.00696	0.00582	0.05770	0.00588	0.00745	0.00451	0.00479	0.00860	0.01046	0.06031	0.17663	0.21126	0.32810	0.01033	0.00515	0.00152	0.00270	0.00889	0.07861	0.00432
14	0.01043	0.15262	0.23067	0.01329	0.04789	0.01095	0.25877	0.01375	0.01014	0.05952	0.06100	0.03044	0.00973	0.00639	0.05197	0.00172	0.00636	0.00452	0.00255	0.01730

[dist]
# distance from previous block
# <min> <max>
3	22

[block]
# block no. 13 follows, 57 sequences, length 7
# corresponding to MSA columns:
# 481-487
name=unknown_N
#
# <colnr> <probs for GDERKNQSTAVLIFYWHMCP>
#	G	D	E	R	K	N	Q	S	T	A	V	L	I	F	Y	W	H	M	C	P
0	0.03561	0.00759	0.01022	0.05508	0.10809	0.00737	0.02970	0.07626	0.05370	0.08441	0.08236	0.17714	0.05428	0.00816	0.03370	0.00158	0.00408	0.00627	0.00365	0.16075
1	0.01175	0.17551	0.19458	0.07415	0.01520	0.01093	0.04462	0.06039	0.10385	0.12419	0.02873	0.03997	0.02420	0.00518	0.00420	0.00132	0.00492	0.00421	0.00315	0.06897
2	0.03674	0.03591	0.05053	0.01078	0.11794	0.00777	0.04832	0.07475	0.06074	0.04585	0.16341	0.19644	0.03793	0.00987	0.05818	0.00190	0.00442	0.02940	0.00374	0.00538
3	0.00720	0.00500	0.00605	0.00594	0.00637	0.00532	0.00390	0.00865	0.09098	0.01010	0.01364	0.02438	0.01431	0.51218	0.17342	0.09483	0.00574	0.00583	0.00280	0.00338
4	0.01125	0.00937	0.01290	0.22138	0.08273	0.04023	0.06690	0.13652	0.09828	0.06811	0.07964	0.05547	0.03629	0.00623	0.00511	0.00150	0.03095	0.02776	0.00345	0.00593
5	0.01081	0.05028	0.02753	0.05467	0.04637	0.08318	0.07616	0.04716	0.05824	0.10761	0.15052	0.02085	0.08221	0.00956	0.09122	0.00204	0.00532	0.04006	0.03075	0.00547
6	0.00576	0.00408	0.00537	0.00631	0.00661	0.00387	0.00428	0.00657	0.00858	0.01142	0.02377	0.69458	0.02826	0.10145	0.00765	0.00213	0.00293	0.06871	0.00405	0.00362

[dist]
# distance from previous block
# <min> <max>
8	14

[block]
# block no. 14 follows, 57 sequences, length 19
# corresponding to MSA columns:
# 504-522
name=unknown_O
#
# <colnr> <probs for GDERKNQSTAVLIFYWHMCP>
#	G	D	E	R	K	N	Q	S	T	A	V	L	I	F	Y	W	H	M	C	P
0	0.02433	0.01137	0.13626	0.00886	0.01190	0.07480	0.00799	0.13667	0.05480	0.12547	0.03927	0.08802	0.04915	0.04517	0.00565	0.00154	0.02469	0.04056	0.02975	0.08376
1	0.00677	0.00437	0.00606	0.00615	0.00656	0.00455	0.00430	0.00695	0.00737	0.01010	0.06646	0.10924	0.04449	0.16302	0.26805	0.26723	0.00626	0.00613	0.00277	0.00316
2	0.01125	0.18489	0.06565	0.06279	0.06672	0.13469	0.10177	0.05538	0.01076	0.03428	0.03831	0.13345	0.03446	0.00629	0.00487	0.00139	0.03945	0.00526	0.00280	0.00555
3	0.02242	0.11189	0.39699	0.01346	0.09078	0.03334	0.09919	0.06153	0.01069	0.04856	0.01045	0.01245	0.03675	0.00481	0.00437	0.00139	0.00601	0.02599	0.00248	0.00644
4	0.03447	0.00641	0.02935	0.00731	0.00901	0.00604	0.00573	0.05063	0.02296	0.17028	0.01651	0.23257	0.01606	0.07301	0.23519	0.00334	0.00599	0.01894	0.00372	0.05248
5	0.00740	0.00582	0.00630	0.00683	0.00751	0.07784	0.00477	0.00839	0.00957	0.04917	0.08882	0.60474	0.02740	0.04271	0.00618	0.00182	0.00325	0.03331	0.00411	0.00404
6	0.01282	0.31789	0.18746	0.01136	0.08611	0.03603	0.03255	0.08476	0.02862	0.11732	0.00949	0.02349	0.00741	0.00457	0.00390	0.00123	0.00525	0.00352	0.00280	0.02342
7	0.02421	0.04984	0.17672	0.11278	0.19395	0.04029	0.11660	0.03528	0.03921	0.01414	0.01062	0.02934	0.00926	0.02847	0.03026	0.00173	0.00603	0.07275	0.00253	0.00599
8	0.00654	0.00523	0.00563	0.00546	0.00696	0.00477	0.00409	0.07803	0.01130	0.01414	0.10773	0.15359	0.55800	0.01112	0.00534	0.00155	0.00257	0.00942	0.00431	0.00419
9	0.51983	0.01011	0.03563	0.00732	0.01041	0.08247	0.00616	0.01632	0.00976	0.24938	0.00978	0.00984	0.00684	0.00466	0.00348	0.00138	0.00414	0.00313	0.00354	0.00581
10	0.04994	0.06475	0.25964	0.04493	0.12518	0.01053	0.18793	0.01400	0.03984	0.03926	0.06725	0.03651	0.01002	0.00498	0.00481	0.00144	0.02567	0.00456	0.00259	0.00618
11	0.00783	0.00721	0.06096	0.11535	0.08224	0.00632	0.03874	0.00991	0.01014	0.05023	0.08202	0.18050	0.19196	0.00940	0.00529	0.00164	0.00396	0.12786	0.00365	0.00479
12	0.00753	0.00539	0.00710	0.00680	0.00762	0.00595	0.00500	0.07883	0.00851	0.01185	0.04238	0.02095	0.01349	0.25553	0.46472	0.03762	0.00865	0.00536	0.00279	0.00394
13	0.00700	0.00492	0.00568	0.00564	0.00598	0.00512	0.00354	0.00836	0.07879	0.01004	0.01500	0.04777	0.01640	0.65719	0.08604	0.00425	0.00491	0.02711	0.00296	0.00331
14	0.46012	0.08296	0.02367	0.00755	0.01049	0.15990	0.00623	0.02991	0.00952	0.05294	0.00794	0.03929	0.00661	0.00465	0.00335	0.00127	0.00453	0.00309	0.00283	0.08314
15	0.03129	0.00574	0.04086	0.00568	0.00729	0.00482	0.00458	0.00887	0.04719	0.02501	0.18452	0.10731	0.39447	0.00992	0.00505	0.00150	0.00263	0.02696	0.08202	0.00431
16	0.05017	0.00999	0.04316	0.08061	0.09109	0.04941	0.13400	0.05421	0.01057	0.03743	0.05308	0.08642	0.01076	0.00530	0.00460	0.00126	0.02272	0.00475	0.00291	0.24756
17	0.00958	0.00840	0.01267	0.17638	0.13396	0.00801	0.08753	0.02261	0.03182	0.04655	0.02709	0.01642	0.12691	0.00523	0.00439	0.00123	0.00450	0.00469	0.00290	0.26914
18	0.03589	0.00932	0.04820	0.09301	0.08138	0.00800	0.13178	0.01230	0.03141	0.01464	0.04710	0.03175	0.00921	0.00516	0.02748	0.00128	0.00480	0.00401	0.00268	0.40061

[dist]
# distance from previous block
# <min> <max>
3	23

[block]
# block no. 15 follows, 57 sequences, length 8
# corresponding to MSA columns:
# 549-556
name=unknown_P
#
# <colnr> <probs for GDERKNQSTAVLIFYWHMCP>
#	G	D	E	R	K	N	Q	S	T	A	V	L	I	F	Y	W	H	M	C	P
0	0.17288	0.22256	0.04404	0.06950	0.01432	0.29485	0.04775	0.03819	0.03381	0.01376	0.00737	0.00867	0.00601	0.00439	0.00369	0.00123	0.00602	0.00302	0.00241	0.00554
1	0.00670	0.00536	0.00617	0.00688	0.00768	0.04526	0.00522	0.00793	0.00958	0.01212	0.02641	0.37298	0.14918	0.06142	0.00680	0.00199	0.00345	0.25698	0.00402	0.00388
