[name]
unknown

[dist]
# distance from previous block
# <min> <max>
0	106

[block]
# block no. 0 follows, 58 sequences, length 8
# corresponding to MSA columns:
# 122-125,127-130
name=unknown_A
#
# <colnr> <probs for GDERKNQSTAVLIFYWHMCP>
#	G	D	E	R	K	N	Q	S	T	A	V	L	I	F	Y	W	H	M	C	P
0	0.01187	0.00958	0.03654	0.09382	0.07397	0.03353	0.00895	0.23683	0.03991	0.06853	0.01446	0.02339	0.01318	0.00736	0.00543	0.00159	0.04384	0.24433	0.00370	0.02917
1	0.04109	0.01119	0.07183	0.01092	0.10775	0.05266	0.00823	0.29127	0.01369	0.04449	0.02489	0.01238	0.04139	0.00558	0.00494	0.05288	0.00457	0.00390	0.02879	0.16758
2	0.00840	0.07005	0.00921	0.05706	0.10706	0.00703	0.00577	0.01004	0.05550	0.03471	0.01369	0.02388	0.02845	0.45243	0.01418	0.00295	0.00443	0.05221	0.00285	0.04011
3	0.00988	0.04903	0.00898	0.02073	0.06951	0.04306	0.00592	0.05409	0.02777	0.12539	0.08250	0.26917	0.05093	0.11119	0.00711	0.00185	0.00374	0.02842	0.00384	0.02688
4	0.07102	0.02394	0.12088	0.02123	0.06833	0.04477	0.05332	0.23756	0.06494	0.03326	0.01185	0.01321	0.05389	0.03029	0.02046	0.00158	0.06431	0.00422	0.01406	0.04689
5	0.04907	0.00663	0.00866	0.04177	0.00989	0.00701	0.02882	0.06548	0.03367	0.01302	0.02476	0.05875	0.01175	0.14444	0.21887	0.05655	0.05551	0.02503	0.00282	0.13751
6	0.13286	0.06098	0.06222	0.05388	0.31125	0.03155	0.07033	0.10752	0.03781	0.04993	0.00892	0.01052	0.00694	0.00431	0.00413	0.00133	0.00513	0.00372	0.00275	0.03393
7	0.04724	0.18857	0.10106	0.15949	0.03146	0.02362	0.02922	0.04445	0.06449	0.10444	0.04671	0.02910	0.00945	0.00490	0.00399	0.00127	0.00471	0.00394	0.04011	0.06177

[dist]
# distance from previous block
# <min> <max>
0	1

[block]
# block no. 1 follows, 58 sequences, length 6
# corresponding to MSA columns:
# 132-137
name=unknown_B
#
# <colnr> <probs for GDERKNQSTAVLIFYWHMCP>
#	G	D	E	R	K	N	Q	S	T	A	V	L	I	F	Y	W	H	M	C	P
0	0.01017	0.00692	0.00777	0.00668	0.00894	0.00672	0.00526	0.12427	0.11526	0.13318	0.13675	0.02824	0.33844	0.00832	0.00488	0.00142	0.00306	0.00691	0.00449	0.04232
1	0.01108	0.03755	0.17297	0.07117	0.20429	0.02734	0.13807	0.10473	0.07173	0.03492	0.00983	0.01179	0.00760	0.00671	0.06878	0.00185	0.00631	0.00415	0.00267	0.00643
2	0.01172	0.13511	0.17043	0.00929	0.02915	0.03129	0.02648	0.02964	0.05696	0.17773	0.03924	0.07281	0.01090	0.00781	0.07323	0.00177	0.00522	0.00448	0.00327	0.10346
3	0.45079	0.15491	0.01098	0.04492	0.01084	0.13119	0.00639	0.01312	0.00850	0.01528	0.00651	0.00820	0.00546	0.00524	0.00476	0.06934	0.04359	0.00274	0.00241	0.00483
4	0.01382	0.43936	0.05485	0.00958	0.01338	0.07618	0.06505	0.18634	0.01238	0.07810	0.00844	0.00910	0.00664	0.00437	0.00367	0.00115	0.00526	0.00320	0.00281	0.00631
5	0.00711	0.00556	0.00707	0.03571	0.04958	0.00569	0.00539	0.01049	0.15572	0.01407	0.13244	0.42962	0.06969	0.01055	0.00521	0.00162	0.00292	0.00941	0.03757	0.00460

[dist]
# distance from previous block
# <min> <max>
0	5

[block]
# block no. 2 follows, 58 sequences, length 8
# corresponding to MSA columns:
# 143-150
name=unknown_C
#
# <colnr> <probs for GDERKNQSTAVLIFYWHMCP>
#	G	D	E	R	K	N	Q	S	T	A	V	L	I	F	Y	W	H	M	C	P
0	0.03341	0.00733	0.00795	0.00692	0.00891	0.07539	0.00539	0.03798	0.04868	0.21542	0.39956	0.02543	0.09395	0.00767	0.00486	0.00139	0.00324	0.00646	0.00470	0.00536
1	0.00601	0.00492	0.00538	0.00545	0.00682	0.00450	0.00410	0.00822	0.07803	0.01316	0.10675	0.14058	0.53217	0.01109	0.00533	0.00157	0.00251	0.05505	0.00425	0.00410
2	0.00646	0.00451	0.00552	0.00559	0.00667	0.00403	0.00407	0.00784	0.01065	0.05588	0.29246	0.28164	0.27594	0.01112	0.00537	0.00156	0.00240	0.00973	0.00448	0.00408
3	0.00824	0.04051	0.00914	0.00770	0.00891	0.00715	0.05183	0.07608	0.00874	0.01254	0.01174	0.03273	0.01099	0.12783	0.37926	0.04382	0.05486	0.00487	0.09878	0.00430
4	0.00698	0.00634	0.06556	0.02866	0.00906	0.00534	0.01963	0.00946	0.07733	0.03449	0.10563	0.43324	0.07750	0.03657	0.00592	0.00177	0.00326	0.06484	0.00400	0.00440
5	0.25718	0.03633	0.01096	0.13422	0.05036	0.04015	0.00775	0.22272	0.07498	0.03609	0.01057	0.08088	0.00885	0.00554	0.00403	0.00141	0.00446	0.00430	0.00335	0.00587
6	0.00883	0.00791	0.01127	0.30588	0.06452	0.02307	0.00892	0.04289	0.00928	0.01269	0.06564	0.01639	0.03435	0.09035	0.04670	0.00202	0.13553	0.02129	0.00257	0.08989
7	0.04837	0.35548	0.13518	0.03584	0.01405	0.09374	0.07269	0.06489	0.03401	0.03229	0.00864	0.03528	0.00743	0.03898	0.00452	0.00134	0.00544	0.00358	0.00245	0.00579

[dist]
# distance from previous block
# <min> <max>
1	25

[block]
# block no. 3 follows, 58 sequences, length 6
# corresponding to MSA columns:
# 176-181
name=unknown_D
#
# <colnr> <probs for GDERKNQSTAVLIFYWHMCP>
#	G	D	E	R	K	N	Q	S	T	A	V	L	I	F	Y	W	H	M	C	P
0	0.00851	0.00719	0.02774	0.04433	0.12346	0.00740	0.02731	0.01098	0.06604	0.05227	0.05856	0.12800	0.09891	0.06685	0.08908	0.00236	0.09295	0.07979	0.00332	0.00494
1	0.01280	0.00945	0.05120	0.00888	0.01274	0.00785	0.08034	0.06717	0.08863	0.21925	0.01169	0.01187	0.00847	0.00437	0.00404	0.00109	0.00412	0.00372	0.00361	0.38872
2	0.00694	0.00499	0.00592	0.00591	0.00705	0.00473	0.00428	0.00929	0.08706	0.05193	0.23145	0.25464	0.23259	0.06462	0.00643	0.00175	0.00265	0.00915	0.00436	0.00428
3	0.00938	0.04571	0.12781	0.08432	0.19609	0.02522	0.02689	0.01297	0.09128	0.04688	0.08041	0.04227	0.13644	0.00767	0.04578	0.00170	0.00492	0.00542	0.00310	0.00574
4	0.00743	0.00472	0.00612	0.00608	0.00721	0.00430	0.00454	0.00900	0.01106	0.09735	0.36319	0.26497	0.12450	0.01064	0.00538	0.00158	0.00257	0.06039	0.00462	0.00434
5	0.00953	0.01043	0.11203	0.11263	0.19118	0.00930	0.10606	0.04205	0.07765	0.01534	0.13416	0.01771	0.01404	0.00582	0.00514	0.00147	0.03869	0.05540	0.03554	0.00583

[dist]
# distance from previous block
# <min> <max>
0	10

[block]
# block no. 4 follows, 58 sequences, length 15
# corresponding to MSA columns:
# 199-213
name=unknown_E
#
# <colnr> <probs for GDERKNQSTAVLIFYWHMCP>
#	G	D	E	R	K	N	Q	S	T	A	V	L	I	F	Y	W	H	M	C	P
0	0.02025	0.07252	0.11711	0.10661	0.08349	0.04750	0.00890	0.03945	0.01028	0.03917	0.10440	0.01665	0.09445	0.00589	0.00517	0.00132	0.07456	0.01540	0.00290	0.13399
1	0.52004	0.08134	0.12208	0.00909	0.06540	0.01096	0.02801	0.06829	0.00922	0.01836	0.00706	0.00823	0.00547	0.00418	0.00329	0.00133	0.00433	0.00284	0.00264	0.02783
2	0.18027	0.01383	0.11558	0.02378	0.10362	0.18043	0.07678	0.07045	0.03337	0.08716	0.00888	0.01017	0.00675	0.00526	0.02126	0.00149	0.04855	0.00357	0.00281	0.00598
3	0.00825	0.00759	0.01016	0.00882	0.02388	0.05207	0.12021	0.01185	0.12387	0.01579	0.35760	0.02726	0.15241	0.00797	0.00544	0.00147	0.03288	0.02351	0.00405	0.00494
4	0.00808	0.00651	0.01778	0.00818	0.05276	0.00683	0.00567	0.04582	0.16478	0.01334	0.05242	0.18526	0.02815	0.24294	0.06555	0.00277	0.03490	0.05016	0.00354	0.00458
5	0.05986	0.01327	0.03559	0.01533	0.01902	0.13909	0.47282	0.09502	0.01159	0.01533	0.00900	0.01203	0.00710	0.00455	0.00533	0.00147	0.04729	0.02786	0.00256	0.00589
6	0.01194	0.01165	0.01024	0.00925	0.01161	0.18739	0.00716	0.05244	0.50018	0.01685	0.05061	0.01775	0.05754	0.00633	0.00456	0.00144	0.00447	0.02826	0.00404	0.00630
7	0.01010	0.00926	0.01343	0.35904	0.23447	0.05147	0.01093	0.04213	0.05137	0.03206	0.01101	0.04865	0.02740	0.00527	0.00452	0.00142	0.00526	0.03193	0.00262	0.04766
8	0.04332	0.00491	0.00652	0.02128	0.00731	0.00550	0.00468	0.00781	0.00700	0.01033	0.01199	0.02021	0.01206	0.28251	0.42131	0.06364	0.02842	0.00511	0.03257	0.00354
9	0.87439	0.00865	0.00657	0.00588	0.00865	0.01003	0.00484	0.01315	0.00761	0.02007	0.00623	0.00727	0.00484	0.00415	0.00277	0.00138	0.00346	0.00242	0.00277	0.00484
10	0.01607	0.00940	0.02521	0.03171	0.01196	0.07176	0.00720	0.14199	0.01358	0.42186	0.13908	0.01630	0.01445	0.00608	0.00515	0.00140	0.05072	0.00479	0.00465	0.00665
11	0.00594	0.00423	0.00516	0.00557	0.00597	0.00405	0.00366	0.00661	0.00820	0.01084	0.06507	0.35109	0.12060	0.31828	0.04686	0.00292	0.00360	0.02440	0.00359	0.00337
12	0.01051	0.00959	0.03082	0.21152	0.26227	0.03717	0.05391	0.01301	0.00987	0.06760	0.00948	0.04601	0.00783	0.00449	0.00427	0.00124	0.00503	0.00409	0.00257	0.20872
13	0.00893	0.00832	0.01152	0.01012	0.01042	0.01105	0.00836	0.01022	0.00824	0.01247	0.15651	0.01712	0.01411	0.00829	0.01198	0.00183	0.59690	0.05723	0.03167	0.00469
14	0.04175	0.20937	0.10977	0.06883	0.08929	0.02956	0.02772	0.25465	0.02770	0.04354	0.01002	0.01125	0.02814	0.02431	0.00447	0.00135	0.00513	0.00373	0.00302	0.00641

[dist]
# distance from previous block
# <min> <max>
0	1

[block]
# block no. 5 follows, 58 sequences, length 13
# corresponding to MSA columns:
# 215-227
name=unknown_F
#
# <colnr> <probs for GDERKNQSTAVLIFYWHMCP>
#	G	D	E	R	K	N	Q	S	T	A	V	L	I	F	Y	W	H	M	C	P
0	0.01155	0.31748	0.09844	0.01036	0.05960	0.04001	0.04226	0.08305	0.19469	0.01462	0.01044	0.01205	0.00860	0.03243	0.00493	0.02846	0.00490	0.01717	0.00285	0.00613
1	0.00611	0.00422	0.00538	0.00602	0.00662	0.00395	0.00433	0.00689	0.00884	0.01169	0.04024	0.42322	0.16061	0.03834	0.00739	0.09707	0.00291	0.11795	0.04467	0.00355
2	0.00585	0.00471	0.00507	0.00501	0.00637	0.00419	0.00372	0.00763	0.04391	0.01348	0.18721	0.07591	0.55469	0.03236	0.00567	0.00157	0.00235	0.00893	0.02740	0.00398
3	0.68244	0.08735	0.00896	0.00673	0.00959	0.08327	0.00560	0.04662	0.00876	0.01872	0.00648	0.00748	0.00512	0.00421	0.00296	0.00132	0.00405	0.00253	0.00272	0.00507
4	0.00898	0.00845	0.01441	0.07682	0.32452	0.00852	0.12321	0.01138	0.01024	0.01413	0.12623	0.08166	0.07843	0.00670	0.00537	0.00150	0.04001	0.05087	0.00298	0.00559
5	0.01009	0.00991	0.05493	0.10265	0.25296	0.00875	0.05037	0.04450	0.03490	0.01481	0.00866	0.01070	0.00700	0.00446	0.01971	0.00121	0.00482	0.00353	0.00252	0.35352
6	0.00676	0.00441	0.00617	0.00620	0.00657	0.00476	0.00435	0.00698	0.00669	0.00928	0.01177	0.04249	0.01212	0.23894	0.38026	0.23391	0.00759	0.00522	0.00241	0.00311
7	0.87439	0.00865	0.00657	0.00588	0.00865	0.01003	0.00484	0.01315	0.00761	0.02007	0.00623	0.00727	0.00484	0.00415	0.00277	0.00138	0.00346	0.00242	0.00277	0.00484
8	0.01496	0.01202	0.04385	0.01071	0.03480	0.01275	0.03432	0.56545	0.11623	0.02459	0.01149	0.01174	0.00838	0.00539	0.00474	0.00138	0.02929	0.00417	0.04655	0.00719
9	0.01047	0.01056	0.01957	0.14507	0.44100	0.01058	0.24205	0.01348	0.01008	0.01405	0.00852	0.01143	0.00682	0.00397	0.00465	0.00138	0.00600	0.00432	0.00221	0.03379
10	0.00643	0.00460	0.00555	0.00548	0.00663	0.00415	0.00410	0.00800	0.01101	0.03827	0.36939	0.11162	0.28380	0.04575	0.00604	0.00163	0.00247	0.05348	0.02758	0.00405
11	0.00941	0.00873	0.05742	0.12375	0.01381	0.01789	0.06271	0.07988	0.11223	0.03214	0.02621	0.08162	0.08226	0.08702	0.02366	0.02889	0.02960	0.00548	0.00319	0.11410
12	0.05781	0.00718	0.00832	0.00712	0.00937	0.00719	0.00559	0.14283	0.06801	0.26445	0.01698	0.14576	0.03127	0.03162	0.00489	0.00148	0.00340	0.00576	0.17508	0.00589

[dist]
# distance from previous block
# <min> <max>
2	72

[block]
# block no. 6 follows, 58 sequences, length 31
# corresponding to MSA columns:
# 300-314,319-334
name=unknown_G
#
# <colnr> <probs for GDERKNQSTAVLIFYWHMCP>
#	G	D	E	R	K	N	Q	S	T	A	V	L	I	F	Y	W	H	M	C	P
0	0.82724	0.00866	0.00695	0.00642	0.02612	0.00993	0.00509	0.01345	0.00784	0.04661	0.00666	0.00761	0.00510	0.00420	0.00286	0.00138	0.00351	0.00253	0.00285	0.00499
1	0.00696	0.00427	0.00575	0.00575	0.00593	0.00444	0.00379	0.00658	0.00640	0.00871	0.01123	0.02074	0.01192	0.35027	0.19832	0.33290	0.00586	0.00513	0.00235	0.00270
2	0.05230	0.00522	0.00645	0.00594	0.00738	0.00488	0.00450	0.01035	0.02665	0.12319	0.50124	0.09002	0.10266	0.03257	0.00556	0.00153	0.00254	0.00769	0.00470	0.00463
3	0.00802	0.00722	0.00992	0.00905	0.00951	0.02325	0.00726	0.00925	0.00720	0.01053	0.01042	0.01541	0.03519	0.05975	0.39287	0.00448	0.36942	0.00461	0.00228	0.00434
4	0.00599	0.00445	0.00537	0.00550	0.00653	0.00396	0.00396	0.00730	0.01035	0.02637	0.26305	0.29468	0.28894	0.02831	0.00572	0.00162	0.00241	0.00982	0.00434	0.02133
5	0.00548	0.00392	0.00522	0.00621	0.00649	0.00365	0.00415	0.00630	0.00870	0.01164	0.05136	0.81254	0.03001	0.01385	0.00569	0.00180	0.00258	0.01256	0.00418	0.00365
6	0.01153	0.00895	0.01425	0.13401	0.01613	0.00988	0.14798	0.01358	0.00932	0.17162	0.00976	0.01219	0.00758	0.02147	0.02905	0.00171	0.25470	0.00421	0.01699	0.10509
7	0.00892	0.00757	0.00889	0.00659	0.01021	0.00574	0.00519	0.01079	0.00921	0.01428	0.00952	0.08746	0.00879	0.00432	0.00354	0.00077	0.00325	0.00360	0.00279	0.78857
8	0.01176	0.01011	0.01046	0.00926	0.01187	0.02846	0.00724	0.09178	0.72115	0.01938	0.01731	0.01599	0.01296	0.00598	0.00453	0.00149	0.00376	0.00492	0.00450	0.00709
9	0.01017	0.00830	0.00963	0.00695	0.01088	0.00660	0.00559	0.07352	0.01029	0.03707	0.00843	0.00955	0.00682	0.00353	0.00344	0.00074	0.00345	0.00281	0.00287	0.77936
10	0.00986	0.09416	0.70396	0.01203	0.01822	0.01081	0.01519	0.01453	0.00960	0.05958	0.00842	0.00957	0.00598	0.00429	0.00414	0.00137	0.00629	0.00329	0.00210	0.00659
11	0.00669	0.00535	0.00609	0.00680	0.00738	0.04801	0.00472	0.03497	0.03631	0.01227	0.02299	0.71861	0.02692	0.01290	0.00555	0.00176	0.00304	0.03158	0.00408	0.00398
12	0.00777	0.00389	0.00583	0.00583	0.00583	0.00389	0.00389	0.00583	0.00583	0.00777	0.00777	0.01360	0.00777	0.01554	0.01748	0.86985	0.00389	0.00389	0.00194	0.00194
13	0.01161	0.00985	0.01039	0.00920	0.01182	0.01135	0.00720	0.08799	0.74180	0.01950	0.01759	0.01620	0.01315	0.00601	0.00455	0.00150	0.00365	0.00497	0.00455	0.00712
14	0.00844	0.00754	0.05538	0.06636	0.01168	0.03546	0.08680	0.04878	0.01047	0.06574	0.10496	0.36894	0.06627	0.00971	0.00524	0.00161	0.00393	0.03415	0.00380	0.00474
15	0.01417	0.01122	0.01094	0.00920	0.01194	0.12628	0.00728	0.24229	0.26606	0.12506	0.11370	0.01566	0.01404	0.00598	0.00454	0.00138	0.00444	0.00476	0.00439	0.00667
16	0.00549	0.00392	0.00523	0.00620	0.00650	0.00366	0.00416	0.00633	0.00875	0.01172	0.06123	0.80243	0.03017	0.01379	0.00569	0.00180	0.00257	0.01250	0.00419	0.00366
17	0.01014	0.02448	0.01019	0.02299	0.03093	0.01907	0.00606	0.08433	0.04010	0.01571	0.00900	0.03187	0.00756	0.00396	0.00358	0.00083	0.00364	0.00319	0.00289	0.66948
18	0.00972	0.00969	0.01369	0.05292	0.01270	0.01351	0.00992	0.01080	0.00696	0.01080	0.00598	0.00989	0.00588	0.00766	0.01417	0.00193	0.79301	0.00392	0.00196	0.00490
19	0.00845	0.00795	0.01342	0.83204	0.03081	0.00994	0.01242	0.01143	0.00894	0.01143	0.00795	0.01193	0.00596	0.00447	0.00447	0.00149	0.00596	0.00398	0.00199	0.00497
20	0.01113	0.00961	0.01011	0.00910	0.01163	0.01113	0.00708	0.02377	0.80681	0.01871	0.01821	0.01669	0.01365	0.00607	0.00455	0.00152	0.00354	0.00506	0.00455	0.00708
21	0.01056	0.01207	0.02640	0.01885	0.02338	0.01131	0.79864	0.01433	0.01056	0.01433	0.00905	0.01207	0.00679	0.00377	0.00528	0.00151	0.00754	0.00528	0.00226	0.00603
22	0.00554	0.00454	0.00488	0.00480	0.00620	0.00388	0.00360	0.00691	0.01080	0.01351	0.23218	0.04070	0.62532	0.01080	0.00528	0.00149	0.00223	0.00911	0.00434	0.00388
23	0.00564	0.00420	0.00525	0.00571	0.00644	0.00381	0.00401	0.00682	0.00994	0.01320	0.22640	0.46558	0.20222	0.01221	0.00551	0.00165	0.00240	0.01085	0.00435	0.00381
24	0.00639	0.00479	0.00719	0.00719	0.00799	0.00559	0.00559	0.00799	0.00719	0.01038	0.01198	0.01757	0.01118	0.03355	0.82507	0.00719	0.01198	0.00479	0.00240	0.00399
25	0.01177	0.00939	0.01012	0.00860	0.01122	0.01032	0.00679	0.21994	0.39902	0.03427	0.03310	0.02964	0.09740	0.02704	0.00521	0.00150	0.01935	0.00529	0.00431	0.05572
26	0.01197	0.00808	0.00966	0.00808	0.04058	0.00730	0.00614	0.01634	0.19140	0.18917	0.01341	0.01331	0.02323	0.00469	0.00392	0.00107	0.00346	0.00385	0.05292	0.39141
27	0.01196	0.84548	0.02344	0.00765	0.01148	0.01770	0.00765	0.01339	0.00909	0.01052	0.00622	0.00718	0.00574	0.00383	0.00287	0.00096	0.00478	0.00239	0.00191	0.00574
28	0.00698	0.00497	0.00575	0.00553	0.00698	0.00465	0.00425	0.03148	0.00985	0.05815	0.03259	0.03299	0.49618	0.01524	0.17341	0.03499	0.00450	0.02025	0.04714	0.00411
29	0.01737	0.01194	0.01306	0.01001	0.01358	0.01299	0.00827	0.70606	0.02004	0.12351	0.01157	0.01128	0.00803	0.00539	0.00448	0.00135	0.00479	0.00408	0.00460	0.00761
30	0.00669	0.00519	0.00732	0.00746	0.00829	0.01849	0.04500	0.00806	0.00863	0.01153	0.03161	0.26162	0.03434	0.12340	0.21166	0.00349	0.00584	0.19406	0.00341	0.00388

[dist]
# distance from previous block
# <min> <max>
0	4

[block]
# block no. 7 follows, 58 sequences, length 27
# corresponding to MSA columns:
# 339-365
name=unknown_H
#
# <colnr> <probs for GDERKNQSTAVLIFYWHMCP>
#	G	D	E	R	K	N	Q	S	T	A	V	L	I	F	Y	W	H	M	C	P
0	0.00551	0.00403	0.00520	0.00611	0.00657	0.00372	0.00420	0.00640	0.00885	0.01160	0.02718	0.70283	0.12708	0.01360	0.00568	0.00179	0.00263	0.04917	0.00415	0.00367
1	0.06834	0.18975	0.35662	0.16425	0.01851	0.10530	0.01223	0.01385	0.00953	0.01292	0.00739	0.00913	0.00569	0.00424	0.00388	0.00130	0.00607	0.00313	0.00202	0.00584
2	0.00832	0.00479	0.00620	0.00620	0.00737	0.00434	0.00455	0.00966	0.01038	0.15360	0.18376	0.39559	0.10976	0.01088	0.00528	0.00160	0.00270	0.03115	0.03936	0.00449
3	0.03363	0.00834	0.01316	0.30822	0.25466	0.00906	0.02767	0.04389	0.02601	0.03536	0.14648	0.01641	0.02559	0.00542	0.00459	0.00142	0.00480	0.01551	0.01411	0.00566
4	0.00954	0.00778	0.00916	0.00663	0.01045	0.00590	0.00530	0.01152	0.00956	0.04431	0.04577	0.01062	0.00845	0.00367	0.00345	0.00072	0.00327	0.00297	0.00286	0.79807
5	0.83953	0.00870	0.00686	0.00612	0.00878	0.01018	0.00504	0.01305	0.00758	0.01969	0.00621	0.00737	0.00489	0.00430	0.00325	0.00141	0.03697	0.00248	0.00274	0.00485
6	0.05484	0.02872	0.01155	0.00964	0.04593	0.07419	0.00746	0.43803	0.06462	0.05647	0.01144	0.01187	0.00845	0.00519	0.00410	0.00128	0.00450	0.00393	0.15116	0.00661
7	0.00774	0.00637	0.00883	0.18325	0.06277	0.00684	0.00698	0.02859	0.08557	0.01456	0.25862	0.07824	0.12063	0.02113	0.01862	0.03857	0.02126	0.02305	0.00366	0.00470
8	0.00605	0.00451	0.00563	0.00546	0.00654	0.00408	0.00405	0.00785	0.01183	0.01623	0.59396	0.10258	0.19475	0.00999	0.00531	0.00146	0.00218	0.00874	0.00471	0.00408
9	0.00643	0.00448	0.00491	0.00492	0.00614	0.00398	0.00361	0.00776	0.01008	0.03713	0.12676	0.13268	0.43598	0.04558	0.00570	0.00157	0.00239	0.00853	0.14742	0.00394
10	0.00897	0.02314	0.81962	0.01275	0.01936	0.01039	0.01653	0.01417	0.00944	0.01417	0.00803	0.00944	0.00567	0.00425	0.00425	0.00142	0.00661	0.00331	0.00189	0.00661
11	0.01810	0.00977	0.01156	0.00895	0.01237	0.00990	0.00737	0.35759	0.05420	0.42368	0.01463	0.01339	0.00971	0.00548	0.00446	0.00137	0.00424	0.00432	0.02140	0.00752
12	0.87439	0.00865	0.00657	0.00588	0.00865	0.01003	0.00484	0.01315	0.00761	0.02007	0.00623	0.00727	0.00484	0.00415	0.00277	0.00138	0.00346	0.00242	0.00277	0.00484
13	0.01298	0.00920	0.01017	0.00887	0.01159	0.01018	0.00698	0.02336	0.64217	0.18444	0.01809	0.01639	0.01312	0.00596	0.00454	0.00149	0.00360	0.00494	0.00476	0.00719
14	0.87439	0.00865	0.00657	0.00588	0.00865	0.01003	0.00484	0.01315	0.00761	0.02007	0.00623	0.00727	0.00484	0.00415	0.00277	0.00138	0.00346	0.00242	0.00277	0.00484
15	0.01700	0.01253	0.01342	0.01029	0.01387	0.01387	0.00850	0.79997	0.02103	0.02819	0.01074	0.01074	0.00761	0.00537	0.00447	0.00134	0.00492	0.00403	0.00447	0.00761
16	0.84770	0.00862	0.00669	0.00595	0.00874	0.00993	0.00490	0.01342	0.00777	0.04500	0.00659	0.00752	0.00504	0.00420	0.00282	0.00138	0.00347	0.00249	0.00285	0.00493
17	0.01700	0.01253	0.01342	0.01029	0.01387	0.01387	0.00850	0.79997	0.02103	0.02819	0.01074	0.01074	0.00761	0.00537	0.00447	0.00134	0.00492	0.00403	0.00447	0.00761
18	0.00593	0.00414	0.00524	0.00585	0.00611	0.00397	0.00383	0.00661	0.00826	0.01107	0.07453	0.48740	0.02597	0.28060	0.01120	0.00261	0.00319	0.04635	0.00374	0.00340
19	0.01415	0.01111	0.01182	0.00971	0.01278	0.01254	0.00781	0.42311	0.40254	0.02359	0.01437	0.01363	0.01054	0.00571	0.00451	0.00143	0.00425	0.00453	0.00451	0.00735
20	0.01027	0.01016	0.01330	0.01144	0.01184	0.03741	0.00945	0.02810	0.08822	0.01192	0.00725	0.01045	0.00669	0.00751	0.01314	0.00188	0.70950	0.00400	0.00228	0.00518
21	0.01756	0.00850	0.01063	0.00832	0.01145	0.00824	0.00679	0.22084	0.01434	0.51260	0.03752	0.01530	0.01127	0.04277	0.05089	0.00182	0.00452	0.00458	0.00495	0.00711
22	0.00813	0.00566	0.00653	0.00630	0.00755	0.00551	0.00455	0.12947	0.01093	0.05689	0.04023	0.33096	0.22985	0.12696	0.00771	0.00198	0.00317	0.00913	0.00409	0.00438
23	0.01274	0.02405	0.00831	0.00683	0.00918	0.00605	0.00541	0.05102	0.04152	0.36420	0.09804	0.11942	0.21782	0.00829	0.00488	0.00146	0.00318	0.00698	0.00481	0.00581
24	0.00847	0.00803	0.01378	0.77828	0.02993	0.00985	0.04567	0.01143	0.00900	0.01155	0.00839	0.03115	0.00655	0.00466	0.00454	0.00150	0.00595	0.00423	0.00205	0.00498
25	0.01649	0.00866	0.01048	0.02270	0.01184	0.00873	0.00691	0.13106	0.22249	0.44217	0.01650	0.01500	0.01120	0.00562	0.00444	0.00140	0.00384	0.00455	0.04867	0.00725
26	0.00597	0.00453	0.00550	0.00531	0.00648	0.00406	0.00396	0.00772	0.01172	0.01584	0.54099	0.07060	0.28095	0.01003	0.00530	0.00146	0.00218	0.00871	0.00465	0.00406

[dist]
# distance from previous block
# <min> <max>
0	96

[block]
# block no. 8 follows, 58 sequences, length 25
# corresponding to MSA columns:
# 462-486
name=unknown_I
#
# <colnr> <probs for GDERKNQSTAVLIFYWHMCP>
#	G	D	E	R	K	N	Q	S	T	A	V	L	I	F	Y	W	H	M	C	P
0	0.87439	0.00865	0.00657	0.00588	0.00865	0.01003	0.00484	0.01315	0.00761	0.02007	0.00623	0.00727	0.00484	0.00415	0.00277	0.00138	0.00346	0.00242	0.00277	0.00484
1	0.02837	0.00979	0.01519	0.10063	0.24264	0.01183	0.05920	0.02949	0.00862	0.01281	0.00747	0.01103	0.00663	0.02343	0.00959	0.00171	0.39230	0.00406	0.01963	0.00559
2	0.00587	0.00424	0.00555	0.00589	0.00657	0.00392	0.00416	0.00730	0.01058	0.01457	0.40322	0.43081	0.05743	0.01160	0.00549	0.00161	0.00235	0.01041	0.00452	0.00392
3	0.00724	0.00546	0.00741	0.00712	0.00753	0.00646	0.00533	0.00815	0.00716	0.01045	0.01207	0.04498	0.01229	0.23239	0.32590	0.04935	0.15633	0.02372	0.06693	0.00373
4	0.01334	0.01071	0.01136	0.00955	0.01248	0.01216	0.00762	0.31667	0.51030	0.02229	0.01539	0.01444	0.01137	0.00581	0.00452	0.00145	0.00406	0.00467	0.00452	0.00728
5	0.00661	0.00468	0.00575	0.00562	0.00586	0.00493	0.00364	0.00715	0.00738	0.01016	0.11148	0.02719	0.01824	0.58419	0.13792	0.00429	0.04250	0.00633	0.00290	0.00318
6	0.01025	0.37402	0.47990	0.01058	0.01600	0.01351	0.01274	0.01384	0.00929	0.01261	0.00726	0.00848	0.00570	0.00407	0.00366	0.00122	0.00583	0.00292	0.00190	0.00624
7	0.00638	0.00441	0.00514	0.00514	0.00538	0.00445	0.00314	0.00669	0.00693	0.00920	0.01666	0.02903	0.08793	0.66432	0.12331	0.00444	0.00512	0.00655	0.00280	0.00297
8	0.01038	0.08629	0.01453	0.01136	0.01184	0.06089	0.00953	0.01141	0.00739	0.01075	0.00596	0.00945	0.00585	0.00728	0.01299	0.00182	0.71158	0.00372	0.00197	0.00499
9	0.01084	0.01783	0.47148	0.05979	0.03717	0.03539	0.12771	0.06163	0.01061	0.08293	0.00936	0.02407	0.00685	0.00460	0.00465	0.00143	0.02079	0.00394	0.00247	0.00647
10	0.03898	0.02991	0.13091	0.01384	0.05287	0.04716	0.33144	0.01406	0.05500	0.03342	0.01052	0.05139	0.02215	0.00471	0.00476	0.00136	0.02118	0.00468	0.00260	0.12906
11	0.00845	0.00795	0.01342	0.83204	0.03081	0.00994	0.01242	0.01143	0.00894	0.01143	0.00795	0.01193	0.00596	0.00447	0.00447	0.00149	0.00596	0.00398	0.00199	0.00497
12	0.01325	0.00686	0.00898	0.00754	0.00970	0.00682	0.00601	0.06391	0.04753	0.35496	0.18539	0.01957	0.01759	0.04498	0.12638	0.00239	0.04720	0.00535	0.01966	0.00593
13	0.02901	0.11266	0.31820	0.01299	0.09887	0.03855	0.07907	0.03791	0.02239	0.08900	0.03830	0.02826	0.00842	0.00495	0.00497	0.00139	0.06219	0.00397	0.00261	0.00629
14	0.01108	0.00976	0.03122	0.01802	0.39878	0.00958	0.05940	0.11255	0.06187	0.05305	0.04449	0.06839	0.07831	0.00593	0.00471	0.00142	0.00468	0.01711	0.00321	0.00645
15	0.01555	0.00661	0.00894	0.00747	0.01009	0.00582	0.00606	0.01723	0.01203	0.55583	0.09371	0.10320	0.04621	0.00759	0.00488	0.00150	0.00350	0.08219	0.00515	0.00642
16	0.00992	0.02130	0.03812	0.32724	0.07188	0.04657	0.09040	0.04372	0.04133	0.05493	0.05014	0.08547	0.02872	0.00594	0.00500	0.00148	0.03268	0.01562	0.02415	0.00540
17	0.01041	0.07133	0.35496	0.01468	0.15526	0.03531	0.11266	0.01431	0.03552	0.06098	0.04997	0.04540	0.00944	0.00490	0.00445	0.00139	0.00578	0.00435	0.00255	0.00635
18	0.00957	0.18734	0.66064	0.01173	0.01779	0.01185	0.01476	0.01401	0.00937	0.01344	0.00767	0.00899	0.00568	0.00417	0.00397	0.00132	0.00625	0.00312	0.00189	0.00644
19	0.00620	0.00434	0.00488	0.00495	0.00526	0.00418	0.00299	0.00652	0.00749	0.00976	0.04356	0.09653	0.15679	0.60765	0.01785	0.00356	0.00377	0.00756	0.00314	0.00301
20	0.01178	0.04729	0.17698	0.07186	0.22223	0.03449	0.08564	0.09055	0.06343	0.08219	0.01940	0.01219	0.00808	0.00480	0.00484	0.00141	0.03669	0.01676	0.00283	0.00657
21	0.01186	0.20162	0.15571	0.06205	0.10472	0.01141	0.05480	0.12579	0.01156	0.09913	0.04654	0.07486	0.01024	0.00537	0.00424	0.00133	0.00502	0.00449	0.00302	0.00624
22	0.01030	0.01058	0.01384	0.01178	0.01232	0.06880	0.04557	0.01211	0.05453	0.01143	0.00749	0.01075	0.02015	0.00738	0.01276	0.00185	0.67704	0.00407	0.00219	0.00508
23	0.64684	0.02469	0.00900	0.03847	0.09835	0.02929	0.00651	0.02807	0.00844	0.03840	0.00690	0.00821	0.00541	0.00433	0.00351	0.00139	0.03143	0.00279	0.00273	0.00524
24	0.00569	0.00412	0.00539	0.00607	0.00657	0.00389	0.00420	0.00666	0.00901	0.01203	0.11183	0.57548	0.10119	0.03304	0.06031	0.01850	0.00322	0.02505	0.00405	0.00369

[dist]
# distance from previous block
# <min> <max>
1	7

[block]
# block no. 9 follows, 58 sequences, length 16
# corresponding to MSA columns:
# 503-518
name=unknown_J
#
# <colnr> <probs for GDERKNQSTAVLIFYWHMCP>
#	G	D	E	R	K	N	Q	S	T	A	V	L	I	F	Y	W	H	M	C	P
0	0.00718	0.00605	0.00624	0.00624	0.00715	0.07776	0.00439	0.00849	0.03079	0.01261	0.20165	0.24943	0.12426	0.14548	0.03488	0.03453	0.00361	0.00831	0.00376	0.02720
1	0.00740	0.00502	0.00631	0.00582	0.00717	0.00466	0.00442	0.00986	0.05005	0.07357	0.62480	0.03252	0.13320	0.00901	0.00519	0.00142	0.00232	0.00786	0.00486	0.00454
2	0.01052	0.02628	0.06407	0.03441	0.07215	0.01057	0.05452	0.03999	0.48876	0.01747	0.09725	0.01661	0.01447	0.00592	0.00486	0.00148	0.02515	0.00505	0.00392	0.00657
3	0.00868	0.00517	0.00654	0.00603	0.00747	0.00475	0.00457	0.03446	0.01192	0.14178	0.42826	0.14597	0.11391	0.00919	0.00508	0.00145	0.00255	0.00801	0.04948	0.00472
4	0.06668	0.03448	0.09681	0.05125	0.12698	0.11121	0.06612	0.05372	0.17366	0.06331	0.03492	0.01259	0.00932	0.00631	0.04134	0.00166	0.03624	0.00414	0.00308	0.00620
5	0.00950	0.00911	0.01213	0.01064	0.02748	0.07483	0.08866	0.01161	0.03894	0.01326	0.13022	0.01767	0.01392	0.00862	0.04980	0.00193	0.34047	0.06229	0.07404	0.00490
6	0.00962	0.00883	0.01528	0.59105	0.13812	0.01014	0.09199	0.02914	0.00967	0.04108	0.00853	0.01191	0.00642	0.00439	0.00455	0.00146	0.00593	0.00413	0.00223	0.00552
7	0.01265	0.72619	0.02188	0.00821	0.01182	0.13453	0.00780	0.01404	0.00961	0.01059	0.00632	0.00730	0.00574	0.00394	0.00304	0.00099	0.00526	0.00246	0.00197	0.00566
8	0.00720	0.00479	0.00612	0.00566	0.00695	0.00434	0.00429	0.00916	0.01236	0.07573	0.65668	0.03331	0.13809	0.00916	0.00522	0.00142	0.00225	0.00800	0.00487	0.00441
9	0.00825	0.00570	0.02992	0.00634	0.00790	0.00534	0.07835	0.02666	0.00951	0.01547	0.01565	0.04292	0.05902	0.00892	0.09726	0.00185	0.00394	0.00489	0.56768	0.00442
10	0.12325	0.01190	0.08740	0.07526	0.14842	0.11796	0.07023	0.07211	0.05323	0.05942	0.01329	0.03059	0.08906	0.00540	0.00431	0.00138	0.00515	0.00449	0.02131	0.00586
11	0.05784	0.34925	0.23782	0.01012	0.02784	0.04284	0.03292	0.10563	0.01061	0.01435	0.00820	0.04570	0.00701	0.00473	0.00402	0.00125	0.02798	0.00347	0.00238	0.00604
12	0.82914	0.00845	0.00661	0.00595	0.00862	0.00980	0.00488	0.01288	0.00759	0.01956	0.00653	0.00780	0.00517	0.00569	0.04564	0.00169	0.00390	0.00255	0.00275	0.00480
13	0.00643	0.00431	0.00490	0.00497	0.00499	0.00429	0.00281	0.00649	0.00665	0.00887	0.01484	0.08633	0.01720	0.78446	0.02157	0.00416	0.00421	0.00694	0.00281	0.00278
14	0.31468	0.05918	0.00979	0.00740	0.01019	0.02417	0.03436	0.07724	0.00957	0.01677	0.00970	0.11860	0.00908	0.00549	0.00408	0.00124	0.03952	0.00417	0.01462	0.23013
15	0.00798	0.10379	0.06762	0.00742	0.03348	0.01938	0.00594	0.04247	0.01044	0.02615	0.21352	0.22526	0.09697	0.06752	0.00607	0.00162	0.00343	0.00753	0.00369	0.04972

[dist]
# distance from previous block
# <min> <max>
2	40

[block]
# block no. 10 follows, 58 sequences, length 22
# corresponding to MSA columns:
# 559-580
name=unknown_K
#
# <colnr> <probs for GDERKNQSTAVLIFYWHMCP>
#	G	D	E	R	K	N	Q	S	T	A	V	L	I	F	Y	W	H	M	C	P
0	0.06880	0.02345	0.08551	0.04539	0.16154	0.07774	0.04265	0.01261	0.02778	0.07594	0.16251	0.07176	0.08349	0.00677	0.00466	0.00143	0.00444	0.03466	0.00338	0.00548
1	0.03890	0.00710	0.00934	0.00744	0.01038	0.00634	0.00605	0.01888	0.04191	0.60588	0.15286	0.01907	0.04274	0.00632	0.00461	0.00140	0.00345	0.00524	0.00528	0.00682
2	0.01233	0.67454	0.06771	0.00843	0.01222	0.09774	0.00826	0.02930	0.03362	0.01136	0.00684	0.00775	0.00601	0.00403	0.00315	0.00103	0.00518	0.00260	0.00208	0.00581
3	0.08952	0.00827	0.01031	0.00802	0.01134	0.00781	0.00661	0.13268	0.01355	0.60340	0.05038	0.01472	0.01142	0.00556	0.00439	0.00138	0.00386	0.00442	0.00513	0.00724
4	0.00613	0.00454	0.00572	0.00549	0.00658	0.00413	0.00409	0.00804	0.01211	0.01676	0.66130	0.07050	0.15863	0.00969	0.00530	0.00144	0.00216	0.00850	0.00477	0.00413
5	0.00646	0.00435	0.00491	0.00490	0.00498	0.00432	0.00279	0.00658	0.00686	0.00914	0.04632	0.02984	0.04085	0.78551	0.02157	0.00414	0.00419	0.00665	0.00284	0.00280
6	0.00545	0.00389	0.00519	0.00623	0.00649	0.00363	0.00415	0.00623	0.00856	0.01142	0.02465	0.83987	0.02959	0.01401	0.00571	0.00182	0.00260	0.01272	0.00415	0.00363
7	0.01196	0.84548	0.02344	0.00765	0.01148	0.01770	0.00765	0.01339	0.00909	0.01052	0.00622	0.00718	0.00574	0.00383	0.00287	0.00096	0.00478	0.00239	0.00191	0.00574
8	0.00547	0.00400	0.00515	0.00599	0.00644	0.00368	0.00407	0.00636	0.00897	0.01183	0.06662	0.70367	0.12441	0.01345	0.00564	0.00176	0.00253	0.01209	0.00419	0.00368
9	0.00928	0.00795	0.00928	0.00663	0.01060	0.00596	0.00530	0.01126	0.00928	0.01458	0.00795	0.00928	0.00663	0.00331	0.00331	0.00066	0.00331	0.00265	0.00265	0.87014
10	0.05334	0.00990	0.01264	0.04276	0.05445	0.05433	0.08233	0.19598	0.01340	0.29126	0.02437	0.01371	0.03283	0.00541	0.00489	0.00139	0.04357	0.00439	0.05245	0.00660
11	0.00928	0.00795	0.00928	0.00663	0.01060	0.00596	0.00530	0.01126	0.00928	0.01458	0.00795	0.00928	0.00663	0.00331	0.00331	0.00066	0.00331	0.00265	0.00265	0.87014
12	0.00806	0.04786	0.00727	0.00625	0.00657	0.00479	0.02426	0.00644	0.00612	0.00808	0.00772	0.01322	0.00764	0.01463	0.01641	0.80262	0.00402	0.00384	0.00195	0.00224
13	0.00857	0.15656	0.21591	0.02774	0.04820	0.00912	0.06006	0.03922	0.00970	0.01315	0.04556	0.31618	0.01613	0.00797	0.00467	0.00148	0.00457	0.00700	0.00298	0.00525
14	0.03326	0.00722	0.00969	0.00761	0.01073	0.00632	0.00622	0.01994	0.01253	0.70190	0.08267	0.03556	0.01395	0.00600	0.00453	0.00139	0.00359	0.00494	0.02485	0.00712
15	0.00554	0.00437	0.00500	0.00520	0.00629	0.00383	0.00376	0.00678	0.01027	0.01310	0.19624	0.25025	0.45032	0.01159	0.00540	0.00157	0.00232	0.01003	0.00431	0.00383
16	0.08638	0.04702	0.09139	0.02724	0.09986	0.00900	0.00806	0.10114	0.01055	0.03030	0.00820	0.00956	0.00654	0.00401	0.00398	0.00103	0.02911	0.00308	0.00273	0.42084
17	0.01137	0.01016	0.02987	0.01055	0.01172	0.03472	0.00877	0.18117	0.01040	0.04269	0.00872	0.03563	0.00790	0.03989	0.07337	0.00225	0.46830	0.00434	0.00276	0.00543
18	0.01425	0.00651	0.00856	0.00735	0.00967	0.00591	0.00573	0.04275	0.03795	0.46400	0.06080	0.25854	0.04143	0.00839	0.00492	0.00152	0.00335	0.00724	0.00499	0.00614
19	0.10583	0.04481	0.01152	0.01248	0.22159	0.00889	0.00781	0.07373	0.09583	0.12738	0.13502	0.02846	0.04701	0.03152	0.00529	0.02424	0.00394	0.00498	0.00367	0.00601
20	0.01169	0.05617	0.01544	0.22444	0.23551	0.02837	0.07392	0.14061	0.03314	0.06105	0.03629	0.02682	0.00880	0.00484	0.00445	0.00138	0.00527	0.00433	0.02123	0.00624
21	0.01423	0.00830	0.02360	0.05301	0.01211	0.02998	0.03061	0.12740	0.03929	0.34167	0.10170	0.02061	0.06320	0.00665	0.00471	0.00144	0.00402	0.06845	0.04273	0.00629

[dist]
# distance from previous block
# <min> <max>
3	43

[block]
# block no. 11 follows, 58 sequences, length 22
# corresponding to MSA columns:
# 624-630,632-646
name=unknown_L
#
# <colnr> <probs for GDERKNQSTAVLIFYWHMCP>
#	G	D	E	R	K	N	Q	S	T	A	V	L	I	F	Y	W	H	M	C	P
0	0.40872	0.13106	0.00996	0.00709	0.03344	0.00967	0.00566	0.03776	0.00916	0.06117	0.03015	0.06910	0.05031	0.00529	0.00345	0.00126	0.00360	0.00388	0.00304	0.11620
1	0.55994	0.00767	0.00674	0.00603	0.00841	0.00852	0.00485	0.02885	0.04707	0.05175	0.14285	0.01432	0.04407	0.00549	0.00349	0.00138	0.00317	0.00397	0.04650	0.00494
2	0.05584	0.00790	0.01211	0.47286	0.06916	0.00965	0.01037	0.01119	0.02023	0.01263	0.07052	0.01517	0.03399	0.00666	0.03294	0.00174	0.12449	0.02516	0.00243	0.00496
3	0.00557	0.00427	0.00488	0.00524	0.00606	0.00383	0.00361	0.00645	0.00917	0.01159	0.06598	0.32932	0.37907	0.13453	0.00801	0.00203	0.00268	0.01014	0.00397	0.00359
4	0.05143	0.00440	0.00434	0.00430	0.00543	0.00446	0.00324	0.01050	0.00939	0.01688	0.03757	0.01670	0.01204	0.00527	0.00317	0.00107	0.00215	0.00420	0.79925	0.00420
5	0.01404	0.01035	0.01104	0.00897	0.01181	0.01147	0.00722	0.49199	0.17928	0.02376	0.01327	0.03694	0.01020	0.02387	0.00474	0.00141	0.00417	0.00456	0.12413	0.00680
6	0.00651	0.00434	0.00488	0.00488	0.00488	0.00434	0.00271	0.00651	0.00651	0.00867	0.01409	0.02927	0.01626	0.84279	0.02277	0.00434	0.00434	0.00651	0.00271	0.00271
7	0.01700	0.01253	0.01342	0.01029	0.01387	0.01387	0.00850	0.79997	0.02103	0.02819	0.01074	0.01074	0.00761	0.00537	0.00447	0.00134	0.00492	0.00403	0.00447	0.00761
8	0.00928	0.00795	0.00928	0.00663	0.01060	0.00596	0.00530	0.01126	0.00928	0.01458	0.00795	0.00928	0.00663	0.00331	0.00331	0.00066	0.00331	0.00265	0.00265	0.87014
9	0.00834	0.00417	0.00417	0.00417	0.00521	0.00417	0.00313	0.01042	0.00938	0.01668	0.01459	0.01668	0.01147	0.00521	0.00313	0.00104	0.00208	0.00417	0.86763	0.00417
10	0.00540	0.00446	0.00475	0.00489	0.00620	0.00381	0.00362	0.00656	0.01011	0.01233	0.08162	0.14666	0.65390	0.01159	0.00536	0.00156	0.00234	0.02684	0.00419	0.00379
11	0.00897	0.02314	0.81962	0.01275	0.01936	0.01039	0.01653	0.01417	0.00944	0.01417	0.00803	0.00944	0.00567	0.00425	0.00425	0.00142	0.00661	0.00331	0.00189	0.00661
12	0.01056	0.01207	0.02640	0.01885	0.02338	0.01131	0.79864	0.01433	0.01056	0.01433	0.00905	0.01207	0.00679	0.00377	0.00528	0.00151	0.00754	0.00528	0.00226	0.00603
13	0.00707	0.00518	0.00650	0.00597	0.00723	0.00497	0.00453	0.05680	0.03320	0.01842	0.72317	0.03187	0.06009	0.00890	0.00521	0.00141	0.00232	0.00780	0.00487	0.00449
14	0.01038	0.05706	0.04382	0.01602	0.01995	0.01110	0.57402	0.03419	0.05951	0.01448	0.01081	0.05298	0.00907	0.00494	0.00533	0.00152	0.02548	0.04084	0.00260	0.00591
15	0.00928	0.00857	0.01444	0.62134	0.15448	0.01019	0.03240	0.01210	0.00918	0.03208	0.00819	0.01177	0.00629	0.00457	0.00500	0.00149	0.04713	0.00402	0.00212	0.00540
16	0.01230	0.00938	0.01014	0.00882	0.01144	0.01053	0.00694	0.11464	0.58426	0.08782	0.04682	0.01648	0.01370	0.00602	0.00451	0.00146	0.00362	0.00497	0.03921	0.00696
17	0.00813	0.00472	0.00506	0.00485	0.00611	0.00457	0.00367	0.04310	0.01053	0.03614	0.13111	0.04770	0.14755	0.00704	0.00395	0.00121	0.00230	0.00584	0.52212	0.00433
18	0.03112	0.09131	0.19916	0.03120	0.01511	0.01084	0.11304	0.17256	0.09542	0.06039	0.01236	0.11271	0.01057	0.00596	0.00453	0.00144	0.00513	0.01761	0.00327	0.00627
19	0.03561	0.00937	0.08502	0.00945	0.06063	0.01818	0.01928	0.04773	0.13903	0.32812	0.08756	0.01777	0.05329	0.00602	0.00450	0.00140	0.00395	0.01672	0.04981	0.00655
20	0.00583	0.00417	0.00563	0.00666	0.00709	0.00396	0.00482	0.00689	0.00894	0.01185	0.02444	0.66846	0.02875	0.01365	0.00581	0.00187	0.00293	0.18036	0.00415	0.00374
21	0.07116	0.02402	0.10998	0.31398	0.04079	0.03802	0.02072	0.01353	0.05417	0.11183	0.01277	0.07920	0.03739	0.00596	0.00462	0.00149	0.01567	0.03622	0.00296	0.00551

[dist]
# distance from previous block
# <min> <max>
1	4

[block]
# block no. 12 follows, 58 sequences, length 24
# corresponding to MSA columns:
# 651-674
name=unknown_M
#
# <colnr> <probs for GDERKNQSTAVLIFYWHMCP>
#	G	D	E	R	K	N	Q	S	T	A	V	L	I	F	Y	W	H	M	C	P
0	0.74060	0.03329	0.00805	0.03119	0.02302	0.02260	0.01880	0.03044	0.00825	0.02932	0.00673	0.00786	0.00522	0.00421	0.00297	0.00137	0.00376	0.00263	0.01468	0.00502
1	0.00679	0.00421	0.00513	0.00516	0.00517	0.00420	0.00305	0.00633	0.00640	0.00853	0.01282	0.04970	0.01453	0.61016	0.02093	0.22159	0.00417	0.00603	0.00256	0.00255
2	0.00964	0.00868	0.02758	0.02665	0.06286	0.03901	0.05753	0.08730	0.21564	0.01691	0.18697	0.05754	0.10036	0.00738	0.00513	0.00148	0.02590	0.03409	0.02373	0.00561
3	0.02486	0.44549	0.25594	0.00950	0.01384	0.01414	0.02241	0.05477	0.00979	0.03090	0.00761	0.00883	0.00620	0.00483	0.01956	0.00130	0.03588	0.00299	0.02514	0.00602
4	0.00557	0.00459	0.00487	0.00485	0.00622	0.00397	0.00359	0.00699	0.02394	0.01289	0.14869	0.08012	0.63531	0.03142	0.00572	0.00158	0.00233	0.00927	0.00423	0.00386
5	0.02795	0.06801	0.17620	0.12541	0.06753	0.06585	0.08280	0.18309	0.03207	0.01668	0.03565	0.01254	0.03840	0.00501	0.00452	0.00137	0.01941	0.00413	0.02724	0.00612
6	0.01023	0.00868	0.00929	0.00867	0.01081	0.03246	0.00690	0.04831	0.52012	0.01754	0.07315	0.02480	0.04222	0.00761	0.00493	0.00160	0.00370	0.15842	0.00441	0.00617
7	0.00660	0.00488	0.00639	0.00626	0.00718	0.00471	0.02651	0.01622	0.02730	0.01395	0.30204	0.15472	0.09729	0.16705	0.04240	0.00232	0.00343	0.08351	0.02329	0.00394
8	0.00908	0.05262	0.79107	0.01257	0.01908	0.01065	0.01621	0.01414	0.00943	0.01404	0.00796	0.00936	0.00567	0.00423	0.00420	0.00140	0.00655	0.00327	0.00189	0.00658
9	0.00713	0.00484	0.00560	0.00546	0.00664	0.00466	0.00410	0.03005	0.04706	0.01624	0.32756	0.10987	0.15276	0.00877	0.00472	0.00138	0.00236	0.02386	0.23265	0.00429
10	0.00822	0.00603	0.00776	0.00744	0.00869	0.03339	0.05335	0.06759	0.01045	0.07864	0.06182	0.51854	0.09780	0.01125	0.00537	0.00166	0.00330	0.01008	0.00415	0.00449
11	0.02699	0.00925	0.02966	0.03229	0.01357	0.08291	0.21406	0.01194	0.01008	0.08074	0.06441	0.23745	0.03803	0.00769	0.00565	0.00153	0.06029	0.01627	0.00329	0.05391
12	0.00900	0.00896	0.04149	0.56958	0.12657	0.00989	0.05929	0.01252	0.05052	0.01278	0.03160	0.01270	0.00769	0.00459	0.00450	0.00146	0.00568	0.00421	0.02154	0.00543
13	0.01006	0.01198	0.16594	0.15406	0.06177	0.02470	0.08416	0.05693	0.21141	0.01586	0.07040	0.01436	0.01105	0.00514	0.00451	0.00140	0.00506	0.01440	0.00309	0.07374
14	0.00733	0.02962	0.00801	0.00772	0.03517	0.02124	0.00566	0.02371	0.00851	0.01165	0.05666	0.13026	0.11315	0.08111	0.28218	0.03052	0.09822	0.01947	0.02567	0.00412
15	0.01144	0.12437	0.32725	0.03010	0.05290	0.17227	0.02669	0.03859	0.01043	0.03074	0.03810	0.01036	0.00752	0.00481	0.00491	0.00133	0.07190	0.00349	0.02685	0.00595
16	0.00742	0.00535	0.00666	0.00608	0.00744	0.00513	0.00464	0.04581	0.03914	0.04224	0.59849	0.05371	0.10782	0.00894	0.00533	0.00142	0.01751	0.00774	0.00471	0.02441
17	0.00967	0.00940	0.01401	0.36312	0.19737	0.06329	0.06028	0.02864	0.04154	0.01347	0.07828	0.03192	0.03720	0.00533	0.00488	0.00144	0.02731	0.00475	0.00259	0.00552
18	0.01092	0.03100	0.06957	0.23078	0.08156	0.02610	0.04016	0.08161	0.23979	0.04711	0.01167	0.01301	0.00884	0.00617	0.03839	0.00166	0.01870	0.00424	0.00314	0.03559
19	0.04371	0.02617	0.19677	0.12638	0.05272	0.00828	0.05176	0.03327	0.03958	0.05922	0.11378	0.03795	0.09326	0.00630	0.00458	0.00143	0.00461	0.03986	0.03067	0.02971
20	0.04836	0.00998	0.02960	0.14659	0.11148	0.06826	0.00885	0.11596	0.11800	0.06530	0.05127	0.01581	0.02433	0.02768	0.00549	0.00150	0.05072	0.04390	0.01591	0.04101
21	0.02947	0.00490	0.00644	0.03436	0.00814	0.00473	0.01549	0.00825	0.02267	0.02659	0.19179	0.35900	0.07569	0.05731	0.02157	0.00191	0.00317	0.09623	0.00405	0.02825
22	0.16543	0.05336	0.03905	0.05130	0.05428	0.06401	0.08108	0.03229	0.02991	0.01535	0.00794	0.00944	0.00638	0.00387	0.00363	0.00106	0.00452	0.00311	0.00259	0.37140
23	0.00924	0.04226	0.06412	0.00813	0.04103	0.00744	0.00649	0.12537	0.07954	0.04963	0.12299	0.16897	0.16771	0.00902	0.01976	0.00157	0.00363	0.02755	0.01709	0.02844

[dist]
# distance from previous block
# <min> <max>
10	202

[block]
# block no. 13 follows, 58 sequences, length 31
# corresponding to MSA columns:
# 897-927
name=unknown_N
#
# <colnr> <probs for GDERKNQSTAVLIFYWHMCP>
#	G	D	E	R	K	N	Q	S	T	A	V	L	I	F	Y	W	H	M	C	P
