[name]
unknown

[dist]
# distance from previous block
# <min> <max>
0	94

[block]
# block no. 0 follows, 64 sequences, length 26
# corresponding to MSA columns:
# 119-144
name=unknown_A
#
# <colnr> <probs for GDERKNQSTAVLIFYWHMCP>
#	G	D	E	R	K	N	Q	S	T	A	V	L	I	F	Y	W	H	M	C	P
0	0.04801	0.00847	0.00926	0.00846	0.03273	0.06072	0.01647	0.18071	0.17393	0.09038	0.01436	0.08103	0.01288	0.06915	0.03569	0.00178	0.00428	0.11932	0.00368	0.02870
1	0.10244	0.00811	0.00960	0.07685	0.01177	0.03422	0.03537	0.11512	0.12960	0.20928	0.08472	0.04725	0.02364	0.02600	0.00448	0.00134	0.00379	0.00452	0.00377	0.06814
2	0.08167	0.00852	0.02084	0.05126	0.01228	0.00884	0.09099	0.18402	0.09903	0.12437	0.02725	0.12159	0.01089	0.00643	0.02205	0.00146	0.05201	0.00494	0.00348	0.06808
3	0.13756	0.00967	0.02917	0.00759	0.01050	0.11610	0.03081	0.06959	0.09683	0.05675	0.06518	0.02960	0.02142	0.00459	0.00362	0.00106	0.00392	0.00360	0.00304	0.29941
4	0.00797	0.00595	0.00751	0.08028	0.03076	0.00612	0.00555	0.12849	0.05916	0.03830	0.06925	0.40594	0.05589	0.03971	0.00535	0.00156	0.00320	0.00806	0.00368	0.03727
5	0.02249	0.01105	0.04314	0.02138	0.05112	0.11562	0.13734	0.14365	0.24588	0.02744	0.10254	0.01379	0.01181	0.00518	0.00456	0.00132	0.02805	0.00445	0.00335	0.00586
6	0.00758	0.00460	0.00589	0.00535	0.00666	0.00417	0.00409	0.00942	0.01141	0.12379	0.60788	0.02871	0.10080	0.00802	0.00470	0.00129	0.00218	0.00698	0.05218	0.00430
7	0.00990	0.00901	0.01179	0.14851	0.17461	0.07841	0.02814	0.06519	0.08530	0.04411	0.07911	0.04296	0.04199	0.01898	0.02679	0.00156	0.12097	0.00459	0.00281	0.00527
8	0.00682	0.00458	0.00560	0.00532	0.00658	0.00417	0.00399	0.00870	0.03987	0.08781	0.40847	0.12957	0.25442	0.00919	0.00486	0.00138	0.00224	0.00797	0.00433	0.00412
9	0.01039	0.03385	0.04848	0.01163	0.01322	0.01238	0.13450	0.15068	0.00935	0.01345	0.00679	0.00949	0.00585	0.00605	0.00992	0.00161	0.51107	0.00379	0.00226	0.00523
10	0.00921	0.00736	0.00867	0.00623	0.00989	0.00557	0.00499	0.01104	0.00881	0.06188	0.00792	0.00894	0.00640	0.00320	0.00314	0.00065	0.00310	0.00256	0.00262	0.82782
11	0.03792	0.00642	0.00938	0.00790	0.00968	0.00636	0.13075	0.07193	0.08421	0.03309	0.39892	0.14523	0.02568	0.00763	0.00475	0.00138	0.00321	0.00695	0.00396	0.00467
12	0.00844	0.00489	0.00639	0.00564	0.00715	0.00438	0.00435	0.01029	0.01161	0.17754	0.61170	0.02746	0.06492	0.00777	0.00471	0.00129	0.00231	0.00677	0.00460	0.02782
13	0.00553	0.00399	0.00498	0.00545	0.00617	0.00366	0.00386	0.00651	0.00866	0.03179	0.08426	0.47942	0.23376	0.02826	0.04804	0.00188	0.00284	0.03354	0.00383	0.00355
14	0.00793	0.00460	0.00559	0.00540	0.00607	0.00444	0.00360	0.02819	0.00790	0.12578	0.03984	0.17824	0.01744	0.48537	0.01400	0.00292	0.00356	0.03405	0.02153	0.00355
15	0.01408	0.01312	0.08756	0.01083	0.01429	0.13298	0.12471	0.39324	0.06794	0.08471	0.00996	0.01037	0.00717	0.00463	0.00419	0.00126	0.00533	0.00379	0.00343	0.00641
16	0.00505	0.00421	0.00440	0.00435	0.00570	0.00357	0.00327	0.00623	0.00980	0.01200	0.15483	0.03869	0.71318	0.01023	0.00491	0.00139	0.00208	0.00859	0.00396	0.00357
17	0.00574	0.00390	0.00480	0.00512	0.00583	0.00363	0.00363	0.00705	0.00932	0.01322	0.24921	0.38797	0.11453	0.01006	0.00473	0.00142	0.00217	0.00890	0.15515	0.00363
18	0.01082	0.73975	0.09421	0.00760	0.01133	0.01552	0.00782	0.01297	0.04826	0.01045	0.00647	0.00729	0.00568	0.00369	0.00286	0.00095	0.00454	0.00242	0.00189	0.00546
19	0.01252	0.00932	0.01248	0.00997	0.01196	0.01082	0.08018	0.24436	0.03946	0.14385	0.00971	0.01100	0.00737	0.00571	0.00754	0.00146	0.30659	0.00392	0.06601	0.00578
20	0.00848	0.00585	0.00782	0.00710	0.00805	0.00670	0.00547	0.07626	0.00810	0.09292	0.01121	0.01689	0.01043	0.19752	0.40013	0.00446	0.12115	0.00459	0.00269	0.00419
21	0.00742	0.01108	0.30849	0.00816	0.01101	0.00675	0.00842	0.05872	0.04300	0.01363	0.14691	0.18020	0.04878	0.08377	0.00606	0.00166	0.00407	0.04396	0.00311	0.00478
22	0.00759	0.00704	0.01177	0.76851	0.02657	0.00870	0.01084	0.01018	0.00827	0.01061	0.00878	0.08678	0.00751	0.00495	0.00426	0.00141	0.00526	0.00442	0.00203	0.00450
23	0.00812	0.00769	0.01287	0.72947	0.09978	0.00946	0.01152	0.01077	0.00831	0.01085	0.00733	0.01091	0.00563	0.00426	0.00461	0.00139	0.04668	0.00369	0.00186	0.00479
24	0.01273	0.08774	0.01266	0.03600	0.11834	0.29739	0.00797	0.12169	0.08356	0.03020	0.00833	0.00924	0.00662	0.00417	0.00371	0.00107	0.00527	0.00312	0.00265	0.14751
25	0.01073	0.19491	0.26393	0.01014	0.07764	0.02374	0.02897	0.01369	0.03546	0.13912	0.01955	0.01135	0.04909	0.00437	0.00371	0.00114	0.00464	0.00347	0.00262	0.10173

[dist]
# distance from previous block
# <min> <max>
1	7

[block]
# block no. 1 follows, 64 sequences, length 13
# corresponding to MSA columns:
# 155-167
name=unknown_B
#
# <colnr> <probs for GDERKNQSTAVLIFYWHMCP>
#	G	D	E	R	K	N	Q	S	T	A	V	L	I	F	Y	W	H	M	C	P
0	0.01340	0.01072	0.06388	0.01090	0.01429	0.08010	0.23220	0.14464	0.03246	0.25769	0.04861	0.01374	0.04758	0.00492	0.00439	0.00130	0.00503	0.00449	0.00356	0.00609
1	0.03221	0.12912	0.18820	0.03752	0.06334	0.03380	0.03012	0.03032	0.14988	0.06394	0.00949	0.02191	0.00744	0.00454	0.00449	0.00122	0.06939	0.00348	0.00263	0.11694
2	0.00851	0.00877	0.05026	0.57960	0.20334	0.00946	0.05851	0.01135	0.00867	0.01153	0.00754	0.01081	0.00580	0.00401	0.00418	0.00135	0.00552	0.00374	0.00190	0.00517
3	0.00657	0.00438	0.00552	0.00515	0.00630	0.00399	0.00389	0.00840	0.01132	0.06089	0.64153	0.03028	0.12991	0.00834	0.00475	0.00130	0.00206	0.00727	0.05412	0.00404
4	0.00530	0.00437	0.00492	0.00502	0.00610	0.00402	0.00377	0.00636	0.00912	0.01132	0.07234	0.16585	0.56111	0.02994	0.00580	0.00155	0.04193	0.05387	0.00376	0.00355
5	0.88336	0.00803	0.00611	0.00546	0.00803	0.00932	0.00450	0.01221	0.00707	0.01864	0.00578	0.00675	0.00450	0.00386	0.00257	0.00129	0.00321	0.00225	0.00257	0.00450
6	0.01202	0.00842	0.00932	0.00805	0.01058	0.00921	0.00635	0.06552	0.56274	0.18402	0.01787	0.01633	0.05912	0.00578	0.00425	0.00137	0.00334	0.00477	0.00439	0.00653
7	0.00505	0.00365	0.00478	0.00569	0.00600	0.00338	0.00381	0.00579	0.00804	0.01064	0.02406	0.80212	0.07592	0.01286	0.00528	0.00167	0.00239	0.01162	0.00386	0.00338
8	0.00533	0.00381	0.00511	0.00600	0.00638	0.00359	0.00424	0.00628	0.00839	0.01121	0.07089	0.69553	0.02770	0.01254	0.00534	0.00169	0.00257	0.11606	0.00389	0.00347
9	0.88336	0.00803	0.00611	0.00546	0.00803	0.00932	0.00450	0.01221	0.00707	0.01864	0.00578	0.00675	0.00450	0.00386	0.00257	0.00129	0.00321	0.00225	0.00257	0.00450
10	0.00900	0.00777	0.02334	0.00816	0.04759	0.03377	0.00608	0.08788	0.31692	0.01592	0.19129	0.02034	0.06246	0.05552	0.08007	0.00198	0.00407	0.01878	0.00378	0.00528
11	0.00786	0.00634	0.00893	0.29340	0.03412	0.02964	0.00729	0.02757	0.02185	0.05290	0.23118	0.03747	0.05801	0.00990	0.12529	0.00212	0.01851	0.00528	0.01789	0.00445
12	0.01159	0.18104	0.18813	0.00884	0.01232	0.05280	0.00857	0.20578	0.10022	0.07222	0.02454	0.06921	0.03652	0.00532	0.00392	0.00124	0.00454	0.00416	0.00312	0.00593

[dist]
# distance from previous block
# <min> <max>
3	19

[block]
# block no. 2 follows, 64 sequences, length 15
# corresponding to MSA columns:
# 187-201
name=unknown_C
#
# <colnr> <probs for GDERKNQSTAVLIFYWHMCP>
#	G	D	E	R	K	N	Q	S	T	A	V	L	I	F	Y	W	H	M	C	P
0	0.00567	0.00425	0.00521	0.00502	0.00611	0.00386	0.00379	0.00736	0.01086	0.01484	0.55273	0.03304	0.25265	0.00976	0.03128	0.00151	0.00233	0.02457	0.02138	0.00380
1	0.00892	0.12077	0.58790	0.01186	0.01715	0.01069	0.11272	0.01318	0.02721	0.01275	0.00752	0.00898	0.00557	0.00399	0.00424	0.00129	0.03421	0.00325	0.00186	0.00593
2	0.00637	0.00443	0.00528	0.00496	0.00627	0.00390	0.00376	0.00793	0.01082	0.07106	0.44638	0.03354	0.36181	0.00909	0.00485	0.00134	0.00213	0.00780	0.00432	0.00397
3	0.00895	0.00780	0.01104	0.41162	0.07089	0.00915	0.00912	0.06079	0.23920	0.01349	0.01133	0.07073	0.00932	0.00565	0.00477	0.03907	0.00450	0.00454	0.00281	0.00523
4	0.05268	0.01734	0.01160	0.01018	0.01259	0.61182	0.00781	0.17776	0.03599	0.01397	0.00741	0.00819	0.00587	0.00444	0.00379	0.00112	0.00660	0.00293	0.00262	0.00531
5	0.01129	0.00650	0.00708	0.00603	0.00796	0.00677	0.00479	0.19368	0.08147	0.13078	0.01342	0.01406	0.00996	0.00498	0.00348	0.00111	0.00287	0.00395	0.48453	0.00527
6	0.00599	0.00410	0.00498	0.00500	0.00516	0.00425	0.00310	0.00631	0.00622	0.00845	0.01296	0.04812	0.01449	0.66238	0.18738	0.00450	0.00543	0.00588	0.00249	0.00278
7	0.06038	0.00670	0.00807	0.00655	0.00908	0.00633	0.00529	0.08899	0.03426	0.37613	0.05265	0.01598	0.07253	0.00655	0.03968	0.00143	0.00349	0.00438	0.12970	0.07182
8	0.00600	0.06863	0.00645	0.00525	0.00641	0.00473	0.00402	0.00760	0.01064	0.01444	0.52756	0.12935	0.17565	0.00902	0.00478	0.00134	0.00223	0.00785	0.00415	0.00389
9	0.06123	0.07170	0.00973	0.00748	0.06640	0.01894	0.00553	0.01061	0.00875	0.01349	0.03959	0.02587	0.03796	0.00388	0.00327	0.00080	0.00329	0.00311	0.00254	0.60582
10	0.00905	0.00910	0.01152	0.01006	0.01031	0.07377	0.00821	0.00999	0.00679	0.00986	0.00658	0.01077	0.00653	0.05571	0.10682	0.00243	0.64243	0.00379	0.00193	0.00436
11	0.01255	0.01162	0.01116	0.06848	0.07598	0.20538	0.00776	0.18362	0.21087	0.05206	0.02747	0.02980	0.00907	0.00493	0.00403	0.00122	0.00478	0.00389	0.00329	0.07204
12	0.00895	0.01881	0.67253	0.01110	0.01649	0.00938	0.01363	0.01430	0.10035	0.04955	0.00946	0.01120	0.00702	0.00447	0.00406	0.00135	0.00562	0.03333	0.00226	0.00614
13	0.01269	0.02943	0.05020	0.00944	0.01220	0.06472	0.04308	0.28178	0.25319	0.07993	0.01196	0.02448	0.00909	0.01793	0.02337	0.00149	0.06098	0.00413	0.00364	0.00626
14	0.09364	0.09083	0.26647	0.01015	0.03984	0.04005	0.04161	0.18779	0.06391	0.10019	0.00974	0.01019	0.01866	0.00444	0.00384	0.00126	0.00490	0.00344	0.00293	0.00614

[dist]
# distance from previous block
# <min> <max>
1	4

[block]
# block no. 3 follows, 64 sequences, length 18
# corresponding to MSA columns:
# 208-225
name=unknown_D
#
# <colnr> <probs for GDERKNQSTAVLIFYWHMCP>
#	G	D	E	R	K	N	Q	S	T	A	V	L	I	F	Y	W	H	M	C	P
0	0.00961	0.07492	0.21346	0.01571	0.13317	0.01075	0.36688	0.01344	0.05337	0.01310	0.00822	0.01029	0.00633	0.00395	0.00481	0.00134	0.04870	0.00403	0.00209	0.00585
1	0.00638	0.00502	0.00646	0.00672	0.06336	0.00467	0.00461	0.00869	0.05419	0.01518	0.52119	0.07072	0.15301	0.00825	0.00473	0.00130	0.00234	0.00723	0.00412	0.05181
2	0.01267	0.05571	0.30919	0.01044	0.06984	0.00848	0.02499	0.05955	0.01074	0.31481	0.05498	0.01290	0.00956	0.00481	0.00410	0.00129	0.00467	0.02158	0.00336	0.00634
3	0.00751	0.00450	0.00569	0.00546	0.00657	0.00407	0.00397	0.00877	0.00988	0.13884	0.29772	0.22827	0.15003	0.10151	0.00666	0.00171	0.00256	0.00807	0.00415	0.00406
4	0.01105	0.68915	0.12743	0.00798	0.01177	0.07229	0.00825	0.01282	0.00871	0.01024	0.00604	0.00700	0.00532	0.00366	0.00291	0.00096	0.00488	0.00236	0.00180	0.00540
5	0.00709	0.09491	0.00841	0.07078	0.03390	0.00643	0.00581	0.03647	0.05281	0.01244	0.08669	0.26984	0.12350	0.00940	0.00481	0.00151	0.00326	0.16423	0.00351	0.00422
6	0.07186	0.13278	0.36025	0.01174	0.09698	0.03150	0.06753	0.04545	0.05200	0.01389	0.02605	0.00951	0.00669	0.00402	0.00375	0.00121	0.00519	0.00325	0.00221	0.05411
7	0.00640	0.00590	0.06366	0.00678	0.00762	0.00581	0.00547	0.00764	0.00661	0.00946	0.01095	0.01826	0.01095	0.26054	0.47868	0.00514	0.07953	0.00474	0.00224	0.00361
8	0.05788	0.05245	0.03781	0.00937	0.01151	0.09609	0.11433	0.01351	0.00901	0.22501	0.01015	0.01309	0.00829	0.13127	0.02591	0.00188	0.17035	0.00406	0.00290	0.00514
9	0.03204	0.00977	0.01563	0.11553	0.18229	0.05174	0.23480	0.06531	0.05329	0.01365	0.01035	0.02868	0.02531	0.00514	0.00523	0.00142	0.07383	0.06804	0.00251	0.00545
10	0.01206	0.23966	0.02791	0.07502	0.05772	0.18980	0.08880	0.08780	0.13822	0.03147	0.00880	0.00972	0.00694	0.00426	0.00375	0.00117	0.00530	0.00336	0.00258	0.00566
11	0.00642	0.00459	0.00637	0.00726	0.00811	0.00453	0.00615	0.00816	0.00943	0.01237	0.06095	0.16344	0.02516	0.01155	0.00563	0.00185	0.00353	0.64688	0.00387	0.00376
12	0.00657	0.00520	0.00635	0.05259	0.00804	0.04918	0.00482	0.00778	0.01767	0.02629	0.06109	0.26953	0.05867	0.11178	0.27466	0.02019	0.00585	0.00707	0.00301	0.00365
13	0.02057	0.17593	0.29346	0.00947	0.01346	0.05578	0.03489	0.06489	0.01979	0.17114	0.01074	0.02249	0.02445	0.00489	0.00404	0.00126	0.01720	0.04683	0.00282	0.00588
14	0.00677	0.00453	0.00577	0.00620	0.00687	0.00440	0.00438	0.07246	0.00908	0.05365	0.02092	0.65089	0.02406	0.05831	0.00605	0.00177	0.00281	0.05336	0.00387	0.00384
15	0.01005	0.00956	0.01111	0.00973	0.01077	0.13707	0.04723	0.04043	0.03070	0.05290	0.01011	0.10158	0.00979	0.00900	0.07188	0.00197	0.36470	0.04790	0.01886	0.00467
16	0.00951	0.00901	0.01679	0.10875	0.23981	0.00913	0.29618	0.01199	0.00917	0.05764	0.01033	0.12480	0.00932	0.00526	0.00521	0.00141	0.06250	0.00525	0.00245	0.00547
17	0.00910	0.00866	0.01475	0.29141	0.40990	0.00922	0.07452	0.01195	0.03446	0.01264	0.00991	0.01244	0.04812	0.00427	0.00420	0.00130	0.00501	0.00409	0.02844	0.00562

[dist]
# distance from previous block
# <min> <max>
0	3

[block]
# block no. 4 follows, 64 sequences, length 30
# corresponding to MSA columns:
# 229-242,247-257,259-263
name=unknown_E
#
# <colnr> <probs for GDERKNQSTAVLIFYWHMCP>
#	G	D	E	R	K	N	Q	S	T	A	V	L	I	F	Y	W	H	M	C	P
0	0.01011	0.00611	0.00723	0.00631	0.00808	0.04175	0.00490	0.01278	0.08465	0.23553	0.47180	0.02435	0.05476	0.00722	0.00459	0.00130	0.00275	0.00619	0.00456	0.00503
1	0.09806	0.01450	0.01064	0.02334	0.01190	0.44702	0.00729	0.15552	0.05096	0.03579	0.00828	0.00943	0.00660	0.00735	0.09386	0.00175	0.00662	0.00317	0.00272	0.00520
2	0.00986	0.00790	0.00917	0.02339	0.01060	0.00674	0.00553	0.10556	0.05820	0.04538	0.00882	0.02232	0.00711	0.00370	0.00337	0.00079	0.00332	0.00297	0.00287	0.66240
3	0.02882	0.02605	0.05130	0.12068	0.18889	0.15001	0.10488	0.11521	0.10165	0.02539	0.00884	0.01042	0.00686	0.00447	0.00451	0.01228	0.02768	0.00371	0.00258	0.00579
4	0.00833	0.04924	0.74335	0.01145	0.01719	0.00960	0.03186	0.01285	0.00894	0.01322	0.05045	0.00992	0.00707	0.00416	0.00397	0.00130	0.00588	0.00331	0.00191	0.00598
5	0.00863	0.05205	0.02328	0.00862	0.04594	0.04803	0.10182	0.08224	0.03814	0.03506	0.42355	0.04200	0.04910	0.00687	0.00459	0.00130	0.00352	0.01669	0.00377	0.00481
6	0.00536	0.00437	0.00484	0.00475	0.00609	0.00371	0.00351	0.00657	0.00954	0.01216	0.15980	0.15579	0.52283	0.01000	0.00483	0.00137	0.00220	0.00854	0.00386	0.06987
7	0.00558	0.00407	0.00525	0.00529	0.00611	0.00374	0.00384	0.00714	0.01055	0.01459	0.54735	0.25219	0.09907	0.00987	0.00501	0.00142	0.00209	0.00877	0.00432	0.00374
8	0.88336	0.00803	0.00611	0.00546	0.00803	0.00932	0.00450	0.01221	0.00707	0.01864	0.00578	0.00675	0.00450	0.00386	0.00257	0.00129	0.00321	0.00225	0.00257	0.00450
9	0.00726	0.00385	0.00586	0.05902	0.00689	0.00397	0.00411	0.00574	0.00560	0.00743	0.00723	0.01253	0.00711	0.01377	0.01546	0.82303	0.00373	0.00361	0.00181	0.00198
10	0.00609	0.00425	0.00594	0.00594	0.00640	0.00470	0.00428	0.00683	0.00637	0.00895	0.01128	0.01900	0.01139	0.26095	0.52417	0.09486	0.00836	0.00481	0.00226	0.00318
11	0.01522	0.00835	0.00999	0.00806	0.01091	0.00852	0.00653	0.21622	0.18057	0.40139	0.01495	0.04495	0.01063	0.00649	0.03599	0.00152	0.00399	0.00447	0.00455	0.00670
12	0.01095	0.00896	0.00954	0.00845	0.01088	0.01025	0.00661	0.05685	0.74884	0.05450	0.01658	0.01519	0.01232	0.00558	0.00422	0.00140	0.00335	0.00463	0.00426	0.00662
13	0.54294	0.00985	0.00897	0.00749	0.01019	0.07046	0.04125	0.18252	0.04074	0.01911	0.00724	0.00807	0.00551	0.00427	0.00344	0.00128	0.02575	0.00284	0.00290	0.00519
14	0.05805	0.07382	0.01195	0.02055	0.08901	0.07864	0.01790	0.23523	0.01991	0.08189	0.00962	0.05118	0.00816	0.05504	0.01870	0.00150	0.09830	0.00395	0.00304	0.06358
15	0.07913	0.26590	0.28751	0.00932	0.01341	0.02948	0.06089	0.04862	0.07304	0.02425	0.01019	0.01088	0.06186	0.00444	0.00361	0.00120	0.00488	0.00342	0.00234	0.00561
16	0.00562	0.04883	0.00580	0.00525	0.00622	0.00428	0.00387	0.00688	0.00966	0.01277	0.29867	0.31746	0.23898	0.01033	0.00492	0.00144	0.00228	0.00906	0.00399	0.00370
17	0.01253	0.08017	0.01208	0.01057	0.08282	0.23920	0.00772	0.13821	0.31922	0.01557	0.01113	0.01131	0.00863	0.00550	0.02598	0.00137	0.00508	0.00370	0.00320	0.00599
18	0.13207	0.07880	0.10939	0.00835	0.01153	0.11369	0.00750	0.16230	0.10985	0.06544	0.01093	0.01202	0.03875	0.00484	0.00373	0.00120	0.00444	0.03096	0.00309	0.09113
19	0.07075	0.00886	0.00995	0.00859	0.00980	0.06339	0.00679	0.12020	0.10360	0.04953	0.00955	0.01343	0.00857	0.15872	0.04257	0.00217	0.30181	0.00410	0.00277	0.00485
20	0.01488	0.05435	0.01161	0.00851	0.01155	0.01125	0.00706	0.58931	0.01682	0.11100	0.01088	0.01092	0.00775	0.00491	0.00393	0.00120	0.00413	0.00372	0.10965	0.00659
21	0.01159	0.00629	0.00784	0.00674	0.00877	0.00604	0.00527	0.09798	0.07741	0.30312	0.21745	0.15556	0.06296	0.00755	0.00458	0.00137	0.00298	0.00648	0.00455	0.00546
22	0.00645	0.00506	0.04196	0.00593	0.00711	0.00406	0.00450	0.00758	0.00870	0.06382	0.07641	0.50945	0.13119	0.01067	0.00513	0.01960	0.00266	0.00929	0.00373	0.07670
23	0.00515	0.00424	0.00464	0.00473	0.00598	0.00373	0.00360	0.00632	0.00930	0.01140	0.07300	0.07403	0.64252	0.01216	0.06803	0.00184	0.00290	0.05911	0.00376	0.00355
24	0.00941	0.01003	0.01795	0.01383	0.01570	0.01174	0.36566	0.01146	0.00789	0.01146	0.00676	0.01003	0.00583	0.00560	0.00976	0.00163	0.47411	0.00420	0.00194	0.00501
25	0.01157	0.19227	0.38490	0.01018	0.01457	0.18156	0.01101	0.07102	0.01028	0.06505	0.00764	0.00850	0.00574	0.00408	0.00367	0.00117	0.00579	0.00293	0.00223	0.00582
26	0.00589	0.00419	0.00559	0.00568	0.00606	0.00452	0.00393	0.00667	0.00654	0.00907	0.01314	0.10498	0.01409	0.37537	0.41041	0.00506	0.00726	0.00586	0.00251	0.00317
27	0.00597	0.00431	0.00598	0.00598	0.00648	0.00481	0.00433	0.00697	0.00647	0.00913	0.01176	0.01984	0.01191	0.29779	0.57302	0.00582	0.00883	0.00497	0.00232	0.00332
28	0.05046	0.01065	0.04698	0.00865	0.01174	0.06531	0.00729	0.39306	0.06105	0.22155	0.07106	0.01250	0.01023	0.00518	0.00412	0.00126	0.00426	0.00402	0.00413	0.00651
29	0.05097	0.00886	0.04930	0.50011	0.07161	0.03065	0.04359	0.09380	0.00961	0.02399	0.00878	0.02468	0.01946	0.04181	0.00486	0.00147	0.00523	0.00394	0.00228	0.00500

[dist]
# distance from previous block
# <min> <max>
4	15

[block]
# block no. 5 follows, 64 sequences, length 10
# corresponding to MSA columns:
# 279-288
name=unknown_F
#
# <colnr> <probs for GDERKNQSTAVLIFYWHMCP>
#	G	D	E	R	K	N	Q	S	T	A	V	L	I	F	Y	W	H	M	C	P
0	0.01079	0.00675	0.00824	0.00623	0.00934	0.00539	0.00499	0.01256	0.00981	0.22684	0.09161	0.01366	0.04064	0.00448	0.00360	0.00090	0.00301	0.00369	0.03581	0.50167
1	0.00608	0.00429	0.00534	0.00512	0.00622	0.00386	0.00382	0.00772	0.01093	0.04645	0.54875	0.09959	0.21796	0.00920	0.00491	0.00136	0.00209	0.00802	0.00437	0.00390
2	0.00817	0.00752	0.01040	0.00918	0.00942	0.01003	0.00750	0.00928	0.00715	0.01101	0.08174	0.06602	0.01072	0.00965	0.08332	0.00212	0.58178	0.00460	0.06612	0.00429
3	0.00524	0.00377	0.00498	0.00579	0.00619	0.00352	0.00402	0.00616	0.00847	0.01131	0.09838	0.68910	0.06174	0.01239	0.00528	0.00165	0.00245	0.06219	0.00392	0.00346
4	0.00917	0.00774	0.00838	0.00780	0.00971	0.00876	0.00595	0.01844	0.63367	0.01618	0.06675	0.15849	0.01679	0.00706	0.00445	0.00145	0.00306	0.00607	0.00418	0.00587
5	0.00608	0.00429	0.00541	0.00527	0.00624	0.00395	0.00393	0.00766	0.01057	0.03460	0.52388	0.08110	0.14474	0.08284	0.00638	0.00162	0.00235	0.06110	0.00421	0.00378
6	0.03406	0.61275	0.01881	0.06864	0.01227	0.05380	0.00749	0.10678	0.03042	0.01220	0.00670	0.00764	0.00571	0.00386	0.00304	0.00100	0.00462	0.00259	0.00216	0.00547
7	0.00983	0.00823	0.00878	0.00768	0.01013	0.00899	0.00599	0.01911	0.61810	0.01659	0.01507	0.01438	0.01144	0.00515	0.00392	0.00124	0.00314	0.00426	0.08000	0.14797
8	0.08034	0.16247	0.07610	0.00971	0.08228	0.04054	0.01809	0.14564	0.15728	0.04137	0.05655	0.05800	0.01099	0.00542	0.00392	0.00127	0.00417	0.03695	0.00317	0.00574
9	0.00769	0.00490	0.00614	0.00600	0.00726	0.00446	0.00443	0.00916	0.03766	0.11878	0.05057	0.33948	0.09778	0.10566	0.00667	0.00176	0.00294	0.08874	0.00376	0.09615

[dist]
# distance from previous block
# <min> <max>
0	12

[block]
# block no. 6 follows, 64 sequences, length 14
# corresponding to MSA columns:
# 301-314
name=unknown_G
#
# <colnr> <probs for GDERKNQSTAVLIFYWHMCP>
#	G	D	E	R	K	N	Q	S	T	A	V	L	I	F	Y	W	H	M	C	P
0	0.04167	0.00505	0.00626	0.00634	0.00766	0.00477	0.00508	0.02707	0.00942	0.06351	0.06876	0.16383	0.14261	0.05941	0.00595	0.00172	0.00317	0.30617	0.00374	0.06781
1	0.22016	0.05272	0.07735	0.00858	0.03307	0.10070	0.02558	0.13590	0.08853	0.08160	0.02057	0.07114	0.00865	0.00501	0.00370	0.00124	0.00428	0.00386	0.00311	0.05424
2	0.00746	0.00524	0.00591	0.00549	0.00703	0.00494	0.00416	0.03659	0.09994	0.08393	0.13262	0.08850	0.38232	0.04325	0.00560	0.02085	0.00259	0.01582	0.02350	0.02426
3	0.00953	0.00962	0.03851	0.23315	0.38793	0.00972	0.15792	0.04163	0.00946	0.01304	0.00802	0.01086	0.00641	0.00502	0.04010	0.00154	0.00575	0.00393	0.00209	0.00578
4	0.06627	0.00716	0.00888	0.00713	0.00995	0.00678	0.00579	0.04204	0.11859	0.55858	0.03516	0.01540	0.04845	0.00544	0.00408	0.00129	0.00334	0.00439	0.04479	0.00647
5	0.00668	0.00487	0.00674	0.00652	0.00719	0.00556	0.00490	0.04902	0.00713	0.01006	0.01090	0.01733	0.01061	0.17058	0.56089	0.06939	0.04113	0.00460	0.00233	0.00357
6	0.00789	0.00558	0.00700	0.00616	0.00781	0.00533	0.04025	0.06834	0.06575	0.08171	0.31415	0.06616	0.25107	0.00816	0.00467	0.00134	0.00265	0.00705	0.04442	0.00451
7	0.07720	0.00965	0.01074	0.08446	0.01280	0.01071	0.00728	0.52662	0.01554	0.05940	0.01013	0.01089	0.00740	0.00618	0.04719	0.00152	0.00460	0.00370	0.08782	0.00617
8	0.01152	0.00780	0.01034	0.07137	0.02465	0.02150	0.06521	0.15888	0.06308	0.18857	0.17720	0.01736	0.02678	0.06770	0.00608	0.00152	0.04762	0.00496	0.02237	0.00548
9	0.01188	0.00912	0.01069	0.05209	0.04778	0.07605	0.03616	0.10797	0.04068	0.15939	0.00989	0.02776	0.00759	0.00426	0.00393	0.00102	0.02184	0.00344	0.00313	0.36534
10	0.00761	0.00512	0.00642	0.00634	0.00751	0.00504	0.00485	0.06757	0.04755	0.07790	0.18220	0.26654	0.09407	0.03621	0.04871	0.00187	0.00329	0.12294	0.00401	0.00426
11	0.60642	0.00816	0.00733	0.00622	0.00885	0.00908	0.00510	0.12504	0.00967	0.10546	0.06732	0.00975	0.00800	0.00449	0.00313	0.00128	0.00335	0.00305	0.00321	0.00509
12	0.00595	0.00418	0.00528	0.00523	0.00614	0.00381	0.00380	0.00741	0.01036	0.03824	0.47983	0.21005	0.14783	0.04602	0.00567	0.00152	0.00221	0.00846	0.00424	0.00377
13	0.19471	0.00900	0.02663	0.00745	0.01043	0.05862	0.03681	0.06109	0.10958	0.03326	0.00929	0.01138	0.00765	0.02378	0.00400	0.00113	0.01530	0.03732	0.00287	0.33970

[dist]
# distance from previous block
# <min> <max>
1	5

[block]
# block no. 7 follows, 64 sequences, length 11
# corresponding to MSA columns:
# 330-340
name=unknown_H
#
# <colnr> <probs for GDERKNQSTAVLIFYWHMCP>
#	G	D	E	R	K	N	Q	S	T	A	V	L	I	F	Y	W	H	M	C	P
0	0.03424	0.08577	0.12305	0.01047	0.07978	0.02792	0.09631	0.03164	0.04827	0.01280	0.03300	0.18532	0.03331	0.00741	0.00494	0.00147	0.04009	0.13639	0.00291	0.00489
1	0.41180	0.03431	0.00872	0.00695	0.00964	0.06806	0.00569	0.19196	0.01109	0.12784	0.03236	0.00971	0.00728	0.00449	0.00331	0.00123	0.00379	0.00311	0.05324	0.00541
2	0.01061	0.00636	0.00747	0.03703	0.00905	0.00663	0.00531	0.08615	0.17493	0.16474	0.07771	0.06424	0.01409	0.00663	0.02344	0.00139	0.00318	0.03230	0.26342	0.00529
3	0.00755	0.06467	0.05048	0.00777	0.00946	0.00616	0.07319	0.00933	0.00936	0.05840	0.09071	0.15798	0.10946	0.02867	0.00563	0.00164	0.02805	0.27373	0.00350	0.00427
4	0.00597	0.00400	0.00455	0.00462	0.00463	0.00398	0.00261	0.00602	0.00617	0.00823	0.01376	0.08385	0.01595	0.79620	0.02005	0.00387	0.00392	0.00644	0.00261	0.00258
5	0.00954	0.00944	0.06750	0.00962	0.03266	0.04362	0.12660	0.09505	0.25762	0.02875	0.10097	0.07004	0.11754	0.00640	0.00450	0.00137	0.00405	0.00565	0.00357	0.00552
6	0.00865	0.00998	0.15049	0.02874	0.01232	0.00670	0.05272	0.02783	0.00891	0.01356	0.00799	0.03509	0.00668	0.00363	0.00345	0.00085	0.00389	0.00305	0.00238	0.61308
7	0.00554	0.00422	0.00499	0.00506	0.00606	0.00384	0.00369	0.00719	0.03355	0.01340	0.32919	0.21787	0.30774	0.01003	0.00492	0.00142	0.00215	0.00874	0.02667	0.00373
8	0.00972	0.02864	0.01037	0.04729	0.07795	0.02190	0.01975	0.05012	0.05334	0.04390	0.00835	0.00948	0.00667	0.00352	0.00340	0.00083	0.00362	0.00290	0.00265	0.59560
9	0.00702	0.00501	0.00637	0.00614	0.00708	0.00528	0.00472	0.03641	0.03621	0.02964	0.29424	0.15660	0.05257	0.01070	0.08361	0.00191	0.07391	0.05332	0.12516	0.00409
10	0.01056	0.14774	0.29496	0.06250	0.13767	0.03804	0.06409	0.08888	0.02961	0.04676	0.00803	0.00942	0.00612	0.00414	0.00421	0.00125	0.03443	0.00334	0.00227	0.00599

[dist]
# distance from previous block
# <min> <max>
1	4

[block]
# block no. 8 follows, 64 sequences, length 14
# corresponding to MSA columns:
# 345-358
name=unknown_I
#
# <colnr> <probs for GDERKNQSTAVLIFYWHMCP>
#	G	D	E	R	K	N	Q	S	T	A	V	L	I	F	Y	W	H	M	C	P
0	0.14934	0.03342	0.00901	0.00751	0.00939	0.05288	0.04539	0.08227	0.08622	0.03158	0.05033	0.02472	0.03373	0.06057	0.24688	0.00299	0.02962	0.00426	0.00287	0.03701
1	0.02455	0.31637	0.27298	0.00920	0.01342	0.03427	0.03925	0.04904	0.07914	0.03781	0.00802	0.00882	0.00626	0.00395	0.00346	0.00110	0.00489	0.00296	0.00228	0.08222
2	0.05551	0.00802	0.04070	0.00718	0.01038	0.00687	0.00601	0.07025	0.07906	0.31738	0.04166	0.04057	0.01009	0.00479	0.00380	0.00109	0.00343	0.00388	0.00382	0.28551
3	0.00847	0.10036	0.72511	0.01111	0.01683	0.01007	0.01412	0.01282	0.00876	0.01276	0.00856	0.00971	0.03521	0.00415	0.00386	0.00128	0.00583	0.00320	0.00183	0.00597
4	0.03116	0.00758	0.01245	0.38065	0.17505	0.00843	0.07181	0.01073	0.02832	0.01213	0.04928	0.06302	0.06661	0.00556	0.00464	0.00140	0.02840	0.03544	0.00244	0.00490
5	0.03253	0.00695	0.00762	0.00664	0.00841	0.03978	0.00515	0.18848	0.04264	0.08147	0.34756	0.08696	0.09235	0.02855	0.00498	0.00139	0.00307	0.00638	0.00419	0.00490
6	0.47455	0.00781	0.00780	0.00655	0.00930	0.00830	0.00540	0.06203	0.03959	0.28898	0.01067	0.01146	0.00772	0.00475	0.00340	0.00131	0.00343	0.03776	0.00363	0.00555
7	0.03783	0.00464	0.00577	0.00609	0.00689	0.00461	0.00451	0.03864	0.03680	0.01309	0.18726	0.37264	0.04452	0.06605	0.02419	0.00186	0.00297	0.13400	0.00385	0.00380
8	0.03388	0.24935	0.20874	0.06402	0.08358	0.08352	0.10162	0.06446	0.02068	0.04236	0.00760	0.00893	0.00591	0.00394	0.00370	0.00118	0.00543	0.00318	0.00219	0.00573
9	0.04658	0.00544	0.00694	0.02930	0.00836	0.00555	0.00515	0.03852	0.04170	0.15222	0.04735	0.40138	0.06718	0.01026	0.02900	0.00170	0.05174	0.04329	0.00385	0.00447
10	0.00621	0.00411	0.00501	0.00528	0.00609	0.00377	0.00377	0.00730	0.00896	0.05397	0.13153	0.35421	0.19719	0.07863	0.00621	0.00169	0.00250	0.04382	0.07610	0.00366
11	0.08142	0.00854	0.03111	0.02700	0.10568	0.00818	0.17161	0.05740	0.08602	0.20389	0.04971	0.03988	0.06950	0.00553	0.00436	0.00136	0.00431	0.03523	0.00348	0.00577
12	0.05511	0.00943	0.04339	0.14789	0.21530	0.00943	0.07911	0.13789	0.06295	0.14386	0.01041	0.03405	0.00792	0.00506	0.01877	0.00141	0.00483	0.00409	0.00304	0.00607
13	0.12349	0.00970	0.05321	0.00860	0.01165	0.05633	0.06486	0.04698	0.21381	0.22528	0.01195	0.01172	0.00858	0.00468	0.00414	0.00125	0.02799	0.00374	0.00357	0.10846

[dist]
# distance from previous block
# <min> <max>
3	30

[block]
# block no. 9 follows, 64 sequences, length 32
# corresponding to MSA columns:
# 389-418,460,461
name=unknown_J
#
# <colnr> <probs for GDERKNQSTAVLIFYWHMCP>
#	G	D	E	R	K	N	Q	S	T	A	V	L	I	F	Y	W	H	M	C	P
0	0.14287	0.02617	0.12750	0.02967	0.09810	0.05614	0.00821	0.14563	0.02911	0.06705	0.02765	0.02026	0.00733	0.00434	0.00389	0.00115	0.02514	0.00332	0.00283	0.17364
1	0.00731	0.00485	0.00604	0.00591	0.00720	0.00437	0.00434	0.02091	0.03371	0.09803	0.11339	0.41182	0.12996	0.00987	0.00480	0.00144	0.00261	0.02941	0.00393	0.10010
2	0.03496	0.03292	0.05631	0.00789	0.03344	0.00698	0.03724	0.04835	0.13163	0.02590	0.12465	0.14765	0.05483	0.04336	0.00530	0.00146	0.01973	0.06892	0.00342	0.11506
3	0.01207	0.01060	0.03209	0.00910	0.03075	0.08897	0.00722	0.31761	0.19700	0.01867	0.03768	0.06411	0.01066	0.00562	0.00437	0.00126	0.02471	0.02364	0.00361	0.10025
4	0.07658	0.62537	0.11474	0.00756	0.01134	0.01442	0.00778	0.03496	0.00870	0.01150	0.00618	0.00711	0.00535	0.00364	0.00287	0.00096	0.00448	0.00238	0.00194	0.05215
5	0.00550	0.00434	0.02669	0.00583	0.00650	0.00374	0.00426	0.00651	0.00847	0.02285	0.06009	0.58972	0.13613	0.03471	0.00564	0.00170	0.00261	0.06737	0.00381	0.00355
6	0.05101	0.08773	0.36033	0.01138	0.03480	0.00999	0.14465	0.04208	0.05758	0.09336	0.02881	0.01044	0.00728	0.00422	0.00413	0.00128	0.01841	0.00361	0.00250	0.02642
7	0.13422	0.01021	0.03609	0.03586	0.01454	0.06878	0.26779	0.04161	0.03840	0.08786	0.00974	0.03844	0.02740	0.00541	0.01625	0.00149	0.15377	0.00426	0.00263	0.00526
8	0.00561	0.00414	0.00538	0.03207	0.00687	0.00391	0.00418	0.00693	0.00954	0.01288	0.31644	0.32661	0.12286	0.05610	0.00596	0.00165	0.00250	0.06875	0.00398	0.00361
9	0.08661	0.01253	0.27086	0.00972	0.04937	0.03565	0.00934	0.10442	0.04655	0.17087	0.06364	0.03602	0.02598	0.00535	0.00437	0.00134	0.02982	0.02844	0.00322	0.00589
10	0.05754	0.06541	0.08523	0.14299	0.11580	0.11450	0.07810	0.07668	0.04740	0.08348	0.05052	0.03700	0.01790	0.00476	0.00405	0.00127	0.00503	0.00403	0.00275	0.00555
11	0.01587	0.02910	0.01093	0.00834	0.01138	0.02380	0.01840	0.30901	0.07149	0.38547	0.03746	0.03804	0.01038	0.00538	0.00419	0.00128	0.00396	0.00432	0.00448	0.00673
12	0.02099	0.00615	0.00729	0.00676	0.00844	0.00620	0.00529	0.12250	0.10158	0.13520	0.08526	0.21731	0.10512	0.00860	0.00469	0.00146	0.00306	0.10381	0.04534	0.00494
13	0.10456	0.08925	0.15967	0.04478	0.04521	0.01889	0.07428	0.08857	0.10148	0.12292	0.03190	0.04963	0.00893	0.00497	0.00431	0.00131	0.03649	0.00403	0.00301	0.00580
14	0.01017	0.06723	0.07412	0.18906	0.19723	0.02195	0.16141	0.10928	0.04840	0.01423	0.03128	0.01098	0.00734	0.00428	0.00453	0.00131	0.03514	0.00392	0.00240	0.00576
15	0.00608	0.00439	0.00554	0.00599	0.00681	0.00420	0.00443	0.00795	0.06270	0.03205	0.14069	0.43304	0.13068	0.01113	0.00516	0.00160	0.00260	0.12711	0.00401	0.00384
16	0.00867	0.02502	0.08788	0.04672	0.03722	0.00771	0.16625	0.10769	0.02981	0.03984	0.05431	0.25620	0.06791	0.00792	0.02135	0.00154	0.01906	0.00676	0.00318	0.00496
17	0.07159	0.22725	0.20262	0.00939	0.03918	0.04791	0.02779	0.12331	0.04293	0.08787	0.01921	0.02055	0.04246	0.00464	0.00381	0.00120	0.01625	0.00351	0.00273	0.00580
18	0.00769	0.00525	0.00737	0.03146	0.04735	0.00521	0.01846	0.04128	0.02832	0.07230	0.01934	0.33630	0.02091	0.01062	0.00571	0.04216	0.00344	0.28897	0.00370	0.00418
19	0.00544	0.00406	0.00500	0.00559	0.00623	0.00377	0.00390	0.03234	0.00883	0.01149	0.05218	0.59839	0.20391	0.01202	0.00518	0.00160	0.00243	0.03021	0.00389	0.00355
20	0.04953	0.42354	0.18136	0.00883	0.03513	0.03288	0.00873	0.08400	0.05228	0.04880	0.03437	0.00909	0.00717	0.00413	0.00334	0.00110	0.00465	0.00297	0.00240	0.00573
21	0.04684	0.08689	0.05575	0.26751	0.03642	0.00969	0.09580	0.03261	0.17950	0.03554	0.03815	0.04153	0.03633	0.00509	0.00414	0.00134	0.00461	0.01414	0.00279	0.00533
22	0.00722	0.00458	0.00588	0.00547	0.00670	0.00420	0.00416	0.00915	0.02414	0.10058	0.58426	0.07302	0.09926	0.00849	0.00481	0.00134	0.00222	0.02535	0.02494	0.00422
23	0.02337	0.00566	0.00679	0.00655	0.00781	0.00576	0.00488	0.17003	0.01054	0.06142	0.02051	0.43967	0.10939	0.01241	0.09267	0.00206	0.00381	0.00846	0.00380	0.00440
24	0.07504	0.03691	0.22403	0.05134	0.14494	0.05233	0.11871	0.02338	0.03156	0.16890	0.00935	0.01039	0.00675	0.00422	0.00424	0.00130	0.02432	0.00362	0.00267	0.00602
25	0.00607	0.00453	0.00675	0.00670	0.00737	0.00531	0.00518	0.00738	0.00660	0.00952	0.01086	0.01619	0.01022	0.04622	0.76653	0.04106	0.03323	0.00443	0.00220	0.00363
26	0.00701	0.00451	0.00584	0.00541	0.00662	0.00410	0.00412	0.00883	0.01145	0.09368	0.65021	0.05041	0.10020	0.00850	0.00486	0.00133	0.00217	0.02205	0.00454	0.00417
27	0.06316	0.30109	0.26990	0.06352	0.01472	0.12686	0.03956	0.04197	0.00941	0.02497	0.00690	0.00812	0.00545	0.00391	0.00346	0.00114	0.00547	0.00283	0.00202	0.00551
28	0.07377	0.38145	0.05695	0.04318	0.07975	0.10896	0.00809	0.10490	0.01040	0.08630	0.00760	0.00839	0.00602	0.00402	0.00333	0.00108	0.00481	0.00285	0.00247	0.00568
29	0.00621	0.00433	0.00560	0.00523	0.00630	0.00396	0.00394	0.00811	0.01162	0.04128	0.75402	0.03105	0.08561	0.00851	0.00488	0.00131	0.00202	0.00749	0.00455	0.00399
30	0.00703	0.00593	0.00629	0.00684	0.03115	0.09390	0.00472	0.00834	0.02504	0.03703	0.15819	0.47842	0.08042	0.01044	0.00496	0.00151	0.00302	0.02908	0.00379	0.00391
31	0.04101	0.14881	0.07465	0.00960	0.05511	0.08519	0.02674	0.21781	0.02282	0.23445	0.03693	0.01094	0.00835	0.00464	0.00386	0.00120	0.00459	0.00358	0.00348	0.00626

[dist]
# distance from previous block
# <min> <max>
0	2

[block]
# block no. 10 follows, 64 sequences, length 20
# corresponding to MSA columns:
# 464-483
name=unknown_K
#
# <colnr> <probs for GDERKNQSTAVLIFYWHMCP>
#	G	D	E	R	K	N	Q	S	T	A	V	L	I	F	Y	W	H	M	C	P
0	0.04074	0.04587	0.27754	0.11655	0.20857	0.07478	0.05401	0.08623	0.01006	0.01391	0.00800	0.03071	0.00637	0.00422	0.00400	0.00128	0.00553	0.00358	0.00219	0.00585
1	0.00929	0.00731	0.03206	0.06304	0.14882	0.00695	0.06379	0.03416	0.08695	0.11884	0.23880	0.06636	0.08240	0.00659	0.00455	0.00135	0.00361	0.01621	0.00365	0.00526
2	0.01099	0.03866	0.09607	0.02410	0.07068	0.02076	0.05876	0.04684	0.07653	0.15346	0.02605	0.02091	0.00839	0.00424	0.00379	0.00106	0.00407	0.01159	0.00304	0.32001
3	0.17478	0.00735	0.00860	0.00673	0.00973	0.00674	0.01728	0.04751	0.02098	0.29314	0.05608	0.01277	0.00977	0.02393	0.00401	0.00116	0.00336	0.01952	0.00363	0.27294
4	0.01233	0.60058	0.03564	0.00809	0.01144	0.15224	0.00752	0.10787	0.01031	0.01185	0.00641	0.00723	0.00554	0.00385	0.00305	0.00097	0.00500	0.00249	0.00212	0.00547
5	0.01352	0.01392	0.01080	0.00944	0.02567	0.41850	0.00719	0.11703	0.03716	0.07309	0.08323	0.01095	0.00938	0.00483	0.00428	0.00112	0.04007	0.00346	0.00293	0.11343
6	0.01328	0.02617	0.08651	0.03666	0.08399	0.02602	0.06912	0.08994	0.12715	0.31038	0.05545	0.01407	0.03190	0.00507	0.00423	0.00130	0.00426	0.00433	0.00382	0.00634
7	0.00589	0.00423	0.00506	0.00497	0.00601	0.00379	0.00362	0.00722	0.01006	0.04190	0.36159	0.14197	0.30921	0.06844	0.00606	0.00158	0.00227	0.00830	0.00411	0.00372
8	0.81913	0.00771	0.00601	0.00549	0.00789	0.00888	0.00445	0.01174	0.00713	0.01805	0.00704	0.06852	0.00618	0.00453	0.00277	0.00131	0.00315	0.00295	0.00266	0.00442
9	0.00827	0.00911	0.07456	0.62535	0.04511	0.00949	0.14659	0.01130	0.00862	0.01132	0.00757	0.01091	0.00567	0.00402	0.00426	0.00138	0.00581	0.00385	0.00189	0.00494
10	0.00846	0.02235	0.02389	0.05333	0.02965	0.00602	0.02941	0.05528	0.02238	0.10571	0.01327	0.11640	0.01314	0.29868	0.18039	0.00336	0.00549	0.00567	0.00295	0.00415
11	0.00514	0.00374	0.00486	0.00573	0.00613	0.00347	0.00394	0.00596	0.00820	0.01077	0.02480	0.72416	0.10868	0.01267	0.00529	0.00167	0.00246	0.05508	0.00385	0.00341
12	0.00864	0.00676	0.00756	0.02560	0.00923	0.08081	0.00618	0.07433	0.03328	0.06130	0.04114	0.23631	0.03289	0.00982	0.00525	0.00164	0.01849	0.33269	0.00374	0.00436
13	0.01148	0.42659	0.09002	0.00925	0.03443	0.16769	0.04647	0.04623	0.03022	0.02730	0.00814	0.06960	0.00738	0.00456	0.00345	0.00109	0.00511	0.00341	0.00224	0.00535
14	0.03621	0.00599	0.00698	0.00653	0.00813	0.01841	0.00500	0.03751	0.14211	0.17050	0.11385	0.23161	0.09566	0.02487	0.00495	0.00150	0.00296	0.05423	0.02812	0.00487
15	0.00619	0.00545	0.06584	0.00586	0.00715	0.00424	0.00478	0.00791	0.01022	0.04259	0.41372	0.24611	0.12901	0.00954	0.00493	0.00143	0.00249	0.02447	0.00409	0.00400
16	0.10961	0.01066	0.01081	0.00887	0.01139	0.13228	0.02103	0.24712	0.04998	0.20506	0.01057	0.01134	0.00778	0.00521	0.00506	0.00132	0.10303	0.02175	0.02115	0.00597
17	0.01114	0.00992	0.08185	0.03519	0.04715	0.03795	0.05349	0.29337	0.05744	0.06220	0.03854	0.16534	0.05752	0.00675	0.00447	0.00137	0.00425	0.02281	0.00359	0.00567
18	0.00955	0.00527	0.00682	0.00613	0.00769	0.00489	0.00473	0.04559	0.02424	0.22414	0.36361	0.14725	0.06442	0.00848	0.00511	0.02829	0.00268	0.03194	0.00445	0.00474
19	0.01002	0.00846	0.00905	0.00676	0.01020	0.06685	0.00538	0.05349	0.02597	0.05929	0.02591	0.00953	0.00722	0.00355	0.00330	0.00075	0.00348	0.00279	0.00276	0.68524

[dist]
# distance from previous block
# <min> <max>
0	18

[block]
# block no. 11 follows, 64 sequences, length 26
# corresponding to MSA columns:
# 502-527
name=unknown_L
#
# <colnr> <probs for GDERKNQSTAVLIFYWHMCP>
#	G	D	E	R	K	N	Q	S	T	A	V	L	I	F	Y	W	H	M	C	P
0	0.01133	0.16070	0.29604	0.00992	0.01394	0.08407	0.04569	0.11081	0.02157	0.08905	0.02185	0.02583	0.00714	0.00450	0.00422	0.00121	0.04178	0.00341	0.00256	0.04435
1	0.01057	0.20854	0.25352	0.03361	0.08252	0.01076	0.14937	0.02662	0.02625	0.10418	0.04885	0.01074	0.00799	0.00417	0.00392	0.00122	0.00520	0.00365	0.00245	0.00587
2	0.00630	0.03504	0.00544	0.00495	0.00536	0.00462	0.00315	0.02944	0.00720	0.00943	0.02874	0.12053	0.09204	0.59723	0.01616	0.00325	0.00366	0.02163	0.00287	0.00298
3	0.00982	0.28469	0.39805	0.03220	0.03520	0.01182	0.04619	0.05160	0.03350	0.02340	0.00793	0.00979	0.00631	0.00415	0.00367	0.00120	0.00533	0.02724	0.00208	0.00583
4	0.06688	0.09568	0.10458	0.11666	0.14256	0.04485	0.04383	0.04433	0.15722	0.04213	0.02785	0.01100	0.00789	0.00464	0.00467	0.00131	0.07188	0.00368	0.00263	0.00572
5	0.06461	0.13254	0.00857	0.00674	0.00825	0.00653	0.00568	0.00957	0.00911	0.07847	0.03392	0.20442	0.07324	0.00949	0.00478	0.00158	0.00341	0.33127	0.00357	0.00424
6	0.00573	0.00399	0.00491	0.00518	0.00552	0.00384	0.00341	0.00644	0.00795	0.01073	0.16931	0.26669	0.04808	0.38335	0.01223	0.00265	0.00311	0.05035	0.00340	0.00313
7	0.01468	0.04306	0.01297	0.01200	0.08654	0.62386	0.03891	0.06450	0.02702	0.02854	0.00722	0.00829	0.00584	0.00426	0.00383	0.00111	0.00681	0.00297	0.00234	0.00524
8	0.03000	0.10534	0.03808	0.00934	0.01226	0.27553	0.00771	0.27011	0.11294	0.08461	0.00961	0.00975	0.00718	0.00465	0.00384	0.00118	0.00527	0.00334	0.00324	0.00602
9	0.06059	0.01373	0.01168	0.01042	0.03524	0.33940	0.00804	0.17747	0.07435	0.01455	0.00804	0.00975	0.00663	0.00528	0.00603	0.00133	0.19119	0.01824	0.00269	0.00536
10	0.00580	0.00460	0.00591	0.01559	0.00727	0.00431	0.02875	0.00758	0.04358	0.01238	0.14807	0.25415	0.29520	0.01055	0.00511	0.00155	0.00268	0.13924	0.00390	0.00379
11	0.01099	0.01199	0.03339	0.10849	0.20293	0.15265	0.35985	0.01371	0.00996	0.04357	0.00810	0.01041	0.00625	0.00382	0.00440	0.00130	0.00631	0.00405	0.00218	0.00564
12	0.01080	0.76117	0.02013	0.00706	0.01036	0.03988	0.00687	0.01218	0.00881	0.01035	0.07355	0.00870	0.00813	0.00398	0.00288	0.00093	0.00433	0.00267	0.00202	0.00520
13	0.00706	0.00632	0.00811	0.07644	0.01005	0.06644	0.06279	0.00920	0.06173	0.01243	0.18853	0.35481	0.03313	0.01033	0.05008	0.00177	0.02524	0.00796	0.00348	0.00411
14	0.00531	0.00379	0.00510	0.00602	0.00638	0.00358	0.00425	0.00623	0.00829	0.01104	0.04785	0.71583	0.02735	0.01266	0.00535	0.00171	0.00259	0.11934	0.00387	0.00345
15	0.00681	0.00472	0.00633	0.00696	0.00784	0.00468	0.00570	0.00874	0.03857	0.03571	0.08154	0.16064	0.02406	0.08069	0.00678	0.00197	0.00346	0.50710	0.00383	0.00385
16	0.00620	0.00466	0.00572	0.00550	0.00660	0.00444	0.00412	0.02925	0.06023	0.01548	0.54808	0.11993	0.14241	0.00904	0.00490	0.00138	0.00221	0.02145	0.00435	0.00405
17	0.00997	0.00740	0.03776	0.00718	0.00918	0.00718	0.00578	0.21175	0.10606	0.09673	0.20602	0.18887	0.07294	0.00785	0.00461	0.00139	0.00317	0.00671	0.00419	0.00526
18	0.07913	0.00522	0.00685	0.00666	0.00774	0.00601	0.00517	0.00950	0.08750	0.02706	0.01145	0.01573	0.01027	0.05113	0.63258	0.00544	0.00920	0.00433	0.01494	0.00409
19	0.00511	0.00370	0.00479	0.00559	0.00595	0.00343	0.00376	0.00588	0.00816	0.01081	0.05467	0.72824	0.09355	0.03804	0.00573	0.00172	0.00242	0.01122	0.00384	0.00338
20	0.03725	0.00896	0.01053	0.00828	0.01128	0.00927	0.00680	0.36684	0.05263	0.35247	0.01291	0.01238	0.00885	0.00721	0.07298	0.00172	0.00460	0.00398	0.00436	0.00670
21	0.02465	0.03983	0.01321	0.03618	0.03901	0.31924	0.11187	0.20877	0.03596	0.04648	0.00885	0.00988	0.00676	0.00442	0.00393	0.00118	0.00570	0.00348	0.07506	0.00558
22	0.00600	0.00456	0.00563	0.00621	0.00694	0.00454	0.00449	0.00845	0.12206	0.01189	0.03739	0.54328	0.09709	0.02199	0.00536	0.00167	0.00268	0.10199	0.00390	0.00388
