[name]
unknown

[dist]
# distance from previous block
# <min> <max>
0	389

[block]
# block no. 0 follows, 54 sequences, length 24
# corresponding to MSA columns:
# 456-479
name=unknown_A
#
# <colnr> <probs for GDERKNQSTAVLIFYWHMCP>
#	G	D	E	R	K	N	Q	S	T	A	V	L	I	F	Y	W	H	M	C	P
0	0.14415	0.03433	0.02737	0.07218	0.01377	0.08208	0.05403	0.08159	0.02636	0.04099	0.04694	0.02850	0.00975	0.00622	0.03671	0.00148	0.00505	0.02027	0.00313	0.26510
1	0.13537	0.03884	0.01241	0.07137	0.01369	0.05909	0.04423	0.12340	0.02663	0.05641	0.01064	0.04118	0.02754	0.00782	0.05755	0.00187	0.15664	0.00429	0.00310	0.10790
2	0.21329	0.01097	0.04733	0.24463	0.05757	0.08507	0.04633	0.04244	0.04203	0.04076	0.00946	0.03954	0.00769	0.00625	0.03234	0.00172	0.04424	0.00412	0.00277	0.02146
3	0.03577	0.13533	0.04961	0.31535	0.08199	0.04400	0.01045	0.05967	0.01038	0.01403	0.00837	0.01105	0.00675	0.00595	0.04252	0.00160	0.02588	0.00364	0.00242	0.13521
4	0.01073	0.03128	0.01511	0.09653	0.38745	0.00972	0.03561	0.04934	0.02311	0.02743	0.01084	0.04771	0.00983	0.08259	0.02987	0.00185	0.00538	0.01991	0.00274	0.10297
5	0.33589	0.01161	0.01090	0.00898	0.01221	0.04553	0.00730	0.35633	0.12823	0.02432	0.01051	0.01074	0.00777	0.00525	0.00403	0.00145	0.00454	0.00372	0.00396	0.00674
6	0.00771	0.00586	0.00694	0.00602	0.00766	0.00506	0.00419	0.00891	0.00927	0.01336	0.16925	0.08372	0.02020	0.33353	0.01218	0.00247	0.00361	0.00631	0.00341	0.29031
7	0.00663	0.00457	0.00562	0.03471	0.00689	0.00443	0.00389	0.00685	0.00809	0.01046	0.02261	0.20933	0.17377	0.33604	0.01482	0.13256	0.00372	0.00842	0.00335	0.00326
8	0.06329	0.01418	0.04711	0.01500	0.10241	0.14177	0.20075	0.24024	0.04083	0.04424	0.00990	0.01131	0.00746	0.00496	0.00512	0.00146	0.03560	0.00429	0.00326	0.00681
9	0.06672	0.01264	0.18445	0.07628	0.03908	0.06989	0.09450	0.05449	0.03893	0.01673	0.22670	0.01872	0.03814	0.00729	0.03378	0.00170	0.00546	0.00540	0.00334	0.00575
10	0.00662	0.00453	0.00524	0.00536	0.00556	0.00443	0.00320	0.00694	0.00777	0.01034	0.06734	0.14056	0.06423	0.62610	0.01939	0.00385	0.00405	0.00802	0.00329	0.00315
11	0.00906	0.00693	0.00816	0.04965	0.01022	0.00716	0.00608	0.16340	0.05296	0.01697	0.11974	0.10318	0.21719	0.07025	0.03184	0.00205	0.00396	0.11187	0.00427	0.00504
12	0.01171	0.35602	0.31761	0.01319	0.12074	0.07978	0.01251	0.01485	0.01018	0.01314	0.00764	0.00908	0.00621	0.00429	0.00389	0.00126	0.00612	0.00315	0.00208	0.00654
13	0.01423	0.01594	0.01383	0.01365	0.11158	0.38293	0.05580	0.01972	0.26335	0.01510	0.03895	0.01298	0.01030	0.00538	0.00460	0.00139	0.00637	0.00426	0.00327	0.00637
14	0.00608	0.00465	0.00548	0.00580	0.00680	0.00419	0.00422	0.00732	0.01038	0.01332	0.15359	0.24887	0.34803	0.08206	0.00733	0.00196	0.00281	0.07877	0.00437	0.00395
15	0.01128	0.01130	0.01923	0.18114	0.51090	0.04126	0.12743	0.01426	0.01064	0.01456	0.00881	0.01188	0.00714	0.00429	0.00479	0.00145	0.00619	0.00436	0.00230	0.00680
16	0.18130	0.06782	0.18878	0.01242	0.03693	0.01188	0.17278	0.10100	0.08993	0.04589	0.01020	0.02534	0.00780	0.00495	0.00464	0.00149	0.02310	0.00419	0.00303	0.00654
17	0.07306	0.06787	0.64735	0.01309	0.01943	0.01143	0.07445	0.01482	0.00988	0.01519	0.00830	0.00986	0.00600	0.00441	0.00437	0.00147	0.00669	0.00352	0.00209	0.00673
18	0.00913	0.00544	0.00701	0.00699	0.00809	0.00522	0.00522	0.03642	0.01034	0.12765	0.08417	0.23238	0.05499	0.18239	0.02670	0.02508	0.00389	0.16017	0.00424	0.00449
19	0.01424	0.05923	0.06278	0.06053	0.26868	0.11964	0.05284	0.06830	0.02743	0.16376	0.03360	0.01258	0.00903	0.00499	0.00482	0.00141	0.02176	0.00423	0.00324	0.00692
20	0.01275	0.01098	0.01766	0.12117	0.52695	0.01133	0.04116	0.11847	0.01230	0.06703	0.00978	0.01205	0.00765	0.00455	0.00472	0.00143	0.00561	0.00429	0.00285	0.00727
21	0.01696	0.13873	0.01521	0.01123	0.01423	0.50021	0.00892	0.20978	0.01500	0.01600	0.00818	0.00907	0.00655	0.00494	0.00419	0.00123	0.00717	0.00326	0.00294	0.00619
22	0.01163	0.01141	0.01895	0.05102	0.49158	0.03214	0.14787	0.03736	0.03774	0.01569	0.00930	0.01180	0.00754	0.00424	0.00470	0.00137	0.00582	0.00431	0.00254	0.09299
23	0.00968	0.06204	0.73870	0.01347	0.02020	0.01135	0.05076	0.01490	0.00999	0.01476	0.00842	0.00996	0.00603	0.00444	0.00446	0.00147	0.00692	0.00353	0.00201	0.00690

[dist]
# distance from previous block
# <min> <max>
0	4

[block]
# block no. 1 follows, 54 sequences, length 8
# corresponding to MSA columns:
# 484-491
name=unknown_B
#
# <colnr> <probs for GDERKNQSTAVLIFYWHMCP>
#	G	D	E	R	K	N	Q	S	T	A	V	L	I	F	Y	W	H	M	C	P
0	0.00812	0.00692	0.00932	0.05874	0.01148	0.00709	0.07128	0.01272	0.19340	0.01551	0.13934	0.12641	0.20151	0.00968	0.00551	0.00169	0.00368	0.10817	0.00428	0.00516
1	0.01155	0.01102	0.01886	0.14416	0.58435	0.01134	0.07853	0.05500	0.01118	0.01564	0.00898	0.01187	0.00730	0.00433	0.00475	0.00144	0.00588	0.00432	0.00243	0.00708
2	0.01300	0.01242	0.11914	0.01796	0.22386	0.01035	0.25226	0.01700	0.06463	0.17674	0.03673	0.01381	0.00967	0.00482	0.00497	0.00150	0.00595	0.00486	0.00327	0.00708
3	0.00609	0.00430	0.00532	0.00598	0.00626	0.00408	0.00383	0.00667	0.00844	0.01115	0.02387	0.51890	0.07920	0.27958	0.01180	0.00275	0.00331	0.01105	0.00389	0.00353
4	0.06675	0.06149	0.01699	0.17823	0.21901	0.01110	0.12268	0.08621	0.01185	0.16438	0.01063	0.01228	0.00779	0.00471	0.00461	0.00145	0.00559	0.00429	0.00318	0.00678
5	0.10764	0.15034	0.33876	0.01109	0.01616	0.01171	0.06490	0.06556	0.01121	0.16511	0.01010	0.01073	0.00717	0.00469	0.00421	0.00141	0.00569	0.00365	0.00302	0.00684
6	0.04676	0.08289	0.27938	0.14954	0.13725	0.01203	0.01297	0.15852	0.01230	0.05151	0.00925	0.01088	0.00685	0.00471	0.00442	0.00144	0.00590	0.00379	0.00277	0.00684
7	0.01512	0.00766	0.00964	0.00817	0.01086	0.00733	0.00658	0.08246	0.10314	0.40021	0.08521	0.09814	0.06475	0.00799	0.00513	0.00158	0.00374	0.07034	0.00522	0.00673

[dist]
# distance from previous block
# <min> <max>
0	3

[block]
# block no. 2 follows, 54 sequences, length 21
# corresponding to MSA columns:
# 495-515
name=unknown_C
#
# <colnr> <probs for GDERKNQSTAVLIFYWHMCP>
#	G	D	E	R	K	N	Q	S	T	A	V	L	I	F	Y	W	H	M	C	P
0	0.08738	0.05040	0.31213	0.01424	0.12750	0.06869	0.07058	0.01698	0.10599	0.08623	0.01047	0.01147	0.00773	0.00476	0.00444	0.00145	0.00593	0.00392	0.00287	0.00684
1	0.13100	0.11793	0.35923	0.01335	0.06139	0.03773	0.14625	0.01453	0.01015	0.01547	0.04492	0.01104	0.00794	0.00456	0.00432	0.00143	0.00619	0.00385	0.00237	0.00635
2	0.01548	0.01215	0.01245	0.00996	0.01308	0.07078	0.00805	0.54792	0.05982	0.02586	0.15927	0.01591	0.01502	0.00638	0.00484	0.00142	0.00480	0.00501	0.00464	0.00714
3	0.01087	0.25584	0.38058	0.01461	0.17125	0.01310	0.01349	0.01477	0.03081	0.01406	0.00827	0.00980	0.00654	0.00431	0.00407	0.00131	0.00594	0.00337	0.00217	0.03482
4	0.03385	0.01269	0.18887	0.02730	0.01446	0.04624	0.00952	0.06243	0.03864	0.46204	0.02492	0.01398	0.01009	0.00543	0.00460	0.00144	0.00494	0.00432	0.00450	0.02974
5	0.00726	0.12256	0.04570	0.00698	0.00841	0.00664	0.00567	0.00876	0.00992	0.01319	0.15830	0.34086	0.08304	0.04964	0.06848	0.00224	0.00407	0.05000	0.00387	0.00442
6	0.01001	0.00961	0.01696	0.15962	0.41250	0.00980	0.12217	0.01267	0.01025	0.01416	0.01208	0.16513	0.01165	0.00623	0.00506	0.00155	0.00552	0.00611	0.00268	0.00625
7	0.01178	0.02648	0.10393	0.16302	0.41318	0.02432	0.06642	0.06639	0.02176	0.04391	0.00937	0.01180	0.00731	0.00450	0.00469	0.00145	0.00596	0.00420	0.00257	0.00695
8	0.01683	0.00770	0.03102	0.00794	0.01102	0.00652	0.00664	0.01907	0.03218	0.56252	0.15455	0.02205	0.06132	0.00704	0.00498	0.00150	0.00370	0.03094	0.00547	0.00703
9	0.00970	0.00895	0.01467	0.69379	0.11362	0.01078	0.01301	0.05512	0.01027	0.01338	0.00859	0.01241	0.00651	0.00471	0.00471	0.00154	0.00615	0.00419	0.00226	0.00563
10	0.01116	0.10272	0.21475	0.08036	0.09953	0.01132	0.13933	0.01624	0.13655	0.06711	0.03262	0.04659	0.01014	0.00530	0.00470	0.00149	0.00571	0.00477	0.00299	0.00663
11	0.01496	0.00952	0.01504	0.01942	0.44132	0.00910	0.01090	0.01726	0.01166	0.31794	0.01345	0.01571	0.01022	0.03474	0.00546	0.00157	0.00491	0.03568	0.00377	0.00739
12	0.00782	0.00652	0.01041	0.00976	0.04693	0.00686	0.11544	0.01006	0.05161	0.01187	0.01381	0.07482	0.01365	0.21630	0.37714	0.00503	0.00858	0.00609	0.00283	0.00450
13	0.03947	0.04347	0.31186	0.01495	0.14020	0.03641	0.08552	0.06133	0.13691	0.03607	0.01094	0.02963	0.00845	0.00508	0.00479	0.00149	0.01932	0.00431	0.00288	0.00692
14	0.01319	0.05550	0.02410	0.08802	0.11042	0.02337	0.00881	0.06969	0.31992	0.15479	0.01657	0.04060	0.04193	0.00611	0.00471	0.00151	0.00445	0.00512	0.00416	0.00703
15	0.01092	0.01004	0.15789	0.00831	0.01135	0.00732	0.00775	0.04348	0.10988	0.17888	0.15053	0.09518	0.17231	0.00824	0.00511	0.00155	0.00385	0.00695	0.00443	0.00602
16	0.05859	0.01603	0.29393	0.07400	0.09294	0.04428	0.14110	0.04968	0.12592	0.04228	0.01054	0.01195	0.00779	0.00477	0.00466	0.00150	0.00619	0.00422	0.00282	0.00678
17	0.14615	0.00903	0.01156	0.06234	0.10974	0.00950	0.04871	0.19921	0.01287	0.07715	0.01651	0.17644	0.07544	0.00755	0.00482	0.00157	0.00441	0.01713	0.00384	0.00603
18	0.11429	0.02695	0.27605	0.02425	0.01406	0.00901	0.04154	0.01394	0.03838	0.10645	0.05995	0.01626	0.06906	0.01058	0.13488	0.00248	0.02809	0.00471	0.00312	0.00595
19	0.01361	0.00927	0.01279	0.01353	0.19267	0.00936	0.04012	0.07013	0.20501	0.21929	0.10190	0.01872	0.05971	0.00627	0.00491	0.00149	0.00426	0.00547	0.00442	0.00708
20	0.05464	0.01158	0.07214	0.01095	0.02445	0.01130	0.07989	0.29483	0.08070	0.10350	0.06382	0.03981	0.01181	0.01539	0.00574	0.00154	0.06263	0.01385	0.00405	0.03738

[dist]
# distance from previous block
# <min> <max>
4	12

[block]
# block no. 3 follows, 54 sequences, length 7
# corresponding to MSA columns:
# 531-537
name=unknown_D
#
# <colnr> <probs for GDERKNQSTAVLIFYWHMCP>
#	G	D	E	R	K	N	Q	S	T	A	V	L	I	F	Y	W	H	M	C	P
0	0.04387	0.00853	0.03713	0.01099	0.11201	0.00811	0.03605	0.01658	0.17819	0.18173	0.26713	0.02233	0.02203	0.00699	0.00501	0.00151	0.00382	0.02704	0.00456	0.00639
1	0.00892	0.00542	0.00680	0.00671	0.00792	0.00509	0.00489	0.04932	0.01092	0.12940	0.11760	0.35236	0.12010	0.10290	0.00768	0.00204	0.00323	0.04951	0.00453	0.00466
2	0.09975	0.01062	0.01733	0.14304	0.52625	0.01110	0.06143	0.01453	0.04287	0.01566	0.00903	0.01170	0.00732	0.00437	0.00456	0.00145	0.00557	0.00416	0.00246	0.00682
3	0.04342	0.04334	0.18714	0.03979	0.33625	0.04518	0.03198	0.03727	0.10660	0.04557	0.01017	0.01176	0.00789	0.00478	0.00483	0.00146	0.02873	0.00407	0.00276	0.00702
4	0.02965	0.00957	0.01255	0.01313	0.16616	0.02799	0.05835	0.06141	0.28928	0.05952	0.17236	0.01927	0.01782	0.03514	0.00558	0.00161	0.00430	0.00562	0.00413	0.00659
5	0.15588	0.00699	0.00782	0.00706	0.00902	0.00708	0.00535	0.07644	0.05101	0.18109	0.05427	0.19310	0.08461	0.10924	0.02832	0.00211	0.00383	0.00709	0.00429	0.00538
6	0.22424	0.08935	0.11396	0.02990	0.03096	0.05980	0.04676	0.15296	0.02908	0.10069	0.04934	0.01184	0.00908	0.00588	0.02566	0.00157	0.00529	0.00387	0.00339	0.00638

[dist]
# distance from previous block
# <min> <max>
0	3

[block]
# block no. 4 follows, 54 sequences, length 12
# corresponding to MSA columns:
# 541-552
name=unknown_E
#
# <colnr> <probs for GDERKNQSTAVLIFYWHMCP>
#	G	D	E	R	K	N	Q	S	T	A	V	L	I	F	Y	W	H	M	C	P
0	0.09954	0.17875	0.18241	0.03339	0.13788	0.04825	0.02708	0.14635	0.03611	0.01715	0.00863	0.01005	0.00679	0.00478	0.00464	0.00139	0.04386	0.00357	0.00273	0.00666
1	0.15504	0.00978	0.01382	0.12210	0.24119	0.01069	0.04606	0.05115	0.09061	0.07056	0.01237	0.01476	0.04548	0.00562	0.00536	0.00155	0.06705	0.02732	0.00314	0.00636
2	0.01061	0.00573	0.00741	0.00673	0.00859	0.00512	0.00530	0.01243	0.01238	0.24116	0.31265	0.08709	0.17230	0.00966	0.00545	0.00159	0.00300	0.08239	0.00509	0.00533
3	0.08986	0.01179	0.04837	0.08157	0.12949	0.04879	0.07384	0.22300	0.07885	0.07117	0.02309	0.01293	0.00889	0.02798	0.02449	0.00171	0.02959	0.00438	0.00349	0.00673
4	0.02752	0.04138	0.26589	0.01469	0.17830	0.06656	0.04552	0.01475	0.01020	0.12268	0.00972	0.01173	0.00746	0.00651	0.00689	0.13416	0.02323	0.00392	0.00267	0.00622
5	0.06799	0.06716	0.01158	0.00934	0.03518	0.00963	0.02630	0.09565	0.19925	0.21343	0.09400	0.06198	0.01633	0.00702	0.00482	0.00154	0.00404	0.06354	0.00458	0.00666
6	0.00882	0.00548	0.00740	0.00786	0.05004	0.00534	0.00530	0.03073	0.03365	0.08727	0.06263	0.24756	0.09000	0.05177	0.05207	0.22039	0.00402	0.02174	0.00371	0.00423
7	0.01090	0.14771	0.42048	0.01392	0.08934	0.04707	0.06848	0.04783	0.01075	0.01489	0.04274	0.01104	0.00798	0.00481	0.00488	0.00143	0.04299	0.00381	0.00233	0.00662
8	0.01144	0.14413	0.35974	0.01303	0.05393	0.01274	0.08775	0.09349	0.14704	0.01668	0.01043	0.01139	0.00783	0.00480	0.00445	0.00143	0.00597	0.00396	0.00280	0.00698
9	0.01154	0.00746	0.04578	0.00744	0.00985	0.00630	0.00615	0.05059	0.01239	0.22387	0.28651	0.04421	0.04893	0.06608	0.00656	0.00166	0.01867	0.04054	0.00462	0.10082
10	0.05154	0.01100	0.07326	0.04531	0.09051	0.01034	0.12150	0.19518	0.08608	0.04796	0.13968	0.05411	0.01514	0.00617	0.00490	0.00148	0.00491	0.00549	0.00381	0.03161
11	0.08508	0.01224	0.15008	0.05472	0.31048	0.01018	0.06664	0.06781	0.01148	0.01704	0.11300	0.01639	0.01284	0.00555	0.00477	0.00150	0.00533	0.04544	0.00296	0.00648

[dist]
# distance from previous block
# <min> <max>
11	64

[block]
# block no. 5 follows, 54 sequences, length 18
# corresponding to MSA columns:
# 618-635
name=unknown_F
#
# <colnr> <probs for GDERKNQSTAVLIFYWHMCP>
#	G	D	E	R	K	N	Q	S	T	A	V	L	I	F	Y	W	H	M	C	P
0	0.04864	0.12863	0.31582	0.03041	0.06189	0.02385	0.01179	0.13632	0.02339	0.01697	0.00867	0.00998	0.00665	0.00456	0.00437	0.00130	0.02412	0.00342	0.00266	0.13658
1	0.13313	0.00968	0.01153	0.04366	0.13515	0.03307	0.00833	0.11730	0.16958	0.06396	0.10932	0.01679	0.01401	0.00768	0.04639	0.00183	0.04183	0.02655	0.00382	0.00636
2	0.00650	0.00475	0.00567	0.00563	0.00675	0.00426	0.00407	0.00797	0.01129	0.03317	0.34503	0.15876	0.30086	0.07551	0.00706	0.00183	0.00258	0.00954	0.00462	0.00415
3	0.02966	0.11471	0.12015	0.01091	0.03528	0.03661	0.00972	0.41410	0.05321	0.09827	0.02509	0.01171	0.00868	0.00534	0.00446	0.00138	0.00526	0.00404	0.00399	0.00742
4	0.05510	0.12954	0.14411	0.05073	0.33601	0.01202	0.01215	0.07498	0.02811	0.03839	0.00958	0.02846	0.00794	0.00487	0.00454	0.00140	0.01908	0.01573	0.00267	0.02459
5	0.07278	0.00996	0.03364	0.01161	0.07858	0.00958	0.09061	0.12691	0.06426	0.34092	0.05811	0.01557	0.02868	0.00580	0.00509	0.00149	0.02987	0.00488	0.00448	0.00717
6	0.20349	0.00853	0.00883	0.00764	0.00991	0.00929	0.00582	0.11742	0.20427	0.12044	0.01409	0.01794	0.01188	0.22968	0.00955	0.00233	0.00417	0.00491	0.00398	0.00584
7	0.03756	0.01612	0.32321	0.06652	0.12179	0.01095	0.20361	0.05456	0.01107	0.07401	0.00971	0.01167	0.00711	0.00525	0.02481	0.00165	0.00672	0.00427	0.00260	0.00678
8	0.01102	0.02509	0.09120	0.13284	0.25123	0.02183	0.06238	0.04833	0.01089	0.03540	0.02646	0.01168	0.00790	0.00433	0.00438	0.00125	0.00531	0.00390	0.00265	0.24192
9	0.00641	0.00462	0.00561	0.00586	0.00685	0.00414	0.00418	0.00770	0.01069	0.03819	0.21829	0.34320	0.28107	0.03324	0.00618	0.00176	0.00259	0.01070	0.00458	0.00413
10	0.28336	0.01039	0.03743	0.21344	0.21656	0.01112	0.01033	0.10211	0.02598	0.03510	0.00869	0.01073	0.00667	0.00463	0.00413	0.00147	0.00507	0.00369	0.00284	0.00623
11	0.01124	0.12044	0.28573	0.03270	0.29544	0.05317	0.10641	0.01484	0.01049	0.01441	0.00843	0.01056	0.00666	0.00429	0.00448	0.00140	0.00643	0.00385	0.00219	0.00685
12	0.01412	0.01090	0.01128	0.00965	0.01254	0.05877	0.00762	0.16546	0.47126	0.11699	0.05684	0.01660	0.01392	0.00627	0.00478	0.00152	0.00424	0.00508	0.00479	0.00736
13	0.09324	0.02760	0.20207	0.03816	0.20709	0.01090	0.08275	0.09109	0.03914	0.14685	0.01075	0.01183	0.00779	0.00476	0.00454	0.00146	0.00560	0.00411	0.00319	0.00709
14	0.01469	0.00699	0.00906	0.00745	0.01009	0.00622	0.00585	0.01694	0.05076	0.43059	0.14899	0.08045	0.03791	0.07107	0.00637	0.00168	0.00357	0.00616	0.00504	0.08012
15	0.00761	0.00528	0.00665	0.00647	0.00727	0.00548	0.00459	0.04752	0.00905	0.03375	0.07887	0.06870	0.07863	0.33186	0.26532	0.00460	0.00665	0.02439	0.00334	0.00398
16	0.03617	0.15343	0.01964	0.13417	0.40463	0.01248	0.10354	0.01466	0.05002	0.01454	0.00893	0.01139	0.00730	0.00433	0.00445	0.00139	0.00573	0.00408	0.00239	0.00671
17	0.03206	0.04740	0.03100	0.01043	0.05912	0.09767	0.02567	0.05683	0.19380	0.16833	0.01781	0.11477	0.05561	0.00736	0.00508	0.00155	0.02005	0.04490	0.00415	0.00641

[dist]
# distance from previous block
# <min> <max>
0	4

[block]
# block no. 6 follows, 54 sequences, length 9
# corresponding to MSA columns:
# 640-648
name=unknown_G
#
# <colnr> <probs for GDERKNQSTAVLIFYWHMCP>
#	G	D	E	R	K	N	Q	S	T	A	V	L	I	F	Y	W	H	M	C	P
0	0.00838	0.00615	0.00912	0.00812	0.00968	0.00599	0.08545	0.01119	0.06991	0.07047	0.34243	0.17337	0.02917	0.04272	0.08160	0.00228	0.00426	0.03038	0.00441	0.00492
1	0.05871	0.07472	0.16380	0.03693	0.28364	0.01119	0.01138	0.11156	0.05117	0.01673	0.03921	0.01394	0.00970	0.09002	0.00644	0.00174	0.00535	0.00434	0.00286	0.00656
2	0.09920	0.12102	0.07616	0.00973	0.04171	0.03347	0.05924	0.04228	0.17035	0.07346	0.09907	0.01919	0.12308	0.00648	0.00455	0.00145	0.00437	0.00533	0.00374	0.00612
3	0.00850	0.00742	0.08927	0.00703	0.00914	0.00567	0.00611	0.01137	0.05367	0.09767	0.42382	0.06077	0.16580	0.00921	0.00537	0.00154	0.00307	0.02473	0.00472	0.00513
4	0.02958	0.00872	0.01376	0.09505	0.42274	0.00875	0.01061	0.01258	0.01058	0.06098	0.04322	0.06931	0.11390	0.03271	0.00557	0.00162	0.00473	0.04629	0.00313	0.00616
5	0.01191	0.30703	0.12917	0.01443	0.19043	0.04468	0.07958	0.05515	0.01087	0.01461	0.00879	0.01053	0.00718	0.00440	0.00398	0.00125	0.00554	0.00360	0.09045	0.00643
6	0.06057	0.29318	0.39205	0.01065	0.01573	0.01287	0.03725	0.01398	0.01010	0.01443	0.08929	0.01170	0.00994	0.00484	0.00405	0.00133	0.00567	0.00369	0.00240	0.00627
7	0.27923	0.03496	0.00747	0.00672	0.00861	0.00768	0.00527	0.08423	0.01050	0.01696	0.03817	0.22512	0.15945	0.02540	0.00511	0.00170	0.00343	0.07135	0.00385	0.00477
8	0.13961	0.23104	0.06959	0.02663	0.04695	0.03035	0.00855	0.21649	0.09352	0.03541	0.01005	0.01142	0.00803	0.04741	0.00497	0.00150	0.00495	0.00371	0.00328	0.00654

[dist]
# distance from previous block
# <min> <max>
13	135

[block]
# block no. 7 follows, 54 sequences, length 11
# corresponding to MSA columns:
# 791-801
name=unknown_H
#
# <colnr> <probs for GDERKNQSTAVLIFYWHMCP>
#	G	D	E	R	K	N	Q	S	T	A	V	L	I	F	Y	W	H	M	C	P
0	0.00967	0.00903	0.05913	0.03782	0.09086	0.04804	0.03669	0.06023	0.05349	0.05464	0.11848	0.02591	0.22342	0.09556	0.02746	0.00195	0.00448	0.00654	0.00373	0.03285
1	0.10627	0.01632	0.41021	0.01125	0.01594	0.00975	0.07854	0.05060	0.03359	0.01658	0.10367	0.01647	0.03621	0.04744	0.00562	0.00167	0.00561	0.02525	0.00290	0.00611
2	0.01274	0.13249	0.23636	0.05039	0.01538	0.10349	0.01021	0.01558	0.01083	0.14480	0.01058	0.01133	0.02490	0.00464	0.00410	0.00121	0.00547	0.00353	0.00292	0.19905
3	0.01271	0.12624	0.09284	0.10105	0.04829	0.29685	0.00957	0.01519	0.03263	0.01314	0.03000	0.01221	0.02633	0.00499	0.00419	0.00123	0.00619	0.02283	0.00258	0.14093
4	0.01397	0.09087	0.19120	0.01145	0.03900	0.13969	0.01045	0.22336	0.13932	0.03878	0.01097	0.01171	0.00833	0.02171	0.00480	0.00144	0.00579	0.00393	0.00338	0.02986
5	0.01355	0.13178	0.20581	0.01074	0.03571	0.03250	0.03017	0.03315	0.17315	0.20078	0.01329	0.01393	0.00981	0.00533	0.00444	0.00141	0.00508	0.02595	0.00366	0.04976
6	0.21444	0.05049	0.02963	0.17039	0.04107	0.00993	0.00835	0.07195	0.03616	0.28190	0.03354	0.01294	0.00925	0.00521	0.00424	0.00146	0.00457	0.00405	0.00389	0.00653
7	0.04130	0.01005	0.01209	0.01037	0.01320	0.01118	0.08148	0.06975	0.55707	0.04716	0.01782	0.03816	0.01400	0.00660	0.00492	0.00162	0.00424	0.04742	0.00450	0.00707
8	0.31724	0.17466	0.07410	0.00913	0.01262	0.13427	0.03524	0.05484	0.02629	0.09442	0.00858	0.00937	0.00657	0.00470	0.00389	0.00135	0.02054	0.00318	0.00298	0.00601
9	0.00659	0.00484	0.00625	0.00642	0.00749	0.00450	0.00497	0.00847	0.01190	0.01616	0.43525	0.14525	0.14418	0.01133	0.00582	0.00170	0.00275	0.16704	0.00480	0.00428
10	0.00890	0.00952	0.15047	0.00812	0.01071	0.00717	0.00748	0.01388	0.16784	0.05816	0.46638	0.02626	0.03002	0.00789	0.00518	0.00151	0.00346	0.00681	0.00458	0.00567

[dist]
# distance from previous block
# <min> <max>
2	6

[block]
# block no. 8 follows, 54 sequences, length 14
# corresponding to MSA columns:
# 808-821
name=unknown_I
#
# <colnr> <probs for GDERKNQSTAVLIFYWHMCP>
#	G	D	E	R	K	N	Q	S	T	A	V	L	I	F	Y	W	H	M	C	P
0	0.01192	0.01095	0.01680	0.02316	0.57233	0.01116	0.01237	0.06215	0.14138	0.01697	0.01069	0.01250	0.00861	0.00460	0.00461	0.00139	0.00512	0.00429	0.00291	0.06607
1	0.06316	0.41535	0.07865	0.03887	0.07887	0.10030	0.13676	0.01478	0.01026	0.01304	0.00750	0.00917	0.00629	0.00420	0.00385	0.00124	0.00603	0.00333	0.00220	0.00614
2	0.01531	0.01205	0.05996	0.00985	0.01373	0.01167	0.00844	0.45460	0.06639	0.08606	0.01166	0.01191	0.00849	0.00609	0.02842	0.00147	0.00499	0.00404	0.00419	0.18067
3	0.01292	0.00956	0.01364	0.08360	0.24954	0.00969	0.02567	0.14326	0.05943	0.13038	0.07781	0.01563	0.03555	0.00604	0.00537	0.04136	0.00471	0.00481	0.00367	0.06734
4	0.00771	0.00448	0.00642	0.03865	0.00743	0.00459	0.00459	0.00687	0.00696	0.00928	0.01178	0.07741	0.01251	0.14772	0.06407	0.52881	0.00468	0.05085	0.00251	0.00269
5	0.15856	0.01006	0.01309	0.01438	0.21887	0.05001	0.06152	0.14066	0.01137	0.01717	0.01004	0.01349	0.00860	0.05863	0.19032	0.00300	0.00704	0.00430	0.00291	0.00598
6	0.01218	0.01698	0.25542	0.01809	0.19490	0.12046	0.21732	0.03681	0.02598	0.04311	0.00931	0.01126	0.00704	0.00445	0.00480	0.00146	0.00692	0.00423	0.00249	0.00679
7	0.06758	0.01100	0.01725	0.04414	0.34015	0.01108	0.12823	0.14791	0.01302	0.15686	0.01093	0.01231	0.00807	0.00473	0.00472	0.00145	0.00551	0.00441	0.00339	0.00728
8	0.00788	0.00424	0.00612	0.00606	0.00625	0.00418	0.00410	0.00663	0.00737	0.01001	0.14014	0.01856	0.01462	0.05320	0.01655	0.68024	0.00381	0.00496	0.00261	0.00248
9	0.01104	0.14228	0.29956	0.09404	0.14354	0.04426	0.11629	0.02896	0.04934	0.01453	0.00890	0.01082	0.00686	0.00445	0.00446	0.00142	0.00639	0.00388	0.00232	0.00664
10	0.01445	0.18702	0.09523	0.01291	0.08004	0.19417	0.10084	0.07828	0.04984	0.11067	0.01029	0.02778	0.00805	0.00495	0.00436	0.00134	0.00618	0.00399	0.00303	0.00658
11	0.00659	0.00454	0.00514	0.00527	0.00548	0.00442	0.00312	0.00681	0.00753	0.00987	0.01969	0.12842	0.10231	0.64861	0.01988	0.00394	0.00412	0.00797	0.00320	0.00309
12	0.01159	0.01068	0.01688	0.18250	0.50915	0.01137	0.01304	0.07279	0.09479	0.01626	0.01005	0.01245	0.00801	0.00464	0.00469	0.00146	0.00551	0.00432	0.00273	0.00707
13	0.01181	0.26934	0.29763	0.01060	0.01512	0.07424	0.01127	0.09724	0.06394	0.01519	0.01037	0.05983	0.00895	0.00551	0.00422	0.00137	0.00575	0.02843	0.00273	0.00645

[dist]
# distance from previous block
# <min> <max>
1	5

[block]
# block no. 9 follows, 54 sequences, length 7
# corresponding to MSA columns:
# 828-834
name=unknown_J
#
# <colnr> <probs for GDERKNQSTAVLIFYWHMCP>
#	G	D	E	R	K	N	Q	S	T	A	V	L	I	F	Y	W	H	M	C	P
0	0.01048	0.00908	0.01356	0.06929	0.17074	0.00840	0.08506	0.01340	0.04281	0.04992	0.08362	0.01460	0.01148	0.00491	0.00473	0.00120	0.02801	0.02176	0.00307	0.35390
1	0.00659	0.00481	0.00639	0.00649	0.00736	0.00476	0.00485	0.00824	0.01051	0.01449	0.32838	0.13616	0.08694	0.09020	0.18520	0.00323	0.00500	0.08211	0.00415	0.00413
2	0.09723	0.00550	0.00650	0.00649	0.00757	0.00559	0.00488	0.02998	0.01028	0.01503	0.23366	0.09883	0.07059	0.18555	0.07597	0.00278	0.00420	0.13122	0.00398	0.00416
3	0.01268	0.01491	0.05181	0.13183	0.16373	0.24441	0.20392	0.01565	0.03309	0.01356	0.00860	0.01114	0.00686	0.00476	0.00551	0.00147	0.06339	0.00420	0.00238	0.00612
4	0.14366	0.01086	0.01472	0.22384	0.28767	0.04229	0.01138	0.13727	0.01172	0.01735	0.00858	0.01104	0.00677	0.00483	0.00497	0.00148	0.04850	0.00390	0.00273	0.00643
5	0.00636	0.00463	0.00581	0.00606	0.00681	0.00437	0.00431	0.00765	0.01026	0.01381	0.26191	0.25320	0.13994	0.15446	0.04593	0.00247	0.00341	0.06041	0.00428	0.00392
6	0.00858	0.05351	0.00910	0.00747	0.00867	0.00711	0.05555	0.07559	0.06480	0.01337	0.06518	0.15254	0.01918	0.39418	0.01400	0.00300	0.00437	0.03596	0.00351	0.00433

[dist]
# distance from previous block
# <min> <max>
2	17

[block]
# block no. 10 follows, 54 sequences, length 19
# corresponding to MSA columns:
# 855-873
name=unknown_K
#
# <colnr> <probs for GDERKNQSTAVLIFYWHMCP>
#	G	D	E	R	K	N	Q	S	T	A	V	L	I	F	Y	W	H	M	C	P
0	0.03212	0.01103	0.01771	0.22742	0.48594	0.04156	0.06034	0.04068	0.01086	0.01502	0.00875	0.01173	0.00706	0.00440	0.00468	0.00145	0.00596	0.00420	0.00238	0.00672
1	0.02125	0.01267	0.23483	0.05703	0.07854	0.01835	0.02750	0.06028	0.06212	0.03654	0.02547	0.03779	0.05816	0.00780	0.00550	0.00170	0.02667	0.21847	0.00336	0.00596
2	0.01124	0.00941	0.01389	0.26051	0.22341	0.03540	0.02477	0.04458	0.05173	0.08999	0.06252	0.04667	0.05150	0.00604	0.00540	0.00153	0.04686	0.00521	0.00317	0.00616
3	0.00701	0.00475	0.00694	0.00700	0.00756	0.00527	0.00516	0.00768	0.00728	0.01025	0.01259	0.06560	0.01254	0.09423	0.52787	0.19713	0.00951	0.00547	0.00255	0.00360
4	0.01183	0.38604	0.30150	0.04810	0.01675	0.10615	0.04211	0.01489	0.01020	0.01271	0.00751	0.00895	0.00608	0.00431	0.00386	0.00125	0.00629	0.00312	0.00207	0.00628
5	0.00999	0.05907	0.63821	0.01254	0.01864	0.01143	0.01530	0.01662	0.14358	0.01557	0.01020	0.01114	0.00741	0.00479	0.00447	0.00149	0.00633	0.00375	0.00247	0.00701
6	0.01792	0.01321	0.01415	0.01085	0.01462	0.01462	0.00896	0.78916	0.02217	0.02972	0.01132	0.01132	0.00802	0.00566	0.00472	0.00142	0.00519	0.00425	0.00472	0.00802
7	0.03595	0.50968	0.31760	0.01002	0.01512	0.01555	0.01148	0.01442	0.00968	0.01282	0.00727	0.00846	0.00599	0.00421	0.00357	0.00120	0.00572	0.00288	0.00203	0.00637
8	0.01703	0.02082	0.01351	0.01207	0.01440	0.69298	0.00920	0.07247	0.01348	0.01280	0.00748	0.00885	0.00622	0.00519	0.00521	0.00130	0.07560	0.00321	0.00256	0.00562
9	0.04033	0.00739	0.00876	0.00695	0.01013	0.00603	0.00546	0.01203	0.02166	0.08698	0.08333	0.11030	0.04112	0.00617	0.00423	0.00109	0.00333	0.02563	0.00359	0.51550
10	0.00749	0.00484	0.00617	0.00630	0.00728	0.00444	0.00455	0.00884	0.01075	0.08133	0.24777	0.32218	0.12878	0.08660	0.00739	0.00197	0.00291	0.05149	0.00459	0.00432
11	0.00603	0.00474	0.00544	0.00537	0.00667	0.00416	0.00399	0.00760	0.01166	0.01515	0.34812	0.10011	0.44170	0.01123	0.00560	0.00157	0.00235	0.00964	0.00470	0.00416
12	0.01200	0.01038	0.04147	0.36790	0.02223	0.01166	0.03919	0.19628	0.03312	0.06186	0.03970	0.01307	0.00866	0.00567	0.00621	0.00159	0.11526	0.00445	0.00312	0.00617
13	0.03035	0.00860	0.01149	0.03987	0.14661	0.00875	0.00820	0.07251	0.16005	0.24743	0.07473	0.09356	0.01557	0.00783	0.03070	0.00173	0.00442	0.02636	0.00445	0.00679
14	0.01243	0.00820	0.00939	0.00807	0.01055	0.00835	0.00647	0.22807	0.09449	0.14775	0.09655	0.06934	0.19759	0.00868	0.00523	0.00158	0.00373	0.07255	0.00482	0.00617
15	0.00938	0.00921	0.01664	0.65954	0.05736	0.01075	0.14479	0.01265	0.00976	0.01268	0.00859	0.01257	0.00647	0.00457	0.00486	0.00157	0.00654	0.00442	0.00215	0.00550
16	0.14731	0.16953	0.01290	0.00896	0.04106	0.02581	0.00707	0.16236	0.07081	0.12924	0.03835	0.10377	0.01228	0.04437	0.00516	0.00156	0.00433	0.00505	0.00384	0.00626
17	0.05586	0.00487	0.00555	0.00575	0.00688	0.00449	0.00419	0.00773	0.01064	0.01448	0.22368	0.25415	0.31396	0.03787	0.00615	0.00176	0.00264	0.03082	0.00444	0.00409
18	0.01364	0.01235	0.01163	0.01017	0.01276	0.14836	0.00797	0.11830	0.46000	0.05214	0.04320	0.01540	0.01266	0.00624	0.00534	0.00153	0.05223	0.00482	0.00428	0.00698

[dist]
# distance from previous block
# <min> <max>
4	17

[block]
# block no. 11 follows, 54 sequences, length 24
# corresponding to MSA columns:
# 891-910,912-915
name=unknown_L
#
# <colnr> <probs for GDERKNQSTAVLIFYWHMCP>
#	G	D	E	R	K	N	Q	S	T	A	V	L	I	F	Y	W	H	M	C	P
0	0.02581	0.01469	0.29216	0.07566	0.08974	0.01002	0.18022	0.03479	0.02297	0.04362	0.03995	0.04224	0.03003	0.00588	0.00503	0.00158	0.00611	0.07035	0.00283	0.00631
1	0.00981	0.00705	0.00835	0.00741	0.00930	0.00727	0.00574	0.08158	0.20559	0.07033	0.49218	0.02761	0.03187	0.00826	0.00525	0.00150	0.00296	0.00713	0.00509	0.00572
2	0.00645	0.00489	0.00600	0.00646	0.00731	0.00475	0.00465	0.00834	0.05989	0.01290	0.07199	0.37290	0.19693	0.08108	0.07321	0.00249	0.00377	0.06770	0.00417	0.00412
3	0.01221	0.02592	0.01438	0.11584	0.27616	0.01149	0.01055	0.06816	0.34072	0.05420	0.01370	0.01437	0.01043	0.00535	0.00470	0.00150	0.00479	0.00467	0.00364	0.00723
4	0.01032	0.01942	0.52874	0.03344	0.14436	0.01067	0.09282	0.01486	0.01030	0.04806	0.00966	0.03893	0.00744	0.00480	0.00469	0.00150	0.00657	0.00421	0.00233	0.00689
5	0.00600	0.00470	0.00511	0.00529	0.00637	0.00419	0.00376	0.00696	0.00973	0.01197	0.03693	0.12341	0.50353	0.19076	0.00968	0.00231	0.00302	0.05849	0.00405	0.00374
6	0.00946	0.00790	0.01238	0.27507	0.11371	0.00868	0.06753	0.03309	0.02522	0.03475	0.05389	0.08802	0.06437	0.00659	0.00533	0.00153	0.04717	0.00576	0.13413	0.00540
7	0.04660	0.01239	0.13452	0.12163	0.34678	0.02285	0.07047	0.04671	0.03768	0.01555	0.01081	0.07017	0.00946	0.00545	0.00479	0.00152	0.00571	0.02769	0.00267	0.00658
8	0.00725	0.00551	0.00742	0.12799	0.01150	0.00548	0.00641	0.00913	0.01083	0.03701	0.14033	0.13061	0.25181	0.01098	0.00573	0.00177	0.00357	0.21806	0.00419	0.00443
9	0.01261	0.83713	0.02471	0.00807	0.01210	0.01866	0.00807	0.01412	0.00958	0.01109	0.00656	0.00756	0.00605	0.00403	0.00303	0.00101	0.00504	0.00252	0.00202	0.00605
10	0.01037	0.00872	0.00991	0.00716	0.01129	0.02666	0.00572	0.01243	0.01000	0.04292	0.00871	0.00996	0.00712	0.00361	0.00355	0.00074	0.00364	0.00287	0.00289	0.81172
11	0.05589	0.03198	0.03320	0.01086	0.03154	0.18406	0.00867	0.29738	0.14543	0.09124	0.01184	0.01204	0.00878	0.00626	0.02450	0.00157	0.02973	0.00409	0.00394	0.00699
12	0.00686	0.00457	0.00514	0.00514	0.00514	0.00457	0.00286	0.00686	0.00686	0.00914	0.01486	0.03086	0.01714	0.83430	0.02400	0.00457	0.00457	0.00686	0.00286	0.00286
13	0.01446	0.23120	0.04457	0.04405	0.03946	0.13868	0.09390	0.24673	0.07129	0.01807	0.00954	0.01052	0.00742	0.00486	0.00429	0.00132	0.00597	0.00380	0.00314	0.00672
14	0.00981	0.00829	0.01243	0.02890	0.29494	0.03224	0.03961	0.01232	0.04244	0.05401	0.03089	0.22984	0.04511	0.00886	0.00538	0.00168	0.00454	0.12940	0.00357	0.00576
15	0.02479	0.14723	0.32234	0.01277	0.06727	0.03840	0.09019	0.02905	0.05451	0.01480	0.01005	0.01143	0.03183	0.00469	0.00453	0.00134	0.02449	0.00381	0.00246	0.10402
16	0.07857	0.14769	0.14084	0.05852	0.14891	0.02788	0.08677	0.09263	0.01121	0.02929	0.00852	0.01029	0.00673	0.00448	0.00456	0.00133	0.03372	0.00365	0.00261	0.10179
17	0.00695	0.00454	0.00521	0.00521	0.00521	0.00454	0.00294	0.00681	0.00681	0.00908	0.01440	0.02973	0.01653	0.77864	0.02362	0.06297	0.00454	0.00667	0.00280	0.00280
18	0.00705	0.00590	0.03503	0.00772	0.00896	0.00513	0.05947	0.00895	0.03406	0.03513	0.14461	0.48543	0.08799	0.01210	0.00578	0.00178	0.00327	0.04283	0.00433	0.00446
19	0.03199	0.03068	0.03449	0.31345	0.20554	0.02236	0.05177	0.02640	0.02213	0.09999	0.01225	0.03697	0.04181	0.00595	0.01765	0.00162	0.01621	0.01973	0.00288	0.00614
20	0.00986	0.19185	0.25785	0.01147	0.03218	0.01147	0.09844	0.01320	0.04065	0.01319	0.01098	0.04890	0.01013	0.08483	0.05265	0.00212	0.05340	0.04852	0.00251	0.00581
21	0.00808	0.00461	0.00541	0.00560	0.00658	0.00443	0.00413	0.00983	0.01025	0.04887	0.11555	0.22516	0.04310	0.03157	0.00514	0.00154	0.00262	0.05754	0.40564	0.00436
22	0.00991	0.01574	0.34327	0.30567	0.02492	0.01087	0.14198	0.01452	0.04124	0.03369	0.00929	0.01180	0.00675	0.00459	0.00476	0.00154	0.00668	0.00418	0.00230	0.00629
23	0.01055	0.04963	0.32397	0.03544	0.05936	0.07931	0.01168	0.02626	0.16004	0.01484	0.02926	0.02883	0.01012	0.07149	0.03243	0.00193	0.04128	0.00447	0.00283	0.00629

[dist]
# distance from previous block
# <min> <max>
0	1

[block]
# block no. 12 follows, 54 sequences, length 42
# corresponding to MSA columns:
# 917-945,951-963
name=unknown_M
#
# <colnr> <probs for GDERKNQSTAVLIFYWHMCP>
#	G	D	E	R	K	N	Q	S	T	A	V	L	I	F	Y	W	H	M	C	P
0	0.00686	0.00518	0.00569	0.00547	0.00704	0.00461	0.00412	0.00883	0.04777	0.04992	0.19946	0.04026	0.53581	0.04022	0.00617	0.00168	0.00259	0.01937	0.00458	0.00439
1	0.00589	0.00471	0.00528	0.00539	0.00668	0.00410	0.00400	0.00728	0.01105	0.01397	0.20182	0.15440	0.51131	0.01189	0.00566	0.00163	0.00246	0.03384	0.00455	0.00407
2	0.01001	0.00879	0.01137	0.05037	0.12867	0.00721	0.00726	0.01226	0.00990	0.01521	0.00845	0.01019	0.00702	0.00366	0.00372	0.00084	0.00394	0.00307	0.00269	0.69535
3	0.01326	0.01973	0.27386	0.01145	0.01576	0.34685	0.01110	0.04028	0.03255	0.01418	0.00833	0.00956	0.00650	0.00453	0.00421	0.00122	0.00679	0.00323	0.00249	0.17414
4	0.00626	0.00473	0.00577	0.00567	0.00683	0.00425	0.00419	0.00803	0.01213	0.01639	0.50102	0.12376	0.26204	0.01086	0.00561	0.00156	0.00233	0.00946	0.00487	0.00425
5	0.00599	0.00437	0.00567	0.00656	0.00703	0.00411	0.00449	0.00726	0.02959	0.01273	0.07319	0.70441	0.07163	0.01406	0.00595	0.00187	0.00275	0.02994	0.00444	0.00398
6	0.03476	0.22135	0.46195	0.01159	0.01698	0.11113	0.01332	0.01565	0.04677	0.01397	0.00830	0.00949	0.00637	0.00450	0.00407	0.00134	0.00644	0.00325	0.00221	0.00653
7	0.02107	0.00816	0.01103	0.00845	0.01210	0.00713	0.00698	0.04282	0.01372	0.78799	0.01841	0.01593	0.01158	0.00583	0.00474	0.00146	0.00404	0.00473	0.00581	0.00802
8	0.00678	0.00504	0.00691	0.00716	0.00806	0.00537	0.00560	0.00831	0.00867	0.01169	0.02053	0.03141	0.12594	0.11859	0.43162	0.00519	0.00843	0.17740	0.00323	0.00405
9	0.00794	0.00600	0.00710	0.00664	0.00801	0.00599	0.00504	0.08858	0.02859	0.02726	0.29499	0.14644	0.24021	0.03288	0.00651	0.00168	0.04565	0.01689	0.01890	0.00470
10	0.05557	0.01064	0.03534	0.30572	0.36551	0.01119	0.06719	0.06537	0.01091	0.01544	0.00878	0.01179	0.00691	0.00448	0.00465	0.00148	0.00591	0.00419	0.00243	0.00651
11	0.74267	0.00927	0.00739	0.00652	0.00938	0.03419	0.00530	0.01451	0.00859	0.08472	0.00786	0.00919	0.00610	0.03375	0.00385	0.00156	0.00386	0.00290	0.00314	0.00528
12	0.01309	0.65089	0.10424	0.00894	0.01314	0.07512	0.00905	0.01501	0.01010	0.05301	0.00743	0.00832	0.00634	0.00423	0.00335	0.00110	0.00544	0.00277	0.00224	0.00621
13	0.00823	0.00655	0.03443	0.05043	0.03046	0.00606	0.02915	0.04524	0.05136	0.05626	0.19342	0.36099	0.06028	0.03716	0.00612	0.00177	0.00345	0.00942	0.00431	0.00488
14	0.01076	0.15953	0.45373	0.03335	0.10444	0.03861	0.01406	0.01463	0.00999	0.02812	0.00820	0.00987	0.00632	0.00457	0.00479	0.00139	0.04894	0.00343	0.00216	0.04313
15	0.00818	0.00636	0.00709	0.00666	0.00840	0.00640	0.00506	0.01313	0.23415	0.04011	0.25028	0.07393	0.28033	0.00951	0.00529	0.00156	0.00278	0.00812	0.02744	0.00522
16	0.00577	0.00414	0.00549	0.00652	0.00684	0.00385	0.00437	0.00664	0.00920	0.01227	0.05182	0.79309	0.04339	0.01456	0.00600	0.00190	0.00271	0.01319	0.00440	0.00385
17	0.01156	0.01086	0.01886	0.12355	0.60316	0.01111	0.07663	0.01443	0.01061	0.04041	0.00911	0.01197	0.00740	0.00440	0.00501	0.00145	0.02566	0.00433	0.00242	0.00707
18	0.01178	0.37463	0.04296	0.01343	0.18901	0.01337	0.04978	0.04116	0.03063	0.05035	0.01119	0.13071	0.01066	0.00586	0.00419	0.00132	0.00496	0.00492	0.00280	0.00628
19	0.00791	0.00428	0.00642	0.00642	0.00659	0.00445	0.00445	0.00659	0.00642	0.00873	0.00906	0.01515	0.00889	0.02010	0.17463	0.69524	0.00577	0.00428	0.00214	0.00247
20	0.00817	0.00435	0.00462	0.00481	0.00571	0.00431	0.00346	0.01001	0.00958	0.01619	0.01717	0.15749	0.01562	0.05064	0.00485	0.00142	0.00241	0.00607	0.66892	0.00422
21	0.08290	0.01031	0.01194	0.00994	0.01205	0.01219	0.00807	0.34488	0.05040	0.02023	0.01051	0.01328	0.00875	0.05611	0.13592	0.00272	0.19569	0.00440	0.00351	0.00621
22	0.01064	0.04339	0.57682	0.01429	0.11243	0.01056	0.01517	0.01518	0.01027	0.06976	0.00915	0.01050	0.00662	0.00445	0.00440	0.00141	0.00628	0.00358	0.00236	0.07274
23	0.11849	0.01175	0.16735	0.05499	0.01458	0.00895	0.00923	0.08498	0.01266	0.42842	0.03294	0.01372	0.00995	0.00541	0.00449	0.00147	0.00473	0.00425	0.00441	0.00723
24	0.01089	0.00851	0.01182	0.00933	0.01245	0.00797	0.11629	0.01582	0.19358	0.10146	0.18005	0.03658	0.01768	0.00604	0.00471	0.00131	0.00395	0.00543	0.00407	0.25207
25	0.00658	0.00485	0.00633	0.00632	0.00703	0.00513	0.00453	0.00768	0.00806	0.01094	0.04451	0.02726	0.14403	0.27704	0.41281	0.00547	0.00813	0.00652	0.00302	0.00376
26	0.01543	0.01941	0.16993	0.02179	0.03217	0.38257	0.02471	0.20438	0.04217	0.01704	0.00898	0.01001	0.00687	0.00506	0.00465	0.00136	0.02043	0.00360	0.00297	0.00650
27	0.00783	0.00680	0.01117	0.16826	0.01490	0.00678	0.13560	0.01024	0.01142	0.02831	0.31805	0.10249	0.14201	0.00850	0.00543	0.00157	0.00407	0.00779	0.00393	0.00485
28	0.00661	0.00443	0.00561	0.00610	0.00677	0.00438	0.00433	0.00781	0.00897	0.01281	0.02290	0.38867	0.10582	0.03368	0.16299	0.02867	0.00459	0.00923	0.17166	0.00396
29	0.01506	0.05475	0.12855	0.01293	0.15015	0.00971	0.01003	0.10142	0.04868	0.30301	0.01429	0.01663	0.01076	0.00619	0.00516	0.02700	0.00491	0.06953	0.00407	0.00716
30	0.05600	0.00908	0.01145	0.00928	0.01223	0.02971	0.04534	0.02057	0.18481	0.42449	0.02985	0.01663	0.02833	0.03335	0.00614	0.00164	0.06423	0.00496	0.00480	0.00710
31	0.00950	0.01159	0.16706	0.03465	0.01375	0.03212	0.05003	0.01363	0.11092	0.01534	0.05826	0.12842	0.01328	0.00611	0.00450	0.00128	0.00450	0.00528	0.00320	0.31658
32	0.00879	0.00773	0.00914	0.06465	0.01109	0.04529	0.02746	0.04287	0.07673	0.03464	0.10941	0.06527	0.31926	0.00941	0.00679	0.00165	0.12079	0.03013	0.00391	0.00498
33	0.03047	0.07369	0.06174	0.05035	0.42015	0.04660	0.14905	0.01516	0.04901	0.02729	0.01011	0.01231	0.02375	0.00451	0.00466	0.00142	0.00597	0.00437	0.00253	0.00686
34	0.03151	0.01291	0.13424	0.01453	0.01895	0.03135	0.38474	0.01594	0.02063	0.15441	0.03762	0.01466	0.03065	0.00498	0.00520	0.00150	0.01737	0.01452	0.00316	0.05113
35	0.01165	0.00702	0.00888	0.00794	0.00971	0.05351	0.02364	0.01320	0.01001	0.24278	0.03226	0.04568	0.03926	0.10659	0.33319	0.00427	0.00775	0.02411	0.01327	0.00529
36	0.01075	0.01050	0.07879	0.04352	0.18963	0.00943	0.16061	0.03521	0.11136	0.07251	0.01632	0.12825	0.06330	0.00742	0.02196	0.00171	0.00534	0.02366	0.00340	0.00633
37	0.04958	0.01189	0.05689	0.01590	0.20119	0.01152	0.13032	0.20290	0.11414	0.13924	0.01223	0.01291	0.00890	0.00506	0.00476	0.00147	0.00538	0.00454	0.00376	0.00739
38	0.01159	0.00892	0.01486	0.01304	0.07187	0.02211	0.21561	0.02402	0.01102	0.16289	0.01761	0.12652	0.05713	0.00811	0.00646	0.00173	0.08203	0.13493	0.00372	0.00586
39	0.78017	0.03200	0.00793	0.00671	0.00953	0.04331	0.00553	0.01398	0.00825	0.02015	0.00658	0.00778	0.00521	0.00452	0.00342	0.00146	0.03284	0.00263	0.00284	0.00515
40	0.00645	0.00482	0.00626	0.03170	0.00791	0.00486	0.00487	0.00777	0.00933	0.01260	0.08432	0.28477	0.17801	0.07107	0.18022	0.00316	0.01838	0.03428	0.04522	0.00403
41	0.00883	0.00793	0.01184	0.06152	0.20487	0.02452	0.07290	0.03786	0.01051	0.01398	0.08085	0.06051	0.18001	0.11019	0.07428	0.00240	0.01500	0.01356	0.00325	0.00521

[dist]
# distance from previous block
# <min> <max>
0	1

[block]
# block no. 13 follows, 54 sequences, length 20
# corresponding to MSA columns:
# 965-984
name=unknown_N
#
# <colnr> <probs for GDERKNQSTAVLIFYWHMCP>
#	G	D	E	R	K	N	Q	S	T	A	V	L	I	F	Y	W	H	M	C	P
0	0.01070	0.00784	0.00898	0.00826	0.03346	0.02034	0.00586	0.22462	0.03615	0.03703	0.01503	0.10079	0.02882	0.30120	0.10673	0.00328	0.00548	0.00624	0.00362	0.03558
1	0.01179	0.58992	0.13842	0.00941	0.01341	0.02918	0.02189	0.01390	0.00965	0.01203	0.03497	0.00923	0.00743	0.00468	0.00448	0.00120	0.07718	0.00307	0.00214	0.00605
2	0.21990	0.01173	0.01083	0.00917	0.01173	0.11682	0.00731	0.31366	0.01431	0.02118	0.01097	0.09093	0.00957	0.02174	0.00544	0.00154	0.06629	0.00462	0.04616	0.00608
3	0.01062	0.01002	0.01641	0.32924	0.43333	0.01098	0.01326	0.01458	0.08714	0.01455	0.00969	0.01259	0.00770	0.00461	0.00470	0.00148	0.00568	0.00431	0.00248	0.00662
4	0.00638	0.00526	0.00567	0.00558	0.00710	0.00481	0.00417	0.00891	0.08797	0.01443	0.17348	0.10040	0.53652	0.01122	0.00553	0.00160	0.00252	0.00951	0.00456	0.00439
5	0.00601	0.00450	0.00622	0.00680	0.00739	0.00416	0.02874	0.00712	0.00970	0.01298	0.11739	0.66483	0.07916	0.01366	0.00592	0.00183	0.00282	0.01238	0.00441	0.00399
6	0.01219	0.68762	0.02285	0.00885	0.01215	0.01789	0.00847	0.01362	0.00915	0.01114	0.00649	0.00806	0.00608	0.00480	0.00528	0.00120	0.15343	0.00281	0.00203	0.00589
