[name]
unknown

[dist]
# distance from previous block
# <min> <max>
0	58

[block]
# block no. 0 follows, 48 sequences, length 77
# corresponding to MSA columns:
# 350-380,382-404,413-435
name=unknown_A
#
# <colnr> <probs for GDERKNQSTAVLIFYWHMCP>
#	G	D	E	R	K	N	Q	S	T	A	V	L	I	F	Y	W	H	M	C	P
0	0.00620	0.00515	0.00542	0.00553	0.00710	0.00438	0.00412	0.00755	0.01169	0.01420	0.08955	0.11494	0.66363	0.01315	0.00613	0.00177	0.00267	0.02766	0.00481	0.00435
1	0.01830	0.01336	0.01427	0.01111	0.01490	0.01477	0.00912	0.66776	0.05848	0.03065	0.01312	0.01325	0.00945	0.00618	0.00500	0.00152	0.00528	0.00469	0.08045	0.00835
2	0.44557	0.01594	0.01146	0.01013	0.01300	0.32474	0.02774	0.02974	0.01134	0.01832	0.00761	0.00905	0.00614	0.00519	0.00454	0.00152	0.04604	0.00319	0.00294	0.00580
3	0.01041	0.02579	0.75525	0.01442	0.02178	0.01196	0.01843	0.01678	0.04800	0.01650	0.00977	0.01124	0.00694	0.00498	0.00489	0.00163	0.00741	0.00389	0.00231	0.00761
4	0.01075	0.00623	0.00811	0.00721	0.00906	0.00577	0.00556	0.01365	0.05225	0.17851	0.57626	0.04760	0.03920	0.00957	0.00584	0.00162	0.00291	0.00836	0.00575	0.00579
5	0.01064	0.00912	0.01064	0.00760	0.01216	0.00684	0.00608	0.01292	0.01064	0.01672	0.00912	0.01064	0.00760	0.00380	0.00380	0.00076	0.00380	0.00304	0.00304	0.85104
6	0.01057	0.05542	0.56395	0.03519	0.02193	0.01204	0.13495	0.01598	0.02732	0.01617	0.03122	0.03292	0.00876	0.00526	0.00508	0.00164	0.00731	0.00459	0.00246	0.00724
7	0.01097	0.04974	0.26753	0.01341	0.01689	0.03985	0.08297	0.01477	0.04667	0.01541	0.10282	0.01480	0.01221	0.00699	0.00914	0.00182	0.27977	0.00494	0.00282	0.00645
8	0.05156	0.00916	0.01049	0.00756	0.01205	0.00707	0.00605	0.01302	0.01055	0.01702	0.00902	0.01053	0.00750	0.00385	0.00377	0.00080	0.00381	0.00303	0.00305	0.81011
9	0.00766	0.00517	0.00650	0.00617	0.00738	0.00483	0.00463	0.01007	0.01388	0.02033	0.65327	0.03504	0.04237	0.00972	0.00563	0.00154	0.00242	0.00851	0.15007	0.00483
10	0.00849	0.00548	0.00704	0.00664	0.00807	0.00496	0.00498	0.01057	0.01369	0.09103	0.54655	0.12602	0.12481	0.01101	0.00603	0.00168	0.00269	0.00967	0.00552	0.00507
11	0.01951	0.01437	0.01540	0.01181	0.01591	0.01591	0.00975	0.77056	0.02412	0.03234	0.01232	0.01232	0.00873	0.00616	0.00513	0.00154	0.00565	0.00462	0.00513	0.00873
12	0.01133	0.00985	0.01288	0.09384	0.14073	0.00919	0.00884	0.05040	0.10494	0.01766	0.03181	0.03811	0.01053	0.00511	0.00452	0.00120	0.00454	0.00438	0.00337	0.43677
13	0.01077	0.00949	0.01419	0.01882	0.37283	0.02396	0.01050	0.02576	0.03696	0.03215	0.24788	0.05181	0.06977	0.00765	0.00604	0.00162	0.04251	0.00677	0.00388	0.00662
14	0.01951	0.01437	0.01540	0.01181	0.01591	0.01591	0.00975	0.77056	0.02412	0.03234	0.01232	0.01232	0.00873	0.00616	0.00513	0.00154	0.00565	0.00462	0.00513	0.00873
15	0.66929	0.01284	0.00927	0.00867	0.03149	0.16637	0.00668	0.01616	0.00995	0.02080	0.00736	0.00863	0.00583	0.00486	0.00351	0.00153	0.00506	0.00293	0.00305	0.00570
16	0.01375	0.01147	0.01259	0.02571	0.01306	0.13116	0.03212	0.10686	0.01267	0.11104	0.03837	0.15613	0.01436	0.00860	0.00833	0.00178	0.21754	0.00642	0.07191	0.00612
17	0.00679	0.00504	0.00632	0.00639	0.00747	0.00458	0.00464	0.00862	0.01283	0.01746	0.45998	0.23244	0.18384	0.01234	0.00618	0.00175	0.00259	0.01088	0.00526	0.00458
18	0.00744	0.00505	0.00595	0.00595	0.00608	0.00517	0.00356	0.00769	0.00757	0.01021	0.01584	0.03176	0.01787	0.71405	0.13066	0.00542	0.00616	0.00720	0.00306	0.00331
19	0.01029	0.02654	0.79309	0.01462	0.02221	0.01192	0.01896	0.01625	0.01083	0.01625	0.00921	0.01083	0.00650	0.00487	0.00487	0.00162	0.00758	0.00379	0.00217	0.00758
20	0.01161	0.01108	0.01886	0.31233	0.51534	0.01190	0.01521	0.01479	0.01117	0.01544	0.00946	0.01305	0.00766	0.00477	0.00510	0.00159	0.00637	0.00457	0.00245	0.00725
21	0.01017	0.00937	0.01539	0.76882	0.03440	0.01162	0.01403	0.04978	0.01093	0.01404	0.00927	0.01361	0.00693	0.00518	0.00513	0.00170	0.00678	0.00456	0.00242	0.00585
22	0.00629	0.00453	0.00597	0.00705	0.00744	0.00421	0.00474	0.00727	0.01011	0.01348	0.06476	0.75332	0.06043	0.01571	0.00651	0.00205	0.00294	0.01421	0.00480	0.00421
23	0.00609	0.00518	0.00525	0.00528	0.00696	0.00434	0.00394	0.00740	0.01170	0.01397	0.06580	0.07166	0.74894	0.01304	0.00608	0.00174	0.00261	0.01091	0.00478	0.00434
24	0.01003	0.02490	0.73332	0.01402	0.02110	0.01136	0.01788	0.01568	0.01099	0.01638	0.04823	0.03341	0.00930	0.00545	0.00498	0.00164	0.00721	0.00435	0.00241	0.00736
25	0.01355	0.01134	0.01896	0.16554	0.51887	0.01162	0.03792	0.03582	0.01212	0.10829	0.01090	0.01346	0.00845	0.00491	0.00513	0.00157	0.00609	0.00469	0.00301	0.00775
26	0.00797	0.00637	0.00917	0.00881	0.00948	0.00776	0.00684	0.00950	0.00810	0.01177	0.01287	0.02014	0.01246	0.11675	0.59073	0.00693	0.14150	0.00554	0.00271	0.00459
27	0.00627	0.00514	0.00552	0.00556	0.00709	0.00440	0.00412	0.00770	0.01197	0.01483	0.16339	0.11429	0.60617	0.01287	0.00610	0.00174	0.00260	0.01092	0.00490	0.00440
28	0.01687	0.05301	0.04677	0.05013	0.03962	0.05175	0.06071	0.19574	0.05653	0.25743	0.01611	0.06820	0.02590	0.03049	0.00580	0.00170	0.00545	0.00560	0.00463	0.00756
29	0.01094	0.17678	0.64852	0.01352	0.02050	0.01350	0.01704	0.01608	0.01076	0.01546	0.00882	0.01034	0.00652	0.00478	0.00458	0.00153	0.00719	0.00359	0.00217	0.00739
30	0.01576	0.01869	0.01368	0.01239	0.01437	0.50345	0.00954	0.01802	0.06500	0.01305	0.00941	0.01175	0.00810	0.01055	0.11489	0.00245	0.14630	0.00398	0.00277	0.00585
31	0.78660	0.00995	0.00810	0.00717	0.01020	0.01160	0.00591	0.01525	0.00887	0.04650	0.00753	0.00877	0.00584	0.00503	0.00394	0.00162	0.04528	0.00294	0.00323	0.00566
32	0.01215	0.01035	0.01406	0.01731	0.29526	0.01100	0.01025	0.04702	0.30657	0.03181	0.11645	0.03517	0.01715	0.00665	0.00522	0.00162	0.00455	0.00588	0.04403	0.00749
33	0.01249	0.57065	0.08688	0.00837	0.01231	0.01609	0.00847	0.01467	0.01054	0.01402	0.00948	0.01091	0.00806	0.00479	0.00349	0.00116	0.00497	0.00329	0.19309	0.00626
34	0.01064	0.00912	0.01064	0.00760	0.01216	0.00684	0.00608	0.01292	0.01064	0.01672	0.00912	0.01064	0.00760	0.00380	0.00380	0.00076	0.00380	0.00304	0.00304	0.85104
35	0.05244	0.03107	0.00691	0.00621	0.00782	0.00552	0.00481	0.00921	0.01270	0.01728	0.36381	0.05439	0.34488	0.01132	0.00588	0.00170	0.00281	0.05155	0.00498	0.00471
36	0.01695	0.01742	0.01368	0.01191	0.01497	0.34462	0.00924	0.18917	0.28951	0.02012	0.01353	0.01347	0.01031	0.00608	0.00495	0.00152	0.00660	0.00449	0.00412	0.00734
37	0.70953	0.03554	0.00939	0.00850	0.04266	0.09348	0.00652	0.01568	0.00951	0.02135	0.00733	0.00861	0.00580	0.00480	0.00341	0.00154	0.00465	0.00291	0.00307	0.00573
38	0.01154	0.06706	0.47340	0.01793	0.15973	0.01249	0.10928	0.01668	0.03389	0.03601	0.00994	0.01180	0.00738	0.00482	0.00498	0.00159	0.00714	0.00424	0.00248	0.00759
39	0.01134	0.16304	0.23439	0.01033	0.03074	0.01095	0.01042	0.01490	0.03488	0.03445	0.02333	0.01220	0.02857	0.00474	0.00421	0.00117	0.00519	0.00367	0.00286	0.35862
40	0.00628	0.00453	0.00596	0.00709	0.00748	0.00421	0.00479	0.00722	0.00996	0.01318	0.02947	0.76238	0.07238	0.01588	0.00653	0.00207	0.00299	0.02865	0.00476	0.00419
41	0.01609	0.03799	0.07924	0.02682	0.05216	0.03069	0.01025	0.35575	0.25830	0.05701	0.01465	0.01441	0.01072	0.00615	0.00507	0.00160	0.00537	0.00486	0.00465	0.00824
42	0.01150	0.01353	0.23928	0.01097	0.03709	0.02332	0.01062	0.02803	0.11289	0.11457	0.11288	0.04679	0.08514	0.00820	0.00551	0.00172	0.00503	0.10143	0.00422	0.02727
43	0.03531	0.39614	0.33342	0.01119	0.01679	0.01559	0.01272	0.03635	0.01124	0.07527	0.00913	0.01011	0.00706	0.00479	0.00412	0.00137	0.00621	0.00340	0.00261	0.00718
44	0.01271	0.45310	0.06533	0.01325	0.01787	0.01647	0.25940	0.02942	0.01130	0.01421	0.01023	0.02604	0.02769	0.00500	0.00450	0.00139	0.00651	0.01637	0.00253	0.00666
45	0.00625	0.00462	0.00585	0.00678	0.00736	0.00422	0.00461	0.00726	0.01029	0.01345	0.05468	0.65757	0.16759	0.01537	0.00645	0.00201	0.00289	0.01377	0.00479	0.00422
46	0.00645	0.00510	0.00582	0.00588	0.00723	0.00446	0.00432	0.00802	0.01224	0.01575	0.26760	0.16845	0.44499	0.01274	0.00614	0.00175	0.00261	0.01096	0.00503	0.00446
47	0.01202	0.23496	0.30446	0.01088	0.01643	0.03732	0.01185	0.05042	0.01140	0.01590	0.00873	0.01010	0.00694	0.00451	0.00415	0.00122	0.00591	0.00332	0.00258	0.24689
48	0.00641	0.00508	0.00578	0.00598	0.00729	0.00445	0.00440	0.00789	0.01189	0.01511	0.19521	0.20610	0.45815	0.01316	0.00619	0.00180	0.00270	0.03307	0.00494	0.00441
49	0.01292	0.01261	0.02071	0.04677	0.66466	0.03681	0.05434	0.03387	0.01194	0.01677	0.00960	0.01262	0.00800	0.00477	0.00549	0.00156	0.03148	0.00461	0.00259	0.00788
50	0.01302	0.00998	0.01176	0.00996	0.01277	0.01080	0.03962	0.15462	0.35090	0.06947	0.23304	0.02298	0.02309	0.00766	0.00547	0.00166	0.00410	0.00654	0.00528	0.00730
51	0.13128	0.01317	0.01323	0.01058	0.01432	0.13479	0.04845	0.18402	0.09406	0.14890	0.01249	0.01265	0.00910	0.00546	0.00463	0.00142	0.00546	0.00419	0.00420	0.14762
52	0.01192	0.01079	0.03647	0.12113	0.20635	0.01051	0.03022	0.01474	0.02554	0.06256	0.00984	0.01230	0.00794	0.00518	0.00640	0.00141	0.12340	0.00411	0.00291	0.29627
53	0.00765	0.00597	0.00690	0.00657	0.00836	0.00531	0.00488	0.01007	0.06089	0.03039	0.18768	0.20363	0.31638	0.01151	0.00582	0.00166	0.00292	0.00993	0.00479	0.10869
54	0.00761	0.00567	0.00700	0.00654	0.00796	0.00532	0.00494	0.03339	0.03443	0.01996	0.63095	0.03868	0.15696	0.01064	0.00600	0.00163	0.00259	0.00928	0.00549	0.00497
55	0.01179	0.01120	0.01870	0.26686	0.51874	0.01198	0.01490	0.01553	0.05052	0.01589	0.01006	0.01333	0.00812	0.00486	0.00510	0.00159	0.00622	0.00463	0.00260	0.00739
56	0.01064	0.00912	0.01064	0.00760	0.01216	0.00684	0.00608	0.01292	0.01064	0.01672	0.00912	0.01064	0.00760	0.00380	0.00380	0.00076	0.00380	0.00304	0.00304	0.85104
57	0.01068	0.01013	0.01717	0.55318	0.28180	0.01166	0.01474	0.01397	0.01073	0.01431	0.00929	0.01336	0.00726	0.00495	0.00511	0.00165	0.00660	0.00456	0.00237	0.00650
58	0.01143	0.00916	0.01071	0.00788	0.01221	0.00729	0.00629	0.01463	0.06908	0.06105	0.02635	0.01223	0.00933	0.00432	0.00403	0.00090	0.00382	0.00350	0.00345	0.72235
59	0.01129	0.00843	0.01012	0.00762	0.01154	0.00655	0.00603	0.01346	0.01133	0.09454	0.07855	0.06889	0.01344	0.00547	0.00432	0.00101	0.00368	0.00458	0.00372	0.63543
60	0.01620	0.01323	0.01636	0.01275	0.01659	0.03398	0.12301	0.37834	0.20398	0.04792	0.01392	0.01417	0.01023	0.00603	0.00554	0.00159	0.02764	0.00502	0.00457	0.04893
61	0.01884	0.00791	0.01060	0.00876	0.01186	0.00706	0.00696	0.03381	0.03458	0.57892	0.02197	0.20040	0.01758	0.00859	0.00548	0.00170	0.00406	0.00733	0.00594	0.00767
62	0.01458	0.01062	0.01166	0.01021	0.01330	0.01184	0.00802	0.02686	0.64303	0.15790	0.02077	0.01885	0.01514	0.00685	0.00521	0.00171	0.00411	0.00569	0.00542	0.00823
63	0.01951	0.01437	0.01540	0.01181	0.01591	0.01591	0.00975	0.77056	0.02412	0.03234	0.01232	0.01232	0.00873	0.00616	0.00513	0.00154	0.00565	0.00462	0.00513	0.00873
64	0.00609	0.00520	0.00524	0.00523	0.00695	0.00434	0.00392	0.00742	0.01177	0.01403	0.07064	0.04910	0.76681	0.01293	0.00606	0.00173	0.00259	0.01079	0.00479	0.00434
65	0.01064	0.00912	0.01064	0.00760	0.01216	0.00684	0.00608	0.01292	0.01064	0.01672	0.00912	0.01064	0.00760	0.00380	0.00380	0.00076	0.00380	0.00304	0.00304	0.85104
66	0.21070	0.00945	0.01120	0.00880	0.01260	0.00910	0.00727	0.08190	0.01409	0.55768	0.01666	0.01500	0.01077	0.00598	0.00471	0.00158	0.00438	0.00458	0.00554	0.00802
67	0.00694	0.00547	0.00637	0.00685	0.00806	0.00514	0.00506	0.00930	0.07352	0.01449	0.05265	0.33672	0.34236	0.01374	0.00629	0.00193	0.00309	0.09254	0.00481	0.00463
68	0.00625	0.00448	0.00593	0.00709	0.00743	0.00417	0.00474	0.00715	0.00987	0.01312	0.02891	0.79605	0.05380	0.01599	0.00654	0.00207	0.00297	0.01449	0.00476	0.00417
69	0.17749	0.01212	0.01655	0.02141	0.43537	0.02642	0.01206	0.14270	0.02963	0.06341	0.01041	0.01213	0.00812	0.00504	0.00472	0.00154	0.00553	0.00427	0.00337	0.00773
70	0.01389	0.00924	0.01072	0.00943	0.01207	0.00968	0.00754	0.19584	0.18518	0.14822	0.06356	0.12582	0.07198	0.00935	0.00570	0.00178	0.00425	0.10348	0.00526	0.00699
71	0.00699	0.00482	0.00597	0.00659	0.00682	0.00469	0.00425	0.00757	0.00886	0.01178	0.02244	0.38460	0.02633	0.39761	0.01589	0.00348	0.00406	0.06958	0.00397	0.00371
72	0.01207	0.01371	0.02957	0.02123	0.02617	0.01311	0.73234	0.01624	0.01190	0.01624	0.01020	0.01371	0.00773	0.00455	0.00658	0.00176	0.04746	0.00598	0.00258	0.00686
73	0.01451	0.51417	0.06327	0.01010	0.01399	0.22737	0.00934	0.01627	0.01159	0.01252	0.00979	0.02846	0.03942	0.00527	0.00392	0.00123	0.00643	0.00355	0.00248	0.00632
74	0.01029	0.02654	0.79309	0.01462	0.02221	0.01192	0.01896	0.01625	0.01083	0.01625	0.00921	0.01083	0.00650	0.00487	0.00487	0.00162	0.00758	0.00379	0.00217	0.00758
75	0.00891	0.00446	0.00668	0.00668	0.00668	0.00446	0.00446	0.00668	0.00668	0.00891	0.00891	0.01560	0.00891	0.01783	0.02005	0.85071	0.00446	0.00446	0.00223	0.00223
76	0.03047	0.80659	0.02650	0.00874	0.01310	0.02013	0.00872	0.01536	0.01039	0.01229	0.00713	0.00823	0.00656	0.00440	0.00329	0.00111	0.00546	0.00274	0.00221	0.00656

[dist]
# distance from previous block
# <min> <max>
0	19

[block]
# block no. 1 follows, 48 sequences, length 58
# corresponding to MSA columns:
# 455-473,493-531
name=unknown_B
#
# <colnr> <probs for GDERKNQSTAVLIFYWHMCP>
#	G	D	E	R	K	N	Q	S	T	A	V	L	I	F	Y	W	H	M	C	P
0	0.09675	0.00967	0.01203	0.00931	0.01323	0.00912	0.00769	0.13362	0.01554	0.61129	0.01791	0.01590	0.01148	0.00618	0.00498	0.00158	0.00452	0.00487	0.00589	0.00845
1	0.00750	0.00568	0.00637	0.00680	0.00766	0.04108	0.00480	0.00901	0.01148	0.01575	0.21608	0.42313	0.09496	0.01267	0.00593	0.00179	0.00302	0.01121	0.11057	0.00451
2	0.01123	0.00644	0.00881	0.00902	0.01082	0.00612	0.00773	0.01346	0.01253	0.18004	0.05825	0.04802	0.06946	0.01230	0.00658	0.00213	0.00443	0.52197	0.00511	0.00556
3	0.00624	0.00449	0.00592	0.00707	0.00742	0.00417	0.00473	0.00715	0.00990	0.01313	0.02920	0.78654	0.06313	0.01596	0.00653	0.00207	0.00296	0.01444	0.00476	0.00417
4	0.01256	0.01795	0.32338	0.01342	0.01728	0.03365	0.01380	0.12876	0.02763	0.03618	0.00932	0.01164	0.00736	0.00720	0.02191	0.00194	0.30196	0.00426	0.00283	0.00698
5	0.01654	0.01462	0.01342	0.01135	0.01458	0.16649	0.00895	0.31957	0.28332	0.03584	0.01530	0.05125	0.01195	0.00673	0.00513	0.00159	0.00565	0.00524	0.00468	0.00777
6	0.00791	0.00592	0.00764	0.00735	0.00761	0.00675	0.00508	0.00857	0.00773	0.01081	0.01428	0.02693	0.01549	0.49551	0.24336	0.00555	0.11025	0.00653	0.00290	0.00384
7	0.01553	0.01308	0.01366	0.01220	0.04585	0.13452	0.05167	0.04985	0.44159	0.13900	0.01743	0.01655	0.01281	0.00633	0.00516	0.00164	0.00531	0.00524	0.00473	0.00783
8	0.00701	0.00548	0.00797	0.00833	0.00915	0.00523	0.05888	0.00882	0.04552	0.01379	0.02720	0.68648	0.04868	0.01471	0.00645	0.00204	0.00346	0.03160	0.00463	0.00456
9	0.01054	0.01301	0.15323	0.47079	0.19492	0.01172	0.04475	0.01436	0.01074	0.01458	0.00930	0.01298	0.00709	0.00493	0.00511	0.00166	0.00688	0.00449	0.00233	0.00660
10	0.01231	0.01463	0.08278	0.02022	0.02543	0.01301	0.65018	0.04741	0.04785	0.01730	0.01086	0.01381	0.00810	0.00456	0.00590	0.00172	0.00824	0.00583	0.00279	0.00710
11	0.01216	0.01362	0.02880	0.02074	0.02575	0.01296	0.70883	0.01729	0.07274	0.01683	0.01121	0.01426	0.00841	0.00453	0.00599	0.00173	0.00829	0.00604	0.00280	0.00702
12	0.00625	0.00447	0.00595	0.00714	0.00744	0.00417	0.00476	0.00714	0.00982	0.01310	0.02828	0.81633	0.03394	0.01608	0.00655	0.00208	0.00298	0.01459	0.00476	0.00417
13	0.01456	0.01184	0.02090	0.01575	0.01917	0.02978	0.34887	0.01739	0.01187	0.20727	0.04320	0.01499	0.01036	0.00623	0.00841	0.00181	0.20158	0.00552	0.00356	0.00695
14	0.01235	0.01229	0.06048	0.10059	0.01935	0.01251	0.18448	0.02255	0.45882	0.03488	0.01650	0.01682	0.01230	0.00602	0.00538	0.00173	0.00563	0.00560	0.00414	0.00756
15	0.01708	0.01006	0.01173	0.00989	0.01324	0.01057	0.00788	0.02632	0.45728	0.34512	0.02061	0.01844	0.01442	0.00670	0.00520	0.00168	0.00419	0.00553	0.00570	0.00838
16	0.00969	0.00912	0.01539	0.80734	0.03534	0.01140	0.01425	0.01311	0.01026	0.01311	0.00912	0.01368	0.00684	0.00513	0.00513	0.00171	0.00684	0.00456	0.00228	0.00570
17	0.01191	0.01523	0.11391	0.02086	0.02631	0.01286	0.68680	0.01642	0.01197	0.01642	0.01025	0.01351	0.00764	0.00439	0.00593	0.00172	0.00853	0.00581	0.00255	0.00699
18	0.01029	0.02654	0.79309	0.01462	0.02221	0.01192	0.01896	0.01625	0.01083	0.01625	0.00921	0.01083	0.00650	0.00487	0.00487	0.00162	0.00758	0.00379	0.00217	0.00758
19	0.00625	0.00447	0.00595	0.00714	0.00744	0.00417	0.00476	0.00714	0.00982	0.01310	0.02828	0.81633	0.03394	0.01608	0.00655	0.00208	0.00298	0.01459	0.00476	0.00417
20	0.01989	0.01375	0.01502	0.01151	0.01560	0.01499	0.00951	0.68882	0.02309	0.11554	0.01319	0.01288	0.00916	0.00618	0.00514	0.00155	0.00551	0.00468	0.00527	0.00873
21	0.01230	0.01161	0.01440	0.01248	0.01352	0.04511	0.01019	0.01725	0.22672	0.03659	0.01117	0.01357	0.00943	0.00819	0.01275	0.00205	0.52821	0.00483	0.00322	0.00642
22	0.02275	0.00916	0.01217	0.00933	0.01331	0.00818	0.00771	0.08171	0.01540	0.73351	0.01964	0.01707	0.01240	0.00634	0.00516	0.00158	0.00446	0.00512	0.00626	0.00873
23	0.00625	0.00447	0.00595	0.00714	0.00744	0.00417	0.00476	0.00714	0.00982	0.01310	0.02828	0.81633	0.03394	0.01608	0.00655	0.00208	0.00298	0.01459	0.00476	0.00417
24	0.00733	0.00550	0.00825	0.00825	0.00916	0.00641	0.00641	0.00916	0.00825	0.01191	0.01374	0.02016	0.01283	0.03848	0.79934	0.00825	0.01374	0.00550	0.00275	0.00458
25	0.01184	0.01337	0.02903	0.02087	0.02582	0.01260	0.72594	0.01602	0.01189	0.01618	0.01057	0.01420	0.00807	0.00626	0.05088	0.00210	0.00894	0.00602	0.00260	0.00679
26	0.01253	0.01344	0.01593	0.01366	0.01423	0.14228	0.03201	0.01378	0.00906	0.01250	0.00703	0.01098	0.00674	0.00825	0.01457	0.00208	0.65857	0.00434	0.00232	0.00570
27	0.01372	0.82276	0.02689	0.00878	0.01317	0.02030	0.00878	0.01536	0.01043	0.01207	0.00713	0.00823	0.00658	0.00439	0.00329	0.00110	0.00549	0.00274	0.00219	0.00658
28	0.02273	0.00920	0.01220	0.00935	0.01333	0.00824	0.00773	0.08738	0.01548	0.72773	0.01958	0.01703	0.01237	0.00633	0.00516	0.00158	0.00447	0.00511	0.00625	0.00873
29	0.02302	0.00873	0.01191	0.00913	0.01310	0.00754	0.00754	0.02501	0.01469	0.79122	0.02024	0.01746	0.01270	0.00635	0.00516	0.00159	0.00437	0.00516	0.00635	0.00873
30	0.00958	0.00619	0.00747	0.00676	0.00843	0.00626	0.04765	0.01359	0.10951	0.01932	0.15134	0.02333	0.04931	0.00706	0.00446	0.00139	0.00297	0.00600	0.51405	0.00532
31	0.00969	0.00912	0.01539	0.80734	0.03534	0.01140	0.01425	0.01311	0.01026	0.01311	0.00912	0.01368	0.00684	0.00513	0.00513	0.00171	0.00684	0.00456	0.00228	0.00570
32	0.00726	0.00524	0.00686	0.00646	0.00767	0.00484	0.00484	0.00968	0.01452	0.02058	0.78496	0.03833	0.04841	0.01049	0.00605	0.00161	0.00242	0.00928	0.00565	0.00484
33	0.00611	0.00520	0.00526	0.00525	0.00696	0.00435	0.00394	0.00745	0.01181	0.01412	0.08075	0.04895	0.75665	0.01290	0.00606	0.00173	0.00259	0.01077	0.00480	0.00435
34	0.02302	0.00873	0.01191	0.00913	0.01310	0.00754	0.00754	0.02501	0.01469	0.79122	0.02024	0.01746	0.01270	0.00635	0.00516	0.00159	0.00437	0.00516	0.00635	0.00873
35	0.00969	0.00912	0.01539	0.80734	0.03534	0.01140	0.01425	0.01311	0.01026	0.01311	0.00912	0.01368	0.00684	0.00513	0.00513	0.00171	0.00684	0.00456	0.00228	0.00570
36	0.00633	0.00453	0.00603	0.00709	0.00746	0.00422	0.00477	0.00735	0.01021	0.01371	0.08998	0.75289	0.03512	0.01562	0.00651	0.00205	0.00293	0.01415	0.00484	0.00422
37	0.01300	0.01196	0.01443	0.01489	0.14958	0.05548	0.05254	0.05352	0.47321	0.01970	0.01725	0.05346	0.01374	0.00674	0.00556	0.00170	0.02537	0.00579	0.00436	0.00771
38	0.01236	0.01185	0.02022	0.11828	0.70351	0.01210	0.01558	0.01545	0.01152	0.01635	0.00959	0.01281	0.00798	0.00463	0.00509	0.00154	0.00618	0.00457	0.00251	0.00786
39	0.01029	0.02654	0.79309	0.01462	0.02221	0.01192	0.01896	0.01625	0.01083	0.01625	0.00921	0.01083	0.00650	0.00487	0.00487	0.00162	0.00758	0.00379	0.00217	0.00758
40	0.00928	0.00759	0.01192	0.46407	0.02369	0.00869	0.01033	0.01223	0.01202	0.04778	0.29764	0.03652	0.02296	0.00735	0.00550	0.00168	0.00503	0.00650	0.00374	0.00548
41	0.01409	0.44380	0.01993	0.00968	0.01338	0.06306	0.00860	0.03877	0.25356	0.04593	0.01273	0.01362	0.01040	0.00566	0.00421	0.00138	0.00520	0.02540	0.00348	0.00712
42	0.03247	0.01899	0.45805	0.01225	0.01824	0.01025	0.01404	0.01986	0.03168	0.31339	0.01369	0.01353	0.00909	0.00549	0.00496	0.00161	0.00619	0.00435	0.00387	0.00800
43	0.02302	0.00873	0.01191	0.00913	0.01310	0.00754	0.00754	0.02501	0.01469	0.79122	0.02024	0.01746	0.01270	0.00635	0.00516	0.00159	0.00437	0.00516	0.00635	0.00873
44	0.00969	0.00912	0.01539	0.80734	0.03534	0.01140	0.01425	0.01311	0.01026	0.01311	0.00912	0.01368	0.00684	0.00513	0.00513	0.00171	0.00684	0.00456	0.00228	0.00570
45	0.03022	0.23718	0.41528	0.01239	0.01833	0.01428	0.03454	0.08371	0.02776	0.06675	0.00987	0.01089	0.00732	0.00498	0.00450	0.00148	0.00652	0.00375	0.00280	0.00744
46	0.02009	0.00799	0.01087	0.00878	0.01211	0.00695	0.00706	0.02188	0.01384	0.65506	0.02165	0.15726	0.01642	0.00805	0.00540	0.00167	0.00412	0.00681	0.00607	0.00793
47	0.00625	0.00447	0.00595	0.00714	0.00744	0.00417	0.00476	0.00714	0.00982	0.01310	0.02828	0.81633	0.03394	0.01608	0.00655	0.00208	0.00298	0.01459	0.00476	0.00417
48	0.02207	0.01026	0.01285	0.00985	0.01386	0.00981	0.00814	0.22692	0.01724	0.58570	0.01810	0.01607	0.01162	0.00630	0.00515	0.00157	0.00471	0.00501	0.00602	0.00873
49	0.01235	0.04960	0.03812	0.08601	0.15716	0.04485	0.12095	0.02038	0.34031	0.01785	0.01513	0.04975	0.01212	0.00613	0.00524	0.00166	0.00567	0.00559	0.00375	0.00739
50	0.00909	0.00555	0.00732	0.00737	0.00856	0.00515	0.00541	0.02681	0.01242	0.11446	0.28176	0.40106	0.03539	0.01266	0.00620	0.00186	0.00310	0.04545	0.00527	0.00510
51	0.01346	0.01487	0.15339	0.02141	0.38304	0.01288	0.01392	0.14742	0.15055	0.02019	0.01204	0.01346	0.00929	0.00532	0.00508	0.00158	0.00592	0.00466	0.00340	0.00813
52	0.00928	0.00798	0.01095	0.14771	0.01527	0.00719	0.04220	0.01183	0.01182	0.01699	0.23359	0.02173	0.06927	0.00656	0.00493	0.00128	0.00408	0.00573	0.00374	0.36787
53	0.09901	0.01260	0.02237	0.01667	0.02083	0.01283	0.45136	0.07776	0.12585	0.01910	0.04290	0.01481	0.01039	0.00537	0.00607	0.00172	0.04443	0.00562	0.00335	0.00696
54	0.11140	0.00852	0.01058	0.00866	0.01190	0.00815	0.02242	0.03546	0.07838	0.43620	0.02244	0.02199	0.11469	0.02505	0.04217	0.00201	0.00463	0.02272	0.00532	0.00731
55	0.46014	0.01049	0.00955	0.03004	0.01201	0.05466	0.00654	0.01672	0.05916	0.10420	0.00996	0.01071	0.00751	0.00491	0.00379	0.00141	0.00436	0.00336	0.00357	0.18692
56	0.06554	0.00839	0.00984	0.04929	0.01216	0.02635	0.00699	0.10912	0.02559	0.22064	0.08313	0.10150	0.14924	0.00980	0.02556	0.00186	0.00440	0.05670	0.00493	0.02899
57	0.05085	0.04768	0.01231	0.04160	0.01345	0.05449	0.02326	0.16441	0.05574	0.21109	0.12500	0.02111	0.07780	0.00786	0.02135	0.00169	0.00486	0.02078	0.00482	0.03984

[dist]
# distance from previous block
# <min> <max>
10	376

[block]
# block no. 2 follows, 48 sequences, length 23
# corresponding to MSA columns:
# 909-931
name=unknown_C
#
# <colnr> <probs for GDERKNQSTAVLIFYWHMCP>
#	G	D	E	R	K	N	Q	S	T	A	V	L	I	F	Y	W	H	M	C	P
0	0.02620	0.05257	0.08252	0.01080	0.01488	0.03812	0.10399	0.04281	0.06787	0.21545	0.07069	0.01793	0.05088	0.00612	0.00499	0.00145	0.00511	0.01747	0.00422	0.16592
1	0.65066	0.01108	0.06243	0.00849	0.03901	0.01118	0.00707	0.01610	0.03937	0.06397	0.00872	0.00969	0.00659	0.00489	0.00358	0.00156	0.00431	0.00317	0.00333	0.04480
2	0.00678	0.00506	0.00642	0.00730	0.00821	0.00470	0.00553	0.00819	0.01087	0.01393	0.03407	0.40377	0.22628	0.01474	0.00658	0.00207	0.00338	0.22300	0.00475	0.00437
3	0.01406	0.01199	0.01238	0.00990	0.01371	0.06008	0.00789	0.20794	0.25764	0.02188	0.01358	0.01367	0.01038	0.00549	0.00464	0.00130	0.00468	0.00433	0.00423	0.32024
4	0.01273	0.08269	0.29533	0.01266	0.04253	0.01153	0.06448	0.07555	0.03104	0.08161	0.01049	0.01172	0.00784	0.00492	0.00497	0.00139	0.02911	0.00395	0.00308	0.21237
5	0.01340	0.16792	0.33946	0.01271	0.05235	0.06542	0.01305	0.08402	0.01266	0.09253	0.04877	0.01295	0.00980	0.00703	0.04479	0.00183	0.00681	0.00417	0.00310	0.00724
6	0.00754	0.00533	0.00653	0.00641	0.00780	0.00478	0.00483	0.00940	0.01295	0.05262	0.39120	0.13199	0.27904	0.01193	0.00612	0.00174	0.00275	0.04704	0.00525	0.00477
7	0.00823	0.00569	0.00663	0.04647	0.00916	0.00504	0.00499	0.00969	0.01178	0.10153	0.06683	0.15689	0.52393	0.01222	0.00599	0.00176	0.00306	0.01038	0.00485	0.00489
8	0.01526	0.11708	0.12766	0.01483	0.01970	0.04477	0.28630	0.08373	0.04495	0.17650	0.01234	0.01337	0.00883	0.00513	0.00519	0.00157	0.00680	0.00490	0.00359	0.00751
9	0.01148	0.06079	0.12201	0.18702	0.37667	0.01230	0.04170	0.01514	0.03308	0.01549	0.01034	0.04516	0.00876	0.00539	0.00545	0.00161	0.03301	0.00485	0.00258	0.00717
10	0.00668	0.00492	0.00631	0.00687	0.00771	0.00451	0.00490	0.00813	0.01140	0.01532	0.22623	0.46067	0.13122	0.01392	0.00634	0.00191	0.00290	0.05596	0.00496	0.01912
11	0.01262	0.17517	0.09854	0.01423	0.01857	0.01380	0.26919	0.01901	0.21566	0.04686	0.01337	0.04245	0.01062	0.00568	0.00535	0.00161	0.02134	0.00534	0.00339	0.00719
12	0.01369	0.34383	0.34594	0.01153	0.01715	0.04171	0.01299	0.04431	0.01170	0.09919	0.00964	0.01051	0.00729	0.00490	0.00427	0.00140	0.00638	0.00353	0.00276	0.00729
13	0.01178	0.00992	0.01333	0.06442	0.25969	0.01074	0.00996	0.01929	0.31839	0.01899	0.04063	0.01738	0.01332	0.00602	0.00489	0.00156	0.00451	0.00526	0.16269	0.00724
14	0.01797	0.01358	0.01684	0.01327	0.01679	0.18410	0.17993	0.04466	0.01373	0.32299	0.01439	0.01624	0.01053	0.00625	0.00621	0.00165	0.06670	0.04265	0.00426	0.00727
15	0.01580	0.01196	0.07278	0.01257	0.05437	0.03543	0.09979	0.05413	0.23204	0.26595	0.04283	0.03723	0.02807	0.00654	0.00532	0.00165	0.00520	0.00571	0.00481	0.00782
16	0.03584	0.01033	0.10441	0.04711	0.01474	0.00850	0.09909	0.04075	0.06523	0.13189	0.19764	0.08539	0.04143	0.00855	0.00572	0.00175	0.00482	0.08595	0.00452	0.00633
17	0.00625	0.00447	0.00595	0.00714	0.00744	0.00417	0.00476	0.00714	0.00982	0.01310	0.02828	0.81633	0.03394	0.01608	0.00655	0.00208	0.00298	0.01459	0.00476	0.00417
18	0.01636	0.01267	0.01351	0.01102	0.01449	0.01423	0.00884	0.44614	0.32209	0.02715	0.01586	0.01586	0.01186	0.03861	0.00600	0.00175	0.00499	0.00520	0.00509	0.00826
19	0.01554	0.01171	0.01974	0.01995	0.26941	0.01144	0.20866	0.05667	0.09525	0.21721	0.01390	0.01489	0.01005	0.00530	0.00537	0.00162	0.00608	0.00524	0.00395	0.00800
20	0.07046	0.04670	0.29714	0.01419	0.03651	0.01318	0.13811	0.14128	0.15479	0.02019	0.01186	0.01289	0.00874	0.00535	0.00501	0.00163	0.00644	0.00458	0.00336	0.00760
21	0.00969	0.00912	0.01539	0.80734	0.03534	0.01140	0.01425	0.01311	0.01026	0.01311	0.00912	0.01368	0.00684	0.00513	0.00513	0.00171	0.00684	0.00456	0.00228	0.00570
22	0.01183	0.01130	0.01925	0.25633	0.56965	0.01196	0.01531	0.01498	0.01127	0.01570	0.00950	0.01298	0.00775	0.00473	0.00509	0.00158	0.00631	0.00457	0.00246	0.00742

[dist]
# distance from previous block
# <min> <max>
0	2

[block]
# block no. 3 follows, 48 sequences, length 24
# corresponding to MSA columns:
# 935-958
name=unknown_D
#
# <colnr> <probs for GDERKNQSTAVLIFYWHMCP>
#	G	D	E	R	K	N	Q	S	T	A	V	L	I	F	Y	W	H	M	C	P
0	0.43215	0.01092	0.01396	0.05588	0.36506	0.01182	0.01061	0.01529	0.01015	0.01970	0.00838	0.01057	0.00679	0.00469	0.00413	0.00156	0.00507	0.00368	0.00284	0.00673
1	0.01082	0.01028	0.01744	0.51496	0.31886	0.01170	0.01481	0.01410	0.01080	0.01449	0.00932	0.01331	0.00733	0.00492	0.00511	0.00164	0.00656	0.00456	0.00238	0.00661
2	0.01313	0.01112	0.01596	0.04496	0.10814	0.01110	0.13622	0.05596	0.26298	0.07587	0.01421	0.01490	0.01073	0.00537	0.00501	0.00147	0.00522	0.00492	0.00393	0.19879
3	0.00740	0.00574	0.00723	0.00750	0.04021	0.00535	0.00532	0.00999	0.04552	0.01819	0.47020	0.08581	0.22408	0.01117	0.00605	0.00170	0.00280	0.03560	0.00520	0.00495
4	0.01106	0.00937	0.01087	0.00780	0.01234	0.00727	0.00625	0.04876	0.01128	0.01746	0.00927	0.01072	0.00765	0.00391	0.00386	0.00080	0.00389	0.00311	0.00314	0.81119
5	0.01172	0.10830	0.47516	0.01349	0.04046	0.01212	0.05438	0.03110	0.03045	0.05330	0.00992	0.01129	0.00733	0.00479	0.00466	0.00146	0.00660	0.00385	0.00265	0.11696
6	0.32720	0.17243	0.15355	0.00957	0.01378	0.01381	0.00934	0.06402	0.15724	0.01994	0.01045	0.01107	0.00805	0.00522	0.00401	0.00152	0.00504	0.00364	0.00331	0.00681
7	0.00703	0.00446	0.00617	0.00701	0.00722	0.00425	0.00467	0.00701	0.00891	0.01187	0.02262	0.58223	0.02662	0.01659	0.01050	0.25019	0.00341	0.01163	0.00402	0.00360
8	0.01679	0.00768	0.01007	0.00841	0.01129	0.00705	0.00676	0.01988	0.07636	0.45869	0.18665	0.05620	0.02241	0.00807	0.00545	0.00165	0.00380	0.04457	0.04092	0.00729
9	0.03237	0.04028	0.01374	0.03737	0.10354	0.01207	0.00901	0.15943	0.29682	0.03882	0.01426	0.01444	0.01086	0.00564	0.00476	0.00143	0.00468	0.00461	0.00420	0.19169
10	0.09900	0.00903	0.01134	0.00898	0.01233	0.00854	0.05664	0.07306	0.06183	0.19510	0.13629	0.02053	0.08378	0.00681	0.00513	0.00146	0.01637	0.00566	0.00462	0.18350
11	0.01191	0.32852	0.47534	0.01231	0.01856	0.01524	0.01478	0.04186	0.01114	0.01522	0.00853	0.00990	0.00661	0.00473	0.00428	0.00142	0.00672	0.00342	0.00228	0.00724
12	0.01549	0.28056	0.15692	0.01150	0.01624	0.02981	0.07659	0.08252	0.08004	0.18405	0.01227	0.01249	0.00897	0.00529	0.00457	0.00145	0.00585	0.00418	0.00364	0.00756
13	0.00635	0.00496	0.00578	0.00624	0.00735	0.00439	0.00450	0.00766	0.01130	0.01435	0.11948	0.33535	0.39529	0.01393	0.00629	0.00188	0.00281	0.04290	0.00486	0.00434
14	0.06210	0.01379	0.11715	0.19571	0.09165	0.01280	0.09125	0.25093	0.01524	0.08344	0.01109	0.01282	0.00800	0.00536	0.00508	0.00161	0.00632	0.00458	0.00359	0.00747
15	0.03118	0.01306	0.03770	0.13506	0.13324	0.09175	0.04311	0.15803	0.14214	0.14262	0.01341	0.01417	0.00976	0.00570	0.00509	0.00159	0.00594	0.00476	0.00404	0.00763
16	0.00737	0.00527	0.00716	0.00725	0.00781	0.00576	0.00518	0.00850	0.00815	0.01135	0.01575	0.06007	0.01650	0.32817	0.44858	0.00655	0.00969	0.03382	0.00304	0.00402
17	0.01201	0.05452	0.10354	0.16716	0.15634	0.03376	0.09033	0.01781	0.18208	0.04298	0.01318	0.05697	0.01072	0.00603	0.00552	0.00167	0.02970	0.00533	0.00328	0.00708
18	0.01158	0.01186	0.04554	0.01506	0.05078	0.01116	0.30854	0.03860	0.21173	0.01807	0.03720	0.04651	0.05558	0.00611	0.00548	0.00161	0.00593	0.00611	0.00367	0.10887
19	0.01013	0.00692	0.00965	0.04416	0.04337	0.00658	0.04970	0.01287	0.06581	0.13372	0.14830	0.22922	0.19739	0.01076	0.00591	0.00177	0.00371	0.00951	0.00485	0.00567
20	0.08643	0.03478	0.03122	0.03898	0.01523	0.03094	0.03742	0.23077	0.03748	0.38113	0.01531	0.01446	0.01025	0.00595	0.00496	0.00157	0.00516	0.00470	0.00513	0.00813
21	0.01838	0.01420	0.01474	0.01164	0.01549	0.04503	0.00949	0.61995	0.14779	0.02980	0.01356	0.01333	0.00979	0.00626	0.00513	0.00156	0.00552	0.00476	0.00505	0.00852
22	0.01131	0.04453	0.01453	0.01193	0.01292	0.01359	0.03039	0.07277	0.07082	0.01497	0.03319	0.08526	0.01181	0.03054	0.04791	0.00239	0.47646	0.00573	0.00308	0.00587
23	0.01170	0.07603	0.10885	0.00888	0.01336	0.00918	0.00813	0.06699	0.03700	0.05118	0.07440	0.01416	0.02591	0.00508	0.00432	0.00110	0.00443	0.00406	0.00347	0.47176

[dist]
# distance from previous block
# <min> <max>
12	19

[block]
# block no. 4 follows, 48 sequences, length 11
# corresponding to MSA columns:
# 986-996
name=unknown_E
#
# <colnr> <probs for GDERKNQSTAVLIFYWHMCP>
#	G	D	E	R	K	N	Q	S	T	A	V	L	I	F	Y	W	H	M	C	P
0	0.38830	0.01185	0.05838	0.01242	0.11286	0.01220	0.04645	0.05028	0.17148	0.02099	0.01089	0.01193	0.00841	0.00539	0.00473	0.00162	0.03661	0.00402	0.00348	0.02772
1	0.10079	0.29777	0.07204	0.01070	0.03457	0.08222	0.00950	0.19243	0.01443	0.12530	0.01042	0.01084	0.00786	0.00522	0.00423	0.00138	0.00570	0.00368	0.00359	0.00733
2	0.00972	0.00914	0.01383	0.08035	0.22781	0.04639	0.07732	0.01199	0.01110	0.01484	0.07214	0.19133	0.09049	0.01203	0.09090	0.00243	0.02108	0.00781	0.00345	0.00585
3	0.01087	0.00626	0.00766	0.00693	0.00883	0.00570	0.00523	0.01316	0.05084	0.19904	0.24344	0.09582	0.23095	0.08274	0.00763	0.00198	0.00328	0.00880	0.00526	0.00558
4	0.01110	0.00583	0.00766	0.00744	0.00902	0.00521	0.00547	0.01250	0.01188	0.23485	0.10801	0.43186	0.10370	0.01242	0.00605	0.00186	0.00328	0.01098	0.00531	0.00555
5	0.01008	0.00805	0.00880	0.00812	0.01017	0.00871	0.00619	0.01827	0.39213	0.01978	0.23194	0.02808	0.10499	0.03926	0.00618	0.00178	0.00335	0.00725	0.08052	0.00634
6	0.69945	0.01113	0.07121	0.00763	0.01125	0.01112	0.00685	0.01623	0.00953	0.10404	0.00870	0.00951	0.00639	0.00494	0.00352	0.00159	0.00430	0.00311	0.00343	0.00606
7	0.71283	0.08264	0.00960	0.00723	0.01049	0.01240	0.00605	0.01609	0.07081	0.02192	0.00825	0.00920	0.00646	0.00491	0.00335	0.00156	0.00411	0.00302	0.00325	0.00586
8	0.01516	0.00996	0.01128	0.00932	0.01217	0.08313	0.03581	0.12825	0.01484	0.24777	0.15540	0.06938	0.06218	0.04891	0.00646	0.00174	0.00466	0.02411	0.00498	0.05450
9	0.01370	0.54631	0.13007	0.01239	0.09758	0.05684	0.01103	0.05390	0.01151	0.01419	0.00799	0.00932	0.00685	0.00461	0.00386	0.00125	0.00604	0.00321	0.00240	0.00696
10	0.38849	0.01162	0.05865	0.06495	0.21019	0.01180	0.00996	0.03468	0.10095	0.04901	0.01025	0.01164	0.00788	0.00510	0.00424	0.00160	0.00497	0.00389	0.00330	0.00683

[dist]
# distance from previous block
# <min> <max>
0	1

[block]
# block no. 5 follows, 48 sequences, length 11
# corresponding to MSA columns:
# 998-1002,1005,1006,1021,1022,1025,1026
name=unknown_F
#
# <colnr> <probs for GDERKNQSTAVLIFYWHMCP>
#	G	D	E	R	K	N	Q	S	T	A	V	L	I	F	Y	W	H	M	C	P
0	0.01641	0.00759	0.01005	0.00850	0.01124	0.00691	0.00680	0.06112	0.01434	0.43653	0.17429	0.13223	0.02362	0.00901	0.00565	0.00171	0.00389	0.05723	0.00582	0.00707
1	0.23366	0.00816	0.00988	0.00835	0.01098	0.00829	0.06252	0.01539	0.08049	0.13957	0.29310	0.02436	0.06975	0.00772	0.00508	0.00163	0.00375	0.00648	0.00479	0.00605
2	0.00662	0.00511	0.00604	0.00604	0.00733	0.00453	0.00444	0.00836	0.01268	0.01673	0.37382	0.15505	0.35010	0.01233	0.00613	0.00173	0.00257	0.01068	0.00516	0.00453
3	0.00741	0.00516	0.00655	0.00655	0.00688	0.00549	0.00430	0.00807	0.00774	0.01065	0.01530	0.02876	0.01656	0.53917	0.30376	0.00615	0.00812	0.00676	0.00298	0.00364
4	0.01657	0.35175	0.01963	0.01064	0.01446	0.19127	0.00919	0.26480	0.01589	0.01891	0.01053	0.01119	0.03363	0.00546	0.00429	0.00131	0.00628	0.00376	0.00335	0.00707
5	0.01069	0.00880	0.01403	0.13083	0.29813	0.00905	0.02646	0.01350	0.03831	0.06704	0.04604	0.19249	0.04442	0.01043	0.06458	0.00220	0.00569	0.00736	0.00356	0.00640
6	0.01454	0.23675	0.09719	0.02603	0.02762	0.02817	0.02647	0.16132	0.07954	0.10156	0.01284	0.07184	0.01060	0.00606	0.00461	0.00143	0.00534	0.00479	0.00375	0.07957
7	0.01485	0.01501	0.11723	0.01474	0.01930	0.03870	0.24109	0.21706	0.17944	0.06884	0.01351	0.01427	0.00982	0.00559	0.00538	0.00165	0.00650	0.00519	0.00400	0.00781
8	0.20289	0.09164	0.33285	0.01333	0.07167	0.01248	0.06470	0.01724	0.06779	0.06515	0.01021	0.01139	0.00756	0.00499	0.00448	0.00157	0.00608	0.00391	0.00294	0.00714
9	0.01316	0.05857	0.02419	0.10644	0.19362	0.01256	0.38310	0.01664	0.01188	0.09427	0.01081	0.01356	0.00816	0.00478	0.00574	0.00164	0.02553	0.00525	0.00290	0.00719
10	0.00683	0.00537	0.00683	0.00667	0.00795	0.00484	0.03075	0.00845	0.01197	0.01571	0.27593	0.19148	0.31064	0.06644	0.00752	0.00199	0.00303	0.02826	0.00486	0.00448

[dist]
# distance from previous block
# <min> <max>
0	1

[block]
# block no. 6 follows, 48 sequences, length 19
# corresponding to MSA columns:
# 1028-1037,1047-1055
name=unknown_G
#
# <colnr> <probs for GDERKNQSTAVLIFYWHMCP>
#	G	D	E	R	K	N	Q	S	T	A	V	L	I	F	Y	W	H	M	C	P
0	0.01458	0.01126	0.12375	0.00942	0.01300	0.00910	0.00857	0.10292	0.13655	0.24554	0.11714	0.02214	0.09396	0.00738	0.00523	0.00160	0.00438	0.00607	0.06014	0.00728
1	0.01116	0.00989	0.01342	0.14397	0.05716	0.01091	0.07493	0.08507	0.24932	0.01859	0.08230	0.02304	0.14373	0.00762	0.00603	0.00172	0.04379	0.00650	0.00417	0.00665
2	0.01090	0.00833	0.00974	0.00919	0.01084	0.00905	0.00695	0.20411	0.12365	0.01919	0.02186	0.41507	0.02314	0.02366	0.00683	0.00196	0.04465	0.04014	0.00477	0.00597
3	0.01176	0.01190	0.05311	0.01578	0.23061	0.11089	0.01998	0.08600	0.05726	0.01684	0.05611	0.18870	0.05928	0.05060	0.00655	0.00184	0.00535	0.00734	0.00372	0.00638
4	0.43425	0.01242	0.09623	0.01090	0.04423	0.04184	0.10691	0.01561	0.01060	0.06048	0.06801	0.01242	0.00984	0.00520	0.00422	0.00155	0.00515	0.00404	0.00329	0.05277
5	0.07622	0.00965	0.01245	0.01069	0.01192	0.01198	0.00874	0.05346	0.04822	0.08422	0.19271	0.01839	0.01754	0.00854	0.01106	0.00193	0.40689	0.00562	0.00377	0.00598
6	0.18156	0.12631	0.05693	0.02887	0.01421	0.05695	0.00878	0.14878	0.22915	0.08003	0.01310	0.01305	0.00977	0.00573	0.00447	0.00154	0.00508	0.00425	0.00408	0.00734
7	0.26521	0.01311	0.09025	0.02066	0.38313	0.01223	0.06852	0.05766	0.01144	0.01943	0.00906	0.01128	0.00721	0.00473	0.00457	0.00157	0.00576	0.00407	0.00284	0.00725
8	0.01425	0.01045	0.01588	0.07473	0.34729	0.01005	0.01138	0.01682	0.01183	0.18931	0.01172	0.01329	0.00887	0.00505	0.00538	0.00141	0.04414	0.00435	0.00347	0.20033
9	0.00699	0.00521	0.00621	0.00596	0.00734	0.00467	0.00447	0.00904	0.01341	0.01830	0.50566	0.04096	0.28793	0.01108	0.00593	0.00163	0.00248	0.00956	0.04851	0.00467
10	0.01264	0.01119	0.01125	0.01021	0.01285	0.06076	0.00787	0.05313	0.60307	0.02065	0.06033	0.08005	0.01794	0.00771	0.00533	0.00173	0.00428	0.00645	0.00504	0.00754
11	0.16754	0.19837	0.01626	0.03912	0.04909	0.11359	0.00897	0.19361	0.04621	0.09355	0.01044	0.01111	0.00794	0.00538	0.00449	0.00145	0.01833	0.00379	0.00365	0.00711
12	0.07527	0.00680	0.00823	0.00737	0.00938	0.00663	0.00570	0.01452	0.09491	0.15713	0.45907	0.06295	0.05316	0.00924	0.00561	0.00164	0.00309	0.00794	0.00548	0.00589
13	0.01292	0.00768	0.01042	0.01117	0.12917	0.00712	0.00734	0.05320	0.01336	0.24268	0.13961	0.13607	0.18894	0.00947	0.00567	0.00168	0.00383	0.00818	0.00504	0.00647
14	0.00809	0.00485	0.00677	0.00677	0.00707	0.00504	0.00462	0.00748	0.00745	0.01008	0.01352	0.02202	0.04598	0.19370	0.21062	0.42781	0.00675	0.00563	0.00265	0.00308
15	0.01330	0.00878	0.01130	0.00961	0.01133	0.00998	0.00774	0.08401	0.05119	0.17710	0.15782	0.02038	0.04742	0.00878	0.00952	0.04902	0.24191	0.00586	0.06873	0.00622
16	0.24801	0.01173	0.05364	0.00866	0.01272	0.06950	0.00737	0.05565	0.02559	0.12770	0.01043	0.01110	0.00782	0.00478	0.00403	0.00125	0.00465	0.00346	0.00361	0.32829
17	0.01446	0.15852	0.11742	0.10269	0.03873	0.07911	0.09691	0.15680	0.06950	0.06819	0.03355	0.01306	0.00945	0.00547	0.00499	0.00152	0.01451	0.00448	0.00342	0.00722
18	0.04031	0.14550	0.16778	0.10593	0.23873	0.05416	0.06788	0.02778	0.01153	0.01575	0.02974	0.01449	0.00939	0.00537	0.00487	0.00155	0.00647	0.04317	0.00265	0.00697

[dist]
# distance from previous block
# <min> <max>
3	6

[block]
# block no. 7 follows, 48 sequences, length 10
# corresponding to MSA columns:
# 1077-1086
name=unknown_H
#
# <colnr> <probs for GDERKNQSTAVLIFYWHMCP>
#	G	D	E	R	K	N	Q	S	T	A	V	L	I	F	Y	W	H	M	C	P
0	0.24909	0.01061	0.01168	0.00922	0.01301	0.01093	0.00761	0.22769	0.01566	0.37276	0.01449	0.01356	0.00966	0.00587	0.00461	0.00157	0.00461	0.00436	0.00515	0.00786
1	0.01688	0.01307	0.01392	0.01127	0.01491	0.01469	0.00912	0.48099	0.31797	0.02810	0.01566	0.01498	0.01143	0.00647	0.00517	0.00162	0.00503	0.00508	0.00517	0.00849
2	0.05634	0.01032	0.01273	0.00974	0.01380	0.00974	0.04161	0.14654	0.09540	0.29536	0.01482	0.01428	0.01037	0.00551	0.00473	0.00137	0.00456	0.00447	0.00479	0.24354
3	0.05940	0.42537	0.02161	0.01191	0.06657	0.07674	0.07359	0.01822	0.13175	0.05461	0.01047	0.01128	0.00848	0.00499	0.00414	0.00135	0.00572	0.00380	0.00303	0.00696
4	0.42808	0.01081	0.01164	0.01178	0.11715	0.02593	0.02836	0.09965	0.05952	0.08009	0.01104	0.01327	0.00870	0.00564	0.00444	0.00162	0.01882	0.03563	0.02118	0.00665
5	0.01390	0.01085	0.01166	0.01014	0.01285	0.04491	0.00798	0.10892	0.42511	0.09945	0.11847	0.03813	0.01842	0.00751	0.00591	0.00170	0.04539	0.00608	0.00511	0.00751
6	0.00739	0.00531	0.00645	0.00618	0.00761	0.00474	0.00463	0.00934	0.01336	0.04575	0.47783	0.08288	0.28673	0.01146	0.00605	0.00168	0.00258	0.00992	0.00534	0.00478
7	0.01060	0.00994	0.01671	0.46609	0.30554	0.01119	0.01408	0.01381	0.01110	0.01500	0.06787	0.01519	0.01044	0.00533	0.00518	0.00164	0.00624	0.00492	0.00263	0.00651
8	0.00679	0.00515	0.00626	0.00614	0.00742	0.00462	0.00454	0.00871	0.01318	0.01776	0.48336	0.12078	0.27293	0.01183	0.00611	0.00170	0.00253	0.01029	0.00529	0.00462
