[name]
unknown

[dist]
# distance from previous block
# <min> <max>
0	136

[block]
# block no. 0 follows, 63 sequences, length 29
# corresponding to MSA columns:
# 172-200
name=unknown_A
#
# <colnr> <probs for GDERKNQSTAVLIFYWHMCP>
#	G	D	E	R	K	N	Q	S	T	A	V	L	I	F	Y	W	H	M	C	P
0	0.17834	0.02168	0.00877	0.08082	0.09067	0.01890	0.01699	0.02562	0.04573	0.05638	0.11997	0.14576	0.06788	0.00676	0.00433	0.00135	0.01794	0.02408	0.00326	0.06478
1	0.02366	0.00624	0.00696	0.00628	0.00792	0.02819	0.00483	0.06135	0.12443	0.09747	0.29191	0.06253	0.20346	0.02536	0.01763	0.00151	0.01458	0.00675	0.00420	0.00476
2	0.00612	0.00435	0.00535	0.00511	0.00617	0.00397	0.00377	0.00765	0.01057	0.04108	0.48698	0.05754	0.22775	0.08026	0.03326	0.00176	0.00256	0.00771	0.00420	0.00383
3	0.63232	0.00785	0.00721	0.00609	0.00888	0.00849	0.00502	0.01471	0.00856	0.25317	0.00896	0.00899	0.00625	0.00428	0.00307	0.00130	0.00335	0.00284	0.00335	0.00531
4	0.00594	0.00408	0.00456	0.00459	0.00478	0.00399	0.00268	0.00609	0.00661	0.00864	0.01723	0.05922	0.11567	0.71758	0.01878	0.00366	0.00378	0.00667	0.00276	0.00270
5	0.00601	0.00403	0.00462	0.00472	0.00475	0.00401	0.00269	0.00609	0.00632	0.00843	0.01430	0.11496	0.01662	0.76299	0.01969	0.00382	0.00390	0.00673	0.00269	0.00264
6	0.00920	0.00920	0.01288	0.01104	0.01104	0.01288	0.00920	0.01012	0.00644	0.01012	0.00552	0.00920	0.00552	0.00736	0.01380	0.00184	0.84457	0.00368	0.00184	0.00460
7	0.00872	0.00747	0.00872	0.00623	0.00996	0.00560	0.00498	0.01058	0.00872	0.01370	0.00747	0.00872	0.00623	0.00311	0.00311	0.00062	0.00311	0.00249	0.00249	0.87796
8	0.00654	0.00480	0.00666	0.00651	0.00726	0.00544	0.00490	0.04863	0.00731	0.01033	0.01156	0.01819	0.01121	0.17993	0.64427	0.00598	0.00961	0.00476	0.00241	0.00371
9	0.00917	0.00477	0.00507	0.00475	0.00610	0.00483	0.00365	0.01216	0.09547	0.09381	0.01435	0.01554	0.01096	0.00501	0.00320	0.00106	0.00226	0.00404	0.69927	0.00452
10	0.01538	0.11001	0.01290	0.01026	0.01264	0.70384	0.00792	0.01652	0.01155	0.05235	0.00695	0.00784	0.00567	0.00430	0.00369	0.00107	0.00704	0.00274	0.00228	0.00505
11	0.08510	0.09834	0.01101	0.00755	0.01074	0.03491	0.00633	0.06310	0.02790	0.59063	0.01392	0.01249	0.00912	0.00490	0.00392	0.00125	0.00383	0.00380	0.00446	0.00668
12	0.88196	0.00813	0.00618	0.00553	0.00813	0.00943	0.00455	0.01236	0.00715	0.01886	0.00585	0.00683	0.00455	0.00390	0.00260	0.00130	0.00325	0.00228	0.00260	0.00455
13	0.88196	0.00813	0.00618	0.00553	0.00813	0.00943	0.00455	0.01236	0.00715	0.01886	0.00585	0.00683	0.00455	0.00390	0.00260	0.00130	0.00325	0.00228	0.00260	0.00455
14	0.88196	0.00813	0.00618	0.00553	0.00813	0.00943	0.00455	0.01236	0.00715	0.01886	0.00585	0.00683	0.00455	0.00390	0.00260	0.00130	0.00325	0.00228	0.00260	0.00455
15	0.88196	0.00813	0.00618	0.00553	0.00813	0.00943	0.00455	0.01236	0.00715	0.01886	0.00585	0.00683	0.00455	0.00390	0.00260	0.00130	0.00325	0.00228	0.00260	0.00455
16	0.00843	0.02174	0.83048	0.01198	0.01819	0.00976	0.01553	0.01331	0.00888	0.01331	0.00754	0.00888	0.00533	0.00399	0.00399	0.00133	0.00621	0.00311	0.00178	0.00621
17	0.00809	0.00763	0.01289	0.79080	0.07910	0.00938	0.01175	0.01088	0.00848	0.01093	0.00750	0.01116	0.00567	0.00417	0.00420	0.00139	0.00557	0.00374	0.00188	0.00479
18	0.00595	0.00430	0.00562	0.00529	0.00628	0.00397	0.00397	0.00793	0.01190	0.01686	0.82382	0.03140	0.03966	0.00859	0.00496	0.00132	0.00198	0.00760	0.00463	0.00397
19	0.00512	0.00366	0.00488	0.00585	0.00610	0.00341	0.00390	0.00585	0.00805	0.01073	0.02317	0.84952	0.02780	0.01317	0.00537	0.00171	0.00244	0.01195	0.00390	0.00341
20	0.00727	0.00366	0.00545	0.00545	0.00545	0.00366	0.00362	0.00550	0.00550	0.00733	0.00748	0.01322	0.00754	0.03990	0.01658	0.85131	0.00366	0.00373	0.00185	0.00185
21	0.01032	0.00636	0.02735	0.00693	0.03432	0.00616	0.03120	0.03564	0.09794	0.16043	0.07298	0.01631	0.03243	0.00544	0.00407	0.00119	0.03371	0.00445	0.40767	0.00510
22	0.03999	0.00749	0.00986	0.00758	0.01082	0.00673	0.00626	0.07451	0.01244	0.75396	0.01587	0.01383	0.01004	0.00516	0.00419	0.00130	0.00364	0.00415	0.00507	0.00709
23	0.00549	0.00420	0.00503	0.00498	0.00604	0.00375	0.00368	0.00698	0.01058	0.01409	0.43948	0.13503	0.32565	0.00991	0.00501	0.00141	0.00209	0.00860	0.00427	0.00375
24	0.03350	0.05125	0.01362	0.41902	0.19570	0.05224	0.03519	0.01245	0.00919	0.08852	0.00894	0.04631	0.00720	0.00453	0.00413	0.00133	0.00518	0.00400	0.00235	0.00535
25	0.03157	0.00718	0.00929	0.00731	0.01029	0.00653	0.00598	0.06200	0.04507	0.65673	0.01695	0.03650	0.03675	0.00556	0.00420	0.00130	0.00347	0.00453	0.04205	0.00674
26	0.00658	0.00531	0.00616	0.00626	0.00739	0.00544	0.00466	0.01014	0.19525	0.01308	0.09567	0.31636	0.22610	0.01018	0.00522	0.00155	0.02437	0.05198	0.00400	0.00430
27	0.00891	0.00944	0.01954	0.03689	0.01818	0.00904	0.58142	0.01179	0.00942	0.01296	0.01128	0.14909	0.01035	0.00544	0.00515	0.00146	0.02838	0.01879	0.04735	0.00513
28	0.01029	0.06803	0.19530	0.11976	0.18550	0.06806	0.09755	0.07511	0.08484	0.01398	0.00912	0.03751	0.00732	0.00445	0.00415	0.00130	0.00545	0.00393	0.00240	0.00593

[dist]
# distance from previous block
# <min> <max>
4	22

[block]
# block no. 1 follows, 63 sequences, length 11
# corresponding to MSA columns:
# 223-233
name=unknown_B
#
# <colnr> <probs for GDERKNQSTAVLIFYWHMCP>
#	G	D	E	R	K	N	Q	S	T	A	V	L	I	F	Y	W	H	M	C	P
0	0.01108	0.00698	0.00801	0.00690	0.00900	0.05092	0.00541	0.05172	0.06049	0.24615	0.14187	0.11785	0.10653	0.00779	0.02158	0.00143	0.02274	0.02793	0.00411	0.09150
1	0.00899	0.06189	0.01222	0.17514	0.18942	0.05106	0.04171	0.03557	0.04007	0.02316	0.06652	0.08541	0.09618	0.00651	0.02286	0.00144	0.03129	0.00513	0.00274	0.04269
2	0.00685	0.00438	0.00500	0.00490	0.00592	0.00432	0.00367	0.03360	0.00940	0.01408	0.15856	0.05188	0.15505	0.06740	0.09807	0.00202	0.00332	0.02312	0.34462	0.00384
3	0.00790	0.00485	0.00613	0.00565	0.00677	0.01885	0.00418	0.00922	0.01054	0.12137	0.49281	0.05246	0.05757	0.07380	0.02199	0.08823	0.00280	0.00670	0.00413	0.00405
4	0.00543	0.00422	0.00494	0.00488	0.00599	0.00372	0.00361	0.00688	0.01048	0.01378	0.39429	0.11630	0.39045	0.00997	0.00500	0.00140	0.00209	0.00860	0.00423	0.00372
5	0.00601	0.00448	0.00662	0.00662	0.00733	0.00518	0.00509	0.00742	0.00672	0.00966	0.01138	0.01719	0.01080	0.08217	0.78536	0.00659	0.01082	0.00460	0.00227	0.00368
6	0.01081	0.00892	0.00940	0.00832	0.01069	0.01023	0.00651	0.09915	0.68005	0.01832	0.01617	0.01513	0.01212	0.00558	0.00417	0.00138	0.00335	0.00460	0.06860	0.00650
7	0.58728	0.00794	0.00718	0.06768	0.00995	0.02688	0.00533	0.01339	0.05284	0.09781	0.03982	0.00979	0.00736	0.00439	0.00311	0.00130	0.00344	0.00301	0.04660	0.00489
8	0.01062	0.60614	0.11116	0.09031	0.01345	0.04277	0.00850	0.01253	0.00869	0.01056	0.00630	0.00755	0.00545	0.00370	0.00305	0.00099	0.00484	0.00252	0.00185	0.04901
9	0.07293	0.03031	0.01696	0.02125	0.02415	0.01666	0.04265	0.01949	0.08540	0.06629	0.09469	0.10575	0.09778	0.03444	0.09462	0.00205	0.10065	0.00564	0.03464	0.03365
10	0.03672	0.31911	0.14273	0.09078	0.02987	0.05851	0.00841	0.01231	0.01927	0.06294	0.07540	0.07323	0.02823	0.00524	0.00389	0.00120	0.02032	0.00406	0.00253	0.00523

[dist]
# distance from previous block
# <min> <max>
2	7

[block]
# block no. 2 follows, 63 sequences, length 15
# corresponding to MSA columns:
# 241-255
name=unknown_C
#
# <colnr> <probs for GDERKNQSTAVLIFYWHMCP>
#	G	D	E	R	K	N	Q	S	T	A	V	L	I	F	Y	W	H	M	C	P
0	0.05733	0.15398	0.24510	0.00997	0.01378	0.05119	0.10071	0.03381	0.05643	0.10651	0.00988	0.05830	0.00799	0.00575	0.03520	0.00147	0.02059	0.00391	0.00264	0.02546
1	0.02855	0.08527	0.22655	0.01283	0.11907	0.03459	0.14404	0.10193	0.03824	0.09624	0.00943	0.01136	0.00729	0.06006	0.00524	0.00146	0.00536	0.00384	0.00265	0.00601
2	0.00569	0.00428	0.00485	0.00501	0.00619	0.00373	0.00375	0.00683	0.00952	0.04074	0.09146	0.20754	0.52002	0.01090	0.00508	0.00150	0.00235	0.06286	0.00400	0.00370
3	0.00647	0.06025	0.00641	0.00588	0.00674	0.00477	0.00425	0.00777	0.03590	0.04872	0.07650	0.51720	0.11532	0.05369	0.00585	0.00169	0.00271	0.03219	0.00381	0.00385
4	0.01204	0.04536	0.18976	0.07235	0.03752	0.15860	0.06308	0.09403	0.03999	0.12842	0.07503	0.02175	0.00967	0.00493	0.00443	0.00129	0.02909	0.00396	0.00295	0.00578
5	0.08191	0.02744	0.01372	0.28980	0.34283	0.11061	0.01076	0.01265	0.02698	0.01268	0.00794	0.02995	0.00660	0.00424	0.00400	0.00129	0.00526	0.00368	0.00215	0.00551
6	0.01270	0.00598	0.00784	0.00656	0.00875	0.00539	0.00520	0.03121	0.03356	0.42658	0.28506	0.07627	0.06235	0.00713	0.00458	0.00134	0.00292	0.00609	0.00482	0.00566
7	0.00997	0.01032	0.10869	0.11234	0.30465	0.04330	0.07820	0.03160	0.00972	0.07512	0.04786	0.08437	0.01039	0.04876	0.00523	0.00148	0.00497	0.00477	0.00261	0.00565
8	0.01092	0.13663	0.08503	0.15474	0.14242	0.10374	0.08922	0.06391	0.06146	0.04498	0.03286	0.02762	0.00796	0.00451	0.00416	0.00126	0.01657	0.00383	0.00249	0.00567
9	0.00891	0.00853	0.01279	0.44785	0.09029	0.05314	0.08190	0.03446	0.06726	0.01264	0.05433	0.01391	0.04967	0.00487	0.00444	0.00136	0.01799	0.00434	0.02628	0.00504
10	0.00606	0.00405	0.00460	0.00465	0.00467	0.00404	0.00262	0.00610	0.00622	0.00829	0.01378	0.07142	0.01595	0.80744	0.02054	0.00395	0.00399	0.00643	0.00262	0.00259
11	0.28269	0.09369	0.04070	0.00918	0.01185	0.43976	0.04096	0.01476	0.00994	0.01314	0.00636	0.00747	0.00518	0.00409	0.00338	0.00116	0.00589	0.00264	0.00225	0.00490
12	0.00615	0.00445	0.00507	0.00488	0.00625	0.00390	0.00369	0.00746	0.01002	0.06629	0.20334	0.06086	0.53405	0.01112	0.05195	0.00170	0.00272	0.00815	0.00405	0.00388
13	0.01025	0.13017	0.13820	0.12408	0.15692	0.08445	0.03474	0.03746	0.05041	0.03495	0.03089	0.02336	0.01954	0.00475	0.00445	0.00127	0.04894	0.01313	0.04651	0.00554
14	0.04303	0.00425	0.00519	0.00556	0.00633	0.00396	0.00388	0.00730	0.00870	0.06541	0.08841	0.50617	0.15531	0.06860	0.00617	0.00175	0.00257	0.00979	0.00390	0.00372

[dist]
# distance from previous block
# <min> <max>
2	8

[block]
# block no. 3 follows, 63 sequences, length 8
# corresponding to MSA columns:
# 264-271
name=unknown_D
#
# <colnr> <probs for GDERKNQSTAVLIFYWHMCP>
#	G	D	E	R	K	N	Q	S	T	A	V	L	I	F	Y	W	H	M	C	P
0	0.00597	0.00463	0.00561	0.00532	0.00667	0.00402	0.00399	0.00751	0.01022	0.01396	0.36737	0.15627	0.23287	0.00919	0.00481	0.00133	0.00230	0.03469	0.00402	0.11924
1	0.00939	0.02587	0.17117	0.06243	0.18615	0.03089	0.11228	0.05431	0.07832	0.01402	0.08211	0.03651	0.02741	0.03513	0.00551	0.00146	0.05422	0.00456	0.00262	0.00563
2	0.00593	0.00407	0.00474	0.00481	0.00503	0.00396	0.00292	0.00632	0.00725	0.00974	0.12371	0.12197	0.05398	0.60901	0.01669	0.00333	0.00353	0.00709	0.00304	0.00288
3	0.00630	0.00443	0.00557	0.00573	0.02615	0.00404	0.00412	0.00788	0.01049	0.04373	0.40256	0.15710	0.21419	0.00944	0.00490	0.00140	0.00228	0.03602	0.04970	0.00396
4	0.00732	0.00589	0.00771	0.02722	0.00838	0.00654	0.00536	0.03680	0.02762	0.01085	0.01126	0.07934	0.01142	0.21302	0.27575	0.00372	0.13275	0.00501	0.00253	0.12151
5	0.00512	0.00366	0.00488	0.00585	0.00610	0.00341	0.00390	0.00585	0.00805	0.01073	0.02317	0.84952	0.02780	0.01317	0.00537	0.00171	0.00244	0.01195	0.00390	0.00341
6	0.01038	0.01071	0.06667	0.19581	0.14995	0.07158	0.06276	0.11073	0.10947	0.01418	0.00908	0.01120	0.00717	0.00641	0.05750	0.00172	0.09260	0.00387	0.00254	0.00566
7	0.02887	0.00933	0.01265	0.07877	0.27661	0.03131	0.03000	0.12929	0.19406	0.01566	0.01153	0.08965	0.00990	0.00568	0.00494	0.02073	0.03729	0.00471	0.00304	0.00597

[dist]
# distance from previous block
# <min> <max>
0	1

[block]
# block no. 4 follows, 63 sequences, length 31
# corresponding to MSA columns:
# 273-303
name=unknown_E
#
# <colnr> <probs for GDERKNQSTAVLIFYWHMCP>
#	G	D	E	R	K	N	Q	S	T	A	V	L	I	F	Y	W	H	M	C	P
0	0.00886	0.03668	0.01251	0.66258	0.05508	0.04038	0.01070	0.01133	0.00879	0.04920	0.03454	0.01174	0.00702	0.00465	0.00450	0.02537	0.00535	0.00379	0.00213	0.00479
1	0.07377	0.01767	0.01988	0.07934	0.16415	0.06273	0.01625	0.03062	0.06168	0.01329	0.06057	0.02583	0.05192	0.03190	0.07405	0.00187	0.09335	0.04289	0.01986	0.05838
2	0.00613	0.00375	0.00530	0.00578	0.00597	0.00370	0.00393	0.00589	0.00687	0.00922	0.01545	0.40802	0.01764	0.03194	0.08058	0.36100	0.00374	0.01942	0.00288	0.00278
3	0.00560	0.00418	0.00520	0.00516	0.00612	0.00378	0.00379	0.00718	0.01075	0.01465	0.52176	0.17195	0.20479	0.00981	0.00503	0.00141	0.00209	0.00861	0.00435	0.00378
4	0.00847	0.06939	0.54284	0.01071	0.01544	0.00934	0.05043	0.03642	0.04788	0.01339	0.02510	0.13184	0.00968	0.00548	0.00420	0.00137	0.00534	0.00461	0.00235	0.00574
5	0.06470	0.04323	0.06145	0.00774	0.01125	0.00788	0.00677	0.12835	0.01196	0.45333	0.01258	0.01173	0.00841	0.00462	0.00387	0.00117	0.00383	0.00362	0.00412	0.14936
6	0.01321	0.01172	0.06280	0.07901	0.13642	0.07054	0.00926	0.37286	0.10847	0.05043	0.01014	0.01086	0.00752	0.00516	0.01584	0.00137	0.02075	0.00379	0.00338	0.00650
7	0.00937	0.00817	0.00930	0.12562	0.03895	0.08223	0.00711	0.03306	0.26038	0.03599	0.02900	0.12189	0.02321	0.01615	0.05347	0.04280	0.03274	0.06223	0.00330	0.00505
8	0.00637	0.00426	0.00636	0.00636	0.00688	0.00479	0.00475	0.00692	0.00639	0.00905	0.01021	0.01572	0.00973	0.04430	0.59227	0.24702	0.00901	0.00430	0.00214	0.00320
9	0.00917	0.00798	0.01016	0.03763	0.12672	0.00666	0.00645	0.03330	0.02558	0.01403	0.00780	0.00922	0.00643	0.00335	0.00335	0.00077	0.00351	0.00279	0.00249	0.68260
10	0.00764	0.00665	0.00972	0.18726	0.01296	0.00839	0.00758	0.00909	0.00732	0.02561	0.02996	0.04333	0.03674	0.07798	0.23543	0.00322	0.28000	0.00466	0.00228	0.00418
11	0.00664	0.00418	0.00494	0.00503	0.00531	0.00410	0.00314	0.00701	0.00697	0.04537	0.01534	0.14848	0.01717	0.60922	0.01663	0.00335	0.00371	0.04787	0.04252	0.00301
12	0.01046	0.00903	0.00951	0.00855	0.01093	0.01046	0.00665	0.02234	0.81845	0.01759	0.01711	0.01568	0.01283	0.00570	0.00428	0.00143	0.00333	0.00475	0.00428	0.00665
13	0.00542	0.00387	0.00522	0.00620	0.00657	0.00367	0.00442	0.00637	0.00834	0.01107	0.02300	0.70440	0.02715	0.01289	0.00545	0.00175	0.00270	0.15412	0.00390	0.00350
14	0.00611	0.00401	0.00512	0.00565	0.00632	0.00366	0.00393	0.00705	0.00874	0.06471	0.06495	0.61471	0.14166	0.01183	0.00515	0.00160	0.00243	0.01056	0.02811	0.00372
15	0.67314	0.00722	0.00610	0.03288	0.00827	0.00824	0.00454	0.01099	0.00722	0.01672	0.00867	0.11416	0.00836	0.07326	0.00451	0.00158	0.00329	0.00384	0.00274	0.00425
16	0.00992	0.01134	0.02481	0.01772	0.02197	0.01063	0.81077	0.01347	0.00992	0.01347	0.00850	0.01134	0.00638	0.00354	0.00496	0.00142	0.00709	0.00496	0.00213	0.00567
17	0.01532	0.01080	0.01136	0.00901	0.01198	0.06139	0.00731	0.56814	0.01700	0.13935	0.01197	0.08168	0.00932	0.00571	0.00426	0.00129	0.00443	0.00448	0.01856	0.00664
18	0.00538	0.00392	0.00496	0.00567	0.00610	0.00369	0.00386	0.00637	0.02339	0.01093	0.04800	0.62297	0.10690	0.09131	0.00681	0.00189	0.00261	0.03800	0.00380	0.00344
19	0.75979	0.00799	0.00668	0.00580	0.00850	0.00897	0.00478	0.01351	0.00784	0.13353	0.00737	0.00789	0.00538	0.00409	0.00283	0.00130	0.00330	0.00255	0.00297	0.00492
20	0.13868	0.01108	0.01160	0.00900	0.01225	0.01227	0.00743	0.66889	0.01769	0.05576	0.00974	0.00979	0.00690	0.00489	0.00398	0.00127	0.00439	0.00359	0.00402	0.00678
21	0.00579	0.00426	0.00547	0.00590	0.00672	0.00399	0.00452	0.00720	0.00967	0.01283	0.23502	0.25548	0.16161	0.04288	0.00592	0.00171	0.00271	0.22062	0.00403	0.00367
22	0.00623	0.00437	0.00547	0.00545	0.00640	0.00407	0.00395	0.00732	0.00890	0.03862	0.18444	0.21298	0.18994	0.09540	0.10204	0.03769	0.00359	0.02294	0.01568	0.04451
23	0.00552	0.00401	0.00525	0.00591	0.00642	0.00380	0.00416	0.00687	0.03110	0.01218	0.17145	0.61163	0.04303	0.01198	0.00528	0.00164	0.00246	0.05964	0.00404	0.00364
24	0.50589	0.00795	0.00789	0.00650	0.00939	0.00838	0.00536	0.05832	0.00969	0.32868	0.01018	0.00986	0.00693	0.00446	0.00331	0.00130	0.00345	0.00310	0.00368	0.00569
25	0.01799	0.00407	0.00561	0.00568	0.00611	0.00405	0.00398	0.00676	0.00736	0.03251	0.12354	0.15932	0.02803	0.08586	0.10470	0.36692	0.00409	0.02765	0.00285	0.00293
26	0.00897	0.18046	0.67645	0.01107	0.01678	0.01107	0.01394	0.01317	0.00881	0.01266	0.00722	0.00847	0.00534	0.00392	0.00375	0.00125	0.00589	0.00294	0.00178	0.00606
27	0.03470	0.00715	0.00950	0.00735	0.01050	0.00629	0.00605	0.03912	0.01201	0.75542	0.01744	0.01528	0.04830	0.00543	0.00423	0.00131	0.00353	0.00440	0.00507	0.00694
28	0.00561	0.00396	0.00504	0.00567	0.00606	0.00376	0.00392	0.00631	0.00797	0.01047	0.03542	0.46467	0.09406	0.18669	0.00908	0.03161	0.00297	0.10992	0.00356	0.00326
29	0.02050	0.00711	0.00830	0.05449	0.00994	0.04104	0.04383	0.10705	0.15310	0.01415	0.01631	0.14500	0.06455	0.14478	0.03863	0.00204	0.00408	0.04049	0.07998	0.00463
30	0.02238	0.00949	0.07138	0.19643	0.18681	0.04104	0.11341	0.06028	0.02093	0.03477	0.01153	0.17975	0.01091	0.00601	0.00449	0.00141	0.00495	0.01605	0.00266	0.00531

[dist]
# distance from previous block
# <min> <max>
3	35

[block]
# block no. 5 follows, 63 sequences, length 13
# corresponding to MSA columns:
# 339-351
name=unknown_F
#
# <colnr> <probs for GDERKNQSTAVLIFYWHMCP>
#	G	D	E	R	K	N	Q	S	T	A	V	L	I	F	Y	W	H	M	C	P
0	0.01124	0.85479	0.02203	0.00719	0.01079	0.01663	0.00719	0.01259	0.00854	0.00989	0.00584	0.00674	0.00539	0.00360	0.00270	0.00090	0.00450	0.00225	0.00180	0.00539
1	0.01142	0.00951	0.01005	0.00875	0.01130	0.01091	0.00689	0.15977	0.67945	0.01914	0.01589	0.01471	0.01184	0.00559	0.00426	0.00140	0.00355	0.00458	0.00426	0.00674
2	0.00779	0.00579	0.00737	0.00768	0.00901	0.00599	0.00652	0.07556	0.09658	0.01454	0.08383	0.03952	0.04931	0.01018	0.00542	0.00176	0.00367	0.56104	0.00400	0.00443
3	0.88196	0.00813	0.00618	0.00553	0.00813	0.00943	0.00455	0.01236	0.00715	0.01886	0.00585	0.00683	0.00455	0.00390	0.00260	0.00130	0.00325	0.00228	0.00260	0.00455
4	0.00606	0.00434	0.00619	0.00623	0.00685	0.00481	0.00465	0.00724	0.00715	0.01022	0.07538	0.07020	0.01422	0.11548	0.57441	0.04649	0.00865	0.00533	0.02257	0.00353
5	0.01627	0.00760	0.00975	0.00737	0.01074	0.00660	0.00605	0.08250	0.01189	0.57455	0.01394	0.01267	0.00917	0.00471	0.00397	0.00114	0.00355	0.00379	0.00449	0.20925
6	0.00661	0.00450	0.00512	0.00505	0.00528	0.00455	0.00304	0.05595	0.00718	0.00958	0.01419	0.12084	0.01622	0.70347	0.01849	0.00363	0.00392	0.00664	0.00281	0.00293
7	0.01227	0.00864	0.00960	0.00807	0.01071	0.00927	0.00642	0.16405	0.41324	0.15498	0.06491	0.01620	0.05027	0.00578	0.00427	0.00133	0.00346	0.00474	0.00434	0.04743
8	0.00555	0.00403	0.00545	0.00594	0.00640	0.00409	0.00419	0.00651	0.00767	0.01042	0.04571	0.43176	0.05527	0.10924	0.25854	0.00347	0.00529	0.02373	0.00328	0.00346
9	0.07317	0.00692	0.00814	0.00636	0.00930	0.00579	0.00501	0.01100	0.00887	0.09861	0.03146	0.12728	0.01040	0.00505	0.00385	0.00095	0.02602	0.00414	0.00302	0.55465
10	0.00605	0.00403	0.00501	0.00542	0.00607	0.00373	0.00378	0.00706	0.00878	0.04197	0.11726	0.45858	0.13024	0.08591	0.00647	0.00177	0.00253	0.02991	0.07182	0.00361
11	0.00919	0.00526	0.00623	0.00565	0.00680	0.00514	0.00400	0.06529	0.03191	0.15475	0.10870	0.08732	0.04502	0.33947	0.01104	0.00240	0.00334	0.00607	0.09823	0.00420
12	0.01032	0.00891	0.01408	0.26043	0.39083	0.00968	0.01102	0.10300	0.01015	0.04197	0.00853	0.02776	0.00696	0.00489	0.00509	0.04247	0.03181	0.00392	0.00239	0.00579

[dist]
# distance from previous block
# <min> <max>
5	8

[block]
# block no. 6 follows, 63 sequences, length 19
# corresponding to MSA columns:
# 360-378
name=unknown_G
#
# <colnr> <probs for GDERKNQSTAVLIFYWHMCP>
#	G	D	E	R	K	N	Q	S	T	A	V	L	I	F	Y	W	H	M	C	P
0	0.00693	0.00553	0.00636	0.00593	0.00738	0.00558	0.00451	0.01132	0.22290	0.01591	0.45124	0.02915	0.19440	0.00826	0.00478	0.00137	0.00237	0.00712	0.00439	0.00458
1	0.46697	0.00672	0.00637	0.00571	0.00791	0.00710	0.00455	0.01194	0.00878	0.15383	0.08649	0.09632	0.11004	0.00626	0.00364	0.00136	0.00298	0.00482	0.00351	0.00471
2	0.01357	0.00675	0.00797	0.00653	0.00891	0.00660	0.00525	0.12346	0.07427	0.34273	0.01449	0.01422	0.01019	0.00506	0.00373	0.00117	0.00310	0.00406	0.32223	0.02569
3	0.00601	0.00450	0.00676	0.00676	0.00751	0.00525	0.00525	0.00751	0.00676	0.00976	0.01126	0.01651	0.01051	0.03153	0.83560	0.00676	0.01126	0.00450	0.00225	0.00375
4	0.00725	0.00570	0.00673	0.00622	0.00764	0.00588	0.00474	0.01215	0.25148	0.01688	0.55710	0.02704	0.05883	0.00781	0.00476	0.00136	0.00239	0.00680	0.00450	0.00475
5	0.00920	0.00920	0.01288	0.01104	0.01104	0.01288	0.00920	0.01012	0.00644	0.01012	0.00552	0.00920	0.00552	0.00736	0.01380	0.00184	0.84457	0.00368	0.00184	0.00460
6	0.00602	0.00446	0.00654	0.00654	0.00722	0.00514	0.00499	0.00737	0.00669	0.00960	0.01145	0.01758	0.01097	0.11137	0.75640	0.00650	0.01056	0.00466	0.00228	0.00364
7	0.00872	0.00747	0.00872	0.00623	0.00996	0.00560	0.00498	0.01058	0.00872	0.01370	0.00747	0.00872	0.00623	0.00311	0.00311	0.00062	0.00311	0.00249	0.00249	0.87796
8	0.00902	0.00773	0.00852	0.00766	0.00971	0.00856	0.02607	0.01763	0.56840	0.01595	0.08072	0.02125	0.14203	0.05115	0.00535	0.00156	0.00317	0.00569	0.00410	0.00573
9	0.00515	0.00423	0.00454	0.00465	0.00590	0.00363	0.00348	0.00629	0.00964	0.01184	0.10934	0.11864	0.64405	0.01075	0.00504	0.00146	0.00222	0.04161	0.00397	0.00359
10	0.01493	0.01151	0.01354	0.01036	0.01373	0.01259	0.08597	0.66898	0.08491	0.02449	0.01052	0.01068	0.00754	0.00495	0.00428	0.00129	0.00476	0.00398	0.00401	0.00696
11	0.01069	0.01076	0.09008	0.03006	0.07368	0.06347	0.00810	0.11856	0.38480	0.01665	0.02535	0.04912	0.02297	0.00569	0.00448	0.00137	0.02648	0.01406	0.03753	0.00610
12	0.01107	0.72217	0.10458	0.00765	0.01145	0.01530	0.00795	0.01281	0.00877	0.03663	0.02524	0.00777	0.00634	0.00380	0.00293	0.00097	0.00459	0.00252	0.00197	0.00550
13	0.00677	0.00484	0.00677	0.00774	0.00871	0.00484	0.00677	0.00871	0.00968	0.01258	0.02226	0.04742	0.02419	0.01161	0.00581	0.00194	0.00387	0.79775	0.00387	0.00387
14	0.00538	0.00388	0.00499	0.00572	0.00614	0.00363	0.00395	0.00622	0.00830	0.01095	0.05783	0.59546	0.09719	0.09425	0.00691	0.00192	0.00267	0.07740	0.00380	0.00340
15	0.14816	0.04160	0.07132	0.10794	0.12098	0.05393	0.09938	0.20876	0.02642	0.06949	0.00869	0.00993	0.00644	0.00429	0.00395	0.00129	0.00502	0.00356	0.00288	0.00597
16	0.00946	0.00805	0.01209	0.27435	0.16786	0.00902	0.02956	0.13078	0.01073	0.03079	0.12500	0.07139	0.01258	0.00618	0.01892	0.00148	0.06870	0.00491	0.00287	0.00528
17	0.00580	0.00503	0.04872	0.00577	0.00683	0.00409	0.00453	0.00754	0.01053	0.01467	0.51715	0.26933	0.06462	0.00977	0.00503	0.00144	0.00234	0.00868	0.00424	0.00391
18	0.02061	0.08759	0.06109	0.12436	0.19435	0.02935	0.07518	0.13216	0.02031	0.04338	0.00886	0.02183	0.00729	0.04056	0.03862	0.01899	0.01756	0.00383	0.00254	0.05155

[dist]
# distance from previous block
# <min> <max>
2	24

[block]
# block no. 7 follows, 63 sequences, length 12
# corresponding to MSA columns:
# 403-414
name=unknown_H
#
# <colnr> <probs for GDERKNQSTAVLIFYWHMCP>
#	G	D	E	R	K	N	Q	S	T	A	V	L	I	F	Y	W	H	M	C	P
0	0.23006	0.04245	0.01013	0.07021	0.09814	0.04310	0.02102	0.06193	0.02143	0.04402	0.04705	0.02628	0.02929	0.00507	0.02307	0.00126	0.00406	0.00350	0.00277	0.21516
1	0.00703	0.00454	0.00563	0.00557	0.00644	0.00436	0.00394	0.00833	0.05171	0.07647	0.13567	0.20800	0.15778	0.15941	0.05820	0.08872	0.00339	0.00752	0.00359	0.00370
2	0.00704	0.00554	0.00855	0.17009	0.09656	0.00574	0.03377	0.00848	0.00840	0.03972	0.04035	0.39972	0.01861	0.09925	0.02159	0.00191	0.00386	0.02353	0.00315	0.00414
3	0.21712	0.00984	0.01031	0.02477	0.03415	0.01096	0.00693	0.38923	0.15127	0.05438	0.04287	0.01133	0.00889	0.00499	0.00387	0.00130	0.00397	0.00376	0.00379	0.00627
4	0.02059	0.00753	0.02470	0.11947	0.09825	0.03654	0.05844	0.05733	0.05189	0.09796	0.06456	0.13798	0.01339	0.03779	0.06932	0.06923	0.00479	0.02229	0.00310	0.00487
5	0.13284	0.00561	0.00641	0.00572	0.00752	0.00540	0.00440	0.01234	0.02451	0.25818	0.07405	0.12828	0.09090	0.06314	0.00518	0.00150	0.00287	0.00573	0.16059	0.00484
6	0.01025	0.00983	0.01678	0.07814	0.77494	0.00995	0.01282	0.01276	0.00950	0.01354	0.00788	0.01046	0.00659	0.00377	0.00416	0.00126	0.00503	0.00374	0.00207	0.00653
7	0.03275	0.00564	0.00827	0.12054	0.12249	0.00574	0.02773	0.00841	0.02078	0.01193	0.08742	0.30290	0.10468	0.07155	0.00632	0.02226	0.00349	0.02973	0.00321	0.00414
8	0.06387	0.00578	0.00685	0.00701	0.05144	0.03315	0.02246	0.00952	0.02413	0.10868	0.12175	0.23121	0.25691	0.03163	0.00517	0.00151	0.00295	0.00780	0.00383	0.00434
9	0.00601	0.00450	0.00676	0.00676	0.00751	0.00525	0.00525	0.00751	0.00676	0.00976	0.01126	0.01651	0.01051	0.03153	0.83560	0.00676	0.01126	0.00450	0.00225	0.00375
10	0.00645	0.00421	0.00632	0.00632	0.00681	0.00470	0.00470	0.00681	0.00632	0.00891	0.00990	0.01523	0.00941	0.02571	0.55397	0.30619	0.00864	0.00421	0.00211	0.00309
11	0.02225	0.00907	0.03847	0.26561	0.16530	0.05350	0.06725	0.04387	0.03975	0.02642	0.00993	0.05866	0.01967	0.00725	0.07352	0.00182	0.05961	0.00438	0.02849	0.00519

[dist]
# distance from previous block
# <min> <max>
0	1

[block]
# block no. 8 follows, 63 sequences, length 12
# corresponding to MSA columns:
# 416-427
name=unknown_I
#
# <colnr> <probs for GDERKNQSTAVLIFYWHMCP>
#	G	D	E	R	K	N	Q	S	T	A	V	L	I	F	Y	W	H	M	C	P
0	0.00718	0.00453	0.00576	0.00601	0.02313	0.00408	0.00428	0.00828	0.00946	0.11598	0.12780	0.33629	0.24076	0.02423	0.00560	0.02443	0.00261	0.04151	0.00405	0.00403
1	0.00598	0.00404	0.00468	0.00478	0.00487	0.00399	0.00279	0.00619	0.00669	0.00898	0.06241	0.12610	0.01822	0.70192	0.01851	0.00363	0.00376	0.00690	0.00283	0.00273
2	0.05622	0.00701	0.00900	0.00737	0.01006	0.00656	0.00604	0.09059	0.01175	0.53503	0.01691	0.06662	0.03853	0.00760	0.04582	0.00165	0.00395	0.06841	0.00461	0.00626
3	0.04286	0.00701	0.04845	0.07902	0.11699	0.00665	0.03366	0.03237	0.00839	0.03486	0.03463	0.08007	0.03782	0.10161	0.13179	0.07499	0.02222	0.01883	0.03170	0.05606
4	0.00623	0.00418	0.00528	0.00561	0.00635	0.00391	0.00403	0.00716	0.00862	0.04921	0.08516	0.34853	0.17487	0.09806	0.04720	0.03701	0.00316	0.07977	0.02211	0.00357
5	0.00601	0.00450	0.00676	0.00676	0.00751	0.00525	0.00525	0.00751	0.00676	0.00976	0.01126	0.01651	0.01051	0.03153	0.83560	0.00676	0.01126	0.00450	0.00225	0.00375
6	0.37678	0.00860	0.00929	0.03506	0.03426	0.00934	0.03195	0.19720	0.02680	0.13877	0.04979	0.01077	0.00826	0.00488	0.00385	0.02104	0.00379	0.00346	0.02052	0.00557
7	0.04281	0.00527	0.00707	0.04127	0.01884	0.00533	0.02582	0.04849	0.02298	0.07939	0.07205	0.20946	0.05118	0.10951	0.06105	0.15683	0.00394	0.03160	0.00325	0.00386
8	0.00957	0.00581	0.00696	0.00620	0.00786	0.00573	0.00487	0.11860	0.04068	0.13232	0.30498	0.06516	0.06496	0.00743	0.00446	0.00132	0.00275	0.05470	0.15074	0.00488
9	0.80724	0.00775	0.00607	0.00556	0.00796	0.00892	0.00450	0.01180	0.00723	0.01817	0.00733	0.07864	0.00653	0.00469	0.00284	0.00134	0.00318	0.00310	0.00271	0.00446
10	0.08251	0.00924	0.01140	0.21397	0.04417	0.03285	0.02522	0.28891	0.01308	0.16116	0.01124	0.01202	0.03396	0.00486	0.00406	0.00130	0.00454	0.00390	0.03563	0.00598
11	0.06764	0.00729	0.00921	0.06393	0.07718	0.01946	0.03608	0.11125	0.05450	0.09407	0.06650	0.01440	0.01091	0.03013	0.03534	0.00152	0.04287	0.00419	0.24838	0.00516

[dist]
# distance from previous block
# <min> <max>
0	2

[block]
# block no. 9 follows, 63 sequences, length 21
# corresponding to MSA columns:
# 430-450
name=unknown_J
#
# <colnr> <probs for GDERKNQSTAVLIFYWHMCP>
#	G	D	E	R	K	N	Q	S	T	A	V	L	I	F	Y	W	H	M	C	P
0	0.01361	0.00796	0.00917	0.00746	0.01010	0.02071	0.00601	0.21378	0.10386	0.31132	0.10600	0.01921	0.13925	0.00642	0.00441	0.00132	0.00348	0.00524	0.00454	0.00616
1	0.01122	0.49883	0.06996	0.04091	0.04123	0.06650	0.00849	0.05153	0.00908	0.02400	0.00645	0.00790	0.00563	0.00439	0.00481	0.00114	0.13774	0.00277	0.00201	0.00542
2	0.00647	0.00472	0.00577	0.00562	0.00663	0.00457	0.00413	0.00841	0.05716	0.04587	0.33182	0.19118	0.20886	0.06080	0.00630	0.00161	0.03381	0.00820	0.00409	0.00398
3	0.03141	0.00507	0.00610	0.00558	0.00710	0.00471	0.00427	0.01018	0.06187	0.13003	0.41303	0.06011	0.22738	0.00849	0.00477	0.00136	0.00238	0.00728	0.00443	0.00448
4	0.00698	0.00477	0.00659	0.00741	0.00839	0.00468	0.00630	0.00874	0.00956	0.04340	0.02268	0.14521	0.04476	0.01154	0.00567	0.00187	0.00364	0.64997	0.00393	0.00393
5	0.00842	0.00551	0.00673	0.00608	0.00759	0.00546	0.00467	0.01226	0.16656	0.11001	0.52395	0.02541	0.02929	0.00741	0.00461	0.00132	0.00242	0.00643	0.06103	0.00484
6	0.01570	0.02004	0.01191	0.01083	0.01300	0.83539	0.00812	0.01679	0.01191	0.01029	0.00650	0.00758	0.00541	0.00433	0.00379	0.00108	0.00758	0.00271	0.00217	0.00487
7	0.11338	0.01136	0.01189	0.00921	0.01248	0.01263	0.00760	0.72208	0.01835	0.02563	0.00962	0.00973	0.00686	0.00492	0.00402	0.00127	0.00447	0.00362	0.00402	0.00686
8	0.01429	0.01117	0.01165	0.00936	0.01239	0.03574	0.00759	0.54832	0.26327	0.02331	0.01213	0.01173	0.00883	0.00523	0.00422	0.00131	0.00431	0.00405	0.00417	0.00693
9	0.00725	0.00367	0.00543	0.00543	0.00543	0.00367	0.00360	0.00551	0.00551	0.00734	0.00758	0.01347	0.00767	0.05370	0.01666	0.83692	0.00367	0.00377	0.00186	0.00186
10	0.01046	0.00903	0.00951	0.00855	0.01093	0.01046	0.00665	0.02234	0.81845	0.01759	0.01711	0.01568	0.01283	0.00570	0.00428	0.00143	0.00333	0.00475	0.00428	0.00665
11	0.00889	0.00976	0.10774	0.08212	0.12975	0.05083	0.15394	0.03442	0.00925	0.04121	0.01249	0.22939	0.01242	0.04521	0.03170	0.00173	0.02530	0.00611	0.00271	0.00503
12	0.15661	0.11311	0.08308	0.06393	0.02586	0.24127	0.05548	0.13047	0.01124	0.07050	0.00782	0.00879	0.00594	0.00425	0.00367	0.00120	0.00549	0.00309	0.00264	0.00554
13	0.00912	0.00910	0.01286	0.05998	0.01209	0.01267	0.00934	0.01015	0.00655	0.01015	0.00563	0.00932	0.00552	0.00717	0.01323	0.00181	0.79516	0.00368	0.00184	0.00460
14	0.00511	0.00422	0.00451	0.00468	0.00592	0.00362	0.00351	0.00621	0.00945	0.01147	0.05571	0.13812	0.66455	0.01096	0.00507	0.00148	0.00227	0.05567	0.00392	0.00356
15	0.01002	0.08320	0.11317	0.07171	0.04263	0.08995	0.05207	0.06129	0.10286	0.06236	0.04245	0.15608	0.04222	0.00655	0.00457	0.00138	0.02333	0.02580	0.00309	0.00530
16	0.04584	0.04898	0.03711	0.05072	0.09157	0.04956	0.11643	0.29025	0.04345	0.08373	0.02340	0.01228	0.04574	0.00531	0.01697	0.00138	0.02377	0.00412	0.00327	0.00613
17	0.00513	0.00383	0.00477	0.00546	0.00601	0.00347	0.00374	0.00600	0.00859	0.01117	0.06669	0.62228	0.21285	0.01236	0.00525	0.00162	0.00234	0.01103	0.00394	0.00347
18	0.00711	0.00365	0.00542	0.00551	0.00553	0.00363	0.00367	0.00551	0.00570	0.00760	0.00867	0.08478	0.00907	0.01448	0.01548	0.80232	0.00355	0.00437	0.00200	0.00196
19	0.21619	0.03673	0.01280	0.12212	0.17007	0.09510	0.10686	0.05816	0.00964	0.01488	0.03515	0.02495	0.00754	0.00440	0.00393	0.00128	0.01743	0.00367	0.05386	0.00524
20	0.08174	0.00779	0.04548	0.03098	0.08972	0.03421	0.00632	0.05183	0.01873	0.04970	0.12374	0.04990	0.11431	0.04404	0.00531	0.00137	0.04446	0.01490	0.05203	0.13343

[dist]
# distance from previous block
# <min> <max>
2	61

[block]
# block no. 10 follows, 63 sequences, length 8
# corresponding to MSA columns:
# 513-520
name=unknown_K
#
# <colnr> <probs for GDERKNQSTAVLIFYWHMCP>
#	G	D	E	R	K	N	Q	S	T	A	V	L	I	F	Y	W	H	M	C	P
0	0.01060	0.04168	0.01118	0.02397	0.10036	0.04799	0.00757	0.11536	0.10609	0.06464	0.08495	0.01425	0.02715	0.03026	0.04957	0.00175	0.20418	0.00434	0.04871	0.00539
1	0.00730	0.00587	0.00866	0.11618	0.17306	0.00582	0.00669	0.00923	0.01031	0.04094	0.34148	0.09676	0.14580	0.00766	0.00472	0.00137	0.00316	0.00680	0.00361	0.00459
2	0.00608	0.00419	0.00521	0.00504	0.00602	0.00389	0.00375	0.00790	0.01099	0.01579	0.58507	0.08734	0.10058	0.00855	0.00470	0.00131	0.00202	0.00748	0.13020	0.00389
3	0.00601	0.00459	0.00626	0.00619	0.00687	0.00511	0.00464	0.00715	0.00704	0.00972	0.01590	0.02163	0.12860	0.17391	0.53658	0.00530	0.04306	0.00539	0.00253	0.00354
4	0.00872	0.00747	0.00872	0.00623	0.00996	0.00560	0.00498	0.01058	0.00872	0.01370	0.00747	0.00872	0.00623	0.00311	0.00311	0.00062	0.00311	0.00249	0.00249	0.87796
5	0.00869	0.00691	0.00821	0.00623	0.00944	0.00532	0.00488	0.01038	0.00878	0.05257	0.01018	0.13032	0.00954	0.00467	0.00349	0.00081	0.00304	0.00394	0.00283	0.70978
6	0.00890	0.00540	0.00574	0.00521	0.00662	0.00562	0.00403	0.12604	0.05831	0.01751	0.12564	0.01705	0.01438	0.00548	0.00348	0.00109	0.00243	0.00446	0.57806	0.00455
7	0.07043	0.46278	0.06970	0.00770	0.01126	0.05944	0.00735	0.04469	0.00977	0.16826	0.00829	0.00860	0.00640	0.00402	0.00321	0.00104	0.00446	0.00278	0.00265	0.04718

[dist]
# distance from previous block
# <min> <max>
5	24

[block]
# block no. 11 follows, 63 sequences, length 30
# corresponding to MSA columns:
# 548-577
name=unknown_L
#
# <colnr> <probs for GDERKNQSTAVLIFYWHMCP>
#	G	D	E	R	K	N	Q	S	T	A	V	L	I	F	Y	W	H	M	C	P
0	0.04909	0.01209	0.22893	0.07792	0.06963	0.02353	0.09224	0.07169	0.10447	0.01465	0.01082	0.04701	0.02848	0.02882	0.00455	0.00136	0.00482	0.00417	0.03986	0.08587
1	0.00851	0.00809	0.00993	0.03662	0.11594	0.08539	0.03739	0.01028	0.02363	0.01239	0.09014	0.10860	0.08575	0.04465	0.02407	0.00150	0.09145	0.01389	0.00283	0.18895
2	0.00949	0.02127	0.01127	0.17708	0.06805	0.04724	0.07956	0.06521	0.11727	0.06022	0.10866	0.04244	0.10286	0.00703	0.03193	0.01530	0.02153	0.00523	0.00320	0.00516
3	0.00551	0.00421	0.00471	0.00488	0.00600	0.00366	0.00357	0.00657	0.00935	0.03305	0.08581	0.22906	0.52380	0.03274	0.00549	0.00156	0.00233	0.03014	0.00395	0.00362
4	0.00571	0.00409	0.00516	0.00543	0.00623	0.00372	0.00389	0.00698	0.00980	0.03044	0.30550	0.37797	0.18261	0.01090	0.00513	0.00151	0.00227	0.02477	0.00418	0.00372
5	0.01317	0.00949	0.01069	0.00864	0.01126	0.01050	0.00704	0.53788	0.04057	0.04805	0.03232	0.01256	0.00914	0.01118	0.19316	0.00251	0.00592	0.00410	0.02562	0.00620
6	0.00537	0.00420	0.00487	0.00486	0.00597	0.00370	0.00358	0.00676	0.01031	0.01345	0.34797	0.13458	0.41908	0.01014	0.00501	0.00142	0.00211	0.00874	0.00419	0.00370
7	0.23941	0.00797	0.00907	0.00719	0.01026	0.02464	0.00592	0.06991	0.01129	0.55245	0.01321	0.01198	0.00859	0.00484	0.00380	0.00129	0.00365	0.00367	0.00441	0.00644
8	0.00992	0.01134	0.02481	0.01772	0.02197	0.01063	0.81077	0.01347	0.00992	0.01347	0.00850	0.01134	0.00638	0.00354	0.00496	0.00142	0.00709	0.00496	0.00213	0.00567
9	0.00602	0.00412	0.00473	0.00473	0.00489	0.00413	0.00280	0.00622	0.00641	0.00850	0.01518	0.02758	0.07246	0.72907	0.08306	0.00409	0.00449	0.00619	0.00262	0.00271
10	0.00794	0.00747	0.01261	0.84216	0.02895	0.00934	0.01167	0.01074	0.00841	0.01074	0.00747	0.01121	0.00560	0.00420	0.00420	0.00140	0.00560	0.00374	0.00187	0.00467
11	0.00872	0.00747	0.00872	0.00623	0.00996	0.00560	0.00498	0.01058	0.00872	0.01370	0.00747	0.00872	0.00623	0.00311	0.00311	0.00062	0.00311	0.00249	0.00249	0.87796
12	0.00843	0.02174	0.83048	0.01198	0.01819	0.00976	0.01553	0.01331	0.00888	0.01331	0.00754	0.00888	0.00533	0.00399	0.00399	0.00133	0.00621	0.00311	0.00178	0.00621
13	0.01040	0.00999	0.01706	0.02580	0.82604	0.00999	0.01290	0.01290	0.00957	0.01373	0.00791	0.01040	0.00666	0.00375	0.00416	0.00125	0.00499	0.00375	0.00208	0.00666
14	0.01329	0.34495	0.01577	0.07665	0.03348	0.33498	0.00796	0.01472	0.01021	0.08412	0.00758	0.00903	0.00628	0.00424	0.00348	0.00108	0.00571	0.01887	0.00230	0.00529
15	0.00922	0.00926	0.01323	0.01124	0.01136	0.01281	0.03311	0.01022	0.00654	0.01022	0.00561	0.00926	0.00554	0.00724	0.01353	0.00183	0.81959	0.00372	0.00185	0.00463
16	0.08022	0.03020	0.04570	0.09230	0.08308	0.00839	0.12544	0.03750	0.05937	0.09813	0.00955	0.01151	0.00744	0.00414	0.00387	0.00114	0.00440	0.02750	0.00279	0.26733
17	0.00609	0.00497	0.03254	0.00668	0.00748	0.00445	0.02933	0.00791	0.06883	0.02828	0.02161	0.70282	0.02488	0.01183	0.00521	0.00166	0.00282	0.02487	0.00383	0.00390
18	0.00838	0.00895	0.01808	0.01350	0.01669	0.00832	0.53856	0.01113	0.00975	0.01288	0.03016	0.07161	0.17335	0.00612	0.00504	0.00146	0.00553	0.05278	0.00274	0.00497
19	0.00511	0.00392	0.00468	0.00522	0.00595	0.00349	0.00364	0.00603	0.00883	0.01129	0.07322	0.50097	0.32860	0.01197	0.00519	0.00158	0.00230	0.01056	0.00394	0.00349
20	0.00937	0.08085	0.20334	0.20269	0.15471	0.03386	0.09688	0.03944	0.00930	0.01275	0.00835	0.02566	0.00680	0.00496	0.02151	0.00143	0.03264	0.01639	0.03354	0.00553
21	0.01582	0.00854	0.03436	0.00785	0.01089	0.00800	0.00658	0.25560	0.01389	0.44591	0.05159	0.01531	0.05067	0.02789	0.00470	0.00136	0.00380	0.00448	0.02613	0.00660
22	0.00605	0.00413	0.00490	0.00510	0.00528	0.00411	0.00322	0.00640	0.00680	0.00901	0.01596	0.11329	0.04028	0.63135	0.04197	0.00362	0.00405	0.08880	0.00285	0.00284
23	0.01393	0.00813	0.02571	0.05173	0.04216	0.01807	0.02148	0.11842	0.01124	0.38111	0.03246	0.01359	0.00965	0.02335	0.11384	0.00212	0.09897	0.00419	0.00381	0.00605
24	0.01011	0.03495	0.25415	0.10193	0.12785	0.06266	0.03337	0.02574	0.08271	0.08177	0.03261	0.07937	0.00948	0.00526	0.00461	0.00136	0.03926	0.00439	0.00267	0.00576
25	0.00710	0.00427	0.00542	0.00557	0.00611	0.00408	0.00370	0.00773	0.00785	0.10069	0.05091	0.37323	0.02082	0.33195	0.04886	0.00278	0.00357	0.00836	0.00349	0.00354
26	0.00623	0.00506	0.00744	0.11860	0.10796	0.00509	0.00610	0.00759	0.00865	0.01149	0.05356	0.49597	0.09006	0.01037	0.00504	0.00158	0.00319	0.04855	0.00344	0.00403
27	0.05051	0.07166	0.07709	0.11841	0.23043	0.06260	0.09575	0.12307	0.05273	0.03866	0.00878	0.02284	0.00693	0.00435	0.00422	0.00129	0.01835	0.00378	0.00256	0.00597
28	0.02088	0.01046	0.09747	0.18111	0.14000	0.07786	0.02420	0.09773	0.07783	0.02327	0.01293	0.05782	0.06284	0.00577	0.00435	0.00137	0.00483	0.06821	0.00283	0.02824
29	0.03033	0.00742	0.01884	0.03579	0.12037	0.06510	0.03160	0.00974	0.03405	0.01222	0.07574	0.31335	0.01693	0.01895	0.03637	0.00169	0.09613	0.00692	0.01911	0.04936

[dist]
# distance from previous block
# <min> <max>
3	18

[block]
# block no. 12 follows, 63 sequences, length 14
# corresponding to MSA columns:
# 596-609
name=unknown_M
#
# <colnr> <probs for GDERKNQSTAVLIFYWHMCP>
#	G	D	E	R	K	N	Q	S	T	A	V	L	I	F	Y	W	H	M	C	P
0	0.05571	0.04687	0.12200	0.14826	0.19454	0.04757	0.06581	0.08912	0.02392	0.02404	0.02301	0.01131	0.01713	0.02779	0.01694	0.00140	0.00514	0.00371	0.01635	0.05936
1	0.00868	0.00592	0.00723	0.00614	0.00822	0.00527	0.00474	0.02277	0.03495	0.12659	0.14115	0.11081	0.14059	0.03784	0.04936	0.00158	0.02581	0.00588	0.00362	0.25286
2	0.02355	0.00966	0.03958	0.21257	0.43574	0.02359	0.07489	0.01284	0.06131	0.01325	0.02410	0.03372	0.00788	0.00433	0.00425	0.00132	0.00512	0.00414	0.00227	0.00590
3	0.00515	0.00369	0.00485	0.00576	0.00603	0.00344	0.00383	0.00587	0.00803	0.01067	0.02348	0.79613	0.05333	0.04070	0.00588	0.00178	0.00248	0.01166	0.00386	0.00339
4	0.00631	0.00570	0.03229	0.00727	0.02971	0.00491	0.09789	0.00818	0.01030	0.01394	0.33774	0.12877	0.24160	0.00880	0.00492	0.00141	0.00291	0.02342	0.02983	0.00412
5	0.00543	0.00392	0.00495	0.00568	0.00616	0.00366	0.00398	0.00630	0.00829	0.01090	0.02471	0.55493	0.13824	0.08762	0.00674	0.00189	0.00269	0.09745	0.02304	0.00342
6	0.00712	0.00458	0.00538	0.00503	0.00646	0.00402	0.00383	0.00860	0.01058	0.11086	0.30577	0.06047	0.38680	0.00907	0.00478	0.00136	0.00225	0.00772	0.05117	0.00414
7	0.88196	0.00813	0.00618	0.00553	0.00813	0.00943	0.00455	0.01236	0.00715	0.01886	0.00585	0.00683	0.00455	0.00390	0.00260	0.00130	0.00325	0.00228	0.00260	0.00455
8	0.31833	0.01038	0.01023	0.00818	0.01123	0.01166	0.00673	0.49809	0.05026	0.02344	0.00892	0.00920	0.00649	0.00468	0.00365	0.00128	0.00409	0.00330	0.00365	0.00622
9	0.00800	0.00456	0.00500	0.00472	0.00591	0.00454	0.00359	0.03737	0.03987	0.03897	0.21164	0.01977	0.03389	0.00596	0.00360	0.00111	0.00215	0.00495	0.56017	0.00422
10	0.00794	0.00747	0.01261	0.84216	0.02895	0.00934	0.01167	0.01074	0.00841	0.01074	0.00747	0.01121	0.00560	0.00420	0.00420	0.00140	0.00560	0.00374	0.00187	0.00467
11	0.07531	0.22237	0.01386	0.00927	0.01182	0.44406	0.00751	0.04427	0.03265	0.01174	0.00671	0.00777	0.00566	0.00429	0.00396	0.00109	0.04949	0.00270	0.00224	0.04325
12	0.01133	0.16479	0.17479	0.01250	0.14593	0.02864	0.07933	0.09491	0.02276	0.09971	0.00968	0.01138	0.02229	0.01539	0.01513	0.00135	0.03996	0.01868	0.00263	0.02881
13	0.10332	0.12510	0.23815	0.01012	0.03824	0.01078	0.06118	0.17767	0.01115	0.09761	0.00953	0.01037	0.02721	0.00510	0.01718	0.01619	0.02882	0.00349	0.00280	0.00597

[dist]
# distance from previous block
# <min> <max>
0	1

[block]
# block no. 13 follows, 63 sequences, length 14
# corresponding to MSA columns:
# 611-624
name=unknown_N
#
# <colnr> <probs for GDERKNQSTAVLIFYWHMCP>
#	G	D	E	R	K	N	Q	S	T	A	V	L	I	F	Y	W	H	M	C	P
