[name]
unknown

[dist]
# distance from previous block
# <min> <max>
0	23

[block]
# block no. 0 follows, 49 sequences, length 11
# corresponding to MSA columns:
# 586-596
name=unknown_A
#
# <colnr> <probs for GDERKNQSTAVLIFYWHMCP>
#	G	D	E	R	K	N	Q	S	T	A	V	L	I	F	Y	W	H	M	C	P
0	0.00920	0.16649	0.01175	0.00918	0.01097	0.00860	0.00825	0.01139	0.01137	0.01450	0.02290	0.04745	0.02467	0.01208	0.00625	0.00208	0.00480	0.60888	0.00417	0.00502
1	0.01095	0.01366	0.17058	0.31792	0.35849	0.01167	0.01559	0.01465	0.01083	0.01508	0.00923	0.01251	0.00722	0.00477	0.00498	0.00159	0.00657	0.00435	0.00234	0.00701
2	0.00712	0.00480	0.00558	0.00581	0.00587	0.00475	0.00338	0.00729	0.00781	0.01041	0.01827	0.18717	0.02134	0.66418	0.02196	0.00434	0.00452	0.00873	0.00338	0.00327
3	0.01074	0.00919	0.01457	0.40688	0.23356	0.01036	0.01220	0.04565	0.01117	0.01586	0.01074	0.01422	0.00838	0.00511	0.00474	0.00153	0.00563	0.00454	0.16871	0.00622
4	0.09540	0.01274	0.16498	0.01006	0.01430	0.00996	0.00953	0.06582	0.15491	0.35176	0.01614	0.01517	0.01099	0.00591	0.00480	0.00158	0.00483	0.00467	0.03863	0.00783
5	0.03083	0.00993	0.05064	0.08938	0.18141	0.00928	0.04478	0.06612	0.03241	0.20066	0.04698	0.09270	0.01425	0.09902	0.00756	0.00200	0.00517	0.00611	0.00400	0.00677
6	0.00676	0.00500	0.00630	0.00673	0.00768	0.00462	0.00498	0.00834	0.01160	0.01543	0.25624	0.29108	0.18632	0.04718	0.00710	0.00201	0.00303	0.12035	0.00488	0.00437
7	0.01100	0.02709	0.03313	0.09378	0.04029	0.04188	0.06613	0.04684	0.11297	0.04071	0.16315	0.03213	0.04094	0.02403	0.02319	0.00166	0.01929	0.00570	0.00383	0.17226
8	0.01603	0.38713	0.07487	0.01009	0.01399	0.19932	0.00923	0.01792	0.01205	0.16573	0.01074	0.04339	0.00877	0.00542	0.00416	0.00130	0.00611	0.00385	0.00317	0.00673
9	0.03857	0.04316	0.04099	0.00763	0.01014	0.06385	0.00626	0.04482	0.07115	0.07599	0.15048	0.06716	0.29904	0.00937	0.00536	0.00157	0.00381	0.00774	0.00450	0.04841
10	0.17285	0.02371	0.02893	0.04837	0.05695	0.05032	0.02308	0.08823	0.16337	0.11925	0.03164	0.04272	0.04442	0.00701	0.02206	0.00170	0.00489	0.00506	0.02152	0.04392

[dist]
# distance from previous block
# <min> <max>
1	4

[block]
# block no. 1 follows, 49 sequences, length 13
# corresponding to MSA columns:
# 604,605,607-617
name=unknown_B
#
# <colnr> <probs for GDERKNQSTAVLIFYWHMCP>
#	G	D	E	R	K	N	Q	S	T	A	V	L	I	F	Y	W	H	M	C	P
0	0.00779	0.06347	0.08395	0.00693	0.00802	0.00644	0.00532	0.00867	0.00838	0.01122	0.01723	0.19908	0.01965	0.51198	0.01798	0.00370	0.00476	0.00820	0.00326	0.00395
1	0.01236	0.01028	0.01303	0.03747	0.11894	0.01125	0.03620	0.12880	0.30398	0.03697	0.06146	0.04100	0.07343	0.02668	0.00629	0.00177	0.03724	0.03132	0.00441	0.00710
2	0.05122	0.01214	0.01584	0.38414	0.20894	0.11781	0.01285	0.05707	0.02593	0.03254	0.00944	0.01247	0.00734	0.00514	0.00518	0.00159	0.02689	0.00429	0.00269	0.00649
3	0.00683	0.00648	0.06259	0.00648	0.00792	0.00501	0.00512	0.00838	0.01100	0.01447	0.20335	0.17508	0.29141	0.16192	0.00963	0.00232	0.00337	0.00986	0.00441	0.00436
4	0.03155	0.00695	0.00784	0.00748	0.00918	0.00711	0.00562	0.07277	0.16560	0.01842	0.23176	0.21479	0.17941	0.01092	0.00577	0.00174	0.00316	0.00944	0.00500	0.00548
5	0.07924	0.01349	0.01340	0.04300	0.01513	0.19747	0.05608	0.13011	0.03047	0.18685	0.01237	0.03934	0.00939	0.00561	0.00469	0.00139	0.00582	0.00441	0.00397	0.14777
6	0.01569	0.00990	0.01140	0.00956	0.01257	0.01044	0.00764	0.21245	0.23744	0.21629	0.08049	0.07674	0.01711	0.00758	0.00526	0.00164	0.00423	0.02432	0.03167	0.00758
7	0.00650	0.00487	0.00597	0.00657	0.00744	0.00446	0.00473	0.00776	0.01076	0.01393	0.11221	0.38406	0.25076	0.06484	0.00754	0.00212	0.00308	0.09350	0.00468	0.00422
8	0.05558	0.10511	0.08542	0.01010	0.01407	0.03227	0.00904	0.28035	0.06495	0.19212	0.03385	0.01605	0.06627	0.00635	0.00483	0.00151	0.00507	0.00489	0.00457	0.00761
9	0.01280	0.01109	0.01738	0.13576	0.47707	0.01158	0.01323	0.10025	0.04445	0.04906	0.01193	0.07108	0.01021	0.00574	0.00513	0.00158	0.00569	0.00529	0.00317	0.00748
10	0.00727	0.00560	0.00686	0.00760	0.00839	0.02667	0.00562	0.00903	0.03417	0.01403	0.08471	0.43929	0.07905	0.04258	0.05094	0.00245	0.00407	0.16268	0.00455	0.00443
11	0.27225	0.01074	0.05828	0.00955	0.01277	0.01062	0.04459	0.10195	0.09009	0.16650	0.03552	0.08148	0.02653	0.00682	0.00531	0.00166	0.04910	0.00529	0.00423	0.00670
12	0.01191	0.01152	0.01822	0.14239	0.56970	0.04513	0.01403	0.01483	0.01160	0.01608	0.06536	0.01428	0.01060	0.00502	0.00503	0.00151	0.00593	0.00474	0.00270	0.02942

[dist]
# distance from previous block
# <min> <max>
0	1

[block]
# block no. 2 follows, 49 sequences, length 8
# corresponding to MSA columns:
# 619-626
name=unknown_C
#
# <colnr> <probs for GDERKNQSTAVLIFYWHMCP>
#	G	D	E	R	K	N	Q	S	T	A	V	L	I	F	Y	W	H	M	C	P
0	0.01195	0.06123	0.04493	0.03703	0.06394	0.15799	0.05220	0.05885	0.10591	0.02923	0.10679	0.04851	0.14099	0.03001	0.02683	0.00182	0.00558	0.00633	0.00381	0.00606
1	0.04723	0.00537	0.00590	0.00565	0.00713	0.00530	0.00429	0.01273	0.01095	0.10373	0.05036	0.09044	0.01589	0.00792	0.02805	0.00154	0.00303	0.00574	0.58365	0.00512
2	0.00873	0.00668	0.00830	0.00795	0.02560	0.00712	0.00589	0.03307	0.08966	0.01598	0.22479	0.02898	0.20086	0.01182	0.02952	0.14211	0.09599	0.00729	0.04484	0.00482
3	0.00654	0.00482	0.00617	0.00688	0.00766	0.00445	0.00498	0.00791	0.01099	0.01453	0.15919	0.47083	0.15891	0.01420	0.00636	0.00195	0.00299	0.10150	0.00484	0.00431
4	0.01034	0.01006	0.01418	0.40055	0.12536	0.08073	0.03164	0.01293	0.01044	0.01336	0.01267	0.03365	0.05568	0.04627	0.06384	0.00226	0.04131	0.00521	0.02387	0.00565
5	0.00633	0.00467	0.00576	0.00643	0.00707	0.00428	0.00436	0.00734	0.01025	0.01342	0.09937	0.51231	0.18996	0.09387	0.00820	0.00222	0.00300	0.01245	0.00461	0.00410
6	0.06414	0.06705	0.06824	0.01118	0.01468	0.04434	0.07686	0.07597	0.38833	0.05393	0.04944	0.01735	0.01370	0.00638	0.00500	0.00163	0.00501	0.02508	0.00433	0.00736
7	0.01229	0.11184	0.07605	0.06005	0.11102	0.01035	0.02343	0.05535	0.03485	0.07734	0.04509	0.01359	0.02436	0.00499	0.00439	0.00122	0.00484	0.00412	0.01688	0.30796

[dist]
# distance from previous block
# <min> <max>
0	3

[block]
# block no. 3 follows, 49 sequences, length 8
# corresponding to MSA columns:
# 630-637
name=unknown_D
#
# <colnr> <probs for GDERKNQSTAVLIFYWHMCP>
#	G	D	E	R	K	N	Q	S	T	A	V	L	I	F	Y	W	H	M	C	P
0	0.05728	0.31543	0.07868	0.04083	0.04827	0.10474	0.05085	0.07398	0.10046	0.06907	0.01043	0.01126	0.00816	0.00506	0.00427	0.00138	0.00593	0.00381	0.00313	0.00697
1	0.02908	0.04275	0.14022	0.05243	0.24375	0.03780	0.07599	0.01542	0.04993	0.03748	0.03648	0.01450	0.02615	0.00608	0.00720	0.00169	0.15681	0.01657	0.00281	0.00686
2	0.00858	0.00557	0.00715	0.00731	0.00858	0.00523	0.00552	0.01077	0.04539	0.09244	0.21600	0.31441	0.12149	0.01253	0.00616	0.00188	0.00318	0.11774	0.00508	0.00498
3	0.00903	0.00823	0.02927	0.12836	0.01351	0.05356	0.00804	0.01097	0.00983	0.01359	0.07341	0.06561	0.04608	0.06989	0.19746	0.00349	0.12929	0.04915	0.07634	0.00490
4	0.00710	0.00488	0.00568	0.00593	0.00615	0.00477	0.00364	0.00745	0.00824	0.01085	0.02086	0.16653	0.07385	0.59313	0.02026	0.00408	0.00440	0.04529	0.00352	0.00340
5	0.00864	0.00762	0.00863	0.00791	0.00989	0.03661	0.04706	0.03549	0.16625	0.01628	0.10161	0.14669	0.36598	0.01088	0.00580	0.00173	0.00355	0.00935	0.00468	0.00537
6	0.00836	0.00645	0.00834	0.00769	0.00883	0.00683	0.03117	0.04173	0.01153	0.01635	0.21517	0.15967	0.15034	0.05872	0.00834	0.00191	0.11816	0.00854	0.12705	0.00481
7	0.04519	0.01402	0.05397	0.02703	0.01327	0.23090	0.00844	0.14122	0.03450	0.03352	0.01787	0.08773	0.12209	0.00780	0.00581	0.00157	0.06065	0.02209	0.03926	0.03306

[dist]
# distance from previous block
# <min> <max>
4	19

[block]
# block no. 4 follows, 49 sequences, length 9
# corresponding to MSA columns:
# 665-673
name=unknown_E
#
# <colnr> <probs for GDERKNQSTAVLIFYWHMCP>
#	G	D	E	R	K	N	Q	S	T	A	V	L	I	F	Y	W	H	M	C	P
0	0.06486	0.00863	0.01022	0.00840	0.01134	0.00836	0.03589	0.10076	0.12269	0.06270	0.19442	0.04878	0.10090	0.00752	0.00504	0.00144	0.00375	0.00635	0.00453	0.19341
1	0.08988	0.01161	0.01923	0.03461	0.01882	0.03752	0.35571	0.13122	0.01324	0.04391	0.04016	0.10594	0.01268	0.00773	0.03640	0.00194	0.00675	0.02268	0.00351	0.00645
2	0.00848	0.00600	0.00714	0.00688	0.00829	0.00584	0.00527	0.08734	0.01344	0.01868	0.32587	0.12720	0.14049	0.03419	0.00632	0.00177	0.00310	0.08348	0.10528	0.00495
3	0.00827	0.00453	0.00637	0.00639	0.00662	0.00442	0.00430	0.00685	0.00758	0.01000	0.05166	0.04857	0.08621	0.06116	0.01765	0.65422	0.00410	0.00573	0.00273	0.00263
4	0.01627	0.00730	0.00894	0.00736	0.01000	0.00684	0.00587	0.07553	0.01344	0.38618	0.04683	0.01888	0.01396	0.04087	0.00542	0.00156	0.00363	0.00516	0.31920	0.00678
5	0.03810	0.01764	0.29788	0.01428	0.01935	0.05557	0.19995	0.13101	0.05511	0.01914	0.07103	0.01423	0.01089	0.00545	0.00514	0.00159	0.00671	0.00491	0.02492	0.00708
6	0.00658	0.00481	0.00592	0.00655	0.00720	0.00448	0.00454	0.00761	0.01012	0.01321	0.08400	0.40867	0.17730	0.15854	0.00981	0.00249	0.00332	0.07634	0.00446	0.00405
7	0.03501	0.07166	0.07683	0.09649	0.06426	0.06264	0.04802	0.17935	0.05379	0.11437	0.01358	0.02647	0.03988	0.00576	0.00480	0.00147	0.00558	0.00469	0.02444	0.07093
8	0.01208	0.01034	0.04334	0.01640	0.17948	0.00921	0.22374	0.01500	0.01233	0.13725	0.09852	0.02328	0.13384	0.00693	0.00557	0.00163	0.00549	0.03435	0.00384	0.02738

[dist]
# distance from previous block
# <min> <max>
0	3

[block]
# block no. 5 follows, 49 sequences, length 12
# corresponding to MSA columns:
# 678-682,684,687-692
name=unknown_F
#
# <colnr> <probs for GDERKNQSTAVLIFYWHMCP>
#	G	D	E	R	K	N	Q	S	T	A	V	L	I	F	Y	W	H	M	C	P
0	0.06576	0.26074	0.16895	0.03970	0.01534	0.03862	0.03405	0.08964	0.02990	0.04860	0.05975	0.01300	0.01030	0.00750	0.05580	0.00186	0.02904	0.00412	0.02071	0.00660
1	0.03717	0.05580	0.03527	0.01107	0.02605	0.15198	0.03795	0.12213	0.06184	0.16014	0.03932	0.05872	0.01223	0.05442	0.03216	0.00199	0.08591	0.00524	0.00395	0.00665
2	0.00669	0.00491	0.00585	0.00611	0.00683	0.00470	0.00414	0.00745	0.00925	0.01191	0.02904	0.20679	0.26221	0.26057	0.11912	0.03226	0.00488	0.00957	0.00385	0.00383
3	0.00735	0.00490	0.00552	0.00552	0.00552	0.00490	0.00306	0.00735	0.00735	0.00980	0.01593	0.03309	0.01838	0.82229	0.02574	0.00490	0.00490	0.00735	0.00306	0.00306
4	0.01269	0.29458	0.14377	0.06968	0.04074	0.03557	0.02374	0.11089	0.04288	0.01636	0.01073	0.01213	0.03196	0.00588	0.02217	0.00149	0.01976	0.00389	0.02132	0.07978
5	0.03384	0.17436	0.48120	0.01336	0.04851	0.04151	0.01491	0.08758	0.03018	0.01691	0.00917	0.01048	0.00688	0.00488	0.00450	0.00148	0.00673	0.00365	0.00254	0.00732
6	0.00853	0.00585	0.00818	0.00794	0.00901	0.00654	0.00603	0.01078	0.05091	0.06214	0.01468	0.02149	0.01359	0.14372	0.59893	0.00690	0.01122	0.00568	0.00312	0.00477
7	0.02934	0.09515	0.01676	0.20623	0.04822	0.09202	0.11546	0.09100	0.02654	0.04240	0.03122	0.04781	0.07405	0.00645	0.00576	0.00160	0.05514	0.00541	0.00319	0.00623
8	0.00708	0.00536	0.00685	0.00737	0.00859	0.00513	0.00594	0.00888	0.01125	0.01454	0.10447	0.12273	0.26549	0.01630	0.10118	0.00273	0.00468	0.29244	0.00453	0.00448
9	0.01171	0.05803	0.29393	0.01279	0.01759	0.05421	0.13654	0.10243	0.03491	0.03482	0.08545	0.01846	0.10411	0.00640	0.00519	0.00158	0.00620	0.00552	0.00336	0.00677
10	0.39158	0.01069	0.01040	0.00870	0.01188	0.01184	0.00704	0.29633	0.01474	0.07449	0.01224	0.10675	0.01042	0.00663	0.00437	0.00161	0.00443	0.00495	0.00423	0.00667
11	0.01228	0.01138	0.10564	0.07019	0.06323	0.07537	0.07055	0.01527	0.02866	0.15602	0.19152	0.06478	0.04049	0.02089	0.00581	0.00170	0.00518	0.05055	0.00419	0.00629

[dist]
# distance from previous block
# <min> <max>
1	6

[block]
# block no. 6 follows, 49 sequences, length 19
# corresponding to MSA columns:
# 699-717
name=unknown_G
#
# <colnr> <probs for GDERKNQSTAVLIFYWHMCP>
#	G	D	E	R	K	N	Q	S	T	A	V	L	I	F	Y	W	H	M	C	P
0	0.04877	0.15340	0.08712	0.01300	0.03373	0.10561	0.14002	0.04991	0.03847	0.06420	0.01040	0.03089	0.00877	0.04058	0.03014	0.00192	0.12909	0.00460	0.00294	0.00644
1	0.04771	0.16160	0.06461	0.01246	0.01578	0.55768	0.04108	0.01871	0.01310	0.01305	0.00783	0.00919	0.00651	0.00498	0.00435	0.00131	0.00816	0.00328	0.00252	0.00609
2	0.01027	0.05000	0.34899	0.10905	0.02006	0.02414	0.09023	0.01524	0.07514	0.01548	0.05095	0.03949	0.02155	0.00792	0.05444	0.00205	0.05061	0.00501	0.00278	0.00659
3	0.00598	0.00512	0.00512	0.00512	0.00683	0.00427	0.00384	0.00726	0.01153	0.01366	0.05123	0.04866	0.78869	0.01281	0.00598	0.00171	0.00256	0.01067	0.00470	0.00427
4	0.01206	0.00946	0.00983	0.00900	0.01067	0.13973	0.00692	0.03186	0.03499	0.12680	0.06096	0.01913	0.01388	0.07875	0.35238	0.02470	0.03354	0.00530	0.01461	0.00543
5	0.00651	0.00461	0.00595	0.00679	0.00717	0.00436	0.00456	0.00742	0.00975	0.01302	0.07903	0.58404	0.05027	0.14808	0.00961	0.00249	0.00328	0.04456	0.00448	0.00401
6	0.07035	0.05335	0.44654	0.01273	0.01849	0.01243	0.04110	0.10309	0.11852	0.05891	0.01138	0.01214	0.00820	0.00526	0.00476	0.00159	0.00632	0.00414	0.00318	0.00753
7	0.00677	0.00488	0.00593	0.00623	0.00706	0.00452	0.00436	0.00810	0.01100	0.01483	0.22802	0.28369	0.18218	0.13725	0.00909	0.00227	0.00305	0.03569	0.04089	0.00420
8	0.01294	0.11285	0.08746	0.01093	0.03751	0.12123	0.04556	0.12094	0.05529	0.03547	0.06654	0.05112	0.07449	0.00652	0.00481	0.00140	0.00541	0.01369	0.00360	0.13224
9	0.04687	0.00836	0.00943	0.00814	0.01077	0.02585	0.00632	0.10578	0.06960	0.11376	0.10750	0.18639	0.07241	0.00878	0.00521	0.00153	0.00380	0.02679	0.00460	0.17811
10	0.08048	0.14082	0.27517	0.01098	0.01604	0.01235	0.02294	0.11809	0.04038	0.16610	0.01270	0.01294	0.03051	0.00542	0.00455	0.00148	0.00565	0.00414	0.00360	0.03564
11	0.01529	0.03292	0.01273	0.01089	0.01359	0.33061	0.02805	0.11731	0.02837	0.07650	0.01425	0.14505	0.01343	0.00758	0.00508	0.00151	0.00631	0.05627	0.00376	0.08052
12	0.00639	0.00456	0.00586	0.00670	0.00709	0.00427	0.00445	0.00729	0.00982	0.01312	0.08843	0.61941	0.06389	0.12279	0.00897	0.00238	0.00314	0.01286	0.00455	0.00403
13	0.06433	0.00858	0.01179	0.00999	0.01216	0.00908	0.07382	0.10777	0.01281	0.15903	0.11620	0.16658	0.01950	0.01015	0.03839	0.00203	0.10973	0.03825	0.02368	0.00612
14	0.04048	0.00958	0.01527	0.63917	0.10999	0.01152	0.01347	0.03774	0.04663	0.01461	0.00961	0.01340	0.00729	0.00510	0.00499	0.00166	0.00640	0.00449	0.00253	0.00606
15	0.02024	0.00887	0.01145	0.00897	0.01254	0.00818	0.00734	0.10283	0.04258	0.59630	0.08431	0.01853	0.01521	0.00660	0.00511	0.00156	0.00420	0.00538	0.03166	0.00814
16	0.00640	0.00458	0.00600	0.00702	0.00744	0.00431	0.00481	0.00738	0.00987	0.01309	0.04702	0.66281	0.06317	0.06621	0.00768	0.00223	0.00316	0.06812	0.00461	0.00411
17	0.05092	0.01096	0.01588	0.29812	0.26734	0.02893	0.01253	0.11517	0.03992	0.01769	0.04160	0.01369	0.00933	0.00533	0.00521	0.00157	0.02505	0.00458	0.00301	0.03317
18	0.04244	0.01185	0.01297	0.01050	0.01376	0.01314	0.00856	0.47743	0.12407	0.05424	0.06133	0.01647	0.01281	0.00806	0.03952	0.00187	0.02625	0.02646	0.03056	0.00770

[dist]
# distance from previous block
# <min> <max>
1	21

[block]
# block no. 7 follows, 49 sequences, length 11
# corresponding to MSA columns:
# 742-752
name=unknown_H
#
# <colnr> <probs for GDERKNQSTAVLIFYWHMCP>
#	G	D	E	R	K	N	Q	S	T	A	V	L	I	F	Y	W	H	M	C	P
0	0.05886	0.00893	0.01182	0.00932	0.01255	0.00857	0.03934	0.09434	0.01440	0.41745	0.16360	0.01936	0.01772	0.00687	0.00575	0.00156	0.04830	0.00559	0.00531	0.05036
1	0.01361	0.05676	0.05485	0.05870	0.17814	0.13288	0.07071	0.07091	0.07954	0.06596	0.04776	0.01529	0.01119	0.00676	0.03291	0.00172	0.00627	0.02059	0.04957	0.02589
2	0.01453	0.07875	0.07615	0.07938	0.01557	0.01230	0.00956	0.29259	0.04610	0.10026	0.01301	0.05364	0.01052	0.02557	0.08947	0.02521	0.04138	0.00505	0.00397	0.00700
3	0.00974	0.00581	0.00724	0.00681	0.00839	0.00536	0.00513	0.03666	0.01284	0.13592	0.29506	0.18534	0.14717	0.03205	0.00627	0.00177	0.00303	0.02628	0.06391	0.00523
4	0.01254	0.03493	0.04279	0.02239	0.39227	0.01223	0.16387	0.08510	0.08712	0.01819	0.04156	0.01536	0.03753	0.00534	0.00523	0.00157	0.00604	0.00524	0.00317	0.00752
5	0.00634	0.00485	0.00585	0.00643	0.00740	0.00436	0.00464	0.00762	0.01097	0.01409	0.11302	0.40045	0.31306	0.01403	0.00627	0.00190	0.00287	0.06679	0.00478	0.00427
6	0.01152	0.01099	0.01872	0.29363	0.53596	0.01175	0.01502	0.01464	0.01104	0.01531	0.00934	0.01284	0.00758	0.00469	0.00502	0.00156	0.00625	0.00450	0.00242	0.00720
7	0.00616	0.00440	0.00587	0.00704	0.00733	0.00411	0.00469	0.00704	0.00968	0.01291	0.02787	0.81899	0.03344	0.01584	0.00645	0.00205	0.00293	0.01438	0.00469	0.00411
8	0.01282	0.01050	0.01235	0.04979	0.01429	0.04403	0.06084	0.08708	0.38113	0.07663	0.13552	0.02146	0.05670	0.00723	0.00533	0.00165	0.00451	0.00619	0.00483	0.00714
9	0.01313	0.01357	0.01869	0.14532	0.54792	0.14341	0.01434	0.01591	0.01177	0.01529	0.00915	0.01210	0.00757	0.00471	0.00494	0.00150	0.00664	0.00430	0.00248	0.00729
10	0.01204	0.01120	0.01801	0.12891	0.55656	0.01160	0.01382	0.05653	0.05039	0.01692	0.01303	0.01545	0.06244	0.00536	0.00509	0.00155	0.00574	0.00500	0.00289	0.00747

[dist]
# distance from previous block
# <min> <max>
0	7

[block]
# block no. 8 follows, 49 sequences, length 9
# corresponding to MSA columns:
# 776-784
name=unknown_I
#
# <colnr> <probs for GDERKNQSTAVLIFYWHMCP>
#	G	D	E	R	K	N	Q	S	T	A	V	L	I	F	Y	W	H	M	C	P
0	0.11823	0.06479	0.02819	0.02588	0.04652	0.16297	0.10431	0.03726	0.01100	0.03729	0.00941	0.03987	0.00825	0.02264	0.02453	0.00178	0.16903	0.00440	0.00283	0.08083
1	0.08870	0.05259	0.03448	0.00963	0.01217	0.00926	0.11019	0.07854	0.08999	0.01803	0.08030	0.06444	0.07067	0.07736	0.00691	0.00193	0.00460	0.08647	0.09804	0.00571
2	0.01242	0.00893	0.01068	0.00773	0.01213	0.00685	0.00622	0.01462	0.01112	0.13945	0.01072	0.01155	0.00828	0.00414	0.00396	0.00088	0.00383	0.00333	0.00351	0.71966
3	0.00798	0.00491	0.00562	0.00577	0.00678	0.00480	0.00424	0.00978	0.01056	0.01612	0.10503	0.11377	0.11215	0.09224	0.06609	0.00233	0.00365	0.04790	0.37585	0.00442
4	0.00629	0.00446	0.00584	0.00685	0.00725	0.00414	0.00460	0.00703	0.00967	0.01274	0.02884	0.70519	0.09855	0.01567	0.00717	0.05067	0.00298	0.01348	0.00455	0.00401
5	0.01547	0.01120	0.01262	0.03339	0.03622	0.01233	0.00857	0.28651	0.32079	0.10851	0.01720	0.06169	0.01322	0.00688	0.00513	0.00163	0.00461	0.00563	0.03052	0.00789
6	0.00691	0.00492	0.00607	0.00636	0.00699	0.00466	0.00436	0.00805	0.01047	0.01408	0.22412	0.24284	0.10539	0.26642	0.01235	0.00281	0.00349	0.06130	0.00441	0.00401
7	0.01280	0.13621	0.33167	0.01130	0.01635	0.01236	0.01217	0.06237	0.17290	0.10480	0.01546	0.01543	0.06259	0.00595	0.00477	0.00155	0.00564	0.00467	0.00358	0.00741
8	0.02939	0.00649	0.00726	0.00677	0.00878	0.00613	0.00526	0.03240	0.09592	0.09769	0.16033	0.05833	0.40496	0.01084	0.00576	0.00171	0.00310	0.04849	0.00502	0.00537

[dist]
# distance from previous block
# <min> <max>
4	64

[block]
# block no. 9 follows, 49 sequences, length 9
# corresponding to MSA columns:
# 855-863
name=unknown_J
#
# <colnr> <probs for GDERKNQSTAVLIFYWHMCP>
#	G	D	E	R	K	N	Q	S	T	A	V	L	I	F	Y	W	H	M	C	P
0	0.01164	0.05389	0.01361	0.31698	0.05672	0.04370	0.01027	0.07993	0.08188	0.05081	0.06137	0.05312	0.01289	0.00696	0.00568	0.03683	0.00546	0.03885	0.00342	0.05597
1	0.01099	0.04366	0.06546	0.06225	0.10820	0.04464	0.06949	0.01371	0.03312	0.10606	0.12764	0.05680	0.19970	0.02878	0.00593	0.00169	0.00476	0.00709	0.00400	0.00603
2	0.00702	0.00512	0.00618	0.00592	0.00724	0.00464	0.00444	0.00912	0.01331	0.01846	0.53869	0.03915	0.23671	0.01064	0.00578	0.00159	0.00243	0.00920	0.06973	0.00464
3	0.01099	0.00854	0.01049	0.00922	0.01164	0.00893	0.05168	0.05859	0.30473	0.06824	0.18457	0.05631	0.12991	0.00894	0.00563	0.00172	0.00384	0.05453	0.00504	0.00647
4	0.01137	0.01198	0.02057	0.01612	0.01793	0.01453	0.28063	0.01360	0.00923	0.01360	0.00791	0.01198	0.00700	0.00723	0.01283	0.00203	0.52817	0.00497	0.00233	0.00599
5	0.01374	0.59243	0.12854	0.01032	0.01501	0.05053	0.05143	0.01609	0.01084	0.05875	0.00827	0.00933	0.00690	0.00454	0.00377	0.00122	0.00594	0.00318	0.00244	0.00674
6	0.00734	0.00569	0.00651	0.00615	0.00773	0.00520	0.00465	0.05644	0.01347	0.01771	0.37450	0.06919	0.38415	0.01140	0.00593	0.00166	0.00269	0.00974	0.00510	0.00476
7	0.01188	0.00942	0.01088	0.05842	0.01347	0.04262	0.00676	0.01406	0.01101	0.09698	0.01093	0.04768	0.00909	0.00470	0.00413	0.00098	0.00420	0.00383	0.00335	0.63561
8	0.00673	0.00515	0.00617	0.00591	0.00729	0.00459	0.00444	0.00872	0.01331	0.01789	0.52173	0.04171	0.31555	0.01123	0.00597	0.00163	0.00245	0.00970	0.00525	0.00459

[dist]
# distance from previous block
# <min> <max>
0	1

[block]
# block no. 10 follows, 49 sequences, length 16
# corresponding to MSA columns:
# 865-880
name=unknown_K
#
# <colnr> <probs for GDERKNQSTAVLIFYWHMCP>
#	G	D	E	R	K	N	Q	S	T	A	V	L	I	F	Y	W	H	M	C	P
0	0.03385	0.02758	0.11110	0.19994	0.22241	0.06155	0.01265	0.05969	0.11305	0.05678	0.03143	0.02691	0.01000	0.00553	0.00496	0.00158	0.00597	0.00472	0.00321	0.00709
1	0.00736	0.00570	0.00694	0.00634	0.00809	0.00493	0.00477	0.00938	0.01278	0.01775	0.45530	0.09629	0.19242	0.01023	0.00566	0.00152	0.00268	0.00890	0.00492	0.13806
2	0.00640	0.00490	0.00591	0.00641	0.00743	0.00440	0.00466	0.00777	0.01122	0.01448	0.15200	0.35585	0.31390	0.01374	0.00625	0.00188	0.00285	0.07082	0.00482	0.00431
3	0.01358	0.01119	0.03688	0.03817	0.03740	0.01077	0.00858	0.23568	0.03277	0.05687	0.01117	0.04090	0.00905	0.00566	0.00572	0.00131	0.08546	0.00429	0.00372	0.35085
4	0.03267	0.01041	0.04775	0.37737	0.03755	0.01059	0.05454	0.06993	0.03039	0.04905	0.00994	0.01279	0.00757	0.00532	0.00550	0.02404	0.02888	0.00425	0.00289	0.17858
5	0.01503	0.06179	0.04647	0.21207	0.17025	0.01211	0.01159	0.19970	0.01466	0.16004	0.03876	0.01405	0.00988	0.00554	0.00496	0.00154	0.00567	0.00464	0.00381	0.00744
6	0.02783	0.12244	0.12341	0.04931	0.01495	0.04465	0.07846	0.06038	0.05540	0.04849	0.01424	0.16030	0.01346	0.03525	0.07730	0.00231	0.03559	0.00626	0.02389	0.00608
7	0.00805	0.00496	0.00713	0.00686	0.00753	0.00475	0.02238	0.00800	0.00988	0.01349	0.28144	0.04629	0.06673	0.01435	0.01320	0.44514	0.00366	0.02909	0.00364	0.00343
8	0.05137	0.06959	0.23553	0.01192	0.02672	0.11146	0.04232	0.10846	0.05303	0.05829	0.01208	0.05451	0.02351	0.00674	0.02544	0.00167	0.02973	0.00463	0.00325	0.06973
9	0.10074	0.23055	0.25583	0.06316	0.04434	0.02843	0.04483	0.04375	0.06975	0.03605	0.03186	0.01170	0.00856	0.00505	0.00436	0.00147	0.00598	0.00389	0.00283	0.00688
10	0.00687	0.00523	0.00678	0.00705	0.00770	0.00545	0.00503	0.00795	0.00907	0.01214	0.02484	0.27862	0.15784	0.16056	0.23834	0.00423	0.04499	0.00946	0.00373	0.00414
11	0.01194	0.01131	0.05426	0.12138	0.13684	0.01116	0.21230	0.05539	0.01206	0.07392	0.08241	0.01809	0.01286	0.00716	0.02781	0.00190	0.09089	0.04850	0.00326	0.00659
12	0.01120	0.01936	0.46915	0.04285	0.05744	0.01112	0.05844	0.04303	0.08216	0.05573	0.04663	0.01572	0.03135	0.00580	0.00509	0.00163	0.00646	0.02653	0.00306	0.00725
13	0.04108	0.00897	0.01053	0.00765	0.01202	0.00698	0.00615	0.01427	0.01091	0.11233	0.01027	0.01123	0.00804	0.00409	0.00389	0.00088	0.00382	0.00324	0.00340	0.72025
14	0.01039	0.06662	0.03781	0.13304	0.05995	0.04678	0.03632	0.06698	0.09286	0.01576	0.03608	0.27102	0.03636	0.00900	0.00566	0.00170	0.02436	0.00782	0.00373	0.03777
15	0.00904	0.13479	0.03093	0.00705	0.00894	0.00749	0.00596	0.01115	0.01197	0.03884	0.27169	0.07533	0.09159	0.02607	0.00564	0.00164	0.00345	0.10738	0.14596	0.00508

[dist]
# distance from previous block
# <min> <max>
0	3

[block]
# block no. 11 follows, 49 sequences, length 25
# corresponding to MSA columns:
# 884-891,911-914,920-926,930-935
name=unknown_L
#
# <colnr> <probs for GDERKNQSTAVLIFYWHMCP>
#	G	D	E	R	K	N	Q	S	T	A	V	L	I	F	Y	W	H	M	C	P
0	0.07047	0.15404	0.01356	0.09860	0.01447	0.01057	0.00752	0.03004	0.09035	0.01664	0.05031	0.01317	0.02301	0.00492	0.00408	0.00115	0.00436	0.00385	0.00320	0.38568
1	0.01200	0.20159	0.21351	0.04135	0.01568	0.05643	0.04591	0.01471	0.01080	0.09297	0.01337	0.17654	0.01268	0.00739	0.00569	0.00160	0.06232	0.00597	0.00314	0.00634
2	0.07699	0.00803	0.00936	0.06344	0.01177	0.00740	0.00602	0.05573	0.01032	0.01578	0.02243	0.01785	0.03681	0.18583	0.06520	0.00240	0.00496	0.00463	0.00316	0.39187
3	0.02617	0.44378	0.02276	0.05774	0.07039	0.04204	0.10325	0.01584	0.01088	0.07520	0.00882	0.01041	0.00727	0.00476	0.00466	0.00132	0.04514	0.00364	0.00263	0.04330
4	0.00846	0.00649	0.00804	0.07085	0.01083	0.00664	0.00618	0.01269	0.14900	0.03229	0.30335	0.12077	0.14495	0.01031	0.00578	0.00173	0.00330	0.06115	0.03187	0.00533
5	0.08114	0.01091	0.01292	0.01132	0.03862	0.01266	0.00883	0.31256	0.03345	0.05692	0.01364	0.15524	0.01260	0.00836	0.00800	0.00179	0.20398	0.00617	0.00411	0.00676
6	0.00636	0.00507	0.00570	0.00569	0.00710	0.00441	0.00421	0.00794	0.01220	0.01562	0.27498	0.12124	0.48694	0.01235	0.00602	0.00171	0.00254	0.01057	0.00496	0.00441
7	0.06147	0.02139	0.04542	0.01070	0.01328	0.00945	0.13293	0.08352	0.04639	0.06172	0.10677	0.05028	0.06695	0.04896	0.11158	0.00269	0.06320	0.03264	0.02476	0.00588
8	0.00721	0.00521	0.00689	0.00765	0.00844	0.00507	0.00579	0.00920	0.03655	0.01502	0.16171	0.38378	0.03333	0.05275	0.00741	0.00218	0.00349	0.23907	0.00477	0.00447
9	0.01156	0.00979	0.01187	0.00857	0.01304	0.00804	0.03956	0.10100	0.01209	0.01825	0.00941	0.01081	0.00763	0.00404	0.00399	0.00088	0.00416	0.00330	0.00322	0.71881
10	0.01393	0.16010	0.04457	0.01074	0.03185	0.10055	0.07151	0.13966	0.01355	0.05427	0.03915	0.01248	0.00953	0.00503	0.00434	0.00123	0.00540	0.00400	0.07046	0.20765
11	0.03943	0.00578	0.00710	0.00735	0.00860	0.00535	0.00525	0.04150	0.01049	0.01473	0.02400	0.58667	0.04209	0.01306	0.00588	0.00182	0.00327	0.04206	0.00440	0.13118
12	0.01196	0.04307	0.07881	0.08927	0.31267	0.11209	0.05836	0.01497	0.03229	0.01490	0.01198	0.07790	0.02497	0.02597	0.00596	0.00165	0.03416	0.01495	0.00279	0.03128
13	0.01126	0.01076	0.04638	0.07735	0.05664	0.01052	0.22968	0.08460	0.07264	0.04311	0.03936	0.09151	0.08856	0.00775	0.00635	0.00177	0.05240	0.05932	0.00368	0.00636
14	0.00706	0.00486	0.00650	0.00740	0.00806	0.00457	0.00538	0.00837	0.01063	0.03534	0.09748	0.57128	0.05049	0.01467	0.00646	0.00204	0.00322	0.14700	0.00481	0.00439
15	0.01144	0.01084	0.01828	0.29432	0.27751	0.01195	0.10757	0.06714	0.01155	0.01578	0.01036	0.05599	0.00882	0.00573	0.00614	0.00168	0.07034	0.00521	0.00269	0.00667
16	0.06305	0.01445	0.01400	0.08925	0.01666	0.22043	0.04471	0.18966	0.08354	0.13607	0.01348	0.01398	0.03727	0.00603	0.00532	0.00154	0.03497	0.00457	0.00399	0.00701
17	0.00808	0.00541	0.00648	0.00627	0.00752	0.00497	0.00450	0.00973	0.02767	0.07674	0.24841	0.13853	0.24627	0.15904	0.02580	0.00242	0.00338	0.00946	0.00474	0.00460
18	0.01031	0.00656	0.00803	0.00719	0.00906	0.00621	0.00552	0.09731	0.01448	0.12339	0.40361	0.11786	0.14982	0.01028	0.00580	0.00165	0.00309	0.00888	0.00538	0.00557
19	0.01226	0.38341	0.30374	0.01295	0.07797	0.01590	0.01304	0.04404	0.01085	0.01453	0.00813	0.00975	0.00667	0.00490	0.00495	0.00140	0.06281	0.00341	0.00229	0.00698
20	0.01007	0.00946	0.01566	0.54695	0.18115	0.01122	0.01349	0.01315	0.01053	0.01410	0.06354	0.01483	0.00986	0.00557	0.00587	0.00168	0.05951	0.00482	0.00253	0.00603
21	0.00767	0.00553	0.00756	0.00880	0.03800	0.00549	0.00655	0.00920	0.01021	0.01349	0.02377	0.22436	0.02662	0.17768	0.03590	0.00294	0.00464	0.38304	0.00420	0.00433
22	0.01234	0.01128	0.01781	0.20779	0.48421	0.02628	0.01392	0.01663	0.09837	0.04562	0.01101	0.01357	0.00870	0.00498	0.00503	0.00157	0.00594	0.00464	0.00289	0.00744
23	0.01616	0.01726	0.01538	0.03898	0.11548	0.39668	0.05094	0.04589	0.02937	0.07626	0.01061	0.01207	0.02633	0.00559	0.00571	0.00145	0.07091	0.00410	0.00305	0.05778
24	0.00670	0.00489	0.00638	0.00711	0.00789	0.00457	0.00524	0.00819	0.01117	0.01488	0.18335	0.43777	0.11914	0.01406	0.00640	0.00197	0.00310	0.14796	0.00486	0.00436

[dist]
# distance from previous block
# <min> <max>
4	39

[block]
# block no. 12 follows, 49 sequences, length 15
# corresponding to MSA columns:
# 990-1004
name=unknown_M
#
# <colnr> <probs for GDERKNQSTAVLIFYWHMCP>
#	G	D	E	R	K	N	Q	S	T	A	V	L	I	F	Y	W	H	M	C	P
0	0.03866	0.03563	0.15594	0.01191	0.08172	0.06910	0.00994	0.01821	0.24510	0.05502	0.12091	0.02149	0.07313	0.00715	0.00515	0.00162	0.00495	0.03346	0.00408	0.00682
1	0.00676	0.00519	0.00655	0.05428	0.00896	0.00490	0.00513	0.00831	0.01136	0.01492	0.22580	0.26203	0.24263	0.06674	0.00743	0.00202	0.00315	0.05480	0.00466	0.00437
2	0.03515	0.01360	0.15014	0.05711	0.01649	0.01193	0.06117	0.26241	0.09571	0.06629	0.01395	0.01621	0.03366	0.07849	0.04155	0.00218	0.02789	0.00507	0.00389	0.00710
3	0.07053	0.00818	0.01026	0.00830	0.01158	0.00755	0.00673	0.02095	0.08292	0.51978	0.09579	0.02210	0.09815	0.00730	0.00515	0.00160	0.00388	0.00598	0.00573	0.00753
4	0.04421	0.05810	0.01431	0.01166	0.01474	0.38077	0.00914	0.23718	0.12042	0.01950	0.01133	0.03568	0.00910	0.00594	0.00473	0.00144	0.00687	0.00425	0.00371	0.00691
5	0.02762	0.01022	0.01571	0.04209	0.15626	0.01074	0.13268	0.12595	0.06787	0.04708	0.04419	0.06588	0.01500	0.00914	0.04508	0.00209	0.04856	0.12343	0.00378	0.00664
6	0.04448	0.13248	0.09371	0.02728	0.04653	0.15833	0.02215	0.06745	0.11168	0.01589	0.01112	0.01287	0.02167	0.00826	0.06336	0.00202	0.12124	0.00422	0.02881	0.00646
7	0.77175	0.04488	0.00851	0.00688	0.01010	0.01148	0.00573	0.01546	0.00903	0.06825	0.00781	0.00875	0.00594	0.00477	0.00325	0.00154	0.00400	0.00288	0.00327	0.00571
8	0.02452	0.14277	0.34496	0.07431	0.05764	0.03732	0.04165	0.06954	0.08588	0.01675	0.01075	0.03353	0.00847	0.00534	0.00467	0.00152	0.00635	0.00429	0.02265	0.00708
9	0.00666	0.00477	0.00624	0.00723	0.00775	0.00453	0.00517	0.00776	0.00995	0.01309	0.02784	0.54911	0.07443	0.09337	0.00840	0.00236	0.00344	0.15927	0.00453	0.00412
10	0.03974	0.01313	0.03517	0.17127	0.06339	0.18332	0.04544	0.06185	0.08503	0.03222	0.07074	0.01690	0.06377	0.00647	0.00584	0.00159	0.06389	0.00511	0.02892	0.00619
11	0.00644	0.00467	0.00600	0.00681	0.00739	0.00434	0.00472	0.00756	0.01039	0.01379	0.11665	0.56266	0.11183	0.05954	0.00745	0.00214	0.00304	0.05570	0.00470	0.00417
12	0.02964	0.01101	0.01690	0.08865	0.24018	0.01139	0.12592	0.14624	0.07563	0.05868	0.06954	0.01681	0.04117	0.00586	0.00519	0.00157	0.00555	0.00540	0.03748	0.00719
13	0.00811	0.00562	0.00664	0.00635	0.00791	0.00517	0.00477	0.01064	0.05792	0.06904	0.33712	0.11528	0.29074	0.01106	0.00581	0.00166	0.00272	0.00953	0.03892	0.00498
14	0.01263	0.06327	0.29161	0.06419	0.04022	0.01221	0.05380	0.15624	0.09605	0.04475	0.04346	0.01404	0.02370	0.00556	0.00490	0.00153	0.00598	0.00457	0.00341	0.05787

[dist]
# distance from previous block
# <min> <max>
0	1

[block]
# block no. 13 follows, 49 sequences, length 11
# corresponding to MSA columns:
# 1006-1008,1022-1029
name=unknown_N
#
# <colnr> <probs for GDERKNQSTAVLIFYWHMCP>
#	G	D	E	R	K	N	Q	S	T	A	V	L	I	F	Y	W	H	M	C	P
0	0.01309	0.01199	0.06061	0.01084	0.03494	0.04031	0.00870	0.08870	0.51552	0.05398	0.04138	0.01959	0.06384	0.00699	0.00516	0.00166	0.00447	0.00575	0.00482	0.00764
1	0.01332	0.41527	0.20185	0.01060	0.01541	0.04408	0.01098	0.09451	0.09634	0.01606	0.00960	0.01040	0.00770	0.00491	0.00406	0.00131	0.00583	0.00349	0.00282	0.03147
2	0.01117	0.06270	0.04748	0.00952	0.03121	0.00882	0.01795	0.04067	0.19076	0.10794	0.06392	0.22203	0.06107	0.01058	0.02747	0.00194	0.00434	0.06956	0.00461	0.00624
3	0.06325	0.00625	0.00748	0.00698	0.00867	0.00603	0.00534	0.04054	0.04231	0.08739	0.40775	0.12453	0.12896	0.01038	0.00573	0.00168	0.00299	0.03324	0.00520	0.00528
4	0.01372	0.07978	0.06500	0.08898	0.12138	0.08690	0.01064	0.13195	0.29471	0.01939	0.01364	0.01420	0.01042	0.00575	0.00484	0.00155	0.00555	0.00465	0.01953	0.00745
5	0.00745	0.00514	0.00638	0.00637	0.00761	0.00461	0.00466	0.00912	0.01236	0.05958	0.35245	0.24960	0.23141	0.01222	0.00605	0.00174	0.00268	0.01072	0.00515	0.00468
6	0.15715	0.08687	0.09913	0.01014	0.01399	0.04152	0.00909	0.21643	0.19381	0.07190	0.01296	0.01299	0.00958	0.00570	0.00449	0.00152	0.00504	0.00426	0.03606	0.00738
7	0.01516	0.01079	0.01194	0.00995	0.01307	0.01174	0.00794	0.28444	0.30014	0.11701	0.09530	0.04465	0.04033	0.00733	0.00526	0.00163	0.00434	0.00601	0.00526	0.00772
8	0.01049	0.01134	0.10189	0.09379	0.03359	0.01158	0.03356	0.06194	0.07572	0.01632	0.14472	0.04348	0.01580	0.00928	0.04693	0.00214	0.27236	0.00571	0.00334	0.00603
9	0.00780	0.00476	0.00597	0.00597	0.00601	0.00480	0.00363	0.00719	0.00715	0.00957	0.01357	0.02690	0.01509	0.53294	0.05828	0.27330	0.00512	0.00633	0.00277	0.00285
10	0.01294	0.04251	0.03900	0.15589	0.21950	0.03145	0.08793	0.15255	0.10291	0.01892	0.03502	0.02769	0.01021	0.00549	0.00506	0.00155	0.00593	0.00494	0.00336	0.03716

[dist]
# distance from previous block
# <min> <max>
9	39

[block]
# block no. 14 follows, 49 sequences, length 19
# corresponding to MSA columns:
# 1112-1130
name=unknown_O
#
# <colnr> <probs for GDERKNQSTAVLIFYWHMCP>
#	G	D	E	R	K	N	Q	S	T	A	V	L	I	F	Y	W	H	M	C	P
0	0.08202	0.15382	0.19243	0.09168	0.06678	0.03062	0.07872	0.05629	0.02160	0.07945	0.02451	0.02481	0.00854	0.00545	0.00544	0.00156	0.06221	0.00428	0.00294	0.00682
1	0.02840	0.02834	0.12971	0.01008	0.04240	0.00819	0.00871	0.03816	0.04806	0.12174	0.05095	0.07021	0.03526	0.09616	0.00945	0.08314	0.03345	0.14795	0.00391	0.00570
2	0.01427	0.00770	0.01094	0.00967	0.03913	0.00715	0.05145	0.02949	0.04380	0.33105	0.18206	0.05576	0.08184	0.00966	0.03535	0.00192	0.00441	0.07245	0.00525	0.00666
3	0.05154	0.01487	0.18929	0.01310	0.07227	0.01265	0.04065	0.26359	0.11985	0.02194	0.01204	0.01323	0.00907	0.00671	0.02198	0.02297	0.04699	0.00452	0.05536	0.00738
4	0.02728	0.00664	0.00831	0.00730	0.00940	0.00630	0.00576	0.03840	0.04607	0.22432	0.36432	0.02847	0.02911	0.00842	0.00532	0.00156	0.00320	0.04517	0.12861	0.00603
5	0.01118	0.01067	0.01656	0.37873	0.07740	0.03942	0.13315	0.05543	0.11319	0.01588	0.01259	0.04790	0.02435	0.00585	0.00540	0.00167	0.01790	0.00538	0.02100	0.00634
6	0.00659	0.00505	0.00604	0.00600	0.00726	0.00450	0.00442	0.00836	0.01266	0.01685	0.41395	0.14679	0.31927	0.01199	0.00603	0.00170	0.00252	0.01041	0.00513	0.00450
7	0.01358	0.47978	0.09979	0.00981	0.01410	0.04460	0.00960	0.12111	0.03242	0.01576	0.00952	0.01198	0.00828	0.00586	0.02091	0.00141	0.00578	0.03943	0.00283	0.05344
8	0.11151	0.00718	0.00769	0.00708	0.00925	0.00714	0.00558	0.07085	0.08032	0.07598	0.13745	0.05684	0.33068	0.01013	0.00551	0.00170	0.00335	0.06148	0.00481	0.00549
9	0.05825	0.01108	0.01857	0.25220	0.50681	0.01178	0.03900	0.01476	0.01097	0.01582	0.00925	0.01259	0.00750	0.00467	0.00495	0.00156	0.00618	0.00445	0.00247	0.00715
10	0.01369	0.13135	0.03840	0.07694	0.35732	0.05133	0.01264	0.05679	0.01174	0.07870	0.00962	0.01190	0.00780	0.00537	0.00629	0.00155	0.11428	0.00420	0.00283	0.00725
11	0.00763	0.00482	0.00620	0.00671	0.00721	0.00455	0.00450	0.00811	0.00926	0.05306	0.02414	0.44459	0.07300	0.19135	0.01206	0.09708	0.00363	0.03401	0.00414	0.00393
12	0.06129	0.00938	0.03063	0.00967	0.01240	0.00920	0.04891	0.18970	0.01460	0.21349	0.10176	0.19376	0.01913	0.02301	0.00623	0.00176	0.03620	0.00735	0.00487	0.00668
13	0.01331	0.01304	0.01844	0.09337	0.20499	0.12747	0.18406	0.04121	0.06346	0.05705	0.01196	0.03407	0.00995	0.00569	0.00547	0.00159	0.02168	0.04256	0.00314	0.04751
14	0.00941	0.00615	0.00728	0.00691	0.00787	0.00615	0.00478	0.09437	0.01118	0.05789	0.12524	0.14784	0.02369	0.39439	0.01523	0.00324	0.00423	0.04638	0.02326	0.00450
15	0.00639	0.00451	0.00585	0.00678	0.00706	0.00426	0.00444	0.00719	0.00950	0.01272	0.05593	0.66632	0.03167	0.14074	0.00943	0.00248	0.00322	0.01308	0.00448	0.00397
16	0.07791	0.01310	0.08219	0.05367	0.03651	0.05617	0.13765	0.16221	0.07009	0.11783	0.02397	0.04604	0.03184	0.00632	0.00590	0.00165	0.06079	0.00527	0.00385	0.00705
17	0.23420	0.00863	0.00909	0.00774	0.01030	0.00920	0.00620	0.14374	0.03636	0.13012	0.12589	0.01858	0.05450	0.00725	0.00547	0.03685	0.02659	0.00517	0.11801	0.00612
18	0.11259	0.08346	0.03919	0.05658	0.01650	0.01200	0.20817	0.05183	0.01048	0.01558	0.01213	0.08164	0.03352	0.04781	0.05694	0.00228	0.14487	0.00568	0.00291	0.00583

[dist]
# distance from previous block
# <min> <max>
3	14

[block]
# block no. 15 follows, 49 sequences, length 10
# corresponding to MSA columns:
# 1161-1170
name=unknown_P
#
# <colnr> <probs for GDERKNQSTAVLIFYWHMCP>
#	G	D	E	R	K	N	Q	S	T	A	V	L	I	F	Y	W	H	M	C	P
0	0.01116	0.05540	0.03120	0.16915	0.16962	0.01185	0.05859	0.02916	0.04450	0.01510	0.00961	0.01269	0.00798	0.00686	0.03993	0.00182	0.15881	0.00434	0.02898	0.13324
1	0.03965	0.12957	0.01144	0.00812	0.01060	0.00872	0.00676	0.05931	0.01238	0.22568	0.04422	0.10682	0.05434	0.05359	0.00632	0.00184	0.00420	0.14352	0.06682	0.00610
2	0.00829	0.00538	0.00667	0.00661	0.00789	0.00502	0.00492	0.02799	0.01232	0.06762	0.29043	0.23610	0.14874	0.01208	0.02476	0.00186	0.00309	0.03396	0.09141	0.00485
3	0.01150	0.01092	0.04008	0.01216	0.05561	0.06572	0.05301	0.01469	0.09722	0.07288	0.05453	0.06399	0.13232	0.00860	0.00926	0.00184	0.27969	0.00634	0.00358	0.00603
4	0.00736	0.00487	0.00602	0.00650	0.00697	0.00463	0.00427	0.00804	0.00921	0.04421	0.02463	0.40360	0.07986	0.32004	0.01368	0.00310	0.00378	0.04117	0.00414	0.00393
5	0.00893	0.02163	0.01024	0.04616	0.01123	0.06062	0.05138	0.01080	0.02911	0.01248	0.01645	0.03749	0.08231	0.16887	0.30581	0.00467	0.07636	0.00611	0.03463	0.00471
6	0.13417	0.00553	0.00621	0.00643	0.00739	0.00551	0.00448	0.00889	0.01033	0.01564	0.20789	0.32079	0.07429	0.15897	0.00931	0.00236	0.00328	0.00988	0.00438	0.00429
7	0.00920	0.14724	0.03461	0.00834	0.01035	0.00874	0.03515	0.01092	0.01041	0.05632	0.07763	0.17556	0.16159	0.01567	0.16649	0.00297	0.05209	0.00780	0.00371	0.00520
8	0.08261	0.00949	0.01134	0.00975	0.01179	0.05975	0.05186	0.05672	0.04077	0.11139	0.11636	0.08035	0.08636	0.00854	0.00735	0.00174	0.15310	0.04133	0.03844	0.02095
9	0.09626	0.13736	0.21423	0.10361	0.01837	0.05620	0.05962	0.03725	0.03560	0.04430	0.00939	0.01098	0.00720	0.00472	0.00435	0.00138	0.00599	0.00370	0.00277	0.14673

[dist]
# distance from previous block
# <min> <max>
0	18

[block]
# block no. 16 follows, 49 sequences, length 8
# corresponding to MSA columns:
# 1189-1196
name=unknown_Q
#
# <colnr> <probs for GDERKNQSTAVLIFYWHMCP>
#	G	D	E	R	K	N	Q	S	T	A	V	L	I	F	Y	W	H	M	C	P
0	0.07968	0.30349	0.11922	0.01026	0.01404	0.04061	0.00979	0.07934	0.09767	0.06407	0.01034	0.01146	0.00827	0.00711	0.04529	0.00179	0.08387	0.00380	0.00311	0.00680
1	0.05862	0.02870	0.00849	0.00731	0.00920	0.00711	0.00563	0.10706	0.01337	0.10072	0.24295	0.14057	0.12311	0.05805	0.02466	0.00198	0.00369	0.02082	0.03246	0.00548
2	0.01110	0.00985	0.04776	0.01111	0.10541	0.04335	0.00788	0.15884	0.06195	0.02028	0.28842	0.04255	0.07899	0.05514	0.00658	0.00176	0.00424	0.00695	0.03172	0.00613
3	0.00712	0.00515	0.00636	0.00685	0.00758	0.00493	0.00482	0.03566	0.01067	0.01410	0.10506	0.39729	0.12558	0.16008	0.00983	0.00249	0.00345	0.08428	0.00450	0.00422
4	0.01269	0.01346	0.05406	0.01550	0.01921	0.05842	0.32710	0.07903	0.21047	0.01789	0.01268	0.01454	0.00977	0.00728	0.04646	0.00203	0.08365	0.00536	0.00338	0.00700
5	0.00801	0.00575	0.00764	0.00742	0.00846	0.00632	0.00560	0.05175	0.00957	0.01365	0.04996	0.02376	0.06246	0.14140	0.50090	0.00607	0.00983	0.00607	0.07084	0.00455
6	0.00808	0.00586	0.00711	0.00688	0.00776	0.00612	0.00488	0.06830	0.00967	0.01291	0.02056	0.03083	0.12912	0.37216	0.25078	0.00501	0.00717	0.03923	0.00342	0.00417
7	0.00649	0.00490	0.00603	0.00653	0.00751	0.00444	0.00476	0.00792	0.01135	0.01482	0.18871	0.36211	0.26199	0.01365	0.00626	0.00188	0.00287	0.07857	0.00487	0.00434

[dist]
# distance from previous block
# <min> <max>
0	24

# created by:
# /st0/software/busco_prod/Augustus/scripts/msa2prfl.pl ./align_prep/1053181.fa
