[name]
unknown

[dist]
# distance from previous block
# <min> <max>
0	96

[block]
# block no. 0 follows, 59 sequences, length 10
# corresponding to MSA columns:
# 380-389
name=unknown_A
#
# <colnr> <probs for GDERKNQSTAVLIFYWHMCP>
#	G	D	E	R	K	N	Q	S	T	A	V	L	I	F	Y	W	H	M	C	P
0	0.00825	0.00735	0.01150	0.55493	0.02344	0.00834	0.01023	0.01087	0.00912	0.01212	0.01065	0.01821	0.00951	0.00564	0.00454	0.00144	0.00515	0.14483	0.00244	0.14142
1	0.14605	0.02641	0.08136	0.17475	0.06131	0.02342	0.06408	0.02602	0.00892	0.04723	0.03310	0.02338	0.03811	0.00672	0.00645	0.15805	0.00470	0.00402	0.00253	0.06341
2	0.01602	0.01242	0.13839	0.00905	0.01272	0.15493	0.00823	0.04098	0.01189	0.42250	0.01284	0.01225	0.00866	0.00489	0.00416	0.00125	0.00488	0.00378	0.03489	0.08527
3	0.04259	0.01470	0.28552	0.01110	0.03980	0.01121	0.02519	0.26156	0.17574	0.03380	0.01112	0.01166	0.00817	0.00618	0.04053	0.00164	0.00544	0.00395	0.00333	0.00677
4	0.01063	0.00982	0.01373	0.16054	0.06889	0.01268	0.01019	0.13579	0.00956	0.01371	0.00709	0.01028	0.00616	0.00650	0.01042	0.00171	0.50064	0.00390	0.00235	0.00541
5	0.15402	0.00891	0.01042	0.00812	0.01146	0.00887	0.00671	0.21915	0.01390	0.49220	0.01391	0.01267	0.00909	0.00521	0.00417	0.00136	0.00399	0.00400	0.00477	0.00708
6	0.65826	0.00940	0.00902	0.01005	0.15447	0.04078	0.00667	0.01318	0.00814	0.01819	0.00655	0.00797	0.00525	0.00421	0.00348	0.00137	0.03249	0.00274	0.00259	0.00520
7	0.01607	0.01343	0.01256	0.01006	0.01320	0.15961	0.00812	0.58714	0.05840	0.02380	0.01046	0.01068	0.00765	0.00519	0.00428	0.00129	0.00523	0.00383	0.04210	0.00690
8	0.00767	0.00384	0.00575	0.00575	0.00575	0.00384	0.00384	0.00575	0.00575	0.00767	0.00767	0.01343	0.00767	0.01534	0.01726	0.87150	0.00384	0.00384	0.00192	0.00192
9	0.00890	0.00843	0.15433	0.00821	0.01044	0.00653	0.00762	0.01114	0.00837	0.13863	0.01201	0.01554	0.01004	0.02355	0.54933	0.00517	0.00960	0.00442	0.00276	0.00497

[dist]
# distance from previous block
# <min> <max>
1	20

[block]
# block no. 1 follows, 59 sequences, length 18
# corresponding to MSA columns:
# 410-427
name=unknown_B
#
# <colnr> <probs for GDERKNQSTAVLIFYWHMCP>
#	G	D	E	R	K	N	Q	S	T	A	V	L	I	F	Y	W	H	M	C	P
0	0.13009	0.21796	0.02796	0.02363	0.03541	0.10202	0.00764	0.18894	0.01247	0.17039	0.00962	0.00993	0.00711	0.00468	0.00390	0.00123	0.01893	0.00332	0.01852	0.00625
1	0.02980	0.12208	0.08330	0.04090	0.04218	0.28823	0.00917	0.25500	0.01384	0.03523	0.00860	0.02383	0.00681	0.00485	0.00419	0.00124	0.01824	0.00346	0.00294	0.00611
2	0.30318	0.00916	0.04534	0.06852	0.06081	0.00870	0.03309	0.04629	0.03225	0.14148	0.02143	0.01042	0.00734	0.00431	0.00363	0.00123	0.00404	0.00331	0.00314	0.19235
3	0.01137	0.09469	0.06980	0.14944	0.11731	0.01076	0.10871	0.09404	0.12508	0.07120	0.01046	0.02125	0.00802	0.00458	0.00426	0.00131	0.00506	0.00406	0.00295	0.08566
4	0.04078	0.08508	0.20566	0.07965	0.18230	0.01063	0.11399	0.04250	0.07439	0.06051	0.05459	0.01219	0.00905	0.00458	0.00432	0.00136	0.00536	0.00410	0.00269	0.00628
5	0.00538	0.00384	0.00512	0.00615	0.00641	0.00359	0.00410	0.00615	0.00846	0.01127	0.02434	0.84190	0.02921	0.01384	0.00564	0.00179	0.00256	0.01256	0.00410	0.00359
6	0.01424	0.14774	0.08129	0.04174	0.06026	0.15691	0.00926	0.27643	0.04769	0.06875	0.00928	0.01002	0.00703	0.00488	0.00456	0.00128	0.04552	0.00352	0.00315	0.00643
7	0.02539	0.04755	0.11845	0.08965	0.10992	0.08886	0.08348	0.13100	0.03323	0.14238	0.01104	0.02813	0.00864	0.00520	0.00459	0.00139	0.01842	0.04321	0.00316	0.00629
8	0.01036	0.06877	0.22385	0.01604	0.04219	0.01107	0.49405	0.01416	0.01008	0.03658	0.00883	0.01110	0.00657	0.00393	0.00472	0.00141	0.00677	0.00446	0.01894	0.00612
9	0.00537	0.00388	0.00509	0.00605	0.00638	0.00360	0.00406	0.00616	0.00855	0.01131	0.02550	0.79662	0.07374	0.01369	0.00561	0.00178	0.00254	0.01237	0.00410	0.00360
10	0.05291	0.27147	0.26614	0.01047	0.03580	0.12482	0.01051	0.06023	0.05895	0.02814	0.00801	0.00902	0.00632	0.00443	0.00410	0.00124	0.03592	0.00310	0.00235	0.00604
11	0.34474	0.04392	0.12793	0.05231	0.09179	0.03730	0.11299	0.01409	0.05373	0.04284	0.00852	0.02395	0.00669	0.00482	0.01612	0.00146	0.00502	0.00355	0.00261	0.00563
12	0.00776	0.00454	0.00598	0.00594	0.00607	0.03261	0.00399	0.00637	0.00615	0.00804	0.00855	0.01507	0.00868	0.10088	0.07030	0.69610	0.00455	0.00412	0.00204	0.00224
13	0.00596	0.00448	0.00604	0.00739	0.05252	0.00430	0.00475	0.00727	0.03705	0.01170	0.02356	0.69668	0.05303	0.03663	0.00600	0.00182	0.00282	0.03013	0.00396	0.00389
14	0.08207	0.05256	0.04997	0.05835	0.04042	0.05885	0.02974	0.33041	0.01449	0.16141	0.01190	0.01225	0.03706	0.00613	0.03347	0.00153	0.00510	0.00401	0.00374	0.00655
15	0.01381	0.10296	0.05628	0.07044	0.13675	0.03557	0.10564	0.06457	0.01143	0.28336	0.01325	0.02955	0.04623	0.00509	0.00438	0.00134	0.00494	0.00444	0.00349	0.00648
16	0.01306	0.00665	0.00848	0.00698	0.00932	0.00619	0.00557	0.08870	0.02931	0.34988	0.34944	0.02207	0.02342	0.00689	0.00469	0.00135	0.00309	0.00584	0.03504	0.02403
17	0.15104	0.12365	0.06037	0.03395	0.07104	0.02785	0.09094	0.03234	0.10226	0.04669	0.00975	0.01081	0.02286	0.00441	0.00406	0.00121	0.02696	0.00354	0.00278	0.17351

[dist]
# distance from previous block
# <min> <max>
2	52

[block]
# block no. 2 follows, 59 sequences, length 31
# corresponding to MSA columns:
# 480-510
name=unknown_C
#
# <colnr> <probs for GDERKNQSTAVLIFYWHMCP>
#	G	D	E	R	K	N	Q	S	T	A	V	L	I	F	Y	W	H	M	C	P
0	0.07922	0.00773	0.00923	0.05414	0.05557	0.02042	0.00666	0.11699	0.02799	0.05069	0.10322	0.03386	0.24151	0.01961	0.01615	0.00161	0.14088	0.00595	0.00353	0.00504
1	0.17948	0.04884	0.05741	0.08635	0.06290	0.01026	0.02672	0.16478	0.04799	0.02983	0.00900	0.03304	0.00726	0.00488	0.00451	0.01247	0.04497	0.00361	0.00294	0.16275
2	0.22090	0.10736	0.01060	0.00737	0.01052	0.10574	0.00600	0.04750	0.06680	0.01556	0.00865	0.04369	0.00740	0.00441	0.00341	0.00105	0.00408	0.00320	0.00279	0.32296
3	0.01631	0.00725	0.00969	0.00850	0.05577	0.02230	0.00639	0.01808	0.01218	0.58336	0.13090	0.05499	0.01585	0.00624	0.00455	0.00137	0.00358	0.00525	0.03076	0.00668
4	0.00882	0.00888	0.05053	0.70536	0.09612	0.01000	0.01245	0.03362	0.00929	0.01213	0.00797	0.01156	0.00601	0.00439	0.00440	0.00145	0.00583	0.00390	0.00205	0.00523
5	0.08101	0.00653	0.00812	0.00669	0.00925	0.00588	0.00536	0.01576	0.01135	0.47480	0.09015	0.02263	0.16714	0.05429	0.00557	0.00157	0.00333	0.01988	0.00476	0.00596
6	0.00536	0.00439	0.00472	0.00482	0.00610	0.00376	0.00355	0.00654	0.01013	0.01250	0.12943	0.14910	0.62170	0.01130	0.00527	0.00152	0.00226	0.00961	0.00419	0.00376
7	0.00532	0.00449	0.00461	0.00462	0.00608	0.00379	0.00350	0.00651	0.01018	0.01223	0.07929	0.04227	0.75858	0.01111	0.00524	0.00150	0.00228	0.03050	0.00414	0.00376
8	0.10907	0.00802	0.00975	0.00768	0.01076	0.00771	0.00630	0.14249	0.01326	0.51387	0.08476	0.01511	0.01244	0.00560	0.00428	0.00135	0.00370	0.00445	0.03259	0.00682
9	0.00916	0.00785	0.00916	0.00654	0.01047	0.00589	0.00523	0.01112	0.00916	0.01439	0.00785	0.00916	0.00654	0.00327	0.00327	0.00065	0.00327	0.00262	0.00262	0.87178
10	0.00966	0.00966	0.01353	0.01160	0.01160	0.01353	0.00966	0.01063	0.00676	0.01063	0.00580	0.00966	0.00580	0.00773	0.01449	0.00193	0.83670	0.00387	0.00193	0.00483
11	0.01982	0.00752	0.01025	0.00786	0.01127	0.00649	0.00649	0.02152	0.01264	0.82029	0.01742	0.01503	0.01093	0.00547	0.00444	0.00137	0.00376	0.00444	0.00547	0.00752
12	0.87598	0.00854	0.00649	0.00581	0.00854	0.00991	0.00478	0.01298	0.00752	0.01982	0.00615	0.00717	0.00478	0.00410	0.00273	0.00137	0.00342	0.00239	0.00273	0.00478
13	0.00631	0.00473	0.00710	0.00710	0.00789	0.00552	0.00552	0.00789	0.00710	0.01025	0.01183	0.01735	0.01104	0.03312	0.82728	0.00710	0.01183	0.00473	0.00237	0.00394
14	0.01439	0.01042	0.01244	0.08207	0.01451	0.01142	0.04077	0.45059	0.12403	0.09548	0.01273	0.01440	0.00960	0.00612	0.01834	0.00150	0.00479	0.04847	0.02112	0.00683
15	0.00645	0.00494	0.00737	0.00729	0.00804	0.00586	0.00569	0.00800	0.00708	0.01027	0.01158	0.01703	0.01082	0.03206	0.79330	0.00688	0.04631	0.00470	0.00235	0.00398
16	0.01340	0.00910	0.00964	0.00777	0.01031	0.00990	0.00629	0.48872	0.01621	0.02333	0.01211	0.01293	0.00902	0.00524	0.00389	0.00121	0.00375	0.00403	0.34698	0.00617
17	0.87598	0.00854	0.00649	0.00581	0.00854	0.00991	0.00478	0.01298	0.00752	0.01982	0.00615	0.00717	0.00478	0.00410	0.00273	0.00137	0.00342	0.00239	0.00273	0.00478
18	0.01284	0.01004	0.10629	0.12405	0.01481	0.00832	0.00838	0.12476	0.01161	0.23539	0.01149	0.04618	0.00860	0.00499	0.00443	0.00123	0.02752	0.00401	0.00351	0.23155
19	0.01143	0.00630	0.00732	0.04453	0.00918	0.00646	0.00519	0.03086	0.16897	0.19758	0.03839	0.01689	0.03118	0.00561	0.00387	0.00125	0.00296	0.00458	0.40192	0.00555
20	0.10845	0.00749	0.00954	0.00766	0.01072	0.00690	0.00631	0.04775	0.01206	0.62126	0.01666	0.05442	0.01187	0.00611	0.00442	0.00142	0.00373	0.05141	0.00499	0.00684
21	0.06918	0.00769	0.01002	0.00780	0.01113	0.00694	0.00642	0.02114	0.05734	0.72838	0.01680	0.01466	0.01072	0.00542	0.00434	0.00137	0.00372	0.00435	0.00525	0.00733
22	0.00768	0.00685	0.04675	0.00842	0.00924	0.00735	0.05115	0.00852	0.00696	0.01000	0.00966	0.01592	0.00948	0.14108	0.28959	0.16741	0.19334	0.00458	0.00220	0.00381
23	0.01958	0.00790	0.01048	0.00804	0.01146	0.00706	0.00664	0.08268	0.01328	0.75824	0.01689	0.01469	0.01066	0.00545	0.00444	0.00136	0.00384	0.00441	0.00538	0.00752
24	0.00634	0.00461	0.00648	0.00648	0.00706	0.00519	0.00476	0.00749	0.00692	0.00980	0.01239	0.02046	0.01239	0.25140	0.61085	0.00634	0.00980	0.00519	0.00245	0.00360
25	0.08853	0.01017	0.01498	0.15720	0.38013	0.06024	0.05556	0.02689	0.01037	0.13992	0.00944	0.01125	0.00714	0.00432	0.00427	0.00135	0.00525	0.00388	0.00275	0.00636
26	0.01230	0.02658	0.01746	0.05962	0.01733	0.09279	0.33863	0.10178	0.03732	0.11309	0.03376	0.05999	0.02025	0.00531	0.00523	0.00144	0.04297	0.00510	0.00311	0.00594
27	0.00606	0.00440	0.00515	0.00515	0.00624	0.00390	0.00374	0.00706	0.01000	0.02994	0.22118	0.14020	0.41523	0.03447	0.00684	0.08146	0.00248	0.00873	0.00407	0.00370
28	0.01255	0.57099	0.01914	0.00820	0.01157	0.14064	0.00749	0.08766	0.01077	0.01242	0.02913	0.00965	0.03845	0.00446	0.00332	0.00104	0.00504	0.00301	0.00236	0.02213
29	0.00865	0.00710	0.00825	0.00666	0.00942	0.00610	0.00510	0.03173	0.10110	0.01441	0.04953	0.12826	0.02758	0.05330	0.00528	0.01971	0.00324	0.00491	0.00320	0.50646
30	0.01399	0.07045	0.09251	0.03310	0.01327	0.07384	0.00845	0.27565	0.13476	0.13820	0.05291	0.01389	0.02325	0.00556	0.00449	0.00135	0.01636	0.01745	0.00390	0.00662

[dist]
# distance from previous block
# <min> <max>
0	13

[block]
# block no. 3 follows, 59 sequences, length 16
# corresponding to MSA columns:
# 524-539
name=unknown_D
#
# <colnr> <probs for GDERKNQSTAVLIFYWHMCP>
#	G	D	E	R	K	N	Q	S	T	A	V	L	I	F	Y	W	H	M	C	P
0	0.04160	0.02845	0.01250	0.07918	0.12751	0.22242	0.05351	0.06494	0.08101	0.07479	0.10744	0.01541	0.06123	0.00556	0.00441	0.00133	0.00521	0.00458	0.00323	0.00571
1	0.00878	0.00581	0.00682	0.02359	0.00820	0.00560	0.00473	0.02775	0.11759	0.13053	0.23618	0.02995	0.27754	0.08929	0.00664	0.00171	0.00291	0.00719	0.00437	0.00483
2	0.01103	0.08809	0.12477	0.12293	0.38546	0.01140	0.02917	0.09966	0.05756	0.01529	0.00883	0.01078	0.00698	0.00428	0.00424	0.00133	0.00536	0.00379	0.00247	0.00658
3	0.00862	0.00782	0.01261	0.67150	0.06459	0.00955	0.01130	0.01195	0.05125	0.01219	0.00886	0.01230	0.00675	0.00460	0.00453	0.00144	0.02312	0.00400	0.06796	0.00505
4	0.00578	0.00450	0.00526	0.00507	0.00631	0.00397	0.00380	0.00743	0.01140	0.01509	0.46604	0.03730	0.39217	0.01001	0.00521	0.00144	0.00215	0.00859	0.00452	0.00397
5	0.00641	0.00430	0.00489	0.00487	0.00494	0.00427	0.00278	0.00656	0.00685	0.00920	0.06998	0.02919	0.01785	0.78628	0.02127	0.00408	0.00413	0.00653	0.00283	0.00278
6	0.00536	0.00428	0.00481	0.00509	0.00616	0.00373	0.00366	0.00646	0.00979	0.01226	0.10893	0.28751	0.50283	0.01180	0.00535	0.00158	0.00232	0.01019	0.00417	0.00373
7	0.00536	0.00392	0.00504	0.00594	0.00635	0.00361	0.00401	0.00617	0.00866	0.01136	0.02691	0.74117	0.12828	0.01350	0.00558	0.00176	0.00252	0.01215	0.00410	0.00361
8	0.87598	0.00854	0.00649	0.00581	0.00854	0.00991	0.00478	0.01298	0.00752	0.01982	0.00615	0.00717	0.00478	0.00410	0.00273	0.00137	0.00342	0.00239	0.00273	0.00478
9	0.00916	0.00785	0.00916	0.00654	0.01047	0.00589	0.00523	0.01112	0.00916	0.01439	0.00785	0.00916	0.00654	0.00327	0.00327	0.00065	0.00327	0.00262	0.00262	0.87178
10	0.01698	0.01207	0.01307	0.01002	0.01355	0.01325	0.00828	0.75442	0.02027	0.07662	0.01102	0.01088	0.00772	0.00531	0.00442	0.00133	0.00479	0.00401	0.00448	0.00751
11	0.00966	0.00966	0.01353	0.01160	0.01160	0.01353	0.00966	0.01063	0.00676	0.01063	0.00580	0.00966	0.00580	0.00773	0.01449	0.00193	0.83670	0.00387	0.00193	0.00483
12	0.00980	0.00919	0.01271	0.05702	0.01235	0.01239	0.00920	0.01184	0.06834	0.03603	0.05296	0.01178	0.00857	0.00742	0.01234	0.00183	0.65459	0.00420	0.00240	0.00504
13	0.00691	0.00503	0.00681	0.00679	0.02506	0.00514	0.00499	0.00845	0.01022	0.03472	0.40241	0.10262	0.06363	0.06004	0.11537	0.02860	0.05981	0.04538	0.00394	0.00410
14	0.00822	0.05310	0.00937	0.12461	0.01172	0.00728	0.00664	0.03917	0.00835	0.04639	0.01086	0.01538	0.00966	0.06052	0.46229	0.00463	0.02943	0.00434	0.02065	0.06740
15	0.00654	0.00494	0.00602	0.00654	0.00734	0.00492	0.00469	0.02963	0.10414	0.01269	0.02470	0.52965	0.10523	0.05157	0.00627	0.00186	0.00292	0.08216	0.00408	0.00411

[dist]
# distance from previous block
# <min> <max>
0	1

[block]
# block no. 4 follows, 59 sequences, length 17
# corresponding to MSA columns:
# 541-557
name=unknown_E
#
# <colnr> <probs for GDERKNQSTAVLIFYWHMCP>
#	G	D	E	R	K	N	Q	S	T	A	V	L	I	F	Y	W	H	M	C	P
0	0.01304	0.07319	0.03563	0.08049	0.05282	0.13186	0.03515	0.22390	0.11307	0.04046	0.00991	0.01070	0.00755	0.00461	0.00408	0.00120	0.00508	0.00362	0.00320	0.15044
1	0.36865	0.02246	0.03922	0.09211	0.19921	0.01042	0.04196	0.04951	0.06759	0.01712	0.00824	0.00988	0.00646	0.00438	0.00394	0.00138	0.02536	0.00338	0.02302	0.00570
2	0.00854	0.00433	0.00464	0.00457	0.00570	0.00420	0.00342	0.01043	0.00951	0.06617	0.03430	0.08911	0.04742	0.00626	0.00353	0.00114	0.00222	0.00517	0.68507	0.00427
3	0.07561	0.00732	0.00950	0.00760	0.01060	0.00664	0.00616	0.04715	0.01209	0.64202	0.01724	0.11243	0.01256	0.00636	0.00447	0.00142	0.00363	0.00525	0.00508	0.00687
4	0.00608	0.00427	0.00550	0.00608	0.00673	0.00398	0.00427	0.00741	0.02725	0.03484	0.14642	0.57552	0.10420	0.01239	0.00549	0.00169	0.00256	0.03715	0.00426	0.00389
5	0.01460	0.01122	0.01204	0.00954	0.01284	0.01231	0.00775	0.52915	0.22727	0.02421	0.01231	0.01202	0.00900	0.00531	0.00434	0.00131	0.00436	0.00413	0.00428	0.08200
6	0.07274	0.01000	0.04489	0.08204	0.08094	0.02455	0.03917	0.16938	0.16547	0.11796	0.04120	0.01425	0.01040	0.00529	0.00431	0.00136	0.00443	0.03016	0.02002	0.06144
7	0.01087	0.00639	0.00789	0.00691	0.00855	0.02995	0.03568	0.01326	0.07987	0.21542	0.09536	0.10135	0.01664	0.16368	0.02217	0.00201	0.01818	0.00594	0.15486	0.00501
8	0.04884	0.11300	0.15161	0.02228	0.07896	0.02663	0.04410	0.18275	0.21442	0.04454	0.01165	0.01197	0.02002	0.00494	0.00417	0.00135	0.00486	0.00397	0.00331	0.00663
9	0.04948	0.00926	0.06128	0.05048	0.13735	0.00894	0.07075	0.12155	0.05221	0.05498	0.11213	0.01812	0.09678	0.03581	0.05303	0.00185	0.05183	0.00519	0.00331	0.00565
10	0.00639	0.00462	0.00672	0.00679	0.00756	0.00526	0.00522	0.00794	0.00737	0.01082	0.01298	0.07989	0.01244	0.02948	0.70059	0.00622	0.01036	0.00528	0.07014	0.00393
11	0.04092	0.04209	0.18818	0.12631	0.09122	0.06801	0.03828	0.03470	0.01013	0.12853	0.02051	0.01322	0.04248	0.00735	0.07544	0.00185	0.01879	0.00407	0.04213	0.00579
12	0.01099	0.00949	0.00999	0.00899	0.01148	0.01099	0.00699	0.02347	0.80925	0.01848	0.01798	0.01648	0.01348	0.00599	0.00449	0.00150	0.00350	0.00499	0.00449	0.00699
13	0.00916	0.00785	0.00916	0.00654	0.01047	0.00589	0.00523	0.01112	0.00916	0.01439	0.00785	0.00916	0.00654	0.00327	0.00327	0.00065	0.00327	0.00262	0.00262	0.87178
14	0.00557	0.00400	0.00502	0.00572	0.00608	0.00374	0.00377	0.00627	0.00835	0.01100	0.04241	0.59377	0.10867	0.16365	0.00863	0.00220	0.00283	0.01101	0.00386	0.00345
15	0.48739	0.00749	0.00729	0.00665	0.00875	0.00865	0.00536	0.07932	0.00851	0.01705	0.00859	0.01115	0.00728	0.01470	0.30096	0.00344	0.00658	0.00337	0.00275	0.00472
16	0.01308	0.48903	0.06222	0.00941	0.02903	0.25951	0.00839	0.03420	0.01038	0.01136	0.00666	0.00771	0.00577	0.00406	0.00334	0.00103	0.00576	0.00264	0.00210	0.03435

[dist]
# distance from previous block
# <min> <max>
0	2

[block]
# block no. 5 follows, 59 sequences, length 12
# corresponding to MSA columns:
# 560-571
name=unknown_F
#
# <colnr> <probs for GDERKNQSTAVLIFYWHMCP>
#	G	D	E	R	K	N	Q	S	T	A	V	L	I	F	Y	W	H	M	C	P
0	0.00545	0.00396	0.00516	0.00609	0.00649	0.00367	0.00417	0.00630	0.00868	0.01142	0.02613	0.73397	0.09968	0.01352	0.00562	0.00178	0.00260	0.04759	0.00410	0.00362
1	0.00931	0.02380	0.05731	0.11502	0.13768	0.00875	0.04481	0.03612	0.11517	0.01445	0.05050	0.07180	0.05078	0.00567	0.00488	0.00130	0.05018	0.00484	0.00294	0.19468
2	0.00560	0.00441	0.00506	0.00506	0.00624	0.00387	0.00373	0.00702	0.01073	0.01389	0.31352	0.13459	0.44910	0.01074	0.00527	0.00149	0.00222	0.00924	0.00437	0.00387
3	0.01216	0.78598	0.02235	0.00784	0.01151	0.07769	0.00763	0.01355	0.00924	0.01042	0.00619	0.00715	0.00567	0.00384	0.00292	0.00096	0.00496	0.00240	0.00192	0.00563
4	0.03972	0.01034	0.06460	0.09590	0.03701	0.02869	0.21502	0.04564	0.21267	0.02851	0.05503	0.07382	0.03169	0.00585	0.00507	0.00149	0.03450	0.00538	0.00322	0.00584
5	0.01182	0.08304	0.29658	0.03213	0.14293	0.04401	0.11247	0.07577	0.01095	0.11446	0.00968	0.02972	0.00733	0.00455	0.00432	0.00135	0.00578	0.00396	0.00268	0.00650
6	0.00707	0.00523	0.00626	0.00611	0.00739	0.00508	0.00458	0.01023	0.12740	0.04288	0.35302	0.17847	0.18546	0.00985	0.00519	0.00152	0.00252	0.03271	0.00452	0.00450
7	0.00899	0.00833	0.00769	0.02315	0.00908	0.16618	0.00558	0.01143	0.07822	0.03571	0.13169	0.04470	0.17511	0.01389	0.20469	0.00275	0.00589	0.00591	0.05648	0.00454
8	0.05119	0.06133	0.10465	0.06407	0.10398	0.13330	0.13385	0.05958	0.04434	0.13174	0.00959	0.01085	0.00715	0.00469	0.00495	0.00137	0.06052	0.00385	0.00285	0.00616
9	0.01036	0.11195	0.50389	0.01294	0.06938	0.01154	0.06613	0.09669	0.04894	0.01528	0.00858	0.00983	0.00635	0.00430	0.00416	0.00135	0.00598	0.00349	0.00231	0.00655
10	0.00547	0.00391	0.00509	0.00597	0.00633	0.00361	0.00401	0.00615	0.00849	0.01117	0.02558	0.72360	0.10607	0.01365	0.00614	0.04283	0.00259	0.01182	0.00400	0.00352
11	0.00927	0.00856	0.07881	0.18676	0.11826	0.01844	0.02438	0.06240	0.00981	0.05694	0.01395	0.11650	0.05446	0.00929	0.05965	0.07248	0.01930	0.05732	0.01838	0.00505

[dist]
# distance from previous block
# <min> <max>
1	10

[block]
# block no. 6 follows, 59 sequences, length 31
# corresponding to MSA columns:
# 582-594,602-619
name=unknown_G
#
# <colnr> <probs for GDERKNQSTAVLIFYWHMCP>
#	G	D	E	R	K	N	Q	S	T	A	V	L	I	F	Y	W	H	M	C	P
0	0.04930	0.12518	0.03008	0.00958	0.05910	0.01118	0.00740	0.04863	0.46999	0.05278	0.01470	0.03771	0.01164	0.02189	0.00455	0.00144	0.00389	0.01450	0.00382	0.02264
1	0.43718	0.00989	0.02449	0.04528	0.04902	0.09171	0.04261	0.03639	0.02465	0.04836	0.00977	0.04747	0.03823	0.00523	0.00403	0.02077	0.01522	0.00369	0.00286	0.04315
2	0.02912	0.00979	0.10119	0.07370	0.21550	0.00874	0.05902	0.07176	0.01048	0.04224	0.05958	0.08545	0.02466	0.01729	0.00535	0.00149	0.05032	0.05541	0.06195	0.01697
3	0.00631	0.00424	0.00485	0.00496	0.00499	0.00421	0.00283	0.00639	0.00664	0.00885	0.01503	0.11548	0.01746	0.75629	0.02069	0.00402	0.00410	0.00708	0.00283	0.00277
4	0.05845	0.15528	0.31793	0.02189	0.11731	0.04448	0.01154	0.12849	0.03899	0.01579	0.00827	0.00944	0.00634	0.00429	0.00391	0.00126	0.00545	0.00328	0.00247	0.04516
5	0.00901	0.14959	0.08337	0.07220	0.03644	0.00895	0.01490	0.03359	0.10814	0.01332	0.06150	0.08679	0.03645	0.02704	0.04975	0.06703	0.00454	0.02170	0.01365	0.10203
6	0.00691	0.00493	0.00679	0.00771	0.00868	0.00487	0.00660	0.00869	0.00993	0.01285	0.02434	0.09657	0.07557	0.01233	0.00634	0.02755	0.00385	0.66754	0.00401	0.00395
7	0.03027	0.23823	0.05255	0.01005	0.06643	0.03634	0.00829	0.32349	0.01390	0.04048	0.00870	0.00938	0.00673	0.00441	0.00376	0.00112	0.00472	0.00325	0.00313	0.13475
8	0.00856	0.00822	0.05737	0.06184	0.08066	0.00745	0.13200	0.04730	0.01008	0.03742	0.06871	0.23635	0.08220	0.00799	0.00546	0.00151	0.04762	0.02861	0.00327	0.06737
9	0.01165	0.15554	0.11390	0.13519	0.09332	0.03817	0.13212	0.13206	0.05428	0.05125	0.00964	0.03643	0.00764	0.00469	0.00427	0.00133	0.00553	0.00410	0.00274	0.00617
10	0.01034	0.02835	0.02099	0.00845	0.01068	0.09224	0.04313	0.05162	0.30445	0.04870	0.21029	0.02075	0.07858	0.00797	0.04215	0.00166	0.00422	0.00567	0.00406	0.00569
11	0.01149	0.75875	0.10905	0.00810	0.01217	0.01670	0.00850	0.01331	0.00901	0.01078	0.00633	0.00733	0.00566	0.00382	0.00298	0.00099	0.00492	0.00246	0.00189	0.00576
12	0.00896	0.01973	0.63190	0.01215	0.03903	0.04611	0.03192	0.01348	0.02388	0.01374	0.01179	0.01381	0.07537	0.00512	0.00438	0.00142	0.00607	0.03281	0.00222	0.00614
13	0.01368	0.34861	0.11285	0.04737	0.04965	0.07179	0.02099	0.05516	0.02540	0.20058	0.00968	0.01007	0.00721	0.00443	0.00374	0.00119	0.00505	0.00330	0.00294	0.00631
14	0.00886	0.02285	0.82190	0.01259	0.01912	0.01026	0.01632	0.01399	0.00932	0.01399	0.00793	0.00932	0.00559	0.00420	0.00420	0.00140	0.00653	0.00326	0.00186	0.00653
15	0.00966	0.00966	0.01353	0.01160	0.01160	0.01353	0.00966	0.01063	0.00676	0.01063	0.00580	0.00966	0.00580	0.00773	0.01449	0.00193	0.83670	0.00387	0.00193	0.00483
16	0.01640	0.01199	0.01284	0.00989	0.01331	0.01326	0.00815	0.76640	0.02024	0.02732	0.01078	0.01087	0.00768	0.00529	0.00436	0.00131	0.00473	0.00398	0.04383	0.00736
17	0.00552	0.00429	0.00498	0.00542	0.00635	0.00383	0.00393	0.00656	0.00940	0.01182	0.05593	0.32952	0.41113	0.04875	0.00620	0.00176	0.00259	0.07429	0.00406	0.00367
18	0.00886	0.02285	0.82190	0.01259	0.01912	0.01026	0.01632	0.01399	0.00932	0.01399	0.00793	0.00932	0.00559	0.00420	0.00420	0.00140	0.00653	0.00326	0.00186	0.00653
19	0.00694	0.00496	0.00691	0.00793	0.00887	0.00493	0.00681	0.00885	0.00999	0.01302	0.02348	0.13042	0.02580	0.01237	0.00605	0.00201	0.00391	0.70865	0.00407	0.00402
20	0.00984	0.01018	0.01639	0.01320	0.01422	0.01299	0.19048	0.01143	0.00760	0.01143	0.00651	0.01018	0.00600	0.00681	0.01237	0.00183	0.64727	0.00417	0.00200	0.00509
21	0.00628	0.00423	0.00555	0.00633	0.00680	0.00400	0.00435	0.00743	0.03058	0.04695	0.02341	0.71921	0.02730	0.04644	0.00625	0.00188	0.00277	0.04230	0.00411	0.00384
22	0.00941	0.00800	0.00929	0.00666	0.01057	0.00614	0.00534	0.03687	0.00954	0.01483	0.00794	0.00921	0.00657	0.00334	0.00331	0.00068	0.00332	0.00266	0.00268	0.84366
23	0.00632	0.00464	0.00667	0.00675	0.00740	0.00524	0.00508	0.00764	0.00716	0.01014	0.01308	0.05333	0.01307	0.15703	0.63970	0.00626	0.01001	0.03421	0.00255	0.00374
24	0.00572	0.00460	0.00515	0.00539	0.00651	0.00419	0.00389	0.00754	0.06156	0.01257	0.09377	0.30055	0.44959	0.01155	0.00531	0.00158	0.00241	0.00999	0.00418	0.00393
25	0.01359	0.00653	0.00917	0.06554	0.01102	0.00645	0.00636	0.02514	0.01036	0.41567	0.06545	0.01638	0.01218	0.03484	0.16811	0.08120	0.03765	0.00466	0.00403	0.00567
26	0.00994	0.00989	0.04515	0.05257	0.52174	0.00998	0.02173	0.01277	0.04510	0.01358	0.00965	0.05705	0.00863	0.00741	0.07447	0.00190	0.08534	0.00451	0.00237	0.00623
27	0.00838	0.00599	0.00812	0.09297	0.04582	0.00613	0.00627	0.01105	0.06900	0.09294	0.30884	0.08201	0.11594	0.00859	0.00545	0.00152	0.03652	0.08548	0.00414	0.00483
28	0.04460	0.00467	0.00588	0.00651	0.00721	0.00466	0.00497	0.00787	0.00872	0.01205	0.02117	0.25077	0.05537	0.17664	0.03562	0.00249	0.00378	0.30552	0.03780	0.00368
29	0.03084	0.02574	0.37190	0.03666	0.09900	0.01059	0.15152	0.09030	0.05152	0.07542	0.00955	0.01084	0.00690	0.00438	0.00440	0.00140	0.00593	0.00391	0.00263	0.00657
30	0.15023	0.04127	0.02329	0.08941	0.09531	0.09368	0.09009	0.19573	0.04705	0.01722	0.00995	0.07618	0.00850	0.00566	0.00470	0.03350	0.00508	0.00438	0.00301	0.00575

[dist]
# distance from previous block
# <min> <max>
1	13

[block]
# block no. 7 follows, 59 sequences, length 55
# corresponding to MSA columns:
# 633-687
name=unknown_H
#
# <colnr> <probs for GDERKNQSTAVLIFYWHMCP>
#	G	D	E	R	K	N	Q	S	T	A	V	L	I	F	Y	W	H	M	C	P
0	0.04045	0.11767	0.07544	0.05128	0.02553	0.03228	0.17982	0.07153	0.05437	0.03825	0.01052	0.04652	0.00937	0.13438	0.02682	0.02447	0.00539	0.00463	0.00271	0.04858
1	0.00692	0.00523	0.00631	0.00564	0.00701	0.00467	0.00399	0.00815	0.00901	0.01280	0.22497	0.06544	0.05885	0.28273	0.06846	0.00258	0.00381	0.00624	0.00335	0.21384
2	0.01099	0.00976	0.01327	0.07151	0.25724	0.01027	0.03381	0.08123	0.31088	0.01681	0.01205	0.01283	0.00932	0.00475	0.00430	0.00131	0.00439	0.00419	0.00328	0.12781
3	0.00549	0.00434	0.00486	0.00501	0.00610	0.00380	0.00360	0.00663	0.00994	0.01256	0.16447	0.20338	0.48608	0.05597	0.00623	0.00169	0.00239	0.00961	0.00415	0.00371
4	0.00605	0.00451	0.00562	0.00534	0.00647	0.00408	0.00401	0.00794	0.01203	0.01658	0.66437	0.03485	0.19291	0.00945	0.00521	0.00141	0.00211	0.00825	0.00471	0.00408
5	0.00916	0.00785	0.00916	0.00654	0.01047	0.00589	0.00523	0.01112	0.00916	0.01439	0.00785	0.00916	0.00654	0.00327	0.00327	0.00065	0.00327	0.00262	0.00262	0.87178
6	0.00560	0.00450	0.00501	0.00501	0.00632	0.00392	0.00380	0.00701	0.01066	0.01349	0.24320	0.06222	0.54797	0.01075	0.00528	0.00150	0.00231	0.05328	0.00430	0.00386
7	0.00578	0.00413	0.00558	0.00655	0.00699	0.00393	0.00474	0.00687	0.00897	0.01193	0.05474	0.64342	0.02889	0.01331	0.00572	0.00183	0.00286	0.17594	0.00412	0.00371
8	0.00622	0.00449	0.00562	0.00534	0.00644	0.00411	0.00400	0.00818	0.01201	0.01688	0.67045	0.03336	0.14215	0.00911	0.00510	0.00138	0.00210	0.00796	0.05101	0.00411
9	0.81348	0.00882	0.00698	0.00612	0.00892	0.01018	0.00505	0.07041	0.00848	0.02040	0.00647	0.00742	0.00498	0.00419	0.00286	0.00136	0.00352	0.00251	0.00286	0.00498
10	0.06477	0.07858	0.01256	0.00910	0.01219	0.08288	0.00755	0.28762	0.01441	0.30707	0.01175	0.01141	0.00815	0.00528	0.00491	0.00134	0.06568	0.00382	0.00412	0.00680
11	0.02743	0.00639	0.00661	0.00688	0.00795	0.07301	0.00496	0.00990	0.11213	0.01285	0.05175	0.48789	0.08792	0.01095	0.00516	0.00162	0.00319	0.04037	0.00394	0.03912
12	0.03032	0.07075	0.01334	0.01057	0.05332	0.07763	0.00825	0.48746	0.13570	0.02256	0.01106	0.01160	0.00833	0.00523	0.00426	0.00131	0.00484	0.01679	0.00390	0.02278
13	0.10855	0.00912	0.06528	0.03014	0.05373	0.01774	0.01994	0.05619	0.04964	0.15825	0.06338	0.02518	0.02189	0.03236	0.01943	0.00139	0.01643	0.00406	0.00340	0.24390
14	0.01308	0.16050	0.23335	0.02554	0.04652	0.03306	0.02809	0.22934	0.04008	0.10691	0.01032	0.01080	0.01968	0.00471	0.00408	0.00128	0.00522	0.00364	0.00313	0.02064
15	0.05364	0.01077	0.05931	0.07612	0.24527	0.05261	0.06985	0.08562	0.12173	0.09096	0.03790	0.04539	0.00999	0.00526	0.00459	0.01201	0.00494	0.00453	0.00317	0.00633
16	0.00934	0.04798	0.64733	0.01275	0.01868	0.01053	0.10411	0.04543	0.00992	0.01438	0.00924	0.01063	0.03109	0.00439	0.00431	0.00139	0.00637	0.00367	0.00208	0.00639
17	0.01332	0.01095	0.09343	0.08690	0.20148	0.03193	0.14233	0.05196	0.01119	0.25667	0.01163	0.03925	0.00860	0.00487	0.00467	0.00140	0.01505	0.00449	0.00329	0.00659
18	0.04624	0.02040	0.12472	0.01094	0.10871	0.01964	0.02719	0.04341	0.06736	0.22064	0.01509	0.07464	0.02290	0.03045	0.00524	0.00156	0.01559	0.10683	0.03243	0.00602
19	0.00671	0.00461	0.00621	0.00618	0.00694	0.00490	0.00454	0.00795	0.00786	0.03616	0.05997	0.07774	0.07345	0.18368	0.44126	0.00497	0.00774	0.00606	0.04929	0.00379
20	0.78032	0.00850	0.00686	0.00604	0.00876	0.00973	0.00496	0.04479	0.00841	0.04505	0.03867	0.00858	0.00654	0.00439	0.00295	0.00137	0.00343	0.00274	0.00297	0.00495
21	0.01209	0.01270	0.10641	0.20088	0.16787	0.12416	0.10658	0.08076	0.02836	0.09097	0.02126	0.01145	0.00744	0.00451	0.00443	0.00137	0.00592	0.00399	0.00271	0.00613
22	0.00653	0.00461	0.00551	0.00578	0.00672	0.00425	0.00412	0.03847	0.00961	0.04463	0.04797	0.40895	0.28618	0.05662	0.00658	0.02193	0.00274	0.03084	0.00406	0.00389
23	0.00579	0.00396	0.00500	0.00572	0.00595	0.00378	0.00370	0.00644	0.00801	0.01090	0.02128	0.60074	0.02507	0.21472	0.00958	0.00236	0.00295	0.01062	0.05005	0.00339
24	0.03720	0.00884	0.01063	0.00874	0.02852	0.00893	0.00692	0.30123	0.01484	0.35834	0.04611	0.08713	0.01223	0.00624	0.00461	0.00139	0.01449	0.00505	0.03174	0.00682
25	0.01032	0.01081	0.08354	0.06190	0.29045	0.03446	0.02406	0.04232	0.04374	0.01468	0.00849	0.01032	0.00687	0.00396	0.00415	0.00111	0.01990	0.00343	0.00248	0.32300
26	0.00662	0.00524	0.00824	0.00779	0.00875	0.00601	0.04815	0.00827	0.00726	0.01044	0.01155	0.01705	0.01075	0.04399	0.74924	0.00662	0.03286	0.00476	0.00235	0.00405
27	0.00568	0.00405	0.00531	0.00601	0.00648	0.00377	0.00417	0.00661	0.00911	0.01218	0.14270	0.59008	0.08051	0.02373	0.00625	0.03670	0.00261	0.04631	0.00411	0.00363
28	0.01357	0.13315	0.05441	0.05051	0.07040	0.03444	0.04950	0.05329	0.01132	0.30674	0.05311	0.09543	0.01265	0.00611	0.00443	0.00137	0.00444	0.03512	0.00381	0.00619
29	0.01207	0.71675	0.02221	0.02339	0.01251	0.08640	0.05019	0.01362	0.00935	0.01064	0.00638	0.00750	0.00573	0.00385	0.00309	0.00100	0.00517	0.00258	0.00194	0.00562
30	0.04419	0.02511	0.11865	0.00743	0.01165	0.00704	0.00683	0.03156	0.00940	0.01482	0.00783	0.00910	0.00635	0.00349	0.00339	0.00081	0.00378	0.00272	0.00255	0.68328
31	0.01209	0.05035	0.16626	0.10961	0.13399	0.08166	0.09209	0.14471	0.08598	0.05647	0.00982	0.01113	0.00733	0.00457	0.00434	0.00135	0.00566	0.00391	0.01225	0.00642
32	0.01561	0.01891	0.01208	0.01089	0.01324	0.67390	0.00823	0.05362	0.11037	0.01254	0.00912	0.00982	0.02293	0.00489	0.00409	0.00120	0.00716	0.00329	0.00268	0.00543
33	0.00834	0.00487	0.00638	0.00638	0.00724	0.00466	0.00452	0.00931	0.00925	0.15454	0.09966	0.44750	0.03658	0.13675	0.00826	0.00205	0.03597	0.00935	0.00412	0.00425
34	0.00635	0.00425	0.00484	0.00491	0.00493	0.00423	0.00278	0.00640	0.00657	0.00876	0.01466	0.08694	0.01700	0.78546	0.02128	0.00410	0.00416	0.00686	0.00278	0.00274
35	0.00698	0.00525	0.00622	0.00570	0.00710	0.00496	0.00435	0.08373	0.01263	0.01711	0.52864	0.03344	0.24875	0.00926	0.00514	0.00141	0.00239	0.00797	0.00461	0.00437
36	0.00566	0.00449	0.00509	0.00494	0.00624	0.00392	0.00370	0.00720	0.01111	0.01441	0.37532	0.03842	0.48331	0.01026	0.00522	0.00145	0.00217	0.00875	0.00443	0.00392
37	0.01679	0.01237	0.01325	0.01016	0.01370	0.01370	0.00839	0.80251	0.02077	0.02783	0.01060	0.01060	0.00751	0.00530	0.00442	0.00133	0.00486	0.00398	0.00442	0.00751
38	0.01614	0.01204	0.01289	0.01000	0.01344	0.01333	0.00822	0.71859	0.09383	0.02677	0.01125	0.01113	0.00805	0.00534	0.00441	0.00133	0.00471	0.00405	0.00440	0.02008
39	0.01181	0.84744	0.02314	0.00756	0.01134	0.01748	0.00756	0.01323	0.00897	0.01039	0.00614	0.00708	0.00567	0.00378	0.00283	0.00094	0.00472	0.00236	0.00189	0.00567
40	0.00642	0.00428	0.00482	0.00482	0.00482	0.00428	0.00268	0.00642	0.00642	0.00856	0.01392	0.02890	0.01606	0.84478	0.02248	0.00428	0.00428	0.00642	0.00268	0.00268
41	0.00855	0.00421	0.00428	0.00422	0.00531	0.00418	0.00318	0.01060	0.00935	0.03836	0.01449	0.01643	0.01131	0.00515	0.00312	0.00104	0.00210	0.00413	0.84578	0.00421
42	0.00966	0.00966	0.01353	0.01160	0.01160	0.01353	0.00966	0.01063	0.00676	0.01063	0.00580	0.00966	0.00580	0.00773	0.01449	0.00193	0.83670	0.00387	0.00193	0.00483
43	0.00767	0.00384	0.00575	0.00575	0.00575	0.00384	0.00384	0.00575	0.00575	0.00767	0.00767	0.01343	0.00767	0.01534	0.01726	0.87150	0.00384	0.00384	0.00192	0.00192
44	0.87598	0.00854	0.00649	0.00581	0.00854	0.00991	0.00478	0.01298	0.00752	0.01982	0.00615	0.00717	0.00478	0.00410	0.00273	0.00137	0.00342	0.00239	0.00273	0.00478
45	0.01221	0.05039	0.04394	0.09121	0.11593	0.04195	0.17232	0.22711	0.03898	0.04479	0.01044	0.06619	0.00858	0.00524	0.00492	0.00140	0.03685	0.00467	0.00307	0.01980
46	0.00898	0.00889	0.01319	0.76945	0.02910	0.07410	0.01197	0.01178	0.00912	0.01125	0.00777	0.01148	0.00587	0.00443	0.00438	0.00145	0.00605	0.00384	0.00199	0.00492
47	0.00642	0.00430	0.00489	0.00489	0.00491	0.00432	0.00277	0.00647	0.00644	0.00862	0.01385	0.02853	0.01590	0.81892	0.04812	0.00437	0.00452	0.00637	0.00267	0.00272
48	0.13289	0.01101	0.01367	0.25250	0.05494	0.09381	0.08385	0.19668	0.01181	0.01663	0.00808	0.01025	0.00621	0.00482	0.00516	0.00143	0.08414	0.00373	0.00271	0.00570
49	0.00640	0.00465	0.00668	0.00668	0.00737	0.00530	0.00505	0.00779	0.00710	0.01028	0.01221	0.01883	0.01171	0.13820	0.68886	0.00649	0.01045	0.00493	0.03724	0.00378
50	0.01073	0.00920	0.01076	0.03561	0.01242	0.01039	0.04986	0.07174	0.59497	0.01822	0.06249	0.01818	0.01461	0.00664	0.01700	0.00159	0.00394	0.04083	0.00426	0.00656
51	0.05527	0.03171	0.00938	0.02235	0.07671	0.00718	0.00651	0.00975	0.00806	0.01227	0.02899	0.01499	0.00994	0.02835	0.36818	0.01939	0.06829	0.02846	0.00248	0.19174
52	0.05314	0.00542	0.00803	0.00786	0.02297	0.00626	0.03107	0.00852	0.00732	0.01100	0.01172	0.01668	0.02359	0.02893	0.70227	0.00625	0.03779	0.00466	0.00239	0.00413
53	0.00983	0.36813	0.07009	0.03054	0.02298	0.02565	0.01897	0.04853	0.03035	0.01265	0.05682	0.12377	0.02463	0.02557	0.05234	0.00164	0.01846	0.00482	0.04905	0.00518
54	0.03982	0.02444	0.12606	0.09739	0.21306	0.06194	0.03219	0.09101	0.01072	0.03601	0.00831	0.01010	0.00652	0.00421	0.00436	0.00121	0.03164	0.00346	0.00253	0.19501

[dist]
# distance from previous block
# <min> <max>
0	47

[block]
# block no. 8 follows, 59 sequences, length 23
# corresponding to MSA columns:
# 735-757
name=unknown_I
#
# <colnr> <probs for GDERKNQSTAVLIFYWHMCP>
#	G	D	E	R	K	N	Q	S	T	A	V	L	I	F	Y	W	H	M	C	P
0	0.05264	0.01070	0.07332	0.06206	0.10976	0.01046	0.01832	0.27121	0.09947	0.06818	0.01260	0.07124	0.03314	0.00578	0.00478	0.00139	0.03670	0.00469	0.00356	0.05004
1	0.15245	0.06465	0.12761	0.06472	0.04924	0.03867	0.15711	0.06066	0.00955	0.02468	0.00823	0.01079	0.00666	0.02881	0.03594	0.02601	0.08298	0.00376	0.02448	0.02300
2	0.29646	0.02774	0.02443	0.04815	0.04876	0.00771	0.00591	0.01097	0.00907	0.01608	0.15835	0.04111	0.03095	0.00641	0.02540	0.01898	0.02813	0.00428	0.01586	0.17525
3	0.05463	0.02146	0.11806	0.02929	0.03541	0.02399	0.07684	0.01310	0.00953	0.11957	0.00962	0.03587	0.00768	0.00522	0.02323	0.01794	0.03188	0.00364	0.00282	0.36022
4	0.00526	0.00442	0.00456	0.00464	0.00602	0.00373	0.00344	0.00637	0.01000	0.01202	0.06205	0.10637	0.73336	0.01135	0.00525	0.00151	0.00226	0.00955	0.00412	0.00373
5	0.00878	0.00755	0.01053	0.00936	0.00975	0.00985	0.00753	0.04931	0.00742	0.01095	0.00809	0.01269	0.00776	0.03254	0.23279	0.12451	0.43997	0.00415	0.00219	0.00428
6	0.01022	0.08520	0.30822	0.07250	0.18001	0.01125	0.20690	0.04810	0.01018	0.01423	0.00821	0.01032	0.00626	0.00406	0.00439	0.00137	0.00623	0.00388	0.00214	0.00634
7	0.03262	0.01133	0.01275	0.00995	0.01317	0.01248	0.03785	0.63667	0.05858	0.02512	0.03894	0.01205	0.00910	0.00696	0.04641	0.01557	0.00510	0.00422	0.00418	0.00698
8	0.00522	0.00447	0.00447	0.00447	0.00597	0.00373	0.00336	0.00634	0.01007	0.01193	0.04474	0.04250	0.81544	0.01119	0.00522	0.00149	0.00224	0.00932	0.00410	0.00373
9	0.04165	0.01609	0.40864	0.14936	0.12732	0.01041	0.03233	0.08603	0.02790	0.04646	0.00876	0.01042	0.00638	0.00437	0.00426	0.00139	0.00583	0.00363	0.00239	0.00638
10	0.01372	0.03883	0.05522	0.04954	0.08995	0.06165	0.00803	0.06714	0.05051	0.30226	0.05513	0.04162	0.04232	0.00689	0.02573	0.03010	0.04661	0.00471	0.00384	0.00619
11	0.00566	0.00406	0.00533	0.00617	0.00659	0.00382	0.00430	0.00662	0.00886	0.01178	0.07643	0.63096	0.06292	0.05737	0.00653	0.00191	0.00276	0.09022	0.00407	0.00363
12	0.01181	0.84744	0.02314	0.00756	0.01134	0.01748	0.00756	0.01323	0.00897	0.01039	0.00614	0.00708	0.00567	0.00378	0.00283	0.00094	0.00472	0.00236	0.00189	0.00567
13	0.00990	0.06169	0.08461	0.20317	0.30392	0.01074	0.01146	0.05209	0.00964	0.01329	0.00994	0.01283	0.04964	0.03270	0.00624	0.00152	0.11435	0.00414	0.00229	0.00583
14	0.02891	0.00937	0.14576	0.01096	0.08283	0.00712	0.08158	0.01194	0.02627	0.09821	0.03324	0.12580	0.04869	0.00924	0.03692	0.00185	0.00484	0.22775	0.00345	0.00527
15	0.51959	0.00846	0.00810	0.00680	0.00969	0.00915	0.00557	0.07093	0.05251	0.22576	0.03824	0.01083	0.00830	0.00481	0.00347	0.00137	0.00356	0.00336	0.00372	0.00577
16	0.00684	0.00494	0.00676	0.00770	0.00869	0.00487	0.00660	0.00871	0.01003	0.01297	0.02516	0.10746	0.08873	0.01224	0.00600	0.00197	0.00381	0.66845	0.00407	0.00400
17	0.05991	0.31492	0.08209	0.01121	0.10097	0.06102	0.07361	0.06299	0.01039	0.07763	0.03258	0.03353	0.00837	0.00604	0.04558	0.00151	0.00542	0.00371	0.00263	0.00590
18	0.01141	0.00596	0.00737	0.00654	0.00855	0.00543	0.00504	0.04052	0.04182	0.31557	0.02648	0.19264	0.25293	0.02984	0.02735	0.00172	0.00332	0.00761	0.00456	0.00536
19	0.00586	0.00451	0.00479	0.00478	0.00618	0.00384	0.00356	0.00706	0.01013	0.03845	0.08591	0.10931	0.65001	0.01091	0.00516	0.00149	0.00230	0.00919	0.03268	0.00388
20	0.01132	0.01717	0.45189	0.04828	0.08556	0.01073	0.01307	0.16163	0.07822	0.06523	0.00986	0.01074	0.00706	0.00461	0.00430	0.00139	0.00566	0.00370	0.00281	0.00678
21	0.02653	0.04314	0.02467	0.03116	0.06317	0.07196	0.10476	0.17648	0.24464	0.02739	0.01366	0.07655	0.02918	0.00665	0.02758	0.00158	0.01607	0.00504	0.00354	0.00624
22	0.34479	0.00699	0.00776	0.00802	0.06197	0.00731	0.02585	0.01105	0.03947	0.03203	0.01413	0.27897	0.01474	0.00777	0.00420	0.00150	0.00341	0.05650	0.00332	0.07024

[dist]
# distance from previous block
# <min> <max>
0	11

[block]
# block no. 9 follows, 59 sequences, length 33
# corresponding to MSA columns:
# 769-801
name=unknown_J
#
# <colnr> <probs for GDERKNQSTAVLIFYWHMCP>
#	G	D	E	R	K	N	Q	S	T	A	V	L	I	F	Y	W	H	M	C	P
0	0.01345	0.32242	0.04424	0.03771	0.09504	0.11366	0.00875	0.15991	0.02979	0.08178	0.03051	0.01009	0.00774	0.00462	0.00400	0.00119	0.02265	0.00338	0.00287	0.00620
1	0.01047	0.00859	0.01056	0.02263	0.01127	0.00886	0.00687	0.09742	0.06980	0.05208	0.03442	0.01147	0.00852	0.00656	0.04920	0.00148	0.19206	0.00361	0.00297	0.39118
2	0.01195	0.15710	0.10865	0.04437	0.10859	0.02350	0.09146	0.07990	0.02791	0.14092	0.09338	0.02780	0.01978	0.00514	0.00439	0.00130	0.01520	0.00439	0.00318	0.03106
3	0.15819	0.05050	0.11735	0.05701	0.06012	0.03204	0.01748	0.15033	0.02771	0.24054	0.01139	0.02873	0.00831	0.00505	0.00409	0.00136	0.00463	0.01513	0.00361	0.00644
4	0.00659	0.00424	0.00501	0.00501	0.00503	0.00426	0.00292	0.00638	0.00635	0.00849	0.01302	0.02649	0.01479	0.70984	0.04542	0.12052	0.00444	0.00603	0.00257	0.00261
5	0.06136	0.00885	0.01105	0.05753	0.13358	0.03781	0.01991	0.15066	0.11183	0.06462	0.01393	0.11726	0.04272	0.00929	0.08387	0.01989	0.04135	0.00536	0.00340	0.00574
6	0.07268	0.12347	0.18383	0.02733	0.17953	0.09927	0.08491	0.09772	0.01116	0.06746	0.00852	0.00985	0.00650	0.00428	0.00407	0.00129	0.00569	0.00352	0.00258	0.00633
7	0.00762	0.00679	0.00838	0.00793	0.00912	0.08515	0.03745	0.00970	0.04375	0.01091	0.01301	0.01734	0.04728	0.02698	0.64073	0.00579	0.01047	0.00479	0.00253	0.00426
8	0.00536	0.00393	0.00504	0.00593	0.00635	0.00361	0.00400	0.00617	0.00867	0.01136	0.02704	0.73622	0.13315	0.01349	0.00558	0.00175	0.00252	0.01213	0.00410	0.00361
9	0.02315	0.06593	0.19158	0.08803	0.26272	0.04482	0.08864	0.06369	0.01051	0.02636	0.03074	0.06568	0.00887	0.00493	0.00439	0.00137	0.00554	0.00443	0.00248	0.00616
10	0.03525	0.06813	0.17148	0.09914	0.29490	0.01929	0.03646	0.01306	0.04350	0.03829	0.01267	0.06249	0.07590	0.00536	0.00437	0.00138	0.00504	0.00470	0.00257	0.00602
11	0.00923	0.00751	0.00872	0.00806	0.00980	0.00863	0.00622	0.05639	0.41541	0.01521	0.01504	0.01737	0.01245	0.07465	0.31075	0.00376	0.00671	0.00494	0.00357	0.00559
12	0.33190	0.08892	0.05094	0.03641	0.14526	0.04122	0.06809	0.06773	0.00943	0.01628	0.00714	0.00893	0.00578	0.00454	0.00482	0.00139	0.09990	0.00324	0.00247	0.00561
13	0.01650	0.02105	0.01252	0.01138	0.01365	0.82705	0.00853	0.01764	0.01252	0.01081	0.00683	0.00796	0.00569	0.00455	0.00398	0.00114	0.00796	0.00284	0.00228	0.00512
14	0.01099	0.00949	0.00999	0.00899	0.01148	0.01099	0.00699	0.02347	0.80925	0.01848	0.01798	0.01648	0.01348	0.00599	0.00449	0.00150	0.00350	0.00499	0.00449	0.00699
15	0.00547	0.00448	0.00482	0.00474	0.00612	0.00384	0.00355	0.00683	0.01066	0.01334	0.23269	0.04018	0.62661	0.01066	0.00522	0.00147	0.00220	0.00900	0.00429	0.00384
16	0.00823	0.00412	0.00412	0.00412	0.00515	0.00412	0.00309	0.01029	0.00926	0.01647	0.01441	0.01647	0.01132	0.00515	0.00309	0.00103	0.00206	0.00412	0.86930	0.00412
