[name]
unknown

[dist]
# distance from previous block
# <min> <max>
0	212

[block]
# block no. 0 follows, 61 sequences, length 35
# corresponding to MSA columns:
# 213-227,229,231-249
name=unknown_A
#
# <colnr> <probs for GDERKNQSTAVLIFYWHMCP>
#	G	D	E	R	K	N	Q	S	T	A	V	L	I	F	Y	W	H	M	C	P
0	0.00892	0.00785	0.03701	0.11302	0.07047	0.04846	0.02601	0.05007	0.04114	0.05294	0.01309	0.13931	0.01279	0.08134	0.16122	0.00276	0.06890	0.05705	0.00291	0.00475
1	0.00979	0.00932	0.08087	0.11407	0.06857	0.00864	0.09926	0.16122	0.05254	0.03415	0.03252	0.07497	0.08637	0.02483	0.00516	0.00155	0.00466	0.12273	0.00331	0.00544
2	0.01024	0.00553	0.00709	0.00614	0.00791	0.00509	0.00478	0.03444	0.03028	0.24442	0.47309	0.02608	0.06826	0.01903	0.00498	0.00138	0.00263	0.00655	0.03697	0.00509
3	0.01147	0.01051	0.06411	0.01002	0.04745	0.01104	0.00799	0.12963	0.56241	0.03486	0.01492	0.01425	0.01116	0.00562	0.00480	0.00144	0.04302	0.00452	0.00401	0.00677
4	0.05754	0.00552	0.00628	0.00565	0.00730	0.00551	0.00439	0.01297	0.10578	0.14892	0.23743	0.01980	0.01907	0.00616	0.00394	0.00123	0.00252	0.00512	0.33993	0.00494
5	0.00910	0.00786	0.01027	0.12531	0.03290	0.00853	0.07298	0.06950	0.30303	0.01563	0.07009	0.03726	0.16080	0.02012	0.00485	0.00147	0.00382	0.00575	0.03524	0.00549
6	0.01723	0.00734	0.00952	0.00753	0.01055	0.00674	0.00614	0.03684	0.09923	0.64525	0.03870	0.01529	0.01171	0.00546	0.00427	0.00132	0.00351	0.00445	0.06192	0.00697
7	0.00893	0.00766	0.00893	0.00638	0.01021	0.00574	0.00510	0.01085	0.00893	0.01404	0.00766	0.00893	0.00638	0.00319	0.00319	0.00064	0.00319	0.00255	0.00255	0.87495
8	0.00654	0.00504	0.00606	0.00573	0.00701	0.00487	0.00436	0.00972	0.11571	0.01624	0.55440	0.03220	0.17650	0.00888	0.00502	0.00140	0.00229	0.02915	0.00454	0.00434
9	0.01609	0.02053	0.01221	0.01110	0.01332	0.83132	0.00832	0.01720	0.01221	0.01054	0.00666	0.00777	0.00555	0.00444	0.00388	0.00111	0.00777	0.00277	0.00222	0.00499
10	0.00510	0.00433	0.00439	0.00444	0.00584	0.00363	0.00331	0.00617	0.00974	0.01161	0.04271	0.07907	0.78299	0.01103	0.00511	0.00147	0.00220	0.00924	0.00400	0.00363
11	0.01933	0.00733	0.01000	0.00766	0.01100	0.00633	0.00633	0.02099	0.01233	0.82473	0.01699	0.01466	0.01066	0.00533	0.00433	0.00133	0.00367	0.00433	0.00533	0.00733
12	0.00607	0.00442	0.00561	0.00558	0.00649	0.00415	0.00408	0.00813	0.03932	0.01559	0.55414	0.21290	0.07497	0.00975	0.00509	0.00144	0.00219	0.00865	0.02742	0.00401
13	0.00538	0.00431	0.00480	0.00481	0.00603	0.00374	0.00356	0.00669	0.01030	0.01309	0.25021	0.11988	0.53085	0.01060	0.00513	0.00146	0.00217	0.00906	0.00420	0.00374
14	0.01066	0.01023	0.01748	0.02644	0.82174	0.01023	0.01322	0.01322	0.00981	0.01407	0.00810	0.01066	0.00682	0.00384	0.00426	0.00128	0.00512	0.00384	0.00213	0.00682
15	0.00615	0.00462	0.00692	0.00692	0.00769	0.00538	0.00538	0.00769	0.00692	0.01000	0.01154	0.01692	0.01077	0.03231	0.83154	0.00692	0.01154	0.00462	0.00231	0.00385
16	0.00748	0.00374	0.00561	0.00561	0.00561	0.00374	0.00374	0.00561	0.00561	0.00748	0.00748	0.01309	0.00748	0.01496	0.01684	0.87467	0.00374	0.00374	0.00187	0.00187
17	0.87904	0.00833	0.00633	0.00566	0.00833	0.00966	0.00467	0.01266	0.00733	0.01933	0.00600	0.00700	0.00467	0.00400	0.00267	0.00133	0.00333	0.00233	0.00267	0.00467
18	0.01066	0.01023	0.01748	0.02644	0.82174	0.01023	0.01322	0.01322	0.00981	0.01407	0.00810	0.01066	0.00682	0.00384	0.00426	0.00128	0.00512	0.00384	0.00213	0.00682
19	0.06549	0.00797	0.01281	0.64751	0.09341	0.00954	0.02534	0.03350	0.00897	0.01231	0.00826	0.04139	0.00665	0.00459	0.00425	0.00142	0.00541	0.00406	0.00213	0.00499
20	0.01205	0.67837	0.02018	0.00785	0.01119	0.11120	0.00739	0.04118	0.00953	0.01100	0.00651	0.00751	0.00580	0.00395	0.00317	0.00098	0.02061	0.00250	0.03359	0.00546
21	0.00978	0.11530	0.52107	0.01120	0.04421	0.01044	0.01264	0.01477	0.10283	0.05697	0.03402	0.01070	0.00778	0.00443	0.00400	0.00130	0.00542	0.00349	0.00242	0.02723
22	0.02415	0.10501	0.14593	0.07933	0.15302	0.03541	0.04413	0.03940	0.09321	0.08092	0.06852	0.08987	0.01168	0.00554	0.00426	0.00134	0.00469	0.00477	0.00297	0.00586
23	0.00643	0.00668	0.07441	0.02202	0.00861	0.05851	0.02790	0.00767	0.00864	0.01126	0.02059	0.68322	0.02405	0.01168	0.00524	0.00166	0.00336	0.01052	0.00361	0.00392
24	0.00797	0.00834	0.00656	0.00638	0.00795	0.20487	0.00487	0.00917	0.01046	0.01165	0.05671	0.04682	0.51277	0.00940	0.00488	0.00142	0.00370	0.07850	0.00359	0.00401
25	0.00541	0.00396	0.00518	0.00601	0.00642	0.00378	0.00410	0.00647	0.02490	0.01112	0.02415	0.72047	0.08013	0.01439	0.05949	0.00206	0.00309	0.01138	0.00390	0.00360
26	0.00937	0.00764	0.00898	0.00643	0.01024	0.00577	0.00516	0.01127	0.00907	0.04793	0.00805	0.00917	0.00656	0.00328	0.00324	0.00067	0.00321	0.00263	0.00267	0.83868
27	0.00780	0.00607	0.00683	0.00657	0.00804	0.00626	0.00491	0.06364	0.22831	0.02737	0.13733	0.25374	0.19273	0.00940	0.00491	0.00150	0.00277	0.00814	0.01886	0.00482
28	0.01574	0.01979	0.01205	0.01094	0.01318	0.77764	0.00822	0.01757	0.06466	0.01103	0.00737	0.00831	0.00605	0.00453	0.00392	0.00113	0.00748	0.00291	0.00236	0.00511
29	0.03203	0.37426	0.01680	0.00860	0.01213	0.01453	0.00765	0.41063	0.01458	0.04233	0.00851	0.00889	0.00657	0.00447	0.00359	0.00112	0.00459	0.00315	0.00321	0.02233
30	0.01637	0.01207	0.01293	0.00991	0.01336	0.01336	0.00819	0.80738	0.02025	0.02715	0.01034	0.01034	0.00733	0.00517	0.00431	0.00129	0.00474	0.00388	0.00431	0.00733
31	0.00527	0.00407	0.00472	0.00517	0.00597	0.00362	0.00359	0.00617	0.00898	0.01135	0.05998	0.40894	0.38368	0.06026	0.00625	0.00174	0.00244	0.01033	0.00395	0.00353
32	0.01637	0.01207	0.01293	0.00991	0.01336	0.01336	0.00819	0.80738	0.02025	0.02715	0.01034	0.01034	0.00733	0.00517	0.00431	0.00129	0.00474	0.00388	0.00431	0.00733
33	0.05129	0.00480	0.00602	0.00579	0.00702	0.00449	0.00441	0.00910	0.01109	0.08660	0.48642	0.14228	0.09439	0.00927	0.00501	0.00145	0.00244	0.05939	0.00448	0.00426
34	0.01129	0.00994	0.01004	0.00894	0.01142	0.04924	0.00697	0.06772	0.73084	0.01819	0.01661	0.01535	0.01246	0.00574	0.00436	0.00143	0.00369	0.00472	0.00428	0.00676

[dist]
# distance from previous block
# <min> <max>
0	2

[block]
# block no. 1 follows, 61 sequences, length 13
# corresponding to MSA columns:
# 252-264
name=unknown_B
#
# <colnr> <probs for GDERKNQSTAVLIFYWHMCP>
#	G	D	E	R	K	N	Q	S	T	A	V	L	I	F	Y	W	H	M	C	P
0	0.00932	0.00916	0.01605	0.01246	0.03005	0.00889	0.37154	0.04015	0.14792	0.01475	0.05788	0.05048	0.08346	0.00631	0.02604	0.00154	0.00523	0.02703	0.00308	0.07865
1	0.04137	0.44027	0.04596	0.03210	0.01241	0.13748	0.01953	0.06310	0.02660	0.11115	0.00807	0.00872	0.00641	0.00427	0.00366	0.00111	0.02653	0.00292	0.00256	0.00577
2	0.00965	0.18284	0.12183	0.05561	0.01475	0.01204	0.15360	0.03424	0.00876	0.01207	0.03448	0.01153	0.02666	0.02648	0.02626	0.00164	0.25616	0.00398	0.00216	0.00525
3	0.00567	0.00406	0.00547	0.00635	0.00682	0.00385	0.00461	0.00679	0.00893	0.01193	0.09193	0.61101	0.02877	0.01276	0.00556	0.00176	0.00276	0.17328	0.00406	0.00364
4	0.08345	0.00676	0.00919	0.23218	0.07544	0.00765	0.02882	0.02977	0.05205	0.01435	0.01074	0.01393	0.00873	0.06263	0.00537	0.00147	0.04017	0.00402	0.30860	0.00470
5	0.01424	0.00863	0.00999	0.00833	0.01114	0.00910	0.00666	0.10511	0.40079	0.31257	0.05342	0.01569	0.01289	0.00572	0.00439	0.00139	0.00358	0.00470	0.00474	0.00693
6	0.00983	0.04834	0.05707	0.05208	0.34181	0.00999	0.00994	0.01499	0.24011	0.01455	0.03925	0.08423	0.01140	0.00560	0.00478	0.00140	0.04060	0.00488	0.00298	0.00618
7	0.01071	0.00925	0.00974	0.00877	0.01120	0.01071	0.00682	0.02289	0.81396	0.01802	0.01753	0.01607	0.01315	0.00584	0.00438	0.00146	0.00341	0.00487	0.00438	0.00682
8	0.01141	0.00945	0.03754	0.07604	0.01299	0.01022	0.00758	0.06685	0.58505	0.08703	0.01608	0.01588	0.01205	0.00574	0.00440	0.00145	0.00381	0.02563	0.00416	0.00664
9	0.00952	0.00544	0.00682	0.00610	0.00787	0.00494	0.00483	0.04089	0.01177	0.21160	0.34053	0.03074	0.21720	0.00860	0.00495	0.00143	0.00273	0.07457	0.00462	0.00487
10	0.01226	0.00802	0.01010	0.12532	0.02894	0.00862	0.00728	0.15887	0.15887	0.19678	0.08216	0.01823	0.01348	0.07844	0.00621	0.00166	0.02165	0.05320	0.00399	0.00592
11	0.00981	0.00587	0.00702	0.03328	0.00874	0.00576	0.00509	0.01323	0.14647	0.18490	0.11738	0.07442	0.18116	0.00773	0.00454	0.00140	0.00289	0.04854	0.13667	0.00511
12	0.10180	0.06239	0.01240	0.02674	0.08165	0.01158	0.00782	0.44561	0.01538	0.07378	0.07017	0.01180	0.00957	0.00519	0.00440	0.00130	0.03152	0.00394	0.01648	0.00647

[dist]
# distance from previous block
# <min> <max>
3	33

[block]
# block no. 2 follows, 61 sequences, length 14
# corresponding to MSA columns:
# 300-313
name=unknown_C
#
# <colnr> <probs for GDERKNQSTAVLIFYWHMCP>
#	G	D	E	R	K	N	Q	S	T	A	V	L	I	F	Y	W	H	M	C	P
0	0.05986	0.03973	0.26956	0.07256	0.21041	0.03161	0.11818	0.05415	0.03682	0.03926	0.00847	0.01022	0.00642	0.00419	0.00436	0.00135	0.02065	0.00369	0.00233	0.00620
1	0.01205	0.70283	0.02081	0.00798	0.01137	0.08449	0.00758	0.05341	0.00953	0.01104	0.00625	0.00726	0.00563	0.00399	0.00343	0.00100	0.04131	0.00249	0.00200	0.00554
2	0.01057	0.00960	0.03799	0.27313	0.07771	0.03356	0.09651	0.16667	0.08405	0.03377	0.03413	0.05541	0.03404	0.00534	0.00445	0.00139	0.00501	0.00473	0.02624	0.00569
3	0.00570	0.00420	0.00524	0.00569	0.00640	0.00389	0.00412	0.00685	0.00932	0.01229	0.17631	0.34663	0.18513	0.09597	0.00705	0.00189	0.00271	0.11301	0.00399	0.00360
4	0.00770	0.00562	0.04251	0.03041	0.04887	0.00522	0.00532	0.03007	0.04435	0.01085	0.08584	0.05391	0.04251	0.03137	0.05852	0.45558	0.00412	0.00485	0.02906	0.00331
5	0.00528	0.00387	0.00496	0.00575	0.00620	0.00355	0.00390	0.00614	0.00868	0.01144	0.07181	0.69144	0.13540	0.01288	0.00542	0.00169	0.00243	0.01157	0.00404	0.00355
6	0.01609	0.02053	0.01221	0.01110	0.01332	0.83132	0.00832	0.01720	0.01221	0.01054	0.00666	0.00777	0.00555	0.00444	0.00388	0.00111	0.00777	0.00277	0.00222	0.00499
7	0.71192	0.06863	0.00843	0.00697	0.03937	0.04145	0.00548	0.05034	0.00832	0.01852	0.00631	0.00732	0.00497	0.00404	0.00286	0.00129	0.00372	0.00248	0.00265	0.00494
8	0.00997	0.01123	0.15043	0.08566	0.34623	0.00941	0.05225	0.07073	0.02671	0.03799	0.04206	0.07626	0.03446	0.00531	0.00464	0.00138	0.02177	0.00478	0.00266	0.00608
9	0.00968	0.01606	0.43380	0.01119	0.02986	0.05071	0.07577	0.07447	0.01007	0.02871	0.02541	0.06154	0.00814	0.00538	0.00493	0.05113	0.00553	0.00402	0.00240	0.09120
10	0.04159	0.04199	0.24782	0.01106	0.01478	0.00881	0.22045	0.05377	0.01026	0.01455	0.10889	0.05873	0.10666	0.00591	0.00471	0.00140	0.01825	0.00538	0.01963	0.00537
11	0.02769	0.38866	0.06807	0.00816	0.01162	0.03323	0.00762	0.23793	0.01235	0.02869	0.04928	0.01000	0.00820	0.00449	0.00349	0.00109	0.00447	0.00323	0.04704	0.04473
12	0.06137	0.00456	0.00509	0.00514	0.00625	0.00420	0.00371	0.00737	0.00952	0.03719	0.17980	0.21711	0.34737	0.08410	0.00648	0.00173	0.00252	0.00874	0.00397	0.00377
13	0.04038	0.11533	0.05968	0.01009	0.05022	0.07031	0.04649	0.29170	0.07605	0.06344	0.04617	0.06292	0.01053	0.01803	0.00446	0.00135	0.00469	0.01853	0.00349	0.00616

[dist]
# distance from previous block
# <min> <max>
0	4

[block]
# block no. 3 follows, 61 sequences, length 16
# corresponding to MSA columns:
# 318-333
name=unknown_D
#
# <colnr> <probs for GDERKNQSTAVLIFYWHMCP>
#	G	D	E	R	K	N	Q	S	T	A	V	L	I	F	Y	W	H	M	C	P
0	0.11363	0.00909	0.03244	0.03982	0.18386	0.00852	0.00783	0.13494	0.01121	0.12617	0.02319	0.01207	0.04667	0.00453	0.00387	0.00115	0.00402	0.00370	0.00318	0.23011
1	0.04810	0.00744	0.01197	0.73692	0.02688	0.00913	0.01097	0.01072	0.00864	0.01144	0.01029	0.01354	0.06712	0.00479	0.00429	0.00143	0.00536	0.00416	0.00211	0.00469
2	0.00646	0.00493	0.00613	0.00628	0.00705	0.00498	0.01800	0.00875	0.11457	0.01145	0.02073	0.35979	0.08732	0.20727	0.07407	0.00264	0.00384	0.03548	0.00354	0.01672
3	0.01081	0.01028	0.01816	0.03097	0.07557	0.02864	0.40705	0.07474	0.10171	0.05897	0.01166	0.08737	0.00981	0.00530	0.00517	0.00146	0.03433	0.01917	0.00294	0.00588
4	0.01282	0.01076	0.01061	0.14837	0.04532	0.21082	0.00772	0.08972	0.06500	0.17191	0.08101	0.01634	0.09951	0.00580	0.00436	0.00131	0.00487	0.00464	0.00351	0.00560
5	0.00758	0.00404	0.00430	0.00434	0.00528	0.00398	0.00321	0.00950	0.00936	0.01583	0.11353	0.08063	0.01599	0.00612	0.00345	0.00110	0.00205	0.00510	0.70062	0.00398
6	0.00561	0.00402	0.00483	0.00528	0.00566	0.00377	0.00342	0.00621	0.00798	0.01046	0.05669	0.40982	0.14570	0.29770	0.01102	0.00252	0.00300	0.00954	0.00356	0.00324
7	0.02049	0.08104	0.08731	0.31622	0.11677	0.04531	0.05208	0.07612	0.02161	0.04475	0.01151	0.02398	0.07478	0.00495	0.00424	0.00134	0.00523	0.00423	0.00252	0.00552
8	0.00950	0.04429	0.63754	0.01297	0.09262	0.02560	0.01435	0.03308	0.00962	0.04155	0.00921	0.01040	0.03164	0.00435	0.00411	0.00134	0.00596	0.00345	0.00211	0.00633
9	0.00701	0.00478	0.00580	0.00585	0.00704	0.00444	0.00436	0.00898	0.06156	0.08202	0.17261	0.28950	0.25996	0.01061	0.00516	0.00155	0.00257	0.05774	0.00427	0.00421
10	0.00935	0.00803	0.01346	0.57637	0.15039	0.00932	0.03309	0.01198	0.00906	0.07293	0.00902	0.04320	0.00716	0.00471	0.00459	0.00143	0.02412	0.00422	0.00229	0.00527
11	0.04474	0.00963	0.04038	0.28128	0.19065	0.00985	0.10391	0.11459	0.01102	0.12727	0.00953	0.01143	0.00696	0.00437	0.00431	0.00136	0.00525	0.00398	0.01345	0.00605
12	0.00709	0.00554	0.00822	0.27143	0.01422	0.00615	0.00696	0.00855	0.00853	0.04510	0.01832	0.39486	0.07657	0.00970	0.00584	0.02461	0.05071	0.03027	0.00321	0.00412
13	0.03586	0.00786	0.01174	0.34962	0.04309	0.00834	0.03907	0.06676	0.01086	0.31130	0.01303	0.01390	0.04535	0.00501	0.00432	0.00138	0.00466	0.00427	0.01767	0.00592
14	0.09694	0.00938	0.01392	0.19334	0.19225	0.03613	0.11653	0.09511	0.02546	0.09199	0.03528	0.04032	0.00871	0.00477	0.00427	0.00136	0.00500	0.00431	0.01911	0.00582
15	0.04790	0.09131	0.14842	0.08660	0.21449	0.03423	0.03132	0.05007	0.01032	0.14125	0.02070	0.02609	0.04959	0.00479	0.00410	0.00129	0.00487	0.00403	0.00283	0.02579

[dist]
# distance from previous block
# <min> <max>
0	24

[block]
# block no. 4 follows, 61 sequences, length 29
# corresponding to MSA columns:
# 358-386
name=unknown_E
#
# <colnr> <probs for GDERKNQSTAVLIFYWHMCP>
#	G	D	E	R	K	N	Q	S	T	A	V	L	I	F	Y	W	H	M	C	P
0	0.04561	0.06617	0.07982	0.02416	0.13367	0.10881	0.06322	0.17844	0.11652	0.02754	0.01031	0.02569	0.00854	0.08589	0.00585	0.00157	0.00514	0.00410	0.00298	0.00595
1	0.02499	0.01685	0.00908	0.00852	0.04750	0.01659	0.07743	0.07265	0.00874	0.01218	0.01291	0.19635	0.01328	0.05423	0.14034	0.17840	0.01567	0.02622	0.03490	0.03319
2	0.02774	0.00912	0.01264	0.02633	0.30815	0.04382	0.00908	0.03506	0.00924	0.05463	0.00873	0.01141	0.00739	0.03394	0.03210	0.00157	0.17291	0.00373	0.07291	0.11950
3	0.00579	0.00415	0.00517	0.00537	0.00602	0.00389	0.00372	0.00697	0.00948	0.01296	0.30403	0.29315	0.11727	0.14820	0.02850	0.00208	0.00279	0.00893	0.02797	0.00359
4	0.00935	0.00959	0.06702	0.09944	0.09044	0.01105	0.02518	0.02239	0.00816	0.02680	0.06166	0.01177	0.00853	0.00642	0.00979	0.00164	0.47297	0.00406	0.04869	0.00506
5	0.00546	0.00438	0.00488	0.00475	0.00605	0.00379	0.00357	0.00690	0.01070	0.01372	0.33085	0.03802	0.53148	0.01013	0.00509	0.00142	0.00213	0.00861	0.00427	0.00379
6	0.01000	0.01811	0.04847	0.02328	0.00968	0.00599	0.07499	0.02320	0.03451	0.17041	0.24940	0.01986	0.03021	0.00664	0.02067	0.00137	0.00338	0.00531	0.23941	0.00509
7	0.01620	0.01198	0.01283	0.00988	0.01329	0.01328	0.00815	0.78347	0.04445	0.02687	0.01056	0.01052	0.00750	0.00519	0.00431	0.00130	0.00470	0.00391	0.00431	0.00731
8	0.00820	0.01561	0.48517	0.02628	0.06423	0.00866	0.01204	0.01251	0.05525	0.01393	0.12668	0.01428	0.02360	0.00801	0.09238	0.00196	0.01874	0.00425	0.00249	0.00572
9	0.01549	0.01868	0.01212	0.01109	0.02859	0.68175	0.00826	0.07073	0.08982	0.01244	0.00798	0.00879	0.00642	0.00461	0.00397	0.00116	0.00709	0.00307	0.00257	0.00536
10	0.01538	0.01895	0.01176	0.01069	0.01284	0.73162	0.00803	0.05907	0.01238	0.01147	0.00800	0.06418	0.00718	0.00509	0.00402	0.00116	0.00725	0.00347	0.00245	0.00502
11	0.00626	0.00418	0.00470	0.00470	0.00470	0.00418	0.00261	0.00626	0.00626	0.00835	0.01357	0.02819	0.01566	0.84862	0.02192	0.00418	0.00418	0.00626	0.00261	0.00261
12	0.00893	0.00766	0.00893	0.00638	0.01021	0.00574	0.00510	0.01085	0.00893	0.01404	0.00766	0.00893	0.00638	0.00319	0.00319	0.00064	0.00319	0.00255	0.00255	0.87495
13	0.00989	0.00846	0.00900	0.00815	0.01038	0.00960	0.00632	0.02035	0.68285	0.01752	0.09675	0.01932	0.06965	0.00647	0.00450	0.00145	0.00319	0.00543	0.00439	0.00634
14	0.04168	0.00900	0.06499	0.00889	0.04253	0.00762	0.00740	0.10934	0.01278	0.62691	0.01498	0.01344	0.00962	0.00514	0.00426	0.00133	0.00401	0.00413	0.00479	0.00717
15	0.01933	0.00733	0.01000	0.00766	0.01100	0.00633	0.00633	0.02099	0.01233	0.82473	0.01699	0.01466	0.01066	0.00533	0.00433	0.00133	0.00367	0.00433	0.00533	0.00733
16	0.87904	0.00833	0.00633	0.00566	0.00833	0.00966	0.00467	0.01266	0.00733	0.01933	0.00600	0.00700	0.00467	0.00400	0.00267	0.00133	0.00333	0.00233	0.00267	0.00467
17	0.00525	0.00375	0.00500	0.00600	0.00625	0.00350	0.00400	0.00600	0.00825	0.01100	0.02374	0.84580	0.02849	0.01350	0.00550	0.00175	0.00250	0.01225	0.00400	0.00350
18	0.01933	0.00733	0.01000	0.00766	0.01100	0.00633	0.00633	0.02099	0.01233	0.82473	0.01699	0.01466	0.01066	0.00533	0.00433	0.00133	0.00367	0.00433	0.00533	0.00733
19	0.01637	0.01207	0.01293	0.00991	0.01336	0.01336	0.00819	0.80738	0.02025	0.02715	0.01034	0.01034	0.00733	0.00517	0.00431	0.00129	0.00474	0.00388	0.00431	0.00733
20	0.01637	0.01207	0.01293	0.00991	0.01336	0.01336	0.00819	0.80738	0.02025	0.02715	0.01034	0.01034	0.00733	0.00517	0.00431	0.00129	0.00474	0.00388	0.00431	0.00733
21	0.01913	0.00765	0.01019	0.00781	0.01115	0.00680	0.00646	0.07379	0.01286	0.77118	0.01655	0.01437	0.01044	0.00532	0.00433	0.00133	0.00374	0.00430	0.00526	0.00733
22	0.01855	0.00858	0.01077	0.00826	0.01162	0.00819	0.00682	0.22876	0.01442	0.61400	0.01524	0.01352	0.00978	0.00529	0.00433	0.00132	0.00395	0.00421	0.00506	0.00733
23	0.87904	0.00833	0.00633	0.00566	0.00833	0.00966	0.00467	0.01266	0.00733	0.01933	0.00600	0.00700	0.00467	0.00400	0.00267	0.00133	0.00333	0.00233	0.00267	0.00467
24	0.00630	0.00449	0.00576	0.00579	0.00619	0.00482	0.00393	0.00736	0.03373	0.00950	0.01358	0.07771	0.01451	0.44427	0.33819	0.00500	0.00693	0.00597	0.00264	0.00330
25	0.01933	0.00733	0.01000	0.00766	0.01100	0.00633	0.00633	0.02099	0.01233	0.82473	0.01699	0.01466	0.01066	0.00533	0.00433	0.00133	0.00367	0.00433	0.00533	0.00733
26	0.01342	0.00560	0.00687	0.00575	0.00787	0.00512	0.00459	0.01526	0.01060	0.40160	0.01545	0.01539	0.01086	0.00517	0.00364	0.00116	0.00280	0.00417	0.45909	0.00560
27	0.00532	0.00389	0.00487	0.00561	0.00603	0.00358	0.00375	0.00605	0.00832	0.01086	0.02605	0.63846	0.15658	0.09067	0.00696	0.00193	0.00260	0.01117	0.00387	0.00344
28	0.03155	0.00557	0.00710	0.00620	0.00796	0.00521	0.00483	0.01249	0.06372	0.22670	0.52362	0.02616	0.04603	0.00764	0.00478	0.00136	0.00258	0.00660	0.00480	0.00510

[dist]
# distance from previous block
# <min> <max>
9	48

[block]
# block no. 5 follows, 61 sequences, length 9
# corresponding to MSA columns:
# 469-477
name=unknown_F
#
# <colnr> <probs for GDERKNQSTAVLIFYWHMCP>
#	G	D	E	R	K	N	Q	S	T	A	V	L	I	F	Y	W	H	M	C	P
0	0.31549	0.05454	0.04474	0.02076	0.01106	0.03741	0.00676	0.21808	0.13680	0.03380	0.02738	0.01217	0.04117	0.00512	0.00372	0.00133	0.00403	0.01643	0.00341	0.00580
1	0.01058	0.37858	0.19943	0.02855	0.11665	0.03228	0.10356	0.01361	0.04014	0.01217	0.00745	0.00893	0.00609	0.00398	0.00386	0.00118	0.02185	0.00319	0.00202	0.00592
2	0.00644	0.00454	0.00578	0.00600	0.00688	0.00437	0.00443	0.00759	0.00923	0.05870	0.11281	0.36945	0.22749	0.01290	0.06560	0.00200	0.03732	0.05061	0.00395	0.00391
3	0.01440	0.01174	0.01334	0.01040	0.01364	0.05935	0.09127	0.53994	0.11422	0.02284	0.01266	0.01273	0.05241	0.00536	0.00442	0.00133	0.00488	0.00435	0.00396	0.00677
4	0.05439	0.04712	0.06540	0.17270	0.04786	0.00898	0.02500	0.11958	0.03576	0.11407	0.04788	0.05610	0.04364	0.09395	0.00662	0.00169	0.04591	0.00482	0.00316	0.00537
5	0.00593	0.00479	0.00534	0.00532	0.00659	0.00445	0.00393	0.00834	0.09426	0.01346	0.21064	0.16360	0.43705	0.01032	0.00508	0.00148	0.00233	0.00886	0.00421	0.00404
6	0.01762	0.00736	0.00962	0.00748	0.01063	0.00656	0.00615	0.07650	0.01264	0.68176	0.01930	0.01715	0.09513	0.00590	0.00441	0.00134	0.00359	0.00480	0.00512	0.00694
7	0.00813	0.00766	0.01292	0.83826	0.02967	0.00957	0.01196	0.01101	0.00861	0.01101	0.00766	0.01148	0.00574	0.00431	0.00431	0.00144	0.00574	0.00383	0.00191	0.00479
8	0.00869	0.00878	0.01694	0.14488	0.04165	0.00866	0.39924	0.03030	0.00994	0.01322	0.03669	0.11141	0.07541	0.00626	0.00503	0.00151	0.00556	0.06798	0.00275	0.00509

[dist]
# distance from previous block
# <min> <max>
0	23

[block]
# block no. 6 follows, 61 sequences, length 22
# corresponding to MSA columns:
# 501-522
name=unknown_G
#
# <colnr> <probs for GDERKNQSTAVLIFYWHMCP>
#	G	D	E	R	K	N	Q	S	T	A	V	L	I	F	Y	W	H	M	C	P
0	0.87904	0.00833	0.00633	0.00566	0.00833	0.00966	0.00467	0.01266	0.00733	0.01933	0.00600	0.00700	0.00467	0.00400	0.00267	0.00133	0.00333	0.00233	0.00267	0.00467
1	0.01637	0.01207	0.01293	0.00991	0.01336	0.01336	0.00819	0.80738	0.02025	0.02715	0.01034	0.01034	0.00733	0.00517	0.00431	0.00129	0.00474	0.00388	0.00431	0.00733
2	0.87904	0.00833	0.00633	0.00566	0.00833	0.00966	0.00467	0.01266	0.00733	0.01933	0.00600	0.00700	0.00467	0.00400	0.00267	0.00133	0.00333	0.00233	0.00267	0.00467
3	0.01637	0.01207	0.01293	0.00991	0.01336	0.01336	0.00819	0.80738	0.02025	0.02715	0.01034	0.01034	0.00733	0.00517	0.00431	0.00129	0.00474	0.00388	0.00431	0.00733
4	0.01917	0.00758	0.01015	0.00778	0.01112	0.00670	0.00643	0.06262	0.01275	0.78251	0.01664	0.01443	0.01049	0.00532	0.00433	0.00133	0.00372	0.00431	0.00528	0.00733
5	0.00803	0.00401	0.00401	0.00401	0.00502	0.00401	0.00301	0.01004	0.00903	0.01606	0.01405	0.01606	0.01104	0.00502	0.00301	0.00100	0.00201	0.00401	0.87253	0.00401
6	0.00813	0.00766	0.01292	0.83826	0.02967	0.00957	0.01196	0.01101	0.00861	0.01101	0.00766	0.01148	0.00574	0.00431	0.00431	0.00144	0.00574	0.00383	0.00191	0.00479
7	0.07393	0.01182	0.01249	0.00963	0.01302	0.01311	0.00795	0.75436	0.01939	0.02663	0.01005	0.01012	0.00715	0.00509	0.00420	0.00130	0.00465	0.00378	0.00420	0.00715
8	0.00569	0.00418	0.00541	0.00607	0.00675	0.00389	0.00449	0.00692	0.00939	0.01239	0.14299	0.45050	0.14381	0.01211	0.00547	0.00170	0.00268	0.16777	0.00410	0.00370
9	0.00629	0.00456	0.00616	0.00627	0.00673	0.00501	0.00454	0.00728	0.00711	0.00998	0.01420	0.12861	0.01512	0.27386	0.37886	0.00479	0.03950	0.04973	0.02793	0.00347
10	0.76143	0.00854	0.00696	0.00601	0.00880	0.00966	0.00494	0.06741	0.00833	0.01951	0.00641	0.00736	0.00496	0.00403	0.00281	0.00128	0.00342	0.00245	0.00277	0.06291
11	0.87904	0.00833	0.00633	0.00566	0.00833	0.00966	0.00467	0.01266	0.00733	0.01933	0.00600	0.00700	0.00467	0.00400	0.00267	0.00133	0.00333	0.00233	0.00267	0.00467
12	0.00621	0.00423	0.00522	0.00528	0.00546	0.00438	0.00332	0.00653	0.00652	0.00885	0.01363	0.07884	0.01523	0.59682	0.19261	0.02950	0.00562	0.00623	0.00262	0.00291
13	0.00610	0.00440	0.00576	0.00542	0.00644	0.00406	0.00406	0.00813	0.01219	0.01727	0.81947	0.03218	0.04064	0.00881	0.00508	0.00135	0.00203	0.00779	0.00474	0.00406
14	0.02902	0.01088	0.11444	0.11027	0.12935	0.00983	0.17349	0.02852	0.00991	0.20267	0.00985	0.01144	0.00716	0.00480	0.00585	0.00145	0.12805	0.00409	0.00284	0.00610
15	0.00748	0.00374	0.00561	0.00561	0.00561	0.00374	0.00374	0.00561	0.00561	0.00748	0.00748	0.01309	0.00748	0.01496	0.01684	0.87467	0.00374	0.00374	0.00187	0.00187
16	0.00911	0.01012	0.13513	0.09708	0.06387	0.03252	0.07958	0.05369	0.04210	0.03211	0.05159	0.06399	0.04327	0.02976	0.03356	0.00174	0.09345	0.07247	0.04970	0.00516
17	0.02633	0.00817	0.03201	0.06879	0.14429	0.05084	0.03686	0.02483	0.01040	0.14904	0.04316	0.03899	0.01547	0.00762	0.00520	0.00159	0.02681	0.30079	0.00350	0.00531
18	0.72716	0.03247	0.06197	0.00656	0.00950	0.05349	0.00578	0.03602	0.00812	0.01846	0.00627	0.00727	0.00486	0.00405	0.00288	0.00131	0.00384	0.00246	0.00261	0.00490
19	0.01011	0.01368	0.28850	0.03499	0.07475	0.03062	0.05208	0.12515	0.10116	0.02764	0.03508	0.06875	0.03628	0.00574	0.00493	0.00142	0.04928	0.01805	0.01580	0.00598
20	0.01138	0.09944	0.10397	0.10324	0.14121	0.02148	0.09238	0.02633	0.00999	0.18093	0.01191	0.11076	0.01014	0.00561	0.00452	0.00137	0.02000	0.01994	0.01955	0.00585
21	0.02757	0.12654	0.17636	0.03808	0.03968	0.04442	0.06219	0.07951	0.03962	0.15461	0.03396	0.01099	0.00809	0.00445	0.00407	0.00120	0.01661	0.00358	0.00298	0.12548

[dist]
# distance from previous block
# <min> <max>
0	7

[block]
# block no. 7 follows, 61 sequences, length 50
# corresponding to MSA columns:
# 531-580
name=unknown_H
#
# <colnr> <probs for GDERKNQSTAVLIFYWHMCP>
#	G	D	E	R	K	N	Q	S	T	A	V	L	I	F	Y	W	H	M	C	P
0	0.01509	0.01138	0.01173	0.00925	0.01232	0.04715	0.00754	0.63660	0.07011	0.02465	0.01105	0.01122	0.00803	0.00517	0.00416	0.00126	0.00449	0.00391	0.09806	0.00684
1	0.00667	0.00532	0.00657	0.00730	0.07349	0.00506	0.00489	0.05933	0.02516	0.01358	0.14627	0.21222	0.33513	0.03259	0.01959	0.00166	0.00293	0.03411	0.00392	0.00421
2	0.01743	0.00684	0.00917	0.00718	0.01015	0.00597	0.00588	0.01915	0.01202	0.69823	0.06871	0.01592	0.01264	0.00553	0.00426	0.00130	0.00341	0.00453	0.08485	0.00681
3	0.00855	0.03916	0.17337	0.06991	0.14757	0.00828	0.08897	0.03989	0.02641	0.01499	0.27452	0.01798	0.01789	0.01727	0.03526	0.00159	0.00477	0.00516	0.00304	0.00540
4	0.00963	0.01183	0.10568	0.04664	0.01991	0.02121	0.54736	0.01354	0.04943	0.01399	0.05786	0.03227	0.00926	0.00435	0.00484	0.00141	0.00636	0.00503	0.00245	0.03695
5	0.00588	0.00444	0.00540	0.00539	0.00637	0.00411	0.00391	0.00775	0.04105	0.01441	0.42198	0.19355	0.21310	0.04590	0.00586	0.00158	0.00230	0.00879	0.00432	0.00390
6	0.01449	0.00813	0.08254	0.00784	0.02158	0.00646	0.01545	0.02672	0.04277	0.48630	0.10008	0.01788	0.02617	0.10158	0.00639	0.00166	0.00381	0.00490	0.01904	0.00621
7	0.01053	0.16654	0.04814	0.00733	0.01093	0.02386	0.00641	0.07035	0.00992	0.06077	0.00871	0.04477	0.00741	0.00415	0.00364	0.00089	0.02120	0.00318	0.00272	0.48857
8	0.01296	0.04485	0.30894	0.03440	0.03425	0.00870	0.03783	0.06462	0.01105	0.30113	0.04068	0.02512	0.00916	0.00484	0.00420	0.00131	0.00488	0.00398	0.00341	0.04369
9	0.01328	0.09634	0.14757	0.01134	0.08339	0.05902	0.02052	0.32362	0.06669	0.06787	0.01019	0.02236	0.00782	0.00511	0.00450	0.01118	0.02240	0.01699	0.00330	0.00653
10	0.00939	0.02747	0.01228	0.01043	0.01079	0.04293	0.00862	0.01046	0.00702	0.02647	0.00688	0.01062	0.00657	0.01130	0.14542	0.00264	0.64017	0.00385	0.00203	0.00465
11	0.00748	0.00374	0.00561	0.00561	0.00561	0.00374	0.00374	0.00561	0.00561	0.00748	0.00748	0.01309	0.00748	0.01496	0.01684	0.87467	0.00374	0.00374	0.00187	0.00187
12	0.00938	0.06525	0.04116	0.00718	0.02032	0.01672	0.00598	0.03731	0.00928	0.01401	0.00790	0.02540	0.00673	0.00365	0.00355	0.00077	0.02258	0.00284	0.00254	0.69744
13	0.04431	0.19209	0.47496	0.01078	0.01578	0.05087	0.03863	0.02683	0.08213	0.01360	0.00821	0.00923	0.00621	0.00418	0.00381	0.00127	0.00568	0.00317	0.00216	0.00610
14	0.00588	0.00422	0.00571	0.00668	0.00724	0.00405	0.00508	0.00710	0.00891	0.01172	0.02392	0.52684	0.04813	0.01283	0.00566	0.00183	0.00304	0.30352	0.00399	0.00368
15	0.00863	0.00829	0.04277	0.48102	0.07295	0.00921	0.04250	0.02347	0.04356	0.02491	0.08221	0.01361	0.00971	0.00605	0.03645	0.00164	0.06316	0.00430	0.02049	0.00506
16	0.00959	0.00543	0.00666	0.00584	0.00762	0.00494	0.00455	0.04993	0.01179	0.20753	0.34111	0.04185	0.21851	0.00817	0.00475	0.00136	0.00259	0.00695	0.05595	0.00488
17	0.00586	0.00403	0.00510	0.00569	0.00631	0.00368	0.00392	0.00680	0.00889	0.04084	0.07927	0.59745	0.15708	0.02765	0.00561	0.00169	0.00248	0.01086	0.02309	0.00369
18	0.00533	0.00437	0.00469	0.00461	0.00596	0.00374	0.00346	0.00664	0.01038	0.01296	0.22635	0.03927	0.63646	0.01041	0.00509	0.00143	0.00215	0.00878	0.00417	0.00374
19	0.00736	0.00426	0.00553	0.00597	0.00673	0.00394	0.00421	0.00841	0.00892	0.11308	0.02221	0.60880	0.04330	0.01138	0.00506	0.00161	0.00261	0.02498	0.10760	0.00405
20	0.00605	0.00440	0.00570	0.00537	0.00641	0.00405	0.00403	0.00805	0.01209	0.01703	0.78630	0.03257	0.07397	0.00890	0.00508	0.00136	0.00204	0.00785	0.00471	0.00405
21	0.04506	0.00536	0.00653	0.00595	0.00737	0.00525	0.00453	0.01099	0.10294	0.08609	0.57936	0.02780	0.04738	0.03988	0.00547	0.00147	0.00247	0.00690	0.00457	0.00462
22	0.03292	0.04567	0.01285	0.00992	0.01303	0.20332	0.00804	0.55826	0.02781	0.02224	0.00937	0.00969	0.00691	0.00493	0.00410	0.00124	0.00536	0.00355	0.01416	0.00662
23	0.02721	0.31116	0.09895	0.00851	0.01210	0.04533	0.00804	0.12027	0.01141	0.26010	0.01023	0.01028	0.00743	0.00524	0.02380	0.00132	0.02569	0.00333	0.00326	0.00630
24	0.12625	0.06649	0.18157	0.07482	0.05542	0.06272	0.08899	0.01514	0.05861	0.16999	0.02567	0.01216	0.02573	0.00470	0.00405	0.00133	0.00503	0.01242	0.00297	0.00593
25	0.01052	0.01002	0.03512	0.13721	0.42104	0.00975	0.13624	0.03016	0.03002	0.04861	0.00875	0.01104	0.00689	0.00396	0.00431	0.00128	0.00529	0.00395	0.00238	0.08347
26	0.01066	0.01023	0.01748	0.02644	0.82174	0.01023	0.01322	0.01322	0.00981	0.01407	0.00810	0.01066	0.00682	0.00384	0.00426	0.00128	0.00512	0.00384	0.00213	0.00682
27	0.13973	0.08311	0.10664	0.04743	0.15801	0.03913	0.02735	0.08725	0.02365	0.07960	0.00865	0.02405	0.00685	0.00454	0.00447	0.00126	0.05989	0.00347	0.00270	0.09223
28	0.00900	0.00718	0.00800	0.00742	0.00900	0.02293	0.00555	0.01423	0.30739	0.01733	0.40763	0.02585	0.05264	0.02444	0.02233	0.03907	0.00330	0.00664	0.00461	0.00546
29	0.32109	0.01020	0.01015	0.00803	0.01123	0.01116	0.00662	0.43060	0.01445	0.05515	0.00885	0.00922	0.00644	0.00460	0.00364	0.00126	0.00407	0.00324	0.00363	0.07635
30	0.01637	0.01207	0.01293	0.00991	0.01336	0.01336	0.00819	0.80738	0.02025	0.02715	0.01034	0.01034	0.00733	0.00517	0.00431	0.00129	0.00474	0.00388	0.00431	0.00733
31	0.01169	0.00952	0.01013	0.00886	0.01145	0.01087	0.00696	0.11535	0.69164	0.04798	0.01666	0.01535	0.01237	0.00575	0.00437	0.00144	0.00358	0.00473	0.00441	0.00690
32	0.01246	0.11867	0.10992	0.02634	0.03255	0.06501	0.04237	0.21615	0.08171	0.10071	0.07946	0.01409	0.05429	0.00542	0.00440	0.00130	0.02125	0.00431	0.00345	0.00613
33	0.82335	0.00827	0.00657	0.00579	0.00850	0.00945	0.00477	0.01320	0.00765	0.07150	0.00671	0.00749	0.00505	0.00408	0.00277	0.00133	0.00335	0.00246	0.00284	0.00484
34	0.00694	0.00496	0.00694	0.00793	0.00892	0.00496	0.00694	0.00892	0.00992	0.01289	0.02281	0.04859	0.02479	0.01190	0.00595	0.00198	0.00397	0.79275	0.00397	0.00397
35	0.00950	0.00976	0.01938	0.24531	0.10146	0.00992	0.42943	0.01256	0.00957	0.02891	0.00946	0.06556	0.00784	0.00456	0.00492	0.00145	0.01759	0.00504	0.00228	0.00549
36	0.01019	0.04689	0.06983	0.23866	0.02968	0.02376	0.07081	0.09271	0.18024	0.04633	0.01313	0.04357	0.04884	0.00535	0.00429	0.00137	0.00467	0.00461	0.05940	0.00567
37	0.04925	0.01023	0.01081	0.00888	0.01175	0.01146	0.00715	0.40983	0.31974	0.03865	0.01326	0.01283	0.00973	0.00537	0.00419	0.00134	0.00398	0.00421	0.06054	0.00681
38	0.00686	0.00497	0.00644	0.03738	0.00784	0.00482	0.00470	0.02485	0.04683	0.03399	0.66629	0.03082	0.05934	0.00855	0.00502	0.00139	0.00240	0.03862	0.00457	0.00433
39	0.01177	0.02706	0.32101	0.03491	0.20372	0.03742	0.08304	0.01509	0.01018	0.18676	0.02183	0.01119	0.00751	0.00434	0.00426	0.00133	0.00552	0.00381	0.00273	0.00650
40	0.01112	0.00974	0.00995	0.00889	0.01136	0.03738	0.00692	0.05541	0.75493	0.01816	0.01688	0.01556	0.01266	0.00577	0.00436	0.00144	0.00361	0.00476	0.00431	0.00678
41	0.01637	0.01207	0.01293	0.00991	0.01336	0.01336	0.00819	0.80738	0.02025	0.02715	0.01034	0.01034	0.00733	0.00517	0.00431	0.00129	0.00474	0.00388	0.00431	0.00733
42	0.03126	0.08676	0.11423	0.02406	0.11777	0.01830	0.06582	0.06588	0.09472	0.09375	0.01096	0.06470	0.00908	0.00678	0.05792	0.00163	0.02407	0.00426	0.00295	0.10510
43	0.00531	0.00377	0.00498	0.00592	0.00615	0.00354	0.00391	0.00601	0.00813	0.01083	0.02312	0.79568	0.02770	0.06469	0.00651	0.00190	0.00260	0.01188	0.00391	0.00344
44	0.00553	0.00392	0.00493	0.00561	0.00588	0.00371	0.00366	0.00615	0.00790	0.01047	0.03228	0.57529	0.06622	0.22419	0.00963	0.00235	0.00292	0.02243	0.00366	0.00330
45	0.01100	0.02686	0.05991	0.10112	0.34692	0.05421	0.23988	0.02722	0.02385	0.05415	0.00874	0.01100	0.00678	0.00400	0.00445	0.00134	0.00588	0.00412	0.00234	0.00622
46	0.00926	0.00928	0.07120	0.01005	0.04285	0.06232	0.03360	0.02090	0.02542	0.05084	0.00951	0.02456	0.00880	0.10541	0.21519	0.00322	0.28614	0.00435	0.00239	0.00472
47	0.06455	0.00770	0.01249	0.78432	0.02829	0.00958	0.01149	0.01111	0.00853	0.01154	0.00755	0.01119	0.00567	0.00429	0.00420	0.00143	0.00559	0.00373	0.00196	0.00478
48	0.01259	0.00618	0.00811	0.06042	0.01024	0.00563	0.00569	0.02983	0.01143	0.40448	0.12165	0.03768	0.21433	0.00751	0.00471	0.00141	0.00325	0.04463	0.00460	0.00563
49	0.01068	0.11658	0.26523	0.02641	0.15559	0.04584	0.09610	0.04904	0.05031	0.05946	0.06145	0.01168	0.00896	0.00449	0.00414	0.00129	0.00536	0.00388	0.01738	0.00613

[dist]
# distance from previous block
# <min> <max>
0	1

[block]
# block no. 8 follows, 61 sequences, length 44
# corresponding to MSA columns:
# 582-625
name=unknown_I
#
# <colnr> <probs for GDERKNQSTAVLIFYWHMCP>
#	G	D	E	R	K	N	Q	S	T	A	V	L	I	F	Y	W	H	M	C	P
0	0.00665	0.00481	0.00562	0.00532	0.00656	0.00455	0.00401	0.04474	0.03467	0.01595	0.43881	0.06502	0.22682	0.00882	0.00480	0.00135	0.00225	0.00759	0.10752	0.00416
1	0.00657	0.00475	0.00609	0.00562	0.00675	0.00449	0.00425	0.04466	0.01256	0.01773	0.78249	0.03118	0.03912	0.00864	0.00505	0.00135	0.00216	0.00761	0.00472	0.00421
2	0.00906	0.02971	0.00976	0.02350	0.04770	0.00632	0.00567	0.01101	0.00896	0.01388	0.00763	0.00901	0.00637	0.00325	0.00325	0.00069	0.00336	0.00263	0.00250	0.79574
3	0.03005	0.07924	0.24949	0.08211	0.19421	0.02096	0.06387	0.05743	0.01018	0.09740	0.01037	0.01170	0.04371	0.00458	0.00441	0.00133	0.02640	0.00385	0.00255	0.00616
4	0.00869	0.00859	0.01325	0.62088	0.02539	0.05849	0.06226	0.01127	0.00882	0.01123	0.02614	0.03049	0.00717	0.00536	0.02097	0.00156	0.06846	0.00414	0.00206	0.00479
5	0.00671	0.00579	0.04375	0.00681	0.00831	0.00500	0.01518	0.00894	0.04774	0.02623	0.07202	0.06116	0.29118	0.03256	0.00583	0.00175	0.00334	0.34966	0.00391	0.00413
6	0.01044	0.07031	0.21861	0.04126	0.20016	0.02298	0.04212	0.01441	0.10718	0.10164	0.01309	0.07324	0.05496	0.00541	0.00430	0.00136	0.00483	0.00468	0.00289	0.00611
7	0.01119	0.03821	0.20328	0.05107	0.14448	0.03180	0.11432	0.02975	0.02000	0.16882	0.04464	0.09153	0.02058	0.00544	0.00445	0.00138	0.00506	0.00490	0.00304	0.00604
8	0.00626	0.00465	0.00603	0.00671	0.00774	0.00443	0.00557	0.00788	0.00981	0.01258	0.06560	0.13401	0.22343	0.01168	0.00565	0.00180	0.00327	0.47505	0.00401	0.00384
9	0.00932	0.01219	0.23600	0.12270	0.14298	0.00903	0.08594	0.05118	0.07535	0.04180	0.02715	0.01635	0.14033	0.00546	0.00446	0.00139	0.00501	0.00479	0.00276	0.00581
10	0.02647	0.02639	0.23551	0.11759	0.16656	0.06306	0.13750	0.05015	0.05891	0.02729	0.00933	0.03001	0.00744	0.00455	0.00435	0.00137	0.00578	0.01934	0.00240	0.00601
11	0.01846	0.00731	0.00987	0.00765	0.01079	0.00652	0.00630	0.03727	0.01219	0.75040	0.01644	0.01455	0.01051	0.00583	0.01890	0.00143	0.01981	0.00431	0.03436	0.00711
12	0.00525	0.00432	0.00455	0.00460	0.00585	0.00372	0.00336	0.00630	0.00952	0.01158	0.07271	0.09132	0.66365	0.06552	0.02698	0.00178	0.00256	0.00894	0.00390	0.00358
13	0.01887	0.00943	0.04681	0.17068	0.25544	0.03534	0.13673	0.01234	0.02983	0.05195	0.03626	0.11631	0.03455	0.00567	0.00475	0.00142	0.02005	0.00533	0.00267	0.00558
14	0.01227	0.17637	0.24625	0.04851	0.04948	0.17740	0.06545	0.07162	0.01080	0.08092	0.00840	0.01886	0.00647	0.00434	0.00393	0.00123	0.00591	0.00337	0.00244	0.00595
15	0.00928	0.00896	0.01548	0.44626	0.33098	0.01004	0.06358	0.01201	0.00910	0.01233	0.00782	0.01111	0.00620	0.00420	0.00469	0.00139	0.03503	0.00391	0.00201	0.00563
16	0.01223	0.72091	0.02095	0.00796	0.01141	0.14477	0.00752	0.01357	0.00929	0.01020	0.00609	0.00704	0.00553	0.00380	0.00294	0.00095	0.00510	0.00238	0.00190	0.00544
17	0.00626	0.00420	0.00480	0.00480	0.00484	0.00423	0.00274	0.00633	0.00629	0.00843	0.01348	0.02767	0.01544	0.81108	0.05915	0.00430	0.00451	0.00619	0.00260	0.00267
18	0.01147	0.05586	0.24221	0.01148	0.05302	0.03544	0.11672	0.08374	0.01069	0.13058	0.03579	0.01130	0.00803	0.00497	0.01587	0.00136	0.05765	0.00381	0.02475	0.08527
19	0.04736	0.00957	0.02334	0.01245	0.16332	0.02785	0.06844	0.12812	0.19451	0.19367	0.02558	0.06423	0.01086	0.00548	0.00439	0.00138	0.00432	0.00476	0.00382	0.00655
20	0.00612	0.00412	0.00476	0.00489	0.00494	0.00408	0.00283	0.00626	0.00665	0.00889	0.03078	0.14040	0.01791	0.71760	0.01934	0.00379	0.00390	0.00711	0.00284	0.00276
21	0.13074	0.00761	0.00959	0.00748	0.01072	0.00702	0.00617	0.04075	0.02389	0.68698	0.01540	0.01357	0.00983	0.00516	0.00412	0.00133	0.00365	0.00407	0.00494	0.00698
22	0.00912	0.01589	0.43056	0.12898	0.11664	0.00976	0.13163	0.01323	0.02141	0.02680	0.04877	0.01134	0.00778	0.00430	0.00435	0.00138	0.00596	0.00391	0.00216	0.00603
23	0.00571	0.00514	0.04420	0.00592	0.00694	0.00432	0.00458	0.00704	0.00954	0.01268	0.20597	0.37602	0.24352	0.01108	0.00554	0.00157	0.03274	0.00966	0.00399	0.00384
24	0.01055	0.00848	0.00906	0.00811	0.01044	0.00952	0.00632	0.03455	0.63959	0.05990	0.04533	0.01869	0.08604	0.00633	0.00443	0.00144	0.00326	0.00527	0.02631	0.00641
25	0.00700	0.00486	0.00661	0.00749	0.00849	0.00484	0.00649	0.00896	0.00983	0.01315	0.02249	0.04544	0.04217	0.01125	0.00566	0.00188	0.00374	0.70202	0.08365	0.00396
26	0.01152	0.00933	0.02674	0.17495	0.36110	0.00948	0.05052	0.07345	0.04328	0.12923	0.01077	0.03177	0.00859	0.00484	0.00442	0.00137	0.00496	0.03446	0.00291	0.00630
27	0.01114	0.74164	0.12880	0.00802	0.01206	0.01611	0.00850	0.01300	0.00880	0.01060	0.00622	0.00720	0.00552	0.00374	0.00294	0.00098	0.00484	0.00242	0.00184	0.00564
28	0.01637	0.01207	0.01293	0.00991	0.01336	0.01336	0.00819	0.80738	0.02025	0.02715	0.01034	0.01034	0.00733	0.00517	0.00431	0.00129	0.00474	0.00388	0.00431	0.00733
29	0.07145	0.01921	0.01157	0.01052	0.01273	0.75184	0.00792	0.01668	0.01179	0.01129	0.00685	0.00798	0.00567	0.00443	0.00378	0.00112	0.00730	0.00279	0.03015	0.00494
30	0.03407	0.01210	0.02241	0.01627	0.02033	0.05771	0.62761	0.12569	0.01163	0.01564	0.00876	0.01110	0.00654	0.00390	0.00484	0.00141	0.00683	0.00471	0.00249	0.00595
31	0.00607	0.00413	0.00495	0.00528	0.00542	0.00407	0.00330	0.00641	0.00704	0.00936	0.01682	0.23190	0.01955	0.57597	0.01660	0.00340	0.00375	0.06998	0.00306	0.00294
32	0.00942	0.00942	0.01319	0.01131	0.01131	0.01319	0.00942	0.01037	0.00660	0.01037	0.00565	0.00942	0.00565	0.00754	0.01414	0.00188	0.84073	0.00377	0.00188	0.00471
33	0.01926	0.00744	0.01006	0.00771	0.01105	0.00649	0.00637	0.03856	0.01251	0.80691	0.01685	0.01457	0.01059	0.00533	0.00433	0.00133	0.00369	0.00432	0.00531	0.00733
34	0.00738	0.00567	0.00652	0.00619	0.00763	0.00575	0.00466	0.01181	0.22619	0.03171	0.33435	0.11833	0.17272	0.00873	0.00486	0.00143	0.00251	0.00755	0.03129	0.00473
35	0.00847	0.00414	0.00425	0.00416	0.00525	0.00411	0.00314	0.01047	0.00916	0.04771	0.01417	0.01600	0.01103	0.00503	0.00306	0.00102	0.00207	0.00403	0.83859	0.00414
36	0.00653	0.00446	0.00641	0.00687	0.00758	0.00418	0.03741	0.00763	0.00881	0.05981	0.02259	0.64749	0.02600	0.01238	0.00548	0.00175	0.00297	0.12377	0.00400	0.00389
37	0.01152	0.85121	0.02257	0.00737	0.01106	0.01704	0.00737	0.01290	0.00875	0.01013	0.00599	0.00691	0.00553	0.00369	0.00276	0.00092	0.00461	0.00230	0.00184	0.00553
38	0.01131	0.00955	0.01008	0.00889	0.01143	0.01099	0.00696	0.10586	0.73001	0.01898	0.01677	0.01547	0.01253	0.00577	0.00438	0.00144	0.00355	0.00477	0.00438	0.00687
39	0.00795	0.00590	0.02263	0.00715	0.00828	0.00621	0.01974	0.07027	0.05300	0.03596	0.01260	0.01968	0.01192	0.16551	0.38567	0.06715	0.01759	0.05554	0.02313	0.00413
40	0.00893	0.00766	0.00893	0.00638	0.01021	0.00574	0.00510	0.01085	0.00893	0.01404	0.00766	0.00893	0.00638	0.00319	0.00319	0.00064	0.00319	0.00255	0.00255	0.87495
41	0.00941	0.00794	0.00919	0.00661	0.01041	0.00623	0.00530	0.06219	0.00966	0.01488	0.00783	0.00902	0.00644	0.00332	0.00326	0.00068	0.00329	0.00264	0.00267	0.81903
42	0.00581	0.00427	0.00450	0.00462	0.00585	0.00372	0.00340	0.00700	0.00950	0.02625	0.03566	0.15896	0.56291	0.01031	0.00482	0.00143	0.00223	0.00871	0.13632	0.00374
