[name]
unknown

[dist]
# distance from previous block
# <min> <max>
0	61

[block]
# block no. 0 follows, 61 sequences, length 19
# corresponding to MSA columns:
# 61-79
name=unknown_A
#
# <colnr> <probs for GDERKNQSTAVLIFYWHMCP>
#	G	D	E	R	K	N	Q	S	T	A	V	L	I	F	Y	W	H	M	C	P
0	0.00613	0.00440	0.00599	0.00694	0.00763	0.00427	0.00551	0.00753	0.00918	0.01201	0.02404	0.39774	0.05793	0.01256	0.00572	0.00186	0.00325	0.41958	0.00398	0.00375
1	0.00813	0.00766	0.01292	0.83826	0.02967	0.00957	0.01196	0.01101	0.00861	0.01101	0.00766	0.01148	0.00574	0.00431	0.00431	0.00144	0.00574	0.00383	0.00191	0.00479
2	0.00813	0.00766	0.01292	0.83826	0.02967	0.00957	0.01196	0.01101	0.00861	0.01101	0.00766	0.01148	0.00574	0.00431	0.00431	0.00144	0.00574	0.00383	0.00191	0.00479
3	0.00555	0.00417	0.00586	0.00649	0.00703	0.00389	0.03357	0.00652	0.00854	0.01128	0.02432	0.70476	0.07530	0.01285	0.00549	0.00174	0.00277	0.07230	0.00393	0.00363
4	0.01124	0.10374	0.01156	0.00798	0.01122	0.20469	0.00644	0.04393	0.01003	0.01312	0.00725	0.00851	0.00609	0.00382	0.00385	0.00086	0.04227	0.00268	0.00243	0.49828
5	0.00893	0.00766	0.00893	0.00638	0.01021	0.00574	0.00510	0.01085	0.00893	0.01404	0.00766	0.00893	0.00638	0.00319	0.00319	0.00064	0.00319	0.00255	0.00255	0.87495
6	0.03284	0.01075	0.04844	0.13768	0.27805	0.01062	0.24841	0.08085	0.08106	0.01511	0.00917	0.01136	0.00707	0.00415	0.00448	0.00138	0.00567	0.00424	0.00250	0.00619
7	0.01083	0.09651	0.05765	0.05828	0.10688	0.03570	0.21424	0.09621	0.03757	0.02330	0.00821	0.01055	0.00665	0.00578	0.03363	0.00162	0.18425	0.00399	0.00239	0.00576
8	0.00850	0.00659	0.00719	0.00658	0.00844	0.00683	0.00507	0.04744	0.30483	0.05245	0.15629	0.05510	0.28410	0.00819	0.00474	0.00143	0.00279	0.00691	0.02134	0.00520
9	0.01092	0.07278	0.41042	0.01261	0.10534	0.01042	0.03931	0.05474	0.12609	0.10066	0.01021	0.01086	0.00740	0.00446	0.00413	0.00133	0.00535	0.00366	0.00273	0.00656
10	0.01073	0.05415	0.10130	0.08573	0.25371	0.03788	0.11229	0.06072	0.20966	0.01514	0.01041	0.01173	0.00804	0.00446	0.00430	0.00135	0.00519	0.00407	0.00276	0.00637
11	0.01560	0.01715	0.01204	0.01065	0.01271	0.60253	0.00820	0.01676	0.01144	0.12292	0.00794	0.00895	0.00627	0.00500	0.00539	0.00125	0.12419	0.00313	0.00260	0.00528
12	0.00534	0.00382	0.00508	0.00593	0.00627	0.00356	0.00401	0.00624	0.00869	0.01170	0.11271	0.75483	0.02985	0.01297	0.00545	0.00171	0.00245	0.01175	0.00408	0.00356
13	0.01474	0.06048	0.06819	0.01049	0.01376	0.24068	0.07548	0.27809	0.03770	0.11022	0.01076	0.01142	0.02860	0.00496	0.00420	0.00126	0.00566	0.01372	0.00335	0.00623
14	0.06012	0.21988	0.01395	0.00942	0.06462	0.12334	0.00741	0.10818	0.01170	0.29067	0.01070	0.01071	0.00774	0.00568	0.03636	0.00141	0.00498	0.00344	0.00345	0.00625
15	0.00521	0.00391	0.00483	0.00556	0.00613	0.00354	0.00381	0.00605	0.00867	0.01117	0.02904	0.63173	0.23914	0.01281	0.00539	0.00167	0.00241	0.01141	0.00400	0.00354
16	0.00595	0.00463	0.00513	0.00530	0.00643	0.00432	0.00388	0.00802	0.07836	0.01258	0.07732	0.23190	0.41399	0.03500	0.00551	0.00159	0.00246	0.03411	0.05963	0.00391
17	0.09281	0.26284	0.07275	0.00887	0.03417	0.03937	0.00776	0.23794	0.05224	0.07309	0.00970	0.04071	0.00795	0.03674	0.00438	0.00132	0.00455	0.00365	0.00311	0.00604
18	0.00529	0.00387	0.00497	0.00575	0.00621	0.00355	0.00391	0.00617	0.00872	0.01150	0.08015	0.68700	0.13141	0.01284	0.00542	0.00168	0.00243	0.01154	0.00405	0.00355

[dist]
# distance from previous block
# <min> <max>
1	4

[block]
# block no. 1 follows, 61 sequences, length 21
# corresponding to MSA columns:
# 85-105
name=unknown_B
#
# <colnr> <probs for GDERKNQSTAVLIFYWHMCP>
#	G	D	E	R	K	N	Q	S	T	A	V	L	I	F	Y	W	H	M	C	P
0	0.00891	0.00858	0.06030	0.00675	0.01074	0.00601	0.00578	0.01102	0.00894	0.01401	0.00766	0.00894	0.00632	0.00325	0.00325	0.00068	0.00339	0.00259	0.00251	0.82036
1	0.02305	0.27220	0.18681	0.03162	0.01430	0.05181	0.04218	0.22599	0.01213	0.04696	0.00811	0.00906	0.00623	0.00448	0.00428	0.00123	0.04748	0.00324	0.00268	0.00617
2	0.00593	0.00464	0.00658	0.00697	0.00737	0.00491	0.02377	0.00689	0.00800	0.01092	0.02007	0.62645	0.02346	0.01487	0.10477	0.00238	0.08896	0.02578	0.00354	0.00373
3	0.01162	0.00845	0.07912	0.00737	0.00990	0.00763	0.00637	0.12983	0.16930	0.16566	0.12098	0.01651	0.01429	0.00568	0.00408	0.00127	0.00336	0.00465	0.22808	0.00586
4	0.01076	0.24150	0.41684	0.01034	0.01517	0.01174	0.03609	0.09322	0.01032	0.06492	0.00884	0.04600	0.00704	0.00457	0.00387	0.00126	0.00542	0.00355	0.00240	0.00615
5	0.01126	0.80127	0.04346	0.00744	0.01111	0.01643	0.00749	0.01276	0.00887	0.01046	0.03276	0.00780	0.00668	0.00386	0.00288	0.00095	0.00457	0.00251	0.00194	0.00550
6	0.00525	0.00375	0.00500	0.00600	0.00625	0.00350	0.00400	0.00600	0.00825	0.01100	0.02374	0.84580	0.02849	0.01350	0.00550	0.00175	0.00250	0.01225	0.00400	0.00350
7	0.00529	0.00378	0.00508	0.00604	0.00631	0.00358	0.00406	0.00607	0.00819	0.01096	0.02324	0.81158	0.02776	0.01427	0.03961	0.00196	0.00287	0.01193	0.00393	0.00351
8	0.05991	0.01199	0.03930	0.00967	0.01314	0.01279	0.00817	0.69110	0.05002	0.04514	0.01048	0.01046	0.00744	0.00511	0.00422	0.00130	0.00464	0.00383	0.00417	0.00714
9	0.01550	0.01181	0.01440	0.01094	0.01444	0.03580	0.12331	0.58879	0.04292	0.08196	0.01071	0.01094	0.00758	0.00496	0.00441	0.00132	0.00507	0.00408	0.00402	0.00702
10	0.00601	0.00440	0.00564	0.00533	0.00638	0.00403	0.00400	0.00797	0.01199	0.01680	0.75433	0.03296	0.10608	0.00898	0.00508	0.00136	0.00204	0.00790	0.00468	0.00403
11	0.01152	0.85121	0.02257	0.00737	0.01106	0.01704	0.00737	0.01290	0.00875	0.01013	0.00599	0.00691	0.00553	0.00369	0.00276	0.00092	0.00461	0.00230	0.00184	0.00553
12	0.00923	0.00989	0.02017	0.01490	0.01838	0.00938	0.58689	0.01291	0.06066	0.01403	0.08039	0.09221	0.03878	0.00537	0.00508	0.00147	0.00597	0.00610	0.00276	0.00544
13	0.00933	0.00789	0.00915	0.00657	0.01038	0.00615	0.00527	0.05364	0.00954	0.01474	0.00780	0.00901	0.00643	0.00330	0.00325	0.00067	0.00327	0.00262	0.00265	0.82833
14	0.00525	0.00375	0.00500	0.00600	0.00625	0.00350	0.00400	0.00600	0.00825	0.01100	0.02374	0.84580	0.02849	0.01350	0.00550	0.00175	0.00250	0.01225	0.00400	0.00350
15	0.02493	0.01099	0.05580	0.03112	0.36734	0.01066	0.19120	0.06905	0.16455	0.01567	0.01014	0.01177	0.00789	0.00429	0.00444	0.00136	0.00529	0.00426	0.00271	0.00654
16	0.00687	0.00509	0.00580	0.00544	0.00694	0.00474	0.00414	0.00961	0.10189	0.05819	0.33382	0.03362	0.38927	0.00924	0.00497	0.00141	0.00234	0.00786	0.00440	0.00436
17	0.04092	0.00798	0.02429	0.14102	0.12228	0.00783	0.06248	0.07346	0.01087	0.26869	0.01371	0.13290	0.01138	0.00605	0.00445	0.00140	0.00431	0.01808	0.04200	0.00590
18	0.00876	0.00736	0.01153	0.38725	0.11760	0.00827	0.03754	0.01212	0.08629	0.03860	0.07400	0.05002	0.01171	0.00573	0.00466	0.01846	0.00460	0.03949	0.07092	0.00508
19	0.01020	0.53087	0.01556	0.00610	0.00877	0.01212	0.00572	0.01182	0.00886	0.01237	0.00904	0.01037	0.00761	0.00419	0.00286	0.00095	0.00362	0.00295	0.33106	0.00496
20	0.01058	0.01030	0.08931	0.09405	0.28669	0.00940	0.02411	0.15339	0.01135	0.03525	0.02635	0.06538	0.02722	0.00534	0.00457	0.00132	0.02340	0.03248	0.00285	0.08665

[dist]
# distance from previous block
# <min> <max>
1	4

[block]
# block no. 2 follows, 61 sequences, length 18
# corresponding to MSA columns:
# 111-128
name=unknown_C
#
# <colnr> <probs for GDERKNQSTAVLIFYWHMCP>
#	G	D	E	R	K	N	Q	S	T	A	V	L	I	F	Y	W	H	M	C	P
0	0.01235	0.00979	0.02178	0.00954	0.04406	0.04608	0.02131	0.23782	0.27709	0.08603	0.10444	0.03423	0.02463	0.00665	0.02438	0.00151	0.02295	0.00492	0.00410	0.00635
1	0.62491	0.00913	0.02190	0.00784	0.06597	0.04037	0.00587	0.06972	0.00890	0.05109	0.00796	0.05552	0.00665	0.00468	0.00319	0.00134	0.00374	0.00322	0.00290	0.00509
2	0.00999	0.00984	0.01535	0.34841	0.45713	0.06030	0.01242	0.01258	0.00948	0.01264	0.00784	0.01081	0.00632	0.00406	0.00426	0.00133	0.00553	0.00377	0.00205	0.00590
3	0.01063	0.45500	0.31581	0.01000	0.01471	0.01363	0.07198	0.01352	0.00911	0.03959	0.00721	0.00834	0.00576	0.00389	0.00348	0.00114	0.00542	0.00291	0.00198	0.00592
4	0.00619	0.00449	0.00627	0.00627	0.00681	0.00503	0.00457	0.00727	0.00673	0.00952	0.01214	0.02023	0.01221	0.27202	0.59380	0.00612	0.00938	0.00510	0.00240	0.00348
5	0.00522	0.00385	0.00490	0.00574	0.00618	0.00352	0.00388	0.00603	0.00850	0.01110	0.02689	0.71857	0.15369	0.01309	0.00543	0.00170	0.00245	0.01175	0.00400	0.00352
6	0.04185	0.00467	0.00533	0.00586	0.00654	0.03070	0.00409	0.00793	0.00874	0.04284	0.04386	0.59175	0.02357	0.01096	0.00486	0.00156	0.00265	0.00974	0.14866	0.00384
7	0.00803	0.00401	0.00401	0.00401	0.00502	0.00401	0.00301	0.01004	0.00903	0.01606	0.01405	0.01606	0.01104	0.00502	0.00301	0.00100	0.00201	0.00401	0.87253	0.00401
8	0.01101	0.70547	0.16388	0.00823	0.01239	0.01581	0.00887	0.01303	0.00881	0.01075	0.00629	0.00729	0.00552	0.00376	0.00300	0.00100	0.00492	0.00246	0.00184	0.00568
9	0.00616	0.00459	0.00679	0.00679	0.00751	0.00531	0.00521	0.00760	0.00688	0.00990	0.01166	0.01761	0.01107	0.08235	0.78191	0.00675	0.01109	0.00472	0.00233	0.00377
10	0.01609	0.02053	0.01221	0.01110	0.01332	0.83132	0.00832	0.01720	0.01221	0.01054	0.00666	0.00777	0.00555	0.00444	0.00388	0.00111	0.00777	0.00277	0.00222	0.00499
11	0.00832	0.00784	0.01325	0.78016	0.08635	0.00962	0.01205	0.01116	0.00870	0.01123	0.00769	0.01143	0.00582	0.00427	0.00430	0.00142	0.00570	0.00383	0.00193	0.00493
12	0.01152	0.85121	0.02257	0.00737	0.01106	0.01704	0.00737	0.01290	0.00875	0.01013	0.00599	0.00691	0.00553	0.00369	0.00276	0.00092	0.00461	0.00230	0.00184	0.00553
13	0.64078	0.00823	0.00772	0.00650	0.00932	0.00900	0.03090	0.03805	0.00879	0.16070	0.00957	0.00989	0.03651	0.00452	0.00318	0.00134	0.00352	0.00307	0.00322	0.00521
14	0.01193	0.73949	0.05163	0.00783	0.01150	0.07478	0.00773	0.01344	0.00910	0.03076	0.00638	0.00725	0.00566	0.00380	0.00293	0.00096	0.00488	0.00242	0.00196	0.00557
15	0.01637	0.01207	0.01293	0.00991	0.01336	0.01336	0.00819	0.80738	0.02025	0.02715	0.01034	0.01034	0.00733	0.00517	0.00431	0.00129	0.00474	0.00388	0.00431	0.00733
16	0.00650	0.00482	0.00705	0.00692	0.00751	0.00566	0.00529	0.00757	0.00673	0.00966	0.01093	0.01694	0.01050	0.09264	0.63808	0.08702	0.06571	0.00461	0.00226	0.00362
17	0.00813	0.00766	0.01292	0.83826	0.02967	0.00957	0.01196	0.01101	0.00861	0.01101	0.00766	0.01148	0.00574	0.00431	0.00431	0.00144	0.00574	0.00383	0.00191	0.00479

[dist]
# distance from previous block
# <min> <max>
0	2

[block]
# block no. 3 follows, 61 sequences, length 10
# corresponding to MSA columns:
# 131-134,140-145
name=unknown_D
#
# <colnr> <probs for GDERKNQSTAVLIFYWHMCP>
#	G	D	E	R	K	N	Q	S	T	A	V	L	I	F	Y	W	H	M	C	P
0	0.00725	0.00380	0.00549	0.00549	0.00563	0.00373	0.00370	0.00567	0.00603	0.00789	0.01104	0.01588	0.08738	0.01457	0.01568	0.78881	0.00359	0.00427	0.00208	0.00204
1	0.01518	0.01137	0.01220	0.00957	0.01278	0.01262	0.00783	0.66805	0.12772	0.02550	0.04450	0.01202	0.00948	0.00541	0.00435	0.00132	0.00445	0.00417	0.00434	0.00712
2	0.17956	0.09989	0.01211	0.00970	0.01215	0.59518	0.00753	0.01592	0.01094	0.01217	0.00647	0.00754	0.00538	0.00428	0.00354	0.00113	0.00661	0.00264	0.00227	0.00498
3	0.01109	0.01393	0.26574	0.01377	0.16690	0.05413	0.06658	0.04120	0.17348	0.09130	0.03760	0.01287	0.00937	0.00482	0.00433	0.00136	0.00518	0.01691	0.00298	0.00644
4	0.00619	0.00447	0.00618	0.00618	0.00669	0.00498	0.00446	0.00721	0.00670	0.00945	0.01222	0.02069	0.01241	0.30549	0.56060	0.00600	0.00907	0.00517	0.00241	0.00343
5	0.00946	0.33184	0.21402	0.00970	0.01306	0.01219	0.07143	0.01178	0.00843	0.01130	0.00841	0.06537	0.00783	0.02989	0.07185	0.00181	0.11038	0.00387	0.00207	0.00530
6	0.00966	0.00812	0.00931	0.00682	0.01053	0.00668	0.00547	0.07797	0.05905	0.01537	0.00848	0.00949	0.00687	0.00352	0.00336	0.00074	0.00333	0.00280	0.00281	0.74961
7	0.00943	0.00999	0.13436	0.00820	0.04636	0.00661	0.00716	0.01184	0.00915	0.05088	0.00811	0.00929	0.00645	0.00345	0.00343	0.00081	0.00378	0.00278	0.00255	0.66535
8	0.00625	0.00530	0.00617	0.07518	0.00876	0.03800	0.00476	0.00739	0.00892	0.01144	0.02537	0.44973	0.23137	0.01068	0.00500	0.00151	0.00297	0.00939	0.00361	0.08821
9	0.13562	0.16864	0.31030	0.00886	0.01312	0.01037	0.00960	0.05928	0.02545	0.04793	0.05212	0.02929	0.00836	0.00452	0.00366	0.00120	0.00467	0.00341	0.00257	0.10103

[dist]
# distance from previous block
# <min> <max>
2	23

[block]
# block no. 4 follows, 61 sequences, length 39
# corresponding to MSA columns:
# 208-214,240-271
name=unknown_E
#
# <colnr> <probs for GDERKNQSTAVLIFYWHMCP>
#	G	D	E	R	K	N	Q	S	T	A	V	L	I	F	Y	W	H	M	C	P
0	0.02499	0.00756	0.00945	0.00782	0.01045	0.00733	0.03536	0.07818	0.17746	0.29272	0.03942	0.13095	0.06017	0.00668	0.00446	0.00136	0.00349	0.00569	0.00435	0.09211
1	0.00741	0.00584	0.00807	0.06003	0.06269	0.00598	0.02107	0.05317	0.04662	0.01452	0.24269	0.08940	0.09062	0.02846	0.07648	0.00206	0.00409	0.17254	0.00377	0.00448
2	0.00930	0.00788	0.00913	0.00656	0.01036	0.00612	0.00526	0.05038	0.00949	0.01469	0.00779	0.00900	0.00643	0.00329	0.00325	0.00067	0.00327	0.00262	0.00264	0.83189
3	0.05399	0.01209	0.01255	0.00974	0.01309	0.03717	0.00801	0.73249	0.03654	0.02612	0.01020	0.01024	0.00728	0.00511	0.00423	0.00129	0.00474	0.00380	0.00418	0.00713
4	0.05163	0.22223	0.25591	0.00925	0.01344	0.02188	0.02886	0.08219	0.01044	0.13358	0.00978	0.02677	0.00776	0.00471	0.00381	0.00122	0.00488	0.03870	0.00280	0.07015
5	0.00941	0.01007	0.10439	0.44530	0.15366	0.02360	0.01142	0.05183	0.00966	0.03263	0.00906	0.01164	0.02817	0.00436	0.00420	0.00132	0.00534	0.00379	0.00226	0.07792
6	0.00557	0.00404	0.00539	0.02111	0.00683	0.00381	0.00427	0.00672	0.00928	0.01256	0.21069	0.59083	0.04456	0.01211	0.00539	0.00166	0.00251	0.04486	0.00413	0.00368
7	0.00823	0.00783	0.01348	0.80151	0.02935	0.00963	0.04755	0.01113	0.00868	0.01113	0.00770	0.01149	0.00578	0.00428	0.00434	0.00144	0.00581	0.00388	0.00193	0.00483
8	0.02633	0.05116	0.02966	0.11934	0.53695	0.07476	0.02265	0.06284	0.01040	0.01414	0.00794	0.01026	0.00650	0.00402	0.00415	0.00127	0.00537	0.00366	0.00224	0.00635
9	0.00555	0.00399	0.00533	0.00629	0.00672	0.00377	0.00450	0.00654	0.00861	0.01136	0.02433	0.67043	0.05801	0.01311	0.00556	0.00178	0.00275	0.15378	0.00399	0.00359
10	0.00864	0.02228	0.82630	0.01228	0.01864	0.01000	0.01592	0.01364	0.00909	0.01364	0.00773	0.00909	0.00546	0.00409	0.00409	0.00136	0.00637	0.00318	0.00182	0.00637
11	0.00622	0.00526	0.04291	0.00540	0.00688	0.00416	0.00432	0.00777	0.01043	0.04982	0.27728	0.13565	0.40810	0.01002	0.00506	0.00145	0.00243	0.00860	0.00419	0.00404
12	0.01131	0.08395	0.31855	0.05691	0.16429	0.00988	0.06141	0.03952	0.01013	0.15596	0.01002	0.04199	0.00764	0.00460	0.00419	0.00133	0.00534	0.00395	0.00268	0.00635
13	0.01704	0.00678	0.00924	0.00746	0.01031	0.00591	0.00605	0.01860	0.01171	0.68888	0.01809	0.12301	0.01350	0.00663	0.00454	0.00141	0.00353	0.03550	0.00511	0.00671
14	0.01609	0.02053	0.01221	0.01110	0.01332	0.83132	0.00832	0.01720	0.01221	0.01054	0.00666	0.00777	0.00555	0.00444	0.00388	0.00111	0.00777	0.00277	0.00222	0.00499
15	0.01126	0.22956	0.30466	0.00992	0.02339	0.08072	0.01040	0.04934	0.01002	0.09630	0.01808	0.03467	0.00813	0.00553	0.01972	0.00139	0.03880	0.03973	0.00254	0.00586
16	0.07106	0.00728	0.00928	0.00734	0.01030	0.00668	0.00599	0.05637	0.03563	0.60200	0.10056	0.01671	0.03948	0.00580	0.00433	0.00134	0.00347	0.00471	0.00498	0.00669
17	0.00629	0.00423	0.00486	0.00489	0.00499	0.00421	0.00289	0.00648	0.00672	0.00899	0.05108	0.02938	0.01726	0.76849	0.02036	0.00394	0.00407	0.04537	0.00278	0.00274
18	0.01190	0.59575	0.11614	0.04936	0.01301	0.01479	0.00858	0.06069	0.00975	0.07452	0.00739	0.00820	0.00603	0.00398	0.00321	0.00105	0.00481	0.00273	0.00226	0.00584
19	0.00888	0.00763	0.01186	0.00949	0.01186	0.00756	0.20785	0.04399	0.17533	0.04728	0.31644	0.02303	0.09631	0.00681	0.00488	0.00141	0.00382	0.00635	0.00396	0.00528
20	0.00615	0.00462	0.00692	0.00692	0.00769	0.00538	0.00538	0.00769	0.00692	0.01000	0.01154	0.01692	0.01077	0.03231	0.83154	0.00692	0.01154	0.00462	0.00231	0.00385
21	0.00869	0.00735	0.01211	0.72316	0.02669	0.00892	0.01098	0.01136	0.00884	0.06195	0.00921	0.05321	0.00732	0.00485	0.00433	0.00143	0.00535	0.00428	0.02512	0.00486
22	0.00981	0.35916	0.43052	0.06198	0.01632	0.01287	0.02920	0.01318	0.00895	0.01205	0.00704	0.00841	0.00553	0.00393	0.00359	0.00119	0.00563	0.00291	0.00184	0.00591
23	0.00687	0.00525	0.00845	0.00819	0.00930	0.00497	0.11438	0.00835	0.00907	0.04295	0.02120	0.50621	0.02391	0.01145	0.00551	0.00175	0.00355	0.20076	0.00379	0.00407
24	0.00615	0.00462	0.00692	0.00692	0.00769	0.00538	0.00538	0.00769	0.00692	0.01000	0.01154	0.01692	0.01077	0.03231	0.83154	0.00692	0.01154	0.00462	0.00231	0.00385
25	0.00620	0.00444	0.00602	0.00602	0.00647	0.00489	0.00425	0.00711	0.00665	0.00933	0.01237	0.02151	0.01276	0.36469	0.50188	0.00580	0.00854	0.00529	0.00243	0.00334
26	0.04782	0.07342	0.73937	0.01167	0.01771	0.01043	0.01488	0.01355	0.00899	0.01368	0.00754	0.00886	0.00543	0.00406	0.00395	0.00134	0.00612	0.00309	0.00186	0.00624
27	0.80005	0.00920	0.00689	0.00613	0.00879	0.06108	0.00500	0.03608	0.00801	0.01901	0.00617	0.00714	0.00480	0.00406	0.00279	0.00132	0.00365	0.00241	0.00269	0.00476
28	0.82536	0.00827	0.00656	0.00579	0.00850	0.00946	0.00477	0.01318	0.00764	0.06962	0.00668	0.00748	0.00504	0.00408	0.00277	0.00133	0.00335	0.00246	0.00283	0.00483
29	0.00670	0.00468	0.00581	0.00547	0.00669	0.00428	0.00411	0.02918	0.01165	0.05214	0.55014	0.09379	0.19050	0.00932	0.00506	0.00140	0.00224	0.00812	0.00456	0.00417
30	0.04550	0.01170	0.01244	0.00959	0.01294	0.01296	0.00792	0.75712	0.01949	0.02656	0.01030	0.01039	0.00734	0.00513	0.00422	0.00129	0.00461	0.00383	0.02953	0.00714
31	0.01637	0.01207	0.01293	0.00991	0.01336	0.01336	0.00819	0.80738	0.02025	0.02715	0.01034	0.01034	0.00733	0.00517	0.00431	0.00129	0.00474	0.00388	0.00431	0.00733
32	0.00690	0.00458	0.00602	0.00556	0.00671	0.00420	0.00420	0.00891	0.01220	0.06647	0.77058	0.03111	0.03882	0.00859	0.00503	0.00135	0.00213	0.00758	0.00478	0.00426
33	0.00616	0.00460	0.00686	0.00686	0.00760	0.00535	0.00530	0.00765	0.00690	0.00995	0.01160	0.01725	0.01091	0.05629	0.80775	0.00684	0.01132	0.00466	0.00232	0.00381
34	0.00608	0.00412	0.00530	0.00595	0.00638	0.00391	0.00411	0.00686	0.00823	0.03473	0.02220	0.51972	0.05922	0.18468	0.00888	0.00225	0.00305	0.10708	0.00375	0.00349
35	0.00745	0.00375	0.00558	0.00558	0.00558	0.00375	0.00371	0.00563	0.00563	0.00751	0.00766	0.01354	0.00772	0.03957	0.01699	0.84898	0.00375	0.00382	0.00189	0.00189
36	0.01202	0.60171	0.13058	0.00849	0.01235	0.11113	0.00860	0.01388	0.00937	0.04811	0.00681	0.00767	0.00576	0.00391	0.00315	0.00102	0.00517	0.00257	0.00204	0.00566
37	0.00659	0.12013	0.00865	0.00698	0.00800	0.00600	0.04451	0.00795	0.03031	0.01132	0.02035	0.62148	0.02364	0.01137	0.00510	0.00163	0.00313	0.05524	0.00362	0.00401
38	0.01143	0.66847	0.14608	0.00828	0.01234	0.03264	0.00871	0.03474	0.00925	0.02527	0.00658	0.00749	0.00565	0.00383	0.00306	0.00101	0.00493	0.00253	0.00197	0.00573

[dist]
# distance from previous block
# <min> <max>
1	18

[block]
# block no. 5 follows, 61 sequences, length 12
# corresponding to MSA columns:
# 290-301
name=unknown_F
#
# <colnr> <probs for GDERKNQSTAVLIFYWHMCP>
#	G	D	E	R	K	N	Q	S	T	A	V	L	I	F	Y	W	H	M	C	P
0	0.63369	0.05614	0.00858	0.00737	0.04943	0.05188	0.00567	0.07049	0.00889	0.03826	0.00696	0.00792	0.00540	0.00414	0.00298	0.00128	0.00379	0.00264	0.02939	0.00507
1	0.00626	0.00421	0.00486	0.00486	0.00491	0.00426	0.00281	0.00637	0.00631	0.00847	0.01343	0.02737	0.01531	0.78962	0.08043	0.00437	0.00471	0.00615	0.00259	0.00270
2	0.01697	0.00682	0.00918	0.00721	0.01017	0.00591	0.00589	0.01864	0.01216	0.68420	0.11007	0.01826	0.06234	0.00606	0.00446	0.00134	0.00339	0.00501	0.00518	0.00674
3	0.69357	0.00797	0.00684	0.00593	0.00865	0.00881	0.00487	0.01372	0.00828	0.15207	0.00968	0.00997	0.04612	0.00456	0.00306	0.00134	0.00333	0.00300	0.00317	0.00505
4	0.00764	0.00459	0.00577	0.00532	0.00656	0.00425	0.00405	0.00960	0.01153	0.09045	0.56930	0.02780	0.05637	0.00783	0.00462	0.00129	0.00218	0.00680	0.16969	0.00434
5	0.00581	0.00435	0.00514	0.00497	0.00594	0.00395	0.00357	0.00720	0.01043	0.01397	0.43863	0.03437	0.27831	0.15527	0.00801	0.00188	0.00245	0.00793	0.00414	0.00368
6	0.00525	0.00375	0.00500	0.00600	0.00625	0.00350	0.00400	0.00600	0.00825	0.01100	0.02374	0.84580	0.02849	0.01350	0.00550	0.00175	0.00250	0.01225	0.00400	0.00350
7	0.00527	0.00422	0.00460	0.00480	0.00585	0.00367	0.00342	0.00625	0.00931	0.01152	0.07636	0.21422	0.54460	0.07829	0.00652	0.00173	0.00240	0.00948	0.00393	0.00355
8	0.01066	0.01023	0.01748	0.02644	0.82174	0.01023	0.01322	0.01322	0.00981	0.01407	0.00810	0.01066	0.00682	0.00384	0.00426	0.00128	0.00512	0.00384	0.00213	0.00682
9	0.01054	0.01011	0.01726	0.06600	0.78314	0.01020	0.01316	0.01311	0.00975	0.01392	0.00808	0.01070	0.00677	0.00386	0.00427	0.00129	0.00515	0.00384	0.00212	0.00672
10	0.05198	0.15540	0.07145	0.00776	0.01083	0.03973	0.00692	0.05526	0.09429	0.29654	0.10679	0.01495	0.03173	0.00543	0.00402	0.00126	0.00392	0.00429	0.03134	0.00612
11	0.46154	0.00827	0.00822	0.00703	0.00958	0.00908	0.03517	0.14031	0.04467	0.05765	0.04785	0.05580	0.06288	0.00572	0.00369	0.00139	0.00357	0.02901	0.00340	0.00518

[dist]
# distance from previous block
# <min> <max>
0	12

[block]
# block no. 6 follows, 61 sequences, length 15
# corresponding to MSA columns:
# 314-328
name=unknown_G
#
# <colnr> <probs for GDERKNQSTAVLIFYWHMCP>
#	G	D	E	R	K	N	Q	S	T	A	V	L	I	F	Y	W	H	M	C	P
0	0.01133	0.01256	0.19164	0.04136	0.20955	0.01041	0.05109	0.16354	0.08375	0.06513	0.01167	0.01270	0.05262	0.00505	0.00496	0.00138	0.05772	0.00418	0.00295	0.00642
1	0.77225	0.00831	0.00661	0.00583	0.00845	0.00956	0.00479	0.06260	0.00825	0.01962	0.00676	0.00775	0.00522	0.00413	0.00279	0.00131	0.00334	0.00253	0.05511	0.00479
2	0.09008	0.00903	0.03387	0.00741	0.00981	0.07954	0.02540	0.19101	0.04555	0.11712	0.05445	0.01360	0.01048	0.00512	0.00376	0.00121	0.00376	0.00400	0.28927	0.00554
3	0.00748	0.00374	0.00561	0.00561	0.00561	0.00374	0.00374	0.00561	0.00561	0.00748	0.00748	0.01309	0.00748	0.01496	0.01684	0.87467	0.00374	0.00374	0.00187	0.00187
4	0.01152	0.85121	0.02257	0.00737	0.01106	0.01704	0.00737	0.01290	0.00875	0.01013	0.00599	0.00691	0.00553	0.00369	0.00276	0.00092	0.00461	0.00230	0.00184	0.00553
5	0.01690	0.01122	0.01241	0.00951	0.01294	0.01211	0.00786	0.66758	0.01884	0.16894	0.01152	0.01111	0.00792	0.00520	0.00431	0.00130	0.00455	0.00396	0.00449	0.00733
6	0.00510	0.00432	0.00441	0.00448	0.00585	0.00363	0.00332	0.00617	0.00971	0.01159	0.04228	0.09643	0.76590	0.01109	0.00512	0.00147	0.00220	0.00931	0.00400	0.00363
7	0.00942	0.00942	0.01319	0.01131	0.01131	0.01319	0.00942	0.01037	0.00660	0.01037	0.00565	0.00942	0.00565	0.00754	0.01414	0.00188	0.84073	0.00377	0.00188	0.00471
8	0.00610	0.00440	0.00576	0.00542	0.00644	0.00406	0.00406	0.00813	0.01219	0.01727	0.81947	0.03218	0.04064	0.00881	0.00508	0.00135	0.00203	0.00779	0.00474	0.00406
9	0.00588	0.00426	0.00490	0.00486	0.00550	0.00398	0.00322	0.00671	0.00877	0.01159	0.22767	0.07379	0.22432	0.38177	0.01257	0.00265	0.00304	0.00766	0.00357	0.00328
10	0.00888	0.04926	0.72512	0.01266	0.01875	0.01032	0.08871	0.01363	0.00918	0.01354	0.00776	0.00925	0.00556	0.00404	0.00414	0.00136	0.00639	0.00333	0.00185	0.00629
11	0.00920	0.00512	0.00650	0.00578	0.00736	0.00470	0.00446	0.01136	0.03310	0.19022	0.49243	0.02691	0.08041	0.00772	0.00469	0.00132	0.00243	0.00666	0.09483	0.00481
12	0.16445	0.00920	0.01368	0.01077	0.01356	0.00970	0.25712	0.08712	0.16763	0.01664	0.06590	0.06452	0.05266	0.00575	0.00486	0.00145	0.04100	0.00520	0.00325	0.00553
13	0.00954	0.13979	0.44256	0.00992	0.01496	0.01025	0.01137	0.04265	0.06015	0.01399	0.00817	0.00922	0.00623	0.00398	0.00372	0.00114	0.00515	0.00304	0.00224	0.20193
14	0.01019	0.03211	0.13916	0.27368	0.28943	0.01029	0.03123	0.06347	0.05843	0.03785	0.00884	0.01103	0.00676	0.00426	0.00425	0.00135	0.00537	0.00381	0.00238	0.00611

[dist]
# distance from previous block
# <min> <max>
1	13

[block]
# block no. 7 follows, 61 sequences, length 20
# corresponding to MSA columns:
# 342-361
name=unknown_H
#
# <colnr> <probs for GDERKNQSTAVLIFYWHMCP>
#	G	D	E	R	K	N	Q	S	T	A	V	L	I	F	Y	W	H	M	C	P
0	0.09152	0.08941	0.04833	0.50203	0.07589	0.07489	0.01055	0.01195	0.00892	0.01201	0.00834	0.01105	0.02928	0.00438	0.00398	0.00134	0.00545	0.00358	0.00207	0.00503
1	0.01210	0.01005	0.01115	0.01031	0.07518	0.09464	0.04054	0.20538	0.18329	0.07571	0.08815	0.01806	0.07051	0.02156	0.00506	0.00144	0.02345	0.04357	0.00384	0.00600
2	0.01569	0.00726	0.00930	0.00749	0.01016	0.00690	0.00600	0.09082	0.06574	0.52184	0.03478	0.01626	0.01173	0.08750	0.07113	0.00204	0.00435	0.00461	0.01999	0.00644
3	0.00992	0.04132	0.01392	0.07100	0.03411	0.07394	0.08088	0.03450	0.02927	0.01156	0.00810	0.07564	0.00780	0.00684	0.00994	0.00166	0.47792	0.00446	0.00225	0.00496
4	0.00615	0.00462	0.00692	0.00692	0.00769	0.00538	0.00538	0.00769	0.00692	0.01000	0.01154	0.01692	0.01077	0.03231	0.83154	0.00692	0.01154	0.00462	0.00231	0.00385
5	0.00980	0.00897	0.01512	0.18995	0.53074	0.00934	0.03768	0.01239	0.00948	0.01368	0.00878	0.01154	0.00712	0.00408	0.00414	0.00128	0.00493	0.00390	0.11108	0.00602
6	0.00532	0.00384	0.00505	0.00592	0.00629	0.00357	0.00402	0.00619	0.00859	0.01143	0.07060	0.73934	0.07154	0.01305	0.00546	0.00172	0.00249	0.02798	0.00404	0.00355
7	0.01098	0.00982	0.00986	0.00888	0.01131	0.05185	0.00689	0.02260	0.77378	0.01764	0.01699	0.01566	0.01277	0.00577	0.00436	0.00144	0.00363	0.00477	0.00427	0.00673
8	0.01560	0.01168	0.01249	0.00975	0.01306	0.01300	0.00800	0.70044	0.12845	0.02590	0.01132	0.01112	0.00812	0.00526	0.00432	0.00132	0.00456	0.00401	0.00432	0.00726
9	0.01128	0.00954	0.01006	0.00888	0.01142	0.01098	0.00696	0.10191	0.73401	0.01894	0.01681	0.01549	0.01256	0.00578	0.00438	0.00144	0.00354	0.00477	0.00438	0.00687
10	0.00758	0.00476	0.00608	0.00555	0.00691	0.00428	0.00423	0.00943	0.01188	0.11522	0.61500	0.03131	0.14383	0.00867	0.00499	0.00137	0.00225	0.00755	0.00471	0.00441
11	0.00629	0.00473	0.00603	0.00661	0.00775	0.00447	0.00556	0.00800	0.01006	0.01284	0.09212	0.04504	0.27711	0.01134	0.00561	0.00177	0.00325	0.48351	0.00404	0.00387
12	0.00525	0.00375	0.00500	0.00600	0.00625	0.00350	0.00400	0.00600	0.00825	0.01100	0.02374	0.84580	0.02849	0.01350	0.00550	0.00175	0.00250	0.01225	0.00400	0.00350
13	0.01079	0.02931	0.01115	0.00918	0.01072	0.09389	0.06534	0.16647	0.06087	0.01372	0.02935	0.01211	0.00828	0.01016	0.06737	0.25134	0.13872	0.00397	0.00267	0.00460
14	0.00534	0.00385	0.00508	0.00602	0.00638	0.00359	0.00413	0.00618	0.00843	0.01114	0.02475	0.75712	0.07070	0.01327	0.00550	0.00175	0.00257	0.05670	0.00400	0.00353
15	0.07315	0.05898	0.09921	0.02173	0.01441	0.00981	0.22511	0.10337	0.12185	0.05593	0.08989	0.01589	0.08075	0.00540	0.00444	0.00137	0.00479	0.00491	0.00325	0.00579
16	0.01186	0.01079	0.01106	0.03434	0.05894	0.11959	0.02461	0.09152	0.48988	0.03813	0.01467	0.03449	0.01146	0.00570	0.00438	0.00140	0.00436	0.02258	0.00385	0.00641
17	0.08206	0.11097	0.03772	0.05163	0.09174	0.21793	0.03549	0.10810	0.13578	0.06428	0.00996	0.01061	0.01618	0.00464	0.00393	0.00125	0.00530	0.00354	0.00296	0.00595
18	0.12871	0.11574	0.01505	0.02732	0.34290	0.15306	0.02555	0.05600	0.05316	0.01446	0.00788	0.00948	0.00647	0.00420	0.00403	0.00124	0.02301	0.00334	0.00241	0.00599
19	0.09117	0.05274	0.19579	0.04317	0.07548	0.04929	0.16140	0.08378	0.07324	0.03359	0.01884	0.03214	0.01595	0.00464	0.00435	0.00134	0.02022	0.00403	0.00265	0.03621

[dist]
# distance from previous block
# <min> <max>
1	24

[block]
# block no. 8 follows, 61 sequences, length 19
# corresponding to MSA columns:
# 386-404
name=unknown_I
#
# <colnr> <probs for GDERKNQSTAVLIFYWHMCP>
#	G	D	E	R	K	N	Q	S	T	A	V	L	I	F	Y	W	H	M	C	P
0	0.01272	0.05379	0.01126	0.00912	0.03578	0.04807	0.00707	0.46843	0.01578	0.02091	0.08901	0.18058	0.01455	0.00704	0.00452	0.00136	0.00418	0.00580	0.00400	0.00603
1	0.74824	0.04669	0.00753	0.00598	0.00880	0.00993	0.00498	0.04898	0.00808	0.01895	0.00630	0.00726	0.00493	0.00399	0.00278	0.00127	0.00345	0.00242	0.00270	0.05676
2	0.06495	0.03959	0.10120	0.00947	0.03773	0.06401	0.00801	0.07231	0.32118	0.10446	0.02587	0.01514	0.04128	0.00572	0.00468	0.00140	0.04256	0.03058	0.00365	0.00621
3	0.00631	0.00449	0.00593	0.00652	0.00723	0.00436	0.00510	0.00772	0.00939	0.01247	0.15085	0.19307	0.05652	0.14420	0.00822	0.00217	0.00334	0.36456	0.00388	0.00367
4	0.06691	0.17682	0.10200	0.00985	0.01289	0.39605	0.00862	0.08999	0.03599	0.01324	0.00802	0.01007	0.00676	0.00468	0.00377	0.00118	0.00615	0.03907	0.00247	0.00545
5	0.00524	0.00378	0.00497	0.00592	0.00623	0.00351	0.00396	0.00601	0.00832	0.01103	0.02472	0.80630	0.06736	0.01337	0.00548	0.00173	0.00248	0.01209	0.00400	0.00351
6	0.29305	0.01016	0.01038	0.00822	0.01140	0.01113	0.00678	0.43562	0.01493	0.14359	0.00994	0.00992	0.00697	0.00482	0.00379	0.00131	0.00413	0.00345	0.00394	0.00647
7	0.87904	0.00833	0.00633	0.00566	0.00833	0.00966	0.00467	0.01266	0.00733	0.01933	0.00600	0.00700	0.00467	0.00400	0.00267	0.00133	0.00333	0.00233	0.00267	0.00467
8	0.01604	0.01439	0.01273	0.01030	0.01327	0.24725	0.00827	0.55182	0.01744	0.02178	0.00911	0.00957	0.00676	0.00505	0.00455	0.00126	0.03665	0.00356	0.00362	0.00656
9	0.00572	0.00421	0.00544	0.00617	0.00687	0.00394	0.00463	0.00694	0.00924	0.01206	0.08678	0.44538	0.16229	0.01230	0.00551	0.00173	0.00278	0.21027	0.00405	0.00368
10	0.01016	0.00885	0.01012	0.14005	0.01398	0.01033	0.00755	0.02055	0.66168	0.01689	0.04069	0.01584	0.01282	0.00569	0.00439	0.00145	0.00374	0.00480	0.00400	0.00641
11	0.00813	0.00766	0.01292	0.83826	0.02967	0.00957	0.01196	0.01101	0.00861	0.01101	0.00766	0.01148	0.00574	0.00431	0.00431	0.00144	0.00574	0.00383	0.00191	0.00479
12	0.00987	0.01115	0.02420	0.01743	0.02154	0.01045	0.75824	0.01333	0.01005	0.01363	0.00961	0.06140	0.00785	0.00422	0.00511	0.00147	0.00698	0.00551	0.00229	0.00567
13	0.00897	0.00649	0.00798	0.00744	0.00910	0.00675	0.01632	0.07142	0.16908	0.07641	0.19944	0.06993	0.10547	0.00876	0.00535	0.00156	0.03031	0.18991	0.00426	0.00504
14	0.01003	0.02013	0.63105	0.01266	0.04367	0.04796	0.05041	0.10732	0.01062	0.01511	0.00805	0.00935	0.00577	0.00421	0.00416	0.00135	0.00624	0.00335	0.00216	0.00641
15	0.01093	0.00917	0.01589	0.01398	0.11823	0.02722	0.30692	0.03896	0.04245	0.13032	0.04188	0.02067	0.05560	0.00605	0.00494	0.00149	0.00523	0.14106	0.00327	0.00573
16	0.01082	0.58749	0.13845	0.03984	0.03237	0.01496	0.02761	0.01349	0.05615	0.01133	0.00709	0.00820	0.00603	0.00400	0.00350	0.00108	0.02709	0.00278	0.00201	0.00571
17	0.01758	0.01571	0.05155	0.00768	0.00914	0.00617	0.02960	0.05597	0.01925	0.09089	0.01844	0.30533	0.05481	0.02393	0.10188	0.02213	0.04976	0.11212	0.00356	0.00451
18	0.01334	0.00978	0.01148	0.02525	0.01254	0.07321	0.06830	0.15320	0.09898	0.19946	0.01195	0.01199	0.02285	0.00460	0.00403	0.00113	0.00430	0.00379	0.00364	0.26618

[dist]
# distance from previous block
# <min> <max>
3	12

[block]
# block no. 9 follows, 61 sequences, length 34
# corresponding to MSA columns:
# 417-450
name=unknown_J
#
# <colnr> <probs for GDERKNQSTAVLIFYWHMCP>
#	G	D	E	R	K	N	Q	S	T	A	V	L	I	F	Y	W	H	M	C	P
0	0.17071	0.00972	0.02130	0.00787	0.01117	0.00985	0.00648	0.31033	0.09674	0.03159	0.00965	0.01008	0.00727	0.00443	0.00366	0.00112	0.00384	0.00331	0.02135	0.25952
1	0.00939	0.00998	0.04804	0.01135	0.01162	0.01306	0.00970	0.01051	0.00670	0.01051	0.00574	0.00941	0.00565	0.00739	0.01371	0.00186	0.80497	0.00374	0.00188	0.00478
2	0.00533	0.00419	0.00482	0.00505	0.00606	0.00368	0.00364	0.00650	0.00980	0.01251	0.18470	0.27997	0.43589	0.01128	0.00521	0.00152	0.00225	0.00979	0.00414	0.00368
3	0.05136	0.00672	0.00831	0.00675	0.00934	0.00621	0.00544	0.06237	0.03228	0.44283	0.12147	0.01894	0.09165	0.00618	0.00427	0.00130	0.00318	0.00506	0.08944	0.02689
4	0.01584	0.02016	0.01203	0.01094	0.01314	0.81217	0.00821	0.01695	0.01215	0.01057	0.00751	0.00855	0.02439	0.00459	0.00391	0.00112	0.00764	0.00292	0.00226	0.00496
5	0.00574	0.00454	0.00525	0.00555	0.00673	0.00412	0.00432	0.00733	0.03025	0.01244	0.09880	0.14946	0.45868	0.01117	0.00531	0.00160	0.00263	0.17823	0.00406	0.00380
6	0.87904	0.00833	0.00633	0.00566	0.00833	0.00966	0.00467	0.01266	0.00733	0.01933	0.00600	0.00700	0.00467	0.00400	0.00267	0.00133	0.00333	0.00233	0.00267	0.00467
7	0.00946	0.00888	0.01489	0.50851	0.23957	0.01007	0.06273	0.05853	0.02142	0.01305	0.00814	0.01127	0.00628	0.00421	0.00435	0.00139	0.00558	0.00393	0.00217	0.00557
8	0.00611	0.00439	0.00597	0.00692	0.00760	0.00425	0.00548	0.00750	0.00916	0.01199	0.02405	0.40640	0.05774	0.01258	0.00571	0.00186	0.00324	0.41133	0.00398	0.00374
9	0.00573	0.00439	0.00524	0.00503	0.00621	0.00391	0.00377	0.00741	0.01132	0.01519	0.53319	0.03560	0.32822	0.00958	0.00508	0.00139	0.00209	0.00827	0.00447	0.00391
10	0.00864	0.02228	0.82630	0.01228	0.01864	0.01000	0.01592	0.01364	0.00909	0.01364	0.00773	0.00909	0.00546	0.00409	0.00409	0.00136	0.00637	0.00318	0.00182	0.00637
11	0.01057	0.53966	0.27223	0.01011	0.06520	0.01442	0.01040	0.01315	0.00893	0.01148	0.00667	0.00783	0.00559	0.00382	0.00327	0.00108	0.00519	0.00267	0.00185	0.00587
12	0.00752	0.00565	0.00799	0.00827	0.00958	0.00565	0.04520	0.05989	0.01052	0.01370	0.02259	0.07519	0.06946	0.01108	0.00574	0.00187	0.00401	0.62797	0.00391	0.00423
13	0.00864	0.02228	0.82630	0.01228	0.01864	0.01000	0.01592	0.01364	0.00909	0.01364	0.00773	0.00909	0.00546	0.00409	0.00409	0.00136	0.00637	0.00318	0.00182	0.00637
14	0.09740	0.01174	0.00936	0.00844	0.01045	0.28186	0.00645	0.14895	0.06271	0.03185	0.01396	0.13702	0.07208	0.02955	0.05754	0.00176	0.00540	0.00518	0.00324	0.00507
15	0.01082	0.01081	0.01732	0.07648	0.67310	0.06268	0.05921	0.01337	0.00991	0.01364	0.00802	0.01058	0.00666	0.00389	0.00429	0.00129	0.00545	0.00384	0.00213	0.00652
16	0.00623	0.00492	0.00585	0.00643	0.00752	0.02226	0.00523	0.00771	0.00971	0.01213	0.03029	0.14927	0.31922	0.01158	0.00553	0.00174	0.00320	0.38345	0.00395	0.00381
17	0.00813	0.00766	0.01292	0.83826	0.02967	0.00957	0.01196	0.01101	0.00861	0.01101	0.00766	0.01148	0.00574	0.00431	0.00431	0.00144	0.00574	0.00383	0.00191	0.00479
18	0.01503	0.03864	0.01212	0.01048	0.01276	0.59448	0.00802	0.12426	0.05502	0.01320	0.00851	0.04896	0.00730	0.00511	0.00429	0.00120	0.02908	0.00351	0.00268	0.00534
19	0.00943	0.00772	0.00861	0.00796	0.00967	0.02883	0.02258	0.12897	0.32522	0.01615	0.03551	0.30914	0.01811	0.04456	0.00554	0.00164	0.00347	0.00741	0.00407	0.00541
20	0.00524	0.00378	0.00497	0.00592	0.00623	0.00351	0.00396	0.00601	0.00832	0.01103	0.02470	0.80705	0.06663	0.01337	0.00548	0.00174	0.00248	0.01209	0.00400	0.00351
21	0.01277	0.12546	0.06542	0.01315	0.03549	0.35023	0.26579	0.03590	0.01107	0.01241	0.02794	0.00973	0.00682	0.00417	0.00419	0.00123	0.00682	0.00366	0.00225	0.00549
22	0.02554	0.06563	0.56011	0.01255	0.01805	0.01049	0.14915	0.01434	0.05639	0.03527	0.00859	0.00992	0.00622	0.00412	0.00418	0.00136	0.00612	0.00357	0.00214	0.00624
23	0.00569	0.00439	0.00519	0.00499	0.00618	0.00389	0.00374	0.00734	0.01123	0.01498	0.50441	0.03594	0.35714	0.00966	0.00508	0.00140	0.00209	0.00832	0.00444	0.00389
24	0.00615	0.00462	0.00692	0.00692	0.00769	0.00538	0.00538	0.00769	0.00692	0.01000	0.01154	0.01692	0.01077	0.03231	0.83154	0.00692	0.01154	0.00462	0.00231	0.00385
25	0.00624	0.00417	0.00471	0.00473	0.00474	0.00416	0.00264	0.00626	0.00631	0.00842	0.01383	0.04873	0.01598	0.82763	0.02151	0.00412	0.00413	0.00641	0.00264	0.00263
26	0.69893	0.09927	0.05631	0.00641	0.00944	0.01063	0.00576	0.04646	0.00813	0.01834	0.00628	0.00725	0.00492	0.00402	0.00283	0.00129	0.00371	0.00244	0.00260	0.00497
27	0.01066	0.01023	0.01748	0.02644	0.82174	0.01023	0.01322	0.01322	0.00981	0.01407	0.00810	0.01066	0.00682	0.00384	0.00426	0.00128	0.00512	0.00384	0.00213	0.00682
28	0.01170	0.00860	0.00948	0.00842	0.01085	0.00957	0.00656	0.02152	0.63795	0.14290	0.01785	0.06886	0.01374	0.00625	0.00445	0.00146	0.00339	0.00526	0.00451	0.00669
29	0.01005	0.00973	0.01599	0.26825	0.56444	0.03136	0.01272	0.01266	0.00951	0.01307	0.00793	0.01083	0.00647	0.00399	0.00427	0.00132	0.00537	0.00381	0.00207	0.00617
30	0.01106	0.67549	0.12748	0.00928	0.05148	0.01560	0.03431	0.01304	0.00889	0.01090	0.00641	0.00753	0.00561	0.00374	0.00308	0.00101	0.00495	0.00258	0.00186	0.00571
31	0.00559	0.00445	0.00505	0.00510	0.00638	0.00392	0.00395	0.00703	0.01043	0.01322	0.23652	0.04005	0.51956	0.01051	0.00520	0.00150	0.00238	0.11120	0.00418	0.00379
32	0.00609	0.00445	0.00568	0.00555	0.00655	0.00413	0.00422	0.00790	0.01134	0.01566	0.60001	0.03478	0.12082	0.05850	0.00616	0.00160	0.00239	0.09581	0.00445	0.00392
33	0.17310	0.01296	0.00979	0.00873	0.01074	0.35021	0.01880	0.09800	0.01100	0.01471	0.00908	0.06291	0.00791	0.00597	0.02534	0.00140	0.05435	0.00372	0.11638	0.00492

[dist]
# distance from previous block
# <min> <max>
0	1

[block]
# block no. 10 follows, 61 sequences, length 15
# corresponding to MSA columns:
# 452-466
name=unknown_K
#
# <colnr> <probs for GDERKNQSTAVLIFYWHMCP>
#	G	D	E	R	K	N	Q	S	T	A	V	L	I	F	Y	W	H	M	C	P
0	0.20336	0.24418	0.08067	0.00861	0.01190	0.01251	0.04603	0.09499	0.20809	0.01629	0.00954	0.01000	0.00744	0.00456	0.00379	0.00127	0.02461	0.00334	0.00291	0.00590
1	0.00608	0.00469	0.00651	0.00818	0.08870	0.00454	0.00507	0.00760	0.04742	0.01183	0.04538	0.69751	0.02592	0.01201	0.00531	0.00168	0.00279	0.01091	0.00385	0.00401
2	0.00894	0.00895	0.01285	0.75488	0.02802	0.09241	0.01160	0.01163	0.00898	0.01096	0.00756	0.01111	0.00572	0.00432	0.00426	0.00140	0.00595	0.00372	0.00194	0.00481
3	0.01536	0.01083	0.01192	0.00912	0.01257	0.01143	0.00750	0.58026	0.05000	0.10527	0.01091	0.01080	0.00776	0.00493	0.00415	0.00121	0.00435	0.00377	0.00416	0.13368
4	0.00828	0.00672	0.04845	0.00659	0.00878	0.00562	0.02267	0.01121	0.09995	0.09588	0.19579	0.08232	0.21010	0.02582	0.02510	0.00151	0.00320	0.00657	0.00391	0.13153
5	0.08793	0.06395	0.05007	0.01033	0.02557	0.10369	0.18771	0.07164	0.02804	0.09674	0.01452	0.08103	0.10633	0.00576	0.00432	0.00132	0.00491	0.00506	0.00310	0.04798
6	0.03183	0.08592	0.13018	0.00898	0.03147	0.05001	0.00806	0.18027	0.06267	0.15361	0.01093	0.01165	0.00811	0.00469	0.00387	0.00118	0.00440	0.01760	0.06589	0.12867
7	0.00807	0.00542	0.00695	0.00665	0.00790	0.00526	0.02382	0.10054	0.01055	0.08778	0.10321	0.41255	0.12496	0.02652	0.04703	0.00188	0.00338	0.00904	0.00408	0.00442
8	0.07354	0.05017	0.13499	0.00895	0.01234	0.05977	0.02018	0.25341	0.03809	0.12245	0.06884	0.06296	0.01088	0.00548	0.00414	0.00128	0.00450	0.00434	0.00358	0.06010
9	0.01162	0.15602	0.27945	0.01027	0.04199	0.04164	0.04503	0.06772	0.01071	0.15568	0.03720	0.01381	0.04951	0.00508	0.00410	0.00128	0.00502	0.03511	0.00295	0.02581
10	0.04337	0.01133	0.13373	0.10489	0.10897	0.09901	0.07893	0.02910	0.03298	0.06879	0.05027	0.08502	0.01168	0.00589	0.00446	0.00139	0.00507	0.07301	0.00288	0.04924
11	0.02615	0.04201	0.12564	0.22730	0.13276	0.05042	0.09392	0.07921	0.01032	0.06232	0.00907	0.04363	0.00726	0.00464	0.00447	0.00134	0.02525	0.00404	0.00250	0.04775
12	0.01086	0.06105	0.01522	0.14524	0.27513	0.00952	0.11260	0.07209	0.01042	0.09565	0.01084	0.10795	0.00946	0.00522	0.00439	0.00134	0.00491	0.00488	0.00280	0.04042
13	0.02842	0.12882	0.06453	0.06640	0.06922	0.09288	0.22722	0.01297	0.02519	0.03226	0.01011	0.01221	0.04770	0.02589	0.03588	0.00151	0.01477	0.00403	0.00237	0.09761
14	0.01119	0.14013	0.06098	0.12405	0.26075	0.02925	0.06835	0.04533	0.04894	0.09503	0.01022	0.05355	0.00851	0.00483	0.00419	0.00131	0.00501	0.01963	0.00269	0.00606

[dist]
# distance from previous block
# <min> <max>
0	98

# created by:
# /st0/software/busco_prod/Augustus/scripts/msa2prfl.pl ./align_prep/1076134.fa
