[name]
unknown

[dist]
# distance from previous block
# <min> <max>
0	107

[block]
# block no. 0 follows, 65 sequences, length 29
# corresponding to MSA columns:
# 118-146
name=unknown_A
#
# <colnr> <probs for GDERKNQSTAVLIFYWHMCP>
#	G	D	E	R	K	N	Q	S	T	A	V	L	I	F	Y	W	H	M	C	P
0	0.00851	0.00730	0.00851	0.00608	0.00973	0.00547	0.00486	0.01034	0.00851	0.01338	0.00730	0.00851	0.00608	0.00304	0.00304	0.00061	0.00304	0.00243	0.00243	0.88083
1	0.00969	0.01107	0.02422	0.01730	0.02145	0.01038	0.81522	0.01315	0.00969	0.01315	0.00830	0.01107	0.00623	0.00346	0.00484	0.00138	0.00692	0.00484	0.00208	0.00554
2	0.20568	0.01702	0.01041	0.00944	0.01165	0.65752	0.00717	0.01544	0.01062	0.01188	0.00621	0.00724	0.00510	0.00414	0.00345	0.00110	0.00648	0.00255	0.00221	0.00469
3	0.00886	0.23041	0.60898	0.01034	0.01560	0.01107	0.01279	0.01264	0.00851	0.01203	0.00710	0.00862	0.00547	0.02626	0.00403	0.00126	0.00559	0.00290	0.00176	0.00577
4	0.00687	0.00588	0.00853	0.00795	0.00845	0.00754	0.00638	0.00816	0.00650	0.00964	0.00918	0.01381	0.00868	0.02314	0.57174	0.00504	0.28237	0.00414	0.00207	0.00393
5	0.00509	0.00423	0.00449	0.00461	0.00594	0.00363	0.00359	0.00624	0.00937	0.01125	0.03893	0.04041	0.72089	0.01052	0.00496	0.00145	0.00231	0.11477	0.00381	0.00351
6	0.00839	0.07001	0.78709	0.01143	0.01734	0.00992	0.01469	0.01296	0.00865	0.01280	0.00727	0.00855	0.00520	0.00388	0.00383	0.00128	0.00597	0.00298	0.00173	0.00602
7	0.00650	0.00771	0.13718	0.26259	0.01510	0.00630	0.03499	0.00855	0.00815	0.01096	0.01510	0.43703	0.01643	0.00848	0.00467	0.00151	0.00405	0.00765	0.00282	0.00421
8	0.00948	0.00753	0.01020	0.00880	0.00926	0.00962	0.00703	0.06210	0.00737	0.07368	0.00772	0.01218	0.00731	0.11347	0.01346	0.13751	0.49286	0.00393	0.00228	0.00418
9	0.00778	0.00756	0.01302	0.54645	0.02305	0.00858	0.14596	0.01082	0.04705	0.01134	0.01279	0.01524	0.12302	0.00496	0.00434	0.00137	0.00513	0.00461	0.00226	0.00466
10	0.00987	0.00945	0.01613	0.12518	0.73244	0.00968	0.01245	0.01234	0.00921	0.01305	0.00767	0.01026	0.00638	0.00371	0.00407	0.00124	0.00495	0.00366	0.00201	0.00627
11	0.00777	0.02571	0.01299	0.53691	0.07700	0.00852	0.10616	0.01021	0.00841	0.01098	0.00991	0.14815	0.00916	0.00541	0.00434	0.00140	0.00508	0.00507	0.00219	0.00462
12	0.00819	0.00766	0.01016	0.00904	0.00942	0.03920	0.00731	0.02657	0.00684	0.01001	0.00775	0.01228	0.00753	0.06587	0.27398	0.00340	0.48463	0.00396	0.00203	0.00417
13	0.88473	0.00794	0.00603	0.00540	0.00794	0.00921	0.00445	0.01207	0.00699	0.01842	0.00572	0.00667	0.00445	0.00381	0.00254	0.00127	0.00318	0.00222	0.00254	0.00445
14	0.00752	0.00755	0.05815	0.36944	0.12151	0.00786	0.04350	0.00988	0.00787	0.01073	0.00873	0.01283	0.00741	0.03811	0.26810	0.00307	0.00719	0.00397	0.00199	0.00459
15	0.00784	0.00746	0.01284	0.80906	0.02797	0.00918	0.04712	0.01061	0.00827	0.01061	0.00734	0.01095	0.00551	0.00408	0.00414	0.00137	0.00554	0.00370	0.00184	0.00460
16	0.00553	0.00405	0.00522	0.00573	0.00635	0.00368	0.00394	0.00635	0.00784	0.01066	0.02014	0.65820	0.02373	0.08208	0.00633	0.00176	0.00265	0.04547	0.00355	0.09675
17	0.01097	0.85821	0.02151	0.00702	0.01054	0.01624	0.00702	0.01229	0.00834	0.00966	0.00571	0.00658	0.00527	0.00351	0.00263	0.00088	0.00439	0.00219	0.00176	0.00527
18	0.00771	0.00710	0.01040	0.00917	0.00970	0.00924	0.04051	0.00916	0.02385	0.00999	0.00817	0.01244	0.00773	0.03137	0.35113	0.00377	0.43829	0.00404	0.00204	0.00420
19	0.00845	0.08172	0.38850	0.04453	0.01403	0.00984	0.03503	0.01118	0.00776	0.02403	0.00781	0.01161	0.00686	0.13538	0.00857	0.00179	0.19228	0.00364	0.00193	0.00504
20	0.00823	0.02123	0.83447	0.01170	0.01777	0.00953	0.01517	0.01300	0.00867	0.01300	0.00737	0.00867	0.00520	0.00390	0.00390	0.00130	0.00607	0.00303	0.00173	0.00607
21	0.00828	0.00784	0.01327	0.66472	0.20528	0.00926	0.01166	0.01095	0.00846	0.01113	0.00739	0.01077	0.00570	0.00401	0.00410	0.00134	0.00534	0.00365	0.00187	0.00499
22	0.00986	0.00971	0.06350	0.06951	0.50025	0.00917	0.05838	0.02569	0.08003	0.04285	0.04677	0.03428	0.00930	0.00451	0.00421	0.00129	0.00469	0.01740	0.00252	0.00608
23	0.00775	0.00730	0.01231	0.84587	0.02827	0.00912	0.01140	0.01049	0.00821	0.01049	0.00730	0.01094	0.00547	0.00410	0.00410	0.00137	0.00547	0.00365	0.00182	0.00456
24	0.01016	0.00975	0.01666	0.02520	0.83013	0.00975	0.01260	0.01260	0.00935	0.01341	0.00772	0.01016	0.00650	0.00366	0.00406	0.00122	0.00488	0.00366	0.00203	0.00650
25	0.00925	0.00883	0.01502	0.33416	0.52825	0.00951	0.01215	0.01180	0.00892	0.01231	0.00756	0.01045	0.00611	0.00383	0.00408	0.00128	0.00510	0.00365	0.00195	0.00577
26	0.00951	0.03185	0.47746	0.04530	0.04018	0.03027	0.05538	0.01330	0.03312	0.11092	0.03110	0.03425	0.05965	0.00482	0.00409	0.00130	0.00522	0.00402	0.00250	0.00577
27	0.14251	0.00752	0.00927	0.00722	0.01031	0.00708	0.00596	0.08958	0.01174	0.64440	0.01413	0.01256	0.00906	0.00488	0.00390	0.00127	0.00354	0.00382	0.00463	0.00662
28	0.00775	0.00730	0.01231	0.84587	0.02827	0.00912	0.01140	0.01049	0.00821	0.01049	0.00730	0.01094	0.00547	0.00410	0.00410	0.00137	0.00547	0.00365	0.00182	0.00456

[dist]
# distance from previous block
# <min> <max>
0	1

[block]
# block no. 1 follows, 65 sequences, length 45
# corresponding to MSA columns:
# 148-192
name=unknown_B
#
# <colnr> <probs for GDERKNQSTAVLIFYWHMCP>
#	G	D	E	R	K	N	Q	S	T	A	V	L	I	F	Y	W	H	M	C	P
0	0.00901	0.03702	0.60053	0.03094	0.04865	0.00920	0.05325	0.02938	0.00912	0.06112	0.00900	0.04160	0.00707	0.00454	0.00406	0.00132	0.00561	0.03052	0.00216	0.00590
1	0.18140	0.00677	0.00779	0.02556	0.00919	0.00642	0.00511	0.04011	0.00995	0.17790	0.21315	0.01486	0.01470	0.00511	0.00391	0.00111	0.02230	0.00407	0.00353	0.24706
2	0.00911	0.00909	0.01319	0.01227	0.08840	0.01226	0.02520	0.01020	0.00664	0.01028	0.00567	0.00913	0.00551	0.00678	0.01241	0.00173	0.75198	0.00362	0.00182	0.00470
3	0.02278	0.08270	0.20994	0.04834	0.41559	0.00981	0.03398	0.01265	0.00912	0.05268	0.02708	0.02941	0.00739	0.00416	0.00409	0.00124	0.01714	0.00369	0.00218	0.00603
4	0.02238	0.02440	0.01244	0.36397	0.03090	0.02441	0.11491	0.02127	0.01985	0.09497	0.06920	0.06982	0.02686	0.00551	0.00497	0.00140	0.06328	0.02194	0.00267	0.00486
5	0.01657	0.00994	0.01136	0.00871	0.01195	0.01042	0.00719	0.54212	0.01670	0.30387	0.01204	0.01127	0.00808	0.00498	0.00411	0.00125	0.00416	0.00384	0.00444	0.00698
6	0.01036	0.04477	0.14452	0.07882	0.23210	0.00934	0.13364	0.04630	0.02886	0.10764	0.05056	0.03974	0.00897	0.00465	0.00460	0.00131	0.04114	0.00421	0.00263	0.00584
7	0.00878	0.13552	0.01342	0.09954	0.29658	0.03638	0.03292	0.01089	0.02130	0.01169	0.02297	0.01628	0.08194	0.00880	0.12127	0.00201	0.00547	0.06675	0.00236	0.00511
8	0.01779	0.00732	0.00967	0.00744	0.01056	0.00659	0.00614	0.09372	0.01245	0.73428	0.03910	0.01407	0.01069	0.00516	0.00415	0.00127	0.00354	0.00418	0.00497	0.00690
9	0.00953	0.01000	0.01968	0.15539	0.29969	0.00996	0.40883	0.01253	0.00933	0.01280	0.00794	0.01074	0.00620	0.00363	0.00446	0.00132	0.00598	0.00424	0.00202	0.00571
10	0.01096	0.01163	0.05593	0.04367	0.52496	0.13348	0.01117	0.05259	0.07263	0.01367	0.00857	0.01081	0.00706	0.00413	0.00405	0.00123	0.00517	0.01982	0.00232	0.00613
11	0.00695	0.00430	0.00563	0.00601	0.00679	0.00402	0.00432	0.02667	0.00885	0.10576	0.05073	0.58343	0.06699	0.02463	0.01792	0.00171	0.00278	0.06468	0.00394	0.00389
12	0.00736	0.00670	0.01009	0.38308	0.05934	0.00784	0.02081	0.01000	0.07060	0.01116	0.01502	0.14386	0.12256	0.02317	0.00566	0.00150	0.08849	0.00570	0.00261	0.00444
13	0.88473	0.00794	0.00603	0.00540	0.00794	0.00921	0.00445	0.01207	0.00699	0.01842	0.00572	0.00667	0.00445	0.00381	0.00254	0.00127	0.00318	0.00222	0.00254	0.00445
14	0.00586	0.00432	0.00547	0.03390	0.00700	0.00421	0.00423	0.00669	0.00830	0.03907	0.02620	0.43054	0.27865	0.02235	0.00615	0.03809	0.04834	0.02354	0.00358	0.00354
15	0.00977	0.00936	0.01597	0.15641	0.70193	0.00965	0.01241	0.01226	0.00916	0.01294	0.00765	0.01028	0.00634	0.00373	0.00407	0.00124	0.00497	0.00366	0.00200	0.00619
16	0.20562	0.00719	0.00877	0.00689	0.00993	0.00672	0.00569	0.01829	0.01072	0.65696	0.01393	0.01239	0.00893	0.00481	0.00378	0.00127	0.00342	0.00372	0.00453	0.00644
17	0.01016	0.00975	0.01666	0.02520	0.83013	0.00975	0.01260	0.01260	0.00935	0.01341	0.00772	0.01016	0.00650	0.00366	0.00406	0.00122	0.00488	0.00366	0.00203	0.00650
18	0.00551	0.00429	0.00600	0.03537	0.00769	0.00406	0.03806	0.00664	0.00846	0.01097	0.02479	0.51954	0.16966	0.01149	0.00518	0.00163	0.00283	0.13059	0.00367	0.00356
19	0.00631	0.00461	0.00623	0.02104	0.00686	0.00516	0.00445	0.00720	0.00665	0.02503	0.01309	0.04871	0.04826	0.31697	0.40166	0.00477	0.06187	0.00531	0.00245	0.00336
20	0.01412	0.01202	0.01282	0.01046	0.01269	0.27577	0.11283	0.01562	0.01019	0.27243	0.00952	0.01034	0.00699	0.00508	0.00623	0.00134	0.19946	0.00362	0.00298	0.00551
21	0.01022	0.01006	0.04336	0.11808	0.59652	0.02792	0.07485	0.01279	0.00937	0.04571	0.00801	0.01036	0.00644	0.00377	0.00412	0.00125	0.00514	0.00372	0.00213	0.00617
22	0.00969	0.02730	0.17366	0.03696	0.51984	0.00991	0.13732	0.01271	0.00923	0.01317	0.00770	0.00997	0.00617	0.00368	0.00413	0.00126	0.00542	0.00370	0.00197	0.00621
23	0.00809	0.00784	0.01228	0.80893	0.02758	0.04583	0.01125	0.01075	0.00836	0.01047	0.00725	0.01079	0.00546	0.00411	0.00409	0.00135	0.00556	0.00360	0.00184	0.00457
24	0.00752	0.00656	0.00959	0.16217	0.01214	0.00841	0.00738	0.00885	0.00679	0.02143	0.00860	0.01378	0.00815	0.10878	0.28746	0.00355	0.30858	0.00414	0.00206	0.00404
25	0.01513	0.00955	0.01175	0.01132	0.14562	0.10147	0.03697	0.09855	0.05232	0.40996	0.01256	0.02851	0.00884	0.00493	0.00443	0.00127	0.03252	0.00402	0.00386	0.00642
26	0.00827	0.02101	0.81650	0.01182	0.01785	0.00955	0.03291	0.01300	0.00869	0.01300	0.00739	0.00872	0.00522	0.00389	0.00392	0.00130	0.00609	0.00307	0.00174	0.00605
27	0.01016	0.00975	0.01666	0.02520	0.83013	0.00975	0.01260	0.01260	0.00935	0.01341	0.00772	0.01016	0.00650	0.00366	0.00406	0.00122	0.00488	0.00366	0.00203	0.00650
28	0.00749	0.00466	0.00549	0.00501	0.00658	0.00403	0.00385	0.00890	0.01046	0.15509	0.27762	0.03238	0.44527	0.00886	0.00472	0.00134	0.00228	0.00750	0.00425	0.00420
29	0.00966	0.01087	0.08873	0.06904	0.01948	0.00951	0.56230	0.02901	0.02260	0.05453	0.02636	0.06026	0.00829	0.00433	0.00468	0.00138	0.00611	0.00500	0.00241	0.00547
30	0.00644	0.00462	0.00641	0.00733	0.00823	0.00458	0.00630	0.00821	0.00931	0.01211	0.02224	0.11432	0.04125	0.01145	0.00562	0.00186	0.00363	0.71859	0.00378	0.00374
31	0.00965	0.00927	0.01590	0.19663	0.64664	0.00963	0.02807	0.01217	0.00912	0.01279	0.00764	0.01034	0.00628	0.00375	0.00409	0.00125	0.00504	0.00368	0.00199	0.00608
32	0.00991	0.00950	0.01621	0.11012	0.74715	0.00969	0.01247	0.01238	0.00923	0.01311	0.00768	0.01024	0.00640	0.00370	0.00407	0.00123	0.00494	0.00366	0.00201	0.00630
33	0.00992	0.00913	0.05272	0.07695	0.15815	0.00932	0.04643	0.01721	0.43764	0.05521	0.01391	0.07296	0.01116	0.00543	0.00424	0.00137	0.00398	0.00479	0.00341	0.00608
34	0.00513	0.00485	0.04619	0.00515	0.00639	0.00378	0.00407	0.00629	0.00886	0.01104	0.03322	0.29232	0.50759	0.01087	0.00495	0.00149	0.00244	0.03811	0.00371	0.00357
35	0.01050	0.00910	0.01550	0.16916	0.57699	0.00931	0.04346	0.01295	0.00939	0.09144	0.00848	0.01070	0.00666	0.00387	0.00411	0.00126	0.00493	0.00375	0.00229	0.00616
36	0.01150	0.00700	0.04511	0.00868	0.01106	0.00604	0.10551	0.01354	0.01024	0.32442	0.01726	0.06229	0.01550	0.00762	0.00484	0.00154	0.00406	0.31867	0.01983	0.00529
37	0.00882	0.00883	0.01285	0.01090	0.01115	0.01198	0.05502	0.00986	0.00656	0.01010	0.00642	0.05154	0.00653	0.00726	0.01256	0.00177	0.75738	0.00407	0.00191	0.00449
38	0.00856	0.09014	0.69296	0.01203	0.05792	0.01004	0.03138	0.01284	0.00871	0.01273	0.00753	0.00930	0.00563	0.00398	0.00385	0.00127	0.00584	0.01752	0.00179	0.00597
39	0.00833	0.01798	0.62783	0.01330	0.11956	0.00918	0.05927	0.01245	0.00875	0.01288	0.00853	0.06777	0.00695	0.00447	0.00407	0.00132	0.00571	0.00382	0.00193	0.00590
40	0.01015	0.00912	0.01424	0.32157	0.39193	0.01000	0.01128	0.14000	0.02611	0.01440	0.00808	0.01050	0.00632	0.00406	0.00409	0.00128	0.00501	0.00368	0.00233	0.00587
41	0.02916	0.15957	0.03840	0.01326	0.20926	0.29640	0.03647	0.07417	0.04312	0.01269	0.00777	0.03063	0.00659	0.00423	0.00370	0.00112	0.00554	0.00328	0.00231	0.02232
42	0.01006	0.00800	0.00999	0.00923	0.07123	0.04073	0.06362	0.10698	0.22804	0.08057	0.29264	0.01914	0.02957	0.00614	0.00442	0.00130	0.00350	0.00536	0.00396	0.00552
43	0.02328	0.00934	0.01461	0.13402	0.55038	0.04231	0.02964	0.01267	0.05478	0.01335	0.04947	0.01156	0.00832	0.00411	0.00407	0.00124	0.00477	0.00387	0.02228	0.00592
44	0.12935	0.02668	0.05328	0.09927	0.13416	0.04584	0.17614	0.09400	0.09574	0.06783	0.00905	0.01042	0.00681	0.00424	0.00427	0.00131	0.02946	0.00374	0.00269	0.00572

[dist]
# distance from previous block
# <min> <max>
2	6

[block]
# block no. 2 follows, 65 sequences, length 62
# corresponding to MSA columns:
# 199-257,260-262
name=unknown_C
#
# <colnr> <probs for GDERKNQSTAVLIFYWHMCP>
#	G	D	E	R	K	N	Q	S	T	A	V	L	I	F	Y	W	H	M	C	P
0	0.04439	0.23991	0.32448	0.01028	0.03253	0.06374	0.07339	0.06264	0.00961	0.06002	0.00787	0.02710	0.00619	0.00409	0.00362	0.00117	0.00527	0.00320	0.00222	0.01828
1	0.02686	0.18132	0.18251	0.01378	0.24473	0.04898	0.04611	0.03381	0.00972	0.13630	0.02027	0.00983	0.00691	0.00400	0.00374	0.00117	0.00491	0.00333	0.00248	0.01924
2	0.03513	0.10949	0.04984	0.03322	0.00968	0.00757	0.00584	0.03538	0.11958	0.02916	0.27618	0.03235	0.03308	0.00574	0.00406	0.00113	0.01514	0.00475	0.00335	0.18933
3	0.05401	0.08609	0.06174	0.03398	0.03207	0.00862	0.05790	0.11417	0.00991	0.05107	0.00827	0.03573	0.00681	0.00408	0.00393	0.00099	0.04264	0.00324	0.00263	0.38211
4	0.06351	0.13204	0.24910	0.04121	0.11656	0.04170	0.06358	0.12978	0.08132	0.01496	0.00827	0.00938	0.00632	0.00408	0.00376	0.00121	0.00507	0.00330	0.00243	0.02242
5	0.58208	0.02899	0.06534	0.00710	0.00989	0.09717	0.02606	0.02669	0.09659	0.01682	0.00722	0.00798	0.00557	0.00405	0.00302	0.00126	0.00397	0.00267	0.00261	0.00490
6	0.01577	0.00738	0.03438	0.00713	0.01040	0.00596	0.00601	0.01751	0.01103	0.62223	0.04269	0.01335	0.01023	0.00477	0.00394	0.00114	0.00343	0.00389	0.00445	0.17432
7	0.00571	0.00434	0.00615	0.00609	0.00696	0.00403	0.04381	0.00722	0.00986	0.01352	0.39347	0.33767	0.06888	0.01012	0.00505	0.00148	0.00248	0.06538	0.00405	0.00373
8	0.00860	0.00737	0.00855	0.00619	0.00977	0.00570	0.00494	0.01090	0.04845	0.01356	0.00776	0.00885	0.00640	0.00316	0.00310	0.00065	0.00305	0.00254	0.00252	0.83794
9	0.02767	0.00749	0.01007	0.00801	0.01075	0.02426	0.06923	0.02833	0.11448	0.45719	0.08653	0.01541	0.02765	0.00658	0.04528	0.00154	0.01402	0.00451	0.00427	0.03672
10	0.00587	0.00438	0.00649	0.00649	0.00719	0.00507	0.00500	0.00726	0.00657	0.00945	0.01109	0.01665	0.01049	0.07126	0.79932	0.00647	0.01065	0.00448	0.00221	0.00361
11	0.00500	0.00357	0.00476	0.00572	0.00595	0.00333	0.00381	0.00572	0.00786	0.01048	0.02262	0.85306	0.02715	0.01286	0.00524	0.00167	0.00238	0.01167	0.00381	0.00333
12	0.00505	0.00361	0.00482	0.00577	0.00603	0.00337	0.00389	0.00580	0.00791	0.01053	0.02260	0.82962	0.02705	0.01282	0.00525	0.00167	0.00242	0.03465	0.00381	0.00335
13	0.01085	0.81973	0.05888	0.00724	0.01087	0.01593	0.00740	0.01232	0.00836	0.00981	0.00578	0.00668	0.00526	0.00353	0.00269	0.00090	0.00447	0.00223	0.00175	0.00530
14	0.00775	0.00730	0.01231	0.84587	0.02827	0.00912	0.01140	0.01049	0.00821	0.01049	0.00730	0.01094	0.00547	0.00410	0.00410	0.00137	0.00547	0.00365	0.00182	0.00456
15	0.06040	0.14377	0.40736	0.01128	0.05157	0.03221	0.07903	0.11985	0.03203	0.01458	0.00767	0.00881	0.00575	0.00398	0.00375	0.00123	0.00542	0.00316	0.00222	0.00593
16	0.21091	0.04664	0.05048	0.01037	0.03054	0.15801	0.20880	0.02318	0.06710	0.01406	0.04319	0.01358	0.05734	0.00487	0.00394	0.00129	0.00503	0.04306	0.00262	0.00499
17	0.01010	0.01124	0.09355	0.01300	0.03161	0.04615	0.39672	0.03966	0.12510	0.04214	0.03721	0.01168	0.00823	0.00406	0.00433	0.00125	0.00547	0.00426	0.00264	0.11159
18	0.01235	0.04996	0.01191	0.01074	0.09865	0.15995	0.02370	0.23911	0.26328	0.01728	0.03779	0.01257	0.03433	0.00505	0.00404	0.00124	0.00457	0.00402	0.00341	0.00607
19	0.01030	0.06773	0.01277	0.40305	0.03742	0.12982	0.03585	0.09737	0.11738	0.01306	0.00899	0.01153	0.00705	0.00452	0.00402	0.00129	0.00527	0.02491	0.00248	0.00520
20	0.08708	0.00726	0.00937	0.00725	0.01037	0.00658	0.00598	0.05403	0.01170	0.73319	0.01509	0.01321	0.00957	0.00497	0.00400	0.00127	0.00351	0.00396	0.00484	0.00678
21	0.01016	0.00973	0.01645	0.02471	0.80637	0.00977	0.01242	0.01287	0.03293	0.01352	0.00798	0.01031	0.00668	0.00371	0.00407	0.00122	0.00483	0.00369	0.00209	0.00650
22	0.01035	0.00533	0.00692	0.00595	0.00778	0.00478	0.00468	0.02876	0.01148	0.30370	0.40975	0.03713	0.11645	0.00750	0.00460	0.00131	0.00260	0.02136	0.00460	0.00498
23	0.00499	0.00361	0.00472	0.00560	0.00592	0.00334	0.00376	0.00573	0.00797	0.01052	0.02397	0.79525	0.08409	0.01269	0.00521	0.00165	0.00236	0.01146	0.00381	0.00334
24	0.01543	0.01160	0.01221	0.00944	0.01266	0.03155	0.00776	0.77297	0.04459	0.02523	0.00999	0.00997	0.00712	0.00493	0.00410	0.00123	0.00454	0.00370	0.00406	0.00691
25	0.01544	0.01638	0.01190	0.01013	0.01271	0.51257	0.00788	0.33262	0.01466	0.01630	0.00773	0.00837	0.00596	0.00451	0.00386	0.00113	0.00626	0.00306	0.00290	0.00564
26	0.01103	0.00727	0.00947	0.00845	0.01062	0.00751	0.05299	0.09237	0.22105	0.18459	0.01738	0.02608	0.01537	0.00748	0.00477	0.00154	0.00383	0.30857	0.00409	0.00555
27	0.00502	0.00415	0.00440	0.00436	0.00565	0.00353	0.00326	0.00620	0.00971	0.01199	0.17454	0.05556	0.67724	0.01011	0.00486	0.00138	0.00206	0.00852	0.00393	0.00353
28	0.01016	0.00975	0.01666	0.02520	0.83013	0.00975	0.01260	0.01260	0.00935	0.01341	0.00772	0.01016	0.00650	0.00366	0.00406	0.00122	0.00488	0.00366	0.00203	0.00650
29	0.01030	0.06274	0.09996	0.01534	0.01942	0.09462	0.59506	0.02781	0.00988	0.01284	0.00789	0.01019	0.00599	0.00361	0.00450	0.00131	0.00670	0.00427	0.00206	0.00552
30	0.01025	0.00956	0.01626	0.06537	0.76953	0.00963	0.01237	0.01268	0.00935	0.03417	0.00792	0.01030	0.00654	0.00372	0.00407	0.00123	0.00487	0.00367	0.00210	0.00642
31	0.00783	0.00737	0.01244	0.82082	0.05275	0.00914	0.01144	0.01055	0.00824	0.01058	0.00731	0.01092	0.00550	0.00409	0.00410	0.00136	0.00545	0.00365	0.00183	0.00462
32	0.01156	0.00935	0.01470	0.02067	0.62054	0.03858	0.01089	0.01373	0.00978	0.15684	0.00982	0.04812	0.00802	0.00434	0.00411	0.00124	0.00461	0.00406	0.00265	0.00638
33	0.00841	0.06238	0.77073	0.01163	0.01752	0.00989	0.03796	0.01297	0.00868	0.01284	0.00731	0.00863	0.00523	0.00387	0.00386	0.00128	0.00601	0.00304	0.00174	0.00601
34	0.01009	0.00972	0.01670	0.04526	0.79495	0.00975	0.02788	0.01256	0.00933	0.01333	0.00772	0.01020	0.00647	0.00366	0.00408	0.00123	0.00493	0.00368	0.00203	0.00644
35	0.04557	0.00709	0.00942	0.00726	0.01038	0.00627	0.00599	0.04079	0.01180	0.77091	0.03031	0.01393	0.01041	0.00510	0.00409	0.00127	0.00348	0.00412	0.00496	0.00685
36	0.60318	0.04539	0.00770	0.00600	0.00877	0.00863	0.00500	0.01430	0.00838	0.24631	0.00865	0.00871	0.00608	0.00415	0.00299	0.00125	0.00332	0.00276	0.00322	0.00519
37	0.00993	0.00956	0.01643	0.09869	0.74124	0.00971	0.02928	0.01242	0.00925	0.01314	0.00770	0.01025	0.00640	0.00369	0.00408	0.00124	0.00497	0.00368	0.00201	0.00631
38	0.00664	0.00378	0.00522	0.00522	0.00529	0.00386	0.00340	0.00575	0.00567	0.00764	0.00931	0.01724	0.00983	0.27192	0.10493	0.52121	0.00448	0.00438	0.00204	0.00220
39	0.01217	0.21116	0.24783	0.00988	0.01401	0.03572	0.06809	0.22308	0.02942	0.09777	0.00875	0.00930	0.00641	0.00421	0.00375	0.00118	0.00505	0.00328	0.00278	0.00614
40	0.00581	0.00420	0.00549	0.00516	0.00613	0.00387	0.00387	0.00775	0.01162	0.01646	0.82797	0.03066	0.03873	0.00839	0.00484	0.00129	0.00194	0.00742	0.00452	0.00387
41	0.00851	0.00730	0.00851	0.00608	0.00973	0.00547	0.00486	0.01034	0.00851	0.01338	0.00730	0.00851	0.00608	0.00304	0.00304	0.00061	0.00304	0.00243	0.00243	0.88083
42	0.00499	0.00373	0.00465	0.00534	0.00587	0.00338	0.00365	0.00582	0.00832	0.01080	0.05173	0.64044	0.21205	0.01216	0.00514	0.00159	0.00230	0.01085	0.00383	0.00338
43	0.00851	0.00730	0.00851	0.00608	0.00973	0.00547	0.00486	0.01034	0.00851	0.01338	0.00730	0.00851	0.00608	0.00304	0.00304	0.00061	0.00304	0.00243	0.00243	0.88083
44	0.01000	0.00971	0.01679	0.06395	0.67946	0.00980	0.08475	0.01297	0.04733	0.01342	0.00817	0.01052	0.00671	0.00375	0.00414	0.00125	0.00501	0.00381	0.00213	0.00632
45	0.00581	0.00420	0.00549	0.00516	0.00613	0.00387	0.00387	0.00775	0.01162	0.01646	0.82797	0.03066	0.03873	0.00839	0.00484	0.00129	0.00194	0.00742	0.00452	0.00387
46	0.00872	0.00809	0.01336	0.60698	0.22084	0.00945	0.01151	0.05053	0.00903	0.01195	0.00752	0.01070	0.00579	0.00404	0.00409	0.00133	0.00528	0.00365	0.00199	0.00515
47	0.37373	0.00760	0.00801	0.00641	0.00938	0.00753	0.00525	0.03954	0.02455	0.32668	0.01027	0.00999	0.00710	0.00424	0.00330	0.00117	0.00332	0.00307	0.00356	0.14531
48	0.00652	0.00578	0.00932	0.00769	0.00954	0.00524	0.18748	0.00843	0.01015	0.02501	0.28620	0.05590	0.31860	0.00822	0.00488	0.00138	0.00323	0.03864	0.00366	0.00412
49	0.12960	0.02206	0.01050	0.00798	0.01116	0.00968	0.00660	0.38823	0.01442	0.29799	0.01127	0.01072	0.00766	0.00472	0.00383	0.00121	0.00392	0.00356	0.00411	0.05078
50	0.00867	0.15425	0.70527	0.01096	0.01662	0.01060	0.01387	0.01289	0.00861	0.01247	0.00710	0.00834	0.00521	0.00384	0.00370	0.00123	0.00580	0.00290	0.00174	0.00594
51	0.01246	0.20514	0.27939	0.00902	0.01315	0.01854	0.01797	0.06673	0.07708	0.24589	0.01042	0.01033	0.00735	0.00435	0.00372	0.00120	0.00465	0.00334	0.00305	0.00622
52	0.00837	0.06229	0.79459	0.01147	0.01741	0.00986	0.01477	0.01296	0.00865	0.01284	0.00729	0.00856	0.00520	0.00388	0.00384	0.00128	0.00598	0.00299	0.00173	0.00603
53	0.00775	0.00485	0.00654	0.00659	0.00781	0.00465	0.00541	0.00981	0.03095	0.11191	0.31691	0.07096	0.02743	0.00943	0.00513	0.00157	0.00299	0.36083	0.00422	0.00425
54	0.00588	0.00394	0.00450	0.00459	0.00462	0.00392	0.00261	0.00595	0.00615	0.00820	0.01384	0.10424	0.01607	0.77680	0.01943	0.00376	0.00383	0.00650	0.00261	0.00257
55	0.00988	0.00940	0.01588	0.15610	0.68535	0.00971	0.01231	0.02855	0.00937	0.01320	0.00770	0.01028	0.00635	0.00375	0.00407	0.00124	0.00496	0.00366	0.00204	0.00620
56	0.00579	0.00420	0.00546	0.00514	0.00612	0.00386	0.00386	0.00770	0.01157	0.01634	0.80999	0.03086	0.05679	0.00844	0.00484	0.00129	0.00194	0.00745	0.00450	0.00386
57	0.00543	0.00411	0.00503	0.00511	0.00608	0.00371	0.00382	0.00687	0.01012	0.01347	0.38874	0.17719	0.28023	0.00999	0.00497	0.00143	0.00219	0.06373	0.00413	0.00365
58	0.00959	0.00922	0.01461	0.31885	0.46087	0.03804	0.01171	0.03347	0.01934	0.01253	0.00763	0.01037	0.00615	0.00399	0.00431	0.00128	0.02666	0.00363	0.00204	0.00571
59	0.01116	0.00929	0.00982	0.00855	0.01104	0.01066	0.00673	0.16236	0.68062	0.01871	0.01550	0.01435	0.01155	0.00546	0.00416	0.00136	0.00347	0.00447	0.00416	0.00658
60	0.88473	0.00794	0.00603	0.00540	0.00794	0.00921	0.00445	0.01207	0.00699	0.01842	0.00572	0.00667	0.00445	0.00381	0.00254	0.00127	0.00318	0.00222	0.00254	0.00445
61	0.01016	0.00975	0.01666	0.02520	0.83013	0.00975	0.01260	0.01260	0.00935	0.01341	0.00772	0.01016	0.00650	0.00366	0.00406	0.00122	0.00488	0.00366	0.00203	0.00650

[dist]
# distance from previous block
# <min> <max>
1	2

[block]
# block no. 3 follows, 65 sequences, length 43
# corresponding to MSA columns:
# 265-307
name=unknown_D
#
# <colnr> <probs for GDERKNQSTAVLIFYWHMCP>
#	G	D	E	R	K	N	Q	S	T	A	V	L	I	F	Y	W	H	M	C	P
0	0.01026	0.00932	0.01514	0.16992	0.48086	0.03355	0.05442	0.01258	0.00915	0.06931	0.00828	0.01106	0.00673	0.00426	0.00490	0.00131	0.07332	0.01754	0.00222	0.00587
1	0.00997	0.02177	0.01457	0.25163	0.31444	0.00999	0.08197	0.10480	0.10506	0.01432	0.00959	0.01156	0.02337	0.00427	0.00416	0.00130	0.00493	0.00396	0.00250	0.00584
2	0.01016	0.00975	0.01666	0.02520	0.83013	0.00975	0.01260	0.01260	0.00935	0.01341	0.00772	0.01016	0.00650	0.00366	0.00406	0.00122	0.00488	0.00366	0.00203	0.00650
3	0.15141	0.00958	0.04865	0.00916	0.01250	0.00917	0.12099	0.24487	0.01267	0.30721	0.01118	0.01103	0.00759	0.00455	0.00394	0.00127	0.00431	0.00375	0.01988	0.00628
4	0.00713	0.00357	0.00535	0.00535	0.00535	0.00357	0.00357	0.00535	0.00535	0.00713	0.00713	0.01248	0.00713	0.01426	0.01604	0.88057	0.00357	0.00357	0.00178	0.00178
5	0.01016	0.00975	0.01666	0.02520	0.83013	0.00975	0.01260	0.01260	0.00935	0.01341	0.00772	0.01016	0.00650	0.00366	0.00406	0.00122	0.00488	0.00366	0.00203	0.00650
6	0.00775	0.00730	0.01231	0.84587	0.02827	0.00912	0.01140	0.01049	0.00821	0.01049	0.00730	0.01094	0.00547	0.00410	0.00410	0.00137	0.00547	0.00365	0.00182	0.00456
7	0.00644	0.00462	0.00640	0.00729	0.00819	0.00457	0.00626	0.00823	0.00941	0.01227	0.04820	0.10222	0.04046	0.01133	0.00560	0.00184	0.00359	0.70554	0.00381	0.00375
8	0.00558	0.00418	0.00509	0.00486	0.00594	0.00376	0.00364	0.00727	0.01093	0.01496	0.59407	0.03277	0.25566	0.00887	0.00480	0.00131	0.00198	0.00769	0.02287	0.00376
9	0.01034	0.00910	0.00934	0.00841	0.01073	0.03191	0.00653	0.02167	0.80149	0.01698	0.01644	0.01511	0.01234	0.00553	0.00416	0.00138	0.00336	0.00459	0.00412	0.00645
10	0.01016	0.00975	0.01666	0.02520	0.83013	0.00975	0.01260	0.01260	0.00935	0.01341	0.00772	0.01016	0.00650	0.00366	0.00406	0.00122	0.00488	0.00366	0.00203	0.00650
11	0.00955	0.00577	0.00748	0.00621	0.00822	0.00519	0.00492	0.01132	0.01067	0.20840	0.40141	0.02125	0.02299	0.00648	0.00476	0.00118	0.04668	0.02330	0.00405	0.19017
12	0.00955	0.00753	0.00787	0.00718	0.00915	0.00856	0.00556	0.01864	0.61206	0.01669	0.01585	0.01531	0.01201	0.00537	0.00384	0.00128	0.00290	0.00443	0.23043	0.00581
13	0.00595	0.00404	0.00478	0.00478	0.00488	0.00414	0.00286	0.00616	0.00606	0.00818	0.01266	0.02535	0.01427	0.73946	0.13627	0.00435	0.00497	0.00575	0.00245	0.00265
14	0.00581	0.00420	0.00549	0.00516	0.00613	0.00387	0.00387	0.00775	0.01162	0.01646	0.82797	0.03066	0.03873	0.00839	0.00484	0.00129	0.00194	0.00742	0.00452	0.00387
15	0.81444	0.00812	0.00629	0.00554	0.00814	0.02444	0.00454	0.01204	0.00717	0.01795	0.00582	0.00680	0.00456	0.00377	0.00259	0.00123	0.00325	0.00224	0.00253	0.05857
16	0.00991	0.20091	0.39830	0.00959	0.01426	0.04551	0.03680	0.02523	0.00906	0.05807	0.00751	0.00852	0.00570	0.00375	0.00352	0.00108	0.00511	0.00286	0.00211	0.15220
17	0.47833	0.13461	0.02510	0.00706	0.00980	0.16100	0.00595	0.05857	0.02732	0.05021	0.00678	0.00751	0.00530	0.00400	0.00298	0.00118	0.00426	0.00253	0.00257	0.00495
18	0.00597	0.00398	0.00448	0.00448	0.00448	0.00398	0.00249	0.00597	0.00597	0.00796	0.01293	0.02686	0.01492	0.85574	0.02089	0.00398	0.00398	0.00597	0.00249	0.00249
19	0.01021	0.00882	0.00928	0.00835	0.01067	0.01021	0.00650	0.02181	0.82272	0.01717	0.01671	0.01532	0.01253	0.00557	0.00418	0.00139	0.00325	0.00464	0.00418	0.00650
20	0.00775	0.00730	0.01231	0.84587	0.02827	0.00912	0.01140	0.01049	0.00821	0.01049	0.00730	0.01094	0.00547	0.00410	0.00410	0.00137	0.00547	0.00365	0.00182	0.00456
21	0.00937	0.00891	0.01513	0.25417	0.58295	0.00941	0.01202	0.01187	0.00909	0.01268	0.03041	0.01095	0.00711	0.00391	0.00410	0.00126	0.00496	0.00376	0.00204	0.00589
22	0.00898	0.02714	0.00899	0.00637	0.00992	0.05564	0.00510	0.01074	0.00869	0.01309	0.00720	0.00840	0.00601	0.00312	0.00307	0.00064	0.00333	0.00244	0.00240	0.80871
23	0.00843	0.00655	0.00786	0.00593	0.00892	0.00513	0.00470	0.01026	0.00942	0.05972	0.20127	0.01404	0.01400	0.00442	0.00353	0.00081	0.00281	0.00370	0.00307	0.62544
24	0.01016	0.00975	0.01666	0.02520	0.83013	0.00975	0.01260	0.01260	0.00935	0.01341	0.00772	0.01016	0.00650	0.00366	0.00406	0.00122	0.00488	0.00366	0.00203	0.00650
25	0.00609	0.00454	0.00638	0.02960	0.00736	0.00514	0.00484	0.00720	0.00674	0.00942	0.01245	0.05510	0.01283	0.23630	0.47866	0.00504	0.04102	0.06545	0.00243	0.00342
26	0.00823	0.02123	0.83447	0.01170	0.01777	0.00953	0.01517	0.01300	0.00867	0.01300	0.00737	0.00867	0.00520	0.00390	0.00390	0.00130	0.00607	0.00303	0.00173	0.00607
27	0.00775	0.00730	0.01231	0.84587	0.02827	0.00912	0.01140	0.01049	0.00821	0.01049	0.00730	0.01094	0.00547	0.00410	0.00410	0.00137	0.00547	0.00365	0.00182	0.00456
28	0.00591	0.00399	0.00446	0.00446	0.00453	0.00395	0.00252	0.00597	0.00615	0.00812	0.01443	0.02752	0.05732	0.81169	0.02006	0.00384	0.00388	0.00611	0.00256	0.00254
29	0.00490	0.00416	0.00422	0.00421	0.00557	0.00348	0.00316	0.00598	0.00947	0.01135	0.07954	0.03908	0.79035	0.01030	0.00485	0.00138	0.00207	0.00860	0.00385	0.00348
30	0.00775	0.00730	0.01231	0.84587	0.02827	0.00912	0.01140	0.01049	0.00821	0.01049	0.00730	0.01094	0.00547	0.00410	0.00410	0.00137	0.00547	0.00365	0.00182	0.00456
31	0.00851	0.00730	0.00851	0.00608	0.00973	0.00547	0.00486	0.01034	0.00851	0.01338	0.00730	0.00851	0.00608	0.00304	0.00304	0.00061	0.00304	0.00243	0.00243	0.88083
32	0.00807	0.00575	0.00744	0.00779	0.00913	0.00596	0.00669	0.08137	0.08317	0.03722	0.02008	0.03939	0.02078	0.01008	0.00535	0.00177	0.00379	0.63790	0.00388	0.00440
33	0.62498	0.00774	0.00714	0.00601	0.00875	0.00839	0.00496	0.03061	0.00857	0.24622	0.00873	0.00877	0.00609	0.00419	0.00302	0.00127	0.00329	0.00279	0.00328	0.00521
34	0.00500	0.00357	0.00476	0.00572	0.00595	0.00333	0.00381	0.00572	0.00786	0.01048	0.02262	0.85306	0.02715	0.01286	0.00524	0.00167	0.00238	0.01167	0.00381	0.00333
35	0.00775	0.00730	0.01231	0.84587	0.02827	0.00912	0.01140	0.01049	0.00821	0.01049	0.00730	0.01094	0.00547	0.00410	0.00410	0.00137	0.00547	0.00365	0.00182	0.00456
36	0.00633	0.00479	0.00700	0.00649	0.00718	0.00490	0.07403	0.00730	0.00710	0.00968	0.05062	0.02520	0.01509	0.44325	0.22000	0.00404	0.00586	0.09527	0.00262	0.00325
37	0.01057	0.01042	0.01488	0.04393	0.59980	0.08513	0.01114	0.01439	0.14236	0.01364	0.00905	0.01077	0.00735	0.00403	0.00405	0.00124	0.00486	0.00373	0.00238	0.00629
38	0.01009	0.00967	0.01640	0.04769	0.79258	0.00974	0.01245	0.01271	0.02447	0.01340	0.00788	0.01028	0.00659	0.00371	0.00407	0.00123	0.00486	0.00368	0.00207	0.00645
39	0.01842	0.00699	0.00953	0.00730	0.01048	0.00603	0.00603	0.02000	0.01175	0.83298	0.01619	0.01397	0.01016	0.00508	0.00413	0.00127	0.00349	0.00413	0.00508	0.00699
40	0.01116	0.01262	0.01225	0.01071	0.01143	0.29666	0.00862	0.01212	0.00812	0.00994	0.00572	0.00844	0.00535	0.00617	0.01011	0.00154	0.55928	0.00327	0.00191	0.00458
41	0.00577	0.00419	0.00543	0.00512	0.00611	0.00386	0.00384	0.00767	0.01152	0.01623	0.79403	0.03104	0.07282	0.00848	0.00484	0.00130	0.00194	0.00748	0.00449	0.00386
42	0.01021	0.00882	0.00928	0.00835	0.01067	0.01021	0.00650	0.02181	0.82272	0.01717	0.01671	0.01532	0.01253	0.00557	0.00418	0.00139	0.00325	0.00464	0.00418	0.00650

[dist]
# distance from previous block
# <min> <max>
0	21

[block]
# block no. 4 follows, 65 sequences, length 46
# corresponding to MSA columns:
# 329-374
name=unknown_E
#
# <colnr> <probs for GDERKNQSTAVLIFYWHMCP>
#	G	D	E	R	K	N	Q	S	T	A	V	L	I	F	Y	W	H	M	C	P
0	0.00923	0.00908	0.01256	0.01073	0.01085	0.01258	0.00894	0.04028	0.00678	0.01048	0.00556	0.00901	0.00545	0.00710	0.01312	0.00177	0.81642	0.00360	0.00188	0.00458
1	0.00853	0.00736	0.00887	0.03478	0.03320	0.00571	0.00530	0.01040	0.00852	0.01328	0.00731	0.00864	0.00607	0.00309	0.00310	0.00065	0.00317	0.00251	0.00240	0.82709
2	0.00833	0.02066	0.79488	0.01191	0.03545	0.00956	0.01488	0.01322	0.02999	0.01312	0.00762	0.00887	0.00542	0.00394	0.00391	0.00130	0.00597	0.00309	0.00180	0.00609
3	0.00506	0.00362	0.00483	0.00579	0.00605	0.00339	0.00392	0.00582	0.00792	0.01055	0.02259	0.82265	0.02702	0.01280	0.00526	0.00168	0.00243	0.04148	0.00381	0.00335
4	0.18299	0.01003	0.01430	0.03826	0.49481	0.06767	0.06495	0.02415	0.00927	0.04514	0.00761	0.00950	0.00611	0.00380	0.00380	0.00123	0.00481	0.00340	0.00228	0.00589
5	0.01272	0.00589	0.00761	0.00632	0.00850	0.00541	0.00504	0.01517	0.06898	0.43003	0.26482	0.01934	0.01913	0.00610	0.00420	0.00125	0.00282	0.00514	0.10589	0.00563
6	0.01041	0.00892	0.00940	0.00839	0.01075	0.01030	0.00655	0.05147	0.79273	0.01750	0.01645	0.01511	0.01232	0.00555	0.00417	0.00139	0.00330	0.00461	0.00417	0.00652
7	0.00637	0.00415	0.00493	0.00481	0.00516	0.00405	0.00303	0.00691	0.00754	0.03767	0.19759	0.02783	0.02039	0.61208	0.01628	0.00322	0.00350	0.02842	0.00307	0.00299
8	0.00945	0.00880	0.01241	0.00987	0.01196	0.11446	0.26431	0.04131	0.00940	0.01334	0.01041	0.04079	0.00869	0.02895	0.04744	0.00156	0.05700	0.00433	0.30093	0.00459
9	0.00502	0.00359	0.00478	0.00570	0.00596	0.00335	0.00381	0.00576	0.00795	0.01062	0.04167	0.83361	0.02742	0.01275	0.00523	0.00166	0.00237	0.01157	0.00383	0.00335
10	0.00888	0.05179	0.09618	0.00675	0.01064	0.00646	0.00609	0.01098	0.00861	0.03588	0.00747	0.00858	0.00606	0.00321	0.00314	0.00071	0.00344	0.00253	0.00240	0.72019
11	0.00490	0.00415	0.00425	0.00429	0.00562	0.00349	0.00322	0.00596	0.00934	0.01118	0.05473	0.06922	0.77158	0.01047	0.00488	0.00140	0.00212	0.02191	0.00382	0.00347
12	0.00496	0.00401	0.00442	0.00465	0.00570	0.00346	0.00336	0.00599	0.00913	0.01134	0.09626	0.25390	0.55670	0.01090	0.00495	0.00145	0.00215	0.00936	0.00387	0.00346
13	0.68778	0.00861	0.00738	0.00625	0.00896	0.00981	0.00515	0.17084	0.00955	0.04400	0.00684	0.00751	0.00511	0.00407	0.00290	0.00126	0.00345	0.00257	0.00292	0.00502
14	0.00577	0.00419	0.00543	0.00512	0.00611	0.00385	0.00384	0.00766	0.01152	0.01621	0.79181	0.03107	0.07505	0.00848	0.00484	0.00130	0.00194	0.00748	0.00449	0.00385
15	0.01016	0.00975	0.01666	0.02520	0.83013	0.00975	0.01260	0.01260	0.00935	0.01341	0.00772	0.01016	0.00650	0.00366	0.00406	0.00122	0.00488	0.00366	0.00203	0.00650
16	0.01007	0.00966	0.01650	0.05578	0.80025	0.00973	0.01255	0.01252	0.00930	0.01330	0.00771	0.01019	0.00646	0.00367	0.00407	0.00122	0.00490	0.00366	0.00202	0.00643
17	0.01533	0.01956	0.01163	0.01058	0.01269	0.83926	0.00793	0.01639	0.01163	0.01005	0.00635	0.00740	0.00529	0.00423	0.00370	0.00106	0.00740	0.00264	0.00212	0.00476
18	0.00851	0.00730	0.00851	0.00608	0.00973	0.00547	0.00486	0.01034	0.00851	0.01338	0.00730	0.00851	0.00608	0.00304	0.00304	0.00061	0.00304	0.00243	0.00243	0.88083
19	0.01354	0.01318	0.01569	0.01208	0.01532	0.20707	0.25482	0.35302	0.04362	0.01793	0.00880	0.00985	0.00655	0.00434	0.00424	0.00124	0.00589	0.00383	0.00302	0.00600
20	0.15850	0.01229	0.01103	0.00892	0.01184	0.16969	0.00721	0.49762	0.03018	0.04113	0.00878	0.00906	0.00642	0.00463	0.00377	0.00121	0.00480	0.00328	0.00349	0.00613
21	0.00976	0.00798	0.01026	0.00749	0.01106	0.00668	0.07660	0.06792	0.04988	0.06089	0.00853	0.00948	0.00671	0.00345	0.00339	0.00080	0.00352	0.00294	0.00275	0.64993
22	0.00638	0.00443	0.00600	0.00681	0.00757	0.00434	0.00544	0.00804	0.03151	0.03443	0.02181	0.37803	0.02440	0.01163	0.00541	0.00177	0.00318	0.43124	0.00384	0.00376
23	0.00587	0.00436	0.00642	0.00642	0.00709	0.00503	0.00490	0.00721	0.00654	0.00939	0.01116	0.01704	0.01066	0.10137	0.76943	0.00637	0.01039	0.00453	0.00222	0.00356
24	0.01043	0.00893	0.00940	0.00840	0.01076	0.01031	0.00655	0.05376	0.79042	0.01752	0.01643	0.01510	0.01231	0.00554	0.00417	0.00139	0.00330	0.00460	0.00417	0.00652
25	0.01268	0.01173	0.01707	0.01277	0.01626	0.07377	0.34905	0.35779	0.07415	0.01866	0.00944	0.01059	0.00695	0.00430	0.00439	0.00129	0.00566	0.00417	0.00310	0.00617
26	0.00500	0.00357	0.00476	0.00572	0.00595	0.00333	0.00381	0.00572	0.00786	0.01048	0.02262	0.85306	0.02715	0.01286	0.00524	0.00167	0.00238	0.01167	0.00381	0.00333
27	0.88473	0.00794	0.00603	0.00540	0.00794	0.00921	0.00445	0.01207	0.00699	0.01842	0.00572	0.00667	0.00445	0.00381	0.00254	0.00127	0.00318	0.00222	0.00254	0.00445
28	0.00581	0.00420	0.00549	0.00516	0.00613	0.00387	0.00387	0.00775	0.01162	0.01646	0.82797	0.03066	0.03873	0.00839	0.00484	0.00129	0.00194	0.00742	0.00452	0.00387
29	0.00510	0.00401	0.00464	0.00504	0.00598	0.00355	0.00370	0.00615	0.00895	0.01122	0.06671	0.31702	0.44917	0.01124	0.00506	0.00152	0.00233	0.08132	0.00384	0.00347
30	0.01048	0.00895	0.00944	0.00841	0.01078	0.01034	0.00656	0.06228	0.78180	0.01761	0.01636	0.01504	0.01225	0.00554	0.00417	0.00138	0.00331	0.00459	0.00417	0.00652
31	0.00986	0.00945	0.01612	0.12704	0.73063	0.00967	0.01245	0.01234	0.00921	0.01305	0.00767	0.01026	0.00637	0.00371	0.00407	0.00124	0.00495	0.00366	0.00201	0.00626
32	0.88473	0.00794	0.00603	0.00540	0.00794	0.00921	0.00445	0.01207	0.00699	0.01842	0.00572	0.00667	0.00445	0.00381	0.00254	0.00127	0.00318	0.00222	0.00254	0.00445
33	0.01035	0.00889	0.00936	0.00838	0.01073	0.01028	0.00653	0.04310	0.80120	0.01740	0.01652	0.01517	0.01238	0.00555	0.00417	0.00139	0.00328	0.00462	0.00417	0.00651
34	0.00518	0.00417	0.00462	0.00450	0.00575	0.00361	0.00338	0.00653	0.01013	0.01294	0.31200	0.03646	0.55689	0.00971	0.00485	0.00135	0.00203	0.00824	0.00405	0.00361
35	0.00494	0.00410	0.00433	0.00440	0.00563	0.00348	0.00325	0.00602	0.00938	0.01146	0.10292	0.12341	0.68154	0.01049	0.00489	0.00141	0.00210	0.00888	0.00387	0.00348
36	0.00823	0.02123	0.83447	0.01170	0.01777	0.00953	0.01517	0.01300	0.00867	0.01300	0.00737	0.00867	0.00520	0.00390	0.00390	0.00130	0.00607	0.00303	0.00173	0.00607
37	0.00575	0.00419	0.00540	0.00510	0.00609	0.00385	0.00382	0.00762	0.01147	0.01610	0.77567	0.03125	0.09126	0.00853	0.00484	0.00130	0.00195	0.00751	0.00447	0.00385
38	0.01533	0.01956	0.01163	0.01058	0.01269	0.83926	0.00793	0.01639	0.01163	0.01005	0.00635	0.00740	0.00529	0.00423	0.00370	0.00106	0.00740	0.00264	0.00212	0.00476
39	0.00564	0.00419	0.00525	0.00499	0.00603	0.00380	0.00374	0.00742	0.01122	0.01552	0.69020	0.03221	0.17708	0.00874	0.00484	0.00131	0.00196	0.00764	0.00439	0.00380
40	0.01560	0.01150	0.01232	0.00944	0.01273	0.01273	0.00780	0.81645	0.01930	0.02587	0.00986	0.00986	0.00698	0.00493	0.00411	0.00123	0.00452	0.00370	0.00411	0.00698
41	0.00850	0.10215	0.75587	0.01125	0.01707	0.01018	0.01438	0.01293	0.00863	0.01268	0.00721	0.00847	0.00521	0.00386	0.00378	0.00126	0.00590	0.00295	0.00174	0.00599
42	0.00500	0.00357	0.00476	0.00572	0.00595	0.00333	0.00381	0.00572	0.00786	0.01048	0.02262	0.85306	0.02715	0.01286	0.00524	0.00167	0.00238	0.01167	0.00381	0.00333
43	0.88473	0.00794	0.00603	0.00540	0.00794	0.00921	0.00445	0.01207	0.00699	0.01842	0.00572	0.00667	0.00445	0.00381	0.00254	0.00127	0.00318	0.00222	0.00254	0.00445
44	0.00537	0.00397	0.00546	0.00616	0.00668	0.00373	0.02207	0.00637	0.00831	0.01097	0.03767	0.63976	0.07637	0.01218	0.00527	0.00167	0.00268	0.13805	0.00378	0.00347
45	0.00604	0.00445	0.00568	0.00537	0.00642	0.00422	0.00406	0.00846	0.05426	0.01626	0.74609	0.03046	0.05622	0.00836	0.00483	0.00131	0.00205	0.02699	0.00447	0.00400

[dist]
# distance from previous block
# <min> <max>
0	1

[block]
# block no. 5 follows, 65 sequences, length 29
# corresponding to MSA columns:
# 376-404
name=unknown_F
#
# <colnr> <probs for GDERKNQSTAVLIFYWHMCP>
#	G	D	E	R	K	N	Q	S	T	A	V	L	I	F	Y	W	H	M	C	P
0	0.03242	0.00895	0.01426	0.01070	0.01409	0.00855	0.27454	0.05078	0.16478	0.24178	0.01196	0.01218	0.00849	0.00432	0.00419	0.00124	0.00456	0.00417	0.00345	0.12459
1	0.54815	0.00873	0.00804	0.00670	0.00947	0.00977	0.00550	0.20440	0.05031	0.10226	0.00829	0.00858	0.00602	0.00429	0.00315	0.00127	0.00353	0.00288	0.00325	0.00540
2	0.85653	0.00832	0.00621	0.00557	0.00809	0.03614	0.00456	0.01221	0.00714	0.01815	0.00574	0.00669	0.00447	0.00382	0.00258	0.00126	0.00331	0.00224	0.00253	0.00446
3	0.00991	0.00950	0.01622	0.10911	0.74814	0.00969	0.01248	0.01238	0.00923	0.01311	0.00768	0.01024	0.00640	0.00370	0.00407	0.00123	0.00494	0.00366	0.00201	0.00630
4	0.00577	0.00419	0.00544	0.00513	0.00611	0.00386	0.00385	0.00768	0.01154	0.01626	0.79883	0.03099	0.06799	0.00847	0.00484	0.00129	0.00194	0.00747	0.00449	0.00386
5	0.00675	0.00441	0.00567	0.00525	0.00643	0.00400	0.00397	0.00853	0.01129	0.08460	0.65370	0.05228	0.12054	0.00845	0.00479	0.00131	0.00210	0.00739	0.00447	0.00408
6	0.00713	0.00357	0.00535	0.00535	0.00535	0.00357	0.00357	0.00535	0.00535	0.00713	0.00713	0.01248	0.00713	0.01426	0.01604	0.88057	0.00357	0.00357	0.00178	0.00178
7	0.81441	0.00797	0.00639	0.00561	0.00820	0.00912	0.00462	0.03239	0.00756	0.06453	0.00641	0.00716	0.00483	0.00391	0.00267	0.00127	0.00323	0.00237	0.00272	0.00465
8	0.00965	0.00924	0.01575	0.19799	0.66130	0.00962	0.01235	0.01215	0.00911	0.01280	0.00763	0.01032	0.00629	0.00375	0.00407	0.00125	0.00500	0.00366	0.00199	0.00609
9	0.00594	0.00433	0.00641	0.00641	0.00706	0.00498	0.00490	0.00714	0.00649	0.00931	0.01089	0.01652	0.01035	0.07572	0.74776	0.05550	0.01019	0.00444	0.00219	0.00349
10	0.01842	0.00699	0.00953	0.00730	0.01048	0.00603	0.00603	0.02000	0.01175	0.83298	0.01619	0.01397	0.01016	0.00508	0.00413	0.00127	0.00349	0.00413	0.00508	0.00699
