[name]
unknown

[dist]
# distance from previous block
# <min> <max>
0	84

[block]
# block no. 0 follows, 61 sequences, length 39
# corresponding to MSA columns:
# 97-111,114-137
name=unknown_A
#
# <colnr> <probs for GDERKNQSTAVLIFYWHMCP>
#	G	D	E	R	K	N	Q	S	T	A	V	L	I	F	Y	W	H	M	C	P
0	0.00956	0.00570	0.00701	0.00670	0.03532	0.00522	0.00494	0.02960	0.05673	0.21369	0.13565	0.11578	0.32141	0.00889	0.00488	0.00145	0.00283	0.02527	0.00439	0.00497
1	0.01529	0.01608	0.01145	0.00999	0.01239	0.50499	0.00768	0.21132	0.01382	0.04943	0.00928	0.04990	0.00765	0.00513	0.00403	0.00119	0.00625	0.00365	0.05496	0.00554
2	0.06790	0.00531	0.00638	0.00596	0.00751	0.00495	0.00450	0.01089	0.02528	0.21010	0.10032	0.19272	0.18679	0.07487	0.00633	0.01780	0.00295	0.03987	0.02498	0.00459
3	0.20145	0.00602	0.00663	0.00594	0.00787	0.00590	0.00459	0.02537	0.00971	0.23183	0.05788	0.14823	0.14096	0.04132	0.00514	0.01762	0.00301	0.00608	0.06957	0.00487
4	0.04313	0.00470	0.00579	0.00616	0.00692	0.00461	0.00452	0.03211	0.00908	0.03163	0.08990	0.33727	0.06895	0.16522	0.00837	0.00215	0.00318	0.16880	0.00379	0.00374
5	0.10034	0.01151	0.01214	0.00941	0.01276	0.01275	0.00777	0.69213	0.03538	0.04796	0.01025	0.01025	0.00728	0.00508	0.00415	0.00130	0.00455	0.00376	0.00418	0.00706
6	0.12616	0.00522	0.00590	0.00569	0.00707	0.00509	0.00422	0.01004	0.02359	0.13122	0.09520	0.24116	0.13931	0.07253	0.02753	0.00180	0.00302	0.00733	0.08359	0.00433
7	0.05452	0.00500	0.00601	0.00584	0.00714	0.00469	0.00434	0.02530	0.00993	0.13201	0.15408	0.26557	0.18789	0.05732	0.02249	0.00177	0.00293	0.03057	0.01832	0.00430
8	0.50264	0.00790	0.00777	0.00653	0.00934	0.00838	0.00537	0.03152	0.03576	0.28350	0.04236	0.01155	0.00871	0.00484	0.00345	0.00135	0.00343	0.01625	0.00373	0.00563
9	0.03572	0.00467	0.00579	0.00565	0.00627	0.00479	0.00385	0.00821	0.00726	0.08068	0.01405	0.08170	0.01469	0.45972	0.20876	0.00419	0.00567	0.02109	0.02375	0.00350
10	0.00919	0.00576	0.00738	0.00730	0.05058	0.00565	0.00508	0.09350	0.01053	0.12718	0.16260	0.15243	0.08687	0.12684	0.06638	0.04450	0.00385	0.00678	0.02304	0.00456
11	0.05718	0.00579	0.00720	0.00642	0.00827	0.00542	0.00497	0.02980	0.02976	0.28664	0.16416	0.15222	0.11412	0.05042	0.03042	0.00175	0.00329	0.03265	0.00440	0.00511
12	0.02714	0.00848	0.00931	0.00808	0.01054	0.00929	0.00636	0.09644	0.48283	0.14326	0.05514	0.03311	0.02832	0.00601	0.00433	0.00140	0.00339	0.00496	0.05512	0.00649
13	0.00706	0.06200	0.00764	0.03210	0.02926	0.00577	0.00511	0.02879	0.00927	0.03108	0.17812	0.26722	0.05614	0.07067	0.13642	0.00253	0.01905	0.02449	0.02318	0.00410
14	0.01055	0.00878	0.02692	0.16331	0.17305	0.03298	0.02465	0.09292	0.08060	0.07991	0.04769	0.01518	0.04354	0.02614	0.04379	0.02554	0.05225	0.01744	0.02916	0.00559
15	0.00669	0.00462	0.00588	0.00633	0.00718	0.00442	0.00469	0.02693	0.03560	0.04985	0.08388	0.45748	0.11505	0.03081	0.00575	0.00174	0.00285	0.14217	0.00410	0.00399
16	0.00526	0.00435	0.00457	0.00455	0.00587	0.00371	0.00337	0.00643	0.00999	0.01225	0.14272	0.05693	0.67816	0.03586	0.00560	0.00153	0.00223	0.00890	0.00405	0.00366
17	0.00911	0.00763	0.00973	0.10035	0.05355	0.00656	0.00638	0.02893	0.00926	0.03475	0.02397	0.05769	0.00835	0.00422	0.00379	0.00089	0.01908	0.00351	0.00268	0.60956
18	0.06313	0.00781	0.04093	0.16258	0.16369	0.02211	0.02354	0.02251	0.02531	0.10050	0.09272	0.06121	0.03340	0.00724	0.00629	0.13331	0.00430	0.02153	0.00295	0.00496
19	0.00878	0.00513	0.00646	0.00609	0.00721	0.00499	0.00440	0.02709	0.04364	0.15608	0.14359	0.17545	0.04321	0.23136	0.08137	0.00266	0.00395	0.02075	0.02351	0.00431
20	0.23033	0.00878	0.01143	0.10039	0.25069	0.00943	0.00854	0.10763	0.03648	0.08441	0.01106	0.01240	0.05338	0.00626	0.04977	0.00164	0.00470	0.00388	0.00296	0.00582
21	0.07801	0.15330	0.10344	0.09249	0.03545	0.04883	0.02237	0.05757	0.00994	0.10108	0.00880	0.01046	0.00691	0.00475	0.02036	0.00122	0.00472	0.02006	0.00268	0.21756
22	0.00850	0.00680	0.03264	0.01786	0.03029	0.00693	0.00632	0.05245	0.11784	0.06488	0.11434	0.13921	0.08936	0.03320	0.08944	0.00218	0.07918	0.10004	0.00370	0.00483
23	0.00673	0.00493	0.00538	0.00524	0.00543	0.02637	0.00320	0.00725	0.02782	0.00933	0.06713	0.02697	0.01666	0.71997	0.01961	0.00376	0.03235	0.00615	0.00276	0.00295
24	0.00624	0.00489	0.00642	0.00671	0.03863	0.00447	0.03415	0.00774	0.01960	0.03002	0.14171	0.22568	0.34448	0.03221	0.00564	0.00162	0.00280	0.07905	0.00396	0.00399
25	0.02903	0.02483	0.04536	0.23414	0.32269	0.03904	0.02980	0.03599	0.02000	0.14433	0.00958	0.01168	0.00727	0.02243	0.00461	0.00139	0.00514	0.00389	0.00269	0.00612
26	0.01530	0.00745	0.01069	0.21500	0.03753	0.00731	0.00780	0.04292	0.01147	0.52151	0.03037	0.01518	0.04703	0.00535	0.00437	0.00136	0.00416	0.00446	0.00429	0.00645
27	0.47679	0.02491	0.01011	0.10197	0.05627	0.18524	0.03679	0.02385	0.00893	0.01582	0.00659	0.00812	0.00523	0.00418	0.00352	0.00130	0.02016	0.00282	0.00243	0.00496
28	0.00571	0.00413	0.00549	0.03309	0.00719	0.00401	0.00448	0.00663	0.00828	0.01093	0.02241	0.56342	0.05668	0.11694	0.02143	0.00215	0.00315	0.11666	0.00373	0.00350
29	0.00949	0.00705	0.01006	0.04644	0.20266	0.00753	0.00723	0.07883	0.00916	0.07298	0.01118	0.01685	0.01028	0.22351	0.16964	0.00314	0.05281	0.00465	0.05161	0.00490
30	0.87904	0.00833	0.00633	0.00566	0.00833	0.00966	0.00467	0.01266	0.00733	0.01933	0.00600	0.00700	0.00467	0.00400	0.00267	0.00133	0.00333	0.00233	0.00267	0.00467
31	0.00862	0.00802	0.02139	0.19079	0.27271	0.04215	0.02524	0.01076	0.00947	0.02364	0.08034	0.04754	0.10378	0.03739	0.06965	0.00190	0.00511	0.01615	0.02026	0.00511
32	0.01152	0.85121	0.02257	0.00737	0.01106	0.01704	0.00737	0.01290	0.00875	0.01013	0.00599	0.00691	0.00553	0.00369	0.00276	0.00092	0.00461	0.00230	0.00184	0.00553
33	0.00605	0.00464	0.00662	0.00698	0.00787	0.00437	0.05051	0.00739	0.00908	0.01189	0.02534	0.43511	0.14104	0.01194	0.00550	0.00174	0.00314	0.23785	0.01912	0.00380
34	0.04430	0.01370	0.01023	0.00902	0.01121	0.38704	0.00692	0.19489	0.01303	0.04672	0.01066	0.09827	0.00927	0.00566	0.00401	0.00122	0.00544	0.00424	0.11885	0.00531
35	0.01066	0.01023	0.01748	0.02644	0.82174	0.01023	0.01322	0.01322	0.00981	0.01407	0.00810	0.01066	0.00682	0.00384	0.00426	0.00128	0.00512	0.00384	0.00213	0.00682
36	0.04699	0.00816	0.01128	0.05735	0.25946	0.00829	0.00821	0.01357	0.14821	0.06415	0.06005	0.05607	0.07610	0.00568	0.00461	0.00130	0.03502	0.00486	0.00317	0.12748
37	0.19146	0.14575	0.04786	0.00961	0.05979	0.06314	0.03025	0.19918	0.07683	0.01747	0.02470	0.01039	0.02061	0.00525	0.02065	0.00136	0.03281	0.00344	0.00297	0.03648
38	0.06814	0.05734	0.01412	0.11810	0.22730	0.05910	0.07819	0.06875	0.09963	0.01467	0.00981	0.06039	0.00834	0.00483	0.00433	0.00130	0.02174	0.00421	0.00268	0.07705

[dist]
# distance from previous block
# <min> <max>
3	14

[block]
# block no. 1 follows, 61 sequences, length 26
# corresponding to MSA columns:
# 174-199
name=unknown_B
#
# <colnr> <probs for GDERKNQSTAVLIFYWHMCP>
#	G	D	E	R	K	N	Q	S	T	A	V	L	I	F	Y	W	H	M	C	P
0	0.00945	0.00764	0.00899	0.00644	0.01025	0.00577	0.00517	0.01136	0.00910	0.05471	0.00812	0.00922	0.00660	0.00330	0.00325	0.00067	0.00321	0.00264	0.00269	0.83142
1	0.00864	0.02228	0.82630	0.01228	0.01864	0.01000	0.01592	0.01364	0.00909	0.01364	0.00773	0.00909	0.00546	0.00409	0.00409	0.00136	0.00637	0.00318	0.00182	0.00637
2	0.04011	0.00957	0.01068	0.00852	0.01155	0.01012	0.00692	0.37622	0.15004	0.20432	0.01339	0.03650	0.00974	0.00543	0.00420	0.00130	0.00396	0.00429	0.04912	0.04402
3	0.00701	0.00519	0.00774	0.00761	0.00875	0.00493	0.08154	0.00865	0.02581	0.05175	0.02303	0.38036	0.09894	0.04861	0.00619	0.00184	0.00347	0.22068	0.00383	0.00408
4	0.87904	0.00833	0.00633	0.00566	0.00833	0.00966	0.00467	0.01266	0.00733	0.01933	0.00600	0.00700	0.00467	0.00400	0.00267	0.00133	0.00333	0.00233	0.00267	0.00467
5	0.00881	0.00488	0.00638	0.00605	0.00738	0.00440	0.00452	0.01025	0.01067	0.20002	0.29759	0.27284	0.09846	0.02635	0.00539	0.00154	0.00264	0.02273	0.00453	0.00458
6	0.00688	0.00479	0.00580	0.00535	0.00682	0.00417	0.00404	0.00850	0.01099	0.07292	0.41337	0.07964	0.28250	0.00911	0.00492	0.00136	0.00230	0.00785	0.00435	0.06434
7	0.02681	0.00705	0.00786	0.00661	0.00879	0.00719	0.00524	0.18246	0.09544	0.12029	0.13314	0.01730	0.04118	0.00580	0.00397	0.00121	0.00305	0.00472	0.26539	0.05650
8	0.48783	0.00819	0.00819	0.00672	0.00970	0.00861	0.00554	0.06806	0.01012	0.33330	0.01056	0.01020	0.00717	0.00459	0.00342	0.00133	0.00355	0.00321	0.00381	0.00588
9	0.01160	0.00615	0.00742	0.00639	0.00847	0.00584	0.00503	0.06562	0.07100	0.27534	0.12170	0.07667	0.11631	0.00705	0.00436	0.00132	0.00293	0.01848	0.16558	0.02274
10	0.00697	0.00478	0.00605	0.00572	0.00690	0.00450	0.00432	0.00924	0.05680	0.05643	0.56174	0.06406	0.11530	0.00923	0.00556	0.03939	0.00236	0.03191	0.00450	0.00422
11	0.00621	0.00439	0.00579	0.00579	0.00617	0.00477	0.00398	0.00697	0.00659	0.00916	0.01257	0.02264	0.01325	0.44634	0.42091	0.00553	0.00780	0.00545	0.00246	0.00322
12	0.00543	0.00389	0.00511	0.00599	0.00635	0.00365	0.00411	0.00627	0.00843	0.01117	0.04147	0.69903	0.06233	0.05172	0.00626	0.00186	0.00266	0.06682	0.00395	0.00351
13	0.02889	0.00460	0.00536	0.00535	0.00645	0.00426	0.00394	0.01952	0.00992	0.04860	0.20873	0.17578	0.27907	0.08642	0.00652	0.00172	0.00260	0.04912	0.04923	0.00389
14	0.05353	0.00555	0.00635	0.00594	0.00744	0.00549	0.00453	0.05418	0.08157	0.08293	0.24075	0.14751	0.15078	0.00841	0.00461	0.00140	0.00262	0.01877	0.11302	0.00463
15	0.02308	0.00485	0.00640	0.00678	0.00790	0.00460	0.00543	0.00930	0.00988	0.10459	0.09693	0.25911	0.08337	0.01099	0.00540	0.00172	0.00318	0.33456	0.01771	0.00422
16	0.00595	0.00427	0.00464	0.00468	0.00531	0.00400	0.00306	0.00655	0.00788	0.01016	0.02509	0.03334	0.31247	0.45939	0.01404	0.00291	0.00332	0.04140	0.04842	0.00312
17	0.04530	0.00470	0.00521	0.00556	0.00632	0.02786	0.00391	0.00741	0.00910	0.01272	0.14834	0.39837	0.13285	0.07419	0.00623	0.00173	0.00267	0.01994	0.08390	0.00369
18	0.00622	0.00417	0.00477	0.00482	0.00485	0.00418	0.00275	0.00629	0.00637	0.00852	0.01397	0.06462	0.01610	0.78835	0.04374	0.00414	0.00431	0.00649	0.00266	0.00268
19	0.00617	0.00618	0.03315	0.00703	0.00891	0.00536	0.11696	0.00773	0.00961	0.01193	0.03447	0.06938	0.59198	0.00963	0.00556	0.00149	0.04667	0.02012	0.00357	0.00408
20	0.00850	0.00735	0.00936	0.00705	0.01031	0.00591	0.04665	0.01034	0.00874	0.01339	0.00932	0.07912	0.00860	0.01998	0.04895	0.00119	0.01852	0.00368	0.00263	0.68041
21	0.00600	0.00420	0.00489	0.00491	0.00533	0.00401	0.00311	0.00657	0.00804	0.01071	0.17058	0.09546	0.13808	0.48707	0.01491	0.01898	0.00334	0.00739	0.00331	0.00309
22	0.00993	0.00860	0.00955	0.07172	0.01174	0.07973	0.00621	0.01166	0.00930	0.07034	0.01101	0.02874	0.06617	0.00467	0.00451	0.00098	0.07301	0.00357	0.00275	0.51582
23	0.05163	0.00445	0.00508	0.00503	0.00529	0.00460	0.00309	0.00682	0.00657	0.00938	0.03633	0.02587	0.01523	0.68349	0.11646	0.00427	0.00494	0.00591	0.00264	0.00291
24	0.04556	0.00629	0.00772	0.00744	0.03182	0.00660	0.00546	0.09290	0.09616	0.05586	0.03394	0.14638	0.05798	0.07380	0.22211	0.03672	0.00555	0.01446	0.00335	0.04990
25	0.01156	0.08699	0.15848	0.07684	0.21207	0.08021	0.04596	0.09016	0.02979	0.07207	0.00886	0.01079	0.00697	0.03235	0.00511	0.00139	0.04176	0.00367	0.00255	0.02242

[dist]
# distance from previous block
# <min> <max>
2	40

[block]
# block no. 2 follows, 61 sequences, length 46
# corresponding to MSA columns:
# 243-246,251-292
name=unknown_C
#
# <colnr> <probs for GDERKNQSTAVLIFYWHMCP>
#	G	D	E	R	K	N	Q	S	T	A	V	L	I	F	Y	W	H	M	C	P
0	0.04507	0.00589	0.00746	0.00641	0.00841	0.00544	0.00504	0.02765	0.03952	0.28209	0.38129	0.06579	0.05290	0.00749	0.00468	0.00136	0.00280	0.01551	0.00470	0.03050
1	0.01131	0.05557	0.31425	0.01103	0.01526	0.01021	0.10669	0.19020	0.03557	0.08166	0.01108	0.04227	0.00900	0.02970	0.00491	0.00147	0.00537	0.05524	0.00301	0.00620
2	0.00611	0.00442	0.00602	0.00614	0.00657	0.00484	0.00435	0.00703	0.00690	0.00961	0.01387	0.14007	0.01483	0.29423	0.43678	0.00521	0.02075	0.00624	0.00264	0.00341
3	0.05367	0.00727	0.00636	0.00665	0.00768	0.15664	0.00480	0.00861	0.00940	0.01169	0.04048	0.43585	0.18321	0.01064	0.00498	0.00155	0.00350	0.03950	0.00361	0.00389
4	0.13494	0.00920	0.01033	0.00810	0.01118	0.00954	0.00662	0.34330	0.01454	0.32951	0.01252	0.01257	0.00874	0.04983	0.00501	0.00146	0.00406	0.00397	0.01793	0.00666
5	0.12407	0.00778	0.00975	0.00758	0.01084	0.00723	0.00626	0.07488	0.01227	0.67072	0.01519	0.01342	0.00970	0.00516	0.00413	0.00133	0.00370	0.00406	0.00493	0.00700
6	0.00547	0.00404	0.00521	0.00591	0.00643	0.00382	0.00410	0.00664	0.02512	0.01161	0.07910	0.62642	0.11744	0.01370	0.04925	0.00196	0.00295	0.02320	0.00397	0.00365
7	0.05422	0.00501	0.00616	0.00631	0.00744	0.00479	0.00457	0.02319	0.04510	0.13653	0.02309	0.53389	0.09691	0.01099	0.00507	0.00162	0.00280	0.02378	0.00415	0.00438
8	0.01585	0.01065	0.01171	0.00916	0.01237	0.01154	0.00751	0.56635	0.09959	0.14960	0.01229	0.01188	0.00862	0.00526	0.00426	0.00130	0.00430	0.00406	0.04659	0.00711
9	0.00524	0.00414	0.00468	0.00502	0.00598	0.00363	0.00356	0.00623	0.00928	0.01163	0.07925	0.33133	0.46630	0.03637	0.00573	0.00164	0.00235	0.01008	0.00400	0.00358
10	0.02815	0.00676	0.02470	0.00801	0.01003	0.00645	0.16996	0.05488	0.03318	0.05846	0.01373	0.10266	0.01167	0.02696	0.00437	0.00132	0.00359	0.00515	0.42519	0.00479
11	0.01037	0.00695	0.00741	0.00644	0.00810	0.00747	0.00491	0.24695	0.08756	0.01787	0.01339	0.01762	0.01141	0.17879	0.00748	0.00181	0.00344	0.02304	0.33400	0.00497
12	0.00892	0.00576	0.00742	0.00753	0.00908	0.00572	0.00634	0.01209	0.11401	0.12608	0.06442	0.03817	0.09797	0.00996	0.00540	0.00174	0.00358	0.46678	0.00425	0.00477
13	0.00716	0.00538	0.00609	0.00585	0.00730	0.00517	0.00441	0.05336	0.10294	0.04562	0.18149	0.17401	0.35177	0.00986	0.00502	0.00148	0.00258	0.02186	0.00425	0.00441
14	0.00592	0.00410	0.00498	0.00539	0.00585	0.00385	0.00356	0.00656	0.00808	0.02769	0.04669	0.39788	0.14387	0.28451	0.01076	0.00248	0.00304	0.02786	0.00360	0.00334
15	0.00525	0.00375	0.00500	0.00600	0.00625	0.00350	0.00400	0.00600	0.00825	0.01100	0.02374	0.84580	0.02849	0.01350	0.00550	0.00175	0.00250	0.01225	0.00400	0.00350
16	0.87904	0.00833	0.00633	0.00566	0.00833	0.00966	0.00467	0.01266	0.00733	0.01933	0.00600	0.00700	0.00467	0.00400	0.00267	0.00133	0.00333	0.00233	0.00267	0.00467
17	0.00603	0.00419	0.00468	0.00471	0.00498	0.00406	0.00281	0.00628	0.00705	0.00918	0.03561	0.06507	0.14667	0.66043	0.01816	0.00357	0.00374	0.00701	0.00294	0.00284
18	0.14422	0.00663	0.00801	0.00672	0.00912	0.00629	0.00534	0.04457	0.01109	0.41458	0.11716	0.11867	0.04367	0.02232	0.00464	0.00144	0.00323	0.00561	0.02091	0.00577
19	0.01152	0.85121	0.02257	0.00737	0.01106	0.01704	0.00737	0.01290	0.00875	0.01013	0.00599	0.00691	0.00553	0.00369	0.00276	0.00092	0.00461	0.00230	0.00184	0.00553
20	0.01152	0.85121	0.02257	0.00737	0.01106	0.01704	0.00737	0.01290	0.00875	0.01013	0.00599	0.00691	0.00553	0.00369	0.00276	0.00092	0.00461	0.00230	0.00184	0.00553
21	0.00719	0.00481	0.00620	0.00600	0.00707	0.00455	0.00446	0.05072	0.01148	0.06281	0.49198	0.25666	0.03342	0.00978	0.00513	0.00147	0.00244	0.02502	0.00453	0.00427
22	0.00562	0.00391	0.00489	0.00552	0.00568	0.00375	0.00349	0.00610	0.00752	0.01002	0.02000	0.54483	0.02377	0.32091	0.01154	0.00264	0.00312	0.01004	0.00349	0.00317
23	0.01258	0.65799	0.02018	0.00821	0.01158	0.19094	0.00759	0.02873	0.00971	0.01054	0.00621	0.00716	0.00557	0.00387	0.00303	0.00097	0.00528	0.00243	0.00197	0.00545
24	0.00534	0.00412	0.00490	0.00538	0.00623	0.00368	0.00386	0.00640	0.00931	0.01187	0.09703	0.40581	0.35508	0.01196	0.00532	0.00161	0.00241	0.05200	0.00406	0.00363
25	0.00856	0.00802	0.01309	0.60488	0.10374	0.00907	0.03337	0.01128	0.00882	0.01186	0.00773	0.01101	0.00597	0.00407	0.00415	0.00130	0.00532	0.00366	0.00204	0.14207
26	0.00748	0.00374	0.00561	0.00561	0.00561	0.00374	0.00374	0.00561	0.00561	0.00748	0.00748	0.01309	0.00748	0.01496	0.01684	0.87467	0.00374	0.00374	0.00187	0.00187
27	0.00813	0.00766	0.01292	0.83826	0.02967	0.00957	0.01196	0.01101	0.00861	0.01101	0.00766	0.01148	0.00574	0.00431	0.00431	0.00144	0.00574	0.00383	0.00191	0.00479
28	0.00867	0.05511	0.01185	0.00964	0.01010	0.01113	0.00799	0.00987	0.00781	0.01161	0.15392	0.01448	0.02949	0.00896	0.05574	0.00200	0.58001	0.00457	0.00247	0.00457
29	0.01066	0.01023	0.01748	0.02644	0.82174	0.01023	0.01322	0.01322	0.00981	0.01407	0.00810	0.01066	0.00682	0.00384	0.00426	0.00128	0.00512	0.00384	0.00213	0.00682
30	0.00561	0.00393	0.00502	0.00568	0.00599	0.00371	0.00378	0.00623	0.00807	0.01073	0.05886	0.55741	0.06441	0.17272	0.00905	0.03591	0.00287	0.03303	0.00368	0.00331
31	0.02755	0.00478	0.00612	0.00593	0.00691	0.00440	0.02390	0.00772	0.00817	0.05548	0.03852	0.32116	0.10958	0.18859	0.02240	0.07433	0.00331	0.00800	0.00339	0.07975
32	0.00532	0.00399	0.00477	0.00533	0.00593	0.00362	0.00361	0.00609	0.00849	0.01087	0.02868	0.49758	0.27219	0.11381	0.00736	0.00195	0.00260	0.01054	0.00383	0.00343
33	0.00893	0.00766	0.00893	0.00638	0.01021	0.00574	0.00510	0.01085	0.00893	0.01404	0.00766	0.00893	0.00638	0.00319	0.00319	0.00064	0.00319	0.00255	0.00255	0.87495
34	0.06229	0.00813	0.00898	0.00766	0.01012	0.00865	0.00604	0.12725	0.31649	0.19428	0.03455	0.03557	0.08288	0.04742	0.00518	0.00153	0.00349	0.00510	0.02820	0.00619
35	0.00611	0.00442	0.00514	0.00517	0.00618	0.00400	0.00376	0.00723	0.00954	0.03766	0.18092	0.11416	0.35551	0.16817	0.00834	0.00201	0.00275	0.07136	0.00392	0.00365
36	0.04119	0.00778	0.01017	0.00781	0.01114	0.00705	0.00646	0.09143	0.01291	0.73234	0.01611	0.01408	0.01021	0.00528	0.00429	0.00133	0.00375	0.00424	0.00517	0.00726
37	0.03647	0.01005	0.01132	0.00884	0.01201	0.01064	0.00725	0.48519	0.06115	0.22992	0.07182	0.01329	0.01089	0.00549	0.00434	0.00132	0.00416	0.00430	0.00457	0.00700
38	0.00528	0.00397	0.00490	0.00557	0.00620	0.00359	0.00387	0.00620	0.00887	0.01144	0.05681	0.57244	0.25030	0.01257	0.00538	0.00166	0.00243	0.03093	0.00402	0.00357
39	0.00893	0.00766	0.00893	0.00638	0.01021	0.00574	0.00510	0.01085	0.00893	0.01404	0.00766	0.00893	0.00638	0.00319	0.00319	0.00064	0.00319	0.00255	0.00255	0.87495
40	0.00566	0.00414	0.00540	0.00628	0.00677	0.00396	0.00447	0.00700	0.03643	0.01154	0.02445	0.66367	0.06949	0.01287	0.00550	0.00176	0.00272	0.12022	0.00401	0.00369
41	0.00524	0.00377	0.00498	0.00595	0.00624	0.00350	0.00398	0.00600	0.00829	0.01101	0.02429	0.82372	0.05022	0.01342	0.00549	0.00174	0.00249	0.01216	0.00400	0.00350
42	0.05319	0.00508	0.00641	0.00683	0.00803	0.00500	0.00566	0.00917	0.03369	0.03721	0.13868	0.10241	0.13396	0.01066	0.00541	0.00173	0.00327	0.42542	0.00407	0.00412
43	0.00849	0.00491	0.00650	0.00586	0.00727	0.00445	0.00448	0.01039	0.01201	0.16590	0.62920	0.07212	0.03447	0.00841	0.00496	0.00137	0.00236	0.00739	0.00481	0.00464
44	0.00615	0.00462	0.00692	0.00692	0.00769	0.00538	0.00538	0.00769	0.00692	0.01000	0.01154	0.01692	0.01077	0.03231	0.83154	0.00692	0.01154	0.00462	0.00231	0.00385
45	0.00823	0.00508	0.00667	0.00633	0.00731	0.00528	0.00463	0.02668	0.03138	0.11939	0.02491	0.07457	0.03438	0.27322	0.33797	0.00446	0.00683	0.01551	0.00311	0.00407

[dist]
# distance from previous block
# <min> <max>
0	3

[block]
# block no. 3 follows, 61 sequences, length 12
# corresponding to MSA columns:
# 296-307
name=unknown_D
#
# <colnr> <probs for GDERKNQSTAVLIFYWHMCP>
#	G	D	E	R	K	N	Q	S	T	A	V	L	I	F	Y	W	H	M	C	P
0	0.54232	0.07170	0.00946	0.00736	0.01012	0.16576	0.00601	0.11623	0.01002	0.01802	0.00668	0.00757	0.00524	0.00421	0.00312	0.00126	0.00444	0.00261	0.00273	0.00513
1	0.07955	0.00969	0.01000	0.00871	0.03262	0.08994	0.00672	0.28694	0.03582	0.07526	0.20214	0.05368	0.03023	0.00647	0.00495	0.00136	0.05120	0.00509	0.00394	0.00571
2	0.01149	0.00908	0.00976	0.00867	0.01118	0.01032	0.00677	0.02272	0.74135	0.09109	0.01748	0.01594	0.01292	0.00580	0.00438	0.00145	0.00343	0.00482	0.00447	0.00686
3	0.05052	0.03262	0.01131	0.00924	0.01169	0.03074	0.05525	0.16742	0.39144	0.01801	0.03618	0.02700	0.04336	0.00674	0.03093	0.00160	0.06124	0.00473	0.00379	0.00619
4	0.00559	0.00439	0.00502	0.00491	0.00613	0.00387	0.00369	0.00706	0.01069	0.01388	0.35914	0.03748	0.45401	0.03508	0.00561	0.00151	0.00223	0.03167	0.00426	0.00379
5	0.00676	0.00476	0.00573	0.00544	0.00675	0.00432	0.00413	0.03310	0.01132	0.05881	0.41578	0.09192	0.29496	0.00962	0.00507	0.00143	0.00234	0.02917	0.00444	0.00416
6	0.00572	0.00429	0.00532	0.00542	0.00638	0.00389	0.00402	0.00724	0.01065	0.01431	0.41387	0.20330	0.23377	0.01048	0.00522	0.00150	0.00228	0.05417	0.00436	0.00383
7	0.00893	0.00766	0.00893	0.00638	0.01021	0.00574	0.00510	0.01085	0.00893	0.01404	0.00766	0.00893	0.00638	0.00319	0.00319	0.00064	0.00319	0.00255	0.00255	0.87495
8	0.07443	0.00941	0.01255	0.03014	0.30845	0.05626	0.04610	0.09618	0.08134	0.03853	0.04581	0.08439	0.08620	0.00590	0.00439	0.00136	0.00441	0.00518	0.00312	0.00586
9	0.03184	0.00668	0.00807	0.00636	0.00902	0.00553	0.02599	0.02883	0.00892	0.01337	0.05067	0.08781	0.05401	0.09583	0.00623	0.03797	0.00330	0.00454	0.00287	0.51218
10	0.00650	0.00437	0.00550	0.00577	0.00656	0.00399	0.00404	0.00747	0.00888	0.05832	0.10387	0.43745	0.11377	0.13156	0.00762	0.00196	0.00282	0.04535	0.00389	0.04030
11	0.04556	0.02043	0.03946	0.46531	0.02283	0.03142	0.13297	0.01220	0.04093	0.03433	0.05375	0.01328	0.03168	0.00481	0.00471	0.00143	0.03312	0.00431	0.00239	0.00508

[dist]
# distance from previous block
# <min> <max>
8	49

[block]
# block no. 4 follows, 61 sequences, length 49
# corresponding to MSA columns:
# 359-363,366-409
name=unknown_E
#
# <colnr> <probs for GDERKNQSTAVLIFYWHMCP>
#	G	D	E	R	K	N	Q	S	T	A	V	L	I	F	Y	W	H	M	C	P
0	0.00538	0.00405	0.00550	0.00613	0.00665	0.00373	0.02602	0.00627	0.00855	0.01124	0.03740	0.71397	0.12342	0.01284	0.00543	0.00170	0.00259	0.01160	0.00396	0.00359
1	0.78939	0.00839	0.00670	0.00592	0.00852	0.00967	0.00483	0.06260	0.00809	0.01936	0.00643	0.00770	0.00508	0.01786	0.00342	0.02259	0.00344	0.00253	0.00275	0.00473
2	0.02274	0.00519	0.00623	0.02042	0.00747	0.00457	0.00417	0.00881	0.00891	0.08845	0.07496	0.07146	0.24172	0.07406	0.00777	0.14324	0.00299	0.00605	0.04282	0.15796
3	0.02288	0.00409	0.00511	0.00572	0.00617	0.00387	0.00386	0.00661	0.00811	0.02792	0.02280	0.54879	0.09437	0.15641	0.00852	0.02473	0.00289	0.04001	0.00371	0.00344
4	0.00615	0.00462	0.00692	0.00692	0.00769	0.00538	0.00538	0.00769	0.00692	0.01000	0.01154	0.01692	0.01077	0.03231	0.83154	0.00692	0.01154	0.00462	0.00231	0.00385
5	0.00689	0.00553	0.00864	0.01009	0.13983	0.00617	0.00666	0.00859	0.00739	0.01066	0.01098	0.01591	0.01013	0.02769	0.69726	0.00601	0.01050	0.00449	0.00228	0.00433
6	0.00587	0.00427	0.00528	0.00534	0.00628	0.00386	0.00386	0.00729	0.01046	0.02783	0.39510	0.24507	0.22226	0.03052	0.00558	0.00155	0.00227	0.00916	0.00433	0.00384
7	0.00616	0.00458	0.00675	0.00675	0.00746	0.00529	0.00517	0.00758	0.00687	0.00987	0.01169	0.01779	0.01115	0.09528	0.76909	0.00671	0.01097	0.00474	0.00233	0.00375
8	0.00700	0.00493	0.00685	0.00776	0.00877	0.00489	0.00673	0.00892	0.00989	0.02411	0.02334	0.07558	0.04673	0.01184	0.00589	0.00195	0.00386	0.73299	0.00399	0.00399
9	0.41580	0.00776	0.00778	0.00660	0.00918	0.00821	0.00532	0.09063	0.02395	0.22839	0.04575	0.06040	0.03798	0.01735	0.00411	0.01402	0.00343	0.00415	0.00374	0.00545
10	0.02380	0.00540	0.00708	0.00714	0.00853	0.00520	0.00575	0.04556	0.01028	0.17882	0.02059	0.27243	0.02114	0.01022	0.00520	0.00169	0.00339	0.31079	0.05232	0.00468
11	0.00549	0.00401	0.00519	0.00588	0.00644	0.00371	0.00416	0.00656	0.00914	0.01214	0.14238	0.56934	0.12253	0.01238	0.00543	0.00168	0.00251	0.07330	0.00410	0.00363
12	0.03535	0.00763	0.00975	0.00763	0.01078	0.00700	0.00624	0.07376	0.06665	0.61820	0.04388	0.01552	0.03626	0.00554	0.00431	0.00132	0.00360	0.00450	0.00498	0.03712
13	0.00619	0.00480	0.00570	0.00549	0.00675	0.00450	0.00419	0.00871	0.07361	0.01533	0.47055	0.03473	0.28127	0.00940	0.00508	0.00143	0.00229	0.05141	0.00444	0.00414
14	0.00626	0.00418	0.00470	0.00470	0.00470	0.00418	0.00261	0.00626	0.00626	0.00835	0.01357	0.02819	0.01566	0.84862	0.02192	0.00418	0.00418	0.00626	0.00261	0.00261
15	0.00938	0.00530	0.00549	0.00504	0.00645	0.00551	0.00389	0.10338	0.05449	0.03453	0.01387	0.01537	0.01072	0.00509	0.00326	0.00107	0.00244	0.00405	0.70605	0.00462
16	0.01055	0.00885	0.00960	0.00812	0.01098	0.00934	0.00638	0.03869	0.55977	0.03376	0.01467	0.01397	0.01112	0.00510	0.00406	0.00123	0.00339	0.00421	0.00390	0.24232
17	0.01576	0.02004	0.01294	0.01149	0.01383	0.78592	0.05248	0.01701	0.01209	0.01072	0.00677	0.00798	0.00560	0.00439	0.00395	0.00113	0.00774	0.00290	0.00222	0.00504
18	0.04141	0.00995	0.01150	0.00884	0.01222	0.01027	0.00730	0.45121	0.01653	0.36596	0.01305	0.01209	0.00867	0.00521	0.00427	0.00131	0.00424	0.00403	0.00470	0.00725
19	0.00509	0.00436	0.00436	0.00436	0.00582	0.00364	0.00327	0.00618	0.00982	0.01164	0.04364	0.04146	0.82000	0.01091	0.00509	0.00145	0.00218	0.00909	0.00400	0.00364
20	0.01609	0.02053	0.01221	0.01110	0.01332	0.83132	0.00832	0.01720	0.01221	0.01054	0.00666	0.00777	0.00555	0.00444	0.00388	0.00111	0.00777	0.00277	0.00222	0.00499
21	0.00523	0.00441	0.00455	0.00463	0.00605	0.00373	0.00354	0.00638	0.00983	0.01173	0.04210	0.04198	0.76131	0.01098	0.00515	0.00149	0.00231	0.06693	0.00400	0.00366
22	0.00596	0.00468	0.00629	0.00675	0.00707	0.00504	0.00487	0.00684	0.00809	0.01100	0.03487	0.59592	0.06047	0.02769	0.05168	0.00208	0.12150	0.03191	0.00360	0.00370
23	0.01926	0.00744	0.01007	0.00772	0.01105	0.00650	0.00638	0.03977	0.01252	0.80569	0.01684	0.01456	0.01058	0.00533	0.00433	0.00133	0.00369	0.00432	0.00531	0.00733
24	0.87904	0.00833	0.00633	0.00566	0.00833	0.00966	0.00467	0.01266	0.00733	0.01933	0.00600	0.00700	0.00467	0.00400	0.00267	0.00133	0.00333	0.00233	0.00267	0.00467
25	0.00532	0.00433	0.00470	0.00469	0.00598	0.00372	0.00349	0.00659	0.01023	0.01280	0.20761	0.08986	0.60445	0.01062	0.00511	0.00145	0.00217	0.00901	0.00416	0.00372
26	0.01609	0.02053	0.01221	0.01110	0.01332	0.83132	0.00832	0.01720	0.01221	0.01054	0.00666	0.00777	0.00555	0.00444	0.00388	0.00111	0.00777	0.00277	0.00222	0.00499
27	0.87904	0.00833	0.00633	0.00566	0.00833	0.00966	0.00467	0.01266	0.00733	0.01933	0.00600	0.00700	0.00467	0.00400	0.00267	0.00133	0.00333	0.00233	0.00267	0.00467
28	0.00552	0.00420	0.00504	0.00546	0.00627	0.00381	0.00385	0.02240	0.00951	0.01232	0.12942	0.45819	0.29462	0.01188	0.00529	0.00159	0.00238	0.01047	0.00410	0.00369
29	0.00864	0.02228	0.82630	0.01228	0.01864	0.01000	0.01592	0.01364	0.00909	0.01364	0.00773	0.00909	0.00546	0.00409	0.00409	0.00136	0.00637	0.00318	0.00182	0.00637
30	0.03314	0.00547	0.00687	0.00606	0.00767	0.00518	0.00469	0.04516	0.03327	0.15878	0.57362	0.02696	0.04577	0.00781	0.00480	0.00135	0.00251	0.00675	0.01929	0.00486
31	0.61602	0.00860	0.00752	0.00643	0.00914	0.00969	0.00527	0.14273	0.02430	0.05728	0.03135	0.01008	0.03491	0.00467	0.00320	0.00133	0.00348	0.00313	0.01566	0.00520
32	0.01017	0.01162	0.02542	0.01816	0.02251	0.01089	0.80610	0.01380	0.01017	0.01380	0.00871	0.01162	0.00654	0.00363	0.00508	0.00145	0.00726	0.00508	0.00218	0.00581
33	0.01529	0.01018	0.01121	0.00888	0.01195	0.01102	0.00724	0.48819	0.14387	0.15669	0.01288	0.01243	0.00910	0.00529	0.00422	0.00130	0.00413	0.00412	0.07502	0.00698
34	0.00581	0.00410	0.00515	0.00551	0.00613	0.00378	0.00380	0.00681	0.00923	0.02591	0.21773	0.42300	0.13819	0.10363	0.00728	0.01392	0.00256	0.00983	0.00402	0.00360
35	0.00581	0.00436	0.00534	0.00515	0.00623	0.00394	0.00382	0.00750	0.01129	0.01537	0.57107	0.06271	0.24112	0.03054	0.00552	0.00146	0.00214	0.00824	0.00447	0.00390
36	0.00518	0.00432	0.00451	0.00456	0.00590	0.00366	0.00338	0.00632	0.00989	0.01202	0.10148	0.09687	0.70528	0.01093	0.00512	0.00147	0.00219	0.00921	0.00406	0.00366
37	0.13950	0.00804	0.00956	0.00751	0.01061	0.00783	0.00618	0.15139	0.01273	0.52139	0.01412	0.01295	0.00928	0.00509	0.00400	0.00130	0.00369	0.00395	0.06414	0.00673
38	0.06453	0.00620	0.00722	0.00653	0.00833	0.00607	0.00500	0.12219	0.02152	0.19183	0.04347	0.26150	0.14292	0.02644	0.00502	0.00152	0.00309	0.01598	0.05562	0.00504
39	0.01363	0.00875	0.01002	0.00825	0.01076	0.00916	0.00655	0.42414	0.01531	0.16831	0.03412	0.20547	0.03467	0.02381	0.00497	0.00147	0.00389	0.00616	0.00439	0.00618
40	0.00581	0.00431	0.00505	0.00511	0.00619	0.00381	0.00371	0.00708	0.01012	0.03405	0.25601	0.21230	0.38749	0.03231	0.00559	0.00156	0.00230	0.00921	0.00421	0.00380
41	0.00841	0.00500	0.00611	0.00586	0.00727	0.00455	0.00438	0.03170	0.02227	0.16150	0.13275	0.27877	0.24956	0.00994	0.00497	0.00149	0.00263	0.01857	0.03976	0.00450
42	0.00626	0.00465	0.00542	0.00560	0.00660	0.00439	0.00401	0.02430	0.06335	0.02774	0.12048	0.35009	0.28007	0.04956	0.00590	0.00167	0.00254	0.00945	0.02399	0.00395
43	0.01089	0.01188	0.00953	0.00869	0.00960	0.34037	0.00638	0.01156	0.00875	0.00968	0.00910	0.01585	0.00942	0.31871	0.02770	0.00251	0.17874	0.00431	0.00230	0.00403
44	0.01431	0.34536	0.01628	0.00961	0.01243	0.49397	0.00795	0.03363	0.01104	0.01076	0.00648	0.00749	0.00558	0.00416	0.00346	0.00104	0.00646	0.00262	0.00212	0.00526
45	0.00794	0.00473	0.00582	0.00573	0.00684	0.00440	0.00416	0.02197	0.02303	0.12507	0.14715	0.30376	0.13878	0.08271	0.00637	0.00172	0.00271	0.01694	0.08594	0.00423
46	0.00601	0.00423	0.00537	0.00588	0.00668	0.00391	0.00434	0.00725	0.00949	0.03227	0.14315	0.41430	0.17881	0.01167	0.00533	0.00164	0.00261	0.12678	0.02650	0.00378
47	0.00838	0.01289	0.31282	0.03866	0.01530	0.00870	0.15071	0.04621	0.00891	0.01275	0.00938	0.01284	0.00779	0.04245	0.26900	0.00326	0.02833	0.00415	0.00218	0.00528
48	0.00533	0.00392	0.00495	0.00568	0.00617	0.00360	0.00388	0.00618	0.00864	0.01131	0.06165	0.63048	0.16198	0.04374	0.00603	0.00178	0.00251	0.02467	0.00398	0.00352

[dist]
# distance from previous block
# <min> <max>
1	33

[block]
# block no. 5 follows, 61 sequences, length 33
# corresponding to MSA columns:
# 443-475
name=unknown_F
#
# <colnr> <probs for GDERKNQSTAVLIFYWHMCP>
#	G	D	E	R	K	N	Q	S	T	A	V	L	I	F	Y	W	H	M	C	P
0	0.36023	0.02374	0.02846	0.00817	0.02923	0.00990	0.02631	0.09769	0.07106	0.03516	0.00976	0.03480	0.03633	0.00519	0.00489	0.00135	0.11476	0.00361	0.00295	0.09643
1	0.01112	0.15529	0.24254	0.02834	0.01344	0.05949	0.00939	0.05080	0.04200	0.10723	0.00977	0.02382	0.00777	0.00557	0.03065	0.00138	0.02976	0.02672	0.01338	0.13154
2	0.04477	0.00655	0.00930	0.02989	0.01021	0.00682	0.07059	0.03726	0.06213	0.17548	0.07284	0.11591	0.01408	0.02183	0.16708	0.03759	0.04912	0.00553	0.05803	0.00500
3	0.02044	0.00775	0.01096	0.16497	0.06647	0.00857	0.05339	0.09272	0.12664	0.02545	0.07408	0.03030	0.01143	0.04095	0.02236	0.11872	0.05995	0.02031	0.00296	0.04161
4	0.03085	0.33137	0.11844	0.06917	0.08492	0.03623	0.09729	0.01285	0.02541	0.04018	0.00811	0.02494	0.00689	0.00504	0.00469	0.06650	0.00512	0.01338	0.00219	0.01641
5	0.04911	0.08503	0.01183	0.07975	0.01288	0.07998	0.00740	0.18755	0.04754	0.27651	0.03753	0.01237	0.00926	0.00592	0.02805	0.00146	0.03796	0.00391	0.01971	0.00625
6	0.00964	0.00981	0.01353	0.01151	0.01170	0.03711	0.03295	0.01067	0.00687	0.01047	0.00577	0.00944	0.00568	0.00733	0.01357	0.00185	0.79167	0.00378	0.00190	0.00475
7	0.00794	0.00640	0.05372	0.05203	0.00986	0.00563	0.03512	0.03765	0.05612	0.08824	0.05441	0.40057	0.08591	0.03481	0.00559	0.00167	0.00339	0.05257	0.00384	0.00453
8	0.00639	0.00459	0.00497	0.00507	0.00524	0.02599	0.00304	0.00659	0.00686	0.00894	0.01589	0.11452	0.04900	0.68376	0.01864	0.00368	0.00401	0.02713	0.00284	0.00284
9	0.01637	0.01207	0.01293	0.00991	0.01336	0.01336	0.00819	0.80738	0.02025	0.02715	0.01034	0.01034	0.00733	0.00517	0.00431	0.00129	0.00474	0.00388	0.00431	0.00733
10	0.00646	0.00431	0.00542	0.00587	0.00666	0.00395	0.00411	0.02484	0.00919	0.06776	0.04660	0.59582	0.17856	0.01214	0.00530	0.00164	0.00256	0.01080	0.00412	0.00389
11	0.02575	0.02437	0.00728	0.00686	0.00773	0.00580	0.00537	0.00797	0.00724	0.01058	0.05498	0.01735	0.01212	0.04335	0.72047	0.00622	0.02550	0.00470	0.00243	0.00391
12	0.00585	0.00407	0.00479	0.00511	0.00534	0.00393	0.00316	0.00621	0.00726	0.00954	0.01964	0.27962	0.09524	0.50231	0.01509	0.00315	0.00347	0.02002	0.00319	0.00300
13	0.00634	0.00461	0.00594	0.00650	0.00745	0.00440	0.00515	0.00810	0.03081	0.02492	0.12369	0.26118	0.16396	0.01153	0.00551	0.00173	0.00300	0.31714	0.00411	0.00392
14	0.00620	0.00487	0.00705	0.00686	0.00800	0.00444	0.07871	0.00750	0.00928	0.03279	0.06230	0.42320	0.24394	0.01132	0.00534	0.00163	0.00299	0.07578	0.00389	0.00391
15	0.00893	0.00766	0.00893	0.00638	0.01021	0.00574	0.00510	0.01085	0.00893	0.01404	0.00766	0.00893	0.00638	0.00319	0.00319	0.00064	0.00319	0.00255	0.00255	0.87495
16	0.00609	0.00415	0.00510	0.00532	0.00548	0.00419	0.00334	0.00642	0.00679	0.00915	0.01538	0.19194	0.01760	0.54232	0.11783	0.02704	0.00473	0.02135	0.00286	0.00295
17	0.00675	0.00464	0.00541	0.00555	0.00652	0.00440	0.00396	0.00861	0.06797	0.05132	0.08697	0.28823	0.22681	0.11223	0.00703	0.00184	0.00271	0.02921	0.07590	0.00395
18	0.35407	0.00756	0.00799	0.00664	0.00928	0.00777	0.00531	0.03350	0.05279	0.35282	0.01217	0.01322	0.00896	0.10350	0.00574	0.00167	0.00360	0.00379	0.00390	0.00571
19	0.00834	0.00646	0.00740	0.00677	0.00843	0.00686	0.00519	0.01454	0.34434	0.03391	0.42234	0.02470	0.04382	0.00740	0.00469	0.00139	0.00264	0.00639	0.03914	0.00526
20	0.01320	0.00973	0.01023	0.00844	0.01111	0.02311	0.00677	0.38553	0.26318	0.04535	0.01337	0.01323	0.00987	0.00534	0.00409	0.00129	0.00385	0.00421	0.16156	0.00653
21	0.00913	0.00524	0.00672	0.00662	0.00777	0.00502	0.00486	0.06506	0.02487	0.16867	0.04108	0.45196	0.02166	0.06451	0.00657	0.02975	0.00311	0.05601	0.01690	0.00450
22	0.21498	0.00749	0.00888	0.00707	0.01010	0.00713	0.00581	0.04325	0.01133	0.55422	0.04338	0.01445	0.04246	0.00536	0.00401	0.00134	0.00351	0.00417	0.00461	0.00646
23	0.00536	0.00384	0.00507	0.00596	0.00627	0.00362	0.00402	0.00614	0.00820	0.01091	0.02348	0.73929	0.05050	0.05486	0.02816	0.00200	0.00285	0.03210	0.00388	0.00348
24	0.00576	0.00389	0.00520	0.00587	0.00611	0.00378	0.00393	0.00617	0.00761	0.01018	0.01956	0.55931	0.02294	0.13184	0.06261	0.10695	0.00350	0.02813	0.00344	0.00321
25	0.00929	0.00732	0.02668	0.09779	0.11522	0.00768	0.03723	0.09009	0.02607	0.06385	0.04768	0.03691	0.01095	0.04054	0.25366	0.05191	0.03356	0.01275	0.02585	0.00496
26	0.00765	0.00659	0.00928	0.00836	0.00868	0.00831	0.02269	0.00850	0.00685	0.01001	0.03543	0.03333	0.01078	0.19443	0.22128	0.04509	0.35173	0.00484	0.00229	0.00389
27	0.01609	0.02053	0.01221	0.01110	0.01332	0.83132	0.00832	0.01720	0.01221	0.01054	0.00666	0.00777	0.00555	0.00444	0.00388	0.00111	0.00777	0.00277	0.00222	0.00499
28	0.00789	0.00492	0.00779	0.11785	0.09200	0.00517	0.00579	0.00710	0.00644	0.00862	0.00757	0.01263	0.00718	0.01242	0.01390	0.67014	0.00415	0.00376	0.00190	0.00276
29	0.00623	0.00455	0.00673	0.00673	0.00741	0.00523	0.00514	0.00750	0.00682	0.00978	0.01146	0.01740	0.01090	0.07981	0.74346	0.04950	0.01072	0.00467	0.00230	0.00368
30	0.00893	0.00766	0.00893	0.00638	0.01021	0.00574	0.00510	0.01085	0.00893	0.01404	0.00766	0.00893	0.00638	0.00319	0.00319	0.00064	0.00319	0.00255	0.00255	0.87495
31	0.01744	0.01036	0.01187	0.00910	0.01251	0.01083	0.00752	0.52478	0.01741	0.31377	0.01273	0.01189	0.00852	0.00523	0.00432	0.00131	0.00435	0.00404	0.00468	0.00733
32	0.01081	0.00942	0.02998	0.33340	0.16936	0.00994	0.11923	0.11694	0.03449	0.07835	0.01056	0.01262	0.03627	0.00460	0.00443	0.00138	0.00535	0.00426	0.00272	0.00588

[dist]
# distance from previous block
# <min> <max>
0	8

[block]
# block no. 6 follows, 61 sequences, length 45
# corresponding to MSA columns:
# 484-528
name=unknown_G
#
# <colnr> <probs for GDERKNQSTAVLIFYWHMCP>
#	G	D	E	R	K	N	Q	S	T	A	V	L	I	F	Y	W	H	M	C	P
0	0.00822	0.00487	0.00641	0.00578	0.00717	0.00442	0.00442	0.01015	0.01210	0.14895	0.65926	0.04622	0.04831	0.00837	0.00497	0.00136	0.00231	0.00734	0.00481	0.00458
1	0.00626	0.00418	0.00470	0.00470	0.00470	0.00418	0.00261	0.00626	0.00626	0.00835	0.01357	0.02819	0.01566	0.84862	0.02192	0.00418	0.00418	0.00626	0.00261	0.00261
2	0.05986	0.00486	0.00600	0.00550	0.00680	0.00452	0.00417	0.00859	0.01168	0.01719	0.71615	0.02910	0.03618	0.00814	0.00481	0.00131	0.00219	0.00711	0.00447	0.06138
3	0.87904	0.00833	0.00633	0.00566	0.00833	0.00966	0.00467	0.01266	0.00733	0.01933	0.00600	0.00700	0.00467	0.00400	0.00267	0.00133	0.00333	0.00233	0.00267	0.00467
4	0.01152	0.85121	0.02257	0.00737	0.01106	0.01704	0.00737	0.01290	0.00875	0.01013	0.00599	0.00691	0.00553	0.00369	0.00276	0.00092	0.00461	0.00230	0.00184	0.00553
5	0.01071	0.00925	0.00974	0.00877	0.01120	0.01071	0.00682	0.02289	0.81396	0.01802	0.01753	0.01607	0.01315	0.00584	0.00438	0.00146	0.00341	0.00487	0.00438	0.00682
6	0.00617	0.00436	0.00571	0.00575	0.00611	0.00469	0.00392	0.00690	0.00664	0.00920	0.01306	0.05566	0.01397	0.44764	0.38599	0.00532	0.00743	0.00576	0.00253	0.00320
7	0.00930	0.00536	0.00546	0.00514	0.00654	0.01950	0.00393	0.01293	0.14078	0.06592	0.01467	0.01583	0.01127	0.00516	0.00333	0.00110	0.00244	0.00415	0.66250	0.00469
8	0.00615	0.00461	0.00690	0.00689	0.00766	0.00535	0.00535	0.00770	0.00705	0.01017	0.03045	0.01728	0.01147	0.03176	0.81220	0.00679	0.01132	0.00469	0.00236	0.00385
9	0.00629	0.00414	0.00483	0.00486	0.00493	0.00411	0.00283	0.00631	0.00664	0.00891	0.05824	0.06564	0.01711	0.70840	0.01989	0.06103	0.00395	0.00646	0.00274	0.00268
10	0.01807	0.00856	0.01066	0.00826	0.01156	0.00825	0.00679	0.20398	0.06690	0.58620	0.01548	0.01375	0.01005	0.00533	0.00433	0.00133	0.00390	0.00426	0.00503	0.00730
11	0.87904	0.00833	0.00633	0.00566	0.00833	0.00966	0.00467	0.01266	0.00733	0.01933	0.00600	0.00700	0.00467	0.00400	0.00267	0.00133	0.00333	0.00233	0.00267	0.00467
12	0.00705	0.00508	0.00702	0.00796	0.00899	0.00512	0.00694	0.00932	0.03255	0.01304	0.02266	0.04767	0.02446	0.01173	0.00591	0.00197	0.00395	0.77057	0.00398	0.00405
13	0.01034	0.00748	0.00841	0.00749	0.00961	0.00804	0.00582	0.02884	0.44641	0.11709	0.19860	0.03271	0.06861	0.00684	0.00456	0.00141	0.00303	0.00579	0.02294	0.00597
14	0.00616	0.00420	0.00498	0.00521	0.00539	0.00414	0.00328	0.00652	0.00709	0.00942	0.03274	0.15252	0.03190	0.61245	0.01731	0.00350	0.00383	0.08343	0.00301	0.00292
15	0.01841	0.00756	0.01002	0.00773	0.01095	0.00678	0.00637	0.08388	0.01296	0.71915	0.05733	0.01520	0.01192	0.00550	0.00437	0.00133	0.00367	0.00447	0.00522	0.00716
16	0.00747	0.00513	0.00646	0.00590	0.00723	0.00489	0.00452	0.04960	0.04059	0.06120	0.66219	0.03025	0.06422	0.00847	0.00500	0.00137	0.00235	0.02398	0.00470	0.00448
17	0.00794	0.00478	0.00620	0.00562	0.00696	0.00435	0.00429	0.00989	0.01199	0.12570	0.64850	0.02935	0.06007	0.00823	0.00488	0.00134	0.00226	0.00719	0.04598	0.00449
18	0.64480	0.00824	0.00724	0.00619	0.00893	0.00916	0.00509	0.07191	0.00910	0.13889	0.00835	0.00883	0.00607	0.00433	0.00305	0.00131	0.00342	0.00283	0.04705	0.00522
19	0.00598	0.00455	0.00474	0.00459	0.00615	0.00381	0.00348	0.00713	0.01002	0.06165	0.05739	0.03963	0.75486	0.01053	0.00504	0.00145	0.00227	0.00877	0.00410	0.00387
20	0.00570	0.00450	0.00687	0.00707	0.00774	0.00419	0.07829	0.00673	0.00848	0.01128	0.02301	0.74173	0.05281	0.01250	0.00545	0.00171	0.00293	0.01148	0.00383	0.00372
21	0.76851	0.00862	0.00706	0.00612	0.00888	0.00986	0.00504	0.08330	0.00867	0.05208	0.00682	0.00760	0.00514	0.00416	0.00288	0.00133	0.00347	0.00255	0.00292	0.00501
22	0.00983	0.01011	0.01313	0.01130	0.01143	0.06341	0.00936	0.01079	0.00694	0.01038	0.00572	0.00932	0.00565	0.00735	0.01351	0.00184	0.78961	0.00371	0.00191	0.00473
23	0.00641	0.00433	0.00497	0.00497	0.00509	0.00437	0.00292	0.02279	0.00670	0.00897	0.01405	0.07756	0.01608	0.74750	0.05278	0.00408	0.00438	0.00652	0.00272	0.00281
24	0.01607	0.01192	0.01276	0.00985	0.01324	0.01322	0.00811	0.76564	0.06249	0.02666	0.01072	0.01065	0.00764	0.00521	0.00431	0.00130	0.00467	0.00393	0.00431	0.00730
25	0.01029	0.01246	0.16674	0.02383	0.67355	0.01019	0.01372	0.01330	0.00968	0.01399	0.00803	0.01037	0.00657	0.00388	0.00423	0.00129	0.00535	0.00372	0.00207	0.00674
26	0.01060	0.00912	0.00965	0.00874	0.01113	0.01053	0.00682	0.02245	0.78876	0.01786	0.01770	0.01709	0.01351	0.00603	0.00443	0.00148	0.00343	0.02957	0.00437	0.00673
27	0.00646	0.00454	0.00602	0.00668	0.00741	0.00441	0.00507	0.01930	0.03326	0.02918	0.11873	0.45695	0.02774	0.01195	0.00551	0.00175	0.00296	0.24402	0.00412	0.00394
28	0.03508	0.00438	0.00551	0.00611	0.00679	0.00416	0.00428	0.02818	0.00890	0.05328	0.02385	0.67483	0.08244	0.01232	0.00530	0.00169	0.00266	0.03237	0.00403	0.00386
