[name]
unknown

[dist]
# distance from previous block
# <min> <max>
0	83

[block]
# block no. 0 follows, 56 sequences, length 17
# corresponding to MSA columns:
# 85-101
name=unknown_A
#
# <colnr> <probs for GDERKNQSTAVLIFYWHMCP>
#	G	D	E	R	K	N	Q	S	T	A	V	L	I	F	Y	W	H	M	C	P
0	0.00743	0.00550	0.00732	0.00684	0.00754	0.00561	0.03321	0.00808	0.00782	0.01076	0.04342	0.04861	0.01646	0.42790	0.05537	0.07191	0.06193	0.10256	0.00293	0.06881
1	0.00926	0.00701	0.00852	0.04771	0.05765	0.04262	0.00628	0.03459	0.07326	0.08118	0.23171	0.07967	0.11329	0.03359	0.06936	0.00205	0.02556	0.03840	0.03321	0.00507
2	0.00856	0.00428	0.00428	0.00428	0.00535	0.00428	0.00321	0.01070	0.00963	0.01712	0.01498	0.01712	0.01177	0.00535	0.00321	0.00107	0.00214	0.00428	0.86414	0.00428
3	0.01057	0.01117	0.02357	0.01747	0.04162	0.01048	0.64686	0.01397	0.01071	0.03977	0.04311	0.04696	0.01000	0.04441	0.00624	0.00169	0.00697	0.00584	0.00264	0.00593
4	0.01168	0.01281	0.06625	0.38377	0.18026	0.16905	0.01217	0.08394	0.01133	0.01401	0.00831	0.01102	0.00644	0.00459	0.00448	0.00141	0.00636	0.00382	0.00237	0.00593
5	0.00856	0.00428	0.00428	0.00428	0.00535	0.00428	0.00321	0.01070	0.00963	0.01712	0.01498	0.01712	0.01177	0.00535	0.00321	0.00107	0.00214	0.00428	0.86414	0.00428
6	0.07093	0.00937	0.01339	0.24261	0.08756	0.04663	0.09352	0.09073	0.01037	0.01465	0.01020	0.07594	0.00906	0.03051	0.03926	0.01896	0.08492	0.00487	0.04114	0.00536
7	0.01243	0.01321	0.05180	0.05384	0.01902	0.12527	0.36009	0.05331	0.11908	0.06035	0.01047	0.01226	0.00790	0.00489	0.00577	0.00152	0.07495	0.00467	0.00289	0.00626
8	0.01066	0.00873	0.01050	0.03371	0.04990	0.02566	0.01758	0.07191	0.02584	0.05421	0.03521	0.05001	0.00949	0.00454	0.00389	0.00095	0.00383	0.00378	0.00313	0.57646
9	0.00566	0.00414	0.00534	0.00624	0.00671	0.00382	0.00428	0.00658	0.00916	0.01203	0.04555	0.69143	0.12639	0.01387	0.00581	0.00183	0.00267	0.04045	0.00428	0.00378
10	0.00963	0.00929	0.04688	0.21633	0.28915	0.00928	0.06128	0.01325	0.07151	0.01503	0.10866	0.03146	0.01272	0.00534	0.00463	0.00143	0.00493	0.00494	0.07831	0.00596
11	0.00575	0.00422	0.00537	0.00609	0.00665	0.00388	0.00421	0.00677	0.00949	0.01253	0.11299	0.58577	0.14817	0.03479	0.00622	0.00185	0.00265	0.03450	0.00431	0.00381
12	0.01119	0.52637	0.05875	0.00915	0.04908	0.01455	0.00822	0.01299	0.00987	0.03534	0.13360	0.01242	0.01204	0.00526	0.00469	0.00121	0.08326	0.00371	0.00258	0.00573
13	0.23240	0.08749	0.12862	0.03508	0.02896	0.04510	0.03021	0.06384	0.08469	0.04686	0.00935	0.01083	0.00737	0.03765	0.00454	0.00140	0.00471	0.00344	0.00293	0.13454
14	0.03176	0.03467	0.01258	0.00972	0.01290	0.05001	0.02927	0.43499	0.12742	0.06310	0.10724	0.01458	0.01285	0.00587	0.00459	0.00138	0.00459	0.00466	0.00438	0.03346
15	0.00734	0.13525	0.00925	0.00666	0.00780	0.00669	0.03588	0.00844	0.00909	0.01207	0.15589	0.25783	0.04185	0.23526	0.04846	0.00259	0.00406	0.00807	0.00348	0.00403
16	0.02385	0.13133	0.15686	0.05482	0.04733	0.06982	0.04493	0.14947	0.03997	0.06858	0.01139	0.06159	0.00972	0.04606	0.02617	0.00169	0.00556	0.02448	0.02026	0.00614

[dist]
# distance from previous block
# <min> <max>
20	254

[block]
# block no. 1 follows, 56 sequences, length 9
# corresponding to MSA columns:
# 363-371
name=unknown_B
#
# <colnr> <probs for GDERKNQSTAVLIFYWHMCP>
#	G	D	E	R	K	N	Q	S	T	A	V	L	I	F	Y	W	H	M	C	P
0	0.06852	0.06374	0.13031	0.05001	0.28568	0.09200	0.01128	0.03423	0.06510	0.12361	0.01010	0.01129	0.00765	0.00469	0.00451	0.00138	0.02244	0.00382	0.00292	0.00672
1	0.00889	0.00744	0.00965	0.13530	0.08272	0.05084	0.00738	0.02442	0.04190	0.04390	0.31424	0.09319	0.03634	0.04092	0.00647	0.00165	0.05728	0.02866	0.00381	0.00498
2	0.01151	0.00853	0.01024	0.03924	0.08106	0.02925	0.00731	0.13834	0.18788	0.10538	0.10794	0.10366	0.06873	0.00901	0.04881	0.00183	0.00438	0.02653	0.00425	0.00612
3	0.06279	0.04237	0.01102	0.06246	0.05807	0.08951	0.00744	0.06352	0.10935	0.22509	0.04608	0.09129	0.01323	0.04255	0.00563	0.00159	0.02426	0.02160	0.01603	0.00613
4	0.02164	0.10043	0.05871	0.28481	0.14953	0.08950	0.07879	0.01419	0.04140	0.04629	0.02365	0.01222	0.01746	0.00472	0.00453	0.00140	0.01642	0.00407	0.02436	0.00589
5	0.00698	0.00435	0.00564	0.00629	0.00694	0.00402	0.00434	0.00798	0.00928	0.07576	0.02515	0.67027	0.06939	0.01291	0.00555	0.00176	0.00271	0.01158	0.06500	0.00410
6	0.00778	0.00543	0.00685	0.05803	0.00796	0.00591	0.00459	0.00829	0.00740	0.04443	0.01404	0.02774	0.01538	0.61526	0.01946	0.00375	0.08529	0.05609	0.00288	0.00346
7	0.01120	0.39815	0.21282	0.06959	0.09883	0.01429	0.03792	0.03290	0.05993	0.01330	0.00818	0.00956	0.00663	0.00428	0.00380	0.00124	0.00552	0.00328	0.00224	0.00634
8	0.00695	0.00540	0.00606	0.00591	0.00738	0.00497	0.00436	0.06324	0.03374	0.01437	0.09210	0.26258	0.36747	0.01089	0.00526	0.00155	0.00270	0.00937	0.03690	0.05878

[dist]
# distance from previous block
# <min> <max>
0	1

[block]
# block no. 2 follows, 56 sequences, length 39
# corresponding to MSA columns:
# 373-411
name=unknown_C
#
# <colnr> <probs for GDERKNQSTAVLIFYWHMCP>
#	G	D	E	R	K	N	Q	S	T	A	V	L	I	F	Y	W	H	M	C	P
0	0.00981	0.00646	0.00762	0.00742	0.00884	0.03574	0.00573	0.07918	0.01127	0.12936	0.05278	0.32488	0.08987	0.01064	0.00566	0.00169	0.02808	0.13078	0.04926	0.00491
1	0.05679	0.07035	0.01352	0.02408	0.01361	0.06460	0.00825	0.54395	0.09253	0.02434	0.01101	0.01159	0.00824	0.03044	0.00494	0.00145	0.00504	0.00404	0.00409	0.00713
2	0.17270	0.06325	0.04924	0.00914	0.01257	0.07041	0.00780	0.25928	0.10744	0.18620	0.01185	0.01156	0.00841	0.00519	0.00414	0.00138	0.00468	0.00383	0.00406	0.00688
3	0.01270	0.01377	0.01769	0.16904	0.04437	0.22509	0.26262	0.09136	0.04034	0.01475	0.00889	0.01111	0.00685	0.00451	0.00481	0.00139	0.01684	0.00419	0.00260	0.04706
4	0.04132	0.01090	0.01164	0.00953	0.01259	0.01214	0.00765	0.40131	0.31139	0.06142	0.01480	0.01472	0.02377	0.03908	0.00533	0.00157	0.00435	0.00469	0.00454	0.00725
5	0.01240	0.34369	0.11113	0.01097	0.03847	0.07435	0.12172	0.03777	0.01070	0.07886	0.03792	0.01063	0.00811	0.00481	0.01514	0.00127	0.00561	0.00357	0.00261	0.07027
6	0.00732	0.00513	0.00603	0.00569	0.00709	0.00466	0.00425	0.03979	0.01176	0.06391	0.34030	0.09571	0.33031	0.04984	0.00623	0.00166	0.00259	0.00872	0.00460	0.00439
7	0.01207	0.56173	0.14915	0.01058	0.05552	0.05306	0.04722	0.04115	0.01011	0.01245	0.00713	0.00835	0.00607	0.00409	0.00348	0.00113	0.00553	0.00291	0.00210	0.00616
8	0.05542	0.01003	0.01476	0.01222	0.01301	0.01312	0.09341	0.01193	0.00772	0.04389	0.00705	0.01078	0.00650	0.02392	0.01314	0.00195	0.64951	0.00416	0.00225	0.00521
9	0.00952	0.00816	0.00952	0.00680	0.01088	0.00612	0.00544	0.01156	0.00952	0.01496	0.00816	0.00952	0.00680	0.00340	0.00340	0.00068	0.00340	0.00272	0.00272	0.86672
10	0.00585	0.00425	0.00555	0.00637	0.00692	0.00396	0.00451	0.00695	0.00955	0.01267	0.10749	0.60341	0.10292	0.01345	0.00582	0.00182	0.00274	0.08758	0.00434	0.00385
11	0.00856	0.00428	0.00428	0.00428	0.00535	0.00428	0.00321	0.01070	0.00963	0.01712	0.01498	0.01712	0.01177	0.00535	0.00321	0.00107	0.00214	0.00428	0.86414	0.00428
12	0.01013	0.08128	0.26054	0.01162	0.04402	0.04262	0.08433	0.06369	0.10552	0.01540	0.06650	0.10292	0.02452	0.00652	0.00505	0.00150	0.03099	0.03371	0.00308	0.00606
13	0.01078	0.16099	0.59011	0.01183	0.01777	0.01206	0.01441	0.07417	0.01066	0.04438	0.00850	0.00962	0.00618	0.00442	0.00415	0.00137	0.00623	0.00333	0.00228	0.00675
14	0.00856	0.00428	0.00428	0.00428	0.00535	0.00428	0.00321	0.01070	0.00963	0.01712	0.01498	0.01712	0.01177	0.00535	0.00321	0.00107	0.00214	0.00428	0.86414	0.00428
15	0.03062	0.00903	0.01017	0.00885	0.01157	0.00971	0.00709	0.09598	0.42523	0.15402	0.04665	0.02007	0.01484	0.00670	0.00476	0.00153	0.00381	0.08783	0.00467	0.04686
16	0.08296	0.48297	0.18656	0.09662	0.01536	0.01469	0.01001	0.01397	0.00939	0.04024	0.00737	0.00867	0.00601	0.00418	0.00347	0.00119	0.00528	0.00290	0.00217	0.00598
17	0.01145	0.03476	0.01192	0.03469	0.05056	0.03070	0.07714	0.14390	0.14315	0.08634	0.08897	0.12117	0.04200	0.00778	0.00507	0.00157	0.00436	0.09435	0.00412	0.00600
18	0.00593	0.00432	0.00563	0.00657	0.00698	0.00414	0.00449	0.00735	0.04575	0.01225	0.03960	0.76172	0.02974	0.01387	0.00581	0.00185	0.00274	0.03305	0.00429	0.00392
19	0.00772	0.00587	0.00751	0.04047	0.03836	0.00595	0.00572	0.09278	0.05318	0.01519	0.13795	0.44653	0.06647	0.01128	0.00550	0.00170	0.00319	0.04571	0.00427	0.00466
20	0.03077	0.31718	0.28203	0.00976	0.01409	0.07341	0.01045	0.05460	0.01057	0.04132	0.03486	0.06382	0.02850	0.00532	0.00397	0.00128	0.00543	0.00401	0.00257	0.00605
21	0.16081	0.01074	0.15443	0.01217	0.13467	0.00865	0.07516	0.02542	0.00940	0.05132	0.01328	0.10614	0.06072	0.02610	0.06799	0.04332	0.02605	0.00529	0.00287	0.00547
22	0.00661	0.00481	0.00667	0.00791	0.03570	0.00473	0.00580	0.00798	0.00934	0.01239	0.02303	0.41100	0.02626	0.06734	0.04497	0.00237	0.00393	0.31113	0.00400	0.00400
23	0.01161	0.42095	0.13173	0.02427	0.05267	0.03290	0.15941	0.01448	0.03363	0.02747	0.00791	0.00950	0.00651	0.00431	0.00440	0.00126	0.04518	0.00346	0.00221	0.00615
24	0.01204	0.01220	0.05543	0.08494	0.27734	0.08051	0.22364	0.01600	0.08772	0.07589	0.02246	0.01260	0.00843	0.00455	0.00477	0.00144	0.00609	0.00453	0.00280	0.00661
25	0.00992	0.01335	0.19748	0.11164	0.04981	0.01065	0.33186	0.01420	0.05749	0.01443	0.01047	0.01464	0.00844	0.00506	0.00549	0.00156	0.04951	0.05549	0.03245	0.00604
26	0.00645	0.00452	0.00614	0.00658	0.00731	0.00423	0.01797	0.00766	0.00976	0.04061	0.14915	0.54002	0.08647	0.01385	0.04625	0.00204	0.00323	0.03941	0.00431	0.00405
27	0.05308	0.03164	0.23038	0.17277	0.11958	0.08381	0.06015	0.06638	0.01092	0.07032	0.01910	0.01159	0.00736	0.02505	0.00505	0.00150	0.01857	0.00392	0.00260	0.00623
28	0.01100	0.13447	0.16933	0.00920	0.01262	0.02516	0.03847	0.14288	0.05447	0.06531	0.03592	0.07923	0.13657	0.03594	0.00528	0.00154	0.00467	0.02855	0.00349	0.00591
29	0.01333	0.00746	0.00964	0.00817	0.01063	0.00730	0.03349	0.03665	0.19387	0.32239	0.16949	0.12347	0.02853	0.00761	0.00497	0.00152	0.00350	0.00659	0.00499	0.00641
30	0.04078	0.09300	0.33523	0.06792	0.07870	0.09107	0.02545	0.05708	0.09020	0.01489	0.00989	0.01128	0.02302	0.00516	0.00477	0.03312	0.00591	0.00374	0.00252	0.00628
31	0.03743	0.15441	0.16331	0.15856	0.09921	0.07274	0.03424	0.08046	0.02899	0.07033	0.02604	0.03677	0.00833	0.00496	0.00426	0.00137	0.00561	0.00402	0.00275	0.00622
32	0.01060	0.14032	0.56635	0.04215	0.01863	0.05024	0.04319	0.01487	0.00998	0.05084	0.00841	0.00976	0.00614	0.00437	0.00421	0.00138	0.00646	0.00339	0.00215	0.00655
33	0.00848	0.00634	0.00841	0.22914	0.04915	0.03162	0.00693	0.01033	0.00972	0.03162	0.06740	0.05289	0.11609	0.00812	0.01946	0.07195	0.00404	0.03245	0.23139	0.00449
34	0.01216	0.33686	0.05841	0.09173	0.15352	0.05989	0.07991	0.03783	0.04010	0.05493	0.00901	0.03030	0.00749	0.00456	0.00401	0.00126	0.00551	0.00376	0.00251	0.00625
35	0.01406	0.10679	0.06438	0.04861	0.01364	0.09659	0.04900	0.07707	0.12533	0.22076	0.03472	0.05674	0.01123	0.00578	0.00455	0.00139	0.01483	0.00469	0.04334	0.00646
36	0.00649	0.00485	0.00723	0.00731	0.00809	0.00559	0.00563	0.00807	0.00748	0.01073	0.01323	0.07650	0.01283	0.03300	0.76222	0.00698	0.01161	0.00550	0.00259	0.00407
37	0.01103	0.01093	0.09937	0.15295	0.15349	0.05342	0.08049	0.06646	0.02417	0.09184	0.10870	0.04708	0.06795	0.00604	0.00482	0.00146	0.00515	0.00536	0.00327	0.00602
38	0.06230	0.06610	0.12044	0.08470	0.07185	0.06505	0.03453	0.04154	0.06150	0.15599	0.01293	0.02738	0.04694	0.03601	0.03059	0.06334	0.00528	0.00444	0.00320	0.00588

[dist]
# distance from previous block
# <min> <max>
10	56

[block]
# block no. 3 follows, 56 sequences, length 103
# corresponding to MSA columns:
# 470-515,517-573
name=unknown_D
#
# <colnr> <probs for GDERKNQSTAVLIFYWHMCP>
#	G	D	E	R	K	N	Q	S	T	A	V	L	I	F	Y	W	H	M	C	P
0	0.04040	0.05016	0.23328	0.02783	0.13941	0.06169	0.04667	0.07726	0.03154	0.10399	0.01063	0.05056	0.00849	0.00611	0.03248	0.00159	0.01983	0.00424	0.00294	0.05090
1	0.04793	0.12567	0.06374	0.05242	0.15124	0.02023	0.02797	0.07634	0.06309	0.13483	0.05159	0.04020	0.07003	0.00679	0.03231	0.00158	0.00483	0.00484	0.01811	0.00626
2	0.00779	0.00550	0.00772	0.00768	0.02208	0.00528	0.05034	0.03778	0.02402	0.06537	0.08868	0.42679	0.07297	0.08483	0.03325	0.00215	0.00367	0.04557	0.00411	0.00442
3	0.03791	0.06569	0.23831	0.03079	0.11229	0.02189	0.12198	0.02669	0.04364	0.06693	0.02581	0.13857	0.01162	0.03115	0.00525	0.00158	0.00541	0.00552	0.00291	0.00606
4	0.01257	0.05407	0.11587	0.03790	0.28160	0.02131	0.07945	0.01649	0.09776	0.16275	0.01201	0.03558	0.00936	0.00516	0.00485	0.00145	0.02470	0.01707	0.00319	0.00686
5	0.01114	0.14817	0.41157	0.03967	0.09045	0.03725	0.02967	0.04140	0.01053	0.07182	0.03303	0.01122	0.00786	0.01708	0.00450	0.00140	0.00589	0.00369	0.01716	0.00651
6	0.00681	0.00533	0.00728	0.00896	0.10389	0.00512	0.00556	0.03158	0.02388	0.01343	0.09405	0.54273	0.10980	0.01200	0.00556	0.00171	0.00301	0.01079	0.00411	0.00441
7	0.02314	0.08639	0.17063	0.05430	0.13011	0.01084	0.14624	0.09279	0.03120	0.07537	0.03261	0.08799	0.01034	0.00560	0.00486	0.00146	0.02174	0.00503	0.00299	0.00637
8	0.01131	0.14146	0.24516	0.04253	0.16415	0.05371	0.10016	0.02968	0.01057	0.06329	0.02414	0.02643	0.01818	0.00485	0.00437	0.00137	0.00581	0.01744	0.02902	0.00637
9	0.00731	0.00473	0.00606	0.00646	0.00735	0.00441	0.00463	0.00875	0.03690	0.08287	0.08396	0.51091	0.12697	0.02103	0.00609	0.02082	0.00285	0.04925	0.00439	0.00425
10	0.01122	0.01318	0.17857	0.06758	0.28502	0.01064	0.16516	0.07146	0.01108	0.05671	0.01022	0.05914	0.00841	0.00501	0.00502	0.00148	0.02605	0.00476	0.00266	0.00664
11	0.04548	0.04007	0.12948	0.05785	0.07560	0.04964	0.15402	0.04194	0.02654	0.14800	0.02916	0.10775	0.06165	0.00625	0.00478	0.00148	0.00527	0.00562	0.00334	0.00608
12	0.01110	0.10416	0.47113	0.07134	0.03402	0.02524	0.03698	0.03980	0.06681	0.08257	0.00973	0.01080	0.00703	0.00460	0.00431	0.00141	0.00605	0.00367	0.00257	0.00669
13	0.00913	0.02111	0.68815	0.05214	0.01944	0.01011	0.03276	0.01396	0.00975	0.02693	0.01046	0.03778	0.03819	0.00499	0.00449	0.00148	0.00642	0.00405	0.00218	0.00649
14	0.01273	0.04989	0.25161	0.08063	0.15224	0.06089	0.03610	0.07500	0.02517	0.15539	0.01109	0.03742	0.00849	0.00512	0.00452	0.00142	0.00569	0.01683	0.00306	0.00671
15	0.01247	0.05634	0.22262	0.11900	0.07925	0.05559	0.09491	0.10471	0.02376	0.12513	0.03455	0.01255	0.00861	0.02447	0.00498	0.00149	0.00585	0.00419	0.00302	0.00651
16	0.00933	0.00616	0.04759	0.00794	0.03998	0.00506	0.00587	0.01069	0.00998	0.18784	0.02322	0.52503	0.06155	0.01140	0.00545	0.00172	0.00327	0.02862	0.00438	0.00494
17	0.00799	0.00900	0.12077	0.03895	0.10711	0.00710	0.06596	0.03618	0.03156	0.01400	0.06724	0.23098	0.14699	0.02877	0.02719	0.00183	0.00445	0.04536	0.00347	0.00510
18	0.03467	0.02485	0.12999	0.09701	0.07487	0.04837	0.17493	0.09249	0.02198	0.19362	0.03204	0.01357	0.03024	0.00502	0.00469	0.00144	0.00570	0.00454	0.00337	0.00659
19	0.01048	0.03087	0.43860	0.05461	0.04287	0.03600	0.13016	0.01484	0.03420	0.07594	0.05172	0.03938	0.00949	0.00505	0.00464	0.00147	0.00618	0.00445	0.00263	0.00643
20	0.00668	0.00463	0.00587	0.00651	0.00717	0.00437	0.00450	0.04631	0.00972	0.04005	0.02620	0.69703	0.09681	0.01340	0.00572	0.00180	0.00280	0.01202	0.00433	0.00409
21	0.02491	0.02871	0.28783	0.06125	0.22333	0.03627	0.07826	0.06442	0.01104	0.04119	0.04012	0.03212	0.04002	0.00509	0.00459	0.00143	0.00580	0.00448	0.00264	0.00650
22	0.03497	0.08779	0.28672	0.01404	0.15500	0.02448	0.06174	0.04090	0.01932	0.12937	0.03787	0.05135	0.00955	0.00522	0.00466	0.00142	0.02167	0.00439	0.00293	0.00660
23	0.02966	0.00544	0.00665	0.00686	0.00797	0.00541	0.00501	0.01080	0.12873	0.06581	0.14411	0.44371	0.06345	0.01137	0.00546	0.00171	0.00289	0.04576	0.00450	0.00468
24	0.03861	0.01871	0.54611	0.03287	0.04318	0.00999	0.11612	0.01365	0.00983	0.01470	0.03415	0.06577	0.00889	0.00513	0.00457	0.00148	0.00624	0.00447	0.01924	0.00629
25	0.01328	0.03402	0.08069	0.05704	0.27566	0.02305	0.08620	0.13646	0.03661	0.14184	0.01186	0.01302	0.03355	0.00502	0.00494	0.00143	0.03073	0.00440	0.00326	0.00695
26	0.03330	0.03296	0.52390	0.01432	0.07759	0.04415	0.12324	0.01454	0.01016	0.03346	0.03280	0.02209	0.00766	0.00460	0.00451	0.00144	0.00650	0.00398	0.00227	0.00652
27	0.00996	0.03911	0.24666	0.17145	0.10474	0.09647	0.03735	0.01318	0.02165	0.01326	0.01024	0.08867	0.00899	0.00636	0.02601	0.00162	0.04563	0.00465	0.04828	0.00574
28	0.01337	0.05162	0.20497	0.04628	0.08092	0.00959	0.08889	0.04962	0.02282	0.26490	0.04430	0.03339	0.02936	0.00550	0.00498	0.00146	0.03309	0.00467	0.00357	0.00673
29	0.01335	0.05324	0.13619	0.05783	0.16890	0.05392	0.04523	0.09993	0.01219	0.19746	0.04355	0.06228	0.02412	0.00564	0.00461	0.00142	0.00518	0.00482	0.00349	0.00666
30	0.00639	0.00476	0.00596	0.00622	0.00712	0.00452	0.00453	0.00848	0.05346	0.01481	0.32513	0.31554	0.12357	0.03672	0.00614	0.00175	0.00265	0.06353	0.00454	0.00417
31	0.01260	0.20666	0.15207	0.03060	0.05976	0.10619	0.04023	0.03786	0.05579	0.12906	0.01200	0.10431	0.01038	0.00586	0.00432	0.00137	0.00532	0.01633	0.00310	0.00619
32	0.01320	0.08225	0.19085	0.05782	0.16002	0.03856	0.02442	0.07796	0.01155	0.20194	0.01192	0.07422	0.00946	0.00552	0.00468	0.00142	0.01962	0.00459	0.00330	0.00671
33	0.01105	0.10941	0.48981	0.01298	0.03028	0.03102	0.12248	0.02785	0.01046	0.08240	0.02471	0.01081	0.00725	0.00448	0.00440	0.00140	0.00637	0.00378	0.00243	0.00663
34	0.00626	0.00580	0.04646	0.02756	0.02214	0.01679	0.00521	0.00756	0.00954	0.01226	0.05218	0.39527	0.26187	0.06013	0.00660	0.00187	0.00316	0.05134	0.00396	0.00404
35	0.01188	0.03191	0.17740	0.12093	0.20652	0.00973	0.06722	0.05966	0.01124	0.15033	0.03724	0.04931	0.03528	0.00540	0.00467	0.00145	0.00535	0.00479	0.00312	0.00655
36	0.04048	0.04381	0.21516	0.02992	0.13703	0.01002	0.09156	0.04283	0.10216	0.14922	0.02651	0.05226	0.02755	0.00545	0.00460	0.00146	0.00521	0.00477	0.00331	0.00668
37	0.01994	0.03620	0.14521	0.01073	0.07890	0.00752	0.08835	0.01114	0.04372	0.02976	0.08573	0.26142	0.09232	0.00868	0.00524	0.00158	0.01771	0.02101	0.02962	0.00522
38	0.01034	0.03095	0.39079	0.08466	0.12683	0.01039	0.08941	0.01518	0.07999	0.06074	0.01132	0.02668	0.03228	0.00493	0.00458	0.00147	0.00595	0.00432	0.00260	0.00659
39	0.01117	0.03856	0.22162	0.10226	0.08745	0.03739	0.04177	0.05293	0.02504	0.13074	0.04838	0.08262	0.06326	0.02075	0.00504	0.00153	0.00517	0.01498	0.00325	0.00610
40	0.01005	0.05060	0.48290	0.03617	0.11156	0.02278	0.06350	0.01448	0.03710	0.04157	0.01058	0.03670	0.03152	0.00502	0.00475	0.00146	0.02617	0.00418	0.00238	0.00653
41	0.05123	0.00984	0.07916	0.07119	0.07043	0.00898	0.02265	0.20328	0.01313	0.18742	0.03168	0.13998	0.02656	0.00695	0.00495	0.01843	0.00443	0.00568	0.03773	0.00630
42	0.01116	0.02937	0.34419	0.12270	0.08900	0.05927	0.03173	0.06343	0.03213	0.08030	0.01035	0.03298	0.00806	0.00649	0.04525	0.00175	0.00636	0.01640	0.00269	0.00639
43	0.01231	0.05351	0.06537	0.26809	0.12730	0.03490	0.09478	0.04909	0.01099	0.17205	0.01133	0.06053	0.00886	0.00523	0.00464	0.00146	0.00556	0.00470	0.00307	0.00624
44	0.00682	0.00568	0.04700	0.03333	0.00878	0.00482	0.02927	0.00821	0.00953	0.04022	0.13554	0.50642	0.02757	0.08447	0.00717	0.00198	0.00331	0.03166	0.00405	0.00416
45	0.01217	0.40232	0.12083	0.01172	0.06590	0.07787	0.09211	0.05252	0.07331	0.01353	0.00831	0.00955	0.00683	0.00444	0.00417	0.00124	0.03116	0.00337	0.00239	0.00625
46	0.01037	0.04683	0.27324	0.06821	0.11886	0.01043	0.16467	0.05942	0.03995	0.04022	0.03704	0.02397	0.06596	0.00554	0.01398	0.00152	0.00593	0.00477	0.00273	0.00634
47	0.00949	0.01869	0.55374	0.01306	0.05879	0.00983	0.06174	0.05241	0.01032	0.02811	0.01112	0.13094	0.00974	0.00586	0.00467	0.00151	0.00604	0.00502	0.00251	0.00640
48	0.00998	0.02170	0.70396	0.01268	0.01894	0.01039	0.03286	0.04144	0.01027	0.05482	0.00940	0.03655	0.00697	0.00478	0.00445	0.00146	0.00647	0.00383	0.00230	0.00676
49	0.04056	0.15440	0.46473	0.05349	0.03065	0.05205	0.02558	0.01486	0.01000	0.07914	0.00906	0.02993	0.00691	0.00466	0.00415	0.00137	0.00606	0.00360	0.00237	0.00642
50	0.01018	0.04002	0.17756	0.26173	0.18113	0.03108	0.10468	0.03740	0.01035	0.02721	0.02703	0.05292	0.00855	0.00498	0.00465	0.00146	0.00600	0.00457	0.00242	0.00608
51	0.00710	0.00500	0.00686	0.02279	0.00773	0.00551	0.00496	0.00814	0.00753	0.03597	0.01435	0.11480	0.01497	0.28202	0.40732	0.00534	0.03661	0.00634	0.00285	0.00381
52	0.00819	0.00516	0.00825	0.00810	0.03927	0.00516	0.06469	0.00775	0.03238	0.00963	0.01032	0.07338	0.01035	0.02588	0.04136	0.61577	0.00451	0.02456	0.00236	0.00295
53	0.01043	0.03589	0.05484	0.26089	0.21341	0.01139	0.08739	0.05288	0.07465	0.01431	0.00951	0.03277	0.00779	0.00522	0.00594	0.00153	0.10810	0.00444	0.00251	0.00611
54	0.01101	0.11227	0.45381	0.03731	0.06197	0.01136	0.05684	0.08518	0.01118	0.06094	0.04882	0.01143	0.00835	0.00471	0.00436	0.00139	0.00598	0.00384	0.00259	0.00666
55	0.00708	0.00550	0.00797	0.11956	0.02345	0.00629	0.00619	0.00860	0.00795	0.01113	0.05563	0.02081	0.03271	0.19032	0.42543	0.00511	0.03569	0.00540	0.02112	0.00406
56	0.02965	0.01519	0.01228	0.10387	0.01515	0.37309	0.00865	0.18573	0.06650	0.04373	0.02538	0.01123	0.00814	0.00522	0.00457	0.00132	0.02722	0.00375	0.05339	0.00596
57	0.02739	0.18644	0.21742	0.05295	0.07760	0.06202	0.09743	0.06734	0.02018	0.09402	0.03441	0.01175	0.02186	0.00474	0.00426	0.00134	0.00575	0.00392	0.00278	0.00642
58	0.00820	0.00731	0.00863	0.00802	0.00854	0.07542	0.03075	0.00901	0.00795	0.01056	0.02879	0.13954	0.01509	0.32400	0.12807	0.00356	0.17335	0.00650	0.00279	0.00391
59	0.01146	0.01149	0.08418	0.15819	0.16936	0.02491	0.19018	0.08839	0.03448	0.06909	0.01075	0.06531	0.00881	0.00533	0.00535	0.00151	0.04705	0.00496	0.00285	0.00632
60	0.00862	0.00736	0.01076	0.32653	0.05574	0.03261	0.03568	0.02191	0.03492	0.03599	0.03008	0.19816	0.04132	0.08080	0.00669	0.00187	0.00483	0.05820	0.00312	0.00482
61	0.01096	0.06260	0.12896	0.06171	0.11457	0.04263	0.32968	0.01474	0.05189	0.03974	0.01896	0.04006	0.00837	0.00486	0.00538	0.00149	0.04980	0.00482	0.00254	0.00623
62	0.00737	0.00660	0.04108	0.02966	0.01086	0.00586	0.12516	0.03272	0.01005	0.02556	0.09743	0.49795	0.02515	0.02465	0.00591	0.00178	0.00382	0.03999	0.00390	0.00451
63	0.00952	0.02516	0.04565	0.03580	0.02097	0.00691	0.00646	0.09032	0.07134	0.09472	0.03699	0.20593	0.15667	0.06365	0.00644	0.00183	0.00375	0.10861	0.00412	0.00514
64	0.01187	0.16191	0.24613	0.07102	0.01661	0.02523	0.09130	0.07487	0.04552	0.11414	0.02200	0.07009	0.00944	0.00536	0.00440	0.00140	0.00550	0.00451	0.00300	0.01568
65	0.00884	0.03483	0.00823	0.00742	0.00839	0.01578	0.00556	0.01077	0.07463	0.08839	0.04327	0.25104	0.05744	0.18915	0.01055	0.00233	0.11547	0.05967	0.00373	0.00453
66	0.01046	0.10216	0.34210	0.03643	0.03348	0.01145	0.28751	0.01478	0.03723	0.04054	0.00963	0.03633	0.00748	0.00456	0.00466	0.00145	0.00656	0.00444	0.00237	0.00640
67	0.01289	0.34635	0.18781	0.01081	0.04538	0.16386	0.01027	0.09294	0.01148	0.02531	0.00853	0.01089	0.00723	0.00480	0.00389	0.00124	0.00592	0.04178	0.00247	0.00617
68	0.01000	0.10511	0.51604	0.01379	0.05832	0.01150	0.12605	0.02986	0.03621	0.01458	0.00966	0.01113	0.02832	0.00452	0.00442	0.00142	0.00640	0.00387	0.00222	0.00659
69	0.03764	0.03019	0.05332	0.25378	0.07498	0.03320	0.11539	0.03236	0.00983	0.01334	0.01314	0.19078	0.01294	0.00851	0.04642	0.00188	0.00567	0.04796	0.01349	0.00518
70	0.04033	0.28601	0.03711	0.14714	0.10495	0.05303	0.08642	0.01307	0.00971	0.03135	0.01053	0.03707	0.04786	0.02748	0.00495	0.00140	0.03365	0.00418	0.01811	0.00564
71	0.05316	0.05237	0.01252	0.00925	0.01258	0.01208	0.00764	0.50304	0.04360	0.14857	0.01231	0.01246	0.00883	0.02377	0.00476	0.00142	0.00453	0.00416	0.06575	0.00721
72	0.00763	0.00481	0.00608	0.00607	0.00725	0.00433	0.00444	0.00902	0.01080	0.11024	0.24094	0.32346	0.20628	0.01180	0.02343	0.00175	0.00281	0.00981	0.00461	0.00443
73	0.01145	0.14581	0.26235	0.01125	0.04548	0.17318	0.02448	0.01441	0.03440	0.04738	0.01100	0.10512	0.01011	0.02745	0.00521	0.00149	0.03307	0.02787	0.00265	0.00583
74	0.01366	0.01024	0.00946	0.00849	0.01063	0.18692	0.00658	0.09559	0.06250	0.19674	0.01604	0.15821	0.01418	0.00809	0.02539	0.00160	0.00476	0.05048	0.11468	0.00576
75	0.01106	0.01300	0.12032	0.08001	0.22841	0.01118	0.39227	0.04019	0.01088	0.03383	0.00917	0.01181	0.00697	0.00414	0.00495	0.00148	0.00673	0.00466	0.00239	0.00656
76	0.00643	0.00485	0.00640	0.03470	0.00817	0.00492	0.00510	0.00814	0.03470	0.01250	0.09844	0.27870	0.13399	0.07343	0.17994	0.00313	0.00506	0.09356	0.00379	0.00404
77	0.01146	0.17816	0.11780	0.17926	0.01792	0.01178	0.08703	0.07326	0.01065	0.09512	0.01105	0.04032	0.02867	0.00565	0.00545	0.00147	0.08493	0.03126	0.00281	0.00595
78	0.00827	0.00730	0.00949	0.03661	0.01017	0.05847	0.02592	0.00976	0.00840	0.01185	0.08065	0.04392	0.01314	0.04496	0.36235	0.02124	0.19231	0.00515	0.04564	0.00440
79	0.01571	0.19950	0.01375	0.00851	0.01174	0.04277	0.00719	0.14676	0.10409	0.30245	0.01412	0.05387	0.01058	0.00570	0.00422	0.00133	0.00433	0.00445	0.04209	0.00685
80	0.04169	0.02729	0.04625	0.13452	0.08447	0.06112	0.30823	0.13986	0.03167	0.04712	0.02672	0.01217	0.00793	0.00459	0.00480	0.00146	0.00633	0.00456	0.00289	0.00635
81	0.01256	0.03268	0.03303	0.08880	0.09718	0.03491	0.10695	0.20089	0.05841	0.09617	0.06159	0.03822	0.04469	0.00667	0.01876	0.00158	0.00520	0.05165	0.00369	0.00636
82	0.00998	0.01098	0.04401	0.06331	0.05018	0.03534	0.42567	0.01288	0.01003	0.01378	0.03461	0.10447	0.01058	0.00592	0.00658	0.00161	0.12012	0.00586	0.02848	0.00561
83	0.00596	0.00447	0.00606	0.04751	0.00805	0.00448	0.00484	0.00687	0.00868	0.01158	0.02362	0.69697	0.04716	0.04636	0.02426	0.00206	0.03149	0.01178	0.00398	0.00382
84	0.03459	0.30896	0.29350	0.03905	0.03966	0.01296	0.04907	0.01469	0.02421	0.08335	0.00898	0.02921	0.00715	0.00469	0.00429	0.00132	0.03198	0.00357	0.00244	0.00632
85	0.00999	0.00912	0.01514	0.24544	0.41140	0.00977	0.02538	0.02341	0.01006	0.02796	0.03015	0.11269	0.01068	0.00579	0.00510	0.00150	0.03241	0.00531	0.00260	0.00609
86	0.00559	0.00400	0.00533	0.00639	0.00666	0.00373	0.00426	0.00639	0.00879	0.01172	0.02530	0.83566	0.03036	0.01438	0.00586	0.00186	0.00266	0.01305	0.00426	0.00373
87	0.01158	0.01271	0.08554	0.08829	0.32771	0.04129	0.23368	0.08609	0.03865	0.01589	0.00925	0.01164	0.00720	0.00432	0.00477	0.00144	0.00627	0.00441	0.00254	0.00672
88	0.01125	0.06496	0.04084	0.29649	0.34815	0.03889	0.03656	0.05782	0.01073	0.03857	0.00871	0.01139	0.00684	0.00440	0.00447	0.00140	0.00578	0.00398	0.00240	0.00637
89	0.01163	0.00962	0.01046	0.00964	0.03320	0.01088	0.00736	0.07935	0.63319	0.03862	0.01945	0.01920	0.05344	0.00663	0.00476	0.00156	0.00375	0.03564	0.00459	0.00703
90	0.01694	0.02096	0.01291	0.01162	0.01404	0.75347	0.00876	0.06557	0.01353	0.01247	0.02451	0.00900	0.00683	0.00488	0.00419	0.00120	0.00795	0.00314	0.00256	0.00545
91	0.00729	0.00488	0.00633	0.00586	0.00712	0.00445	0.00443	0.00938	0.01286	0.06641	0.71669	0.03372	0.08447	0.00929	0.00537	0.00145	0.00228	0.00816	0.00505	0.00452
92	0.00630	0.00442	0.00569	0.00603	0.00631	0.00453	0.00398	0.00696	0.00752	0.01023	0.01740	0.28455	0.01979	0.37921	0.21209	0.00434	0.00579	0.00828	0.00318	0.00341
93	0.01584	0.04767	0.01366	0.01235	0.05573	0.63778	0.02800	0.04790	0.03138	0.01239	0.00850	0.00978	0.02042	0.00585	0.03212	0.00143	0.00780	0.00334	0.00252	0.00554
94	0.01384	0.38026	0.01596	0.00787	0.01115	0.01221	0.00702	0.05666	0.07198	0.23059	0.01469	0.04286	0.06021	0.00581	0.00398	0.00127	0.00422	0.02757	0.02553	0.00633
95	0.01515	0.00856	0.01007	0.00847	0.01139	0.00881	0.00675	0.02233	0.39461	0.37017	0.01940	0.01752	0.04390	0.00617	0.00463	0.00148	0.00365	0.00508	0.03459	0.00727
96	0.00668	0.00445	0.00501	0.00501	0.00501	0.00445	0.00278	0.00668	0.00668	0.00890	0.01447	0.03004	0.01669	0.83866	0.02337	0.00445	0.00445	0.00668	0.00278	0.00278
97	0.00931	0.00806	0.01095	0.02982	0.03784	0.01011	0.00787	0.01081	0.00805	0.01284	0.00913	0.02397	0.00822	0.00932	0.08468	0.00214	0.43994	0.00417	0.18695	0.08583
98	0.00543	0.00463	0.00467	0.00470	0.00622	0.00387	0.00351	0.00658	0.01041	0.01238	0.04586	0.06851	0.78425	0.01171	0.00544	0.00156	0.00234	0.00979	0.00426	0.00387
99	0.14386	0.00687	0.00804	0.02134	0.00878	0.00744	0.00539	0.18959	0.00993	0.01484	0.00844	0.01224	0.00744	0.01153	0.01229	0.51742	0.00420	0.00379	0.00273	0.00385
100	0.00996	0.02801	0.01362	0.01210	0.05137	0.02702	0.00958	0.01117	0.00766	0.01166	0.03423	0.01142	0.00778	0.00883	0.04926	0.00213	0.66653	0.00416	0.02843	0.00507
101	0.01324	0.31345	0.06166	0.03132	0.03864	0.07865	0.06226	0.20441	0.01297	0.04103	0.03554	0.01197	0.00873	0.00612	0.03607	0.00150	0.00571	0.02748	0.00298	0.00629
102	0.78302	0.00904	0.00723	0.00634	0.00925	0.01035	0.00520	0.04440	0.03260	0.02070	0.00701	0.00796	0.00542	0.00434	0.00298	0.00140	0.00361	0.00264	0.00296	0.03355

[dist]
# distance from previous block
# <min> <max>
0	9

[block]
# block no. 4 follows, 56 sequences, length 14
# corresponding to MSA columns:
# 583-596
name=unknown_E
#
# <colnr> <probs for GDERKNQSTAVLIFYWHMCP>
#	G	D	E	R	K	N	Q	S	T	A	V	L	I	F	Y	W	H	M	C	P
0	0.04854	0.01025	0.05010	0.01096	0.02556	0.02399	0.08397	0.06529	0.11937	0.01498	0.03861	0.01462	0.06079	0.00821	0.05535	0.00195	0.28876	0.00467	0.00295	0.07107
1	0.00648	0.00451	0.00511	0.00506	0.00543	0.00436	0.00309	0.00694	0.00807	0.01070	0.12858	0.03257	0.12901	0.61043	0.01842	0.00364	0.00384	0.00731	0.00330	0.00315
2	0.69776	0.00866	0.00754	0.00647	0.00946	0.00958	0.00533	0.01530	0.00890	0.18213	0.00878	0.00912	0.00627	0.00455	0.00320	0.00142	0.00362	0.00292	0.00342	0.00555
3	0.01079	0.01028	0.06197	0.00923	0.01197	0.01070	0.00760	0.02225	0.67775	0.01867	0.07071	0.01849	0.03628	0.00646	0.00472	0.00154	0.00371	0.00540	0.00451	0.00695
4	0.00543	0.00465	0.00465	0.00465	0.00620	0.00388	0.00349	0.00659	0.01046	0.01240	0.04651	0.04418	0.80815	0.01163	0.00543	0.00155	0.00233	0.00969	0.00426	0.00388
5	0.01717	0.02140	0.01305	0.01176	0.01420	0.77690	0.00886	0.06007	0.01347	0.01219	0.00731	0.00843	0.00602	0.00477	0.00416	0.00119	0.00811	0.00302	0.00249	0.00546
6	0.58781	0.01254	0.00888	0.00792	0.01058	0.22826	0.00629	0.04078	0.00965	0.01808	0.00673	0.00787	0.00535	0.00454	0.00361	0.00137	0.02912	0.00271	0.00275	0.00516
7	0.00617	0.00425	0.00523	0.00573	0.00588	0.00416	0.00356	0.00659	0.00768	0.01027	0.01944	0.40475	0.02289	0.42948	0.04039	0.00334	0.00387	0.00959	0.00346	0.00326
8	0.00876	0.00828	0.01379	0.77389	0.03033	0.01045	0.01257	0.01169	0.00904	0.01169	0.00802	0.01210	0.00611	0.00482	0.00528	0.00156	0.06041	0.00408	0.00204	0.00509
9	0.00571	0.00406	0.00538	0.00639	0.00667	0.00382	0.00429	0.00651	0.00874	0.01164	0.02473	0.76989	0.02955	0.05564	0.00675	0.00200	0.00280	0.03755	0.00419	0.00370
10	0.87108	0.00888	0.00675	0.00604	0.00888	0.01030	0.00497	0.01350	0.00781	0.02060	0.00639	0.00746	0.00497	0.00426	0.00284	0.00142	0.00355	0.00249	0.00284	0.00497
11	0.05088	0.00826	0.01370	0.66774	0.06776	0.01000	0.03770	0.01180	0.00912	0.01236	0.00840	0.01234	0.00650	0.00645	0.05729	0.00190	0.00641	0.00410	0.00213	0.00517
12	0.00623	0.00467	0.00618	0.04681	0.00836	0.00466	0.00501	0.00807	0.06616	0.01234	0.02395	0.70743	0.02785	0.01325	0.00573	0.00184	0.00296	0.04024	0.00418	0.00407
13	0.01095	0.00901	0.01089	0.00903	0.06305	0.00798	0.00673	0.09682	0.04307	0.04176	0.00912	0.01033	0.00733	0.00412	0.00435	0.00093	0.05012	0.00319	0.00303	0.60817

[dist]
# distance from previous block
# <min> <max>
0	5

[block]
# block no. 5 follows, 56 sequences, length 28
# corresponding to MSA columns:
# 602-629
name=unknown_F
#
# <colnr> <probs for GDERKNQSTAVLIFYWHMCP>
#	G	D	E	R	K	N	Q	S	T	A	V	L	I	F	Y	W	H	M	C	P
0	0.01054	0.00926	0.02616	0.00960	0.05079	0.00802	0.07014	0.08400	0.01089	0.03308	0.05145	0.01147	0.00892	0.00434	0.00459	0.00100	0.05478	0.00356	0.00297	0.54443
1	0.00650	0.00469	0.00614	0.00578	0.00686	0.00433	0.00433	0.00866	0.01300	0.01841	0.80760	0.03429	0.04332	0.00939	0.00541	0.00144	0.00217	0.00830	0.00505	0.00433
2	0.04350	0.23466	0.51255	0.01125	0.01689	0.01289	0.01346	0.07872	0.01051	0.01499	0.00792	0.00911	0.00597	0.00434	0.00396	0.00132	0.00603	0.00318	0.00220	0.00657
3	0.00790	0.00401	0.00592	0.00592	0.00592	0.00401	0.00392	0.00602	0.00602	0.00803	0.00835	0.01489	0.00848	0.06363	0.01826	0.81647	0.00401	0.00414	0.00204	0.00204
4	0.08702	0.17803	0.01378	0.00891	0.01225	0.12384	0.00741	0.20241	0.11971	0.04284	0.02455	0.01077	0.00836	0.00483	0.00389	0.00120	0.00481	0.00351	0.00338	0.13851
5	0.00921	0.02375	0.81487	0.01309	0.01987	0.01066	0.01696	0.01454	0.00969	0.01454	0.00824	0.00969	0.00582	0.00436	0.00436	0.00145	0.00678	0.00339	0.00194	0.00678
6	0.00546	0.00465	0.00470	0.00469	0.00622	0.00389	0.00352	0.00666	0.01055	0.01261	0.07297	0.04384	0.78156	0.01155	0.00543	0.00155	0.00232	0.00964	0.00429	0.00389
7	0.01715	0.02188	0.01301	0.01183	0.01419	0.82022	0.00887	0.01833	0.01301	0.01124	0.00710	0.00828	0.00591	0.00473	0.00414	0.00118	0.00828	0.00296	0.00237	0.00532
8	0.06025	0.00797	0.01046	0.00813	0.01160	0.00715	0.00669	0.02206	0.05303	0.73538	0.01759	0.01532	0.01120	0.00564	0.00454	0.00143	0.00388	0.00455	0.00550	0.00765
9	0.02060	0.00781	0.01065	0.00817	0.01172	0.00675	0.00675	0.02237	0.01314	0.81320	0.01811	0.01563	0.01136	0.00568	0.00462	0.00142	0.00391	0.00462	0.00568	0.00781
10	0.00774	0.00407	0.00596	0.00607	0.00614	0.00406	0.00410	0.00621	0.00640	0.00851	0.01008	0.06418	0.01059	0.05759	0.01697	0.73166	0.00395	0.04122	0.00227	0.00224
11	0.87108	0.00888	0.00675	0.00604	0.00888	0.01030	0.00497	0.01350	0.00781	0.02060	0.00639	0.00746	0.00497	0.00426	0.00284	0.00142	0.00355	0.00249	0.00284	0.00497
12	0.01035	0.01143	0.02373	0.01743	0.02117	0.01128	0.63202	0.01366	0.01026	0.01408	0.01023	0.05746	0.00872	0.00521	0.00663	0.00164	0.10623	0.03016	0.00245	0.00586
13	0.01379	0.00805	0.00946	0.00811	0.01075	0.00826	0.00640	0.02043	0.35696	0.30900	0.07515	0.04534	0.06155	0.00679	0.00473	0.00149	0.00347	0.00567	0.03776	0.00684
14	0.01144	0.00597	0.00765	0.00680	0.00867	0.00557	0.00524	0.01413	0.07459	0.27216	0.31479	0.14261	0.02635	0.00836	0.00499	0.00148	0.00291	0.00725	0.07345	0.00559
15	0.00564	0.00404	0.00529	0.00627	0.00657	0.00377	0.00417	0.00641	0.00874	0.01161	0.02545	0.77309	0.05385	0.05318	0.00667	0.00198	0.00274	0.01265	0.00419	0.00369
16	0.00575	0.00401	0.00527	0.00628	0.00659	0.00376	0.00421	0.00662	0.00883	0.01201	0.02475	0.79180	0.02937	0.01390	0.00572	0.00182	0.00264	0.01258	0.05033	0.00376
17	0.00570	0.00412	0.00542	0.00638	0.00678	0.00383	0.00438	0.00662	0.00908	0.01203	0.04643	0.73079	0.07421	0.01401	0.00585	0.00185	0.00271	0.05174	0.00428	0.00378
18	0.01208	0.09019	0.06104	0.01103	0.01312	0.05771	0.06268	0.08959	0.03588	0.09040	0.05870	0.01250	0.00953	0.00752	0.03978	0.00184	0.33335	0.00428	0.00294	0.00583
19	0.01263	0.00868	0.00995	0.05229	0.01212	0.00942	0.00695	0.07943	0.41253	0.16813	0.07251	0.01885	0.06053	0.00647	0.00467	0.00148	0.00368	0.00537	0.04755	0.00675
20	0.00596	0.00437	0.00565	0.00636	0.00704	0.00406	0.00462	0.00719	0.00986	0.01303	0.13569	0.49935	0.14102	0.01306	0.00581	0.00180	0.00278	0.12408	0.00437	0.00391
21	0.05009	0.00713	0.00936	0.00750	0.01047	0.00633	0.00608	0.01912	0.01240	0.61600	0.07133	0.06476	0.03045	0.00648	0.00460	0.00143	0.00356	0.00535	0.06063	0.00693
22	0.01158	0.13830	0.19466	0.13857	0.14807	0.14345	0.12132	0.02706	0.01057	0.01335	0.00802	0.01017	0.00632	0.00430	0.00433	0.00135	0.00654	0.00369	0.00218	0.00617
23	0.01011	0.00924	0.01534	0.12968	0.52378	0.00965	0.01196	0.01268	0.00996	0.01425	0.02987	0.01439	0.00932	0.00759	0.08158	0.00197	0.02028	0.03123	0.05083	0.00630
24	0.00698	0.00466	0.00593	0.00636	0.00720	0.00436	0.00469	0.00823	0.00986	0.05361	0.11947	0.33490	0.13117	0.10445	0.00766	0.00207	0.00310	0.15537	0.02588	0.00403
25	0.35079	0.06582	0.03158	0.07549	0.07387	0.22793	0.02813	0.03183	0.03559	0.02979	0.00770	0.00905	0.00608	0.00449	0.00369	0.00134	0.00548	0.00311	0.00266	0.00557
26	0.00665	0.00479	0.00596	0.00597	0.00685	0.00448	0.00413	0.00776	0.00890	0.01253	0.12457	0.29863	0.04812	0.20322	0.09248	0.00278	0.00403	0.00839	0.04975	0.10000
27	0.01029	0.01023	0.05080	0.09708	0.23157	0.02029	0.13674	0.03410	0.13053	0.02844	0.08124	0.01722	0.07949	0.00575	0.00516	0.00148	0.03120	0.00527	0.01692	0.00620

[dist]
# distance from previous block
# <min> <max>
0	1

[block]
# block no. 6 follows, 56 sequences, length 19
# corresponding to MSA columns:
# 637-655
name=unknown_G
#
# <colnr> <probs for GDERKNQSTAVLIFYWHMCP>
#	G	D	E	R	K	N	Q	S	T	A	V	L	I	F	Y	W	H	M	C	P
0	0.00784	0.00636	0.00946	0.00812	0.00897	0.00660	0.12409	0.03185	0.00802	0.01087	0.01388	0.08939	0.01529	0.53764	0.01771	0.00347	0.07458	0.01929	0.00284	0.00374
1	0.01018	0.10182	0.13725	0.04265	0.10479	0.01102	0.19176	0.04785	0.02503	0.01420	0.02239	0.02613	0.00845	0.00846	0.10403	0.00215	0.07632	0.00442	0.02943	0.03167
2	0.18926	0.01076	0.08015	0.37694	0.03283	0.06677	0.05706	0.03168	0.02985	0.01461	0.00925	0.06441	0.00773	0.00516	0.00431	0.00149	0.00557	0.00430	0.00251	0.00536
3	0.00649	0.00497	0.00694	0.00694	0.00772	0.00554	0.00526	0.00787	0.00798	0.01109	0.04234	0.09128	0.11052	0.08418	0.53990	0.00560	0.04208	0.00637	0.00292	0.00399
4	0.00958	0.02860	0.11015	0.37145	0.23425	0.01030	0.07196	0.01277	0.00982	0.01330	0.00971	0.01495	0.00816	0.00505	0.00473	0.00152	0.00596	0.06953	0.00229	0.00590
5	0.00617	0.00481	0.00581	0.00599	0.00718	0.00414	0.00425	0.00729	0.00945	0.01258	0.05188	0.48703	0.22389	0.01188	0.00537	0.00159	0.00267	0.01050	0.00405	0.13345
6	0.00752	0.00646	0.01016	0.04012	0.07459	0.00632	0.10210	0.00974	0.01155	0.01596	0.43144	0.07762	0.10626	0.00870	0.00577	0.00154	0.03729	0.03797	0.00410	0.00477
7	0.01046	0.00813	0.00962	0.00692	0.01095	0.00617	0.00555	0.01247	0.00983	0.08238	0.00900	0.01004	0.00719	0.00359	0.00350	0.00074	0.00344	0.00288	0.00297	0.79417
8	0.00716	0.00517	0.00716	0.00804	0.03631	0.00528	0.00615	0.00878	0.00935	0.01261	0.06343	0.06973	0.02222	0.16331	0.15358	0.00337	0.00553	0.39114	0.01762	0.00404
9	0.83605	0.00883	0.00691	0.00613	0.00900	0.01015	0.00505	0.01386	0.00803	0.05324	0.00688	0.00779	0.00524	0.00432	0.00291	0.00142	0.00357	0.00257	0.00296	0.00509
10	0.01737	0.01543	0.01356	0.01092	0.01422	0.24389	0.00877	0.57349	0.01914	0.02389	0.00990	0.01024	0.00727	0.00529	0.00446	0.00132	0.00597	0.00380	0.00396	0.00710
11	0.00902	0.00825	0.01223	0.01052	0.01158	0.01010	0.09408	0.01180	0.09455	0.01234	0.01101	0.01672	0.01025	0.08255	0.20280	0.00336	0.33003	0.04067	0.02319	0.00494
12	0.01602	0.01201	0.01301	0.00988	0.01363	0.01277	0.00813	0.65327	0.01941	0.02641	0.01051	0.01075	0.00763	0.00513	0.00438	0.00125	0.00475	0.00388	0.00425	0.16293
13	0.00802	0.00680	0.01071	0.32789	0.08480	0.00793	0.00894	0.02624	0.00877	0.01195	0.03851	0.01662	0.01050	0.08370	0.32447	0.00403	0.00818	0.00477	0.00244	0.00473
14	0.00581	0.00459	0.00526	0.00537	0.00658	0.00403	0.00399	0.00722	0.01088	0.01393	0.24278	0.16467	0.45484	0.01151	0.00553	0.00159	0.00241	0.04057	0.00447	0.00399
15	0.00904	0.02847	0.32781	0.01188	0.08162	0.00873	0.06242	0.01326	0.07149	0.03767	0.13076	0.05432	0.08030	0.00752	0.03352	0.00170	0.00528	0.02513	0.00313	0.00595
16	0.01077	0.19266	0.03517	0.18490	0.07843	0.01098	0.04007	0.11259	0.02009	0.03213	0.06935	0.08255	0.01188	0.00575	0.00428	0.00134	0.00470	0.00485	0.07725	0.02025
17	0.00750	0.02236	0.00776	0.07666	0.03251	0.02666	0.00577	0.04803	0.05227	0.01311	0.04946	0.37491	0.12285	0.06190	0.07446	0.00231	0.00424	0.00906	0.00375	0.00444
18	0.06216	0.15047	0.18920	0.10328	0.03066	0.10201	0.05552	0.07271	0.06338	0.03195	0.02551	0.01124	0.00778	0.00489	0.00461	0.00137	0.03952	0.01299	0.00266	0.02811

[dist]
# distance from previous block
# <min> <max>
0	35

[block]
# block no. 7 follows, 56 sequences, length 9
# corresponding to MSA columns:
# 709-717
name=unknown_H
#
# <colnr> <probs for GDERKNQSTAVLIFYWHMCP>
#	G	D	E	R	K	N	Q	S	T	A	V	L	I	F	Y	W	H	M	C	P
0	0.01170	0.01297	0.15985	0.08547	0.23141	0.04982	0.01145	0.12017	0.10004	0.04875	0.04365	0.01362	0.02900	0.00605	0.02660	0.00160	0.03377	0.00438	0.00307	0.00663
1	0.00925	0.04108	0.17838	0.03291	0.01265	0.00883	0.05368	0.05464	0.18104	0.01555	0.09638	0.02023	0.08264	0.11266	0.03957	0.00207	0.00484	0.00548	0.04252	0.00560
2	0.00640	0.00479	0.00640	0.00665	0.00754	0.00461	0.00475	0.00755	0.00841	0.01172	0.01915	0.47509	0.02168	0.05424	0.22658	0.00332	0.00544	0.00927	0.00352	0.11291
3	0.00962	0.08624	0.31368	0.04344	0.01474	0.00896	0.01026	0.01312	0.03818	0.04571	0.01098	0.11449	0.00974	0.00544	0.00418	0.00124	0.00485	0.00448	0.00271	0.25792
