[name]
unknown

[dist]
# distance from previous block
# <min> <max>
0	132

[block]
# block no. 0 follows, 58 sequences, length 7
# corresponding to MSA columns:
# 136-142
name=unknown_A
#
# <colnr> <probs for GDERKNQSTAVLIFYWHMCP>
#	G	D	E	R	K	N	Q	S	T	A	V	L	I	F	Y	W	H	M	C	P
0	0.00990	0.00700	0.00890	0.03109	0.02665	0.00695	0.00651	0.10056	0.01109	0.09801	0.06034	0.07543	0.08441	0.03776	0.04310	0.00185	0.05725	0.17933	0.00375	0.15010
1	0.03179	0.20018	0.12001	0.00927	0.01290	0.04159	0.02932	0.13174	0.03921	0.19062	0.01237	0.01573	0.00998	0.00565	0.00423	0.00135	0.00483	0.10140	0.00351	0.03433
2	0.08535	0.21944	0.25251	0.01021	0.01442	0.07633	0.05706	0.06243	0.08485	0.05887	0.00922	0.01039	0.00715	0.02829	0.00441	0.00137	0.00546	0.00345	0.00265	0.00615
3	0.00853	0.00699	0.00955	0.00822	0.00977	0.00739	0.07124	0.08827	0.01095	0.04296	0.16050	0.15600	0.21213	0.00912	0.00686	0.00158	0.15115	0.00751	0.00378	0.02749
4	0.00805	0.00667	0.01000	0.06498	0.24481	0.00679	0.00777	0.01042	0.06187	0.01341	0.08145	0.28038	0.01944	0.05864	0.00638	0.02090	0.00385	0.06177	0.02746	0.00496
5	0.01054	0.00696	0.00928	0.05513	0.09742	0.00699	0.00683	0.10137	0.05616	0.14808	0.11824	0.22148	0.05792	0.00852	0.00499	0.00153	0.00359	0.05360	0.02587	0.00550
6	0.00628	0.00503	0.00796	0.00785	0.00868	0.00475	0.10377	0.00747	0.00879	0.01173	0.02190	0.62542	0.02554	0.07042	0.00688	0.00197	0.00344	0.06439	0.00381	0.00390

[dist]
# distance from previous block
# <min> <max>
0	2

[block]
# block no. 1 follows, 58 sequences, length 37
# corresponding to MSA columns:
# 145-181
name=unknown_B
#
# <colnr> <probs for GDERKNQSTAVLIFYWHMCP>
#	G	D	E	R	K	N	Q	S	T	A	V	L	I	F	Y	W	H	M	C	P
0	0.02632	0.00914	0.01331	0.00979	0.01359	0.00811	0.18426	0.06856	0.06326	0.07560	0.01002	0.01119	0.00768	0.00400	0.00399	0.00104	0.00438	0.00369	0.03721	0.44486
1	0.05319	0.00662	0.00737	0.00728	0.00860	0.00718	0.00530	0.04820	0.28919	0.01487	0.01945	0.34864	0.01994	0.11579	0.00728	0.00199	0.00333	0.02676	0.00405	0.00498
2	0.00648	0.00426	0.00547	0.00603	0.00662	0.00392	0.00411	0.00736	0.00901	0.06135	0.07054	0.60150	0.09404	0.08834	0.00713	0.00197	0.00277	0.01110	0.00415	0.00384
3	0.00926	0.00874	0.01456	0.43715	0.31416	0.00994	0.01216	0.01187	0.00929	0.01257	0.00962	0.05505	0.02352	0.00510	0.00506	0.00147	0.04808	0.00454	0.00222	0.00564
4	0.00675	0.00470	0.00599	0.00596	0.00700	0.00437	0.00440	0.00875	0.03711	0.04882	0.45685	0.24486	0.10634	0.01045	0.00536	0.00154	0.00242	0.02942	0.00464	0.00426
5	0.00993	0.00834	0.00963	0.00693	0.01088	0.00663	0.00557	0.07779	0.01027	0.01572	0.00819	0.00940	0.00671	0.00349	0.00341	0.00072	0.00345	0.00277	0.00280	0.79739
6	0.00698	0.00536	0.00736	0.00717	0.00780	0.00623	0.00537	0.02353	0.03009	0.01073	0.01294	0.07872	0.01307	0.19165	0.49343	0.00549	0.08184	0.00563	0.00265	0.00395
7	0.00924	0.09828	0.74686	0.01228	0.01864	0.01106	0.01572	0.01410	0.00941	0.01383	0.00786	0.00924	0.00567	0.00421	0.00412	0.00137	0.00644	0.00322	0.00189	0.00653
8	0.00851	0.00808	0.07468	0.00862	0.01038	0.03209	0.06645	0.03148	0.06052	0.06169	0.08958	0.32556	0.08453	0.00969	0.00603	0.00164	0.07378	0.03805	0.00377	0.00485
9	0.00636	0.00445	0.00570	0.00632	0.00681	0.00433	0.00432	0.02776	0.02484	0.02703	0.02255	0.60788	0.04437	0.11474	0.05150	0.00238	0.00344	0.02750	0.00393	0.00380
10	0.01238	0.01370	0.01352	0.39727	0.08931	0.33267	0.01084	0.05471	0.01115	0.01237	0.00772	0.01027	0.00606	0.00453	0.00430	0.00134	0.00669	0.00355	0.00226	0.00537
11	0.01091	0.00991	0.01581	0.12043	0.56588	0.02192	0.01209	0.06012	0.01071	0.03586	0.01102	0.05546	0.04008	0.00499	0.00453	0.00138	0.00511	0.00465	0.00259	0.00654
12	0.01253	0.01286	0.01389	0.21084	0.15933	0.23863	0.04288	0.07558	0.12902	0.02919	0.02591	0.01181	0.00822	0.00481	0.00440	0.00136	0.00595	0.00398	0.00282	0.00599
13	0.00654	0.00486	0.00615	0.00582	0.00631	0.00484	0.03633	0.00709	0.00768	0.01018	0.06456	0.07696	0.12581	0.55087	0.03789	0.00352	0.03113	0.00718	0.00307	0.00324
14	0.00927	0.00879	0.01491	0.57911	0.27729	0.01016	0.01283	0.01215	0.00933	0.01243	0.00810	0.01166	0.00632	0.00432	0.00446	0.00144	0.00576	0.00398	0.00206	0.00563
15	0.01451	0.01134	0.01203	0.00984	0.01262	0.12350	0.04848	0.25212	0.15676	0.15488	0.06985	0.02453	0.03418	0.00600	0.00509	0.00141	0.04741	0.00473	0.00414	0.00656
16	0.04994	0.00996	0.01079	0.00878	0.01168	0.12390	0.03954	0.08407	0.09156	0.38108	0.10823	0.01570	0.01353	0.00573	0.00446	0.00136	0.00438	0.00465	0.02409	0.00656
17	0.01032	0.01144	0.02212	0.01643	0.01969	0.03704	0.56217	0.01325	0.00972	0.01330	0.00911	0.05437	0.00774	0.00521	0.00729	0.00161	0.18596	0.00529	0.00230	0.00564
18	0.00986	0.00858	0.01416	0.35926	0.34762	0.00935	0.01149	0.01230	0.00939	0.05391	0.00957	0.02750	0.00817	0.09285	0.00640	0.00172	0.00536	0.00442	0.00238	0.00571
19	0.01015	0.04212	0.01098	0.00894	0.01094	0.10204	0.08140	0.06655	0.12383	0.04710	0.20131	0.10214	0.09774	0.00767	0.00558	0.00147	0.06450	0.00644	0.00382	0.00528
20	0.00661	0.00460	0.00552	0.00550	0.00664	0.00411	0.00403	0.00795	0.01053	0.06008	0.26497	0.19309	0.31453	0.06345	0.00645	0.00172	0.00255	0.02925	0.00437	0.00404
21	0.01049	0.33086	0.48012	0.01078	0.01613	0.05500	0.01280	0.01407	0.00948	0.01264	0.00729	0.00852	0.00570	0.00411	0.00372	0.00123	0.00600	0.00294	0.00192	0.00621
22	0.00948	0.00908	0.01525	0.43170	0.29453	0.01044	0.03588	0.01215	0.00930	0.01270	0.02848	0.01198	0.00729	0.00474	0.00552	0.00148	0.08804	0.00412	0.00214	0.00569
23	0.03625	0.14249	0.58950	0.01149	0.01718	0.04766	0.01392	0.03497	0.00992	0.04580	0.00811	0.00925	0.00592	0.00428	0.00401	0.00133	0.00616	0.00319	0.00215	0.00643
24	0.01098	0.00810	0.00924	0.04021	0.01074	0.04417	0.02123	0.17857	0.11031	0.09451	0.17801	0.10943	0.07497	0.05866	0.00600	0.00165	0.00382	0.02961	0.00427	0.00553
25	0.03081	0.07308	0.02859	0.03235	0.09520	0.05323	0.02024	0.21855	0.12800	0.11501	0.01223	0.04663	0.01884	0.00648	0.02649	0.00157	0.07812	0.00445	0.00361	0.00651
26	0.06218	0.00956	0.01147	0.04860	0.02428	0.08094	0.05527	0.11357	0.03520	0.17847	0.05336	0.01521	0.02583	0.08081	0.05628	0.00207	0.13317	0.00459	0.00347	0.00568
27	0.00711	0.00472	0.00603	0.00591	0.00707	0.00431	0.00446	0.00879	0.01137	0.07392	0.43910	0.15983	0.15445	0.02499	0.00567	0.00159	0.00253	0.06924	0.00463	0.00427
28	0.02716	0.00967	0.01204	0.01203	0.11927	0.08410	0.08037	0.05801	0.18790	0.04698	0.03891	0.11556	0.06217	0.00727	0.00551	0.00154	0.05951	0.06266	0.00356	0.00577
29	0.05725	0.02851	0.09033	0.01194	0.09547	0.10088	0.04679	0.19009	0.16026	0.07175	0.01178	0.01356	0.00918	0.00531	0.00447	0.00138	0.01289	0.04422	0.00349	0.04047
30	0.12451	0.03346	0.00988	0.00806	0.01044	0.00947	0.00650	0.19447	0.13508	0.12843	0.12555	0.07142	0.01540	0.00726	0.02152	0.00157	0.04654	0.02380	0.02063	0.00601
31	0.02105	0.00611	0.00762	0.00701	0.00862	0.00598	0.00527	0.06295	0.08141	0.20287	0.17585	0.29738	0.03541	0.04400	0.00593	0.00167	0.01293	0.00812	0.00458	0.00523
32	0.03006	0.06571	0.04688	0.04761	0.18200	0.10864	0.07275	0.14597	0.08829	0.14274	0.01100	0.01199	0.00821	0.00483	0.00436	0.00135	0.00535	0.01227	0.00334	0.00668
33	0.01232	0.16305	0.34158	0.01048	0.03052	0.01041	0.03151	0.05254	0.01070	0.20579	0.01156	0.08038	0.00913	0.00534	0.00423	0.00136	0.00520	0.00432	0.00309	0.00649
34	0.01051	0.00600	0.00750	0.00705	0.00872	0.00578	0.00531	0.02846	0.12384	0.22966	0.07856	0.34147	0.07870	0.02005	0.00536	0.00164	0.00310	0.02834	0.00462	0.00532
35	0.03897	0.02382	0.19959	0.01005	0.02931	0.05069	0.04030	0.07866	0.08015	0.24157	0.01352	0.09210	0.01068	0.00582	0.00444	0.00139	0.00478	0.01400	0.00371	0.05645
36	0.03678	0.05127	0.03124	0.04354	0.36528	0.05336	0.09224	0.07059	0.07548	0.07708	0.00978	0.01139	0.00762	0.00452	0.00474	0.00136	0.03494	0.00403	0.00281	0.02193

[dist]
# distance from previous block
# <min> <max>
3	21

[block]
# block no. 2 follows, 58 sequences, length 21
# corresponding to MSA columns:
# 203-223
name=unknown_C
#
# <colnr> <probs for GDERKNQSTAVLIFYWHMCP>
#	G	D	E	R	K	N	Q	S	T	A	V	L	I	F	Y	W	H	M	C	P
0	0.10067	0.16413	0.22645	0.10131	0.02903	0.11298	0.04467	0.01492	0.06708	0.05424	0.00923	0.02571	0.00737	0.00473	0.00399	0.00133	0.00561	0.01814	0.00253	0.00588
1	0.01173	0.27900	0.22018	0.01057	0.01473	0.05918	0.09165	0.10940	0.03583	0.04492	0.03022	0.05522	0.00874	0.00498	0.00406	0.00128	0.00547	0.00402	0.00269	0.00614
2	0.00888	0.00586	0.00732	0.00715	0.04074	0.00553	0.00517	0.04166	0.06673	0.12569	0.30513	0.12674	0.19377	0.00910	0.00510	0.00148	0.00282	0.01986	0.00456	0.01673
3	0.00932	0.02021	0.02407	0.06426	0.08209	0.06441	0.00696	0.08002	0.10132	0.03423	0.21564	0.21332	0.03629	0.00837	0.00495	0.00150	0.00378	0.02012	0.00393	0.00520
4	0.01213	0.05306	0.08627	0.11081	0.22129	0.02976	0.06020	0.10216	0.02137	0.12171	0.02386	0.01277	0.02070	0.03340	0.00523	0.00144	0.02423	0.00415	0.00298	0.05248
5	0.01113	0.00945	0.04171	0.02483	0.14129	0.07576	0.04042	0.04585	0.02752	0.12348	0.02772	0.16202	0.02389	0.01851	0.00716	0.04791	0.12302	0.03958	0.00327	0.00545
6	0.00608	0.00456	0.00556	0.00605	0.00680	0.00434	0.00432	0.00772	0.05177	0.01240	0.09290	0.40501	0.18507	0.09860	0.00735	0.00199	0.00287	0.08868	0.00409	0.00385
7	0.11477	0.50650	0.06646	0.00786	0.01135	0.03305	0.00755	0.03428	0.08693	0.01358	0.05168	0.01072	0.03009	0.00465	0.00337	0.00114	0.00448	0.00326	0.00257	0.00572
8	0.24422	0.03276	0.05457	0.00879	0.01171	0.06553	0.06380	0.13688	0.06798	0.11374	0.04168	0.10379	0.01116	0.00594	0.00414	0.00141	0.00438	0.00478	0.01689	0.00582
9	0.00677	0.00463	0.00627	0.00672	0.00758	0.00446	0.00517	0.00833	0.01010	0.04479	0.21463	0.31105	0.05027	0.01373	0.07838	0.00223	0.00375	0.21282	0.00423	0.00409
10	0.00716	0.00599	0.04933	0.00612	0.00763	0.00503	0.00486	0.00962	0.07410	0.05444	0.28336	0.14203	0.23836	0.08368	0.00674	0.00176	0.00285	0.00826	0.00426	0.00441
11	0.12244	0.04404	0.24675	0.11018	0.01702	0.02355	0.08686	0.11122	0.07285	0.07315	0.01028	0.04449	0.00792	0.00497	0.00426	0.00142	0.00537	0.00412	0.00293	0.00618
12	0.00997	0.00966	0.01670	0.33805	0.42840	0.01052	0.06542	0.01277	0.00961	0.01322	0.00818	0.01142	0.00659	0.00430	0.00488	0.00143	0.03658	0.00407	0.00212	0.00611
13	0.00740	0.00475	0.00613	0.00644	0.00730	0.00451	0.00466	0.00902	0.04204	0.08576	0.13601	0.43094	0.05888	0.08549	0.00704	0.00194	0.00297	0.09025	0.00427	0.00419
14	0.01077	0.09441	0.07206	0.14968	0.04697	0.04036	0.31429	0.06349	0.08923	0.01449	0.01032	0.01236	0.02882	0.00460	0.00490	0.00143	0.02879	0.00449	0.00256	0.00598
15	0.24256	0.01121	0.13477	0.00838	0.01133	0.06003	0.00768	0.08319	0.06569	0.09162	0.13584	0.01484	0.03509	0.00653	0.02672	0.00157	0.04951	0.00433	0.00345	0.00565
16	0.00654	0.00426	0.00558	0.00625	0.00685	0.00394	0.00434	0.00745	0.00903	0.06535	0.03833	0.65496	0.08266	0.04147	0.00620	0.00186	0.00277	0.04404	0.00421	0.00391
17	0.01035	0.01065	0.06061	0.07785	0.60532	0.01005	0.05468	0.01299	0.00976	0.01383	0.00890	0.01271	0.00773	0.07846	0.00609	0.00162	0.00546	0.00424	0.00223	0.00647
18	0.08569	0.00983	0.08682	0.57030	0.10662	0.01011	0.04421	0.01218	0.00906	0.01288	0.00790	0.01121	0.00598	0.00435	0.00433	0.00146	0.00580	0.00383	0.00208	0.00536
19	0.01073	0.01002	0.01600	0.05465	0.61560	0.01034	0.01205	0.01481	0.13375	0.01480	0.01023	0.01297	0.00856	0.04987	0.00545	0.00153	0.00501	0.00429	0.00260	0.00677
20	0.01029	0.00568	0.00725	0.00689	0.00833	0.00539	0.00519	0.07117	0.01085	0.20901	0.07337	0.33651	0.03392	0.08402	0.00676	0.00186	0.00331	0.08130	0.03397	0.00493

[dist]
# distance from previous block
# <min> <max>
1	30

[block]
# block no. 3 follows, 58 sequences, length 7
# corresponding to MSA columns:
# 254-260
name=unknown_D
#
# <colnr> <probs for GDERKNQSTAVLIFYWHMCP>
#	G	D	E	R	K	N	Q	S	T	A	V	L	I	F	Y	W	H	M	C	P
0	0.03837	0.17768	0.32420	0.03571	0.01609	0.03186	0.07544	0.04230	0.10993	0.04573	0.00936	0.01037	0.00707	0.00451	0.00430	0.00133	0.02552	0.00355	0.00256	0.03412
1	0.09202	0.00795	0.00928	0.00807	0.01013	0.03395	0.06135	0.16836	0.07485	0.05297	0.03879	0.20423	0.06993	0.00911	0.04718	0.00176	0.00419	0.00655	0.09402	0.00531
2	0.00982	0.00740	0.01005	0.00877	0.03138	0.00762	0.07736	0.10243	0.06629	0.10110	0.09866	0.05189	0.24104	0.01059	0.08703	0.00207	0.07080	0.00655	0.00387	0.00529
3	0.03034	0.16442	0.11181	0.06782	0.09455	0.12642	0.16605	0.04232	0.02483	0.05957	0.00871	0.01029	0.00675	0.00424	0.00413	0.00126	0.00591	0.00368	0.02185	0.04504
4	0.01235	0.04816	0.26564	0.01155	0.01569	0.07523	0.10819	0.15028	0.07165	0.09557	0.03628	0.04079	0.00929	0.00528	0.00483	0.00141	0.03384	0.00435	0.00315	0.00646
5	0.01003	0.01894	0.60963	0.01135	0.01700	0.00928	0.01378	0.01434	0.00964	0.10203	0.00935	0.01064	0.00672	0.00638	0.06192	0.00176	0.00642	0.00349	0.00238	0.07491
6	0.03787	0.06618	0.10134	0.09636	0.11351	0.05089	0.03746	0.04787	0.03855	0.04620	0.04033	0.09102	0.08469	0.00655	0.00479	0.00143	0.03012	0.03555	0.06384	0.00547

[dist]
# distance from previous block
# <min> <max>
3	8

[block]
# block no. 4 follows, 58 sequences, length 14
# corresponding to MSA columns:
# 269-282
name=unknown_E
#
# <colnr> <probs for GDERKNQSTAVLIFYWHMCP>
#	G	D	E	R	K	N	Q	S	T	A	V	L	I	F	Y	W	H	M	C	P
0	0.00927	0.00820	0.01259	0.15473	0.07101	0.03162	0.13275	0.03165	0.05956	0.04949	0.12835	0.11506	0.07101	0.00730	0.00570	0.00155	0.06393	0.03768	0.00333	0.00522
1	0.00962	0.00608	0.00690	0.00624	0.00794	0.00613	0.02065	0.09690	0.09311	0.07560	0.03549	0.11734	0.13819	0.00737	0.00424	0.00133	0.00287	0.00619	0.35279	0.00501
2	0.03552	0.04817	0.03256	0.23877	0.30776	0.03730	0.08866	0.01414	0.05523	0.06231	0.00967	0.03327	0.00776	0.00459	0.00443	0.00140	0.00549	0.00426	0.00254	0.00615
3	0.01275	0.00934	0.04244	0.19903	0.11897	0.03030	0.04145	0.04800	0.12020	0.23497	0.02541	0.07469	0.01093	0.00570	0.00460	0.00145	0.00475	0.00498	0.00366	0.00636
4	0.00863	0.00813	0.01374	0.77679	0.08465	0.00999	0.01251	0.01159	0.00903	0.01165	0.00798	0.01187	0.00604	0.00444	0.00447	0.00148	0.00592	0.00398	0.00200	0.00511
5	0.00655	0.00462	0.00555	0.00580	0.00685	0.00421	0.00416	0.00813	0.04198	0.05849	0.11670	0.40245	0.29439	0.01177	0.00540	0.00163	0.00254	0.01033	0.00433	0.00411
6	0.01144	0.30652	0.24684	0.06047	0.09256	0.01301	0.05864	0.04834	0.01007	0.06979	0.00820	0.00958	0.00639	0.00433	0.00427	0.00127	0.03632	0.00335	0.00233	0.00627
7	0.00915	0.00880	0.01246	0.08401	0.01259	0.01199	0.00911	0.01026	0.00703	0.01061	0.00720	0.01222	0.00715	0.08261	0.06968	0.00248	0.63174	0.00421	0.00206	0.00465
8	0.00554	0.00403	0.00516	0.00593	0.00638	0.00372	0.00401	0.00642	0.00895	0.01183	0.08117	0.65758	0.12037	0.04855	0.00635	0.00186	0.00260	0.01175	0.00414	0.00365
9	0.09139	0.03928	0.14926	0.03387	0.25312	0.04799	0.10402	0.06197	0.01043	0.07090	0.00861	0.01047	0.00667	0.00463	0.00531	0.00142	0.08795	0.00381	0.00255	0.00635
10	0.08088	0.09674	0.29905	0.01200	0.04842	0.03246	0.12596	0.08196	0.06081	0.04557	0.04015	0.01224	0.03472	0.00480	0.00427	0.00137	0.00555	0.00405	0.00275	0.00625
11	0.03782	0.00809	0.05452	0.03159	0.01018	0.07206	0.02345	0.01086	0.00971	0.11032	0.09062	0.29951	0.07357	0.01037	0.04138	0.00185	0.09802	0.00766	0.00364	0.00476
12	0.02664	0.07322	0.06613	0.00988	0.04554	0.05422	0.03997	0.13722	0.03962	0.06583	0.06801	0.01723	0.01223	0.07549	0.13618	0.00257	0.06878	0.05256	0.00319	0.00550
13	0.07487	0.13474	0.07597	0.04795	0.07190	0.05602	0.03655	0.17426	0.10812	0.05733	0.02952	0.01119	0.00839	0.00471	0.00401	0.00125	0.00482	0.00370	0.00319	0.09151

[dist]
# distance from previous block
# <min> <max>
0	51

[block]
# block no. 5 follows, 58 sequences, length 23
# corresponding to MSA columns:
# 337-359
name=unknown_F
#
# <colnr> <probs for GDERKNQSTAVLIFYWHMCP>
#	G	D	E	R	K	N	Q	S	T	A	V	L	I	F	Y	W	H	M	C	P
0	0.01764	0.03342	0.06299	0.00873	0.04181	0.00702	0.04945	0.06013	0.05685	0.04656	0.10197	0.18092	0.03989	0.09068	0.14964	0.00279	0.00536	0.03583	0.00348	0.00485
1	0.01190	0.07992	0.14128	0.00995	0.04024	0.09292	0.02738	0.12026	0.11386	0.08402	0.03250	0.04206	0.08956	0.00584	0.00449	0.00132	0.01710	0.00466	0.00338	0.07736
2	0.02552	0.04850	0.11166	0.07479	0.08195	0.00961	0.18746	0.02662	0.10539	0.09458	0.06049	0.04957	0.01209	0.00574	0.00486	0.00148	0.01776	0.05217	0.02376	0.00600
3	0.00849	0.00441	0.00628	0.00600	0.00650	0.00420	0.00412	0.00724	0.00665	0.05945	0.00943	0.05367	0.00924	0.04237	0.01534	0.68608	0.00380	0.00436	0.00235	0.06004
4	0.01211	0.06684	0.07843	0.15579	0.18280	0.05743	0.03639	0.17534	0.01203	0.06546	0.00945	0.01151	0.00735	0.00750	0.08620	0.00194	0.02045	0.00392	0.00282	0.00624
5	0.01105	0.07468	0.01711	0.32757	0.17844	0.07184	0.13551	0.09107	0.01089	0.01405	0.00825	0.01098	0.00644	0.00437	0.00460	0.00139	0.01954	0.00398	0.00234	0.00589
6	0.01177	0.01073	0.01378	0.02392	0.18332	0.06194	0.09218	0.14708	0.27300	0.01783	0.03732	0.01639	0.05478	0.00573	0.00467	0.00144	0.00479	0.02918	0.00360	0.00656
7	0.00841	0.00767	0.01237	0.58996	0.07772	0.00923	0.01095	0.01173	0.06179	0.01202	0.01012	0.06489	0.00856	0.00804	0.08624	0.00207	0.00615	0.00468	0.00235	0.00507
8	0.00660	0.00502	0.00628	0.00674	0.00737	0.00521	0.00486	0.00872	0.08812	0.01243	0.03502	0.50185	0.07552	0.06160	0.00708	0.00191	0.05525	0.06911	0.03724	0.00408
9	0.01286	0.51313	0.03837	0.01003	0.07284	0.18531	0.00835	0.04858	0.01047	0.01208	0.00717	0.00832	0.00620	0.00415	0.00335	0.00106	0.00543	0.00279	0.04374	0.00575
10	0.00813	0.00761	0.01253	0.74967	0.02834	0.00933	0.01152	0.01093	0.00907	0.01149	0.01167	0.01502	0.08630	0.00515	0.00455	0.00149	0.00560	0.00452	0.00220	0.00485
11	0.00649	0.00478	0.00628	0.00685	0.00756	0.00482	0.00526	0.00786	0.02624	0.01184	0.02394	0.29892	0.12528	0.06790	0.06212	0.04184	0.03235	0.25210	0.00376	0.00381
12	0.00561	0.00426	0.00520	0.00577	0.00657	0.00385	0.00414	0.00672	0.00960	0.01237	0.10171	0.44395	0.28997	0.01256	0.00557	0.00170	0.00256	0.06991	0.00422	0.00377
13	0.09338	0.00521	0.00623	0.00576	0.00715	0.00501	0.00439	0.00968	0.02769	0.05349	0.63382	0.03026	0.08408	0.00856	0.00498	0.00141	0.00236	0.00739	0.00468	0.00446
14	0.01144	0.58367	0.18598	0.00886	0.01298	0.06636	0.00936	0.01347	0.00923	0.01117	0.00671	0.00801	0.00582	0.00453	0.00393	0.04283	0.00532	0.00268	0.00193	0.00570
15	0.00728	0.00593	0.00856	0.00808	0.00860	0.00740	0.00635	0.00847	0.00700	0.01025	0.01044	0.01625	0.01006	0.07836	0.54019	0.04496	0.21083	0.00465	0.00229	0.00404
16	0.00691	0.00453	0.00592	0.00656	0.00715	0.00437	0.00482	0.00797	0.00885	0.04821	0.02161	0.38514	0.02443	0.18681	0.00931	0.00238	0.00345	0.23460	0.02321	0.00377
17	0.00600	0.00450	0.00564	0.00640	0.00697	0.00439	0.00439	0.00799	0.08813	0.01219	0.02538	0.70504	0.08001	0.01305	0.00557	0.00177	0.00267	0.01174	0.00419	0.00399
18	0.00891	0.00806	0.01333	0.75324	0.02897	0.01006	0.01206	0.01173	0.00894	0.03796	0.00814	0.01190	0.00613	0.00472	0.00512	0.00152	0.05807	0.00399	0.00210	0.00505
19	0.01195	0.01065	0.03738	0.05233	0.09148	0.14559	0.02804	0.14809	0.01216	0.05288	0.01257	0.04420	0.01095	0.00623	0.00484	0.00140	0.04123	0.10199	0.18050	0.00555
20	0.69875	0.01032	0.00790	0.00691	0.00972	0.09155	0.00561	0.09646	0.00953	0.02002	0.00677	0.00771	0.00523	0.00433	0.00307	0.00136	0.00407	0.00264	0.00290	0.00517
21	0.00722	0.00584	0.00854	0.06293	0.04648	0.00653	0.00645	0.00887	0.00759	0.01099	0.01093	0.01632	0.01019	0.07262	0.55973	0.00544	0.05602	0.00454	0.00238	0.09039
22	0.01977	0.00738	0.04516	0.02026	0.01697	0.03650	0.01844	0.03835	0.05180	0.01226	0.02476	0.07455	0.13011	0.06102	0.33848	0.00399	0.08691	0.00584	0.00293	0.00451

[dist]
# distance from previous block
# <min> <max>
0	10

[block]
# block no. 6 follows, 58 sequences, length 32
# corresponding to MSA columns:
# 370-372,375-377,381,382,384,385,388-409
name=unknown_G
#
# <colnr> <probs for GDERKNQSTAVLIFYWHMCP>
#	G	D	E	R	K	N	Q	S	T	A	V	L	I	F	Y	W	H	M	C	P
0	0.02615	0.20754	0.26243	0.02700	0.06403	0.19123	0.08572	0.01528	0.05644	0.01298	0.00805	0.00940	0.00635	0.00428	0.00399	0.00126	0.00628	0.00333	0.00221	0.00604
1	0.01445	0.01057	0.01147	0.00931	0.01243	0.01157	0.00751	0.39075	0.30588	0.09562	0.01531	0.01449	0.04064	0.00580	0.00450	0.00139	0.00416	0.00461	0.00453	0.03501
2	0.07908	0.00768	0.01012	0.00782	0.01123	0.00681	0.00646	0.02120	0.01244	0.76287	0.01686	0.01468	0.01064	0.00544	0.00438	0.00138	0.00378	0.00436	0.00535	0.00742
3	0.00948	0.00784	0.05083	0.05940	0.07286	0.00728	0.08018	0.01260	0.08949	0.10699	0.14589	0.09429	0.11106	0.00780	0.00567	0.02530	0.03798	0.03627	0.03348	0.00530
4	0.02642	0.04690	0.05627	0.03217	0.33875	0.00960	0.08434	0.04093	0.02133	0.15726	0.09192	0.03499	0.01178	0.00519	0.00474	0.00138	0.02158	0.00472	0.00321	0.00652
5	0.00560	0.00395	0.00518	0.00608	0.00637	0.00371	0.00404	0.00639	0.00859	0.01155	0.05366	0.74118	0.02888	0.07095	0.00683	0.00196	0.00269	0.01199	0.01680	0.00360
6	0.01695	0.00730	0.00955	0.00770	0.01060	0.00666	0.00625	0.05744	0.04737	0.58918	0.05363	0.07379	0.01408	0.00645	0.00458	0.00142	0.00360	0.02431	0.05226	0.00689
7	0.01100	0.06824	0.25699	0.08594	0.21419	0.02869	0.08851	0.02986	0.03022	0.06949	0.00889	0.01077	0.00679	0.00456	0.00511	0.00141	0.06670	0.00384	0.00240	0.00642
8	0.01132	0.04199	0.22438	0.09753	0.05096	0.05575	0.15193	0.16025	0.03489	0.01631	0.03587	0.01146	0.00788	0.00487	0.00520	0.00143	0.06327	0.00410	0.01439	0.00622
9	0.01454	0.01045	0.01350	0.07880	0.16481	0.01114	0.02922	0.40333	0.01572	0.11468	0.01150	0.01311	0.00859	0.00523	0.00446	0.00136	0.00481	0.02922	0.05861	0.00693
10	0.26366	0.20056	0.09209	0.00975	0.01317	0.19706	0.09635	0.03358	0.00990	0.01456	0.00718	0.00882	0.00591	0.02552	0.00405	0.00133	0.00562	0.00307	0.00237	0.00544
11	0.00551	0.00441	0.00494	0.00519	0.00635	0.00384	0.00382	0.00669	0.01005	0.01254	0.11167	0.22943	0.52258	0.01180	0.00542	0.00160	0.00241	0.04374	0.00422	0.00380
12	0.02601	0.07353	0.40933	0.10638	0.08315	0.01037	0.06024	0.01380	0.02513	0.05822	0.00921	0.01201	0.00722	0.05020	0.00551	0.00157	0.02387	0.01582	0.00230	0.00611
13	0.03214	0.53813	0.16013	0.00915	0.01296	0.01516	0.02403	0.01341	0.02848	0.01178	0.00743	0.00960	0.00660	0.00463	0.00443	0.00120	0.08378	0.02911	0.00208	0.00577
14	0.00565	0.00404	0.00542	0.00641	0.00675	0.00383	0.00444	0.00656	0.00865	0.01152	0.02405	0.73181	0.02852	0.02953	0.02691	0.00202	0.00301	0.08312	0.00408	0.00367
15	0.00793	0.00595	0.00696	0.00643	0.00796	0.00607	0.00490	0.01277	0.22381	0.03344	0.48316	0.02824	0.08534	0.00816	0.00494	0.00142	0.00253	0.00706	0.05791	0.00502
16	0.01377	0.53052	0.01933	0.00913	0.01238	0.32615	0.00803	0.01510	0.01046	0.01069	0.00648	0.00752	0.00575	0.00413	0.00331	0.00103	0.00604	0.00258	0.00206	0.00553
17	0.00661	0.00499	0.00614	0.00648	0.03689	0.00464	0.00461	0.00846	0.03823	0.04065	0.21027	0.15432	0.35183	0.01215	0.06192	0.00193	0.00323	0.03818	0.00419	0.00425
18	0.03050	0.45104	0.17361	0.03072	0.03431	0.03818	0.04188	0.02676	0.03922	0.04307	0.00790	0.00900	0.00643	0.00456	0.01589	0.00123	0.00534	0.00303	0.00227	0.03507
19	0.00692	0.00518	0.00625	0.00618	0.00741	0.00502	0.00464	0.00994	0.11354	0.03161	0.35929	0.18445	0.17785	0.01018	0.00530	0.00155	0.00256	0.05311	0.00456	0.00446
20	0.00642	0.00434	0.00509	0.00516	0.00524	0.00439	0.00305	0.00661	0.00670	0.00900	0.01465	0.08431	0.01677	0.71928	0.08729	0.00440	0.00484	0.00679	0.00278	0.00288
21	0.00897	0.02391	0.05151	0.02209	0.05442	0.00687	0.07363	0.05872	0.03016	0.08472	0.09678	0.27909	0.09143	0.00954	0.01432	0.00166	0.02212	0.06117	0.00385	0.00505
22	0.01005	0.04722	0.17822	0.05506	0.01448	0.04835	0.10444	0.03113	0.11284	0.06533	0.16468	0.03226	0.06020	0.00623	0.00520	0.00145	0.04851	0.00529	0.00333	0.00573
23	0.01397	0.00724	0.00903	0.00772	0.01014	0.00708	0.00630	0.14897	0.02747	0.33545	0.03312	0.06956	0.03402	0.00871	0.04941	0.00179	0.00415	0.11888	0.10087	0.00612
24	0.03113	0.01048	0.01513	0.22508	0.19865	0.07863	0.10165	0.08625	0.01106	0.10765	0.00947	0.01171	0.00720	0.00572	0.03150	0.01285	0.04292	0.00409	0.00277	0.00606
25	0.00999	0.04973	0.20521	0.29304	0.18259	0.01026	0.05627	0.01319	0.00957	0.06086	0.00920	0.04250	0.00735	0.00476	0.00469	0.00144	0.02685	0.00418	0.00231	0.00598
26	0.00585	0.00455	0.00531	0.00512	0.00639	0.00402	0.00384	0.00751	0.01153	0.01524	0.45907	0.03785	0.39735	0.01015	0.00528	0.00145	0.00218	0.00871	0.00457	0.00402
27	0.00951	0.01724	0.50027	0.08744	0.01832	0.00965	0.06726	0.06746	0.01040	0.04326	0.01234	0.05794	0.06841	0.00543	0.00452	0.00145	0.00585	0.00457	0.00253	0.00615
28	0.01152	0.25757	0.26665	0.05741	0.08257	0.03299	0.06233	0.02692	0.06507	0.08316	0.00914	0.01021	0.00695	0.00435	0.00398	0.00128	0.00555	0.00349	0.00250	0.00637
29	0.05050	0.05340	0.03522	0.00965	0.01327	0.01255	0.00820	0.57375	0.01817	0.16336	0.01146	0.01117	0.00795	0.00524	0.00433	0.00133	0.00471	0.00394	0.00439	0.00738
30	0.00544	0.00393	0.00515	0.00614	0.00646	0.00364	0.00411	0.00624	0.00865	0.01146	0.02578	0.79645	0.07228	0.01387	0.00569	0.00180	0.00258	0.01254	0.00415	0.00364
31	0.03908	0.00904	0.08575	0.10951	0.09940	0.00803	0.08975	0.06078	0.03733	0.09327	0.04972	0.20057	0.02323	0.00726	0.00481	0.00152	0.00450	0.03476	0.03615	0.00554

[dist]
# distance from previous block
# <min> <max>
4	17

[block]
# block no. 7 follows, 58 sequences, length 37
# corresponding to MSA columns:
# 428-445,484-502
name=unknown_H
#
# <colnr> <probs for GDERKNQSTAVLIFYWHMCP>
#	G	D	E	R	K	N	Q	S	T	A	V	L	I	F	Y	W	H	M	C	P
0	0.04525	0.04857	0.02369	0.01025	0.06886	0.02505	0.05822	0.07755	0.19788	0.23585	0.09037	0.05446	0.01432	0.00614	0.00457	0.00143	0.00413	0.02266	0.00423	0.00651
1	0.00962	0.05075	0.23913	0.08553	0.09497	0.01793	0.01019	0.02435	0.08495	0.02632	0.01053	0.07668	0.00895	0.00500	0.00412	0.00123	0.00477	0.00418	0.01854	0.22224
2	0.03847	0.00548	0.00649	0.00567	0.00755	0.00514	0.00445	0.01408	0.01061	0.28882	0.05355	0.05474	0.01342	0.00588	0.00380	0.00122	0.00274	0.00481	0.46773	0.00534
3	0.00548	0.00397	0.00518	0.00607	0.00646	0.00367	0.00410	0.00635	0.00889	0.01179	0.06506	0.74013	0.08918	0.01357	0.00566	0.00177	0.00255	0.01224	0.00419	0.00367
4	0.04041	0.04621	0.05036	0.00920	0.01267	0.04150	0.06626	0.07561	0.04158	0.50744	0.01514	0.05094	0.01056	0.00559	0.00446	0.00139	0.00444	0.00464	0.00458	0.00699
5	0.00777	0.00389	0.00583	0.00583	0.00583	0.00389	0.00389	0.00583	0.00583	0.00777	0.00777	0.01360	0.00777	0.01554	0.01748	0.86985	0.00389	0.00389	0.00194	0.00194
6	0.00805	0.00420	0.00420	0.00420	0.00529	0.00413	0.00315	0.01005	0.00946	0.01625	0.01746	0.01914	0.08641	0.00578	0.00333	0.00109	0.00210	0.00466	0.78690	0.00413
7	0.05859	0.06379	0.01281	0.01051	0.04899	0.07325	0.04421	0.08193	0.07781	0.15736	0.01231	0.01381	0.04614	0.00784	0.05828	0.00187	0.20525	0.01606	0.00328	0.00590
8	0.02446	0.37031	0.38639	0.06315	0.01634	0.03089	0.01198	0.01385	0.00936	0.02569	0.00736	0.00867	0.00579	0.00411	0.00365	0.00122	0.00573	0.00296	0.00199	0.00609
9	0.01571	0.01966	0.01282	0.01156	0.01353	0.70805	0.00881	0.01684	0.01184	0.01092	0.00676	0.00831	0.00578	0.00507	0.00557	0.00127	0.12707	0.00303	0.00225	0.00514
10	0.01082	0.01005	0.01668	0.18084	0.57477	0.01070	0.01294	0.03422	0.01007	0.02986	0.00840	0.01123	0.00688	0.00439	0.00510	0.00140	0.05882	0.00399	0.00228	0.00656
11	0.04072	0.01116	0.01408	0.06692	0.19700	0.02338	0.02939	0.40977	0.05351	0.07411	0.02879	0.01187	0.00855	0.00504	0.00445	0.00136	0.00494	0.00415	0.00374	0.00706
12	0.03030	0.01175	0.16049	0.16806	0.32997	0.00986	0.01213	0.02559	0.07126	0.07676	0.03095	0.01304	0.03066	0.00476	0.00443	0.00140	0.00520	0.00420	0.00272	0.00644
13	0.00545	0.00389	0.00519	0.00623	0.00649	0.00363	0.00415	0.00623	0.00856	0.01142	0.02465	0.83987	0.02959	0.01401	0.00571	0.00182	0.00260	0.01272	0.00415	0.00363
14	0.00938	0.00885	0.01473	0.54593	0.27167	0.01021	0.01258	0.01271	0.04621	0.01275	0.00857	0.01188	0.00666	0.00440	0.00446	0.00144	0.00565	0.00403	0.00218	0.00572
15	0.01068	0.01023	0.01746	0.14596	0.69941	0.01053	0.01354	0.01339	0.01000	0.01414	0.00835	0.01120	0.00692	0.00406	0.00443	0.00135	0.00541	0.00398	0.00218	0.00677
16	0.03088	0.00612	0.00753	0.00825	0.05944	0.00617	0.00590	0.08689	0.07063	0.01473	0.04300	0.28716	0.17664	0.01070	0.00534	0.00169	0.00333	0.16688	0.00407	0.00467
17	0.07511	0.09118	0.09041	0.05036	0.36102	0.10921	0.08594	0.05047	0.01058	0.01459	0.00796	0.01002	0.00645	0.00419	0.00429	0.00132	0.01463	0.00365	0.00231	0.00634
18	0.01690	0.01235	0.01313	0.01018	0.01361	0.03802	0.00837	0.68989	0.03971	0.07832	0.01116	0.01108	0.00789	0.00543	0.00468	0.00136	0.02200	0.00405	0.00443	0.00746
19	0.01130	0.01022	0.01049	0.06328	0.09007	0.12068	0.00759	0.07577	0.30667	0.01659	0.01497	0.01604	0.04767	0.00569	0.00428	0.00135	0.00433	0.02528	0.12742	0.04032
20	0.00595	0.00461	0.00661	0.00690	0.00762	0.00429	0.05574	0.00700	0.00887	0.01165	0.02531	0.59111	0.11753	0.06427	0.00672	0.00193	0.00309	0.06309	0.00394	0.00378
21	0.00906	0.04073	0.74904	0.01224	0.01861	0.01027	0.01560	0.01396	0.00943	0.01411	0.00798	0.00938	0.00573	0.00418	0.00416	0.00136	0.00636	0.00324	0.00194	0.06263
22	0.00682	0.00504	0.00666	0.00627	0.00676	0.00504	0.05490	0.00787	0.04506	0.01017	0.03265	0.14964	0.01796	0.58415	0.03933	0.00365	0.00440	0.00728	0.00303	0.00334
23	0.01208	0.01439	0.14933	0.03379	0.04036	0.19167	0.09812	0.15486	0.07457	0.01633	0.06288	0.05007	0.01170	0.00595	0.00466	0.00143	0.00580	0.06290	0.00316	0.00595
24	0.00740	0.00472	0.00639	0.05981	0.00862	0.00447	0.00492	0.00867	0.00984	0.10179	0.15547	0.51381	0.07384	0.01149	0.00540	0.00166	0.00285	0.01028	0.00429	0.00427
25	0.00838	0.00780	0.01288	0.74229	0.02829	0.00974	0.01168	0.01108	0.00869	0.01122	0.00826	0.01296	0.00663	0.05902	0.00611	0.00170	0.04230	0.00414	0.00203	0.00482
26	0.00738	0.00657	0.00849	0.00808	0.02109	0.05851	0.08969	0.00942	0.05458	0.01286	0.10576	0.34281	0.12643	0.06082	0.03481	0.00196	0.00393	0.02571	0.01680	0.00429
27	0.01096	0.01267	0.02550	0.01838	0.02276	0.06411	0.74738	0.01456	0.01070	0.01411	0.00891	0.01181	0.00672	0.00383	0.00520	0.00149	0.00758	0.00512	0.00227	0.00598
28	0.00967	0.09463	0.50363	0.03674	0.02008	0.01130	0.23349	0.01407	0.00971	0.01380	0.00815	0.01004	0.00599	0.00408	0.00442	0.00140	0.00669	0.00379	0.00200	0.00633
29	0.00743	0.00468	0.00591	0.00574	0.00627	0.00484	0.00386	0.00816	0.00740	0.06192	0.03378	0.02444	0.01486	0.49095	0.25556	0.00475	0.00638	0.00580	0.04374	0.00351
30	0.00571	0.00468	0.00505	0.00494	0.00636	0.00409	0.00371	0.00740	0.03218	0.01376	0.24158	0.03987	0.59372	0.01063	0.00526	0.00148	0.00226	0.00898	0.00436	0.00398
31	0.00911	0.02227	0.76747	0.01251	0.01886	0.01044	0.01592	0.01478	0.06081	0.01446	0.00868	0.00991	0.00618	0.00437	0.00427	0.00142	0.00641	0.00342	0.00206	0.00664
32	0.00565	0.00407	0.00544	0.00640	0.00669	0.00391	0.00438	0.00648	0.00858	0.01145	0.02400	0.75903	0.02861	0.03635	0.00635	0.00190	0.01647	0.05650	0.00408	0.00366
33	0.00697	0.00480	0.00587	0.00558	0.00686	0.00437	0.00419	0.00898	0.03162	0.06133	0.47578	0.09714	0.22422	0.00965	0.00518	0.00145	0.00232	0.00838	0.03097	0.00433
34	0.00886	0.00930	0.06599	0.63087	0.15946	0.00997	0.01275	0.01189	0.00918	0.01213	0.00834	0.02683	0.00656	0.00455	0.00447	0.00147	0.00584	0.00409	0.00206	0.00540
35	0.01211	0.02252	0.03576	0.05030	0.05849	0.02282	0.15025	0.12829	0.08511	0.14536	0.06173	0.08374	0.02487	0.02009	0.00554	0.00152	0.04435	0.01881	0.02225	0.00609
36	0.25819	0.14868	0.07560	0.08239	0.05230	0.19300	0.08994	0.01427	0.00965	0.01428	0.00705	0.00872	0.00568	0.00425	0.00387	0.00130	0.01998	0.00311	0.00230	0.00544

[dist]
# distance from previous block
# <min> <max>
1	29

[block]
# block no. 8 follows, 58 sequences, length 17
# corresponding to MSA columns:
# 532-548
name=unknown_I
#
# <colnr> <probs for GDERKNQSTAVLIFYWHMCP>
#	G	D	E	R	K	N	Q	S	T	A	V	L	I	F	Y	W	H	M	C	P
0	0.00855	0.00759	0.01078	0.29603	0.12954	0.03990	0.00881	0.04091	0.00967	0.01284	0.03993	0.12872	0.05987	0.03885	0.08299	0.00210	0.00540	0.01718	0.02787	0.03248
1	0.00764	0.00627	0.00789	0.00843	0.06637	0.02249	0.02057	0.02839	0.11381	0.01445	0.16725	0.30123	0.08594	0.03623	0.00575	0.00166	0.00324	0.05593	0.00403	0.04245
2	0.01026	0.22207	0.41349	0.05627	0.03438	0.01198	0.09004	0.01419	0.03141	0.04274	0.00872	0.02978	0.00684	0.00444	0.00408	0.00133	0.00591	0.00364	0.00221	0.00624
3	0.01990	0.00789	0.01055	0.00809	0.01156	0.00698	0.00668	0.06525	0.01326	0.77388	0.01726	0.01497	0.01088	0.00553	0.00450	0.00138	0.00387	0.00447	0.00548	0.00761
4	0.00607	0.00487	0.00571	0.03859	0.00759	0.00448	0.00435	0.00804	0.03645	0.01446	0.32134	0.03777	0.43963	0.01014	0.00527	0.00150	0.00248	0.04281	0.00436	0.00411
5	0.01191	0.00870	0.01172	0.17554	0.10040	0.05246	0.04177	0.04283	0.10188	0.18449	0.08120	0.04610	0.04939	0.00628	0.00522	0.02395	0.02570	0.00512	0.01946	0.00588
6	0.00825	0.00733	0.01031	0.00929	0.00964	0.00967	0.00750	0.00946	0.00708	0.01078	0.00904	0.01412	0.00871	0.06258	0.32340	0.00404	0.43807	0.00440	0.04193	0.00440
7	0.01818	0.00794	0.01026	0.00801	0.01117	0.00732	0.00652	0.12694	0.01352	0.62457	0.04218	0.03867	0.01235	0.04433	0.00539	0.00153	0.00390	0.00487	0.00520	0.00717
8	0.00964	0.00937	0.01639	0.44475	0.28147	0.01037	0.10759	0.01297	0.03885	0.01307	0.00861	0.01184	0.00671	0.00429	0.00456	0.00144	0.00586	0.00418	0.00219	0.00586
9	0.01063	0.01012	0.01692	0.16188	0.63956	0.01054	0.01315	0.01388	0.05298	0.01430	0.00886	0.01152	0.00725	0.00418	0.00444	0.00137	0.00533	0.00404	0.00230	0.00673
10	0.00761	0.00643	0.00932	0.00847	0.00904	0.00794	0.03436	0.00884	0.00715	0.01050	0.01050	0.01707	0.01034	0.16337	0.39752	0.00479	0.25333	0.00483	0.02447	0.00412
11	0.00585	0.00412	0.00505	0.00559	0.00587	0.00392	0.00357	0.00640	0.00804	0.01064	0.04279	0.46295	0.08432	0.31606	0.01189	0.00270	0.00319	0.01008	0.00365	0.00332
12	0.11233	0.00834	0.00917	0.00766	0.01022	0.02318	0.00608	0.22584	0.03377	0.17453	0.10823	0.13155	0.05984	0.00711	0.00451	0.00139	0.00366	0.00583	0.00432	0.06245
13	0.03658	0.01109	0.01159	0.00897	0.01249	0.13735	0.05619	0.13210	0.05993	0.09632	0.00981	0.01046	0.00746	0.00426	0.00390	0.00104	0.00464	0.00338	0.00325	0.38919
14	0.03617	0.00536	0.00695	0.00658	0.00740	0.00562	0.00480	0.03862	0.00842	0.08298	0.06008	0.10150	0.05621	0.15775	0.12388	0.21449	0.05544	0.02082	0.00313	0.00378
15	0.12676	0.06595	0.23639	0.04986	0.06243	0.01037	0.08511	0.06789	0.05348	0.06372	0.06225	0.01264	0.02787	0.00498	0.00450	0.00139	0.02937	0.00406	0.00288	0.02813
16	0.09628	0.15324	0.15769	0.01295	0.16495	0.02565	0.02240	0.14384	0.05655	0.05948	0.00971	0.04062	0.00783	0.00492	0.00429	0.00134	0.02504	0.00386	0.00291	0.00644

[dist]
# distance from previous block
# <min> <max>
2	41

[block]
# block no. 9 follows, 58 sequences, length 12
# corresponding to MSA columns:
# 591-602
name=unknown_J
#
# <colnr> <probs for GDERKNQSTAVLIFYWHMCP>
#	G	D	E	R	K	N	Q	S	T	A	V	L	I	F	Y	W	H	M	C	P
0	0.03935	0.00479	0.00610	0.00605	0.00713	0.00444	0.03493	0.00762	0.01002	0.01373	0.22140	0.29178	0.23327	0.04588	0.00602	0.00170	0.00271	0.02910	0.03004	0.00394
1	0.01001	0.00977	0.01744	0.13538	0.20576	0.02228	0.27837	0.05393	0.01070	0.01466	0.06032	0.06867	0.01122	0.00544	0.00508	0.00148	0.02238	0.03109	0.03025	0.00578
2	0.00980	0.00997	0.04395	0.22523	0.22137	0.01016	0.18234	0.02538	0.04075	0.01374	0.00966	0.05257	0.00811	0.00496	0.00533	0.00146	0.06398	0.00467	0.03212	0.03446
3	0.04757	0.00601	0.00749	0.00652	0.00852	0.00564	0.00515	0.01387	0.06190	0.26934	0.35659	0.02547	0.06650	0.00756	0.00476	0.00141	0.00287	0.03281	0.06457	0.00546
4	0.04297	0.00619	0.00779	0.00776	0.00933	0.00624	0.00644	0.07178	0.04285	0.12301	0.02044	0.08100	0.03366	0.07566	0.00682	0.00200	0.00394	0.42243	0.02484	0.00486
5	0.48096	0.00834	0.00820	0.00686	0.00976	0.00890	0.00562	0.06428	0.03806	0.25551	0.06493	0.01193	0.00969	0.00504	0.00362	0.00139	0.00356	0.00361	0.00390	0.00587
6	0.00724	0.00525	0.00696	0.00721	0.00818	0.00517	0.03215	0.00989	0.11803	0.05298	0.02363	0.57537	0.05597	0.01194	0.00549	0.00175	0.00304	0.06113	0.00421	0.00442
7	0.00547	0.00400	0.00516	0.00601	0.00645	0.00368	0.00407	0.00636	0.00895	0.01181	0.06541	0.71121	0.11802	0.01348	0.00564	0.00176	0.00253	0.01212	0.00419	0.00368
8	0.07164	0.00736	0.00961	0.00753	0.01072	0.00652	0.00618	0.01976	0.01234	0.68427	0.06244	0.01711	0.05196	0.00594	0.00447	0.00139	0.00361	0.00481	0.00526	0.00706
9	0.00684	0.00481	0.00585	0.00574	0.00599	0.00519	0.00380	0.00736	0.00702	0.00983	0.01430	0.02628	0.03538	0.56654	0.13367	0.00421	0.06538	0.02717	0.06143	0.00322
10	0.11572	0.07005	0.01238	0.07873	0.13399	0.00950	0.02780	0.06083	0.04971	0.01542	0.01014	0.01159	0.04650	0.00454	0.00431	0.00115	0.04434	0.00358	0.00273	0.29699
11	0.01105	0.03404	0.04501	0.02589	0.06020	0.00831	0.03455	0.16784	0.01215	0.08426	0.06378	0.07318	0.08160	0.00671	0.02577	0.00138	0.01688	0.00501	0.00351	0.23888

[dist]
# distance from previous block
# <min> <max>
4	70

[block]
# block no. 10 follows, 58 sequences, length 51
# corresponding to MSA columns:
# 673-723
name=unknown_K
#
# <colnr> <probs for GDERKNQSTAVLIFYWHMCP>
#	G	D	E	R	K	N	Q	S	T	A	V	L	I	F	Y	W	H	M	C	P
0	0.00706	0.00588	0.00752	0.00746	0.00835	0.06054	0.00577	0.00862	0.00758	0.01044	0.01189	0.03324	0.01118	0.03122	0.75371	0.00668	0.01153	0.00482	0.00243	0.00407
1	0.03617	0.01030	0.01497	0.13865	0.38878	0.06920	0.04602	0.04200	0.01064	0.08002	0.02085	0.04688	0.00851	0.00473	0.00440	0.00133	0.00523	0.00430	0.00271	0.06433
2	0.01129	0.18552	0.24862	0.06421	0.07905	0.07521	0.01069	0.07690	0.02444	0.06038	0.06880	0.01342	0.03839	0.00514	0.00416	0.00131	0.00533	0.01831	0.00276	0.00608
3	0.00581	0.00410	0.00561	0.00648	0.00686	0.00399	0.00455	0.00666	0.00842	0.01129	0.02235	0.64332	0.02617	0.01617	0.09959	0.04262	0.00385	0.07467	0.00385	0.00364
4	0.00647	0.00475	0.00639	0.00659	0.00696	0.00518	0.00470	0.00729	0.00748	0.01031	0.01617	0.24572	0.01801	0.25920	0.25710	0.02059	0.06186	0.04864	0.00302	0.00355
5	0.03049	0.35429	0.11271	0.00940	0.02579	0.01399	0.00888	0.25984	0.01331	0.11779	0.00931	0.00963	0.00699	0.00458	0.00376	0.00120	0.00490	0.00330	0.00318	0.00666
6	0.04718	0.10675	0.11907	0.03329	0.02884	0.02148	0.08532	0.05781	0.01051	0.11884	0.02398	0.07450	0.00931	0.00497	0.00406	0.00119	0.00460	0.00420	0.00303	0.24107
7	0.07299	0.17224	0.06009	0.03098	0.13442	0.03327	0.09914	0.14304	0.06769	0.08645	0.00992	0.02535	0.00775	0.00480	0.00448	0.00133	0.03269	0.00393	0.00303	0.00643
8	0.00860	0.00825	0.01436	0.77276	0.03027	0.01004	0.06973	0.01164	0.00906	0.01164	0.00803	0.01194	0.00602	0.00442	0.00453	0.00149	0.00608	0.00407	0.00201	0.00505
9	0.00765	0.00396	0.00594	0.00594	0.00601	0.00403	0.00403	0.00601	0.00594	0.00799	0.00813	0.01394	0.00806	0.01708	0.08658	0.79605	0.00458	0.00396	0.00198	0.00212
10	0.01174	0.25657	0.11188	0.05411	0.04757	0.02335	0.15526	0.07470	0.09190	0.06144	0.02909	0.01121	0.00815	0.00466	0.00457	0.00132	0.03960	0.00390	0.00275	0.00622
11	0.00956	0.08087	0.04619	0.06372	0.13979	0.02426	0.07541	0.03135	0.04225	0.03948	0.06451	0.06105	0.01404	0.05722	0.06998	0.00213	0.05369	0.11618	0.00300	0.00532
12	0.00567	0.00396	0.00512	0.00601	0.00639	0.00369	0.00406	0.00659	0.00881	0.01201	0.05029	0.72872	0.05804	0.01317	0.00551	0.00174	0.00253	0.01187	0.06214	0.00369
13	0.01039	0.00671	0.00797	0.05096	0.02662	0.04074	0.00563	0.06016	0.01217	0.19308	0.27264	0.06728	0.21095	0.00832	0.00496	0.00143	0.00325	0.00707	0.00449	0.00519
14	0.02665	0.24099	0.17754	0.07000	0.02934	0.04466	0.11047	0.03503	0.06888	0.07982	0.01037	0.06873	0.00863	0.00505	0.00414	0.00133	0.00538	0.00424	0.00271	0.00603
15	0.00932	0.03170	0.01592	0.01220	0.01485	0.00843	0.35263	0.06095	0.01785	0.04430	0.03636	0.28607	0.04435	0.00796	0.00544	0.00159	0.01900	0.02254	0.00332	0.00522
16	0.00651	0.00434	0.00488	0.00488	0.00488	0.00434	0.00271	0.00651	0.00651	0.00867	0.01409	0.02927	0.01626	0.84279	0.02277	0.00434	0.00434	0.00651	0.00271	0.00271
17	0.00868	0.00777	0.01198	0.45536	0.12728	0.00886	0.01021	0.04735	0.04759	0.01346	0.06291	0.06394	0.09079	0.00617	0.00470	0.00149	0.00489	0.01855	0.00281	0.00521
18	0.01081	0.03345	0.18740	0.04340	0.10480	0.03568	0.20932	0.07721	0.01072	0.06386	0.01046	0.05882	0.00860	0.00750	0.07661	0.00193	0.02423	0.00470	0.02446	0.00604
19	0.01072	0.19242	0.39261	0.01040	0.01512	0.02699	0.01156	0.01660	0.19934	0.04847	0.01059	0.01106	0.00793	0.00467	0.00401	0.00133	0.00531	0.00359	0.02077	0.00650
20	0.01250	0.01261	0.01049	0.00937	0.01072	0.32774	0.00710	0.02652	0.01003	0.08181	0.01153	0.03566	0.04893	0.18183	0.01046	0.00206	0.18854	0.00460	0.00277	0.00475
