[name]
unknown

[dist]
# distance from previous block
# <min> <max>
0	256

[block]
# block no. 0 follows, 47 sequences, length 28
# corresponding to MSA columns:
# 303-316,318-331
name=unknown_A
#
# <colnr> <probs for GDERKNQSTAVLIFYWHMCP>
#	G	D	E	R	K	N	Q	S	T	A	V	L	I	F	Y	W	H	M	C	P
0	0.16010	0.00989	0.01183	0.04124	0.10320	0.02348	0.00830	0.08908	0.04723	0.13678	0.06417	0.06207	0.02786	0.00675	0.00555	0.00157	0.05498	0.00532	0.04385	0.09676
1	0.01164	0.01000	0.01593	0.01310	0.04886	0.00973	0.22549	0.13506	0.03642	0.04442	0.09287	0.11170	0.11195	0.06128	0.00719	0.00191	0.00541	0.00764	0.00412	0.04527
2	0.00770	0.00574	0.00661	0.00625	0.00789	0.00522	0.00473	0.02647	0.03484	0.03626	0.38552	0.04175	0.36910	0.01136	0.00602	0.00168	0.00270	0.00970	0.02550	0.00496
3	0.00713	0.00518	0.00695	0.00722	0.00793	0.00541	0.00519	0.00822	0.00898	0.01216	0.02243	0.20143	0.11877	0.15244	0.36163	0.04441	0.00822	0.00859	0.00354	0.00418
4	0.00939	0.00863	0.02996	0.05900	0.05466	0.00804	0.16877	0.01281	0.06278	0.03528	0.16833	0.10751	0.19642	0.00926	0.00592	0.00174	0.00467	0.01879	0.03228	0.00577
5	0.01947	0.01443	0.01545	0.01192	0.01603	0.01600	0.00982	0.73225	0.05990	0.03230	0.01291	0.01283	0.00919	0.00629	0.00521	0.00157	0.00565	0.00475	0.00521	0.00883
6	0.01114	0.01038	0.05377	0.08601	0.12560	0.00996	0.11553	0.05052	0.11409	0.05349	0.04517	0.18008	0.06655	0.02389	0.00645	0.00185	0.02735	0.00770	0.00393	0.00654
7	0.01739	0.01354	0.04225	0.03771	0.01584	0.01430	0.00967	0.60063	0.03816	0.02953	0.07054	0.03909	0.01276	0.00682	0.00528	0.00159	0.00540	0.00535	0.02599	0.00816
8	0.01446	0.01458	0.01487	0.07392	0.08487	0.20327	0.04781	0.08909	0.27276	0.01849	0.03397	0.03810	0.01215	0.00656	0.00589	0.00166	0.05125	0.00524	0.00388	0.00717
9	0.03427	0.44062	0.02015	0.00991	0.01343	0.25465	0.00865	0.04496	0.01237	0.01420	0.00875	0.01003	0.00748	0.00498	0.00385	0.00122	0.00636	0.00326	0.09450	0.00634
10	0.00872	0.00720	0.00839	0.00679	0.00979	0.00576	0.00528	0.01083	0.01214	0.01732	0.23002	0.02816	0.21045	0.00801	0.00505	0.00125	0.00317	0.00676	0.00424	0.41067
11	0.00773	0.00547	0.00748	0.00742	0.00791	0.00609	0.00528	0.00857	0.00794	0.01114	0.01425	0.02477	0.01467	0.31818	0.43424	0.07343	0.03242	0.00619	0.00287	0.00395
12	0.00973	0.01293	0.23256	0.01083	0.01425	0.00878	0.06472	0.03256	0.08757	0.03547	0.08685	0.12886	0.05597	0.09577	0.07480	0.00268	0.00611	0.02975	0.00375	0.00606
13	0.01945	0.02482	0.01476	0.01342	0.01610	0.79608	0.01006	0.02079	0.01476	0.01275	0.00805	0.00939	0.00671	0.00537	0.00470	0.00134	0.00939	0.00335	0.00268	0.00604
14	0.00634	0.00457	0.00601	0.00716	0.00753	0.00424	0.00479	0.00726	0.01006	0.01333	0.02981	0.77831	0.06900	0.01617	0.00662	0.00210	0.00300	0.01463	0.00483	0.00424
15	0.02233	0.01014	0.01283	0.00988	0.01391	0.00960	0.00815	0.18282	0.03750	0.60713	0.01886	0.01666	0.01212	0.00642	0.00523	0.00161	0.00470	0.00514	0.00615	0.00884
16	0.00740	0.00511	0.00623	0.00650	0.00729	0.00480	0.00442	0.00841	0.01030	0.04124	0.10375	0.30332	0.18462	0.22303	0.05697	0.00309	0.00409	0.01074	0.00443	0.00425
17	0.01045	0.02694	0.79000	0.01484	0.02254	0.01209	0.01924	0.01649	0.01099	0.01649	0.00935	0.01099	0.00660	0.00495	0.00495	0.00165	0.00770	0.00385	0.00220	0.00770
18	0.01288	0.42496	0.19340	0.01164	0.01605	0.04643	0.03884	0.01623	0.05168	0.01392	0.00855	0.01022	0.00723	0.00541	0.00594	0.00147	0.12227	0.00359	0.00243	0.00684
19	0.00889	0.00567	0.00824	0.00795	0.00816	0.00646	0.00576	0.00813	0.00734	0.01024	0.01032	0.01743	0.01026	0.07109	0.19398	0.50015	0.10924	0.00495	0.00244	0.00329
20	0.00649	0.00493	0.00592	0.00655	0.00745	0.00445	0.00462	0.00766	0.01091	0.01398	0.08096	0.42592	0.29976	0.05131	0.00737	0.00211	0.00303	0.04746	0.00481	0.00431
21	0.00780	0.02314	0.00856	0.00825	0.00873	0.00712	0.00605	0.00887	0.00875	0.01219	0.01831	0.29385	0.02048	0.17582	0.24642	0.00454	0.12429	0.00892	0.00348	0.00441
22	0.01225	0.15232	0.12200	0.24882	0.13937	0.05409	0.10739	0.05068	0.01185	0.01542	0.00982	0.03525	0.00804	0.00524	0.00498	0.00157	0.00688	0.00463	0.00259	0.00683
23	0.01611	0.01784	0.01558	0.03777	0.11513	0.39328	0.02294	0.04839	0.05681	0.03847	0.03733	0.01241	0.00928	0.00627	0.00712	0.00160	0.14976	0.00429	0.00306	0.00655
24	0.01178	0.00861	0.01120	0.02561	0.03301	0.00907	0.03863	0.10868	0.12927	0.08489	0.21907	0.05899	0.03623	0.05798	0.02085	0.00210	0.04225	0.09060	0.00486	0.00632
25	0.01360	0.24352	0.01779	0.02753	0.08796	0.12074	0.00929	0.06855	0.01206	0.01558	0.00922	0.03707	0.00821	0.00540	0.00537	0.00128	0.07892	0.00385	0.00286	0.23120
26	0.00952	0.00788	0.03558	0.03871	0.03468	0.00694	0.02742	0.03062	0.01063	0.04499	0.06151	0.22772	0.01959	0.16617	0.02952	0.00240	0.02700	0.00783	0.00378	0.20747
27	0.02559	0.20322	0.11848	0.01335	0.09665	0.02620	0.04366	0.13774	0.09154	0.07045	0.03105	0.03292	0.01039	0.00576	0.00499	0.00148	0.02340	0.00458	0.00358	0.05497

[dist]
# distance from previous block
# <min> <max>
0	9

[block]
# block no. 1 follows, 47 sequences, length 29
# corresponding to MSA columns:
# 343-371
name=unknown_B
#
# <colnr> <probs for GDERKNQSTAVLIFYWHMCP>
#	G	D	E	R	K	N	Q	S	T	A	V	L	I	F	Y	W	H	M	C	P
0	0.01298	0.05134	0.09253	0.06993	0.01644	0.06500	0.05076	0.11188	0.09397	0.03371	0.01143	0.01387	0.00922	0.03248	0.03361	0.00193	0.14285	0.00455	0.04527	0.10625
1	0.00804	0.00632	0.00799	0.06763	0.01061	0.00615	0.02170	0.06108	0.01312	0.01741	0.25960	0.13299	0.29328	0.01212	0.03050	0.00194	0.00364	0.00961	0.03125	0.00502
2	0.00663	0.00465	0.00613	0.00725	0.00762	0.00439	0.00493	0.00763	0.01002	0.01349	0.02773	0.71008	0.03284	0.05018	0.00743	0.00223	0.00319	0.05763	0.03171	0.00424
3	0.00717	0.00499	0.00623	0.00689	0.00725	0.00485	0.00465	0.00793	0.00933	0.01232	0.02407	0.34845	0.04906	0.35225	0.01506	0.00338	0.00413	0.12400	0.00412	0.00387
4	0.00683	0.00500	0.00628	0.00710	0.00773	0.00473	0.00496	0.00816	0.02618	0.01359	0.04508	0.50942	0.13217	0.10927	0.00893	0.00242	0.00340	0.08979	0.00466	0.00428
5	0.00838	0.00496	0.00744	0.00744	0.00782	0.00534	0.00534	0.00782	0.00744	0.01030	0.01107	0.01774	0.01069	0.02675	0.34078	0.50158	0.00842	0.00496	0.00248	0.00325
6	0.01061	0.00920	0.01354	0.40069	0.04767	0.01050	0.03616	0.05797	0.11901	0.03416	0.05207	0.02132	0.12538	0.00799	0.03014	0.00193	0.00584	0.00606	0.00355	0.00622
7	0.01932	0.04595	0.01514	0.01322	0.01603	0.73431	0.01002	0.05955	0.01515	0.01378	0.00826	0.00953	0.00682	0.00539	0.00469	0.00135	0.00910	0.00341	0.00280	0.00620
8	0.02681	0.17557	0.08397	0.13836	0.06615	0.03255	0.04569	0.16087	0.10433	0.04287	0.02481	0.01363	0.00958	0.02447	0.00565	0.00164	0.02782	0.00453	0.00346	0.00724
9	0.01127	0.00966	0.01180	0.06208	0.04719	0.00794	0.00733	0.05088	0.01150	0.01752	0.00944	0.01118	0.00774	0.00410	0.00407	0.00091	0.00426	0.00333	0.00312	0.71467
10	0.01546	0.00900	0.00996	0.00821	0.01095	0.00937	0.00659	0.26413	0.04518	0.15598	0.03092	0.01722	0.01257	0.00632	0.00454	0.00143	0.00393	0.00499	0.37626	0.00699
11	0.00795	0.00547	0.00692	0.00650	0.00793	0.00495	0.00489	0.01016	0.01417	0.05783	0.60846	0.05737	0.16584	0.01098	0.00611	0.00167	0.00260	0.00959	0.00560	0.00501
12	0.00718	0.00532	0.00669	0.00635	0.00766	0.00483	0.00476	0.00945	0.01428	0.01979	0.66463	0.04070	0.16694	0.01105	0.00614	0.00166	0.00249	0.00967	0.00559	0.00483
13	0.00632	0.00525	0.00546	0.00547	0.00707	0.00446	0.00404	0.00768	0.01191	0.01451	0.11512	0.07362	0.66701	0.04052	0.00686	0.00187	0.00272	0.01086	0.00486	0.00439
14	0.85377	0.01007	0.00765	0.00685	0.01007	0.01168	0.00564	0.01531	0.00886	0.02336	0.00725	0.00846	0.00564	0.00483	0.00322	0.00161	0.00403	0.00282	0.00322	0.00564
15	0.01007	0.00949	0.01604	0.74567	0.09285	0.01163	0.01458	0.01351	0.01052	0.01359	0.00930	0.01381	0.00704	0.00516	0.00520	0.00172	0.00688	0.00463	0.00233	0.00597
16	0.01462	0.01652	0.01519	0.01331	0.01445	0.31944	0.01061	0.03335	0.01099	0.01302	0.00771	0.01127	0.00717	0.03009	0.01225	0.00197	0.45548	0.00418	0.00253	0.00583
17	0.01229	0.01405	0.03073	0.02195	0.02722	0.01317	0.76558	0.01668	0.01229	0.01668	0.01054	0.01405	0.00790	0.00439	0.00615	0.00176	0.00878	0.00615	0.00263	0.00702
18	0.01945	0.02482	0.01476	0.01342	0.01610	0.79608	0.01006	0.02079	0.01476	0.01275	0.00805	0.00939	0.00671	0.00537	0.00470	0.00134	0.00939	0.00335	0.00268	0.00604
19	0.01112	0.00900	0.01062	0.00776	0.01214	0.00684	0.00617	0.01335	0.01093	0.04983	0.01071	0.05109	0.00927	0.00459	0.00405	0.00087	0.00384	0.00376	0.00332	0.77074
20	0.00898	0.00455	0.00673	0.00673	0.00673	0.00455	0.00446	0.00682	0.00682	0.00909	0.00938	0.01666	0.00949	0.05430	0.02063	0.81026	0.00455	0.00466	0.00230	0.00230
21	0.01151	0.00949	0.01557	0.04538	0.12870	0.00958	0.16154	0.04681	0.05360	0.08364	0.09371	0.15219	0.05037	0.00956	0.03095	0.00201	0.04342	0.04147	0.00404	0.00644
22	0.01080	0.02644	0.76867	0.01469	0.02229	0.01197	0.01892	0.01674	0.01110	0.03765	0.00965	0.01118	0.00677	0.00499	0.00496	0.00165	0.00761	0.00389	0.00232	0.00773
23	0.01153	0.00676	0.00798	0.00716	0.00904	0.00677	0.00555	0.04782	0.08581	0.13080	0.25092	0.05104	0.04992	0.00825	0.00535	0.00154	0.02176	0.00690	0.27919	0.00593
24	0.01792	0.14101	0.01703	0.03803	0.03249	0.58329	0.02402	0.04308	0.03186	0.01369	0.00849	0.00987	0.00705	0.00526	0.00458	0.00135	0.00843	0.00349	0.00274	0.00633
25	0.00767	0.00530	0.00679	0.00708	0.00799	0.00493	0.00497	0.02639	0.01181	0.04072	0.24746	0.45485	0.06248	0.05782	0.00743	0.00206	0.00308	0.01189	0.00502	0.02425
26	0.07469	0.03811	0.03676	0.14032	0.09011	0.11441	0.05778	0.08641	0.03721	0.07187	0.01114	0.04078	0.00899	0.00578	0.00534	0.01414	0.02435	0.00456	0.00333	0.13390
27	0.01217	0.03431	0.02897	0.07372	0.18657	0.02098	0.02315	0.01466	0.03521	0.15383	0.03842	0.22451	0.03008	0.04490	0.03585	0.00212	0.00516	0.00775	0.02119	0.00644
28	0.00894	0.00559	0.00725	0.00779	0.00885	0.00535	0.00576	0.01104	0.04969	0.09260	0.05037	0.49076	0.04216	0.01371	0.00632	0.00202	0.00344	0.12748	0.05584	0.00505

[dist]
# distance from previous block
# <min> <max>
3	21

[block]
# block no. 2 follows, 47 sequences, length 47
# corresponding to MSA columns:
# 396-442
name=unknown_C
#
# <colnr> <probs for GDERKNQSTAVLIFYWHMCP>
#	G	D	E	R	K	N	Q	S	T	A	V	L	I	F	Y	W	H	M	C	P
0	0.39473	0.07598	0.06410	0.01052	0.04184	0.15676	0.03570	0.03704	0.01126	0.05171	0.00940	0.04229	0.00779	0.00542	0.00410	0.00152	0.00565	0.00382	0.00319	0.03720
1	0.00767	0.00581	0.00648	0.00613	0.00790	0.00514	0.00459	0.00985	0.04601	0.04690	0.22349	0.06013	0.46280	0.04531	0.00685	0.00183	0.00288	0.00981	0.00500	0.03539
2	0.01270	0.07916	0.09456	0.04826	0.13883	0.06577	0.04524	0.08012	0.02376	0.04277	0.02269	0.06146	0.01086	0.05793	0.00655	0.00167	0.02708	0.00501	0.01448	0.16109
3	0.00654	0.00478	0.00614	0.00712	0.00769	0.00443	0.00495	0.00763	0.01041	0.01365	0.04860	0.61313	0.13144	0.03971	0.00721	0.00217	0.00316	0.07216	0.00480	0.00428
4	0.01503	0.00712	0.00930	0.00785	0.01040	0.00641	0.00619	0.03801	0.01442	0.37089	0.28686	0.08495	0.05810	0.00888	0.00561	0.00164	0.00350	0.00759	0.05050	0.00675
5	0.00983	0.00926	0.01562	0.80447	0.03587	0.01157	0.01446	0.01331	0.01041	0.01331	0.00926	0.01388	0.00694	0.00521	0.00521	0.00174	0.00694	0.00463	0.00231	0.00579
6	0.00983	0.00926	0.01562	0.80447	0.03587	0.01157	0.01446	0.01331	0.01041	0.01331	0.00926	0.01388	0.00694	0.00521	0.00521	0.00174	0.00694	0.00463	0.00231	0.00579
7	0.01239	0.01279	0.01533	0.41101	0.11383	0.17235	0.01250	0.03673	0.01149	0.01389	0.00955	0.01420	0.00803	0.06876	0.00761	0.00193	0.06447	0.00459	0.00257	0.00600
8	0.01980	0.01459	0.01563	0.01198	0.01615	0.01615	0.00990	0.76713	0.02448	0.03282	0.01250	0.01250	0.00886	0.00625	0.00521	0.00156	0.00573	0.00469	0.00521	0.00886
9	0.85377	0.01007	0.00765	0.00685	0.01007	0.01168	0.00564	0.01531	0.00886	0.02336	0.00725	0.00846	0.00564	0.00483	0.00322	0.00161	0.00403	0.00282	0.00322	0.00564
10	0.85377	0.01007	0.00765	0.00685	0.01007	0.01168	0.00564	0.01531	0.00886	0.02336	0.00725	0.00846	0.00564	0.00483	0.00322	0.00161	0.00403	0.00282	0.00322	0.00564
11	0.85377	0.01007	0.00765	0.00685	0.01007	0.01168	0.00564	0.01531	0.00886	0.02336	0.00725	0.00846	0.00564	0.00483	0.00322	0.00161	0.00403	0.00282	0.00322	0.00564
12	0.01628	0.01044	0.01187	0.01017	0.01346	0.01126	0.00805	0.02694	0.53239	0.26644	0.02099	0.01889	0.01494	0.00687	0.00528	0.00172	0.00422	0.00568	0.00566	0.00844
13	0.00737	0.00532	0.00696	0.00655	0.00778	0.00491	0.00491	0.00983	0.01474	0.02088	0.78175	0.03890	0.04914	0.01065	0.00614	0.00164	0.00246	0.00942	0.00573	0.00491
14	0.00742	0.00538	0.00748	0.00750	0.00819	0.00593	0.00547	0.00880	0.00866	0.01222	0.06750	0.05833	0.01790	0.23700	0.51083	0.00679	0.01041	0.00674	0.00317	0.00426
15	0.01142	0.01147	0.01636	0.01390	0.01405	0.01587	0.03250	0.01265	0.00810	0.01265	0.00694	0.01147	0.00687	0.00898	0.01678	0.00226	0.78510	0.00460	0.00229	0.00573
16	0.01392	0.82012	0.02729	0.00891	0.01337	0.02061	0.00891	0.01559	0.01058	0.01225	0.00724	0.00835	0.00668	0.00446	0.00334	0.00111	0.00557	0.00278	0.00223	0.00668
17	0.02265	0.00941	0.11100	0.03495	0.01194	0.03188	0.00817	0.01173	0.06075	0.03351	0.02205	0.41395	0.02411	0.02760	0.02676	0.00220	0.03354	0.09215	0.00418	0.01747
18	0.85377	0.01007	0.00765	0.00685	0.01007	0.01168	0.00564	0.01531	0.00886	0.02336	0.00725	0.00846	0.00564	0.00483	0.00322	0.00161	0.00403	0.00282	0.00322	0.00564
19	0.01945	0.02482	0.01476	0.01342	0.01610	0.79608	0.01006	0.02079	0.01476	0.01275	0.00805	0.00939	0.00671	0.00537	0.00470	0.00134	0.00939	0.00335	0.00268	0.00604
20	0.00732	0.00556	0.00683	0.00718	0.00822	0.00536	0.00516	0.01014	0.08838	0.01643	0.24151	0.39406	0.13958	0.01333	0.00632	0.00190	0.00296	0.02977	0.00513	0.00486
21	0.01945	0.02482	0.01476	0.01342	0.01610	0.79608	0.01006	0.02079	0.01476	0.01275	0.00805	0.00939	0.00671	0.00537	0.00470	0.00134	0.00939	0.00335	0.00268	0.00604
22	0.00752	0.00505	0.00649	0.00677	0.00743	0.00514	0.00477	0.00854	0.00930	0.01308	0.04179	0.20149	0.08830	0.17255	0.21590	0.07052	0.00627	0.02197	0.10301	0.00410
23	0.01649	0.01274	0.01355	0.01110	0.01462	0.01433	0.00894	0.42465	0.33874	0.02762	0.01634	0.01570	0.01200	0.00658	0.00518	0.00163	0.00491	0.00520	0.04125	0.00843
24	0.00726	0.00514	0.00614	0.00613	0.00671	0.00499	0.00401	0.00817	0.00991	0.01334	0.19168	0.08966	0.11843	0.42831	0.07484	0.00394	0.00470	0.00875	0.00402	0.00388
25	0.00742	0.00562	0.00658	0.00669	0.00736	0.00567	0.00456	0.00866	0.03857	0.01250	0.02767	0.19019	0.20777	0.34422	0.03507	0.00339	0.04675	0.03323	0.00397	0.00409
26	0.01388	0.01063	0.01125	0.00990	0.01268	0.03425	0.00780	0.14673	0.40148	0.07349	0.04305	0.04321	0.03392	0.02289	0.00572	0.00177	0.00437	0.04590	0.06958	0.00748
27	0.01430	0.04501	0.03598	0.00993	0.01405	0.05448	0.00826	0.19782	0.12658	0.04629	0.01196	0.01255	0.00921	0.00526	0.00482	0.00124	0.02447	0.00401	0.00393	0.36986
28	0.01081	0.00995	0.01585	0.48492	0.17723	0.01156	0.01342	0.03282	0.05805	0.01513	0.01067	0.01498	0.00853	0.00694	0.03975	0.00198	0.02941	0.01929	0.00272	0.03598
29	0.04875	0.07028	0.12726	0.01502	0.14782	0.04383	0.04396	0.12852	0.08031	0.17956	0.01398	0.03653	0.01069	0.00608	0.00508	0.00161	0.00579	0.02304	0.00407	0.00784
30	0.01148	0.09478	0.11547	0.15803	0.13584	0.03698	0.05084	0.01616	0.11849	0.02837	0.03989	0.06964	0.01255	0.02587	0.02595	0.00191	0.03190	0.01592	0.00320	0.00672
31	0.00778	0.00576	0.00770	0.00754	0.00799	0.00653	0.00535	0.00876	0.00798	0.01123	0.01454	0.02593	0.01523	0.38641	0.39471	0.00644	0.06674	0.00640	0.00292	0.00405
32	0.01502	0.29883	0.08107	0.03226	0.01538	0.25421	0.01004	0.04882	0.11122	0.01506	0.01036	0.02467	0.00863	0.00556	0.00465	0.00139	0.02541	0.00388	0.02682	0.00672
33	0.01012	0.00948	0.01536	0.71612	0.03338	0.01185	0.01390	0.01429	0.06463	0.01388	0.01001	0.01418	0.00757	0.00550	0.00569	0.00176	0.03910	0.00471	0.00252	0.00596
34	0.01301	0.11040	0.01897	0.09190	0.29074	0.07206	0.06050	0.05885	0.04308	0.01639	0.01136	0.01651	0.01001	0.00610	0.00602	0.00163	0.06602	0.07256	0.00298	0.03092
35	0.05690	0.01246	0.10487	0.19796	0.22116	0.03100	0.03278	0.04863	0.02895	0.06103	0.01106	0.01458	0.00891	0.04235	0.08144	0.00243	0.02896	0.00473	0.00295	0.00683
36	0.07330	0.01906	0.01378	0.01233	0.01437	0.48831	0.00946	0.03621	0.03560	0.01399	0.00888	0.01192	0.00789	0.06590	0.00868	0.00184	0.16585	0.00397	0.00281	0.00587
37	0.01325	0.00702	0.00868	0.00823	0.01005	0.03857	0.00610	0.01464	0.01218	0.30126	0.05208	0.45645	0.02581	0.01199	0.00602	0.00188	0.00379	0.01058	0.00538	0.00605
38	0.01280	0.05771	0.30213	0.04742	0.18338	0.11975	0.07653	0.04062	0.02499	0.01612	0.00955	0.01183	0.00747	0.00592	0.02350	0.00175	0.04440	0.00425	0.00255	0.00730
39	0.00771	0.02738	0.00752	0.00776	0.00865	0.02753	0.00586	0.00902	0.01075	0.01392	0.07046	0.34638	0.09766	0.07536	0.03375	0.03315	0.00422	0.20404	0.00446	0.00441
40	0.00673	0.00525	0.00611	0.00607	0.00747	0.00464	0.00453	0.00851	0.01291	0.01686	0.35107	0.10667	0.40170	0.01242	0.00621	0.00175	0.00265	0.02866	0.00520	0.00461
41	0.01182	0.00774	0.00928	0.00846	0.02373	0.00776	0.00645	0.07272	0.15658	0.13562	0.30975	0.05364	0.10130	0.00921	0.00569	0.00168	0.00347	0.02585	0.04285	0.00641
42	0.01251	0.06954	0.09098	0.37653	0.13492	0.08676	0.04992	0.04672	0.03225	0.03688	0.00992	0.01287	0.00758	0.00515	0.00505	0.00161	0.00694	0.00443	0.00270	0.00674
43	0.04582	0.00916	0.01190	0.00934	0.01296	0.00854	0.00762	0.07437	0.04224	0.61761	0.01874	0.01732	0.01236	0.02620	0.00659	0.03705	0.02288	0.00516	0.00588	0.00826
44	0.00653	0.00471	0.00615	0.00710	0.00760	0.00438	0.00486	0.00764	0.01056	0.01410	0.10719	0.65408	0.07470	0.03452	0.00706	0.00212	0.00304	0.03448	0.00489	0.00430
45	0.01308	0.01346	0.01650	0.19654	0.19496	0.17235	0.05479	0.06102	0.01213	0.01515	0.01045	0.04670	0.00925	0.04556	0.03219	0.00204	0.08958	0.00504	0.00280	0.00642
46	0.09118	0.04267	0.12517	0.18562	0.03476	0.03137	0.07399	0.15553	0.03184	0.13686	0.01191	0.01329	0.00851	0.00548	0.00495	0.00161	0.00614	0.00452	0.02731	0.00729

[dist]
# distance from previous block
# <min> <max>
1	15

[block]
# block no. 3 follows, 47 sequences, length 15
# corresponding to MSA columns:
# 459-461,464-475
name=unknown_D
#
# <colnr> <probs for GDERKNQSTAVLIFYWHMCP>
#	G	D	E	R	K	N	Q	S	T	A	V	L	I	F	Y	W	H	M	C	P
0	0.17738	0.09417	0.05157	0.05949	0.08771	0.07860	0.07863	0.06140	0.01238	0.06873	0.07061	0.01697	0.07322	0.02356	0.00523	0.00162	0.00555	0.00502	0.00350	0.02463
1	0.00782	0.04470	0.02415	0.00719	0.00877	0.00636	0.00546	0.01068	0.09042	0.01568	0.16062	0.29508	0.21215	0.04750	0.00688	0.00193	0.00328	0.01049	0.00472	0.03612
2	0.11458	0.23791	0.03351	0.08930	0.20795	0.11958	0.01106	0.01649	0.04321	0.01563	0.00888	0.01084	0.00741	0.00493	0.00456	0.00142	0.02323	0.00370	0.00267	0.04314
3	0.01191	0.00694	0.00855	0.00771	0.00976	0.00663	0.00591	0.06116	0.06963	0.19114	0.24986	0.18069	0.11073	0.01033	0.00581	0.00172	0.00335	0.00893	0.04316	0.00610
4	0.04959	0.05486	0.20562	0.06491	0.04824	0.01179	0.08425	0.08469	0.08010	0.04281	0.08811	0.01673	0.01310	0.00841	0.05228	0.01777	0.04746	0.01898	0.00344	0.00687
5	0.00938	0.00638	0.00781	0.00698	0.00904	0.00566	0.00532	0.01197	0.04667	0.09611	0.37107	0.09889	0.17350	0.01011	0.00576	0.00159	0.00300	0.00874	0.00519	0.11684
6	0.04849	0.02070	0.01413	0.01253	0.01547	0.53619	0.00959	0.12174	0.13926	0.01729	0.01075	0.01140	0.00845	0.00574	0.00481	0.00145	0.00785	0.00392	0.00347	0.00676
7	0.04993	0.18093	0.19907	0.03211	0.12482	0.01334	0.09473	0.04121	0.01163	0.07147	0.01040	0.03091	0.00834	0.00530	0.00521	0.00151	0.04040	0.00436	0.01716	0.05719
8	0.01006	0.00948	0.01602	0.74790	0.09068	0.01163	0.01457	0.01350	0.01052	0.01358	0.00930	0.01381	0.00704	0.00517	0.00520	0.00172	0.00689	0.00463	0.00233	0.00597
9	0.07353	0.21808	0.09982	0.01095	0.01371	0.12689	0.02738	0.01451	0.01013	0.01365	0.00909	0.01323	0.00845	0.09649	0.04764	0.00230	0.18473	0.00416	0.01937	0.00589
10	0.01392	0.82012	0.02729	0.00891	0.01337	0.02061	0.00891	0.01559	0.01058	0.01225	0.00724	0.00835	0.00668	0.00446	0.00334	0.00111	0.00557	0.00278	0.00223	0.00668
11	0.00636	0.00514	0.00568	0.00600	0.00737	0.00446	0.00441	0.00769	0.01157	0.01427	0.07863	0.22599	0.54109	0.01385	0.00632	0.00187	0.00282	0.04723	0.00487	0.00440
12	0.00733	0.00621	0.04403	0.00702	0.00834	0.00516	0.00545	0.00944	0.03138	0.01684	0.32523	0.27469	0.14629	0.01249	0.00667	0.03484	0.00303	0.01056	0.04026	0.00474
13	0.00767	0.00560	0.00723	0.00742	0.00848	0.00533	0.02680	0.04186	0.01164	0.01577	0.11873	0.40010	0.14205	0.04762	0.00709	0.00205	0.00335	0.06535	0.07122	0.00466
14	0.05032	0.24140	0.13174	0.12945	0.05968	0.14390	0.04123	0.04322	0.01183	0.03267	0.00916	0.02730	0.00760	0.00539	0.00511	0.00149	0.04520	0.00399	0.00265	0.00667

[dist]
# distance from previous block
# <min> <max>
2	29

[block]
# block no. 4 follows, 47 sequences, length 24
# corresponding to MSA columns:
# 522-545
name=unknown_E
#
# <colnr> <probs for GDERKNQSTAVLIFYWHMCP>
#	G	D	E	R	K	N	Q	S	T	A	V	L	I	F	Y	W	H	M	C	P
0	0.01305	0.01228	0.02013	0.02957	0.69271	0.01221	0.01511	0.01571	0.01223	0.01736	0.01396	0.01691	0.07151	0.00597	0.00588	0.00173	0.02703	0.00540	0.00302	0.00824
1	0.00816	0.00555	0.00648	0.00612	0.00780	0.00487	0.00463	0.01001	0.01315	0.07946	0.33006	0.05819	0.39095	0.01145	0.00599	0.00169	0.00271	0.00976	0.03800	0.00497
2	0.01924	0.01431	0.01532	0.01187	0.01594	0.01589	0.00976	0.70736	0.08516	0.03193	0.01321	0.01306	0.00943	0.00632	0.00522	0.00158	0.00560	0.00479	0.00522	0.00881
3	0.78554	0.00965	0.00743	0.00669	0.00975	0.01113	0.00548	0.01505	0.00903	0.02305	0.00804	0.00935	0.00626	0.00493	0.00326	0.00158	0.00390	0.00298	0.07134	0.00558
4	0.01644	0.01292	0.01374	0.01130	0.01487	0.01458	0.00909	0.40436	0.39272	0.02741	0.01677	0.01590	0.01231	0.00665	0.00525	0.00166	0.00494	0.00528	0.00525	0.00856
5	0.02322	0.00910	0.01223	0.00938	0.01341	0.00800	0.00775	0.05573	0.01530	0.75720	0.02022	0.01751	0.01273	0.00644	0.00524	0.00161	0.00448	0.00521	0.00639	0.00886
6	0.01601	0.00859	0.01103	0.00922	0.01191	0.00875	0.00736	0.16608	0.01402	0.31354	0.01638	0.01890	0.01261	0.08111	0.27526	0.00416	0.00797	0.00543	0.00470	0.00698
7	0.01228	0.01175	0.02003	0.18678	0.63446	0.01221	0.01568	0.01545	0.01157	0.01627	0.00969	0.01309	0.00799	0.00475	0.00517	0.00158	0.00634	0.00464	0.00252	0.00776
8	0.00640	0.00483	0.00592	0.00660	0.00743	0.00435	0.00459	0.00760	0.01104	0.01434	0.11741	0.50741	0.25364	0.01479	0.00645	0.00196	0.00285	0.01311	0.00493	0.00435
9	0.43598	0.00956	0.00897	0.00792	0.01083	0.01065	0.00634	0.04735	0.17510	0.07053	0.13352	0.01731	0.03377	0.00658	0.00440	0.00165	0.00386	0.00493	0.00438	0.00638
10	0.06362	0.01187	0.01643	0.45731	0.14254	0.10300	0.05215	0.03032	0.01137	0.01498	0.00961	0.03132	0.00775	0.00543	0.00532	0.00167	0.02176	0.00468	0.00259	0.00627
11	0.11134	0.08219	0.02852	0.03237	0.07228	0.09278	0.08417	0.03787	0.08086	0.02891	0.03375	0.08597	0.01234	0.04837	0.02212	0.00186	0.03934	0.00544	0.00338	0.09614
12	0.01307	0.01206	0.01463	0.27748	0.08312	0.12744	0.04029	0.07199	0.08644	0.06288	0.07485	0.01794	0.05951	0.00652	0.00564	0.00165	0.02892	0.00543	0.00358	0.00656
13	0.05367	0.00995	0.01234	0.00962	0.01350	0.00954	0.00790	0.15519	0.06009	0.56230	0.01857	0.01659	0.01209	0.00638	0.00512	0.00160	0.00458	0.00508	0.02731	0.00860
14	0.00720	0.00536	0.00787	0.00813	0.00893	0.00602	0.00615	0.00886	0.00871	0.01235	0.01711	0.19047	0.01761	0.03418	0.62706	0.00703	0.01161	0.00756	0.00323	0.00456
15	0.01139	0.01139	0.01595	0.01367	0.01367	0.01595	0.01139	0.01253	0.00798	0.01253	0.00684	0.01139	0.00684	0.00911	0.01709	0.00228	0.80745	0.00456	0.00228	0.00570
16	0.01139	0.01139	0.01595	0.01367	0.01367	0.01595	0.01139	0.01253	0.00798	0.01253	0.00684	0.01139	0.00684	0.00911	0.01709	0.00228	0.80745	0.00456	0.00228	0.00570
17	0.32171	0.00698	0.00640	0.00604	0.00794	0.00750	0.00459	0.01316	0.00993	0.05666	0.01420	0.06445	0.01235	0.09415	0.00622	0.00185	0.00344	0.00501	0.35230	0.00512
18	0.01295	0.01119	0.01178	0.01060	0.01354	0.01295	0.00824	0.02767	0.77509	0.02178	0.02120	0.01943	0.01590	0.00707	0.00530	0.00177	0.00412	0.00589	0.00530	0.00824
19	0.00752	0.00509	0.00647	0.00734	0.00810	0.00493	0.00542	0.00938	0.02970	0.01524	0.04895	0.46452	0.04881	0.01372	0.00619	0.00199	0.00328	0.16205	0.14672	0.00457
20	0.00634	0.00453	0.00604	0.00725	0.00755	0.00423	0.00483	0.00725	0.00997	0.01329	0.02870	0.81358	0.03444	0.01632	0.00665	0.00211	0.00302	0.01480	0.00483	0.00423
21	0.00784	0.00539	0.00662	0.00663	0.00774	0.00522	0.00490	0.00960	0.01189	0.03616	0.25316	0.22565	0.17661	0.01266	0.03554	0.00198	0.03604	0.00985	0.14177	0.00476
22	0.04985	0.16974	0.01748	0.05650	0.04422	0.19586	0.01007	0.31948	0.03074	0.02149	0.00999	0.01102	0.00776	0.00563	0.00499	0.00146	0.02874	0.00396	0.00365	0.00738
23	0.01605	0.01018	0.01178	0.00971	0.01285	0.01066	0.00778	0.22534	0.20751	0.21072	0.19621	0.02167	0.02100	0.00753	0.00546	0.00164	0.00425	0.00623	0.00565	0.00778

[dist]
# distance from previous block
# <min> <max>
0	1

[block]
# block no. 5 follows, 47 sequences, length 13
# corresponding to MSA columns:
# 547-559
name=unknown_F
#
# <colnr> <probs for GDERKNQSTAVLIFYWHMCP>
#	G	D	E	R	K	N	Q	S	T	A	V	L	I	F	Y	W	H	M	C	P
0	0.01603	0.33942	0.01965	0.04387	0.03629	0.35092	0.00974	0.05495	0.01297	0.01365	0.00837	0.01002	0.00721	0.00689	0.04816	0.00167	0.00775	0.00340	0.00262	0.00641
1	0.02570	0.00792	0.01121	0.05377	0.19181	0.00800	0.00866	0.05532	0.04486	0.02926	0.10429	0.26248	0.09189	0.01062	0.00595	0.00184	0.00426	0.07193	0.00431	0.00592
2	0.06799	0.08255	0.04424	0.03609	0.06362	0.05824	0.03861	0.10315	0.09691	0.10750	0.04608	0.07076	0.03436	0.02417	0.00611	0.00167	0.04919	0.00556	0.00400	0.05921
3	0.02894	0.05818	0.06160	0.06674	0.07997	0.15631	0.05863	0.03919	0.02873	0.10255	0.08845	0.05529	0.04962	0.02251	0.00611	0.00169	0.03738	0.02910	0.02257	0.00645
4	0.00640	0.00471	0.00594	0.00683	0.00740	0.00432	0.00463	0.00740	0.01039	0.01360	0.06238	0.62457	0.15983	0.04642	0.00731	0.00215	0.00301	0.01367	0.00481	0.00424
5	0.22301	0.06961	0.01395	0.03787	0.07040	0.03679	0.00898	0.23201	0.04004	0.02188	0.01011	0.01206	0.00813	0.02223	0.05002	0.00202	0.08585	0.00410	0.00358	0.04738
6	0.08649	0.11046	0.04972	0.07399	0.16262	0.01272	0.04152	0.13650	0.04623	0.06250	0.01283	0.09082	0.01124	0.00662	0.00542	0.00162	0.03578	0.02011	0.00358	0.02923
7	0.01161	0.00761	0.00938	0.00859	0.01046	0.00783	0.00662	0.16615	0.03050	0.10456	0.12761	0.21306	0.04771	0.05056	0.13076	0.00298	0.00556	0.04769	0.00483	0.00593
8	0.00647	0.00462	0.00619	0.00740	0.00775	0.00434	0.00505	0.00747	0.01010	0.01344	0.02863	0.76673	0.03417	0.01620	0.00668	0.00213	0.00313	0.06041	0.00483	0.00426
9	0.01215	0.03698	0.10058	0.19665	0.16228	0.04408	0.10094	0.03853	0.03684	0.03593	0.04572	0.01407	0.00969	0.00597	0.00717	0.00174	0.13613	0.00489	0.00285	0.00682
10	0.03419	0.01321	0.03677	0.05897	0.18418	0.05407	0.01074	0.31002	0.01670	0.02305	0.03974	0.01303	0.00967	0.00543	0.00489	0.00141	0.00562	0.00441	0.00382	0.17006
11	0.03508	0.16096	0.09329	0.03199	0.05334	0.07356	0.03200	0.10037	0.03800	0.01774	0.00958	0.01096	0.00769	0.00468	0.00429	0.00120	0.00555	0.00360	0.00307	0.31304
12	0.04364	0.08502	0.08921	0.03670	0.10573	0.02466	0.03786	0.02920	0.05503	0.08143	0.01530	0.07151	0.03527	0.07436	0.08988	0.01381	0.00624	0.03491	0.02011	0.05012

[dist]
# distance from previous block
# <min> <max>
2	44

[block]
# block no. 6 follows, 47 sequences, length 12
# corresponding to MSA columns:
# 605-616
name=unknown_G
#
# <colnr> <probs for GDERKNQSTAVLIFYWHMCP>
#	G	D	E	R	K	N	Q	S	T	A	V	L	I	F	Y	W	H	M	C	P
0	0.00847	0.06287	0.00808	0.00695	0.00863	0.00604	0.00547	0.00988	0.01155	0.07004	0.06660	0.17902	0.36033	0.01345	0.02424	0.03054	0.00366	0.11466	0.00467	0.00486
1	0.01195	0.04843	0.11304	0.05025	0.21871	0.01185	0.05043	0.09012	0.12480	0.01839	0.06180	0.06593	0.05158	0.01954	0.00615	0.00173	0.03850	0.00599	0.00360	0.00718
2	0.04129	0.01224	0.01351	0.01219	0.06839	0.03742	0.00910	0.27062	0.29599	0.12189	0.05016	0.01668	0.01352	0.00658	0.00521	0.00164	0.00493	0.00531	0.00510	0.00823
3	0.01379	0.01428	0.01563	0.23813	0.19531	0.22164	0.01223	0.07363	0.04960	0.01607	0.01252	0.01690	0.03358	0.00618	0.00523	0.00162	0.00691	0.05700	0.00309	0.00665
4	0.33874	0.00985	0.01073	0.00860	0.01233	0.00997	0.00710	0.09009	0.01349	0.42757	0.01475	0.01372	0.00976	0.00581	0.00447	0.00161	0.00440	0.00427	0.00511	0.00764
5	0.01114	0.00893	0.00982	0.00891	0.01132	0.00973	0.00689	0.02074	0.46572	0.04904	0.22295	0.02778	0.10778	0.00864	0.00561	0.00173	0.00354	0.00734	0.00540	0.00698
6	0.04568	0.06236	0.10447	0.08934	0.05384	0.02779	0.04553	0.03789	0.02615	0.20487	0.02722	0.01357	0.00960	0.00535	0.00514	0.00143	0.03243	0.00431	0.00375	0.19928
7	0.01980	0.01459	0.01563	0.01198	0.01615	0.01615	0.00990	0.76713	0.02448	0.03282	0.01250	0.01250	0.00886	0.00625	0.00521	0.00156	0.00573	0.00469	0.00521	0.00886
8	0.00764	0.00579	0.00716	0.00681	0.00821	0.00555	0.00512	0.01090	0.07725	0.01948	0.56859	0.06057	0.14376	0.01194	0.03634	0.00194	0.00308	0.00935	0.00544	0.00509
9	0.01155	0.01050	0.01613	0.29241	0.17002	0.01075	0.06731	0.07822	0.01219	0.01691	0.01149	0.01426	0.03905	0.00510	0.00496	0.00144	0.00586	0.00461	0.00294	0.22431
10	0.02045	0.01353	0.01498	0.01148	0.01562	0.01458	0.00948	0.63049	0.02272	0.17195	0.01398	0.01346	0.00960	0.00629	0.00521	0.00157	0.00549	0.00479	0.00544	0.00886
11	0.01244	0.01214	0.07944	0.04833	0.12547	0.04122	0.05248	0.05194	0.03591	0.06093	0.01157	0.05507	0.00967	0.00524	0.00470	0.00127	0.00524	0.00454	0.00332	0.37908

[dist]
# distance from previous block
# <min> <max>
0	1

[block]
# block no. 7 follows, 47 sequences, length 6
# corresponding to MSA columns:
# 618-623
name=unknown_H
#
# <colnr> <probs for GDERKNQSTAVLIFYWHMCP>
#	G	D	E	R	K	N	Q	S	T	A	V	L	I	F	Y	W	H	M	C	P
0	0.00766	0.00588	0.00708	0.00668	0.00819	0.00559	0.00504	0.01108	0.08796	0.01957	0.55820	0.03931	0.19651	0.01082	0.00606	0.00168	0.00266	0.00940	0.00551	0.00513
1	0.16605	0.00956	0.01230	0.10175	0.17349	0.01022	0.00935	0.06723	0.09276	0.08358	0.01703	0.10744	0.05620	0.00748	0.00509	0.00171	0.00474	0.03483	0.03253	0.00667
2	0.01739	0.02109	0.01338	0.01225	0.01466	0.63033	0.00917	0.01964	0.06438	0.01346	0.01000	0.01220	0.00850	0.04263	0.05357	0.00195	0.00885	0.00390	0.03673	0.00593
3	0.00698	0.00522	0.00653	0.00714	0.00795	0.00498	0.00499	0.00918	0.06350	0.01544	0.17817	0.52760	0.11432	0.01424	0.00640	0.00196	0.00295	0.01274	0.00504	0.00466
4	0.06937	0.03490	0.04877	0.04210	0.16936	0.10834	0.03528	0.09078	0.02698	0.06420	0.04588	0.09597	0.03441	0.04752	0.00662	0.02615	0.00560	0.00592	0.03535	0.00650
5	0.03130	0.14798	0.13833	0.01163	0.01526	0.02693	0.11364	0.06978	0.06814	0.01732	0.10730	0.09463	0.04828	0.00840	0.02490	0.00183	0.03776	0.02653	0.00362	0.00644

[dist]
# distance from previous block
# <min> <max>
1	11

[block]
# block no. 8 follows, 47 sequences, length 17
# corresponding to MSA columns:
# 635-643,645-652
name=unknown_I
#
# <colnr> <probs for GDERKNQSTAVLIFYWHMCP>
#	G	D	E	R	K	N	Q	S	T	A	V	L	I	F	Y	W	H	M	C	P
0	0.01075	0.00836	0.00903	0.00824	0.01004	0.06336	0.00642	0.04569	0.07966	0.05008	0.21102	0.04296	0.06002	0.04224	0.03862	0.00203	0.05387	0.06741	0.13097	0.05922
1	0.05182	0.20750	0.28457	0.01400	0.09914	0.03445	0.03838	0.06278	0.02639	0.06185	0.00987	0.01136	0.00761	0.00551	0.00520	0.03665	0.00633	0.00388	0.00284	0.02988
2	0.01347	0.09570	0.09431	0.09122	0.10160	0.05961	0.08175	0.04161	0.04629	0.12280	0.05339	0.03689	0.02637	0.02825	0.00605	0.00171	0.02449	0.04133	0.00362	0.02954
3	0.00744	0.00532	0.00639	0.00653	0.00723	0.00509	0.00438	0.03462	0.01098	0.01474	0.19930	0.26944	0.11019	0.27967	0.01301	0.00292	0.00362	0.01042	0.00450	0.00421
4	0.06225	0.00866	0.05346	0.01028	0.03907	0.00761	0.09855	0.03269	0.04092	0.04972	0.10505	0.14648	0.19044	0.01020	0.00586	0.00181	0.00435	0.09034	0.03660	0.00565
5	0.06802	0.16604	0.05735	0.02858	0.16075	0.09408	0.09135	0.08671	0.03688	0.11547	0.01166	0.04031	0.00929	0.00555	0.00481	0.00152	0.00619	0.00464	0.00344	0.00736
6	0.03509	0.00933	0.01131	0.03053	0.01298	0.03970	0.00754	0.08707	0.04990	0.44601	0.11133	0.05462	0.01808	0.03481	0.00611	0.00177	0.00452	0.02606	0.00565	0.00760
7	0.00703	0.00520	0.00628	0.00631	0.00751	0.00472	0.00466	0.00886	0.01273	0.01723	0.37983	0.15019	0.24934	0.04207	0.00691	0.00188	0.00278	0.04109	0.04078	0.00460
8	0.13438	0.00843	0.01030	0.03545	0.01217	0.00855	0.02725	0.06999	0.07712	0.21385	0.19646	0.03937	0.06604	0.00937	0.03820	0.00196	0.00446	0.03500	0.00505	0.00660
9	0.05373	0.08810	0.23479	0.06536	0.06199	0.01211	0.07677	0.06567	0.02612	0.09733	0.01101	0.01318	0.00843	0.00877	0.07097	0.04327	0.04792	0.00444	0.00308	0.00695
10	0.01210	0.04603	0.38985	0.03593	0.06816	0.03135	0.09664	0.04258	0.01174	0.07204	0.03160	0.01405	0.00933	0.03929	0.04192	0.00209	0.04061	0.00466	0.00286	0.00718
11	0.00751	0.00528	0.00686	0.00686	0.00726	0.00569	0.00462	0.00833	0.00792	0.01097	0.01533	0.02812	0.01634	0.47647	0.36347	0.00650	0.00894	0.00670	0.00300	0.00381
12	0.02679	0.00973	0.02949	0.11712	0.09622	0.02964	0.04194	0.02949	0.05878	0.22908	0.03770	0.12099	0.01552	0.00924	0.03788	0.00205	0.04863	0.04854	0.00432	0.00686
13	0.01271	0.01257	0.10104	0.22103	0.11959	0.04395	0.04915	0.08272	0.06139	0.08228	0.01446	0.03732	0.04119	0.00774	0.03509	0.00196	0.02871	0.03677	0.00345	0.00689
14	0.01161	0.04617	0.07484	0.03196	0.04647	0.04649	0.11999	0.05012	0.16848	0.01740	0.04451	0.07758	0.01584	0.00866	0.02159	0.00195	0.07768	0.10395	0.02815	0.00657
15	0.00958	0.05643	0.01137	0.00969	0.03327	0.00913	0.02803	0.05402	0.00973	0.01381	0.02591	0.02015	0.01284	0.17492	0.34109	0.00509	0.10941	0.00553	0.02299	0.04702
16	0.09033	0.07681	0.05835	0.02330	0.06633	0.10041	0.07491	0.09964	0.02587	0.15445	0.03110	0.04237	0.03181	0.00629	0.00566	0.00157	0.05488	0.00497	0.00384	0.04711

[dist]
# distance from previous block
# <min> <max>
10	38

[block]
# block no. 9 follows, 47 sequences, length 30
# corresponding to MSA columns:
# 699-728
name=unknown_J
#
# <colnr> <probs for GDERKNQSTAVLIFYWHMCP>
#	G	D	E	R	K	N	Q	S	T	A	V	L	I	F	Y	W	H	M	C	P
0	0.00991	0.04950	0.02296	0.02889	0.00979	0.09640	0.00594	0.04471	0.01074	0.01359	0.08988	0.08655	0.05530	0.30946	0.04639	0.05101	0.00548	0.03539	0.00356	0.02454
1	0.01166	0.12839	0.05546	0.01002	0.04832	0.01002	0.02782	0.01467	0.05219	0.03519	0.01005	0.01172	0.00829	0.00584	0.02936	0.02373	0.01765	0.00358	0.00304	0.49300
2	0.41536	0.07439	0.13859	0.01027	0.05380	0.02837	0.00913	0.03294	0.01044	0.05046	0.02229	0.01067	0.00753	0.00590	0.02350	0.00169	0.02724	0.00348	0.00311	0.07083
3	0.00647	0.00519	0.00573	0.00580	0.00722	0.00450	0.00424	0.00794	0.01212	0.01529	0.20186	0.14057	0.51502	0.03621	0.00680	0.00187	0.00272	0.01103	0.00498	0.00445
4	0.04326	0.05571	0.07190	0.10968	0.11242	0.08728	0.04504	0.09932	0.06364	0.04446	0.03483	0.07944	0.02976	0.00729	0.00638	0.02389	0.05818	0.01738	0.00347	0.00667
5	0.01221	0.07649	0.25545	0.05090	0.29388	0.04288	0.05982	0.04355	0.01193	0.01650	0.01106	0.01435	0.02662	0.00549	0.00547	0.00162	0.03167	0.03000	0.00265	0.00744
6	0.18643	0.03099	0.00999	0.01069	0.11366	0.02935	0.00712	0.02580	0.05026	0.06421	0.02376	0.15526	0.17876	0.02489	0.01953	0.00191	0.00429	0.03735	0.01995	0.00580
7	0.01173	0.00988	0.08256	0.09593	0.06964	0.00902	0.02360	0.02405	0.05726	0.13679	0.06150	0.04801	0.05369	0.05298	0.08797	0.00267	0.06097	0.10149	0.00399	0.00628
8	0.01371	0.26785	0.15364	0.04245	0.15517	0.07730	0.05284	0.04800	0.03329	0.05178	0.01033	0.03879	0.00862	0.00540	0.00484	0.00147	0.02015	0.00431	0.00285	0.00721
9	0.01160	0.06612	0.53637	0.04586	0.02139	0.06240	0.06398	0.04254	0.04447	0.01660	0.01044	0.03643	0.00805	0.00541	0.00501	0.00163	0.00736	0.00439	0.00258	0.00737
10	0.00659	0.00467	0.00612	0.00714	0.00744	0.00445	0.00476	0.00744	0.00967	0.01291	0.02667	0.67066	0.03172	0.12088	0.03087	0.00267	0.00363	0.03303	0.00456	0.00412
11	0.01298	0.01134	0.01868	0.11856	0.28436	0.01161	0.14486	0.08259	0.06921	0.06267	0.04076	0.03260	0.01178	0.00650	0.01986	0.00178	0.00628	0.03229	0.00347	0.02782
12	0.03334	0.04615	0.01620	0.01247	0.03054	0.05530	0.05996	0.45940	0.12103	0.09205	0.01362	0.01358	0.00980	0.00608	0.00515	0.00158	0.00577	0.00481	0.00482	0.00835
13	0.00925	0.00689	0.07089	0.02151	0.00913	0.00549	0.00604	0.00862	0.00816	0.02601	0.03236	0.06643	0.02795	0.03823	0.01607	0.57379	0.00460	0.00538	0.00273	0.06047
14	0.03291	0.22219	0.27122	0.01324	0.03704	0.02893	0.09520	0.09061	0.01258	0.06685	0.01098	0.01225	0.02795	0.00532	0.00510	0.00151	0.03399	0.00419	0.00296	0.02498
15	0.00905	0.00452	0.00678	0.00678	0.00678	0.00452	0.00452	0.00678	0.00678	0.00905	0.00905	0.01583	0.00905	0.01809	0.02035	0.84848	0.00452	0.00452	0.00226	0.00226
16	0.00939	0.00790	0.00962	0.06358	0.06825	0.03330	0.02674	0.01337	0.12891	0.03552	0.14166	0.06887	0.28930	0.00984	0.00572	0.00171	0.00388	0.02607	0.05071	0.00570
17	0.00748	0.00532	0.00734	0.00739	0.00800	0.00584	0.00531	0.00855	0.00822	0.01147	0.01606	0.05657	0.03644	0.25923	0.48332	0.04959	0.01018	0.00661	0.00301	0.00408
18	0.66251	0.03235	0.00892	0.00755	0.01060	0.04864	0.00610	0.05389	0.03339	0.02214	0.00900	0.03366	0.00761	0.04016	0.00456	0.00175	0.00443	0.00359	0.00338	0.00578
19	0.01250	0.01393	0.08853	0.07661	0.36686	0.01292	0.23334	0.04804	0.01210	0.01701	0.00986	0.01302	0.00785	0.00499	0.00621	0.00168	0.05936	0.00501	0.00264	0.00754
20	0.04939	0.01133	0.01181	0.01051	0.01354	0.01308	0.00822	0.06845	0.70029	0.02247	0.02011	0.01857	0.01506	0.00692	0.00520	0.00175	0.00421	0.00569	0.00520	0.00817
21	0.01121	0.00950	0.01102	0.00791	0.01251	0.00736	0.00634	0.04732	0.01142	0.01769	0.00940	0.01088	0.00777	0.00397	0.00392	0.00081	0.00394	0.00316	0.00318	0.81071
22	0.01311	0.01386	0.08057	0.05707	0.32023	0.04855	0.21444	0.05572	0.01263	0.04784	0.01170	0.01517	0.02288	0.02739	0.00601	0.00171	0.00692	0.01882	0.00296	0.02239
23	0.00757	0.00505	0.00568	0.00568	0.00568	0.00505	0.00316	0.00757	0.00757	0.01010	0.01641	0.03408	0.01893	0.81698	0.02651	0.00505	0.00505	0.00757	0.00316	0.00316
24	0.01378	0.05352	0.05460	0.05730	0.01592	0.06172	0.04876	0.19964	0.26206	0.02171	0.07813	0.01982	0.05470	0.00709	0.00533	0.00166	0.00531	0.02710	0.00448	0.00737
25	0.00794	0.00655	0.00822	0.00768	0.00874	0.02692	0.02619	0.00956	0.01161	0.01571	0.30812	0.10574	0.15854	0.13198	0.06472	0.00273	0.08105	0.00893	0.00442	0.00465
26	0.01452	0.06591	0.07262	0.03521	0.13266	0.03013	0.03760	0.23458	0.12963	0.04309	0.01347	0.03356	0.01065	0.02816	0.00556	0.00163	0.00550	0.00499	0.06227	0.03827
27	0.03661	0.00849	0.01123	0.12411	0.09933	0.00906	0.01826	0.06661	0.14339	0.03162	0.10625	0.12804	0.11220	0.04450	0.00703	0.03093	0.00447	0.00760	0.00422	0.00605
28	0.03558	0.06217	0.11713	0.04288	0.06652	0.03402	0.01037	0.14906	0.13723	0.03291	0.04730	0.01499	0.01146	0.00883	0.07245	0.00213	0.05174	0.00473	0.02425	0.07425
29	0.06603	0.04409	0.03109	0.02825	0.02486	0.06839	0.01940	0.05069	0.04995	0.01518	0.01678	0.18452	0.03057	0.20049	0.02621	0.00258	0.01844	0.02691	0.00362	0.09196

[dist]
# distance from previous block
# <min> <max>
3	38

[block]
# block no. 10 follows, 47 sequences, length 11
# corresponding to MSA columns:
# 768-778
name=unknown_K
#
# <colnr> <probs for GDERKNQSTAVLIFYWHMCP>
#	G	D	E	R	K	N	Q	S	T	A	V	L	I	F	Y	W	H	M	C	P
0	0.01255	0.11423	0.14627	0.11517	0.05320	0.06976	0.04242	0.04405	0.11773	0.04882	0.06978	0.04807	0.01279	0.00658	0.00610	0.00166	0.07538	0.00522	0.00338	0.00684
1	0.00966	0.00621	0.00790	0.04148	0.00979	0.00587	0.00566	0.04341	0.01412	0.10650	0.44538	0.08407	0.14852	0.01032	0.00590	0.00167	0.00308	0.00894	0.03609	0.00544
2	0.01184	0.03500	0.19321	0.18674	0.26290	0.07528	0.06323	0.01546	0.01149	0.01548	0.02666	0.03748	0.00907	0.00548	0.00550	0.00164	0.02912	0.00482	0.00257	0.00704
3	0.05082	0.05150	0.07143	0.01703	0.18456	0.19603	0.02656	0.03103	0.01151	0.05021	0.00894	0.01152	0.00751	0.00693	0.02476	0.00185	0.23419	0.00418	0.00274	0.00673
4	0.76216	0.00994	0.00814	0.00712	0.01043	0.01124	0.00586	0.01642	0.00953	0.10773	0.00872	0.00948	0.00644	0.00501	0.00344	0.00161	0.00407	0.00309	0.00358	0.00600
5	0.00969	0.00753	0.02864	0.12055	0.04095	0.00745	0.02549	0.01235	0.05224	0.07647	0.13742	0.16779	0.12934	0.01086	0.02045	0.03862	0.03977	0.02668	0.04225	0.00547
6	0.00649	0.00528	0.00577	0.00580	0.00737	0.00456	0.00438	0.00805	0.01232	0.01537	0.18638	0.08286	0.57762	0.01291	0.00622	0.00178	0.00272	0.04461	0.00500	0.00450
