[name]
unknown

[dist]
# distance from previous block
# <min> <max>
0	56

[block]
# block no. 0 follows, 59 sequences, length 16
# corresponding to MSA columns:
# 65-80
name=unknown_A
#
# <colnr> <probs for GDERKNQSTAVLIFYWHMCP>
#	G	D	E	R	K	N	Q	S	T	A	V	L	I	F	Y	W	H	M	C	P
0	0.10209	0.13246	0.19990	0.00973	0.01359	0.08618	0.03067	0.12828	0.12335	0.03293	0.01000	0.01159	0.00788	0.00484	0.00395	0.00129	0.00509	0.03383	0.00295	0.05942
1	0.00833	0.00595	0.00659	0.00606	0.00691	0.00622	0.00405	0.14070	0.06044	0.01291	0.03233	0.07513	0.04667	0.55047	0.01626	0.00329	0.00410	0.00644	0.00327	0.00389
2	0.01008	0.07517	0.22713	0.06034	0.13757	0.00909	0.06882	0.02417	0.02027	0.08926	0.12341	0.04680	0.02963	0.00541	0.00441	0.00133	0.00486	0.00474	0.00295	0.05458
3	0.00711	0.00513	0.00812	0.00736	0.00808	0.00506	0.10619	0.00739	0.00726	0.00977	0.01343	0.16137	0.01463	0.27498	0.08765	0.23911	0.00494	0.02658	0.00267	0.00320
4	0.01007	0.00804	0.00933	0.00694	0.01065	0.00658	0.00554	0.01337	0.11217	0.06634	0.00976	0.01047	0.00771	0.00376	0.00350	0.00081	0.00333	0.00304	0.00304	0.70554
5	0.01056	0.00837	0.04432	0.07419	0.03368	0.03307	0.02798	0.10572	0.01008	0.07268	0.02970	0.01198	0.00817	0.00784	0.02249	0.23748	0.00444	0.00366	0.00279	0.25081
6	0.00785	0.00836	0.09914	0.00926	0.01159	0.00674	0.19841	0.01019	0.02881	0.01296	0.04917	0.05763	0.15540	0.14046	0.00816	0.03328	0.01539	0.02843	0.11426	0.00451
7	0.00708	0.00556	0.00795	0.00830	0.05914	0.00645	0.00576	0.00815	0.00703	0.01006	0.01128	0.01885	0.01133	0.23576	0.44579	0.03001	0.11026	0.00498	0.00237	0.00386
8	0.01444	0.05361	0.07968	0.02993	0.07496	0.16734	0.03797	0.36614	0.03627	0.03428	0.00935	0.01044	0.00712	0.01928	0.00499	0.00137	0.03927	0.00374	0.00328	0.00653
9	0.00698	0.00507	0.00606	0.00592	0.00647	0.00543	0.00396	0.00903	0.10996	0.01059	0.04514	0.02472	0.01553	0.51181	0.21054	0.00448	0.00589	0.00590	0.00292	0.00359
10	0.00905	0.00785	0.00968	0.11286	0.01303	0.00639	0.00614	0.01114	0.00912	0.01399	0.00785	0.00949	0.00646	0.00342	0.00342	0.00076	0.00361	0.00278	0.00253	0.76042
11	0.00990	0.00783	0.00923	0.00663	0.01052	0.00593	0.00532	0.01184	0.00940	0.07046	0.00852	0.00957	0.00685	0.00342	0.00335	0.00070	0.00330	0.00274	0.00281	0.81165
12	0.00766	0.00535	0.00624	0.00592	0.00650	0.00561	0.00391	0.10887	0.00851	0.01147	0.01398	0.08585	0.01525	0.56311	0.12956	0.00410	0.00527	0.00634	0.00296	0.00354
13	0.00640	0.00436	0.00522	0.00522	0.00536	0.00450	0.00318	0.00668	0.00654	0.00886	0.01355	0.02686	0.01517	0.70098	0.16507	0.00478	0.00562	0.00612	0.00262	0.00290
14	0.01196	0.00997	0.01053	0.00918	0.01185	0.01144	0.00723	0.15373	0.67741	0.02004	0.01674	0.01550	0.01248	0.00588	0.00448	0.00147	0.00372	0.00482	0.00448	0.00708
15	0.00651	0.00592	0.03940	0.13158	0.02529	0.00539	0.03715	0.00819	0.00937	0.01258	0.12324	0.41684	0.09866	0.01021	0.00519	0.00159	0.00341	0.02118	0.00363	0.03467

[dist]
# distance from previous block
# <min> <max>
0	10

[block]
# block no. 1 follows, 59 sequences, length 33
# corresponding to MSA columns:
# 91-123
name=unknown_B
#
# <colnr> <probs for GDERKNQSTAVLIFYWHMCP>
#	G	D	E	R	K	N	Q	S	T	A	V	L	I	F	Y	W	H	M	C	P
0	0.01042	0.01191	0.02606	0.01862	0.02308	0.01117	0.80119	0.01415	0.01042	0.01415	0.00894	0.01191	0.00670	0.00372	0.00521	0.00149	0.00745	0.00521	0.00223	0.00596
1	0.00935	0.00808	0.00964	0.00777	0.04358	0.00680	0.00587	0.01242	0.09392	0.01481	0.03490	0.01079	0.00840	0.00391	0.00386	0.00083	0.02961	0.00313	0.00285	0.68946
2	0.01364	0.01560	0.01136	0.01018	0.01206	0.48738	0.00782	0.05531	0.07836	0.01320	0.09445	0.01217	0.01059	0.00618	0.02240	0.00142	0.10606	0.00383	0.03277	0.00520
3	0.01027	0.03477	0.04501	0.07268	0.04308	0.00758	0.02461	0.08549	0.09025	0.12092	0.09005	0.22604	0.02580	0.00752	0.00466	0.00141	0.00376	0.00656	0.00381	0.09573
4	0.01064	0.24520	0.19578	0.03877	0.04006	0.03776	0.04902	0.02875	0.19699	0.03039	0.03669	0.03570	0.02580	0.00510	0.00405	0.00130	0.00492	0.00412	0.00285	0.00611
5	0.01100	0.00940	0.00995	0.00891	0.01138	0.01083	0.00694	0.04750	0.75657	0.01874	0.04557	0.01687	0.01428	0.00608	0.00452	0.00149	0.00349	0.00507	0.00450	0.00691
6	0.00841	0.00813	0.03716	0.49521	0.07786	0.00901	0.07200	0.01071	0.00864	0.01145	0.00948	0.09367	0.00848	0.00639	0.00623	0.07950	0.04586	0.00485	0.00220	0.00478
7	0.01245	0.03973	0.14751	0.07978	0.04618	0.05585	0.12313	0.06150	0.02309	0.18695	0.01067	0.03852	0.00823	0.02253	0.00625	0.00152	0.12267	0.00434	0.00303	0.00609
8	0.01190	0.01031	0.01771	0.06177	0.41601	0.01054	0.16532	0.05294	0.01972	0.10700	0.00947	0.01158	0.00733	0.00449	0.00538	0.00141	0.07358	0.00425	0.00267	0.00660
9	0.01051	0.01202	0.02535	0.04270	0.02307	0.03103	0.75838	0.01415	0.01043	0.01398	0.00885	0.01181	0.00665	0.00376	0.00516	0.00148	0.00741	0.00512	0.00223	0.00591
10	0.00629	0.00474	0.00630	0.09276	0.00916	0.00473	0.00505	0.00770	0.02545	0.02991	0.07529	0.47646	0.15942	0.03826	0.00605	0.00175	0.01636	0.02646	0.00388	0.00394
11	0.01238	0.07097	0.19063	0.02887	0.05061	0.03480	0.15201	0.16395	0.06971	0.11037	0.01093	0.03648	0.00832	0.00586	0.03287	0.00157	0.00575	0.00431	0.00314	0.00647
12	0.01311	0.00766	0.01102	0.01099	0.12916	0.00733	0.05149	0.06906	0.05996	0.31824	0.05201	0.17414	0.04101	0.00727	0.00481	0.00147	0.00390	0.02685	0.00431	0.00622
13	0.00767	0.00384	0.00575	0.00575	0.00575	0.00384	0.00384	0.00575	0.00575	0.00767	0.00767	0.01343	0.00767	0.01534	0.01726	0.87150	0.00384	0.00384	0.00192	0.00192
14	0.02294	0.00863	0.02567	0.07180	0.16412	0.00884	0.02551	0.18960	0.06643	0.07344	0.04083	0.01463	0.03288	0.00522	0.00411	0.00128	0.00401	0.00439	0.22968	0.00599
15	0.01281	0.22268	0.08220	0.11490	0.02471	0.02945	0.06040	0.21738	0.06199	0.08222	0.00998	0.03171	0.00776	0.00489	0.00424	0.00130	0.01810	0.00388	0.00309	0.00630
16	0.00544	0.00392	0.00507	0.00594	0.00633	0.00361	0.00401	0.00616	0.00855	0.01123	0.02615	0.72371	0.11865	0.01358	0.00596	0.02963	0.00257	0.01191	0.00403	0.00355
17	0.00603	0.00464	0.00516	0.00500	0.00632	0.00410	0.00371	0.00761	0.02743	0.03112	0.26521	0.05019	0.49885	0.05761	0.00617	0.00162	0.00237	0.00862	0.00428	0.00395
18	0.00615	0.00471	0.00654	0.00690	0.00759	0.00451	0.04329	0.02971	0.03638	0.01228	0.03957	0.70608	0.05402	0.01265	0.00552	0.00174	0.00288	0.01149	0.00405	0.00395
19	0.01463	0.26798	0.03760	0.01015	0.04766	0.05017	0.04053	0.24310	0.04018	0.16211	0.01013	0.01040	0.00751	0.00479	0.00430	0.00124	0.03393	0.00357	0.00340	0.00662
20	0.00649	0.00478	0.00703	0.00698	0.00765	0.00555	0.00533	0.00773	0.00696	0.00999	0.01157	0.01771	0.01105	0.08717	0.70216	0.05846	0.03252	0.00477	0.00235	0.00376
21	0.00933	0.00584	0.00750	0.00661	0.00796	0.00618	0.05356	0.05357	0.02482	0.06448	0.01384	0.06650	0.01169	0.04669	0.05517	0.00174	0.07222	0.00485	0.48284	0.00462
22	0.00981	0.01054	0.09289	0.41550	0.21515	0.02668	0.09617	0.01287	0.00956	0.04199	0.00852	0.01147	0.00648	0.00426	0.00444	0.00141	0.00586	0.00400	0.01663	0.00576
23	0.00988	0.00872	0.01228	0.01069	0.02792	0.01090	0.05474	0.04694	0.06814	0.05293	0.02113	0.03974	0.04278	0.04330	0.07988	0.00230	0.45512	0.00479	0.00270	0.00510
24	0.01003	0.01079	0.06156	0.05679	0.07102	0.07962	0.08328	0.03378	0.10553	0.01284	0.01064	0.02466	0.03773	0.03731	0.07393	0.00213	0.27598	0.00449	0.00255	0.00535
25	0.03817	0.00992	0.01529	0.29139	0.45837	0.05558	0.01223	0.01274	0.00956	0.01313	0.00798	0.01101	0.00651	0.00453	0.00476	0.03143	0.00550	0.00382	0.00213	0.00595
26	0.00755	0.00632	0.00908	0.02732	0.03879	0.00601	0.10910	0.03299	0.07040	0.04102	0.07756	0.20612	0.33120	0.00948	0.00516	0.00153	0.00340	0.00844	0.00387	0.00465
27	0.00802	0.00517	0.00653	0.00621	0.00687	0.00547	0.00431	0.03960	0.03563	0.06594	0.01329	0.05027	0.01354	0.40539	0.21588	0.08255	0.02311	0.00565	0.00289	0.00367
28	0.01034	0.00891	0.03313	0.12091	0.11661	0.01772	0.00822	0.13636	0.21118	0.03685	0.11185	0.05344	0.07831	0.00722	0.02790	0.00159	0.00431	0.00550	0.00371	0.00594
29	0.00565	0.00419	0.00533	0.00605	0.00672	0.00387	0.00438	0.00675	0.00928	0.01210	0.07911	0.51578	0.18839	0.01276	0.00559	0.00174	0.00268	0.12176	0.00414	0.00372
30	0.04014	0.28118	0.01604	0.07476	0.01402	0.08543	0.03347	0.23987	0.11036	0.03806	0.00946	0.01008	0.00732	0.00465	0.00384	0.00122	0.00499	0.00346	0.00311	0.01854
31	0.00598	0.00455	0.00558	0.00570	0.00672	0.00413	0.00410	0.00763	0.03222	0.01388	0.28717	0.34364	0.19684	0.01095	0.00526	0.00153	0.00240	0.00967	0.00429	0.04775
32	0.03144	0.07211	0.12293	0.06366	0.04394	0.07738	0.03982	0.10710	0.08928	0.09505	0.03743	0.05500	0.05021	0.00693	0.03285	0.00158	0.00510	0.04257	0.00331	0.02232

[dist]
# distance from previous block
# <min> <max>
2	29

[block]
# block no. 2 follows, 59 sequences, length 11
# corresponding to MSA columns:
# 155-165
name=unknown_C
#
# <colnr> <probs for GDERKNQSTAVLIFYWHMCP>
#	G	D	E	R	K	N	Q	S	T	A	V	L	I	F	Y	W	H	M	C	P
0	0.01316	0.08667	0.01178	0.00904	0.03519	0.02350	0.00706	0.33009	0.11519	0.08699	0.01346	0.04237	0.02966	0.10754	0.00680	0.00171	0.02725	0.02113	0.02521	0.00619
1	0.01009	0.08720	0.17491	0.00831	0.01246	0.03303	0.00802	0.08757	0.01046	0.01512	0.03068	0.03611	0.00802	0.00423	0.00368	0.00097	0.00430	0.00332	0.00267	0.45886
2	0.00581	0.00430	0.00555	0.00605	0.00677	0.00386	0.00418	0.00685	0.00904	0.01231	0.11333	0.64590	0.05844	0.01225	0.00536	0.00164	0.00256	0.01103	0.00405	0.08071
3	0.00635	0.00425	0.00484	0.00491	0.00493	0.00423	0.00277	0.00640	0.00656	0.00875	0.01463	0.08463	0.01696	0.78782	0.02133	0.00411	0.00416	0.00684	0.00277	0.00274
4	0.02975	0.01225	0.03630	0.06676	0.03497	0.24244	0.02697	0.09407	0.03359	0.02997	0.06338	0.01340	0.03998	0.00827	0.07118	0.02826	0.13812	0.00417	0.02098	0.00519
5	0.01650	0.02105	0.01252	0.01138	0.01365	0.82705	0.00853	0.01764	0.01252	0.01081	0.00683	0.00796	0.00569	0.00455	0.00398	0.00114	0.00796	0.00284	0.00228	0.00512
6	0.01137	0.01098	0.12299	0.10086	0.22527	0.00936	0.03523	0.08382	0.04871	0.10823	0.03338	0.01252	0.02303	0.00487	0.00477	0.01394	0.02834	0.00404	0.00296	0.11535
7	0.03716	0.07098	0.05434	0.10688	0.20054	0.02613	0.00972	0.13107	0.12668	0.13496	0.02987	0.01234	0.00899	0.00494	0.00451	0.00136	0.02557	0.00405	0.00334	0.00657
8	0.00582	0.00456	0.00497	0.00513	0.00641	0.00399	0.00378	0.00719	0.03080	0.03209	0.03845	0.21331	0.58596	0.01150	0.00529	0.00157	0.00242	0.02872	0.00414	0.00389
9	0.01320	0.08064	0.12276	0.04802	0.05107	0.34824	0.17049	0.03561	0.01116	0.03843	0.00785	0.00952	0.00616	0.00440	0.00459	0.00129	0.03499	0.00355	0.00231	0.00572
10	0.00858	0.00809	0.01368	0.75989	0.10283	0.00988	0.01238	0.01149	0.00894	0.01157	0.00789	0.01170	0.00599	0.00437	0.00441	0.00146	0.00583	0.00393	0.00198	0.00510

[dist]
# distance from previous block
# <min> <max>
0	8

[block]
# block no. 3 follows, 59 sequences, length 17
# corresponding to MSA columns:
# 174-190
name=unknown_D
#
# <colnr> <probs for GDERKNQSTAVLIFYWHMCP>
#	G	D	E	R	K	N	Q	S	T	A	V	L	I	F	Y	W	H	M	C	P
0	0.01109	0.00990	0.01542	0.35115	0.24951	0.01096	0.06834	0.18098	0.03078	0.01608	0.00888	0.01141	0.00679	0.00446	0.00446	0.00140	0.00554	0.00406	0.00263	0.00618
1	0.00590	0.00406	0.00532	0.00601	0.00649	0.00377	0.00410	0.00684	0.00907	0.03296	0.12592	0.66067	0.05743	0.04161	0.00612	0.00181	0.00258	0.01143	0.00418	0.00374
2	0.01407	0.02491	0.03545	0.01054	0.05435	0.08233	0.02654	0.41070	0.05407	0.05012	0.01087	0.05581	0.00866	0.00534	0.00444	0.00126	0.01819	0.00421	0.00369	0.12444
3	0.01878	0.00840	0.03684	0.04832	0.03052	0.00835	0.08392	0.07550	0.04678	0.04278	0.04970	0.15226	0.04934	0.02659	0.00658	0.00151	0.13452	0.01991	0.00318	0.15622
4	0.03108	0.20594	0.34534	0.05412	0.01553	0.03449	0.01111	0.08472	0.01069	0.08353	0.03843	0.01033	0.00762	0.00447	0.00389	0.00125	0.00535	0.00337	0.00259	0.04614
5	0.11539	0.18316	0.04045	0.00770	0.01054	0.02549	0.00663	0.08357	0.02889	0.26334	0.03480	0.05360	0.01066	0.08436	0.00598	0.00159	0.03000	0.00433	0.00364	0.00589
6	0.00833	0.00585	0.00824	0.10531	0.05336	0.00556	0.03845	0.01006	0.01054	0.12497	0.16722	0.12238	0.30474	0.00882	0.00502	0.00148	0.00326	0.00769	0.00399	0.00472
7	0.00958	0.06313	0.11689	0.18170	0.09868	0.05217	0.06469	0.04801	0.00999	0.04099	0.05483	0.10536	0.02972	0.02527	0.06235	0.00188	0.02150	0.00520	0.00272	0.00534
8	0.01034	0.04508	0.12526	0.02733	0.01156	0.03660	0.03174	0.05263	0.14831	0.11661	0.10205	0.15862	0.04000	0.02341	0.00520	0.01539	0.00406	0.01610	0.02415	0.00557
9	0.00577	0.00441	0.00510	0.00506	0.00609	0.00395	0.00363	0.00707	0.01037	0.01358	0.32415	0.10380	0.36088	0.11769	0.00747	0.00184	0.00247	0.00872	0.00420	0.00374
10	0.00577	0.00407	0.00534	0.00605	0.00647	0.00383	0.00418	0.00664	0.00888	0.01190	0.12119	0.56801	0.05611	0.07412	0.00727	0.03419	0.00277	0.06565	0.00401	0.00357
11	0.05573	0.17603	0.29279	0.01117	0.04801	0.04045	0.04161	0.15872	0.08172	0.03998	0.00916	0.00993	0.00687	0.00449	0.00397	0.00130	0.00540	0.00345	0.00276	0.00647
12	0.01104	0.04676	0.25556	0.00961	0.01298	0.00875	0.04777	0.06193	0.02247	0.16357	0.01222	0.01459	0.04352	0.07582	0.07296	0.06417	0.06335	0.00433	0.00297	0.00563
13	0.00596	0.00428	0.00578	0.00676	0.00732	0.00410	0.00510	0.00717	0.00909	0.01195	0.02471	0.54647	0.05465	0.01319	0.00578	0.00186	0.00306	0.27490	0.00409	0.00375
14	0.02950	0.00814	0.06306	0.15300	0.03316	0.00777	0.06253	0.04036	0.04043	0.09683	0.23538	0.04543	0.07593	0.00684	0.00544	0.00146	0.06383	0.00581	0.01989	0.00522
15	0.04062	0.03593	0.06815	0.09312	0.33648	0.01073	0.04804	0.07062	0.11724	0.05489	0.01027	0.03111	0.00823	0.00487	0.00490	0.00140	0.04988	0.00422	0.00281	0.00647
16	0.02651	0.07745	0.19609	0.04844	0.17970	0.08927	0.04169	0.12440	0.03175	0.02595	0.00853	0.01022	0.00669	0.00541	0.02996	0.00150	0.05285	0.00360	0.00252	0.03747

[dist]
# distance from previous block
# <min> <max>
2	9

[block]
# block no. 4 follows, 59 sequences, length 6
# corresponding to MSA columns:
# 201-206
name=unknown_E
#
# <colnr> <probs for GDERKNQSTAVLIFYWHMCP>
#	G	D	E	R	K	N	Q	S	T	A	V	L	I	F	Y	W	H	M	C	P
0	0.05887	0.00620	0.00781	0.00656	0.00893	0.00556	0.00521	0.01507	0.01144	0.43206	0.13691	0.08630	0.13297	0.00738	0.00459	0.00140	0.00308	0.00617	0.05766	0.00582
1	0.01073	0.03685	0.48890	0.05408	0.01660	0.03038	0.01252	0.04062	0.03826	0.13160	0.03805	0.06212	0.00940	0.00524	0.00435	0.00141	0.00553	0.00425	0.00282	0.00632
2	0.00869	0.00526	0.00699	0.00637	0.00747	0.00514	0.00460	0.00933	0.06719	0.06784	0.01032	0.01510	0.00941	0.08749	0.13270	0.41880	0.00494	0.00415	0.00259	0.12561
3	0.00789	0.02760	0.09650	0.00773	0.02310	0.03591	0.02999	0.02853	0.05695	0.03864	0.12804	0.22719	0.16752	0.00988	0.03110	0.00168	0.00377	0.03113	0.04214	0.00471
4	0.12491	0.40909	0.04351	0.00785	0.01129	0.09560	0.00716	0.04006	0.02817	0.04883	0.00795	0.03269	0.00683	0.00432	0.00328	0.00107	0.00463	0.00298	0.00250	0.11728
5	0.06152	0.00975	0.01417	0.06234	0.29918	0.03592	0.08450	0.03475	0.05143	0.04429	0.03087	0.01132	0.00805	0.00414	0.00409	0.00118	0.00472	0.00377	0.00270	0.23133

[dist]
# distance from previous block
# <min> <max>
1	23

[block]
# block no. 5 follows, 59 sequences, length 28
# corresponding to MSA columns:
# 230-257
name=unknown_F
#
# <colnr> <probs for GDERKNQSTAVLIFYWHMCP>
#	G	D	E	R	K	N	Q	S	T	A	V	L	I	F	Y	W	H	M	C	P
0	0.09130	0.02482	0.03288	0.20287	0.33648	0.02815	0.01119	0.02837	0.05841	0.01409	0.00860	0.01164	0.00713	0.00486	0.00543	0.00145	0.10301	0.02103	0.00237	0.00593
1	0.03677	0.06585	0.05473	0.11126	0.09812	0.06304	0.10600	0.15158	0.19038	0.04172	0.01122	0.03090	0.00869	0.00498	0.00437	0.00138	0.00518	0.00430	0.00320	0.00635
2	0.02956	0.01027	0.11038	0.27678	0.12645	0.02815	0.07166	0.04310	0.03858	0.05153	0.09781	0.01456	0.02328	0.00664	0.05103	0.00173	0.00563	0.00452	0.00275	0.00561
3	0.00926	0.00470	0.00584	0.00558	0.00670	0.00453	0.00418	0.01049	0.00929	0.13423	0.08389	0.07540	0.01564	0.05822	0.04730	0.12116	0.00331	0.04949	0.34660	0.00420
4	0.00664	0.00598	0.05416	0.02705	0.02720	0.00534	0.05096	0.00764	0.00804	0.01094	0.01768	0.43460	0.03250	0.09194	0.07520	0.09228	0.03614	0.00871	0.00319	0.00382
5	0.00560	0.00443	0.00504	0.00500	0.00623	0.00387	0.00371	0.00703	0.01079	0.01393	0.31661	0.10860	0.47219	0.01065	0.00525	0.00148	0.00221	0.00913	0.00437	0.00387
6	0.00657	0.00485	0.00679	0.00704	0.00764	0.00533	0.00541	0.00773	0.00783	0.01075	0.01649	0.15119	0.03547	0.11203	0.34641	0.04614	0.05408	0.16154	0.00300	0.00372
7	0.00759	0.00389	0.00583	0.00583	0.00587	0.00393	0.00393	0.00587	0.00583	0.00782	0.00791	0.01365	0.00786	0.01635	0.06306	0.82263	0.00429	0.00389	0.00194	0.00203
8	0.00881	0.05556	0.01370	0.50596	0.11266	0.01038	0.01105	0.01116	0.00855	0.01139	0.00832	0.03826	0.00716	0.02757	0.03222	0.00175	0.12418	0.00419	0.00208	0.00504
9	0.03510	0.00977	0.01200	0.24084	0.07255	0.02523	0.00912	0.19711	0.29005	0.01802	0.01247	0.03784	0.00964	0.00541	0.00442	0.00144	0.00464	0.00451	0.00351	0.00633
10	0.00805	0.00648	0.00769	0.00622	0.00896	0.00511	0.00478	0.00971	0.00947	0.03159	0.08280	0.17389	0.09034	0.00658	0.00410	0.00103	0.00295	0.00565	0.00329	0.53133
11	0.03364	0.15328	0.41857	0.04446	0.01720	0.01114	0.11345	0.01435	0.05485	0.04771	0.04440	0.01102	0.00800	0.00444	0.00414	0.00134	0.00575	0.00372	0.00238	0.00616
12	0.00977	0.10749	0.55650	0.01150	0.01686	0.01071	0.04818	0.03895	0.05505	0.03970	0.02501	0.04354	0.00797	0.00479	0.00420	0.00137	0.00582	0.00387	0.00237	0.00634
13	0.00759	0.00389	0.00583	0.00583	0.00588	0.00393	0.00393	0.00588	0.00583	0.00782	0.00791	0.01365	0.00786	0.01636	0.06360	0.82205	0.00429	0.00389	0.00194	0.00203
14	0.28881	0.00822	0.00930	0.00739	0.01060	0.00813	0.00610	0.07951	0.01166	0.50701	0.01335	0.01222	0.00873	0.00502	0.00390	0.00136	0.00374	0.00376	0.00453	0.00666
15	0.05840	0.27535	0.07921	0.02662	0.11200	0.19929	0.03293	0.09940	0.01131	0.03956	0.00838	0.00947	0.02146	0.00439	0.00375	0.00118	0.00564	0.00322	0.00250	0.00594
16	0.00683	0.00566	0.03888	0.05325	0.00892	0.00506	0.00543	0.02545	0.04301	0.03520	0.11949	0.35563	0.16118	0.03756	0.00586	0.00173	0.00311	0.07956	0.00399	0.00422
17	0.00545	0.00437	0.00487	0.00503	0.00620	0.00379	0.00369	0.00667	0.01015	0.01276	0.16436	0.19332	0.52850	0.01136	0.00531	0.00154	0.00230	0.02231	0.00422	0.00378
18	0.00745	0.00685	0.08353	0.00762	0.00901	0.00625	0.00645	0.00944	0.02989	0.05423	0.02602	0.11690	0.03781	0.06704	0.45776	0.00476	0.05600	0.00576	0.00283	0.00440
19	0.03530	0.18768	0.12246	0.09623	0.07103	0.13426	0.17412	0.05316	0.01057	0.04852	0.00808	0.00981	0.00629	0.00424	0.00429	0.00129	0.02084	0.00360	0.00235	0.00590
20	0.00728	0.00404	0.00583	0.00581	0.00596	0.00413	0.00394	0.00623	0.00629	0.00853	0.04124	0.01663	0.01051	0.11860	0.12763	0.61344	0.00491	0.00444	0.00219	0.00238
21	0.01034	0.00544	0.00702	0.00609	0.00791	0.00483	0.00473	0.01210	0.01200	0.26693	0.42868	0.02865	0.14420	0.03439	0.00551	0.00149	0.00270	0.00703	0.00487	0.00510
22	0.02090	0.13017	0.11591	0.09486	0.07237	0.04436	0.07977	0.16474	0.04292	0.05588	0.05808	0.01362	0.00993	0.00510	0.00426	0.00133	0.00510	0.03460	0.04005	0.00606
23	0.03540	0.23322	0.19632	0.08424	0.04100	0.06320	0.07687	0.13691	0.03327	0.03231	0.00861	0.01033	0.00675	0.00447	0.00398	0.00128	0.00559	0.01758	0.00256	0.00613
24	0.01360	0.01409	0.01174	0.02901	0.03501	0.32704	0.02076	0.13477	0.27711	0.01595	0.01157	0.01236	0.00910	0.02930	0.03765	0.00163	0.00595	0.00399	0.00333	0.00604
25	0.75752	0.00856	0.00711	0.00617	0.00900	0.00967	0.00508	0.03923	0.00849	0.10505	0.00749	0.00812	0.00552	0.00428	0.00297	0.00137	0.00350	0.00266	0.00308	0.00516
26	0.00821	0.00785	0.01352	0.02233	0.03851	0.03193	0.27099	0.01047	0.02651	0.01260	0.01645	0.28752	0.01753	0.05534	0.00668	0.00183	0.03391	0.12994	0.00318	0.00469
27	0.02477	0.01213	0.11014	0.03804	0.14199	0.12965	0.02682	0.05559	0.22593	0.01533	0.04079	0.09947	0.03712	0.00613	0.00449	0.00141	0.00483	0.00518	0.01421	0.00598

[dist]
# distance from previous block
# <min> <max>
0	3

[block]
# block no. 6 follows, 59 sequences, length 11
# corresponding to MSA columns:
# 261-271
name=unknown_G
#
# <colnr> <probs for GDERKNQSTAVLIFYWHMCP>
#	G	D	E	R	K	N	Q	S	T	A	V	L	I	F	Y	W	H	M	C	P
0	0.00629	0.00468	0.00592	0.00549	0.00673	0.00421	0.00414	0.00826	0.01207	0.01693	0.69178	0.03279	0.12218	0.00896	0.00511	0.00136	0.00216	0.00786	0.00467	0.04841
1	0.00692	0.00434	0.00523	0.00559	0.00634	0.00423	0.00418	0.00842	0.00929	0.01376	0.10922	0.18509	0.04002	0.12421	0.00714	0.00188	0.00288	0.16678	0.29067	0.00380
2	0.01141	0.00970	0.01022	0.00907	0.01165	0.01118	0.00709	0.08001	0.75202	0.01915	0.01744	0.01605	0.01305	0.00594	0.00449	0.00149	0.00359	0.00492	0.00449	0.00703
3	0.00589	0.00434	0.00542	0.00598	0.00656	0.00414	0.00413	0.00739	0.04843	0.01230	0.12353	0.53146	0.10433	0.08700	0.00701	0.00193	0.00271	0.02963	0.00409	0.00377
4	0.00728	0.03001	0.17120	0.00822	0.01032	0.00707	0.00770	0.00945	0.00765	0.01114	0.01055	0.01551	0.00968	0.08310	0.49812	0.00499	0.04709	0.00434	0.00227	0.05431
5	0.00886	0.02285	0.82190	0.01259	0.01912	0.01026	0.01632	0.01399	0.00932	0.01399	0.00793	0.00932	0.00559	0.00420	0.00420	0.00140	0.00653	0.00326	0.00186	0.00653
6	0.00532	0.00409	0.00487	0.00550	0.00623	0.00364	0.00381	0.00622	0.00908	0.01153	0.03227	0.53145	0.33455	0.01281	0.00548	0.00168	0.00244	0.01130	0.00410	0.00364
7	0.01107	0.00849	0.01048	0.14027	0.01397	0.02902	0.03079	0.09609	0.27063	0.10329	0.07974	0.07735	0.02698	0.03493	0.00553	0.00158	0.02510	0.02486	0.00393	0.00589
8	0.07593	0.07420	0.13402	0.01113	0.03536	0.10568	0.08469	0.27586	0.01343	0.04705	0.00983	0.06243	0.00802	0.00531	0.00464	0.00136	0.03749	0.00418	0.00314	0.00625
9	0.71007	0.00859	0.00719	0.00631	0.00908	0.00968	0.00522	0.07217	0.00876	0.01972	0.00758	0.01000	0.00628	0.00461	0.00309	0.00136	0.00355	0.04763	0.00293	0.05618
10	0.01023	0.39215	0.24299	0.00890	0.01301	0.03665	0.00947	0.01339	0.06063	0.01246	0.02848	0.05792	0.02830	0.00491	0.00366	0.00117	0.00490	0.00370	0.00236	0.06473

[dist]
# distance from previous block
# <min> <max>
0	11

[block]
# block no. 7 follows, 59 sequences, length 18
# corresponding to MSA columns:
# 283-300
name=unknown_H
#
# <colnr> <probs for GDERKNQSTAVLIFYWHMCP>
#	G	D	E	R	K	N	Q	S	T	A	V	L	I	F	Y	W	H	M	C	P
0	0.01027	0.00926	0.07894	0.13757	0.06968	0.00857	0.08928	0.07518	0.09350	0.09947	0.13419	0.04508	0.06977	0.00644	0.00499	0.00147	0.02323	0.03386	0.00354	0.00572
1	0.24363	0.13408	0.05172	0.01086	0.06880	0.11073	0.10743	0.08345	0.02840	0.03978	0.00789	0.00914	0.00620	0.00430	0.00400	0.00127	0.02887	0.00326	0.00265	0.05355
2	0.01091	0.01381	0.25138	0.01289	0.03678	0.02429	0.21766	0.05719	0.14180	0.07705	0.01141	0.03644	0.00887	0.00544	0.00535	0.03151	0.02796	0.02009	0.00293	0.00623
3	0.00989	0.17027	0.49662	0.01047	0.01566	0.01073	0.01235	0.03673	0.00967	0.04654	0.00908	0.06098	0.00744	0.00472	0.00397	0.00127	0.00550	0.00369	0.00230	0.08212
4	0.00648	0.00465	0.00624	0.00598	0.00638	0.00452	0.05275	0.00680	0.00721	0.00956	0.01681	0.18699	0.05767	0.53667	0.01692	0.05679	0.00401	0.00754	0.00295	0.00307
5	0.00941	0.00851	0.02822	0.01055	0.04068	0.01047	0.01985	0.03554	0.05777	0.03954	0.03046	0.01293	0.00882	0.01348	0.20448	0.03041	0.42716	0.00428	0.00248	0.00495
6	0.58843	0.06623	0.03744	0.00695	0.00982	0.08833	0.00591	0.01422	0.02519	0.08599	0.00802	0.03287	0.00638	0.00457	0.00318	0.00133	0.00406	0.00299	0.00291	0.00518
7	0.00588	0.00442	0.00554	0.00615	0.00705	0.00409	0.00471	0.00719	0.00971	0.01247	0.08746	0.32433	0.26523	0.01224	0.00561	0.00174	0.00285	0.22539	0.00415	0.00380
8	0.01070	0.49936	0.13066	0.00837	0.01249	0.01355	0.02623	0.01280	0.00905	0.01191	0.00684	0.00805	0.00589	0.00381	0.00346	0.00098	0.02465	0.00265	0.00206	0.20652
9	0.03220	0.05285	0.19778	0.10999	0.03324	0.00858	0.03654	0.03764	0.07508	0.02611	0.04429	0.03034	0.12739	0.00584	0.00432	0.00132	0.00450	0.03000	0.00293	0.13906
10	0.04595	0.15455	0.10392	0.00864	0.01176	0.02848	0.02580	0.11399	0.14579	0.11658	0.01199	0.02149	0.03021	0.00695	0.02266	0.10793	0.00460	0.00398	0.00326	0.03146
11	0.00610	0.00454	0.00562	0.00586	0.00675	0.00426	0.00434	0.00778	0.03123	0.01370	0.28259	0.22748	0.18263	0.08333	0.00691	0.00184	0.00272	0.11423	0.00423	0.00388
12	0.00547	0.00393	0.00520	0.00615	0.00650	0.00367	0.00419	0.00634	0.00871	0.01159	0.05200	0.76140	0.05315	0.01353	0.00563	0.00178	0.00259	0.04043	0.00412	0.00363
13	0.00835	0.00814	0.06097	0.15644	0.09751	0.01787	0.04349	0.03793	0.07780	0.01387	0.08504	0.16669	0.03446	0.00888	0.03356	0.00178	0.01879	0.12007	0.00329	0.00506
14	0.01038	0.00984	0.01560	0.29693	0.35771	0.04327	0.05343	0.03532	0.00982	0.03098	0.00836	0.01137	0.00672	0.00543	0.03346	0.00161	0.05762	0.00399	0.00224	0.00594
15	0.01624	0.00752	0.00950	0.00752	0.01045	0.00697	0.00613	0.13210	0.01347	0.51993	0.10534	0.01877	0.08348	0.00631	0.00454	0.00136	0.00355	0.00517	0.03496	0.00671
16	0.00541	0.00396	0.00510	0.00599	0.00643	0.00365	0.00409	0.00626	0.00872	0.01142	0.02702	0.71238	0.13352	0.01344	0.00560	0.00176	0.00256	0.03497	0.00410	0.00362
17	0.06403	0.05380	0.09074	0.13589	0.20832	0.06346	0.11307	0.01462	0.05990	0.09234	0.03739	0.02884	0.00880	0.00470	0.00434	0.00137	0.00537	0.00422	0.00275	0.00607

[dist]
# distance from previous block
# <min> <max>
0	1

[block]
# block no. 8 follows, 59 sequences, length 11
# corresponding to MSA columns:
# 302-312
name=unknown_I
#
# <colnr> <probs for GDERKNQSTAVLIFYWHMCP>
#	G	D	E	R	K	N	Q	S	T	A	V	L	I	F	Y	W	H	M	C	P
0	0.00951	0.00656	0.00829	0.00732	0.00914	0.00658	0.03291	0.03726	0.15946	0.12014	0.15721	0.15064	0.07938	0.04470	0.04454	0.00183	0.02660	0.00677	0.03312	0.05804
1	0.00582	0.00417	0.00544	0.00627	0.00667	0.00397	0.00426	0.03482	0.00904	0.01210	0.05233	0.78291	0.02888	0.01336	0.00558	0.00176	0.00263	0.01208	0.00414	0.00375
2	0.00951	0.01276	0.29985	0.01050	0.01437	0.00798	0.14434	0.03454	0.01099	0.08910	0.22477	0.01800	0.03968	0.00581	0.00463	0.00139	0.00481	0.00520	0.05610	0.00569
3	0.02525	0.06158	0.07089	0.05939	0.30192	0.02461	0.10656	0.01466	0.06034	0.12285	0.03100	0.05706	0.00964	0.00507	0.00474	0.00139	0.02921	0.00461	0.00290	0.00633
4	0.04651	0.04790	0.11699	0.27165	0.15444	0.02912	0.19219	0.02787	0.03239	0.02674	0.00851	0.01105	0.00649	0.00419	0.00442	0.00140	0.00599	0.00402	0.00226	0.00587
5	0.54842	0.03698	0.00936	0.09732	0.04476	0.07956	0.00679	0.04653	0.00883	0.01736	0.00708	0.00922	0.00578	0.00457	0.00378	0.00138	0.04212	0.02248	0.00263	0.00504
6	0.01022	0.00979	0.01669	0.15769	0.60894	0.01020	0.03293	0.01279	0.00970	0.01366	0.00885	0.04632	0.00771	0.00455	0.00477	0.00138	0.03084	0.00433	0.00222	0.00642
7	0.03513	0.00704	0.00923	0.00737	0.01026	0.00630	0.00598	0.04417	0.01222	0.62258	0.04901	0.07586	0.01328	0.00616	0.00441	0.00137	0.00350	0.00509	0.07427	0.00677
8	0.01032	0.01515	0.33183	0.06689	0.03880	0.01012	0.29183	0.01484	0.05885	0.07624	0.03514	0.01206	0.00807	0.00440	0.00464	0.00144	0.00624	0.00436	0.00254	0.00626
9	0.00588	0.00458	0.00543	0.00568	0.00675	0.00423	0.00423	0.00763	0.04188	0.01317	0.17979	0.24754	0.34452	0.01190	0.02597	0.00174	0.00274	0.07818	0.00421	0.00394
10	0.00608	0.00441	0.00509	0.00535	0.00595	0.00417	0.00367	0.00677	0.00821	0.01048	0.02506	0.12391	0.24260	0.39911	0.01342	0.00290	0.00349	0.12262	0.00343	0.00327

[dist]
# distance from previous block
# <min> <max>
0	9

[block]
# block no. 9 follows, 59 sequences, length 8
# corresponding to MSA columns:
# 322-329
name=unknown_J
#
# <colnr> <probs for GDERKNQSTAVLIFYWHMCP>
#	G	D	E	R	K	N	Q	S	T	A	V	L	I	F	Y	W	H	M	C	P
0	0.11671	0.27515	0.20218	0.01201	0.14392	0.03507	0.02749	0.04484	0.03270	0.01413	0.00957	0.01067	0.04935	0.00448	0.00371	0.00124	0.00505	0.00342	0.00235	0.00597
1	0.16460	0.09712	0.06608	0.00849	0.01136	0.12635	0.02749	0.18594	0.03575	0.01790	0.15306	0.01527	0.06157	0.00575	0.00409	0.00130	0.00452	0.00442	0.00339	0.00556
2	0.08565	0.02640	0.28078	0.06204	0.03759	0.00873	0.10313	0.01254	0.03170	0.06230	0.01597	0.06759	0.13975	0.00623	0.00474	0.00147	0.02427	0.02073	0.00284	0.00555
3	0.73681	0.00837	0.00710	0.00614	0.00899	0.00935	0.00506	0.01437	0.00835	0.14994	0.00798	0.00845	0.00578	0.00432	0.00301	0.00137	0.00347	0.00272	0.00318	0.00523
4	0.00604	0.00451	0.00561	0.00533	0.00647	0.00408	0.00400	0.00793	0.01200	0.01653	0.65711	0.03494	0.20021	0.00947	0.00521	0.00141	0.00212	0.00826	0.00471	0.00408
5	0.01070	0.01025	0.01750	0.10058	0.74560	0.01043	0.01344	0.01335	0.00995	0.01414	0.00827	0.01101	0.00690	0.00398	0.00438	0.00133	0.00531	0.00393	0.00217	0.00681
6	0.00703	0.00450	0.00526	0.00508	0.00552	0.00435	0.00316	0.00753	0.00796	0.05319	0.14617	0.02966	0.06836	0.61405	0.01767	0.00349	0.00377	0.00675	0.00327	0.00324
7	0.00708	0.02536	0.00634	0.00568	0.00655	0.00515	0.00391	0.05355	0.00930	0.01270	0.20331	0.11979	0.05709	0.37436	0.04308	0.00286	0.00375	0.00711	0.00348	0.04954

[dist]
# distance from previous block
# <min> <max>
0	16

# created by:
# /st0/software/busco_prod/Augustus/scripts/msa2prfl.pl ./align_prep/1094121.fa
