[name]
unknown

[dist]
# distance from previous block
# <min> <max>
0	34

[block]
# block no. 0 follows, 44 sequences, length 8
# corresponding to MSA columns:
# 34-41
name=unknown_A
#
# <colnr> <probs for GDERKNQSTAVLIFYWHMCP>
#	G	D	E	R	K	N	Q	S	T	A	V	L	I	F	Y	W	H	M	C	P
0	0.00734	0.00579	0.00670	0.00711	0.00839	0.00543	0.00515	0.00992	0.07857	0.01571	0.09459	0.35146	0.32839	0.01440	0.00661	0.00201	0.00313	0.03919	0.00517	0.00495
1	0.00677	0.00508	0.00629	0.00696	0.00781	0.00459	0.00485	0.00810	0.01177	0.01546	0.16123	0.49083	0.21986	0.01527	0.00674	0.00204	0.00296	0.01357	0.00522	0.00459
2	0.01030	0.00969	0.01635	0.79530	0.03755	0.01211	0.01514	0.01393	0.01090	0.01393	0.00969	0.01453	0.00727	0.00545	0.00545	0.00182	0.00727	0.00484	0.00242	0.00606
3	0.00731	0.00542	0.00634	0.00628	0.00733	0.00496	0.00436	0.00874	0.01222	0.01622	0.30712	0.10124	0.25655	0.21814	0.01198	0.00271	0.00337	0.01028	0.00495	0.00445
4	0.01180	0.01445	0.10619	0.28116	0.03101	0.01311	0.42876	0.01626	0.01206	0.01626	0.01045	0.01431	0.00779	0.00494	0.00597	0.00182	0.00843	0.00565	0.00260	0.00699
5	0.13502	0.01350	0.01397	0.01104	0.01492	0.01501	0.00905	0.55017	0.05658	0.03114	0.01318	0.01350	0.00958	0.00636	0.00502	0.00162	0.00535	0.00471	0.08190	0.00838
6	0.01290	0.01030	0.01376	0.18016	0.08533	0.00948	0.00960	0.06189	0.01255	0.07710	0.01087	0.01287	0.00845	0.00478	0.00466	0.00122	0.00512	0.00400	0.00342	0.47154
7	0.01463	0.39117	0.23198	0.01181	0.01688	0.15310	0.01229	0.01756	0.01211	0.04341	0.00984	0.04449	0.00848	0.00559	0.00444	0.00143	0.00699	0.00397	0.00269	0.00715

[dist]
# distance from previous block
# <min> <max>
0	1

[block]
# block no. 1 follows, 44 sequences, length 26
# corresponding to MSA columns:
# 43,45-53,56-71
name=unknown_B
#
# <colnr> <probs for GDERKNQSTAVLIFYWHMCP>
#	G	D	E	R	K	N	Q	S	T	A	V	L	I	F	Y	W	H	M	C	P
0	0.84691	0.01054	0.00801	0.00717	0.01054	0.01223	0.00590	0.01603	0.00928	0.02446	0.00759	0.00886	0.00590	0.00506	0.00337	0.00169	0.00422	0.00295	0.00337	0.00590
1	0.01212	0.01084	0.01346	0.01178	0.01455	0.06657	0.10917	0.01956	0.29407	0.04110	0.10268	0.03190	0.07970	0.00934	0.00619	0.00193	0.00523	0.15802	0.00491	0.00688
2	0.01284	0.00999	0.01522	0.04300	0.34690	0.01020	0.01110	0.04269	0.03123	0.09547	0.07818	0.05540	0.01614	0.14454	0.03236	0.00253	0.03499	0.00640	0.00376	0.00705
3	0.01046	0.00986	0.01666	0.75502	0.07650	0.01216	0.01522	0.01408	0.01098	0.01413	0.00972	0.01448	0.00734	0.00542	0.00545	0.00181	0.00723	0.00485	0.00244	0.00619
4	0.00752	0.00548	0.00641	0.00652	0.00784	0.00491	0.00470	0.00894	0.01210	0.04369	0.15828	0.22134	0.37464	0.07356	0.03687	0.00241	0.00352	0.01147	0.00507	0.00474
5	0.01397	0.08605	0.30712	0.01320	0.01849	0.09441	0.03061	0.06790	0.23643	0.03625	0.01364	0.01405	0.01017	0.00592	0.00514	0.00165	0.00666	0.00464	0.00365	0.03002
6	0.01043	0.00667	0.00826	0.00775	0.00948	0.00635	0.00584	0.05173	0.04890	0.11373	0.31931	0.18590	0.12808	0.04144	0.00715	0.00198	0.00340	0.03223	0.00561	0.00576
7	0.01482	0.12056	0.13219	0.01336	0.03439	0.04920	0.10058	0.18311	0.10319	0.04397	0.01334	0.06040	0.01085	0.00626	0.00521	0.00158	0.00625	0.00526	0.00387	0.09161
8	0.01294	0.03139	0.03645	0.03212	0.12876	0.03268	0.04927	0.05003	0.01275	0.07118	0.03410	0.05127	0.03421	0.00573	0.00489	0.00128	0.00511	0.00495	0.00361	0.39726
9	0.01498	0.03214	0.05924	0.09353	0.07213	0.08623	0.04196	0.17499	0.27800	0.02203	0.03746	0.01617	0.01237	0.00654	0.00577	0.00173	0.02708	0.00532	0.00431	0.00799
10	0.01453	0.35735	0.16876	0.01125	0.01607	0.01670	0.01131	0.12773	0.12405	0.04021	0.01256	0.03498	0.01038	0.00613	0.00468	0.00153	0.00594	0.02460	0.00353	0.00772
11	0.01509	0.10564	0.03124	0.01122	0.01457	0.09290	0.00926	0.18050	0.32117	0.02241	0.05876	0.03686	0.01602	0.00757	0.00542	0.00172	0.00542	0.05162	0.00479	0.00782
12	0.03837	0.00691	0.00823	0.00781	0.00944	0.00684	0.00570	0.01418	0.10967	0.13642	0.10197	0.18537	0.10411	0.18591	0.03308	0.00284	0.00432	0.02819	0.00499	0.00566
13	0.12425	0.03541	0.06802	0.03608	0.06643	0.02891	0.05761	0.15043	0.04998	0.17124	0.01399	0.03497	0.01054	0.00778	0.04312	0.00197	0.00604	0.00499	0.02803	0.06024
14	0.01412	0.12913	0.07884	0.02780	0.12004	0.01383	0.09728	0.10519	0.12296	0.06750	0.01432	0.07848	0.01204	0.00689	0.00621	0.00172	0.06103	0.00579	0.02918	0.00764
15	0.00702	0.00495	0.00626	0.00708	0.00740	0.00469	0.00459	0.00782	0.01012	0.01350	0.06635	0.54779	0.05318	0.21840	0.01222	0.00296	0.00366	0.01316	0.00466	0.00418
16	0.11488	0.00773	0.04242	0.00957	0.05464	0.00714	0.02603	0.01095	0.01038	0.04038	0.04457	0.25784	0.08706	0.14256	0.11631	0.00340	0.00576	0.00917	0.00404	0.00517
17	0.04468	0.10369	0.19746	0.05414	0.14549	0.07217	0.10243	0.07877	0.04950	0.03480	0.01097	0.02524	0.00866	0.00557	0.00547	0.00164	0.02595	0.00468	0.00309	0.02560
18	0.01378	0.03548	0.05571	0.04487	0.44295	0.01290	0.10969	0.08030	0.03484	0.04374	0.01249	0.06570	0.01067	0.00593	0.00558	0.00169	0.00652	0.00573	0.00328	0.00813
19	0.00715	0.00539	0.00661	0.00665	0.00788	0.00485	0.00485	0.00906	0.01358	0.01827	0.42268	0.20266	0.24425	0.01310	0.00654	0.00185	0.00275	0.01148	0.00555	0.00485
20	0.01278	0.03039	0.01240	0.06515	0.01429	0.00915	0.06064	0.11166	0.03649	0.13517	0.02244	0.26418	0.05803	0.01194	0.03836	0.00221	0.02772	0.05198	0.02855	0.00646
21	0.05335	0.07373	0.27630	0.01764	0.19921	0.09535	0.02985	0.01721	0.03269	0.03752	0.01212	0.01439	0.03652	0.03534	0.00588	0.00172	0.00687	0.00457	0.00291	0.04684
22	0.01525	0.04495	0.15092	0.01471	0.11356	0.09896	0.02592	0.05929	0.11581	0.14599	0.09382	0.03482	0.01506	0.00687	0.00595	0.00170	0.03887	0.00556	0.00423	0.00776
23	0.00763	0.00533	0.00648	0.00700	0.00756	0.00517	0.00469	0.00904	0.03288	0.01433	0.09005	0.35712	0.06823	0.26263	0.01319	0.00306	0.00385	0.04710	0.05033	0.00434
24	0.16021	0.09450	0.03270	0.02806	0.05012	0.06963	0.02870	0.06593	0.01251	0.04009	0.03316	0.04149	0.01006	0.00546	0.00444	0.00132	0.00519	0.00422	0.00345	0.30876
25	0.01078	0.05338	0.05731	0.01168	0.09275	0.06999	0.02906	0.01299	0.03040	0.04014	0.05632	0.22736	0.06235	0.12631	0.00892	0.00222	0.00507	0.00839	0.00393	0.09065

[dist]
# distance from previous block
# <min> <max>
1	17

[block]
# block no. 2 follows, 44 sequences, length 10
# corresponding to MSA columns:
# 89-98
name=unknown_C
#
# <colnr> <probs for GDERKNQSTAVLIFYWHMCP>
#	G	D	E	R	K	N	Q	S	T	A	V	L	I	F	Y	W	H	M	C	P
0	0.23818	0.05129	0.03510	0.01169	0.04746	0.01395	0.03410	0.18881	0.23164	0.07372	0.01424	0.01422	0.01054	0.00614	0.00486	0.00170	0.00513	0.00471	0.00456	0.00795
1	0.00767	0.00520	0.00635	0.00653	0.00705	0.00500	0.00427	0.00800	0.00962	0.01266	0.08324	0.16465	0.15205	0.32209	0.05464	0.12920	0.00465	0.00938	0.00395	0.00379
2	0.04433	0.03435	0.01393	0.03273	0.05272	0.09710	0.02522	0.19215	0.19876	0.09542	0.04563	0.03961	0.04662	0.00718	0.00535	0.00167	0.00541	0.00579	0.04825	0.00775
3	0.00689	0.00501	0.00639	0.00713	0.00777	0.00463	0.00487	0.00812	0.01140	0.01522	0.16462	0.53866	0.11913	0.06346	0.00806	0.00227	0.00314	0.01359	0.00512	0.00451
4	0.01411	0.00989	0.01168	0.00992	0.01227	0.01097	0.00784	0.31882	0.01601	0.04904	0.01425	0.01865	0.01206	0.09406	0.24973	0.04054	0.03283	0.00550	0.06520	0.00664
5	0.01434	0.04949	0.01628	0.13314	0.19563	0.24041	0.03052	0.01688	0.02575	0.04100	0.03257	0.06686	0.03719	0.02810	0.00590	0.00169	0.00691	0.00554	0.01965	0.03213
6	0.01510	0.20515	0.11013	0.05071	0.13908	0.10765	0.10039	0.07280	0.04966	0.05603	0.01067	0.01240	0.00838	0.00544	0.00543	0.00158	0.03421	0.00442	0.00311	0.00763
7	0.01092	0.01079	0.05071	0.37983	0.05072	0.01048	0.01182	0.01406	0.01101	0.01570	0.00958	0.01294	0.00761	0.00507	0.00552	0.00144	0.04719	0.00416	0.00274	0.33770
8	0.05739	0.08775	0.01728	0.05915	0.07063	0.24168	0.06964	0.12210	0.06088	0.10459	0.01387	0.01467	0.04452	0.00611	0.00515	0.00158	0.00698	0.00479	0.00384	0.00739
9	0.23776	0.07759	0.01555	0.09955	0.21415	0.04599	0.02962	0.03400	0.01128	0.03554	0.01103	0.05469	0.00989	0.05616	0.02778	0.00209	0.02256	0.00495	0.00315	0.00668

[dist]
# distance from previous block
# <min> <max>
11	24

[block]
# block no. 3 follows, 44 sequences, length 18
# corresponding to MSA columns:
# 131-148
name=unknown_D
#
# <colnr> <probs for GDERKNQSTAVLIFYWHMCP>
#	G	D	E	R	K	N	Q	S	T	A	V	L	I	F	Y	W	H	M	C	P
0	0.01250	0.01289	0.01661	0.01429	0.01449	0.06918	0.01183	0.01371	0.00883	0.01314	0.00724	0.01178	0.00715	0.00927	0.01701	0.00232	0.74466	0.00469	0.00241	0.00599
1	0.84691	0.01054	0.00801	0.00717	0.01054	0.01223	0.00590	0.01603	0.00928	0.02446	0.00759	0.00886	0.00590	0.00506	0.00337	0.00169	0.00422	0.00295	0.00337	0.00590
2	0.01471	0.71610	0.02694	0.00971	0.01414	0.02086	0.00943	0.04852	0.04514	0.01420	0.00845	0.00955	0.00753	0.00502	0.00414	0.00126	0.03137	0.00321	0.00261	0.00713
3	0.00843	0.00656	0.00968	0.01104	0.06057	0.00635	0.04098	0.01051	0.01189	0.01560	0.02929	0.28464	0.08847	0.01445	0.00708	0.00228	0.00455	0.37771	0.00478	0.00514
4	0.00672	0.00506	0.00623	0.00694	0.00779	0.00456	0.00482	0.00798	0.01159	0.01511	0.12752	0.50690	0.23807	0.01546	0.00675	0.00205	0.00298	0.01372	0.00518	0.00456
5	0.00798	0.00574	0.00745	0.00740	0.00778	0.00628	0.00504	0.00880	0.00836	0.01159	0.01635	0.06174	0.01768	0.45631	0.30992	0.00634	0.04065	0.00734	0.00320	0.00404
6	0.00819	0.00535	0.00684	0.00733	0.00833	0.00484	0.00516	0.00953	0.01188	0.07630	0.13823	0.51351	0.15423	0.01489	0.00668	0.00204	0.00313	0.01326	0.00533	0.00495
7	0.06811	0.06360	0.03962	0.06178	0.05092	0.08089	0.03394	0.10984	0.06288	0.06711	0.03234	0.06677	0.01344	0.10171	0.08780	0.00284	0.04015	0.00588	0.00381	0.00659
8	0.00982	0.05486	0.04401	0.00944	0.01224	0.03247	0.04268	0.01203	0.01033	0.01463	0.01469	0.06834	0.03801	0.04878	0.32376	0.00445	0.00898	0.00570	0.00316	0.24164
9	0.04872	0.04145	0.09665	0.03644	0.19365	0.01231	0.11510	0.10055	0.04410	0.03807	0.08365	0.04561	0.03249	0.00712	0.00626	0.00178	0.04430	0.04064	0.00374	0.00739
10	0.02804	0.06933	0.09210	0.01359	0.07474	0.07389	0.04376	0.15682	0.05548	0.10738	0.03096	0.04223	0.01117	0.00649	0.00616	0.00161	0.06923	0.00505	0.01548	0.09649
11	0.16328	0.03863	0.03616	0.06400	0.13067	0.07118	0.04828	0.02852	0.04515	0.10783	0.06862	0.09021	0.01442	0.00690	0.00513	0.00165	0.00547	0.00580	0.00393	0.06417
12	0.08378	0.15352	0.04735	0.04521	0.04272	0.06895	0.03689	0.05899	0.12584	0.16375	0.01392	0.01501	0.01055	0.00593	0.00486	0.00154	0.00565	0.02311	0.00413	0.08830
13	0.13494	0.06866	0.07547	0.01035	0.01403	0.06391	0.03936	0.11569	0.03348	0.14982	0.09087	0.05950	0.01517	0.00801	0.02950	0.00184	0.00556	0.00557	0.03952	0.03874
14	0.03210	0.10462	0.02935	0.03683	0.03931	0.03844	0.02582	0.11343	0.09774	0.06406	0.03884	0.20871	0.01747	0.00861	0.00539	0.00165	0.00489	0.00731	0.01660	0.10885
15	0.09341	0.01300	0.05863	0.04900	0.01684	0.03934	0.08931	0.20370	0.05773	0.08430	0.03412	0.01510	0.01070	0.03666	0.00696	0.03637	0.02442	0.00492	0.00409	0.12140
16	0.08786	0.09453	0.04361	0.04968	0.05886	0.10732	0.03320	0.16614	0.09256	0.09002	0.01536	0.03439	0.04163	0.00679	0.00517	0.00165	0.00598	0.03584	0.00418	0.02522
17	0.17665	0.12251	0.09690	0.01072	0.01497	0.09737	0.02539	0.08493	0.06202	0.15943	0.01286	0.03895	0.00986	0.00600	0.00469	0.00156	0.00576	0.00448	0.00404	0.06090

[dist]
# distance from previous block
# <min> <max>
5	50

[block]
# block no. 4 follows, 44 sequences, length 26
# corresponding to MSA columns:
# 202-204,209-226,244-248
name=unknown_E
#
# <colnr> <probs for GDERKNQSTAVLIFYWHMCP>
#	G	D	E	R	K	N	Q	S	T	A	V	L	I	F	Y	W	H	M	C	P
0	0.10887	0.03528	0.01354	0.02970	0.01468	0.01050	0.06372	0.11292	0.07700	0.11558	0.03814	0.01697	0.06495	0.00610	0.00489	0.00143	0.00480	0.00500	0.00430	0.27163
1	0.01413	0.00989	0.01097	0.04671	0.01281	0.06644	0.00738	0.15015	0.05026	0.10148	0.03777	0.05789	0.04023	0.01057	0.00970	0.23230	0.00505	0.00565	0.04025	0.09036
2	0.09010	0.08357	0.16588	0.01129	0.02945	0.01198	0.03113	0.09494	0.13083	0.03466	0.07060	0.06122	0.01424	0.02212	0.00547	0.00165	0.00532	0.00543	0.00394	0.12618
3	0.01591	0.01505	0.05837	0.01417	0.07287	0.18249	0.08685	0.09891	0.03618	0.12755	0.08263	0.06335	0.03210	0.00723	0.00617	0.00167	0.04496	0.00596	0.00417	0.04341
4	0.00868	0.00698	0.00811	0.00740	0.00916	0.03622	0.00561	0.01156	0.04173	0.02037	0.56880	0.03600	0.08772	0.01151	0.03784	0.00192	0.00356	0.00880	0.00542	0.08263
5	0.01086	0.01255	0.15024	0.06453	0.11956	0.00958	0.11280	0.01482	0.04239	0.05501	0.19297	0.04594	0.11376	0.00797	0.00590	0.00174	0.00551	0.00724	0.00405	0.02257
6	0.01152	0.04483	0.48475	0.01691	0.02370	0.01295	0.22769	0.01740	0.04253	0.01732	0.01236	0.01430	0.03760	0.00543	0.00555	0.00175	0.00796	0.00506	0.00267	0.00772
7	0.01499	0.52735	0.05337	0.01030	0.01459	0.03463	0.00975	0.14367	0.01356	0.01695	0.00987	0.05201	0.00897	0.00587	0.00472	0.00137	0.03800	0.00407	0.00305	0.03293
8	0.01415	0.13514	0.31760	0.04665	0.01947	0.05023	0.04888	0.01860	0.04282	0.12965	0.01168	0.01269	0.00853	0.00528	0.00490	0.00152	0.00665	0.00419	0.00327	0.11810
9	0.00708	0.00541	0.00650	0.00652	0.00783	0.00483	0.00478	0.00896	0.01352	0.01799	0.39248	0.17689	0.30124	0.01310	0.00653	0.00185	0.00274	0.01141	0.00551	0.00483
10	0.01458	0.81168	0.02857	0.00933	0.01399	0.02157	0.00933	0.01632	0.01108	0.01283	0.00758	0.00875	0.00700	0.00466	0.00350	0.00117	0.00583	0.00292	0.00233	0.00700
11	0.01210	0.17887	0.12702	0.01492	0.01951	0.02535	0.28402	0.03764	0.04310	0.01684	0.05149	0.09050	0.06076	0.00693	0.00562	0.00170	0.00678	0.00661	0.00332	0.00692
12	0.01060	0.01050	0.10016	0.13611	0.01770	0.02413	0.09168	0.01332	0.01085	0.07631	0.01682	0.08546	0.04482	0.09846	0.21734	0.00405	0.00860	0.02378	0.00341	0.00588
13	0.00701	0.00483	0.00649	0.00759	0.00796	0.00454	0.00516	0.00771	0.01025	0.01360	0.02866	0.67110	0.05476	0.01708	0.00842	0.08684	0.00339	0.04557	0.00479	0.00425
14	0.01436	0.17755	0.10436	0.03513	0.01676	0.01375	0.09329	0.17050	0.05899	0.06206	0.01307	0.01548	0.02048	0.00962	0.06395	0.07184	0.00678	0.01772	0.02711	0.00717
15	0.01368	0.01233	0.02032	0.07188	0.57764	0.01267	0.03049	0.03875	0.03477	0.04884	0.01192	0.01625	0.01005	0.00575	0.00599	0.00172	0.03504	0.04056	0.00311	0.00824
16	0.01156	0.01276	0.10784	0.04594	0.12900	0.01072	0.25682	0.01562	0.04289	0.04675	0.03642	0.14159	0.01672	0.00822	0.00624	0.00192	0.00665	0.09175	0.00365	0.00693
17	0.01489	0.61088	0.06175	0.01063	0.01534	0.05752	0.04012	0.06314	0.03549	0.01501	0.00871	0.00986	0.00751	0.00492	0.00396	0.00127	0.00619	0.00337	0.00269	0.02675
18	0.84691	0.01054	0.00801	0.00717	0.01054	0.01223	0.00590	0.01603	0.00928	0.02446	0.00759	0.00886	0.00590	0.00506	0.00337	0.00169	0.00422	0.00295	0.00337	0.00590
19	0.01206	0.01113	0.01785	0.09050	0.49711	0.01149	0.01370	0.01628	0.09486	0.01737	0.01492	0.15023	0.01411	0.00729	0.00569	0.00176	0.00574	0.00683	0.00340	0.00770
20	0.00650	0.00553	0.00561	0.00559	0.00740	0.00463	0.00419	0.00794	0.01257	0.01507	0.08944	0.05191	0.73776	0.01368	0.00644	0.00183	0.00275	0.01143	0.00511	0.00463
21	0.01143	0.01218	0.08876	0.01590	0.14287	0.01091	0.10395	0.03064	0.06755	0.01683	0.01190	0.01524	0.00996	0.01370	0.18816	0.00324	0.07509	0.00497	0.00307	0.17364
22	0.01030	0.00969	0.01635	0.79530	0.03755	0.01211	0.01514	0.01393	0.01090	0.01393	0.00969	0.01453	0.00727	0.00545	0.00545	0.00182	0.00727	0.00484	0.00242	0.00606
23	0.10947	0.05728	0.08118	0.02118	0.32835	0.10345	0.06789	0.06725	0.01311	0.01884	0.00976	0.01201	0.00788	0.00501	0.00496	0.00154	0.00667	0.00430	0.00297	0.07690
24	0.01087	0.01002	0.01618	0.56977	0.13771	0.01183	0.01414	0.03270	0.04810	0.01542	0.01258	0.05899	0.02631	0.00631	0.00555	0.00181	0.00666	0.00565	0.00289	0.00650
25	0.01506	0.62326	0.02542	0.01027	0.01437	0.08742	0.00961	0.04256	0.04839	0.01411	0.00852	0.00977	0.00756	0.00527	0.00476	0.00132	0.05935	0.00332	0.00264	0.00703

[dist]
# distance from previous block
# <min> <max>
0	1

[block]
# block no. 5 follows, 44 sequences, length 28
# corresponding to MSA columns:
# 250-258,260-278
name=unknown_F
#
# <colnr> <probs for GDERKNQSTAVLIFYWHMCP>
#	G	D	E	R	K	N	Q	S	T	A	V	L	I	F	Y	W	H	M	C	P
0	0.01357	0.01285	0.02370	0.09970	0.31870	0.01270	0.28039	0.04815	0.01313	0.05522	0.01187	0.01609	0.00951	0.00536	0.00583	0.00174	0.00730	0.03410	0.00311	0.02698
1	0.00810	0.00622	0.00739	0.00832	0.00897	0.03905	0.00611	0.00937	0.01085	0.01403	0.02654	0.41531	0.03060	0.15238	0.01062	0.00280	0.00437	0.22982	0.00465	0.00449
2	0.01016	0.00508	0.00508	0.00508	0.00635	0.00508	0.00381	0.01270	0.01143	0.02033	0.01778	0.02033	0.01397	0.00635	0.00381	0.00127	0.00254	0.00508	0.83867	0.00508
3	0.01130	0.01056	0.01684	0.48557	0.14140	0.01286	0.01421	0.04298	0.01125	0.01517	0.01036	0.04816	0.00878	0.00660	0.00760	0.00189	0.14000	0.00530	0.00269	0.00648
4	0.01193	0.01193	0.01670	0.01431	0.01431	0.01670	0.01193	0.01312	0.00835	0.01312	0.00716	0.01193	0.00716	0.00954	0.01789	0.00239	0.79843	0.00477	0.00239	0.00596
5	0.66764	0.01277	0.00952	0.00837	0.01177	0.11403	0.00675	0.05263	0.01096	0.02323	0.00804	0.00928	0.00629	0.00517	0.00370	0.00162	0.00503	0.00313	0.00340	0.03668
6	0.04708	0.06941	0.06103	0.00916	0.01346	0.02948	0.00792	0.03764	0.01279	0.18657	0.04390	0.07127	0.01280	0.00614	0.00473	0.00130	0.00465	0.00495	0.00419	0.37153
7	0.01425	0.01502	0.01753	0.05788	0.31905	0.21658	0.04859	0.04351	0.01346	0.01661	0.04223	0.09840	0.01343	0.00713	0.00593	0.00170	0.02779	0.03055	0.00327	0.00709
8	0.69358	0.01087	0.00923	0.00791	0.01145	0.01228	0.00652	0.08677	0.01140	0.09453	0.00939	0.01015	0.00692	0.00536	0.00376	0.00168	0.00442	0.00337	0.00388	0.00653
9	0.01116	0.00938	0.01479	0.08554	0.26099	0.00963	0.03904	0.04587	0.01290	0.01757	0.01943	0.03652	0.01947	0.00984	0.00639	0.00205	0.00578	0.35057	0.03654	0.00655
10	0.01016	0.00508	0.00508	0.00508	0.00635	0.00508	0.00381	0.01270	0.01143	0.02033	0.01778	0.02033	0.01397	0.00635	0.00381	0.00127	0.00254	0.00508	0.83867	0.00508
11	0.01045	0.32204	0.07815	0.00845	0.01159	0.01206	0.00789	0.01276	0.01274	0.01665	0.28433	0.08429	0.10126	0.00884	0.00522	0.00155	0.00435	0.00726	0.00410	0.00600
12	0.01014	0.00930	0.01327	0.01191	0.01233	0.01242	0.00972	0.01166	0.00853	0.01292	0.01038	0.01603	0.00996	0.02310	0.35046	0.00514	0.45941	0.00523	0.00262	0.00549
13	0.01016	0.00508	0.00508	0.00508	0.00635	0.00508	0.00381	0.01270	0.01143	0.02033	0.01778	0.02033	0.01397	0.00635	0.00381	0.00127	0.00254	0.00508	0.83867	0.00508
14	0.01217	0.00894	0.01142	0.01025	0.01257	0.00921	0.04168	0.20369	0.04477	0.04263	0.22287	0.09993	0.02939	0.01101	0.00648	0.00197	0.00461	0.21460	0.00536	0.00645
15	0.01230	0.00966	0.01141	0.00820	0.01300	0.00732	0.00658	0.01470	0.01163	0.07556	0.01059	0.01186	0.00849	0.00424	0.00415	0.00087	0.00408	0.00340	0.00350	0.77846
16	0.00671	0.00479	0.00641	0.00767	0.00802	0.00449	0.00518	0.00771	0.01051	0.01399	0.03001	0.78071	0.03591	0.01701	0.00698	0.00222	0.00322	0.03895	0.00506	0.00445
17	0.01138	0.10354	0.64497	0.01491	0.02240	0.01335	0.04718	0.01703	0.01151	0.01686	0.00961	0.01136	0.00702	0.00506	0.00502	0.00164	0.00771	0.00398	0.00236	0.04313
18	0.01130	0.00969	0.01130	0.00807	0.01292	0.00727	0.00646	0.01373	0.01130	0.01776	0.00969	0.01130	0.00807	0.00404	0.00404	0.00081	0.00404	0.00323	0.00323	0.84173
19	0.00816	0.00577	0.00782	0.00773	0.00819	0.00642	0.00545	0.00892	0.00827	0.01157	0.01486	0.02621	0.01543	0.33950	0.38920	0.08169	0.04121	0.00652	0.00300	0.00407
20	0.01545	0.70611	0.02679	0.00980	0.01431	0.07640	0.00943	0.04590	0.01206	0.03050	0.00816	0.00921	0.00723	0.00485	0.00372	0.00121	0.00610	0.00309	0.00259	0.00709
21	0.01465	0.01946	0.38904	0.01386	0.04890	0.01143	0.03256	0.08433	0.03151	0.16433	0.01265	0.01333	0.00888	0.00546	0.00515	0.00158	0.00652	0.00441	0.00367	0.12829
22	0.06262	0.15508	0.14249	0.06591	0.14976	0.07989	0.02726	0.10566	0.01399	0.11350	0.01206	0.01325	0.02419	0.00561	0.00494	0.00158	0.00652	0.00441	0.00348	0.00779
23	0.00794	0.00599	0.00873	0.00865	0.00949	0.00699	0.00662	0.00966	0.00866	0.01245	0.01462	0.02260	0.01406	0.12073	0.68087	0.00818	0.04005	0.00603	0.00294	0.00474
24	0.00756	0.00613	0.00917	0.04226	0.01097	0.00620	0.05752	0.00890	0.01057	0.01414	0.02740	0.63604	0.06033	0.01511	0.00754	0.00217	0.05499	0.01357	0.00462	0.00480
25	0.01658	0.06208	0.08928	0.05252	0.23611	0.13544	0.04803	0.05532	0.07622	0.15595	0.01295	0.01402	0.00962	0.00564	0.00527	0.00162	0.00675	0.00475	0.00375	0.00809
26	0.01207	0.08814	0.50753	0.01541	0.05554	0.01427	0.01705	0.05517	0.02907	0.01730	0.00967	0.01173	0.00738	0.00592	0.00705	0.00178	0.13042	0.00419	0.00257	0.00775
27	0.01172	0.01176	0.01522	0.04021	0.15518	0.11114	0.06045	0.01359	0.01110	0.01476	0.01524	0.24578	0.01617	0.00984	0.00917	0.00198	0.21791	0.00790	0.02476	0.00613

[dist]
# distance from previous block
# <min> <max>
0	2

[block]
# block no. 6 follows, 44 sequences, length 17
# corresponding to MSA columns:
# 281-297
name=unknown_G
#
# <colnr> <probs for GDERKNQSTAVLIFYWHMCP>
#	G	D	E	R	K	N	Q	S	T	A	V	L	I	F	Y	W	H	M	C	P
0	0.04424	0.01444	0.01645	0.01830	0.26496	0.16772	0.03067	0.04927	0.01337	0.06629	0.01048	0.01227	0.00837	0.00496	0.00486	0.00135	0.00628	0.00411	0.00328	0.25835
1	0.00740	0.00568	0.00612	0.00593	0.00777	0.00484	0.00448	0.00902	0.01308	0.04686	0.17999	0.04903	0.61458	0.01305	0.00640	0.00181	0.00280	0.01097	0.00530	0.00489
2	0.01349	0.01295	0.02213	0.03346	0.77440	0.01295	0.01673	0.01673	0.01241	0.01781	0.01025	0.01349	0.00864	0.00486	0.00540	0.00162	0.00648	0.00486	0.00270	0.00864
3	0.01166	0.01158	0.01509	0.01317	0.01342	0.05530	0.01076	0.01288	0.00874	0.01293	0.00867	0.01432	0.00864	0.06113	0.10457	0.00323	0.62067	0.00502	0.00252	0.00570
4	0.00731	0.00527	0.00700	0.00814	0.00882	0.00502	0.00606	0.00872	0.01112	0.01458	0.03091	0.51237	0.08109	0.04003	0.00772	0.00237	0.00375	0.23014	0.00500	0.00458
5	0.02072	0.01527	0.01636	0.01254	0.01691	0.01691	0.01036	0.75622	0.02563	0.03436	0.01309	0.01309	0.00927	0.00654	0.00545	0.00164	0.00600	0.00491	0.00545	0.00927
6	0.00787	0.00541	0.00646	0.00649	0.00677	0.00551	0.00406	0.00835	0.00857	0.01152	0.03949	0.03523	0.04790	0.62269	0.13357	0.00546	0.00643	0.03109	0.00344	0.00368
7	0.01193	0.01193	0.01670	0.01431	0.01431	0.01670	0.01193	0.01312	0.00835	0.01312	0.00716	0.01193	0.00716	0.00954	0.01789	0.00239	0.79843	0.00477	0.00239	0.00596
8	0.06330	0.01211	0.01414	0.01089	0.01513	0.01233	0.00899	0.36302	0.01992	0.39748	0.01693	0.01555	0.01117	0.00657	0.00537	0.00166	0.00525	0.00509	0.00598	0.00911
9	0.00844	0.00682	0.00941	0.00920	0.01013	0.02956	0.00716	0.01025	0.00889	0.01264	0.01399	0.02092	0.01320	0.06441	0.68425	0.00798	0.06913	0.00577	0.00289	0.00493
10	0.00660	0.00493	0.00614	0.00710	0.00778	0.00447	0.00484	0.00765	0.01091	0.01411	0.03602	0.62639	0.21066	0.01630	0.00684	0.00213	0.00307	0.01455	0.00506	0.00447
11	0.01087	0.01031	0.01729	0.64051	0.15390	0.01244	0.01526	0.01434	0.01103	0.01451	0.00967	0.01426	0.00748	0.00553	0.00598	0.00181	0.04104	0.00484	0.00246	0.00646
12	0.01343	0.01314	0.02317	0.03238	0.69707	0.01304	0.09322	0.01681	0.01246	0.01777	0.01034	0.01362	0.00860	0.00483	0.00550	0.00164	0.00676	0.00502	0.00270	0.00850
13	0.00799	0.00703	0.00970	0.00920	0.01072	0.03452	0.09512	0.00965	0.01177	0.01503	0.07012	0.41320	0.22595	0.01392	0.00668	0.00203	0.00408	0.04358	0.00475	0.00496
14	0.01528	0.03680	0.01343	0.02644	0.04535	0.27288	0.00936	0.03530	0.25502	0.05032	0.03360	0.09045	0.01609	0.00813	0.00558	0.00174	0.00632	0.06653	0.00434	0.00705
15	0.20832	0.01408	0.09329	0.01133	0.01581	0.01318	0.04636	0.30333	0.03468	0.13104	0.01375	0.01394	0.02942	0.00610	0.00497	0.00165	0.00556	0.00466	0.00459	0.04393
16	0.42974	0.01143	0.01225	0.01128	0.07404	0.03120	0.03776	0.08003	0.04513	0.20083	0.01230	0.01260	0.00876	0.00566	0.00446	0.00168	0.00499	0.00415	0.00434	0.00738

[dist]
# distance from previous block
# <min> <max>
3	13

[block]
# block no. 7 follows, 44 sequences, length 14
# corresponding to MSA columns:
# 311-324
name=unknown_H
#
# <colnr> <probs for GDERKNQSTAVLIFYWHMCP>
#	G	D	E	R	K	N	Q	S	T	A	V	L	I	F	Y	W	H	M	C	P
0	0.01326	0.01029	0.01180	0.00931	0.01307	0.06578	0.03311	0.03039	0.01265	0.11548	0.05828	0.02026	0.01420	0.05969	0.00645	0.00153	0.00486	0.07200	0.00401	0.44359
1	0.00682	0.00485	0.00642	0.00761	0.00795	0.00457	0.00513	0.00779	0.01039	0.01383	0.02924	0.72464	0.03488	0.06349	0.00821	0.00241	0.00338	0.04905	0.00496	0.00439
2	0.01428	0.19560	0.34353	0.01292	0.01875	0.01499	0.03214	0.16757	0.04215	0.05224	0.04747	0.01332	0.01021	0.00576	0.00498	0.00159	0.00663	0.00444	0.00344	0.00798
3	0.01439	0.15922	0.29507	0.01280	0.01815	0.23335	0.01316	0.01827	0.03836	0.01565	0.00943	0.01083	0.00746	0.00513	0.00466	0.00141	0.00746	0.00365	0.00270	0.12886
4	0.00901	0.00714	0.00828	0.00727	0.00987	0.00603	0.00550	0.01150	0.04916	0.03513	0.12260	0.17254	0.24330	0.01040	0.00568	0.00155	0.00335	0.00892	0.00465	0.27810
5	0.01553	0.13755	0.01550	0.01092	0.01399	0.14013	0.00891	0.26688	0.04807	0.02097	0.04869	0.01604	0.01217	0.03804	0.17917	0.00323	0.00825	0.00496	0.00394	0.00705
6	0.00881	0.00532	0.00644	0.00653	0.00742	0.00559	0.00473	0.01062	0.00995	0.01587	0.01760	0.08004	0.01647	0.15460	0.24560	0.00430	0.00671	0.00655	0.38219	0.00467
7	0.01312	0.01189	0.01853	0.32507	0.33404	0.01326	0.01478	0.10920	0.04944	0.01849	0.01087	0.01413	0.00852	0.00556	0.00580	0.00173	0.02993	0.00492	0.00307	0.00763
8	0.00695	0.00551	0.00625	0.00613	0.00769	0.00481	0.00457	0.00878	0.01353	0.01750	0.33621	0.07863	0.45829	0.01289	0.00646	0.00181	0.00270	0.01102	0.00543	0.00481
9	0.01297	0.05569	0.01969	0.12799	0.50211	0.03204	0.01446	0.03487	0.04871	0.01754	0.03493	0.01631	0.04754	0.00573	0.00538	0.00164	0.00622	0.00525	0.00306	0.00787
10	0.01252	0.01110	0.03552	0.06977	0.09680	0.02347	0.00936	0.10299	0.11043	0.03077	0.04683	0.06940	0.03557	0.03436	0.00655	0.00164	0.04224	0.00573	0.00395	0.25100
11	0.41132	0.13450	0.01320	0.00940	0.03470	0.09817	0.00750	0.01702	0.05174	0.01999	0.00892	0.01014	0.00724	0.00500	0.00386	0.00143	0.00512	0.00329	0.00323	0.15425
12	0.01016	0.00508	0.00508	0.00508	0.00635	0.00508	0.00381	0.01270	0.01143	0.02033	0.01778	0.02033	0.01397	0.00635	0.00381	0.00127	0.00254	0.00508	0.83867	0.00508
13	0.01202	0.01281	0.08859	0.10974	0.12095	0.05192	0.01061	0.03042	0.05135	0.01743	0.01139	0.04981	0.00967	0.00536	0.00480	0.00130	0.00549	0.00451	0.00320	0.39863

[dist]
# distance from previous block
# <min> <max>
0	2

[block]
# block no. 8 follows, 44 sequences, length 65
# corresponding to MSA columns:
# 327-361,364-393
name=unknown_I
#
# <colnr> <probs for GDERKNQSTAVLIFYWHMCP>
#	G	D	E	R	K	N	Q	S	T	A	V	L	I	F	Y	W	H	M	C	P
0	0.47548	0.10740	0.17238	0.00971	0.01432	0.01362	0.00972	0.07754	0.01155	0.05238	0.00905	0.01013	0.00682	0.00523	0.00402	0.00163	0.00537	0.00343	0.00333	0.00689
1	0.01193	0.01193	0.01670	0.01431	0.01431	0.01670	0.01193	0.01312	0.00835	0.01312	0.00716	0.01193	0.00716	0.00954	0.01789	0.00239	0.79843	0.00477	0.00239	0.00596
2	0.03434	0.00959	0.01201	0.00977	0.04185	0.00798	0.02866	0.04888	0.01235	0.09926	0.01358	0.10847	0.01207	0.00610	0.00471	0.00119	0.00433	0.00518	0.00390	0.53577
3	0.01328	0.01087	0.01440	0.01042	0.01525	0.00914	0.09506	0.09680	0.01331	0.06290	0.01090	0.01232	0.00854	0.00453	0.00456	0.00107	0.00489	0.00392	0.00362	0.60422
4	0.00922	0.00486	0.00710	0.00710	0.00716	0.00492	0.00474	0.00735	0.00728	0.00977	0.01051	0.01864	0.01069	0.09318	0.07073	0.71112	0.00542	0.00510	0.00249	0.00261
5	0.01130	0.00969	0.01130	0.00807	0.01292	0.00727	0.00646	0.01373	0.01130	0.01776	0.00969	0.01130	0.00807	0.00404	0.00404	0.00081	0.00404	0.00323	0.00323	0.84173
6	0.06855	0.08704	0.23078	0.07460	0.11871	0.14712	0.01340	0.01852	0.01264	0.12735	0.01182	0.04524	0.00930	0.00590	0.00504	0.00163	0.00696	0.00463	0.00329	0.00748
7	0.84691	0.01054	0.00801	0.00717	0.01054	0.01223	0.00590	0.01603	0.00928	0.02446	0.00759	0.00886	0.00590	0.00506	0.00337	0.00169	0.00422	0.00295	0.00337	0.00590
8	0.00650	0.00550	0.00561	0.00563	0.00741	0.00462	0.00421	0.00791	0.01248	0.01497	0.08112	0.07380	0.72410	0.01380	0.00646	0.00185	0.00277	0.01156	0.00510	0.00462
9	0.01016	0.00508	0.00508	0.00508	0.00635	0.00508	0.00381	0.01270	0.01143	0.02033	0.01778	0.02033	0.01397	0.00635	0.00381	0.00127	0.00254	0.00508	0.83867	0.00508
10	0.01645	0.01315	0.01395	0.01168	0.01528	0.01491	0.00933	0.32226	0.46655	0.02746	0.01852	0.01742	0.01367	0.00705	0.00551	0.00176	0.00499	0.00566	0.00551	0.00889
11	0.01388	0.01278	0.02141	0.03174	0.71762	0.01280	0.01610	0.01756	0.04242	0.04457	0.01112	0.01394	0.00912	0.00502	0.00541	0.00163	0.00633	0.00493	0.00295	0.00866
12	0.01016	0.00508	0.00508	0.00508	0.00635	0.00508	0.00381	0.01270	0.01143	0.02033	0.01778	0.02033	0.01397	0.00635	0.00381	0.00127	0.00254	0.00508	0.83867	0.00508
13	0.01287	0.01471	0.03217	0.02298	0.02849	0.01379	0.75460	0.01746	0.01287	0.01746	0.01103	0.01471	0.00827	0.00460	0.00643	0.00184	0.00919	0.00643	0.00276	0.00735
14	0.01130	0.00969	0.01130	0.00807	0.01292	0.00727	0.00646	0.01373	0.01130	0.01776	0.00969	0.01130	0.00807	0.00404	0.00404	0.00081	0.00404	0.00323	0.00323	0.84173
15	0.05340	0.01665	0.01610	0.01334	0.04479	0.13572	0.01045	0.58547	0.02291	0.03009	0.01204	0.01243	0.00877	0.00628	0.00529	0.00160	0.00654	0.00461	0.00486	0.00866
16	0.02285	0.00963	0.01267	0.00973	0.01396	0.00851	0.00800	0.05193	0.04671	0.66103	0.02032	0.01787	0.01305	0.00656	0.00537	0.00162	0.00463	0.00532	0.00638	0.07388
17	0.00672	0.00552	0.00591	0.00585	0.00754	0.00471	0.00437	0.00834	0.01302	0.01622	0.20573	0.06543	0.60511	0.01331	0.00645	0.00182	0.00273	0.01124	0.00526	0.00471
18	0.01380	0.01162	0.01238	0.01109	0.01414	0.01332	0.00870	0.08908	0.65285	0.02330	0.02189	0.04032	0.01710	0.00788	0.00566	0.00187	0.00446	0.03663	0.00551	0.00843
19	0.00673	0.00481	0.00643	0.00769	0.00805	0.00450	0.00522	0.00774	0.01053	0.01402	0.03000	0.77400	0.03586	0.01700	0.00698	0.00223	0.00324	0.04546	0.00506	0.00445
20	0.01592	0.03711	0.05365	0.01796	0.02225	0.32992	0.35677	0.03673	0.01413	0.01603	0.01060	0.01428	0.00863	0.00550	0.00572	0.00166	0.00909	0.03423	0.00291	0.00690
21	0.01108	0.00950	0.01326	0.36007	0.02354	0.00999	0.01055	0.08920	0.01258	0.01720	0.01444	0.09992	0.04169	0.00695	0.00530	0.00157	0.00556	0.02227	0.00341	0.24192
22	0.01287	0.01471	0.03217	0.02298	0.02849	0.01379	0.75460	0.01746	0.01287	0.01746	0.01103	0.01471	0.00827	0.00460	0.00643	0.00184	0.00919	0.00643	0.00276	0.00735
23	0.01369	0.01365	0.09909	0.01641	0.19738	0.03127	0.02699	0.06332	0.09357	0.06432	0.01197	0.01342	0.00933	0.00533	0.00551	0.00142	0.04079	0.00440	0.00354	0.28459
24	0.00784	0.00563	0.00768	0.00768	0.00828	0.00623	0.00546	0.00904	0.00844	0.01185	0.01559	0.02690	0.01601	0.33618	0.49476	0.00742	0.01102	0.00664	0.00307	0.00427
25	0.01030	0.00969	0.01635	0.79530	0.03755	0.01211	0.01514	0.01393	0.01090	0.01393	0.00969	0.01453	0.00727	0.00545	0.00545	0.00182	0.00727	0.00484	0.00242	0.00606
26	0.01066	0.00970	0.01295	0.01217	0.01287	0.02875	0.01025	0.01268	0.02558	0.01466	0.01817	0.03356	0.04877	0.01180	0.01274	0.00238	0.41487	0.29823	0.00362	0.00559
27	0.00789	0.00582	0.00740	0.00696	0.00835	0.00545	0.00523	0.01091	0.04520	0.02155	0.70677	0.04048	0.08508	0.01113	0.00640	0.00173	0.00265	0.00979	0.00594	0.00526
28	0.01458	0.81168	0.02857	0.00933	0.01399	0.02157	0.00933	0.01632	0.01108	0.01283	0.00758	0.00875	0.00700	0.00466	0.00350	0.00117	0.00583	0.00292	0.00233	0.00700
29	0.01488	0.01688	0.01512	0.01340	0.01458	0.32631	0.01057	0.01612	0.01121	0.01303	0.00867	0.01305	0.00822	0.05966	0.05176	0.00249	0.39101	0.00451	0.00264	0.00589
30	0.00731	0.00548	0.00677	0.00660	0.00793	0.00495	0.00489	0.00944	0.01424	0.01938	0.52768	0.11385	0.22679	0.01234	0.00648	0.00179	0.00267	0.01078	0.00568	0.00495
31	0.01026	0.01735	0.38303	0.01323	0.01805	0.00972	0.06069	0.01464	0.01211	0.03404	0.04603	0.07897	0.01873	0.00942	0.00620	0.00202	0.00653	0.24863	0.00364	0.00670
32	0.00788	0.00529	0.00593	0.00593	0.00600	0.00526	0.00333	0.00792	0.00809	0.01072	0.01851	0.03626	0.04610	0.78065	0.02700	0.00517	0.00520	0.00805	0.00336	0.00335
33	0.01636	0.02040	0.42824	0.01358	0.01993	0.01180	0.03583	0.11287	0.01457	0.25243	0.01382	0.01396	0.00926	0.00581	0.00534	0.00171	0.00678	0.00465	0.00407	0.00856
34	0.01858	0.09066	0.01744	0.01348	0.01677	0.39638	0.04266	0.19757	0.06562	0.01913	0.01039	0.01156	0.00825	0.00610	0.00593	0.00155	0.06293	0.00418	0.00355	0.00726
35	0.01404	0.01086	0.01288	0.00993	0.01383	0.01045	0.00805	0.10899	0.09256	0.09149	0.01221	0.01325	0.00952	0.00569	0.00635	0.00131	0.10964	0.00417	0.00397	0.46082
36	0.03110	0.10820	0.03675	0.03114	0.07794	0.09057	0.05577	0.16553	0.12789	0.11392	0.01467	0.01731	0.01163	0.03748	0.02107	0.00193	0.00632	0.03876	0.00427	0.00777
37	0.00668	0.00525	0.00605	0.00657	0.00777	0.00463	0.00474	0.00799	0.01180	0.01481	0.07757	0.34419	0.42270	0.01501	0.00669	0.00201	0.00300	0.04287	0.00510	0.00458
38	0.00994	0.00614	0.00754	0.00711	0.00891	0.00549	0.00546	0.01181	0.01351	0.13477	0.26957	0.07181	0.28446	0.06259	0.00776	0.00207	0.00337	0.07672	0.00550	0.00544
39	0.01447	0.36700	0.29565	0.01254	0.01804	0.17748	0.01346	0.01779	0.01214	0.01453	0.00855	0.00996	0.00697	0.00505	0.00440	0.00142	0.00746	0.00344	0.00242	0.00724
40	0.04713	0.04383	0.01700	0.34599	0.09182	0.12504	0.04022	0.10515	0.09741	0.01810	0.01124	0.01380	0.00861	0.00569	0.00526	0.00169	0.00698	0.00472	0.00326	0.00707
41	0.00769	0.00523	0.00607	0.00632	0.00646	0.00515	0.00377	0.00796	0.00860	0.01141	0.02076	0.16524	0.04504	0.63167	0.02311	0.00460	0.00485	0.02881	0.00369	0.00358
42	0.00661	0.00487	0.00620	0.00727	0.00782	0.00446	0.00492	0.00763	0.01075	0.01404	0.03395	0.68826	0.15013	0.01657	0.00688	0.00216	0.00310	0.01488	0.00506	0.00446
43	0.01687	0.32207	0.02125	0.01232	0.01600	0.30074	0.05513	0.09879	0.01447	0.01606	0.04259	0.01152	0.00931	0.00568	0.00508	0.00142	0.03683	0.00394	0.00304	0.00690
44	0.01047	0.00645	0.00844	0.00789	0.00915	0.00667	0.00572	0.01236	0.04294	0.11843	0.04540	0.02662	0.01729	0.30911	0.32487	0.00579	0.00874	0.00665	0.00383	0.02319
45	0.00947	0.00473	0.00710	0.00710	0.00710	0.00473	0.00473	0.00710	0.00710	0.00947	0.00947	0.01657	0.00947	0.01894	0.02131	0.84138	0.00473	0.00473	0.00237	0.00237
46	0.01030	0.00969	0.01635	0.79530	0.03755	0.01211	0.01514	0.01393	0.01090	0.01393	0.00969	0.01453	0.00727	0.00545	0.00545	0.00182	0.00727	0.00484	0.00242	0.00606
47	0.03589	0.01221	0.03505	0.11809	0.27382	0.03058	0.06344	0.09982	0.06279	0.09649	0.08700	0.01806	0.01403	0.00632	0.00558	0.00171	0.00603	0.02136	0.00395	0.00780
48	0.03628	0.01205	0.01265	0.01098	0.01423	0.01376	0.00866	0.17083	0.56201	0.02500	0.01980	0.01862	0.01478	0.00712	0.00539	0.00177	0.00455	0.00578	0.04724	0.00851
49	0.78982	0.01069	0.00848	0.00746	0.01090	0.01229	0.00614	0.04575	0.01011	0.04709	0.00822	0.00931	0.00626	0.00517	0.00352	0.00168	0.00430	0.00310	0.00356	0.00614
50	0.04794	0.01324	0.01221	0.04023	0.03101	0.20203	0.00860	0.04886	0.09028	0.06550	0.05579	0.04560	0.03343	0.06008	0.00847	0.00195	0.12194	0.00565	0.10086	0.00633
51	0.01287	0.01471	0.03217	0.02298	0.02849	0.01379	0.75460	0.01746	0.01287	0.01746	0.01103	0.01471	0.00827	0.00460	0.00643	0.00184	0.00919	0.00643	0.00276	0.00735
52	0.01042	0.00986	0.01638	0.73746	0.03583	0.01245	0.01490	0.01387	0.01071	0.01387	0.00950	0.01434	0.00726	0.00575	0.00637	0.00186	0.06586	0.00484	0.00242	0.00605
53	0.00796	0.00551	0.00647	0.00675	0.00785	0.00505	0.00479	0.00910	0.01104	0.05069	0.03550	0.24055	0.30044	0.17930	0.02893	0.00284	0.00392	0.06569	0.02304	0.00456
54	0.78138	0.01044	0.00838	0.00737	0.01081	0.01189	0.00607	0.01687	0.00978	0.08452	0.00870	0.00963	0.00651	0.00520	0.00354	0.00169	0.00425	0.00315	0.00364	0.00617
55	0.00790	0.00569	0.00760	0.00760	0.00829	0.00614	0.00548	0.00887	0.00891	0.01217	0.01993	0.04676	0.09950	0.25524	0.37280	0.06891	0.02745	0.02325	0.00331	0.00422
56	0.00716	0.00520	0.00684	0.00800	0.00853	0.00500	0.00561	0.00887	0.04195	0.01454	0.02960	0.69294	0.03475	0.01646	0.00696	0.00223	0.00341	0.09221	0.00508	0.00467
57	0.00758	0.00569	0.00817	0.00830	0.00923	0.00636	0.00631	0.00932	0.00916	0.01285	0.01922	0.09950	0.07267	0.06700	0.62359	0.00748	0.01225	0.00727	0.00330	0.00474
58	0.84691	0.01054	0.00801	0.00717	0.01054	0.01223	0.00590	0.01603	0.00928	0.02446	0.00759	0.00886	0.00590	0.00506	0.00337	0.00169	0.00422	0.00295	0.00337	0.00590
59	0.01133	0.01071	0.01735	0.47546	0.15872	0.01264	0.04380	0.01598	0.09146	0.01559	0.01114	0.01500	0.00871	0.00679	0.02827	0.00202	0.06032	0.00507	0.00283	0.00679
60	0.00789	0.00668	0.03924	0.00889	0.01009	0.00692	0.00716	0.00991	0.00889	0.01280	0.01495	0.04422	0.01424	0.06730	0.70497	0.00816	0.01367	0.00613	0.00297	0.00492
61	0.01330	0.13613	0.43853	0.01302	0.01912	0.01334	0.01491	0.03632	0.11205	0.09768	0.02880	0.03083	0.01052	0.00598	0.00509	0.00167	0.00661	0.00469	0.00341	0.00800
62	0.01208	0.01647	0.28276	0.03525	0.09471	0.01108	0.02494	0.04505	0.01217	0.06635	0.02969	0.01700	0.08064	0.00729	0.02402	0.00180	0.08861	0.00511	0.00327	0.14173
63	0.01026	0.00908	0.01272	0.01144	0.01204	0.01185	0.00925	0.03957	0.00917	0.01362	0.01110	0.01714	0.01062	0.05514	0.36038	0.00531	0.38766	0.00538	0.00278	0.00550
64	0.01347	0.13441	0.12841	0.01681	0.20291	0.04434	0.01227	0.03364	0.18046	0.03506	0.01329	0.04316	0.01091	0.00607	0.00541	0.00159	0.02924	0.00495	0.00350	0.08009

[dist]
# distance from previous block
# <min> <max>
0	3

[block]
# block no. 9 follows, 44 sequences, length 27
# corresponding to MSA columns:
# 397-423
name=unknown_J
#
# <colnr> <probs for GDERKNQSTAVLIFYWHMCP>
#	G	D	E	R	K	N	Q	S	T	A	V	L	I	F	Y	W	H	M	C	P
0	0.01461	0.36719	0.15837	0.01484	0.12367	0.03534	0.04267	0.09006	0.03700	0.04051	0.02272	0.01180	0.00873	0.00525	0.00458	0.00146	0.00643	0.00404	0.00301	0.00773
1	0.00795	0.00607	0.00743	0.00693	0.00861	0.00552	0.00528	0.01075	0.04198	0.02011	0.53692	0.04100	0.18415	0.01119	0.00628	0.00171	0.00284	0.03188	0.00560	0.05779
2	0.01130	0.00969	0.01130	0.00807	0.01292	0.00727	0.00646	0.01373	0.01130	0.01776	0.00969	0.01130	0.00807	0.00404	0.00404	0.00081	0.00404	0.00323	0.00323	0.84173
3	0.00688	0.00492	0.00660	0.00786	0.00829	0.00463	0.00548	0.00800	0.01067	0.01418	0.02992	0.72197	0.03554	0.01685	0.00702	0.00225	0.00337	0.09602	0.00506	0.00449
4	0.77620	0.01043	0.00841	0.00739	0.01083	0.01187	0.00609	0.01693	0.00982	0.08926	0.00879	0.00969	0.00656	0.00521	0.00356	0.00169	0.00425	0.00317	0.00366	0.00619
5	0.00700	0.00580	0.00617	0.00613	0.00789	0.00510	0.00464	0.00916	0.04424	0.01610	0.15297	0.06501	0.60117	0.01327	0.00645	0.00185	0.00288	0.03411	0.00521	0.00486
6	0.01249	0.01193	0.02032	0.27232	0.54337	0.01269	0.01623	0.01585	0.01194	0.01659	0.01008	0.01382	0.00821	0.00504	0.00541	0.00168	0.00672	0.00485	0.00261	0.00783
7	0.04097	0.00911	0.01216	0.00948	0.01344	0.00805	0.00778	0.02524	0.03508	0.68810	0.07457	0.01997	0.01611	0.00704	0.00551	0.00169	0.00447	0.00576	0.00659	0.00889
8	0.00973	0.01081	0.12137	0.04918	0.02846	0.02738	0.00866	0.04022	0.10605	0.02003	0.36667	0.03206	0.13866	0.00949	0.00600	0.00174	0.00423	0.00811	0.00493	0.00621
9	0.00766	0.00557	0.00721	0.00680	0.00811	0.00512	0.00510	0.01018	0.01530	0.02154	0.73925	0.04125	0.08391	0.01127	0.00643	0.00172	0.00258	0.00993	0.00596	0.00512
10	0.01742	0.01647	0.27411	0.01259	0.01795	0.01083	0.05333	0.10740	0.02812	0.32495	0.05429	0.03124	0.01289	0.00650	0.00551	0.00172	0.00607	0.00540	0.00478	0.00844
11	0.02266	0.00921	0.01229	0.00962	0.01357	0.00821	0.00787	0.02571	0.06675	0.67900	0.06873	0.02007	0.01610	0.00707	0.00555	0.00170	0.00449	0.00580	0.00662	0.00897
12	0.00653	0.00553	0.00565	0.00562	0.00742	0.00464	0.00421	0.00800	0.01264	0.01524	0.10618	0.05163	0.72092	0.01362	0.00644	0.00183	0.00275	0.01139	0.00513	0.00464
13	0.00804	0.00602	0.00888	0.00877	0.00967	0.00703	0.00680	0.00963	0.00876	0.01253	0.01539	0.02178	0.04086	0.03692	0.66914	0.06744	0.04873	0.00592	0.00294	0.00473
14	0.01093	0.02820	0.78016	0.01554	0.02360	0.01266	0.02014	0.01727	0.01151	0.01727	0.00978	0.01151	0.00691	0.00518	0.00518	0.00173	0.00806	0.00403	0.00230	0.00806
15	0.01119	0.00956	0.01117	0.00804	0.01276	0.00720	0.00642	0.01362	0.01144	0.01790	0.03455	0.01226	0.00949	0.00427	0.00412	0.00084	0.00399	0.00345	0.00332	0.81443
16	0.01213	0.00973	0.01199	0.00997	0.06697	0.00762	0.00724	0.01454	0.01162	0.06547	0.01118	0.03937	0.00942	0.00472	0.00433	0.00097	0.00422	0.00391	0.00348	0.70114
