[name]
unknown

[dist]
# distance from previous block
# <min> <max>
2	157

[block]
# block no. 0 follows, 59 sequences, length 36
# corresponding to MSA columns:
# 243-278
name=unknown_A
#
# <colnr> <probs for GDERKNQSTAVLIFYWHMCP>
#	G	D	E	R	K	N	Q	S	T	A	V	L	I	F	Y	W	H	M	C	P
0	0.00952	0.07793	0.06159	0.01810	0.03817	0.00846	0.05272	0.10391	0.03126	0.04530	0.04534	0.03026	0.12471	0.12538	0.04237	0.02042	0.06418	0.03493	0.04735	0.01812
1	0.04081	0.42326	0.24647	0.01000	0.02886	0.01380	0.05427	0.03742	0.05071	0.01311	0.00765	0.00873	0.00619	0.00405	0.00353	0.00115	0.00523	0.00300	0.00217	0.03960
2	0.01030	0.12650	0.14959	0.04608	0.08435	0.02767	0.00868	0.03781	0.02726	0.04808	0.00918	0.05124	0.00776	0.00438	0.00376	0.00105	0.00446	0.00354	0.00261	0.34570
3	0.06531	0.06080	0.05117	0.00769	0.01119	0.00797	0.00663	0.09292	0.01139	0.33521	0.01186	0.01198	0.00843	0.01971	0.01473	0.03116	0.00402	0.00361	0.00382	0.24040
4	0.04106	0.04366	0.21471	0.04244	0.01522	0.01183	0.03852	0.29715	0.19612	0.03817	0.01130	0.01158	0.00823	0.00500	0.00430	0.00138	0.00502	0.00397	0.00350	0.00683
5	0.00703	0.00575	0.00817	0.02415	0.17254	0.00553	0.00612	0.00885	0.01069	0.01474	0.33804	0.15231	0.17265	0.00890	0.00517	0.00145	0.01583	0.00785	0.02961	0.00460
6	0.00989	0.13814	0.15414	0.11326	0.02676	0.02002	0.06154	0.03937	0.00916	0.07421	0.00991	0.02462	0.00851	0.08559	0.15986	0.00269	0.05039	0.00418	0.00248	0.00530
7	0.00558	0.00410	0.00527	0.00606	0.00662	0.00379	0.00429	0.00660	0.00910	0.01192	0.07122	0.59592	0.15008	0.01300	0.00560	0.00175	0.00264	0.08865	0.00414	0.00369
8	0.01622	0.01209	0.01293	0.01005	0.01348	0.01343	0.00826	0.72550	0.09870	0.02691	0.01133	0.01118	0.00810	0.00537	0.00443	0.00134	0.00473	0.00408	0.00443	0.00746
9	0.00607	0.00438	0.00563	0.00556	0.00649	0.00403	0.00408	0.00785	0.01155	0.01614	0.60451	0.17677	0.09287	0.00995	0.00524	0.00146	0.00218	0.00881	0.02240	0.00403
10	0.00578	0.00450	0.00525	0.00506	0.00631	0.00397	0.00380	0.00742	0.01139	0.01508	0.46390	0.03733	0.39432	0.01001	0.00521	0.00144	0.00215	0.00860	0.00452	0.00397
11	0.00589	0.00449	0.00535	0.00514	0.00631	0.00401	0.00382	0.00755	0.01140	0.01530	0.50814	0.03628	0.32000	0.03987	0.00583	0.00153	0.00222	0.00841	0.00451	0.00396
12	0.00916	0.00785	0.00916	0.00654	0.01047	0.00589	0.00523	0.01112	0.00916	0.01439	0.00785	0.00916	0.00654	0.00327	0.00327	0.00065	0.00327	0.00262	0.00262	0.87178
13	0.01885	0.00835	0.01063	0.00818	0.01154	0.00781	0.00675	0.17284	0.01411	0.63996	0.01600	0.01422	0.01028	0.00542	0.00439	0.00135	0.00392	0.00434	0.03365	0.00740
14	0.00649	0.00489	0.00726	0.00757	0.03107	0.00556	0.00564	0.00802	0.00730	0.01041	0.01246	0.01962	0.01200	0.08597	0.70696	0.00648	0.01073	0.04515	0.00247	0.00395
15	0.01591	0.06834	0.01281	0.01088	0.01319	0.74820	0.00827	0.01710	0.01218	0.01100	0.00708	0.00824	0.00591	0.00453	0.00388	0.00112	0.00755	0.00287	0.03584	0.00511
16	0.00886	0.02285	0.82190	0.01259	0.01912	0.01026	0.01632	0.01399	0.00932	0.01399	0.00793	0.00932	0.00559	0.00420	0.00420	0.00140	0.00653	0.00326	0.00186	0.00653
17	0.00973	0.01877	0.56309	0.01298	0.03631	0.01024	0.11677	0.05278	0.05461	0.03201	0.04422	0.01131	0.00799	0.00452	0.00441	0.00141	0.00612	0.00389	0.00240	0.00645
18	0.03024	0.20236	0.18587	0.01310	0.15682	0.01143	0.07031	0.06761	0.01933	0.04494	0.01006	0.08403	0.00902	0.02256	0.00494	0.00141	0.03875	0.01866	0.00258	0.00599
19	0.00834	0.00785	0.01325	0.83417	0.03042	0.00981	0.01227	0.01128	0.00883	0.01128	0.00785	0.01178	0.00589	0.00442	0.00442	0.00147	0.00589	0.00393	0.00196	0.00491
20	0.00541	0.00396	0.00506	0.00587	0.00632	0.00364	0.00397	0.00626	0.00878	0.01153	0.05533	0.68522	0.13687	0.03198	0.00594	0.00179	0.00254	0.01181	0.00410	0.00361
21	0.09106	0.00890	0.07990	0.00703	0.01057	0.00675	0.00612	0.03881	0.03100	0.01522	0.03470	0.06238	0.05497	0.00483	0.00369	0.00097	0.00350	0.00391	0.00291	0.53279
22	0.12553	0.04835	0.02065	0.00852	0.08302	0.00763	0.00614	0.05656	0.04793	0.07683	0.10305	0.08832	0.13294	0.00666	0.00439	0.00129	0.01740	0.00548	0.00353	0.15578
23	0.03473	0.00600	0.00778	0.00815	0.00965	0.00614	0.00697	0.01237	0.11522	0.09385	0.02157	0.04074	0.02181	0.01048	0.00563	0.00188	0.00394	0.58405	0.00422	0.00481
24	0.00557	0.00402	0.00531	0.00627	0.00669	0.00377	0.00440	0.00650	0.00875	0.01154	0.02548	0.70265	0.07691	0.01349	0.00566	0.00180	0.00271	0.10072	0.00410	0.00365
25	0.01121	0.37516	0.24439	0.01049	0.05537	0.05004	0.02357	0.04506	0.07424	0.02904	0.03726	0.01001	0.00783	0.00440	0.00370	0.00119	0.00524	0.00328	0.00240	0.00612
26	0.00931	0.06527	0.73857	0.01239	0.01864	0.01057	0.03826	0.01412	0.00941	0.03233	0.00808	0.00941	0.00575	0.00419	0.00416	0.00138	0.00640	0.00330	0.00196	0.00649
27	0.01477	0.00719	0.00879	0.00736	0.00997	0.00704	0.00593	0.01919	0.20563	0.42721	0.01715	0.01699	0.01218	0.00578	0.00423	0.00135	0.00335	0.03381	0.18553	0.00655
28	0.00592	0.00432	0.00544	0.00582	0.00663	0.00399	0.00428	0.00731	0.01013	0.01364	0.26389	0.32687	0.16943	0.02855	0.00576	0.00168	0.00256	0.09998	0.02996	0.00384
29	0.01269	0.16688	0.27122	0.01064	0.01478	0.18872	0.03740	0.07010	0.04393	0.08635	0.00908	0.02278	0.00700	0.00463	0.00413	0.00126	0.01728	0.00344	0.00263	0.02506
30	0.00647	0.00475	0.00672	0.00665	0.00725	0.00538	0.00495	0.00763	0.00721	0.01025	0.05537	0.02017	0.01345	0.19298	0.57396	0.03180	0.03361	0.00519	0.00254	0.00367
31	0.00542	0.00386	0.00511	0.00610	0.00635	0.00361	0.00405	0.00616	0.00839	0.01118	0.02399	0.81443	0.02877	0.04192	0.00621	0.00188	0.00262	0.01235	0.00405	0.00356
32	0.02555	0.16002	0.41167	0.04019	0.05553	0.01171	0.08276	0.02349	0.00923	0.01328	0.00788	0.02066	0.00626	0.00460	0.00507	0.00138	0.08923	0.00353	0.02194	0.00601
33	0.04119	0.03932	0.14911	0.14178	0.22028	0.09044	0.05892	0.05471	0.03379	0.11451	0.00945	0.01097	0.00703	0.00442	0.00427	0.00135	0.00562	0.00379	0.00271	0.00632
34	0.00921	0.00940	0.04751	0.49316	0.11078	0.05423	0.02258	0.02296	0.03144	0.01230	0.00903	0.03110	0.00740	0.00596	0.03451	0.00166	0.04755	0.01600	0.02801	0.00522
35	0.01046	0.00858	0.03502	0.07027	0.09947	0.00854	0.15180	0.09585	0.02273	0.09971	0.01211	0.07841	0.01067	0.08994	0.14279	0.00266	0.03356	0.00526	0.01672	0.00546

[dist]
# distance from previous block
# <min> <max>
0	43

[block]
# block no. 1 follows, 59 sequences, length 25
# corresponding to MSA columns:
# 324-348
name=unknown_B
#
# <colnr> <probs for GDERKNQSTAVLIFYWHMCP>
#	G	D	E	R	K	N	Q	S	T	A	V	L	I	F	Y	W	H	M	C	P
0	0.09135	0.06569	0.09044	0.04596	0.04281	0.06162	0.05921	0.17908	0.06404	0.04738	0.03669	0.11104	0.01093	0.00650	0.02377	0.00149	0.00489	0.00485	0.00327	0.04899
1	0.03272	0.00652	0.00781	0.07570	0.06387	0.02206	0.00537	0.08118	0.06465	0.01228	0.01292	0.05333	0.01327	0.45692	0.04199	0.01572	0.00466	0.00565	0.01929	0.00409
2	0.18767	0.01008	0.01120	0.03600	0.06778	0.03199	0.04482	0.16298	0.33710	0.01934	0.01272	0.03878	0.00991	0.00539	0.00417	0.00143	0.00420	0.00437	0.00371	0.00637
3	0.00678	0.00469	0.00680	0.00673	0.00737	0.00528	0.00505	0.02348	0.00708	0.01000	0.01121	0.01742	0.01075	0.09379	0.59889	0.16448	0.00963	0.00469	0.00235	0.00355
4	0.00886	0.02285	0.82190	0.01259	0.01912	0.01026	0.01632	0.01399	0.00932	0.01399	0.00793	0.00932	0.00559	0.00420	0.00420	0.00140	0.00653	0.00326	0.00186	0.00653
5	0.00571	0.00446	0.00518	0.00515	0.00635	0.00393	0.00385	0.00722	0.01095	0.01430	0.35987	0.10017	0.41518	0.01053	0.00527	0.00149	0.00225	0.02984	0.00441	0.00391
6	0.00538	0.00433	0.00480	0.00499	0.00614	0.00375	0.00363	0.00654	0.01000	0.01249	0.13513	0.22493	0.53935	0.01153	0.00531	0.00155	0.00229	0.00990	0.00419	0.00375
7	0.00576	0.00446	0.00525	0.00512	0.00631	0.00395	0.00381	0.00736	0.01124	0.01487	0.44053	0.07972	0.37529	0.01021	0.00524	0.00145	0.00218	0.00880	0.00449	0.00395
8	0.00627	0.00464	0.00586	0.00553	0.00666	0.00430	0.00416	0.00852	0.03282	0.01713	0.71403	0.03356	0.12162	0.00918	0.00519	0.00140	0.00214	0.00805	0.00477	0.00419
9	0.01351	0.55646	0.01958	0.00864	0.01216	0.12792	0.00787	0.18153	0.01197	0.01415	0.00718	0.00795	0.00606	0.00421	0.00333	0.00105	0.00520	0.00277	0.00248	0.00598
10	0.01181	0.84744	0.02314	0.00756	0.01134	0.01748	0.00756	0.01323	0.00897	0.01039	0.00614	0.00708	0.00567	0.00378	0.00283	0.00094	0.00472	0.00236	0.00189	0.00567
11	0.83509	0.00922	0.04495	0.00613	0.00904	0.00992	0.00533	0.01303	0.00760	0.01954	0.00623	0.00728	0.00482	0.00410	0.00280	0.00137	0.00356	0.00243	0.00269	0.00487
12	0.01679	0.01237	0.01325	0.01016	0.01370	0.01370	0.00839	0.80251	0.02077	0.02783	0.01060	0.01060	0.00751	0.00530	0.00442	0.00133	0.00486	0.00398	0.00442	0.00751
13	0.01150	0.00983	0.02521	0.12108	0.27348	0.01036	0.04053	0.10560	0.23096	0.06435	0.03927	0.02712	0.01043	0.00514	0.00450	0.00141	0.00467	0.00458	0.00336	0.00662
14	0.01181	0.84744	0.02314	0.00756	0.01134	0.01748	0.00756	0.01323	0.00897	0.01039	0.00614	0.00708	0.00567	0.00378	0.00283	0.00094	0.00472	0.00236	0.00189	0.00567
15	0.10917	0.02540	0.06032	0.11535	0.23895	0.08175	0.07593	0.10033	0.01111	0.09029	0.00899	0.01067	0.00682	0.00448	0.00448	0.00136	0.02913	0.00376	0.01551	0.00620
16	0.01099	0.00949	0.00999	0.00899	0.01148	0.01099	0.00699	0.02347	0.80925	0.01848	0.01798	0.01648	0.01348	0.00599	0.00449	0.00150	0.00350	0.00499	0.00449	0.00699
17	0.01033	0.02731	0.03701	0.00887	0.06036	0.02120	0.00671	0.07833	0.20522	0.09962	0.29400	0.05097	0.03840	0.00720	0.00492	0.00143	0.01724	0.02081	0.00431	0.00575
18	0.04041	0.19107	0.19569	0.09501	0.13127	0.03279	0.13754	0.07816	0.03183	0.01441	0.00815	0.00992	0.00636	0.00416	0.00409	0.00130	0.00576	0.00361	0.00230	0.00616
19	0.00703	0.00524	0.00658	0.00637	0.02141	0.00512	0.00474	0.04645	0.05182	0.01690	0.54426	0.04700	0.10906	0.01024	0.04962	0.00173	0.00296	0.03402	0.02500	0.00444
20	0.08985	0.00723	0.00930	0.00736	0.01039	0.00656	0.00602	0.01918	0.02740	0.63249	0.09594	0.01624	0.01354	0.00571	0.00433	0.00136	0.00350	0.00462	0.03214	0.00684
21	0.00680	0.00538	0.02138	0.02811	0.00858	0.00527	0.05016	0.00795	0.00851	0.03066	0.03866	0.47371	0.02243	0.12117	0.02033	0.00214	0.06054	0.05318	0.03109	0.00393
22	0.04062	0.12446	0.15626	0.09902	0.22523	0.08977	0.10300	0.05465	0.01050	0.04416	0.00823	0.01007	0.00641	0.00418	0.00415	0.00130	0.00584	0.00362	0.00234	0.00620
23	0.00672	0.00486	0.00637	0.00653	0.02518	0.00518	0.00445	0.03249	0.00753	0.01032	0.01485	0.05977	0.05830	0.35307	0.36343	0.02138	0.00735	0.00595	0.00272	0.00356
24	0.03493	0.00804	0.00947	0.03390	0.01091	0.00822	0.00634	0.20811	0.09695	0.26884	0.12407	0.01759	0.04947	0.00611	0.00439	0.00135	0.00359	0.00498	0.09642	0.00633

[dist]
# distance from previous block
# <min> <max>
2	33

[block]
# block no. 2 follows, 59 sequences, length 53
# corresponding to MSA columns:
# 382-434
name=unknown_C
#
# <colnr> <probs for GDERKNQSTAVLIFYWHMCP>
#	G	D	E	R	K	N	Q	S	T	A	V	L	I	F	Y	W	H	M	C	P
0	0.01128	0.02923	0.02947	0.05391	0.28741	0.11519	0.04255	0.05130	0.13466	0.03973	0.02634	0.01530	0.09850	0.00550	0.00487	0.00138	0.03964	0.00464	0.00298	0.00612
1	0.00590	0.00439	0.00539	0.00549	0.00647	0.00399	0.00405	0.00742	0.01075	0.01446	0.38502	0.19206	0.23764	0.03260	0.00576	0.00160	0.00238	0.05173	0.01900	0.00390
2	0.00841	0.00792	0.01337	0.81216	0.05187	0.00983	0.01230	0.01135	0.00886	0.01137	0.00786	0.01175	0.00592	0.00440	0.00441	0.00147	0.00587	0.00393	0.00197	0.00496
3	0.00631	0.00460	0.00583	0.00561	0.00666	0.00430	0.00417	0.00855	0.03680	0.01679	0.65301	0.10170	0.08679	0.00937	0.00517	0.00142	0.00218	0.00826	0.02831	0.00418
4	0.00575	0.00416	0.00513	0.00566	0.00639	0.00381	0.00403	0.00693	0.00953	0.01279	0.14324	0.45668	0.20039	0.01191	0.00534	0.00163	0.00246	0.04920	0.06120	0.00376
5	0.01073	0.05529	0.06390	0.08946	0.08923	0.03194	0.03514	0.09309	0.31255	0.02722	0.04988	0.08268	0.01264	0.00597	0.00448	0.00142	0.00439	0.00511	0.00355	0.02136
6	0.00553	0.00393	0.00519	0.00611	0.00639	0.00369	0.00410	0.00633	0.00851	0.01137	0.04869	0.74163	0.02867	0.06566	0.00669	0.00194	0.00270	0.03526	0.00403	0.00356
7	0.11029	0.04095	0.15009	0.02483	0.11887	0.00851	0.00844	0.08365	0.02321	0.07718	0.17800	0.03019	0.05714	0.01730	0.00453	0.00137	0.00410	0.00486	0.00338	0.05311
8	0.01091	0.01080	0.07347	0.12719	0.36804	0.02439	0.12731	0.02994	0.02624	0.07331	0.02196	0.02844	0.00836	0.00514	0.01951	0.00150	0.02014	0.01446	0.00258	0.00631
9	0.01650	0.02105	0.01252	0.01138	0.01365	0.82705	0.00853	0.01764	0.01252	0.01081	0.00683	0.00796	0.00569	0.00455	0.00398	0.00114	0.00796	0.00284	0.00228	0.00512
10	0.00858	0.00803	0.01322	0.70451	0.02753	0.01002	0.02547	0.02971	0.00894	0.01165	0.00817	0.02824	0.00649	0.00538	0.01990	0.00161	0.07139	0.00413	0.00207	0.00494
11	0.87598	0.00854	0.00649	0.00581	0.00854	0.00991	0.00478	0.01298	0.00752	0.01982	0.00615	0.00717	0.00478	0.00410	0.00273	0.00137	0.00342	0.00239	0.00273	0.00478
12	0.01093	0.01049	0.01793	0.02711	0.81723	0.01049	0.01355	0.01355	0.01006	0.01443	0.00831	0.01093	0.00700	0.00394	0.00437	0.00131	0.00525	0.00394	0.00219	0.00700
13	0.87598	0.00854	0.00649	0.00581	0.00854	0.00991	0.00478	0.01298	0.00752	0.01982	0.00615	0.00717	0.00478	0.00410	0.00273	0.00137	0.00342	0.00239	0.00273	0.00478
14	0.69831	0.00985	0.08878	0.00680	0.00979	0.00978	0.00619	0.01321	0.00788	0.05230	0.00697	0.00812	0.00535	0.00519	0.02907	0.00157	0.03039	0.00269	0.00272	0.00505
15	0.05081	0.00755	0.01011	0.00778	0.01118	0.00662	0.00643	0.02121	0.01246	0.79131	0.01702	0.01475	0.01071	0.00542	0.00438	0.00137	0.00375	0.00437	0.00537	0.00742
16	0.00623	0.00461	0.00582	0.00550	0.00662	0.00425	0.00413	0.00840	0.02776	0.01707	0.71185	0.03375	0.12904	0.00921	0.00520	0.00140	0.00213	0.00808	0.00477	0.00417
17	0.00920	0.00847	0.01280	0.52911	0.11191	0.01005	0.01095	0.01438	0.20266	0.01338	0.01109	0.01344	0.02405	0.00488	0.00445	0.00146	0.00517	0.00429	0.00264	0.00562
18	0.00894	0.00764	0.03019	0.05371	0.08923	0.00825	0.05847	0.01060	0.00894	0.06662	0.01517	0.18380	0.02953	0.00907	0.00793	0.02276	0.21580	0.16539	0.00312	0.00484
19	0.87598	0.00854	0.00649	0.00581	0.00854	0.00991	0.00478	0.01298	0.00752	0.01982	0.00615	0.00717	0.00478	0.00410	0.00273	0.00137	0.00342	0.00239	0.00273	0.00478
20	0.00718	0.00488	0.00638	0.00667	0.00772	0.00471	0.00538	0.00908	0.02130	0.04338	0.24794	0.07047	0.08021	0.07884	0.00692	0.00192	0.00325	0.35400	0.03566	0.00411
21	0.00691	0.00559	0.02224	0.17259	0.01236	0.00562	0.03816	0.00834	0.00867	0.03695	0.01889	0.50033	0.02124	0.06554	0.00658	0.00187	0.01712	0.04340	0.00347	0.00410
22	0.01204	0.00956	0.01184	0.00979	0.01137	0.01160	0.00806	0.27989	0.01251	0.05861	0.07463	0.01382	0.04219	0.00736	0.02273	0.00169	0.36635	0.00450	0.03571	0.00574
23	0.01559	0.00863	0.01024	0.00809	0.01101	0.00865	0.00659	0.31266	0.01545	0.33489	0.14067	0.01698	0.03565	0.00610	0.00451	0.00134	0.00379	0.00494	0.04750	0.00672
24	0.00859	0.00799	0.01325	0.80946	0.02992	0.00993	0.01215	0.03501	0.00919	0.01178	0.00793	0.01174	0.00594	0.00444	0.00442	0.00147	0.00586	0.00393	0.00204	0.00498
25	0.87598	0.00854	0.00649	0.00581	0.00854	0.00991	0.00478	0.01298	0.00752	0.01982	0.00615	0.00717	0.00478	0.00410	0.00273	0.00137	0.00342	0.00239	0.00273	0.00478
26	0.01086	0.03034	0.26868	0.12087	0.21025	0.01060	0.12854	0.07007	0.01057	0.06684	0.00888	0.01082	0.00662	0.00432	0.00463	0.00140	0.02293	0.00392	0.00242	0.00643
27	0.00755	0.00638	0.00881	0.04791	0.09348	0.04117	0.03008	0.00932	0.03035	0.02291	0.03964	0.26537	0.03149	0.05446	0.26584	0.00345	0.02717	0.00714	0.00305	0.00441
28	0.02987	0.00472	0.00545	0.00540	0.00674	0.00420	0.00399	0.00839	0.01014	0.09487	0.13334	0.23891	0.38923	0.01062	0.00511	0.00152	0.00248	0.00913	0.03170	0.00417
29	0.00548	0.00396	0.00518	0.00599	0.00641	0.00366	0.00407	0.00642	0.00903	0.01208	0.12026	0.70256	0.07231	0.01312	0.00556	0.00173	0.00249	0.01184	0.00419	0.00366
30	0.00659	0.00450	0.00550	0.00583	0.00613	0.00449	0.00402	0.00721	0.00758	0.01001	0.01700	0.06039	0.01920	0.57598	0.01718	0.00355	0.00417	0.23445	0.00313	0.00311
31	0.01606	0.00665	0.00902	0.00746	0.01013	0.00583	0.00603	0.01768	0.01187	0.60176	0.06372	0.13171	0.02831	0.00732	0.00476	0.00147	0.00350	0.05507	0.00514	0.00652
32	0.01181	0.84744	0.02314	0.00756	0.01134	0.01748	0.00756	0.01323	0.00897	0.01039	0.00614	0.00708	0.00567	0.00378	0.00283	0.00094	0.00472	0.00236	0.00189	0.00567
33	0.01982	0.00752	0.01025	0.00786	0.01127	0.00649	0.00649	0.02152	0.01264	0.82029	0.01742	0.01503	0.01093	0.00547	0.00444	0.00137	0.00376	0.00444	0.00547	0.00752
34	0.01181	0.84744	0.02314	0.00756	0.01134	0.01748	0.00756	0.01323	0.00897	0.01039	0.00614	0.00708	0.00567	0.00378	0.00283	0.00094	0.00472	0.00236	0.00189	0.00567
35	0.87598	0.00854	0.00649	0.00581	0.00854	0.00991	0.00478	0.01298	0.00752	0.01982	0.00615	0.00717	0.00478	0.00410	0.00273	0.00137	0.00342	0.00239	0.00273	0.00478
36	0.01982	0.00752	0.01025	0.00786	0.01127	0.00649	0.00649	0.02152	0.01264	0.82029	0.01742	0.01503	0.01093	0.00547	0.00444	0.00137	0.00376	0.00444	0.00547	0.00752
37	0.01271	0.01034	0.01096	0.00934	0.01214	0.01179	0.00741	0.25498	0.57494	0.02126	0.01579	0.01473	0.01171	0.00579	0.00447	0.00145	0.00390	0.00469	0.00447	0.00715
38	0.01048	0.05254	0.01628	0.27950	0.43716	0.03178	0.02693	0.04369	0.02425	0.01371	0.00846	0.01148	0.00689	0.00428	0.00434	0.00135	0.00547	0.01297	0.00225	0.00619
39	0.00634	0.00432	0.00492	0.00488	0.00508	0.00424	0.00288	0.00663	0.00731	0.00978	0.10618	0.03011	0.06284	0.70452	0.01958	0.00380	0.00392	0.00676	0.00300	0.00290
40	0.03143	0.05370	0.10186	0.04638	0.05296	0.02421	0.02022	0.23914	0.10570	0.18035	0.01184	0.01193	0.00845	0.00492	0.00418	0.00130	0.00459	0.00391	0.03182	0.06112
41	0.04319	0.81698	0.02254	0.00749	0.01123	0.01720	0.00746	0.01322	0.00892	0.01073	0.00614	0.00709	0.00564	0.00379	0.00283	0.00096	0.00468	0.00236	0.00192	0.00564
42	0.00615	0.00430	0.00538	0.00575	0.00650	0.00398	0.00404	0.00718	0.00923	0.04135	0.12224	0.41531	0.19624	0.08627	0.04853	0.00216	0.00313	0.02448	0.00403	0.00378
43	0.15894	0.08540	0.39816	0.04008	0.05163	0.01072	0.02745	0.05804	0.04558	0.04338	0.01858	0.01073	0.00707	0.00455	0.00396	0.00137	0.00535	0.02037	0.00251	0.00614
44	0.01083	0.01094	0.04568	0.07777	0.61390	0.04419	0.01261	0.04228	0.01031	0.01430	0.00939	0.01184	0.03056	0.00503	0.02391	0.00147	0.02209	0.00404	0.00230	0.00657
45	0.00577	0.00400	0.00534	0.00615	0.00656	0.00373	0.00420	0.00672	0.00900	0.02678	0.10979	0.72583	0.03016	0.01314	0.00558	0.00175	0.00256	0.02501	0.00421	0.00373
46	0.00820	0.04838	0.52895	0.02820	0.01546	0.00878	0.02622	0.01211	0.00978	0.01406	0.12876	0.01648	0.08661	0.02585	0.00483	0.00145	0.00527	0.00462	0.02028	0.00570
47	0.03911	0.05146	0.24698	0.04274	0.10625	0.11555	0.02805	0.08883	0.07669	0.06281	0.05922	0.01183	0.00916	0.00495	0.00463	0.00136	0.03744	0.00388	0.00285	0.00621
48	0.20420	0.01125	0.13250	0.01020	0.04119	0.02382	0.08788	0.08906	0.02751	0.26348	0.02398	0.01169	0.00824	0.00535	0.01946	0.00150	0.02493	0.00386	0.00356	0.00635
49	0.00724	0.00449	0.00568	0.00614	0.00707	0.00420	0.00462	0.00859	0.00949	0.07448	0.03697	0.38971	0.12151	0.01117	0.00519	0.00165	0.00282	0.15993	0.13497	0.00409
50	0.02483	0.03450	0.16829	0.07390	0.10292	0.10440	0.11659	0.06750	0.01049	0.04367	0.01037	0.06952	0.01985	0.00559	0.00541	0.00144	0.08248	0.02895	0.00261	0.02670
51	0.02962	0.18467	0.11153	0.05022	0.15334	0.07474	0.08068	0.08682	0.01106	0.09669	0.02341	0.01076	0.00756	0.00448	0.00420	0.00126	0.01986	0.00366	0.03924	0.00618
52	0.00718	0.00530	0.00607	0.00595	0.00718	0.02442	0.00439	0.03667	0.03492	0.05503	0.27731	0.25691	0.24115	0.01043	0.00521	0.00152	0.00262	0.00908	0.00439	0.00428

[dist]
# distance from previous block
# <min> <max>
0	30

[block]
# block no. 3 follows, 59 sequences, length 11
# corresponding to MSA columns:
# 465-475
name=unknown_D
#
# <colnr> <probs for GDERKNQSTAVLIFYWHMCP>
#	G	D	E	R	K	N	Q	S	T	A	V	L	I	F	Y	W	H	M	C	P
0	0.04909	0.21794	0.12263	0.03228	0.03619	0.08014	0.02137	0.12438	0.04344	0.04989	0.02274	0.03700	0.03487	0.00585	0.02390	0.00141	0.05229	0.00387	0.00282	0.03792
1	0.14300	0.03117	0.03121	0.04281	0.03352	0.09666	0.06213	0.09703	0.04952	0.02935	0.08166	0.05178	0.06371	0.05848	0.01722	0.00165	0.05569	0.00490	0.03007	0.01844
2	0.04934	0.05735	0.03038	0.16478	0.02988	0.00812	0.06739	0.01080	0.00900	0.01297	0.01162	0.08989	0.01132	0.01976	0.02405	0.00153	0.04666	0.12129	0.00271	0.23119
3	0.24923	0.00763	0.00882	0.00745	0.02803	0.00743	0.00589	0.04743	0.01122	0.44652	0.04655	0.03608	0.06763	0.00581	0.00409	0.00138	0.00354	0.00454	0.00446	0.00627
4	0.00747	0.00501	0.00601	0.00566	0.00705	0.00457	0.00427	0.03900	0.01135	0.08699	0.32935	0.10836	0.29758	0.04074	0.00581	0.00158	0.00257	0.02781	0.00447	0.00434
5	0.03121	0.00673	0.00837	0.00692	0.00930	0.00632	0.00553	0.09290	0.03229	0.34948	0.28292	0.02294	0.09406	0.00713	0.00470	0.00138	0.00313	0.00598	0.02280	0.00592
6	0.00683	0.00444	0.00509	0.00497	0.00600	0.00411	0.00358	0.00830	0.01011	0.03930	0.26707	0.07319	0.22166	0.12729	0.00719	0.00177	0.00250	0.00737	0.19531	0.00391
7	0.82286	0.00848	0.00672	0.00594	0.00871	0.00970	0.00489	0.01351	0.00783	0.06948	0.00685	0.00766	0.00516	0.00418	0.00284	0.00137	0.00344	0.00252	0.00290	0.00495
8	0.01679	0.01237	0.01325	0.01016	0.01370	0.01370	0.00839	0.80251	0.02077	0.02783	0.01060	0.01060	0.00751	0.00530	0.00442	0.00133	0.00486	0.00398	0.00442	0.00751
9	0.00834	0.00785	0.01325	0.83417	0.03042	0.00981	0.01227	0.01128	0.00883	0.01128	0.00785	0.01178	0.00589	0.00442	0.00442	0.00147	0.00589	0.00393	0.00196	0.00491
10	0.04189	0.00725	0.00976	0.00766	0.01080	0.00639	0.00627	0.01998	0.01218	0.72340	0.03948	0.04289	0.01224	0.00668	0.03055	0.00156	0.00392	0.00476	0.00523	0.00710

[dist]
# distance from previous block
# <min> <max>
0	24

[block]
# block no. 4 follows, 59 sequences, length 26
# corresponding to MSA columns:
# 500-525
name=unknown_E
#
# <colnr> <probs for GDERKNQSTAVLIFYWHMCP>
#	G	D	E	R	K	N	Q	S	T	A	V	L	I	F	Y	W	H	M	C	P
0	0.01201	0.04255	0.20316	0.01419	0.19571	0.02114	0.03549	0.17975	0.11341	0.05303	0.01021	0.01108	0.00766	0.00455	0.00424	0.00130	0.00510	0.00381	0.00304	0.07858
1	0.01048	0.15807	0.40950	0.01354	0.09720	0.03066	0.11691	0.03550	0.00996	0.03599	0.00810	0.00960	0.00613	0.00408	0.00409	0.00129	0.00601	0.00345	0.00216	0.03729
2	0.01691	0.00946	0.04458	0.00852	0.01191	0.00878	0.00724	0.25870	0.04323	0.44880	0.01723	0.01577	0.07642	0.00586	0.00449	0.00137	0.00408	0.00467	0.00485	0.00714
3	0.00671	0.00537	0.00691	0.00706	0.03809	0.00544	0.00510	0.00894	0.05539	0.01493	0.39208	0.14349	0.17295	0.00974	0.00600	0.00154	0.07162	0.04009	0.00422	0.00432
4	0.01482	0.00642	0.00861	0.00698	0.00954	0.00563	0.00561	0.01663	0.01251	0.52624	0.28526	0.02191	0.04647	0.00684	0.00472	0.00138	0.00315	0.00578	0.00522	0.00628
5	0.01079	0.01067	0.04927	0.01858	0.37698	0.02159	0.12966	0.08430	0.12636	0.01592	0.03314	0.08120	0.01064	0.00530	0.00464	0.00141	0.00507	0.00506	0.00294	0.00648
6	0.00834	0.00785	0.01325	0.83417	0.03042	0.00981	0.01227	0.01128	0.00883	0.01128	0.00785	0.01178	0.00589	0.00442	0.00442	0.00147	0.00589	0.00393	0.00196	0.00491
7	0.01494	0.08111	0.01411	0.01138	0.08458	0.02583	0.00867	0.53831	0.10905	0.02327	0.01066	0.01095	0.00791	0.00520	0.00463	0.00133	0.03310	0.00393	0.00390	0.00712
8	0.00861	0.00541	0.00739	0.00784	0.07781	0.00511	0.00510	0.00935	0.00869	0.10500	0.09645	0.09647	0.05500	0.19422	0.06000	0.15181	0.00413	0.03783	0.00328	0.06049
9	0.00669	0.00483	0.00621	0.07431	0.00825	0.00487	0.00452	0.00760	0.00815	0.03159	0.06011	0.21113	0.10464	0.32086	0.07180	0.00299	0.01734	0.02376	0.00327	0.02708
10	0.00834	0.00785	0.01325	0.83417	0.03042	0.00981	0.01227	0.01128	0.00883	0.01128	0.00785	0.01178	0.00589	0.00442	0.00442	0.00147	0.00589	0.00393	0.00196	0.00491
11	0.01371	0.01556	0.01180	0.01166	0.07921	0.44996	0.00824	0.01878	0.28066	0.01371	0.01144	0.04591	0.00941	0.00537	0.00426	0.00130	0.00601	0.00406	0.00309	0.00584
12	0.00626	0.00425	0.00492	0.00513	0.00552	0.00406	0.00322	0.00674	0.00774	0.02319	0.03337	0.22958	0.13656	0.46630	0.01466	0.00307	0.00345	0.00827	0.03050	0.00320
13	0.00538	0.00384	0.00512	0.00615	0.00641	0.00359	0.00410	0.00615	0.00846	0.01127	0.02434	0.84190	0.02921	0.01384	0.00564	0.00179	0.00256	0.01256	0.00410	0.00359
14	0.07924	0.00551	0.00715	0.00797	0.00917	0.00567	0.00692	0.00991	0.03477	0.01393	0.02179	0.04525	0.02334	0.01134	0.00577	0.00196	0.00400	0.69814	0.00397	0.00422
15	0.00878	0.00823	0.01213	0.09726	0.18590	0.03840	0.02536	0.01050	0.00818	0.01148	0.01001	0.03591	0.02922	0.01444	0.25594	0.01812	0.21839	0.00452	0.00225	0.00496
16	0.61837	0.00905	0.00803	0.00676	0.00966	0.01016	0.00557	0.15959	0.01048	0.09456	0.00820	0.00875	0.00600	0.00447	0.00321	0.00135	0.00368	0.00291	0.02367	0.00552
17	0.00639	0.00427	0.00483	0.00486	0.00487	0.00426	0.00272	0.00641	0.00649	0.00865	0.01426	0.05556	0.01649	0.81754	0.02193	0.00420	0.00423	0.00662	0.00272	0.00271
18	0.01027	0.01063	0.01359	0.01211	0.03920	0.08084	0.00970	0.01131	0.00735	0.01077	0.00597	0.00957	0.00583	0.00734	0.01328	0.00185	0.73971	0.00378	0.00197	0.00493
19	0.00716	0.00473	0.00595	0.00640	0.02128	0.00460	0.00424	0.00848	0.05404	0.06271	0.03475	0.39586	0.04906	0.25811	0.01075	0.02491	0.00331	0.03614	0.00371	0.00381
20	0.03227	0.00430	0.00545	0.00593	0.00657	0.00407	0.00411	0.00724	0.00906	0.03796	0.13526	0.52541	0.09221	0.05957	0.03587	0.01356	0.00298	0.01035	0.00404	0.00378
21	0.00603	0.00437	0.00569	0.00565	0.00654	0.00403	0.00413	0.00779	0.01154	0.01612	0.61740	0.21164	0.06221	0.01015	0.00530	0.00148	0.00219	0.00903	0.00467	0.00403
22	0.00795	0.00544	0.00822	0.06779	0.10111	0.00561	0.02028	0.00842	0.02132	0.03217	0.01247	0.09148	0.02950	0.12546	0.09070	0.31981	0.00489	0.04118	0.00258	0.00361
23	0.00609	0.00457	0.00551	0.00583	0.00652	0.00448	0.00402	0.00778	0.06668	0.01172	0.07522	0.35491	0.17056	0.17625	0.07683	0.00262	0.00364	0.00927	0.00376	0.00375
24	0.00682	0.00444	0.00561	0.00595	0.00647	0.00427	0.00400	0.00790	0.03491	0.05652	0.09351	0.43862	0.02467	0.23734	0.01034	0.02347	0.00314	0.02449	0.00382	0.00370
25	0.25167	0.00718	0.00738	0.00648	0.00878	0.00762	0.00515	0.01603	0.17091	0.19512	0.03552	0.03210	0.01108	0.00539	0.00369	0.00132	0.00311	0.00418	0.22168	0.00562

[dist]
# distance from previous block
# <min> <max>
0	34

[block]
# block no. 5 follows, 59 sequences, length 43
# corresponding to MSA columns:
# 560-594,596-603
name=unknown_F
#
# <colnr> <probs for GDERKNQSTAVLIFYWHMCP>
#	G	D	E	R	K	N	Q	S	T	A	V	L	I	F	Y	W	H	M	C	P
0	0.13484	0.00620	0.00722	0.00649	0.00825	0.00630	0.02341	0.01206	0.13140	0.07049	0.41504	0.04794	0.09774	0.00782	0.00470	0.00142	0.00275	0.00666	0.00439	0.00489
1	0.02862	0.00904	0.01373	0.36654	0.19640	0.00984	0.02582	0.10051	0.01069	0.07185	0.00888	0.01127	0.00673	0.00441	0.00449	0.00133	0.02374	0.00382	0.00262	0.09963
2	0.29284	0.09570	0.07880	0.11169	0.04649	0.01140	0.00828	0.14457	0.08963	0.01786	0.00889	0.01045	0.00694	0.00475	0.00400	0.00137	0.02895	0.01584	0.01578	0.00577
3	0.00552	0.00447	0.00490	0.00483	0.00616	0.00385	0.00361	0.00691	0.01073	0.01359	0.26674	0.05909	0.57289	0.01063	0.00523	0.00147	0.00220	0.00901	0.00432	0.00385
4	0.04010	0.00887	0.01472	0.46687	0.28428	0.01005	0.03018	0.01253	0.00931	0.04469	0.00828	0.01141	0.00643	0.00437	0.00466	0.00143	0.02999	0.00392	0.00221	0.00571
5	0.01181	0.84744	0.02314	0.00756	0.01134	0.01748	0.00756	0.01323	0.00897	0.01039	0.00614	0.00708	0.00567	0.00378	0.00283	0.00094	0.00472	0.00236	0.00189	0.00567
6	0.01115	0.00957	0.01008	0.00902	0.01155	0.01106	0.00703	0.04497	0.78749	0.01873	0.01777	0.01632	0.01332	0.00597	0.00449	0.00149	0.00353	0.00497	0.00449	0.00701
7	0.01042	0.01191	0.02606	0.01862	0.02308	0.01117	0.80119	0.01415	0.01042	0.01415	0.00894	0.01191	0.00670	0.00372	0.00521	0.00149	0.00745	0.00521	0.00223	0.00596
8	0.00823	0.00412	0.00412	0.00412	0.00515	0.00412	0.00309	0.01029	0.00926	0.01647	0.01441	0.01647	0.01132	0.00515	0.00309	0.00103	0.00206	0.00412	0.86930	0.00412
9	0.87598	0.00854	0.00649	0.00581	0.00854	0.00991	0.00478	0.01298	0.00752	0.01982	0.00615	0.00717	0.00478	0.00410	0.00273	0.00137	0.00342	0.00239	0.00273	0.00478
10	0.00642	0.00428	0.00482	0.00482	0.00482	0.00428	0.00268	0.00642	0.00642	0.00856	0.01392	0.02890	0.01606	0.84478	0.02248	0.00428	0.00428	0.00642	0.00268	0.00268
11	0.01093	0.01049	0.01793	0.02711	0.81723	0.01049	0.01355	0.01355	0.01006	0.01443	0.00831	0.01093	0.00700	0.00394	0.00437	0.00131	0.00525	0.00394	0.00219	0.00700
12	0.00566	0.00404	0.00544	0.00646	0.00684	0.00382	0.00458	0.00662	0.00873	0.01158	0.02419	0.71656	0.02861	0.01358	0.00571	0.00183	0.00280	0.13518	0.00409	0.00366
13	0.00627	0.00425	0.00497	0.00517	0.00529	0.00420	0.00312	0.00652	0.00706	0.00938	0.02927	0.15543	0.03352	0.65346	0.01861	0.00371	0.00394	0.03991	0.00301	0.00292
14	0.01289	0.01096	0.01091	0.00940	0.01214	0.07318	0.00741	0.19633	0.55578	0.03790	0.01548	0.01450	0.01151	0.00572	0.00444	0.00143	0.00414	0.00459	0.00433	0.00698
15	0.00835	0.00780	0.01308	0.77838	0.05418	0.00963	0.01195	0.01118	0.00878	0.01128	0.00809	0.01238	0.00630	0.03525	0.00508	0.00157	0.00581	0.00402	0.00200	0.00489
16	0.02640	0.06063	0.18007	0.02773	0.09235	0.03181	0.00934	0.08775	0.05688	0.23592	0.02432	0.01247	0.00886	0.03412	0.00478	0.00137	0.00472	0.00387	0.00344	0.09318
17	0.01779	0.00857	0.01062	0.00834	0.01161	0.00830	0.00683	0.15974	0.11901	0.55648	0.01689	0.01504	0.02839	0.00563	0.00446	0.00138	0.00389	0.00454	0.00512	0.00736
18	0.03153	0.00648	0.00864	0.00719	0.00972	0.00575	0.00572	0.01671	0.01152	0.54978	0.07097	0.15349	0.05790	0.00831	0.03350	0.00165	0.00365	0.00623	0.00497	0.00628
19	0.01004	0.03204	0.02760	0.30374	0.09997	0.00841	0.03979	0.04211	0.00993	0.09871	0.01225	0.08613	0.04629	0.01679	0.00460	0.00136	0.00468	0.00480	0.00286	0.14790
20	0.00962	0.00920	0.02204	0.17129	0.14427	0.09133	0.02625	0.01255	0.08658	0.04035	0.03135	0.10166	0.09609	0.00820	0.05089	0.00180	0.08280	0.00555	0.00293	0.00526
21	0.00630	0.00483	0.00549	0.00569	0.00679	0.00462	0.00412	0.00883	0.10544	0.01344	0.11588	0.31369	0.30452	0.01081	0.00512	0.00155	0.00247	0.00940	0.06685	0.00415
22	0.00630	0.00434	0.00499	0.00495	0.00521	0.00427	0.00299	0.00667	0.00741	0.00989	0.10297	0.03008	0.08547	0.65638	0.04735	0.00383	0.00414	0.00677	0.00302	0.00297
23	0.03831	0.04254	0.03065	0.02122	0.01201	0.00939	0.03407	0.18127	0.09581	0.03243	0.01066	0.04436	0.01875	0.00534	0.01572	0.00122	0.05635	0.00389	0.00322	0.34278
24	0.03620	0.01135	0.01060	0.00965	0.03931	0.22670	0.01992	0.14217	0.05030	0.08594	0.05131	0.02678	0.02574	0.03547	0.15933	0.00249	0.03709	0.00438	0.01981	0.00546
25	0.00651	0.00492	0.00695	0.00734	0.00826	0.00472	0.04125	0.02631	0.00975	0.01286	0.06708	0.41270	0.08141	0.01217	0.00570	0.00181	0.00331	0.27891	0.00405	0.00399
26	0.00949	0.00943	0.01349	0.11866	0.01405	0.01304	0.01000	0.01071	0.00703	0.01071	0.00606	0.00994	0.00581	0.00730	0.01318	0.00187	0.72856	0.00387	0.00194	0.00484
27	0.00822	0.00590	0.00699	0.00652	0.00802	0.00587	0.00495	0.07762	0.12018	0.05872	0.34148	0.16573	0.14123	0.00928	0.00509	0.00149	0.00273	0.02057	0.00456	0.00485
28	0.00998	0.06515	0.55860	0.01431	0.10460	0.07494	0.08372	0.01420	0.00973	0.01360	0.00787	0.00950	0.00585	0.00413	0.00421	0.00135	0.00648	0.00342	0.00197	0.00637
29	0.31512	0.00809	0.01086	0.54127	0.02268	0.00985	0.00962	0.01188	0.00837	0.01430	0.00725	0.01015	0.00550	0.00430	0.00382	0.00143	0.00501	0.00338	0.00224	0.00486
30	0.00767	0.00384	0.00575	0.00575	0.00575	0.00384	0.00384	0.00575	0.00575	0.00767	0.00767	0.01343	0.00767	0.01534	0.01726	0.87150	0.00384	0.00384	0.00192	0.00192
31	0.01290	0.00593	0.00729	0.00610	0.00848	0.00515	0.00487	0.01444	0.01123	0.41336	0.02677	0.02508	0.29917	0.00747	0.00452	0.00136	0.00297	0.00614	0.13111	0.00566
32	0.00642	0.00428	0.00482	0.00482	0.00482	0.00428	0.00268	0.00642	0.00642	0.00856	0.01392	0.02890	0.01606	0.84478	0.02248	0.00428	0.00428	0.00642	0.00268	0.00268
33	0.01181	0.84744	0.02314	0.00756	0.01134	0.01748	0.00756	0.01323	0.00897	0.01039	0.00614	0.00708	0.00567	0.00378	0.00283	0.00094	0.00472	0.00236	0.00189	0.00567
34	0.00652	0.00460	0.00583	0.00547	0.00665	0.00418	0.00412	0.00845	0.01214	0.04205	0.67533	0.03384	0.15578	0.00924	0.00519	0.00140	0.00216	0.00807	0.00477	0.00421
35	0.00897	0.05428	0.79145	0.01240	0.01882	0.01053	0.01598	0.01396	0.00931	0.01385	0.00786	0.00924	0.00560	0.00418	0.00414	0.00138	0.00646	0.00323	0.00187	0.00649
36	0.00581	0.00419	0.00557	0.00642	0.00697	0.00396	0.00469	0.00698	0.00926	0.01230	0.09703	0.56271	0.07069	0.01292	0.00567	0.00179	0.00281	0.17230	0.00416	0.00375
37	0.00548	0.00395	0.00520	0.00601	0.00641	0.00367	0.00408	0.00643	0.00903	0.01211	0.12434	0.70953	0.06113	0.01313	0.00557	0.00173	0.00249	0.01186	0.00420	0.00367
38	0.00650	0.00488	0.00669	0.00690	0.00763	0.00534	0.00527	0.00819	0.03585	0.01099	0.01700	0.13691	0.05332	0.11886	0.42131	0.00476	0.02675	0.11595	0.00302	0.00388
39	0.00568	0.00422	0.00529	0.02825	0.00703	0.00387	0.00416	0.00670	0.00920	0.02381	0.07593	0.54383	0.24098	0.01246	0.00545	0.00167	0.00255	0.01106	0.00411	0.00375
40	0.04981	0.00713	0.00935	0.00732	0.01041	0.00632	0.00600	0.01981	0.01203	0.69071	0.01663	0.01492	0.01076	0.00538	0.00421	0.00132	0.00353	0.00433	0.11303	0.00699
41	0.00962	0.04071	0.37554	0.06089	0.15090	0.01060	0.24074	0.01362	0.00974	0.01381	0.00906	0.01116	0.02470	0.00418	0.00451	0.00140	0.00640	0.00408	0.00208	0.00626
42	0.00982	0.00825	0.03327	0.08880	0.05055	0.01778	0.07910	0.13724	0.05128	0.02620	0.01262	0.03895	0.03962	0.09917	0.08361	0.06290	0.05527	0.01922	0.08137	0.00500

[dist]
# distance from previous block
# <min> <max>
1	31

[block]
# block no. 6 follows, 59 sequences, length 20
# corresponding to MSA columns:
# 635-654
name=unknown_G
#
# <colnr> <probs for GDERKNQSTAVLIFYWHMCP>
#	G	D	E	R	K	N	Q	S	T	A	V	L	I	F	Y	W	H	M	C	P
0	0.20151	0.07354	0.01403	0.13388	0.15582	0.12057	0.08281	0.06284	0.03605	0.01527	0.00800	0.00986	0.00635	0.00433	0.00408	0.00131	0.02127	0.00346	0.02202	0.02296
1	0.00547	0.00448	0.00479	0.00488	0.00620	0.00386	0.00367	0.00666	0.01004	0.01229	0.09824	0.08161	0.64017	0.04097	0.00591	0.00163	0.00243	0.05885	0.00410	0.00374
2	0.01065	0.00909	0.01094	0.05665	0.06931	0.05425	0.02960	0.04689	0.01014	0.06191	0.00854	0.00985	0.00679	0.00369	0.00363	0.00087	0.00405	0.00304	0.00276	0.59735
3	0.00613	0.00481	0.00567	0.00574	0.00706	0.00437	0.00451	0.00802	0.03385	0.01388	0.23214	0.06902	0.38724	0.01062	0.00535	0.00157	0.00265	0.17000	0.00426	0.02310
4	0.03910	0.00898	0.05092	0.02418	0.11254	0.02560	0.00770	0.11091	0.04018	0.32480	0.14814	0.01720	0.03908	0.00652	0.02282	0.00149	0.00418	0.00493	0.00430	0.00645
5	0.00886	0.02285	0.82190	0.01259	0.01912	0.01026	0.01632	0.01399	0.00932	0.01399	0.00793	0.00932	0.00559	0.00420	0.00420	0.00140	0.00653	0.00326	0.00186	0.00653
6	0.00620	0.00478	0.00631	0.00609	0.02255	0.00435	0.02393	0.00808	0.01175	0.01612	0.58962	0.06290	0.20193	0.00942	0.00521	0.00143	0.00233	0.00828	0.00456	0.00415
7	0.04823	0.00862	0.01056	0.00797	0.01152	0.00785	0.02422	0.16480	0.01255	0.31445	0.01196	0.01179	0.00839	0.00525	0.02447	0.00125	0.00406	0.00365	0.00400	0.31438
8	0.00596	0.00450	0.00550	0.00525	0.00642	0.00404	0.00394	0.00777	0.01181	0.01606	0.59516	0.03571	0.26245	0.00964	0.00521	0.00142	0.00213	0.00837	0.00464	0.00404
9	0.13248	0.06895	0.04561	0.07996	0.03875	0.34447	0.00843	0.05416	0.12337	0.01432	0.00875	0.00981	0.00692	0.00471	0.00410	0.00128	0.02405	0.00330	0.02103	0.00556
10	0.00767	0.00384	0.00575	0.00575	0.00575	0.00384	0.00384	0.00575	0.00575	0.00767	0.00767	0.01343	0.00767	0.01534	0.01726	0.87150	0.00384	0.00384	0.00192	0.00192
11	0.01069	0.01022	0.03413	0.04915	0.06824	0.01142	0.11436	0.06329	0.35701	0.01596	0.01261	0.01432	0.01000	0.00594	0.00669	0.00158	0.17753	0.02731	0.00331	0.00625
12	0.00886	0.02285	0.82190	0.01259	0.01912	0.01026	0.01632	0.01399	0.00932	0.01399	0.00793	0.00932	0.00559	0.00420	0.00420	0.00140	0.00653	0.00326	0.00186	0.00653
13	0.00557	0.00449	0.00496	0.00484	0.00618	0.00388	0.00363	0.00702	0.01090	0.01391	0.30787	0.03925	0.55108	0.01045	0.00522	0.00146	0.00218	0.00887	0.00436	0.00388
14	0.11068	0.23634	0.26009	0.00943	0.02750	0.01127	0.02953	0.01360	0.06451	0.01402	0.00863	0.02679	0.00718	0.00441	0.00364	0.00119	0.00482	0.02041	0.00238	0.14357
15	0.87598	0.00854	0.00649	0.00581	0.00854	0.00991	0.00478	0.01298	0.00752	0.01982	0.00615	0.00717	0.00478	0.00410	0.00273	0.00137	0.00342	0.00239	0.00273	0.00478
16	0.01599	0.01182	0.01276	0.01000	0.01334	0.01307	0.00827	0.72600	0.04816	0.02660	0.01165	0.01322	0.00882	0.00575	0.00452	0.00138	0.00476	0.05221	0.00440	0.00728
17	0.06414	0.01037	0.01722	0.02580	0.76749	0.01046	0.01302	0.01352	0.00990	0.01476	0.00817	0.01070	0.00686	0.00395	0.00427	0.00132	0.00513	0.00384	0.00222	0.00686
18	0.00601	0.00438	0.00565	0.00621	0.00695	0.00412	0.00465	0.00735	0.00975	0.01294	0.18292	0.33723	0.13214	0.06325	0.00665	0.00188	0.00289	0.19708	0.00416	0.00378
19	0.01101	0.06666	0.01052	0.10202	0.01253	0.21027	0.00701	0.07419	0.10173	0.03819	0.21244	0.01960	0.10284	0.00655	0.00450	0.00132	0.00458	0.00528	0.00356	0.00521

[dist]
# distance from previous block
# <min> <max>
0	1

[block]
# block no. 7 follows, 59 sequences, length 19
# corresponding to MSA columns:
# 656-674
name=unknown_H
#
# <colnr> <probs for GDERKNQSTAVLIFYWHMCP>
#	G	D	E	R	K	N	Q	S	T	A	V	L	I	F	Y	W	H	M	C	P
0	0.00686	0.00484	0.00601	0.00593	0.00685	0.00461	0.00431	0.00803	0.00953	0.04824	0.20763	0.19485	0.15271	0.17984	0.00912	0.00212	0.03492	0.07090	0.00390	0.03881
1	0.00819	0.00681	0.04022	0.12880	0.07223	0.00672	0.03635	0.01035	0.09492	0.02643	0.03159	0.15577	0.03822	0.07617	0.00934	0.20890	0.01893	0.00597	0.01984	0.00426
2	0.01488	0.30054	0.01611	0.00891	0.01240	0.01401	0.00778	0.43284	0.01553	0.08822	0.01016	0.04162	0.00799	0.00512	0.00392	0.00122	0.00463	0.00379	0.00362	0.00672
3	0.03487	0.00722	0.00856	0.00777	0.03981	0.00739	0.00571	0.24467	0.01215	0.08064	0.04561	0.01943	0.18389	0.00970	0.00849	0.26677	0.00377	0.00522	0.00355	0.00477
4	0.00620	0.00470	0.00562	0.00565	0.00689	0.00409	0.00411	0.00742	0.00962	0.02614	0.12296	0.32008	0.28274	0.03721	0.00571	0.00160	0.00262	0.04138	0.00400	0.10127
5	0.11536	0.01259	0.07100	0.06807	0.07057	0.12734	0.31360	0.04155	0.01038	0.03658	0.00943	0.03778	0.02175	0.00471	0.00491	0.00142	0.04038	0.00443	0.00250	0.00567
6	0.00712	0.00508	0.00712	0.00813	0.00915	0.00508	0.00712	0.00915	0.01017	0.01322	0.02338	0.04982	0.02542	0.01220	0.00610	0.00203	0.00407	0.78750	0.00407	0.00407
7	0.35303	0.00720	0.00777	0.00668	0.00923	0.00727	0.00534	0.01516	0.00995	0.34289	0.04690	0.14573	0.01272	0.00642	0.00399	0.00144	0.00336	0.00509	0.00415	0.00567
8	0.00786	0.00613	0.00908	0.15487	0.14282	0.00642	0.00707	0.02041	0.03470	0.01220	0.09548	0.08535	0.11040	0.04405	0.02435	0.19249	0.00410	0.01584	0.02214	0.00424
9	0.15282	0.45237	0.21110	0.00907	0.01336	0.01411	0.04778	0.03230	0.00917	0.01340	0.00681	0.00795	0.00560	0.00396	0.00330	0.00116	0.00508	0.00276	0.00210	0.00579
10	0.00542	0.00396	0.00512	0.00604	0.00645	0.00366	0.00413	0.00628	0.00869	0.01141	0.02651	0.72759	0.11408	0.01349	0.00561	0.00177	0.00258	0.03949	0.00410	0.00362
11	0.07271	0.00534	0.00656	0.00617	0.00765	0.00497	0.00460	0.01093	0.01015	0.21262	0.16144	0.25791	0.10928	0.08659	0.00657	0.00179	0.00299	0.02269	0.00434	0.00469
12	0.00589	0.00436	0.00559	0.03140	0.00722	0.00413	0.00440	0.00709	0.00950	0.01259	0.18478	0.37238	0.15443	0.09254	0.00712	0.00192	0.00283	0.08406	0.00405	0.00372
13	0.00574	0.00456	0.00523	0.00556	0.00671	0.00412	0.00421	0.00728	0.03187	0.01247	0.07987	0.22182	0.45993	0.01166	0.00542	0.00163	0.00260	0.12129	0.00415	0.00386
14	0.00931	0.00764	0.01189	0.50203	0.07594	0.00896	0.01003	0.09906	0.00957	0.01255	0.00815	0.01196	0.00654	0.00693	0.00729	0.19606	0.00527	0.00391	0.00224	0.00467
15	0.02589	0.00487	0.00630	0.00628	0.00739	0.00453	0.00462	0.00964	0.00997	0.15178	0.17941	0.34672	0.06512	0.07966	0.01993	0.00192	0.00307	0.06420	0.00431	0.00437
16	0.21066	0.00972	0.01120	0.24732	0.07237	0.09863	0.03028	0.06738	0.01040	0.12156	0.00936	0.01096	0.00690	0.00456	0.00390	0.00134	0.00490	0.00358	0.06942	0.00553
17	0.00657	0.00454	0.00673	0.00673	0.00734	0.00514	0.00507	0.00741	0.00681	0.00969	0.01115	0.01717	0.01065	0.06922	0.63600	0.16935	0.00996	0.00465	0.00230	0.00350
18	0.11728	0.00690	0.00915	0.13944	0.02455	0.00738	0.04616	0.04006	0.08768	0.02967	0.05405	0.16632	0.03369	0.05549	0.00579	0.00173	0.00402	0.13451	0.00345	0.03270

[dist]
