[name]
unknown

[dist]
# distance from previous block
# <min> <max>
0	18

[block]
# block no. 0 follows, 60 sequences, length 8
# corresponding to MSA columns:
# 159-166
name=unknown_A
#
# <colnr> <probs for GDERKNQSTAVLIFYWHMCP>
#	G	D	E	R	K	N	Q	S	T	A	V	L	I	F	Y	W	H	M	C	P
0	0.00644	0.00486	0.00719	0.06658	0.00938	0.00546	0.00600	0.00805	0.00779	0.01077	0.01470	0.09996	0.01495	0.05129	0.51752	0.00512	0.00877	0.14847	0.00278	0.00391
1	0.18380	0.27883	0.07370	0.00852	0.01189	0.03231	0.00786	0.23092	0.01174	0.01729	0.00747	0.00842	0.00596	0.00452	0.00418	0.00121	0.06449	0.00297	0.00276	0.04117
2	0.00736	0.15852	0.00916	0.00723	0.06499	0.00686	0.00478	0.00818	0.00812	0.01072	0.08938	0.22858	0.01897	0.34529	0.01161	0.00253	0.00375	0.00710	0.00302	0.00385
3	0.00861	0.11272	0.58449	0.01060	0.01576	0.00984	0.01295	0.01271	0.00974	0.01408	0.15506	0.01322	0.01202	0.00497	0.00417	0.00133	0.00544	0.00397	0.00238	0.00593
4	0.00670	0.00790	0.15569	0.00783	0.00959	0.00621	0.00719	0.00878	0.00736	0.01068	0.01113	0.01652	0.01028	0.08671	0.62040	0.00578	0.01019	0.00453	0.00227	0.00427
5	0.01348	0.19417	0.22731	0.01011	0.01443	0.01344	0.01016	0.42848	0.01506	0.02022	0.00884	0.00940	0.00653	0.00463	0.00397	0.00125	0.00520	0.00340	0.00317	0.00677
6	0.01108	0.45542	0.29824	0.00947	0.01407	0.01422	0.01051	0.08745	0.03909	0.01338	0.00751	0.00842	0.00602	0.00409	0.00347	0.00114	0.00525	0.00288	0.00218	0.00611
7	0.03682	0.49638	0.10811	0.00768	0.01095	0.03326	0.00750	0.04445	0.00907	0.03699	0.00821	0.01158	0.00767	0.15747	0.00662	0.00163	0.00480	0.00331	0.00225	0.00525

[dist]
# distance from previous block
# <min> <max>
0	30

[block]
# block no. 1 follows, 60 sequences, length 20
# corresponding to MSA columns:
# 197-216
name=unknown_B
#
# <colnr> <probs for GDERKNQSTAVLIFYWHMCP>
#	G	D	E	R	K	N	Q	S	T	A	V	L	I	F	Y	W	H	M	C	P
0	0.03715	0.09602	0.14613	0.01206	0.08828	0.26159	0.08319	0.01425	0.01939	0.03767	0.02641	0.04970	0.00883	0.00506	0.00415	0.00126	0.00588	0.04148	0.00251	0.05898
1	0.01214	0.12042	0.35025	0.01095	0.01566	0.01220	0.04708	0.32057	0.01369	0.01879	0.03196	0.01021	0.00734	0.00463	0.00414	0.00130	0.00550	0.00361	0.00292	0.00662
2	0.06800	0.15409	0.41266	0.01052	0.01525	0.08728	0.01166	0.09332	0.08101	0.01507	0.00846	0.00933	0.00637	0.00437	0.00386	0.00128	0.00566	0.00320	0.00242	0.00620
3	0.22557	0.00861	0.05067	0.00784	0.01117	0.00739	0.09143	0.01243	0.00955	0.08786	0.12073	0.01264	0.01120	0.00451	0.00372	0.00111	0.00375	0.00373	0.00309	0.32298
4	0.01220	0.59918	0.01990	0.00963	0.08592	0.09020	0.00796	0.04968	0.01006	0.03280	0.04190	0.00890	0.00748	0.00415	0.00326	0.00103	0.00487	0.00289	0.00226	0.00573
5	0.04567	0.00567	0.00745	0.00776	0.08225	0.00543	0.00529	0.01067	0.04903	0.09056	0.55103	0.02764	0.07860	0.00791	0.00486	0.00137	0.00263	0.00690	0.00446	0.00481
6	0.06273	0.72127	0.02030	0.00718	0.01060	0.01560	0.00699	0.01260	0.00910	0.01148	0.08094	0.00936	0.00883	0.00423	0.00301	0.00100	0.00435	0.00285	0.00219	0.00541
7	0.00549	0.00422	0.00506	0.00549	0.00639	0.00378	0.00399	0.00665	0.00963	0.01236	0.13549	0.36228	0.34043	0.01189	0.00538	0.00162	0.00245	0.06952	0.00414	0.00371
8	0.00902	0.09888	0.75016	0.01197	0.01817	0.01079	0.01532	0.01374	0.00918	0.01348	0.00766	0.00900	0.00553	0.00411	0.00402	0.00134	0.00628	0.00314	0.00184	0.00637
9	0.01629	0.02079	0.01236	0.01124	0.01348	0.82921	0.00843	0.01742	0.01236	0.01067	0.00674	0.00787	0.00562	0.00449	0.00393	0.00112	0.00787	0.00281	0.00225	0.00506
10	0.01039	0.01084	0.02141	0.05769	0.27329	0.01056	0.45918	0.03618	0.01039	0.01428	0.00928	0.01313	0.00754	0.00420	0.00487	0.00143	0.00637	0.04053	0.00232	0.00612
11	0.00623	0.00466	0.00694	0.00694	0.00769	0.00541	0.00536	0.00774	0.00699	0.01007	0.01175	0.01750	0.01106	0.05855	0.80381	0.00692	0.01145	0.00473	0.00235	0.00385
12	0.00623	0.00467	0.00701	0.00701	0.00779	0.00545	0.00545	0.00779	0.00701	0.01012	0.01168	0.01713	0.01090	0.03271	0.82944	0.00701	0.01168	0.00467	0.00234	0.00389
13	0.01520	0.01775	0.01300	0.01186	0.04853	0.58408	0.04554	0.10671	0.07291	0.01351	0.00850	0.00999	0.00692	0.00478	0.00414	0.00121	0.00696	0.02017	0.00268	0.00556
14	0.01846	0.00919	0.01122	0.00860	0.01202	0.00904	0.00710	0.31078	0.01545	0.52883	0.01472	0.01323	0.00955	0.00534	0.00438	0.00133	0.00411	0.00422	0.00502	0.00742
15	0.01079	0.01036	0.01770	0.02677	0.81952	0.01036	0.01339	0.01339	0.00993	0.01425	0.00820	0.01079	0.00691	0.00389	0.00432	0.00130	0.00518	0.00389	0.00216	0.00691
16	0.16767	0.01070	0.01387	0.01062	0.01404	0.08530	0.19380	0.15655	0.01249	0.27551	0.01112	0.01134	0.00767	0.00464	0.00422	0.00135	0.00508	0.00398	0.00370	0.00637
17	0.00630	0.00492	0.00682	0.03569	0.04501	0.00492	0.02027	0.00771	0.02727	0.01160	0.03999	0.43442	0.09557	0.08967	0.04555	0.00219	0.02129	0.09330	0.00362	0.00390
18	0.00999	0.00940	0.01584	0.08477	0.65814	0.00951	0.01212	0.01249	0.00999	0.01419	0.08024	0.04391	0.01067	0.00473	0.00444	0.00133	0.00485	0.00456	0.00245	0.00638
19	0.01073	0.15676	0.42105	0.01035	0.01512	0.01082	0.03206	0.09590	0.02942	0.08079	0.04862	0.02621	0.03371	0.00492	0.00410	0.00131	0.00530	0.00390	0.00271	0.00623

[dist]
# distance from previous block
# <min> <max>
1	3

[block]
# block no. 2 follows, 60 sequences, length 15
# corresponding to MSA columns:
# 221-235
name=unknown_C
#
# <colnr> <probs for GDERKNQSTAVLIFYWHMCP>
#	G	D	E	R	K	N	Q	S	T	A	V	L	I	F	Y	W	H	M	C	P
0	0.03319	0.50676	0.12228	0.00924	0.03901	0.11863	0.00873	0.04535	0.00990	0.02641	0.02053	0.00847	0.00650	0.00476	0.02297	0.00121	0.00540	0.00281	0.00216	0.00570
1	0.00995	0.00730	0.00872	0.00650	0.00991	0.00567	0.00512	0.01169	0.00927	0.11063	0.01014	0.05878	0.00876	0.04873	0.00451	0.00098	0.00330	0.00356	0.00301	0.67347
2	0.05705	0.17585	0.26800	0.03557	0.17922	0.01154	0.11686	0.01391	0.02068	0.05286	0.00815	0.00977	0.00630	0.00411	0.00421	0.00130	0.02272	0.00350	0.00222	0.00619
3	0.19643	0.04200	0.20046	0.00969	0.05567	0.00941	0.00893	0.08982	0.01065	0.21844	0.01162	0.03291	0.02878	0.00527	0.00444	0.00139	0.04156	0.02306	0.00334	0.00613
4	0.01957	0.00742	0.01012	0.00776	0.01113	0.00641	0.00641	0.02126	0.01248	0.82254	0.01721	0.01484	0.01080	0.00540	0.00439	0.00135	0.00371	0.00439	0.00540	0.00742
5	0.00531	0.00403	0.00490	0.00551	0.00620	0.00362	0.00382	0.00625	0.00907	0.01168	0.07298	0.54448	0.28127	0.01257	0.00541	0.00165	0.00240	0.01114	0.00409	0.00362
6	0.01230	0.07963	0.11756	0.07806	0.16220	0.01913	0.07920	0.10278	0.02106	0.17950	0.02636	0.04733	0.04497	0.00522	0.00437	0.00135	0.00491	0.00455	0.00322	0.00630
7	0.15358	0.05992	0.29195	0.00990	0.01420	0.02994	0.01022	0.26906	0.05521	0.05259	0.00919	0.00973	0.00664	0.00461	0.00393	0.00133	0.00508	0.00339	0.00309	0.00647
8	0.00636	0.00418	0.00482	0.00487	0.00488	0.00417	0.00277	0.00629	0.00640	0.00853	0.01388	0.06518	0.01601	0.76384	0.02116	0.05072	0.00413	0.00648	0.00267	0.00264
9	0.00970	0.05095	0.04337	0.13456	0.12626	0.00906	0.28365	0.01227	0.00965	0.07358	0.01232	0.19097	0.01156	0.00611	0.00480	0.00147	0.00536	0.00609	0.00277	0.00549
10	0.09665	0.01218	0.15254	0.05348	0.26672	0.01055	0.08772	0.10309	0.04391	0.07349	0.00913	0.01070	0.00692	0.00449	0.00476	0.00138	0.04935	0.00382	0.00271	0.00640
11	0.00585	0.00445	0.00538	0.00515	0.00632	0.00398	0.00386	0.00760	0.01158	0.01568	0.57150	0.03557	0.28800	0.00959	0.00515	0.00140	0.00211	0.00831	0.00456	0.00398
12	0.00623	0.00471	0.00596	0.00585	0.00703	0.00413	0.00422	0.00767	0.01001	0.01400	0.31467	0.37388	0.06483	0.01011	0.00501	0.00143	0.00246	0.00900	0.00409	0.14472
13	0.01143	0.31099	0.25720	0.03426	0.04657	0.01219	0.06705	0.01442	0.02493	0.11742	0.00863	0.00961	0.00656	0.00422	0.00403	0.00121	0.02784	0.00327	0.00243	0.03575
14	0.00795	0.04062	0.00834	0.00834	0.05196	0.00618	0.02586	0.04528	0.08700	0.05034	0.02088	0.44527	0.04158	0.01066	0.00522	0.00166	0.00335	0.13096	0.00392	0.00462

[dist]
# distance from previous block
# <min> <max>
2	14

[block]
# block no. 3 follows, 60 sequences, length 19
# corresponding to MSA columns:
# 250-268
name=unknown_D
#
# <colnr> <probs for GDERKNQSTAVLIFYWHMCP>
#	G	D	E	R	K	N	Q	S	T	A	V	L	I	F	Y	W	H	M	C	P
0	0.00964	0.14442	0.59651	0.01144	0.01701	0.04608	0.03327	0.02888	0.00960	0.01351	0.02598	0.00944	0.00644	0.00419	0.00396	0.00129	0.00605	0.00322	0.00201	0.02705
1	0.01059	0.01015	0.01733	0.09287	0.75505	0.01031	0.01328	0.01320	0.00983	0.01400	0.00817	0.01086	0.00682	0.00392	0.00432	0.00131	0.00523	0.00389	0.00214	0.00674
2	0.58938	0.05323	0.07462	0.00677	0.00979	0.00961	0.00611	0.02970	0.00844	0.10638	0.00792	0.00887	0.00598	0.00619	0.06002	0.00172	0.00433	0.00284	0.00289	0.00520
3	0.00979	0.27131	0.51624	0.01210	0.08193	0.01230	0.01328	0.01355	0.00916	0.01278	0.00732	0.00867	0.00566	0.00400	0.00375	0.00124	0.00580	0.00301	0.00187	0.00623
4	0.00758	0.00379	0.00568	0.00568	0.00568	0.00379	0.00379	0.00568	0.00568	0.00758	0.00758	0.01326	0.00758	0.01515	0.01705	0.87311	0.00379	0.00379	0.00189	0.00189
5	0.70291	0.00843	0.00769	0.00746	0.06470	0.00937	0.00555	0.01399	0.00827	0.12672	0.00771	0.00838	0.00569	0.00422	0.00304	0.00135	0.00354	0.00274	0.00302	0.00524
6	0.00634	0.00423	0.00476	0.00476	0.00476	0.00423	0.00264	0.00634	0.00634	0.00846	0.01374	0.02854	0.01586	0.84672	0.02220	0.00423	0.00423	0.00634	0.00264	0.00264
7	0.01069	0.01025	0.01751	0.06140	0.78574	0.01033	0.01333	0.01329	0.00988	0.01412	0.00818	0.01083	0.00686	0.00391	0.00432	0.00130	0.00521	0.00389	0.00215	0.00682
8	0.14385	0.00834	0.01006	0.00783	0.01112	0.00804	0.00647	0.14562	0.01303	0.57837	0.01451	0.01302	0.00937	0.00518	0.00414	0.00134	0.00384	0.00402	0.00484	0.00703
9	0.00537	0.00387	0.00518	0.00609	0.00641	0.00368	0.00412	0.00620	0.00830	0.01108	0.02376	0.76399	0.05014	0.01490	0.06234	0.00212	0.00315	0.01178	0.00393	0.00357
10	0.01079	0.01036	0.01770	0.02677	0.81952	0.01036	0.01339	0.01339	0.00993	0.01425	0.00820	0.01079	0.00691	0.00389	0.00432	0.00130	0.00518	0.00389	0.00216	0.00691
11	0.01029	0.01176	0.02574	0.01838	0.02279	0.01103	0.80368	0.01397	0.01029	0.01397	0.00882	0.01176	0.00662	0.00368	0.00515	0.00147	0.00735	0.00515	0.00221	0.00588
12	0.00968	0.00604	0.00764	0.00748	0.00916	0.00597	0.00616	0.04827	0.09901	0.15559	0.06468	0.10697	0.10441	0.00978	0.00531	0.00169	0.00351	0.33926	0.00437	0.00501
13	0.00637	0.00507	0.00574	0.00562	0.00701	0.00477	0.00431	0.02822	0.08020	0.01436	0.24889	0.07891	0.40896	0.01010	0.00516	0.00150	0.00251	0.07380	0.00429	0.00419
14	0.01079	0.01036	0.01770	0.02677	0.81952	0.01036	0.01339	0.01339	0.00993	0.01425	0.00820	0.01079	0.00691	0.00389	0.00432	0.00130	0.00518	0.00389	0.00216	0.00691
15	0.00538	0.00416	0.00492	0.00537	0.00624	0.00370	0.00383	0.00645	0.00947	0.01210	0.11288	0.40315	0.36106	0.01204	0.00536	0.00161	0.00239	0.03208	0.00412	0.00367
16	0.01128	0.01454	0.15270	0.01012	0.01250	0.29159	0.00896	0.05554	0.04421	0.01270	0.05128	0.04329	0.00964	0.01016	0.14123	0.00230	0.11613	0.00410	0.00255	0.00517
17	0.00632	0.00430	0.00514	0.00514	0.00527	0.00443	0.00312	0.00659	0.00646	0.00874	0.01339	0.02661	0.01502	0.70922	0.15856	0.00470	0.00549	0.00606	0.00259	0.00285
18	0.02333	0.06701	0.01529	0.27484	0.34572	0.02374	0.03610	0.01256	0.02259	0.03444	0.00924	0.05241	0.00800	0.00488	0.00469	0.00139	0.03655	0.01912	0.00232	0.00579

[dist]
# distance from previous block
# <min> <max>
0	1

[block]
# block no. 4 follows, 60 sequences, length 13
# corresponding to MSA columns:
# 270-275,280-286
name=unknown_E
#
# <colnr> <probs for GDERKNQSTAVLIFYWHMCP>
#	G	D	E	R	K	N	Q	S	T	A	V	L	I	F	Y	W	H	M	C	P
0	0.00686	0.00537	0.00831	0.07739	0.01052	0.00533	0.08484	0.00874	0.04587	0.03673	0.02059	0.57317	0.02317	0.01117	0.00537	0.00170	0.00347	0.06345	0.00374	0.00419
1	0.34600	0.08281	0.01268	0.04316	0.06122	0.09983	0.11218	0.03090	0.04541	0.04462	0.01890	0.00962	0.00667	0.00444	0.00410	0.00133	0.04469	0.00333	0.02274	0.00536
2	0.01167	0.05907	0.03627	0.23487	0.14734	0.21787	0.10790	0.01394	0.01011	0.04889	0.00826	0.02687	0.00670	0.00459	0.00477	0.00134	0.04788	0.00385	0.00228	0.00553
3	0.00735	0.00588	0.00725	0.00693	0.00778	0.03872	0.00515	0.04438	0.00789	0.01087	0.01247	0.08988	0.01271	0.20604	0.42881	0.00489	0.04945	0.00546	0.00263	0.04546
4	0.04917	0.22980	0.12148	0.02470	0.08860	0.06218	0.11535	0.03300	0.02820	0.04764	0.07190	0.01126	0.00912	0.00451	0.00422	0.00122	0.03029	0.00371	0.00254	0.06110
5	0.00962	0.10267	0.42981	0.01371	0.14385	0.04703	0.04916	0.01373	0.05397	0.01342	0.00956	0.07668	0.00811	0.00492	0.00420	0.00135	0.00569	0.00414	0.00225	0.00614
6	0.01068	0.00578	0.00777	0.00758	0.00924	0.00552	0.00633	0.01281	0.03988	0.24634	0.06455	0.03552	0.02070	0.07673	0.00674	0.00194	0.00382	0.42871	0.00436	0.00500
7	0.00704	0.00486	0.00643	0.00702	0.00793	0.00474	0.00553	0.02512	0.03397	0.04422	0.09171	0.35044	0.04775	0.01179	0.00560	0.00179	0.00321	0.33254	0.00417	0.00412
8	0.01164	0.08058	0.35746	0.01303	0.13234	0.09820	0.01195	0.09644	0.03795	0.07415	0.02817	0.01091	0.01888	0.00458	0.00413	0.00130	0.00565	0.00361	0.00264	0.00639
9	0.01072	0.00867	0.01166	0.17288	0.06063	0.02867	0.00880	0.03860	0.14266	0.10357	0.01058	0.01265	0.00836	0.00817	0.07863	0.00202	0.24546	0.00415	0.03760	0.00554
10	0.00616	0.00460	0.00685	0.00693	0.00767	0.00530	0.00534	0.00765	0.00712	0.01021	0.01267	0.08349	0.01234	0.03118	0.76331	0.00659	0.01095	0.00529	0.00247	0.00387
11	0.01080	0.00969	0.03879	0.22692	0.29471	0.01001	0.05918	0.05872	0.13751	0.06265	0.01051	0.01231	0.00800	0.00453	0.00435	0.00137	0.00502	0.00414	0.03454	0.00626
12	0.00931	0.01477	0.31146	0.05314	0.07670	0.01002	0.36263	0.01320	0.00982	0.01385	0.04414	0.04251	0.00853	0.00449	0.00471	0.00143	0.00639	0.00469	0.00224	0.00595

[dist]
# distance from previous block
# <min> <max>
0	3

[block]
# block no. 5 follows, 60 sequences, length 6
# corresponding to MSA columns:
# 290-295
name=unknown_F
#
# <colnr> <probs for GDERKNQSTAVLIFYWHMCP>
#	G	D	E	R	K	N	Q	S	T	A	V	L	I	F	Y	W	H	M	C	P
0	0.00557	0.00398	0.00536	0.00637	0.00674	0.00377	0.00450	0.00652	0.00861	0.01142	0.02389	0.72329	0.02828	0.01342	0.00564	0.00181	0.00276	0.13041	0.00404	0.00361
1	0.00528	0.00392	0.00493	0.00574	0.00624	0.00357	0.00390	0.00611	0.00867	0.01126	0.02811	0.68187	0.18823	0.01313	0.00548	0.00171	0.00247	0.01175	0.00405	0.00357
2	0.04028	0.14430	0.08530	0.00837	0.01170	0.01072	0.00741	0.07011	0.34487	0.01622	0.01226	0.03586	0.00975	0.00498	0.00387	0.00121	0.00393	0.00395	0.00334	0.18157
3	0.00839	0.00604	0.00925	0.01087	0.17182	0.00642	0.00689	0.01003	0.00804	0.08582	0.01168	0.01667	0.01053	0.09791	0.51363	0.00508	0.00896	0.00464	0.00261	0.00472
4	0.00947	0.00546	0.00639	0.00577	0.00738	0.00509	0.00433	0.01154	0.07391	0.19711	0.08704	0.02879	0.26920	0.17765	0.00825	0.00198	0.00309	0.03045	0.06248	0.00465
5	0.01209	0.01363	0.12515	0.11820	0.32358	0.17536	0.06512	0.01475	0.01044	0.08770	0.00868	0.01053	0.00667	0.00423	0.00428	0.00131	0.00598	0.00371	0.00241	0.00620

[dist]
# distance from previous block
# <min> <max>
0	1

[block]
# block no. 6 follows, 60 sequences, length 23
# corresponding to MSA columns:
# 297-319
name=unknown_G
#
# <colnr> <probs for GDERKNQSTAVLIFYWHMCP>
#	G	D	E	R	K	N	Q	S	T	A	V	L	I	F	Y	W	H	M	C	P
0	0.02887	0.16312	0.01394	0.00892	0.01242	0.03047	0.00754	0.46937	0.05843	0.02137	0.00949	0.00982	0.00717	0.00466	0.00387	0.00115	0.00451	0.00344	0.00357	0.13787
1	0.17396	0.00890	0.00999	0.00793	0.01112	0.03488	0.00650	0.14707	0.04930	0.48508	0.01378	0.01257	0.00910	0.00512	0.00406	0.00134	0.00395	0.00392	0.00460	0.00683
2	0.00658	0.00537	0.00692	0.00636	0.00729	0.00570	0.00494	0.00825	0.01085	0.01510	0.51815	0.03026	0.18754	0.00910	0.00681	0.00149	0.15362	0.00741	0.00413	0.00415
3	0.01069	0.00885	0.00973	0.00867	0.01096	0.01019	0.00680	0.11264	0.57256	0.01786	0.01579	0.01574	0.01218	0.01069	0.15384	0.00246	0.00510	0.00477	0.00405	0.00642
4	0.00905	0.00859	0.01456	0.57728	0.28261	0.00991	0.01252	0.01186	0.00911	0.01214	0.00790	0.01136	0.00616	0.00421	0.00435	0.00140	0.00561	0.00388	0.00201	0.00551
5	0.01666	0.01796	0.01228	0.01069	0.01327	0.60296	0.00821	0.16042	0.01385	0.09120	0.00842	0.00900	0.00644	0.00471	0.00405	0.00118	0.00691	0.00316	0.00293	0.00571
6	0.00892	0.00558	0.00811	0.00752	0.00870	0.00629	0.00597	0.01045	0.00797	0.15717	0.01218	0.01608	0.01045	0.02565	0.61129	0.00555	0.08010	0.00455	0.00285	0.00461
7	0.01518	0.00973	0.01086	0.00851	0.01161	0.01015	0.00697	0.48531	0.01680	0.20218	0.01808	0.01715	0.15493	0.00632	0.00451	0.00135	0.00409	0.00499	0.00454	0.00674
8	0.00875	0.02256	0.82413	0.01243	0.01888	0.01013	0.01611	0.01381	0.00921	0.01381	0.00783	0.00921	0.00552	0.00414	0.00414	0.00138	0.00645	0.00322	0.00184	0.00645
9	0.01042	0.01257	0.16375	0.02417	0.67451	0.01032	0.01388	0.01346	0.00980	0.01417	0.00814	0.01051	0.00666	0.00393	0.00429	0.00131	0.00541	0.00377	0.00210	0.00682
10	0.01495	0.01100	0.01277	0.01179	0.12634	0.01194	0.00846	0.56260	0.05649	0.05605	0.01107	0.01142	0.00806	0.00507	0.00426	0.00129	0.00453	0.00400	0.07086	0.00706
11	0.00538	0.00432	0.00454	0.00464	0.00573	0.00377	0.00326	0.00626	0.00914	0.01112	0.03675	0.11607	0.59723	0.16264	0.00828	0.00200	0.00261	0.00899	0.00380	0.00348
12	0.01563	0.04659	0.01255	0.01065	0.01310	0.60789	0.00820	0.15936	0.01342	0.01367	0.00767	0.00882	0.00624	0.00618	0.04998	0.00148	0.00741	0.00310	0.00262	0.00544
13	0.07445	0.01464	0.01315	0.01316	0.15909	0.30804	0.00898	0.30725	0.01459	0.03348	0.00854	0.00944	0.00655	0.00464	0.00409	0.00124	0.00586	0.00342	0.00310	0.00629
14	0.00582	0.00456	0.00537	0.00570	0.00691	0.00411	0.00454	0.00726	0.01009	0.01266	0.11035	0.09712	0.45545	0.01132	0.00544	0.00164	0.00275	0.24097	0.00411	0.00381
15	0.00546	0.00404	0.00514	0.00589	0.00647	0.00371	0.00415	0.00646	0.00899	0.01175	0.07182	0.59220	0.17212	0.01280	0.00550	0.00171	0.00256	0.07149	0.00409	0.00364
16	0.01266	0.67103	0.02060	0.00827	0.01169	0.19200	0.00767	0.01400	0.00961	0.01035	0.00621	0.00718	0.00560	0.00390	0.00304	0.00097	0.00535	0.00243	0.00195	0.00548
17	0.00686	0.00516	0.00745	0.15650	0.01097	0.00596	0.00589	0.00836	0.00737	0.01054	0.01155	0.01838	0.01099	0.20050	0.41212	0.00474	0.02278	0.00482	0.08522	0.00383
18	0.00661	0.00468	0.00584	0.00566	0.00693	0.00438	0.00437	0.00821	0.01037	0.05868	0.29797	0.03321	0.31456	0.01399	0.15445	0.00247	0.00407	0.05536	0.00407	0.00410
19	0.21314	0.01308	0.14763	0.00945	0.01325	0.01210	0.00878	0.49017	0.01560	0.02337	0.00902	0.00948	0.00648	0.00478	0.00394	0.00133	0.00475	0.00345	0.00356	0.00664
20	0.15977	0.00855	0.00983	0.01044	0.14549	0.02059	0.00697	0.09637	0.19286	0.09420	0.04990	0.01823	0.15661	0.00616	0.00426	0.00139	0.00367	0.00502	0.00375	0.00591
21	0.12681	0.01173	0.05056	0.00959	0.02500	0.02430	0.00805	0.53767	0.03497	0.11283	0.01060	0.01056	0.00745	0.00503	0.00414	0.00132	0.00460	0.00375	0.00408	0.00697
22	0.04163	0.03481	0.02673	0.04155	0.16991	0.00913	0.05070	0.10451	0.07986	0.26698	0.01202	0.01235	0.00862	0.00561	0.03233	0.00147	0.00466	0.00400	0.00365	0.08947

[dist]
# distance from previous block
# <min> <max>
0	9

[block]
# block no. 7 follows, 60 sequences, length 18
# corresponding to MSA columns:
# 329-346
name=unknown_H
#
# <colnr> <probs for GDERKNQSTAVLIFYWHMCP>
#	G	D	E	R	K	N	Q	S	T	A	V	L	I	F	Y	W	H	M	C	P
0	0.05268	0.12656	0.04350	0.01042	0.01373	0.25896	0.12504	0.03994	0.01131	0.20468	0.00980	0.01061	0.00727	0.00449	0.00402	0.00121	0.00573	0.01257	0.00304	0.05442
1	0.05501	0.00613	0.00753	0.05588	0.00973	0.02634	0.00597	0.01154	0.08440	0.10284	0.15591	0.10998	0.02137	0.06491	0.05889	0.00213	0.00411	0.20877	0.00391	0.00464
2	0.05345	0.19957	0.06963	0.08073	0.10875	0.01208	0.12261	0.12925	0.08460	0.08407	0.00961	0.01067	0.00728	0.00439	0.00403	0.00128	0.00509	0.00374	0.00289	0.00628
3	0.00685	0.00454	0.00525	0.00554	0.00620	0.00457	0.00380	0.00902	0.08858	0.01298	0.05396	0.34751	0.02063	0.17079	0.00797	0.00200	0.00280	0.00806	0.23510	0.00387
4	0.00597	0.00430	0.00578	0.00660	0.00723	0.00410	0.00502	0.00730	0.00941	0.01251	0.11364	0.46311	0.05450	0.01251	0.00566	0.00180	0.00296	0.26970	0.00412	0.00377
5	0.00956	0.01635	0.38875	0.04596	0.02033	0.01055	0.34784	0.01455	0.07601	0.01414	0.00907	0.01096	0.00664	0.00410	0.00460	0.00143	0.00656	0.00420	0.00221	0.00618
6	0.01091	0.09706	0.23554	0.05132	0.15990	0.08359	0.18296	0.07238	0.01060	0.01410	0.00862	0.01047	0.02001	0.00426	0.00446	0.00133	0.02032	0.00382	0.00224	0.00613
7	0.00639	0.00422	0.00484	0.00483	0.00487	0.00420	0.00276	0.00639	0.00656	0.00878	0.04633	0.02799	0.01650	0.77331	0.02126	0.04499	0.00412	0.00629	0.00270	0.00267
8	0.00623	0.00467	0.00701	0.00701	0.00779	0.00545	0.00545	0.00779	0.00701	0.01012	0.01168	0.01713	0.01090	0.03271	0.82944	0.00701	0.01168	0.00467	0.00234	0.00389
9	0.01243	0.05357	0.35179	0.01167	0.01636	0.07885	0.09650	0.22701	0.01283	0.07066	0.00966	0.01049	0.01901	0.00459	0.00427	0.00133	0.00589	0.00371	0.00286	0.00652
10	0.00949	0.00772	0.00905	0.00810	0.01005	0.04116	0.05373	0.01561	0.34756	0.07013	0.15673	0.15728	0.07917	0.00786	0.00482	0.00148	0.00340	0.00688	0.00425	0.00553
11	0.01039	0.00891	0.00946	0.00864	0.01093	0.01024	0.00667	0.02176	0.74520	0.01766	0.01827	0.08472	0.01460	0.00656	0.00453	0.00150	0.00338	0.00555	0.00441	0.00663
12	0.00633	0.00508	0.00756	0.05458	0.06431	0.00502	0.04289	0.00798	0.04367	0.01179	0.02105	0.66503	0.02433	0.01167	0.00534	0.00169	0.00316	0.01067	0.00373	0.00410
13	0.01152	0.18305	0.17689	0.02957	0.07425	0.12334	0.10951	0.04867	0.01040	0.05653	0.05332	0.01120	0.00839	0.00478	0.00489	0.00131	0.07160	0.01249	0.00247	0.00582
14	0.01660	0.03324	0.01033	0.00783	0.01084	0.00783	0.00645	0.17101	0.01322	0.50862	0.01570	0.01479	0.03283	0.00772	0.07252	0.00178	0.00447	0.00438	0.05306	0.00678
15	0.00581	0.00397	0.00499	0.00568	0.00594	0.00381	0.00372	0.00648	0.00792	0.01078	0.02071	0.55154	0.02426	0.23535	0.00988	0.00239	0.00301	0.03831	0.05211	0.00335
16	0.01029	0.12923	0.17610	0.08893	0.16862	0.01167	0.26063	0.04177	0.00989	0.01356	0.00796	0.01027	0.00624	0.00410	0.00478	0.00136	0.04250	0.00394	0.00212	0.00606
17	0.01296	0.21568	0.22788	0.01097	0.06533	0.06093	0.01029	0.22481	0.04309	0.07469	0.00912	0.00971	0.00681	0.00450	0.00391	0.00124	0.00527	0.00336	0.00292	0.00653

[dist]
# distance from previous block
# <min> <max>
0	2

[block]
# block no. 8 follows, 60 sequences, length 41
# corresponding to MSA columns:
# 350-390
name=unknown_I
#
# <colnr> <probs for GDERKNQSTAVLIFYWHMCP>
#	G	D	E	R	K	N	Q	S	T	A	V	L	I	F	Y	W	H	M	C	P
0	0.01560	0.00918	0.01017	0.00850	0.01110	0.09506	0.00677	0.04452	0.16345	0.43631	0.01585	0.08621	0.01187	0.00626	0.00508	0.00142	0.05662	0.00497	0.00451	0.00657
1	0.01263	0.01303	0.01501	0.06175	0.42752	0.22809	0.01094	0.09826	0.01158	0.01454	0.00800	0.00991	0.00653	0.00417	0.00415	0.00122	0.00576	0.00352	0.00243	0.06093
2	0.01632	0.01988	0.01244	0.01111	0.01349	0.74258	0.00841	0.10106	0.01322	0.01246	0.00714	0.00814	0.00581	0.00457	0.00398	0.00114	0.00754	0.00293	0.00247	0.00531
3	0.00973	0.31928	0.44756	0.00975	0.01464	0.01206	0.01160	0.01315	0.00908	0.01279	0.00787	0.00916	0.00615	0.00409	0.00354	0.00118	0.00533	0.00299	0.09416	0.00589
4	0.00824	0.00775	0.01308	0.83624	0.03004	0.00969	0.01211	0.01114	0.00872	0.01114	0.00775	0.01163	0.00581	0.00436	0.00436	0.00145	0.00581	0.00388	0.00194	0.00484
5	0.00531	0.00380	0.00506	0.00607	0.00633	0.00354	0.00405	0.00607	0.00835	0.01113	0.02404	0.84388	0.02885	0.01366	0.00557	0.00177	0.00253	0.01240	0.00405	0.00354
6	0.00928	0.00610	0.00718	0.00672	0.00742	0.05227	0.00478	0.08951	0.07787	0.01072	0.00871	0.01293	0.00795	0.01273	0.01391	0.65853	0.00409	0.00385	0.00239	0.00307
7	0.00622	0.00434	0.00519	0.00537	0.00568	0.00428	0.00339	0.00718	0.03832	0.01086	0.13368	0.24544	0.02290	0.47127	0.01462	0.00305	0.00343	0.00812	0.00340	0.00326
8	0.01096	0.01041	0.01757	0.02630	0.79680	0.01045	0.01324	0.03569	0.01023	0.01462	0.00827	0.01079	0.00692	0.00392	0.00432	0.00130	0.00517	0.00389	0.00222	0.00692
9	0.00996	0.00866	0.00882	0.00803	0.01027	0.03078	0.00621	0.01977	0.62964	0.01692	0.02164	0.02024	0.14415	0.00668	0.00449	0.00145	0.00331	0.00554	0.03721	0.00622
10	0.01463	0.04726	0.05847	0.01084	0.01328	0.64505	0.02463	0.03656	0.01188	0.01138	0.00843	0.08098	0.00771	0.00525	0.00408	0.00120	0.00712	0.00373	0.00242	0.00510
11	0.00712	0.00567	0.00650	0.00664	0.00795	0.00578	0.00506	0.01866	0.21379	0.01386	0.05536	0.25795	0.22678	0.01039	0.00518	0.00163	0.00290	0.12612	0.01807	0.00457
12	0.01127	0.01140	0.01676	0.02378	0.66343	0.09760	0.01252	0.01356	0.00991	0.01354	0.00783	0.01037	0.00667	0.00428	0.00515	0.00133	0.07817	0.00377	0.00215	0.00653
13	0.00539	0.00385	0.00513	0.00602	0.00634	0.00359	0.00405	0.00626	0.00870	0.01169	0.09322	0.77312	0.02992	0.01325	0.00553	0.00174	0.00249	0.01201	0.00411	0.00359
14	0.26372	0.00704	0.00799	0.00668	0.00932	0.00687	0.00538	0.01625	0.01030	0.43553	0.01447	0.10079	0.01100	0.00586	0.00391	0.00137	0.00334	0.00463	0.07960	0.00594
15	0.01104	0.01121	0.01552	0.18935	0.49502	0.12387	0.01203	0.01410	0.06051	0.01337	0.00851	0.01090	0.00691	0.00420	0.00428	0.00132	0.00557	0.00380	0.00227	0.00623
16	0.00538	0.00394	0.00493	0.00569	0.00612	0.00363	0.00381	0.00613	0.00844	0.01101	0.02645	0.64096	0.15738	0.08589	0.00695	0.00194	0.00263	0.01135	0.00393	0.00349
17	0.00712	0.00471	0.00663	0.00648	0.00671	0.00530	0.00464	0.00695	0.00645	0.00904	0.01047	0.06101	0.01082	0.15620	0.22729	0.34995	0.09449	0.00491	0.01787	0.00297
18	0.00577	0.00407	0.00528	0.00589	0.00621	0.00395	0.00397	0.00655	0.00813	0.01093	0.07064	0.49689	0.02510	0.21539	0.06357	0.00270	0.00359	0.05432	0.00364	0.00341
19	0.01277	0.57156	0.10000	0.00861	0.02860	0.01472	0.00838	0.08324	0.01039	0.11395	0.00806	0.00858	0.00643	0.00412	0.00330	0.00107	0.00474	0.00285	0.00253	0.00610
20	0.00869	0.00934	0.06570	0.41852	0.08470	0.00977	0.13278	0.01145	0.00895	0.01203	0.00990	0.04341	0.02517	0.00543	0.00567	0.00153	0.09422	0.04540	0.00222	0.00514
21	0.18599	0.02023	0.11044	0.02922	0.37080	0.02564	0.12249	0.03535	0.00966	0.02277	0.00786	0.00992	0.00624	0.00406	0.00426	0.00135	0.02157	0.00365	0.00232	0.00617
22	0.00990	0.24084	0.40176	0.01052	0.01522	0.08285	0.06137	0.01313	0.00954	0.01238	0.01118	0.01214	0.09189	0.00477	0.00394	0.00125	0.00570	0.00371	0.00214	0.00577
23	0.00636	0.00459	0.00662	0.00668	0.00732	0.00517	0.00506	0.00756	0.00704	0.00994	0.01252	0.02067	0.01238	0.15132	0.62063	0.04598	0.00973	0.05435	0.00247	0.00362
24	0.25818	0.09909	0.03416	0.02947	0.01154	0.08624	0.06622	0.01466	0.14822	0.04396	0.10175	0.01381	0.02627	0.00527	0.00403	0.00133	0.01864	0.01660	0.00315	0.01741
25	0.01032	0.09818	0.01575	0.34371	0.28383	0.01060	0.04159	0.02503	0.02029	0.05927	0.00884	0.01204	0.00709	0.00447	0.00444	0.00136	0.02068	0.02433	0.00234	0.00583
26	0.00660	0.00438	0.00560	0.00608	0.00680	0.00410	0.00433	0.00779	0.02289	0.06280	0.07841	0.49157	0.11058	0.08492	0.00689	0.00192	0.00284	0.08355	0.00407	0.00386
27	0.01230	0.01094	0.09124	0.01207	0.10488	0.03283	0.09940	0.14296	0.10484	0.13564	0.01208	0.06467	0.00967	0.00539	0.00478	0.00135	0.03640	0.01659	0.00342	0.09854
28	0.03619	0.02277	0.01565	0.07812	0.42542	0.11890	0.05603	0.08334	0.06148	0.01504	0.00871	0.01062	0.00699	0.00421	0.00422	0.00128	0.00543	0.00377	0.00252	0.03931
29	0.00665	0.00561	0.00731	0.00903	0.15165	0.00520	0.00549	0.03485	0.01008	0.01294	0.07600	0.21401	0.42483	0.01003	0.00507	0.00150	0.00289	0.00871	0.00377	0.00438
30	0.00541	0.00401	0.00505	0.00568	0.00627	0.00365	0.00392	0.00642	0.00922	0.01217	0.14229	0.57704	0.17792	0.01249	0.00543	0.00166	0.00240	0.01115	0.00416	0.00365
31	0.01000	0.01094	0.06260	0.32490	0.31473	0.06176	0.12669	0.01291	0.00965	0.01280	0.00801	0.01097	0.00630	0.00409	0.00442	0.00137	0.00597	0.00396	0.00207	0.00585
32	0.01068	0.03963	0.26757	0.01639	0.14973	0.01050	0.31476	0.04414	0.01035	0.06524	0.00919	0.02543	0.00698	0.00420	0.00456	0.00139	0.00623	0.00430	0.00239	0.00633
33	0.00555	0.00397	0.00531	0.00618	0.00658	0.00373	0.00432	0.00656	0.00892	0.01198	0.10820	0.68840	0.02983	0.01302	0.00556	0.00175	0.00261	0.07976	0.00413	0.00364
34	0.00899	0.00873	0.01262	0.11711	0.02916	0.01185	0.00944	0.01030	0.00705	0.01061	0.00677	0.01077	0.00640	0.01024	0.11373	0.00247	0.61315	0.00393	0.00197	0.00471
35	0.02148	0.03506	0.02999	0.04859	0.25128	0.03985	0.14150	0.10571	0.01135	0.08759	0.03874	0.10156	0.01157	0.00585	0.00464	0.00142	0.00503	0.04971	0.00309	0.00601
36	0.01371	0.00910	0.01111	0.01043	0.09698	0.00952	0.00749	0.34530	0.06354	0.17230	0.04703	0.13799	0.01308	0.00752	0.03273	0.00159	0.00433	0.00553	0.00423	0.00650
37	0.00750	0.00419	0.00445	0.00462	0.00556	0.00415	0.00337	0.00954	0.03316	0.01507	0.01793	0.17781	0.06046	0.00711	0.00370	0.00120	0.00218	0.00599	0.62798	0.00403
38	0.03765	0.10152	0.09020	0.03599	0.06310	0.05799	0.32973	0.08417	0.09688	0.04581	0.00960	0.01110	0.00724	0.00425	0.00443	0.00135	0.00595	0.00420	0.00269	0.00615
39	0.01182	0.01012	0.01107	0.14418	0.09837	0.13108	0.00815	0.06657	0.19407	0.11150	0.02447	0.03007	0.09537	0.00575	0.00438	0.00135	0.00462	0.00473	0.00347	0.03885
40	0.03599	0.16379	0.38383	0.01028	0.04182	0.02536	0.02572	0.02688	0.02374	0.05865	0.01248	0.01313	0.10148	0.00494	0.00397	0.00126	0.00512	0.00386	0.00249	0.05521

[dist]
# distance from previous block
# <min> <max>
2	26

[block]
# block no. 9 follows, 60 sequences, length 16
# corresponding to MSA columns:
# 431-446
name=unknown_J
#
# <colnr> <probs for GDERKNQSTAVLIFYWHMCP>
#	G	D	E	R	K	N	Q	S	T	A	V	L	I	F	Y	W	H	M	C	P
0	0.00661	0.01840	0.00604	0.00558	0.00701	0.00499	0.00422	0.00946	0.11211	0.02964	0.30762	0.08863	0.36429	0.00961	0.00504	0.00145	0.00240	0.00822	0.00435	0.00433
1	0.00597	0.00455	0.00623	0.00627	0.00712	0.00491	0.00475	0.00729	0.00764	0.01041	0.01924	0.05918	0.18292	0.08121	0.56546	0.00542	0.00878	0.00608	0.00279	0.00375
2	0.01890	0.00776	0.01026	0.00789	0.01121	0.00698	0.00651	0.09069	0.01319	0.72762	0.04054	0.01499	0.01140	0.00549	0.00441	0.00135	0.00376	0.00445	0.00529	0.00732
3	0.00549	0.00403	0.00507	0.00583	0.00641	0.00370	0.00410	0.00647	0.00889	0.01165	0.04240	0.58942	0.18585	0.01272	0.00545	0.00170	0.00256	0.06900	0.02563	0.00363
4	0.00845	0.02096	0.75424	0.01189	0.01781	0.00957	0.01508	0.01315	0.00913	0.01358	0.00921	0.08043	0.00751	0.00496	0.00427	0.00141	0.00611	0.00401	0.00203	0.00620
5	0.00515	0.00442	0.00442	0.00442	0.00589	0.00368	0.00331	0.00626	0.00994	0.01178	0.04418	0.04197	0.81775	0.01105	0.00515	0.00147	0.00221	0.00920	0.00405	0.00368
6	0.01026	0.11738	0.02451	0.01649	0.02064	0.01150	0.66954	0.01353	0.01003	0.01338	0.00911	0.04594	0.00742	0.00410	0.00487	0.00142	0.00681	0.00509	0.00224	0.00575
7	0.00680	0.00491	0.00685	0.00758	0.00858	0.00496	0.00648	0.00873	0.00985	0.01303	0.09000	0.04352	0.04679	0.01437	0.11008	0.00257	0.00477	0.60226	0.00387	0.00400
8	0.00685	0.00530	0.00769	0.00750	0.00813	0.00633	0.00582	0.00819	0.00723	0.02606	0.01254	0.12080	0.01253	0.04185	0.57725	0.00545	0.12834	0.00555	0.00256	0.00402
9	0.05920	0.00977	0.01028	0.00876	0.01154	0.03709	0.00696	0.13778	0.48690	0.15945	0.01560	0.01441	0.01130	0.00558	0.00431	0.00141	0.00384	0.00448	0.00443	0.00689
10	0.01275	0.08855	0.33760	0.01228	0.11665	0.05743	0.01143	0.06072	0.01098	0.21370	0.03014	0.01118	0.00800	0.00459	0.00413	0.00130	0.00534	0.00365	0.00300	0.00659
11	0.00871	0.00835	0.01402	0.03586	0.01435	0.00837	0.29238	0.01362	0.20571	0.01446	0.06095	0.10848	0.11652	0.00719	0.00507	0.00154	0.00464	0.07100	0.00346	0.00533
12	0.05663	0.01157	0.05353	0.20441	0.45991	0.11375	0.01214	0.01338	0.00980	0.01336	0.00779	0.01034	0.00632	0.00409	0.00418	0.00132	0.00563	0.00364	0.00213	0.00607
13	0.08802	0.08088	0.08565	0.01147	0.01453	0.50675	0.10931	0.03144	0.01130	0.01243	0.00707	0.00840	0.00569	0.00428	0.00392	0.00120	0.00699	0.00309	0.00226	0.00534
14	0.01340	0.01564	0.01039	0.00952	0.01133	0.53706	0.00698	0.01589	0.12565	0.01129	0.00980	0.01345	0.00889	0.18321	0.00788	0.00183	0.00646	0.00386	0.00265	0.00481
15	0.01143	0.01174	0.01683	0.07131	0.64072	0.12848	0.02917	0.01385	0.01022	0.01355	0.00798	0.01044	0.00665	0.00400	0.00428	0.00128	0.00565	0.00376	0.00216	0.00650

[dist]
# distance from previous block
# <min> <max>
0	4

[block]
# block no. 10 follows, 60 sequences, length 7
# corresponding to MSA columns:
# 520-526
name=unknown_K
#
# <colnr> <probs for GDERKNQSTAVLIFYWHMCP>
#	G	D	E	R	K	N	Q	S	T	A	V	L	I	F	Y	W	H	M	C	P
0	0.01105	0.00964	0.01687	0.20799	0.45728	0.00989	0.11079	0.01376	0.00996	0.09685	0.00911	0.01152	0.00702	0.00412	0.00444	0.00136	0.00544	0.00409	0.00245	0.00636
1	0.00557	0.00398	0.00535	0.00636	0.00673	0.00376	0.00449	0.00651	0.00860	0.01142	0.02390	0.72585	0.02829	0.01342	0.00563	0.00181	0.00275	0.12791	0.00404	0.00361
2	0.01139	0.01168	0.01650	0.09534	0.63068	0.13192	0.01254	0.01379	0.01019	0.01345	0.00795	0.01043	0.00662	0.00402	0.00426	0.00128	0.00564	0.00373	0.00215	0.00645
3	0.03555	0.01133	0.16971	0.08337	0.03911	0.00886	0.17885	0.01574	0.04845	0.26290	0.03212	0.01280	0.00880	0.00520	0.00530	0.03633	0.03186	0.00429	0.00326	0.00618
4	0.00539	0.00396	0.00506	0.00577	0.00629	0.00363	0.00395	0.00635	0.00903	0.01195	0.11737	0.63826	0.14147	0.01275	0.00546	0.00168	0.00243	0.01143	0.00413	0.00363
5	0.00623	0.00467	0.00701	0.00701	0.00779	0.00545	0.00545	0.00779	0.00701	0.01012	0.01168	0.01713	0.01090	0.03271	0.82944	0.00701	0.01168	0.00467	0.00234	0.00389
6	0.01025	0.08872	0.30464	0.13521	0.01945	0.08374	0.19381	0.01369	0.00977	0.03923	0.03324	0.01076	0.00712	0.00435	0.00458	0.00136	0.02826	0.00384	0.00219	0.00580

[dist]
# distance from previous block
# <min> <max>
0	3

[block]
# block no. 11 follows, 60 sequences, length 94
# corresponding to MSA columns:
# 530-543,559-616,618-620,624-642
name=unknown_L
#
# <colnr> <probs for GDERKNQSTAVLIFYWHMCP>
#	G	D	E	R	K	N	Q	S	T	A	V	L	I	F	Y	W	H	M	C	P
0	0.04160	0.00954	0.01750	0.16033	0.09424	0.00965	0.34445	0.06167	0.01059	0.05883	0.01127	0.01742	0.00960	0.00533	0.00489	0.00151	0.00586	0.12731	0.00276	0.00564
1	0.01718	0.00991	0.01145	0.00887	0.01218	0.01027	0.00730	0.43377	0.05267	0.33785	0.01357	0.01266	0.00914	0.00532	0.00433	0.00132	0.00421	0.00416	0.03655	0.00727
2	0.00737	0.00555	0.00653	0.00683	0.00769	0.02358	0.00489	0.13132	0.01044	0.01376	0.02201	0.64856	0.04495	0.01202	0.00535	0.00168	0.00304	0.03617	0.00406	0.00420
3	0.01055	0.00977	0.01515	0.13053	0.23247	0.01129	0.08722	0.07073	0.08293	0.03153	0.00878	0.01133	0.00717	0.00590	0.02343	0.00164	0.24707	0.00411	0.00250	0.00589
4	0.00573	0.00456	0.00515	0.00498	0.00629	0.00405	0.00374	0.00752	0.03137	0.01435	0.36900	0.03736	0.47027	0.01002	0.00513	0.00143	0.00218	0.00854	0.00438	0.00395
5	0.01032	0.00972	0.01561	0.17585	0.54505	0.01031	0.01213	0.01450	0.13504	0.01429	0.00961	0.01181	0.00770	0.00429	0.00434	0.00135	0.00503	0.00405	0.00247	0.00652
6	0.01543	0.01193	0.01242	0.00984	0.01309	0.03962	0.00802	0.62387	0.17749	0.02510	0.01180	0.01154	0.00853	0.00535	0.00436	0.00134	0.00463	0.00409	0.00431	0.00724
7	0.01725	0.00701	0.00944	0.00743	0.01042	0.00617	0.00606	0.01927	0.03328	0.67573	0.14229	0.01765	0.01561	0.00596	0.00451	0.00136	0.00345	0.00495	0.00528	0.00689
8	0.00553	0.00443	0.00494	0.00481	0.00612	0.00384	0.00361	0.00699	0.01083	0.01389	0.32969	0.03850	0.53093	0.01026	0.00515	0.00144	0.00215	0.00872	0.00433	0.00384
9	0.00933	0.00800	0.00917	0.00684	0.01049	0.00660	0.00544	0.01289	0.13452	0.01484	0.00932	0.01017	0.00753	0.00365	0.00342	0.00078	0.00326	0.00295	0.00287	0.73792
10	0.00954	0.00954	0.01336	0.01145	0.01145	0.01336	0.00954	0.01050	0.00668	0.01050	0.00573	0.00954	0.00573	0.00763	0.01431	0.00191	0.83874	0.00382	0.00191	0.00477
11	0.00904	0.00775	0.00904	0.00646	0.01034	0.00581	0.00517	0.01098	0.00904	0.01421	0.00775	0.00904	0.00646	0.00323	0.00323	0.00065	0.00323	0.00258	0.00258	0.87339
12	0.00786	0.00703	0.01144	0.38432	0.19476	0.00782	0.00970	0.00999	0.00889	0.01187	0.02522	0.26029	0.01364	0.02190	0.00504	0.00156	0.00461	0.00653	0.00267	0.00486
13	0.00525	0.00451	0.00451	0.00450	0.00599	0.00381	0.00338	0.00656	0.02403	0.01190	0.04372	0.04152	0.80361	0.01096	0.00514	0.00147	0.00223	0.00913	0.00406	0.00374
14	0.00716	0.00494	0.00684	0.00751	0.00854	0.00491	0.02295	0.00913	0.00980	0.01346	0.02147	0.09213	0.02277	0.01088	0.00551	0.00183	0.00368	0.60295	0.13951	0.00403
15	0.74340	0.00828	0.00699	0.00605	0.00886	0.00926	0.00499	0.01414	0.00821	0.14510	0.00781	0.00830	0.00567	0.00426	0.00296	0.00135	0.00343	0.00268	0.00312	0.00515
16	0.00574	0.00456	0.00517	0.00500	0.00630	0.00405	0.00376	0.00755	0.03141	0.01444	0.38099	0.03722	0.45822	0.00999	0.00513	0.00143	0.00217	0.00852	0.00439	0.00395
17	0.00515	0.00442	0.00442	0.00442	0.00589	0.00368	0.00331	0.00626	0.00994	0.01178	0.04418	0.04197	0.81775	0.01105	0.00515	0.00147	0.00221	0.00920	0.00405	0.00368
18	0.00978	0.01009	0.01340	0.60265	0.09859	0.13801	0.01156	0.01230	0.00932	0.01133	0.00756	0.01089	0.00588	0.00446	0.00466	0.00140	0.03734	0.00371	0.00201	0.00506
19	0.00899	0.02087	0.69931	0.01336	0.01949	0.01027	0.13924	0.01384	0.00938	0.01384	0.00798	0.00961	0.00570	0.00407	0.00430	0.00140	0.00659	0.00352	0.00190	0.00636
20	0.00813	0.00407	0.00407	0.00407	0.00508	0.00407	0.00305	0.01016	0.00915	0.01626	0.01423	0.01626	0.01118	0.00508	0.00305	0.00102	0.00203	0.00407	0.87093	0.00407
21	0.74163	0.00833	0.00745	0.13557	0.01181	0.00977	0.00588	0.01256	0.00763	0.01825	0.00634	0.00780	0.00489	0.00410	0.00296	0.00137	0.00376	0.00260	0.00258	0.00474
22	0.87753	0.00843	0.00641	0.00574	0.00843	0.00978	0.00472	0.01282	0.00742	0.01957	0.00607	0.00709	0.00472	0.00405	0.00270	0.00135	0.00337	0.00236	0.00270	0.00472
23	0.00994	0.00934	0.01573	0.02353	0.69239	0.00930	0.01193	0.01224	0.00968	0.01376	0.01068	0.14103	0.01034	0.00541	0.00451	0.00137	0.00477	0.00522	0.00245	0.00638
24	0.00670	0.00491	0.00658	0.00738	0.00845	0.00478	0.00634	0.00857	0.01011	0.01301	0.05500	0.04747	0.14960	0.01178	0.00586	0.00190	0.00366	0.63989	0.00405	0.00397
25	0.00955	0.00957	0.01487	0.01222	0.01291	0.01247	0.13338	0.01077	0.00719	0.01088	0.00631	0.01009	0.00597	0.00743	0.01303	0.04972	0.66287	0.00402	0.00195	0.00479
26	0.00635	0.00449	0.00602	0.00687	0.00747	0.00441	0.00536	0.00763	0.00890	0.01170	0.02194	0.30913	0.02490	0.14307	0.00840	0.00228	0.00356	0.41006	0.00381	0.00364
27	0.03122	0.00875	0.01246	0.28340	0.01824	0.02356	0.06848	0.17939	0.01163	0.14460	0.01042	0.01255	0.00777	0.00918	0.13364	0.00228	0.02947	0.00413	0.00311	0.00573
28	0.00893	0.09411	0.62574	0.14078	0.01994	0.01070	0.01472	0.01333	0.00910	0.01308	0.00766	0.00939	0.00558	0.00414	0.00406	0.00135	0.00619	0.00325	0.00186	0.00612
29	0.37573	0.01215	0.22352	0.13528	0.11312	0.00973	0.00988	0.01300	0.00853	0.03174	0.00745	0.00915	0.00563	0.00415	0.00357	0.00136	0.00474	0.00308	0.02268	0.00550
30	0.01260	0.02587	0.23824	0.03380	0.02708	0.31992	0.17089	0.01542	0.01081	0.06802	0.00870	0.03291	0.00682	0.00453	0.00432	0.00131	0.00682	0.00381	0.00238	0.00575
31	0.00694	0.00412	0.00583	0.00583	0.00604	0.00433	0.00398	0.00639	0.00618	0.00845	0.01003	0.01766	0.01029	0.20329	0.23500	0.45028	0.00599	0.00459	0.00218	0.00259
32	0.04811	0.02898	0.30175	0.01255	0.11694	0.02865	0.01131	0.08377	0.03122	0.11028	0.02554	0.03199	0.00800	0.00528	0.00578	0.00144	0.13554	0.00391	0.00276	0.00622
33	0.02709	0.11882	0.18466	0.18502	0.25758	0.03555	0.02607	0.02434	0.00978	0.07879	0.00845	0.01034	0.00647	0.00418	0.00408	0.00130	0.00547	0.00355	0.00232	0.00615
34	0.01946	0.00759	0.01023	0.00784	0.01122	0.00666	0.00648	0.04881	0.01277	0.79459	0.01697	0.01469	0.01068	0.00539	0.00439	0.00135	0.00375	0.00437	0.00536	0.00742
35	0.01293	0.01175	0.01636	0.01279	0.01524	0.13902	0.24797	0.05814	0.01041	0.15189	0.00905	0.01091	0.00694	0.00544	0.00768	0.00152	0.26925	0.00416	0.00278	0.00575
36	0.01048	0.00949	0.05406	0.00838	0.01099	0.00975	0.00693	0.14576	0.46580	0.01817	0.03566	0.01968	0.15017	0.00734	0.02604	0.00159	0.00381	0.00546	0.00417	0.00628
37	0.01140	0.68494	0.14767	0.00840	0.01249	0.05059	0.00886	0.01336	0.00906	0.01083	0.00637	0.00738	0.00559	0.00383	0.00306	0.00101	0.00508	0.00249	0.00188	0.00571
38	0.00631	0.00421	0.00477	0.00480	0.00481	0.00421	0.00269	0.00633	0.00641	0.00854	0.01408	0.05516	0.01628	0.81953	0.02166	0.00415	0.00417	0.00654	0.00269	0.00267
39	0.00639	0.00440	0.00528	0.00524	0.00536	0.00460	0.00322	0.00665	0.00645	0.00876	0.01326	0.02638	0.01488	0.70277	0.14824	0.00462	0.02200	0.00603	0.00258	0.00288
