[name]
unknown

[dist]
# distance from previous block
# <min> <max>
0	69

[block]
# block no. 0 follows, 49 sequences, length 21
# corresponding to MSA columns:
# 93-113
name=unknown_A
#
# <colnr> <probs for GDERKNQSTAVLIFYWHMCP>
#	G	D	E	R	K	N	Q	S	T	A	V	L	I	F	Y	W	H	M	C	P
0	0.01159	0.06837	0.04318	0.01080	0.06562	0.02419	0.05855	0.04988	0.06837	0.07330	0.06490	0.04211	0.07772	0.00695	0.00495	0.00142	0.00458	0.07685	0.02435	0.22231
1	0.02595	0.10743	0.09695	0.04636	0.01398	0.01112	0.02777	0.15314	0.09541	0.03362	0.11673	0.06632	0.04830	0.02361	0.02329	0.02221	0.02263	0.00581	0.00390	0.05547
2	0.13113	0.03930	0.07000	0.02427	0.04904	0.02719	0.07877	0.09362	0.01177	0.01769	0.09323	0.09980	0.04249	0.06865	0.06988	0.00237	0.02796	0.00622	0.04092	0.00571
3	0.01098	0.04420	0.01138	0.06875	0.03654	0.05536	0.00760	0.03496	0.18618	0.02943	0.05217	0.07948	0.02828	0.09241	0.03722	0.00211	0.04576	0.02202	0.00374	0.15143
4	0.02801	0.06130	0.04936	0.04989	0.04093	0.08873	0.04371	0.01107	0.01094	0.01402	0.08154	0.21006	0.16353	0.06904	0.02621	0.00204	0.00486	0.00824	0.00370	0.03284
5	0.06806	0.04926	0.03262	0.06450	0.07003	0.08553	0.03509	0.07356	0.01149	0.01640	0.01010	0.03375	0.00899	0.08504	0.00665	0.00158	0.02289	0.00420	0.00300	0.31725
6	0.06390	0.08244	0.08599	0.09746	0.01587	0.04900	0.02363	0.16576	0.08429	0.07800	0.01390	0.10691	0.01210	0.02765	0.00573	0.01860	0.00531	0.01979	0.00381	0.03986
7	0.03541	0.02373	0.01572	0.23375	0.20675	0.03497	0.04022	0.04504	0.07340	0.03783	0.01029	0.01272	0.00810	0.00503	0.00528	0.00146	0.04267	0.00428	0.00294	0.16038
8	0.01189	0.01514	0.21215	0.18309	0.13776	0.03848	0.08989	0.06650	0.06137	0.03547	0.02716	0.01315	0.00868	0.00517	0.00527	0.00157	0.02442	0.00452	0.00288	0.05544
9	0.02746	0.00522	0.00640	0.00663	0.00762	0.00497	0.00474	0.00885	0.01023	0.05718	0.08400	0.28744	0.19132	0.15282	0.07944	0.00294	0.00427	0.04976	0.00436	0.00436
10	0.04739	0.00704	0.03997	0.00708	0.00887	0.00627	0.00558	0.04304	0.04234	0.03777	0.34915	0.08229	0.11034	0.11215	0.03757	0.00225	0.00376	0.00805	0.00461	0.04450
11	0.05184	0.00835	0.00945	0.02539	0.01100	0.02745	0.00649	0.14568	0.03750	0.21993	0.08170	0.08733	0.01659	0.00737	0.00482	0.00152	0.00389	0.02348	0.22372	0.00651
12	0.00667	0.00510	0.00611	0.00597	0.00728	0.00455	0.00444	0.00855	0.01299	0.01740	0.47228	0.09696	0.31014	0.01161	0.00600	0.00166	0.00249	0.01006	0.00520	0.00455
13	0.01065	0.04591	0.55325	0.01474	0.06494	0.01204	0.03533	0.01528	0.01053	0.03273	0.02846	0.03253	0.00840	0.00572	0.00635	0.00167	0.10763	0.00433	0.00242	0.00709
14	0.00794	0.00624	0.00879	0.00847	0.00908	0.00753	0.00651	0.00937	0.00814	0.01192	0.01347	0.05727	0.01335	0.13331	0.49509	0.00611	0.14812	0.00589	0.03890	0.00449
15	0.01049	0.00899	0.01049	0.00749	0.01198	0.00674	0.00599	0.01273	0.01049	0.01648	0.00899	0.01049	0.00749	0.00374	0.00374	0.00075	0.00374	0.00300	0.00300	0.85320
16	0.51177	0.00872	0.00819	0.00727	0.01012	0.00942	0.00592	0.03639	0.01065	0.15702	0.04643	0.06441	0.03126	0.00666	0.00414	0.00163	0.00387	0.04578	0.02443	0.00591
17	0.00884	0.00766	0.00902	0.12919	0.02979	0.07042	0.00707	0.01116	0.03475	0.03405	0.17508	0.08983	0.18329	0.03200	0.13436	0.00279	0.00575	0.02595	0.00398	0.00501
18	0.00737	0.00559	0.00698	0.00641	0.00801	0.00492	0.00481	0.00951	0.01321	0.01855	0.55553	0.08804	0.12645	0.01017	0.00572	0.00153	0.00261	0.00890	0.00509	0.11061
19	0.01285	0.01289	0.06878	0.13367	0.28065	0.06074	0.05878	0.16320	0.01411	0.01890	0.08021	0.01610	0.04501	0.00581	0.00517	0.00155	0.00600	0.00515	0.00332	0.00709
20	0.01750	0.16427	0.01647	0.02663	0.01524	0.41461	0.00947	0.15726	0.05084	0.04960	0.00957	0.01042	0.00757	0.00541	0.00475	0.00136	0.02548	0.00364	0.00323	0.00668

[dist]
# distance from previous block
# <min> <max>
4	22

[block]
# block no. 1 follows, 49 sequences, length 8
# corresponding to MSA columns:
# 136-143
name=unknown_B
#
# <colnr> <probs for GDERKNQSTAVLIFYWHMCP>
#	G	D	E	R	K	N	Q	S	T	A	V	L	I	F	Y	W	H	M	C	P
0	0.00713	0.00511	0.00619	0.00660	0.00772	0.00464	0.00490	0.00847	0.01102	0.04193	0.09243	0.28809	0.30832	0.06393	0.00747	0.00209	0.00318	0.12167	0.00471	0.00439
1	0.02861	0.08139	0.17011	0.08722	0.19081	0.08893	0.05127	0.03257	0.02896	0.07856	0.01105	0.02750	0.00866	0.00520	0.00469	0.00148	0.00612	0.00438	0.07289	0.01959
2	0.01339	0.01053	0.01156	0.03641	0.01372	0.01193	0.00820	0.10581	0.56127	0.06409	0.01947	0.02008	0.01496	0.00706	0.00518	0.00170	0.00426	0.04900	0.03363	0.00772
3	0.00672	0.00466	0.00585	0.00663	0.00699	0.00445	0.00442	0.00755	0.00931	0.01252	0.02507	0.50616	0.05526	0.22404	0.01135	0.00276	0.00352	0.06012	0.03872	0.00390
4	0.70496	0.00981	0.00840	0.00728	0.01028	0.01123	0.00599	0.01443	0.00872	0.02121	0.00720	0.00867	0.00577	0.00494	0.00430	0.00154	0.07071	0.00290	0.00304	0.08861
5	0.52655	0.00980	0.00977	0.09168	0.03773	0.01080	0.00717	0.04509	0.03987	0.09692	0.00946	0.01053	0.00705	0.00494	0.00378	0.00151	0.00436	0.00341	0.00347	0.07610
6	0.03533	0.02915	0.16226	0.01030	0.01341	0.07027	0.03715	0.07557	0.02661	0.03099	0.04787	0.13003	0.14677	0.00868	0.00642	0.00168	0.08428	0.03035	0.00363	0.04926
7	0.03638	0.05434	0.11817	0.03913	0.04081	0.02819	0.12782	0.12047	0.01272	0.07462	0.04155	0.04663	0.03374	0.04040	0.08397	0.00228	0.00655	0.00530	0.00344	0.08349

[dist]
# distance from previous block
# <min> <max>
8	37

[block]
# block no. 2 follows, 49 sequences, length 11
# corresponding to MSA columns:
# 187-197
name=unknown_C
#
# <colnr> <probs for GDERKNQSTAVLIFYWHMCP>
#	G	D	E	R	K	N	Q	S	T	A	V	L	I	F	Y	W	H	M	C	P
0	0.07922	0.06902	0.06721	0.04886	0.11465	0.08784	0.09085	0.07065	0.05699	0.03896	0.03646	0.03964	0.01002	0.00549	0.00505	0.00144	0.03102	0.00456	0.00320	0.13888
1	0.03025	0.03646	0.03794	0.10746	0.13959	0.09310	0.06540	0.03856	0.01178	0.04604	0.08690	0.04475	0.02657	0.00621	0.00590	0.00150	0.07495	0.00512	0.02924	0.11228
2	0.04349	0.01056	0.06485	0.30916	0.08683	0.01087	0.01108	0.10450	0.08137	0.01764	0.03919	0.05214	0.01100	0.00610	0.00527	0.00160	0.03123	0.00508	0.07248	0.03555
3	0.00775	0.00500	0.00639	0.00681	0.00778	0.00452	0.00481	0.00900	0.01104	0.08434	0.13320	0.51387	0.15895	0.01374	0.00619	0.00189	0.00292	0.01222	0.00495	0.00463
4	0.06496	0.07815	0.26971	0.01446	0.11133	0.03358	0.08598	0.03830	0.06220	0.03277	0.00998	0.01148	0.00765	0.00470	0.00456	0.00140	0.00606	0.00394	0.00282	0.15597
5	0.00653	0.00466	0.00618	0.00698	0.00750	0.00437	0.00486	0.00777	0.01068	0.01447	0.18601	0.58494	0.03566	0.04168	0.00703	0.00207	0.00299	0.05655	0.00482	0.00424
6	0.01108	0.08284	0.01335	0.18652	0.05799	0.04968	0.00924	0.10130	0.05638	0.01512	0.01371	0.01740	0.06099	0.05468	0.16262	0.03846	0.05476	0.00508	0.00306	0.00574
7	0.00877	0.00753	0.00848	0.00911	0.05990	0.07773	0.00589	0.00966	0.00922	0.01209	0.03451	0.22960	0.01936	0.29409	0.09522	0.01854	0.05346	0.00807	0.00336	0.03542
8	0.01052	0.01005	0.01503	0.52575	0.09693	0.05602	0.03350	0.01379	0.02957	0.01404	0.02982	0.01411	0.00855	0.00548	0.00575	0.00165	0.06048	0.00463	0.05849	0.00585
9	0.01091	0.04014	0.01114	0.00812	0.01164	0.00842	0.00646	0.07326	0.04326	0.01660	0.01047	0.01357	0.00916	0.08029	0.06018	0.00180	0.04276	0.00384	0.00317	0.54481
10	0.07286	0.24998	0.20139	0.01347	0.09287	0.09113	0.05432	0.04060	0.01163	0.09121	0.00942	0.01066	0.00728	0.00493	0.00466	0.00143	0.02866	0.00370	0.00281	0.00700

[dist]
# distance from previous block
# <min> <max>
0	8

[block]
# block no. 3 follows, 49 sequences, length 16
# corresponding to MSA columns:
# 206-221
name=unknown_D
#
# <colnr> <probs for GDERKNQSTAVLIFYWHMCP>
#	G	D	E	R	K	N	Q	S	T	A	V	L	I	F	Y	W	H	M	C	P
0	0.01457	0.49057	0.03525	0.01047	0.01420	0.22207	0.03893	0.03977	0.01175	0.01295	0.00828	0.01036	0.00738	0.00636	0.04042	0.00154	0.00689	0.01950	0.00246	0.00629
1	0.02233	0.02945	0.01049	0.00947	0.08566	0.00711	0.00648	0.01186	0.02492	0.01559	0.04316	0.11589	0.05071	0.06904	0.00609	0.00142	0.00389	0.00553	0.00336	0.47753
2	0.00940	0.00788	0.00868	0.00833	0.00943	0.07821	0.00620	0.05532	0.05328	0.01358	0.03404	0.06946	0.01571	0.20176	0.34174	0.00508	0.03111	0.02893	0.01707	0.00477
3	0.01421	0.01022	0.04594	0.00929	0.04161	0.06607	0.00729	0.15675	0.06713	0.14563	0.07249	0.01781	0.01401	0.02825	0.00515	0.00151	0.00432	0.00505	0.28068	0.00659
4	0.01209	0.01233	0.04231	0.11087	0.30703	0.06044	0.01275	0.04162	0.04106	0.01543	0.03258	0.01289	0.00883	0.00617	0.00830	0.00171	0.23726	0.00453	0.00268	0.02912
5	0.01144	0.00901	0.01118	0.05534	0.05866	0.00750	0.00703	0.03797	0.01112	0.06371	0.01031	0.01219	0.00834	0.02449	0.00455	0.00104	0.00411	0.00354	0.04286	0.61560
6	0.01060	0.00662	0.00758	0.00706	0.00893	0.02669	0.00533	0.01314	0.07095	0.17358	0.15510	0.17774	0.24817	0.02372	0.00600	0.00174	0.00327	0.00911	0.03915	0.00553
7	0.00900	0.00625	0.00781	0.00746	0.00864	0.00658	0.00573	0.04092	0.01067	0.04068	0.08421	0.11635	0.07399	0.10974	0.10864	0.00288	0.08047	0.08327	0.15681	0.03991
8	0.44302	0.01075	0.01053	0.00855	0.01211	0.01171	0.00706	0.22943	0.01412	0.19171	0.01125	0.01125	0.00787	0.00542	0.00409	0.00155	0.00446	0.00375	0.00434	0.00703
9	0.01280	0.27050	0.16985	0.03786	0.07667	0.09305	0.08289	0.04054	0.05360	0.01469	0.00914	0.01105	0.00748	0.00617	0.03150	0.00168	0.06732	0.00390	0.00255	0.00675
10	0.05723	0.01060	0.01220	0.30152	0.04488	0.13932	0.02170	0.03058	0.01150	0.03250	0.08119	0.07474	0.01364	0.00754	0.02045	0.02395	0.00590	0.02627	0.05239	0.03191
11	0.03913	0.04110	0.01184	0.08347	0.04993	0.00927	0.04031	0.03886	0.08086	0.09559	0.19881	0.02421	0.09308	0.06664	0.02327	0.00202	0.08509	0.00649	0.00413	0.00589
12	0.02602	0.03762	0.03916	0.05763	0.06078	0.04429	0.04064	0.14056	0.07346	0.05817	0.01269	0.03221	0.03462	0.00548	0.00488	0.00130	0.02509	0.00445	0.00359	0.29735
13	0.01423	0.01098	0.01236	0.01118	0.05115	0.04322	0.03509	0.12308	0.40709	0.10054	0.01742	0.01756	0.01316	0.04365	0.00594	0.00175	0.00461	0.00534	0.07413	0.00752
14	0.01428	0.05722	0.06086	0.07361	0.01567	0.21196	0.00958	0.10937	0.15166	0.03743	0.01177	0.01302	0.00921	0.00706	0.03675	0.00174	0.06693	0.00424	0.05081	0.05683
15	0.17380	0.07592	0.01437	0.01246	0.07560	0.33634	0.00917	0.15413	0.04433	0.04546	0.00944	0.01035	0.00737	0.00525	0.00436	0.00141	0.00663	0.00361	0.00333	0.00668

[dist]
# distance from previous block
# <min> <max>
5	11

[block]
# block no. 4 follows, 49 sequences, length 6
# corresponding to MSA columns:
# 233-238
name=unknown_E
#
# <colnr> <probs for GDERKNQSTAVLIFYWHMCP>
#	G	D	E	R	K	N	Q	S	T	A	V	L	I	F	Y	W	H	M	C	P
0	0.01317	0.01137	0.04227	0.12206	0.15358	0.01171	0.04609	0.20165	0.15591	0.04685	0.05882	0.04621	0.03713	0.00666	0.00527	0.00163	0.00529	0.02302	0.00406	0.00726
1	0.01041	0.00954	0.01504	0.19284	0.33754	0.01029	0.01187	0.01381	0.05571	0.01613	0.13733	0.02055	0.05887	0.00674	0.00602	0.00165	0.05527	0.03064	0.00327	0.00649
2	0.01123	0.00962	0.04341	0.23325	0.11662	0.00949	0.01014	0.06195	0.06959	0.06515	0.09521	0.05388	0.01411	0.00732	0.03342	0.00173	0.00530	0.00538	0.02600	0.12718
3	0.01154	0.04217	0.01603	0.20660	0.28995	0.01127	0.02907	0.06269	0.09454	0.01686	0.02879	0.03164	0.02652	0.00621	0.02151	0.00165	0.00565	0.00497	0.03298	0.05937
4	0.06539	0.06147	0.01469	0.25109	0.12554	0.04829	0.02543	0.07764	0.07675	0.01687	0.06268	0.01631	0.03102	0.00623	0.00550	0.02010	0.02566	0.02438	0.00321	0.04178
5	0.01271	0.01106	0.01575	0.16497	0.33245	0.03725	0.01196	0.06434	0.13028	0.06122	0.03240	0.01576	0.04102	0.00563	0.00504	0.00154	0.00549	0.00498	0.00342	0.04274

[dist]
# distance from previous block
# <min> <max>
0	128

[block]
# block no. 5 follows, 49 sequences, length 28
# corresponding to MSA columns:
# 381-408
name=unknown_F
#
# <colnr> <probs for GDERKNQSTAVLIFYWHMCP>
#	G	D	E	R	K	N	Q	S	T	A	V	L	I	F	Y	W	H	M	C	P
0	0.18045	0.05559	0.06232	0.02614	0.04825	0.06330	0.00791	0.07743	0.04726	0.04260	0.05738	0.03811	0.06369	0.02938	0.05585	0.00197	0.00532	0.02245	0.00355	0.11104
1	0.04871	0.01255	0.11415	0.12238	0.19468	0.03661	0.04710	0.06183	0.11567	0.05299	0.03859	0.04771	0.02650	0.00669	0.02181	0.00173	0.00577	0.00525	0.03235	0.00693
2	0.00730	0.00539	0.00742	0.00739	0.00844	0.00561	0.00554	0.00880	0.00912	0.01290	0.06677	0.15083	0.06705	0.05467	0.44812	0.03487	0.00891	0.00728	0.02268	0.06092
3	0.01250	0.08142	0.05754	0.07232	0.12005	0.04765	0.07466	0.08099	0.10308	0.03886	0.03206	0.01499	0.01054	0.04023	0.00693	0.00171	0.09402	0.00480	0.09906	0.00661
4	0.01249	0.00769	0.01034	0.00880	0.01130	0.00735	0.05589	0.04241	0.10557	0.21768	0.18789	0.07823	0.11270	0.02406	0.02831	0.00191	0.00416	0.04981	0.00508	0.02836
5	0.01188	0.10347	0.45219	0.02954	0.06059	0.03508	0.02991	0.08948	0.06879	0.01739	0.03024	0.01204	0.00849	0.00525	0.00502	0.00155	0.02485	0.00410	0.00278	0.00734
6	0.00884	0.00591	0.00706	0.00638	0.00835	0.00507	0.00484	0.01058	0.01235	0.10722	0.26182	0.10235	0.30680	0.02834	0.00609	0.00165	0.00293	0.00894	0.00492	0.09959
7	0.00819	0.00569	0.02162	0.00684	0.00818	0.00502	0.00519	0.01024	0.02688	0.07551	0.32549	0.27134	0.12641	0.01169	0.00592	0.00174	0.00290	0.02962	0.04663	0.00491
8	0.70783	0.00991	0.00842	0.00723	0.01051	0.01115	0.00596	0.06254	0.01023	0.11448	0.00888	0.00952	0.00650	0.00496	0.00348	0.00156	0.00406	0.00313	0.00362	0.00604
9	0.00914	0.00811	0.03074	0.15611	0.03232	0.03519	0.02145	0.03637	0.01186	0.03660	0.18059	0.15650	0.12970	0.00996	0.00655	0.00179	0.06101	0.06670	0.00408	0.00524
10	0.00765	0.00558	0.00648	0.00611	0.00764	0.00512	0.00460	0.02680	0.03466	0.03846	0.40086	0.03927	0.31961	0.03174	0.00631	0.00170	0.00268	0.00917	0.04073	0.00482
11	0.04288	0.14031	0.06869	0.13921	0.05563	0.06840	0.01020	0.16759	0.11311	0.01882	0.01086	0.01213	0.00840	0.00521	0.00448	0.00140	0.00560	0.00402	0.02238	0.10067
12	0.03415	0.01498	0.16317	0.06850	0.08218	0.07945	0.08583	0.06067	0.25140	0.01807	0.03038	0.03701	0.01127	0.00606	0.00549	0.00165	0.03397	0.00510	0.00353	0.00714
13	0.03752	0.01103	0.06210	0.00962	0.01276	0.03250	0.00808	0.12084	0.29507	0.14533	0.13109	0.02093	0.05803	0.00792	0.02272	0.00176	0.00453	0.00593	0.00497	0.00727
14	0.00832	0.00658	0.00922	0.00866	0.00937	0.00791	0.00673	0.00978	0.00870	0.02800	0.07728	0.02203	0.04080	0.12621	0.43065	0.00559	0.18058	0.00592	0.00302	0.00464
15	0.01126	0.02834	0.01676	0.31634	0.28770	0.01203	0.02620	0.03213	0.08069	0.01533	0.01038	0.01389	0.00842	0.02647	0.00653	0.00173	0.07632	0.00467	0.01815	0.00667
16	0.00734	0.00496	0.00580	0.00580	0.00590	0.00506	0.00342	0.00754	0.00744	0.01002	0.01567	0.03165	0.01776	0.73684	0.11033	0.00525	0.00584	0.00714	0.00303	0.00322
17	0.01189	0.09449	0.08648	0.29206	0.08387	0.10033	0.14234	0.03267	0.04166	0.01459	0.00993	0.02774	0.00796	0.00595	0.02556	0.00174	0.00715	0.00462	0.00258	0.00639
18	0.36748	0.01210	0.03677	0.03148	0.01304	0.07263	0.00772	0.18010	0.08320	0.09336	0.02814	0.01207	0.00896	0.00554	0.00420	0.00154	0.00484	0.00393	0.02617	0.00673
19	0.00721	0.00515	0.00707	0.00824	0.00899	0.00501	0.00652	0.00885	0.01071	0.01408	0.02729	0.41732	0.03116	0.01485	0.00673	0.00220	0.00384	0.40570	0.00467	0.00440
20	0.01358	0.00763	0.00901	0.00763	0.00996	0.00762	0.00607	0.12913	0.03413	0.20191	0.13143	0.02251	0.05525	0.02845	0.00573	0.00157	0.02990	0.02334	0.25020	0.02495
21	0.01347	0.78576	0.02577	0.00873	0.01299	0.01965	0.00862	0.01571	0.04775	0.01235	0.00769	0.00863	0.00692	0.00445	0.00334	0.00111	0.00534	0.00285	0.00231	0.00656
22	0.00728	0.00503	0.00627	0.00632	0.00658	0.00528	0.00405	0.00782	0.00766	0.01047	0.01566	0.05656	0.01726	0.56983	0.24730	0.00573	0.00731	0.00704	0.00302	0.00352
23	0.01201	0.01282	0.02620	0.01915	0.02343	0.01272	0.60727	0.01627	0.04882	0.03666	0.01071	0.01391	0.00823	0.00604	0.03298	0.00197	0.09562	0.00575	0.00275	0.00671
24	0.00797	0.00647	0.00933	0.00877	0.00950	0.00762	0.02714	0.00929	0.00848	0.01203	0.03555	0.07799	0.05763	0.11842	0.40174	0.03306	0.15510	0.00647	0.00296	0.00448
25	0.03170	0.03342	0.00952	0.04780	0.03673	0.00720	0.02177	0.07921	0.02816	0.06940	0.14682	0.36488	0.06168	0.01125	0.00580	0.00179	0.00373	0.02911	0.00462	0.00540
26	0.01129	0.04818	0.01056	0.00804	0.01125	0.02523	0.00642	0.04554	0.07891	0.08000	0.09784	0.09185	0.05071	0.00710	0.00477	0.00129	0.00386	0.04445	0.00407	0.36865
27	0.02767	0.07389	0.02735	0.00851	0.01132	0.00883	0.02458	0.10435	0.05415	0.08552	0.08093	0.14161	0.09165	0.03930	0.00607	0.00164	0.01680	0.03402	0.00423	0.15757

[dist]
# distance from previous block
# <min> <max>
13	59

[block]
# block no. 6 follows, 49 sequences, length 31
# corresponding to MSA columns:
# 504-534
name=unknown_G
#
# <colnr> <probs for GDERKNQSTAVLIFYWHMCP>
#	G	D	E	R	K	N	Q	S	T	A	V	L	I	F	Y	W	H	M	C	P
0	0.07435	0.11613	0.05948	0.09743	0.11103	0.05731	0.15113	0.10806	0.01275	0.03412	0.05104	0.03803	0.01028	0.00549	0.00502	0.00151	0.01853	0.00481	0.00311	0.04038
1	0.06810	0.16133	0.17252	0.04707	0.03085	0.05155	0.04805	0.08123	0.04266	0.03333	0.01111	0.06032	0.00960	0.00586	0.00490	0.00146	0.02988	0.02741	0.00306	0.10970
2	0.04027	0.16271	0.01471	0.01031	0.02859	0.12867	0.04821	0.10369	0.05606	0.08604	0.10513	0.05024	0.04896	0.03155	0.00560	0.00163	0.00529	0.06206	0.00396	0.00631
3	0.01030	0.00978	0.07068	0.01020	0.05861	0.00776	0.05080	0.03999	0.05242	0.03863	0.09509	0.10639	0.04630	0.03939	0.00568	0.00145	0.00430	0.00595	0.00368	0.34261
4	0.02671	0.03759	0.07926	0.02562	0.03710	0.00819	0.06269	0.05637	0.01121	0.03922	0.03574	0.33255	0.02140	0.01159	0.02993	0.00205	0.04306	0.10508	0.00394	0.03070
5	0.00761	0.00603	0.00702	0.00712	0.00772	0.03042	0.00505	0.00854	0.00947	0.01241	0.06897	0.19053	0.13114	0.29674	0.06138	0.00335	0.06693	0.07172	0.00380	0.00404
6	0.05793	0.00559	0.00645	0.00656	0.00796	0.00513	0.00484	0.00909	0.01063	0.03788	0.06904	0.27865	0.24759	0.06960	0.00720	0.00200	0.00324	0.07911	0.02709	0.06441
7	0.03537	0.00782	0.00907	0.00733	0.01054	0.00647	0.00565	0.02778	0.03383	0.01653	0.06557	0.16744	0.06449	0.00719	0.00459	0.00118	0.00348	0.00613	0.00370	0.51584
8	0.01100	0.00930	0.01076	0.00774	0.01220	0.00727	0.00621	0.05796	0.01128	0.01739	0.00918	0.01058	0.00756	0.00388	0.00382	0.00079	0.00385	0.00309	0.00312	0.80301
9	0.01177	0.00963	0.05547	0.00863	0.01267	0.00735	0.03269	0.03782	0.01143	0.11410	0.04070	0.05875	0.01134	0.00703	0.04850	0.00147	0.00469	0.00445	0.00358	0.51790
10	0.01026	0.00903	0.05683	0.00997	0.04256	0.02299	0.04954	0.09170	0.08538	0.05293	0.11524	0.18193	0.12186	0.05992	0.00701	0.00196	0.00433	0.06634	0.00445	0.00577
11	0.00734	0.00495	0.00575	0.00586	0.00596	0.00496	0.00350	0.00756	0.00770	0.01027	0.01692	0.06546	0.01939	0.72274	0.04744	0.00475	0.00507	0.04793	0.00320	0.00324
12	0.04280	0.01229	0.01342	0.01064	0.01428	0.01341	0.00868	0.49384	0.14575	0.12043	0.06041	0.01526	0.01242	0.00643	0.00507	0.00156	0.00492	0.00503	0.00519	0.00818
13	0.01104	0.02796	0.01527	0.43690	0.04565	0.01120	0.05688	0.07307	0.01152	0.03956	0.03752	0.02678	0.00990	0.00598	0.00600	0.00164	0.06975	0.03487	0.00292	0.07561
14	0.00884	0.00739	0.01073	0.03650	0.11115	0.00770	0.03956	0.03096	0.03073	0.01522	0.09703	0.08872	0.13266	0.06263	0.06822	0.00255	0.06014	0.18009	0.00393	0.00526
15	0.06285	0.52551	0.03721	0.00875	0.01278	0.03085	0.00825	0.06687	0.01124	0.01474	0.00917	0.04408	0.00853	0.00520	0.00373	0.00119	0.00511	0.02685	0.00272	0.11439
16	0.00943	0.00793	0.00998	0.05317	0.07300	0.02590	0.02660	0.02985	0.17806	0.02449	0.12067	0.16426	0.13569	0.04259	0.00657	0.00190	0.00407	0.07569	0.00445	0.00570
17	0.01135	0.00857	0.01060	0.00791	0.01178	0.00692	0.02998	0.03750	0.01180	0.08349	0.11408	0.01520	0.01355	0.00502	0.00426	0.00100	0.00376	0.00421	0.04017	0.57884
18	0.03582	0.05045	0.04741	0.01052	0.01300	0.00953	0.14300	0.09119	0.06238	0.03428	0.08699	0.07900	0.03212	0.19160	0.05851	0.00278	0.02739	0.01474	0.00366	0.00562
19	0.01521	0.14327	0.02912	0.01333	0.07660	0.29912	0.06664	0.08183	0.06976	0.03875	0.01109	0.06032	0.00964	0.02430	0.00540	0.00151	0.02185	0.00461	0.00316	0.02449
20	0.08170	0.00631	0.00876	0.00968	0.07666	0.00697	0.00665	0.00966	0.00867	0.01309	0.01569	0.10624	0.05356	0.04695	0.44242	0.06327	0.02975	0.00630	0.00301	0.00468
21	0.08520	0.06147	0.01252	0.05805	0.04426	0.14407	0.04404	0.02981	0.03448	0.04237	0.10706	0.08268	0.05507	0.05008	0.06293	0.00223	0.06859	0.00602	0.00348	0.00559
22	0.00719	0.00518	0.00711	0.00724	0.00794	0.00550	0.00521	0.00828	0.00836	0.01164	0.01743	0.16976	0.04072	0.18415	0.41995	0.04565	0.00886	0.00748	0.00319	0.02919
23	0.02913	0.01059	0.06312	0.31581	0.16050	0.01079	0.06973	0.02612	0.01083	0.06180	0.01250	0.06788	0.03394	0.00625	0.00605	0.00169	0.06988	0.00541	0.03167	0.00629
24	0.01218	0.01163	0.04196	0.04820	0.08104	0.03508	0.23317	0.04818	0.05813	0.06266	0.01359	0.03011	0.05311	0.00527	0.00501	0.00139	0.00579	0.00509	0.00329	0.24510
25	0.03334	0.19894	0.12435	0.03001	0.04012	0.29610	0.01056	0.07675	0.04994	0.05122	0.00955	0.01056	0.00751	0.00510	0.00435	0.00135	0.00685	0.00358	0.01708	0.02274
26	0.06082	0.00923	0.01137	0.01060	0.07629	0.00913	0.03350	0.06277	0.19475	0.06725	0.09278	0.04485	0.07685	0.00757	0.02294	0.00161	0.00429	0.01628	0.00424	0.19287
27	0.03811	0.08453	0.03735	0.02768	0.01272	0.08484	0.04313	0.06190	0.10973	0.07518	0.07338	0.06840	0.01547	0.10207	0.06334	0.00238	0.02170	0.02472	0.00379	0.04959
28	0.01181	0.02716	0.05607	0.02690	0.08071	0.02641	0.00850	0.10094	0.06068	0.09244	0.16106	0.06976	0.09556	0.03590	0.00735	0.00177	0.09839	0.00664	0.00420	0.02774
29	0.05719	0.07257	0.02605	0.10550	0.10685	0.03816	0.00913	0.14098	0.06341	0.08166	0.08035	0.10487	0.01539	0.03268	0.00568	0.00168	0.00496	0.02008	0.00395	0.02886
30	0.05957	0.01287	0.17357	0.03607	0.05333	0.03462	0.02990	0.09857	0.04873	0.05375	0.06122	0.05836	0.02846	0.04227	0.05349	0.02010	0.00579	0.02431	0.00353	0.10151

[dist]
# distance from previous block
# <min> <max>
19	86

[block]
# block no. 7 follows, 49 sequences, length 8
# corresponding to MSA columns:
# 642-649
name=unknown_H
#
# <colnr> <probs for GDERKNQSTAVLIFYWHMCP>
#	G	D	E	R	K	N	Q	S	T	A	V	L	I	F	Y	W	H	M	C	P
0	0.01289	0.09664	0.30274	0.01168	0.01659	0.04807	0.03435	0.13086	0.05304	0.06244	0.08576	0.01406	0.01169	0.00567	0.00501	0.00147	0.02207	0.00446	0.00341	0.07710
1	0.00853	0.00589	0.00695	0.00646	0.00804	0.00552	0.00482	0.01135	0.07893	0.07883	0.36797	0.03720	0.25456	0.09323	0.00784	0.00197	0.00298	0.00879	0.00508	0.00503
2	0.01011	0.00867	0.01004	0.00729	0.01156	0.00654	0.00581	0.01228	0.01057	0.01624	0.01249	0.01365	0.07227	0.00450	0.00393	0.00083	0.00365	0.00363	0.00314	0.78281
3	0.01349	0.07393	0.05832	0.01441	0.14946	0.02864	0.04054	0.15327	0.28298	0.03307	0.03320	0.03609	0.01271	0.00631	0.00503	0.00159	0.00513	0.02293	0.02134	0.00757
4	0.10702	0.01280	0.10366	0.05258	0.17433	0.01169	0.15710	0.06293	0.04685	0.06608	0.03178	0.01445	0.03770	0.00565	0.00597	0.00163	0.07287	0.00490	0.00319	0.02682
5	0.01132	0.00858	0.01015	0.00772	0.01152	0.00704	0.00614	0.04818	0.03351	0.08228	0.06329	0.04461	0.04149	0.00637	0.02771	0.00124	0.00401	0.00450	0.00371	0.57664
6	0.01185	0.06250	0.01346	0.05508	0.05326	0.09544	0.04982	0.11163	0.05098	0.01610	0.01436	0.19132	0.01433	0.02461	0.00722	0.04059	0.07337	0.02539	0.00350	0.08518
7	0.01312	0.06697	0.12434	0.05763	0.03525	0.02965	0.07840	0.04544	0.03396	0.15664	0.01237	0.03542	0.00995	0.02160	0.00773	0.14446	0.00549	0.02057	0.00340	0.09760

[dist]
# distance from previous block
# <min> <max>
9	31

[block]
# block no. 8 follows, 49 sequences, length 23
# corresponding to MSA columns:
# 682-704
name=unknown_I
#
# <colnr> <probs for GDERKNQSTAVLIFYWHMCP>
#	G	D	E	R	K	N	Q	S	T	A	V	L	I	F	Y	W	H	M	C	P
0	0.00902	0.00962	0.09404	0.07417	0.06163	0.00823	0.12646	0.01151	0.01066	0.03228	0.08341	0.15312	0.10182	0.07729	0.05740	0.00243	0.04464	0.03334	0.00351	0.00543
1	0.01155	0.09721	0.18295	0.07413	0.12629	0.01079	0.04346	0.03348	0.04343	0.08480	0.06567	0.05275	0.05414	0.02748	0.00592	0.00171	0.02414	0.05008	0.00342	0.00662
2	0.01219	0.03774	0.25527	0.05931	0.08236	0.02850	0.06151	0.03134	0.01194	0.14694	0.06177	0.08826	0.07545	0.00703	0.00539	0.00163	0.01699	0.00602	0.00360	0.00678
3	0.00657	0.00484	0.00612	0.00659	0.00742	0.00444	0.00470	0.00801	0.01142	0.01528	0.26030	0.39295	0.16402	0.03669	0.00681	0.00195	0.00285	0.04980	0.00491	0.00433
4	0.03055	0.02936	0.06185	0.18710	0.17344	0.01173	0.16044	0.12196	0.02625	0.03846	0.03077	0.01461	0.02806	0.00573	0.00564	0.03071	0.00621	0.00498	0.02535	0.00679
5	0.01261	0.02990	0.20302	0.05070	0.27113	0.04201	0.13420	0.03671	0.04368	0.06771	0.01177	0.02408	0.02639	0.00524	0.00529	0.00159	0.01885	0.00484	0.00291	0.00737
6	0.00812	0.00590	0.03922	0.00745	0.00857	0.00494	0.00562	0.00944	0.01041	0.08996	0.04478	0.54590	0.08683	0.04443	0.02647	0.00222	0.00363	0.04677	0.00465	0.00471
7	0.00729	0.00493	0.00581	0.00606	0.00620	0.00490	0.00374	0.00761	0.00804	0.01068	0.01838	0.12866	0.02119	0.64955	0.02166	0.00432	0.00465	0.07958	0.00341	0.00334
8	0.02921	0.23005	0.35171	0.01314	0.06530	0.03004	0.03842	0.03577	0.04350	0.10246	0.01031	0.01125	0.00766	0.00493	0.00446	0.00145	0.00630	0.00381	0.00286	0.00733
9	0.01083	0.07607	0.51267	0.05517	0.09164	0.04170	0.06998	0.01554	0.01100	0.01549	0.02151	0.01262	0.03351	0.00508	0.00486	0.00156	0.00706	0.00422	0.00236	0.00711
10	0.00974	0.00887	0.01475	0.69603	0.08445	0.01080	0.01335	0.01301	0.01024	0.01361	0.00959	0.01382	0.00730	0.00508	0.00494	0.00163	0.00636	0.00451	0.06619	0.00571
11	0.01056	0.00911	0.01088	0.00841	0.04237	0.00695	0.00636	0.01284	0.01053	0.01648	0.00901	0.01056	0.00751	0.00377	0.00379	0.00078	0.00383	0.00305	0.00298	0.82022
12	0.00681	0.00520	0.00592	0.00592	0.00740	0.00454	0.00447	0.00841	0.01215	0.03385	0.23292	0.10841	0.47923	0.01234	0.00605	0.00174	0.00271	0.05245	0.00495	0.00451
13	0.00859	0.00447	0.00635	0.00635	0.00657	0.00440	0.00429	0.00696	0.00724	0.00980	0.01279	0.01836	0.07410	0.01647	0.01764	0.73065	0.00412	0.00494	0.05341	0.00252
14	0.01483	0.01171	0.01265	0.01036	0.01381	0.01275	0.00833	0.33820	0.32609	0.02493	0.04325	0.01661	0.01309	0.00645	0.00501	0.00153	0.00459	0.02249	0.00486	0.10847
15	0.01065	0.01020	0.01755	0.51460	0.29185	0.01156	0.04367	0.01393	0.01066	0.01427	0.00921	0.01316	0.00721	0.00484	0.00507	0.00162	0.00656	0.00455	0.00235	0.00648
16	0.04513	0.04045	0.04373	0.16994	0.01774	0.23786	0.02973	0.03463	0.02833	0.05500	0.06984	0.01851	0.05710	0.00738	0.02262	0.00171	0.03985	0.05159	0.00328	0.02558
17	0.05976	0.00970	0.01193	0.00947	0.01286	0.00968	0.00775	0.20955	0.01583	0.44306	0.04931	0.04939	0.01334	0.00801	0.03611	0.00185	0.03374	0.00538	0.00543	0.00784
18	0.00699	0.00489	0.00607	0.00661	0.00752	0.00442	0.00467	0.00818	0.01076	0.04661	0.09773	0.47354	0.22774	0.03558	0.00676	0.00199	0.00296	0.03780	0.00479	0.00439
19	0.01123	0.03797	0.01445	0.07182	0.14681	0.00935	0.10580	0.01455	0.08478	0.09640	0.03082	0.13763	0.04766	0.02742	0.06057	0.03134	0.02609	0.03546	0.00369	0.00617
20	0.04411	0.01436	0.11926	0.01153	0.03988	0.20058	0.02309	0.03597	0.01171	0.13022	0.02515	0.01428	0.00988	0.01305	0.18591	0.00302	0.06647	0.00444	0.04086	0.00624
21	0.01169	0.01188	0.04403	0.24529	0.17618	0.09405	0.04577	0.01424	0.01086	0.04679	0.02881	0.02973	0.05585	0.00696	0.02120	0.00181	0.14080	0.00508	0.00278	0.00621
22	0.00816	0.00619	0.00734	0.00755	0.00875	0.00627	0.00550	0.05198	0.13387	0.01624	0.10385	0.41641	0.10910	0.02964	0.00643	0.00194	0.00326	0.04659	0.02585	0.00507

[dist]
# distance from previous block
# <min> <max>
5	12

[block]
# block no. 9 follows, 49 sequences, length 37
# corresponding to MSA columns:
# 719-740,742-750,752-757
name=unknown_J
#
# <colnr> <probs for GDERKNQSTAVLIFYWHMCP>
#	G	D	E	R	K	N	Q	S	T	A	V	L	I	F	Y	W	H	M	C	P
0	0.01134	0.01115	0.04065	0.09412	0.11977	0.07179	0.12241	0.09094	0.05052	0.01631	0.01622	0.15143	0.04617	0.00900	0.02430	0.02505	0.02916	0.06007	0.00347	0.00612
1	0.00827	0.00684	0.04367	0.00772	0.00895	0.02670	0.00588	0.03543	0.03184	0.04873	0.05937	0.47470	0.08717	0.07461	0.00762	0.00215	0.00369	0.05736	0.00453	0.00476
2	0.01212	0.01158	0.01861	0.17141	0.57331	0.03015	0.01445	0.03571	0.02906	0.01620	0.01090	0.01379	0.03036	0.00496	0.00504	0.00154	0.00606	0.00468	0.00265	0.00743
3	0.00994	0.00845	0.02975	0.11787	0.07845	0.00840	0.06753	0.03286	0.04113	0.05979	0.10761	0.04623	0.16917	0.04222	0.04597	0.00210	0.05091	0.01508	0.03426	0.03229
4	0.00944	0.00552	0.00704	0.00700	0.00840	0.00502	0.00511	0.01073	0.01088	0.15637	0.04151	0.38383	0.18375	0.03343	0.06962	0.00239	0.00399	0.01050	0.02419	0.02130
5	0.00703	0.00493	0.00645	0.00732	0.00795	0.00474	0.00512	0.00862	0.04139	0.03518	0.02759	0.65593	0.06187	0.01601	0.04338	0.00231	0.00358	0.05148	0.00466	0.00445
6	0.01311	0.00985	0.01348	0.01010	0.01396	0.03414	0.12751	0.05155	0.01205	0.15168	0.03400	0.03344	0.01097	0.06108	0.00605	0.00144	0.00486	0.00467	0.01591	0.39014
7	0.02358	0.00858	0.01106	0.10561	0.05878	0.03161	0.02506	0.13216	0.02702	0.06395	0.02860	0.13246	0.02273	0.07717	0.13360	0.00293	0.02777	0.00648	0.07506	0.00578
8	0.00954	0.00611	0.00773	0.00712	0.00859	0.00598	0.00541	0.04075	0.02741	0.10300	0.39320	0.08206	0.08220	0.06872	0.05002	0.00222	0.02691	0.02574	0.04208	0.00521
9	0.18670	0.00942	0.01097	0.00866	0.01227	0.00926	0.00713	0.13251	0.01445	0.48212	0.01603	0.01478	0.01057	0.00590	0.00460	0.00153	0.00429	0.00452	0.05651	0.00775
10	0.00724	0.00536	0.00784	0.00784	0.00864	0.00616	0.00596	0.00884	0.00804	0.01152	0.01381	0.02134	0.01328	0.12523	0.71582	0.00777	0.01258	0.00563	0.00275	0.00435
11	0.00903	0.00701	0.01122	0.03445	0.01211	0.00751	0.10491	0.02860	0.03174	0.04962	0.04024	0.04161	0.01405	0.09723	0.48028	0.00579	0.01038	0.00597	0.00314	0.00510
12	0.00800	0.00519	0.00623	0.00634	0.00685	0.00514	0.00429	0.00867	0.00870	0.03586	0.01969	0.03590	0.06406	0.52555	0.05573	0.02167	0.00498	0.13248	0.04095	0.00370
13	0.02720	0.00927	0.03320	0.05447	0.08843	0.00917	0.03386	0.13688	0.11435	0.01918	0.11710	0.13476	0.11091	0.00858	0.00540	0.00164	0.00428	0.02040	0.02723	0.04369
14	0.17029	0.07753	0.01318	0.03907	0.01419	0.22556	0.00845	0.11506	0.17481	0.07106	0.01228	0.01348	0.00956	0.00584	0.00451	0.00151	0.00581	0.02723	0.00380	0.00677
15	0.85801	0.00978	0.00743	0.00665	0.00978	0.01134	0.00548	0.01486	0.00861	0.02269	0.00704	0.00821	0.00548	0.00469	0.00313	0.00156	0.00391	0.00274	0.00313	0.00548
16	0.01049	0.00899	0.01049	0.00749	0.01198	0.00674	0.00599	0.01273	0.01049	0.01648	0.00899	0.01049	0.00749	0.00374	0.00374	0.00075	0.00374	0.00300	0.00300	0.85320
17	0.00852	0.00449	0.00639	0.00639	0.00639	0.00449	0.00415	0.00673	0.00673	0.00897	0.01009	0.01862	0.01054	0.16503	0.02086	0.69749	0.00449	0.00493	0.00235	0.00235
18	0.08478	0.00901	0.01405	0.61945	0.05920	0.01096	0.01253	0.02997	0.01027	0.01434	0.01017	0.06886	0.00857	0.00585	0.00520	0.00170	0.02183	0.00503	0.00257	0.00566
19	0.03831	0.22406	0.05945	0.15826	0.05861	0.04887	0.01028	0.11635	0.10527	0.03818	0.02530	0.01560	0.03615	0.00594	0.00463	0.00150	0.00556	0.03759	0.00335	0.00674
20	0.03884	0.00729	0.00855	0.00819	0.00986	0.00756	0.00606	0.04977	0.19685	0.12286	0.02198	0.31277	0.02197	0.11928	0.00838	0.00226	0.00387	0.04309	0.00476	0.00580
21	0.00794	0.00458	0.00649	0.00665	0.00698	0.00452	0.00457	0.00707	0.00800	0.01066	0.05571	0.14007	0.08133	0.01824	0.08166	0.53811	0.00468	0.00675	0.00300	0.00299
22	0.00705	0.00529	0.00612	0.00588	0.00732	0.00481	0.00442	0.00937	0.03588	0.01768	0.42433	0.03986	0.32563	0.01082	0.00575	0.00161	0.00250	0.00927	0.07177	0.00467
23	0.01066	0.01020	0.01752	0.51211	0.29853	0.01156	0.03951	0.01394	0.01066	0.01429	0.00921	0.01315	0.00721	0.00484	0.00507	0.00162	0.00654	0.00455	0.00235	0.00649
24	0.00779	0.00581	0.00808	0.05170	0.07122	0.00615	0.00586	0.00880	0.00836	0.01143	0.01580	0.08800	0.02693	0.37702	0.24140	0.02876	0.00734	0.02240	0.00303	0.00412
25	0.79213	0.01099	0.04253	0.00721	0.01051	0.03811	0.00621	0.01510	0.00889	0.02204	0.00716	0.00835	0.00555	0.00472	0.00325	0.00156	0.00425	0.00280	0.00307	0.00558
26	0.00709	0.00531	0.00751	0.00748	0.00844	0.00582	0.00571	0.00881	0.00922	0.01294	0.11750	0.04368	0.08521	0.07014	0.57381	0.00643	0.01048	0.00666	0.00331	0.00445
27	0.01390	0.76810	0.02563	0.00896	0.01317	0.07587	0.00873	0.01550	0.01056	0.01193	0.00709	0.00818	0.00649	0.00439	0.00334	0.00110	0.00567	0.00274	0.00219	0.00644
28	0.01033	0.00881	0.01031	0.00744	0.01178	0.00665	0.00594	0.01258	0.01066	0.01665	0.04522	0.01175	0.00936	0.00405	0.00385	0.00079	0.00368	0.00328	0.00312	0.81374
29	0.01055	0.00948	0.01561	0.69242	0.03232	0.01145	0.04700	0.04919	0.03399	0.03546	0.00983	0.01369	0.00729	0.00515	0.00510	0.00168	0.00662	0.00461	0.00259	0.00596
30	0.01299	0.01204	0.03185	0.03233	0.43932	0.03999	0.02565	0.08087	0.15721	0.03570	0.01333	0.07266	0.01131	0.00598	0.00514	0.00159	0.00552	0.00544	0.00345	0.00765
31	0.01405	0.56142	0.04529	0.00942	0.01332	0.08822	0.00887	0.03968	0.05214	0.04945	0.01048	0.01120	0.04014	0.00521	0.00422	0.00125	0.03281	0.00350	0.00275	0.00658
32	0.01030	0.00903	0.01030	0.05126	0.03018	0.04383	0.00646	0.02492	0.01103	0.01608	0.08378	0.01631	0.03842	0.07051	0.00595	0.00130	0.00416	0.00433	0.00326	0.55859
33	0.02747	0.11075	0.25836	0.01541	0.14518	0.14740	0.01314	0.14972	0.02603	0.04614	0.00978	0.01101	0.00743	0.00508	0.00465	0.00146	0.00672	0.00387	0.00300	0.00739
34	0.06296	0.00988	0.01160	0.00942	0.01259	0.02765	0.00767	0.24275	0.01548	0.32199	0.01523	0.01564	0.01088	0.01258	0.16838	0.00288	0.00659	0.00482	0.03362	0.00740
35	0.03332	0.00955	0.01559	0.49395	0.22170	0.01101	0.01327	0.01369	0.01051	0.03832	0.01071	0.03566	0.02133	0.00549	0.00535	0.00165	0.02932	0.00484	0.01851	0.00623
36	0.00820	0.00735	0.01076	0.04263	0.10765	0.00699	0.08897	0.02285	0.01125	0.01451	0.07175	0.05497	0.38434	0.09090	0.02220	0.00210	0.01894	0.00838	0.00387	0.02137

[dist]
# distance from previous block
# <min> <max>
0	1

[block]
# block no. 10 follows, 49 sequences, length 12
# corresponding to MSA columns:
# 759-770
name=unknown_K
#
# <colnr> <probs for GDERKNQSTAVLIFYWHMCP>
#	G	D	E	R	K	N	Q	S	T	A	V	L	I	F	Y	W	H	M	C	P
0	0.00724	0.00535	0.00777	0.00777	0.00855	0.00613	0.00588	0.00880	0.00802	0.01148	0.01387	0.02166	0.01342	0.14432	0.69692	0.00769	0.01237	0.00568	0.00276	0.00432
1	0.01194	0.01364	0.02984	0.02131	0.02643	0.01279	0.77238	0.01620	0.01194	0.01620	0.01023	0.01364	0.00767	0.00426	0.00597	0.00171	0.00853	0.00597	0.00256	0.00682
2	0.01094	0.00941	0.01131	0.17272	0.03967	0.02712	0.00862	0.08064	0.30224	0.01882	0.13010	0.06074	0.09079	0.00781	0.00536	0.00167	0.00444	0.00665	0.00441	0.00652
3	0.00668	0.00561	0.03393	0.00696	0.00800	0.00473	0.00529	0.00813	0.01082	0.01424	0.13550	0.39303	0.19271	0.06087	0.00741	0.00210	0.00324	0.09178	0.00462	0.00435
4	0.01176	0.41743	0.05817	0.00887	0.01209	0.01403	0.00832	0.08348	0.01138	0.01432	0.01347	0.02098	0.03667	0.09036	0.05735	0.00220	0.00579	0.12441	0.00303	0.00590
5	0.00786	0.00509	0.00622	0.00618	0.00661	0.00505	0.00394	0.00849	0.00877	0.04601	0.10313	0.11831	0.02249	0.53083	0.09599	0.00439	0.00522	0.00804	0.00363	0.00375
6	0.01055	0.00978	0.01604	0.54091	0.16157	0.01138	0.03924	0.03826	0.05438	0.01482	0.01072	0.01566	0.00860	0.00549	0.00517	0.00168	0.00638	0.04042	0.00267	0.00625
7	0.03658	0.00733	0.00770	0.05363	0.00998	0.06463	0.00568	0.04631	0.02969	0.01600	0.21048	0.17739	0.20766	0.08231	0.00750	0.00199	0.00378	0.02214	0.00444	0.00479
8	0.05139	0.03695	0.04079	0.31075	0.03596	0.01020	0.02564	0.02998	0.01029	0.03675	0.04550	0.03486	0.01055	0.04461	0.07840	0.00230	0.07492	0.00484	0.00285	0.11246
9	0.01240	0.08175	0.03570	0.10763	0.06210	0.05138	0.13018	0.01487	0.01107	0.10500	0.02678	0.05236	0.01055	0.03363	0.01711	0.00168	0.06741	0.00502	0.04793	0.12545
10	0.09191	0.04980	0.15377	0.07344	0.10136	0.05521	0.04140	0.07961	0.03610	0.04413	0.01084	0.01480	0.00903	0.00671	0.02235	0.00176	0.10016	0.05590	0.00304	0.04869
11	0.06132	0.02983	0.05842	0.06303	0.09028	0.00909	0.00882	0.08316	0.03794	0.10284	0.03931	0.18713	0.04168	0.00949	0.02389	0.00187	0.03368	0.07224	0.00405	0.04194

[dist]
# distance from previous block
# <min> <max>
9	86

[block]
# block no. 11 follows, 49 sequences, length 21
# corresponding to MSA columns:
# 870-881,883-891
name=unknown_L
#
# <colnr> <probs for GDERKNQSTAVLIFYWHMCP>
#	G	D	E	R	K	N	Q	S	T	A	V	L	I	F	Y	W	H	M	C	P
0	0.09600	0.08243	0.02872	0.02924	0.15951	0.03308	0.02296	0.06480	0.06574	0.07005	0.08521	0.11653	0.04085	0.00858	0.03658	0.00184	0.01495	0.01360	0.00379	0.02556
1	0.09497	0.06801	0.11115	0.06528	0.10349	0.06691	0.08745	0.07185	0.03866	0.03153	0.04961	0.09587	0.03758	0.02168	0.00532	0.00162	0.00564	0.00565	0.00331	0.03444
2	0.05740	0.11679	0.08734	0.07804	0.11067	0.03787	0.06860	0.07215	0.01163	0.06020	0.01285	0.08597	0.04244	0.00657	0.00603	0.00158	0.08857	0.00529	0.00314	0.04687
3	0.01105	0.10345	0.20187	0.15242	0.06303	0.04812	0.02864	0.04346	0.03619	0.03301	0.05452	0.08325	0.04367	0.00655	0.00513	0.00155	0.02041	0.00543	0.02099	0.03725
4	0.01362	0.05937	0.04358	0.07413	0.04350	0.10558	0.00842	0.17368	0.01344	0.08057	0.04357	0.04376	0.04270	0.04062	0.00836	0.15188	0.00543	0.00508	0.00358	0.03914
5	0.01298	0.12781	0.07601	0.04426	0.05456	0.01156	0.02071	0.15612	0.10159	0.08131	0.08410	0.05744	0.03632	0.00847	0.05158	0.00188	0.00538	0.00546	0.00398	0.05845
6	0.00962	0.12727	0.03729	0.00967	0.01120	0.01119	0.00818	0.01165	0.03532	0.01248	0.01177	0.01656	0.03237	0.06729	0.30772	0.00431	0.23881	0.00487	0.00264	0.03979
7	0.00728	0.00660	0.03472	0.03646	0.05650	0.00580	0.00634	0.00946	0.02872	0.01488	0.13050	0.08417	0.39336	0.01336	0.06130	0.00221	0.00412	0.09500	0.00436	0.00485
8	0.00766	0.00493	0.00575	0.00579	0.00614	0.00504	0.00366	0.00836	0.00811	0.01178	0.01608	0.05422	0.01710	0.54102	0.13107	0.00461	0.00561	0.00684	0.15261	0.00359
9	0.04336	0.27772	0.05486	0.17544	0.07466	0.04885	0.01915	0.07671	0.05888	0.08011	0.01161	0.01290	0.03491	0.00531	0.00441	0.00143	0.00570	0.00412	0.00310	0.00677
10	0.29383	0.01105	0.12242	0.00812	0.01173	0.00889	0.00737	0.01399	0.04006	0.04877	0.01116	0.05955	0.00996	0.10252	0.00657	0.00179	0.00446	0.00438	0.00324	0.23014
11	0.22926	0.06709	0.07512	0.09258	0.09318	0.08257	0.05817	0.01609	0.09402	0.01724	0.03970	0.03434	0.00976	0.00577	0.00535	0.00160	0.06439	0.00442	0.00304	0.00630
12	0.01227	0.01210	0.09247	0.04632	0.12098	0.07582	0.00987	0.10360	0.13284	0.05633	0.17145	0.04815	0.01917	0.00835	0.03120	0.00183	0.00535	0.04104	0.00415	0.00671
13	0.00709	0.00516	0.00641	0.00682	0.00761	0.00490	0.00479	0.00848	0.03461	0.01335	0.07693	0.36438	0.11695	0.16088	0.02839	0.03259	0.00372	0.07508	0.00427	0.03761
14	0.01091	0.00927	0.01074	0.00822	0.01192	0.00828	0.00658	0.05832	0.08508	0.01736	0.01315	0.01422	0.06166	0.00524	0.00508	0.00107	0.06551	0.00402	0.02241	0.58095
15	0.03896	0.00917	0.01206	0.11331	0.04478	0.00961	0.04056	0.09817	0.14560	0.06223	0.01387	0.04762	0.01154	0.02574	0.10010	0.03794	0.00586	0.01866	0.02178	0.14242
16	0.01288	0.10891	0.04631	0.01363	0.10695	0.04966	0.10881	0.09610	0.08560	0.06926	0.04424	0.01561	0.02508	0.01066	0.12931	0.00252	0.01928	0.00494	0.01632	0.03394
17	0.14483	0.00909	0.01165	0.33374	0.03684	0.02441	0.00961	0.08134	0.04069	0.01730	0.03373	0.04957	0.03362	0.02265	0.00556	0.00170	0.03363	0.01726	0.08705	0.00572
18	0.06021	0.01197	0.02205	0.01861	0.12694	0.02754	0.41716	0.03954	0.01161	0.04595	0.01133	0.01625	0.00945	0.05346	0.03863	0.00213	0.04085	0.03684	0.00291	0.00656
19	0.00921	0.00680	0.00798	0.00816	0.00967	0.02984	0.00655	0.01299	0.12238	0.04641	0.15221	0.12285	0.08570	0.01130	0.00602	0.00190	0.00379	0.28240	0.06861	0.00526
20	0.00883	0.00600	0.00822	0.03579	0.00917	0.00621	0.03713	0.03876	0.02626	0.02855	0.01498	0.04509	0.01566	0.36758	0.10114	0.17125	0.00586	0.06648	0.00316	0.00389

[dist]
# distance from previous block
# <min> <max>
0	1

[block]
# block no. 12 follows, 49 sequences, length 17
# corresponding to MSA columns:
# 911-927
name=unknown_M
#
# <colnr> <probs for GDERKNQSTAVLIFYWHMCP>
#	G	D	E	R	K	N	Q	S	T	A	V	L	I	F	Y	W	H	M	C	P
0	0.01096	0.01147	0.02359	0.07163	0.02281	0.01096	0.55643	0.01468	0.01162	0.01607	0.01420	0.01794	0.06293	0.00538	0.00566	0.00166	0.00717	0.02833	0.10025	0.00626
1	0.00762	0.06175	0.00785	0.00698	0.00800	0.00582	0.00509	0.00888	0.01023	0.04078	0.12139	0.37248	0.10339	0.08573	0.12715	0.00303	0.00481	0.01027	0.00425	0.00450
2	0.00968	0.00528	0.00575	0.00567	0.00687	0.00530	0.00422	0.04361	0.01092	0.04132	0.01777	0.09518	0.01573	0.07358	0.02244	0.00178	0.00313	0.03593	0.59104	0.00480
