[name]
unknown

[dist]
# distance from previous block
# <min> <max>
5	49

[block]
# block no. 0 follows, 57 sequences, length 15
# corresponding to MSA columns:
# 51-65
name=unknown_A
#
# <colnr> <probs for GDERKNQSTAVLIFYWHMCP>
#	G	D	E	R	K	N	Q	S	T	A	V	L	I	F	Y	W	H	M	C	P
0	0.01137	0.07917	0.01420	0.23852	0.08171	0.05117	0.05791	0.09554	0.07345	0.06941	0.02124	0.01379	0.04844	0.00658	0.04137	0.00168	0.05625	0.00437	0.00295	0.03089
1	0.01246	0.05514	0.03107	0.10040	0.23109	0.01115	0.04758	0.21341	0.06696	0.06544	0.07794	0.01404	0.02353	0.00531	0.00479	0.00140	0.02372	0.00455	0.00340	0.00664
2	0.00603	0.00455	0.00562	0.00589	0.00655	0.00445	0.00414	0.00684	0.00873	0.01138	0.06176	0.30914	0.25374	0.12717	0.08687	0.04369	0.03683	0.00930	0.00368	0.00363
3	0.05769	0.03359	0.28329	0.07514	0.05179	0.07474	0.20781	0.07867	0.06533	0.01566	0.00910	0.01082	0.00678	0.00442	0.00450	0.00143	0.00638	0.00401	0.00251	0.00633
4	0.01253	0.00943	0.01205	0.00932	0.03653	0.04679	0.08568	0.06330	0.01115	0.16859	0.01018	0.01092	0.00762	0.00405	0.00393	0.00098	0.00428	0.00345	0.00329	0.49594
5	0.00626	0.00441	0.00483	0.00492	0.00554	0.00413	0.00317	0.00693	0.00837	0.01107	0.04923	0.10436	0.26658	0.41358	0.01380	0.00290	0.00332	0.00793	0.07533	0.00334
6	0.00686	0.00529	0.00746	0.00725	0.00780	0.00625	0.00547	0.00806	0.00709	0.01018	0.01196	0.01959	0.01190	0.20950	0.56095	0.00609	0.09687	0.00514	0.00245	0.00385
7	0.05022	0.01077	0.01097	0.01050	0.06913	0.09306	0.00764	0.06208	0.50187	0.07683	0.04694	0.01544	0.01279	0.00581	0.00449	0.00146	0.00421	0.00473	0.00422	0.00683
8	0.70213	0.01037	0.02803	0.00699	0.00995	0.06180	0.00586	0.10086	0.00959	0.02051	0.00691	0.00786	0.00530	0.00438	0.00311	0.00138	0.00404	0.00269	0.00294	0.00529
9	0.75790	0.00925	0.00868	0.00728	0.01027	0.01047	0.07102	0.05285	0.00864	0.02026	0.00678	0.00794	0.00521	0.00424	0.00310	0.00141	0.00392	0.00278	0.00285	0.00515
10	0.01209	0.06751	0.04033	0.05004	0.20558	0.03215	0.00926	0.15849	0.10336	0.05422	0.01053	0.01190	0.00827	0.00704	0.07240	0.00174	0.00539	0.00389	0.00314	0.14266
11	0.00844	0.00576	0.00683	0.00608	0.00782	0.00530	0.00461	0.04140	0.05132	0.09480	0.30395	0.04832	0.22327	0.07857	0.02045	0.00175	0.00300	0.00732	0.00438	0.07665
12	0.02718	0.02058	0.07041	0.03556	0.03648	0.00803	0.18053	0.03962	0.02331	0.26446	0.13564	0.02952	0.09564	0.00625	0.00487	0.00145	0.00461	0.00570	0.00402	0.00615
13	0.00780	0.00513	0.00629	0.00598	0.00705	0.00484	0.00426	0.03956	0.03192	0.05330	0.17155	0.14378	0.15780	0.12804	0.01007	0.16611	0.00319	0.00740	0.00375	0.04217
14	0.03168	0.14241	0.01312	0.00916	0.02980	0.02190	0.00739	0.27352	0.15964	0.05795	0.01297	0.03592	0.04089	0.00610	0.00508	0.03975	0.02636	0.00432	0.00371	0.07834

[dist]
# distance from previous block
# <min> <max>
0	36

[block]
# block no. 1 follows, 57 sequences, length 6
# corresponding to MSA columns:
# 102-107
name=unknown_B
#
# <colnr> <probs for GDERKNQSTAVLIFYWHMCP>
#	G	D	E	R	K	N	Q	S	T	A	V	L	I	F	Y	W	H	M	C	P
0	0.50758	0.04544	0.09003	0.00770	0.01109	0.06278	0.00695	0.07460	0.00996	0.10606	0.00821	0.00885	0.00605	0.00445	0.00338	0.00134	0.00433	0.00293	0.00308	0.03517
1	0.05208	0.05391	0.04979	0.21608	0.11965	0.04636	0.13772	0.08701	0.03230	0.04326	0.00957	0.03623	0.00777	0.02482	0.00518	0.00148	0.02848	0.00433	0.00267	0.04130
2	0.00890	0.00734	0.00976	0.00932	0.05108	0.04595	0.05526	0.01034	0.02741	0.06346	0.03637	0.13023	0.09681	0.14566	0.11033	0.02850	0.14918	0.00649	0.00311	0.00453
3	0.00574	0.00424	0.00531	0.00602	0.00663	0.00391	0.00423	0.00674	0.00924	0.01204	0.06856	0.52217	0.18764	0.06256	0.00674	0.00193	0.00277	0.07565	0.00416	0.00373
4	0.06481	0.00532	0.00649	0.00613	0.00738	0.00513	0.00443	0.01027	0.00938	0.16483	0.10381	0.16776	0.10647	0.22020	0.09480	0.00286	0.00426	0.00735	0.00391	0.00441
5	0.01154	0.00709	0.00757	0.00659	0.00859	0.00754	0.00519	0.16442	0.15232	0.08117	0.01492	0.01563	0.01123	0.00549	0.00379	0.00123	0.00306	0.00438	0.48259	0.00568

[dist]
# distance from previous block
# <min> <max>
5	29

[block]
# block no. 2 follows, 57 sequences, length 10
# corresponding to MSA columns:
# 137-146
name=unknown_C
#
# <colnr> <probs for GDERKNQSTAVLIFYWHMCP>
#	G	D	E	R	K	N	Q	S	T	A	V	L	I	F	Y	W	H	M	C	P
0	0.00843	0.00525	0.00636	0.00587	0.00749	0.00471	0.00447	0.01042	0.03922	0.14679	0.32201	0.09746	0.30470	0.00972	0.00523	0.00150	0.00257	0.00834	0.00474	0.00474
1	0.01130	0.01152	0.01274	0.07008	0.11695	0.21228	0.09536	0.09258	0.01204	0.01473	0.07847	0.10258	0.08051	0.00686	0.00481	0.00143	0.00540	0.04078	0.02417	0.00540
2	0.04569	0.00509	0.00651	0.00620	0.00755	0.00469	0.03696	0.00839	0.01087	0.03856	0.30965	0.19240	0.26606	0.01043	0.00532	0.00156	0.00268	0.03276	0.00438	0.00423
3	0.00829	0.00643	0.00735	0.00691	0.00842	0.00663	0.00517	0.09751	0.17849	0.01690	0.25459	0.20110	0.13212	0.04182	0.00588	0.00166	0.00297	0.00822	0.00450	0.00501
4	0.01309	0.44865	0.08698	0.00969	0.01344	0.15993	0.03913	0.10354	0.01128	0.01340	0.00727	0.00837	0.00611	0.00430	0.00381	0.00112	0.02485	0.00294	0.00235	0.03977
5	0.04668	0.00609	0.03427	0.00650	0.00803	0.00545	0.00509	0.04139	0.04843	0.04818	0.28914	0.22251	0.12760	0.02524	0.00569	0.01553	0.00290	0.02628	0.00431	0.03070
6	0.01274	0.13554	0.15940	0.03366	0.13074	0.05871	0.03927	0.13952	0.07039	0.09777	0.05417	0.01260	0.00971	0.02064	0.00465	0.00139	0.00526	0.00407	0.00318	0.00658
7	0.01363	0.07811	0.01238	0.00994	0.03409	0.12674	0.00770	0.15846	0.38074	0.06998	0.01388	0.01373	0.01054	0.02587	0.00480	0.00145	0.00467	0.00433	0.00398	0.02499
8	0.55017	0.00895	0.00782	0.00685	0.00947	0.04400	0.00548	0.08290	0.00982	0.11641	0.01008	0.08321	0.00859	0.03404	0.00418	0.00153	0.00383	0.00394	0.00340	0.00533
9	0.04843	0.03169	0.08104	0.06739	0.15550	0.06328	0.06043	0.17129	0.04863	0.10858	0.01268	0.05753	0.04324	0.00564	0.00476	0.00142	0.02392	0.00472	0.00336	0.00646

[dist]
# distance from previous block
# <min> <max>
16	46

[block]
# block no. 3 follows, 57 sequences, length 18
# corresponding to MSA columns:
# 223-240
name=unknown_D
#
# <colnr> <probs for GDERKNQSTAVLIFYWHMCP>
#	G	D	E	R	K	N	Q	S	T	A	V	L	I	F	Y	W	H	M	C	P
0	0.00950	0.00897	0.03494	0.05264	0.03965	0.02929	0.05664	0.06973	0.09321	0.01416	0.08072	0.08244	0.03755	0.04505	0.06732	0.01468	0.23240	0.02284	0.00310	0.00519
1	0.00650	0.00434	0.00557	0.00610	0.00683	0.00395	0.00425	0.00754	0.00960	0.06199	0.10686	0.58947	0.14450	0.01277	0.00560	0.00173	0.00261	0.01141	0.00437	0.00401
2	0.02837	0.00503	0.00605	0.00583	0.00706	0.00472	0.00434	0.00922	0.03728	0.06207	0.37136	0.08944	0.19471	0.10304	0.00728	0.00185	0.00275	0.05087	0.00445	0.00428
3	0.00950	0.00728	0.00826	0.00750	0.00940	0.00772	0.00582	0.11212	0.25989	0.04038	0.23243	0.09599	0.11791	0.00931	0.03213	0.00171	0.00344	0.02905	0.00456	0.00559
4	0.05392	0.00766	0.00933	0.00755	0.01019	0.00754	0.00609	0.14360	0.01281	0.39829	0.04211	0.01668	0.03433	0.05313	0.04097	0.00179	0.02404	0.00471	0.11886	0.00640
5	0.06647	0.01043	0.01152	0.00969	0.01178	0.04270	0.00781	0.30398	0.13980	0.01913	0.01080	0.01275	0.00875	0.03770	0.09205	0.02343	0.17739	0.00424	0.00348	0.00609
6	0.01024	0.01015	0.03161	0.37346	0.19351	0.03694	0.08754	0.05622	0.03316	0.01375	0.00903	0.01289	0.00731	0.00499	0.00550	0.00151	0.07464	0.02935	0.00238	0.00581
7	0.01688	0.01387	0.04358	0.01040	0.01386	0.14714	0.00865	0.51080	0.06175	0.11060	0.01131	0.01121	0.00804	0.00533	0.00446	0.00135	0.00538	0.00397	0.00419	0.00723
8	0.22501	0.00692	0.00915	0.10423	0.01216	0.00728	0.07993	0.02365	0.00896	0.01455	0.01495	0.28872	0.01591	0.04052	0.01863	0.00179	0.00414	0.06807	0.00325	0.05217
9	0.00878	0.00660	0.00853	0.00789	0.00940	0.00672	0.04894	0.16342	0.04766	0.03355	0.05572	0.42452	0.08604	0.01214	0.05584	0.00200	0.00398	0.00923	0.00414	0.00491
10	0.00677	0.00454	0.00575	0.00623	0.00706	0.00418	0.00452	0.00789	0.00961	0.06186	0.07988	0.42885	0.17444	0.06824	0.00682	0.00193	0.00293	0.11027	0.00424	0.00400
11	0.00969	0.00856	0.01396	0.46302	0.23027	0.00979	0.01174	0.02835	0.03675	0.03977	0.00934	0.01271	0.00736	0.00760	0.09042	0.00207	0.00633	0.00417	0.00238	0.00570
12	0.00749	0.00768	0.03717	0.03320	0.01211	0.03011	0.19369	0.00950	0.01013	0.01304	0.08243	0.16588	0.29453	0.00997	0.03212	0.00177	0.02902	0.02208	0.00349	0.00459
13	0.00705	0.00433	0.00612	0.00616	0.00644	0.00457	0.00426	0.00677	0.00661	0.00907	0.01131	0.05397	0.01172	0.19269	0.27694	0.37498	0.00661	0.00517	0.00237	0.00287
14	0.01362	0.20309	0.10746	0.08438	0.01519	0.15451	0.02127	0.13025	0.02791	0.10362	0.00930	0.02020	0.00722	0.00492	0.00461	0.00129	0.05054	0.00356	0.00291	0.03415
15	0.02240	0.00585	0.05629	0.00730	0.03745	0.00492	0.00530	0.03022	0.00880	0.01199	0.06436	0.38233	0.08989	0.04412	0.00889	0.20064	0.00338	0.00867	0.00345	0.00375
16	0.01147	0.02356	0.08999	0.08280	0.16044	0.04553	0.03814	0.12084	0.03966	0.07014	0.01186	0.07190	0.02892	0.02949	0.00493	0.00138	0.00489	0.00463	0.00310	0.15632
17	0.02772	0.08124	0.12201	0.01844	0.05528	0.01949	0.04697	0.10417	0.14649	0.06362	0.02390	0.05544	0.02722	0.05190	0.00540	0.00154	0.00454	0.03265	0.05668	0.05530

[dist]
# distance from previous block
# <min> <max>
0	26

[block]
# block no. 4 follows, 57 sequences, length 7
# corresponding to MSA columns:
# 267-273
name=unknown_E
#
# <colnr> <probs for GDERKNQSTAVLIFYWHMCP>
#	G	D	E	R	K	N	Q	S	T	A	V	L	I	F	Y	W	H	M	C	P
0	0.01067	0.04704	0.17159	0.08543	0.14177	0.01083	0.04472	0.09433	0.15784	0.01634	0.05350	0.01397	0.01032	0.00532	0.00504	0.00143	0.04910	0.02486	0.00303	0.05286
1	0.00842	0.00669	0.00814	0.03219	0.00955	0.04937	0.04945	0.01049	0.02868	0.03273	0.12913	0.19467	0.04888	0.00889	0.04335	0.00158	0.00377	0.00661	0.16123	0.16617
2	0.05473	0.00706	0.03129	0.02980	0.00957	0.00695	0.02817	0.02999	0.20008	0.03023	0.20218	0.12199	0.13513	0.08469	0.00662	0.00179	0.00334	0.00726	0.00412	0.00501
3	0.00932	0.00852	0.01437	0.50648	0.27042	0.00972	0.01220	0.01178	0.00916	0.01224	0.00818	0.01197	0.00656	0.00540	0.00572	0.08080	0.00564	0.00402	0.00208	0.00542
4	0.01109	0.00909	0.01001	0.00869	0.01104	0.04569	0.03558	0.18679	0.26072	0.03620	0.11449	0.06980	0.12132	0.00773	0.00494	0.00151	0.00389	0.05103	0.00437	0.00602
5	0.00733	0.00436	0.00593	0.00601	0.00638	0.00432	0.00413	0.00719	0.04275	0.01031	0.09239	0.12910	0.05827	0.06897	0.01373	0.50329	0.00352	0.02626	0.00291	0.00286
6	0.01150	0.00986	0.01520	0.09574	0.51208	0.04793	0.01162	0.01385	0.01045	0.09701	0.01154	0.08895	0.01032	0.00557	0.00467	0.00143	0.00511	0.03783	0.00284	0.00650

[dist]
# distance from previous block
# <min> <max>
0	4

[block]
# block no. 5 follows, 57 sequences, length 12
# corresponding to MSA columns:
# 278-289
name=unknown_F
#
# <colnr> <probs for GDERKNQSTAVLIFYWHMCP>
#	G	D	E	R	K	N	Q	S	T	A	V	L	I	F	Y	W	H	M	C	P
0	0.01011	0.06497	0.01361	0.01085	0.01146	0.01314	0.00906	0.06438	0.00835	0.01220	0.00951	0.04420	0.05645	0.00795	0.01243	0.00184	0.63745	0.00456	0.00238	0.00508
1	0.02785	0.06900	0.06858	0.09478	0.09741	0.01071	0.08803	0.12935	0.17388	0.03380	0.04652	0.04264	0.03561	0.00569	0.00456	0.00142	0.00481	0.02199	0.00338	0.03999
2	0.24068	0.00952	0.01086	0.05478	0.01283	0.01027	0.04329	0.19986	0.12647	0.18692	0.03341	0.01292	0.00958	0.02368	0.00456	0.00149	0.00425	0.00412	0.00404	0.00647
3	0.00902	0.00762	0.00937	0.00691	0.01049	0.00595	0.03946	0.01108	0.00967	0.01492	0.04765	0.01308	0.05388	0.00424	0.00363	0.00082	0.00334	0.00355	0.06186	0.68347
4	0.00692	0.00512	0.00630	0.00582	0.00712	0.00481	0.00442	0.05671	0.01297	0.01791	0.64476	0.03392	0.15739	0.00937	0.00530	0.00144	0.00234	0.00815	0.00484	0.00442
5	0.00978	0.00727	0.00937	0.00821	0.00990	0.03853	0.05038	0.08000	0.01167	0.10428	0.23025	0.07531	0.10606	0.01120	0.08826	0.00214	0.07958	0.06874	0.00404	0.00505
6	0.04874	0.00801	0.02770	0.04286	0.07340	0.00806	0.00686	0.13748	0.08232	0.09870	0.17298	0.05215	0.11151	0.00716	0.00498	0.00143	0.02967	0.00593	0.07435	0.00571
7	0.00814	0.00571	0.00718	0.00752	0.00877	0.00575	0.00613	0.08115	0.03859	0.03061	0.04171	0.20688	0.08058	0.01122	0.00561	0.00181	0.00357	0.38134	0.06319	0.00455
8	0.01549	0.11230	0.11789	0.04126	0.03294	0.00967	0.00859	0.08996	0.07211	0.38644	0.04389	0.01385	0.01062	0.00530	0.00433	0.00136	0.00446	0.00424	0.01831	0.00700
9	0.00825	0.00536	0.00646	0.00612	0.00709	0.00541	0.00437	0.03268	0.04154	0.08001	0.12657	0.09390	0.09571	0.29615	0.06738	0.00289	0.03014	0.02282	0.06297	0.00416
10	0.07182	0.55288	0.01980	0.00901	0.03281	0.07780	0.00802	0.11397	0.01084	0.01376	0.00698	0.00804	0.00604	0.00437	0.00386	0.00113	0.04776	0.00280	0.00237	0.00594
11	0.01271	0.01014	0.06578	0.12042	0.07661	0.00916	0.03639	0.16923	0.03050	0.14654	0.01120	0.01296	0.00843	0.00482	0.00427	0.00124	0.00464	0.02834	0.02648	0.22013

[dist]
# distance from previous block
# <min> <max>
5	10

[block]
# block no. 6 follows, 57 sequences, length 14
# corresponding to MSA columns:
# 301-314
name=unknown_G
#
# <colnr> <probs for GDERKNQSTAVLIFYWHMCP>
#	G	D	E	R	K	N	Q	S	T	A	V	L	I	F	Y	W	H	M	C	P
0	0.70026	0.00855	0.00744	0.00638	0.00933	0.00946	0.00526	0.01509	0.00878	0.18127	0.00865	0.00899	0.00618	0.00449	0.00316	0.00140	0.00358	0.00288	0.00337	0.00547
1	0.47747	0.05431	0.00989	0.00755	0.01060	0.01131	0.00626	0.24991	0.01218	0.07156	0.00871	0.00960	0.00657	0.02106	0.02460	0.00157	0.00428	0.00321	0.00344	0.00591
2	0.06416	0.00892	0.01039	0.00831	0.01143	0.00906	0.00677	0.20392	0.13287	0.39044	0.01538	0.01427	0.01047	0.00554	0.00433	0.00138	0.00390	0.00438	0.08694	0.00714
3	0.01197	0.70341	0.04292	0.00773	0.01142	0.01594	0.00763	0.01361	0.00973	0.05443	0.07717	0.01009	0.00933	0.00445	0.00325	0.00104	0.00461	0.00307	0.00240	0.00581
4	0.49210	0.00896	0.00906	0.06759	0.04557	0.01013	0.00669	0.12981	0.01036	0.06373	0.00936	0.02769	0.00780	0.02468	0.00439	0.00153	0.02551	0.04636	0.00322	0.00547
5	0.01101	0.00993	0.08073	0.01068	0.10326	0.02794	0.00800	0.13715	0.19207	0.07159	0.14485	0.09362	0.07530	0.00718	0.00482	0.00147	0.00399	0.00611	0.00410	0.00618
6	0.00647	0.00467	0.00567	0.00546	0.00670	0.00417	0.00408	0.00817	0.01172	0.04230	0.47791	0.09242	0.29319	0.01021	0.00535	0.00149	0.00228	0.00885	0.00470	0.00420
7	0.00945	0.00871	0.01430	0.31582	0.38268	0.00942	0.01166	0.01224	0.02580	0.01345	0.01170	0.07319	0.04500	0.00538	0.00458	0.00144	0.00511	0.00495	0.03925	0.00587
8	0.00603	0.00443	0.00565	0.00573	0.00663	0.00405	0.00415	0.00766	0.01133	0.01555	0.49075	0.26373	0.13563	0.01094	0.00547	0.00156	0.00230	0.00970	0.00467	0.00405
9	0.00768	0.00405	0.00603	0.00601	0.00613	0.00410	0.00410	0.00621	0.00634	0.00857	0.04445	0.01503	0.00975	0.01704	0.08747	0.75385	0.00457	0.00421	0.00214	0.00225
10	0.01184	0.66605	0.02099	0.00822	0.01150	0.07358	0.00776	0.01326	0.00917	0.01069	0.00684	0.00840	0.00631	0.00679	0.07526	0.00159	0.05140	0.00276	0.00201	0.00557
11	0.05241	0.00498	0.00566	0.00575	0.00698	0.00469	0.00425	0.00818	0.04248	0.01381	0.17023	0.22677	0.31725	0.03444	0.02861	0.00182	0.00290	0.04237	0.00416	0.02227
12	0.10970	0.12171	0.11689	0.09853	0.03086	0.00977	0.03770	0.05363	0.04776	0.07284	0.08922	0.02495	0.06049	0.01841	0.00444	0.00136	0.00446	0.00445	0.00313	0.08970
13	0.22676	0.01160	0.06819	0.11455	0.10075	0.10821	0.03277	0.04513	0.07944	0.05872	0.00923	0.01073	0.00711	0.00573	0.03483	0.00159	0.02478	0.00358	0.00284	0.05347

[dist]
# distance from previous block
# <min> <max>
0	1

[block]
# block no. 7 follows, 57 sequences, length 11
# corresponding to MSA columns:
# 316-326
name=unknown_H
#
# <colnr> <probs for GDERKNQSTAVLIFYWHMCP>
#	G	D	E	R	K	N	Q	S	T	A	V	L	I	F	Y	W	H	M	C	P
0	0.25729	0.01289	0.11603	0.13616	0.05972	0.10469	0.15442	0.02733	0.00961	0.01533	0.00758	0.00978	0.00589	0.00451	0.00479	0.00145	0.06097	0.00360	0.00237	0.00559
1	0.08981	0.00782	0.00911	0.00812	0.00979	0.03492	0.01796	0.12314	0.08924	0.05022	0.03759	0.01657	0.01146	0.10354	0.32008	0.00400	0.05358	0.00472	0.00320	0.00511
2	0.03972	0.00471	0.00512	0.00496	0.00607	0.00472	0.00367	0.01022	0.02774	0.03200	0.16696	0.02183	0.04373	0.08462	0.03762	0.00172	0.00285	0.00536	0.49217	0.00424
3	0.01015	0.00840	0.00905	0.00822	0.01040	0.00932	0.00634	0.09048	0.49382	0.01825	0.08659	0.10684	0.10724	0.00778	0.00487	0.00154	0.00335	0.00659	0.00455	0.00624
4	0.15351	0.00984	0.01217	0.01041	0.01159	0.04165	0.04715	0.03726	0.08184	0.01422	0.00871	0.04673	0.00788	0.00691	0.00986	0.00173	0.45139	0.00426	0.03767	0.00522
5	0.07275	0.03955	0.01144	0.04985	0.01265	0.12654	0.00762	0.20151	0.14155	0.08304	0.03030	0.02353	0.02715	0.02546	0.06967	0.00194	0.06137	0.00437	0.00361	0.00609
6	0.00635	0.00425	0.00522	0.00572	0.00604	0.00413	0.00378	0.00711	0.00825	0.01141	0.05000	0.37364	0.02343	0.32310	0.01204	0.00273	0.00333	0.06266	0.08338	0.00344
7	0.01038	0.00985	0.01553	0.36495	0.36231	0.02908	0.01258	0.04319	0.03723	0.01381	0.00858	0.01162	0.00685	0.00460	0.00506	0.00145	0.05044	0.00404	0.00230	0.00613
8	0.56927	0.06855	0.00800	0.00674	0.03782	0.00932	0.00519	0.01232	0.00827	0.01804	0.00917	0.08549	0.00823	0.00520	0.00321	0.00135	0.00342	0.00369	0.10520	0.03153
9	0.05856	0.00909	0.01153	0.01050	0.06620	0.01061	0.00791	0.09832	0.07521	0.07476	0.02500	0.01309	0.00900	0.06688	0.00946	0.00175	0.31109	0.00419	0.04080	0.09606
10	0.10930	0.01072	0.03986	0.01298	0.12723	0.04166	0.14444	0.16368	0.03762	0.04232	0.03568	0.06985	0.01042	0.00548	0.00448	0.00137	0.00497	0.02890	0.00326	0.10577

[dist]
# distance from previous block
# <min> <max>
0	3

[block]
# block no. 8 follows, 57 sequences, length 11
# corresponding to MSA columns:
# 330-340
name=unknown_I
#
# <colnr> <probs for GDERKNQSTAVLIFYWHMCP>
#	G	D	E	R	K	N	Q	S	T	A	V	L	I	F	Y	W	H	M	C	P
0	0.00692	0.00533	0.00676	0.03918	0.00849	0.00506	0.00501	0.00952	0.06279	0.01605	0.44643	0.12645	0.10267	0.00940	0.00522	0.00148	0.00270	0.06228	0.00444	0.07381
1	0.00665	0.00473	0.00560	0.00535	0.00665	0.00427	0.00400	0.00825	0.01115	0.04891	0.36326	0.03548	0.35029	0.04799	0.04715	0.00188	0.00288	0.00823	0.03312	0.00416
2	0.01441	0.01166	0.01186	0.00976	0.01242	0.08373	0.00783	0.42508	0.16957	0.02190	0.01170	0.01228	0.00885	0.00629	0.00597	0.05300	0.06547	0.00417	0.05743	0.00663
3	0.01340	0.00729	0.00906	0.00812	0.03825	0.00706	0.00611	0.13862	0.04654	0.30312	0.07800	0.15806	0.08306	0.00774	0.00478	0.00146	0.00347	0.00656	0.07320	0.00613
4	0.00605	0.00451	0.00567	0.00614	0.00692	0.00424	0.00439	0.00780	0.04333	0.01373	0.22445	0.45086	0.14224	0.01216	0.00559	0.00169	0.00258	0.04922	0.00442	0.00402
5	0.01098	0.02199	0.09098	0.14059	0.14727	0.00925	0.03896	0.05641	0.03917	0.11579	0.06821	0.04525	0.02398	0.00614	0.00553	0.00150	0.07610	0.04295	0.05302	0.00595
6	0.00653	0.00437	0.00517	0.00526	0.00534	0.00440	0.00312	0.00664	0.00680	0.00912	0.01485	0.10110	0.01701	0.67964	0.07591	0.03735	0.00475	0.00694	0.00283	0.00289
7	0.04927	0.03354	0.01119	0.00967	0.01025	0.10417	0.00765	0.01067	0.00788	0.01112	0.00967	0.10426	0.01026	0.12321	0.05532	0.00243	0.42736	0.00512	0.00243	0.00452
8	0.06554	0.02668	0.08631	0.05182	0.09943	0.03709	0.05716	0.01213	0.00953	0.01428	0.01046	0.01336	0.04568	0.02205	0.00474	0.00120	0.03282	0.03333	0.00259	0.37380
9	0.05376	0.23852	0.04250	0.00865	0.02746	0.09081	0.02993	0.02552	0.02601	0.03255	0.09704	0.06517	0.06473	0.00682	0.02725	0.00142	0.05202	0.00467	0.00293	0.10223
10	0.01088	0.06018	0.07868	0.02488	0.04619	0.04714	0.02942	0.10796	0.01160	0.08344	0.08864	0.10997	0.05913	0.00685	0.00507	0.00136	0.04576	0.03393	0.00348	0.14545

[dist]
# distance from previous block
# <min> <max>
1	110

[block]
# block no. 9 follows, 57 sequences, length 8
# corresponding to MSA columns:
# 452-459
name=unknown_J
#
# <colnr> <probs for GDERKNQSTAVLIFYWHMCP>
#	G	D	E	R	K	N	Q	S	T	A	V	L	I	F	Y	W	H	M	C	P
0	0.00577	0.00421	0.00541	0.00600	0.00653	0.00397	0.00412	0.00678	0.00918	0.01227	0.13344	0.52228	0.11745	0.07588	0.06245	0.00231	0.00330	0.01085	0.00408	0.00373
1	0.06902	0.00608	0.00729	0.00648	0.00807	0.00598	0.00482	0.06954	0.01072	0.18995	0.16252	0.08611	0.06591	0.22046	0.06488	0.00260	0.00411	0.00651	0.00410	0.00485
2	0.06324	0.00947	0.01056	0.00858	0.01139	0.01010	0.00688	0.35850	0.09918	0.17167	0.06543	0.04577	0.01263	0.04930	0.02675	0.00171	0.00433	0.00493	0.03293	0.00666
3	0.43646	0.00904	0.00866	0.00730	0.01015	0.00999	0.00594	0.16060	0.09191	0.12030	0.05651	0.01189	0.00956	0.00514	0.00369	0.00140	0.00370	0.00369	0.03814	0.00594
4	0.12916	0.05657	0.01177	0.00881	0.01185	0.01093	0.03299	0.33006	0.07579	0.13089	0.07100	0.01361	0.01108	0.00692	0.04518	0.00166	0.00465	0.00431	0.03622	0.00657
5	0.14612	0.25909	0.08583	0.00934	0.01279	0.01217	0.09753	0.06582	0.10773	0.01576	0.05284	0.01500	0.04954	0.00546	0.00404	0.00135	0.00467	0.04611	0.00300	0.00581
6	0.01188	0.65295	0.06288	0.00835	0.01202	0.06683	0.00818	0.01412	0.04990	0.01140	0.00783	0.00972	0.00706	0.00528	0.02843	0.00127	0.00529	0.02865	0.00219	0.00579
7	0.34916	0.00912	0.00841	0.00741	0.00969	0.07871	0.00592	0.03338	0.07645	0.05854	0.01057	0.01195	0.02851	0.00829	0.09450	0.00201	0.06626	0.00359	0.07374	0.06382

[dist]
# distance from previous block
# <min> <max>
0	2

[block]
# block no. 10 follows, 57 sequences, length 7
# corresponding to MSA columns:
# 462-468
name=unknown_K
#
# <colnr> <probs for GDERKNQSTAVLIFYWHMCP>
#	G	D	E	R	K	N	Q	S	T	A	V	L	I	F	Y	W	H	M	C	P
0	0.01052	0.00938	0.01195	0.38701	0.04804	0.09778	0.00983	0.05053	0.05148	0.04922	0.01026	0.02858	0.00836	0.00712	0.04705	0.02334	0.06244	0.02213	0.05972	0.00526
1	0.00824	0.00561	0.00707	0.00665	0.00813	0.00536	0.02355	0.07592	0.01185	0.06521	0.25437	0.15525	0.16917	0.00980	0.00523	0.00155	0.00296	0.10259	0.07687	0.00463
2	0.00756	0.00409	0.00590	0.00590	0.00597	0.00416	0.00393	0.00621	0.00613	0.00825	0.00919	0.01643	0.00943	0.13564	0.09448	0.66316	0.00478	0.00440	0.00212	0.00228
3	0.01318	0.43721	0.05590	0.00951	0.05008	0.16819	0.00820	0.05647	0.01084	0.05466	0.00832	0.00931	0.00684	0.00437	0.00347	0.00110	0.00528	0.00302	0.08822	0.00586
4	0.00648	0.00482	0.00608	0.00660	0.00733	0.00480	0.00466	0.04808	0.04512	0.01272	0.02444	0.58779	0.09969	0.01543	0.10072	0.00241	0.00387	0.01083	0.00403	0.00410
5	0.01016	0.01269	0.17738	0.06724	0.13336	0.06365	0.08981	0.04974	0.05754	0.01469	0.04012	0.03643	0.01126	0.00660	0.02192	0.00162	0.05138	0.10069	0.00281	0.05089
6	0.10878	0.08279	0.01326	0.07410	0.15218	0.06127	0.00878	0.11126	0.25898	0.06597	0.01190	0.01231	0.00902	0.00504	0.00419	0.00139	0.00465	0.00403	0.00348	0.00662

[dist]
# distance from previous block
# <min> <max>
8	19

[block]
# block no. 11 follows, 57 sequences, length 11
# corresponding to MSA columns:
# 496-506
name=unknown_L
#
# <colnr> <probs for GDERKNQSTAVLIFYWHMCP>
#	G	D	E	R	K	N	Q	S	T	A	V	L	I	F	Y	W	H	M	C	P
0	0.27942	0.05866	0.07530	0.02348	0.05863	0.05130	0.00786	0.21917	0.03039	0.08111	0.00956	0.01117	0.00744	0.06209	0.00514	0.00156	0.00470	0.00360	0.00332	0.00610
1	0.00991	0.00991	0.01388	0.01190	0.01190	0.01388	0.00991	0.01091	0.00694	0.01091	0.00595	0.00991	0.00595	0.00793	0.01487	0.00198	0.83246	0.00397	0.00198	0.00496
2	0.00946	0.02417	0.03012	0.00798	0.00955	0.08095	0.03607	0.07670	0.07808	0.03475	0.16010	0.07249	0.01829	0.19651	0.12100	0.00290	0.02660	0.00605	0.00348	0.00476
3	0.01710	0.01218	0.01320	0.01020	0.01375	0.01339	0.00840	0.70034	0.06512	0.08202	0.01179	0.01153	0.00829	0.00549	0.00454	0.00137	0.00483	0.00417	0.00461	0.00768
4	0.03957	0.06597	0.01170	0.02339	0.04072	0.03005	0.04715	0.07172	0.11656	0.22968	0.15756	0.03432	0.04065	0.00632	0.00492	0.00140	0.03201	0.00525	0.00421	0.03686
5	0.00635	0.00477	0.00594	0.00555	0.00682	0.00427	0.00418	0.00831	0.01225	0.01700	0.64463	0.03454	0.17442	0.00940	0.00526	0.00141	0.00222	0.00821	0.00476	0.03971
6	0.01019	0.00900	0.01168	0.23064	0.01723	0.01037	0.04928	0.03909	0.45616	0.01664	0.05312	0.05128	0.01329	0.00607	0.00471	0.00153	0.00438	0.00529	0.00379	0.00627
7	0.29552	0.01050	0.02879	0.00854	0.01160	0.01141	0.00713	0.31765	0.08892	0.09500	0.01060	0.01086	0.00771	0.00519	0.00437	0.00141	0.03976	0.00367	0.03488	0.00648
8	0.00572	0.00420	0.00534	0.00604	0.00662	0.00387	0.00421	0.00675	0.00941	0.01241	0.11417	0.56177	0.15100	0.03868	0.00623	0.00184	0.00266	0.05107	0.00425	0.00376
9	0.07729	0.18503	0.01313	0.00857	0.02865	0.01002	0.05629	0.08285	0.07082	0.19293	0.05866	0.06607	0.09894	0.00636	0.00430	0.00136	0.00402	0.00522	0.02348	0.00602
10	0.00746	0.00496	0.00651	0.00610	0.00693	0.00481	0.03064	0.00832	0.00862	0.06635	0.12330	0.07967	0.10961	0.37608	0.11598	0.02567	0.00478	0.00707	0.00342	0.00373

[dist]
# distance from previous block
# <min> <max>
2	10

[block]
# block no. 12 follows, 57 sequences, length 16
# corresponding to MSA columns:
# 517-532
name=unknown_M
#
# <colnr> <probs for GDERKNQSTAVLIFYWHMCP>
#	G	D	E	R	K	N	Q	S	T	A	V	L	I	F	Y	W	H	M	C	P
0	0.33928	0.02613	0.06400	0.03903	0.04397	0.05699	0.04120	0.09284	0.01005	0.01739	0.02686	0.08881	0.00917	0.00579	0.00482	0.00146	0.07758	0.00429	0.04500	0.00534
1	0.02817	0.12761	0.02743	0.13475	0.14177	0.17768	0.05624	0.03922	0.02979	0.02784	0.00872	0.04110	0.00747	0.00516	0.00514	0.01757	0.06105	0.00390	0.00246	0.05692
2	0.01017	0.00983	0.10811	0.10394	0.01404	0.02754	0.04601	0.02700	0.20879	0.08208	0.06349	0.06917	0.01379	0.04768	0.05013	0.03127	0.03091	0.02813	0.02225	0.00565
3	0.00659	0.00447	0.00587	0.00636	0.00706	0.00419	0.00461	0.00785	0.00992	0.04372	0.19849	0.43426	0.06265	0.06804	0.00685	0.00192	0.00288	0.11596	0.00433	0.00398
4	0.00625	0.00449	0.00560	0.00573	0.00668	0.00411	0.00413	0.00764	0.01051	0.03444	0.30544	0.27914	0.22054	0.03874	0.04365	0.00194	0.00290	0.00965	0.00439	0.00401
5	0.01556	0.01128	0.01221	0.00971	0.01289	0.01245	0.00785	0.54355	0.18067	0.07429	0.01307	0.01351	0.00970	0.05516	0.00565	0.00158	0.00459	0.00447	0.00451	0.00730
6	0.21382	0.00830	0.00921	0.00769	0.01046	0.00855	0.00627	0.16751	0.03574	0.28491	0.05316	0.06686	0.01275	0.00637	0.00430	0.00145	0.00377	0.05081	0.04179	0.00627
7	0.50107	0.01047	0.00967	0.00790	0.01106	0.01185	0.00652	0.35396	0.01362	0.02390	0.00829	0.00889	0.00612	0.00474	0.00356	0.00138	0.00415	0.00316	0.00356	0.00612
8	0.00833	0.00775	0.01297	0.76897	0.02939	0.00960	0.01196	0.01119	0.00903	0.01158	0.00931	0.07313	0.00781	0.00525	0.00462	0.00153	0.00579	0.00468	0.00218	0.00493
9	0.01211	0.84348	0.02374	0.00775	0.01163	0.01793	0.00775	0.01357	0.00921	0.01066	0.00630	0.00727	0.00582	0.00388	0.00291	0.00097	0.00485	0.00242	0.00194	0.00582
10	0.01171	0.03070	0.01796	0.06611	0.44676	0.06106	0.13460	0.05143	0.06971	0.02937	0.00986	0.01266	0.00803	0.00454	0.00462	0.00140	0.00572	0.02443	0.00263	0.00670
11	0.00786	0.00633	0.00730	0.00681	0.00843	0.00662	0.00521	0.01334	0.27414	0.01693	0.36902	0.02858	0.15133	0.01041	0.06555	0.00191	0.00338	0.00715	0.00455	0.00515
12	0.00657	0.00451	0.00563	0.00587	0.00683	0.00417	0.00437	0.00814	0.01066	0.03205	0.28744	0.26986	0.15628	0.01092	0.00534	0.00159	0.00254	0.08616	0.08697	0.00409
13	0.00936	0.00836	0.00808	0.00747	0.00929	0.10704	0.01959	0.11500	0.09422	0.01541	0.06149	0.14467	0.28790	0.00928	0.00505	0.00152	0.00375	0.05230	0.03529	0.00494
14	0.00670	0.00604	0.06577	0.00638	0.00778	0.00480	0.00522	0.00847	0.03320	0.02546	0.24468	0.18728	0.21304	0.02969	0.02349	0.07517	0.00318	0.04550	0.00403	0.00413
15	0.00787	0.00438	0.00645	0.00630	0.00639	0.00463	0.00438	0.00644	0.00642	0.00875	0.05548	0.01485	0.00993	0.01542	0.04099	0.73708	0.05552	0.00422	0.00216	0.00235

[dist]
# distance from previous block
# <min> <max>
7	29

[block]
# block no. 13 follows, 57 sequences, length 14
# corresponding to MSA columns:
# 566-579
name=unknown_N
#
# <colnr> <probs for GDERKNQSTAVLIFYWHMCP>
#	G	D	E	R	K	N	Q	S	T	A	V	L	I	F	Y	W	H	M	C	P
0	0.08073	0.01021	0.03833	0.26893	0.27492	0.04256	0.03955	0.02887	0.07476	0.05327	0.02438	0.02617	0.00832	0.00477	0.00443	0.00143	0.00533	0.00423	0.00269	0.00612
1	0.01061	0.00813	0.00902	0.00794	0.01030	0.00870	0.00619	0.04727	0.44657	0.07999	0.17861	0.02192	0.08838	0.00703	0.00475	0.00145	0.00324	0.00592	0.00463	0.04935
2	0.00605	0.00460	0.00540	0.00550	0.00662	0.00419	0.00408	0.00767	0.02276	0.01406	0.25793	0.16396	0.34703	0.03063	0.02699	0.00177	0.00271	0.04779	0.03625	0.00400
3	0.01031	0.00780	0.00920	0.00691	0.01050	0.00623	0.00548	0.03570	0.02921	0.09084	0.01181	0.06669	0.03792	0.00472	0.00377	0.00089	0.00337	0.00389	0.00322	0.65156
4	0.00875	0.00603	0.00746	0.04772	0.00935	0.00609	0.00543	0.02588	0.14941	0.09050	0.36301	0.11074	0.08905	0.00868	0.00507	0.00149	0.00289	0.02152	0.03583	0.00509
5	0.06354	0.00678	0.00796	0.00767	0.00859	0.07351	0.03390	0.00910	0.00812	0.01135	0.01399	0.16075	0.01476	0.16931	0.31393	0.00426	0.04867	0.03693	0.00285	0.00403
6	0.00936	0.07550	0.71073	0.01273	0.01891	0.01116	0.03913	0.01417	0.00947	0.01398	0.00796	0.00951	0.00579	0.00441	0.00466	0.00143	0.03924	0.00337	0.00193	0.00655
7	0.14000	0.01058	0.10718	0.02335	0.01294	0.00928	0.07769	0.17215	0.04774	0.11039	0.07340	0.04605	0.02196	0.00574	0.00434	0.00139	0.00441	0.02082	0.05558	0.05502
8	0.00639	0.00469	0.00570	0.00567	0.00679	0.00427	0.00416	0.00825	0.03221	0.03387	0.39687	0.20143	0.25150	0.01073	0.00540	0.00154	0.00236	0.00937	0.00462	0.00419
9	0.00923	0.02255	0.76512	0.01268	0.01911	0.01057	0.01612	0.01498	0.06093	0.01465	0.00880	0.01004	0.00626	0.00442	0.00432	0.00144	0.00650	0.00346	0.00209	0.00673
10	0.16020	0.03807	0.01090	0.00824	0.01152	0.00984	0.00682	0.24374	0.04772	0.35453	0.01340	0.01262	0.00910	0.00527	0.00413	0.00136	0.00406	0.00400	0.04749	0.00698
11	0.02867	0.00552	0.00696	0.00640	0.00798	0.00516	0.00486	0.02309	0.03899	0.19136	0.33313	0.19661	0.06153	0.00907	0.00504	0.00149	0.00274	0.00790	0.05847	0.00504
12	0.31964	0.00707	0.01904	0.00627	0.00833	0.00725	0.01674	0.04602	0.03621	0.04978	0.14255	0.08266	0.13609	0.03597	0.00481	0.00154	0.00316	0.00580	0.06629	0.00478
13	0.00736	0.00523	0.00613	0.00595	0.00691	0.01712	0.00407	0.00835	0.02616	0.04139	0.05740	0.21697	0.09133	0.30298	0.03937	0.03696	0.00382	0.02183	0.00345	0.09720

[dist]
# distance from previous block
# <min> <max>
0	38

[block]
# block no. 14 follows, 57 sequences, length 24
# corresponding to MSA columns:
# 618-641
name=unknown_O
#
# <colnr> <probs for GDERKNQSTAVLIFYWHMCP>
#	G	D	E	R	K	N	Q	S	T	A	V	L	I	F	Y	W	H	M	C	P
0	0.00724	0.00482	0.00629	0.00621	0.00730	0.00472	0.00463	0.00855	0.00937	0.07960	0.12668	0.15872	0.20869	0.05851	0.26779	0.01949	0.00574	0.00775	0.00375	0.00417
1	0.01147	0.00869	0.00953	0.00837	0.01080	0.00955	0.00652	0.06511	0.51850	0.08896	0.11276	0.01918	0.03332	0.02819	0.00512	0.00154	0.00347	0.00543	0.02738	0.02612
2	0.22035	0.00849	0.00907	0.00746	0.01033	0.06663	0.00602	0.01760	0.01169	0.44358	0.13800	0.01586	0.01425	0.00578	0.00423	0.00139	0.00382	0.00451	0.00461	0.00633
3	0.74818	0.00899	0.00766	0.06638	0.01078	0.01044	0.00573	0.06959	0.00879	0.02028	0.00677	0.00796	0.00519	0.00432	0.00305	0.00141	0.00380	0.00269	0.00287	0.00512
4	0.10766	0.07234	0.31557	0.01135	0.04591	0.06675	0.03033	0.13850	0.08818	0.04761	0.00995	0.02906	0.00759	0.00490	0.00417	0.00139	0.00552	0.00378	0.00293	0.00652
5	0.04752	0.07488	0.07442	0.11552	0.23802	0.08041	0.04180	0.09566	0.05037	0.07370	0.00981	0.02515	0.00775	0.00547	0.01816	0.02263	0.00556	0.00401	0.00283	0.00633
6	0.67440	0.00976	0.00798	0.06671	0.01106	0.08094	0.00593	0.01423	0.00863	0.07533	0.00732	0.00835	0.00552	0.00437	0.00317	0.00139	0.00412	0.00276	0.00290	0.00515
7	0.00841	0.00746	0.00860	0.09675	0.04023	0.09224	0.03599	0.02103	0.02915	0.03481	0.18361	0.18421	0.18463	0.00890	0.00504	0.00150	0.00377	0.00773	0.04131	0.00463
8	0.00585	0.00428	0.00544	0.00583	0.00652	0.00393	0.00408	0.00712	0.01024	0.01383	0.29886	0.42909	0.13110	0.04445	0.00625	0.00176	0.00249	0.01060	0.00442	0.00387
9	0.00979	0.00910	0.01520	0.41609	0.18697	0.00993	0.09853	0.05861	0.01024	0.01391	0.00927	0.04550	0.00761	0.00473	0.00455	0.00141	0.00561	0.00445	0.01985	0.06866
10	0.00715	0.00581	0.03260	0.00693	0.00839	0.00503	0.06149	0.00912	0.03210	0.04696	0.23959	0.24751	0.18470	0.04855	0.00611	0.00169	0.00305	0.00890	0.03995	0.00438
11	0.00739	0.00406	0.00582	0.00586	0.00606	0.00400	0.00397	0.00629	0.00701	0.00941	0.08950	0.07760	0.04461	0.04106	0.03319	0.64003	0.00380	0.00533	0.00255	0.00246
12	0.01241	0.36170	0.09901	0.08383	0.02712	0.15771	0.06123	0.07899	0.01111	0.01334	0.03269	0.00980	0.00735	0.00444	0.00380	0.00119	0.00579	0.00332	0.01930	0.00585
13	0.02666	0.00697	0.00834	0.00750	0.00943	0.00703	0.00592	0.12060	0.08984	0.12051	0.12198	0.13984	0.07623	0.00890	0.00572	0.03696	0.02183	0.10127	0.02965	0.05484
14	0.01242	0.09427	0.28728	0.01435	0.18305	0.08659	0.01200	0.07528	0.04785	0.10398	0.01020	0.03520	0.00791	0.00485	0.00429	0.00135	0.00567	0.00392	0.00283	0.00670
15	0.09994	0.04019	0.01219	0.05297	0.04029	0.08991	0.00813	0.33288	0.19410	0.02107	0.01211	0.03517	0.00955	0.00568	0.00436	0.00141	0.00481	0.02476	0.00385	0.00665
16	0.54203	0.00855	0.00811	0.00689	0.00958	0.00944	0.00560	0.08900	0.00976	0.16110	0.00893	0.00976	0.00659	0.00569	0.00490	0.07893	0.02319	0.00315	0.00337	0.00541
17	0.03686	0.00990	0.03436	0.13201	0.22428	0.02507	0.06792	0.12196	0.05706	0.07226	0.04158	0.06057	0.02949	0.00563	0.00484	0.00144	0.02513	0.00495	0.03848	0.00623
18	0.00763	0.00929	0.19981	0.04112	0.01089	0.00610	0.03128	0.01031	0.01000	0.01487	0.12763	0.12817	0.10716	0.00757	0.00453	0.00141	0.00368	0.02616	0.24758	0.00479
19	0.00704	0.00562	0.00809	0.03751	0.03760	0.00534	0.06266	0.00920	0.03272	0.02622	0.37667	0.13960	0.16000	0.04347	0.00606	0.00165	0.00310	0.02878	0.00424	0.00445
20	0.04464	0.07009	0.01009	0.05590	0.05525	0.07057	0.00657	0.01301	0.14042	0.05692	0.01473	0.09773	0.04434	0.17481	0.08524	0.00260	0.04325	0.00564	0.00319	0.00500
21	0.03272	0.01113	0.13158	0.07473	0.10483	0.00944	0.05892	0.12161	0.11900	0.04904	0.04201	0.04544	0.09774	0.00594	0.00458	0.00140	0.00465	0.00510	0.00338	0.07676
22	0.01073	0.14911	0.06031	0.01281	0.07628	0.04027	0.23575	0.03363	0.05603	0.05558	0.03474	0.13102	0.03152	0.00613	0.00469	0.00142	0.00529	0.02003	0.00301	0.03165
23	0.01166	0.02687	0.05548	0.04747	0.14465	0.04215	0.16321	0.15989	0.08069	0.02756	0.05988	0.01379	0.03105	0.00540	0.01673	0.00142	0.00537	0.00456	0.00317	0.09898

[dist]
# distance from previous block
# <min> <max>
13	50

[block]
# block no. 15 follows, 57 sequences, length 21
# corresponding to MSA columns:
# 706-726
name=unknown_P
#
# <colnr> <probs for GDERKNQSTAVLIFYWHMCP>
#	G	D	E	R	K	N	Q	S	T	A	V	L	I	F	Y	W	H	M	C	P
0	0.10590	0.06992	0.03724	0.01931	0.03592	0.05648	0.01837	0.17019	0.06055	0.13895	0.08878	0.03703	0.03464	0.00650	0.02467	0.00149	0.02193	0.00456	0.00378	0.06380
1	0.07970	0.08812	0.01128	0.04992	0.06258	0.07370	0.02825	0.10972	0.07376	0.04183	0.01517	0.16417	0.05260	0.05653	0.00577	0.00163	0.01877	0.02778	0.03333	0.00538
2	0.08556	0.06201	0.05317	0.01219	0.10009	0.19263	0.07664	0.10636	0.03955	0.02758	0.00996	0.05999	0.00867	0.00531	0.00451	0.00131	0.02681	0.02612	0.00290	0.09866
3	0.07607	0.00968	0.07433	0.13585	0.06546	0.03775	0.08196	0.07839	0.05238	0.02850	0.08593	0.06177	0.01341	0.11379	0.00749	0.01885	0.02184	0.02823	0.00308	0.00526
4	0.00635	0.00439	0.00546	0.00590	0.00665	0.00406	0.00418	0.00746	0.00957	0.03526	0.12558	0.40842	0.17196	0.09083	0.00720	0.00195	0.00280	0.06363	0.03449	0.00386
5	0.00838	0.00509	0.00665	0.02976	0.00822	0.00481	0.00494	0.02100	0.01019	0.13422	0.14191	0.31654	0.10996	0.08382	0.04379	0.00214	0.00351	0.05636	0.00427	0.00446
6	0.01017	0.00670	0.00775	0.00711	0.00889	0.00692	0.00542	0.06993	0.21656	0.11298	0.16672	0.17982	0.04905	0.00824	0.00479	0.00148	0.00302	0.00709	0.12181	0.00554
7	0.00810	0.00560	0.00662	0.00606	0.00753	0.02857	0.00462	0.01039	0.04004	0.09528	0.56676	0.03217	0.15279	0.00899	0.00521	0.00144	0.00256	0.00778	0.00484	0.00467
8	0.01128	0.01025	0.01299	0.05968	0.03751	0.03728	0.08964	0.07296	0.40606	0.02692	0.01465	0.03370	0.03060	0.00623	0.00622	0.00158	0.12733	0.00502	0.00367	0.00643
9	0.01432	0.00948	0.03956	0.00917	0.01197	0.03373	0.05371	0.16829	0.08076	0.27951	0.10547	0.01712	0.01396	0.07169	0.03435	0.00187	0.03925	0.00503	0.00434	0.00644
10	0.01198	0.67515	0.13849	0.00866	0.01293	0.01662	0.00911	0.06003	0.00997	0.01226	0.00684	0.00782	0.00592	0.00403	0.00321	0.00106	0.00512	0.00266	0.00209	0.00606
11	0.01027	0.01102	0.01868	0.01445	0.01669	0.05955	0.36401	0.01250	0.00903	0.01244	0.00866	0.03646	0.00780	0.05323	0.03316	0.00201	0.31751	0.00496	0.00226	0.00531
12	0.01346	0.01499	0.02515	0.01098	0.01334	0.36598	0.06696	0.04099	0.22935	0.01454	0.02475	0.01212	0.00918	0.00543	0.00525	0.00137	0.07838	0.00401	0.05791	0.00583
13	0.00573	0.00438	0.00509	0.00543	0.00629	0.00393	0.00381	0.00675	0.00961	0.01228	0.11720	0.30384	0.35206	0.11128	0.00764	0.00198	0.00269	0.03218	0.00412	0.00371
14	0.00799	0.03080	0.05577	0.04656	0.00990	0.00644	0.02410	0.03292	0.05387	0.05033	0.07468	0.25144	0.14790	0.06124	0.03527	0.00196	0.03268	0.03071	0.04079	0.00464
15	0.00650	0.00514	0.02624	0.00657	0.00737	0.00462	0.03222	0.00777	0.02392	0.01222	0.10656	0.35164	0.08254	0.18609	0.00963	0.03233	0.00335	0.06300	0.02853	0.00377
16	0.00765	0.00646	0.00903	0.03394	0.00975	0.02326	0.02953	0.00906	0.00810	0.02517	0.04222	0.10495	0.07129	0.05805	0.36382	0.00428	0.18035	0.00600	0.00279	0.00431
17	0.02749	0.28652	0.09976	0.03906	0.01434	0.04458	0.05271	0.23406	0.05849	0.03994	0.00934	0.01022	0.00723	0.00511	0.01520	0.00134	0.01922	0.00354	0.02542	0.00644
18	0.02057	0.00655	0.03540	0.02384	0.00930	0.00584	0.00563	0.01169	0.11302	0.09452	0.08131	0.34460	0.04865	0.02345	0.00529	0.00157	0.00321	0.03042	0.01907	0.11607
19	0.02555	0.03755	0.19755	0.02414	0.10382	0.06220	0.07045	0.16359	0.02398	0.02664	0.03337	0.03235	0.01891	0.00542	0.00468	0.00137	0.02124	0.05011	0.00299	0.09409
20	0.07568	0.10267	0.07195	0.02136	0.04325	0.06973	0.01948	0.13800	0.14202	0.01719	0.08651	0.02947	0.03503	0.00576	0.00487	0.00135	0.05581	0.00443	0.00335	0.07208

[dist]
# distance from previous block
# <min> <max>
0	18

[block]
# block no. 16 follows, 57 sequences, length 19
# corresponding to MSA columns:
# 745-763
name=unknown_Q
#
# <colnr> <probs for GDERKNQSTAVLIFYWHMCP>
#	G	D	E	R	K	N	Q	S	T	A	V	L	I	F	Y	W	H	M	C	P
0	0.01075	0.06148	0.10795	0.03334	0.14101	0.02349	0.08934	0.08780	0.03670	0.04548	0.05755	0.05532	0.04406	0.00574	0.00523	0.00137	0.06338	0.01471	0.00301	0.11231
1	0.00720	0.00585	0.01831	0.01815	0.02182	0.00531	0.02574	0.05215	0.02255	0.01471	0.18865	0.28417	0.17246	0.01058	0.02587	0.00164	0.00318	0.00868	0.02729	0.08566
2	0.00890	0.00810	0.03869	0.08218	0.05557	0.01922	0.08742	0.03795	0.11461	0.03456	0.22548	0.05781	0.09765	0.03688	0.02015	0.00171	0.03609	0.01706	0.01472	0.00525
3	0.01202	0.00980	0.01579	0.23580	0.36109	0.02739	0.05762	0.03861	0.01061	0.13206	0.00978	0.01207	0.00742	0.00480	0.00510	0.02025	0.02645	0.00416	0.00274	0.00643
4	0.01049	0.01164	0.08124	0.21314	0.05357	0.01103	0.37868	0.09288	0.01105	0.01497	0.00933	0.03166	0.00732	0.00527	0.02455	0.00165	0.02827	0.00483	0.00246	0.00596
5	0.00602	0.00442	0.00519	0.00545	0.00611	0.00414	0.00371	0.00685	0.00887	0.01150	0.09613	0.21797	0.24487	0.28572	0.03186	0.00271	0.00339	0.04786	0.00375	0.00350
6	0.01130	0.00693	0.00849	0.00737	0.00938	0.00688	0.00588	0.15424	0.01332	0.18715	0.24149	0.08913	0.13548	0.00867	0.00550	0.00152	0.03528	0.06175	0.00469	0.00554
7	0.81187	0.00883	0.00691	0.00619	0.00898	0.01024	0.00507	0.01408	0.06401	0.02023	0.00717	0.00804	0.00554	0.00434	0.00293	0.00141	0.00351	0.00264	0.00293	0.00507
8	0.01073	0.07427	0.01049	0.00859	0.01022	0.20010	0.00664	0.06884	0.08425	0.01251	0.01106	0.01556	0.01013	0.13582	0.28584	0.00378	0.03913	0.00440	0.00275	0.00487
9	0.01264	0.04462	0.01211	0.01043	0.02201	0.34521	0.02763	0.08088	0.02762	0.01292	0.01268	0.09156	0.07100	0.03913	0.00709	0.00157	0.15445	0.01845	0.00286	0.00514
10	0.16293	0.60658	0.10813	0.00801	0.01201	0.01575	0.00824	0.01361	0.00898	0.01277	0.00650	0.00754	0.00565	0.00398	0.00304	0.00110	0.00481	0.00253	0.00209	0.00575
11	0.00935	0.10772	0.61419	0.01248	0.01840	0.01102	0.08793	0.01384	0.00968	0.01386	0.01015	0.01148	0.05098	0.00462	0.00431	0.00140	0.00634	0.00379	0.00208	0.00639
12	0.00582	0.00461	0.00523	0.00508	0.00640	0.00402	0.00381	0.00740	0.01142	0.01483	0.37967	0.03935	0.47526	0.01051	0.00535	0.00148	0.00223	0.00897	0.00455	0.00402
13	0.00732	0.06904	0.00746	0.03183	0.00812	0.00548	0.00488	0.00861	0.00972	0.06669	0.13176	0.33983	0.17335	0.02974	0.08285	0.00218	0.00379	0.00909	0.00397	0.00428
