[name]
unknown

[dist]
# distance from previous block
# <min> <max>
0	88

[block]
# block no. 0 follows, 55 sequences, length 11
# corresponding to MSA columns:
# 144-154
name=unknown_A
#
# <colnr> <probs for GDERKNQSTAVLIFYWHMCP>
#	G	D	E	R	K	N	Q	S	T	A	V	L	I	F	Y	W	H	M	C	P
0	0.12368	0.01044	0.03999	0.01123	0.10107	0.05985	0.05623	0.17468	0.01262	0.07217	0.03881	0.11041	0.01160	0.00660	0.01942	0.00149	0.00475	0.00508	0.04809	0.09178
1	0.16039	0.12428	0.06099	0.05596	0.07392	0.07166	0.03580	0.12408	0.04734	0.03335	0.01077	0.05769	0.02813	0.00529	0.00407	0.00132	0.00491	0.00414	0.00306	0.09286
2	0.14984	0.04497	0.05843	0.00910	0.01197	0.02950	0.06286	0.10447	0.16104	0.06057	0.09836	0.06182	0.02614	0.00710	0.02113	0.02278	0.01806	0.00512	0.01355	0.03320
3	0.00760	0.03293	0.08359	0.05359	0.05789	0.00628	0.00668	0.01000	0.03502	0.03329	0.26363	0.10824	0.21383	0.04828	0.00609	0.00167	0.00346	0.01911	0.00400	0.00482
4	0.05812	0.05549	0.17605	0.03630	0.10755	0.02654	0.08154	0.07599	0.09659	0.01603	0.03866	0.07140	0.08849	0.00655	0.00506	0.02701	0.00503	0.00535	0.01621	0.00603
5	0.00886	0.03452	0.00714	0.00631	0.00791	0.05114	0.00476	0.01011	0.01101	0.12468	0.15579	0.18537	0.32152	0.01061	0.00578	0.03372	0.00311	0.00867	0.00438	0.00461
6	0.08730	0.05038	0.04404	0.12913	0.03677	0.07940	0.02131	0.10098	0.01075	0.04124	0.01299	0.15513	0.01263	0.12211	0.02588	0.00203	0.00502	0.00578	0.05199	0.00514
7	0.43227	0.09901	0.03261	0.05887	0.06810	0.07203	0.00758	0.08207	0.01047	0.08699	0.00828	0.00927	0.00627	0.00456	0.00357	0.00137	0.00465	0.00312	0.00304	0.00588
8	0.01074	0.09469	0.07269	0.09718	0.23364	0.06134	0.08288	0.04444	0.03031	0.01426	0.01297	0.05969	0.07877	0.00567	0.00492	0.00140	0.03181	0.00493	0.00270	0.05494
9	0.03790	0.08734	0.09397	0.07026	0.10510	0.01096	0.04273	0.16779	0.11626	0.03171	0.11205	0.01639	0.05074	0.00586	0.00457	0.00142	0.00468	0.00490	0.02897	0.00640
10	0.00770	0.00544	0.00747	0.00719	0.00807	0.00602	0.00543	0.00937	0.02799	0.05641	0.11019	0.06880	0.04221	0.14030	0.41835	0.00500	0.06033	0.00621	0.00323	0.00431

[dist]
# distance from previous block
# <min> <max>
1	2

[block]
# block no. 1 follows, 55 sequences, length 14
# corresponding to MSA columns:
# 157-170
name=unknown_B
#
# <colnr> <probs for GDERKNQSTAVLIFYWHMCP>
#	G	D	E	R	K	N	Q	S	T	A	V	L	I	F	Y	W	H	M	C	P
0	0.04248	0.10950	0.02552	0.12586	0.07035	0.02191	0.04093	0.04625	0.22562	0.03034	0.04536	0.05067	0.03961	0.00577	0.00441	0.00138	0.00448	0.00486	0.01369	0.09100
1	0.01198	0.75673	0.02271	0.00776	0.01165	0.01710	0.00763	0.01350	0.00951	0.01125	0.00830	0.00917	0.04004	0.00428	0.00312	0.00100	0.00478	0.00281	0.00213	0.05453
2	0.02271	0.19948	0.19512	0.04352	0.04929	0.04136	0.07743	0.13861	0.04560	0.05228	0.00954	0.01101	0.00738	0.00466	0.00420	0.00130	0.00561	0.01445	0.00286	0.07359
3	0.00847	0.00586	0.00821	0.00913	0.08447	0.00623	0.00606	0.00977	0.08876	0.01144	0.01310	0.05775	0.01306	0.08830	0.06719	0.35522	0.03909	0.10231	0.02173	0.00384
4	0.01156	0.00997	0.01017	0.00909	0.01119	0.07320	0.00698	0.10585	0.43494	0.01728	0.01518	0.01690	0.01230	0.08661	0.08717	0.04861	0.02791	0.00498	0.00393	0.00619
5	0.01708	0.02155	0.01305	0.01186	0.01426	0.77644	0.00891	0.01889	0.05352	0.01180	0.00779	0.00885	0.00641	0.00487	0.00422	0.00122	0.00815	0.00311	0.00252	0.00549
6	0.00694	0.00503	0.00616	0.00606	0.00725	0.00470	0.00447	0.00932	0.06142	0.04059	0.41971	0.19855	0.19093	0.01068	0.00551	0.00158	0.00248	0.00937	0.00479	0.00447
7	0.03149	0.01003	0.01075	0.00897	0.03102	0.03806	0.00691	0.10568	0.30624	0.01838	0.01252	0.01265	0.00968	0.00484	0.00411	0.00115	0.00395	0.00389	0.00369	0.37601
8	0.03420	0.11694	0.07318	0.03101	0.03161	0.03615	0.06878	0.12782	0.01170	0.03416	0.00871	0.00999	0.00688	0.00410	0.00389	0.00105	0.00477	0.00331	0.00288	0.38888
9	0.05276	0.01250	0.01406	0.05634	0.19069	0.14180	0.01973	0.17578	0.10728	0.07061	0.01055	0.01181	0.00814	0.00592	0.02105	0.00158	0.08532	0.00409	0.00331	0.00668
10	0.00580	0.00469	0.00515	0.00512	0.00649	0.00404	0.00381	0.00722	0.01119	0.01415	0.24747	0.08848	0.55742	0.01134	0.00552	0.00156	0.00233	0.00964	0.00453	0.00404
11	0.00680	0.00499	0.00644	0.04378	0.02551	0.00486	0.00495	0.00845	0.04676	0.03633	0.06192	0.46873	0.14958	0.07721	0.02945	0.00212	0.00334	0.01049	0.00411	0.00420
12	0.01502	0.03387	0.11579	0.09158	0.05043	0.03574	0.00996	0.32310	0.07993	0.14698	0.01184	0.01215	0.00840	0.00522	0.00453	0.00140	0.00519	0.00412	0.00392	0.04082
13	0.01132	0.00898	0.01346	0.12042	0.28651	0.02383	0.02156	0.04520	0.05278	0.11024	0.01308	0.12846	0.01177	0.02333	0.06432	0.00202	0.04770	0.00565	0.00321	0.00619

[dist]
# distance from previous block
# <min> <max>
3	7

[block]
# block no. 2 follows, 55 sequences, length 18
# corresponding to MSA columns:
# 180-197
name=unknown_C
#
# <colnr> <probs for GDERKNQSTAVLIFYWHMCP>
#	G	D	E	R	K	N	Q	S	T	A	V	L	I	F	Y	W	H	M	C	P
0	0.04435	0.03683	0.03097	0.14101	0.22723	0.21355	0.13353	0.06313	0.01155	0.01451	0.00840	0.01081	0.00673	0.00501	0.01794	0.00149	0.02035	0.00396	0.00245	0.00618
1	0.00586	0.00436	0.00583	0.00712	0.03580	0.00406	0.00461	0.00678	0.00912	0.01206	0.02701	0.73098	0.10126	0.01394	0.00585	0.00184	0.00277	0.01258	0.00425	0.00392
2	0.00919	0.00871	0.01214	0.01068	0.01096	0.01164	0.00870	0.01029	0.00737	0.01124	0.00880	0.06942	0.00906	0.04089	0.13650	0.00289	0.59135	0.00490	0.00231	0.03296
3	0.00945	0.00999	0.03992	0.12543	0.04545	0.15527	0.04294	0.01186	0.05753	0.01277	0.05138	0.27642	0.03946	0.04373	0.03281	0.00191	0.02809	0.00742	0.00327	0.00490
4	0.01106	0.04509	0.08398	0.12977	0.08582	0.04358	0.34319	0.06620	0.06290	0.01529	0.01122	0.03971	0.03027	0.00495	0.00497	0.00151	0.00648	0.00508	0.00269	0.00624
5	0.02745	0.09169	0.04984	0.04940	0.27432	0.04849	0.05565	0.04891	0.02679	0.06013	0.02378	0.02450	0.02554	0.00466	0.00428	0.00125	0.00508	0.00407	0.00282	0.17134
6	0.13647	0.22333	0.01530	0.02493	0.02596	0.19584	0.04123	0.07307	0.01062	0.01411	0.00788	0.01008	0.00682	0.02136	0.08629	0.00199	0.09326	0.00341	0.00250	0.00555
7	0.01127	0.01162	0.01412	0.01213	0.01254	0.10384	0.00999	0.04173	0.00836	0.01191	0.00642	0.01002	0.00616	0.00767	0.01363	0.00192	0.70530	0.00396	0.00218	0.00523
8	0.00965	0.00827	0.00965	0.00689	0.01102	0.00620	0.00551	0.01171	0.00965	0.01516	0.00827	0.00965	0.00689	0.00345	0.00345	0.00069	0.00345	0.00276	0.00276	0.86494
9	0.00571	0.00423	0.00533	0.00610	0.00668	0.00385	0.00418	0.00669	0.00955	0.01253	0.08974	0.62364	0.17745	0.01366	0.00582	0.00180	0.00260	0.01221	0.00438	0.00385
10	0.15114	0.01028	0.03035	0.03842	0.01159	0.08881	0.00700	0.21824	0.01276	0.09258	0.01083	0.01256	0.00837	0.02145	0.04863	0.07189	0.02790	0.00392	0.12757	0.00572
11	0.00647	0.00524	0.00611	0.00654	0.02759	0.00496	0.00460	0.03447	0.03691	0.01312	0.03469	0.31189	0.42441	0.01272	0.02876	0.00185	0.02099	0.01024	0.00419	0.00425
12	0.00674	0.00533	0.00619	0.00650	0.00759	0.00525	0.00466	0.00994	0.15023	0.01389	0.08538	0.42390	0.23284	0.01201	0.00558	0.00172	0.00275	0.01057	0.00445	0.00450
13	0.01013	0.00966	0.01630	0.41584	0.39816	0.01083	0.01345	0.01299	0.00983	0.01343	0.00841	0.01189	0.00675	0.00455	0.00505	0.00149	0.03871	0.00414	0.00218	0.00621
14	0.01208	0.11987	0.17069	0.06974	0.09982	0.09578	0.26846	0.05867	0.01132	0.03703	0.00882	0.01086	0.00674	0.00433	0.00462	0.00141	0.00675	0.00414	0.00244	0.00643
15	0.00971	0.00782	0.01170	0.30254	0.07227	0.02019	0.04597	0.04061	0.03107	0.08395	0.01770	0.17485	0.10189	0.00779	0.00538	0.00162	0.02804	0.02824	0.00334	0.00534
16	0.00566	0.00467	0.00497	0.00509	0.00648	0.00399	0.00380	0.00690	0.01062	0.01297	0.09712	0.11927	0.65358	0.01192	0.00557	0.00161	0.00244	0.03500	0.00437	0.00396
17	0.00883	0.01136	0.21285	0.02296	0.10946	0.00795	0.07475	0.01191	0.02047	0.04399	0.17084	0.02183	0.10061	0.04126	0.09010	0.00224	0.01720	0.02258	0.00322	0.00559

[dist]
# distance from previous block
# <min> <max>
5	21

[block]
# block no. 3 follows, 55 sequences, length 56
# corresponding to MSA columns:
# 220-275
name=unknown_D
#
# <colnr> <probs for GDERKNQSTAVLIFYWHMCP>
#	G	D	E	R	K	N	Q	S	T	A	V	L	I	F	Y	W	H	M	C	P
0	0.00670	0.00462	0.00561	0.00560	0.00585	0.00477	0.00352	0.00714	0.00719	0.00975	0.03457	0.02836	0.03999	0.61902	0.19368	0.00499	0.00610	0.00651	0.00285	0.00318
1	0.05783	0.05836	0.05424	0.01295	0.12865	0.04769	0.03898	0.31086	0.08486	0.14190	0.01173	0.01195	0.00847	0.00516	0.00448	0.00140	0.00513	0.00413	0.00393	0.00731
2	0.00875	0.00726	0.00883	0.02066	0.10564	0.05682	0.00642	0.03900	0.02894	0.03623	0.34280	0.05782	0.12119	0.01086	0.08057	0.00203	0.02447	0.00699	0.02971	0.00502
3	0.00705	0.00546	0.00732	0.00712	0.00773	0.00622	0.00534	0.00823	0.00805	0.01132	0.05664	0.06287	0.08354	0.20391	0.34560	0.00473	0.11291	0.02549	0.02650	0.00396
4	0.01305	0.47165	0.11583	0.02856	0.01382	0.12228	0.00942	0.04661	0.01052	0.04961	0.00758	0.00874	0.00633	0.00458	0.00433	0.00119	0.06071	0.00299	0.00234	0.01984
5	0.03141	0.17296	0.07685	0.04745	0.05007	0.30086	0.02996	0.08487	0.03803	0.03413	0.00862	0.01013	0.00699	0.00664	0.05445	0.00167	0.03283	0.00347	0.00263	0.00598
6	0.00709	0.00628	0.05333	0.00790	0.03453	0.00516	0.04130	0.00841	0.00916	0.03236	0.02303	0.41526	0.11089	0.14870	0.00857	0.00218	0.00365	0.03978	0.00375	0.03865
7	0.01356	0.09729	0.01267	0.02944	0.03356	0.10376	0.00750	0.29072	0.01438	0.03144	0.01081	0.02829	0.00894	0.03582	0.00484	0.00132	0.00482	0.02319	0.08755	0.16010
8	0.00958	0.00827	0.00996	0.06682	0.01256	0.00650	0.00605	0.01173	0.00962	0.01492	0.00827	0.00985	0.00684	0.00353	0.00353	0.00075	0.00365	0.00286	0.00271	0.80199
9	0.00674	0.00483	0.00588	0.00562	0.00692	0.00431	0.00421	0.00853	0.01215	0.04662	0.49673	0.07946	0.28016	0.01035	0.00548	0.00152	0.00234	0.00897	0.00485	0.00435
10	0.00707	0.00502	0.00648	0.00604	0.00725	0.00471	0.00455	0.00967	0.04316	0.03501	0.75882	0.03370	0.04210	0.00931	0.00544	0.00147	0.00229	0.00822	0.00512	0.00458
11	0.01408	0.01124	0.01193	0.00997	0.01305	0.01274	0.00797	0.33914	0.48058	0.02350	0.01575	0.01482	0.01162	0.00601	0.00470	0.00150	0.00427	0.00482	0.00470	0.00759
12	0.00914	0.00759	0.00880	0.00838	0.04182	0.00789	0.00613	0.01598	0.35265	0.01791	0.28103	0.04989	0.07493	0.00763	0.00494	0.00145	0.00312	0.00657	0.00453	0.08961
13	0.00990	0.02795	0.19190	0.05786	0.15254	0.00947	0.08602	0.01299	0.04069	0.05263	0.01205	0.01587	0.04354	0.07599	0.08501	0.04067	0.06123	0.01528	0.00262	0.00578
14	0.01121	0.05076	0.08190	0.01768	0.03429	0.01159	0.61321	0.01522	0.03439	0.04579	0.01023	0.03320	0.00792	0.00438	0.00524	0.00154	0.00720	0.00534	0.00256	0.00635
15	0.01717	0.02137	0.01299	0.01174	0.01416	0.76658	0.00884	0.04789	0.01343	0.01222	0.00754	0.00872	0.00622	0.00484	0.00419	0.00120	0.00811	0.00308	0.02425	0.00546
16	0.00676	0.00452	0.00513	0.00513	0.00515	0.00454	0.00289	0.00680	0.00678	0.00906	0.01460	0.03014	0.01678	0.81644	0.04356	0.00458	0.00471	0.00672	0.00281	0.00285
17	0.01230	0.80232	0.06013	0.00820	0.01231	0.01806	0.00838	0.01397	0.00947	0.01112	0.00655	0.00757	0.00597	0.00400	0.00305	0.00102	0.00506	0.00253	0.00199	0.00601
18	0.03175	0.13440	0.04625	0.01079	0.03026	0.03703	0.04792	0.49747	0.01750	0.02331	0.03689	0.03200	0.02249	0.00560	0.00447	0.00136	0.00517	0.00436	0.00390	0.00708
19	0.00581	0.00415	0.00552	0.00638	0.00678	0.00387	0.00433	0.00682	0.00955	0.01290	0.14284	0.71336	0.03274	0.01381	0.00587	0.00183	0.00262	0.01250	0.00444	0.00387
20	0.22966	0.00607	0.02266	0.00659	0.00780	0.00606	0.00486	0.02815	0.02142	0.01481	0.01934	0.53057	0.02202	0.03713	0.00558	0.00182	0.00314	0.00955	0.01844	0.00431
21	0.00642	0.00482	0.00554	0.00537	0.00636	0.00447	0.00377	0.00799	0.03213	0.01408	0.32311	0.03633	0.28132	0.23615	0.01044	0.00233	0.00292	0.00833	0.00422	0.00389
22	0.01142	0.00844	0.00998	0.00724	0.01128	0.00665	0.00583	0.04788	0.01065	0.11618	0.00967	0.01050	0.00752	0.00383	0.00365	0.00082	0.00358	0.00306	0.00322	0.71859
23	0.01356	0.03023	0.07882	0.03130	0.20724	0.02066	0.07676	0.07536	0.02868	0.21260	0.03632	0.03970	0.01016	0.00525	0.00486	0.00138	0.02529	0.00459	0.00355	0.09368
24	0.02923	0.71305	0.02246	0.00839	0.01215	0.10189	0.00799	0.01473	0.03340	0.01143	0.00692	0.00786	0.00620	0.00414	0.00316	0.00104	0.00527	0.00262	0.00213	0.00593
25	0.01018	0.01018	0.01425	0.01221	0.01221	0.01425	0.01018	0.01120	0.00712	0.01120	0.00611	0.01018	0.00611	0.00814	0.01527	0.00204	0.82799	0.00407	0.00204	0.00509
26	0.00870	0.00693	0.00826	0.00648	0.00942	0.00559	0.00508	0.02326	0.01115	0.03257	0.27483	0.02058	0.07559	0.00612	0.00431	0.00103	0.00299	0.00519	0.00374	0.48817
27	0.29287	0.01142	0.01132	0.00903	0.01239	0.01281	0.00743	0.49386	0.04675	0.02595	0.01003	0.01037	0.00731	0.00520	0.00405	0.00141	0.00451	0.00369	0.02271	0.00688
28	0.00878	0.00817	0.01372	0.80509	0.03139	0.01019	0.01268	0.01186	0.00931	0.01202	0.00844	0.01252	0.00634	0.00467	0.00462	0.00154	0.00610	0.00414	0.02327	0.00515
29	0.01432	0.01088	0.01417	0.13712	0.14010	0.01181	0.03237	0.39904	0.03582	0.07492	0.01208	0.07457	0.00968	0.00589	0.00477	0.00147	0.00513	0.00496	0.00388	0.00703
30	0.01000	0.00890	0.01427	0.13426	0.38517	0.00889	0.02595	0.01246	0.01012	0.03389	0.04744	0.05632	0.03007	0.00769	0.07250	0.00186	0.00554	0.00486	0.00272	0.12711
31	0.12554	0.01277	0.02923	0.01060	0.01387	0.10597	0.07367	0.29602	0.22919	0.02162	0.01270	0.01280	0.02436	0.00548	0.00447	0.00145	0.00512	0.00433	0.00393	0.00686
32	0.01225	0.79063	0.07143	0.00828	0.01243	0.01795	0.00851	0.01398	0.00947	0.01117	0.00658	0.00760	0.00597	0.00401	0.00307	0.00102	0.00509	0.00254	0.00199	0.00602
33	0.01287	0.01181	0.01039	0.00926	0.01170	0.17180	0.00717	0.09783	0.43600	0.01849	0.01520	0.01495	0.01156	0.00579	0.00438	0.00140	0.00452	0.00455	0.14381	0.00653
34	0.00665	0.00498	0.00748	0.00748	0.00831	0.00582	0.00582	0.00831	0.00748	0.01080	0.01246	0.01828	0.01163	0.03489	0.81807	0.00748	0.01246	0.00498	0.00249	0.00415
35	0.00665	0.00498	0.00743	0.00743	0.00824	0.00579	0.00576	0.00828	0.00746	0.01076	0.01250	0.01851	0.01173	0.05061	0.80249	0.00742	0.01231	0.00502	0.00250	0.00413
36	0.00588	0.00453	0.00534	0.00556	0.00659	0.00402	0.00399	0.00721	0.01076	0.01401	0.25320	0.27479	0.34925	0.02591	0.00593	0.00168	0.00245	0.01038	0.00452	0.00399
37	0.01663	0.14585	0.01488	0.01138	0.01401	0.69683	0.00883	0.01787	0.01262	0.01132	0.00708	0.00825	0.00599	0.00467	0.00401	0.00117	0.00787	0.00292	0.00234	0.00548
38	0.02517	0.01246	0.10893	0.13119	0.27149	0.02432	0.05352	0.18810	0.02803	0.02900	0.00966	0.01165	0.00741	0.00479	0.00484	0.00143	0.02815	0.00411	0.03675	0.01901
39	0.01217	0.32197	0.11153	0.01265	0.08869	0.07490	0.11417	0.01578	0.09545	0.04317	0.00949	0.01129	0.00778	0.01542	0.00474	0.00136	0.03569	0.01484	0.00258	0.00633
40	0.01042	0.00953	0.01121	0.00992	0.01151	0.05103	0.03601	0.02692	0.35068	0.01494	0.01391	0.03622	0.01188	0.07968	0.11275	0.00267	0.19630	0.00515	0.00345	0.00583
41	0.00670	0.00458	0.00592	0.00641	0.00723	0.00436	0.00484	0.00838	0.01069	0.01503	0.25524	0.31034	0.05084	0.01147	0.00555	0.00170	0.00280	0.16901	0.11476	0.00414
42	0.00567	0.00405	0.00540	0.00648	0.00675	0.00378	0.00432	0.00648	0.00891	0.01188	0.02564	0.83347	0.03077	0.01457	0.00594	0.00189	0.00270	0.01323	0.00432	0.00378
43	0.00879	0.00827	0.01395	0.82532	0.03204	0.01034	0.01292	0.01189	0.00930	0.01189	0.00827	0.01240	0.00620	0.00465	0.00465	0.00155	0.00620	0.00413	0.00207	0.00517
44	0.03669	0.00875	0.01014	0.00838	0.01140	0.00894	0.00671	0.07714	0.30204	0.32172	0.01687	0.01564	0.01185	0.00575	0.00444	0.00141	0.00373	0.00466	0.08744	0.05630
45	0.01018	0.01018	0.01425	0.01221	0.01221	0.01425	0.01018	0.01120	0.00712	0.01120	0.00611	0.01018	0.00611	0.00814	0.01527	0.00204	0.82799	0.00407	0.00204	0.00509
46	0.01118	0.00959	0.01020	0.00930	0.01181	0.01102	0.00728	0.02339	0.73336	0.01897	0.01996	0.02009	0.03446	0.00683	0.00485	0.00161	0.00368	0.05063	0.00470	0.00710
47	0.01642	0.01240	0.01325	0.01045	0.01394	0.01384	0.00854	0.63317	0.18274	0.02728	0.01278	0.01245	0.00921	0.00574	0.00467	0.00143	0.00482	0.00441	0.00467	0.00780
48	0.02067	0.00824	0.01100	0.00843	0.01204	0.00732	0.00696	0.07132	0.01386	0.76129	0.01790	0.01554	0.01129	0.00575	0.00468	0.00144	0.00403	0.00465	0.00569	0.00792
49	0.01018	0.01018	0.01425	0.01221	0.01221	0.01425	0.01018	0.01120	0.00712	0.01120	0.00611	0.01018	0.00611	0.00814	0.01527	0.00204	0.82799	0.00407	0.00204	0.00509
50	0.01073	0.05611	0.18007	0.01779	0.02288	0.01191	0.60096	0.01482	0.01068	0.01467	0.00906	0.01176	0.00678	0.00402	0.00516	0.00152	0.00751	0.00494	0.00226	0.00638
51	0.01224	0.00920	0.05151	0.09563	0.03356	0.02646	0.04837	0.04951	0.05719	0.20164	0.09491	0.07432	0.03236	0.00755	0.00730	0.04989	0.13321	0.00554	0.00375	0.00587
52	0.01148	0.26883	0.44136	0.01132	0.01675	0.03536	0.02747	0.06374	0.03041	0.04050	0.00854	0.00959	0.00646	0.00445	0.00403	0.00132	0.00608	0.00331	0.00235	0.00666
53	0.00674	0.00544	0.03025	0.01806	0.00799	0.00502	0.00509	0.02669	0.05924	0.01350	0.09474	0.53809	0.04665	0.04366	0.04640	0.00214	0.00347	0.01064	0.03193	0.00427
54	0.00613	0.00456	0.00524	0.00545	0.00623	0.00420	0.00374	0.00704	0.00941	0.01209	0.11493	0.18389	0.30429	0.26268	0.01115	0.00254	0.00315	0.04570	0.00395	0.00363
55	0.01222	0.01039	0.01638	0.26304	0.21183	0.02402	0.10998	0.11883	0.02651	0.08715	0.01013	0.02410	0.00779	0.00503	0.00536	0.00151	0.05182	0.00449	0.00292	0.00647

[dist]
# distance from previous block
# <min> <max>
1	10

[block]
# block no. 4 follows, 55 sequences, length 40
# corresponding to MSA columns:
# 286-325
name=unknown_E
#
# <colnr> <probs for GDERKNQSTAVLIFYWHMCP>
#	G	D	E	R	K	N	Q	S	T	A	V	L	I	F	Y	W	H	M	C	P
0	0.56072	0.03583	0.10341	0.00866	0.04967	0.01056	0.01966	0.04912	0.02742	0.04964	0.00906	0.02693	0.02331	0.00484	0.00350	0.00144	0.00422	0.00335	0.00300	0.00566
1	0.00916	0.00829	0.06367	0.00977	0.06263	0.00801	0.00730	0.13655	0.05195	0.01517	0.01726	0.37844	0.01857	0.04513	0.03632	0.02934	0.08527	0.00833	0.00368	0.00513
2	0.01281	0.31964	0.12420	0.04694	0.05022	0.15665	0.02392	0.04476	0.06995	0.04268	0.03889	0.01071	0.00840	0.00471	0.00395	0.00123	0.00569	0.00349	0.00266	0.02848
3	0.27042	0.01109	0.01089	0.06932	0.03376	0.14402	0.00773	0.03814	0.01071	0.22629	0.01015	0.01093	0.00738	0.00534	0.00539	0.00148	0.11059	0.00360	0.01676	0.00600
4	0.00683	0.00459	0.00573	0.00573	0.00593	0.00479	0.00363	0.00709	0.00689	0.00938	0.01365	0.02630	0.01499	0.58229	0.21592	0.06796	0.00640	0.00613	0.00268	0.00308
5	0.00623	0.00461	0.00589	0.00673	0.00724	0.00450	0.00460	0.00820	0.08078	0.01275	0.04681	0.73704	0.02963	0.01368	0.00582	0.00185	0.00277	0.01237	0.00438	0.00412
6	0.00732	0.00565	0.00648	0.00628	0.00759	0.03047	0.00477	0.04073	0.01227	0.02937	0.41278	0.12613	0.21633	0.01048	0.00552	0.00157	0.00279	0.06433	0.00469	0.00444
7	0.01092	0.00797	0.00895	0.00780	0.01008	0.00835	0.00615	0.15896	0.22993	0.07946	0.22859	0.02643	0.15926	0.00811	0.00509	0.00152	0.00336	0.02818	0.00481	0.00604
8	0.55458	0.00860	0.00831	0.00692	0.01006	0.00910	0.00571	0.01701	0.00992	0.31390	0.01088	0.01063	0.00744	0.00485	0.00355	0.00144	0.00373	0.00332	0.00395	0.00611
9	0.01232	0.80901	0.05367	0.00816	0.01224	0.01813	0.00830	0.01396	0.00947	0.01109	0.00654	0.00755	0.00597	0.00400	0.00304	0.00101	0.00505	0.00252	0.00199	0.00600
10	0.00665	0.00474	0.00616	0.00580	0.00690	0.00439	0.00435	0.00884	0.01306	0.01861	0.78004	0.03420	0.04288	0.00938	0.00542	0.00145	0.00219	0.00828	0.03224	0.00439
11	0.00665	0.00496	0.00738	0.00738	0.00817	0.00576	0.00569	0.00824	0.00745	0.01073	0.01255	0.01877	0.01185	0.06775	0.78551	0.00736	0.01214	0.00506	0.00251	0.00410
12	0.00879	0.00827	0.01395	0.82532	0.03204	0.01034	0.01292	0.01189	0.00930	0.01189	0.00827	0.01240	0.00620	0.00465	0.00465	0.00155	0.00620	0.00413	0.00207	0.00517
13	0.00891	0.00832	0.01398	0.77277	0.06662	0.01025	0.01279	0.01197	0.00937	0.01215	0.00843	0.01246	0.00637	0.00464	0.00462	0.00153	0.00609	0.00414	0.01935	0.00525
14	0.01244	0.83930	0.02438	0.00796	0.01194	0.01841	0.00796	0.01393	0.00945	0.01095	0.00647	0.00746	0.00597	0.00398	0.00299	0.00100	0.00498	0.00249	0.00199	0.00597
15	0.01303	0.04074	0.44493	0.01209	0.01753	0.01066	0.06961	0.10329	0.03857	0.18785	0.01120	0.01165	0.00770	0.00485	0.00455	0.00145	0.00596	0.00397	0.00320	0.00716
16	0.00565	0.00472	0.00493	0.00487	0.00638	0.00399	0.00366	0.00697	0.01097	0.01343	0.15460	0.04335	0.69758	0.01146	0.00550	0.00156	0.00233	0.00962	0.00443	0.00399
17	0.01244	0.83930	0.02438	0.00796	0.01194	0.01841	0.00796	0.01393	0.00945	0.01095	0.00647	0.00746	0.00597	0.00398	0.00299	0.00100	0.00498	0.00249	0.00199	0.00597
18	0.03632	0.01016	0.01363	0.25092	0.09678	0.01118	0.02868	0.29645	0.02602	0.11853	0.01113	0.01306	0.00823	0.03919	0.00539	0.00158	0.00527	0.00434	0.01647	0.00667
19	0.01406	0.01144	0.01263	0.01091	0.04246	0.03184	0.03046	0.35474	0.35643	0.02289	0.01496	0.05168	0.01159	0.00619	0.00476	0.00150	0.00456	0.00507	0.00447	0.00736
20	0.01018	0.01018	0.01425	0.01221	0.01221	0.01425	0.01018	0.01120	0.00712	0.01120	0.00611	0.01018	0.00611	0.00814	0.01527	0.00204	0.82799	0.00407	0.00204	0.00509
21	0.00666	0.00492	0.00714	0.00714	0.00786	0.00563	0.00540	0.00809	0.00738	0.01055	0.01277	0.01997	0.01236	0.14631	0.70765	0.00706	0.01136	0.00523	0.00254	0.00397
22	0.00965	0.00827	0.00965	0.00689	0.01102	0.00620	0.00551	0.01171	0.00965	0.01516	0.00827	0.00965	0.00689	0.00345	0.00345	0.00069	0.00345	0.00276	0.00276	0.86494
23	0.00753	0.00493	0.00618	0.00574	0.00708	0.00448	0.00435	0.00955	0.01257	0.07068	0.58762	0.03374	0.15032	0.00931	0.00528	0.00145	0.00233	0.00809	0.06422	0.00455
24	0.00677	0.00451	0.00507	0.00507	0.00507	0.00451	0.00282	0.00677	0.00677	0.00902	0.01466	0.03044	0.01691	0.83650	0.02368	0.00451	0.00451	0.00677	0.00282	0.00282
25	0.01018	0.01018	0.01425	0.01221	0.01221	0.01425	0.01018	0.01120	0.00712	0.01120	0.00611	0.01018	0.00611	0.00814	0.01527	0.00204	0.82799	0.00407	0.00204	0.00509
26	0.01098	0.01255	0.02745	0.01961	0.02431	0.01176	0.79059	0.01490	0.01098	0.01490	0.00941	0.01255	0.00706	0.00392	0.00549	0.00157	0.00784	0.00549	0.00235	0.00627
27	0.00849	0.00552	0.00727	0.00768	0.00897	0.00538	0.00628	0.01093	0.05636	0.09040	0.08564	0.19126	0.07416	0.01167	0.00589	0.00189	0.00361	0.39533	0.01857	0.00470
28	0.00997	0.19084	0.65119	0.01218	0.01846	0.01236	0.01530	0.01457	0.00975	0.01396	0.00796	0.00934	0.00591	0.00433	0.00413	0.00138	0.00649	0.00324	0.00197	0.00669
29	0.71051	0.00869	0.00738	0.00640	0.00934	0.00969	0.00527	0.01500	0.00882	0.14458	0.00860	0.00915	0.00626	0.00458	0.00317	0.00143	0.00361	0.00291	0.02914	0.00547
30	0.01124	0.00576	0.00761	0.00665	0.00849	0.00518	0.00514	0.01310	0.01257	0.27792	0.43686	0.06159	0.04919	0.05587	0.00630	0.00166	0.00297	0.02134	0.00513	0.00542
31	0.00922	0.00811	0.01306	0.64597	0.03898	0.00988	0.01173	0.03096	0.02634	0.03069	0.01022	0.03366	0.00841	0.00612	0.02197	0.00171	0.02573	0.04550	0.01648	0.00526
32	0.00670	0.00505	0.00616	0.00648	0.00741	0.00487	0.00464	0.03675	0.06430	0.01458	0.19135	0.45173	0.14557	0.01219	0.00566	0.00172	0.00272	0.02326	0.00453	0.00433
33	0.00730	0.00472	0.00631	0.01957	0.01904	0.00473	0.02017	0.00716	0.00726	0.00987	0.05448	0.05719	0.01568	0.45016	0.04357	0.23979	0.00450	0.00615	0.01937	0.00297
34	0.01410	0.16741	0.05708	0.02823	0.08413	0.02660	0.00901	0.23220	0.15386	0.10357	0.02404	0.02558	0.00969	0.00540	0.00450	0.00136	0.01746	0.00422	0.00376	0.02782
35	0.01158	0.06396	0.04822	0.28880	0.14512	0.03249	0.06209	0.07231	0.01093	0.07489	0.00927	0.01163	0.00709	0.00470	0.00495	0.00139	0.04546	0.00398	0.01682	0.08433
36	0.01232	0.13348	0.10348	0.01147	0.02585	0.07801	0.08033	0.06355	0.09471	0.06931	0.00966	0.01121	0.00769	0.00622	0.02636	0.00161	0.19344	0.00392	0.00285	0.06453
37	0.02919	0.15202	0.32116	0.03916	0.14268	0.02502	0.09335	0.01508	0.03776	0.05182	0.00894	0.01054	0.00683	0.00446	0.00456	0.00139	0.02583	0.00372	0.00239	0.02410
38	0.00746	0.02315	0.03112	0.00710	0.02444	0.00531	0.00519	0.04447	0.01008	0.03031	0.14005	0.36307	0.09444	0.05148	0.03864	0.08052	0.00356	0.00916	0.00393	0.02651
39	0.03182	0.05144	0.09744	0.02070	0.02653	0.04157	0.00645	0.02114	0.00872	0.04666	0.01206	0.05429	0.01220	0.35842	0.01294	0.00265	0.04501	0.00522	0.01869	0.12604

[dist]
# distance from previous block
# <min> <max>
2	56

[block]
# block no. 5 follows, 55 sequences, length 13
# corresponding to MSA columns:
# 382-394
name=unknown_F
#
# <colnr> <probs for GDERKNQSTAVLIFYWHMCP>
#	G	D	E	R	K	N	Q	S	T	A	V	L	I	F	Y	W	H	M	C	P
0	0.00800	0.00506	0.00647	0.00653	0.00775	0.00471	0.00499	0.00987	0.02682	0.09543	0.25611	0.24253	0.12680	0.01098	0.00554	0.00167	0.00287	0.12719	0.04608	0.00457
1	0.02631	0.07672	0.39513	0.01081	0.01574	0.01026	0.02605	0.07114	0.05161	0.17901	0.03151	0.03650	0.03777	0.00550	0.00450	0.00145	0.00543	0.00441	0.00332	0.00683
2	0.02229	0.01006	0.09784	0.03013	0.06378	0.00916	0.07243	0.09096	0.02832	0.12263	0.01481	0.03103	0.06367	0.13933	0.03701	0.00227	0.11075	0.04446	0.00335	0.00571
3	0.01211	0.28837	0.18341	0.01149	0.01504	0.13321	0.06817	0.03913	0.01010	0.01272	0.00725	0.00915	0.00613	0.00511	0.00628	0.00140	0.17941	0.00337	0.00217	0.00597
4	0.00584	0.00417	0.00559	0.00667	0.00702	0.00393	0.00462	0.00677	0.00908	0.01207	0.02555	0.76057	0.03040	0.01441	0.00598	0.00191	0.00285	0.08444	0.00432	0.00383
5	0.01145	0.01123	0.01987	0.02752	0.71714	0.01114	0.10383	0.01435	0.01064	0.01516	0.00883	0.01163	0.00733	0.00412	0.00471	0.00140	0.00579	0.00430	0.00231	0.00724
6	0.01233	0.02548	0.03848	0.18453	0.17264	0.08622	0.10998	0.06653	0.07165	0.08573	0.01061	0.03028	0.00833	0.00571	0.01970	0.00160	0.05642	0.00450	0.00293	0.00636
7	0.01088	0.00825	0.00907	0.00808	0.01015	0.00910	0.00629	0.14595	0.31788	0.03153	0.10257	0.07977	0.05305	0.02744	0.00549	0.00158	0.02575	0.01835	0.12273	0.00609
8	0.00574	0.00422	0.00538	0.00615	0.00670	0.00386	0.00421	0.00675	0.00960	0.01268	0.10970	0.63289	0.14778	0.01363	0.00583	0.00180	0.00260	0.01222	0.00440	0.00386
9	0.00986	0.01514	0.32209	0.01104	0.03396	0.07001	0.04378	0.05020	0.11503	0.01597	0.12144	0.01925	0.09317	0.00725	0.02782	0.00166	0.00550	0.02750	0.00325	0.00608
10	0.30145	0.12581	0.03153	0.06937	0.07115	0.08887	0.00767	0.07804	0.03851	0.02834	0.00991	0.08598	0.00893	0.03093	0.00447	0.00150	0.00474	0.00421	0.00297	0.00561
11	0.00643	0.00584	0.06474	0.00709	0.00815	0.00464	0.00572	0.00797	0.00966	0.01309	0.06487	0.50383	0.08146	0.01266	0.00574	0.00182	0.00321	0.14527	0.04367	0.00416
12	0.01172	0.00638	0.00800	0.00705	0.00912	0.00605	0.00562	0.03698	0.07832	0.25166	0.28489	0.02796	0.08311	0.00816	0.00506	0.00150	0.00313	0.07994	0.07959	0.00573

[dist]
# distance from previous block
# <min> <max>
5	57

[block]
# block no. 6 follows, 55 sequences, length 25
# corresponding to MSA columns:
# 460-484
name=unknown_G
#
# <colnr> <probs for GDERKNQSTAVLIFYWHMCP>
#	G	D	E	R	K	N	Q	S	T	A	V	L	I	F	Y	W	H	M	C	P
0	0.06840	0.21809	0.13816	0.04207	0.03055	0.05492	0.04967	0.02573	0.02144	0.05172	0.00840	0.00965	0.00667	0.00413	0.00376	0.00112	0.00506	0.00316	0.00257	0.25475
1	0.00676	0.00483	0.00596	0.00616	0.00719	0.00451	0.00445	0.00858	0.04384	0.04683	0.20664	0.35478	0.21825	0.01300	0.04421	0.00195	0.00306	0.01023	0.00449	0.00429
2	0.01016	0.05378	0.25077	0.18119	0.14963	0.01110	0.18291	0.01418	0.03077	0.01423	0.00881	0.01129	0.00672	0.00429	0.00462	0.00143	0.00638	0.00411	0.00224	0.05138
3	0.00753	0.00561	0.00728	0.00740	0.02181	0.00583	0.00572	0.02329	0.05428	0.01510	0.23483	0.05092	0.10685	0.01430	0.14386	0.02174	0.03779	0.16373	0.06761	0.00451
4	0.00900	0.00849	0.01435	0.76179	0.09387	0.01039	0.01303	0.01208	0.00941	0.01215	0.00831	0.01233	0.00629	0.00461	0.00465	0.00154	0.00615	0.00414	0.00209	0.00534
5	0.00808	0.00404	0.00606	0.00606	0.00606	0.00404	0.00404	0.00606	0.00606	0.00808	0.00808	0.01414	0.00808	0.01616	0.01818	0.86465	0.00404	0.00404	0.00202	0.00202
6	0.00758	0.00626	0.00688	0.00644	0.00787	0.04459	0.00487	0.01098	0.11298	0.01751	0.55516	0.03273	0.14990	0.00921	0.00533	0.00148	0.00271	0.00796	0.00482	0.00475
7	0.01139	0.31777	0.33445	0.01088	0.03147	0.09269	0.01166	0.03475	0.01022	0.01323	0.00784	0.00933	0.00636	0.00587	0.04632	0.00155	0.00641	0.00314	0.00215	0.04251
8	0.03084	0.06999	0.01148	0.00839	0.01151	0.00880	0.03433	0.04705	0.16986	0.41376	0.01637	0.01531	0.01130	0.00559	0.00436	0.00139	0.00390	0.00456	0.12415	0.00706
9	0.00789	0.04678	0.07622	0.00807	0.00971	0.00739	0.00689	0.05047	0.03477	0.01228	0.01212	0.01743	0.01111	0.08004	0.59029	0.00596	0.01045	0.00482	0.00263	0.00469
10	0.00677	0.00451	0.00507	0.00507	0.00507	0.00451	0.00282	0.00677	0.00677	0.00902	0.01466	0.03044	0.01691	0.83650	0.02368	0.00451	0.00451	0.00677	0.00282	0.00282
11	0.00965	0.00827	0.00965	0.00689	0.01102	0.00620	0.00551	0.01171	0.00965	0.01516	0.00827	0.00965	0.00689	0.00345	0.00345	0.00069	0.00345	0.00276	0.00276	0.86494
12	0.00697	0.00463	0.00541	0.00535	0.00535	0.00474	0.00312	0.00683	0.00672	0.00900	0.01389	0.02856	0.01590	0.74683	0.02300	0.07469	0.02702	0.00647	0.00273	0.00282
13	0.01157	0.00999	0.01052	0.00947	0.01210	0.01157	0.00736	0.02472	0.79908	0.01946	0.01893	0.01736	0.01420	0.00631	0.00473	0.00158	0.00368	0.00526	0.00473	0.00736
14	0.01260	0.01149	0.01488	0.05473	0.01500	0.07201	0.09641	0.19717	0.03812	0.03815	0.00923	0.02410	0.00769	0.00788	0.04765	0.00197	0.33753	0.00442	0.00297	0.00600
15	0.00967	0.00837	0.00989	0.00717	0.01109	0.00662	0.00576	0.01169	0.00951	0.01495	0.00816	0.00967	0.00685	0.00369	0.00406	0.00076	0.04663	0.00283	0.00272	0.81991
16	0.01768	0.01303	0.01396	0.01070	0.01443	0.01443	0.00884	0.79197	0.02187	0.02932	0.01117	0.01117	0.00791	0.00558	0.00465	0.00140	0.00512	0.00419	0.00465	0.00791
17	0.00739	0.00428	0.00580	0.00586	0.00594	0.00433	0.00378	0.00651	0.00657	0.00882	0.01162	0.06300	0.01260	0.30000	0.08442	0.45373	0.00482	0.00554	0.00245	0.00256
18	0.00942	0.02346	0.77142	0.01359	0.02035	0.01085	0.05756	0.01474	0.00988	0.01474	0.00840	0.00996	0.00595	0.00439	0.00448	0.00148	0.00693	0.00354	0.00198	0.00684
19	0.00589	0.00425	0.00561	0.00652	0.00699	0.00397	0.00456	0.00693	0.00947	0.01260	0.08538	0.66786	0.06896	0.01391	0.00592	0.00186	0.00278	0.07830	0.00438	0.00388
20	0.00933	0.02406	0.81240	0.01326	0.02014	0.01080	0.01719	0.01473	0.00982	0.01473	0.00835	0.00982	0.00589	0.00442	0.00442	0.00147	0.00688	0.00344	0.00196	0.00688
21	0.00602	0.00473	0.00544	0.00526	0.00660	0.00415	0.00395	0.00769	0.01184	0.01550	0.41244	0.03994	0.43845	0.01069	0.00549	0.00152	0.00228	0.00914	0.00471	0.00415
22	0.00801	0.02820	0.00841	0.00922	0.09967	0.05444	0.00578	0.00876	0.00815	0.01078	0.01411	0.17317	0.01522	0.22906	0.20476	0.10246	0.00637	0.00661	0.00283	0.00399
23	0.00730	0.00485	0.00647	0.00637	0.00667	0.00527	0.00436	0.00760	0.02544	0.00961	0.01214	0.02174	0.01268	0.34637	0.25031	0.22644	0.03523	0.00542	0.00254	0.00318
24	0.03525	0.05302	0.09109	0.13534	0.15572	0.12758	0.27942	0.01484	0.01069	0.02566	0.00857	0.01114	0.00667	0.00435	0.00491	0.00145	0.02154	0.00426	0.00232	0.00618

[dist]
# distance from previous block
# <min> <max>
0	15

[block]
# block no. 7 follows, 55 sequences, length 22
# corresponding to MSA columns:
# 500-521
name=unknown_H
#
# <colnr> <probs for GDERKNQSTAVLIFYWHMCP>
#	G	D	E	R	K	N	Q	S	T	A	V	L	I	F	Y	W	H	M	C	P
0	0.50276	0.14926	0.08059	0.00855	0.03405	0.13167	0.00742	0.01455	0.00919	0.01713	0.00681	0.00797	0.00547	0.00434	0.00327	0.00133	0.00488	0.00271	0.00257	0.00547
1	0.01181	0.27240	0.25495	0.03809	0.18726	0.06178	0.04350	0.02995	0.01045	0.03748	0.00818	0.00976	0.00650	0.00430	0.00406	0.00129	0.00598	0.00342	0.00226	0.00659
2	0.00808	0.00404	0.00606	0.00606	0.00606	0.00404	0.00404	0.00606	0.00606	0.00808	0.00808	0.01414	0.00808	0.01616	0.01818	0.86465	0.00404	0.00404	0.00202	0.00202
3	0.00589	0.00435	0.00555	0.00641	0.00696	0.00406	0.00445	0.00712	0.02626	0.01242	0.04944	0.65256	0.12931	0.01381	0.00587	0.00184	0.00275	0.05267	0.00435	0.00392
4	0.00933	0.02406	0.81240	0.01326	0.02014	0.01080	0.01719	0.01473	0.00982	0.01473	0.00835	0.00982	0.00589	0.00442	0.00442	0.00147	0.00688	0.00344	0.00196	0.00688
5	0.00629	0.00470	0.00570	0.00567	0.00684	0.00425	0.00427	0.00805	0.01175	0.01585	0.42936	0.10618	0.27744	0.01071	0.00551	0.00156	0.00241	0.05602	0.03324	0.00419
6	0.00593	0.00409	0.00531	0.00627	0.00659	0.00385	0.00419	0.00682	0.00890	0.01219	0.02449	0.74514	0.02889	0.04144	0.00633	0.00192	0.00272	0.01234	0.06883	0.00379
7	0.86937	0.00900	0.00684	0.00612	0.00900	0.01044	0.00504	0.01368	0.00792	0.02087	0.00648	0.00756	0.00504	0.00432	0.00288	0.00144	0.00360	0.00252	0.00288	0.00504
8	0.00977	0.00540	0.00551	0.00511	0.00652	0.00557	0.00393	0.10624	0.01124	0.01881	0.01469	0.01659	0.01143	0.00544	0.00342	0.00112	0.00253	0.00432	0.75758	0.00477
9	0.86937	0.00900	0.00684	0.00612	0.00900	0.01044	0.00504	0.01368	0.00792	0.02087	0.00648	0.00756	0.00504	0.00432	0.00288	0.00144	0.00360	0.00252	0.00288	0.00504
10	0.00614	0.00471	0.00562	0.00545	0.00669	0.00419	0.00407	0.00790	0.01203	0.01610	0.49003	0.07204	0.32701	0.01057	0.00551	0.00152	0.00228	0.00914	0.00479	0.00419
11	0.00744	0.00576	0.00692	0.00698	0.00840	0.00570	0.00556	0.02807	0.11647	0.01578	0.23007	0.08584	0.21866	0.01080	0.00567	0.00172	0.00312	0.22780	0.00458	0.00469
12	0.01036	0.03030	0.30334	0.24033	0.11546	0.05338	0.13505	0.03162	0.01039	0.01411	0.00851	0.01107	0.00638	0.00441	0.00464	0.00147	0.00669	0.00401	0.00218	0.00630
13	0.01112	0.01301	0.04865	0.03307	0.02273	0.05154	0.64542	0.01472	0.01078	0.01449	0.00904	0.01203	0.00690	0.00419	0.00581	0.00154	0.04998	0.00511	0.00234	0.03755
14	0.01133	0.15688	0.32234	0.05162	0.08081	0.06664	0.11102	0.01482	0.01035	0.05486	0.02451	0.01074	0.00728	0.00452	0.00458	0.00137	0.02555	0.00375	0.00237	0.03467
15	0.00611	0.00493	0.00549	0.00565	0.00691	0.00451	0.00412	0.00820	0.06880	0.01358	0.12416	0.24772	0.45940	0.01185	0.00556	0.00164	0.00253	0.01021	0.00444	0.00419
16	0.00630	0.00432	0.00574	0.00652	0.00697	0.00410	0.00450	0.00727	0.00920	0.03164	0.07769	0.63850	0.02938	0.06799	0.03817	0.00225	0.00326	0.04807	0.00424	0.00390
17	0.01075	0.12696	0.07016	0.09295	0.09729	0.11661	0.07364	0.02396	0.05257	0.03717	0.01691	0.07864	0.14540	0.00705	0.01713	0.00153	0.01706	0.00556	0.00299	0.00565
18	0.01351	0.05284	0.05810	0.20718	0.07068	0.24884	0.07464	0.12428	0.01267	0.04404	0.00948	0.01249	0.00758	0.00508	0.00457	0.00141	0.00660	0.03716	0.00279	0.00604
19	0.05036	0.00994	0.01148	0.00895	0.01244	0.04389	0.00734	0.24285	0.01549	0.49894	0.01624	0.01474	0.03382	0.00579	0.00461	0.00142	0.00442	0.00454	0.00515	0.00758
20	0.71656	0.10986	0.00950	0.00718	0.03362	0.03343	0.00578	0.01386	0.00833	0.01924	0.00656	0.00769	0.00525	0.00429	0.00298	0.00138	0.00395	0.00258	0.00274	0.00523
21	0.01129	0.00730	0.00985	0.03261	0.07362	0.03350	0.04237	0.01349	0.02525	0.21937	0.24143	0.04160	0.13405	0.00890	0.03924	0.00172	0.00407	0.02447	0.00442	0.03144

[dist]
# distance from previous block
# <min> <max>
0	2

[block]
# block no. 8 follows, 55 sequences, length 42
# corresponding to MSA columns:
# 524-565
name=unknown_I
#
# <colnr> <probs for GDERKNQSTAVLIFYWHMCP>
#	G	D	E	R	K	N	Q	S	T	A	V	L	I	F	Y	W	H	M	C	P
0	0.13737	0.02479	0.05981	0.00950	0.01289	0.04428	0.08008	0.10908	0.08380	0.04483	0.03524	0.01282	0.00929	0.00507	0.00465	0.00129	0.04452	0.02331	0.03562	0.22178
1	0.01321	0.36977	0.11226	0.01099	0.04101	0.23430	0.04629	0.03808	0.02620	0.01248	0.00778	0.00957	0.00670	0.03561	0.00470	0.00132	0.01829	0.00322	0.00229	0.00593
2	0.01166	0.01135	0.01703	0.15365	0.31892	0.07052	0.11391	0.08828	0.03051	0.01538	0.00960	0.04020	0.00804	0.00514	0.00558	0.00149	0.07126	0.00458	0.01649	0.00641
3	0.00664	0.00513	0.00602	0.00590	0.00719	0.00478	0.00441	0.03490	0.04125	0.01566	0.33562	0.15079	0.31635	0.01127	0.01854	0.00167	0.00268	0.02222	0.00463	0.00436
4	0.67979	0.00889	0.00781	0.00666	0.00971	0.00983	0.00549	0.03605	0.00935	0.17658	0.00894	0.00928	0.00639	0.00464	0.00328	0.00144	0.00371	0.00299	0.00349	0.00568
5	0.00789	0.00417	0.00625	0.00625	0.00636	0.00428	0.00428	0.00636	0.00625	0.00845	0.00867	0.01470	0.00856	0.01869	0.12596	0.74915	0.00517	0.00417	0.00208	0.00231
6	0.02087	0.00792	0.01080	0.00828	0.01188	0.00684	0.00684	0.02267	0.01332	0.81071	0.01835	0.01583	0.01152	0.00576	0.00468	0.00144	0.00396	0.00468	0.00576	0.00792
7	0.00677	0.00451	0.00507	0.00507	0.00507	0.00451	0.00282	0.00677	0.00677	0.00902	0.01466	0.03044	0.01691	0.83650	0.02368	0.00451	0.00451	0.00677	0.00282	0.00282
8	0.86937	0.00900	0.00684	0.00612	0.00900	0.01044	0.00504	0.01368	0.00792	0.02087	0.00648	0.00756	0.00504	0.00432	0.00288	0.00144	0.00360	0.00252	0.00288	0.00504
9	0.00567	0.00427	0.00525	0.00596	0.00663	0.00385	0.00411	0.00665	0.00959	0.01241	0.07067	0.57678	0.24421	0.01355	0.00579	0.00178	0.00258	0.01205	0.00436	0.00385
10	0.86937	0.00900	0.00684	0.00612	0.00900	0.01044	0.00504	0.01368	0.00792	0.02087	0.00648	0.00756	0.00504	0.00432	0.00288	0.00144	0.00360	0.00252	0.00288	0.00504
11	0.00566	0.00407	0.00538	0.00643	0.00674	0.00378	0.00430	0.00648	0.00895	0.01189	0.02621	0.81247	0.05140	0.01450	0.00593	0.00188	0.00269	0.01313	0.00432	0.00378
12	0.00986	0.16416	0.67699	0.01235	0.01873	0.01211	0.01560	0.01460	0.00976	0.01408	0.00803	0.00942	0.00591	0.00434	0.00417	0.00139	0.00655	0.00327	0.00197	0.00672
13	0.00879	0.00827	0.01395	0.82532	0.03204	0.01034	0.01292	0.01189	0.00930	0.01189	0.00827	0.01240	0.00620	0.00465	0.00465	0.00155	0.00620	0.00413	0.00207	0.00517
14	0.00568	0.00427	0.00518	0.00587	0.00655	0.00385	0.00403	0.00654	0.00936	0.01197	0.03206	0.54462	0.28220	0.02838	0.00638	0.02060	0.00265	0.01180	0.00424	0.00377
15	0.02075	0.00811	0.01091	0.00837	0.01197	0.00712	0.00691	0.05151	0.01364	0.78142	0.01808	0.01566	0.01138	0.00575	0.00468	0.00144	0.00400	0.00466	0.00572	0.00792
16	0.00750	0.00535	0.00750	0.00857	0.00964	0.00535	0.00750	0.00964	0.01071	0.01392	0.02463	0.05248	0.02677	0.01285	0.00643	0.00214	0.00428	0.77617	0.00428	0.00428
17	0.00765	0.00576	0.00821	0.09693	0.05329	0.00556	0.03307	0.00947	0.01081	0.05515	0.22798	0.23167	0.17585	0.00979	0.00532	0.00157	0.00327	0.00869	0.03244	0.01752
18	0.00592	0.00436	0.00612	0.00692	0.00737	0.00408	0.02628	0.00691	0.00915	0.01222	0.04481	0.75667	0.03027	0.01408	0.00594	0.00188	0.00290	0.04597	0.00428	0.00389
19	0.00672	0.00468	0.00593	0.00593	0.00623	0.00497	0.00389	0.00731	0.00702	0.00965	0.01388	0.02611	0.01503	0.55106	0.30655	0.00557	0.00734	0.00613	0.00270	0.00329
20	0.13334	0.24584	0.13733	0.02494	0.05617	0.13289	0.04331	0.12474	0.01166	0.01599	0.00779	0.00908	0.00623	0.00457	0.00416	0.00130	0.02861	0.00324	0.00258	0.00621
21	0.00554	0.00471	0.00476	0.00475	0.00631	0.00394	0.00356	0.00675	0.01069	0.01277	0.07288	0.04443	0.77971	0.01170	0.00550	0.00157	0.00235	0.00977	0.00435	0.00394
22	0.01013	0.00855	0.00991	0.00712	0.01123	0.00670	0.00571	0.05861	0.01038	0.01601	0.00844	0.00974	0.00695	0.00357	0.00352	0.00073	0.00355	0.00284	0.00287	0.81343
23	0.01244	0.83930	0.02438	0.00796	0.01194	0.01841	0.00796	0.01393	0.00945	0.01095	0.00647	0.00746	0.00597	0.00398	0.00299	0.00100	0.00498	0.00249	0.00199	0.00597
24	0.00553	0.00471	0.00475	0.00474	0.00630	0.00394	0.00356	0.00673	0.01067	0.01272	0.06631	0.04452	0.78632	0.01172	0.00550	0.00157	0.00235	0.00978	0.00434	0.00394
25	0.00879	0.00827	0.01395	0.82532	0.03204	0.01034	0.01292	0.01189	0.00930	0.01189	0.00827	0.01240	0.00620	0.00465	0.00465	0.00155	0.00620	0.00413	0.00207	0.00517
26	0.00572	0.00412	0.00545	0.00643	0.00676	0.00388	0.00432	0.00656	0.00887	0.01180	0.02566	0.75883	0.05666	0.03219	0.03687	0.00214	0.00309	0.01266	0.00422	0.00378
27	0.00671	0.00452	0.00526	0.00542	0.00551	0.00450	0.00325	0.00692	0.00721	0.00959	0.01628	0.10374	0.01878	0.71055	0.02099	0.00412	0.00433	0.05626	0.00305	0.00300
28	0.00808	0.00404	0.00606	0.00606	0.00606	0.00404	0.00404	0.00606	0.00606	0.00808	0.00808	0.01414	0.00808	0.01616	0.01818	0.86465	0.00404	0.00404	0.00202	0.00202
29	0.01675	0.01242	0.01327	0.01035	0.01387	0.01378	0.00850	0.68711	0.09965	0.02790	0.01209	0.01201	0.00869	0.00565	0.00461	0.00140	0.00487	0.00430	0.03503	0.00773
30	0.01169	0.04091	0.14138	0.11295	0.19868	0.10012	0.07039	0.07152	0.14079	0.01572	0.01096	0.04495	0.00888	0.00518	0.00463	0.00145	0.00585	0.00450	0.00287	0.00658
31	0.01244	0.83930	0.02438	0.00796	0.01194	0.01841	0.00796	0.01393	0.00945	0.01095	0.00647	0.00746	0.00597	0.00398	0.00299	0.00100	0.00498	0.00249	0.00199	0.00597
