[name]
unknown

[dist]
# distance from previous block
# <min> <max>
0	500

[block]
# block no. 0 follows, 63 sequences, length 19
# corresponding to MSA columns:
# 538-556
name=unknown_A
#
# <colnr> <probs for GDERKNQSTAVLIFYWHMCP>
#	G	D	E	R	K	N	Q	S	T	A	V	L	I	F	Y	W	H	M	C	P
0	0.07589	0.00773	0.00960	0.08612	0.04046	0.02537	0.03418	0.15787	0.03035	0.09438	0.02809	0.15929	0.07552	0.06632	0.00627	0.00160	0.06621	0.00574	0.00337	0.02562
1	0.07161	0.00754	0.02086	0.05642	0.01088	0.02241	0.06667	0.12430	0.06913	0.11342	0.03492	0.11552	0.03342	0.14391	0.05512	0.00211	0.00445	0.00545	0.01489	0.02698
2	0.07416	0.00886	0.01152	0.05478	0.01281	0.00939	0.09782	0.25738	0.09960	0.13769	0.01284	0.07907	0.02335	0.02662	0.03141	0.00160	0.01984	0.01286	0.00367	0.02470
3	0.02054	0.03616	0.00986	0.04757	0.01102	0.04359	0.03364	0.18503	0.10728	0.15249	0.04855	0.08840	0.08014	0.01509	0.01745	0.00141	0.00390	0.00520	0.06650	0.02617
4	0.00912	0.00714	0.00817	0.07321	0.01024	0.08730	0.03600	0.04305	0.08544	0.09719	0.05407	0.30963	0.05008	0.06985	0.00620	0.02270	0.00377	0.00727	0.01504	0.00452
5	0.06978	0.00859	0.01304	0.15067	0.06636	0.00906	0.15421	0.10787	0.07412	0.12641	0.03583	0.05583	0.02045	0.00609	0.03341	0.00155	0.03278	0.00462	0.00314	0.02619
6	0.00844	0.03304	0.01233	0.69159	0.02547	0.00938	0.01066	0.06618	0.00948	0.01230	0.07359	0.01263	0.00846	0.00460	0.00422	0.00137	0.00521	0.00401	0.00225	0.00481
7	0.00738	0.00573	0.00746	0.04668	0.00865	0.02832	0.04867	0.07020	0.00858	0.01175	0.01498	0.29037	0.01616	0.19774	0.09401	0.02178	0.03299	0.00709	0.07764	0.00382
8	0.04046	0.00799	0.03016	0.01001	0.09071	0.05049	0.10975	0.01252	0.04855	0.16955	0.04604	0.18213	0.06619	0.05309	0.00540	0.00150	0.00404	0.00608	0.00344	0.06191
9	0.05757	0.01315	0.01217	0.00969	0.01279	0.16759	0.00785	0.62395	0.01768	0.02308	0.00921	0.00946	0.00670	0.00486	0.00405	0.00123	0.00512	0.00351	0.00374	0.00660
10	0.01134	0.00885	0.00959	0.00834	0.01078	0.00994	0.00656	0.12381	0.58945	0.07311	0.08704	0.01624	0.01429	0.00584	0.00432	0.00139	0.00339	0.00484	0.00436	0.00652
11	0.00520	0.00369	0.00485	0.00575	0.00598	0.00347	0.00380	0.00587	0.00790	0.01053	0.02239	0.78469	0.02682	0.07934	0.00663	0.00189	0.00257	0.01149	0.00380	0.00335
12	0.00925	0.00509	0.00665	0.00587	0.00747	0.00461	0.00454	0.01123	0.02731	0.22384	0.52695	0.05823	0.07604	0.00796	0.00477	0.00134	0.00244	0.00692	0.00470	0.00479
13	0.00550	0.00407	0.00503	0.00524	0.00596	0.00376	0.00368	0.00666	0.00936	0.01253	0.28592	0.29637	0.19306	0.10336	0.03834	0.00197	0.00274	0.00899	0.00393	0.00354
14	0.03227	0.00547	0.00720	0.00640	0.00824	0.00490	0.00492	0.01295	0.01055	0.37985	0.15571	0.27497	0.06195	0.00847	0.00470	0.00144	0.00288	0.00736	0.00458	0.00522
15	0.00849	0.02134	0.79910	0.01221	0.01834	0.00980	0.04651	0.01332	0.00892	0.01332	0.00758	0.00897	0.00537	0.00398	0.00403	0.00133	0.00625	0.00318	0.00179	0.00619
16	0.05072	0.00910	0.01398	0.01150	0.01238	0.01171	0.13850	0.01055	0.00706	0.01105	0.00650	0.01004	0.00603	0.00859	0.08021	0.00215	0.59938	0.00389	0.00196	0.00470
17	0.01194	0.10241	0.08374	0.14026	0.11851	0.20099	0.06360	0.05512	0.04686	0.08282	0.04753	0.01098	0.00814	0.00445	0.00402	0.00123	0.00552	0.00365	0.00261	0.00564
18	0.14035	0.18474	0.04796	0.03725	0.01328	0.31484	0.07736	0.08133	0.02814	0.02814	0.00723	0.00831	0.00577	0.00414	0.00357	0.00115	0.00575	0.00296	0.00240	0.00532

[dist]
# distance from previous block
# <min> <max>
0	1

[block]
# block no. 1 follows, 63 sequences, length 18
# corresponding to MSA columns:
# 558-575
name=unknown_B
#
# <colnr> <probs for GDERKNQSTAVLIFYWHMCP>
#	G	D	E	R	K	N	Q	S	T	A	V	L	I	F	Y	W	H	M	C	P
0	0.52333	0.06572	0.20536	0.00770	0.01125	0.02750	0.02089	0.04515	0.01900	0.01695	0.02044	0.00807	0.00565	0.00406	0.00313	0.00128	0.00423	0.00271	0.00246	0.00515
1	0.02971	0.04408	0.01375	0.01565	0.34147	0.05885	0.04406	0.11951	0.10281	0.05292	0.05878	0.01311	0.00992	0.05792	0.00538	0.00145	0.01747	0.00417	0.00294	0.00605
2	0.00548	0.00410	0.00503	0.00531	0.00608	0.00369	0.00371	0.00655	0.00914	0.01219	0.21034	0.40257	0.19600	0.07182	0.00627	0.00169	0.00241	0.00955	0.00392	0.03415
3	0.01260	0.02681	0.04126	0.01204	0.13430	0.16589	0.07524	0.10490	0.13641	0.13153	0.06574	0.04175	0.02209	0.00524	0.00426	0.00129	0.00487	0.00444	0.00336	0.00599
4	0.01010	0.00826	0.02424	0.00737	0.02230	0.00706	0.00595	0.10368	0.02711	0.05688	0.00874	0.01024	0.00707	0.00394	0.00395	0.00086	0.04652	0.01883	0.01555	0.61134
5	0.07732	0.00741	0.00958	0.00769	0.01029	0.00716	0.08480	0.14276	0.02919	0.23522	0.06125	0.05408	0.22099	0.00677	0.00442	0.00134	0.00355	0.00573	0.00404	0.02639
6	0.01317	0.01038	0.01104	0.00910	0.01197	0.01173	0.00731	0.41082	0.42553	0.02197	0.01366	0.01293	0.01004	0.00538	0.00424	0.00135	0.00397	0.00428	0.00424	0.00690
7	0.00569	0.00401	0.00549	0.00597	0.00644	0.00379	0.02299	0.00651	0.00815	0.02107	0.06812	0.61166	0.04639	0.06940	0.04033	0.03288	0.00303	0.01018	0.02443	0.00346
8	0.03138	0.01398	0.01183	0.00972	0.01252	0.30870	0.00773	0.37359	0.01504	0.09738	0.00908	0.00945	0.00670	0.00479	0.00434	0.00120	0.03615	0.00336	0.00339	0.03969
9	0.01622	0.00801	0.00989	0.00789	0.01088	0.00784	0.00642	0.11662	0.18524	0.52683	0.04697	0.01475	0.01165	0.00542	0.00426	0.00132	0.00359	0.00442	0.00486	0.00692
10	0.00578	0.00423	0.00503	0.00504	0.00610	0.00376	0.00368	0.00709	0.01008	0.03759	0.30832	0.20004	0.35003	0.02737	0.00536	0.00149	0.00222	0.00886	0.00417	0.00375
11	0.04685	0.01064	0.08529	0.03855	0.03202	0.05500	0.00777	0.09049	0.44554	0.09040	0.04299	0.01391	0.01123	0.00530	0.00417	0.00136	0.00403	0.00430	0.00382	0.00635
12	0.01886	0.00715	0.00976	0.00748	0.01073	0.00618	0.00618	0.02049	0.01203	0.82895	0.01658	0.01431	0.01041	0.00520	0.00423	0.00130	0.00358	0.00423	0.00520	0.00715
13	0.05499	0.00719	0.00961	0.00740	0.01062	0.00631	0.00611	0.02015	0.01183	0.79504	0.01614	0.01400	0.01016	0.00515	0.00416	0.00130	0.00356	0.00415	0.00509	0.00705
14	0.03641	0.01094	0.04743	0.01729	0.34430	0.04525	0.14634	0.12406	0.11787	0.02756	0.00985	0.02529	0.00779	0.00438	0.00426	0.00131	0.00508	0.00413	0.01415	0.00632
15	0.01066	0.00934	0.01562	0.15104	0.35996	0.01907	0.14081	0.05292	0.02451	0.07486	0.00917	0.01158	0.00718	0.02010	0.00485	0.00136	0.03031	0.00404	0.04668	0.00594
16	0.00543	0.00410	0.00494	0.00538	0.00608	0.00380	0.00373	0.00673	0.03715	0.01165	0.11695	0.45979	0.23890	0.06746	0.00624	0.00174	0.00245	0.01001	0.00391	0.00357
17	0.70975	0.02419	0.00700	0.00583	0.00852	0.00922	0.00481	0.05327	0.00816	0.05023	0.00685	0.00770	0.00524	0.00400	0.00279	0.00124	0.00331	0.00250	0.03353	0.05187

[dist]
# distance from previous block
# <min> <max>
1	16

[block]
# block no. 2 follows, 63 sequences, length 12
# corresponding to MSA columns:
# 592-603
name=unknown_C
#
# <colnr> <probs for GDERKNQSTAVLIFYWHMCP>
#	G	D	E	R	K	N	Q	S	T	A	V	L	I	F	Y	W	H	M	C	P
0	0.00572	0.00447	0.00521	0.00504	0.00624	0.00406	0.00377	0.00772	0.04690	0.01439	0.43591	0.07068	0.35558	0.00950	0.00495	0.00138	0.00212	0.00818	0.00429	0.00389
1	0.01176	0.03875	0.09674	0.00927	0.01195	0.01116	0.00812	0.28265	0.23959	0.03660	0.04970	0.01304	0.01017	0.03664	0.00617	0.00149	0.12230	0.00420	0.00354	0.00618
2	0.14350	0.00562	0.00658	0.00583	0.00768	0.00541	0.00458	0.01249	0.01022	0.25960	0.20701	0.09733	0.03250	0.00674	0.00408	0.00130	0.00274	0.02335	0.15850	0.00494
3	0.00533	0.00379	0.00477	0.00547	0.00574	0.00357	0.00356	0.00592	0.00773	0.01021	0.02231	0.61518	0.07879	0.19651	0.00884	0.00221	0.00278	0.01047	0.00361	0.00323
4	0.00562	0.00414	0.00526	0.00528	0.00616	0.00378	0.00385	0.00719	0.01068	0.01468	0.53045	0.22345	0.14400	0.00994	0.00505	0.00143	0.00211	0.00879	0.00436	0.00378
5	0.09499	0.00659	0.00816	0.00676	0.00916	0.00622	0.00540	0.04528	0.03280	0.46454	0.07822	0.05513	0.01382	0.07943	0.00568	0.00157	0.00339	0.03391	0.04315	0.00582
6	0.73332	0.05901	0.00784	0.06116	0.00989	0.01002	0.00534	0.04792	0.00788	0.01813	0.00615	0.00726	0.00479	0.00395	0.00278	0.00128	0.00354	0.00244	0.00258	0.00473
7	0.09016	0.03228	0.01088	0.05883	0.03081	0.02611	0.00725	0.32065	0.19888	0.05808	0.01193	0.06669	0.00949	0.00548	0.00426	0.00132	0.02070	0.00432	0.00371	0.03819
8	0.18584	0.03149	0.03940	0.06744	0.16833	0.21031	0.04928	0.12079	0.01106	0.01551	0.05631	0.01019	0.00782	0.00441	0.00382	0.00124	0.00522	0.00344	0.00262	0.00548
9	0.03308	0.11024	0.00902	0.00627	0.00838	0.00697	0.03456	0.07049	0.02244	0.10718	0.11964	0.07211	0.07316	0.00603	0.00382	0.00116	0.00303	0.00501	0.23928	0.06813
10	0.08146	0.09580	0.07869	0.01180	0.15593	0.03671	0.04339	0.20536	0.05975	0.11826	0.01002	0.01065	0.00743	0.00446	0.00385	0.00123	0.00451	0.00359	0.06089	0.00623
11	0.04440	0.06003	0.04568	0.01036	0.10977	0.05640	0.05876	0.13024	0.03614	0.08993	0.08185	0.09847	0.04849	0.00577	0.00416	0.00123	0.00414	0.00492	0.00328	0.10600

[dist]
# distance from previous block
# <min> <max>
1	4

[block]
# block no. 3 follows, 63 sequences, length 23
# corresponding to MSA columns:
# 608-630
name=unknown_D
#
# <colnr> <probs for GDERKNQSTAVLIFYWHMCP>
#	G	D	E	R	K	N	Q	S	T	A	V	L	I	F	Y	W	H	M	C	P
0	0.01372	0.03586	0.00950	0.00735	0.00991	0.00683	0.02823	0.10643	0.03675	0.41551	0.13214	0.09134	0.07437	0.00667	0.00445	0.00134	0.00339	0.00564	0.00457	0.00600
1	0.01005	0.06407	0.37062	0.01283	0.08379	0.04174	0.12122	0.03897	0.02425	0.05757	0.04450	0.01066	0.00761	0.00457	0.00510	0.00135	0.08917	0.00372	0.00231	0.00591
2	0.01218	0.03798	0.26511	0.07048	0.03264	0.02062	0.16113	0.06170	0.05132	0.22898	0.01067	0.01130	0.00740	0.00438	0.00424	0.00133	0.00535	0.00390	0.00303	0.00629
3	0.01096	0.00574	0.00749	0.02869	0.00893	0.00540	0.00525	0.03528	0.06114	0.30798	0.16048	0.26132	0.05270	0.00844	0.00474	0.00145	0.00298	0.02133	0.00448	0.00521
4	0.03148	0.00890	0.01123	0.01048	0.12113	0.00897	0.00747	0.28337	0.03401	0.35536	0.01313	0.03776	0.00931	0.00517	0.00416	0.00128	0.00400	0.00421	0.04180	0.00677
5	0.01089	0.00986	0.05147	0.04032	0.51117	0.00936	0.07162	0.07248	0.01037	0.06579	0.00924	0.01120	0.00726	0.00406	0.00409	0.00124	0.00479	0.00386	0.09461	0.00629
6	0.00813	0.02790	0.00762	0.00712	0.04401	0.00576	0.00521	0.00995	0.03203	0.11859	0.33269	0.12265	0.13793	0.00924	0.03432	0.00160	0.07972	0.00701	0.00398	0.00453
7	0.02094	0.11960	0.11515	0.01230	0.15060	0.07750	0.08837	0.07161	0.05314	0.05857	0.00925	0.04717	0.00762	0.00438	0.00388	0.00115	0.00487	0.00374	0.00261	0.14756
8	0.60592	0.04606	0.00851	0.00722	0.04028	0.02448	0.03107	0.07206	0.00856	0.01776	0.00754	0.06186	0.00652	0.00453	0.00308	0.00127	0.00362	0.00317	0.00272	0.04377
9	0.00556	0.00416	0.00517	0.00517	0.00611	0.00376	0.00378	0.00709	0.01061	0.01439	0.48799	0.19794	0.21288	0.00997	0.00504	0.00142	0.00211	0.00876	0.00432	0.00376
10	0.01349	0.03519	0.11873	0.01283	0.17573	0.02745	0.00962	0.35924	0.09289	0.09716	0.01044	0.01080	0.00760	0.00468	0.00413	0.00127	0.00473	0.00376	0.00346	0.00679
11	0.01044	0.01113	0.07699	0.11268	0.56435	0.04155	0.05435	0.05312	0.01001	0.01387	0.00792	0.01030	0.00641	0.00389	0.00418	0.00127	0.00534	0.00372	0.00215	0.00631
12	0.00568	0.00422	0.00530	0.00517	0.00615	0.00383	0.00382	0.00736	0.01105	0.01519	0.59548	0.12572	0.17652	0.00947	0.00501	0.00138	0.00206	0.00832	0.00442	0.00383
13	0.00536	0.00392	0.00500	0.00554	0.00608	0.00369	0.00384	0.00622	0.00835	0.01099	0.08154	0.49388	0.17352	0.06177	0.07496	0.02407	0.00322	0.02093	0.00369	0.00342
14	0.00713	0.00487	0.00641	0.00610	0.00702	0.00490	0.00458	0.01886	0.01021	0.07522	0.41951	0.18828	0.05495	0.05328	0.04117	0.00182	0.06877	0.01877	0.00406	0.00409
15	0.01521	0.00697	0.00928	0.00794	0.04622	0.00637	0.00609	0.05732	0.04295	0.54608	0.16556	0.01794	0.04088	0.00594	0.00438	0.00131	0.00334	0.00497	0.00483	0.00641
16	0.01033	0.28457	0.29430	0.01109	0.05562	0.01214	0.10185	0.08347	0.04581	0.01371	0.00805	0.00926	0.00627	0.00401	0.00368	0.00118	0.00525	0.00324	0.04027	0.00591
17	0.03567	0.13998	0.01370	0.00977	0.01223	0.25847	0.00803	0.30068	0.01319	0.01624	0.00751	0.00861	0.00603	0.00498	0.00543	0.00125	0.14655	0.00318	0.00280	0.00572
18	0.08884	0.31851	0.20583	0.00855	0.01255	0.04608	0.00879	0.09351	0.01020	0.11560	0.00812	0.00866	0.00615	0.00407	0.00340	0.00112	0.00474	0.00288	0.00258	0.04983
19	0.01335	0.02416	0.06726	0.04774	0.11217	0.02190	0.04833	0.04309	0.04680	0.36021	0.06583	0.02514	0.04769	0.00544	0.00470	0.00133	0.04079	0.00455	0.01333	0.00619
20	0.00594	0.00419	0.00567	0.00586	0.00632	0.00451	0.00415	0.00690	0.00693	0.00978	0.01431	0.18800	0.01531	0.24800	0.41170	0.00476	0.00713	0.00642	0.04076	0.00337
21	0.01091	0.14014	0.12497	0.08262	0.28122	0.03827	0.01045	0.07053	0.08882	0.05773	0.00999	0.01121	0.03187	0.00445	0.00411	0.00125	0.01910	0.00368	0.00257	0.00612
22	0.33548	0.00858	0.00991	0.09617	0.11358	0.04617	0.00752	0.01125	0.00773	0.01395	0.00851	0.01075	0.04694	0.00723	0.07170	0.00185	0.19219	0.00345	0.00231	0.00474

[dist]
# distance from previous block
# <min> <max>
0	9

[block]
# block no. 4 follows, 63 sequences, length 17
# corresponding to MSA columns:
# 640-656
name=unknown_E
#
# <colnr> <probs for GDERKNQSTAVLIFYWHMCP>
#	G	D	E	R	K	N	Q	S	T	A	V	L	I	F	Y	W	H	M	C	P
0	0.11254	0.00724	0.00813	0.00694	0.00879	0.05451	0.04612	0.07539	0.00870	0.01297	0.01078	0.08475	0.01071	0.21343	0.13518	0.00269	0.00514	0.00468	0.00270	0.18860
1	0.00573	0.00429	0.00577	0.00629	0.00686	0.00415	0.02354	0.00738	0.06049	0.01179	0.09411	0.65952	0.02701	0.02994	0.00561	0.00171	0.00265	0.03553	0.00392	0.00372
2	0.01371	0.00750	0.00936	0.00695	0.01044	0.00617	0.00566	0.04755	0.01070	0.39156	0.01180	0.01136	0.00820	0.00416	0.00367	0.00096	0.00339	0.00335	0.00382	0.43972
3	0.00862	0.07749	0.77639	0.01166	0.01770	0.01022	0.01497	0.01326	0.00885	0.01308	0.00743	0.00873	0.00533	0.00397	0.00391	0.00130	0.00610	0.00305	0.00178	0.00616
4	0.03094	0.01058	0.05808	0.03150	0.04205	0.11260	0.06106	0.12649	0.07475	0.08863	0.01849	0.01304	0.02597	0.00612	0.04672	0.00144	0.00495	0.03761	0.00308	0.20590
5	0.00593	0.00408	0.00554	0.00588	0.00632	0.00403	0.00418	0.00662	0.00840	0.01148	0.19927	0.37729	0.03740	0.04227	0.05940	0.14446	0.02570	0.04490	0.00352	0.00333
6	0.01601	0.00805	0.00986	0.00796	0.01094	0.00798	0.00645	0.07236	0.26859	0.51932	0.01633	0.01447	0.01097	0.00535	0.00424	0.00134	0.00357	0.00437	0.00484	0.00699
7	0.00964	0.02838	0.02766	0.01095	0.18961	0.03911	0.00720	0.03676	0.00938	0.01388	0.00758	0.00905	0.00628	0.00339	0.00341	0.00082	0.00384	0.00282	0.00241	0.58784
8	0.00599	0.00396	0.00529	0.00589	0.00642	0.00367	0.00409	0.00699	0.00889	0.05377	0.14792	0.66069	0.02868	0.01201	0.00525	0.00163	0.00246	0.02859	0.00408	0.00370
9	0.00541	0.00412	0.00500	0.00528	0.00618	0.00371	0.00387	0.00668	0.00975	0.01277	0.25177	0.29111	0.30445	0.01093	0.00515	0.00152	0.00230	0.06227	0.00410	0.00364
10	0.00806	0.03012	0.09244	0.02789	0.07229	0.00657	0.02140	0.03142	0.03298	0.07375	0.15592	0.22789	0.07555	0.00980	0.06076	0.00181	0.04593	0.01724	0.00344	0.00474
11	0.01247	0.03152	0.20376	0.04733	0.12972	0.02037	0.02636	0.13678	0.05292	0.21441	0.01155	0.05179	0.00880	0.02763	0.00465	0.00139	0.00474	0.00420	0.00330	0.00633
12	0.00942	0.00828	0.00747	0.00698	0.00858	0.16002	0.00524	0.03362	0.14786	0.06722	0.11913	0.14684	0.18986	0.00830	0.00507	0.03884	0.00360	0.00656	0.02250	0.00462
13	0.01018	0.00862	0.01592	0.03420	0.01543	0.00821	0.39221	0.04662	0.01049	0.13534	0.07198	0.04151	0.13725	0.00629	0.02259	0.00152	0.02741	0.00572	0.00316	0.00535
14	0.01147	0.01178	0.08934	0.01838	0.38935	0.06474	0.13393	0.10339	0.04315	0.05938	0.00931	0.03013	0.00741	0.00430	0.00429	0.00129	0.00535	0.00407	0.00260	0.00635
15	0.01108	0.04253	0.11144	0.03165	0.27899	0.01053	0.28881	0.09996	0.01080	0.06014	0.00871	0.01062	0.00661	0.00393	0.00438	0.00131	0.00573	0.00407	0.00245	0.00627
16	0.25178	0.02733	0.01935	0.03258	0.03614	0.05897	0.09087	0.07715	0.00871	0.01400	0.00933	0.02533	0.00888	0.21586	0.04767	0.00228	0.04419	0.02256	0.00257	0.00445

[dist]
# distance from previous block
# <min> <max>
0	1

[block]
# block no. 5 follows, 63 sequences, length 38
# corresponding to MSA columns:
# 658-695
name=unknown_F
#
# <colnr> <probs for GDERKNQSTAVLIFYWHMCP>
#	G	D	E	R	K	N	Q	S	T	A	V	L	I	F	Y	W	H	M	C	P
0	0.22865	0.05611	0.02843	0.01308	0.23054	0.19460	0.00853	0.11400	0.01059	0.01553	0.00716	0.00854	0.00578	0.00416	0.00385	0.00121	0.02871	0.00302	0.00248	0.03502
1	0.00643	0.00443	0.00567	0.00552	0.00611	0.00459	0.00381	0.00725	0.00699	0.02932	0.04472	0.02298	0.04781	0.41616	0.32429	0.00464	0.00653	0.00549	0.01712	0.03014
2	0.01254	0.06759	0.01148	0.00891	0.01170	0.03818	0.00719	0.28847	0.46773	0.01984	0.01363	0.01293	0.01017	0.00529	0.00413	0.00132	0.00398	0.00419	0.00402	0.00668
3	0.00927	0.00901	0.01213	0.01048	0.01069	0.03672	0.00866	0.01028	0.00693	0.02675	0.03589	0.01052	0.00717	0.00880	0.06509	0.00210	0.71902	0.00386	0.00204	0.00458
4	0.00535	0.00424	0.00476	0.00469	0.00586	0.00370	0.00346	0.00667	0.01017	0.01307	0.30549	0.07076	0.49477	0.04153	0.00560	0.00150	0.00217	0.00847	0.00410	0.00365
5	0.00630	0.00451	0.00515	0.00523	0.00623	0.00428	0.00375	0.00823	0.07150	0.03115	0.12626	0.22484	0.27560	0.10219	0.00661	0.00173	0.00253	0.02083	0.08926	0.00382
6	0.08706	0.00797	0.00974	0.00768	0.01077	0.00772	0.00629	0.11802	0.09928	0.56590	0.02587	0.01356	0.01019	0.00518	0.00411	0.00131	0.00363	0.00412	0.00476	0.00685
7	0.48702	0.00838	0.00814	0.00674	0.00961	0.00905	0.00553	0.11629	0.05537	0.23006	0.00983	0.00971	0.00689	0.00447	0.00333	0.00129	0.00351	0.00312	0.00357	0.01810
8	0.07965	0.00875	0.01095	0.00877	0.01110	0.00970	0.00727	0.18260	0.01175	0.37587	0.01139	0.01147	0.00795	0.00567	0.00673	0.00144	0.23498	0.00384	0.00388	0.00626
9	0.06035	0.03605	0.01150	0.00900	0.01199	0.01207	0.00733	0.47626	0.29064	0.02255	0.01213	0.01172	0.00889	0.00517	0.00410	0.00131	0.00411	0.00399	0.00407	0.00679
10	0.04842	0.00867	0.01037	0.00813	0.01128	0.00868	0.00667	0.23426	0.11422	0.48181	0.01451	0.01307	0.00961	0.00518	0.00417	0.00131	0.00382	0.00410	0.00472	0.00700
11	0.00611	0.00433	0.00541	0.00520	0.00554	0.00425	0.02774	0.00659	0.00720	0.00970	0.11567	0.06897	0.04878	0.62161	0.04296	0.00352	0.00398	0.00661	0.00290	0.00294
12	0.79666	0.00811	0.00652	0.00577	0.00839	0.00929	0.00473	0.01323	0.04138	0.06464	0.00693	0.00762	0.00523	0.00405	0.00276	0.00131	0.00327	0.00249	0.00282	0.00479
13	0.01000	0.00957	0.01633	0.16021	0.69480	0.00988	0.01270	0.01255	0.00938	0.01324	0.00784	0.01054	0.00649	0.00382	0.00417	0.00127	0.00509	0.00374	0.00205	0.00633
14	0.06627	0.08699	0.01244	0.01002	0.02252	0.52174	0.00775	0.14120	0.03977	0.04252	0.00770	0.00841	0.00608	0.00443	0.00373	0.00113	0.00629	0.00295	0.00266	0.00542
15	0.00536	0.00403	0.00494	0.00522	0.00601	0.00364	0.00371	0.00656	0.00964	0.01278	0.27893	0.35939	0.24792	0.02534	0.00540	0.00155	0.00224	0.00965	0.00411	0.00361
16	0.00540	0.00395	0.00497	0.00563	0.00615	0.00367	0.00395	0.00629	0.00844	0.01103	0.06043	0.51778	0.15609	0.09674	0.00694	0.00190	0.00268	0.09073	0.00379	0.00342
17	0.00872	0.00747	0.00872	0.00623	0.00996	0.00560	0.00498	0.01058	0.00872	0.01370	0.00747	0.00872	0.00623	0.00311	0.00311	0.00062	0.00311	0.00249	0.00249	0.87796
18	0.00794	0.00747	0.01261	0.84216	0.02895	0.00934	0.01167	0.01074	0.00841	0.01074	0.00747	0.01121	0.00560	0.00420	0.00420	0.00140	0.00560	0.00374	0.00187	0.00467
19	0.00842	0.00480	0.00617	0.00569	0.00711	0.00428	0.00431	0.00998	0.01093	0.18893	0.39546	0.16301	0.15648	0.00894	0.00487	0.00140	0.00242	0.00779	0.00452	0.00449
20	0.05102	0.00738	0.00974	0.00750	0.01073	0.00659	0.00619	0.05344	0.01217	0.76494	0.01591	0.01385	0.01005	0.00515	0.00417	0.00130	0.00361	0.00414	0.00506	0.00706
21	0.11286	0.00726	0.00937	0.00727	0.01045	0.00653	0.00600	0.01960	0.01150	0.74073	0.01542	0.01349	0.00977	0.00506	0.00405	0.00130	0.00354	0.00401	0.00492	0.00687
22	0.00781	0.00706	0.01187	0.01501	0.33006	0.00686	0.09254	0.00963	0.00901	0.01235	0.01628	0.34650	0.04631	0.00825	0.00487	0.00150	0.00402	0.06211	0.00300	0.00496
23	0.00528	0.00372	0.00488	0.00578	0.00604	0.00350	0.00386	0.00602	0.00798	0.01071	0.02233	0.76214	0.02658	0.06617	0.00634	0.00185	0.00257	0.02936	0.02153	0.00338
24	0.04354	0.77781	0.03037	0.00724	0.01080	0.02583	0.00717	0.01288	0.00864	0.03544	0.00620	0.00701	0.00552	0.00367	0.00277	0.00093	0.00448	0.00233	0.00194	0.00542
25	0.00771	0.00574	0.00687	0.00630	0.01760	0.00576	0.00476	0.11702	0.07948	0.01770	0.55199	0.03779	0.08266	0.00790	0.00474	0.00132	0.00250	0.00683	0.03070	0.00461
26	0.01464	0.01900	0.01480	0.01099	0.01449	0.02006	0.20981	0.35158	0.01455	0.21983	0.01141	0.01224	0.00810	0.00478	0.00438	0.00130	0.00495	0.02328	0.00381	0.03599
27	0.00953	0.00830	0.01238	0.00903	0.01261	0.00702	0.19320	0.05159	0.00964	0.04171	0.00898	0.04208	0.00744	0.00383	0.00372	0.00092	0.00406	0.00361	0.03439	0.53595
28	0.00537	0.00422	0.00468	0.00465	0.00585	0.00367	0.00345	0.00671	0.01013	0.01307	0.26722	0.08928	0.51527	0.01000	0.00492	0.00139	0.00210	0.00852	0.03581	0.00367
29	0.01506	0.01109	0.01193	0.00938	0.01255	0.01229	0.00767	0.63420	0.16862	0.05560	0.01165	0.01130	0.00834	0.00518	0.00422	0.00129	0.00434	0.00398	0.00426	0.00706
30	0.01093	0.76383	0.11031	0.00772	0.01160	0.01588	0.00810	0.01267	0.00858	0.01026	0.00603	0.00698	0.00539	0.00364	0.00284	0.00095	0.00468	0.00234	0.00180	0.00548
31	0.00542	0.00426	0.00476	0.00464	0.00588	0.00372	0.00348	0.00686	0.01043	0.01355	0.33655	0.03634	0.50531	0.00971	0.00491	0.00137	0.00207	0.00825	0.02877	0.00372
32	0.00649	0.00537	0.00585	0.00571	0.00722	0.00526	0.00441	0.01015	0.19050	0.01352	0.13076	0.05297	0.45350	0.00944	0.00490	0.00146	0.00255	0.08155	0.00407	0.00432
33	0.19519	0.07971	0.16907	0.03596	0.08872	0.00947	0.05455	0.04209	0.03576	0.23566	0.00998	0.01036	0.00704	0.00432	0.00375	0.00128	0.00451	0.00343	0.00309	0.00606
34	0.00523	0.00423	0.00465	0.00462	0.00586	0.00365	0.00344	0.00652	0.01010	0.01276	0.24583	0.08556	0.57232	0.01026	0.00499	0.00141	0.00211	0.00872	0.00409	0.00365
35	0.00927	0.01197	0.22062	0.01510	0.28687	0.01862	0.03717	0.05573	0.03190	0.01425	0.08537	0.03733	0.04441	0.00528	0.00505	0.00135	0.07481	0.00445	0.03468	0.00578
36	0.11728	0.21350	0.03337	0.00904	0.01226	0.07386	0.03679	0.38261	0.01385	0.02926	0.00812	0.00876	0.00621	0.00451	0.00397	0.00119	0.03306	0.00319	0.00309	0.00609
37	0.07511	0.08701	0.26336	0.00880	0.02627	0.00894	0.00892	0.08865	0.01011	0.10136	0.02504	0.00966	0.00697	0.00401	0.00359	0.00107	0.00440	0.00307	0.00270	0.26095

[dist]
# distance from previous block
# <min> <max>
0	12

[block]
# block no. 6 follows, 63 sequences, length 18
# corresponding to MSA columns:
# 708-725
name=unknown_G
#
# <colnr> <probs for GDERKNQSTAVLIFYWHMCP>
#	G	D	E	R	K	N	Q	S	T	A	V	L	I	F	Y	W	H	M	C	P
0	0.01102	0.50581	0.01766	0.07391	0.03673	0.11766	0.02398	0.01251	0.03167	0.01017	0.00662	0.00832	0.00587	0.00498	0.00478	0.08513	0.03346	0.00278	0.00194	0.00498
1	0.00994	0.00986	0.08682	0.00886	0.01153	0.00974	0.03445	0.05735	0.58260	0.01706	0.06492	0.04725	0.02888	0.00598	0.00437	0.00141	0.00365	0.00508	0.00397	0.00626
2	0.00611	0.00408	0.00458	0.00458	0.00458	0.00408	0.00255	0.00611	0.00611	0.00815	0.01325	0.02751	0.01528	0.85226	0.02140	0.00408	0.00408	0.00611	0.00255	0.00255
3	0.00653	0.00501	0.00630	0.00618	0.03020	0.00487	0.00448	0.00962	0.10623	0.01644	0.64671	0.02964	0.09504	0.00827	0.00486	0.00134	0.00224	0.00725	0.00446	0.00433
4	0.00794	0.00747	0.01261	0.84216	0.02895	0.00934	0.01167	0.01074	0.00841	0.01074	0.00747	0.01121	0.00560	0.00420	0.00420	0.00140	0.00560	0.00374	0.00187	0.00467
5	0.00956	0.00814	0.00905	0.00729	0.01034	0.00779	0.00574	0.04005	0.34577	0.01562	0.01203	0.03693	0.00965	0.00455	0.00370	0.00101	0.00323	0.00376	0.00333	0.46248
6	0.00538	0.00450	0.00472	0.00478	0.00610	0.00400	0.00353	0.00713	0.06298	0.01182	0.05706	0.14485	0.64722	0.01060	0.00497	0.00146	0.00225	0.00897	0.00395	0.00375
7	0.00601	0.00450	0.00676	0.00676	0.00751	0.00525	0.00525	0.00751	0.00676	0.00976	0.01126	0.01651	0.01051	0.03153	0.83560	0.00676	0.01126	0.00450	0.00225	0.00375
8	0.01886	0.00715	0.00976	0.00748	0.01073	0.00618	0.00618	0.02049	0.01203	0.82895	0.01658	0.01431	0.01041	0.00520	0.00423	0.00130	0.00358	0.00423	0.00520	0.00715
9	0.88196	0.00813	0.00618	0.00553	0.00813	0.00943	0.00455	0.01236	0.00715	0.01886	0.00585	0.00683	0.00455	0.00390	0.00260	0.00130	0.00325	0.00228	0.00260	0.00455
10	0.01572	0.01940	0.01197	0.01074	0.01300	0.77187	0.00811	0.07821	0.01252	0.01154	0.00678	0.00777	0.00555	0.00439	0.00382	0.00110	0.00735	0.00279	0.00232	0.00505
11	0.01664	0.00668	0.00894	0.00702	0.00994	0.00577	0.00574	0.01824	0.01179	0.69460	0.07496	0.01799	0.09021	0.00596	0.00435	0.00131	0.00333	0.00490	0.00504	0.00659
12	0.00577	0.00485	0.00512	0.00541	0.00634	0.04545	0.00389	0.00683	0.00936	0.01174	0.13195	0.32879	0.35168	0.03218	0.00549	0.00158	0.00260	0.03350	0.00387	0.00360
13	0.01178	0.00679	0.00993	0.00847	0.03419	0.00648	0.10996	0.06771	0.03558	0.26802	0.05588	0.11250	0.01386	0.00629	0.00429	0.00132	0.00359	0.04430	0.19361	0.00548
14	0.01022	0.00915	0.01142	0.07474	0.06379	0.01035	0.07086	0.02016	0.64189	0.01649	0.01512	0.01467	0.01138	0.00530	0.00432	0.00141	0.00390	0.00463	0.00379	0.00642
15	0.00575	0.00420	0.00540	0.00528	0.00620	0.00385	0.00389	0.00748	0.01116	0.01552	0.64420	0.14897	0.10356	0.00942	0.00502	0.00139	0.00206	0.00833	0.00446	0.00385
16	0.00983	0.01051	0.07879	0.19682	0.36959	0.01007	0.12974	0.03785	0.08881	0.01378	0.00884	0.01110	0.00691	0.00406	0.00429	0.00133	0.00535	0.00397	0.00230	0.00607
17	0.01228	0.00840	0.00943	0.00784	0.01014	0.00910	0.00626	0.39656	0.07784	0.08125	0.03290	0.07808	0.01128	0.03011	0.09852	0.00197	0.00461	0.00478	0.11281	0.00584

[dist]
# distance from previous block
# <min> <max>
2	11

[block]
# block no. 7 follows, 63 sequences, length 16
# corresponding to MSA columns:
# 737-752
name=unknown_H
#
# <colnr> <probs for GDERKNQSTAVLIFYWHMCP>
#	G	D	E	R	K	N	Q	S	T	A	V	L	I	F	Y	W	H	M	C	P
0	0.05899	0.06283	0.02350	0.00840	0.05050	0.06074	0.00654	0.14343	0.03773	0.15244	0.00951	0.01007	0.00716	0.00455	0.00414	0.03834	0.00398	0.00317	0.00317	0.31083
1	0.00640	0.00520	0.00625	0.04086	0.00798	0.00446	0.00431	0.00806	0.01009	0.01387	0.31158	0.05703	0.27286	0.00782	0.00448	0.00119	0.00248	0.00670	0.00372	0.22466
2	0.01081	0.00856	0.01386	0.01870	0.51919	0.00842	0.04482	0.02931	0.00993	0.10312	0.01100	0.01270	0.03327	0.00433	0.00402	0.00122	0.00431	0.00404	0.15225	0.00611
3	0.00581	0.00418	0.00532	0.00539	0.00620	0.00388	0.00395	0.00715	0.01009	0.01372	0.42769	0.16931	0.14449	0.06793	0.00671	0.03895	0.00244	0.06911	0.00408	0.00362
4	0.00687	0.00471	0.00627	0.09681	0.00893	0.00461	0.00490	0.00820	0.00925	0.07223	0.18541	0.23418	0.13391	0.12673	0.00728	0.00187	0.00309	0.07714	0.00373	0.00388
5	0.03121	0.00905	0.00964	0.00836	0.01079	0.01025	0.00659	0.18204	0.54844	0.01936	0.10337	0.01605	0.01440	0.00584	0.00430	0.00138	0.00344	0.00481	0.00426	0.00641
6	0.00568	0.00427	0.00518	0.00496	0.00602	0.00386	0.00367	0.00730	0.01093	0.01484	0.56094	0.03371	0.25733	0.05582	0.00587	0.00150	0.00214	0.00787	0.00431	0.00377
7	0.00821	0.00764	0.01227	0.75127	0.02699	0.00946	0.01113	0.01201	0.09673	0.01149	0.00852	0.01170	0.00639	0.00437	0.00421	0.00140	0.00536	0.00385	0.00213	0.00489
8	0.42188	0.00817	0.00798	0.00678	0.00938	0.00884	0.00546	0.15415	0.05886	0.13118	0.01072	0.10094	0.00893	0.00537	0.00353	0.00131	0.00345	0.00403	0.00348	0.04554
9	0.01086	0.00888	0.00956	0.00826	0.01090	0.00976	0.00648	0.05891	0.63895	0.05286	0.01549	0.01444	0.01159	0.00531	0.00412	0.00131	0.00337	0.00439	0.00408	0.12047
10	0.01733	0.00980	0.01095	0.00855	0.01174	0.06586	0.00699	0.31153	0.03911	0.45300	0.01352	0.01234	0.00894	0.00510	0.00419	0.00128	0.00423	0.00398	0.00460	0.00698
11	0.00611	0.00408	0.00458	0.00458	0.00458	0.00408	0.00255	0.00611	0.00611	0.00815	0.01325	0.02751	0.01528	0.85226	0.02140	0.00408	0.00408	0.00611	0.00255	0.00255
12	0.01017	0.06499	0.27592	0.01023	0.04724	0.00922	0.05930	0.07309	0.09814	0.05593	0.00918	0.01002	0.00691	0.00401	0.00379	0.00111	0.00468	0.00331	0.00264	0.25011
13	0.02685	0.01966	0.00957	0.09811	0.02440	0.00656	0.00627	0.03783	0.01033	0.27120	0.07982	0.01329	0.01059	0.00458	0.00382	0.00105	0.00354	0.01614	0.00352	0.35288
14	0.03748	0.00769	0.01941	0.00735	0.01032	0.02632	0.00604	0.06149	0.05848	0.54025	0.04265	0.03361	0.04658	0.00554	0.00416	0.00127	0.00354	0.00450	0.02119	0.06211
15	0.04772	0.06226	0.16019	0.10211	0.12355	0.00889	0.05664	0.02466	0.05842	0.14411	0.01003	0.03811	0.00773	0.00441	0.00393	0.00121	0.00461	0.00377	0.00279	0.13486

[dist]
# distance from previous block
# <min> <max>
15	112

[block]
# block no. 8 follows, 63 sequences, length 39
# corresponding to MSA columns:
# 873-911
name=unknown_I
#
# <colnr> <probs for GDERKNQSTAVLIFYWHMCP>
#	G	D	E	R	K	N	Q	S	T	A	V	L	I	F	Y	W	H	M	C	P
0	0.03338	0.06357	0.12501	0.00799	0.01083	0.08934	0.00716	0.09913	0.08029	0.09853	0.14013	0.05495	0.01391	0.04884	0.02060	0.00146	0.00430	0.00458	0.00334	0.09268
1	0.15104	0.14889	0.06176	0.00846	0.04690	0.07664	0.00704	0.14476	0.02847	0.09717	0.00901	0.01943	0.00697	0.00431	0.00345	0.00111	0.00422	0.00316	0.05641	0.12081
2	0.07319	0.02253	0.01932	0.01825	0.11340	0.01705	0.05081	0.03223	0.07943	0.08579	0.06650	0.27740	0.03943	0.00751	0.00444	0.00138	0.00351	0.00666	0.00345	0.07771
3	0.01313	0.00963	0.01111	0.00889	0.01170	0.01043	0.04033	0.42334	0.18830	0.08082	0.13175	0.01519	0.02457	0.00573	0.00437	0.00132	0.00395	0.00470	0.00426	0.00647
4	0.00968	0.01576	0.43020	0.09309	0.09763	0.00989	0.09878	0.11174	0.01052	0.02633	0.03563	0.01106	0.02194	0.00436	0.00421	0.00133	0.00568	0.00378	0.00233	0.00606
5	0.00682	0.00403	0.00549	0.00544	0.00551	0.00420	0.00357	0.00601	0.00584	0.00790	0.00969	0.01816	0.01033	0.30769	0.09418	0.46841	0.02769	0.00459	0.00212	0.00233
6	0.00596	0.00659	0.12090	0.00621	0.00782	0.00459	0.00546	0.00792	0.01023	0.01411	0.40543	0.22236	0.14783	0.00933	0.00492	0.00143	0.00271	0.00818	0.00395	0.00409
7	0.12359	0.05553	0.06603	0.02237	0.09138	0.03879	0.05073	0.45428	0.01484	0.02100	0.00868	0.00945	0.00643	0.00455	0.00404	0.00126	0.01387	0.00349	0.00329	0.00641
8	0.00981	0.01360	0.25599	0.04878	0.01926	0.00995	0.41786	0.02435	0.03192	0.05742	0.00926	0.03803	0.00711	0.00431	0.00488	0.00141	0.03346	0.00450	0.00232	0.00581
9	0.01093	0.16338	0.29792	0.01124	0.07504	0.07245	0.03137	0.10822	0.12957	0.02708	0.02789	0.01033	0.00766	0.00442	0.00388	0.00124	0.00520	0.00346	0.00261	0.00613
10	0.05248	0.00495	0.00585	0.00612	0.00701	0.00494	0.00437	0.08836	0.03078	0.01342	0.07999	0.57441	0.08913	0.01113	0.00501	0.00158	0.00267	0.00987	0.00393	0.00399
11	0.01277	0.00906	0.01208	0.03937	0.01295	0.00961	0.10926	0.23020	0.19155	0.17378	0.06808	0.05615	0.01205	0.00574	0.00479	0.00138	0.03604	0.00490	0.00399	0.00626
12	0.01039	0.10511	0.05399	0.05398	0.52346	0.05367	0.01115	0.04113	0.01001	0.01359	0.06121	0.01172	0.02390	0.00428	0.00404	0.00122	0.00489	0.00384	0.00231	0.00610
13	0.01542	0.02883	0.01232	0.00938	0.01263	0.01246	0.00773	0.66611	0.10775	0.06733	0.01112	0.01086	0.00791	0.00510	0.00418	0.00127	0.00442	0.00388	0.00422	0.00706
14	0.04158	0.42197	0.35913	0.00925	0.01388	0.01311	0.01060	0.04564	0.00917	0.03121	0.00698	0.00795	0.00552	0.00387	0.00333	0.00112	0.00515	0.00272	0.00199	0.00582
15	0.00787	0.00738	0.01242	0.82131	0.02838	0.00919	0.01148	0.01062	0.00840	0.01074	0.00786	0.03211	0.00616	0.00443	0.00423	0.00141	0.00552	0.00394	0.00192	0.00464
16	0.00872	0.00747	0.00872	0.00623	0.00996	0.00560	0.00498	0.01058	0.00872	0.01370	0.00747	0.00872	0.00623	0.00311	0.00311	0.00062	0.00311	0.00249	0.00249	0.87796
17	0.00979	0.33239	0.43541	0.05386	0.01584	0.03403	0.02675	0.02567	0.00900	0.01203	0.00693	0.00823	0.00542	0.00387	0.00354	0.00117	0.00557	0.00285	0.00184	0.00580
18	0.00512	0.00366	0.00488	0.00585	0.00610	0.00341	0.00390	0.00585	0.00805	0.01073	0.02317	0.84952	0.02780	0.01317	0.00537	0.00171	0.00244	0.01195	0.00390	0.00341
19	0.28805	0.00919	0.05223	0.02811	0.01119	0.00939	0.02763	0.04674	0.30202	0.16553	0.01223	0.01184	0.00882	0.00483	0.00374	0.00135	0.00370	0.00373	0.00367	0.00600
20	0.07625	0.01190	0.02655	0.00917	0.01217	0.11493	0.00751	0.46196	0.13631	0.06123	0.03309	0.01115	0.00862	0.00506	0.00407	0.00127	0.00461	0.00380	0.00386	0.00650
21	0.01886	0.00715	0.00976	0.00748	0.01073	0.00618	0.00618	0.02049	0.01203	0.82895	0.01658	0.01431	0.01041	0.00520	0.00423	0.00130	0.00358	0.00423	0.00520	0.00715
22	0.03852	0.03373	0.07422	0.14193	0.40133	0.01017	0.01113	0.08425	0.03100	0.03206	0.00817	0.01024	0.00650	0.00419	0.00452	0.00127	0.04902	0.00358	0.00236	0.05180
23	0.00755	0.00626	0.00846	0.19901	0.08117	0.02848	0.00669	0.01002	0.04905	0.04305	0.32195	0.02439	0.16841	0.00757	0.01871	0.00144	0.00352	0.00618	0.00355	0.00454
24	0.00582	0.00429	0.00544	0.00515	0.00620	0.00391	0.00386	0.00768	0.01159	0.01612	0.71935	0.03261	0.14460	0.00887	0.00496	0.00134	0.00200	0.00777	0.00453	0.00391
25	0.00573	0.00429	0.00532	0.00506	0.00615	0.00387	0.00380	0.00752	0.01139	0.01565	0.65210	0.03339	0.21214	0.00905	0.00496	0.00134	0.00202	0.00788	0.00447	0.00387
26	0.02970	0.01075	0.01152	0.00910	0.01219	0.01190	0.00743	0.59459	0.16249	0.05777	0.01168	0.01142	0.00839	0.00515	0.00415	0.00128	0.00423	0.00396	0.03540	0.00690
27	0.88196	0.00813	0.00618	0.00553	0.00813	0.00943	0.00455	0.01236	0.00715	0.01886	0.00585	0.00683	0.00455	0.00390	0.00260	0.00130	0.00325	0.00228	0.00260	0.00455
28	0.88196	0.00813	0.00618	0.00553	0.00813	0.00943	0.00455	0.01236	0.00715	0.01886	0.00585	0.00683	0.00455	0.00390	0.00260	0.00130	0.00325	0.00228	0.00260	0.00455
29	0.00794	0.00747	0.01261	0.84216	0.02895	0.00934	0.01167	0.01074	0.00841	0.01074	0.00747	0.01121	0.00560	0.00420	0.00420	0.00140	0.00560	0.00374	0.00187	0.00467
30	0.68719	0.00792	0.00694	0.00592	0.00868	0.00867	0.00487	0.01378	0.00811	0.16733	0.00789	0.00828	0.00570	0.00411	0.00292	0.00127	0.00331	0.00264	0.00307	0.04138
31	0.00563	0.00402	0.00544	0.00632	0.00681	0.00384	0.00468	0.00677	0.00877	0.01168	0.08184	0.57426	0.02771	0.01242	0.00545	0.00174	0.00279	0.22232	0.00395	0.00358
32	0.05430	0.00976	0.01628	0.06768	0.74283	0.00993	0.01242	0.01276	0.00939	0.01384	0.00778	0.01027	0.00650	0.00378	0.00409	0.00126	0.00494	0.00367	0.00210	0.00645
33	0.01538	0.11183	0.01361	0.00956	0.01277	0.14294	0.00792	0.59316	0.01721	0.02200	0.00903	0.00930	0.00667	0.00476	0.00396	0.00119	0.00508	0.00344	0.00360	0.00659
34	0.37386	0.00820	0.01002	0.01127	0.21692	0.00844	0.00716	0.01486	0.00938	0.26483	0.03104	0.01066	0.00779	0.00438	0.00356	0.00129	0.00376	0.00338	0.00332	0.00587
35	0.00957	0.21675	0.58754	0.01099	0.03470	0.01123	0.01312	0.01343	0.00894	0.04647	0.00753	0.00864	0.00558	0.00395	0.00370	0.00123	0.00567	0.00297	0.00193	0.00607
36	0.01387	0.02939	0.09843	0.01074	0.01327	0.58709	0.01894	0.03341	0.06715	0.01155	0.00779	0.00949	0.00646	0.00473	0.00443	0.00120	0.05092	0.02363	0.00234	0.00516
37	0.00611	0.00408	0.00458	0.00458	0.00458	0.00408	0.00255	0.00611	0.00611	0.00815	0.01325	0.02751	0.01528	0.85226	0.02140	0.00408	0.00408	0.00611	0.00255	0.00255
38	0.01079	0.20324	0.11017	0.01725	0.36780	0.03709	0.10879	0.02679	0.00968	0.04211	0.02331	0.00996	0.00692	0.00390	0.00392	0.00120	0.00524	0.00354	0.00219	0.00612

[dist]
# distance from previous block
# <min> <max>
0	1

[block]
# block no. 9 follows, 63 sequences, length 10
# corresponding to MSA columns:
# 913-922
name=unknown_J
#
# <colnr> <probs for GDERKNQSTAVLIFYWHMCP>
#	G	D	E	R	K	N	Q	S	T	A	V	L	I	F	Y	W	H	M	C	P
0	0.00586	0.00434	0.00551	0.00607	0.00680	0.00420	0.00453	0.00747	0.04397	0.01182	0.08575	0.37756	0.14015	0.06567	0.02739	0.00196	0.00305	0.19039	0.00384	0.00367
1	0.00537	0.00400	0.00505	0.00572	0.00638	0.00368	0.00415	0.00642	0.00886	0.01152	0.07837	0.50471	0.20660	0.01210	0.00531	0.00165	0.00254	0.12009	0.00394	0.00354
2	0.00677	0.04000	0.15423	0.00758	0.00956	0.00634	0.00706	0.00906	0.02462	0.01122	0.03575	0.08797	0.04058	0.01976	0.43186	0.00415	0.00784	0.05547	0.00257	0.03762
3	0.01023	0.29136	0.11231	0.01037	0.10973	0.02576	0.04927	0.01285	0.04326	0.03214	0.00765	0.00883	0.00627	0.00366	0.00339	0.00097	0.00447	0.00290	0.00224	0.26234
4	0.00525	0.00375	0.00502	0.00600	0.00630	0.00352	0.00412	0.00607	0.00817	0.01087	0.02310	0.78823	0.02753	0.01305	0.00540	0.00172	0.00255	0.07200	0.00390	0.00345
5	0.01886	0.00715	0.00976	0.00748	0.01073	0.00618	0.00618	0.02049	0.01203	0.82895	0.01658	0.01431	0.01041	0.00520	0.00423	0.00130	0.00358	0.00423	0.00520	0.00715
6	0.01163	0.64403	0.10188	0.00786	0.01160	0.03805	0.00796	0.01382	0.04553	0.07318	0.00736	0.00796	0.00611	0.00388	0.00305	0.00100	0.00463	0.00261	0.00218	0.00565
7	0.01126	0.00942	0.01523	0.08196	0.47645	0.00955	0.07093	0.08021	0.04658	0.09919	0.01065	0.03192	0.02834	0.00451	0.00429	0.00130	0.00481	0.00426	0.00276	0.00637
8	0.00536	0.00380	0.00505	0.00593	0.00627	0.00358	0.00410	0.00613	0.00813	0.01076	0.02299	0.69768	0.05291	0.03937	0.00619	0.02523	0.00265	0.08667	0.00380	0.00339
9	0.52050	0.01192	0.00890	0.00854	0.05287	0.26132	0.00635	0.01360	0.00869	0.01546	0.00614	0.00739	0.00498	0.00423	0.00371	0.00126	0.05441	0.00257	0.00240	0.00476

[dist]
# distance from previous block
# <min> <max>
0	1

[block]
# block no. 10 follows, 63 sequences, length 88
# corresponding to MSA columns:
# 924-1011
name=unknown_K
#
# <colnr> <probs for GDERKNQSTAVLIFYWHMCP>
#	G	D	E	R	K	N	Q	S	T	A	V	L	I	F	Y	W	H	M	C	P
0	0.08608	0.00733	0.00954	0.00737	0.01058	0.00658	0.00609	0.03668	0.01182	0.74874	0.01561	0.01364	0.00988	0.00510	0.00410	0.00130	0.00357	0.00407	0.00498	0.00695
1	0.03291	0.00721	0.00969	0.00747	0.01069	0.00631	0.00616	0.02039	0.02746	0.80002	0.01642	0.01421	0.01036	0.00519	0.00420	0.00130	0.00357	0.00421	0.00514	0.00710
2	0.00576	0.00429	0.00536	0.00509	0.00616	0.00389	0.00382	0.00757	0.01145	0.01580	0.67329	0.03315	0.19086	0.00899	0.00496	0.00134	0.00201	0.00785	0.00449	0.00389
3	0.88196	0.00813	0.00618	0.00553	0.00813	0.00943	0.00455	0.01236	0.00715	0.01886	0.00585	0.00683	0.00455	0.00390	0.00260	0.00130	0.00325	0.00228	0.00260	0.00455
4	0.01886	0.00715	0.00976	0.00748	0.01073	0.00618	0.00618	0.02049	0.01203	0.82895	0.01658	0.01431	0.01041	0.00520	0.00423	0.00130	0.00358	0.00423	0.00520	0.00715
5	0.01473	0.01116	0.01191	0.00942	0.01256	0.01245	0.00769	0.63374	0.20008	0.02448	0.01168	0.01136	0.00843	0.00519	0.00422	0.00130	0.00433	0.00400	0.00422	0.00704
6	0.00794	0.00747	0.01261	0.84216	0.02895	0.00934	0.01167	0.01074	0.00841	0.01074	0.00747	0.01121	0.00560	0.00420	0.00420	0.00140	0.00560	0.00374	0.00187	0.00467
7	0.01812	0.00699	0.00952	0.00735	0.01048	0.00605	0.00605	0.01977	0.01202	0.78239	0.06286	0.01529	0.01208	0.00540	0.00427	0.00130	0.00349	0.00442	0.00517	0.00697
8	0.01886	0.00715	0.00976	0.00748	0.01073	0.00618	0.00618	0.02049	0.01203	0.82895	0.01658	0.01431	0.01041	0.00520	0.00423	0.00130	0.00358	0.00423	0.00520	0.00715
9	0.00595	0.00430	0.00562	0.00529	0.00628	0.00397	0.00397	0.00793	0.01190	0.01686	0.82382	0.03140	0.03966	0.00859	0.00496	0.00132	0.00198	0.00760	0.00463	0.00397
10	0.01124	0.85479	0.02203	0.00719	0.01079	0.01663	0.00719	0.01259	0.00854	0.00989	0.00584	0.00674	0.00539	0.00360	0.00270	0.00090	0.00450	0.00225	0.00180	0.00539
11	0.01812	0.00835	0.01049	0.00805	0.01133	0.00795	0.00665	0.22473	0.01403	0.62189	0.01491	0.01322	0.00957	0.00516	0.00422	0.00129	0.00385	0.00411	0.00495	0.00715
12	0.88196	0.00813	0.00618	0.00553	0.00813	0.00943	0.00455	0.01236	0.00715	0.01886	0.00585	0.00683	0.00455	0.00390	0.00260	0.00130	0.00325	0.00228	0.00260	0.00455
13	0.00608	0.00434	0.00586	0.00589	0.00634	0.00475	0.00419	0.00697	0.00660	0.00920	0.01249	0.02221	0.01299	0.37063	0.46769	0.00547	0.00801	0.03459	0.00243	0.00326
14	0.00991	0.00513	0.00676	0.00586	0.00753	0.00462	0.00457	0.01179	0.01176	0.25912	0.53670	0.02540	0.02928	0.00737	0.00462	0.00130	0.00246	0.00639	0.05452	0.00491
15	0.02748	0.27759	0.01336	0.00698	0.01048	0.00994	0.00608	0.06642	0.00953	0.06603	0.00763	0.00852	0.00624	0.00367	0.00343	0.00085	0.02807	0.00264	0.00255	0.44250
16	0.01570	0.02004	0.01191	0.01083	0.01300	0.83539	0.00812	0.01679	0.01191	0.01029	0.00650	0.00758	0.00541	0.00433	0.00379	0.00108	0.00758	0.00271	0.00217	0.00487
17	0.01250	0.49793	0.10474	0.00845	0.01225	0.01464	0.00830	0.25376	0.01202	0.02917	0.00749	0.00811	0.00600	0.00410	0.00332	0.00106	0.00470	0.00284	0.00258	0.00604
