[name]
unknown

[dist]
# distance from previous block
# <min> <max>
0	399

[block]
# block no. 0 follows, 51 sequences, length 10
# corresponding to MSA columns:
# 487-496
name=unknown_A
#
# <colnr> <probs for GDERKNQSTAVLIFYWHMCP>
#	G	D	E	R	K	N	Q	S	T	A	V	L	I	F	Y	W	H	M	C	P
0	0.02908	0.05597	0.02976	0.03737	0.07193	0.02224	0.03397	0.15353	0.13443	0.09020	0.03134	0.06223	0.04282	0.06626	0.03027	0.00193	0.00494	0.02015	0.03421	0.04739
1	0.06466	0.00935	0.02577	0.05146	0.04405	0.00961	0.02029	0.14704	0.13000	0.10705	0.06742	0.06422	0.01402	0.02523	0.06190	0.00202	0.02391	0.00542	0.05185	0.07472
2	0.09198	0.05919	0.11132	0.07311	0.03612	0.02422	0.02353	0.15026	0.08264	0.07879	0.05038	0.03812	0.01121	0.00750	0.04525	0.00183	0.03655	0.00469	0.03650	0.03683
3	0.05335	0.03224	0.06039	0.07388	0.04388	0.02473	0.07296	0.20800	0.09978	0.07031	0.03434	0.03021	0.01046	0.02454	0.02805	0.00175	0.04486	0.00477	0.00373	0.07777
4	0.04095	0.04107	0.04503	0.06145	0.05194	0.04241	0.04584	0.17495	0.04018	0.04844	0.10353	0.05227	0.04754	0.03784	0.00555	0.00154	0.00474	0.00545	0.04300	0.10627
5	0.09460	0.01165	0.07373	0.04195	0.05710	0.02420	0.03229	0.17085	0.13167	0.08437	0.01293	0.06188	0.01039	0.00659	0.02042	0.00161	0.03596	0.00482	0.00384	0.11915
6	0.05036	0.02744	0.01218	0.09804	0.09225	0.06293	0.03346	0.05243	0.04147	0.12101	0.04102	0.08121	0.03945	0.03897	0.03408	0.00179	0.00515	0.02305	0.00364	0.14005
7	0.03632	0.03982	0.01219	0.07672	0.04312	0.04888	0.04758	0.14369	0.06172	0.14150	0.10002	0.05594	0.09836	0.04603	0.02470	0.00184	0.00490	0.00613	0.00424	0.00631
8	0.01032	0.00565	0.00611	0.03936	0.00802	0.00584	0.00453	0.04255	0.05819	0.05501	0.01596	0.01778	0.01231	0.00577	0.00372	0.00123	0.00277	0.00464	0.69513	0.00513
9	0.03779	0.03640	0.03295	0.02567	0.00981	0.03299	0.03223	0.04137	0.00842	0.01169	0.00882	0.01355	0.00815	0.01362	0.05064	0.52208	0.00510	0.00405	0.00242	0.10225

[dist]
# distance from previous block
# <min> <max>
3	41

[block]
# block no. 1 follows, 51 sequences, length 7
# corresponding to MSA columns:
# 540-546
name=unknown_B
#
# <colnr> <probs for GDERKNQSTAVLIFYWHMCP>
#	G	D	E	R	K	N	Q	S	T	A	V	L	I	F	Y	W	H	M	C	P
0	0.16801	0.02528	0.06316	0.06155	0.08486	0.06869	0.02364	0.09237	0.07719	0.13163	0.01244	0.05876	0.01020	0.05188	0.00630	0.00175	0.04735	0.00480	0.00364	0.00650
1	0.01310	0.01041	0.05382	0.03356	0.05522	0.01047	0.00862	0.24682	0.08354	0.09054	0.12378	0.04595	0.04509	0.00900	0.05072	0.00195	0.06232	0.01944	0.02895	0.00670
2	0.05439	0.00806	0.05812	0.05321	0.01155	0.00710	0.04759	0.06541	0.04559	0.01662	0.15416	0.17160	0.23080	0.00970	0.00542	0.00163	0.00375	0.00839	0.00419	0.04272
3	0.05985	0.04287	0.01893	0.03884	0.01828	0.03740	0.34035	0.07427	0.06039	0.06065	0.01360	0.07765	0.04055	0.00578	0.00513	0.00153	0.00606	0.00574	0.00332	0.08879
4	0.01157	0.03589	0.05871	0.10062	0.07434	0.00891	0.04231	0.08630	0.01159	0.06872	0.01140	0.04474	0.00953	0.04938	0.00546	0.00141	0.00473	0.00441	0.06777	0.30220
5	0.04354	0.00966	0.01038	0.05218	0.03461	0.08376	0.00722	0.11412	0.07078	0.06666	0.12022	0.15364	0.01829	0.00772	0.00498	0.00147	0.00436	0.02958	0.00411	0.16274
6	0.01257	0.11281	0.09061	0.06276	0.11078	0.04500	0.03354	0.08925	0.06271	0.07345	0.01187	0.08378	0.01020	0.00597	0.00525	0.00143	0.05064	0.00484	0.00326	0.12928

[dist]
# distance from previous block
# <min> <max>
1	6

[block]
# block no. 2 follows, 51 sequences, length 8
# corresponding to MSA columns:
# 556-563
name=unknown_C
#
# <colnr> <probs for GDERKNQSTAVLIFYWHMCP>
#	G	D	E	R	K	N	Q	S	T	A	V	L	I	F	Y	W	H	M	C	P
0	0.01001	0.04696	0.02905	0.09012	0.04511	0.00862	0.07032	0.07152	0.07601	0.03818	0.07426	0.16777	0.11809	0.00814	0.00516	0.00153	0.00433	0.00717	0.00384	0.12384
1	0.01489	0.26854	0.01704	0.03897	0.01443	0.21534	0.00877	0.14194	0.15913	0.01678	0.01047	0.01103	0.00834	0.00515	0.00420	0.00129	0.00590	0.00368	0.00326	0.05086
2	0.00822	0.00668	0.00932	0.00878	0.00943	0.00818	0.00683	0.03561	0.00832	0.01201	0.01258	0.05875	0.01252	0.12257	0.46989	0.00572	0.19161	0.00568	0.00274	0.00456
3	0.00750	0.00550	0.00694	0.00672	0.00691	0.00615	0.00450	0.00800	0.00735	0.01019	0.01402	0.02704	0.01542	0.56444	0.19965	0.00519	0.09169	0.00643	0.00281	0.00354
4	0.03740	0.14996	0.17279	0.06477	0.09139	0.03380	0.11268	0.10229	0.06274	0.07755	0.01037	0.01176	0.00782	0.00505	0.00508	0.00149	0.03883	0.00417	0.00304	0.00703
5	0.00687	0.00490	0.00605	0.00642	0.00745	0.00450	0.00468	0.00816	0.01061	0.04265	0.11554	0.33490	0.27331	0.04254	0.05135	0.00227	0.00349	0.06547	0.00455	0.00430
6	0.00699	0.00488	0.00612	0.00672	0.00717	0.00477	0.00475	0.00787	0.00902	0.01186	0.02278	0.24979	0.05610	0.36107	0.01438	0.00323	0.00410	0.21080	0.00388	0.00371
7	0.28151	0.15256	0.05258	0.00958	0.05176	0.03870	0.03869	0.04535	0.01013	0.01710	0.00888	0.03244	0.00770	0.02767	0.04663	0.00172	0.00521	0.00361	0.00283	0.16535

[dist]
# distance from previous block
# <min> <max>
2	26

[block]
# block no. 3 follows, 51 sequences, length 30
# corresponding to MSA columns:
# 591-594,596-598,602-624
name=unknown_D
#
# <colnr> <probs for GDERKNQSTAVLIFYWHMCP>
#	G	D	E	R	K	N	Q	S	T	A	V	L	I	F	Y	W	H	M	C	P
0	0.16260	0.01300	0.09587	0.14656	0.13842	0.09874	0.05667	0.06816	0.02395	0.01703	0.03912	0.01311	0.02257	0.02184	0.01711	0.00164	0.00595	0.00423	0.00288	0.05055
1	0.13249	0.05905	0.03618	0.05944	0.08435	0.06661	0.05171	0.11844	0.11651	0.01851	0.01091	0.01213	0.02114	0.00515	0.00480	0.00139	0.03759	0.00401	0.00327	0.15631
2	0.00719	0.00484	0.00595	0.00595	0.00614	0.00503	0.00372	0.00745	0.00726	0.00987	0.01462	0.02852	0.01619	0.61677	0.18992	0.05139	0.00651	0.00659	0.00286	0.00323
3	0.01309	0.26721	0.11122	0.07803	0.01635	0.14393	0.05147	0.06479	0.05845	0.02707	0.03506	0.01179	0.00876	0.02404	0.00516	0.00143	0.03524	0.00386	0.00278	0.04030
4	0.00670	0.00517	0.00610	0.00604	0.00737	0.00463	0.00447	0.02466	0.01207	0.01595	0.31203	0.18931	0.32720	0.01176	0.00582	0.00166	0.00262	0.02199	0.00483	0.02964
5	0.01371	0.57567	0.07811	0.01040	0.05431	0.06464	0.00948	0.08082	0.01161	0.03204	0.02479	0.00950	0.00755	0.00461	0.00368	0.00118	0.00557	0.00316	0.00255	0.00660
6	0.04488	0.04362	0.06041	0.00981	0.03605	0.02760	0.04822	0.05257	0.21268	0.03368	0.16422	0.08950	0.06029	0.00747	0.00502	0.00152	0.00415	0.00641	0.00419	0.08773
7	0.02496	0.04666	0.10146	0.15681	0.03293	0.06171	0.12906	0.14195	0.03559	0.06090	0.01231	0.07333	0.02394	0.00584	0.00492	0.00150	0.00596	0.00513	0.00328	0.07177
8	0.01389	0.08358	0.09395	0.02860	0.11254	0.10349	0.03644	0.04640	0.05283	0.18541	0.08811	0.09348	0.01476	0.00708	0.01624	0.00160	0.00539	0.00561	0.00389	0.00670
9	0.00601	0.00435	0.00569	0.00670	0.00710	0.00402	0.00451	0.00694	0.00968	0.01284	0.05547	0.74712	0.08136	0.01502	0.00623	0.00196	0.00281	0.01356	0.00459	0.00402
10	0.01141	0.01318	0.14569	0.20237	0.19770	0.01166	0.12349	0.05329	0.08977	0.03381	0.02958	0.01349	0.00894	0.00517	0.00547	0.00160	0.03896	0.00470	0.00285	0.00686
11	0.10463	0.01176	0.03554	0.25340	0.09475	0.07448	0.15086	0.07408	0.01167	0.05292	0.01104	0.01400	0.03329	0.00538	0.00531	0.00159	0.03695	0.01924	0.00290	0.00623
12	0.01280	0.02956	0.13601	0.19633	0.23179	0.10863	0.01294	0.07720	0.04028	0.05813	0.01034	0.01295	0.00806	0.00586	0.02438	0.00167	0.00654	0.01683	0.00286	0.00684
13	0.00739	0.00515	0.00679	0.00675	0.00725	0.00560	0.00468	0.00848	0.03485	0.01068	0.01401	0.02443	0.01447	0.37425	0.37612	0.07811	0.00847	0.00600	0.00282	0.00371
14	0.00907	0.00829	0.01349	0.29880	0.18166	0.00925	0.03963	0.01145	0.01019	0.01380	0.06250	0.20793	0.03468	0.00805	0.00620	0.00172	0.06755	0.00713	0.00307	0.00555
15	0.02713	0.18543	0.10734	0.10841	0.13776	0.03588	0.14983	0.04138	0.03386	0.01472	0.01020	0.06642	0.00890	0.00569	0.00533	0.02202	0.02591	0.00480	0.00261	0.00640
16	0.00760	0.00531	0.00768	0.03389	0.08761	0.00513	0.00593	0.00836	0.00937	0.03833	0.02241	0.55783	0.04372	0.01382	0.00786	0.12242	0.00350	0.01096	0.00398	0.00431
17	0.01113	0.01246	0.02673	0.01935	0.02395	0.01167	0.70087	0.01503	0.01156	0.01557	0.01268	0.01713	0.04549	0.00504	0.00585	0.00169	0.00781	0.04689	0.00269	0.00640
18	0.01337	0.00997	0.01535	0.27566	0.19889	0.01070	0.04827	0.09001	0.06835	0.15542	0.01246	0.01521	0.00941	0.00573	0.00533	0.02050	0.00563	0.02933	0.00349	0.00690
19	0.02586	0.00856	0.03585	0.11097	0.17419	0.02559	0.03415	0.03517	0.01139	0.05386	0.12611	0.13611	0.08693	0.02462	0.02410	0.02237	0.00481	0.05003	0.00369	0.00562
20	0.00879	0.00594	0.00743	0.00743	0.00850	0.00600	0.00540	0.05630	0.05299	0.07562	0.10577	0.45968	0.06090	0.04083	0.00698	0.00192	0.04137	0.01055	0.03268	0.00492
21	0.01075	0.01075	0.01505	0.01290	0.01290	0.01505	0.01075	0.01183	0.00753	0.01183	0.00645	0.01075	0.00645	0.00860	0.01613	0.00215	0.81830	0.00430	0.00215	0.00538
22	0.01019	0.00873	0.01019	0.00728	0.01165	0.00655	0.00582	0.01237	0.01019	0.01601	0.00873	0.01019	0.00728	0.00364	0.00364	0.00073	0.00364	0.00291	0.00291	0.85734
23	0.01314	0.83025	0.02575	0.00841	0.01261	0.01945	0.00841	0.01472	0.00999	0.01156	0.00683	0.00788	0.00631	0.00420	0.00315	0.00105	0.00526	0.00263	0.00210	0.00631
24	0.01018	0.00899	0.01316	0.13429	0.30650	0.04799	0.01020	0.01228	0.01064	0.04008	0.06569	0.19412	0.01681	0.07088	0.00698	0.00188	0.01744	0.02277	0.00326	0.00585
25	0.00829	0.00570	0.00732	0.00701	0.00751	0.00615	0.00496	0.00907	0.00869	0.04861	0.10683	0.02947	0.01962	0.42853	0.10780	0.03223	0.09074	0.06417	0.00337	0.00393
26	0.09900	0.01086	0.01254	0.01075	0.04945	0.02986	0.00834	0.27083	0.02744	0.15451	0.08828	0.01450	0.01211	0.00637	0.00637	0.00154	0.12429	0.00464	0.00427	0.06403
27	0.05986	0.01369	0.05155	0.02896	0.06432	0.16425	0.11087	0.11144	0.12787	0.07632	0.01355	0.05957	0.02536	0.00619	0.00518	0.00154	0.02390	0.02007	0.00364	0.03188
28	0.02826	0.01049	0.03449	0.17930	0.36810	0.01056	0.04272	0.04272	0.01172	0.12018	0.04774	0.01493	0.01031	0.00531	0.00516	0.00154	0.02129	0.01906	0.01911	0.00700
29	0.05537	0.09251	0.03761	0.01033	0.01392	0.05584	0.00873	0.43307	0.07010	0.05197	0.02954	0.04576	0.01020	0.00609	0.00487	0.00145	0.02064	0.00460	0.00425	0.04314

[dist]
# distance from previous block
# <min> <max>
1	21

[block]
# block no. 4 follows, 51 sequences, length 29
# corresponding to MSA columns:
# 646-674
name=unknown_E
#
# <colnr> <probs for GDERKNQSTAVLIFYWHMCP>
#	G	D	E	R	K	N	Q	S	T	A	V	L	I	F	Y	W	H	M	C	P
0	0.05371	0.13006	0.18506	0.04389	0.07750	0.07651	0.10061	0.05773	0.06565	0.05049	0.00968	0.01131	0.00751	0.00520	0.00569	0.00151	0.08762	0.00403	0.00280	0.02343
1	0.00838	0.00657	0.00811	0.07431	0.02459	0.03743	0.00617	0.01022	0.03567	0.05008	0.02282	0.12246	0.17568	0.13448	0.21732	0.00377	0.02225	0.03152	0.00356	0.00462
2	0.04464	0.01123	0.01304	0.01002	0.01387	0.01154	0.00828	0.42046	0.01864	0.37400	0.01504	0.01389	0.00997	0.00594	0.00487	0.00150	0.00481	0.00460	0.00538	0.00827
3	0.01414	0.03143	0.36684	0.03921	0.01730	0.00968	0.03812	0.03404	0.02963	0.28750	0.01415	0.07311	0.01053	0.00601	0.00491	0.00157	0.00572	0.00499	0.00379	0.00734
4	0.01305	0.09499	0.30990	0.01386	0.07949	0.04132	0.09530	0.05949	0.01202	0.13967	0.02995	0.02555	0.02800	0.00551	0.00501	0.00152	0.02025	0.01488	0.00317	0.00707
5	0.01050	0.00977	0.03416	0.01351	0.04141	0.01019	0.24020	0.01328	0.04665	0.05184	0.05002	0.09538	0.01304	0.01004	0.06667	0.05013	0.18552	0.01698	0.03506	0.00567
6	0.01881	0.01355	0.01462	0.01121	0.01513	0.01492	0.00926	0.75045	0.02275	0.06128	0.01210	0.01199	0.00851	0.00591	0.00492	0.00148	0.00536	0.00444	0.00496	0.00836
7	0.04777	0.01078	0.01264	0.06947	0.01499	0.03085	0.00848	0.28455	0.07171	0.35784	0.01542	0.01513	0.01057	0.00604	0.00489	0.00153	0.00487	0.01952	0.00509	0.00786
8	0.00785	0.00715	0.04696	0.12420	0.09213	0.00669	0.02542	0.00975	0.01013	0.02560	0.08984	0.44099	0.02421	0.01209	0.03608	0.00204	0.02022	0.00986	0.00383	0.00496
9	0.00634	0.00484	0.00583	0.00591	0.00705	0.00432	0.00431	0.00796	0.01197	0.01589	0.36596	0.21489	0.30278	0.01206	0.00591	0.00168	0.00250	0.01053	0.00493	0.00432
10	0.01664	0.02061	0.01282	0.01169	0.01415	0.66725	0.00879	0.01885	0.07196	0.01279	0.01275	0.01342	0.08586	0.00592	0.00461	0.00134	0.00785	0.00407	0.00292	0.00570
11	0.01171	0.12993	0.24700	0.08000	0.26107	0.01228	0.03810	0.02909	0.03043	0.05264	0.01022	0.04349	0.00837	0.00515	0.00486	0.00149	0.02010	0.00439	0.00263	0.00705
12	0.02205	0.00836	0.01140	0.00874	0.01254	0.00722	0.00722	0.02395	0.01407	0.80004	0.01939	0.01673	0.01216	0.00608	0.00494	0.00152	0.00418	0.00494	0.00608	0.00836
13	0.00766	0.00609	0.00832	0.00817	0.00906	0.03200	0.00637	0.00939	0.00817	0.01174	0.01276	0.01849	0.01181	0.03310	0.70814	0.00711	0.05379	0.00512	0.03821	0.00449
14	0.01331	0.03555	0.04021	0.15927	0.32371	0.05873	0.05639	0.15926	0.01330	0.04464	0.01028	0.02555	0.00826	0.02386	0.00534	0.00157	0.00609	0.00456	0.00302	0.00709
15	0.01157	0.01012	0.03910	0.00934	0.01207	0.01074	0.00753	0.05411	0.56354	0.03533	0.10776	0.02144	0.06202	0.00724	0.00508	0.00163	0.00379	0.00605	0.02438	0.00716
16	0.00599	0.00428	0.00570	0.00684	0.00713	0.00399	0.00456	0.00684	0.00941	0.01254	0.02709	0.82409	0.03250	0.01540	0.00627	0.00200	0.00285	0.01397	0.00456	0.00399
17	0.05740	0.01000	0.01324	0.04224	0.06707	0.01066	0.07698	0.22479	0.09646	0.10544	0.01596	0.19339	0.01442	0.00786	0.00568	0.00167	0.03899	0.00674	0.00427	0.00674
18	0.01436	0.18779	0.05733	0.02760	0.18680	0.09416	0.01078	0.13315	0.06186	0.07465	0.01040	0.01216	0.00834	0.00549	0.00554	0.00146	0.08034	0.01758	0.00317	0.00705
19	0.01078	0.03736	0.01131	0.04148	0.01286	0.00792	0.00658	0.05889	0.01088	0.01652	0.00880	0.01034	0.00726	0.00397	0.00407	0.00086	0.02438	0.00309	0.00296	0.71971
20	0.00622	0.00454	0.00589	0.00676	0.00729	0.00421	0.00463	0.00718	0.00950	0.01263	0.02739	0.67177	0.08529	0.04494	0.02699	0.00219	0.00323	0.03675	0.00441	0.02819
21	0.01424	0.04280	0.11041	0.08816	0.12620	0.01186	0.02331	0.28974	0.02976	0.09380	0.01284	0.08552	0.01056	0.02029	0.00528	0.00159	0.00543	0.00522	0.00384	0.01914
22	0.00928	0.00873	0.01474	0.81548	0.03385	0.01092	0.01365	0.01256	0.00983	0.01256	0.00873	0.01310	0.00655	0.00491	0.00491	0.00164	0.00655	0.00437	0.00218	0.00546
23	0.35131	0.00881	0.00977	0.00785	0.01135	0.00871	0.00648	0.02022	0.01183	0.49507	0.01447	0.01330	0.00948	0.00549	0.00420	0.00152	0.00403	0.00405	0.00489	0.00717
24	0.00877	0.01074	0.13478	0.01266	0.08489	0.03914	0.14659	0.01127	0.01058	0.01413	0.04006	0.30346	0.08717	0.03338	0.00625	0.00184	0.00510	0.04029	0.00351	0.00541
25	0.00718	0.00550	0.00820	0.00811	0.00895	0.00652	0.00634	0.00890	0.00788	0.01143	0.01288	0.01895	0.01204	0.03567	0.77451	0.00766	0.04704	0.00522	0.00261	0.00443
26	0.00623	0.00459	0.00588	0.00682	0.00747	0.00425	0.00489	0.00735	0.00999	0.01298	0.03096	0.57847	0.16709	0.01462	0.00626	0.00197	0.00302	0.11850	0.00456	0.00409
27	0.00610	0.00439	0.00581	0.00691	0.00730	0.00410	0.00474	0.00706	0.00959	0.01271	0.02785	0.74775	0.06003	0.01517	0.00629	0.00200	0.00294	0.06066	0.00456	0.00403
28	0.05439	0.04458	0.16335	0.04869	0.23164	0.04538	0.10084	0.09707	0.05489	0.09591	0.01082	0.01225	0.00807	0.00491	0.00479	0.00151	0.00610	0.00433	0.00315	0.00732

[dist]
# distance from previous block
# <min> <max>
0	1

[block]
# block no. 5 follows, 51 sequences, length 7
# corresponding to MSA columns:
# 676-682
name=unknown_F
#
# <colnr> <probs for GDERKNQSTAVLIFYWHMCP>
#	G	D	E	R	K	N	Q	S	T	A	V	L	I	F	Y	W	H	M	C	P
0	0.00745	0.00694	0.05514	0.06978	0.01147	0.00604	0.05267	0.04405	0.01072	0.01436	0.08270	0.51476	0.08019	0.01224	0.00592	0.00184	0.00377	0.01106	0.00419	0.00471
1	0.01237	0.01521	0.09950	0.09702	0.11821	0.20628	0.11160	0.01489	0.01065	0.01336	0.00854	0.01165	0.00716	0.00800	0.06906	0.00211	0.18175	0.00424	0.00236	0.00606
2	0.65822	0.05819	0.00938	0.05132	0.01154	0.05240	0.00632	0.01535	0.00926	0.07948	0.00794	0.00897	0.00602	0.00470	0.00337	0.00149	0.00433	0.00295	0.00314	0.00564
3	0.00893	0.00921	0.10946	0.01054	0.06548	0.00717	0.08333	0.01146	0.01165	0.06325	0.22520	0.07065	0.18501	0.02739	0.02512	0.00187	0.03007	0.04471	0.00406	0.00544
4	0.07684	0.14330	0.13146	0.04985	0.01511	0.08942	0.05121	0.06859	0.05571	0.03261	0.04519	0.02638	0.00972	0.00539	0.00485	0.00138	0.04431	0.00411	0.04178	0.10278
5	0.00808	0.00676	0.04327	0.00727	0.00885	0.00602	0.00576	0.01091	0.08714	0.05122	0.18369	0.22250	0.19265	0.05622	0.00718	0.00190	0.03298	0.03927	0.00452	0.02381
6	0.07467	0.13978	0.24704	0.01053	0.03116	0.03550	0.01056	0.05795	0.03799	0.08940	0.05275	0.01217	0.00956	0.00506	0.00448	0.00133	0.02150	0.00382	0.00313	0.15164

[dist]
# distance from previous block
# <min> <max>
2	11

[block]
# block no. 6 follows, 51 sequences, length 22
# corresponding to MSA columns:
# 707-728
name=unknown_G
#
# <colnr> <probs for GDERKNQSTAVLIFYWHMCP>
#	G	D	E	R	K	N	Q	S	T	A	V	L	I	F	Y	W	H	M	C	P
0	0.07077	0.07908	0.10772	0.00957	0.03458	0.06182	0.03215	0.04033	0.05916	0.08516	0.12813	0.08756	0.11774	0.00777	0.00497	0.00153	0.00453	0.02759	0.00392	0.03593
1	0.08306	0.12521	0.05048	0.01014	0.03534	0.08415	0.05821	0.06627	0.02270	0.08193	0.07489	0.08864	0.03834	0.00741	0.00486	0.00153	0.00495	0.09596	0.01960	0.04634
2	0.05713	0.49985	0.11511	0.01004	0.02713	0.12444	0.00965	0.05533	0.01120	0.01387	0.00753	0.00867	0.00641	0.00447	0.00364	0.00118	0.00588	0.00295	0.00238	0.03312
3	0.04721	0.01141	0.04118	0.04433	0.07711	0.07671	0.03987	0.13216	0.02964	0.04228	0.02504	0.01558	0.02433	0.02709	0.00506	0.00136	0.00504	0.05174	0.00340	0.29943
4	0.05818	0.13790	0.45697	0.01298	0.03300	0.01231	0.08188	0.02978	0.03262	0.04117	0.02093	0.01162	0.00772	0.00484	0.00450	0.00148	0.00641	0.01418	0.00254	0.02898
5	0.00694	0.00483	0.00565	0.00596	0.00619	0.00478	0.00365	0.00772	0.03545	0.01094	0.02017	0.27071	0.04561	0.52921	0.01808	0.00373	0.00409	0.00924	0.00357	0.00349
6	0.00597	0.00435	0.00563	0.00666	0.00708	0.00401	0.00448	0.00686	0.00958	0.01262	0.02930	0.74821	0.10695	0.01511	0.00623	0.00196	0.00282	0.01362	0.00456	0.00401
7	0.03374	0.00848	0.05750	0.00914	0.01142	0.00776	0.00801	0.12099	0.04730	0.10750	0.05160	0.08246	0.04942	0.02816	0.00630	0.00197	0.00448	0.35340	0.00459	0.00576
8	0.01159	0.05833	0.52585	0.01362	0.03244	0.03684	0.06434	0.07008	0.06199	0.04693	0.01048	0.02750	0.00781	0.00511	0.00475	0.00154	0.00671	0.00416	0.00272	0.00723
9	0.00663	0.00512	0.00613	0.00627	0.00762	0.00462	0.00493	0.00842	0.01205	0.01562	0.28328	0.06508	0.37393	0.01199	0.00602	0.00176	0.00287	0.16847	0.00483	0.00438
10	0.00738	0.00525	0.00719	0.00824	0.00908	0.00518	0.00674	0.00914	0.01055	0.01381	0.02555	0.24495	0.02860	0.07105	0.00794	0.00237	0.00413	0.52414	0.00443	0.00428
11	0.01152	0.07044	0.61074	0.01342	0.03988	0.04023	0.01588	0.01630	0.01088	0.08957	0.01013	0.01202	0.00742	0.00502	0.00466	0.00153	0.00680	0.02382	0.00255	0.00719
12	0.00880	0.00603	0.00790	0.06310	0.05183	0.00572	0.00601	0.01086	0.03758	0.10798	0.14043	0.23176	0.26158	0.01097	0.00571	0.00171	0.00331	0.02903	0.00460	0.00510
13	0.01479	0.01765	0.01482	0.26062	0.02129	0.48319	0.04829	0.01683	0.01231	0.01242	0.00841	0.01141	0.00692	0.00525	0.00504	0.00145	0.03159	0.01963	0.00245	0.00564
14	0.00967	0.02397	0.74601	0.01340	0.02015	0.01095	0.01709	0.01497	0.01015	0.01514	0.00929	0.01190	0.00704	0.06232	0.00609	0.00178	0.00709	0.00388	0.00214	0.00696
15	0.01169	0.04304	0.37479	0.03536	0.06644	0.03179	0.11631	0.04714	0.02462	0.08978	0.01275	0.05504	0.03670	0.02624	0.00546	0.00164	0.00639	0.00499	0.00295	0.00686
16	0.00631	0.00485	0.00579	0.00597	0.00712	0.00433	0.00438	0.00786	0.01169	0.01531	0.29310	0.22765	0.33584	0.01238	0.00595	0.00172	0.00259	0.03802	0.00485	0.00429
17	0.01302	0.18187	0.36385	0.01153	0.01654	0.05970	0.01265	0.07716	0.01198	0.10579	0.04979	0.01199	0.00916	0.00534	0.00507	0.00146	0.04926	0.00392	0.00297	0.00696
18	0.02438	0.24305	0.39476	0.03137	0.01739	0.04758	0.01309	0.06430	0.03323	0.05439	0.01016	0.01114	0.02504	0.00495	0.00429	0.00141	0.00624	0.00366	0.00264	0.00693
19	0.01698	0.00870	0.01031	0.00846	0.01147	0.03674	0.00682	0.09099	0.07573	0.42568	0.07609	0.03903	0.03555	0.00691	0.00493	0.00151	0.00404	0.02835	0.09162	0.02011
20	0.03711	0.09418	0.25875	0.05014	0.09338	0.06335	0.13623	0.04733	0.02116	0.04592	0.02438	0.01218	0.01979	0.00496	0.00503	0.00148	0.03097	0.00422	0.00269	0.04672
21	0.01433	0.35285	0.07657	0.01058	0.02969	0.10093	0.02828	0.11403	0.12753	0.06260	0.03135	0.01171	0.00931	0.00518	0.00417	0.00132	0.00556	0.00383	0.00327	0.00690

[dist]
# distance from previous block
# <min> <max>
0	3

[block]
# block no. 7 follows, 51 sequences, length 26
# corresponding to MSA columns:
# 738-749,764-777
name=unknown_H
#
# <colnr> <probs for GDERKNQSTAVLIFYWHMCP>
#	G	D	E	R	K	N	Q	S	T	A	V	L	I	F	Y	W	H	M	C	P
0	0.05115	0.14504	0.18753	0.01268	0.05148	0.10231	0.10678	0.03626	0.03834	0.16908	0.02416	0.01237	0.00878	0.00587	0.02586	0.00161	0.00635	0.00415	0.00327	0.00693
1	0.02632	0.14121	0.21267	0.06502	0.11579	0.03096	0.02764	0.04389	0.14908	0.10363	0.01268	0.01335	0.02600	0.00530	0.00459	0.00148	0.00562	0.00430	0.00328	0.00717
2	0.00693	0.00488	0.00613	0.00661	0.00745	0.00455	0.00469	0.00806	0.01034	0.04805	0.09318	0.48632	0.20513	0.03519	0.00681	0.00195	0.02213	0.03269	0.00460	0.00429
3	0.01265	0.07548	0.24182	0.05849	0.21222	0.06377	0.03078	0.03544	0.01150	0.10996	0.02326	0.04139	0.00977	0.03028	0.00540	0.00160	0.00607	0.02019	0.00298	0.00693
4	0.03724	0.01411	0.16460	0.08099	0.12597	0.06999	0.14593	0.03040	0.04655	0.11800	0.03123	0.01487	0.04857	0.00552	0.00536	0.00156	0.03351	0.00486	0.00319	0.01757
5	0.00633	0.00531	0.02404	0.00630	0.00749	0.00445	0.00469	0.00761	0.01042	0.01339	0.07564	0.36011	0.33487	0.04407	0.00668	0.00191	0.00296	0.04844	0.00444	0.03086
6	0.11292	0.01190	0.08351	0.15058	0.11541	0.08110	0.11647	0.03287	0.01106	0.05282	0.01321	0.11898	0.02513	0.00671	0.00503	0.00163	0.00585	0.04569	0.00310	0.00602
7	0.05110	0.10492	0.09183	0.06053	0.07177	0.03896	0.06705	0.19929	0.04505	0.11871	0.02878	0.01358	0.03226	0.00569	0.00530	0.00151	0.04845	0.00450	0.00365	0.00708
8	0.01153	0.08138	0.24292	0.07005	0.04854	0.06847	0.13207	0.03519	0.06209	0.05018	0.05891	0.03275	0.03274	0.03277	0.00575	0.00164	0.01855	0.00500	0.00299	0.00649
9	0.01221	0.01354	0.00989	0.00920	0.01109	0.36777	0.00695	0.03154	0.01335	0.01493	0.23925	0.04869	0.13974	0.00900	0.02491	0.00163	0.00573	0.03162	0.00385	0.00510
10	0.02427	0.10150	0.18967	0.05283	0.19478	0.05795	0.15349	0.06291	0.02574	0.03337	0.02709	0.01306	0.03145	0.00498	0.00482	0.00149	0.00644	0.00451	0.00274	0.00692
11	0.07220	0.03108	0.19888	0.05687	0.06395	0.04554	0.01033	0.03465	0.06010	0.19094	0.07945	0.01828	0.07624	0.00644	0.00505	0.00156	0.01905	0.01882	0.00385	0.00672
12	0.01121	0.03532	0.08851	0.17187	0.32289	0.03027	0.03871	0.04856	0.01128	0.03148	0.01304	0.05222	0.05830	0.00604	0.00545	0.00158	0.03811	0.02573	0.00281	0.00661
13	0.00693	0.00582	0.00862	0.00864	0.03592	0.00535	0.08684	0.00846	0.01051	0.01363	0.06660	0.37888	0.25366	0.02956	0.00644	0.00190	0.00354	0.05994	0.00427	0.00449
14	0.05050	0.08073	0.20045	0.03996	0.19729	0.05718	0.11607	0.01611	0.04891	0.06346	0.04389	0.01279	0.00927	0.00509	0.00519	0.00152	0.03750	0.00439	0.00282	0.00690
15	0.08421	0.07396	0.22179	0.08131	0.07145	0.04287	0.04978	0.05917	0.04694	0.09007	0.01114	0.06073	0.00905	0.00587	0.00556	0.00158	0.07018	0.00462	0.00306	0.00666
16	0.00923	0.03056	0.03537	0.00787	0.00933	0.00685	0.02366	0.09697	0.02825	0.03895	0.03979	0.34289	0.06438	0.04880	0.00793	0.08273	0.02058	0.03130	0.06974	0.00483
17	0.04690	0.01078	0.10424	0.00901	0.01190	0.02851	0.02356	0.13489	0.17026	0.04214	0.10732	0.07241	0.14107	0.04528	0.00603	0.00174	0.00428	0.00666	0.02685	0.00618
18	0.08016	0.11746	0.12365	0.07296	0.18351	0.06260	0.06787	0.04510	0.04414	0.04117	0.01112	0.03276	0.02497	0.00648	0.03214	0.00172	0.02517	0.01759	0.00284	0.00659
19	0.05728	0.11342	0.13809	0.09992	0.14828	0.08373	0.08173	0.09000	0.01231	0.04372	0.04722	0.01385	0.02290	0.00532	0.00469	0.00148	0.00610	0.02038	0.00295	0.00665
20	0.00702	0.00495	0.00610	0.00639	0.00721	0.00464	0.00446	0.00855	0.03284	0.03542	0.19407	0.34845	0.14551	0.14118	0.00899	0.00227	0.00309	0.03007	0.00455	0.00424
21	0.12629	0.06836	0.09435	0.02665	0.05533	0.10762	0.04187	0.16814	0.03102	0.18505	0.04076	0.01276	0.00963	0.00543	0.00455	0.00146	0.00555	0.00420	0.00389	0.00709
22	0.02699	0.08772	0.15877	0.03791	0.09564	0.04883	0.06873	0.09331	0.09108	0.13886	0.01404	0.02923	0.04818	0.00584	0.00518	0.00153	0.03273	0.00479	0.00356	0.00708
23	0.01863	0.00890	0.03024	0.03113	0.01314	0.00813	0.02381	0.07219	0.01355	0.55882	0.01771	0.06423	0.01248	0.00738	0.02513	0.00172	0.04305	0.00538	0.03680	0.00758
24	0.00701	0.00477	0.00550	0.00562	0.00579	0.00470	0.00336	0.00728	0.00785	0.01043	0.04180	0.10081	0.05306	0.67185	0.02142	0.00422	0.00442	0.03359	0.00330	0.00322
25	0.04618	0.07117	0.20488	0.11663	0.09548	0.10621	0.08796	0.06803	0.03421	0.07147	0.01042	0.03001	0.00817	0.02207	0.00514	0.00157	0.00646	0.00436	0.00289	0.00670

[dist]
# distance from previous block
# <min> <max>
1	7

[block]
# block no. 8 follows, 51 sequences, length 26
# corresponding to MSA columns:
# 787-810,812,813
name=unknown_I
#
# <colnr> <probs for GDERKNQSTAVLIFYWHMCP>
#	G	D	E	R	K	N	Q	S	T	A	V	L	I	F	Y	W	H	M	C	P
0	0.27665	0.07581	0.05091	0.06117	0.14581	0.16363	0.05698	0.01593	0.01074	0.05277	0.00844	0.01008	0.00665	0.00463	0.00409	0.00141	0.00583	0.00350	0.00278	0.04219
1	0.01380	0.56303	0.04394	0.05081	0.08231	0.11108	0.00959	0.01567	0.01075	0.04838	0.00786	0.00910	0.00672	0.00446	0.00366	0.00118	0.00580	0.00306	0.00237	0.00644
2	0.00676	0.00478	0.00600	0.00643	0.00702	0.00463	0.00441	0.00773	0.02801	0.01223	0.06188	0.33868	0.14113	0.17172	0.06833	0.08290	0.00409	0.03553	0.00394	0.00382
3	0.04038	0.14686	0.31249	0.06919	0.09624	0.01218	0.03085	0.04062	0.03441	0.05771	0.02367	0.02522	0.00864	0.00523	0.00481	0.00147	0.02712	0.01802	0.00274	0.04216
4	0.10584	0.04350	0.20465	0.09723	0.11114	0.02702	0.02421	0.05337	0.05506	0.18628	0.01220	0.03826	0.00908	0.00545	0.00464	0.00154	0.00554	0.00444	0.00349	0.00706
5	0.01976	0.00781	0.01055	0.00826	0.01165	0.00681	0.00676	0.02172	0.01388	0.67617	0.10657	0.01905	0.01604	0.00651	0.00497	0.00151	0.00388	0.00537	0.04497	0.00777
6	0.01068	0.00973	0.02950	0.20551	0.37590	0.00998	0.01203	0.01420	0.06277	0.04055	0.09947	0.06562	0.03058	0.00618	0.00509	0.00156	0.00520	0.00567	0.00316	0.00660
7	0.03132	0.08437	0.24144	0.10116	0.13500	0.03058	0.02737	0.06713	0.03496	0.05603	0.01286	0.07422	0.03431	0.00620	0.00501	0.00156	0.01797	0.02883	0.00301	0.00666
8	0.01204	0.00995	0.12235	0.00906	0.01173	0.00814	0.00806	0.05750	0.08968	0.19191	0.05804	0.21315	0.06176	0.00891	0.00609	0.00169	0.06613	0.00740	0.05018	0.00624
9	0.00907	0.00615	0.00732	0.00717	0.00865	0.00607	0.00529	0.02995	0.14117	0.08750	0.15432	0.32021	0.13493	0.01111	0.00563	0.00172	0.00304	0.00973	0.04568	0.00528
10	0.03191	0.00772	0.01032	0.06992	0.01238	0.02027	0.06777	0.04997	0.05675	0.12079	0.20640	0.02782	0.16297	0.04736	0.00666	0.00176	0.03159	0.03044	0.03158	0.00560
11	0.01056	0.01140	0.06479	0.39772	0.23758	0.01145	0.16731	0.01405	0.01058	0.01431	0.00912	0.01272	0.00705	0.00460	0.00506	0.00159	0.00675	0.00461	0.00230	0.00643
12	0.00687	0.00489	0.00667	0.00777	0.00842	0.00474	0.00599	0.00832	0.01019	0.01341	0.02632	0.46617	0.03027	0.03577	0.00699	0.00219	0.00364	0.34269	0.00450	0.00420
13	0.01131	0.01081	0.01775	0.24372	0.35658	0.01165	0.09179	0.01654	0.15821	0.01590	0.01122	0.01371	0.00878	0.00494	0.00500	0.00157	0.00592	0.00474	0.00286	0.00702
14	0.00703	0.00521	0.00761	0.00761	0.00839	0.00599	0.00578	0.00859	0.00781	0.01120	0.01343	0.02076	0.01292	0.12622	0.71932	0.00754	0.01221	0.00548	0.00267	0.00423
15	0.00731	0.00493	0.00702	0.02635	0.00809	0.00532	0.00519	0.00790	0.00794	0.01099	0.04079	0.11812	0.01612	0.15835	0.35580	0.18618	0.00799	0.01902	0.00293	0.00367
16	0.01232	0.04089	0.07260	0.04912	0.05961	0.06945	0.03234	0.13487	0.08419	0.07298	0.07879	0.06780	0.03796	0.01003	0.07954	0.00219	0.04325	0.04191	0.00382	0.00635
17	0.06478	0.01591	0.01389	0.21293	0.05932	0.34617	0.01039	0.11594	0.08479	0.01618	0.00960	0.01129	0.00746	0.00522	0.00461	0.00145	0.00693	0.00388	0.00300	0.00626
18	0.00773	0.00519	0.00605	0.00597	0.00748	0.00451	0.00442	0.00912	0.01150	0.09730	0.14968	0.21713	0.43174	0.01209	0.00582	0.00170	0.00272	0.01039	0.00485	0.00463
19	0.03201	0.14774	0.16329	0.11556	0.14108	0.07755	0.07861	0.02902	0.01128	0.05089	0.04120	0.02520	0.03667	0.00531	0.00462	0.00145	0.00605	0.00449	0.02149	0.00649
20	0.01273	0.20771	0.27194	0.08854	0.05163	0.11859	0.05696	0.03418	0.02919	0.05415	0.00948	0.01155	0.00743	0.00492	0.00445	0.00142	0.00661	0.01923	0.00258	0.00669
21	0.09402	0.01307	0.16432	0.08818	0.17352	0.01080	0.05041	0.09150	0.07111	0.11056	0.01332	0.05178	0.03438	0.00579	0.00483	0.00157	0.00547	0.00494	0.00344	0.00701
22	0.00705	0.00512	0.00592	0.00605	0.00735	0.00462	0.00441	0.00888	0.04110	0.04762	0.14485	0.27702	0.37331	0.01231	0.00581	0.00172	0.00269	0.01067	0.02898	0.00450
23	0.01150	0.05033	0.03517	0.11062	0.29398	0.08351	0.06210	0.05029	0.01197	0.01593	0.12660	0.04728	0.01442	0.00620	0.00557	0.00154	0.04383	0.01969	0.00306	0.00641
24	0.04366	0.10493	0.23724	0.03314	0.19675	0.06497	0.05348	0.07998	0.03118	0.03876	0.01004	0.04113	0.00818	0.00526	0.00498	0.00149	0.03075	0.00431	0.00277	0.00699
25	0.00994	0.00857	0.01396	0.16730	0.36234	0.00893	0.01093	0.02309	0.01027	0.01412	0.04683	0.13300	0.02835	0.00837	0.00724	0.12696	0.00508	0.00608	0.00286	0.00577

[dist]
# distance from previous block
# <min> <max>
0	15

# created by:
# /st0/software/busco_prod/Augustus/scripts/msa2prfl.pl ./align_prep/1129824.fa
