[name]
unknown

[dist]
# distance from previous block
# <min> <max>
0	111

[block]
# block no. 0 follows, 63 sequences, length 7
# corresponding to MSA columns:
# 121-127
name=unknown_A
#
# <colnr> <probs for GDERKNQSTAVLIFYWHMCP>
#	G	D	E	R	K	N	Q	S	T	A	V	L	I	F	Y	W	H	M	C	P
0	0.07618	0.18069	0.01219	0.00941	0.09229	0.02454	0.00721	0.10877	0.03541	0.13802	0.03837	0.01878	0.01195	0.00612	0.00429	0.00134	0.02112	0.17292	0.03487	0.00552
1	0.09325	0.02459	0.02822	0.14454	0.07154	0.04714	0.03578	0.17386	0.17644	0.03265	0.06590	0.01244	0.00982	0.00496	0.00435	0.00131	0.02994	0.00400	0.00320	0.03606
2	0.00969	0.01021	0.01277	0.61651	0.08036	0.17797	0.01103	0.01212	0.00920	0.01085	0.00730	0.01041	0.00564	0.00420	0.00412	0.00133	0.00597	0.00353	0.00194	0.00485
3	0.00923	0.18040	0.01143	0.00642	0.01013	0.00785	0.00543	0.01099	0.00868	0.01292	0.00714	0.00831	0.00606	0.00321	0.00303	0.00068	0.00340	0.00244	0.00235	0.69988
4	0.06609	0.01793	0.60842	0.01038	0.01585	0.00889	0.01265	0.01269	0.00873	0.01376	0.00742	0.00871	0.00546	0.00381	0.00372	0.00118	0.00538	0.00293	0.00198	0.18402
5	0.00898	0.06838	0.03666	0.00970	0.01058	0.03930	0.03348	0.03581	0.00796	0.01135	0.07331	0.08553	0.01075	0.04120	0.02669	0.00183	0.48682	0.00472	0.00237	0.00458
6	0.08523	0.00699	0.00917	0.05959	0.05720	0.00741	0.07855	0.05730	0.16226	0.01552	0.06142	0.09376	0.06340	0.00636	0.00415	0.00134	0.00348	0.04046	0.18143	0.00496

[dist]
# distance from previous block
# <min> <max>
0	1

[block]
# block no. 1 follows, 63 sequences, length 39
# corresponding to MSA columns:
# 129-167
name=unknown_B
#
# <colnr> <probs for GDERKNQSTAVLIFYWHMCP>
#	G	D	E	R	K	N	Q	S	T	A	V	L	I	F	Y	W	H	M	C	P
0	0.16672	0.00693	0.00872	0.10513	0.01170	0.00690	0.00621	0.04565	0.01035	0.41714	0.01453	0.15795	0.01172	0.00624	0.00414	0.00138	0.00360	0.00516	0.00409	0.00575
1	0.00939	0.00791	0.01066	0.00764	0.01141	0.00623	0.09984	0.01144	0.00903	0.05604	0.00807	0.00932	0.00646	0.00327	0.00339	0.00075	0.00360	0.00287	0.00259	0.73009
2	0.00892	0.00708	0.00841	0.00618	0.00957	0.00544	0.00492	0.01079	0.00926	0.05644	0.10398	0.01168	0.01038	0.00387	0.00339	0.00074	0.00300	0.00318	0.00288	0.72989
3	0.01042	0.22619	0.50034	0.01050	0.01564	0.01108	0.04504	0.01398	0.00921	0.10842	0.00823	0.00909	0.00598	0.00402	0.00374	0.00122	0.00551	0.00310	0.00220	0.00610
4	0.00568	0.00446	0.00529	0.00526	0.00648	0.00385	0.00384	0.00693	0.00945	0.01255	0.18854	0.29894	0.30025	0.01018	0.00489	0.00141	0.00234	0.01933	0.00388	0.10646
5	0.00636	0.00464	0.00579	0.00557	0.00581	0.00504	0.00372	0.00692	0.00700	0.00971	0.12018	0.02482	0.01697	0.54828	0.13141	0.00387	0.08224	0.00586	0.00272	0.00309
6	0.00752	0.00482	0.00711	0.00684	0.00789	0.00536	0.00536	0.00903	0.00738	0.10613	0.01189	0.01626	0.01050	0.02843	0.73780	0.00611	0.01036	0.00447	0.00260	0.00415
7	0.18841	0.18685	0.01283	0.00901	0.01157	0.49183	0.00722	0.02660	0.01039	0.01216	0.00629	0.00730	0.00526	0.00411	0.00334	0.00109	0.00604	0.00254	0.00221	0.00495
8	0.00957	0.37093	0.29610	0.00942	0.03322	0.01191	0.03675	0.02619	0.00933	0.01254	0.10293	0.01076	0.00953	0.00433	0.00356	0.00112	0.00483	0.00334	0.00221	0.04143
9	0.01250	0.08843	0.10655	0.03234	0.05450	0.09678	0.01664	0.13303	0.16462	0.14458	0.08000	0.01295	0.01083	0.00511	0.00429	0.00128	0.02196	0.00404	0.00345	0.00612
10	0.00843	0.01966	0.70325	0.10986	0.01961	0.00975	0.04569	0.01302	0.00886	0.01302	0.00757	0.00924	0.00540	0.00400	0.00406	0.00134	0.00617	0.00325	0.00180	0.00601
11	0.01749	0.00808	0.01098	0.00992	0.10694	0.00751	0.00720	0.12180	0.01274	0.62944	0.01473	0.01330	0.00954	0.00501	0.00422	0.00129	0.00388	0.00411	0.00471	0.00710
12	0.12949	0.00832	0.02699	0.41971	0.10623	0.00917	0.07847	0.01237	0.03067	0.07501	0.02916	0.01160	0.00722	0.01855	0.00452	0.00141	0.01970	0.00383	0.00241	0.00516
13	0.01011	0.00969	0.01654	0.12184	0.73227	0.00991	0.01276	0.01265	0.00943	0.01338	0.00786	0.01050	0.00653	0.00380	0.00417	0.00127	0.00507	0.00374	0.00206	0.00642
14	0.00623	0.00485	0.00744	0.10503	0.01003	0.00574	0.00601	0.00789	0.00695	0.00987	0.01081	0.01589	0.00993	0.02831	0.73780	0.00613	0.01059	0.00441	0.00221	0.00386
15	0.01038	0.00862	0.00898	0.00797	0.01027	0.02583	0.00625	0.11516	0.52935	0.03370	0.03154	0.01975	0.14141	0.00656	0.00441	0.00141	0.00338	0.02477	0.00418	0.00609
16	0.02655	0.03285	0.03066	0.06005	0.04829	0.04696	0.11061	0.17033	0.21250	0.04969	0.01091	0.01218	0.00841	0.00704	0.03994	0.10465	0.01551	0.00407	0.00314	0.00565
17	0.11743	0.01569	0.01149	0.00986	0.01236	0.45562	0.00771	0.25660	0.01350	0.01619	0.00747	0.00832	0.00584	0.00462	0.00419	0.00119	0.04057	0.00302	0.00282	0.00551
18	0.01462	0.01110	0.01185	0.00940	0.01252	0.01240	0.00766	0.61753	0.21647	0.02430	0.01182	0.01147	0.00855	0.00521	0.00422	0.00130	0.00431	0.00402	0.00422	0.00703
19	0.00809	0.00767	0.01264	0.74482	0.02685	0.00975	0.01138	0.01067	0.00818	0.01067	0.00724	0.01097	0.00559	0.00457	0.00533	0.00145	0.10386	0.00373	0.00186	0.00466
20	0.00620	0.00507	0.00568	0.00593	0.00721	0.02548	0.00480	0.00810	0.04311	0.01251	0.10258	0.04027	0.41648	0.01044	0.00521	0.00159	0.00292	0.28864	0.00393	0.00386
21	0.00700	0.00642	0.01020	0.05286	0.03487	0.00603	0.18375	0.00930	0.03931	0.02520	0.10876	0.02976	0.40659	0.00811	0.00491	0.00143	0.00365	0.05398	0.00345	0.00440
22	0.01154	0.25077	0.27941	0.01029	0.01432	0.15801	0.05305	0.06630	0.03662	0.04241	0.00768	0.00870	0.00597	0.00420	0.00402	0.00119	0.03445	0.00305	0.00224	0.00577
23	0.00507	0.00426	0.00441	0.00437	0.00574	0.00359	0.00328	0.00624	0.00983	0.01195	0.12711	0.03948	0.73944	0.01042	0.00497	0.00141	0.00211	0.00873	0.00398	0.00359
24	0.00992	0.01134	0.02481	0.01772	0.02197	0.01063	0.81077	0.01347	0.00992	0.01347	0.00850	0.01134	0.00638	0.00354	0.00496	0.00142	0.00709	0.00496	0.00213	0.00567
25	0.02665	0.00874	0.02726	0.03983	0.01167	0.02797	0.02889	0.12752	0.26050	0.22970	0.06351	0.03512	0.01280	0.02874	0.00500	0.00146	0.02076	0.03359	0.00413	0.00618
26	0.01018	0.06407	0.15747	0.21314	0.09888	0.01054	0.18040	0.07834	0.06872	0.04563	0.00887	0.01079	0.00664	0.00423	0.00445	0.00134	0.02419	0.00389	0.00242	0.00583
27	0.00639	0.00459	0.00631	0.00725	0.00809	0.00452	0.00609	0.00806	0.00936	0.01218	0.02321	0.20088	0.05551	0.01187	0.00569	0.00187	0.00353	0.61695	0.00388	0.00377
28	0.01403	0.00914	0.01025	0.00844	0.01127	0.00987	0.00678	0.23636	0.37056	0.22714	0.01496	0.01381	0.01060	0.00537	0.00420	0.00134	0.00370	0.00433	0.03100	0.00683
29	0.13299	0.01587	0.45751	0.06408	0.01576	0.04722	0.03718	0.01250	0.00852	0.02576	0.00801	0.03807	0.00641	0.00602	0.04864	0.00166	0.06274	0.00350	0.00208	0.00548
30	0.00794	0.00747	0.01261	0.84216	0.02895	0.00934	0.01167	0.01074	0.00841	0.01074	0.00747	0.01121	0.00560	0.00420	0.00420	0.00140	0.00560	0.00374	0.00187	0.00467
31	0.01849	0.00705	0.00956	0.00736	0.01054	0.00610	0.00607	0.02013	0.01192	0.80167	0.01649	0.01435	0.01042	0.00519	0.00418	0.00129	0.00352	0.00422	0.03440	0.00705
32	0.00524	0.00388	0.00490	0.00554	0.00611	0.00354	0.00385	0.00621	0.00884	0.01162	0.12146	0.57815	0.17973	0.01211	0.00525	0.00161	0.00237	0.03209	0.00399	0.00352
33	0.00877	0.02094	0.76614	0.01214	0.01816	0.00992	0.04874	0.04302	0.00932	0.01381	0.00768	0.00902	0.00544	0.00401	0.00404	0.00133	0.00619	0.00321	0.00188	0.00622
34	0.00515	0.00369	0.00490	0.00586	0.00614	0.00344	0.00394	0.00591	0.00811	0.01078	0.02353	0.81897	0.04331	0.01309	0.00537	0.00171	0.00246	0.02632	0.00390	0.00343
35	0.00512	0.00366	0.00488	0.00585	0.00610	0.00341	0.00390	0.00585	0.00805	0.01073	0.02317	0.84952	0.02780	0.01317	0.00537	0.00171	0.00244	0.01195	0.00390	0.00341
36	0.02438	0.18458	0.02820	0.00813	0.01082	0.14968	0.01645	0.08093	0.01946	0.24290	0.01901	0.03600	0.00916	0.00815	0.10166	0.00184	0.00544	0.02137	0.02621	0.00563
37	0.00525	0.00378	0.00499	0.00586	0.00621	0.00351	0.00397	0.00603	0.00810	0.01081	0.02304	0.78636	0.04140	0.02458	0.00555	0.00172	0.00251	0.03161	0.00385	0.02088
38	0.00925	0.09349	0.04134	0.01972	0.05113	0.00760	0.03352	0.02459	0.03799	0.01360	0.00776	0.00900	0.00638	0.00338	0.00329	0.00078	0.00366	0.00275	0.00245	0.62830

[dist]
# distance from previous block
# <min> <max>
1	11

[block]
# block no. 2 follows, 63 sequences, length 21
# corresponding to MSA columns:
# 179-199
name=unknown_C
#
# <colnr> <probs for GDERKNQSTAVLIFYWHMCP>
#	G	D	E	R	K	N	Q	S	T	A	V	L	I	F	Y	W	H	M	C	P
0	0.03537	0.00841	0.00947	0.00699	0.01053	0.00742	0.00565	0.19727	0.01132	0.03475	0.00837	0.00926	0.00658	0.00367	0.00337	0.00081	0.00345	0.00285	0.02175	0.61270
1	0.06256	0.00800	0.01001	0.10669	0.07595	0.00861	0.02700	0.23937	0.01219	0.10909	0.01195	0.01301	0.03509	0.00497	0.00409	0.00123	0.02766	0.00397	0.23296	0.00559
2	0.00567	0.00407	0.00537	0.00592	0.00622	0.00412	0.00408	0.00643	0.00749	0.01010	0.01874	0.46875	0.02173	0.21109	0.12735	0.00299	0.02133	0.06192	0.00331	0.00332
3	0.00511	0.00389	0.00471	0.00529	0.00597	0.00349	0.00367	0.00602	0.00877	0.01127	0.07229	0.53410	0.29612	0.01208	0.00521	0.00159	0.00231	0.01068	0.00394	0.00349
4	0.00512	0.00366	0.00488	0.00585	0.00610	0.00341	0.00390	0.00585	0.00805	0.01073	0.02317	0.84952	0.02780	0.01317	0.00537	0.00171	0.00244	0.01195	0.00390	0.00341
5	0.01124	0.85479	0.02203	0.00719	0.01079	0.01663	0.00719	0.01259	0.00854	0.00989	0.00584	0.00674	0.00539	0.00360	0.00270	0.00090	0.00450	0.00225	0.00180	0.00539
6	0.00520	0.00420	0.00462	0.00466	0.00586	0.00362	0.00344	0.00643	0.00991	0.01248	0.21001	0.12896	0.56492	0.01048	0.00501	0.00143	0.00213	0.00894	0.00406	0.00362
7	0.88196	0.00813	0.00618	0.00553	0.00813	0.00943	0.00455	0.01236	0.00715	0.01886	0.00585	0.00683	0.00455	0.00390	0.00260	0.00130	0.00325	0.00228	0.00260	0.00455
8	0.00846	0.00452	0.00458	0.00436	0.00552	0.00461	0.00332	0.07107	0.00965	0.01650	0.01344	0.01525	0.01050	0.00491	0.00304	0.00100	0.00216	0.00391	0.80905	0.00416
9	0.88196	0.00813	0.00618	0.00553	0.00813	0.00943	0.00455	0.01236	0.00715	0.01886	0.00585	0.00683	0.00455	0.00390	0.00260	0.00130	0.00325	0.00228	0.00260	0.00455
10	0.01534	0.01146	0.01226	0.00954	0.01279	0.01274	0.00784	0.72062	0.11221	0.02546	0.01090	0.01074	0.00781	0.00512	0.00421	0.00128	0.00448	0.00390	0.00421	0.00709
11	0.88196	0.00813	0.00618	0.00553	0.00813	0.00943	0.00455	0.01236	0.00715	0.01886	0.00585	0.00683	0.00455	0.00390	0.00260	0.00130	0.00325	0.00228	0.00260	0.00455
12	0.00521	0.00377	0.00494	0.00584	0.00622	0.00351	0.00402	0.00603	0.00826	0.01089	0.02460	0.74096	0.08843	0.01289	0.00536	0.00170	0.00250	0.05753	0.00390	0.00345
13	0.01598	0.01177	0.01262	0.00967	0.01304	0.01304	0.00799	0.81202	0.01976	0.02649	0.01009	0.01009	0.00715	0.00505	0.00421	0.00126	0.00463	0.00378	0.00421	0.00715
14	0.76533	0.00862	0.00705	0.00609	0.00879	0.00992	0.00502	0.12005	0.00885	0.01989	0.00642	0.00727	0.00490	0.00406	0.00282	0.00130	0.00344	0.00248	0.00282	0.00490
15	0.01097	0.10367	0.56077	0.01144	0.01671	0.03873	0.01321	0.14758	0.02729	0.01582	0.00867	0.00994	0.00647	0.00465	0.00420	0.00140	0.00598	0.00339	0.00250	0.00661
16	0.00713	0.00527	0.00616	0.00577	0.00715	0.00526	0.00440	0.03040	0.11950	0.04490	0.25731	0.04658	0.27188	0.02429	0.08261	0.01418	0.01535	0.00690	0.04062	0.00432
17	0.00617	0.00408	0.00514	0.00560	0.00637	0.00368	0.00392	0.00709	0.00885	0.07361	0.05923	0.57386	0.20308	0.01182	0.00517	0.00160	0.00244	0.01050	0.00403	0.00375
18	0.01163	0.05457	0.19615	0.00949	0.01300	0.01108	0.00898	0.29037	0.27368	0.01890	0.01233	0.06040	0.00969	0.00542	0.00417	0.00134	0.00443	0.00434	0.00354	0.00647
19	0.01108	0.18989	0.39374	0.03058	0.03279	0.03873	0.03849	0.11840	0.02493	0.07126	0.00833	0.00922	0.00614	0.00416	0.00381	0.00123	0.00545	0.00320	0.00242	0.00615
20	0.03513	0.02256	0.20313	0.01052	0.02490	0.06818	0.14105	0.05150	0.00991	0.11116	0.05198	0.02635	0.02460	0.07084	0.03368	0.00176	0.05115	0.04246	0.00282	0.01633

[dist]
# distance from previous block
# <min> <max>
0	7

[block]
# block no. 3 follows, 63 sequences, length 19
# corresponding to MSA columns:
# 207-225
name=unknown_D
#
# <colnr> <probs for GDERKNQSTAVLIFYWHMCP>
#	G	D	E	R	K	N	Q	S	T	A	V	L	I	F	Y	W	H	M	C	P
0	0.63333	0.07235	0.02313	0.00629	0.00919	0.04238	0.01929	0.01235	0.00774	0.01696	0.00617	0.00722	0.00492	0.00379	0.00279	0.00117	0.00362	0.00238	0.00249	0.12244
1	0.00895	0.00887	0.01273	0.01088	0.01108	0.01217	0.03327	0.01000	0.00657	0.01019	0.00609	0.00987	0.00596	0.00925	0.08184	0.00224	0.74980	0.00379	0.00188	0.00456
2	0.00786	0.00740	0.02195	0.00776	0.00912	0.07827	0.05024	0.01057	0.09906	0.01286	0.17133	0.05405	0.11972	0.05610	0.08938	0.00215	0.09017	0.09267	0.01499	0.00436
3	0.00758	0.00377	0.00556	0.00549	0.00559	0.00374	0.00368	0.00593	0.00569	0.03067	0.00782	0.01346	0.00773	0.05037	0.01630	0.81522	0.00367	0.00377	0.00195	0.00201
4	0.00626	0.00447	0.00527	0.00507	0.00633	0.00403	0.00385	0.00802	0.02620	0.04667	0.38494	0.05707	0.34196	0.00927	0.00487	0.00138	0.00220	0.03443	0.04375	0.00396
5	0.88196	0.00813	0.00618	0.00553	0.00813	0.00943	0.00455	0.01236	0.00715	0.01886	0.00585	0.00683	0.00455	0.00390	0.00260	0.00130	0.00325	0.00228	0.00260	0.00455
6	0.00586	0.00427	0.00560	0.00610	0.00687	0.00406	0.00470	0.00729	0.00954	0.01272	0.21603	0.27490	0.11669	0.03814	0.02602	0.00185	0.00300	0.24870	0.00398	0.00368
7	0.01124	0.85479	0.02203	0.00719	0.01079	0.01663	0.00719	0.01259	0.00854	0.00989	0.00584	0.00674	0.00539	0.00360	0.00270	0.00090	0.00450	0.00225	0.00180	0.00539
8	0.00508	0.00426	0.00441	0.00437	0.00574	0.00359	0.00328	0.00624	0.00984	0.01196	0.12857	0.03946	0.73797	0.01042	0.00497	0.00141	0.00211	0.00873	0.00398	0.00359
9	0.01617	0.01147	0.01243	0.00953	0.01289	0.01259	0.00787	0.76029	0.01926	0.07894	0.01052	0.01037	0.00736	0.00506	0.00421	0.00126	0.00456	0.00381	0.00427	0.00715
10	0.02438	0.02013	0.06120	0.07464	0.14837	0.00830	0.01852	0.10961	0.04813	0.14044	0.00997	0.02589	0.00762	0.00424	0.00383	0.00109	0.00413	0.00356	0.00305	0.28292
11	0.01620	0.02570	0.01170	0.00888	0.01205	0.03901	0.00733	0.45102	0.01580	0.27875	0.01164	0.01118	0.00798	0.00506	0.00452	0.00126	0.03948	0.00380	0.00423	0.04440
12	0.00677	0.00484	0.00677	0.00774	0.00871	0.00484	0.00677	0.00871	0.00968	0.01258	0.02226	0.04742	0.02419	0.01161	0.00581	0.00194	0.00387	0.79775	0.00387	0.00387
13	0.00512	0.00366	0.00488	0.00585	0.00610	0.00341	0.00390	0.00585	0.00805	0.01073	0.02317	0.84952	0.02780	0.01317	0.00537	0.00171	0.00244	0.01195	0.00390	0.00341
14	0.05498	0.47839	0.14689	0.00875	0.03630	0.03756	0.00853	0.05390	0.00959	0.10635	0.00764	0.00830	0.00605	0.00402	0.00339	0.00108	0.01735	0.00277	0.00237	0.00578
15	0.00661	0.00528	0.02085	0.00576	0.00725	0.00476	0.02345	0.00930	0.08432	0.04113	0.45467	0.03129	0.27205	0.00864	0.00486	0.00136	0.00240	0.00748	0.00429	0.00427
16	0.08529	0.00723	0.00948	0.00733	0.01053	0.00643	0.00605	0.01986	0.01166	0.76661	0.01576	0.01373	0.00996	0.00510	0.00410	0.00130	0.00355	0.00408	0.00500	0.00695
17	0.00690	0.00543	0.00758	0.06427	0.04403	0.02319	0.03970	0.02221	0.00927	0.03960	0.15837	0.45987	0.04546	0.02156	0.00552	0.00158	0.02872	0.00897	0.00367	0.00408
18	0.00949	0.16949	0.50373	0.01177	0.01694	0.01115	0.13800	0.04920	0.00940	0.01319	0.00750	0.00902	0.00563	0.00413	0.00419	0.02011	0.00591	0.00328	0.00195	0.00593

[dist]
# distance from previous block
# <min> <max>
3	5

[block]
# block no. 4 follows, 63 sequences, length 32
# corresponding to MSA columns:
# 231-262
name=unknown_E
#
# <colnr> <probs for GDERKNQSTAVLIFYWHMCP>
#	G	D	E	R	K	N	Q	S	T	A	V	L	I	F	Y	W	H	M	C	P
0	0.00986	0.16742	0.59210	0.01091	0.01631	0.02536	0.02673	0.03692	0.00937	0.05665	0.00780	0.00884	0.00568	0.00402	0.00380	0.00125	0.00576	0.00306	0.00205	0.00611
1	0.88196	0.00813	0.00618	0.00553	0.00813	0.00943	0.00455	0.01236	0.00715	0.01886	0.00585	0.00683	0.00455	0.00390	0.00260	0.00130	0.00325	0.00228	0.00260	0.00455
2	0.04639	0.79493	0.02110	0.00720	0.01075	0.01623	0.00711	0.03707	0.00883	0.01076	0.00597	0.00685	0.00541	0.00365	0.00274	0.00093	0.00445	0.00230	0.00190	0.00541
3	0.00532	0.00381	0.00502	0.00576	0.00615	0.00356	0.00394	0.00625	0.00863	0.01160	0.13826	0.66619	0.04685	0.03688	0.00578	0.00172	0.00246	0.03439	0.00397	0.00348
4	0.00575	0.00408	0.00496	0.00534	0.00597	0.00384	0.00378	0.00675	0.00863	0.01155	0.11878	0.29301	0.17173	0.18292	0.00843	0.00208	0.00280	0.10144	0.05476	0.00341
5	0.00555	0.00447	0.01959	0.00653	0.00708	0.00412	0.03808	0.00653	0.00821	0.01107	0.03664	0.73228	0.04088	0.01218	0.00552	0.00167	0.02723	0.01100	0.01775	0.00361
6	0.31890	0.00848	0.01098	0.00905	0.03517	0.00881	0.12689	0.09202	0.01020	0.22908	0.01062	0.05686	0.00811	0.00495	0.00415	0.00135	0.03434	0.00400	0.02039	0.00564
7	0.01124	0.85479	0.02203	0.00719	0.01079	0.01663	0.00719	0.01259	0.00854	0.00989	0.00584	0.00674	0.00539	0.00360	0.00270	0.00090	0.00450	0.00225	0.00180	0.00539
8	0.00700	0.00470	0.00616	0.00666	0.00778	0.00444	0.00550	0.00857	0.00967	0.06993	0.05169	0.15432	0.19041	0.01108	0.00543	0.00173	0.00323	0.44371	0.00400	0.00398
9	0.88196	0.00813	0.00618	0.00553	0.00813	0.00943	0.00455	0.01236	0.00715	0.01886	0.00585	0.00683	0.00455	0.00390	0.00260	0.00130	0.00325	0.00228	0.00260	0.00455
10	0.01015	0.07194	0.08323	0.01431	0.01797	0.03732	0.50367	0.01326	0.02141	0.04708	0.00909	0.03542	0.00724	0.00483	0.02134	0.00148	0.06113	0.00460	0.02903	0.00552
11	0.88196	0.00813	0.00618	0.00553	0.00813	0.00943	0.00455	0.01236	0.00715	0.01886	0.00585	0.00683	0.00455	0.00390	0.00260	0.00130	0.00325	0.00228	0.00260	0.00455
12	0.00578	0.00418	0.00533	0.00574	0.00652	0.00391	0.00431	0.00716	0.00963	0.01296	0.24944	0.28894	0.14537	0.04122	0.00579	0.00167	0.00260	0.16640	0.02941	0.00366
13	0.21406	0.00737	0.00780	0.00597	0.00911	0.00650	0.00475	0.02615	0.00850	0.03385	0.00792	0.00975	0.00663	0.05079	0.00405	0.00102	0.00319	0.00276	0.03736	0.55246
14	0.00594	0.00402	0.00462	0.00476	0.00483	0.00397	0.00276	0.00607	0.00649	0.00861	0.01550	0.14521	0.04025	0.70838	0.01864	0.00366	0.00379	0.00703	0.00278	0.00270
15	0.00838	0.00800	0.01377	0.68909	0.14433	0.00949	0.04539	0.01117	0.00864	0.01129	0.00758	0.01110	0.00579	0.00411	0.00423	0.00138	0.00558	0.00379	0.00191	0.00500
16	0.03852	0.00751	0.00896	0.00666	0.01011	0.00621	0.00539	0.05841	0.01024	0.23955	0.01156	0.01161	0.04172	0.00414	0.00354	0.00090	0.00329	0.00330	0.00340	0.52495
17	0.88196	0.00813	0.00618	0.00553	0.00813	0.00943	0.00455	0.01236	0.00715	0.01886	0.00585	0.00683	0.00455	0.00390	0.00260	0.00130	0.00325	0.00228	0.00260	0.00455
18	0.01091	0.00832	0.00907	0.00785	0.01012	0.00917	0.00622	0.20792	0.37942	0.04386	0.12614	0.01853	0.04681	0.00627	0.00435	0.00136	0.00335	0.03319	0.06113	0.00602
19	0.00601	0.00410	0.00463	0.00468	0.00483	0.00404	0.00275	0.00617	0.00655	0.00861	0.01620	0.04810	0.08396	0.73797	0.01920	0.00374	0.00387	0.02916	0.00273	0.00269
20	0.01124	0.85479	0.02203	0.00719	0.01079	0.01663	0.00719	0.01259	0.00854	0.00989	0.00584	0.00674	0.00539	0.00360	0.00270	0.00090	0.00450	0.00225	0.00180	0.00539
21	0.73170	0.00796	0.00680	0.00587	0.00858	0.00886	0.00484	0.01377	0.00800	0.15989	0.00772	0.00813	0.00557	0.00413	0.00288	0.00130	0.00331	0.00262	0.00305	0.00501
22	0.01575	0.00635	0.00842	0.00671	0.00936	0.00559	0.00545	0.01747	0.01155	0.61587	0.11006	0.01650	0.01386	0.00555	0.00412	0.00126	0.00316	0.00457	0.13210	0.00631
23	0.00513	0.00428	0.00449	0.00447	0.00582	0.00363	0.00337	0.00633	0.00988	0.01208	0.14059	0.03947	0.70721	0.01041	0.00499	0.00142	0.00215	0.02668	0.00399	0.00361
24	0.01598	0.01177	0.01262	0.00967	0.01304	0.01304	0.00799	0.81202	0.01976	0.02649	0.01009	0.01009	0.00715	0.00505	0.00421	0.00126	0.00463	0.00378	0.00421	0.00715
25	0.00505	0.00426	0.00438	0.00435	0.00573	0.00358	0.00326	0.00620	0.00978	0.01183	0.10965	0.03968	0.75698	0.01047	0.00497	0.00141	0.00212	0.00876	0.00397	0.00358
26	0.01598	0.01177	0.01262	0.00967	0.01304	0.01304	0.00799	0.81202	0.01976	0.02649	0.01009	0.01009	0.00715	0.00505	0.00421	0.00126	0.00463	0.00378	0.00421	0.00715
27	0.01675	0.00669	0.00908	0.00712	0.01000	0.00582	0.00582	0.01843	0.01201	0.69593	0.14881	0.01711	0.01520	0.00576	0.00435	0.00130	0.00332	0.00478	0.00511	0.00663
28	0.00527	0.00403	0.00484	0.00515	0.00599	0.00360	0.00367	0.00643	0.00954	0.01246	0.22648	0.36041	0.31468	0.01115	0.00512	0.00151	0.00222	0.00979	0.00408	0.00360
29	0.00992	0.01134	0.02481	0.01772	0.02197	0.01063	0.81077	0.01347	0.00992	0.01347	0.00850	0.01134	0.00638	0.00354	0.00496	0.00142	0.00709	0.00496	0.00213	0.00567
30	0.00730	0.00365	0.00548	0.00548	0.00548	0.00365	0.00365	0.00548	0.00548	0.00730	0.00730	0.01278	0.00730	0.01460	0.01643	0.87769	0.00365	0.00365	0.00183	0.00183
31	0.00512	0.00366	0.00488	0.00585	0.00610	0.00341	0.00390	0.00585	0.00805	0.01073	0.02317	0.84952	0.02780	0.01317	0.00537	0.00171	0.00244	0.01195	0.00390	0.00341

[dist]
# distance from previous block
# <min> <max>
0	22

[block]
# block no. 5 follows, 63 sequences, length 8
# corresponding to MSA columns:
# 285-292
name=unknown_F
#
# <colnr> <probs for GDERKNQSTAVLIFYWHMCP>
#	G	D	E	R	K	N	Q	S	T	A	V	L	I	F	Y	W	H	M	C	P
0	0.00752	0.00390	0.00403	0.00412	0.00498	0.00388	0.00300	0.00928	0.00862	0.01488	0.01450	0.08746	0.01245	0.04681	0.00404	0.00119	0.00210	0.00471	0.75870	0.00381
1	0.01434	0.01747	0.01238	0.01093	0.01293	0.64079	0.04201	0.04743	0.01132	0.01103	0.00682	0.00840	0.00575	0.00581	0.03992	0.00143	0.10110	0.00303	0.00221	0.00492
2	0.01886	0.00715	0.00976	0.00748	0.01073	0.00618	0.00618	0.02049	0.01203	0.82895	0.01658	0.01431	0.01041	0.00520	0.00423	0.00130	0.00358	0.00423	0.00520	0.00715
3	0.01152	0.50466	0.19688	0.00897	0.01285	0.17978	0.00920	0.01359	0.00929	0.01072	0.00635	0.00738	0.00538	0.00383	0.00320	0.00103	0.00549	0.00253	0.00187	0.00547
4	0.01156	0.01001	0.01410	0.05608	0.41710	0.04253	0.02873	0.12849	0.13614	0.06241	0.01146	0.01255	0.04047	0.00463	0.00423	0.00129	0.00467	0.00413	0.00297	0.00645
5	0.04224	0.01051	0.01313	0.11004	0.17408	0.02959	0.02594	0.39941	0.06655	0.07180	0.00997	0.01077	0.00730	0.00466	0.00416	0.00129	0.00473	0.00381	0.00344	0.00656
6	0.07390	0.17872	0.11277	0.00880	0.01198	0.01165	0.03442	0.24802	0.10284	0.01713	0.01032	0.01111	0.03073	0.00608	0.04330	0.00150	0.04302	0.00362	0.04423	0.00586
7	0.01001	0.04133	0.08170	0.01076	0.01242	0.08247	0.08875	0.01246	0.06619	0.04462	0.08514	0.01193	0.00954	0.00621	0.00893	0.00156	0.41435	0.00409	0.00246	0.00508

[dist]
# distance from previous block
# <min> <max>
0	2

[block]
# block no. 6 follows, 63 sequences, length 59
# corresponding to MSA columns:
# 295-353
name=unknown_G
#
# <colnr> <probs for GDERKNQSTAVLIFYWHMCP>
#	G	D	E	R	K	N	Q	S	T	A	V	L	I	F	Y	W	H	M	C	P
0	0.01277	0.18676	0.05777	0.04950	0.03636	0.20302	0.00816	0.22554	0.03228	0.03304	0.04754	0.01128	0.04202	0.00494	0.00416	0.00119	0.03151	0.00360	0.00289	0.00569
1	0.00916	0.00761	0.00887	0.00637	0.01008	0.00586	0.00511	0.03745	0.00915	0.03043	0.00774	0.00887	0.00634	0.00322	0.00317	0.00066	0.00317	0.00257	0.00260	0.83158
2	0.01008	0.00858	0.06189	0.23427	0.08057	0.00799	0.06326	0.02160	0.05970	0.13542	0.06790	0.02781	0.02796	0.00486	0.00437	0.00125	0.02348	0.00424	0.00295	0.15182
3	0.14549	0.00890	0.01344	0.06461	0.38936	0.02796	0.06945	0.01236	0.00909	0.06759	0.01018	0.10237	0.01943	0.00515	0.00448	0.00135	0.03598	0.00458	0.00258	0.00566
4	0.00794	0.00747	0.01261	0.84216	0.02895	0.00934	0.01167	0.01074	0.00841	0.01074	0.00747	0.01121	0.00560	0.00420	0.00420	0.00140	0.00560	0.00374	0.00187	0.00467
5	0.00527	0.00377	0.00505	0.00602	0.00633	0.00354	0.00416	0.00611	0.00820	0.01090	0.02309	0.77684	0.02748	0.01303	0.00541	0.00173	0.00257	0.08316	0.00390	0.00346
6	0.00963	0.00837	0.01132	0.06005	0.20905	0.06273	0.03274	0.09044	0.03054	0.04007	0.01113	0.08691	0.01041	0.06762	0.17486	0.00266	0.05889	0.02478	0.00270	0.00512
7	0.01043	0.00804	0.01206	0.41686	0.12689	0.02815	0.02236	0.03978	0.03540	0.13546	0.01024	0.01256	0.01947	0.02213	0.00480	0.00140	0.03142	0.00398	0.05322	0.00537
8	0.00611	0.00408	0.00458	0.00458	0.00458	0.00408	0.00255	0.00611	0.00611	0.00815	0.01325	0.02751	0.01528	0.85226	0.02140	0.00408	0.00408	0.00611	0.00255	0.00255
9	0.00611	0.00408	0.00458	0.00458	0.00458	0.00408	0.00255	0.00611	0.00611	0.00815	0.01325	0.02751	0.01528	0.85226	0.02140	0.00408	0.00408	0.00611	0.00255	0.00255
10	0.09546	0.03401	0.16475	0.00969	0.01303	0.13162	0.05053	0.21342	0.12670	0.02802	0.02816	0.01188	0.00846	0.00490	0.00399	0.00129	0.00498	0.02897	0.03424	0.00591
11	0.16853	0.00961	0.00978	0.00833	0.01101	0.01094	0.00667	0.25447	0.42161	0.02037	0.01310	0.01300	0.00986	0.00529	0.00398	0.00136	0.00371	0.01805	0.00395	0.00637
12	0.00512	0.00366	0.00488	0.00585	0.00610	0.00341	0.00390	0.00585	0.00805	0.01073	0.02317	0.84952	0.02780	0.01317	0.00537	0.00171	0.00244	0.01195	0.00390	0.00341
13	0.00614	0.00465	0.00677	0.00670	0.00734	0.00543	0.00513	0.00746	0.00668	0.00960	0.01124	0.01739	0.01082	0.11749	0.71653	0.00628	0.04380	0.00464	0.00227	0.00366
14	0.06585	0.00841	0.01050	0.11340	0.02725	0.00870	0.00739	0.23277	0.03951	0.34970	0.01372	0.01504	0.02239	0.00548	0.00425	0.00135	0.00411	0.05963	0.00416	0.00638
15	0.01346	0.00810	0.00897	0.00721	0.00969	0.00850	0.00585	0.37978	0.01448	0.16280	0.03198	0.01325	0.00974	0.00511	0.00379	0.00117	0.00347	0.00400	0.30270	0.00597
16	0.00537	0.00384	0.00517	0.00614	0.00650	0.00363	0.00434	0.00629	0.00830	0.01101	0.02303	0.72705	0.02725	0.01293	0.00543	0.00174	0.00266	0.13193	0.00390	0.00348
17	0.05609	0.00879	0.01187	0.21269	0.17656	0.02532	0.00894	0.15957	0.06072	0.14589	0.07049	0.01288	0.00984	0.00484	0.00415	0.00131	0.00444	0.00408	0.01557	0.00597
18	0.00856	0.00838	0.01286	0.72857	0.07971	0.05659	0.01151	0.01122	0.00865	0.01090	0.00741	0.01092	0.00566	0.00423	0.00433	0.00138	0.01873	0.00368	0.00190	0.00481
19	0.75862	0.00851	0.00682	0.00596	0.00863	0.02254	0.00488	0.05451	0.03539	0.01888	0.00653	0.00739	0.00505	0.00400	0.00278	0.00127	0.00339	0.00245	0.00273	0.03967
20	0.28340	0.00832	0.00915	0.00730	0.01034	0.00851	0.00601	0.15615	0.03739	0.41426	0.01217	0.01132	0.00812	0.00479	0.00373	0.00130	0.00365	0.00357	0.00420	0.00634
21	0.00836	0.00790	0.01337	0.70315	0.16468	0.00945	0.01188	0.01111	0.00860	0.01125	0.00755	0.01107	0.00578	0.00412	0.00420	0.00137	0.00550	0.00374	0.00190	0.00501
22	0.01824	0.00700	0.00950	0.00734	0.01043	0.00608	0.00600	0.01979	0.01174	0.78898	0.01642	0.01495	0.01064	0.04646	0.00506	0.00144	0.00360	0.00432	0.00507	0.00693
23	0.00615	0.00434	0.00567	0.00531	0.00635	0.00400	0.00399	0.00812	0.01187	0.03042	0.79860	0.03125	0.05088	0.00857	0.00495	0.00132	0.00201	0.00756	0.00463	0.00401
24	0.00676	0.00411	0.00489	0.00508	0.00550	0.00400	0.00331	0.00742	0.00749	0.05019	0.01652	0.25017	0.01807	0.41595	0.01267	0.00272	0.00326	0.03619	0.14241	0.00328
25	0.00992	0.01134	0.02481	0.01772	0.02197	0.01063	0.81077	0.01347	0.00992	0.01347	0.00850	0.01134	0.00638	0.00354	0.00496	0.00142	0.00709	0.00496	0.00213	0.00567
26	0.00585	0.00408	0.00474	0.00484	0.00513	0.00397	0.00299	0.00626	0.00720	0.00954	0.07826	0.13082	0.10939	0.56059	0.04608	0.00338	0.00376	0.00720	0.00301	0.00292
27	0.00601	0.00450	0.00676	0.00676	0.00751	0.00525	0.00525	0.00751	0.00676	0.00976	0.01126	0.01651	0.01051	0.03153	0.83560	0.00676	0.01126	0.00450	0.00225	0.00375
28	0.00907	0.00746	0.00875	0.00627	0.00999	0.00562	0.00502	0.01093	0.00883	0.04203	0.00779	0.00891	0.00637	0.00319	0.00315	0.00065	0.00313	0.00255	0.00258	0.84769
29	0.00934	0.04720	0.55560	0.01488	0.20204	0.01021	0.02499	0.04498	0.02699	0.01391	0.00789	0.00938	0.00588	0.00400	0.00401	0.00130	0.00576	0.00331	0.00200	0.00633
30	0.01537	0.01780	0.01195	0.01052	0.01286	0.63123	0.00805	0.15961	0.05145	0.01354	0.00763	0.00845	0.00608	0.00459	0.00410	0.00115	0.02462	0.00302	0.00263	0.00536
31	0.02637	0.29829	0.07684	0.00798	0.01098	0.01169	0.00735	0.17737	0.03884	0.03704	0.09027	0.03717	0.03807	0.00530	0.00439	0.00118	0.06297	0.00393	0.00295	0.06103
32	0.01130	0.24003	0.15816	0.05944	0.10847	0.01114	0.07592	0.07461	0.03535	0.11626	0.06247	0.01128	0.00887	0.00442	0.00387	0.00121	0.00482	0.00368	0.00273	0.00596
33	0.01014	0.01136	0.02436	0.01742	0.02164	0.01072	0.78144	0.04264	0.01028	0.01394	0.00856	0.01129	0.00641	0.00360	0.00493	0.00141	0.00700	0.00492	0.00220	0.00572
34	0.00852	0.00619	0.00890	0.21018	0.03323	0.00645	0.03599	0.03853	0.05458	0.10525	0.13610	0.17556	0.11619	0.00764	0.00466	0.00143	0.00360	0.02068	0.02160	0.00473
35	0.02748	0.08920	0.48892	0.02596	0.04743	0.04116	0.07752	0.04929	0.05420	0.04788	0.00843	0.00956	0.00617	0.00412	0.00397	0.00129	0.00573	0.00335	0.00224	0.00611
36	0.00621	0.02596	0.00619	0.00666	0.00730	0.02389	0.00512	0.00739	0.00868	0.01128	0.02148	0.45803	0.02468	0.05560	0.00626	0.00188	0.00325	0.31280	0.00373	0.00363
37	0.00509	0.00418	0.00448	0.00459	0.00580	0.00357	0.00337	0.00619	0.00959	0.01181	0.11635	0.15416	0.63467	0.01080	0.00502	0.00145	0.00216	0.00918	0.00397	0.00357
38	0.00925	0.00736	0.00852	0.00780	0.00965	0.00800	0.02375	0.09706	0.37531	0.03041	0.10295	0.14549	0.04551	0.02572	0.00505	0.00154	0.00330	0.08372	0.00413	0.00546
39	0.18513	0.05717	0.01191	0.02333	0.03088	0.05962	0.08733	0.13791	0.19522	0.14328	0.01119	0.01139	0.00821	0.01440	0.00407	0.00133	0.00433	0.00377	0.00349	0.00603
40	0.02529	0.00910	0.03328	0.01137	0.01463	0.00842	0.31181	0.04925	0.05774	0.30924	0.02816	0.01423	0.00959	0.07672	0.00612	0.00160	0.01925	0.00468	0.00353	0.00601
41	0.01879	0.00726	0.00982	0.00753	0.01078	0.00634	0.00622	0.03870	0.01221	0.81048	0.01644	0.01421	0.01033	0.00520	0.00423	0.00130	0.00360	0.00422	0.00518	0.00715
42	0.00769	0.00650	0.00887	0.00992	0.11016	0.02040	0.03899	0.01089	0.11647	0.01332	0.06090	0.04742	0.14096	0.00906	0.00532	0.00163	0.02112	0.36211	0.00360	0.00464
43	0.00939	0.00894	0.01518	0.27863	0.51040	0.00955	0.02546	0.01195	0.00927	0.01289	0.04748	0.01167	0.00791	0.00418	0.00439	0.00131	0.01945	0.00395	0.00214	0.00586
44	0.01696	0.00690	0.00917	0.00717	0.01009	0.00612	0.00587	0.05006	0.01215	0.67808	0.08932	0.01577	0.01295	0.00549	0.00422	0.00128	0.00338	0.00450	0.05385	0.00668
45	0.82126	0.00839	0.00663	0.00582	0.00847	0.00968	0.00479	0.06841	0.00804	0.01940	0.00615	0.00706	0.00473	0.00398	0.00271	0.00130	0.00335	0.00238	0.00271	0.00473
46	0.06750	0.00436	0.00470	0.00465	0.00483	0.00445	0.00269	0.00655	0.00619	0.00890	0.01273	0.02606	0.01453	0.79280	0.02008	0.00388	0.00402	0.00584	0.00255	0.00269
47	0.24806	0.02641	0.02491	0.02380	0.01035	0.02593	0.01635	0.09469	0.18546	0.14615	0.01226	0.07051	0.00985	0.01686	0.06891	0.00180	0.00430	0.00426	0.00354	0.00559
48	0.72697	0.00795	0.00682	0.00588	0.00860	0.00885	0.00484	0.01382	0.00803	0.16433	0.00778	0.00817	0.00560	0.00414	0.00289	0.00130	0.00331	0.00263	0.00307	0.00502
49	0.88196	0.00813	0.00618	0.00553	0.00813	0.00943	0.00455	0.01236	0.00715	0.01886	0.00585	0.00683	0.00455	0.00390	0.00260	0.00130	0.00325	0.00228	0.00260	0.00455
50	0.00546	0.00406	0.00501	0.00540	0.00612	0.00372	0.00386	0.00659	0.00926	0.01221	0.20779	0.35820	0.21764	0.07024	0.00634	0.00173	0.00248	0.06637	0.00397	0.00354
51	0.00673	0.00444	0.00578	0.00559	0.00661	0.00410	0.00413	0.00856	0.02376	0.07237	0.56761	0.20342	0.05210	0.00933	0.00498	0.00141	0.00222	0.00827	0.00449	0.00411
52	0.06761	0.00725	0.13352	0.00625	0.00819	0.00519	0.00572	0.00882	0.01076	0.01571	0.53653	0.04708	0.11571	0.00788	0.00465	0.00134	0.00276	0.00677	0.00395	0.00430
53	0.01101	0.79540	0.02137	0.06572	0.01206	0.01612	0.00751	0.01246	0.00853	0.00995	0.00596	0.00706	0.00541	0.00364	0.00280	0.00093	0.00457	0.00235	0.00180	0.00534
54	0.00747	0.19860	0.00991	0.00646	0.00761	0.00774	0.00515	0.00828	0.00689	0.00924	0.00978	0.01574	0.00974	0.18025	0.37306	0.09604	0.03798	0.00418	0.00215	0.00372
55	0.00866	0.00782	0.02901	0.06496	0.01149	0.00597	0.00571	0.01066	0.00870	0.01348	0.00747	0.00890	0.00616	0.00321	0.00321	0.00069	0.00336	0.00259	0.00243	0.79551
56	0.17537	0.03083	0.11944	0.00989	0.01245	0.43795	0.00852	0.01466	0.00988	0.02827	0.00658	0.00793	0.00535	0.00459	0.00485	0.00125	0.11215	0.00282	0.00221	0.00501
57	0.01454	0.01088	0.01172	0.00918	0.01240	0.01191	0.00750	0.59768	0.16225	0.04058	0.01130	0.01109	0.00817	0.00503	0.00414	0.00125	0.00426	0.00388	0.00412	0.06810
58	0.01209	0.00899	0.01225	0.04032	0.26083	0.00945	0.02213	0.11363	0.24593	0.14866	0.01263	0.01378	0.00969	0.06420	0.00543	0.00152	0.00422	0.00431	0.00351	0.00643

[dist]
# distance from previous block
# <min> <max>
0	2

[block]
# block no. 7 follows, 63 sequences, length 13
# corresponding to MSA columns:
# 356-368
name=unknown_H
#
# <colnr> <probs for GDERKNQSTAVLIFYWHMCP>
#	G	D	E	R	K	N	Q	S	T	A	V	L	I	F	Y	W	H	M	C	P
0	0.14618	0.01007	0.01086	0.03171	0.05132	0.14605	0.03981	0.06016	0.01126	0.41259	0.01167	0.01132	0.00792	0.00474	0.00417	0.00128	0.02527	0.00364	0.00380	0.00617
1	0.01177	0.00895	0.01458	0.13356	0.48016	0.00903	0.02658	0.04059	0.01033	0.17694	0.03920	0.01206	0.00847	0.00432	0.00423	0.00129	0.00471	0.00401	0.00284	0.00638
2	0.01033	0.01019	0.01822	0.02459	0.70557	0.01008	0.13244	0.01299	0.00962	0.01369	0.00800	0.01054	0.00662	0.00372	0.00428	0.00127	0.00531	0.00393	0.00209	0.00651
3	0.00656	0.00657	0.10217	0.00668	0.00804	0.00525	0.00571	0.02639	0.02259	0.01233	0.18641	0.11714	0.03986	0.17699	0.17028	0.00303	0.00503	0.09178	0.00323	0.00395
4	0.00606	0.00429	0.00566	0.00566	0.00603	0.00466	0.00388	0.00680	0.00643	0.00894	0.01227	0.02209	0.01293	0.44734	0.42310	0.00540	0.00762	0.00532	0.00240	0.00314
5	0.00588	0.00483	0.00785	0.00758	0.00842	0.00452	0.12474	0.00700	0.00825	0.01104	0.02058	0.69141	0.02410	0.04493	0.00594	0.00176	0.00320	0.01067	0.00358	0.00372
6	0.00630	0.00421	0.00518	0.00494	0.00592	0.00394	0.00368	0.00817	0.01098	0.01609	0.59907	0.02844	0.06503	0.03694	0.00511	0.00135	0.00206	0.00685	0.18184	0.00389
7	0.00525	0.00375	0.00499	0.00577	0.00612	0.00350	0.00391	0.00616	0.00863	0.01165	0.14313	0.72695	0.02958	0.01248	0.00530	0.00165	0.00237	0.01130	0.00401	0.00350
8	0.00881	0.04003	0.00919	0.00792	0.00963	0.00816	0.04760	0.03085	0.38156	0.01402	0.01593	0.04458	0.01457	0.16847	0.03660	0.01916	0.00408	0.13024	0.00355	0.00506
9	0.00985	0.00630	0.00799	0.13151	0.01125	0.00658	0.00592	0.05196	0.13853	0.15158	0.24426	0.01999	0.05200	0.00626	0.00427	0.00130	0.00313	0.00532	0.13684	0.00516
10	0.68167	0.13497	0.00873	0.00589	0.00861	0.01045	0.00503	0.04544	0.00795	0.01771	0.00633	0.00729	0.00503	0.00394	0.00270	0.00123	0.00344	0.00240	0.03644	0.00476
11	0.50871	0.00798	0.00796	0.00664	0.00937	0.00847	0.04058	0.05371	0.04088	0.05300	0.05525	0.02448	0.00850	0.00457	0.00326	0.00123	0.00342	0.02278	0.00300	0.13623
12	0.13547	0.00781	0.02455	0.00726	0.00969	0.02676	0.03328	0.09561	0.06554	0.12432	0.16889	0.01752	0.02484	0.04082	0.00491	0.00136	0.01674	0.04435	0.02114	0.12912

[dist]
# distance from previous block
# <min> <max>
22	61

[block]
# block no. 8 follows, 63 sequences, length 24
# corresponding to MSA columns:
# 445-468
name=unknown_I
#
# <colnr> <probs for GDERKNQSTAVLIFYWHMCP>
#	G	D	E	R	K	N	Q	S	T	A	V	L	I	F	Y	W	H	M	C	P
0	0.08352	0.00936	0.03693	0.18299	0.27159	0.07772	0.00946	0.02942	0.00967	0.04389	0.08654	0.05427	0.02137	0.00519	0.00436	0.00131	0.02350	0.01717	0.00263	0.02910
1	0.24181	0.04203	0.03809	0.11572	0.13584	0.03682	0.05618	0.01243	0.05838	0.03054	0.01904	0.02868	0.04219	0.02507	0.00497	0.00140	0.07344	0.00383	0.00252	0.03101
2	0.07383	0.03653	0.06271	0.16325	0.33214	0.06873	0.01043	0.03945	0.04433	0.06749	0.00942	0.02450	0.02320	0.00448	0.00421	0.00130	0.02187	0.00379	0.00249	0.00585
3	0.04150	0.02781	0.03783	0.07332	0.18394	0.00834	0.00811	0.12302	0.02384	0.10817	0.06712	0.10433	0.04480	0.00621	0.00469	0.00134	0.03746	0.03865	0.00328	0.05621
4	0.01017	0.05879	0.03403	0.06733	0.21405	0.02933	0.00805	0.08510	0.01089	0.09434	0.15877	0.07895	0.03016	0.00594	0.00429	0.00126	0.00396	0.02708	0.00326	0.07425
5	0.12598	0.00995	0.09875	0.03779	0.40510	0.00882	0.06969	0.01182	0.00925	0.01424	0.06819	0.06369	0.02705	0.00506	0.00419	0.00134	0.00460	0.02631	0.00250	0.00568
6	0.19063	0.01014	0.01285	0.07289	0.33537	0.05417	0.00950	0.16030	0.02978	0.01664	0.00815	0.01027	0.00659	0.00445	0.00434	0.00131	0.04595	0.01810	0.00264	0.00593
7	0.20932	0.07459	0.01115	0.00894	0.05785	0.01097	0.00692	0.31950	0.09413	0.06990	0.07007	0.01150	0.00955	0.00499	0.00400	0.00128	0.02198	0.00373	0.00358	0.00606
8	0.00898	0.00850	0.01449	0.37899	0.39296	0.00927	0.03559	0.01160	0.00925	0.01266	0.06982	0.01238	0.00870	0.00431	0.00426	0.00133	0.00509	0.00407	0.00218	0.00556
9	0.01241	0.23026	0.27597	0.07113	0.01482	0.02692	0.02391	0.04971	0.01015	0.23172	0.00964	0.01003	0.00683	0.00428	0.00376	0.00121	0.00499	0.00329	0.00283	0.00615
10	0.00701	0.00372	0.00545	0.00552	0.00558	0.00374	0.00370	0.00564	0.00576	0.00772	0.00898	0.07581	0.00939	0.05797	0.05760	0.72388	0.00397	0.00444	0.00204	0.00208
11	0.00510	0.00423	0.00446	0.00448	0.00578	0.00359	0.00333	0.00625	0.00977	0.01199	0.13635	0.08720	0.68190	0.01055	0.00499	0.00142	0.00213	0.00890	0.00399	0.00359
12	0.00706	0.00866	0.15062	0.00884	0.06038	0.06086	0.02514	0.00895	0.00906	0.01207	0.08868	0.39379	0.04391	0.01013	0.02980	0.00169	0.00403	0.06871	0.00327	0.00435
13	0.02078	0.01943	0.15175	0.21789	0.23722	0.04941	0.07364	0.03255	0.00956	0.08651	0.00837	0.01048	0.00634	0.00428	0.00472	0.00134	0.05388	0.00369	0.00231	0.00584
14	0.01029	0.01001	0.01750	0.05076	0.74142	0.01002	0.07207	0.01288	0.00956	0.01362	0.00794	0.01050	0.00660	0.00374	0.00422	0.00127	0.00517	0.00384	0.00208	0.00652
15	0.01014	0.00972	0.01659	0.11291	0.74099	0.00992	0.01277	0.01267	0.00945	0.01341	0.00786	0.01049	0.00655	0.00379	0.00417	0.00126	0.00506	0.00374	0.00206	0.00645
16	0.02978	0.12042	0.51424	0.04357	0.01675	0.01010	0.09394	0.01276	0.00891	0.03473	0.00879	0.07144	0.00724	0.00462	0.00402	0.00132	0.00565	0.00388	0.00209	0.00577
17	0.00799	0.00791	0.01469	0.36930	0.02103	0.00854	0.25933	0.01055	0.00893	0.01183	0.04300	0.14662	0.03350	0.00588	0.00498	0.00147	0.03159	0.00572	0.00244	0.00472
18	0.02754	0.00735	0.01047	0.26285	0.01619	0.04943	0.05596	0.02456	0.00962	0.12584	0.01387	0.02364	0.01277	0.00854	0.05743	0.00189	0.01755	0.26659	0.00310	0.00480
19	0.00805	0.00911	0.12052	0.58101	0.06872	0.00874	0.01129	0.01088	0.00862	0.02752	0.00999	0.07408	0.03397	0.00504	0.00428	0.00140	0.00526	0.00444	0.00215	0.00490
20	0.03288	0.05076	0.04607	0.44367	0.22893	0.02683	0.03670	0.01240	0.03905	0.03163	0.00805	0.01074	0.00623	0.00410	0.00409	0.00132	0.00531	0.00367	0.00212	0.00544
21	0.00955	0.00989	0.01899	0.22786	0.27188	0.01017	0.33969	0.01251	0.00933	0.01277	0.00797	0.01096	0.00625	0.00388	0.00478	0.00137	0.03018	0.00424	0.00204	0.00569
22	0.83895	0.00797	0.00621	0.00564	0.00816	0.00920	0.00466	0.01218	0.00728	0.01855	0.00666	0.00882	0.00552	0.00428	0.00276	0.00133	0.00328	0.04137	0.00266	0.00452
23	0.01018	0.04284	0.02589	0.17218	0.48142	0.06453	0.01137	0.01243	0.00921	0.02907	0.00810	0.02391	0.00690	0.02176	0.01744	0.00143	0.04956	0.00380	0.00212	0.00584

[dist]
# distance from previous block
# <min> <max>
0	1

[block]
# block no. 9 follows, 63 sequences, length 16
# corresponding to MSA columns:
# 471-486
name=unknown_J
#
# <colnr> <probs for GDERKNQSTAVLIFYWHMCP>
#	G	D	E	R	K	N	Q	S	T	A	V	L	I	F	Y	W	H	M	C	P
0	0.03435	0.17085	0.20698	0.00956	0.04611	0.19643	0.00883	0.02980	0.03512	0.02470	0.12758	0.01298	0.03641	0.01446	0.00403	0.00120	0.00506	0.00379	0.00259	0.02916
1	0.00638	0.00473	0.00576	0.00544	0.00642	0.00461	0.00395	0.00896	0.09069	0.01518	0.56868	0.02958	0.06841	0.15389	0.00773	0.00181	0.00248	0.00712	0.00420	0.00397
2	0.00981	0.00821	0.01232	0.28634	0.16352	0.00913	0.00951	0.02603	0.00882	0.08028	0.00815	0.01060	0.00644	0.00464	0.00577	0.00130	0.16215	0.00355	0.02417	0.15928
3	0.01070	0.02277	0.03219	0.04887	0.05240	0.05651	0.01986	0.03713	0.01010	0.18258	0.01726	0.03583	0.18358	0.00577	0.00431	0.00115	0.02610	0.00470	0.00332	0.24487
4	0.01249	0.49740	0.03941	0.00822	0.01160	0.06575	0.00757	0.22425	0.04754	0.01475	0.00802	0.03118	0.00680	0.00439	0.00334	0.00106	0.00466	0.00308	0.00262	0.00585
5	0.01342	0.01310	0.15293	0.00985	0.01345	0.03506	0.00899	0.47239	0.19920	0.02174	0.01115	0.01108	0.00808	0.00499	0.00417	0.00131	0.00469	0.00386	0.00375	0.00681
6	0.00960	0.00898	0.01525	0.07757	0.60420	0.00908	0.03860	0.01205	0.00952	0.01332	0.01037	0.01687	0.00960	0.00513	0.00448	0.00138	0.00491	0.14071	0.00238	0.00601
7	0.00604	0.00435	0.00599	0.00599	0.00648	0.00484	0.00430	0.00701	0.00653	0.00919	0.01196	0.02040	0.01219	0.32120	0.54824	0.00581	0.00872	0.00507	0.00236	0.00333
