[name]
unknown

[dist]
# distance from previous block
# <min> <max>
0	129

[block]
# block no. 0 follows, 62 sequences, length 28
# corresponding to MSA columns:
# 129-156
name=unknown_A
#
# <colnr> <probs for GDERKNQSTAVLIFYWHMCP>
#	G	D	E	R	K	N	Q	S	T	A	V	L	I	F	Y	W	H	M	C	P
0	0.00750	0.12617	0.00906	0.00776	0.00912	0.00660	0.00692	0.00938	0.00963	0.01234	0.02015	0.04211	0.02177	0.01059	0.00543	0.00181	0.00401	0.68188	0.00362	0.00414
1	0.01867	0.00791	0.01029	0.00789	0.01120	0.00725	0.00652	0.13356	0.01330	0.71246	0.01585	0.01387	0.01006	0.00524	0.00428	0.00131	0.00377	0.00421	0.00512	0.00724
2	0.00754	0.00607	0.00802	0.00902	0.12417	0.00611	0.00582	0.03734	0.13575	0.01589	0.40218	0.14545	0.06319	0.00820	0.00483	0.00140	0.00282	0.00726	0.00411	0.00483
3	0.00839	0.00793	0.01341	0.72382	0.14293	0.00955	0.01199	0.01118	0.00868	0.01130	0.00763	0.01123	0.00582	0.00419	0.00425	0.00140	0.00558	0.00378	0.00192	0.00501
4	0.01275	0.00862	0.12546	0.00760	0.01051	0.00650	0.00690	0.01595	0.09562	0.38058	0.14575	0.06650	0.04555	0.00635	0.00440	0.00135	0.00352	0.00534	0.04472	0.00603
5	0.00991	0.02909	0.03206	0.05149	0.04554	0.01005	0.50445	0.09537	0.01062	0.01436	0.01071	0.13070	0.00956	0.00525	0.00503	0.00145	0.02053	0.00570	0.00260	0.00554
6	0.00757	0.00648	0.00591	0.00576	0.00614	0.12282	0.00365	0.00787	0.00709	0.00872	0.01224	0.02389	0.01358	0.65083	0.09712	0.00395	0.00533	0.00554	0.00249	0.00303
7	0.03390	0.01898	0.68630	0.01105	0.01636	0.00895	0.01371	0.01237	0.00881	0.01327	0.00985	0.12885	0.00862	0.00537	0.00420	0.00140	0.00565	0.00440	0.00213	0.00583
8	0.08074	0.01861	0.12850	0.01120	0.04654	0.57682	0.00915	0.03006	0.01130	0.03946	0.00715	0.00819	0.00565	0.00432	0.00381	0.00117	0.00684	0.00288	0.00231	0.00529
9	0.01540	0.13494	0.01390	0.00982	0.01286	0.28326	0.00802	0.43525	0.01577	0.01902	0.00841	0.00890	0.00641	0.00466	0.00390	0.00117	0.00565	0.00325	0.00323	0.00623
10	0.13775	0.05393	0.01032	0.00878	0.01092	0.49155	0.00676	0.03734	0.02480	0.01303	0.00798	0.00923	0.00650	0.00523	0.02810	0.00128	0.00600	0.00296	0.13270	0.00483
11	0.00875	0.18646	0.54899	0.01040	0.01536	0.01063	0.01254	0.01249	0.00861	0.01226	0.00783	0.00966	0.00615	0.00795	0.12240	0.00204	0.00667	0.00317	0.00187	0.00577
12	0.00559	0.00432	0.00509	0.00493	0.00610	0.00382	0.00368	0.00717	0.01097	0.01459	0.47669	0.05279	0.36957	0.00967	0.00503	0.00139	0.00208	0.00833	0.00436	0.00382
13	0.88052	0.00823	0.00625	0.00560	0.00823	0.00955	0.00461	0.01251	0.00724	0.01909	0.00592	0.00691	0.00461	0.00395	0.00263	0.00132	0.00329	0.00230	0.00263	0.00461
14	0.00673	0.00442	0.00567	0.00529	0.00638	0.00410	0.00399	0.00872	0.01172	0.04828	0.70462	0.02942	0.03589	0.00817	0.00477	0.00130	0.00207	0.00717	0.09716	0.00413
15	0.00618	0.00414	0.00474	0.00474	0.00477	0.00418	0.00270	0.00625	0.00622	0.00832	0.01332	0.02735	0.01526	0.81434	0.05749	0.00424	0.00445	0.00612	0.00257	0.00263
16	0.01701	0.00866	0.01042	0.00810	0.01123	0.00860	0.00665	0.28988	0.03978	0.46819	0.01434	0.01317	0.00951	0.00521	0.00418	0.00128	0.00386	0.00412	0.06885	0.00698
17	0.01095	0.01109	0.01449	0.13811	0.44804	0.13806	0.01108	0.01472	0.13098	0.01349	0.00935	0.01162	0.00762	0.00438	0.00420	0.00130	0.00528	0.01667	0.00245	0.00612
18	0.00518	0.00370	0.00494	0.00592	0.00617	0.00346	0.00395	0.00592	0.00815	0.01086	0.02345	0.84768	0.02814	0.01333	0.00543	0.00173	0.00247	0.01210	0.00395	0.00346
19	0.01080	0.00925	0.00974	0.00870	0.01115	0.01068	0.00679	0.05307	0.78542	0.01815	0.01704	0.01566	0.01277	0.00575	0.00433	0.00144	0.00342	0.00477	0.00433	0.00675
20	0.01589	0.02028	0.01206	0.01096	0.01315	0.83338	0.00822	0.01699	0.01206	0.01041	0.00658	0.00767	0.00548	0.00438	0.00384	0.00110	0.00767	0.00274	0.00219	0.00493
21	0.01582	0.00991	0.01121	0.00888	0.01203	0.01054	0.00724	0.40093	0.19197	0.26464	0.01374	0.01273	0.00948	0.00530	0.00428	0.00133	0.00408	0.00418	0.00458	0.00713
22	0.00608	0.00456	0.00684	0.00684	0.00760	0.00532	0.00532	0.00760	0.00684	0.00988	0.01140	0.01672	0.01064	0.03191	0.83360	0.00684	0.01140	0.00456	0.00228	0.00380
23	0.00961	0.00457	0.00494	0.00457	0.00592	0.00446	0.00352	0.02733	0.00958	0.12580	0.01420	0.01556	0.01078	0.00500	0.00318	0.00104	0.00226	0.00401	0.73920	0.00447
24	0.00527	0.00379	0.00501	0.00593	0.00627	0.00354	0.00405	0.00610	0.00836	0.01108	0.03872	0.76236	0.06291	0.01307	0.00543	0.00172	0.00251	0.04645	0.00396	0.00349
25	0.00846	0.00505	0.00652	0.00583	0.00730	0.00469	0.00448	0.01085	0.04898	0.15372	0.61843	0.02797	0.04729	0.00795	0.00482	0.00133	0.00234	0.00693	0.02238	0.00468
26	0.15469	0.00809	0.00963	0.00751	0.01069	0.00780	0.00619	0.14169	0.01245	0.53508	0.01369	0.01245	0.00895	0.00496	0.00396	0.00128	0.00369	0.00383	0.01761	0.03576
27	0.00578	0.00436	0.00494	0.00501	0.00619	0.00383	0.00367	0.00713	0.02272	0.03954	0.16297	0.21649	0.48062	0.01074	0.00508	0.00148	0.00227	0.00924	0.00412	0.00380

[dist]
# distance from previous block
# <min> <max>
0	1

[block]
# block no. 1 follows, 62 sequences, length 51
# corresponding to MSA columns:
# 158-208
name=unknown_B
#
# <colnr> <probs for GDERKNQSTAVLIFYWHMCP>
#	G	D	E	R	K	N	Q	S	T	A	V	L	I	F	Y	W	H	M	C	P
0	0.76499	0.00869	0.03393	0.00619	0.00900	0.00939	0.01690	0.01330	0.02586	0.06987	0.00696	0.00773	0.00522	0.00407	0.00286	0.00132	0.00347	0.00255	0.00280	0.00489
1	0.58577	0.00798	0.00755	0.00631	0.00917	0.00855	0.00521	0.03002	0.00908	0.28053	0.00952	0.00942	0.00657	0.00440	0.00320	0.00132	0.00342	0.00297	0.00352	0.00551
2	0.01596	0.01143	0.01234	0.00952	0.01283	0.01258	0.00784	0.73022	0.04317	0.06486	0.01083	0.01072	0.00765	0.00513	0.00423	0.00128	0.00453	0.00388	0.02384	0.00715
3	0.02447	0.01946	0.66648	0.01178	0.01738	0.00986	0.05025	0.01449	0.09416	0.02749	0.00902	0.01040	0.00657	0.00433	0.00412	0.00137	0.00589	0.01405	0.00218	0.00626
4	0.02644	0.03229	0.01200	0.01051	0.01287	0.68029	0.00800	0.07192	0.05465	0.04132	0.00774	0.00850	0.00617	0.00452	0.00387	0.00113	0.00699	0.00297	0.00256	0.00527
5	0.00619	0.00413	0.00464	0.00464	0.00464	0.00413	0.00258	0.00619	0.00619	0.00825	0.01341	0.02785	0.01547	0.85046	0.02166	0.00413	0.00413	0.00619	0.00258	0.00258
6	0.00635	0.00476	0.00700	0.00692	0.00775	0.00553	0.00539	0.02941	0.00720	0.01034	0.01137	0.01654	0.01055	0.03118	0.81105	0.00669	0.01121	0.00454	0.00233	0.00389
7	0.01618	0.01192	0.01277	0.00979	0.01320	0.01320	0.00809	0.80973	0.02001	0.02682	0.01022	0.01022	0.00724	0.00511	0.00426	0.00128	0.00468	0.00383	0.00426	0.00724
8	0.00817	0.00521	0.00647	0.00589	0.00738	0.00491	0.00450	0.01096	0.09183	0.13045	0.50332	0.05902	0.12836	0.00835	0.00486	0.00137	0.00241	0.00725	0.00461	0.00467
9	0.00610	0.00411	0.00468	0.00473	0.00480	0.00407	0.00271	0.00621	0.00652	0.00869	0.03411	0.07973	0.03342	0.76036	0.01990	0.00385	0.00393	0.00665	0.00274	0.00269
10	0.00866	0.04916	0.78431	0.01209	0.01825	0.01013	0.03275	0.01345	0.00900	0.01336	0.00760	0.00897	0.00542	0.00402	0.00402	0.00134	0.00625	0.00316	0.00181	0.00625
11	0.28340	0.00842	0.00928	0.00738	0.01048	0.00860	0.00609	0.16074	0.02602	0.41986	0.01227	0.01141	0.00816	0.00484	0.00377	0.00131	0.00371	0.00360	0.00426	0.00642
12	0.00853	0.02201	0.82841	0.01213	0.01842	0.00988	0.01572	0.01348	0.00898	0.01348	0.00764	0.00898	0.00539	0.00404	0.00404	0.00135	0.00629	0.00314	0.00180	0.00629
13	0.00518	0.00370	0.00494	0.00592	0.00617	0.00346	0.00395	0.00592	0.00815	0.01086	0.02345	0.84768	0.02814	0.01333	0.00543	0.00173	0.00247	0.01210	0.00395	0.00346
14	0.15469	0.02851	0.03036	0.00941	0.01279	0.00955	0.12487	0.22516	0.01288	0.31738	0.01161	0.01163	0.00797	0.01869	0.00437	0.00136	0.00446	0.00392	0.00392	0.00646
15	0.08356	0.61251	0.18566	0.00813	0.01223	0.01481	0.00878	0.01287	0.00860	0.01148	0.00627	0.00727	0.00537	0.00375	0.00299	0.00103	0.00480	0.00246	0.00188	0.00556
16	0.00861	0.00629	0.00753	0.00680	0.00838	0.00663	0.00527	0.02547	0.23731	0.08275	0.38077	0.04917	0.08316	0.00817	0.01960	0.00151	0.04665	0.00651	0.00436	0.00508
17	0.00524	0.00435	0.00460	0.00462	0.00599	0.00371	0.00352	0.00647	0.00996	0.01216	0.12527	0.04037	0.69353	0.01061	0.00508	0.00146	0.00224	0.05317	0.00403	0.00366
18	0.00882	0.00756	0.00882	0.00630	0.01008	0.00567	0.00504	0.01071	0.00882	0.01387	0.00756	0.00882	0.00630	0.00315	0.00315	0.00063	0.00315	0.00252	0.00252	0.87647
19	0.00587	0.00443	0.00544	0.00517	0.00630	0.00403	0.00388	0.00784	0.02593	0.01578	0.62609	0.03363	0.22162	0.00913	0.00501	0.00136	0.00207	0.00794	0.00451	0.00397
20	0.00606	0.00428	0.00507	0.00487	0.00595	0.00391	0.00362	0.00776	0.01082	0.01521	0.48644	0.03163	0.22760	0.03804	0.00531	0.00141	0.00211	0.00743	0.12864	0.00385
21	0.00950	0.00951	0.01352	0.11020	0.11839	0.03454	0.01006	0.01086	0.00731	0.01079	0.00616	0.00966	0.00574	0.00652	0.01129	0.00171	0.61368	0.00371	0.00191	0.00494
22	0.01340	0.00839	0.00950	0.00804	0.01068	0.00897	0.00640	0.09087	0.43757	0.26035	0.01624	0.01496	0.01157	0.00549	0.00419	0.00135	0.00344	0.00449	0.07738	0.00670
23	0.01471	0.01150	0.01225	0.00972	0.01287	0.03761	0.02433	0.58117	0.20957	0.02389	0.01177	0.01151	0.00854	0.00521	0.00428	0.00131	0.00451	0.00406	0.00417	0.00702
24	0.00518	0.00426	0.00456	0.00461	0.00587	0.00364	0.00341	0.00636	0.00988	0.01222	0.15079	0.11678	0.63623	0.01073	0.00507	0.00145	0.00216	0.00910	0.00405	0.00364
25	0.20843	0.00805	0.00922	0.00731	0.01042	0.03769	0.00601	0.03655	0.01126	0.60098	0.01387	0.01247	0.00897	0.00494	0.00390	0.00131	0.00372	0.00378	0.00455	0.00658
26	0.82437	0.03781	0.00701	0.00578	0.00847	0.00991	0.00481	0.03634	0.00767	0.01901	0.00605	0.00701	0.00472	0.00397	0.00269	0.00130	0.00338	0.00235	0.00265	0.00472
27	0.00956	0.00709	0.00726	0.00671	0.00850	0.02119	0.00518	0.02853	0.43410	0.01690	0.01567	0.01622	0.01210	0.00550	0.00377	0.00125	0.00288	0.01845	0.37364	0.00549
28	0.00842	0.00755	0.01266	0.81119	0.02866	0.00934	0.01162	0.01122	0.00864	0.03933	0.00788	0.01145	0.00584	0.00429	0.00425	0.00141	0.00560	0.00380	0.00201	0.00481
29	0.00504	0.00428	0.00434	0.00440	0.00577	0.00358	0.00327	0.00610	0.00962	0.01146	0.04206	0.08400	0.77982	0.01091	0.00505	0.00145	0.00217	0.00915	0.00395	0.00358
30	0.00541	0.00430	0.00485	0.00476	0.00599	0.00374	0.00355	0.00682	0.01052	0.01355	0.33287	0.06733	0.50106	0.01010	0.00504	0.00141	0.00211	0.00862	0.00422	0.00374
31	0.88052	0.00823	0.00625	0.00560	0.00823	0.00955	0.00461	0.01251	0.00724	0.01909	0.00592	0.00691	0.00461	0.00395	0.00263	0.00132	0.00329	0.00230	0.00263	0.00461
32	0.00840	0.00776	0.01269	0.79013	0.02828	0.00962	0.01156	0.04066	0.02780	0.01162	0.00789	0.01141	0.00590	0.00432	0.00426	0.00141	0.00558	0.00381	0.00204	0.00487
33	0.00561	0.00402	0.00540	0.00632	0.00680	0.00382	0.00462	0.00669	0.00872	0.01154	0.05243	0.60912	0.04682	0.01273	0.00551	0.00176	0.00279	0.19772	0.00397	0.00359
34	0.01038	0.00733	0.00774	0.00692	0.00890	0.00812	0.00539	0.08866	0.40466	0.04776	0.01534	0.01531	0.01158	0.00538	0.00380	0.00125	0.00296	0.00438	0.33839	0.00574
35	0.01045	0.00547	0.00713	0.00614	0.00793	0.00500	0.00480	0.02564	0.02874	0.27103	0.50882	0.02507	0.02866	0.00736	0.00468	0.00132	0.00258	0.00636	0.03768	0.00513
36	0.86323	0.00821	0.00633	0.00564	0.00828	0.00948	0.00464	0.01267	0.00734	0.03530	0.00614	0.00706	0.00473	0.00398	0.00267	0.00132	0.00330	0.00234	0.00269	0.00466
37	0.01589	0.02028	0.01206	0.01096	0.01315	0.83338	0.00822	0.01699	0.01206	0.01041	0.00658	0.00767	0.00548	0.00438	0.00384	0.00110	0.00767	0.00274	0.00219	0.00493
38	0.00881	0.00835	0.01416	0.58711	0.27636	0.00966	0.01220	0.01155	0.00888	0.01181	0.00770	0.01109	0.00600	0.00411	0.00424	0.00137	0.00548	0.00378	0.00196	0.00535
39	0.01158	0.01287	0.01352	0.06580	0.16945	0.27515	0.00984	0.01299	0.00903	0.01104	0.00649	0.00915	0.00578	0.00556	0.00823	0.00147	0.36146	0.00343	0.00202	0.00515
40	0.88052	0.00823	0.00625	0.00560	0.00823	0.00955	0.00461	0.01251	0.00724	0.01909	0.00592	0.00691	0.00461	0.00395	0.00263	0.00132	0.00329	0.00230	0.00263	0.00461
41	0.00518	0.00370	0.00494	0.00592	0.00617	0.00346	0.00395	0.00592	0.00815	0.01086	0.02345	0.84768	0.02814	0.01333	0.00543	0.00173	0.00247	0.01210	0.00395	0.00346
42	0.00522	0.00377	0.00494	0.00585	0.00619	0.00350	0.00395	0.00602	0.00834	0.01105	0.04091	0.77252	0.07458	0.01306	0.00541	0.00171	0.00246	0.02308	0.00396	0.00348
43	0.00586	0.00422	0.00554	0.00547	0.00632	0.00390	0.00400	0.00761	0.01127	0.01583	0.66240	0.19459	0.03775	0.00962	0.00510	0.00142	0.00210	0.00857	0.00454	0.00390
44	0.00882	0.00756	0.00882	0.00630	0.01008	0.00567	0.00504	0.01071	0.00882	0.01387	0.00756	0.00882	0.00630	0.00315	0.00315	0.00063	0.00315	0.00252	0.00252	0.87647
45	0.01371	0.01436	0.01141	0.01001	0.01213	0.38775	0.00782	0.12893	0.16546	0.04285	0.01072	0.01185	0.02998	0.00551	0.00535	0.00132	0.11076	0.02143	0.00304	0.00559
46	0.01335	0.04899	0.01200	0.00948	0.01234	0.10475	0.03106	0.28805	0.37142	0.04373	0.01291	0.01245	0.00959	0.00522	0.00420	0.00132	0.00447	0.00412	0.00391	0.00663
47	0.01097	0.00895	0.00954	0.00852	0.01096	0.01022	0.00665	0.02222	0.75710	0.06325	0.01773	0.01623	0.02675	0.00583	0.00434	0.00144	0.00336	0.00485	0.00438	0.00671
48	0.01082	0.00944	0.00969	0.00868	0.01107	0.03358	0.00674	0.04678	0.75349	0.01769	0.01672	0.01569	0.01265	0.02166	0.00464	0.00148	0.00354	0.00475	0.00423	0.00662
49	0.01138	0.85302	0.02230	0.00728	0.01092	0.01684	0.00728	0.01274	0.00865	0.01001	0.00592	0.00683	0.00546	0.00364	0.00273	0.00091	0.00455	0.00228	0.00182	0.00546
50	0.01003	0.01166	0.04826	0.01690	0.02107	0.02313	0.71326	0.01404	0.05262	0.01387	0.02564	0.01199	0.00744	0.00383	0.00494	0.00143	0.00685	0.00497	0.00231	0.00576

[dist]
# distance from previous block
# <min> <max>
0	1

[block]
# block no. 2 follows, 62 sequences, length 147
# corresponding to MSA columns:
# 210-356
name=unknown_C
#
# <colnr> <probs for GDERKNQSTAVLIFYWHMCP>
#	G	D	E	R	K	N	Q	S	T	A	V	L	I	F	Y	W	H	M	C	P
0	0.00521	0.00374	0.00496	0.00592	0.00621	0.00349	0.00399	0.00599	0.00822	0.01091	0.02393	0.81166	0.04802	0.01324	0.00543	0.00173	0.00249	0.02745	0.00395	0.00347
1	0.00973	0.01092	0.02360	0.01707	0.02109	0.01025	0.74547	0.01314	0.00996	0.01349	0.00973	0.04407	0.00801	0.00429	0.00507	0.00147	0.00686	0.03791	0.00229	0.00558
2	0.00945	0.00956	0.01325	0.01130	0.01143	0.02830	0.02504	0.01043	0.00669	0.01031	0.00566	0.00932	0.00560	0.00731	0.01360	0.00184	0.81062	0.00373	0.00187	0.00468
3	0.00516	0.00394	0.00476	0.00540	0.00608	0.00353	0.00376	0.00604	0.00872	0.01112	0.03023	0.55307	0.30254	0.01242	0.00530	0.00163	0.00239	0.02645	0.00395	0.00351
4	0.00851	0.00755	0.01264	0.80443	0.02851	0.00932	0.01158	0.01130	0.00867	0.04596	0.00796	0.01148	0.00588	0.00430	0.00426	0.00141	0.00558	0.00380	0.00204	0.00483
5	0.01589	0.02028	0.01206	0.01096	0.01315	0.83338	0.00822	0.01699	0.01206	0.01041	0.00658	0.00767	0.00548	0.00438	0.00384	0.00110	0.00767	0.00274	0.00219	0.00493
6	0.01514	0.01082	0.01162	0.00906	0.01216	0.01191	0.00744	0.66861	0.05298	0.04793	0.01110	0.01118	0.00797	0.00513	0.00412	0.00126	0.00431	0.00390	0.09651	0.00687
7	0.00518	0.00374	0.00490	0.00584	0.00615	0.00346	0.00391	0.00593	0.00823	0.01090	0.02452	0.80370	0.07144	0.01319	0.00541	0.00171	0.00245	0.01193	0.00395	0.00346
8	0.00882	0.00756	0.00882	0.00630	0.01008	0.00567	0.00504	0.01071	0.00882	0.01387	0.00756	0.00882	0.00630	0.00315	0.00315	0.00063	0.00315	0.00252	0.00252	0.87647
9	0.01108	0.72749	0.11778	0.00789	0.01184	0.01578	0.00826	0.02634	0.00888	0.01077	0.00622	0.00717	0.00549	0.00371	0.00292	0.00096	0.00474	0.00241	0.00187	0.01840
10	0.04026	0.03422	0.12435	0.01040	0.02297	0.12029	0.04889	0.36626	0.06872	0.09647	0.01009	0.01037	0.00726	0.00479	0.00425	0.00128	0.01544	0.00368	0.00348	0.00653
11	0.00596	0.00435	0.00560	0.00529	0.00632	0.00399	0.00397	0.00791	0.01190	0.01671	0.77288	0.03236	0.08916	0.00883	0.00502	0.00134	0.00202	0.00778	0.00464	0.00399
12	0.01083	0.00893	0.01339	0.09761	0.39790	0.05572	0.03403	0.01310	0.01051	0.12574	0.16468	0.01544	0.02324	0.00509	0.00439	0.00130	0.00452	0.00464	0.00304	0.00592
13	0.00540	0.00431	0.00484	0.00479	0.00602	0.00375	0.00359	0.00678	0.01040	0.01333	0.29875	0.07426	0.51404	0.01022	0.00506	0.00143	0.00215	0.02295	0.00419	0.00373
14	0.00964	0.01063	0.02227	0.16046	0.04317	0.01049	0.62281	0.01298	0.00965	0.01304	0.00839	0.01146	0.00637	0.00417	0.01635	0.00151	0.02423	0.00474	0.00210	0.00554
15	0.00803	0.00747	0.01254	0.81923	0.02869	0.00932	0.01159	0.01085	0.00852	0.01100	0.00772	0.01146	0.00580	0.00427	0.00422	0.00141	0.00558	0.00379	0.02380	0.00471
16	0.00565	0.00433	0.00518	0.00497	0.00613	0.00386	0.00372	0.00731	0.01117	0.01499	0.53197	0.03519	0.33115	0.00947	0.00502	0.00137	0.00206	0.00817	0.00441	0.00386
17	0.00916	0.20549	0.65043	0.01106	0.01676	0.01142	0.01386	0.01331	0.00891	0.01271	0.00726	0.00851	0.00541	0.00395	0.00375	0.00125	0.00590	0.00295	0.00180	0.00611
18	0.00853	0.02201	0.82841	0.01213	0.01842	0.00988	0.01572	0.01348	0.00898	0.01348	0.00764	0.00898	0.00539	0.00404	0.00404	0.00135	0.00629	0.00314	0.00180	0.00629
19	0.00831	0.00785	0.01327	0.74930	0.11806	0.00953	0.01196	0.01112	0.00864	0.01121	0.00761	0.01125	0.00579	0.00420	0.00425	0.00140	0.00560	0.00378	0.00191	0.00495
20	0.00518	0.00370	0.00494	0.00592	0.00617	0.00346	0.00395	0.00592	0.00815	0.01086	0.02345	0.84768	0.02814	0.01333	0.00543	0.00173	0.00247	0.01210	0.00395	0.00346
21	0.01618	0.01192	0.01277	0.00979	0.01320	0.01320	0.00809	0.80973	0.02001	0.02682	0.01022	0.01022	0.00724	0.00511	0.00426	0.00128	0.00468	0.00383	0.00426	0.00724
22	0.01909	0.00724	0.00987	0.00757	0.01086	0.00625	0.00625	0.02074	0.01218	0.82687	0.01679	0.01448	0.01053	0.00527	0.00428	0.00132	0.00362	0.00428	0.00527	0.00724
23	0.00518	0.00370	0.00494	0.00592	0.00617	0.00346	0.00395	0.00592	0.00815	0.01086	0.02345	0.84768	0.02814	0.01333	0.00543	0.00173	0.00247	0.01210	0.00395	0.00346
24	0.88052	0.00823	0.00625	0.00560	0.00823	0.00955	0.00461	0.01251	0.00724	0.01909	0.00592	0.00691	0.00461	0.00395	0.00263	0.00132	0.00329	0.00230	0.00263	0.00461
25	0.01589	0.02028	0.01206	0.01096	0.01315	0.83338	0.00822	0.01699	0.01206	0.01041	0.00658	0.00767	0.00548	0.00438	0.00384	0.00110	0.00767	0.00274	0.00219	0.00493
26	0.00632	0.00429	0.00539	0.00511	0.00612	0.00400	0.00383	0.00831	0.01150	0.01678	0.67782	0.02933	0.04753	0.00812	0.00469	0.00128	0.00201	0.00711	0.14648	0.00400
27	0.00539	0.00456	0.00469	0.00462	0.00607	0.00398	0.00348	0.00710	0.05044	0.01228	0.10763	0.03891	0.71540	0.01035	0.00499	0.00143	0.00220	0.00866	0.00403	0.00379
28	0.01583	0.00704	0.00900	0.00718	0.00995	0.00654	0.00583	0.07469	0.06118	0.55077	0.09841	0.01618	0.01352	0.00560	0.00422	0.00129	0.00334	0.00460	0.09830	0.00653
29	0.00858	0.00451	0.00463	0.00445	0.00563	0.00459	0.00338	0.02902	0.05153	0.03957	0.01406	0.01570	0.01092	0.00501	0.00311	0.00103	0.00216	0.00402	0.78382	0.00428
30	0.01589	0.02028	0.01206	0.01096	0.01315	0.83338	0.00822	0.01699	0.01206	0.01041	0.00658	0.00767	0.00548	0.00438	0.00384	0.00110	0.00767	0.00274	0.00219	0.00493
31	0.01138	0.85302	0.02230	0.00728	0.01092	0.01684	0.00728	0.01274	0.00865	0.01001	0.00592	0.00683	0.00546	0.00364	0.00273	0.00091	0.00455	0.00228	0.00182	0.00546
32	0.00691	0.00578	0.00844	0.00796	0.00852	0.00731	0.00635	0.00828	0.00676	0.00997	0.00990	0.01481	0.00933	0.02560	0.62226	0.00556	0.22573	0.00434	0.00217	0.00402
33	0.00714	0.00464	0.00602	0.00556	0.00678	0.00428	0.00424	0.00921	0.02180	0.08171	0.69372	0.03057	0.06304	0.00846	0.00494	0.00135	0.00219	0.02207	0.01800	0.00429
34	0.04285	0.00727	0.00977	0.00752	0.01079	0.00634	0.00621	0.02051	0.01204	0.80459	0.01649	0.01427	0.01037	0.00523	0.00423	0.00132	0.00361	0.00422	0.00519	0.00717
35	0.00523	0.00378	0.00495	0.00579	0.00616	0.00350	0.00391	0.00608	0.00851	0.01133	0.07941	0.74371	0.07618	0.01286	0.00538	0.00168	0.00242	0.01161	0.00400	0.00350
36	0.00689	0.00488	0.00608	0.00563	0.00690	0.00464	0.00427	0.00966	0.08100	0.05219	0.64217	0.03054	0.11177	0.00850	0.00493	0.00136	0.00221	0.00742	0.00461	0.00435
37	0.00931	0.00931	0.01303	0.01117	0.01117	0.01303	0.00931	0.01024	0.00652	0.01024	0.00559	0.00931	0.00559	0.00745	0.01396	0.00186	0.84267	0.00372	0.00186	0.00465
38	0.00948	0.00774	0.00897	0.00665	0.01024	0.00630	0.00530	0.01261	0.10846	0.04887	0.00916	0.00993	0.00731	0.00356	0.00334	0.00076	0.00320	0.00288	0.00286	0.73239
39	0.01097	0.73413	0.13763	0.00797	0.01199	0.01584	0.00849	0.01285	0.00869	0.01051	0.00616	0.00713	0.00545	0.00370	0.00292	0.00097	0.00480	0.00240	0.00182	0.00558
40	0.00515	0.00391	0.00474	0.00539	0.00604	0.00351	0.00372	0.00602	0.00871	0.01116	0.04198	0.57180	0.28768	0.01243	0.00529	0.00163	0.00236	0.01101	0.00396	0.00351
41	0.01129	0.60204	0.18316	0.00850	0.01265	0.01508	0.00906	0.09264	0.00985	0.01239	0.00669	0.00760	0.00562	0.00387	0.00315	0.00103	0.00491	0.00261	0.00206	0.00580
42	0.00900	0.00798	0.01334	0.54087	0.22803	0.00916	0.01141	0.01163	0.00898	0.04641	0.02986	0.01205	0.00728	0.00549	0.03993	0.00161	0.00558	0.00394	0.00218	0.00528
43	0.00864	0.05377	0.79761	0.01194	0.01813	0.01015	0.01540	0.01345	0.00897	0.01334	0.00757	0.00890	0.00539	0.00403	0.00399	0.00133	0.00622	0.00311	0.00180	0.00626
44	0.01067	0.00918	0.00967	0.00868	0.01110	0.01062	0.00676	0.03466	0.80404	0.01794	0.01721	0.01579	0.01290	0.00576	0.00433	0.00144	0.00339	0.00480	0.00433	0.00674
45	0.00853	0.02201	0.82841	0.01213	0.01842	0.00988	0.01572	0.01348	0.00898	0.01348	0.00764	0.00898	0.00539	0.00404	0.00404	0.00135	0.00629	0.00314	0.00180	0.00629
46	0.00871	0.02088	0.74758	0.01318	0.06498	0.00993	0.04923	0.01346	0.00907	0.01351	0.00770	0.00918	0.00551	0.00401	0.00409	0.00135	0.00625	0.00326	0.00183	0.00629
47	0.00719	0.00473	0.00531	0.00506	0.00666	0.00405	0.00389	0.00840	0.01004	0.12836	0.06766	0.06982	0.59437	0.02031	0.00518	0.00149	0.00248	0.04670	0.00415	0.00413
48	0.00516	0.00407	0.00465	0.00502	0.00596	0.00357	0.00357	0.00616	0.00924	0.01162	0.08732	0.35938	0.45595	0.01165	0.00519	0.00155	0.00227	0.01013	0.00400	0.00357
49	0.02892	0.00819	0.05671	0.00777	0.01099	0.00690	0.00669	0.05058	0.06813	0.61551	0.06718	0.01553	0.02586	0.00552	0.00430	0.00133	0.00367	0.00450	0.00486	0.00685
50	0.01109	0.76986	0.10296	0.00777	0.01167	0.01614	0.00813	0.01281	0.00868	0.01036	0.00609	0.00704	0.00545	0.00368	0.00286	0.00095	0.00472	0.00236	0.00182	0.00554
51	0.00740	0.00565	0.00678	0.00626	0.00766	0.00578	0.00476	0.01205	0.22404	0.02840	0.59856	0.02735	0.03258	0.00788	0.00483	0.00137	0.00239	0.00689	0.00460	0.00478
52	0.00518	0.00370	0.00494	0.00592	0.00617	0.00346	0.00395	0.00592	0.00815	0.01086	0.02345	0.84768	0.02814	0.01333	0.00543	0.00173	0.00247	0.01210	0.00395	0.00346
53	0.37228	0.01031	0.01300	0.03697	0.30226	0.08222	0.09890	0.01318	0.00889	0.01564	0.00707	0.00891	0.00568	0.00390	0.00362	0.00129	0.00481	0.00322	0.00233	0.00553
54	0.00600	0.00433	0.00567	0.00537	0.00635	0.00400	0.00401	0.00797	0.01194	0.01689	0.79966	0.05428	0.03982	0.00883	0.00503	0.00135	0.00202	0.00782	0.00466	0.00400
55	0.00853	0.02201	0.82841	0.01213	0.01842	0.00988	0.01572	0.01348	0.00898	0.01348	0.00764	0.00898	0.00539	0.00404	0.00404	0.00135	0.00629	0.00314	0.00180	0.00629
56	0.00619	0.00453	0.00583	0.00548	0.00653	0.00426	0.00412	0.00857	0.04194	0.01709	0.79178	0.03119	0.03914	0.00859	0.00499	0.00134	0.00206	0.00759	0.00467	0.00412
57	0.00619	0.00413	0.00464	0.00464	0.00464	0.00413	0.00258	0.00619	0.00619	0.00825	0.01341	0.02785	0.01547	0.85046	0.02166	0.00413	0.00413	0.00619	0.00258	0.00258
58	0.02312	0.00764	0.01277	0.80499	0.04932	0.00947	0.01172	0.01096	0.00852	0.01109	0.00755	0.01125	0.00568	0.00424	0.00423	0.00141	0.00562	0.00376	0.00191	0.00478
59	0.00945	0.01036	0.02180	0.01599	0.01958	0.00993	0.65631	0.01263	0.00987	0.01345	0.04444	0.05030	0.00982	0.00487	0.00550	0.00149	0.04548	0.05090	0.00243	0.00541
60	0.01124	0.00947	0.00999	0.00879	0.01131	0.01089	0.00689	0.11493	0.72284	0.01886	0.01649	0.01521	0.01231	0.00569	0.00432	0.00142	0.00352	0.00470	0.00432	0.00679
61	0.00546	0.00425	0.00496	0.00499	0.00609	0.00376	0.00370	0.00686	0.01037	0.01352	0.33234	0.14836	0.40386	0.01037	0.00510	0.00145	0.00218	0.02442	0.00423	0.00374
62	0.08563	0.00750	0.00971	0.00750	0.01075	0.00678	0.00620	0.05044	0.01210	0.73360	0.01569	0.01373	0.00995	0.00516	0.00415	0.00132	0.00364	0.00411	0.00502	0.00704
63	0.29711	0.29164	0.05110	0.00884	0.04629	0.08936	0.04124	0.10540	0.00994	0.01545	0.00676	0.00778	0.00548	0.00400	0.00320	0.00116	0.00466	0.00273	0.00243	0.00544
64	0.01476	0.01887	0.04354	0.01158	0.01399	0.67612	0.07459	0.02733	0.01157	0.01101	0.00678	0.00817	0.00559	0.00449	0.00453	0.00118	0.05564	0.00302	0.00218	0.00507
65	0.00878	0.00582	0.00703	0.00617	0.00785	0.00566	0.00480	0.10312	0.06011	0.10667	0.49231	0.02760	0.13103	0.00800	0.00481	0.00135	0.00259	0.00686	0.00458	0.00485
66	0.00518	0.00372	0.00492	0.00588	0.00616	0.00346	0.00393	0.00593	0.00819	0.01088	0.02397	0.82625	0.04924	0.01326	0.00542	0.00172	0.00246	0.01201	0.00395	0.00346
67	0.00648	0.00483	0.00608	0.00568	0.00683	0.00467	0.00429	0.00949	0.09275	0.01714	0.74095	0.03019	0.03742	0.00841	0.00495	0.00135	0.00214	0.00741	0.00465	0.00429
68	0.88052	0.00823	0.00625	0.00560	0.00823	0.00955	0.00461	0.01251	0.00724	0.01909	0.00592	0.00691	0.00461	0.00395	0.00263	0.00132	0.00329	0.00230	0.00263	0.00461
69	0.01575	0.01181	0.01242	0.00968	0.01297	0.03462	0.00794	0.70551	0.08722	0.04219	0.01086	0.01072	0.00775	0.00515	0.00425	0.00129	0.00463	0.00389	0.00423	0.00713
70	0.00608	0.00456	0.00684	0.00684	0.00760	0.00532	0.00532	0.00760	0.00684	0.00988	0.01140	0.01672	0.01064	0.03191	0.83360	0.00684	0.01140	0.00456	0.00228	0.00380
71	0.01018	0.00568	0.00640	0.00588	0.00750	0.00579	0.00471	0.09418	0.06690	0.11596	0.01532	0.01964	0.01254	0.00603	0.00377	0.00123	0.00283	0.11555	0.49505	0.00489
72	0.01307	0.00705	0.00872	0.00716	0.00957	0.00686	0.00574	0.14687	0.06390	0.33637	0.24213	0.02040	0.06805	0.00756	0.03536	0.00154	0.00353	0.00549	0.00469	0.00596
73	0.00548	0.00390	0.00477	0.00534	0.00564	0.00368	0.00344	0.00603	0.00770	0.01011	0.02245	0.49870	0.11211	0.27812	0.01052	0.00245	0.00296	0.00988	0.00352	0.00319
74	0.01537	0.01174	0.01230	0.00966	0.01289	0.03461	0.00790	0.67619	0.13357	0.02509	0.01113	0.01096	0.00801	0.00518	0.00426	0.00130	0.00457	0.00394	0.00421	0.00710
75	0.01592	0.01944	0.01213	0.01084	0.01316	0.75130	0.00821	0.09632	0.01285	0.01206	0.00694	0.00793	0.00566	0.00446	0.00388	0.00111	0.00737	0.00285	0.00240	0.00516
76	0.01036	0.01124	0.02228	0.10203	0.06364	0.04540	0.61991	0.01376	0.02041	0.03488	0.00871	0.01139	0.00654	0.00377	0.00482	0.00141	0.00679	0.00471	0.00224	0.00571
77	0.88052	0.00823	0.00625	0.00560	0.00823	0.00955	0.00461	0.01251	0.00724	0.01909	0.00592	0.00691	0.00461	0.00395	0.00263	0.00132	0.00329	0.00230	0.00263	0.00461
78	0.73084	0.00792	0.00663	0.00578	0.00843	0.00888	0.00475	0.01347	0.00796	0.12457	0.00768	0.00828	0.00565	0.00416	0.00286	0.00130	0.00328	0.00263	0.03998	0.00493
79	0.00531	0.00389	0.00501	0.00578	0.00627	0.00359	0.00402	0.00624	0.00870	0.01145	0.07771	0.64350	0.13500	0.01260	0.00537	0.00168	0.00248	0.05389	0.00400	0.00354
80	0.00607	0.00441	0.00573	0.00545	0.00644	0.00412	0.00407	0.00821	0.02775	0.01677	0.76571	0.07242	0.03901	0.00887	0.00503	0.00136	0.00206	0.00786	0.00464	0.00404
81	0.00995	0.00990	0.05978	0.01097	0.01157	0.01238	0.00946	0.01116	0.00706	0.06762	0.00649	0.00965	0.00592	0.00710	0.01271	0.00179	0.73573	0.00373	0.00210	0.00493
82	0.00996	0.00753	0.00894	0.00644	0.01017	0.00574	0.00518	0.01182	0.00919	0.10384	0.00858	0.00945	0.00677	0.00339	0.00328	0.00071	0.00320	0.00272	0.00282	0.78028
83	0.03431	0.01028	0.01562	0.13413	0.48699	0.07170	0.05419	0.01266	0.00938	0.01299	0.00814	0.01167	0.00698	0.00451	0.00511	0.00136	0.07877	0.03315	0.00215	0.00593
84	0.01078	0.00879	0.00937	0.00842	0.01079	0.01005	0.00658	0.02180	0.73659	0.05242	0.01727	0.01641	0.01302	0.00583	0.00431	0.00143	0.00334	0.01952	0.03669	0.00660
85	0.01437	0.01146	0.01229	0.04109	0.05295	0.05662	0.00807	0.54906	0.09328	0.02264	0.01024	0.01054	0.00752	0.00485	0.00414	0.00123	0.00463	0.00374	0.00380	0.08749
86	0.00639	0.00505	0.00575	0.01755	0.00723	0.00448	0.00417	0.02453	0.03174	0.02746	0.19711	0.05000	0.45175	0.00925	0.00484	0.00137	0.00249	0.05360	0.00397	0.09128
87	0.00980	0.01595	0.36993	0.03480	0.01985	0.03202	0.37999	0.02543	0.00984	0.03752	0.01907	0.01063	0.00653	0.00396	0.00452	0.00138	0.00656	0.00412	0.00215	0.00597
88	0.01110	0.61697	0.13909	0.00820	0.01207	0.02887	0.00846	0.01405	0.08963	0.02612	0.00752	0.00820	0.00630	0.00395	0.00313	0.00104	0.00472	0.00270	0.00214	0.00573
89	0.00861	0.00918	0.01914	0.01438	0.01749	0.00860	0.57059	0.01135	0.00948	0.01281	0.01300	0.25873	0.01287	0.00647	0.00514	0.00152	0.00578	0.00711	0.00268	0.00506
90	0.01135	0.62161	0.07881	0.09148	0.02740	0.04992	0.00844	0.01314	0.00897	0.04556	0.00674	0.00786	0.00572	0.00384	0.00312	0.00102	0.00489	0.00262	0.00199	0.00552
91	0.00853	0.02201	0.82841	0.01213	0.01842	0.00988	0.01572	0.01348	0.00898	0.01348	0.00764	0.00898	0.00539	0.00404	0.00404	0.00135	0.00629	0.00314	0.00180	0.00629
92	0.00518	0.00373	0.00491	0.00586	0.00615	0.00346	0.00392	0.00593	0.00821	0.01089	0.02429	0.81343	0.06186	0.01322	0.00541	0.00172	0.00246	0.01196	0.00395	0.00346
93	0.01653	0.01135	0.01242	0.00952	0.01291	0.01236	0.00787	0.71443	0.01906	0.12345	0.01101	0.01073	0.00763	0.00513	0.00426	0.00128	0.00455	0.00389	0.00438	0.00724
94	0.04800	0.01094	0.01184	0.00925	0.01251	0.01198	0.00760	0.60157	0.10843	0.11654	0.01160	0.01122	0.00816	0.00516	0.00421	0.00130	0.00436	0.00394	0.00432	0.00708
95	0.00518	0.00372	0.00492	0.00588	0.00616	0.00346	0.00393	0.00593	0.00819	0.01088	0.02396	0.82700	0.04850	0.01327	0.00542	0.00172	0.00246	0.01202	0.00395	0.00346
96	0.00518	0.00374	0.00490	0.00583	0.00615	0.00346	0.00391	0.00594	0.00824	0.01090	0.02458	0.80121	0.07388	0.01318	0.00541	0.00171	0.00245	0.01192	0.00395	0.00346
97	0.01010	0.04767	0.02499	0.01748	0.02175	0.01102	0.77401	0.01359	0.00998	0.01347	0.00849	0.01128	0.00641	0.00359	0.00492	0.00141	0.00706	0.00490	0.00214	0.00573
98	0.00580	0.00434	0.00538	0.00512	0.00622	0.00392	0.00384	0.00760	0.01152	0.01583	0.64914	0.03382	0.21346	0.00916	0.00502	0.00136	0.00204	0.00798	0.00452	0.00392
99	0.00882	0.00756	0.00882	0.00630	0.01008	0.00567	0.00504	0.01071	0.00882	0.01387	0.00756	0.00882	0.00630	0.00315	0.00315	0.00063	0.00315	0.00252	0.00252	0.87647
100	0.00530	0.00380	0.00504	0.00584	0.00620	0.00354	0.00396	0.00623	0.00870	0.01175	0.13765	0.73095	0.02986	0.01267	0.00537	0.00167	0.00240	0.01147	0.00405	0.00354
101	0.00730	0.00464	0.00607	0.00555	0.00679	0.00423	0.00422	0.00925	0.01200	0.09757	0.72155	0.03030	0.05725	0.00841	0.00495	0.00134	0.00217	0.00739	0.00472	0.00433
102	0.01871	0.00750	0.00999	0.00770	0.01097	0.00668	0.00635	0.05472	0.03639	0.76843	0.01652	0.01434	0.01046	0.00527	0.00428	0.00132	0.00366	0.00428	0.00520	0.00723
103	0.88052	0.00823	0.00625	0.00560	0.00823	0.00955	0.00461	0.01251	0.00724	0.01909	0.00592	0.00691	0.00461	0.00395	0.00263	0.00132	0.00329	0.00230	0.00263	0.00461
104	0.01178	0.00974	0.01030	0.00890	0.01152	0.01114	0.00703	0.19154	0.64535	0.01973	0.01579	0.01466	0.01175	0.00563	0.00431	0.00141	0.00365	0.00460	0.00431	0.00684
105	0.00605	0.00433	0.00554	0.00524	0.00626	0.00399	0.00393	0.00801	0.01179	0.01672	0.74594	0.03160	0.08052	0.00865	0.00493	0.00133	0.00201	0.00761	0.04156	0.00399
106	0.01589	0.02028	0.01206	0.01096	0.01315	0.83338	0.00822	0.01699	0.01206	0.01041	0.00658	0.00767	0.00548	0.00438	0.00384	0.00110	0.00767	0.00274	0.00219	0.00493
107	0.00791	0.00740	0.01243	0.80436	0.02831	0.00920	0.01148	0.01066	0.00849	0.01087	0.00825	0.04731	0.00664	0.00464	0.00430	0.00143	0.00553	0.00414	0.00198	0.00467
108	0.88052	0.00823	0.00625	0.00560	0.00823	0.00955	0.00461	0.01251	0.00724	0.01909	0.00592	0.00691	0.00461	0.00395	0.00263	0.00132	0.00329	0.00230	0.00263	0.00461
109	0.01600	0.01175	0.01259	0.00967	0.01302	0.01300	0.00798	0.79316	0.01978	0.02659	0.01029	0.01033	0.00731	0.00510	0.00423	0.00127	0.00463	0.00383	0.02228	0.00717
110	0.01133	0.36259	0.29632	0.00943	0.01386	0.06613	0.01021	0.10312	0.01036	0.03456	0.00738	0.00828	0.00580	0.00401	0.00348	0.00111	0.00528	0.00284	0.00223	0.04166
111	0.00620	0.00431	0.00564	0.00549	0.00643	0.00397	0.00405	0.00796	0.01131	0.03737	0.64417	0.17540	0.05266	0.00947	0.00507	0.00141	0.00213	0.00841	0.00456	0.00399
112	0.00532	0.00427	0.00475	0.00474	0.00596	0.00370	0.00351	0.00664	0.01024	0.01303	0.26339	0.10363	0.53506	0.01039	0.00506	0.00143	0.00214	0.00887	0.00416	0.00370
113	0.56652	0.00799	0.00765	0.00637	0.00925	0.00852	0.00525	0.03533	0.00924	0.29336	0.00972	0.00956	0.00668	0.00443	0.00323	0.00132	0.00344	0.00301	0.00357	0.00557
114	0.15867	0.00746	0.00933	0.00728	0.01047	0.00688	0.00601	0.03007	0.01148	0.68513	0.01494	0.01320	0.00953	0.00505	0.00401	0.00132	0.00358	0.00395	0.00483	0.00681
115	0.88052	0.00823	0.00625	0.00560	0.00823	0.00955	0.00461	0.01251	0.00724	0.01909	0.00592	0.00691	0.00461	0.00395	0.00263	0.00132	0.00329	0.00230	0.00263	0.00461
116	0.00614	0.00441	0.00595	0.00686	0.00759	0.00427	0.00550	0.00759	0.00917	0.01201	0.02403	0.34336	0.07535	0.01218	0.00562	0.00183	0.00324	0.44532	0.01586	0.00373
117	0.00694	0.00480	0.00596	0.00556	0.00674	0.00464	0.00420	0.00982	0.08221	0.03735	0.64969	0.02835	0.03408	0.00798	0.00473	0.00131	0.00216	0.00698	0.09213	0.00433
118	0.00673	0.00448	0.00585	0.00543	0.00655	0.00413	0.00410	0.00872	0.01197	0.05780	0.75888	0.03047	0.03785	0.00842	0.00492	0.00133	0.00209	0.00742	0.02869	0.00418
119	0.01589	0.02028	0.01206	0.01096	0.01315	0.83338	0.00822	0.01699	0.01206	0.01041	0.00658	0.00767	0.00548	0.00438	0.00384	0.00110	0.00767	0.00274	0.00219	0.00493
120	0.01138	0.85302	0.02230	0.00728	0.01092	0.01684	0.00728	0.01274	0.00865	0.01001	0.00592	0.00683	0.00546	0.00364	0.00273	0.00091	0.00455	0.00228	0.00182	0.00546
121	0.00735	0.00372	0.00554	0.00554	0.00556	0.00373	0.00370	0.00559	0.00557	0.00744	0.00757	0.01328	0.00760	0.03155	0.02861	0.84632	0.00382	0.00376	0.00187	0.00189
122	0.00885	0.00552	0.00626	0.00595	0.00741	0.00558	0.00461	0.07297	0.10128	0.07822	0.06277	0.13845	0.09878	0.00766	0.00425	0.00134	0.00273	0.07592	0.30677	0.00467
123	0.05091	0.00759	0.00993	0.00765	0.01092	0.00684	0.00632	0.07336	0.01252	0.74317	0.01594	0.01392	0.01009	0.00521	0.00422	0.00131	0.00368	0.00418	0.00510	0.00714
124	0.00613	0.00418	0.00489	0.00483	0.00505	0.00414	0.00293	0.00654	0.00724	0.00982	0.14642	0.02832	0.03440	0.66633	0.04880	0.00372	0.00401	0.00643	0.00294	0.00288
125	0.01008	0.00549	0.00604	0.00548	0.00711	0.00560	0.00425	0.01394	0.16539	0.14296	0.03799	0.01655	0.02677	0.00537	0.00353	0.00115	0.00251	0.00437	0.53041	0.00501
126	0.88052	0.00823	0.00625	0.00560	0.00823	0.00955	0.00461	0.01251	0.00724	0.01909	0.00592	0.00691	0.00461	0.00395	0.00263	0.00132	0.00329	0.00230	0.00263	0.00461
127	0.00707	0.00521	0.00652	0.00685	0.00765	0.00536	0.00508	0.09784	0.04233	0.01310	0.02059	0.52440	0.02334	0.05456	0.00638	0.00183	0.02462	0.13933	0.00387	0.00408
128	0.01201	0.72376	0.04170	0.00773	0.01132	0.07401	0.00754	0.02987	0.00926	0.04084	0.00650	0.00730	0.00569	0.00379	0.00293	0.00096	0.00478	0.00244	0.00202	0.00555
129	0.01099	0.00922	0.00976	0.00869	0.01115	0.01061	0.00678	0.05600	0.76652	0.03418	0.01701	0.01561	0.01270	0.00573	0.00433	0.00143	0.00343	0.00476	0.00435	0.00677
130	0.01093	0.00931	0.00981	0.00873	0.01119	0.01074	0.00682	0.07073	0.76755	0.01835	0.01688	0.01553	0.01264	0.00573	0.00433	0.00143	0.00345	0.00475	0.00433	0.00677
131	0.01743	0.00938	0.01114	0.00859	0.01190	0.00950	0.00708	0.36740	0.05154	0.43929	0.01392	0.01267	0.00919	0.00522	0.00427	0.00130	0.00408	0.00411	0.00478	0.00722
132	0.01066	0.00904	0.00959	0.00855	0.01102	0.01031	0.00666	0.02210	0.76972	0.03147	0.01691	0.01557	0.01268	0.00566	0.00428	0.00141	0.00336	0.00471	0.00427	0.04204
133	0.00853	0.02201	0.82841	0.01213	0.01842	0.00988	0.01572	0.01348	0.00898	0.01348	0.00764	0.00898	0.00539	0.00404	0.00404	0.00135	0.00629	0.00314	0.00180	0.00629
134	0.00525	0.00389	0.00491	0.00561	0.00615	0.00355	0.00387	0.00617	0.00876	0.01147	0.08574	0.61654	0.18293	0.01247	0.00533	0.00165	0.00240	0.02579	0.00400	0.00353
135	0.05337	0.01156	0.01235	0.00952	0.01287	0.01277	0.00786	0.73811	0.02966	0.05373	0.01035	0.01029	0.00731	0.00507	0.00419	0.00128	0.00457	0.00379	0.00422	0.00712
136	0.00606	0.00441	0.00582	0.02094	0.00679	0.00412	0.00416	0.00808	0.01198	0.01695	0.80647	0.03140	0.03950	0.00862	0.00500	0.00134	0.00208	0.00762	0.00463	0.00403
137	0.00533	0.00432	0.00466	0.00460	0.00592	0.00372	0.00346	0.00666	0.01024	0.01289	0.22571	0.03850	0.61449	0.01021	0.00501	0.00141	0.00214	0.01938	0.01764	0.00370
138	0.00865	0.05512	0.79629	0.01193	0.01812	0.01016	0.01538	0.01345	0.00897	0.01334	0.00757	0.00890	0.00539	0.00403	0.00399	0.00133	0.00622	0.00311	0.00180	0.00626
139	0.01620	0.01215	0.01267	0.01003	0.02694	0.06066	0.00809	0.71197	0.01899	0.06406	0.01028	0.01028	0.00728	0.00505	0.00423	0.00127	0.00481	0.00379	0.00415	0.00709
140	0.00605	0.00450	0.00542	0.00521	0.00638	0.00409	0.00390	0.00799	0.03514	0.02972	0.50040	0.08078	0.27582	0.00945	0.00501	0.00139	0.00215	0.00819	0.00442	0.00399
141	0.00612	0.00410	0.00466	0.00472	0.00474	0.00408	0.00267	0.00617	0.00631	0.00842	0.01406	0.08093	0.01629	0.79626	0.02061	0.00397	0.00402	0.00657	0.00267	0.00264
142	0.00985	0.00941	0.01603	0.24943	0.60595	0.00993	0.01272	0.01246	0.00936	0.01307	0.00788	0.01075	0.00645	0.00392	0.00422	0.00131	0.00522	0.00379	0.00205	0.00619
143	0.00517	0.00375	0.00488	0.00579	0.00614	0.00347	0.00389	0.00594	0.00828	0.01092	0.02512	0.77921	0.09554	0.01311	0.00540	0.00170	0.00244	0.01183	0.00395	0.00347
144	0.37083	0.01074	0.01122	0.16747	0.01513	0.14877	0.10255	0.06537	0.03460	0.01578	0.00775	0.00933	0.01542	0.00425	0.00362	0.00132	0.00503	0.00324	0.00253	0.00505
145	0.09176	0.27113	0.37398	0.00962	0.01409	0.01178	0.03284	0.01367	0.08167	0.01323	0.00853	0.04489	0.00703	0.00445	0.00362	0.00124	0.00507	0.00339	0.00221	0.00578
146	0.15262	0.00853	0.01114	0.05713	0.04743	0.03086	0.07926	0.07807	0.04879	0.34528	0.02599	0.01271	0.00896	0.00521	0.00453	0.03384	0.00422	0.01365	0.00381	0.02797

[dist]
# distance from previous block
# <min> <max>
6	10

[block]
# block no. 3 follows, 62 sequences, length 9
# corresponding to MSA columns:
# 367-375
name=unknown_D
#
# <colnr> <probs for GDERKNQSTAVLIFYWHMCP>
#	G	D	E	R	K	N	Q	S	T	A	V	L	I	F	Y	W	H	M	C	P
0	0.05305	0.14830	0.26585	0.01073	0.05335	0.05342	0.03056	0.14972	0.09149	0.07437	0.00929	0.00991	0.00691	0.00447	0.00406	0.00127	0.02080	0.00340	0.00280	0.00626
1	0.00709	0.00600	0.00664	0.00720	0.00798	0.08376	0.00561	0.00842	0.00935	0.01187	0.07260	0.32119	0.04069	0.04396	0.00629	0.00183	0.02699	0.32503	0.00370	0.00382
2	0.00908	0.00892	0.01603	0.47378	0.25802	0.00985	0.13906	0.01194	0.00909	0.01219	0.00786	0.01113	0.00611	0.00401	0.00436	0.00138	0.00573	0.00398	0.00199	0.00547
3	0.01181	0.37758	0.07951	0.00859	0.05383	0.03598	0.00757	0.09561	0.01067	0.12725	0.01408	0.01408	0.13650	0.00522	0.00369	0.00115	0.00431	0.00395	0.00292	0.00571
4	0.01412	0.00985	0.01144	0.00919	0.01185	0.01097	0.00751	0.33612	0.17740	0.17026	0.01201	0.01194	0.00871	0.00555	0.00577	0.00138	0.13761	0.00403	0.00399	0.05030
5	0.00731	0.00530	0.00652	0.00677	0.00772	0.00533	0.00508	0.13455	0.01034	0.01368	0.02166	0.47271	0.06399	0.05354	0.00613	0.00181	0.00318	0.16634	0.00392	0.00411
6	0.00584	0.00482	0.00613	0.13786	0.00972	0.00466	0.00488	0.00748	0.01021	0.01318	0.29005	0.06739	0.40397	0.00917	0.00492	0.00141	0.00268	0.00787	0.00386	0.00390
7	0.01089	0.33734	0.33964	0.01047	0.01497	0.14375	0.06257	0.01377	0.00941	0.01168	0.00688	0.00811	0.00550	0.00391	0.00357	0.00115	0.00590	0.00287	0.00189	0.00572
8	0.01516	0.09176	0.01294	0.02651	0.01271	0.02712	0.02564	0.39944	0.11937	0.19187	0.01186	0.01151	0.00839	0.00506	0.00432	0.00129	0.02026	0.00391	0.00406	0.00682

[dist]
# distance from previous block
# <min> <max>
0	17

# created by:
# /st0/software/busco_prod/Augustus/scripts/msa2prfl.pl ./align_prep/1157302.fa
