[name]
unknown

[dist]
# distance from previous block
# <min> <max>
0	16

[block]
# block no. 0 follows, 58 sequences, length 21
# corresponding to MSA columns:
# 19-39
name=unknown_A
#
# <colnr> <probs for GDERKNQSTAVLIFYWHMCP>
#	G	D	E	R	K	N	Q	S	T	A	V	L	I	F	Y	W	H	M	C	P
0	0.04109	0.20560	0.14745	0.00923	0.01282	0.05899	0.02391	0.08545	0.08652	0.14806	0.01226	0.06292	0.01020	0.00571	0.00416	0.00134	0.00482	0.05201	0.00333	0.02413
1	0.01068	0.04439	0.24935	0.00897	0.01264	0.05849	0.00902	0.10792	0.03521	0.06902	0.16844	0.01606	0.02845	0.01955	0.00461	0.00133	0.00456	0.00455	0.05426	0.09251
2	0.18785	0.39063	0.01565	0.00783	0.01095	0.10632	0.00691	0.08372	0.01058	0.05489	0.04261	0.04744	0.00865	0.00490	0.00344	0.00118	0.00464	0.00342	0.00277	0.00559
3	0.00946	0.03042	0.48452	0.01117	0.03187	0.00926	0.02571	0.01353	0.03180	0.07175	0.11548	0.04255	0.02704	0.00570	0.00513	0.00145	0.05795	0.00457	0.00277	0.01789
4	0.00553	0.00395	0.00526	0.00618	0.00650	0.00368	0.00416	0.00642	0.00892	0.01198	0.09279	0.77014	0.03068	0.01359	0.00567	0.00178	0.00255	0.01232	0.00422	0.00368
5	0.00673	0.00452	0.00555	0.00555	0.00608	0.00448	0.00368	0.00742	0.00790	0.04075	0.07158	0.12370	0.10348	0.43451	0.15119	0.00391	0.00502	0.00729	0.00323	0.00343
6	0.07223	0.27504	0.14173	0.00960	0.01308	0.21177	0.03041	0.03140	0.07539	0.03515	0.00861	0.01029	0.00716	0.05472	0.00484	0.00139	0.00571	0.00329	0.00249	0.00570
7	0.00738	0.00479	0.00595	0.00589	0.00717	0.00429	0.00446	0.00887	0.01089	0.10024	0.26736	0.20263	0.26775	0.01069	0.00536	0.00157	0.00261	0.07324	0.00453	0.00432
8	0.00958	0.00986	0.04175	0.38671	0.23361	0.01082	0.09986	0.01235	0.00917	0.01258	0.00790	0.01133	0.00633	0.00474	0.00600	0.00151	0.12405	0.00409	0.00207	0.00569
9	0.01518	0.05341	0.01324	0.01103	0.01355	0.57250	0.05551	0.06958	0.06896	0.01323	0.00860	0.00966	0.00690	0.00472	0.00406	0.00120	0.00695	0.00332	0.06292	0.00549
10	0.03003	0.01027	0.06134	0.00995	0.01263	0.08193	0.08704	0.08501	0.04130	0.25283	0.01346	0.09975	0.01099	0.00937	0.09620	0.00212	0.08092	0.00514	0.00369	0.00604
11	0.00645	0.00437	0.00517	0.00521	0.00532	0.00446	0.00312	0.00667	0.00667	0.00899	0.01428	0.06145	0.01620	0.71124	0.11844	0.00457	0.00518	0.00656	0.00273	0.00290
12	0.00772	0.00570	0.00809	0.00763	0.00845	0.00672	0.00597	0.00910	0.00770	0.06021	0.03209	0.01859	0.04833	0.08353	0.53388	0.00541	0.13890	0.00505	0.00268	0.00426
13	0.02717	0.00714	0.01036	0.00872	0.01089	0.00694	0.15102	0.05870	0.10581	0.06561	0.04584	0.21041	0.25489	0.00898	0.00514	0.00156	0.00374	0.00807	0.00395	0.00506
14	0.82252	0.00942	0.00694	0.00622	0.00896	0.05931	0.00507	0.01343	0.00792	0.01952	0.00627	0.00732	0.00490	0.00418	0.00284	0.00137	0.00374	0.00245	0.00274	0.00487
15	0.01517	0.01373	0.01609	0.04769	0.01663	0.26315	0.23304	0.11905	0.01296	0.18715	0.01068	0.02584	0.00786	0.00483	0.00459	0.00135	0.00641	0.00428	0.00329	0.00623
16	0.00678	0.00521	0.00731	0.00710	0.00762	0.00615	0.00533	0.00792	0.00698	0.01000	0.01185	0.01963	0.01187	0.23028	0.54103	0.00593	0.09769	0.00512	0.00243	0.00377
17	0.01091	0.06182	0.02174	0.01610	0.04933	0.07127	0.51626	0.04564	0.01073	0.01405	0.00976	0.01400	0.00809	0.00629	0.05355	0.00181	0.02789	0.05250	0.00245	0.00579
18	0.09512	0.06158	0.14905	0.01338	0.11160	0.02929	0.16130	0.06761	0.07653	0.10155	0.01069	0.04929	0.00846	0.00506	0.00480	0.00143	0.03959	0.00440	0.00299	0.00631
19	0.01023	0.00546	0.00662	0.00590	0.00752	0.00521	0.00456	0.06000	0.01185	0.17039	0.29536	0.07131	0.02302	0.00719	0.00438	0.00130	0.00263	0.00611	0.29595	0.00502
20	0.00652	0.00528	0.00612	0.00660	0.05547	0.00484	0.00446	0.05378	0.01064	0.01346	0.11055	0.13959	0.49427	0.06057	0.00629	0.00169	0.00276	0.00891	0.00404	0.00416

[dist]
# distance from previous block
# <min> <max>
9	16

[block]
# block no. 1 follows, 58 sequences, length 27
# corresponding to MSA columns:
# 57-83
name=unknown_B
#
# <colnr> <probs for GDERKNQSTAVLIFYWHMCP>
#	G	D	E	R	K	N	Q	S	T	A	V	L	I	F	Y	W	H	M	C	P
0	0.06800	0.01758	0.07131	0.03821	0.23196	0.00966	0.06959	0.11563	0.03400	0.19337	0.01247	0.07291	0.01956	0.00548	0.00467	0.00142	0.01932	0.00478	0.00347	0.00661
1	0.00757	0.00650	0.04756	0.00710	0.00858	0.02067	0.02199	0.04197	0.05557	0.04208	0.19415	0.37824	0.08739	0.01043	0.00525	0.00159	0.00312	0.02625	0.00417	0.02984
2	0.01005	0.04021	0.32418	0.01260	0.06082	0.00964	0.14884	0.06303	0.02218	0.03375	0.01005	0.06612	0.00837	0.00488	0.00439	0.00132	0.00555	0.01596	0.00258	0.15550
3	0.01104	0.00758	0.01100	0.30962	0.08141	0.00824	0.00878	0.03249	0.10072	0.17493	0.07876	0.06844	0.03154	0.00603	0.00458	0.00145	0.00437	0.00523	0.04803	0.00575
4	0.01031	0.38360	0.05712	0.13236	0.03944	0.04683	0.03479	0.01240	0.02760	0.02657	0.01060	0.16060	0.01048	0.00601	0.00420	0.00130	0.02306	0.00486	0.00250	0.00536
5	0.00784	0.00640	0.05170	0.00652	0.00815	0.00556	0.00529	0.06005	0.05408	0.04881	0.38451	0.12637	0.11661	0.02316	0.03219	0.00169	0.00312	0.00765	0.04561	0.00470
6	0.00606	0.00433	0.00564	0.00599	0.00637	0.00444	0.00406	0.00684	0.00756	0.01025	0.01844	0.30048	0.05480	0.29170	0.24815	0.00418	0.00587	0.00824	0.00317	0.00344
7	0.00918	0.00660	0.01010	0.00993	0.06560	0.00637	0.09659	0.02616	0.05171	0.10785	0.12045	0.20553	0.04835	0.00948	0.00540	0.00167	0.00389	0.20601	0.00408	0.00506
8	0.00804	0.00541	0.00761	0.00734	0.00827	0.00600	0.00564	0.00936	0.00821	0.10208	0.01639	0.17889	0.05888	0.04455	0.42340	0.00456	0.09131	0.00652	0.00316	0.00438
9	0.00832	0.00783	0.01331	0.75326	0.02902	0.00958	0.03725	0.01119	0.00897	0.01152	0.00905	0.06463	0.00749	0.00506	0.00458	0.00151	0.00580	0.00457	0.00213	0.00492
10	0.01790	0.00966	0.01145	0.00884	0.01221	0.00976	0.00728	0.37595	0.01646	0.40960	0.04005	0.01381	0.01051	0.00557	0.00447	0.00136	0.00421	0.00439	0.02912	0.00740
11	0.00827	0.00748	0.01145	0.05594	0.09597	0.03459	0.09396	0.01079	0.05249	0.01176	0.01094	0.01556	0.00980	0.05159	0.45120	0.00469	0.06158	0.00468	0.00244	0.00481
12	0.00586	0.00454	0.00505	0.00523	0.00646	0.00397	0.00383	0.00717	0.02279	0.03123	0.07987	0.23740	0.53250	0.01167	0.00538	0.00159	0.00243	0.02487	0.00423	0.00391
13	0.01934	0.00759	0.01019	0.00786	0.01120	0.00667	0.00648	0.04427	0.01294	0.75363	0.03370	0.01551	0.01162	0.00560	0.00447	0.00137	0.00375	0.00455	0.03182	0.00744
14	0.02096	0.00755	0.01381	0.06306	0.01447	0.00733	0.29585	0.01015	0.00953	0.03155	0.01914	0.33961	0.10436	0.00883	0.00563	0.00164	0.03003	0.00846	0.00327	0.00476
15	0.46110	0.06361	0.05562	0.13079	0.08082	0.04672	0.00804	0.06290	0.00927	0.01732	0.00707	0.00870	0.00554	0.00435	0.00366	0.00137	0.02217	0.00298	0.00257	0.00540
16	0.01178	0.01267	0.07555	0.06171	0.24621	0.08661	0.21328	0.12598	0.01189	0.01589	0.00919	0.01211	0.00738	0.00446	0.00459	0.00136	0.00605	0.02967	0.00261	0.06101
17	0.06602	0.05396	0.00971	0.00781	0.00970	0.01725	0.00622	0.14752	0.04710	0.11945	0.03731	0.03898	0.01164	0.09724	0.26772	0.00353	0.04537	0.00478	0.00339	0.00530
18	0.17172	0.12268	0.06415	0.10825	0.04493	0.04919	0.09739	0.10345	0.01091	0.09440	0.01108	0.02808	0.04753	0.02252	0.00445	0.00141	0.00502	0.00408	0.00297	0.00579
19	0.00782	0.07348	0.14943	0.00749	0.01003	0.00696	0.02067	0.05340	0.01095	0.01502	0.26181	0.14157	0.12932	0.03150	0.00530	0.00148	0.00358	0.00700	0.00367	0.05951
20	0.00848	0.00580	0.00756	0.00737	0.05253	0.00551	0.00525	0.04992	0.03882	0.08614	0.59085	0.02877	0.06073	0.00821	0.00506	0.00139	0.00265	0.00719	0.00472	0.02306
21	0.00786	0.00526	0.00666	0.00666	0.00785	0.00496	0.01828	0.07029	0.01034	0.08285	0.02668	0.43424	0.19873	0.01177	0.00581	0.02878	0.00304	0.06143	0.00419	0.00434
22	0.03377	0.25209	0.05877	0.01011	0.04835	0.05797	0.06107	0.15932	0.02555	0.15376	0.01270	0.01291	0.07064	0.00517	0.00423	0.00127	0.01866	0.00402	0.00330	0.00633
23	0.05293	0.18532	0.52399	0.01132	0.04108	0.01133	0.01306	0.01362	0.00933	0.03233	0.00886	0.06155	0.00732	0.00480	0.00400	0.00134	0.00573	0.00372	0.00218	0.00620
24	0.00688	0.05191	0.00674	0.00568	0.00728	0.00561	0.00437	0.05814	0.05085	0.01425	0.16536	0.13088	0.45537	0.01023	0.00511	0.00149	0.00265	0.00865	0.00420	0.00435
25	0.10063	0.06395	0.05608	0.05310	0.22927	0.03558	0.02396	0.08445	0.01051	0.06036	0.01054	0.10459	0.00953	0.00569	0.00488	0.00138	0.05611	0.01439	0.00288	0.07213
26	0.15415	0.09353	0.13825	0.01010	0.07029	0.02851	0.00863	0.15948	0.06502	0.08175	0.01055	0.06261	0.00857	0.00514	0.00397	0.00130	0.00455	0.00399	0.00323	0.08639

[dist]
# distance from previous block
# <min> <max>
0	5

[block]
# block no. 2 follows, 58 sequences, length 17
# corresponding to MSA columns:
# 92-108
name=unknown_C
#
# <colnr> <probs for GDERKNQSTAVLIFYWHMCP>
#	G	D	E	R	K	N	Q	S	T	A	V	L	I	F	Y	W	H	M	C	P
0	0.01523	0.08131	0.04742	0.01240	0.12436	0.09930	0.02745	0.29798	0.08494	0.14835	0.01125	0.01143	0.00818	0.00497	0.00431	0.00132	0.00513	0.00393	0.00374	0.00700
1	0.06019	0.06989	0.17168	0.01846	0.04425	0.05616	0.03406	0.17981	0.04595	0.11560	0.02558	0.01098	0.00798	0.00463	0.00407	0.00124	0.00496	0.00363	0.00326	0.13761
2	0.01138	0.00896	0.03822	0.00809	0.01171	0.01966	0.04450	0.03472	0.11283	0.14115	0.02353	0.04134	0.00957	0.00461	0.00394	0.00103	0.00381	0.00388	0.00343	0.47365
3	0.06529	0.14912	0.38186	0.01009	0.01480	0.01029	0.03815	0.02810	0.00954	0.02991	0.00959	0.06812	0.00831	0.00504	0.00402	0.00129	0.00523	0.03127	0.00243	0.12757
4	0.05310	0.00429	0.00536	0.00606	0.00653	0.00417	0.00411	0.00686	0.00858	0.01207	0.07752	0.61643	0.04131	0.08861	0.04115	0.00221	0.00315	0.01088	0.00393	0.00367
5	0.01166	0.01012	0.03319	0.04288	0.07595	0.02007	0.37778	0.06199	0.01142	0.13835	0.07094	0.05338	0.02562	0.01993	0.00526	0.00150	0.00568	0.00550	0.02275	0.00603
6	0.03601	0.00729	0.00948	0.00750	0.01056	0.00641	0.00607	0.04231	0.01212	0.57215	0.04661	0.08405	0.01311	0.00611	0.00443	0.00134	0.00356	0.00506	0.03214	0.09369
7	0.00644	0.00442	0.00569	0.00584	0.00673	0.00404	0.00420	0.00790	0.01077	0.04800	0.38241	0.35354	0.12091	0.01117	0.00542	0.00158	0.00239	0.00992	0.00456	0.00408
8	0.08882	0.00941	0.01503	0.29118	0.32800	0.01023	0.06330	0.06700	0.01022	0.01479	0.00915	0.05632	0.00775	0.00479	0.00442	0.00143	0.00533	0.00440	0.00245	0.00595
9	0.01194	0.00645	0.00870	0.04135	0.01047	0.00623	0.01943	0.06822	0.03755	0.29285	0.04516	0.28228	0.02845	0.01003	0.03535	0.00181	0.00390	0.07974	0.00450	0.00558
10	0.00599	0.00414	0.00550	0.00612	0.00645	0.00404	0.00417	0.00666	0.00825	0.01113	0.07034	0.49820	0.02492	0.14448	0.08624	0.06283	0.00387	0.03956	0.00366	0.00346
11	0.01835	0.00844	0.01033	0.00817	0.01124	0.06340	0.00667	0.02000	0.01242	0.66804	0.04534	0.01613	0.04049	0.00591	0.00499	0.00140	0.04188	0.00466	0.00508	0.00706
12	0.05762	0.21157	0.23939	0.03962	0.01617	0.03254	0.15758	0.05538	0.02880	0.01431	0.03122	0.04027	0.00893	0.00503	0.00423	0.00136	0.00565	0.04196	0.00249	0.00588
13	0.00749	0.00644	0.05254	0.00795	0.00918	0.00627	0.04707	0.00909	0.00798	0.04782	0.04203	0.10805	0.01411	0.12916	0.42813	0.00483	0.05893	0.00587	0.00280	0.00427
14	0.05585	0.00672	0.03742	0.02617	0.07981	0.02297	0.00621	0.02530	0.02219	0.08812	0.07643	0.32296	0.02096	0.11072	0.00724	0.00196	0.00370	0.07686	0.00376	0.00465
15	0.01467	0.06959	0.06489	0.01093	0.04264	0.07255	0.08408	0.25897	0.06856	0.18516	0.01270	0.07352	0.00989	0.00566	0.00449	0.00138	0.00502	0.00472	0.00388	0.00673
16	0.29825	0.01093	0.01073	0.00972	0.05566	0.14596	0.05620	0.09686	0.02013	0.08619	0.00979	0.01308	0.00819	0.06306	0.00543	0.00158	0.02299	0.04620	0.00312	0.03592

[dist]
# distance from previous block
# <min> <max>
9	40

[block]
# block no. 3 follows, 58 sequences, length 13
# corresponding to MSA columns:
# 171-183
name=unknown_D
#
# <colnr> <probs for GDERKNQSTAVLIFYWHMCP>
#	G	D	E	R	K	N	Q	S	T	A	V	L	I	F	Y	W	H	M	C	P
0	0.07852	0.12043	0.11335	0.04171	0.06908	0.11634	0.00867	0.11326	0.05856	0.03639	0.04869	0.05352	0.03702	0.02085	0.00532	0.03647	0.02883	0.00436	0.00297	0.00567
1	0.05972	0.14377	0.05130	0.00994	0.01263	0.42329	0.00816	0.08355	0.04948	0.01332	0.00937	0.01082	0.03618	0.04052	0.00501	0.00135	0.03010	0.00343	0.00262	0.00545
2	0.06519	0.08956	0.09683	0.01005	0.03356	0.06644	0.06624	0.08239	0.08170	0.09460	0.03365	0.05170	0.00966	0.00624	0.02360	0.02090	0.06090	0.00424	0.00313	0.09944
3	0.00987	0.00776	0.00818	0.00742	0.00944	0.05241	0.00573	0.04816	0.25528	0.08096	0.10127	0.08002	0.17460	0.03065	0.03617	0.00175	0.00376	0.03625	0.00420	0.04612
4	0.00805	0.00512	0.00697	0.00642	0.00749	0.00483	0.03788	0.00936	0.02594	0.09947	0.26241	0.14776	0.06662	0.19793	0.02647	0.06824	0.00347	0.00754	0.00394	0.00409
5	0.00822	0.00691	0.01139	0.12691	0.01400	0.00698	0.15741	0.01032	0.02719	0.06053	0.01888	0.32093	0.09596	0.00961	0.02976	0.00177	0.04375	0.00802	0.00336	0.03810
6	0.00628	0.00444	0.00548	0.00580	0.00661	0.00414	0.00412	0.00785	0.03233	0.02730	0.22355	0.39032	0.14980	0.04500	0.00604	0.00172	0.00254	0.02270	0.05002	0.00397
7	0.00886	0.00534	0.00687	0.00671	0.00809	0.00500	0.00519	0.04764	0.01125	0.14605	0.20698	0.26799	0.10976	0.01054	0.00538	0.00164	0.00300	0.13443	0.00457	0.00470
8	0.17348	0.00764	0.00893	0.00734	0.01022	0.00746	0.00594	0.03235	0.10039	0.45147	0.04967	0.04040	0.05543	0.00604	0.00427	0.00141	0.00351	0.00482	0.02270	0.00651
9	0.31995	0.00821	0.00919	0.00734	0.01056	0.00814	0.00606	0.05586	0.01137	0.50011	0.01331	0.01222	0.00872	0.00504	0.00389	0.00138	0.00374	0.00375	0.00451	0.00664
10	0.01019	0.00832	0.00940	0.00895	0.04273	0.00913	0.00669	0.15204	0.33367	0.01774	0.03866	0.12515	0.13688	0.00812	0.00518	0.00156	0.02743	0.04794	0.00424	0.00595
11	0.00664	0.00476	0.00571	0.00550	0.00687	0.00429	0.00422	0.00825	0.01106	0.05689	0.32979	0.03652	0.38334	0.01182	0.06314	0.00189	0.00307	0.04767	0.00439	0.00418
12	0.00625	0.00464	0.00648	0.00681	0.00730	0.00506	0.00499	0.00737	0.00771	0.01069	0.01691	0.30305	0.01860	0.12144	0.37800	0.00456	0.03891	0.04437	0.00310	0.00376

[dist]
# distance from previous block
# <min> <max>
0	1

[block]
# block no. 4 follows, 58 sequences, length 16
# corresponding to MSA columns:
# 185-200
name=unknown_E
#
# <colnr> <probs for GDERKNQSTAVLIFYWHMCP>
#	G	D	E	R	K	N	Q	S	T	A	V	L	I	F	Y	W	H	M	C	P
0	0.00927	0.00779	0.02831	0.00972	0.04889	0.05432	0.09161	0.02839	0.00967	0.06978	0.04193	0.09097	0.04451	0.08158	0.14200	0.00273	0.05964	0.11167	0.06247	0.00477
1	0.02404	0.01055	0.05885	0.04944	0.03038	0.08364	0.00904	0.02216	0.00865	0.10155	0.00939	0.06700	0.00866	0.04755	0.02635	0.00194	0.42842	0.00457	0.00263	0.00520
2	0.01166	0.13139	0.43574	0.03257	0.03697	0.01030	0.03494	0.01526	0.01017	0.18350	0.02396	0.03612	0.00824	0.00483	0.00421	0.00136	0.00554	0.00389	0.00280	0.00652
3	0.30721	0.07446	0.09931	0.03658	0.09984	0.06718	0.14640	0.04501	0.00973	0.02906	0.00788	0.00996	0.00625	0.00440	0.00414	0.00138	0.02676	0.01621	0.00252	0.00571
4	0.01240	0.20525	0.03353	0.03995	0.15524	0.24819	0.03504	0.02820	0.03906	0.03338	0.01025	0.09695	0.00956	0.00558	0.00417	0.00129	0.00569	0.02796	0.00263	0.00568
5	0.00969	0.00727	0.00900	0.00797	0.00974	0.01833	0.02740	0.17198	0.08035	0.04642	0.04836	0.09174	0.05190	0.06523	0.30754	0.00372	0.00694	0.00575	0.00350	0.02718
6	0.01091	0.25742	0.43013	0.01120	0.01638	0.06694	0.05807	0.02713	0.00991	0.03699	0.00782	0.00904	0.00598	0.00415	0.00388	0.00125	0.00603	0.00316	0.00212	0.03150
7	0.02373	0.13754	0.29345	0.01071	0.01520	0.05860	0.06965	0.05222	0.05319	0.20084	0.01077	0.01123	0.00769	0.00551	0.02907	0.00151	0.00573	0.00373	0.00308	0.00656
8	0.01944	0.00775	0.01037	0.00801	0.01139	0.00687	0.00659	0.04644	0.03260	0.75473	0.03564	0.01553	0.01174	0.00563	0.00452	0.00139	0.00380	0.00458	0.00546	0.00752
9	0.00574	0.00424	0.00554	0.00632	0.00668	0.00414	0.00436	0.00657	0.00854	0.01134	0.02462	0.65881	0.08609	0.06198	0.02291	0.00206	0.03333	0.03911	0.00395	0.00366
10	0.01137	0.02629	0.01505	0.33680	0.26639	0.02980	0.04428	0.04655	0.06657	0.09849	0.00993	0.01212	0.00748	0.00454	0.00446	0.00141	0.00542	0.00411	0.00273	0.00622
11	0.00858	0.00599	0.00750	0.00711	0.00825	0.00642	0.00537	0.01979	0.11407	0.09122	0.13464	0.24522	0.08122	0.05074	0.05443	0.00206	0.09734	0.00773	0.04757	0.00475
12	0.00622	0.00461	0.00574	0.00640	0.00703	0.00453	0.00443	0.00847	0.09905	0.01280	0.07009	0.64693	0.05664	0.01248	0.00546	0.00173	0.00265	0.01121	0.02946	0.00408
13	0.06494	0.01110	0.01257	0.02945	0.01261	0.10558	0.04029	0.19566	0.02167	0.03942	0.05480	0.01176	0.00886	0.00666	0.01934	0.00164	0.31932	0.00408	0.03461	0.00563
14	0.09663	0.05009	0.01546	0.08368	0.14099	0.06596	0.18761	0.05350	0.01096	0.13276	0.03679	0.03736	0.02837	0.00498	0.00442	0.00137	0.00526	0.00456	0.02222	0.01701
15	0.19948	0.00937	0.01031	0.02515	0.01107	0.03932	0.01691	0.20406	0.01160	0.07827	0.04134	0.01328	0.00932	0.05570	0.04632	0.00192	0.16380	0.01655	0.04067	0.00553

[dist]
# distance from previous block
# <min> <max>
1	11

[block]
# block no. 5 follows, 58 sequences, length 26
# corresponding to MSA columns:
# 212-216,240-260
name=unknown_F
#
# <colnr> <probs for GDERKNQSTAVLIFYWHMCP>
#	G	D	E	R	K	N	Q	S	T	A	V	L	I	F	Y	W	H	M	C	P
0	0.06567	0.06178	0.09825	0.01044	0.02696	0.18419	0.00895	0.28571	0.08424	0.03975	0.00973	0.01039	0.00736	0.00512	0.00476	0.00134	0.05664	0.00362	0.02871	0.00640
1	0.00587	0.00430	0.00558	0.00648	0.00698	0.00412	0.00457	0.00730	0.04182	0.01197	0.02538	0.67703	0.07022	0.01336	0.00569	0.00181	0.00278	0.09674	0.00417	0.00384
2	0.00930	0.14249	0.66977	0.01178	0.01774	0.01126	0.01478	0.01380	0.00930	0.01348	0.00793	0.00945	0.00591	0.00540	0.03796	0.00159	0.00657	0.00323	0.00191	0.00638
3	0.03689	0.00585	0.00687	0.00602	0.00798	0.00548	0.00467	0.04958	0.01063	0.22592	0.01604	0.14702	0.01350	0.00653	0.00397	0.00125	0.00289	0.00544	0.36820	0.07527
4	0.00914	0.00724	0.00899	0.07565	0.02248	0.05215	0.02634	0.07015	0.01095	0.05693	0.19198	0.12007	0.03784	0.07641	0.02242	0.00187	0.05802	0.09863	0.01764	0.03511
5	0.01771	0.00756	0.01002	0.00798	0.01101	0.00692	0.00649	0.08881	0.01282	0.62929	0.01723	0.08174	0.01227	0.00805	0.05864	0.00180	0.00435	0.00514	0.00512	0.00705
6	0.00623	0.00447	0.00576	0.00643	0.00697	0.00430	0.00452	0.04105	0.00949	0.01270	0.08747	0.61189	0.04072	0.06027	0.00663	0.00192	0.00288	0.07832	0.00414	0.00384
7	0.03279	0.01006	0.04267	0.00927	0.04556	0.09803	0.00717	0.09022	0.23802	0.07172	0.03125	0.08551	0.11311	0.00720	0.00498	0.00147	0.03329	0.03433	0.03749	0.00585
8	0.00666	0.00508	0.00620	0.00598	0.00720	0.00489	0.00451	0.00967	0.09668	0.01658	0.53641	0.09079	0.14595	0.00958	0.00526	0.00149	0.00239	0.03557	0.00469	0.00442
9	0.00982	0.02566	0.03537	0.01613	0.01972	0.01054	0.59534	0.01292	0.00980	0.01340	0.01012	0.06726	0.00878	0.04229	0.04017	0.00190	0.06721	0.00562	0.00238	0.00557
10	0.00728	0.00526	0.00556	0.00532	0.00688	0.00491	0.00403	0.06057	0.04553	0.03796	0.05377	0.09899	0.49042	0.00972	0.00487	0.00144	0.00254	0.00813	0.14248	0.00435
11	0.00671	0.00539	0.00779	0.02071	0.00848	0.00615	0.02684	0.00788	0.00777	0.01093	0.01597	0.33167	0.01760	0.07815	0.28789	0.00383	0.12909	0.00781	0.01536	0.00397
12	0.00549	0.00397	0.00513	0.00602	0.00642	0.00366	0.00406	0.00624	0.00868	0.01140	0.02659	0.72732	0.11893	0.01375	0.00596	0.02397	0.00259	0.01212	0.00410	0.00361
13	0.01166	0.00977	0.02690	0.07359	0.33125	0.00957	0.14061	0.07850	0.01980	0.11737	0.01335	0.02833	0.07335	0.00629	0.03819	0.00164	0.00548	0.00489	0.00303	0.00642
14	0.00750	0.00653	0.01075	0.01073	0.07601	0.00622	0.14882	0.00955	0.01004	0.01311	0.02377	0.16546	0.15980	0.01022	0.00564	0.00177	0.00426	0.32161	0.00364	0.00457
15	0.13969	0.28437	0.01563	0.00949	0.01205	0.25416	0.02251	0.04181	0.00998	0.01278	0.00668	0.00827	0.00581	0.00532	0.01926	0.00137	0.14026	0.00294	0.00227	0.00535
16	0.00951	0.00956	0.01467	0.63504	0.10400	0.07606	0.06403	0.01236	0.00947	0.01189	0.00798	0.01154	0.00611	0.00439	0.00449	0.00145	0.00618	0.00397	0.00205	0.00526
17	0.00883	0.00640	0.00761	0.04254	0.00932	0.02264	0.00544	0.07757	0.09782	0.06417	0.29760	0.22024	0.03667	0.00881	0.00497	0.00147	0.00305	0.00769	0.04006	0.03710
18	0.01122	0.61302	0.09192	0.00895	0.04666	0.01532	0.00843	0.01399	0.07398	0.01218	0.06055	0.01004	0.00883	0.00440	0.00336	0.00109	0.00469	0.00313	0.00234	0.00588
19	0.07703	0.00618	0.05998	0.00753	0.02840	0.00544	0.00571	0.00850	0.00867	0.04534	0.03123	0.55313	0.02261	0.01304	0.06390	0.00211	0.03564	0.01759	0.00370	0.00426
20	0.01999	0.00773	0.01046	0.00802	0.01148	0.00675	0.00662	0.04103	0.01301	0.79847	0.01748	0.01511	0.01099	0.00553	0.00450	0.00138	0.00383	0.00449	0.00551	0.00761
21	0.04481	0.01122	0.17405	0.15586	0.24207	0.00911	0.01103	0.02497	0.07429	0.01432	0.03535	0.09070	0.08145	0.00603	0.00456	0.00145	0.00485	0.00527	0.00278	0.00585
22	0.04854	0.01129	0.07014	0.04717	0.58438	0.02412	0.06566	0.01397	0.01023	0.04754	0.02892	0.01157	0.00787	0.00421	0.00442	0.00135	0.00539	0.00407	0.00242	0.00674
23	0.00999	0.04038	0.41453	0.01217	0.03081	0.00956	0.13825	0.01450	0.06277	0.08078	0.10353	0.04023	0.01185	0.00526	0.00458	0.00143	0.00560	0.00468	0.00286	0.00624
24	0.00668	0.00444	0.00579	0.00600	0.00686	0.00409	0.00430	0.00805	0.01040	0.06374	0.30774	0.41143	0.09949	0.01200	0.02588	0.00175	0.00270	0.01007	0.00447	0.00411
25	0.01192	0.00967	0.01570	0.13284	0.32809	0.02277	0.11479	0.02672	0.08036	0.14280	0.02094	0.05315	0.00959	0.00504	0.00464	0.00142	0.00517	0.00479	0.00308	0.00651

[dist]
# distance from previous block
# <min> <max>
0	3

[block]
# block no. 6 follows, 58 sequences, length 22
# corresponding to MSA columns:
# 267-274,285-298
name=unknown_G
#
# <colnr> <probs for GDERKNQSTAVLIFYWHMCP>
#	G	D	E	R	K	N	Q	S	T	A	V	L	I	F	Y	W	H	M	C	P
0	0.01222	0.00947	0.02520	0.16456	0.17755	0.02094	0.07629	0.13141	0.06439	0.13794	0.03936	0.03587	0.03178	0.00584	0.00523	0.04271	0.00494	0.00474	0.00335	0.00621
1	0.00948	0.00538	0.00724	0.00742	0.00877	0.00517	0.00616	0.01123	0.01034	0.16184	0.04529	0.07670	0.02187	0.08781	0.00715	0.00205	0.00381	0.45483	0.06283	0.00462
2	0.01017	0.01064	0.01980	0.13787	0.10987	0.03599	0.42500	0.03348	0.01038	0.01399	0.01000	0.06829	0.00852	0.00476	0.00490	0.00144	0.00631	0.01723	0.00246	0.06889
3	0.02383	0.16624	0.26951	0.15036	0.04769	0.01188	0.10027	0.04941	0.09080	0.03511	0.00919	0.01071	0.00693	0.00441	0.00418	0.00136	0.00572	0.00373	0.00246	0.00622
4	0.00926	0.00660	0.01822	0.00963	0.10979	0.00633	0.03781	0.06747	0.04185	0.07369	0.02853	0.11321	0.16396	0.02418	0.00869	0.23653	0.00384	0.03257	0.00334	0.00450
5	0.01500	0.46986	0.05613	0.00808	0.01189	0.01307	0.00769	0.03675	0.01081	0.31489	0.01072	0.01040	0.00779	0.00453	0.00359	0.00115	0.00451	0.00327	0.00334	0.00653
6	0.01038	0.34516	0.31248	0.07157	0.01776	0.01340	0.14447	0.01369	0.00946	0.01255	0.00748	0.00917	0.00591	0.00402	0.00389	0.00126	0.00600	0.00333	0.00197	0.00605
7	0.01176	0.78972	0.07743	0.00800	0.01202	0.01720	0.00826	0.01345	0.00911	0.01077	0.00634	0.00733	0.00574	0.00386	0.00296	0.00099	0.00491	0.00245	0.00191	0.00580
8	0.05734	0.02498	0.06648	0.00953	0.01264	0.13823	0.00816	0.19317	0.01345	0.31314	0.01185	0.01172	0.00823	0.00538	0.00523	0.00138	0.08367	0.00386	0.02489	0.00666
9	0.00829	0.00688	0.00756	0.00731	0.00897	0.00740	0.00547	0.01508	0.40398	0.01556	0.07557	0.24138	0.15979	0.00930	0.00503	0.00159	0.00297	0.00806	0.00440	0.00540
10	0.00643	0.00424	0.00556	0.00607	0.00670	0.00390	0.00422	0.00736	0.00941	0.05318	0.14727	0.57291	0.08937	0.01270	0.00611	0.04298	0.00262	0.01091	0.00424	0.00386
11	0.01078	0.00763	0.00877	0.00789	0.00997	0.00821	0.00610	0.05432	0.37890	0.12501	0.12384	0.10071	0.04748	0.02273	0.06497	0.00196	0.00394	0.00625	0.00449	0.00604
12	0.01154	0.01348	0.02327	0.01716	0.02102	0.14851	0.61501	0.01470	0.01068	0.01353	0.00849	0.01125	0.00656	0.00417	0.00567	0.00148	0.06063	0.00479	0.00225	0.00582
13	0.00571	0.00417	0.00542	0.00624	0.00679	0.00388	0.00444	0.00678	0.00926	0.01221	0.08440	0.59461	0.11919	0.01315	0.00569	0.00178	0.00271	0.10562	0.00420	0.00375
14	0.01773	0.00717	0.00960	0.00767	0.01070	0.00630	0.00626	0.03474	0.01240	0.67030	0.01914	0.07746	0.04188	0.00656	0.00463	0.00143	0.00365	0.02918	0.02619	0.00699
15	0.01152	0.01560	0.26507	0.01339	0.01779	0.09402	0.25464	0.08145	0.08750	0.05609	0.01075	0.05266	0.00842	0.00496	0.00468	0.00144	0.00627	0.00463	0.00282	0.00632
16	0.04168	0.00926	0.01128	0.00867	0.01215	0.00907	0.00716	0.27778	0.01538	0.53682	0.01507	0.01354	0.00977	0.00544	0.00444	0.00137	0.00416	0.00429	0.00511	0.00754
17	0.00837	0.00412	0.00607	0.00600	0.00624	0.00404	0.00408	0.00688	0.00650	0.05999	0.00980	0.08187	0.00978	0.01477	0.01568	0.74259	0.00377	0.00465	0.00236	0.00245
18	0.00700	0.00467	0.00588	0.00569	0.00675	0.00431	0.00415	0.00850	0.01080	0.06901	0.40436	0.14110	0.15883	0.09831	0.04865	0.00208	0.00305	0.00836	0.00438	0.00413
19	0.17712	0.05718	0.01144	0.01120	0.11698	0.31308	0.00769	0.01477	0.03568	0.05063	0.00968	0.07053	0.00855	0.00736	0.06540	0.00173	0.00605	0.00395	0.02564	0.00534
20	0.00713	0.00532	0.00693	0.00712	0.00814	0.00521	0.02568	0.09032	0.01063	0.01407	0.07566	0.47461	0.09814	0.01200	0.00558	0.00175	0.00316	0.14013	0.00418	0.00424
21	0.02786	0.00737	0.01039	0.17260	0.05481	0.00742	0.02291	0.04243	0.04262	0.31955	0.09132	0.01874	0.05135	0.10285	0.00671	0.00176	0.00423	0.00516	0.00402	0.00589

[dist]
# distance from previous block
# <min> <max>
3	19

[block]
# block no. 7 follows, 58 sequences, length 19
# corresponding to MSA columns:
# 319-337
name=unknown_H
#
# <colnr> <probs for GDERKNQSTAVLIFYWHMCP>
#	G	D	E	R	K	N	Q	S	T	A	V	L	I	F	Y	W	H	M	C	P
0	0.05001	0.24161	0.34619	0.04023	0.03566	0.01232	0.01140	0.10277	0.01068	0.04315	0.00810	0.00920	0.00617	0.00424	0.00380	0.00123	0.00542	0.00314	0.00242	0.06226
1	0.06822	0.03289	0.01695	0.02134	0.51340	0.10562	0.06761	0.07640	0.01122	0.03213	0.00846	0.01051	0.00686	0.00419	0.00430	0.00132	0.00560	0.00382	0.00250	0.00666
2	0.00649	0.00510	0.00614	0.00630	0.00734	0.02398	0.00472	0.00822	0.03811	0.02365	0.09505	0.22470	0.24369	0.01752	0.23126	0.00315	0.00529	0.04150	0.00373	0.00406
3	0.01136	0.01308	0.02399	0.01871	0.09161	0.11130	0.63266	0.01471	0.01079	0.01394	0.00873	0.01149	0.00669	0.00389	0.00505	0.00145	0.00741	0.00487	0.00226	0.00602
4	0.01170	0.39177	0.23091	0.01140	0.04630	0.07939	0.09262	0.06387	0.01042	0.01319	0.00742	0.00873	0.00600	0.00410	0.00374	0.00119	0.00584	0.00314	0.00215	0.00613
5	0.01924	0.00788	0.01044	0.00805	0.01141	0.00706	0.00663	0.08369	0.01346	0.72038	0.05109	0.01564	0.01213	0.00568	0.00453	0.00138	0.00382	0.00461	0.00543	0.00747
6	0.00720	0.00510	0.00673	0.00650	0.00694	0.00568	0.00460	0.00799	0.00726	0.03821	0.03589	0.05950	0.01471	0.39775	0.29463	0.00479	0.08421	0.00593	0.00276	0.00361
7	0.00653	0.00504	0.00737	0.00735	0.00801	0.00592	0.00566	0.00795	0.00731	0.01049	0.01303	0.11030	0.01300	0.04787	0.65661	0.00614	0.06919	0.00567	0.00257	0.00399
8	0.00718	0.00526	0.00591	0.00548	0.00697	0.00484	0.00411	0.05930	0.02393	0.04918	0.26952	0.03536	0.41854	0.07669	0.00659	0.00169	0.00264	0.00817	0.00436	0.00429
9	0.00644	0.00455	0.00596	0.00593	0.00635	0.00488	0.00406	0.00728	0.00720	0.01002	0.06482	0.02444	0.01573	0.43613	0.37134	0.00539	0.00753	0.00586	0.00272	0.00337
10	0.01033	0.11200	0.26388	0.01482	0.03705	0.01148	0.36589	0.04913	0.01050	0.01440	0.00942	0.01311	0.00760	0.00455	0.00469	0.00144	0.00655	0.05469	0.00233	0.00614
11	0.00941	0.14259	0.70397	0.01201	0.01822	0.01145	0.01524	0.01405	0.00939	0.01364	0.00776	0.00911	0.00568	0.00419	0.00405	0.00135	0.00635	0.00317	0.00189	0.00648
12	0.00602	0.00444	0.00597	0.00657	0.00716	0.00420	0.02318	0.00704	0.00884	0.01158	0.02479	0.49397	0.10257	0.11630	0.00787	0.00214	0.00318	0.15657	0.00392	0.00368
13	0.04502	0.00890	0.01029	0.00871	0.03379	0.04318	0.02419	0.23117	0.01391	0.29034	0.02672	0.08214	0.08038	0.00652	0.00449	0.00138	0.00402	0.00533	0.07311	0.00640
14	0.04842	0.27279	0.27187	0.01159	0.01634	0.01319	0.15558	0.11820	0.01106	0.02978	0.00811	0.00941	0.00622	0.00420	0.00398	0.00128	0.00581	0.00347	0.00241	0.00631
15	0.01283	0.01053	0.01525	0.08429	0.45027	0.03990	0.01125	0.13702	0.04621	0.10493	0.03647	0.01241	0.00890	0.00469	0.00447	0.00135	0.00506	0.00419	0.00310	0.00689
16	0.02611	0.08901	0.04465	0.00784	0.00988	0.05886	0.00651	0.04324	0.00894	0.02911	0.01072	0.06702	0.01014	0.07444	0.24935	0.00320	0.07674	0.00447	0.02498	0.15479
17	0.21248	0.01040	0.01152	0.00977	0.04618	0.05249	0.06782	0.26805	0.05462	0.07160	0.01043	0.02162	0.00827	0.07212	0.00553	0.00157	0.00463	0.00400	0.01306	0.05385
18	0.02762	0.07691	0.01183	0.04562	0.01257	0.04512	0.00734	0.24541	0.12568	0.11489	0.02681	0.01487	0.02578	0.00653	0.03304	0.00149	0.00462	0.04520	0.00383	0.12484

[dist]
# distance from previous block
# <min> <max>
3	9

[block]
# block no. 8 follows, 58 sequences, length 45
# corresponding to MSA columns:
# 347-374,382-385,389-400,408
name=unknown_I
#
# <colnr> <probs for GDERKNQSTAVLIFYWHMCP>
#	G	D	E	R	K	N	Q	S	T	A	V	L	I	F	Y	W	H	M	C	P
0	0.00680	0.00535	0.03685	0.00718	0.00820	0.00454	0.04783	0.00800	0.00904	0.06266	0.02369	0.64242	0.07383	0.01289	0.02633	0.00188	0.00331	0.01104	0.00401	0.00414
1	0.01289	0.01451	0.01028	0.00938	0.01139	0.45052	0.00713	0.06444	0.06737	0.01407	0.16217	0.03452	0.08090	0.00663	0.00454	0.00131	0.00571	0.03378	0.00334	0.00510
2	0.44015	0.00824	0.00808	0.00691	0.00944	0.00904	0.00560	0.11547	0.01060	0.14877	0.05418	0.06368	0.01023	0.00563	0.00405	0.00141	0.03429	0.00408	0.05462	0.00550
3	0.06443	0.01023	0.02009	0.05021	0.13335	0.00993	0.47303	0.01300	0.01024	0.01460	0.05398	0.06000	0.01091	0.00519	0.00504	0.00152	0.00614	0.04973	0.00263	0.00573
4	0.01827	0.00728	0.00979	0.00770	0.01077	0.00639	0.00623	0.03423	0.01238	0.70321	0.03010	0.06091	0.01278	0.05161	0.00557	0.00157	0.00376	0.00510	0.00528	0.00708
5	0.07289	0.00624	0.00732	0.00645	0.00830	0.00621	0.00503	0.05961	0.08439	0.15110	0.37604	0.04436	0.03947	0.00739	0.00461	0.00138	0.00280	0.00625	0.10491	0.00526
6	0.01323	0.00684	0.00807	0.00679	0.00902	0.00674	0.00539	0.14179	0.04291	0.27224	0.08532	0.06151	0.01447	0.00620	0.00416	0.00129	0.00317	0.00509	0.29987	0.00590
7	0.00959	0.05215	0.19543	0.00875	0.01130	0.02236	0.00832	0.06115	0.05283	0.06431	0.01250	0.10006	0.01144	0.09894	0.12785	0.00261	0.08096	0.00512	0.06908	0.00525
8	0.00748	0.00491	0.00607	0.00626	0.00753	0.00447	0.00483	0.01983	0.01031	0.09614	0.07332	0.26606	0.29516	0.01150	0.00549	0.00169	0.00292	0.16742	0.00434	0.00428
9	0.13317	0.00857	0.01239	0.02292	0.03255	0.00972	0.10937	0.01349	0.00911	0.18332	0.01129	0.09723	0.00971	0.00667	0.00773	0.00161	0.27471	0.00493	0.04601	0.00550
10	0.00842	0.00781	0.01303	0.06291	0.01417	0.04006	0.24564	0.01092	0.03930	0.02829	0.01764	0.32815	0.01867	0.00921	0.00544	0.00170	0.00483	0.13564	0.00341	0.00479
11	0.60266	0.00990	0.03971	0.02448	0.05475	0.04361	0.06798	0.02866	0.00868	0.03055	0.00787	0.04952	0.00658	0.00468	0.00340	0.00141	0.00423	0.00339	0.00278	0.00518
12	0.01027	0.07469	0.01532	0.32355	0.28325	0.07636	0.01165	0.01267	0.00959	0.01244	0.00872	0.01324	0.00754	0.00502	0.00517	0.00144	0.06806	0.05310	0.00221	0.00568
13	0.00709	0.00490	0.00640	0.00644	0.00703	0.00524	0.00456	0.00869	0.09327	0.01074	0.03217	0.13223	0.02518	0.19229	0.24476	0.18860	0.00601	0.01790	0.00294	0.00358
14	0.05724	0.14701	0.38004	0.01077	0.02460	0.01076	0.06491	0.04541	0.00999	0.04441	0.02244	0.00983	0.00681	0.00417	0.00391	0.00122	0.00542	0.00331	0.00239	0.14536
15	0.04496	0.17125	0.59383	0.01128	0.01703	0.01154	0.01386	0.01447	0.02069	0.05031	0.00821	0.00931	0.00600	0.00425	0.00395	0.00133	0.00598	0.00318	0.00213	0.00643
16	0.02007	0.00761	0.01038	0.00796	0.01142	0.00657	0.00657	0.02180	0.01280	0.81799	0.01765	0.01523	0.01107	0.00554	0.00450	0.00138	0.00381	0.00450	0.00554	0.00761
17	0.00931	0.08782	0.59239	0.01329	0.05062	0.01077	0.10310	0.01371	0.00953	0.01377	0.00883	0.05079	0.00704	0.00463	0.00433	0.00141	0.00631	0.00395	0.00206	0.00635
18	0.08812	0.02414	0.13040	0.01106	0.06084	0.01008	0.07651	0.15779	0.09089	0.20784	0.03801	0.01264	0.00943	0.00508	0.00459	0.00139	0.02580	0.00416	0.00373	0.03749
19	0.01130	0.02792	0.00996	0.00807	0.01027	0.00642	0.08742	0.06355	0.01166	0.25004	0.14707	0.22499	0.10509	0.00859	0.00504	0.00151	0.00356	0.00763	0.00445	0.00547
20	0.00624	0.00411	0.00545	0.00627	0.00674	0.00380	0.00426	0.00708	0.00884	0.05517	0.02486	0.77258	0.05079	0.01348	0.00563	0.00178	0.00265	0.01218	0.00423	0.00385
21	0.02736	0.07830	0.12045	0.11819	0.01835	0.07256	0.26533	0.03603	0.07164	0.01395	0.02757	0.10882	0.01030	0.00553	0.00468	0.00145	0.00588	0.00527	0.00268	0.00567
22	0.01107	0.13141	0.38167	0.03143	0.01859	0.01181	0.20231	0.09743	0.01102	0.04903	0.00872	0.01020	0.00639	0.00425	0.00435	0.00137	0.00627	0.00380	0.00241	0.00646
23	0.01825	0.00847	0.01021	0.00803	0.01122	0.05131	0.00655	0.08710	0.01328	0.62652	0.03574	0.01641	0.05484	0.00586	0.00450	0.00137	0.00397	0.00471	0.02455	0.00712
24	0.00772	0.00518	0.00729	0.00798	0.05171	0.00487	0.03058	0.00909	0.02467	0.09536	0.02315	0.51156	0.07707	0.05772	0.00643	0.00187	0.00323	0.06609	0.00406	0.00437
25	0.05944	0.15680	0.20725	0.01207	0.08669	0.16067	0.04013	0.13906	0.03721	0.01560	0.00923	0.02656	0.02097	0.00475	0.00404	0.00129	0.00579	0.00363	0.00264	0.00619
26	0.00977	0.00939	0.01437	0.17790	0.42496	0.05331	0.02678	0.01231	0.02769	0.01329	0.01199	0.15029	0.02281	0.00608	0.00469	0.00146	0.00508	0.01935	0.00261	0.00588
27	0.05868	0.48827	0.04908	0.00903	0.04172	0.05412	0.04677	0.01338	0.00924	0.06242	0.00820	0.01048	0.00724	0.06799	0.05511	0.00171	0.00545	0.00324	0.00232	0.00555
28	0.03976	0.00980	0.01076	0.00831	0.01162	0.03936	0.00674	0.27629	0.02231	0.12100	0.05447	0.01240	0.02309	0.00501	0.00444	0.00113	0.03515	0.00383	0.00376	0.31078
29	0.06086	0.03018	0.07389	0.02323	0.14564	0.37436	0.10232	0.03224	0.04361	0.01374	0.05183	0.01089	0.00838	0.00466	0.00427	0.00129	0.00654	0.00375	0.00255	0.00576
30	0.01299	0.26680	0.03811	0.00970	0.01210	0.34130	0.00817	0.02578	0.01025	0.01123	0.00742	0.00962	0.00663	0.03588	0.04643	0.00162	0.11605	0.00317	0.03156	0.00521
31	0.01428	0.00782	0.02073	0.00749	0.01090	0.00652	0.00615	0.04179	0.02033	0.39079	0.02867	0.03178	0.01027	0.00663	0.05327	0.00147	0.00412	0.00405	0.00413	0.32879
32	0.03565	0.30757	0.36056	0.01034	0.01519	0.08985	0.02642	0.02308	0.00979	0.03067	0.00750	0.00865	0.00589	0.00412	0.00369	0.00119	0.00580	0.00296	0.00212	0.04895
33	0.01086	0.00746	0.00854	0.00771	0.00975	0.00792	0.00590	0.02731	0.38867	0.14885	0.12206	0.12273	0.05121	0.05310	0.00580	0.00167	0.00329	0.00655	0.00460	0.00601
34	0.00621	0.00428	0.00528	0.00579	0.00653	0.00387	0.00400	0.00711	0.00916	0.05155	0.04423	0.53500	0.22925	0.05775	0.00646	0.00185	0.00266	0.01104	0.00416	0.00383
35	0.01256	0.00624	0.00771	0.00654	0.00890	0.00554	0.00517	0.04148	0.02595	0.37552	0.08419	0.07835	0.29796	0.00838	0.00490	0.00146	0.00308	0.00701	0.01334	0.00572
36	0.07091	0.02052	0.01229	0.01117	0.01350	0.77335	0.00840	0.01756	0.01236	0.01152	0.00687	0.00802	0.00570	0.00458	0.00395	0.00117	0.00778	0.00285	0.00233	0.00516
37	0.00878	0.00655	0.00971	0.00941	0.04219	0.00646	0.09378	0.10469	0.01088	0.05796	0.01987	0.40871	0.02157	0.02392	0.00576	0.00177	0.00391	0.15533	0.00395	0.00481
38	0.00819	0.00539	0.00661	0.00677	0.04735	0.00483	0.00482	0.00992	0.03103	0.13474	0.14570	0.11729	0.41141	0.00996	0.00518	0.00152	0.00276	0.03750	0.00439	0.00466
39	0.00731	0.00535	0.00666	0.00629	0.00756	0.00527	0.00476	0.01086	0.12856	0.03551	0.61035	0.08191	0.03615	0.00900	0.00520	0.00146	0.00243	0.02588	0.00482	0.00468
40	0.00768	0.00517	0.00633	0.00638	0.00733	0.00517	0.00459	0.03874	0.07554	0.05402	0.15086	0.38973	0.04661	0.05586	0.00646	0.01568	0.01942	0.00899	0.09107	0.00436
41	0.03687	0.07525	0.01344	0.01037	0.04361	0.09833	0.05196	0.31663	0.06426	0.14368	0.05108	0.01268	0.00993	0.00603	0.02692	0.00148	0.00511	0.00417	0.02155	0.00666
42	0.00920	0.00813	0.01412	0.02405	0.01392	0.00808	0.28078	0.01268	0.10101	0.06515	0.12955	0.19340	0.05835	0.00770	0.00574	0.00158	0.05039	0.00730	0.00358	0.00529
43	0.00866	0.00736	0.00969	0.00879	0.00954	0.02914	0.02453	0.00974	0.00854	0.06669	0.01883	0.23758	0.15363	0.01043	0.03064	0.00191	0.34924	0.00729	0.00320	0.00456
44	0.00939	0.00755	0.00979	0.02722	0.01096	0.04614	0.09190	0.09060	0.09611	0.06473	0.02829	0.35238	0.08035	0.00964	0.00522	0.00162	0.00394	0.05514	0.00398	0.00506

[dist]
# distance from previous block
# <min> <max>
9	28

[block]
# block no. 9 follows, 58 sequences, length 30
# corresponding to MSA columns:
# 439-468
name=unknown_J
#
# <colnr> <probs for GDERKNQSTAVLIFYWHMCP>
#	G	D	E	R	K	N	Q	S	T	A	V	L	I	F	Y	W	H	M	C	P
0	0.01060	0.01139	0.04199	0.04532	0.08192	0.01066	0.57101	0.05978	0.01094	0.02683	0.01042	0.07818	0.00869	0.00476	0.00514	0.00150	0.00669	0.00560	0.00257	0.00602
1	0.00555	0.00402	0.00531	0.00624	0.00663	0.00379	0.00429	0.00644	0.00868	0.01150	0.02544	0.72006	0.08063	0.01462	0.04117	0.00204	0.00304	0.04280	0.00408	0.00368
2	0.01011	0.01159	0.11448	0.09079	0.49767	0.01010	0.10657	0.01310	0.00995	0.01403	0.01011	0.05509	0.02669	0.00473	0.00460	0.00140	0.00558	0.00464	0.00231	0.00647
3	0.02280	0.31184	0.08006	0.04891	0.03261	0.07261	0.08661	0.06914	0.02195	0.02318	0.02370	0.10899	0.02499	0.00588	0.00438	0.00132	0.02579	0.02699	0.00268	0.00558
4	0.09152	0.04102	0.03044	0.00847	0.03095	0.00924	0.00676	0.24269	0.06258	0.17890	0.12444	0.07576	0.01508	0.03595	0.00508	0.00149	0.00388	0.00524	0.02429	0.00620
5	0.01173	0.09150	0.04768	0.01063	0.02301	0.02776	0.04654	0.07554	0.00947	0.11686	0.00897	0.01185	0.00758	0.05139	0.03895	0.00196	0.38624	0.00404	0.02275	0.00554
6	0.03121	0.00860	0.02874	0.05265	0.10995	0.00738	0.02865	0.04911	0.01043	0.13947	0.01043	0.03682	0.00825	0.00436	0.00387	0.00104	0.00396	0.00369	0.04056	0.42082
7	0.08320	0.15925	0.18105	0.01771	0.05210	0.12013	0.04217	0.14831	0.01173	0.05644	0.00897	0.02013	0.00714	0.03351	0.00475	0.00139	0.01783	0.00357	0.02455	0.00607
8	0.01083	0.01002	0.01335	0.01135	0.01184	0.03097	0.00942	0.06953	0.00829	0.04699	0.00692	0.01025	0.00636	0.00812	0.03353	0.00200	0.69877	0.00395	0.00232	0.00520
9	0.00986	0.03844	0.07338	0.05379	0.01244	0.00732	0.03936	0.04232	0.03126	0.06851	0.04412	0.05558	0.02424	0.04133	0.00484	0.00122	0.00401	0.02918	0.00307	0.41574
10	0.00715	0.00499	0.00588	0.00606	0.00648	0.02803	0.00403	0.02710	0.00794	0.02888	0.01676	0.28028	0.01893	0.36099	0.08688	0.07075	0.00454	0.02772	0.00321	0.00340
11	0.00686	0.00525	0.00631	0.00628	0.00740	0.00517	0.00460	0.03222	0.11677	0.01554	0.33855	0.28667	0.13035	0.01044	0.00530	0.00156	0.00255	0.00920	0.00452	0.00446
12	0.02701	0.00933	0.01472	0.03480	0.43401	0.00940	0.06028	0.01497	0.12116	0.09401	0.04309	0.05669	0.04957	0.00548	0.00461	0.00141	0.00464	0.00510	0.00317	0.00655
13	0.03071	0.42423	0.21047	0.13533	0.01679	0.01385	0.04464	0.02330	0.00947	0.04315	0.00753	0.00901	0.00601	0.00412	0.00363	0.00120	0.00545	0.00308	0.00212	0.00592
14	0.00690	0.00483	0.00703	0.00699	0.00785	0.00488	0.03498	0.00816	0.00861	0.04985	0.07939	0.30387	0.04770	0.07126	0.28556	0.02367	0.00618	0.03482	0.00347	0.00401
15	0.01210	0.10871	0.09511	0.03243	0.08893	0.06140	0.12784	0.07367	0.03139	0.14731	0.01456	0.09097	0.07317	0.00595	0.00452	0.00139	0.00505	0.00522	0.01423	0.00606
16	0.01317	0.01292	0.22445	0.01218	0.07408	0.02797	0.11392	0.07998	0.03815	0.25277	0.02213	0.06809	0.02827	0.00557	0.00463	0.00143	0.00519	0.00489	0.00358	0.00664
17	0.01213	0.00982	0.01632	0.07702	0.61953	0.00978	0.01230	0.01462	0.01046	0.13709	0.01021	0.03313	0.00820	0.00451	0.00448	0.00136	0.00506	0.00429	0.00276	0.00694
18	0.01124	0.06114	0.46483	0.05201	0.04297	0.01149	0.04356	0.18326	0.04249	0.03185	0.00913	0.01026	0.00659	0.00455	0.00430	0.00138	0.00595	0.00363	0.00264	0.00673
19	0.05299	0.11283	0.14494	0.03049	0.07929	0.10395	0.05295	0.10530	0.04207	0.16826	0.01204	0.02274	0.04258	0.00506	0.00422	0.00133	0.00526	0.00405	0.00325	0.00639
20	0.02476	0.09636	0.37333	0.00969	0.01385	0.02299	0.01058	0.06012	0.01029	0.11045	0.01352	0.13823	0.04510	0.04475	0.00525	0.00156	0.00507	0.00522	0.00298	0.00590
21	0.00648	0.00433	0.00489	0.00491	0.00491	0.00432	0.00274	0.00650	0.00655	0.00873	0.01433	0.04742	0.01656	0.82423	0.02239	0.00428	0.00430	0.00664	0.00274	0.00273
22	0.01194	0.58889	0.12659	0.00921	0.01326	0.04546	0.04943	0.02953	0.02812	0.03491	0.00731	0.00833	0.00616	0.00412	0.00356	0.00110	0.02111	0.00286	0.00216	0.00595
