[name]
unknown

[dist]
# distance from previous block
# <min> <max>
0	153

[block]
# block no. 0 follows, 56 sequences, length 9
# corresponding to MSA columns:
# 169-177
name=unknown_A
#
# <colnr> <probs for GDERKNQSTAVLIFYWHMCP>
#	G	D	E	R	K	N	Q	S	T	A	V	L	I	F	Y	W	H	M	C	P
0	0.02824	0.02923	0.10355	0.01098	0.12058	0.03235	0.00846	0.01253	0.02843	0.05458	0.02988	0.04660	0.01265	0.00677	0.00535	0.02292	0.04706	0.14182	0.10071	0.15731
1	0.01096	0.22155	0.18915	0.01074	0.05417	0.01192	0.05280	0.07045	0.14794	0.03163	0.01391	0.03763	0.07890	0.00553	0.00424	0.00133	0.00491	0.00449	0.00303	0.04472
2	0.00712	0.03633	0.00710	0.00691	0.04745	0.00558	0.00485	0.03759	0.01047	0.03445	0.07278	0.18803	0.44595	0.03962	0.00626	0.00168	0.03033	0.00907	0.00404	0.00437
3	0.01022	0.06972	0.08741	0.06630	0.10277	0.04622	0.05472	0.06211	0.10368	0.01518	0.07559	0.06389	0.01289	0.08237	0.00619	0.00162	0.00477	0.00502	0.02335	0.10599
4	0.08677	0.00542	0.00642	0.00653	0.00727	0.00579	0.00466	0.00911	0.03877	0.03170	0.07058	0.37884	0.02178	0.14240	0.00880	0.00212	0.07406	0.00864	0.08621	0.00412
5	0.10616	0.24540	0.22616	0.01058	0.05990	0.01288	0.01016	0.15530	0.02738	0.01712	0.05233	0.01063	0.00845	0.00470	0.00388	0.00127	0.00508	0.00349	0.00280	0.03632
6	0.05804	0.13992	0.13125	0.01044	0.04221	0.10440	0.02440	0.12975	0.02838	0.22147	0.01110	0.01138	0.00799	0.00563	0.02320	0.00147	0.01967	0.00374	0.01889	0.00668
7	0.01010	0.18849	0.10504	0.00954	0.04116	0.05066	0.04860	0.02640	0.00979	0.05007	0.01374	0.13851	0.03716	0.08370	0.02484	0.00180	0.02549	0.05613	0.00294	0.07583
8	0.00848	0.00564	0.00688	0.00609	0.00797	0.00482	0.00457	0.01009	0.01080	0.10476	0.24510	0.14751	0.15058	0.05443	0.00590	0.00152	0.00285	0.00744	0.02855	0.18601

[dist]
# distance from previous block
# <min> <max>
0	2

[block]
# block no. 1 follows, 56 sequences, length 6
# corresponding to MSA columns:
# 180-185
name=unknown_B
#
# <colnr> <probs for GDERKNQSTAVLIFYWHMCP>
#	G	D	E	R	K	N	Q	S	T	A	V	L	I	F	Y	W	H	M	C	P
0	0.00701	0.00568	0.00828	0.00751	0.00905	0.00520	0.10288	0.00893	0.03659	0.04062	0.13256	0.30734	0.28867	0.01092	0.00552	0.00164	0.00319	0.00980	0.00419	0.00442
1	0.05570	0.10443	0.01073	0.00747	0.01008	0.02717	0.02572	0.13545	0.03383	0.19788	0.09538	0.01569	0.01312	0.00562	0.00404	0.00127	0.00370	0.00447	0.24226	0.00600
2	0.00842	0.00508	0.00631	0.00625	0.00711	0.00492	0.00444	0.03089	0.00924	0.09966	0.05554	0.17612	0.06364	0.31959	0.03235	0.03033	0.00394	0.10013	0.03203	0.00401
3	0.01030	0.00982	0.01372	0.01310	0.09491	0.01287	0.00986	0.04521	0.06154	0.01273	0.00788	0.01136	0.00722	0.00959	0.07977	0.00233	0.58578	0.00418	0.00236	0.00545
4	0.13997	0.00876	0.00955	0.00708	0.01093	0.00759	0.00571	0.09340	0.01052	0.01726	0.00819	0.00937	0.00663	0.00375	0.00344	0.00086	0.00359	0.00283	0.00293	0.64763
5	0.01335	0.03560	0.16503	0.01164	0.06861	0.12512	0.02420	0.18929	0.11362	0.08348	0.01251	0.04771	0.02391	0.02777	0.00520	0.00149	0.02057	0.00453	0.01978	0.00658

[dist]
# distance from previous block
# <min> <max>
1	3

[block]
# block no. 2 follows, 56 sequences, length 13
# corresponding to MSA columns:
# 190-202
name=unknown_C
#
# <colnr> <probs for GDERKNQSTAVLIFYWHMCP>
#	G	D	E	R	K	N	Q	S	T	A	V	L	I	F	Y	W	H	M	C	P
0	0.01232	0.23297	0.03577	0.00970	0.03394	0.15441	0.03572	0.09188	0.02455	0.01428	0.00827	0.00976	0.00693	0.00632	0.06047	0.00149	0.02015	0.00320	0.00260	0.23528
1	0.00737	0.00566	0.00664	0.04633	0.00875	0.02730	0.00509	0.00969	0.07257	0.04856	0.17508	0.29046	0.22480	0.01092	0.00543	0.00164	0.00300	0.04189	0.00434	0.00446
2	0.00588	0.00436	0.00546	0.00584	0.00659	0.00401	0.00410	0.00712	0.01016	0.01356	0.24548	0.39773	0.18862	0.04874	0.02876	0.00195	0.00280	0.01056	0.00437	0.00389
3	0.03943	0.00772	0.00991	0.00796	0.01092	0.00721	0.00642	0.07718	0.05281	0.54834	0.07986	0.05234	0.01459	0.03520	0.02693	0.00171	0.00402	0.00529	0.00518	0.00699
4	0.02944	0.00658	0.00805	0.00702	0.00909	0.00642	0.00548	0.04091	0.12119	0.23268	0.29293	0.05198	0.08962	0.02454	0.03476	0.00174	0.00340	0.00666	0.02181	0.00571
5	0.58903	0.00910	0.00839	0.00701	0.01010	0.00997	0.00578	0.10364	0.01053	0.19457	0.00947	0.00964	0.00669	0.00471	0.00343	0.00142	0.00380	0.00314	0.00366	0.00591
6	0.00870	0.12268	0.02418	0.00770	0.00929	0.04470	0.02956	0.04306	0.10424	0.01339	0.01874	0.38382	0.03245	0.07280	0.00636	0.00180	0.00382	0.02693	0.04099	0.00479
7	0.00798	0.00583	0.00664	0.00629	0.00793	0.00551	0.00488	0.10929	0.01221	0.04961	0.15448	0.13485	0.38677	0.01067	0.00542	0.00160	0.00293	0.07800	0.00449	0.00463
8	0.05465	0.24578	0.04368	0.00913	0.01233	0.14967	0.00788	0.14395	0.16193	0.04067	0.03653	0.01307	0.05139	0.00542	0.00405	0.00128	0.00501	0.00399	0.00334	0.00626
9	0.87108	0.00888	0.00675	0.00604	0.00888	0.01030	0.00497	0.01350	0.00781	0.02060	0.00639	0.00746	0.00497	0.00426	0.00284	0.00142	0.00355	0.00249	0.00284	0.00497
10	0.01193	0.27298	0.07940	0.08909	0.03022	0.04295	0.08423	0.13000	0.05423	0.01488	0.00863	0.01042	0.00702	0.00607	0.03856	0.00159	0.09053	0.00368	0.00260	0.02099
11	0.00617	0.00455	0.00577	0.00574	0.00673	0.00415	0.00420	0.00793	0.01181	0.01625	0.54703	0.19566	0.14561	0.01069	0.00551	0.00154	0.00229	0.00944	0.00479	0.00415
12	0.00973	0.03607	0.08503	0.10688	0.06179	0.00927	0.05008	0.05651	0.05250	0.04470	0.02944	0.08468	0.02604	0.05937	0.07787	0.00222	0.11866	0.00531	0.07846	0.00538

[dist]
# distance from previous block
# <min> <max>
0	5

[block]
# block no. 3 follows, 56 sequences, length 7
# corresponding to MSA columns:
# 208-214
name=unknown_D
#
# <colnr> <probs for GDERKNQSTAVLIFYWHMCP>
#	G	D	E	R	K	N	Q	S	T	A	V	L	I	F	Y	W	H	M	C	P
0	0.00839	0.00631	0.00729	0.04108	0.00912	0.03758	0.00538	0.02910	0.11947	0.06078	0.12463	0.34957	0.06039	0.08909	0.00707	0.00193	0.00342	0.03052	0.00421	0.00468
1	0.02716	0.00530	0.00703	0.00693	0.00757	0.00599	0.00509	0.00853	0.04033	0.01087	0.01446	0.08131	0.03968	0.21874	0.40887	0.04166	0.05788	0.00595	0.00278	0.00387
2	0.01338	0.06194	0.04711	0.23215	0.05991	0.09898	0.03459	0.27382	0.04871	0.03531	0.00954	0.01117	0.00717	0.00506	0.00491	0.00142	0.04132	0.00395	0.00313	0.00643
3	0.00711	0.00538	0.00709	0.00708	0.00793	0.00599	0.00529	0.00954	0.09297	0.01191	0.01728	0.16217	0.06558	0.08261	0.38949	0.03504	0.03976	0.00670	0.03684	0.00423
4	0.07456	0.14713	0.06326	0.01029	0.05081	0.04916	0.05492	0.19918	0.05480	0.05241	0.04086	0.01136	0.00879	0.00475	0.00403	0.00122	0.00480	0.00373	0.01867	0.14528
5	0.04869	0.10846	0.04458	0.02430	0.01199	0.09669	0.05369	0.07116	0.06445	0.07072	0.02961	0.05345	0.06466	0.00565	0.00412	0.00124	0.00446	0.00457	0.09490	0.14263
6	0.07528	0.11007	0.27399	0.01028	0.01403	0.03244	0.05233	0.03899	0.03152	0.05901	0.06330	0.04300	0.01105	0.01998	0.05482	0.01467	0.05495	0.03165	0.00283	0.00582

[dist]
# distance from previous block
# <min> <max>
6	39

[block]
# block no. 4 follows, 56 sequences, length 14
# corresponding to MSA columns:
# 282-295
name=unknown_E
#
# <colnr> <probs for GDERKNQSTAVLIFYWHMCP>
#	G	D	E	R	K	N	Q	S	T	A	V	L	I	F	Y	W	H	M	C	P
0	0.00941	0.00837	0.05201	0.04169	0.05760	0.00829	0.00727	0.12443	0.13181	0.01719	0.21544	0.12311	0.04068	0.05223	0.03087	0.00188	0.04911	0.01914	0.00399	0.00547
1	0.15956	0.01086	0.11057	0.25489	0.14441	0.03588	0.03011	0.02982	0.00983	0.04147	0.05876	0.01331	0.00924	0.05364	0.00557	0.00163	0.01804	0.00415	0.00263	0.00563
2	0.07612	0.00823	0.01198	0.16628	0.04024	0.00922	0.06459	0.01205	0.00933	0.08709	0.07114	0.06668	0.03008	0.04274	0.00775	0.00167	0.19208	0.00508	0.00298	0.09465
3	0.03935	0.00967	0.01239	0.01044	0.01171	0.01208	0.00857	0.11354	0.05584	0.01464	0.00863	0.03690	0.00784	0.00854	0.05424	0.00200	0.47754	0.00423	0.00271	0.10915
4	0.04833	0.03742	0.01552	0.10269	0.44892	0.01042	0.02823	0.07791	0.03892	0.01566	0.01123	0.10759	0.01035	0.00570	0.00464	0.00146	0.00502	0.02074	0.00281	0.00645
5	0.09749	0.03083	0.11986	0.16611	0.29325	0.01054	0.02512	0.05988	0.01068	0.09091	0.01021	0.01206	0.02800	0.00473	0.00457	0.00143	0.02108	0.00402	0.00274	0.00648
6	0.01701	0.01091	0.01267	0.07252	0.01470	0.01161	0.00835	0.47220	0.05950	0.22647	0.01293	0.01257	0.00888	0.00546	0.00457	0.00139	0.00471	0.00426	0.00462	0.03469
7	0.00860	0.00466	0.00512	0.00504	0.00626	0.00448	0.00376	0.01067	0.02568	0.06946	0.07610	0.11952	0.09733	0.00740	0.00403	0.00127	0.00237	0.00621	0.53755	0.00447
8	0.00959	0.00813	0.01353	0.76469	0.03009	0.00993	0.01229	0.01255	0.00948	0.07328	0.00892	0.01250	0.00652	0.00467	0.00459	0.00152	0.00595	0.00412	0.00232	0.00531
9	0.15063	0.10836	0.05058	0.00866	0.02417	0.03100	0.02311	0.06969	0.06541	0.35081	0.01317	0.01264	0.00912	0.00511	0.00405	0.00135	0.00427	0.00392	0.05723	0.00673
10	0.00674	0.00467	0.00594	0.00614	0.00701	0.00439	0.00440	0.02178	0.02482	0.03510	0.33269	0.39723	0.07501	0.01140	0.00548	0.00163	0.00252	0.01016	0.03867	0.00423
11	0.09526	0.05992	0.11698	0.14202	0.07124	0.01078	0.00972	0.14861	0.08978	0.12392	0.04215	0.03645	0.00994	0.00544	0.00453	0.00144	0.01752	0.00435	0.00348	0.00647
12	0.00648	0.00445	0.00522	0.00533	0.00551	0.00445	0.00322	0.00677	0.00716	0.00954	0.01714	0.11576	0.05972	0.63955	0.08720	0.00427	0.00480	0.00737	0.00299	0.00305
13	0.04825	0.06042	0.05462	0.00925	0.01253	0.06779	0.00787	0.36308	0.08043	0.06311	0.03944	0.02612	0.08454	0.00649	0.01699	0.00145	0.00479	0.00468	0.00400	0.04415

[dist]
# distance from previous block
# <min> <max>
0	2

[block]
# block no. 5 follows, 56 sequences, length 32
# corresponding to MSA columns:
# 298-329
name=unknown_F
#
# <colnr> <probs for GDERKNQSTAVLIFYWHMCP>
#	G	D	E	R	K	N	Q	S	T	A	V	L	I	F	Y	W	H	M	C	P
0	0.02407	0.09472	0.23759	0.02202	0.07207	0.05602	0.03346	0.03621	0.05533	0.02519	0.03894	0.02541	0.04071	0.00724	0.04822	0.00176	0.11174	0.01856	0.01423	0.03649
1	0.08909	0.50404	0.04482	0.00907	0.02808	0.07095	0.00824	0.11910	0.04008	0.01465	0.00760	0.00851	0.00639	0.00444	0.00372	0.00116	0.02850	0.00292	0.00253	0.00611
2	0.74130	0.00939	0.00773	0.00711	0.03212	0.03606	0.00557	0.03490	0.00877	0.07211	0.00737	0.00822	0.00556	0.00440	0.00309	0.00141	0.00382	0.00273	0.00304	0.00531
3	0.02526	0.07833	0.16232	0.08118	0.14725	0.06960	0.08295	0.13259	0.02836	0.01595	0.01023	0.07819	0.00879	0.00547	0.00490	0.00143	0.03653	0.00461	0.01979	0.00627
4	0.01258	0.03798	0.06706	0.05542	0.09916	0.01007	0.05035	0.13155	0.08848	0.15045	0.06436	0.02577	0.03662	0.01769	0.01527	0.00159	0.07861	0.01448	0.03610	0.00640
5	0.00577	0.00429	0.00534	0.00598	0.00665	0.00392	0.00418	0.00682	0.00962	0.01259	0.11324	0.51257	0.20568	0.03949	0.00630	0.00184	0.00266	0.04494	0.00430	0.00382
6	0.00647	0.00457	0.00593	0.00606	0.00667	0.00460	0.00429	0.00738	0.00858	0.01161	0.13357	0.13317	0.10499	0.23606	0.20992	0.05971	0.00554	0.04390	0.00340	0.00358
7	0.01457	0.06460	0.01220	0.00923	0.01232	0.01172	0.00757	0.35140	0.23339	0.11213	0.03305	0.01622	0.03817	0.00617	0.00458	0.00143	0.00426	0.03218	0.02771	0.00710
8	0.13817	0.00695	0.00821	0.00698	0.00938	0.00675	0.00554	0.03367	0.06408	0.31304	0.24660	0.04852	0.05226	0.00710	0.00462	0.00144	0.00320	0.00588	0.03165	0.00595
9	0.28050	0.01144	0.06305	0.00885	0.01223	0.01171	0.00764	0.37612	0.06378	0.05844	0.01069	0.03281	0.00806	0.00534	0.00403	0.00141	0.00441	0.00391	0.02896	0.00662
10	0.01254	0.01036	0.03816	0.06404	0.40705	0.01010	0.01105	0.06183	0.12220	0.12521	0.02995	0.01315	0.00951	0.00480	0.00452	0.00137	0.00483	0.00431	0.00328	0.06174
11	0.01255	0.60994	0.05843	0.00842	0.01209	0.09909	0.00810	0.04210	0.03327	0.01232	0.00763	0.00862	0.00658	0.00425	0.00326	0.00106	0.00513	0.00281	0.05847	0.00588
12	0.16274	0.00857	0.01179	0.10608	0.29235	0.00924	0.00904	0.05500	0.02722	0.01654	0.01083	0.06986	0.00935	0.00536	0.00436	0.00139	0.02492	0.00449	0.16510	0.00578
13	0.01379	0.03100	0.01064	0.00850	0.01111	0.00974	0.00681	0.35225	0.05882	0.13960	0.04109	0.10623	0.04374	0.02074	0.05843	0.01638	0.00461	0.00565	0.05449	0.00640
14	0.00620	0.00475	0.00577	0.00589	0.00705	0.00423	0.00436	0.00763	0.01049	0.01392	0.22685	0.26203	0.26208	0.02976	0.00589	0.00167	0.00266	0.07417	0.00432	0.06029
15	0.00968	0.00745	0.01151	0.04522	0.20542	0.00788	0.05126	0.01136	0.00935	0.06181	0.02980	0.09630	0.01310	0.07717	0.00839	0.05826	0.10379	0.05957	0.12758	0.00512
16	0.02764	0.00756	0.00939	0.00842	0.02459	0.05963	0.05120	0.02742	0.03434	0.16175	0.22391	0.14136	0.07115	0.03691	0.02828	0.00179	0.05575	0.00705	0.01662	0.00523
17	0.01001	0.00655	0.00808	0.00744	0.00916	0.00662	0.02293	0.03942	0.16864	0.13425	0.09495	0.13346	0.09476	0.10258	0.03093	0.00209	0.00377	0.08082	0.03827	0.00528
18	0.01324	0.55813	0.03534	0.06278	0.04513	0.04799	0.00868	0.11100	0.01124	0.05747	0.00787	0.00883	0.00650	0.00431	0.00349	0.00112	0.00514	0.00299	0.00253	0.00623
19	0.00889	0.00623	0.00756	0.00702	0.00871	0.00608	0.00540	0.05944	0.11362	0.07640	0.30103	0.17006	0.07791	0.00937	0.00523	0.00154	0.00300	0.06878	0.00462	0.05911
20	0.03167	0.06822	0.40191	0.04094	0.03490	0.07086	0.05381	0.05431	0.02111	0.09470	0.00961	0.01118	0.00712	0.00464	0.00431	0.00137	0.00602	0.01790	0.00266	0.06275
21	0.01244	0.06585	0.03468	0.07435	0.01420	0.01180	0.02684	0.16485	0.43797	0.04982	0.03271	0.03003	0.01215	0.00590	0.00458	0.00148	0.00432	0.00487	0.00418	0.00696
22	0.66092	0.01032	0.05477	0.06051	0.01135	0.05132	0.00644	0.03318	0.00869	0.03373	0.00720	0.00879	0.00565	0.02685	0.00374	0.00150	0.00422	0.00286	0.00281	0.00517
23	0.01239	0.01115	0.01647	0.13235	0.27660	0.05836	0.12064	0.14546	0.05021	0.05206	0.05336	0.01308	0.00952	0.00495	0.00493	0.00143	0.02286	0.00452	0.00305	0.00661
24	0.00841	0.00592	0.02147	0.05484	0.04309	0.00545	0.01571	0.01045	0.02756	0.10409	0.29924	0.24434	0.06083	0.02716	0.00570	0.00164	0.00319	0.03586	0.00437	0.02068
25	0.00933	0.00992	0.12138	0.06368	0.09210	0.02176	0.00847	0.07986	0.12239	0.02939	0.14430	0.07603	0.15162	0.00825	0.02262	0.00164	0.00430	0.02353	0.00376	0.00568
26	0.02429	0.06452	0.03747	0.26878	0.05264	0.04108	0.05026	0.14817	0.04835	0.08891	0.02415	0.04169	0.00906	0.02791	0.00564	0.00155	0.05184	0.00452	0.00312	0.00604
27	0.01045	0.02394	0.04173	0.22426	0.21443	0.00982	0.02657	0.09318	0.05523	0.02855	0.01187	0.06162	0.02423	0.03431	0.00550	0.00155	0.03161	0.00487	0.09038	0.00591
28	0.00678	0.00500	0.00638	0.05928	0.02241	0.00488	0.00482	0.00802	0.02396	0.03056	0.08466	0.17595	0.27562	0.11745	0.07537	0.06475	0.00398	0.02251	0.00368	0.00393
29	0.02392	0.04189	0.19832	0.03639	0.09489	0.01800	0.07939	0.06698	0.06269	0.09272	0.02889	0.06865	0.06745	0.00651	0.02352	0.00154	0.00520	0.00506	0.00320	0.07482
30	0.02365	0.06184	0.06582	0.03189	0.20824	0.10780	0.06315	0.05845	0.05227	0.07847	0.03961	0.02952	0.13506	0.00605	0.00478	0.00141	0.01755	0.00512	0.00320	0.00613
31	0.01644	0.03454	0.01048	0.00776	0.01115	0.00735	0.00637	0.06606	0.03911	0.48679	0.04811	0.01545	0.02832	0.00548	0.00434	0.00126	0.00373	0.00444	0.04079	0.16200

[dist]
# distance from previous block
# <min> <max>
1	13

[block]
# block no. 6 follows, 56 sequences, length 7
# corresponding to MSA columns:
# 343-349
name=unknown_G
#
# <colnr> <probs for GDERKNQSTAVLIFYWHMCP>
#	G	D	E	R	K	N	Q	S	T	A	V	L	I	F	Y	W	H	M	C	P
0	0.01237	0.01190	0.01016	0.00909	0.01117	0.26712	0.00694	0.06298	0.12427	0.06111	0.01169	0.01455	0.00990	0.07951	0.22009	0.00311	0.00754	0.00424	0.00311	0.06913
1	0.01073	0.00738	0.00926	0.14815	0.03690	0.00792	0.00696	0.15336	0.07072	0.07803	0.06884	0.12228	0.05197	0.00702	0.00454	0.00142	0.00377	0.00595	0.19927	0.00555
2	0.00823	0.00579	0.00749	0.00724	0.00871	0.00544	0.02458	0.07178	0.01104	0.06429	0.09586	0.35307	0.11655	0.01103	0.00547	0.00167	0.00326	0.12585	0.00428	0.06839
3	0.00868	0.00778	0.02717	0.03013	0.05089	0.02677	0.00730	0.02383	0.07437	0.02621	0.04706	0.21194	0.05979	0.03378	0.09081	0.00237	0.22538	0.00690	0.03398	0.00488
4	0.01098	0.07462	0.00979	0.00744	0.00963	0.06413	0.00593	0.07080	0.05978	0.11477	0.24272	0.06694	0.06523	0.00726	0.00501	0.00135	0.03651	0.00594	0.06065	0.08053
5	0.07581	0.00505	0.00585	0.00602	0.00714	0.00481	0.00436	0.03104	0.01044	0.03793	0.18525	0.38130	0.20533	0.01143	0.00536	0.00165	0.00266	0.00998	0.00436	0.00422
6	0.04747	0.23294	0.03416	0.00904	0.01229	0.09652	0.00781	0.22777	0.10619	0.01820	0.06934	0.01356	0.01098	0.00546	0.00410	0.00127	0.00481	0.03475	0.00344	0.05992

[dist]
# distance from previous block
# <min> <max>
0	5

[block]
# block no. 7 follows, 56 sequences, length 21
# corresponding to MSA columns:
# 355-375
name=unknown_H
#
# <colnr> <probs for GDERKNQSTAVLIFYWHMCP>
#	G	D	E	R	K	N	Q	S	T	A	V	L	I	F	Y	W	H	M	C	P
0	0.03725	0.03794	0.26980	0.03633	0.02346	0.07674	0.04026	0.06477	0.01073	0.04365	0.00878	0.01056	0.00684	0.00440	0.00433	0.00120	0.02600	0.01554	0.00261	0.27882
1	0.01244	0.01433	0.06468	0.03390	0.04633	0.21714	0.25223	0.06167	0.04237	0.02475	0.03110	0.01184	0.00810	0.00643	0.04280	0.00175	0.11528	0.00437	0.00261	0.00588
2	0.00915	0.00748	0.00997	0.00917	0.02456	0.00790	0.07712	0.06202	0.22669	0.02893	0.07732	0.22069	0.07207	0.00998	0.03373	0.00185	0.02698	0.06536	0.02357	0.00545
3	0.00594	0.00434	0.00537	0.00585	0.00645	0.00402	0.00402	0.00695	0.00950	0.01256	0.15498	0.41619	0.16355	0.14172	0.00846	0.00215	0.00286	0.03721	0.00416	0.00372
4	0.01431	0.00641	0.00852	0.00730	0.00963	0.00568	0.00570	0.02955	0.01203	0.46243	0.11127	0.22675	0.06309	0.00863	0.00507	0.00154	0.00333	0.00744	0.00515	0.00617
5	0.01052	0.00794	0.00882	0.00816	0.01012	0.00869	0.00621	0.10000	0.38721	0.05369	0.04138	0.24581	0.01847	0.00844	0.00492	0.00158	0.00339	0.00728	0.06130	0.00608
6	0.66069	0.00882	0.00781	0.00667	0.00967	0.00977	0.00549	0.04061	0.02754	0.17286	0.00907	0.00936	0.00650	0.00462	0.00328	0.00142	0.00367	0.00301	0.00348	0.00566
7	0.01191	0.49050	0.05432	0.00849	0.01202	0.01509	0.00793	0.04391	0.25006	0.01440	0.01070	0.01094	0.00865	0.00476	0.00360	0.00119	0.00450	0.00346	0.03720	0.00635
8	0.01181	0.71896	0.14249	0.00864	0.01299	0.01704	0.00922	0.01387	0.00938	0.01136	0.00666	0.00771	0.00588	0.00399	0.00316	0.00105	0.00519	0.00260	0.00196	0.00603
9	0.04039	0.17776	0.11671	0.01022	0.02402	0.08840	0.00923	0.31106	0.04918	0.04939	0.00980	0.01076	0.00754	0.02586	0.00496	0.00140	0.03469	0.00367	0.01830	0.00667
10	0.77921	0.00896	0.00718	0.00630	0.00916	0.01027	0.00518	0.05704	0.00877	0.04238	0.00718	0.00812	0.00547	0.00440	0.00300	0.00141	0.00361	0.00268	0.02450	0.00519
11	0.05001	0.00980	0.10220	0.06845	0.04170	0.01859	0.05802	0.07073	0.06604	0.19375	0.12967	0.03563	0.01487	0.00636	0.01368	0.00150	0.00443	0.01598	0.09247	0.00613
12	0.00604	0.00444	0.00549	0.00568	0.00658	0.00404	0.00407	0.00751	0.01088	0.01476	0.35622	0.29669	0.19718	0.02687	0.00583	0.00165	0.00240	0.00999	0.02965	0.00401
13	0.01022	0.00968	0.01544	0.06463	0.44065	0.01088	0.01164	0.01262	0.02570	0.01367	0.04444	0.01286	0.00906	0.00825	0.08422	0.00211	0.21104	0.00436	0.00239	0.00616
14	0.00621	0.00474	0.00570	0.00599	0.00692	0.00446	0.00428	0.00820	0.06186	0.01387	0.21184	0.35650	0.22676	0.04129	0.00620	0.00176	0.00261	0.02229	0.00442	0.00411
15	0.00737	0.00423	0.00606	0.00610	0.00637	0.00431	0.00422	0.00648	0.00671	0.00898	0.01262	0.04795	0.07019	0.06011	0.16197	0.57095	0.00534	0.00505	0.00237	0.00262
16	0.01259	0.78797	0.02334	0.00811	0.01194	0.07048	0.00792	0.01405	0.00957	0.01083	0.00643	0.00742	0.00589	0.00398	0.00302	0.00100	0.00513	0.00249	0.00199	0.00585
17	0.00762	0.00555	0.00747	0.02409	0.00879	0.00539	0.03953	0.02150	0.08033	0.05039	0.13231	0.41094	0.07435	0.04843	0.00663	0.02703	0.00320	0.01816	0.00418	0.02411
18	0.00890	0.06246	0.01432	0.71218	0.06040	0.01051	0.01217	0.01176	0.00923	0.01180	0.00869	0.04212	0.00704	0.00489	0.00453	0.00150	0.00589	0.00430	0.00213	0.00519
19	0.01047	0.10208	0.07920	0.02605	0.20868	0.02861	0.08719	0.05828	0.07220	0.01529	0.07109	0.09041	0.01310	0.00609	0.00483	0.00141	0.01978	0.03994	0.00304	0.06226
20	0.12362	0.07830	0.11768	0.08612	0.07062	0.04744	0.09560	0.08485	0.01083	0.02680	0.04090	0.01295	0.00885	0.03368	0.00506	0.00145	0.02011	0.02742	0.00276	0.10497

[dist]
# distance from previous block
# <min> <max>
6	22

[block]
# block no. 8 follows, 56 sequences, length 13
# corresponding to MSA columns:
# 399-407,411-414
name=unknown_I
#
# <colnr> <probs for GDERKNQSTAVLIFYWHMCP>
#	G	D	E	R	K	N	Q	S	T	A	V	L	I	F	Y	W	H	M	C	P
0	0.01111	0.05378	0.07674	0.15379	0.27979	0.08024	0.05142	0.04621	0.05435	0.01423	0.02209	0.01265	0.00820	0.01889	0.01807	0.00159	0.07049	0.01767	0.00250	0.00620
1	0.01025	0.05856	0.28732	0.01285	0.10936	0.02802	0.06648	0.02592	0.01020	0.03664	0.05242	0.01221	0.02680	0.00480	0.00494	0.00129	0.05718	0.00391	0.00255	0.18830
2	0.02968	0.01000	0.01309	0.01120	0.01227	0.09018	0.09698	0.01168	0.00901	0.01278	0.06380	0.04042	0.01190	0.02431	0.01034	0.00183	0.41295	0.08285	0.04980	0.00493
3	0.03663	0.14970	0.42809	0.01113	0.02812	0.01145	0.03594	0.07377	0.05195	0.01517	0.03184	0.01273	0.02870	0.05928	0.00545	0.00158	0.00570	0.00395	0.00253	0.00628
4	0.01187	0.59956	0.20891	0.00925	0.01383	0.01617	0.01004	0.06114	0.01015	0.01277	0.00710	0.00813	0.00599	0.00413	0.00338	0.00112	0.00536	0.00278	0.00212	0.00622
5	0.00710	0.03572	0.00832	0.00731	0.00825	0.00607	0.04579	0.00841	0.00769	0.01083	0.04165	0.02057	0.01332	0.21319	0.49739	0.02795	0.00918	0.00534	0.02199	0.00393
6	0.00572	0.00466	0.00506	0.00496	0.00638	0.00400	0.00372	0.00716	0.01116	0.01406	0.25671	0.04145	0.59691	0.01101	0.00542	0.00152	0.00228	0.00931	0.00448	0.00400
7	0.03739	0.01237	0.01247	0.00994	0.01324	0.07200	0.00807	0.54848	0.11133	0.05736	0.01396	0.01364	0.05685	0.00588	0.00458	0.00140	0.00487	0.00449	0.00442	0.00725
8	0.06253	0.47287	0.01930	0.00891	0.01265	0.01521	0.04838	0.19341	0.01245	0.08108	0.00876	0.00938	0.00693	0.00448	0.00359	0.00116	0.00486	0.00322	0.02443	0.00641
9	0.00656	0.00479	0.00618	0.00689	0.00776	0.00459	0.00546	0.00801	0.00985	0.01271	0.05093	0.21131	0.17014	0.09832	0.00781	0.00218	0.00351	0.37498	0.00412	0.00391
10	0.04285	0.00789	0.02200	0.00824	0.03909	0.00792	0.00626	0.05364	0.26298	0.15130	0.10865	0.05601	0.16487	0.00757	0.00479	0.00149	0.00336	0.00634	0.03865	0.00608
11	0.00933	0.00682	0.00799	0.00710	0.00907	0.00680	0.00543	0.03281	0.20445	0.05522	0.14566	0.05465	0.04878	0.06190	0.06427	0.04658	0.00392	0.02698	0.05489	0.14736
12	0.02674	0.24240	0.01356	0.00881	0.03260	0.13983	0.00696	0.03332	0.05838	0.10387	0.03473	0.17545	0.02805	0.04385	0.00548	0.00151	0.02999	0.00565	0.00332	0.00550

[dist]
# distance from previous block
# <min> <max>
2	68

[block]
# block no. 9 follows, 56 sequences, length 19
# corresponding to MSA columns:
# 484-502
name=unknown_J
#
# <colnr> <probs for GDERKNQSTAVLIFYWHMCP>
#	G	D	E	R	K	N	Q	S	T	A	V	L	I	F	Y	W	H	M	C	P
0	0.00930	0.00787	0.01143	0.08166	0.18671	0.02855	0.04466	0.03638	0.06880	0.03785	0.05248	0.13553	0.04906	0.03649	0.14732	0.00263	0.01700	0.01638	0.02451	0.00540
1	0.00681	0.00592	0.01006	0.00909	0.01045	0.00551	0.17378	0.00840	0.00960	0.01279	0.06016	0.54023	0.08144	0.01164	0.00573	0.00176	0.00375	0.03471	0.00388	0.00431
2	0.00624	0.00420	0.00555	0.00603	0.00644	0.00396	0.00408	0.00683	0.00908	0.01229	0.18320	0.45129	0.05038	0.08489	0.00914	0.13601	0.00291	0.01002	0.00394	0.00351
3	0.03201	0.00671	0.00807	0.00691	0.00909	0.00654	0.00543	0.06908	0.08639	0.27099	0.19274	0.05621	0.03660	0.02667	0.00501	0.00146	0.00316	0.00587	0.16518	0.00589
4	0.01391	0.00979	0.01087	0.00911	0.01198	0.01070	0.00726	0.21984	0.39895	0.14591	0.09612	0.01706	0.01496	0.00628	0.00472	0.00148	0.00389	0.00514	0.00485	0.00720
5	0.01552	0.04140	0.01293	0.00988	0.01320	0.01326	0.00810	0.56123	0.18809	0.02559	0.01270	0.01251	0.00927	0.00560	0.00448	0.00139	0.00459	0.00431	0.04849	0.00744
6	0.78865	0.00905	0.00730	0.00638	0.00929	0.01037	0.00525	0.05708	0.00880	0.05388	0.00713	0.00799	0.00539	0.00439	0.00301	0.00142	0.00365	0.00267	0.00306	0.00525
7	0.14395	0.58718	0.06465	0.00804	0.01194	0.01587	0.00794	0.06066	0.00999	0.04415	0.00721	0.00804	0.00607	0.00416	0.00317	0.00112	0.00478	0.00269	0.00239	0.00599
8	0.65173	0.00921	0.00792	0.00690	0.00980	0.01049	0.00563	0.06811	0.11113	0.06876	0.00899	0.00943	0.00671	0.00468	0.00330	0.00144	0.00368	0.00307	0.00337	0.00563
9	0.01097	0.00906	0.01004	0.04734	0.01211	0.01036	0.00717	0.09828	0.51834	0.01862	0.03322	0.03391	0.04208	0.00830	0.05527	0.00189	0.01611	0.01485	0.04554	0.00656
10	0.00576	0.00419	0.00548	0.00645	0.00691	0.00390	0.00451	0.00673	0.00912	0.01199	0.02708	0.68513	0.09890	0.01396	0.00587	0.00186	0.00279	0.09130	0.00426	0.00379
11	0.14357	0.00963	0.01060	0.00865	0.01177	0.01025	0.00701	0.21991	0.21055	0.25823	0.05183	0.01447	0.01166	0.00574	0.00440	0.00144	0.00400	0.00449	0.00470	0.00709
12	0.01082	0.00720	0.00868	0.03313	0.01020	0.00740	0.00603	0.10109	0.16927	0.14020	0.31733	0.04396	0.07733	0.00884	0.03609	0.00170	0.00358	0.00661	0.00476	0.00580
13	0.00785	0.00621	0.00674	0.00651	0.00762	0.03217	0.00472	0.02725	0.13215	0.01306	0.04951	0.06934	0.16869	0.24399	0.11393	0.00309	0.01642	0.03103	0.05541	0.00432
14	0.01467	0.44078	0.01869	0.00975	0.01296	0.37917	0.00835	0.04560	0.01145	0.01169	0.00688	0.00792	0.00597	0.00435	0.00355	0.00109	0.00643	0.00274	0.00224	0.00571
15	0.00724	0.00500	0.00593	0.00599	0.00714	0.00458	0.00428	0.03169	0.02545	0.05930	0.07119	0.35347	0.26138	0.06108	0.00673	0.02026	0.00284	0.00976	0.02550	0.03119
16	0.03162	0.00867	0.01399	0.57952	0.12894	0.01006	0.02554	0.04461	0.01001	0.04542	0.00920	0.03532	0.00724	0.00483	0.00456	0.00148	0.00570	0.00431	0.00243	0.02654
17	0.04515	0.01022	0.03026	0.32998	0.08789	0.04961	0.05592	0.11511	0.03900	0.13972	0.01079	0.01323	0.00801	0.00511	0.00479	0.00148	0.02104	0.02334	0.00316	0.00621
18	0.18449	0.01021	0.01296	0.25249	0.10885	0.08070	0.06282	0.07866	0.01060	0.03591	0.00962	0.01412	0.00810	0.03106	0.00521	0.00159	0.02561	0.05866	0.00276	0.00558

[dist]
# distance from previous block
# <min> <max>
5	12

[block]
# block no. 10 follows, 56 sequences, length 13
# corresponding to MSA columns:
# 521-533
name=unknown_K
#
# <colnr> <probs for GDERKNQSTAVLIFYWHMCP>
#	G	D	E	R	K	N	Q	S	T	A	V	L	I	F	Y	W	H	M	C	P
0	0.00986	0.08155	0.67324	0.01269	0.01894	0.01118	0.04757	0.01508	0.04187	0.03373	0.00881	0.01008	0.00633	0.00442	0.00432	0.00143	0.00649	0.00351	0.00216	0.00674
1	0.01064	0.21500	0.10758	0.00862	0.01163	0.10676	0.02652	0.01253	0.00972	0.04473	0.03216	0.08379	0.02475	0.07233	0.06035	0.00187	0.02331	0.00458	0.01937	0.12376
2	0.00973	0.00960	0.04911	0.01272	0.01571	0.00895	0.33469	0.09340	0.01142	0.01572	0.08846	0.04169	0.01449	0.03214	0.11491	0.00244	0.00666	0.10085	0.03184	0.00547
3	0.01166	0.16397	0.38568	0.01205	0.01678	0.13894	0.05915	0.05961	0.02640	0.01405	0.00801	0.00947	0.00620	0.00468	0.00492	0.00137	0.06512	0.00340	0.00224	0.00631
4	0.13016	0.26867	0.17620	0.00930	0.01335	0.04933	0.00926	0.16675	0.04029	0.04532	0.02938	0.01012	0.00769	0.00472	0.00378	0.00127	0.00507	0.00336	0.01964	0.00634
5	0.03947	0.17776	0.60808	0.01155	0.01747	0.01183	0.01434	0.01407	0.00959	0.01396	0.00918	0.01040	0.03425	0.00453	0.00408	0.00137	0.00616	0.00341	0.00206	0.00645
6	0.00597	0.00443	0.00617	0.00687	0.00743	0.00411	0.02525	0.00698	0.00898	0.01203	0.02425	0.73785	0.02872	0.01364	0.00580	0.00183	0.00292	0.06003	0.00416	0.03258
7	0.00824	0.00732	0.00855	0.00835	0.00967	0.07082	0.05365	0.01201	0.17965	0.01369	0.03530	0.43427	0.04160	0.01169	0.03491	0.00192	0.00405	0.05547	0.00403	0.00482
8	0.01399	0.00950	0.01013	0.00823	0.01092	0.01035	0.00665	0.43610	0.08361	0.04872	0.01325	0.01378	0.00980	0.00552	0.00413	0.00129	0.00390	0.00429	0.29929	0.00655
9	0.02974	0.00636	0.00764	0.00706	0.00871	0.00629	0.00550	0.14396	0.01307	0.07991	0.29136	0.18273	0.10381	0.00980	0.00533	0.00159	0.00314	0.08430	0.00466	0.00505
10	0.12076	0.00781	0.00951	0.00879	0.06216	0.00780	0.00647	0.07170	0.09724	0.30055	0.16949	0.04695	0.01725	0.00646	0.00453	0.00143	0.00355	0.00535	0.04584	0.00637
11	0.03771	0.00495	0.00586	0.00596	0.00710	0.00471	0.00442	0.02022	0.00987	0.02524	0.11470	0.20896	0.29232	0.07267	0.10070	0.00250	0.00393	0.05713	0.00399	0.01706
12	0.00748	0.00528	0.00651	0.00646	0.00766	0.00512	0.00496	0.00991	0.07041	0.04928	0.27192	0.06385	0.15953	0.12244	0.03279	0.00220	0.00342	0.16205	0.00434	0.00437

[dist]
# distance from previous block
# <min> <max>
0	12

[block]
# block no. 11 follows, 56 sequences, length 19
# corresponding to MSA columns:
# 547-565
name=unknown_L
#
# <colnr> <probs for GDERKNQSTAVLIFYWHMCP>
#	G	D	E	R	K	N	Q	S	T	A	V	L	I	F	Y	W	H	M	C	P
0	0.42824	0.04711	0.10755	0.03266	0.04400	0.11540	0.00799	0.04990	0.00961	0.01745	0.00751	0.00896	0.00592	0.00464	0.00407	0.00139	0.04907	0.00302	0.05003	0.00547
1	0.07861	0.01215	0.12867	0.18505	0.18347	0.02712	0.05446	0.08852	0.10934	0.07267	0.01045	0.01198	0.00778	0.00476	0.00446	0.00145	0.00545	0.00409	0.00298	0.00656
2	0.01086	0.01020	0.01728	0.04734	0.61411	0.01029	0.05564	0.04006	0.01080	0.01530	0.05354	0.01384	0.00984	0.00623	0.04842	0.00172	0.00575	0.01946	0.00255	0.00678
3	0.00681	0.00459	0.00580	0.00581	0.00680	0.00421	0.00422	0.00841	0.01122	0.04748	0.41199	0.25426	0.12401	0.03015	0.00581	0.00162	0.00244	0.00937	0.05077	0.00421
4	0.00843	0.00505	0.00654	0.00621	0.00756	0.00465	0.00467	0.01010	0.01130	0.13882	0.34303	0.18077	0.13592	0.01213	0.07689	0.00204	0.00344	0.00839	0.02937	0.00467
5	0.00827	0.00503	0.00597	0.00558	0.00686	0.00488	0.00423	0.03123	0.03581	0.05231	0.42326	0.04392	0.02836	0.00767	0.00454	0.00132	0.00236	0.00658	0.31716	0.00463
6	0.78617	0.00906	0.00731	0.00639	0.00930	0.01037	0.00526	0.05808	0.00882	0.05519	0.00716	0.00801	0.00541	0.00439	0.00302	0.00142	0.00365	0.00267	0.00306	0.00525
7	0.10763	0.05521	0.01225	0.00950	0.01265	0.05304	0.00772	0.34042	0.29146	0.04378	0.01295	0.01256	0.00957	0.00551	0.00432	0.00142	0.00452	0.00419	0.00421	0.00709
8	0.26712	0.01204	0.05164	0.01037	0.01388	0.06053	0.11496	0.25846	0.02513	0.08858	0.00957	0.01035	0.00697	0.00487	0.00442	0.00141	0.02807	0.00374	0.00349	0.02439
9	0.02844	0.17050	0.11796	0.05767	0.14330	0.07548	0.01010	0.17683	0.04988	0.01656	0.01138	0.06940	0.03121	0.00562	0.00431	0.00136	0.00527	0.01536	0.00300	0.00636
10	0.87108	0.00888	0.00675	0.00604	0.00888	0.01030	0.00497	0.01350	0.00781	0.02060	0.00639	0.00746	0.00497	0.00426	0.00284	0.00142	0.00355	0.00249	0.00284	0.00497
11	0.00990	0.00763	0.00965	0.02566	0.13658	0.04717	0.00694	0.02573	0.08871	0.09362	0.24272	0.02333	0.07577	0.05613	0.10101	0.00229	0.00480	0.01566	0.00390	0.02280
12	0.00612	0.00438	0.00562	0.00619	0.00688	0.00406	0.00439	0.00730	0.00984	0.02590	0.16121	0.49203	0.13903	0.03241	0.02381	0.00194	0.00290	0.05773	0.00434	0.00393
13	0.03662	0.05671	0.10397	0.00903	0.01152	0.09418	0.00783	0.08185	0.17351	0.03185	0.01354	0.10101	0.01207	0.03548	0.20695	0.00300	0.00675	0.00521	0.00328	0.00564
14	0.00632	0.00474	0.00581	0.00612	0.00699	0.00447	0.00437	0.02243	0.04230	0.01415	0.23014	0.39683	0.17325	0.03615	0.00612	0.00176	0.00264	0.02687	0.00444	0.00411
15	0.00693	0.00446	0.00588	0.00588	0.00618	0.00463	0.00393	0.00689	0.00688	0.00931	0.01390	0.02328	0.05651	0.35705	0.23208	0.23874	0.00629	0.00565	0.00256	0.00298
16	0.01477	0.09176	0.10131	0.01254	0.05761	0.40754	0.05296	0.11441	0.07725	0.01480	0.00879	0.00980	0.00693	0.00476	0.00425	0.00128	0.00686	0.00348	0.00274	0.00615
17	0.00862	0.00590	0.00899	0.12694	0.11143	0.00621	0.00672	0.00899	0.04987	0.01034	0.00937	0.04183	0.00883	0.02623	0.01291	0.51851	0.00441	0.00440	0.00229	0.02722
18	0.51381	0.07128	0.04447	0.00961	0.07248	0.13850	0.02700	0.04932	0.00971	0.01797	0.00703	0.00826	0.00557	0.00435	0.00339	0.00135	0.00485	0.00287	0.00269	0.00550

[dist]
# distance from previous block
# <min> <max>
0	1

[block]
# block no. 12 follows, 56 sequences, length 11
# corresponding to MSA columns:
# 568-578
name=unknown_M
#
# <colnr> <probs for GDERKNQSTAVLIFYWHMCP>
#	G	D	E	R	K	N	Q	S	T	A	V	L	I	F	Y	W	H	M	C	P
0	0.14304	0.03999	0.27474	0.01229	0.09703	0.00976	0.08418	0.03479	0.00995	0.06322	0.04520	0.03985	0.00961	0.03489	0.05017	0.00187	0.01887	0.00434	0.02019	0.00599
1	0.00721	0.00426	0.00569	0.00574	0.00583	0.00433	0.00368	0.00649	0.00652	0.00877	0.01179	0.05861	0.01284	0.34903	0.09485	0.39885	0.00489	0.00557	0.00246	0.00259
2	0.47141	0.17482	0.04559	0.00861	0.06601	0.03845	0.00692	0.01414	0.00900	0.07764	0.00841	0.04654	0.00704	0.00478	0.00336	0.00134	0.00423	0.00329	0.00286	0.00556
3	0.01234	0.39120	0.01734	0.00903	0.01203	0.11331	0.06056	0.01470	0.06595	0.08504	0.01079	0.07467	0.00970	0.03141	0.07159	0.00182	0.00576	0.00425	0.00281	0.00571
4	0.00923	0.00853	0.01243	0.01040	0.01200	0.03431	0.15265	0.02685	0.06827	0.01393	0.04181	0.15939	0.07440	0.00801	0.00770	0.00164	0.22751	0.00650	0.10457	0.01986
5	0.01272	0.06457	0.01227	0.04366	0.01268	0.01030	0.05873	0.30928	0.06833	0.07445	0.10578	0.09319	0.04120	0.00679	0.00469	0.00142	0.00424	0.00572	0.06371	0.00627
6	0.01114	0.56153	0.19423	0.00959	0.01397	0.01533	0.05342	0.01360	0.00936	0.01182	0.00735	0.00887	0.00631	0.00609	0.05888	0.00155	0.00597	0.00299	0.00201	0.00598
7	0.00896	0.00889	0.07089	0.64457	0.02733	0.00947	0.01201	0.01198	0.00956	0.04427	0.03845	0.04036	0.00929	0.00545	0.00472	0.00155	0.00575	0.03881	0.00245	0.00522
8	0.00615	0.00455	0.00536	0.00543	0.00616	0.00435	0.00370	0.00704	0.00884	0.01153	0.11241	0.11603	0.26223	0.30635	0.11680	0.00334	0.00438	0.00820	0.00360	0.00355
9	0.00995	0.03772	0.04098	0.07631	0.05680	0.04166	0.00722	0.02298	0.04462	0.06285	0.06611	0.05616	0.06275	0.00725	0.04545	0.00149	0.00448	0.02928	0.00322	0.32274
10	0.31390	0.07566	0.00866	0.00674	0.00901	0.03192	0.00537	0.05417	0.08176	0.01739	0.13071	0.08762	0.08376	0.04197	0.00489	0.00155	0.00353	0.00539	0.00358	0.03242

[dist]
# distance from previous block
# <min> <max>
1	8

[block]
# block no. 13 follows, 56 sequences, length 12
# corresponding to MSA columns:
# 587-598
name=unknown_N
#
# <colnr> <probs for GDERKNQSTAVLIFYWHMCP>
#	G	D	E	R	K	N	Q	S	T	A	V	L	I	F	Y	W	H	M	C	P
0	0.15400	0.05486	0.04915	0.02510	0.13127	0.00956	0.03016	0.07159	0.05393	0.10565	0.00977	0.01068	0.00744	0.00431	0.00387	0.00118	0.00433	0.00345	0.00315	0.26656
1	0.03788	0.08013	0.23216	0.04047	0.03979	0.06391	0.09573	0.05974	0.04572	0.07166	0.01149	0.04997	0.00976	0.00733	0.04894	0.00181	0.03278	0.06175	0.00289	0.00608
2	0.10957	0.01118	0.01204	0.00935	0.01290	0.01194	0.00769	0.49677	0.05879	0.13116	0.01162	0.01144	0.00821	0.00525	0.00430	0.00134	0.00451	0.00395	0.00439	0.08359
3	0.00659	0.00468	0.00574	0.00566	0.00683	0.00419	0.00417	0.00820	0.01149	0.04773	0.41052	0.18391	0.26172	0.01081	0.00547	0.00155	0.00237	0.00943	0.00470	0.00423
4	0.01283	0.43895	0.20632	0.01001	0.01430	0.16832	0.01024	0.06725	0.01094	0.01298	0.00726	0.00833	0.00601	0.00429	0.00361	0.00116	0.00600	0.00288	0.00221	0.00612
5	0.05214	0.03172	0.00975	0.04133	0.02731	0.00899	0.00651	0.17853	0.15070	0.13966	0.03568	0.05391	0.03314	0.00613	0.00426	0.00137	0.00368	0.00497	0.20403	0.00621
6	0.00686	0.00504	0.00624	0.00671	0.00779	0.00484	0.00526	0.03366	0.02763	0.01405	0.09352	0.25490	0.20377	0.01190	0.00569	0.00178	0.00312	0.25748	0.04555	0.00421
7	0.00948	0.00661	0.00794	0.00703	0.00876	0.04929	0.03908	0.03204	0.02978	0.12369	0.36904	0.09955	0.12622	0.00868	0.00510	0.00146	0.00314	0.00755	0.06060	0.00498
8	0.01012	0.00857	0.04775	0.07322	0.10281	0.00751	0.03309	0.04790	0.02457	0.08401	0.04296	0.17814	0.01375	0.00668	0.00481	0.00132	0.02397	0.01962	0.00335	0.26586
9	0.00666	0.00462	0.00574	0.00594	0.00699	0.00418	0.00434	0.00801	0.01053	0.05678	0.21641	0.32678	0.25330	0.01241	0.02685	0.00180	0.00282	0.03720	0.00448	0.00416
10	0.03319	0.19740	0.01388	0.08146	0.01362	0.03773	0.00759	0.08964	0.24864	0.01634	0.01111	0.01161	0.00872	0.00474	0.00391	0.00119	0.00437	0.00366	0.00324	0.20797
11	0.01143	0.24436	0.26712	0.03690	0.01571	0.05570	0.07117	0.06335	0.01063	0.05688	0.00954	0.05457	0.00797	0.00619	0.03948	0.00156	0.00604	0.00397	0.00254	0.03489

[dist]
# distance from previous block
# <min> <max>
0	10

[block]
# block no. 14 follows, 56 sequences, length 7
# corresponding to MSA columns:
# 609-615
name=unknown_O
#
# <colnr> <probs for GDERKNQSTAVLIFYWHMCP>
#	G	D	E	R	K	N	Q	S	T	A	V	L	I	F	Y	W	H	M	C	P
0	0.10230	0.11380	0.06038	0.10327	0.16712	0.14939	0.05994	0.13858	0.03503	0.01637	0.00851	0.01013	0.00669	0.00454	0.00417	0.00134	0.00584	0.00362	0.00271	0.00629
1	0.00768	0.00654	0.00803	0.05476	0.09399	0.02722	0.00615	0.01074	0.11252	0.01420	0.12415	0.17107	0.24811	0.03062	0.00567	0.00165	0.00337	0.04375	0.02498	0.00481
2	0.00808	0.00492	0.00640	0.00628	0.00749	0.00446	0.00467	0.00966	0.01135	0.12491	0.34689	0.28320	0.11391	0.01079	0.00548	0.00161	0.00265	0.03789	0.00478	0.00457
3	0.08406	0.00543	0.00634	0.00586	0.00748	0.00521	0.00450	0.01150	0.01080	0.15460	0.21292	0.10263	0.10408	0.00921	0.04316	0.00168	0.00313	0.00662	0.21592	0.00486
4	0.01064	0.00775	0.00879	0.00792	0.01001	0.00828	0.00617	0.08576	0.33672	0.08541	0.18995	0.09359	0.05899	0.00798	0.00498	0.00154	0.00330	0.03628	0.02987	0.00606
5	0.58608	0.00892	0.00816	0.00695	0.00996	0.00984	0.00570	0.05025	0.07819	0.18251	0.01005	0.01012	0.00718	0.00478	0.00344	0.00143	0.00370	0.00323	0.00366	0.00587
6	0.17770	0.00909	0.00999	0.00827	0.01089	0.00979	0.02751	0.32613	0.01449	0.07644	0.08286	0.10313	0.01352	0.00741	0.02916	0.00161	0.00422	0.00526	0.07648	0.00606

[dist]
# distance from previous block
# <min> <max>
0	2

[block]
# block no. 15 follows, 56 sequences, length 11
# corresponding to MSA columns:
# 618-628
name=unknown_P
#
# <colnr> <probs for GDERKNQSTAVLIFYWHMCP>
#	G	D	E	R	K	N	Q	S	T	A	V	L	I	F	Y	W	H	M	C	P
0	0.01342	0.62421	0.02120	0.00860	0.01235	0.06445	0.00805	0.14877	0.03681	0.01421	0.00761	0.00836	0.00648	0.00432	0.00335	0.00108	0.00509	0.00286	0.00253	0.00623
1	0.72908	0.08293	0.00876	0.00665	0.00955	0.07421	0.00553	0.01389	0.00835	0.01901	0.00645	0.00751	0.00513	0.00427	0.00295	0.00136	0.00404	0.00252	0.00273	0.00508
2	0.03462	0.00873	0.01138	0.07524	0.12597	0.04909	0.05232	0.10778	0.05956	0.07220	0.11156	0.10143	0.08161	0.00766	0.01431	0.00157	0.00445	0.04456	0.03025	0.00572
3	0.00590	0.00455	0.00542	0.00566	0.00674	0.00407	0.00420	0.00732	0.01074	0.01393	0.24074	0.23298	0.35755	0.01178	0.00560	0.00164	0.00251	0.07020	0.00447	0.00399
4	0.01006	0.00904	0.01439	0.56981	0.09839	0.01070	0.04227	0.10252	0.01073	0.01431	0.00875	0.01213	0.00666	0.00477	0.00494	0.00150	0.03512	0.00414	0.03413	0.00562
5	0.02620	0.00579	0.00759	0.00672	0.00852	0.00521	0.02899	0.01204	0.01087	0.25649	0.13990	0.17516	0.18178	0.10474	0.00727	0.00188	0.00328	0.00795	0.00455	0.00508
6	0.00782	0.00547	0.00674	0.00638	0.00768	0.00536	0.00479	0.02599	0.10021	0.05090	0.49172	0.11828	0.06037	0.03011	0.00571	0.00158	0.00262	0.02483	0.03868	0.00475
7	0.10181	0.09704	0.01489	0.09830	0.07543	0.14766	0.07454	0.09378	0.01072	0.01460	0.00804	0.01048	0.00671	0.00747	0.07259	0.00192	0.13690	0.00371	0.00252	0.02089
8	0.00657	0.00497	0.00591	0.00607	0.00717	0.00464	0.00449	0.05190	0.01099	0.01435	0.18841	0.28239	0.28307	0.03650	0.00612	0.00175	0.00277	0.07340	0.00439	0.00414
9	0.19809	0.05420	0.01010	0.03858	0.03269	0.00771	0.09612	0.01071	0.02467	0.03024	0.07566	0.24130	0.01728	0.11817	0.00709	0.00193	0.00401	0.00696	0.01987	0.00464
10	0.02873	0.00816	0.01024	0.07367	0.03021	0.00685	0.02255	0.03303	0.01007	0.04357	0.04024	0.04023	0.00916	0.00430	0.00379	0.00091	0.00375	0.00360	0.00295	0.62400

[dist]
# distance from previous block
# <min> <max>
11	32

[block]
# block no. 16 follows, 56 sequences, length 8
# corresponding to MSA columns:
# 662-669
name=unknown_Q
#
# <colnr> <probs for GDERKNQSTAVLIFYWHMCP>
#	G	D	E	R	K	N	Q	S	T	A	V	L	I	F	Y	W	H	M	C	P
0	0.04048	0.06816	0.30511	0.00907	0.01236	0.00824	0.00946	0.02851	0.00920	0.05406	0.01312	0.12862	0.01283	0.14504	0.07291	0.02261	0.00565	0.04651	0.00284	0.00520
1	0.32234	0.00899	0.00917	0.00713	0.01067	0.00873	0.00581	0.11362	0.01079	0.09333	0.00882	0.00954	0.00670	0.00419	0.00346	0.00111	0.00371	0.00299	0.00328	0.36562
2	0.00751	0.00498	0.00608	0.00564	0.00711	0.00442	0.00429	0.00931	0.01217	0.09337	0.48006	0.03575	0.29257	0.00977	0.00534	0.00148	0.00239	0.00840	0.00485	0.00452
3	0.02899	0.09872	0.46306	0.01113	0.01612	0.05401	0.04110	0.01452	0.04514	0.04875	0.10012	0.01382	0.03460	0.00524	0.00439	0.00140	0.00573	0.00420	0.00270	0.00626
4	0.09021	0.02517	0.09083	0.10130	0.09166	0.04877	0.08903	0.09155	0.09403	0.13965	0.01142	0.01300	0.00857	0.04071	0.00541	0.00157	0.02003	0.00425	0.02647	0.00638
