[name]
unknown

[dist]
# distance from previous block
# <min> <max>
0	59

[block]
# block no. 0 follows, 62 sequences, length 8
# corresponding to MSA columns:
# 91-98
name=unknown_A
#
# <colnr> <probs for GDERKNQSTAVLIFYWHMCP>
#	G	D	E	R	K	N	Q	S	T	A	V	L	I	F	Y	W	H	M	C	P
0	0.00961	0.00828	0.03062	0.09011	0.03507	0.06778	0.09615	0.07028	0.05138	0.08723	0.09817	0.17205	0.08874	0.00741	0.00471	0.00142	0.00418	0.04169	0.00350	0.03160
1	0.07703	0.00610	0.00808	0.00776	0.03809	0.02535	0.06324	0.01045	0.00943	0.12888	0.06935	0.22718	0.08736	0.04291	0.03029	0.00175	0.00368	0.09302	0.05077	0.01927
2	0.03242	0.00853	0.08561	0.05690	0.02652	0.00767	0.00701	0.16360	0.08583	0.11486	0.19437	0.11638	0.04164	0.00722	0.00491	0.02768	0.00365	0.00586	0.00391	0.00544
3	0.00826	0.00783	0.01300	0.73464	0.06636	0.00977	0.01168	0.01093	0.00841	0.01097	0.00743	0.01114	0.00572	0.00449	0.00503	0.00145	0.07242	0.00378	0.00190	0.00482
4	0.17432	0.01035	0.01078	0.04965	0.04291	0.12130	0.06164	0.19103	0.08155	0.04935	0.03813	0.01175	0.00865	0.02304	0.00440	0.00134	0.01950	0.00378	0.09096	0.00556
5	0.00684	0.00489	0.00612	0.00606	0.00670	0.00517	0.00428	0.07478	0.00809	0.01099	0.01524	0.15363	0.03718	0.34268	0.26502	0.00418	0.00608	0.03559	0.00293	0.00356
6	0.11816	0.00918	0.01034	0.00811	0.01115	0.00954	0.00664	0.36918	0.01487	0.30683	0.05433	0.01304	0.01008	0.03341	0.00469	0.00139	0.00399	0.00409	0.00439	0.00661
7	0.01183	0.00939	0.03713	0.03885	0.07650	0.03557	0.00752	0.12102	0.35668	0.12630	0.06923	0.06556	0.01342	0.00596	0.00439	0.00139	0.00387	0.00501	0.00403	0.00634

[dist]
# distance from previous block
# <min> <max>
8	20

[block]
# block no. 1 follows, 62 sequences, length 19
# corresponding to MSA columns:
# 119-137
name=unknown_B
#
# <colnr> <probs for GDERKNQSTAVLIFYWHMCP>
#	G	D	E	R	K	N	Q	S	T	A	V	L	I	F	Y	W	H	M	C	P
0	0.00685	0.00461	0.00631	0.00635	0.00729	0.00432	0.02821	0.00849	0.03435	0.07617	0.23821	0.45521	0.05646	0.01079	0.00519	0.00157	0.00264	0.03867	0.00421	0.00409
1	0.00875	0.03781	0.00832	0.00696	0.00807	0.03600	0.01679	0.13541	0.04900	0.01279	0.06115	0.02013	0.01334	0.37455	0.13455	0.00336	0.06078	0.00516	0.00292	0.00416
2	0.74664	0.00880	0.00726	0.00625	0.00900	0.01011	0.00515	0.13599	0.00922	0.02029	0.00659	0.00742	0.00502	0.00413	0.00288	0.00131	0.00351	0.00254	0.00288	0.00502
3	0.08484	0.00599	0.05588	0.00597	0.00745	0.00516	0.00481	0.00894	0.07473	0.01416	0.24306	0.24585	0.20850	0.00946	0.00480	0.00147	0.00265	0.00816	0.00393	0.00418
4	0.04162	0.11468	0.21874	0.00943	0.01337	0.06082	0.02159	0.15119	0.09290	0.18425	0.01067	0.01073	0.00762	0.00487	0.01223	0.00130	0.00492	0.00353	0.00328	0.03227
5	0.79093	0.00785	0.00624	0.00567	0.00814	0.00899	0.00460	0.01221	0.00744	0.03884	0.00756	0.07227	0.00658	0.00471	0.00289	0.00135	0.00324	0.00311	0.00280	0.00459
6	0.01095	0.01009	0.01220	0.36777	0.12376	0.14325	0.00982	0.01489	0.14558	0.07833	0.01004	0.01180	0.00756	0.00457	0.00416	0.00133	0.00525	0.00383	0.02928	0.00554
7	0.00600	0.00451	0.00650	0.00650	0.00727	0.00511	0.00498	0.00739	0.00703	0.00991	0.01408	0.01935	0.07640	0.08029	0.71708	0.00624	0.01021	0.00502	0.00243	0.00371
8	0.01841	0.00750	0.00995	0.00767	0.01089	0.00671	0.00632	0.08145	0.01278	0.73672	0.04425	0.01475	0.01131	0.00537	0.00430	0.00131	0.00365	0.00436	0.00517	0.00713
9	0.05572	0.01114	0.01140	0.00950	0.01206	0.10143	0.03184	0.27804	0.29517	0.03841	0.02345	0.01219	0.00935	0.00541	0.00499	0.00137	0.07492	0.00407	0.01317	0.00634
10	0.01690	0.00730	0.00956	0.00758	0.01044	0.00671	0.00613	0.11369	0.01239	0.61448	0.01596	0.08109	0.01136	0.00648	0.00512	0.05488	0.00366	0.00482	0.00483	0.00661
11	0.00813	0.00463	0.00604	0.00623	0.00719	0.00429	0.00443	0.00944	0.03704	0.17012	0.03612	0.58825	0.04907	0.04042	0.00571	0.00171	0.00276	0.00994	0.00418	0.00429
12	0.00615	0.00441	0.00643	0.00648	0.00708	0.00498	0.00485	0.00721	0.00674	0.00957	0.01186	0.05832	0.01170	0.10907	0.64819	0.07646	0.00963	0.00502	0.00236	0.00351
13	0.02768	0.00922	0.01140	0.04998	0.01267	0.00989	0.08219	0.38681	0.09151	0.01984	0.05251	0.09629	0.09436	0.00669	0.00458	0.00140	0.00420	0.02900	0.00387	0.00590
14	0.01702	0.00705	0.00940	0.00738	0.01034	0.00629	0.00603	0.03933	0.04086	0.67261	0.12111	0.01667	0.01438	0.00573	0.00438	0.00132	0.00343	0.00473	0.00513	0.00680
15	0.05022	0.00767	0.00994	0.00769	0.01094	0.00700	0.00634	0.07607	0.03827	0.71499	0.01594	0.01395	0.01016	0.00522	0.00422	0.00132	0.00368	0.00419	0.00507	0.00713
16	0.01105	0.01688	0.00842	0.00725	0.00918	0.00687	0.00576	0.15021	0.06426	0.19849	0.20931	0.14545	0.04675	0.00804	0.00500	0.00145	0.02313	0.07267	0.00442	0.00540
17	0.01131	0.00995	0.01680	0.04655	0.66842	0.00994	0.05243	0.04282	0.01024	0.07729	0.00878	0.01090	0.00701	0.00396	0.00426	0.00128	0.00505	0.00389	0.00243	0.00669
18	0.01186	0.03166	0.14244	0.01396	0.16224	0.02040	0.16684	0.08549	0.06349	0.16138	0.01177	0.04088	0.00934	0.00510	0.00447	0.00138	0.00513	0.05274	0.00314	0.00627

[dist]
# distance from previous block
# <min> <max>
0	2

[block]
# block no. 2 follows, 62 sequences, length 17
# corresponding to MSA columns:
# 140-156
name=unknown_C
#
# <colnr> <probs for GDERKNQSTAVLIFYWHMCP>
#	G	D	E	R	K	N	Q	S	T	A	V	L	I	F	Y	W	H	M	C	P
0	0.01315	0.05142	0.01555	0.03456	0.32900	0.23636	0.06585	0.15766	0.01220	0.03233	0.00814	0.00969	0.00646	0.00421	0.00411	0.00122	0.00581	0.00354	0.00257	0.00617
1	0.01313	0.04569	0.04841	0.01284	0.17682	0.04011	0.06690	0.20565	0.10745	0.15470	0.05925	0.01285	0.01011	0.00491	0.00425	0.00129	0.00457	0.00420	0.02036	0.00652
2	0.00542	0.00399	0.00534	0.00642	0.02804	0.00372	0.00427	0.00633	0.00850	0.01131	0.05610	0.71134	0.07514	0.01267	0.00538	0.00169	0.00256	0.04424	0.00393	0.00359
3	0.01134	0.42481	0.30365	0.00931	0.01376	0.05965	0.01026	0.04467	0.00963	0.06668	0.00745	0.00828	0.00585	0.00399	0.00342	0.00112	0.00528	0.00280	0.00216	0.00591
4	0.01270	0.01027	0.04588	0.01431	0.20877	0.05544	0.15903	0.06224	0.05307	0.21159	0.04468	0.01289	0.02055	0.00459	0.00433	0.00127	0.00490	0.00426	0.00328	0.06597
5	0.00744	0.00537	0.00646	0.00600	0.00740	0.00529	0.00455	0.01113	0.16110	0.06059	0.50622	0.06383	0.12112	0.00840	0.00487	0.00138	0.00238	0.00731	0.00454	0.00463
6	0.01135	0.05181	0.41373	0.01052	0.01500	0.00954	0.04952	0.07760	0.03228	0.17621	0.01016	0.01131	0.00736	0.03178	0.03969	0.00166	0.03775	0.00370	0.00282	0.00622
7	0.01131	0.05165	0.01599	0.10390	0.45443	0.03316	0.05459	0.10475	0.07880	0.03657	0.00912	0.01092	0.00720	0.00419	0.00419	0.00128	0.00506	0.00386	0.00259	0.00644
8	0.03496	0.30611	0.31528	0.00937	0.01388	0.01220	0.01027	0.11273	0.01062	0.12471	0.00856	0.00908	0.00632	0.00420	0.00361	0.00118	0.00505	0.00306	0.00260	0.00620
9	0.00528	0.00386	0.00498	0.00575	0.00621	0.00356	0.00396	0.00620	0.00868	0.01149	0.09042	0.66767	0.11847	0.01262	0.00537	0.00167	0.00244	0.03382	0.00401	0.00353
10	0.05108	0.04352	0.11503	0.01165	0.12189	0.08796	0.07727	0.12884	0.04707	0.02475	0.04389	0.12119	0.04284	0.02201	0.02563	0.00155	0.00495	0.02039	0.00300	0.00550
11	0.02833	0.10645	0.04166	0.07456	0.13837	0.04547	0.11833	0.09571	0.10010	0.17779	0.01098	0.02555	0.00820	0.00463	0.00416	0.00129	0.00490	0.00405	0.00319	0.00627
12	0.00563	0.00410	0.00508	0.00549	0.00611	0.00382	0.00386	0.00663	0.00890	0.01175	0.16074	0.35019	0.16826	0.15731	0.00815	0.00205	0.00276	0.08188	0.00383	0.00347
13	0.10813	0.04724	0.15971	0.03896	0.09737	0.00950	0.14373	0.09051	0.02155	0.06066	0.08767	0.03432	0.03384	0.00527	0.00470	0.01693	0.02701	0.00443	0.00285	0.00563
14	0.09200	0.05872	0.15758	0.09154	0.03505	0.09869	0.10801	0.10446	0.06191	0.12376	0.02237	0.01078	0.00745	0.00447	0.00405	0.00130	0.00530	0.00369	0.00292	0.00596
15	0.00910	0.00630	0.00787	0.00781	0.04341	0.02017	0.01988	0.06272	0.11509	0.11992	0.13603	0.29051	0.08156	0.00910	0.00491	0.00151	0.00315	0.05189	0.00415	0.00494
16	0.00622	0.00467	0.00558	0.00578	0.00666	0.00453	0.00419	0.04536	0.03526	0.01230	0.09441	0.29952	0.22313	0.11820	0.05081	0.00218	0.00328	0.07037	0.00378	0.00377

[dist]
# distance from previous block
# <min> <max>
0	3

[block]
# block no. 3 follows, 62 sequences, length 29
# corresponding to MSA columns:
# 160-188
name=unknown_D
#
# <colnr> <probs for GDERKNQSTAVLIFYWHMCP>
#	G	D	E	R	K	N	Q	S	T	A	V	L	I	F	Y	W	H	M	C	P
0	0.04692	0.06064	0.06852	0.06057	0.38634	0.02561	0.05542	0.09339	0.09568	0.05198	0.00935	0.01082	0.00727	0.00423	0.00411	0.00129	0.00495	0.00378	0.00267	0.00643
1	0.04271	0.47594	0.05983	0.00849	0.01189	0.10245	0.00791	0.16228	0.02905	0.02828	0.00731	0.00807	0.00602	0.00421	0.00359	0.00108	0.02983	0.00280	0.00246	0.00578
2	0.01043	0.04065	0.04262	0.02217	0.09415	0.00748	0.03356	0.05676	0.05166	0.10567	0.08256	0.01282	0.02661	0.00443	0.00381	0.00101	0.00372	0.00375	0.00312	0.39301
3	0.02802	0.02924	0.05760	0.10094	0.49414	0.03812	0.04484	0.01298	0.02264	0.04823	0.01028	0.03538	0.03679	0.00460	0.00426	0.00131	0.00503	0.01711	0.00240	0.00611
4	0.00554	0.00395	0.00495	0.00550	0.00588	0.00372	0.00367	0.00629	0.00823	0.01095	0.09945	0.48726	0.08868	0.21006	0.00920	0.00224	0.00284	0.03456	0.00370	0.00333
5	0.03527	0.01049	0.06498	0.11411	0.11166	0.05189	0.07188	0.17176	0.05050	0.20014	0.05293	0.01254	0.00935	0.00488	0.00444	0.00133	0.01801	0.00412	0.00345	0.00627
6	0.05333	0.11606	0.24016	0.05210	0.01546	0.04490	0.11680	0.08516	0.07170	0.10220	0.00980	0.03533	0.00750	0.00468	0.00431	0.00132	0.02660	0.00386	0.00276	0.00599
7	0.00695	0.00491	0.00544	0.00533	0.00593	0.02547	0.00350	0.03327	0.00810	0.04072	0.06789	0.12881	0.12489	0.46967	0.04847	0.00314	0.00392	0.00708	0.00319	0.00334
8	0.00631	0.00454	0.00547	0.00559	0.00665	0.00424	0.00417	0.00820	0.05036	0.03752	0.23182	0.22464	0.25224	0.03005	0.00546	0.00157	0.00250	0.08014	0.03460	0.00395
9	0.04274	0.02093	0.03728	0.09281	0.16370	0.04243	0.03977	0.09321	0.12611	0.05437	0.03729	0.13040	0.02577	0.00646	0.00467	0.00143	0.02135	0.05043	0.00324	0.00560
10	0.01454	0.28347	0.01503	0.00927	0.01212	0.39968	0.00765	0.06597	0.04989	0.09321	0.00813	0.00863	0.00645	0.00435	0.00358	0.00109	0.00588	0.00291	0.00261	0.00556
11	0.00842	0.00714	0.00839	0.00626	0.00965	0.00543	0.00492	0.01019	0.00875	0.01353	0.00932	0.10133	0.00871	0.00427	0.00340	0.00075	0.00308	0.00358	0.00268	0.78020
12	0.03140	0.00841	0.00932	0.00807	0.01014	0.00944	0.00631	0.18205	0.33629	0.06223	0.03260	0.04720	0.06630	0.08174	0.03140	0.00183	0.06035	0.00516	0.00391	0.00584
13	0.00615	0.00453	0.00571	0.02973	0.00735	0.00432	0.00445	0.00801	0.05292	0.03206	0.20597	0.36995	0.17878	0.01084	0.00517	0.00157	0.00257	0.06185	0.00411	0.00394
14	0.03196	0.02841	0.01382	0.02745	0.22443	0.11703	0.06150	0.17949	0.08248	0.04185	0.00919	0.01035	0.00715	0.00435	0.00426	0.00120	0.02466	0.00361	0.00291	0.12391
15	0.04264	0.04454	0.01329	0.29040	0.17425	0.00910	0.05042	0.04905	0.02335	0.16160	0.03198	0.03316	0.00848	0.00464	0.00417	0.00131	0.00474	0.00410	0.00289	0.04589
16	0.06894	0.10778	0.06092	0.02287	0.12303	0.06028	0.06354	0.17293	0.05334	0.13693	0.03358	0.02811	0.00885	0.01902	0.02028	0.00142	0.00486	0.00397	0.00323	0.00613
17	0.00916	0.25925	0.06529	0.00755	0.03133	0.02635	0.00648	0.02791	0.11090	0.03690	0.20992	0.04788	0.07893	0.04577	0.00491	0.00138	0.00367	0.01804	0.00330	0.00506
18	0.00967	0.00916	0.01553	0.24949	0.56617	0.00968	0.01242	0.01225	0.00937	0.01301	0.00858	0.01254	0.00729	0.00430	0.00430	0.00134	0.00517	0.04154	0.00213	0.00605
19	0.00983	0.00802	0.01190	0.06936	0.10914	0.02872	0.13101	0.11024	0.03602	0.07645	0.21377	0.07981	0.07378	0.00663	0.00471	0.00138	0.00413	0.01616	0.00359	0.00533
20	0.04790	0.07773	0.08068	0.03848	0.26238	0.05823	0.06501	0.08636	0.03962	0.16536	0.01072	0.01155	0.02802	0.00448	0.00409	0.00127	0.00493	0.00384	0.00299	0.00634
21	0.14529	0.00665	0.00763	0.00645	0.00881	0.00646	0.00515	0.05238	0.06336	0.31243	0.15540	0.03790	0.16105	0.00682	0.00431	0.00136	0.00305	0.00557	0.00439	0.00553
22	0.00581	0.00414	0.00522	0.00558	0.00634	0.00379	0.00400	0.00700	0.00957	0.03036	0.23538	0.39494	0.17639	0.03995	0.00580	0.00166	0.00245	0.05380	0.00412	0.00371
23	0.05189	0.05791	0.08968	0.08630	0.15133	0.10036	0.07656	0.09122	0.09788	0.07415	0.04789	0.02806	0.01847	0.00484	0.00416	0.00130	0.00503	0.00411	0.00293	0.00593
24	0.04037	0.24995	0.23984	0.01084	0.05045	0.04221	0.07375	0.12355	0.02872	0.07612	0.00838	0.00928	0.00635	0.00422	0.00392	0.00122	0.01889	0.00326	0.00255	0.00611
25	0.00730	0.00458	0.00575	0.00566	0.00683	0.00413	0.00423	0.00866	0.01019	0.11576	0.25863	0.22438	0.21948	0.04397	0.00575	0.00161	0.00257	0.06213	0.00427	0.00412
26	0.03966	0.00661	0.01806	0.00797	0.02098	0.00644	0.07667	0.08590	0.04921	0.12438	0.08674	0.18913	0.02786	0.05678	0.02409	0.00174	0.00377	0.09246	0.07666	0.00490
27	0.07879	0.09025	0.05282	0.04289	0.23929	0.04172	0.03645	0.10216	0.11238	0.12437	0.01035	0.02103	0.00790	0.00453	0.00399	0.00127	0.00462	0.00379	0.00307	0.01834
28	0.03066	0.05287	0.08283	0.04847	0.35985	0.02121	0.08874	0.09409	0.05514	0.05210	0.01974	0.03348	0.00798	0.00448	0.00434	0.00130	0.01664	0.00407	0.00265	0.01935

[dist]
# distance from previous block
# <min> <max>
1	11

[block]
# block no. 4 follows, 62 sequences, length 64
# corresponding to MSA columns:
# 200-263
name=unknown_E
#
# <colnr> <probs for GDERKNQSTAVLIFYWHMCP>
#	G	D	E	R	K	N	Q	S	T	A	V	L	I	F	Y	W	H	M	C	P
0	0.08265	0.08223	0.02740	0.00967	0.03614	0.08189	0.02204	0.35547	0.14602	0.05890	0.01046	0.01066	0.00778	0.00493	0.00426	0.00128	0.03001	0.00368	0.01812	0.00641
1	0.04968	0.18176	0.17243	0.00969	0.06869	0.06409	0.02290	0.04469	0.02199	0.05646	0.04320	0.00991	0.00769	0.00406	0.00357	0.00105	0.00459	0.00313	0.00252	0.22789
2	0.00774	0.00646	0.05809	0.00659	0.00826	0.00563	0.00531	0.01116	0.15560	0.07661	0.15803	0.22728	0.14709	0.04611	0.02760	0.00173	0.00318	0.01812	0.00397	0.02543
3	0.00951	0.00788	0.00855	0.00769	0.00975	0.00875	0.00594	0.06504	0.52705	0.01741	0.16558	0.04446	0.06200	0.02464	0.00488	0.00147	0.00312	0.00572	0.00430	0.01626
4	0.08892	0.00861	0.02444	0.06816	0.29641	0.02270	0.03720	0.04409	0.07404	0.06461	0.10408	0.05441	0.07300	0.00570	0.00443	0.00135	0.01407	0.00500	0.00310	0.00567
5	0.01505	0.01886	0.01228	0.08370	0.03916	0.73659	0.00868	0.01634	0.01168	0.01056	0.00671	0.00808	0.00554	0.00436	0.00388	0.00113	0.00742	0.00286	0.00216	0.00497
6	0.00566	0.00392	0.00482	0.00531	0.00548	0.00378	0.00332	0.00611	0.00741	0.00988	0.04343	0.44165	0.03457	0.39027	0.01272	0.00279	0.00320	0.00925	0.00335	0.00308
7	0.00555	0.00394	0.00503	0.00567	0.00603	0.00373	0.00383	0.00634	0.00826	0.01101	0.09004	0.53181	0.06119	0.17862	0.00862	0.00217	0.00283	0.05822	0.00374	0.00336
8	0.11181	0.10700	0.11298	0.02241	0.05052	0.08318	0.02237	0.05683	0.07315	0.16379	0.13000	0.01407	0.01243	0.00521	0.00399	0.00128	0.00435	0.01549	0.00337	0.00576
9	0.00766	0.00512	0.00631	0.00623	0.00742	0.00499	0.00457	0.01058	0.13244	0.09840	0.23726	0.35067	0.09177	0.00990	0.00500	0.00151	0.00258	0.00875	0.00434	0.00451
10	0.00529	0.00378	0.00505	0.00599	0.00629	0.00354	0.00408	0.00613	0.00837	0.01118	0.05387	0.78160	0.02844	0.01309	0.00543	0.00172	0.00251	0.04616	0.00398	0.00350
11	0.04949	0.00794	0.01016	0.00781	0.01110	0.00736	0.00645	0.13229	0.01311	0.68456	0.01547	0.01361	0.00985	0.00520	0.00422	0.00131	0.00376	0.00414	0.00503	0.00715
12	0.00909	0.16924	0.65836	0.01146	0.01721	0.01115	0.04076	0.01335	0.00896	0.01287	0.00736	0.00868	0.00544	0.00396	0.00384	0.00127	0.00601	0.00305	0.00181	0.00612
13	0.01513	0.01961	0.04758	0.01083	0.01315	0.75431	0.00842	0.01659	0.02472	0.01065	0.00697	0.00819	0.00578	0.00538	0.03364	0.00132	0.00768	0.00286	0.00221	0.00498
14	0.49560	0.01267	0.00890	0.04390	0.01112	0.30448	0.00637	0.04882	0.00958	0.01597	0.00642	0.00752	0.00508	0.00417	0.00320	0.00124	0.00502	0.00259	0.00251	0.00484
15	0.00845	0.00781	0.01287	0.78446	0.04755	0.00963	0.01168	0.04591	0.00904	0.01164	0.00769	0.01128	0.00577	0.00428	0.00425	0.00141	0.00561	0.00378	0.00200	0.00488
16	0.00523	0.00373	0.00494	0.00587	0.00612	0.00349	0.00390	0.00597	0.00814	0.01087	0.03642	0.80417	0.02788	0.04377	0.00602	0.00181	0.00252	0.01181	0.00391	0.00343
17	0.25859	0.04476	0.01199	0.05278	0.20112	0.08485	0.00825	0.19870	0.02821	0.01775	0.00795	0.00926	0.00623	0.00483	0.02125	0.00136	0.00476	0.00322	0.00280	0.03132
18	0.01024	0.01003	0.05384	0.03745	0.14536	0.11440	0.05943	0.08567	0.02643	0.04928	0.05071	0.14299	0.03737	0.01856	0.04788	0.00171	0.07182	0.00545	0.02613	0.00525
19	0.00698	0.00498	0.00597	0.00610	0.00718	0.00487	0.00446	0.00968	0.12814	0.05920	0.12130	0.35055	0.17010	0.05030	0.00587	0.00169	0.00271	0.05158	0.00410	0.00423
20	0.03637	0.17681	0.19454	0.02274	0.05202	0.06643	0.03929	0.11795	0.02526	0.02959	0.04389	0.01087	0.00807	0.00440	0.00377	0.00114	0.00489	0.02144	0.00260	0.13791
21	0.22489	0.09177	0.08091	0.03190	0.12472	0.03381	0.07796	0.10753	0.04419	0.10567	0.03224	0.01041	0.00759	0.00439	0.00377	0.00128	0.00459	0.00352	0.00295	0.00590
22	0.00569	0.00432	0.00523	0.00503	0.00616	0.00387	0.00376	0.00737	0.01122	0.01516	0.55740	0.05040	0.28996	0.00945	0.00503	0.00138	0.00206	0.00819	0.00444	0.00387
23	0.00834	0.00507	0.00593	0.00551	0.00702	0.00466	0.00413	0.01036	0.06693	0.15691	0.13553	0.11966	0.31456	0.07077	0.00597	0.00160	0.00265	0.00748	0.06244	0.00445
24	0.04128	0.12537	0.15978	0.01211	0.12613	0.13909	0.02631	0.15813	0.02348	0.06136	0.00899	0.04607	0.00734	0.00484	0.00438	0.00127	0.04164	0.00370	0.00272	0.00600
25	0.04024	0.06344	0.01249	0.08953	0.19306	0.00914	0.00839	0.10961	0.04959	0.29325	0.01253	0.03863	0.01983	0.00505	0.00426	0.00130	0.01546	0.00420	0.02360	0.00640
26	0.00619	0.00420	0.00506	0.00506	0.00520	0.00434	0.00310	0.00644	0.00630	0.00854	0.01294	0.02556	0.01445	0.68654	0.17074	0.01876	0.00545	0.00585	0.00251	0.00279
27	0.18732	0.02363	0.07352	0.04614	0.06659	0.02494	0.07284	0.17046	0.02560	0.13941	0.04302	0.04355	0.00953	0.01654	0.00446	0.00139	0.01893	0.02297	0.00334	0.00584
28	0.03000	0.06863	0.17420	0.08448	0.10997	0.03721	0.09895	0.08835	0.10919	0.02471	0.04758	0.06496	0.03269	0.00527	0.00428	0.00135	0.00496	0.00460	0.00282	0.00580
29	0.00533	0.00404	0.00496	0.00554	0.00628	0.00366	0.00398	0.00637	0.00903	0.01163	0.08246	0.47163	0.27787	0.01209	0.00532	0.00163	0.00246	0.07813	0.00400	0.00358
30	0.00772	0.00618	0.00731	0.00777	0.00905	0.04482	0.00657	0.02418	0.10403	0.01357	0.05815	0.04052	0.07430	0.01040	0.00548	0.00178	0.00384	0.56607	0.00393	0.00433
31	0.08189	0.04948	0.03572	0.05070	0.01231	0.02933	0.00743	0.30500	0.02578	0.21047	0.01296	0.05166	0.01044	0.00599	0.00428	0.00137	0.00429	0.09074	0.00396	0.00620
32	0.01802	0.00794	0.03132	0.00807	0.02623	0.02541	0.00662	0.01999	0.02909	0.73085	0.03967	0.01464	0.01113	0.00530	0.00428	0.00131	0.00376	0.00432	0.00501	0.00705
33	0.02317	0.00903	0.03427	0.02500	0.01196	0.02320	0.07723	0.02309	0.01889	0.09382	0.00899	0.01204	0.02576	0.02820	0.10098	0.00230	0.47056	0.00412	0.00243	0.00496
34	0.00894	0.00871	0.01370	0.62580	0.19950	0.04862	0.01191	0.01163	0.00893	0.01150	0.00761	0.01100	0.00589	0.00416	0.00423	0.00137	0.00563	0.00373	0.00195	0.00517
35	0.82526	0.00855	0.00685	0.00660	0.04405	0.02592	0.00505	0.01262	0.00744	0.01869	0.00603	0.00709	0.00472	0.00395	0.00273	0.00131	0.00346	0.00238	0.00260	0.00471
36	0.00875	0.04026	0.72224	0.01150	0.01725	0.00981	0.01445	0.04759	0.00954	0.01403	0.03749	0.03212	0.00733	0.00449	0.00409	0.00134	0.00592	0.00356	0.00207	0.00615
37	0.00603	0.00447	0.00565	0.00555	0.00653	0.00420	0.00412	0.00820	0.04608	0.01559	0.58265	0.15631	0.10288	0.00952	0.00507	0.00142	0.00219	0.02506	0.00448	0.00401
38	0.00884	0.03720	0.16105	0.05015	0.11623	0.02092	0.08756	0.03052	0.08655	0.01406	0.12148	0.05999	0.04504	0.02017	0.00506	0.00137	0.04119	0.00493	0.00286	0.08485
39	0.03269	0.00479	0.00567	0.00528	0.00670	0.00453	0.00405	0.01129	0.00993	0.18049	0.13337	0.12814	0.03465	0.00689	0.00395	0.00124	0.00246	0.02117	0.39813	0.00458
40	0.00899	0.01035	0.16457	0.00907	0.04228	0.01983	0.02159	0.06742	0.27887	0.01650	0.22082	0.03927	0.06932	0.00651	0.00452	0.00138	0.00376	0.00554	0.00375	0.00567
41	0.00586	0.00434	0.00546	0.00518	0.00626	0.00395	0.00389	0.00771	0.01166	0.01615	0.69393	0.03329	0.16846	0.00904	0.00502	0.00135	0.00203	0.00791	0.00456	0.00395
42	0.00961	0.00822	0.00907	0.04131	0.02169	0.00932	0.00649	0.01928	0.62735	0.01708	0.12593	0.01895	0.05457	0.00632	0.00445	0.00143	0.00324	0.00534	0.00423	0.00614
43	0.01339	0.01037	0.01108	0.00915	0.01204	0.01168	0.00735	0.38637	0.42720	0.04311	0.01402	0.01322	0.01027	0.00545	0.00429	0.00136	0.00398	0.00434	0.00432	0.00698
44	0.01730	0.00694	0.00937	0.00731	0.01030	0.00608	0.00599	0.03320	0.01230	0.70453	0.12400	0.01671	0.01442	0.00572	0.00438	0.00132	0.00342	0.00473	0.00517	0.00681
45	0.00973	0.01033	0.07848	0.01644	0.29117	0.00931	0.20206	0.07862	0.06371	0.01500	0.06262	0.01625	0.11642	0.00522	0.00456	0.00135	0.00495	0.00503	0.00282	0.00593
46	0.01047	0.00928	0.09261	0.02113	0.03674	0.00668	0.05437	0.01276	0.00944	0.13738	0.00905	0.00995	0.00687	0.00362	0.00357	0.00089	0.00387	0.00306	0.00282	0.56543
47	0.00518	0.00372	0.00492	0.00589	0.00616	0.00346	0.00393	0.00593	0.00818	0.01088	0.02388	0.83024	0.04532	0.01328	0.00542	0.00172	0.00246	0.01203	0.00395	0.00346
48	0.01097	0.53712	0.09187	0.00786	0.01163	0.03872	0.00772	0.03985	0.06531	0.01202	0.00728	0.00809	0.00617	0.00382	0.00311	0.00096	0.00451	0.00263	0.00219	0.13814
49	0.01362	0.10041	0.11960	0.02594	0.08290	0.07988	0.01824	0.13396	0.02477	0.22829	0.01034	0.01057	0.00741	0.00439	0.00390	0.00116	0.00471	0.00345	0.00328	0.12319
50	0.01348	0.06469	0.08117	0.06883	0.20034	0.00929	0.00917	0.13369	0.02368	0.26504	0.02337	0.01185	0.00833	0.00505	0.00466	0.03921	0.00450	0.00384	0.00341	0.02640
51	0.01015	0.03408	0.17268	0.01100	0.01433	0.04264	0.17101	0.08784	0.18944	0.03130	0.03321	0.05759	0.05418	0.00577	0.00495	0.00142	0.04446	0.02504	0.00310	0.00582
52	0.00731	0.00846	0.14357	0.06683	0.05767	0.00649	0.06510	0.04363	0.02035	0.01291	0.07107	0.36429	0.02659	0.03131	0.00538	0.00162	0.00401	0.05554	0.00325	0.00461
53	0.01351	0.01126	0.01453	0.01715	0.37797	0.09929	0.03243	0.20203	0.05456	0.12014	0.00999	0.01095	0.00752	0.00445	0.00422	0.00127	0.00504	0.00384	0.00314	0.00670
54	0.00966	0.05373	0.29246	0.21805	0.08325	0.04447	0.05316	0.03875	0.02383	0.05400	0.04462	0.04748	0.00859	0.00478	0.00421	0.00135	0.00547	0.00409	0.00240	0.00567
55	0.00531	0.00384	0.00493	0.00565	0.00605	0.00356	0.00380	0.00615	0.00850	0.01130	0.09677	0.65096	0.09541	0.06855	0.00644	0.00183	0.00251	0.01104	0.00392	0.00346
56	0.00970	0.02873	0.30450	0.07671	0.23175	0.01022	0.11461	0.04166	0.09623	0.01435	0.02511	0.01108	0.00747	0.00424	0.00426	0.00134	0.00555	0.00388	0.00235	0.00624
57	0.06100	0.07575	0.20348	0.01201	0.12440	0.03379	0.04448	0.10498	0.18341	0.07847	0.02999	0.01157	0.00864	0.00466	0.00405	0.00131	0.00478	0.00382	0.00307	0.00635
58	0.01500	0.00822	0.01064	0.04444	0.01211	0.00820	0.04176	0.14055	0.15411	0.41275	0.07914	0.01563	0.02639	0.00558	0.00439	0.00135	0.00383	0.00467	0.00460	0.00666
59	0.00584	0.00397	0.00514	0.00578	0.00635	0.00364	0.00398	0.00676	0.00879	0.04714	0.08695	0.66113	0.11396	0.01234	0.00531	0.00165	0.00245	0.01108	0.00406	0.00368
60	0.03039	0.03789	0.01758	0.01705	0.26684	0.10880	0.23908	0.12931	0.02373	0.05941	0.00879	0.01050	0.00678	0.00417	0.00451	0.00130	0.02101	0.00399	0.00264	0.00621
61	0.16713	0.06703	0.08877	0.06237	0.24503	0.01014	0.03566	0.11021	0.01068	0.13783	0.00925	0.01067	0.00696	0.00435	0.00388	0.00129	0.00465	0.01500	0.00290	0.00618
62	0.00895	0.00655	0.00736	0.04245	0.00847	0.00691	0.00478	0.23211	0.02480	0.01444	0.03375	0.07003	0.10561	0.40093	0.01255	0.00266	0.00397	0.00608	0.00333	0.00425
63	0.02248	0.00667	0.04715	0.00835	0.05842	0.00598	0.05269	0.06777	0.02711	0.02679	0.11301	0.29079	0.12999	0.04572	0.00578	0.00162	0.01511	0.04751	0.00362	0.02342

[dist]
# distance from previous block
# <min> <max>
0	4

[block]
# block no. 5 follows, 62 sequences, length 27
# corresponding to MSA columns:
# 268-294
name=unknown_F
#
# <colnr> <probs for GDERKNQSTAVLIFYWHMCP>
#	G	D	E	R	K	N	Q	S	T	A	V	L	I	F	Y	W	H	M	C	P
0	0.28234	0.04666	0.02210	0.01281	0.23213	0.02214	0.05282	0.06606	0.00999	0.14459	0.00948	0.01157	0.00743	0.00452	0.00377	0.00130	0.00432	0.04064	0.00299	0.02236
1	0.03017	0.03610	0.04378	0.01538	0.26076	0.04989	0.15716	0.08029	0.01056	0.06800	0.00856	0.01018	0.00668	0.00392	0.00419	0.00116	0.01755	0.00363	0.00258	0.18947
2	0.61066	0.05000	0.00845	0.00686	0.00954	0.12967	0.00558	0.06288	0.03616	0.03733	0.00693	0.00771	0.00536	0.00416	0.00301	0.00127	0.00408	0.00259	0.00275	0.00499
3	0.01046	0.01302	0.23091	0.01800	0.32347	0.00959	0.19154	0.01367	0.00965	0.08571	0.00906	0.01146	0.00705	0.04149	0.00513	0.00146	0.00569	0.00405	0.00234	0.00626
4	0.01072	0.00952	0.01268	0.06716	0.31641	0.03155	0.00932	0.11209	0.26023	0.01662	0.08208	0.01456	0.02779	0.00517	0.00433	0.00134	0.00427	0.00452	0.00330	0.00633
5	0.00530	0.00391	0.00496	0.00556	0.00613	0.00357	0.00384	0.00631	0.00906	0.01201	0.16163	0.57696	0.16088	0.01213	0.00530	0.00161	0.00234	0.01084	0.00407	0.00357
6	0.00950	0.04889	0.02686	0.03710	0.39495	0.02135	0.10368	0.02668	0.05658	0.01361	0.04783	0.11232	0.04018	0.00571	0.00469	0.00137	0.02382	0.01643	0.00268	0.00578
7	0.00551	0.00410	0.00517	0.00559	0.00635	0.00375	0.00405	0.00677	0.00966	0.01283	0.24578	0.39907	0.19078	0.01143	0.00527	0.00158	0.00239	0.07210	0.00415	0.00367
8	0.00983	0.02593	0.28667	0.01118	0.08134	0.04453	0.04140	0.06927	0.19462	0.03039	0.11012	0.01514	0.05016	0.00538	0.00432	0.00135	0.00472	0.00451	0.00311	0.00602
9	0.01181	0.01220	0.06164	0.01079	0.01367	0.18459	0.15659	0.08145	0.22871	0.06082	0.03484	0.03680	0.02683	0.00602	0.02051	0.00147	0.00538	0.03677	0.00330	0.00581
10	0.00998	0.00989	0.04844	0.10663	0.56343	0.00955	0.06178	0.01285	0.03082	0.02942	0.04053	0.03985	0.00881	0.00443	0.00434	0.00132	0.00502	0.00431	0.00236	0.00625
11	0.00671	0.00515	0.00609	0.00564	0.00699	0.00497	0.00429	0.04695	0.08750	0.01636	0.53485	0.03130	0.20958	0.00871	0.00492	0.00137	0.00229	0.00753	0.00447	0.00433
12	0.01234	0.57161	0.01939	0.01009	0.09547	0.20665	0.00810	0.01377	0.00955	0.01051	0.00629	0.00741	0.00560	0.00383	0.00314	0.00099	0.00533	0.00254	0.00194	0.00547
13	0.00934	0.00752	0.00924	0.08270	0.01185	0.00616	0.00578	0.02372	0.00909	0.05826	0.00823	0.00964	0.00663	0.00431	0.02977	0.00095	0.00369	0.00282	0.00263	0.70766
14	0.01419	0.14841	0.10403	0.01067	0.07579	0.02728	0.00896	0.41235	0.04445	0.09819	0.00989	0.01013	0.00720	0.00468	0.00398	0.00123	0.00477	0.00356	0.00349	0.00675
15	0.00512	0.00418	0.00452	0.00471	0.00587	0.00359	0.00343	0.00618	0.00950	0.01167	0.08264	0.21085	0.61058	0.01120	0.00511	0.00149	0.00221	0.00957	0.00399	0.00359
16	0.00580	0.00465	0.00636	0.03206	0.03629	0.00436	0.03132	0.00708	0.00911	0.01180	0.07915	0.38112	0.26138	0.01159	0.02294	0.00171	0.00302	0.08266	0.00377	0.00381
17	0.88052	0.00823	0.00625	0.00560	0.00823	0.00955	0.00461	0.01251	0.00724	0.01909	0.00592	0.00691	0.00461	0.00395	0.00263	0.00132	0.00329	0.00230	0.00263	0.00461
18	0.88052	0.00823	0.00625	0.00560	0.00823	0.00955	0.00461	0.01251	0.00724	0.01909	0.00592	0.00691	0.00461	0.00395	0.00263	0.00132	0.00329	0.00230	0.00263	0.00461
19	0.00590	0.00420	0.00560	0.00643	0.00697	0.00405	0.00484	0.00706	0.00873	0.01152	0.05058	0.43999	0.04527	0.08909	0.00705	0.00201	0.00311	0.29019	0.00384	0.00356
20	0.00598	0.00463	0.00549	0.00534	0.00654	0.00430	0.00404	0.00824	0.06056	0.01484	0.44883	0.06415	0.29802	0.00951	0.00503	0.00142	0.00224	0.04246	0.00436	0.00402
21	0.00586	0.00430	0.00549	0.00528	0.00628	0.00393	0.00392	0.00768	0.01152	0.01603	0.68245	0.08761	0.12532	0.00924	0.00505	0.00138	0.00205	0.00813	0.00455	0.00393
22	0.01122	0.13655	0.33931	0.04711	0.01579	0.10079	0.04871	0.15961	0.05169	0.01529	0.02962	0.00992	0.00710	0.00441	0.00397	0.00126	0.00565	0.00342	0.00252	0.00606
23	0.00548	0.00418	0.00462	0.00472	0.00553	0.00377	0.00321	0.00628	0.00866	0.01095	0.10224	0.14691	0.40392	0.25911	0.01000	0.00226	0.00277	0.00847	0.00361	0.00331
24	0.68632	0.04178	0.05854	0.00665	0.00965	0.00991	0.02285	0.05556	0.00839	0.05829	0.00685	0.00768	0.00516	0.00406	0.00294	0.00130	0.00370	0.00259	0.00276	0.00504
25	0.03976	0.61878	0.11137	0.00937	0.02942	0.01499	0.10058	0.01292	0.00882	0.01119	0.00646	0.00768	0.00557	0.00369	0.00317	0.00104	0.00501	0.00272	0.00189	0.00558
26	0.00998	0.00971	0.01588	0.21017	0.57261	0.03716	0.02819	0.01252	0.00941	0.01295	0.00798	0.01085	0.00658	0.00486	0.03216	0.00148	0.00554	0.00380	0.00207	0.00610

[dist]
# distance from previous block
# <min> <max>
0	5

[block]
# block no. 6 follows, 62 sequences, length 20
# corresponding to MSA columns:
# 300-319
name=unknown_G
#
# <colnr> <probs for GDERKNQSTAVLIFYWHMCP>
#	G	D	E	R	K	N	Q	S	T	A	V	L	I	F	Y	W	H	M	C	P
0	0.00776	0.00611	0.00753	0.00707	0.00819	0.00692	0.00534	0.04829	0.20137	0.01322	0.10944	0.06082	0.01591	0.14936	0.28489	0.00369	0.05076	0.00555	0.00325	0.00452
1	0.00564	0.00432	0.00504	0.00497	0.00605	0.00388	0.00368	0.00703	0.01029	0.01351	0.35804	0.05280	0.36753	0.09235	0.00670	0.00169	0.00238	0.04628	0.00412	0.00368
2	0.01138	0.85302	0.02230	0.00728	0.01092	0.01684	0.00728	0.01274	0.00865	0.01001	0.00592	0.00683	0.00546	0.00364	0.00273	0.00091	0.00455	0.00228	0.00182	0.00546
3	0.00626	0.00447	0.00617	0.00709	0.00783	0.00438	0.00577	0.00781	0.00933	0.01228	0.05489	0.31592	0.02634	0.01216	0.00569	0.00186	0.00335	0.50066	0.00396	0.00377
4	0.01592	0.01179	0.01262	0.00974	0.01310	0.01307	0.00802	0.77321	0.05695	0.02640	0.01055	0.01048	0.00750	0.00514	0.00426	0.00128	0.00462	0.00388	0.00426	0.00721
5	0.00692	0.00537	0.00674	0.00615	0.00768	0.00509	0.04429	0.00976	0.11195	0.04785	0.26187	0.08605	0.33363	0.02861	0.00533	0.00149	0.00267	0.02005	0.00415	0.00434
6	0.01487	0.00916	0.01231	0.08964	0.17430	0.00938	0.00860	0.26549	0.01363	0.30418	0.01240	0.04681	0.00903	0.00517	0.00430	0.00132	0.00438	0.00432	0.00395	0.00675
7	0.01401	0.01111	0.01204	0.03484	0.07420	0.05603	0.00811	0.42412	0.24763	0.05491	0.01209	0.01194	0.00885	0.00514	0.00425	0.00132	0.00448	0.00407	0.00398	0.00686
8	0.00980	0.01012	0.05575	0.22376	0.55677	0.00997	0.04689	0.01257	0.00938	0.01313	0.00790	0.01070	0.00640	0.00391	0.00425	0.00131	0.00536	0.00381	0.00204	0.00618
9	0.00708	0.00471	0.00566	0.00544	0.00676	0.00424	0.00411	0.02259	0.01047	0.09536	0.25967	0.12921	0.33440	0.03306	0.02468	0.00165	0.00268	0.03990	0.00422	0.00412
10	0.01198	0.01130	0.07139	0.13498	0.25328	0.08594	0.16683	0.02924	0.02896	0.14980	0.00963	0.01124	0.00711	0.00421	0.00434	0.00132	0.00560	0.00400	0.00269	0.00615
11	0.01041	0.01048	0.05647	0.14618	0.39800	0.03110	0.10604	0.05865	0.06509	0.02786	0.00946	0.03295	0.00776	0.00446	0.00436	0.00134	0.00529	0.01546	0.00246	0.00615
12	0.00590	0.00426	0.00573	0.00633	0.00691	0.00426	0.00474	0.00706	0.00828	0.01104	0.04120	0.33276	0.06513	0.11299	0.16094	0.00299	0.00465	0.20777	0.00349	0.00356
13	0.02479	0.03921	0.13088	0.07479	0.02646	0.27608	0.03122	0.08438	0.19605	0.02598	0.01041	0.02297	0.00825	0.00497	0.00412	0.00130	0.00564	0.02385	0.00288	0.00577
14	0.03722	0.15791	0.06687	0.11729	0.26035	0.11377	0.04220	0.03258	0.02472	0.09570	0.00846	0.00996	0.00658	0.00413	0.00390	0.00122	0.00530	0.00343	0.00245	0.00597
15	0.00820	0.00561	0.04586	0.00635	0.00772	0.00469	0.00492	0.00987	0.04166	0.15990	0.08075	0.40789	0.11604	0.05779	0.02062	0.00179	0.00308	0.00880	0.00405	0.00443
16	0.00555	0.00410	0.00525	0.00593	0.00661	0.00381	0.00437	0.00670	0.00912	0.01193	0.10375	0.47079	0.17455	0.01212	0.00540	0.00168	0.00264	0.15807	0.00401	0.00362
17	0.03492	0.00985	0.04585	0.25119	0.16156	0.03101	0.05922	0.07447	0.18327	0.07426	0.01057	0.01198	0.00790	0.00464	0.00443	0.00137	0.02056	0.00403	0.00292	0.00601
18	0.02505	0.19238	0.26783	0.01255	0.05663	0.03368	0.21086	0.01441	0.07035	0.05192	0.00864	0.00994	0.00656	0.00401	0.00401	0.00126	0.00568	0.00361	0.00230	0.01834
19	0.03552	0.00874	0.01014	0.00807	0.01105	0.05802	0.04486	0.11243	0.09851	0.23458	0.03722	0.05537	0.03593	0.00539	0.00410	0.00119	0.00388	0.01583	0.00383	0.21535

[dist]
# distance from previous block
# <min> <max>
0	6

# created by:
# /st0/software/busco_prod/Augustus/scripts/msa2prfl.pl ./align_prep/1178688.fa
