[name]
unknown

[dist]
# distance from previous block
# <min> <max>
0	33

[block]
# block no. 0 follows, 52 sequences, length 25
# corresponding to MSA columns:
# 35-59
name=unknown_A
#
# <colnr> <probs for GDERKNQSTAVLIFYWHMCP>
#	G	D	E	R	K	N	Q	S	T	A	V	L	I	F	Y	W	H	M	C	P
0	0.01578	0.00796	0.01057	0.00897	0.01185	0.00755	0.03009	0.04901	0.10506	0.41995	0.03374	0.05320	0.06042	0.00817	0.00536	0.00169	0.00416	0.15425	0.00528	0.00695
1	0.01147	0.00890	0.01007	0.00894	0.01093	0.01005	0.00688	0.13889	0.36580	0.01844	0.06701	0.01923	0.01487	0.07396	0.03568	0.13266	0.03641	0.01958	0.00416	0.00607
2	0.00915	0.00861	0.01453	0.81804	0.03338	0.01077	0.01346	0.01238	0.00969	0.01238	0.00861	0.01292	0.00646	0.00484	0.00484	0.00161	0.00646	0.00431	0.00215	0.00538
3	0.03002	0.27611	0.01761	0.08149	0.01571	0.26403	0.00927	0.22010	0.01446	0.01689	0.00844	0.00955	0.00677	0.00492	0.00412	0.00127	0.00642	0.00338	0.00297	0.00648
4	0.00798	0.00705	0.01131	0.52601	0.02388	0.00831	0.01021	0.01036	0.00959	0.01240	0.01569	0.28606	0.03499	0.00849	0.00532	0.00173	0.00514	0.00763	0.00300	0.00487
5	0.01174	0.01013	0.01065	0.00961	0.01230	0.01165	0.00747	0.02481	0.75156	0.01991	0.02120	0.01951	0.05409	0.00686	0.00497	0.00164	0.00377	0.00572	0.00491	0.00749
6	0.04002	0.12626	0.19126	0.05095	0.01491	0.19519	0.01003	0.05581	0.03690	0.01447	0.01223	0.17457	0.01182	0.00687	0.00461	0.00146	0.00589	0.00548	0.00296	0.03830
7	0.00812	0.00505	0.00653	0.00662	0.00768	0.00458	0.00470	0.00941	0.01075	0.10400	0.19558	0.43338	0.07526	0.06873	0.00710	0.00195	0.00298	0.01063	0.00469	0.03224
8	0.00701	0.00483	0.00596	0.00596	0.00619	0.00507	0.00378	0.00748	0.00725	0.00990	0.01465	0.02829	0.01613	0.61550	0.23683	0.00553	0.00693	0.00655	0.00284	0.00331
9	0.00726	0.00630	0.00914	0.09582	0.07944	0.00627	0.04536	0.00895	0.01046	0.01362	0.09226	0.27214	0.28041	0.01092	0.00609	0.00173	0.03560	0.00958	0.00394	0.00470
10	0.01250	0.01009	0.01208	0.05570	0.12289	0.03804	0.00866	0.30401	0.05766	0.02026	0.01730	0.22884	0.04427	0.00856	0.00528	0.00164	0.00469	0.03692	0.00416	0.00646
11	0.00719	0.00540	0.00756	0.00785	0.00860	0.00596	0.00614	0.00870	0.00880	0.01207	0.01879	0.12478	0.04559	0.10644	0.37089	0.00493	0.05205	0.19070	0.00335	0.00422
12	0.00915	0.00861	0.01453	0.81804	0.03338	0.01077	0.01346	0.01238	0.00969	0.01238	0.00861	0.01292	0.00646	0.00484	0.00484	0.00161	0.00646	0.00431	0.00215	0.00538
13	0.01499	0.24210	0.01966	0.05776	0.01704	0.31098	0.15233	0.04346	0.01219	0.05567	0.00852	0.01007	0.00684	0.00474	0.00460	0.00132	0.02525	0.00369	0.00261	0.00617
14	0.01737	0.01650	0.05587	0.01127	0.01465	0.29960	0.00925	0.26406	0.12532	0.11996	0.01207	0.01204	0.00881	0.00558	0.00468	0.00142	0.00629	0.00410	0.00401	0.00716
15	0.01352	0.00741	0.00923	0.03530	0.01084	0.03432	0.00636	0.06371	0.01170	0.31318	0.01950	0.14683	0.06398	0.08499	0.15320	0.00300	0.00579	0.00674	0.00446	0.00595
16	0.03787	0.00916	0.01100	0.09437	0.08370	0.04867	0.00787	0.12568	0.03392	0.14448	0.07491	0.09193	0.11503	0.00740	0.00497	0.00149	0.00439	0.01549	0.00414	0.08352
17	0.01131	0.01131	0.05687	0.07522	0.04626	0.01193	0.20872	0.07851	0.02485	0.04076	0.01033	0.05666	0.00906	0.03541	0.02406	0.00196	0.25734	0.00524	0.00281	0.03139
18	0.01477	0.05585	0.01346	0.02344	0.01340	0.18417	0.00864	0.24066	0.06258	0.06144	0.12018	0.01475	0.01320	0.00662	0.00666	0.00153	0.14365	0.00469	0.00383	0.00648
19	0.03792	0.00897	0.01263	0.42405	0.07931	0.03710	0.01041	0.03530	0.02799	0.01462	0.06099	0.05836	0.03170	0.00575	0.00473	0.00146	0.00530	0.00497	0.00285	0.13558
20	0.05926	0.01121	0.01424	0.03550	0.01478	0.11365	0.14814	0.04573	0.07619	0.15116	0.04445	0.01755	0.05068	0.03188	0.03421	0.00192	0.10961	0.03003	0.00364	0.00616
21	0.03444	0.00891	0.05376	0.03954	0.15001	0.00763	0.03257	0.01131	0.01024	0.01477	0.04816	0.07601	0.14129	0.04952	0.00618	0.00154	0.03413	0.02542	0.00320	0.25136
22	0.04256	0.03432	0.01042	0.15228	0.07754	0.00822	0.00755	0.06166	0.04739	0.01443	0.04328	0.15373	0.01535	0.14837	0.10149	0.00279	0.00555	0.00646	0.00326	0.06336
23	0.04675	0.04111	0.03881	0.07459	0.01471	0.02340	0.01880	0.27820	0.10882	0.11515	0.01366	0.02939	0.02656	0.03565	0.03717	0.00182	0.02291	0.00472	0.00409	0.06370
24	0.03525	0.13164	0.17407	0.17956	0.08017	0.01201	0.01143	0.14262	0.01236	0.08890	0.01065	0.03961	0.00847	0.03244	0.00517	0.00156	0.00566	0.00432	0.00308	0.02103

[dist]
# distance from previous block
# <min> <max>
5	47

[block]
# block no. 1 follows, 52 sequences, length 6
# corresponding to MSA columns:
# 127-132
name=unknown_B
#
# <colnr> <probs for GDERKNQSTAVLIFYWHMCP>
#	G	D	E	R	K	N	Q	S	T	A	V	L	I	F	Y	W	H	M	C	P
0	0.10334	0.14488	0.25195	0.01097	0.05865	0.05601	0.01052	0.01462	0.04254	0.05688	0.08765	0.01481	0.05032	0.00624	0.00539	0.03848	0.03327	0.00437	0.00297	0.00614
1	0.05834	0.08113	0.14214	0.01064	0.04720	0.01083	0.00943	0.13061	0.03628	0.16084	0.09189	0.05944	0.01332	0.00651	0.00577	0.00152	0.08478	0.00502	0.00385	0.04047
2	0.12759	0.01070	0.08963	0.03953	0.01266	0.03678	0.00806	0.13860	0.05230	0.12891	0.15113	0.08621	0.03815	0.00735	0.00546	0.00158	0.04910	0.00585	0.00420	0.00622
3	0.05685	0.04995	0.01035	0.06577	0.08193	0.07183	0.00711	0.05182	0.11177	0.03101	0.09132	0.10021	0.19983	0.04210	0.00585	0.00169	0.00420	0.00699	0.00390	0.00552
4	0.22382	0.07453	0.18256	0.01113	0.05702	0.03604	0.05048	0.09345	0.01132	0.06120	0.01252	0.01351	0.07532	0.00562	0.00491	0.00150	0.05172	0.00420	0.02285	0.00630
5	0.01168	0.00842	0.03868	0.07376	0.01281	0.00791	0.00762	0.15321	0.01361	0.12232	0.16385	0.06913	0.02084	0.03932	0.00605	0.00171	0.00426	0.15052	0.00441	0.08987

[dist]
# distance from previous block
# <min> <max>
1	5

[block]
# block no. 2 follows, 52 sequences, length 36
# corresponding to MSA columns:
# 138-161,183-194
name=unknown_C
#
# <colnr> <probs for GDERKNQSTAVLIFYWHMCP>
#	G	D	E	R	K	N	Q	S	T	A	V	L	I	F	Y	W	H	M	C	P
0	0.14673	0.02812	0.01023	0.15129	0.02510	0.06638	0.00757	0.06939	0.02737	0.05617	0.09056	0.12595	0.01544	0.00857	0.04262	0.00182	0.00492	0.03258	0.03002	0.05919
1	0.00784	0.00678	0.07332	0.00781	0.00924	0.00538	0.00638	0.01772	0.03372	0.06297	0.02524	0.51210	0.06864	0.01283	0.00594	0.00189	0.00354	0.12069	0.00438	0.01361
2	0.01091	0.00885	0.01109	0.00808	0.01220	0.00709	0.05142	0.04901	0.01101	0.06030	0.01196	0.01296	0.05725	0.00440	0.00398	0.00091	0.00390	0.00368	0.00322	0.66777
3	0.01014	0.00870	0.01009	0.00730	0.01154	0.00672	0.00583	0.01284	0.04681	0.01600	0.00914	0.01043	0.00754	0.00373	0.00365	0.00076	0.00360	0.00299	0.00297	0.81922
4	0.01195	0.02065	0.08871	0.25013	0.14441	0.05997	0.07141	0.01482	0.01124	0.13169	0.04132	0.01656	0.08139	0.00567	0.00491	0.00151	0.00574	0.00500	0.00314	0.02976
5	0.00818	0.00428	0.00617	0.00617	0.00628	0.00423	0.00411	0.00639	0.00665	0.00876	0.01132	0.01759	0.05854	0.05738	0.01840	0.76213	0.00412	0.00473	0.00230	0.00227
6	0.00950	0.00612	0.00738	0.00674	0.00842	0.00583	0.00508	0.04802	0.07172	0.12248	0.33280	0.10412	0.18016	0.06147	0.00674	0.00179	0.00303	0.00842	0.00498	0.00522
7	0.06350	0.61562	0.06906	0.00887	0.01295	0.03509	0.00875	0.05126	0.01062	0.05465	0.00774	0.00866	0.00656	0.00450	0.00371	0.00117	0.02552	0.00291	0.00247	0.00638
8	0.11520	0.00741	0.03316	0.00969	0.11599	0.00686	0.00653	0.03238	0.01119	0.07715	0.15182	0.10794	0.20849	0.04068	0.03375	0.00191	0.00387	0.00739	0.02328	0.00529
9	0.01226	0.00914	0.03887	0.00924	0.01174	0.01929	0.05345	0.19794	0.03162	0.12735	0.14339	0.12273	0.08331	0.03478	0.05353	0.00206	0.03176	0.00699	0.00446	0.00610
10	0.01124	0.26191	0.43308	0.01338	0.06720	0.01391	0.05271	0.04209	0.01058	0.01464	0.00823	0.00982	0.00640	0.00459	0.00459	0.00140	0.03168	0.00349	0.00220	0.00686
11	0.01067	0.16452	0.59706	0.01329	0.04610	0.01285	0.01567	0.04049	0.01054	0.01509	0.00841	0.00992	0.00628	0.00465	0.00462	0.00146	0.02574	0.00348	0.00216	0.00701
12	0.00898	0.00560	0.00671	0.00625	0.00799	0.00500	0.00474	0.01102	0.03954	0.14781	0.25347	0.12237	0.34069	0.01066	0.00560	0.00162	0.00277	0.00913	0.00500	0.00504
13	0.01325	0.13608	0.06663	0.02445	0.04278	0.08824	0.29391	0.07659	0.11932	0.05229	0.01087	0.01234	0.00829	0.00491	0.00516	0.00149	0.02894	0.00461	0.00305	0.00679
14	0.01022	0.08643	0.16068	0.00933	0.01216	0.00895	0.02353	0.07633	0.01051	0.07647	0.03106	0.05599	0.01268	0.07855	0.29467	0.00400	0.00809	0.03160	0.00314	0.00560
15	0.00982	0.13822	0.12661	0.00925	0.01187	0.09722	0.02383	0.02996	0.04729	0.01354	0.03868	0.20283	0.08255	0.01238	0.11631	0.00241	0.02180	0.00682	0.00325	0.00538
16	0.00656	0.00479	0.00602	0.00661	0.00750	0.00443	0.00484	0.00806	0.02213	0.02522	0.13413	0.42622	0.20194	0.01335	0.00605	0.00186	0.00291	0.10853	0.00463	0.00424
17	0.08458	0.02781	0.01338	0.01047	0.01362	0.06101	0.09571	0.18478	0.11691	0.17134	0.02187	0.05530	0.01137	0.05443	0.00620	0.00170	0.02381	0.00513	0.00420	0.03641
18	0.02394	0.08655	0.06635	0.31873	0.15169	0.07978	0.06095	0.02991	0.03666	0.01418	0.02836	0.01447	0.05758	0.00529	0.00473	0.00149	0.00608	0.00458	0.00260	0.00608
19	0.00773	0.00558	0.00617	0.00593	0.00763	0.00502	0.00447	0.02727	0.05165	0.07661	0.11155	0.13366	0.51605	0.01146	0.00565	0.00165	0.00275	0.00971	0.00473	0.00472
20	0.01321	0.01259	0.04194	0.26247	0.17484	0.11765	0.14411	0.05483	0.01195	0.10455	0.01012	0.01247	0.00753	0.00481	0.00492	0.00151	0.00662	0.00444	0.00287	0.00658
21	0.01184	0.03710	0.07068	0.12202	0.08391	0.02378	0.18219	0.08281	0.12148	0.05422	0.06760	0.01573	0.02311	0.00547	0.00498	0.00150	0.00567	0.01509	0.00338	0.06745
22	0.03979	0.06292	0.01854	0.11168	0.53756	0.03975	0.04787	0.01434	0.01075	0.01504	0.00969	0.05254	0.00853	0.00493	0.00473	0.00146	0.00580	0.00465	0.00248	0.00694
23	0.02323	0.00650	0.00768	0.00771	0.00928	0.00651	0.00618	0.12699	0.02832	0.01651	0.04665	0.19941	0.22263	0.01194	0.00594	0.00187	0.00367	0.25953	0.00454	0.00492
24	0.02492	0.11170	0.10785	0.07020	0.16351	0.10637	0.14857	0.04587	0.02864	0.11379	0.02639	0.01228	0.00848	0.00484	0.00470	0.00144	0.00632	0.00430	0.00299	0.00684
25	0.01120	0.07274	0.43513	0.04521	0.12654	0.01215	0.10098	0.08580	0.02180	0.01659	0.02184	0.01137	0.00744	0.00471	0.00471	0.00150	0.00664	0.00406	0.00249	0.00710
26	0.00596	0.00426	0.00567	0.00671	0.00704	0.00397	0.00450	0.00689	0.00954	0.01279	0.07193	0.78013	0.03285	0.01487	0.00616	0.00194	0.00278	0.01348	0.00455	0.00397
27	0.04941	0.14176	0.13972	0.01333	0.14353	0.07212	0.01056	0.14242	0.01342	0.16172	0.05758	0.01285	0.01015	0.00528	0.00448	0.00140	0.00546	0.00415	0.00356	0.00713
28	0.01368	0.01227	0.08047	0.11021	0.24581	0.03759	0.04206	0.20054	0.01397	0.09840	0.01259	0.05074	0.02173	0.00587	0.00497	0.00153	0.00565	0.03130	0.00350	0.00712
29	0.00804	0.00537	0.00758	0.02992	0.00932	0.00514	0.03287	0.02579	0.01048	0.07590	0.06301	0.54687	0.02814	0.01289	0.00597	0.00189	0.00341	0.09868	0.02413	0.00461
30	0.01006	0.00990	0.01514	0.03934	0.01417	0.01286	0.09889	0.01191	0.02410	0.01224	0.00823	0.01255	0.00763	0.01255	0.14916	0.00300	0.54606	0.00460	0.00230	0.00533
31	0.01450	0.19878	0.07494	0.08020	0.08330	0.02635	0.11957	0.08395	0.05806	0.18664	0.01155	0.01237	0.00845	0.00500	0.00469	0.00143	0.01550	0.00424	0.00343	0.00706
32	0.01226	0.01104	0.01876	0.11040	0.66285	0.01119	0.02486	0.01514	0.01107	0.06167	0.00966	0.01237	0.00780	0.00447	0.00482	0.00146	0.00577	0.00437	0.00259	0.00746
33	0.01157	0.01119	0.06043	0.01203	0.01339	0.05223	0.05814	0.01348	0.02732	0.09294	0.01056	0.09003	0.00984	0.00909	0.03857	0.00211	0.47324	0.00528	0.00286	0.00570
34	0.00689	0.00503	0.00635	0.00667	0.00756	0.00477	0.00480	0.04665	0.01159	0.01567	0.27243	0.43713	0.10425	0.01271	0.00595	0.00178	0.00280	0.03781	0.00478	0.00439
35	0.01006	0.00991	0.00949	0.07314	0.01210	0.17498	0.00726	0.03156	0.08604	0.01364	0.02020	0.32933	0.06853	0.01041	0.00619	0.00176	0.05833	0.06827	0.00379	0.00501

[dist]
# distance from previous block
# <min> <max>
0	1

[block]
# block no. 3 follows, 52 sequences, length 6
# corresponding to MSA columns:
# 196-201
name=unknown_D
#
# <colnr> <probs for GDERKNQSTAVLIFYWHMCP>
#	G	D	E	R	K	N	Q	S	T	A	V	L	I	F	Y	W	H	M	C	P
0	0.00947	0.00783	0.00898	0.00692	0.01030	0.00642	0.00547	0.06775	0.01166	0.01688	0.12124	0.02020	0.15379	0.00615	0.00435	0.00104	0.00334	0.00508	0.00364	0.52949
1	0.18876	0.01268	0.05114	0.00950	0.01233	0.15363	0.00774	0.11028	0.22054	0.05254	0.01423	0.12092	0.01225	0.00680	0.00457	0.00155	0.00492	0.00532	0.00393	0.00637
2	0.00931	0.00707	0.00925	0.01081	0.14912	0.00722	0.00634	0.11209	0.01036	0.01402	0.01583	0.14573	0.01717	0.41647	0.01496	0.00317	0.00468	0.03831	0.00339	0.00470
3	0.09162	0.44386	0.04046	0.00834	0.01162	0.04068	0.00759	0.04253	0.04951	0.05445	0.01186	0.15547	0.01155	0.00647	0.00398	0.00134	0.00468	0.00497	0.00305	0.00598
4	0.01321	0.52047	0.18475	0.01019	0.01466	0.15906	0.01048	0.01555	0.01062	0.01230	0.00728	0.00846	0.00621	0.00439	0.00364	0.00118	0.00623	0.00289	0.00214	0.00631
5	0.07837	0.04214	0.09628	0.05399	0.24620	0.07525	0.04150	0.14897	0.13584	0.01883	0.01079	0.01208	0.00832	0.00504	0.00462	0.00148	0.00571	0.00420	0.00322	0.00717

[dist]
# distance from previous block
# <min> <max>
1	5

[block]
# block no. 4 follows, 52 sequences, length 27
# corresponding to MSA columns:
# 209-235
name=unknown_E
#
# <colnr> <probs for GDERKNQSTAVLIFYWHMCP>
#	G	D	E	R	K	N	Q	S	T	A	V	L	I	F	Y	W	H	M	C	P
0	0.01113	0.25105	0.43844	0.01210	0.01768	0.01342	0.06199	0.06674	0.01100	0.01511	0.00938	0.05381	0.00778	0.00509	0.00435	0.00142	0.00631	0.00404	0.00240	0.00675
1	0.01057	0.02246	0.63274	0.01464	0.02123	0.01166	0.13374	0.06746	0.01127	0.01640	0.00906	0.01076	0.00647	0.00461	0.00479	0.00154	0.00719	0.00396	0.00230	0.00714
2	0.03726	0.01045	0.01512	0.23388	0.09644	0.05251	0.09527	0.08517	0.01131	0.05540	0.03482	0.01344	0.00887	0.00702	0.04137	0.00188	0.14078	0.00457	0.04842	0.00602
3	0.01282	0.05739	0.18088	0.02473	0.01699	0.04565	0.18974	0.03586	0.06471	0.16061	0.07882	0.05835	0.01288	0.00604	0.00539	0.00156	0.03193	0.00541	0.00357	0.00668
4	0.00631	0.00532	0.00554	0.00550	0.00717	0.00473	0.00421	0.00848	0.06405	0.01392	0.07812	0.04467	0.67204	0.01184	0.00572	0.00166	0.00265	0.04913	0.00456	0.00437
5	0.01000	0.08017	0.72324	0.01367	0.02054	0.01183	0.04457	0.01530	0.01025	0.01508	0.00860	0.01016	0.00619	0.00455	0.00454	0.00150	0.00706	0.00359	0.00206	0.00707
6	0.03854	0.05204	0.06611	0.13918	0.06977	0.07134	0.06194	0.11279	0.02514	0.06183	0.10625	0.04007	0.10846	0.00674	0.00512	0.00152	0.01786	0.00567	0.00356	0.00607
7	0.00740	0.00563	0.00766	0.00836	0.04244	0.00549	0.03326	0.00975	0.08068	0.02921	0.04816	0.52387	0.08809	0.03388	0.01613	0.00198	0.00340	0.02728	0.02268	0.00465
8	0.01305	0.01116	0.01139	0.01006	0.01282	0.05494	0.00795	0.15650	0.53874	0.02120	0.04080	0.01946	0.01498	0.00692	0.00503	0.00163	0.00436	0.05689	0.00477	0.00735
9	0.04597	0.00981	0.01745	0.06456	0.01774	0.01006	0.32720	0.03289	0.04556	0.04894	0.01515	0.06065	0.05930	0.03941	0.05050	0.00217	0.07392	0.06976	0.00317	0.00577
10	0.02361	0.14466	0.51759	0.01369	0.06036	0.01222	0.07320	0.02726	0.01052	0.01501	0.01068	0.01210	0.04858	0.00491	0.00451	0.00147	0.00653	0.00398	0.00229	0.00682
11	0.00608	0.00504	0.00534	0.00524	0.00681	0.00435	0.00394	0.00778	0.02833	0.01446	0.19205	0.04402	0.63631	0.01170	0.00571	0.00161	0.00245	0.00984	0.00467	0.00426
12	0.08362	0.00975	0.01071	0.01042	0.06508	0.01090	0.00756	0.05744	0.50933	0.05356	0.01888	0.06109	0.04341	0.00684	0.00481	0.00161	0.00389	0.00568	0.02831	0.00710
13	0.01122	0.08291	0.01947	0.20197	0.19546	0.02355	0.20806	0.05370	0.02694	0.01491	0.01141	0.01430	0.05002	0.01907	0.00582	0.00159	0.04575	0.00489	0.00262	0.00634
14	0.12203	0.09062	0.01043	0.00923	0.05236	0.02108	0.02773	0.02119	0.01025	0.05549	0.02015	0.28155	0.06385	0.01027	0.00564	0.00177	0.03018	0.15728	0.00385	0.00508
15	0.00667	0.00466	0.00528	0.00545	0.00575	0.00449	0.00329	0.00699	0.00800	0.01042	0.02220	0.15593	0.13913	0.57970	0.01893	0.00381	0.00407	0.00857	0.00342	0.00327
16	0.01141	0.01180	0.05825	0.10607	0.07434	0.05104	0.11974	0.05497	0.11455	0.01549	0.02299	0.01318	0.00886	0.00620	0.00816	0.00169	0.24969	0.00464	0.06073	0.00618
17	0.01204	0.06750	0.05400	0.27487	0.20495	0.05387	0.05747	0.09732	0.03169	0.02580	0.00920	0.01189	0.00722	0.00506	0.00555	0.00153	0.06662	0.00422	0.00264	0.00654
18	0.05500	0.00632	0.00652	0.00591	0.00764	0.00660	0.00460	0.10543	0.05355	0.04508	0.05595	0.01766	0.01340	0.00589	0.00379	0.00125	0.00285	0.00468	0.59259	0.00529
19	0.01061	0.01308	0.14698	0.01437	0.01741	0.01215	0.24400	0.05236	0.02949	0.01454	0.00933	0.01274	0.00776	0.01033	0.12415	0.00265	0.26476	0.00475	0.00248	0.00605
20	0.02536	0.06560	0.01510	0.28924	0.19950	0.03150	0.01118	0.06715	0.03656	0.09575	0.05329	0.04451	0.01073	0.00568	0.00508	0.00152	0.02781	0.00483	0.00315	0.00643
21	0.01159	0.00915	0.01184	0.09468	0.07860	0.07980	0.06115	0.03358	0.02788	0.12436	0.05891	0.17305	0.05529	0.00801	0.00603	0.00161	0.07436	0.00678	0.07760	0.00572
22	0.00613	0.00478	0.00558	0.00579	0.00697	0.00423	0.00425	0.00757	0.01130	0.01457	0.23082	0.22806	0.39930	0.01241	0.00587	0.00171	0.00257	0.03918	0.00471	0.00419
23	0.01226	0.01259	0.02192	0.10561	0.20528	0.06602	0.36797	0.03512	0.04982	0.03857	0.01007	0.01276	0.00776	0.00462	0.00550	0.00156	0.02819	0.00496	0.00269	0.00673
24	0.06763	0.01031	0.04280	0.21340	0.14503	0.01053	0.08031	0.09482	0.08195	0.09253	0.02024	0.03635	0.02650	0.00556	0.00478	0.00154	0.00533	0.00490	0.04892	0.00656
25	0.00630	0.00486	0.00570	0.00604	0.00705	0.00445	0.00430	0.00795	0.03848	0.01387	0.15046	0.32998	0.31704	0.05687	0.00691	0.00192	0.00277	0.02631	0.00456	0.00418
26	0.03892	0.05698	0.14267	0.15885	0.14252	0.01212	0.05786	0.14967	0.06142	0.06673	0.01042	0.01209	0.00780	0.00507	0.00504	0.00150	0.03296	0.00421	0.00312	0.03005

[dist]
# distance from previous block
# <min> <max>
4	26

[block]
# block no. 5 follows, 52 sequences, length 43
# corresponding to MSA columns:
# 262-304
name=unknown_F
#
# <colnr> <probs for GDERKNQSTAVLIFYWHMCP>
#	G	D	E	R	K	N	Q	S	T	A	V	L	I	F	Y	W	H	M	C	P
0	0.18045	0.02315	0.07257	0.15021	0.09074	0.04332	0.06392	0.17814	0.01296	0.05211	0.03197	0.01192	0.00822	0.00501	0.00443	0.00146	0.00546	0.00406	0.01730	0.04261
1	0.09576	0.02928	0.12175	0.08182	0.05095	0.01049	0.17132	0.05224	0.10564	0.10321	0.04343	0.06862	0.01200	0.00607	0.00496	0.00160	0.00551	0.02530	0.00351	0.00654
2	0.01128	0.20520	0.51503	0.01287	0.01896	0.01290	0.08351	0.01564	0.01046	0.05848	0.00894	0.01028	0.00659	0.00453	0.00438	0.00143	0.00664	0.00362	0.00231	0.00695
3	0.02215	0.01328	0.22836	0.13516	0.03417	0.01887	0.07690	0.08806	0.03062	0.09048	0.07004	0.09863	0.03549	0.00745	0.02731	0.00176	0.00577	0.00577	0.00341	0.00634
4	0.02357	0.01062	0.04467	0.16961	0.07654	0.08900	0.05379	0.04835	0.13125	0.03830	0.06130	0.07073	0.07520	0.00720	0.00511	0.00160	0.00518	0.05608	0.02595	0.00595
5	0.00672	0.00497	0.00632	0.00686	0.00773	0.00474	0.00510	0.00864	0.04094	0.01458	0.19529	0.36126	0.12404	0.04133	0.00672	0.00196	0.00307	0.15081	0.00464	0.00430
6	0.04146	0.00788	0.01026	0.14624	0.01452	0.00821	0.00760	0.06671	0.12519	0.24898	0.06271	0.20546	0.01759	0.00819	0.00517	0.00165	0.00414	0.00705	0.00463	0.00636
7	0.02321	0.04276	0.04831	0.06838	0.36108	0.02963	0.09880	0.01551	0.04494	0.10272	0.05012	0.01615	0.06588	0.00545	0.00492	0.00149	0.00549	0.00507	0.00317	0.00692
8	0.01812	0.02253	0.01378	0.01241	0.01498	0.76294	0.00935	0.06479	0.01427	0.01297	0.00774	0.00891	0.00636	0.00504	0.00440	0.00126	0.00854	0.00319	0.00264	0.00577
9	0.00868	0.00532	0.00673	0.00628	0.00774	0.00478	0.00470	0.01046	0.01250	0.12859	0.43503	0.12293	0.17264	0.04381	0.00642	0.00172	0.00273	0.00896	0.00509	0.00487
10	0.00943	0.00931	0.01799	0.01504	0.08681	0.00880	0.36801	0.01252	0.01200	0.01663	0.28415	0.06397	0.02258	0.00759	0.02212	0.00174	0.00564	0.02634	0.00361	0.00573
11	0.02218	0.00927	0.01240	0.12181	0.15978	0.01870	0.00941	0.13293	0.07327	0.06410	0.02737	0.06849	0.12416	0.00777	0.00596	0.00166	0.06187	0.06887	0.00377	0.00624
12	0.04972	0.01194	0.01281	0.01083	0.04425	0.07206	0.00848	0.39316	0.01713	0.16359	0.01399	0.01472	0.03956	0.00626	0.00548	0.00150	0.05890	0.02155	0.04679	0.00728
13	0.00790	0.00516	0.00694	0.00729	0.00798	0.00528	0.00526	0.00906	0.00952	0.07822	0.03964	0.54441	0.02543	0.01536	0.08967	0.00248	0.06465	0.01072	0.06054	0.00449
14	0.01817	0.00776	0.01030	0.00829	0.01138	0.00696	0.00668	0.06535	0.01385	0.58422	0.10019	0.11196	0.01759	0.00745	0.00511	0.00155	0.00385	0.00628	0.00569	0.00737
15	0.04166	0.01044	0.04384	0.04253	0.01490	0.01048	0.13253	0.12672	0.25819	0.06234	0.05040	0.06013	0.08007	0.00713	0.00519	0.00163	0.00479	0.03612	0.00423	0.00667
16	0.01308	0.08928	0.01717	0.15461	0.18837	0.01132	0.11557	0.08473	0.05497	0.13468	0.01413	0.01588	0.06087	0.00555	0.00489	0.00151	0.00552	0.01765	0.00341	0.00683
17	0.00618	0.00453	0.00581	0.00632	0.00704	0.00416	0.00442	0.00753	0.01089	0.01469	0.27245	0.48366	0.12809	0.01317	0.00598	0.00179	0.00260	0.01177	0.00476	0.00416
18	0.03138	0.01300	0.02774	0.01986	0.02469	0.01229	0.74401	0.03521	0.01166	0.01605	0.00978	0.01291	0.00733	0.00414	0.00563	0.00163	0.00799	0.00561	0.00253	0.00655
19	0.06820	0.21259	0.37400	0.01131	0.01639	0.09369	0.01247	0.04187	0.08650	0.01543	0.00940	0.02126	0.00737	0.00490	0.00418	0.00140	0.00618	0.00359	0.00257	0.00670
20	0.00820	0.00635	0.05671	0.00841	0.04097	0.00516	0.00622	0.00968	0.01021	0.09577	0.06166	0.57640	0.02778	0.01276	0.00590	0.00186	0.00341	0.05331	0.00446	0.00480
21	0.06775	0.01285	0.01356	0.01067	0.01433	0.01433	0.00874	0.62361	0.13744	0.02847	0.01256	0.01238	0.00905	0.00585	0.00475	0.00149	0.00501	0.00443	0.00475	0.00798
22	0.06898	0.00949	0.06138	0.00843	0.01091	0.05334	0.00700	0.06736	0.13609	0.14058	0.08074	0.15087	0.10652	0.02800	0.00564	0.00171	0.00409	0.04842	0.00448	0.00597
23	0.04913	0.04114	0.09128	0.10140	0.12670	0.09491	0.11829	0.06497	0.05887	0.03820	0.01438	0.08669	0.06079	0.00642	0.00497	0.00156	0.00582	0.02506	0.00316	0.00626
24	0.00694	0.00472	0.00563	0.00571	0.00584	0.00481	0.00345	0.00723	0.00731	0.00986	0.01586	0.09145	0.01804	0.66727	0.12187	0.00488	0.00559	0.00733	0.00301	0.00319
25	0.00942	0.00904	0.01562	0.72274	0.05059	0.01100	0.06562	0.01263	0.00978	0.01266	0.00864	0.01284	0.00655	0.00488	0.00521	0.00163	0.02906	0.00440	0.00218	0.00551
26	0.01268	0.01096	0.01564	0.10247	0.36282	0.04382	0.01164	0.12363	0.03054	0.06086	0.04144	0.06690	0.01094	0.00606	0.00590	0.00156	0.07693	0.00512	0.00321	0.00689
27	0.03608	0.02533	0.04541	0.04239	0.24586	0.01015	0.03207	0.12882	0.06129	0.16552	0.01473	0.13209	0.01269	0.00675	0.00500	0.00156	0.00490	0.01837	0.00392	0.00705
28	0.01144	0.01307	0.02859	0.02042	0.02533	0.01225	0.78186	0.01552	0.01144	0.01552	0.00980	0.01307	0.00735	0.00408	0.00572	0.00163	0.00817	0.00572	0.00245	0.00654
29	0.02946	0.01479	0.01413	0.07055	0.04636	0.19448	0.00954	0.44142	0.04041	0.07499	0.01103	0.01154	0.00803	0.00552	0.00471	0.00143	0.00606	0.00412	0.00408	0.00736
30	0.03549	0.04525	0.06172	0.04197	0.01366	0.13612	0.00871	0.08104	0.09044	0.20290	0.06946	0.05107	0.01270	0.00664	0.00615	0.00155	0.10752	0.00496	0.01609	0.00656
31	0.00736	0.00574	0.00867	0.00928	0.06086	0.00661	0.00664	0.00908	0.00796	0.01149	0.01263	0.01884	0.01188	0.06479	0.70430	0.00709	0.03449	0.00518	0.00258	0.00452
32	0.00650	0.00476	0.00620	0.00717	0.00770	0.00464	0.00504	0.00833	0.06107	0.01311	0.02614	0.69548	0.03049	0.01443	0.00615	0.00197	0.00305	0.08900	0.00452	0.00424
33	0.01219	0.04367	0.01775	0.11711	0.46966	0.02631	0.03827	0.09543	0.05851	0.01696	0.02877	0.03416	0.00945	0.00508	0.00483	0.00148	0.00563	0.00470	0.00289	0.00716
34	0.01070	0.01050	0.01910	0.27625	0.27235	0.01101	0.21322	0.03140	0.01067	0.01448	0.00968	0.01413	0.00801	0.06995	0.00663	0.00180	0.00652	0.00490	0.00243	0.00629
35	0.00721	0.00478	0.00622	0.00689	0.00771	0.00440	0.00499	0.00841	0.01024	0.06524	0.06248	0.53959	0.12914	0.01374	0.00608	0.00191	0.00304	0.10895	0.00463	0.00434
36	0.01107	0.01119	0.01725	0.30150	0.30126	0.08129	0.10215	0.01418	0.02877	0.01411	0.01028	0.06609	0.00886	0.00530	0.00498	0.00155	0.00631	0.00502	0.00252	0.00631
37	0.25576	0.03402	0.01438	0.01329	0.12703	0.10834	0.07174	0.25115	0.01407	0.02126	0.00921	0.02232	0.00726	0.00515	0.00457	0.00147	0.02506	0.00392	0.00335	0.00667
38	0.06609	0.07363	0.01427	0.36685	0.02174	0.01017	0.08422	0.01238	0.00986	0.04455	0.01256	0.11592	0.01177	0.00790	0.03216	0.00188	0.03734	0.06846	0.00288	0.00537
39	0.08759	0.08325	0.46144	0.01347	0.07147	0.03078	0.04380	0.06236	0.01125	0.07743	0.00940	0.01059	0.00680	0.00471	0.00443	0.00148	0.00634	0.00369	0.00266	0.00704
40	0.12267	0.04437	0.46182	0.01185	0.04260	0.01073	0.01314	0.06818	0.01117	0.06479	0.03394	0.04399	0.03930	0.00559	0.00452	0.00152	0.00581	0.00438	0.00290	0.00672
41	0.07739	0.07272	0.04610	0.32356	0.10270	0.01045	0.01063	0.04096	0.01969	0.11250	0.01145	0.03288	0.00942	0.03504	0.00535	0.00164	0.00540	0.04464	0.00306	0.03441
42	0.13037	0.03581	0.01354	0.01110	0.04560	0.10560	0.04788	0.29468	0.02400	0.09634	0.02738	0.01246	0.00895	0.02610	0.03340	0.00174	0.03732	0.00418	0.00384	0.03970

[dist]
# distance from previous block
# <min> <max>
29	87

[block]
# block no. 6 follows, 52 sequences, length 98
# corresponding to MSA columns:
# 413-450,471-530
name=unknown_G
#
# <colnr> <probs for GDERKNQSTAVLIFYWHMCP>
#	G	D	E	R	K	N	Q	S	T	A	V	L	I	F	Y	W	H	M	C	P
0	0.04874	0.06229	0.25536	0.04531	0.09593	0.03889	0.10896	0.07533	0.06821	0.05708	0.03429	0.01303	0.02319	0.00530	0.00529	0.00153	0.04705	0.00441	0.00297	0.00683
1	0.06685	0.10879	0.11207	0.01447	0.10060	0.08376	0.15767	0.15490	0.01314	0.06680	0.02259	0.01148	0.00792	0.00497	0.00504	0.00145	0.03756	0.00417	0.00309	0.02268
2	0.01630	0.04562	0.04141	0.04714	0.01534	0.44430	0.03255	0.13506	0.01455	0.07122	0.06823	0.02559	0.01036	0.00565	0.00464	0.00136	0.00702	0.00416	0.00330	0.00619
3	0.01281	0.17621	0.20353	0.01064	0.01469	0.10695	0.01039	0.07116	0.21534	0.04729	0.01378	0.01516	0.03658	0.00586	0.00453	0.00146	0.00557	0.03785	0.00340	0.00682
4	0.01224	0.00941	0.05368	0.07539	0.08746	0.00876	0.08951	0.06744	0.03541	0.17991	0.13137	0.06233	0.08417	0.00746	0.00578	0.00162	0.04203	0.03557	0.00414	0.00632
5	0.01039	0.06896	0.03380	0.03628	0.01060	0.03039	0.00672	0.06138	0.02016	0.10926	0.06002	0.24301	0.01991	0.11049	0.06109	0.00247	0.03624	0.06970	0.00395	0.00518
6	0.00956	0.00612	0.00722	0.00663	0.00851	0.00571	0.00507	0.02518	0.09282	0.14685	0.23157	0.11303	0.30239	0.01021	0.00553	0.00162	0.00291	0.00872	0.00501	0.00533
7	0.04457	0.01359	0.21967	0.06081	0.09625	0.02439	0.12262	0.04699	0.02132	0.11361	0.07552	0.03867	0.01333	0.00632	0.00511	0.00161	0.00577	0.07992	0.00339	0.00655
8	0.01119	0.01769	0.35727	0.05406	0.02239	0.01178	0.32641	0.04134	0.01112	0.04593	0.00953	0.01182	0.00695	0.00469	0.00563	0.00160	0.04672	0.00459	0.00247	0.00681
9	0.00920	0.00868	0.01455	0.79003	0.03266	0.01091	0.01336	0.01236	0.00961	0.01236	0.00853	0.01284	0.00646	0.00497	0.00523	0.00163	0.03479	0.00430	0.00215	0.00538
10	0.01077	0.06290	0.65249	0.01296	0.01938	0.01162	0.01600	0.07470	0.01119	0.03774	0.00928	0.01073	0.00670	0.00594	0.03558	0.00174	0.00706	0.00369	0.00239	0.00712
11	0.01018	0.03939	0.11883	0.49077	0.14547	0.01150	0.05128	0.03519	0.01038	0.01391	0.00874	0.01219	0.00669	0.00477	0.00500	0.00156	0.02155	0.00423	0.00226	0.00612
12	0.01043	0.02366	0.72879	0.01383	0.02072	0.01108	0.05106	0.01579	0.01048	0.05659	0.00929	0.01068	0.00650	0.00465	0.00467	0.00154	0.00705	0.00374	0.00227	0.00719
13	0.00647	0.00504	0.00532	0.00518	0.00685	0.00426	0.00391	0.00783	0.01145	0.04419	0.12939	0.04434	0.68538	0.01177	0.00569	0.00162	0.00250	0.00986	0.00465	0.00430
14	0.04976	0.07954	0.08178	0.16039	0.01827	0.11432	0.09281	0.06482	0.11866	0.04312	0.01279	0.06880	0.01100	0.00628	0.00486	0.00157	0.00589	0.05592	0.00325	0.00619
15	0.03569	0.10248	0.05440	0.08818	0.10921	0.06568	0.29608	0.05962	0.01135	0.02996	0.00892	0.01153	0.00704	0.00488	0.00606	0.00155	0.09387	0.00450	0.00255	0.00646
16	0.00609	0.00490	0.00545	0.00547	0.00687	0.00425	0.00410	0.00760	0.01161	0.01469	0.23553	0.09558	0.53146	0.01190	0.00579	0.00165	0.00250	0.03563	0.00471	0.00421
17	0.01403	0.00704	0.00910	0.00767	0.01014	0.00658	0.00607	0.01746	0.10631	0.36513	0.34542	0.04134	0.02688	0.00789	0.00526	0.00154	0.00329	0.00676	0.00556	0.00655
18	0.01138	0.01350	0.11445	0.18512	0.17573	0.03889	0.27750	0.05083	0.01124	0.01528	0.00911	0.01214	0.00704	0.00471	0.00570	0.00159	0.05212	0.00467	0.00243	0.00658
19	0.24526	0.01245	0.01255	0.00987	0.01351	0.01391	0.00815	0.57698	0.01888	0.02818	0.01032	0.01063	0.00744	0.00546	0.00435	0.00147	0.00491	0.00390	0.00435	0.00744
20	0.00592	0.00492	0.00517	0.00511	0.00666	0.00417	0.00383	0.00732	0.01150	0.01416	0.17507	0.04488	0.67086	0.01187	0.00573	0.00162	0.00243	0.00998	0.00464	0.00417
21	0.03023	0.01085	0.01155	0.00978	0.01226	0.13948	0.08496	0.17521	0.04028	0.03561	0.09351	0.10058	0.17347	0.00936	0.03490	0.00179	0.00522	0.02112	0.00406	0.00575
22	0.03644	0.33236	0.46006	0.01168	0.01750	0.01430	0.03697	0.01500	0.01006	0.01404	0.00792	0.00931	0.00618	0.00441	0.00402	0.00135	0.00634	0.00324	0.00210	0.00673
23	0.00593	0.00426	0.00563	0.00666	0.00702	0.00396	0.00447	0.00683	0.00948	0.01262	0.05204	0.77489	0.05843	0.01492	0.00615	0.00194	0.00278	0.01350	0.00453	0.00396
24	0.01929	0.01463	0.01305	0.02928	0.03123	0.29100	0.00865	0.17770	0.01550	0.33159	0.01304	0.01259	0.00899	0.00555	0.00469	0.00140	0.00608	0.00413	0.00437	0.00725
25	0.05995	0.20731	0.23635	0.01278	0.01734	0.02647	0.18232	0.03207	0.06189	0.01528	0.03572	0.01176	0.00847	0.00560	0.02239	0.00160	0.04949	0.00415	0.00258	0.00648
26	0.00595	0.00482	0.00530	0.00557	0.00689	0.00418	0.00414	0.00721	0.01083	0.01334	0.07866	0.19931	0.56421	0.01280	0.00588	0.00173	0.00264	0.05791	0.00454	0.00411
27	0.00717	0.00484	0.00569	0.00586	0.00604	0.00484	0.00371	0.00752	0.00770	0.01021	0.01692	0.03535	0.01925	0.70025	0.02182	0.00431	0.00466	0.12753	0.00318	0.00318
28	0.03682	0.01051	0.01781	0.32783	0.40778	0.01136	0.06743	0.03572	0.01080	0.01509	0.00897	0.01229	0.00713	0.00455	0.00483	0.00152	0.00612	0.00436	0.00240	0.00667
29	0.01233	0.67626	0.17625	0.00936	0.01409	0.01764	0.01015	0.01467	0.00992	0.01217	0.00712	0.00825	0.00620	0.00423	0.00340	0.00113	0.00557	0.00278	0.00207	0.00640
30	0.00602	0.00435	0.00573	0.00679	0.00720	0.00405	0.00467	0.00698	0.00950	0.01255	0.02788	0.73242	0.07431	0.01490	0.00619	0.00197	0.00290	0.06313	0.00450	0.00398
31	0.17169	0.01178	0.04332	0.01250	0.01660	0.01145	0.23576	0.21016	0.01424	0.20722	0.01188	0.01247	0.00825	0.00507	0.00476	0.00153	0.00565	0.00454	0.00398	0.00716
32	0.06969	0.03697	0.01240	0.01060	0.03899	0.09750	0.05849	0.05219	0.23271	0.09248	0.12272	0.04856	0.01612	0.02754	0.00611	0.00165	0.05926	0.00554	0.00410	0.00639
33	0.00709	0.00510	0.00703	0.00805	0.00889	0.00505	0.00653	0.00882	0.01033	0.01357	0.02581	0.29647	0.04995	0.01546	0.06034	0.00250	0.00445	0.45593	0.00435	0.00428
34	0.00660	0.00494	0.00613	0.00583	0.00708	0.00446	0.00437	0.00865	0.01312	0.01801	0.62920	0.03854	0.21432	0.01044	0.00572	0.00155	0.00232	0.00909	0.00515	0.00446
35	0.00857	0.00682	0.00923	0.00786	0.00994	0.00644	0.08863	0.06205	0.04264	0.05361	0.24090	0.05615	0.35599	0.00983	0.00576	0.00160	0.01576	0.00852	0.00458	0.00511
36	0.01156	0.48405	0.36171	0.01067	0.01612	0.01576	0.01244	0.01487	0.01001	0.01310	0.00758	0.00883	0.00618	0.00434	0.00375	0.00125	0.00604	0.00302	0.00206	0.00663
37	0.01144	0.01307	0.02859	0.02042	0.02533	0.01225	0.78186	0.01552	0.01144	0.01552	0.00980	0.01307	0.00735	0.00408	0.00572	0.00163	0.00817	0.00572	0.00245	0.00654
38	0.86392	0.00937	0.00712	0.00637	0.00937	0.01087	0.00525	0.01425	0.00825	0.02174	0.00675	0.00787	0.00525	0.00450	0.00300	0.00150	0.00375	0.00262	0.00300	0.00525
39	0.01275	0.01051	0.01117	0.00989	0.01273	0.01205	0.00774	0.06882	0.71994	0.04808	0.01924	0.01766	0.01432	0.00651	0.00492	0.00163	0.00393	0.00539	0.00496	0.00772
40	0.00649	0.00496	0.00601	0.00614	0.00738	0.00449	0.00472	0.00824	0.01192	0.01567	0.32993	0.11594	0.32241	0.01180	0.00591	0.00171	0.00273	0.12441	0.00481	0.00432
41	0.00605	0.00438	0.00571	0.00652	0.00703	0.00405	0.00446	0.00715	0.01010	0.01355	0.15173	0.64918	0.08386	0.01415	0.00608	0.00188	0.00270	0.01274	0.00463	0.00405
42	0.01296	0.83261	0.02539	0.00829	0.01244	0.01917	0.00829	0.01451	0.00985	0.01140	0.00674	0.00777	0.00622	0.00415	0.00311	0.00104	0.00518	0.00259	0.00207	0.00622
43	0.00959	0.00885	0.01454	0.78001	0.03251	0.01097	0.01326	0.04872	0.01031	0.01324	0.00876	0.01286	0.00654	0.00489	0.00485	0.00161	0.00641	0.00431	0.00228	0.00552
44	0.00578	0.00491	0.00498	0.00497	0.00658	0.00411	0.00372	0.00706	0.01117	0.01339	0.08434	0.04615	0.76206	0.01216	0.00573	0.00163	0.00245	0.01016	0.00454	0.00411
45	0.01280	0.79454	0.06212	0.00855	0.01284	0.01880	0.00874	0.01455	0.00986	0.01159	0.00683	0.00789	0.00622	0.00417	0.00318	0.00106	0.00528	0.00264	0.00207	0.00626
46	0.00708	0.00521	0.00766	0.00761	0.00835	0.00604	0.00581	0.00847	0.00765	0.01097	0.01282	0.01970	0.01228	0.09988	0.69269	0.04754	0.02824	0.00528	0.00259	0.00413
47	0.01810	0.02310	0.01373	0.01248	0.01498	0.81024	0.00936	0.01935	0.01373	0.01186	0.00749	0.00874	0.00624	0.00499	0.00437	0.00125	0.00874	0.00312	0.00250	0.00562
48	0.00638	0.00487	0.00586	0.00575	0.00698	0.00435	0.00426	0.00817	0.01239	0.01661	0.46952	0.11172	0.30313	0.01120	0.00576	0.00160	0.00239	0.00972	0.00497	0.00435
49	0.00971	0.02223	0.65977	0.01400	0.02044	0.01086	0.09594	0.01490	0.01052	0.01546	0.03633	0.01350	0.00863	0.00514	0.00486	0.00158	0.00697	0.03995	0.00231	0.00688
50	0.01266	0.02724	0.05758	0.10389	0.12611	0.16421	0.30499	0.05684	0.01194	0.01502	0.00951	0.03630	0.00777	0.00500	0.00553	0.00154	0.04008	0.00485	0.00257	0.00638
51	0.01315	0.00873	0.01026	0.00906	0.01159	0.00921	0.00734	0.14359	0.25179	0.15936	0.14675	0.02668	0.02079	0.00819	0.00537	0.00168	0.00400	0.15063	0.00508	0.00675
52	0.01564	0.06713	0.01510	0.01095	0.01430	0.07860	0.15405	0.09552	0.03608	0.27984	0.08750	0.01603	0.01305	0.00580	0.00499	0.00145	0.01752	0.00502	0.07460	0.00684
53	0.01043	0.00828	0.03422	0.04884	0.04909	0.00790	0.03343	0.02667	0.18866	0.09440	0.26403	0.02586	0.07854	0.00776	0.00523	0.00154	0.00378	0.04357	0.00454	0.06323
54	0.02740	0.16322	0.14556	0.06599	0.13842	0.01317	0.09110	0.06126	0.07129	0.01556	0.00924	0.01120	0.00741	0.00503	0.00569	0.00146	0.09655	0.00398	0.00263	0.06383
55	0.00858	0.00572	0.00711	0.00671	0.00815	0.00554	0.00509	0.01193	0.09897	0.07585	0.48409	0.10791	0.05635	0.00964	0.00549	0.00158	0.00271	0.03128	0.06223	0.00510
56	0.01223	0.01616	0.29617	0.04032	0.25515	0.01157	0.07166	0.09525	0.01189	0.06945	0.00991	0.01204	0.00754	0.02036	0.00576	0.00159	0.04871	0.00425	0.00276	0.00723
57	0.07730	0.15616	0.24970	0.01206	0.03108	0.01303	0.08911	0.17219	0.03521	0.10415	0.01038	0.01114	0.00755	0.00491	0.00443	0.00144	0.00585	0.00392	0.00325	0.00716
58	0.47467	0.00860	0.00857	0.00714	0.01030	0.00897	0.00586	0.01774	0.01059	0.32940	0.01223	0.01195	0.00839	0.00517	0.00376	0.00147	0.00380	0.00364	0.06136	0.00638
59	0.00965	0.17011	0.07668	0.00843	0.01056	0.01905	0.01720	0.06238	0.01047	0.04456	0.04027	0.30693	0.01872	0.06772	0.07568	0.00236	0.02936	0.02113	0.00354	0.00520
60	0.03590	0.01173	0.05536	0.09946	0.53405	0.01136	0.05720	0.06588	0.01173	0.01679	0.04696	0.01308	0.00926	0.00474	0.00484	0.00148	0.00577	0.00453	0.00268	0.00719
61	0.01115	0.01802	0.35237	0.01667	0.02222	0.01214	0.37352	0.06669	0.01150	0.01627	0.00930	0.01167	0.00686	0.00463	0.00567	0.00160	0.04578	0.00466	0.00243	0.00685
62	0.00679	0.00488	0.00627	0.00707	0.00762	0.00472	0.00487	0.05886	0.01029	0.01375	0.03978	0.74479	0.03064	0.01443	0.00610	0.00193	0.00300	0.02544	0.00454	0.00424
63	0.01081	0.01154	0.05415	0.01664	0.15705	0.04641	0.26967	0.01460	0.08892	0.01526	0.07760	0.01701	0.06151	0.00665	0.00707	0.05904	0.07139	0.00555	0.00299	0.00613
64	0.01066	0.00976	0.01543	0.07229	0.48240	0.00980	0.01159	0.01421	0.07059	0.01658	0.15569	0.01727	0.02462	0.00560	0.00491	0.00144	0.00483	0.00520	0.00317	0.06396
65	0.02057	0.00816	0.01098	0.00858	0.01210	0.00718	0.00702	0.04813	0.01386	0.72380	0.01937	0.07059	0.01321	0.00661	0.00496	0.00153	0.00408	0.00545	0.00586	0.00796
66	0.01222	0.08665	0.34438	0.08119	0.01866	0.01284	0.03241	0.16799	0.12538	0.02799	0.01077	0.01183	0.00795	0.00525	0.00501	0.00152	0.03366	0.00408	0.00309	0.00715
67	0.13284	0.01173	0.03774	0.17972	0.08726	0.05058	0.11803	0.14058	0.06834	0.03285	0.01036	0.01319	0.00813	0.00544	0.00546	0.00159	0.05949	0.02710	0.00313	0.00644
68	0.00815	0.00642	0.00871	0.00843	0.00955	0.00750	0.00660	0.03856	0.10465	0.01325	0.01465	0.07328	0.01375	0.02776	0.55553	0.00590	0.06089	0.02839	0.00312	0.00492
69	0.01136	0.01284	0.02733	0.01971	0.02416	0.01249	0.71075	0.01517	0.01107	0.01517	0.00949	0.01284	0.00726	0.00449	0.00666	0.00168	0.08310	0.00558	0.00242	0.00642
70	0.01132	0.01029	0.01651	0.27947	0.44028	0.03434	0.01319	0.01407	0.01070	0.05147	0.01056	0.06696	0.00908	0.00531	0.00490	0.00153	0.00580	0.00494	0.00263	0.00666
71	0.01258	0.01167	0.01691	0.23279	0.39810	0.07688	0.02437	0.06672	0.03497	0.05038	0.00974	0.01232	0.00765	0.00482	0.00498	0.00149	0.01968	0.00430	0.00274	0.00691
72	0.17582	0.01492	0.01144	0.01018	0.01287	0.30836	0.00790	0.10201	0.21841	0.01793	0.01140	0.01204	0.00892	0.00751	0.05831	0.00186	0.00642	0.00392	0.00350	0.00629
73	0.19212	0.00901	0.01176	0.26059	0.06659	0.01026	0.03364	0.01607	0.18287	0.05392	0.03456	0.01462	0.02444	0.00592	0.00504	0.03457	0.00480	0.00452	0.02873	0.00598
74	0.01083	0.00963	0.01587	0.12693	0.49769	0.00982	0.01249	0.01354	0.01114	0.03879	0.06564	0.02033	0.04303	0.00621	0.00513	0.00157	0.00529	0.09641	0.00300	0.00666
75	0.00905	0.00653	0.00954	0.20689	0.03837	0.00705	0.00821	0.01131	0.01084	0.06738	0.11220	0.11587	0.04070	0.00936	0.00591	0.00177	0.03570	0.21494	0.08337	0.00502
76	0.00929	0.00812	0.01289	0.09004	0.25058	0.00840	0.04475	0.01154	0.01003	0.01428	0.05026	0.11733	0.01468	0.03434	0.11157	0.00248	0.04470	0.05740	0.04453	0.06280
77	0.00819	0.00483	0.00533	0.00516	0.00641	0.00453	0.00383	0.00999	0.01096	0.04420	0.18494	0.02864	0.19100	0.05142	0.00594	0.02316	0.00255	0.00678	0.39772	0.00442
78	0.00910	0.00577	0.00652	0.00606	0.00807	0.00505	0.00473	0.01100	0.04162	0.16127	0.05460	0.05072	0.55512	0.01094	0.00559	0.00165	0.00293	0.04942	0.00481	0.00503
79	0.00736	0.00536	0.00662	0.00703	0.00787	0.00536	0.00507	0.02262	0.09093	0.01460	0.13340	0.38555	0.04322	0.11077	0.00815	0.00219	0.00329	0.10204	0.03412	0.00445
80	0.02501	0.00481	0.00568	0.00584	0.00677	0.00443	0.00410	0.00775	0.01080	0.01454	0.26742	0.24391	0.24325	0.12371	0.00837	0.00210	0.00283	0.01010	0.00451	0.00407
81	0.00596	0.00426	0.00568	0.00681	0.00711	0.00398	0.00459	0.00684	0.00933	0.01243	0.02668	0.80467	0.03193	0.01513	0.00620	0.00198	0.00286	0.03511	0.00450	0.00395
82	0.01188	0.00669	0.00840	0.00738	0.00922	0.00656	0.00569	0.04746	0.03694	0.23944	0.17748	0.11736	0.12091	0.08029	0.00769	0.00188	0.05811	0.00747	0.04351	0.00565
83	0.02788	0.00568	0.00681	0.00669	0.00808	0.00540	0.00490	0.02742	0.06351	0.09867	0.17674	0.31283	0.18564	0.03908	0.00630	0.00181	0.00299	0.00991	0.00477	0.00489
84	0.04275	0.00584	0.00694	0.00669	0.00839	0.00546	0.00515	0.02608	0.02828	0.15994	0.05984	0.21835	0.21847	0.01052	0.00537	0.00168	0.00314	0.08101	0.10099	0.00512
85	0.00768	0.00561	0.00622	0.00583	0.00740	0.00530	0.00444	0.06097	0.03595	0.01747	0.30142	0.03530	0.33524	0.00980	0.00527	0.00151	0.00260	0.00828	0.13901	0.00471
86	0.00818	0.00546	0.00668	0.06021	0.00881	0.00515	0.00477	0.00950	0.01062	0.09068	0.17660	0.03550	0.27827	0.24035	0.01093	0.00248	0.00355	0.03367	0.00421	0.00437
87	0.15366	0.00673	0.00751	0.00676	0.00875	0.00662	0.00518	0.06356	0.01196	0.15509	0.19629	0.13325	0.15438	0.06135	0.00633	0.00179	0.00331	0.00757	0.00462	0.00530
88	0.00817	0.00514	0.00700	0.00769	0.00864	0.00489	0.00596	0.00967	0.01056	0.08801	0.05713	0.41591	0.02893	0.02682	0.00654	0.00205	0.00356	0.29415	0.00464	0.00455
89	0.00776	0.00532	0.00613	0.00610	0.00727	0.00492	0.00433	0.04244	0.01057	0.06602	0.05282	0.23103	0.32051	0.18197	0.00970	0.00235	0.00329	0.02887	0.00431	0.00430
90	0.00755	0.00549	0.00635	0.00621	0.00753	0.00512	0.00457	0.06000	0.01170	0.03892	0.18319	0.17300	0.32324	0.10159	0.00784	0.00202	0.00306	0.04361	0.00456	0.00445
