[name]
unknown

[dist]
# distance from previous block
# <min> <max>
0	181

[block]
# block no. 0 follows, 63 sequences, length 24
# corresponding to MSA columns:
# 185-208
name=unknown_A
#
# <colnr> <probs for GDERKNQSTAVLIFYWHMCP>
#	G	D	E	R	K	N	Q	S	T	A	V	L	I	F	Y	W	H	M	C	P
0	0.07470	0.12956	0.29739	0.00933	0.01325	0.01005	0.03443	0.11876	0.05040	0.06391	0.05029	0.01479	0.03703	0.00531	0.00403	0.00132	0.00473	0.07205	0.00289	0.00576
1	0.07723	0.27372	0.31872	0.02532	0.06322	0.01193	0.01054	0.08074	0.00978	0.06978	0.00772	0.00868	0.00588	0.00407	0.00367	0.00119	0.01657	0.00297	0.00231	0.00596
2	0.05287	0.03835	0.35137	0.01052	0.02953	0.00923	0.08911	0.07575	0.04730	0.05306	0.00856	0.00961	0.00634	0.00395	0.00383	0.00117	0.00502	0.00328	0.00248	0.19865
3	0.24754	0.07882	0.14688	0.01050	0.05986	0.04804	0.14655	0.04619	0.04847	0.01552	0.08741	0.01182	0.02620	0.00457	0.00381	0.00129	0.00471	0.00381	0.00264	0.00535
4	0.12053	0.00532	0.00613	0.00590	0.00733	0.00524	0.00441	0.00920	0.04832	0.05988	0.07850	0.25719	0.13117	0.03609	0.12473	0.00225	0.00396	0.00704	0.00348	0.08333
5	0.01127	0.00980	0.09958	0.05715	0.04000	0.04748	0.05299	0.12006	0.03284	0.15939	0.07507	0.09496	0.03105	0.00566	0.00422	0.00124	0.00421	0.00483	0.00342	0.14476
6	0.00977	0.00938	0.01514	0.12593	0.39488	0.03101	0.11426	0.04532	0.00999	0.01385	0.05603	0.01249	0.03359	0.00427	0.00421	0.00122	0.00492	0.00411	0.00240	0.10722
7	0.00925	0.05133	0.00992	0.00814	0.00991	0.24487	0.08810	0.01047	0.00957	0.01085	0.05690	0.02055	0.23274	0.05367	0.11323	0.05262	0.00568	0.00530	0.00275	0.00414
8	0.00913	0.00811	0.03117	0.00658	0.01036	0.00614	0.00544	0.05685	0.00936	0.01443	0.00762	0.00880	0.00626	0.00325	0.00320	0.00068	0.00328	0.00258	0.00257	0.80418
9	0.01213	0.24429	0.01414	0.00925	0.01147	0.37280	0.03201	0.01361	0.03225	0.01051	0.00957	0.06568	0.04755	0.01874	0.00497	0.00123	0.08886	0.00377	0.00230	0.00486
10	0.00520	0.00371	0.00496	0.00585	0.00611	0.00353	0.00392	0.00594	0.00792	0.01060	0.02226	0.78180	0.02655	0.04226	0.04586	0.00203	0.00292	0.01140	0.00378	0.00340
11	0.01664	0.12784	0.17110	0.06208	0.06483	0.03484	0.09813	0.03209	0.06566	0.03597	0.08165	0.06362	0.04591	0.00524	0.00410	0.00124	0.00464	0.00454	0.00272	0.07716
12	0.00542	0.00425	0.00578	0.00598	0.00678	0.00388	0.04108	0.00652	0.00890	0.01167	0.11604	0.50897	0.21648	0.01203	0.02407	0.00170	0.00273	0.01024	0.00386	0.00362
13	0.01679	0.00844	0.01099	0.00838	0.01170	0.00799	0.04371	0.19057	0.04494	0.52908	0.01419	0.01292	0.00932	0.00497	0.00418	0.00126	0.00392	0.00406	0.00462	0.06797
14	0.00997	0.06811	0.12510	0.03691	0.01907	0.04657	0.49220	0.01355	0.04536	0.01288	0.00821	0.01056	0.00633	0.00410	0.00539	0.00140	0.08228	0.00429	0.00212	0.00561
15	0.00864	0.01797	0.01012	0.11054	0.14446	0.03952	0.00759	0.06615	0.04564	0.01215	0.01206	0.20478	0.01222	0.00964	0.05302	0.11166	0.09608	0.02224	0.01098	0.00455
16	0.00877	0.00695	0.01948	0.13910	0.17305	0.00692	0.05939	0.01070	0.00948	0.10665	0.10069	0.10473	0.13838	0.02947	0.04222	0.00170	0.02821	0.00599	0.00315	0.00496
17	0.00610	0.00413	0.00486	0.00486	0.00495	0.00422	0.00289	0.00629	0.00619	0.00835	0.01300	0.02614	0.01469	0.74984	0.12301	0.00441	0.00497	0.00591	0.00251	0.00270
18	0.00773	0.00711	0.05530	0.02298	0.00962	0.04873	0.06029	0.01059	0.11707	0.05254	0.06389	0.45165	0.02085	0.01009	0.02313	0.00166	0.00367	0.02496	0.00365	0.00449
19	0.00593	0.00392	0.00516	0.00578	0.00630	0.00363	0.00398	0.00690	0.00875	0.04982	0.12008	0.67387	0.04299	0.01198	0.00519	0.00162	0.00242	0.01079	0.02724	0.00367
20	0.05384	0.01008	0.01144	0.03513	0.03325	0.06558	0.07654	0.21643	0.30575	0.04989	0.02217	0.01399	0.04958	0.00531	0.00420	0.00133	0.00427	0.00440	0.03067	0.00617
21	0.01045	0.01105	0.01204	0.02494	0.01216	0.21436	0.09664	0.04515	0.07566	0.01209	0.02075	0.15047	0.01102	0.00703	0.00721	0.00152	0.24672	0.03320	0.00270	0.00483
22	0.13656	0.05714	0.06620	0.02415	0.01100	0.01750	0.01338	0.08475	0.06200	0.03469	0.05525	0.01042	0.00838	0.00413	0.00360	0.00100	0.01722	0.00315	0.00285	0.38664
23	0.02438	0.23308	0.14826	0.01008	0.08442	0.05583	0.03108	0.10287	0.00996	0.05222	0.00830	0.01047	0.00694	0.05485	0.04900	0.04466	0.00521	0.00332	0.00241	0.06264

[dist]
# distance from previous block
# <min> <max>
3	12

[block]
# block no. 1 follows, 63 sequences, length 9
# corresponding to MSA columns:
# 221-229
name=unknown_B
#
# <colnr> <probs for GDERKNQSTAVLIFYWHMCP>
#	G	D	E	R	K	N	Q	S	T	A	V	L	I	F	Y	W	H	M	C	P
0	0.02335	0.07907	0.27553	0.01476	0.25077	0.04563	0.03412	0.08094	0.04033	0.05495	0.02708	0.03804	0.00793	0.00451	0.00405	0.00127	0.00518	0.00382	0.00251	0.00618
1	0.01093	0.08418	0.21784	0.03021	0.17973	0.02267	0.13257	0.12979	0.02659	0.05644	0.02366	0.01176	0.00774	0.02176	0.00454	0.00135	0.00536	0.02418	0.00260	0.00612
2	0.00532	0.00383	0.00497	0.00561	0.00603	0.00356	0.00381	0.00626	0.00874	0.01177	0.17339	0.61606	0.06704	0.05520	0.00609	0.00174	0.00242	0.01069	0.00397	0.00348
3	0.00693	0.00636	0.04061	0.00863	0.01014	0.00571	0.15932	0.00892	0.04297	0.01176	0.03565	0.29281	0.05310	0.08622	0.00727	0.04676	0.00398	0.16553	0.00328	0.00404
4	0.01238	0.21652	0.23152	0.01061	0.04142	0.03854	0.08798	0.10727	0.03956	0.16093	0.00947	0.00997	0.00688	0.00426	0.00385	0.00121	0.00513	0.00343	0.00283	0.00623
5	0.10465	0.02556	0.00982	0.00806	0.03720	0.03500	0.00630	0.05369	0.02345	0.53107	0.03478	0.03771	0.01051	0.02746	0.00485	0.00139	0.03356	0.00425	0.00436	0.00635
6	0.00523	0.00423	0.00465	0.00461	0.00586	0.00365	0.00343	0.00651	0.01009	0.01274	0.24351	0.08360	0.57665	0.01026	0.00499	0.00141	0.00211	0.00872	0.00409	0.00365
7	0.01010	0.03062	0.08362	0.11809	0.38273	0.02108	0.05163	0.05382	0.06756	0.03973	0.02519	0.03394	0.03767	0.00467	0.00422	0.00130	0.00484	0.00426	0.01892	0.00602
8	0.01149	0.04597	0.26460	0.01256	0.12625	0.05612	0.06729	0.09506	0.06277	0.12713	0.02730	0.04439	0.00858	0.00486	0.00442	0.00132	0.02675	0.00406	0.00289	0.00618

[dist]
# distance from previous block
# <min> <max>
0	53

[block]
# block no. 2 follows, 63 sequences, length 14
# corresponding to MSA columns:
# 283-296
name=unknown_C
#
# <colnr> <probs for GDERKNQSTAVLIFYWHMCP>
#	G	D	E	R	K	N	Q	S	T	A	V	L	I	F	Y	W	H	M	C	P
0	0.02286	0.30312	0.06911	0.01041	0.04522	0.22738	0.06394	0.02917	0.00965	0.05177	0.00708	0.00863	0.00595	0.01706	0.00507	0.00122	0.11180	0.00304	0.00217	0.00535
1	0.03027	0.15611	0.14839	0.01142	0.09880	0.23057	0.03002	0.05461	0.00989	0.01215	0.00829	0.06728	0.00755	0.02850	0.02110	0.00143	0.07233	0.00375	0.00225	0.00530
2	0.00759	0.00511	0.00739	0.00789	0.00906	0.00501	0.03054	0.00947	0.00973	0.06898	0.02152	0.09961	0.02296	0.01104	0.00564	0.00186	0.00385	0.66472	0.00391	0.00412
3	0.09855	0.00712	0.00910	0.00722	0.01016	0.00651	0.00589	0.04923	0.01160	0.64676	0.03393	0.07163	0.01159	0.00570	0.00417	0.00133	0.00347	0.00464	0.00482	0.00658
4	0.00933	0.00768	0.00923	0.00730	0.04657	0.00612	0.00550	0.04425	0.00926	0.03893	0.00798	0.00923	0.00652	0.00404	0.02525	0.00086	0.00349	0.00271	0.00262	0.75315
5	0.00585	0.00406	0.00538	0.00567	0.00598	0.00421	0.00384	0.00642	0.00685	0.00937	0.01529	0.27007	0.01715	0.30469	0.26354	0.05269	0.00574	0.00724	0.00282	0.00313
6	0.00595	0.00443	0.00654	0.00661	0.00730	0.00508	0.00506	0.00734	0.00682	0.00976	0.01214	0.07289	0.01186	0.06261	0.74779	0.00631	0.01038	0.00507	0.00237	0.00368
7	0.00903	0.01690	0.51550	0.13327	0.09203	0.00990	0.07585	0.02929	0.00915	0.02835	0.00779	0.00968	0.00571	0.00413	0.00448	0.00136	0.03623	0.00345	0.00196	0.00597
8	0.02407	0.03194	0.13121	0.01010	0.08214	0.00871	0.02099	0.08651	0.14913	0.05015	0.02022	0.09076	0.01085	0.02158	0.18910	0.00262	0.05672	0.00480	0.00297	0.00543
9	0.00565	0.00432	0.00564	0.06341	0.00779	0.00417	0.00442	0.00720	0.02920	0.01269	0.24673	0.42302	0.14865	0.01072	0.00509	0.00153	0.00251	0.00954	0.00397	0.00375
10	0.01041	0.00581	0.00653	0.00579	0.00737	0.03391	0.00451	0.03680	0.03140	0.19284	0.15197	0.04507	0.03347	0.00608	0.00418	0.00120	0.03302	0.00495	0.37988	0.00483
11	0.01177	0.01031	0.07289	0.10502	0.22910	0.03089	0.00995	0.11150	0.08635	0.13342	0.02684	0.01160	0.00812	0.00501	0.00559	0.00138	0.12724	0.00391	0.00297	0.00614
12	0.01094	0.26211	0.15373	0.00889	0.04402	0.03313	0.00827	0.09224	0.01014	0.07104	0.03304	0.00969	0.00736	0.00499	0.03128	0.00122	0.01884	0.00307	0.00255	0.19345
13	0.09232	0.05601	0.03535	0.00746	0.03660	0.00667	0.02785	0.06393	0.06024	0.02610	0.05385	0.36765	0.06605	0.04523	0.01828	0.00168	0.00340	0.02341	0.00348	0.00443

[dist]
# distance from previous block
# <min> <max>
0	58

[block]
# block no. 3 follows, 63 sequences, length 27
# corresponding to MSA columns:
# 356-382
name=unknown_D
#
# <colnr> <probs for GDERKNQSTAVLIFYWHMCP>
#	G	D	E	R	K	N	Q	S	T	A	V	L	I	F	Y	W	H	M	C	P
0	0.01850	0.05085	0.24382	0.05905	0.07565	0.00958	0.14585	0.04955	0.11100	0.08711	0.03599	0.02599	0.00875	0.00458	0.00420	0.00131	0.00509	0.01076	0.00278	0.04958
1	0.06385	0.08546	0.12625	0.02425	0.11208	0.03004	0.03798	0.13269	0.05609	0.20631	0.05216	0.01227	0.02091	0.00477	0.00400	0.00126	0.00447	0.00388	0.00337	0.01791
2	0.00618	0.00459	0.00642	0.01867	0.02456	0.00445	0.03225	0.04077	0.00887	0.02187	0.06360	0.63320	0.03780	0.03285	0.02726	0.00183	0.00307	0.02418	0.00376	0.00381
3	0.00578	0.00496	0.04061	0.00648	0.00717	0.00465	0.00496	0.00695	0.00780	0.01072	0.04793	0.44030	0.04366	0.06103	0.22773	0.00315	0.03844	0.03077	0.00325	0.00366
4	0.01223	0.15760	0.18056	0.03887	0.10805	0.12491	0.08337	0.08755	0.04817	0.10630	0.00894	0.00985	0.00670	0.00422	0.00392	0.00122	0.00545	0.00343	0.00263	0.00605
5	0.02391	0.04576	0.18933	0.07935	0.17768	0.01028	0.08315	0.15522	0.05338	0.08594	0.00959	0.02560	0.00727	0.00448	0.00427	0.00130	0.01588	0.00386	0.00280	0.02095
6	0.00599	0.00430	0.00585	0.00679	0.00746	0.00417	0.00539	0.00736	0.00896	0.01173	0.02336	0.39967	0.05353	0.01226	0.00558	0.00182	0.00318	0.42505	0.00389	0.00366
7	0.00992	0.00953	0.05274	0.15159	0.39187	0.00927	0.09118	0.04202	0.04451	0.04012	0.04002	0.01355	0.00898	0.00457	0.00431	0.00133	0.00496	0.04019	0.03340	0.00593
8	0.01221	0.02544	0.24379	0.01367	0.20119	0.03112	0.04646	0.07448	0.05716	0.20605	0.02451	0.02692	0.00843	0.00463	0.00418	0.00130	0.00494	0.00396	0.00309	0.00647
9	0.01175	0.07054	0.14616	0.08102	0.19646	0.03594	0.03237	0.05681	0.03465	0.18540	0.04799	0.01282	0.03705	0.00482	0.00439	0.00129	0.02742	0.00402	0.00301	0.00609
10	0.01425	0.01790	0.01088	0.00994	0.01200	0.72266	0.00745	0.01533	0.01160	0.01043	0.01139	0.01204	0.11639	0.00519	0.00395	0.00113	0.00684	0.00354	0.00240	0.00469
11	0.01092	0.15365	0.28441	0.06052	0.16654	0.03073	0.05296	0.01430	0.04181	0.11967	0.00913	0.01057	0.00689	0.00421	0.00394	0.00125	0.00525	0.01469	0.00245	0.00612
12	0.01112	0.07495	0.25874	0.02550	0.21445	0.01006	0.04878	0.07664	0.08438	0.11208	0.03601	0.01134	0.00825	0.00442	0.00409	0.00128	0.00498	0.00378	0.00279	0.00637
13	0.00902	0.02909	0.45238	0.05748	0.19356	0.00991	0.06871	0.01318	0.04327	0.01341	0.03418	0.01049	0.00713	0.00426	0.00449	0.00134	0.03636	0.00363	0.00207	0.00607
14	0.00513	0.00389	0.00474	0.00533	0.00598	0.00349	0.00369	0.00605	0.00878	0.01135	0.08485	0.54669	0.27065	0.01208	0.00522	0.00159	0.00231	0.01071	0.00395	0.00349
15	0.01002	0.07177	0.31230	0.03851	0.36106	0.01037	0.05505	0.03457	0.02113	0.03443	0.00807	0.00984	0.00624	0.00393	0.00405	0.00127	0.00546	0.00350	0.00212	0.00633
16	0.03428	0.01328	0.27548	0.10240	0.24413	0.00961	0.10860	0.05656	0.00992	0.05533	0.02985	0.02550	0.00748	0.00429	0.00421	0.00133	0.00544	0.00392	0.00235	0.00606
17	0.00527	0.00384	0.00485	0.00552	0.00593	0.00361	0.00371	0.00600	0.00795	0.01045	0.02401	0.59006	0.13656	0.11829	0.05127	0.00223	0.00307	0.01040	0.00365	0.00334
18	0.01123	0.48479	0.05440	0.01113	0.06206	0.08234	0.18068	0.02815	0.02804	0.01154	0.00700	0.00837	0.00588	0.00375	0.00348	0.00108	0.00538	0.00308	0.00202	0.00558
19	0.01176	0.16347	0.18577	0.03564	0.15476	0.03129	0.03024	0.04054	0.07295	0.17095	0.05455	0.01170	0.00911	0.00453	0.00394	0.00124	0.00472	0.00373	0.00294	0.00617
20	0.01115	0.03616	0.25251	0.06431	0.24878	0.00916	0.01117	0.03804	0.06249	0.16212	0.04539	0.01221	0.01857	0.00456	0.00414	0.00130	0.00483	0.00390	0.00287	0.00632
21	0.00559	0.00669	0.12715	0.00592	0.00769	0.00446	0.00527	0.00719	0.00920	0.01183	0.08291	0.26223	0.42805	0.01023	0.00493	0.00148	0.00281	0.00880	0.00363	0.00393
22	0.01134	0.11022	0.32887	0.01254	0.12363	0.04014	0.07329	0.05216	0.01017	0.14810	0.01024	0.02192	0.02981	0.00445	0.00403	0.00127	0.00530	0.00372	0.00263	0.00618
23	0.01063	0.65352	0.18817	0.00884	0.04116	0.01499	0.00911	0.01275	0.00865	0.01073	0.00627	0.00731	0.00543	0.00368	0.00302	0.00100	0.00487	0.00248	0.00180	0.00561
24	0.01781	0.00759	0.03146	0.00763	0.01083	0.00646	0.00641	0.04046	0.03263	0.73667	0.01642	0.04364	0.01086	0.00546	0.00426	0.00132	0.00363	0.00447	0.00502	0.00698
25	0.00886	0.05283	0.55251	0.04632	0.03116	0.00916	0.06011	0.01281	0.00938	0.05652	0.08151	0.01249	0.03869	0.00467	0.00414	0.00132	0.00548	0.00389	0.00232	0.00584
26	0.00954	0.04312	0.43290	0.01653	0.27655	0.01009	0.08044	0.01362	0.03731	0.02874	0.00819	0.00984	0.00620	0.00395	0.00410	0.00130	0.00569	0.00352	0.00205	0.00632

[dist]
# distance from previous block
# <min> <max>
0	3

[block]
# block no. 4 follows, 63 sequences, length 24
# corresponding to MSA columns:
# 386-409
name=unknown_E
#
# <colnr> <probs for GDERKNQSTAVLIFYWHMCP>
#	G	D	E	R	K	N	Q	S	T	A	V	L	I	F	Y	W	H	M	C	P
0	0.77455	0.00803	0.00646	0.00582	0.00831	0.00931	0.00475	0.01289	0.06914	0.01834	0.00697	0.00796	0.00546	0.00533	0.04153	0.00156	0.00363	0.00257	0.00271	0.00468
1	0.00885	0.14502	0.71085	0.01127	0.01710	0.01078	0.01430	0.01321	0.00883	0.01281	0.00729	0.00856	0.00534	0.00394	0.00380	0.00127	0.00596	0.00298	0.00178	0.00609
2	0.01095	0.00861	0.00964	0.00848	0.01060	0.00964	0.00679	0.27863	0.28858	0.01862	0.03153	0.11378	0.03089	0.00733	0.00505	0.00149	0.04346	0.10602	0.00404	0.00588
3	0.00878	0.12422	0.73103	0.01139	0.01728	0.01061	0.01451	0.01322	0.00883	0.01289	0.00733	0.00861	0.00533	0.00394	0.00383	0.00128	0.00600	0.00300	0.00178	0.00611
4	0.00602	0.00545	0.04447	0.00587	0.00736	0.00450	0.03501	0.00813	0.02749	0.01495	0.50923	0.05029	0.24779	0.00879	0.00491	0.00136	0.00245	0.00768	0.00418	0.00407
5	0.01016	0.00819	0.01350	0.42352	0.07002	0.00901	0.11861	0.08988	0.01027	0.10660	0.02592	0.06241	0.00879	0.00504	0.00442	0.00140	0.00515	0.01902	0.00274	0.00535
6	0.01179	0.31214	0.26481	0.00980	0.01414	0.01199	0.07693	0.07547	0.03354	0.13851	0.00888	0.00945	0.00657	0.00413	0.00368	0.00118	0.00507	0.00323	0.00260	0.00611
7	0.04039	0.00716	0.00926	0.00737	0.01031	0.00655	0.00599	0.04141	0.07345	0.64939	0.01742	0.06025	0.03974	0.00582	0.00427	0.00134	0.00347	0.00478	0.00492	0.00672
8	0.00757	0.00655	0.00838	0.11116	0.03092	0.05500	0.02120	0.00963	0.07018	0.01126	0.01553	0.24784	0.01655	0.06312	0.04582	0.04532	0.07525	0.15156	0.00306	0.00409
9	0.15540	0.00622	0.02874	0.09167	0.02661	0.00631	0.00590	0.02793	0.07046	0.02647	0.01750	0.35078	0.04832	0.02465	0.00492	0.00161	0.00336	0.09543	0.00341	0.00431
10	0.02736	0.01063	0.03627	0.07343	0.33732	0.11190	0.00982	0.05294	0.04317	0.23973	0.01053	0.01129	0.00767	0.00440	0.00411	0.00126	0.00489	0.00375	0.00313	0.00641
11	0.00920	0.00870	0.01480	0.21732	0.52282	0.00910	0.03140	0.01160	0.00913	0.01267	0.00957	0.10663	0.00882	0.00493	0.00433	0.00134	0.00490	0.00471	0.00224	0.00579
12	0.06685	0.00785	0.00986	0.00763	0.01078	0.00738	0.00627	0.14351	0.01281	0.63525	0.01487	0.01358	0.00970	0.02815	0.00460	0.00137	0.00374	0.00410	0.00483	0.00688
13	0.00856	0.03583	0.57317	0.01060	0.01522	0.02574	0.01252	0.02781	0.00895	0.03439	0.01002	0.10803	0.00879	0.00671	0.04388	0.00165	0.03837	0.02187	0.00224	0.00565
14	0.00618	0.00461	0.00629	0.00621	0.00666	0.00522	0.00450	0.00711	0.00662	0.00931	0.01260	0.04916	0.02831	0.30083	0.47212	0.00530	0.05782	0.00533	0.00241	0.00339
15	0.00591	0.00409	0.00558	0.00593	0.00623	0.00427	0.00410	0.00639	0.00700	0.00956	0.01585	0.35833	0.01793	0.17228	0.22345	0.11323	0.02608	0.00772	0.00292	0.00317
16	0.01165	0.00701	0.00756	0.00644	0.00851	0.03540	0.00509	0.14343	0.09003	0.19224	0.07289	0.01767	0.09041	0.00586	0.00392	0.00121	0.00309	0.00473	0.28745	0.00541
17	0.00929	0.04879	0.01551	0.46583	0.23808	0.01014	0.09485	0.04489	0.00935	0.01243	0.00773	0.01075	0.00602	0.00402	0.00420	0.00133	0.00550	0.00380	0.00204	0.00544
18	0.00522	0.00429	0.00461	0.00458	0.00590	0.00367	0.00347	0.00649	0.01003	0.01245	0.19064	0.03897	0.64709	0.01029	0.00500	0.00142	0.00216	0.03607	0.00404	0.00364
19	0.73235	0.00756	0.00601	0.00544	0.00783	0.00860	0.00444	0.02253	0.00772	0.01811	0.02514	0.01092	0.06849	0.00468	0.00291	0.00130	0.00311	0.01432	0.04407	0.00446
20	0.01163	0.72245	0.07574	0.00764	0.01137	0.03021	0.00773	0.02685	0.00901	0.05538	0.00663	0.00738	0.00570	0.00375	0.00291	0.00096	0.00462	0.00245	0.00203	0.00557
21	0.00982	0.00983	0.04207	0.14824	0.65798	0.00971	0.01254	0.01241	0.00937	0.01320	0.00875	0.01127	0.02807	0.00401	0.00418	0.00128	0.00505	0.00386	0.00209	0.00626
22	0.02130	0.30422	0.38456	0.01131	0.10230	0.01186	0.01138	0.02816	0.00922	0.02805	0.04580	0.00948	0.00724	0.00409	0.00360	0.00117	0.00517	0.00312	0.00207	0.00589
23	0.19774	0.01038	0.01145	0.12906	0.20781	0.15486	0.00854	0.02725	0.02072	0.16022	0.00923	0.02926	0.00709	0.00447	0.00381	0.00127	0.00483	0.00354	0.00284	0.00564

[dist]
# distance from previous block
# <min> <max>
0	1

[block]
# block no. 5 follows, 63 sequences, length 73
# corresponding to MSA columns:
# 411-445,447-484
name=unknown_F
#
# <colnr> <probs for GDERKNQSTAVLIFYWHMCP>
#	G	D	E	R	K	N	Q	S	T	A	V	L	I	F	Y	W	H	M	C	P
0	0.06084	0.00758	0.00953	0.00741	0.01048	0.00709	0.00610	0.12483	0.01258	0.62181	0.01497	0.01347	0.00971	0.00509	0.00405	0.00127	0.00358	0.00405	0.06876	0.00679
1	0.00601	0.00552	0.05268	0.00611	0.00730	0.00467	0.00478	0.00847	0.09598	0.01275	0.15372	0.40152	0.19018	0.01057	0.00503	0.00154	0.00264	0.02255	0.00394	0.00405
2	0.01190	0.01176	0.20310	0.06463	0.09479	0.00915	0.04973	0.10080	0.14682	0.18834	0.01259	0.01293	0.03398	0.01445	0.00440	0.00135	0.00466	0.00409	0.00333	0.02721
3	0.02594	0.00857	0.02424	0.00922	0.01219	0.00832	0.11439	0.13203	0.12471	0.36095	0.06303	0.05601	0.01211	0.00564	0.00460	0.00136	0.02115	0.00487	0.00426	0.00640
4	0.00616	0.00444	0.00585	0.00586	0.00621	0.00470	0.01878	0.00687	0.00691	0.00966	0.01462	0.20873	0.01621	0.38345	0.19764	0.00383	0.04360	0.00683	0.04642	0.00323
5	0.04543	0.05571	0.26324	0.27584	0.17260	0.01072	0.02531	0.04361	0.03689	0.01426	0.00892	0.01147	0.00698	0.00478	0.00446	0.00151	0.00577	0.00381	0.00244	0.00627
6	0.01021	0.04593	0.11132	0.01461	0.29835	0.00822	0.05397	0.02365	0.02217	0.13013	0.07951	0.10742	0.03185	0.00669	0.03584	0.00153	0.00464	0.00515	0.00301	0.00580
7	0.01105	0.00712	0.00826	0.00726	0.00940	0.00738	0.00566	0.06019	0.32240	0.20400	0.13359	0.10350	0.08770	0.00714	0.00453	0.00140	0.00307	0.00606	0.00447	0.00582
8	0.02168	0.00622	0.09545	0.00664	0.00780	0.00513	0.01355	0.00755	0.00730	0.01029	0.01519	0.20866	0.04896	0.19847	0.32349	0.00407	0.00659	0.00654	0.00271	0.00371
9	0.03990	0.28093	0.35354	0.01084	0.05513	0.01205	0.06229	0.06451	0.03680	0.01340	0.00843	0.00950	0.02720	0.00412	0.00366	0.00120	0.00526	0.00321	0.00214	0.00589
10	0.00992	0.01041	0.06823	0.09556	0.65574	0.02291	0.01250	0.01250	0.00940	0.01326	0.00848	0.04652	0.00737	0.00422	0.00420	0.00128	0.00506	0.00404	0.00212	0.00629
11	0.01151	0.00900	0.01015	0.00878	0.01135	0.01010	0.03326	0.04909	0.67950	0.10293	0.01653	0.01520	0.01217	0.00556	0.00429	0.00141	0.00352	0.00467	0.00430	0.00669
12	0.12153	0.00576	0.00659	0.00588	0.00764	0.00561	0.00456	0.02338	0.07514	0.07513	0.41975	0.05444	0.07584	0.00731	0.00440	0.00129	0.00257	0.01785	0.00410	0.08122
13	0.16792	0.00792	0.00841	0.00703	0.00954	0.04310	0.00563	0.12991	0.04694	0.28534	0.04720	0.05824	0.09641	0.03131	0.00460	0.00141	0.00357	0.02002	0.00405	0.02147
14	0.00612	0.00464	0.00576	0.00611	0.00692	0.00456	0.00437	0.00868	0.11713	0.01307	0.19135	0.49791	0.05387	0.01088	0.00509	0.00157	0.00251	0.03461	0.00408	0.02076
15	0.88196	0.00813	0.00618	0.00553	0.00813	0.00943	0.00455	0.01236	0.00715	0.01886	0.00585	0.00683	0.00455	0.00390	0.00260	0.00130	0.00325	0.00228	0.00260	0.00455
16	0.01066	0.00874	0.01226	0.01049	0.04275	0.01866	0.10654	0.10137	0.13740	0.08787	0.01105	0.01410	0.00915	0.02479	0.09737	0.00208	0.19634	0.04384	0.00304	0.06149
17	0.00947	0.00911	0.01571	0.32792	0.50031	0.00977	0.04266	0.01212	0.00915	0.01261	0.00777	0.01074	0.00626	0.00391	0.00421	0.00131	0.00530	0.00379	0.00200	0.00588
18	0.00527	0.00413	0.00482	0.00529	0.00624	0.00368	0.00393	0.00634	0.00907	0.01131	0.03309	0.32046	0.43941	0.01165	0.00522	0.00159	0.00248	0.11858	0.00390	0.00355
19	0.01124	0.85479	0.02203	0.00719	0.01079	0.01663	0.00719	0.01259	0.00854	0.00989	0.00584	0.00674	0.00539	0.00360	0.00270	0.00090	0.00450	0.00225	0.00180	0.00539
20	0.00549	0.00436	0.00521	0.00543	0.00631	0.00412	0.00396	0.00679	0.02474	0.01203	0.14911	0.33425	0.35036	0.01105	0.00549	0.00154	0.03861	0.02355	0.00393	0.00367
21	0.00598	0.00473	0.02029	0.03332	0.02195	0.00423	0.00446	0.00770	0.01043	0.01435	0.41639	0.12806	0.20663	0.00916	0.00486	0.00139	0.00239	0.03973	0.06002	0.00391
22	0.00576	0.00393	0.00469	0.00504	0.00513	0.00384	0.00303	0.00602	0.00681	0.00907	0.01680	0.32178	0.01977	0.55188	0.01566	0.00323	0.00349	0.00820	0.00303	0.00286
23	0.04072	0.00762	0.00950	0.00822	0.00988	0.04319	0.00662	0.01431	0.09150	0.27788	0.01252	0.05503	0.01004	0.01190	0.19081	0.00266	0.19432	0.00448	0.00342	0.00540
24	0.00691	0.00613	0.00799	0.02042	0.05991	0.03789	0.06560	0.00938	0.09705	0.01221	0.03883	0.34310	0.21874	0.00978	0.00498	0.00153	0.00328	0.04838	0.00361	0.00428
25	0.00594	0.00446	0.00494	0.00496	0.00616	0.00399	0.00361	0.00742	0.04422	0.04465	0.08933	0.18829	0.50093	0.06452	0.00604	0.00163	0.00241	0.00882	0.00394	0.00377
26	0.00803	0.00769	0.01341	0.75225	0.02778	0.00929	0.07746	0.01084	0.00852	0.01097	0.00797	0.03310	0.00625	0.00438	0.00430	0.00141	0.00564	0.00405	0.00194	0.00472
27	0.00533	0.00415	0.00489	0.00525	0.00621	0.00370	0.00390	0.00651	0.00941	0.01197	0.12900	0.28220	0.40230	0.01126	0.00518	0.00155	0.00240	0.09721	0.00399	0.00359
28	0.71982	0.04489	0.02880	0.00600	0.00881	0.00937	0.00514	0.01335	0.00783	0.11386	0.00716	0.00776	0.00530	0.00404	0.00283	0.00128	0.00342	0.00253	0.00285	0.00494
29	0.00546	0.00385	0.00494	0.00560	0.00584	0.00371	0.00369	0.00608	0.00755	0.01008	0.02029	0.56618	0.03461	0.22798	0.05099	0.00257	0.00333	0.03056	0.00347	0.00322
30	0.00687	0.00428	0.00490	0.00475	0.00503	0.00418	0.00281	0.00703	0.00667	0.06095	0.01493	0.02731	0.05544	0.75584	0.01947	0.00376	0.00395	0.00613	0.00279	0.00289
31	0.00649	0.04743	0.00709	0.00635	0.00700	0.00568	0.00479	0.00748	0.00681	0.00944	0.01193	0.02068	0.01219	0.25373	0.46482	0.03075	0.03581	0.05565	0.00239	0.00348
32	0.22095	0.04363	0.06070	0.02257	0.00982	0.09020	0.00650	0.03040	0.02127	0.05481	0.03154	0.15684	0.01488	0.00768	0.00432	0.00150	0.00402	0.21056	0.00324	0.00458
33	0.01141	0.82318	0.02165	0.00733	0.01087	0.04764	0.00723	0.01275	0.00867	0.00991	0.00587	0.00678	0.00540	0.00362	0.00274	0.00091	0.00461	0.00227	0.00181	0.00537
34	0.00969	0.00993	0.01194	0.09605	0.13607	0.14943	0.04085	0.01144	0.03260	0.01108	0.01003	0.05048	0.02846	0.09814	0.00888	0.00178	0.24200	0.04408	0.00234	0.00473
35	0.00960	0.35031	0.04202	0.06185	0.01229	0.02625	0.08564	0.01138	0.00902	0.04238	0.06692	0.11601	0.01185	0.00579	0.00430	0.00122	0.04176	0.04416	0.00257	0.05468
36	0.02909	0.00471	0.00590	0.00637	0.00701	0.00481	0.00452	0.05361	0.04921	0.01224	0.03398	0.63226	0.02384	0.02354	0.05163	0.00197	0.01886	0.02882	0.00377	0.00387
37	0.00577	0.00443	0.00510	0.00499	0.00626	0.00393	0.00381	0.00740	0.02137	0.02798	0.33550	0.03669	0.45150	0.00977	0.00500	0.00141	0.00223	0.05885	0.00420	0.00383
38	0.01150	0.01022	0.01346	0.08001	0.25272	0.05447	0.05664	0.15699	0.24352	0.03175	0.01150	0.01313	0.00900	0.00488	0.00429	0.00134	0.00470	0.03034	0.00319	0.00635
39	0.00976	0.05361	0.07882	0.27018	0.37966	0.01015	0.01180	0.01273	0.03989	0.03926	0.00816	0.01061	0.00647	0.00420	0.00457	0.00132	0.04713	0.00367	0.00215	0.00587
40	0.01289	0.01459	0.06549	0.01196	0.07685	0.34005	0.08017	0.16117	0.02480	0.01419	0.00870	0.05160	0.00745	0.02254	0.00526	0.00133	0.07437	0.00388	0.01725	0.00546
41	0.00549	0.00438	0.00488	0.00502	0.00609	0.00399	0.00361	0.00714	0.05569	0.01200	0.12218	0.23086	0.45446	0.05759	0.00594	0.00163	0.00236	0.00908	0.00393	0.00369
42	0.01092	0.23744	0.37141	0.00997	0.01451	0.02150	0.05288	0.02604	0.04551	0.12915	0.00940	0.03734	0.00723	0.00444	0.00379	0.00123	0.00517	0.00351	0.00251	0.00603
43	0.00984	0.01003	0.07359	0.26723	0.45308	0.00966	0.05703	0.01262	0.00929	0.04566	0.00813	0.01075	0.00638	0.00395	0.00421	0.00131	0.00532	0.00378	0.00212	0.00600
44	0.01641	0.00664	0.00897	0.00714	0.00998	0.00579	0.00587	0.01807	0.01180	0.67465	0.09573	0.01874	0.04902	0.00608	0.00441	0.00134	0.00338	0.04444	0.00502	0.00653
45	0.05925	0.01125	0.05509	0.10085	0.48218	0.09091	0.05649	0.02397	0.02378	0.01346	0.00773	0.01003	0.00631	0.00405	0.00445	0.00129	0.03714	0.00361	0.00214	0.00602
46	0.03821	0.09295	0.04293	0.03312	0.09348	0.12308	0.08954	0.23070	0.03733	0.08327	0.00977	0.01064	0.02173	0.00515	0.02512	0.00134	0.00526	0.00365	0.00303	0.04969
47	0.00525	0.00375	0.00503	0.00600	0.00631	0.00353	0.00413	0.00608	0.00818	0.01088	0.02310	0.78525	0.02751	0.01305	0.00540	0.00173	0.00255	0.07491	0.00390	0.00345
48	0.00586	0.00455	0.00510	0.00504	0.00619	0.00415	0.00372	0.04129	0.00997	0.01272	0.18420	0.10024	0.44611	0.10173	0.00679	0.00173	0.00254	0.05047	0.00391	0.00368
49	0.00977	0.22078	0.58378	0.01054	0.01594	0.01118	0.01293	0.01360	0.00900	0.06480	0.00772	0.00871	0.00567	0.00398	0.00370	0.00123	0.00563	0.00297	0.00200	0.00608
50	0.01079	0.01524	0.34991	0.01496	0.19037	0.01054	0.10838	0.17346	0.04368	0.02935	0.00877	0.01010	0.00648	0.00418	0.00420	0.00131	0.00558	0.00369	0.00252	0.00646
51	0.88196	0.00813	0.00618	0.00553	0.00813	0.00943	0.00455	0.01236	0.00715	0.01886	0.00585	0.00683	0.00455	0.00390	0.00260	0.00130	0.00325	0.00228	0.00260	0.00455
52	0.82642	0.00836	0.00659	0.00579	0.00844	0.00966	0.00477	0.06364	0.00796	0.01935	0.00613	0.00704	0.00472	0.00398	0.00270	0.00130	0.00334	0.00237	0.00270	0.00472
53	0.01124	0.85479	0.02203	0.00719	0.01079	0.01663	0.00719	0.01259	0.00854	0.00989	0.00584	0.00674	0.00539	0.00360	0.00270	0.00090	0.00450	0.00225	0.00180	0.00539
54	0.00730	0.00365	0.00548	0.00548	0.00548	0.00365	0.00365	0.00548	0.00548	0.00730	0.00730	0.01278	0.00730	0.01460	0.01643	0.87769	0.00365	0.00365	0.00183	0.00183
55	0.01023	0.55518	0.31280	0.00892	0.01345	0.01416	0.01019	0.01285	0.00866	0.01112	0.00646	0.00751	0.00537	0.00374	0.00316	0.00105	0.00511	0.00256	0.00179	0.00569
56	0.00794	0.00747	0.01261	0.84216	0.02895	0.00934	0.01167	0.01074	0.00841	0.01074	0.00747	0.01121	0.00560	0.00420	0.00420	0.00140	0.00560	0.00374	0.00187	0.00467
57	0.00859	0.00814	0.01379	0.62648	0.23954	0.00951	0.01200	0.01131	0.00871	0.01153	0.00759	0.01100	0.00588	0.00408	0.00419	0.00136	0.00544	0.00374	0.00192	0.00520
58	0.01570	0.02004	0.01191	0.01083	0.01300	0.83539	0.00812	0.01679	0.01191	0.01029	0.00650	0.00758	0.00541	0.00433	0.00379	0.00108	0.00758	0.00271	0.00217	0.00487
59	0.00794	0.00747	0.01261	0.84216	0.02895	0.00934	0.01167	0.01074	0.00841	0.01074	0.00747	0.01121	0.00560	0.00420	0.00420	0.00140	0.00560	0.00374	0.00187	0.00467
60	0.00520	0.00371	0.00494	0.00584	0.00609	0.00352	0.00390	0.00593	0.00791	0.01058	0.02226	0.78048	0.02657	0.05010	0.03953	0.00201	0.00287	0.01140	0.00378	0.00339
61	0.01011	0.00969	0.01654	0.12174	0.73237	0.00991	0.01276	0.01265	0.00943	0.01338	0.00786	0.01050	0.00653	0.00380	0.00417	0.00127	0.00507	0.00374	0.00206	0.00643
62	0.01085	0.00595	0.00759	0.00643	0.00836	0.00562	0.00507	0.07624	0.04508	0.26446	0.48129	0.02388	0.02711	0.00716	0.00465	0.00132	0.00273	0.00616	0.00475	0.00530
63	0.00607	0.00460	0.00688	0.00684	0.00758	0.00541	0.00533	0.00756	0.00675	0.00977	0.01114	0.01637	0.01041	0.03104	0.81890	0.00666	0.02820	0.00449	0.00224	0.00377
64	0.00965	0.06812	0.25486	0.08406	0.06792	0.05859	0.27693	0.01367	0.06517	0.01293	0.00852	0.01055	0.00652	0.00507	0.03779	0.00154	0.00635	0.00391	0.00213	0.00573
65	0.75962	0.00799	0.00669	0.00580	0.00850	0.00897	0.00478	0.01351	0.00785	0.13369	0.00737	0.00789	0.00538	0.00409	0.00283	0.00130	0.00330	0.00255	0.00297	0.00492
66	0.00594	0.00424	0.00531	0.00576	0.00653	0.00398	0.00411	0.00739	0.04154	0.03989	0.09149	0.50443	0.18194	0.01237	0.03662	0.00179	0.00280	0.03616	0.00396	0.00377
67	0.00732	0.00648	0.00885	0.02809	0.00920	0.03506	0.00663	0.00864	0.00686	0.00988	0.00934	0.01410	0.00882	0.03655	0.53035	0.00493	0.25852	0.00421	0.00212	0.00404
68	0.00859	0.00571	0.00719	0.09280	0.04624	0.01967	0.00552	0.06517	0.00946	0.06818	0.01510	0.22461	0.01461	0.04812	0.01983	0.00157	0.02346	0.04024	0.27954	0.00440
69	0.00595	0.00430	0.00578	0.00654	0.00727	0.00412	0.00516	0.00738	0.00930	0.01227	0.11165	0.34987	0.07570	0.01181	0.00550	0.00175	0.00301	0.36499	0.00397	0.00369
70	0.01518	0.00887	0.01060	0.00847	0.01142	0.00921	0.01823	0.27512	0.17285	0.33702	0.02332	0.01351	0.01011	0.00695	0.05757	0.00166	0.00439	0.00425	0.00446	0.00678
71	0.00642	0.00497	0.00552	0.00525	0.00662	0.00478	0.00398	0.00954	0.13315	0.01468	0.31911	0.03118	0.34348	0.00863	0.00468	0.00135	0.00224	0.00734	0.08288	0.00420
72	0.00797	0.00839	0.06506	0.78892	0.02826	0.00937	0.01192	0.01091	0.00844	0.01091	0.00748	0.01106	0.00559	0.00419	0.00419	0.00140	0.00564	0.00370	0.00186	0.00477

[dist]
# distance from previous block
# <min> <max>
0	1

[block]
# block no. 6 follows, 63 sequences, length 38
# corresponding to MSA columns:
# 486-523
name=unknown_G
#
# <colnr> <probs for GDERKNQSTAVLIFYWHMCP>
#	G	D	E	R	K	N	Q	S	T	A	V	L	I	F	Y	W	H	M	C	P
0	0.01244	0.41103	0.10758	0.00961	0.01320	0.19277	0.07276	0.09498	0.01063	0.02944	0.00704	0.00803	0.00575	0.00398	0.00344	0.00107	0.00556	0.00286	0.00222	0.00561
1	0.00614	0.00419	0.00518	0.00523	0.00537	0.00437	0.00330	0.00637	0.00635	0.00863	0.01329	0.09423	0.01494	0.58474	0.15299	0.05118	0.02196	0.00616	0.00256	0.00282
2	0.01157	0.02458	0.03000	0.01979	0.54268	0.06430	0.01086	0.07745	0.01063	0.08909	0.00987	0.07236	0.00847	0.00472	0.00421	0.00127	0.00483	0.00429	0.00267	0.00636
3	0.14067	0.01172	0.19338	0.04548	0.12748	0.03150	0.08456	0.03335	0.09274	0.11269	0.01079	0.06810	0.00872	0.00499	0.00408	0.00136	0.00476	0.01492	0.00289	0.00584
4	0.05316	0.00742	0.00969	0.00752	0.01071	0.00672	0.00619	0.04530	0.04860	0.73417	0.01597	0.01394	0.01018	0.00517	0.00416	0.00131	0.00359	0.00416	0.00502	0.00703
5	0.01764	0.00807	0.04289	0.00778	0.01109	0.00690	0.00663	0.07399	0.04241	0.69412	0.01634	0.01440	0.02698	0.00528	0.00423	0.00131	0.00372	0.00427	0.00494	0.00702
6	0.03947	0.09496	0.16041	0.01077	0.10141	0.10984	0.01992	0.09771	0.05646	0.05090	0.03304	0.01005	0.00754	0.00423	0.00385	0.00111	0.01505	0.00328	0.00267	0.17733
7	0.00707	0.00543	0.00656	0.00672	0.00746	0.05854	0.03681	0.01997	0.00857	0.05473	0.01962	0.58151	0.02247	0.10373	0.02195	0.00198	0.00342	0.02608	0.00361	0.00378
8	0.00569	0.00390	0.00471	0.00513	0.00523	0.00379	0.00313	0.00600	0.00694	0.00926	0.01749	0.37945	0.02064	0.49301	0.01453	0.00306	0.00337	0.00861	0.00313	0.00292
9	0.00517	0.00376	0.00484	0.00563	0.00602	0.00347	0.00379	0.00596	0.00830	0.01097	0.05765	0.70855	0.10930	0.03803	0.00579	0.00173	0.00244	0.01128	0.00389	0.00342
10	0.01098	0.77910	0.09549	0.00763	0.01146	0.01601	0.00795	0.01265	0.00857	0.01020	0.00600	0.00694	0.00539	0.00363	0.00282	0.00094	0.00465	0.00233	0.00180	0.00547
11	0.06096	0.00978	0.01059	0.00858	0.01150	0.01071	0.00695	0.38137	0.26076	0.14449	0.01311	0.01245	0.00936	0.00520	0.00410	0.00131	0.00391	0.00407	0.03406	0.00675
12	0.00555	0.00411	0.00521	0.00556	0.00632	0.00380	0.00403	0.00697	0.02022	0.01308	0.29280	0.38226	0.16170	0.01104	0.00518	0.00154	0.00234	0.06045	0.00415	0.00369
13	0.01582	0.01042	0.01160	0.00888	0.01220	0.01100	0.00732	0.58695	0.01727	0.17697	0.01121	0.01091	0.00778	0.00493	0.00410	0.00122	0.00426	0.00378	0.02313	0.07026
14	0.01046	0.00903	0.00951	0.00855	0.01093	0.01046	0.00665	0.02234	0.81845	0.01759	0.01711	0.01568	0.01283	0.00570	0.00428	0.00143	0.00333	0.00475	0.00428	0.00665
15	0.00611	0.00408	0.00458	0.00458	0.00458	0.00408	0.00255	0.00611	0.00611	0.00815	0.01325	0.02751	0.01528	0.85226	0.02140	0.00408	0.00408	0.00611	0.00255	0.00255
16	0.07387	0.00906	0.00937	0.00837	0.01080	0.01047	0.00655	0.04859	0.73230	0.01798	0.01605	0.01485	0.01204	0.00555	0.00415	0.00141	0.00337	0.00454	0.00415	0.00652
17	0.01628	0.01112	0.01218	0.00954	0.01281	0.01198	0.00778	0.60904	0.09890	0.14586	0.01223	0.01194	0.00865	0.00545	0.00442	0.00137	0.00450	0.00410	0.00451	0.00733
18	0.00748	0.00573	0.00740	0.00708	0.00837	0.00651	0.00551	0.01161	0.21450	0.03717	0.01487	0.01772	0.06173	0.02282	0.54582	0.00489	0.00843	0.00483	0.00296	0.00459
19	0.00843	0.02174	0.83048	0.01198	0.01819	0.00976	0.01553	0.01331	0.00888	0.01331	0.00754	0.00888	0.00533	0.00399	0.00399	0.00133	0.00621	0.00311	0.00178	0.00621
20	0.00511	0.00369	0.00484	0.00577	0.00607	0.00342	0.00386	0.00586	0.00813	0.01076	0.02421	0.80627	0.07039	0.01304	0.00534	0.00169	0.00242	0.01179	0.00390	0.00342
21	0.00679	0.00457	0.00568	0.00621	0.00709	0.00455	0.00498	0.00875	0.04207	0.01272	0.02067	0.12703	0.06991	0.09431	0.00659	0.00187	0.00319	0.37816	0.19107	0.00379
22	0.02720	0.23894	0.10352	0.00846	0.01206	0.01199	0.00784	0.22874	0.16034	0.01687	0.00949	0.00982	0.00733	0.00435	0.00360	0.00111	0.00427	0.00325	0.00302	0.13781
23	0.00601	0.00448	0.00664	0.00664	0.00735	0.00519	0.00511	0.00743	0.00672	0.00967	0.01137	0.01711	0.01077	0.07560	0.79188	0.00661	0.01087	0.00459	0.00227	0.00369
24	0.01119	0.11076	0.18248	0.03770	0.15809	0.05999	0.03279	0.16269	0.06560	0.02532	0.00870	0.00997	0.00676	0.00516	0.03243	0.00139	0.01547	0.00343	0.00260	0.06749
25	0.02929	0.11253	0.06489	0.01018	0.02187	0.08835	0.11883	0.09268	0.31880	0.06655	0.01239	0.01240	0.02276	0.00485	0.00409	0.00130	0.00470	0.00407	0.00332	0.00616
26	0.00572	0.00398	0.00463	0.00490	0.00512	0.00384	0.00299	0.00603	0.00702	0.00921	0.01912	0.25746	0.10462	0.52962	0.01520	0.00314	0.00341	0.00803	0.00307	0.00289
27	0.00669	0.00450	0.00566	0.00525	0.00649	0.00405	0.00398	0.00848	0.01147	0.07424	0.61754	0.03189	0.18641	0.00874	0.00491	0.00134	0.00213	0.00760	0.00453	0.00412
28	0.00860	0.00653	0.00840	0.11276	0.06519	0.00704	0.00615	0.02328	0.19303	0.07115	0.11340	0.06185	0.07567	0.19277	0.00850	0.00200	0.02970	0.00578	0.00343	0.00477
29	0.00621	0.00477	0.00669	0.00673	0.00746	0.02038	0.00518	0.00764	0.00703	0.01005	0.01229	0.09594	0.01199	0.02801	0.70022	0.00590	0.02513	0.00515	0.02947	0.00376
30	0.01331	0.00879	0.00988	0.00837	0.01109	0.00954	0.00666	0.10022	0.51773	0.24127	0.01627	0.01475	0.01160	0.00550	0.00426	0.00138	0.00352	0.00451	0.00452	0.00684
31	0.00664	0.00477	0.00591	0.00546	0.00668	0.00447	0.00414	0.04123	0.02878	0.03648	0.65192	0.03096	0.13940	0.00857	0.00490	0.00133	0.00218	0.00747	0.00452	0.00418
32	0.00547	0.00409	0.00523	0.00557	0.00630	0.00392	0.00402	0.00662	0.00877	0.01165	0.15501	0.33579	0.20109	0.05154	0.14487	0.00254	0.00389	0.03637	0.00368	0.00357
33	0.01214	0.00732	0.00859	0.00725	0.00953	0.00750	0.00577	0.14520	0.19789	0.23257	0.19066	0.03478	0.03183	0.00635	0.00435	0.00132	0.00318	0.01677	0.07108	0.00592
34	0.27909	0.00880	0.00899	0.00728	0.01007	0.00952	0.00596	0.30575	0.03561	0.16704	0.01061	0.01070	0.00755	0.00473	0.00357	0.00125	0.00366	0.00345	0.11045	0.00595
35	0.03654	0.00633	0.00768	0.00725	0.00897	0.00641	0.00594	0.14097	0.05149	0.11326	0.10994	0.10812	0.08824	0.00898	0.00498	0.00157	0.00342	0.28087	0.00416	0.00490
36	0.00615	0.00438	0.00517	0.00516	0.00625	0.00398	0.00376	0.00746	0.02056	0.05595	0.18039	0.18321	0.36867	0.06976	0.05810	0.00196	0.00296	0.00843	0.00392	0.00378
37	0.06140	0.00978	0.01092	0.00863	0.01175	0.01041	0.00706	0.40736	0.14971	0.25907	0.01293	0.01208	0.00891	0.00514	0.00414	0.00130	0.00403	0.00400	0.00442	0.00693

[dist]
# distance from previous block
# <min> <max>
0	1

[block]
# block no. 7 follows, 63 sequences, length 20
# corresponding to MSA columns:
# 525-544
name=unknown_H
#
# <colnr> <probs for GDERKNQSTAVLIFYWHMCP>
#	G	D	E	R	K	N	Q	S	T	A	V	L	I	F	Y	W	H	M	C	P
0	0.01038	0.23914	0.26592	0.01203	0.15778	0.05827	0.01044	0.01309	0.00918	0.04263	0.00742	0.00868	0.00591	0.00377	0.00354	0.00108	0.00504	0.00291	0.00210	0.14069
1	0.00794	0.00747	0.01261	0.84216	0.02895	0.00934	0.01167	0.01074	0.00841	0.01074	0.00747	0.01121	0.00560	0.00420	0.00420	0.00140	0.00560	0.00374	0.00187	0.00467
2	0.02474	0.00842	0.00933	0.03312	0.11118	0.09950	0.00638	0.04167	0.06524	0.01503	0.26578	0.01703	0.03062	0.00547	0.00407	0.00110	0.00362	0.00462	0.00327	0.24980
3	0.06796	0.43694	0.14364	0.00873	0.01232	0.01316	0.06241	0.07567	0.00968	0.01318	0.07686	0.00988	0.00848	0.00438	0.00384	0.00113	0.04076	0.00321	0.00231	0.00547
4	0.00552	0.00402	0.00532	0.00584	0.00626	0.00380	0.02042	0.00629	0.00800	0.01059	0.04227	0.55080	0.07752	0.17665	0.00848	0.00215	0.00291	0.05619	0.00362	0.00334
5	0.00946	0.00919	0.01610	0.32264	0.46647	0.00981	0.08098	0.01216	0.00918	0.01262	0.00780	0.01078	0.00625	0.00389	0.00425	0.00132	0.00540	0.00385	0.00201	0.00585
6	0.01170	0.17115	0.20836	0.01226	0.11623	0.03626	0.08080	0.14561	0.09427	0.06976	0.00933	0.01011	0.00701	0.00429	0.00393	0.00124	0.00512	0.00353	0.00275	0.00629
7	0.01019	0.00977	0.01668	0.09592	0.75758	0.00993	0.01280	0.01272	0.00947	0.01348	0.00787	0.01047	0.00657	0.00378	0.00417	0.00126	0.00505	0.00374	0.00206	0.00649
8	0.00578	0.00425	0.00540	0.00519	0.00619	0.00388	0.00387	0.00757	0.01138	0.01581	0.67889	0.08026	0.13763	0.00912	0.00498	0.00136	0.00203	0.00802	0.00449	0.00388
9	0.00654	0.00448	0.00529	0.00503	0.00637	0.00392	0.00379	0.00798	0.01057	0.08361	0.33419	0.08814	0.40550	0.00957	0.00493	0.00139	0.00222	0.00820	0.00429	0.00401
10	0.03499	0.31123	0.06432	0.09154	0.20803	0.07350	0.00947	0.08202	0.01020	0.06679	0.00771	0.00902	0.00617	0.00401	0.00357	0.00114	0.00497	0.00309	0.00235	0.00588
11	0.28396	0.00904	0.00939	0.00750	0.01045	0.00970	0.00617	0.32453	0.01332	0.21486	0.01056	0.01045	0.00736	0.00472	0.00363	0.00126	0.00378	0.00343	0.05975	0.00614
12	0.01237	0.00899	0.00982	0.00737	0.01085	0.06018	0.00595	0.15693	0.01153	0.16814	0.00958	0.00994	0.00712	0.00393	0.00356	0.00089	0.00376	0.00306	0.00329	0.50273
13	0.00843	0.02174	0.83048	0.01198	0.01819	0.00976	0.01553	0.01331	0.00888	0.01331	0.00754	0.00888	0.00533	0.00399	0.00399	0.00133	0.00621	0.00311	0.00178	0.00621
14	0.00532	0.00425	0.00476	0.00468	0.00590	0.00369	0.00349	0.00669	0.01033	0.01325	0.31471	0.06873	0.51931	0.01003	0.00498	0.00140	0.00209	0.00855	0.00416	0.00369
15	0.00734	0.00692	0.00933	0.05143	0.10538	0.08223	0.08791	0.00872	0.00888	0.01136	0.01870	0.49907	0.06643	0.00967	0.00496	0.00153	0.00383	0.00883	0.00325	0.00423
16	0.06952	0.01431	0.34676	0.01093	0.01546	0.00937	0.12612	0.09165	0.05243	0.20678	0.01043	0.01084	0.00718	0.00440	0.00413	0.00133	0.00522	0.00373	0.00305	0.00636
17	0.00712	0.03630	0.02520	0.00648	0.00818	0.00514	0.07299	0.00899	0.01086	0.06826	0.44033	0.06110	0.21606	0.00832	0.00483	0.00135	0.00276	0.00733	0.00409	0.00430
18	0.00574	0.00414	0.00505	0.00555	0.00627	0.00382	0.00385	0.00700	0.03803	0.03574	0.04875	0.54438	0.22792	0.03599	0.00564	0.00167	0.00246	0.01040	0.00394	0.00367
19	0.20598	0.08157	0.04043	0.00807	0.01027	0.01035	0.00691	0.06680	0.06019	0.01437	0.00752	0.00951	0.00641	0.02034	0.04930	0.00163	0.23604	0.00317	0.00247	0.15868

[dist]
# distance from previous block
# <min> <max>
1	64

[block]
# block no. 8 follows, 63 sequences, length 28
# corresponding to MSA columns:
# 614-641
name=unknown_I
#
# <colnr> <probs for GDERKNQSTAVLIFYWHMCP>
#	G	D	E	R	K	N	Q	S	T	A	V	L	I	F	Y	W	H	M	C	P
0	0.00651	0.00574	0.03220	0.04700	0.00828	0.04473	0.02090	0.00775	0.01789	0.02119	0.04076	0.34714	0.11379	0.14968	0.09292	0.00250	0.00424	0.02981	0.00327	0.00370
1	0.01001	0.01957	0.05382	0.02440	0.01187	0.00752	0.05832	0.12692	0.03730	0.03784	0.02775	0.01132	0.02326	0.00406	0.00365	0.00092	0.00381	0.01776	0.00289	0.51701
