[name]
unknown

[dist]
# distance from previous block
# <min> <max>
11	253

[block]
# block no. 0 follows, 62 sequences, length 30
# corresponding to MSA columns:
# 280-309
name=unknown_A
#
# <colnr> <probs for GDERKNQSTAVLIFYWHMCP>
#	G	D	E	R	K	N	Q	S	T	A	V	L	I	F	Y	W	H	M	C	P
0	0.01127	0.02860	0.08748	0.02721	0.16633	0.01000	0.19159	0.11398	0.12405	0.08336	0.01124	0.01287	0.02218	0.04122	0.00527	0.00146	0.01847	0.00434	0.01442	0.02466
1	0.00827	0.04694	0.24539	0.00935	0.06643	0.00714	0.00845	0.01086	0.03365	0.07457	0.06298	0.24160	0.04271	0.07133	0.01751	0.00174	0.02388	0.01911	0.00309	0.00499
2	0.01163	0.19725	0.21630	0.01004	0.01403	0.05241	0.09589	0.07086	0.07687	0.11891	0.01016	0.04643	0.00798	0.00466	0.00394	0.00123	0.00505	0.00383	0.00282	0.04973
3	0.01011	0.27215	0.20244	0.01026	0.04004	0.01166	0.09510	0.08577	0.06328	0.01375	0.05036	0.02168	0.02409	0.04355	0.00487	0.00137	0.01714	0.02417	0.00254	0.00566
4	0.59948	0.12387	0.00908	0.00636	0.00893	0.04800	0.00533	0.02545	0.00796	0.04360	0.00680	0.00832	0.00559	0.03321	0.03072	0.00154	0.02578	0.00265	0.00258	0.00478
5	0.00631	0.03301	0.05662	0.00598	0.00702	0.00502	0.00463	0.02206	0.01846	0.01155	0.13259	0.24518	0.10540	0.22550	0.09906	0.00274	0.00411	0.00772	0.00333	0.00371
6	0.13336	0.47494	0.12374	0.00823	0.01183	0.01359	0.02924	0.04699	0.00911	0.03989	0.00747	0.00951	0.00643	0.00433	0.00357	0.00114	0.03186	0.03702	0.00225	0.00550
7	0.01336	0.03352	0.01168	0.00949	0.01209	0.17416	0.04390	0.24131	0.23049	0.06892	0.01225	0.04801	0.00959	0.00546	0.00444	0.00131	0.02690	0.00428	0.04268	0.00615
8	0.00644	0.00469	0.00552	0.00532	0.00638	0.00448	0.00388	0.00843	0.05732	0.01354	0.27914	0.06617	0.16554	0.16018	0.04568	0.00209	0.00305	0.03280	0.08773	0.04162
9	0.00561	0.00504	0.04067	0.00526	0.00662	0.00404	0.00420	0.00719	0.01042	0.01368	0.33905	0.11297	0.39734	0.00994	0.00503	0.00143	0.00234	0.02116	0.00414	0.00386
10	0.00596	0.00433	0.00548	0.00520	0.00621	0.00398	0.00387	0.00781	0.01156	0.01619	0.70167	0.03228	0.11720	0.03690	0.00554	0.00143	0.00209	0.00770	0.02067	0.00392
11	0.00570	0.00434	0.00524	0.00501	0.00616	0.00388	0.00376	0.00740	0.01128	0.01524	0.56653	0.03479	0.29643	0.00938	0.00502	0.00137	0.00206	0.00812	0.00444	0.00388
12	0.01172	0.64219	0.06906	0.00869	0.01245	0.05287	0.07251	0.03922	0.00942	0.03830	0.00677	0.00773	0.00576	0.00380	0.00314	0.00101	0.00498	0.00269	0.00206	0.00562
13	0.48993	0.01326	0.00891	0.00803	0.01038	0.35063	0.00628	0.01428	0.00921	0.01517	0.00618	0.00732	0.00501	0.00426	0.00356	0.00125	0.03666	0.00254	0.00242	0.00474
14	0.00695	0.00441	0.00554	0.00547	0.00655	0.00399	0.00402	0.00839	0.01036	0.09141	0.33619	0.26437	0.17265	0.00988	0.00496	0.00145	0.00232	0.00867	0.04833	0.00408
15	0.00882	0.00756	0.00882	0.00630	0.01008	0.00567	0.00504	0.01071	0.00882	0.01387	0.00756	0.00882	0.00630	0.00315	0.00315	0.00063	0.00315	0.00252	0.00252	0.87647
16	0.00837	0.00841	0.07359	0.02178	0.17809	0.02199	0.13082	0.01081	0.01068	0.04789	0.30967	0.02236	0.12438	0.00655	0.00472	0.00135	0.00398	0.00603	0.00340	0.00511
17	0.00629	0.00443	0.00564	0.00529	0.00642	0.00403	0.00398	0.00817	0.01175	0.04112	0.69703	0.03243	0.13970	0.00886	0.00500	0.00135	0.00208	0.00776	0.00461	0.00406
18	0.25673	0.10316	0.10801	0.00794	0.03397	0.02931	0.00703	0.04771	0.08231	0.01571	0.00792	0.00880	0.00626	0.00391	0.00327	0.00107	0.00397	0.00281	0.00261	0.26749
19	0.03907	0.01361	0.29788	0.03204	0.06242	0.02797	0.07309	0.05017	0.03241	0.09404	0.00892	0.00998	0.00657	0.00399	0.00389	0.00115	0.00497	0.00334	0.00259	0.23189
20	0.01153	0.18672	0.36688	0.00992	0.01442	0.04640	0.01084	0.10677	0.07256	0.10089	0.02811	0.01027	0.00755	0.00447	0.00386	0.00124	0.00520	0.00338	0.00273	0.00625
21	0.00992	0.00931	0.01499	0.31317	0.37992	0.02153	0.04944	0.06615	0.04348	0.01370	0.00883	0.03471	0.00723	0.00440	0.00430	0.00135	0.00524	0.00411	0.00232	0.00589
22	0.00699	0.00650	0.04779	0.05116	0.13438	0.00606	0.03807	0.00860	0.00862	0.01190	0.10951	0.25911	0.03510	0.11845	0.08608	0.00236	0.03242	0.02953	0.00307	0.00429
23	0.08079	0.05770	0.32360	0.01064	0.01534	0.00910	0.15159	0.01313	0.00916	0.06248	0.00811	0.00943	0.00605	0.00378	0.00382	0.00116	0.00517	0.00328	0.00232	0.22335
24	0.01011	0.05183	0.01645	0.06331	0.68580	0.00996	0.01206	0.01252	0.00965	0.01362	0.04555	0.03309	0.00871	0.00428	0.00421	0.00127	0.00485	0.00411	0.00225	0.00637
25	0.00523	0.00372	0.00492	0.00586	0.00609	0.00349	0.00388	0.00594	0.00805	0.01073	0.02295	0.80657	0.02751	0.05532	0.00624	0.00185	0.00255	0.01180	0.00388	0.00341
26	0.02665	0.00876	0.08417	0.02527	0.28302	0.00763	0.07640	0.01100	0.04450	0.01355	0.10649	0.06626	0.12585	0.02953	0.04661	0.00173	0.00461	0.02979	0.00291	0.00527
27	0.09752	0.01314	0.06068	0.07876	0.21034	0.20947	0.00959	0.20195	0.02941	0.01637	0.00871	0.02094	0.01560	0.00456	0.00400	0.00126	0.00545	0.00355	0.00274	0.00595
28	0.00691	0.00485	0.00618	0.03327	0.02626	0.00468	0.00434	0.00877	0.04178	0.05121	0.42302	0.04949	0.10269	0.19530	0.00863	0.00199	0.00285	0.01980	0.00398	0.00398
29	0.00535	0.02488	0.00519	0.00527	0.00614	0.00389	0.00375	0.00636	0.00913	0.01167	0.10509	0.43285	0.34191	0.01165	0.00517	0.00156	0.00235	0.01022	0.00397	0.00361

[dist]
# distance from previous block
# <min> <max>
3	29

[block]
# block no. 1 follows, 62 sequences, length 14
# corresponding to MSA columns:
# 341,351-363
name=unknown_B
#
# <colnr> <probs for GDERKNQSTAVLIFYWHMCP>
#	G	D	E	R	K	N	Q	S	T	A	V	L	I	F	Y	W	H	M	C	P
0	0.01211	0.00981	0.01000	0.00854	0.01103	0.04465	0.00673	0.25889	0.44204	0.01972	0.01428	0.01424	0.01084	0.03505	0.00477	0.00143	0.00385	0.00440	0.08120	0.00642
1	0.04835	0.01925	0.06009	0.04127	0.45138	0.00838	0.00994	0.03342	0.00935	0.01343	0.01293	0.16906	0.05570	0.02717	0.02042	0.00154	0.00450	0.00558	0.00262	0.00561
2	0.79863	0.00828	0.00706	0.04903	0.04438	0.00957	0.00534	0.01245	0.00741	0.01845	0.00610	0.00729	0.00475	0.00396	0.00278	0.00132	0.00349	0.00244	0.00257	0.00471
3	0.00616	0.00449	0.00601	0.00594	0.00652	0.00489	0.00430	0.00724	0.00730	0.01025	0.08545	0.02254	0.05926	0.27268	0.43614	0.00501	0.02544	0.00554	0.02139	0.00346
4	0.04833	0.00503	0.00596	0.00549	0.00707	0.00457	0.00417	0.01041	0.01011	0.19852	0.15746	0.14643	0.24474	0.03808	0.00518	0.00148	0.00261	0.00724	0.09259	0.00452
5	0.00605	0.00410	0.00465	0.00474	0.00483	0.00404	0.00273	0.00616	0.00652	0.00863	0.01564	0.10106	0.05307	0.73835	0.01947	0.00379	0.00389	0.00684	0.00276	0.00270
6	0.00676	0.00480	0.00579	0.00571	0.00689	0.00453	0.00425	0.00909	0.08168	0.05868	0.30028	0.20804	0.22347	0.02548	0.00535	0.00153	0.00246	0.03676	0.00428	0.00418
7	0.00922	0.09019	0.67211	0.01144	0.01708	0.04522	0.01410	0.01417	0.06316	0.01335	0.00810	0.00921	0.00591	0.00414	0.00394	0.00131	0.00601	0.00317	0.00199	0.00619
8	0.00628	0.00435	0.00611	0.00619	0.00673	0.00480	0.00456	0.00722	0.00685	0.00975	0.01240	0.05448	0.01246	0.18001	0.51220	0.08271	0.00833	0.03121	0.03996	0.00340
9	0.03875	0.01145	0.13345	0.04490	0.05742	0.08742	0.02054	0.12328	0.02825	0.25977	0.05466	0.01315	0.00983	0.00498	0.00415	0.00126	0.00464	0.02352	0.00358	0.07500
10	0.03323	0.12171	0.01329	0.02725	0.02455	0.16670	0.03523	0.25343	0.20857	0.02800	0.01067	0.02439	0.00830	0.00501	0.00419	0.00126	0.02092	0.00380	0.00334	0.00617
11	0.03449	0.02301	0.01153	0.03803	0.03656	0.00759	0.08622	0.07600	0.01080	0.23587	0.04444	0.01289	0.00938	0.00460	0.00423	0.00112	0.02645	0.02667	0.00343	0.30669
12	0.05118	0.03978	0.30605	0.09948	0.08509	0.05100	0.07612	0.03746	0.04029	0.12379	0.02604	0.02800	0.00780	0.00455	0.00414	0.00133	0.00539	0.00384	0.00266	0.00602
13	0.01091	0.12497	0.28018	0.01116	0.02634	0.05595	0.11102	0.12871	0.01063	0.04642	0.00917	0.01116	0.02533	0.05118	0.00587	0.00147	0.07750	0.00375	0.00246	0.00581

[dist]
# distance from previous block
# <min> <max>
0	26

[block]
# block no. 2 follows, 62 sequences, length 15
# corresponding to MSA columns:
# 390-404
name=unknown_C
#
# <colnr> <probs for GDERKNQSTAVLIFYWHMCP>
#	G	D	E	R	K	N	Q	S	T	A	V	L	I	F	Y	W	H	M	C	P
0	0.01841	0.00739	0.00985	0.00766	0.01088	0.00660	0.00629	0.02089	0.07698	0.76167	0.01683	0.01459	0.01073	0.00531	0.00428	0.00133	0.00360	0.00432	0.00519	0.00720
1	0.01026	0.06773	0.16198	0.02722	0.08789	0.00859	0.05390	0.11270	0.01083	0.11100	0.06046	0.17317	0.05788	0.00676	0.00475	0.00140	0.02885	0.00579	0.00327	0.00558
2	0.01116	0.07651	0.11843	0.02943	0.06172	0.09079	0.04486	0.05363	0.02381	0.17011	0.01407	0.24657	0.01332	0.02017	0.00471	0.00143	0.00449	0.00603	0.00333	0.00544
3	0.01672	0.04084	0.00986	0.00731	0.01032	0.00700	0.00604	0.09515	0.01244	0.60090	0.03538	0.01562	0.05261	0.00553	0.00418	0.00128	0.00354	0.00446	0.06412	0.00668
4	0.00741	0.00598	0.03987	0.04189	0.05633	0.00535	0.02168	0.00995	0.05448	0.05523	0.40726	0.11110	0.08788	0.00806	0.00476	0.00138	0.00285	0.01702	0.05699	0.00454
5	0.01080	0.01044	0.08459	0.14388	0.37309	0.00981	0.08478	0.01427	0.07460	0.09991	0.00954	0.01141	0.00729	0.00434	0.00473	0.00136	0.04237	0.00398	0.00256	0.00626
6	0.05606	0.01114	0.06847	0.01179	0.09806	0.10302	0.12416	0.11682	0.09530	0.14113	0.01225	0.05615	0.02890	0.03880	0.00515	0.00146	0.01755	0.00457	0.00328	0.00595
7	0.03712	0.00555	0.00667	0.00669	0.00792	0.00563	0.00501	0.03614	0.13914	0.09561	0.03975	0.37180	0.05290	0.05339	0.00583	0.00173	0.00305	0.10154	0.01998	0.00456
8	0.01238	0.32149	0.01610	0.00964	0.01178	0.27772	0.00818	0.03667	0.00947	0.01070	0.00616	0.00790	0.00555	0.00500	0.00632	0.00125	0.24367	0.00288	0.00202	0.00511
9	0.70780	0.00915	0.00695	0.02056	0.00904	0.09199	0.00512	0.01278	0.00794	0.03224	0.00715	0.03207	0.00597	0.00445	0.00296	0.00131	0.00375	0.01762	0.01650	0.00463
10	0.00734	0.00609	0.00877	0.00950	0.10568	0.00697	0.00652	0.00956	0.06060	0.01184	0.12072	0.01836	0.01426	0.07504	0.39109	0.00415	0.11604	0.02035	0.00272	0.00440
11	0.01177	0.00908	0.01480	0.09919	0.33179	0.00880	0.10791	0.04931	0.01041	0.17031	0.01014	0.03159	0.00781	0.00431	0.00423	0.00124	0.00478	0.00408	0.00289	0.11556
12	0.00547	0.00389	0.00497	0.00564	0.00598	0.00367	0.00377	0.00622	0.00820	0.01091	0.07703	0.57738	0.06828	0.16178	0.00828	0.00212	0.00276	0.03653	0.00375	0.00336
13	0.04970	0.73304	0.02012	0.00719	0.01054	0.01549	0.00696	0.03559	0.00888	0.01096	0.00724	0.06420	0.00702	0.00436	0.00295	0.00099	0.00436	0.00299	0.00207	0.00534
14	0.01077	0.00937	0.01573	0.07958	0.66153	0.00941	0.01195	0.01316	0.00973	0.07905	0.00948	0.05412	0.00808	0.00443	0.00428	0.00130	0.00485	0.00426	0.00244	0.00647

[dist]
# distance from previous block
# <min> <max>
0	1

[block]
# block no. 3 follows, 62 sequences, length 15
# corresponding to MSA columns:
# 406-420
name=unknown_D
#
# <colnr> <probs for GDERKNQSTAVLIFYWHMCP>
#	G	D	E	R	K	N	Q	S	T	A	V	L	I	F	Y	W	H	M	C	P
0	0.00948	0.00962	0.01259	0.01087	0.01104	0.05735	0.00898	0.01046	0.00696	0.01040	0.02567	0.01002	0.00660	0.00816	0.04169	0.00198	0.74774	0.00380	0.00196	0.00462
1	0.00939	0.00804	0.01004	0.08982	0.07380	0.00881	0.03689	0.04262	0.41238	0.02903	0.09880	0.01982	0.12953	0.00637	0.00450	0.00141	0.00360	0.00548	0.00384	0.00581
2	0.00588	0.00403	0.00480	0.00509	0.00525	0.00393	0.00312	0.00624	0.00713	0.00951	0.05004	0.26328	0.03619	0.54379	0.01570	0.00323	0.00352	0.02320	0.00311	0.00293
3	0.01257	0.03647	0.01174	0.11004	0.06049	0.00931	0.04343	0.21902	0.06913	0.18299	0.06322	0.06161	0.01168	0.05404	0.00569	0.00152	0.03255	0.00483	0.00372	0.00597
4	0.00739	0.00462	0.00599	0.00559	0.00682	0.00419	0.00421	0.00915	0.01148	0.11073	0.58573	0.11322	0.09658	0.00893	0.00497	0.00138	0.00225	0.00784	0.00462	0.00430
5	0.01355	0.01584	0.01134	0.08892	0.01383	0.53900	0.00807	0.06217	0.07663	0.01203	0.00965	0.01088	0.04333	0.00645	0.05168	0.00152	0.02402	0.00348	0.00253	0.00506
6	0.00801	0.00676	0.01002	0.13407	0.19814	0.00719	0.00803	0.05232	0.05556	0.01299	0.01596	0.33268	0.01698	0.00862	0.00512	0.00156	0.02534	0.09259	0.00321	0.00486
7	0.00593	0.00408	0.00496	0.00528	0.00547	0.00405	0.00335	0.00634	0.00701	0.00935	0.01702	0.24632	0.03366	0.52000	0.06079	0.00347	0.00404	0.05287	0.00303	0.00297
8	0.04105	0.17217	0.04299	0.01026	0.09036	0.09302	0.00787	0.08987	0.29198	0.04386	0.04193	0.01322	0.01037	0.00511	0.00396	0.00127	0.00438	0.02693	0.00330	0.00610
9	0.01108	0.74173	0.08552	0.00825	0.01213	0.01596	0.05200	0.01285	0.00875	0.01048	0.00620	0.00725	0.00551	0.00367	0.00296	0.00097	0.00483	0.00249	0.00184	0.00554
10	0.00661	0.00442	0.00536	0.00532	0.00611	0.00417	0.00375	0.00759	0.00885	0.05628	0.18157	0.09496	0.17953	0.30945	0.03841	0.00261	0.00339	0.07444	0.00362	0.00354
11	0.01023	0.20177	0.46050	0.01214	0.06536	0.05053	0.07861	0.01379	0.00933	0.04902	0.00772	0.00900	0.00581	0.00397	0.00385	0.00124	0.00585	0.00318	0.00202	0.00607
12	0.00956	0.04722	0.01613	0.32670	0.41000	0.01033	0.06059	0.01215	0.00910	0.01243	0.00768	0.01067	0.00622	0.00409	0.00461	0.00134	0.03959	0.00379	0.00201	0.00579
13	0.00664	0.00446	0.00604	0.00605	0.00672	0.00469	0.00437	0.00767	0.00743	0.05482	0.03631	0.14387	0.05177	0.22715	0.40722	0.00473	0.00720	0.00634	0.00290	0.00363
14	0.14174	0.01014	0.12962	0.03212	0.03521	0.06269	0.00778	0.07081	0.04588	0.16388	0.04370	0.11040	0.01307	0.00665	0.00433	0.00144	0.00425	0.10732	0.00351	0.00547

[dist]
# distance from previous block
# <min> <max>
10	23

[block]
# block no. 4 follows, 62 sequences, length 17
# corresponding to MSA columns:
# 451-467
name=unknown_E
#
# <colnr> <probs for GDERKNQSTAVLIFYWHMCP>
#	G	D	E	R	K	N	Q	S	T	A	V	L	I	F	Y	W	H	M	C	P
0	0.00944	0.03741	0.16653	0.15827	0.10641	0.03714	0.31317	0.01270	0.00955	0.01299	0.02851	0.01164	0.02480	0.00410	0.00442	0.00133	0.00603	0.00420	0.00215	0.04922
1	0.00972	0.07788	0.16346	0.00799	0.01185	0.00822	0.00765	0.03764	0.05999	0.05103	0.03200	0.01012	0.00765	0.00404	0.00401	0.00097	0.04357	0.00309	0.00265	0.45646
2	0.00679	0.00448	0.00589	0.00584	0.00636	0.00473	0.00409	0.00759	0.00696	0.04959	0.01341	0.04115	0.01398	0.42307	0.34525	0.00492	0.00697	0.04286	0.00268	0.00338
3	0.01005	0.01040	0.07180	0.01655	0.35201	0.05668	0.07873	0.01325	0.07292	0.04073	0.11732	0.01442	0.03478	0.00501	0.00478	0.00130	0.04308	0.00448	0.00277	0.04893
4	0.03050	0.22638	0.18518	0.00841	0.01232	0.02844	0.03555	0.01319	0.06039	0.05768	0.06966	0.01085	0.00905	0.00422	0.00358	0.00105	0.00436	0.00331	0.00260	0.23329
5	0.09047	0.00863	0.02508	0.09571	0.17306	0.00868	0.13852	0.04073	0.02089	0.04822	0.04501	0.06045	0.03445	0.04757	0.00574	0.00147	0.05870	0.00467	0.00270	0.08924
6	0.27921	0.07237	0.33601	0.00905	0.01334	0.05056	0.00978	0.08099	0.00964	0.05143	0.00755	0.00847	0.00558	0.00410	0.00349	0.00125	0.00491	0.00288	0.00247	0.04689
7	0.01290	0.17004	0.01377	0.00995	0.01185	0.40342	0.00807	0.04287	0.01016	0.01105	0.00696	0.00920	0.00620	0.00592	0.02971	0.00142	0.20129	0.01793	0.02230	0.00498
8	0.00551	0.00414	0.00599	0.00655	0.00701	0.00389	0.04374	0.00641	0.00824	0.01099	0.02240	0.75513	0.02658	0.03663	0.00589	0.00179	0.00280	0.03892	0.00382	0.00356
9	0.00820	0.00747	0.01191	0.30536	0.09464	0.03269	0.07946	0.00991	0.00809	0.01080	0.00957	0.09831	0.00895	0.00992	0.10520	0.10692	0.08119	0.00480	0.00219	0.00442
10	0.01247	0.01043	0.01129	0.01003	0.05385	0.10923	0.02223	0.37841	0.01362	0.01785	0.00945	0.01156	0.00767	0.01175	0.19085	0.06830	0.04841	0.00387	0.00311	0.00560
11	0.00717	0.00425	0.00599	0.00586	0.00593	0.00457	0.00400	0.00617	0.00585	0.00797	0.00883	0.01603	0.00918	0.18537	0.08708	0.56452	0.06256	0.00428	0.00203	0.00236
12	0.00525	0.00380	0.00499	0.00590	0.00627	0.00354	0.00404	0.00608	0.00834	0.01100	0.02481	0.75153	0.08468	0.01307	0.00542	0.00172	0.00252	0.04962	0.00395	0.00349
13	0.06221	0.00947	0.08969	0.00932	0.03231	0.05538	0.07194	0.06969	0.10863	0.16481	0.01534	0.21317	0.01413	0.00724	0.00457	0.00147	0.00421	0.05719	0.00368	0.00555
14	0.01135	0.63725	0.15301	0.00843	0.01236	0.09416	0.00875	0.01327	0.00903	0.01062	0.00626	0.00726	0.00545	0.00378	0.00305	0.00100	0.00513	0.00246	0.00185	0.00555
15	0.00981	0.04099	0.15462	0.05004	0.05750	0.00756	0.02647	0.03099	0.01833	0.08195	0.01003	0.01108	0.04015	0.00442	0.01601	0.00107	0.00424	0.00331	0.00265	0.42881
16	0.01094	0.28830	0.07808	0.12133	0.14867	0.04234	0.00928	0.07944	0.00991	0.05550	0.00868	0.04711	0.00749	0.01944	0.03676	0.00147	0.02354	0.00367	0.00240	0.00564

[dist]
# distance from previous block
# <min> <max>
0	2

[block]
# block no. 5 follows, 62 sequences, length 9
# corresponding to MSA columns:
# 470-478
name=unknown_F
#
# <colnr> <probs for GDERKNQSTAVLIFYWHMCP>
#	G	D	E	R	K	N	Q	S	T	A	V	L	I	F	Y	W	H	M	C	P
0	0.18757	0.00631	0.00674	0.00578	0.00790	0.00640	0.00462	0.05387	0.03734	0.23816	0.04512	0.01403	0.01058	0.00502	0.00345	0.00119	0.00288	0.00389	0.35390	0.00525
1	0.00903	0.00854	0.01108	0.44520	0.02003	0.11857	0.02971	0.01130	0.00921	0.03317	0.08069	0.01362	0.00975	0.00823	0.10787	0.00203	0.02393	0.00414	0.04928	0.00463
2	0.01166	0.80063	0.02165	0.00751	0.01106	0.06821	0.00734	0.01301	0.00886	0.01004	0.00596	0.00688	0.00546	0.00369	0.00280	0.00092	0.00475	0.00230	0.00184	0.00543
3	0.00976	0.01089	0.02349	0.01704	0.02105	0.01024	0.73736	0.01320	0.01002	0.01355	0.00984	0.01472	0.00806	0.00431	0.00510	0.00148	0.00688	0.07512	0.00231	0.00558
4	0.00614	0.00425	0.00552	0.00557	0.00587	0.00452	0.00372	0.00668	0.00651	0.00897	0.01297	0.06740	0.01404	0.46657	0.32599	0.03714	0.00676	0.00580	0.00251	0.00306
5	0.01182	0.00725	0.00840	0.00693	0.00914	0.00734	0.00554	0.26891	0.01408	0.16357	0.26280	0.02011	0.06472	0.00654	0.00436	0.00127	0.00316	0.00541	0.12306	0.00560
6	0.00689	0.00484	0.00594	0.00589	0.00707	0.00465	0.00461	0.03339	0.04121	0.03192	0.34088	0.09336	0.15672	0.00934	0.00497	0.00147	0.00260	0.15863	0.08146	0.00415
7	0.00717	0.00555	0.00787	0.10333	0.01044	0.00561	0.05842	0.02419	0.00925	0.05249	0.07282	0.07655	0.27980	0.06228	0.12764	0.00240	0.01982	0.03775	0.03246	0.00415
8	0.00960	0.04059	0.00969	0.12676	0.06594	0.02896	0.00679	0.06750	0.05023	0.09289	0.01118	0.01593	0.00987	0.17522	0.18244	0.02366	0.04044	0.00443	0.03317	0.00472

[dist]
# distance from previous block
# <min> <max>
3	15

[block]
# block no. 6 follows, 62 sequences, length 8
# corresponding to MSA columns:
# 494-501
name=unknown_G
#
# <colnr> <probs for GDERKNQSTAVLIFYWHMCP>
#	G	D	E	R	K	N	Q	S	T	A	V	L	I	F	Y	W	H	M	C	P
0	0.04242	0.00712	0.00754	0.00697	0.00862	0.04521	0.00532	0.01435	0.33337	0.01684	0.39313	0.06136	0.02573	0.00736	0.00461	0.00139	0.00289	0.00631	0.00431	0.00514
1	0.22265	0.01076	0.11960	0.00913	0.01266	0.00946	0.08610	0.16280	0.06316	0.22068	0.03511	0.01145	0.00846	0.00473	0.00395	0.00133	0.00438	0.00378	0.00360	0.00620
2	0.00556	0.00429	0.00496	0.00485	0.00594	0.00381	0.00355	0.00694	0.01039	0.01364	0.37859	0.06780	0.38819	0.07511	0.00633	0.00161	0.00226	0.00833	0.00416	0.00369
3	0.00712	0.00476	0.00589	0.03308	0.00691	0.02517	0.00415	0.00779	0.00718	0.03590	0.01282	0.08632	0.01306	0.29959	0.23397	0.09934	0.00577	0.00547	0.10239	0.00333
4	0.00821	0.00684	0.04780	0.04691	0.01066	0.02402	0.13425	0.04048	0.02680	0.01049	0.01035	0.11165	0.01022	0.03114	0.01108	0.43404	0.00446	0.02477	0.00238	0.00347
5	0.01427	0.01755	0.01164	0.01054	0.01241	0.65744	0.00802	0.01574	0.03631	0.01081	0.03316	0.00929	0.00708	0.00617	0.04357	0.00146	0.09420	0.00315	0.00231	0.00488
6	0.08026	0.20696	0.02893	0.07610	0.02678	0.10151	0.00749	0.06504	0.25829	0.01490	0.05534	0.01320	0.01043	0.00511	0.00384	0.00127	0.00441	0.03136	0.00309	0.00568
7	0.05315	0.00875	0.05448	0.06829	0.17665	0.02091	0.04479	0.03911	0.03708	0.11532	0.08935	0.05997	0.02771	0.00571	0.01686	0.00132	0.00423	0.01693	0.00313	0.15627

[dist]
# distance from previous block
# <min> <max>
6	15

[block]
# block no. 7 follows, 62 sequences, length 8
# corresponding to MSA columns:
# 518-525
name=unknown_H
#
# <colnr> <probs for GDERKNQSTAVLIFYWHMCP>
#	G	D	E	R	K	N	Q	S	T	A	V	L	I	F	Y	W	H	M	C	P
0	0.01104	0.15621	0.22873	0.01397	0.18317	0.02985	0.07973	0.14003	0.07004	0.01534	0.00893	0.01071	0.00706	0.00436	0.00403	0.00127	0.00532	0.02140	0.00253	0.00629
1	0.00904	0.00905	0.01310	0.68462	0.09955	0.09100	0.01157	0.01167	0.00897	0.01110	0.00751	0.01091	0.00575	0.00423	0.00421	0.00137	0.00581	0.00368	0.00194	0.00493
2	0.01273	0.06384	0.21081	0.01191	0.09643	0.02915	0.09031	0.13404	0.03314	0.19118	0.01026	0.01077	0.00730	0.00435	0.00409	0.00124	0.00503	0.00368	0.00312	0.07661
3	0.02552	0.01051	0.01209	0.23016	0.11212	0.18269	0.02388	0.03448	0.02761	0.04141	0.00847	0.01177	0.00716	0.05437	0.08814	0.00207	0.11643	0.00381	0.00231	0.00501
4	0.00727	0.00374	0.00545	0.00545	0.00545	0.00374	0.00358	0.00561	0.00561	0.00748	0.00801	0.01448	0.00823	0.10139	0.01715	0.78582	0.00374	0.00395	0.00192	0.00192
5	0.09724	0.00936	0.00964	0.00848	0.01102	0.01077	0.00668	0.10949	0.64733	0.01893	0.01540	0.01436	0.01152	0.00552	0.00415	0.00141	0.00351	0.00445	0.00415	0.00658
6	0.00945	0.20263	0.51857	0.01129	0.01653	0.01154	0.08146	0.01404	0.07168	0.01306	0.00809	0.00926	0.00609	0.00405	0.00386	0.00127	0.00576	0.00324	0.00203	0.00609
7	0.03437	0.00932	0.00940	0.00839	0.01055	0.07328	0.00651	0.20136	0.33348	0.03915	0.01595	0.18942	0.01428	0.00720	0.00450	0.00144	0.00384	0.02761	0.00404	0.00590

[dist]
# distance from previous block
# <min> <max>
0	1

[block]
# block no. 8 follows, 62 sequences, length 25
# corresponding to MSA columns:
# 527-551
name=unknown_I
#
# <colnr> <probs for GDERKNQSTAVLIFYWHMCP>
#	G	D	E	R	K	N	Q	S	T	A	V	L	I	F	Y	W	H	M	C	P
0	0.00674	0.02577	0.00649	0.00602	0.00669	0.00510	0.00437	0.00770	0.00719	0.03974	0.06430	0.03204	0.01412	0.29382	0.43326	0.02751	0.00766	0.00530	0.00264	0.00353
1	0.00617	0.00443	0.00561	0.00542	0.00640	0.00413	0.00401	0.00807	0.02725	0.02575	0.59759	0.09409	0.10123	0.06336	0.00612	0.00157	0.00229	0.02817	0.00441	0.00394
2	0.00987	0.00982	0.03533	0.24478	0.14228	0.00989	0.30997	0.05925	0.03574	0.03409	0.00967	0.04363	0.00785	0.00457	0.00462	0.00141	0.00581	0.02331	0.00244	0.00565
3	0.00733	0.00372	0.00550	0.00550	0.00550	0.00372	0.00364	0.00558	0.00558	0.00744	0.00771	0.01372	0.00782	0.05908	0.01690	0.82998	0.00372	0.00383	0.00189	0.00189
4	0.01576	0.01171	0.01254	0.00971	0.01304	0.01300	0.00799	0.75132	0.07909	0.02615	0.01074	0.01064	0.00766	0.00516	0.00426	0.00129	0.00458	0.00390	0.00426	0.00720
5	0.00893	0.00772	0.00921	0.00666	0.01039	0.00599	0.02269	0.01128	0.04326	0.01403	0.00800	0.00918	0.00659	0.00327	0.00324	0.00068	0.00325	0.00267	0.00259	0.82036
6	0.00852	0.00819	0.01326	0.06738	0.26359	0.04400	0.14091	0.01050	0.00917	0.01233	0.01386	0.28925	0.01460	0.00753	0.00514	0.00151	0.03129	0.05113	0.00281	0.00506
7	0.88052	0.00823	0.00625	0.00560	0.00823	0.00955	0.00461	0.01251	0.00724	0.01909	0.00592	0.00691	0.00461	0.00395	0.00263	0.00132	0.00329	0.00230	0.00263	0.00461
8	0.01125	0.00927	0.01000	0.00903	0.02854	0.01054	0.00691	0.12126	0.65072	0.03483	0.01672	0.03624	0.02363	0.00589	0.00435	0.00142	0.00354	0.00489	0.00428	0.00668
9	0.00660	0.00462	0.00670	0.00664	0.00741	0.00520	0.00508	0.00796	0.00704	0.04042	0.01213	0.01875	0.01156	0.12497	0.68661	0.00619	0.01007	0.02580	0.00247	0.00379
10	0.00530	0.00379	0.00498	0.00584	0.00615	0.00355	0.00393	0.00608	0.00827	0.01102	0.05140	0.73711	0.05154	0.05302	0.00619	0.00183	0.00256	0.03009	0.00391	0.00345
11	0.01488	0.00712	0.00902	0.00735	0.00995	0.00676	0.00586	0.06648	0.12078	0.49018	0.12847	0.04024	0.01553	0.05082	0.00534	0.00149	0.00342	0.00511	0.00482	0.00637
12	0.01211	0.00990	0.01048	0.00897	0.01165	0.01130	0.00710	0.23750	0.59886	0.02026	0.01538	0.01433	0.01142	0.00559	0.00431	0.00140	0.00373	0.00454	0.00431	0.00687
13	0.00604	0.00424	0.00520	0.00534	0.00591	0.00412	0.00372	0.00702	0.00850	0.01156	0.18709	0.12537	0.10551	0.32324	0.06666	0.00284	0.00368	0.08519	0.03540	0.00335
14	0.00919	0.00913	0.01280	0.01101	0.01104	0.01275	0.00916	0.01014	0.00653	0.01023	0.00580	0.00958	0.00577	0.00835	0.04419	0.00205	0.81202	0.00375	0.00188	0.00462
15	0.02266	0.04006	0.01529	0.25622	0.16353	0.01973	0.15777	0.06050	0.02075	0.10041	0.00962	0.02283	0.00755	0.00451	0.00442	0.00134	0.01409	0.02667	0.00264	0.04943
16	0.00913	0.00949	0.01874	0.12634	0.11403	0.00921	0.44482	0.01207	0.00967	0.01322	0.04453	0.07410	0.00998	0.00487	0.00478	0.00140	0.00583	0.03091	0.00243	0.05446
17	0.88052	0.00823	0.00625	0.00560	0.00823	0.00955	0.00461	0.01251	0.00724	0.01909	0.00592	0.00691	0.00461	0.00395	0.00263	0.00132	0.00329	0.00230	0.00263	0.00461
18	0.00676	0.00473	0.00563	0.00527	0.00665	0.00425	0.00403	0.02880	0.01128	0.06751	0.42124	0.03414	0.34437	0.00928	0.00498	0.00139	0.00229	0.02885	0.00440	0.00414
19	0.01472	0.00773	0.01204	0.03982	0.01296	0.00708	0.15204	0.01728	0.05403	0.49587	0.05056	0.01710	0.08740	0.00561	0.00452	0.00136	0.00412	0.00501	0.00438	0.00637
20	0.00601	0.00401	0.00525	0.00585	0.00642	0.00368	0.00404	0.00698	0.00893	0.05490	0.12102	0.65648	0.07606	0.01219	0.00530	0.00164	0.00246	0.01096	0.00411	0.00373
21	0.00739	0.00370	0.00554	0.00554	0.00554	0.00370	0.00370	0.00554	0.00554	0.00739	0.00739	0.01293	0.00739	0.01478	0.01663	0.87620	0.00370	0.00370	0.00185	0.00185
22	0.78234	0.00825	0.00670	0.00587	0.00853	0.00942	0.00482	0.04679	0.00813	0.05893	0.02451	0.00797	0.00579	0.00417	0.00284	0.00132	0.00334	0.00258	0.00288	0.00484
23	0.85157	0.00826	0.00637	0.00570	0.00832	0.00958	0.00468	0.01284	0.03416	0.01905	0.00630	0.00721	0.00489	0.00401	0.00269	0.00132	0.00329	0.00239	0.00269	0.00468
24	0.01098	0.07956	0.23265	0.00975	0.06849	0.00867	0.00905	0.07499	0.01022	0.12061	0.00889	0.00967	0.00664	0.00390	0.00366	0.00103	0.00442	0.00309	0.00273	0.33099

[dist]
# distance from previous block
# <min> <max>
3	8

[block]
# block no. 9 follows, 62 sequences, length 27
# corresponding to MSA columns:
# 561-587
name=unknown_J
#
# <colnr> <probs for GDERKNQSTAVLIFYWHMCP>
#	G	D	E	R	K	N	Q	S	T	A	V	L	I	F	Y	W	H	M	C	P
0	0.00920	0.00930	0.01647	0.42678	0.17414	0.03210	0.20822	0.01206	0.00921	0.01214	0.00826	0.01211	0.00658	0.00427	0.00463	0.00141	0.01967	0.02607	0.00206	0.00533
1	0.00671	0.00564	0.00863	0.00764	0.02454	0.00514	0.14431	0.00824	0.00941	0.03524	0.08429	0.17063	0.34680	0.07293	0.01497	0.00173	0.00343	0.01788	0.02777	0.00408
2	0.08730	0.00834	0.01195	0.06644	0.10401	0.06137	0.13007	0.01238	0.01002	0.11390	0.10581	0.04347	0.01486	0.00665	0.00507	0.00149	0.04036	0.16811	0.00325	0.00513
3	0.00851	0.00814	0.01404	0.67707	0.15012	0.00962	0.04983	0.01134	0.00876	0.01146	0.00768	0.01123	0.00587	0.00415	0.00428	0.00140	0.00565	0.00384	0.00194	0.00508
4	0.00618	0.00418	0.00489	0.00489	0.00498	0.00426	0.00289	0.00635	0.00626	0.00844	0.01318	0.02656	0.01491	0.75624	0.11512	0.00444	0.00496	0.00600	0.00254	0.00272
5	0.06954	0.00951	0.05997	0.00819	0.01145	0.02599	0.02324	0.17950	0.07868	0.21462	0.02072	0.03542	0.00929	0.00580	0.02991	0.00137	0.00422	0.01621	0.00372	0.19264
6	0.00937	0.00948	0.01396	0.01169	0.01202	0.01286	0.07093	0.01050	0.00679	0.01050	0.00582	0.00948	0.00565	0.00715	0.01327	0.00183	0.77825	0.00382	0.00188	0.00474
7	0.01014	0.00970	0.04560	0.04271	0.03230	0.02135	0.14256	0.10814	0.06356	0.01545	0.00870	0.01003	0.00682	0.00375	0.00379	0.00098	0.00437	0.00336	0.00272	0.46397
8	0.29000	0.03598	0.00945	0.03262	0.01043	0.16969	0.07277	0.01170	0.00863	0.01356	0.01004	0.06188	0.01789	0.10924	0.03751	0.00188	0.01941	0.04652	0.03641	0.00438
9	0.00735	0.00489	0.00630	0.00569	0.00705	0.00450	0.00434	0.00968	0.04064	0.08161	0.69306	0.02883	0.03533	0.00808	0.00485	0.00131	0.00223	0.00709	0.00462	0.04253
10	0.01052	0.01167	0.05316	0.14410	0.19217	0.10111	0.30499	0.04511	0.03434	0.01369	0.04121	0.01163	0.00783	0.00417	0.00451	0.00134	0.00609	0.00429	0.00234	0.00575
11	0.00645	0.00493	0.00596	0.04055	0.00762	0.03045	0.00468	0.00783	0.03948	0.01114	0.01905	0.45030	0.02153	0.14816	0.03152	0.00220	0.01956	0.08988	0.05506	0.00365
12	0.00646	0.00478	0.00531	0.00502	0.00649	0.00425	0.00381	0.04320	0.01076	0.05403	0.21914	0.06872	0.53288	0.00987	0.00497	0.00141	0.00232	0.00835	0.00420	0.00403
13	0.01182	0.57276	0.11874	0.00850	0.01228	0.01457	0.03002	0.06028	0.00959	0.07889	0.00733	0.00815	0.00601	0.00407	0.00366	0.00107	0.04143	0.00278	0.00226	0.00579
14	0.00614	0.00414	0.00468	0.00466	0.00475	0.00410	0.00266	0.00627	0.00656	0.00875	0.05081	0.02843	0.04159	0.78644	0.02039	0.00392	0.00397	0.00634	0.00272	0.00267
15	0.01618	0.01192	0.01277	0.00979	0.01320	0.01320	0.00809	0.80973	0.02001	0.02682	0.01022	0.01022	0.00724	0.00511	0.00426	0.00128	0.00468	0.00383	0.00426	0.00724
16	0.04738	0.00758	0.00875	0.00632	0.01003	0.00587	0.00507	0.01121	0.00889	0.04758	0.00787	0.00897	0.00640	0.00327	0.00317	0.00069	0.00318	0.00258	0.00264	0.80254
17	0.20829	0.05668	0.00782	0.00647	0.00828	0.17303	0.02098	0.02718	0.00933	0.01497	0.01067	0.07185	0.00916	0.00512	0.00330	0.00115	0.00376	0.00385	0.35365	0.00445
18	0.00853	0.02201	0.82841	0.01213	0.01842	0.00988	0.01572	0.01348	0.00898	0.01348	0.00764	0.00898	0.00539	0.00404	0.00404	0.00135	0.00629	0.00314	0.00180	0.00629
19	0.01022	0.01016	0.01503	0.35468	0.28075	0.08993	0.08014	0.05061	0.03282	0.01295	0.00810	0.01083	0.00637	0.00427	0.00441	0.01142	0.00566	0.00382	0.00219	0.00562
20	0.00609	0.00452	0.00666	0.00666	0.00736	0.00522	0.00510	0.00749	0.00679	0.00975	0.01156	0.01760	0.01102	0.09674	0.76930	0.00662	0.01082	0.00469	0.00230	0.00370
21	0.00614	0.00409	0.00534	0.00597	0.00661	0.00377	0.00423	0.00712	0.00884	0.05905	0.06106	0.61885	0.11018	0.01227	0.00534	0.00167	0.00259	0.06908	0.00406	0.00375
22	0.00639	0.00479	0.00602	0.00569	0.00682	0.00466	0.00428	0.00925	0.08760	0.01642	0.65545	0.04840	0.07525	0.00959	0.03909	0.00159	0.00254	0.00746	0.00450	0.00423
23	0.01095	0.00924	0.00981	0.00873	0.01118	0.01062	0.00686	0.09181	0.71852	0.01843	0.01687	0.01646	0.01287	0.00592	0.00438	0.00145	0.00350	0.03142	0.00431	0.00668
24	0.00642	0.00412	0.00561	0.00568	0.00594	0.00434	0.00386	0.00644	0.00635	0.00871	0.01179	0.07635	0.01256	0.30100	0.27805	0.24599	0.00621	0.00538	0.00237	0.00283
25	0.07341	0.01167	0.01202	0.00945	0.01261	0.04846	0.00775	0.63134	0.07065	0.04738	0.01033	0.01036	0.00742	0.00510	0.00433	0.00130	0.02176	0.00376	0.00404	0.00687
26	0.01195	0.01080	0.06588	0.00835	0.01140	0.12381	0.00702	0.11766	0.04769	0.11788	0.01006	0.04433	0.00818	0.02830	0.00500	0.00118	0.06168	0.00366	0.00310	0.31207

[dist]
# distance from previous block
# <min> <max>
2	24

[block]
# block no. 10 follows, 62 sequences, length 20
# corresponding to MSA columns:
# 612-631
name=unknown_K
#
# <colnr> <probs for GDERKNQSTAVLIFYWHMCP>
#	G	D	E	R	K	N	Q	S	T	A	V	L	I	F	Y	W	H	M	C	P
0	0.01062	0.04580	0.05088	0.01465	0.19802	0.09722	0.19075	0.01330	0.03775	0.06265	0.11921	0.01375	0.01148	0.02212	0.00558	0.00139	0.07706	0.00448	0.00271	0.02057
1	0.03075	0.06129	0.03046	0.05471	0.03574	0.12920	0.09219	0.07448	0.01097	0.15999	0.08594	0.04667	0.01100	0.00530	0.00478	0.00126	0.05973	0.00432	0.02185	0.07936
2	0.00625	0.00435	0.00518	0.00526	0.00633	0.00399	0.00383	0.00734	0.00902	0.06073	0.06514	0.22770	0.37918	0.05865	0.10734	0.00229	0.00354	0.00853	0.03157	0.00378
3	0.00789	0.00671	0.00676	0.05498	0.02649	0.09906	0.00499	0.00960	0.02703	0.05893	0.20973	0.02938	0.34654	0.03522	0.00524	0.00144	0.00322	0.02376	0.03879	0.00424
4	0.00538	0.00432	0.00479	0.00468	0.00596	0.00374	0.00351	0.00678	0.01052	0.01345	0.31643	0.03773	0.54765	0.01005	0.00503	0.00140	0.00210	0.00853	0.00421	0.00374
5	0.00722	0.00376	0.00541	0.00541	0.00541	0.00376	0.00353	0.00564	0.00564	0.00751	0.00826	0.01508	0.00856	0.13532	0.01735	0.75042	0.00376	0.00405	0.00195	0.00195
6	0.01094	0.72599	0.14553	0.00802	0.01207	0.01577	0.00857	0.01285	0.00870	0.01054	0.00618	0.00716	0.00545	0.00370	0.00293	0.00098	0.00482	0.00241	0.00182	0.00559
7	0.00589	0.00473	0.00530	0.00509	0.00644	0.00435	0.00384	0.00826	0.07839	0.01424	0.35084	0.03520	0.44293	0.00953	0.00497	0.00140	0.00220	0.00812	0.00427	0.00402
8	0.04730	0.02561	0.05952	0.33281	0.13747	0.01814	0.00955	0.01199	0.02171	0.10547	0.03108	0.11875	0.01085	0.02317	0.00471	0.00147	0.00467	0.02776	0.00278	0.00520
9	0.01156	0.01005	0.01042	0.05931	0.01260	0.05405	0.00733	0.14212	0.60326	0.01837	0.01508	0.01430	0.01127	0.00551	0.00429	0.00140	0.00393	0.00449	0.00406	0.00660
10	0.76269	0.00808	0.00647	0.00574	0.00831	0.00927	0.00470	0.03771	0.02499	0.03740	0.00703	0.00792	0.00538	0.00412	0.00278	0.00130	0.00326	0.00255	0.05555	0.00476
11	0.00924	0.00949	0.08005	0.12885	0.21118	0.04002	0.08133	0.03420	0.02802	0.04346	0.07105	0.13848	0.03764	0.00633	0.00505	0.00143	0.04687	0.01911	0.00282	0.00536
12	0.00859	0.00838	0.06351	0.04841	0.21002	0.01626	0.04106	0.05870	0.01019	0.01420	0.10610	0.13811	0.04133	0.00680	0.00455	0.00135	0.00405	0.08717	0.00308	0.12814
13	0.00770	0.00666	0.01062	0.11804	0.30298	0.00680	0.00862	0.00952	0.00898	0.01222	0.01578	0.32849	0.01712	0.00854	0.00491	0.00156	0.00400	0.11958	0.00303	0.00486
14	0.00866	0.00774	0.01298	0.74733	0.08655	0.00937	0.01168	0.01143	0.00874	0.04391	0.00797	0.01141	0.00595	0.00426	0.00425	0.00140	0.00554	0.00380	0.00204	0.00497
15	0.17132	0.12194	0.06111	0.00854	0.02797	0.01115	0.00732	0.26730	0.11794	0.07076	0.06206	0.01255	0.00995	0.00512	0.00385	0.00129	0.00408	0.02612	0.00354	0.00609
16	0.00619	0.00413	0.00464	0.00464	0.00464	0.00413	0.00258	0.00619	0.00619	0.00825	0.01341	0.02785	0.01547	0.85046	0.02166	0.00413	0.00413	0.00619	0.00258	0.00258
17	0.02858	0.00984	0.08014	0.01162	0.15033	0.02954	0.00849	0.11445	0.02498	0.08150	0.09435	0.03127	0.01121	0.02718	0.01711	0.00148	0.15288	0.01370	0.00302	0.10833
18	0.18369	0.00826	0.00841	0.00745	0.02888	0.06949	0.01958	0.13160	0.04362	0.12347	0.10852	0.05586	0.03867	0.00576	0.00389	0.00126	0.00357	0.00458	0.12660	0.02684
19	0.04280	0.14078	0.15478	0.00783	0.01091	0.00889	0.00742	0.09029	0.02262	0.02876	0.04305	0.14094	0.04395	0.03100	0.00485	0.00130	0.03740	0.00487	0.00288	0.17467

[dist]
# distance from previous block
# <min> <max>
1	56

[block]
# block no. 11 follows, 62 sequences, length 7
# corresponding to MSA columns:
# 688-694
name=unknown_L
#
# <colnr> <probs for GDERKNQSTAVLIFYWHMCP>
#	G	D	E	R	K	N	Q	S	T	A	V	L	I	F	Y	W	H	M	C	P
0	0.01104	0.02599	0.05377	0.03684	0.04863	0.08268	0.10167	0.10197	0.05119	0.08708	0.10140	0.01414	0.01148	0.04800	0.00564	0.00139	0.05584	0.00430	0.05117	0.10578
1	0.00812	0.00424	0.00618	0.00601	0.00627	0.00433	0.00419	0.00691	0.00632	0.06694	0.00952	0.09330	0.00953	0.01358	0.01452	0.68445	0.04620	0.00455	0.00230	0.00253
2	0.01006	0.05731	0.01019	0.00688	0.01060	0.00744	0.00562	0.12962	0.01048	0.01557	0.00786	0.00891	0.00639	0.00347	0.00329	0.00074	0.00346	0.00270	0.00274	0.69666
3	0.00862	0.00504	0.00646	0.00623	0.00765	0.00468	0.00486	0.01029	0.02875	0.17895	0.14283	0.15257	0.19017	0.04470	0.05143	0.00194	0.00340	0.14276	0.00418	0.00448
4	0.00598	0.00411	0.00479	0.00487	0.00510	0.00400	0.00296	0.00637	0.00732	0.00980	0.11224	0.13442	0.06135	0.59980	0.01674	0.00335	0.00356	0.00727	0.00308	0.00291
5	0.00963	0.00946	0.01688	0.29528	0.44745	0.00998	0.12439	0.01241	0.00935	0.01286	0.00794	0.01093	0.00635	0.00392	0.00434	0.00134	0.00556	0.00396	0.00204	0.00593
6	0.00724	0.00375	0.00543	0.00543	0.00543	0.00375	0.00355	0.00562	0.00562	0.00750	0.00815	0.01481	0.00841	0.11992	0.01726	0.76649	0.00375	0.00401	0.00194	0.00194

[dist]
# distance from previous block
# <min> <max>
3	10

[block]
# block no. 12 follows, 62 sequences, length 9
# corresponding to MSA columns:
# 711-719
name=unknown_M
#
# <colnr> <probs for GDERKNQSTAVLIFYWHMCP>
#	G	D	E	R	K	N	Q	S	T	A	V	L	I	F	Y	W	H	M	C	P
0	0.26415	0.33332	0.17682	0.00780	0.01166	0.01221	0.00805	0.04386	0.00885	0.03483	0.00681	0.00773	0.00545	0.00388	0.00309	0.00112	0.00442	0.00258	0.00228	0.06110
1	0.01088	0.01078	0.07247	0.06428	0.45403	0.01044	0.02744	0.12770	0.10941	0.01587	0.00981	0.03453	0.00799	0.00460	0.00446	0.00133	0.02062	0.00413	0.00270	0.00652
2	0.00633	0.00473	0.00669	0.00668	0.00726	0.00542	0.00507	0.00754	0.00693	0.00979	0.01246	0.02129	0.01255	0.20064	0.55338	0.00561	0.05073	0.07084	0.00246	0.00360
3	0.00600	0.00415	0.00495	0.00507	0.00551	0.00399	0.00334	0.00678	0.00824	0.01122	0.18820	0.15178	0.08584	0.41654	0.01309	0.00277	0.00319	0.04203	0.03410	0.00320
4	0.01853	0.00737	0.00986	0.00764	0.01088	0.00654	0.00629	0.02086	0.06501	0.77371	0.01682	0.01457	0.01069	0.00530	0.00428	0.00132	0.00360	0.00431	0.00520	0.00721
5	0.00838	0.00758	0.01236	0.60922	0.11408	0.00918	0.01087	0.01097	0.00856	0.01169	0.00815	0.01160	0.00633	0.00448	0.00474	0.00138	0.05865	0.00380	0.09311	0.00487
6	0.00684	0.00515	0.00705	0.00752	0.03323	0.00494	0.02938	0.03983	0.00972	0.01311	0.07333	0.30448	0.07887	0.01057	0.00523	0.00164	0.00324	0.28150	0.03802	0.04634
7	0.20325	0.01094	0.04940	0.03603	0.08283	0.15778	0.00732	0.06013	0.12887	0.09365	0.05107	0.04046	0.05027	0.00537	0.00394	0.00131	0.00444	0.00416	0.00325	0.00554
8	0.06203	0.06859	0.09749	0.03452	0.13268	0.00848	0.09394	0.03388	0.03418	0.07328	0.05854	0.04968	0.07022	0.00511	0.00406	0.00121	0.00428	0.00447	0.00288	0.16047

[dist]
# distance from previous block
# <min> <max>
0	12

[block]
# block no. 13 follows, 62 sequences, length 8
# corresponding to MSA columns:
# 732-739
name=unknown_N
#
# <colnr> <probs for GDERKNQSTAVLIFYWHMCP>
#	G	D	E	R	K	N	Q	S	T	A	V	L	I	F	Y	W	H	M	C	P
0	0.15874	0.22695	0.04341	0.00954	0.01285	0.13941	0.10330	0.15952	0.04536	0.05165	0.00815	0.00894	0.00630	0.00424	0.00362	0.00119	0.00513	0.00319	0.00276	0.00575
1	0.10883	0.00801	0.00927	0.00837	0.03828	0.03653	0.04741	0.17103	0.08937	0.06452	0.11043	0.13657	0.04575	0.00689	0.00449	0.00138	0.01702	0.02226	0.06829	0.00530
2	0.00515	0.00415	0.00458	0.00482	0.00591	0.00359	0.00348	0.00620	0.00946	0.01174	0.09622	0.25671	0.55050	0.01131	0.00514	0.00151	0.00223	0.00972	0.00401	0.00359
3	0.03289	0.01036	0.01212	0.00951	0.01227	0.03020	0.06059	0.49677	0.01611	0.06140	0.11903	0.01372	0.01179	0.02989	0.00553	0.00142	0.06175	0.00445	0.00393	0.00628
4	0.00614	0.00500	0.00622	0.00579	0.00680	0.00509	0.00447	0.00770	0.01053	0.01433	0.45737	0.03176	0.29132	0.00921	0.00622	0.00144	0.11498	0.00758	0.00407	0.00396
5	0.00680	0.11849	0.00871	0.00669	0.00776	0.00675	0.00532	0.00816	0.00702	0.00974	0.01085	0.01645	0.01040	0.10592	0.64481	0.00578	0.00979	0.00441	0.00225	0.00391
6	0.01015	0.06703	0.61070	0.01112	0.01658	0.00960	0.04196	0.01427	0.00943	0.12264	0.00904	0.00996	0.00634	0.00420	0.00399	0.00131	0.00569	0.00335	0.03638	0.00626
7	0.01050	0.00789	0.00877	0.00796	0.01001	0.00870	0.00618	0.11263	0.43910	0.07213	0.03638	0.16479	0.01590	0.00731	0.00455	0.00147	0.00333	0.04169	0.03474	0.00596

[dist]
# distance from previous block
# <min> <max>
0	2

[block]
# block no. 14 follows, 62 sequences, length 12
# corresponding to MSA columns:
# 742-753
name=unknown_O
#
# <colnr> <probs for GDERKNQSTAVLIFYWHMCP>
#	G	D	E	R	K	N	Q	S	T	A	V	L	I	F	Y	W	H	M	C	P
0	0.00982	0.07983	0.15297	0.00965	0.08752	0.02292	0.00815	0.06337	0.04793	0.01444	0.00810	0.00925	0.00648	0.00368	0.00351	0.00092	0.00417	0.00292	0.00249	0.46188
1	0.01313	0.03664	0.01254	0.15192	0.07942	0.12552	0.00875	0.28181	0.17971	0.05177	0.01069	0.01132	0.00796	0.00486	0.00416	0.00130	0.00498	0.00384	0.00338	0.00629
2	0.00635	0.00438	0.00536	0.00572	0.00618	0.00433	0.00412	0.00715	0.00777	0.01024	0.01886	0.05747	0.07525	0.46617	0.01429	0.00307	0.00382	0.27368	0.02265	0.00316
3	0.27266	0.01163	0.13089	0.04617	0.01197	0.10918	0.00769	0.11503	0.08060	0.01638	0.02338	0.02822	0.00881	0.04590	0.02734	0.00163	0.00482	0.04956	0.00290	0.00524
4	0.00606	0.00414	0.00547	0.00612	0.00673	0.00378	0.00426	0.00697	0.00844	0.04513	0.02220	0.72225	0.02595	0.01232	0.00527	0.00166	0.00263	0.05233	0.00392	0.05437
5	0.00543	0.00400	0.00533	0.00599	0.00641	0.00390	0.00416	0.00638	0.00847	0.01142	0.10251	0.64109	0.06545	0.01407	0.07106	0.00208	0.02411	0.01070	0.00384	0.00358
6	0.13163	0.55395	0.19621	0.00811	0.01218	0.01430	0.00875	0.01287	0.00852	0.01203	0.00629	0.00731	0.00533	0.00377	0.00300	0.00106	0.00476	0.00247	0.00193	0.00552
7	0.07933	0.00924	0.01470	0.04599	0.56987	0.00960	0.01115	0.01280	0.00934	0.06106	0.00928	0.03509	0.00810	0.00480	0.00489	0.00136	0.06337	0.04141	0.00244	0.00617
8	0.01006	0.01026	0.05842	0.14501	0.58200	0.01005	0.01238	0.01371	0.09002	0.01382	0.00885	0.01110	0.00713	0.00407	0.00422	0.00131	0.00504	0.00386	0.00228	0.00642
9	0.01446	0.01030	0.01181	0.00963	0.04915	0.01075	0.00753	0.48147	0.03799	0.11421	0.01039	0.01058	0.00751	0.00479	0.00439	0.00118	0.03343	0.00365	0.00386	0.17290
