[name]
unknown

[dist]
# distance from previous block
# <min> <max>
0	64

[block]
# block no. 0 follows, 60 sequences, length 63
# corresponding to MSA columns:
# 64-126
name=unknown_A
#
# <colnr> <probs for GDERKNQSTAVLIFYWHMCP>
#	G	D	E	R	K	N	Q	S	T	A	V	L	I	F	Y	W	H	M	C	P
0	0.03190	0.17107	0.04259	0.06451	0.05823	0.01061	0.09971	0.09541	0.09147	0.16174	0.01224	0.04572	0.00996	0.00542	0.00425	0.00134	0.00467	0.05956	0.00335	0.02625
1	0.04393	0.00957	0.01449	0.06851	0.10580	0.03339	0.20127	0.05181	0.15394	0.11253	0.02886	0.06560	0.01035	0.00517	0.00449	0.00137	0.00487	0.00487	0.00329	0.07591
2	0.01256	0.02017	0.08130	0.03036	0.16061	0.00877	0.05707	0.14427	0.03217	0.19854	0.10671	0.04379	0.02435	0.00552	0.00445	0.00132	0.00438	0.00480	0.00370	0.05516
3	0.01111	0.00963	0.05033	0.06145	0.14225	0.00959	0.06143	0.05942	0.32759	0.09047	0.08304	0.02842	0.01297	0.00550	0.00449	0.00140	0.00422	0.00485	0.00372	0.02814
4	0.05335	0.02322	0.06257	0.10898	0.26243	0.01952	0.11653	0.04512	0.04286	0.07778	0.09235	0.05399	0.01165	0.00518	0.00447	0.00138	0.00491	0.00481	0.00294	0.00597
5	0.03972	0.15290	0.02606	0.01161	0.07303	0.19568	0.08403	0.13103	0.02573	0.04460	0.00911	0.06578	0.00796	0.00540	0.00533	0.00133	0.10819	0.00406	0.00273	0.00571
6	0.14958	0.00842	0.02245	0.02019	0.19660	0.02362	0.00738	0.05541	0.06160	0.14091	0.03170	0.01546	0.08684	0.02747	0.00466	0.00138	0.01877	0.00439	0.08486	0.03833
7	0.06472	0.00496	0.00516	0.00513	0.00655	0.00457	0.00382	0.04617	0.01010	0.01320	0.06773	0.18593	0.54534	0.01068	0.00503	0.00151	0.00247	0.00902	0.00400	0.00393
8	0.01272	0.06649	0.01187	0.00932	0.02141	0.01129	0.03195	0.17886	0.47857	0.08774	0.01499	0.01415	0.01106	0.00548	0.00430	0.00138	0.00394	0.00448	0.02313	0.00687
9	0.00549	0.00404	0.00521	0.00596	0.00649	0.00367	0.00405	0.00633	0.00851	0.01134	0.02484	0.73868	0.09070	0.01294	0.00542	0.00169	0.00254	0.01166	0.00398	0.04648
10	0.00990	0.00898	0.01499	0.28975	0.46429	0.00967	0.01195	0.01236	0.00931	0.03790	0.00866	0.01237	0.00725	0.06110	0.00574	0.00156	0.02203	0.00406	0.00221	0.00592
11	0.77611	0.00871	0.00806	0.00687	0.00955	0.01004	0.05893	0.01278	0.00758	0.01874	0.00624	0.00752	0.00490	0.00420	0.00344	0.00139	0.04487	0.00262	0.00263	0.00480
12	0.01655	0.01189	0.01284	0.00989	0.01334	0.01309	0.00815	0.74198	0.04472	0.06644	0.01103	0.01087	0.00777	0.00526	0.00437	0.00132	0.00470	0.00398	0.00442	0.00740
13	0.01629	0.00851	0.01032	0.00827	0.01132	0.00850	0.00671	0.15332	0.19736	0.45735	0.06210	0.01545	0.01255	0.00569	0.00444	0.00137	0.00374	0.00463	0.00497	0.00711
14	0.01142	0.09433	0.25516	0.03137	0.13286	0.02651	0.11580	0.01555	0.08909	0.12827	0.01012	0.01108	0.00745	0.00432	0.00419	0.00130	0.00538	0.00380	0.00274	0.04926
15	0.00625	0.00510	0.00579	0.00615	0.02125	0.00491	0.00437	0.00908	0.13659	0.01275	0.04680	0.30972	0.38285	0.01097	0.00518	0.00158	0.00259	0.01975	0.00409	0.00421
16	0.00607	0.00456	0.00594	0.04640	0.00758	0.00428	0.00440	0.00793	0.01150	0.01587	0.60635	0.10637	0.13768	0.00939	0.00515	0.00142	0.00231	0.00827	0.00450	0.00404
17	0.01357	0.00790	0.00980	0.00854	0.04250	0.00800	0.02375	0.16683	0.11016	0.27537	0.06355	0.04246	0.04305	0.00611	0.00452	0.00135	0.01853	0.01742	0.13035	0.00626
18	0.05201	0.11297	0.66046	0.01181	0.01768	0.01094	0.04869	0.01369	0.00913	0.01371	0.00759	0.00897	0.00554	0.00407	0.00397	0.00133	0.00614	0.00316	0.00190	0.00624
19	0.04931	0.00453	0.00531	0.00528	0.00558	0.00476	0.00334	0.00697	0.00654	0.00936	0.01293	0.02509	0.01427	0.63411	0.19084	0.00467	0.00575	0.00580	0.00258	0.00301
20	0.00633	0.00438	0.00508	0.00527	0.00545	0.00440	0.00318	0.00711	0.04655	0.00956	0.01633	0.21706	0.01874	0.61199	0.01746	0.00352	0.00380	0.00768	0.00306	0.00306
21	0.09014	0.04119	0.11842	0.04193	0.08238	0.07698	0.05714	0.13575	0.01058	0.01502	0.01017	0.08419	0.00922	0.05178	0.09424	0.00214	0.04866	0.00455	0.02015	0.00538
22	0.00635	0.00454	0.00634	0.00634	0.00695	0.00510	0.00468	0.00757	0.00696	0.01005	0.01229	0.01974	0.01207	0.22009	0.60016	0.00606	0.00946	0.00503	0.04662	0.00361
23	0.41284	0.00889	0.00904	0.00731	0.01040	0.00945	0.00603	0.18175	0.01184	0.28714	0.01068	0.01036	0.00730	0.00474	0.00361	0.00134	0.00378	0.00336	0.00394	0.00618
24	0.00704	0.00469	0.00533	0.00514	0.00654	0.00407	0.00380	0.00820	0.01007	0.10611	0.12283	0.13073	0.49111	0.06691	0.00626	0.00167	0.00254	0.00868	0.00419	0.00408
25	0.01521	0.01905	0.01276	0.01137	0.01350	0.70969	0.03985	0.01644	0.01169	0.01077	0.00694	0.00848	0.00586	0.00574	0.03568	0.00141	0.06527	0.00304	0.00223	0.00503
26	0.01617	0.01221	0.01251	0.00985	0.01314	0.07051	0.00803	0.61633	0.10030	0.07906	0.01141	0.01118	0.00812	0.00526	0.00434	0.00132	0.00480	0.00398	0.00429	0.00720
27	0.00518	0.00439	0.00447	0.00451	0.00592	0.00368	0.00336	0.00629	0.00992	0.01187	0.05902	0.07571	0.76862	0.01111	0.00517	0.00148	0.00222	0.00931	0.00407	0.00368
28	0.00531	0.00381	0.00505	0.00604	0.00632	0.00355	0.00403	0.00608	0.00838	0.01115	0.02447	0.82688	0.04557	0.01361	0.00556	0.00176	0.00252	0.01233	0.00405	0.00355
29	0.06511	0.00481	0.00639	0.00634	0.00705	0.00543	0.00468	0.00776	0.00687	0.01033	0.01183	0.01939	0.01176	0.24003	0.56608	0.00591	0.00920	0.00495	0.00244	0.00363
30	0.01043	0.01192	0.02260	0.01660	0.02043	0.08902	0.65577	0.01360	0.01032	0.01340	0.00998	0.08574	0.00851	0.00465	0.00507	0.00146	0.00697	0.00557	0.00237	0.00559
31	0.00824	0.00775	0.01308	0.83624	0.03004	0.00969	0.01211	0.01114	0.00872	0.01114	0.00775	0.01163	0.00581	0.00436	0.00436	0.00145	0.00581	0.00388	0.00194	0.00484
32	0.76490	0.00933	0.06188	0.00632	0.00931	0.00960	0.00560	0.01342	0.00786	0.06967	0.00689	0.00772	0.00516	0.00414	0.00290	0.00135	0.00360	0.00255	0.00281	0.00501
33	0.00558	0.00436	0.00505	0.00503	0.00619	0.00384	0.00371	0.00702	0.01072	0.01398	0.34950	0.12792	0.42053	0.01049	0.00520	0.00147	0.00218	0.00904	0.00435	0.00384
34	0.00623	0.00467	0.00701	0.00701	0.00779	0.00545	0.00545	0.00779	0.00701	0.01012	0.01168	0.01713	0.01090	0.03271	0.82944	0.00701	0.01168	0.00467	0.00234	0.00389
35	0.00904	0.00775	0.00904	0.00646	0.01034	0.00581	0.00517	0.01098	0.00904	0.01421	0.00775	0.00904	0.00646	0.00323	0.00323	0.00065	0.00323	0.00258	0.00258	0.87339
36	0.01283	0.01054	0.11076	0.00980	0.06705	0.00833	0.02787	0.16390	0.01215	0.19369	0.02756	0.01129	0.00825	0.00437	0.00397	0.00110	0.00424	0.00358	0.00345	0.31529
37	0.00943	0.10598	0.65496	0.01232	0.01824	0.01085	0.08228	0.01392	0.00934	0.03222	0.00795	0.00933	0.00575	0.00409	0.00410	0.00134	0.00628	0.00332	0.00196	0.00633
38	0.01269	0.27943	0.01487	0.00876	0.01185	0.02879	0.00752	0.24819	0.26537	0.01798	0.01194	0.01317	0.00959	0.00531	0.00396	0.00128	0.00435	0.04497	0.00353	0.00645
39	0.00634	0.00423	0.00476	0.00476	0.00476	0.00423	0.00264	0.00634	0.00634	0.00846	0.01374	0.02854	0.01586	0.84672	0.02220	0.00423	0.00423	0.00634	0.00264	0.00264
40	0.02893	0.02627	0.04557	0.05532	0.24273	0.05167	0.00932	0.08209	0.28342	0.01646	0.06491	0.01452	0.03239	0.00534	0.00455	0.00138	0.02096	0.00450	0.00332	0.00635
41	0.01029	0.00835	0.01255	0.30501	0.10467	0.02062	0.05686	0.04238	0.09445	0.08713	0.04227	0.01417	0.00945	0.00580	0.00572	0.06030	0.04055	0.02956	0.00286	0.04701
42	0.00867	0.00915	0.16043	0.00816	0.04166	0.02540	0.00721	0.02882	0.05905	0.08160	0.43544	0.02386	0.05708	0.00717	0.00472	0.00136	0.00342	0.00615	0.02549	0.00517
43	0.01066	0.03262	0.09569	0.03550	0.39686	0.02720	0.20657	0.05379	0.03761	0.01471	0.02172	0.01196	0.02619	0.00426	0.00450	0.00135	0.00570	0.00429	0.00240	0.00641
44	0.01043	0.01055	0.03482	0.07838	0.57808	0.02513	0.07960	0.01301	0.00963	0.01359	0.00835	0.01169	0.00711	0.00444	0.00528	0.00139	0.07657	0.02340	0.00217	0.00639
45	0.00624	0.00464	0.00683	0.00683	0.00755	0.00536	0.00523	0.00768	0.00696	0.00999	0.01184	0.01803	0.01129	0.09633	0.76635	0.00679	0.01110	0.00480	0.00236	0.00380
46	0.72661	0.13423	0.00915	0.00651	0.02891	0.01092	0.00535	0.01287	0.00770	0.01804	0.00612	0.00716	0.00491	0.00400	0.00275	0.00129	0.00361	0.00239	0.00256	0.00491
47	0.00566	0.00429	0.00562	0.00625	0.00687	0.00403	0.01998	0.00700	0.03882	0.01161	0.02637	0.65416	0.14116	0.01274	0.00547	0.00172	0.00266	0.03780	0.00403	0.00375
48	0.01121	0.01028	0.01058	0.00906	0.01143	0.09632	0.02123	0.09239	0.38265	0.01630	0.01361	0.01478	0.02529	0.03985	0.00597	0.00148	0.08651	0.02134	0.00356	0.12618
49	0.00603	0.00438	0.00578	0.00649	0.00723	0.00416	0.00500	0.00742	0.00961	0.01268	0.13180	0.36214	0.10986	0.02508	0.00589	0.00181	0.00298	0.28375	0.00412	0.00379
50	0.00599	0.00442	0.00613	0.00644	0.00708	0.00409	0.03111	0.00681	0.00826	0.01121	0.04031	0.60564	0.02432	0.07181	0.02883	0.04857	0.00317	0.01989	0.00365	0.06226
51	0.00648	0.00495	0.00639	0.00634	0.00743	0.00478	0.01932	0.00910	0.08152	0.01510	0.39976	0.20612	0.10691	0.01012	0.00527	0.00155	0.00262	0.09763	0.00440	0.00422
52	0.01319	0.00996	0.01059	0.00894	0.01166	0.03117	0.00710	0.28263	0.38547	0.09243	0.01595	0.07042	0.02814	0.00623	0.00449	0.00142	0.00395	0.00508	0.00441	0.00678
53	0.01148	0.04490	0.06481	0.01129	0.07785	0.03719	0.09540	0.09271	0.31888	0.07573	0.03047	0.02569	0.06515	0.00569	0.00467	0.00141	0.02177	0.00486	0.00365	0.00638
54	0.01167	0.74819	0.08177	0.00801	0.01187	0.05577	0.00815	0.01332	0.00906	0.01054	0.00623	0.00720	0.00559	0.00380	0.00295	0.00098	0.00495	0.00242	0.00188	0.00563
55	0.01064	0.16967	0.20801	0.00944	0.04380	0.06060	0.00896	0.05673	0.02233	0.04410	0.00864	0.03363	0.00712	0.00492	0.02430	0.00120	0.00493	0.00327	0.00250	0.27520
56	0.11778	0.09041	0.15916	0.01371	0.13513	0.05689	0.18224	0.04753	0.02267	0.09655	0.00932	0.03324	0.00726	0.00444	0.00415	0.00133	0.00549	0.00395	0.00266	0.00609
57	0.00551	0.00409	0.00515	0.00561	0.00630	0.00372	0.00393	0.00669	0.00971	0.01296	0.24028	0.47873	0.17751	0.01191	0.00538	0.00161	0.00234	0.01060	0.00425	0.00372
58	0.01038	0.05119	0.03300	0.05329	0.51855	0.03871	0.09590	0.01331	0.04234	0.01373	0.01102	0.02556	0.05574	0.00464	0.00441	0.00133	0.00523	0.01299	0.00239	0.00631
59	0.03079	0.05805	0.08369	0.01204	0.11785	0.12248	0.03505	0.18820	0.12290	0.16849	0.01132	0.01145	0.00821	0.00483	0.00420	0.00130	0.00507	0.00386	0.00354	0.00668
60	0.00626	0.00455	0.00638	0.00638	0.00694	0.00511	0.00467	0.00738	0.00682	0.00966	0.01226	0.02032	0.01229	0.26020	0.60385	0.00623	0.00960	0.00514	0.00242	0.00354
61	0.00549	0.00418	0.00509	0.00574	0.00644	0.00384	0.00403	0.00673	0.03004	0.01167	0.04027	0.54576	0.25775	0.01257	0.00543	0.00168	0.00252	0.04299	0.00407	0.00370
62	0.01334	0.13065	0.05934	0.03620	0.11649	0.18463	0.04401	0.12764	0.15518	0.07507	0.01028	0.01086	0.00783	0.00468	0.00408	0.00126	0.00539	0.00369	0.00307	0.00631

[dist]
# distance from previous block
# <min> <max>
0	1

[block]
# block no. 1 follows, 60 sequences, length 23
# corresponding to MSA columns:
# 128-150
name=unknown_B
#
# <colnr> <probs for GDERKNQSTAVLIFYWHMCP>
#	G	D	E	R	K	N	Q	S	T	A	V	L	I	F	Y	W	H	M	C	P
0	0.02522	0.02315	0.04664	0.04319	0.17922	0.29235	0.02570	0.06845	0.10806	0.02823	0.03107	0.01266	0.05502	0.00500	0.00420	0.00126	0.00561	0.00397	0.00284	0.03815
1	0.00611	0.00451	0.00537	0.00536	0.00649	0.00407	0.00394	0.00779	0.03092	0.03627	0.32482	0.20162	0.32573	0.01051	0.00520	0.00149	0.00229	0.00913	0.00437	0.00400
2	0.00715	0.00588	0.00765	0.00770	0.00885	0.02855	0.05165	0.01009	0.11850	0.01324	0.08227	0.36495	0.05657	0.01090	0.00541	0.00171	0.00341	0.20718	0.00399	0.00435
3	0.10648	0.03451	0.11466	0.06794	0.09096	0.04469	0.02663	0.20632	0.05235	0.10060	0.01046	0.03617	0.00814	0.00497	0.00411	0.00131	0.00478	0.01862	0.00326	0.06305
4	0.01011	0.01134	0.02398	0.01737	0.02124	0.01111	0.70210	0.01345	0.00984	0.01352	0.00859	0.01169	0.00665	0.00489	0.02918	0.00167	0.09037	0.00500	0.00218	0.00572
5	0.00606	0.00455	0.00560	0.00610	0.00684	0.00437	0.00431	0.02844	0.05897	0.01279	0.10748	0.55463	0.14171	0.01206	0.00537	0.00166	0.00259	0.02838	0.00416	0.00394
6	0.01132	0.06518	0.10053	0.09329	0.38178	0.07308	0.05353	0.07677	0.02962	0.02546	0.00833	0.01040	0.00666	0.00432	0.00466	0.00132	0.04129	0.00373	0.00236	0.00635
7	0.03179	0.08841	0.31687	0.07645	0.16495	0.03031	0.04498	0.02763	0.03161	0.03063	0.00931	0.05853	0.00777	0.00575	0.03488	0.00154	0.00572	0.00402	0.00231	0.02655
8	0.00758	0.00379	0.00568	0.00568	0.00568	0.00379	0.00379	0.00568	0.00568	0.00758	0.00758	0.01326	0.00758	0.01515	0.01705	0.87311	0.00379	0.00379	0.00189	0.00189
9	0.00571	0.00422	0.00540	0.00615	0.00675	0.00398	0.00440	0.00708	0.03298	0.01202	0.07214	0.58258	0.12324	0.01265	0.00551	0.00173	0.00267	0.10293	0.00410	0.00375
10	0.00843	0.00990	0.18675	0.00855	0.02353	0.03860	0.01984	0.04328	0.05819	0.04849	0.09131	0.18752	0.05514	0.03593	0.10080	0.00221	0.00501	0.04226	0.02927	0.00497
11	0.14170	0.07025	0.10296	0.08308	0.13683	0.07778	0.07333	0.07636	0.06704	0.08647	0.00956	0.01125	0.00735	0.00499	0.01715	0.00142	0.00526	0.01837	0.00283	0.00601
12	0.38578	0.00925	0.01057	0.07479	0.19182	0.04293	0.02976	0.08010	0.00969	0.01746	0.00825	0.01037	0.00661	0.00439	0.00354	0.00132	0.00426	0.01783	0.08587	0.00542
13	0.01131	0.03317	0.02900	0.01629	0.33107	0.01045	0.04723	0.18366	0.13744	0.01738	0.03170	0.05563	0.03311	0.00562	0.00451	0.00139	0.00461	0.03668	0.00326	0.00648
14	0.00575	0.00435	0.00532	0.00537	0.00639	0.00392	0.00398	0.00729	0.01082	0.01448	0.41369	0.18052	0.27040	0.01052	0.00526	0.00150	0.00226	0.03989	0.00441	0.00388
15	0.01187	0.01214	0.03274	0.06038	0.10898	0.09684	0.27500	0.15000	0.08152	0.01579	0.00916	0.01111	0.00710	0.00475	0.00573	0.00144	0.10238	0.00427	0.00271	0.00609
16	0.00987	0.00951	0.01643	0.31137	0.50627	0.01016	0.04796	0.01262	0.00952	0.01314	0.00807	0.01113	0.00651	0.00404	0.00437	0.00136	0.00550	0.00394	0.00208	0.00614
17	0.00549	0.00404	0.00509	0.00563	0.00623	0.00370	0.00388	0.00653	0.00930	0.01235	0.17843	0.52373	0.16166	0.04513	0.00607	0.00174	0.00245	0.01077	0.00414	0.00364
18	0.00828	0.00558	0.00688	0.00614	0.00766	0.00539	0.00473	0.07809	0.04990	0.08228	0.59073	0.02920	0.09123	0.00834	0.00498	0.00138	0.00250	0.00723	0.00474	0.00476
19	0.00572	0.00419	0.00541	0.00590	0.00660	0.00388	0.00428	0.00702	0.00988	0.01325	0.25702	0.43061	0.12754	0.01180	0.00544	0.00164	0.00250	0.08928	0.00426	0.00377
20	0.04424	0.00512	0.00639	0.00580	0.00725	0.00479	0.00444	0.01029	0.03420	0.11568	0.60943	0.02955	0.08924	0.00835	0.00493	0.00138	0.00236	0.00724	0.00472	0.00459
21	0.00530	0.00437	0.00457	0.00462	0.00590	0.00373	0.00338	0.00638	0.00979	0.01193	0.09304	0.09302	0.66747	0.05952	0.00617	0.00165	0.00234	0.00916	0.00402	0.00364
22	0.01119	0.00851	0.00988	0.02892	0.06001	0.00927	0.00704	0.16625	0.33503	0.06511	0.06775	0.05045	0.05541	0.00675	0.00459	0.00145	0.00368	0.06212	0.04041	0.00619

[dist]
# distance from previous block
# <min> <max>
0	1

[block]
# block no. 2 follows, 60 sequences, length 22
# corresponding to MSA columns:
# 152-173
name=unknown_C
#
# <colnr> <probs for GDERKNQSTAVLIFYWHMCP>
#	G	D	E	R	K	N	Q	S	T	A	V	L	I	F	Y	W	H	M	C	P
0	0.01445	0.11417	0.08395	0.00992	0.01320	0.22407	0.00859	0.34474	0.07916	0.01873	0.00948	0.00997	0.00719	0.00482	0.00400	0.00122	0.00550	0.00347	0.03702	0.00633
1	0.01001	0.00789	0.02726	0.01422	0.32488	0.02699	0.00823	0.01207	0.01075	0.12478	0.20446	0.04187	0.11353	0.02640	0.00503	0.00141	0.00381	0.00577	0.02500	0.00562
2	0.02942	0.28189	0.19247	0.01069	0.06060	0.10926	0.02882	0.02470	0.03458	0.10411	0.00851	0.00953	0.00665	0.00513	0.02391	0.00137	0.05670	0.00322	0.00247	0.00596
3	0.01199	0.02898	0.01095	0.00946	0.03141	0.06076	0.00728	0.14547	0.55212	0.01873	0.01484	0.01407	0.01117	0.00546	0.00428	0.00136	0.00399	0.00442	0.00407	0.05919
4	0.31031	0.03170	0.02827	0.08156	0.19717	0.15093	0.01806	0.06156	0.00991	0.01574	0.00811	0.05338	0.00698	0.00469	0.00374	0.00132	0.00495	0.00359	0.00256	0.00546
5	0.00898	0.07260	0.69473	0.06176	0.01879	0.01057	0.01499	0.01396	0.03927	0.01360	0.00809	0.00948	0.00584	0.00420	0.00408	0.00136	0.00618	0.00327	0.00195	0.00631
6	0.00806	0.02924	0.00808	0.00693	0.00843	0.06762	0.00540	0.01104	0.10622	0.01541	0.43048	0.02511	0.10215	0.00778	0.00570	0.00137	0.08681	0.00637	0.00398	0.06382
7	0.00571	0.00425	0.00586	0.03047	0.00747	0.00403	0.01838	0.00687	0.00918	0.01230	0.14688	0.59984	0.06303	0.01228	0.00547	0.00170	0.00271	0.05576	0.00407	0.00374
8	0.00875	0.02256	0.82413	0.01243	0.01888	0.01013	0.01611	0.01381	0.00921	0.01381	0.00783	0.00921	0.00552	0.00414	0.00414	0.00138	0.00645	0.00322	0.00184	0.00645
9	0.00834	0.00750	0.01238	0.71608	0.06270	0.00915	0.01125	0.01114	0.00882	0.01180	0.00843	0.01206	0.00640	0.00441	0.00423	0.00140	0.00540	0.00390	0.08976	0.00486
10	0.00758	0.00379	0.00568	0.00568	0.00568	0.00379	0.00379	0.00568	0.00568	0.00758	0.00758	0.01326	0.00758	0.01515	0.01705	0.87311	0.00379	0.00379	0.00189	0.00189
11	0.01071	0.16112	0.09026	0.01423	0.01807	0.07962	0.43317	0.01387	0.02890	0.01305	0.03844	0.01113	0.00766	0.00428	0.00508	0.00136	0.05678	0.00431	0.00225	0.00570
12	0.00634	0.00423	0.00476	0.00476	0.00476	0.00423	0.00264	0.00634	0.00634	0.00846	0.01374	0.02854	0.01586	0.84672	0.02220	0.00423	0.00423	0.00634	0.00264	0.00264
13	0.01206	0.52128	0.03904	0.04396	0.08687	0.13042	0.00841	0.05374	0.01008	0.01184	0.00771	0.00886	0.02418	0.00416	0.00333	0.00106	0.00516	0.00290	0.01929	0.00565
14	0.00563	0.00444	0.00511	0.00513	0.00635	0.00391	0.00389	0.00710	0.01064	0.01370	0.29421	0.08788	0.45833	0.01058	0.00524	0.00150	0.00231	0.06592	0.00429	0.00384
15	0.00976	0.08452	0.31269	0.03455	0.03292	0.07062	0.19998	0.01326	0.02593	0.01300	0.03591	0.01207	0.03234	0.02170	0.01767	0.00153	0.06950	0.00411	0.00222	0.00571
16	0.00846	0.00578	0.00658	0.00627	0.00782	0.00597	0.00484	0.01265	0.20063	0.05717	0.04362	0.08381	0.12641	0.01013	0.09072	0.00195	0.00369	0.05325	0.23881	0.03143
17	0.00950	0.28539	0.28081	0.00981	0.03797	0.03067	0.03879	0.01234	0.03017	0.01205	0.04002	0.03505	0.03267	0.09917	0.00614	0.00158	0.02616	0.00402	0.00228	0.00543
18	0.15171	0.07308	0.08176	0.01391	0.19345	0.14874	0.09684	0.05941	0.03079	0.07293	0.00896	0.03360	0.00719	0.00452	0.00401	0.00130	0.00540	0.00374	0.00269	0.00597
19	0.08155	0.07691	0.14103	0.06204	0.09956	0.03069	0.10735	0.07311	0.18818	0.01573	0.01071	0.04413	0.00859	0.00486	0.00418	0.00135	0.00497	0.00419	0.00288	0.03799
20	0.04401	0.10612	0.06242	0.00906	0.05483	0.00844	0.03673	0.04193	0.04598	0.20851	0.12397	0.01805	0.03341	0.00593	0.00449	0.00130	0.02159	0.06909	0.00368	0.10045
21	0.03613	0.02683	0.04982	0.04193	0.16655	0.04888	0.02765	0.14869	0.19381	0.04530	0.09759	0.05069	0.01292	0.00563	0.00439	0.00135	0.00437	0.00479	0.00353	0.02917

[dist]
# distance from previous block
# <min> <max>
2	35

[block]
# block no. 3 follows, 60 sequences, length 31
# corresponding to MSA columns:
# 209-239
name=unknown_D
#
# <colnr> <probs for GDERKNQSTAVLIFYWHMCP>
#	G	D	E	R	K	N	Q	S	T	A	V	L	I	F	Y	W	H	M	C	P
0	0.02196	0.05802	0.14319	0.02975	0.11405	0.02083	0.07699	0.08059	0.05330	0.16394	0.08115	0.01450	0.01979	0.00511	0.00431	0.00130	0.00468	0.02623	0.00333	0.07698
1	0.03366	0.00863	0.04005	0.01773	0.06749	0.00793	0.03461	0.11244	0.09026	0.08194	0.15218	0.01586	0.03810	0.00593	0.02006	0.00130	0.02273	0.00453	0.00355	0.24100
2	0.11867	0.00802	0.01103	0.26273	0.09939	0.00873	0.02205	0.05205	0.05333	0.03424	0.11426	0.02437	0.02213	0.00519	0.00451	0.00132	0.03480	0.00431	0.00291	0.11596
3	0.03358	0.06478	0.37297	0.01147	0.07040	0.02040	0.02920	0.08461	0.08409	0.04507	0.02776	0.01137	0.00797	0.00455	0.00407	0.00128	0.00520	0.01780	0.00268	0.10076
4	0.01101	0.01039	0.01720	0.09393	0.67335	0.03371	0.04181	0.01360	0.01000	0.04089	0.00845	0.01095	0.00690	0.00399	0.00434	0.00131	0.00534	0.00392	0.00225	0.00666
5	0.01318	0.18147	0.04670	0.00879	0.01225	0.01231	0.00766	0.34708	0.14150	0.03942	0.03743	0.01131	0.00900	0.00488	0.00394	0.00119	0.00432	0.00372	0.00359	0.11026
6	0.00881	0.20536	0.30032	0.03196	0.01428	0.02787	0.08962	0.01166	0.00933	0.01242	0.04058	0.13872	0.07903	0.00620	0.00427	0.00135	0.00504	0.00527	0.00252	0.00537
7	0.01278	0.01057	0.04247	0.01897	0.44369	0.01046	0.03223	0.13967	0.02917	0.13227	0.00989	0.01131	0.00755	0.00461	0.00503	0.00135	0.06260	0.00398	0.00300	0.01842
8	0.01021	0.13762	0.35492	0.04618	0.12007	0.01080	0.09983	0.01418	0.04828	0.06209	0.04835	0.01129	0.00828	0.00440	0.00417	0.00132	0.00558	0.00380	0.00241	0.00622
9	0.00552	0.00460	0.00485	0.00487	0.00631	0.00401	0.00373	0.00707	0.03313	0.01245	0.09517	0.04109	0.68637	0.01082	0.00519	0.00150	0.00236	0.06300	0.00411	0.00383
10	0.00989	0.01064	0.02007	0.06496	0.09325	0.04750	0.48747	0.01289	0.01006	0.01334	0.01140	0.01700	0.03590	0.00523	0.00549	0.00152	0.04402	0.10140	0.00246	0.00552
11	0.04817	0.11346	0.06401	0.12585	0.18005	0.08811	0.07405	0.05408	0.01076	0.17424	0.00980	0.02198	0.00737	0.00449	0.00413	0.00130	0.00529	0.00381	0.00289	0.00617
12	0.06781	0.02160	0.76854	0.01198	0.01817	0.01011	0.01534	0.01374	0.00909	0.01420	0.00771	0.00906	0.00547	0.00414	0.00405	0.00138	0.00624	0.00316	0.00190	0.00633
13	0.00619	0.00463	0.00486	0.00469	0.00628	0.00389	0.00356	0.00737	0.01020	0.06806	0.07059	0.03975	0.73353	0.01058	0.00510	0.00146	0.00231	0.00882	0.00417	0.00396
14	0.01069	0.00910	0.01665	0.29848	0.11159	0.00941	0.26144	0.03125	0.01010	0.12254	0.01061	0.06955	0.00849	0.00489	0.00469	0.00145	0.00570	0.00494	0.00272	0.00572
15	0.05546	0.17428	0.05501	0.00906	0.01260	0.03394	0.06252	0.14468	0.03370	0.33708	0.01195	0.01164	0.00832	0.00545	0.02394	0.00141	0.00475	0.00379	0.00383	0.00662
16	0.00565	0.00440	0.00513	0.00504	0.00622	0.00388	0.00375	0.00719	0.01098	0.01446	0.41091	0.09180	0.39454	0.01021	0.00518	0.00144	0.00216	0.00879	0.00441	0.00388
17	0.00586	0.00446	0.00516	0.00550	0.00643	0.00409	0.00412	0.00691	0.00905	0.01132	0.03082	0.12299	0.38382	0.18671	0.00897	0.00221	0.00309	0.19124	0.00375	0.00353
18	0.00851	0.00798	0.01333	0.70051	0.12117	0.00962	0.01192	0.01152	0.02627	0.01166	0.00848	0.03493	0.00675	0.00460	0.00439	0.00144	0.00560	0.00414	0.00208	0.00509
19	0.01029	0.01176	0.02574	0.01838	0.02279	0.01103	0.80368	0.01397	0.01029	0.01397	0.00882	0.01176	0.00662	0.00368	0.00515	0.00147	0.00735	0.00515	0.00221	0.00588
20	0.00521	0.00442	0.00450	0.00448	0.00593	0.00371	0.00336	0.00637	0.01008	0.01211	0.08847	0.04144	0.77325	0.01092	0.00515	0.00147	0.00220	0.00913	0.00409	0.00371
21	0.01184	0.00841	0.00932	0.00814	0.01050	0.00923	0.00633	0.06186	0.51722	0.14399	0.06892	0.01765	0.01454	0.06412	0.00567	0.00162	0.00349	0.00506	0.02561	0.00647
22	0.04764	0.00850	0.01050	0.00811	0.01141	0.00817	0.00669	0.21155	0.01415	0.57230	0.01508	0.01357	0.00978	0.00530	0.00427	0.00133	0.00390	0.00419	0.03635	0.00721
23	0.01432	0.01090	0.01161	0.00937	0.01241	0.01221	0.00759	0.51382	0.27608	0.02396	0.01301	0.01263	0.00951	0.00545	0.00432	0.00135	0.00423	0.00426	0.04588	0.00709
24	0.00630	0.00480	0.00574	0.00543	0.00655	0.02217	0.00407	0.00821	0.01194	0.01652	0.67350	0.03295	0.14702	0.00902	0.00507	0.00137	0.00221	0.00787	0.02519	0.00407
25	0.01249	0.00996	0.01062	0.00910	0.01184	0.01131	0.00721	0.20459	0.59910	0.04947	0.01604	0.01487	0.01185	0.00574	0.00442	0.00144	0.00377	0.00468	0.00446	0.00704
26	0.00631	0.00434	0.00532	0.00532	0.00552	0.00453	0.00335	0.00670	0.00651	0.00887	0.01323	0.02568	0.01462	0.64279	0.22443	0.00493	0.00610	0.00592	0.00257	0.00296
27	0.00543	0.00388	0.00520	0.00621	0.00651	0.00364	0.00425	0.00628	0.00847	0.01127	0.02397	0.78892	0.02859	0.01355	0.00560	0.00179	0.00263	0.06619	0.00405	0.00358
28	0.00904	0.00775	0.00904	0.00646	0.01034	0.00581	0.00517	0.01098	0.00904	0.01421	0.00775	0.00904	0.00646	0.00323	0.00323	0.00065	0.00323	0.00258	0.00258	0.87339
29	0.00733	0.00548	0.02925	0.00727	0.00854	0.00481	0.07832	0.00890	0.00949	0.06891	0.10021	0.43805	0.05597	0.01032	0.00511	0.00159	0.00314	0.05601	0.09706	0.00425
30	0.00530	0.00384	0.00501	0.00595	0.00629	0.00355	0.00400	0.00609	0.00847	0.01118	0.02550	0.78583	0.08595	0.01347	0.00554	0.00175	0.00251	0.01217	0.00405	0.00355

[dist]
# distance from previous block
# <min> <max>
0	2

[block]
# block no. 4 follows, 60 sequences, length 16
# corresponding to MSA columns:
# 242-257
name=unknown_E
#
# <colnr> <probs for GDERKNQSTAVLIFYWHMCP>
#	G	D	E	R	K	N	Q	S	T	A	V	L	I	F	Y	W	H	M	C	P
0	0.01110	0.43091	0.27300	0.00947	0.01398	0.05785	0.02847	0.02671	0.00950	0.03543	0.00722	0.00827	0.00584	0.00394	0.00344	0.00110	0.00534	0.00281	0.00208	0.06355
1	0.14899	0.10554	0.17232	0.00795	0.01112	0.04765	0.00769	0.04687	0.14070	0.04823	0.04477	0.01235	0.00958	0.00487	0.00365	0.00125	0.00411	0.00368	0.17309	0.00560
2	0.01075	0.07798	0.03730	0.13507	0.01391	0.02913	0.03451	0.05798	0.04977	0.12466	0.04531	0.06333	0.05608	0.00536	0.00409	0.00118	0.00413	0.00449	0.00322	0.24176
3	0.00815	0.00435	0.00448	0.00443	0.00550	0.00444	0.00334	0.01066	0.04756	0.01619	0.03459	0.01670	0.01203	0.00610	0.02958	0.00124	0.00241	0.00422	0.77984	0.00420
4	0.01307	0.00917	0.01036	0.00885	0.02481	0.00990	0.00691	0.29363	0.26710	0.12640	0.11113	0.07087	0.01518	0.00645	0.00456	0.00141	0.00376	0.00534	0.00452	0.00659
5	0.00626	0.00423	0.00475	0.00478	0.00485	0.00418	0.00271	0.00633	0.00657	0.00869	0.01544	0.05178	0.05352	0.78475	0.02094	0.00403	0.00409	0.00664	0.00275	0.00272
6	0.01259	0.51994	0.04295	0.00892	0.01226	0.21340	0.02592	0.01518	0.09064	0.01136	0.00752	0.00832	0.00640	0.00415	0.00333	0.00106	0.00543	0.00280	0.00222	0.00563
7	0.00556	0.00423	0.00511	0.00532	0.00625	0.00379	0.00383	0.00688	0.01025	0.01354	0.30422	0.29892	0.29397	0.01116	0.00528	0.00153	0.00226	0.00979	0.00431	0.00379
8	0.00575	0.00439	0.00638	0.00691	0.00741	0.00421	0.04405	0.00673	0.00851	0.01137	0.02283	0.73928	0.02703	0.01295	0.00576	0.00177	0.02099	0.05606	0.00391	0.00371
9	0.00863	0.00556	0.00652	0.00585	0.00757	0.00516	0.00450	0.06279	0.04164	0.13584	0.27918	0.05543	0.32581	0.02921	0.00538	0.00149	0.00266	0.00759	0.00449	0.00472
10	0.00668	0.00532	0.00781	0.00755	0.00820	0.00649	0.00593	0.00811	0.00695	0.01013	0.01093	0.01643	0.01034	0.05285	0.69552	0.00624	0.12366	0.00461	0.00229	0.00398
11	0.01210	0.00869	0.00964	0.00845	0.01098	0.00961	0.00663	0.02184	0.61566	0.16201	0.07074	0.01710	0.01471	0.00602	0.00448	0.00145	0.00341	0.00503	0.00463	0.00681
12	0.05225	0.54428	0.01820	0.00852	0.04284	0.08065	0.00736	0.03649	0.03138	0.01196	0.03824	0.06717	0.00883	0.00493	0.00368	0.00111	0.03080	0.00351	0.00236	0.00543
13	0.02371	0.07241	0.04074	0.06339	0.37563	0.06656	0.03490	0.01467	0.05616	0.10125	0.00932	0.01086	0.00730	0.00426	0.00434	0.00125	0.02514	0.00369	0.00264	0.08175
14	0.01274	0.55670	0.03672	0.00833	0.01176	0.12346	0.00772	0.11824	0.01110	0.02721	0.04470	0.00895	0.00758	0.00431	0.00332	0.00105	0.00501	0.00292	0.00244	0.00575
15	0.01094	0.04601	0.00894	0.00733	0.00940	0.00729	0.01475	0.10691	0.13095	0.16962	0.09892	0.21519	0.04211	0.00794	0.00464	0.00143	0.00329	0.02735	0.05165	0.03535

[dist]
# distance from previous block
# <min> <max>
2	5

[block]
# block no. 5 follows, 60 sequences, length 12
# corresponding to MSA columns:
# 264,270-272,275-282
name=unknown_F
#
# <colnr> <probs for GDERKNQSTAVLIFYWHMCP>
#	G	D	E	R	K	N	Q	S	T	A	V	L	I	F	Y	W	H	M	C	P
0	0.03191	0.11865	0.25673	0.00900	0.02864	0.03398	0.00901	0.03940	0.03442	0.12748	0.06594	0.04207	0.09437	0.05103	0.00524	0.00151	0.00458	0.03729	0.00316	0.00562
1	0.10004	0.05639	0.33474	0.01310	0.13629	0.03295	0.04639	0.04167	0.10275	0.04705	0.00946	0.01100	0.00723	0.00458	0.00431	0.00137	0.02427	0.01755	0.00257	0.00628
2	0.00758	0.00379	0.00568	0.00568	0.00568	0.00379	0.00379	0.00568	0.00568	0.00758	0.00758	0.01326	0.00758	0.01515	0.01705	0.87311	0.00379	0.00379	0.00189	0.00189
3	0.17597	0.07496	0.20342	0.00825	0.01157	0.07648	0.00812	0.06098	0.06515	0.05671	0.08933	0.01383	0.04864	0.00525	0.00384	0.00129	0.00437	0.00399	0.08237	0.00550
4	0.01002	0.35587	0.45017	0.01080	0.01602	0.01307	0.06221	0.01352	0.00914	0.01239	0.00718	0.00848	0.00562	0.00395	0.00366	0.00121	0.00578	0.00298	0.00187	0.00607
5	0.01526	0.01121	0.01183	0.00945	0.01257	0.04415	0.00767	0.50823	0.18045	0.09975	0.04489	0.01285	0.01022	0.00551	0.00439	0.00134	0.00443	0.00429	0.00441	0.00709
6	0.24343	0.27273	0.09205	0.00996	0.01366	0.06418	0.16153	0.04852	0.03229	0.01481	0.00733	0.00862	0.00585	0.00402	0.00354	0.00123	0.00518	0.00314	0.00236	0.00558
7	0.09172	0.00771	0.00914	0.00680	0.01041	0.00636	0.00552	0.01437	0.00998	0.26843	0.01057	0.01069	0.00766	0.00399	0.00354	0.00093	0.00339	0.00313	0.00348	0.52218
8	0.00951	0.08488	0.01406	0.07671	0.18301	0.00912	0.12784	0.03061	0.00973	0.04036	0.06213	0.03344	0.07109	0.00725	0.05700	0.00170	0.06644	0.00485	0.10493	0.00533
9	0.08719	0.02198	0.10127	0.00677	0.00844	0.04409	0.00563	0.00987	0.04110	0.04792	0.09573	0.23229	0.07400	0.19454	0.00854	0.00210	0.00374	0.00715	0.00339	0.00426
10	0.00576	0.00497	0.00576	0.00655	0.08030	0.00433	0.00430	0.00708	0.01015	0.01250	0.10814	0.03831	0.67609	0.01021	0.00508	0.00145	0.00247	0.00860	0.00394	0.00401
11	0.01260	0.04670	0.07793	0.01151	0.11261	0.06776	0.07924	0.09904	0.04570	0.19157	0.13766	0.03758	0.01373	0.00551	0.00443	0.00131	0.00457	0.00476	0.00365	0.04213

[dist]
# distance from previous block
# <min> <max>
1	5

[block]
# block no. 6 follows, 60 sequences, length 25
# corresponding to MSA columns:
# 290-314
name=unknown_G
#
# <colnr> <probs for GDERKNQSTAVLIFYWHMCP>
#	G	D	E	R	K	N	Q	S	T	A	V	L	I	F	Y	W	H	M	C	P
0	0.11361	0.00873	0.00988	0.00774	0.01083	0.00876	0.00633	0.27494	0.01394	0.27549	0.06588	0.01316	0.01057	0.00517	0.00402	0.00124	0.00376	0.00402	0.05997	0.10196
1	0.00970	0.12402	0.41825	0.02817	0.01890	0.01135	0.25674	0.01421	0.05213	0.01359	0.00843	0.01013	0.00629	0.00405	0.00430	0.00136	0.00633	0.00380	0.00210	0.00616
2	0.01008	0.01484	0.30808	0.04934	0.10270	0.05983	0.18859	0.03632	0.02659	0.03944	0.04360	0.01460	0.01918	0.00501	0.00459	0.00142	0.00597	0.06132	0.00253	0.00598
3	0.00612	0.00446	0.00575	0.00543	0.00648	0.00409	0.00407	0.00813	0.01222	0.01719	0.77614	0.03308	0.08242	0.00903	0.00514	0.00138	0.00207	0.00796	0.00476	0.00409
4	0.01010	0.00985	0.01737	0.21844	0.27636	0.01007	0.22053	0.04876	0.03470	0.01412	0.00885	0.01187	0.00703	0.00414	0.00449	0.00134	0.00566	0.01648	0.00235	0.07748
5	0.00542	0.00391	0.00504	0.00591	0.00626	0.00364	0.00398	0.00619	0.00840	0.01107	0.02499	0.70150	0.09286	0.06813	0.00664	0.00191	0.00266	0.03401	0.00396	0.00351
6	0.00891	0.00835	0.01316	0.60584	0.05578	0.01049	0.01138	0.03447	0.04532	0.01195	0.00796	0.01143	0.00623	0.00499	0.00603	0.00152	0.14507	0.00392	0.00212	0.00508
7	0.13385	0.01162	0.01187	0.00930	0.01258	0.03604	0.00764	0.62492	0.03196	0.04829	0.01015	0.01026	0.00726	0.00507	0.00410	0.00131	0.00459	0.00371	0.01857	0.00692
8	0.00623	0.00419	0.00479	0.00488	0.00497	0.00413	0.00283	0.00630	0.00668	0.00883	0.01602	0.09594	0.05928	0.70822	0.01977	0.03050	0.00397	0.00692	0.00281	0.00275
9	0.04174	0.08295	0.01316	0.00950	0.01280	0.03151	0.00787	0.56448	0.13663	0.03899	0.01109	0.01096	0.00808	0.00516	0.00418	0.00130	0.00459	0.00388	0.00408	0.00705
10	0.01085	0.00937	0.00986	0.00888	0.01134	0.01085	0.00690	0.02318	0.81164	0.01824	0.01775	0.01627	0.01331	0.00592	0.00444	0.00148	0.00345	0.00493	0.00444	0.00690
11	0.05513	0.06199	0.01286	0.01129	0.10396	0.10034	0.00822	0.32558	0.15849	0.07093	0.01131	0.02988	0.00866	0.00521	0.00432	0.00132	0.01613	0.00403	0.00369	0.00665
12	0.00734	0.00640	0.00630	0.00606	0.00744	0.07859	0.00455	0.06755	0.01133	0.01425	0.23239	0.15410	0.34889	0.00989	0.00507	0.00146	0.00296	0.02715	0.00410	0.00418
13	0.00929	0.00921	0.01323	0.01131	0.01151	0.01263	0.03448	0.01038	0.00682	0.01058	0.00631	0.01024	0.00618	0.00957	0.08116	0.00231	0.74416	0.00393	0.00195	0.00473
14	0.01090	0.01061	0.01649	0.19655	0.51950	0.05990	0.04850	0.05956	0.01046	0.01414	0.00818	0.01082	0.00661	0.00409	0.00434	0.00133	0.00555	0.00388	0.00225	0.00634
15	0.00608	0.00443	0.00575	0.00568	0.00666	0.00410	0.00429	0.00793	0.01156	0.01604	0.61196	0.11868	0.09556	0.00983	0.00526	0.00147	0.00228	0.07380	0.00460	0.00402
16	0.06150	0.43673	0.14487	0.00914	0.03520	0.09720	0.00875	0.01326	0.02270	0.01226	0.07346	0.00993	0.00864	0.00455	0.00395	0.00115	0.04580	0.00314	0.00224	0.00552
17	0.03729	0.00910	0.01010	0.00857	0.01122	0.01002	0.00681	0.09771	0.47120	0.13021	0.01507	0.01428	0.01112	0.00557	0.00477	0.00138	0.04795	0.00441	0.02506	0.07815
18	0.02989	0.00651	0.00817	0.00774	0.00935	0.02294	0.03858	0.04804	0.11916	0.09776	0.10132	0.18832	0.05788	0.03605	0.00570	0.00172	0.00358	0.20826	0.00413	0.00489
19	0.00617	0.00446	0.00583	0.00549	0.00652	0.00412	0.00412	0.00823	0.01235	0.01749	0.81722	0.03258	0.04115	0.00892	0.00514	0.00137	0.00206	0.00789	0.00480	0.00412
20	0.01631	0.01076	0.01241	0.00966	0.01298	0.03659	0.04654	0.43484	0.10528	0.23730	0.01293	0.01234	0.00893	0.00525	0.00438	0.00134	0.00454	0.00419	0.01626	0.00717
21	0.00623	0.00467	0.00701	0.00701	0.00779	0.00545	0.00545	0.00779	0.00701	0.01012	0.01168	0.01713	0.01090	0.03271	0.82944	0.00701	0.01168	0.00467	0.00234	0.00389
22	0.01044	0.00918	0.01530	0.18928	0.55566	0.00953	0.01197	0.01301	0.00973	0.04942	0.00900	0.01159	0.00721	0.00415	0.00422	0.00131	0.00499	0.00392	0.07381	0.00628
23	0.02635	0.02432	0.00953	0.07187	0.07251	0.12157	0.00680	0.04540	0.04268	0.13351	0.05819	0.17144	0.03054	0.04909	0.05494	0.00188	0.00473	0.03045	0.02424	0.01997
24	0.03918	0.20853	0.07318	0.00867	0.03062	0.09450	0.00752	0.12545	0.03597	0.12133	0.04620	0.03688	0.02559	0.00610	0.02754	0.00138	0.00473	0.02359	0.05029	0.03276

[dist]
# distance from previous block
# <min> <max>
0	25

# created by:
# /st0/software/busco_prod/Augustus/scripts/msa2prfl.pl ./align_prep/1197019.fa
