[name]
unknown

[dist]
# distance from previous block
# <min> <max>
0	65

[block]
# block no. 0 follows, 57 sequences, length 14
# corresponding to MSA columns:
# 65-78
name=unknown_A
#
# <colnr> <probs for GDERKNQSTAVLIFYWHMCP>
#	G	D	E	R	K	N	Q	S	T	A	V	L	I	F	Y	W	H	M	C	P
0	0.03436	0.02852	0.09563	0.03285	0.04118	0.04645	0.02287	0.14244	0.06989	0.05513	0.05105	0.06620	0.10483	0.05621	0.00563	0.00155	0.00434	0.02605	0.02967	0.08514
1	0.10194	0.03483	0.09683	0.00889	0.01232	0.02655	0.05354	0.13516	0.10301	0.06845	0.04488	0.01429	0.02765	0.05094	0.00516	0.00143	0.00440	0.01395	0.01874	0.17703
2	0.03842	0.03264	0.06132	0.09687	0.07657	0.02554	0.05637	0.17308	0.05733	0.02703	0.05376	0.09534	0.02968	0.04410	0.00533	0.00152	0.00458	0.00527	0.04929	0.06598
3	0.05371	0.00558	0.00641	0.00617	0.00758	0.00548	0.00459	0.03430	0.07013	0.05707	0.14436	0.17399	0.22007	0.07573	0.06329	0.00215	0.00355	0.02057	0.02361	0.02165
4	0.00973	0.00508	0.00640	0.00586	0.00733	0.00473	0.00448	0.01164	0.01135	0.17836	0.32481	0.09976	0.02532	0.00858	0.02903	0.00153	0.00282	0.00666	0.25164	0.00489
5	0.00722	0.00517	0.00615	0.00614	0.00732	0.00503	0.00449	0.01004	0.11021	0.04619	0.21902	0.26055	0.18302	0.03117	0.02985	0.00180	0.00291	0.00892	0.05031	0.00447
6	0.00906	0.00768	0.00903	0.00664	0.01034	0.00584	0.00526	0.01103	0.00955	0.01480	0.05154	0.04844	0.00969	0.00416	0.00357	0.00076	0.00326	0.00344	0.00288	0.78303
7	0.87276	0.00876	0.00666	0.00596	0.00876	0.01017	0.00491	0.01332	0.00771	0.02033	0.00631	0.00736	0.00491	0.00421	0.00280	0.00140	0.00351	0.00245	0.00280	0.00491
8	0.01055	0.21293	0.18866	0.01462	0.05399	0.01244	0.35081	0.01421	0.03142	0.01378	0.03195	0.01196	0.00800	0.00434	0.00451	0.00138	0.00634	0.01966	0.00230	0.00615
9	0.00870	0.00792	0.03668	0.42389	0.09843	0.00826	0.00992	0.01120	0.00941	0.03424	0.05116	0.08221	0.02638	0.03143	0.02667	0.00165	0.00512	0.00503	0.02347	0.09823
10	0.00559	0.00410	0.00524	0.00601	0.00653	0.00376	0.00411	0.00656	0.00933	0.01233	0.10736	0.64454	0.14128	0.01331	0.00568	0.00175	0.00253	0.01194	0.00429	0.00376
11	0.35173	0.00704	0.00658	0.00588	0.00799	0.00752	0.00460	0.07394	0.00970	0.05856	0.01251	0.06064	0.03466	0.05577	0.00462	0.00148	0.00321	0.00426	0.24743	0.04187
12	0.01127	0.04233	0.01172	0.07973	0.04844	0.05992	0.04282	0.14015	0.07893	0.05585	0.03552	0.09392	0.05622	0.00654	0.01984	0.00138	0.00454	0.00508	0.00344	0.20236
13	0.01304	0.00916	0.01071	0.00879	0.01149	0.02746	0.04604	0.22945	0.17796	0.13988	0.08134	0.05814	0.05408	0.02738	0.00510	0.00148	0.00401	0.00548	0.05291	0.03610

[dist]
# distance from previous block
# <min> <max>
1	14

[block]
# block no. 1 follows, 57 sequences, length 15
# corresponding to MSA columns:
# 93-103,106-109
name=unknown_B
#
# <colnr> <probs for GDERKNQSTAVLIFYWHMCP>
#	G	D	E	R	K	N	Q	S	T	A	V	L	I	F	Y	W	H	M	C	P
0	0.01176	0.10287	0.14121	0.07372	0.08490	0.12313	0.07905	0.07922	0.10742	0.03266	0.02883	0.03908	0.00916	0.02066	0.00491	0.00142	0.02169	0.00426	0.00285	0.03119
1	0.02927	0.00608	0.00777	0.00804	0.05152	0.02791	0.00562	0.00999	0.03034	0.06433	0.02607	0.13987	0.02588	0.13471	0.30846	0.00403	0.03556	0.00610	0.04551	0.03292
2	0.01120	0.00984	0.04192	0.06180	0.12205	0.08049	0.08049	0.06627	0.07197	0.11043	0.14525	0.04544	0.11990	0.00669	0.00484	0.00143	0.00457	0.00585	0.00372	0.00584
3	0.04116	0.00851	0.00980	0.00789	0.01087	0.04555	0.02036	0.12522	0.01236	0.26079	0.03134	0.09575	0.03321	0.00619	0.00435	0.00126	0.00388	0.02667	0.04602	0.20884
4	0.76709	0.00866	0.00716	0.04487	0.00991	0.01002	0.00536	0.03930	0.00827	0.01983	0.00733	0.04242	0.00610	0.00468	0.00307	0.00142	0.00364	0.00302	0.00288	0.00496
5	0.05161	0.01009	0.05852	0.04264	0.09263	0.04033	0.03232	0.08475	0.09183	0.05901	0.01249	0.03454	0.05154	0.00556	0.01988	0.00130	0.00446	0.00416	0.01382	0.28852
6	0.82643	0.00898	0.00704	0.00620	0.00905	0.01038	0.00511	0.05578	0.00845	0.02078	0.00656	0.00755	0.00506	0.00427	0.00290	0.00140	0.00359	0.00254	0.00290	0.00506
7	0.01086	0.00851	0.00930	0.00841	0.01068	0.00951	0.00650	0.02070	0.59101	0.06882	0.11233	0.06350	0.01789	0.00689	0.00471	0.00152	0.00333	0.00584	0.03311	0.00658
8	0.00722	0.00591	0.00865	0.00880	0.04778	0.00708	0.00651	0.00869	0.00744	0.01075	0.01218	0.01768	0.03610	0.06947	0.58854	0.00583	0.13977	0.00492	0.00242	0.00427
9	0.00920	0.01006	0.19144	0.00796	0.01080	0.00706	0.00765	0.06715	0.08210	0.07870	0.18637	0.10726	0.13704	0.00785	0.00481	0.00146	0.00371	0.00664	0.06727	0.00546
10	0.00989	0.04139	0.01333	0.33806	0.08885	0.02926	0.05668	0.03740	0.03284	0.04607	0.01182	0.04794	0.04753	0.00640	0.02562	0.00163	0.08672	0.00474	0.06848	0.00537
11	0.11698	0.17637	0.07692	0.01155	0.02730	0.12468	0.15525	0.06855	0.01030	0.01423	0.00817	0.03589	0.00710	0.02609	0.00602	0.00148	0.12114	0.00390	0.00245	0.00564
12	0.45830	0.04031	0.03706	0.07198	0.01243	0.06791	0.03400	0.09801	0.01014	0.05049	0.00916	0.01040	0.03181	0.00612	0.04359	0.00167	0.00489	0.00334	0.00296	0.00541
13	0.05072	0.01045	0.05051	0.03306	0.04225	0.13471	0.07620	0.06630	0.02912	0.01370	0.04439	0.03042	0.02412	0.10003	0.18316	0.00298	0.05356	0.00473	0.01952	0.03008
14	0.00628	0.00520	0.00586	0.00569	0.00702	0.00497	0.00429	0.00849	0.07097	0.01394	0.20905	0.10548	0.47435	0.01064	0.00580	0.00156	0.04297	0.00893	0.00430	0.00422

[dist]
# distance from previous block
# <min> <max>
0	16

[block]
# block no. 2 follows, 57 sequences, length 12
# corresponding to MSA columns:
# 126-137
name=unknown_C
#
# <colnr> <probs for GDERKNQSTAVLIFYWHMCP>
#	G	D	E	R	K	N	Q	S	T	A	V	L	I	F	Y	W	H	M	C	P
0	0.00711	0.00555	0.00768	0.06563	0.00949	0.00640	0.00585	0.00918	0.05312	0.01160	0.05319	0.08795	0.03416	0.12707	0.40194	0.00470	0.06785	0.00590	0.03146	0.00418
1	0.01896	0.00990	0.01187	0.00910	0.01266	0.00991	0.00752	0.36339	0.01664	0.46913	0.01480	0.01342	0.00967	0.00553	0.00455	0.00138	0.00435	0.00435	0.00513	0.00771
2	0.01590	0.01179	0.01328	0.01095	0.05024	0.01293	0.02654	0.61652	0.08973	0.04493	0.01177	0.01187	0.00849	0.00540	0.00449	0.00136	0.00477	0.00422	0.04739	0.00742
3	0.00651	0.00465	0.00616	0.00708	0.04690	0.00428	0.00468	0.00773	0.00991	0.04416	0.16635	0.50135	0.14907	0.01207	0.00553	0.00168	0.00268	0.01078	0.00430	0.00414
4	0.01320	0.00659	0.00835	0.00716	0.00936	0.00619	0.00558	0.05442	0.06992	0.35810	0.16710	0.14270	0.04140	0.04011	0.00556	0.00158	0.00328	0.00669	0.04674	0.00596
5	0.87276	0.00876	0.00666	0.00596	0.00876	0.01017	0.00491	0.01332	0.00771	0.02033	0.00631	0.00736	0.00491	0.00421	0.00280	0.00140	0.00351	0.00245	0.00280	0.00491
6	0.00860	0.00746	0.02167	0.05818	0.05052	0.04190	0.03412	0.02374	0.06319	0.02599	0.07680	0.03765	0.09739	0.08982	0.16789	0.00280	0.03815	0.00548	0.06333	0.08532
7	0.00723	0.00627	0.02993	0.05751	0.06216	0.00559	0.03987	0.00934	0.01106	0.01547	0.37828	0.14022	0.08627	0.00866	0.00510	0.00145	0.00320	0.03490	0.01998	0.07752
8	0.01051	0.06147	0.02832	0.15963	0.11952	0.07207	0.06220	0.07802	0.05424	0.01467	0.10826	0.02922	0.01252	0.02299	0.02429	0.00167	0.10715	0.02472	0.00291	0.00560
9	0.00869	0.02777	0.05992	0.11538	0.08420	0.00725	0.00747	0.04193	0.07043	0.05490	0.13272	0.08043	0.20516	0.02576	0.00532	0.00156	0.00380	0.04081	0.02133	0.00516
10	0.03244	0.06671	0.18096	0.04265	0.12201	0.02629	0.04609	0.07709	0.11574	0.01627	0.13296	0.01562	0.02716	0.00680	0.03956	0.00165	0.02183	0.00470	0.01740	0.00608
11	0.06299	0.03564	0.13334	0.01239	0.12104	0.04131	0.04869	0.16621	0.07150	0.09419	0.01066	0.03313	0.00823	0.00494	0.00448	0.00131	0.02250	0.00402	0.00327	0.12015

[dist]
# distance from previous block
# <min> <max>
6	81

[block]
# block no. 3 follows, 57 sequences, length 35
# corresponding to MSA columns:
# 236-270
name=unknown_D
#
# <colnr> <probs for GDERKNQSTAVLIFYWHMCP>
#	G	D	E	R	K	N	Q	S	T	A	V	L	I	F	Y	W	H	M	C	P
0	0.08684	0.08111	0.12375	0.06912	0.16096	0.04446	0.03592	0.03788	0.06951	0.04413	0.05900	0.03068	0.04153	0.02131	0.01810	0.00156	0.05020	0.00445	0.00287	0.01664
1	0.03730	0.05792	0.22009	0.05231	0.13919	0.03477	0.02596	0.03465	0.09452	0.08638	0.02618	0.03939	0.00952	0.05137	0.00568	0.00156	0.02991	0.00432	0.00292	0.04607
2	0.05279	0.02136	0.02697	0.14919	0.05260	0.02641	0.14076	0.06953	0.06407	0.10911	0.01091	0.03808	0.00859	0.00633	0.03748	0.00166	0.07292	0.00446	0.02958	0.07721
3	0.06210	0.04960	0.08366	0.01011	0.02404	0.11916	0.08764	0.09045	0.07264	0.07796	0.06587	0.05899	0.03183	0.04020	0.00563	0.00150	0.04069	0.00485	0.01978	0.05332
4	0.08248	0.00702	0.00788	0.00758	0.03334	0.04046	0.00560	0.01214	0.08191	0.11498	0.16892	0.14065	0.14532	0.03350	0.00595	0.00160	0.04772	0.02615	0.00409	0.03270
5	0.00656	0.00487	0.00602	0.00614	0.00712	0.00467	0.00449	0.02026	0.06442	0.01533	0.35283	0.30218	0.11989	0.01090	0.00541	0.00159	0.00252	0.03471	0.02582	0.00427
6	0.00920	0.00782	0.00917	0.00664	0.01047	0.00592	0.00530	0.01122	0.00963	0.01499	0.06206	0.01104	0.00914	0.00375	0.00349	0.00072	0.00327	0.00306	0.00284	0.81026
7	0.05827	0.16037	0.18761	0.03788	0.07945	0.02884	0.05565	0.06201	0.07267	0.07009	0.04896	0.01305	0.00966	0.04833	0.04680	0.00179	0.00555	0.00406	0.00287	0.00608
8	0.00778	0.00713	0.05531	0.00746	0.02888	0.00600	0.02563	0.01090	0.08093	0.03052	0.40684	0.02722	0.14166	0.00789	0.00512	0.00136	0.01989	0.00679	0.00417	0.11852
9	0.63653	0.14391	0.01008	0.00679	0.00977	0.06635	0.00576	0.03374	0.00876	0.03546	0.00672	0.00766	0.00532	0.00425	0.00299	0.00132	0.00408	0.00257	0.00274	0.00521
10	0.04376	0.25704	0.01560	0.00943	0.02775	0.09659	0.00790	0.30453	0.03891	0.11370	0.01013	0.01035	0.00759	0.00487	0.00391	0.00123	0.00496	0.00351	0.03159	0.00667
11	0.00614	0.00502	0.00547	0.00535	0.00681	0.00457	0.00403	0.00851	0.07762	0.01422	0.22551	0.06290	0.52554	0.01059	0.00532	0.00152	0.00240	0.01982	0.00443	0.00421
12	0.00680	0.00473	0.00612	0.00571	0.00689	0.00433	0.00431	0.00887	0.01269	0.04355	0.74107	0.03381	0.08543	0.00927	0.00532	0.00143	0.00220	0.00816	0.00496	0.00436
13	0.00863	0.00715	0.00780	0.00750	0.00924	0.00771	0.00562	0.03867	0.39640	0.01581	0.02566	0.25119	0.18124	0.00946	0.00509	0.00161	0.00310	0.00817	0.00441	0.00553
14	0.14993	0.00679	0.00794	0.00659	0.00915	0.00651	0.00531	0.01677	0.02912	0.40676	0.07265	0.01591	0.01267	0.00558	0.00398	0.00132	0.00322	0.00442	0.22930	0.00610
15	0.00946	0.00881	0.01477	0.37545	0.32672	0.00968	0.03182	0.01245	0.02628	0.01361	0.06354	0.01591	0.01046	0.00521	0.00471	0.00148	0.00539	0.05594	0.00251	0.00582
16	0.00624	0.00464	0.00581	0.00557	0.00673	0.00422	0.00421	0.00818	0.01226	0.01687	0.63634	0.03631	0.19069	0.00980	0.00538	0.00147	0.00224	0.03404	0.00481	0.00419
17	0.01075	0.00900	0.00988	0.00880	0.01109	0.03005	0.03225	0.12692	0.42239	0.01818	0.02020	0.11418	0.08847	0.00760	0.00484	0.00154	0.00377	0.03985	0.03402	0.00622
18	0.01152	0.01033	0.01363	0.35379	0.09730	0.09171	0.05024	0.15577	0.01231	0.04632	0.05460	0.01480	0.03958	0.00537	0.00464	0.00144	0.00560	0.02229	0.00297	0.00580
19	0.00640	0.00518	0.00580	0.00581	0.00693	0.03062	0.00425	0.00826	0.03708	0.01473	0.35609	0.21489	0.26572	0.01077	0.00538	0.00154	0.00254	0.00938	0.00448	0.00414
20	0.06989	0.01303	0.01189	0.02542	0.01330	0.24320	0.05289	0.10491	0.27613	0.05142	0.01327	0.01565	0.01068	0.00588	0.00451	0.00144	0.00539	0.07125	0.00366	0.00620
21	0.02501	0.00956	0.01309	0.04146	0.08985	0.02342	0.10341	0.09974	0.05935	0.05426	0.01025	0.04650	0.00844	0.00470	0.00455	0.00115	0.03522	0.00406	0.00306	0.36292
22	0.00931	0.00860	0.01471	0.52020	0.08546	0.00973	0.11100	0.01237	0.02702	0.03905	0.01098	0.03067	0.04725	0.00506	0.00488	0.00149	0.02324	0.00465	0.00242	0.03192
23	0.00870	0.00757	0.01330	0.02916	0.01302	0.00745	0.27086	0.02989	0.02646	0.02985	0.01348	0.06303	0.01347	0.30667	0.07206	0.01838	0.00597	0.06332	0.00287	0.00449
24	0.01742	0.00703	0.00920	0.00728	0.01022	0.00627	0.00594	0.03710	0.01249	0.61206	0.04910	0.01634	0.01249	0.00569	0.00432	0.00134	0.00348	0.00463	0.17071	0.00690
25	0.01063	0.00987	0.01433	0.09775	0.34289	0.03893	0.02782	0.04641	0.10452	0.02622	0.02697	0.02897	0.05766	0.00688	0.03998	0.00173	0.10465	0.00476	0.00283	0.00619
26	0.00831	0.00472	0.00569	0.00546	0.00669	0.00447	0.00420	0.01034	0.01115	0.07826	0.33461	0.05287	0.04253	0.00780	0.00448	0.00133	0.00242	0.05860	0.35157	0.00448
27	0.01306	0.09076	0.09821	0.04906	0.03960	0.01918	0.01687	0.14047	0.10377	0.18640	0.02468	0.07771	0.01128	0.05404	0.00614	0.00161	0.05212	0.00494	0.00373	0.00636
28	0.00537	0.00455	0.00464	0.00471	0.00615	0.00382	0.00349	0.00649	0.01022	0.01220	0.04449	0.09709	0.75808	0.01166	0.00538	0.00155	0.00232	0.00979	0.00421	0.00382
29	0.00723	0.00593	0.00786	0.00850	0.05710	0.00609	0.02787	0.01000	0.11561	0.01307	0.03868	0.35613	0.14327	0.05606	0.00691	0.00188	0.04555	0.08386	0.00391	0.00452
30	0.02060	0.00680	0.00808	0.00718	0.01671	0.00707	0.02755	0.13559	0.08933	0.06832	0.14161	0.02029	0.04413	0.00840	0.06091	0.00173	0.00379	0.02909	0.29749	0.00535
31	0.00616	0.00455	0.00566	0.00551	0.00659	0.00413	0.00408	0.00797	0.01188	0.01635	0.57001	0.10992	0.19452	0.01009	0.00535	0.00148	0.00221	0.00883	0.02058	0.00413
32	0.41593	0.11044	0.13323	0.03584	0.02702	0.03736	0.05098	0.06635	0.00963	0.03122	0.00810	0.04123	0.00664	0.00468	0.00357	0.00137	0.00471	0.00339	0.00271	0.00559
33	0.12813	0.31527	0.09070	0.04100	0.06001	0.06051	0.00871	0.13590	0.04645	0.01605	0.00827	0.00931	0.00663	0.00442	0.00359	0.00121	0.00495	0.00314	0.03073	0.02502
34	0.02924	0.02256	0.03089	0.06611	0.07953	0.01010	0.05771	0.09964	0.32351	0.02741	0.11617	0.04303	0.03945	0.00641	0.00491	0.00149	0.01873	0.01289	0.00393	0.00630

[dist]
# distance from previous block
# <min> <max>
2	51

[block]
# block no. 4 follows, 57 sequences, length 27
# corresponding to MSA columns:
# 325-351
name=unknown_E
#
# <colnr> <probs for GDERKNQSTAVLIFYWHMCP>
#	G	D	E	R	K	N	Q	S	T	A	V	L	I	F	Y	W	H	M	C	P
0	0.11342	0.03739	0.09485	0.06977	0.22066	0.02695	0.03445	0.10486	0.07978	0.08304	0.04299	0.01216	0.00900	0.00488	0.00452	0.00139	0.02507	0.00403	0.00312	0.02768
1	0.09566	0.05672	0.22263	0.10767	0.09280	0.03012	0.07262	0.04438	0.04457	0.04844	0.02361	0.05002	0.00840	0.00529	0.00524	0.00148	0.07745	0.00425	0.00263	0.00601
2	0.01049	0.05816	0.18524	0.16715	0.05804	0.04253	0.01035	0.04527	0.08728	0.04482	0.01033	0.02480	0.00835	0.00492	0.00433	0.00129	0.01322	0.03581	0.00276	0.18487
3	0.00659	0.00439	0.00542	0.00550	0.00565	0.00450	0.00342	0.00675	0.00681	0.00921	0.01427	0.09108	0.01603	0.57878	0.14804	0.07581	0.00544	0.00660	0.00275	0.00296
4	0.01157	0.01116	0.01646	0.24687	0.12833	0.08684	0.18571	0.11678	0.06113	0.02770	0.01060	0.01394	0.01777	0.00499	0.00476	0.00147	0.00606	0.03902	0.00281	0.00605
5	0.72408	0.00858	0.00733	0.00633	0.00925	0.00955	0.00521	0.01485	0.00863	0.15904	0.00833	0.00877	0.00601	0.00445	0.00311	0.00140	0.00357	0.00282	0.00329	0.00540
6	0.00688	0.00515	0.00645	0.00639	0.00762	0.00487	0.02177	0.00931	0.08050	0.04048	0.22531	0.27796	0.23433	0.01096	0.00543	0.00162	0.00272	0.04341	0.00444	0.00438
7	0.00548	0.00437	0.00491	0.00524	0.00632	0.00381	0.00376	0.00657	0.00994	0.01241	0.08990	0.31108	0.49577	0.01225	0.00550	0.00163	0.00240	0.01059	0.00426	0.00381
8	0.00875	0.00817	0.01339	0.71835	0.06148	0.00971	0.01195	0.01166	0.00914	0.01201	0.00807	0.01179	0.00615	0.00440	0.00442	0.00142	0.00576	0.00390	0.00209	0.08739
9	0.01052	0.00948	0.01517	0.14619	0.41439	0.00980	0.05301	0.07458	0.03788	0.02810	0.07897	0.01614	0.07518	0.00534	0.00469	0.00141	0.00497	0.00495	0.00291	0.00632
10	0.01016	0.02905	0.44492	0.02802	0.09590	0.03114	0.23786	0.01447	0.01015	0.03039	0.02040	0.01093	0.00686	0.00425	0.00462	0.00144	0.00672	0.00407	0.00218	0.00649
11	0.01187	0.72171	0.06429	0.00993	0.08835	0.01686	0.00880	0.01364	0.00933	0.01125	0.00661	0.00776	0.00594	0.00391	0.00313	0.00103	0.00499	0.00262	0.00197	0.00599
12	0.00605	0.00456	0.00559	0.00546	0.00658	0.00410	0.00405	0.00779	0.01176	0.01595	0.53077	0.11306	0.24705	0.01033	0.00539	0.00149	0.00223	0.00901	0.00470	0.00410
13	0.00858	0.00796	0.01334	0.73815	0.06187	0.00975	0.01226	0.01152	0.00921	0.01185	0.00921	0.01483	0.00752	0.00508	0.00465	0.00154	0.00588	0.05955	0.00218	0.00506
14	0.03071	0.02713	0.02926	0.00840	0.01198	0.00752	0.03257	0.07220	0.01248	0.51723	0.01510	0.03092	0.01048	0.00541	0.00438	0.00130	0.00404	0.02339	0.00467	0.15083
15	0.01000	0.00828	0.00927	0.00902	0.04779	0.00912	0.00656	0.03964	0.50209	0.03125	0.08414	0.09879	0.09226	0.02443	0.00522	0.00160	0.00340	0.00647	0.00443	0.00623
16	0.00953	0.08952	0.70925	0.01270	0.01902	0.02559	0.04481	0.01436	0.00964	0.01400	0.00800	0.00945	0.00579	0.00426	0.00423	0.00140	0.00661	0.00334	0.00194	0.00658
17	0.01000	0.00940	0.01529	0.15231	0.52252	0.00946	0.01176	0.01253	0.01008	0.01412	0.02783	0.01452	0.07912	0.00482	0.00448	0.00133	0.00496	0.00448	0.00248	0.08854
18	0.01161	0.70681	0.15599	0.00861	0.01296	0.01670	0.00925	0.01370	0.00927	0.01128	0.00661	0.00765	0.00580	0.00395	0.00314	0.00105	0.00515	0.00258	0.00193	0.00596
19	0.01042	0.00982	0.01580	0.23403	0.43911	0.02864	0.04126	0.05644	0.01052	0.01432	0.01009	0.09015	0.00904	0.00522	0.00465	0.00144	0.00542	0.00490	0.00250	0.00623
20	0.00790	0.00561	0.00682	0.00618	0.00766	0.00538	0.00473	0.08423	0.03085	0.04783	0.56437	0.05211	0.14055	0.00912	0.00523	0.00145	0.00254	0.00790	0.00483	0.00472
21	0.01005	0.12869	0.31042	0.04509	0.25829	0.01102	0.03070	0.03457	0.01028	0.01439	0.05714	0.02520	0.03516	0.00487	0.00433	0.00136	0.00552	0.00416	0.00239	0.00639
22	0.00679	0.00533	0.00649	0.00648	0.00806	0.00471	0.00513	0.00851	0.02029	0.01337	0.07247	0.17804	0.25149	0.01065	0.00534	0.00159	0.00309	0.23407	0.00398	0.15412
23	0.08422	0.04674	0.07560	0.00741	0.00905	0.00725	0.00628	0.00968	0.00789	0.03685	0.02213	0.03053	0.04209	0.14566	0.33272	0.03253	0.06079	0.00485	0.00264	0.03509
24	0.01116	0.10738	0.17433	0.03155	0.34997	0.03311	0.13812	0.01430	0.01022	0.04264	0.00882	0.01090	0.00695	0.00416	0.00435	0.00134	0.00585	0.00393	0.03434	0.00658
25	0.01280	0.00900	0.00871	0.00744	0.00962	0.08573	0.00593	0.28076	0.01407	0.06011	0.01330	0.01555	0.01039	0.00563	0.00394	0.00124	0.00386	0.04078	0.40548	0.00568
26	0.00653	0.00445	0.00516	0.00515	0.00531	0.00447	0.00307	0.00678	0.00700	0.00939	0.04395	0.02931	0.04500	0.71436	0.08834	0.00443	0.00488	0.00661	0.00285	0.00295

[dist]
# distance from previous block
# <min> <max>
0	1

[block]
# block no. 5 follows, 57 sequences, length 14
# corresponding to MSA columns:
# 353-366
name=unknown_F
#
# <colnr> <probs for GDERKNQSTAVLIFYWHMCP>
#	G	D	E	R	K	N	Q	S	T	A	V	L	I	F	Y	W	H	M	C	P
0	0.00890	0.00829	0.01369	0.66060	0.10300	0.01017	0.01213	0.01171	0.00904	0.01205	0.00822	0.01204	0.00637	0.00476	0.00522	0.00151	0.06576	0.00403	0.03731	0.00520
1	0.04244	0.00768	0.00894	0.00663	0.01025	0.00601	0.00527	0.01144	0.00972	0.03908	0.07920	0.03024	0.01047	0.00422	0.00360	0.00081	0.00325	0.00345	0.00301	0.71431
2	0.76260	0.00965	0.00708	0.00637	0.00905	0.07854	0.00516	0.01360	0.00822	0.01940	0.00674	0.00785	0.00528	0.00429	0.00293	0.00137	0.00384	0.00257	0.04056	0.00491
3	0.01211	0.84348	0.02374	0.00775	0.01163	0.01793	0.00775	0.01357	0.00921	0.01066	0.00630	0.00727	0.00582	0.00388	0.00291	0.00097	0.00485	0.00242	0.00194	0.00582
4	0.00605	0.00467	0.00532	0.00523	0.00659	0.00415	0.00394	0.00745	0.01056	0.03285	0.20163	0.07207	0.52242	0.01308	0.08156	0.00205	0.00323	0.00886	0.00424	0.00403
5	0.00592	0.00461	0.00537	0.00518	0.00647	0.00407	0.00389	0.00760	0.01166	0.01541	0.45452	0.03839	0.40005	0.01029	0.00535	0.00147	0.00221	0.00883	0.00463	0.00407
6	0.00761	0.00637	0.01021	0.24448	0.10304	0.00675	0.04244	0.00951	0.00945	0.02741	0.07175	0.39106	0.02009	0.00934	0.00522	0.00165	0.00414	0.02146	0.00336	0.00468
7	0.10905	0.00782	0.01011	0.00784	0.01128	0.00702	0.00648	0.02117	0.01242	0.73285	0.01667	0.01458	0.01056	0.00546	0.00437	0.00140	0.00382	0.00434	0.00532	0.00742
8	0.00904	0.02189	0.07580	0.37682	0.16668	0.00955	0.06617	0.01245	0.04806	0.01345	0.06263	0.04721	0.02792	0.00560	0.00473	0.00150	0.00541	0.03691	0.00260	0.00558
9	0.00632	0.00463	0.00593	0.00560	0.00671	0.00424	0.00420	0.00837	0.01261	0.01765	0.74292	0.03471	0.11025	0.00946	0.00535	0.00143	0.00215	0.00832	0.00492	0.00424
10	0.00643	0.00467	0.00535	0.00561	0.00674	0.00424	0.00409	0.02068	0.02459	0.03512	0.05599	0.32105	0.38457	0.01165	0.00534	0.00162	0.00257	0.03521	0.06043	0.00406
11	0.08985	0.01312	0.06500	0.01003	0.01362	0.06053	0.00861	0.54576	0.01747	0.02425	0.00970	0.01018	0.00709	0.00513	0.00457	0.00132	0.03102	0.00371	0.00386	0.07517
12	0.00674	0.05964	0.00839	0.00748	0.00846	0.00566	0.06563	0.00837	0.04509	0.01200	0.02204	0.58593	0.04256	0.06147	0.00655	0.00190	0.00336	0.04076	0.00384	0.00413
13	0.61782	0.00866	0.00730	0.00657	0.00919	0.03211	0.00530	0.01418	0.07137	0.07082	0.01070	0.05147	0.03318	0.00539	0.00343	0.00144	0.00360	0.02469	0.00326	0.01952

[dist]
# distance from previous block
# <min> <max>
2	46

[block]
# block no. 6 follows, 57 sequences, length 18
# corresponding to MSA columns:
# 413-430
name=unknown_G
#
# <colnr> <probs for GDERKNQSTAVLIFYWHMCP>
#	G	D	E	R	K	N	Q	S	T	A	V	L	I	F	Y	W	H	M	C	P
0	0.05840	0.01350	0.08194	0.01076	0.05735	0.18431	0.00860	0.27157	0.03128	0.06392	0.05791	0.01277	0.00982	0.03713	0.02086	0.02139	0.02786	0.00408	0.02039	0.00618
1	0.00733	0.07835	0.00848	0.00706	0.00809	0.02800	0.00550	0.00875	0.00760	0.01059	0.01184	0.01795	0.01130	0.12164	0.60724	0.00600	0.01013	0.00477	0.03530	0.00409
2	0.00725	0.07863	0.00914	0.00762	0.00870	0.02893	0.03972	0.00866	0.00875	0.01183	0.09643	0.29120	0.01978	0.03179	0.29358	0.00365	0.03926	0.00762	0.00322	0.00424
3	0.00602	0.00453	0.00599	0.00664	0.00699	0.00462	0.00465	0.00694	0.00882	0.01200	0.06270	0.66897	0.06308	0.01305	0.00647	0.00180	0.07494	0.01150	0.02644	0.00384
4	0.09047	0.01102	0.01174	0.00946	0.01271	0.01219	0.00769	0.43429	0.23855	0.10449	0.01330	0.01272	0.00953	0.00555	0.00441	0.00142	0.00435	0.00428	0.00451	0.00731
5	0.01146	0.00970	0.01022	0.00907	0.01166	0.01110	0.00709	0.09053	0.69168	0.01942	0.01932	0.01787	0.05779	0.00638	0.00465	0.00152	0.00364	0.00528	0.00458	0.00703
6	0.01855	0.04870	0.01074	0.00782	0.01106	0.00713	0.00644	0.03435	0.01260	0.68482	0.05202	0.01649	0.01255	0.04869	0.00546	0.00154	0.00388	0.00471	0.00523	0.00721
7	0.02762	0.03528	0.45204	0.20248	0.08680	0.01078	0.02815	0.06504	0.01031	0.02792	0.00843	0.01042	0.00615	0.00441	0.00435	0.00143	0.00619	0.00363	0.00222	0.00637
8	0.03895	0.13782	0.01414	0.01057	0.01335	0.54390	0.00833	0.10529	0.03093	0.01357	0.00762	0.00857	0.00623	0.00461	0.00392	0.00116	0.00692	0.00301	0.00260	0.03851
9	0.01002	0.14687	0.61193	0.01197	0.01770	0.02830	0.01459	0.04069	0.00984	0.01403	0.00781	0.00925	0.00583	0.00447	0.00464	0.00138	0.04891	0.00326	0.00202	0.00648
10	0.00560	0.00398	0.00524	0.00621	0.00645	0.00373	0.00410	0.00633	0.00852	0.01137	0.02420	0.77935	0.02899	0.07397	0.00703	0.00202	0.00276	0.01243	0.00410	0.00361
11	0.87276	0.00876	0.00666	0.00596	0.00876	0.01017	0.00491	0.01332	0.00771	0.02033	0.00631	0.00736	0.00491	0.00421	0.00280	0.00140	0.00351	0.00245	0.00280	0.00491
12	0.00641	0.00463	0.00606	0.00570	0.00677	0.00428	0.00428	0.00855	0.01283	0.01817	0.81009	0.03385	0.04276	0.00926	0.00534	0.00143	0.00214	0.00819	0.00499	0.00428
13	0.00772	0.00510	0.00638	0.00586	0.00727	0.00466	0.00446	0.03101	0.01256	0.08684	0.57119	0.04920	0.17177	0.00932	0.00526	0.00145	0.00240	0.00809	0.00488	0.00458
14	0.00711	0.00517	0.00632	0.00644	0.00744	0.00510	0.00486	0.06684	0.01037	0.01382	0.12312	0.19475	0.16004	0.13111	0.06878	0.00249	0.00392	0.15097	0.02724	0.00408
15	0.11196	0.00763	0.00975	0.00762	0.01091	0.00690	0.00628	0.02049	0.01221	0.68491	0.01645	0.01463	0.01056	0.00544	0.00429	0.00138	0.00372	0.00431	0.05335	0.00721
16	0.00879	0.00873	0.03973	0.19238	0.07794	0.02018	0.08611	0.02288	0.12263	0.01349	0.01797	0.08866	0.15462	0.00840	0.04373	0.00183	0.07747	0.00606	0.00306	0.00532
17	0.13507	0.01165	0.01259	0.01019	0.03369	0.01297	0.00818	0.58051	0.01789	0.07469	0.01036	0.01063	0.00743	0.00537	0.00483	0.00140	0.04734	0.00388	0.00417	0.00716

[dist]
# distance from previous block
# <min> <max>
2	20

[block]
# block no. 7 follows, 57 sequences, length 28
# corresponding to MSA columns:
# 451-478
name=unknown_H
#
# <colnr> <probs for GDERKNQSTAVLIFYWHMCP>
#	G	D	E	R	K	N	Q	S	T	A	V	L	I	F	Y	W	H	M	C	P
0	0.80579	0.00881	0.00709	0.03092	0.00961	0.01014	0.00523	0.03043	0.00809	0.02010	0.00651	0.00763	0.00505	0.00422	0.00291	0.00139	0.00361	0.00254	0.00282	0.02711
1	0.10966	0.06937	0.09046	0.03193	0.01226	0.17913	0.00792	0.05093	0.07224	0.10113	0.13713	0.01611	0.04108	0.00603	0.00472	0.00138	0.03787	0.02151	0.00344	0.00567
2	0.01077	0.02764	0.02714	0.10392	0.01395	0.02585	0.06654	0.02254	0.10827	0.12254	0.04128	0.11474	0.01277	0.00607	0.00445	0.00129	0.00420	0.02885	0.00350	0.25369
3	0.00700	0.00500	0.00696	0.00800	0.00892	0.00496	0.00678	0.00887	0.01014	0.01323	0.02416	0.18268	0.02673	0.01280	0.00618	0.00205	0.00391	0.65335	0.00418	0.00409
4	0.00673	0.00563	0.02250	0.00683	0.00811	0.00537	0.03912	0.00889	0.03146	0.01514	0.42509	0.06859	0.13753	0.03838	0.12676	0.00244	0.03539	0.00761	0.00410	0.00433
5	0.01011	0.00815	0.00985	0.00770	0.04550	0.00628	0.00581	0.01213	0.00964	0.06103	0.00864	0.00982	0.00699	0.00352	0.00347	0.00074	0.00347	0.00285	0.00283	0.78144
6	0.00644	0.00493	0.00561	0.00547	0.00678	0.00459	0.00408	0.00891	0.07285	0.01527	0.32767	0.09512	0.34585	0.01000	0.00517	0.00148	0.00235	0.00858	0.06457	0.00427
7	0.07410	0.12164	0.01406	0.00958	0.01305	0.05398	0.00804	0.55163	0.01774	0.05590	0.01016	0.01037	0.00742	0.00512	0.00415	0.00130	0.00491	0.00372	0.02610	0.00706
8	0.00782	0.00423	0.00619	0.00611	0.00614	0.00441	0.00414	0.00621	0.00603	0.00813	0.00836	0.01484	0.00849	0.07343	0.04070	0.74910	0.03727	0.00415	0.00204	0.00220
9	0.04715	0.04376	0.02898	0.06395	0.13588	0.06160	0.13466	0.08771	0.16938	0.01686	0.03250	0.01341	0.00975	0.00495	0.00433	0.00136	0.00493	0.00439	0.12832	0.00614
10	0.00978	0.03066	0.58926	0.01320	0.03240	0.04563	0.09099	0.01516	0.07567	0.01454	0.00953	0.01169	0.00720	0.00468	0.00447	0.00145	0.00647	0.02842	0.00227	0.00653
11	0.00704	0.00508	0.00700	0.00774	0.00876	0.00508	0.00657	0.00899	0.01027	0.01354	0.09986	0.04549	0.05867	0.03732	0.08089	0.00254	0.00463	0.58236	0.00405	0.00412
12	0.00976	0.01008	0.04105	0.10861	0.13020	0.00952	0.36618	0.01314	0.03579	0.03470	0.07757	0.03945	0.07630	0.00557	0.00509	0.00151	0.00581	0.02101	0.00286	0.00579
13	0.01074	0.24039	0.01105	0.00611	0.00833	0.00948	0.00524	0.12530	0.01113	0.01684	0.01184	0.01333	0.00943	0.00491	0.00329	0.00108	0.00329	0.00370	0.49936	0.00517
14	0.03128	0.02898	0.03239	0.00721	0.01078	0.00724	0.00597	0.04996	0.08471	0.05709	0.06709	0.01356	0.04475	0.00465	0.00382	0.00096	0.00348	0.00376	0.00329	0.53901
15	0.00908	0.01020	0.10837	0.09677	0.19716	0.04344	0.04184	0.03575	0.02317	0.01480	0.18093	0.07176	0.09714	0.00688	0.00530	0.00147	0.04127	0.00597	0.00318	0.00552
16	0.01200	0.01010	0.01066	0.00937	0.01206	0.01161	0.00735	0.11918	0.70800	0.02014	0.01751	0.01616	0.01308	0.00606	0.00460	0.00152	0.00376	0.00499	0.00460	0.00724
17	0.46904	0.00880	0.02264	0.02285	0.02004	0.04175	0.03895	0.01221	0.03217	0.01644	0.01012	0.12030	0.00977	0.04942	0.02982	0.00184	0.07346	0.01267	0.00290	0.00480
18	0.02126	0.00896	0.01196	0.03730	0.13426	0.05505	0.08655	0.06502	0.12021	0.10585	0.12018	0.09062	0.09831	0.00697	0.00486	0.00146	0.00430	0.00618	0.01481	0.00590
19	0.04478	0.00899	0.02663	0.14160	0.31005	0.00919	0.00986	0.06610	0.08159	0.04006	0.06927	0.03434	0.12630	0.00608	0.00465	0.00144	0.00448	0.00533	0.00320	0.00605
20	0.00916	0.04360	0.74354	0.01288	0.01926	0.01062	0.04732	0.01417	0.00954	0.01416	0.00823	0.00983	0.00594	0.00507	0.02629	0.00158	0.00683	0.00344	0.00194	0.00658
21	0.03108	0.00886	0.03172	0.02646	0.12391	0.03465	0.06265	0.07830	0.01016	0.03514	0.01166	0.09429	0.01125	0.15409	0.02283	0.00192	0.02043	0.01821	0.00295	0.21945
22	0.00856	0.00805	0.01359	0.82986	0.03121	0.01007	0.01258	0.01158	0.00906	0.01158	0.00805	0.01208	0.00604	0.00453	0.00453	0.00151	0.00604	0.00403	0.00201	0.00503
23	0.01122	0.01077	0.01839	0.02781	0.81248	0.01077	0.01391	0.01391	0.01032	0.01480	0.00852	0.01122	0.00718	0.00404	0.00449	0.00135	0.00538	0.00404	0.00224	0.00718
24	0.00750	0.00543	0.00634	0.00599	0.00718	0.03967	0.00455	0.00958	0.01239	0.03988	0.63881	0.03126	0.03641	0.00870	0.00509	0.00140	0.00253	0.04097	0.09189	0.00440
25	0.02033	0.00771	0.01052	0.00806	0.01157	0.00666	0.00666	0.02208	0.01297	0.81562	0.01788	0.01542	0.01122	0.00561	0.00456	0.00140	0.00386	0.00456	0.00561	0.00771
26	0.04811	0.01038	0.01608	0.23441	0.48341	0.04579	0.01267	0.01324	0.00975	0.01377	0.00806	0.01105	0.00664	0.00447	0.00513	0.00143	0.06322	0.00391	0.00219	0.00628
27	0.00753	0.00607	0.00727	0.00600	0.00837	0.00495	0.00463	0.00945	0.01093	0.01578	0.34893	0.04582	0.12595	0.00716	0.00451	0.00113	0.00269	0.00614	0.00388	0.37279

[dist]
# distance from previous block
# <min> <max>
0	23

# created by:
# /st0/software/busco_prod/Augustus/scripts/msa2prfl.pl ./align_prep/1200489.fa
