[name]
unknown

[dist]
# distance from previous block
# <min> <max>
0	16

[block]
# block no. 0 follows, 58 sequences, length 76
# corresponding to MSA columns:
# 16-91
name=unknown_A
#
# <colnr> <probs for GDERKNQSTAVLIFYWHMCP>
#	G	D	E	R	K	N	Q	S	T	A	V	L	I	F	Y	W	H	M	C	P
0	0.00550	0.00443	0.00492	0.00515	0.00634	0.00385	0.00380	0.00669	0.01007	0.01251	0.10685	0.21007	0.54540	0.01175	0.00542	0.00159	0.00241	0.04525	0.00422	0.00380
1	0.00935	0.00906	0.00941	0.03938	0.08157	0.17692	0.04799	0.01049	0.00934	0.01140	0.10352	0.02333	0.01587	0.37573	0.01269	0.00269	0.00517	0.04910	0.00286	0.00413
2	0.01081	0.01099	0.01930	0.01500	0.04151	0.01121	0.44224	0.01829	0.34603	0.01618	0.01289	0.01399	0.00969	0.00475	0.00495	0.00151	0.00579	0.00515	0.00323	0.00651
3	0.00928	0.00795	0.00928	0.00663	0.01060	0.00596	0.00530	0.01126	0.00928	0.01458	0.00795	0.00928	0.00663	0.00331	0.00331	0.00066	0.00331	0.00265	0.00265	0.87014
4	0.04313	0.00912	0.00982	0.00837	0.01089	0.01004	0.00663	0.24145	0.34052	0.03705	0.16125	0.01938	0.06952	0.00669	0.00464	0.00144	0.00359	0.00549	0.00453	0.00642
5	0.18667	0.01745	0.01119	0.01010	0.01255	0.57260	0.00770	0.01752	0.07664	0.03693	0.00802	0.00882	0.00638	0.00467	0.00384	0.00124	0.00666	0.00302	0.00267	0.00534
6	0.01041	0.01181	0.02569	0.01840	0.02280	0.01107	0.77118	0.01413	0.01063	0.01445	0.03682	0.01280	0.00801	0.00396	0.00528	0.00150	0.00735	0.00538	0.00235	0.00597
7	0.00717	0.00641	0.00888	0.01176	0.25506	0.00594	0.00672	0.00884	0.01030	0.01320	0.07484	0.04941	0.48970	0.00903	0.00505	0.00147	0.00324	0.02458	0.00360	0.00482
8	0.00933	0.00879	0.01484	0.47224	0.33629	0.00988	0.01248	0.01209	0.00949	0.01280	0.02471	0.04064	0.00794	0.00470	0.00451	0.00144	0.00552	0.00436	0.00221	0.00574
9	0.00562	0.00405	0.00535	0.00626	0.00649	0.00390	0.00418	0.00635	0.00839	0.01122	0.02352	0.76639	0.02816	0.07060	0.00707	0.00199	0.02076	0.01210	0.00401	0.00360
10	0.01113	0.00961	0.01011	0.00910	0.01163	0.01113	0.00708	0.02377	0.80681	0.01871	0.01821	0.01669	0.01365	0.00607	0.00455	0.00152	0.00354	0.00506	0.00455	0.00708
11	0.01671	0.02132	0.01268	0.01152	0.01383	0.82483	0.00864	0.01786	0.01268	0.01095	0.00691	0.00807	0.00576	0.00461	0.00403	0.00115	0.00807	0.00288	0.00230	0.00519
12	0.00627	0.00457	0.00589	0.00556	0.00664	0.00419	0.00417	0.00832	0.01252	0.01759	0.76694	0.03399	0.08801	0.00927	0.00528	0.00141	0.00212	0.00817	0.00488	0.00419
13	0.01867	0.00986	0.01177	0.00902	0.01254	0.00991	0.00745	0.37713	0.01656	0.45735	0.01449	0.01318	0.00949	0.00546	0.00449	0.00137	0.00432	0.00428	0.00505	0.00761
14	0.00595	0.00446	0.00552	0.00547	0.00650	0.00403	0.00402	0.00763	0.01146	0.01558	0.51332	0.15965	0.21918	0.01040	0.00535	0.00149	0.00222	0.00911	0.00463	0.00403
15	0.00631	0.00457	0.00595	0.00560	0.00667	0.00421	0.00420	0.00840	0.01261	0.01781	0.79538	0.03363	0.05944	0.00919	0.00528	0.00141	0.00211	0.00812	0.00491	0.00421
16	0.00850	0.00801	0.01352	0.81486	0.04756	0.00995	0.01245	0.01148	0.00897	0.01150	0.00796	0.01191	0.00599	0.00446	0.00447	0.00149	0.00595	0.00398	0.00199	0.00501
17	0.00635	0.00454	0.00629	0.00705	0.00775	0.00437	0.01657	0.00766	0.00928	0.02399	0.03470	0.48543	0.05793	0.01383	0.03887	0.00208	0.00354	0.26180	0.00407	0.00391
18	0.01077	0.01032	0.01760	0.12121	0.72353	0.01055	0.01358	0.01346	0.01004	0.01424	0.00836	0.01117	0.00695	0.00404	0.00443	0.00135	0.00539	0.00398	0.00219	0.00684
19	0.01086	0.01041	0.01777	0.09349	0.75054	0.01057	0.01362	0.01354	0.01008	0.01435	0.00838	0.01114	0.00699	0.00403	0.00443	0.00134	0.00537	0.00398	0.00220	0.00691
20	0.47156	0.00878	0.00890	0.02301	0.02317	0.02642	0.01736	0.02536	0.04588	0.19787	0.00978	0.01029	0.00710	0.00491	0.00437	0.00142	0.07158	0.00332	0.03328	0.00565
21	0.66608	0.00906	0.00925	0.03080	0.18392	0.01016	0.00696	0.01323	0.00820	0.01868	0.00674	0.00821	0.00536	0.00412	0.00317	0.00137	0.00392	0.00280	0.00263	0.00533
22	0.01129	0.01127	0.01732	0.02459	0.67179	0.07592	0.04123	0.01400	0.02524	0.01430	0.00975	0.01248	0.02927	0.00440	0.00448	0.00134	0.00548	0.01675	0.00235	0.00676
23	0.00845	0.00795	0.01342	0.83204	0.03081	0.00994	0.01242	0.01143	0.00894	0.01143	0.00795	0.01193	0.00596	0.00447	0.00447	0.00149	0.00596	0.00398	0.00199	0.00497
24	0.00650	0.00436	0.00501	0.00501	0.00505	0.00441	0.00287	0.00659	0.00654	0.00877	0.01398	0.02862	0.01598	0.79741	0.06776	0.00450	0.00477	0.00641	0.00269	0.00278
25	0.00897	0.02314	0.81962	0.01275	0.01936	0.01039	0.01653	0.01417	0.00944	0.01417	0.00803	0.00944	0.00567	0.00425	0.00425	0.00142	0.00661	0.00331	0.00189	0.00661
26	0.00539	0.00445	0.00473	0.00484	0.00615	0.00379	0.00356	0.00654	0.01015	0.01242	0.09846	0.15184	0.64916	0.01154	0.00534	0.00155	0.00230	0.00979	0.00421	0.00379
27	0.02007	0.00761	0.01038	0.00796	0.01142	0.00657	0.00657	0.02180	0.01280	0.81799	0.01765	0.01523	0.01107	0.00554	0.00450	0.00138	0.00381	0.00450	0.00554	0.00761
28	0.00834	0.00417	0.00417	0.00417	0.00521	0.00417	0.00313	0.01042	0.00938	0.01668	0.01459	0.01668	0.01147	0.00521	0.00313	0.00104	0.00208	0.00417	0.86763	0.00417
29	0.00639	0.00478	0.00711	0.00711	0.00788	0.00555	0.00549	0.00793	0.00716	0.01032	0.01206	0.01800	0.01137	0.06285	0.79601	0.00709	0.01170	0.00485	0.00241	0.00395
30	0.01062	0.01014	0.01692	0.05453	0.59527	0.00983	0.05997	0.01324	0.01000	0.01447	0.00835	0.01085	0.00694	0.00387	0.00429	0.00123	0.00512	0.00383	0.00228	0.15823
31	0.01671	0.02132	0.01268	0.01152	0.01383	0.82483	0.00864	0.01786	0.01268	0.01095	0.00691	0.00807	0.00576	0.00461	0.00403	0.00115	0.00807	0.00288	0.00230	0.00519
32	0.01090	0.01034	0.01735	0.02588	0.74729	0.01040	0.01318	0.01391	0.04092	0.01472	0.00949	0.01308	0.00819	0.00445	0.00451	0.00137	0.00519	0.03951	0.00239	0.00695
33	0.00624	0.00452	0.00588	0.00564	0.00665	0.00417	0.00419	0.00823	0.01231	0.01732	0.73623	0.08889	0.06382	0.00954	0.00531	0.00144	0.00215	0.00845	0.00485	0.00417
34	0.00723	0.00580	0.00825	0.02456	0.00961	0.00576	0.07239	0.03812	0.07714	0.01383	0.08567	0.37354	0.09267	0.01105	0.00552	0.00173	0.00346	0.15519	0.00405	0.00445
35	0.06688	0.03633	0.29212	0.01067	0.01519	0.04564	0.01088	0.36367	0.01488	0.08685	0.00982	0.01025	0.00693	0.00485	0.00424	0.00136	0.00545	0.00363	0.00341	0.00695
36	0.00741	0.00410	0.00605	0.00605	0.00622	0.00426	0.00417	0.00631	0.00615	0.00836	0.00901	0.01534	0.00897	0.06785	0.18413	0.64132	0.00558	0.00423	0.00208	0.00241
37	0.00850	0.00800	0.01351	0.81606	0.04638	0.00995	0.01245	0.01147	0.00897	0.01149	0.00796	0.01191	0.00599	0.00446	0.00447	0.00149	0.00595	0.00398	0.00199	0.00501
38	0.01589	0.07324	0.05049	0.01083	0.03342	0.20707	0.00886	0.45254	0.05095	0.03914	0.00981	0.01016	0.00727	0.00503	0.00425	0.00128	0.00566	0.00366	0.00363	0.00682
39	0.50798	0.00981	0.01096	0.07800	0.23983	0.04908	0.01881	0.01342	0.00873	0.01732	0.00706	0.00882	0.00564	0.00415	0.00347	0.00137	0.00446	0.00305	0.00252	0.00552
40	0.00943	0.00668	0.00760	0.00680	0.00847	0.03984	0.00526	0.06123	0.06421	0.11966	0.34649	0.07558	0.17556	0.00869	0.00548	0.00147	0.04074	0.00729	0.00452	0.00501
41	0.00885	0.02229	0.78264	0.01243	0.01878	0.01011	0.01597	0.01391	0.00959	0.01434	0.04459	0.01053	0.00733	0.00447	0.00430	0.00142	0.00641	0.00352	0.00203	0.00650
42	0.01112	0.01053	0.01523	0.07540	0.49272	0.04034	0.01147	0.01673	0.24860	0.01549	0.01126	0.01270	0.00893	0.00466	0.00445	0.00139	0.00493	0.00427	0.00290	0.00687
43	0.01231	0.78540	0.02268	0.00791	0.01165	0.05772	0.00772	0.03168	0.00954	0.01095	0.00636	0.00730	0.00578	0.00390	0.00296	0.00098	0.00495	0.00245	0.00199	0.00576
44	0.00540	0.00415	0.00495	0.00557	0.00632	0.00370	0.00387	0.00634	0.00925	0.01178	0.04517	0.52414	0.32749	0.01292	0.00554	0.00169	0.00246	0.01140	0.00417	0.00370
45	0.01235	0.75339	0.03908	0.00802	0.01186	0.03183	0.00792	0.07027	0.01002	0.01188	0.00660	0.00750	0.00587	0.00396	0.00304	0.00100	0.00489	0.00254	0.00210	0.00588
46	0.01070	0.04163	0.62846	0.01237	0.01799	0.18503	0.01463	0.01494	0.01013	0.01339	0.00775	0.00910	0.00569	0.00432	0.00417	0.00135	0.00688	0.00319	0.00198	0.00629
47	0.00633	0.00457	0.00598	0.00563	0.00668	0.00422	0.00422	0.00844	0.01266	0.01794	0.81253	0.03341	0.04221	0.00914	0.00528	0.00141	0.00211	0.00809	0.00492	0.00422
48	0.00546	0.00395	0.00516	0.00610	0.00646	0.00365	0.00410	0.00629	0.00876	0.01160	0.04197	0.76995	0.08257	0.01374	0.00567	0.00179	0.00256	0.01240	0.00417	0.00365
49	0.01056	0.01207	0.02640	0.01885	0.02338	0.01131	0.79864	0.01433	0.01056	0.01433	0.00905	0.01207	0.00679	0.00377	0.00528	0.00151	0.00754	0.00528	0.00226	0.00603
50	0.00989	0.00780	0.00836	0.00741	0.00965	0.00829	0.00579	0.11785	0.34320	0.04735	0.09979	0.02595	0.27428	0.00795	0.00485	0.00148	0.00318	0.00660	0.00448	0.00583
51	0.00993	0.02983	0.12083	0.01150	0.03641	0.02635	0.03866	0.02977	0.00837	0.01253	0.00737	0.01016	0.01692	0.00617	0.00990	0.00157	0.46521	0.00370	0.00218	0.15265
52	0.01247	0.04972	0.01297	0.01037	0.01310	0.14847	0.09366	0.10575	0.36949	0.02788	0.02266	0.01468	0.02351	0.00562	0.00467	0.00141	0.02290	0.01858	0.03573	0.00636
53	0.00616	0.00457	0.00575	0.00545	0.00658	0.00415	0.00409	0.00812	0.01227	0.01701	0.69041	0.03495	0.16491	0.00949	0.00528	0.00142	0.00214	0.00830	0.00480	0.00415
54	0.00649	0.00440	0.00518	0.00518	0.00528	0.00450	0.00309	0.00670	0.00659	0.00890	0.01382	0.02775	0.01560	0.73729	0.12737	0.00471	0.00533	0.00628	0.00267	0.00288
55	0.00956	0.00841	0.04534	0.00811	0.01016	0.01919	0.00653	0.12644	0.28970	0.01729	0.10107	0.20788	0.07360	0.00867	0.00499	0.00157	0.00352	0.04803	0.00429	0.00565
56	0.01673	0.02072	0.01273	0.01144	0.01383	0.76933	0.00863	0.07139	0.01325	0.01213	0.00718	0.00825	0.00589	0.00466	0.00406	0.00117	0.00785	0.00296	0.00245	0.00535
57	0.00633	0.00457	0.00598	0.00563	0.00668	0.00422	0.00422	0.00844	0.01266	0.01794	0.81253	0.03341	0.04221	0.00914	0.00528	0.00141	0.00211	0.00809	0.00492	0.00422
58	0.01672	0.01236	0.01327	0.01016	0.01375	0.01358	0.00839	0.77129	0.02060	0.02770	0.01064	0.01069	0.00757	0.00530	0.00443	0.00132	0.00486	0.00398	0.00441	0.03897
59	0.01102	0.01058	0.01807	0.04273	0.80001	0.01062	0.01370	0.01368	0.01016	0.01455	0.00841	0.01109	0.00706	0.00399	0.00443	0.00133	0.00533	0.00399	0.00221	0.00705
60	0.81592	0.00858	0.00684	0.00602	0.00884	0.00980	0.00496	0.01374	0.00797	0.07468	0.00701	0.00781	0.00527	0.00425	0.00289	0.00138	0.00348	0.00256	0.00296	0.00503
61	0.00963	0.01147	0.10636	0.01555	0.05500	0.00964	0.48464	0.01294	0.01047	0.02968	0.10062	0.07603	0.02741	0.00545	0.00535	0.00151	0.02386	0.00591	0.00275	0.00573
62	0.01758	0.00548	0.00669	0.00649	0.00771	0.00547	0.00481	0.01118	0.14949	0.05380	0.38509	0.22258	0.04125	0.04053	0.00585	0.00164	0.00269	0.02240	0.00457	0.00468
63	0.01995	0.00781	0.01050	0.00805	0.01152	0.00686	0.00665	0.05273	0.01313	0.78659	0.01737	0.01505	0.01094	0.00553	0.00450	0.00138	0.00385	0.00448	0.00549	0.00761
64	0.01185	0.01069	0.01513	0.01968	0.49069	0.05976	0.01082	0.07070	0.01104	0.05187	0.00881	0.01065	0.00712	0.00404	0.00416	0.00117	0.00494	0.00364	0.00263	0.20061
65	0.01308	0.01153	0.01508	0.08392	0.37336	0.08702	0.01101	0.18042	0.07046	0.06126	0.00984	0.01137	0.00763	0.00477	0.00484	0.00137	0.03923	0.00399	0.00302	0.00679
66	0.01249	0.09288	0.35531	0.01391	0.15003	0.02917	0.05043	0.04346	0.01078	0.18437	0.01008	0.01087	0.00718	0.00446	0.00426	0.00135	0.00565	0.00370	0.00284	0.00680
67	0.01128	0.65905	0.20394	0.00881	0.01327	0.01604	0.00967	0.01357	0.00917	0.01135	0.00663	0.00769	0.00572	0.00392	0.00318	0.00106	0.00520	0.00260	0.00191	0.00594
68	0.00562	0.00397	0.00530	0.00627	0.00659	0.00372	0.00428	0.00638	0.00860	0.01141	0.02454	0.74792	0.04959	0.01391	0.00615	0.03339	0.00271	0.05197	0.00407	0.00360
69	0.00994	0.02027	0.08190	0.01112	0.09538	0.05094	0.11439	0.04081	0.03263	0.09711	0.06355	0.08986	0.17863	0.02577	0.03569	0.00175	0.00480	0.03658	0.00348	0.00541
70	0.01213	0.01060	0.01557	0.10979	0.50639	0.06882	0.01174	0.04016	0.03847	0.09650	0.03941	0.01238	0.00882	0.00455	0.00445	0.00135	0.00524	0.00415	0.00279	0.00668
71	0.01734	0.00761	0.00979	0.00772	0.01069	0.00711	0.00632	0.09259	0.01284	0.58244	0.01749	0.01606	0.04784	0.00584	0.00475	0.00137	0.03443	0.00462	0.10623	0.00693
72	0.00651	0.00434	0.00488	0.00488	0.00488	0.00434	0.00271	0.00651	0.00651	0.00867	0.01409	0.02927	0.01626	0.84279	0.02277	0.00434	0.00434	0.00651	0.00271	0.00271
73	0.63065	0.02540	0.03746	0.03806	0.03043	0.04826	0.02922	0.01357	0.00841	0.04432	0.00700	0.00816	0.00539	0.00416	0.00315	0.00133	0.00407	0.00273	0.00273	0.05549
74	0.03051	0.00949	0.01143	0.01220	0.16506	0.01030	0.00807	0.04544	0.49709	0.03923	0.03295	0.01551	0.02794	0.00556	0.00442	0.00140	0.00386	0.00472	0.00395	0.07088
75	0.04370	0.42002	0.17312	0.04732	0.05706	0.03551	0.00967	0.01427	0.08109	0.01275	0.00841	0.01015	0.00707	0.00498	0.02065	0.00131	0.00525	0.02055	0.00228	0.02484

[dist]
# distance from previous block
# <min> <max>
1	9

[block]
# block no. 1 follows, 58 sequences, length 59
# corresponding to MSA columns:
# 101-159
name=unknown_B
#
# <colnr> <probs for GDERKNQSTAVLIFYWHMCP>
#	G	D	E	R	K	N	Q	S	T	A	V	L	I	F	Y	W	H	M	C	P
0	0.00978	0.02115	0.08872	0.06039	0.01634	0.02245	0.28753	0.04813	0.05354	0.04694	0.12558	0.08239	0.05551	0.00628	0.00544	0.00150	0.04471	0.00596	0.00317	0.01448
1	0.01136	0.22361	0.06402	0.01014	0.05796	0.05905	0.01909	0.04110	0.30859	0.02734	0.01242	0.05204	0.01034	0.02429	0.00497	0.00141	0.04149	0.00435	0.00322	0.02323
2	0.01108	0.17630	0.41719	0.01382	0.13551	0.01161	0.05633	0.03033	0.01008	0.08477	0.00870	0.00993	0.00647	0.00424	0.00410	0.00132	0.00584	0.00346	0.00234	0.00659
3	0.00587	0.00462	0.00495	0.00482	0.00630	0.00393	0.00363	0.00719	0.01071	0.03457	0.18320	0.04057	0.65247	0.01078	0.00526	0.00149	0.00228	0.00907	0.00433	0.00396
4	0.00697	0.00443	0.00489	0.03762	0.00673	0.00423	0.00377	0.00867	0.00979	0.01465	0.08715	0.10826	0.25858	0.00823	0.00426	0.00131	0.00235	0.00692	0.41717	0.00403
5	0.00844	0.00928	0.09583	0.01560	0.28248	0.00777	0.10639	0.01087	0.01915	0.01331	0.01661	0.29799	0.06038	0.00808	0.00505	0.00156	0.00457	0.02814	0.00304	0.00546
6	0.00918	0.06067	0.47425	0.01287	0.03534	0.01019	0.16175	0.01372	0.04428	0.01421	0.04462	0.01406	0.06484	0.00502	0.00453	0.00143	0.00601	0.01450	0.00240	0.00616
7	0.00529	0.00453	0.00453	0.00453	0.00604	0.00378	0.00340	0.00642	0.01020	0.01208	0.04532	0.04305	0.81307	0.01133	0.00529	0.00151	0.00227	0.00944	0.00415	0.00378
8	0.00553	0.00395	0.00529	0.00632	0.00662	0.00370	0.00430	0.00637	0.00865	0.01151	0.02461	0.80277	0.02941	0.01394	0.00573	0.00183	0.00267	0.04900	0.00415	0.00366
9	0.01190	0.07132	0.19372	0.06333	0.17137	0.04423	0.04800	0.08049	0.05960	0.10853	0.01078	0.04856	0.00863	0.00524	0.00489	0.00141	0.04434	0.01428	0.00293	0.00644
10	0.01119	0.01100	0.01754	0.02542	0.71117	0.04472	0.01317	0.01364	0.01000	0.01412	0.00813	0.01083	0.00692	0.00435	0.00531	0.00138	0.07817	0.00393	0.00220	0.00681
11	0.87439	0.00865	0.00657	0.00588	0.00865	0.01003	0.00484	0.01315	0.00761	0.02007	0.00623	0.00727	0.00484	0.00415	0.00277	0.00138	0.00346	0.00242	0.00277	0.00484
12	0.00956	0.18492	0.66298	0.01175	0.01781	0.01183	0.01478	0.01401	0.00937	0.01345	0.00767	0.00900	0.00568	0.00417	0.00398	0.00133	0.00625	0.00313	0.00189	0.00644
13	0.00560	0.00407	0.00524	0.00601	0.00648	0.00377	0.00411	0.00654	0.00906	0.01200	0.09496	0.63197	0.11103	0.04626	0.00632	0.00186	0.00263	0.03424	0.00416	0.00368
14	0.01056	0.01207	0.02640	0.01885	0.02338	0.01131	0.79864	0.01433	0.01056	0.01433	0.00905	0.01207	0.00679	0.00377	0.00528	0.00151	0.00754	0.00528	0.00226	0.00603
15	0.00614	0.00451	0.00575	0.00557	0.00660	0.00412	0.00413	0.00803	0.01203	0.01673	0.66009	0.10716	0.12285	0.00982	0.00532	0.00145	0.00217	0.00865	0.00477	0.00412
16	0.28147	0.01115	0.01087	0.00873	0.01195	0.04642	0.00715	0.42252	0.04975	0.09353	0.01011	0.01020	0.00724	0.00501	0.00394	0.00136	0.00445	0.00357	0.00395	0.00663
17	0.10463	0.17804	0.54469	0.01098	0.01645	0.04638	0.01322	0.01407	0.00931	0.01398	0.00744	0.00872	0.00559	0.00417	0.00382	0.00131	0.00598	0.00302	0.00201	0.00619
18	0.01056	0.01006	0.01711	0.11072	0.69849	0.01026	0.01318	0.01317	0.00999	0.01415	0.00906	0.04641	0.00793	0.00446	0.00449	0.00137	0.00527	0.00436	0.00227	0.00672
19	0.00897	0.02314	0.81962	0.01275	0.01936	0.01039	0.01653	0.01417	0.00944	0.01417	0.00803	0.00944	0.00567	0.00425	0.00425	0.00142	0.00661	0.00331	0.00189	0.00661
20	0.00845	0.00795	0.01342	0.83204	0.03081	0.00994	0.01242	0.01143	0.00894	0.01143	0.00795	0.01193	0.00596	0.00447	0.00447	0.00149	0.00596	0.00398	0.00199	0.00497
21	0.01198	0.02736	0.10449	0.03022	0.07370	0.06606	0.22411	0.09738	0.06637	0.09438	0.01138	0.08138	0.00941	0.00561	0.00557	0.00149	0.07485	0.00502	0.00306	0.00618
22	0.01351	0.03431	0.04538	0.01020	0.01317	0.00935	0.12868	0.15235	0.05913	0.24817	0.06793	0.07967	0.01283	0.00748	0.04191	0.00172	0.05852	0.00533	0.00402	0.00636
23	0.04770	0.02590	0.05940	0.01413	0.03322	0.03134	0.41864	0.01333	0.01014	0.06475	0.02804	0.03090	0.05747	0.00634	0.03178	0.00170	0.05914	0.04181	0.01864	0.00563
24	0.00769	0.00559	0.00737	0.00726	0.00835	0.00551	0.03912	0.09874	0.02159	0.04018	0.02273	0.51701	0.08359	0.04869	0.03240	0.00200	0.00354	0.04022	0.00404	0.00437
25	0.01152	0.17539	0.36527	0.01107	0.01585	0.05063	0.04572	0.15540	0.07735	0.01631	0.02882	0.01048	0.00764	0.00464	0.00411	0.00132	0.00571	0.00359	0.00269	0.00651
26	0.01367	0.03154	0.01499	0.21059	0.05637	0.04916	0.10918	0.29302	0.06120	0.09979	0.01059	0.01180	0.00766	0.00487	0.00452	0.00139	0.00547	0.00419	0.00344	0.00656
27	0.00905	0.00755	0.01120	0.01053	0.06685	0.00760	0.12324	0.11048	0.07831	0.01645	0.16680	0.13120	0.06167	0.00867	0.00530	0.00161	0.00410	0.17021	0.00395	0.00523
28	0.00817	0.00770	0.05688	0.02316	0.04218	0.04524	0.02134	0.04231	0.00817	0.01098	0.01292	0.12202	0.01406	0.40285	0.04373	0.02019	0.10519	0.00621	0.00274	0.00396
29	0.01108	0.01167	0.01466	0.36179	0.26654	0.17968	0.01181	0.01369	0.02594	0.01242	0.00799	0.01086	0.00642	0.00453	0.00482	0.00139	0.04305	0.00377	0.00217	0.00570
30	0.01060	0.38741	0.43608	0.01040	0.01566	0.01376	0.01229	0.04352	0.00972	0.01308	0.00733	0.00849	0.00577	0.00410	0.00365	0.00121	0.00574	0.00293	0.00200	0.00626
31	0.00568	0.00456	0.00509	0.00506	0.00639	0.00397	0.00383	0.00714	0.01088	0.01383	0.26710	0.05846	0.53418	0.01080	0.00534	0.00151	0.00232	0.04556	0.00438	0.00392
32	0.01490	0.00660	0.00865	0.00713	0.00972	0.00584	0.00569	0.03939	0.01225	0.51056	0.11804	0.10849	0.11775	0.00760	0.00482	0.00145	0.00331	0.00642	0.00511	0.00629
33	0.04279	0.06928	0.04044	0.01061	0.04739	0.10214	0.03131	0.13755	0.41288	0.01811	0.01324	0.01306	0.01007	0.00540	0.00456	0.00141	0.02511	0.00426	0.00372	0.00668
34	0.00665	0.00565	0.00628	0.00604	0.00751	0.02021	0.02001	0.03804	0.05197	0.01342	0.09112	0.13505	0.50443	0.01068	0.00554	0.00156	0.02509	0.04244	0.00411	0.00422
35	0.00621	0.00457	0.00581	0.00550	0.00661	0.00417	0.00412	0.00820	0.01237	0.01724	0.72154	0.03456	0.13363	0.00940	0.00528	0.00142	0.00213	0.00825	0.00483	0.00417
36	0.01730	0.00833	0.01047	0.00841	0.01152	0.00802	0.00696	0.17980	0.04466	0.51205	0.02627	0.01846	0.01244	0.00631	0.00466	0.00145	0.00401	0.08989	0.02188	0.00710
37	0.11215	0.17251	0.20611	0.01007	0.01418	0.05262	0.06416	0.12782	0.01161	0.13623	0.03087	0.01057	0.00774	0.00469	0.00416	0.00131	0.02025	0.00357	0.00304	0.00633
38	0.00976	0.00895	0.01492	0.13311	0.52228	0.00922	0.01194	0.01227	0.00998	0.01382	0.01190	0.05007	0.01137	0.00604	0.00482	0.00151	0.00507	0.15426	0.00262	0.00610
39	0.00856	0.00555	0.00599	0.00587	0.00716	0.00586	0.00438	0.03348	0.18602	0.01643	0.04066	0.17943	0.01632	0.00726	0.00405	0.00132	0.00258	0.00616	0.45812	0.00480
40	0.00607	0.00457	0.00566	0.00541	0.00657	0.00416	0.00406	0.00792	0.01185	0.01620	0.59180	0.03529	0.23501	0.01054	0.03372	0.00163	0.00249	0.00832	0.00464	0.00410
41	0.01491	0.33493	0.01681	0.00999	0.01294	0.48121	0.00826	0.05099	0.01168	0.01155	0.00682	0.00785	0.00584	0.00435	0.00361	0.00109	0.00668	0.00275	0.00225	0.00550
42	0.00911	0.00784	0.00931	0.04332	0.01136	0.00607	0.00556	0.01112	0.00929	0.01436	0.00914	0.01047	0.03236	0.00362	0.00343	0.00073	0.00340	0.00293	0.00267	0.80393
43	0.01041	0.11584	0.37931	0.06527	0.10054	0.06740	0.01240	0.03014	0.07755	0.02883	0.06291	0.01176	0.00912	0.00474	0.00421	0.00134	0.00567	0.00379	0.00251	0.00627
44	0.01216	0.01046	0.01064	0.00934	0.01197	0.04654	0.00731	0.14194	0.63754	0.01969	0.01670	0.03063	0.01268	0.00605	0.00454	0.00148	0.00393	0.00495	0.00444	0.00702
45	0.01164	0.01178	0.01764	0.10725	0.53288	0.10256	0.08874	0.04746	0.01084	0.01442	0.00836	0.01090	0.00681	0.00414	0.00447	0.00134	0.00589	0.00399	0.00230	0.00657
46	0.00882	0.00835	0.01399	0.70168	0.12281	0.01018	0.01246	0.01167	0.00900	0.01178	0.00792	0.01173	0.00609	0.00456	0.00490	0.00149	0.04135	0.00397	0.00201	0.00522
47	0.00914	0.00732	0.00918	0.04614	0.04494	0.00600	0.00581	0.01122	0.01019	0.04985	0.18320	0.01498	0.01454	0.00476	0.00389	0.00092	0.00328	0.00403	0.00322	0.56739
48	0.00657	0.00508	0.00750	0.00741	0.00814	0.00601	0.00577	0.00811	0.00739	0.01068	0.03560	0.05413	0.01256	0.03024	0.71011	0.00643	0.06653	0.00518	0.00252	0.00404
49	0.01112	0.00939	0.01017	0.00848	0.01154	0.00986	0.00669	0.09183	0.49926	0.01837	0.01450	0.01396	0.01103	0.00519	0.00418	0.00125	0.00360	0.00425	0.00398	0.26135
50	0.00936	0.00694	0.00862	0.02320	0.00980	0.00669	0.03078	0.09692	0.09757	0.06944	0.34594	0.02487	0.10933	0.00739	0.00479	0.00133	0.00313	0.01651	0.00433	0.12304
51	0.32421	0.01012	0.00963	0.00810	0.01097	0.02916	0.00654	0.27028	0.19188	0.02184	0.03758	0.01266	0.03832	0.00541	0.00392	0.00140	0.00397	0.00398	0.00383	0.00619
52	0.00652	0.00478	0.00632	0.00707	0.00804	0.00458	0.00580	0.00821	0.01019	0.01325	0.09949	0.18724	0.15014	0.01220	0.00587	0.00187	0.00338	0.45684	0.00420	0.00399
53	0.00535	0.00453	0.00462	0.00460	0.00608	0.00380	0.00345	0.00654	0.01034	0.01243	0.09101	0.04248	0.76716	0.01120	0.00529	0.00150	0.00226	0.00936	0.00420	0.00380
54	0.00986	0.07338	0.67003	0.01216	0.01805	0.01115	0.01501	0.06129	0.01005	0.02770	0.00813	0.00949	0.00589	0.00448	0.00467	0.00141	0.04526	0.00334	0.00211	0.00655
55	0.01084	0.01049	0.01658	0.19921	0.57419	0.04398	0.01294	0.02676	0.03565	0.01413	0.00860	0.01131	0.00701	0.00421	0.00443	0.00136	0.00550	0.00397	0.00228	0.00656
56	0.03966	0.00745	0.00976	0.00788	0.01087	0.00679	0.00642	0.06639	0.02373	0.61539	0.01797	0.10658	0.01340	0.00672	0.00466	0.00146	0.00374	0.03902	0.00517	0.00695
57	0.00623	0.00448	0.00607	0.00706	0.00771	0.00432	0.00549	0.00760	0.00940	0.01233	0.02501	0.45606	0.05792	0.01317	0.00590	0.00191	0.00326	0.35807	0.00414	0.00386
58	0.01182	0.18445	0.02893	0.06753	0.27180	0.03408	0.07074	0.03488	0.00985	0.07784	0.00827	0.01038	0.00677	0.00486	0.00605	0.00139	0.15802	0.00374	0.00242	0.00619

[dist]
# distance from previous block
# <min> <max>
1	59

[block]
# block no. 2 follows, 58 sequences, length 6
# corresponding to MSA columns:
# 221-226
name=unknown_C
#
# <colnr> <probs for GDERKNQSTAVLIFYWHMCP>
#	G	D	E	R	K	N	Q	S	T	A	V	L	I	F	Y	W	H	M	C	P
0	0.00833	0.00605	0.00725	0.05260	0.05092	0.03246	0.00549	0.01043	0.04961	0.09411	0.12797	0.16878	0.26597	0.00937	0.00502	0.00151	0.00314	0.04072	0.05558	0.00468
1	0.09926	0.00798	0.01101	0.01079	0.08262	0.01011	0.00787	0.00981	0.00693	0.01119	0.00671	0.01078	0.00644	0.00940	0.01335	0.26118	0.42455	0.00376	0.00206	0.00421
2	0.00804	0.00613	0.00700	0.00663	0.00771	0.00661	0.00470	0.05462	0.20317	0.01324	0.05247	0.07890	0.06562	0.33581	0.12667	0.00341	0.00490	0.00644	0.00350	0.00442
3	0.27357	0.01078	0.01102	0.00870	0.01202	0.01186	0.00718	0.47215	0.01604	0.11985	0.01021	0.01024	0.00719	0.00503	0.00397	0.00136	0.00435	0.00360	0.00409	0.00678
4	0.00641	0.00479	0.00607	0.00570	0.00696	0.00427	0.00425	0.00827	0.01167	0.01639	0.58454	0.12838	0.09847	0.00937	0.00515	0.00140	0.00229	0.00826	0.00456	0.08279
5	0.01087	0.09150	0.01421	0.04981	0.28183	0.08022	0.03210	0.07813	0.08499	0.01589	0.17944	0.01647	0.03437	0.00561	0.00448	0.00133	0.00465	0.00487	0.00320	0.00603

[dist]
# distance from previous block
# <min> <max>
0	1

[block]
# block no. 3 follows, 58 sequences, length 17
# corresponding to MSA columns:
# 228-244
name=unknown_D
#
# <colnr> <probs for GDERKNQSTAVLIFYWHMCP>
#	G	D	E	R	K	N	Q	S	T	A	V	L	I	F	Y	W	H	M	C	P
0	0.08948	0.03889	0.01242	0.03525	0.04258	0.43647	0.00845	0.05402	0.11883	0.02577	0.00868	0.00976	0.00698	0.00509	0.00508	0.00133	0.08919	0.00338	0.00274	0.00561
1	0.02986	0.00971	0.01594	0.23318	0.47632	0.01031	0.03557	0.06382	0.01044	0.01462	0.00925	0.05394	0.00793	0.00472	0.00450	0.00140	0.00534	0.00444	0.00242	0.00631
2	0.08103	0.01341	0.01195	0.00981	0.01290	0.19075	0.00783	0.39444	0.14600	0.02143	0.01061	0.01077	0.00792	0.00510	0.00419	0.00129	0.00518	0.00374	0.00377	0.05785
3	0.01676	0.00948	0.01111	0.00881	0.01205	0.00973	0.00718	0.28205	0.16013	0.37130	0.03208	0.01507	0.03151	0.00580	0.00454	0.00140	0.00406	0.00464	0.00495	0.00735
4	0.01107	0.01063	0.01816	0.02746	0.81489	0.01063	0.01373	0.01373	0.01019	0.01461	0.00841	0.01107	0.00709	0.00399	0.00443	0.00133	0.00531	0.00399	0.00221	0.00709
5	0.01226	0.01182	0.06096	0.01603	0.10916	0.01107	0.38457	0.17795	0.04773	0.06787	0.01124	0.03673	0.02078	0.00478	0.00489	0.00145	0.00606	0.00499	0.00309	0.00655
6	0.01074	0.01230	0.02490	0.01802	0.02223	0.05296	0.72140	0.01424	0.01054	0.01401	0.00923	0.03117	0.00725	0.00415	0.00544	0.00151	0.02643	0.00530	0.00230	0.00591
7	0.01815	0.00751	0.00998	0.00785	0.01102	0.00674	0.00641	0.02080	0.07705	0.68359	0.08695	0.01693	0.01399	0.00589	0.00457	0.00140	0.00364	0.00486	0.00540	0.00727
8	0.00645	0.00467	0.00588	0.00652	0.00711	0.00453	0.00450	0.07540	0.00971	0.01291	0.02424	0.73686	0.05792	0.01316	0.00559	0.00176	0.00279	0.01183	0.00418	0.00399
9	0.00959	0.15835	0.59473	0.01276	0.05893	0.01153	0.04847	0.01386	0.00941	0.01348	0.00792	0.00968	0.00602	0.02152	0.00446	0.00140	0.00623	0.00334	0.00194	0.00638
10	0.01095	0.00591	0.00758	0.00665	0.00855	0.00549	0.00516	0.01370	0.08144	0.26911	0.38749	0.09156	0.07130	0.00825	0.00500	0.00145	0.00282	0.00714	0.00498	0.00547
11	0.00558	0.00457	0.00498	0.00522	0.00655	0.00396	0.00402	0.00682	0.01007	0.01222	0.04036	0.11356	0.63004	0.01171	0.00545	0.00162	0.00256	0.12274	0.00415	0.00381
12	0.01037	0.00992	0.01661	0.15530	0.53389	0.01008	0.04949	0.01301	0.00981	0.01398	0.00825	0.01101	0.00680	0.00408	0.00461	0.00130	0.02709	0.00389	0.00222	0.10828
13	0.01095	0.00965	0.08732	0.03775	0.15664	0.00824	0.15471	0.03548	0.04135	0.15500	0.01595	0.18144	0.05074	0.00696	0.00493	0.00152	0.00480	0.02715	0.00345	0.00596
14	0.00549	0.00391	0.00518	0.00618	0.00643	0.00366	0.00410	0.00624	0.00849	0.01131	0.02425	0.80873	0.02907	0.04585	0.00636	0.00191	0.00266	0.01248	0.00410	0.00360
15	0.01019	0.01015	0.02629	0.12320	0.20879	0.07188	0.18773	0.03471	0.03327	0.03634	0.06010	0.01827	0.13767	0.00576	0.00481	0.00143	0.00535	0.01543	0.00290	0.00572
16	0.01319	0.11320	0.28989	0.01233	0.08843	0.02919	0.05218	0.13697	0.01202	0.17712	0.01031	0.01096	0.00736	0.00519	0.02096	0.00145	0.00564	0.00373	0.00309	0.00679

[dist]
# distance from previous block
# <min> <max>
1	4

[block]
# block no. 4 follows, 58 sequences, length 17
# corresponding to MSA columns:
# 249-265
name=unknown_E
#
# <colnr> <probs for GDERKNQSTAVLIFYWHMCP>
#	G	D	E	R	K	N	Q	S	T	A	V	L	I	F	Y	W	H	M	C	P
0	0.00611	0.00457	0.00544	0.00584	0.00670	0.00428	0.00436	0.00718	0.00909	0.01151	0.02916	0.14212	0.30887	0.20489	0.02801	0.00247	0.00348	0.20853	0.00377	0.00360
1	0.01045	0.03583	0.02711	0.01189	0.17307	0.05207	0.04258	0.04108	0.01012	0.01474	0.00809	0.00969	0.00667	0.00365	0.00371	0.00091	0.00432	0.00310	0.00256	0.53838
2	0.00549	0.00449	0.00485	0.00486	0.00619	0.00385	0.00361	0.00678	0.01053	0.01311	0.18478	0.10164	0.61201	0.01113	0.00532	0.00151	0.00226	0.00944	0.00430	0.00385
3	0.01215	0.10471	0.22484	0.03747	0.14645	0.02761	0.08664	0.04259	0.01093	0.17005	0.04632	0.01379	0.02280	0.00500	0.00441	0.00137	0.00535	0.02804	0.00303	0.00646
4	0.00852	0.00795	0.01304	0.75752	0.02898	0.00958	0.01178	0.01141	0.00897	0.01171	0.00795	0.01169	0.00602	0.00437	0.00437	0.00142	0.00572	0.00386	0.00205	0.08308
5	0.01807	0.00826	0.01043	0.00815	0.01136	0.00781	0.00671	0.17836	0.01421	0.56908	0.03940	0.01571	0.01163	0.00574	0.00447	0.00137	0.00389	0.02176	0.05636	0.00723
6	0.00928	0.00988	0.06679	0.26760	0.10196	0.00951	0.16286	0.01213	0.00943	0.01313	0.00948	0.01459	0.00811	0.00505	0.00536	0.00142	0.06964	0.07446	0.00236	0.14698
7	0.00701	0.00501	0.00698	0.00801	0.00895	0.00498	0.00686	0.00892	0.01010	0.01316	0.02379	0.13985	0.02618	0.01254	0.00613	0.00203	0.00395	0.69735	0.00412	0.00406
8	0.00897	0.00967	0.08659	0.60983	0.12996	0.00999	0.01262	0.03033	0.00955	0.01268	0.03248	0.01222	0.00722	0.00455	0.00447	0.00146	0.00580	0.00404	0.00216	0.00543
9	0.00562	0.00415	0.00526	0.00582	0.00646	0.00379	0.00404	0.00676	0.00976	0.01300	0.20574	0.52754	0.16069	0.01248	0.00554	0.00167	0.00243	0.01114	0.00433	0.00379
10	0.00955	0.00952	0.01400	0.64845	0.13600	0.08360	0.01226	0.01232	0.00945	0.01182	0.00792	0.01146	0.00610	0.00442	0.00443	0.00144	0.00606	0.00388	0.00205	0.00528
11	0.00645	0.00457	0.00541	0.00531	0.00638	0.00411	0.00381	0.00775	0.01045	0.04702	0.30431	0.13348	0.30555	0.12620	0.00773	0.00190	0.00260	0.00876	0.00428	0.00392
12	0.01085	0.00885	0.03409	0.02305	0.01112	0.00941	0.00697	0.09354	0.38259	0.07645	0.08343	0.05732	0.08367	0.02509	0.00578	0.00159	0.05778	0.01802	0.00425	0.00616
13	0.00811	0.00476	0.00583	0.00577	0.00699	0.00437	0.00433	0.00963	0.01038	0.11550	0.17513	0.20710	0.16749	0.03719	0.00554	0.00159	0.00268	0.06578	0.15744	0.00437
14	0.02807	0.02857	0.03386	0.00840	0.01233	0.00788	0.07770	0.07480	0.05790	0.05152	0.00924	0.01026	0.00725	0.00383	0.00371	0.00092	0.00398	0.00323	0.00296	0.57359
15	0.16726	0.04477	0.05723	0.01155	0.14255	0.03577	0.03599	0.06869	0.11538	0.13811	0.07606	0.01483	0.02986	0.00540	0.00421	0.00138	0.00433	0.02253	0.00356	0.02055
16	0.02597	0.12161	0.04195	0.05420	0.34202	0.06619	0.09944	0.06526	0.03672	0.03069	0.00865	0.01051	0.00695	0.00415	0.00419	0.00126	0.00546	0.00375	0.00250	0.06854

[dist]
# distance from previous block
# <min> <max>
0	66

[block]
# block no. 5 follows, 58 sequences, length 11
# corresponding to MSA columns:
# 332-342
name=unknown_F
#
# <colnr> <probs for GDERKNQSTAVLIFYWHMCP>
#	G	D	E	R	K	N	Q	S	T	A	V	L	I	F	Y	W	H	M	C	P
0	0.00685	0.00459	0.00593	0.00610	0.00702	0.00432	0.00446	0.00856	0.02741	0.05680	0.30392	0.34905	0.08248	0.01183	0.03541	0.00180	0.00287	0.04112	0.03530	0.00419
1	0.00952	0.00879	0.01431	0.16150	0.41189	0.00935	0.02595	0.02942	0.00990	0.01368	0.03099	0.10176	0.04062	0.00628	0.00542	0.00150	0.05982	0.05081	0.00266	0.00584
2	0.03591	0.28023	0.38957	0.01022	0.01502	0.04217	0.01161	0.02769	0.04333	0.01347	0.00880	0.01145	0.00730	0.00469	0.00387	0.00128	0.00557	0.05093	0.00226	0.03462
3	0.01073	0.00986	0.01633	0.14447	0.56482	0.01011	0.03403	0.04841	0.01056	0.03275	0.01128	0.01356	0.06387	0.00467	0.00452	0.00137	0.00521	0.00442	0.00250	0.00654
4	0.00591	0.05577	0.00620	0.00569	0.00668	0.00462	0.00413	0.00702	0.00967	0.01244	0.13415	0.42434	0.28359	0.01188	0.00534	0.00161	0.00256	0.01041	0.00412	0.00389
5	0.07594	0.00881	0.04293	0.05250	0.18280	0.05617	0.02446	0.04166	0.04818	0.06334	0.09553	0.21284	0.01672	0.00848	0.03552	0.00171	0.00453	0.01904	0.00341	0.00542
6	0.11560	0.04283	0.14467	0.01287	0.16764	0.03347	0.04452	0.12043	0.03163	0.06378	0.03534	0.01094	0.00803	0.00444	0.00403	0.00124	0.00484	0.00363	0.00294	0.14711
7	0.00781	0.00565	0.03576	0.00751	0.03796	0.00510	0.00542	0.03454	0.02346	0.06108	0.01918	0.34960	0.05904	0.06869	0.04704	0.15254	0.00389	0.06819	0.00354	0.00401
8	0.01154	0.02746	0.02101	0.00724	0.00920	0.09253	0.00577	0.02571	0.02458	0.22345	0.09103	0.05643	0.15531	0.07953	0.00659	0.00170	0.02774	0.07356	0.05447	0.00516
9	0.03367	0.09032	0.14826	0.01143	0.09812	0.06530	0.02327	0.09084	0.12878	0.19506	0.06100	0.01325	0.01063	0.00515	0.00429	0.00135	0.00483	0.00416	0.00361	0.00667
10	0.03033	0.07575	0.11057	0.01358	0.14763	0.01112	0.11394	0.13463	0.12661	0.05306	0.06503	0.01395	0.03404	0.00530	0.00495	0.00141	0.04390	0.00454	0.00323	0.00645

[dist]
# distance from previous block
# <min> <max>
0	1

[block]
# block no. 6 follows, 58 sequences, length 6
# corresponding to MSA columns:
# 344-349
name=unknown_G
#
# <colnr> <probs for GDERKNQSTAVLIFYWHMCP>
#	G	D	E	R	K	N	Q	S	T	A	V	L	I	F	Y	W	H	M	C	P
0	0.00704	0.00545	0.00646	0.00594	0.00746	0.00506	0.00449	0.02898	0.06961	0.01590	0.40958	0.06209	0.18293	0.05401	0.00600	0.00155	0.00263	0.02990	0.00434	0.09057
1	0.09685	0.04501	0.50466	0.01231	0.04461	0.01100	0.06210	0.11884	0.01099	0.04090	0.00852	0.00972	0.00613	0.00438	0.00417	0.00139	0.00594	0.00347	0.00247	0.00655
2	0.03532	0.07128	0.18703	0.06637	0.14365	0.04876	0.05969	0.16315	0.04230	0.01661	0.04736	0.05629	0.00965	0.00531	0.00467	0.00139	0.02760	0.00443	0.00288	0.00626
3	0.01103	0.17605	0.44110	0.01213	0.01747	0.01245	0.10940	0.14103	0.01139	0.01576	0.00825	0.00954	0.00613	0.00429	0.00415	0.00133	0.00611	0.00349	0.00236	0.00654
4	0.03429	0.21307	0.32530	0.05497	0.01599	0.08436	0.03487	0.03539	0.08951	0.03548	0.03093	0.01051	0.00771	0.00456	0.00398	0.00130	0.00567	0.00348	0.00248	0.00616
5	0.00939	0.00671	0.00874	0.02878	0.08894	0.00706	0.00611	0.14270	0.06267	0.01415	0.07430	0.04060	0.04086	0.11691	0.05396	0.25953	0.00449	0.02660	0.00312	0.00437

[dist]
# distance from previous block
# <min> <max>
1	3

[block]
# block no. 7 follows, 58 sequences, length 22
# corresponding to MSA columns:
# 353-374
name=unknown_H
#
# <colnr> <probs for GDERKNQSTAVLIFYWHMCP>
#	G	D	E	R	K	N	Q	S	T	A	V	L	I	F	Y	W	H	M	C	P
0	0.23197	0.16834	0.08967	0.00886	0.01237	0.01188	0.04167	0.16282	0.09314	0.08303	0.01037	0.01203	0.00812	0.00502	0.00385	0.00135	0.00453	0.04153	0.00330	0.00617
1	0.01115	0.10331	0.23576	0.02920	0.01701	0.06494	0.20807	0.06089	0.07895	0.04872	0.01030	0.05340	0.00827	0.00485	0.00443	0.00136	0.00589	0.00438	0.00270	0.04641
2	0.00691	0.00447	0.00603	0.00622	0.00683	0.00434	0.00440	0.00715	0.00790	0.02605	0.03032	0.32508	0.06675	0.04013	0.08489	0.25334	0.01879	0.03084	0.02023	0.04932
3	0.01111	0.06879	0.38247	0.01133	0.01580	0.05135	0.04018	0.15987	0.08515	0.01649	0.01038	0.05247	0.00843	0.00542	0.00487	0.00143	0.04511	0.02014	0.00281	0.00641
4	0.00768	0.00488	0.00600	0.00609	0.00728	0.00456	0.00466	0.00942	0.03379	0.08466	0.14010	0.19630	0.19296	0.03521	0.00602	0.02277	0.00287	0.13737	0.09312	0.00427
5	0.00735	0.00581	0.00671	0.00628	0.00778	0.00582	0.00476	0.02623	0.18790	0.01691	0.44086	0.05521	0.19307	0.00899	0.00512	0.00146	0.00253	0.00776	0.00465	0.00481
6	0.21273	0.00577	0.00593	0.00543	0.00713	0.00588	0.00417	0.01193	0.00956	0.13342	0.09310	0.05826	0.03288	0.06781	0.00508	0.00150	0.00286	0.00491	0.32696	0.00469
7	0.00686	0.00825	0.15725	0.00797	0.00977	0.00570	0.05455	0.02351	0.00907	0.01244	0.07364	0.41163	0.04206	0.14644	0.00814	0.00209	0.00393	0.00894	0.00344	0.00430
8	0.00663	0.00472	0.00557	0.00544	0.00680	0.00416	0.00414	0.00816	0.01108	0.06110	0.30276	0.09351	0.40249	0.01049	0.00532	0.00152	0.00244	0.05500	0.00450	0.00416
9	0.01073	0.45109	0.35682	0.00990	0.01476	0.04375	0.01133	0.01372	0.00936	0.01209	0.00742	0.02713	0.00625	0.00427	0.00356	0.00118	0.00562	0.00303	0.00197	0.00604
10	0.00928	0.00795	0.00928	0.00663	0.01060	0.00596	0.00530	0.01126	0.00928	0.01458	0.00795	0.00928	0.00663	0.00331	0.00331	0.00066	0.00331	0.00265	0.00265	0.87014
11	0.67557	0.00972	0.04921	0.00681	0.00980	0.01029	0.00590	0.11760	0.00973	0.02075	0.04444	0.00906	0.00699	0.00455	0.00319	0.00138	0.00375	0.00294	0.00305	0.00527
12	0.01187	0.00882	0.01064	0.00996	0.06880	0.09876	0.06316	0.04612	0.04965	0.17331	0.03088	0.10733	0.04649	0.03463	0.05756	0.00188	0.06063	0.00554	0.10844	0.00551
13	0.00635	0.00446	0.00576	0.00588	0.00620	0.00472	0.00393	0.00702	0.00698	0.00960	0.01447	0.11381	0.01585	0.45414	0.31617	0.00511	0.00696	0.00656	0.00275	0.00328
14	0.05374	0.00886	0.01445	0.51434	0.25446	0.01034	0.01227	0.01214	0.00912	0.01275	0.00789	0.01133	0.00622	0.00449	0.00491	0.00146	0.04966	0.00390	0.00209	0.00557
15	0.09079	0.14377	0.21064	0.01043	0.04661	0.01141	0.04396	0.16034	0.08398	0.03509	0.04164	0.04682	0.01999	0.01959	0.00444	0.00139	0.00489	0.00422	0.00307	0.01693
16	0.00612	0.00431	0.00493	0.00522	0.00620	0.00393	0.00380	0.00746	0.00981	0.01341	0.12106	0.25951	0.30915	0.02706	0.00538	0.00158	0.00242	0.04089	0.16391	0.00385
17	0.06924	0.36230	0.16322	0.00919	0.01296	0.07756	0.00915	0.10097	0.03979	0.03121	0.00873	0.01105	0.00740	0.01995	0.00426	0.00129	0.02379	0.03943	0.00257	0.00594
18	0.05154	0.23552	0.38051	0.01027	0.01511	0.03001	0.01149	0.05877	0.08823	0.06522	0.00920	0.00986	0.00688	0.00446	0.00387	0.00129	0.00545	0.00330	0.00258	0.00643
19	0.00625	0.00475	0.00607	0.05002	0.00793	0.00482	0.00464	0.00771	0.04770	0.01164	0.05285	0.46894	0.10242	0.15323	0.00870	0.00218	0.02776	0.02481	0.00378	0.00380
20	0.00601	0.00443	0.00540	0.00546	0.00649	0.00402	0.00403	0.00761	0.01101	0.01495	0.39842	0.18606	0.24427	0.01055	0.00529	0.00151	0.00230	0.03350	0.04469	0.00399
21	0.12283	0.04896	0.02552	0.27078	0.11646	0.05434	0.10395	0.05438	0.02866	0.03135	0.00911	0.01285	0.00746	0.00497	0.00486	0.00146	0.04811	0.04582	0.00254	0.00560

[dist]
# distance from previous block
# <min> <max>
3	14

[block]
# block no. 8 follows, 58 sequences, length 9
# corresponding to MSA columns:
# 389-397
name=unknown_I
#
# <colnr> <probs for GDERKNQSTAVLIFYWHMCP>
#	G	D	E	R	K	N	Q	S	T	A	V	L	I	F	Y	W	H	M	C	P
0	0.01025	0.00906	0.01217	0.34725	0.05410	0.05696	0.03861	0.13135	0.05367	0.02656	0.06529	0.04782	0.04550	0.03034	0.00538	0.00156	0.01890	0.03677	0.00306	0.00541
1	0.00634	0.00445	0.00574	0.00583	0.00667	0.00414	0.00421	0.00785	0.01073	0.03187	0.42324	0.25606	0.09376	0.06736	0.02613	0.00188	0.00274	0.03258	0.00443	0.00399
2	0.00930	0.08517	0.70642	0.01276	0.01902	0.01101	0.06755	0.01412	0.00949	0.01390	0.00796	0.00944	0.00575	0.00419	0.00421	0.00139	0.00653	0.00337	0.00192	0.00651
3	0.00734	0.00554	0.00661	0.00626	0.00757	0.00544	0.00469	0.07949	0.07267	0.01689	0.42717	0.17763	0.14594	0.00977	0.00523	0.00150	0.00258	0.00853	0.00460	0.00457
4	0.00631	0.00432	0.00560	0.00625	0.00696	0.00399	0.00449	0.00741	0.00945	0.04651	0.08312	0.55189	0.13640	0.01276	0.00562	0.00175	0.00273	0.09626	0.00426	0.00392
5	0.09154	0.23378	0.04749	0.00912	0.01249	0.14947	0.00794	0.19222	0.08885	0.11166	0.00992	0.01008	0.00746	0.00477	0.00382	0.00124	0.00509	0.00338	0.00331	0.00637
6	0.05050	0.00556	0.00685	0.00702	0.00799	0.00576	0.00531	0.07875	0.02691	0.01453	0.12743	0.36784	0.02515	0.05613	0.03041	0.00203	0.02816	0.14535	0.00403	0.00428
7	0.01306	0.01005	0.01352	0.09282	0.30018	0.05768	0.00987	0.10961	0.09389	0.16012	0.08291	0.01425	0.01148	0.00518	0.00452	0.00137	0.00475	0.00449	0.00354	0.00668
8	0.08673	0.10632	0.18366	0.00964	0.05192	0.02762	0.04906	0.01296	0.05142	0.06884	0.23033	0.05610	0.03481	0.00629	0.00442	0.00138	0.00428	0.00530	0.00338	0.00555

[dist]
# distance from previous block
# <min> <max>
1	160

# created by:
# /st0/software/busco_prod/Augustus/scripts/msa2prfl.pl ./align_prep/1217666.fa
