[name]
unknown

[dist]
# distance from previous block
# <min> <max>
0	404

[block]
# block no. 0 follows, 46 sequences, length 17
# corresponding to MSA columns:
# 436-442,451-460
name=unknown_A
#
# <colnr> <probs for GDERKNQSTAVLIFYWHMCP>
#	G	D	E	R	K	N	Q	S	T	A	V	L	I	F	Y	W	H	M	C	P
0	0.06923	0.02534	0.01170	0.03864	0.07020	0.00928	0.00802	0.06784	0.10948	0.07606	0.02836	0.06713	0.05214	0.00742	0.00510	0.00152	0.00444	0.09120	0.00418	0.25272
1	0.05415	0.07740	0.01651	0.01209	0.01608	0.16345	0.03629	0.46044	0.01999	0.03834	0.01111	0.01166	0.00825	0.00580	0.00493	0.00148	0.00644	0.00426	0.00431	0.04701
2	0.00734	0.00538	0.00675	0.00740	0.00807	0.00535	0.00515	0.00935	0.05788	0.01492	0.08410	0.55753	0.07734	0.03993	0.00738	0.00211	0.02849	0.01262	0.05825	0.00466
3	0.00689	0.00497	0.00649	0.00740	0.00793	0.00471	0.00506	0.02629	0.01094	0.01470	0.09917	0.68666	0.05060	0.01619	0.02305	0.00221	0.00330	0.01399	0.00496	0.00449
4	0.01221	0.00939	0.04656	0.00883	0.01153	0.00887	0.00729	0.13340	0.15651	0.10081	0.33394	0.02916	0.10146	0.00897	0.00578	0.00168	0.00380	0.00759	0.00547	0.00674
5	0.00802	0.00560	0.00655	0.00625	0.00792	0.00490	0.00471	0.00982	0.01326	0.07421	0.31923	0.08493	0.41112	0.01209	0.00620	0.00175	0.00277	0.01034	0.00537	0.00499
6	0.00694	0.00533	0.00634	0.00619	0.00759	0.00474	0.00460	0.00888	0.01352	0.01802	0.44865	0.09190	0.33384	0.01217	0.00627	0.00174	0.00260	0.01052	0.00541	0.00474
7	0.00652	0.00495	0.00594	0.00655	0.00744	0.00445	0.00455	0.00769	0.01114	0.01436	0.10623	0.45274	0.28965	0.04325	0.00725	0.00208	0.00295	0.01294	0.00493	0.00438
8	0.01362	0.70198	0.13860	0.00993	0.01493	0.01966	0.01058	0.01596	0.01080	0.01307	0.00766	0.00887	0.00677	0.00460	0.00363	0.00121	0.00597	0.00298	0.00226	0.00693
9	0.01142	0.00784	0.00905	0.00828	0.01042	0.00808	0.00634	0.03785	0.25486	0.10773	0.22596	0.12064	0.09402	0.00963	0.00572	0.00174	0.00343	0.00828	0.06220	0.00650
10	0.05828	0.06308	0.01509	0.01223	0.01553	0.45866	0.00956	0.17138	0.05149	0.04646	0.01014	0.01092	0.00791	0.00561	0.00474	0.00141	0.00764	0.00380	0.00353	0.04253
11	0.01332	0.01044	0.01323	0.00975	0.01426	0.00896	0.06332	0.12830	0.01353	0.07605	0.01148	0.01367	0.00919	0.00489	0.00452	0.00110	0.00465	0.02943	0.00374	0.56621
12	0.03463	0.00867	0.01100	0.10299	0.06821	0.02355	0.00815	0.09303	0.03697	0.07991	0.10964	0.09698	0.08781	0.06944	0.02501	0.00215	0.05873	0.02065	0.05646	0.00603
13	0.04244	0.00887	0.01349	0.01171	0.04888	0.00885	0.11553	0.07180	0.01186	0.17159	0.01582	0.08363	0.04454	0.01220	0.06801	0.17787	0.04885	0.00612	0.00389	0.03404
14	0.00983	0.00789	0.06806	0.09410	0.06930	0.00710	0.03307	0.00950	0.00819	0.01115	0.00928	0.01510	0.00862	0.01428	0.01616	0.58153	0.02611	0.00462	0.00233	0.00379
15	0.26909	0.00871	0.00950	0.00844	0.01100	0.00928	0.00670	0.05117	0.06368	0.19835	0.01713	0.09298	0.03077	0.06848	0.06030	0.00248	0.03031	0.05077	0.00449	0.00636
16	0.04861	0.02549	0.05444	0.04451	0.06238	0.03665	0.06107	0.10389	0.05804	0.12536	0.05492	0.13841	0.10031	0.00892	0.00569	0.00178	0.00504	0.05328	0.00450	0.00670

[dist]
# distance from previous block
# <min> <max>
3	18

[block]
# block no. 1 follows, 46 sequences, length 30
# corresponding to MSA columns:
# 479-508
name=unknown_B
#
# <colnr> <probs for GDERKNQSTAVLIFYWHMCP>
#	G	D	E	R	K	N	Q	S	T	A	V	L	I	F	Y	W	H	M	C	P
0	0.00678	0.00505	0.00612	0.00668	0.00751	0.00463	0.00468	0.00797	0.01101	0.01430	0.11590	0.37493	0.24088	0.11257	0.00905	0.00238	0.00326	0.05718	0.00480	0.00432
1	0.05027	0.10329	0.04848	0.01116	0.01484	0.03406	0.07510	0.23363	0.10657	0.04504	0.03532	0.01539	0.02313	0.02603	0.00582	0.00162	0.03200	0.00490	0.07493	0.05842
2	0.01367	0.06373	0.03727	0.06417	0.26932	0.02909	0.05475	0.12127	0.05385	0.04432	0.01336	0.01672	0.04222	0.00657	0.00693	0.00173	0.11237	0.03782	0.00339	0.00744
3	0.01120	0.00602	0.00724	0.00674	0.00846	0.00575	0.00511	0.01352	0.03760	0.15641	0.11048	0.09281	0.11523	0.03839	0.06831	0.01894	0.00403	0.00734	0.28087	0.00555
4	0.00699	0.00531	0.00630	0.00676	0.00773	0.00494	0.00478	0.00873	0.04138	0.01464	0.11149	0.35068	0.25993	0.09879	0.00865	0.00230	0.00324	0.04802	0.00484	0.00449
5	0.01496	0.34627	0.06576	0.04431	0.04526	0.02590	0.00977	0.05802	0.01245	0.16079	0.02977	0.01535	0.06998	0.00632	0.00559	0.00149	0.07282	0.00458	0.00355	0.00710
6	0.01915	0.03825	0.01697	0.03948	0.01744	0.13668	0.11621	0.23442	0.01699	0.25522	0.01385	0.01405	0.00966	0.00597	0.00556	0.00160	0.02612	0.00486	0.01957	0.00795
7	0.00734	0.00554	0.00648	0.00655	0.00787	0.00507	0.00476	0.01926	0.03678	0.02782	0.23945	0.23703	0.32716	0.03595	0.00691	0.00193	0.00291	0.01127	0.00515	0.00478
8	0.00802	0.00645	0.00742	0.00794	0.00913	0.02937	0.00595	0.01102	0.09829	0.01561	0.08931	0.36497	0.16762	0.01379	0.00650	0.00203	0.00360	0.14301	0.00496	0.00500
9	0.03472	0.00775	0.00927	0.00799	0.01030	0.00759	0.00626	0.13432	0.03462	0.14724	0.39061	0.05759	0.11098	0.00961	0.00585	0.00168	0.00348	0.00818	0.00565	0.00631
10	0.00754	0.00514	0.00618	0.00637	0.00654	0.00520	0.00393	0.00792	0.00821	0.01103	0.01829	0.13225	0.02089	0.60860	0.10524	0.00503	0.00582	0.02885	0.00343	0.00355
11	0.12063	0.00687	0.00764	0.00732	0.00918	0.00688	0.00551	0.02861	0.07602	0.11218	0.10708	0.25056	0.11811	0.01052	0.00548	0.00177	0.00334	0.00896	0.10768	0.00567
12	0.01920	0.02367	0.01476	0.01333	0.01613	0.70042	0.01005	0.04729	0.07916	0.01442	0.00945	0.01050	0.00767	0.00562	0.00484	0.00141	0.00895	0.00367	0.00304	0.00642
13	0.05383	0.01054	0.01269	0.01000	0.01375	0.01044	0.00816	0.26558	0.01768	0.43301	0.03243	0.07882	0.01386	0.00728	0.00536	0.00166	0.00476	0.00588	0.00586	0.00842
14	0.01094	0.01072	0.01460	0.01282	0.01300	0.03130	0.01052	0.01216	0.00845	0.01274	0.00944	0.07549	0.00978	0.01279	0.09382	0.00290	0.64487	0.00552	0.00258	0.00557
15	0.00779	0.00568	0.00717	0.00790	0.00877	0.00551	0.00574	0.06754	0.01174	0.01545	0.02983	0.57544	0.09781	0.01520	0.00667	0.00211	0.00350	0.11645	0.00493	0.00476
16	0.05216	0.00847	0.01069	0.00930	0.01210	0.00818	0.00763	0.11067	0.01452	0.35278	0.03777	0.05331	0.01878	0.07766	0.00764	0.00215	0.00471	0.19897	0.00546	0.00706
17	0.00897	0.00715	0.01100	0.01011	0.01167	0.00698	0.12128	0.05759	0.01168	0.01570	0.03376	0.31933	0.04068	0.11784	0.00922	0.00246	0.00476	0.17017	0.03463	0.00504
18	0.05198	0.11275	0.01754	0.05057	0.08162	0.21355	0.02851	0.28031	0.01675	0.03143	0.00999	0.01135	0.00780	0.00579	0.00563	0.00154	0.05777	0.00413	0.00359	0.00742
19	0.08139	0.01254	0.01461	0.11839	0.01731	0.10674	0.03042	0.10029	0.01258	0.14206	0.01081	0.01298	0.00836	0.00793	0.03702	0.00204	0.24081	0.00451	0.00352	0.03569
20	0.01597	0.05221	0.08202	0.02399	0.03523	0.09187	0.09285	0.11319	0.08329	0.18320	0.01497	0.04386	0.01176	0.00727	0.01727	0.00179	0.05453	0.03805	0.02922	0.00745
21	0.01988	0.02362	0.01479	0.01329	0.01606	0.71384	0.01005	0.02129	0.01484	0.07383	0.00914	0.01025	0.00731	0.00562	0.00509	0.00140	0.02675	0.00358	0.00302	0.00635
22	0.09167	0.01281	0.06866	0.13909	0.26984	0.01220	0.14320	0.05614	0.03787	0.10066	0.01142	0.01363	0.00856	0.00516	0.00524	0.00166	0.00646	0.00486	0.00327	0.00760
23	0.00685	0.00502	0.00643	0.00684	0.00770	0.00460	0.00484	0.00846	0.01233	0.01675	0.33969	0.40815	0.12511	0.01384	0.00648	0.00191	0.00279	0.01235	0.00528	0.00460
24	0.02036	0.00873	0.01141	0.00904	0.01259	0.00788	0.00735	0.08086	0.01544	0.58179	0.08095	0.05422	0.04726	0.00755	0.00544	0.00165	0.00426	0.00624	0.02879	0.00819
25	0.00725	0.00533	0.00671	0.00649	0.00769	0.00487	0.00478	0.00938	0.01394	0.01928	0.59639	0.09407	0.14825	0.04356	0.00710	0.00185	0.00266	0.01008	0.00553	0.00480
26	0.00693	0.00564	0.00672	0.06881	0.00972	0.00529	0.00526	0.00848	0.01152	0.01443	0.10893	0.11288	0.46003	0.07485	0.04902	0.00243	0.00390	0.03608	0.00455	0.00454
27	0.21543	0.00952	0.01092	0.00882	0.01237	0.00941	0.00720	0.10008	0.03121	0.42099	0.06222	0.04102	0.03442	0.00688	0.00496	0.00165	0.00433	0.00539	0.00548	0.00772
28	0.01694	0.00990	0.01146	0.00924	0.01235	0.01020	0.00748	0.30898	0.01785	0.21649	0.11002	0.01902	0.01611	0.00832	0.03851	0.00183	0.00478	0.00556	0.16742	0.00753
29	0.04922	0.08019	0.01622	0.01243	0.01414	0.05049	0.03261	0.13665	0.03754	0.03530	0.00985	0.03036	0.00882	0.03521	0.02430	0.00216	0.41005	0.00482	0.00316	0.00647

[dist]
# distance from previous block
# <min> <max>
4	5

[block]
# block no. 2 follows, 46 sequences, length 8
# corresponding to MSA columns:
# 515-522
name=unknown_C
#
# <colnr> <probs for GDERKNQSTAVLIFYWHMCP>
#	G	D	E	R	K	N	Q	S	T	A	V	L	I	F	Y	W	H	M	C	P
0	0.01207	0.01154	0.07672	0.17472	0.11522	0.02747	0.06564	0.01654	0.09535	0.07490	0.10062	0.01726	0.01400	0.00608	0.00561	0.00158	0.03233	0.00529	0.03907	0.10801
1	0.00827	0.00577	0.00722	0.00748	0.00810	0.00600	0.00516	0.01033	0.10057	0.01295	0.01999	0.23778	0.02174	0.26101	0.09378	0.12423	0.00528	0.05624	0.00386	0.00425
2	0.00646	0.00480	0.00603	0.00691	0.00757	0.00437	0.00473	0.00756	0.01080	0.01411	0.07813	0.61039	0.18770	0.01558	0.00662	0.00204	0.00295	0.01392	0.00496	0.00437
3	0.00756	0.00562	0.00830	0.00830	0.00917	0.00650	0.00636	0.00931	0.00844	0.01212	0.01434	0.02178	0.01365	0.09623	0.73728	0.00825	0.01350	0.00581	0.00286	0.00461
4	0.01285	0.01101	0.05117	0.00895	0.01362	0.00877	0.00758	0.09848	0.05902	0.06502	0.01119	0.01212	0.00872	0.00460	0.00430	0.00103	0.00438	0.00366	0.00367	0.60989
5	0.14999	0.02987	0.03091	0.03346	0.05573	0.03238	0.00864	0.18152	0.17884	0.05207	0.07024	0.05943	0.01440	0.00695	0.00522	0.00165	0.02088	0.00550	0.03224	0.03007
6	0.01359	0.01277	0.06378	0.02907	0.14604	0.07180	0.02882	0.09939	0.09071	0.05692	0.01250	0.04975	0.01031	0.00633	0.00572	0.04443	0.00546	0.00478	0.00361	0.24423
7	0.04721	0.05338	0.06028	0.07528	0.10451	0.13789	0.10460	0.06843	0.11102	0.07556	0.01210	0.01343	0.00919	0.00539	0.00499	0.00152	0.00643	0.00457	0.02634	0.07787

[dist]
# distance from previous block
# <min> <max>
6	51

[block]
# block no. 3 follows, 46 sequences, length 16
# corresponding to MSA columns:
# 575-590
name=unknown_D
#
# <colnr> <probs for GDERKNQSTAVLIFYWHMCP>
#	G	D	E	R	K	N	Q	S	T	A	V	L	I	F	Y	W	H	M	C	P
0	0.01547	0.19329	0.25715	0.01340	0.04456	0.25145	0.01290	0.06836	0.03507	0.04775	0.00967	0.01079	0.00750	0.00525	0.00464	0.00146	0.00745	0.00373	0.00287	0.00724
1	0.03731	0.21335	0.17316	0.04201	0.08121	0.06395	0.03237	0.07762	0.04037	0.05896	0.01094	0.03022	0.00917	0.05517	0.00674	0.00177	0.05105	0.00448	0.00308	0.00706
2	0.01507	0.03844	0.01377	0.01101	0.01395	0.02687	0.06308	0.11691	0.22040	0.17842	0.06367	0.08791	0.01693	0.03010	0.00694	0.00187	0.05847	0.02381	0.00496	0.00744
3	0.00712	0.00536	0.00658	0.00671	0.00787	0.00494	0.00491	0.00921	0.03214	0.01722	0.35628	0.23246	0.21796	0.03183	0.00687	0.00192	0.00287	0.03776	0.00527	0.00473
4	0.01199	0.00997	0.04885	0.08734	0.15164	0.00951	0.07259	0.01583	0.08585	0.12045	0.11387	0.14014	0.04627	0.00846	0.00627	0.00179	0.03814	0.02007	0.00423	0.00675
5	0.03677	0.06052	0.21787	0.06972	0.03706	0.03375	0.14281	0.08454	0.08222	0.09295	0.01256	0.01475	0.00945	0.00580	0.00566	0.00169	0.03491	0.02369	0.02583	0.00746
6	0.12687	0.03571	0.19202	0.09555	0.04460	0.08541	0.10706	0.16312	0.01429	0.07108	0.01057	0.01211	0.00771	0.00534	0.00499	0.00163	0.00683	0.00436	0.00338	0.00739
7	0.00665	0.00502	0.00603	0.00662	0.00751	0.00455	0.00464	0.00784	0.01106	0.01425	0.09961	0.40091	0.27998	0.07793	0.00816	0.00223	0.00313	0.04465	0.00485	0.00435
8	0.04009	0.01096	0.01644	0.27917	0.19794	0.05468	0.06847	0.03122	0.01177	0.05131	0.03148	0.04918	0.01116	0.00710	0.02297	0.00188	0.04634	0.03418	0.02708	0.00658
9	0.04529	0.14020	0.14536	0.07581	0.12920	0.15272	0.06747	0.05463	0.02840	0.08267	0.01033	0.01194	0.00792	0.00527	0.00508	0.00154	0.02166	0.00418	0.00305	0.00730
10	0.00778	0.00609	0.03718	0.00779	0.00878	0.00528	0.00573	0.00966	0.04476	0.04855	0.05934	0.60730	0.05644	0.03795	0.02875	0.00232	0.00369	0.01293	0.00483	0.00484
11	0.00843	0.00561	0.00697	0.00730	0.00857	0.00520	0.00563	0.01006	0.01174	0.06586	0.09752	0.19388	0.22268	0.08316	0.00825	0.00227	0.00364	0.20580	0.04262	0.00479
12	0.01296	0.10419	0.11453	0.05472	0.10371	0.06620	0.02236	0.07717	0.12919	0.05831	0.04328	0.13556	0.01551	0.00774	0.00535	0.00169	0.00560	0.03098	0.00390	0.00705
13	0.01495	0.05368	0.11336	0.07903	0.14024	0.08751	0.06530	0.20106	0.05805	0.05006	0.01214	0.04966	0.00976	0.00616	0.00568	0.00165	0.03540	0.00508	0.00361	0.00762
14	0.05093	0.08759	0.09886	0.01060	0.01415	0.06335	0.02839	0.09534	0.22926	0.06311	0.04656	0.05199	0.08927	0.00772	0.00529	0.00169	0.00516	0.03921	0.00439	0.00714
15	0.06569	0.04503	0.08532	0.02664	0.04209	0.06733	0.02740	0.09603	0.12219	0.07021	0.03684	0.01896	0.06996	0.04281	0.00594	0.00168	0.00522	0.02155	0.03070	0.11842

[dist]
# distance from previous block
# <min> <max>
1	25

[block]
# block no. 4 follows, 46 sequences, length 16
# corresponding to MSA columns:
# 634-649
name=unknown_E
#
# <colnr> <probs for GDERKNQSTAVLIFYWHMCP>
#	G	D	E	R	K	N	Q	S	T	A	V	L	I	F	Y	W	H	M	C	P
0	0.01369	0.05474	0.03908	0.05090	0.06134	0.05206	0.08121	0.10171	0.20493	0.09175	0.05116	0.09086	0.06806	0.00766	0.00550	0.00170	0.00531	0.00663	0.00445	0.00726
1	0.05968	0.01250	0.03882	0.06718	0.04940	0.06322	0.07818	0.12863	0.20318	0.05695	0.02669	0.03292	0.01178	0.00858	0.05703	0.00213	0.04464	0.00530	0.01777	0.03541
2	0.07211	0.04519	0.05378	0.07535	0.08887	0.03201	0.05585	0.10271	0.20945	0.03231	0.03032	0.01877	0.09328	0.00665	0.00514	0.00163	0.00524	0.00556	0.01807	0.04771
3	0.05338	0.12795	0.20109	0.04323	0.03198	0.05102	0.04018	0.13447	0.08563	0.03227	0.05103	0.01448	0.01097	0.04025	0.00577	0.00167	0.00605	0.00458	0.00348	0.06051
4	0.01571	0.01140	0.01213	0.01024	0.01342	0.04504	0.00810	0.20167	0.30828	0.13025	0.05517	0.05892	0.01575	0.00730	0.00529	0.00165	0.00461	0.00596	0.04895	0.04015
5	0.08240	0.00730	0.01049	0.00989	0.02811	0.00710	0.09714	0.01207	0.04126	0.04081	0.06842	0.33860	0.02446	0.01108	0.00588	0.00187	0.00416	0.08633	0.07722	0.04542
6	0.00684	0.00505	0.00629	0.00705	0.00783	0.00468	0.00504	0.00805	0.01083	0.01405	0.06976	0.43409	0.19761	0.08884	0.00854	0.00236	0.00338	0.11057	0.00479	0.00434
7	0.07295	0.00972	0.01184	0.00948	0.01299	0.00958	0.00772	0.15839	0.06430	0.42499	0.10783	0.01919	0.01641	0.00840	0.03991	0.00194	0.00488	0.00562	0.00578	0.00808
8	0.56767	0.01217	0.01140	0.01039	0.04269	0.01252	0.00775	0.05382	0.01243	0.06460	0.02693	0.01436	0.01028	0.00690	0.00497	0.00202	0.00520	0.00429	0.00448	0.12513
9	0.04401	0.00971	0.01250	0.00969	0.01364	0.00905	0.00799	0.12927	0.01606	0.62473	0.01906	0.01712	0.01232	0.00793	0.03988	0.00193	0.00510	0.00519	0.00612	0.00872
10	0.00684	0.00498	0.00652	0.00754	0.00820	0.00466	0.00546	0.00815	0.01092	0.01438	0.06959	0.56315	0.10954	0.01561	0.00677	0.00214	0.00332	0.14284	0.00495	0.00445
11	0.05052	0.01177	0.01337	0.01066	0.01452	0.01242	0.00869	0.30142	0.19767	0.29549	0.01746	0.01608	0.01201	0.00656	0.00525	0.00165	0.00490	0.00517	0.00568	0.00872
12	0.01016	0.00840	0.01280	0.05866	0.15769	0.00885	0.04610	0.01287	0.04262	0.04579	0.02205	0.19429	0.07225	0.01090	0.00740	0.00203	0.08437	0.19278	0.00404	0.00594
13	0.08197	0.00906	0.01177	0.00916	0.01305	0.00815	0.00754	0.04414	0.01495	0.67064	0.05889	0.01829	0.01435	0.00664	0.00522	0.00164	0.00440	0.00535	0.00624	0.00856
14	0.00658	0.00477	0.00616	0.00722	0.00769	0.00444	0.00492	0.00757	0.01028	0.01353	0.03074	0.66713	0.10258	0.05416	0.00769	0.00227	0.00322	0.04995	0.00482	0.00429
15	0.04350	0.00745	0.00869	0.00752	0.00965	0.00770	0.04216	0.09534	0.07530	0.07684	0.01633	0.01799	0.01249	0.00670	0.00498	0.03851	0.00358	0.00500	0.51430	0.00597

[dist]
# distance from previous block
# <min> <max>
0	1

[block]
# block no. 5 follows, 46 sequences, length 6
# corresponding to MSA columns:
# 651-656
name=unknown_F
#
# <colnr> <probs for GDERKNQSTAVLIFYWHMCP>
#	G	D	E	R	K	N	Q	S	T	A	V	L	I	F	Y	W	H	M	C	P
0	0.00921	0.04207	0.01102	0.00956	0.01037	0.00971	0.00766	0.01085	0.00870	0.01305	0.01225	0.01820	0.01149	0.06449	0.42160	0.00553	0.23703	0.00527	0.08688	0.00506
1	0.00880	0.00683	0.00825	0.00912	0.08585	0.00630	0.00615	0.03447	0.04353	0.05754	0.08284	0.07356	0.49192	0.01173	0.00611	0.00179	0.00343	0.05148	0.00485	0.00545
2	0.01661	0.01668	0.01560	0.01404	0.05878	0.31098	0.05065	0.11528	0.03495	0.07602	0.01074	0.01341	0.00887	0.05232	0.02875	0.00203	0.15965	0.00456	0.00337	0.00670
3	0.01100	0.01020	0.01663	0.47686	0.19099	0.01154	0.04426	0.05994	0.01199	0.01575	0.01419	0.01748	0.08481	0.00601	0.00541	0.00171	0.00645	0.00541	0.00286	0.00651
4	0.01209	0.05457	0.02666	0.02960	0.01230	0.00952	0.02950	0.13500	0.04171	0.09033	0.08419	0.14234	0.09844	0.03301	0.02899	0.00207	0.05405	0.05954	0.04989	0.00620
5	0.05000	0.06374	0.08301	0.07710	0.07888	0.06339	0.08451	0.16882	0.07090	0.13059	0.03326	0.04707	0.01164	0.00646	0.00537	0.00170	0.00620	0.00537	0.00419	0.00779

[dist]
# distance from previous block
# <min> <max>
4	49

[block]
# block no. 6 follows, 46 sequences, length 11
# corresponding to MSA columns:
# 708-718
name=unknown_G
#
# <colnr> <probs for GDERKNQSTAVLIFYWHMCP>
#	G	D	E	R	K	N	Q	S	T	A	V	L	I	F	Y	W	H	M	C	P
0	0.06969	0.00673	0.00788	0.00785	0.00956	0.00664	0.00597	0.01299	0.10629	0.08450	0.07603	0.27860	0.14519	0.03268	0.00661	0.00201	0.00362	0.10502	0.00496	0.02717
1	0.01326	0.09071	0.01826	0.08558	0.24207	0.05453	0.05496	0.08674	0.09077	0.01759	0.01146	0.03748	0.00965	0.00688	0.02912	0.00180	0.07385	0.00490	0.00319	0.06719
2	0.09356	0.01375	0.01381	0.01085	0.01479	0.08237	0.00884	0.44128	0.01959	0.13092	0.01277	0.01283	0.00910	0.00594	0.00490	0.00150	0.00554	0.00441	0.03038	0.08288
3	0.01007	0.00952	0.01587	0.75816	0.03517	0.01199	0.01451	0.01346	0.01043	0.01346	0.00926	0.01396	0.00704	0.00550	0.00595	0.00179	0.05093	0.00469	0.00235	0.00587
4	0.00794	0.00562	0.00622	0.00603	0.00783	0.00480	0.00453	0.00943	0.01246	0.08316	0.12549	0.11260	0.56941	0.01278	0.00621	0.00179	0.00285	0.01081	0.00515	0.00491
5	0.00660	0.00473	0.00628	0.00725	0.00770	0.00440	0.00492	0.00777	0.01088	0.01470	0.14647	0.68999	0.03730	0.01566	0.00667	0.00207	0.00298	0.01417	0.00505	0.00440
6	0.00735	0.00551	0.00652	0.00629	0.00772	0.00503	0.00471	0.00978	0.03500	0.01874	0.46509	0.06498	0.27544	0.01144	0.00609	0.00170	0.00262	0.00987	0.05123	0.00489
7	0.00672	0.00523	0.00599	0.00608	0.00735	0.00463	0.00438	0.00822	0.01224	0.01581	0.24979	0.17410	0.39843	0.06772	0.00773	0.00204	0.00286	0.01112	0.00505	0.00450
8	0.01680	0.01396	0.01585	0.04227	0.16137	0.06998	0.01090	0.41180	0.11218	0.02569	0.01372	0.05703	0.01095	0.00660	0.00533	0.00163	0.00586	0.00536	0.00449	0.00823
9	0.09139	0.00704	0.00844	0.00741	0.00976	0.00656	0.00579	0.03119	0.01366	0.24720	0.25801	0.09527	0.14804	0.00962	0.00562	0.00170	0.00339	0.00811	0.03561	0.00619
10	0.10864	0.01317	0.01371	0.01098	0.01481	0.04110	0.00894	0.41235	0.15744	0.14261	0.01480	0.01422	0.01048	0.00634	0.00507	0.00163	0.00527	0.00481	0.00519	0.00843

[dist]
# distance from previous block
# <min> <max>
1	5

[block]
# block no. 7 follows, 46 sequences, length 30
# corresponding to MSA columns:
# 763-792
name=unknown_H
#
# <colnr> <probs for GDERKNQSTAVLIFYWHMCP>
#	G	D	E	R	K	N	Q	S	T	A	V	L	I	F	Y	W	H	M	C	P
0	0.03369	0.58657	0.06151	0.00947	0.01374	0.01838	0.00927	0.09609	0.01226	0.01543	0.01091	0.01185	0.05205	0.00543	0.00424	0.00129	0.02783	0.00367	0.01948	0.00685
1	0.03719	0.05741	0.06648	0.01016	0.01343	0.02655	0.00871	0.29150	0.03170	0.08594	0.04747	0.17115	0.01707	0.00868	0.00545	0.00170	0.00495	0.04980	0.03171	0.03295
2	0.06742	0.03554	0.01243	0.04022	0.01392	0.00950	0.00776	0.12164	0.02470	0.41383	0.01776	0.01735	0.04183	0.03795	0.00584	0.00165	0.00466	0.00505	0.00523	0.11572
3	0.09981	0.04950	0.03207	0.01026	0.01300	0.01237	0.00841	0.22988	0.11783	0.08204	0.01599	0.15125	0.01443	0.04053	0.00748	0.00192	0.09519	0.00653	0.00449	0.00704
4	0.01232	0.01583	0.13313	0.04574	0.02658	0.01333	0.59595	0.03627	0.01244	0.01711	0.01044	0.01372	0.00780	0.00474	0.00633	0.00178	0.03086	0.00579	0.00266	0.00719
5	0.00820	0.00661	0.00973	0.00936	0.01015	0.00815	0.00741	0.00997	0.00843	0.01234	0.01300	0.01929	0.01221	0.03476	0.66848	0.00750	0.14126	0.00550	0.00275	0.00489
6	0.05724	0.00702	0.00734	0.00747	0.00928	0.03684	0.00606	0.03938	0.01260	0.01619	0.05749	0.04780	0.41644	0.01263	0.00632	0.00196	0.00385	0.24442	0.00475	0.00492
7	0.01423	0.01382	0.01215	0.00979	0.01358	0.21152	0.00766	0.09175	0.06099	0.03636	0.01391	0.01462	0.06886	0.00557	0.00458	0.00118	0.00549	0.00423	0.00361	0.40609
8	0.00807	0.00624	0.00719	0.00726	0.00841	0.00634	0.00517	0.01149	0.14131	0.01474	0.06457	0.19067	0.19334	0.20870	0.06997	0.00319	0.00454	0.03948	0.00446	0.00486
9	0.00852	0.00608	0.00852	0.00974	0.01095	0.00608	0.00852	0.01095	0.01217	0.01582	0.02799	0.05963	0.03042	0.01460	0.00730	0.00243	0.00487	0.74565	0.00487	0.00487
10	0.01976	0.02479	0.01502	0.01356	0.01635	0.76233	0.01021	0.05042	0.01537	0.01374	0.00835	0.00966	0.00690	0.00548	0.00479	0.00137	0.00939	0.00346	0.00283	0.00624
11	0.03226	0.00734	0.00855	0.00756	0.00976	0.00718	0.00587	0.09856	0.04925	0.16233	0.19231	0.10351	0.10983	0.00914	0.00540	0.00163	0.00343	0.00771	0.17217	0.00621
12	0.00723	0.00561	0.00616	0.00609	0.00735	0.00519	0.00433	0.00907	0.04636	0.01473	0.15614	0.04369	0.39831	0.22414	0.01170	0.00267	0.00345	0.03874	0.00462	0.00441
13	0.00769	0.00513	0.00577	0.00577	0.00577	0.00513	0.00320	0.00769	0.00769	0.01025	0.01666	0.03460	0.01922	0.81421	0.02691	0.00513	0.00513	0.00769	0.00320	0.00320
14	0.02058	0.01015	0.01245	0.00990	0.01368	0.00998	0.00806	0.13463	0.16349	0.49506	0.01964	0.01762	0.01309	0.00662	0.00526	0.00164	0.00455	0.00535	0.03955	0.00871
15	0.02254	0.00865	0.01165	0.00903	0.01287	0.00753	0.00742	0.02462	0.01479	0.72009	0.02055	0.01814	0.01313	0.00651	0.00518	0.00160	0.00433	0.00528	0.07743	0.00865
16	0.01436	0.01324	0.02587	0.01888	0.02348	0.01298	0.53095	0.05731	0.04344	0.12231	0.01232	0.01469	0.00900	0.00532	0.00690	0.00179	0.07041	0.00590	0.00342	0.00743
17	0.01246	0.01182	0.01959	0.20799	0.52632	0.01277	0.01532	0.03777	0.01178	0.01653	0.00967	0.01319	0.00797	0.00525	0.00619	0.00167	0.06879	0.00470	0.00261	0.00761
18	0.01187	0.03614	0.07289	0.01588	0.10662	0.01064	0.19673	0.03245	0.03460	0.07648	0.01704	0.14885	0.01645	0.00878	0.00695	0.00192	0.06872	0.12663	0.00375	0.00662
19	0.12242	0.03858	0.01630	0.07276	0.12291	0.29819	0.04815	0.11532	0.03177	0.01799	0.00933	0.01123	0.00748	0.00560	0.00564	0.00157	0.06076	0.00405	0.00311	0.00684
20	0.00710	0.00563	0.00619	0.00600	0.00765	0.00505	0.00451	0.00948	0.04818	0.01705	0.28037	0.04458	0.48202	0.01199	0.00610	0.00172	0.00268	0.01016	0.03868	0.00483
21	0.01033	0.00761	0.00906	0.00768	0.01044	0.00664	0.00588	0.03688	0.05950	0.05898	0.14841	0.18086	0.04856	0.00854	0.00516	0.00141	0.00348	0.00737	0.05328	0.32991
22	0.00643	0.00530	0.00566	0.00580	0.00737	0.00454	0.00432	0.00785	0.01207	0.01477	0.10539	0.12957	0.62292	0.01356	0.00633	0.00183	0.00277	0.03403	0.00498	0.00450
23	0.01437	0.78535	0.02723	0.00917	0.01368	0.02074	0.00909	0.04568	0.01131	0.01327	0.00756	0.00865	0.00687	0.00460	0.00347	0.00115	0.00566	0.00290	0.00238	0.00687
24	0.01121	0.00650	0.00799	0.00713	0.00916	0.00605	0.00551	0.01433	0.06878	0.17433	0.38226	0.03356	0.15067	0.00963	0.00574	0.00164	0.00305	0.00824	0.08826	0.00595
25	0.01052	0.00536	0.00617	0.00604	0.00742	0.00513	0.00450	0.01266	0.01174	0.10326	0.09449	0.16775	0.02102	0.00858	0.00469	0.00149	0.00280	0.00729	0.51382	0.00527
26	0.01507	0.01236	0.01502	0.03854	0.26345	0.10335	0.01077	0.14179	0.03024	0.12040	0.08024	0.02061	0.09534	0.00702	0.00544	0.00162	0.00561	0.02149	0.00420	0.00745
27	0.00664	0.00492	0.00624	0.00711	0.00784	0.00452	0.00503	0.00788	0.01100	0.01438	0.08715	0.54852	0.18029	0.01538	0.00666	0.00206	0.00309	0.07189	0.00497	0.00442
28	0.23055	0.22481	0.04164	0.05174	0.01429	0.01362	0.02514	0.09362	0.03497	0.12717	0.03161	0.01293	0.00954	0.02054	0.02572	0.02216	0.00538	0.00407	0.00367	0.00682
29	0.31803	0.06128	0.09428	0.01364	0.10889	0.07662	0.06473	0.11360	0.01256	0.02082	0.00921	0.01126	0.00731	0.00532	0.00482	0.00160	0.03148	0.01370	0.00319	0.02767

[dist]
# distance from previous block
# <min> <max>
1	23

[block]
# block no. 8 follows, 46 sequences, length 19
# corresponding to MSA columns:
# 818-820,822-837
name=unknown_I
#
# <colnr> <probs for GDERKNQSTAVLIFYWHMCP>
#	G	D	E	R	K	N	Q	S	T	A	V	L	I	F	Y	W	H	M	C	P
0	0.04699	0.01163	0.01311	0.01052	0.01420	0.01223	0.00851	0.34846	0.13505	0.21918	0.01711	0.07821	0.01303	0.00719	0.00530	0.00165	0.00488	0.00577	0.00544	0.04157
1	0.18974	0.01076	0.01090	0.07029	0.01384	0.05943	0.00772	0.13029	0.15190	0.04166	0.15977	0.03842	0.03444	0.00718	0.00501	0.00162	0.00458	0.00572	0.00449	0.05224
2	0.00718	0.00499	0.00592	0.00631	0.00657	0.00486	0.00389	0.00763	0.00880	0.01163	0.02330	0.27802	0.08196	0.48265	0.03999	0.00403	0.00454	0.01019	0.00386	0.00368
3	0.00788	0.00502	0.00673	0.00764	0.00828	0.00465	0.00531	0.00896	0.01061	0.07323	0.02844	0.71167	0.03305	0.01569	0.00666	0.00212	0.00327	0.05106	0.00503	0.00469
4	0.01235	0.01484	0.07829	0.02202	0.07383	0.01306	0.64540	0.01677	0.01232	0.01695	0.01053	0.01389	0.00795	0.00449	0.00603	0.00173	0.00853	0.00590	0.00266	0.03245
5	0.01241	0.01405	0.03003	0.02163	0.02657	0.01359	0.70403	0.01661	0.01214	0.01661	0.01040	0.01405	0.00794	0.00483	0.00710	0.00182	0.07040	0.00611	0.00265	0.00703
6	0.18892	0.00933	0.01136	0.00897	0.01285	0.00879	0.00738	0.02381	0.04200	0.60431	0.01818	0.01618	0.01173	0.00624	0.00491	0.00164	0.00440	0.00485	0.00585	0.00832
7	0.01634	0.00986	0.01085	0.00886	0.01184	0.01040	0.00714	0.30962	0.06471	0.15058	0.01632	0.01668	0.01185	0.00636	0.00469	0.00147	0.00422	0.00499	0.32582	0.00740
8	0.01290	0.56035	0.02416	0.01049	0.01407	0.01797	0.06713	0.01471	0.01026	0.01274	0.00848	0.01123	0.00788	0.03307	0.07936	0.00213	0.10060	0.00371	0.00238	0.00639
9	0.01069	0.00701	0.00759	0.00713	0.00922	0.03669	0.00543	0.01265	0.04165	0.17174	0.03940	0.16408	0.42767	0.01197	0.00607	0.00181	0.00349	0.02496	0.00517	0.00559
10	0.01273	0.01094	0.01159	0.01055	0.01337	0.01260	0.00815	0.02680	0.72422	0.02158	0.02199	0.06902	0.01731	0.00776	0.00546	0.00182	0.00411	0.00654	0.00535	0.00811
11	0.48379	0.06303	0.03963	0.08318	0.07821	0.08940	0.00885	0.06808	0.01127	0.02091	0.00829	0.00993	0.00650	0.00506	0.00397	0.00158	0.00542	0.00340	0.00312	0.00636
12	0.85155	0.01022	0.00777	0.00695	0.01022	0.01186	0.00573	0.01554	0.00900	0.02372	0.00736	0.00859	0.00573	0.00491	0.00327	0.00164	0.00409	0.00286	0.00327	0.00573
13	0.00977	0.00826	0.00966	0.00923	0.02582	0.03070	0.03511	0.05685	0.17457	0.01834	0.14525	0.10113	0.23604	0.01096	0.00612	0.00186	0.00397	0.10549	0.00497	0.00590
14	0.00757	0.00560	0.00818	0.00818	0.00902	0.00644	0.00622	0.00924	0.00840	0.01204	0.01445	0.02235	0.01390	0.12840	0.70545	0.00811	0.01312	0.00590	0.00287	0.00455
15	0.00679	0.00496	0.00632	0.00720	0.00782	0.00467	0.00506	0.00788	0.01035	0.01352	0.03108	0.51421	0.14652	0.09075	0.03634	0.00262	0.00378	0.09116	0.00467	0.00429
16	0.01363	0.01246	0.04153	0.08270	0.33557	0.03087	0.08957	0.05510	0.01216	0.08325	0.01090	0.01431	0.00889	0.04433	0.00803	0.00186	0.11785	0.00496	0.00307	0.02896
17	0.00991	0.00617	0.00774	0.00716	0.00907	0.00536	0.00536	0.01168	0.01273	0.13773	0.24387	0.24154	0.16909	0.01141	0.00598	0.00172	0.00315	0.00996	0.00524	0.09513
18	0.01277	0.06640	0.12482	0.04401	0.08953	0.01163	0.04143	0.08783	0.11551	0.03854	0.01194	0.02839	0.00950	0.00541	0.00514	0.00139	0.02939	0.00443	0.00346	0.26849

[dist]
# distance from previous block
# <min> <max>
1	16

[block]
# block no. 9 follows, 46 sequences, length 15
# corresponding to MSA columns:
# 854-868
name=unknown_J
#
# <colnr> <probs for GDERKNQSTAVLIFYWHMCP>
#	G	D	E	R	K	N	Q	S	T	A	V	L	I	F	Y	W	H	M	C	P
0	0.01074	0.00909	0.01167	0.07301	0.05224	0.00816	0.02595	0.01453	0.09976	0.02796	0.02909	0.08301	0.02698	0.03270	0.00553	0.00140	0.00440	0.03083	0.00364	0.44931
1	0.01377	0.06539	0.11248	0.07263	0.16318	0.03094	0.14965	0.10573	0.02569	0.08083	0.04320	0.04754	0.01123	0.00583	0.00532	0.00160	0.00640	0.00537	0.00348	0.04975
2	0.42673	0.01185	0.01263	0.01019	0.01390	0.05422	0.08644	0.11051	0.04679	0.16315	0.01152	0.01196	0.00824	0.00547	0.00438	0.00164	0.00518	0.00407	0.00412	0.00701
3	0.00660	0.00477	0.00611	0.00711	0.00756	0.00444	0.00479	0.00753	0.01016	0.01336	0.03033	0.64554	0.10443	0.08626	0.00849	0.00238	0.00327	0.03789	0.00476	0.00423
4	0.00701	0.00501	0.00639	0.00726	0.00796	0.00466	0.00504	0.00841	0.02709	0.02929	0.05839	0.62481	0.13348	0.01547	0.00662	0.00207	0.00311	0.03839	0.00498	0.00454
5	0.01344	0.01496	0.09143	0.02148	0.13783	0.03926	0.46502	0.01738	0.01234	0.07358	0.01094	0.01379	0.00824	0.00499	0.00647	0.00175	0.05124	0.00556	0.00290	0.00741
6	0.00893	0.00758	0.00946	0.00908	0.01023	0.05345	0.00708	0.02470	0.03643	0.01352	0.04838	0.02159	0.04824	0.04213	0.56754	0.00662	0.07094	0.00589	0.00315	0.00507
7	0.00715	0.00531	0.00675	0.00772	0.00831	0.00522	0.00527	0.00954	0.09012	0.01440	0.02834	0.72767	0.03299	0.01558	0.00660	0.00211	0.00318	0.01408	0.00496	0.00472
8	0.00900	0.00639	0.00813	0.00871	0.00997	0.00640	0.00682	0.04394	0.08051	0.04344	0.02835	0.36064	0.07003	0.01403	0.00669	0.00216	0.00398	0.28056	0.00501	0.00525
9	0.00979	0.00676	0.00824	0.00801	0.00907	0.00735	0.00598	0.01328	0.17362	0.01541	0.06199	0.05167	0.02834	0.10354	0.01254	0.22122	0.04746	0.09073	0.12021	0.00481
10	0.14879	0.00841	0.00907	0.05405	0.01148	0.04284	0.00640	0.03631	0.05458	0.14479	0.20166	0.06013	0.07771	0.09298	0.00754	0.00204	0.00417	0.00693	0.02420	0.00591
11	0.00818	0.00588	0.00702	0.00709	0.00770	0.00611	0.00478	0.01037	0.08904	0.01310	0.06349	0.10822	0.02249	0.46430	0.09692	0.00441	0.00556	0.06727	0.00384	0.00424
12	0.02694	0.00522	0.00671	0.00734	0.00808	0.00491	0.00508	0.00922	0.01062	0.07118	0.07107	0.56913	0.04911	0.09395	0.00853	0.00237	0.00342	0.03762	0.00488	0.00463
13	0.09994	0.01082	0.05596	0.00863	0.01281	0.00909	0.00734	0.10219	0.06517	0.02004	0.04605	0.01587	0.07080	0.00563	0.00446	0.00120	0.00425	0.00444	0.00375	0.45158
14	0.06569	0.40254	0.13028	0.05296	0.05644	0.01644	0.01093	0.08815	0.03697	0.05720	0.00964	0.01074	0.00768	0.00502	0.00417	0.00138	0.00583	0.00361	0.00298	0.03135

[dist]
# distance from previous block
# <min> <max>
2	54

[block]
# block no. 10 follows, 46 sequences, length 6
# corresponding to MSA columns:
# 923-928
name=unknown_K
#
# <colnr> <probs for GDERKNQSTAVLIFYWHMCP>
#	G	D	E	R	K	N	Q	S	T	A	V	L	I	F	Y	W	H	M	C	P
0	0.01224	0.00917	0.02787	0.01042	0.01280	0.00915	0.07571	0.12636	0.08706	0.10289	0.09321	0.22768	0.04876	0.01022	0.00660	0.00187	0.04695	0.05388	0.03071	0.00644
1	0.01118	0.00973	0.01674	0.68473	0.03406	0.01157	0.07013	0.01467	0.01105	0.07067	0.01034	0.01439	0.00757	0.00532	0.00536	0.00175	0.00700	0.00486	0.00268	0.00620
2	0.11170	0.09247	0.05912	0.03802	0.15467	0.02992	0.03983	0.19458	0.03057	0.08085	0.01093	0.01220	0.00831	0.00544	0.00522	0.00152	0.03618	0.00425	0.00367	0.08056
3	0.01144	0.02725	0.05691	0.01450	0.14086	0.00995	0.08267	0.04651	0.03091	0.07703	0.11725	0.15959	0.04428	0.02782	0.03356	0.00211	0.09933	0.00761	0.00397	0.00643
4	0.00744	0.00539	0.00671	0.00742	0.00811	0.00518	0.00516	0.04925	0.01099	0.01447	0.02919	0.56226	0.10320	0.10005	0.00879	0.00242	0.00352	0.06122	0.00475	0.00449
5	0.01024	0.00854	0.00912	0.00825	0.01026	0.08030	0.02789	0.05220	0.05293	0.04785	0.26722	0.14821	0.16801	0.01037	0.00585	0.00168	0.00388	0.00893	0.02832	0.04995

[dist]
# distance from previous block
# <min> <max>
3	7

[block]
# block no. 11 follows, 46 sequences, length 28
# corresponding to MSA columns:
# 937-951,957-969
name=unknown_L
#
# <colnr> <probs for GDERKNQSTAVLIFYWHMCP>
#	G	D	E	R	K	N	Q	S	T	A	V	L	I	F	Y	W	H	M	C	P
0	0.01433	0.01267	0.01617	0.13993	0.03193	0.07856	0.08558	0.17823	0.01414	0.05636	0.01083	0.03408	0.00874	0.00623	0.00716	0.00161	0.14004	0.00478	0.00346	0.15518
1	0.09523	0.05400	0.09109	0.02278	0.01339	0.04021	0.02201	0.10888	0.06938	0.11673	0.17496	0.02276	0.10379	0.00769	0.00547	0.00163	0.01931	0.00619	0.00457	0.01991
2	0.08353	0.06443	0.04294	0.03172	0.11916	0.09154	0.03878	0.16763	0.04094	0.01991	0.06348	0.01371	0.01083	0.00635	0.00694	0.00164	0.13665	0.00463	0.00348	0.05171
3	0.00736	0.00540	0.00690	0.00652	0.00782	0.00494	0.00489	0.00974	0.01468	0.02053	0.70783	0.04060	0.12091	0.01106	0.00624	0.00167	0.00251	0.00972	0.00573	0.00494
4	0.05898	0.72525	0.02585	0.00922	0.01356	0.06843	0.00894	0.01614	0.01091	0.01307	0.00740	0.00855	0.00673	0.00460	0.00347	0.00117	0.00581	0.00286	0.00234	0.00669
5	0.06523	0.00609	0.00785	0.00767	0.00838	0.00693	0.00556	0.00938	0.00821	0.01233	0.01423	0.02454	0.01458	0.32060	0.41638	0.00646	0.05215	0.00616	0.00297	0.00429
6	0.06740	0.00962	0.01560	0.70659	0.07421	0.01180	0.01415	0.01379	0.01054	0.01440	0.00929	0.01367	0.00703	0.00523	0.00515	0.00174	0.00681	0.00457	0.00243	0.00600
7	0.02292	0.00918	0.01224	0.00951	0.01351	0.00818	0.00782	0.02594	0.07257	0.72698	0.02091	0.01813	0.01332	0.00659	0.00532	0.00165	0.00447	0.00537	0.00645	0.00895
8	0.02163	0.01102	0.01336	0.01038	0.01442	0.01094	0.00853	0.25507	0.08689	0.48222	0.01838	0.01650	0.01209	0.00654	0.00531	0.00163	0.00488	0.00520	0.00605	0.00894
9	0.00985	0.00493	0.00493	0.00493	0.00616	0.00493	0.00370	0.01232	0.01109	0.01971	0.01725	0.01971	0.01355	0.00616	0.00370	0.00123	0.00246	0.00493	0.84356	0.00493
10	0.00856	0.00573	0.00698	0.00683	0.00714	0.00601	0.00446	0.00901	0.00836	0.04058	0.01687	0.03335	0.01862	0.62585	0.08240	0.00491	0.04970	0.05748	0.00337	0.00380
11	0.00937	0.00493	0.00505	0.00514	0.00633	0.00485	0.00381	0.01165	0.01107	0.01890	0.02041	0.08170	0.06276	0.00740	0.00409	0.00134	0.00252	0.00608	0.72775	0.00485
12	0.01189	0.04464	0.01608	0.01325	0.01385	0.01597	0.01102	0.01497	0.11364	0.01401	0.00897	0.01257	0.00820	0.00877	0.01512	0.00219	0.66121	0.00474	0.00273	0.00618
13	0.20280	0.01037	0.01568	0.44319	0.10376	0.01222	0.06542	0.01444	0.01036	0.01642	0.00894	0.01260	0.00694	0.00530	0.00556	0.00175	0.05109	0.00438	0.00261	0.00618
14	0.01455	0.01594	0.09197	0.21661	0.17439	0.18480	0.05771	0.07939	0.02602	0.05884	0.01116	0.01342	0.02086	0.00546	0.00521	0.00161	0.00727	0.00460	0.00306	0.00714
15	0.00872	0.00663	0.00784	0.00758	0.00914	0.02335	0.00553	0.05645	0.01274	0.03138	0.22316	0.37874	0.08112	0.01222	0.00607	0.00177	0.00334	0.01080	0.00493	0.10849
16	0.00708	0.00542	0.00651	0.00640	0.00775	0.00491	0.00474	0.00929	0.02903	0.01812	0.44520	0.12962	0.28218	0.01221	0.00628	0.00176	0.00265	0.01062	0.00541	0.00481
17	0.01487	0.50576	0.12302	0.01030	0.01506	0.01767	0.01035	0.08753	0.08078	0.07446	0.01042	0.01095	0.00830	0.00515	0.00411	0.00134	0.00573	0.00362	0.00314	0.00743
18	0.00796	0.00639	0.00710	0.00690	0.00867	0.00609	0.00529	0.03951	0.09687	0.01736	0.19532	0.09145	0.41720	0.01218	0.00622	0.00182	0.00310	0.06022	0.00516	0.00519
19	0.85155	0.01022	0.00777	0.00695	0.01022	0.01186	0.00573	0.01554	0.00900	0.02372	0.00736	0.00859	0.00573	0.00491	0.00327	0.00164	0.00409	0.00286	0.00327	0.00573
20	0.00795	0.00560	0.00783	0.06128	0.00967	0.00620	0.00571	0.00880	0.00817	0.01128	0.01418	0.02478	0.01452	0.31443	0.37742	0.09977	0.00935	0.00621	0.00287	0.00398
21	0.00729	0.00540	0.00680	0.00645	0.00778	0.00491	0.00484	0.00960	0.01451	0.02012	0.66536	0.04127	0.16364	0.01121	0.00624	0.00168	0.00252	0.00981	0.00568	0.00491
22	0.00985	0.00493	0.00493	0.00493	0.00616	0.00493	0.00370	0.01232	0.01109	0.01971	0.01725	0.01971	0.01355	0.00616	0.00370	0.00123	0.00246	0.00493	0.84356	0.00493
23	0.02010	0.01481	0.01587	0.01216	0.01639	0.01639	0.01005	0.76360	0.02486	0.03332	0.01269	0.01269	0.00899	0.00635	0.00529	0.00159	0.00582	0.00476	0.00529	0.00899
24	0.00719	0.00539	0.00666	0.00635	0.00772	0.00486	0.00476	0.00941	0.01428	0.01957	0.60770	0.04217	0.22164	0.01142	0.00624	0.00169	0.00254	0.00994	0.00561	0.00486
25	0.00985	0.00493	0.00493	0.00493	0.00616	0.00493	0.00370	0.01232	0.01109	0.01971	0.01725	0.01971	0.01355	0.00616	0.00370	0.00123	0.00246	0.00493	0.84356	0.00493
26	0.00644	0.00460	0.00613	0.00736	0.00767	0.00429	0.00491	0.00736	0.01012	0.01350	0.02914	0.81076	0.03497	0.01656	0.00675	0.00215	0.00307	0.01503	0.00491	0.00429
27	0.01883	0.01320	0.01421	0.01105	0.01486	0.01446	0.00908	0.62956	0.02256	0.06231	0.01366	0.01388	0.00979	0.00633	0.00507	0.00154	0.00530	0.00481	0.12109	0.00843

[dist]
# distance from previous block
# <min> <max>
0	18

[block]
# block no. 12 follows, 46 sequences, length 7
# corresponding to MSA columns:
# 988-994
name=unknown_M
#
# <colnr> <probs for GDERKNQSTAVLIFYWHMCP>
#	G	D	E	R	K	N	Q	S	T	A	V	L	I	F	Y	W	H	M	C	P
0	0.00659	0.00532	0.00587	0.00584	0.00738	0.00459	0.00434	0.00821	0.01270	0.01609	0.24714	0.10018	0.53138	0.01291	0.00628	0.00178	0.00266	0.01099	0.00515	0.00459
1	0.00794	0.00582	0.00803	0.00769	0.00829	0.00579	0.05670	0.00873	0.00883	0.01182	0.01880	0.13329	0.02117	0.52513	0.07197	0.00447	0.00570	0.08243	0.00353	0.00388
2	0.01183	0.00683	0.00704	0.00632	0.00813	0.00714	0.00492	0.15731	0.01374	0.02234	0.01637	0.01836	0.01267	0.00620	0.00400	0.00130	0.00311	0.00489	0.68178	0.00571
3	0.01333	0.01593	0.17600	0.01588	0.08930	0.06126	0.16224	0.12176	0.07993	0.03949	0.01558	0.01691	0.08018	0.00642	0.00628	0.00171	0.06186	0.00550	0.02310	0.00735
4	0.00858	0.00668	0.00794	0.00703	0.00896	0.00596	0.00504	0.01034	0.03249	0.01447	0.07431	0.10512	0.08917	0.24534	0.09367	0.00317	0.00504	0.00721	0.00373	0.26576
5	0.01334	0.03654	0.01335	0.06094	0.06766	0.06105	0.00878	0.18188	0.05970	0.02023	0.03445	0.07193	0.01275	0.00656	0.00497	0.00139	0.00508	0.04427	0.00390	0.29122
6	0.03872	0.06065	0.11310	0.01085	0.01585	0.01010	0.10240	0.07031	0.01217	0.01817	0.01086	0.01241	0.02909	0.00464	0.00446	0.00116	0.00525	0.00393	0.00312	0.47277

[dist]
# distance from previous block
# <min> <max>
0	6

[block]
# block no. 13 follows, 46 sequences, length 6
# corresponding to MSA columns:
# 1001-1006
name=unknown_N
#
# <colnr> <probs for GDERKNQSTAVLIFYWHMCP>
#	G	D	E	R	K	N	Q	S	T	A	V	L	I	F	Y	W	H	M	C	P
0	0.00933	0.04325	0.09473	0.01090	0.10366	0.00803	0.02993	0.03679	0.03458	0.03846	0.07297	0.03496	0.41712	0.03434	0.00641	0.00180	0.00424	0.00838	0.00424	0.00586
1	0.00985	0.00493	0.00493	0.00493	0.00616	0.00493	0.00370	0.01232	0.01109	0.01971	0.01725	0.01971	0.01355	0.00616	0.00370	0.00123	0.00246	0.00493	0.84356	0.00493
2	0.01248	0.00959	0.01140	0.01079	0.06479	0.00966	0.00768	0.15753	0.16642	0.05122	0.01844	0.22540	0.01756	0.03902	0.00623	0.00175	0.00434	0.00752	0.00457	0.17361
3	0.01401	0.01036	0.01146	0.01011	0.01306	0.01149	0.00791	0.02576	0.58152	0.12915	0.10535	0.02167	0.01945	0.00749	0.00547	0.00176	0.00404	0.00628	0.00559	0.00808
4	0.00985	0.00493	0.00493	0.00493	0.00616	0.00493	0.00370	0.01232	0.01109	0.01971	0.01725	0.01971	0.01355	0.00616	0.00370	0.00123	0.00246	0.00493	0.84356	0.00493
5	0.20368	0.07936	0.11680	0.08169	0.08957	0.08495	0.13984	0.04672	0.01154	0.01778	0.00887	0.01127	0.00702	0.00531	0.00578	0.00166	0.07449	0.00417	0.00277	0.00675

[dist]
# distance from previous block
# <min> <max>
0	51

# created by:
# /st0/software/busco_prod/Augustus/scripts/msa2prfl.pl ./align_prep/1220881.fa
