[name]
unknown

[dist]
# distance from previous block
# <min> <max>
13	456

[block]
# block no. 0 follows, 58 sequences, length 62
# corresponding to MSA columns:
# 524-585
name=unknown_A
#
# <colnr> <probs for GDERKNQSTAVLIFYWHMCP>
#	G	D	E	R	K	N	Q	S	T	A	V	L	I	F	Y	W	H	M	C	P
0	0.07654	0.16776	0.23087	0.01064	0.03876	0.04859	0.06585	0.10604	0.02350	0.08184	0.02052	0.04362	0.02013	0.00549	0.01599	0.00141	0.00535	0.01376	0.01719	0.00614
1	0.15208	0.15617	0.18264	0.01044	0.03498	0.05969	0.07859	0.08203	0.07469	0.07713	0.00934	0.01013	0.00702	0.00446	0.00387	0.00129	0.00516	0.00346	0.01599	0.03082
2	0.10273	0.09444	0.25479	0.02287	0.05974	0.04443	0.04459	0.08248	0.02263	0.06109	0.04934	0.04771	0.00994	0.02983	0.00470	0.00144	0.00511	0.01922	0.01518	0.02774
3	0.04181	0.17644	0.14673	0.05989	0.06436	0.06407	0.00932	0.10218	0.05927	0.10941	0.03193	0.03879	0.00895	0.00496	0.00402	0.00126	0.00494	0.00388	0.00306	0.06472
4	0.08946	0.07139	0.19853	0.05716	0.06702	0.05358	0.02155	0.08192	0.07592	0.08329	0.05319	0.03397	0.00967	0.00509	0.00432	0.00133	0.01948	0.00403	0.00305	0.06606
5	0.09321	0.05817	0.08904	0.06627	0.07858	0.00999	0.03811	0.14962	0.03545	0.03838	0.06286	0.03529	0.01004	0.02658	0.00534	0.01464	0.04778	0.00416	0.00305	0.13344
6	0.05638	0.05813	0.04014	0.01002	0.07035	0.03748	0.05532	0.11942	0.05369	0.13130	0.08394	0.01666	0.05256	0.01757	0.05456	0.03982	0.01678	0.02593	0.00354	0.05639
7	0.06947	0.02384	0.02352	0.16460	0.25143	0.02463	0.00953	0.06729	0.02216	0.06913	0.03331	0.03716	0.02476	0.00495	0.00436	0.00130	0.01835	0.00421	0.03770	0.10829
8	0.00827	0.03994	0.00791	0.02748	0.00872	0.00610	0.00485	0.02982	0.04210	0.03959	0.04971	0.14190	0.10256	0.18196	0.00841	0.00187	0.02201	0.00620	0.02650	0.24409
9	0.01126	0.00982	0.05065	0.05433	0.12857	0.02003	0.05434	0.06090	0.03524	0.09470	0.00947	0.01074	0.00731	0.00409	0.00418	0.00106	0.02295	0.00347	0.00293	0.41396
10	0.00676	0.00448	0.00511	0.00507	0.00574	0.00428	0.00334	0.00760	0.00831	0.02407	0.07761	0.09891	0.14029	0.39694	0.04142	0.00294	0.00361	0.00707	0.12976	0.02666
11	0.01072	0.00936	0.01373	0.09311	0.22690	0.02364	0.08178	0.05192	0.04647	0.05302	0.00983	0.03288	0.00814	0.02934	0.00473	0.00125	0.00470	0.00402	0.00278	0.29168
12	0.00891	0.00499	0.00660	0.00654	0.00772	0.00459	0.00476	0.01050	0.03091	0.18504	0.20064	0.46106	0.02808	0.01090	0.00532	0.00162	0.00277	0.00972	0.00463	0.00470
13	0.06754	0.00765	0.01018	0.03278	0.01175	0.00695	0.00665	0.03313	0.01230	0.70295	0.01637	0.01470	0.01051	0.00655	0.03746	0.00162	0.00420	0.00437	0.00513	0.00723
14	0.00763	0.00497	0.00663	0.00739	0.00845	0.00495	0.00632	0.00965	0.01012	0.02952	0.02183	0.06440	0.02280	0.01088	0.00554	0.00184	0.00368	0.59765	0.17157	0.00418
15	0.00763	0.00396	0.00588	0.00588	0.00593	0.00401	0.00395	0.00599	0.00594	0.00797	0.00828	0.01443	0.00831	0.04717	0.07058	0.78149	0.00443	0.00404	0.00200	0.00211
16	0.01165	0.76096	0.10528	0.00818	0.01229	0.01695	0.00857	0.01347	0.00913	0.01090	0.00640	0.00741	0.00573	0.00387	0.00301	0.00100	0.00497	0.00249	0.00191	0.00583
17	0.00594	0.00412	0.00513	0.00575	0.00593	0.00397	0.00367	0.00645	0.00778	0.01036	0.02029	0.48010	0.02399	0.35354	0.01272	0.00286	0.00336	0.03720	0.00356	0.00327
18	0.50975	0.06645	0.08939	0.00978	0.07463	0.11584	0.04964	0.01398	0.00890	0.01696	0.00681	0.00813	0.00538	0.00417	0.00335	0.00133	0.00481	0.00284	0.00250	0.00536
19	0.01009	0.01067	0.01864	0.01451	0.01628	0.01277	0.31700	0.01215	0.00829	0.01215	0.00711	0.01067	0.00623	0.00625	0.01102	0.00178	0.51251	0.00445	0.00208	0.00534
20	0.00834	0.00417	0.00417	0.00417	0.00521	0.00417	0.00313	0.01042	0.00938	0.01668	0.01459	0.01668	0.01147	0.00521	0.00313	0.00104	0.00208	0.00417	0.86763	0.00417
21	0.01211	0.82018	0.02311	0.00777	0.01155	0.04248	0.00768	0.01353	0.00920	0.01054	0.00624	0.00720	0.00574	0.00385	0.00291	0.00096	0.00488	0.00241	0.00193	0.00572
22	0.01020	0.00761	0.00934	0.05273	0.01147	0.00610	0.00575	0.01223	0.00997	0.10706	0.08179	0.01229	0.01032	0.00416	0.00369	0.00086	0.00341	0.00343	0.00315	0.64446
23	0.01095	0.01070	0.01692	0.12309	0.62867	0.04612	0.01299	0.01381	0.03379	0.01404	0.00848	0.01116	0.00704	0.00429	0.00483	0.00137	0.03887	0.00397	0.00225	0.00666
24	0.00970	0.00885	0.01494	0.53194	0.29801	0.01007	0.01269	0.01253	0.00949	0.03728	0.00841	0.01174	0.00650	0.00434	0.00446	0.00143	0.00568	0.00399	0.00217	0.00577
25	0.00834	0.00417	0.00417	0.00417	0.00521	0.00417	0.00313	0.01042	0.00938	0.01668	0.01459	0.01668	0.01147	0.00521	0.00313	0.00104	0.00208	0.00417	0.86763	0.00417
26	0.01439	0.01123	0.01195	0.00976	0.01288	0.01265	0.00787	0.45450	0.37076	0.02397	0.01406	0.01339	0.01030	0.00568	0.00451	0.00142	0.00431	0.00449	0.00451	0.00737
27	0.87439	0.00865	0.00657	0.00588	0.00865	0.01003	0.00484	0.01315	0.00761	0.02007	0.00623	0.00727	0.00484	0.00415	0.00277	0.00138	0.00346	0.00242	0.00277	0.00484
28	0.00940	0.00898	0.01541	0.53550	0.29559	0.01021	0.03665	0.01229	0.00941	0.01259	0.00814	0.01164	0.00637	0.00429	0.00448	0.00144	0.00579	0.00402	0.00207	0.00572
29	0.01065	0.01020	0.01739	0.15756	0.68810	0.01052	0.01352	0.01336	0.00998	0.01410	0.00834	0.01121	0.00690	0.00406	0.00444	0.00135	0.00542	0.00398	0.00218	0.00674
30	0.00549	0.00392	0.00524	0.00628	0.00656	0.00367	0.00423	0.00631	0.00861	0.01147	0.02463	0.81972	0.02949	0.01397	0.00572	0.00182	0.00263	0.03243	0.00415	0.00365
31	0.02890	0.00791	0.07274	0.00810	0.01053	0.00666	0.02185	0.08947	0.01201	0.23734	0.12228	0.11830	0.04911	0.00845	0.00506	0.00158	0.00383	0.17271	0.01754	0.00562
32	0.00870	0.00827	0.01399	0.73715	0.08086	0.01013	0.02796	0.01161	0.00899	0.01167	0.00793	0.01180	0.00605	0.00454	0.00482	0.00150	0.03289	0.00400	0.00201	0.00512
33	0.00756	0.00636	0.03300	0.00968	0.10192	0.00622	0.02896	0.00889	0.00862	0.03216	0.01785	0.33884	0.03765	0.13259	0.03890	0.00229	0.08363	0.06239	0.03814	0.00435
34	0.77208	0.01001	0.02263	0.00684	0.02281	0.07796	0.00553	0.01357	0.00811	0.01911	0.00636	0.00744	0.00497	0.00419	0.00293	0.00136	0.00393	0.00250	0.00270	0.00494
35	0.00611	0.00417	0.00545	0.00621	0.00666	0.00395	0.00431	0.00707	0.00883	0.02774	0.05949	0.60340	0.03947	0.08450	0.01953	0.00208	0.00299	0.07375	0.03057	0.00372
36	0.00629	0.00476	0.00591	0.00618	0.00724	0.00449	0.00475	0.00835	0.04583	0.01432	0.27349	0.20694	0.21499	0.01119	0.00552	0.00165	0.00272	0.16689	0.00440	0.00410
37	0.01019	0.00925	0.01512	0.43648	0.31094	0.01035	0.02558	0.04725	0.04613	0.03264	0.00895	0.01186	0.00692	0.00442	0.00447	0.00142	0.00555	0.00406	0.00238	0.00602
38	0.01135	0.05149	0.28429	0.01014	0.01402	0.15310	0.02212	0.08932	0.08076	0.03684	0.04103	0.04939	0.03462	0.00543	0.00425	0.00131	0.00540	0.00427	0.04970	0.05117
39	0.00573	0.00428	0.00613	0.00678	0.00726	0.00400	0.03626	0.00670	0.00880	0.01176	0.04386	0.76230	0.02887	0.01343	0.00570	0.00180	0.00283	0.03566	0.00409	0.00376
40	0.02556	0.00889	0.01415	0.46483	0.18103	0.01027	0.02710	0.03729	0.02352	0.03582	0.00840	0.01149	0.00654	0.00467	0.00526	0.00145	0.07638	0.00394	0.00231	0.05112
41	0.00566	0.00420	0.00529	0.00574	0.00646	0.00382	0.00403	0.00688	0.01001	0.01335	0.24709	0.46660	0.18015	0.01216	0.00551	0.00165	0.00240	0.01082	0.00437	0.00382
42	0.53483	0.03637	0.00967	0.00816	0.02412	0.13094	0.02646	0.08636	0.05325	0.02867	0.00764	0.00854	0.00592	0.00449	0.00352	0.00135	0.01845	0.00293	0.00293	0.00540
43	0.01147	0.01189	0.04068	0.03780	0.06701	0.05192	0.43118	0.08487	0.07859	0.03771	0.04218	0.01281	0.00884	0.00471	0.00554	0.00148	0.05746	0.00487	0.00281	0.00617
44	0.10112	0.00901	0.01381	0.36287	0.26923	0.01023	0.01122	0.03242	0.00931	0.01378	0.00799	0.01131	0.00651	0.02522	0.00539	0.00149	0.06254	0.00382	0.00225	0.04048
45	0.00694	0.00488	0.00580	0.00561	0.00566	0.00528	0.00352	0.00710	0.00665	0.00922	0.01309	0.02620	0.01472	0.68980	0.03562	0.02541	0.08798	0.00605	0.03746	0.00299
46	0.18594	0.01161	0.01221	0.06338	0.03847	0.15234	0.07746	0.13000	0.01142	0.04483	0.00820	0.00958	0.00637	0.00441	0.00428	0.00122	0.03853	0.00332	0.00287	0.19354
47	0.87439	0.00865	0.00657	0.00588	0.00865	0.01003	0.00484	0.01315	0.00761	0.02007	0.00623	0.00727	0.00484	0.00415	0.00277	0.00138	0.00346	0.00242	0.00277	0.00484
48	0.00570	0.00437	0.00523	0.00540	0.00639	0.00389	0.00390	0.00708	0.01060	0.01395	0.30893	0.26512	0.32065	0.01132	0.00540	0.00156	0.00230	0.00989	0.00442	0.00389
49	0.00667	0.00483	0.00591	0.00563	0.00683	0.00448	0.00422	0.02797	0.02534	0.02809	0.53883	0.09578	0.18298	0.00961	0.00520	0.00145	0.00229	0.00838	0.03125	0.00427
50	0.00558	0.00409	0.00525	0.00597	0.00652	0.00376	0.00413	0.00660	0.00933	0.01236	0.12516	0.61437	0.13616	0.01301	0.00561	0.00173	0.00253	0.02985	0.00425	0.00374
51	0.01560	0.01164	0.01249	0.00992	0.01323	0.01296	0.00808	0.57938	0.22058	0.04936	0.01284	0.01239	0.00925	0.00555	0.00450	0.00139	0.00454	0.00430	0.00453	0.00747
52	0.00928	0.00795	0.00928	0.00663	0.01060	0.00596	0.00530	0.01126	0.00928	0.01458	0.00795	0.00928	0.00663	0.00331	0.00331	0.00066	0.00331	0.00265	0.00265	0.87014
53	0.02665	0.05694	0.02672	0.02871	0.05082	0.19352	0.02471	0.03458	0.09501	0.03879	0.19295	0.04358	0.07087	0.03201	0.00521	0.00149	0.00462	0.06407	0.00357	0.00518
54	0.56608	0.00828	0.00795	0.00663	0.00965	0.00879	0.00547	0.01627	0.00949	0.30802	0.01035	0.01014	0.00709	0.00465	0.00339	0.00138	0.00359	0.00317	0.00377	0.00584
55	0.01119	0.02643	0.07114	0.02700	0.24455	0.03341	0.07380	0.05849	0.29369	0.02803	0.05399	0.01406	0.01110	0.00522	0.00481	0.00143	0.02707	0.00458	0.00332	0.00668
56	0.02281	0.00989	0.04105	0.17358	0.16915	0.04640	0.12651	0.05565	0.06158	0.03619	0.02312	0.07958	0.02597	0.00632	0.02569	0.00160	0.03771	0.00506	0.04640	0.00573
57	0.00811	0.00534	0.00615	0.00585	0.00722	0.00551	0.00447	0.01160	0.13038	0.03451	0.14963	0.03525	0.08381	0.01118	0.13628	0.00222	0.00399	0.00561	0.33093	0.02197
58	0.00616	0.00449	0.00557	0.00550	0.00653	0.00407	0.00402	0.00778	0.01130	0.02652	0.48781	0.16578	0.20184	0.03523	0.00586	0.00158	0.00231	0.00903	0.00458	0.00403
59	0.03141	0.01179	0.01279	0.01022	0.03301	0.01297	0.00820	0.69333	0.02972	0.04687	0.01109	0.01121	0.00793	0.00532	0.00437	0.00133	0.00470	0.00403	0.05237	0.00735
60	0.01025	0.00813	0.01052	0.06334	0.09543	0.00675	0.00676	0.01234	0.00960	0.08189	0.00891	0.01032	0.00711	0.00432	0.02198	0.00099	0.00393	0.00308	0.00280	0.63154
61	0.03232	0.04557	0.18060	0.04297	0.01492	0.03487	0.08035	0.05110	0.03642	0.39235	0.01337	0.03479	0.00928	0.00518	0.00443	0.00140	0.00499	0.00434	0.00393	0.00683

[dist]
# distance from previous block
# <min> <max>
0	1

[block]
# block no. 1 follows, 58 sequences, length 21
# corresponding to MSA columns:
# 587-607
name=unknown_B
#
# <colnr> <probs for GDERKNQSTAVLIFYWHMCP>
#	G	D	E	R	K	N	Q	S	T	A	V	L	I	F	Y	W	H	M	C	P
0	0.01196	0.84548	0.02344	0.00765	0.01148	0.01770	0.00765	0.01339	0.00909	0.01052	0.00622	0.00718	0.00574	0.00383	0.00287	0.00096	0.00478	0.00239	0.00191	0.00574
1	0.00936	0.00810	0.01241	0.42561	0.14083	0.02727	0.01041	0.04565	0.00965	0.04622	0.01096	0.11962	0.00990	0.00820	0.07227	0.00197	0.02851	0.00518	0.00260	0.00526
2	0.01107	0.14816	0.31320	0.01074	0.01530	0.02576	0.06935	0.10729	0.04012	0.04467	0.03186	0.01106	0.01994	0.00466	0.00445	0.00128	0.03376	0.00367	0.00267	0.10100
3	0.00598	0.00475	0.00579	0.00593	0.00697	0.00444	0.02055	0.00768	0.05012	0.01237	0.08152	0.30384	0.34452	0.05947	0.04732	0.00206	0.00318	0.02557	0.00401	0.00393
4	0.00642	0.00463	0.00562	0.00567	0.00683	0.00417	0.00429	0.00793	0.01080	0.04252	0.29239	0.14874	0.31307	0.03281	0.00587	0.00165	0.00258	0.09555	0.00442	0.00405
5	0.01155	0.06751	0.24311	0.01250	0.11118	0.02141	0.06998	0.05554	0.02728	0.15441	0.03103	0.10987	0.02370	0.00598	0.00489	0.00144	0.03409	0.00509	0.00317	0.00627
6	0.01185	0.05915	0.08140	0.10298	0.14374	0.08074	0.26140	0.04729	0.05702	0.07656	0.01001	0.01241	0.00771	0.00452	0.00462	0.00141	0.00614	0.02210	0.00270	0.00624
7	0.10383	0.02608	0.01118	0.02580	0.13008	0.06390	0.00791	0.10324	0.00967	0.01418	0.00961	0.04206	0.00886	0.05522	0.21151	0.01784	0.14692	0.00434	0.00263	0.00514
8	0.87439	0.00865	0.00657	0.00588	0.00865	0.01003	0.00484	0.01315	0.00761	0.02007	0.00623	0.00727	0.00484	0.00415	0.00277	0.00138	0.00346	0.00242	0.00277	0.00484
9	0.00997	0.00527	0.00673	0.00628	0.00791	0.00467	0.00477	0.01139	0.01089	0.24924	0.15859	0.25819	0.18542	0.00988	0.00513	0.00154	0.00282	0.02732	0.02904	0.00495
10	0.01908	0.00803	0.01043	0.00804	0.01139	0.00734	0.00663	0.11635	0.01363	0.67913	0.01664	0.01475	0.01067	0.00550	0.00442	0.00136	0.00385	0.00442	0.05091	0.00743
11	0.00702	0.00473	0.00620	0.00574	0.00692	0.00434	0.00434	0.00911	0.01267	0.05818	0.77254	0.03250	0.04064	0.00896	0.00524	0.00141	0.00220	0.00791	0.00496	0.00439
12	0.00607	0.00456	0.00562	0.00536	0.00653	0.00411	0.00402	0.00794	0.01206	0.01650	0.62372	0.03579	0.23191	0.00968	0.00528	0.00143	0.00215	0.00842	0.00473	0.00411
13	0.01106	0.59710	0.26392	0.00919	0.01386	0.01549	0.01033	0.01363	0.00920	0.01162	0.00677	0.00786	0.00572	0.00395	0.00329	0.00110	0.00534	0.00267	0.00191	0.00600
14	0.00894	0.00435	0.00449	0.00437	0.00553	0.00429	0.00331	0.01101	0.00956	0.05810	0.01475	0.01660	0.01145	0.00523	0.00320	0.00106	0.00217	0.00419	0.82306	0.00435
15	0.01700	0.01253	0.01342	0.01029	0.01387	0.01387	0.00850	0.79997	0.02103	0.02819	0.01074	0.01074	0.00761	0.00537	0.00447	0.00134	0.00492	0.00403	0.00447	0.00761
16	0.00777	0.00389	0.00583	0.00583	0.00583	0.00389	0.00389	0.00583	0.00583	0.00777	0.00777	0.01360	0.00777	0.01554	0.01748	0.86985	0.00389	0.00389	0.00194	0.00194
17	0.01787	0.00954	0.01107	0.00962	0.05763	0.11476	0.00730	0.01956	0.01233	0.58312	0.05676	0.01472	0.01151	0.00563	0.00499	0.00138	0.04616	0.00441	0.00471	0.00695
18	0.00964	0.01029	0.06274	0.43690	0.21457	0.05092	0.07687	0.01246	0.00951	0.01248	0.00843	0.01227	0.00675	0.00485	0.00499	0.03218	0.00597	0.02052	0.00212	0.00554
19	0.00667	0.00494	0.00592	0.00618	0.00720	0.00476	0.00443	0.00921	0.10808	0.03699	0.14408	0.42293	0.19871	0.01149	0.00538	0.00164	0.00260	0.01014	0.00436	0.00429
20	0.03600	0.25868	0.25588	0.01191	0.08827	0.01296	0.04028	0.10981	0.04576	0.05572	0.00870	0.00975	0.00670	0.00450	0.00431	0.00129	0.03705	0.00340	0.00258	0.00646

[dist]
# distance from previous block
# <min> <max>
2	8

[block]
# block no. 2 follows, 58 sequences, length 9
# corresponding to MSA columns:
# 618-626
name=unknown_C
#
# <colnr> <probs for GDERKNQSTAVLIFYWHMCP>
#	G	D	E	R	K	N	Q	S	T	A	V	L	I	F	Y	W	H	M	C	P
0	0.03628	0.05331	0.03018	0.00759	0.01097	0.00737	0.04378	0.01125	0.00923	0.03067	0.01168	0.04252	0.07548	0.00484	0.00447	0.00098	0.06193	0.00384	0.00277	0.55088
1	0.00684	0.00480	0.00630	0.00721	0.07389	0.00478	0.00422	0.00709	0.00727	0.00974	0.01595	0.12555	0.06672	0.45347	0.07364	0.11513	0.00455	0.00679	0.00282	0.00325
2	0.08049	0.04534	0.01324	0.11032	0.14850	0.08442	0.02043	0.16911	0.06495	0.09354	0.05432	0.01229	0.00938	0.00516	0.00486	0.00137	0.05333	0.00404	0.00328	0.02162
3	0.01180	0.01043	0.01536	0.27001	0.39936	0.06744	0.01203	0.06436	0.01090	0.08209	0.00910	0.01145	0.00702	0.00440	0.00442	0.00137	0.00555	0.00395	0.00258	0.00638
4	0.00802	0.00499	0.00640	0.00651	0.00783	0.00456	0.00512	0.00954	0.01058	0.12455	0.13973	0.21111	0.21640	0.01107	0.00550	0.00169	0.00302	0.21451	0.00444	0.00443
5	0.17179	0.00876	0.01286	0.32436	0.25020	0.00955	0.01036	0.01271	0.00932	0.04417	0.02797	0.01123	0.00722	0.00433	0.00406	0.00135	0.00491	0.00370	0.00246	0.07869
6	0.37565	0.00772	0.00748	0.00636	0.00890	0.00818	0.00509	0.07379	0.04446	0.14422	0.01096	0.01216	0.00834	0.04462	0.00430	0.00142	0.00340	0.00353	0.16865	0.06079
7	0.08624	0.01030	0.01284	0.14924	0.15391	0.03047	0.00930	0.23229	0.08307	0.03555	0.00963	0.01104	0.00737	0.00483	0.00475	0.00134	0.05021	0.00379	0.00316	0.10067
8	0.05884	0.01036	0.03890	0.01044	0.01200	0.08558	0.07741	0.02919	0.00912	0.09282	0.00900	0.01134	0.00733	0.00616	0.00881	0.00158	0.38021	0.00394	0.14169	0.00528

[dist]
# distance from previous block
# <min> <max>
0	3

[block]
# block no. 3 follows, 58 sequences, length 35
# corresponding to MSA columns:
# 630-664
name=unknown_D
#
# <colnr> <probs for GDERKNQSTAVLIFYWHMCP>
#	G	D	E	R	K	N	Q	S	T	A	V	L	I	F	Y	W	H	M	C	P
0	0.05022	0.05876	0.21976	0.05811	0.01363	0.00857	0.00898	0.04135	0.00966	0.07702	0.01090	0.12161	0.00979	0.01946	0.00490	0.00132	0.04419	0.00454	0.00284	0.23439
1	0.00845	0.00795	0.01342	0.83204	0.03081	0.00994	0.01242	0.01143	0.00894	0.01143	0.00795	0.01193	0.00596	0.00447	0.00447	0.00149	0.00596	0.00398	0.00199	0.00497
2	0.00610	0.00438	0.00565	0.00646	0.00690	0.00421	0.00440	0.05098	0.00927	0.01236	0.02387	0.79312	0.02835	0.01353	0.00564	0.00179	0.00273	0.01223	0.00417	0.00386
3	0.00545	0.00389	0.00519	0.00623	0.00649	0.00363	0.00415	0.00623	0.00856	0.01142	0.02465	0.83987	0.02959	0.01401	0.00571	0.00182	0.00260	0.01272	0.00415	0.00363
4	0.00928	0.00795	0.00928	0.00663	0.01060	0.00596	0.00530	0.01126	0.00928	0.01458	0.00795	0.00928	0.00663	0.00331	0.00331	0.00066	0.00331	0.00265	0.00265	0.87014
5	0.00709	0.00509	0.00714	0.00698	0.00765	0.00579	0.00523	0.04072	0.00756	0.01065	0.01195	0.04471	0.01176	0.13885	0.53879	0.10144	0.03720	0.00512	0.00252	0.00376
6	0.00554	0.00396	0.00529	0.00633	0.00663	0.00371	0.00431	0.00638	0.00865	0.01152	0.02461	0.80029	0.02939	0.01393	0.00573	0.00183	0.00267	0.05143	0.00415	0.00366
7	0.00667	0.00514	0.00693	0.00638	0.00765	0.00486	0.03761	0.00929	0.05688	0.01692	0.61373	0.07613	0.10004	0.00925	0.00528	0.00146	0.00250	0.02422	0.00467	0.00439
8	0.02007	0.00761	0.01038	0.00796	0.01142	0.00657	0.00657	0.02180	0.01280	0.81799	0.01765	0.01523	0.01107	0.00554	0.00450	0.00138	0.00381	0.00450	0.00554	0.00761
9	0.01901	0.00811	0.01054	0.00821	0.01159	0.00746	0.00674	0.06901	0.09140	0.69165	0.01729	0.01510	0.01112	0.00558	0.00450	0.00139	0.00385	0.00452	0.00538	0.00756
10	0.01671	0.02132	0.01268	0.01152	0.01383	0.82483	0.00864	0.01786	0.01268	0.01095	0.00691	0.00807	0.00576	0.00461	0.00403	0.00115	0.00807	0.00288	0.00230	0.00519
11	0.01018	0.00885	0.01024	0.00759	0.01138	0.02659	0.03015	0.06515	0.08357	0.01577	0.00909	0.01011	0.00732	0.00375	0.00358	0.00082	0.00368	0.00305	0.00293	0.68620
12	0.00634	0.00483	0.00586	0.00555	0.00680	0.00449	0.00418	0.00879	0.05490	0.01659	0.58725	0.03480	0.22398	0.00950	0.00524	0.00144	0.00222	0.00825	0.00472	0.00427
13	0.01625	0.02044	0.01313	0.01284	0.07985	0.75773	0.00906	0.01752	0.01247	0.01125	0.00704	0.00831	0.00587	0.00456	0.00407	0.00117	0.00784	0.00297	0.00230	0.00534
14	0.00640	0.00476	0.00703	0.00703	0.00778	0.00551	0.00540	0.00789	0.00714	0.01027	0.01212	0.01836	0.01152	0.08773	0.77135	0.00700	0.01147	0.00491	0.00242	0.00391
15	0.87439	0.00865	0.00657	0.00588	0.00865	0.01003	0.00484	0.01315	0.00761	0.02007	0.00623	0.00727	0.00484	0.00415	0.00277	0.00138	0.00346	0.00242	0.00277	0.00484
16	0.01028	0.01007	0.01594	0.35624	0.45354	0.05118	0.01294	0.01299	0.00980	0.01313	0.00815	0.01127	0.00656	0.00422	0.00443	0.00139	0.00572	0.00393	0.00213	0.00612
17	0.04569	0.00811	0.00928	0.00670	0.01061	0.00636	0.00537	0.03355	0.00954	0.01519	0.00796	0.00923	0.00658	0.00341	0.00332	0.00071	0.00336	0.00268	0.00271	0.80965
18	0.00860	0.00449	0.00538	0.00521	0.00604	0.00455	0.00378	0.02737	0.00848	0.04706	0.01256	0.01652	0.01065	0.06273	0.07649	0.23377	0.00366	0.00430	0.45465	0.00369
19	0.01013	0.01097	0.07399	0.26084	0.25900	0.01081	0.17902	0.03400	0.04991	0.01395	0.00881	0.01163	0.00687	0.00443	0.00512	0.00146	0.04638	0.00426	0.00230	0.00611
20	0.00545	0.00389	0.00519	0.00623	0.00649	0.00363	0.00415	0.00623	0.00856	0.01142	0.02465	0.83987	0.02959	0.01401	0.00571	0.00182	0.00260	0.01272	0.00415	0.00363
21	0.01620	0.01459	0.01281	0.01049	0.01358	0.23692	0.00837	0.48892	0.11553	0.02227	0.01061	0.01074	0.00784	0.00525	0.00436	0.00131	0.00562	0.00384	0.00389	0.00688
22	0.00834	0.00417	0.00417	0.00417	0.00521	0.00417	0.00313	0.01042	0.00938	0.01668	0.01459	0.01668	0.01147	0.00521	0.00313	0.00104	0.00208	0.00417	0.86763	0.00417
23	0.00917	0.00520	0.00689	0.00611	0.00766	0.00471	0.00471	0.01120	0.01269	0.18297	0.64856	0.02966	0.03579	0.00840	0.00512	0.00140	0.00246	0.00735	0.00505	0.00492
24	0.00897	0.02314	0.81962	0.01275	0.01936	0.01039	0.01653	0.01417	0.00944	0.01417	0.00803	0.00944	0.00567	0.00425	0.00425	0.00142	0.00661	0.00331	0.00189	0.00661
25	0.02007	0.00761	0.01038	0.00796	0.01142	0.00657	0.00657	0.02180	0.01280	0.81799	0.01765	0.01523	0.01107	0.00554	0.00450	0.00138	0.00381	0.00450	0.00554	0.00761
26	0.00580	0.00414	0.00522	0.00583	0.00621	0.00394	0.00389	0.00656	0.00845	0.01123	0.06784	0.50216	0.08704	0.20397	0.03482	0.00252	0.00327	0.02981	0.00381	0.00349
27	0.05423	0.00807	0.01049	0.00807	0.01152	0.00734	0.00667	0.08789	0.01330	0.71840	0.01660	0.01452	0.01053	0.00547	0.00443	0.00138	0.00389	0.00437	0.00533	0.00750
28	0.06824	0.00767	0.01017	0.00784	0.01126	0.00677	0.00648	0.02131	0.01251	0.77300	0.01700	0.01478	0.01072	0.00546	0.00440	0.00138	0.00379	0.00438	0.00538	0.00746
29	0.08240	0.00799	0.00926	0.00762	0.01041	0.00807	0.00614	0.09922	0.17357	0.36583	0.03685	0.01557	0.02479	0.00566	0.00421	0.00136	0.00353	0.00453	0.12634	0.00665
30	0.00614	0.00421	0.00521	0.00577	0.00600	0.00409	0.00377	0.00672	0.00783	0.01051	0.01968	0.39227	0.02295	0.37884	0.01321	0.00293	0.00349	0.07973	0.02336	0.00328
31	0.00832	0.00518	0.00694	0.00660	0.00772	0.00549	0.00503	0.00991	0.02075	0.11101	0.04179	0.04555	0.07851	0.11081	0.40687	0.00454	0.02906	0.00559	0.08596	0.00437
32	0.00543	0.00455	0.00475	0.00486	0.00629	0.00387	0.00370	0.00662	0.01015	0.01216	0.04301	0.07147	0.72818	0.01150	0.00537	0.00156	0.00241	0.06616	0.00415	0.00380
33	0.02405	0.00527	0.00599	0.00580	0.00709	0.00532	0.00437	0.01134	0.12969	0.03271	0.26980	0.11899	0.07031	0.00806	0.00451	0.00138	0.00247	0.01963	0.26861	0.00462
34	0.87439	0.00865	0.00657	0.00588	0.00865	0.01003	0.00484	0.01315	0.00761	0.02007	0.00623	0.00727	0.00484	0.00415	0.00277	0.00138	0.00346	0.00242	0.00277	0.00484

[dist]
# distance from previous block
# <min> <max>
0	19

[block]
# block no. 4 follows, 58 sequences, length 52
# corresponding to MSA columns:
# 684-735
name=unknown_E
#
# <colnr> <probs for GDERKNQSTAVLIFYWHMCP>
#	G	D	E	R	K	N	Q	S	T	A	V	L	I	F	Y	W	H	M	C	P
0	0.00755	0.00807	0.10739	0.03582	0.03542	0.00728	0.02689	0.00894	0.00760	0.01071	0.01253	0.10654	0.01335	0.32291	0.11459	0.00337	0.14272	0.02160	0.00258	0.00413
1	0.01079	0.04910	0.15453	0.07150	0.18253	0.03006	0.04448	0.08635	0.07460	0.02916	0.01003	0.03919	0.00827	0.00485	0.00452	0.00129	0.02631	0.01765	0.00275	0.15204
2	0.04770	0.32696	0.31743	0.02279	0.02836	0.05061	0.02522	0.06695	0.03036	0.03414	0.00793	0.00897	0.00618	0.00425	0.00372	0.00123	0.00559	0.00309	0.00230	0.00622
3	0.00964	0.03633	0.10962	0.00866	0.01079	0.03936	0.06719	0.01239	0.12153	0.08076	0.03283	0.13152	0.01300	0.06035	0.04741	0.20036	0.00482	0.00560	0.00310	0.00473
4	0.12231	0.00786	0.01000	0.00777	0.01115	0.00718	0.00642	0.04070	0.01239	0.70219	0.01610	0.01416	0.01024	0.00537	0.00429	0.00138	0.00379	0.00424	0.00518	0.00728
5	0.01034	0.01509	0.30930	0.06106	0.10856	0.06231	0.06457	0.06369	0.07142	0.02744	0.05539	0.02831	0.02990	0.00542	0.00514	0.00145	0.05450	0.01723	0.00271	0.00615
6	0.03687	0.02069	0.12685	0.07312	0.01285	0.02601	0.08267	0.04164	0.05441	0.02875	0.03269	0.20170	0.08636	0.04822	0.00690	0.06502	0.02482	0.02243	0.00315	0.00482
7	0.00573	0.00420	0.00544	0.00596	0.00654	0.00400	0.00415	0.00681	0.00913	0.01223	0.14606	0.47983	0.12575	0.06078	0.09921	0.00246	0.00364	0.01036	0.00399	0.00373
8	0.00559	0.00399	0.00535	0.00639	0.00671	0.00375	0.00439	0.00647	0.00870	0.01157	0.02458	0.77809	0.02929	0.01388	0.00575	0.00184	0.00271	0.07314	0.00415	0.00367
9	0.15939	0.04029	0.08355	0.08590	0.10057	0.04665	0.05437	0.25339	0.01321	0.09231	0.00968	0.01112	0.00721	0.00480	0.00417	0.00137	0.00512	0.01718	0.00328	0.00644
10	0.03718	0.01036	0.01482	0.09401	0.41825	0.06138	0.02597	0.01349	0.04510	0.01415	0.00871	0.02520	0.00736	0.00444	0.00480	0.00128	0.05279	0.00386	0.00241	0.15444
11	0.00651	0.00434	0.00488	0.00488	0.00488	0.00434	0.00271	0.00651	0.00651	0.00867	0.01409	0.02927	0.01626	0.84279	0.02277	0.00434	0.00434	0.00651	0.00271	0.00271
12	0.08207	0.01089	0.01478	0.06825	0.38591	0.02243	0.01069	0.25559	0.03514	0.01909	0.00915	0.01075	0.00714	0.00449	0.00426	0.00132	0.00498	0.00383	0.00303	0.04622
13	0.00751	0.00406	0.00609	0.00609	0.00624	0.00421	0.00421	0.00624	0.00609	0.00827	0.00858	0.01436	0.00842	0.01899	0.17228	0.70449	0.00544	0.00406	0.00203	0.00234
14	0.87439	0.00865	0.00657	0.00588	0.00865	0.01003	0.00484	0.01315	0.00761	0.02007	0.00623	0.00727	0.00484	0.00415	0.00277	0.00138	0.00346	0.00242	0.00277	0.00484
15	0.08900	0.04583	0.04326	0.04846	0.12443	0.01116	0.00926	0.02341	0.00851	0.04031	0.00788	0.02659	0.00705	0.00596	0.00842	0.00152	0.35320	0.01738	0.00240	0.12598
16	0.13794	0.01015	0.01094	0.00878	0.01181	0.07410	0.02718	0.22743	0.04648	0.29713	0.07717	0.01368	0.01126	0.00553	0.00448	0.00138	0.01928	0.00427	0.00437	0.00664
17	0.00651	0.00434	0.00488	0.00488	0.00488	0.00434	0.00271	0.00651	0.00651	0.00867	0.01409	0.02927	0.01626	0.84279	0.02277	0.00434	0.00434	0.00651	0.00271	0.00271
18	0.00594	0.00424	0.00550	0.00610	0.00651	0.00415	0.00420	0.00669	0.00837	0.01125	0.03715	0.52668	0.09500	0.09106	0.06312	0.04606	0.02382	0.02311	0.02750	0.00356
19	0.01223	0.18245	0.22712	0.04240	0.09365	0.03355	0.03460	0.20587	0.04889	0.03096	0.02285	0.01045	0.00744	0.00469	0.00435	0.00131	0.02418	0.00363	0.00282	0.00657
20	0.00557	0.00419	0.00517	0.00577	0.00649	0.00380	0.00407	0.00664	0.00953	0.01239	0.11556	0.49838	0.25039	0.01267	0.00556	0.00170	0.00251	0.04161	0.00423	0.00376
21	0.01671	0.02132	0.01268	0.01152	0.01383	0.82483	0.00864	0.01786	0.01268	0.01095	0.00691	0.00807	0.00576	0.00461	0.00403	0.00115	0.00807	0.00288	0.00230	0.00519
22	0.09251	0.04697	0.09789	0.19006	0.17906	0.02189	0.08626	0.13889	0.01150	0.06218	0.00966	0.01145	0.02302	0.00457	0.00430	0.00139	0.00543	0.00395	0.00277	0.00624
23	0.01101	0.21924	0.31124	0.01165	0.05188	0.02952	0.08135	0.07794	0.05236	0.03903	0.06574	0.01152	0.00918	0.00467	0.00412	0.00130	0.00552	0.00380	0.00262	0.00630
24	0.00628	0.00436	0.00577	0.02733	0.00744	0.00407	0.00448	0.00731	0.00907	0.04434	0.06991	0.63724	0.08318	0.01330	0.03065	0.00188	0.00298	0.01117	0.00411	0.02513
25	0.00550	0.00395	0.00514	0.00607	0.00637	0.00368	0.00403	0.00625	0.00852	0.01129	0.02495	0.75687	0.06365	0.06253	0.00669	0.00195	0.00268	0.01221	0.00407	0.00359
26	0.03186	0.22363	0.27275	0.02920	0.23274	0.03480	0.07166	0.01408	0.02501	0.01349	0.00788	0.00960	0.00629	0.00408	0.00400	0.00128	0.00577	0.00342	0.00210	0.00638
27	0.01081	0.02068	0.02139	0.25923	0.15342	0.00857	0.02302	0.06128	0.03662	0.14037	0.02543	0.09497	0.07504	0.00652	0.00473	0.00149	0.00464	0.04271	0.00334	0.00575
28	0.00639	0.00479	0.00719	0.00719	0.00799	0.00559	0.00559	0.00799	0.00719	0.01038	0.01198	0.01757	0.01118	0.03355	0.82507	0.00719	0.01198	0.00479	0.00240	0.00399
29	0.01788	0.00950	0.03843	0.03038	0.03780	0.00877	0.03690	0.20290	0.01432	0.52042	0.01496	0.01417	0.00989	0.00542	0.00454	0.00139	0.00440	0.01571	0.00484	0.00739
30	0.05919	0.00941	0.02355	0.01221	0.11977	0.03326	0.11846	0.06485	0.02605	0.40277	0.03674	0.02726	0.01085	0.00541	0.00458	0.00142	0.00468	0.02851	0.00419	0.00682
31	0.00872	0.00428	0.00437	0.00429	0.00541	0.00425	0.00324	0.01080	0.00949	0.04290	0.01469	0.01663	0.01145	0.00522	0.00317	0.00105	0.00214	0.00418	0.83941	0.00428
32	0.06599	0.02756	0.17056	0.04876	0.18773	0.02458	0.06894	0.05193	0.16906	0.11018	0.01139	0.01218	0.00842	0.00474	0.00433	0.00140	0.00508	0.00408	0.01642	0.00667
33	0.06790	0.25158	0.01459	0.00908	0.01205	0.19394	0.00755	0.12177	0.22998	0.01595	0.01044	0.01066	0.00823	0.00487	0.00380	0.00123	0.00505	0.00349	0.02170	0.00614
34	0.12460	0.03154	0.18984	0.03201	0.01382	0.01048	0.00922	0.25972	0.01333	0.13835	0.03091	0.01171	0.00834	0.00504	0.00434	0.00134	0.02254	0.01383	0.01865	0.06042
35	0.01381	0.10920	0.27087	0.02651	0.07582	0.02297	0.04437	0.06666	0.01142	0.28311	0.01190	0.01203	0.02162	0.00479	0.00427	0.00134	0.00524	0.00389	0.00336	0.00682
36	0.03825	0.19206	0.49492	0.01120	0.01663	0.01209	0.03463	0.08859	0.01058	0.04974	0.00829	0.00935	0.00610	0.00431	0.00398	0.00131	0.00588	0.00326	0.00233	0.00650
37	0.00603	0.00470	0.00550	0.00535	0.00661	0.00425	0.00401	0.00802	0.03741	0.01518	0.42115	0.07014	0.36300	0.01021	0.00529	0.00148	0.00227	0.02075	0.00455	0.00410
38	0.00746	0.00639	0.00932	0.02954	0.17713	0.00616	0.04179	0.03332	0.02581	0.01394	0.13361	0.25078	0.22820	0.00945	0.00516	0.00154	0.00340	0.00846	0.00374	0.00480
39	0.03150	0.01227	0.11178	0.08303	0.22302	0.06290	0.05992	0.15567	0.03682	0.12196	0.01114	0.01225	0.02580	0.00480	0.00441	0.00137	0.00533	0.00411	0.02529	0.00663
40	0.01247	0.00636	0.00839	0.02303	0.02514	0.00597	0.00571	0.01527	0.07427	0.33994	0.34460	0.02281	0.02395	0.00757	0.02137	0.00151	0.00324	0.00599	0.04655	0.00587
41	0.00996	0.01622	0.32411	0.01656	0.02187	0.01097	0.50509	0.01427	0.01014	0.01427	0.00867	0.01108	0.00637	0.00395	0.00489	0.00147	0.00719	0.00454	0.00212	0.00625
42	0.01220	0.03269	0.31271	0.02803	0.12806	0.18889	0.10544	0.03547	0.01084	0.07082	0.00862	0.01013	0.00646	0.00444	0.00461	0.00136	0.02686	0.00365	0.00240	0.00631
43	0.02685	0.08122	0.25423	0.03356	0.08756	0.07299	0.07501	0.08336	0.04782	0.14466	0.03278	0.01160	0.00833	0.00475	0.00444	0.00136	0.01603	0.00390	0.00302	0.00654
44	0.00719	0.00457	0.00638	0.00627	0.00655	0.00495	0.00441	0.00680	0.00658	0.00898	0.01191	0.01877	0.05495	0.16615	0.21470	0.40627	0.05453	0.00488	0.00231	0.00285
45	0.00564	0.00418	0.00542	0.02096	0.00711	0.00391	0.00447	0.00664	0.00899	0.01171	0.02755	0.62429	0.15345	0.01326	0.00566	0.00178	0.00275	0.08437	0.00411	0.00373
46	0.01194	0.02876	0.37770	0.02769	0.05854	0.01001	0.04986	0.09617	0.08442	0.15217	0.02353	0.03965	0.00900	0.00511	0.00445	0.00142	0.00541	0.00426	0.00317	0.00674
47	0.02945	0.06107	0.11785	0.11958	0.22136	0.02112	0.13613	0.05658	0.09163	0.04070	0.04124	0.01233	0.00876	0.00465	0.00462	0.00140	0.01823	0.00425	0.00271	0.00634
48	0.03249	0.00791	0.08461	0.02479	0.02303	0.03277	0.06386	0.01083	0.02303	0.09652	0.05045	0.27539	0.13888	0.00907	0.00496	0.00155	0.00376	0.04202	0.05938	0.01472
49	0.01070	0.06076	0.37274	0.06138	0.11178	0.01061	0.09022	0.06348	0.04918	0.06367	0.00942	0.01098	0.00700	0.00534	0.02709	0.01325	0.00605	0.00381	0.00251	0.02003
50	0.03272	0.04065	0.11323	0.12490	0.15797	0.07425	0.13513	0.04068	0.03018	0.09851	0.02707	0.02239	0.03449	0.00494	0.00475	0.00140	0.02840	0.00437	0.01789	0.00608
51	0.01023	0.04380	0.43841	0.02437	0.06533	0.00997	0.02141	0.11155	0.02430	0.03804	0.04899	0.02183	0.04830	0.00504	0.00432	0.00134	0.00542	0.00409	0.00272	0.07055

[dist]
# distance from previous block
# <min> <max>
12	439

# created by:
# /st0/software/busco_prod/Augustus/scripts/msa2prfl.pl ./align_prep/1222562.fa
