[name]
unknown

[dist]
# distance from previous block
# <min> <max>
0	60

[block]
# block no. 0 follows, 61 sequences, length 13
# corresponding to MSA columns:
# 60-72
name=unknown_A
#
# <colnr> <probs for GDERKNQSTAVLIFYWHMCP>
#	G	D	E	R	K	N	Q	S	T	A	V	L	I	F	Y	W	H	M	C	P
0	0.05932	0.00609	0.00896	0.00974	0.09077	0.00594	0.06419	0.00967	0.00972	0.03014	0.06739	0.13268	0.06899	0.00957	0.00524	0.00168	0.00385	0.38057	0.00361	0.03189
1	0.00681	0.00598	0.06440	0.00569	0.00644	0.00521	0.00406	0.00845	0.08761	0.00990	0.01486	0.05501	0.04049	0.64726	0.01777	0.00353	0.00413	0.00620	0.00282	0.00337
2	0.58653	0.00776	0.00683	0.00602	0.00847	0.00863	0.00487	0.07281	0.00899	0.09109	0.00940	0.06928	0.00776	0.00499	0.00318	0.00133	0.00328	0.00351	0.09032	0.00496
3	0.00762	0.00490	0.00596	0.00581	0.00699	0.00474	0.00430	0.01026	0.09098	0.07998	0.30931	0.23056	0.07844	0.00899	0.00476	0.00142	0.00242	0.00787	0.13027	0.00443
4	0.00572	0.00552	0.06402	0.00552	0.00688	0.00420	0.00446	0.00717	0.00971	0.01273	0.19943	0.20553	0.36559	0.06018	0.00606	0.00164	0.00263	0.00879	0.02036	0.00384
5	0.00728	0.00514	0.00608	0.00537	0.00699	0.00444	0.00397	0.00873	0.00982	0.05487	0.26076	0.06382	0.16936	0.13448	0.00709	0.00165	0.00273	0.00651	0.05505	0.18587
6	0.01324	0.00901	0.01126	0.00872	0.01197	0.00885	0.06406	0.20490	0.15746	0.19692	0.06045	0.01339	0.01082	0.00498	0.00417	0.00120	0.00393	0.00417	0.00402	0.20648
7	0.64862	0.00990	0.00800	0.08997	0.01130	0.10838	0.00600	0.04953	0.00864	0.01780	0.00644	0.00769	0.00500	0.00414	0.00305	0.00131	0.00417	0.00261	0.00261	0.00484
8	0.00817	0.00782	0.01233	0.58030	0.02382	0.03222	0.06022	0.01066	0.00882	0.01135	0.01184	0.03826	0.08822	0.00541	0.00500	0.00145	0.05494	0.00465	0.02984	0.00467
9	0.00864	0.00683	0.00841	0.09024	0.01115	0.00656	0.00589	0.09665	0.07873	0.02869	0.01486	0.31699	0.01518	0.00756	0.00439	0.00128	0.00339	0.00661	0.00341	0.28454
10	0.00637	0.00460	0.00573	0.00545	0.00657	0.00417	0.00401	0.00801	0.01054	0.01497	0.47036	0.11679	0.07367	0.08553	0.00640	0.00160	0.00246	0.03444	0.05474	0.08358
11	0.00861	0.03339	0.01666	0.01217	0.01535	0.00824	0.41427	0.01115	0.00975	0.01332	0.06523	0.10536	0.10897	0.00590	0.00494	0.00135	0.02028	0.00602	0.00280	0.13623
12	0.02359	0.00819	0.02987	0.00794	0.01020	0.00858	0.00636	0.03791	0.47673	0.09277	0.02040	0.08542	0.10016	0.01848	0.00483	0.00153	0.00338	0.05338	0.00426	0.00601

[dist]
# distance from previous block
# <min> <max>
5	12

[block]
# block no. 1 follows, 61 sequences, length 8
# corresponding to MSA columns:
# 88-95
name=unknown_B
#
# <colnr> <probs for GDERKNQSTAVLIFYWHMCP>
#	G	D	E	R	K	N	Q	S	T	A	V	L	I	F	Y	W	H	M	C	P
0	0.06284	0.11139	0.22115	0.03133	0.01403	0.00958	0.07635	0.03540	0.08082	0.08504	0.03431	0.01080	0.00799	0.00424	0.00382	0.00116	0.00466	0.00348	0.00276	0.19884
1	0.04646	0.05873	0.01047	0.00859	0.01082	0.12329	0.00677	0.04712	0.40565	0.06796	0.01454	0.01563	0.03296	0.05972	0.00587	0.00157	0.05066	0.02362	0.00366	0.00592
2	0.01062	0.01180	0.09161	0.04826	0.17316	0.03724	0.21004	0.07878	0.07651	0.01429	0.00857	0.01084	0.00684	0.00496	0.00670	0.00149	0.19580	0.00413	0.00242	0.00595
3	0.00662	0.00420	0.00505	0.00506	0.00541	0.00414	0.00322	0.00683	0.00709	0.02791	0.03259	0.08486	0.08560	0.47618	0.06873	0.11215	0.00412	0.00639	0.05088	0.00296
4	0.00745	0.00482	0.00620	0.00596	0.00715	0.00453	0.00448	0.00956	0.04744	0.09812	0.43212	0.18895	0.09217	0.01042	0.03819	0.00168	0.00280	0.02914	0.00447	0.00437
5	0.00638	0.00465	0.00573	0.00565	0.00626	0.00463	0.02530	0.00773	0.05621	0.01069	0.04248	0.18356	0.11167	0.40250	0.06590	0.00311	0.00397	0.00746	0.04273	0.00343
6	0.01210	0.15816	0.13220	0.03730	0.01374	0.15911	0.04275	0.08647	0.20719	0.05163	0.01083	0.03731	0.00857	0.00494	0.00401	0.00126	0.00517	0.00386	0.00300	0.02040
7	0.00606	0.00445	0.00564	0.05183	0.00773	0.00420	0.00450	0.00726	0.00928	0.03268	0.11596	0.32609	0.24961	0.06891	0.00642	0.00178	0.00283	0.08712	0.00390	0.00375

[dist]
# distance from previous block
# <min> <max>
1	14

[block]
# block no. 2 follows, 61 sequences, length 18
# corresponding to MSA columns:
# 115-127,130-134
name=unknown_C
#
# <colnr> <probs for GDERKNQSTAVLIFYWHMCP>
#	G	D	E	R	K	N	Q	S	T	A	V	L	I	F	Y	W	H	M	C	P
0	0.04339	0.22758	0.18324	0.08405	0.06856	0.02630	0.02519	0.06043	0.00988	0.08397	0.00894	0.04458	0.00731	0.00501	0.01991	0.00130	0.00501	0.00355	0.00253	0.08928
1	0.03414	0.06599	0.02963	0.01041	0.02645	0.11999	0.10005	0.26611	0.05920	0.07511	0.01008	0.04028	0.00793	0.00498	0.00456	0.00125	0.04159	0.00397	0.00328	0.09499
2	0.00574	0.00434	0.00514	0.00515	0.00609	0.00400	0.00374	0.00697	0.00966	0.01268	0.26380	0.09020	0.31785	0.15241	0.05424	0.00223	0.00310	0.04514	0.00389	0.00361
3	0.03114	0.01568	0.01247	0.11910	0.03787	0.44101	0.00880	0.21870	0.03603	0.01533	0.00805	0.00924	0.00626	0.00467	0.00420	0.00123	0.01850	0.00329	0.00278	0.00566
4	0.00909	0.03562	0.18480	0.01109	0.01260	0.01208	0.01045	0.01094	0.00721	0.01103	0.00652	0.00981	0.00597	0.00845	0.06930	0.00210	0.58236	0.00366	0.00190	0.00502
5	0.00556	0.00432	0.00508	0.00522	0.00631	0.00384	0.00391	0.00694	0.01027	0.01330	0.26850	0.17214	0.39808	0.01079	0.00522	0.00151	0.00233	0.06872	0.00422	0.00377
6	0.00758	0.00494	0.00599	0.00555	0.00686	0.00476	0.00422	0.01043	0.08238	0.06547	0.52184	0.02743	0.07226	0.00780	0.00462	0.00131	0.00226	0.00675	0.15309	0.00447
7	0.00579	0.00434	0.00537	0.00522	0.00627	0.00392	0.00387	0.00749	0.01131	0.01543	0.57124	0.10193	0.22260	0.00969	0.00512	0.00141	0.00211	0.00847	0.00451	0.00392
8	0.00622	0.00417	0.00474	0.00476	0.00480	0.00415	0.00270	0.00631	0.00651	0.00870	0.03741	0.05694	0.01684	0.79489	0.02086	0.00401	0.00405	0.00652	0.00272	0.00268
9	0.00546	0.00397	0.00516	0.00604	0.00649	0.00371	0.00424	0.00638	0.00855	0.01121	0.02528	0.64970	0.10435	0.03575	0.00596	0.00181	0.00269	0.10575	0.00396	0.00354
10	0.00712	0.00563	0.00662	0.00694	0.00794	0.00597	0.00496	0.01177	0.28379	0.01340	0.02162	0.56204	0.02324	0.01088	0.00512	0.00165	0.00281	0.00972	0.00413	0.00463
11	0.42149	0.00974	0.00815	0.00669	0.00975	0.12065	0.00534	0.01258	0.00862	0.01606	0.00674	0.00786	0.00546	0.00374	0.00304	0.00103	0.00388	0.00248	0.00256	0.34416
12	0.25612	0.04634	0.02614	0.00878	0.01150	0.15415	0.06993	0.05497	0.18340	0.06263	0.06591	0.02259	0.01010	0.00502	0.00385	0.00132	0.00454	0.00388	0.00326	0.00557
13	0.00880	0.00675	0.00846	0.00732	0.00915	0.00686	0.05909	0.09900	0.16383	0.05103	0.21119	0.04357	0.16675	0.10514	0.00682	0.00175	0.00336	0.03214	0.00406	0.00494
14	0.01039	0.00801	0.00949	0.00760	0.01039	0.02827	0.03019	0.04280	0.16827	0.10499	0.13884	0.01564	0.03634	0.00534	0.00447	0.00112	0.03849	0.00439	0.00362	0.33133
15	0.00574	0.00398	0.00482	0.00529	0.00547	0.00384	0.00329	0.00614	0.00734	0.00973	0.01960	0.41220	0.05541	0.42182	0.01351	0.00292	0.00331	0.00919	0.00332	0.00307
16	0.00947	0.04770	0.02574	0.00664	0.01039	0.00651	0.00550	0.03031	0.00941	0.04016	0.03466	0.00982	0.00761	0.00353	0.00331	0.00073	0.00333	0.00281	0.00271	0.73966
17	0.01040	0.14525	0.15440	0.00937	0.01344	0.00920	0.11687	0.01311	0.02267	0.09299	0.02560	0.01073	0.02146	0.00407	0.00396	0.00106	0.02133	0.00342	0.00262	0.31804

[dist]
# distance from previous block
# <min> <max>
5	21

[block]
# block no. 3 follows, 61 sequences, length 6
# corresponding to MSA columns:
# 157-162
name=unknown_D
#
# <colnr> <probs for GDERKNQSTAVLIFYWHMCP>
#	G	D	E	R	K	N	Q	S	T	A	V	L	I	F	Y	W	H	M	C	P
0	0.00583	0.00435	0.00543	0.00536	0.00640	0.00395	0.00402	0.00752	0.01117	0.01519	0.53102	0.11696	0.21095	0.00989	0.00517	0.00145	0.00220	0.04478	0.00447	0.00391
1	0.00656	0.00521	0.00745	0.00720	0.00783	0.00625	0.00558	0.00786	0.00695	0.00998	0.01239	0.01804	0.04731	0.10134	0.61089	0.00575	0.12237	0.00485	0.00235	0.00384
2	0.00633	0.00427	0.00523	0.00536	0.00588	0.00409	0.00359	0.00705	0.00827	0.03401	0.14272	0.19469	0.10622	0.35400	0.04486	0.02451	0.00356	0.03855	0.00346	0.00334
3	0.10957	0.00882	0.01220	0.11858	0.04096	0.04086	0.15237	0.14022	0.01127	0.09070	0.04027	0.04133	0.00961	0.02461	0.00452	0.00138	0.00459	0.00442	0.13826	0.00543
4	0.00889	0.00551	0.00737	0.00674	0.00790	0.00561	0.02705	0.05318	0.08599	0.09347	0.04889	0.08493	0.07668	0.05784	0.11204	0.30079	0.00455	0.00548	0.00316	0.00395
5	0.09788	0.00826	0.00987	0.00725	0.01093	0.00704	0.04488	0.07611	0.00995	0.06397	0.00832	0.00933	0.00655	0.00358	0.00339	0.00084	0.00356	0.00287	0.00285	0.62258

[dist]
# distance from previous block
# <min> <max>
2	25

[block]
# block no. 4 follows, 61 sequences, length 23
# corresponding to MSA columns:
# 188-210
name=unknown_E
#
# <colnr> <probs for GDERKNQSTAVLIFYWHMCP>
#	G	D	E	R	K	N	Q	S	T	A	V	L	I	F	Y	W	H	M	C	P
0	0.09574	0.04883	0.19799	0.00904	0.01268	0.12329	0.03128	0.05267	0.05333	0.10297	0.09440	0.01212	0.01033	0.00474	0.00392	0.00120	0.00476	0.00370	0.00302	0.13397
1	0.00715	0.00423	0.00554	0.00544	0.00561	0.00430	0.00352	0.02992	0.00656	0.00883	0.03345	0.01977	0.01186	0.34762	0.06055	0.43161	0.00430	0.00491	0.00234	0.00249
2	0.00942	0.00874	0.01570	0.11829	0.17598	0.00900	0.24906	0.01195	0.01807	0.05529	0.07726	0.07800	0.04473	0.02574	0.00604	0.00153	0.08162	0.00547	0.00273	0.00539
3	0.00616	0.00460	0.00548	0.00577	0.00620	0.02430	0.00385	0.00682	0.00748	0.00997	0.01770	0.33196	0.04159	0.33077	0.13705	0.00340	0.00467	0.02015	0.00313	0.02895
4	0.00578	0.00405	0.00522	0.04887	0.00722	0.00391	0.00418	0.00682	0.00844	0.01165	0.02298	0.60155	0.09039	0.03572	0.00554	0.00168	0.00262	0.01028	0.11946	0.00362
5	0.87904	0.00833	0.00633	0.00566	0.00833	0.00966	0.00467	0.01266	0.00733	0.01933	0.00600	0.00700	0.00467	0.00400	0.00267	0.00133	0.00333	0.00233	0.00267	0.00467
6	0.16799	0.00670	0.00783	0.00689	0.00860	0.02266	0.00543	0.01275	0.00897	0.24216	0.04820	0.01719	0.01170	0.13005	0.12966	0.00262	0.08007	0.03692	0.04869	0.00492
7	0.00540	0.00422	0.00490	0.00505	0.00609	0.00372	0.00366	0.00666	0.01008	0.01301	0.24880	0.23503	0.41607	0.01097	0.00519	0.00150	0.00222	0.00951	0.00420	0.00372
8	0.13705	0.00985	0.01033	0.02289	0.01157	0.03823	0.00698	0.23691	0.26564	0.12784	0.01257	0.01246	0.00922	0.01627	0.00481	0.00142	0.04755	0.00402	0.01798	0.00641
9	0.03510	0.01543	0.01061	0.00938	0.01172	0.52612	0.00710	0.03762	0.01157	0.03482	0.06706	0.06085	0.00978	0.00515	0.00396	0.00111	0.00601	0.00374	0.00272	0.14014
10	0.13957	0.07494	0.26934	0.00958	0.01359	0.06155	0.04106	0.05163	0.09854	0.15455	0.01922	0.02193	0.01670	0.00475	0.00393	0.00132	0.00491	0.00369	0.00307	0.00611
11	0.01030	0.00996	0.01729	0.13407	0.67472	0.01018	0.05431	0.01296	0.00967	0.01365	0.00807	0.01082	0.00666	0.00389	0.00431	0.00131	0.00531	0.00390	0.00211	0.00650
12	0.00915	0.00959	0.11752	0.00720	0.01135	0.00632	0.00657	0.01147	0.00904	0.03428	0.00790	0.00910	0.00636	0.00336	0.00334	0.00075	0.00362	0.00268	0.00252	0.73787
13	0.01637	0.01207	0.01293	0.00991	0.01336	0.01336	0.00819	0.80738	0.02025	0.02715	0.01034	0.01034	0.00733	0.00517	0.00431	0.00129	0.00474	0.00388	0.00431	0.00733
14	0.01864	0.00764	0.01010	0.00779	0.01106	0.00686	0.00642	0.07766	0.02655	0.73357	0.03607	0.01480	0.01119	0.00541	0.00435	0.00133	0.00370	0.00439	0.00523	0.00724
15	0.00543	0.00439	0.00484	0.00477	0.00608	0.00380	0.00360	0.00682	0.01051	0.01330	0.26679	0.03898	0.57301	0.01033	0.00511	0.00144	0.00219	0.03063	0.00421	0.00377
16	0.00600	0.00412	0.00491	0.00513	0.00529	0.00410	0.00313	0.00631	0.00685	0.00915	0.01658	0.20361	0.04406	0.58253	0.07679	0.00377	0.00429	0.00752	0.00293	0.00292
17	0.01084	0.01003	0.01510	0.17223	0.47706	0.03454	0.01147	0.09913	0.03053	0.01491	0.00842	0.01068	0.00676	0.00408	0.00418	0.00126	0.00507	0.00373	0.00242	0.07756
18	0.00565	0.00432	0.00521	0.00539	0.00633	0.00395	0.00389	0.00728	0.03413	0.01353	0.29934	0.30358	0.26985	0.01090	0.00520	0.00152	0.00227	0.00957	0.00426	0.00383
19	0.03952	0.03384	0.01329	0.04938	0.08930	0.07644	0.08805	0.24715	0.05983	0.14213	0.01184	0.03202	0.03141	0.00502	0.00424	0.00128	0.00480	0.00421	0.00353	0.06273
20	0.26966	0.03299	0.01029	0.02377	0.09198	0.07917	0.05815	0.05503	0.00904	0.05133	0.00880	0.01089	0.02982	0.01754	0.00628	0.16299	0.00436	0.00343	0.00260	0.07188
21	0.04618	0.02076	0.00860	0.00798	0.05471	0.02528	0.00569	0.06019	0.07411	0.03663	0.03565	0.27108	0.02736	0.02495	0.00494	0.00133	0.02800	0.00629	0.00336	0.25690
22	0.04884	0.01022	0.10140	0.01428	0.25452	0.00885	0.02612	0.04727	0.06177	0.11823	0.03929	0.10728	0.02343	0.02028	0.00533	0.00155	0.03545	0.02476	0.00338	0.04773

[dist]
# distance from previous block
# <min> <max>
0	38

[block]
# block no. 5 follows, 61 sequences, length 23
# corresponding to MSA columns:
# 258-280
name=unknown_F
#
# <colnr> <probs for GDERKNQSTAVLIFYWHMCP>
#	G	D	E	R	K	N	Q	S	T	A	V	L	I	F	Y	W	H	M	C	P
0	0.11385	0.04646	0.02513	0.00767	0.01034	0.08098	0.03825	0.10053	0.07961	0.07386	0.06342	0.04367	0.12564	0.00607	0.00409	0.00125	0.00389	0.02519	0.01958	0.13052
1	0.09988	0.04393	0.05716	0.03220	0.03638	0.10788	0.03347	0.19536	0.01209	0.06428	0.04607	0.01204	0.03856	0.01694	0.00448	0.00124	0.03217	0.00374	0.01587	0.14626
2	0.12738	0.00879	0.02205	0.02894	0.02350	0.02936	0.02571	0.10056	0.13472	0.10820	0.07024	0.07506	0.02264	0.00639	0.00590	0.00145	0.14521	0.01711	0.00350	0.04329
3	0.01064	0.03862	0.07425	0.00854	0.01112	0.09257	0.00732	0.15762	0.18747	0.01675	0.11314	0.02786	0.06973	0.00658	0.00474	0.00136	0.02900	0.07621	0.00364	0.06283
4	0.01476	0.00640	0.00849	0.00699	0.00952	0.00564	0.00562	0.03047	0.01180	0.54235	0.12117	0.09715	0.08587	0.00717	0.00464	0.00140	0.00325	0.02620	0.00497	0.00616
5	0.00959	0.00962	0.01703	0.01408	0.08578	0.03360	0.39059	0.01362	0.11590	0.03067	0.11239	0.03436	0.07323	0.00559	0.00503	0.00144	0.01800	0.02088	0.00305	0.00556
6	0.00528	0.00419	0.00475	0.00500	0.00603	0.00366	0.00360	0.00640	0.00968	0.01224	0.14635	0.27914	0.47571	0.01138	0.00521	0.00153	0.00226	0.00985	0.00410	0.00366
7	0.87904	0.00833	0.00633	0.00566	0.00833	0.00966	0.00467	0.01266	0.00733	0.01933	0.00600	0.00700	0.00467	0.00400	0.00267	0.00133	0.00333	0.00233	0.00267	0.00467
8	0.00539	0.00435	0.00480	0.00474	0.00602	0.00375	0.00354	0.00674	0.01044	0.01325	0.26862	0.07514	0.55729	0.01041	0.00511	0.00144	0.00215	0.00886	0.00422	0.00375
9	0.01568	0.01186	0.03628	0.00964	0.01295	0.04184	0.00805	0.63992	0.03764	0.08394	0.01144	0.05076	0.00861	0.00554	0.00435	0.00132	0.00468	0.00428	0.00422	0.00702
10	0.00607	0.00443	0.00525	0.00511	0.00632	0.00391	0.00381	0.00757	0.01083	0.04356	0.38831	0.11159	0.36753	0.01001	0.00510	0.00143	0.00220	0.00863	0.00438	0.00395
11	0.00935	0.03972	0.74179	0.01205	0.01813	0.00997	0.03461	0.01405	0.00930	0.06007	0.00825	0.00943	0.00578	0.00414	0.00410	0.00135	0.00619	0.00328	0.00203	0.00639
12	0.02555	0.11006	0.03689	0.02736	0.01107	0.00804	0.00616	0.09374	0.01012	0.04286	0.00925	0.07254	0.00813	0.00438	0.00352	0.00090	0.00365	0.00350	0.00282	0.51946
13	0.00860	0.02194	0.07069	0.03150	0.00920	0.00559	0.00582	0.02989	0.05674	0.14324	0.06289	0.44127	0.07549	0.00993	0.00497	0.00156	0.00318	0.00876	0.00401	0.00474
14	0.04054	0.08366	0.16557	0.00997	0.01371	0.03216	0.09813	0.08659	0.11515	0.21619	0.01248	0.02913	0.02649	0.00502	0.00436	0.00132	0.01964	0.00415	0.00344	0.03229
15	0.01202	0.06237	0.08491	0.01136	0.01458	0.12014	0.20626	0.16545	0.04439	0.07041	0.06831	0.08084	0.01116	0.00554	0.00469	0.00136	0.02230	0.00491	0.00317	0.00583
16	0.03185	0.00441	0.00538	0.00553	0.00649	0.00407	0.00404	0.00754	0.01004	0.03780	0.29644	0.28702	0.20445	0.03469	0.00564	0.00161	0.00244	0.04250	0.00421	0.00386
17	0.02948	0.02529	0.09764	0.02151	0.02533	0.02817	0.09962	0.07548	0.06705	0.28445	0.04664	0.03126	0.03431	0.00557	0.00440	0.00134	0.00444	0.04702	0.00381	0.06718
18	0.04369	0.01075	0.07227	0.01226	0.01592	0.02450	0.32520	0.13451	0.01166	0.15417	0.01154	0.03379	0.02406	0.00518	0.00498	0.02926	0.00544	0.02787	0.00318	0.04976
19	0.00903	0.00951	0.05121	0.11937	0.11609	0.00887	0.35546	0.01210	0.03269	0.02940	0.03042	0.14723	0.03529	0.00589	0.00489	0.00148	0.00551	0.01748	0.00268	0.00539
20	0.00901	0.08025	0.02860	0.00749	0.00966	0.00782	0.03476	0.02827	0.24739	0.05799	0.06187	0.14832	0.13347	0.00775	0.00456	0.00141	0.00335	0.05068	0.02797	0.04939
21	0.06354	0.00914	0.08195	0.00831	0.01182	0.00728	0.07863	0.07209	0.01085	0.20095	0.07015	0.01371	0.03013	0.00476	0.00397	0.00112	0.00394	0.01482	0.02584	0.28699
22	0.06343	0.03040	0.12219	0.00915	0.01256	0.00844	0.08986	0.08482	0.09418	0.27443	0.10974	0.01568	0.04154	0.00549	0.00434	0.00135	0.00422	0.00466	0.00394	0.01958

[dist]
# distance from previous block
# <min> <max>
0	39

[block]
# block no. 6 follows, 61 sequences, length 25
# corresponding to MSA columns:
# 326-350
name=unknown_G
#
# <colnr> <probs for GDERKNQSTAVLIFYWHMCP>
#	G	D	E	R	K	N	Q	S	T	A	V	L	I	F	Y	W	H	M	C	P
0	0.04351	0.01033	0.03797	0.02075	0.08378	0.09819	0.06557	0.14870	0.11786	0.13134	0.01334	0.09059	0.02889	0.00656	0.02957	0.00151	0.00478	0.00485	0.03048	0.03143
1	0.07675	0.02733	0.08481	0.03798	0.02244	0.03054	0.10077	0.07691	0.11956	0.05099	0.14159	0.10692	0.02310	0.00644	0.00447	0.00139	0.00416	0.02960	0.00347	0.05078
2	0.04382	0.13775	0.03843	0.04851	0.06351	0.10552	0.04419	0.14745	0.05867	0.05335	0.09105	0.01278	0.02869	0.00500	0.00419	0.00121	0.02215	0.00395	0.00309	0.08671
3	0.01305	0.07683	0.02777	0.05652	0.06962	0.09261	0.02365	0.29394	0.16956	0.04828	0.01167	0.06256	0.00938	0.00541	0.00422	0.00131	0.00473	0.00435	0.00354	0.02100
4	0.00889	0.00703	0.00796	0.00757	0.03834	0.04852	0.02565	0.01238	0.18737	0.06369	0.05424	0.04091	0.08829	0.27603	0.03113	0.00240	0.00407	0.03216	0.00342	0.05997
5	0.05022	0.02187	0.08510	0.01061	0.10578	0.02512	0.05611	0.03906	0.11020	0.10064	0.13343	0.15304	0.01684	0.00738	0.01643	0.00153	0.03002	0.02760	0.00356	0.00549
6	0.02207	0.03058	0.26813	0.04632	0.04897	0.00949	0.17721	0.05418	0.06943	0.01493	0.13289	0.04148	0.02184	0.00540	0.00489	0.00141	0.03745	0.00485	0.00278	0.00570
7	0.00604	0.00421	0.00506	0.00542	0.00575	0.00412	0.00353	0.00684	0.02474	0.01032	0.04086	0.29995	0.06266	0.40609	0.02747	0.00294	0.00350	0.05162	0.02567	0.00322
8	0.05255	0.00789	0.01002	0.00803	0.01105	0.00766	0.02685	0.03625	0.20174	0.52657	0.04031	0.01505	0.01173	0.00545	0.00430	0.00136	0.00363	0.00448	0.01815	0.00691
9	0.02696	0.01205	0.11953	0.08221	0.08748	0.06236	0.36540	0.01346	0.02715	0.03818	0.01000	0.04303	0.00833	0.00472	0.00466	0.00141	0.00611	0.04826	0.00244	0.03626
10	0.01011	0.00939	0.01541	0.27892	0.48865	0.02852	0.02590	0.01263	0.00945	0.03796	0.00840	0.01158	0.00687	0.03244	0.00488	0.00143	0.00533	0.00393	0.00218	0.00600
11	0.00658	0.00479	0.00592	0.00618	0.00746	0.00445	0.00507	0.00838	0.02328	0.04047	0.15423	0.04165	0.33021	0.01072	0.00541	0.00165	0.00297	0.33240	0.00415	0.00401
12	0.14555	0.00500	0.00560	0.00567	0.00692	0.00484	0.00420	0.00856	0.00941	0.06952	0.15575	0.32896	0.19387	0.01006	0.00482	0.00153	0.00261	0.02906	0.00400	0.00408
13	0.07248	0.07095	0.26729	0.06726	0.10203	0.01002	0.15230	0.01279	0.04788	0.01352	0.01045	0.08504	0.02942	0.00518	0.00462	0.00140	0.03477	0.00457	0.00236	0.00567
14	0.01532	0.06409	0.01297	0.01073	0.01303	0.59014	0.00834	0.13896	0.01279	0.01308	0.00711	0.00826	0.00583	0.00477	0.00476	0.00119	0.07776	0.00300	0.00249	0.00536
15	0.00932	0.00483	0.00614	0.00589	0.00687	0.00448	0.00407	0.01009	0.00863	0.21889	0.01808	0.31440	0.01876	0.30425	0.01087	0.00247	0.00337	0.00781	0.03661	0.00419
16	0.00624	0.00438	0.00541	0.00540	0.00575	0.00454	0.00357	0.00685	0.00710	0.00970	0.06368	0.04011	0.05595	0.51860	0.19997	0.00432	0.01736	0.02427	0.01366	0.00312
17	0.01537	0.07187	0.01283	0.06687	0.01420	0.69491	0.00844	0.01664	0.01175	0.03919	0.00705	0.00821	0.00574	0.00441	0.00386	0.00113	0.00729	0.00287	0.00228	0.00510
18	0.00637	0.00465	0.00618	0.00609	0.00646	0.00520	0.00428	0.00715	0.00660	0.00924	0.01221	0.02186	0.01282	0.41542	0.41007	0.00538	0.04894	0.00535	0.00243	0.00331
19	0.00902	0.00507	0.00655	0.00642	0.00775	0.00471	0.00485	0.01962	0.03614	0.19457	0.12322	0.36070	0.08954	0.01016	0.00508	0.00157	0.00285	0.08048	0.02704	0.00465
20	0.01450	0.01037	0.06039	0.01001	0.01330	0.00999	0.10261	0.29380	0.09551	0.23936	0.01312	0.05068	0.00964	0.00548	0.00469	0.00137	0.02714	0.00459	0.02675	0.00671
21	0.09337	0.01173	0.01234	0.00953	0.01291	0.01303	0.00787	0.73645	0.01910	0.02645	0.00995	0.01004	0.00709	0.00507	0.00416	0.00130	0.00461	0.00374	0.00416	0.00709
22	0.00630	0.00418	0.00485	0.00485	0.00489	0.00422	0.00280	0.00632	0.00627	0.00841	0.01323	0.02702	0.01509	0.77364	0.06491	0.03715	0.00455	0.00608	0.00257	0.00265
23	0.09883	0.00803	0.00970	0.00779	0.01059	0.00807	0.03548	0.17213	0.07374	0.34192	0.04101	0.03974	0.02854	0.00560	0.00413	0.00132	0.00366	0.00454	0.09889	0.00631
24	0.17586	0.05092	0.00828	0.03440	0.00928	0.00764	0.00538	0.10712	0.05769	0.03588	0.27560	0.04657	0.08313	0.00676	0.00422	0.00131	0.00312	0.01912	0.00379	0.06391

[dist]
# distance from previous block
# <min> <max>
2	24

[block]
# block no. 7 follows, 61 sequences, length 13
# corresponding to MSA columns:
# 376-388
name=unknown_H
#
# <colnr> <probs for GDERKNQSTAVLIFYWHMCP>
#	G	D	E	R	K	N	Q	S	T	A	V	L	I	F	Y	W	H	M	C	P
0	0.00606	0.00496	0.00695	0.00623	0.00761	0.00447	0.07332	0.00782	0.01093	0.01464	0.43368	0.09993	0.28828	0.00942	0.00512	0.00143	0.00257	0.00834	0.00422	0.00403
1	0.00949	0.00804	0.00922	0.00678	0.01047	0.00659	0.00542	0.05545	0.07932	0.01510	0.00866	0.00963	0.00702	0.00353	0.00335	0.00075	0.00329	0.00283	0.00281	0.75226
2	0.00881	0.00529	0.00678	0.00666	0.00799	0.00505	0.00513	0.03794	0.04624	0.15580	0.14250	0.27927	0.07939	0.03998	0.00578	0.00170	0.00306	0.15371	0.00432	0.00460
3	0.01336	0.09529	0.02728	0.02646	0.20039	0.17506	0.00905	0.22597	0.02989	0.04770	0.00878	0.00989	0.00688	0.00505	0.02428	0.00131	0.00542	0.00342	0.00291	0.08161
4	0.01048	0.00614	0.00765	0.02459	0.00891	0.00595	0.00526	0.08262	0.06991	0.21278	0.33579	0.09522	0.08166	0.00780	0.00475	0.00139	0.00290	0.00670	0.02421	0.00528
5	0.00572	0.00411	0.00502	0.00528	0.00581	0.00384	0.00354	0.00663	0.00890	0.01192	0.22176	0.31132	0.13511	0.23984	0.00982	0.00227	0.00280	0.00908	0.00380	0.00342
6	0.00924	0.09014	0.11998	0.06405	0.06479	0.02725	0.31659	0.01231	0.03122	0.01287	0.02947	0.14084	0.01061	0.00559	0.00491	0.00142	0.03084	0.00547	0.00248	0.01994
7	0.04030	0.08630	0.03567	0.16076	0.28466	0.11348	0.05479	0.05054	0.09435	0.02552	0.00883	0.01061	0.00698	0.00427	0.00409	0.00129	0.00539	0.00369	0.00247	0.00601
8	0.00753	0.00376	0.00548	0.00548	0.00556	0.00376	0.00368	0.00597	0.00589	0.00817	0.00801	0.01333	0.00777	0.01416	0.01572	0.80421	0.00360	0.00376	0.07209	0.00204
9	0.00640	0.00440	0.00626	0.00632	0.00675	0.00486	0.00457	0.00695	0.00670	0.00938	0.01226	0.10493	0.01270	0.15924	0.44322	0.16730	0.02656	0.00550	0.00244	0.00326
10	0.01015	0.07962	0.33575	0.03243	0.10918	0.03856	0.02644	0.03240	0.14332	0.04328	0.03100	0.01171	0.00851	0.00459	0.00403	0.00130	0.00505	0.00375	0.07278	0.00614
11	0.01230	0.01350	0.01445	0.02923	0.22768	0.30940	0.11476	0.04691	0.07461	0.01301	0.00925	0.02885	0.00798	0.07258	0.00570	0.00150	0.00610	0.00407	0.00251	0.00560
12	0.00605	0.00416	0.00479	0.00497	0.00515	0.00406	0.00301	0.00631	0.00696	0.00915	0.01775	0.14554	0.08266	0.63399	0.01769	0.00354	0.00377	0.03461	0.00297	0.00287

[dist]
# distance from previous block
# <min> <max>
6	8

[block]
# block no. 8 follows, 61 sequences, length 6
# corresponding to MSA columns:
# 399-404
name=unknown_I
#
# <colnr> <probs for GDERKNQSTAVLIFYWHMCP>
#	G	D	E	R	K	N	Q	S	T	A	V	L	I	F	Y	W	H	M	C	P
0	0.10486	0.27772	0.01448	0.00884	0.01172	0.35617	0.00734	0.01607	0.04069	0.11355	0.00808	0.00859	0.00638	0.00432	0.00348	0.00112	0.00564	0.00285	0.00262	0.00549
1	0.04336	0.00922	0.11094	0.00717	0.01092	0.00643	0.00646	0.01185	0.03222	0.06013	0.04654	0.04654	0.00917	0.00423	0.00357	0.00090	0.00354	0.00345	0.00284	0.58051
2	0.17675	0.05838	0.12726	0.00913	0.01227	0.20228	0.02822	0.08940	0.05349	0.11655	0.00983	0.04204	0.00781	0.02223	0.02521	0.00148	0.00534	0.00367	0.00300	0.00565
3	0.00638	0.00465	0.00630	0.00595	0.00634	0.00464	0.05554	0.00686	0.00683	0.00919	0.01434	0.12842	0.01621	0.61237	0.09462	0.00395	0.00486	0.00678	0.00273	0.00305
4	0.00621	0.00378	0.00522	0.00575	0.00589	0.00364	0.00380	0.00586	0.00706	0.00941	0.01657	0.45790	0.01924	0.07156	0.01114	0.34957	0.00311	0.00845	0.00306	0.00279
5	0.00980	0.12359	0.11140	0.07825	0.27663	0.03784	0.12152	0.01271	0.03216	0.01292	0.01031	0.06800	0.00944	0.00524	0.00437	0.00137	0.00531	0.07097	0.00239	0.00578

[dist]
# distance from previous block
# <min> <max>
0	49

# created by:
# /st0/software/busco_prod/Augustus/scripts/msa2prfl.pl ./align_prep/1223488.fa
