[name]
unknown

[dist]
# distance from previous block
# <min> <max>
4	136

[block]
# block no. 0 follows, 63 sequences, length 67
# corresponding to MSA columns:
# 193-242,247-263
name=unknown_A
#
# <colnr> <probs for GDERKNQSTAVLIFYWHMCP>
#	G	D	E	R	K	N	Q	S	T	A	V	L	I	F	Y	W	H	M	C	P
0	0.00915	0.05789	0.01017	0.09725	0.09638	0.04520	0.01906	0.08132	0.08846	0.04011	0.15811	0.02122	0.13192	0.03258	0.02550	0.00153	0.00401	0.04462	0.00337	0.03212
1	0.02551	0.06100	0.06901	0.03556	0.13920	0.02212	0.28036	0.08093	0.14297	0.02641	0.02632	0.01291	0.00870	0.02657	0.00483	0.00141	0.00534	0.02217	0.00275	0.00593
2	0.01023	0.00879	0.01216	0.29199	0.04213	0.05292	0.00943	0.01199	0.00829	0.10865	0.00782	0.01051	0.00627	0.00584	0.01899	0.00156	0.32958	0.00366	0.00232	0.05688
3	0.01093	0.00913	0.00982	0.00892	0.03211	0.01041	0.00675	0.12623	0.64278	0.01811	0.01571	0.01550	0.01206	0.05586	0.00528	0.00156	0.00359	0.00468	0.00411	0.00648
4	0.06073	0.00849	0.01511	0.01280	0.07486	0.00838	0.34359	0.03579	0.08077	0.02382	0.03541	0.18199	0.01346	0.00700	0.02077	0.00159	0.00504	0.06224	0.00299	0.00516
5	0.01186	0.01122	0.03906	0.02533	0.01400	0.15166	0.19116	0.14171	0.06873	0.08762	0.01013	0.01192	0.00788	0.00982	0.16625	0.00237	0.03672	0.00409	0.00289	0.00556
6	0.00930	0.00782	0.00903	0.00650	0.01021	0.00620	0.00522	0.07482	0.00960	0.01472	0.00768	0.00883	0.00630	0.00327	0.00320	0.00067	0.00323	0.00259	0.00263	0.80817
7	0.00674	0.00524	0.00629	0.00630	0.01976	0.00520	0.00482	0.03543	0.09537	0.02449	0.16567	0.05612	0.30887	0.01257	0.12262	0.00223	0.00391	0.11034	0.00383	0.00423
8	0.00718	0.00537	0.00633	0.00589	0.00722	0.00548	0.00447	0.01146	0.20090	0.01678	0.53401	0.02631	0.04807	0.00758	0.00459	0.00131	0.00230	0.00659	0.09358	0.00458
9	0.01079	0.00874	0.00938	0.00839	0.01077	0.00995	0.00656	0.02166	0.73795	0.06569	0.03820	0.01647	0.01355	0.00583	0.00431	0.00142	0.00331	0.01611	0.00434	0.00657
10	0.84654	0.00809	0.00633	0.00561	0.00824	0.00930	0.00462	0.01269	0.00735	0.05210	0.00629	0.00714	0.00479	0.00396	0.00267	0.00130	0.00327	0.00236	0.00271	0.00466
11	0.06288	0.00934	0.00960	0.00848	0.01096	0.02275	0.00665	0.08634	0.68086	0.03037	0.01570	0.01456	0.01173	0.00551	0.00416	0.00140	0.00350	0.00449	0.00415	0.00655
12	0.01598	0.01177	0.01262	0.00967	0.01304	0.01304	0.00799	0.81202	0.01976	0.02649	0.01009	0.01009	0.00715	0.00505	0.00421	0.00126	0.00463	0.00378	0.00421	0.00715
13	0.00597	0.00438	0.00561	0.00529	0.00633	0.00406	0.00397	0.00808	0.02567	0.01656	0.76638	0.03164	0.08293	0.00866	0.00495	0.00133	0.00201	0.00762	0.00458	0.00399
14	0.00533	0.00396	0.00474	0.00516	0.00593	0.00356	0.00364	0.00641	0.00913	0.01207	0.14398	0.43050	0.28317	0.01128	0.00506	0.00152	0.00225	0.00993	0.04883	0.00356
15	0.52656	0.00782	0.00771	0.00637	0.00925	0.00823	0.00526	0.03137	0.00932	0.33649	0.01014	0.00982	0.00690	0.00443	0.00327	0.00130	0.00341	0.00307	0.00365	0.00562
16	0.00581	0.00434	0.00520	0.00531	0.00633	0.00395	0.00392	0.02498	0.01008	0.02227	0.26346	0.24606	0.30985	0.02142	0.00530	0.00152	0.00235	0.04995	0.00412	0.00376
17	0.01091	0.00917	0.01541	0.10047	0.49319	0.00921	0.08181	0.01381	0.04891	0.11393	0.01091	0.01305	0.03597	0.00444	0.00431	0.00131	0.00486	0.01940	0.00265	0.00628
18	0.00611	0.00429	0.00566	0.00566	0.00607	0.00467	0.00393	0.00693	0.00652	0.00920	0.01226	0.02159	0.01273	0.41139	0.43210	0.00533	0.00764	0.00523	0.02950	0.00320
19	0.01157	0.25334	0.03337	0.05054	0.30989	0.14398	0.00969	0.04795	0.03916	0.02488	0.03294	0.00979	0.00735	0.00412	0.00371	0.00114	0.00513	0.00330	0.00229	0.00586
20	0.30026	0.34329	0.02581	0.00853	0.04213	0.09510	0.05449	0.03978	0.03384	0.01409	0.00666	0.00768	0.00551	0.00389	0.00308	0.00113	0.00456	0.00266	0.00229	0.00524
21	0.88196	0.00813	0.00618	0.00553	0.00813	0.00943	0.00455	0.01236	0.00715	0.01886	0.00585	0.00683	0.00455	0.00390	0.00260	0.00130	0.00325	0.00228	0.00260	0.00455
22	0.00578	0.00429	0.00538	0.00511	0.00618	0.00389	0.00383	0.00760	0.01150	0.01590	0.68785	0.03298	0.17623	0.00895	0.00496	0.00134	0.00201	0.00782	0.00450	0.00389
23	0.00718	0.00458	0.00584	0.00590	0.00708	0.00417	0.00457	0.00862	0.01011	0.10607	0.22200	0.21508	0.20973	0.01027	0.00513	0.00155	0.00266	0.16114	0.00422	0.00409
24	0.00546	0.00421	0.00505	0.00541	0.00638	0.00379	0.00409	0.00673	0.00957	0.01226	0.15604	0.24571	0.36626	0.01113	0.00521	0.00156	0.00248	0.14102	0.00401	0.00363
25	0.03646	0.00688	0.00925	0.00732	0.01030	0.00605	0.00603	0.01903	0.01161	0.72676	0.01678	0.04158	0.01153	0.00574	0.00428	0.00134	0.00352	0.04522	0.02356	0.00674
26	0.05371	0.00750	0.00940	0.00743	0.01043	0.00709	0.00608	0.07499	0.09441	0.60324	0.01554	0.01392	0.01020	0.00517	0.00408	0.00129	0.00351	0.00415	0.06109	0.00678
27	0.01124	0.85479	0.02203	0.00719	0.01079	0.01663	0.00719	0.01259	0.00854	0.00989	0.00584	0.00674	0.00539	0.00360	0.00270	0.00090	0.00450	0.00225	0.00180	0.00539
28	0.01030	0.01051	0.00956	0.07764	0.02770	0.24172	0.00749	0.01440	0.20534	0.01293	0.02610	0.04309	0.03805	0.00724	0.00484	0.00148	0.02376	0.22966	0.00325	0.00494
29	0.09488	0.00420	0.00506	0.00574	0.00633	0.00413	0.00401	0.00696	0.00826	0.01224	0.06347	0.64408	0.02493	0.01144	0.00493	0.00161	0.00252	0.03603	0.05559	0.00360
30	0.45372	0.00700	0.00694	0.00594	0.00837	0.00731	0.00482	0.01342	0.00942	0.23283	0.15955	0.01482	0.04966	0.00541	0.00357	0.00131	0.00306	0.00406	0.00372	0.00509
31	0.01569	0.01144	0.01252	0.00967	0.01283	0.01276	0.00799	0.73306	0.01867	0.05728	0.01008	0.01021	0.00718	0.00519	0.00478	0.00130	0.05448	0.00380	0.00410	0.00700
32	0.00601	0.00448	0.00663	0.00663	0.00733	0.00518	0.00509	0.00742	0.00672	0.00966	0.01138	0.01717	0.01079	0.08028	0.78724	0.00660	0.01083	0.00460	0.00227	0.00368
33	0.88196	0.00813	0.00618	0.00553	0.00813	0.00943	0.00455	0.01236	0.00715	0.01886	0.00585	0.00683	0.00455	0.00390	0.00260	0.00130	0.00325	0.00228	0.00260	0.00455
34	0.01552	0.01163	0.01298	0.01100	0.07986	0.01279	0.00839	0.74634	0.01893	0.02544	0.00991	0.01012	0.00711	0.00494	0.00420	0.00126	0.00466	0.00378	0.00403	0.00711
35	0.00656	0.00504	0.00619	0.00672	0.00755	0.00521	0.00492	0.01000	0.19331	0.01254	0.02166	0.55144	0.02390	0.01126	0.00518	0.00167	0.00283	0.11580	0.00398	0.00422
36	0.01594	0.00679	0.00927	0.00787	0.04228	0.00590	0.00603	0.01749	0.01118	0.63015	0.01693	0.12282	0.02391	0.00614	0.00432	0.00131	0.00344	0.00518	0.00473	0.05833
37	0.00817	0.00780	0.01344	0.75746	0.07277	0.00944	0.05001	0.01099	0.00854	0.01104	0.00755	0.01117	0.00570	0.00415	0.00424	0.00139	0.00564	0.00380	0.00189	0.00483
38	0.00604	0.00427	0.00553	0.00553	0.00589	0.00458	0.00375	0.00672	0.00647	0.00892	0.01298	0.02296	0.02985	0.47529	0.37783	0.00520	0.00718	0.00546	0.00245	0.00310
39	0.00932	0.00899	0.01387	0.35406	0.17771	0.04440	0.09929	0.02417	0.10878	0.01267	0.00955	0.01325	0.00782	0.03523	0.00512	0.00147	0.02141	0.03227	0.00238	0.01824
40	0.05340	0.26432	0.01482	0.04949	0.01277	0.32104	0.00787	0.15152	0.02137	0.01345	0.00702	0.00809	0.00577	0.00438	0.00402	0.00113	0.04885	0.00286	0.00242	0.00540
41	0.00588	0.00438	0.00503	0.00495	0.00607	0.00402	0.00368	0.00771	0.03924	0.01389	0.32987	0.08317	0.33269	0.04113	0.00542	0.00147	0.00223	0.02414	0.08120	0.00381
42	0.01109	0.07958	0.22363	0.02131	0.12036	0.01097	0.06446	0.20836	0.09091	0.01666	0.00902	0.01006	0.00684	0.00434	0.00424	0.00124	0.02719	0.00354	0.00274	0.08345
43	0.00794	0.00747	0.01261	0.84216	0.02895	0.00934	0.01167	0.01074	0.00841	0.01074	0.00747	0.01121	0.00560	0.00420	0.00420	0.00140	0.00560	0.00374	0.00187	0.00467
44	0.00583	0.00464	0.00675	0.00659	0.00759	0.00428	0.07036	0.00725	0.00952	0.01271	0.22087	0.38612	0.15567	0.01073	0.00521	0.00156	0.00278	0.07383	0.00393	0.00379
45	0.00758	0.00639	0.00885	0.10190	0.11312	0.01685	0.00699	0.02238	0.07960	0.01203	0.04534	0.10886	0.06362	0.09602	0.13021	0.00257	0.05468	0.11556	0.00298	0.00445
46	0.02103	0.00943	0.02873	0.14362	0.38117	0.02090	0.07383	0.04579	0.02071	0.06309	0.03162	0.01116	0.00762	0.00404	0.00410	0.00121	0.00483	0.00378	0.00249	0.12088
47	0.00589	0.00434	0.00531	0.00505	0.00602	0.00396	0.00364	0.00738	0.01043	0.01436	0.52732	0.04543	0.16353	0.14329	0.00753	0.00176	0.00238	0.00749	0.00410	0.03079
48	0.25143	0.02809	0.01021	0.00897	0.01134	0.51359	0.00691	0.01568	0.01052	0.08409	0.00744	0.02038	0.00595	0.00441	0.00351	0.00117	0.00593	0.00285	0.00257	0.00497
49	0.01145	0.28281	0.14065	0.02293	0.16275	0.18801	0.04717	0.02513	0.01896	0.01189	0.00703	0.00843	0.00582	0.00387	0.00358	0.00110	0.00556	0.00296	0.00204	0.04788
50	0.03923	0.01275	0.06204	0.03465	0.08202	0.18460	0.07362	0.18945	0.06244	0.01542	0.00837	0.00995	0.00664	0.00531	0.01511	0.00142	0.16163	0.00361	0.02606	0.00568
51	0.00977	0.00778	0.00836	0.00734	0.00949	0.00846	0.00575	0.15280	0.38325	0.02875	0.13196	0.02171	0.17392	0.00693	0.00446	0.00137	0.00310	0.00576	0.02332	0.00571
52	0.00594	0.00425	0.00531	0.00529	0.00630	0.00385	0.00391	0.00745	0.01054	0.03679	0.44180	0.19747	0.21439	0.00997	0.00504	0.00144	0.00220	0.02988	0.00431	0.00385
53	0.00565	0.00412	0.00513	0.00552	0.00635	0.00375	0.00403	0.00686	0.00950	0.02648	0.20055	0.37412	0.23775	0.01125	0.00519	0.00156	0.00241	0.08203	0.00408	0.00367
54	0.64334	0.00794	0.00708	0.00607	0.00877	0.00876	0.00498	0.02565	0.04190	0.18104	0.00869	0.00892	0.00623	0.00427	0.00303	0.00130	0.00331	0.00282	0.02071	0.00518
55	0.18752	0.00634	0.00730	0.00610	0.00830	0.00609	0.00474	0.01424	0.00955	0.39567	0.02932	0.01785	0.07294	0.17943	0.00746	0.00187	0.00342	0.00463	0.03200	0.00525
56	0.40000	0.00992	0.02686	0.00767	0.01073	0.01073	0.00645	0.35793	0.02767	0.09185	0.00884	0.00908	0.00634	0.00454	0.00349	0.00129	0.00394	0.00316	0.00353	0.00597
57	0.88196	0.00813	0.00618	0.00553	0.00813	0.00943	0.00455	0.01236	0.00715	0.01886	0.00585	0.00683	0.00455	0.00390	0.00260	0.00130	0.00325	0.00228	0.00260	0.00455
58	0.01075	0.71094	0.16163	0.00802	0.01207	0.01545	0.00863	0.01271	0.00860	0.01048	0.00614	0.00711	0.00538	0.00367	0.00292	0.00097	0.00479	0.00240	0.00179	0.00554
59	0.00612	0.00476	0.00635	0.00626	0.00701	0.00516	0.00479	0.00740	0.00817	0.01118	0.13833	0.06019	0.15237	0.11407	0.31552	0.00377	0.07510	0.06668	0.00307	0.00368
60	0.03862	0.00927	0.01096	0.00842	0.01171	0.00936	0.00696	0.37836	0.01541	0.44617	0.01339	0.01222	0.00879	0.00510	0.00418	0.00128	0.00404	0.00398	0.00469	0.00709
61	0.01124	0.85479	0.02203	0.00719	0.01079	0.01663	0.00719	0.01259	0.00854	0.00989	0.00584	0.00674	0.00539	0.00360	0.00270	0.00090	0.00450	0.00225	0.00180	0.00539
62	0.00610	0.00424	0.00528	0.00548	0.00587	0.00428	0.00378	0.00668	0.00712	0.00944	0.01700	0.07343	0.08116	0.45469	0.14075	0.03537	0.00488	0.12857	0.00286	0.00304
63	0.00990	0.01127	0.02444	0.01751	0.02163	0.01070	0.78611	0.01336	0.00981	0.01336	0.00841	0.01127	0.00635	0.00366	0.00523	0.00143	0.03286	0.00492	0.00212	0.00564
64	0.00719	0.00705	0.09192	0.00786	0.00916	0.00649	0.04520	0.02507	0.00738	0.01055	0.01077	0.01755	0.01037	0.12961	0.35455	0.09091	0.08734	0.05153	0.02560	0.00391
65	0.00519	0.00401	0.00482	0.00529	0.00609	0.00364	0.00377	0.00619	0.00880	0.01123	0.06398	0.41688	0.34993	0.01301	0.05452	0.00188	0.00286	0.03058	0.00383	0.00352
66	0.00991	0.11354	0.03266	0.04049	0.26549	0.01001	0.19069	0.05735	0.03644	0.02763	0.04283	0.08592	0.01036	0.03137	0.00497	0.00140	0.01453	0.01617	0.00259	0.00566

[dist]
# distance from previous block
# <min> <max>
0	1

[block]
# block no. 1 follows, 63 sequences, length 12
# corresponding to MSA columns:
# 265-276
name=unknown_B
#
# <colnr> <probs for GDERKNQSTAVLIFYWHMCP>
#	G	D	E	R	K	N	Q	S	T	A	V	L	I	F	Y	W	H	M	C	P
0	0.02336	0.06941	0.05159	0.39833	0.05726	0.09830	0.06067	0.05846	0.00945	0.02799	0.00743	0.01008	0.00581	0.00452	0.00514	0.00136	0.10001	0.00355	0.00212	0.00515
1	0.00646	0.00595	0.04590	0.00668	0.00773	0.01980	0.00539	0.00828	0.03546	0.01245	0.20523	0.19983	0.13074	0.03975	0.10864	0.00227	0.08371	0.06823	0.00350	0.00399
2	0.00549	0.00423	0.00501	0.00547	0.00626	0.00394	0.00386	0.00701	0.05414	0.01147	0.05476	0.45047	0.28916	0.04606	0.00583	0.00169	0.00248	0.03514	0.00389	0.00364
3	0.04253	0.27676	0.37694	0.00997	0.01442	0.13030	0.02765	0.01367	0.03232	0.01212	0.00779	0.00882	0.02166	0.00409	0.00356	0.00117	0.00563	0.00295	0.00199	0.00566
4	0.05631	0.06011	0.15579	0.12432	0.03676	0.05688	0.23421	0.13720	0.01101	0.06080	0.00856	0.01041	0.00638	0.01753	0.00446	0.00135	0.00575	0.00383	0.00254	0.00580
5	0.00703	0.00619	0.01034	0.06580	0.15128	0.00607	0.11539	0.00872	0.00884	0.01185	0.01852	0.40815	0.06414	0.00935	0.00505	0.00158	0.00385	0.09021	0.00321	0.00442
6	0.00850	0.05878	0.03060	0.00660	0.00843	0.04049	0.00537	0.06525	0.12001	0.05519	0.20099	0.05024	0.20512	0.05538	0.00557	0.00153	0.00324	0.07015	0.00386	0.00469
7	0.00617	0.01992	0.00624	0.07611	0.00852	0.00522	0.00468	0.00852	0.09113	0.01219	0.07914	0.18056	0.40017	0.01018	0.02879	0.00161	0.02015	0.00802	0.02867	0.00403
8	0.00991	0.29240	0.22601	0.03462	0.05161	0.02466	0.08809	0.04992	0.07230	0.01273	0.00894	0.05444	0.00763	0.00577	0.04242	0.00147	0.00541	0.00374	0.00228	0.00566
9	0.02910	0.22969	0.47276	0.00994	0.01462	0.04081	0.01158	0.04526	0.00916	0.01267	0.00803	0.05659	0.00675	0.00479	0.00409	0.02764	0.00540	0.00341	0.00204	0.00567
10	0.01132	0.11866	0.16804	0.03854	0.10888	0.09299	0.04342	0.09572	0.02471	0.09152	0.02838	0.01199	0.00819	0.08237	0.02159	0.00161	0.04000	0.00377	0.00264	0.00565
11	0.00853	0.00588	0.00683	0.04715	0.00860	0.03506	0.00518	0.08839	0.02425	0.05636	0.05945	0.11531	0.06876	0.01149	0.14494	0.00225	0.00451	0.07291	0.22975	0.00441

[dist]
# distance from previous block
# <min> <max>
2	20

[block]
# block no. 2 follows, 63 sequences, length 35
# corresponding to MSA columns:
# 297-331
name=unknown_C
#
# <colnr> <probs for GDERKNQSTAVLIFYWHMCP>
#	G	D	E	R	K	N	Q	S	T	A	V	L	I	F	Y	W	H	M	C	P
0	0.02606	0.00932	0.03886	0.00888	0.01030	0.09681	0.03279	0.02286	0.08152	0.04679	0.02286	0.02597	0.04252	0.11590	0.06689	0.00217	0.27916	0.00437	0.00261	0.06334
1	0.06504	0.06348	0.14561	0.06379	0.02562	0.04906	0.03719	0.21654	0.04553	0.07301	0.02312	0.02402	0.03885	0.02548	0.01641	0.00146	0.04909	0.01422	0.01672	0.00576
2	0.00566	0.00409	0.00555	0.00629	0.00679	0.00406	0.00464	0.00675	0.00813	0.01085	0.02115	0.47508	0.04916	0.05785	0.14268	0.00269	0.00426	0.17722	0.00356	0.00353
3	0.12422	0.01152	0.03005	0.03998	0.22635	0.11848	0.02807	0.19970	0.13263	0.01729	0.00928	0.01028	0.00717	0.00453	0.00416	0.00129	0.02233	0.00359	0.00296	0.00613
4	0.01070	0.00745	0.00894	0.00653	0.01013	0.00584	0.00525	0.01278	0.03005	0.16941	0.00946	0.00996	0.00719	0.00358	0.00336	0.00077	0.00321	0.00288	0.00305	0.68948
5	0.03161	0.00963	0.03182	0.12055	0.39211	0.00964	0.06979	0.08712	0.02334	0.08632	0.02164	0.01106	0.00736	0.00422	0.00442	0.00127	0.02805	0.00384	0.00263	0.05358
6	0.01418	0.01225	0.09148	0.00988	0.01285	0.16439	0.05336	0.16168	0.07627	0.23480	0.01141	0.01231	0.00837	0.00575	0.02259	0.00145	0.07026	0.02707	0.00351	0.00614
7	0.00525	0.00399	0.00477	0.00520	0.00595	0.00359	0.00365	0.00624	0.00901	0.01163	0.13045	0.41053	0.30771	0.05101	0.00593	0.00167	0.00237	0.02362	0.00393	0.00350
8	0.00905	0.00716	0.00988	0.00868	0.00917	0.00912	0.00693	0.00999	0.00703	0.09610	0.00917	0.01441	0.00874	0.16166	0.17426	0.00314	0.44441	0.00433	0.00240	0.00434
9	0.13493	0.02326	0.12204	0.04403	0.06054	0.07539	0.00849	0.28109	0.11651	0.03181	0.00978	0.01038	0.00726	0.00464	0.00384	0.00127	0.00461	0.00351	0.05054	0.00609
10	0.00657	0.00406	0.00595	0.00598	0.00632	0.00439	0.00428	0.00644	0.00617	0.00856	0.01001	0.04038	0.00998	0.08997	0.37941	0.39511	0.00702	0.00447	0.00213	0.00279
11	0.00530	0.00379	0.00496	0.00583	0.00614	0.00356	0.00396	0.00607	0.00804	0.01066	0.02286	0.70965	0.04857	0.07947	0.00665	0.00190	0.00265	0.06275	0.00379	0.00338
12	0.01236	0.00893	0.01057	0.10048	0.01329	0.00991	0.02245	0.15736	0.42436	0.14555	0.01439	0.01388	0.01043	0.00543	0.00442	0.01449	0.00390	0.00437	0.01697	0.00647
13	0.00966	0.00877	0.01296	0.52010	0.14585	0.03429	0.01085	0.12405	0.02743	0.01353	0.00854	0.03683	0.00681	0.00461	0.00437	0.00137	0.01829	0.00399	0.00235	0.00533
14	0.00672	0.00475	0.00598	0.00583	0.00692	0.00456	0.00436	0.00931	0.08545	0.04923	0.48859	0.18771	0.07590	0.00929	0.00498	0.00143	0.00234	0.03800	0.00441	0.00422
15	0.00639	0.00468	0.00611	0.00685	0.00761	0.00469	0.00537	0.00853	0.07291	0.01198	0.02189	0.33559	0.03675	0.06878	0.00657	0.00195	0.00329	0.38239	0.00383	0.00383
16	0.00601	0.00450	0.00676	0.00676	0.00751	0.00525	0.00525	0.00751	0.00676	0.00976	0.01126	0.01651	0.01051	0.03153	0.83560	0.00676	0.01126	0.00450	0.00225	0.00375
17	0.06240	0.01369	0.01248	0.04243	0.06797	0.36859	0.07697	0.05006	0.07500	0.10712	0.00909	0.01016	0.00700	0.00571	0.03968	0.00148	0.03846	0.00348	0.00277	0.00548
18	0.00809	0.00763	0.01289	0.79066	0.07924	0.00938	0.01175	0.01088	0.00848	0.01093	0.00750	0.01116	0.00567	0.00417	0.00420	0.00139	0.00557	0.00374	0.00188	0.00480
19	0.00794	0.00747	0.01261	0.84216	0.02895	0.00934	0.01167	0.01074	0.00841	0.01074	0.00747	0.01121	0.00560	0.00420	0.00420	0.00140	0.00560	0.00374	0.00187	0.00467
20	0.01475	0.01226	0.01163	0.00940	0.01233	0.13820	0.00757	0.53846	0.13089	0.02221	0.01071	0.01078	0.00787	0.00502	0.00409	0.00124	0.00476	0.00376	0.04748	0.00657
21	0.01046	0.04792	0.07687	0.13276	0.52496	0.02181	0.03385	0.07600	0.01017	0.01408	0.00790	0.01020	0.00638	0.00393	0.00411	0.00126	0.00521	0.00365	0.00219	0.00629
22	0.02955	0.00582	0.00599	0.00611	0.00680	0.07041	0.00443	0.02463	0.00829	0.01071	0.04091	0.05407	0.06515	0.41762	0.01299	0.00282	0.00407	0.22316	0.00309	0.00337
23	0.01317	0.39118	0.04246	0.00963	0.01267	0.39989	0.05222	0.01463	0.01021	0.01038	0.00635	0.00746	0.00546	0.00395	0.00337	0.00103	0.00614	0.00264	0.00199	0.00519
24	0.00851	0.00720	0.00839	0.00610	0.00954	0.00548	0.00479	0.01023	0.00851	0.01326	0.00793	0.01021	0.00694	0.07039	0.00456	0.00090	0.00319	0.00278	0.00250	0.80861
25	0.00608	0.00439	0.00552	0.00602	0.00659	0.00428	0.00416	0.06985	0.00903	0.01204	0.04787	0.65758	0.05965	0.05823	0.02588	0.00190	0.00288	0.01054	0.00384	0.00369
26	0.00812	0.00399	0.00591	0.00573	0.00605	0.00397	0.00397	0.00682	0.00609	0.07258	0.00834	0.01318	0.00779	0.01513	0.07707	0.74276	0.00422	0.00376	0.00213	0.00239
27	0.01436	0.01792	0.01102	0.01008	0.01208	0.72472	0.00755	0.01550	0.01174	0.01085	0.07266	0.03353	0.03028	0.00508	0.00396	0.00113	0.00685	0.00351	0.00245	0.00473
28	0.01316	0.05550	0.01239	0.00947	0.01220	0.06799	0.07950	0.17400	0.24465	0.16962	0.05533	0.01331	0.01072	0.00533	0.00482	0.00134	0.05625	0.00429	0.00383	0.00630
29	0.00591	0.00412	0.00516	0.00542	0.00614	0.00384	0.00385	0.00704	0.00914	0.03168	0.21713	0.33491	0.14978	0.10527	0.03135	0.00196	0.00280	0.04293	0.02797	0.00360
30	0.00600	0.00432	0.00543	0.00539	0.00635	0.00398	0.00395	0.00779	0.02967	0.03201	0.48966	0.21832	0.15182	0.00980	0.00502	0.00143	0.00217	0.00864	0.00436	0.00391
31	0.00573	0.00424	0.00535	0.00522	0.00621	0.00386	0.00389	0.00744	0.01111	0.01529	0.60439	0.11105	0.16656	0.00942	0.00501	0.00139	0.00209	0.02348	0.00443	0.00384
32	0.56695	0.00771	0.00739	0.00619	0.00898	0.00819	0.00509	0.01503	0.00893	0.29548	0.02841	0.00995	0.00736	0.00445	0.00321	0.00130	0.00333	0.00307	0.00354	0.00543
33	0.88196	0.00813	0.00618	0.00553	0.00813	0.00943	0.00455	0.01236	0.00715	0.01886	0.00585	0.00683	0.00455	0.00390	0.00260	0.00130	0.00325	0.00228	0.00260	0.00455
34	0.00604	0.00433	0.00577	0.00618	0.02392	0.00425	0.00442	0.00715	0.00879	0.01191	0.21635	0.17285	0.09506	0.12920	0.11765	0.05814	0.00402	0.11695	0.00350	0.00352

[dist]
# distance from previous block
# <min> <max>
0	11

[block]
# block no. 3 follows, 63 sequences, length 37
# corresponding to MSA columns:
# 343-367,372-383
name=unknown_D
#
# <colnr> <probs for GDERKNQSTAVLIFYWHMCP>
#	G	D	E	R	K	N	Q	S	T	A	V	L	I	F	Y	W	H	M	C	P
0	0.11514	0.03954	0.31362	0.01441	0.21600	0.01028	0.07112	0.05214	0.10091	0.01511	0.00865	0.00995	0.00658	0.00412	0.00394	0.00131	0.00517	0.00349	0.00238	0.00615
1	0.02111	0.00848	0.01111	0.04368	0.09458	0.00758	0.05695	0.12908	0.01049	0.01542	0.00903	0.02109	0.02714	0.00386	0.00361	0.00090	0.00385	0.00330	0.00271	0.52603
2	0.00608	0.00419	0.00516	0.00516	0.00536	0.00439	0.00327	0.00648	0.00628	0.00858	0.01272	0.02458	0.01401	0.63366	0.23826	0.00479	0.00599	0.00568	0.00247	0.00287
3	0.00513	0.00377	0.00481	0.00560	0.00604	0.00345	0.00380	0.00596	0.00842	0.01105	0.05568	0.70019	0.14542	0.01263	0.00529	0.00165	0.00238	0.01134	0.00393	0.00345
4	0.60733	0.00810	0.00765	0.02185	0.02657	0.00885	0.00539	0.05115	0.00894	0.20701	0.00861	0.00887	0.00609	0.00426	0.00312	0.00130	0.00347	0.00286	0.00326	0.00532
5	0.00847	0.00636	0.00769	0.00716	0.00851	0.02752	0.00564	0.11052	0.08727	0.03507	0.12262	0.02068	0.01558	0.05695	0.32473	0.00359	0.02288	0.08113	0.04305	0.00458
6	0.00726	0.00469	0.00575	0.00527	0.00666	0.00422	0.00403	0.01993	0.01132	0.10294	0.49442	0.03132	0.24741	0.00864	0.00482	0.00134	0.00223	0.00744	0.02607	0.00424
7	0.04901	0.56724	0.01809	0.00785	0.01109	0.10110	0.00717	0.07168	0.10871	0.01245	0.00760	0.00817	0.00640	0.00405	0.00311	0.00103	0.00463	0.00271	0.00235	0.00558
8	0.00882	0.00725	0.01075	0.01270	0.22219	0.00734	0.05121	0.13577	0.01074	0.01454	0.01614	0.28310	0.01711	0.00858	0.00494	0.00155	0.00400	0.17481	0.00337	0.00507
9	0.00613	0.00523	0.00754	0.20458	0.05609	0.00538	0.01833	0.00761	0.00866	0.01109	0.02382	0.32624	0.25776	0.01021	0.03054	0.00168	0.00358	0.00831	0.00324	0.00397
10	0.88196	0.00813	0.00618	0.00553	0.00813	0.00943	0.00455	0.01236	0.00715	0.01886	0.00585	0.00683	0.00455	0.00390	0.00260	0.00130	0.00325	0.00228	0.00260	0.00455
11	0.00832	0.00692	0.00760	0.04420	0.00937	0.03675	0.00549	0.02571	0.33159	0.01602	0.28879	0.08535	0.05505	0.00728	0.00452	0.00137	0.00296	0.00625	0.05137	0.00508
12	0.01430	0.00858	0.01003	0.00824	0.01079	0.03327	0.00667	0.12093	0.20825	0.35712	0.01643	0.01538	0.07235	0.00592	0.00526	0.00138	0.08981	0.00455	0.00431	0.00643
13	0.00604	0.00434	0.00594	0.00591	0.00643	0.00476	0.00425	0.00707	0.00693	0.00976	0.07425	0.02135	0.01435	0.30583	0.49803	0.00544	0.00813	0.00528	0.00253	0.00336
14	0.01039	0.01498	0.34684	0.06855	0.04671	0.02125	0.08452	0.15300	0.15124	0.01604	0.00965	0.01070	0.00712	0.00456	0.00454	0.00136	0.03586	0.00376	0.00269	0.00624
15	0.01378	0.27595	0.07406	0.00816	0.01158	0.01143	0.00750	0.19367	0.06738	0.23307	0.05486	0.01161	0.00948	0.00479	0.00377	0.00118	0.00419	0.00364	0.00356	0.00632
16	0.01077	0.03463	0.03668	0.01083	0.13948	0.13112	0.01624	0.09475	0.03851	0.02558	0.00848	0.01005	0.00694	0.00665	0.08844	0.00156	0.00525	0.00320	0.00258	0.32822
17	0.01098	0.00850	0.01025	0.00885	0.02237	0.00985	0.00702	0.18692	0.20170	0.07937	0.15054	0.01607	0.03442	0.00714	0.02725	0.00159	0.20295	0.00482	0.00372	0.00571
18	0.00889	0.00607	0.00705	0.00689	0.00820	0.00531	0.00497	0.00967	0.01165	0.07813	0.30820	0.20609	0.26090	0.01119	0.00589	0.00184	0.00311	0.02577	0.02500	0.00517
19	0.01764	0.00735	0.00963	0.00754	0.01065	0.00670	0.00618	0.03448	0.09753	0.70836	0.01645	0.01441	0.01061	0.00525	0.00420	0.00131	0.00353	0.00427	0.02688	0.00702
20	0.01088	0.00917	0.00967	0.00856	0.01100	0.01055	0.00670	0.08935	0.73518	0.01831	0.01645	0.01521	0.01231	0.00563	0.00425	0.00140	0.00341	0.00465	0.02069	0.00664
21	0.81518	0.07307	0.00739	0.00566	0.00833	0.00998	0.00476	0.01237	0.00726	0.01817	0.00585	0.00682	0.00462	0.00388	0.00261	0.00127	0.00335	0.00227	0.00254	0.00462
22	0.00637	0.00459	0.00566	0.00573	0.00622	0.00484	0.00395	0.00787	0.06909	0.00988	0.01538	0.08429	0.04052	0.44208	0.21057	0.00409	0.00553	0.06715	0.00285	0.00334
23	0.74882	0.00798	0.00673	0.00583	0.00853	0.00893	0.00480	0.01361	0.00791	0.14382	0.00751	0.00798	0.00546	0.00410	0.00285	0.00130	0.00330	0.00258	0.00300	0.00495
24	0.02749	0.00979	0.01137	0.02995	0.01243	0.12677	0.06840	0.10600	0.02815	0.48402	0.01412	0.02357	0.02786	0.00513	0.00423	0.00129	0.00453	0.00419	0.00424	0.00648
25	0.00813	0.00730	0.01120	0.00974	0.01056	0.00897	0.09230	0.00953	0.00738	0.02747	0.01023	0.04233	0.01015	0.05937	0.21795	0.00314	0.36953	0.08804	0.00236	0.00433
26	0.00532	0.00395	0.00501	0.00577	0.00637	0.00364	0.00415	0.00629	0.00861	0.01112	0.02723	0.56258	0.19930	0.01241	0.00534	0.00168	0.00257	0.12123	0.00390	0.00351
27	0.01619	0.00651	0.00884	0.00711	0.00982	0.00567	0.00573	0.01773	0.01153	0.66658	0.07930	0.11779	0.01478	0.00644	0.00442	0.00135	0.00332	0.00543	0.00500	0.00645
28	0.00867	0.00901	0.01279	0.11438	0.01474	0.12358	0.23594	0.01120	0.05081	0.01219	0.05473	0.21963	0.08009	0.00721	0.00479	0.00145	0.00492	0.02628	0.00295	0.00463
29	0.00886	0.00794	0.01069	0.00763	0.01143	0.00622	0.10355	0.01094	0.00886	0.01367	0.00760	0.00904	0.00625	0.00317	0.00334	0.00072	0.00360	0.00279	0.00245	0.77126
30	0.00609	0.00421	0.00526	0.00567	0.00656	0.00382	0.00418	0.00721	0.00921	0.05595	0.09309	0.41208	0.25301	0.01146	0.00521	0.00160	0.00255	0.10506	0.00403	0.00375
31	0.00561	0.00408	0.00533	0.00597	0.00659	0.00384	0.00441	0.00681	0.00909	0.01207	0.14960	0.44769	0.10741	0.03642	0.00582	0.00174	0.00269	0.17728	0.00397	0.00359
32	0.00805	0.00925	0.11260	0.72530	0.02731	0.00941	0.01205	0.01127	0.02334	0.01118	0.00766	0.01100	0.00570	0.00420	0.00418	0.00139	0.00564	0.00368	0.00190	0.00490
33	0.01038	0.26845	0.20366	0.09848	0.16918	0.04910	0.02118	0.02498	0.08129	0.02402	0.00807	0.00943	0.00641	0.00404	0.00369	0.00119	0.00516	0.00321	0.00218	0.00589
34	0.02368	0.01054	0.20784	0.04355	0.04393	0.00766	0.03336	0.09347	0.01082	0.19096	0.11656	0.06347	0.02130	0.00723	0.04468	0.01868	0.01690	0.01472	0.02502	0.00563
35	0.00772	0.00577	0.00861	0.00894	0.09143	0.00587	0.05668	0.02475	0.05155	0.03785	0.13011	0.15442	0.05077	0.03145	0.10003	0.16550	0.03138	0.02023	0.01283	0.00411
36	0.00874	0.08004	0.31214	0.17848	0.03574	0.00955	0.01096	0.01178	0.00850	0.01232	0.00719	0.00921	0.00565	0.00411	0.00466	0.00119	0.08469	0.00309	0.00198	0.20999

[dist]
# distance from previous block
# <min> <max>
2	11

[block]
# block no. 4 follows, 63 sequences, length 34
# corresponding to MSA columns:
# 395-428
name=unknown_E
#
# <colnr> <probs for GDERKNQSTAVLIFYWHMCP>
#	G	D	E	R	K	N	Q	S	T	A	V	L	I	F	Y	W	H	M	C	P
0	0.00588	0.00432	0.00550	0.00602	0.00673	0.00409	0.00440	0.00722	0.02907	0.01161	0.07891	0.42493	0.09018	0.09828	0.00693	0.00190	0.00289	0.16789	0.00376	0.03951
1	0.03829	0.05513	0.01183	0.00907	0.01203	0.02795	0.02393	0.39063	0.31511	0.04199	0.01282	0.01236	0.01930	0.00521	0.00412	0.00131	0.00415	0.00410	0.00400	0.00668
2	0.00910	0.01259	0.27545	0.10913	0.21386	0.00883	0.10184	0.01222	0.00906	0.04552	0.02963	0.01320	0.00827	0.07042	0.02614	0.00168	0.00558	0.02444	0.00225	0.02081
3	0.02095	0.05954	0.55204	0.01176	0.03260	0.00977	0.09480	0.03075	0.02809	0.04903	0.04102	0.01034	0.00729	0.00420	0.00405	0.00130	0.00568	0.00352	0.00222	0.03105
4	0.02279	0.12680	0.47099	0.03002	0.02793	0.01047	0.15234	0.02266	0.00928	0.03967	0.02869	0.02444	0.00698	0.00419	0.00404	0.00129	0.00579	0.00364	0.00211	0.00589
5	0.09872	0.00714	0.00927	0.00722	0.01032	0.00640	0.00594	0.01926	0.01157	0.72310	0.04584	0.01425	0.01096	0.00521	0.00410	0.00130	0.00349	0.00417	0.00494	0.00679
6	0.00791	0.00803	0.07825	0.17484	0.04847	0.03069	0.03436	0.07217	0.04423	0.01418	0.20712	0.12264	0.11741	0.00747	0.01248	0.00144	0.00395	0.00630	0.00332	0.00473
7	0.01222	0.11905	0.17617	0.06157	0.18586	0.03679	0.03758	0.05787	0.01044	0.20405	0.02754	0.02391	0.00805	0.00452	0.00414	0.00126	0.01612	0.00376	0.00290	0.00621
8	0.00773	0.00499	0.00630	0.00650	0.01709	0.00480	0.00470	0.02632	0.08237	0.11327	0.09640	0.44994	0.10328	0.01049	0.00503	0.00156	0.00273	0.04798	0.00415	0.00437
9	0.00531	0.00403	0.00493	0.00542	0.00620	0.00365	0.00392	0.00642	0.00918	0.01188	0.13391	0.41632	0.28621	0.01163	0.00522	0.00158	0.00240	0.07425	0.00399	0.00357
10	0.00862	0.05909	0.31185	0.18617	0.14530	0.01940	0.02741	0.01225	0.04182	0.01283	0.06700	0.01251	0.02821	0.00581	0.04289	0.00157	0.00555	0.00391	0.00223	0.00557
11	0.01016	0.13700	0.19666	0.15920	0.21989	0.05218	0.05073	0.04552	0.04211	0.02275	0.00802	0.00991	0.00629	0.00446	0.01677	0.00134	0.00553	0.00345	0.00216	0.00587
12	0.05353	0.00600	0.00646	0.00558	0.00736	0.00616	0.00441	0.15986	0.01134	0.11806	0.05998	0.01495	0.01143	0.00513	0.00343	0.00111	0.00272	0.00406	0.51347	0.00495
13	0.00622	0.00446	0.00613	0.00708	0.00784	0.00437	0.00581	0.00777	0.00917	0.01198	0.02298	0.29496	0.04268	0.01207	0.00565	0.00185	0.00339	0.53796	0.00388	0.00372
14	0.00901	0.01174	0.20309	0.29049	0.30620	0.00962	0.03609	0.01249	0.03828	0.01272	0.00835	0.02837	0.00667	0.00422	0.00419	0.00134	0.00542	0.00384	0.00206	0.00580
15	0.00624	0.00476	0.00650	0.00604	0.00717	0.00451	0.03679	0.00862	0.05094	0.01590	0.63159	0.11215	0.05669	0.00883	0.00499	0.00139	0.00235	0.02607	0.00440	0.00410
16	0.00595	0.00424	0.00537	0.00604	0.00654	0.00413	0.00415	0.04769	0.03233	0.01195	0.02192	0.74640	0.02558	0.01218	0.00517	0.00164	0.00256	0.01098	0.04146	0.00372
17	0.00640	0.00497	0.00587	0.00594	0.00645	0.04525	0.00415	0.00713	0.00706	0.00936	0.01468	0.13037	0.05554	0.29581	0.34104	0.04119	0.00677	0.00611	0.00263	0.00328
18	0.00649	0.00525	0.00692	0.00687	0.00766	0.04598	0.00529	0.00791	0.00698	0.00972	0.01111	0.01652	0.01045	0.06341	0.76180	0.00637	0.01079	0.00448	0.00226	0.00376
19	0.00804	0.00761	0.01263	0.77544	0.02751	0.00962	0.01148	0.01069	0.00825	0.01069	0.00731	0.01105	0.00560	0.00446	0.00497	0.00144	0.07295	0.00373	0.00187	0.00466
20	0.01124	0.85479	0.02203	0.00719	0.01079	0.01663	0.00719	0.01259	0.00854	0.00989	0.00584	0.00674	0.00539	0.00360	0.00270	0.00090	0.00450	0.00225	0.00180	0.00539
21	0.05284	0.00692	0.00913	0.08154	0.04630	0.00666	0.00634	0.03415	0.04338	0.48391	0.01428	0.01376	0.00966	0.00495	0.00391	0.00125	0.00351	0.00403	0.16730	0.00617
22	0.00866	0.00787	0.01191	0.66536	0.02492	0.03042	0.01050	0.08159	0.00984	0.01272	0.08732	0.01299	0.00906	0.00471	0.00427	0.00137	0.00521	0.00409	0.00235	0.00483
23	0.01693	0.01056	0.01163	0.00898	0.01226	0.04380	0.00739	0.51498	0.01686	0.29457	0.01212	0.01140	0.00817	0.00507	0.00420	0.00127	0.00439	0.00389	0.00446	0.00706
24	0.05171	0.09740	0.00741	0.00583	0.00701	0.00616	0.00443	0.03585	0.02536	0.01168	0.06570	0.18325	0.17353	0.15530	0.08031	0.02501	0.01410	0.04290	0.00321	0.00382
25	0.01326	0.14130	0.04366	0.05198	0.01319	0.46065	0.00795	0.05527	0.02851	0.01184	0.00704	0.00816	0.00578	0.00409	0.00359	0.00103	0.00608	0.00277	0.00228	0.13156
26	0.01006	0.01094	0.08998	0.18827	0.35238	0.06151	0.05464	0.06040	0.04264	0.01354	0.00873	0.01165	0.00710	0.00559	0.04506	0.00158	0.00570	0.02210	0.00228	0.00586
27	0.00602	0.00440	0.00594	0.00594	0.00643	0.00483	0.00425	0.00696	0.00684	0.00952	0.03449	0.06659	0.04219	0.30396	0.44942	0.00515	0.02550	0.00566	0.00255	0.00335
28	0.01100	0.01326	0.20272	0.02354	0.01692	0.01092	0.27594	0.20924	0.12031	0.01697	0.00999	0.02610	0.00754	0.00460	0.00473	0.00138	0.03150	0.00429	0.00286	0.00620
29	0.00557	0.00450	0.00565	0.02388	0.00706	0.00409	0.02704	0.00697	0.00981	0.01262	0.22236	0.13693	0.41848	0.02076	0.02964	0.00165	0.00274	0.05260	0.00391	0.00373
30	0.16110	0.00766	0.00925	0.00729	0.01034	0.00733	0.00600	0.08803	0.02972	0.57592	0.04451	0.01337	0.01030	0.00511	0.00398	0.00130	0.00355	0.00400	0.00464	0.00659
31	0.00768	0.00667	0.00844	0.05506	0.13708	0.02098	0.00627	0.01174	0.18862	0.01476	0.27124	0.02529	0.21463	0.00737	0.00462	0.00136	0.00308	0.00638	0.00378	0.00494
32	0.00585	0.00422	0.00477	0.00463	0.00580	0.00378	0.00348	0.00744	0.01043	0.01436	0.36529	0.03263	0.36313	0.00885	0.00463	0.00131	0.00204	0.00753	0.14603	0.00378
33	0.01166	0.13757	0.01238	0.00971	0.05882	0.10373	0.00739	0.09215	0.48635	0.01621	0.01305	0.01262	0.01001	0.00506	0.00397	0.00128	0.00419	0.00400	0.00353	0.00631

[dist]
# distance from previous block
# <min> <max>
3	9

[block]
# block no. 5 follows, 63 sequences, length 10
# corresponding to MSA columns:
# 439-448
name=unknown_F
#
# <colnr> <probs for GDERKNQSTAVLIFYWHMCP>
#	G	D	E	R	K	N	Q	S	T	A	V	L	I	F	Y	W	H	M	C	P
0	0.00746	0.00506	0.00615	0.00563	0.00692	0.00489	0.00426	0.05894	0.04807	0.05666	0.52865	0.04998	0.09143	0.03986	0.00533	0.00142	0.00239	0.00697	0.06560	0.00434
1	0.03085	0.05833	0.24600	0.01319	0.14011	0.02496	0.12044	0.02818	0.15843	0.02480	0.04999	0.02453	0.02030	0.00480	0.00455	0.00134	0.03642	0.00417	0.00265	0.00596
2	0.04269	0.00435	0.00488	0.00500	0.00605	0.00398	0.00367	0.00680	0.00937	0.01242	0.18490	0.16748	0.38893	0.08658	0.00647	0.00171	0.00248	0.05480	0.00386	0.00358
3	0.08914	0.05174	0.22247	0.01084	0.07761	0.03909	0.04919	0.14949	0.05533	0.05035	0.01994	0.02587	0.04508	0.02215	0.02350	0.00151	0.03890	0.01919	0.00284	0.00578
4	0.23178	0.04146	0.22193	0.01068	0.10296	0.02253	0.04189	0.06441	0.04039	0.06880	0.02604	0.01052	0.00727	0.00432	0.00368	0.00125	0.00456	0.02026	0.00267	0.07259
5	0.02926	0.10318	0.07167	0.00768	0.01128	0.13674	0.00668	0.05450	0.00985	0.03789	0.00752	0.00854	0.00608	0.00360	0.00332	0.00085	0.00429	0.00266	0.00249	0.49193
6	0.00755	0.00787	0.13089	0.03808	0.03828	0.00604	0.06697	0.02143	0.00876	0.05230	0.03468	0.17266	0.09941	0.08725	0.11827	0.00239	0.00496	0.03794	0.05981	0.00444
7	0.01162	0.01150	0.11892	0.03649	0.10455	0.02830	0.13325	0.27853	0.03314	0.04433	0.05015	0.01300	0.02096	0.06014	0.00542	0.00147	0.00503	0.00426	0.00310	0.03584
8	0.00822	0.00524	0.00641	0.00607	0.00743	0.00493	0.00450	0.07928	0.02349	0.12068	0.16042	0.33794	0.14783	0.03469	0.00537	0.00154	0.00274	0.00843	0.00415	0.03063
9	0.01098	0.12663	0.28279	0.01295	0.15816	0.04472	0.05860	0.09090	0.01045	0.07606	0.00943	0.01047	0.03204	0.00424	0.00392	0.00121	0.00522	0.00350	0.00247	0.05527

[dist]
# distance from previous block
# <min> <max>
0	1

[block]
# block no. 6 follows, 63 sequences, length 8
# corresponding to MSA columns:
# 450-457
name=unknown_G
#
# <colnr> <probs for GDERKNQSTAVLIFYWHMCP>
#	G	D	E	R	K	N	Q	S	T	A	V	L	I	F	Y	W	H	M	C	P
0	0.04831	0.00960	0.06286	0.00969	0.01253	0.00938	0.12272	0.14531	0.28285	0.04217	0.01407	0.05902	0.01180	0.00600	0.00442	0.00141	0.00424	0.09217	0.02252	0.03893
1	0.01156	0.18713	0.06041	0.07525	0.03923	0.21517	0.04899	0.12753	0.01074	0.01283	0.00814	0.01065	0.00695	0.05392	0.11201	0.00203	0.00646	0.00344	0.00236	0.00519
2	0.00719	0.00369	0.00540	0.00540	0.00540	0.00369	0.00355	0.00553	0.00553	0.00738	0.00784	0.01412	0.00803	0.09084	0.01688	0.79819	0.00369	0.00388	0.00189	0.00189
3	0.14105	0.21680	0.11354	0.01018	0.09559	0.06110	0.00846	0.14602	0.06165	0.09528	0.00876	0.00929	0.00664	0.00428	0.00355	0.00119	0.00462	0.00314	0.00285	0.00601
4	0.00690	0.00589	0.00593	0.00569	0.00649	0.08000	0.00394	0.00771	0.00828	0.01061	0.12510	0.07416	0.15499	0.34707	0.07687	0.00285	0.02833	0.00646	0.00305	0.03969
5	0.01760	0.00789	0.01059	0.00917	0.07501	0.00730	0.00690	0.09543	0.04350	0.65728	0.01530	0.01365	0.00989	0.00509	0.00422	0.00130	0.00378	0.00417	0.00483	0.00710
6	0.02777	0.03916	0.19721	0.04821	0.11359	0.06574	0.05086	0.03274	0.00933	0.07441	0.01095	0.03805	0.04218	0.00575	0.00584	0.00142	0.14430	0.06634	0.00254	0.02359
7	0.04835	0.05012	0.00828	0.03868	0.03414	0.01986	0.02299	0.02605	0.05499	0.05320	0.04486	0.16763	0.01577	0.23716	0.06452	0.00254	0.04086	0.06278	0.00309	0.00414

[dist]
# distance from previous block
# <min> <max>
0	30

# created by:
# /st0/software/busco_prod/Augustus/scripts/msa2prfl.pl ./align_prep/1228942.fa
