[name]
unknown

[dist]
# distance from previous block
# <min> <max>
0	124

[block]
# block no. 0 follows, 64 sequences, length 20
# corresponding to MSA columns:
# 125-144
name=unknown_A
#
# <colnr> <probs for GDERKNQSTAVLIFYWHMCP>
#	G	D	E	R	K	N	Q	S	T	A	V	L	I	F	Y	W	H	M	C	P
0	0.00690	0.00602	0.03046	0.15126	0.01243	0.00585	0.07847	0.00910	0.00992	0.01344	0.29238	0.03014	0.02348	0.05044	0.00583	0.00166	0.00384	0.26077	0.00347	0.00415
1	0.00542	0.00411	0.00582	0.11510	0.00897	0.00414	0.00486	0.00641	0.00800	0.01060	0.02087	0.74174	0.02461	0.01186	0.00515	0.00165	0.00282	0.01075	0.00359	0.00354
2	0.00778	0.00487	0.00624	0.00568	0.00702	0.00454	0.00433	0.02486	0.03921	0.12243	0.59180	0.07574	0.07262	0.00825	0.00479	0.00133	0.00229	0.00722	0.00455	0.00443
3	0.00506	0.00361	0.00482	0.00578	0.00602	0.00337	0.00386	0.00578	0.00795	0.01060	0.02289	0.85131	0.02747	0.01301	0.00530	0.00169	0.00241	0.01181	0.00386	0.00337
4	0.00755	0.00469	0.00604	0.00556	0.00683	0.00434	0.00422	0.00966	0.03750	0.11698	0.59409	0.08309	0.06679	0.00829	0.00477	0.00133	0.00223	0.00726	0.02444	0.00434
5	0.00502	0.00393	0.00455	0.00500	0.00583	0.00346	0.00352	0.00595	0.00883	0.01114	0.06407	0.42828	0.41239	0.01163	0.00510	0.00153	0.00224	0.01017	0.00388	0.00346
6	0.69715	0.00863	0.00736	0.00626	0.00899	0.00983	0.00516	0.15462	0.00946	0.05050	0.00692	0.00760	0.00517	0.00410	0.00291	0.00128	0.00347	0.00259	0.00295	0.00505
7	0.01111	0.85652	0.02177	0.00711	0.01066	0.01644	0.00711	0.01244	0.00844	0.00977	0.00577	0.00666	0.00533	0.00355	0.00267	0.00089	0.00444	0.00222	0.00178	0.00533
8	0.00779	0.00435	0.00571	0.00594	0.00674	0.00403	0.00418	0.00865	0.00849	0.15984	0.02016	0.53853	0.02218	0.12423	0.00719	0.00192	0.00288	0.04083	0.02241	0.00396
9	0.00912	0.00917	0.01199	0.01038	0.01051	0.05379	0.00852	0.01001	0.00663	0.00988	0.00614	0.01030	0.00617	0.05561	0.04451	0.00209	0.72512	0.00375	0.00189	0.00441
10	0.00500	0.00418	0.00436	0.00438	0.00569	0.00354	0.00326	0.00612	0.00960	0.01168	0.11166	0.08034	0.71503	0.01046	0.00493	0.00141	0.00211	0.00881	0.00392	0.00354
11	0.00955	0.00794	0.00912	0.00660	0.01024	0.00649	0.00531	0.11528	0.01004	0.01518	0.00772	0.00879	0.00627	0.00333	0.00322	0.00070	0.00327	0.00263	0.00268	0.76566
12	0.00934	0.19081	0.04162	0.11803	0.01285	0.06341	0.00842	0.01067	0.00756	0.01005	0.00771	0.01109	0.03271	0.06525	0.02225	0.00171	0.37635	0.00361	0.00195	0.00460
13	0.12194	0.00736	0.01142	0.71162	0.02530	0.00908	0.01041	0.01069	0.00813	0.01166	0.00760	0.03362	0.00601	0.00436	0.00398	0.00138	0.00515	0.00373	0.00200	0.00457
14	0.01404	0.00857	0.00953	0.02239	0.04307	0.11490	0.03188	0.07407	0.03768	0.35692	0.04982	0.01403	0.01983	0.00506	0.00393	0.00120	0.00391	0.00410	0.17924	0.00583
15	0.01247	0.00948	0.00984	0.02849	0.01084	0.13229	0.00658	0.13165	0.03196	0.19949	0.04144	0.05587	0.08142	0.00596	0.00531	0.00127	0.11064	0.00450	0.00348	0.11702
16	0.21905	0.35228	0.01463	0.00817	0.04108	0.08150	0.00686	0.15156	0.03150	0.04859	0.00735	0.00799	0.00587	0.00406	0.00315	0.00110	0.00438	0.00273	0.00262	0.00554
17	0.00520	0.00382	0.00470	0.00528	0.00576	0.00351	0.00355	0.00596	0.00820	0.01072	0.06878	0.54159	0.18197	0.12195	0.00727	0.00192	0.00254	0.01023	0.00372	0.00332
18	0.00975	0.11866	0.01093	0.00685	0.01033	0.00807	0.00571	0.09982	0.00971	0.01430	0.00738	0.00853	0.00612	0.00352	0.00358	0.00077	0.03851	0.00262	0.00253	0.63231
19	0.01396	0.11927	0.04237	0.00810	0.03234	0.04886	0.01924	0.06325	0.01106	0.37287	0.06208	0.01238	0.00995	0.00493	0.01323	0.00117	0.00401	0.00370	0.00372	0.15351

[dist]
# distance from previous block
# <min> <max>
0	1

[block]
# block no. 1 follows, 64 sequences, length 8
# corresponding to MSA columns:
# 146-153
name=unknown_B
#
# <colnr> <probs for GDERKNQSTAVLIFYWHMCP>
#	G	D	E	R	K	N	Q	S	T	A	V	L	I	F	Y	W	H	M	C	P
0	0.01232	0.00914	0.01547	0.05744	0.50291	0.00891	0.08442	0.01467	0.01008	0.22800	0.01010	0.01141	0.00748	0.00408	0.00420	0.00127	0.00478	0.00394	0.00286	0.00653
1	0.00604	0.00403	0.00453	0.00453	0.00453	0.00403	0.00252	0.00604	0.00604	0.00805	0.01309	0.02718	0.01510	0.85402	0.02114	0.00403	0.00403	0.00604	0.00252	0.00252
2	0.00860	0.00794	0.01322	0.18353	0.48056	0.00825	0.01047	0.01072	0.00888	0.01230	0.01119	0.20357	0.01117	0.00593	0.00439	0.00137	0.00447	0.00556	0.00243	0.00545
3	0.01087	0.01012	0.04629	0.05519	0.42007	0.01019	0.03181	0.09839	0.22343	0.03530	0.01061	0.01171	0.00821	0.00440	0.00416	0.00130	0.00456	0.00398	0.00290	0.00651
4	0.00579	0.00378	0.00522	0.00596	0.00625	0.00363	0.00420	0.00610	0.00760	0.01008	0.01917	0.54548	0.02232	0.01312	0.00787	0.20321	0.00288	0.12090	0.00338	0.00308
5	0.00544	0.00388	0.00525	0.00621	0.00662	0.00370	0.00451	0.00643	0.00832	0.01102	0.02269	0.66658	0.02665	0.01266	0.00540	0.00174	0.00273	0.19284	0.00385	0.00348
6	0.00839	0.00620	0.00857	0.19933	0.04469	0.00656	0.00662	0.07287	0.05880	0.07454	0.37161	0.07057	0.04046	0.00694	0.00457	0.00135	0.00332	0.00607	0.00378	0.00477
7	0.00874	0.00810	0.01210	0.00871	0.01238	0.00659	0.19044	0.01098	0.00905	0.01365	0.05045	0.01038	0.00792	0.00346	0.00359	0.00083	0.00392	0.00329	0.00249	0.63294

[dist]
# distance from previous block
# <min> <max>
0	8

[block]
# block no. 2 follows, 64 sequences, length 16
# corresponding to MSA columns:
# 162-177
name=unknown_C
#
# <colnr> <probs for GDERKNQSTAVLIFYWHMCP>
#	G	D	E	R	K	N	Q	S	T	A	V	L	I	F	Y	W	H	M	C	P
0	0.58746	0.08843	0.00898	0.00687	0.00947	0.17907	0.00561	0.04902	0.00871	0.01643	0.00610	0.00704	0.00486	0.00397	0.00289	0.00120	0.00426	0.00240	0.00248	0.00475
1	0.00934	0.00879	0.01483	0.11856	0.63158	0.00898	0.01149	0.01162	0.00913	0.01285	0.00966	0.11597	0.00908	0.00492	0.00427	0.00131	0.00469	0.00472	0.00226	0.00595
2	0.00548	0.00464	0.00490	0.00465	0.00631	0.00383	0.00358	0.00668	0.00937	0.01158	0.03659	0.03643	0.67800	0.00964	0.00473	0.00133	0.00232	0.05278	0.00368	0.11350
3	0.14672	0.11713	0.01719	0.01211	0.02917	0.06452	0.30706	0.11274	0.01006	0.01464	0.00731	0.00924	0.00582	0.00433	0.00531	0.00133	0.12391	0.00367	0.00235	0.00540
4	0.00919	0.00937	0.01645	0.01285	0.01473	0.01067	0.33143	0.04979	0.00858	0.01219	0.00905	0.11573	0.00864	0.00637	0.00862	0.00161	0.36232	0.00518	0.00230	0.00494
5	0.00592	0.00492	0.00526	0.00505	0.00651	0.00462	0.00383	0.00877	0.13191	0.01326	0.19835	0.03447	0.54331	0.00937	0.00480	0.00138	0.00225	0.00790	0.00406	0.00405
6	0.00630	0.00408	0.00515	0.00558	0.00636	0.00367	0.00391	0.00720	0.00874	0.08615	0.04768	0.57929	0.19705	0.01164	0.00510	0.00158	0.00244	0.01034	0.00399	0.00376
7	0.00816	0.00418	0.00442	0.00434	0.00539	0.00414	0.00325	0.02963	0.00904	0.05027	0.01444	0.09196	0.01209	0.00561	0.00321	0.00105	0.00211	0.00461	0.73805	0.00404
8	0.00949	0.00679	0.00781	0.00728	0.00906	0.00721	0.00550	0.01581	0.40626	0.11730	0.05760	0.27171	0.01799	0.00789	0.00455	0.00145	0.00298	0.00688	0.00419	0.03223
9	0.88336	0.00803	0.00611	0.00546	0.00803	0.00932	0.00450	0.01221	0.00707	0.01864	0.00578	0.00675	0.00450	0.00386	0.00257	0.00129	0.00321	0.00225	0.00257	0.00450
10	0.01552	0.01980	0.01177	0.01070	0.01284	0.83735	0.00803	0.01659	0.01177	0.01017	0.00642	0.00749	0.00535	0.00428	0.00375	0.00107	0.00749	0.00268	0.00214	0.00482
11	0.00613	0.00448	0.00556	0.00593	0.00664	0.00432	0.00417	0.08021	0.00960	0.01281	0.11939	0.60498	0.09701	0.01152	0.00511	0.00158	0.00253	0.01029	0.00397	0.00379
12	0.11857	0.00612	0.00604	0.00564	0.00728	0.00676	0.00436	0.01423	0.28591	0.01653	0.01372	0.01439	0.01057	0.00499	0.00331	0.00116	0.00256	0.00395	0.46905	0.00487
13	0.01138	0.16569	0.01272	0.00962	0.08588	0.08147	0.00720	0.16315	0.22964	0.01580	0.01215	0.01228	0.05656	0.00481	0.00377	0.00114	0.00415	0.00376	0.00314	0.11569
14	0.00980	0.00910	0.03840	0.17625	0.38903	0.00920	0.01041	0.12101	0.02907	0.01443	0.01010	0.11600	0.00915	0.00516	0.00424	0.00131	0.00462	0.00468	0.00258	0.03545
15	0.01090	0.07448	0.35298	0.00963	0.01363	0.00931	0.02577	0.10860	0.02614	0.15355	0.04934	0.01172	0.00868	0.00739	0.08986	0.00184	0.03366	0.00372	0.00286	0.00594

[dist]
# distance from previous block
# <min> <max>
0	1

[block]
# block no. 3 follows, 64 sequences, length 21
# corresponding to MSA columns:
# 179-199
name=unknown_D
#
# <colnr> <probs for GDERKNQSTAVLIFYWHMCP>
#	G	D	E	R	K	N	Q	S	T	A	V	L	I	F	Y	W	H	M	C	P
0	0.01018	0.00743	0.00844	0.00731	0.00934	0.00791	0.01686	0.16301	0.26755	0.08543	0.10361	0.02142	0.11897	0.09972	0.02579	0.00178	0.00359	0.03224	0.00400	0.00542
1	0.00615	0.00476	0.00679	0.02167	0.00751	0.00541	0.01481	0.00711	0.00696	0.00974	0.01394	0.25729	0.01514	0.12599	0.35558	0.03199	0.09630	0.00665	0.00267	0.00353
2	0.01059	0.51252	0.13216	0.01086	0.08063	0.01380	0.12421	0.01280	0.00879	0.02945	0.00678	0.00812	0.00568	0.00373	0.00357	0.00108	0.02478	0.00292	0.00192	0.00560
3	0.00703	0.00457	0.00643	0.00624	0.00701	0.00500	0.00464	0.00818	0.00697	0.07863	0.01203	0.01867	0.01148	0.22106	0.57660	0.00560	0.00883	0.00480	0.00254	0.00371
4	0.00513	0.00367	0.00488	0.00574	0.00604	0.00342	0.00386	0.00595	0.00827	0.01110	0.08909	0.78370	0.02844	0.01264	0.00527	0.00166	0.00237	0.01145	0.00391	0.00342
5	0.01055	0.00951	0.01382	0.31466	0.35767	0.07756	0.01100	0.01348	0.05719	0.08148	0.00880	0.01097	0.00678	0.00415	0.00411	0.00129	0.00515	0.00371	0.00238	0.00577
6	0.02948	0.01039	0.01175	0.00976	0.01236	0.06744	0.08791	0.19380	0.44437	0.01802	0.01320	0.02622	0.01007	0.00534	0.00462	0.00137	0.03951	0.00439	0.00371	0.00629
7	0.00527	0.00409	0.00491	0.00523	0.00609	0.00378	0.00376	0.00655	0.02437	0.01161	0.12498	0.35222	0.33720	0.01290	0.07536	0.00195	0.00299	0.00936	0.00381	0.00358
8	0.01512	0.00769	0.00918	0.00733	0.01007	0.00764	0.00596	0.19639	0.09617	0.41575	0.01448	0.01359	0.00988	0.00510	0.00394	0.00123	0.00344	0.00408	0.16654	0.00642
9	0.15107	0.00979	0.00943	0.00733	0.01057	0.10277	0.00589	0.18184	0.01117	0.05086	0.00794	0.00871	0.00616	0.00383	0.00335	0.00094	0.00394	0.00279	0.00291	0.41870
10	0.01115	0.61352	0.07194	0.00987	0.08098	0.08277	0.05562	0.01290	0.00890	0.01055	0.00626	0.00744	0.00549	0.00365	0.00309	0.00099	0.00499	0.00259	0.00185	0.00546
11	0.00546	0.00402	0.00504	0.00526	0.00599	0.00369	0.00374	0.00673	0.00969	0.01308	0.35554	0.31393	0.16481	0.06021	0.00601	0.00163	0.00230	0.02522	0.00407	0.00358
12	0.00966	0.00984	0.01386	0.03967	0.12527	0.06011	0.08593	0.01199	0.07469	0.01147	0.00806	0.01074	0.02721	0.00609	0.00960	0.00160	0.48305	0.00393	0.00215	0.00508
13	0.03337	0.00435	0.00499	0.00501	0.00611	0.00399	0.00368	0.00720	0.03060	0.01341	0.31288	0.18511	0.35451	0.00993	0.00489	0.00142	0.00218	0.00858	0.00408	0.00374
14	0.00679	0.00478	0.00606	0.00560	0.00680	0.00458	0.00425	0.00962	0.08443	0.04959	0.72057	0.02895	0.03564	0.00810	0.00481	0.00131	0.00214	0.00712	0.00456	0.00428
15	0.00899	0.00864	0.01502	0.48942	0.27008	0.00965	0.09326	0.03297	0.00911	0.01220	0.00769	0.01082	0.00597	0.00397	0.00422	0.00134	0.00548	0.00382	0.00200	0.00538
16	0.88336	0.00803	0.00611	0.00546	0.00803	0.00932	0.00450	0.01221	0.00707	0.01864	0.00578	0.00675	0.00450	0.00386	0.00257	0.00129	0.00321	0.00225	0.00257	0.00450
17	0.01033	0.50529	0.24756	0.08893	0.01443	0.01341	0.00980	0.01279	0.00866	0.04518	0.00684	0.00799	0.00554	0.00379	0.00323	0.00107	0.00498	0.00268	0.00192	0.00556
18	0.00664	0.00452	0.00542	0.00534	0.00579	0.00474	0.00358	0.03919	0.02209	0.01013	0.01321	0.03976	0.01397	0.51277	0.18688	0.00403	0.00529	0.03696	0.07648	0.00320
19	0.01099	0.82329	0.05403	0.00730	0.01095	0.01617	0.00744	0.01247	0.00845	0.00991	0.00584	0.00675	0.00533	0.00357	0.00272	0.00091	0.00451	0.00225	0.00178	0.00536
20	0.01010	0.08772	0.35647	0.00978	0.02361	0.12654	0.01023	0.11234	0.04004	0.01450	0.10505	0.01341	0.06249	0.00510	0.00402	0.00124	0.00513	0.00397	0.00266	0.00559

[dist]
# distance from previous block
# <min> <max>
1	20

[block]
# block no. 4 follows, 64 sequences, length 25
# corresponding to MSA columns:
# 220-244
name=unknown_E
#
# <colnr> <probs for GDERKNQSTAVLIFYWHMCP>
#	G	D	E	R	K	N	Q	S	T	A	V	L	I	F	Y	W	H	M	C	P
0	0.02869	0.03949	0.05514	0.06564	0.12519	0.18743	0.04024	0.13124	0.05565	0.10566	0.00905	0.01012	0.00688	0.00496	0.01866	0.00132	0.05637	0.00348	0.00283	0.05197
1	0.00844	0.00574	0.00693	0.00646	0.00777	0.02311	0.00485	0.07777	0.05187	0.09883	0.01709	0.16642	0.09932	0.10650	0.23695	0.03459	0.00548	0.00617	0.00329	0.03244
2	0.00942	0.00760	0.00914	0.00658	0.01024	0.00594	0.02215	0.03984	0.00920	0.05714	0.00797	0.00901	0.00641	0.00326	0.00321	0.00069	0.00324	0.00265	0.00266	0.78365
3	0.00751	0.06753	0.32983	0.00847	0.01157	0.03392	0.00891	0.03320	0.00899	0.01218	0.01618	0.29156	0.08344	0.00789	0.00447	0.00143	0.00428	0.04754	0.00283	0.01827
4	0.01244	0.01019	0.01384	0.07454	0.01507	0.06143	0.19023	0.22198	0.16886	0.11263	0.01151	0.01255	0.00853	0.00617	0.04906	0.00162	0.00535	0.01451	0.00341	0.00609
5	0.08382	0.00893	0.01309	0.01605	0.36814	0.05287	0.08910	0.06716	0.00987	0.01414	0.04083	0.19403	0.01208	0.00602	0.00433	0.00135	0.00445	0.00555	0.00274	0.00545
6	0.00674	0.00542	0.00716	0.05229	0.07777	0.00542	0.00532	0.00981	0.11186	0.01509	0.46203	0.08992	0.11881	0.00807	0.00474	0.00136	0.00262	0.00710	0.00403	0.00443
7	0.00576	0.00437	0.00590	0.00581	0.00673	0.00404	0.03293	0.00724	0.00997	0.01353	0.38797	0.23237	0.14117	0.05529	0.00593	0.00161	0.00252	0.06911	0.00404	0.00371
8	0.00979	0.03368	0.01080	0.11561	0.01331	0.03332	0.07070	0.03288	0.43318	0.04489	0.05986	0.01738	0.08142	0.00581	0.00433	0.00137	0.00390	0.01840	0.00363	0.00574
9	0.00718	0.00647	0.00921	0.00810	0.00883	0.00770	0.04770	0.00859	0.00878	0.01252	0.28093	0.09144	0.10306	0.00916	0.03823	0.00175	0.33681	0.00623	0.00314	0.00416
10	0.65962	0.11857	0.00913	0.00628	0.00911	0.01021	0.03055	0.04165	0.00798	0.04159	0.00638	0.00727	0.00498	0.00386	0.00278	0.00122	0.00355	0.00245	0.00258	0.03026
11	0.03854	0.07598	0.01638	0.01175	0.02884	0.08740	0.27046	0.25531	0.01271	0.05903	0.00871	0.00988	0.00651	0.00408	0.00409	0.00119	0.00538	0.00375	0.00291	0.09709
12	0.00558	0.00391	0.00468	0.00501	0.00529	0.00374	0.00316	0.00608	0.00746	0.00991	0.08124	0.32568	0.09191	0.41294	0.01278	0.00275	0.00312	0.00847	0.00327	0.00302
13	0.00904	0.00853	0.01405	0.44119	0.35837	0.00958	0.01166	0.01237	0.07084	0.01235	0.00829	0.01108	0.00651	0.00408	0.00414	0.00132	0.00512	0.00377	0.00211	0.00558
14	0.00504	0.00417	0.00442	0.00445	0.00572	0.00355	0.00330	0.00619	0.00965	0.01186	0.13994	0.09815	0.66833	0.01045	0.00494	0.00141	0.00211	0.00883	0.00395	0.00355
15	0.80985	0.00795	0.00641	0.00563	0.00825	0.00905	0.00463	0.01289	0.00748	0.08769	0.00669	0.00738	0.00499	0.00397	0.00271	0.00129	0.00324	0.00241	0.00279	0.00472
16	0.00583	0.00408	0.00531	0.00569	0.00622	0.00404	0.00409	0.00693	0.00826	0.01139	0.13935	0.29592	0.03897	0.17322	0.12357	0.00275	0.00401	0.10839	0.04857	0.00343
17	0.00760	0.00526	0.00577	0.00566	0.00691	0.00545	0.00421	0.03374	0.19191	0.02354	0.06246	0.21526	0.11411	0.00782	0.00416	0.00132	0.00246	0.00670	0.29120	0.00445
18	0.01026	0.01147	0.10932	0.01082	0.01211	0.05663	0.00961	0.12062	0.00873	0.01259	0.00636	0.00909	0.00564	0.00641	0.01066	0.00164	0.58727	0.00353	0.00215	0.00509
19	0.83771	0.00798	0.00629	0.00556	0.00817	0.00915	0.00458	0.01263	0.00732	0.06153	0.00634	0.00714	0.00480	0.00392	0.00266	0.00129	0.00323	0.00235	0.00271	0.00463
20	0.00854	0.00783	0.01090	0.00941	0.00981	0.01020	0.03278	0.05156	0.00715	0.01058	0.00782	0.01323	0.00785	0.15539	0.11963	0.00278	0.52397	0.00420	0.00212	0.00426
21	0.00953	0.00999	0.01907	0.01426	0.01766	0.00986	0.54337	0.01485	0.21160	0.01409	0.01175	0.08369	0.00969	0.00484	0.00477	0.00143	0.00569	0.00544	0.00278	0.00566
22	0.00556	0.00424	0.00496	0.00497	0.00602	0.00384	0.00365	0.00722	0.03172	0.01354	0.34104	0.17117	0.33569	0.00982	0.00488	0.00140	0.00212	0.00850	0.03592	0.00374
23	0.00657	0.00442	0.00542	0.00509	0.00634	0.00395	0.00384	0.00819	0.01093	0.07705	0.49509	0.05856	0.26866	0.00893	0.00483	0.00134	0.00214	0.00771	0.01692	0.00402
24	0.01014	0.00799	0.00923	0.00671	0.01033	0.00664	0.00541	0.12890	0.01037	0.05428	0.00819	0.00908	0.00648	0.00345	0.00329	0.00074	0.00332	0.00273	0.00284	0.70988

[dist]
# distance from previous block
# <min> <max>
2	12

[block]
# block no. 5 follows, 64 sequences, length 25
# corresponding to MSA columns:
# 257-281
name=unknown_F
#
# <colnr> <probs for GDERKNQSTAVLIFYWHMCP>
#	G	D	E	R	K	N	Q	S	T	A	V	L	I	F	Y	W	H	M	C	P
0	0.00965	0.00763	0.01708	0.04944	0.05130	0.01466	0.04450	0.11842	0.07998	0.06556	0.06911	0.08841	0.02735	0.05849	0.00524	0.00138	0.00374	0.05701	0.00331	0.22774
1	0.01140	0.27207	0.20839	0.03286	0.06277	0.01144	0.09057	0.09539	0.01027	0.11891	0.00909	0.04319	0.00720	0.00440	0.00377	0.00119	0.00497	0.00361	0.00258	0.00593
2	0.01293	0.00788	0.00953	0.04900	0.01104	0.00812	0.00646	0.31839	0.01407	0.22558	0.14744	0.11147	0.01604	0.00672	0.00447	0.00135	0.00365	0.03566	0.00431	0.00589
3	0.00571	0.00384	0.00500	0.00572	0.00621	0.00352	0.00390	0.00651	0.00828	0.05090	0.02425	0.73927	0.09651	0.01241	0.00521	0.00164	0.00244	0.01117	0.00392	0.00357
4	0.03090	0.00930	0.12393	0.00889	0.01196	0.00735	0.08958	0.11312	0.01128	0.33469	0.03080	0.18363	0.01275	0.00644	0.00443	0.00138	0.00411	0.00563	0.00391	0.00592
5	0.00879	0.00503	0.00646	0.00640	0.00779	0.00464	0.00502	0.03464	0.00986	0.19504	0.02450	0.29141	0.17521	0.01016	0.00504	0.00158	0.00301	0.19682	0.00415	0.00445
6	0.00700	0.00657	0.11882	0.00652	0.00808	0.00462	0.00558	0.00860	0.00920	0.09281	0.16105	0.42473	0.09144	0.02851	0.00525	0.00156	0.00296	0.00873	0.00379	0.00420
7	0.01447	0.00873	0.01571	0.06329	0.01612	0.00804	0.32613	0.01690	0.01084	0.45615	0.01267	0.01279	0.00841	0.00443	0.00446	0.00134	0.00503	0.00443	0.00373	0.00634
8	0.00982	0.00876	0.01209	0.66387	0.02498	0.10293	0.01058	0.01228	0.00907	0.09445	0.00819	0.01098	0.00600	0.00427	0.00411	0.00134	0.00555	0.00363	0.00222	0.00489
9	0.01002	0.09786	0.08014	0.05028	0.20443	0.01077	0.44414	0.01310	0.00949	0.02763	0.00803	0.01040	0.00623	0.00364	0.00438	0.00130	0.00609	0.00416	0.00208	0.00582
10	0.00544	0.00395	0.00516	0.00598	0.00649	0.00372	0.00436	0.00644	0.00839	0.01097	0.02427	0.55808	0.10789	0.04571	0.00598	0.00180	0.00276	0.18536	0.00380	0.00345
11	0.14330	0.62449	0.01816	0.00731	0.01054	0.11738	0.00683	0.01292	0.00865	0.01116	0.00586	0.00678	0.00521	0.00369	0.00279	0.00097	0.00464	0.00228	0.00194	0.00514
12	0.00698	0.00465	0.00597	0.00549	0.00669	0.00438	0.00417	0.00939	0.05137	0.06996	0.71413	0.02879	0.03533	0.00805	0.00477	0.00130	0.00213	0.00707	0.02513	0.00425
13	0.01111	0.85652	0.02177	0.00711	0.01066	0.01644	0.00711	0.01244	0.00844	0.00977	0.00577	0.00666	0.00533	0.00355	0.00267	0.00089	0.00444	0.00222	0.00178	0.00533
14	0.00523	0.00416	0.00469	0.00469	0.00584	0.00362	0.00346	0.00653	0.01002	0.01285	0.28371	0.12016	0.50008	0.01014	0.00495	0.00140	0.00209	0.00869	0.00408	0.00362
15	0.00519	0.00371	0.00497	0.00588	0.00619	0.00348	0.00403	0.00604	0.00820	0.01096	0.05496	0.76861	0.02772	0.01274	0.00531	0.00169	0.00248	0.06053	0.00388	0.00342
16	0.00556	0.00411	0.00458	0.00461	0.00571	0.00365	0.00340	0.00694	0.00979	0.01315	0.24118	0.12581	0.42004	0.00950	0.00468	0.00135	0.00208	0.00812	0.12210	0.00365
17	0.00982	0.00725	0.00830	0.00736	0.00902	0.00797	0.00562	0.18973	0.27920	0.01601	0.09580	0.05648	0.01355	0.02757	0.04086	0.20832	0.00380	0.00488	0.00354	0.00493
18	0.85321	0.00800	0.00623	0.00553	0.00812	0.00921	0.00455	0.01249	0.00724	0.04696	0.00615	0.00701	0.00470	0.00390	0.00263	0.00129	0.00322	0.00232	0.00266	0.00459
19	0.31550	0.01033	0.01021	0.00890	0.01019	0.13846	0.00726	0.01198	0.00755	0.02907	0.00593	0.00812	0.00520	0.00558	0.00806	0.00151	0.40632	0.00301	0.00220	0.00462
20	0.01019	0.00858	0.00917	0.00807	0.01054	0.00954	0.00629	0.02036	0.69439	0.03609	0.01667	0.01549	0.03605	0.00551	0.00413	0.00132	0.00324	0.00458	0.00406	0.09575
21	0.00861	0.00834	0.01190	0.01028	0.01050	0.01138	0.02595	0.00968	0.00653	0.01014	0.00652	0.01033	0.00631	0.01063	0.13392	0.00250	0.68741	0.00379	0.02083	0.00443
22	0.09927	0.01002	0.07643	0.19689	0.37420	0.02444	0.05952	0.01280	0.02403	0.05357	0.02508	0.01070	0.00697	0.00404	0.00401	0.00129	0.00499	0.00368	0.00229	0.00579
23	0.00636	0.00434	0.00497	0.00476	0.00527	0.00412	0.00295	0.00684	0.00692	0.00977	0.05442	0.07570	0.01584	0.60740	0.01610	0.00316	0.00357	0.00594	0.06915	0.09241
24	0.00946	0.10722	0.44840	0.09701	0.03346	0.01072	0.10618	0.07468	0.04918	0.01376	0.00804	0.00951	0.00594	0.00403	0.00397	0.00128	0.00571	0.00340	0.00212	0.00593

[dist]
# distance from previous block
# <min> <max>
0	4

[block]
# block no. 6 follows, 64 sequences, length 21
# corresponding to MSA columns:
# 286-306
name=unknown_G
#
# <colnr> <probs for GDERKNQSTAVLIFYWHMCP>
#	G	D	E	R	K	N	Q	S	T	A	V	L	I	F	Y	W	H	M	C	P
0	0.01698	0.00764	0.00968	0.00756	0.01061	0.00718	0.00620	0.12767	0.06817	0.61868	0.01613	0.01438	0.03118	0.00528	0.00416	0.00128	0.00357	0.00426	0.03254	0.00684
1	0.00606	0.00442	0.00603	0.05499	0.00741	0.00476	0.00437	0.00715	0.00743	0.01034	0.14874	0.04063	0.01699	0.31735	0.34064	0.00441	0.00655	0.00565	0.00274	0.00337
2	0.01002	0.01700	0.54002	0.01367	0.15473	0.00931	0.03752	0.01427	0.03955	0.11150	0.00897	0.00999	0.00640	0.00410	0.00404	0.00130	0.00554	0.00343	0.00231	0.00633
3	0.00955	0.00796	0.01085	0.04194	0.05009	0.02336	0.02850	0.10645	0.00903	0.06068	0.01065	0.11820	0.01036	0.03302	0.10149	0.00224	0.32964	0.03846	0.00272	0.00480
4	0.07565	0.11483	0.47391	0.01202	0.11257	0.03987	0.01220	0.01290	0.00891	0.02975	0.00833	0.01125	0.00677	0.00442	0.00383	0.00129	0.00541	0.05822	0.00208	0.00578
5	0.36353	0.07089	0.04765	0.00797	0.01071	0.22537	0.00666	0.08367	0.10721	0.02954	0.00790	0.00848	0.00611	0.00428	0.00331	0.00121	0.00468	0.00285	0.00274	0.00523
6	0.09180	0.00779	0.01179	0.17678	0.37200	0.00837	0.00929	0.01132	0.00875	0.01363	0.00990	0.01222	0.03839	0.00442	0.00411	0.00124	0.03475	0.00379	0.17438	0.00528
7	0.00594	0.00403	0.00473	0.00478	0.00493	0.00401	0.00287	0.00624	0.00677	0.00915	0.09087	0.09706	0.01825	0.67097	0.04958	0.00367	0.00397	0.00661	0.00281	0.00277
8	0.00659	0.00440	0.00564	0.00547	0.00619	0.00447	0.00388	0.00754	0.00765	0.05842	0.10645	0.02466	0.11321	0.32710	0.29590	0.00415	0.00597	0.00588	0.00296	0.00347
9	0.00519	0.00418	0.00462	0.00458	0.00580	0.00361	0.00341	0.00647	0.01001	0.01269	0.25859	0.08529	0.56077	0.01010	0.00493	0.00139	0.00208	0.00860	0.00406	0.00361
10	0.01398	0.04777	0.01124	0.00993	0.01190	0.68835	0.00746	0.01527	0.03012	0.01037	0.00862	0.10888	0.00818	0.00533	0.00390	0.00115	0.00667	0.00380	0.00238	0.00470
11	0.00861	0.00738	0.00861	0.00615	0.00984	0.00554	0.00492	0.01046	0.00861	0.01354	0.00738	0.00861	0.00615	0.00308	0.00308	0.00062	0.00308	0.00246	0.00246	0.87941
12	0.88336	0.00803	0.00611	0.00546	0.00803	0.00932	0.00450	0.01221	0.00707	0.01864	0.00578	0.00675	0.00450	0.00386	0.00257	0.00129	0.00321	0.00225	0.00257	0.00450
13	0.01468	0.01063	0.01136	0.00885	0.01186	0.01174	0.00726	0.69748	0.03872	0.02467	0.01058	0.01078	0.00764	0.00499	0.00401	0.00122	0.00422	0.00378	0.10888	0.00667
14	0.02999	0.00640	0.00852	0.00688	0.00954	0.00560	0.00554	0.01716	0.01114	0.64310	0.03340	0.11619	0.05710	0.00641	0.00431	0.00133	0.00325	0.00537	0.02250	0.00627
15	0.01150	0.00879	0.00952	0.00836	0.01084	0.00991	0.00656	0.04754	0.69762	0.11526	0.01662	0.01516	0.01221	0.00556	0.00422	0.00139	0.00336	0.00460	0.00433	0.00665
16	0.88336	0.00803	0.00611	0.00546	0.00803	0.00932	0.00450	0.01221	0.00707	0.01864	0.00578	0.00675	0.00450	0.00386	0.00257	0.00129	0.00321	0.00225	0.00257	0.00450
17	0.03277	0.00738	0.00961	0.00733	0.01059	0.00647	0.00603	0.06350	0.01184	0.67319	0.01476	0.01311	0.00950	0.00486	0.00402	0.00120	0.00353	0.00391	0.00472	0.11167
18	0.00658	0.00636	0.10482	0.00633	0.00749	0.00512	0.00523	0.00769	0.00687	0.02488	0.01227	0.04859	0.02344	0.35049	0.29040	0.04917	0.00652	0.01610	0.00242	0.01922
19	0.01451	0.01336	0.01151	0.00964	0.01230	0.27019	0.00765	0.36730	0.15136	0.04577	0.01041	0.01109	0.00793	0.00508	0.00430	0.00125	0.02484	0.02184	0.00351	0.00614
20	0.04900	0.00817	0.02770	0.00731	0.01007	0.00788	0.00592	0.12407	0.22941	0.09562	0.10384	0.02431	0.01251	0.01973	0.00443	0.01765	0.00335	0.00418	0.00366	0.24121

[dist]
# distance from previous block
# <min> <max>
3	107

[block]
# block no. 7 follows, 64 sequences, length 18
# corresponding to MSA columns:
# 442-459
name=unknown_H
#
# <colnr> <probs for GDERKNQSTAVLIFYWHMCP>
#	G	D	E	R	K	N	Q	S	T	A	V	L	I	F	Y	W	H	M	C	P
0	0.03679	0.19058	0.12627	0.00911	0.02555	0.19759	0.00817	0.12904	0.02105	0.06631	0.00837	0.00968	0.00670	0.01751	0.09824	0.00177	0.00599	0.00315	0.00256	0.03556
1	0.00784	0.00689	0.00754	0.10091	0.01028	0.07846	0.00538	0.01005	0.04647	0.03293	0.28762	0.02260	0.17135	0.00667	0.00429	0.00117	0.00321	0.00563	0.00347	0.18724
2	0.10776	0.00788	0.00784	0.00696	0.00890	0.09261	0.03733	0.03527	0.19225	0.03435	0.20202	0.02274	0.21376	0.00700	0.00433	0.00133	0.00332	0.00580	0.00375	0.00480
3	0.00861	0.00738	0.00861	0.00615	0.00984	0.00554	0.00492	0.01046	0.00861	0.01354	0.00738	0.00861	0.00615	0.00308	0.00308	0.00062	0.00308	0.00246	0.00246	0.87941
4	0.01579	0.01163	0.01247	0.00956	0.01288	0.01288	0.00789	0.81426	0.01953	0.02618	0.00997	0.00997	0.00706	0.00499	0.00416	0.00125	0.00457	0.00374	0.00416	0.00706
5	0.00611	0.00411	0.00478	0.00488	0.00499	0.00411	0.00299	0.00633	0.00644	0.00855	0.01410	0.02941	0.01610	0.75859	0.01940	0.00379	0.00400	0.09598	0.00267	0.00267
6	0.00785	0.00455	0.00557	0.00510	0.00644	0.00415	0.00390	0.00963	0.01083	0.12647	0.43811	0.02688	0.14319	0.00759	0.00440	0.00125	0.00219	0.00650	0.18112	0.00428
7	0.00659	0.00403	0.00534	0.00591	0.00653	0.00369	0.00409	0.00743	0.00845	0.10354	0.02280	0.72911	0.05249	0.01204	0.00516	0.00163	0.00253	0.01084	0.00400	0.00380
8	0.00621	0.00444	0.00614	0.00710	0.00785	0.00437	0.00586	0.00778	0.00909	0.01189	0.02226	0.28349	0.02495	0.01193	0.00561	0.00185	0.00341	0.56826	0.00383	0.00369
9	0.01111	0.85652	0.02177	0.00711	0.01066	0.01644	0.00711	0.01244	0.00844	0.00977	0.00577	0.00666	0.00533	0.00355	0.00267	0.00089	0.00444	0.00222	0.00178	0.00533
10	0.00542	0.00441	0.00483	0.00473	0.00602	0.00392	0.00354	0.00719	0.04648	0.01296	0.25395	0.06420	0.54795	0.00983	0.00489	0.00139	0.00213	0.00835	0.00407	0.00375
11	0.01056	0.12451	0.02164	0.01451	0.01824	0.01148	0.55366	0.10365	0.01054	0.01420	0.00825	0.01049	0.00635	0.00389	0.00485	0.00132	0.04394	0.00432	0.02797	0.00563
12	0.36685	0.00882	0.04233	0.10228	0.01254	0.02015	0.05547	0.10424	0.00995	0.16555	0.00991	0.01107	0.02354	0.00456	0.00356	0.00130	0.00405	0.01967	0.02880	0.00535
13	0.06147	0.05902	0.01057	0.00802	0.01069	0.05821	0.03380	0.22868	0.09478	0.19205	0.01496	0.08194	0.07643	0.02240	0.00445	0.00133	0.00397	0.00481	0.00383	0.02859
14	0.13200	0.00819	0.00924	0.09192	0.03969	0.02696	0.01845	0.06994	0.32875	0.04916	0.10834	0.01678	0.04710	0.00576	0.00413	0.00136	0.00362	0.02940	0.00365	0.00557
15	0.00743	0.00446	0.00567	0.00541	0.00659	0.00405	0.00404	0.00899	0.01053	0.12280	0.40887	0.19409	0.11951	0.00892	0.00474	0.00137	0.00227	0.00781	0.06827	0.00418
16	0.00737	0.10197	0.00872	0.00643	0.00815	0.00680	0.03705	0.01112	0.16969	0.01516	0.43677	0.02563	0.13414	0.00744	0.00452	0.00130	0.00272	0.00642	0.00399	0.00461
17	0.00817	0.00590	0.00695	0.00664	0.00807	0.00613	0.00497	0.01308	0.28902	0.07981	0.23141	0.26008	0.04558	0.00859	0.00473	0.00145	0.00268	0.00754	0.00427	0.00492

[dist]
# distance from previous block
# <min> <max>
8	14

[block]
# block no. 8 follows, 64 sequences, length 10
# corresponding to MSA columns:
# 474-483
name=unknown_I
#
# <colnr> <probs for GDERKNQSTAVLIFYWHMCP>
#	G	D	E	R	K	N	Q	S	T	A	V	L	I	F	Y	W	H	M	C	P
0	0.00614	0.00464	0.00613	0.00568	0.00658	0.00463	0.00434	0.00801	0.01132	0.01612	0.75987	0.02926	0.03648	0.00839	0.00560	0.00135	0.06994	0.00720	0.00435	0.00397
1	0.04117	0.00973	0.01699	0.07677	0.47712	0.00975	0.17999	0.03276	0.02895	0.07325	0.00873	0.01080	0.00680	0.00388	0.00424	0.00129	0.00520	0.00396	0.00239	0.00621
2	0.00567	0.00424	0.00527	0.00501	0.00608	0.00383	0.00376	0.00744	0.01128	0.01551	0.66102	0.03291	0.20480	0.00892	0.00490	0.00133	0.00199	0.00778	0.00442	0.00383
3	0.19351	0.14411	0.42928	0.00988	0.01455	0.01091	0.05099	0.07735	0.00928	0.01485	0.00710	0.00824	0.00531	0.00393	0.00353	0.00124	0.00518	0.00291	0.00214	0.00572
4	0.00968	0.18719	0.01649	0.28281	0.40104	0.01105	0.01117	0.01200	0.00888	0.01183	0.00725	0.00977	0.00598	0.00381	0.00382	0.00121	0.00502	0.00339	0.00193	0.00569
5	0.00557	0.00439	0.00506	0.00495	0.00616	0.00396	0.00374	0.00740	0.03835	0.01376	0.37249	0.06182	0.41166	0.00960	0.00492	0.00139	0.00215	0.03467	0.00417	0.00379
6	0.00966	0.11386	0.32129	0.01202	0.01639	0.01078	0.23270	0.06804	0.08926	0.01408	0.03035	0.01111	0.02287	0.00433	0.00437	0.00131	0.02544	0.00392	0.00237	0.00586
7	0.00651	0.00521	0.00777	0.18262	0.01148	0.00619	0.00619	0.00795	0.00688	0.00955	0.01044	0.01700	0.01005	0.18688	0.45983	0.00480	0.05020	0.00456	0.00218	0.00371
8	0.00908	0.00922	0.06074	0.13242	0.27535	0.02813	0.08366	0.05174	0.09488	0.01342	0.01199	0.18779	0.01136	0.00600	0.00444	0.00139	0.00462	0.00556	0.00273	0.00549
9	0.01138	0.01196	0.01579	0.02238	0.65660	0.18395	0.01175	0.01356	0.00994	0.01285	0.00752	0.00969	0.00632	0.00382	0.00404	0.00120	0.00547	0.00349	0.00207	0.00621

[dist]
# distance from previous block
# <min> <max>
0	33

# created by:
# /st0/software/busco_prod/Augustus/scripts/msa2prfl.pl ./align_prep/1233814.fa
