[name]
unknown

[dist]
# distance from previous block
# <min> <max>
0	3

[block]
# block no. 0 follows, 64 sequences, length 8
# corresponding to MSA columns:
# 3-10
name=unknown_A
#
# <colnr> <probs for GDERKNQSTAVLIFYWHMCP>
#	G	D	E	R	K	N	Q	S	T	A	V	L	I	F	Y	W	H	M	C	P
0	0.00876	0.00518	0.00720	0.00760	0.00895	0.00501	0.00659	0.01061	0.00996	0.15373	0.02103	0.04121	0.02155	0.01038	0.00547	0.00180	0.00377	0.66275	0.00405	0.00438
1	0.03333	0.00935	0.00956	0.00740	0.01056	0.10179	0.00591	0.08236	0.05755	0.05762	0.00839	0.00928	0.00666	0.00388	0.00392	0.00089	0.04897	0.00288	0.00279	0.53693
2	0.00997	0.00806	0.01273	0.20659	0.35634	0.00807	0.00976	0.01216	0.00921	0.10580	0.00994	0.08388	0.00852	0.00469	0.00408	0.00122	0.00441	0.00427	0.00258	0.13773
3	0.00548	0.00440	0.00550	0.07801	0.00793	0.00417	0.00431	0.00687	0.00950	0.01230	0.22552	0.18556	0.37010	0.01103	0.04891	0.00171	0.00290	0.00836	0.00377	0.00369
4	0.00844	0.00799	0.01353	0.64469	0.22332	0.00938	0.01183	0.01113	0.00859	0.01133	0.00749	0.01088	0.00579	0.00404	0.00414	0.00135	0.00539	0.00369	0.00190	0.00509
5	0.00972	0.00831	0.01212	0.40611	0.11249	0.00971	0.00983	0.05552	0.16446	0.05709	0.00971	0.01169	0.00737	0.00471	0.00492	0.00137	0.07464	0.00387	0.00264	0.03373
6	0.04376	0.00891	0.01011	0.02562	0.05473	0.05591	0.02034	0.31541	0.02657	0.08553	0.06101	0.13284	0.01378	0.00683	0.00444	0.00137	0.00408	0.09579	0.00377	0.02918
7	0.01014	0.00870	0.01327	0.38440	0.21280	0.01008	0.01066	0.10468	0.03952	0.05617	0.00838	0.01085	0.00646	0.00460	0.00523	0.00138	0.10095	0.00375	0.00242	0.00555

[dist]
# distance from previous block
# <min> <max>
0	2

[block]
# block no. 1 follows, 64 sequences, length 29
# corresponding to MSA columns:
# 14-42
name=unknown_B
#
# <colnr> <probs for GDERKNQSTAVLIFYWHMCP>
#	G	D	E	R	K	N	Q	S	T	A	V	L	I	F	Y	W	H	M	C	P
0	0.05715	0.00993	0.07114	0.02051	0.60309	0.00920	0.01124	0.01260	0.04621	0.01417	0.07446	0.01266	0.03075	0.00438	0.00411	0.00126	0.00454	0.00406	0.00241	0.00614
1	0.01013	0.00785	0.01075	0.04112	0.16121	0.00684	0.02618	0.03796	0.00957	0.10462	0.00958	0.01238	0.00793	0.00411	0.00369	0.00096	0.00375	0.05822	0.00280	0.48033
2	0.00873	0.00686	0.00826	0.00624	0.00939	0.00548	0.00497	0.01065	0.01894	0.05940	0.06504	0.01138	0.00920	0.00658	0.09193	0.00135	0.00388	0.00315	0.00275	0.66581
3	0.00861	0.00738	0.00861	0.00615	0.00984	0.00554	0.00492	0.01046	0.00861	0.01354	0.00738	0.00861	0.00615	0.00308	0.00308	0.00062	0.00308	0.00246	0.00246	0.87941
4	0.00976	0.25194	0.48413	0.01147	0.07180	0.01142	0.04127	0.01325	0.00890	0.04924	0.00745	0.00862	0.00564	0.00386	0.00365	0.00119	0.00550	0.00299	0.00195	0.00597
5	0.82301	0.06674	0.00719	0.00558	0.00821	0.00981	0.00468	0.01223	0.00716	0.01802	0.00578	0.00674	0.00456	0.00383	0.00258	0.00126	0.00330	0.00225	0.00252	0.00456
6	0.00664	0.00386	0.00525	0.00525	0.00534	0.00395	0.00341	0.00588	0.00579	0.00782	0.00981	0.01832	0.01044	0.31856	0.11890	0.45711	0.00468	0.00459	0.00211	0.00229
7	0.01034	0.13281	0.55492	0.01064	0.01585	0.01096	0.01264	0.14499	0.01062	0.04724	0.00799	0.00889	0.00577	0.00411	0.00382	0.00124	0.00555	0.00311	0.00229	0.00622
8	0.00760	0.22691	0.09421	0.00887	0.09945	0.00815	0.00685	0.00920	0.00865	0.01149	0.08352	0.38475	0.01818	0.00823	0.00432	0.00136	0.00355	0.00718	0.00297	0.00456
9	0.00491	0.00419	0.00423	0.00427	0.00563	0.00350	0.00318	0.00595	0.00941	0.01120	0.04136	0.07038	0.79648	0.01061	0.00492	0.00141	0.00212	0.00888	0.00386	0.00350
10	0.00854	0.02017	0.73448	0.01297	0.06382	0.00971	0.06665	0.01314	0.00888	0.01319	0.00754	0.00901	0.00540	0.00390	0.00402	0.00132	0.00613	0.00322	0.00179	0.00613
11	0.02646	0.21306	0.05741	0.00706	0.01075	0.02540	0.00632	0.06714	0.02924	0.01361	0.00736	0.00836	0.00608	0.00347	0.00313	0.00080	0.00377	0.00258	0.00241	0.50558
12	0.01005	0.07289	0.01054	0.00837	0.01075	0.01005	0.03664	0.06312	0.56762	0.01671	0.07588	0.01752	0.03395	0.00596	0.00426	0.00138	0.00348	0.04080	0.00396	0.00608
13	0.00516	0.00375	0.00490	0.00578	0.00617	0.00348	0.00399	0.00599	0.00819	0.01078	0.02445	0.72728	0.09455	0.01270	0.00530	0.00168	0.00248	0.06610	0.00385	0.00342
14	0.00873	0.24933	0.19872	0.05862	0.01237	0.00983	0.02418	0.01200	0.09848	0.03339	0.03049	0.22198	0.01263	0.00644	0.00402	0.00130	0.00422	0.00541	0.00273	0.00513
15	0.00853	0.19623	0.46353	0.01042	0.05848	0.01011	0.02258	0.01187	0.00900	0.01243	0.05668	0.01322	0.10040	0.00484	0.00386	0.00123	0.00503	0.00384	0.00218	0.00556
16	0.00565	0.00397	0.00505	0.00539	0.00565	0.00402	0.00353	0.00622	0.00691	0.00933	0.01673	0.31299	0.03545	0.37950	0.17728	0.00368	0.00483	0.00780	0.00295	0.00307
17	0.03072	0.29595	0.23683	0.05528	0.01492	0.02167	0.09501	0.07935	0.02979	0.09145	0.00823	0.00917	0.00620	0.00402	0.00364	0.00118	0.00513	0.00319	0.00241	0.00585
18	0.02239	0.01208	0.04445	0.13305	0.05216	0.23196	0.20732	0.02999	0.01046	0.13139	0.01107	0.03214	0.05316	0.00473	0.00427	0.00128	0.00582	0.00423	0.00269	0.00537
19	0.01015	0.00990	0.01740	0.05485	0.72461	0.00990	0.08625	0.01272	0.00945	0.01344	0.00785	0.01039	0.00652	0.00370	0.00419	0.00125	0.00515	0.00381	0.00205	0.00642
20	0.00643	0.00459	0.00639	0.00735	0.00819	0.00455	0.00623	0.00815	0.00930	0.01213	0.02214	0.17729	0.02448	0.01172	0.00567	0.00188	0.00360	0.67233	0.00383	0.00375
21	0.00859	0.00814	0.01380	0.59425	0.27258	0.00942	0.01191	0.01126	0.00866	0.01152	0.00751	0.01083	0.00586	0.00401	0.00414	0.00134	0.00535	0.00369	0.00191	0.00521
22	0.00973	0.29912	0.46182	0.01022	0.01502	0.01225	0.02977	0.05636	0.00916	0.01259	0.00696	0.00820	0.00541	0.00401	0.00399	0.00119	0.04357	0.00289	0.00190	0.00583
23	0.03901	0.00702	0.00945	0.00729	0.01043	0.00612	0.00601	0.01973	0.01177	0.79025	0.03729	0.01440	0.01090	0.00520	0.00416	0.00129	0.00349	0.00422	0.00506	0.00693
24	0.03149	0.01688	0.51485	0.01282	0.01794	0.00946	0.24782	0.01272	0.00916	0.01340	0.03808	0.01135	0.03641	0.00421	0.00426	0.00134	0.00602	0.00395	0.00205	0.00576
25	0.01356	0.01293	0.01106	0.01021	0.05769	0.32091	0.01955	0.10876	0.22970	0.10823	0.02197	0.02860	0.02802	0.00515	0.00408	0.00124	0.00513	0.00398	0.00337	0.00584
26	0.01136	0.21487	0.31714	0.01113	0.08022	0.05581	0.04697	0.01476	0.05287	0.14355	0.00901	0.00965	0.00664	0.00411	0.00374	0.00120	0.00518	0.00325	0.00250	0.00606
27	0.01000	0.04724	0.03963	0.00819	0.05676	0.00792	0.00641	0.12653	0.08663	0.01552	0.00860	0.00947	0.00685	0.00368	0.00341	0.00085	0.00358	0.00293	0.00279	0.55301
28	0.04219	0.05554	0.01213	0.00965	0.01090	0.04010	0.00799	0.07523	0.10667	0.01281	0.00744	0.00962	0.00648	0.00607	0.00942	0.00152	0.49379	0.00350	0.00239	0.08658

[dist]
# distance from previous block
# <min> <max>
0	3

[block]
# block no. 2 follows, 64 sequences, length 26
# corresponding to MSA columns:
# 46-71
name=unknown_C
#
# <colnr> <probs for GDERKNQSTAVLIFYWHMCP>
#	G	D	E	R	K	N	Q	S	T	A	V	L	I	F	Y	W	H	M	C	P
0	0.55294	0.00917	0.00796	0.00739	0.04251	0.07687	0.00564	0.03473	0.11168	0.10371	0.00856	0.00893	0.00637	0.00427	0.00315	0.00128	0.00371	0.00289	0.00304	0.00521
1	0.11247	0.00882	0.01372	0.01956	0.58086	0.00885	0.01034	0.01249	0.00935	0.06908	0.01145	0.01384	0.07418	0.00465	0.00406	0.00128	0.00437	0.03207	0.00253	0.00602
2	0.00918	0.00815	0.01225	0.50412	0.11246	0.00906	0.01005	0.10423	0.00979	0.01328	0.00773	0.01041	0.00594	0.00400	0.00395	0.00121	0.00491	0.00348	0.00225	0.16353
3	0.01008	0.00949	0.01578	0.11712	0.67583	0.00974	0.01210	0.04795	0.00978	0.01372	0.00891	0.01127	0.03160	0.00402	0.00414	0.00126	0.00490	0.00386	0.00218	0.00628
4	0.00927	0.00841	0.01034	0.00876	0.01024	0.07744	0.07880	0.06014	0.11077	0.02713	0.23362	0.01761	0.04513	0.00659	0.00669	0.00141	0.21266	0.00507	0.06508	0.00485
5	0.00917	0.01884	0.62401	0.01290	0.03917	0.01003	0.13848	0.07372	0.00976	0.01417	0.00780	0.00928	0.00559	0.00395	0.00411	0.00132	0.00612	0.00342	0.00200	0.00614
6	0.01372	0.00852	0.01044	0.00844	0.01114	0.00877	0.04237	0.31230	0.09262	0.24705	0.05505	0.07679	0.02729	0.00623	0.00441	0.00135	0.00386	0.04791	0.01550	0.00625
7	0.00684	0.00602	0.02627	0.00778	0.02413	0.02063	0.05940	0.02819	0.10961	0.01230	0.04594	0.55407	0.02197	0.01035	0.00533	0.00159	0.03407	0.01765	0.00363	0.00422
8	0.00768	0.00375	0.00558	0.00549	0.00562	0.00371	0.00371	0.00601	0.00567	0.04071	0.00759	0.01269	0.00734	0.01405	0.01574	0.84346	0.00360	0.00363	0.00194	0.00202
9	0.00864	0.00912	0.10879	0.00883	0.10027	0.00636	0.00693	0.01085	0.00884	0.02660	0.01021	0.01128	0.06816	0.00385	0.00345	0.00084	0.00358	0.00317	0.00248	0.59775
10	0.00496	0.00421	0.00428	0.00427	0.00564	0.00353	0.00320	0.00607	0.00960	0.01153	0.08687	0.03946	0.78144	0.01040	0.00491	0.00140	0.00210	0.00869	0.00390	0.00353
11	0.00678	0.00495	0.00595	0.00578	0.00617	0.00534	0.00397	0.03576	0.03565	0.00982	0.01418	0.02640	0.03888	0.55951	0.07906	0.00358	0.06597	0.08628	0.00273	0.00322
12	0.00912	0.00992	0.04825	0.32294	0.17929	0.00988	0.33487	0.01220	0.00915	0.01236	0.00788	0.01089	0.00604	0.00380	0.00444	0.00136	0.00603	0.00416	0.00199	0.00545
13	0.00503	0.00402	0.00450	0.00478	0.00578	0.00349	0.00343	0.00604	0.00915	0.01140	0.09076	0.29714	0.51755	0.01117	0.00503	0.00149	0.00219	0.00965	0.00391	0.00349
14	0.01207	0.01093	0.01209	0.01020	0.01153	0.12811	0.00832	0.16832	0.06457	0.07315	0.00802	0.00983	0.00658	0.00614	0.00909	0.00154	0.44776	0.00363	0.00272	0.00539
15	0.00895	0.00843	0.01172	0.01014	0.01031	0.01149	0.00835	0.03784	0.00678	0.01034	0.00617	0.00992	0.00601	0.00952	0.07576	0.06621	0.69207	0.00370	0.00193	0.00437
16	0.00993	0.01165	0.08179	0.01729	0.09990	0.01029	0.62519	0.01376	0.04655	0.02813	0.00881	0.01118	0.00661	0.00368	0.00471	0.00138	0.00651	0.00463	0.00222	0.00581
17	0.00837	0.00791	0.01319	0.52925	0.27234	0.00899	0.01127	0.01092	0.00875	0.01157	0.01014	0.01301	0.06790	0.00450	0.00420	0.00134	0.00509	0.00408	0.00206	0.00513
18	0.01477	0.01173	0.01185	0.00944	0.01250	0.07260	0.00766	0.61081	0.16581	0.02340	0.01098	0.01080	0.00797	0.00505	0.00414	0.00126	0.00455	0.00384	0.00402	0.00681
19	0.00794	0.00749	0.01264	0.81037	0.06149	0.00925	0.01159	0.01070	0.00835	0.01073	0.00740	0.01104	0.00558	0.00413	0.00415	0.00138	0.00551	0.00369	0.00185	0.00470
20	0.00594	0.00441	0.00647	0.00647	0.00714	0.00508	0.00494	0.00729	0.00661	0.00949	0.01131	0.01736	0.01084	0.10980	0.75953	0.00642	0.01045	0.00460	0.00225	0.00359
21	0.00523	0.00420	0.00467	0.00460	0.00582	0.00364	0.00343	0.00656	0.01015	0.01296	0.29563	0.06893	0.53965	0.00996	0.00492	0.00138	0.00207	0.00848	0.00409	0.00364
22	0.00602	0.00434	0.00631	0.00631	0.00690	0.00494	0.00473	0.00711	0.00651	0.00928	0.01117	0.01759	0.01085	0.14311	0.67780	0.05701	0.00971	0.00462	0.00224	0.00343
23	0.01060	0.67643	0.15946	0.00797	0.01191	0.01501	0.00849	0.01299	0.04462	0.01069	0.00656	0.00742	0.00565	0.00371	0.00295	0.00098	0.00468	0.00248	0.00188	0.00552
24	0.00557	0.00411	0.00528	0.00608	0.00656	0.00400	0.00424	0.00722	0.06952	0.01126	0.02283	0.71265	0.04501	0.01229	0.00524	0.00167	0.00257	0.06636	0.00388	0.00365
25	0.00602	0.00437	0.00613	0.00620	0.00677	0.00487	0.00462	0.00715	0.00672	0.00944	0.01242	0.02131	0.01257	0.23884	0.56936	0.00565	0.00879	0.06294	0.00242	0.00341

[dist]
# distance from previous block
# <min> <max>
2	3

[block]
# block no. 3 follows, 64 sequences, length 45
# corresponding to MSA columns:
# 75-119
name=unknown_D
#
# <colnr> <probs for GDERKNQSTAVLIFYWHMCP>
#	G	D	E	R	K	N	Q	S	T	A	V	L	I	F	Y	W	H	M	C	P
0	0.01000	0.01382	0.27885	0.06041	0.44216	0.04175	0.03984	0.01319	0.00936	0.04014	0.00793	0.00988	0.00617	0.00387	0.00408	0.00127	0.00547	0.00351	0.00206	0.00625
1	0.01399	0.00913	0.13474	0.06479	0.07939	0.00686	0.00813	0.01626	0.01090	0.47893	0.10757	0.02718	0.01250	0.00528	0.00424	0.00130	0.00398	0.00444	0.00407	0.00631
2	0.00506	0.00426	0.00441	0.00449	0.00586	0.00361	0.00345	0.00618	0.00948	0.01132	0.04042	0.04054	0.76030	0.01060	0.00498	0.00144	0.00225	0.07398	0.00385	0.00353
3	0.01578	0.01188	0.01244	0.00959	0.01288	0.03805	0.00790	0.78991	0.01929	0.02569	0.00986	0.00990	0.00701	0.00496	0.00414	0.00124	0.00466	0.00371	0.00409	0.00700
4	0.00916	0.00873	0.01476	0.39969	0.42554	0.00960	0.02509	0.01205	0.03206	0.01232	0.00788	0.01081	0.00627	0.00396	0.00415	0.00131	0.00520	0.00374	0.00202	0.00566
5	0.00925	0.10554	0.60583	0.01200	0.03923	0.01023	0.08877	0.01335	0.00898	0.04737	0.00776	0.00905	0.00563	0.00390	0.00391	0.00127	0.00586	0.00321	0.00195	0.01693
6	0.00506	0.00361	0.00482	0.00578	0.00602	0.00337	0.00386	0.00578	0.00795	0.01060	0.02289	0.85131	0.02747	0.01301	0.00530	0.00169	0.00241	0.01181	0.00386	0.00337
7	0.00594	0.00442	0.00650	0.00650	0.00718	0.00510	0.00497	0.00730	0.00662	0.00951	0.01129	0.01721	0.01077	0.09896	0.77029	0.00646	0.01054	0.00458	0.00225	0.00361
8	0.01007	0.34670	0.39676	0.01030	0.01499	0.07592	0.06700	0.01315	0.00894	0.01161	0.00678	0.00802	0.00537	0.00379	0.00350	0.00114	0.00564	0.00284	0.00182	0.00568
9	0.00657	0.00394	0.00555	0.00555	0.00576	0.00415	0.00379	0.00612	0.00592	0.00810	0.00973	0.01718	0.01001	0.22218	0.24692	0.42369	0.00581	0.00443	0.00209	0.00251
10	0.00657	0.00376	0.00429	0.00471	0.00536	0.00365	0.00332	0.00798	0.00838	0.01335	0.01763	0.38030	0.01799	0.00841	0.00395	0.00128	0.00214	0.00734	0.49594	0.00365
11	0.00528	0.00382	0.00481	0.00541	0.00598	0.00351	0.00376	0.00629	0.00876	0.01174	0.13311	0.56590	0.15603	0.01166	0.00510	0.00157	0.00230	0.02279	0.03870	0.00349
12	0.00974	0.13398	0.05724	0.11310	0.46587	0.02765	0.01094	0.01235	0.03588	0.01250	0.00891	0.06619	0.00801	0.00454	0.00399	0.00125	0.00481	0.01499	0.00219	0.00586
13	0.01058	0.01705	0.37361	0.01270	0.01716	0.17472	0.22334	0.02274	0.03692	0.03980	0.00822	0.00974	0.00610	0.00462	0.02323	0.00141	0.00655	0.00360	0.00215	0.00573
14	0.40859	0.04069	0.01107	0.04494	0.19996	0.16209	0.02603	0.02825	0.00887	0.01518	0.00657	0.00806	0.00531	0.00396	0.00343	0.00123	0.01545	0.00283	0.00233	0.00515
15	0.00628	0.06128	0.00783	0.00653	0.00768	0.00580	0.03885	0.00767	0.00794	0.01070	0.08459	0.06301	0.17917	0.05547	0.40874	0.00405	0.03192	0.00586	0.00280	0.00383
16	0.04367	0.00677	0.00893	0.00697	0.00995	0.00594	0.00573	0.01860	0.01145	0.71735	0.01765	0.01568	0.06427	0.00545	0.00412	0.00128	0.00336	0.00441	0.04180	0.00662
17	0.01140	0.80100	0.02110	0.00735	0.01081	0.07091	0.00717	0.01271	0.00866	0.00980	0.00582	0.00672	0.00533	0.00360	0.00274	0.00090	0.00464	0.00225	0.00180	0.00530
18	0.10188	0.00861	0.03923	0.09863	0.25355	0.00812	0.00879	0.03345	0.01034	0.36701	0.01130	0.01159	0.00782	0.00441	0.00397	0.00127	0.00422	0.00372	0.00346	0.01863
19	0.01429	0.07055	0.01156	0.00992	0.03894	0.47228	0.00754	0.03527	0.04555	0.14186	0.01035	0.02925	0.00873	0.00528	0.00401	0.00121	0.00588	0.07933	0.00292	0.00527
20	0.00506	0.00361	0.00482	0.00578	0.00602	0.00337	0.00386	0.00578	0.00795	0.01060	0.02289	0.85131	0.02747	0.01301	0.00530	0.00169	0.00241	0.01181	0.00386	0.00337
21	0.00495	0.00421	0.00426	0.00425	0.00564	0.00352	0.00319	0.00604	0.00956	0.01145	0.07518	0.03960	0.79318	0.01043	0.00491	0.00140	0.00210	0.00871	0.00389	0.00352
22	0.01864	0.00707	0.00964	0.00739	0.01060	0.00611	0.00611	0.02024	0.01189	0.83099	0.01639	0.01414	0.01028	0.00514	0.00418	0.00129	0.00353	0.00418	0.00514	0.00707
23	0.01028	0.00987	0.01686	0.02550	0.82811	0.00987	0.01275	0.01275	0.00946	0.01357	0.00781	0.01028	0.00658	0.00370	0.00411	0.00123	0.00493	0.00370	0.00206	0.00658
24	0.00722	0.00361	0.00541	0.00541	0.00541	0.00361	0.00361	0.00541	0.00541	0.00722	0.00722	0.01263	0.00722	0.01443	0.01623	0.87915	0.00361	0.00361	0.00180	0.00180
25	0.00999	0.00957	0.01633	0.12349	0.73239	0.00979	0.01260	0.01249	0.00932	0.01322	0.00776	0.01038	0.00645	0.00376	0.00412	0.00125	0.00501	0.00370	0.00203	0.00634
26	0.01014	0.00972	0.01660	0.07309	0.78162	0.00983	0.01268	0.01262	0.00939	0.01340	0.00779	0.01033	0.00652	0.00373	0.00411	0.00124	0.00497	0.00370	0.00204	0.00647
27	0.01010	0.04385	0.05018	0.01133	0.01495	0.03757	0.30840	0.05297	0.09650	0.03749	0.01863	0.01220	0.00804	0.00415	0.00414	0.00116	0.00501	0.03558	0.00268	0.24507
28	0.84884	0.00818	0.00636	0.00563	0.00823	0.00946	0.00463	0.04412	0.00756	0.01894	0.00595	0.00688	0.00460	0.00390	0.00263	0.00128	0.00327	0.00231	0.00263	0.00460
29	0.00594	0.00443	0.00657	0.00657	0.00727	0.00513	0.00505	0.00735	0.00664	0.00956	0.01123	0.01688	0.01063	0.07339	0.79566	0.00654	0.01076	0.00453	0.00224	0.00365
30	0.00874	0.02091	0.79976	0.01166	0.01768	0.00951	0.01498	0.01344	0.00889	0.04569	0.00781	0.00898	0.00546	0.00399	0.00396	0.00131	0.00604	0.00311	0.00189	0.00618
31	0.04229	0.01255	0.01316	0.10174	0.35497	0.29662	0.00984	0.02434	0.01020	0.01224	0.01007	0.01171	0.07354	0.00453	0.00400	0.00121	0.00558	0.00371	0.00226	0.00545
32	0.00506	0.00361	0.00482	0.00578	0.00602	0.00337	0.00386	0.00578	0.00795	0.01060	0.02289	0.85131	0.02747	0.01301	0.00530	0.00169	0.00241	0.01181	0.00386	0.00337
33	0.00768	0.00388	0.00390	0.00390	0.00483	0.00388	0.00289	0.00953	0.00860	0.01519	0.01353	0.01595	0.01082	0.03866	0.00363	0.00109	0.00202	0.00396	0.84225	0.00382
34	0.00841	0.00451	0.00458	0.00434	0.00550	0.00461	0.00331	0.07598	0.00960	0.01637	0.01326	0.01503	0.01035	0.00485	0.00301	0.00099	0.00215	0.00386	0.80515	0.00413
35	0.00572	0.00392	0.00516	0.00585	0.00638	0.00363	0.00413	0.00668	0.00859	0.04017	0.08065	0.64364	0.08041	0.01212	0.00524	0.00165	0.00251	0.07600	0.00395	0.00359
36	0.00843	0.00817	0.01200	0.61185	0.08488	0.06384	0.01053	0.01122	0.04092	0.01106	0.00898	0.08016	0.00769	0.00496	0.00437	0.00138	0.01834	0.00433	0.00214	0.00475
37	0.00864	0.00413	0.00435	0.00416	0.00531	0.00406	0.00317	0.01055	0.00897	0.08269	0.01378	0.01537	0.01062	0.00486	0.00301	0.00099	0.00207	0.00390	0.80523	0.00413
38	0.00514	0.00425	0.00453	0.00454	0.00586	0.00364	0.00346	0.00637	0.00978	0.01203	0.14721	0.03916	0.67374	0.01030	0.00496	0.00142	0.00218	0.05391	0.00395	0.00358
39	0.01039	0.01152	0.02329	0.01675	0.02083	0.03796	0.73302	0.06656	0.01051	0.01406	0.00844	0.01100	0.00632	0.00363	0.00481	0.00138	0.00686	0.00475	0.00224	0.00567
40	0.01111	0.00893	0.01032	0.00994	0.09418	0.00965	0.00708	0.08054	0.52877	0.07243	0.01432	0.01366	0.01072	0.00506	0.00407	0.00128	0.00355	0.00423	0.00386	0.10630
41	0.08136	0.00928	0.01327	0.45119	0.20576	0.08066	0.04268	0.01217	0.03196	0.01220	0.00756	0.01034	0.00590	0.00409	0.00412	0.00132	0.01535	0.00356	0.00206	0.00516
42	0.01091	0.49139	0.22032	0.00881	0.01275	0.11469	0.00922	0.01376	0.06282	0.01116	0.00701	0.00787	0.00580	0.00388	0.00322	0.00105	0.00516	0.00265	0.00198	0.00555
43	0.01064	0.00983	0.01021	0.00913	0.01096	0.09060	0.00727	0.06694	0.47532	0.01544	0.01376	0.01578	0.01121	0.00625	0.00604	0.00148	0.15988	0.06988	0.00354	0.00583
44	0.07296	0.01841	0.01157	0.01073	0.03577	0.72597	0.00792	0.04796	0.01170	0.01146	0.00656	0.00762	0.00540	0.00426	0.00369	0.00110	0.00702	0.00272	0.00225	0.00493

[dist]
# distance from previous block
# <min> <max>
0	2

[block]
# block no. 4 follows, 64 sequences, length 13
# corresponding to MSA columns:
# 122-134
name=unknown_E
#
# <colnr> <probs for GDERKNQSTAVLIFYWHMCP>
#	G	D	E	R	K	N	Q	S	T	A	V	L	I	F	Y	W	H	M	C	P
0	0.57310	0.01013	0.00773	0.00679	0.00933	0.16538	0.00543	0.03397	0.00887	0.11475	0.00768	0.02754	0.00595	0.00433	0.00309	0.00125	0.00408	0.00282	0.00287	0.00491
1	0.03757	0.00955	0.01019	0.00861	0.01130	0.01076	0.00686	0.24712	0.51716	0.07226	0.01458	0.01359	0.01069	0.00537	0.00416	0.00135	0.00367	0.00432	0.00422	0.00669
2	0.01232	0.01234	0.01017	0.00910	0.01141	0.27696	0.00700	0.04509	0.48904	0.04049	0.03339	0.01308	0.01072	0.00523	0.00408	0.00129	0.00466	0.00407	0.00359	0.00597
3	0.00855	0.00465	0.00474	0.00444	0.00565	0.00478	0.00341	0.09074	0.00980	0.01656	0.01319	0.01493	0.01029	0.00485	0.00303	0.00100	0.00220	0.00386	0.78914	0.00419
4	0.00593	0.00480	0.00546	0.00515	0.00640	0.00459	0.00397	0.00714	0.00961	0.03852	0.16557	0.03457	0.58873	0.00969	0.00576	0.00142	0.08719	0.00790	0.00381	0.00379
5	0.00774	0.00387	0.00387	0.00387	0.00484	0.00387	0.00290	0.00968	0.00871	0.01549	0.01355	0.01549	0.01065	0.00484	0.00290	0.00097	0.00194	0.00387	0.87708	0.00387
6	0.00784	0.00738	0.01246	0.84404	0.02861	0.00923	0.01154	0.01061	0.00831	0.01061	0.00738	0.01107	0.00554	0.00415	0.00415	0.00138	0.00554	0.00369	0.00185	0.00461
7	0.00588	0.00425	0.00555	0.00523	0.00621	0.00392	0.00392	0.00784	0.01176	0.01666	0.82592	0.03103	0.03919	0.00849	0.00490	0.00131	0.00196	0.00751	0.00457	0.00392
8	0.00861	0.00738	0.00861	0.00615	0.00984	0.00554	0.00492	0.01046	0.00861	0.01354	0.00738	0.00861	0.00615	0.00308	0.00308	0.00062	0.00308	0.00246	0.00246	0.87941
9	0.00979	0.00917	0.01530	0.06341	0.68226	0.00927	0.01165	0.03514	0.00954	0.01349	0.00937	0.09504	0.00865	0.00470	0.00424	0.00129	0.00470	0.00452	0.00229	0.00617
10	0.08592	0.00920	0.02520	0.09287	0.01321	0.02841	0.03144	0.21116	0.03063	0.27977	0.01088	0.01119	0.00761	0.00502	0.00513	0.00133	0.10448	0.00373	0.01669	0.02612
11	0.01029	0.02565	0.05214	0.03613	0.37329	0.02441	0.16802	0.01289	0.02614	0.09532	0.01095	0.12566	0.00975	0.00515	0.00440	0.00133	0.00493	0.00504	0.00264	0.00588
12	0.00585	0.00460	0.00677	0.20482	0.01155	0.00487	0.00586	0.00716	0.00825	0.01090	0.04296	0.57799	0.02239	0.01068	0.00504	0.00162	0.00323	0.05835	0.00340	0.00371

[dist]
# distance from previous block
# <min> <max>
3	12

[block]
# block no. 5 follows, 64 sequences, length 14
# corresponding to MSA columns:
# 151-164
name=unknown_F
#
# <colnr> <probs for GDERKNQSTAVLIFYWHMCP>
#	G	D	E	R	K	N	Q	S	T	A	V	L	I	F	Y	W	H	M	C	P
0	0.00887	0.04706	0.21303	0.00778	0.01080	0.02648	0.00768	0.15938	0.01142	0.02881	0.13967	0.02124	0.22290	0.02469	0.00483	0.00135	0.01623	0.01615	0.00329	0.02833
1	0.00800	0.16729	0.18529	0.00739	0.01021	0.00852	0.00731	0.03249	0.10040	0.01365	0.20171	0.03227	0.17816	0.00663	0.00438	0.00128	0.02149	0.00539	0.00319	0.00496
2	0.00824	0.01250	0.31311	0.00984	0.01347	0.00813	0.09323	0.01322	0.18130	0.01356	0.01285	0.19000	0.01177	0.00610	0.00431	0.00135	0.00452	0.00541	0.00284	0.09426
3	0.01018	0.09346	0.01136	0.00795	0.01028	0.00830	0.15511	0.18210	0.01119	0.01678	0.01104	0.01262	0.00854	0.00449	0.00352	0.00110	0.00369	0.00387	0.43938	0.00502
4	0.01067	0.00677	0.00827	0.00688	0.00897	0.00671	0.01779	0.18284	0.05971	0.16982	0.38583	0.02237	0.06896	0.00691	0.00454	0.00129	0.00299	0.00588	0.00446	0.01834
5	0.00913	0.00803	0.01081	0.00909	0.01023	0.05342	0.08832	0.08802	0.02770	0.01305	0.18936	0.01499	0.01369	0.00807	0.00962	0.16478	0.27004	0.00460	0.00276	0.00431
6	0.00762	0.00451	0.00503	0.00493	0.00599	0.00481	0.00376	0.01046	0.09071	0.01443	0.01337	0.01566	0.01080	0.01053	0.18092	0.00223	0.00403	0.00408	0.60201	0.00411
7	0.53440	0.00745	0.00639	0.00580	0.00803	0.00852	0.00464	0.01384	0.18075	0.01778	0.00960	0.01024	0.00739	0.00442	0.00299	0.00125	0.00299	0.00307	0.16562	0.00482
8	0.00703	0.00398	0.00435	0.00428	0.00507	0.00391	0.00305	0.00861	0.00886	0.01435	0.18659	0.02097	0.01756	0.16360	0.00672	0.00161	0.00233	0.00505	0.52843	0.00363
9	0.02068	0.00732	0.01264	0.34318	0.04508	0.00792	0.17103	0.01016	0.00941	0.01270	0.18548	0.01812	0.09623	0.00569	0.00486	0.00138	0.03555	0.00524	0.00270	0.00461
10	0.44758	0.00737	0.00726	0.00635	0.00870	0.00789	0.00507	0.09416	0.00953	0.19103	0.01165	0.16578	0.01027	0.00595	0.00358	0.00136	0.00327	0.00459	0.00352	0.00510
11	0.00834	0.00874	0.18288	0.00959	0.16080	0.00622	0.00739	0.01099	0.00886	0.01463	0.01118	0.01309	0.00874	0.00444	0.00335	0.00109	0.00339	0.00367	0.52774	0.00486
12	0.01383	0.18861	0.01186	0.00723	0.01021	0.00937	0.00618	0.19699	0.01245	0.31993	0.01744	0.01640	0.16033	0.00577	0.00399	0.00121	0.00370	0.00451	0.00396	0.00603
13	0.19706	0.00835	0.00903	0.00751	0.01005	0.00886	0.00602	0.30749	0.03148	0.19301	0.01302	0.16683	0.01113	0.00629	0.00404	0.00135	0.00363	0.00504	0.00398	0.00583

[dist]
# distance from previous block
# <min> <max>
0	16

# created by:
# /st0/software/busco_prod/Augustus/scripts/msa2prfl.pl ./align_prep/1236198.fa
