[name]
unknown

[dist]
# distance from previous block
# <min> <max>
30	364

[block]
# block no. 0 follows, 47 sequences, length 23
# corresponding to MSA columns:
# 524-546
name=unknown_A
#
# <colnr> <probs for GDERKNQSTAVLIFYWHMCP>
#	G	D	E	R	K	N	Q	S	T	A	V	L	I	F	Y	W	H	M	C	P
0	0.03749	0.05201	0.09640	0.03737	0.06875	0.11095	0.02129	0.10160	0.04131	0.05945	0.06828	0.06928	0.06742	0.00993	0.06890	0.00214	0.00618	0.01917	0.05563	0.00645
1	0.03883	0.15525	0.10467	0.04917	0.04201	0.05769	0.08292	0.14923	0.06140	0.06059	0.01377	0.01480	0.06280	0.00610	0.00567	0.00157	0.05821	0.00477	0.00349	0.02707
2	0.00892	0.00702	0.00818	0.02839	0.03125	0.02134	0.00596	0.05375	0.08265	0.01759	0.20281	0.14795	0.18286	0.04169	0.03801	0.00209	0.00390	0.02240	0.06138	0.03186
3	0.01017	0.00919	0.01361	0.01227	0.05638	0.02907	0.13892	0.01333	0.07148	0.03919	0.05941	0.07865	0.19348	0.01075	0.04203	0.00214	0.12641	0.05730	0.03041	0.00581
4	0.00788	0.03239	0.00744	0.00710	0.00833	0.03045	0.00529	0.01002	0.04229	0.01606	0.21977	0.26807	0.16986	0.03664	0.00668	0.00192	0.00331	0.06941	0.05232	0.00478
5	0.00680	0.00559	0.00642	0.00678	0.03828	0.00489	0.00480	0.00851	0.01262	0.01599	0.23977	0.04594	0.54190	0.01222	0.00614	0.00174	0.00279	0.02916	0.00498	0.00469
6	0.00747	0.00582	0.00750	0.02698	0.00893	0.00613	0.00566	0.00920	0.03780	0.01388	0.09621	0.30848	0.13474	0.12188	0.09672	0.00309	0.06615	0.03460	0.00423	0.00454
7	0.00746	0.00549	0.00791	0.00791	0.00868	0.00626	0.00594	0.00900	0.00823	0.01175	0.01437	0.02278	0.01403	0.17183	0.66495	0.00780	0.01243	0.00592	0.00285	0.00439
8	0.02996	0.40029	0.13544	0.05324	0.04436	0.06822	0.02342	0.05452	0.03116	0.01492	0.02124	0.01121	0.01963	0.00539	0.00516	0.00142	0.06727	0.00374	0.00263	0.00680
9	0.01090	0.04062	0.05047	0.21660	0.09492	0.01121	0.14632	0.03395	0.08291	0.01656	0.08407	0.01807	0.05197	0.00720	0.03137	0.00185	0.02978	0.00561	0.00325	0.06238
10	0.01127	0.03215	0.01349	0.10653	0.05955	0.03360	0.04780	0.05590	0.03442	0.01629	0.01170	0.07927	0.01075	0.05607	0.00680	0.00155	0.05528	0.00503	0.00319	0.35935
11	0.06361	0.08941	0.06000	0.04857	0.21269	0.01229	0.05480	0.09449	0.04354	0.05278	0.07504	0.06652	0.01383	0.00681	0.00599	0.00167	0.06171	0.02565	0.00355	0.00703
12	0.00913	0.00655	0.00783	0.00710	0.00872	0.00613	0.00509	0.06545	0.01159	0.03920	0.15937	0.14802	0.08018	0.23068	0.05652	0.00289	0.00444	0.00815	0.00422	0.13874
13	0.18317	0.00968	0.01288	0.13837	0.10383	0.02475	0.06101	0.05361	0.05752	0.06259	0.01612	0.11557	0.04174	0.00851	0.02506	0.00194	0.00542	0.06822	0.00374	0.00626
14	0.03963	0.03509	0.04830	0.20224	0.06195	0.07771	0.04472	0.08743	0.06361	0.04361	0.02733	0.09722	0.01267	0.03267	0.00668	0.00182	0.05772	0.02397	0.02926	0.00636
15	0.01389	0.01052	0.01209	0.01072	0.01291	0.04270	0.00870	0.26384	0.04904	0.07233	0.01835	0.16117	0.01783	0.01007	0.00750	0.00193	0.11608	0.15905	0.00464	0.00664
16	0.01231	0.03917	0.11119	0.03944	0.04236	0.01203	0.27533	0.01536	0.01085	0.08835	0.01116	0.01496	0.00903	0.05315	0.05041	0.01518	0.15921	0.00527	0.02871	0.00654
17	0.00725	0.00641	0.05012	0.03657	0.00933	0.00567	0.00588	0.00867	0.00961	0.01299	0.06549	0.27255	0.09886	0.20130	0.18138	0.00403	0.00617	0.00951	0.00382	0.00438
18	0.01064	0.00953	0.04134	0.00951	0.01126	0.05343	0.03019	0.11635	0.01236	0.03362	0.05641	0.15874	0.12066	0.11185	0.07878	0.00282	0.10221	0.03087	0.00398	0.00546
19	0.03661	0.08123	0.03169	0.00922	0.01223	0.03440	0.00761	0.23706	0.03321	0.07741	0.03892	0.13014	0.03238	0.02909	0.02719	0.00182	0.00491	0.02632	0.07307	0.07548
20	0.06253	0.01142	0.05575	0.03673	0.03662	0.07979	0.06576	0.11535	0.03260	0.03432	0.03882	0.21613	0.03024	0.00837	0.00552	0.00163	0.02037	0.00718	0.03232	0.10857
21	0.01275	0.08659	0.16612	0.05912	0.12651	0.03343	0.04152	0.12320	0.09851	0.01836	0.02654	0.03118	0.01045	0.05099	0.00666	0.00176	0.03910	0.00486	0.00330	0.05904
22	0.08143	0.07690	0.05663	0.01037	0.05863	0.08956	0.00814	0.04698	0.03423	0.10150	0.06907	0.01499	0.01193	0.04854	0.00612	0.02826	0.00505	0.00434	0.00360	0.24371

[dist]
# distance from previous block
# <min> <max>
56	174

[block]
# block no. 1 follows, 47 sequences, length 12
# corresponding to MSA columns:
# 766-777
name=unknown_B
#
# <colnr> <probs for GDERKNQSTAVLIFYWHMCP>
#	G	D	E	R	K	N	Q	S	T	A	V	L	I	F	Y	W	H	M	C	P
0	0.00879	0.00763	0.00978	0.01157	0.13560	0.04563	0.00715	0.01021	0.01026	0.01362	0.06578	0.18428	0.12491	0.16195	0.12693	0.00337	0.05548	0.00843	0.00365	0.00500
1	0.01523	0.01164	0.01336	0.03492	0.06350	0.01247	0.00891	0.42115	0.08724	0.02521	0.01516	0.12223	0.01318	0.03282	0.00592	0.00169	0.00502	0.00612	0.02427	0.07997
2	0.01666	0.01226	0.01406	0.01149	0.01464	0.07058	0.05366	0.24044	0.15850	0.16825	0.03986	0.01854	0.01328	0.04010	0.00712	0.00184	0.06454	0.04174	0.00482	0.00764
3	0.01198	0.00898	0.01001	0.00903	0.01127	0.00968	0.00686	0.13691	0.29733	0.05917	0.09064	0.16867	0.07037	0.07578	0.00740	0.00205	0.00402	0.00808	0.00509	0.00668
4	0.18679	0.00692	0.00803	0.02375	0.00963	0.00725	0.00573	0.02988	0.01043	0.13357	0.05249	0.09087	0.01471	0.04215	0.12617	0.11704	0.00539	0.00578	0.11818	0.00524
5	0.01154	0.06094	0.10991	0.08592	0.11936	0.05157	0.14113	0.06400	0.04952	0.01677	0.04290	0.08200	0.06032	0.00859	0.04954	0.00202	0.00660	0.00615	0.02461	0.00661
6	0.01285	0.01437	0.02131	0.06369	0.02063	0.14684	0.31498	0.01546	0.01109	0.01431	0.00949	0.04203	0.00827	0.00661	0.00948	0.00187	0.27252	0.00538	0.00259	0.00624
7	0.00793	0.00543	0.00652	0.00665	0.00767	0.00512	0.00478	0.02662	0.01124	0.03580	0.14175	0.19292	0.19672	0.17725	0.01076	0.02746	0.00356	0.08185	0.04558	0.00441
8	0.07719	0.13085	0.10908	0.09580	0.10136	0.08110	0.02492	0.03687	0.01125	0.03756	0.03048	0.06835	0.01071	0.00865	0.06073	0.00208	0.07352	0.00496	0.02817	0.00639
9	0.03147	0.06677	0.10170	0.01017	0.02941	0.05907	0.04929	0.01218	0.03388	0.01489	0.09538	0.12512	0.15950	0.05930	0.05970	0.00237	0.07306	0.00757	0.00365	0.00550
10	0.00992	0.00884	0.01346	0.46650	0.09987	0.03732	0.01153	0.01212	0.01006	0.01289	0.01240	0.01735	0.05428	0.04861	0.04711	0.11815	0.00662	0.00514	0.00256	0.00529
11	0.01027	0.00707	0.00938	0.00860	0.01033	0.00710	0.05274	0.08576	0.05160	0.07360	0.04489	0.26695	0.07976	0.05316	0.09099	0.00265	0.00500	0.03116	0.10348	0.00552

[dist]
# distance from previous block
# <min> <max>
7	53

[block]
# block no. 2 follows, 47 sequences, length 22
# corresponding to MSA columns:
# 836-857
name=unknown_C
#
# <colnr> <probs for GDERKNQSTAVLIFYWHMCP>
#	G	D	E	R	K	N	Q	S	T	A	V	L	I	F	Y	W	H	M	C	P
0	0.01111	0.00894	0.01118	0.09027	0.01424	0.03053	0.03762	0.11938	0.12863	0.03725	0.05208	0.13018	0.07592	0.04254	0.07168	0.00252	0.01557	0.10995	0.00437	0.00605
1	0.00863	0.00559	0.00743	0.00792	0.03938	0.00518	0.00535	0.00950	0.01074	0.06437	0.15049	0.25622	0.11676	0.08465	0.01032	0.14286	0.00362	0.03626	0.00437	0.03034
2	0.01159	0.00719	0.00910	0.00867	0.03723	0.00728	0.00611	0.15248	0.01257	0.07192	0.10930	0.09802	0.04767	0.06256	0.01200	0.29473	0.00429	0.00666	0.03570	0.00494
3	0.01537	0.01080	0.01152	0.00989	0.01260	0.06278	0.00772	0.28829	0.08251	0.13935	0.04581	0.23360	0.01845	0.00919	0.00557	0.00172	0.00470	0.00772	0.02529	0.00712
4	0.00783	0.00610	0.00772	0.00763	0.02429	0.00568	0.03134	0.01040	0.06461	0.03537	0.21527	0.18082	0.31209	0.04121	0.00690	0.00192	0.00323	0.02765	0.00494	0.00500
5	0.01129	0.00609	0.00779	0.00732	0.00908	0.00546	0.00551	0.01284	0.01239	0.22397	0.15974	0.22910	0.16373	0.07312	0.00763	0.00207	0.00348	0.04851	0.00529	0.00558
6	0.01123	0.01092	0.00910	0.00862	0.01030	0.21946	0.00641	0.03854	0.01342	0.03650	0.23213	0.13113	0.14505	0.06528	0.00719	0.00190	0.00487	0.03833	0.00444	0.00517
7	0.01392	0.82012	0.02729	0.00891	0.01337	0.02061	0.00891	0.01559	0.01058	0.01225	0.00724	0.00835	0.00668	0.00446	0.00334	0.00111	0.00557	0.00278	0.00223	0.00668
8	0.00738	0.00565	0.00714	0.05993	0.00972	0.00545	0.00554	0.00980	0.04122	0.01708	0.32825	0.19245	0.20894	0.01185	0.00611	0.00179	0.00306	0.03975	0.03407	0.00484
9	0.01002	0.00606	0.00729	0.00691	0.00850	0.00561	0.00507	0.02728	0.03904	0.14076	0.15668	0.19936	0.21327	0.10617	0.00835	0.00215	0.00337	0.00964	0.03918	0.00527
10	0.00685	0.00487	0.00603	0.00666	0.00726	0.00456	0.00454	0.00793	0.01042	0.01395	0.10749	0.43688	0.12942	0.15431	0.00990	0.00251	0.00332	0.04301	0.03590	0.00418
11	0.85377	0.01007	0.00765	0.00685	0.01007	0.01168	0.00564	0.01531	0.00886	0.02336	0.00725	0.00846	0.00564	0.00483	0.00322	0.00161	0.00403	0.00282	0.00322	0.00564
12	0.00859	0.00750	0.00751	0.02829	0.00932	0.08452	0.00558	0.02793	0.01219	0.01531	0.17231	0.11727	0.29472	0.04706	0.04812	0.03369	0.00436	0.04420	0.02681	0.00470
13	0.01124	0.00645	0.00812	0.00774	0.00939	0.00610	0.00572	0.03225	0.06427	0.19060	0.12199	0.32617	0.08646	0.07389	0.00764	0.00211	0.00358	0.02536	0.00522	0.00570
14	0.00784	0.00534	0.00655	0.00689	0.00784	0.00497	0.00483	0.02872	0.01114	0.05421	0.09562	0.41219	0.17981	0.11818	0.00898	0.00235	0.00335	0.03182	0.00479	0.00456
15	0.31136	0.00769	0.00798	0.00802	0.00987	0.00847	0.00638	0.03135	0.05161	0.01845	0.01896	0.21201	0.03389	0.01140	0.03653	0.00218	0.02566	0.16598	0.02696	0.00526
16	0.01422	0.01166	0.01320	0.01092	0.01364	0.10095	0.08625	0.25004	0.04265	0.06864	0.06412	0.13152	0.05214	0.09027	0.00800	0.01830	0.00551	0.00706	0.00443	0.00651
17	0.02931	0.00557	0.00719	0.00708	0.00820	0.00530	0.00512	0.01017	0.01000	0.11549	0.03864	0.18675	0.15141	0.09594	0.07505	0.19713	0.00465	0.03846	0.00410	0.00442
18	0.00666	0.00493	0.00602	0.00666	0.00740	0.00454	0.00463	0.00775	0.01057	0.01373	0.08568	0.42306	0.21349	0.12259	0.00919	0.00241	0.00327	0.05855	0.00467	0.00421
19	0.00820	0.00624	0.00818	0.02898	0.00962	0.00642	0.02534	0.05713	0.01091	0.01459	0.04073	0.28088	0.17334	0.06982	0.10027	0.04910	0.04250	0.02932	0.03377	0.00466
20	0.06381	0.08038	0.09235	0.10979	0.07277	0.04238	0.06772	0.10834	0.03556	0.01703	0.01277	0.04904	0.02944	0.04968	0.13118	0.00285	0.02012	0.00527	0.00315	0.00638
21	0.01283	0.04552	0.05258	0.04407	0.04521	0.24217	0.00940	0.01501	0.03490	0.03391	0.01230	0.09706	0.01170	0.04541	0.13840	0.00289	0.11066	0.00546	0.00303	0.03750

[dist]
# distance from previous block
# <min> <max>
1	5

[block]
# block no. 3 follows, 47 sequences, length 11
# corresponding to MSA columns:
# 865-875
name=unknown_D
#
# <colnr> <probs for GDERKNQSTAVLIFYWHMCP>
#	G	D	E	R	K	N	Q	S	T	A	V	L	I	F	Y	W	H	M	C	P
0	0.03725	0.04640	0.02694	0.01084	0.02352	0.04042	0.09273	0.16911	0.05110	0.03827	0.05814	0.12325	0.02803	0.07769	0.00968	0.11568	0.03454	0.00665	0.00388	0.00590
1	0.00852	0.00610	0.00816	0.00754	0.00924	0.00539	0.03900	0.01021	0.01185	0.06811	0.20891	0.29340	0.15306	0.04545	0.00685	0.00187	0.00335	0.01027	0.00480	0.09792
2	0.07971	0.00840	0.01001	0.00833	0.01123	0.00814	0.00663	0.12858	0.01449	0.33141	0.06630	0.12122	0.01677	0.00772	0.00504	0.00159	0.00396	0.00637	0.13637	0.02772
3	0.01409	0.16238	0.06004	0.01172	0.03820	0.09933	0.07664	0.12545	0.06064	0.07989	0.05707	0.06420	0.03639	0.04404	0.02935	0.00191	0.00606	0.02200	0.00383	0.00677
4	0.01150	0.02369	0.03691	0.04043	0.01303	0.00881	0.09291	0.07030	0.09607	0.08387	0.01797	0.11502	0.05954	0.12054	0.01082	0.11761	0.03124	0.00692	0.03717	0.00563
5	0.00813	0.00616	0.00712	0.00720	0.00841	0.00615	0.00513	0.03867	0.12123	0.01617	0.12702	0.31775	0.16688	0.10419	0.00842	0.00222	0.00335	0.01064	0.03016	0.00499
6	0.02748	0.06791	0.05446	0.03327	0.02976	0.02503	0.00784	0.12542	0.03844	0.01813	0.12363	0.14981	0.15175	0.02559	0.00652	0.00183	0.03386	0.06907	0.00436	0.00583
7	0.03112	0.14329	0.04675	0.08423	0.11367	0.05516	0.04845	0.07672	0.07462	0.03967	0.01086	0.01289	0.00876	0.00810	0.07356	0.00202	0.03278	0.00425	0.00314	0.12996
8	0.00940	0.00703	0.00823	0.00818	0.02677	0.03406	0.00581	0.04466	0.04833	0.04898	0.16153	0.14537	0.10913	0.17312	0.06723	0.02772	0.02710	0.03803	0.00435	0.00495
9	0.01404	0.00763	0.00959	0.00854	0.01083	0.00735	0.00664	0.08606	0.06817	0.27346	0.12484	0.20518	0.04557	0.04785	0.00683	0.00195	0.00395	0.05949	0.00548	0.00657
10	0.03831	0.16380	0.21414	0.05304	0.07853	0.04705	0.03346	0.09100	0.05152	0.01683	0.01104	0.01319	0.03169	0.02692	0.00682	0.00170	0.10673	0.00436	0.00288	0.00698

[dist]
# distance from previous block
# <min> <max>
3	63

[block]
# block no. 4 follows, 47 sequences, length 41
# corresponding to MSA columns:
# 939-949,951-980
name=unknown_E
#
# <colnr> <probs for GDERKNQSTAVLIFYWHMCP>
#	G	D	E	R	K	N	Q	S	T	A	V	L	I	F	Y	W	H	M	C	P
0	0.04986	0.22259	0.18168	0.01298	0.07489	0.07360	0.05118	0.03055	0.11274	0.06331	0.02248	0.01413	0.04234	0.00622	0.01880	0.00162	0.00619	0.00445	0.00323	0.00716
1	0.09394	0.05505	0.11506	0.03045	0.03632	0.05588	0.05333	0.13733	0.02701	0.06276	0.03085	0.09316	0.05566	0.03403	0.00695	0.06177	0.00551	0.03485	0.00376	0.00634
2	0.00674	0.00492	0.00641	0.00714	0.00786	0.00451	0.00498	0.00801	0.01090	0.01472	0.14479	0.59958	0.07262	0.01474	0.00645	0.00198	0.00301	0.03847	0.00490	0.03727
3	0.01066	0.03466	0.06692	0.18056	0.17161	0.01110	0.21511	0.01427	0.03286	0.01529	0.01406	0.10032	0.04121	0.00861	0.05768	0.00216	0.00709	0.00637	0.00292	0.00652
4	0.06790	0.04706	0.04756	0.05879	0.09185	0.01304	0.09992	0.17299	0.10811	0.04652	0.05207	0.01476	0.01109	0.00684	0.00723	0.04372	0.09471	0.00501	0.00371	0.00710
5	0.12773	0.00675	0.00779	0.00790	0.00946	0.00686	0.00594	0.03747	0.07069	0.08297	0.05670	0.39691	0.06364	0.01222	0.00590	0.00195	0.00360	0.08531	0.00483	0.00539
6	0.00734	0.00534	0.00620	0.00664	0.00770	0.00505	0.00472	0.02335	0.04920	0.01544	0.07272	0.41332	0.23568	0.01327	0.00603	0.00186	0.00292	0.01164	0.10692	0.00467
7	0.01290	0.01289	0.07184	0.03504	0.10998	0.07662	0.11050	0.13072	0.06535	0.03816	0.15251	0.04370	0.01726	0.03985	0.00711	0.00181	0.05699	0.00608	0.00389	0.00680
8	0.00916	0.00512	0.00722	0.00714	0.00747	0.00527	0.00491	0.00868	0.06870	0.01078	0.04365	0.03993	0.01215	0.01750	0.04244	0.69434	0.00466	0.00517	0.00274	0.00298
9	0.00670	0.00488	0.00637	0.00746	0.00791	0.00468	0.00508	0.00829	0.04574	0.01375	0.02832	0.75799	0.03347	0.01584	0.00660	0.00211	0.00312	0.03241	0.00485	0.00443
10	0.01053	0.04426	0.08260	0.03444	0.01352	0.07518	0.02790	0.01315	0.01217	0.05360	0.02337	0.04305	0.06227	0.01135	0.00637	0.00208	0.00552	0.46892	0.00422	0.00551
11	0.51733	0.13853	0.03905	0.00871	0.01229	0.11052	0.00754	0.08286	0.01132	0.02093	0.00789	0.00900	0.00625	0.00497	0.00366	0.00150	0.00521	0.00308	0.00314	0.00621
12	0.01343	0.00964	0.01009	0.00895	0.01081	0.11695	0.00683	0.07009	0.05280	0.14395	0.17198	0.02095	0.03803	0.01226	0.05793	0.20695	0.03283	0.00580	0.00420	0.00555
13	0.01080	0.00926	0.01080	0.00771	0.01234	0.00694	0.00617	0.01311	0.01080	0.01697	0.00926	0.01080	0.00771	0.00386	0.00386	0.00077	0.00386	0.00309	0.00309	0.84882
14	0.04649	0.00774	0.01004	0.00819	0.01133	0.00682	0.00659	0.01967	0.01404	0.51732	0.12941	0.06413	0.11862	0.00834	0.00548	0.00166	0.00384	0.00695	0.00595	0.00740
15	0.85377	0.01007	0.00765	0.00685	0.01007	0.01168	0.00564	0.01531	0.00886	0.02336	0.00725	0.00846	0.00564	0.00483	0.00322	0.00161	0.00403	0.00282	0.00322	0.00564
16	0.00651	0.00464	0.00595	0.00693	0.00727	0.00435	0.00456	0.00731	0.00973	0.01288	0.02818	0.66639	0.06948	0.12833	0.00940	0.00251	0.00329	0.01360	0.00460	0.00409
17	0.01289	0.01237	0.02114	0.03196	0.78450	0.01237	0.01598	0.01598	0.01186	0.01701	0.00980	0.01289	0.00825	0.00464	0.00516	0.00155	0.00619	0.00464	0.00258	0.00825
18	0.00654	0.00467	0.00627	0.00748	0.00787	0.00440	0.00518	0.00759	0.01017	0.01352	0.02859	0.74047	0.03401	0.01613	0.00670	0.00214	0.00319	0.08597	0.00483	0.00428
19	0.01945	0.02482	0.01476	0.01342	0.01610	0.79608	0.01006	0.02079	0.01476	0.01275	0.00805	0.00939	0.00671	0.00537	0.00470	0.00134	0.00939	0.00335	0.00268	0.00604
20	0.06891	0.07743	0.01354	0.07752	0.02461	0.10016	0.00883	0.08776	0.24879	0.06972	0.01630	0.01710	0.05626	0.02897	0.02878	0.00193	0.05724	0.00513	0.00406	0.00696
21	0.01358	0.08768	0.33175	0.01259	0.01793	0.03193	0.06651	0.06313	0.01234	0.13499	0.01168	0.03528	0.00894	0.01949	0.00577	0.00160	0.04050	0.00450	0.00327	0.09656
22	0.00647	0.00460	0.00600	0.00705	0.00740	0.00429	0.00469	0.00727	0.00986	0.01305	0.02878	0.70993	0.07220	0.05988	0.00807	0.02457	0.00315	0.01394	0.00467	0.00413
23	0.12181	0.11203	0.01399	0.01007	0.01352	0.21365	0.00820	0.08690	0.05435	0.25243	0.01321	0.01302	0.00948	0.00572	0.00454	0.00146	0.00579	0.00412	0.04848	0.00723
24	0.10141	0.01580	0.07911	0.06041	0.07715	0.20118	0.18823	0.05092	0.01283	0.07206	0.01144	0.05293	0.00949	0.00593	0.00540	0.00164	0.02091	0.02325	0.00320	0.00672
25	0.00872	0.00567	0.00672	0.00650	0.00726	0.00556	0.00431	0.01021	0.04773	0.06210	0.16094	0.06353	0.05661	0.48323	0.01804	0.00369	0.00430	0.03649	0.00414	0.00425
26	0.00669	0.00478	0.00604	0.00682	0.00722	0.00456	0.00452	0.00749	0.00955	0.01262	0.02721	0.52686	0.09066	0.19942	0.04443	0.00302	0.00394	0.02577	0.00436	0.00403
27	0.53704	0.00974	0.00857	0.00750	0.01038	0.01097	0.00603	0.13887	0.01195	0.02363	0.05082	0.04674	0.01075	0.03050	0.00459	0.00170	0.00408	0.00430	0.07592	0.00593
28	0.03435	0.19292	0.07880	0.09178	0.16307	0.02693	0.03297	0.06653	0.02547	0.01606	0.01276	0.05446	0.02636	0.00693	0.00600	0.00166	0.07215	0.08105	0.00305	0.00669
29	0.00884	0.00568	0.00664	0.00667	0.00763	0.00559	0.00456	0.01092	0.07195	0.06535	0.03850	0.23600	0.10188	0.27326	0.03083	0.00300	0.00399	0.00920	0.10490	0.00463
30	0.01051	0.00722	0.00814	0.00733	0.00839	0.00758	0.00496	0.17473	0.01157	0.03071	0.01603	0.06120	0.01696	0.55063	0.05877	0.00426	0.00554	0.00710	0.00372	0.00464
31	0.03328	0.00740	0.00832	0.00900	0.04219	0.04343	0.00616	0.08775	0.04167	0.01604	0.02603	0.47700	0.09781	0.05035	0.00708	0.00208	0.00391	0.03078	0.00457	0.00514
32	0.04565	0.00823	0.00906	0.00868	0.00981	0.09162	0.00656	0.04806	0.02110	0.01314	0.01303	0.01976	0.02544	0.05432	0.32232	0.22661	0.02947	0.03978	0.00295	0.00445
33	0.01155	0.00842	0.01181	0.01029	0.01152	0.00979	0.03081	0.01317	0.01115	0.14480	0.17009	0.14796	0.06147	0.01019	0.01034	0.00197	0.31698	0.00766	0.00422	0.00581
34	0.00686	0.00558	0.00611	0.00593	0.00758	0.00498	0.00446	0.00919	0.05061	0.01651	0.27183	0.04520	0.52242	0.01212	0.00611	0.00172	0.00266	0.01026	0.00513	0.00474
35	0.01228	0.18205	0.10503	0.03362	0.01748	0.03385	0.19307	0.03836	0.01131	0.05669	0.01286	0.03802	0.04753	0.02876	0.07524	0.00230	0.09687	0.00528	0.00294	0.00647
36	0.00829	0.00598	0.00744	0.03832	0.00937	0.01684	0.00558	0.03103	0.01109	0.05273	0.09910	0.32696	0.15446	0.09335	0.09067	0.00288	0.01511	0.02157	0.00447	0.00474
37	0.00952	0.00506	0.00728	0.00710	0.00734	0.00517	0.00486	0.04471	0.00772	0.01034	0.00940	0.01583	0.00918	0.01827	0.04817	0.77541	0.00493	0.00457	0.00243	0.00268
38	0.04622	0.01067	0.02496	0.03558	0.03225	0.05486	0.04566	0.20694	0.03583	0.07381	0.01744	0.05854	0.09877	0.01212	0.08850	0.09804	0.04361	0.00596	0.00397	0.00627
39	0.09559	0.07052	0.05473	0.00991	0.01329	0.01206	0.00845	0.13510	0.29216	0.10170	0.04256	0.03842	0.05032	0.00735	0.00511	0.00169	0.00458	0.04425	0.00477	0.00745
40	0.00892	0.00626	0.00845	0.00793	0.00919	0.00647	0.04294	0.01158	0.07406	0.04704	0.05939	0.12408	0.05237	0.18019	0.23111	0.00424	0.00681	0.00752	0.10654	0.00492

[dist]
# distance from previous block
# <min> <max>
0	10

[block]
# block no. 5 follows, 47 sequences, length 9
# corresponding to MSA columns:
# 998-1002,1004-1007
name=unknown_F
#
# <colnr> <probs for GDERKNQSTAVLIFYWHMCP>
#	G	D	E	R	K	N	Q	S	T	A	V	L	I	F	Y	W	H	M	C	P
0	0.00736	0.00510	0.00646	0.00698	0.00768	0.00487	0.00491	0.00838	0.03888	0.01321	0.05780	0.35330	0.16154	0.07087	0.01049	0.16147	0.00353	0.06886	0.00428	0.00404
1	0.03956	0.07985	0.08246	0.03820	0.04385	0.01097	0.06252	0.06499	0.07155	0.04682	0.05247	0.07155	0.08391	0.07925	0.00874	0.01787	0.09751	0.00624	0.00361	0.03809
2	0.03068	0.00867	0.01026	0.00908	0.01081	0.04064	0.04399	0.12203	0.06150	0.03676	0.13530	0.15335	0.07661	0.15091	0.03653	0.00257	0.05232	0.00808	0.00435	0.00555
3	0.00974	0.00635	0.00797	0.00798	0.00943	0.00618	0.00607	0.05248	0.06271	0.09371	0.12786	0.31701	0.10412	0.01288	0.00679	0.03196	0.00359	0.12275	0.00507	0.00533
4	0.14914	0.01135	0.08068	0.14992	0.06154	0.01113	0.04131	0.11572	0.04737	0.05978	0.01414	0.11933	0.02796	0.00850	0.03637	0.00201	0.04766	0.00594	0.00363	0.00653
5	0.04196	0.03537	0.03886	0.00877	0.01269	0.00854	0.03374	0.06402	0.04313	0.04005	0.03458	0.04505	0.01124	0.05446	0.03111	0.00157	0.00470	0.00448	0.00349	0.48221
6	0.02980	0.00634	0.00821	0.03487	0.03650	0.00647	0.00602	0.01080	0.02986	0.07714	0.09007	0.19235	0.14589	0.14588	0.10453	0.00316	0.03938	0.02354	0.00422	0.00497
7	0.00697	0.00513	0.00630	0.00694	0.00763	0.00489	0.00479	0.00854	0.04178	0.01380	0.07186	0.45083	0.14215	0.14636	0.00978	0.00252	0.00342	0.05734	0.00463	0.00432
8	0.01148	0.07233	0.11715	0.08416	0.01598	0.03546	0.02667	0.08157	0.03220	0.01677	0.01422	0.01614	0.08599	0.02951	0.00610	0.02600	0.02988	0.00462	0.00319	0.29059

[dist]
# distance from previous block
# <min> <max>
3	15

[block]
# block no. 6 follows, 47 sequences, length 58
# corresponding to MSA columns:
# 1075-1083,1087-1109,1116-1122,1124-1134,1136-1143
name=unknown_G
#
# <colnr> <probs for GDERKNQSTAVLIFYWHMCP>
#	G	D	E	R	K	N	Q	S	T	A	V	L	I	F	Y	W	H	M	C	P
0	0.30872	0.01011	0.01019	0.04681	0.01259	0.01099	0.00705	0.22921	0.01444	0.09356	0.01790	0.01861	0.13113	0.03802	0.00544	0.00175	0.00447	0.00520	0.02728	0.00655
1	0.00809	0.00550	0.00675	0.03471	0.00846	0.00536	0.01998	0.00978	0.02918	0.03006	0.03962	0.22736	0.15956	0.18057	0.02937	0.00258	0.00382	0.00918	0.18561	0.00450
2	0.04938	0.00590	0.00724	0.00741	0.00850	0.00577	0.00525	0.01143	0.05292	0.10969	0.05267	0.40600	0.02644	0.16320	0.00990	0.00254	0.00374	0.04638	0.02069	0.00496
3	0.85377	0.01007	0.00765	0.00685	0.01007	0.01168	0.00564	0.01531	0.00886	0.02336	0.00725	0.00846	0.00564	0.00483	0.00322	0.00161	0.00403	0.00282	0.00322	0.00564
4	0.01110	0.00645	0.00766	0.00731	0.00864	0.03106	0.00516	0.01220	0.01118	0.19155	0.09396	0.27703	0.07176	0.22726	0.01150	0.00269	0.00402	0.00956	0.00477	0.00514
5	0.01535	0.01238	0.01313	0.01108	0.01446	0.01407	0.00882	0.28694	0.51191	0.02565	0.01815	0.01700	0.01343	0.00678	0.00527	0.00169	0.00469	0.00547	0.00527	0.00846
6	0.00896	0.00600	0.00732	0.00729	0.00835	0.00592	0.00531	0.01135	0.07588	0.06388	0.15692	0.10307	0.07250	0.29640	0.01344	0.00304	0.00412	0.14101	0.00453	0.00472
7	0.01378	0.00997	0.01600	0.01203	0.01594	0.00890	0.21411	0.05692	0.01312	0.18845	0.08568	0.06211	0.01504	0.02677	0.00587	0.00157	0.00530	0.02084	0.00420	0.22341
8	0.00874	0.00557	0.00668	0.00661	0.00801	0.00504	0.00479	0.01042	0.02714	0.10327	0.15425	0.25696	0.26401	0.07334	0.00761	0.00205	0.00313	0.01056	0.03687	0.00494
9	0.02092	0.01027	0.01250	0.00969	0.01349	0.01006	0.00797	0.25748	0.01753	0.47581	0.01767	0.01625	0.01167	0.00635	0.00507	0.00156	0.00465	0.00503	0.08757	0.00847
10	0.00776	0.00522	0.00660	0.00716	0.00813	0.00481	0.00524	0.00894	0.01085	0.05676	0.05059	0.38428	0.19926	0.06435	0.00822	0.03051	0.00346	0.12860	0.00475	0.00450
11	0.01000	0.00611	0.00764	0.00749	0.00883	0.00581	0.00552	0.05280	0.01203	0.12261	0.11741	0.26678	0.10482	0.15501	0.00984	0.00247	0.00381	0.09105	0.00489	0.00510
12	0.01533	0.01134	0.01397	0.04134	0.02870	0.01214	0.05697	0.36615	0.04341	0.09240	0.04941	0.02194	0.14438	0.00783	0.00618	0.00169	0.04971	0.02493	0.00478	0.00740
13	0.01392	0.82012	0.02729	0.00891	0.01337	0.02061	0.00891	0.01559	0.01058	0.01225	0.00724	0.00835	0.00668	0.00446	0.00334	0.00111	0.00557	0.00278	0.00223	0.00668
14	0.00695	0.00516	0.00632	0.00697	0.00778	0.00486	0.00498	0.00845	0.03062	0.01389	0.06376	0.38972	0.19917	0.11861	0.00912	0.00242	0.00344	0.10877	0.00466	0.00434
15	0.00661	0.00515	0.00595	0.00633	0.00744	0.00465	0.00448	0.00821	0.03213	0.01461	0.12490	0.33551	0.36586	0.04485	0.00710	0.00201	0.00290	0.01198	0.00489	0.00445
16	0.01864	0.01188	0.01353	0.01075	0.01434	0.05509	0.03660	0.31539	0.07194	0.26208	0.03963	0.01740	0.01272	0.01908	0.00556	0.00165	0.00520	0.02711	0.05339	0.00803
17	0.00685	0.00508	0.00610	0.00663	0.00763	0.00461	0.00469	0.00828	0.02403	0.02803	0.08949	0.42950	0.29236	0.03429	0.00690	0.00202	0.00299	0.03115	0.00489	0.00447
18	0.01196	0.00609	0.00802	0.00769	0.00943	0.00549	0.00580	0.01353	0.01221	0.25365	0.09424	0.36434	0.07914	0.01194	0.00602	0.00187	0.00345	0.05319	0.04613	0.00580
19	0.04661	0.01176	0.01242	0.01069	0.01393	0.01338	0.00846	0.17791	0.56754	0.04971	0.01887	0.01754	0.01397	0.00679	0.00520	0.00171	0.00446	0.00551	0.00524	0.00829
20	0.00760	0.00516	0.00630	0.00673	0.00727	0.00496	0.00444	0.00870	0.02967	0.03793	0.04885	0.37722	0.08417	0.30893	0.01381	0.00313	0.00385	0.03284	0.00431	0.00414
21	0.01137	0.01131	0.01575	0.01344	0.01362	0.01560	0.01119	0.01256	0.00808	0.01270	0.00693	0.01137	0.00687	0.00891	0.01658	0.00222	0.77652	0.00450	0.00231	0.03815
22	0.00877	0.00638	0.00727	0.00689	0.00868	0.00597	0.00525	0.08217	0.02729	0.05460	0.19565	0.14748	0.37596	0.01202	0.00610	0.00178	0.00313	0.03425	0.00514	0.00521
23	0.00977	0.00790	0.01024	0.00959	0.01083	0.02354	0.00756	0.07901	0.07570	0.01490	0.01439	0.06316	0.01345	0.02627	0.45213	0.03309	0.11552	0.02425	0.00330	0.00540
24	0.01176	0.00700	0.00782	0.00702	0.00891	0.00710	0.00544	0.12582	0.04167	0.08545	0.11072	0.04791	0.05902	0.05279	0.00599	0.00168	0.00342	0.03396	0.37073	0.00578
25	0.05428	0.00527	0.00581	0.00597	0.00651	0.00517	0.00376	0.00814	0.00894	0.01252	0.04310	0.17357	0.12302	0.47447	0.01768	0.00368	0.00416	0.00901	0.03118	0.00375
26	0.00854	0.00727	0.01038	0.00974	0.01067	0.02904	0.02732	0.01033	0.00858	0.01230	0.01253	0.01850	0.01169	0.03230	0.62575	0.00700	0.14507	0.00537	0.00270	0.00492
27	0.02333	0.00720	0.00842	0.08991	0.01149	0.05023	0.00640	0.01130	0.07121	0.01599	0.26234	0.08342	0.14106	0.01235	0.03448	0.13008	0.00429	0.02741	0.00429	0.00480
28	0.00978	0.00583	0.00805	0.00783	0.00917	0.00588	0.00591	0.01136	0.01039	0.14339	0.06387	0.20458	0.07248	0.06033	0.35059	0.00483	0.00804	0.00830	0.00419	0.00519
29	0.09233	0.00930	0.01055	0.00889	0.01184	0.00948	0.00713	0.19674	0.06982	0.22251	0.07051	0.06601	0.11775	0.03477	0.00610	0.00181	0.00429	0.04791	0.00523	0.00703
30	0.03325	0.01025	0.01311	0.05552	0.06968	0.01029	0.00884	0.15105	0.11294	0.41117	0.01742	0.01712	0.01209	0.04551	0.00623	0.00179	0.00490	0.00522	0.00537	0.00824
31	0.01055	0.00859	0.01345	0.35043	0.15031	0.00947	0.01110	0.04097	0.01185	0.05865	0.11715	0.13583	0.01769	0.03399	0.00623	0.00184	0.00539	0.00691	0.00355	0.00605
32	0.00687	0.00518	0.00640	0.00698	0.00788	0.00486	0.00495	0.00884	0.04827	0.01525	0.16440	0.47075	0.17984	0.01422	0.00641	0.00195	0.00295	0.03439	0.00501	0.00459
33	0.00761	0.00545	0.00771	0.00780	0.00860	0.00611	0.00589	0.00922	0.00860	0.01239	0.01552	0.04385	0.01529	0.15416	0.57717	0.00702	0.01124	0.04209	0.04987	0.00443
34	0.05225	0.04030	0.01345	0.07415	0.04070	0.21548	0.00914	0.19589	0.01480	0.01908	0.05380	0.03068	0.01141	0.03964	0.03244	0.00191	0.07150	0.00480	0.07219	0.00639
35	0.00903	0.00581	0.00776	0.03717	0.00927	0.00599	0.00574	0.02402	0.02364	0.05123	0.07494	0.26306	0.07180	0.02374	0.02413	0.21770	0.04995	0.02689	0.06376	0.00437
36	0.01190	0.01497	0.11777	0.02124	0.09501	0.01258	0.57236	0.01615	0.01187	0.01637	0.01061	0.01455	0.00831	0.04382	0.00690	0.00188	0.00823	0.00581	0.00260	0.00703
37	0.00682	0.00545	0.00683	0.03756	0.03455	0.00504	0.00539	0.00830	0.01134	0.01452	0.10813	0.31216	0.34727	0.01418	0.02710	0.00206	0.00342	0.04059	0.00469	0.00459
38	0.03837	0.05653	0.01771	0.13205	0.05848	0.05223	0.17408	0.07301	0.11939	0.03684	0.04123	0.01553	0.01102	0.00939	0.09144	0.00240	0.04626	0.00522	0.01212	0.00672
39	0.31949	0.00848	0.00848	0.00741	0.01016	0.00882	0.00588	0.05721	0.05223	0.16281	0.08054	0.04816	0.15386	0.03411	0.00545	0.00177	0.00380	0.00611	0.01909	0.00613
40	0.00649	0.00481	0.00607	0.00689	0.00760	0.00440	0.00481	0.00768	0.01087	0.01426	0.10561	0.56354	0.17929	0.01510	0.00652	0.00201	0.00296	0.04183	0.00492	0.00435
41	0.11490	0.03127	0.01268	0.01060	0.04215	0.01058	0.05227	0.19527	0.06743	0.17449	0.03530	0.10295	0.09537	0.00851	0.02116	0.00181	0.00484	0.00655	0.00478	0.00712
42	0.06557	0.01151	0.01307	0.01018	0.01397	0.01191	0.00835	0.40231	0.01930	0.25021	0.09433	0.01648	0.01399	0.00660	0.00515	0.00156	0.00485	0.00517	0.00543	0.04005
43	0.00643	0.00454	0.00601	0.00719	0.00752	0.00425	0.00480	0.00737	0.00999	0.01345	0.02841	0.79354	0.03391	0.01606	0.00657	0.00209	0.00301	0.01455	0.02607	0.00425
44	0.03197	0.00513	0.00669	0.00660	0.00693	0.00520	0.00435	0.02191	0.00789	0.02474	0.01272	0.05682	0.01330	0.24843	0.04366	0.45511	0.00482	0.00588	0.03473	0.00311
45	0.01181	0.05131	0.01781	0.44827	0.05273	0.11184	0.10158	0.01514	0.03358	0.01387	0.00942	0.01312	0.00742	0.00606	0.02070	0.00182	0.07027	0.00461	0.00250	0.00613
46	0.00671	0.00489	0.00637	0.00735	0.00789	0.00464	0.00509	0.00824	0.03393	0.01423	0.08293	0.67258	0.05903	0.01543	0.00658	0.00207	0.00309	0.04959	0.00491	0.00443
47	0.00752	0.00508	0.00580	0.00576	0.00592	0.00502	0.00335	0.00780	0.00839	0.01128	0.09522	0.03490	0.03746	0.71846	0.02402	0.00463	0.00474	0.00783	0.00345	0.00336
48	0.03161	0.00849	0.01374	0.60415	0.02922	0.01019	0.02569	0.01255	0.01058	0.01415	0.03178	0.08600	0.02706	0.00682	0.00535	0.00177	0.00611	0.03392	0.03526	0.00555
49	0.82601	0.01003	0.00780	0.00693	0.01018	0.01155	0.00571	0.01564	0.00906	0.04893	0.00770	0.00877	0.00588	0.00489	0.00329	0.00161	0.00404	0.00290	0.00333	0.00575
50	0.01238	0.01223	0.01883	0.23235	0.51235	0.06786	0.01486	0.01539	0.01163	0.01564	0.01005	0.03474	0.00851	0.00516	0.00518	0.00160	0.00653	0.00482	0.00258	0.00734
51	0.01240	0.01188	0.02026	0.15519	0.66508	0.01225	0.01574	0.01556	0.01163	0.01642	0.00971	0.01305	0.00804	0.00473	0.00516	0.00158	0.00631	0.00464	0.00254	0.00786
52	0.00913	0.00668	0.01031	0.19222	0.04201	0.00775	0.00810	0.00957	0.00833	0.01133	0.01088	0.05214	0.01049	0.04739	0.14062	0.34431	0.07682	0.00530	0.00252	0.00409
53	0.01945	0.02482	0.01476	0.01342	0.01610	0.79608	0.01006	0.02079	0.01476	0.01275	0.00805	0.00939	0.00671	0.00537	0.00470	0.00134	0.00939	0.00335	0.00268	0.00604
54	0.01026	0.00716	0.00898	0.03732	0.01089	0.00609	0.00591	0.01256	0.01306	0.10351	0.35279	0.02729	0.09126	0.00795	0.00525	0.00136	0.00332	0.00682	0.00473	0.28348
55	0.00634	0.00453	0.00604	0.00725	0.00755	0.00423	0.00483	0.00725	0.00997	0.01329	0.02870	0.81358	0.03444	0.01632	0.00665	0.00211	0.00302	0.01480	0.00483	0.00423
56	0.01017	0.00960	0.01622	0.72011	0.11761	0.01166	0.01463	0.01360	0.01057	0.01371	0.00931	0.01378	0.00708	0.00514	0.00520	0.00171	0.00686	0.00463	0.00234	0.00605
57	0.13483	0.04018	0.06159	0.08171	0.08952	0.17263	0.28091	0.01658	0.01190	0.01632	0.00990	0.04209	0.00818	0.00523	0.00513	0.00162	0.00746	0.00494	0.00275	0.00655

[dist]
# distance from previous block
# <min> <max>
0	1

[block]
# block no. 7 follows, 47 sequences, length 48
# corresponding to MSA columns:
# 1145-1148,1189-1202,1204-1214,1216-1233,1238
name=unknown_H
#
# <colnr> <probs for GDERKNQSTAVLIFYWHMCP>
#	G	D	E	R	K	N	Q	S	T	A	V	L	I	F	Y	W	H	M	C	P
0	0.01024	0.00947	0.01562	0.77226	0.03507	0.01176	0.01428	0.04395	0.01099	0.01410	0.00939	0.01383	0.00702	0.00525	0.00521	0.00173	0.00689	0.00463	0.00243	0.00591
1	0.00789	0.00658	0.00711	0.00703	0.00851	0.03620	0.00523	0.01098	0.09402	0.01704	0.28786	0.16853	0.28047	0.01193	0.00611	0.00178	0.00312	0.02947	0.00510	0.00503
2	0.01342	0.70435	0.13861	0.00978	0.01470	0.01936	0.01042	0.01572	0.01064	0.01287	0.00755	0.00874	0.00667	0.00453	0.00358	0.00119	0.00588	0.00294	0.00222	0.00683
3	0.01874	0.03504	0.01529	0.01154	0.01545	0.01510	0.00954	0.58408	0.06512	0.08500	0.01304	0.01305	0.00935	0.00631	0.00570	0.00157	0.04521	0.00468	0.00500	0.04118
4	0.01134	0.00736	0.00864	0.00797	0.00931	0.04621	0.00626	0.01318	0.01068	0.10725	0.04911	0.02035	0.01422	0.03328	0.17013	0.02975	0.10879	0.03072	0.31012	0.00533
5	0.03640	0.26729	0.15178	0.01205	0.03334	0.07292	0.05195	0.13454	0.08274	0.05184	0.01090	0.01196	0.00851	0.00694	0.04377	0.00179	0.00662	0.00406	0.00327	0.00731
6	0.00779	0.00610	0.00934	0.00894	0.00993	0.00708	0.03259	0.00961	0.00845	0.01217	0.01364	0.02051	0.01286	0.07510	0.69648	0.00771	0.04858	0.00565	0.00278	0.00470
7	0.03870	0.32112	0.04101	0.01158	0.01542	0.01494	0.13122	0.06108	0.15576	0.01716	0.04734	0.01843	0.01309	0.00640	0.00485	0.00156	0.00561	0.08436	0.00351	0.00687
8	0.00939	0.04009	0.00887	0.00807	0.00962	0.09183	0.00604	0.05002	0.02811	0.01642	0.19540	0.32115	0.10399	0.01177	0.00595	0.00177	0.00392	0.04294	0.00466	0.03999
9	0.01269	0.50975	0.13874	0.09716	0.07076	0.01721	0.04223	0.01542	0.01074	0.01350	0.00822	0.01014	0.00699	0.00535	0.02070	0.00147	0.00638	0.00346	0.00229	0.00682
10	0.01262	0.01418	0.06024	0.04793	0.02670	0.01283	0.67583	0.01694	0.01229	0.05082	0.01089	0.01408	0.00804	0.00453	0.00602	0.00174	0.00848	0.00596	0.00277	0.00709
11	0.00727	0.00573	0.00779	0.00842	0.00871	0.00625	0.00608	0.00828	0.00973	0.01327	0.02503	0.64728	0.02968	0.01504	0.00840	0.00215	0.13625	0.04574	0.00441	0.00450
12	0.00711	0.00505	0.00622	0.00652	0.00703	0.00494	0.00434	0.00799	0.00956	0.01279	0.10381	0.23135	0.10120	0.34751	0.09772	0.00390	0.00496	0.03004	0.00402	0.00394
13	0.00675	0.00497	0.00628	0.00671	0.00758	0.00456	0.00476	0.00827	0.01191	0.01602	0.29329	0.38647	0.15760	0.03448	0.00692	0.00198	0.00286	0.02902	0.00510	0.00448
14	0.76478	0.00994	0.00813	0.00711	0.01042	0.01125	0.00586	0.01639	0.00951	0.10532	0.00868	0.00945	0.00642	0.00501	0.00344	0.00161	0.00407	0.00308	0.00357	0.00599
15	0.01409	0.01175	0.01241	0.01083	0.01397	0.01348	0.00852	0.15006	0.65085	0.02361	0.01976	0.01828	0.01473	0.00693	0.00528	0.00173	0.00439	0.00569	0.00528	0.00834
16	0.00642	0.00479	0.00583	0.00659	0.00737	0.00432	0.00455	0.00755	0.01074	0.01399	0.06591	0.54062	0.24972	0.01490	0.00640	0.00197	0.00287	0.01322	0.02791	0.00432
17	0.02697	0.00540	0.00673	0.00723	0.00806	0.00514	0.00501	0.03401	0.01080	0.05946	0.05345	0.55172	0.08308	0.09576	0.00841	0.00232	0.00340	0.02367	0.00477	0.00462
18	0.00757	0.00505	0.00568	0.00568	0.00568	0.00505	0.00316	0.00757	0.00757	0.01010	0.01641	0.03408	0.01893	0.81698	0.02651	0.00505	0.00505	0.00757	0.00316	0.00316
19	0.01312	0.01114	0.01174	0.01044	0.01341	0.01276	0.00815	0.08127	0.68183	0.02222	0.02212	0.02044	0.05338	0.00731	0.00533	0.00175	0.00417	0.00605	0.00527	0.00810
20	0.00910	0.00620	0.00747	0.00685	0.00892	0.00527	0.00518	0.01082	0.01219	0.09941	0.17488	0.19170	0.26426	0.01109	0.00580	0.00164	0.00313	0.02649	0.00489	0.14472
21	0.00764	0.00524	0.00670	0.00731	0.00811	0.00493	0.00509	0.03917	0.01136	0.04493	0.10257	0.61855	0.08922	0.01474	0.00645	0.00200	0.00310	0.01322	0.00500	0.00468
22	0.00857	0.00536	0.00678	0.00705	0.00793	0.00500	0.00485	0.02300	0.01090	0.09048	0.09989	0.45239	0.08631	0.15457	0.00987	0.00250	0.00348	0.01161	0.00479	0.00466
23	0.00732	0.00496	0.00584	0.00609	0.00618	0.00493	0.00361	0.00756	0.00809	0.01082	0.01887	0.19435	0.02194	0.62738	0.04669	0.00455	0.00491	0.00900	0.00349	0.00342
24	0.00641	0.00461	0.00605	0.00718	0.00756	0.00430	0.00484	0.00735	0.01005	0.01331	0.02946	0.74420	0.06720	0.03476	0.00710	0.00217	0.00309	0.03134	0.00479	0.00423
25	0.00740	0.00538	0.00670	0.00742	0.00804	0.00528	0.00512	0.03252	0.04822	0.01405	0.02689	0.55553	0.05925	0.13186	0.00944	0.00251	0.00356	0.06174	0.00462	0.00446
26	0.01080	0.00926	0.01080	0.00771	0.01234	0.00694	0.00617	0.01311	0.01080	0.01697	0.00926	0.01080	0.00771	0.00386	0.00386	0.00077	0.00386	0.00309	0.00309	0.84882
27	0.01295	0.01119	0.01178	0.01060	0.01354	0.01295	0.00824	0.02767	0.77509	0.02178	0.02120	0.01943	0.01590	0.00707	0.00530	0.00177	0.00412	0.00589	0.00530	0.00824
28	0.01024	0.00855	0.00932	0.00856	0.01083	0.00926	0.00658	0.01926	0.43366	0.02018	0.23428	0.03013	0.15949	0.00912	0.00568	0.00173	0.00341	0.00775	0.00534	0.00666
29	0.01328	0.00770	0.00963	0.00873	0.01083	0.00764	0.00677	0.13858	0.03795	0.20323	0.07033	0.24633	0.04112	0.02943	0.04637	0.03540	0.00459	0.07071	0.00511	0.00625
30	0.00900	0.00581	0.00746	0.00724	0.00857	0.00545	0.00538	0.04120	0.01337	0.08622	0.39004	0.24929	0.06967	0.03878	0.00688	0.00191	0.00311	0.04008	0.00537	0.00515
31	0.00750	0.00533	0.00712	0.00712	0.00762	0.00583	0.00495	0.00850	0.00800	0.01116	0.01509	0.02679	0.01577	0.40071	0.43845	0.00683	0.00981	0.00651	0.00296	0.00396
32	0.00766	0.00581	0.00851	0.00846	0.00947	0.00677	0.00658	0.01005	0.03960	0.01248	0.01424	0.02042	0.01314	0.03775	0.76413	0.00810	0.01355	0.00559	0.00289	0.00480
33	0.00889	0.00584	0.00703	0.00690	0.00847	0.00535	0.00516	0.01107	0.04903	0.10443	0.17982	0.21306	0.28697	0.03863	0.00683	0.00194	0.00315	0.04713	0.00516	0.00514
34	0.00983	0.00702	0.00796	0.00744	0.00886	0.03904	0.00543	0.04914	0.05471	0.07492	0.35761	0.14057	0.05898	0.14404	0.00936	0.00226	0.00366	0.00892	0.00503	0.00523
35	0.00778	0.00531	0.00605	0.00600	0.00616	0.00543	0.00352	0.00844	0.03738	0.01065	0.01647	0.03284	0.01852	0.74701	0.06385	0.00509	0.00545	0.00741	0.00322	0.00343
36	0.03888	0.00990	0.01143	0.00968	0.01285	0.01038	0.00772	0.09911	0.32023	0.28206	0.03965	0.05446	0.01577	0.00733	0.00527	0.00169	0.00424	0.02155	0.03984	0.00797
37	0.02291	0.00665	0.00778	0.00742	0.00915	0.00648	0.00555	0.05839	0.08263	0.10434	0.12276	0.24415	0.19234	0.04326	0.00671	0.00193	0.00339	0.02378	0.04483	0.00554
38	0.00932	0.00612	0.00757	0.00783	0.00896	0.00609	0.00566	0.02323	0.10911	0.08248	0.02537	0.42918	0.04667	0.09701	0.00859	0.01750	0.00369	0.07261	0.02786	0.00514
39	0.01116	0.02982	0.01620	0.61658	0.10167	0.05818	0.01385	0.03422	0.04091	0.01443	0.00974	0.01358	0.00744	0.00525	0.00513	0.00168	0.00684	0.00456	0.00255	0.00622
40	0.04338	0.00667	0.00786	0.00800	0.00944	0.00678	0.00606	0.04192	0.12094	0.04306	0.07277	0.29734	0.11566	0.06074	0.00740	0.00216	0.00372	0.13596	0.00485	0.00530
41	0.02463	0.00777	0.00919	0.00858	0.01063	0.00796	0.00659	0.07504	0.18529	0.13343	0.10335	0.25638	0.06031	0.01066	0.00584	0.00184	0.00372	0.05414	0.02832	0.00634
42	0.00861	0.00682	0.00746	0.00696	0.00893	0.00665	0.00531	0.04302	0.15474	0.03351	0.21745	0.05405	0.40465	0.01109	0.00595	0.00173	0.00304	0.00937	0.00518	0.00550
43	0.00815	0.00673	0.00734	0.00726	0.00851	0.04488	0.00541	0.03755	0.01210	0.01568	0.18236	0.18416	0.25762	0.07363	0.03445	0.00229	0.03557	0.05248	0.01911	0.00471
44	0.03533	0.00797	0.00955	0.00851	0.01072	0.00803	0.00660	0.10950	0.09965	0.20088	0.04078	0.11510	0.06388	0.08671	0.00875	0.06786	0.00426	0.07670	0.03297	0.00624
45	0.00794	0.00577	0.00683	0.00684	0.00805	0.00553	0.00491	0.02700	0.06834	0.03372	0.22948	0.25985	0.19155	0.09084	0.00811	0.00213	0.00315	0.01055	0.02456	0.00486
46	0.05917	0.01187	0.08710	0.01511	0.10825	0.02837	0.18356	0.03900	0.01120	0.01690	0.01293	0.10927	0.01171	0.00762	0.02213	0.00185	0.11990	0.00604	0.14176	0.00627
47	0.22490	0.00911	0.00981	0.04067	0.01211	0.03581	0.00694	0.07096	0.02986	0.22624	0.08242	0.03982	0.09460	0.00986	0.06349	0.00216	0.00502	0.02508	0.00465	0.00650

[dist]
# distance from previous block
# <min> <max>
0	1

[block]
# block no. 8 follows, 47 sequences, length 42
# corresponding to MSA columns:
# 1241-1245,1262-1280,1290-1307
name=unknown_I
#
# <colnr> <probs for GDERKNQSTAVLIFYWHMCP>
#	G	D	E	R	K	N	Q	S	T	A	V	L	I	F	Y	W	H	M	C	P
0	0.01935	0.00659	0.00717	0.00731	0.00857	0.04438	0.00531	0.02017	0.04825	0.05061	0.13324	0.33169	0.16693	0.05070	0.00703	0.00200	0.00349	0.03938	0.04290	0.00492
1	0.00741	0.00548	0.00659	0.00701	0.00794	0.00523	0.00496	0.05182	0.01122	0.01461	0.05906	0.41112	0.20241	0.11158	0.02391	0.00247	0.00362	0.05443	0.00465	0.00447
2	0.03249	0.09075	0.23084	0.01239	0.01635	0.03893	0.04248	0.10605	0.08231	0.05358	0.01292	0.07037	0.01115	0.00721	0.00701	0.00176	0.13223	0.04074	0.00342	0.00702
3	0.01032	0.00811	0.01103	0.07561	0.11091	0.00845	0.02797	0.05680	0.13232	0.03664	0.05741	0.14724	0.09971	0.10343	0.00937	0.07340	0.00458	0.01690	0.00405	0.00574
4	0.04808	0.00619	0.00721	0.00727	0.00865	0.00611	0.00535	0.03083	0.07563	0.06822	0.06742	0.31509	0.13417	0.06253	0.00733	0.01211	0.00344	0.05218	0.07707	0.00512
5	0.00788	0.00671	0.00958	0.19107	0.08646	0.00684	0.00783	0.00998	0.01167	0.01523	0.16457	0.18863	0.25234	0.01073	0.00594	0.00178	0.00400	0.00942	0.00421	0.00513
