[name]
unknown

[dist]
# distance from previous block
# <min> <max>
0	43

[block]
# block no. 0 follows, 57 sequences, length 14
# corresponding to MSA columns:
# 43-56
name=unknown_A
#
# <colnr> <probs for GDERKNQSTAVLIFYWHMCP>
#	G	D	E	R	K	N	Q	S	T	A	V	L	I	F	Y	W	H	M	C	P
0	0.00757	0.00470	0.00613	0.00660	0.00754	0.00433	0.00489	0.00872	0.00964	0.10586	0.02639	0.48009	0.12813	0.03576	0.00615	0.00186	0.00304	0.14404	0.00432	0.00423
1	0.06840	0.10591	0.15717	0.01309	0.01721	0.02989	0.29965	0.06676	0.03235	0.06755	0.03662	0.02280	0.00884	0.00488	0.00489	0.00144	0.03113	0.02246	0.00280	0.00615
2	0.04274	0.06201	0.09165	0.03243	0.01304	0.00964	0.06536	0.08138	0.18890	0.19185	0.05024	0.05566	0.01259	0.06384	0.00596	0.00166	0.01573	0.00507	0.00392	0.00635
3	0.00617	0.00432	0.00545	0.00594	0.00670	0.00392	0.00416	0.00729	0.00985	0.04179	0.16139	0.51821	0.18300	0.01253	0.00558	0.00169	0.00253	0.01115	0.00439	0.00395
4	0.06425	0.00854	0.01026	0.00833	0.01124	0.00866	0.00675	0.15415	0.11591	0.34559	0.04700	0.03694	0.01196	0.00801	0.06613	0.00184	0.02775	0.00469	0.00456	0.05742
5	0.10838	0.02964	0.16593	0.02943	0.07125	0.06285	0.24431	0.11637	0.03786	0.07657	0.00958	0.01099	0.00702	0.00446	0.00448	0.00142	0.00604	0.00410	0.00288	0.00644
6	0.00822	0.00527	0.00717	0.00687	0.00793	0.00549	0.02240	0.03325	0.00902	0.07834	0.03390	0.19795	0.04191	0.05974	0.27869	0.03193	0.02847	0.00674	0.13235	0.00434
7	0.00569	0.00403	0.00525	0.00611	0.00637	0.00380	0.00402	0.00643	0.00857	0.01146	0.05419	0.70124	0.02871	0.12161	0.00802	0.00216	0.00284	0.01188	0.00405	0.00358
8	0.01152	0.04307	0.10511	0.02753	0.11607	0.00966	0.27811	0.03826	0.03694	0.13668	0.01296	0.12560	0.01116	0.00589	0.00493	0.00150	0.00558	0.02000	0.00317	0.00624
9	0.03593	0.01106	0.05940	0.04744	0.19414	0.04208	0.16365	0.03939	0.01088	0.21757	0.01071	0.01218	0.00787	0.00561	0.02356	0.00161	0.10292	0.00431	0.00314	0.00655
10	0.01260	0.01039	0.01099	0.00949	0.01229	0.01189	0.00749	0.19644	0.62977	0.02110	0.01676	0.01556	0.01247	0.00599	0.00459	0.00150	0.00390	0.00489	0.00459	0.00729
11	0.00610	0.00437	0.00565	0.00637	0.00683	0.00417	0.00434	0.03803	0.00948	0.01273	0.09315	0.70745	0.02976	0.04068	0.00627	0.00187	0.00274	0.01191	0.00424	0.00386
12	0.01420	0.22572	0.07311	0.00950	0.01295	0.08829	0.00852	0.34938	0.01491	0.04168	0.02913	0.01158	0.03595	0.00527	0.00440	0.00127	0.03199	0.00380	0.03184	0.00650
13	0.01066	0.00837	0.03611	0.03986	0.01176	0.00643	0.00616	0.01298	0.02537	0.12051	0.03472	0.01189	0.02480	0.00413	0.00372	0.00088	0.00358	0.00336	0.00316	0.63154

[dist]
# distance from previous block
# <min> <max>
0	2

[block]
# block no. 1 follows, 57 sequences, length 9
# corresponding to MSA columns:
# 59-67
name=unknown_B
#
# <colnr> <probs for GDERKNQSTAVLIFYWHMCP>
#	G	D	E	R	K	N	Q	S	T	A	V	L	I	F	Y	W	H	M	C	P
0	0.04266	0.02594	0.13181	0.11113	0.01745	0.05120	0.15393	0.12259	0.05504	0.15840	0.05816	0.01323	0.00983	0.00511	0.00482	0.00144	0.02304	0.00444	0.00339	0.00640
1	0.00886	0.00861	0.06726	0.04690	0.01215	0.00799	0.09297	0.01310	0.16958	0.03706	0.13750	0.04871	0.10617	0.09734	0.00754	0.00180	0.06281	0.00609	0.00355	0.06401
2	0.01122	0.00965	0.01296	0.46130	0.02272	0.06302	0.01061	0.11378	0.03177	0.07407	0.01035	0.01283	0.03342	0.00543	0.00580	0.00152	0.10697	0.00421	0.00276	0.00560
3	0.01042	0.01035	0.01478	0.35378	0.34535	0.09790	0.01202	0.01300	0.01005	0.01305	0.00982	0.01268	0.03743	0.00464	0.00445	0.00139	0.00572	0.00413	0.03318	0.00585
4	0.03349	0.01069	0.04018	0.08979	0.06729	0.01023	0.29971	0.09116	0.09744	0.06589	0.01205	0.01353	0.04162	0.00471	0.00469	0.00139	0.00558	0.00470	0.00306	0.10278
5	0.06096	0.00813	0.01056	0.00814	0.01162	0.00738	0.00672	0.07972	0.01334	0.71856	0.01680	0.01470	0.01065	0.00553	0.00447	0.00140	0.00392	0.00442	0.00539	0.00758
6	0.00942	0.11225	0.73133	0.01236	0.01875	0.01133	0.01577	0.01427	0.00953	0.01395	0.00793	0.00932	0.00575	0.00426	0.00415	0.00138	0.00650	0.00325	0.00192	0.00660
7	0.01285	0.02671	0.08699	0.09615	0.26796	0.04410	0.07902	0.07412	0.03671	0.16712	0.01155	0.05667	0.00908	0.00513	0.00459	0.00142	0.00534	0.00463	0.00319	0.00668
8	0.01246	0.04352	0.02487	0.00804	0.01034	0.06835	0.04590	0.08437	0.02868	0.22882	0.03764	0.03758	0.09873	0.15503	0.07535	0.00240	0.00506	0.00552	0.02185	0.00550

[dist]
# distance from previous block
# <min> <max>
0	1

[block]
# block no. 2 follows, 57 sequences, length 21
# corresponding to MSA columns:
# 69-78,88-98
name=unknown_C
#
# <colnr> <probs for GDERKNQSTAVLIFYWHMCP>
#	G	D	E	R	K	N	Q	S	T	A	V	L	I	F	Y	W	H	M	C	P
0	0.00580	0.00436	0.00588	0.00728	0.04866	0.00406	0.00465	0.00672	0.00891	0.01180	0.02598	0.72372	0.09844	0.01342	0.00568	0.00179	0.00274	0.01212	0.00410	0.00388
1	0.01123	0.04854	0.24333	0.10892	0.25179	0.01094	0.01255	0.12039	0.05296	0.04391	0.01057	0.03106	0.02397	0.00491	0.00444	0.00140	0.00548	0.00417	0.00275	0.00668
2	0.02562	0.02775	0.12819	0.01166	0.01543	0.03024	0.15731	0.33675	0.03413	0.05566	0.02403	0.01302	0.04276	0.00585	0.00557	0.04673	0.02482	0.00447	0.00347	0.00654
3	0.02664	0.00968	0.17010	0.00851	0.01136	0.00683	0.03771	0.04158	0.03178	0.14916	0.23589	0.10428	0.07249	0.00801	0.00502	0.00153	0.00393	0.06587	0.00412	0.00552
4	0.01131	0.01704	0.47275	0.01165	0.01680	0.00945	0.07937	0.06235	0.01132	0.15122	0.10123	0.01362	0.01109	0.00512	0.00457	0.00143	0.00567	0.00432	0.00308	0.00660
5	0.15816	0.04952	0.06763	0.02724	0.04813	0.03267	0.16937	0.12561	0.07089	0.10746	0.06838	0.03398	0.01068	0.00522	0.00440	0.00142	0.00501	0.00456	0.00343	0.00622
6	0.01200	0.05624	0.03849	0.09964	0.18854	0.16342	0.15043	0.08462	0.05639	0.01466	0.01017	0.07413	0.00879	0.00524	0.00474	0.00140	0.01763	0.00470	0.00271	0.00607
7	0.05585	0.03079	0.01407	0.00993	0.01398	0.00812	0.20065	0.03062	0.01014	0.07063	0.00894	0.01038	0.00697	0.00373	0.00392	0.00099	0.00453	0.00348	0.00282	0.50945
8	0.39014	0.01467	0.01091	0.00978	0.03024	0.36429	0.04512	0.04138	0.01072	0.03530	0.00723	0.00835	0.00570	0.00446	0.00362	0.00130	0.00584	0.00294	0.00269	0.00533
9	0.00653	0.00464	0.00620	0.00620	0.00663	0.00507	0.00431	0.00739	0.00696	0.00971	0.01313	0.02330	0.01372	0.40838	0.45166	0.00594	0.00854	0.00566	0.00258	0.00344
10	0.20515	0.00883	0.00942	0.00756	0.01064	0.00887	0.00610	0.22239	0.01270	0.13838	0.01264	0.07898	0.03409	0.00563	0.00398	0.00126	0.00377	0.00438	0.03210	0.19314
11	0.00654	0.00469	0.00584	0.00633	0.00719	0.00440	0.00460	0.04008	0.01008	0.03135	0.08076	0.49626	0.18498	0.01260	0.00563	0.00174	0.00280	0.08575	0.00430	0.00406
12	0.01082	0.00767	0.01070	0.00915	0.01113	0.02954	0.11101	0.08168	0.06564	0.14830	0.07818	0.28308	0.01908	0.02465	0.00589	0.00165	0.03848	0.02556	0.03237	0.00542
13	0.00598	0.00416	0.00528	0.00586	0.00646	0.00387	0.00407	0.00720	0.00975	0.01352	0.19152	0.53217	0.08749	0.01211	0.00541	0.00166	0.00245	0.01083	0.08636	0.00387
14	0.00560	0.00398	0.00523	0.00620	0.00645	0.00374	0.00409	0.00633	0.00852	0.01135	0.02416	0.77601	0.02894	0.07739	0.00710	0.00204	0.00276	0.01240	0.00409	0.00361
15	0.03258	0.04590	0.07482	0.09753	0.03586	0.09632	0.18430	0.08148	0.08862	0.03315	0.00915	0.01120	0.00718	0.00528	0.00667	0.00153	0.17560	0.00417	0.00267	0.00598
16	0.00553	0.00419	0.00510	0.00574	0.00645	0.00376	0.00398	0.00652	0.00945	0.01221	0.08264	0.54115	0.27084	0.01304	0.00562	0.00172	0.00249	0.01156	0.00426	0.00376
17	0.00693	0.00496	0.00599	0.00587	0.00713	0.00459	0.00437	0.00918	0.05905	0.05294	0.36205	0.17804	0.24844	0.01044	0.00536	0.00154	0.00247	0.02164	0.00463	0.00438
18	0.01465	0.15940	0.07628	0.02526	0.02595	0.03675	0.03348	0.04362	0.02476	0.35354	0.03808	0.04869	0.01133	0.06941	0.00589	0.00158	0.01639	0.00463	0.00391	0.00639
19	0.01405	0.18756	0.08373	0.03624	0.17445	0.05641	0.01010	0.26034	0.04010	0.08026	0.00972	0.01052	0.00737	0.00470	0.00414	0.00128	0.00525	0.00367	0.00321	0.00690
20	0.05737	0.14605	0.13491	0.01026	0.01440	0.03561	0.08491	0.13810	0.07754	0.05680	0.00997	0.01094	0.00768	0.00466	0.00414	0.00126	0.00510	0.00365	0.00314	0.19349

[dist]
# distance from previous block
# <min> <max>
1	12

[block]
# block no. 3 follows, 57 sequences, length 23
# corresponding to MSA columns:
# 111-133
name=unknown_D
#
# <colnr> <probs for GDERKNQSTAVLIFYWHMCP>
#	G	D	E	R	K	N	Q	S	T	A	V	L	I	F	Y	W	H	M	C	P
0	0.03750	0.32003	0.03656	0.00844	0.01205	0.09653	0.03851	0.04124	0.01028	0.05887	0.00882	0.05174	0.00771	0.00452	0.00359	0.00104	0.00472	0.00341	0.00265	0.25180
1	0.03353	0.04930	0.09338	0.00886	0.01143	0.09677	0.03521	0.07208	0.02308	0.01456	0.05908	0.13860	0.06347	0.00837	0.02689	0.00160	0.03770	0.09996	0.00328	0.12286
2	0.04242	0.02828	0.05430	0.01140	0.05655	0.09578	0.13105	0.07991	0.09990	0.07207	0.11174	0.01685	0.04933	0.00593	0.00516	0.00141	0.04774	0.02630	0.00344	0.06045
3	0.00794	0.00619	0.00681	0.00639	0.00817	0.00616	0.00491	0.01260	0.23396	0.05091	0.18559	0.04827	0.36656	0.00936	0.00514	0.00153	0.00275	0.02721	0.00453	0.00503
4	0.00951	0.00843	0.01418	0.66192	0.10612	0.00989	0.03541	0.01243	0.00944	0.05362	0.00864	0.01210	0.00646	0.00448	0.00452	0.00147	0.00584	0.00406	0.00225	0.02923
5	0.00747	0.00641	0.01062	0.00912	0.01074	0.00613	0.18113	0.00962	0.03659	0.03022	0.16891	0.34008	0.09714	0.03614	0.00627	0.00173	0.02411	0.00917	0.00387	0.00455
6	0.01852	0.00815	0.01033	0.00803	0.01129	0.00761	0.00660	0.14832	0.01396	0.59848	0.01639	0.01484	0.01068	0.00554	0.00440	0.00136	0.00385	0.00444	0.09990	0.00733
7	0.22431	0.00982	0.01113	0.00898	0.01241	0.00950	0.00720	0.13296	0.01386	0.49398	0.01547	0.01491	0.01061	0.00628	0.00482	0.00169	0.00449	0.00449	0.00526	0.00781
8	0.05861	0.00867	0.01091	0.00840	0.01190	0.00817	0.00694	0.16379	0.01426	0.63511	0.01607	0.01422	0.01029	0.00551	0.00447	0.00139	0.00405	0.00437	0.00528	0.00758
9	0.00598	0.00445	0.00556	0.00564	0.00659	0.00403	0.00410	0.00757	0.01127	0.01531	0.45834	0.24361	0.18892	0.01097	0.00546	0.00155	0.00230	0.00967	0.00463	0.00403
10	0.03014	0.00915	0.00954	0.00842	0.01049	0.10913	0.02460	0.05632	0.19710	0.12994	0.03552	0.03330	0.03204	0.03491	0.15876	0.00259	0.02333	0.00490	0.08410	0.00570
11	0.00645	0.00433	0.00498	0.00512	0.00516	0.00430	0.00294	0.00655	0.00687	0.00915	0.01569	0.13657	0.01826	0.73140	0.02078	0.00406	0.00416	0.00742	0.00294	0.00287
12	0.01122	0.01077	0.01839	0.02781	0.81248	0.01077	0.01391	0.01391	0.01032	0.01480	0.00852	0.01122	0.00718	0.00404	0.00449	0.00135	0.00538	0.00404	0.00224	0.00718
13	0.01693	0.02160	0.01284	0.01167	0.01401	0.82256	0.00876	0.01809	0.01284	0.01109	0.00700	0.00817	0.00584	0.00467	0.00409	0.00117	0.00817	0.00292	0.00233	0.00525
14	0.00701	0.00535	0.00698	0.00681	0.00726	0.00606	0.00487	0.00838	0.04366	0.01069	0.04479	0.10824	0.01600	0.33576	0.27386	0.00454	0.09669	0.00641	0.00289	0.00376
15	0.00627	0.00462	0.00534	0.00532	0.00659	0.00404	0.00393	0.00766	0.01084	0.04576	0.25213	0.17363	0.43536	0.01109	0.00539	0.00155	0.00237	0.00955	0.00448	0.00408
16	0.01048	0.01001	0.01706	0.25105	0.59503	0.01057	0.01354	0.01326	0.00997	0.01391	0.00839	0.01146	0.00686	0.00417	0.00450	0.00139	0.00557	0.00403	0.00218	0.00658
17	0.02450	0.00913	0.05376	0.49272	0.04820	0.04314	0.01075	0.03162	0.02436	0.06223	0.02640	0.06036	0.00912	0.02240	0.04765	0.00185	0.01927	0.00466	0.00260	0.00528
18	0.01357	0.01608	0.03809	0.19737	0.05705	0.45848	0.00979	0.05739	0.01180	0.01243	0.00859	0.04760	0.00737	0.00627	0.03769	0.00155	0.00724	0.00383	0.00245	0.00536
19	0.00770	0.00404	0.00607	0.00607	0.00616	0.00414	0.00414	0.00616	0.00607	0.00819	0.00838	0.01425	0.00828	0.01791	0.11348	0.76575	0.00491	0.00404	0.00202	0.00221
20	0.03832	0.02438	0.05830	0.18017	0.05078	0.05111	0.02703	0.10155	0.06101	0.09932	0.12946	0.03325	0.03853	0.00590	0.00479	0.00139	0.02495	0.00490	0.00348	0.06137
21	0.04923	0.18816	0.04480	0.00935	0.08731	0.03635	0.03175	0.02578	0.02661	0.04789	0.12453	0.01941	0.15962	0.01780	0.00448	0.00128	0.00401	0.00509	0.00322	0.11334
22	0.03947	0.09659	0.32668	0.04774	0.01466	0.03218	0.01073	0.02665	0.01022	0.06268	0.10915	0.01590	0.05779	0.00585	0.00508	0.00141	0.06297	0.02736	0.00285	0.04404

[dist]
# distance from previous block
# <min> <max>
2	16

[block]
# block no. 4 follows, 57 sequences, length 16
# corresponding to MSA columns:
# 150-165
name=unknown_E
#
# <colnr> <probs for GDERKNQSTAVLIFYWHMCP>
#	G	D	E	R	K	N	Q	S	T	A	V	L	I	F	Y	W	H	M	C	P
0	0.06827	0.14004	0.12246	0.01013	0.01398	0.07022	0.07402	0.17481	0.07114	0.12368	0.03678	0.01157	0.00879	0.00487	0.00415	0.00130	0.00512	0.00385	0.00340	0.05142
1	0.01102	0.52306	0.25381	0.00928	0.01377	0.03274	0.01021	0.01389	0.02842	0.01233	0.04851	0.00956	0.00789	0.00435	0.00351	0.00115	0.00529	0.00307	0.00216	0.00601
2	0.00883	0.00837	0.06183	0.39915	0.13588	0.00841	0.01038	0.01164	0.01028	0.03801	0.19274	0.01718	0.01510	0.00561	0.00461	0.00143	0.00479	0.00497	0.05549	0.00530
3	0.03177	0.09909	0.15323	0.01042	0.04894	0.08886	0.04920	0.05545	0.06667	0.20097	0.07079	0.03358	0.04667	0.01874	0.00471	0.00142	0.00496	0.00465	0.00358	0.00631
4	0.05017	0.00865	0.01278	0.01086	0.04333	0.00868	0.16579	0.04855	0.19699	0.17561	0.04802	0.12119	0.05029	0.00695	0.00492	0.00154	0.00436	0.03104	0.00410	0.00619
5	0.00559	0.00445	0.00493	0.00511	0.00622	0.00388	0.00366	0.00671	0.01004	0.01258	0.12955	0.20961	0.50567	0.06331	0.00654	0.00176	0.00248	0.00992	0.00421	0.00378
6	0.01057	0.01011	0.01723	0.22158	0.62374	0.01060	0.01359	0.01334	0.01001	0.01402	0.00841	0.01142	0.00690	0.00416	0.00450	0.00139	0.00554	0.00403	0.00219	0.00666
7	0.03120	0.02920	0.04130	0.05580	0.06239	0.04624	0.10637	0.19461	0.08484	0.16856	0.04049	0.04555	0.03442	0.00570	0.00460	0.00141	0.00487	0.00491	0.03097	0.00655
8	0.00965	0.01353	0.23366	0.08269	0.03342	0.09726	0.05438	0.02292	0.04695	0.01319	0.01236	0.11978	0.01190	0.01967	0.00649	0.00166	0.11642	0.09588	0.00273	0.00544
9	0.00651	0.00458	0.00530	0.00550	0.00669	0.00399	0.00398	0.00760	0.00999	0.06922	0.06031	0.33050	0.44547	0.01198	0.00545	0.00163	0.00252	0.01037	0.00433	0.00406
10	0.00602	0.00462	0.00553	0.00562	0.00668	0.00422	0.00409	0.00787	0.03763	0.01468	0.34611	0.23638	0.28180	0.01109	0.00543	0.00157	0.00236	0.00969	0.00453	0.00408
11	0.16143	0.09880	0.10949	0.02894	0.04264	0.12202	0.06609	0.06429	0.04710	0.02658	0.00825	0.00955	0.00651	0.00439	0.00419	0.00123	0.03396	0.00327	0.00265	0.15862
12	0.00813	0.00507	0.00651	0.00682	0.00777	0.00483	0.00489	0.06443	0.01020	0.10605	0.02391	0.62332	0.05572	0.01241	0.00555	0.00175	0.00299	0.04079	0.00439	0.00446
13	0.00741	0.00539	0.00734	0.00827	0.00935	0.00545	0.00711	0.01000	0.05375	0.01373	0.02375	0.09719	0.02565	0.01227	0.00614	0.00204	0.00405	0.69261	0.00420	0.00431
14	0.00592	0.00448	0.00541	0.00596	0.00667	0.00421	0.00411	0.00749	0.05272	0.01240	0.08164	0.50964	0.20486	0.06416	0.00667	0.00188	0.00268	0.01100	0.00419	0.00389
15	0.01351	0.01162	0.02816	0.04515	0.12702	0.08955	0.03889	0.24550	0.15915	0.07136	0.07903	0.01404	0.01155	0.00561	0.00501	0.00142	0.03838	0.00456	0.00378	0.00671

[dist]
# distance from previous block
# <min> <max>
0	4

[block]
# block no. 5 follows, 57 sequences, length 37
# corresponding to MSA columns:
# 176-212
name=unknown_F
#
# <colnr> <probs for GDERKNQSTAVLIFYWHMCP>
#	G	D	E	R	K	N	Q	S	T	A	V	L	I	F	Y	W	H	M	C	P
0	0.01373	0.00928	0.01127	0.04727	0.01275	0.00982	0.03515	0.32778	0.09855	0.14781	0.14429	0.05119	0.01609	0.00664	0.00479	0.00145	0.00416	0.03001	0.02142	0.00657
1	0.01099	0.03648	0.01162	0.00897	0.05139	0.00813	0.04320	0.09666	0.06619	0.04879	0.02206	0.01085	0.00806	0.00403	0.00378	0.00093	0.00390	0.00335	0.00310	0.55751
2	0.09517	0.03531	0.17145	0.01000	0.05402	0.05120	0.02402	0.11283	0.01156	0.09463	0.06154	0.03840	0.00995	0.00497	0.00409	0.00122	0.00466	0.00396	0.00319	0.20783
3	0.03554	0.01234	0.01441	0.10430	0.05858	0.19199	0.13782	0.15251	0.02444	0.12508	0.02680	0.07466	0.00981	0.00557	0.00464	0.00141	0.00583	0.00481	0.00336	0.00612
4	0.00559	0.00445	0.00504	0.00522	0.00637	0.00390	0.00380	0.00684	0.01032	0.01306	0.17032	0.22459	0.48549	0.01214	0.02046	0.00169	0.00253	0.01001	0.00431	0.00387
5	0.01036	0.01157	0.02467	0.14691	0.02487	0.01124	0.67253	0.01405	0.01044	0.01405	0.00899	0.01220	0.00674	0.00393	0.00522	0.00153	0.00739	0.00514	0.00225	0.00594
6	0.02740	0.01075	0.05340	0.08882	0.27022	0.03630	0.01024	0.16724	0.03979	0.15507	0.06130	0.02625	0.01053	0.00521	0.00452	0.00138	0.00489	0.00446	0.00353	0.01868
7	0.01064	0.01186	0.02522	0.01810	0.02250	0.01117	0.73140	0.03943	0.01102	0.01486	0.01104	0.01373	0.04662	0.00425	0.00532	0.00152	0.00729	0.00551	0.00246	0.00605
8	0.00553	0.00403	0.00518	0.00609	0.00648	0.00371	0.00409	0.00634	0.00880	0.01157	0.02699	0.73084	0.11481	0.03466	0.00617	0.00187	0.00264	0.01236	0.00417	0.00367
9	0.24134	0.01112	0.01126	0.00890	0.01221	0.01231	0.00733	0.52917	0.01695	0.05159	0.01154	0.01163	0.04449	0.00540	0.00412	0.00138	0.00443	0.00392	0.00410	0.00679
10	0.01063	0.31082	0.45503	0.01138	0.01676	0.05330	0.05628	0.01427	0.00966	0.01290	0.00749	0.00884	0.00583	0.00415	0.00386	0.00126	0.00617	0.00311	0.00196	0.00628
11	0.04910	0.00771	0.01009	0.00787	0.01116	0.00692	0.00646	0.04627	0.02845	0.68417	0.05601	0.01673	0.03591	0.00591	0.00456	0.00141	0.00375	0.00480	0.00538	0.00732
12	0.00574	0.00444	0.00524	0.00539	0.00645	0.00393	0.00391	0.00712	0.01071	0.01399	0.28793	0.24525	0.36070	0.01146	0.00546	0.00158	0.00233	0.00998	0.00446	0.00393
13	0.05136	0.01022	0.01134	0.00904	0.01213	0.01102	0.00737	0.44411	0.09328	0.16043	0.04364	0.01365	0.01053	0.00703	0.04486	0.00166	0.00468	0.00440	0.05220	0.00703
14	0.00710	0.00518	0.00620	0.01686	0.00749	0.00494	0.00452	0.02450	0.02979	0.05827	0.20595	0.17858	0.33917	0.03585	0.02415	0.00178	0.03218	0.00890	0.00428	0.00430
15	0.00614	0.00476	0.00504	0.00498	0.00655	0.00404	0.00382	0.00739	0.01052	0.04714	0.06397	0.04255	0.71218	0.01122	0.00537	0.00155	0.00246	0.05202	0.00429	0.00402
16	0.42954	0.00827	0.00864	0.00707	0.01015	0.00849	0.00581	0.03952	0.01051	0.39162	0.01188	0.01138	0.00800	0.00517	0.00403	0.02231	0.00372	0.00352	0.00414	0.00623
17	0.01188	0.17251	0.07887	0.20544	0.21995	0.02973	0.05010	0.06412	0.01070	0.08578	0.00889	0.01084	0.00687	0.00445	0.00442	0.00134	0.02149	0.00376	0.00255	0.00632
18	0.01087	0.01290	0.21044	0.05142	0.01485	0.01101	0.04694	0.20679	0.02111	0.01660	0.01028	0.06812	0.00888	0.02637	0.06050	0.00200	0.17954	0.00466	0.03078	0.00593
19	0.01211	0.84348	0.02374	0.00775	0.01163	0.01793	0.00775	0.01357	0.00921	0.01066	0.00630	0.00727	0.00582	0.00388	0.00291	0.00097	0.00485	0.00242	0.00194	0.00582
20	0.00659	0.00439	0.00494	0.00494	0.00494	0.00439	0.00275	0.00659	0.00659	0.00879	0.01428	0.02965	0.01647	0.84075	0.02306	0.00439	0.00439	0.00659	0.00275	0.00275
21	0.00915	0.00738	0.00882	0.00658	0.00994	0.00569	0.00513	0.01050	0.00882	0.01363	0.00802	0.01012	0.00690	0.00539	0.00572	0.14328	0.00345	0.00289	0.00257	0.72601
22	0.04175	0.10947	0.24250	0.04174	0.10813	0.04742	0.09589	0.01457	0.03393	0.08990	0.00990	0.05433	0.00809	0.00521	0.00525	0.00144	0.07742	0.00424	0.00261	0.00620
23	0.01103	0.01220	0.10623	0.27576	0.36934	0.07891	0.01304	0.02894	0.01035	0.03920	0.00855	0.01117	0.00668	0.00435	0.00445	0.00139	0.00592	0.00388	0.00229	0.00631
24	0.00787	0.00394	0.00590	0.00590	0.00590	0.00394	0.00394	0.00590	0.00590	0.00787	0.00787	0.01377	0.00787	0.01574	0.01771	0.86816	0.00394	0.00394	0.00197	0.00197
25	0.01032	0.18381	0.07673	0.00857	0.03598	0.00954	0.02946	0.03795	0.02746	0.01441	0.00806	0.00931	0.00666	0.00370	0.00349	0.00088	0.00417	0.00290	0.00255	0.52404
26	0.06917	0.17472	0.11206	0.01044	0.02937	0.16957	0.03743	0.10702	0.16893	0.06339	0.01042	0.01079	0.00794	0.00484	0.00404	0.00130	0.00545	0.00362	0.00313	0.00639
27	0.00556	0.00397	0.00531	0.00636	0.00664	0.00372	0.00428	0.00639	0.00872	0.01162	0.02495	0.81831	0.02987	0.01415	0.00580	0.00185	0.00267	0.03193	0.00421	0.00369
28	0.00604	0.00455	0.00546	0.00585	0.00675	0.00423	0.00419	0.00780	0.04694	0.01345	0.16234	0.39441	0.24692	0.01188	0.00546	0.00165	0.00252	0.03071	0.03484	0.00402
29	0.04668	0.21576	0.07533	0.00872	0.01260	0.02665	0.05314	0.03060	0.14253	0.01485	0.00939	0.01023	0.00754	0.00415	0.00366	0.00105	0.00440	0.00326	0.00278	0.32668
30	0.03458	0.22756	0.34276	0.01054	0.01500	0.02827	0.06789	0.04684	0.00996	0.01373	0.03315	0.01300	0.02909	0.04516	0.04541	0.00176	0.00602	0.02106	0.00236	0.00588
31	0.00608	0.00438	0.00587	0.00681	0.00739	0.00417	0.00509	0.00733	0.00946	0.01249	0.06216	0.53484	0.06311	0.01336	0.00588	0.00188	0.00305	0.23859	0.00423	0.00386
32	0.00903	0.00657	0.00758	0.00701	0.02405	0.03884	0.00524	0.08596	0.03677	0.07825	0.49481	0.05220	0.11848	0.00862	0.00513	0.00143	0.00292	0.00742	0.00471	0.00498
33	0.06925	0.03968	0.11019	0.01257	0.07863	0.10156	0.09159	0.27153	0.05521	0.08596	0.01015	0.01092	0.00746	0.00494	0.00469	0.00139	0.03021	0.00393	0.00339	0.00676
34	0.05114	0.01035	0.01344	0.34135	0.18743	0.09672	0.01072	0.10937	0.01096	0.01452	0.00899	0.02642	0.00750	0.04696	0.02986	0.00174	0.02018	0.00415	0.00253	0.00566
35	0.00598	0.00417	0.00526	0.00595	0.00617	0.00401	0.00388	0.00657	0.00806	0.01073	0.02128	0.52015	0.02516	0.29564	0.01169	0.00272	0.00331	0.05218	0.00371	0.00339
36	0.06047	0.02729	0.09148	0.02990	0.05347	0.07378	0.17325	0.19222	0.13459	0.08757	0.01145	0.02489	0.00855	0.00502	0.00456	0.00142	0.00555	0.00440	0.00345	0.00668

[dist]
# distance from previous block
# <min> <max>
1	9

[block]
# block no. 6 follows, 57 sequences, length 51
# corresponding to MSA columns:
# 222-272
name=unknown_G
#
# <colnr> <probs for GDERKNQSTAVLIFYWHMCP>
#	G	D	E	R	K	N	Q	S	T	A	V	L	I	F	Y	W	H	M	C	P
0	0.27716	0.13525	0.02495	0.00807	0.02121	0.02648	0.02965	0.06320	0.10853	0.13890	0.02747	0.01345	0.05301	0.00574	0.00440	0.03695	0.00409	0.01220	0.00348	0.00582
1	0.01307	0.62154	0.05576	0.00887	0.01252	0.19999	0.00837	0.01463	0.01005	0.01092	0.00654	0.00757	0.00582	0.00408	0.00324	0.00103	0.00568	0.00258	0.00203	0.00573
2	0.00812	0.00659	0.05115	0.00680	0.00834	0.00569	0.00530	0.05764	0.00926	0.04839	0.04251	0.17323	0.04297	0.24898	0.12432	0.00309	0.00500	0.03445	0.00333	0.11484
3	0.01301	0.08127	0.01300	0.01127	0.09829	0.14129	0.01999	0.03929	0.02771	0.16812	0.10425	0.01518	0.04987	0.00619	0.00638	0.00142	0.16109	0.00455	0.00338	0.03445
4	0.03488	0.00703	0.00866	0.05307	0.05434	0.02894	0.00632	0.05755	0.04979	0.09894	0.29652	0.05974	0.13736	0.00827	0.00552	0.00150	0.04529	0.03690	0.00423	0.00516
5	0.00966	0.01018	0.00801	0.00772	0.00931	0.25052	0.00571	0.01222	0.10453	0.01314	0.10231	0.18894	0.24190	0.00913	0.00497	0.00147	0.00426	0.00758	0.00377	0.00466
6	0.01352	0.01500	0.01100	0.01050	0.04711	0.46228	0.00763	0.01552	0.05587	0.05654	0.10335	0.04957	0.08800	0.00646	0.00491	0.00133	0.03812	0.00485	0.00318	0.00526
7	0.68671	0.00923	0.00793	0.00675	0.00972	0.01044	0.00556	0.12376	0.01002	0.08333	0.00785	0.00848	0.00579	0.00449	0.00318	0.00140	0.00374	0.00284	0.00326	0.00552
8	0.00746	0.00560	0.00672	0.00621	0.00761	0.00545	0.00471	0.08127	0.05674	0.01788	0.53135	0.08527	0.14753	0.00938	0.00526	0.00147	0.00253	0.00815	0.00476	0.00465
9	0.00552	0.00394	0.00526	0.00631	0.00657	0.00368	0.00421	0.00631	0.00868	0.01157	0.02498	0.83779	0.02997	0.01420	0.00578	0.00184	0.00263	0.01288	0.00421	0.00368
10	0.08957	0.01145	0.16958	0.11529	0.01694	0.00926	0.14064	0.02933	0.02364	0.18370	0.01123	0.03493	0.00850	0.00823	0.09466	0.00212	0.03739	0.00443	0.00307	0.00603
11	0.01094	0.00846	0.00937	0.00831	0.01061	0.00933	0.00648	0.05914	0.51156	0.07182	0.21896	0.02080	0.02069	0.00687	0.00479	0.00149	0.00331	0.00581	0.00477	0.00650
12	0.01738	0.00717	0.00964	0.00785	0.01077	0.00635	0.00636	0.04016	0.01246	0.63389	0.01947	0.12395	0.03006	0.00718	0.00482	0.00149	0.00371	0.04506	0.00530	0.00693
13	0.01109	0.10360	0.08814	0.01115	0.01263	0.08344	0.00988	0.03098	0.00867	0.03851	0.03324	0.01043	0.00733	0.00678	0.01076	0.00170	0.52023	0.00381	0.00228	0.00537
14	0.01812	0.01365	0.03823	0.01184	0.01562	0.01408	0.04919	0.63923	0.05114	0.07529	0.01307	0.01374	0.00965	0.00647	0.00530	0.00169	0.00561	0.00474	0.00494	0.00840
15	0.00545	0.00431	0.00491	0.00537	0.00633	0.00377	0.00379	0.00646	0.00966	0.01207	0.05270	0.39146	0.45246	0.01262	0.00554	0.00166	0.00244	0.01099	0.00422	0.00377
16	0.00676	0.00451	0.00517	0.00514	0.00533	0.00457	0.00307	0.00728	0.02099	0.00989	0.04693	0.02825	0.01696	0.70177	0.06458	0.00419	0.00458	0.00640	0.05059	0.00304
17	0.01178	0.01094	0.05017	0.09750	0.54596	0.01057	0.05562	0.06591	0.01114	0.06900	0.02216	0.01190	0.00787	0.00436	0.00455	0.00138	0.00544	0.00418	0.00263	0.00693
18	0.00932	0.00889	0.01524	0.59620	0.23521	0.01029	0.03613	0.01227	0.00944	0.01251	0.00821	0.01186	0.00636	0.00438	0.00454	0.00147	0.00592	0.00407	0.00208	0.00563
19	0.00699	0.00442	0.00624	0.00624	0.00657	0.00475	0.00436	0.00696	0.00663	0.00918	0.01114	0.01920	0.01133	0.21906	0.34956	0.30965	0.00741	0.00494	0.00234	0.00301
20	0.00877	0.00846	0.02895	0.79492	0.03058	0.01017	0.01257	0.03016	0.00936	0.01203	0.00812	0.01200	0.00607	0.00455	0.00453	0.00151	0.00603	0.00402	0.00207	0.00513
21	0.01062	0.00861	0.01036	0.00873	0.01050	0.06218	0.00697	0.02801	0.00895	0.10164	0.00981	0.01326	0.00857	0.06664	0.18019	0.00280	0.23853	0.00401	0.00278	0.21685
22	0.02896	0.01440	0.36710	0.01143	0.01539	0.00872	0.12006	0.01247	0.00951	0.06643	0.01334	0.23598	0.01285	0.00723	0.00546	0.00159	0.05419	0.00632	0.00286	0.00572
23	0.00734	0.00510	0.00591	0.00568	0.00622	0.00528	0.00370	0.04781	0.04088	0.01158	0.08228	0.02703	0.03361	0.55588	0.10630	0.00400	0.00491	0.00632	0.03664	0.00353
24	0.03084	0.06436	0.01556	0.29872	0.32035	0.01058	0.02387	0.05397	0.01051	0.06852	0.00978	0.01363	0.00797	0.00484	0.00448	0.00143	0.00538	0.04643	0.00261	0.00618
25	0.04916	0.01249	0.01255	0.01007	0.01335	0.06666	0.00817	0.54815	0.18964	0.02501	0.01208	0.01187	0.00880	0.00549	0.00445	0.00139	0.00484	0.00417	0.00434	0.00732
26	0.01410	0.35417	0.02784	0.01048	0.01387	0.31987	0.09082	0.02283	0.01105	0.05232	0.00758	0.00868	0.00626	0.00426	0.00374	0.00112	0.00631	0.00306	0.00236	0.03928
27	0.02580	0.18736	0.28635	0.03279	0.06503	0.01084	0.03416	0.01596	0.01781	0.22112	0.01083	0.01128	0.01675	0.00459	0.00408	0.00130	0.00524	0.00364	0.00301	0.04207
28	0.00552	0.00394	0.00526	0.00631	0.00657	0.00368	0.00421	0.00631	0.00868	0.01157	0.02498	0.83779	0.02997	0.01420	0.00578	0.00184	0.00263	0.01288	0.00421	0.00368
29	0.00805	0.00572	0.00742	0.07988	0.00935	0.03479	0.00541	0.05076	0.00792	0.01051	0.01124	0.06923	0.01131	0.15043	0.22459	0.29584	0.00645	0.00515	0.00251	0.00344
30	0.01030	0.00857	0.03901	0.05272	0.05313	0.00844	0.08323	0.08198	0.20560	0.08141	0.04606	0.19549	0.07113	0.00800	0.00504	0.00158	0.00412	0.03436	0.00400	0.00585
31	0.00962	0.16785	0.67753	0.01201	0.01821	0.01183	0.01516	0.01421	0.00950	0.01370	0.00781	0.00916	0.00575	0.00423	0.00406	0.00135	0.00637	0.00319	0.00192	0.00654
32	0.00554	0.00439	0.00500	0.00539	0.00644	0.00385	0.00390	0.00665	0.00988	0.01235	0.07572	0.31922	0.47093	0.01235	0.00554	0.00165	0.00248	0.04066	0.00424	0.00381
33	0.01209	0.05825	0.01568	0.03846	0.45171	0.22121	0.01110	0.01418	0.01093	0.01354	0.05329	0.05987	0.01003	0.00509	0.00442	0.00132	0.00575	0.00441	0.00251	0.00619
34	0.00727	0.00604	0.00842	0.00866	0.04877	0.00707	0.00619	0.00838	0.00785	0.01105	0.02945	0.18372	0.05940	0.14322	0.23940	0.00374	0.19457	0.01977	0.00289	0.00413
35	0.00778	0.00522	0.00627	0.00576	0.00704	0.00508	0.00439	0.07527	0.01279	0.01875	0.56266	0.02808	0.03275	0.00804	0.00478	0.00134	0.00237	0.00695	0.20013	0.00455
36	0.00582	0.00448	0.00639	0.00682	0.00747	0.00414	0.04737	0.00686	0.00910	0.01203	0.05425	0.68504	0.10677	0.01318	0.00570	0.00178	0.00285	0.01197	0.00413	0.00385
37	0.07910	0.34589	0.08110	0.01035	0.01410	0.07347	0.12722	0.11868	0.03952	0.01504	0.00892	0.05112	0.00766	0.00480	0.00389	0.00125	0.00541	0.00382	0.00264	0.00601
38	0.02751	0.01064	0.01318	0.10147	0.16268	0.11669	0.06265	0.06598	0.10233	0.12277	0.07726	0.01601	0.06399	0.00573	0.00494	0.00142	0.03030	0.00484	0.00345	0.00616
39	0.00691	0.00491	0.00554	0.00550	0.00592	0.00498	0.00345	0.00835	0.08044	0.01066	0.06057	0.06484	0.06241	0.61656	0.01826	0.00364	0.00400	0.02647	0.00322	0.00337
40	0.17446	0.00815	0.01085	0.00847	0.01170	0.00775	0.07847	0.03480	0.02533	0.48957	0.05968	0.01468	0.01144	0.00539	0.00430	0.00140	0.00399	0.00444	0.03844	0.00671
41	0.01354	0.08860	0.13231	0.01885	0.06579	0.03673	0.07109	0.07956	0.04496	0.23922	0.01269	0.07483	0.00991	0.00542	0.00439	0.00133	0.00487	0.00459	0.00359	0.08773
42	0.00950	0.00782	0.00917	0.00683	0.01047	0.00611	0.00540	0.03920	0.00982	0.02924	0.00995	0.08880	0.00905	0.00451	0.00365	0.00082	0.00335	0.00374	0.00295	0.73962
43	0.00591	0.00414	0.00530	0.00596	0.00618	0.00404	0.00386	0.00652	0.00794	0.01064	0.02080	0.53312	0.02453	0.26823	0.06852	0.00300	0.00384	0.01039	0.00363	0.00342
44	0.00859	0.00642	0.00749	0.00742	0.00882	0.00680	0.00546	0.01403	0.30767	0.05847	0.05551	0.37096	0.05049	0.03508	0.02252	0.00186	0.00329	0.01950	0.00439	0.00523
45	0.01799	0.13737	0.25857	0.06377	0.07603	0.05592	0.15634	0.03073	0.06368	0.03942	0.00991	0.05251	0.00807	0.00485	0.00440	0.00139	0.00598	0.00430	0.00252	0.00623
46	0.00573	0.00417	0.00548	0.01992	0.00702	0.00392	0.00437	0.00672	0.00915	0.01217	0.09305	0.64967	0.08278	0.03767	0.00622	0.00186	0.00273	0.03941	0.00419	0.00375
47	0.00705	0.00468	0.00582	0.05055	0.00719	0.00470	0.00391	0.00765	0.01991	0.04116	0.01684	0.24064	0.01905	0.51605	0.01639	0.01991	0.00398	0.00796	0.00322	0.00336
48	0.04098	0.02365	0.10843	0.12404	0.17984	0.02140	0.08796	0.03759	0.01055	0.08194	0.06589	0.12278	0.06267	0.00644	0.00475	0.00148	0.00491	0.00580	0.00311	0.00580
49	0.05260	0.01070	0.03414	0.06204	0.13707	0.12106	0.04648	0.05946	0.05426	0.16838	0.04774	0.05951	0.02243	0.06093	0.00621	0.00163	0.04100	0.00492	0.00344	0.00599
50	0.01072	0.00774	0.00887	0.00826	0.01030	0.00835	0.00647	0.04088	0.40410	0.10872	0.05026	0.13201	0.04177	0.02533	0.00541	0.00169	0.00354	0.11493	0.00457	0.00607

[dist]
# distance from previous block
# <min> <max>
0	23

[block]
# block no. 7 follows, 57 sequences, length 22
# corresponding to MSA columns:
# 298,299,330-343,348-353
name=unknown_H
#
# <colnr> <probs for GDERKNQSTAVLIFYWHMCP>
#	G	D	E	R	K	N	Q	S	T	A	V	L	I	F	Y	W	H	M	C	P
0	0.05044	0.07959	0.25132	0.03522	0.02959	0.04067	0.10240	0.21309	0.10748	0.03186	0.01008	0.01096	0.00743	0.00475	0.00435	0.00139	0.00568	0.00390	0.00307	0.00672
1	0.01332	0.01053	0.01146	0.00940	0.01215	0.08730	0.05763	0.25753	0.17998	0.09033	0.12450	0.01728	0.04895	0.00620	0.00463	0.00139	0.00440	0.00512	0.05146	0.00643
2	0.00665	0.00546	0.00827	0.00803	0.00915	0.00521	0.10076	0.00856	0.04766	0.01253	0.02463	0.49614	0.11058	0.03298	0.00612	0.00185	0.00348	0.10378	0.00395	0.00420
3	0.00966	0.10626	0.01223	0.10639	0.01343	0.10029	0.08200	0.05046	0.09273	0.01399	0.09436	0.18174	0.10264	0.00775	0.00480	0.00147	0.00452	0.00673	0.00342	0.00513
4	0.00573	0.00417	0.00547	0.00628	0.00661	0.00400	0.00424	0.00656	0.00879	0.01177	0.06585	0.70274	0.05627	0.06003	0.00694	0.00195	0.02285	0.01195	0.00411	0.00370
5	0.00637	0.00512	0.02221	0.00618	0.00746	0.00446	0.03398	0.00795	0.01018	0.01367	0.13270	0.22396	0.30846	0.01076	0.00526	0.00159	0.00281	0.08625	0.10656	0.00407
6	0.00968	0.00628	0.00687	0.00632	0.00804	0.02778	0.00496	0.05546	0.08805	0.10130	0.17162	0.02669	0.15621	0.00778	0.00459	0.00139	0.00296	0.06745	0.24152	0.00503
7	0.01128	0.04149	0.06414	0.10034	0.56475	0.01121	0.04379	0.06947	0.02238	0.01535	0.00871	0.01116	0.00706	0.00422	0.00446	0.00136	0.00554	0.00401	0.00239	0.00689
8	0.00574	0.00438	0.00504	0.00530	0.00634	0.00388	0.00381	0.00700	0.01021	0.01330	0.17280	0.28795	0.39337	0.01163	0.00538	0.00159	0.00236	0.01010	0.04593	0.00388
9	0.00646	0.00440	0.00522	0.00531	0.00547	0.00441	0.00322	0.00679	0.00724	0.00978	0.06301	0.11392	0.01907	0.64141	0.08220	0.00417	0.00467	0.00721	0.00301	0.00304
10	0.00694	0.00548	0.00791	0.00766	0.00826	0.00662	0.00592	0.00829	0.00719	0.01042	0.01178	0.03534	0.01151	0.11167	0.61330	0.00615	0.12401	0.00508	0.00244	0.00403
11	0.01502	0.34338	0.01751	0.00938	0.01302	0.04810	0.00824	0.43288	0.03779	0.02047	0.00911	0.00950	0.00705	0.00481	0.00387	0.00120	0.00502	0.00340	0.00341	0.00684
12	0.00571	0.00404	0.00530	0.00623	0.00649	0.00382	0.00416	0.00646	0.00850	0.01133	0.02373	0.71683	0.02830	0.10777	0.00776	0.00214	0.00289	0.04092	0.00404	0.00359
13	0.01593	0.01675	0.01220	0.01055	0.01318	0.46126	0.00816	0.24595	0.07554	0.01725	0.00961	0.01030	0.00744	0.00505	0.00419	0.00124	0.00642	0.00353	0.06940	0.00604
14	0.01036	0.00690	0.00756	0.00664	0.00820	0.00742	0.00502	0.22804	0.04306	0.01768	0.01344	0.01820	0.01168	0.19635	0.09864	0.00260	0.00459	0.00482	0.30387	0.00495
15	0.01025	0.01117	0.02197	0.01617	0.01961	0.01135	0.54233	0.01324	0.00977	0.01367	0.00962	0.01257	0.03356	0.00494	0.00728	0.00157	0.18664	0.00500	0.00232	0.06698
16	0.07280	0.67714	0.12618	0.00830	0.01247	0.01641	0.00873	0.01365	0.00915	0.01183	0.00654	0.00758	0.00574	0.00396	0.00308	0.00106	0.00499	0.00255	0.00200	0.00587
17	0.00562	0.00409	0.00532	0.00627	0.00671	0.00379	0.00433	0.00653	0.00895	0.01176	0.02695	0.70994	0.10584	0.01382	0.00577	0.00183	0.00270	0.06185	0.00420	0.00373
18	0.00953	0.00817	0.00946	0.00689	0.01081	0.00641	0.00550	0.01231	0.06581	0.01506	0.00879	0.00993	0.00722	0.00355	0.00344	0.00073	0.00337	0.00286	0.00282	0.80733
19	0.00940	0.07447	0.49749	0.01052	0.01615	0.00956	0.01239	0.01333	0.00949	0.01423	0.00798	0.00935	0.00606	0.00396	0.00390	0.00115	0.00547	0.00307	0.00217	0.28986
20	0.00849	0.00557	0.00738	0.00674	0.00774	0.00561	0.03552	0.00941	0.00856	0.11037	0.03174	0.05105	0.12817	0.37486	0.08503	0.00334	0.05657	0.05642	0.00338	0.00404
21	0.00649	0.00441	0.00491	0.00491	0.00504	0.00435	0.00280	0.00658	0.00690	0.00908	0.01694	0.03083	0.08331	0.77096	0.02157	0.00415	0.00422	0.00684	0.00287	0.00284

[dist]
# distance from previous block
# <min> <max>
0	1

[block]
# block no. 8 follows, 57 sequences, length 9
# corresponding to MSA columns:
# 355-363
name=unknown_I
#
# <colnr> <probs for GDERKNQSTAVLIFYWHMCP>
#	G	D	E	R	K	N	Q	S	T	A	V	L	I	F	Y	W	H	M	C	P
0	0.00932	0.08581	0.75691	0.01252	0.01900	0.01109	0.01606	0.01429	0.00954	0.01407	0.00799	0.00939	0.00575	0.00427	0.00420	0.00140	0.00656	0.00328	0.00192	0.00663
1	0.01160	0.53676	0.19856	0.00994	0.04620	0.01540	0.01001	0.05238	0.05784	0.01302	0.00775	0.00870	0.00643	0.00419	0.00346	0.00114	0.00521	0.00294	0.00223	0.00624
2	0.01479	0.01717	0.01365	0.01184	0.01384	0.49325	0.04282	0.08337	0.04424	0.01301	0.00764	0.00935	0.00639	0.00553	0.00676	0.00141	0.20343	0.00346	0.00253	0.00551
3	0.00653	0.00505	0.00663	0.00723	0.00800	0.00514	0.00571	0.00790	0.00951	0.01239	0.02694	0.32146	0.17307	0.01252	0.00664	0.00189	0.07270	0.30267	0.00401	0.00400
4	0.14508	0.06251	0.13086	0.03479	0.07168	0.05635	0.13225	0.12323	0.03882	0.12915	0.00996	0.01086	0.00724	0.00458	0.00422	0.00137	0.00541	0.00383	0.00315	0.02466
5	0.10701	0.05972	0.13897	0.02284	0.01318	0.01071	0.03027	0.18509	0.12992	0.06215	0.05287	0.01401	0.05193	0.00553	0.00460	0.00137	0.03247	0.00429	0.00353	0.06953
6	0.03289	0.00433	0.00546	0.00560	0.00612	0.00418	0.00382	0.00650	0.00758	0.01007	0.02044	0.14874	0.20377	0.11215	0.04629	0.36546	0.00372	0.00695	0.00298	0.00294
7	0.01045	0.00682	0.00843	0.00810	0.00988	0.00699	0.00676	0.13608	0.06366	0.10231	0.05304	0.03504	0.04480	0.05115	0.00632	0.00188	0.00400	0.39291	0.04615	0.00523
8	0.10411	0.01250	0.11508	0.03017	0.04022	0.11556	0.02959	0.08218	0.19497	0.09600	0.04549	0.01508	0.02605	0.00562	0.00438	0.00141	0.00488	0.03648	0.00358	0.03665

[dist]
# distance from previous block
# <min> <max>
0	5

[block]
# block no. 9 follows, 57 sequences, length 14
# corresponding to MSA columns:
# 369-382
name=unknown_J
#
# <colnr> <probs for GDERKNQSTAVLIFYWHMCP>
#	G	D	E	R	K	N	Q	S	T	A	V	L	I	F	Y	W	H	M	C	P
0	0.07156	0.01224	0.17529	0.00907	0.01170	0.12489	0.00834	0.01262	0.03364	0.06647	0.03682	0.12324	0.06723	0.02838	0.00683	0.05042	0.09615	0.00534	0.00299	0.05679
1	0.00635	0.00433	0.00506	0.00530	0.00543	0.00426	0.00319	0.00661	0.00724	0.00959	0.01779	0.19046	0.04753	0.62455	0.01855	0.00372	0.00396	0.02993	0.00313	0.00301
2	0.06414	0.00811	0.01176	0.09435	0.05795	0.00984	0.05233	0.01050	0.00843	0.02973	0.01397	0.16818	0.07390	0.00843	0.00901	0.00176	0.34022	0.02973	0.00280	0.00486
3	0.05101	0.00985	0.01375	0.05638	0.28146	0.05218	0.05004	0.04447	0.10163	0.10699	0.03019	0.01552	0.02162	0.00608	0.00580	0.04352	0.04922	0.05089	0.00319	0.00623
4	0.00625	0.00480	0.00712	0.00719	0.00794	0.00492	0.04531	0.00750	0.00821	0.01119	0.01950	0.37144	0.05851	0.08041	0.31830	0.00407	0.00665	0.02346	0.00332	0.00389
5	0.00559	0.00403	0.00525	0.00613	0.00651	0.00374	0.00412	0.00645	0.00893	0.01188	0.06794	0.72275	0.07697	0.03880	0.00626	0.00188	0.00264	0.01224	0.00420	0.00369
6	0.01163	0.03198	0.01314	0.05728	0.02542	0.04048	0.12316	0.11000	0.32231	0.05903	0.11784	0.02803	0.02714	0.00605	0.00476	0.00146	0.00451	0.00534	0.00401	0.00640
7	0.00917	0.00641	0.01955	0.00762	0.02026	0.00650	0.00582	0.02640	0.16566	0.10627	0.09189	0.14237	0.08019	0.01543	0.20680	0.05184	0.00547	0.02339	0.00390	0.00506
8	0.01258	0.40056	0.10226	0.02795	0.02824	0.07281	0.07972	0.10537	0.03106	0.03739	0.00815	0.00921	0.00656	0.00425	0.00372	0.00115	0.00543	0.00322	0.00252	0.05784
9	0.01187	0.01147	0.01002	0.00884	0.01079	0.29690	0.04460	0.01344	0.01121	0.09367	0.15154	0.01856	0.06035	0.06034	0.12891	0.00237	0.00642	0.00503	0.02294	0.03073
10	0.04215	0.05915	0.01257	0.01100	0.14029	0.00887	0.02516	0.10203	0.03204	0.07262	0.00927	0.01034	0.00729	0.00400	0.00379	0.00099	0.00410	0.00329	0.00303	0.44802
11	0.02949	0.03259	0.03085	0.00804	0.01021	0.02327	0.05089	0.08054	0.07352	0.13020	0.05783	0.27381	0.10222	0.00880	0.00507	0.00152	0.01476	0.00763	0.01719	0.04156
12	0.00672	0.00511	0.00714	0.00725	0.00815	0.00485	0.04700	0.04567	0.00973	0.01314	0.07232	0.59930	0.02688	0.03632	0.00610	0.00181	0.00315	0.05498	0.00406	0.04031
13	0.01098	0.16243	0.16495	0.04564	0.08340	0.04633	0.12455	0.05173	0.05326	0.04002	0.10167	0.01320	0.01106	0.00519	0.00515	0.00139	0.06590	0.00432	0.00277	0.00606

[dist]
# distance from previous block
# <min> <max>
2	29

[block]
# block no. 10 follows, 57 sequences, length 28
# corresponding to MSA columns:
# 412-439
name=unknown_K
#
# <colnr> <probs for GDERKNQSTAVLIFYWHMCP>
#	G	D	E	R	K	N	Q	S	T	A	V	L	I	F	Y	W	H	M	C	P
0	0.01411	0.03455	0.03402	0.00827	0.01143	0.02500	0.02888	0.06958	0.05383	0.33746	0.06316	0.08725	0.01373	0.00623	0.00450	0.00132	0.00394	0.03021	0.00434	0.16819
1	0.43353	0.01046	0.00916	0.00780	0.01069	0.09137	0.00628	0.13053	0.09559	0.12464	0.03357	0.01081	0.00830	0.00497	0.00368	0.00139	0.00420	0.00347	0.00363	0.00594
2	0.00782	0.00617	0.00826	0.00717	0.00917	0.00547	0.05539	0.01024	0.05868	0.03977	0.21927	0.23997	0.08713	0.00866	0.00491	0.00137	0.00307	0.00772	0.00398	0.21579
3	0.01697	0.00478	0.00624	0.00638	0.00740	0.00432	0.01973	0.00762	0.00989	0.01357	0.19395	0.45979	0.10357	0.01156	0.00542	0.00162	0.00273	0.04313	0.00419	0.07713
4	0.00998	0.29610	0.42557	0.01051	0.01559	0.01256	0.03220	0.01401	0.05206	0.01320	0.01098	0.01185	0.06763	0.00479	0.00396	0.00129	0.00560	0.00366	0.00225	0.00619
5	0.03154	0.03179	0.07806	0.03548	0.16463	0.03538	0.12357	0.03953	0.06605	0.03911	0.03552	0.09586	0.02833	0.07922	0.05305	0.00207	0.02411	0.02809	0.00299	0.00562
6	0.00628	0.00437	0.00564	0.00597	0.00675	0.00400	0.00423	0.00762	0.01047	0.03898	0.30887	0.44242	0.11369	0.01188	0.00554	0.00165	0.00246	0.01060	0.00453	0.00403
7	0.01026	0.00987	0.01702	0.30895	0.50860	0.01055	0.04290	0.01311	0.00989	0.01366	0.00838	0.01156	0.00677	0.00420	0.00453	0.00141	0.00570	0.00408	0.00216	0.00639
8	0.01717	0.00961	0.01136	0.00897	0.01217	0.00995	0.00734	0.29185	0.11882	0.37389	0.01499	0.01393	0.01019	0.00568	0.00481	0.00141	0.02981	0.00443	0.04623	0.00739
9	0.14511	0.09554	0.05494	0.03084	0.01466	0.01050	0.20054	0.10498	0.03398	0.13761	0.05369	0.01382	0.01005	0.00507	0.00432	0.00140	0.00498	0.02714	0.04473	0.00611
10	0.00637	0.00496	0.00536	0.00516	0.00672	0.00438	0.00390	0.00831	0.05065	0.04108	0.19186	0.03942	0.59454	0.01058	0.00529	0.00151	0.00238	0.00891	0.00443	0.00421
11	0.00800	0.00448	0.00495	0.00475	0.00578	0.00440	0.02245	0.00981	0.00928	0.01549	0.04060	0.02061	0.05994	0.12011	0.00614	0.00156	0.00257	0.00501	0.65003	0.00405
