[name]
unknown

[dist]
# distance from previous block
# <min> <max>
0	71

[block]
# block no. 0 follows, 54 sequences, length 16
# corresponding to MSA columns:
# 71-86
name=unknown_A
#
# <colnr> <probs for GDERKNQSTAVLIFYWHMCP>
#	G	D	E	R	K	N	Q	S	T	A	V	L	I	F	Y	W	H	M	C	P
0	0.06446	0.00627	0.00790	0.00825	0.00986	0.00625	0.00707	0.05332	0.01114	0.01554	0.02202	0.05968	0.04283	0.01109	0.00582	0.00191	0.00414	0.56243	0.02437	0.07563
1	0.00734	0.00531	0.00676	0.00662	0.00732	0.00570	0.00466	0.03479	0.04787	0.01222	0.09739	0.07210	0.01842	0.33708	0.31052	0.00494	0.00716	0.00659	0.00323	0.00398
2	0.58089	0.00860	0.00747	0.00649	0.00926	0.00955	0.00529	0.07865	0.01003	0.08729	0.01125	0.01188	0.05094	0.00515	0.00341	0.00142	0.00357	0.00350	0.09991	0.00545
3	0.05485	0.24672	0.26567	0.08114	0.07609	0.04209	0.04014	0.02975	0.02916	0.07985	0.00900	0.01028	0.00685	0.00452	0.00409	0.00135	0.00584	0.00350	0.00254	0.00655
4	0.01141	0.05658	0.04171	0.10484	0.35592	0.01093	0.13994	0.03202	0.05645	0.05478	0.02941	0.06406	0.01014	0.00525	0.00484	0.00148	0.00562	0.00508	0.00285	0.00670
5	0.21634	0.00975	0.01025	0.00828	0.01154	0.07518	0.00673	0.08351	0.01293	0.45634	0.05255	0.01402	0.01098	0.00559	0.00432	0.00144	0.00431	0.00424	0.00475	0.00696
6	0.01069	0.00898	0.00840	0.02318	0.00979	0.14321	0.00586	0.07119	0.05840	0.07991	0.07432	0.13051	0.15673	0.12140	0.04374	0.00221	0.00474	0.02194	0.01982	0.00499
7	0.02912	0.07470	0.20469	0.01699	0.21925	0.01078	0.17057	0.01515	0.02802	0.09840	0.01136	0.07949	0.00946	0.00531	0.00477	0.00149	0.00587	0.00500	0.00284	0.00673
8	0.00574	0.00410	0.00547	0.00657	0.00684	0.00383	0.00438	0.00657	0.00903	0.01204	0.02599	0.83122	0.03119	0.01477	0.00602	0.00191	0.00274	0.01340	0.00438	0.00383
9	0.00719	0.00532	0.00623	0.00595	0.00741	0.00494	0.00447	0.00985	0.07689	0.04722	0.37749	0.08831	0.32034	0.01041	0.00550	0.00156	0.00251	0.00896	0.00483	0.00463
10	0.02716	0.01031	0.01696	0.16000	0.24352	0.01073	0.15897	0.09649	0.05409	0.08202	0.02885	0.05719	0.01001	0.00540	0.00507	0.00152	0.01679	0.00513	0.00315	0.00663
11	0.01118	0.13194	0.49139	0.01236	0.01769	0.01291	0.02940	0.12143	0.01132	0.01607	0.00837	0.00991	0.00631	0.00498	0.00552	0.00148	0.09500	0.00357	0.00239	0.00678
12	0.00939	0.00540	0.00699	0.00688	0.00811	0.00506	0.00502	0.03858	0.01077	0.16466	0.11104	0.40094	0.06900	0.07695	0.03425	0.00215	0.00351	0.03191	0.00458	0.00481
13	0.01239	0.09513	0.08124	0.15957	0.20896	0.05631	0.05359	0.04621	0.01085	0.10109	0.01024	0.01226	0.02603	0.00521	0.00580	0.00149	0.10026	0.00417	0.00274	0.00645
14	0.01101	0.05223	0.09481	0.45168	0.02411	0.03022	0.01165	0.13494	0.02935	0.03452	0.01029	0.03157	0.00815	0.00536	0.00464	0.00151	0.00582	0.02714	0.02504	0.00593
15	0.07032	0.01011	0.01121	0.07640	0.01368	0.04870	0.00783	0.22597	0.12387	0.19520	0.01489	0.01614	0.02796	0.00615	0.00491	0.00149	0.02896	0.04074	0.06871	0.00678

[dist]
# distance from previous block
# <min> <max>
2	5

[block]
# block no. 1 follows, 54 sequences, length 6
# corresponding to MSA columns:
# 99-104
name=unknown_B
#
# <colnr> <probs for GDERKNQSTAVLIFYWHMCP>
#	G	D	E	R	K	N	Q	S	T	A	V	L	I	F	Y	W	H	M	C	P
0	0.00589	0.00441	0.00549	0.00618	0.00690	0.00401	0.00437	0.00701	0.00995	0.01296	0.10241	0.51841	0.22498	0.01350	0.00589	0.00181	0.00269	0.05473	0.00445	0.00395
1	0.03230	0.04025	0.01114	0.03200	0.07092	0.00841	0.00695	0.04295	0.14068	0.05390	0.01196	0.07103	0.01016	0.00511	0.00409	0.00111	0.00386	0.00426	0.00337	0.44555
2	0.03714	0.00845	0.01112	0.04247	0.01284	0.00728	0.06444	0.03334	0.03743	0.14763	0.01293	0.06641	0.03428	0.00515	0.00419	0.00111	0.00400	0.00442	0.00351	0.46184
3	0.00680	0.00480	0.00633	0.00633	0.00673	0.00521	0.00433	0.00762	0.00721	0.01002	0.01377	0.02486	0.01454	0.44609	0.40865	0.00603	0.00849	0.00598	0.00270	0.00351
4	0.03671	0.05245	0.04250	0.07759	0.04111	0.49508	0.11399	0.04027	0.01253	0.03344	0.00812	0.00975	0.00645	0.00470	0.00443	0.00132	0.00764	0.00356	0.00253	0.00584
5	0.01252	0.18695	0.27988	0.04663	0.01615	0.06774	0.01136	0.13278	0.11216	0.04468	0.03832	0.01176	0.00896	0.00508	0.00430	0.00138	0.00569	0.00386	0.00305	0.00677

[dist]
# distance from previous block
# <min> <max>
0	25

[block]
# block no. 2 follows, 54 sequences, length 23
# corresponding to MSA columns:
# 130-152
name=unknown_C
#
# <colnr> <probs for GDERKNQSTAVLIFYWHMCP>
#	G	D	E	R	K	N	Q	S	T	A	V	L	I	F	Y	W	H	M	C	P
0	0.01162	0.44681	0.23004	0.01088	0.04392	0.01497	0.03285	0.01500	0.05600	0.03127	0.00871	0.01056	0.00728	0.00473	0.00427	0.00128	0.03804	0.02302	0.00234	0.00640
1	0.12603	0.00655	0.02754	0.00818	0.05233	0.00628	0.00583	0.01092	0.07559	0.05379	0.09336	0.39092	0.07284	0.01065	0.00526	0.00172	0.00327	0.03988	0.00418	0.00488
2	0.00656	0.00482	0.00598	0.00599	0.00695	0.00450	0.00438	0.00832	0.02280	0.01548	0.41765	0.13154	0.15389	0.12146	0.00815	0.00202	0.00281	0.06799	0.00459	0.00413
3	0.03207	0.08363	0.01577	0.51602	0.11459	0.05343	0.04028	0.03116	0.04339	0.01338	0.00874	0.01188	0.00677	0.00466	0.00452	0.00148	0.00607	0.00404	0.00234	0.00577
4	0.01313	0.04593	0.12407	0.04457	0.05775	0.02847	0.31687	0.09719	0.05667	0.13166	0.01205	0.01334	0.02574	0.00486	0.00497	0.00150	0.00632	0.00483	0.00323	0.00685
5	0.00761	0.00517	0.00637	0.00604	0.00732	0.00491	0.00453	0.01034	0.06122	0.04705	0.53325	0.08217	0.09597	0.00935	0.00527	0.00148	0.00243	0.00816	0.09667	0.00469
6	0.00767	0.00603	0.00739	0.00712	0.00847	0.02689	0.03778	0.01023	0.08869	0.04597	0.14733	0.29827	0.21348	0.03532	0.03533	0.00197	0.00351	0.00958	0.00436	0.00463
7	0.01042	0.08389	0.29967	0.21151	0.06866	0.03247	0.05139	0.01448	0.04838	0.04718	0.01027	0.06058	0.00838	0.00534	0.00488	0.00151	0.02776	0.00447	0.00251	0.00626
8	0.01003	0.04907	0.71807	0.01377	0.04818	0.05045	0.01662	0.01508	0.01014	0.01466	0.00836	0.00987	0.00603	0.00447	0.00443	0.00146	0.00693	0.00346	0.00203	0.00688
9	0.00801	0.00565	0.00665	0.00675	0.00821	0.00557	0.00544	0.01131	0.10675	0.03470	0.13001	0.03767	0.21462	0.01006	0.00536	0.00167	0.00314	0.24421	0.14948	0.00474
10	0.01202	0.07266	0.02702	0.25371	0.19196	0.14240	0.06084	0.07279	0.02660	0.01431	0.00923	0.04105	0.00773	0.00516	0.00509	0.00146	0.04302	0.00432	0.00254	0.00611
11	0.01205	0.10932	0.12886	0.01230	0.09931	0.01028	0.08680	0.05062	0.06929	0.14422	0.10615	0.07357	0.03120	0.00640	0.00521	0.00149	0.03736	0.00549	0.00362	0.00646
12	0.00742	0.00652	0.03636	0.00769	0.00841	0.03563	0.00578	0.00847	0.00912	0.03557	0.02257	0.56036	0.06805	0.04730	0.00784	0.00197	0.11208	0.01071	0.00389	0.00427
13	0.04516	0.13782	0.01095	0.00794	0.00918	0.06105	0.00628	0.01023	0.00815	0.01113	0.01161	0.01806	0.03171	0.20409	0.28774	0.00426	0.12286	0.00483	0.00252	0.00444
14	0.01165	0.08712	0.23379	0.09751	0.13954	0.02981	0.08493	0.05585	0.04210	0.07808	0.01072	0.05813	0.00869	0.00535	0.00504	0.00149	0.03622	0.00457	0.00280	0.00661
15	0.01182	0.17955	0.16453	0.03513	0.08500	0.01229	0.24675	0.03528	0.01077	0.08234	0.01027	0.05659	0.00843	0.00507	0.00505	0.00146	0.03581	0.00470	0.00268	0.00648
16	0.01276	0.01349	0.00980	0.00918	0.01091	0.39134	0.00676	0.03678	0.01208	0.05613	0.08894	0.19066	0.06471	0.06776	0.00630	0.00167	0.00569	0.00658	0.00350	0.00496
17	0.02350	0.01203	0.11116	0.05228	0.02536	0.05572	0.24435	0.02977	0.09426	0.10241	0.03289	0.07479	0.01189	0.00769	0.04871	0.00191	0.02451	0.03726	0.00331	0.00620
18	0.04005	0.05219	0.09086	0.06599	0.07257	0.04048	0.05196	0.16827	0.07478	0.20410	0.03467	0.01342	0.00981	0.00601	0.02079	0.00158	0.02927	0.00439	0.01181	0.00699
19	0.04073	0.31655	0.02253	0.00750	0.00976	0.01043	0.02558	0.01092	0.00965	0.04588	0.04648	0.25678	0.10366	0.04138	0.00564	0.00159	0.02944	0.00717	0.00332	0.00502
20	0.00943	0.00655	0.03902	0.00708	0.00884	0.00572	0.00562	0.05102	0.04826	0.13488	0.22521	0.23944	0.14051	0.01044	0.00579	0.02377	0.00316	0.02546	0.00469	0.00511
21	0.01282	0.01445	0.16969	0.14928	0.01888	0.13100	0.10732	0.11294	0.04104	0.09915	0.02489	0.01481	0.07155	0.00554	0.00479	0.00147	0.00612	0.00468	0.00321	0.00636
22	0.01248	0.01143	0.10251	0.02549	0.18059	0.03100	0.01946	0.07377	0.12755	0.13045	0.03475	0.03399	0.04952	0.00596	0.00516	0.00145	0.03938	0.02120	0.00363	0.09024

[dist]
# distance from previous block
# <min> <max>
1	43

[block]
# block no. 3 follows, 54 sequences, length 7
# corresponding to MSA columns:
# 196-202
name=unknown_D
#
# <colnr> <probs for GDERKNQSTAVLIFYWHMCP>
#	G	D	E	R	K	N	Q	S	T	A	V	L	I	F	Y	W	H	M	C	P
0	0.27871	0.07097	0.11530	0.04119	0.04538	0.05835	0.03825	0.05214	0.06174	0.08271	0.01039	0.04323	0.00840	0.00522	0.00403	0.00142	0.00489	0.01859	0.00316	0.05594
1	0.03475	0.18415	0.08621	0.11660	0.12000	0.07502	0.05403	0.04818	0.01080	0.02924	0.06422	0.04329	0.01018	0.00544	0.00514	0.00139	0.06484	0.00433	0.00268	0.03950
2	0.02713	0.04657	0.01504	0.08073	0.08649	0.08537	0.12568	0.10874	0.08298	0.03998	0.01109	0.04454	0.00918	0.00515	0.00452	0.00132	0.00535	0.02217	0.00317	0.19480
3	0.10498	0.10751	0.19564	0.01025	0.03129	0.06486	0.00977	0.08728	0.04982	0.20697	0.01286	0.01293	0.04345	0.00544	0.00471	0.00143	0.03648	0.00404	0.00355	0.00675
4	0.00942	0.11737	0.03086	0.05442	0.04227	0.07897	0.02415	0.03642	0.08628	0.01386	0.07253	0.29468	0.03789	0.03307	0.03198	0.00186	0.00460	0.02065	0.00359	0.00514
5	0.01066	0.00702	0.01012	0.00859	0.01035	0.00709	0.08148	0.05454	0.01065	0.16286	0.07119	0.11070	0.13380	0.08184	0.07130	0.07071	0.08129	0.00686	0.00386	0.00509
6	0.03067	0.00830	0.00952	0.00785	0.01039	0.04007	0.03624	0.06657	0.08940	0.07546	0.01389	0.01565	0.04047	0.03833	0.05968	0.00175	0.03955	0.00439	0.19414	0.21768

[dist]
# distance from previous block
# <min> <max>
0	2

[block]
# block no. 4 follows, 54 sequences, length 35
# corresponding to MSA columns:
# 205-239
name=unknown_E
#
# <colnr> <probs for GDERKNQSTAVLIFYWHMCP>
#	G	D	E	R	K	N	Q	S	T	A	V	L	I	F	Y	W	H	M	C	P
0	0.00945	0.00826	0.01363	0.02376	0.14566	0.02838	0.17126	0.01140	0.01004	0.05759	0.02786	0.32483	0.01815	0.04730	0.00693	0.00185	0.04988	0.03501	0.00343	0.00532
1	0.00740	0.00513	0.00648	0.00651	0.00769	0.00477	0.00497	0.00895	0.01067	0.05204	0.21798	0.12968	0.16387	0.11347	0.04670	0.00233	0.00367	0.16481	0.00430	0.03857
2	0.01045	0.03938	0.01356	0.42328	0.02233	0.08193	0.01076	0.06159	0.03487	0.01311	0.00969	0.06525	0.00855	0.03126	0.00721	0.00171	0.15245	0.00473	0.00254	0.00535
3	0.01105	0.01007	0.01448	0.03956	0.01347	0.01329	0.04706	0.03717	0.00843	0.06252	0.00816	0.04373	0.00764	0.00795	0.01323	0.00196	0.64767	0.00461	0.00250	0.00544
4	0.01190	0.01620	0.00907	0.00802	0.00998	0.03530	0.02426	0.11852	0.07366	0.17668	0.04465	0.32190	0.03184	0.00929	0.00511	0.00159	0.00368	0.00807	0.08452	0.00574
5	0.01457	0.00851	0.00984	0.03545	0.01140	0.00874	0.00660	0.24725	0.06419	0.22856	0.01804	0.04604	0.07632	0.01920	0.00484	0.00146	0.00388	0.00530	0.18326	0.00658
6	0.00751	0.00538	0.00643	0.00695	0.00792	0.02910	0.00515	0.00897	0.02477	0.06320	0.05987	0.45317	0.15175	0.01280	0.00585	0.00183	0.00320	0.13736	0.00445	0.00435
7	0.00952	0.01127	0.18555	0.20137	0.06362	0.00883	0.03848	0.06264	0.04159	0.04055	0.03762	0.18872	0.03082	0.00736	0.00498	0.00159	0.00506	0.01721	0.03748	0.00575
8	0.00874	0.00810	0.01324	0.62287	0.02697	0.01023	0.01178	0.01146	0.00894	0.01182	0.00876	0.01319	0.00706	0.00946	0.12164	0.00248	0.09173	0.00431	0.00215	0.00508
9	0.01622	0.03893	0.01337	0.01168	0.01415	0.69814	0.03580	0.01753	0.01297	0.01176	0.01090	0.01187	0.07605	0.00543	0.00439	0.00126	0.00787	0.00372	0.00259	0.00538
10	0.01130	0.01105	0.01888	0.10732	0.63795	0.02292	0.07256	0.01416	0.01067	0.01492	0.00975	0.01257	0.02568	0.00442	0.00476	0.00143	0.00582	0.00442	0.00236	0.00705
11	0.00890	0.00838	0.01414	0.82296	0.03247	0.01048	0.01309	0.01205	0.00943	0.01205	0.00838	0.01257	0.00629	0.00471	0.00471	0.00157	0.00629	0.00419	0.00210	0.00524
12	0.03641	0.00514	0.00523	0.00497	0.00630	0.00526	0.00379	0.06131	0.01084	0.01856	0.06457	0.01797	0.01365	0.00573	0.00352	0.00115	0.00244	0.00459	0.72392	0.00466
13	0.00628	0.00452	0.00575	0.00642	0.00706	0.00428	0.00451	0.00786	0.03556	0.01369	0.14024	0.56148	0.08741	0.01303	0.00577	0.00179	0.00271	0.04213	0.04541	0.00410
14	0.00673	0.00458	0.00610	0.00697	0.00763	0.00436	0.00518	0.00805	0.00985	0.03049	0.05773	0.52698	0.04677	0.01342	0.00596	0.00191	0.00312	0.20474	0.04534	0.00411
15	0.01921	0.00779	0.01036	0.00816	0.01152	0.00687	0.00666	0.02151	0.05058	0.69382	0.02075	0.04381	0.06363	0.00654	0.00484	0.00149	0.00385	0.00538	0.00565	0.00760
16	0.00674	0.00505	0.00758	0.00758	0.00842	0.00589	0.00589	0.00842	0.00758	0.01095	0.01263	0.01852	0.01179	0.03536	0.81561	0.00758	0.01263	0.00505	0.00253	0.00421
17	0.00964	0.00830	0.03536	0.00964	0.01072	0.03374	0.03252	0.01090	0.01017	0.06398	0.11071	0.31164	0.03456	0.01104	0.00869	0.00197	0.22987	0.05739	0.00396	0.00520
18	0.00990	0.00957	0.01066	0.13472	0.05344	0.15541	0.00833	0.03865	0.00996	0.01257	0.03796	0.01774	0.01145	0.02805	0.35356	0.00416	0.04312	0.05311	0.00270	0.00493
19	0.01314	0.10563	0.10489	0.01160	0.02943	0.30672	0.08342	0.04037	0.06715	0.02813	0.10558	0.03858	0.02333	0.00580	0.00471	0.00137	0.01661	0.00461	0.00304	0.00589
20	0.00890	0.00838	0.01414	0.82296	0.03247	0.01048	0.01309	0.01205	0.00943	0.01205	0.00838	0.01257	0.00629	0.00471	0.00471	0.00157	0.00629	0.00419	0.00210	0.00524
21	0.00988	0.00642	0.00842	0.05983	0.04227	0.00642	0.00646	0.03719	0.09599	0.13981	0.03583	0.33906	0.08573	0.01050	0.00548	0.00173	0.00358	0.08485	0.01522	0.00533
22	0.01088	0.18876	0.17686	0.09619	0.05440	0.10301	0.03540	0.02406	0.01044	0.03679	0.03651	0.12868	0.01197	0.03524	0.00518	0.00154	0.00557	0.01847	0.01432	0.00572
23	0.00988	0.00808	0.01278	0.32557	0.20650	0.00883	0.01048	0.01234	0.01035	0.07656	0.06669	0.07069	0.08261	0.00688	0.01411	0.00162	0.03146	0.01601	0.02287	0.00569
24	0.00578	0.00460	0.00519	0.00544	0.00660	0.00401	0.00393	0.00702	0.01064	0.01343	0.14983	0.26224	0.47989	0.01240	0.00569	0.00167	0.00246	0.01071	0.00449	0.00401
25	0.00930	0.01107	0.14015	0.36501	0.16145	0.00984	0.04554	0.01287	0.03479	0.01382	0.03665	0.06725	0.01089	0.00594	0.00493	0.00159	0.00578	0.05466	0.00261	0.00585
26	0.01458	0.12133	0.16043	0.05914	0.01687	0.09205	0.10081	0.13063	0.02314	0.18010	0.01077	0.01155	0.00775	0.00507	0.00503	0.00143	0.04515	0.00403	0.00333	0.00682
27	0.00720	0.00519	0.00708	0.00743	0.00808	0.00530	0.01589	0.00840	0.00946	0.03940	0.07194	0.42412	0.04435	0.09158	0.03299	0.00234	0.06560	0.14542	0.00407	0.00416
28	0.02880	0.00684	0.01027	0.42428	0.02019	0.00794	0.00893	0.02575	0.00999	0.03096	0.08498	0.10967	0.01402	0.00841	0.05592	0.00190	0.00514	0.00571	0.13539	0.00492
29	0.00882	0.00468	0.00666	0.00645	0.00669	0.00478	0.00441	0.05682	0.00718	0.00958	0.00839	0.01414	0.00818	0.01569	0.01754	0.80707	0.00417	0.00410	0.00222	0.00243
30	0.01184	0.02788	0.31545	0.08495	0.16434	0.06913	0.02499	0.07221	0.03951	0.06560	0.01012	0.03704	0.00792	0.00520	0.00511	0.00149	0.04351	0.00421	0.00272	0.00676
31	0.14124	0.00724	0.01987	0.03474	0.00924	0.03284	0.00582	0.03510	0.00933	0.01460	0.10069	0.08773	0.05181	0.13865	0.12801	0.00292	0.09752	0.00595	0.07222	0.00449
32	0.53627	0.03819	0.04022	0.00752	0.01073	0.01116	0.00647	0.18103	0.01160	0.04208	0.02500	0.01137	0.05123	0.00520	0.00361	0.00144	0.00407	0.00353	0.00344	0.00584
33	0.11626	0.15135	0.01349	0.04362	0.03664	0.01179	0.00753	0.25150	0.01340	0.07957	0.01099	0.02975	0.02219	0.05885	0.00553	0.00150	0.01918	0.00405	0.00351	0.11930
34	0.04976	0.00751	0.03426	0.03195	0.00997	0.00722	0.00612	0.11004	0.03931	0.04957	0.29450	0.04141	0.20257	0.00871	0.00564	0.00153	0.04254	0.02075	0.00440	0.03224

[dist]
# distance from previous block
# <min> <max>
1	38

[block]
# block no. 5 follows, 54 sequences, length 28
# corresponding to MSA columns:
# 278-305
name=unknown_F
#
# <colnr> <probs for GDERKNQSTAVLIFYWHMCP>
#	G	D	E	R	K	N	Q	S	T	A	V	L	I	F	Y	W	H	M	C	P
0	0.05814	0.00987	0.05147	0.00832	0.01226	0.00823	0.02767	0.06199	0.07571	0.03253	0.00951	0.01064	0.00757	0.00422	0.00427	0.00100	0.03758	0.00328	0.00307	0.57269
1	0.09976	0.10567	0.08497	0.01037	0.03562	0.07041	0.04374	0.16772	0.04505	0.08609	0.01003	0.02105	0.00774	0.00495	0.00455	0.00129	0.03678	0.00373	0.00330	0.15718
2	0.10399	0.19086	0.19709	0.03641	0.03152	0.02856	0.00980	0.07049	0.02123	0.10692	0.01054	0.04128	0.01714	0.00526	0.00453	0.00136	0.04155	0.00389	0.02836	0.04921
3	0.02648	0.03711	0.00718	0.00619	0.00801	0.03545	0.00474	0.04690	0.02908	0.05025	0.12683	0.12541	0.41628	0.02199	0.00552	0.00157	0.00307	0.00858	0.00430	0.03505
4	0.01106	0.03539	0.05949	0.19216	0.22146	0.02462	0.07774	0.05365	0.11080	0.03223	0.01155	0.05042	0.00974	0.00574	0.00548	0.00156	0.05431	0.03328	0.00292	0.00641
5	0.04095	0.03584	0.13781	0.01189	0.05387	0.05634	0.09280	0.16343	0.08535	0.06014	0.03105	0.02625	0.01034	0.09174	0.04035	0.00206	0.04539	0.00475	0.00333	0.00633
6	0.03131	0.01253	0.01305	0.01306	0.13842	0.18402	0.02215	0.19290	0.01375	0.08478	0.05068	0.05590	0.01091	0.00614	0.00565	0.00145	0.08580	0.00470	0.06644	0.00635
7	0.00612	0.00441	0.00587	0.00691	0.00742	0.00416	0.00500	0.00723	0.00949	0.01250	0.02687	0.63205	0.06923	0.01427	0.00610	0.00195	0.00305	0.16906	0.00437	0.00394
8	0.01542	0.01195	0.01194	0.00972	0.01261	0.08885	0.00783	0.46489	0.07260	0.04327	0.01255	0.03631	0.00963	0.00598	0.00490	0.00140	0.03654	0.00450	0.14220	0.00692
9	0.01217	0.08646	0.20106	0.00975	0.01380	0.03287	0.03234	0.03429	0.04324	0.15088	0.04604	0.01326	0.00989	0.03769	0.02222	0.00153	0.04637	0.00402	0.00323	0.19889
10	0.01238	0.04333	0.17926	0.01129	0.02561	0.01012	0.10451	0.09688	0.03125	0.14349	0.05217	0.03092	0.04267	0.00579	0.00568	0.00144	0.08249	0.00473	0.00343	0.11256
11	0.00946	0.02439	0.80987	0.01344	0.02041	0.01095	0.01742	0.01493	0.00995	0.01493	0.00846	0.00995	0.00597	0.00448	0.00448	0.00149	0.00697	0.00348	0.00199	0.00697
12	0.00960	0.01174	0.18919	0.03899	0.10432	0.00890	0.08348	0.06918	0.02929	0.03267	0.10067	0.08793	0.10294	0.02273	0.02219	0.00176	0.03872	0.03650	0.00335	0.00585
13	0.01110	0.12396	0.35150	0.04073	0.04903	0.01188	0.18079	0.01597	0.08097	0.05981	0.01030	0.02543	0.00782	0.00473	0.00461	0.00146	0.00632	0.00427	0.00261	0.00673
14	0.00752	0.00498	0.00715	0.00701	0.00737	0.00560	0.00508	0.00755	0.00693	0.00970	0.01091	0.01826	0.01089	0.14380	0.35639	0.31864	0.06165	0.00491	0.00237	0.00329
15	0.00747	0.00475	0.00572	0.00572	0.00612	0.00460	0.00362	0.00802	0.00845	0.05407	0.11541	0.14528	0.02254	0.54689	0.01761	0.00357	0.00398	0.02909	0.00357	0.00351
16	0.01280	0.01224	0.01510	0.21988	0.19589	0.16163	0.06152	0.07256	0.06733	0.06282	0.01096	0.01330	0.02497	0.02960	0.00544	0.00155	0.01884	0.00439	0.00291	0.00629
17	0.05085	0.01382	0.06137	0.12947	0.16749	0.16329	0.20423	0.04442	0.01138	0.05434	0.00899	0.01132	0.00694	0.00470	0.00527	0.00148	0.04751	0.00423	0.00259	0.00631
18	0.00749	0.00613	0.00889	0.00846	0.00908	0.00761	0.00667	0.00895	0.00747	0.01094	0.01140	0.01743	0.01089	0.06974	0.60869	0.00627	0.18216	0.00495	0.00245	0.00434
19	0.05351	0.01406	0.04057	0.01368	0.13083	0.12883	0.03858	0.43837	0.01726	0.03960	0.01028	0.01109	0.00762	0.00517	0.00455	0.00139	0.00571	0.00403	0.02761	0.00725
20	0.03043	0.20457	0.06731	0.09811	0.22255	0.01247	0.01060	0.08561	0.06710	0.12420	0.02658	0.01207	0.00874	0.00486	0.00428	0.00136	0.00513	0.00397	0.00315	0.00689
21	0.01181	0.00782	0.00889	0.00812	0.01002	0.03369	0.00620	0.19394	0.05469	0.13741	0.02045	0.35908	0.04231	0.01037	0.01827	0.00175	0.00391	0.02833	0.03718	0.00574
22	0.00651	0.00445	0.00572	0.00639	0.00707	0.00407	0.00444	0.00757	0.00984	0.04812	0.09045	0.60953	0.13756	0.01355	0.00587	0.00182	0.00273	0.02572	0.00451	0.00410
23	0.01788	0.00931	0.02924	0.01149	0.08959	0.00876	0.04089	0.06991	0.01295	0.52959	0.01571	0.01591	0.01080	0.00605	0.00580	0.00154	0.07919	0.03310	0.00480	0.00748
24	0.02568	0.10839	0.06581	0.05871	0.01416	0.11203	0.00857	0.12867	0.15177	0.20437	0.01365	0.04799	0.01044	0.02291	0.00490	0.00149	0.00510	0.00457	0.00398	0.00681
25	0.00688	0.00510	0.00712	0.00716	0.00788	0.00574	0.00531	0.00868	0.03984	0.01108	0.01432	0.08376	0.01433	0.17161	0.58178	0.00637	0.01009	0.00603	0.00282	0.00408
26	0.03761	0.00770	0.01187	0.05047	0.22106	0.00776	0.04170	0.01232	0.02693	0.05440	0.01919	0.03438	0.04844	0.00913	0.00563	0.00182	0.00478	0.39559	0.00367	0.00555
27	0.24390	0.00959	0.01219	0.23352	0.09988	0.01078	0.03079	0.17172	0.01194	0.04175	0.01019	0.06480	0.00840	0.00545	0.00430	0.00150	0.00492	0.00442	0.02394	0.00600

[dist]
# distance from previous block
# <min> <max>
8	18

[block]
# block no. 6 follows, 54 sequences, length 24
# corresponding to MSA columns:
# 325-348
name=unknown_G
#
# <colnr> <probs for GDERKNQSTAVLIFYWHMCP>
#	G	D	E	R	K	N	Q	S	T	A	V	L	I	F	Y	W	H	M	C	P
0	0.05535	0.33872	0.01614	0.00878	0.01164	0.16168	0.00745	0.08746	0.01126	0.07287	0.00981	0.04282	0.00887	0.08464	0.04049	0.00182	0.02767	0.00392	0.00287	0.00574
1	0.00758	0.00743	0.08338	0.10177	0.01234	0.00636	0.00777	0.03064	0.04227	0.01383	0.03184	0.32395	0.06338	0.01134	0.00576	0.00186	0.00410	0.23576	0.00392	0.00471
2	0.06612	0.01036	0.08518	0.03165	0.22519	0.02858	0.03003	0.04119	0.03058	0.03805	0.21549	0.03794	0.01752	0.00616	0.00510	0.00142	0.03382	0.00530	0.00341	0.08691
3	0.00940	0.00798	0.00937	0.00694	0.01077	0.00605	0.00547	0.01137	0.00971	0.01505	0.01004	0.08724	0.00927	0.00456	0.00373	0.00081	0.00342	0.00379	0.00294	0.78208
4	0.01031	0.00869	0.01006	0.00724	0.01140	0.00683	0.00581	0.06252	0.01058	0.01630	0.00857	0.00988	0.00705	0.00363	0.00357	0.00075	0.00360	0.00289	0.00292	0.80740
5	0.01110	0.01059	0.01733	0.16542	0.50686	0.01133	0.04084	0.01517	0.10368	0.01511	0.00990	0.01250	0.00801	0.00475	0.00527	0.00149	0.04679	0.00438	0.00257	0.00692
6	0.07034	0.29885	0.04691	0.00959	0.01316	0.13418	0.00845	0.21297	0.10070	0.03639	0.00976	0.01021	0.00763	0.00493	0.00393	0.00127	0.00537	0.00346	0.01528	0.00662
7	0.00704	0.00612	0.03730	0.00686	0.00856	0.00481	0.00519	0.00846	0.00949	0.01335	0.04895	0.51355	0.05190	0.01094	0.00522	0.00153	0.00308	0.00976	0.00387	0.24402
8	0.00705	0.00532	0.00686	0.00683	0.00726	0.01806	0.00482	0.00793	0.00749	0.01035	0.01435	0.09952	0.01538	0.35244	0.36568	0.00544	0.05221	0.00648	0.00281	0.00370
9	0.00618	0.00503	0.00549	0.00537	0.00685	0.00448	0.00403	0.00823	0.04980	0.01473	0.24974	0.06042	0.54068	0.01112	0.00554	0.00157	0.00242	0.00942	0.00462	0.00427
10	0.01072	0.12336	0.37581	0.01605	0.15396	0.01221	0.13498	0.01573	0.08439	0.01500	0.00947	0.01109	0.00722	0.00448	0.00452	0.00144	0.00633	0.00398	0.00238	0.00689
11	0.00662	0.00482	0.00623	0.00588	0.00701	0.00443	0.00441	0.00879	0.01322	0.01861	0.76551	0.03572	0.08156	0.00975	0.00556	0.00149	0.00223	0.00860	0.00515	0.00443
12	0.00933	0.00980	0.06664	0.62377	0.15789	0.01049	0.01343	0.01252	0.00967	0.01279	0.00881	0.02848	0.00695	0.00481	0.00472	0.00155	0.00615	0.00433	0.00217	0.00569
13	0.00870	0.00487	0.00573	0.00538	0.00670	0.00460	0.00408	0.01084	0.01169	0.07881	0.35505	0.02615	0.05761	0.00756	0.00447	0.00131	0.00236	0.00642	0.39298	0.00468
14	0.00761	0.00659	0.00732	0.00833	0.04808	0.08117	0.00568	0.00922	0.03060	0.01355	0.13626	0.48542	0.05162	0.01211	0.00572	0.00176	0.00350	0.07685	0.00422	0.00440
15	0.01023	0.12447	0.15958	0.19689	0.16499	0.01130	0.08014	0.02835	0.03856	0.01460	0.07554	0.01534	0.01103	0.00532	0.00467	0.00147	0.00571	0.04294	0.00265	0.00619
16	0.01257	0.72234	0.09549	0.00876	0.01298	0.05799	0.00897	0.01443	0.00980	0.01146	0.00677	0.00783	0.00604	0.00412	0.00322	0.00106	0.00539	0.00263	0.00204	0.00610
17	0.02933	0.00560	0.00720	0.00738	0.03620	0.00574	0.00527	0.00972	0.00932	0.08521	0.03217	0.15420	0.16856	0.10469	0.18545	0.00325	0.04780	0.02023	0.07816	0.00452
18	0.75324	0.04350	0.00825	0.00684	0.00975	0.08680	0.00560	0.01434	0.00859	0.01985	0.00663	0.00774	0.00524	0.00441	0.00305	0.00142	0.00416	0.00260	0.00284	0.00518
19	0.01075	0.16554	0.49210	0.03406	0.09933	0.02857	0.01442	0.05349	0.01073	0.01501	0.02913	0.01048	0.00726	0.00458	0.00428	0.00139	0.00629	0.00357	0.00226	0.00677
20	0.05667	0.00503	0.00559	0.00560	0.00647	0.00488	0.00382	0.00806	0.02998	0.01303	0.15397	0.13500	0.21674	0.30188	0.03090	0.00280	0.00352	0.00840	0.00386	0.00380
21	0.01049	0.01601	0.40651	0.01146	0.01608	0.00929	0.08279	0.03321	0.06801	0.08722	0.02912	0.02695	0.05550	0.03813	0.00680	0.08286	0.00572	0.00475	0.00293	0.00618
22	0.00822	0.00651	0.00759	0.00764	0.00900	0.00688	0.00568	0.02699	0.27668	0.01602	0.12652	0.35058	0.06193	0.01086	0.00553	0.00174	0.00314	0.05858	0.00463	0.00525
23	0.11084	0.19289	0.26422	0.01015	0.01456	0.03124	0.02066	0.10179	0.08535	0.04688	0.01056	0.05815	0.00863	0.00532	0.00413	0.00139	0.00530	0.00406	0.00299	0.02090

[dist]
# distance from previous block
# <min> <max>
3	11

[block]
# block no. 7 follows, 54 sequences, length 29
# corresponding to MSA columns:
# 361-389
name=unknown_H
#
# <colnr> <probs for GDERKNQSTAVLIFYWHMCP>
#	G	D	E	R	K	N	Q	S	T	A	V	L	I	F	Y	W	H	M	C	P
0	0.00868	0.00596	0.00690	0.00646	0.00822	0.00566	0.00497	0.01199	0.12743	0.10672	0.21655	0.06360	0.32863	0.02859	0.00584	0.00166	0.00290	0.04941	0.00476	0.00506
1	0.01241	0.01225	0.01190	0.01105	0.04810	0.21369	0.04419	0.14503	0.09925	0.01637	0.04756	0.15820	0.05692	0.00792	0.00581	0.00156	0.06611	0.03225	0.00366	0.00578
2	0.00603	0.00427	0.00558	0.00652	0.00682	0.00405	0.00440	0.00684	0.00886	0.01179	0.02437	0.66314	0.02894	0.12848	0.00855	0.00230	0.00311	0.06806	0.00416	0.00373
3	0.01348	0.01072	0.05014	0.07570	0.28839	0.01054	0.01067	0.07321	0.21062	0.16736	0.01432	0.01472	0.02785	0.00539	0.00473	0.00148	0.00484	0.00469	0.00380	0.00735
4	0.01071	0.01043	0.03865	0.12894	0.56604	0.01020	0.01294	0.01350	0.01055	0.01507	0.04520	0.03297	0.00961	0.00477	0.00465	0.00140	0.00532	0.00453	0.02165	0.05287
5	0.15782	0.13862	0.01415	0.01059	0.01292	0.42650	0.00849	0.01603	0.01086	0.01305	0.00687	0.00853	0.00593	0.00523	0.00576	0.00137	0.14639	0.00307	0.00239	0.00544
6	0.01698	0.01223	0.01450	0.03188	0.01533	0.01326	0.06568	0.56482	0.08944	0.10805	0.01257	0.01251	0.00886	0.00560	0.00479	0.00145	0.00517	0.00449	0.00460	0.00778
7	0.00919	0.00900	0.01648	0.09278	0.01758	0.00919	0.32042	0.01268	0.06766	0.01409	0.03099	0.10684	0.05681	0.02007	0.06336	0.00217	0.04666	0.09550	0.00313	0.00541
8	0.00878	0.00807	0.01114	0.01007	0.01018	0.01064	0.00799	0.00969	0.00755	0.01119	0.01147	0.17145	0.01268	0.10806	0.07124	0.00272	0.51357	0.00630	0.00263	0.00457
9	0.00756	0.00548	0.00679	0.00670	0.00738	0.00589	0.00465	0.04682	0.06588	0.01189	0.01587	0.13729	0.01680	0.36962	0.26564	0.00476	0.00679	0.00697	0.00320	0.00400
10	0.00605	0.00443	0.00571	0.00630	0.00698	0.00408	0.00446	0.00735	0.01043	0.01399	0.22921	0.49732	0.12344	0.01303	0.00587	0.00178	0.00264	0.04831	0.00459	0.00403
11	0.01043	0.01001	0.01373	0.21158	0.21282	0.06790	0.02881	0.01286	0.01016	0.01402	0.00952	0.04551	0.00833	0.00488	0.00465	0.00126	0.02465	0.02283	0.00256	0.28348
12	0.00952	0.00888	0.01515	0.63412	0.05610	0.01055	0.08209	0.01296	0.03643	0.02873	0.03101	0.01336	0.00784	0.00495	0.00512	0.00158	0.02924	0.00448	0.00238	0.00552
13	0.10514	0.00963	0.01090	0.00890	0.01187	0.01025	0.02344	0.25217	0.16713	0.19225	0.02521	0.02463	0.02845	0.00659	0.00534	0.05180	0.00419	0.00471	0.05058	0.00684
14	0.01133	0.49521	0.12604	0.01139	0.06079	0.01501	0.11878	0.01375	0.00999	0.01254	0.01056	0.02410	0.06279	0.00481	0.00389	0.00123	0.00551	0.00386	0.00229	0.00612
15	0.01052	0.00530	0.00647	0.00580	0.00743	0.00494	0.00448	0.01265	0.01195	0.18045	0.31744	0.02402	0.02441	0.00715	0.00446	0.00132	0.00258	0.00605	0.35741	0.00516
16	0.00947	0.02282	0.72516	0.07286	0.02143	0.01095	0.04322	0.01473	0.00996	0.01473	0.00849	0.01024	0.00604	0.00448	0.00453	0.00150	0.00695	0.00361	0.00201	0.00682
17	0.01069	0.05471	0.03193	0.14288	0.03974	0.02073	0.21383	0.03783	0.03711	0.03340	0.01049	0.03991	0.00894	0.00532	0.00554	0.00142	0.06938	0.04201	0.00277	0.19137
18	0.00606	0.00432	0.00574	0.00655	0.00688	0.00422	0.00444	0.00691	0.00860	0.01156	0.02280	0.60331	0.02679	0.12845	0.10843	0.00298	0.00425	0.03003	0.00394	0.00376
19	0.00567	0.00480	0.00491	0.00494	0.00650	0.00404	0.00374	0.00693	0.01083	0.01297	0.07067	0.04531	0.75433	0.01190	0.00560	0.00161	0.00245	0.03438	0.00440	0.00401
20	0.01294	0.00938	0.04899	0.34964	0.02128	0.00956	0.04260	0.09752	0.02332	0.21413	0.02271	0.01632	0.00994	0.03237	0.00578	0.01211	0.01579	0.04585	0.00354	0.00622
21	0.04976	0.01172	0.02326	0.11074	0.02319	0.01176	0.55938	0.05588	0.01112	0.01553	0.00963	0.03422	0.00760	0.00468	0.00583	0.00161	0.05008	0.00533	0.00254	0.00613
22	0.78611	0.00870	0.00681	0.00613	0.00882	0.01000	0.00496	0.01328	0.00819	0.02043	0.04068	0.01004	0.00740	0.04804	0.00413	0.00162	0.00364	0.00303	0.00301	0.00496
23	0.00830	0.05120	0.00864	0.00834	0.06424	0.04861	0.00584	0.04201	0.01041	0.01338	0.11732	0.09183	0.20810	0.04208	0.10966	0.10434	0.00489	0.05285	0.00355	0.00441
24	0.00611	0.00440	0.00582	0.00676	0.00727	0.00415	0.00484	0.00723	0.00961	0.01273	0.06849	0.60513	0.07137	0.02973	0.00639	0.00197	0.00299	0.13671	0.00439	0.00394
25	0.05466	0.01668	0.39635	0.05704	0.05206	0.01058	0.12265	0.01485	0.08252	0.01528	0.02628	0.01450	0.00916	0.04030	0.00588	0.00169	0.03154	0.03902	0.00258	0.00636
26	0.00975	0.05669	0.22576	0.08214	0.06898	0.02361	0.04835	0.01250	0.00934	0.01340	0.06693	0.06809	0.01076	0.00675	0.00826	0.00168	0.27388	0.00489	0.00247	0.00577
27	0.00645	0.00522	0.00599	0.02178	0.00765	0.01929	0.00455	0.00832	0.05141	0.01348	0.13246	0.32141	0.31166	0.02611	0.04022	0.00199	0.00322	0.01027	0.00432	0.00421
28	0.03495	0.06997	0.03353	0.00929	0.03084	0.03302	0.02712	0.17534	0.11856	0.04242	0.04884	0.09850	0.08662	0.00820	0.00604	0.06312	0.02163	0.04356	0.00386	0.04461

[dist]
# distance from previous block
# <min> <max>
0	45

# created by:
# /st0/software/busco_prod/Augustus/scripts/msa2prfl.pl ./align_prep/1249159.fa
