[name]
unknown

[dist]
# distance from previous block
# <min> <max>
0	111

[block]
# block no. 0 follows, 51 sequences, length 6
# corresponding to MSA columns:
# 114-119
name=unknown_A
#
# <colnr> <probs for GDERKNQSTAVLIFYWHMCP>
#	G	D	E	R	K	N	Q	S	T	A	V	L	I	F	Y	W	H	M	C	P
0	0.03963	0.14942	0.19656	0.01077	0.01488	0.07666	0.06138	0.06307	0.11622	0.01715	0.13405	0.01526	0.01402	0.00571	0.00459	0.00141	0.00542	0.00463	0.00333	0.06588
1	0.01430	0.14263	0.01529	0.01070	0.01390	0.30464	0.05955	0.10600	0.01346	0.01580	0.08032	0.04382	0.01144	0.00559	0.00445	0.00125	0.00618	0.00430	0.00314	0.14324
2	0.08599	0.00743	0.00982	0.01028	0.09018	0.00730	0.02712	0.02930	0.01058	0.01571	0.07030	0.23100	0.05551	0.00949	0.00590	0.00165	0.05038	0.11878	0.00378	0.15949
3	0.00866	0.16938	0.12046	0.00832	0.01064	0.00894	0.00746	0.01159	0.07856	0.01393	0.08835	0.33915	0.02197	0.05473	0.03401	0.00203	0.00443	0.00845	0.00370	0.00525
4	0.26730	0.01457	0.27435	0.05630	0.01542	0.01091	0.01094	0.05042	0.01009	0.05933	0.00974	0.01329	0.00793	0.03380	0.00652	0.02238	0.08725	0.04050	0.00288	0.00609
5	0.00802	0.00751	0.00821	0.00810	0.03240	0.07810	0.04506	0.01018	0.04718	0.01432	0.10383	0.12275	0.41173	0.01104	0.00575	0.00169	0.00372	0.07135	0.00430	0.00475

[dist]
# distance from previous block
# <min> <max>
0	9

[block]
# block no. 1 follows, 51 sequences, length 8
# corresponding to MSA columns:
# 129-136
name=unknown_B
#
# <colnr> <probs for GDERKNQSTAVLIFYWHMCP>
#	G	D	E	R	K	N	Q	S	T	A	V	L	I	F	Y	W	H	M	C	P
0	0.01336	0.01076	0.01556	0.01210	0.01511	0.01139	0.19827	0.30961	0.03938	0.02109	0.01261	0.06808	0.01043	0.00718	0.00683	0.07228	0.05010	0.00544	0.11396	0.00645
1	0.00829	0.00435	0.00622	0.00622	0.00622	0.00435	0.00404	0.00653	0.00653	0.00871	0.00975	0.01794	0.01016	0.15835	0.02022	0.70841	0.00435	0.00477	0.00228	0.00228
2	0.01054	0.00971	0.01367	0.28568	0.10758	0.04247	0.01085	0.07669	0.01107	0.01499	0.08716	0.08168	0.01298	0.00780	0.02439	0.00185	0.18660	0.00557	0.00297	0.00573
3	0.01485	0.37523	0.01988	0.01049	0.01418	0.10652	0.07208	0.17059	0.05610	0.05411	0.00960	0.01062	0.00770	0.00557	0.00494	0.04833	0.00577	0.00368	0.00310	0.00663
4	0.01209	0.03171	0.01419	0.02995	0.01490	0.00988	0.11977	0.17794	0.05066	0.01904	0.01217	0.01691	0.01043	0.00560	0.00470	0.00129	0.00493	0.09674	0.00354	0.36358
5	0.02797	0.01152	0.10928	0.01043	0.01403	0.04922	0.09076	0.08831	0.02976	0.14059	0.05177	0.12948	0.01420	0.00765	0.02584	0.00163	0.00521	0.02385	0.00387	0.16464
6	0.01023	0.00640	0.00940	0.00829	0.00949	0.00647	0.04829	0.01014	0.00857	0.09358	0.01329	0.03723	0.04842	0.03563	0.01377	0.41676	0.09199	0.05468	0.00299	0.07440
7	0.00829	0.00593	0.00705	0.00653	0.00836	0.00525	0.00495	0.03201	0.01145	0.06548	0.15006	0.14489	0.27427	0.05637	0.03101	0.00194	0.00344	0.05274	0.00442	0.12557

[dist]
# distance from previous block
# <min> <max>
2	8

[block]
# block no. 2 follows, 51 sequences, length 11
# corresponding to MSA columns:
# 165-175
name=unknown_C
#
# <colnr> <probs for GDERKNQSTAVLIFYWHMCP>
#	G	D	E	R	K	N	Q	S	T	A	V	L	I	F	Y	W	H	M	C	P
0	0.03265	0.00496	0.00614	0.00676	0.00771	0.00460	0.00494	0.00835	0.01034	0.04835	0.05188	0.47508	0.19975	0.01363	0.00606	0.00191	0.00305	0.10489	0.00460	0.00434
1	0.01456	0.21538	0.01648	0.01094	0.01354	0.24767	0.00905	0.09692	0.12166	0.01522	0.00960	0.01087	0.00795	0.00586	0.00645	0.00146	0.16096	0.00376	0.02537	0.00633
2	0.01281	0.13341	0.08830	0.12007	0.03478	0.04646	0.03512	0.17486	0.06079	0.01807	0.00980	0.01119	0.00762	0.00474	0.00432	0.00126	0.00542	0.00375	0.00312	0.22411
3	0.09795	0.11113	0.02943	0.01088	0.01391	0.39083	0.03738	0.06619	0.02802	0.08326	0.06017	0.02920	0.01021	0.00559	0.00442	0.00136	0.00664	0.00404	0.00326	0.00613
4	0.01387	0.01426	0.01116	0.01015	0.01225	0.31864	0.00758	0.12302	0.15598	0.01598	0.01428	0.12670	0.01341	0.10935	0.02971	0.00209	0.00625	0.00582	0.00366	0.00584
5	0.00819	0.00537	0.00653	0.00604	0.00766	0.00475	0.00460	0.01009	0.01297	0.10230	0.44719	0.03827	0.30667	0.01046	0.00571	0.00158	0.00258	0.00898	0.00518	0.00487
6	0.00724	0.00551	0.00741	0.00800	0.00845	0.00590	0.00604	0.00839	0.00941	0.01267	0.02284	0.42077	0.02637	0.11271	0.00991	0.00242	0.10426	0.21346	0.00406	0.00418
7	0.01149	0.52216	0.06886	0.10823	0.01490	0.01549	0.00905	0.01339	0.00957	0.01185	0.00832	0.01161	0.00771	0.08396	0.04058	0.00182	0.02856	0.00350	0.00224	0.02671
8	0.00702	0.00527	0.00790	0.00790	0.00878	0.00614	0.00614	0.00878	0.00790	0.01141	0.01316	0.01931	0.01229	0.03686	0.80782	0.00790	0.01316	0.00527	0.00263	0.00439
9	0.00724	0.00487	0.00568	0.00582	0.00596	0.00487	0.00359	0.00752	0.00766	0.01017	0.01679	0.03503	0.01915	0.72678	0.02276	0.00446	0.00473	0.10058	0.00317	0.00317
10	0.01831	0.00939	0.01156	0.06085	0.01367	0.00939	0.00768	0.24125	0.01585	0.40796	0.01599	0.01530	0.01076	0.00590	0.00471	0.00146	0.00441	0.00470	0.13324	0.00760

[dist]
# distance from previous block
# <min> <max>
0	2

[block]
# block no. 3 follows, 51 sequences, length 19
# corresponding to MSA columns:
# 178-185,196-206
name=unknown_D
#
# <colnr> <probs for GDERKNQSTAVLIFYWHMCP>
#	G	D	E	R	K	N	Q	S	T	A	V	L	I	F	Y	W	H	M	C	P
0	0.06080	0.01258	0.16724	0.01126	0.03392	0.02101	0.06687	0.18353	0.04053	0.07388	0.01582	0.17719	0.02868	0.00935	0.04734	0.00199	0.00562	0.03205	0.00385	0.00648
1	0.01856	0.01742	0.01444	0.01182	0.01522	0.31549	0.00940	0.49202	0.01963	0.02379	0.01021	0.01069	0.00759	0.00558	0.00473	0.00140	0.00672	0.00395	0.00401	0.00735
2	0.01044	0.00831	0.00980	0.00740	0.01121	0.00659	0.00584	0.01311	0.04855	0.05625	0.05598	0.06449	0.01176	0.00503	0.00406	0.00094	0.00355	0.00419	0.00342	0.66906
3	0.00715	0.00476	0.00536	0.00536	0.00536	0.00476	0.00298	0.00715	0.00715	0.00953	0.01548	0.03216	0.01787	0.82729	0.02501	0.00476	0.00476	0.00715	0.00298	0.00298
4	0.00714	0.00503	0.00691	0.00691	0.00743	0.00555	0.00492	0.00807	0.00755	0.01059	0.01375	0.02366	0.01408	0.31759	0.48735	0.05138	0.00970	0.00588	0.00273	0.00377
5	0.01287	0.76351	0.09010	0.00887	0.01333	0.01878	0.00922	0.01479	0.01002	0.01189	0.00700	0.00809	0.00630	0.00424	0.00328	0.00109	0.00542	0.00271	0.00210	0.00639
6	0.01076	0.00871	0.01364	0.29639	0.10268	0.00980	0.04323	0.01326	0.02706	0.08432	0.05700	0.01782	0.03811	0.00722	0.00752	0.05963	0.11256	0.04365	0.00304	0.04361
7	0.01353	0.01202	0.01242	0.01148	0.05444	0.08664	0.01976	0.15591	0.47228	0.02101	0.04698	0.03110	0.01428	0.00662	0.00502	0.00160	0.00472	0.01819	0.00458	0.00743
8	0.01383	0.00928	0.00978	0.00809	0.01065	0.01008	0.00649	0.37360	0.06604	0.02441	0.01430	0.01526	0.01076	0.00587	0.00423	0.00133	0.00386	0.00457	0.40104	0.00656
9	0.01713	0.02051	0.01318	0.01241	0.04452	0.65593	0.00905	0.05094	0.01382	0.01367	0.00875	0.01014	0.00715	0.00514	0.00436	0.00127	0.00789	0.00342	0.09493	0.00577
10	0.01836	0.02342	0.01393	0.01266	0.01519	0.80756	0.00950	0.01962	0.01393	0.01203	0.00760	0.00886	0.00633	0.00506	0.00443	0.00127	0.00886	0.00317	0.00253	0.00570
11	0.13247	0.01848	0.39441	0.01282	0.01825	0.06833	0.11414	0.01718	0.01115	0.15217	0.01043	0.01141	0.00730	0.00486	0.00462	0.00154	0.00649	0.00397	0.00299	0.00698
12	0.04589	0.00833	0.01107	0.00928	0.01129	0.01990	0.09783	0.09334	0.06537	0.01786	0.25287	0.02754	0.15558	0.06095	0.00781	0.00185	0.08671	0.01694	0.00420	0.00541
13	0.00695	0.00484	0.00603	0.00632	0.00725	0.00444	0.00447	0.00822	0.01073	0.04748	0.18953	0.36704	0.20388	0.06607	0.04141	0.00224	0.00328	0.01092	0.00462	0.00430
14	0.01023	0.00898	0.03324	0.32416	0.20923	0.00943	0.01117	0.01328	0.04063	0.05961	0.04720	0.01930	0.06129	0.07995	0.03241	0.00208	0.00572	0.02315	0.00301	0.00593
15	0.01093	0.00895	0.01161	0.02781	0.01302	0.06925	0.09339	0.05464	0.05299	0.07787	0.03845	0.04997	0.10105	0.00995	0.00638	0.00188	0.03974	0.32239	0.00419	0.00554
16	0.01151	0.01299	0.02679	0.11888	0.02639	0.03548	0.66158	0.01546	0.01145	0.01524	0.00972	0.01311	0.00731	0.00426	0.00565	0.00164	0.00809	0.00555	0.00245	0.00646
17	0.06515	0.01078	0.01337	0.26084	0.01992	0.09626	0.04530	0.09615	0.01296	0.26324	0.01297	0.01524	0.00945	0.02499	0.00534	0.00163	0.00575	0.03011	0.00389	0.00666
18	0.02037	0.00767	0.01116	0.05195	0.01276	0.03668	0.13672	0.04302	0.01143	0.04821	0.05951	0.28643	0.16804	0.01066	0.00583	0.00178	0.00442	0.07417	0.00410	0.00507

[dist]
# distance from previous block
# <min> <max>
0	15

[block]
# block no. 4 follows, 51 sequences, length 7
# corresponding to MSA columns:
# 258-264
name=unknown_E
#
# <colnr> <probs for GDERKNQSTAVLIFYWHMCP>
#	G	D	E	R	K	N	Q	S	T	A	V	L	I	F	Y	W	H	M	C	P
0	0.05793	0.20526	0.08675	0.00872	0.01173	0.05266	0.00769	0.05476	0.10672	0.03212	0.01146	0.01596	0.01041	0.20058	0.00939	0.00213	0.03195	0.00442	0.00306	0.08633
1	0.00913	0.01086	0.14661	0.01002	0.05581	0.03984	0.02653	0.01175	0.02638	0.01471	0.05591	0.20058	0.03908	0.06293	0.00630	0.00165	0.00454	0.03001	0.00336	0.24401
2	0.07273	0.06942	0.22744	0.04396	0.01598	0.01238	0.01113	0.20090	0.05380	0.10397	0.05463	0.01310	0.01005	0.00587	0.00572	0.00156	0.08235	0.00432	0.00361	0.00707
3	0.01037	0.05628	0.13494	0.15532	0.02017	0.01252	0.17945	0.01364	0.03361	0.01387	0.03060	0.05346	0.00930	0.00648	0.00838	0.00177	0.24625	0.00510	0.00251	0.00598
4	0.00644	0.00437	0.00549	0.00639	0.00689	0.00409	0.00434	0.00753	0.00966	0.01344	0.02699	0.65400	0.08083	0.01378	0.00583	0.00185	0.00274	0.01235	0.12890	0.00409
5	0.03270	0.01188	0.01319	0.04396	0.10534	0.14316	0.04883	0.15648	0.07520	0.07871	0.02994	0.18335	0.01434	0.00766	0.00550	0.00161	0.03137	0.00646	0.00390	0.00645
6	0.03177	0.01391	0.05945	0.05730	0.14582	0.15939	0.16678	0.06117	0.09956	0.06016	0.01276	0.01450	0.03776	0.02353	0.00538	0.00158	0.00637	0.00482	0.03132	0.00668

[dist]
# distance from previous block
# <min> <max>
1	2

[block]
# block no. 5 follows, 51 sequences, length 10
# corresponding to MSA columns:
# 267-276
name=unknown_F
#
# <colnr> <probs for GDERKNQSTAVLIFYWHMCP>
#	G	D	E	R	K	N	Q	S	T	A	V	L	I	F	Y	W	H	M	C	P
0	0.01292	0.01078	0.01354	0.01095	0.01418	0.03549	0.11738	0.13106	0.33253	0.06591	0.08944	0.01867	0.04956	0.00646	0.00509	0.00154	0.00468	0.00565	0.00448	0.06970
1	0.86201	0.00950	0.00722	0.00646	0.00950	0.01102	0.00532	0.01445	0.00836	0.02205	0.00684	0.00798	0.00532	0.00456	0.00304	0.00152	0.00380	0.00266	0.00304	0.00532
2	0.00686	0.00536	0.00628	0.00645	0.00769	0.00502	0.00473	0.00928	0.07601	0.01486	0.17253	0.27281	0.28579	0.03619	0.00645	0.00184	0.00288	0.05120	0.00467	0.02311
3	0.01007	0.02394	0.70813	0.01482	0.02180	0.01154	0.11038	0.01558	0.01052	0.01558	0.00896	0.01072	0.00637	0.00461	0.00481	0.00157	0.00739	0.00389	0.00212	0.00719
4	0.00705	0.00514	0.00728	0.00728	0.00795	0.00581	0.00538	0.00838	0.00772	0.01095	0.01372	0.02241	0.01363	0.22780	0.61872	0.00714	0.01113	0.00572	0.00272	0.00405
5	0.00838	0.00696	0.02187	0.05086	0.01083	0.00677	0.02735	0.06148	0.08450	0.01673	0.17921	0.05526	0.25090	0.01112	0.02981	0.00192	0.00393	0.14497	0.02203	0.00513
6	0.00644	0.00472	0.00609	0.00651	0.00732	0.00430	0.00457	0.00785	0.01105	0.01508	0.28215	0.48433	0.08692	0.01303	0.00600	0.00178	0.00268	0.01168	0.00479	0.03272
7	0.01227	0.00763	0.00905	0.03034	0.01050	0.04405	0.00629	0.08180	0.02947	0.20696	0.14020	0.23450	0.05601	0.03606	0.00707	0.04104	0.02830	0.00807	0.00471	0.00568
8	0.10520	0.06397	0.11316	0.01178	0.01400	0.01247	0.07892	0.01302	0.00884	0.04207	0.00907	0.03758	0.00813	0.01057	0.10791	0.00257	0.34797	0.00451	0.00254	0.00572
9	0.04343	0.06596	0.12790	0.00900	0.01235	0.00938	0.00830	0.09472	0.10593	0.17848	0.26697	0.02104	0.02168	0.00703	0.00499	0.00152	0.00418	0.00581	0.00465	0.00667

[dist]
# distance from previous block
# <min> <max>
3	22

[block]
# block no. 6 follows, 51 sequences, length 13
# corresponding to MSA columns:
# 299-311
name=unknown_G
#
# <colnr> <probs for GDERKNQSTAVLIFYWHMCP>
#	G	D	E	R	K	N	Q	S	T	A	V	L	I	F	Y	W	H	M	C	P
0	0.00623	0.00449	0.00583	0.00655	0.00708	0.00417	0.00447	0.00738	0.01036	0.01397	0.18994	0.58547	0.07346	0.04769	0.00692	0.00200	0.00280	0.01243	0.00468	0.00409
1	0.00749	0.00479	0.00645	0.00645	0.00673	0.00506	0.00433	0.00746	0.00718	0.00985	0.01284	0.02337	0.01354	0.35491	0.27104	0.23964	0.00728	0.00576	0.00264	0.00319
2	0.00672	0.00501	0.00624	0.00593	0.00720	0.00454	0.00445	0.00881	0.01335	0.01837	0.63903	0.03891	0.20222	0.01055	0.00580	0.00157	0.00235	0.00920	0.00523	0.00454
3	0.00598	0.00497	0.00514	0.00510	0.00664	0.00422	0.00378	0.00725	0.01124	0.01366	0.11382	0.04561	0.68996	0.05271	0.00676	0.00180	0.00259	0.01008	0.00456	0.00413
4	0.00964	0.00890	0.01368	0.55445	0.06077	0.03088	0.01199	0.01246	0.01002	0.01341	0.04528	0.01561	0.00957	0.00588	0.00610	0.00166	0.09261	0.03111	0.06057	0.00543
5	0.01164	0.01177	0.05004	0.14819	0.65076	0.01155	0.01499	0.01472	0.01095	0.01551	0.00915	0.01223	0.00754	0.00447	0.00486	0.00149	0.00600	0.00435	0.00238	0.00741
6	0.01115	0.01241	0.02649	0.10485	0.02575	0.01192	0.66309	0.01512	0.01151	0.01558	0.04434	0.01427	0.00907	0.00448	0.00570	0.00165	0.00784	0.00578	0.00258	0.00642
7	0.01077	0.01326	0.15890	0.06354	0.16115	0.01198	0.10308	0.01540	0.12132	0.01520	0.01153	0.04447	0.00996	0.00657	0.00772	0.00176	0.19467	0.03934	0.00284	0.00657
8	0.00903	0.00834	0.01387	0.72916	0.03102	0.01025	0.01269	0.01221	0.01026	0.01332	0.09250	0.01562	0.01080	0.00546	0.00501	0.00163	0.00610	0.00485	0.00253	0.00537
9	0.01170	0.11476	0.15425	0.12950	0.05478	0.05946	0.17742	0.01475	0.01040	0.04861	0.00927	0.02559	0.00752	0.00621	0.02661	0.00176	0.13415	0.00447	0.00247	0.00631
10	0.06958	0.04728	0.01537	0.05053	0.14336	0.08237	0.01011	0.44158	0.01790	0.05888	0.01070	0.01148	0.00790	0.00539	0.00468	0.00145	0.00567	0.00414	0.00400	0.00763
11	0.04990	0.00919	0.01155	0.09776	0.01460	0.00847	0.04066	0.12028	0.01233	0.03664	0.07226	0.03192	0.02832	0.00518	0.00433	0.00114	0.00429	0.00433	0.00344	0.44341
12	0.10365	0.05561	0.14687	0.03225	0.08634	0.02317	0.08369	0.08071	0.18785	0.08083	0.01225	0.01289	0.00910	0.00517	0.00460	0.00149	0.00538	0.00432	0.00353	0.06031

[dist]
# distance from previous block
# <min> <max>
1	47

[block]
# block no. 7 follows, 51 sequences, length 29
# corresponding to MSA columns:
# 359-387
name=unknown_H
#
# <colnr> <probs for GDERKNQSTAVLIFYWHMCP>
#	G	D	E	R	K	N	Q	S	T	A	V	L	I	F	Y	W	H	M	C	P
0	0.01007	0.06834	0.00901	0.00695	0.00901	0.00699	0.00551	0.05883	0.05225	0.11853	0.37281	0.05442	0.18949	0.00933	0.00541	0.00154	0.00310	0.00792	0.00500	0.00551
1	0.01159	0.00991	0.02844	0.07010	0.01382	0.02499	0.03049	0.06410	0.42020	0.05718	0.10285	0.02231	0.10804	0.00735	0.00517	0.00162	0.00416	0.00621	0.00464	0.00683
2	0.00943	0.00759	0.00895	0.00705	0.01024	0.00627	0.00553	0.01237	0.06319	0.03492	0.23113	0.02052	0.06644	0.00622	0.00449	0.00109	0.00323	0.00525	0.00392	0.49219
3	0.00765	0.00636	0.00863	0.00860	0.00951	0.00687	0.03514	0.00991	0.06831	0.01358	0.02559	0.39400	0.12518	0.01263	0.00767	0.00198	0.12687	0.12269	0.00415	0.00468
4	0.08241	0.00892	0.01154	0.00916	0.01254	0.00847	0.03623	0.13065	0.01428	0.50329	0.01793	0.11453	0.01342	0.00701	0.00499	0.00158	0.00432	0.00584	0.00536	0.00753
5	0.01353	0.24856	0.01518	0.00913	0.01206	0.04896	0.00772	0.05693	0.20038	0.13067	0.05712	0.01538	0.01250	0.02520	0.09063	0.00217	0.03883	0.00458	0.00381	0.00664
6	0.00714	0.00517	0.00770	0.00770	0.00848	0.00595	0.00589	0.00854	0.00776	0.01113	0.01290	0.01942	0.01220	0.06278	0.72131	0.07170	0.01220	0.00526	0.00261	0.00417
7	0.00707	0.00507	0.00693	0.00693	0.00747	0.00562	0.00493	0.00815	0.00761	0.01069	0.01405	0.02423	0.01442	0.33948	0.50811	0.00670	0.00995	0.00599	0.00276	0.00385
8	0.00626	0.00497	0.00562	0.00552	0.00693	0.00433	0.00411	0.00790	0.01217	0.01572	0.33497	0.07497	0.47583	0.01164	0.00582	0.00163	0.00244	0.00995	0.00489	0.00433
9	0.00634	0.00481	0.00585	0.00610	0.00716	0.00433	0.00445	0.00787	0.01160	0.01532	0.29791	0.27569	0.28125	0.01254	0.00598	0.00174	0.00262	0.03929	0.00485	0.00428
10	0.36348	0.14249	0.01254	0.00848	0.01162	0.09638	0.00714	0.01720	0.01057	0.21174	0.01001	0.01044	0.00737	0.00524	0.00466	0.00147	0.06597	0.00340	0.00352	0.00628
11	0.49037	0.08535	0.25753	0.00908	0.01357	0.01173	0.00968	0.01518	0.00935	0.04852	0.00793	0.00905	0.00595	0.00462	0.00363	0.00149	0.00502	0.00305	0.00277	0.00613
12	0.01325	0.01274	0.01215	0.02739	0.07186	0.20647	0.03033	0.14174	0.14943	0.01892	0.16332	0.01899	0.05081	0.00671	0.00496	0.00147	0.00524	0.00547	0.05244	0.00634
13	0.00632	0.00500	0.00568	0.00551	0.00695	0.00436	0.00413	0.00804	0.01240	0.01612	0.37948	0.04260	0.46317	0.01138	0.00580	0.00161	0.00241	0.00971	0.00494	0.00436
14	0.00715	0.00547	0.00814	0.00808	0.00890	0.00646	0.00629	0.00885	0.00792	0.01146	0.01327	0.04118	0.01260	0.03508	0.75254	0.00749	0.04657	0.00547	0.00267	0.00442
15	0.01074	0.01140	0.02370	0.01824	0.04643	0.01079	0.57120	0.01440	0.01152	0.01551	0.01374	0.02325	0.01242	0.00639	0.00600	0.00179	0.00731	0.18602	0.00297	0.00616
16	0.02017	0.00781	0.01041	0.00814	0.01155	0.00684	0.00667	0.02213	0.01352	0.68633	0.01890	0.01696	0.01223	0.00603	0.00472	0.00147	0.00391	0.00489	0.12950	0.00781
17	0.01019	0.00873	0.01019	0.00728	0.01165	0.00655	0.00582	0.01237	0.01019	0.01601	0.00873	0.01019	0.00728	0.00364	0.00364	0.00073	0.00364	0.00291	0.00291	0.85734
18	0.01428	0.34118	0.02000	0.04126	0.01551	0.01526	0.10332	0.15212	0.15728	0.07642	0.01155	0.01204	0.00887	0.00512	0.00433	0.00137	0.00537	0.00412	0.00348	0.00710
19	0.00727	0.00491	0.00618	0.00667	0.00750	0.00456	0.00468	0.00864	0.02744	0.05857	0.09065	0.48847	0.14304	0.07748	0.00755	0.00210	0.00307	0.04229	0.00460	0.00434
20	0.17339	0.00726	0.00826	0.00731	0.00927	0.00770	0.00570	0.05655	0.01062	0.18611	0.01459	0.07093	0.01241	0.09583	0.10789	0.00265	0.04864	0.00526	0.16407	0.00556
21	0.04027	0.24645	0.01709	0.01083	0.03696	0.15238	0.00886	0.26113	0.08766	0.07712	0.01077	0.01105	0.00822	0.00528	0.00429	0.00134	0.00570	0.00379	0.00367	0.00716
22	0.00729	0.00510	0.00653	0.00625	0.00750	0.00470	0.00468	0.00930	0.01288	0.04706	0.56159	0.09305	0.14909	0.01207	0.04907	0.00194	0.00304	0.00912	0.00510	0.00465
23	0.00652	0.00487	0.00589	0.00622	0.00715	0.00447	0.00452	0.00785	0.01081	0.01414	0.19563	0.23454	0.25586	0.12107	0.00859	0.00220	0.00308	0.09798	0.00453	0.00410
24	0.14334	0.01488	0.01405	0.04173	0.01554	0.25437	0.08164	0.18356	0.05520	0.13284	0.01102	0.01158	0.00803	0.00531	0.00458	0.00146	0.00628	0.00404	0.00375	0.00679
25	0.01870	0.01399	0.01381	0.01098	0.01461	0.12424	0.00890	0.49395	0.07790	0.15306	0.01307	0.01269	0.00920	0.00587	0.00486	0.00147	0.00558	0.00442	0.00478	0.00794
26	0.00961	0.00907	0.01533	0.72573	0.12102	0.01100	0.01381	0.01284	0.00998	0.01296	0.00879	0.01299	0.00669	0.00485	0.00491	0.00162	0.00647	0.00437	0.00221	0.00572
27	0.00668	0.00492	0.00611	0.00670	0.00773	0.00450	0.00506	0.00810	0.01086	0.02601	0.10381	0.33411	0.27030	0.01346	0.00617	0.00190	0.00307	0.17157	0.00466	0.00428
28	0.08295	0.00722	0.04052	0.00922	0.06836	0.00658	0.00653	0.05247	0.02629	0.06228	0.05724	0.43830	0.06555	0.01130	0.00557	0.00178	0.00359	0.03114	0.00430	0.01880

[dist]
# distance from previous block
# <min> <max>
0	21

[block]
# block no. 8 follows, 51 sequences, length 16
# corresponding to MSA columns:
# 409-424
name=unknown_I
#
# <colnr> <probs for GDERKNQSTAVLIFYWHMCP>
#	G	D	E	R	K	N	Q	S	T	A	V	L	I	F	Y	W	H	M	C	P
0	0.04391	0.01213	0.01341	0.15413	0.01762	0.05701	0.00948	0.35367	0.17841	0.09006	0.01322	0.01353	0.00953	0.00581	0.00485	0.00154	0.00533	0.00457	0.00435	0.00747
1	0.01502	0.00833	0.00981	0.00824	0.01112	0.00822	0.00664	0.11062	0.15445	0.31517	0.02469	0.02442	0.16866	0.00775	0.00510	0.00158	0.00382	0.04134	0.06806	0.00696
2	0.00914	0.00627	0.00799	0.06680	0.01042	0.00625	0.00595	0.05640	0.05207	0.08175	0.28211	0.16158	0.10603	0.06704	0.00705	0.00191	0.00347	0.05793	0.00473	0.00511
3	0.01076	0.04962	0.06322	0.01018	0.01189	0.03965	0.00857	0.09163	0.10709	0.01549	0.06600	0.07998	0.01396	0.07172	0.09820	0.00267	0.24463	0.00570	0.00332	0.00571
4	0.10376	0.01229	0.01281	0.01046	0.01332	0.10330	0.02412	0.28938	0.01495	0.09224	0.01132	0.05526	0.00922	0.00742	0.03393	0.00175	0.12043	0.00457	0.00385	0.07561
5	0.00608	0.00469	0.00555	0.00619	0.00710	0.00420	0.00442	0.00719	0.01024	0.01293	0.03623	0.42160	0.35134	0.03457	0.00659	0.00194	0.00287	0.06767	0.00452	0.00407
6	0.01292	0.04051	0.03295	0.11369	0.09600	0.06058	0.26131	0.12849	0.15079	0.01800	0.01144	0.01327	0.00870	0.00513	0.00536	0.00158	0.02418	0.00491	0.00322	0.00697
7	0.01580	0.01391	0.01729	0.01915	0.31397	0.13005	0.06486	0.25441	0.02835	0.07807	0.01077	0.01208	0.00817	0.00510	0.00489	0.00146	0.00617	0.00437	0.00353	0.00762
8	0.01802	0.00832	0.01058	0.00852	0.01164	0.00780	0.00681	0.08168	0.08401	0.52131	0.05487	0.05182	0.03968	0.06377	0.00646	0.00178	0.00410	0.00582	0.00554	0.00746
9	0.00702	0.00502	0.00578	0.00591	0.00639	0.00492	0.00375	0.00824	0.04881	0.01197	0.08857	0.18339	0.11234	0.46764	0.01658	0.00345	0.00389	0.00888	0.00377	0.00369
10	0.05140	0.14687	0.16092	0.01212	0.06640	0.02818	0.04513	0.14334	0.17092	0.03491	0.01144	0.01205	0.00871	0.00510	0.00443	0.00140	0.00538	0.00405	0.00340	0.08386
11	0.01189	0.02868	0.26486	0.01142	0.04277	0.00938	0.04733	0.01708	0.14639	0.15935	0.04635	0.11498	0.06354	0.00722	0.00512	0.00162	0.00506	0.00619	0.00393	0.00683
12	0.01634	0.00740	0.00981	0.00829	0.01103	0.00675	0.00665	0.03325	0.05245	0.48149	0.12514	0.12625	0.02065	0.00840	0.00537	0.00165	0.00379	0.06270	0.00560	0.00698
13	0.05251	0.08609	0.03670	0.08144	0.01625	0.09934	0.09553	0.20874	0.05682	0.06835	0.04394	0.04453	0.01165	0.00623	0.00485	0.00152	0.00566	0.04411	0.02911	0.00662
14	0.01584	0.07867	0.18133	0.01140	0.01591	0.09492	0.01080	0.38223	0.03593	0.05858	0.01072	0.01119	0.00781	0.00531	0.00461	0.00140	0.00594	0.00395	0.00379	0.05967
15	0.00852	0.06748	0.01042	0.01009	0.09128	0.03285	0.03397	0.01026	0.00989	0.01356	0.08910	0.16046	0.03787	0.08315	0.22074	0.00354	0.00662	0.04603	0.05929	0.00486

[dist]
# distance from previous block
# <min> <max>
19	82

[block]
# block no. 9 follows, 51 sequences, length 12
# corresponding to MSA columns:
# 538-545,549-552
name=unknown_J
#
# <colnr> <probs for GDERKNQSTAVLIFYWHMCP>
#	G	D	E	R	K	N	Q	S	T	A	V	L	I	F	Y	W	H	M	C	P
0	0.12692	0.06452	0.06592	0.02674	0.10284	0.03481	0.07861	0.05603	0.06651	0.10607	0.07524	0.07116	0.01341	0.04097	0.00555	0.00163	0.00496	0.00529	0.00363	0.04918
1	0.01305	0.01387	0.15588	0.01444	0.15721	0.08218	0.03459	0.04130	0.20582	0.11404	0.01578	0.04267	0.04968	0.00705	0.02895	0.00175	0.00569	0.00519	0.00373	0.00715
2	0.04552	0.03463	0.23568	0.01268	0.05197	0.17200	0.04438	0.11583	0.07267	0.07061	0.01143	0.05358	0.00910	0.00562	0.00470	0.00147	0.00630	0.00445	0.00327	0.04411
3	0.01437	0.01051	0.04644	0.05505	0.08095	0.01019	0.00877	0.12742	0.22053	0.18918	0.01541	0.02693	0.01173	0.04948	0.00590	0.00166	0.00464	0.01659	0.00438	0.09986
4	0.11411	0.08049	0.01308	0.01035	0.05327	0.04568	0.00800	0.29129	0.11168	0.04535	0.03739	0.01516	0.06357	0.00692	0.02790	0.00161	0.00497	0.00463	0.00407	0.06046
5	0.01463	0.15180	0.04919	0.07898	0.01580	0.09907	0.00936	0.22931	0.21536	0.03870	0.01231	0.01262	0.00932	0.00551	0.00453	0.00142	0.00544	0.00420	0.00381	0.03865
6	0.01143	0.01059	0.09809	0.00975	0.04485	0.06702	0.00788	0.06121	0.07354	0.11061	0.03083	0.17909	0.06723	0.07045	0.03471	0.00202	0.01318	0.01775	0.00393	0.08584
7	0.00871	0.04080	0.00967	0.03355	0.11985	0.00736	0.00657	0.04305	0.05084	0.01450	0.13444	0.08057	0.09276	0.23801	0.06744	0.00293	0.00485	0.03550	0.00368	0.00492
8	0.01153	0.04912	0.15308	0.01453	0.01879	0.03807	0.33626	0.01489	0.01116	0.08699	0.01312	0.11111	0.01153	0.00733	0.03500	0.00184	0.00682	0.03417	0.00308	0.04158
9	0.01129	0.20146	0.03080	0.20053	0.05029	0.01119	0.00909	0.05173	0.05161	0.07547	0.06592	0.11104	0.03680	0.00694	0.00474	0.00149	0.00483	0.02812	0.00342	0.04324
10	0.05461	0.04872	0.14177	0.02492	0.13035	0.05399	0.13501	0.06344	0.14769	0.04651	0.01217	0.01484	0.00967	0.00551	0.00509	0.00155	0.02109	0.04315	0.00326	0.03665
11	0.03591	0.05137	0.01475	0.56567	0.09283	0.01105	0.01226	0.01250	0.00997	0.01341	0.04819	0.04769	0.00966	0.00571	0.00546	0.00163	0.04904	0.00485	0.00248	0.00559

[dist]
# distance from previous block
# <min> <max>
0	3

[block]
# block no. 10 follows, 51 sequences, length 19
# corresponding to MSA columns:
# 556-574
name=unknown_K
#
# <colnr> <probs for GDERKNQSTAVLIFYWHMCP>
#	G	D	E	R	K	N	Q	S	T	A	V	L	I	F	Y	W	H	M	C	P
0	0.00800	0.00609	0.00734	0.00707	0.00845	0.00598	0.00517	0.04133	0.11497	0.01717	0.31836	0.26573	0.06053	0.05130	0.00662	0.00181	0.00302	0.00938	0.00478	0.05690
1	0.01182	0.43293	0.05256	0.05770	0.01303	0.03550	0.00824	0.01358	0.01034	0.07453	0.01322	0.16216	0.01329	0.02569	0.00481	0.00149	0.00494	0.05530	0.00306	0.00583
2	0.02529	0.02765	0.18433	0.04215	0.01483	0.00961	0.04447	0.02451	0.10832	0.14546	0.06584	0.05869	0.04385	0.00773	0.00625	0.00173	0.07811	0.10085	0.00390	0.00643
3	0.00808	0.04361	0.24572	0.03909	0.01286	0.00760	0.00921	0.04414	0.01062	0.01434	0.02302	0.36026	0.14122	0.01047	0.00549	0.00174	0.00446	0.00908	0.00365	0.00533
4	0.01012	0.00669	0.00815	0.00798	0.00937	0.00672	0.00583	0.16140	0.03347	0.08811	0.02318	0.56874	0.02542	0.01244	0.00585	0.00184	0.00350	0.01104	0.00478	0.00535
5	0.08598	0.00951	0.00964	0.07239	0.02206	0.12434	0.01659	0.06609	0.02874	0.10692	0.02670	0.19875	0.04045	0.13984	0.00831	0.00214	0.00490	0.02746	0.00386	0.00532
6	0.01393	0.22143	0.18126	0.04290	0.01650	0.11901	0.05274	0.13934	0.04735	0.06091	0.01073	0.03647	0.00870	0.00548	0.00449	0.00142	0.00618	0.02123	0.00311	0.00681
7	0.00647	0.00479	0.00597	0.00661	0.00733	0.00451	0.00458	0.00808	0.05012	0.01359	0.10170	0.54689	0.15922	0.01402	0.00660	0.03582	0.00285	0.01207	0.00457	0.00420
8	0.01096	0.00949	0.06008	0.08463	0.04326	0.00938	0.05682	0.09752	0.05982	0.07794	0.08113	0.11622	0.04007	0.06711	0.04288	0.00221	0.09421	0.03661	0.00378	0.00587
9	0.01172	0.01970	0.05085	0.20449	0.06344	0.06292	0.04976	0.06816	0.03496	0.10746	0.01779	0.08180	0.08947	0.03957	0.00605	0.00178	0.00541	0.07510	0.00362	0.00596
10	0.01220	0.01187	0.04597	0.22280	0.42599	0.05086	0.05599	0.01517	0.01104	0.06262	0.00959	0.01247	0.00756	0.00477	0.00524	0.00153	0.03036	0.00440	0.00258	0.00698
11	0.00771	0.04656	0.00836	0.00748	0.00813	0.00694	0.00559	0.00873	0.00828	0.01130	0.01674	0.09523	0.04559	0.29974	0.24117	0.00461	0.09088	0.07980	0.00309	0.00407
12	0.27910	0.10000	0.01152	0.00763	0.01139	0.00982	0.01985	0.01358	0.00960	0.03478	0.00810	0.00946	0.00664	0.00424	0.00393	0.00110	0.03433	0.00295	0.00290	0.42908
13	0.05393	0.12991	0.03026	0.00849	0.01171	0.08790	0.00705	0.01448	0.05731	0.07198	0.04307	0.08560	0.02262	0.01689	0.00507	0.00128	0.04485	0.00466	0.00333	0.29958
14	0.01155	0.03704	0.26961	0.04285	0.12712	0.03211	0.05880	0.01534	0.03297	0.08339	0.02133	0.05228	0.00935	0.00517	0.00464	0.00138	0.00570	0.00446	0.00294	0.18196
15	0.00836	0.06404	0.00888	0.00715	0.00867	0.00696	0.00543	0.04013	0.02097	0.01367	0.11626	0.04630	0.03257	0.20640	0.27125	0.00425	0.00699	0.01984	0.00332	0.10857
16	0.06184	0.03559	0.00884	0.00757	0.00995	0.00680	0.00616	0.01263	0.05564	0.09800	0.08428	0.08734	0.12334	0.00988	0.02799	0.00176	0.00393	0.17794	0.00424	0.17629
17	0.06444	0.30945	0.01954	0.01170	0.06677	0.01334	0.13539	0.06947	0.01150	0.05040	0.03690	0.04011	0.00942	0.00495	0.00418	0.00126	0.00523	0.00417	0.00295	0.13882
18	0.01139	0.06472	0.26213	0.01231	0.01717	0.03229	0.15606	0.01506	0.02377	0.07394	0.01122	0.02402	0.00922	0.03772	0.00553	0.00153	0.00602	0.04439	0.00289	0.18862

[dist]
# distance from previous block
# <min> <max>
0	1

[block]
# block no. 11 follows, 51 sequences, length 12
# corresponding to MSA columns:
# 576-587
name=unknown_L
#
# <colnr> <probs for GDERKNQSTAVLIFYWHMCP>
#	G	D	E	R	K	N	Q	S	T	A	V	L	I	F	Y	W	H	M	C	P
0	0.01303	0.01328	0.06976	0.02811	0.04859	0.15762	0.17074	0.03996	0.02102	0.09618	0.03814	0.01560	0.03342	0.07391	0.02501	0.00185	0.04071	0.00488	0.00318	0.10499
1	0.15814	0.03568	0.04193	0.00888	0.01218	0.09644	0.05299	0.03497	0.07188	0.01677	0.04720	0.04027	0.04354	0.05410	0.00546	0.00147	0.00471	0.00452	0.00327	0.26560
2	0.08658	0.07748	0.23703	0.01115	0.07891	0.00939	0.01009	0.01412	0.04564	0.09521	0.01700	0.18629	0.07120	0.00765	0.00486	0.00158	0.00482	0.00642	0.00347	0.03111
3	0.15097	0.01028	0.04375	0.03492	0.16135	0.01012	0.07052	0.04697	0.15242	0.05046	0.05704	0.04627	0.04541	0.00708	0.02868	0.00173	0.00496	0.01613	0.00363	0.05732
4	0.21087	0.01246	0.12512	0.01044	0.03968	0.06424	0.06305	0.03896	0.04578	0.03467	0.04250	0.01252	0.00929	0.00818	0.08849	0.00203	0.00598	0.00394	0.00305	0.17875
5	0.03676	0.02918	0.13098	0.02660	0.05039	0.06215	0.05971	0.04648	0.04584	0.12165	0.19309	0.04396	0.05486	0.00688	0.00519	0.00150	0.01707	0.00583	0.00397	0.05791
6	0.09497	0.01118	0.04142	0.00850	0.01228	0.09398	0.02258	0.07134	0.03622	0.01734	0.03703	0.01382	0.06567	0.00504	0.00412	0.00109	0.00447	0.00393	0.00326	0.45175
7	0.11941	0.00995	0.06683	0.00999	0.04769	0.00891	0.05332	0.11865	0.04785	0.04691	0.20824	0.04870	0.01925	0.00687	0.00487	0.00146	0.00424	0.03757	0.00405	0.13525
8	0.01394	0.07550	0.25036	0.01290	0.08393	0.06872	0.02574	0.12204	0.06842	0.13273	0.05906	0.01358	0.01066	0.00544	0.00471	0.00145	0.00575	0.00436	0.00356	0.03714
9	0.04957	0.07313	0.15789	0.01002	0.01344	0.05502	0.06565	0.04597	0.07136	0.06367	0.06113	0.05252	0.04593	0.11715	0.00771	0.00191	0.02351	0.00539	0.00337	0.07564
10	0.05502	0.06920	0.14448	0.01254	0.11615	0.04415	0.02723	0.05474	0.06147	0.07535	0.03199	0.04928	0.09920	0.00671	0.00545	0.00152	0.05296	0.02541	0.00341	0.06371
11	0.05009	0.12020	0.14417	0.05155	0.08557	0.02863	0.08949	0.03514	0.04373	0.08063	0.06828	0.07689	0.02508	0.03495	0.00547	0.00160	0.00536	0.00535	0.00328	0.04455

[dist]
# distance from previous block
# <min> <max>
13	108

# created by:
# /st0/software/busco_prod/Augustus/scripts/msa2prfl.pl ./align_prep/1251252.fa
