[name]
unknown

[dist]
# distance from previous block
# <min> <max>
4	17

[block]
# block no. 0 follows, 64 sequences, length 11
# corresponding to MSA columns:
# 54-64
name=unknown_A
#
# <colnr> <probs for GDERKNQSTAVLIFYWHMCP>
#	G	D	E	R	K	N	Q	S	T	A	V	L	I	F	Y	W	H	M	C	P
0	0.00923	0.05280	0.44085	0.00956	0.01377	0.00835	0.03221	0.01260	0.02470	0.11243	0.03053	0.05140	0.08182	0.03838	0.00508	0.00142	0.03282	0.00436	0.00263	0.03508
1	0.01284	0.30142	0.05025	0.00932	0.03911	0.12125	0.03739	0.12452	0.08390	0.11357	0.00903	0.00945	0.00695	0.00431	0.00379	0.00112	0.02436	0.00318	0.00283	0.04143
2	0.02775	0.00478	0.00571	0.00536	0.00670	0.00431	0.00398	0.02626	0.01017	0.05652	0.32701	0.17497	0.21303	0.03708	0.00525	0.00143	0.00240	0.00772	0.00401	0.07555
3	0.22165	0.00999	0.01035	0.00872	0.03817	0.03225	0.00687	0.41083	0.05043	0.08984	0.03215	0.01092	0.02510	0.00498	0.00409	0.00128	0.02894	0.00364	0.00368	0.00612
4	0.31747	0.00956	0.00920	0.10935	0.01228	0.09431	0.00651	0.16773	0.01076	0.08950	0.00824	0.00914	0.00612	0.00422	0.00340	0.00118	0.00417	0.00301	0.03416	0.09969
5	0.00984	0.00861	0.01307	0.06902	0.24210	0.03204	0.12264	0.05013	0.10460	0.05024	0.08015	0.02547	0.03919	0.01613	0.00482	0.00135	0.03238	0.02314	0.06953	0.00555
6	0.01172	0.01079	0.01189	0.00957	0.01243	0.13280	0.11362	0.19528	0.22234	0.03277	0.01350	0.02701	0.07087	0.00517	0.00416	0.00123	0.00457	0.00435	0.00339	0.11258
7	0.01042	0.01071	0.01769	0.11762	0.18374	0.09220	0.34487	0.02859	0.00991	0.04052	0.00914	0.01132	0.02954	0.00395	0.00436	0.00127	0.00585	0.00416	0.00228	0.07185
8	0.00679	0.00473	0.00586	0.00595	0.00696	0.00458	0.00434	0.00931	0.10862	0.06431	0.24414	0.38156	0.10043	0.01012	0.00496	0.00150	0.00246	0.02501	0.00418	0.00417
9	0.01022	0.01003	0.01779	0.02452	0.72966	0.00995	0.11045	0.01282	0.00950	0.01354	0.00789	0.01039	0.00655	0.00368	0.00421	0.00125	0.00519	0.00385	0.00206	0.00646
10	0.01580	0.01094	0.01158	0.00909	0.01224	0.05677	0.00743	0.54006	0.09500	0.18025	0.01169	0.01118	0.00813	0.00504	0.00414	0.00126	0.00441	0.00386	0.00424	0.00689

[dist]
# distance from previous block
# <min> <max>
0	5

[block]
# block no. 1 follows, 64 sequences, length 18
# corresponding to MSA columns:
# 70-87
name=unknown_B
#
# <colnr> <probs for GDERKNQSTAVLIFYWHMCP>
#	G	D	E	R	K	N	Q	S	T	A	V	L	I	F	Y	W	H	M	C	P
0	0.01617	0.01103	0.01209	0.00927	0.01258	0.01199	0.00766	0.70941	0.01852	0.13246	0.01082	0.01052	0.00749	0.00501	0.00416	0.00125	0.00443	0.00380	0.00429	0.00706
1	0.00884	0.00570	0.00696	0.00606	0.00771	0.00551	0.00472	0.11611	0.03404	0.12091	0.52116	0.02652	0.10357	0.00772	0.00469	0.00131	0.00255	0.00663	0.00451	0.00477
2	0.00899	0.00934	0.01806	0.03212	0.01679	0.00936	0.48949	0.01198	0.03803	0.02880	0.07189	0.01600	0.10667	0.00532	0.00600	0.00145	0.11667	0.00534	0.00258	0.00513
3	0.00879	0.00859	0.01530	0.50264	0.25455	0.00958	0.11772	0.01157	0.00883	0.01181	0.00764	0.01087	0.00593	0.00394	0.00424	0.00134	0.00556	0.00385	0.00194	0.00530
4	0.29138	0.00938	0.00978	0.03624	0.03681	0.06908	0.02496	0.17017	0.04337	0.23541	0.02842	0.01064	0.00784	0.00462	0.00366	0.00127	0.00407	0.00345	0.00359	0.00587
5	0.00577	0.00473	0.00514	0.00520	0.00645	0.00445	0.00385	0.00822	0.11634	0.01216	0.07484	0.18872	0.49130	0.02914	0.00527	0.00152	0.00239	0.02672	0.00391	0.00389
6	0.00968	0.00776	0.01282	0.59716	0.15946	0.00892	0.01102	0.01224	0.00897	0.11944	0.00864	0.01135	0.00634	0.00421	0.00415	0.00135	0.00517	0.00376	0.00232	0.00527
7	0.02668	0.01130	0.03264	0.01175	0.04174	0.13490	0.23643	0.11559	0.09847	0.21121	0.01180	0.01214	0.02620	0.00460	0.00431	0.00130	0.00529	0.00419	0.00336	0.00610
8	0.05792	0.02734	0.01523	0.18182	0.32886	0.01017	0.10740	0.12949	0.02934	0.05971	0.00864	0.01057	0.00661	0.00408	0.00411	0.00129	0.00503	0.00379	0.00256	0.00603
9	0.00659	0.00492	0.00577	0.00578	0.00680	0.00476	0.00418	0.11288	0.01029	0.01354	0.13523	0.40022	0.21796	0.04416	0.00563	0.00160	0.00262	0.00919	0.00394	0.00393
10	0.00840	0.00694	0.00698	0.00668	0.00801	0.11473	0.02116	0.03155	0.07112	0.07004	0.12591	0.31082	0.13581	0.00896	0.00466	0.00141	0.00325	0.00775	0.05151	0.00432
11	0.03036	0.17560	0.34652	0.01022	0.02937	0.01043	0.07570	0.04192	0.05811	0.05735	0.00831	0.00926	0.00626	0.00392	0.00367	0.00115	0.00502	0.00315	0.00232	0.12134
12	0.04565	0.02266	0.09446	0.02763	0.03552	0.02014	0.45994	0.03950	0.09983	0.03853	0.02902	0.03133	0.00859	0.00443	0.00455	0.00138	0.00578	0.02278	0.00261	0.00567
13	0.00601	0.00431	0.00603	0.00611	0.00668	0.00474	0.00454	0.00700	0.00678	0.00943	0.01335	0.04235	0.04130	0.19774	0.52576	0.05241	0.00829	0.05138	0.00246	0.00335
14	0.04557	0.00824	0.00957	0.00776	0.05422	0.00721	0.00584	0.13318	0.03900	0.01580	0.00807	0.00908	0.00648	0.00352	0.00332	0.00080	0.00342	0.00279	0.00276	0.63337
15	0.10522	0.06350	0.01929	0.03735	0.04961	0.03452	0.00618	0.05116	0.01659	0.16579	0.03536	0.14260	0.08877	0.00930	0.08442	0.01516	0.06157	0.00538	0.00329	0.00492
16	0.00558	0.03959	0.04981	0.00566	0.00665	0.00434	0.00434	0.00663	0.00836	0.01093	0.04296	0.49175	0.21638	0.06255	0.00594	0.00169	0.00270	0.00961	0.02094	0.00360
17	0.01018	0.06147	0.41870	0.00996	0.03186	0.04850	0.02140	0.08281	0.03521	0.06562	0.00921	0.01019	0.00677	0.00422	0.00374	0.00119	0.00499	0.00329	0.11791	0.05280

[dist]
# distance from previous block
# <min> <max>
1	71

[block]
# block no. 2 follows, 64 sequences, length 6
# corresponding to MSA columns:
# 159-164
name=unknown_C
#
# <colnr> <probs for GDERKNQSTAVLIFYWHMCP>
#	G	D	E	R	K	N	Q	S	T	A	V	L	I	F	Y	W	H	M	C	P
0	0.03664	0.04886	0.00740	0.00645	0.00733	0.00611	0.00499	0.00843	0.02809	0.02819	0.12887	0.10167	0.03909	0.06011	0.25684	0.08031	0.08607	0.02594	0.03478	0.00381
1	0.00603	0.00441	0.00580	0.00582	0.00687	0.00395	0.03744	0.00717	0.00912	0.05375	0.09183	0.39554	0.30643	0.01093	0.00507	0.00153	0.00257	0.03806	0.00390	0.00376
2	0.05015	0.41103	0.21550	0.00897	0.01277	0.18252	0.00916	0.01383	0.04106	0.01137	0.00675	0.00770	0.00557	0.00389	0.00326	0.00107	0.00538	0.00262	0.00198	0.00543
3	0.01035	0.22753	0.13801	0.01055	0.03000	0.03880	0.17226	0.02749	0.04182	0.07756	0.06192	0.04432	0.00962	0.03010	0.00512	0.00134	0.06108	0.00415	0.00255	0.00543
4	0.00578	0.00419	0.00477	0.00490	0.00598	0.00366	0.00353	0.00680	0.00920	0.05363	0.09382	0.26029	0.46888	0.04826	0.00570	0.00158	0.00234	0.00915	0.00392	0.00364
5	0.00575	0.00393	0.00516	0.00569	0.00623	0.00369	0.00412	0.00629	0.00820	0.01071	0.07569	0.37896	0.15699	0.01235	0.00741	0.17298	0.00277	0.12639	0.00350	0.00319

[dist]
# distance from previous block
# <min> <max>
0	1

[block]
# block no. 3 follows, 64 sequences, length 10
# corresponding to MSA columns:
# 166-175
name=unknown_D
#
# <colnr> <probs for GDERKNQSTAVLIFYWHMCP>
#	G	D	E	R	K	N	Q	S	T	A	V	L	I	F	Y	W	H	M	C	P
0	0.01061	0.01032	0.01532	0.02179	0.64389	0.06017	0.01144	0.01452	0.14331	0.01399	0.00923	0.01097	0.00751	0.00406	0.00411	0.00125	0.00482	0.00380	0.00242	0.00647
1	0.00988	0.00946	0.01613	0.16043	0.69632	0.00976	0.01255	0.01240	0.00927	0.01308	0.00774	0.01041	0.00641	0.00378	0.00412	0.00126	0.00503	0.00370	0.00202	0.00626
2	0.01286	0.18232	0.24131	0.00946	0.01357	0.01122	0.03526	0.24879	0.01245	0.16009	0.01022	0.01041	0.02472	0.00451	0.00384	0.00121	0.00482	0.00347	0.00311	0.00634
3	0.02224	0.00914	0.03805	0.03096	0.01255	0.03673	0.12163	0.17360	0.04664	0.08152	0.02494	0.01183	0.00826	0.00875	0.14156	0.00205	0.02210	0.00383	0.01838	0.18527
4	0.00574	0.00400	0.00519	0.00563	0.00622	0.00375	0.00397	0.00681	0.00888	0.03107	0.19746	0.46206	0.08465	0.07444	0.03705	0.00194	0.00283	0.05088	0.00388	0.00356
5	0.03201	0.06399	0.08012	0.22079	0.16740	0.03346	0.00921	0.05720	0.09968	0.01332	0.04425	0.01467	0.07877	0.03599	0.03061	0.00156	0.00478	0.00429	0.00261	0.00529
6	0.00810	0.00651	0.00953	0.01022	0.14379	0.00645	0.06969	0.03148	0.08426	0.06277	0.14102	0.21923	0.14709	0.00811	0.00502	0.00143	0.02966	0.00722	0.00358	0.00483
7	0.03429	0.00520	0.00691	0.14382	0.01048	0.00526	0.00555	0.00923	0.03147	0.06481	0.33818	0.06606	0.16551	0.00821	0.00475	0.00142	0.00296	0.08782	0.00385	0.00421
8	0.01093	0.00990	0.01567	0.10985	0.60876	0.01030	0.01182	0.14465	0.01100	0.01533	0.00812	0.01031	0.00655	0.00396	0.00412	0.00125	0.00494	0.00371	0.00238	0.00645
9	0.00872	0.00524	0.00571	0.00531	0.00657	0.00534	0.00399	0.14160	0.01041	0.04040	0.03567	0.15044	0.04316	0.05802	0.00476	0.00135	0.00263	0.00553	0.46085	0.00432

[dist]
# distance from previous block
# <min> <max>
1	4

[block]
# block no. 4 follows, 64 sequences, length 8
# corresponding to MSA columns:
# 180-187
name=unknown_E
#
# <colnr> <probs for GDERKNQSTAVLIFYWHMCP>
#	G	D	E	R	K	N	Q	S	T	A	V	L	I	F	Y	W	H	M	C	P
0	0.00887	0.00871	0.01304	0.23159	0.09144	0.01154	0.01007	0.01041	0.00716	0.01049	0.00618	0.00972	0.00558	0.00612	0.01025	0.00165	0.54692	0.00366	0.00185	0.00475
1	0.00576	0.00464	0.00508	0.00505	0.00614	0.03006	0.00374	0.00715	0.01000	0.01311	0.30769	0.13018	0.36304	0.01058	0.04110	0.00160	0.00265	0.00811	0.04063	0.00370
2	0.01048	0.03597	0.31360	0.01124	0.01531	0.07660	0.14326	0.10476	0.13615	0.03577	0.03162	0.01216	0.00845	0.02335	0.00457	0.00138	0.00546	0.02123	0.00272	0.00593
3	0.00517	0.00387	0.00481	0.00545	0.00607	0.00352	0.00384	0.00612	0.00868	0.01125	0.07852	0.54424	0.23479	0.01200	0.00520	0.00160	0.00238	0.05513	0.00390	0.00347
4	0.00561	0.00411	0.00546	0.00575	0.00644	0.00416	0.00423	0.00682	0.00811	0.01111	0.10215	0.28113	0.13295	0.04902	0.29526	0.00341	0.00544	0.03005	0.03523	0.00356
5	0.00989	0.00621	0.00734	0.00647	0.00830	0.00622	0.00502	0.09005	0.15398	0.16402	0.26929	0.08877	0.09738	0.00737	0.00449	0.00133	0.00278	0.00628	0.05964	0.00517
6	0.04790	0.10147	0.00829	0.00631	0.00798	0.09016	0.00499	0.05493	0.01063	0.05322	0.25468	0.12666	0.15198	0.00786	0.00439	0.00131	0.00322	0.03545	0.02418	0.00438
7	0.12881	0.22326	0.07224	0.00977	0.05272	0.20137	0.04627	0.08611	0.01026	0.05680	0.00744	0.00849	0.00592	0.00422	0.00389	0.00115	0.04345	0.00295	0.02949	0.00540

[dist]
# distance from previous block
# <min> <max>
1	7

[block]
# block no. 5 follows, 64 sequences, length 8
# corresponding to MSA columns:
# 195-202
name=unknown_F
#
# <colnr> <probs for GDERKNQSTAVLIFYWHMCP>
#	G	D	E	R	K	N	Q	S	T	A	V	L	I	F	Y	W	H	M	C	P
0	0.00886	0.11356	0.19446	0.08189	0.08421	0.02659	0.09221	0.01310	0.13291	0.01378	0.16484	0.01498	0.03076	0.00512	0.00416	0.00128	0.00458	0.00447	0.00279	0.00545
1	0.00699	0.00575	0.00735	0.00607	0.00823	0.00478	0.03649	0.00864	0.00934	0.01345	0.22488	0.12212	0.10036	0.03890	0.02261	0.00129	0.00297	0.00583	0.00330	0.37064
2	0.00540	0.00404	0.00538	0.05472	0.00741	0.00387	0.00432	0.00652	0.00884	0.01176	0.16050	0.54869	0.11655	0.01140	0.00514	0.00158	0.00253	0.03393	0.00386	0.00357
3	0.00610	0.00402	0.00461	0.00472	0.00484	0.00401	0.00282	0.00634	0.00648	0.00885	0.01420	0.08419	0.01611	0.70983	0.01832	0.00360	0.00379	0.04292	0.05152	0.00271
4	0.00597	0.00406	0.00484	0.00486	0.00508	0.00407	0.00301	0.00624	0.00668	0.00897	0.06231	0.06147	0.06054	0.60442	0.10126	0.04004	0.00443	0.00626	0.00271	0.00278
5	0.01006	0.01065	0.01869	0.20512	0.13363	0.07466	0.40357	0.04482	0.00993	0.01306	0.00813	0.01082	0.00624	0.00383	0.00445	0.00133	0.00619	0.00421	0.02514	0.00546
6	0.00945	0.04502	0.02755	0.01072	0.02690	0.00984	0.18698	0.06514	0.07350	0.02876	0.03634	0.01329	0.06414	0.00695	0.05329	0.00168	0.22908	0.00434	0.00261	0.10443
7	0.00776	0.09961	0.01170	0.46362	0.01934	0.00865	0.03231	0.00971	0.00794	0.01021	0.00964	0.04045	0.00911	0.15881	0.02845	0.00199	0.02299	0.05132	0.00215	0.00424

[dist]
# distance from previous block
# <min> <max>
0	5

[block]
# block no. 6 follows, 64 sequences, length 50
# corresponding to MSA columns:
# 208-257
name=unknown_G
#
# <colnr> <probs for GDERKNQSTAVLIFYWHMCP>
#	G	D	E	R	K	N	Q	S	T	A	V	L	I	F	Y	W	H	M	C	P
0	0.59002	0.15595	0.00943	0.00624	0.00892	0.04449	0.00529	0.04757	0.03733	0.01695	0.04113	0.00825	0.00655	0.00413	0.00286	0.00121	0.00361	0.00264	0.00263	0.00482
1	0.03093	0.05156	0.02340	0.03184	0.01057	0.01571	0.01574	0.01194	0.04787	0.08898	0.00971	0.01067	0.03267	0.01352	0.00377	0.01634	0.00342	0.00305	0.00276	0.57555
2	0.00613	0.00415	0.00549	0.00553	0.00605	0.00414	0.00382	0.00646	0.00692	0.00945	0.03962	0.17363	0.06311	0.21443	0.21047	0.18088	0.00512	0.00626	0.00269	0.04563
3	0.00586	0.00430	0.00553	0.00587	0.00664	0.00425	0.00449	0.00709	0.00843	0.01115	0.08270	0.13484	0.17885	0.13975	0.16355	0.00293	0.00455	0.21098	0.01474	0.00350
4	0.00861	0.00738	0.00861	0.00615	0.00984	0.00554	0.00492	0.01046	0.00861	0.01354	0.00738	0.00861	0.00615	0.00308	0.00308	0.00062	0.00308	0.00246	0.00246	0.87941
5	0.01084	0.00925	0.01036	0.00899	0.01101	0.01103	0.00717	0.13399	0.53603	0.01722	0.01368	0.01349	0.01047	0.00583	0.00596	0.00145	0.16244	0.00434	0.02023	0.00621
6	0.00506	0.00361	0.00482	0.00578	0.00602	0.00337	0.00386	0.00578	0.00795	0.01060	0.02289	0.85131	0.02747	0.01301	0.00530	0.00169	0.00241	0.01181	0.00386	0.00337
7	0.00853	0.00800	0.01328	0.54968	0.24506	0.00927	0.01138	0.01153	0.04208	0.01166	0.00806	0.01127	0.00633	0.00527	0.04053	0.00158	0.00552	0.00377	0.00202	0.00519
8	0.00524	0.00387	0.00493	0.00569	0.00615	0.00363	0.00387	0.00640	0.03551	0.01104	0.04371	0.71683	0.11294	0.01239	0.00521	0.00164	0.00240	0.01114	0.00389	0.00351
9	0.00525	0.00378	0.00498	0.00564	0.00606	0.00354	0.00386	0.00622	0.00865	0.01169	0.17338	0.63805	0.05354	0.02552	0.02747	0.00177	0.00257	0.01063	0.00393	0.00348
10	0.00909	0.00909	0.01272	0.01091	0.01091	0.01272	0.00909	0.01000	0.00636	0.01000	0.00545	0.00909	0.00545	0.00727	0.01363	0.00182	0.84642	0.00364	0.00182	0.00454
11	0.01014	0.00981	0.01791	0.11640	0.52562	0.00983	0.19773	0.01286	0.00948	0.03779	0.00816	0.01070	0.00651	0.00375	0.00430	0.00129	0.00544	0.00399	0.00214	0.00614
12	0.00601	0.00434	0.00610	0.00610	0.00668	0.00489	0.00451	0.00717	0.00659	0.00946	0.01165	0.01876	0.01146	0.21721	0.62655	0.00590	0.00923	0.00479	0.02914	0.00344
13	0.00861	0.00738	0.00861	0.00615	0.00984	0.00554	0.00492	0.01046	0.00861	0.01354	0.00738	0.00861	0.00615	0.00308	0.00308	0.00062	0.00308	0.00246	0.00246	0.87941
14	0.02221	0.16842	0.07815	0.00757	0.00951	0.08022	0.06513	0.01044	0.05334	0.01034	0.01101	0.01803	0.02304	0.33492	0.06493	0.00264	0.00517	0.02838	0.00239	0.00416
15	0.00775	0.00467	0.00557	0.00549	0.00681	0.00425	0.00428	0.00903	0.00932	0.13315	0.02692	0.07757	0.32127	0.09875	0.00650	0.00174	0.00288	0.17357	0.09647	0.00403
16	0.00582	0.00400	0.00522	0.00583	0.00624	0.00384	0.00410	0.00670	0.00813	0.02527	0.07610	0.47435	0.02465	0.18169	0.02257	0.00224	0.00309	0.13314	0.00363	0.00338
17	0.00928	0.00833	0.00991	0.00900	0.11785	0.04069	0.00617	0.02364	0.03144	0.01370	0.00770	0.00900	0.00637	0.00331	0.00329	0.00075	0.00353	0.00271	0.00247	0.69086
18	0.00937	0.00832	0.01223	0.15000	0.16330	0.00961	0.04301	0.06475	0.12453	0.01308	0.01000	0.01455	0.00875	0.00645	0.00726	0.07008	0.18211	0.07944	0.00258	0.02060
19	0.00680	0.00746	0.08617	0.00888	0.01102	0.00595	0.20710	0.00892	0.00953	0.01287	0.19697	0.17901	0.15728	0.05153	0.00575	0.00158	0.00388	0.03169	0.00331	0.00430
20	0.05306	0.01002	0.02022	0.22633	0.05692	0.01010	0.53590	0.01255	0.00927	0.01290	0.00799	0.01091	0.00603	0.00369	0.00456	0.00138	0.00635	0.00441	0.00206	0.00534
21	0.00613	0.00449	0.00548	0.00516	0.00635	0.00412	0.00389	0.00825	0.04294	0.03519	0.58567	0.03216	0.22708	0.00879	0.00486	0.00133	0.00208	0.00762	0.00440	0.00400
22	0.01111	0.85652	0.02177	0.00711	0.01066	0.01644	0.00711	0.01244	0.00844	0.00977	0.00577	0.00666	0.00533	0.00355	0.00267	0.00089	0.00444	0.00222	0.00178	0.00533
23	0.00880	0.00840	0.01440	0.51810	0.32716	0.00950	0.03149	0.01148	0.00877	0.01178	0.00757	0.01078	0.00595	0.00397	0.00416	0.00133	0.00535	0.00372	0.00193	0.00537
24	0.88336	0.00803	0.00611	0.00546	0.00803	0.00932	0.00450	0.01221	0.00707	0.01864	0.00578	0.00675	0.00450	0.00386	0.00257	0.00129	0.00321	0.00225	0.00257	0.00450
25	0.01864	0.00707	0.00964	0.00739	0.01060	0.00611	0.00611	0.02024	0.01189	0.83099	0.01639	0.01414	0.01028	0.00514	0.00418	0.00129	0.00353	0.00418	0.00514	0.00707
26	0.00491	0.00421	0.00421	0.00421	0.00561	0.00351	0.00316	0.00596	0.00947	0.01122	0.04208	0.03997	0.82643	0.01052	0.00491	0.00140	0.00210	0.00877	0.00386	0.00351
27	0.00914	0.00874	0.01495	0.40633	0.44140	0.00958	0.02667	0.01176	0.00893	0.01219	0.00762	0.01067	0.00609	0.00391	0.00415	0.00131	0.00525	0.00372	0.00196	0.00565
28	0.00619	0.00428	0.00495	0.00485	0.00485	0.00447	0.00285	0.00624	0.00606	0.00815	0.01270	0.02627	0.01461	0.81114	0.02076	0.00392	0.04669	0.00592	0.00248	0.00262
29	0.00576	0.00421	0.00540	0.00517	0.00615	0.00386	0.00385	0.00758	0.01137	0.01589	0.71910	0.07468	0.10367	0.00890	0.00492	0.00133	0.00200	0.00784	0.00448	0.00386
30	0.00508	0.00362	0.00481	0.00576	0.00599	0.00339	0.00383	0.00579	0.00791	0.01055	0.02270	0.83476	0.02722	0.02990	0.00562	0.00173	0.00244	0.01169	0.00383	0.00336
31	0.05185	0.01155	0.01210	0.03513	0.04855	0.07876	0.00793	0.58969	0.01696	0.09158	0.00988	0.01004	0.00702	0.00481	0.00406	0.00124	0.00471	0.00362	0.00385	0.00668
32	0.84561	0.00799	0.00626	0.00555	0.00815	0.00918	0.00457	0.01256	0.00728	0.05410	0.00625	0.00707	0.00475	0.00391	0.00264	0.00129	0.00323	0.00233	0.00268	0.00461
33	0.01841	0.00744	0.00987	0.00757	0.01079	0.00665	0.00625	0.08461	0.01251	0.76574	0.01587	0.01380	0.01002	0.00513	0.00418	0.00128	0.00362	0.00414	0.00506	0.00707
34	0.01451	0.05317	0.01233	0.01029	0.01264	0.56092	0.04180	0.04477	0.09139	0.07157	0.00857	0.00961	0.00682	0.00462	0.00413	0.00116	0.02866	0.01513	0.00264	0.00527
35	0.00514	0.00412	0.00461	0.00482	0.00591	0.00359	0.00356	0.00626	0.00941	0.01173	0.12023	0.20460	0.53828	0.01086	0.00503	0.00148	0.00224	0.05065	0.00393	0.00354
36	0.00669	0.00478	0.00669	0.00765	0.00861	0.00478	0.00669	0.00861	0.00956	0.01243	0.02199	0.04685	0.02391	0.01147	0.00574	0.00191	0.00382	0.80015	0.00382	0.00382
37	0.00982	0.00464	0.00517	0.00468	0.00613	0.00444	0.00363	0.02570	0.00960	0.17057	0.03470	0.01626	0.03624	0.00516	0.00328	0.00105	0.00229	0.00417	0.64792	0.00453
38	0.00856	0.00738	0.00886	0.05884	0.01102	0.00577	0.00534	0.01047	0.00859	0.01335	0.00738	0.00877	0.00611	0.00314	0.00314	0.00066	0.00323	0.00254	0.00242	0.82441
39	0.88336	0.00803	0.00611	0.00546	0.00803	0.00932	0.00450	0.01221	0.00707	0.01864	0.00578	0.00675	0.00450	0.00386	0.00257	0.00129	0.00321	0.00225	0.00257	0.00450
40	0.00510	0.00364	0.00485	0.00576	0.00603	0.00340	0.00386	0.00587	0.00812	0.01087	0.05795	0.81550	0.02798	0.01282	0.00528	0.00167	0.00239	0.01162	0.00389	0.00340
41	0.01020	0.00879	0.00927	0.00838	0.01068	0.01015	0.00650	0.02165	0.79959	0.01720	0.01706	0.03711	0.01306	0.00583	0.00425	0.00142	0.00326	0.00488	0.00422	0.00649
42	0.01553	0.01153	0.01248	0.00961	0.01280	0.01288	0.00794	0.78271	0.01901	0.02554	0.00980	0.00994	0.00700	0.00508	0.00453	0.00127	0.03759	0.00374	0.00406	0.00697
43	0.01089	0.00759	0.00969	0.00802	0.06849	0.00614	0.01896	0.01294	0.02458	0.18505	0.00950	0.01006	0.00717	0.00361	0.00343	0.00083	0.00337	0.00299	0.00302	0.60368
44	0.83348	0.04153	0.00682	0.00562	0.00822	0.02455	0.00466	0.01230	0.00721	0.01814	0.00579	0.00676	0.00455	0.00385	0.00260	0.00127	0.00334	0.00226	0.00253	0.00454
45	0.43580	0.00753	0.00793	0.00646	0.00936	0.00766	0.00533	0.01637	0.00956	0.43909	0.01127	0.01057	0.00749	0.00452	0.00340	0.00129	0.00338	0.00325	0.00390	0.00583
46	0.00945	0.03306	0.01304	0.24593	0.25214	0.04914	0.05475	0.03100	0.04463	0.03855	0.09105	0.01330	0.01024	0.00608	0.05129	0.00158	0.00513	0.00416	0.04013	0.00534
47	0.00548	0.00394	0.00528	0.00616	0.00665	0.00374	0.00453	0.00655	0.00852	0.01126	0.04761	0.59732	0.05829	0.01240	0.00538	0.00172	0.00273	0.20507	0.00387	0.00351
48	0.00966	0.08683	0.02360	0.00734	0.01011	0.05310	0.00606	0.02721	0.12959	0.04800	0.03436	0.01203	0.02415	0.00668	0.07268	0.00146	0.05779	0.01274	0.00282	0.37380
49	0.03136	0.20436	0.10308	0.00844	0.03468	0.03954	0.04430	0.04724	0.03230	0.04651	0.05134	0.02518	0.00854	0.00418	0.00349	0.00099	0.00415	0.01289	0.00257	0.29483

[dist]
# distance from previous block
# <min> <max>
1	36

[block]
# block no. 7 follows, 64 sequences, length 53
# corresponding to MSA columns:
# 295-347
name=unknown_H
#
# <colnr> <probs for GDERKNQSTAVLIFYWHMCP>
#	G	D	E	R	K	N	Q	S	T	A	V	L	I	F	Y	W	H	M	C	P
0	0.09356	0.06409	0.33714	0.00994	0.05683	0.02098	0.02710	0.02243	0.00929	0.13266	0.02269	0.00972	0.00679	0.00400	0.00366	0.00115	0.00470	0.00314	0.00256	0.16758
1	0.01199	0.00945	0.09621	0.01456	0.29700	0.00791	0.05972	0.02531	0.03035	0.26162	0.09932	0.04537	0.01200	0.00508	0.00430	0.00130	0.00430	0.00460	0.00338	0.00622
2	0.37193	0.30810	0.11166	0.00741	0.01886	0.03927	0.00708	0.01226	0.00794	0.01394	0.00657	0.03478	0.00572	0.00420	0.00333	0.00117	0.03588	0.00273	0.00219	0.00499
3	0.01110	0.02910	0.14402	0.02770	0.02210	0.00996	0.09661	0.11996	0.34046	0.08524	0.01290	0.01363	0.00972	0.03279	0.00477	0.00144	0.00445	0.01603	0.01178	0.00624
4	0.02221	0.00508	0.00605	0.00529	0.00704	0.00439	0.00404	0.00831	0.00999	0.01446	0.36464	0.05501	0.15704	0.00804	0.03196	0.00131	0.00262	0.00615	0.05480	0.23156
5	0.00636	0.00455	0.00629	0.00569	0.00683	0.00420	0.03049	0.00836	0.01170	0.03889	0.77692	0.02991	0.03732	0.00824	0.00488	0.00131	0.00217	0.00733	0.00451	0.00406
6	0.04773	0.00658	0.00865	0.00687	0.00962	0.00585	0.00560	0.01746	0.02551	0.62543	0.15052	0.01754	0.04201	0.00583	0.00426	0.00129	0.00321	0.00482	0.00489	0.00633
7	0.00528	0.00419	0.00475	0.00468	0.00586	0.00365	0.00348	0.00666	0.01025	0.01324	0.33654	0.08232	0.48458	0.00990	0.00493	0.00138	0.00207	0.00846	0.00413	0.00365
8	0.00736	0.00670	0.04419	0.03005	0.03570	0.04486	0.03265	0.00944	0.02348	0.01196	0.01736	0.08684	0.03164	0.01242	0.11906	0.00238	0.03269	0.41350	0.03357	0.00416
9	0.04713	0.00710	0.00952	0.00733	0.01052	0.00621	0.00605	0.01998	0.01173	0.80422	0.01604	0.01389	0.01009	0.00510	0.00412	0.00129	0.00352	0.00411	0.00506	0.00698
10	0.00837	0.02040	0.76068	0.01202	0.01788	0.00956	0.06558	0.01299	0.00877	0.01304	0.00765	0.00938	0.00557	0.02508	0.00443	0.00139	0.00614	0.00326	0.00179	0.00601
11	0.80080	0.04069	0.02745	0.00585	0.00853	0.03625	0.00498	0.01238	0.00731	0.01789	0.00585	0.00682	0.00458	0.00386	0.00265	0.00126	0.00347	0.00228	0.00251	0.00458
12	0.01020	0.00979	0.01671	0.05247	0.80177	0.00985	0.01271	0.01268	0.00942	0.01347	0.00780	0.01031	0.00655	0.00372	0.00411	0.00124	0.00495	0.00370	0.00205	0.00651
13	0.03900	0.07937	0.32237	0.01265	0.05295	0.01024	0.23338	0.05301	0.06208	0.05330	0.00985	0.01106	0.03330	0.00421	0.00415	0.00131	0.00558	0.00389	0.00240	0.00593
14	0.00987	0.01206	0.14952	0.05068	0.01297	0.10797	0.00974	0.01198	0.03958	0.03817	0.00746	0.04107	0.00668	0.00629	0.00940	0.00159	0.47407	0.00380	0.00213	0.00497
15	0.01694	0.00725	0.00945	0.00727	0.01042	0.00639	0.00598	0.07458	0.01206	0.66938	0.01677	0.01494	0.05661	0.00529	0.00414	0.00124	0.00349	0.00429	0.00481	0.06870
16	0.00644	0.00393	0.00487	0.00532	0.00600	0.00374	0.00382	0.00772	0.00875	0.03991	0.08951	0.45318	0.03614	0.00989	0.00456	0.00144	0.00235	0.05446	0.25426	0.00371
17	0.07547	0.00675	0.00859	0.00699	0.00969	0.00624	0.00577	0.05287	0.01130	0.56880	0.01570	0.03032	0.01129	0.00572	0.00410	0.00131	0.00340	0.07606	0.09342	0.00621
18	0.00547	0.00423	0.00499	0.00480	0.00596	0.00375	0.00360	0.00705	0.01080	0.01438	0.49733	0.03478	0.36921	0.00934	0.00490	0.00135	0.00202	0.00804	0.00427	0.00375
19	0.88336	0.00803	0.00611	0.00546	0.00803	0.00932	0.00450	0.01221	0.00707	0.01864	0.00578	0.00675	0.00450	0.00386	0.00257	0.00129	0.00321	0.00225	0.00257	0.00450
20	0.00634	0.00546	0.03320	0.04751	0.06863	0.00502	0.00531	0.00828	0.04804	0.01253	0.21411	0.25560	0.10581	0.09583	0.04090	0.00192	0.00333	0.01948	0.00352	0.01919
21	0.00753	0.00598	0.00708	0.00730	0.00855	0.00645	0.00564	0.01286	0.32521	0.01371	0.02033	0.31971	0.02079	0.00974	0.00499	0.00164	0.00311	0.21065	0.00399	0.00474
22	0.00971	0.00864	0.01356	0.01739	0.43900	0.00875	0.05981	0.07492	0.08741	0.02406	0.08517	0.08639	0.03005	0.00561	0.00442	0.00133	0.00428	0.03066	0.00294	0.00589
23	0.00770	0.00494	0.00690	0.00771	0.03895	0.00475	0.00605	0.00934	0.00959	0.10021	0.06401	0.20563	0.04051	0.01064	0.00536	0.00173	0.00341	0.46445	0.00395	0.00418
24	0.26348	0.03215	0.01067	0.00825	0.01129	0.01177	0.00681	0.50855	0.07193	0.02298	0.00915	0.00935	0.00668	0.00467	0.00367	0.00126	0.00409	0.00334	0.00365	0.00625
25	0.01257	0.00861	0.00964	0.00814	0.01078	0.00930	0.00647	0.12611	0.47515	0.19272	0.05445	0.01499	0.01248	0.00550	0.00420	0.00133	0.00344	0.00452	0.00437	0.03522
26	0.02181	0.13445	0.27914	0.01315	0.17684	0.00988	0.07112	0.01462	0.01862	0.19732	0.00962	0.01064	0.00703	0.00418	0.00393	0.00124	0.00504	0.01246	0.00267	0.00624
27	0.01004	0.33994	0.40436	0.01061	0.04154	0.04311	0.04996	0.02060	0.00898	0.02571	0.00700	0.00818	0.00549	0.00381	0.00351	0.00114	0.00548	0.00286	0.00188	0.00579
28	0.00562	0.00448	0.00513	0.00528	0.00654	0.00405	0.00419	0.00729	0.03208	0.01246	0.14935	0.03963	0.50265	0.01032	0.00508	0.00151	0.00252	0.19415	0.00396	0.00372
29	0.01904	0.00880	0.06974	0.20963	0.29522	0.00838	0.02868	0.04439	0.00943	0.06687	0.01223	0.13182	0.05222	0.00571	0.00449	0.00137	0.01880	0.00512	0.00263	0.00544
30	0.03392	0.01996	0.15302	0.01462	0.26264	0.01924	0.04883	0.17362	0.06656	0.13328	0.01028	0.02815	0.00774	0.00453	0.00412	0.00128	0.00478	0.00390	0.00306	0.00647
31	0.00801	0.00684	0.01052	0.01121	0.18167	0.00665	0.10204	0.01116	0.09691	0.04084	0.32883	0.02343	0.14093	0.00678	0.00464	0.00133	0.00340	0.00618	0.00362	0.00500
32	0.17879	0.01687	0.01107	0.01077	0.07008	0.62218	0.00770	0.01549	0.01072	0.01201	0.00640	0.00755	0.00528	0.00416	0.00355	0.00112	0.00650	0.00267	0.00222	0.00488
33	0.01032	0.00990	0.01700	0.02455	0.76188	0.00989	0.05104	0.02889	0.00968	0.01380	0.00808	0.01081	0.00681	0.00382	0.00417	0.00125	0.00501	0.01447	0.00212	0.00651
34	0.85128	0.03924	0.00668	0.00552	0.00813	0.00958	0.00459	0.01222	0.00712	0.01831	0.00578	0.00674	0.00453	0.00384	0.00257	0.00127	0.00326	0.00225	0.00254	0.00453
35	0.00601	0.00514	0.00595	0.00531	0.00694	0.01447	0.02217	0.00744	0.00986	0.01287	0.23008	0.03158	0.46778	0.00870	0.00493	0.00128	0.02955	0.00730	0.00373	0.11890
36	0.54399	0.00740	0.00699	0.00597	0.00848	0.00797	0.00487	0.03912	0.00918	0.19241	0.12635	0.01193	0.01082	0.00484	0.00330	0.00129	0.00315	0.00347	0.00346	0.00505
37	0.00549	0.00424	0.00493	0.00486	0.00603	0.00376	0.00370	0.00700	0.01040	0.01367	0.37001	0.04647	0.41708	0.00963	0.00492	0.00139	0.00215	0.05664	0.02393	0.00371
38	0.00886	0.18474	0.64353	0.01106	0.03268	0.01088	0.01348	0.01289	0.00873	0.01247	0.00770	0.00890	0.01869	0.00397	0.00371	0.00123	0.00572	0.00301	0.00180	0.00595
39	0.01316	0.10111	0.05928	0.00963	0.01209	0.49765	0.00781	0.05035	0.11089	0.01214	0.03881	0.05110	0.00866	0.00497	0.00384	0.00115	0.00601	0.00358	0.00260	0.00515
40	0.10703	0.00502	0.00579	0.00551	0.00700	0.00477	0.00428	0.00951	0.00973	0.12977	0.19339	0.12536	0.22910	0.00923	0.02853	0.00155	0.00282	0.06628	0.05107	0.00425
41	0.00929	0.00901	0.01243	0.01063	0.01078	0.01245	0.00885	0.03956	0.00692	0.01077	0.00588	0.00932	0.00568	0.00711	0.01294	0.00177	0.78854	0.00365	0.02981	0.00462
42	0.00639	0.00487	0.00703	0.00681	0.00736	0.00578	0.00523	0.00747	0.00674	0.00971	0.04955	0.01689	0.01140	0.09781	0.57566	0.06630	0.10454	0.00458	0.00229	0.00358
43	0.00507	0.00365	0.00482	0.00572	0.00602	0.00339	0.00383	0.00583	0.00808	0.01075	0.04056	0.80802	0.05319	0.01284	0.00528	0.00167	0.00239	0.01162	0.00387	0.00339
44	0.44605	0.01344	0.00872	0.00790	0.01021	0.39950	0.00612	0.01415	0.00933	0.01449	0.00644	0.01696	0.00529	0.00418	0.00316	0.00118	0.00519	0.00259	0.02046	0.00462
45	0.01111	0.85652	0.02177	0.00711	0.01066	0.01644	0.00711	0.01244	0.00844	0.00977	0.00577	0.00666	0.00533	0.00355	0.00267	0.00089	0.00444	0.00222	0.00178	0.00533
46	0.66912	0.12108	0.04817	0.00618	0.00908	0.03767	0.00550	0.01237	0.00754	0.01676	0.00594	0.00692	0.00473	0.00381	0.00270	0.00121	0.00365	0.00231	0.00241	0.03286
47	0.00505	0.00364	0.00479	0.00571	0.00600	0.00338	0.00382	0.00579	0.00803	0.01063	0.02382	0.81231	0.06588	0.01289	0.00528	0.00167	0.00240	0.01166	0.00386	0.00338
48	0.00722	0.00361	0.00541	0.00541	0.00541	0.00361	0.00361	0.00541	0.00541	0.00722	0.00722	0.01263	0.00722	0.01443	0.01623	0.87915	0.00361	0.00361	0.00180	0.00180
49	0.00997	0.02673	0.01398	0.12064	0.28652	0.05917	0.07029	0.01212	0.02342	0.06060	0.01871	0.06486	0.01623	0.00587	0.01987	0.00150	0.16360	0.01812	0.00240	0.00541
50	0.00681	0.00513	0.00665	0.04701	0.00872	0.00528	0.00563	0.03768	0.08402	0.01297	0.10143	0.23890	0.05341	0.04774	0.02021	0.00186	0.00341	0.30531	0.00378	0.00406
51	0.02891	0.11457	0.11320	0.02411	0.27017	0.00990	0.06738	0.06220	0.02339	0.05645	0.01014	0.06010	0.03492	0.00478	0.00437	0.00124	0.04040	0.00410	0.00251	0.06718
52	0.03591	0.00897	0.09518	0.08672	0.05341	0.02844	0.03015	0.02042	0.20630	0.06310	0.06931	0.12530	0.05726	0.00631	0.00452	0.00135	0.02577	0.00537	0.00328	0.07294

[dist]
# distance from previous block
# <min> <max>
0	5

# created by:
# /st0/software/busco_prod/Augustus/scripts/msa2prfl.pl ./align_prep/1257440.fa
