[name]
unknown

[dist]
# distance from previous block
# <min> <max>
11	123

[block]
# block no. 0 follows, 45 sequences, length 12
# corresponding to MSA columns:
# 153-164
name=unknown_A
#
# <colnr> <probs for GDERKNQSTAVLIFYWHMCP>
#	G	D	E	R	K	N	Q	S	T	A	V	L	I	F	Y	W	H	M	C	P
0	0.01054	0.00924	0.00972	0.00890	0.01066	0.11055	0.02701	0.01252	0.02170	0.01507	0.05068	0.05248	0.01679	0.14030	0.14690	0.00336	0.03327	0.08192	0.11544	0.12294
1	0.01028	0.00910	0.03483	0.05250	0.15343	0.00895	0.02235	0.05614	0.11873	0.01771	0.09730	0.17198	0.10016	0.01167	0.04283	0.03127	0.00505	0.04513	0.00430	0.00628
2	0.00995	0.00732	0.00927	0.00842	0.00979	0.00787	0.00645	0.01356	0.10824	0.06974	0.41545	0.05971	0.05126	0.07673	0.00951	0.00211	0.11545	0.00834	0.00513	0.00569
3	0.01957	0.01053	0.03900	0.01001	0.01378	0.00974	0.00839	0.15866	0.08032	0.43925	0.11421	0.02001	0.01727	0.00796	0.02433	0.00184	0.00488	0.00585	0.00598	0.00842
4	0.17063	0.00812	0.00924	0.00799	0.01075	0.00792	0.00631	0.06543	0.01355	0.27903	0.09657	0.13354	0.11446	0.00903	0.00535	0.00173	0.00385	0.00743	0.04237	0.00669
5	0.06107	0.00946	0.01157	0.00928	0.01291	0.00914	0.00755	0.07613	0.12110	0.49558	0.01959	0.01787	0.01312	0.00659	0.00511	0.00163	0.00435	0.00528	0.10425	0.00840
6	0.01260	0.12380	0.01634	0.01103	0.04832	0.01090	0.07835	0.07222	0.03491	0.01819	0.01002	0.01159	0.00819	0.00444	0.00433	0.00107	0.00496	0.00372	0.00323	0.52179
7	0.00844	0.02912	0.00840	0.00772	0.00859	0.00691	0.00564	0.03577	0.00909	0.01279	0.01508	0.02511	0.01514	0.29551	0.45707	0.00676	0.01035	0.00630	0.03171	0.00450
8	0.57310	0.01328	0.11823	0.00902	0.01317	0.01233	0.00845	0.10363	0.01179	0.08068	0.00943	0.01029	0.00690	0.00529	0.00397	0.00166	0.00492	0.00347	0.00366	0.00675
9	0.73080	0.00958	0.00766	0.00712	0.01002	0.01096	0.00570	0.01461	0.00930	0.02262	0.01058	0.12106	0.00999	0.00665	0.00382	0.00173	0.00401	0.00464	0.00356	0.00561
10	0.01313	0.00899	0.01082	0.00869	0.01223	0.00789	0.00682	0.08213	0.04987	0.14018	0.01623	0.16040	0.01467	0.00889	0.04254	0.00169	0.00460	0.00618	0.00436	0.39971
11	0.00688	0.00564	0.00611	0.00613	0.00778	0.00499	0.00459	0.00896	0.04226	0.01584	0.15774	0.10896	0.55891	0.01325	0.00638	0.00184	0.00284	0.03099	0.00514	0.00476

[dist]
# distance from previous block
# <min> <max>
0	4

[block]
# block no. 1 follows, 45 sequences, length 7
# corresponding to MSA columns:
# 169-175
name=unknown_B
#
# <colnr> <probs for GDERKNQSTAVLIFYWHMCP>
#	G	D	E	R	K	N	Q	S	T	A	V	L	I	F	Y	W	H	M	C	P
0	0.02268	0.00882	0.01201	0.00931	0.01322	0.00765	0.00765	0.02479	0.01535	0.71669	0.08554	0.02013	0.01648	0.00701	0.00548	0.00166	0.00439	0.00577	0.00658	0.00879
1	0.00799	0.00550	0.00707	0.00755	0.00858	0.00516	0.00551	0.00998	0.03667	0.05136	0.19466	0.42995	0.11067	0.01424	0.00663	0.00203	0.00323	0.08300	0.00527	0.00494
2	0.01015	0.00687	0.00881	0.02519	0.01062	0.00708	0.00671	0.01377	0.11839	0.09947	0.10389	0.21673	0.07971	0.04535	0.11039	0.00299	0.02192	0.10139	0.00487	0.00570
3	0.01043	0.00952	0.01546	0.34911	0.20262	0.01070	0.03319	0.01382	0.04295	0.01533	0.06063	0.08652	0.01398	0.04668	0.04309	0.00227	0.02800	0.00629	0.00310	0.00632
4	0.01519	0.47233	0.02262	0.01211	0.08203	0.14790	0.00972	0.06508	0.01253	0.01470	0.00840	0.00998	0.00736	0.00546	0.00477	0.03795	0.00631	0.00336	0.00267	0.05953
5	0.05304	0.19152	0.21621	0.05520	0.01696	0.04256	0.01159	0.01588	0.04682	0.01595	0.00973	0.01174	0.00793	0.00673	0.03717	0.00174	0.07450	0.00382	0.02448	0.15644
6	0.01491	0.01374	0.07656	0.06327	0.16684	0.06073	0.04801	0.17445	0.13900	0.06613	0.01391	0.03627	0.01087	0.00685	0.00616	0.04560	0.00599	0.00526	0.03775	0.00769

[dist]
# distance from previous block
# <min> <max>
0	15

[block]
# block no. 2 follows, 45 sequences, length 22
# corresponding to MSA columns:
# 193-214
name=unknown_C
#
# <colnr> <probs for GDERKNQSTAVLIFYWHMCP>
#	G	D	E	R	K	N	Q	S	T	A	V	L	I	F	Y	W	H	M	C	P
0	0.14711	0.01195	0.01246	0.02197	0.01409	0.06847	0.00822	0.19156	0.09099	0.26964	0.05849	0.01595	0.01280	0.00642	0.00502	0.00161	0.00505	0.00494	0.00516	0.04812
1	0.01128	0.01001	0.01637	0.27494	0.27120	0.01081	0.04750	0.05805	0.01175	0.01591	0.01291	0.11904	0.01214	0.04083	0.00753	0.05772	0.00614	0.00635	0.00304	0.00648
2	0.01222	0.00976	0.01220	0.14051	0.01659	0.00935	0.00825	0.14750	0.01300	0.01858	0.01053	0.01354	0.00870	0.02669	0.04443	0.08694	0.00545	0.00413	0.00334	0.40830
3	0.01140	0.07534	0.01351	0.07030	0.09195	0.02701	0.03490	0.13525	0.02694	0.01849	0.08067	0.07113	0.17071	0.01151	0.06436	0.00225	0.00567	0.06647	0.00416	0.01798
4	0.00652	0.00520	0.00585	0.00620	0.00749	0.00453	0.00445	0.00786	0.01190	0.01492	0.11493	0.28659	0.47595	0.01435	0.00650	0.00192	0.00282	0.01240	0.00507	0.00453
5	0.02473	0.12890	0.09783	0.15900	0.01768	0.01184	0.03187	0.05142	0.10700	0.01595	0.01346	0.06838	0.01202	0.07632	0.04849	0.05285	0.02709	0.00559	0.04341	0.00617
6	0.00698	0.00574	0.00620	0.00625	0.00786	0.00515	0.00462	0.00933	0.06240	0.01573	0.13231	0.15692	0.53480	0.01334	0.00636	0.00185	0.00286	0.01136	0.00512	0.00483
7	0.00812	0.00604	0.00853	0.05596	0.04153	0.00666	0.00631	0.00951	0.00871	0.01222	0.01521	0.04369	0.01547	0.30129	0.41291	0.00644	0.00994	0.00657	0.02041	0.00448
8	0.01800	0.06439	0.01559	0.01197	0.01571	0.12890	0.00968	0.40044	0.23241	0.02631	0.01441	0.01417	0.01072	0.00643	0.00520	0.00161	0.00598	0.00486	0.00483	0.00839
9	0.03932	0.00998	0.01130	0.02626	0.01288	0.01035	0.00756	0.27165	0.06290	0.16661	0.01980	0.10846	0.05991	0.00798	0.00526	0.00164	0.00443	0.00652	0.13667	0.03052
10	0.02015	0.01281	0.01443	0.01129	0.01532	0.01364	0.00925	0.45670	0.11579	0.22783	0.03573	0.01589	0.01219	0.00672	0.00541	0.00165	0.00526	0.00526	0.00573	0.00895
11	0.77032	0.01026	0.00833	0.00730	0.01070	0.01164	0.00601	0.01677	0.00973	0.09655	0.00879	0.00963	0.00653	0.00514	0.00352	0.00166	0.00419	0.00315	0.00364	0.00613
12	0.01204	0.01187	0.03883	0.15579	0.33258	0.03978	0.05629	0.05028	0.01238	0.01690	0.05486	0.06490	0.02548	0.02575	0.00692	0.00184	0.05939	0.02394	0.00315	0.00703
13	0.00924	0.00964	0.08978	0.01154	0.06329	0.00765	0.07748	0.01150	0.01119	0.03340	0.03797	0.33802	0.10966	0.01095	0.00657	0.00182	0.04275	0.00973	0.00404	0.11378
14	0.00720	0.00577	0.00681	0.00756	0.02934	0.00535	0.00525	0.00944	0.06275	0.01506	0.06132	0.35062	0.36308	0.01417	0.00649	0.00197	0.00314	0.03484	0.00498	0.00487
15	0.15974	0.01229	0.01478	0.09164	0.06298	0.04182	0.04562	0.23174	0.03389	0.21220	0.01331	0.01378	0.00935	0.00601	0.00538	0.00167	0.02663	0.00468	0.00457	0.00791
16	0.01387	0.02842	0.07997	0.14928	0.06314	0.01351	0.06173	0.22223	0.14689	0.02122	0.01351	0.03441	0.01090	0.05981	0.00763	0.00199	0.05469	0.00546	0.00389	0.00747
17	0.00945	0.05505	0.00865	0.00722	0.00903	0.00723	0.00548	0.03343	0.07478	0.06644	0.05457	0.12377	0.34708	0.12668	0.00934	0.00231	0.02051	0.02899	0.00470	0.00530
18	0.01165	0.01129	0.01325	0.10659	0.11991	0.12517	0.03751	0.02576	0.06163	0.01688	0.12121	0.12381	0.03372	0.00823	0.00561	0.00165	0.00549	0.05090	0.00387	0.11588
19	0.01059	0.00514	0.00750	0.00728	0.00775	0.00498	0.00502	0.00905	0.00828	0.08813	0.03225	0.06961	0.01256	0.01711	0.01808	0.68035	0.00449	0.00557	0.00304	0.00323
20	0.01406	0.18983	0.09852	0.06486	0.17050	0.12286	0.01200	0.07652	0.03383	0.01632	0.00995	0.01290	0.00849	0.05374	0.00680	0.00172	0.05274	0.00424	0.00288	0.04726
21	0.12440	0.03776	0.01580	0.03662	0.11643	0.12969	0.02254	0.20054	0.01457	0.02069	0.00967	0.01174	0.00781	0.00623	0.00724	0.00167	0.16020	0.00423	0.02489	0.04729

[dist]
# distance from previous block
# <min> <max>
0	4

[block]
# block no. 3 follows, 45 sequences, length 26
# corresponding to MSA columns:
# 222-247
name=unknown_D
#
# <colnr> <probs for GDERKNQSTAVLIFYWHMCP>
#	G	D	E	R	K	N	Q	S	T	A	V	L	I	F	Y	W	H	M	C	P
0	0.04987	0.00606	0.00709	0.00737	0.00865	0.00548	0.00522	0.00927	0.01196	0.01659	0.16132	0.41654	0.19661	0.01407	0.00656	0.00202	0.00327	0.01221	0.00515	0.05471
1	0.00913	0.00728	0.00995	0.04690	0.08385	0.00756	0.00737	0.01119	0.01276	0.04966	0.31205	0.08716	0.20759	0.01075	0.00767	0.00183	0.10809	0.00893	0.00472	0.00554
2	0.30250	0.01044	0.01172	0.01988	0.03170	0.01182	0.03541	0.14372	0.03039	0.07237	0.01255	0.07015	0.01089	0.05528	0.02274	0.00211	0.10177	0.00521	0.04284	0.00649
3	0.00737	0.00529	0.00703	0.00808	0.00881	0.00508	0.00611	0.00885	0.01108	0.01456	0.04836	0.43757	0.07394	0.06580	0.00830	0.00244	0.00385	0.26809	0.00488	0.00452
4	0.56917	0.02905	0.05551	0.00837	0.01205	0.01173	0.00734	0.06638	0.01120	0.12724	0.01020	0.01110	0.00754	0.00715	0.04489	0.00201	0.00512	0.00359	0.00380	0.00658
5	0.00913	0.00473	0.00685	0.00685	0.00685	0.00473	0.00449	0.00710	0.00710	0.00946	0.01028	0.01868	0.01060	0.11814	0.02178	0.73856	0.00473	0.00506	0.00245	0.00245
6	0.01724	0.01392	0.01430	0.01178	0.01544	0.04794	0.00945	0.40187	0.35674	0.02787	0.01670	0.01594	0.01228	0.00678	0.00539	0.00169	0.00533	0.00533	0.00530	0.00872
7	0.01477	0.23849	0.09098	0.09891	0.01765	0.07635	0.03839	0.10905	0.02496	0.10242	0.02557	0.08366	0.02336	0.00675	0.00527	0.00158	0.02584	0.00532	0.00361	0.00708
8	0.04216	0.17188	0.05950	0.01220	0.04670	0.04717	0.04924	0.22588	0.07012	0.13926	0.01361	0.01472	0.01024	0.00605	0.00492	0.00155	0.00575	0.02320	0.04796	0.00791
9	0.01096	0.06718	0.50887	0.01503	0.02100	0.01289	0.10068	0.01576	0.01103	0.01606	0.01094	0.07452	0.00925	0.00641	0.00668	0.00179	0.09597	0.00515	0.00254	0.00728
10	0.01305	0.17043	0.27036	0.05569	0.10530	0.01418	0.03603	0.11033	0.07380	0.01874	0.01203	0.01347	0.02345	0.00554	0.00487	0.00156	0.00636	0.00444	0.05274	0.00763
11	0.00654	0.00467	0.00623	0.00747	0.00779	0.00436	0.00498	0.00747	0.01028	0.01370	0.02959	0.80785	0.03550	0.01682	0.00685	0.00218	0.00311	0.01526	0.00498	0.00436
12	0.00671	0.00501	0.00624	0.00687	0.00771	0.00454	0.00480	0.00805	0.01170	0.01544	0.18360	0.48550	0.20438	0.01493	0.00663	0.00200	0.00291	0.01327	0.00517	0.00454
13	0.06237	0.00595	0.00644	0.00615	0.00774	0.00591	0.00467	0.01289	0.04754	0.05051	0.21644	0.05055	0.07761	0.00830	0.00482	0.00150	0.00281	0.00691	0.41554	0.00534
14	0.00695	0.00529	0.00639	0.00648	0.00771	0.00473	0.00472	0.00873	0.01312	0.01746	0.37035	0.21540	0.28689	0.01315	0.00645	0.00184	0.00272	0.01148	0.00540	0.00473
15	0.01320	0.01376	0.03618	0.01564	0.01948	0.09855	0.32674	0.09730	0.10991	0.01909	0.07635	0.06510	0.04441	0.00789	0.02971	0.00196	0.00719	0.00675	0.00383	0.00698
16	0.01346	0.15999	0.27062	0.01694	0.14604	0.01430	0.09900	0.12364	0.01369	0.03343	0.01249	0.01400	0.04782	0.00556	0.00509	0.00159	0.00678	0.00471	0.00306	0.00778
17	0.01542	0.53654	0.02408	0.05166	0.01600	0.10687	0.04129	0.04024	0.05010	0.05963	0.00951	0.01055	0.00788	0.00505	0.00410	0.00131	0.00627	0.00355	0.00288	0.00706
18	0.80533	0.01031	0.00813	0.00719	0.01056	0.01182	0.00592	0.01633	0.00947	0.06442	0.00820	0.00923	0.00621	0.00507	0.00343	0.00166	0.00417	0.00304	0.00350	0.00599
19	0.01345	0.03559	0.01430	0.09958	0.03808	0.04664	0.05951	0.11764	0.29110	0.04019	0.04784	0.02161	0.01536	0.08478	0.00766	0.00210	0.00553	0.04737	0.00444	0.00723
20	0.00892	0.00602	0.00768	0.00728	0.00881	0.00569	0.00553	0.01178	0.05187	0.07508	0.49724	0.09899	0.11133	0.01266	0.04274	0.00209	0.00345	0.03180	0.00561	0.00541
21	0.00864	0.00703	0.00985	0.17815	0.01499	0.00796	0.00788	0.02721	0.04837	0.01447	0.05719	0.34133	0.02312	0.10166	0.06153	0.00282	0.06902	0.00974	0.00396	0.00508
22	0.00787	0.00618	0.00823	0.17253	0.01368	0.00626	0.00671	0.01009	0.01246	0.01679	0.24628	0.12388	0.24873	0.01079	0.00595	0.00176	0.00362	0.00934	0.08385	0.00501
23	0.00781	0.00586	0.00838	0.00834	0.00907	0.00676	0.00626	0.00933	0.00856	0.01220	0.01525	0.06244	0.01527	0.16593	0.59109	0.00747	0.04589	0.00652	0.00302	0.00456
24	0.04641	0.33073	0.01877	0.07231	0.01541	0.12346	0.00913	0.07213	0.08817	0.01593	0.01064	0.01281	0.00906	0.03389	0.07936	0.00217	0.00692	0.00401	0.00308	0.04563
25	0.04830	0.04509	0.00932	0.00830	0.01009	0.03334	0.00659	0.05486	0.01251	0.01675	0.09073	0.19323	0.20552	0.01204	0.00671	0.00191	0.04392	0.14725	0.00457	0.04898

[dist]
# distance from previous block
# <min> <max>
13	24

[block]
# block no. 4 follows, 45 sequences, length 7
# corresponding to MSA columns:
# 294-300
name=unknown_E
#
# <colnr> <probs for GDERKNQSTAVLIFYWHMCP>
#	G	D	E	R	K	N	Q	S	T	A	V	L	I	F	Y	W	H	M	C	P
0	0.04263	0.03113	0.01300	0.06848	0.01498	0.14061	0.04575	0.05567	0.14437	0.04306	0.06449	0.03993	0.08102	0.03036	0.08687	0.00253	0.05791	0.02686	0.00398	0.00636
1	0.22579	0.04677	0.05969	0.09286	0.27206	0.06907	0.04388	0.04612	0.03959	0.01896	0.00960	0.01190	0.00767	0.00524	0.00510	0.00164	0.02967	0.00420	0.00297	0.00721
2	0.00725	0.00547	0.00670	0.00639	0.00781	0.00492	0.00479	0.00947	0.01438	0.01960	0.57761	0.04326	0.24928	0.01169	0.00633	0.00172	0.00258	0.01015	0.00566	0.00492
3	0.01029	0.00692	0.00905	0.04010	0.03787	0.00694	0.00682	0.01320	0.06920	0.10889	0.18742	0.21075	0.12109	0.01139	0.00668	0.00189	0.04026	0.06220	0.04328	0.00577
4	0.01368	0.23673	0.33511	0.01369	0.05326	0.01444	0.06319	0.06812	0.01262	0.07886	0.01074	0.01204	0.00806	0.00519	0.00471	0.00152	0.00663	0.00409	0.04969	0.00764
5	0.04630	0.00735	0.00902	0.00772	0.01026	0.00708	0.00611	0.01864	0.06141	0.32737	0.05160	0.01970	0.01486	0.00959	0.06185	0.03624	0.00445	0.00540	0.28823	0.00681
6	0.01097	0.01172	0.07320	0.29489	0.25831	0.01127	0.09439	0.01452	0.01207	0.01653	0.10932	0.01835	0.03903	0.00607	0.00559	0.00171	0.00644	0.00574	0.00303	0.00686

[dist]
# distance from previous block
# <min> <max>
0	5

[block]
# block no. 5 follows, 45 sequences, length 21
# corresponding to MSA columns:
# 307-327
name=unknown_F
#
# <colnr> <probs for GDERKNQSTAVLIFYWHMCP>
#	G	D	E	R	K	N	Q	S	T	A	V	L	I	F	Y	W	H	M	C	P
0	0.01022	0.02722	0.11036	0.03977	0.03139	0.00836	0.02694	0.06971	0.02232	0.03210	0.04130	0.04065	0.05930	0.34269	0.03898	0.00334	0.00574	0.02696	0.00356	0.05910
1	0.10482	0.00893	0.01040	0.00920	0.01089	0.04050	0.02025	0.13463	0.01167	0.05007	0.02553	0.01757	0.01135	0.09032	0.17520	0.21056	0.05437	0.00512	0.00342	0.00523
2	0.44086	0.04354	0.03181	0.02499	0.01312	0.06617	0.00780	0.19372	0.02915	0.02379	0.00989	0.01189	0.00790	0.04869	0.02501	0.00198	0.00548	0.00386	0.00372	0.00663
3	0.12107	0.05881	0.01305	0.01053	0.01380	0.10435	0.00839	0.11272	0.37980	0.05770	0.01804	0.01728	0.04818	0.00680	0.00503	0.00168	0.00510	0.00525	0.00472	0.00772
4	0.77091	0.01026	0.00832	0.00730	0.01070	0.01165	0.00601	0.01676	0.00973	0.09601	0.00878	0.00963	0.00652	0.00514	0.00352	0.00166	0.00419	0.00314	0.00364	0.00613
5	0.00738	0.00538	0.00671	0.00685	0.00785	0.00501	0.00499	0.00909	0.01256	0.01698	0.35762	0.16175	0.15101	0.13650	0.00977	0.00241	0.00331	0.08514	0.00512	0.00458
6	0.01656	0.00744	0.00991	0.00818	0.01090	0.00661	0.00642	0.01860	0.01458	0.43259	0.29429	0.02779	0.02743	0.08463	0.00782	0.00201	0.00389	0.00719	0.00606	0.00710
7	0.01172	0.00633	0.00787	0.00697	0.00907	0.00565	0.00541	0.01389	0.01415	0.20922	0.34681	0.03474	0.18959	0.00989	0.00580	0.00166	0.00308	0.00842	0.10377	0.00596
8	0.00748	0.00570	0.00777	0.08299	0.01148	0.00565	0.00689	0.00920	0.01125	0.01454	0.03116	0.39138	0.14581	0.01464	0.00680	0.00217	0.00399	0.23167	0.00472	0.00471
9	0.01237	0.04180	0.01194	0.05515	0.01406	0.06819	0.00824	0.05939	0.41356	0.01931	0.02107	0.21441	0.01919	0.00927	0.00567	0.00184	0.00467	0.00791	0.00484	0.00713
10	0.22450	0.03629	0.12874	0.02782	0.01634	0.01302	0.08092	0.17006	0.12559	0.05279	0.04170	0.01458	0.01086	0.02766	0.00550	0.00178	0.00564	0.00478	0.00402	0.00740
11	0.07338	0.21424	0.01690	0.01063	0.01434	0.18654	0.00886	0.11193	0.06999	0.19720	0.01329	0.03796	0.01021	0.00612	0.00470	0.00149	0.00606	0.00447	0.00418	0.00751
12	0.10108	0.09029	0.01273	0.01025	0.01224	0.27805	0.00787	0.03288	0.01159	0.01432	0.01236	0.09999	0.01245	0.12459	0.09986	0.00293	0.06228	0.00560	0.00313	0.00551
13	0.01256	0.01215	0.01954	0.33395	0.07831	0.03287	0.17439	0.08686	0.07566	0.01726	0.01091	0.01423	0.00840	0.00585	0.00689	0.00182	0.09323	0.00518	0.00302	0.00692
14	0.00726	0.00521	0.00609	0.00631	0.00694	0.00491	0.00414	0.00812	0.01029	0.01350	0.12716	0.18759	0.18366	0.36705	0.01575	0.00339	0.00393	0.03034	0.00434	0.00401
15	0.00894	0.00674	0.00777	0.00734	0.00874	0.00695	0.00535	0.05955	0.09739	0.01638	0.12812	0.03343	0.19136	0.21975	0.14849	0.00382	0.00574	0.00802	0.03103	0.00509
16	0.01130	0.00784	0.01001	0.00893	0.01100	0.00781	0.04903	0.13748	0.04572	0.07168	0.13736	0.24021	0.09564	0.01081	0.00595	0.00181	0.00393	0.03426	0.10317	0.00603
17	0.00984	0.00680	0.00852	0.00847	0.04257	0.00647	0.00604	0.04397	0.06087	0.08687	0.37196	0.12662	0.17783	0.01108	0.00617	0.00177	0.00323	0.00964	0.00550	0.00577
18	0.01806	0.01567	0.01544	0.01350	0.05928	0.20040	0.04235	0.24503	0.13031	0.11124	0.01365	0.01431	0.01022	0.02440	0.00605	0.00167	0.02683	0.00481	0.00442	0.04235
19	0.14453	0.15935	0.01657	0.05646	0.01633	0.36342	0.00970	0.14215	0.01495	0.01819	0.00886	0.01014	0.00713	0.00543	0.00448	0.00144	0.00738	0.00357	0.00318	0.00675
20	0.00818	0.00603	0.00728	0.00704	0.00832	0.00591	0.00516	0.06152	0.01226	0.01628	0.19772	0.10947	0.23884	0.11069	0.13044	0.05123	0.00514	0.00923	0.00454	0.00472

[dist]
# distance from previous block
# <min> <max>
2	40

[block]
# block no. 6 follows, 45 sequences, length 7
# corresponding to MSA columns:
# 368-374
name=unknown_G
#
# <colnr> <probs for GDERKNQSTAVLIFYWHMCP>
#	G	D	E	R	K	N	Q	S	T	A	V	L	I	F	Y	W	H	M	C	P
0	0.03288	0.01153	0.01702	0.25357	0.20497	0.05259	0.07087	0.03732	0.04052	0.01709	0.08487	0.01598	0.01222	0.00592	0.00601	0.00165	0.05028	0.00518	0.00313	0.07639
1	0.01126	0.07591	0.04047	0.05027	0.01315	0.00860	0.00743	0.04452	0.03301	0.06829	0.12061	0.09397	0.08337	0.00773	0.00511	0.00141	0.00420	0.02359	0.00415	0.30298
2	0.01038	0.00904	0.01450	0.34895	0.17322	0.01036	0.01195	0.01291	0.01122	0.01549	0.13592	0.01856	0.01503	0.00782	0.00794	0.08402	0.06810	0.00558	0.03308	0.00592
3	0.01171	0.03685	0.01521	0.13826	0.16561	0.05155	0.05589	0.06376	0.02965	0.01694	0.01678	0.11840	0.08205	0.00726	0.00534	0.00156	0.00552	0.00641	0.00347	0.16778
4	0.07707	0.00556	0.00665	0.00737	0.00819	0.00545	0.00528	0.00890	0.01048	0.01479	0.05523	0.41514	0.09475	0.13478	0.00967	0.00259	0.00374	0.12530	0.00461	0.00445
5	0.01711	0.01062	0.01238	0.01098	0.06412	0.06965	0.00808	0.07021	0.03933	0.31581	0.06783	0.08247	0.01550	0.00701	0.00523	0.00150	0.00479	0.00582	0.00502	0.18654
6	0.01376	0.28702	0.19057	0.01205	0.05640	0.01418	0.02589	0.04295	0.02851	0.09135	0.02790	0.01297	0.02561	0.00539	0.00478	0.00139	0.02299	0.00409	0.00319	0.12902

[dist]
# distance from previous block
# <min> <max>
3	16

[block]
# block no. 7 follows, 45 sequences, length 10
# corresponding to MSA columns:
# 407-416
name=unknown_H
#
# <colnr> <probs for GDERKNQSTAVLIFYWHMCP>
#	G	D	E	R	K	N	Q	S	T	A	V	L	I	F	Y	W	H	M	C	P
0	0.20838	0.05249	0.18517	0.01187	0.07041	0.01171	0.01055	0.10486	0.06658	0.04196	0.03370	0.07529	0.04614	0.00710	0.00493	0.00170	0.00527	0.02761	0.02729	0.00699
1	0.01327	0.03241	0.06642	0.01261	0.04470	0.08725	0.10570	0.06951	0.01303	0.07449	0.03780	0.04338	0.02915	0.02389	0.03302	0.00188	0.04995	0.06012	0.02942	0.17199
2	0.00953	0.00772	0.00905	0.00726	0.01052	0.00614	0.00562	0.01169	0.01183	0.01757	0.13820	0.09617	0.10532	0.00752	0.00488	0.00121	0.00344	0.00639	0.05104	0.48891
3	0.01527	0.04023	0.04215	0.01105	0.01411	0.02943	0.00918	0.32111	0.11813	0.06253	0.03611	0.12156	0.05819	0.00861	0.00679	0.00179	0.08464	0.00675	0.00481	0.00755
4	0.01381	0.00808	0.00883	0.00757	0.00975	0.00856	0.00602	0.19447	0.01486	0.08881	0.01626	0.01778	0.01231	0.00647	0.00489	0.00142	0.03809	0.00498	0.53066	0.00640
5	0.00896	0.00483	0.00704	0.00719	0.00741	0.00477	0.00499	0.00747	0.00805	0.01068	0.03937	0.06698	0.03796	0.01782	0.01815	0.67445	0.00446	0.06371	0.00289	0.00281
6	0.03965	0.01207	0.07754	0.01023	0.01380	0.04623	0.00878	0.06670	0.26883	0.23877	0.01940	0.01858	0.03671	0.00804	0.03429	0.00193	0.00517	0.00547	0.07990	0.00792
7	0.00879	0.00591	0.00735	0.00714	0.00869	0.00543	0.00541	0.01122	0.03950	0.08130	0.37049	0.15316	0.20398	0.01217	0.00637	0.00184	0.00304	0.05735	0.00555	0.00529
8	0.00716	0.00555	0.00691	0.05180	0.00938	0.00518	0.00532	0.00894	0.01258	0.01656	0.28971	0.19715	0.28061	0.04736	0.00732	0.00201	0.00316	0.03350	0.00507	0.00472
9	0.01279	0.01454	0.16816	0.01156	0.01563	0.05249	0.05478	0.06686	0.12241	0.04371	0.02757	0.01495	0.01074	0.01991	0.00640	0.00159	0.07734	0.00469	0.09650	0.17737

[dist]
# distance from previous block
# <min> <max>
1	14

[block]
# block no. 8 follows, 45 sequences, length 18
# corresponding to MSA columns:
# 433-450
name=unknown_I
#
# <colnr> <probs for GDERKNQSTAVLIFYWHMCP>
#	G	D	E	R	K	N	Q	S	T	A	V	L	I	F	Y	W	H	M	C	P
0	0.04763	0.03893	0.25846	0.08985	0.07952	0.01247	0.08733	0.07536	0.04088	0.01746	0.01203	0.02625	0.03197	0.00837	0.04622	0.03999	0.07236	0.00499	0.00294	0.00698
1	0.00807	0.00553	0.00681	0.00644	0.00781	0.00506	0.00480	0.01029	0.01407	0.04063	0.54521	0.03935	0.15593	0.04806	0.00707	0.00183	0.00274	0.00935	0.07595	0.00501
2	0.00664	0.00489	0.00619	0.00718	0.00778	0.00450	0.00494	0.00769	0.01063	0.01384	0.03338	0.61911	0.16185	0.04218	0.00746	0.00223	0.00320	0.04702	0.00492	0.00438
3	0.00886	0.00547	0.00711	0.00737	0.00840	0.00503	0.00523	0.01025	0.01183	0.10039	0.18395	0.43059	0.07775	0.08038	0.00827	0.00226	0.00336	0.03331	0.00521	0.00497
4	0.12377	0.01038	0.01151	0.00930	0.01278	0.02460	0.00755	0.20171	0.04381	0.30768	0.07200	0.02006	0.07836	0.00726	0.00519	0.00164	0.00453	0.00571	0.04439	0.00777
5	0.01095	0.01018	0.01167	0.17938	0.08041	0.10160	0.00896	0.06335	0.03847	0.01766	0.22050	0.02798	0.15221	0.04565	0.00674	0.00185	0.00513	0.00724	0.00417	0.00589
6	0.37315	0.15616	0.14255	0.05276	0.01592	0.10135	0.03457	0.01691	0.01088	0.04093	0.00855	0.01001	0.00666	0.00505	0.00408	0.00156	0.00602	0.00342	0.00293	0.00655
7	0.05043	0.18078	0.04833	0.07463	0.12560	0.09172	0.07376	0.05416	0.04724	0.08341	0.01171	0.04135	0.00955	0.00563	0.00482	0.00150	0.00619	0.00466	0.02031	0.06422
8	0.05898	0.14517	0.15967	0.03416	0.01791	0.06436	0.11537	0.04303	0.10990	0.08300	0.04746	0.02641	0.01131	0.00613	0.00581	0.00166	0.05388	0.00495	0.00353	0.00729
9	0.00692	0.00519	0.00610	0.00638	0.00744	0.00468	0.00450	0.00835	0.01194	0.01572	0.21106	0.27256	0.29950	0.08116	0.00819	0.00216	0.00300	0.01165	0.02900	0.00451
10	0.00768	0.00575	0.00769	0.00777	0.00860	0.00619	0.00568	0.00958	0.03555	0.01365	0.09106	0.15784	0.07020	0.16011	0.36652	0.00554	0.02380	0.00840	0.00379	0.00462
11	0.00947	0.00681	0.00997	0.07455	0.08568	0.00658	0.02855	0.01141	0.01211	0.08473	0.14134	0.33060	0.11899	0.01209	0.00632	0.00193	0.00400	0.04453	0.00477	0.00556
12	0.08032	0.00615	0.00733	0.00725	0.00882	0.00586	0.00543	0.01168	0.02477	0.10273	0.21311	0.27407	0.13817	0.01205	0.00605	0.00187	0.00323	0.04167	0.04413	0.00534
13	0.01226	0.40740	0.08858	0.03840	0.04298	0.01555	0.07661	0.01472	0.01121	0.01467	0.07531	0.03431	0.01248	0.04618	0.00628	0.00164	0.04863	0.00475	0.04157	0.00650
14	0.01338	0.02864	0.15436	0.01400	0.01809	0.05916	0.18045	0.04807	0.01225	0.10044	0.01271	0.05223	0.01072	0.04375	0.03276	0.00209	0.09972	0.02156	0.00336	0.09227
15	0.26775	0.12345	0.05014	0.00986	0.01343	0.03254	0.02942	0.09942	0.15733	0.06289	0.01346	0.03608	0.01110	0.04079	0.00555	0.00181	0.00510	0.02887	0.00401	0.00699
16	0.14297	0.14461	0.31549	0.01139	0.01659	0.01305	0.01241	0.05602	0.06311	0.06861	0.01299	0.01450	0.03804	0.00770	0.04697	0.00200	0.00652	0.01649	0.00328	0.00727
17	0.07423	0.01130	0.03368	0.01095	0.01405	0.03758	0.09566	0.19005	0.08578	0.05958	0.16199	0.02028	0.02938	0.00720	0.00575	0.00165	0.03379	0.00600	0.11413	0.00697

[dist]
# distance from previous block
# <min> <max>
3	20

[block]
# block no. 9 follows, 45 sequences, length 26
# corresponding to MSA columns:
# 471-496
name=unknown_J
#
# <colnr> <probs for GDERKNQSTAVLIFYWHMCP>
#	G	D	E	R	K	N	Q	S	T	A	V	L	I	F	Y	W	H	M	C	P
0	0.07644	0.01271	0.07727	0.10386	0.12811	0.07158	0.01077	0.13791	0.02777	0.04441	0.09163	0.04239	0.04374	0.01775	0.03133	0.00196	0.00601	0.04470	0.00391	0.02574
1	0.01279	0.11706	0.01355	0.01068	0.05897	0.09139	0.00791	0.07956	0.01296	0.06606	0.05171	0.16953	0.07655	0.03183	0.00655	0.00168	0.04782	0.00703	0.00397	0.13240
2	0.07281	0.16445	0.03953	0.01239	0.06012	0.02352	0.07752	0.14171	0.01382	0.09560	0.01320	0.07104	0.02759	0.00646	0.00559	0.00153	0.05113	0.00517	0.00376	0.11307
3	0.05394	0.01264	0.01155	0.03524	0.03462	0.20653	0.00805	0.04360	0.01334	0.10015	0.09694	0.02253	0.14910	0.01014	0.06021	0.00208	0.05690	0.00603	0.00403	0.07239
4	0.43374	0.02843	0.02663	0.04511	0.01415	0.09305	0.02971	0.08867	0.11055	0.04701	0.01117	0.03128	0.00877	0.00582	0.00432	0.00166	0.00527	0.00415	0.00379	0.00670
5	0.01494	0.05110	0.07664	0.06092	0.06520	0.01155	0.06020	0.15486	0.06566	0.12218	0.02966	0.01410	0.01026	0.00546	0.00497	0.00142	0.00548	0.00458	0.00403	0.23679
6	0.00758	0.00544	0.00659	0.00657	0.00759	0.00525	0.00465	0.00864	0.01039	0.02814	0.09938	0.07839	0.27777	0.21731	0.17117	0.04192	0.00583	0.00897	0.00412	0.00430
7	0.00997	0.00818	0.01180	0.03350	0.04194	0.00830	0.09668	0.03534	0.11332	0.03938	0.16919	0.18676	0.13272	0.01033	0.00650	0.00184	0.03428	0.00917	0.04481	0.00598
8	0.01386	0.01445	0.10664	0.05071	0.18676	0.07407	0.09657	0.06618	0.01266	0.08429	0.01255	0.07541	0.01092	0.00712	0.00768	0.00183	0.14415	0.02361	0.00333	0.00725
9	0.00825	0.00578	0.00705	0.00753	0.00898	0.00536	0.00608	0.01008	0.01202	0.04465	0.03701	0.10954	0.31320	0.04373	0.00741	0.00219	0.00380	0.30480	0.05769	0.00484
10	0.01738	0.00972	0.01163	0.00937	0.01260	0.00967	0.00757	0.23859	0.03680	0.29078	0.20519	0.02335	0.04828	0.00789	0.00558	0.00164	0.00429	0.00650	0.04541	0.00776
11	0.00870	0.00620	0.00776	0.00701	0.00884	0.00554	0.00532	0.01134	0.03241	0.05412	0.54981	0.06157	0.11043	0.01037	0.00603	0.00162	0.00286	0.00906	0.00552	0.09548
12	0.02000	0.06629	0.01680	0.01227	0.01646	0.07826	0.01015	0.65449	0.02354	0.03085	0.01218	0.01236	0.00881	0.00625	0.00521	0.00156	0.00620	0.00460	0.00497	0.00876
13	0.02420	0.05851	0.01144	0.05341	0.01233	0.00795	0.04872	0.02949	0.01026	0.01467	0.01391	0.10632	0.01406	0.15606	0.04132	0.09656	0.00520	0.02369	0.02425	0.24764
14	0.01793	0.21514	0.01782	0.03458	0.01587	0.40139	0.00975	0.07218	0.06771	0.06376	0.01045	0.01130	0.00831	0.00557	0.00460	0.00140	0.00749	0.00379	0.02405	0.00690
15	0.33265	0.01268	0.01148	0.05959	0.01416	0.13933	0.00839	0.10306	0.01244	0.05573	0.01077	0.01425	0.00896	0.01010	0.09394	0.00249	0.06086	0.03930	0.00353	0.00628
16	0.01344	0.01356	0.06545	0.17948	0.36932	0.01325	0.12364	0.12191	0.01379	0.01902	0.01047	0.01349	0.00817	0.00512	0.00547	0.00167	0.00694	0.00497	0.00298	0.00787
17	0.00981	0.00763	0.01076	0.12158	0.01362	0.00918	0.00811	0.01115	0.00920	0.04716	0.01448	0.09340	0.01475	0.20055	0.14446	0.03044	0.19949	0.02662	0.02265	0.00495
18	0.00821	0.00544	0.00697	0.00731	0.00845	0.00496	0.00536	0.00981	0.01232	0.07191	0.21322	0.38117	0.15871	0.01398	0.00658	0.00199	0.00316	0.07017	0.00533	0.00495
19	0.02344	0.00942	0.01254	0.00970	0.01380	0.00840	0.00798	0.04621	0.05349	0.72310	0.02099	0.01821	0.01333	0.00667	0.00540	0.00167	0.00459	0.00542	0.00655	0.00910
20	0.00827	0.00574	0.00728	0.00791	0.00876	0.00555	0.00565	0.06025	0.01171	0.03725	0.04291	0.56881	0.06755	0.05588	0.00777	0.00228	0.00360	0.08302	0.00498	0.00485
21	0.00759	0.00532	0.00683	0.00715	0.00775	0.00548	0.00500	0.00870	0.00928	0.01276	0.02184	0.18327	0.07036	0.29103	0.23871	0.00500	0.00711	0.05502	0.04760	0.00419
22	0.01387	0.04785	0.04217	0.01101	0.01401	0.01309	0.00902	0.08109	0.47731	0.07109	0.01945	0.08123	0.01563	0.00791	0.00642	0.00183	0.06775	0.00634	0.00498	0.00795
23	0.03844	0.31540	0.10386	0.01213	0.04947	0.06905	0.01082	0.10027	0.04917	0.05636	0.03133	0.01201	0.00922	0.00592	0.00600	0.00152	0.10126	0.00403	0.00321	0.02054
24	0.01613	0.13367	0.06719	0.01217	0.04418	0.07137	0.01010	0.20108	0.27357	0.07033	0.01491	0.01466	0.01116	0.00618	0.00502	0.00158	0.00560	0.00479	0.00447	0.03183
25	0.78253	0.00997	0.00773	0.00696	0.01002	0.01150	0.00561	0.01515	0.00903	0.02300	0.00822	0.01081	0.00690	0.06894	0.00523	0.00194	0.00424	0.00330	0.00332	0.00561

[dist]
# distance from previous block
# <min> <max>
4	13

[block]
# block no. 10 follows, 45 sequences, length 6
# corresponding to MSA columns:
# 525-530
name=unknown_K
#
# <colnr> <probs for GDERKNQSTAVLIFYWHMCP>
#	G	D	E	R	K	N	Q	S	T	A	V	L	I	F	Y	W	H	M	C	P
0	0.35379	0.00843	0.00811	0.00742	0.00997	0.00897	0.00596	0.05846	0.03875	0.04439	0.16652	0.02807	0.16987	0.00880	0.00507	0.00176	0.00374	0.06163	0.00457	0.00574
1	0.01538	0.10177	0.01556	0.06176	0.01602	0.01476	0.00953	0.30990	0.21481	0.02389	0.01500	0.06593	0.01219	0.00713	0.00595	0.00167	0.05333	0.00553	0.00455	0.04535
2	0.06166	0.01054	0.01183	0.00985	0.01304	0.01108	0.00802	0.29789	0.08504	0.15396	0.07090	0.02450	0.09081	0.00855	0.00596	0.02257	0.00469	0.07364	0.02796	0.00751
3	0.01485	0.51788	0.09388	0.01073	0.01516	0.07692	0.01042	0.08873	0.06177	0.01576	0.00916	0.01024	0.00772	0.00528	0.00465	0.00136	0.04195	0.00349	0.00283	0.00721
4	0.00791	0.00554	0.00680	0.00736	0.00790	0.00556	0.00496	0.00985	0.07924	0.01371	0.02378	0.41049	0.02688	0.23505	0.01307	0.04880	0.00396	0.05046	0.03433	0.00438
5	0.01456	0.01427	0.04707	0.09661	0.25800	0.05550	0.14741	0.16447	0.10985	0.02067	0.01209	0.01411	0.00928	0.00549	0.00550	0.00168	0.00681	0.00513	0.00352	0.00801

[dist]
# distance from previous block
# <min> <max>
0	7

[block]
# block no. 11 follows, 45 sequences, length 8
# corresponding to MSA columns:
# 538-545
name=unknown_L
#
# <colnr> <probs for GDERKNQSTAVLIFYWHMCP>
#	G	D	E	R	K	N	Q	S	T	A	V	L	I	F	Y	W	H	M	C	P
0	0.01055	0.01003	0.03908	0.06096	0.26221	0.02751	0.04977	0.01394	0.04936	0.01745	0.13242	0.06497	0.11179	0.00853	0.00583	0.00176	0.00509	0.07619	0.04603	0.00652
1	0.00922	0.00859	0.04883	0.00866	0.01005	0.07972	0.00674	0.01074	0.01058	0.04472	0.02371	0.30924	0.10342	0.07982	0.19736	0.00381	0.02619	0.00961	0.00400	0.00499
2	0.03113	0.00886	0.00826	0.00752	0.00935	0.08089	0.00566	0.14085	0.01388	0.02004	0.05956	0.07152	0.08849	0.08874	0.00707	0.00187	0.00413	0.00654	0.34005	0.00559
3	0.01238	0.10571	0.52127	0.01497	0.05751	0.08655	0.01658	0.01843	0.08592	0.01675	0.01051	0.01185	0.00784	0.00529	0.00495	0.00162	0.00744	0.00405	0.00265	0.00775
4	0.00939	0.00714	0.00942	0.03079	0.01027	0.00789	0.02577	0.08006	0.01077	0.01494	0.06557	0.08189	0.03889	0.27776	0.21324	0.00467	0.07205	0.00730	0.02731	0.00487
5	0.01603	0.23526	0.13197	0.01241	0.01686	0.15783	0.05695	0.15152	0.01457	0.06606	0.01034	0.01164	0.00809	0.00698	0.03985	0.00178	0.02568	0.00404	0.00328	0.02886
6	0.01226	0.00866	0.00936	0.00832	0.01077	0.00904	0.00646	0.14719	0.19012	0.05595	0.02555	0.11065	0.15203	0.00895	0.00532	0.00165	0.00375	0.00744	0.19386	0.03267
7	0.04728	0.13790	0.16060	0.04257	0.10021	0.04652	0.07631	0.05308	0.06027	0.08975	0.03650	0.01394	0.01024	0.00548	0.00487	0.00152	0.00610	0.00455	0.04344	0.05887

[dist]
# distance from previous block
# <min> <max>
2	10

[block]
# block no. 12 follows, 45 sequences, length 11
# corresponding to MSA columns:
# 579-589
name=unknown_M
#
# <colnr> <probs for GDERKNQSTAVLIFYWHMCP>
#	G	D	E	R	K	N	Q	S	T	A	V	L	I	F	Y	W	H	M	C	P
0	0.03925	0.05679	0.10440	0.05547	0.04906	0.05504	0.02600	0.10364	0.07713	0.11921	0.07948	0.09933	0.07694	0.00879	0.02399	0.00187	0.00554	0.00667	0.00437	0.00702
1	0.01213	0.01050	0.01406	0.09424	0.08530	0.04630	0.06845	0.03522	0.05115	0.06097	0.03961	0.05056	0.06828	0.00695	0.00579	0.00152	0.03923	0.04612	0.00372	0.25989
2	0.01122	0.00868	0.01052	0.04872	0.01303	0.00700	0.00655	0.01356	0.01148	0.05898	0.04834	0.06951	0.01254	0.00558	0.00442	0.00106	0.00395	0.00466	0.05960	0.60058
3	0.01173	0.02888	0.09531	0.11285	0.26314	0.03850	0.08064	0.05345	0.03586	0.01738	0.06083	0.09885	0.06487	0.00724	0.00563	0.00172	0.00608	0.00660	0.00340	0.00705
4	0.01435	0.07103	0.05914	0.01802	0.02278	0.10368	0.44086	0.05709	0.06837	0.04994	0.01171	0.01405	0.00887	0.00607	0.02786	0.00189	0.00829	0.00550	0.00318	0.00733
5	0.00752	0.00541	0.00707	0.00789	0.00872	0.00518	0.00601	0.00910	0.01144	0.01509	0.11158	0.31156	0.09706	0.10351	0.00922	0.00253	0.00389	0.26782	0.00488	0.00453
6	0.06951	0.03578	0.12389	0.03268	0.01473	0.00975	0.04746	0.07343	0.06900	0.17377	0.15703	0.08288	0.03847	0.00824	0.00560	0.00175	0.00493	0.03929	0.00478	0.00703
7	0.00932	0.00466	0.00699	0.00699	0.00699	0.00466	0.00466	0.00699	0.00699	0.00932	0.00932	0.01632	0.00932	0.01865	0.02098	0.84382	0.00466	0.00466	0.00233	0.00233
8	0.00986	0.00556	0.00595	0.00580	0.00717	0.00560	0.00438	0.04708	0.01205	0.01977	0.07030	0.05645	0.05891	0.00934	0.04825	0.00178	0.00337	0.00614	0.61710	0.00514
9	0.55524	0.00991	0.00889	0.03373	0.01167	0.01123	0.00665	0.06659	0.06365	0.02307	0.05591	0.01766	0.05476	0.00674	0.00429	0.00174	0.00426	0.05400	0.00393	0.00606
10	0.04114	0.08107	0.01467	0.11007	0.01728	0.30718	0.00984	0.11679	0.08603	0.01742	0.01490	0.04747	0.05368	0.00717	0.00520	0.00162	0.00692	0.05131	0.00364	0.00659

[dist]
# distance from previous block
# <min> <max>
13	34

[block]
# block no. 13 follows, 45 sequences, length 10
# corresponding to MSA columns:
# 637-641,643-646,648
name=unknown_N
#
# <colnr> <probs for GDERKNQSTAVLIFYWHMCP>
#	G	D	E	R	K	N	Q	S	T	A	V	L	I	F	Y	W	H	M	C	P
0	0.27851	0.07377	0.01478	0.06438	0.17251	0.04926	0.00992	0.10245	0.03420	0.08724	0.01101	0.01310	0.00863	0.00556	0.00455	0.00159	0.00544	0.02289	0.00364	0.03657
1	0.06695	0.30996	0.19838	0.01174	0.01663	0.03395	0.05082	0.06245	0.01232	0.09136	0.02476	0.01165	0.00851	0.00547	0.00526	0.00150	0.05524	0.00394	0.00309	0.02600
2	0.03014	0.02994	0.01112	0.04356	0.03916	0.04273	0.00746	0.11252	0.09233	0.07949	0.11249	0.02160	0.07755	0.01061	0.05411	0.09161	0.00513	0.00592	0.06660	0.06592
3	0.01033	0.00711	0.00958	0.00857	0.01048	0.00693	0.05073	0.05669	0.01329	0.09225	0.19232	0.08839	0.18160	0.04703	0.05323	0.00237	0.02856	0.07847	0.05647	0.00559
4	0.01207	0.04724	0.06285	0.14764	0.16317	0.05847	0.12939	0.01603	0.06819	0.03436	0.03818	0.04570	0.07957	0.00668	0.00600	0.00170	0.03809	0.00597	0.00328	0.03542
5	0.00852	0.05476	0.00930	0.00811	0.00900	0.00774	0.00599	0.01049	0.05308	0.01259	0.01640	0.10637	0.01703	0.26263	0.35041	0.00578	0.04667	0.00716	0.00330	0.00468
6	0.01122	0.05540	0.05686	0.00903	0.01172	0.08114	0.02052	0.03952	0.05016	0.03762	0.06450	0.10974	0.04954	0.15192	0.04829	0.01583	0.00553	0.00665	0.00376	0.17102
7	0.00861	0.00647	0.00892	0.00957	0.05477	0.00695	0.00661	0.05560	0.01034	0.01430	0.03501	0.15228	0.04198	0.15121	0.38915	0.00569	0.00928	0.02470	0.00360	0.00497
8	0.01415	0.47800	0.10532	0.01168	0.06167	0.07387	0.01062	0.01650	0.01156	0.05859	0.01039	0.01368	0.00918	0.00760	0.05152	0.00181	0.00671	0.04742	0.00280	0.00694
9	0.17744	0.11852	0.15559	0.01141	0.01603	0.05102	0.03601	0.17101	0.11743	0.04382	0.01158	0.01220	0.00869	0.00558	0.00464	0.00157	0.00585	0.00415	0.00375	0.04370

[dist]
# distance from previous block
# <min> <max>
1	10

[block]
# block no. 14 follows, 45 sequences, length 51
# corresponding to MSA columns:
# 680-694,697-718,720-733
name=unknown_O
#
# <colnr> <probs for GDERKNQSTAVLIFYWHMCP>
#	G	D	E	R	K	N	Q	S	T	A	V	L	I	F	Y	W	H	M	C	P
0	0.01119	0.00724	0.00863	0.00759	0.00981	0.00683	0.00594	0.09344	0.02554	0.11519	0.31641	0.03509	0.18487	0.03080	0.00647	0.00177	0.00346	0.04191	0.04277	0.04506
1	0.01044	0.00901	0.01313	0.01288	0.09047	0.01058	0.04418	0.01225	0.01049	0.04018	0.10195	0.03436	0.09831	0.06066	0.10101	0.00293	0.29299	0.00657	0.04186	0.00574
2	0.00708	0.00502	0.00639	0.00710	0.00788	0.00457	0.00492	0.00834	0.01142	0.03345	0.14084	0.55824	0.15447	0.01522	0.00666	0.00204	0.00300	0.01360	0.00516	0.00460
3	0.01060	0.04479	0.00897	0.00735	0.00946	0.00695	0.00576	0.06936	0.01426	0.11439	0.28121	0.07817	0.25023	0.01214	0.04256	0.00203	0.00384	0.00897	0.02320	0.00576
4	0.02904	0.01018	0.01398	0.01065	0.01479	0.00909	0.11550	0.07276	0.06190	0.13272	0.01791	0.01978	0.08829	0.00636	0.00512	0.00140	0.00488	0.03994	0.00421	0.34151
5	0.01129	0.14196	0.67390	0.01441	0.02186	0.01374	0.01829	0.01687	0.01127	0.01637	0.00932	0.01094	0.00681	0.00503	0.00486	0.00162	0.00761	0.00381	0.00227	0.00778
6	0.00827	0.00680	0.02649	0.02959	0.00988	0.00617	0.00612	0.01011	0.01131	0.01562	0.08310	0.14137	0.21654	0.06988	0.02546	0.00218	0.04232	0.09907	0.08989	0.09982
7	0.01435	0.81458	0.02813	0.00918	0.01378	0.02124	0.00918	0.01607	0.01091	0.01263	0.00746	0.00861	0.00689	0.00459	0.00344	0.00115	0.00574	0.00287	0.00230	0.00689
8	0.79990	0.01006	0.00772	0.00694	0.01014	0.01163	0.00569	0.01559	0.00926	0.02384	0.00806	0.00938	0.00628	0.00506	0.00335	0.00164	0.00406	0.00303	0.05260	0.00577
9	0.00716	0.00543	0.00660	0.00638	0.00777	0.00487	0.00476	0.00926	0.01406	0.01900	0.51846	0.07874	0.27384	0.01205	0.00636	0.00175	0.00262	0.01046	0.00558	0.00487
10	0.03533	0.00978	0.01613	0.71598	0.07046	0.01210	0.01462	0.01388	0.01068	0.01418	0.00943	0.01402	0.00718	0.00544	0.00566	0.00179	0.03010	0.00471	0.00242	0.00608
11	0.00670	0.00526	0.00606	0.00627	0.00757	0.00462	0.00455	0.00824	0.01247	0.01603	0.22549	0.23861	0.41149	0.01376	0.00647	0.00187	0.00277	0.01192	0.00521	0.00462
12	0.00685	0.00507	0.00609	0.00658	0.00735	0.00465	0.00447	0.00795	0.01102	0.01441	0.13625	0.37795	0.22163	0.15236	0.01019	0.00254	0.00330	0.01222	0.00481	0.00431
13	0.05708	0.02955	0.07347	0.01178	0.01575	0.05098	0.01006	0.33358	0.31201	0.02628	0.01555	0.01512	0.01147	0.00652	0.00523	0.00168	0.00550	0.00505	0.00489	0.00845
14	0.04225	0.01748	0.03516	0.07003	0.05307	0.31327	0.04467	0.13810	0.09286	0.01874	0.03295	0.03885	0.01056	0.00627	0.00543	0.00157	0.02491	0.00480	0.00360	0.04543
15	0.01444	0.13363	0.12251	0.02610	0.01587	0.07848	0.01062	0.17811	0.21386	0.02056	0.01457	0.01721	0.01181	0.02337	0.05338	0.00214	0.00651	0.04525	0.00402	0.00756
16	0.01455	0.01291	0.05150	0.04585	0.06649	0.03446	0.07834	0.22489	0.21044	0.04030	0.08957	0.03713	0.01553	0.00698	0.00572	0.00171	0.01773	0.00595	0.03217	0.00779
17	0.01032	0.00842	0.01116	0.01013	0.01070	0.01067	0.00822	0.01202	0.00994	0.01560	0.07185	0.03236	0.01544	0.04802	0.03553	0.00234	0.38780	0.07108	0.22308	0.00532
18	0.01125	0.09600	0.66234	0.01473	0.02208	0.01331	0.03629	0.01747	0.04703	0.01688	0.01005	0.01158	0.00729	0.00514	0.00500	0.00166	0.00759	0.00403	0.00243	0.00785
19	0.00794	0.00548	0.00648	0.00675	0.00711	0.00543	0.00433	0.03239	0.00942	0.01249	0.02161	0.22068	0.04231	0.51482	0.01968	0.00407	0.00465	0.06658	0.00391	0.00387
20	0.00665	0.00492	0.00621	0.00701	0.00772	0.00449	0.00483	0.00788	0.01130	0.01491	0.13537	0.56626	0.17193	0.01544	0.00669	0.00205	0.00296	0.01379	0.00511	0.00449
21	0.01283	0.01476	0.08452	0.05570	0.02434	0.01424	0.45454	0.07528	0.01257	0.01747	0.01009	0.01354	0.00785	0.00576	0.00842	0.00189	0.17067	0.00562	0.00280	0.00710
22	0.01258	0.01310	0.11024	0.27077	0.31692	0.01202	0.05029	0.01612	0.01174	0.07488	0.01114	0.03311	0.00884	0.00556	0.00575	0.00172	0.02982	0.00505	0.00288	0.00744
23	0.00875	0.00573	0.00745	0.00693	0.00841	0.00522	0.00523	0.01112	0.01483	0.07937	0.64586	0.07419	0.08423	0.01104	0.00628	0.00172	0.00273	0.00971	0.00588	0.00532
24	0.01263	0.01020	0.01175	0.00859	0.01322	0.00845	0.00691	0.09429	0.04391	0.04423	0.01078	0.01192	0.00860	0.00446	0.00423	0.00095	0.00421	0.00355	0.00362	0.69350
25	0.02679	0.26322	0.11275	0.07392	0.10359	0.08090	0.01134	0.10872	0.01336	0.02656	0.04141	0.04460	0.01070	0.02670	0.00528	0.00156	0.00620	0.00460	0.00314	0.03466
26	0.02996	0.01137	0.11135	0.00949	0.01306	0.00922	0.00857	0.17040	0.01611	0.16217	0.25361	0.02258	0.02286	0.00752	0.00538	0.00157	0.00444	0.00622	0.07060	0.06349
27	0.01232	0.00984	0.01128	0.01120	0.07079	0.02688	0.00793	0.10933	0.29211	0.04093	0.17421	0.11837	0.04584	0.00898	0.00574	0.00176	0.00415	0.00771	0.03352	0.00711
28	0.05104	0.05675	0.35045	0.03247	0.01923	0.01202	0.10554	0.08601	0.04745	0.01898	0.07437	0.03824	0.07101	0.00665	0.00538	0.00170	0.00646	0.00566	0.00338	0.00721
29	0.03916	0.15393	0.20416	0.02714	0.08563	0.04946	0.06549	0.12795	0.03655	0.09479	0.01238	0.03456	0.00984	0.00600	0.00506	0.00161	0.00649	0.02854	0.00354	0.00771
30	0.00698	0.00557	0.00628	0.00615	0.00772	0.00493	0.00459	0.00909	0.03145	0.01725	0.31844	0.08132	0.45584	0.01262	0.00634	0.00178	0.00271	0.01078	0.00534	0.00482
