[name]
unknown

[dist]
# distance from previous block
# <min> <max>
6	192

[block]
# block no. 0 follows, 52 sequences, length 6
# corresponding to MSA columns:
# 368-372,374
name=unknown_A
#
# <colnr> <probs for GDERKNQSTAVLIFYWHMCP>
#	G	D	E	R	K	N	Q	S	T	A	V	L	I	F	Y	W	H	M	C	P
0	0.03490	0.02773	0.01287	0.12708	0.09428	0.00991	0.03283	0.12860	0.08288	0.16400	0.08311	0.05761	0.03810	0.00672	0.00529	0.00155	0.02858	0.02526	0.00411	0.03459
1	0.04911	0.03295	0.24445	0.09407	0.04296	0.03398	0.02652	0.07639	0.07325	0.10218	0.04047	0.01280	0.00932	0.00520	0.00489	0.00144	0.03084	0.00412	0.00324	0.11183
2	0.01159	0.07442	0.01430	0.01132	0.04398	0.00964	0.14550	0.11903	0.06416	0.08973	0.05796	0.10333	0.08118	0.00971	0.05203	0.00200	0.00533	0.09471	0.00400	0.00609
3	0.06039	0.02944	0.02552	0.06965	0.17299	0.00916	0.04546	0.05940	0.02736	0.05838	0.03229	0.09304	0.04723	0.02616	0.00551	0.00150	0.02855	0.02547	0.00332	0.17918
4	0.06021	0.00812	0.03183	0.02947	0.05394	0.00802	0.00693	0.10802	0.10549	0.09433	0.15559	0.18404	0.05204	0.03522	0.04282	0.00200	0.00422	0.00745	0.00442	0.00585
5	0.03705	0.26238	0.01692	0.05098	0.05257	0.03317	0.06576	0.07636	0.11827	0.04998	0.05707	0.05704	0.01189	0.00700	0.03599	0.00163	0.01930	0.00474	0.00331	0.03858

[dist]
# distance from previous block
# <min> <max>
0	1

[block]
# block no. 1 follows, 52 sequences, length 34
# corresponding to MSA columns:
# 376-409
name=unknown_B
#
# <colnr> <probs for GDERKNQSTAVLIFYWHMCP>
#	G	D	E	R	K	N	Q	S	T	A	V	L	I	F	Y	W	H	M	C	P
0	0.03580	0.00615	0.00800	0.04786	0.03837	0.00600	0.00584	0.02654	0.04439	0.08902	0.09350	0.32008	0.07196	0.03998	0.03269	0.05641	0.00381	0.00869	0.00413	0.06077
1	0.09819	0.05963	0.01489	0.28414	0.19043	0.01164	0.01106	0.09824	0.04447	0.06943	0.01007	0.01265	0.00784	0.02400	0.01686	0.00168	0.03115	0.00420	0.00298	0.00645
2	0.01180	0.09528	0.04319	0.21839	0.17169	0.09673	0.05547	0.03962	0.02147	0.02389	0.00916	0.03911	0.00781	0.00554	0.00623	0.00154	0.12086	0.00437	0.00251	0.02534
3	0.00783	0.00601	0.00840	0.03539	0.08930	0.00622	0.00640	0.01011	0.06690	0.03328	0.06592	0.40575	0.03860	0.05579	0.12015	0.00279	0.02283	0.00957	0.00393	0.00482
4	0.10231	0.00699	0.00814	0.00710	0.00940	0.00643	0.02109	0.02385	0.02995	0.04013	0.03939	0.20161	0.09036	0.06165	0.00614	0.00161	0.01607	0.02629	0.03917	0.26233
5	0.20715	0.02413	0.01251	0.14654	0.06371	0.04307	0.02966	0.18932	0.05805	0.06891	0.01112	0.01369	0.00872	0.00782	0.06611	0.00201	0.00579	0.03181	0.00351	0.00639
6	0.01120	0.03504	0.03051	0.00839	0.01062	0.00798	0.04309	0.04477	0.04893	0.14801	0.06890	0.03466	0.13727	0.01067	0.09119	0.00219	0.08591	0.01992	0.12401	0.03674
7	0.00688	0.00496	0.00711	0.00731	0.00806	0.00554	0.00550	0.00842	0.00817	0.01180	0.01566	0.16194	0.01585	0.05921	0.59028	0.00624	0.01022	0.00673	0.05588	0.00422
8	0.01023	0.00602	0.00818	0.02918	0.04746	0.00583	0.00604	0.05259	0.01060	0.14988	0.02037	0.37959	0.02144	0.05813	0.00819	0.09471	0.00378	0.06362	0.01923	0.00493
9	0.01307	0.01287	0.14557	0.16001	0.17736	0.01088	0.11797	0.10634	0.01254	0.13642	0.01171	0.01483	0.00892	0.00532	0.00501	0.00156	0.00608	0.04325	0.00325	0.00702
10	0.00590	0.00422	0.00562	0.00675	0.00703	0.00394	0.00450	0.00675	0.00928	0.01237	0.02671	0.82653	0.03205	0.01518	0.00619	0.00197	0.00281	0.01378	0.00450	0.00394
11	0.05152	0.01229	0.01320	0.01048	0.01406	0.01359	0.00855	0.52766	0.18785	0.08937	0.01378	0.01327	0.00984	0.00594	0.00479	0.00150	0.00485	0.00457	0.00488	0.00800
12	0.01199	0.01151	0.01967	0.02974	0.79946	0.01151	0.01487	0.01487	0.01103	0.01583	0.00912	0.01199	0.00768	0.00432	0.00480	0.00144	0.00576	0.00432	0.00240	0.00768
13	0.01124	0.00737	0.00868	0.00702	0.00985	0.00641	0.00546	0.07005	0.01147	0.15918	0.02152	0.03633	0.19535	0.09994	0.04835	0.00196	0.00415	0.00584	0.00399	0.28585
14	0.00995	0.00965	0.01527	0.66614	0.14769	0.04412	0.01350	0.01305	0.01006	0.01288	0.00864	0.01261	0.00663	0.00477	0.00482	0.00157	0.00645	0.00426	0.00220	0.00574
15	0.00590	0.00422	0.00562	0.00675	0.00703	0.00394	0.00450	0.00675	0.00928	0.01237	0.02671	0.82653	0.03205	0.01518	0.00619	0.00197	0.00281	0.01378	0.00450	0.00394
16	0.01430	0.01130	0.01206	0.01021	0.01333	0.01280	0.00812	0.25580	0.53259	0.04842	0.01725	0.01607	0.01271	0.00633	0.00490	0.00158	0.00430	0.00512	0.00494	0.00786
17	0.14331	0.00773	0.00898	0.00790	0.01030	0.00779	0.00639	0.10533	0.03384	0.22621	0.12868	0.04373	0.04747	0.06394	0.00642	0.00186	0.00395	0.13547	0.00472	0.00600
18	0.00600	0.00429	0.00573	0.00686	0.00718	0.00402	0.00467	0.00691	0.00937	0.01248	0.02666	0.78749	0.03184	0.01509	0.00621	0.00198	0.00290	0.05186	0.00450	0.00396
19	0.00676	0.00495	0.00635	0.00600	0.00718	0.00453	0.00450	0.00896	0.01349	0.01890	0.73415	0.03707	0.10881	0.01011	0.00572	0.00153	0.00230	0.00889	0.00526	0.00453
20	0.00707	0.00518	0.00668	0.00638	0.00756	0.00490	0.00482	0.00978	0.04577	0.01903	0.70888	0.06451	0.04330	0.01008	0.00574	0.00157	0.00245	0.03638	0.00526	0.00467
21	0.01044	0.00611	0.00762	0.00735	0.00891	0.00582	0.00546	0.06927	0.04319	0.17548	0.05924	0.42663	0.09897	0.01149	0.00564	0.00175	0.00326	0.02139	0.02663	0.00535
22	0.01399	0.01137	0.01205	0.01025	0.01334	0.01296	0.00814	0.25599	0.55732	0.02339	0.01727	0.01612	0.01280	0.00634	0.00491	0.00159	0.00429	0.00514	0.00491	0.00784
23	0.01808	0.01021	0.01199	0.00962	0.01310	0.01054	0.00781	0.21434	0.24338	0.38061	0.01742	0.01574	0.01187	0.00612	0.00488	0.00153	0.00434	0.00492	0.00540	0.00808
24	0.15238	0.00757	0.00893	0.00835	0.01047	0.00788	0.03213	0.07851	0.08563	0.07886	0.05779	0.09642	0.07994	0.00937	0.00530	0.00177	0.00398	0.23524	0.03395	0.00551
25	0.08567	0.00885	0.01043	0.00847	0.01163	0.00885	0.00686	0.11911	0.13898	0.39882	0.07129	0.01693	0.01380	0.00619	0.00467	0.00149	0.00393	0.00497	0.07169	0.00736
26	0.58580	0.00987	0.00887	0.00740	0.01069	0.01087	0.00608	0.12910	0.02823	0.08627	0.00891	0.00952	0.00660	0.00479	0.00351	0.00144	0.00400	0.00315	0.00355	0.07136
27	0.00694	0.00511	0.00737	0.00736	0.00810	0.00581	0.00554	0.00842	0.00782	0.01117	0.03278	0.02140	0.01379	0.15695	0.67041	0.00716	0.01145	0.00556	0.00272	0.00412
28	0.12139	0.00768	0.00939	0.00778	0.01062	0.00729	0.00628	0.05428	0.02778	0.41673	0.16324	0.04793	0.05469	0.00776	0.01733	0.00164	0.00381	0.02245	0.00522	0.00670
29	0.02849	0.00491	0.00630	0.00718	0.00801	0.00469	0.00549	0.00811	0.01023	0.01360	0.04971	0.42413	0.13651	0.01378	0.00619	0.00198	0.00331	0.25874	0.00447	0.00418
30	0.13605	0.00813	0.00999	0.00824	0.01110	0.00812	0.00666	0.09638	0.01237	0.40687	0.01511	0.01601	0.01094	0.04908	0.17982	0.00300	0.00614	0.00467	0.00458	0.00674
31	0.01124	0.00934	0.01068	0.00780	0.01200	0.00779	0.00627	0.11670	0.03624	0.01792	0.00937	0.01051	0.00756	0.00398	0.00380	0.00085	0.00383	0.00315	0.00320	0.71775
32	0.28522	0.00710	0.00761	0.00692	0.00903	0.00742	0.00546	0.02717	0.03339	0.12092	0.25555	0.07548	0.04301	0.00995	0.06449	0.00203	0.00399	0.02556	0.00434	0.00535
33	0.01301	0.07317	0.01250	0.00869	0.01246	0.07042	0.02010	0.14042	0.01293	0.08011	0.06119	0.01232	0.01010	0.00480	0.00431	0.00106	0.01880	0.00373	0.00349	0.43637

[dist]
# distance from previous block
# <min> <max>
2	35

[block]
# block no. 2 follows, 52 sequences, length 47
# corresponding to MSA columns:
# 445-467,470-489,491-494
name=unknown_C
#
# <colnr> <probs for GDERKNQSTAVLIFYWHMCP>
#	G	D	E	R	K	N	Q	S	T	A	V	L	I	F	Y	W	H	M	C	P
0	0.00853	0.00620	0.00752	0.00675	0.00859	0.00554	0.00493	0.01049	0.06090	0.04569	0.10310	0.19007	0.07867	0.10992	0.03153	0.06870	0.00369	0.00727	0.00380	0.23809
1	0.10279	0.02068	0.01040	0.03969	0.01197	0.00910	0.03107	0.15428	0.09451	0.05607	0.04091	0.20713	0.01662	0.02230	0.01851	0.00175	0.02205	0.04932	0.00409	0.08676
2	0.17636	0.01024	0.05927	0.03967	0.01249	0.01051	0.00755	0.03438	0.39927	0.06775	0.04221	0.01583	0.01264	0.00596	0.00441	0.00154	0.00397	0.00473	0.08449	0.00673
3	0.00644	0.00440	0.00546	0.00614	0.00635	0.00423	0.00390	0.00704	0.00852	0.01155	0.02220	0.51145	0.02613	0.30396	0.01263	0.00290	0.00346	0.01101	0.03863	0.00360
4	0.08041	0.00598	0.00700	0.00702	0.00838	0.00600	0.00521	0.04593	0.05769	0.08773	0.06941	0.38727	0.04067	0.02544	0.00566	0.00178	0.00320	0.04837	0.10188	0.00498
5	0.00821	0.00491	0.00621	0.00636	0.00700	0.00490	0.00446	0.02652	0.00900	0.04244	0.02817	0.20758	0.01870	0.19231	0.07138	0.14710	0.00433	0.05712	0.14946	0.00384
6	0.01047	0.00683	0.00798	0.00773	0.00940	0.00712	0.00583	0.03103	0.24127	0.11029	0.02160	0.30342	0.02066	0.00971	0.00520	0.00168	0.00331	0.04666	0.14405	0.00576
7	0.03287	0.00927	0.01005	0.00862	0.01123	0.01011	0.00684	0.20773	0.28862	0.07940	0.07744	0.03170	0.03479	0.00679	0.00473	0.00150	0.00380	0.01796	0.14972	0.00682
8	0.01050	0.00637	0.00794	0.00749	0.00922	0.00617	0.00570	0.03056	0.11822	0.17395	0.20376	0.25692	0.08075	0.01044	0.00561	0.00171	0.00321	0.05083	0.00506	0.00559
9	0.86392	0.00937	0.00712	0.00637	0.00937	0.01087	0.00525	0.01425	0.00825	0.02174	0.00675	0.00787	0.00525	0.00450	0.00300	0.00150	0.00375	0.00262	0.00300	0.00525
10	0.01205	0.01041	0.01096	0.00986	0.01260	0.01205	0.00767	0.02575	0.79071	0.02027	0.01972	0.01808	0.01479	0.00657	0.00493	0.00164	0.00384	0.00548	0.00493	0.00767
11	0.25668	0.00809	0.00860	0.00775	0.01010	0.00861	0.00614	0.03553	0.14384	0.17685	0.01584	0.02240	0.01376	0.14284	0.00789	0.00216	0.00414	0.11876	0.00419	0.00585
12	0.00673	0.00458	0.00616	0.00714	0.00766	0.00433	0.00510	0.00782	0.00969	0.03686	0.02606	0.65504	0.03043	0.03182	0.00662	0.00206	0.00317	0.14009	0.00451	0.00414
13	0.01068	0.00649	0.00732	0.00662	0.00842	0.00659	0.00511	0.07525	0.11785	0.09465	0.18593	0.06020	0.04986	0.00743	0.00457	0.00140	0.00294	0.00623	0.33687	0.00557
14	0.01893	0.01186	0.01335	0.01027	0.01405	0.01255	0.00847	0.55336	0.02001	0.23961	0.01481	0.01402	0.03341	0.00606	0.00488	0.00147	0.00492	0.00468	0.00515	0.00812
15	0.08720	0.00796	0.00965	0.00773	0.01079	0.00757	0.00630	0.09393	0.01349	0.47144	0.04268	0.01630	0.01229	0.00591	0.00443	0.00142	0.00376	0.00469	0.18537	0.00709
16	0.01935	0.01137	0.01309	0.01012	0.01389	0.01185	0.00833	0.45320	0.05987	0.32496	0.01492	0.01383	0.01002	0.00593	0.00486	0.00148	0.00479	0.00462	0.00529	0.00821
17	0.02174	0.00825	0.01125	0.00862	0.01237	0.00712	0.00712	0.02362	0.01387	0.80282	0.01912	0.01649	0.01200	0.00600	0.00487	0.00150	0.00412	0.00487	0.00600	0.00825
18	0.01811	0.02282	0.01376	0.01245	0.01498	0.78745	0.00936	0.04124	0.01399	0.01240	0.00761	0.00882	0.00630	0.00502	0.00438	0.00125	0.00864	0.00316	0.00256	0.00569
19	0.01762	0.01059	0.01218	0.00980	0.01327	0.01115	0.00795	0.26015	0.26490	0.31297	0.01699	0.01549	0.01172	0.00613	0.00488	0.00153	0.00441	0.00491	0.00530	0.00806
20	0.00607	0.00464	0.00545	0.00592	0.00681	0.00417	0.00416	0.00714	0.01016	0.01295	0.08596	0.36077	0.34032	0.08433	0.00759	0.00205	0.00286	0.04024	0.00442	0.00397
21	0.01810	0.02310	0.01373	0.01248	0.01498	0.81024	0.00936	0.01935	0.01373	0.01186	0.00749	0.00874	0.00624	0.00499	0.00437	0.00125	0.00874	0.00312	0.00250	0.00562
22	0.01048	0.01110	0.02312	0.01740	0.02130	0.01050	0.57797	0.01408	0.01136	0.01525	0.01398	0.02403	0.01276	0.00654	0.00598	0.00179	0.00719	0.20621	0.00298	0.00599
23	0.06037	0.00505	0.00598	0.00602	0.00682	0.00502	0.00420	0.00825	0.00958	0.01375	0.19433	0.13599	0.11091	0.24601	0.09108	0.03315	0.00432	0.02292	0.03236	0.00390
24	0.00738	0.00559	0.00751	0.05759	0.00903	0.00600	0.02310	0.00836	0.00827	0.01121	0.01777	0.10612	0.06436	0.38822	0.13277	0.00402	0.05425	0.06166	0.02294	0.00383
25	0.00972	0.02507	0.80458	0.01381	0.02097	0.01125	0.01790	0.01535	0.01023	0.01535	0.00870	0.01023	0.00614	0.00460	0.00460	0.00153	0.00716	0.00358	0.00205	0.00716
26	0.00840	0.00639	0.00781	0.00685	0.02355	0.00543	0.00513	0.01070	0.02725	0.04730	0.38900	0.02847	0.14658	0.00807	0.00502	0.00130	0.00286	0.00694	0.00444	0.25848
27	0.01205	0.02664	0.06290	0.04355	0.14549	0.05264	0.03269	0.06050	0.05185	0.05666	0.00994	0.01131	0.00781	0.00433	0.00421	0.00112	0.00488	0.00363	0.00305	0.40474
28	0.00927	0.00829	0.00796	0.00767	0.00852	0.12659	0.00536	0.01130	0.09256	0.01154	0.01456	0.08041	0.01508	0.36916	0.16357	0.02296	0.03158	0.00628	0.00309	0.00423
29	0.01296	0.83261	0.02539	0.00829	0.01244	0.01917	0.00829	0.01451	0.00985	0.01140	0.00674	0.00777	0.00622	0.00415	0.00311	0.00104	0.00518	0.00259	0.00207	0.00622
30	0.01842	0.01033	0.01274	0.07391	0.03937	0.01059	0.00851	0.32806	0.01685	0.36238	0.01478	0.01420	0.00993	0.00576	0.00478	0.00147	0.00475	0.00459	0.05079	0.00780
31	0.01182	0.01298	0.02206	0.05102	0.20991	0.10925	0.40407	0.01495	0.01137	0.01475	0.01079	0.08357	0.00943	0.00525	0.00534	0.00157	0.00712	0.00571	0.00261	0.00643
32	0.00781	0.00558	0.00781	0.00892	0.01004	0.00558	0.00781	0.01004	0.01116	0.01450	0.02566	0.05466	0.02789	0.01339	0.00669	0.00223	0.00446	0.76685	0.00446	0.00446
33	0.01577	0.04090	0.01410	0.03672	0.12463	0.19233	0.00933	0.22990	0.06406	0.10628	0.03605	0.03049	0.01004	0.00559	0.00466	0.00138	0.00570	0.00439	0.00381	0.06390
34	0.01005	0.00923	0.01508	0.80747	0.03372	0.01123	0.01374	0.01300	0.01026	0.01323	0.00950	0.01411	0.00731	0.00543	0.00522	0.00178	0.00673	0.00459	0.00246	0.00584
35	0.01205	0.01041	0.01096	0.00986	0.01260	0.01205	0.00767	0.02575	0.79071	0.02027	0.01972	0.01808	0.01479	0.00657	0.00493	0.00164	0.00384	0.00548	0.00493	0.00767
36	0.01077	0.00961	0.01596	0.35600	0.31334	0.01049	0.03687	0.03936	0.01106	0.03792	0.03536	0.01690	0.01020	0.00557	0.00504	0.00159	0.00585	0.06901	0.00275	0.00635
37	0.07066	0.03371	0.01346	0.06623	0.03771	0.46625	0.03586	0.02759	0.03981	0.06111	0.00987	0.02747	0.00837	0.03704	0.00556	0.00153	0.02754	0.02155	0.00291	0.00578
38	0.00915	0.00861	0.01453	0.81804	0.03338	0.01077	0.01346	0.01238	0.00969	0.01238	0.00861	0.01292	0.00646	0.00484	0.00484	0.00161	0.00646	0.00431	0.00215	0.00538
39	0.00896	0.00737	0.00883	0.00681	0.01004	0.00582	0.00534	0.01116	0.01130	0.01703	0.27662	0.01894	0.02028	0.00574	0.00431	0.00099	0.00315	0.00487	0.00371	0.56871
40	0.00595	0.00431	0.00563	0.00658	0.00701	0.00399	0.00445	0.00691	0.00968	0.01286	0.07640	0.72273	0.08631	0.01465	0.00612	0.00192	0.00275	0.01322	0.00455	0.00399
41	0.00780	0.00602	0.00750	0.00647	0.00845	0.00525	0.00495	0.01037	0.03407	0.01854	0.57801	0.02915	0.03521	0.00823	0.00516	0.00133	0.00266	0.00720	0.00471	0.21893
42	0.01165	0.00976	0.01472	0.51823	0.08567	0.01137	0.02807	0.15149	0.03926	0.04661	0.01018	0.01307	0.00754	0.00509	0.00483	0.00156	0.00596	0.00441	0.02428	0.00626
43	0.74575	0.01027	0.00848	0.04121	0.02437	0.05864	0.02213	0.01451	0.00875	0.02053	0.00697	0.00831	0.00544	0.00453	0.00324	0.00149	0.00429	0.00282	0.00291	0.00534
44	0.00904	0.03323	0.01296	0.20595	0.01711	0.00836	0.12954	0.01105	0.00984	0.05745	0.01734	0.33320	0.03450	0.03183	0.00681	0.00185	0.06304	0.00842	0.00341	0.00508
45	0.00609	0.00473	0.00556	0.00595	0.00704	0.00421	0.00435	0.00741	0.01086	0.01388	0.14998	0.30298	0.38415	0.01296	0.00594	0.00177	0.00268	0.06071	0.00462	0.00413
46	0.04062	0.01201	0.01305	0.05385	0.01497	0.01351	0.00876	0.44830	0.27946	0.04271	0.01421	0.01387	0.01034	0.00598	0.00482	0.00153	0.00482	0.00470	0.00470	0.00781

[dist]
# distance from previous block
# <min> <max>
0	58

[block]
# block no. 3 follows, 52 sequences, length 19
# corresponding to MSA columns:
# 553-571
name=unknown_D
#
# <colnr> <probs for GDERKNQSTAVLIFYWHMCP>
#	G	D	E	R	K	N	Q	S	T	A	V	L	I	F	Y	W	H	M	C	P
0	0.00991	0.00851	0.01041	0.06683	0.04590	0.00719	0.00666	0.03039	0.04542	0.01611	0.05249	0.01441	0.05972	0.00477	0.00407	0.00097	0.00380	0.00396	0.00317	0.60530
1	0.10063	0.00826	0.06199	0.12843	0.04285	0.00757	0.00778	0.02345	0.05340	0.06555	0.02880	0.29999	0.01779	0.02578	0.00548	0.00171	0.00418	0.03346	0.00371	0.07918
2	0.03166	0.03742	0.01444	0.01209	0.03802	0.01167	0.07927	0.01329	0.00932	0.12205	0.03512	0.06772	0.01099	0.00981	0.06402	0.00227	0.41061	0.02144	0.00305	0.00573
3	0.07711	0.00838	0.01091	0.00847	0.01208	0.00754	0.00698	0.04680	0.01378	0.69950	0.04457	0.01644	0.01258	0.00603	0.00478	0.00150	0.00407	0.00484	0.00574	0.00792
4	0.00832	0.00520	0.00683	0.00669	0.00781	0.00489	0.00494	0.01005	0.02814	0.09219	0.36502	0.21012	0.05788	0.04675	0.02871	0.05896	0.00324	0.04492	0.00475	0.00459
5	0.10844	0.00834	0.03207	0.02947	0.01096	0.00829	0.00665	0.14453	0.08458	0.11887	0.06342	0.22783	0.04743	0.02427	0.00545	0.00171	0.00386	0.03196	0.03598	0.00591
6	0.00724	0.00463	0.00543	0.00543	0.00543	0.00463	0.00312	0.00694	0.00694	0.00926	0.01430	0.02930	0.01631	0.71414	0.02385	0.12614	0.00463	0.00664	0.00282	0.00282
7	0.09599	0.00835	0.01088	0.00842	0.01211	0.00745	0.00696	0.02279	0.01337	0.73396	0.01803	0.01573	0.01140	0.00587	0.00471	0.00150	0.00409	0.00468	0.00573	0.00798
8	0.01267	0.00761	0.00901	0.00796	0.01027	0.00761	0.00617	0.08124	0.18579	0.22515	0.10090	0.17229	0.11047	0.00892	0.00527	0.00162	0.00349	0.00762	0.02957	0.00636
9	0.10731	0.00752	0.00845	0.00735	0.00962	0.00764	0.00576	0.10204	0.09513	0.15989	0.22104	0.06457	0.09127	0.02854	0.00543	0.00161	0.00339	0.00660	0.06091	0.00593
10	0.03974	0.00909	0.00989	0.00831	0.01094	0.00976	0.00662	0.24937	0.18259	0.09621	0.10416	0.01853	0.03801	0.00657	0.00462	0.00144	0.00376	0.00530	0.18842	0.00669
11	0.59899	0.00933	0.00861	0.00723	0.01047	0.01015	0.00596	0.06153	0.01054	0.22220	0.01020	0.01030	0.00715	0.00496	0.00359	0.00150	0.00394	0.00330	0.00387	0.00619
12	0.01071	0.00714	0.00843	0.00769	0.00965	0.00718	0.00598	0.09913	0.13471	0.12044	0.18827	0.12472	0.13698	0.04334	0.00631	0.00179	0.00348	0.07341	0.00491	0.00572
13	0.03811	0.00769	0.00891	0.00774	0.01022	0.00751	0.00600	0.08131	0.14896	0.16358	0.08069	0.16767	0.10442	0.00840	0.00502	0.00152	0.00348	0.00712	0.03179	0.10986
14	0.86392	0.00937	0.00712	0.00637	0.00937	0.01087	0.00525	0.01425	0.00825	0.02174	0.00675	0.00787	0.00525	0.00450	0.00300	0.00150	0.00375	0.00262	0.00300	0.00525
15	0.00982	0.00697	0.00808	0.00744	0.00929	0.00712	0.00566	0.05455	0.21271	0.07641	0.25579	0.15259	0.09646	0.00926	0.00532	0.00160	0.00310	0.00800	0.05012	0.01971
16	0.21520	0.00895	0.00973	0.00826	0.01112	0.00937	0.00669	0.17880	0.05953	0.22811	0.01609	0.09488	0.02495	0.00707	0.00460	0.00157	0.00404	0.05302	0.05144	0.00658
17	0.02896	0.00603	0.00728	0.00739	0.00886	0.00589	0.00567	0.04550	0.07350	0.09133	0.02866	0.32639	0.18307	0.01201	0.00582	0.00184	0.00338	0.14874	0.00465	0.00501
18	0.00674	0.00484	0.00622	0.00704	0.00756	0.00467	0.00481	0.05837	0.01018	0.01358	0.02571	0.77236	0.03047	0.01456	0.00610	0.00193	0.00298	0.01315	0.00452	0.00422

[dist]
# distance from previous block
# <min> <max>
0	1

[block]
# block no. 4 follows, 52 sequences, length 54
# corresponding to MSA columns:
# 573-626
name=unknown_E
#
# <colnr> <probs for GDERKNQSTAVLIFYWHMCP>
#	G	D	E	R	K	N	Q	S	T	A	V	L	I	F	Y	W	H	M	C	P
0	0.00917	0.00639	0.00756	0.00730	0.00829	0.02261	0.00520	0.08263	0.06460	0.04539	0.01701	0.20425	0.01772	0.23739	0.14103	0.07803	0.00557	0.01771	0.01769	0.00446
1	0.51168	0.00999	0.03556	0.01050	0.09587	0.01047	0.06278	0.01506	0.07806	0.04070	0.00990	0.04877	0.00827	0.02151	0.00455	0.01896	0.00439	0.00401	0.00317	0.00579
2	0.00918	0.00614	0.00759	0.00694	0.00858	0.00603	0.00529	0.01323	0.14194	0.09695	0.52859	0.06295	0.05123	0.00914	0.00547	0.00155	0.00275	0.00798	0.02305	0.00541
3	0.01810	0.02310	0.01373	0.01248	0.01498	0.81024	0.00936	0.01935	0.01373	0.01186	0.00749	0.00874	0.00624	0.00499	0.00437	0.00125	0.00874	0.00312	0.00250	0.00562
4	0.16023	0.00921	0.04204	0.00763	0.01147	0.00760	0.00647	0.01359	0.03899	0.05688	0.01069	0.01409	0.00909	0.00486	0.00391	0.00109	0.00387	0.06802	0.00323	0.52705
5	0.00830	0.00630	0.00785	0.00785	0.00917	0.00643	0.02589	0.01270	0.20980	0.04499	0.07484	0.45554	0.07500	0.01179	0.00575	0.00181	0.00324	0.02289	0.00466	0.00518
6	0.01249	0.00866	0.00983	0.00862	0.01112	0.00931	0.00675	0.04753	0.42512	0.14670	0.20525	0.02193	0.02143	0.00722	0.00505	0.00157	0.00351	0.00609	0.03488	0.00693
7	0.15629	0.00909	0.01080	0.00854	0.01206	0.00888	0.00701	0.10887	0.06164	0.52395	0.01624	0.01468	0.01066	0.00576	0.00454	0.00150	0.00414	0.00448	0.02322	0.00765
8	0.22041	0.00742	0.00811	0.00706	0.00942	0.00746	0.00550	0.06084	0.02573	0.23431	0.06515	0.09866	0.09369	0.06857	0.00649	0.02674	0.00366	0.00608	0.03898	0.00572
9	0.00595	0.00427	0.00563	0.00665	0.00699	0.00398	0.00445	0.00684	0.00944	0.01258	0.05415	0.76209	0.05340	0.03044	0.00651	0.00200	0.00282	0.01337	0.00450	0.00394
10	0.67896	0.00935	0.00817	0.00697	0.01014	0.01038	0.00575	0.04817	0.00986	0.16076	0.00915	0.00956	0.00657	0.00482	0.00341	0.00150	0.00388	0.00310	0.00361	0.00591
11	0.05003	0.00731	0.00957	0.00792	0.01069	0.00658	0.00625	0.03216	0.01261	0.53375	0.06175	0.15742	0.01728	0.05594	0.00623	0.00177	0.00384	0.00665	0.00539	0.00688
12	0.13710	0.00869	0.00954	0.00814	0.01056	0.00913	0.00628	0.21596	0.06630	0.16821	0.01645	0.13875	0.02865	0.14494	0.00812	0.00210	0.00423	0.00625	0.00443	0.00616
13	0.01774	0.02197	0.01359	0.01227	0.01483	0.73245	0.00925	0.04658	0.06259	0.01304	0.00840	0.00942	0.00685	0.00512	0.00442	0.00128	0.00831	0.00331	0.00273	0.00584
14	0.00613	0.00474	0.00544	0.00586	0.00688	0.00425	0.00414	0.00733	0.03058	0.01270	0.03691	0.35243	0.42455	0.01356	0.00672	0.05555	0.00274	0.01113	0.00436	0.00400
15	0.02907	0.00584	0.00730	0.00655	0.00821	0.00533	0.00484	0.01237	0.01148	0.23564	0.22967	0.10682	0.12353	0.18050	0.00942	0.00224	0.00341	0.00785	0.00478	0.00515
16	0.00590	0.00424	0.00560	0.00669	0.00701	0.00394	0.00447	0.00675	0.00934	0.01239	0.02745	0.80059	0.05751	0.01509	0.00617	0.00196	0.00280	0.01366	0.00450	0.00394
17	0.00692	0.00519	0.00779	0.00779	0.00865	0.00606	0.00606	0.00865	0.00779	0.01125	0.01298	0.01904	0.01211	0.03634	0.81049	0.00779	0.01298	0.00519	0.00260	0.00433
18	0.04432	0.00894	0.01058	0.00890	0.01192	0.00918	0.00714	0.04768	0.32002	0.34989	0.08816	0.01953	0.01621	0.00673	0.00496	0.00158	0.00388	0.02754	0.00533	0.00748
19	0.20126	0.00688	0.00716	0.00669	0.00826	0.00731	0.00494	0.09668	0.02448	0.05307	0.01509	0.15819	0.01490	0.17338	0.00930	0.05260	0.00379	0.02211	0.12914	0.00476
20	0.00858	0.00521	0.00638	0.00605	0.00745	0.00476	0.00455	0.01040	0.01202	0.10485	0.34574	0.09010	0.17543	0.05187	0.00635	0.00171	0.00275	0.03352	0.11752	0.00475
21	0.00692	0.00519	0.00779	0.00779	0.00865	0.00606	0.00606	0.00865	0.00779	0.01125	0.01298	0.01904	0.01211	0.03634	0.81049	0.00779	0.01298	0.00519	0.00260	0.00433
22	0.01205	0.01041	0.01096	0.00986	0.01260	0.01205	0.00767	0.02575	0.79071	0.02027	0.01972	0.01808	0.01479	0.00657	0.00493	0.00164	0.00384	0.00548	0.00493	0.00767
23	0.01042	0.00869	0.01010	0.00734	0.01141	0.00686	0.00584	0.05726	0.01063	0.01631	0.00895	0.01080	0.00753	0.02473	0.00458	0.02279	0.00373	0.00310	0.00297	0.76595
24	0.00729	0.00524	0.00693	0.00780	0.00864	0.00515	0.00609	0.04132	0.01068	0.01404	0.02601	0.41424	0.05119	0.03124	0.00673	0.00211	0.00367	0.34282	0.00446	0.00433
25	0.01199	0.01151	0.01967	0.02974	0.79946	0.01151	0.01487	0.01487	0.01103	0.01583	0.00912	0.01199	0.00768	0.00432	0.00480	0.00144	0.00576	0.00432	0.00240	0.00768
26	0.00977	0.00902	0.01593	0.64598	0.03036	0.01055	0.11566	0.01302	0.01025	0.03942	0.04640	0.01416	0.00862	0.00502	0.00500	0.00161	0.00641	0.00473	0.00247	0.00559
27	0.00728	0.00578	0.00746	0.02208	0.07478	0.00554	0.00575	0.03551	0.01119	0.01475	0.14207	0.17904	0.30181	0.01352	0.07777	0.00224	0.00402	0.06163	0.02313	0.00466
28	0.01559	0.01240	0.01413	0.01137	0.01412	0.01458	0.00935	0.48626	0.12294	0.02439	0.01140	0.01225	0.00866	0.00659	0.00764	0.00165	0.21060	0.00448	0.00417	0.00742
29	0.00798	0.00596	0.00664	0.00585	0.00810	0.00497	0.00451	0.00981	0.02732	0.07301	0.12824	0.03580	0.48702	0.00980	0.00525	0.00144	0.00280	0.00820	0.00442	0.16290
30	0.01034	0.00572	0.00722	0.00664	0.00835	0.00513	0.00499	0.01208	0.02409	0.21600	0.24759	0.18302	0.18318	0.05504	0.00661	0.00180	0.00304	0.00887	0.00504	0.00525
31	0.01810	0.02310	0.01373	0.01248	0.01498	0.81024	0.00936	0.01935	0.01373	0.01186	0.00749	0.00874	0.00624	0.00499	0.00437	0.00125	0.00874	0.00312	0.00250	0.00562
32	0.01205	0.01041	0.01096	0.00986	0.01260	0.01205	0.00767	0.02575	0.79071	0.02027	0.01972	0.01808	0.01479	0.00657	0.00493	0.00164	0.00384	0.00548	0.00493	0.00767
33	0.00842	0.00421	0.00631	0.00631	0.00631	0.00421	0.00421	0.00631	0.00631	0.00842	0.00842	0.01473	0.00842	0.01684	0.01894	0.85901	0.00421	0.00421	0.00210	0.00210
34	0.00655	0.00490	0.00607	0.00586	0.00707	0.00443	0.00436	0.00851	0.01286	0.01758	0.58222	0.08261	0.21766	0.01074	0.00574	0.00157	0.00235	0.00938	0.00510	0.00443
35	0.86392	0.00937	0.00712	0.00637	0.00937	0.01087	0.00525	0.01425	0.00825	0.02174	0.00675	0.00787	0.00525	0.00450	0.00300	0.00150	0.00375	0.00262	0.00300	0.00525
36	0.02070	0.00993	0.01229	0.00942	0.01321	0.00962	0.00778	0.26320	0.01668	0.55927	0.01676	0.01496	0.01081	0.00594	0.00487	0.00149	0.00450	0.00471	0.00564	0.00825
37	0.00676	0.00494	0.00606	0.00588	0.00713	0.00443	0.00437	0.00861	0.01256	0.03341	0.49910	0.11339	0.25355	0.01098	0.00575	0.00160	0.00242	0.00956	0.00504	0.00445
38	0.00686	0.00495	0.00648	0.00610	0.00724	0.00457	0.00457	0.00914	0.01372	0.01943	0.79691	0.03620	0.04572	0.00991	0.00572	0.00152	0.00229	0.00876	0.00533	0.00457
39	0.86392	0.00937	0.00712	0.00637	0.00937	0.01087	0.00525	0.01425	0.00825	0.02174	0.00675	0.00787	0.00525	0.00450	0.00300	0.00150	0.00375	0.00262	0.00300	0.00525
40	0.22071	0.00842	0.01015	0.00810	0.01158	0.00796	0.00670	0.02094	0.01245	0.59142	0.01641	0.01573	0.01093	0.00589	0.00449	0.00152	0.00405	0.02989	0.00524	0.00741
41	0.00592	0.00483	0.00525	0.00542	0.00679	0.00416	0.00401	0.00722	0.01104	0.01363	0.11711	0.16377	0.58691	0.01252	0.00582	0.00169	0.00255	0.03265	0.00458	0.00412
42	0.01005	0.00861	0.01005	0.00718	0.01148	0.00646	0.00574	0.01220	0.01005	0.01579	0.00861	0.01005	0.00718	0.00359	0.00359	0.00072	0.00359	0.00287	0.00287	0.85932
43	0.01005	0.00861	0.01005	0.00718	0.01148	0.00646	0.00574	0.01220	0.01005	0.01579	0.00861	0.01005	0.00718	0.00359	0.00359	0.00072	0.00359	0.00287	0.00287	0.85932
44	0.00615	0.00444	0.00584	0.00659	0.00713	0.00412	0.00457	0.00736	0.01036	0.01400	0.19727	0.60729	0.06120	0.01388	0.00608	0.00187	0.00272	0.03036	0.00468	0.00409
45	0.00742	0.00535	0.00733	0.00838	0.00942	0.00526	0.00711	0.00941	0.01090	0.01413	0.02727	0.15746	0.07673	0.01356	0.00656	0.00216	0.00412	0.61860	0.00447	0.00437
46	0.86392	0.00937	0.00712	0.00637	0.00937	0.01087	0.00525	0.01425	0.00825	0.02174	0.00675	0.00787	0.00525	0.00450	0.00300	0.00150	0.00375	0.00262	0.00300	0.00525
47	0.00837	0.00424	0.00636	0.00636	0.00639	0.00427	0.00427	0.00639	0.00636	0.00852	0.00858	0.01488	0.00855	0.01752	0.04653	0.82934	0.00451	0.00424	0.00212	0.00218
48	0.01838	0.00842	0.01071	0.00863	0.01193	0.00797	0.00699	0.02286	0.18297	0.56339	0.06816	0.01812	0.01474	0.00636	0.00490	0.00152	0.00390	0.00524	0.02700	0.00780
49	0.10928	0.00850	0.01090	0.00845	0.01212	0.00771	0.00698	0.04137	0.01350	0.70252	0.01765	0.01548	0.01120	0.00584	0.00468	0.00150	0.00411	0.00463	0.00566	0.00793
50	0.01645	0.00685	0.00857	0.00700	0.00968	0.00625	0.00564	0.03776	0.01258	0.46176	0.01757	0.01702	0.01208	0.00585	0.00426	0.00135	0.00339	0.00471	0.35449	0.00672
51	0.03770	0.00986	0.01122	0.00931	0.01243	0.01045	0.00752	0.20478	0.26700	0.25005	0.03649	0.01783	0.01337	0.00650	0.00486	0.00155	0.00418	0.03776	0.04961	0.00753
52	0.66631	0.01051	0.00848	0.00734	0.01044	0.05491	0.00598	0.08702	0.03595	0.03595	0.00796	0.00884	0.00609	0.00471	0.00336	0.00146	0.00417	0.00296	0.00326	0.03432
53	0.13791	0.06834	0.10053	0.01231	0.03565	0.02699	0.15890	0.19793	0.07051	0.01963	0.01125	0.05962	0.00925	0.00671	0.03297	0.00175	0.02289	0.00481	0.01546	0.00661

[dist]
# distance from previous block
# <min> <max>
3	32

[block]
# block no. 5 follows, 52 sequences, length 44
# corresponding to MSA columns:
# 659-702
name=unknown_F
#
# <colnr> <probs for GDERKNQSTAVLIFYWHMCP>
#	G	D	E	R	K	N	Q	S	T	A	V	L	I	F	Y	W	H	M	C	P
0	0.61477	0.01207	0.00905	0.00792	0.01093	0.15004	0.00636	0.07960	0.01062	0.05008	0.00775	0.00866	0.00592	0.00475	0.00346	0.00145	0.00476	0.00294	0.00318	0.00567
1	0.33303	0.00894	0.00983	0.00785	0.01135	0.00887	0.00647	0.05718	0.01205	0.43814	0.01367	0.01276	0.00908	0.00532	0.00412	0.00146	0.00402	0.00392	0.00468	0.04727
2	0.00817	0.00475	0.00653	0.00686	0.00731	0.00465	0.00492	0.00804	0.00833	0.04530	0.01706	0.17998	0.01862	0.15281	0.01436	0.33837	0.00407	0.16319	0.00335	0.00335
3	0.00730	0.00490	0.00591	0.00614	0.00724	0.00438	0.00435	0.00849	0.01025	0.06192	0.07224	0.40453	0.23050	0.05263	0.00659	0.00186	0.00286	0.01066	0.06028	0.03698
4	0.00644	0.00471	0.00605	0.00695	0.00748	0.00454	0.00485	0.00802	0.04792	0.01284	0.02660	0.63849	0.06224	0.05730	0.00712	0.00211	0.00310	0.08467	0.00443	0.00412
5	0.17618	0.00844	0.01002	0.00781	0.01135	0.00770	0.00635	0.03037	0.01192	0.46171	0.01456	0.01433	0.01005	0.04411	0.00522	0.00150	0.00400	0.00418	0.00470	0.16550
6	0.45022	0.00843	0.00850	0.00725	0.01024	0.00879	0.00587	0.01712	0.02467	0.30374	0.01344	0.08575	0.01043	0.00607	0.00401	0.00154	0.00377	0.00454	0.01938	0.00625
7	0.04623	0.00539	0.00656	0.00652	0.00791	0.00493	0.00475	0.01024	0.01063	0.15067	0.07529	0.36615	0.21894	0.04316	0.01789	0.00194	0.00318	0.01018	0.00466	0.00479
8	0.00590	0.00422	0.00562	0.00675	0.00703	0.00394	0.00450	0.00675	0.00928	0.01237	0.02671	0.82653	0.03205	0.01518	0.00619	0.00197	0.00281	0.01378	0.00450	0.00394
9	0.00696	0.00502	0.00691	0.00690	0.00748	0.00556	0.00496	0.00812	0.00766	0.01079	0.03036	0.02372	0.01470	0.30613	0.52567	0.00660	0.00993	0.00590	0.00277	0.00386
10	0.01639	0.00886	0.01058	0.00851	0.01127	0.00891	0.00669	0.24388	0.02988	0.33062	0.01573	0.01851	0.01217	0.18405	0.04217	0.00242	0.00490	0.00520	0.03246	0.00681
11	0.00842	0.00421	0.00631	0.00631	0.00631	0.00421	0.00421	0.00631	0.00631	0.00842	0.00842	0.01473	0.00842	0.01684	0.01894	0.85901	0.00421	0.00421	0.00210	0.00210
12	0.01144	0.01307	0.02859	0.02042	0.02533	0.01225	0.78186	0.01552	0.01144	0.01552	0.00980	0.01307	0.00735	0.00408	0.00572	0.00163	0.00817	0.00572	0.00245	0.00654
13	0.00668	0.00471	0.00523	0.00532	0.00569	0.00451	0.00321	0.00700	0.00807	0.01041	0.02332	0.09557	0.18413	0.59413	0.01924	0.00384	0.00408	0.00824	0.00339	0.00326
14	0.01043	0.00860	0.01009	0.00722	0.01151	0.00648	0.00579	0.01257	0.01017	0.04149	0.00896	0.01026	0.00734	0.00367	0.00363	0.00074	0.00361	0.00294	0.00297	0.83153
15	0.01060	0.01060	0.01484	0.01272	0.01272	0.01484	0.01060	0.01166	0.00742	0.01166	0.00636	0.01060	0.00636	0.00848	0.01590	0.00212	0.82082	0.00424	0.00212	0.00530
16	0.00705	0.00470	0.00529	0.00529	0.00529	0.00470	0.00294	0.00705	0.00705	0.00940	0.01527	0.03171	0.01762	0.82969	0.02467	0.00470	0.00470	0.00705	0.00294	0.00294
17	0.01378	0.01576	0.01136	0.01096	0.01277	0.46662	0.00860	0.01531	0.01232	0.01267	0.01408	0.02572	0.01424	0.04273	0.00647	0.00177	0.03815	0.26843	0.00318	0.00509
18	0.02092	0.00881	0.01152	0.00886	0.01261	0.00799	0.00730	0.09445	0.03631	0.69247	0.01822	0.01595	0.01162	0.00595	0.00485	0.00148	0.00422	0.00480	0.00580	0.02587
19	0.00601	0.00429	0.00556	0.00653	0.00684	0.00402	0.00431	0.00679	0.00914	0.01212	0.02658	0.71580	0.06411	0.09359	0.00795	0.00222	0.00298	0.01297	0.00435	0.00385
20	0.01927	0.01221	0.01370	0.01050	0.01435	0.01301	0.00868	0.58898	0.02050	0.22809	0.01355	0.01288	0.00920	0.00586	0.00485	0.00147	0.00502	0.00449	0.00514	0.00824
21	0.00860	0.00578	0.00823	0.00782	0.00816	0.00671	0.00580	0.00871	0.04571	0.01051	0.03968	0.01588	0.01054	0.01849	0.17109	0.47807	0.13967	0.00464	0.00247	0.00343
22	0.19255	0.01173	0.00954	0.01981	0.01126	0.22068	0.00687	0.09857	0.03509	0.01663	0.01491	0.25925	0.01541	0.00850	0.00481	0.00160	0.00503	0.04409	0.00364	0.02002
23	0.00739	0.00518	0.00605	0.00619	0.00729	0.00503	0.00460	0.04227	0.01102	0.01541	0.11409	0.26626	0.22127	0.01148	0.01717	0.00173	0.02279	0.04510	0.18525	0.00442
24	0.01030	0.00869	0.01459	0.72836	0.03136	0.01049	0.03161	0.01343	0.01010	0.08108	0.00955	0.01323	0.00696	0.00493	0.00487	0.00161	0.00630	0.00439	0.00249	0.00566
25	0.04574	0.16749	0.14951	0.01192	0.06689	0.10002	0.04921	0.05560	0.01153	0.11683	0.00957	0.01065	0.00732	0.00481	0.00481	0.00131	0.04922	0.00361	0.00296	0.13100
26	0.01223	0.53243	0.24769	0.01046	0.01548	0.01646	0.04012	0.05104	0.01063	0.01359	0.00764	0.00886	0.00633	0.00435	0.00372	0.00122	0.00587	0.00308	0.00221	0.00660
27	0.00692	0.00519	0.00779	0.00779	0.00865	0.00606	0.00606	0.00865	0.00779	0.01125	0.01298	0.01904	0.01211	0.03634	0.81049	0.00779	0.01298	0.00519	0.00260	0.00433
28	0.01606	0.01037	0.01401	0.07094	0.19789	0.01064	0.00990	0.25852	0.01534	0.24299	0.01440	0.06377	0.01123	0.00630	0.00499	0.00154	0.00498	0.03422	0.00438	0.00751
29	0.06276	0.03046	0.04095	0.31598	0.06474	0.03289	0.08513	0.07456	0.01204	0.21622	0.01148	0.01308	0.00807	0.00507	0.00477	0.00153	0.00581	0.00440	0.00343	0.00664
30	0.34626	0.00840	0.00918	0.00748	0.01073	0.00837	0.00614	0.01896	0.01151	0.43925	0.03696	0.01382	0.01040	0.00552	0.00410	0.00148	0.00383	0.00410	0.04673	0.00680
31	0.86392	0.00937	0.00712	0.00637	0.00937	0.01087	0.00525	0.01425	0.00825	0.02174	0.00675	0.00787	0.00525	0.00450	0.00300	0.00150	0.00375	0.00262	0.00300	0.00525
32	0.00701	0.00532	0.00776	0.00775	0.00848	0.00618	0.00592	0.00853	0.00784	0.01123	0.01393	0.08307	0.01380	0.08680	0.65964	0.00687	0.04693	0.00595	0.00275	0.00425
33	0.00980	0.00906	0.01549	0.46503	0.19938	0.01017	0.07280	0.01289	0.01043	0.01429	0.06097	0.01464	0.00982	0.00506	0.00485	0.00153	0.00585	0.00473	0.06735	0.00587
34	0.00781	0.00558	0.00781	0.00892	0.01004	0.00558	0.00781	0.01004	0.01116	0.01450	0.02566	0.05466	0.02789	0.01339	0.00669	0.00223	0.00446	0.76685	0.00446	0.00446
35	0.00796	0.00548	0.00719	0.00783	0.00883	0.00546	0.00608	0.01038	0.07071	0.05256	0.02485	0.34838	0.04608	0.04780	0.04519	0.00240	0.00412	0.28966	0.00444	0.00461
36	0.01802	0.01062	0.01216	0.00952	0.01297	0.01106	0.00780	0.41118	0.05076	0.27895	0.03779	0.01479	0.01122	0.00601	0.00475	0.00145	0.00450	0.00472	0.08395	0.00777
37	0.00874	0.00569	0.00707	0.00683	0.00778	0.02051	0.00489	0.04193	0.04278	0.05447	0.25699	0.18211	0.03946	0.06115	0.01032	0.22972	0.00345	0.00784	0.00410	0.00417
38	0.01218	0.00969	0.04078	0.01128	0.09558	0.00983	0.00811	0.03469	0.40773	0.11810	0.08811	0.09219	0.01763	0.02499	0.00551	0.00168	0.00402	0.00627	0.00464	0.00702
39	0.01487	0.26643	0.01736	0.05067	0.01465	0.34061	0.00928	0.08152	0.01217	0.01330	0.00769	0.00943	0.00660	0.00614	0.02908	0.00152	0.10689	0.00332	0.00251	0.00594
40	0.01085	0.00836	0.00993	0.00732	0.01137	0.00642	0.00590	0.01296	0.01045	0.08322	0.01126	0.01341	0.02852	0.00443	0.00388	0.00087	0.00364	0.03536	0.00325	0.72861
41	0.06336	0.04058	0.05329	0.04081	0.06239	0.00978	0.01772	0.13670	0.07965	0.30241	0.04498	0.06592	0.01258	0.00625	0.00476	0.00149	0.00452	0.00515	0.00455	0.04312
42	0.19354	0.00637	0.00798	0.11070	0.04851	0.00684	0.00659	0.00978	0.00926	0.01463	0.01844	0.40148	0.02052	0.01093	0.00579	0.03460	0.00383	0.08196	0.00368	0.00456
43	0.01356	0.01334	0.01173	0.04714	0.09622	0.31945	0.04192	0.01557	0.01177	0.04791	0.01120	0.01311	0.00887	0.00523	0.00444	0.00129	0.02473	0.00401	0.30294	0.00558

[dist]
# distance from previous block
# <min> <max>
0	2

[block]
# block no. 6 follows, 52 sequences, length 16
# corresponding to MSA columns:
# 705-720
name=unknown_G
#
# <colnr> <probs for GDERKNQSTAVLIFYWHMCP>
#	G	D	E	R	K	N	Q	S	T	A	V	L	I	F	Y	W	H	M	C	P
0	0.05517	0.00900	0.01307	0.33896	0.08359	0.00971	0.01028	0.05822	0.04566	0.28927	0.01302	0.01412	0.00901	0.00533	0.00473	0.00154	0.00520	0.00448	0.02287	0.00679
1	0.01013	0.00854	0.01369	0.57796	0.08410	0.01006	0.01191	0.05506	0.01062	0.04855	0.02511	0.07157	0.00952	0.00617	0.00546	0.03232	0.00582	0.00509	0.00271	0.00560
2	0.00809	0.00572	0.00709	0.00667	0.00807	0.00558	0.00502	0.01169	0.11483	0.05022	0.55638	0.10211	0.05665	0.00972	0.00556	0.00157	0.00261	0.00854	0.02882	0.00506
3	0.02047	0.00932	0.01180	0.00915	0.01285	0.00884	0.00752	0.15517	0.07108	0.61316	0.01787	0.01577	0.01155	0.00601	0.00487	0.00150	0.00431	0.00483	0.00572	0.00820
4	0.00630	0.00425	0.00569	0.00659	0.00682	0.00402	0.00436	0.00671	0.00875	0.01166	0.02358	0.66836	0.02804	0.07063	0.00908	0.11223	0.00312	0.01209	0.00409	0.00363
5	0.00895	0.00829	0.01383	0.74683	0.03108	0.01022	0.01268	0.01210	0.01004	0.01300	0.07776	0.01496	0.00990	0.00529	0.00492	0.00161	0.00609	0.00470	0.00243	0.00531
6	0.01115	0.01089	0.01213	0.01079	0.01183	0.13606	0.00867	0.07948	0.00989	0.01320	0.00935	0.01340	0.00855	0.01761	0.29568	0.00394	0.33509	0.00441	0.00259	0.00526
7	0.03612	0.01001	0.01072	0.00877	0.01166	0.01089	0.00707	0.36875	0.13966	0.08447	0.01454	0.01474	0.01067	0.00587	0.00441	0.00140	0.00410	0.00458	0.24455	0.00703
8	0.04593	0.00540	0.00666	0.00655	0.00786	0.00498	0.00474	0.01042	0.01087	0.14852	0.16242	0.33565	0.14034	0.07809	0.00718	0.00196	0.00308	0.00983	0.00471	0.00478
9	0.07394	0.00679	0.00866	0.00753	0.00980	0.00647	0.00590	0.03426	0.01164	0.34605	0.08630	0.12563	0.07174	0.04820	0.13182	0.00269	0.00509	0.00670	0.00474	0.00603
10	0.00681	0.00521	0.00706	0.00736	0.00826	0.00497	0.04210	0.00848	0.03845	0.01304	0.02743	0.44010	0.14054	0.09410	0.00789	0.00218	0.00346	0.11630	0.02205	0.00421
11	0.00771	0.00578	0.00694	0.00658	0.00810	0.00541	0.02957	0.01022	0.08934	0.05803	0.09953	0.17439	0.36899	0.09800	0.00768	0.00200	0.00316	0.00946	0.00447	0.00465
12	0.22700	0.00861	0.00908	0.00710	0.01064	0.00783	0.00567	0.04441	0.02457	0.05637	0.02309	0.03867	0.04045	0.01971	0.00416	0.00116	0.00366	0.00383	0.00333	0.46068
13	0.00655	0.00499	0.00603	0.00662	0.00744	0.00478	0.00464	0.00866	0.07834	0.01347	0.06562	0.51013	0.18452	0.04630	0.00672	0.00197	0.00292	0.03150	0.00451	0.00430
14	0.22087	0.00840	0.00827	0.00701	0.00949	0.00912	0.00564	0.22768	0.01339	0.06012	0.01259	0.01371	0.00949	0.00543	0.00377	0.00133	0.00357	0.00403	0.37017	0.00591
15	0.01107	0.00725	0.00868	0.00785	0.00970	0.00746	0.00600	0.12358	0.11362	0.12512	0.11795	0.14770	0.07679	0.09853	0.08919	0.00260	0.00468	0.03201	0.00456	0.00567

[dist]
# distance from previous block
# <min> <max>
0	1

[block]
# block no. 7 follows, 52 sequences, length 34
# corresponding to MSA columns:
# 722,725-733,737-760
name=unknown_H
#
# <colnr> <probs for GDERKNQSTAVLIFYWHMCP>
#	G	D	E	R	K	N	Q	S	T	A	V	L	I	F	Y	W	H	M	C	P
0	0.24581	0.00670	0.00720	0.00701	0.00865	0.00701	0.00529	0.03723	0.04175	0.07911	0.06152	0.26345	0.04369	0.04965	0.00687	0.06173	0.00355	0.05490	0.00403	0.00484
1	0.02563	0.00648	0.00857	0.00752	0.00964	0.00583	0.00571	0.01573	0.01152	0.41915	0.04976	0.24309	0.01980	0.12337	0.00803	0.00209	0.00378	0.02318	0.00506	0.00607
2	0.01066	0.00767	0.00921	0.00747	0.01020	0.00710	0.00588	0.12141	0.01180	0.04881	0.09606	0.01586	0.01305	0.01098	0.13136	0.06540	0.00511	0.00442	0.08330	0.33425
3	0.01037	0.07708	0.01027	0.06437	0.01116	0.04579	0.02434	0.01194	0.02099	0.12262	0.14804	0.10850	0.04774	0.03403	0.13701	0.09322	0.00563	0.01817	0.00374	0.00499
4	0.00939	0.00714	0.06298	0.00755	0.00904	0.00617	0.00597	0.06385	0.04916	0.08071	0.08547	0.26423	0.02996	0.09773	0.04386	0.13635	0.00424	0.00800	0.02350	0.00471
5	0.46194	0.20318	0.05889	0.00838	0.01162	0.10303	0.00753	0.01476	0.00929	0.01715	0.00691	0.00827	0.00571	0.00476	0.00417	0.00141	0.06190	0.00284	0.00261	0.00563
6	0.00659	0.00474	0.00603	0.00625	0.00719	0.00433	0.00451	0.00818	0.01164	0.02817	0.37452	0.32806	0.15301	0.01220	0.00590	0.00172	0.00257	0.02517	0.00490	0.00432
7	0.01125	0.00927	0.00985	0.00894	0.01136	0.01055	0.00692	0.02266	0.63510	0.01996	0.09119	0.01975	0.01740	0.00678	0.00484	0.00158	0.00352	0.00568	0.09633	0.00705
8	0.06072	0.10493	0.09926	0.01057	0.01410	0.10171	0.00936	0.18734	0.22451	0.07432	0.01246	0.01256	0.00934	0.00571	0.00512	0.00149	0.05137	0.00418	0.00383	0.00713
9	0.08762	0.06462	0.04744	0.04192	0.00988	0.00749	0.00626	0.02207	0.00799	0.01193	0.03447	0.01353	0.00892	0.01243	0.03791	0.45950	0.04890	0.00401	0.00241	0.07071
10	0.13410	0.00771	0.00888	0.00794	0.00980	0.00838	0.00610	0.10851	0.15112	0.08428	0.03599	0.01581	0.01119	0.01262	0.09005	0.27756	0.00503	0.01615	0.00360	0.00518
11	0.00701	0.00472	0.00546	0.00549	0.00555	0.00477	0.00318	0.00715	0.00715	0.00959	0.01538	0.04909	0.01758	0.75732	0.07742	0.00484	0.00522	0.00708	0.00295	0.00305
