[name]
unknown

[dist]
# distance from previous block
# <min> <max>
1	157

[block]
# block no. 0 follows, 61 sequences, length 14
# corresponding to MSA columns:
# 195-208
name=unknown_A
#
# <colnr> <probs for GDERKNQSTAVLIFYWHMCP>
#	G	D	E	R	K	N	Q	S	T	A	V	L	I	F	Y	W	H	M	C	P
0	0.03669	0.21231	0.11491	0.04021	0.06371	0.09684	0.04459	0.05627	0.03791	0.05301	0.02280	0.03019	0.06953	0.00504	0.00424	0.00121	0.03606	0.00390	0.00264	0.06795
1	0.03198	0.14279	0.04821	0.09422	0.13492	0.07528	0.05615	0.07787	0.05122	0.03500	0.03190	0.05720	0.02230	0.00620	0.03065	0.00152	0.09011	0.00426	0.00264	0.00558
2	0.01214	0.13148	0.05005	0.06205	0.22361	0.16978	0.00947	0.06988	0.06752	0.06387	0.01080	0.01266	0.04071	0.00491	0.00420	0.00126	0.01709	0.02858	0.01404	0.00593
3	0.08980	0.15884	0.06280	0.04539	0.01281	0.13936	0.05227	0.10594	0.13359	0.03201	0.04336	0.02649	0.05581	0.00526	0.00412	0.00128	0.01817	0.00407	0.00301	0.00563
4	0.09101	0.03061	0.13081	0.05444	0.15448	0.01058	0.09255	0.08448	0.13608	0.06227	0.00981	0.01105	0.00746	0.00469	0.00497	0.00138	0.07477	0.00385	0.00284	0.03188
5	0.03723	0.00950	0.01575	0.16051	0.35734	0.00970	0.12920	0.05719	0.03354	0.04030	0.04235	0.01187	0.00823	0.00423	0.00431	0.00130	0.00511	0.00410	0.00254	0.06569
6	0.14718	0.00835	0.01304	0.52676	0.08506	0.00972	0.07692	0.03737	0.00904	0.01334	0.00854	0.01146	0.02692	0.00436	0.00413	0.00140	0.00531	0.00383	0.00220	0.00506
7	0.00662	0.00417	0.00542	0.00587	0.00657	0.00387	0.00416	0.00778	0.00928	0.06812	0.14158	0.54820	0.05143	0.01140	0.00515	0.00160	0.00251	0.03558	0.07678	0.00391
8	0.00571	0.00467	0.00516	0.00508	0.00640	0.00431	0.00381	0.00762	0.05906	0.01253	0.14330	0.05779	0.54192	0.03459	0.08674	0.00206	0.00322	0.00823	0.00392	0.00388
9	0.00593	0.00428	0.00528	0.00520	0.00597	0.00398	0.00365	0.00728	0.01022	0.01403	0.47148	0.11487	0.12707	0.19159	0.00878	0.00202	0.00256	0.00807	0.00412	0.00364
10	0.00614	0.00476	0.00564	0.00543	0.00664	0.00446	0.00406	0.00867	0.07827	0.01532	0.47893	0.08302	0.26374	0.00945	0.00505	0.00142	0.00222	0.00819	0.00445	0.00414
11	0.00522	0.00384	0.00490	0.00575	0.00618	0.00352	0.00389	0.00603	0.00848	0.01109	0.02674	0.72475	0.14761	0.01311	0.00544	0.00171	0.00245	0.01177	0.00400	0.00352
12	0.01039	0.08497	0.53273	0.08021	0.01762	0.01061	0.01317	0.10894	0.01056	0.06366	0.00857	0.00973	0.00612	0.00430	0.00403	0.00132	0.00574	0.00333	0.01772	0.00630
13	0.28679	0.05676	0.01336	0.14748	0.10718	0.13526	0.12198	0.01315	0.00911	0.01432	0.00753	0.01033	0.00621	0.00437	0.00402	0.00134	0.02445	0.02888	0.00232	0.00517

[dist]
# distance from previous block
# <min> <max>
0	5

[block]
# block no. 1 follows, 61 sequences, length 7
# corresponding to MSA columns:
# 214-220
name=unknown_B
#
# <colnr> <probs for GDERKNQSTAVLIFYWHMCP>
#	G	D	E	R	K	N	Q	S	T	A	V	L	I	F	Y	W	H	M	C	P
0	0.01577	0.00681	0.00916	0.00742	0.01008	0.00636	0.00604	0.05726	0.01140	0.56737	0.01534	0.01500	0.01054	0.01099	0.17852	0.00249	0.00528	0.00435	0.05341	0.00641
1	0.01130	0.00881	0.01066	0.00880	0.01107	0.04436	0.09891	0.31129	0.04571	0.01875	0.01389	0.18782	0.01264	0.00671	0.00436	0.00134	0.00406	0.00580	0.18821	0.00552
2	0.00544	0.00393	0.00540	0.00619	0.00655	0.00390	0.00429	0.00635	0.00797	0.01079	0.02117	0.67119	0.02476	0.01746	0.17951	0.00284	0.00440	0.01064	0.00364	0.00357
3	0.00793	0.01838	0.65328	0.01095	0.01603	0.00863	0.01340	0.01203	0.00892	0.01308	0.01110	0.18536	0.01031	0.00607	0.00439	0.00145	0.00555	0.00509	0.00228	0.00576
4	0.01031	0.00825	0.00840	0.00745	0.00959	0.05933	0.00579	0.10014	0.31289	0.07911	0.11453	0.04457	0.20686	0.00739	0.00462	0.00141	0.00337	0.00612	0.00425	0.00564
5	0.03503	0.00537	0.00712	0.00637	0.00786	0.00529	0.00497	0.01099	0.01054	0.19541	0.36787	0.02387	0.05721	0.03416	0.17926	0.00261	0.03114	0.00608	0.00412	0.00473
6	0.01099	0.00992	0.01703	0.08708	0.67332	0.00997	0.04945	0.01356	0.00989	0.06451	0.00865	0.01102	0.00697	0.00396	0.00431	0.00130	0.00517	0.00393	0.00232	0.00665

[dist]
# distance from previous block
# <min> <max>
2	22

[block]
# block no. 2 follows, 61 sequences, length 14
# corresponding to MSA columns:
# 243-256
name=unknown_C
#
# <colnr> <probs for GDERKNQSTAVLIFYWHMCP>
#	G	D	E	R	K	N	Q	S	T	A	V	L	I	F	Y	W	H	M	C	P
0	0.06041	0.04002	0.12594	0.02651	0.20430	0.07254	0.04212	0.12198	0.15214	0.02645	0.01996	0.01106	0.00795	0.00458	0.00431	0.00130	0.02304	0.00376	0.00289	0.04874
1	0.00627	0.00462	0.00634	0.00636	0.00685	0.00513	0.00464	0.00731	0.00715	0.01003	0.04867	0.08831	0.01512	0.25986	0.44081	0.00513	0.04161	0.02961	0.00267	0.00352
2	0.01047	0.01565	0.40029	0.01191	0.01659	0.02401	0.16362	0.09001	0.03087	0.08393	0.09988	0.01289	0.01040	0.00479	0.00444	0.00137	0.00562	0.00426	0.00282	0.00616
3	0.00523	0.00382	0.00492	0.00580	0.00620	0.00352	0.00391	0.00602	0.00843	0.01107	0.02609	0.75076	0.12202	0.01319	0.00545	0.00171	0.00246	0.01187	0.00400	0.00352
4	0.00537	0.00384	0.00514	0.00614	0.00644	0.00360	0.00421	0.00621	0.00837	0.01113	0.02367	0.78833	0.02822	0.01338	0.00553	0.00177	0.00260	0.06852	0.00400	0.00353
5	0.01556	0.01811	0.01185	0.01052	0.01287	0.64247	0.00801	0.13173	0.04636	0.01350	0.00797	0.00885	0.00636	0.00463	0.00393	0.00115	0.00690	0.00308	0.04082	0.00536
6	0.05434	0.00770	0.00811	0.00668	0.00894	0.00815	0.00536	0.32608	0.01352	0.05393	0.01205	0.01300	0.00905	0.00497	0.00357	0.00113	0.00327	0.00383	0.41460	0.04172
7	0.01114	0.74171	0.12874	0.00802	0.01206	0.01611	0.00850	0.01300	0.00880	0.01060	0.00622	0.00720	0.00552	0.00374	0.00294	0.00098	0.00484	0.00242	0.00184	0.00564
8	0.01010	0.36114	0.14515	0.18334	0.12321	0.01304	0.05012	0.01261	0.00890	0.01157	0.00701	0.00903	0.00579	0.00405	0.00406	0.00121	0.03895	0.00315	0.00191	0.00566
9	0.00942	0.00942	0.01319	0.01131	0.01131	0.01319	0.00942	0.01037	0.00660	0.01037	0.00565	0.00942	0.00565	0.00754	0.01414	0.00188	0.84073	0.00377	0.00188	0.00471
10	0.02450	0.00813	0.01264	0.05032	0.26329	0.00791	0.07599	0.03171	0.02352	0.22963	0.02852	0.05101	0.14354	0.00601	0.00474	0.00138	0.02232	0.00533	0.00349	0.00602
11	0.20904	0.04814	0.01135	0.02422	0.01189	0.28185	0.00752	0.12557	0.07295	0.02987	0.00788	0.00900	0.00629	0.00500	0.00522	0.00133	0.13154	0.00317	0.00276	0.00540
12	0.00589	0.00454	0.00570	0.04003	0.00718	0.00433	0.02012	0.00692	0.00873	0.01130	0.11758	0.15425	0.28040	0.23717	0.04654	0.00248	0.00348	0.03636	0.00351	0.00350
13	0.00612	0.00442	0.00551	0.00609	0.00693	0.00411	0.00453	0.02595	0.00934	0.03066	0.02811	0.45108	0.22648	0.01215	0.00543	0.00170	0.00278	0.16078	0.00403	0.00380

[dist]
# distance from previous block
# <min> <max>
7	10

[block]
# block no. 3 follows, 61 sequences, length 25
# corresponding to MSA columns:
# 267-291
name=unknown_D
#
# <colnr> <probs for GDERKNQSTAVLIFYWHMCP>
#	G	D	E	R	K	N	Q	S	T	A	V	L	I	F	Y	W	H	M	C	P
0	0.01049	0.00559	0.00731	0.00651	0.00815	0.00562	0.00510	0.04403	0.02304	0.23379	0.08046	0.01833	0.03540	0.05443	0.29917	0.00341	0.00609	0.00487	0.14324	0.00496
1	0.00813	0.00766	0.01292	0.83826	0.02967	0.00957	0.01196	0.01101	0.00861	0.01101	0.00766	0.01148	0.00574	0.00431	0.00431	0.00144	0.00574	0.00383	0.00191	0.00479
2	0.00893	0.00766	0.00893	0.00638	0.01021	0.00574	0.00510	0.01085	0.00893	0.01404	0.00766	0.00893	0.00638	0.00319	0.00319	0.00064	0.00319	0.00255	0.00255	0.87495
3	0.01152	0.85121	0.02257	0.00737	0.01106	0.01704	0.00737	0.01290	0.00875	0.01013	0.00599	0.00691	0.00553	0.00369	0.00276	0.00092	0.00461	0.00230	0.00184	0.00553
4	0.00509	0.00436	0.00436	0.00436	0.00582	0.00364	0.00327	0.00618	0.00982	0.01164	0.04364	0.04146	0.82000	0.01091	0.00509	0.00145	0.00218	0.00909	0.00400	0.00364
5	0.01089	0.00763	0.00855	0.00767	0.00985	0.00823	0.00595	0.01859	0.47864	0.14965	0.06702	0.09536	0.06838	0.00695	0.00452	0.00144	0.00316	0.00588	0.03553	0.00612
6	0.00942	0.00942	0.01319	0.01131	0.01131	0.01319	0.00942	0.01037	0.00660	0.01037	0.00565	0.00942	0.00565	0.00754	0.01414	0.00188	0.84073	0.00377	0.00188	0.00471
7	0.01014	0.01154	0.02499	0.01792	0.02212	0.01097	0.77827	0.01368	0.01004	0.01368	0.00861	0.01154	0.00651	0.00377	0.00540	0.00147	0.03637	0.00504	0.00217	0.00577
8	0.01175	0.00568	0.00644	0.00554	0.00739	0.00555	0.00438	0.09390	0.01101	0.22286	0.01442	0.01512	0.01057	0.00511	0.00348	0.00112	0.00271	0.00408	0.56369	0.00519
9	0.00536	0.00383	0.00513	0.00612	0.00642	0.00359	0.00419	0.00619	0.00836	0.01112	0.02368	0.79380	0.02825	0.01339	0.00553	0.00176	0.00259	0.06316	0.00400	0.00353
10	0.00531	0.00379	0.00507	0.00607	0.00635	0.00355	0.00411	0.00611	0.00831	0.01107	0.02371	0.81605	0.02835	0.01344	0.00551	0.00176	0.00255	0.04138	0.00400	0.00352
11	0.00999	0.00797	0.00865	0.00853	0.01028	0.07879	0.00708	0.06586	0.20915	0.06145	0.01896	0.03259	0.01830	0.00894	0.00518	0.00170	0.00419	0.43320	0.00402	0.00517
12	0.00527	0.00391	0.00492	0.00564	0.00618	0.00356	0.00386	0.00616	0.00879	0.01149	0.07472	0.64068	0.18367	0.01271	0.00539	0.00167	0.00241	0.01137	0.00404	0.00356
13	0.00563	0.00399	0.00527	0.00616	0.00650	0.00381	0.00431	0.00649	0.00829	0.01099	0.02243	0.62625	0.02644	0.10849	0.00744	0.00206	0.00292	0.13522	0.00384	0.00347
14	0.01152	0.85121	0.02257	0.00737	0.01106	0.01704	0.00737	0.01290	0.00875	0.01013	0.00599	0.00691	0.00553	0.00369	0.00276	0.00092	0.00461	0.00230	0.00184	0.00553
15	0.01637	0.01207	0.01293	0.00991	0.01336	0.01336	0.00819	0.80738	0.02025	0.02715	0.01034	0.01034	0.00733	0.00517	0.00431	0.00129	0.00474	0.00388	0.00431	0.00733
16	0.00888	0.00766	0.00919	0.06064	0.01148	0.00599	0.00555	0.01086	0.00891	0.01384	0.00766	0.00910	0.00634	0.00326	0.00326	0.00069	0.00336	0.00264	0.00251	0.81819
17	0.00537	0.00394	0.00505	0.00569	0.00623	0.00361	0.00392	0.00638	0.00911	0.01214	0.16054	0.60743	0.12999	0.01238	0.00538	0.00165	0.00238	0.01110	0.00412	0.00361
18	0.01586	0.02006	0.01210	0.01100	0.01323	0.79681	0.00826	0.01744	0.04592	0.01086	0.00712	0.00812	0.00587	0.00450	0.00391	0.00112	0.00758	0.00286	0.00231	0.00507
19	0.00952	0.00907	0.01542	0.39427	0.46286	0.00993	0.01265	0.01222	0.00927	0.01268	0.00790	0.01103	0.00633	0.00405	0.00428	0.00135	0.00540	0.00383	0.00203	0.00590
20	0.01892	0.00724	0.00987	0.00760	0.01086	0.00626	0.00626	0.02060	0.01232	0.80004	0.04153	0.01520	0.01158	0.00544	0.00435	0.00133	0.00362	0.00444	0.00531	0.00723
21	0.82001	0.02814	0.00692	0.00587	0.00857	0.02882	0.00485	0.01296	0.00759	0.03660	0.00625	0.00718	0.00484	0.00403	0.00273	0.00132	0.00347	0.00239	0.00269	0.00475
22	0.00780	0.00696	0.01079	0.22037	0.24784	0.02243	0.00885	0.00965	0.00893	0.01195	0.01485	0.35046	0.01597	0.00818	0.00483	0.00153	0.00422	0.03667	0.00290	0.00483
23	0.00526	0.00380	0.00498	0.00588	0.00623	0.00352	0.00396	0.00607	0.00846	0.01122	0.04864	0.77412	0.07552	0.01320	0.00546	0.00172	0.00247	0.01193	0.00402	0.00352
24	0.01002	0.01126	0.03900	0.09477	0.14148	0.01066	0.59985	0.01345	0.00995	0.01358	0.00851	0.01141	0.00648	0.00373	0.00487	0.00142	0.00679	0.00475	0.00214	0.00588

[dist]
# distance from previous block
# <min> <max>
0	1

[block]
# block no. 4 follows, 61 sequences, length 27
# corresponding to MSA columns:
# 293-319
name=unknown_E
#
# <colnr> <probs for GDERKNQSTAVLIFYWHMCP>
#	G	D	E	R	K	N	Q	S	T	A	V	L	I	F	Y	W	H	M	C	P
0	0.00582	0.00438	0.00539	0.00517	0.00627	0.00394	0.00386	0.00758	0.01149	0.01569	0.60287	0.05490	0.23791	0.00946	0.00509	0.00139	0.00208	0.00823	0.00454	0.00394
1	0.00618	0.00453	0.00649	0.00649	0.00711	0.00515	0.00485	0.00742	0.00680	0.00968	0.01193	0.01910	0.01172	0.19027	0.67488	0.00639	0.01011	0.00493	0.00237	0.00361
2	0.00548	0.00435	0.00485	0.00476	0.00598	0.00380	0.00352	0.00682	0.01041	0.01334	0.29749	0.05572	0.51123	0.04613	0.00582	0.00154	0.00222	0.00861	0.00418	0.00373
3	0.00940	0.00944	0.02710	0.21603	0.05649	0.01174	0.09920	0.01127	0.00778	0.02437	0.00682	0.01032	0.00591	0.00604	0.00992	0.00168	0.47556	0.00393	0.00199	0.00502
4	0.01090	0.00935	0.00985	0.00880	0.01127	0.01080	0.00686	0.04875	0.78780	0.01832	0.01730	0.01588	0.01296	0.00582	0.00438	0.00146	0.00345	0.00484	0.00438	0.00683
5	0.01248	0.01358	0.31644	0.03953	0.01516	0.00903	0.06043	0.08215	0.03766	0.25571	0.06380	0.01284	0.00979	0.00506	0.00482	0.00139	0.04623	0.00411	0.00337	0.00643
6	0.01092	0.01044	0.01616	0.11560	0.62157	0.05935	0.01235	0.01354	0.02523	0.03696	0.00833	0.01076	0.00682	0.00412	0.00454	0.00131	0.02951	0.00381	0.00224	0.00644
7	0.29030	0.01617	0.01049	0.00971	0.03157	0.52770	0.00728	0.03717	0.01082	0.01387	0.00658	0.00766	0.00535	0.00430	0.00352	0.00119	0.00621	0.00269	0.00242	0.00500
8	0.00662	0.00464	0.00595	0.00554	0.00670	0.00432	0.00418	0.00890	0.03617	0.04347	0.73020	0.03158	0.07790	0.00871	0.00504	0.00136	0.00213	0.00765	0.00471	0.00423
9	0.00524	0.00377	0.00498	0.00594	0.00623	0.00350	0.00397	0.00600	0.00830	0.01102	0.02444	0.81750	0.05634	0.01340	0.00548	0.00174	0.00249	0.01213	0.00400	0.00350
10	0.00532	0.00434	0.00450	0.00448	0.00571	0.00374	0.00324	0.00632	0.00949	0.01157	0.09175	0.03901	0.65706	0.12581	0.00740	0.00182	0.00245	0.00862	0.00386	0.00352
11	0.00916	0.05599	0.66747	0.03536	0.03930	0.01047	0.06846	0.04024	0.00953	0.01390	0.00782	0.00932	0.00564	0.00408	0.00412	0.00135	0.00625	0.00333	0.00194	0.00629
12	0.00573	0.00437	0.00526	0.00508	0.00622	0.00390	0.00379	0.00740	0.01127	0.01517	0.53204	0.05977	0.30500	0.00966	0.00510	0.00140	0.00210	0.00837	0.00447	0.00390
13	0.01484	0.03415	0.01330	0.01259	0.10856	0.46487	0.00895	0.19111	0.01315	0.01461	0.00754	0.00881	0.00610	0.00478	0.00489	0.00123	0.07895	0.00322	0.00264	0.00571
14	0.00893	0.00766	0.00893	0.00638	0.01021	0.00574	0.00510	0.01085	0.00893	0.01404	0.00766	0.00893	0.00638	0.00319	0.00319	0.00064	0.00319	0.00255	0.00255	0.87495
15	0.03314	0.01069	0.01880	0.03507	0.08785	0.01126	0.39434	0.09124	0.10712	0.02748	0.00946	0.01155	0.00730	0.00469	0.00610	0.00148	0.12929	0.00453	0.00266	0.00597
16	0.00823	0.00658	0.00743	0.00683	0.00851	0.00705	0.00523	0.01481	0.37436	0.01735	0.39329	0.02456	0.05633	0.00738	0.00468	0.00139	0.00266	0.00636	0.04169	0.00529
17	0.00813	0.00766	0.01292	0.83826	0.02967	0.00957	0.01196	0.01101	0.00861	0.01101	0.00766	0.01148	0.00574	0.00431	0.00431	0.00144	0.00574	0.00383	0.00191	0.00479
18	0.00516	0.00434	0.00449	0.00458	0.00593	0.00367	0.00342	0.00627	0.00976	0.01174	0.05801	0.09597	0.73230	0.01106	0.00514	0.00148	0.00224	0.02679	0.00401	0.00364
19	0.00893	0.00766	0.00893	0.00638	0.01021	0.00574	0.00510	0.01085	0.00893	0.01404	0.00766	0.00893	0.00638	0.00319	0.00319	0.00064	0.00319	0.00255	0.00255	0.87495
20	0.00813	0.00766	0.01292	0.83826	0.02967	0.00957	0.01196	0.01101	0.00861	0.01101	0.00766	0.01148	0.00574	0.00431	0.00431	0.00144	0.00574	0.00383	0.00191	0.00479
21	0.01071	0.00925	0.00974	0.00877	0.01120	0.01071	0.00682	0.02289	0.81396	0.01802	0.01753	0.01607	0.01315	0.00584	0.00438	0.00146	0.00341	0.00487	0.00438	0.00682
22	0.00622	0.00422	0.00486	0.00486	0.00497	0.00425	0.00285	0.00637	0.00643	0.00859	0.01443	0.02776	0.04234	0.75728	0.08400	0.00430	0.00468	0.00623	0.00263	0.00274
23	0.01107	0.26430	0.03392	0.03848	0.48119	0.02321	0.01100	0.02589	0.02410	0.02370	0.00774	0.00960	0.00653	0.00388	0.00379	0.00117	0.00495	0.00335	0.00216	0.01997
24	0.00813	0.00766	0.01292	0.83826	0.02967	0.00957	0.01196	0.01101	0.00861	0.01101	0.00766	0.01148	0.00574	0.00431	0.00431	0.00144	0.00574	0.00383	0.00191	0.00479
25	0.00626	0.00418	0.00470	0.00470	0.00470	0.00418	0.00261	0.00626	0.00626	0.00835	0.01357	0.02819	0.01566	0.84862	0.02192	0.00418	0.00418	0.00626	0.00261	0.00261
26	0.01394	0.00706	0.00825	0.00671	0.00911	0.00698	0.00542	0.19609	0.01287	0.30910	0.03631	0.01469	0.01087	0.00527	0.00384	0.00120	0.00323	0.00420	0.33891	0.00596

[dist]
# distance from previous block
# <min> <max>
0	3

[block]
# block no. 5 follows, 61 sequences, length 11
# corresponding to MSA columns:
# 323-333
name=unknown_F
#
# <colnr> <probs for GDERKNQSTAVLIFYWHMCP>
#	G	D	E	R	K	N	Q	S	T	A	V	L	I	F	Y	W	H	M	C	P
0	0.00759	0.00488	0.00636	0.00594	0.00717	0.00456	0.00454	0.03459	0.01200	0.09028	0.61121	0.10305	0.03500	0.00894	0.00507	0.00142	0.00240	0.04591	0.00468	0.00441
1	0.01017	0.01162	0.02542	0.01816	0.02251	0.01089	0.80610	0.01380	0.01017	0.01380	0.00871	0.01162	0.00654	0.00363	0.00508	0.00145	0.00726	0.00508	0.00218	0.00581
2	0.00525	0.00375	0.00500	0.00600	0.00625	0.00350	0.00400	0.00600	0.00825	0.01100	0.02374	0.84580	0.02849	0.01350	0.00550	0.00175	0.00250	0.01225	0.00400	0.00350
3	0.00525	0.00375	0.00500	0.00600	0.00625	0.00350	0.00400	0.00600	0.00825	0.01100	0.02374	0.84580	0.02849	0.01350	0.00550	0.00175	0.00250	0.01225	0.00400	0.00350
4	0.00981	0.01106	0.08905	0.01239	0.01382	0.01255	0.13375	0.04995	0.00804	0.01201	0.00655	0.00978	0.00585	0.00650	0.01134	0.00174	0.59466	0.00393	0.00204	0.00516
5	0.01025	0.00990	0.01712	0.15126	0.66573	0.01016	0.04664	0.01290	0.00964	0.01359	0.00806	0.01083	0.00664	0.00390	0.00431	0.00131	0.00530	0.00389	0.00210	0.00647
6	0.00584	0.00439	0.00603	0.08178	0.00844	0.00452	0.00482	0.00675	0.00798	0.01066	0.02005	0.59401	0.02347	0.12201	0.03012	0.00219	0.02875	0.03112	0.00352	0.00356
7	0.01498	0.01152	0.01333	0.08560	0.01509	0.03412	0.05520	0.61512	0.03541	0.04207	0.01028	0.01106	0.00747	0.02292	0.00472	0.00138	0.00499	0.00400	0.00390	0.00683
8	0.00525	0.00437	0.00458	0.00453	0.00591	0.00370	0.00340	0.00649	0.01019	0.01251	0.16451	0.04001	0.69858	0.01058	0.00509	0.00144	0.00216	0.00889	0.00412	0.00370
9	0.00889	0.00810	0.01245	0.48648	0.10831	0.00972	0.01051	0.05175	0.07649	0.01267	0.00994	0.08743	0.00862	0.00557	0.00534	0.00148	0.08392	0.00468	0.00245	0.00518
10	0.07588	0.00866	0.01053	0.00813	0.01145	0.00842	0.00671	0.22948	0.01410	0.55899	0.01449	0.01300	0.00938	0.00520	0.00421	0.00132	0.00393	0.00408	0.00488	0.00715

[dist]
# distance from previous block
# <min> <max>
1	2

[block]
# block no. 6 follows, 61 sequences, length 8
# corresponding to MSA columns:
# 336-343
name=unknown_G
#
# <colnr> <probs for GDERKNQSTAVLIFYWHMCP>
#	G	D	E	R	K	N	Q	S	T	A	V	L	I	F	Y	W	H	M	C	P
0	0.18572	0.27536	0.09496	0.00941	0.01279	0.21811	0.07128	0.03418	0.03904	0.01342	0.00707	0.00815	0.00576	0.00409	0.00344	0.00117	0.00549	0.00287	0.00228	0.00542
1	0.28449	0.01062	0.01117	0.01061	0.11500	0.03550	0.00761	0.36828	0.05852	0.04518	0.00918	0.00971	0.00680	0.00466	0.00378	0.00131	0.00433	0.00343	0.00349	0.00633
2	0.01099	0.03612	0.03046	0.14906	0.06391	0.08238	0.13900	0.12847	0.05579	0.01518	0.00866	0.01034	0.00672	0.00406	0.00404	0.00115	0.00514	0.00360	0.00265	0.24227
3	0.00894	0.08297	0.42048	0.06342	0.05811	0.01008	0.14148	0.01270	0.00945	0.01339	0.06684	0.01329	0.00927	0.00481	0.00457	0.00139	0.02550	0.04526	0.00222	0.00580
4	0.01004	0.00952	0.01587	0.10330	0.65777	0.00971	0.01218	0.01287	0.03598	0.01393	0.04016	0.01285	0.03791	0.00439	0.00433	0.00131	0.00490	0.00421	0.00235	0.00640
5	0.00525	0.00375	0.00500	0.00600	0.00625	0.00350	0.00400	0.00600	0.00825	0.01100	0.02374	0.84580	0.02849	0.01350	0.00550	0.00175	0.00250	0.01225	0.00400	0.00350
6	0.00576	0.00416	0.00548	0.00635	0.00689	0.00395	0.00470	0.00684	0.00874	0.01145	0.02458	0.52049	0.08965	0.05261	0.00637	0.00191	0.00296	0.22961	0.00392	0.00360
7	0.01073	0.01114	0.07978	0.22752	0.43385	0.04088	0.01235	0.10564	0.01076	0.01466	0.00817	0.01060	0.00645	0.00415	0.00425	0.00132	0.00543	0.00375	0.00231	0.00626

[dist]
# distance from previous block
# <min> <max>
0	1

[block]
# block no. 7 follows, 61 sequences, length 7
# corresponding to MSA columns:
# 345-351
name=unknown_H
#
# <colnr> <probs for GDERKNQSTAVLIFYWHMCP>
#	G	D	E	R	K	N	Q	S	T	A	V	L	I	F	Y	W	H	M	C	P
0	0.00617	0.00438	0.00562	0.00541	0.00641	0.00406	0.00408	0.00812	0.01169	0.01661	0.68531	0.06189	0.06643	0.00894	0.00501	0.00138	0.00212	0.03646	0.05589	0.00402
1	0.00534	0.00437	0.00471	0.00462	0.00597	0.00374	0.00347	0.00666	0.01040	0.01302	0.23387	0.03918	0.62891	0.01039	0.00509	0.00143	0.00215	0.00877	0.00418	0.00374
2	0.01091	0.01005	0.01692	0.04964	0.65897	0.00998	0.05494	0.03805	0.01015	0.03972	0.00844	0.01076	0.00689	0.00389	0.00425	0.00126	0.00509	0.00385	0.00232	0.05390
3	0.11522	0.01913	0.01153	0.01047	0.01274	0.73693	0.00790	0.01668	0.01165	0.01155	0.00658	0.00768	0.00545	0.00439	0.00374	0.00114	0.00726	0.00272	0.00227	0.00496
4	0.00893	0.00766	0.00893	0.00638	0.01021	0.00574	0.00510	0.01085	0.00893	0.01404	0.00766	0.00893	0.00638	0.00319	0.00319	0.00064	0.00319	0.00255	0.00255	0.87495
5	0.00559	0.00435	0.00508	0.00497	0.00614	0.00384	0.00370	0.00713	0.01090	0.01436	0.42234	0.08027	0.39584	0.01002	0.00511	0.00142	0.00213	0.00862	0.00436	0.00384
6	0.01251	0.03039	0.05940	0.00928	0.01236	0.03006	0.02629	0.23449	0.38836	0.06324	0.01385	0.03253	0.01046	0.00543	0.00427	0.00134	0.00415	0.00442	0.00399	0.05318

[dist]
# distance from previous block
# <min> <max>
0	1

[block]
# block no. 8 follows, 61 sequences, length 17
# corresponding to MSA columns:
# 353-369
name=unknown_I
#
# <colnr> <probs for GDERKNQSTAVLIFYWHMCP>
#	G	D	E	R	K	N	Q	S	T	A	V	L	I	F	Y	W	H	M	C	P
0	0.01136	0.52251	0.01984	0.04930	0.05467	0.06730	0.08732	0.04886	0.00968	0.01170	0.00796	0.00924	0.03242	0.00414	0.00363	0.00108	0.02346	0.00309	0.00212	0.03031
1	0.00895	0.00872	0.01228	0.01067	0.01078	0.01205	0.00883	0.00998	0.00664	0.01031	0.00651	0.01052	0.00640	0.01116	0.13366	0.00262	0.71949	0.00389	0.00195	0.00459
2	0.00544	0.00384	0.00498	0.00577	0.00601	0.00363	0.00378	0.00611	0.00806	0.01078	0.04856	0.68821	0.02685	0.14669	0.00811	0.00212	0.00275	0.01114	0.00380	0.00338
3	0.00893	0.00766	0.00893	0.00638	0.01021	0.00574	0.00510	0.01085	0.00893	0.01404	0.00766	0.00893	0.00638	0.00319	0.00319	0.00064	0.00319	0.00255	0.00255	0.87495
4	0.00855	0.00629	0.00737	0.00635	0.00839	0.01974	0.00489	0.01183	0.12330	0.08285	0.37968	0.05233	0.06668	0.00707	0.00450	0.00123	0.00274	0.00609	0.00415	0.19597
5	0.52203	0.06813	0.00960	0.00805	0.03043	0.25971	0.00625	0.01403	0.00895	0.01576	0.00624	0.00736	0.00506	0.00417	0.00329	0.00125	0.01983	0.00253	0.00245	0.00488
6	0.00975	0.00528	0.00563	0.00510	0.00658	0.00537	0.00396	0.08960	0.04200	0.07880	0.04008	0.01591	0.01169	0.00521	0.00336	0.00109	0.00246	0.00418	0.65926	0.00470
7	0.00844	0.00778	0.01257	0.42315	0.16585	0.00873	0.02943	0.01087	0.00898	0.01213	0.02708	0.04952	0.02681	0.00557	0.00499	0.00143	0.05012	0.07354	0.00237	0.07065
8	0.01001	0.00950	0.01609	0.14730	0.65346	0.00976	0.01248	0.01258	0.00977	0.01380	0.05693	0.01208	0.00870	0.00421	0.00432	0.00131	0.00503	0.00407	0.00226	0.00635
9	0.00574	0.00442	0.00509	0.00509	0.00629	0.00396	0.00381	0.00704	0.00990	0.02696	0.19152	0.09305	0.48045	0.03718	0.06832	0.00197	0.00304	0.03840	0.00400	0.00378
10	0.28667	0.00810	0.00818	0.00721	0.00961	0.00893	0.00570	0.07656	0.27038	0.12023	0.03832	0.08967	0.01189	0.00591	0.00390	0.00140	0.00334	0.00466	0.03359	0.00575
11	0.00825	0.00601	0.00717	0.00721	0.00844	0.00634	0.00548	0.02809	0.24293	0.05267	0.01974	0.25779	0.02016	0.12534	0.00746	0.00202	0.00342	0.18277	0.00398	0.00471
12	0.01604	0.01165	0.01255	0.00973	0.01309	0.01286	0.00800	0.71244	0.08406	0.05842	0.01119	0.01098	0.00793	0.00523	0.00432	0.00131	0.00459	0.00398	0.00436	0.00728
13	0.02575	0.03014	0.00664	0.00587	0.00637	0.00589	0.00401	0.03962	0.00721	0.02743	0.01217	0.02264	0.01303	0.54499	0.13631	0.02001	0.06489	0.00542	0.01824	0.00337
14	0.01391	0.19901	0.05132	0.01058	0.03761	0.05379	0.06895	0.38714	0.03832	0.04584	0.00910	0.00977	0.00689	0.00474	0.00445	0.00125	0.04400	0.00357	0.00325	0.00650
15	0.07454	0.00825	0.00981	0.00774	0.01069	0.00817	0.00633	0.24211	0.01410	0.40834	0.11252	0.01581	0.03533	0.00577	0.00430	0.00132	0.00368	0.00461	0.02000	0.00659
16	0.04833	0.06693	0.28722	0.01164	0.12846	0.02908	0.01035	0.05267	0.02634	0.04708	0.00825	0.00944	0.00634	0.00392	0.00374	0.00111	0.00484	0.00311	0.00243	0.24873

[dist]
# distance from previous block
# <min> <max>
0	1

[block]
# block no. 9 follows, 61 sequences, length 8
# corresponding to MSA columns:
# 371-378
name=unknown_J
#
# <colnr> <probs for GDERKNQSTAVLIFYWHMCP>
#	G	D	E	R	K	N	Q	S	T	A	V	L	I	F	Y	W	H	M	C	P
0	0.00781	0.00550	0.00717	0.00667	0.00796	0.00552	0.03151	0.04333	0.07189	0.05932	0.23452	0.23644	0.06312	0.01063	0.06630	0.00185	0.02648	0.00755	0.08672	0.01971
1	0.00769	0.00591	0.00831	0.02467	0.03265	0.00563	0.06825	0.03420	0.05305	0.05393	0.38614	0.06353	0.15755	0.00829	0.00496	0.00141	0.00302	0.04926	0.00415	0.02738
2	0.01204	0.11636	0.01345	0.17994	0.11077	0.20324	0.00888	0.08950	0.01093	0.04779	0.00861	0.01097	0.00700	0.00454	0.00409	0.00119	0.02127	0.02564	0.04269	0.08108
3	0.00765	0.00539	0.00653	0.00587	0.00760	0.00479	0.00447	0.00975	0.04563	0.06130	0.25838	0.12441	0.10393	0.04308	0.00526	0.00139	0.00270	0.04789	0.06293	0.19104
4	0.03830	0.00917	0.01279	0.36325	0.05427	0.05142	0.06633	0.09816	0.06607	0.06711	0.00980	0.03962	0.00780	0.02302	0.00516	0.00146	0.04633	0.00422	0.00274	0.03299
5	0.01090	0.24814	0.19178	0.03814	0.13772	0.04811	0.12161	0.06125	0.07727	0.01370	0.00836	0.00974	0.00660	0.00411	0.00392	0.00123	0.00551	0.00349	0.00231	0.00611
6	0.00608	0.00459	0.00614	0.00636	0.00699	0.00490	0.00465	0.00756	0.03578	0.01097	0.05852	0.27590	0.07987	0.10810	0.31684	0.00390	0.03284	0.02308	0.00320	0.00374
7	0.00838	0.00495	0.00645	0.00599	0.00742	0.00445	0.00458	0.01007	0.01121	0.15984	0.42814	0.15408	0.09270	0.00906	0.00500	0.00143	0.00254	0.04871	0.00457	0.03044

[dist]
# distance from previous block
# <min> <max>
1	10

[block]
# block no. 10 follows, 61 sequences, length 16
# corresponding to MSA columns:
# 389-404
name=unknown_K
#
# <colnr> <probs for GDERKNQSTAVLIFYWHMCP>
#	G	D	E	R	K	N	Q	S	T	A	V	L	I	F	Y	W	H	M	C	P
0	0.05111	0.38180	0.05533	0.01049	0.10040	0.16827	0.00839	0.06229	0.02874	0.06434	0.00770	0.00855	0.00626	0.00411	0.00344	0.00109	0.00517	0.00289	0.00243	0.02720
1	0.05371	0.07215	0.39816	0.04816	0.14250	0.01041	0.07622	0.01343	0.02536	0.03721	0.03614	0.01050	0.00727	0.00440	0.00459	0.00136	0.04657	0.00362	0.00220	0.00606
2	0.01158	0.08623	0.01152	0.00780	0.01133	0.04248	0.00643	0.23323	0.03077	0.01721	0.00840	0.00927	0.00667	0.00399	0.00374	0.00091	0.02084	0.00299	0.00299	0.48163
3	0.00626	0.00450	0.00531	0.00527	0.00641	0.00405	0.00385	0.00781	0.02903	0.05099	0.26990	0.19377	0.34337	0.04267	0.00576	0.00158	0.00237	0.00889	0.00424	0.00394
4	0.01011	0.00528	0.00667	0.00588	0.00754	0.00492	0.00456	0.01245	0.04606	0.22716	0.39783	0.04132	0.02548	0.00712	0.00445	0.00129	0.00252	0.00611	0.17825	0.00501
5	0.00587	0.00429	0.00504	0.00503	0.00576	0.00399	0.00346	0.00690	0.00925	0.01228	0.27358	0.08652	0.22643	0.29473	0.01085	0.00238	0.00289	0.03357	0.00376	0.00342
6	0.00685	0.00451	0.00565	0.00530	0.00622	0.00420	0.00378	0.00829	0.01055	0.06148	0.52210	0.03067	0.07684	0.22413	0.00936	0.00208	0.00269	0.00727	0.00419	0.00386
7	0.00564	0.00436	0.00514	0.00500	0.00617	0.00386	0.00373	0.00722	0.01102	0.01463	0.45915	0.07194	0.36682	0.00989	0.00510	0.00141	0.00212	0.00853	0.00440	0.00386
8	0.87904	0.00833	0.00633	0.00566	0.00833	0.00966	0.00467	0.01266	0.00733	0.01933	0.00600	0.00700	0.00467	0.00400	0.00267	0.00133	0.00333	0.00233	0.00267	0.00467
9	0.10279	0.00743	0.00964	0.00747	0.01074	0.00665	0.00617	0.02018	0.01184	0.74654	0.01593	0.01392	0.01008	0.00520	0.00417	0.00133	0.00363	0.00414	0.00507	0.00707
10	0.00644	0.00460	0.00592	0.00654	0.00726	0.00450	0.00517	0.00771	0.00879	0.01139	0.02252	0.09799	0.10543	0.24068	0.01020	0.00251	0.00374	0.44148	0.00360	0.00353
11	0.01854	0.00786	0.01027	0.00785	0.01122	0.00706	0.00648	0.10559	0.01303	0.70172	0.01585	0.01393	0.01011	0.00522	0.00428	0.00130	0.00376	0.00420	0.00509	0.04665
12	0.00951	0.00936	0.01404	0.12237	0.18119	0.01211	0.01054	0.01104	0.00752	0.01122	0.00642	0.00995	0.00591	0.00635	0.01081	0.00170	0.55905	0.00379	0.00194	0.00516
13	0.87904	0.00833	0.00633	0.00566	0.00833	0.00966	0.00467	0.01266	0.00733	0.01933	0.00600	0.00700	0.00467	0.00400	0.00267	0.00133	0.00333	0.00233	0.00267	0.00467
14	0.01237	0.04030	0.04436	0.04578	0.35551	0.04980	0.04886	0.14698	0.02356	0.10152	0.03610	0.01212	0.00857	0.00462	0.00442	0.00129	0.01759	0.01690	0.00297	0.02638
15	0.00809	0.24896	0.01063	0.00607	0.00808	0.00821	0.00509	0.01033	0.06741	0.03853	0.25722	0.08239	0.21765	0.00785	0.00437	0.00129	0.00299	0.00652	0.00366	0.00464

[dist]
# distance from previous block
# <min> <max>
2	5

[block]
# block no. 11 follows, 61 sequences, length 33
# corresponding to MSA columns:
# 410-442
name=unknown_L
#
# <colnr> <probs for GDERKNQSTAVLIFYWHMCP>
#	G	D	E	R	K	N	Q	S	T	A	V	L	I	F	Y	W	H	M	C	P
0	0.10618	0.38061	0.21490	0.00925	0.01322	0.04943	0.04124	0.03763	0.01910	0.01291	0.00686	0.00809	0.00564	0.00411	0.00390	0.00116	0.04907	0.00282	0.00209	0.03179
1	0.00627	0.00437	0.00625	0.00631	0.00685	0.00480	0.00463	0.00709	0.00695	0.00975	0.03577	0.07630	0.02708	0.13151	0.52003	0.12629	0.00846	0.00540	0.00250	0.00339
2	0.02099	0.00735	0.00835	0.00817	0.05593	0.02565	0.00589	0.04396	0.31811	0.03649	0.32135	0.02347	0.09211	0.00719	0.00466	0.00139	0.00303	0.00615	0.00430	0.00547
3	0.01019	0.45447	0.38351	0.00989	0.01480	0.01370	0.03458	0.01326	0.00895	0.01182	0.00685	0.00803	0.00553	0.00387	0.00343	0.00114	0.00547	0.00278	0.00184	0.00591
4	0.03084	0.26899	0.41916	0.04620	0.08957	0.01221	0.03281	0.03077	0.00927	0.01296	0.00728	0.00872	0.00566	0.00397	0.00371	0.00123	0.00561	0.00305	0.00194	0.00606
5	0.00928	0.03457	0.13529	0.01278	0.20470	0.00886	0.00917	0.03572	0.12862	0.03238	0.03463	0.03238	0.01104	0.08964	0.11028	0.00237	0.05416	0.03526	0.01332	0.00555
6	0.00571	0.00451	0.00512	0.00516	0.00633	0.00408	0.00384	0.00739	0.03810	0.01311	0.22982	0.11443	0.43963	0.05041	0.00595	0.00162	0.00242	0.05443	0.00413	0.00381
7	0.06727	0.01085	0.01273	0.01083	0.07675	0.03576	0.04146	0.45972	0.01618	0.20809	0.01126	0.01114	0.00781	0.00495	0.00423	0.00130	0.00464	0.00391	0.00412	0.00700
8	0.00515	0.00432	0.00448	0.00455	0.00588	0.00364	0.00337	0.00626	0.00980	0.01184	0.07725	0.10670	0.71998	0.01102	0.00512	0.00147	0.00220	0.00929	0.00403	0.00364
9	0.01602	0.01173	0.01255	0.00966	0.01301	0.01297	0.00797	0.77390	0.01978	0.02668	0.01050	0.01058	0.00748	0.00516	0.00425	0.00128	0.00463	0.00388	0.04077	0.00719
10	0.11141	0.10335	0.12003	0.01056	0.01376	0.37112	0.07944	0.04504	0.01088	0.06023	0.00781	0.02102	0.00623	0.00445	0.00398	0.00122	0.01833	0.00322	0.00246	0.00546
11	0.00617	0.00455	0.00661	0.00661	0.00728	0.00522	0.00500	0.00749	0.00683	0.00977	0.01182	0.01849	0.01145	0.14575	0.71903	0.00654	0.01051	0.00484	0.00235	0.00367
12	0.01102	0.00867	0.00978	0.00718	0.01088	0.02249	0.00579	0.15579	0.01124	0.06356	0.00867	0.00950	0.00679	0.00370	0.00347	0.00081	0.00358	0.00290	0.00303	0.65115
13	0.00547	0.00381	0.00501	0.00596	0.00628	0.00358	0.00405	0.00634	0.00836	0.01136	0.02314	0.76712	0.02733	0.01294	0.00537	0.00171	0.00253	0.04149	0.05458	0.00355
14	0.01637	0.01207	0.01293	0.00991	0.01336	0.01336	0.00819	0.80738	0.02025	0.02715	0.01034	0.01034	0.00733	0.00517	0.00431	0.00129	0.00474	0.00388	0.00431	0.00733
15	0.05487	0.00737	0.00984	0.00758	0.01089	0.00647	0.00626	0.02065	0.01212	0.79143	0.01654	0.01434	0.01041	0.00528	0.00426	0.00133	0.00365	0.00425	0.00522	0.00722
16	0.01850	0.00865	0.01082	0.00829	0.01166	0.00830	0.00685	0.24084	0.01454	0.60175	0.01513	0.01345	0.00973	0.00529	0.00433	0.00132	0.00397	0.00421	0.00505	0.00733
17	0.00657	0.00467	0.00631	0.00626	0.00713	0.00459	0.02770	0.00833	0.05599	0.02695	0.21511	0.30718	0.06867	0.03339	0.09372	0.07141	0.00365	0.00824	0.04026	0.00388
18	0.01249	0.00699	0.00810	0.00700	0.00931	0.00712	0.00555	0.01788	0.29148	0.28428	0.02917	0.01797	0.05946	0.00595	0.00414	0.00132	0.00310	0.02112	0.20149	0.00607
19	0.00753	0.00426	0.00437	0.00440	0.00547	0.00420	0.00328	0.00974	0.04227	0.01517	0.01898	0.07935	0.12399	0.00648	0.00353	0.00114	0.00212	0.00534	0.65434	0.00404
20	0.07079	0.01016	0.01109	0.00876	0.01191	0.04467	0.00717	0.38812	0.05828	0.28982	0.01256	0.01204	0.00865	0.00627	0.03830	0.00154	0.00463	0.00397	0.00438	0.00689
21	0.00963	0.00908	0.01534	0.22972	0.55154	0.00955	0.01224	0.01217	0.00945	0.01312	0.00930	0.04700	0.00825	0.00472	0.00440	0.00137	0.00512	0.03973	0.00224	0.00604
22	0.00560	0.00418	0.00477	0.00495	0.00565	0.00382	0.00333	0.00641	0.00872	0.01122	0.12743	0.20872	0.31241	0.26164	0.01021	0.00232	0.00283	0.00876	0.00368	0.00335
23	0.00847	0.00503	0.00517	0.00497	0.00625	0.00530	0.00378	0.01243	0.16298	0.01648	0.04309	0.01663	0.01249	0.00531	0.00335	0.00110	0.00228	0.00431	0.67604	0.00455
24	0.06047	0.01125	0.06769	0.01010	0.01238	0.06131	0.05164	0.21757	0.13111	0.01719	0.00968	0.01104	0.00760	0.00564	0.00683	0.00146	0.23459	0.00387	0.07274	0.00583
25	0.13044	0.00780	0.00973	0.00757	0.01082	0.00727	0.00625	0.07696	0.01226	0.66258	0.01509	0.01336	0.00964	0.00515	0.00411	0.00133	0.00370	0.00404	0.00491	0.00699
26	0.00821	0.00464	0.00582	0.00577	0.00649	0.00440	0.00394	0.00890	0.00821	0.14381	0.03268	0.24682	0.01933	0.39582	0.01284	0.00279	0.00355	0.06365	0.01857	0.00377
27	0.00921	0.02034	0.71745	0.01207	0.01797	0.00963	0.04511	0.01385	0.00935	0.05791	0.00890	0.01112	0.00658	0.00446	0.00422	0.00139	0.00615	0.03587	0.00211	0.00630
28	0.08165	0.22104	0.36625	0.04032	0.01609	0.01157	0.10782	0.01362	0.03346	0.03318	0.00825	0.01031	0.00649	0.00425	0.00385	0.00129	0.00554	0.02697	0.00217	0.00586
29	0.00927	0.00736	0.03061	0.07145	0.17950	0.03157	0.00732	0.02812	0.01077	0.10257	0.29096	0.03477	0.06395	0.06232	0.00597	0.00155	0.01942	0.02125	0.01618	0.00509
30	0.00733	0.00379	0.00567	0.00570	0.00576	0.00383	0.00385	0.00575	0.00578	0.00775	0.00829	0.04265	0.00841	0.01592	0.06389	0.79338	0.00415	0.00409	0.00197	0.00204
31	0.38618	0.16659	0.02358	0.01969	0.10072	0.15829	0.00711	0.04376	0.00933	0.01549	0.00679	0.00800	0.00554	0.00408	0.00319	0.00120	0.00465	0.00271	0.02787	0.00523
32	0.00541	0.00435	0.00483	0.00477	0.00603	0.00376	0.00355	0.00678	0.01049	0.01338	0.28601	0.07405	0.54070	0.01036	0.00511	0.00144	0.00215	0.00882	0.00423	0.00376

[dist]
# distance from previous block
# <min> <max>
0	13

# created by:
# /st0/software/busco_prod/Augustus/scripts/msa2prfl.pl ./align_prep/1266231.fa
