[name]
unknown

[dist]
# distance from previous block
# <min> <max>
0	25

[block]
# block no. 0 follows, 58 sequences, length 19
# corresponding to MSA columns:
# 65-83
name=unknown_A
#
# <colnr> <probs for GDERKNQSTAVLIFYWHMCP>
#	G	D	E	R	K	N	Q	S	T	A	V	L	I	F	Y	W	H	M	C	P
0	0.01189	0.43649	0.05042	0.00900	0.01226	0.08531	0.06289	0.03173	0.01024	0.06438	0.01054	0.01559	0.00963	0.00547	0.00388	0.00125	0.00506	0.12726	0.04114	0.00558
1	0.14486	0.00619	0.00835	0.00770	0.00888	0.00716	0.04088	0.00924	0.00739	0.01209	0.01076	0.03395	0.01023	0.08951	0.48656	0.00507	0.08473	0.00463	0.00248	0.01934
2	0.04319	0.01087	0.11288	0.13015	0.19952	0.03048	0.08151	0.07575	0.01085	0.06080	0.03419	0.05841	0.10401	0.00588	0.00481	0.00144	0.02127	0.00516	0.00293	0.00589
3	0.02549	0.05199	0.58936	0.01220	0.01786	0.01010	0.08984	0.01410	0.00969	0.06378	0.01038	0.01163	0.04217	0.00534	0.02569	0.00156	0.00634	0.00383	0.00228	0.00636
4	0.00958	0.15868	0.50225	0.01144	0.01669	0.01135	0.06239	0.01456	0.09165	0.01389	0.01057	0.03292	0.03532	0.00484	0.00419	0.00137	0.00579	0.00392	0.00233	0.00630
5	0.00983	0.01087	0.02319	0.04962	0.02153	0.01028	0.66667	0.01319	0.01024	0.01384	0.01098	0.11696	0.00964	0.00510	0.00530	0.00155	0.00685	0.00617	0.00249	0.00569
6	0.01078	0.08882	0.10519	0.14315	0.06547	0.02348	0.05036	0.04275	0.11403	0.11068	0.07370	0.05872	0.06511	0.00600	0.00449	0.00141	0.00461	0.00513	0.02024	0.00589
7	0.05316	0.02675	0.28353	0.01097	0.01461	0.20380	0.04987	0.05363	0.04787	0.01419	0.01179	0.06856	0.02420	0.00620	0.00473	0.00146	0.02263	0.09365	0.00275	0.00565
8	0.00897	0.02314	0.81962	0.01275	0.01936	0.01039	0.01653	0.01417	0.00944	0.01417	0.00803	0.00944	0.00567	0.00425	0.00425	0.00142	0.00661	0.00331	0.00189	0.00661
9	0.00695	0.00508	0.00669	0.13689	0.01049	0.00496	0.00533	0.00838	0.00983	0.06448	0.11539	0.26847	0.29000	0.03937	0.00584	0.00168	0.00310	0.00896	0.00393	0.00418
10	0.00992	0.05962	0.69420	0.01190	0.01793	0.01025	0.01491	0.01451	0.00961	0.07743	0.00889	0.01039	0.00641	0.02937	0.00476	0.00148	0.00624	0.00345	0.00220	0.00653
11	0.07097	0.00724	0.00907	0.00734	0.01007	0.00679	0.00593	0.07689	0.03302	0.45813	0.22236	0.01983	0.03954	0.00653	0.00461	0.00139	0.00338	0.00540	0.00506	0.00644
12	0.00544	0.00393	0.00516	0.00614	0.00646	0.00364	0.00411	0.00624	0.00865	0.01145	0.02573	0.79843	0.07033	0.01387	0.00569	0.00180	0.00258	0.01255	0.00415	0.00364
13	0.07624	0.23014	0.36908	0.03242	0.03195	0.01244	0.10904	0.05054	0.00995	0.02812	0.00785	0.00927	0.00598	0.00415	0.00393	0.00130	0.00585	0.00333	0.00220	0.00621
14	0.01635	0.01059	0.01199	0.00940	0.01264	0.01131	0.00775	0.54560	0.01801	0.18624	0.04828	0.01422	0.01058	0.00710	0.04276	0.00165	0.00487	0.02888	0.00460	0.00718
15	0.00529	0.00453	0.00453	0.00453	0.00604	0.00378	0.00340	0.00642	0.01020	0.01208	0.04532	0.04305	0.81307	0.01133	0.00529	0.00151	0.00227	0.00944	0.00415	0.00378
16	0.00632	0.00452	0.00611	0.00623	0.00668	0.00491	0.00437	0.00724	0.00710	0.00988	0.01421	0.11610	0.01516	0.32826	0.43676	0.00553	0.00810	0.00633	0.00271	0.00348
17	0.06552	0.00817	0.04083	0.00716	0.01026	0.00692	0.00601	0.07633	0.04291	0.02525	0.01235	0.02964	0.03198	0.02751	0.01544	0.00125	0.00371	0.09310	0.06088	0.43477
18	0.10345	0.47898	0.16840	0.00994	0.06481	0.05802	0.00944	0.02478	0.00949	0.02723	0.00700	0.00810	0.00584	0.00404	0.00333	0.00114	0.00518	0.00275	0.00214	0.00592

[dist]
# distance from previous block
# <min> <max>
7	18

[block]
# block no. 1 follows, 58 sequences, length 9
# corresponding to MSA columns:
# 113-121
name=unknown_B
#
# <colnr> <probs for GDERKNQSTAVLIFYWHMCP>
#	G	D	E	R	K	N	Q	S	T	A	V	L	I	F	Y	W	H	M	C	P
0	0.01178	0.01059	0.10751	0.03722	0.07735	0.00970	0.06905	0.16990	0.07359	0.09260	0.08520	0.01448	0.01159	0.00559	0.00532	0.00140	0.07976	0.00454	0.12668	0.00616
1	0.00633	0.00436	0.00534	0.00544	0.00569	0.00439	0.00344	0.00686	0.00753	0.01026	0.10055	0.13964	0.02021	0.53621	0.12129	0.00404	0.00484	0.00731	0.00310	0.00316
2	0.01020	0.00963	0.04519	0.29019	0.08724	0.01003	0.11509	0.11122	0.10058	0.03100	0.01356	0.05558	0.07216	0.00572	0.00491	0.00149	0.02229	0.00512	0.00298	0.00581
3	0.00564	0.00442	0.00499	0.00519	0.00633	0.00386	0.00382	0.00669	0.00993	0.01240	0.11651	0.18413	0.51661	0.01185	0.00603	0.04590	0.00248	0.04540	0.00412	0.00372
4	0.01172	0.02904	0.03800	0.12865	0.06912	0.01046	0.04754	0.22936	0.13705	0.04244	0.01281	0.05694	0.03496	0.00649	0.02993	0.00156	0.02198	0.00472	0.00346	0.08376
5	0.00606	0.00470	0.00541	0.00544	0.00662	0.00431	0.00400	0.00810	0.05506	0.01430	0.27967	0.18977	0.35373	0.01068	0.00526	0.00152	0.00235	0.00924	0.02969	0.00408
6	0.01187	0.03092	0.12449	0.04018	0.16662	0.02527	0.03489	0.13343	0.12094	0.08554	0.03735	0.04987	0.01019	0.00529	0.00457	0.00134	0.01887	0.00447	0.00332	0.09058
7	0.04038	0.00843	0.00941	0.00792	0.01049	0.00857	0.00619	0.25093	0.12024	0.04978	0.01491	0.22029	0.01391	0.00717	0.00446	0.00134	0.00364	0.00604	0.03057	0.18532
8	0.01137	0.20861	0.29592	0.01190	0.03756	0.03587	0.09809	0.09689	0.02865	0.03986	0.02420	0.01019	0.00714	0.00468	0.00491	0.00135	0.07046	0.00361	0.00247	0.00628

[dist]
# distance from previous block
# <min> <max>
1	59

[block]
# block no. 2 follows, 58 sequences, length 17
# corresponding to MSA columns:
# 206-222
name=unknown_C
#
# <colnr> <probs for GDERKNQSTAVLIFYWHMCP>
#	G	D	E	R	K	N	Q	S	T	A	V	L	I	F	Y	W	H	M	C	P
0	0.01120	0.05700	0.32967	0.03015	0.05080	0.11329	0.01107	0.07511	0.01108	0.07990	0.04639	0.03730	0.05225	0.00657	0.03515	0.00159	0.01695	0.01447	0.00283	0.01724
1	0.15204	0.05285	0.04558	0.00859	0.02988	0.06122	0.01937	0.04636	0.11116	0.06659	0.01158	0.01372	0.03291	0.00581	0.02344	0.00137	0.03535	0.04635	0.00315	0.23268
2	0.00747	0.00547	0.00680	0.00619	0.00766	0.00506	0.00465	0.00898	0.00999	0.04640	0.24508	0.15488	0.10941	0.07738	0.02945	0.00177	0.04657	0.02536	0.03623	0.16519
3	0.03757	0.03442	0.13704	0.02437	0.01513	0.02281	0.16027	0.17457	0.14768	0.08467	0.06387	0.01469	0.03175	0.02486	0.00501	0.00149	0.00511	0.00472	0.00355	0.00642
4	0.00731	0.00487	0.00590	0.00597	0.00704	0.00471	0.00443	0.00967	0.07078	0.04858	0.22514	0.24249	0.10816	0.04102	0.00570	0.00163	0.00266	0.06439	0.13525	0.00431
5	0.01123	0.04725	0.08684	0.02364	0.04484	0.04865	0.06434	0.07060	0.18793	0.11197	0.05171	0.08985	0.09701	0.00673	0.00478	0.00145	0.01649	0.00571	0.02297	0.00601
6	0.00594	0.00408	0.00532	0.00610	0.00655	0.00378	0.00413	0.00679	0.00886	0.03509	0.05473	0.70701	0.07656	0.04449	0.00627	0.00186	0.00266	0.01187	0.00417	0.00375
7	0.03344	0.03837	0.08988	0.05731	0.19254	0.05187	0.14795	0.03594	0.03458	0.05493	0.08345	0.02828	0.10736	0.00574	0.00481	0.00141	0.01811	0.00519	0.00298	0.00586
8	0.00630	0.00437	0.00505	0.00505	0.00540	0.00422	0.00312	0.00682	0.00806	0.01078	0.15695	0.07578	0.10119	0.56895	0.01704	0.00341	0.00365	0.00742	0.00332	0.00313
9	0.01130	0.03490	0.08584	0.09216	0.08700	0.02829	0.05855	0.09933	0.32326	0.04728	0.01443	0.05564	0.03053	0.00576	0.00456	0.00146	0.00467	0.00495	0.00358	0.00651
10	0.00665	0.00511	0.00722	0.00722	0.00776	0.00595	0.00546	0.00789	0.00746	0.01072	0.01424	0.19252	0.01490	0.08757	0.47069	0.00503	0.10199	0.00649	0.03120	0.00393
11	0.01070	0.05063	0.01034	0.02190	0.01120	0.00918	0.00643	0.07505	0.34579	0.04176	0.11366	0.01565	0.01420	0.00547	0.00420	0.00122	0.00351	0.00451	0.00391	0.25071
12	0.03246	0.01563	0.39273	0.01064	0.03940	0.00913	0.01130	0.09095	0.01088	0.10498	0.00931	0.01016	0.00673	0.00424	0.00402	0.00120	0.00515	0.00333	0.00278	0.23496
13	0.01268	0.09466	0.07326	0.03530	0.20668	0.15833	0.05276	0.03140	0.16282	0.07994	0.01082	0.01172	0.00832	0.00470	0.00422	0.00131	0.00540	0.00390	0.03537	0.00641
14	0.00639	0.00479	0.00719	0.00719	0.00799	0.00559	0.00559	0.00799	0.00719	0.01038	0.01198	0.01757	0.01118	0.03355	0.82507	0.00719	0.01198	0.00479	0.00240	0.00399
15	0.00928	0.00795	0.00928	0.00663	0.01060	0.00596	0.00530	0.01126	0.00928	0.01458	0.00795	0.00928	0.00663	0.00331	0.00331	0.00066	0.00331	0.00265	0.00265	0.87014
16	0.01116	0.67441	0.14722	0.00838	0.01246	0.01585	0.00887	0.01316	0.00912	0.01114	0.00743	0.04936	0.00693	0.00441	0.00323	0.00107	0.00496	0.00305	0.00202	0.00577

[dist]
# distance from previous block
# <min> <max>
0	1

[block]
# block no. 3 follows, 58 sequences, length 13
# corresponding to MSA columns:
# 224-236
name=unknown_D
#
# <colnr> <probs for GDERKNQSTAVLIFYWHMCP>
#	G	D	E	R	K	N	Q	S	T	A	V	L	I	F	Y	W	H	M	C	P
0	0.02492	0.01639	0.45202	0.01139	0.03953	0.00958	0.03910	0.06535	0.09465	0.05284	0.13677	0.01444	0.01271	0.00532	0.00448	0.00142	0.00528	0.00442	0.00302	0.00636
1	0.02919	0.00809	0.03633	0.00720	0.01045	0.00675	0.00597	0.07584	0.04581	0.21228	0.05024	0.04494	0.11844	0.00587	0.00420	0.00115	0.00347	0.00481	0.00391	0.32505
2	0.00907	0.00762	0.00889	0.00651	0.01020	0.00579	0.00516	0.01101	0.00925	0.01453	0.00894	0.04541	0.00781	0.00385	0.00341	0.00073	0.00323	0.00315	0.03787	0.79756
3	0.00787	0.04502	0.10349	0.03174	0.01119	0.03383	0.08150	0.01006	0.03400	0.02934	0.07058	0.32984	0.08593	0.04064	0.00618	0.00171	0.03773	0.03127	0.00344	0.00466
4	0.00585	0.00435	0.00541	0.00582	0.00658	0.00407	0.00419	0.00692	0.00930	0.01215	0.12092	0.32339	0.24021	0.07722	0.06993	0.02244	0.00345	0.07017	0.00395	0.00370
5	0.01154	0.12166	0.32672	0.07522	0.01726	0.08634	0.06112	0.15384	0.05037	0.01586	0.00983	0.01096	0.03041	0.00471	0.00422	0.00134	0.00595	0.00372	0.00262	0.00632
6	0.00627	0.00450	0.00532	0.00541	0.00652	0.00398	0.00392	0.00754	0.01038	0.04866	0.22440	0.25032	0.36202	0.03284	0.00582	0.00163	0.00244	0.00969	0.00436	0.00399
7	0.01013	0.02647	0.16924	0.04638	0.06890	0.04892	0.00893	0.05869	0.12084	0.06604	0.08080	0.08541	0.05927	0.05016	0.00604	0.00163	0.04206	0.02864	0.01580	0.00568
8	0.10579	0.04562	0.12998	0.04340	0.01366	0.05310	0.02639	0.24115	0.02561	0.13133	0.03719	0.03348	0.00915	0.00517	0.00415	0.00132	0.00476	0.00403	0.03278	0.05194
9	0.00961	0.05319	0.05338	0.00972	0.05134	0.00770	0.10998	0.04579	0.02239	0.07444	0.12082	0.13221	0.06808	0.00687	0.00491	0.00134	0.02891	0.01653	0.02298	0.15984
10	0.03093	0.11005	0.31905	0.10165	0.04665	0.01098	0.08551	0.09014	0.02357	0.01522	0.03220	0.01065	0.00735	0.00436	0.00415	0.00129	0.00561	0.00364	0.00243	0.09457
11	0.20361	0.08788	0.03584	0.00935	0.01218	0.36972	0.02493	0.06267	0.01143	0.05011	0.04043	0.00967	0.00755	0.00465	0.00374	0.00121	0.00581	0.00317	0.02103	0.03501
12	0.00998	0.00705	0.06243	0.00705	0.00900	0.00588	0.00572	0.05121	0.05601	0.18484	0.04091	0.24553	0.12981	0.11291	0.00722	0.00189	0.00351	0.02699	0.00413	0.02791

[dist]
# distance from previous block
# <min> <max>
6	49

[block]
# block no. 4 follows, 58 sequences, length 41
# corresponding to MSA columns:
# 286-326
name=unknown_E
#
# <colnr> <probs for GDERKNQSTAVLIFYWHMCP>
#	G	D	E	R	K	N	Q	S	T	A	V	L	I	F	Y	W	H	M	C	P
0	0.00597	0.00443	0.00553	0.00609	0.00675	0.00419	0.00423	0.02129	0.03876	0.01285	0.12543	0.57951	0.13112	0.02439	0.00578	0.00174	0.00259	0.01119	0.00425	0.00391
1	0.00806	0.00869	0.08517	0.01205	0.12904	0.02152	0.12335	0.01093	0.06382	0.01347	0.04794	0.30777	0.08009	0.00896	0.00520	0.00161	0.00430	0.05954	0.00341	0.00509
2	0.07543	0.11094	0.30940	0.02790	0.06716	0.04167	0.01853	0.03216	0.05256	0.14170	0.02939	0.05478	0.00916	0.00514	0.00416	0.00137	0.00517	0.00410	0.00296	0.00631
3	0.04446	0.00985	0.09063	0.02819	0.14974	0.02280	0.03753	0.08401	0.04220	0.04794	0.02272	0.12680	0.06295	0.05684	0.01872	0.00180	0.10985	0.03432	0.00312	0.00552
4	0.00612	0.00447	0.00565	0.00633	0.00694	0.00425	0.00442	0.04822	0.00953	0.01256	0.04035	0.66940	0.10970	0.01313	0.00561	0.00176	0.00273	0.04075	0.00418	0.00389
5	0.02778	0.08010	0.15150	0.05318	0.11858	0.04225	0.22431	0.01393	0.05622	0.03907	0.03290	0.03895	0.04754	0.00512	0.00486	0.00142	0.03128	0.00474	0.02033	0.00594
6	0.02786	0.03560	0.33597	0.04475	0.12873	0.04236	0.15449	0.05925	0.01050	0.01474	0.01052	0.02521	0.04913	0.00470	0.00445	0.00138	0.00601	0.00422	0.00237	0.03775
7	0.00972	0.01223	0.19979	0.02964	0.03189	0.00945	0.21197	0.02663	0.15002	0.04482	0.11554	0.04675	0.04892	0.00594	0.00520	0.00149	0.03537	0.00545	0.00321	0.00597
8	0.08935	0.00697	0.00823	0.00690	0.00944	0.00661	0.00555	0.06656	0.05402	0.34521	0.12250	0.02395	0.20290	0.00740	0.00467	0.00144	0.00327	0.02436	0.00474	0.00593
9	0.01124	0.08163	0.39454	0.04281	0.05969	0.05193	0.08343	0.06526	0.06911	0.07164	0.02116	0.01098	0.00748	0.00455	0.00431	0.00137	0.00594	0.00378	0.00263	0.00652
10	0.00951	0.15242	0.60557	0.01138	0.01699	0.01098	0.01400	0.01372	0.00948	0.03233	0.00930	0.03711	0.00760	0.00494	0.00418	0.00139	0.00600	0.04465	0.00217	0.00627
11	0.01594	0.01902	0.01226	0.01101	0.01333	0.66877	0.00833	0.10964	0.01334	0.01300	0.00841	0.05240	0.00735	0.00579	0.02101	0.00133	0.00749	0.00357	0.00266	0.00537
12	0.00603	0.00445	0.00593	0.04767	0.00805	0.00433	0.00484	0.02657	0.00924	0.01224	0.05336	0.65729	0.06728	0.01290	0.00561	0.00177	0.00289	0.06161	0.00408	0.00386
13	0.87439	0.00865	0.00657	0.00588	0.00865	0.01003	0.00484	0.01315	0.00761	0.02007	0.00623	0.00727	0.00484	0.00415	0.00277	0.00138	0.00346	0.00242	0.00277	0.00484
14	0.00802	0.00567	0.00748	0.00806	0.00934	0.00573	0.00693	0.04950	0.04014	0.03057	0.03937	0.04507	0.05860	0.01136	0.00587	0.00193	0.00396	0.63366	0.02428	0.00446
15	0.01327	0.00781	0.04072	0.00807	0.01107	0.00651	0.05905	0.04386	0.01229	0.35274	0.25383	0.01926	0.01919	0.00614	0.00461	0.00130	0.00362	0.00531	0.00455	0.12680
16	0.00770	0.00552	0.00752	0.00834	0.00950	0.00559	0.00727	0.04883	0.01083	0.01413	0.02304	0.04847	0.02484	0.01201	0.00609	0.00202	0.00416	0.74572	0.00414	0.00429
17	0.00710	0.00506	0.00580	0.00543	0.00691	0.00462	0.00413	0.02771	0.04076	0.05561	0.34709	0.03468	0.37418	0.00951	0.00508	0.00143	0.00238	0.00809	0.05004	0.00438
18	0.00648	0.00443	0.00537	0.00537	0.00554	0.00460	0.00333	0.00682	0.00665	0.00904	0.01364	0.02677	0.01518	0.67000	0.19408	0.00495	0.00597	0.00614	0.00264	0.00298
19	0.01286	0.01008	0.01033	0.00906	0.01167	0.06544	0.00708	0.08230	0.54748	0.12408	0.01711	0.05664	0.01311	0.00624	0.00456	0.00148	0.00394	0.00514	0.00450	0.00689
20	0.00551	0.00409	0.00516	0.00594	0.00651	0.00374	0.00412	0.00645	0.00908	0.01183	0.05346	0.62677	0.18624	0.01327	0.00563	0.00175	0.00257	0.04003	0.00418	0.00370
21	0.00736	0.00511	0.00651	0.00607	0.00735	0.00489	0.00464	0.03815	0.02809	0.05329	0.57285	0.05163	0.10057	0.01087	0.06278	0.00185	0.00308	0.02578	0.00465	0.00449
22	0.01519	0.02532	0.01246	0.00978	0.01299	0.01278	0.00796	0.56183	0.20264	0.04102	0.01305	0.04257	0.00986	0.00583	0.00451	0.00139	0.00449	0.00457	0.00446	0.00731
23	0.01617	0.00933	0.04414	0.00873	0.01184	0.00892	0.00737	0.17081	0.11358	0.41857	0.04514	0.01553	0.03619	0.00596	0.00511	0.00143	0.05211	0.00467	0.01736	0.00705
24	0.02519	0.00579	0.00761	0.00684	0.00873	0.00521	0.00522	0.01366	0.02430	0.35992	0.13652	0.29963	0.06408	0.00923	0.00504	0.00154	0.00306	0.00805	0.00485	0.00551
25	0.01092	0.01149	0.02197	0.05881	0.33953	0.02678	0.41735	0.03074	0.01060	0.01454	0.00874	0.01156	0.00687	0.00394	0.00486	0.00143	0.00653	0.00463	0.00228	0.00642
26	0.00990	0.26105	0.55978	0.01150	0.01722	0.01254	0.04264	0.01395	0.00938	0.01312	0.00754	0.00888	0.00573	0.00411	0.00389	0.00129	0.00612	0.00311	0.00191	0.00634
27	0.02522	0.00986	0.11114	0.08642	0.15895	0.04900	0.00899	0.04853	0.00924	0.09649	0.00919	0.01242	0.00759	0.02803	0.02282	0.26938	0.03530	0.00391	0.00254	0.00496
28	0.00862	0.00499	0.00638	0.00646	0.00764	0.00462	0.00476	0.03404	0.01019	0.15231	0.06008	0.45860	0.10841	0.01121	0.00529	0.00165	0.00289	0.05738	0.04992	0.00454
29	0.08225	0.05855	0.26068	0.01053	0.01448	0.23286	0.02597	0.08982	0.02878	0.09216	0.01061	0.02755	0.03664	0.00503	0.00414	0.00132	0.00595	0.00375	0.00286	0.00606
30	0.02311	0.06161	0.25948	0.07191	0.01711	0.06460	0.17238	0.01417	0.08399	0.02551	0.06986	0.04750	0.01067	0.00581	0.02151	0.00154	0.02086	0.00465	0.01792	0.00583
31	0.00737	0.00684	0.04335	0.10490	0.09032	0.00656	0.02565	0.02463	0.02141	0.01240	0.04017	0.27701	0.17386	0.02661	0.00676	0.04741	0.05526	0.02170	0.00332	0.00446
32	0.00764	0.06630	0.00724	0.00597	0.00719	0.00537	0.00452	0.00867	0.00953	0.07358	0.17888	0.12075	0.19512	0.08683	0.09898	0.08699	0.00404	0.02467	0.00371	0.00404
33	0.06387	0.20614	0.13993	0.05097	0.01442	0.06647	0.07827	0.12413	0.02200	0.07814	0.06148	0.03104	0.00965	0.00499	0.00405	0.00129	0.00513	0.00399	0.02803	0.00600
34	0.02290	0.16151	0.30275	0.09086	0.04974	0.03192	0.17851	0.01420	0.03905	0.02911	0.02294	0.01115	0.00729	0.00437	0.00428	0.00136	0.00609	0.01357	0.00227	0.00610
35	0.00934	0.06578	0.09348	0.24983	0.06290	0.02668	0.05090	0.04426	0.03149	0.04643	0.06492	0.05999	0.12214	0.02578	0.00528	0.00151	0.02562	0.00542	0.00293	0.00531
36	0.04260	0.03304	0.05548	0.05370	0.24519	0.00837	0.06752	0.01348	0.04094	0.14107	0.04953	0.15713	0.03093	0.00674	0.00473	0.00148	0.00447	0.03429	0.00338	0.00595
37	0.03166	0.04398	0.07709	0.07834	0.08558	0.13595	0.06301	0.03957	0.09746	0.18523	0.02667	0.06303	0.03030	0.01651	0.00470	0.00143	0.00516	0.00474	0.00343	0.00614
38	0.02607	0.04767	0.21370	0.08445	0.09361	0.06103	0.08205	0.01437	0.01036	0.15131	0.04208	0.02866	0.05159	0.00537	0.00486	0.00140	0.03821	0.01391	0.00295	0.02636
39	0.02243	0.02322	0.15787	0.12910	0.18425	0.00841	0.02033	0.04410	0.01059	0.09167	0.10201	0.07285	0.08366	0.00644	0.00490	0.01924	0.00464	0.00541	0.00313	0.00576
40	0.02248	0.04098	0.34378	0.04284	0.07265	0.01867	0.13236	0.01336	0.05086	0.02874	0.05403	0.01598	0.09094	0.01551	0.00503	0.00148	0.02411	0.01764	0.00263	0.00593

[dist]
# distance from previous block
# <min> <max>
2	36

[block]
# block no. 5 follows, 58 sequences, length 39
# corresponding to MSA columns:
# 363-374,378-404
name=unknown_F
#
# <colnr> <probs for GDERKNQSTAVLIFYWHMCP>
#	G	D	E	R	K	N	Q	S	T	A	V	L	I	F	Y	W	H	M	C	P
0	0.01052	0.04369	0.14256	0.17386	0.24025	0.01944	0.04401	0.01364	0.03597	0.09721	0.01169	0.10287	0.01020	0.00569	0.00458	0.00145	0.00520	0.02829	0.00280	0.00607
1	0.01097	0.01578	0.42046	0.04707	0.10952	0.00921	0.04207	0.01503	0.03976	0.15561	0.01286	0.03506	0.05622	0.00519	0.00447	0.00143	0.00549	0.00438	0.00288	0.00652
2	0.01250	0.02577	0.14767	0.05161	0.08114	0.00758	0.04061	0.01509	0.02100	0.30478	0.06589	0.09416	0.04521	0.00746	0.03272	0.00166	0.00469	0.03040	0.00387	0.00619
3	0.00983	0.01996	0.64923	0.01320	0.08464	0.00978	0.01487	0.01434	0.00980	0.07650	0.01066	0.01170	0.04633	0.00468	0.00434	0.00141	0.00607	0.00376	0.00231	0.00659
4	0.01015	0.01690	0.47952	0.11768	0.10932	0.00980	0.01390	0.01407	0.00967	0.09500	0.00967	0.04628	0.00745	0.00493	0.00477	0.00145	0.03666	0.00402	0.00241	0.00637
5	0.01319	0.06823	0.30948	0.06102	0.06315	0.04442	0.04107	0.01634	0.01076	0.27888	0.02514	0.02961	0.00873	0.00493	0.00434	0.00138	0.00539	0.00406	0.00325	0.00663
6	0.01022	0.11480	0.61117	0.01192	0.01776	0.01118	0.03949	0.03549	0.03952	0.05521	0.00879	0.00987	0.00633	0.00435	0.00416	0.00137	0.00613	0.00341	0.00226	0.00659
7	0.01157	0.01167	0.08936	0.16619	0.13217	0.14980	0.06541	0.01400	0.01084	0.12237	0.08853	0.03146	0.05141	0.01984	0.00490	0.00144	0.00545	0.01487	0.00304	0.00570
8	0.01080	0.04058	0.06880	0.11014	0.30894	0.00890	0.06437	0.01329	0.01042	0.12827	0.05484	0.04456	0.10521	0.00573	0.00462	0.00140	0.00478	0.00519	0.00306	0.00611
9	0.00973	0.00877	0.01441	0.24910	0.43265	0.00924	0.01148	0.01238	0.01803	0.03501	0.06648	0.03013	0.06311	0.00522	0.00457	0.00140	0.00493	0.00481	0.01255	0.00599
10	0.00784	0.00555	0.00678	0.02835	0.03749	0.00551	0.00439	0.00944	0.06452	0.03835	0.01379	0.05770	0.01423	0.48014	0.07314	0.00340	0.00460	0.00579	0.04152	0.09747
11	0.02301	0.01227	0.19063	0.09666	0.07931	0.01102	0.08612	0.01251	0.02618	0.03851	0.01906	0.06356	0.00830	0.00626	0.00824	0.00165	0.30420	0.00456	0.00236	0.00560
12	0.87439	0.00865	0.00657	0.00588	0.00865	0.01003	0.00484	0.01315	0.00761	0.02007	0.00623	0.00727	0.00484	0.00415	0.00277	0.00138	0.00346	0.00242	0.00277	0.00484
13	0.01067	0.01171	0.14211	0.00962	0.01279	0.01086	0.00856	0.02187	0.65969	0.01795	0.03357	0.01587	0.01296	0.00584	0.00452	0.00150	0.00401	0.00484	0.00413	0.00694
14	0.01018	0.00782	0.01090	0.16780	0.12071	0.00716	0.00778	0.01235	0.00991	0.10718	0.05316	0.05314	0.02729	0.00488	0.00408	0.00111	0.00402	0.00422	0.00303	0.38327
15	0.00626	0.00455	0.00590	0.00561	0.00665	0.00418	0.00419	0.00829	0.01243	0.01750	0.75692	0.06131	0.07061	0.00939	0.00529	0.00142	0.00213	0.00830	0.00487	0.00418
16	0.01192	0.01090	0.01050	0.00939	0.01194	0.09328	0.00729	0.05348	0.69605	0.01830	0.01678	0.01559	0.01262	0.00589	0.00450	0.00147	0.00405	0.00480	0.00432	0.00691
17	0.00775	0.00655	0.00881	0.10751	0.09336	0.00612	0.00645	0.01011	0.03332	0.01487	0.26224	0.03976	0.14833	0.00708	0.00463	0.00127	0.00331	0.02265	0.00358	0.21232
18	0.00987	0.07146	0.69009	0.01242	0.01859	0.01065	0.04907	0.01457	0.00967	0.06091	0.00852	0.00976	0.00604	0.00428	0.00423	0.00139	0.00638	0.00340	0.00212	0.00659
19	0.01425	0.01204	0.01160	0.02428	0.01294	0.12716	0.00780	0.29143	0.35032	0.06036	0.03165	0.01362	0.01081	0.00563	0.00446	0.00140	0.00469	0.00441	0.00422	0.00692
20	0.00656	0.00433	0.00498	0.00498	0.00501	0.00435	0.00284	0.00652	0.00649	0.00868	0.01376	0.02828	0.01576	0.78491	0.04463	0.04166	0.00453	0.00635	0.00267	0.00271
21	0.00874	0.00597	0.00715	0.02879	0.00883	0.03331	0.00542	0.07348	0.02831	0.10176	0.02224	0.50083	0.05747	0.02217	0.00560	0.00173	0.00335	0.07604	0.00420	0.00459
22	0.01585	0.01055	0.07914	0.04381	0.11847	0.07460	0.00865	0.07602	0.01249	0.42252	0.04200	0.01483	0.04027	0.00543	0.00447	0.00136	0.00462	0.00445	0.01360	0.00686
23	0.00777	0.00389	0.00583	0.00583	0.00583	0.00389	0.00389	0.00583	0.00583	0.00777	0.00777	0.01360	0.00777	0.01554	0.01748	0.86985	0.00389	0.00389	0.00194	0.00194
24	0.00994	0.00945	0.01609	0.35102	0.43611	0.01024	0.03945	0.02597	0.00984	0.01346	0.00873	0.03390	0.00724	0.00447	0.00451	0.00141	0.00557	0.00426	0.00222	0.00611
25	0.01245	0.07240	0.23473	0.01260	0.11802	0.04445	0.07083	0.03691	0.02118	0.20728	0.01277	0.06334	0.02673	0.02342	0.00486	0.00146	0.00525	0.02170	0.00321	0.00640
26	0.04479	0.06509	0.08688	0.17773	0.26392	0.06214	0.04303	0.07611	0.02283	0.09023	0.00940	0.01153	0.00724	0.00453	0.00430	0.00136	0.00550	0.01435	0.00270	0.00634
27	0.00650	0.00435	0.00497	0.00497	0.00500	0.00438	0.00282	0.00656	0.00653	0.00874	0.01401	0.02882	0.01607	0.81179	0.05351	0.00445	0.00463	0.00644	0.00270	0.00276
28	0.01030	0.32692	0.19293	0.09308	0.05982	0.01240	0.02757	0.01318	0.03651	0.03952	0.01005	0.06902	0.01977	0.00572	0.01667	0.00140	0.03626	0.02069	0.00240	0.00578
29	0.02586	0.02061	0.16253	0.02617	0.16566	0.01787	0.12649	0.01569	0.01084	0.26971	0.03117	0.07027	0.02559	0.00546	0.00462	0.00142	0.00509	0.00496	0.00345	0.00654
30	0.00934	0.04757	0.68474	0.01301	0.04414	0.01059	0.04477	0.03728	0.00976	0.01435	0.00825	0.00986	0.00602	0.00533	0.03473	0.00161	0.00670	0.00345	0.00201	0.00651
31	0.00769	0.00609	0.00816	0.07416	0.01091	0.03617	0.03934	0.00976	0.03362	0.03578	0.03235	0.25133	0.07272	0.01103	0.00564	0.00181	0.00398	0.35123	0.00388	0.00434
32	0.09172	0.03546	0.11447	0.08344	0.09220	0.02616	0.07716	0.03587	0.02250	0.23706	0.01323	0.09018	0.01963	0.00580	0.00445	0.00144	0.00479	0.02397	0.01430	0.00615
33	0.00938	0.06894	0.30180	0.00890	0.01238	0.00777	0.00935	0.01230	0.02570	0.12332	0.01786	0.18771	0.10548	0.00932	0.05566	0.00185	0.00497	0.02852	0.00327	0.00552
34	0.00996	0.03455	0.19044	0.01192	0.13100	0.03861	0.04396	0.05611	0.04495	0.07160	0.04728	0.12549	0.11446	0.00708	0.00474	0.00146	0.00463	0.03631	0.00328	0.02217
35	0.06097	0.01177	0.16042	0.20681	0.25228	0.02754	0.03426	0.03993	0.01018	0.06711	0.02227	0.04781	0.02936	0.00501	0.00442	0.00142	0.00536	0.00440	0.00261	0.00608
36	0.01157	0.03202	0.07210	0.14499	0.28808	0.02321	0.03351	0.03941	0.03754	0.14468	0.01272	0.04505	0.04790	0.00646	0.03982	0.00165	0.00533	0.00466	0.00302	0.00630
37	0.03002	0.06815	0.01557	0.18160	0.32505	0.01000	0.06855	0.04356	0.01035	0.09160	0.01102	0.08513	0.01863	0.00523	0.00447	0.00139	0.00507	0.00480	0.00277	0.01704
38	0.03512	0.04370	0.23396	0.04989	0.24474	0.00946	0.05982	0.03406	0.01016	0.08496	0.01231	0.11395	0.03697	0.00572	0.00452	0.00143	0.00518	0.00508	0.00278	0.00621

[dist]
# distance from previous block
# <min> <max>
0	20

[block]
# block no. 6 follows, 58 sequences, length 22
# corresponding to MSA columns:
# 426-447
name=unknown_G
#
# <colnr> <probs for GDERKNQSTAVLIFYWHMCP>
#	G	D	E	R	K	N	Q	S	T	A	V	L	I	F	Y	W	H	M	C	P
0	0.07588	0.04863	0.16010	0.04322	0.15401	0.02095	0.05204	0.08898	0.04860	0.08658	0.03692	0.03602	0.03391	0.00534	0.00479	0.00140	0.04561	0.00438	0.04649	0.00616
1	0.05935	0.03472	0.19129	0.06591	0.11875	0.01975	0.01014	0.13130	0.05800	0.07676	0.05066	0.01318	0.02361	0.00511	0.00452	0.00134	0.02730	0.01584	0.01527	0.07719
2	0.07929	0.01039	0.03444	0.09066	0.35063	0.08574	0.05044	0.02717	0.02115	0.02668	0.11557	0.05553	0.01267	0.01498	0.00469	0.00142	0.00501	0.00484	0.00282	0.00589
3	0.01071	0.00964	0.01614	0.18511	0.57846	0.00994	0.01259	0.01331	0.01007	0.05390	0.01064	0.01306	0.04758	0.00453	0.00448	0.00137	0.00521	0.00428	0.00243	0.00653
4	0.00611	0.00463	0.00639	0.00711	0.02537	0.00423	0.02123	0.00717	0.00880	0.01193	0.02249	0.68833	0.02643	0.01257	0.00549	0.00171	0.00291	0.05554	0.00394	0.07762
5	0.01262	0.01003	0.01072	0.00926	0.01202	0.01139	0.00731	0.16176	0.62710	0.06058	0.01685	0.01556	0.01245	0.00592	0.00454	0.00148	0.00380	0.00485	0.00459	0.00720
6	0.87439	0.00865	0.00657	0.00588	0.00865	0.01003	0.00484	0.01315	0.00761	0.02007	0.00623	0.00727	0.00484	0.00415	0.00277	0.00138	0.00346	0.00242	0.00277	0.00484
7	0.00959	0.00912	0.01549	0.48083	0.37307	0.01024	0.01299	0.01243	0.00949	0.01282	0.00815	0.01155	0.00645	0.00426	0.00445	0.00142	0.00568	0.00398	0.00209	0.00589
8	0.01018	0.01492	0.24021	0.01807	0.10252	0.01099	0.50744	0.01422	0.01022	0.01431	0.00871	0.01126	0.00651	0.00392	0.00491	0.00147	0.00706	0.00461	0.00216	0.00630
9	0.00587	0.00408	0.00551	0.00629	0.00669	0.00393	0.00439	0.00653	0.00837	0.01112	0.02301	0.58861	0.07205	0.01553	0.07478	0.09289	0.00358	0.05947	0.00377	0.00353
10	0.00676	0.00425	0.00507	0.00507	0.00507	0.00425	0.00295	0.00637	0.00637	0.00849	0.01282	0.02611	0.01455	0.67607	0.02170	0.17877	0.00425	0.00598	0.00256	0.00256
11	0.00893	0.01739	0.53544	0.01167	0.01660	0.00907	0.06601	0.01340	0.04175	0.03867	0.01225	0.11058	0.01096	0.00625	0.00470	0.00153	0.00576	0.08039	0.00261	0.00603
12	0.03194	0.00986	0.03148	0.19336	0.10680	0.03085	0.09429	0.17543	0.07646	0.01698	0.02456	0.01805	0.01085	0.00594	0.00473	0.00150	0.00518	0.12243	0.03341	0.00590
13	0.36243	0.34521	0.01523	0.00792	0.01111	0.03319	0.04706	0.06269	0.00928	0.01572	0.00674	0.00796	0.00563	0.00465	0.01516	0.00132	0.03804	0.00276	0.00246	0.00544
14	0.06895	0.00939	0.05277	0.17408	0.08897	0.05439	0.03668	0.04890	0.03031	0.07909	0.03430	0.14842	0.01270	0.00703	0.00566	0.00156	0.08483	0.05348	0.00311	0.00538
15	0.03262	0.04181	0.04372	0.00894	0.01178	0.08539	0.00746	0.17105	0.15829	0.21444	0.12473	0.01553	0.01393	0.00598	0.00493	0.00139	0.04257	0.00466	0.00426	0.00652
16	0.20582	0.00635	0.00720	0.02544	0.06118	0.02424	0.00552	0.02436	0.00924	0.05139	0.04663	0.38778	0.04938	0.02583	0.00514	0.00167	0.00335	0.05129	0.00369	0.00449
17	0.05829	0.11482	0.05906	0.01262	0.18379	0.12156	0.02600	0.01360	0.03194	0.07735	0.11141	0.01560	0.05345	0.03977	0.01870	0.00155	0.04736	0.00452	0.00298	0.00566
18	0.05624	0.16137	0.05143	0.00966	0.07398	0.07947	0.02417	0.02808	0.12825	0.06634	0.12413	0.10133	0.05197	0.00667	0.00437	0.00137	0.00422	0.01786	0.00347	0.00561
19	0.06565	0.18327	0.08517	0.00958	0.01330	0.01272	0.04867	0.35185	0.03398	0.06400	0.04918	0.01169	0.02082	0.00505	0.00409	0.00128	0.00478	0.00389	0.00354	0.02750
20	0.01165	0.49625	0.12020	0.02598	0.01233	0.01358	0.00836	0.04282	0.01007	0.08744	0.06675	0.02507	0.00969	0.01768	0.03376	0.00140	0.00498	0.00353	0.00263	0.00583
21	0.02873	0.14614	0.13031	0.00778	0.01060	0.02839	0.00726	0.07636	0.02579	0.09310	0.12541	0.08655	0.13135	0.04165	0.02745	0.00166	0.00426	0.01835	0.00354	0.00534

[dist]
# distance from previous block
# <min> <max>
10	50

# created by:
# /st0/software/busco_prod/Augustus/scripts/msa2prfl.pl ./align_prep/1269244.fa
