[name]
unknown

[dist]
# distance from previous block
# <min> <max>
5	168

[block]
# block no. 0 follows, 63 sequences, length 9
# corresponding to MSA columns:
# 237-245
name=unknown_A
#
# <colnr> <probs for GDERKNQSTAVLIFYWHMCP>
#	G	D	E	R	K	N	Q	S	T	A	V	L	I	F	Y	W	H	M	C	P
0	0.08535	0.09010	0.11248	0.00869	0.04930	0.00850	0.04528	0.09682	0.03689	0.06438	0.13478	0.03133	0.11381	0.00600	0.00428	0.00127	0.01716	0.02517	0.00325	0.06514
1	0.04739	0.17341	0.08214	0.05993	0.02693	0.04503	0.05236	0.09056	0.08757	0.09661	0.02684	0.05358	0.08114	0.00549	0.00398	0.00125	0.00434	0.01821	0.00308	0.04013
2	0.11530	0.07865	0.12370	0.00865	0.05650	0.02579	0.00735	0.09502	0.05365	0.09981	0.07138	0.08290	0.03216	0.01954	0.00418	0.00127	0.00394	0.00444	0.00319	0.11259
3	0.08714	0.01149	0.12524	0.04813	0.05041	0.08377	0.02132	0.16177	0.10103	0.07716	0.07364	0.01243	0.02288	0.00485	0.00397	0.00122	0.00446	0.00385	0.00322	0.10202
4	0.10955	0.06429	0.11468	0.02741	0.20085	0.05079	0.00906	0.06039	0.11582	0.08628	0.03521	0.01099	0.00824	0.00447	0.00404	0.00124	0.02279	0.00356	0.00287	0.06747
5	0.01020	0.04525	0.01431	0.31133	0.23150	0.00974	0.06765	0.06331	0.06839	0.06256	0.02815	0.01161	0.00766	0.00428	0.00415	0.00129	0.00495	0.00390	0.00255	0.04720
6	0.01017	0.00889	0.03774	0.00711	0.01070	0.04056	0.00589	0.06644	0.07914	0.05835	0.00892	0.00966	0.00701	0.00366	0.00340	0.00081	0.00355	0.00289	0.00287	0.63223
7	0.04274	0.02979	0.01257	0.08012	0.14719	0.11021	0.04486	0.13011	0.06027	0.06633	0.06994	0.03876	0.02394	0.00551	0.00549	0.00136	0.11794	0.00431	0.00297	0.00560
8	0.00749	0.04163	0.00683	0.05200	0.00740	0.00571	0.00418	0.03537	0.00753	0.05353	0.03550	0.06262	0.03994	0.52692	0.05786	0.00332	0.04008	0.00585	0.00279	0.00345

[dist]
# distance from previous block
# <min> <max>
4	13

[block]
# block no. 1 follows, 63 sequences, length 52
# corresponding to MSA columns:
# 262-306,309-315
name=unknown_B
#
# <colnr> <probs for GDERKNQSTAVLIFYWHMCP>
#	G	D	E	R	K	N	Q	S	T	A	V	L	I	F	Y	W	H	M	C	P
0	0.15670	0.09154	0.08650	0.03458	0.08045	0.00942	0.05118	0.11752	0.06277	0.06551	0.10742	0.03157	0.04940	0.01881	0.00422	0.00132	0.00407	0.00435	0.00316	0.01952
1	0.28457	0.01520	0.00833	0.03096	0.07032	0.02632	0.03078	0.02385	0.06182	0.06427	0.12821	0.12327	0.05047	0.01748	0.03227	0.00159	0.01695	0.00527	0.00329	0.00477
2	0.04710	0.02721	0.02800	0.20008	0.39725	0.04911	0.03269	0.02325	0.04073	0.02734	0.03371	0.01193	0.00792	0.00439	0.00432	0.00130	0.02168	0.02177	0.00234	0.01788
3	0.10620	0.06460	0.06376	0.02303	0.04314	0.08542	0.00663	0.07675	0.04773	0.07729	0.22364	0.02632	0.02894	0.01972	0.01869	0.00137	0.01410	0.00459	0.00337	0.06470
4	0.02472	0.06240	0.56942	0.01277	0.01826	0.01031	0.19012	0.02684	0.00929	0.02598	0.00782	0.00937	0.00566	0.00391	0.00412	0.00133	0.00620	0.00348	0.00196	0.00605
5	0.00844	0.00717	0.02128	0.00762	0.00919	0.03117	0.05450	0.08997	0.18414	0.01379	0.03379	0.11804	0.08327	0.18926	0.02570	0.00217	0.00402	0.10838	0.00351	0.00461
6	0.00794	0.00747	0.01261	0.84216	0.02895	0.00934	0.01167	0.01074	0.00841	0.01074	0.00747	0.01121	0.00560	0.00420	0.00420	0.00140	0.00560	0.00374	0.00187	0.00467
7	0.01013	0.00961	0.01622	0.11649	0.70272	0.00984	0.01247	0.02779	0.00969	0.01371	0.02633	0.01096	0.00730	0.00393	0.00419	0.00127	0.00499	0.00383	0.00216	0.00638
8	0.00552	0.00426	0.00504	0.00488	0.00603	0.00378	0.00365	0.00709	0.01084	0.01442	0.48006	0.05936	0.36075	0.00957	0.00497	0.00137	0.00206	0.00825	0.00431	0.00378
9	0.03538	0.00821	0.00944	0.02025	0.01081	0.01889	0.00581	0.12071	0.04095	0.14549	0.00982	0.01065	0.00748	0.00400	0.00354	0.00091	0.00352	0.01580	0.00323	0.52513
10	0.00561	0.00428	0.00515	0.00493	0.00607	0.00382	0.00370	0.00727	0.01109	0.01495	0.55230	0.03455	0.31238	0.00931	0.00496	0.00136	0.00203	0.00804	0.00438	0.00382
11	0.00872	0.00747	0.00872	0.00623	0.00996	0.00560	0.00498	0.01058	0.00872	0.01370	0.00747	0.00872	0.00623	0.00311	0.00311	0.00062	0.00311	0.00249	0.00249	0.87796
12	0.02165	0.00817	0.01084	0.00822	0.02985	0.00690	0.07845	0.07651	0.01035	0.17391	0.00954	0.01017	0.00712	0.00374	0.00360	0.00090	0.00373	0.00318	0.00312	0.53005
13	0.01029	0.01102	0.01271	0.01100	0.01137	0.15116	0.00902	0.01124	0.00736	0.01015	0.00568	0.00893	0.00550	0.00685	0.01211	0.00171	0.70385	0.00352	0.00189	0.00464
14	0.00794	0.00747	0.01261	0.84216	0.02895	0.00934	0.01167	0.01074	0.00841	0.01074	0.00747	0.01121	0.00560	0.00420	0.00420	0.00140	0.00560	0.00374	0.00187	0.00467
15	0.00634	0.00467	0.00671	0.04124	0.00844	0.00510	0.00570	0.00785	0.00779	0.01061	0.01541	0.05005	0.01599	0.11581	0.40318	0.00445	0.00745	0.27667	0.00287	0.00369
16	0.03011	0.00984	0.01041	0.04314	0.01219	0.02819	0.00718	0.22168	0.53487	0.03359	0.01447	0.01371	0.01072	0.00540	0.00421	0.00137	0.00384	0.00436	0.00410	0.00663
17	0.00921	0.00759	0.00886	0.00636	0.01008	0.00584	0.00510	0.03494	0.00914	0.03644	0.00780	0.00891	0.00637	0.00323	0.00318	0.00066	0.00317	0.00258	0.00262	0.82791
18	0.00512	0.00368	0.00486	0.00581	0.00609	0.00342	0.00388	0.00586	0.00809	0.01075	0.02373	0.82617	0.05080	0.01310	0.00535	0.00170	0.00243	0.01186	0.00390	0.00342
19	0.01027	0.00993	0.01717	0.06374	0.75555	0.00998	0.04571	0.01282	0.00953	0.01358	0.00791	0.01048	0.00660	0.00376	0.00420	0.00126	0.00511	0.00380	0.00207	0.00652
20	0.01071	0.07422	0.34253	0.07336	0.14962	0.08190	0.02679	0.02725	0.06545	0.08405	0.01975	0.01034	0.00704	0.00426	0.00400	0.00128	0.00547	0.00348	0.00242	0.00609
21	0.01374	0.06430	0.07031	0.00973	0.01228	0.36167	0.02331	0.10975	0.02073	0.10757	0.05958	0.01075	0.00862	0.00499	0.00476	0.00122	0.07645	0.00351	0.03129	0.00546
22	0.00730	0.00365	0.00548	0.00548	0.00548	0.00365	0.00365	0.00548	0.00548	0.00730	0.00730	0.01278	0.00730	0.01460	0.01643	0.87769	0.00365	0.00365	0.00183	0.00183
23	0.00751	0.00648	0.04116	0.00735	0.00903	0.00595	0.00620	0.03663	0.10510	0.01367	0.06953	0.15866	0.05661	0.00915	0.00519	0.00155	0.02553	0.31008	0.00366	0.12096
24	0.01099	0.06518	0.09410	0.06329	0.51737	0.09967	0.03007	0.02837	0.00988	0.03060	0.00781	0.00986	0.00635	0.00390	0.00404	0.00123	0.00540	0.00352	0.00214	0.00624
25	0.00498	0.00419	0.00433	0.00443	0.00572	0.00353	0.00327	0.00601	0.00942	0.01129	0.04049	0.12781	0.73833	0.01092	0.00501	0.00145	0.00216	0.00920	0.00390	0.00353
26	0.00600	0.00432	0.00577	0.00576	0.00624	0.00469	0.00407	0.00690	0.00672	0.00932	0.02903	0.02217	0.04650	0.35703	0.46114	0.00536	0.00784	0.00538	0.00248	0.00327
27	0.01055	0.01003	0.04555	0.00907	0.04391	0.05978	0.00706	0.06566	0.47006	0.01639	0.01337	0.02900	0.01038	0.00503	0.00401	0.00122	0.00379	0.00413	0.00357	0.18743
28	0.00913	0.00750	0.00877	0.00633	0.01001	0.00574	0.00507	0.01124	0.02879	0.04357	0.00804	0.00909	0.00654	0.00325	0.00318	0.00067	0.00314	0.00261	0.00263	0.82469
29	0.00529	0.00408	0.00485	0.00511	0.00603	0.00363	0.00369	0.00648	0.00962	0.01248	0.22156	0.30886	0.35365	0.01102	0.00512	0.00150	0.00224	0.02709	0.00407	0.00361
30	0.00632	0.00469	0.00603	0.00569	0.00675	0.00462	0.00429	0.00901	0.07606	0.01602	0.66012	0.02854	0.03405	0.02745	0.08987	0.00194	0.00308	0.00703	0.00432	0.00413
31	0.00895	0.04882	0.71874	0.01264	0.06835	0.04402	0.01478	0.01341	0.00903	0.01310	0.00747	0.00885	0.00541	0.00398	0.00395	0.00130	0.00614	0.00310	0.00181	0.00616
32	0.00969	0.01020	0.01397	0.01184	0.02713	0.09636	0.12878	0.01111	0.00783	0.01085	0.00811	0.01228	0.03030	0.00721	0.02770	0.00178	0.53558	0.04244	0.00209	0.00474
33	0.00586	0.00397	0.00533	0.00619	0.00667	0.00376	0.00446	0.00687	0.00847	0.03274	0.02257	0.65723	0.02621	0.01245	0.00535	0.00172	0.00272	0.15597	0.02784	0.00361
34	0.07426	0.00982	0.02473	0.03363	0.50141	0.02702	0.08422	0.03325	0.00925	0.01365	0.00828	0.03352	0.00730	0.04294	0.00576	0.00146	0.07736	0.00404	0.00222	0.00590
35	0.00513	0.00373	0.00485	0.00569	0.00607	0.00344	0.00384	0.00594	0.00831	0.01098	0.05044	0.75072	0.09977	0.01280	0.00532	0.00167	0.00240	0.01154	0.00393	0.00344
36	0.01033	0.18260	0.02379	0.01530	0.01934	0.01194	0.61766	0.03292	0.00984	0.01302	0.00797	0.01035	0.00619	0.00364	0.00459	0.00131	0.01711	0.00436	0.00211	0.00564
37	0.00559	0.00429	0.00503	0.00491	0.00609	0.00382	0.00372	0.00716	0.01073	0.01424	0.43252	0.03574	0.38398	0.00955	0.00496	0.00138	0.00212	0.03979	0.02059	0.00378
38	0.00794	0.00747	0.01261	0.84216	0.02895	0.00934	0.01167	0.01074	0.00841	0.01074	0.00747	0.01121	0.00560	0.00420	0.00420	0.00140	0.00560	0.00374	0.00187	0.00467
39	0.00639	0.00446	0.00576	0.00624	0.00678	0.00447	0.00477	0.00746	0.00807	0.01064	0.03644	0.05261	0.02968	0.36668	0.04652	0.00301	0.00417	0.38927	0.00326	0.00330
40	0.01570	0.02004	0.01191	0.01083	0.01300	0.83539	0.00812	0.01679	0.01191	0.01029	0.00650	0.00758	0.00541	0.00433	0.00379	0.00108	0.00758	0.00271	0.00217	0.00487
41	0.00560	0.00423	0.00526	0.00573	0.00649	0.00390	0.00406	0.00702	0.03872	0.01193	0.11010	0.52827	0.16041	0.01153	0.00515	0.00158	0.00246	0.04599	0.00394	0.03762
42	0.02118	0.00977	0.01645	0.09230	0.65193	0.01874	0.05296	0.01307	0.00958	0.04782	0.00822	0.01058	0.00667	0.00383	0.00417	0.00126	0.00507	0.00378	0.00221	0.02041
43	0.02484	0.02381	0.03438	0.11713	0.12427	0.06501	0.00865	0.16860	0.24546	0.12634	0.01193	0.01216	0.00874	0.00486	0.00414	0.00132	0.00450	0.00398	0.00351	0.00638
44	0.00884	0.00839	0.01424	0.54386	0.32021	0.00958	0.01212	0.01153	0.00883	0.01183	0.00763	0.01091	0.00599	0.00404	0.00419	0.00135	0.00538	0.00374	0.00195	0.00540
45	0.01280	0.02875	0.01229	0.08941	0.09098	0.21197	0.06700	0.05966	0.06689	0.15154	0.01053	0.01214	0.00806	0.00487	0.00458	0.00127	0.05128	0.02327	0.08709	0.00560
46	0.00593	0.00430	0.00559	0.00527	0.00627	0.00396	0.00395	0.00790	0.01185	0.01675	0.80831	0.03158	0.05525	0.00863	0.00496	0.00132	0.00199	0.00763	0.00461	0.00396
47	0.00843	0.02174	0.83048	0.01198	0.01819	0.00976	0.01553	0.01331	0.00888	0.01331	0.00754	0.00888	0.00533	0.00399	0.00399	0.00133	0.00621	0.00311	0.00178	0.00621
48	0.00507	0.00393	0.00462	0.00515	0.00592	0.00348	0.00359	0.00597	0.00878	0.01111	0.04537	0.48283	0.37520	0.01199	0.00519	0.00158	0.00230	0.01053	0.00392	0.00348
49	0.00889	0.00852	0.01468	0.52080	0.30907	0.00962	0.04523	0.01161	0.00888	0.01191	0.00767	0.01093	0.00601	0.00401	0.00422	0.00135	0.00545	0.00379	0.00195	0.00541
50	0.02294	0.01012	0.02357	0.02611	0.01160	0.07390	0.00703	0.12053	0.55499	0.04077	0.05148	0.01470	0.01231	0.00555	0.00423	0.00137	0.00386	0.00451	0.00403	0.00640
51	0.10358	0.00922	0.00993	0.10932	0.01265	0.03309	0.00692	0.37800	0.04626	0.04562	0.01036	0.01123	0.00766	0.00476	0.00376	0.00122	0.00405	0.00364	0.17320	0.02553

[dist]
# distance from previous block
# <min> <max>
0	1

[block]
# block no. 2 follows, 63 sequences, length 48
# corresponding to MSA columns:
# 317-319,322-366
name=unknown_C
#
# <colnr> <probs for GDERKNQSTAVLIFYWHMCP>
#	G	D	E	R	K	N	Q	S	T	A	V	L	I	F	Y	W	H	M	C	P
0	0.02591	0.02128	0.07070	0.07111	0.33531	0.06125	0.03325	0.05053	0.02223	0.09096	0.04862	0.01131	0.00838	0.00420	0.00401	0.00118	0.00472	0.00370	0.00267	0.12868
1	0.00967	0.18284	0.29367	0.01058	0.02743	0.01111	0.07791	0.02162	0.02983	0.04945	0.00815	0.01069	0.00678	0.06296	0.03391	0.00170	0.15055	0.00355	0.00214	0.00547
2	0.01038	0.00898	0.00960	0.03386	0.01148	0.01042	0.00681	0.02199	0.79386	0.01738	0.01682	0.01555	0.01261	0.00566	0.00428	0.00143	0.00340	0.00472	0.00420	0.00659
3	0.02454	0.03254	0.09510	0.02400	0.12032	0.01998	0.04237	0.05559	0.30040	0.01556	0.02579	0.02442	0.02206	0.00474	0.00399	0.00121	0.00409	0.00404	0.00312	0.17613
4	0.01107	0.68389	0.12575	0.00788	0.01175	0.01515	0.00822	0.01335	0.04446	0.03553	0.00689	0.00764	0.00587	0.00379	0.00298	0.00099	0.00464	0.00253	0.00201	0.00561
5	0.00791	0.04047	0.00784	0.00639	0.00833	0.00621	0.03332	0.06726	0.11340	0.04567	0.18810	0.09009	0.28643	0.00808	0.00459	0.00133	0.00286	0.00690	0.00391	0.07091
6	0.37204	0.03594	0.04586	0.02361	0.01111	0.04834	0.00669	0.24298	0.05180	0.11130	0.00897	0.00925	0.00649	0.00449	0.00348	0.00128	0.00410	0.00313	0.00334	0.00581
7	0.01681	0.03661	0.01099	0.00865	0.01151	0.21126	0.00699	0.12475	0.01269	0.44856	0.01274	0.01255	0.00881	0.00551	0.01716	0.00134	0.02092	0.02170	0.00408	0.00636
8	0.00515	0.00374	0.00486	0.00569	0.00607	0.00345	0.00385	0.00597	0.00836	0.01108	0.06296	0.74306	0.09478	0.01274	0.00531	0.00166	0.00239	0.01149	0.00394	0.00345
9	0.00998	0.01108	0.02311	0.01670	0.02075	0.01061	0.72181	0.01445	0.09937	0.01392	0.00946	0.01182	0.00709	0.00378	0.00489	0.00142	0.00667	0.00494	0.00236	0.00578
10	0.01009	0.00960	0.01633	0.07687	0.73931	0.00972	0.01255	0.01258	0.00950	0.01349	0.00851	0.01209	0.00737	0.00412	0.00424	0.00129	0.00498	0.03881	0.00215	0.00641
11	0.39864	0.00737	0.00766	0.00631	0.00905	0.00756	0.00518	0.03535	0.00975	0.36972	0.01140	0.01104	0.00778	0.00459	0.00338	0.00127	0.00330	0.00332	0.09166	0.00568
12	0.01592	0.01016	0.16528	0.00863	0.01233	0.00736	0.01935	0.03211	0.05789	0.57948	0.01460	0.01364	0.00960	0.00510	0.00436	0.00133	0.01636	0.01529	0.00437	0.00684
13	0.01124	0.85479	0.02203	0.00719	0.01079	0.01663	0.00719	0.01259	0.00854	0.00989	0.00584	0.00674	0.00539	0.00360	0.00270	0.00090	0.00450	0.00225	0.00180	0.00539
14	0.00611	0.00408	0.00458	0.00458	0.00458	0.00408	0.00255	0.00611	0.00611	0.00815	0.01325	0.02751	0.01528	0.85226	0.02140	0.00408	0.00408	0.00611	0.00255	0.00255
15	0.00587	0.00429	0.00550	0.00520	0.00623	0.00393	0.00390	0.00777	0.01170	0.01639	0.75701	0.03218	0.10677	0.00877	0.00496	0.00133	0.00200	0.00771	0.00457	0.00393
16	0.01000	0.00969	0.01637	0.15609	0.43940	0.01054	0.10362	0.04746	0.00938	0.01321	0.00763	0.01044	0.00630	0.00442	0.00577	0.00139	0.13640	0.00387	0.00211	0.00592
17	0.01886	0.00715	0.00976	0.00748	0.01073	0.00618	0.00618	0.02049	0.01203	0.82895	0.01658	0.01431	0.01041	0.00520	0.00423	0.00130	0.00358	0.00423	0.00520	0.00715
18	0.00610	0.00412	0.00479	0.00479	0.00487	0.00419	0.00281	0.00625	0.00618	0.00831	0.01305	0.02645	0.01482	0.77341	0.09963	0.00433	0.00477	0.00596	0.00252	0.00266
19	0.02735	0.00596	0.00706	0.00659	0.00831	0.00594	0.00522	0.04475	0.15414	0.13690	0.15765	0.09893	0.16940	0.00850	0.00478	0.00147	0.00295	0.12860	0.02059	0.00492
20	0.00542	0.00378	0.00503	0.00588	0.00624	0.00363	0.00406	0.00633	0.00808	0.01104	0.02174	0.70677	0.02543	0.01387	0.06257	0.00202	0.00308	0.04566	0.05585	0.00349
21	0.88196	0.00813	0.00618	0.00553	0.00813	0.00943	0.00455	0.01236	0.00715	0.01886	0.00585	0.00683	0.00455	0.00390	0.00260	0.00130	0.00325	0.00228	0.00260	0.00455
22	0.00611	0.00408	0.00458	0.00458	0.00458	0.00408	0.00255	0.00611	0.00611	0.00815	0.01325	0.02751	0.01528	0.85226	0.02140	0.00408	0.00408	0.00611	0.00255	0.00255
23	0.03506	0.39230	0.31360	0.01011	0.01467	0.01294	0.09902	0.02745	0.02359	0.02544	0.00720	0.00837	0.00570	0.00383	0.00349	0.00115	0.00533	0.00296	0.00199	0.00578
24	0.00618	0.00446	0.00558	0.00529	0.00641	0.00411	0.00397	0.00824	0.03332	0.03419	0.63342	0.06166	0.15954	0.00892	0.00494	0.00135	0.00210	0.00780	0.00449	0.00403
25	0.01046	0.33425	0.28758	0.03465	0.01403	0.09907	0.03217	0.01327	0.02306	0.03286	0.02034	0.00964	0.02929	0.00418	0.00353	0.00113	0.00528	0.00309	0.01503	0.02710
26	0.01124	0.85479	0.02203	0.00719	0.01079	0.01663	0.00719	0.01259	0.00854	0.00989	0.00584	0.00674	0.00539	0.00360	0.00270	0.00090	0.00450	0.00225	0.00180	0.00539
27	0.01870	0.00741	0.00991	0.00760	0.01086	0.00655	0.00628	0.06368	0.01245	0.78517	0.01623	0.01408	0.01023	0.00519	0.00423	0.00130	0.00363	0.00420	0.00515	0.00715
28	0.00528	0.00406	0.00485	0.00529	0.00615	0.00364	0.00384	0.00637	0.00921	0.01179	0.11685	0.37091	0.35220	0.01153	0.00519	0.00157	0.00238	0.07134	0.00398	0.00356
29	0.01874	0.00735	0.00988	0.00757	0.01083	0.00647	0.00625	0.05365	0.01236	0.79533	0.01631	0.01413	0.01027	0.00520	0.00423	0.00130	0.00362	0.00421	0.00516	0.00715
30	0.00512	0.00366	0.00488	0.00585	0.00610	0.00341	0.00390	0.00585	0.00805	0.01073	0.02317	0.84952	0.02780	0.01317	0.00537	0.00171	0.00244	0.01195	0.00390	0.00341
31	0.00522	0.00388	0.00488	0.00554	0.00611	0.00354	0.00386	0.00618	0.00878	0.01151	0.10402	0.57960	0.19135	0.01216	0.00526	0.00162	0.00238	0.03661	0.00397	0.00351
32	0.00794	0.00747	0.01261	0.84216	0.02895	0.00934	0.01167	0.01074	0.00841	0.01074	0.00747	0.01121	0.00560	0.00420	0.00420	0.00140	0.00560	0.00374	0.00187	0.00467
33	0.00526	0.00376	0.00503	0.00595	0.00627	0.00353	0.00409	0.00613	0.00833	0.01112	0.05899	0.76143	0.02810	0.01287	0.00538	0.00170	0.00251	0.06213	0.00393	0.00347
34	0.01103	0.79022	0.06152	0.00740	0.01113	0.01599	0.00754	0.01257	0.00856	0.01016	0.00597	0.00690	0.00541	0.00360	0.00277	0.00091	0.00454	0.00230	0.00182	0.02963
35	0.01059	0.55110	0.23917	0.00878	0.01290	0.01444	0.00958	0.04796	0.00902	0.01156	0.00647	0.00759	0.00546	0.00395	0.00366	0.00108	0.04651	0.00262	0.00190	0.00565
36	0.00514	0.00368	0.00490	0.00584	0.00610	0.00343	0.00390	0.00591	0.00815	0.01089	0.04426	0.82797	0.02812	0.01305	0.00535	0.00170	0.00243	0.01184	0.00392	0.00343
37	0.00606	0.00430	0.00572	0.00572	0.00611	0.00469	0.00396	0.00684	0.00645	0.00899	0.01221	0.02175	0.01278	0.42251	0.44774	0.00548	0.00784	0.00527	0.00239	0.00318
38	0.00531	0.00407	0.00488	0.00511	0.00600	0.00363	0.00367	0.00654	0.00976	0.01280	0.27061	0.31163	0.31906	0.01088	0.00510	0.00149	0.00219	0.00953	0.00412	0.00363
39	0.00915	0.18554	0.55432	0.03486	0.01746	0.01122	0.10540	0.01311	0.00892	0.01258	0.00732	0.00880	0.00547	0.00387	0.00385	0.00126	0.00596	0.00317	0.00182	0.00594
40	0.01384	0.01060	0.01129	0.00912	0.01207	0.01188	0.00738	0.51746	0.29273	0.02312	0.01260	0.01218	0.00920	0.00527	0.00419	0.00131	0.00410	0.00412	0.03067	0.00688
41	0.00611	0.00408	0.00458	0.00458	0.00458	0.00408	0.00255	0.00611	0.00611	0.00815	0.01325	0.02751	0.01528	0.85226	0.02140	0.00408	0.00408	0.00611	0.00255	0.00255
42	0.00896	0.12466	0.68763	0.01156	0.01733	0.01070	0.04327	0.02610	0.00905	0.01311	0.00741	0.00872	0.00540	0.00395	0.00387	0.00128	0.00601	0.00308	0.00183	0.00611
43	0.00531	0.00427	0.00474	0.00462	0.00589	0.00370	0.00346	0.00670	0.01039	0.01328	0.31620	0.03728	0.54951	0.00993	0.00496	0.00139	0.00208	0.00843	0.00416	0.00370
44	0.01104	0.01011	0.01525	0.04256	0.48582	0.04763	0.07073	0.01551	0.18195	0.06136	0.01033	0.01172	0.00808	0.00427	0.00423	0.00130	0.00485	0.00403	0.00273	0.00648
45	0.01124	0.85479	0.02203	0.00719	0.01079	0.01663	0.00719	0.01259	0.00854	0.00989	0.00584	0.00674	0.00539	0.00360	0.00270	0.00090	0.00450	0.00225	0.00180	0.00539
46	0.00595	0.00430	0.00562	0.00529	0.00628	0.00397	0.00397	0.00793	0.01190	0.01686	0.82382	0.03140	0.03966	0.00859	0.00496	0.00132	0.00198	0.00760	0.00463	0.00397
47	0.01015	0.00973	0.01661	0.10975	0.74408	0.00992	0.01278	0.01268	0.00945	0.01343	0.00786	0.01049	0.00655	0.00379	0.00417	0.00126	0.00506	0.00374	0.00206	0.00645

[dist]
# distance from previous block
# <min> <max>
0	1

[block]
# block no. 3 follows, 63 sequences, length 81
# corresponding to MSA columns:
# 368-448
name=unknown_D
#
# <colnr> <probs for GDERKNQSTAVLIFYWHMCP>
#	G	D	E	R	K	N	Q	S	T	A	V	L	I	F	Y	W	H	M	C	P
0	0.01062	0.00888	0.00996	0.01978	0.01129	0.00929	0.02180	0.13909	0.42124	0.01769	0.04210	0.01336	0.01091	0.00494	0.00399	0.00118	0.00352	0.00408	0.00372	0.24256
1	0.00520	0.00373	0.00496	0.00592	0.00622	0.00349	0.00404	0.00600	0.00816	0.01084	0.02349	0.79252	0.04289	0.01304	0.00538	0.00171	0.00251	0.05253	0.00390	0.00344
2	0.07633	0.00977	0.01509	0.13859	0.36349	0.04270	0.09726	0.01272	0.04617	0.01325	0.02220	0.01069	0.00697	0.00450	0.00548	0.00138	0.12168	0.00383	0.00221	0.00570
3	0.82543	0.03851	0.00682	0.00561	0.00828	0.00958	0.00466	0.01231	0.00725	0.01839	0.00590	0.00688	0.00463	0.00387	0.00262	0.00127	0.00329	0.00228	0.00257	0.02984
4	0.01063	0.54787	0.27138	0.00889	0.01321	0.06293	0.00983	0.01306	0.00884	0.01097	0.00641	0.00745	0.00537	0.00376	0.00316	0.00104	0.00521	0.00254	0.00181	0.00562
5	0.01024	0.00963	0.01262	0.01077	0.01114	0.05209	0.00893	0.02379	0.00728	0.06347	0.00636	0.00946	0.00586	0.00704	0.01254	0.00176	0.73642	0.00367	0.00211	0.00482
6	0.00574	0.00460	0.00714	0.00735	0.02117	0.00430	0.08641	0.00685	0.00845	0.01128	0.04434	0.68788	0.05212	0.01180	0.00529	0.00165	0.00295	0.02324	0.00371	0.00372
7	0.10837	0.01072	0.01139	0.00889	0.01210	0.02239	0.00731	0.57255	0.04587	0.14226	0.01079	0.01053	0.00753	0.00496	0.00403	0.00128	0.00432	0.00371	0.00416	0.00683
8	0.00794	0.00747	0.01261	0.84216	0.02895	0.00934	0.01167	0.01074	0.00841	0.01074	0.00747	0.01121	0.00560	0.00420	0.00420	0.00140	0.00560	0.00374	0.00187	0.00467
9	0.03786	0.00702	0.00939	0.00726	0.01039	0.00614	0.00599	0.01979	0.01177	0.77148	0.01620	0.01420	0.01029	0.00516	0.00413	0.00129	0.00349	0.00417	0.04704	0.00694
10	0.00504	0.00426	0.00436	0.00433	0.00572	0.00358	0.00325	0.00617	0.00975	0.01175	0.09862	0.03981	0.76805	0.01050	0.00497	0.00141	0.00212	0.00878	0.00396	0.00358
11	0.85096	0.00809	0.00631	0.00560	0.00822	0.00931	0.00461	0.01265	0.00733	0.04795	0.00624	0.00710	0.00476	0.00395	0.00266	0.00130	0.00326	0.00235	0.00269	0.00465
12	0.00794	0.00747	0.01261	0.84216	0.02895	0.00934	0.01167	0.01074	0.00841	0.01074	0.00747	0.01121	0.00560	0.00420	0.00420	0.00140	0.00560	0.00374	0.00187	0.00467
13	0.00506	0.00406	0.00451	0.00482	0.00584	0.00352	0.00346	0.00604	0.00916	0.01135	0.06514	0.30617	0.53333	0.01140	0.00510	0.00151	0.00223	0.00984	0.00393	0.00352
14	0.01766	0.00747	0.00979	0.00757	0.01068	0.00679	0.00623	0.10729	0.01288	0.68488	0.07074	0.01500	0.01203	0.00542	0.00427	0.00130	0.00358	0.00441	0.00505	0.00694
15	0.88196	0.00813	0.00618	0.00553	0.00813	0.00943	0.00455	0.01236	0.00715	0.01886	0.00585	0.00683	0.00455	0.00390	0.00260	0.00130	0.00325	0.00228	0.00260	0.00455
16	0.01070	0.01048	0.03624	0.03314	0.68187	0.01990	0.03671	0.06366	0.02094	0.01442	0.00810	0.01040	0.00668	0.00395	0.00441	0.00127	0.02458	0.00377	0.00223	0.00656
17	0.43021	0.32216	0.01253	0.00654	0.00943	0.03106	0.00580	0.04686	0.00849	0.03824	0.00707	0.03771	0.00611	0.00471	0.01760	0.00126	0.00399	0.00278	0.00248	0.00500
18	0.88196	0.00813	0.00618	0.00553	0.00813	0.00943	0.00455	0.01236	0.00715	0.01886	0.00585	0.00683	0.00455	0.00390	0.00260	0.00130	0.00325	0.00228	0.00260	0.00455
19	0.00972	0.00929	0.01583	0.25134	0.60583	0.00981	0.01256	0.01230	0.00925	0.01291	0.00779	0.01063	0.00637	0.00387	0.00417	0.00129	0.00516	0.00374	0.00202	0.00611
20	0.01007	0.00863	0.00917	0.00830	0.01055	0.00992	0.00643	0.02112	0.75265	0.01739	0.06559	0.03460	0.01476	0.00604	0.00434	0.00143	0.00323	0.00508	0.00429	0.00642
21	0.01016	0.00974	0.01663	0.10595	0.74779	0.00992	0.01278	0.01269	0.00946	0.01344	0.00786	0.01048	0.00656	0.00379	0.00417	0.00126	0.00505	0.00374	0.00206	0.00646
22	0.00623	0.00434	0.00515	0.00509	0.00515	0.00457	0.00310	0.00640	0.00623	0.00843	0.01301	0.04872	0.01482	0.72984	0.07839	0.00409	0.04513	0.00604	0.00253	0.00276
23	0.01415	0.00837	0.00975	0.00812	0.01089	0.00877	0.00650	0.08564	0.40720	0.34390	0.03877	0.01511	0.01214	0.00553	0.00427	0.00136	0.00350	0.00454	0.00465	0.00682
24	0.00497	0.00426	0.00426	0.00426	0.00568	0.00355	0.00319	0.00603	0.00958	0.01136	0.04259	0.04046	0.82433	0.01065	0.00497	0.00142	0.00213	0.00887	0.00390	0.00355
25	0.00843	0.02174	0.83048	0.01198	0.01819	0.00976	0.01553	0.01331	0.00888	0.01331	0.00754	0.00888	0.00533	0.00399	0.00399	0.00133	0.00621	0.00311	0.00178	0.00621
26	0.01570	0.02004	0.01191	0.01083	0.01300	0.83539	0.00812	0.01679	0.01191	0.01029	0.00650	0.00758	0.00541	0.00433	0.00379	0.00108	0.00758	0.00271	0.00217	0.00487
27	0.01336	0.00643	0.00831	0.00680	0.00917	0.00593	0.00545	0.06312	0.04908	0.43425	0.30708	0.02083	0.03848	0.00655	0.00451	0.00131	0.00302	0.00554	0.00487	0.00591
28	0.01211	0.00985	0.01044	0.00889	0.01156	0.01123	0.00706	0.25945	0.57863	0.02026	0.01500	0.01401	0.01113	0.00551	0.00426	0.00138	0.00372	0.00446	0.00426	0.00680
29	0.00917	0.00871	0.01470	0.43321	0.41356	0.00967	0.01218	0.01199	0.02328	0.01231	0.00785	0.01090	0.00624	0.00401	0.00418	0.00133	0.00527	0.00376	0.00201	0.00567
30	0.01046	0.00903	0.00951	0.00855	0.01093	0.01046	0.00665	0.02234	0.81845	0.01759	0.01711	0.01568	0.01283	0.00570	0.00428	0.00143	0.00333	0.00475	0.00428	0.00665
31	0.00794	0.00747	0.01261	0.84216	0.02895	0.00934	0.01167	0.01074	0.00841	0.01074	0.00747	0.01121	0.00560	0.00420	0.00420	0.00140	0.00560	0.00374	0.00187	0.00467
32	0.00503	0.00424	0.00436	0.00437	0.00573	0.00357	0.00326	0.00614	0.00967	0.01167	0.08875	0.06469	0.75298	0.01060	0.00498	0.00142	0.00213	0.00889	0.00395	0.00357
33	0.00598	0.00428	0.00554	0.00522	0.00622	0.00396	0.00392	0.00795	0.01175	0.01669	0.78078	0.03113	0.05700	0.00853	0.00490	0.00131	0.00199	0.00752	0.03138	0.00396
34	0.00518	0.00382	0.00484	0.00553	0.00604	0.00349	0.00379	0.00608	0.00868	0.01142	0.10314	0.63513	0.16284	0.01231	0.00526	0.00162	0.00234	0.01102	0.00397	0.00349
35	0.01846	0.00704	0.00955	0.00735	0.01052	0.00610	0.00606	0.02010	0.01192	0.79964	0.01648	0.01436	0.01042	0.00519	0.00418	0.00129	0.00352	0.00422	0.03658	0.00704
36	0.04508	0.75121	0.03037	0.00737	0.01088	0.05655	0.00721	0.01298	0.00874	0.02932	0.00615	0.00699	0.00548	0.00369	0.00280	0.00094	0.00460	0.00233	0.00193	0.00539
37	0.01271	0.01049	0.04145	0.00967	0.01270	0.01101	0.07647	0.35306	0.30941	0.04594	0.03881	0.01317	0.01034	0.00523	0.00428	0.00133	0.00423	0.00435	0.02874	0.00661
38	0.01010	0.00970	0.01642	0.10519	0.70746	0.01007	0.01260	0.01255	0.00930	0.01326	0.00775	0.01042	0.00650	0.00397	0.00464	0.00129	0.04662	0.00374	0.00205	0.00636
39	0.00515	0.00427	0.00451	0.00445	0.00579	0.00363	0.00334	0.00639	0.01001	0.01238	0.18828	0.03877	0.67800	0.01026	0.00497	0.00140	0.00210	0.00864	0.00404	0.00363
40	0.00920	0.00920	0.01288	0.01104	0.01104	0.01288	0.00920	0.01012	0.00644	0.01012	0.00552	0.00920	0.00552	0.00736	0.01380	0.00184	0.84457	0.00368	0.00184	0.00460
41	0.00499	0.00423	0.00431	0.00434	0.00571	0.00355	0.00324	0.00606	0.00955	0.01142	0.05480	0.07527	0.77680	0.01072	0.00499	0.00143	0.00214	0.00898	0.00392	0.00355
42	0.00523	0.00373	0.00500	0.00598	0.00627	0.00351	0.00409	0.00604	0.00815	0.01085	0.02311	0.79763	0.02757	0.01307	0.00539	0.00172	0.00253	0.06278	0.00390	0.00344
43	0.88196	0.00813	0.00618	0.00553	0.00813	0.00943	0.00455	0.01236	0.00715	0.01886	0.00585	0.00683	0.00455	0.00390	0.00260	0.00130	0.00325	0.00228	0.00260	0.00455
44	0.19211	0.01074	0.01102	0.03092	0.01225	0.03674	0.00722	0.52898	0.01593	0.09972	0.00966	0.00978	0.00683	0.00478	0.00387	0.00127	0.00436	0.00349	0.00385	0.00649
45	0.00622	0.00434	0.00529	0.00525	0.00553	0.00455	0.00336	0.00699	0.03138	0.00904	0.03235	0.02459	0.01464	0.60788	0.21700	0.00457	0.00574	0.00572	0.00258	0.00300
46	0.01049	0.01059	0.04322	0.06274	0.15187	0.01001	0.45793	0.05742	0.04256	0.05812	0.03047	0.02712	0.00811	0.00419	0.00466	0.00137	0.00595	0.00472	0.00256	0.00591
47	0.01533	0.01942	0.01197	0.01084	0.01288	0.78872	0.00818	0.01641	0.01160	0.01028	0.00644	0.00767	0.00542	0.00450	0.00436	0.00113	0.05507	0.00276	0.00215	0.00486
48	0.00521	0.00449	0.00449	0.00450	0.00585	0.01718	0.00335	0.00631	0.00969	0.01163	0.08698	0.07472	0.73012	0.01053	0.00497	0.00142	0.00222	0.00883	0.00392	0.00359
49	0.03552	0.03998	0.01520	0.23488	0.31576	0.05120	0.08680	0.01264	0.00918	0.06171	0.00831	0.02855	0.00678	0.00445	0.00492	0.00134	0.07096	0.00391	0.00225	0.00565
50	0.00642	0.00445	0.00550	0.00569	0.00680	0.00405	0.00440	0.00780	0.00986	0.06165	0.18334	0.18659	0.29468	0.02493	0.00545	0.00160	0.00265	0.17618	0.00409	0.00387
51	0.04194	0.00718	0.00966	0.00743	0.01066	0.00627	0.00614	0.02027	0.01190	0.80729	0.01630	0.01411	0.01025	0.00517	0.00418	0.00130	0.00357	0.00418	0.00513	0.00708
52	0.00827	0.00794	0.01382	0.71954	0.09110	0.00948	0.06844	0.01110	0.00860	0.01117	0.00758	0.01115	0.00574	0.00412	0.00425	0.00139	0.00566	0.00382	0.00190	0.00490
53	0.01027	0.23082	0.23151	0.09921	0.02470	0.06669	0.00992	0.02810	0.22079	0.01324	0.00955	0.01031	0.00739	0.00444	0.00388	0.00124	0.01619	0.00338	0.00251	0.00586
54	0.01793	0.00826	0.01039	0.00801	0.01126	0.00787	0.00660	0.19930	0.04068	0.62067	0.01514	0.01340	0.00975	0.00518	0.00422	0.00130	0.00381	0.00414	0.00495	0.00714
55	0.00526	0.00416	0.00473	0.00482	0.00591	0.00364	0.00353	0.00651	0.00993	0.01272	0.24911	0.18220	0.47148	0.01054	0.00504	0.00144	0.00215	0.00908	0.00410	0.00364
56	0.00730	0.00423	0.00475	0.00456	0.00560	0.00413	0.00344	0.02647	0.01023	0.01636	0.32163	0.02153	0.02168	0.00631	0.00373	0.00112	0.00203	0.00532	0.52558	0.00401
57	0.01571	0.03329	0.01235	0.03986	0.01336	0.30714	0.00801	0.41774	0.01568	0.08294	0.00913	0.00949	0.00669	0.00474	0.00402	0.00120	0.00563	0.00340	0.00341	0.00620
58	0.00512	0.00366	0.00488	0.00585	0.00610	0.00341	0.00390	0.00585	0.00805	0.01073	0.02317	0.84952	0.02780	0.01317	0.00537	0.00171	0.00244	0.01195	0.00390	0.00341
59	0.00497	0.00426	0.00426	0.00426	0.00568	0.00355	0.00319	0.00603	0.00958	0.01136	0.04259	0.04046	0.82433	0.01065	0.00497	0.00142	0.00213	0.00887	0.00390	0.00355
60	0.00537	0.00389	0.00530	0.03165	0.00706	0.00374	0.00442	0.00629	0.00822	0.01091	0.02260	0.74439	0.02677	0.01274	0.00537	0.00172	0.00268	0.08955	0.00384	0.00350
61	0.88196	0.00813	0.00618	0.00553	0.00813	0.00943	0.00455	0.01236	0.00715	0.01886	0.00585	0.00683	0.00455	0.00390	0.00260	0.00130	0.00325	0.00228	0.00260	0.00455
62	0.01485	0.01133	0.01271	0.02499	0.07347	0.03854	0.02085	0.61835	0.02902	0.04505	0.01001	0.01043	0.00726	0.00496	0.00444	0.00127	0.02896	0.00379	0.03294	0.00679
63	0.00952	0.00820	0.00942	0.00686	0.01052	0.04204	0.02852	0.02536	0.00920	0.04096	0.00781	0.00895	0.00635	0.00328	0.00325	0.00070	0.00346	0.00265	0.00259	0.77034
64	0.01033	0.00742	0.00888	0.00643	0.01008	0.00570	0.00517	0.01216	0.00924	0.14322	0.00892	0.00961	0.00689	0.00345	0.00329	0.00073	0.00319	0.00277	0.00292	0.73961
65	0.40343	0.01014	0.00974	0.00782	0.01084	0.01142	0.00645	0.45424	0.01412	0.02308	0.00820	0.00863	0.00599	0.00453	0.00349	0.00128	0.00401	0.00311	0.00349	0.00599
66	0.01040	0.00999	0.01706	0.02580	0.82604	0.00999	0.01290	0.01290	0.00957	0.01373	0.00791	0.01040	0.00666	0.00375	0.00416	0.00125	0.00499	0.00375	0.00208	0.00666
67	0.00591	0.00430	0.00557	0.00525	0.00626	0.00395	0.00394	0.00786	0.01182	0.01666	0.79566	0.03173	0.06795	0.00867	0.00496	0.00133	0.00199	0.00765	0.00460	0.00395
68	0.00651	0.00474	0.00705	0.00692	0.00772	0.00554	0.00541	0.00799	0.00691	0.03495	0.01123	0.01620	0.01034	0.02991	0.78263	0.00642	0.03882	0.00447	0.00233	0.00389
69	0.62024	0.00894	0.00773	0.00657	0.00932	0.03356	0.00538	0.13011	0.03454	0.09823	0.00788	0.00832	0.00578	0.00426	0.00308	0.00129	0.00361	0.00277	0.00313	0.00526
70	0.02616	0.01543	0.01400	0.03884	0.11851	0.45113	0.10951	0.06488	0.07708	0.01285	0.00801	0.00937	0.00640	0.00438	0.00429	0.00122	0.02664	0.00340	0.00244	0.00547
71	0.00543	0.00393	0.00520	0.00609	0.00656	0.00369	0.00439	0.00642	0.00850	0.01119	0.03356	0.63635	0.08088	0.01266	0.00542	0.00173	0.00268	0.15792	0.00390	0.00351
72	0.00816	0.00770	0.01301	0.76813	0.10123	0.00940	0.01179	0.01094	0.00851	0.01101	0.00751	0.01113	0.00570	0.00416	0.00420	0.00139	0.00555	0.00374	0.00189	0.00485
73	0.01440	0.00996	0.01106	0.02105	0.05981	0.10799	0.03397	0.10379	0.24547	0.30076	0.01468	0.01383	0.03328	0.00523	0.00423	0.00131	0.00428	0.00427	0.00410	0.00652
74	0.00617	0.00446	0.00560	0.00532	0.00643	0.00410	0.00402	0.02177	0.01147	0.02867	0.62170	0.06129	0.16318	0.00905	0.00497	0.00137	0.00215	0.02983	0.00447	0.00398
75	0.06459	0.00768	0.00957	0.00751	0.01057	0.00729	0.00616	0.10544	0.06814	0.60255	0.01519	0.01360	0.00992	0.00513	0.00408	0.00129	0.00358	0.00409	0.04679	0.00682
76	0.04193	0.02175	0.01118	0.00864	0.01179	0.08136	0.00707	0.36297	0.02315	0.35556	0.02414	0.01184	0.00877	0.00505	0.00412	0.00126	0.00436	0.00387	0.00437	0.00680
77	0.00805	0.00759	0.01281	0.80465	0.06557	0.00937	0.01173	0.01084	0.00846	0.01088	0.00749	0.01117	0.00565	0.00418	0.00420	0.00139	0.00558	0.00374	0.00188	0.00476
78	0.03409	0.00681	0.00964	0.00895	0.03965	0.00675	0.08645	0.10482	0.04436	0.12966	0.04723	0.18149	0.05282	0.00854	0.00495	0.00156	0.00383	0.21949	0.00388	0.00503
79	0.01408	0.01059	0.02800	0.04027	0.29702	0.09204	0.00938	0.18321	0.01255	0.23037	0.01977	0.02561	0.00829	0.00469	0.00418	0.00126	0.00477	0.00395	0.00340	0.00656
80	0.00879	0.10590	0.67705	0.01181	0.01753	0.01044	0.06959	0.01317	0.00893	0.01296	0.00770	0.00953	0.00575	0.00406	0.00396	0.00130	0.00606	0.01758	0.00184	0.00605

[dist]
# distance from previous block
# <min> <max>
0	3

# created by:
# /st0/software/busco_prod/Augustus/scripts/msa2prfl.pl ./align_prep/1269649.fa
