[name]
unknown

[dist]
# distance from previous block
# <min> <max>
1	34

[block]
# block no. 0 follows, 64 sequences, length 24
# corresponding to MSA columns:
# 783-806
name=unknown_A
#
# <colnr> <probs for GDERKNQSTAVLIFYWHMCP>
#	G	D	E	R	K	N	Q	S	T	A	V	L	I	F	Y	W	H	M	C	P
0	0.03744	0.05161	0.13227	0.02164	0.01334	0.04026	0.08057	0.24544	0.06108	0.17125	0.01206	0.01211	0.04790	0.00481	0.00405	0.00124	0.00463	0.00392	0.00344	0.05094
1	0.00718	0.01819	0.02160	0.08592	0.03407	0.02231	0.00558	0.02713	0.08292	0.03702	0.12104	0.40963	0.05228	0.02198	0.00501	0.00151	0.00312	0.00823	0.00362	0.03164
2	0.03654	0.00801	0.02897	0.00895	0.07184	0.03252	0.04828	0.08648	0.07214	0.13598	0.20703	0.05671	0.01630	0.00609	0.01479	0.00128	0.01425	0.00494	0.00364	0.14528
3	0.04918	0.03256	0.00789	0.00654	0.00861	0.03284	0.00514	0.06520	0.17976	0.02993	0.13871	0.04496	0.22146	0.00697	0.00454	0.00126	0.03138	0.00568	0.00365	0.12372
4	0.01008	0.07871	0.19898	0.13047	0.07786	0.05351	0.07017	0.06822	0.22295	0.01446	0.02748	0.01149	0.00828	0.00452	0.00406	0.00130	0.00502	0.00382	0.00271	0.00591
5	0.02892	0.01154	0.01426	0.07217	0.38704	0.16869	0.04181	0.05073	0.12621	0.01380	0.00881	0.01045	0.00708	0.00430	0.00442	0.00127	0.03640	0.00366	0.00247	0.00598
6	0.00658	0.00440	0.00578	0.00534	0.00645	0.00404	0.00404	0.00852	0.01176	0.06136	0.78148	0.03010	0.03761	0.00831	0.00486	0.00131	0.00205	0.00733	0.00460	0.00409
7	0.00766	0.00583	0.00672	0.00599	0.00755	0.00583	0.00463	0.13893	0.08123	0.01714	0.46482	0.02814	0.19304	0.00810	0.00472	0.00133	0.00252	0.00692	0.00433	0.00457
8	0.00565	0.00422	0.00524	0.00502	0.00607	0.00381	0.00375	0.00737	0.01115	0.01530	0.63283	0.05745	0.20868	0.00906	0.00491	0.00134	0.00200	0.00791	0.00440	0.00381
9	0.01153	0.00869	0.01199	0.01004	0.01089	0.01117	0.00835	0.03653	0.00805	0.20328	0.00816	0.01030	0.00664	0.00670	0.01113	0.00168	0.62322	0.00377	0.00267	0.00521
10	0.00861	0.00738	0.00861	0.00615	0.00984	0.00554	0.00492	0.01046	0.00861	0.01354	0.00738	0.00861	0.00615	0.00308	0.00308	0.00062	0.00308	0.00246	0.00246	0.87941
11	0.00525	0.00383	0.00497	0.00577	0.00616	0.00361	0.00391	0.00638	0.03201	0.01116	0.06751	0.75180	0.05723	0.01246	0.00523	0.00165	0.00240	0.01125	0.00391	0.00350
12	0.00584	0.00424	0.00549	0.00518	0.00618	0.00390	0.00388	0.00775	0.01165	0.01641	0.79053	0.03143	0.07474	0.00858	0.00490	0.00131	0.00197	0.00757	0.00454	0.00390
13	0.00506	0.00361	0.00482	0.00578	0.00602	0.00337	0.00386	0.00578	0.00795	0.01060	0.02289	0.85131	0.02747	0.01301	0.00530	0.00169	0.00241	0.01181	0.00386	0.00337
14	0.00506	0.00361	0.00482	0.00578	0.00602	0.00337	0.00386	0.00578	0.00795	0.01060	0.02289	0.85131	0.02747	0.01301	0.00530	0.00169	0.00241	0.01181	0.00386	0.00337
15	0.08428	0.01135	0.01196	0.00923	0.01250	0.01260	0.00763	0.75095	0.01855	0.02558	0.00964	0.00972	0.00686	0.00490	0.00403	0.00125	0.00446	0.00362	0.00403	0.00686
16	0.00830	0.00481	0.00617	0.00551	0.00700	0.00430	0.00425	0.01005	0.01144	0.17970	0.54605	0.02896	0.15086	0.00812	0.00476	0.00132	0.00230	0.00703	0.00458	0.00449
17	0.00752	0.00481	0.00612	0.00562	0.00689	0.00455	0.00427	0.01006	0.06603	0.09821	0.62639	0.05520	0.03282	0.00795	0.00470	0.00131	0.00222	0.00697	0.04398	0.00439
18	0.01111	0.85652	0.02177	0.00711	0.01066	0.01644	0.00711	0.01244	0.00844	0.00977	0.00577	0.00666	0.00533	0.00355	0.00267	0.00089	0.00444	0.00222	0.00178	0.00533
19	0.00957	0.00957	0.01268	0.01085	0.01105	0.04231	0.00901	0.04000	0.00704	0.01060	0.00565	0.00906	0.00551	0.00708	0.01293	0.00177	0.78516	0.00360	0.00192	0.00465
20	0.00686	0.00459	0.00627	0.00608	0.00670	0.00503	0.00442	0.00782	0.00678	0.06133	0.01200	0.01978	0.01190	0.31531	0.47967	0.00529	0.02919	0.00497	0.00250	0.00353
21	0.14127	0.01605	0.03834	0.00989	0.03577	0.54040	0.00758	0.05181	0.01119	0.06767	0.00856	0.00927	0.03606	0.00451	0.00368	0.00115	0.00615	0.00303	0.00254	0.00507
22	0.00784	0.00738	0.01246	0.84404	0.02861	0.00923	0.01154	0.01061	0.00831	0.01061	0.00738	0.01107	0.00554	0.00415	0.00415	0.00138	0.00554	0.00369	0.00185	0.00461
23	0.00964	0.00695	0.02022	0.00740	0.00936	0.00687	0.03002	0.18984	0.06295	0.08843	0.22231	0.06680	0.10480	0.00799	0.00478	0.00144	0.00334	0.14764	0.00415	0.00506

[dist]
# distance from previous block
# <min> <max>
0	5

[block]
# block no. 1 follows, 64 sequences, length 13
# corresponding to MSA columns:
# 812-824
name=unknown_B
#
# <colnr> <probs for GDERKNQSTAVLIFYWHMCP>
#	G	D	E	R	K	N	Q	S	T	A	V	L	I	F	Y	W	H	M	C	P
0	0.04179	0.01421	0.06896	0.01076	0.06856	0.30801	0.00829	0.15362	0.25349	0.01577	0.01030	0.01056	0.00788	0.00473	0.00396	0.00124	0.00533	0.00354	0.00309	0.00593
1	0.01009	0.02969	0.01555	0.22608	0.10867	0.12581	0.22936	0.05669	0.01015	0.01291	0.04791	0.01280	0.00840	0.00493	0.01935	0.00140	0.00584	0.03664	0.00235	0.03539
2	0.04033	0.00962	0.01595	0.10184	0.70126	0.00987	0.01221	0.03502	0.00955	0.01382	0.00776	0.01023	0.00642	0.00379	0.00406	0.00125	0.00492	0.00365	0.00211	0.00634
3	0.00784	0.00738	0.01246	0.84404	0.02861	0.00923	0.01154	0.01061	0.00831	0.01061	0.00738	0.01107	0.00554	0.00415	0.00415	0.00138	0.00554	0.00369	0.00185	0.00461
4	0.00658	0.00435	0.00562	0.00523	0.00631	0.00401	0.00395	0.00852	0.01155	0.05303	0.73265	0.02918	0.03589	0.00809	0.00473	0.00128	0.00203	0.00711	0.06585	0.00406
5	0.00581	0.00422	0.00548	0.00521	0.00618	0.00388	0.00389	0.00769	0.01152	0.01622	0.76606	0.06476	0.06598	0.00875	0.00492	0.00133	0.00198	0.00773	0.00452	0.00388
6	0.88336	0.00803	0.00611	0.00546	0.00803	0.00932	0.00450	0.01221	0.00707	0.01864	0.00578	0.00675	0.00450	0.00386	0.00257	0.00129	0.00321	0.00225	0.00257	0.00450
7	0.00586	0.00423	0.00535	0.00507	0.00609	0.00388	0.00380	0.00773	0.01140	0.01606	0.71409	0.03129	0.11691	0.00855	0.00482	0.00130	0.00197	0.00749	0.04025	0.00388
8	0.00507	0.00369	0.00479	0.00561	0.00599	0.00341	0.00379	0.00587	0.00823	0.01087	0.05231	0.74402	0.10582	0.01261	0.00525	0.00165	0.00236	0.01136	0.00388	0.00341
9	0.00506	0.00361	0.00482	0.00578	0.00602	0.00337	0.00386	0.00578	0.00795	0.01060	0.02289	0.85131	0.02747	0.01301	0.00530	0.00169	0.00241	0.01181	0.00386	0.00337
10	0.88336	0.00803	0.00611	0.00546	0.00803	0.00932	0.00450	0.01221	0.00707	0.01864	0.00578	0.00675	0.00450	0.00386	0.00257	0.00129	0.00321	0.00225	0.00257	0.00450
11	0.01228	0.09355	0.06268	0.01113	0.01463	0.01125	0.23698	0.31011	0.07803	0.04871	0.01003	0.01093	0.00741	0.00441	0.00413	0.00125	0.00501	0.00399	0.06735	0.00615
12	0.01105	0.06977	0.02192	0.02008	0.02367	0.21328	0.01883	0.08466	0.02112	0.06884	0.01140	0.06659	0.05414	0.00832	0.00758	0.24122	0.01844	0.03213	0.00269	0.00427

[dist]
# distance from previous block
# <min> <max>
2	6

[block]
# block no. 2 follows, 64 sequences, length 10
# corresponding to MSA columns:
# 831-840
name=unknown_C
#
# <colnr> <probs for GDERKNQSTAVLIFYWHMCP>
#	G	D	E	R	K	N	Q	S	T	A	V	L	I	F	Y	W	H	M	C	P
0	0.39102	0.11145	0.01193	0.05148	0.19171	0.04704	0.02934	0.05546	0.04983	0.01588	0.00719	0.00849	0.00574	0.00396	0.00328	0.00123	0.00422	0.00293	0.00246	0.00535
1	0.00950	0.03642	0.00926	0.05027	0.01028	0.07611	0.02087	0.05740	0.16439	0.07146	0.24692	0.06319	0.07215	0.00695	0.00533	0.00137	0.08377	0.00566	0.00370	0.00501
2	0.00636	0.00418	0.00519	0.00528	0.00624	0.00378	0.00383	0.00765	0.00974	0.06941	0.26900	0.32600	0.19993	0.01012	0.00489	0.00144	0.00226	0.00890	0.05193	0.00385
3	0.01098	0.54356	0.07494	0.12547	0.04446	0.11790	0.00862	0.01277	0.00890	0.01031	0.00627	0.00766	0.00540	0.00376	0.00315	0.00102	0.00511	0.00260	0.00184	0.00527
4	0.00636	0.00438	0.00553	0.00516	0.00633	0.00396	0.00390	0.00815	0.01137	0.05727	0.64988	0.03170	0.17304	0.00867	0.00486	0.00132	0.00206	0.00756	0.00448	0.00401
5	0.04082	0.00892	0.01018	0.00824	0.01108	0.00938	0.00665	0.30813	0.18740	0.28320	0.01430	0.07043	0.01064	0.00569	0.00421	0.00133	0.00377	0.00460	0.00442	0.00663
6	0.01516	0.01904	0.01161	0.01054	0.01270	0.77988	0.00792	0.01697	0.06797	0.01067	0.00715	0.00805	0.00586	0.00437	0.00378	0.00109	0.00720	0.00282	0.00229	0.00494
7	0.01509	0.01096	0.01172	0.00907	0.01219	0.01210	0.00746	0.74471	0.01859	0.02525	0.01028	0.01045	0.00737	0.00497	0.00405	0.00122	0.00434	0.00375	0.07962	0.00679
8	0.00602	0.00410	0.00490	0.00490	0.00502	0.00423	0.00297	0.00628	0.00615	0.00833	0.01275	0.02533	0.01430	0.71350	0.16056	0.00448	0.00524	0.00577	0.00247	0.00272
9	0.08035	0.00714	0.00939	0.00725	0.01042	0.00633	0.00599	0.01967	0.01154	0.77301	0.01563	0.01361	0.00987	0.00505	0.00406	0.00129	0.00351	0.00404	0.00496	0.00689

[dist]
# distance from previous block
# <min> <max>
0	9

[block]
# block no. 3 follows, 64 sequences, length 8
# corresponding to MSA columns:
# 850-857
name=unknown_D
#
# <colnr> <probs for GDERKNQSTAVLIFYWHMCP>
#	G	D	E	R	K	N	Q	S	T	A	V	L	I	F	Y	W	H	M	C	P
0	0.00577	0.00421	0.00543	0.00531	0.00625	0.00387	0.00398	0.00754	0.01114	0.01551	0.65870	0.10878	0.09576	0.00919	0.00497	0.00137	0.00209	0.04188	0.00442	0.00383
1	0.00861	0.00738	0.00861	0.00615	0.00984	0.00554	0.00492	0.01046	0.00861	0.01354	0.00738	0.00861	0.00615	0.00308	0.00308	0.00062	0.00308	0.00246	0.00246	0.87941
2	0.00604	0.00403	0.00453	0.00453	0.00453	0.00403	0.00252	0.00604	0.00604	0.00805	0.01309	0.02718	0.01510	0.85402	0.02114	0.00403	0.00403	0.00604	0.00252	0.00252
3	0.00960	0.40439	0.46074	0.00967	0.01462	0.01276	0.01157	0.01283	0.00862	0.01160	0.00668	0.00780	0.00529	0.00377	0.00336	0.00112	0.00536	0.00268	0.00176	0.00577
4	0.00833	0.02149	0.83250	0.01184	0.01798	0.00965	0.01535	0.01315	0.00877	0.01315	0.00745	0.00877	0.00526	0.00395	0.00395	0.00132	0.00614	0.00307	0.00175	0.00614
5	0.01076	0.75333	0.12196	0.00769	0.01157	0.01560	0.00813	0.01253	0.00848	0.01019	0.00598	0.00692	0.00532	0.00360	0.00282	0.00094	0.00465	0.00233	0.00177	0.00543
6	0.00960	0.34147	0.40967	0.00947	0.01416	0.01216	0.01093	0.01360	0.08422	0.01226	0.00768	0.00858	0.00602	0.00392	0.00344	0.00113	0.00509	0.00287	0.00202	0.04172
7	0.00985	0.00886	0.01458	0.22616	0.49921	0.00947	0.01146	0.01261	0.04214	0.05023	0.00885	0.03721	0.00735	0.00440	0.00456	0.00132	0.03952	0.00401	0.00228	0.00593

[dist]
# distance from previous block
# <min> <max>
0	10

[block]
# block no. 4 follows, 64 sequences, length 23
# corresponding to MSA columns:
# 868-890
name=unknown_E
#
# <colnr> <probs for GDERKNQSTAVLIFYWHMCP>
#	G	D	E	R	K	N	Q	S	T	A	V	L	I	F	Y	W	H	M	C	P
0	0.01189	0.60891	0.04560	0.00855	0.01192	0.19024	0.04889	0.01339	0.00923	0.01014	0.00610	0.00714	0.00538	0.00372	0.00305	0.00097	0.00527	0.00248	0.00187	0.00526
1	0.01013	0.06778	0.01229	0.02176	0.13725	0.03458	0.06115	0.05276	0.04413	0.04361	0.00824	0.00947	0.00661	0.00357	0.00351	0.00090	0.00400	0.00305	0.00257	0.47264
2	0.04468	0.08931	0.03167	0.03751	0.13854	0.02233	0.00841	0.40187	0.07253	0.05416	0.00955	0.01008	0.00712	0.00451	0.00389	0.00120	0.00446	0.00353	0.00336	0.05130
3	0.00696	0.00541	0.00631	0.00581	0.00722	0.00539	0.00443	0.05125	0.14828	0.01629	0.50682	0.02893	0.17438	0.00819	0.00475	0.00134	0.00234	0.00707	0.00436	0.00445
4	0.00706	0.00367	0.00537	0.00537	0.00539	0.00370	0.00355	0.00554	0.00551	0.00737	0.00790	0.01413	0.00807	0.09494	0.04300	0.76785	0.00389	0.00387	0.00189	0.00193
5	0.00604	0.00404	0.00460	0.00460	0.00462	0.00406	0.00260	0.00609	0.00606	0.00811	0.01302	0.02683	0.01495	0.82722	0.04773	0.00411	0.00426	0.00599	0.00251	0.00256
6	0.00511	0.00364	0.00480	0.00572	0.00595	0.00341	0.00378	0.00580	0.00785	0.01047	0.02237	0.80768	0.02682	0.05754	0.00614	0.00181	0.00250	0.01150	0.00378	0.00333
7	0.01111	0.85652	0.02177	0.00711	0.01066	0.01644	0.00711	0.01244	0.00844	0.00977	0.00577	0.00666	0.00533	0.00355	0.00267	0.00089	0.00444	0.00222	0.00178	0.00533
8	0.00874	0.00854	0.01194	0.01045	0.01053	0.01174	0.00869	0.00972	0.00666	0.01020	0.00741	0.04750	0.00774	0.00782	0.01270	0.00182	0.74872	0.06258	0.00205	0.00444
9	0.01316	0.46863	0.01717	0.00871	0.01167	0.35575	0.00753	0.05387	0.01037	0.01075	0.00625	0.00717	0.00542	0.00393	0.00319	0.00098	0.00571	0.00248	0.00204	0.00520
10	0.00595	0.00438	0.00634	0.00634	0.00697	0.00501	0.00477	0.00720	0.00658	0.00939	0.01143	0.01802	0.01112	0.16006	0.70967	0.00626	0.01001	0.00470	0.00227	0.00352
11	0.00578	0.00454	0.00593	0.00610	0.00667	0.00469	0.00448	0.00693	0.00900	0.01227	0.23760	0.41182	0.12689	0.01077	0.00615	0.00157	0.10321	0.02811	0.00380	0.00369
12	0.00870	0.05120	0.77352	0.01159	0.01753	0.01001	0.01478	0.04223	0.00915	0.01351	0.00749	0.00874	0.00533	0.00397	0.00391	0.00130	0.00602	0.00306	0.00184	0.00614
13	0.06952	0.01443	0.04637	0.00976	0.01263	0.33392	0.02956	0.31323	0.01410	0.08008	0.00890	0.02134	0.00673	0.00468	0.00391	0.00119	0.00561	0.00339	0.01478	0.00585
14	0.00669	0.00478	0.00669	0.00765	0.00861	0.00478	0.00669	0.00861	0.00956	0.01243	0.02199	0.04685	0.02391	0.01147	0.00574	0.00191	0.00382	0.80015	0.00382	0.00382
15	0.08575	0.00752	0.00786	0.03094	0.01947	0.12097	0.00565	0.03621	0.00839	0.09582	0.01070	0.01581	0.00972	0.12584	0.30423	0.05528	0.02002	0.03298	0.00266	0.00420
16	0.26341	0.12735	0.16977	0.05290	0.03466	0.01050	0.00832	0.11631	0.03129	0.12166	0.00844	0.00909	0.00618	0.00426	0.00363	0.00125	0.01941	0.00305	0.00282	0.00571
17	0.00669	0.00478	0.00669	0.00765	0.00861	0.00478	0.00669	0.00861	0.00956	0.01243	0.02199	0.04685	0.02391	0.01147	0.00574	0.00191	0.00382	0.80015	0.00382	0.00382
18	0.00610	0.00402	0.00451	0.00451	0.00454	0.00402	0.00253	0.00617	0.00613	0.00831	0.01310	0.02677	0.01495	0.82431	0.02050	0.00392	0.00395	0.00596	0.03312	0.00256
19	0.00974	0.00931	0.01573	0.14618	0.64885	0.00977	0.01219	0.01216	0.00907	0.01286	0.00773	0.01051	0.00648	0.00469	0.02767	0.00143	0.04377	0.00372	0.00202	0.00611
20	0.01001	0.00960	0.01638	0.11483	0.74086	0.00980	0.01262	0.01251	0.00933	0.01325	0.00777	0.01037	0.00647	0.00375	0.00412	0.00125	0.00500	0.00370	0.00203	0.00637
21	0.00563	0.00424	0.00521	0.00497	0.00605	0.00381	0.00373	0.00736	0.01118	0.01527	0.62655	0.03330	0.23942	0.00901	0.00490	0.00133	0.00200	0.00783	0.00439	0.00381
22	0.01549	0.01787	0.01152	0.01028	0.01257	0.69013	0.00780	0.05804	0.05500	0.07176	0.00789	0.00853	0.00619	0.00445	0.00382	0.00111	0.00683	0.00295	0.00257	0.00519

[dist]
# distance from previous block
# <min> <max>
0	6

[block]
# block no. 5 follows, 64 sequences, length 31
# corresponding to MSA columns:
# 897-927
name=unknown_F
#
# <colnr> <probs for GDERKNQSTAVLIFYWHMCP>
#	G	D	E	R	K	N	Q	S	T	A	V	L	I	F	Y	W	H	M	C	P
0	0.01853	0.00723	0.00974	0.00747	0.01069	0.00635	0.00617	0.04877	0.01216	0.80207	0.01616	0.01399	0.01017	0.00514	0.00418	0.00128	0.00357	0.00416	0.00511	0.00707
1	0.00893	0.00837	0.01395	0.53873	0.29927	0.00957	0.01183	0.03798	0.00907	0.01213	0.00761	0.01077	0.00594	0.00403	0.00414	0.00133	0.00530	0.00370	0.00199	0.00536
2	0.00833	0.02149	0.83250	0.01184	0.01798	0.00965	0.01535	0.01315	0.00877	0.01315	0.00745	0.00877	0.00526	0.00395	0.00395	0.00132	0.00614	0.00307	0.00175	0.00614
3	0.00916	0.00879	0.01455	0.34104	0.39901	0.01004	0.01175	0.01152	0.00856	0.01190	0.00730	0.01042	0.00601	0.00440	0.00551	0.00138	0.12752	0.00369	0.00194	0.00552
4	0.00547	0.00427	0.00504	0.00511	0.00623	0.00375	0.00379	0.00676	0.00967	0.01265	0.23501	0.22169	0.35897	0.01027	0.00496	0.00143	0.00228	0.05341	0.00397	0.04527
5	0.00550	0.00423	0.00502	0.00483	0.00597	0.00376	0.00362	0.00710	0.01086	0.01452	0.51766	0.03455	0.34878	0.00929	0.00490	0.00134	0.00202	0.00801	0.00429	0.00376
6	0.88336	0.00803	0.00611	0.00546	0.00803	0.00932	0.00450	0.01221	0.00707	0.01864	0.00578	0.00675	0.00450	0.00386	0.00257	0.00129	0.00321	0.00225	0.00257	0.00450
7	0.00716	0.00363	0.00537	0.00537	0.00537	0.00363	0.00356	0.00544	0.00544	0.00725	0.00749	0.01332	0.00759	0.05438	0.01647	0.83751	0.00363	0.00372	0.00184	0.00184
8	0.00593	0.00445	0.00668	0.00668	0.00742	0.00519	0.00519	0.00742	0.00668	0.00964	0.01113	0.01632	0.01038	0.03115	0.83756	0.00668	0.01113	0.00445	0.00223	0.00371
9	0.01049	0.00962	0.01267	0.01062	0.01132	0.01276	0.00884	0.17829	0.00912	0.01338	0.00640	0.00927	0.00579	0.00679	0.01165	0.00170	0.67026	0.00366	0.00231	0.00507
10	0.01125	0.00938	0.00991	0.00864	0.01115	0.01076	0.00680	0.15572	0.68546	0.01886	0.01574	0.01457	0.01173	0.00553	0.00421	0.00138	0.00350	0.00453	0.00421	0.00666
11	0.88336	0.00803	0.00611	0.00546	0.00803	0.00932	0.00450	0.01221	0.00707	0.01864	0.00578	0.00675	0.00450	0.00386	0.00257	0.00129	0.00321	0.00225	0.00257	0.00450
12	0.00861	0.00738	0.00861	0.00615	0.00984	0.00554	0.00492	0.01046	0.00861	0.01354	0.00738	0.00861	0.00615	0.00308	0.00308	0.00062	0.00308	0.00246	0.00246	0.87941
13	0.01003	0.00976	0.01708	0.09707	0.69325	0.00986	0.07648	0.01260	0.00938	0.01329	0.00782	0.01042	0.00647	0.00372	0.00418	0.00126	0.00515	0.00380	0.00204	0.00633
14	0.00505	0.00366	0.00478	0.00567	0.00599	0.00338	0.00380	0.00580	0.00806	0.01065	0.02429	0.79231	0.08557	0.01283	0.00527	0.00167	0.00239	0.01159	0.00386	0.00338
15	0.00825	0.00767	0.01201	0.45311	0.03625	0.00981	0.02615	0.01033	0.00772	0.01087	0.00741	0.01096	0.00611	0.00614	0.03701	0.00168	0.27109	0.00374	0.06912	0.00456
16	0.01165	0.01126	0.16558	0.06366	0.09892	0.00877	0.14067	0.10131	0.02720	0.17716	0.02175	0.01110	0.00755	0.00419	0.00409	0.00121	0.00487	0.00377	0.00297	0.13231
17	0.01570	0.01616	0.01183	0.01009	0.01268	0.50244	0.00784	0.27750	0.02920	0.06523	0.00838	0.00885	0.00634	0.00459	0.00391	0.00115	0.00622	0.00315	0.00302	0.00572
18	0.01111	0.85652	0.02177	0.00711	0.01066	0.01644	0.00711	0.01244	0.00844	0.00977	0.00577	0.00666	0.00533	0.00355	0.00267	0.00089	0.00444	0.00222	0.00178	0.00533
19	0.00532	0.00414	0.00529	0.00564	0.00648	0.00374	0.02299	0.00640	0.00892	0.01147	0.08745	0.42929	0.29936	0.01148	0.00517	0.00157	0.00250	0.07538	0.00386	0.00355
20	0.06432	0.16038	0.23663	0.02453	0.08777	0.02682	0.00937	0.04505	0.02524	0.20887	0.04784	0.01154	0.02498	0.00456	0.00379	0.00122	0.00456	0.00357	0.00296	0.00600
21	0.00508	0.00421	0.00445	0.00439	0.00572	0.00358	0.00329	0.00629	0.00987	0.01218	0.18077	0.03839	0.68713	0.01016	0.00491	0.00139	0.00208	0.00854	0.00398	0.00358
22	0.01366	0.01660	0.01190	0.01065	0.01226	0.59131	0.00822	0.01520	0.04890	0.01047	0.00668	0.00827	0.00572	0.00509	0.00625	0.00127	0.21757	0.00301	0.00216	0.00483
23	0.04455	0.06184	0.62554	0.03215	0.01661	0.03722	0.01325	0.03337	0.00928	0.07728	0.00803	0.00905	0.00568	0.00406	0.00385	0.00128	0.00572	0.00310	0.00213	0.00604
24	0.00538	0.00409	0.00581	0.00622	0.00680	0.00380	0.04204	0.00639	0.00851	0.01136	0.09776	0.67155	0.07581	0.01197	0.00523	0.00163	0.00259	0.02567	0.00384	0.00355
25	0.00578	0.00415	0.00489	0.00511	0.00565	0.00395	0.00352	0.00652	0.00794	0.01031	0.08508	0.12079	0.19129	0.39566	0.01248	0.00270	0.00326	0.12451	0.00330	0.00312
26	0.01009	0.00985	0.01503	0.25797	0.42331	0.07275	0.04888	0.01274	0.02995	0.03094	0.00793	0.01051	0.00636	0.00410	0.00455	0.00130	0.04215	0.00371	0.00212	0.00576
27	0.09309	0.06394	0.01334	0.50699	0.13176	0.03039	0.03082	0.05955	0.00915	0.01272	0.00734	0.01011	0.00567	0.00406	0.00391	0.00131	0.00519	0.00347	0.00209	0.00509
28	0.00596	0.00435	0.00615	0.00615	0.00671	0.00491	0.00454	0.00708	0.00652	0.00926	0.01160	0.01896	0.01153	0.23154	0.63875	0.00603	0.00940	0.00484	0.00230	0.00342
29	0.00825	0.00575	0.00578	0.00544	0.00681	0.04260	0.00414	0.01202	0.16985	0.03200	0.17188	0.01991	0.07726	0.00610	0.00376	0.00116	0.00250	0.00505	0.41524	0.00449
30	0.00997	0.04425	0.02392	0.00689	0.01041	0.00705	0.01835	0.08810	0.04856	0.05548	0.00869	0.00954	0.00686	0.00358	0.00331	0.00079	0.00339	0.00286	0.03234	0.61567

[dist]
# distance from previous block
# <min> <max>
1	3

[block]
# block no. 6 follows, 64 sequences, length 12
# corresponding to MSA columns:
# 932-943
name=unknown_G
#
# <colnr> <probs for GDERKNQSTAVLIFYWHMCP>
#	G	D	E	R	K	N	Q	S	T	A	V	L	I	F	Y	W	H	M	C	P
0	0.01173	0.00865	0.00989	0.00731	0.01084	0.00783	0.00594	0.25705	0.01225	0.09296	0.00901	0.00954	0.00681	0.00385	0.00351	0.00087	0.00358	0.00301	0.00323	0.53214
1	0.00585	0.00430	0.00550	0.00545	0.00634	0.00405	0.00399	0.00791	0.04459	0.01516	0.58787	0.21047	0.06394	0.00944	0.00496	0.00140	0.00212	0.00838	0.00438	0.00390
2	0.00544	0.00390	0.00532	0.00621	0.00662	0.00378	0.00450	0.00645	0.00817	0.01088	0.02186	0.63503	0.02553	0.01405	0.06656	0.00210	0.00332	0.16307	0.00373	0.00349
3	0.00622	0.00427	0.00557	0.00528	0.00627	0.00394	0.00395	0.00809	0.01145	0.03783	0.73480	0.07934	0.03697	0.00858	0.00485	0.00132	0.00203	0.00758	0.02768	0.00397
4	0.00502	0.00421	0.00437	0.00433	0.00568	0.00356	0.00325	0.00618	0.00974	0.01186	0.13447	0.03892	0.73363	0.01028	0.00491	0.00139	0.00209	0.00862	0.00394	0.00356
5	0.00572	0.00437	0.00482	0.00468	0.00593	0.00394	0.00352	0.00757	0.04121	0.01369	0.30090	0.03366	0.45238	0.00910	0.00468	0.00133	0.00208	0.00772	0.08889	0.00380
6	0.03060	0.62602	0.07121	0.00886	0.01254	0.07223	0.10455	0.01287	0.00883	0.01063	0.00624	0.00740	0.00543	0.00363	0.00309	0.00100	0.00504	0.00263	0.00186	0.00536
7	0.01023	0.00538	0.00710	0.00600	0.00789	0.00474	0.00470	0.01206	0.01158	0.28186	0.50514	0.02396	0.02747	0.00702	0.00454	0.00125	0.00255	0.00607	0.00461	0.06583
8	0.00940	0.07250	0.07700	0.20663	0.29958	0.01031	0.18271	0.01217	0.00902	0.01235	0.00793	0.01118	0.00650	0.00412	0.00461	0.00133	0.04065	0.02436	0.00201	0.00564
9	0.00928	0.00784	0.01056	0.03686	0.01187	0.00643	0.09311	0.01173	0.04161	0.05407	0.00832	0.00953	0.00661	0.00337	0.00341	0.00079	0.00362	0.00294	0.00260	0.67543
10	0.01053	0.05205	0.02798	0.10276	0.53793	0.03019	0.04285	0.07858	0.03706	0.01410	0.00838	0.02391	0.00694	0.00407	0.00409	0.00125	0.00500	0.00381	0.00229	0.00622
11	0.07981	0.33874	0.29278	0.05048	0.01418	0.02651	0.02923	0.03407	0.03592	0.05233	0.00749	0.00847	0.00580	0.00393	0.00340	0.00115	0.00501	0.00287	0.00216	0.00567

[dist]
# distance from previous block
# <min> <max>
1	5

[block]
# block no. 7 follows, 64 sequences, length 14
# corresponding to MSA columns:
# 950-963
name=unknown_H
#
# <colnr> <probs for GDERKNQSTAVLIFYWHMCP>
#	G	D	E	R	K	N	Q	S	T	A	V	L	I	F	Y	W	H	M	C	P
0	0.80577	0.00810	0.00670	0.02751	0.03307	0.00937	0.00499	0.01252	0.03447	0.01824	0.00626	0.00726	0.00486	0.00392	0.00271	0.00129	0.00333	0.00241	0.00259	0.00463
1	0.00582	0.00434	0.00526	0.00561	0.00640	0.00408	0.00397	0.05833	0.00949	0.01247	0.12155	0.51681	0.20765	0.01140	0.00509	0.00155	0.00243	0.01009	0.00396	0.00371
2	0.00844	0.00718	0.00842	0.00609	0.00961	0.00543	0.00486	0.01029	0.00882	0.01374	0.06030	0.01006	0.00829	0.00343	0.00319	0.00066	0.00300	0.00279	0.00260	0.82281
3	0.01003	0.00851	0.00904	0.00813	0.01032	0.00976	0.00628	0.03986	0.72029	0.01712	0.05923	0.01673	0.01405	0.04550	0.00505	0.00152	0.00328	0.00488	0.00416	0.00626
4	0.00993	0.35619	0.33378	0.01084	0.08243	0.03384	0.01087	0.01317	0.04667	0.01178	0.00712	0.00835	0.00576	0.00403	0.00396	0.00116	0.04957	0.00288	0.00192	0.00575
5	0.01864	0.00707	0.00964	0.00739	0.01060	0.00611	0.00611	0.02024	0.01189	0.83099	0.01639	0.01414	0.01028	0.00514	0.00418	0.00129	0.00353	0.00418	0.00514	0.00707
6	0.00594	0.00443	0.00657	0.00657	0.00728	0.00514	0.00507	0.00735	0.00665	0.00957	0.01122	0.01683	0.01061	0.07012	0.79890	0.00655	0.01079	0.00453	0.00224	0.00365
7	0.00606	0.00549	0.04964	0.01801	0.00744	0.00483	0.03163	0.00739	0.00836	0.01119	0.15612	0.02764	0.21138	0.24009	0.15518	0.00303	0.01677	0.03304	0.00310	0.00360
8	0.01708	0.03203	0.06636	0.00818	0.01163	0.00818	0.00717	0.20172	0.01334	0.56877	0.01402	0.01262	0.00907	0.00498	0.00412	0.00127	0.00397	0.00395	0.00459	0.00696
9	0.00563	0.00419	0.00524	0.00507	0.00608	0.00380	0.00377	0.00733	0.01104	0.01518	0.61759	0.09229	0.18902	0.00921	0.00493	0.00135	0.00202	0.00806	0.00438	0.00380
10	0.00889	0.16502	0.64661	0.01134	0.01693	0.01087	0.05931	0.01304	0.00877	0.01258	0.00722	0.00854	0.00533	0.00385	0.00378	0.00125	0.00590	0.00303	0.00178	0.00597
11	0.00849	0.04966	0.76987	0.01192	0.01789	0.00992	0.04946	0.01314	0.00880	0.01305	0.00744	0.00880	0.00531	0.00391	0.00394	0.00130	0.00612	0.00312	0.00177	0.00609
12	0.00593	0.06611	0.00627	0.00502	0.00633	0.00469	0.00389	0.00753	0.01074	0.01431	0.49935	0.03231	0.30492	0.00882	0.00474	0.00131	0.00219	0.00756	0.00413	0.00388
13	0.00990	0.00940	0.01424	0.09927	0.32113	0.01131	0.01063	0.06949	0.00868	0.01258	0.00686	0.00980	0.00600	0.00545	0.00841	0.00151	0.38409	0.00367	0.00208	0.00550

[dist]
# distance from previous block
# <min> <max>
0	4

[block]
# block no. 8 follows, 64 sequences, length 7
# corresponding to MSA columns:
# 968-974
name=unknown_I
#
# <colnr> <probs for GDERKNQSTAVLIFYWHMCP>
#	G	D	E	R	K	N	Q	S	T	A	V	L	I	F	Y	W	H	M	C	P
0	0.17515	0.39360	0.23040	0.00829	0.01220	0.05532	0.00880	0.01326	0.04737	0.01272	0.00678	0.00770	0.00551	0.00385	0.00311	0.00111	0.00476	0.00259	0.00206	0.00542
1	0.01275	0.55245	0.01828	0.00819	0.01146	0.15768	0.00741	0.16445	0.01111	0.01294	0.00668	0.00743	0.00566	0.00395	0.00313	0.00099	0.00499	0.00259	0.00229	0.00557
2	0.57071	0.00768	0.00738	0.00616	0.00896	0.00816	0.00508	0.01511	0.00881	0.31236	0.00962	0.00942	0.00659	0.00432	0.00315	0.00129	0.00333	0.00295	0.00350	0.00543
3	0.01097	0.00911	0.00979	0.00821	0.01099	0.00988	0.00650	0.15923	0.52648	0.01820	0.01389	0.01323	0.01046	0.00504	0.00400	0.00123	0.00347	0.00411	0.00388	0.17136
4	0.17538	0.00960	0.07377	0.00994	0.05488	0.00832	0.15503	0.03695	0.06864	0.10447	0.00905	0.00998	0.00678	0.00387	0.00367	0.00112	0.00426	0.00337	0.00281	0.25810
5	0.01131	0.00944	0.01412	0.01394	0.20243	0.00969	0.16011	0.05846	0.30986	0.10377	0.01230	0.01270	0.00918	0.00457	0.00426	0.00130	0.00445	0.00429	0.00333	0.05048
6	0.01235	0.01029	0.07715	0.03146	0.01248	0.00953	0.03599	0.36848	0.05845	0.07911	0.03343	0.01248	0.04946	0.00488	0.00400	0.00116	0.00414	0.00393	0.02009	0.17112

[dist]
# distance from previous block
# <min> <max>
0	1

[block]
# block no. 9 follows, 64 sequences, length 25
# corresponding to MSA columns:
# 976-1000
name=unknown_J
#
# <colnr> <probs for GDERKNQSTAVLIFYWHMCP>
#	G	D	E	R	K	N	Q	S	T	A	V	L	I	F	Y	W	H	M	C	P
0	0.00998	0.00977	0.01566	0.20559	0.61493	0.04690	0.01227	0.01245	0.00931	0.01276	0.00766	0.01033	0.00629	0.00383	0.00410	0.00126	0.00518	0.00365	0.00201	0.00607
1	0.00922	0.00770	0.00833	0.00751	0.00954	0.00858	0.00582	0.05103	0.55689	0.01714	0.18881	0.02034	0.07811	0.00657	0.00442	0.00138	0.00297	0.00555	0.00427	0.00581
2	0.00604	0.00403	0.00453	0.00453	0.00453	0.00403	0.00252	0.00604	0.00604	0.00805	0.01309	0.02718	0.01510	0.85402	0.02114	0.00403	0.00403	0.00604	0.00252	0.00252
3	0.00787	0.04827	0.35294	0.00897	0.02798	0.05761	0.00940	0.01111	0.02809	0.01396	0.28745	0.05306	0.03426	0.00631	0.00435	0.00132	0.00433	0.03468	0.00300	0.00504
4	0.01000	0.01008	0.01263	0.01081	0.01118	0.07705	0.00893	0.05925	0.00758	0.01099	0.00580	0.00902	0.00554	0.00690	0.01229	0.00172	0.72997	0.00357	0.00198	0.00472
5	0.00623	0.00477	0.00579	0.00569	0.00675	0.00466	0.00420	0.00920	0.12527	0.01485	0.45159	0.20869	0.11782	0.00929	0.00489	0.00141	0.00226	0.00819	0.00429	0.00413
6	0.00950	0.00769	0.00906	0.04163	0.01088	0.00648	0.00553	0.04648	0.08434	0.05156	0.00879	0.00966	0.00696	0.00353	0.00332	0.00078	0.00328	0.00285	0.00279	0.68488
7	0.01474	0.01148	0.01174	0.00931	0.01236	0.05815	0.00758	0.62807	0.14243	0.02367	0.01093	0.01082	0.00792	0.00504	0.00411	0.00126	0.00447	0.00383	0.02530	0.00679
8	0.00923	0.03673	0.52723	0.01015	0.01489	0.00939	0.01183	0.11860	0.06053	0.02865	0.02576	0.02897	0.08980	0.00511	0.00410	0.00132	0.00512	0.00407	0.00258	0.00593
9	0.00514	0.00424	0.00452	0.00452	0.00583	0.00363	0.00343	0.00637	0.00982	0.01211	0.16129	0.03891	0.67020	0.01025	0.00494	0.00141	0.00216	0.04369	0.00397	0.00358
10	0.47333	0.06395	0.24829	0.00765	0.01139	0.00947	0.00801	0.01344	0.00821	0.11183	0.00751	0.00820	0.00545	0.00401	0.00317	0.00127	0.00418	0.00271	0.00259	0.00533
11	0.01810	0.00732	0.01054	0.00800	0.01128	0.00637	0.05501	0.01982	0.01176	0.78143	0.01590	0.01396	0.01004	0.00504	0.00422	0.00129	0.00374	0.00422	0.00496	0.00698
12	0.00846	0.01764	0.59856	0.01102	0.01568	0.00973	0.01300	0.01337	0.09886	0.01311	0.00913	0.05644	0.00735	0.00503	0.00519	0.00141	0.10423	0.00380	0.00215	0.00585
13	0.00847	0.06388	0.79134	0.01160	0.01761	0.00999	0.01493	0.01312	0.00875	0.01298	0.00737	0.00866	0.00527	0.00393	0.00388	0.00129	0.00605	0.00303	0.00176	0.00610
14	0.01675	0.00693	0.00925	0.00719	0.01016	0.00611	0.00589	0.05085	0.01210	0.68040	0.11089	0.01580	0.01343	0.00547	0.00423	0.00127	0.00338	0.00450	0.00496	0.03045
15	0.00833	0.02149	0.83250	0.01184	0.01798	0.00965	0.01535	0.01315	0.00877	0.01315	0.00745	0.00877	0.00526	0.00395	0.00395	0.00132	0.00614	0.00307	0.00175	0.00614
16	0.00833	0.02149	0.83250	0.01184	0.01798	0.00965	0.01535	0.01315	0.00877	0.01315	0.00745	0.00877	0.00526	0.00395	0.00395	0.00132	0.00614	0.00307	0.00175	0.00614
17	0.00537	0.00423	0.00485	0.00470	0.00590	0.00370	0.00352	0.00686	0.01057	0.01383	0.41822	0.03568	0.44866	0.00955	0.00490	0.00136	0.00203	0.00816	0.00420	0.00370
18	0.88336	0.00803	0.00611	0.00546	0.00803	0.00932	0.00450	0.01221	0.00707	0.01864	0.00578	0.00675	0.00450	0.00386	0.00257	0.00129	0.00321	0.00225	0.00257	0.00450
19	0.00613	0.00451	0.00577	0.00541	0.00646	0.00428	0.00407	0.00863	0.05677	0.01670	0.78090	0.03016	0.03772	0.00833	0.00486	0.00131	0.00203	0.00736	0.00455	0.00407
20	0.00833	0.02149	0.83250	0.01184	0.01798	0.00965	0.01535	0.01315	0.00877	0.01315	0.00745	0.00877	0.00526	0.00395	0.00395	0.00132	0.00614	0.00307	0.00175	0.00614
21	0.00909	0.00909	0.01272	0.01091	0.01091	0.01272	0.00909	0.01000	0.00636	0.01000	0.00545	0.00909	0.00545	0.00727	0.01363	0.00182	0.84642	0.00364	0.00182	0.00454
22	0.00506	0.00361	0.00482	0.00578	0.00602	0.00337	0.00386	0.00578	0.00795	0.01060	0.02289	0.85131	0.02747	0.01301	0.00530	0.00169	0.00241	0.01181	0.00386	0.00337
23	0.00506	0.00361	0.00482	0.00578	0.00602	0.00337	0.00386	0.00578	0.00795	0.01060	0.02289	0.85131	0.02747	0.01301	0.00530	0.00169	0.00241	0.01181	0.00386	0.00337
24	0.00784	0.00738	0.01246	0.84404	0.02861	0.00923	0.01154	0.01061	0.00831	0.01061	0.00738	0.01107	0.00554	0.00415	0.00415	0.00138	0.00554	0.00369	0.00185	0.00461

[dist]
# distance from previous block
# <min> <max>
0	1

[block]
# block no. 10 follows, 64 sequences, length 6
# corresponding to MSA columns:
# 1002-1007
name=unknown_K
#
# <colnr> <probs for GDERKNQSTAVLIFYWHMCP>
#	G	D	E	R	K	N	Q	S	T	A	V	L	I	F	Y	W	H	M	C	P
0	0.01111	0.85652	0.02177	0.00711	0.01066	0.01644	0.00711	0.01244	0.00844	0.00977	0.00577	0.00666	0.00533	0.00355	0.00267	0.00089	0.00444	0.00222	0.00178	0.00533
1	0.00546	0.00454	0.00481	0.00469	0.00608	0.00405	0.00353	0.00741	0.06534	0.01265	0.18607	0.03664	0.62446	0.00981	0.00486	0.00139	0.00216	0.00825	0.00402	0.00379
2	0.00990	0.00920	0.01505	0.31457	0.36698	0.01015	0.05788	0.09596	0.00996	0.01363	0.00779	0.01052	0.00618	0.00418	0.00469	0.00133	0.05031	0.00377	0.00219	0.00576
3	0.01235	0.62588	0.01909	0.00797	0.01126	0.15539	0.00735	0.09726	0.01017	0.01156	0.00632	0.00715	0.00552	0.00383	0.00300	0.00096	0.00497	0.00246	0.00209	0.00542
4	0.00963	0.00749	0.00967	0.00896	0.05723	0.00791	0.05730	0.11864	0.26118	0.05017	0.22678	0.06093	0.01895	0.00705	0.00512	0.04350	0.00344	0.03672	0.00393	0.00541
5	0.01341	0.00942	0.01036	0.00860	0.01140	0.01038	0.00689	0.26150	0.43909	0.15996	0.01472	0.01359	0.01057	0.00535	0.00420	0.00134	0.00372	0.00432	0.00436	0.00681

[dist]
# distance from previous block
# <min> <max>
0	9

[block]
# block no. 11 follows, 64 sequences, length 59
# corresponding to MSA columns:
# 1017-1075
name=unknown_L
#
# <colnr> <probs for GDERKNQSTAVLIFYWHMCP>
#	G	D	E	R	K	N	Q	S	T	A	V	L	I	F	Y	W	H	M	C	P
0	0.00924	0.00528	0.00672	0.00598	0.00760	0.00491	0.00461	0.01176	0.07737	0.21576	0.44738	0.08142	0.08927	0.00789	0.00469	0.00134	0.00250	0.00685	0.00458	0.00484
1	0.62539	0.00901	0.00832	0.00692	0.00972	0.01023	0.03298	0.20148	0.03221	0.02020	0.00716	0.00790	0.00539	0.00416	0.00307	0.00128	0.00366	0.00276	0.00297	0.00520
2	0.03243	0.00977	0.00996	0.00866	0.01119	0.03920	0.00682	0.16683	0.62650	0.01877	0.01501	0.01400	0.01120	0.00543	0.00416	0.00136	0.00367	0.00439	0.00410	0.00655
3	0.00506	0.00361	0.00482	0.00578	0.00602	0.00337	0.00386	0.00578	0.00795	0.01060	0.02289	0.85131	0.02747	0.01301	0.00530	0.00169	0.00241	0.01181	0.00386	0.00337
4	0.01574	0.01084	0.01187	0.00920	0.01243	0.01182	0.00757	0.65269	0.07899	0.12870	0.01132	0.01092	0.00790	0.00506	0.00416	0.00126	0.00434	0.00387	0.00429	0.00703
5	0.09096	0.00989	0.01609	0.01233	0.01551	0.02130	0.38599	0.05128	0.26944	0.01549	0.01223	0.04163	0.02857	0.00479	0.00443	0.00139	0.00509	0.00484	0.00302	0.00574
6	0.00822	0.03461	0.12819	0.61989	0.05631	0.00960	0.06289	0.01127	0.00851	0.01123	0.00743	0.01060	0.00558	0.00405	0.00413	0.00136	0.00566	0.00364	0.00185	0.00499
7	0.00532	0.00420	0.00479	0.00469	0.00587	0.00367	0.00350	0.00674	0.01037	0.01346	0.36764	0.06444	0.47103	0.00976	0.00492	0.00137	0.00205	0.00835	0.00415	0.00367
8	0.03351	0.04715	0.01047	0.06135	0.01213	0.04017	0.00703	0.10286	0.57240	0.04510	0.01441	0.01369	0.01076	0.00527	0.00408	0.00135	0.00377	0.00427	0.00387	0.00635
9	0.12761	0.06732	0.06219	0.00927	0.01214	0.31225	0.02572	0.18517	0.03128	0.08429	0.00842	0.00900	0.00634	0.00445	0.00380	0.00118	0.01569	0.00311	0.02519	0.00559
10	0.00958	0.01029	0.02101	0.03446	0.15666	0.00992	0.56867	0.01304	0.03746	0.01326	0.00928	0.01297	0.00748	0.00498	0.03490	0.00159	0.00650	0.04006	0.00224	0.00563
11	0.00588	0.00418	0.00548	0.00600	0.00650	0.00407	0.00421	0.02559	0.00879	0.03019	0.12225	0.65389	0.04489	0.01181	0.00548	0.00162	0.03145	0.02016	0.00391	0.00366
12	0.00998	0.08418	0.02207	0.03140	0.03288	0.05797	0.20713	0.02343	0.08593	0.07746	0.01288	0.10066	0.01201	0.00655	0.00546	0.00147	0.08386	0.13657	0.00297	0.00515
13	0.38852	0.00921	0.00919	0.00738	0.01036	0.01005	0.00609	0.31729	0.01271	0.17792	0.00941	0.00939	0.00658	0.00453	0.00348	0.00127	0.00379	0.00318	0.00367	0.00596
14	0.00508	0.00363	0.00484	0.00577	0.00603	0.00339	0.00386	0.00583	0.00805	0.01075	0.04279	0.83098	0.02776	0.01290	0.00529	0.00168	0.00240	0.01170	0.00387	0.00339
15	0.00957	0.00970	0.03614	0.20085	0.42145	0.00971	0.17516	0.03261	0.00947	0.01308	0.00840	0.03951	0.00700	0.00412	0.00432	0.00132	0.00542	0.00421	0.00213	0.00584
16	0.75293	0.00836	0.00687	0.00598	0.00862	0.00960	0.00491	0.08126	0.04445	0.03568	0.00685	0.00756	0.00520	0.00406	0.00281	0.00129	0.00334	0.00252	0.00283	0.00486
17	0.00557	0.00375	0.00499	0.00582	0.00616	0.00349	0.00391	0.00631	0.00806	0.04025	0.02246	0.80475	0.02661	0.02932	0.00557	0.00172	0.00248	0.01142	0.00388	0.00349
18	0.05161	0.07494	0.01503	0.06426	0.02683	0.10049	0.17785	0.01205	0.00832	0.04773	0.00746	0.03127	0.00656	0.02221	0.00813	0.00153	0.33272	0.00391	0.00216	0.00493
19	0.08375	0.00837	0.02763	0.04930	0.01194	0.00828	0.05249	0.22518	0.01253	0.30059	0.03144	0.12360	0.01147	0.00607	0.00438	0.00136	0.01422	0.01739	0.00403	0.00600
20	0.00884	0.00937	0.04576	0.40438	0.14744	0.01000	0.20582	0.01162	0.00867	0.01175	0.00750	0.01070	0.00586	0.00423	0.00527	0.00141	0.09028	0.00396	0.00193	0.00520
21	0.00513	0.00373	0.00486	0.00572	0.00610	0.00345	0.00392	0.00595	0.00821	0.01082	0.03546	0.73286	0.09887	0.01266	0.00528	0.00167	0.00244	0.04559	0.00386	0.00341
22	0.10476	0.03985	0.10496	0.21323	0.05853	0.00884	0.07859	0.03346	0.03767	0.05950	0.03032	0.11160	0.00967	0.00628	0.02606	0.01224	0.05213	0.00466	0.00260	0.00504
23	0.04186	0.36340	0.35166	0.00963	0.01402	0.06500	0.02950	0.03440	0.00900	0.01203	0.00667	0.00785	0.00535	0.00392	0.00368	0.00114	0.03063	0.00274	0.00189	0.00563
24	0.00503	0.00419	0.00439	0.00438	0.00569	0.00355	0.00327	0.00617	0.00968	0.01183	0.13183	0.06836	0.70662	0.01038	0.00492	0.00140	0.00210	0.00873	0.00394	0.00355
25	0.10709	0.00906	0.03558	0.28941	0.09169	0.00966	0.14510	0.08008	0.03903	0.06057	0.02810	0.01137	0.00726	0.01857	0.00490	0.00141	0.04934	0.00392	0.00253	0.00535
26	0.06395	0.10007	0.12359	0.06451	0.09600	0.09053	0.11025	0.16438	0.03645	0.05740	0.01830	0.02404	0.00720	0.00439	0.00394	0.00124	0.00516	0.00367	0.01910	0.00583
27	0.00593	0.00445	0.00668	0.00668	0.00742	0.00519	0.00519	0.00742	0.00668	0.00964	0.01113	0.01632	0.01038	0.03115	0.83756	0.00668	0.01113	0.00445	0.00223	0.00371
28	0.00506	0.00361	0.00482	0.00578	0.00602	0.00337	0.00386	0.00578	0.00795	0.01060	0.02289	0.85131	0.02747	0.01301	0.00530	0.00169	0.00241	0.01181	0.00386	0.00337
29	0.00967	0.22172	0.25273	0.04112	0.01552	0.02322	0.18870	0.01249	0.00893	0.04830	0.01954	0.06017	0.01722	0.00470	0.00457	0.00128	0.05843	0.00402	0.00219	0.00546
30	0.02780	0.06334	0.09686	0.05127	0.33005	0.01714	0.13467	0.01259	0.00937	0.08797	0.01983	0.11111	0.00945	0.00501	0.00425	0.00131	0.00489	0.00475	0.00255	0.00579
31	0.00584	0.00424	0.00550	0.00518	0.00618	0.00390	0.00389	0.00776	0.01166	0.01643	0.79337	0.03140	0.07188	0.00858	0.00490	0.00131	0.00197	0.00756	0.00454	0.00390
32	0.07248	0.00579	0.00713	0.03486	0.00863	0.00571	0.00505	0.06518	0.01040	0.21092	0.15136	0.19113	0.13425	0.00887	0.03337	0.00158	0.02408	0.00675	0.01765	0.00479
33	0.03004	0.20724	0.12588	0.03203	0.01369	0.06848	0.08370	0.21172	0.05981	0.08376	0.00951	0.02737	0.00741	0.00460	0.00385	0.00121	0.00496	0.01583	0.00293	0.00598
34	0.73562	0.03018	0.02646	0.00737	0.07155	0.00962	0.00560	0.02374	0.00755	0.02744	0.00616	0.00724	0.00482	0.00393	0.00296	0.00128	0.01872	0.00245	0.00253	0.00478
35	0.01058	0.03636	0.05929	0.05691	0.48821	0.07278	0.10215	0.03351	0.07406	0.01363	0.00845	0.01043	0.00680	0.00394	0.00413	0.00126	0.00530	0.00376	0.00226	0.00620
36	0.00523	0.00373	0.00501	0.00598	0.00629	0.00352	0.00415	0.00607	0.00812	0.01079	0.02280	0.76844	0.02711	0.01285	0.00535	0.00171	0.00256	0.09302	0.00385	0.00342
37	0.00861	0.00738	0.00861	0.00615	0.00984	0.00554	0.00492	0.01046	0.00861	0.01354	0.00738	0.00861	0.00615	0.00308	0.00308	0.00062	0.00308	0.00246	0.00246	0.87941
38	0.00554	0.00429	0.00511	0.00527	0.00629	0.00390	0.00389	0.00714	0.03350	0.01285	0.25061	0.25102	0.31287	0.01041	0.00501	0.00147	0.00230	0.05621	0.00404	0.01829
39	0.01482	0.01864	0.01187	0.01072	0.01263	0.74845	0.00814	0.01588	0.01119	0.01015	0.00632	0.00766	0.00536	0.00460	0.00481	0.00115	0.09793	0.00278	0.00211	0.00479
40	0.00913	0.00922	0.01347	0.01132	0.01159	0.01258	0.05996	0.01021	0.00658	0.01021	0.00564	0.00922	0.00551	0.00703	0.01308	0.00179	0.79330	0.00372	0.00184	0.00461
41	0.01112	0.07378	0.13122	0.03340	0.01632	0.00995	0.31582	0.03494	0.11325	0.14198	0.02660	0.01178	0.00815	0.00434	0.00456	0.00132	0.02786	0.00421	0.00287	0.02654
42	0.00523	0.00438	0.00457	0.00449	0.00587	0.00381	0.00338	0.00678	0.03912	0.01213	0.14036	0.03796	0.69735	0.01009	0.00488	0.00139	0.00213	0.00846	0.00396	0.00367
43	0.00514	0.00399	0.00470	0.00509	0.00596	0.00355	0.00366	0.00619	0.00909	0.01157	0.11324	0.36917	0.38824	0.01137	0.00510	0.00153	0.00228	0.04267	0.00393	0.00351
44	0.16196	0.00600	0.00731	0.00690	0.00812	0.03088	0.00546	0.00955	0.00722	0.06630	0.01004	0.01377	0.00888	0.02230	0.55790	0.00489	0.06197	0.00394	0.00245	0.00416
45	0.04952	0.02228	0.04189	0.01268	0.06199	0.14217	0.27586	0.01318	0.03869	0.06408	0.01006	0.04537	0.03160	0.00666	0.05804	0.00171	0.11212	0.00441	0.00247	0.00522
46	0.00510	0.00367	0.00484	0.00570	0.00602	0.00341	0.00383	0.00591	0.00822	0.01097	0.06866	0.77586	0.05710	0.01267	0.00526	0.00166	0.00237	0.01146	0.00390	0.00341
47	0.00980	0.01120	0.02451	0.01751	0.02171	0.01050	0.81303	0.01331	0.00980	0.01331	0.00840	0.01120	0.00630	0.00350	0.00490	0.00140	0.00700	0.00490	0.00210	0.00560
48	0.01053	0.61889	0.15208	0.00797	0.01168	0.04264	0.00829	0.03031	0.00883	0.01076	0.00725	0.06056	0.00676	0.00427	0.00311	0.00102	0.00470	0.00302	0.00197	0.00536
49	0.00586	0.00431	0.00515	0.00490	0.00610	0.00382	0.00369	0.00746	0.01089	0.03672	0.50596	0.03397	0.33766	0.00917	0.00488	0.00134	0.00206	0.00790	0.00432	0.00385
50	0.00613	0.00451	0.00485	0.00502	0.00520	0.03403	0.00304	0.00636	0.00679	0.00880	0.01601	0.20985	0.04522	0.60775	0.01644	0.00331	0.00373	0.00729	0.00285	0.00282
51	0.04461	0.01828	0.01179	0.01136	0.06418	0.71987	0.00814	0.01644	0.04748	0.01099	0.00695	0.00800	0.00573	0.00429	0.00375	0.00110	0.00700	0.00282	0.00224	0.00499
52	0.06076	0.00403	0.00517	0.00620	0.02429	0.00389	0.00409	0.00634	0.00793	0.01118	0.02148	0.77931	0.02556	0.01223	0.00510	0.00165	0.00252	0.01102	0.00373	0.00352
53	0.00506	0.00361	0.00482	0.00578	0.00602	0.00337	0.00386	0.00578	0.00795	0.01060	0.02289	0.85131	0.02747	0.01301	0.00530	0.00169	0.00241	0.01181	0.00386	0.00337
