[name]
unknown

[dist]
# distance from previous block
# <min> <max>
0	349

[block]
# block no. 0 follows, 59 sequences, length 12
# corresponding to MSA columns:
# 355-366
name=unknown_A
#
# <colnr> <probs for GDERKNQSTAVLIFYWHMCP>
#	G	D	E	R	K	N	Q	S	T	A	V	L	I	F	Y	W	H	M	C	P
0	0.23045	0.15158	0.02587	0.02372	0.03939	0.10203	0.01847	0.10711	0.02289	0.05175	0.02178	0.02368	0.00813	0.00500	0.00398	0.00126	0.02782	0.04448	0.00292	0.08770
1	0.02327	0.10276	0.05402	0.07602	0.06433	0.02238	0.11752	0.03531	0.14402	0.03150	0.11268	0.07928	0.01394	0.00596	0.00488	0.00139	0.04141	0.00519	0.02929	0.03485
2	0.00753	0.00493	0.00618	0.03069	0.00757	0.00466	0.00441	0.02307	0.01021	0.09390	0.24210	0.14995	0.20348	0.12889	0.06048	0.00225	0.00346	0.00798	0.00408	0.00418
3	0.00625	0.00465	0.00606	0.00581	0.00674	0.00449	0.00434	0.00808	0.01148	0.01612	0.63009	0.09303	0.08095	0.02827	0.04358	0.00177	0.03163	0.00808	0.00450	0.00408
4	0.02764	0.00426	0.00543	0.00615	0.00672	0.00404	0.00438	0.00696	0.00907	0.01231	0.10668	0.53785	0.08218	0.05713	0.00645	0.00188	0.00280	0.11031	0.00406	0.00370
5	0.00975	0.00783	0.00922	0.00661	0.01051	0.00592	0.00530	0.01170	0.00935	0.05917	0.00838	0.00948	0.00679	0.00339	0.00334	0.00069	0.00330	0.00272	0.00278	0.82376
6	0.87598	0.00854	0.00649	0.00581	0.00854	0.00991	0.00478	0.01298	0.00752	0.01982	0.00615	0.00717	0.00478	0.00410	0.00273	0.00137	0.00342	0.00239	0.00273	0.00478
7	0.01144	0.66476	0.13228	0.00839	0.01243	0.01584	0.00879	0.04820	0.00959	0.01177	0.00724	0.00917	0.00649	0.00422	0.00322	0.00107	0.00495	0.03226	0.00208	0.00581
8	0.00928	0.02199	0.07963	0.05121	0.05356	0.04819	0.00715	0.05564	0.07949	0.06002	0.20231	0.04585	0.16039	0.00731	0.00516	0.00140	0.04618	0.00602	0.02981	0.02943
9	0.00609	0.00440	0.00520	0.00526	0.00626	0.00395	0.00377	0.00736	0.01018	0.03290	0.26633	0.20807	0.31020	0.08201	0.00671	0.00175	0.00247	0.00913	0.02414	0.00384
10	0.01040	0.12472	0.04194	0.02646	0.04253	0.04790	0.01872	0.11261	0.04636	0.04133	0.02989	0.16013	0.01288	0.02842	0.00465	0.00133	0.00405	0.02922	0.06956	0.14689
11	0.04386	0.13824	0.10070	0.00787	0.02921	0.02598	0.00684	0.05051	0.02192	0.04910	0.10816	0.16841	0.05675	0.00768	0.02724	0.00144	0.00400	0.00577	0.02247	0.12383

[dist]
# distance from previous block
# <min> <max>
1	25

[block]
# block no. 1 follows, 59 sequences, length 12
# corresponding to MSA columns:
# 399-410
name=unknown_B
#
# <colnr> <probs for GDERKNQSTAVLIFYWHMCP>
#	G	D	E	R	K	N	Q	S	T	A	V	L	I	F	Y	W	H	M	C	P
0	0.08798	0.02722	0.08171	0.08476	0.10600	0.11132	0.05059	0.15176	0.05368	0.05951	0.00990	0.04557	0.00798	0.00562	0.02178	0.00146	0.03228	0.00404	0.00298	0.05386
1	0.16284	0.05556	0.04401	0.05612	0.11424	0.05668	0.08288	0.05261	0.06964	0.04665	0.12547	0.05039	0.01313	0.00553	0.00422	0.00135	0.00449	0.01429	0.00316	0.03672
2	0.01085	0.06467	0.01232	0.09987	0.13299	0.02410	0.01853	0.07852	0.21643	0.04785	0.04437	0.03191	0.02223	0.02263	0.00458	0.00132	0.00423	0.00438	0.00331	0.15491
3	0.00684	0.00585	0.04339	0.00633	0.00764	0.00515	0.00496	0.04148	0.07451	0.01409	0.18629	0.27065	0.19454	0.02402	0.01919	0.03557	0.00299	0.02574	0.02651	0.00426
4	0.00858	0.00765	0.01154	0.19255	0.27610	0.00799	0.00910	0.04171	0.04298	0.01420	0.12020	0.06257	0.17321	0.00677	0.00473	0.00142	0.00416	0.00600	0.00314	0.00538
5	0.00576	0.00403	0.00492	0.00555	0.00613	0.00372	0.00380	0.00676	0.00893	0.01216	0.05967	0.54260	0.16539	0.04242	0.00587	0.00173	0.00249	0.01060	0.10381	0.00366
6	0.80775	0.00885	0.00703	0.00615	0.00895	0.01021	0.00507	0.07568	0.00857	0.02045	0.00650	0.00745	0.00500	0.00420	0.00287	0.00136	0.00353	0.00252	0.00287	0.00500
7	0.05594	0.00793	0.00939	0.00701	0.01054	0.00668	0.02330	0.05531	0.02368	0.06770	0.00920	0.01038	0.00732	0.00494	0.03748	0.00109	0.00379	0.00305	0.04265	0.61261
8	0.87598	0.00854	0.00649	0.00581	0.00854	0.00991	0.00478	0.01298	0.00752	0.01982	0.00615	0.00717	0.00478	0.00410	0.00273	0.00137	0.00342	0.00239	0.00273	0.00478
9	0.00562	0.00423	0.00524	0.00598	0.00657	0.00397	0.00411	0.00702	0.04738	0.01174	0.02771	0.65799	0.17016	0.01298	0.00551	0.00172	0.00255	0.01161	0.00412	0.00378
10	0.00876	0.00821	0.04854	0.43676	0.02098	0.00894	0.02316	0.05789	0.07457	0.02498	0.05289	0.06036	0.01099	0.00880	0.09512	0.00212	0.01984	0.02926	0.00274	0.00511
11	0.03241	0.00886	0.01451	0.20177	0.04923	0.00959	0.20155	0.05110	0.07358	0.04840	0.05531	0.04548	0.02714	0.00553	0.00557	0.00147	0.08661	0.00495	0.05175	0.02520

[dist]
# distance from previous block
# <min> <max>
2	18

[block]
# block no. 2 follows, 59 sequences, length 13
# corresponding to MSA columns:
# 429-441
name=unknown_C
#
# <colnr> <probs for GDERKNQSTAVLIFYWHMCP>
#	G	D	E	R	K	N	Q	S	T	A	V	L	I	F	Y	W	H	M	C	P
0	0.08089	0.29428	0.10031	0.03878	0.01463	0.09750	0.11615	0.08617	0.03023	0.06500	0.00823	0.00936	0.00643	0.00436	0.00410	0.00124	0.03051	0.00333	0.00256	0.00593
1	0.08028	0.08455	0.12913	0.04111	0.03355	0.06465	0.07803	0.06585	0.18393	0.08673	0.04376	0.03091	0.02890	0.00525	0.00422	0.00136	0.00481	0.00434	0.00329	0.02536
2	0.00615	0.00478	0.00577	0.03359	0.00744	0.00448	0.00433	0.03680	0.01076	0.01412	0.27809	0.19391	0.33113	0.01139	0.03549	0.00172	0.00283	0.00899	0.00421	0.00403
3	0.00800	0.00637	0.00842	0.05136	0.05869	0.00647	0.03740	0.05436	0.11492	0.02982	0.17534	0.15310	0.16375	0.05746	0.02526	0.00179	0.00355	0.02038	0.01877	0.00480
4	0.01336	0.00699	0.00882	0.00706	0.00974	0.00628	0.00563	0.07378	0.02997	0.36042	0.22820	0.01973	0.03573	0.03746	0.00516	0.00138	0.00330	0.00527	0.00464	0.13712
5	0.00999	0.00806	0.00876	0.02923	0.01039	0.02117	0.00625	0.08874	0.41768	0.01770	0.11199	0.04563	0.04489	0.02192	0.02981	0.00166	0.00366	0.03167	0.08495	0.00587
6	0.01008	0.00954	0.01596	0.14871	0.36586	0.02989	0.14002	0.03434	0.01053	0.03255	0.08353	0.03171	0.05726	0.00514	0.00466	0.00139	0.00522	0.00498	0.00269	0.00596
7	0.04158	0.00728	0.00892	0.00708	0.01000	0.00660	0.00569	0.06284	0.04386	0.41174	0.01475	0.04454	0.01073	0.02705	0.00451	0.00129	0.00345	0.00436	0.12514	0.15860
8	0.87598	0.00854	0.00649	0.00581	0.00854	0.00991	0.00478	0.01298	0.00752	0.01982	0.00615	0.00717	0.00478	0.00410	0.00273	0.00137	0.00342	0.00239	0.00273	0.00478
9	0.00853	0.00702	0.00902	0.04877	0.07339	0.05245	0.05731	0.01074	0.04367	0.07389	0.17500	0.08783	0.24638	0.02275	0.00529	0.00151	0.00362	0.04785	0.00383	0.02116
10	0.00564	0.00407	0.00546	0.03502	0.00721	0.00392	0.00437	0.00650	0.00849	0.01132	0.04658	0.70631	0.02769	0.07498	0.00684	0.00196	0.00283	0.03328	0.00394	0.00360
11	0.05176	0.00874	0.03071	0.33230	0.14391	0.00983	0.02526	0.04758	0.02683	0.04173	0.06145	0.01365	0.00940	0.00537	0.00574	0.00148	0.11778	0.02118	0.03988	0.00542
12	0.00944	0.00930	0.05472	0.05947	0.07491	0.03691	0.06892	0.06608	0.12054	0.01419	0.07932	0.04068	0.04066	0.08815	0.06005	0.00216	0.13565	0.03054	0.00305	0.00526

[dist]
# distance from previous block
# <min> <max>
6	34

[block]
# block no. 3 follows, 59 sequences, length 8
# corresponding to MSA columns:
# 477-484
name=unknown_D
#
# <colnr> <probs for GDERKNQSTAVLIFYWHMCP>
#	G	D	E	R	K	N	Q	S	T	A	V	L	I	F	Y	W	H	M	C	P
0	0.01124	0.22723	0.44415	0.01073	0.01579	0.06292	0.01226	0.07493	0.03948	0.05013	0.00840	0.00929	0.00629	0.00432	0.00388	0.00127	0.00580	0.00318	0.00235	0.00636
1	0.07858	0.00891	0.00894	0.00772	0.00982	0.08006	0.02516	0.17298	0.15250	0.04226	0.06182	0.01558	0.01198	0.06416	0.04812	0.00179	0.00434	0.00446	0.19532	0.00549
2	0.01135	0.01041	0.01195	0.04782	0.04682	0.14495	0.07134	0.12909	0.01117	0.05479	0.01179	0.16787	0.01125	0.00847	0.05830	0.00179	0.10936	0.00544	0.00307	0.08296
3	0.06230	0.01068	0.01605	0.10860	0.01758	0.07246	0.26478	0.09626	0.04174	0.19000	0.01104	0.01283	0.00807	0.00490	0.00506	0.00144	0.04408	0.02272	0.00327	0.00614
4	0.13726	0.00970	0.01346	0.22172	0.26600	0.01086	0.01041	0.16217	0.04142	0.01692	0.00893	0.01162	0.00713	0.00477	0.00463	0.00141	0.04020	0.02254	0.00275	0.00608
5	0.00884	0.00816	0.01263	0.67819	0.02684	0.01003	0.01127	0.01359	0.16013	0.01264	0.00976	0.01266	0.00732	0.00471	0.00443	0.00148	0.00544	0.00413	0.00244	0.00530
6	0.17069	0.00545	0.00698	0.00685	0.00801	0.00635	0.00538	0.00885	0.00718	0.01206	0.01076	0.01543	0.00986	0.02764	0.67143	0.00601	0.01024	0.00429	0.00244	0.00410
7	0.00812	0.00620	0.00701	0.00630	0.00798	0.00614	0.00485	0.15847	0.05313	0.01753	0.34255	0.07398	0.27241	0.00910	0.00505	0.00144	0.00275	0.00773	0.00448	0.00477

[dist]
# distance from previous block
# <min> <max>
0	18

[block]
# block no. 4 follows, 59 sequences, length 12
# corresponding to MSA columns:
# 503-514
name=unknown_E
#
# <colnr> <probs for GDERKNQSTAVLIFYWHMCP>
#	G	D	E	R	K	N	Q	S	T	A	V	L	I	F	Y	W	H	M	C	P
0	0.00993	0.00782	0.00962	0.00697	0.01072	0.00604	0.03071	0.01186	0.00937	0.07707	0.00886	0.01044	0.00724	0.03465	0.00414	0.00087	0.00348	0.00298	0.00283	0.74440
1	0.01353	0.00958	0.02656	0.03846	0.02640	0.04554	0.06367	0.20121	0.11013	0.20429	0.12033	0.01577	0.01358	0.00688	0.03821	0.00161	0.02230	0.00480	0.03078	0.00636
2	0.00986	0.00914	0.07744	0.11864	0.17760	0.00794	0.05303	0.01301	0.05635	0.08655	0.14893	0.03987	0.01440	0.00551	0.00447	0.00130	0.00436	0.02327	0.00319	0.14514
3	0.53187	0.04447	0.08481	0.00865	0.03680	0.15867	0.02759	0.03688	0.00919	0.01720	0.00671	0.00786	0.00526	0.00420	0.00326	0.00131	0.00478	0.00272	0.00256	0.00522
4	0.01100	0.62125	0.24224	0.00894	0.01347	0.01550	0.00996	0.01343	0.00907	0.01138	0.00663	0.00770	0.00565	0.00389	0.00321	0.00107	0.00522	0.00261	0.00188	0.00590
5	0.00947	0.00804	0.00989	0.07230	0.06202	0.05513	0.02564	0.10966	0.06133	0.03179	0.05270	0.23093	0.04117	0.06737	0.03759	0.00193	0.08314	0.00675	0.00339	0.02980
6	0.00613	0.00448	0.00575	0.00550	0.00654	0.00410	0.00410	0.00807	0.01212	0.01694	0.71571	0.07124	0.10395	0.00943	0.00523	0.00142	0.00212	0.00831	0.00476	0.00410
7	0.00540	0.00431	0.00484	0.00507	0.00617	0.00375	0.00366	0.00655	0.00996	0.01252	0.14115	0.25643	0.50142	0.01161	0.00533	0.00156	0.00230	0.01002	0.00420	0.00375
8	0.69352	0.00832	0.00729	0.00624	0.00912	0.00918	0.00515	0.01480	0.00861	0.19041	0.00855	0.00885	0.00609	0.00439	0.00310	0.00137	0.00349	0.00283	0.00332	0.00537
9	0.00760	0.00677	0.00970	0.00806	0.01017	0.00651	0.14444	0.03655	0.12558	0.01522	0.22661	0.02998	0.33817	0.00840	0.00509	0.00146	0.00338	0.00747	0.00403	0.00482
10	0.00590	0.00450	0.00541	0.00518	0.00638	0.00402	0.00389	0.00765	0.01166	0.01572	0.54974	0.03627	0.30808	0.00977	0.00521	0.00142	0.00214	0.00845	0.00460	0.00402
11	0.00959	0.00806	0.01012	0.02733	0.04786	0.02820	0.04323	0.04473	0.24234	0.04815	0.18467	0.04586	0.09093	0.00753	0.00597	0.00153	0.09816	0.04632	0.00393	0.00551

[dist]
# distance from previous block
# <min> <max>
2	4

[block]
# block no. 5 follows, 59 sequences, length 9
# corresponding to MSA columns:
# 519-527
name=unknown_F
#
# <colnr> <probs for GDERKNQSTAVLIFYWHMCP>
#	G	D	E	R	K	N	Q	S	T	A	V	L	I	F	Y	W	H	M	C	P
0	0.45347	0.00824	0.00878	0.00724	0.01012	0.00865	0.04642	0.04735	0.03298	0.18569	0.07670	0.01259	0.01011	0.00500	0.00364	0.00135	0.00365	0.01968	0.00359	0.05474
1	0.03905	0.54769	0.25937	0.03614	0.01418	0.01483	0.01022	0.01338	0.00903	0.01180	0.00673	0.00791	0.00562	0.00393	0.00329	0.00111	0.00525	0.00268	0.00191	0.00587
2	0.05104	0.00972	0.04131	0.00808	0.01010	0.12572	0.01659	0.12949	0.07044	0.05707	0.13435	0.03044	0.08001	0.10265	0.07987	0.00222	0.02707	0.01519	0.00355	0.00511
3	0.00707	0.00479	0.00626	0.00610	0.00652	0.00520	0.00421	0.00770	0.00695	0.04159	0.01304	0.04271	0.01373	0.44794	0.30138	0.02780	0.04521	0.00572	0.00266	0.00341
4	0.00879	0.00802	0.01163	0.19006	0.21751	0.04099	0.00919	0.01118	0.04843	0.01225	0.03295	0.09724	0.01187	0.06770	0.09765	0.01742	0.07313	0.03634	0.00262	0.00504
5	0.00739	0.00465	0.00592	0.00553	0.00673	0.00429	0.00417	0.00936	0.01186	0.07491	0.59983	0.06379	0.06316	0.00858	0.00492	0.00136	0.00223	0.00750	0.10945	0.00436
6	0.01234	0.47571	0.01777	0.00844	0.01152	0.05780	0.00761	0.13224	0.06651	0.03521	0.00960	0.04421	0.00863	0.00530	0.00418	0.00120	0.04756	0.04553	0.00277	0.00584
7	0.00536	0.00427	0.00481	0.00511	0.00616	0.00372	0.00367	0.00645	0.00975	0.01220	0.10299	0.30135	0.49489	0.01187	0.00535	0.00158	0.00233	0.01026	0.00416	0.00372
8	0.44439	0.00925	0.00991	0.00924	0.07736	0.01014	0.04051	0.12650	0.09338	0.09791	0.00966	0.01060	0.00730	0.03152	0.00420	0.00147	0.00401	0.00346	0.00335	0.00583

[dist]
# distance from previous block
# <min> <max>
0	1

[block]
# block no. 6 follows, 59 sequences, length 34
# corresponding to MSA columns:
# 535-554,558-571
name=unknown_G
#
# <colnr> <probs for GDERKNQSTAVLIFYWHMCP>
#	G	D	E	R	K	N	Q	S	T	A	V	L	I	F	Y	W	H	M	C	P
0	0.28259	0.00905	0.00950	0.00797	0.01044	0.04222	0.02986	0.15058	0.06865	0.12976	0.01068	0.01211	0.00824	0.04228	0.07799	0.00200	0.04906	0.00378	0.04760	0.00565
1	0.01522	0.01006	0.01164	0.00905	0.01240	0.01038	0.01877	0.35633	0.13040	0.20823	0.01270	0.01226	0.00897	0.00516	0.00449	0.00127	0.02280	0.00404	0.00431	0.14155
2	0.01133	0.08086	0.19900	0.01052	0.01406	0.04620	0.07465	0.08711	0.09993	0.07293	0.01986	0.01234	0.00843	0.01551	0.00573	0.00141	0.11189	0.02370	0.01984	0.08470
3	0.01023	0.02116	0.01064	0.00862	0.01110	0.07038	0.08782	0.07987	0.03422	0.07363	0.01473	0.12113	0.05892	0.04769	0.07247	0.00190	0.01860	0.04675	0.00328	0.20687
4	0.01852	0.00723	0.00983	0.00764	0.01083	0.00627	0.00627	0.02026	0.01263	0.74342	0.09380	0.01675	0.01388	0.00581	0.00452	0.00137	0.00360	0.00478	0.00541	0.00720
5	0.01053	0.00789	0.00960	0.00822	0.01021	0.00831	0.04697	0.26702	0.09175	0.03706	0.11997	0.15521	0.04856	0.10126	0.02975	0.00195	0.00410	0.03219	0.00407	0.00541
6	0.00539	0.00392	0.00509	0.00598	0.00637	0.00362	0.00403	0.00623	0.00871	0.01151	0.04781	0.74671	0.10143	0.01346	0.00559	0.00175	0.00252	0.01214	0.00412	0.00362
7	0.05312	0.05920	0.01158	0.00839	0.01184	0.10930	0.00683	0.28745	0.01360	0.03722	0.00887	0.00960	0.00685	0.00429	0.00373	0.00102	0.00447	0.00317	0.02262	0.33686
8	0.01852	0.00686	0.02376	0.00856	0.01011	0.02930	0.10574	0.02160	0.00932	0.06654	0.15027	0.05667	0.01707	0.09863	0.28086	0.00365	0.04395	0.04091	0.00317	0.00452
9	0.00591	0.00424	0.00552	0.00636	0.00677	0.00411	0.00438	0.00727	0.05297	0.01156	0.02296	0.69455	0.02687	0.03781	0.00656	0.03671	0.00280	0.05493	0.00399	0.00371
10	0.01829	0.00948	0.01119	0.00870	0.01203	0.03565	0.00713	0.28267	0.01524	0.50577	0.01498	0.03632	0.01012	0.00561	0.00445	0.00136	0.00423	0.00446	0.00497	0.00733
11	0.00642	0.00428	0.00482	0.00482	0.00482	0.00428	0.00268	0.00642	0.00642	0.00856	0.01392	0.02890	0.01606	0.84478	0.02248	0.00428	0.00428	0.00642	0.00268	0.00268
12	0.00892	0.02155	0.74596	0.01235	0.01865	0.00999	0.03728	0.01380	0.00934	0.01402	0.00795	0.00939	0.00569	0.00412	0.00416	0.00135	0.00634	0.00327	0.00193	0.06393
13	0.72938	0.00954	0.00724	0.00646	0.00912	0.08079	0.00522	0.03016	0.00843	0.04518	0.00721	0.03213	0.00584	0.00450	0.00302	0.00136	0.00383	0.00283	0.00286	0.00492
14	0.10749	0.00778	0.00985	0.00768	0.01092	0.00718	0.00632	0.06827	0.01261	0.65135	0.05286	0.01478	0.01151	0.00548	0.00430	0.00137	0.00371	0.00437	0.00509	0.00708
15	0.01207	0.01020	0.01052	0.00915	0.01181	0.03201	0.00720	0.16976	0.61977	0.01988	0.01699	0.01583	0.03283	0.00596	0.00449	0.00146	0.00383	0.00486	0.00441	0.00696
16	0.01033	0.00988	0.01685	0.21342	0.63559	0.01034	0.01326	0.01303	0.00977	0.01370	0.00820	0.01113	0.00674	0.00405	0.00438	0.00135	0.00539	0.00393	0.00213	0.00651
17	0.00956	0.00910	0.01546	0.45316	0.40187	0.01013	0.01287	0.01236	0.00941	0.01277	0.00807	0.01138	0.00641	0.00419	0.00440	0.00140	0.00559	0.00393	0.00207	0.00589
18	0.01540	0.01854	0.01248	0.01114	0.01347	0.63815	0.02422	0.04889	0.12812	0.01265	0.00860	0.00943	0.00691	0.00486	0.00439	0.00123	0.03009	0.00328	0.00267	0.00549
19	0.00842	0.00791	0.01299	0.57567	0.17482	0.00915	0.01136	0.01107	0.00922	0.01196	0.01270	0.01559	0.11064	0.00520	0.00451	0.00144	0.00530	0.00462	0.00228	0.00515
20	0.00916	0.00785	0.00916	0.00654	0.01047	0.00589	0.00523	0.01112	0.00916	0.01439	0.00785	0.00916	0.00654	0.00327	0.00327	0.00065	0.00327	0.00262	0.00262	0.87178
21	0.01304	0.13847	0.01591	0.03410	0.09743	0.36178	0.12127	0.01514	0.03203	0.02791	0.02990	0.02532	0.02215	0.00497	0.00437	0.00126	0.01979	0.02716	0.00249	0.00549
22	0.00570	0.00411	0.00520	0.00570	0.00621	0.00382	0.00387	0.00669	0.00924	0.01243	0.20294	0.48611	0.09767	0.11983	0.00768	0.00200	0.00265	0.01046	0.00409	0.00361
23	0.01092	0.02396	0.15120	0.03927	0.24203	0.03338	0.17982	0.03365	0.02383	0.07121	0.03982	0.01233	0.02187	0.00454	0.00484	0.00135	0.03546	0.00425	0.00261	0.06366
24	0.02330	0.00722	0.00819	0.00727	0.02116	0.05281	0.02575	0.05145	0.08199	0.06956	0.31863	0.04397	0.15764	0.00768	0.00491	0.00134	0.01681	0.00651	0.00414	0.08966
25	0.81025	0.00917	0.00697	0.02678	0.00935	0.05180	0.00516	0.01318	0.00781	0.01914	0.00623	0.00733	0.00486	0.00413	0.00284	0.00136	0.00371	0.00245	0.00269	0.00480
26	0.01274	0.46026	0.03541	0.00884	0.01233	0.03092	0.03953	0.13301	0.12918	0.05913	0.02053	0.01009	0.00793	0.00458	0.00377	0.00116	0.01811	0.00335	0.00291	0.00622
27	0.00607	0.00414	0.00538	0.00599	0.00659	0.00380	0.00414	0.00709	0.00933	0.04465	0.13577	0.62540	0.09997	0.01260	0.00549	0.00169	0.00251	0.01131	0.00426	0.00384
28	0.00586	0.00442	0.00541	0.00534	0.00640	0.00397	0.00394	0.00751	0.01132	0.01530	0.50266	0.13972	0.25153	0.01024	0.00527	0.00147	0.00219	0.00894	0.00456	0.00397
29	0.00633	0.00465	0.00667	0.00667	0.00730	0.00529	0.00498	0.00761	0.00697	0.00993	0.01223	0.01954	0.01199	0.18717	0.67454	0.00656	0.01040	0.00505	0.00242	0.00370
30	0.13894	0.00745	0.00922	0.00737	0.01041	0.00697	0.00602	0.01924	0.05059	0.59469	0.04239	0.03012	0.01157	0.00556	0.00420	0.00137	0.00355	0.00444	0.03911	0.00679
31	0.00939	0.00876	0.01461	0.52640	0.16762	0.01008	0.06866	0.04641	0.03586	0.01312	0.00891	0.01269	0.00701	0.00461	0.00461	0.00145	0.01581	0.02259	0.01592	0.00550
32	0.00600	0.00436	0.00549	0.00552	0.00639	0.00402	0.00399	0.00755	0.01086	0.01493	0.47691	0.19870	0.13113	0.07022	0.00653	0.00170	0.00240	0.02416	0.01524	0.00389
33	0.00948	0.00650	0.00775	0.00734	0.02708	0.00658	0.00542	0.14500	0.08415	0.08147	0.19659	0.21875	0.08828	0.03625	0.00552	0.00158	0.00312	0.02201	0.04205	0.00510

[dist]
# distance from previous block
# <min> <max>
4	7

[block]
# block no. 7 follows, 59 sequences, length 11
# corresponding to MSA columns:
# 581-591
name=unknown_H
#
# <colnr> <probs for GDERKNQSTAVLIFYWHMCP>
#	G	D	E	R	K	N	Q	S	T	A	V	L	I	F	Y	W	H	M	C	P
0	0.11783	0.41618	0.05894	0.03747	0.01133	0.01324	0.00751	0.01230	0.00848	0.03969	0.00869	0.01101	0.03403	0.06629	0.00615	0.00146	0.12022	0.00332	0.02065	0.00521
1	0.03862	0.00597	0.00747	0.00763	0.00911	0.00604	0.00631	0.04292	0.08776	0.09024	0.03516	0.10214	0.07484	0.04035	0.00608	0.00188	0.00372	0.42483	0.00418	0.00473
2	0.01068	0.15252	0.56621	0.01146	0.01692	0.10905	0.01361	0.01460	0.00978	0.04519	0.00789	0.00903	0.00583	0.00422	0.00396	0.00129	0.00630	0.00312	0.00206	0.00626
3	0.01020	0.00759	0.00896	0.00674	0.01021	0.00616	0.00538	0.01293	0.07167	0.10874	0.06931	0.01323	0.03673	0.00441	0.00371	0.00088	0.00323	0.00362	0.00330	0.61300
4	0.00886	0.05340	0.75570	0.01209	0.01827	0.01026	0.01545	0.01371	0.00945	0.01401	0.04329	0.01028	0.00718	0.00439	0.00419	0.00138	0.00626	0.00344	0.00200	0.00639
5	0.00552	0.00401	0.00524	0.00614	0.00658	0.00373	0.00427	0.00646	0.00884	0.01167	0.04939	0.69222	0.09432	0.01335	0.00562	0.00177	0.00263	0.07045	0.00412	0.00365
6	0.01165	0.03477	0.18814	0.00933	0.01278	0.01020	0.00886	0.25131	0.17708	0.05280	0.17986	0.01629	0.01555	0.00595	0.00451	0.00138	0.00432	0.00484	0.00394	0.00644
7	0.00823	0.00412	0.00412	0.00412	0.00515	0.00412	0.00309	0.01029	0.00926	0.01647	0.01441	0.01647	0.01132	0.00515	0.00309	0.00103	0.00206	0.00412	0.86930	0.00412
8	0.00689	0.00549	0.00725	0.00672	0.00812	0.00530	0.04945	0.00976	0.09160	0.01510	0.36146	0.03412	0.18981	0.07202	0.00656	0.00173	0.00300	0.11704	0.00425	0.00434
9	0.01340	0.56013	0.04494	0.00861	0.01218	0.15337	0.00801	0.08451	0.01084	0.05771	0.00734	0.00806	0.00613	0.00415	0.00330	0.00105	0.00529	0.00273	0.00238	0.00587
10	0.06236	0.04052	0.05244	0.00879	0.01256	0.00991	0.03258	0.30613	0.01399	0.15542	0.01037	0.01059	0.00747	0.00452	0.00396	0.00114	0.00430	0.00352	0.00369	0.25575

[dist]
# distance from previous block
# <min> <max>
18	36

[block]
# block no. 8 follows, 59 sequences, length 10
# corresponding to MSA columns:
# 646-655
name=unknown_I
#
# <colnr> <probs for GDERKNQSTAVLIFYWHMCP>
#	G	D	E	R	K	N	Q	S	T	A	V	L	I	F	Y	W	H	M	C	P
0	0.01535	0.01197	0.01262	0.00994	0.01316	0.04178	0.00812	0.60138	0.12297	0.02464	0.01110	0.01117	0.00811	0.00538	0.00479	0.00134	0.04034	0.00400	0.00416	0.04766
1	0.00700	0.00558	0.00750	0.00742	0.00849	0.00560	0.05521	0.03768	0.13221	0.01349	0.06186	0.56173	0.05598	0.01135	0.00535	0.00168	0.00306	0.01027	0.00409	0.00443
2	0.36777	0.04673	0.03624	0.03292	0.01185	0.21546	0.02367	0.07904	0.02239	0.08363	0.03719	0.00967	0.00734	0.00462	0.00359	0.00130	0.00497	0.00318	0.00299	0.00545
3	0.00677	0.00464	0.00625	0.00677	0.00733	0.00467	0.00498	0.00784	0.00879	0.05002	0.05227	0.47202	0.02487	0.08675	0.05105	0.00231	0.04487	0.15004	0.00386	0.00388
4	0.04783	0.00689	0.00844	0.00692	0.00940	0.00654	0.00556	0.09949	0.02751	0.37510	0.19456	0.02007	0.06571	0.00651	0.00444	0.00134	0.00321	0.00537	0.09906	0.00606
5	0.00906	0.00870	0.04852	0.70354	0.06491	0.00975	0.03211	0.01204	0.00912	0.04853	0.00834	0.01178	0.00618	0.00441	0.00443	0.00146	0.00583	0.00395	0.00214	0.00522
6	0.00962	0.00980	0.04948	0.34205	0.20198	0.03578	0.10499	0.05184	0.01017	0.01344	0.01093	0.03642	0.03246	0.00532	0.00466	0.00147	0.00563	0.06592	0.00246	0.00557
7	0.00549	0.00401	0.00519	0.00609	0.00655	0.00371	0.00423	0.00639	0.00877	0.01149	0.02674	0.68782	0.12389	0.01340	0.00562	0.00177	0.00263	0.06846	0.00410	0.00364
8	0.00615	0.00442	0.00556	0.00622	0.00688	0.00421	0.00444	0.04101	0.00946	0.01261	0.04505	0.59068	0.11457	0.01255	0.00547	0.00172	0.00273	0.08275	0.03966	0.00385
9	0.04258	0.05270	0.01129	0.10473	0.04986	0.13560	0.01735	0.18007	0.03775	0.05975	0.03032	0.10330	0.02154	0.07214	0.00591	0.00164	0.00491	0.05977	0.00336	0.00544

[dist]
# distance from previous block
# <min> <max>
4	16

[block]
# block no. 9 follows, 59 sequences, length 7
# corresponding to MSA columns:
# 692-698
name=unknown_J
#
# <colnr> <probs for GDERKNQSTAVLIFYWHMCP>
#	G	D	E	R	K	N	Q	S	T	A	V	L	I	F	Y	W	H	M	C	P
0	0.00627	0.00439	0.00540	0.00566	0.00659	0.00397	0.00408	0.00747	0.00990	0.04859	0.19104	0.34582	0.25038	0.04844	0.00614	0.00173	0.00257	0.04340	0.00425	0.00390
1	0.00577	0.00429	0.00561	0.03853	0.00746	0.00404	0.00443	0.00680	0.00893	0.01186	0.08574	0.57624	0.10499	0.05311	0.00629	0.00182	0.00279	0.04103	0.00397	0.02632
2	0.01216	0.04942	0.14295	0.05903	0.20164	0.05150	0.14503	0.11503	0.02838	0.08891	0.00942	0.01093	0.00706	0.00441	0.00460	0.00134	0.02394	0.00395	0.00277	0.03753
3	0.04757	0.09076	0.18969	0.02551	0.01320	0.00966	0.05764	0.05465	0.17518	0.11473	0.03093	0.11054	0.01203	0.04209	0.00515	0.00154	0.00456	0.00514	0.00341	0.00601
4	0.00550	0.00400	0.00521	0.00606	0.00652	0.00371	0.00419	0.00644	0.00892	0.01179	0.06883	0.68086	0.10402	0.01324	0.00560	0.00176	0.00259	0.05295	0.00414	0.00366
5	0.48173	0.00935	0.03608	0.00876	0.05105	0.00966	0.05609	0.06408	0.06250	0.14071	0.00982	0.01114	0.00739	0.00474	0.00361	0.00140	0.00403	0.02881	0.00333	0.00573
6	0.01218	0.02804	0.08159	0.08020	0.31427	0.09522	0.10202	0.07129	0.05378	0.07802	0.00944	0.01115	0.00726	0.00448	0.00472	0.00136	0.03183	0.00398	0.00268	0.00647

[dist]
# distance from previous block
# <min> <max>
0	4

[block]
# block no. 10 follows, 59 sequences, length 18
# corresponding to MSA columns:
# 703-720
name=unknown_K
#
# <colnr> <probs for GDERKNQSTAVLIFYWHMCP>
#	G	D	E	R	K	N	Q	S	T	A	V	L	I	F	Y	W	H	M	C	P
0	0.11134	0.04033	0.06868	0.07985	0.11681	0.05169	0.03150	0.04445	0.03613	0.02744	0.05630	0.11081	0.04688	0.01947	0.02809	0.00168	0.09715	0.02323	0.00291	0.00524
1	0.04511	0.00487	0.00613	0.00604	0.00697	0.00478	0.02720	0.00793	0.02271	0.02795	0.08474	0.20698	0.17524	0.19328	0.10585	0.01614	0.00419	0.02947	0.02065	0.00376
2	0.08386	0.00887	0.01186	0.01028	0.09223	0.00814	0.08271	0.07593	0.05819	0.13323	0.03356	0.01153	0.00860	0.00426	0.00391	0.00109	0.00405	0.00365	0.00328	0.36080
3	0.00650	0.00442	0.00531	0.00536	0.00556	0.00456	0.00338	0.00694	0.00698	0.00965	0.02995	0.08226	0.01660	0.60084	0.11671	0.00415	0.02053	0.02212	0.04511	0.00306
4	0.00886	0.02285	0.82190	0.01259	0.01912	0.01026	0.01632	0.01399	0.00932	0.01399	0.00793	0.00932	0.00559	0.00420	0.00420	0.00140	0.00653	0.00326	0.00186	0.00653
5	0.00700	0.00517	0.00576	0.00568	0.00713	0.00485	0.00426	0.00964	0.11069	0.05805	0.09367	0.17496	0.43167	0.01035	0.00511	0.00153	0.00256	0.02673	0.03082	0.00438
6	0.01495	0.00708	0.00903	0.00744	0.01005	0.00668	0.00593	0.01852	0.15010	0.48161	0.15151	0.04009	0.01718	0.03186	0.00513	0.00148	0.00338	0.00539	0.02607	0.00653
7	0.00730	0.00506	0.00617	0.00577	0.00707	0.00473	0.00432	0.03801	0.03616	0.06246	0.47106	0.09556	0.18717	0.04224	0.00583	0.00155	0.00248	0.00810	0.00458	0.00438
8	0.87598	0.00854	0.00649	0.00581	0.00854	0.00991	0.00478	0.01298	0.00752	0.01982	0.00615	0.00717	0.00478	0.00410	0.00273	0.00137	0.00342	0.00239	0.00273	0.00478
9	0.00758	0.00602	0.03486	0.17727	0.01296	0.00582	0.00730	0.00955	0.00980	0.05883	0.08230	0.21256	0.07339	0.01000	0.00537	0.00172	0.00390	0.27268	0.00371	0.00440
10	0.01650	0.02105	0.01252	0.01138	0.01365	0.82705	0.00853	0.01764	0.01252	0.01081	0.00683	0.00796	0.00569	0.00455	0.00398	0.00114	0.00796	0.00284	0.00228	0.00512
11	0.87598	0.00854	0.00649	0.00581	0.00854	0.00991	0.00478	0.01298	0.00752	0.01982	0.00615	0.00717	0.00478	0.00410	0.00273	0.00137	0.00342	0.00239	0.00273	0.00478
12	0.00912	0.00816	0.01358	0.52057	0.22985	0.00930	0.01159	0.01170	0.00933	0.03393	0.04068	0.01342	0.03132	0.00506	0.00489	0.03026	0.00534	0.00425	0.00229	0.00535
13	0.00578	0.00448	0.00523	0.00513	0.00632	0.00398	0.00383	0.00732	0.01101	0.01448	0.39453	0.06739	0.38813	0.03583	0.00578	0.00156	0.00229	0.02864	0.00440	0.00390
14	0.00771	0.00408	0.00602	0.00595	0.00595	0.00423	0.00402	0.00597	0.00582	0.00782	0.00782	0.01382	0.00789	0.04407	0.01734	0.80733	0.03624	0.00393	0.00195	0.00206
15	0.00584	0.00439	0.00541	0.00545	0.00646	0.00396	0.00401	0.00741	0.01103	0.01486	0.44356	0.19336	0.23861	0.01060	0.00532	0.00151	0.00226	0.02752	0.00450	0.00394
16	0.02673	0.13094	0.01627	0.07564	0.35447	0.13807	0.01067	0.09788	0.03548	0.02785	0.00829	0.01008	0.00676	0.00443	0.00448	0.00128	0.03831	0.00356	0.00250	0.00631
17	0.12667	0.00840	0.00972	0.00771	0.01076	0.00840	0.00632	0.19544	0.03622	0.42256	0.01411	0.01324	0.00949	0.00523	0.00406	0.00132	0.00376	0.00405	0.10576	0.00675

[dist]
# distance from previous block
# <min> <max>
0	14

[block]
# block no. 11 follows, 59 sequences, length 13
# corresponding to MSA columns:
# 735-747
name=unknown_L
#
# <colnr> <probs for GDERKNQSTAVLIFYWHMCP>
#	G	D	E	R	K	N	Q	S	T	A	V	L	I	F	Y	W	H	M	C	P
0	0.13067	0.04660	0.17156	0.06915	0.21172	0.05307	0.03355	0.06382	0.03911	0.01531	0.00946	0.01108	0.03338	0.00500	0.01905	0.00141	0.01637	0.00365	0.00250	0.06352
1	0.02895	0.05041	0.05470	0.01055	0.04985	0.12636	0.00842	0.21939	0.27001	0.08086	0.01224	0.01215	0.00911	0.00533	0.00471	0.00137	0.04115	0.00404	0.00373	0.00668
2	0.08351	0.00635	0.00743	0.00679	0.02917	0.00590	0.00505	0.04281	0.04552	0.06030	0.24809	0.11956	0.11427	0.00765	0.00453	0.00130	0.00290	0.01815	0.00395	0.18678
3	0.04495	0.04368	0.01440	0.10491	0.18375	0.03119	0.11702	0.13049	0.01169	0.03842	0.10719	0.03919	0.03706	0.00557	0.00481	0.00138	0.02895	0.01772	0.00308	0.03456
4	0.01112	0.09994	0.14389	0.03639	0.12651	0.05272	0.09382	0.05482	0.20043	0.04078	0.01174	0.01292	0.03088	0.02410	0.00515	0.00145	0.03992	0.00422	0.00293	0.00628
5	0.00918	0.00758	0.00876	0.00897	0.07924	0.00811	0.00627	0.01634	0.41396	0.03430	0.13587	0.04078	0.17360	0.00739	0.00471	0.00146	0.00315	0.00630	0.02824	0.00581
6	0.00589	0.00604	0.07585	0.00597	0.00752	0.00452	0.00497	0.00767	0.02760	0.01285	0.13256	0.24735	0.39911	0.01092	0.00525	0.00157	0.00276	0.03351	0.00401	0.00407
7	0.02668	0.00680	0.00876	0.00795	0.04249	0.00633	0.00599	0.07413	0.03074	0.38075	0.07969	0.14550	0.12213	0.00790	0.00481	0.00147	0.00340	0.03378	0.00471	0.00598
8	0.00747	0.00595	0.00614	0.00603	0.00725	0.07537	0.00448	0.00894	0.01089	0.05375	0.30004	0.19589	0.22913	0.00992	0.00510	0.00148	0.00286	0.02862	0.03651	0.00418
9	0.16420	0.08054	0.01043	0.03414	0.03155	0.00900	0.00662	0.09410	0.04396	0.22972	0.05054	0.02969	0.04829	0.00748	0.04773	0.00170	0.03826	0.04679	0.01944	0.00582
10	0.12747	0.06722	0.01320	0.21805	0.06760	0.35193	0.02780	0.01477	0.02908	0.01258	0.00733	0.00928	0.00591	0.00446	0.00418	0.00129	0.02713	0.00322	0.00227	0.00523
11	0.01426	0.00679	0.00843	0.00697	0.00947	0.00632	0.00557	0.08423	0.04199	0.42121	0.06681	0.07860	0.10127	0.00686	0.00448	0.00137	0.00327	0.00570	0.12026	0.00615
12	0.00633	0.00575	0.00539	0.00553	0.00671	0.07507	0.00398	0.00735	0.00982	0.01173	0.06340	0.22969	0.49203	0.04961	0.00601	0.00166	0.00290	0.00935	0.00390	0.00378

[dist]
# distance from previous block
# <min> <max>
0	1

[block]
# block no. 12 follows, 59 sequences, length 12
# corresponding to MSA columns:
# 749-760
name=unknown_M
#
# <colnr> <probs for GDERKNQSTAVLIFYWHMCP>
#	G	D	E	R	K	N	Q	S	T	A	V	L	I	F	Y	W	H	M	C	P
0	0.02534	0.03599	0.14396	0.09059	0.04506	0.08797	0.02589	0.07437	0.04944	0.23379	0.02883	0.01513	0.02546	0.00550	0.00451	0.00139	0.01627	0.04862	0.03569	0.00620
1	0.05255	0.00791	0.00852	0.00732	0.00956	0.04001	0.00579	0.17202	0.09306	0.17314	0.10109	0.07385	0.06523	0.00680	0.00438	0.00136	0.00349	0.02523	0.14293	0.00576
2	0.00969	0.28874	0.46424	0.01052	0.01564	0.01212	0.04349	0.01326	0.00929	0.01282	0.00933	0.01049	0.04355	0.00440	0.00380	0.00125	0.00562	0.00336	0.03239	0.00601
3	0.02887	0.08539	0.14581	0.04836	0.03589	0.02436	0.07090	0.06611	0.04118	0.03176	0.01028	0.04238	0.00924	0.11176	0.12468	0.01481	0.06993	0.00446	0.00258	0.03125
4	0.02810	0.03331	0.03306	0.02527	0.13233	0.00840	0.05995	0.06317	0.04831	0.08103	0.01711	0.16051	0.07419	0.00811	0.00587	0.00160	0.08391	0.12695	0.00344	0.00539
5	0.14449	0.04877	0.02896	0.02988	0.01204	0.08507	0.00721	0.21980	0.15923	0.05814	0.02682	0.01205	0.02610	0.00514	0.00420	0.00129	0.02357	0.00382	0.01847	0.08497
6	0.07235	0.10139	0.10147	0.00830	0.02951	0.06166	0.00714	0.04821	0.05825	0.08956	0.04325	0.15865	0.04102	0.00719	0.02500	0.00144	0.00428	0.00533	0.01924	0.11677
7	0.09335	0.15035	0.08822	0.00931	0.03099	0.04550	0.03811	0.13260	0.14279	0.07789	0.04737	0.01277	0.02931	0.00601	0.03251	0.00148	0.00476	0.00396	0.00332	0.04940
8	0.02381	0.05481	0.22432	0.02507	0.04499	0.03271	0.21835	0.03920	0.03120	0.06381	0.08124	0.04373	0.01168	0.00540	0.00462	0.00141	0.00553	0.04950	0.00286	0.03575
9	0.03557	0.04979	0.12287	0.09212	0.01330	0.00814	0.06234	0.03294	0.07192	0.10113	0.04820	0.04473	0.19795	0.00699	0.00494	0.00145	0.03302	0.03522	0.03201	0.00535
10	0.03332	0.10425	0.15769	0.15286	0.13778	0.02207	0.04387	0.06077	0.02533	0.04459	0.02092	0.02556	0.00853	0.03430	0.00501	0.00144	0.02028	0.03492	0.01940	0.04711
11	0.01036	0.03215	0.08737	0.05244	0.13934	0.00935	0.23376	0.04826	0.05925	0.07747	0.05107	0.05172	0.09033	0.00580	0.00490	0.00145	0.01508	0.02091	0.00307	0.00591

[dist]
# distance from previous block
# <min> <max>
6	42

# created by:
# /st0/software/busco_prod/Augustus/scripts/msa2prfl.pl ./align_prep/1284731.fa
