[name]
unknown

[dist]
# distance from previous block
# <min> <max>
0	23

[block]
# block no. 0 follows, 56 sequences, length 45
# corresponding to MSA columns:
# 33-77
name=unknown_A
#
# <colnr> <probs for GDERKNQSTAVLIFYWHMCP>
#	G	D	E	R	K	N	Q	S	T	A	V	L	I	F	Y	W	H	M	C	P
0	0.00618	0.00559	0.03985	0.00564	0.00728	0.00445	0.00458	0.00797	0.01139	0.01494	0.33818	0.03823	0.42794	0.01027	0.00535	0.00150	0.00255	0.03631	0.00443	0.02737
1	0.01244	0.01010	0.01075	0.00932	0.01203	0.01153	0.00736	0.19107	0.56962	0.02093	0.01663	0.01583	0.01248	0.00705	0.03386	0.00171	0.00419	0.00491	0.04106	0.00714
2	0.04383	0.20018	0.25999	0.01163	0.07937	0.02774	0.02968	0.07844	0.02126	0.15083	0.00982	0.01047	0.00720	0.00453	0.00405	0.00129	0.00536	0.00351	0.00294	0.04789
3	0.01054	0.01036	0.01993	0.08715	0.01987	0.01041	0.45654	0.01453	0.07497	0.05530	0.11880	0.01573	0.01256	0.00527	0.00594	0.00156	0.06607	0.00553	0.00301	0.00593
4	0.01225	0.77622	0.02292	0.00786	0.01169	0.01749	0.00774	0.04664	0.00989	0.01163	0.00802	0.00884	0.03476	0.00427	0.00310	0.00102	0.00482	0.00279	0.00216	0.00590
5	0.04660	0.01021	0.03737	0.42720	0.29583	0.03571	0.05599	0.01306	0.00978	0.01345	0.00828	0.01155	0.00650	0.00436	0.00453	0.00146	0.00596	0.00404	0.00218	0.00595
6	0.01941	0.00782	0.01047	0.00810	0.01148	0.00691	0.00666	0.05695	0.01352	0.71850	0.07595	0.01679	0.01355	0.00595	0.00467	0.00142	0.00383	0.00487	0.00559	0.00756
7	0.00578	0.00466	0.00515	0.00503	0.00642	0.00403	0.00377	0.00728	0.01131	0.01441	0.30123	0.04087	0.55218	0.01088	0.00542	0.00151	0.00227	0.00923	0.00453	0.00403
8	0.00585	0.00436	0.00624	0.00690	0.00735	0.00408	0.03772	0.00675	0.00882	0.01177	0.02432	0.77785	0.02898	0.03733	0.00634	0.00192	0.00293	0.01255	0.00414	0.00381
9	0.03228	0.17331	0.13220	0.03519	0.05475	0.04875	0.28216	0.10001	0.03548	0.04917	0.00920	0.01083	0.00699	0.00435	0.00447	0.00137	0.00626	0.00411	0.00266	0.00645
10	0.00583	0.00420	0.00555	0.00645	0.00692	0.00393	0.00452	0.00688	0.00937	0.01248	0.08963	0.66129	0.06689	0.01369	0.00585	0.00184	0.00275	0.08376	0.00432	0.00383
11	0.01136	0.01091	0.01863	0.02818	0.81002	0.01091	0.01409	0.01409	0.01045	0.01500	0.00864	0.01136	0.00727	0.00409	0.00455	0.00136	0.00545	0.00409	0.00227	0.00727
12	0.01024	0.01107	0.06082	0.11324	0.04392	0.07765	0.23402	0.03340	0.14680	0.01490	0.03514	0.08976	0.06921	0.00621	0.00494	0.00151	0.00552	0.00585	0.03002	0.00578
13	0.01138	0.01237	0.02567	0.01843	0.02296	0.01182	0.71361	0.07816	0.02790	0.01595	0.00962	0.01237	0.00718	0.00405	0.00534	0.00153	0.00744	0.00531	0.00255	0.00634
14	0.00889	0.00838	0.01416	0.76278	0.09475	0.01026	0.01286	0.01192	0.00928	0.01200	0.00820	0.01217	0.00621	0.00455	0.00459	0.00152	0.00607	0.00408	0.00206	0.00528
15	0.01187	0.71605	0.02275	0.09103	0.05401	0.01700	0.00866	0.01356	0.00937	0.01111	0.00667	0.00805	0.00598	0.00400	0.00319	0.00106	0.00506	0.00270	0.00199	0.00588
16	0.01087	0.01183	0.09535	0.11035	0.62444	0.01083	0.01400	0.01423	0.03664	0.01475	0.00888	0.01148	0.00723	0.00424	0.00454	0.00140	0.00559	0.00406	0.00230	0.00700
17	0.00571	0.00417	0.00541	0.00635	0.00682	0.00387	0.00441	0.00665	0.00912	0.01195	0.02769	0.68380	0.12031	0.01393	0.00585	0.00185	0.00274	0.07132	0.00426	0.00378
18	0.03211	0.01061	0.05553	0.15814	0.29186	0.02402	0.03961	0.03361	0.00997	0.07445	0.01046	0.01288	0.04388	0.00552	0.00675	0.00155	0.17596	0.00433	0.00259	0.00618
19	0.01077	0.05345	0.02374	0.06810	0.13763	0.01165	0.54014	0.01451	0.03692	0.01442	0.00990	0.01266	0.02131	0.00423	0.00525	0.00150	0.02018	0.00504	0.00239	0.00624
20	0.00685	0.00527	0.00811	0.00780	0.00874	0.00586	0.04524	0.00846	0.00772	0.01091	0.01333	0.02173	0.01300	0.12067	0.62685	0.00635	0.01056	0.06584	0.00263	0.00407
21	0.01052	0.01280	0.10762	0.04564	0.02124	0.01127	0.52629	0.03499	0.07488	0.01504	0.01148	0.01377	0.04369	0.00473	0.00564	0.00155	0.04483	0.00523	0.00259	0.00619
22	0.01089	0.01075	0.01830	0.19699	0.54504	0.03175	0.09176	0.01376	0.01029	0.01418	0.00856	0.01157	0.00696	0.00419	0.00463	0.00141	0.00590	0.00419	0.00223	0.00665
23	0.00956	0.00925	0.01635	0.45730	0.25544	0.01025	0.10621	0.01250	0.00973	0.01303	0.00930	0.05351	0.00778	0.00485	0.00474	0.00150	0.00595	0.00470	0.00225	0.00579
24	0.00639	0.00543	0.00584	0.00622	0.02415	0.02421	0.00439	0.00846	0.07427	0.01290	0.05049	0.26652	0.47091	0.01161	0.00544	0.00163	0.00273	0.00998	0.00422	0.00422
25	0.01158	0.13344	0.26352	0.01182	0.03404	0.11721	0.06850	0.03217	0.20037	0.02215	0.01088	0.02966	0.00857	0.00513	0.00466	0.00141	0.03156	0.00406	0.00283	0.00646
26	0.01175	0.03962	0.01124	0.04778	0.06508	0.13913	0.04495	0.02349	0.12458	0.13050	0.13911	0.13247	0.05615	0.00738	0.00486	0.00146	0.00449	0.00632	0.00394	0.00572
27	0.01732	0.03627	0.01189	0.05073	0.01262	0.08634	0.16251	0.03627	0.03292	0.01445	0.15464	0.18278	0.14728	0.00841	0.00514	0.00152	0.00443	0.00759	0.02199	0.00490
28	0.00692	0.00636	0.04410	0.00727	0.00873	0.00565	0.03163	0.01011	0.13347	0.01343	0.02845	0.38472	0.22985	0.01146	0.00551	0.00172	0.00318	0.05872	0.00415	0.00458
29	0.01033	0.17677	0.43708	0.01211	0.03257	0.02456	0.08804	0.01440	0.03490	0.04385	0.01006	0.07696	0.00843	0.00515	0.00433	0.00140	0.00597	0.00430	0.00241	0.00635
30	0.01063	0.00886	0.01326	0.36108	0.17632	0.04701	0.02875	0.03453	0.01080	0.09397	0.10193	0.06889	0.01278	0.00581	0.00476	0.00148	0.00520	0.00519	0.00303	0.00573
31	0.00938	0.07645	0.67256	0.01264	0.01861	0.01113	0.03761	0.01404	0.00954	0.01403	0.00860	0.03718	0.00668	0.00484	0.00489	0.00147	0.04806	0.00374	0.00203	0.00652
32	0.01046	0.00944	0.02986	0.27395	0.26347	0.01034	0.01130	0.01457	0.12619	0.05454	0.04744	0.03455	0.01021	0.00550	0.00557	0.00152	0.07735	0.00468	0.00287	0.00618
33	0.02580	0.03772	0.34088	0.03980	0.03415	0.07285	0.12454	0.07823	0.01145	0.10358	0.03120	0.05937	0.00919	0.00526	0.00461	0.00145	0.00607	0.00453	0.00290	0.00644
34	0.00767	0.00534	0.00759	0.00707	0.00844	0.00483	0.06829	0.00909	0.01040	0.09344	0.15574	0.34468	0.20962	0.03827	0.00610	0.00174	0.00310	0.00982	0.00433	0.00444
35	0.01938	0.00750	0.01022	0.00802	0.01131	0.00650	0.00655	0.02108	0.01279	0.74819	0.01870	0.08213	0.01291	0.00639	0.00472	0.00146	0.00381	0.00530	0.00557	0.00748
36	0.01066	0.00988	0.01685	0.30817	0.50263	0.01056	0.02597	0.01349	0.01008	0.03529	0.00873	0.01180	0.00697	0.00431	0.00458	0.00143	0.00568	0.00412	0.00228	0.00651
37	0.01099	0.15858	0.16892	0.02843	0.15986	0.01246	0.29681	0.02742	0.06499	0.01454	0.00913	0.01113	0.00711	0.00421	0.00456	0.00140	0.00631	0.00424	0.00237	0.00653
38	0.00721	0.00460	0.00611	0.00651	0.00725	0.00443	0.02443	0.00852	0.00929	0.04605	0.02182	0.53183	0.02403	0.01145	0.00535	0.00167	0.01596	0.05416	0.20518	0.00414
39	0.00638	0.00441	0.00549	0.00600	0.00682	0.00397	0.00420	0.00743	0.00977	0.05284	0.09418	0.53253	0.22332	0.01285	0.00565	0.00173	0.00260	0.01140	0.00440	0.00402
40	0.01168	0.00957	0.04954	0.25022	0.16635	0.02241	0.07048	0.01458	0.03518	0.16903	0.04838	0.06512	0.01087	0.00572	0.00532	0.00151	0.04971	0.00503	0.00317	0.00613
41	0.01169	0.23707	0.13740	0.08766	0.11993	0.05205	0.13728	0.05441	0.01076	0.04877	0.00941	0.03250	0.00785	0.00480	0.00431	0.00135	0.00587	0.02816	0.00251	0.00623
42	0.48993	0.05640	0.01124	0.01163	0.16846	0.16749	0.00768	0.01456	0.00942	0.01716	0.00697	0.00838	0.00566	0.00430	0.00343	0.00134	0.00491	0.00289	0.00259	0.00554
43	0.01145	0.18558	0.01819	0.16484	0.28043	0.09467	0.07425	0.01382	0.01015	0.01306	0.00790	0.01028	0.00655	0.00419	0.00430	0.00126	0.01725	0.00362	0.00221	0.07597
44	0.01016	0.01085	0.08104	0.27274	0.44350	0.01046	0.01333	0.01312	0.00994	0.01393	0.02695	0.01195	0.00759	0.00447	0.00480	0.00142	0.02658	0.00409	0.00224	0.03082

[dist]
# distance from previous block
# <min> <max>
0	5

[block]
# block no. 1 follows, 56 sequences, length 62
# corresponding to MSA columns:
# 83-144
name=unknown_B
#
# <colnr> <probs for GDERKNQSTAVLIFYWHMCP>
#	G	D	E	R	K	N	Q	S	T	A	V	L	I	F	Y	W	H	M	C	P
0	0.01121	0.33987	0.23357	0.01224	0.11662	0.04259	0.01110	0.03767	0.02372	0.01340	0.00856	0.01133	0.00737	0.00475	0.00423	0.00127	0.03110	0.04390	0.00229	0.04323
1	0.08499	0.00910	0.01463	0.47278	0.28012	0.01033	0.01232	0.01298	0.00959	0.03843	0.00847	0.01165	0.00655	0.00443	0.00442	0.00146	0.00561	0.00396	0.00230	0.00587
2	0.01986	0.00765	0.01042	0.00804	0.01146	0.00662	0.00662	0.02165	0.01313	0.77143	0.05960	0.01661	0.01304	0.00588	0.00466	0.00142	0.00382	0.00481	0.00565	0.00763
3	0.00775	0.00664	0.01052	0.08199	0.25861	0.00664	0.01937	0.00942	0.00946	0.01292	0.03214	0.47601	0.02101	0.01011	0.00534	0.00167	0.00390	0.01805	0.00344	0.00500
4	0.00623	0.00468	0.00606	0.00716	0.03728	0.00452	0.00463	0.00777	0.05498	0.01209	0.02475	0.63656	0.07813	0.08341	0.00720	0.00203	0.00296	0.01149	0.00408	0.00400
5	0.01270	0.00589	0.00788	0.00716	0.00910	0.00525	0.00547	0.01403	0.01094	0.38856	0.02307	0.35136	0.07886	0.01071	0.03170	0.00182	0.00356	0.02138	0.00487	0.00568
6	0.00559	0.00400	0.00533	0.00639	0.00666	0.00373	0.00426	0.00639	0.00879	0.01172	0.02530	0.83566	0.03036	0.01438	0.00586	0.00186	0.00266	0.01305	0.00426	0.00373
7	0.01061	0.00959	0.01591	0.40332	0.38853	0.01057	0.01303	0.04286	0.01036	0.03876	0.00880	0.01190	0.00688	0.00443	0.00457	0.00144	0.00570	0.00410	0.00236	0.00629
8	0.01125	0.01023	0.01724	0.21890	0.54444	0.01071	0.03533	0.03920	0.01062	0.04494	0.00898	0.01175	0.00716	0.00431	0.00458	0.00141	0.00561	0.00415	0.00242	0.00676
9	0.01085	0.01037	0.01753	0.08788	0.70845	0.01048	0.01343	0.01352	0.01036	0.01461	0.01059	0.01315	0.04927	0.00452	0.00459	0.00139	0.00534	0.00438	0.00236	0.00693
10	0.01033	0.00988	0.01666	0.31240	0.49053	0.01082	0.01340	0.01309	0.00982	0.01363	0.00833	0.01161	0.00680	0.00448	0.00511	0.00146	0.04903	0.00408	0.00218	0.00638
11	0.00775	0.00544	0.00794	0.02721	0.00898	0.00592	0.03099	0.00956	0.03225	0.06186	0.03987	0.06083	0.01411	0.15851	0.50117	0.00555	0.00912	0.00571	0.00294	0.00430
12	0.01038	0.01123	0.03179	0.03666	0.02114	0.01063	0.60664	0.05245	0.01095	0.01485	0.01101	0.08026	0.00940	0.00670	0.05200	0.00190	0.00736	0.01613	0.00262	0.00591
13	0.00971	0.04541	0.71154	0.01325	0.01970	0.01107	0.06652	0.04413	0.01021	0.01499	0.00836	0.00985	0.00597	0.00436	0.00440	0.00144	0.00673	0.00353	0.00206	0.00676
14	0.11444	0.02844	0.10380	0.01478	0.12400	0.06433	0.18915	0.20980	0.03201	0.01860	0.00904	0.01067	0.00689	0.00474	0.00504	0.00145	0.04926	0.00406	0.00294	0.00657
15	0.00616	0.00551	0.04629	0.00735	0.00829	0.00457	0.04438	0.00750	0.00936	0.01258	0.07829	0.63751	0.05711	0.01285	0.00574	0.00180	0.00314	0.04340	0.00410	0.00407
16	0.00578	0.00427	0.00543	0.00629	0.00681	0.00399	0.00432	0.00699	0.02941	0.01216	0.04104	0.68140	0.12915	0.01370	0.00578	0.00182	0.00267	0.03085	0.00428	0.00386
17	0.02768	0.14048	0.11139	0.01227	0.10047	0.01134	0.08745	0.10483	0.10416	0.12938	0.03539	0.05352	0.02500	0.00563	0.00479	0.00142	0.03005	0.00473	0.00343	0.00660
18	0.05435	0.01163	0.01955	0.05148	0.46830	0.05233	0.21909	0.01469	0.03620	0.01503	0.00893	0.01150	0.00719	0.00416	0.00468	0.00142	0.00607	0.00434	0.00239	0.00670
19	0.01092	0.00833	0.00925	0.00836	0.01057	0.00913	0.00645	0.06275	0.47427	0.07923	0.11983	0.12169	0.04385	0.00773	0.00493	0.00156	0.00339	0.00660	0.00473	0.00642
20	0.02560	0.49853	0.11986	0.00867	0.01229	0.01449	0.00864	0.05437	0.00988	0.05179	0.00884	0.05028	0.00801	0.03314	0.03572	0.00154	0.04644	0.00360	0.00246	0.00587
21	0.09930	0.08284	0.05327	0.01116	0.06056	0.13267	0.08089	0.08859	0.10294	0.18469	0.03732	0.01297	0.02239	0.00518	0.00433	0.00137	0.00520	0.00418	0.00363	0.00652
22	0.01016	0.01105	0.03741	0.01672	0.02049	0.01029	0.62129	0.01310	0.01001	0.01361	0.00982	0.05358	0.00822	0.00603	0.00723	0.11113	0.02641	0.00555	0.00236	0.00552
23	0.00580	0.00443	0.00596	0.00649	0.00718	0.00406	0.02871	0.00685	0.00939	0.01230	0.06692	0.61635	0.16854	0.01329	0.00576	0.00178	0.00276	0.02533	0.00424	0.00387
24	0.04380	0.23669	0.13574	0.00825	0.01172	0.03723	0.00800	0.12385	0.01184	0.06422	0.04131	0.01973	0.21410	0.00664	0.00430	0.00134	0.00446	0.01769	0.00332	0.00578
25	0.03119	0.01676	0.01523	0.02809	0.08482	0.44040	0.13241	0.04580	0.12281	0.02467	0.00949	0.01068	0.00745	0.00478	0.00446	0.00133	0.00700	0.00383	0.00280	0.00601
26	0.00579	0.00424	0.00544	0.00604	0.00665	0.00389	0.00419	0.00697	0.01001	0.01342	0.21763	0.54728	0.12583	0.01284	0.00570	0.00173	0.00250	0.01150	0.00445	0.00389
27	0.00939	0.04801	0.72141	0.01329	0.01974	0.01087	0.07149	0.01444	0.00978	0.01442	0.00852	0.01050	0.00623	0.00445	0.00442	0.00146	0.00675	0.01613	0.00200	0.00667
28	0.02588	0.01248	0.08214	0.10184	0.15205	0.06675	0.34489	0.01439	0.02036	0.04173	0.03902	0.02641	0.00868	0.00472	0.00531	0.00150	0.03836	0.00483	0.00253	0.00614
29	0.00690	0.00552	0.00882	0.00877	0.00987	0.00528	0.10534	0.00856	0.00968	0.01282	0.02292	0.45134	0.02599	0.01244	0.00598	0.00191	0.00387	0.28576	0.00400	0.00422
30	0.00841	0.00586	0.00707	0.00673	0.00820	0.00581	0.00504	0.01235	0.17246	0.08466	0.33545	0.20211	0.10820	0.00972	0.00529	0.00157	0.00274	0.00851	0.00478	0.00505
31	0.05666	0.01271	0.03484	0.01160	0.01456	0.11502	0.11243	0.28298	0.01424	0.12466	0.01033	0.02590	0.00784	0.00572	0.00639	0.00150	0.14825	0.00426	0.00355	0.00656
32	0.05557	0.40179	0.03630	0.00928	0.01288	0.06749	0.03229	0.17432	0.13905	0.01654	0.00948	0.00994	0.00757	0.00469	0.00374	0.00122	0.00502	0.00338	0.00301	0.00645
33	0.00569	0.00455	0.00509	0.00520	0.00642	0.00395	0.00381	0.00700	0.01072	0.01358	0.20772	0.18037	0.50649	0.01162	0.00550	0.00158	0.00235	0.00998	0.00443	0.00395
34	0.00929	0.02319	0.77618	0.01339	0.02007	0.01071	0.05510	0.01455	0.00975	0.01455	0.00829	0.00982	0.00587	0.00434	0.00441	0.00146	0.00683	0.00349	0.00196	0.00676
35	0.00730	0.00511	0.00590	0.00582	0.00622	0.00527	0.00367	0.04633	0.04741	0.01087	0.01574	0.12974	0.01752	0.60012	0.07048	0.00402	0.00472	0.00717	0.00313	0.00346
36	0.01690	0.00899	0.01146	0.01038	0.07981	0.00893	0.00768	0.08603	0.22207	0.45689	0.01697	0.01589	0.01168	0.00580	0.00465	0.00146	0.00407	0.01775	0.00501	0.00756
37	0.00991	0.00969	0.03574	0.01414	0.07096	0.00914	0.33889	0.11070	0.01161	0.01573	0.03515	0.24566	0.01558	0.00766	0.00540	0.00163	0.00547	0.04799	0.00331	0.00564
38	0.00687	0.00576	0.00768	0.00926	0.14840	0.00528	0.00569	0.00867	0.01136	0.01506	0.32016	0.05386	0.36570	0.00954	0.00528	0.00149	0.00283	0.00827	0.00420	0.00464
39	0.00991	0.01791	0.42385	0.05589	0.02229	0.01106	0.36334	0.01448	0.01018	0.01448	0.00870	0.01102	0.00634	0.00415	0.00484	0.00150	0.00718	0.00433	0.00211	0.00644
40	0.01106	0.00959	0.01525	0.01712	0.29661	0.03202	0.14031	0.04487	0.05805	0.07348	0.05685	0.04532	0.04791	0.00659	0.00509	0.00155	0.00510	0.12363	0.00336	0.00622
41	0.01292	0.20607	0.04400	0.07676	0.16161	0.03159	0.12457	0.08066	0.03397	0.12676	0.04981	0.01239	0.00934	0.00475	0.00435	0.00133	0.00536	0.00417	0.00306	0.00653
42	0.00651	0.00468	0.00608	0.00574	0.00676	0.00434	0.00425	0.00856	0.01266	0.01791	0.76592	0.03407	0.04192	0.05296	0.00636	0.00160	0.00229	0.00822	0.00493	0.00425
43	0.00622	0.00456	0.00561	0.00593	0.00664	0.00432	0.00415	0.00760	0.02838	0.01305	0.19741	0.30813	0.15509	0.16356	0.02355	0.00230	0.00311	0.05243	0.00414	0.00383
44	0.05318	0.14125	0.29810	0.01006	0.02572	0.06694	0.01025	0.06091	0.00974	0.01355	0.00944	0.02732	0.00851	0.13988	0.06688	0.00230	0.04394	0.00406	0.00240	0.00556
45	0.62568	0.00942	0.00880	0.02304	0.01075	0.01054	0.02601	0.12654	0.01042	0.09997	0.00833	0.00900	0.00609	0.00458	0.00337	0.00142	0.00396	0.00304	0.00335	0.00569
46	0.00559	0.00400	0.00533	0.00639	0.00666	0.00373	0.00426	0.00639	0.00879	0.01172	0.02530	0.83566	0.03036	0.01438	0.00586	0.00186	0.00266	0.01305	0.00426	0.00373
47	0.01110	0.01216	0.06697	0.07373	0.44494	0.02462	0.25670	0.02675	0.01067	0.01484	0.00880	0.01158	0.00701	0.00410	0.00480	0.00143	0.00633	0.00444	0.00229	0.00675
48	0.02656	0.05227	0.05749	0.01272	0.02904	0.09002	0.28466	0.02894	0.06574	0.08664	0.09858	0.01713	0.04086	0.02537	0.00558	0.00154	0.02680	0.02704	0.01714	0.00589
49	0.82847	0.00908	0.00710	0.00626	0.00915	0.01050	0.00516	0.05250	0.00850	0.02101	0.00662	0.00764	0.00511	0.00432	0.00293	0.00142	0.00363	0.00257	0.00293	0.00511
50	0.01633	0.01937	0.01268	0.01136	0.01386	0.63533	0.00862	0.08216	0.13030	0.01385	0.00913	0.00981	0.00726	0.00502	0.00425	0.00125	0.00733	0.00338	0.00289	0.00581
51	0.01256	0.07972	0.31349	0.03674	0.12272	0.09524	0.05995	0.05381	0.01118	0.12179	0.02090	0.01105	0.00749	0.00472	0.00469	0.00139	0.02938	0.00380	0.00273	0.00665
52	0.01206	0.00615	0.00759	0.00647	0.00854	0.00574	0.00510	0.06806	0.01275	0.26834	0.28332	0.02385	0.07706	0.00725	0.00464	0.00136	0.00292	0.00610	0.18708	0.00563
53	0.00564	0.00408	0.00535	0.00635	0.00673	0.00379	0.00432	0.00651	0.00895	0.01183	0.02659	0.76025	0.07870	0.01415	0.00585	0.00185	0.00269	0.03834	0.00426	0.00375
54	0.03621	0.02834	0.02776	0.02268	0.50749	0.10078	0.12940	0.01527	0.05986	0.01487	0.00908	0.01133	0.00739	0.00427	0.00456	0.00138	0.00595	0.00415	0.00245	0.00680
55	0.01284	0.06486	0.15480	0.05374	0.27144	0.05073	0.09740	0.07451	0.02427	0.12556	0.01025	0.01199	0.00774	0.00463	0.00453	0.00140	0.00578	0.01379	0.00290	0.00687
56	0.00605	0.00459	0.00566	0.00624	0.00720	0.00420	0.00476	0.00740	0.01014	0.01300	0.09847	0.31170	0.29429	0.01262	0.00579	0.00178	0.00288	0.19496	0.00432	0.00395
57	0.01222	0.01397	0.01751	0.01408	0.01607	0.23481	0.23439	0.01410	0.00976	0.01215	0.00726	0.01023	0.00626	0.00593	0.00930	0.00165	0.36854	0.00413	0.00220	0.00544
58	0.04011	0.03566	0.11875	0.08459	0.32088	0.06252	0.11511	0.07788	0.01975	0.06734	0.00931	0.01123	0.00713	0.00442	0.00453	0.00140	0.00593	0.00406	0.00267	0.00673
59	0.00828	0.01476	0.41583	0.01050	0.01463	0.00796	0.05045	0.01192	0.01038	0.02800	0.13643	0.09928	0.06481	0.00752	0.00502	0.00158	0.00511	0.09877	0.00313	0.00562
60	0.00669	0.00485	0.00627	0.00693	0.00780	0.00467	0.00551	0.00818	0.00991	0.01287	0.07741	0.15536	0.14503	0.12998	0.00850	0.00228	0.00362	0.39614	0.00409	0.00391
61	0.12834	0.05339	0.01336	0.07641	0.01496	0.22114	0.03387	0.32241	0.01502	0.03368	0.00891	0.00984	0.00671	0.00486	0.00415	0.00131	0.00577	0.00353	0.00333	0.03902

[dist]
# distance from previous block
# <min> <max>
0	3

[block]
# block no. 2 follows, 56 sequences, length 16
# corresponding to MSA columns:
# 148-163
name=unknown_C
#
# <colnr> <probs for GDERKNQSTAVLIFYWHMCP>
#	G	D	E	R	K	N	Q	S	T	A	V	L	I	F	Y	W	H	M	C	P
0	0.06711	0.26634	0.20079	0.10233	0.10925	0.06831	0.02200	0.03831	0.01013	0.03901	0.00786	0.00950	0.00625	0.00443	0.00422	0.00130	0.03110	0.00329	0.00229	0.00617
1	0.00668	0.00480	0.00582	0.00550	0.00683	0.00427	0.00415	0.00851	0.01217	0.04672	0.52777	0.03683	0.29308	0.00998	0.00539	0.00148	0.00228	0.00862	0.00482	0.00431
2	0.01016	0.23639	0.53363	0.01231	0.01815	0.01271	0.08805	0.01435	0.00971	0.01358	0.00785	0.00934	0.00594	0.00420	0.00409	0.00134	0.00639	0.00334	0.00198	0.00650
3	0.01149	0.01097	0.05086	0.28621	0.33351	0.06629	0.05009	0.01429	0.01044	0.08597	0.00965	0.01285	0.00759	0.00467	0.00462	0.00144	0.00586	0.02430	0.00255	0.00632
4	0.00560	0.00440	0.00508	0.00556	0.00654	0.00388	0.00399	0.00667	0.00982	0.01231	0.05447	0.37734	0.43124	0.01278	0.00565	0.00170	0.00254	0.04229	0.00428	0.00384
5	0.00687	0.00485	0.00635	0.00719	0.00814	0.00469	0.00589	0.00859	0.01010	0.01343	0.02646	0.21546	0.12218	0.01229	0.00586	0.00190	0.00348	0.45465	0.07755	0.00408
6	0.13863	0.40118	0.14564	0.00950	0.01359	0.08337	0.04429	0.07565	0.01058	0.02973	0.00746	0.00850	0.00605	0.00427	0.00353	0.00120	0.00542	0.00296	0.00242	0.00605
7	0.01032	0.26899	0.48531	0.01223	0.01791	0.01303	0.10401	0.01432	0.00972	0.01343	0.00780	0.00930	0.00597	0.00417	0.00406	0.00132	0.00633	0.00334	0.00199	0.00645
8	0.01161	0.00954	0.01038	0.07880	0.01315	0.04306	0.00747	0.07372	0.49761	0.06291	0.05186	0.09081	0.01520	0.00683	0.00477	0.00154	0.00399	0.00575	0.00438	0.00662
9	0.01262	0.10853	0.14117	0.12216	0.07770	0.01106	0.19822	0.01560	0.01051	0.19081	0.01035	0.01187	0.00749	0.00472	0.00521	0.00145	0.05693	0.00422	0.00291	0.00647
10	0.00997	0.25967	0.54955	0.01124	0.01694	0.01255	0.01376	0.01405	0.00974	0.01363	0.04360	0.01012	0.00752	0.00446	0.00400	0.00132	0.00603	0.00334	0.00209	0.00642
11	0.15190	0.01026	0.08407	0.00907	0.01287	0.00882	0.04205	0.11790	0.01296	0.48229	0.01410	0.01308	0.00922	0.00524	0.00435	0.00142	0.00442	0.00415	0.00461	0.00720
12	0.00958	0.00726	0.01014	0.08762	0.15920	0.00714	0.02203	0.07763	0.01191	0.09090	0.15655	0.05944	0.26588	0.00808	0.00505	0.00148	0.00373	0.00700	0.00394	0.00544
13	0.01334	0.05123	0.34371	0.01097	0.01567	0.00901	0.07784	0.01666	0.01096	0.30778	0.01342	0.08689	0.01018	0.00569	0.00462	0.00147	0.00535	0.00485	0.00356	0.00680
14	0.00766	0.00627	0.00986	0.01203	0.19047	0.00687	0.00754	0.00949	0.00805	0.01159	0.01154	0.01691	0.01069	0.05393	0.60871	0.00591	0.01048	0.00479	0.00243	0.00478
15	0.01007	0.01103	0.02340	0.01696	0.02098	0.01033	0.65454	0.01364	0.01122	0.01536	0.14972	0.01624	0.01336	0.00484	0.00542	0.00153	0.00676	0.00593	0.00280	0.00586

[dist]
# distance from previous block
# <min> <max>
0	1

[block]
# block no. 3 follows, 56 sequences, length 9
# corresponding to MSA columns:
# 165-173
name=unknown_D
#
# <colnr> <probs for GDERKNQSTAVLIFYWHMCP>
#	G	D	E	R	K	N	Q	S	T	A	V	L	I	F	Y	W	H	M	C	P
0	0.01087	0.14439	0.15414	0.24914	0.11003	0.09551	0.14567	0.01398	0.01011	0.01288	0.00803	0.01056	0.00628	0.00428	0.00438	0.00138	0.00647	0.00382	0.00212	0.00596
1	0.00948	0.02153	0.66798	0.01393	0.02012	0.01094	0.12702	0.01441	0.00974	0.01441	0.00829	0.01009	0.00599	0.00445	0.00498	0.00149	0.04281	0.00371	0.00200	0.00662
2	0.00562	0.00459	0.00497	0.00502	0.00636	0.00394	0.00371	0.00691	0.01071	0.01333	0.17082	0.12410	0.60088	0.01154	0.00547	0.00156	0.00233	0.00981	0.00439	0.00394
3	0.07165	0.34920	0.01717	0.00938	0.01279	0.20330	0.00809	0.21851	0.01342	0.04554	0.00819	0.00884	0.00653	0.00461	0.00371	0.00118	0.00561	0.00309	0.00294	0.00627
4	0.01229	0.15640	0.38968	0.04385	0.01665	0.04682	0.03835	0.01579	0.01064	0.17484	0.04496	0.01171	0.00865	0.00478	0.00426	0.00136	0.00576	0.00377	0.00287	0.00658
5	0.00697	0.00497	0.00627	0.00681	0.00787	0.00471	0.00530	0.00886	0.04283	0.04310	0.05951	0.30667	0.20947	0.01235	0.00580	0.00182	0.00315	0.25495	0.00435	0.00424
6	0.00569	0.00411	0.00541	0.00636	0.00675	0.00382	0.00435	0.00662	0.00912	0.01212	0.06090	0.73249	0.06811	0.01397	0.00584	0.00184	0.00268	0.04174	0.00430	0.00378
7	0.28514	0.01040	0.01091	0.00892	0.01206	0.05220	0.04142	0.23432	0.04741	0.18048	0.01193	0.01375	0.00901	0.00555	0.00418	0.00145	0.00452	0.05586	0.00402	0.00645
8	0.47367	0.04803	0.12702	0.04243	0.01300	0.06660	0.03696	0.06707	0.02600	0.05052	0.00792	0.00898	0.00595	0.00447	0.00355	0.00140	0.00478	0.00307	0.00286	0.00570

[dist]
# distance from previous block
# <min> <max>
1	3

[block]
# block no. 4 follows, 56 sequences, length 18
# corresponding to MSA columns:
# 177-180,184-197
name=unknown_E
#
# <colnr> <probs for GDERKNQSTAVLIFYWHMCP>
#	G	D	E	R	K	N	Q	S	T	A	V	L	I	F	Y	W	H	M	C	P
0	0.05320	0.00456	0.00570	0.00648	0.00708	0.00442	0.00464	0.00738	0.00908	0.01257	0.05162	0.53536	0.06665	0.07845	0.00712	0.00205	0.00307	0.13264	0.00409	0.00383
1	0.04675	0.01170	0.01195	0.00989	0.01299	0.04379	0.00793	0.38724	0.37350	0.02354	0.01416	0.01354	0.01043	0.00576	0.00455	0.00145	0.00448	0.00450	0.00448	0.00736
2	0.08343	0.06262	0.14193	0.06502	0.01601	0.15352	0.09637	0.11565	0.02230	0.12849	0.02187	0.03112	0.00823	0.00500	0.00434	0.00137	0.00581	0.00404	0.00316	0.02973
3	0.01139	0.12494	0.36962	0.01202	0.01688	0.10617	0.10298	0.06207	0.05122	0.03474	0.01123	0.01221	0.05470	0.00492	0.00438	0.00138	0.00622	0.00400	0.00257	0.00637
4	0.01129	0.60283	0.18765	0.00923	0.01361	0.01575	0.03137	0.01364	0.00934	0.01168	0.00717	0.00857	0.00621	0.00568	0.04791	0.00144	0.00578	0.00287	0.00200	0.00599
5	0.00932	0.08648	0.63834	0.01190	0.01764	0.03205	0.01464	0.01380	0.00972	0.01399	0.03381	0.04162	0.00817	0.00624	0.04153	0.00169	0.00663	0.00389	0.00216	0.00636
6	0.01155	0.32878	0.36264	0.01063	0.01555	0.01352	0.02420	0.03926	0.03416	0.06941	0.00855	0.00956	0.00657	0.00454	0.00437	0.00130	0.04328	0.00326	0.00239	0.00648
7	0.01461	0.16403	0.32235	0.01009	0.01495	0.01057	0.01094	0.04476	0.01142	0.33448	0.01196	0.01170	0.00812	0.00485	0.00422	0.00135	0.00523	0.00374	0.00354	0.00707
8	0.00618	0.00464	0.00573	0.00553	0.00669	0.00419	0.00412	0.00803	0.01214	0.01657	0.57751	0.08045	0.23094	0.01021	0.00544	0.00149	0.00223	0.00890	0.00482	0.00419
9	0.00887	0.15567	0.26847	0.01018	0.01364	0.00948	0.07859	0.01159	0.00950	0.02984	0.01459	0.28059	0.01515	0.00806	0.00504	0.00156	0.02247	0.04835	0.00294	0.00543
10	0.01478	0.13693	0.08742	0.01304	0.15921	0.01008	0.07432	0.03216	0.02517	0.32662	0.01283	0.01350	0.00921	0.00498	0.00436	0.00136	0.00486	0.01926	0.04294	0.00695
11	0.00939	0.07272	0.76751	0.01277	0.01939	0.01111	0.01642	0.01449	0.00967	0.01432	0.00813	0.00955	0.00582	0.00434	0.00428	0.00143	0.00667	0.00334	0.00194	0.00673
12	0.00585	0.00410	0.00525	0.00606	0.00626	0.00390	0.00391	0.00646	0.00829	0.01105	0.02272	0.64334	0.02710	0.21116	0.01004	0.00248	0.00309	0.01153	0.00391	0.00350
13	0.01257	0.21989	0.30849	0.01174	0.03549	0.04552	0.08842	0.03899	0.04684	0.13529	0.00990	0.01065	0.00726	0.00453	0.00417	0.00133	0.00582	0.00365	0.00278	0.00667
14	0.02952	0.09721	0.09704	0.06139	0.01528	0.09116	0.09638	0.04649	0.05731	0.31046	0.01383	0.01372	0.03907	0.00523	0.00446	0.00139	0.00527	0.00433	0.00378	0.00668
15	0.00566	0.00421	0.00529	0.00611	0.00671	0.00385	0.00426	0.00661	0.00927	0.01199	0.03005	0.61322	0.20618	0.01367	0.00579	0.00181	0.00267	0.05462	0.00426	0.00379
16	0.00831	0.01257	0.27793	0.01024	0.01381	0.00814	0.10303	0.01289	0.12085	0.01488	0.10388	0.13619	0.14255	0.00768	0.00503	0.00155	0.00467	0.00678	0.00340	0.00562
17	0.06285	0.02308	0.13533	0.08063	0.03766	0.06921	0.12688	0.12270	0.03685	0.17283	0.02407	0.04621	0.02051	0.00542	0.00473	0.00145	0.01502	0.00464	0.00345	0.00648

[dist]
# distance from previous block
# <min> <max>
2	39

[block]
# block no. 5 follows, 56 sequences, length 15
# corresponding to MSA columns:
# 237-251
name=unknown_F
#
# <colnr> <probs for GDERKNQSTAVLIFYWHMCP>
#	G	D	E	R	K	N	Q	S	T	A	V	L	I	F	Y	W	H	M	C	P
0	0.00586	0.00418	0.00545	0.00636	0.00671	0.00395	0.00434	0.00670	0.00876	0.01160	0.02468	0.65622	0.05230	0.10463	0.00781	0.00216	0.00298	0.07756	0.00410	0.00367
1	0.00954	0.00814	0.00941	0.00706	0.01079	0.00659	0.00558	0.01272	0.09644	0.01527	0.01015	0.05042	0.00873	0.00424	0.00366	0.00083	0.00339	0.00349	0.00301	0.73053
2	0.01181	0.29629	0.21539	0.04306	0.12123	0.05758	0.01120	0.08961	0.05177	0.01468	0.02482	0.01017	0.00744	0.00459	0.00418	0.00128	0.02251	0.00345	0.00248	0.00644
3	0.00973	0.00742	0.09577	0.00706	0.00929	0.00550	0.00619	0.01206	0.01237	0.18799	0.48073	0.06164	0.06890	0.00836	0.00515	0.00146	0.00308	0.00724	0.00478	0.00530
4	0.00965	0.00787	0.00907	0.00663	0.01037	0.00616	0.00529	0.03441	0.00989	0.01561	0.00899	0.01040	0.00737	0.00368	0.00341	0.00074	0.00331	0.00293	0.09732	0.74690
5	0.02405	0.09054	0.01410	0.04087	0.09206	0.03022	0.09094	0.13133	0.25046	0.03827	0.03860	0.01746	0.10903	0.00606	0.00463	0.00144	0.00458	0.00518	0.00372	0.00646
6	0.06364	0.07942	0.22097	0.01209	0.09038	0.03652	0.01067	0.05818	0.23359	0.04542	0.01167	0.01296	0.00907	0.00544	0.00517	0.00148	0.06999	0.02357	0.00315	0.00663
7	0.01126	0.04350	0.21152	0.01414	0.21220	0.03519	0.01080	0.04645	0.02641	0.09457	0.05716	0.07162	0.01107	0.00538	0.00442	0.00132	0.00496	0.00459	0.00303	0.13041
8	0.00752	0.00610	0.00787	0.00686	0.00887	0.00511	0.03759	0.00891	0.00914	0.01307	0.04374	0.32819	0.04800	0.09978	0.00675	0.00164	0.00334	0.00764	0.00343	0.34644
9	0.05866	0.05672	0.08459	0.00782	0.02229	0.03213	0.00676	0.03455	0.07154	0.03441	0.11446	0.01883	0.12047	0.00603	0.00423	0.00119	0.00378	0.02300	0.00340	0.29515
10	0.02369	0.04544	0.18774	0.04591	0.06739	0.00909	0.05678	0.06859	0.05168	0.11319	0.09838	0.02766	0.03886	0.00543	0.00445	0.00132	0.00472	0.00462	0.00336	0.14170
11	0.01038	0.02571	0.08871	0.15693	0.18559	0.00928	0.04281	0.05002	0.08060	0.05654	0.07670	0.04044	0.03164	0.03656	0.00529	0.00150	0.00486	0.00490	0.00309	0.08846
12	0.02169	0.04222	0.17839	0.03500	0.12177	0.04595	0.04950	0.04873	0.07586	0.09265	0.05272	0.10398	0.02828	0.00686	0.02582	0.00158	0.00516	0.00528	0.00326	0.05532
13	0.01050	0.05913	0.26922	0.04484	0.08074	0.03822	0.03258	0.01402	0.04643	0.08477	0.03106	0.10210	0.01073	0.00619	0.02030	0.00146	0.00526	0.00477	0.00291	0.13476
14	0.02168	0.02782	0.17564	0.18830	0.11518	0.00944	0.03305	0.06750	0.02815	0.12107	0.06978	0.02734	0.02195	0.02088	0.00489	0.00147	0.00515	0.00456	0.01530	0.04085

[dist]
# distance from previous block
# <min> <max>
5	76

# created by:
# /st0/software/busco_prod/Augustus/scripts/msa2prfl.pl ./align_prep/1287094.fa
