[name]
unknown

[dist]
# distance from previous block
# <min> <max>
0	152

[block]
# block no. 0 follows, 56 sequences, length 51
# corresponding to MSA columns:
# 212-262
name=unknown_A
#
# <colnr> <probs for GDERKNQSTAVLIFYWHMCP>
#	G	D	E	R	K	N	Q	S	T	A	V	L	I	F	Y	W	H	M	C	P
0	0.02173	0.03865	0.02782	0.07443	0.07071	0.08064	0.05857	0.09742	0.04438	0.08996	0.03107	0.01969	0.08769	0.04728	0.02837	0.00174	0.02525	0.07081	0.01873	0.06507
1	0.01144	0.02270	0.08491	0.15319	0.05469	0.03634	0.09492	0.12788	0.03723	0.08716	0.04969	0.03149	0.02367	0.08642	0.02918	0.00187	0.00549	0.00486	0.00321	0.05365
2	0.07018	0.05738	0.04458	0.08731	0.06946	0.08146	0.07442	0.09780	0.07442	0.08514	0.01209	0.07955	0.02130	0.02293	0.02645	0.00164	0.03654	0.00482	0.00323	0.04929
3	0.02677	0.03710	0.02762	0.14662	0.01680	0.07770	0.14524	0.12967	0.05568	0.06230	0.04620	0.04155	0.03470	0.02550	0.07583	0.00205	0.00613	0.03351	0.00326	0.00576
4	0.08558	0.05642	0.10542	0.13134	0.02920	0.03074	0.11433	0.07035	0.02617	0.10578	0.03879	0.04275	0.00943	0.00676	0.02471	0.05703	0.05195	0.00450	0.00299	0.00576
5	0.03187	0.03060	0.14768	0.03459	0.04374	0.05887	0.03450	0.11433	0.02511	0.28515	0.06653	0.01385	0.01086	0.00594	0.01974	0.00151	0.03036	0.00433	0.00390	0.03655
6	0.06320	0.10133	0.18391	0.03154	0.08209	0.03067	0.05105	0.12387	0.04655	0.11720	0.03295	0.01219	0.02034	0.00537	0.01639	0.00143	0.01642	0.00397	0.00319	0.05633
7	0.02499	0.00800	0.01175	0.14706	0.08496	0.03428	0.09314	0.04856	0.05147	0.01351	0.05194	0.04299	0.03128	0.08434	0.09421	0.09066	0.02723	0.02388	0.03087	0.00487
8	0.02744	0.01187	0.11332	0.14683	0.26295	0.02711	0.08710	0.10681	0.01157	0.07372	0.02573	0.01242	0.00816	0.00653	0.05687	0.00181	0.00618	0.00426	0.00280	0.00652
9	0.02395	0.00996	0.04182	0.09698	0.20466	0.04061	0.10929	0.05097	0.05011	0.08935	0.01357	0.04410	0.06059	0.05378	0.05722	0.00199	0.01914	0.00511	0.00305	0.02373
10	0.04558	0.06652	0.01597	0.33611	0.30791	0.04083	0.03210	0.03692	0.02776	0.01388	0.00860	0.01176	0.00697	0.02470	0.00485	0.00148	0.00569	0.00399	0.00232	0.00604
11	0.01452	0.03178	0.01203	0.01084	0.04783	0.41260	0.00802	0.15266	0.06741	0.02886	0.01431	0.04161	0.10677	0.00608	0.00446	0.00131	0.00610	0.00454	0.00326	0.02500
12	0.01078	0.00950	0.01536	0.38638	0.20831	0.02979	0.08582	0.04273	0.03378	0.06944	0.01043	0.05871	0.00849	0.00512	0.00472	0.00149	0.00571	0.00476	0.00268	0.00599
13	0.03195	0.05351	0.03155	0.03142	0.08363	0.14444	0.02292	0.27537	0.24103	0.02001	0.01189	0.01213	0.00898	0.00529	0.00443	0.00139	0.00528	0.00413	0.00373	0.00693
14	0.01014	0.00758	0.00864	0.00793	0.00991	0.00812	0.00618	0.07384	0.32881	0.06970	0.13789	0.08222	0.08794	0.03604	0.03485	0.00189	0.00375	0.07417	0.00455	0.00585
15	0.02774	0.00540	0.00700	0.02844	0.00885	0.00528	0.00556	0.01062	0.05743	0.11902	0.04674	0.38931	0.05326	0.04675	0.00634	0.00191	0.00337	0.16801	0.00434	0.00463
16	0.02836	0.00602	0.00730	0.00733	0.00842	0.03242	0.00554	0.01052	0.09871	0.03812	0.01788	0.17684	0.04939	0.08733	0.34018	0.00425	0.00721	0.06632	0.00340	0.00446
17	0.00660	0.00489	0.00733	0.00733	0.00813	0.00568	0.00568	0.00813	0.00733	0.01057	0.01216	0.01790	0.01136	0.03384	0.79460	0.03506	0.01203	0.00489	0.00244	0.00403
18	0.02256	0.00618	0.00725	0.00701	0.00842	0.00631	0.00528	0.06788	0.14676	0.04632	0.14054	0.21879	0.12904	0.04380	0.00685	0.05699	0.00322	0.06766	0.00430	0.00481
19	0.08656	0.00774	0.00886	0.00778	0.01011	0.00794	0.00618	0.14662	0.11764	0.18907	0.07876	0.12857	0.08999	0.02173	0.00521	0.00161	0.00363	0.07146	0.00459	0.00596
20	0.15140	0.01005	0.01133	0.00882	0.01231	0.01037	0.00728	0.33817	0.01578	0.36802	0.01338	0.01247	0.00891	0.00539	0.00433	0.00140	0.00432	0.00409	0.00479	0.00737
21	0.06771	0.00562	0.00667	0.00635	0.00782	0.00538	0.00471	0.02864	0.04403	0.12919	0.21658	0.24648	0.14487	0.05724	0.00622	0.00174	0.00293	0.00855	0.00450	0.00476
22	0.28103	0.00675	0.00709	0.00633	0.00849	0.00683	0.00498	0.01292	0.03501	0.17454	0.19021	0.06108	0.12820	0.03804	0.00512	0.00159	0.00316	0.01925	0.00423	0.00516
23	0.00609	0.00456	0.00548	0.00545	0.00644	0.00413	0.00391	0.00754	0.01100	0.01473	0.39617	0.14630	0.25647	0.10228	0.00746	0.00186	0.00253	0.00917	0.00447	0.00395
24	0.26260	0.00603	0.00642	0.00627	0.00781	0.00618	0.00467	0.01081	0.00936	0.11035	0.09214	0.30630	0.03581	0.06796	0.00594	0.00180	0.00315	0.02011	0.03169	0.00460
25	0.00910	0.00643	0.00769	0.00748	0.00896	0.00668	0.00585	0.01366	0.22145	0.07465	0.13115	0.03303	0.06090	0.16152	0.00872	0.00222	0.00370	0.22746	0.00431	0.00504
26	0.04946	0.00500	0.00593	0.00580	0.00701	0.00468	0.00428	0.00885	0.02508	0.05131	0.35310	0.16384	0.21018	0.06342	0.00648	0.00174	0.00264	0.02244	0.00450	0.00427
27	0.65000	0.00902	0.00802	0.00679	0.00983	0.01000	0.00560	0.08048	0.00990	0.16071	0.00884	0.00919	0.00633	0.00462	0.00330	0.00142	0.00374	0.00300	0.00349	0.00571
28	0.02442	0.00476	0.00582	0.00606	0.00683	0.00454	0.00421	0.01994	0.00934	0.06907	0.07779	0.37458	0.08038	0.19493	0.00937	0.00230	0.00318	0.04288	0.05558	0.00400
29	0.01650	0.01117	0.01234	0.00981	0.01319	0.01214	0.00799	0.45739	0.21761	0.17089	0.01427	0.01342	0.01003	0.00572	0.00462	0.00143	0.00448	0.00449	0.00481	0.00767
30	0.00656	0.00486	0.00710	0.00708	0.00784	0.00554	0.00540	0.00810	0.00768	0.01101	0.06343	0.02009	0.01396	0.10055	0.70113	0.00675	0.01099	0.00528	0.00265	0.00400
31	0.13579	0.00807	0.01000	0.00793	0.01118	0.00757	0.00649	0.07484	0.01273	0.59784	0.01647	0.06672	0.01145	0.00603	0.00445	0.00145	0.00386	0.00483	0.00513	0.00716
32	0.04693	0.00955	0.01158	0.00891	0.01248	0.00938	0.00736	0.28203	0.01581	0.52372	0.01535	0.01381	0.00996	0.00558	0.00455	0.00141	0.00428	0.00439	0.00522	0.00772
33	0.00646	0.00469	0.00608	0.00574	0.00684	0.00432	0.00430	0.00859	0.01290	0.01820	0.78037	0.03465	0.07068	0.00947	0.00542	0.00145	0.00217	0.00835	0.00503	0.00432
34	0.00940	0.00803	0.00939	0.00679	0.01075	0.00605	0.00540	0.01140	0.00950	0.01486	0.00869	0.03512	0.00753	0.00374	0.00348	0.00072	0.00338	0.00304	0.00277	0.83998
35	0.00719	0.00446	0.00593	0.00660	0.00725	0.00411	0.00461	0.00814	0.00931	0.09180	0.02488	0.68642	0.04695	0.02714	0.00604	0.00187	0.00288	0.04593	0.00438	0.00415
36	0.00656	0.00492	0.00738	0.00738	0.00820	0.00574	0.00574	0.00820	0.00738	0.01066	0.01230	0.01804	0.01148	0.03443	0.82046	0.00738	0.01230	0.00492	0.00246	0.00410
37	0.00963	0.00900	0.01488	0.60170	0.18275	0.01054	0.02808	0.03978	0.03418	0.01325	0.00870	0.01218	0.00666	0.00456	0.00460	0.00149	0.00591	0.00414	0.00226	0.00571
38	0.00809	0.00549	0.00736	0.08756	0.01056	0.00540	0.00625	0.01006	0.03188	0.09192	0.05083	0.23316	0.17191	0.01114	0.00563	0.00178	0.00356	0.24865	0.00421	0.00456
39	0.00639	0.00455	0.00535	0.00538	0.00581	0.00453	0.00345	0.00690	0.00755	0.00993	0.02030	0.06024	0.15935	0.52637	0.15084	0.00431	0.00529	0.00717	0.00305	0.00323
40	0.00856	0.00428	0.00428	0.00428	0.00535	0.00428	0.00321	0.01070	0.00963	0.01712	0.01498	0.01712	0.01177	0.00535	0.00321	0.00107	0.00214	0.00428	0.86414	0.00428
41	0.01192	0.01305	0.10295	0.01689	0.02152	0.01122	0.57478	0.05842	0.04059	0.08588	0.01040	0.01250	0.00754	0.00426	0.00517	0.00152	0.00701	0.00507	0.00279	0.00652
42	0.01569	0.00969	0.04273	0.04746	0.08460	0.00905	0.08826	0.06623	0.14302	0.39335	0.04069	0.01513	0.01138	0.00546	0.00471	0.00146	0.00460	0.00477	0.00449	0.00724
43	0.01115	0.00930	0.01017	0.00915	0.01155	0.01070	0.00719	0.08738	0.60287	0.01871	0.01735	0.01785	0.01354	0.01017	0.11450	0.00234	0.00494	0.02999	0.00435	0.00679
44	0.65362	0.00980	0.00832	0.00707	0.01008	0.03179	0.00581	0.14302	0.01056	0.07251	0.00793	0.00859	0.00587	0.00457	0.00328	0.00141	0.00394	0.00291	0.00330	0.00563
45	0.00704	0.00503	0.00689	0.00730	0.03213	0.00536	0.00505	0.00853	0.05860	0.01122	0.04471	0.16969	0.03574	0.13661	0.31407	0.13157	0.00683	0.00675	0.00304	0.00384
46	0.70700	0.03969	0.00774	0.00637	0.00920	0.03784	0.00525	0.02700	0.00866	0.05042	0.00952	0.01021	0.05679	0.00481	0.00315	0.00140	0.00372	0.00307	0.00302	0.00511
47	0.87108	0.00888	0.00675	0.00604	0.00888	0.01030	0.00497	0.01350	0.00781	0.02060	0.00639	0.00746	0.00497	0.00426	0.00284	0.00142	0.00355	0.00249	0.00284	0.00497
48	0.01071	0.04977	0.01361	0.01068	0.01347	0.01047	0.16282	0.05805	0.40817	0.02695	0.04318	0.09925	0.04943	0.00683	0.00493	0.00155	0.00439	0.01531	0.00403	0.00639
49	0.01077	0.00762	0.00900	0.00744	0.01020	0.00717	0.00584	0.03407	0.19965	0.12601	0.18468	0.03982	0.03037	0.00713	0.03074	0.00143	0.00355	0.00525	0.00419	0.27507
50	0.03229	0.00856	0.01241	0.06921	0.09310	0.01836	0.12309	0.11878	0.05971	0.02588	0.19213	0.05252	0.12578	0.00729	0.00525	0.00151	0.02060	0.02415	0.00378	0.00560

[dist]
# distance from previous block
# <min> <max>
11	48

[block]
# block no. 1 follows, 56 sequences, length 15
# corresponding to MSA columns:
# 311-325
name=unknown_B
#
# <colnr> <probs for GDERKNQSTAVLIFYWHMCP>
#	G	D	E	R	K	N	Q	S	T	A	V	L	I	F	Y	W	H	M	C	P
0	0.07948	0.01144	0.14081	0.02378	0.13261	0.03863	0.03300	0.02569	0.03778	0.01561	0.06783	0.04340	0.02876	0.00498	0.00414	0.00119	0.00452	0.00419	0.00286	0.29932
1	0.00942	0.00769	0.00982	0.06203	0.10651	0.02322	0.00691	0.01322	0.13021	0.04967	0.27360	0.03966	0.03737	0.00650	0.00463	0.00129	0.00353	0.00565	0.00387	0.20522
2	0.00994	0.07569	0.05437	0.04046	0.02507	0.01924	0.02465	0.01364	0.12158	0.11755	0.31559	0.02458	0.10876	0.00744	0.00485	0.00143	0.00352	0.00635	0.01977	0.00553
3	0.06992	0.10836	0.06594	0.08273	0.16662	0.02483	0.02164	0.11155	0.15261	0.05505	0.01053	0.01161	0.00812	0.00495	0.00475	0.00138	0.04642	0.00391	0.00312	0.04596
4	0.03304	0.21876	0.13175	0.03838	0.03440	0.06337	0.02501	0.12667	0.07024	0.15884	0.01081	0.02344	0.00815	0.00508	0.00447	0.00134	0.03251	0.00382	0.00330	0.00663
5	0.00993	0.00967	0.01499	0.51291	0.26142	0.05096	0.01263	0.01276	0.00977	0.01282	0.00825	0.01166	0.00648	0.00440	0.00450	0.00143	0.00591	0.00397	0.00216	0.04339
6	0.00918	0.00986	0.10579	0.29182	0.05881	0.02197	0.02852	0.02676	0.03787	0.03125	0.09011	0.05896	0.05326	0.00577	0.00457	0.00137	0.00486	0.00501	0.00291	0.15136
7	0.00553	0.00458	0.00486	0.00506	0.00640	0.00391	0.00376	0.00668	0.01022	0.01235	0.04247	0.16220	0.66141	0.01208	0.00553	0.00162	0.00245	0.04077	0.00426	0.00387
8	0.00999	0.00909	0.01353	0.33893	0.24483	0.03088	0.01099	0.03103	0.10157	0.02794	0.06823	0.03517	0.04717	0.00557	0.00470	0.00147	0.00511	0.00496	0.00290	0.00593
9	0.00609	0.00468	0.00558	0.00535	0.00661	0.00416	0.00401	0.00788	0.01204	0.01614	0.52034	0.03803	0.33199	0.01023	0.00542	0.00148	0.00223	0.00883	0.00476	0.00416
10	0.01038	0.00952	0.01441	0.20310	0.09526	0.01056	0.13328	0.06440	0.22709	0.01559	0.02833	0.01584	0.04997	0.02764	0.00620	0.02345	0.05075	0.00502	0.00317	0.00603
11	0.00663	0.00443	0.00502	0.00506	0.00507	0.00442	0.00284	0.00666	0.00676	0.00902	0.01491	0.06303	0.01725	0.80491	0.02265	0.00434	0.00438	0.00694	0.00284	0.00282
12	0.01604	0.06080	0.04297	0.01154	0.01437	0.57325	0.03586	0.07980	0.07756	0.03309	0.00870	0.00954	0.00689	0.00485	0.00422	0.00125	0.00730	0.00335	0.00277	0.00585
13	0.09193	0.00853	0.01051	0.00818	0.01157	0.00811	0.00674	0.14274	0.01385	0.58399	0.01585	0.01428	0.01028	0.00552	0.00439	0.00140	0.00397	0.00434	0.04642	0.00740
14	0.01356	0.51046	0.04724	0.00931	0.01323	0.01613	0.04598	0.24530	0.01305	0.01663	0.00815	0.00898	0.00664	0.00444	0.00361	0.00114	0.00509	0.00317	0.02145	0.00647

[dist]
# distance from previous block
# <min> <max>
0	2

[block]
# block no. 2 follows, 56 sequences, length 32
# corresponding to MSA columns:
# 328-359
name=unknown_C
#
# <colnr> <probs for GDERKNQSTAVLIFYWHMCP>
#	G	D	E	R	K	N	Q	S	T	A	V	L	I	F	Y	W	H	M	C	P
0	0.03097	0.30848	0.05702	0.00912	0.01297	0.03404	0.02106	0.20242	0.01348	0.25132	0.01109	0.01089	0.00795	0.00487	0.00397	0.00125	0.00485	0.00360	0.00371	0.00693
1	0.11919	0.05966	0.01168	0.02930	0.01227	0.03237	0.02749	0.25318	0.09270	0.15460	0.09113	0.01653	0.04835	0.00611	0.00446	0.00142	0.00429	0.02450	0.00425	0.00651
2	0.00657	0.00472	0.00644	0.00746	0.00820	0.00458	0.00595	0.00810	0.00982	0.01285	0.02548	0.38072	0.05455	0.01336	0.00611	0.00199	0.00351	0.43135	0.00424	0.00401
3	0.01030	0.04185	0.01627	0.15838	0.05309	0.00940	0.22705	0.01342	0.03920	0.03579	0.00905	0.01126	0.00709	0.00403	0.00447	0.00119	0.01844	0.00393	0.00258	0.33322
4	0.00782	0.00403	0.00590	0.00590	0.00599	0.00398	0.00396	0.00602	0.00624	0.00823	0.01024	0.01573	0.05505	0.01569	0.01721	0.81554	0.00389	0.00432	0.00213	0.00210
5	0.01376	0.09561	0.02955	0.03034	0.29731	0.30197	0.04480	0.05915	0.05841	0.01419	0.00860	0.01022	0.00702	0.00451	0.00429	0.00129	0.00642	0.00364	0.00254	0.00638
6	0.00668	0.00445	0.00501	0.00501	0.00501	0.00445	0.00278	0.00668	0.00668	0.00890	0.01447	0.03004	0.01669	0.83866	0.02337	0.00445	0.00445	0.00668	0.00278	0.00278
7	0.00921	0.00856	0.03461	0.20489	0.24240	0.00879	0.00982	0.01326	0.13033	0.01517	0.18042	0.01906	0.05779	0.00651	0.00532	0.03501	0.00446	0.00541	0.00325	0.00575
8	0.00952	0.00816	0.00952	0.00680	0.01088	0.00612	0.00544	0.01156	0.00952	0.01496	0.00816	0.00952	0.00680	0.00340	0.00340	0.00068	0.00340	0.00272	0.00272	0.86672
9	0.00988	0.01045	0.04630	0.06255	0.03902	0.00993	0.41180	0.01477	0.14388	0.01522	0.04941	0.10734	0.01257	0.00583	0.00515	0.00155	0.00581	0.00615	0.03645	0.00592
10	0.01080	0.01207	0.02562	0.01849	0.02293	0.01146	0.72729	0.01520	0.06035	0.01497	0.01020	0.01353	0.00782	0.00421	0.00539	0.00156	0.00741	0.02198	0.00251	0.00622
11	0.04345	0.04438	0.06209	0.24955	0.18779	0.04123	0.01090	0.10937	0.07217	0.03573	0.01036	0.02395	0.01934	0.00567	0.02380	0.00156	0.01885	0.00417	0.00282	0.03283
12	0.00936	0.04180	0.56472	0.01164	0.01697	0.01005	0.04074	0.06520	0.01023	0.01469	0.01130	0.01363	0.05422	0.05959	0.05457	0.00199	0.00657	0.00416	0.00235	0.00622
13	0.00597	0.00462	0.00543	0.00534	0.00656	0.00409	0.00396	0.00760	0.01159	0.01531	0.42028	0.09926	0.37201	0.01073	0.00545	0.00152	0.00227	0.00926	0.00465	0.00409
14	0.00927	0.00868	0.01337	0.28992	0.10970	0.02994	0.07753	0.01307	0.11128	0.01301	0.01092	0.03622	0.00924	0.02273	0.17398	0.00279	0.05556	0.00476	0.00259	0.00545
15	0.00642	0.00465	0.00605	0.00579	0.00683	0.00428	0.00431	0.00847	0.01267	0.01784	0.74022	0.08679	0.05888	0.00976	0.00544	0.00147	0.00220	0.00864	0.00499	0.00428
16	0.00893	0.00682	0.00981	0.05985	0.13972	0.00718	0.00736	0.02134	0.03110	0.07514	0.21868	0.20313	0.05266	0.02096	0.00656	0.00166	0.09279	0.02729	0.00387	0.00514
17	0.00937	0.00801	0.00936	0.00678	0.01072	0.00603	0.00540	0.01137	0.00949	0.01484	0.00879	0.04006	0.00767	0.00381	0.00349	0.00072	0.00337	0.00310	0.00278	0.83482
18	0.87108	0.00888	0.00675	0.00604	0.00888	0.01030	0.00497	0.01350	0.00781	0.02060	0.00639	0.00746	0.00497	0.00426	0.00284	0.00142	0.00355	0.00249	0.00284	0.00497
19	0.00931	0.02307	0.76764	0.01346	0.02012	0.01072	0.06351	0.01455	0.00976	0.01455	0.00830	0.00985	0.00588	0.00433	0.00443	0.00146	0.00684	0.00351	0.00196	0.00675
20	0.01291	0.01022	0.01093	0.00947	0.01229	0.01159	0.00747	0.14618	0.63187	0.06746	0.01744	0.01607	0.01288	0.00608	0.00466	0.00152	0.00387	0.00499	0.00472	0.00738
21	0.01943	0.00793	0.01053	0.00820	0.01160	0.00710	0.00673	0.03937	0.06061	0.71709	0.04860	0.01634	0.01268	0.00585	0.00465	0.00143	0.00385	0.00478	0.00557	0.00765
22	0.00559	0.00400	0.00533	0.00639	0.00666	0.00373	0.00426	0.00639	0.00879	0.01172	0.02530	0.83566	0.03036	0.01438	0.00586	0.00186	0.00266	0.01305	0.00426	0.00373
23	0.01914	0.00749	0.01019	0.00792	0.01122	0.00650	0.00650	0.02096	0.01313	0.73101	0.09975	0.01756	0.01467	0.00607	0.00470	0.00142	0.00373	0.00500	0.00562	0.00745
24	0.00668	0.00445	0.00501	0.00501	0.00501	0.00445	0.00278	0.00668	0.00668	0.00890	0.01447	0.03004	0.01669	0.83866	0.02337	0.00445	0.00445	0.00668	0.00278	0.00278
25	0.00657	0.00486	0.00709	0.00709	0.00782	0.00558	0.00538	0.00802	0.00729	0.01045	0.01256	0.01947	0.01210	0.13074	0.72501	0.00703	0.01136	0.00513	0.00250	0.00394
26	0.01183	0.01006	0.01263	0.10948	0.16533	0.01129	0.00931	0.08540	0.47305	0.03877	0.01489	0.01491	0.01122	0.00556	0.00463	0.00150	0.00440	0.00475	0.00393	0.00707
27	0.02060	0.00781	0.01065	0.00817	0.01172	0.00675	0.00675	0.02237	0.01314	0.81320	0.01811	0.01563	0.01136	0.00568	0.00462	0.00142	0.00391	0.00462	0.00568	0.00781
28	0.01038	0.01114	0.09385	0.09380	0.28840	0.01054	0.07734	0.04186	0.14526	0.01528	0.02436	0.03824	0.03113	0.00671	0.04079	0.00176	0.05505	0.00484	0.00286	0.00643
29	0.01715	0.02188	0.01301	0.01183	0.01419	0.82022	0.00887	0.01833	0.01301	0.01124	0.00710	0.00828	0.00591	0.00473	0.00414	0.00118	0.00828	0.00296	0.00237	0.00532
30	0.01032	0.00921	0.01280	0.09368	0.12915	0.04390	0.08082	0.04439	0.01039	0.03612	0.01059	0.06597	0.00944	0.00632	0.04046	0.00144	0.00505	0.03447	0.00284	0.35263
31	0.07818	0.01070	0.01133	0.00943	0.01247	0.01197	0.00756	0.32621	0.36888	0.06966	0.01489	0.03485	0.01116	0.00598	0.00453	0.00148	0.00418	0.00474	0.00455	0.00725

[dist]
# distance from previous block
# <min> <max>
0	1

[block]
# block no. 3 follows, 56 sequences, length 76
# corresponding to MSA columns:
# 361-436
name=unknown_D
#
# <colnr> <probs for GDERKNQSTAVLIFYWHMCP>
#	G	D	E	R	K	N	Q	S	T	A	V	L	I	F	Y	W	H	M	C	P
0	0.01326	0.57136	0.04287	0.00994	0.06795	0.04237	0.00863	0.13168	0.01149	0.03737	0.00768	0.00856	0.00645	0.00426	0.00344	0.00110	0.00507	0.00293	0.00251	0.02106
1	0.01108	0.01283	0.16246	0.06746	0.38415	0.02155	0.04238	0.02595	0.08011	0.04985	0.01099	0.01282	0.03469	0.00496	0.00526	0.00146	0.05830	0.00430	0.00264	0.00676
2	0.01107	0.33259	0.01550	0.00747	0.01147	0.01092	0.01893	0.01291	0.00962	0.04617	0.00790	0.00898	0.00664	0.00371	0.00331	0.00084	0.00408	0.00274	0.00254	0.48265
3	0.00581	0.00464	0.00521	0.00521	0.00652	0.00404	0.00390	0.00726	0.01109	0.01414	0.26533	0.09683	0.50901	0.01120	0.00548	0.00156	0.00236	0.03192	0.00449	0.00401
4	0.00704	0.01922	0.00652	0.00600	0.00766	0.00579	0.00457	0.01091	0.17800	0.01510	0.20575	0.06276	0.43368	0.00997	0.00524	0.00153	0.00262	0.00843	0.00449	0.00472
5	0.87108	0.00888	0.00675	0.00604	0.00888	0.01030	0.00497	0.01350	0.00781	0.02060	0.00639	0.00746	0.00497	0.00426	0.00284	0.00142	0.00355	0.00249	0.00284	0.00497
6	0.00594	0.00471	0.00541	0.00533	0.00667	0.00418	0.00406	0.00751	0.01121	0.01447	0.30759	0.04001	0.47283	0.01187	0.04003	0.00179	0.00278	0.04510	0.00446	0.00406
7	0.01892	0.01051	0.01232	0.00945	0.01306	0.01075	0.00780	0.43489	0.01765	0.39431	0.01433	0.01317	0.00946	0.00559	0.00460	0.00140	0.00452	0.00436	0.00510	0.00781
8	0.01158	0.00981	0.01040	0.00930	0.01187	0.01128	0.00724	0.07546	0.71561	0.01954	0.01845	0.05143	0.01429	0.00653	0.00472	0.00156	0.00369	0.00545	0.00465	0.00715
9	0.00656	0.00492	0.00738	0.00738	0.00820	0.00574	0.00574	0.00820	0.00738	0.01066	0.01230	0.01804	0.01148	0.03443	0.82046	0.00738	0.01230	0.00492	0.00246	0.00410
10	0.01722	0.01983	0.01318	0.01154	0.01420	0.63709	0.00884	0.19474	0.01496	0.01526	0.00799	0.00890	0.00634	0.00491	0.00424	0.00123	0.00755	0.00322	0.00287	0.00589
11	0.00626	0.00467	0.00581	0.00556	0.00672	0.00423	0.00416	0.00819	0.01239	0.01703	0.63443	0.05294	0.20078	0.00995	0.00543	0.00147	0.00221	0.00869	0.00487	0.00423
12	0.00997	0.00770	0.00857	0.00779	0.00984	0.00827	0.00599	0.06201	0.38567	0.05829	0.19012	0.09779	0.11236	0.00819	0.00502	0.00154	0.00318	0.00699	0.00472	0.00599
13	0.00952	0.00816	0.00952	0.00680	0.01088	0.00612	0.00544	0.01156	0.00952	0.01496	0.00816	0.00952	0.00680	0.00340	0.00340	0.00068	0.00340	0.00272	0.00272	0.86672
14	0.11210	0.14367	0.00973	0.00667	0.00843	0.00796	0.00525	0.01175	0.00884	0.14937	0.01382	0.02300	0.01344	0.32017	0.05645	0.00289	0.00473	0.09376	0.00330	0.00466
15	0.01055	0.03426	0.29900	0.07952	0.21025	0.03308	0.22382	0.02859	0.01044	0.01457	0.00859	0.01094	0.00654	0.00420	0.00467	0.00144	0.00664	0.00414	0.00219	0.00657
16	0.01600	0.00679	0.00905	0.00729	0.01007	0.00593	0.00589	0.01784	0.01286	0.55550	0.20663	0.02198	0.07210	0.00695	0.00483	0.00143	0.00335	0.00582	0.02305	0.00665
17	0.37779	0.00826	0.00901	0.00727	0.01053	0.00824	0.00600	0.01864	0.01090	0.48032	0.01319	0.01220	0.00868	0.00509	0.00387	0.00142	0.00376	0.00372	0.00449	0.00662
18	0.03271	0.00832	0.01367	0.01060	0.02476	0.00743	0.23697	0.01181	0.01010	0.04918	0.09256	0.07255	0.03767	0.04279	0.06030	0.00179	0.00517	0.00541	0.00310	0.27310
19	0.00663	0.00502	0.00751	0.00747	0.00827	0.00590	0.00582	0.00825	0.00737	0.01067	0.01217	0.01788	0.01137	0.03392	0.80475	0.00727	0.02825	0.00490	0.00245	0.00412
20	0.00668	0.00445	0.00501	0.00501	0.00501	0.00445	0.00278	0.00668	0.00668	0.00890	0.01447	0.03004	0.01669	0.83866	0.02337	0.00445	0.00445	0.00668	0.00278	0.00278
21	0.01755	0.01884	0.01291	0.01123	0.01395	0.59316	0.00863	0.15840	0.01457	0.09534	0.00891	0.00951	0.00680	0.00497	0.00427	0.00124	0.00726	0.00334	0.00310	0.00602
22	0.01136	0.01091	0.01863	0.02818	0.81002	0.01091	0.01409	0.01409	0.01045	0.01500	0.00864	0.01136	0.00727	0.00409	0.00455	0.00136	0.00545	0.00409	0.00227	0.00727
23	0.00558	0.00466	0.00487	0.00481	0.00630	0.00394	0.00361	0.00689	0.01083	0.01327	0.15622	0.04276	0.69790	0.01130	0.00542	0.00153	0.00230	0.00949	0.00438	0.00394
24	0.01062	0.01386	0.12917	0.01854	0.02346	0.01149	0.69274	0.01468	0.01069	0.01468	0.00915	0.01204	0.00682	0.00393	0.00528	0.00154	0.00762	0.00516	0.00227	0.00627
25	0.00856	0.00428	0.00428	0.00428	0.00535	0.00428	0.00321	0.01070	0.00963	0.01712	0.01498	0.01712	0.01177	0.00535	0.00321	0.00107	0.00214	0.00428	0.86414	0.00428
26	0.00668	0.00445	0.00501	0.00501	0.00501	0.00445	0.00278	0.00668	0.00668	0.00890	0.01447	0.03004	0.01669	0.83866	0.02337	0.00445	0.00445	0.00668	0.00278	0.00278
27	0.00856	0.00428	0.00428	0.00428	0.00535	0.00428	0.00321	0.01070	0.00963	0.01712	0.01498	0.01712	0.01177	0.00535	0.00321	0.00107	0.00214	0.00428	0.86414	0.00428
28	0.00668	0.00445	0.00501	0.00501	0.00501	0.00445	0.00278	0.00668	0.00668	0.00890	0.01447	0.03004	0.01669	0.83866	0.02337	0.00445	0.00445	0.00668	0.00278	0.00278
29	0.00931	0.05169	0.78784	0.01291	0.01959	0.01092	0.01665	0.01451	0.00968	0.01441	0.00818	0.00961	0.00582	0.00435	0.00431	0.00144	0.00672	0.00336	0.00194	0.00675
30	0.00944	0.08647	0.75421	0.01268	0.01925	0.01124	0.01626	0.01448	0.00966	0.01425	0.00810	0.00951	0.00582	0.00433	0.00425	0.00142	0.00664	0.00332	0.00194	0.00672
31	0.01084	0.01238	0.02709	0.01935	0.02399	0.01161	0.79334	0.01471	0.01084	0.01471	0.00929	0.01238	0.00697	0.00387	0.00542	0.00155	0.00774	0.00542	0.00232	0.00619
32	0.00886	0.00828	0.01394	0.43591	0.15101	0.00923	0.08003	0.01178	0.03391	0.01276	0.01332	0.07132	0.07284	0.00625	0.00522	0.02478	0.00543	0.02725	0.00257	0.00532
33	0.00562	0.00405	0.00528	0.00625	0.00658	0.00376	0.00417	0.00641	0.00882	0.01167	0.02620	0.76308	0.07554	0.04099	0.00640	0.00193	0.00270	0.01265	0.00421	0.00371
34	0.01365	0.01570	0.01142	0.07466	0.03957	0.49852	0.00820	0.03599	0.01198	0.02810	0.03466	0.18239	0.01233	0.00689	0.00461	0.00138	0.00649	0.00541	0.00294	0.00512
35	0.01358	0.00823	0.01019	0.00776	0.02536	0.00666	0.00614	0.03811	0.01113	0.28879	0.01166	0.01169	0.00840	0.00426	0.00387	0.00097	0.00366	0.00344	0.00378	0.53235
36	0.55850	0.00959	0.01022	0.03291	0.03535	0.02431	0.04956	0.01303	0.00800	0.01747	0.00659	0.00860	0.00544	0.00513	0.00596	0.00156	0.19695	0.00311	0.00257	0.00513
37	0.00925	0.02344	0.79371	0.01325	0.01998	0.01069	0.03782	0.01454	0.00972	0.01454	0.00827	0.00977	0.00585	0.00435	0.00439	0.00146	0.00681	0.00345	0.00195	0.00677
38	0.01028	0.01737	0.39590	0.01519	0.04579	0.01116	0.28303	0.02925	0.11653	0.01548	0.01006	0.01169	0.00739	0.00445	0.00478	0.00150	0.00662	0.00437	0.00249	0.00668
39	0.00624	0.00465	0.00579	0.00557	0.00671	0.00421	0.00415	0.00814	0.01229	0.01688	0.61619	0.07033	0.20178	0.01006	0.00544	0.00148	0.00222	0.00879	0.00486	0.00421
40	0.01227	0.84142	0.02406	0.00786	0.01178	0.01817	0.00786	0.01375	0.00933	0.01080	0.00638	0.00736	0.00589	0.00393	0.00295	0.00098	0.00491	0.00245	0.00196	0.00589
41	0.00697	0.00498	0.00691	0.00797	0.00884	0.00492	0.00666	0.00878	0.01015	0.01326	0.02454	0.23619	0.02735	0.01308	0.00623	0.00206	0.00386	0.59890	0.00424	0.00411
42	0.00952	0.00816	0.00952	0.00680	0.01088	0.00612	0.00544	0.01156	0.00952	0.01496	0.00816	0.00952	0.00680	0.00340	0.00340	0.00068	0.00340	0.00272	0.00272	0.86672
43	0.00644	0.00467	0.00606	0.00576	0.00683	0.00430	0.00430	0.00853	0.01279	0.01801	0.75915	0.05762	0.06908	0.00961	0.00543	0.00146	0.00219	0.00849	0.00500	0.00430
44	0.00661	0.00442	0.00503	0.00509	0.00511	0.00441	0.00287	0.00666	0.00681	0.00907	0.01513	0.07932	0.01753	0.78824	0.02230	0.00429	0.00434	0.00707	0.00287	0.00284
45	0.00668	0.00445	0.00501	0.00501	0.00501	0.00445	0.00278	0.00668	0.00668	0.00890	0.01447	0.03004	0.01669	0.83866	0.02337	0.00445	0.00445	0.00668	0.00278	0.00278
46	0.00659	0.00480	0.00679	0.00679	0.00740	0.00542	0.00500	0.00782	0.00720	0.01022	0.01284	0.02104	0.01278	0.23546	0.62121	0.00665	0.01034	0.00536	0.00254	0.00377
47	0.00549	0.00460	0.00477	0.00485	0.00627	0.00388	0.00359	0.00666	0.01043	0.01260	0.07700	0.11040	0.71023	0.01176	0.00546	0.00157	0.00235	0.00991	0.00430	0.00388
48	0.01227	0.84142	0.02406	0.00786	0.01178	0.01817	0.00786	0.01375	0.00933	0.01080	0.00638	0.00736	0.00589	0.00393	0.00295	0.00098	0.00491	0.00245	0.00196	0.00589
49	0.00982	0.00848	0.01051	0.06422	0.06263	0.00695	0.00658	0.03603	0.00993	0.01518	0.00828	0.00987	0.00681	0.00359	0.00359	0.00080	0.00377	0.00294	0.00270	0.72731
50	0.01062	0.40157	0.44945	0.01067	0.01613	0.01413	0.01275	0.01417	0.00952	0.01281	0.00738	0.00862	0.00585	0.00416	0.00371	0.00124	0.00592	0.00296	0.00195	0.00637
51	0.00645	0.00458	0.00546	0.00554	0.00600	0.00456	0.00365	0.00707	0.00783	0.01034	0.04460	0.06217	0.14019	0.49587	0.13571	0.00413	0.00513	0.04426	0.00316	0.00330
52	0.02597	0.05407	0.10189	0.00804	0.01085	0.00752	0.00719	0.04040	0.07877	0.25643	0.18074	0.10377	0.05635	0.00767	0.00487	0.00150	0.00376	0.03970	0.00448	0.00603
53	0.01205	0.16140	0.27000	0.01182	0.05085	0.14302	0.03611	0.05313	0.15214	0.02668	0.01004	0.01094	0.00775	0.00560	0.02795	0.00151	0.00614	0.00367	0.00272	0.00647
54	0.01216	0.81223	0.05229	0.00804	0.01207	0.01790	0.00818	0.01378	0.00934	0.01093	0.00645	0.00745	0.00589	0.00394	0.00300	0.00100	0.00498	0.00249	0.00196	0.00592
55	0.00947	0.00771	0.00914	0.00681	0.01045	0.00591	0.00539	0.01127	0.00944	0.03280	0.00956	0.05163	0.00852	0.00472	0.00423	0.03750	0.00342	0.01925	0.00286	0.74991
56	0.01309	0.04953	0.01390	0.16922	0.15696	0.12738	0.03752	0.09567	0.02576	0.13503	0.02373	0.05568	0.00959	0.01678	0.02390	0.02676	0.00564	0.00458	0.00318	0.00609
57	0.00743	0.00510	0.00685	0.00771	0.00867	0.00507	0.00636	0.00957	0.03469	0.02795	0.02359	0.22793	0.02563	0.01223	0.00593	0.00195	0.00370	0.50996	0.06541	0.00427
58	0.01110	0.11457	0.25043	0.14893	0.15136	0.02152	0.01194	0.03682	0.01064	0.09968	0.05370	0.02355	0.03604	0.00512	0.00440	0.00139	0.00543	0.00425	0.00277	0.00633
59	0.26695	0.11457	0.01203	0.06568	0.06427	0.22703	0.00764	0.01402	0.02140	0.01421	0.00809	0.02181	0.00709	0.04117	0.07123	0.00194	0.02973	0.00342	0.00250	0.00520
60	0.00630	0.00486	0.00563	0.00547	0.00677	0.00444	0.00409	0.00848	0.04835	0.01559	0.39359	0.08223	0.35163	0.01031	0.00534	0.00151	0.00233	0.00887	0.02996	0.00425
61	0.01247	0.51473	0.13558	0.01033	0.05112	0.15147	0.00965	0.01450	0.00997	0.01162	0.00696	0.00827	0.00604	0.00470	0.01644	0.00122	0.02411	0.00283	0.00205	0.00594
62	0.01248	0.22013	0.11476	0.01021	0.01375	0.10593	0.04534	0.11297	0.24909	0.01628	0.01191	0.04729	0.00967	0.00541	0.00422	0.00135	0.00520	0.00425	0.00326	0.00650
63	0.00573	0.00460	0.00512	0.00516	0.00646	0.00399	0.00383	0.00711	0.01090	0.01379	0.22586	0.12260	0.53421	0.01139	0.00548	0.00157	0.00235	0.02145	0.00445	0.00398
64	0.00844	0.00699	0.00765	0.00715	0.00896	0.00741	0.00543	0.01516	0.36964	0.01683	0.21701	0.06946	0.20453	0.02776	0.00552	0.00161	0.00295	0.00741	0.00461	0.00549
65	0.00559	0.00400	0.00533	0.00639	0.00666	0.00373	0.00426	0.00639	0.00879	0.01172	0.02530	0.83566	0.03036	0.01438	0.00586	0.00186	0.00266	0.01305	0.00426	0.00373
66	0.01686	0.01349	0.01373	0.01079	0.01407	0.08972	0.00884	0.66242	0.01968	0.02592	0.01027	0.01069	0.00749	0.00563	0.00535	0.00141	0.06809	0.00401	0.00419	0.00736
67	0.00656	0.00492	0.00738	0.00738	0.00820	0.00574	0.00574	0.00820	0.00738	0.01066	0.01230	0.01804	0.01148	0.03443	0.82046	0.00738	0.01230	0.00492	0.00246	0.00410
68	0.01119	0.00957	0.01012	0.00908	0.01161	0.01097	0.00707	0.04404	0.72331	0.01923	0.05277	0.01851	0.03903	0.00651	0.00472	0.00155	0.00357	0.00543	0.00467	0.00705
69	0.00665	0.00444	0.00501	0.00504	0.00504	0.00443	0.00281	0.00667	0.00672	0.00896	0.01470	0.04783	0.01699	0.82046	0.02298	0.00439	0.00441	0.00682	0.00281	0.00280
70	0.00712	0.00520	0.00542	0.00537	0.00549	0.03908	0.00313	0.00722	0.00697	0.00905	0.01409	0.02876	0.01608	0.77904	0.04659	0.00440	0.00485	0.00647	0.00275	0.00293
71	0.01030	0.01580	0.34209	0.11413	0.34841	0.01068	0.01468	0.03814	0.01031	0.01486	0.00848	0.01072	0.00655	0.00428	0.00444	0.00140	0.00600	0.00376	0.00219	0.03275
72	0.01800	0.00834	0.01061	0.00829	0.01151	0.00784	0.00678	0.16806	0.01473	0.55067	0.12862	0.01739	0.01521	0.00617	0.00473	0.00142	0.00388	0.00505	0.00538	0.00732
73	0.01132	0.01160	0.06336	0.18128	0.44188	0.03608	0.03837	0.07954	0.02547	0.01527	0.00875	0.01139	0.00702	0.00456	0.00506	0.00144	0.04444	0.00408	0.00244	0.00666
74	0.06170	0.11917	0.24495	0.11653	0.02919	0.01044	0.06332	0.04398	0.00950	0.01380	0.00899	0.01174	0.00732	0.01113	0.18959	0.00272	0.00734	0.00380	0.00230	0.04247
75	0.34882	0.16251	0.10164	0.00907	0.02355	0.14937	0.03073	0.05940	0.01025	0.01656	0.03324	0.00943	0.00706	0.01668	0.00383	0.00135	0.00516	0.00311	0.00265	0.00558

[dist]
# distance from previous block
# <min> <max>
0	50

# created by:
# /st0/software/busco_prod/Augustus/scripts/msa2prfl.pl ./align_prep/1287401.fa
