[name]
unknown

[dist]
# distance from previous block
# <min> <max>
0	30

[block]
# block no. 0 follows, 49 sequences, length 21
# corresponding to MSA columns:
# 311-331
name=unknown_A
#
# <colnr> <probs for GDERKNQSTAVLIFYWHMCP>
#	G	D	E	R	K	N	Q	S	T	A	V	L	I	F	Y	W	H	M	C	P
0	0.07633	0.16721	0.01665	0.01214	0.04838	0.25457	0.02215	0.18381	0.01428	0.03778	0.00925	0.01102	0.00758	0.00634	0.02260	0.00160	0.08483	0.01364	0.00318	0.00666
1	0.00724	0.00535	0.00780	0.00780	0.00859	0.00614	0.00592	0.00882	0.00803	0.01150	0.01384	0.02151	0.01336	0.13553	0.70562	0.00773	0.01247	0.00566	0.00275	0.00433
2	0.00726	0.00498	0.00672	0.00691	0.00731	0.00529	0.00476	0.00789	0.00795	0.01095	0.01609	0.14834	0.01744	0.29984	0.33220	0.09390	0.00799	0.00737	0.00309	0.00372
3	0.01688	0.24421	0.04033	0.01105	0.02998	0.09859	0.00943	0.39221	0.01756	0.04387	0.01049	0.01106	0.00799	0.00542	0.00442	0.00136	0.00579	0.00389	0.03794	0.00752
4	0.00643	0.00513	0.00587	0.00608	0.00742	0.00441	0.00436	0.00768	0.01090	0.01393	0.07852	0.33619	0.40909	0.01318	0.00600	0.00176	0.00278	0.01145	0.00462	0.06421
5	0.01277	0.58153	0.09568	0.00931	0.01352	0.04770	0.00925	0.01567	0.06419	0.01336	0.03156	0.04333	0.00942	0.00521	0.00380	0.00123	0.00541	0.00370	0.00261	0.03072
6	0.02983	0.57452	0.04144	0.00929	0.01358	0.01684	0.02838	0.04565	0.02449	0.15916	0.00999	0.01035	0.00785	0.00481	0.00379	0.00124	0.00529	0.00338	0.00311	0.00700
7	0.00679	0.00518	0.00556	0.00554	0.00706	0.00444	0.00406	0.00804	0.01134	0.04415	0.08212	0.11592	0.60299	0.06525	0.00727	0.00194	0.00281	0.01050	0.00469	0.00437
8	0.00710	0.00508	0.00629	0.00689	0.00770	0.00475	0.00480	0.03905	0.01081	0.02985	0.05860	0.56731	0.16722	0.03973	0.00688	0.00204	0.00307	0.02370	0.00472	0.00441
9	0.01514	0.00798	0.00999	0.00865	0.01133	0.00773	0.00700	0.07797	0.10614	0.33238	0.11599	0.06838	0.05715	0.00870	0.00552	0.00171	0.00396	0.11209	0.03527	0.00693
10	0.01310	0.18371	0.21471	0.01149	0.01603	0.01412	0.03892	0.14728	0.23676	0.01939	0.01309	0.01405	0.01009	0.00572	0.00469	0.00152	0.00558	0.02041	0.02188	0.00747
11	0.04266	0.06154	0.23505	0.01508	0.04559	0.07766	0.21076	0.04031	0.02571	0.09701	0.01047	0.01222	0.00778	0.00524	0.00596	0.00161	0.07480	0.00449	0.01904	0.00701
12	0.01063	0.02113	0.52921	0.01467	0.02074	0.01189	0.13346	0.01691	0.09933	0.01664	0.03891	0.01308	0.00915	0.00531	0.00551	0.00165	0.03731	0.00453	0.00267	0.00726
13	0.01077	0.01055	0.04327	0.26657	0.37581	0.01078	0.01326	0.01434	0.05364	0.01516	0.01187	0.07563	0.01062	0.02813	0.00571	0.00171	0.00584	0.02110	0.00279	0.02246
14	0.00718	0.00512	0.00635	0.00637	0.00754	0.00464	0.00469	0.00890	0.01237	0.03958	0.38158	0.20157	0.21441	0.04019	0.00677	0.00185	0.00277	0.03848	0.00508	0.00457
15	0.01203	0.01057	0.03671	0.04235	0.03648	0.00900	0.02241	0.14632	0.02957	0.01918	0.02527	0.01174	0.00861	0.00447	0.00421	0.00103	0.00444	0.00363	0.00337	0.56862
16	0.02971	0.00560	0.00616	0.00578	0.00725	0.00556	0.00440	0.05226	0.01224	0.05472	0.19174	0.05371	0.02122	0.00729	0.00434	0.00135	0.00268	0.00606	0.52282	0.00510
17	0.01062	0.01046	0.04719	0.20781	0.29204	0.01062	0.03687	0.01504	0.10822	0.01617	0.07951	0.04063	0.04645	0.00651	0.00555	0.00166	0.02347	0.03128	0.00324	0.00667
18	0.00838	0.00556	0.00653	0.00632	0.00703	0.00551	0.00412	0.01010	0.06760	0.05367	0.16060	0.09319	0.04562	0.48439	0.01744	0.00357	0.00412	0.00808	0.00402	0.00415
19	0.03748	0.03251	0.34483	0.01529	0.06450	0.10381	0.15345	0.01690	0.04420	0.06154	0.01101	0.04964	0.00874	0.00552	0.00536	0.00161	0.02903	0.00477	0.00281	0.00700
20	0.01014	0.00891	0.03877	0.01208	0.09542	0.00873	0.07467	0.07615	0.07240	0.03911	0.11083	0.15864	0.09093	0.02880	0.06551	0.00231	0.05292	0.04371	0.00407	0.00590

[dist]
# distance from previous block
# <min> <max>
0	2

[block]
# block no. 1 follows, 49 sequences, length 6
# corresponding to MSA columns:
# 334-339
name=unknown_B
#
# <colnr> <probs for GDERKNQSTAVLIFYWHMCP>
#	G	D	E	R	K	N	Q	S	T	A	V	L	I	F	Y	W	H	M	C	P
0	0.10279	0.20118	0.04713	0.01066	0.05329	0.05116	0.03081	0.05034	0.09118	0.20562	0.01232	0.01240	0.00907	0.00517	0.00430	0.00137	0.00505	0.00396	0.00382	0.09839
1	0.00939	0.00552	0.00692	0.00670	0.00815	0.00499	0.00498	0.01099	0.01201	0.14256	0.22883	0.22787	0.17276	0.05550	0.00693	0.00191	0.00308	0.03682	0.04906	0.00504
2	0.01192	0.01164	0.02945	0.02874	0.03324	0.12817	0.05645	0.03424	0.05009	0.03648	0.01167	0.07429	0.01045	0.02514	0.06660	0.00188	0.05178	0.00477	0.00318	0.32982
3	0.28142	0.04992	0.04502	0.24994	0.09260	0.07603	0.04346	0.03237	0.01054	0.01703	0.00902	0.01248	0.00734	0.00589	0.02304	0.00173	0.00607	0.02735	0.00274	0.00600
4	0.00677	0.00485	0.00650	0.00727	0.00795	0.00458	0.00533	0.00830	0.01122	0.01521	0.22408	0.48235	0.03636	0.01409	0.00642	0.00198	0.00310	0.14436	0.00491	0.00438
5	0.67721	0.05471	0.00915	0.00724	0.01047	0.01161	0.00601	0.01662	0.07167	0.08284	0.00915	0.00978	0.00689	0.00497	0.00345	0.00155	0.00403	0.00316	0.00349	0.00598

[dist]
# distance from previous block
# <min> <max>
5	52

[block]
# block no. 2 follows, 49 sequences, length 20
# corresponding to MSA columns:
# 457-476
name=unknown_C
#
# <colnr> <probs for GDERKNQSTAVLIFYWHMCP>
#	G	D	E	R	K	N	Q	S	T	A	V	L	I	F	Y	W	H	M	C	P
0	0.01292	0.11930	0.14928	0.12375	0.01763	0.13143	0.01079	0.04094	0.08724	0.05716	0.02848	0.01329	0.02702	0.00584	0.00556	0.01820	0.05136	0.00419	0.00307	0.09256
1	0.03409	0.34270	0.01789	0.01001	0.03165	0.14741	0.00836	0.04950	0.04727	0.06109	0.01016	0.02716	0.00867	0.02441	0.00534	0.00139	0.06154	0.00381	0.05860	0.04895
2	0.00656	0.00481	0.00582	0.00637	0.00731	0.00430	0.00447	0.00773	0.01083	0.03160	0.10153	0.46804	0.29408	0.01410	0.00622	0.00188	0.00279	0.01244	0.00481	0.00432
3	0.01289	0.04836	0.16199	0.03395	0.20818	0.01102	0.07578	0.06793	0.03577	0.10710	0.02592	0.06795	0.01073	0.00584	0.00527	0.00153	0.02552	0.00513	0.00335	0.08581
4	0.02841	0.01318	0.09851	0.01386	0.09362	0.06437	0.12957	0.09065	0.03130	0.18993	0.04502	0.01407	0.01046	0.00526	0.00493	0.00143	0.00573	0.00464	0.00384	0.15123
5	0.61096	0.02674	0.00916	0.00824	0.02611	0.09738	0.00644	0.03986	0.00986	0.02040	0.00882	0.05986	0.00774	0.00646	0.02510	0.00174	0.02263	0.00373	0.00317	0.00558
6	0.01459	0.01106	0.01254	0.05692	0.01464	0.01260	0.00867	0.20222	0.39619	0.09204	0.01667	0.01664	0.01246	0.02821	0.00641	0.00176	0.05998	0.00524	0.02349	0.00769
7	0.01299	0.01183	0.01731	0.05763	0.44544	0.03582	0.02692	0.08386	0.09931	0.03080	0.03160	0.01370	0.00984	0.00518	0.00524	0.00149	0.02528	0.00464	0.00320	0.07795
8	0.00680	0.00493	0.00648	0.00699	0.00783	0.00461	0.00516	0.00848	0.01181	0.01605	0.31612	0.37261	0.08214	0.01333	0.00632	0.00190	0.00295	0.11604	0.00502	0.00444
9	0.01175	0.12080	0.52962	0.01339	0.01963	0.08175	0.04433	0.04147	0.02951	0.01587	0.00913	0.01058	0.00680	0.00481	0.00461	0.00148	0.00711	0.00370	0.00240	0.04127
10	0.00668	0.00470	0.00602	0.00684	0.00749	0.00432	0.00474	0.00774	0.01028	0.03224	0.06309	0.61151	0.14018	0.03134	0.00675	0.00204	0.00300	0.04202	0.00473	0.00427
11	0.01049	0.00899	0.01049	0.00749	0.01198	0.00674	0.00599	0.01273	0.01049	0.01648	0.00899	0.01049	0.00749	0.00374	0.00374	0.00075	0.00374	0.00300	0.00300	0.85320
12	0.00668	0.00471	0.00604	0.00670	0.00712	0.00459	0.00451	0.00759	0.00928	0.01254	0.04751	0.47179	0.05816	0.19640	0.09395	0.00328	0.00447	0.02545	0.02527	0.00397
13	0.00878	0.00439	0.00659	0.00659	0.00659	0.00439	0.00439	0.00659	0.00659	0.00878	0.00878	0.01537	0.00878	0.01757	0.01976	0.85288	0.00439	0.00439	0.00220	0.00220
14	0.00639	0.00462	0.00615	0.00709	0.00760	0.00438	0.00494	0.00752	0.01010	0.01350	0.08012	0.64302	0.06709	0.01651	0.05266	0.00237	0.00359	0.05350	0.00464	0.00421
15	0.01934	0.00791	0.01066	0.00856	0.01191	0.00690	0.00704	0.02132	0.01409	0.62694	0.09030	0.02359	0.06186	0.00753	0.00534	0.00163	0.00406	0.05726	0.00600	0.00774
16	0.01119	0.01324	0.16634	0.09995	0.17000	0.02305	0.06176	0.05800	0.05231	0.03473	0.01256	0.10619	0.01130	0.02831	0.03881	0.00203	0.07772	0.00572	0.00305	0.02373
17	0.15340	0.01360	0.21786	0.01003	0.01409	0.01013	0.00995	0.08729	0.11556	0.10536	0.01744	0.05489	0.07684	0.00715	0.00493	0.00166	0.00496	0.06026	0.00397	0.03063
18	0.00673	0.00517	0.00770	0.00809	0.00883	0.00484	0.05748	0.00803	0.01028	0.01379	0.08234	0.66610	0.03249	0.01455	0.00641	0.00201	0.00337	0.05281	0.00461	0.00437
19	0.03009	0.06540	0.01292	0.01105	0.07291	0.04732	0.03801	0.11834	0.01271	0.16157	0.01452	0.08821	0.01239	0.04562	0.07246	0.00225	0.06685	0.00558	0.11539	0.00642

[dist]
# distance from previous block
# <min> <max>
2	16

[block]
# block no. 3 follows, 49 sequences, length 14
# corresponding to MSA columns:
# 493-506
name=unknown_D
#
# <colnr> <probs for GDERKNQSTAVLIFYWHMCP>
#	G	D	E	R	K	N	Q	S	T	A	V	L	I	F	Y	W	H	M	C	P
0	0.07656	0.04708	0.04039	0.10455	0.10291	0.05607	0.15406	0.12328	0.01306	0.07405	0.01063	0.02964	0.00830	0.00506	0.00480	0.00144	0.00601	0.00452	0.00327	0.13432
1	0.00926	0.00609	0.00774	0.00725	0.00885	0.00576	0.00557	0.01070	0.01094	0.10503	0.12114	0.10478	0.18817	0.08083	0.08393	0.03893	0.03642	0.08586	0.00431	0.07845
2	0.00988	0.00599	0.00755	0.00703	0.00857	0.00564	0.00522	0.01252	0.06752	0.14528	0.36861	0.15868	0.08294	0.08229	0.00759	0.00197	0.00314	0.00901	0.00523	0.00534
3	0.01517	0.04823	0.06533	0.03759	0.03869	0.03552	0.03189	0.34978	0.24227	0.02428	0.04885	0.01501	0.01197	0.00618	0.00504	0.00157	0.00532	0.00497	0.00449	0.00785
4	0.00747	0.00524	0.00645	0.00647	0.00763	0.00475	0.00470	0.00899	0.01161	0.04615	0.27242	0.21517	0.19592	0.10455	0.00829	0.00212	0.00309	0.05512	0.00480	0.02904
5	0.04920	0.13784	0.22140	0.01261	0.05434	0.15007	0.03439	0.08908	0.05774	0.03725	0.01211	0.06431	0.03070	0.00606	0.00492	0.00151	0.02189	0.00469	0.00310	0.00679
6	0.00759	0.00543	0.00695	0.00742	0.02845	0.00492	0.00521	0.00906	0.01113	0.04768	0.15933	0.35516	0.17294	0.03719	0.02247	0.00202	0.00333	0.05618	0.00467	0.05288
7	0.01049	0.00899	0.01049	0.00749	0.01198	0.00674	0.00599	0.01273	0.01049	0.01648	0.00899	0.01049	0.00749	0.00374	0.00374	0.00075	0.00374	0.00300	0.00300	0.85320
8	0.01385	0.10493	0.06532	0.06631	0.25571	0.05847	0.01123	0.07144	0.05513	0.10983	0.03661	0.03669	0.01053	0.00548	0.00476	0.00144	0.00552	0.00463	0.00341	0.07872
9	0.02186	0.00702	0.00858	0.00748	0.00976	0.00666	0.02776	0.03265	0.06235	0.08803	0.08569	0.06009	0.18061	0.01036	0.05797	0.00192	0.02133	0.03603	0.14323	0.13062
10	0.00715	0.00512	0.00695	0.00706	0.00761	0.00554	0.00499	0.00827	0.00830	0.01158	0.04810	0.11264	0.01830	0.29611	0.42277	0.00611	0.00903	0.00720	0.00316	0.00400
11	0.11084	0.04216	0.01584	0.13644	0.18930	0.10991	0.03025	0.19987	0.04476	0.05786	0.01046	0.01202	0.00794	0.00524	0.00473	0.00152	0.00604	0.00421	0.00344	0.00718
12	0.04852	0.05119	0.23075	0.01267	0.01713	0.07596	0.10740	0.09755	0.08143	0.08181	0.03733	0.03740	0.01031	0.00586	0.00553	0.00158	0.04805	0.00477	0.00342	0.04134
13	0.13821	0.03406	0.01496	0.18363	0.12965	0.04524	0.06483	0.10211	0.01291	0.14315	0.04958	0.01521	0.01062	0.00569	0.00487	0.00159	0.00561	0.02763	0.00365	0.00681

[dist]
# distance from previous block
# <min> <max>
0	2

[block]
# block no. 4 follows, 49 sequences, length 19
# corresponding to MSA columns:
# 509-527
name=unknown_E
#
# <colnr> <probs for GDERKNQSTAVLIFYWHMCP>
#	G	D	E	R	K	N	Q	S	T	A	V	L	I	F	Y	W	H	M	C	P
0	0.00840	0.00655	0.00860	0.00818	0.00928	0.00732	0.00634	0.01161	0.10964	0.01559	0.25094	0.02750	0.05129	0.04222	0.22829	0.06103	0.08887	0.04940	0.00400	0.00495
1	0.00961	0.00899	0.01535	0.44492	0.14674	0.01005	0.07711	0.01259	0.01070	0.01411	0.03385	0.09323	0.04422	0.00689	0.00543	0.00173	0.00602	0.04977	0.00287	0.00582
2	0.01456	0.03108	0.15918	0.07765	0.06289	0.16374	0.10833	0.07887	0.07879	0.11661	0.01249	0.05150	0.00974	0.00580	0.00507	0.00157	0.00667	0.00493	0.00345	0.00706
3	0.01320	0.00963	0.11072	0.00998	0.07353	0.00706	0.00812	0.01564	0.01294	0.29402	0.15632	0.02782	0.22303	0.00836	0.00543	0.00161	0.00406	0.00703	0.00490	0.00661
4	0.00671	0.00477	0.00595	0.00665	0.00731	0.00452	0.00468	0.00786	0.00999	0.01339	0.04524	0.44247	0.14894	0.10159	0.04340	0.00253	0.00365	0.07570	0.06051	0.00414
5	0.06138	0.04473	0.08603	0.08351	0.23344	0.06137	0.09415	0.14054	0.03483	0.02871	0.03500	0.03566	0.00973	0.00554	0.00523	0.00157	0.02344	0.00482	0.00318	0.00714
6	0.02210	0.00874	0.01172	0.00907	0.01292	0.00773	0.00747	0.02477	0.05919	0.74918	0.01999	0.01731	0.01269	0.00629	0.00509	0.00157	0.00429	0.00512	0.00619	0.00857
7	0.09656	0.53615	0.09507	0.00930	0.01360	0.04734	0.00923	0.08412	0.01154	0.01542	0.00806	0.00915	0.00681	0.00466	0.00361	0.00123	0.00550	0.00307	0.03299	0.00659
8	0.03902	0.00936	0.01135	0.00868	0.01269	0.00833	0.00705	0.06830	0.09140	0.36152	0.01516	0.01435	0.01054	0.00535	0.00455	0.00128	0.00414	0.00429	0.00479	0.31786
9	0.05968	0.03016	0.07245	0.08713	0.08730	0.13387	0.00953	0.04572	0.11765	0.12280	0.08321	0.03100	0.02466	0.00623	0.00484	0.00152	0.00535	0.00504	0.05164	0.02023
10	0.03175	0.00918	0.01042	0.00883	0.01114	0.03718	0.00704	0.19552	0.03670	0.14237	0.18913	0.04949	0.03669	0.00923	0.04383	0.00189	0.06877	0.00615	0.09824	0.00644
11	0.00711	0.00595	0.03738	0.00672	0.00814	0.00498	0.00535	0.00940	0.01341	0.01864	0.59066	0.09850	0.12249	0.01095	0.00600	0.00167	0.00274	0.03989	0.00524	0.00477
12	0.01317	0.48786	0.09375	0.01130	0.06068	0.10435	0.03895	0.01541	0.01112	0.01349	0.04652	0.01057	0.00873	0.00474	0.00391	0.00121	0.00591	0.00343	0.00247	0.06244
13	0.00620	0.00443	0.00591	0.00701	0.00734	0.00414	0.00470	0.00715	0.00988	0.01323	0.06088	0.78506	0.03406	0.01560	0.00643	0.00203	0.00291	0.01415	0.00473	0.00414
14	0.08946	0.01081	0.01483	0.29553	0.07983	0.03542	0.01170	0.07488	0.01044	0.01533	0.00832	0.01195	0.00693	0.00697	0.02267	0.00193	0.29013	0.00429	0.00258	0.00599
15	0.07294	0.06644	0.01616	0.12942	0.22672	0.11839	0.02217	0.13524	0.01377	0.09066	0.05217	0.01336	0.01000	0.00540	0.00479	0.00149	0.00596	0.00443	0.00342	0.00706
16	0.00903	0.00751	0.01183	0.17991	0.01638	0.02169	0.10816	0.01101	0.02056	0.04135	0.02016	0.27775	0.07236	0.02547	0.00761	0.06761	0.02339	0.06962	0.00364	0.00495
17	0.21955	0.01134	0.01011	0.00873	0.01127	0.13977	0.00694	0.10466	0.03130	0.12356	0.05821	0.01429	0.01123	0.00604	0.00504	0.00149	0.05826	0.00430	0.16772	0.00620
18	0.06197	0.00927	0.01195	0.00939	0.03285	0.00792	0.06999	0.05768	0.01158	0.06499	0.02405	0.06734	0.03997	0.00541	0.00438	0.00113	0.00423	0.00463	0.00349	0.50778

[dist]
# distance from previous block
# <min> <max>
0	4

[block]
# block no. 5 follows, 49 sequences, length 15
# corresponding to MSA columns:
# 532-546
name=unknown_F
#
# <colnr> <probs for GDERKNQSTAVLIFYWHMCP>
#	G	D	E	R	K	N	Q	S	T	A	V	L	I	F	Y	W	H	M	C	P
0	0.04521	0.00759	0.01001	0.00931	0.01003	0.02514	0.00729	0.02906	0.00847	0.01256	0.01172	0.04691	0.01152	0.08982	0.38486	0.05023	0.22742	0.00540	0.00272	0.00470
1	0.00751	0.00498	0.00641	0.00641	0.00667	0.00524	0.00418	0.00773	0.00747	0.01022	0.01428	0.02689	0.01543	0.48803	0.24754	0.12110	0.00731	0.00640	0.00284	0.00336
2	0.00725	0.00533	0.00769	0.00769	0.00844	0.00608	0.00578	0.00875	0.00800	0.01142	0.01394	0.02207	0.01360	0.16894	0.67255	0.00759	0.01210	0.00574	0.00277	0.00427
3	0.14528	0.06868	0.27330	0.08391	0.01820	0.03924	0.03115	0.11622	0.05262	0.09406	0.01061	0.01166	0.00769	0.00527	0.00479	0.00157	0.02139	0.00398	0.00327	0.00711
4	0.00737	0.00514	0.00628	0.00652	0.00706	0.00499	0.00432	0.04030	0.01017	0.01368	0.14087	0.33615	0.05930	0.28849	0.01334	0.03393	0.00367	0.01025	0.00420	0.00398
5	0.72281	0.00981	0.00827	0.00714	0.01040	0.01104	0.00588	0.04661	0.00993	0.11674	0.00881	0.00946	0.00646	0.00494	0.00344	0.00156	0.00403	0.00310	0.00359	0.00598
6	0.05521	0.00908	0.04228	0.03529	0.06848	0.03472	0.00770	0.09743	0.08082	0.05387	0.06541	0.12200	0.08007	0.00904	0.00571	0.02795	0.00427	0.08814	0.10664	0.00589
7	0.05537	0.01025	0.02943	0.13831	0.25759	0.01092	0.08324	0.03172	0.01063	0.04854	0.01095	0.01551	0.00930	0.01138	0.14737	0.00283	0.08493	0.03247	0.00280	0.00645
8	0.00667	0.00477	0.00606	0.00670	0.00746	0.00441	0.00479	0.00788	0.01076	0.01436	0.14635	0.44335	0.16305	0.01407	0.00682	0.03868	0.00297	0.07370	0.03292	0.00422
9	0.01132	0.00793	0.02339	0.04090	0.03555	0.03367	0.02499	0.02821	0.05628	0.16314	0.05305	0.32047	0.05533	0.03098	0.00688	0.00192	0.04627	0.04941	0.00456	0.00575
10	0.03001	0.16652	0.08283	0.04556	0.07935	0.12501	0.04330	0.04621	0.01170	0.07592	0.01013	0.01303	0.00841	0.00563	0.00580	0.00145	0.09430	0.03632	0.01538	0.10314
11	0.00812	0.00533	0.00659	0.00679	0.00742	0.00534	0.00469	0.00927	0.02504	0.05303	0.02183	0.24694	0.06154	0.32811	0.06023	0.00344	0.02397	0.06830	0.04986	0.00416
12	0.02993	0.13288	0.10388	0.00950	0.02983	0.06938	0.04104	0.01219	0.01065	0.02988	0.06516	0.08388	0.07582	0.17058	0.00922	0.00226	0.00517	0.08535	0.02814	0.00525
13	0.07016	0.09269	0.13660	0.03634	0.01512	0.05296	0.05314	0.13590	0.02560	0.01737	0.01277	0.08834	0.02950	0.02206	0.04331	0.00198	0.09203	0.02842	0.00324	0.04246
14	0.01333	0.30672	0.13324	0.05821	0.04769	0.07131	0.04839	0.04806	0.01163	0.06853	0.00974	0.03414	0.00804	0.00498	0.00425	0.00129	0.00588	0.00386	0.00282	0.11790

[dist]
# distance from previous block
# <min> <max>
8	23

[block]
# block no. 6 follows, 49 sequences, length 19
# corresponding to MSA columns:
# 599-617
name=unknown_G
#
# <colnr> <probs for GDERKNQSTAVLIFYWHMCP>
#	G	D	E	R	K	N	Q	S	T	A	V	L	I	F	Y	W	H	M	C	P
0	0.01222	0.05619	0.19114	0.06902	0.14178	0.03330	0.18280	0.06338	0.08613	0.03931	0.02663	0.02570	0.00958	0.00637	0.03264	0.00182	0.00687	0.00494	0.00302	0.00714
1	0.02574	0.01025	0.01164	0.01007	0.01286	0.01145	0.00798	0.07226	0.46259	0.17398	0.01959	0.04987	0.03087	0.00730	0.00606	0.00172	0.06715	0.00583	0.00508	0.00770
2	0.00773	0.00499	0.00619	0.00636	0.00669	0.00497	0.00407	0.00814	0.00826	0.03935	0.01834	0.19505	0.02066	0.49361	0.09693	0.03764	0.00530	0.02859	0.00349	0.00364
3	0.01064	0.00900	0.01373	0.21054	0.13900	0.00951	0.07122	0.08160	0.05227	0.04158	0.11850	0.08676	0.09283	0.03316	0.00610	0.00176	0.00509	0.00682	0.00374	0.00613
4	0.12672	0.05732	0.04346	0.02995	0.06823	0.06321	0.11245	0.10205	0.18811	0.03566	0.05188	0.01700	0.07001	0.00620	0.00491	0.00158	0.00533	0.00523	0.00384	0.00685
5	0.01057	0.00896	0.01490	0.74769	0.03312	0.01094	0.01353	0.01383	0.01045	0.07382	0.00984	0.01377	0.00719	0.00515	0.00506	0.00168	0.00655	0.00454	0.00256	0.00585
6	0.01077	0.00655	0.00820	0.00758	0.00897	0.00663	0.00553	0.09824	0.01133	0.13375	0.05530	0.17503	0.03558	0.24203	0.16750	0.00387	0.00604	0.00779	0.00417	0.00513
7	0.08483	0.01021	0.01528	0.35266	0.15042	0.01127	0.05485	0.09572	0.03106	0.03798	0.01048	0.03051	0.00824	0.00524	0.00485	0.00156	0.00584	0.00460	0.02277	0.06163
8	0.04106	0.10007	0.26467	0.11297	0.05956	0.01124	0.05256	0.01383	0.03607	0.01464	0.02841	0.06293	0.01123	0.07020	0.00753	0.02674	0.04436	0.03306	0.00273	0.00612
9	0.00799	0.00584	0.00677	0.00663	0.00812	0.00544	0.00490	0.06831	0.02366	0.04462	0.18345	0.26024	0.33048	0.01234	0.00599	0.00176	0.00295	0.01067	0.00496	0.00487
10	0.04983	0.00769	0.00955	0.00982	0.03913	0.03875	0.03291	0.04238	0.07204	0.05433	0.09054	0.21010	0.04326	0.01134	0.00606	0.00194	0.00431	0.26601	0.00457	0.00542
11	0.01402	0.46403	0.01993	0.00923	0.01276	0.03912	0.00831	0.13438	0.05259	0.05004	0.01179	0.07080	0.02512	0.00608	0.00458	0.00134	0.03727	0.00441	0.02753	0.00666
12	0.02436	0.01075	0.01402	0.03739	0.16056	0.03473	0.02867	0.18391	0.06193	0.03936	0.02596	0.10867	0.04934	0.00826	0.00778	0.03398	0.14052	0.01949	0.00373	0.00659
13	0.04592	0.01027	0.01210	0.00953	0.01312	0.01037	0.00780	0.26550	0.07686	0.39000	0.04477	0.01626	0.01256	0.00632	0.00496	0.00154	0.00449	0.00501	0.05451	0.00809
14	0.04523	0.01122	0.01829	0.07389	0.05548	0.02276	0.26173	0.08100	0.09415	0.04348	0.03534	0.05995	0.01180	0.00772	0.03580	0.00199	0.10434	0.02588	0.00340	0.00655
15	0.01687	0.01833	0.01473	0.03886	0.07299	0.41826	0.01020	0.16414	0.10270	0.01742	0.01017	0.01134	0.00806	0.00578	0.00569	0.00149	0.06889	0.00401	0.00332	0.00676
16	0.04827	0.07171	0.01203	0.00891	0.01196	0.01011	0.00725	0.13249	0.11509	0.24350	0.08816	0.05023	0.03757	0.02791	0.02322	0.00176	0.03161	0.00563	0.01510	0.05749
17	0.14188	0.13563	0.01310	0.02628	0.01241	0.01116	0.01805	0.14678	0.03959	0.15972	0.05022	0.07879	0.02306	0.01693	0.06890	0.00206	0.00524	0.00526	0.00414	0.04079
18	0.05690	0.03527	0.05671	0.03453	0.02543	0.17306	0.04517	0.14179	0.01368	0.09739	0.04398	0.05455	0.04260	0.03385	0.01790	0.00180	0.07808	0.01876	0.02217	0.00638

[dist]
# distance from previous block
# <min> <max>
3	36

[block]
# block no. 7 follows, 49 sequences, length 27
# corresponding to MSA columns:
# 654-675,677-681
name=unknown_H
#
# <colnr> <probs for GDERKNQSTAVLIFYWHMCP>
#	G	D	E	R	K	N	Q	S	T	A	V	L	I	F	Y	W	H	M	C	P
0	0.01048	0.00952	0.05075	0.04876	0.04948	0.02663	0.07295	0.04357	0.17492	0.04545	0.10119	0.19198	0.03669	0.00927	0.00591	0.01761	0.00458	0.06221	0.00428	0.03375
1	0.02771	0.03745	0.10180	0.12483	0.01832	0.06935	0.08116	0.15167	0.05219	0.14119	0.04211	0.05593	0.01146	0.00624	0.00535	0.00159	0.02634	0.00520	0.01778	0.02234
2	0.19525	0.01041	0.01414	0.16313	0.19666	0.04513	0.07185	0.01449	0.05225	0.01670	0.01277	0.06620	0.04674	0.01853	0.01659	0.00173	0.00555	0.00517	0.00302	0.04369
3	0.00686	0.00490	0.00639	0.00734	0.00784	0.00471	0.00510	0.03613	0.01029	0.01369	0.02676	0.69809	0.03161	0.04473	0.00715	0.00216	0.00324	0.07409	0.00465	0.00428
4	0.01347	0.53174	0.11053	0.00973	0.01423	0.01728	0.00970	0.09144	0.09503	0.01553	0.00932	0.01006	0.00770	0.00480	0.00383	0.00124	0.00544	0.00334	0.00280	0.04279
5	0.03768	0.01701	0.31770	0.06690	0.10222	0.05051	0.05194	0.07265	0.03546	0.07677	0.03387	0.03430	0.00998	0.03586	0.01758	0.00182	0.02288	0.00475	0.00309	0.00702
6	0.01027	0.03500	0.14572	0.00929	0.01197	0.00860	0.00845	0.11298	0.09461	0.03136	0.04277	0.20802	0.08226	0.01080	0.00730	0.10338	0.00454	0.06296	0.00402	0.00570
7	0.01014	0.02616	0.79609	0.01441	0.02189	0.01174	0.01868	0.01601	0.01068	0.01601	0.00907	0.01068	0.00641	0.00480	0.00480	0.00160	0.00747	0.00374	0.00214	0.00747
8	0.01086	0.00928	0.01439	0.46591	0.13998	0.01064	0.01216	0.03937	0.08011	0.05395	0.03150	0.05978	0.03832	0.00622	0.00519	0.00167	0.00577	0.00550	0.00313	0.00628
9	0.08023	0.04782	0.14293	0.04260	0.11249	0.05589	0.05482	0.10326	0.06288	0.04307	0.03887	0.04458	0.04526	0.00776	0.04472	0.00189	0.01708	0.00512	0.04206	0.00669
10	0.00651	0.00501	0.00695	0.00743	0.00822	0.00461	0.03868	0.00774	0.01039	0.01368	0.07613	0.59987	0.14247	0.01450	0.00635	0.00197	0.00315	0.03738	0.00465	0.00431
11	0.00813	0.00540	0.00668	0.00656	0.00691	0.00567	0.00429	0.00865	0.00808	0.04539	0.01642	0.10182	0.01800	0.54263	0.13433	0.00475	0.04618	0.00743	0.01892	0.00377
12	0.02978	0.05438	0.17477	0.16212	0.13470	0.05851	0.04761	0.06149	0.01181	0.08035	0.01188	0.04821	0.02004	0.00638	0.00579	0.03358	0.02229	0.02664	0.00302	0.00665
13	0.01520	0.07168	0.06686	0.02789	0.07203	0.05090	0.00875	0.07234	0.09056	0.26447	0.07230	0.05764	0.06017	0.00706	0.00506	0.00156	0.00474	0.01430	0.02934	0.00716
14	0.58598	0.00963	0.00892	0.00753	0.01088	0.01047	0.00619	0.03868	0.03628	0.22691	0.01104	0.01106	0.00776	0.00522	0.00377	0.00157	0.00406	0.00351	0.00408	0.00647
15	0.01167	0.01149	0.02113	0.15336	0.03841	0.01232	0.35684	0.04860	0.03960	0.03855	0.04903	0.01479	0.00996	0.00671	0.03161	0.00196	0.13917	0.00548	0.00291	0.00643
16	0.01271	0.09932	0.17805	0.09265	0.21124	0.07114	0.03809	0.08345	0.02499	0.04545	0.02795	0.07112	0.01033	0.00584	0.00492	0.00154	0.00620	0.00498	0.00301	0.00703
17	0.24436	0.01110	0.01127	0.00931	0.01268	0.03780	0.00759	0.23553	0.11551	0.18946	0.01407	0.01483	0.01032	0.00611	0.00457	0.00158	0.00464	0.03254	0.02941	0.00733
18	0.03624	0.00946	0.04449	0.03420	0.04462	0.07622	0.00776	0.04284	0.10639	0.07435	0.08089	0.20895	0.03635	0.01223	0.07006	0.01923	0.00528	0.08046	0.00423	0.00575
19	0.03105	0.02521	0.05846	0.13210	0.19912	0.06514	0.03337	0.05788	0.10137	0.08646	0.05476	0.03644	0.03858	0.00647	0.00537	0.00162	0.02108	0.03503	0.00361	0.00689
20	0.04772	0.15603	0.05561	0.11201	0.09398	0.04075	0.06538	0.10586	0.01297	0.15857	0.01292	0.06748	0.01064	0.00616	0.00486	0.00154	0.00566	0.03127	0.00363	0.00695
21	0.02090	0.00613	0.00773	0.00741	0.00817	0.00641	0.02864	0.02028	0.07136	0.02915	0.03264	0.13823	0.01983	0.44186	0.07269	0.00393	0.02870	0.04807	0.00362	0.00424
22	0.03942	0.04225	0.10080	0.03360	0.27882	0.05261	0.10618	0.01467	0.05316	0.01577	0.01545	0.10687	0.07417	0.00674	0.00536	0.00161	0.01843	0.00610	0.02133	0.00665
23	0.01306	0.12026	0.14511	0.10204	0.17903	0.05036	0.05137	0.06314	0.06576	0.07070	0.01117	0.02437	0.00874	0.00535	0.00510	0.00152	0.03054	0.00444	0.04084	0.00710
24	0.00868	0.00444	0.00660	0.00660	0.00663	0.00447	0.00441	0.00669	0.00666	0.00891	0.00918	0.01613	0.00924	0.04641	0.04435	0.79684	0.00469	0.00453	0.00224	0.00230
25	0.00928	0.01109	0.16636	0.12074	0.01699	0.00846	0.09508	0.03697	0.02732	0.03491	0.03352	0.27777	0.01880	0.01091	0.04337	0.00214	0.00575	0.07124	0.00360	0.00570
26	0.02835	0.08852	0.04061	0.11697	0.10282	0.01117	0.13430	0.04990	0.06638	0.11149	0.04121	0.01994	0.05991	0.02889	0.00605	0.00173	0.02450	0.05702	0.00360	0.00663

[dist]
# distance from previous block
# <min> <max>
0	60

# created by:
# /st0/software/busco_prod/Augustus/scripts/msa2prfl.pl ./align_prep/1291729.fa
