[name]
unknown

[dist]
# distance from previous block
# <min> <max>
0	75

[block]
# block no. 0 follows, 61 sequences, length 13
# corresponding to MSA columns:
# 127-139
name=unknown_A
#
# <colnr> <probs for GDERKNQSTAVLIFYWHMCP>
#	G	D	E	R	K	N	Q	S	T	A	V	L	I	F	Y	W	H	M	C	P
0	0.05542	0.02670	0.13884	0.08251	0.05599	0.07649	0.03060	0.11990	0.05024	0.02461	0.01051	0.01541	0.00923	0.08125	0.05525	0.00194	0.03384	0.07329	0.00277	0.05521
1	0.01096	0.07898	0.03821	0.10548	0.38579	0.06347	0.05012	0.07598	0.01046	0.01421	0.00793	0.01001	0.00645	0.00393	0.00402	0.00118	0.00517	0.00352	0.00231	0.12183
2	0.00597	0.00449	0.00630	0.12770	0.00971	0.00458	0.00523	0.00705	0.00844	0.01115	0.06008	0.51180	0.05431	0.07155	0.00688	0.03195	0.00320	0.06243	0.00356	0.00363
3	0.01009	0.02819	0.05486	0.28625	0.34852	0.02394	0.01170	0.06101	0.02603	0.02568	0.00860	0.02837	0.00704	0.00499	0.01843	0.00146	0.04268	0.00397	0.00230	0.00590
4	0.00632	0.00691	0.12516	0.00603	0.00747	0.00496	0.00513	0.00771	0.00843	0.01139	0.14942	0.05027	0.17572	0.35149	0.06303	0.00288	0.00417	0.00668	0.00313	0.00370
5	0.01555	0.13031	0.01066	0.00693	0.00981	0.00774	0.00584	0.05630	0.01147	0.48803	0.01441	0.01362	0.00983	0.00501	0.00381	0.00120	0.00349	0.00394	0.19571	0.00634
6	0.00731	0.00583	0.00765	0.12822	0.01105	0.00618	0.00612	0.01124	0.15488	0.01560	0.40429	0.02914	0.05899	0.00817	0.00498	0.00149	0.00312	0.12700	0.00412	0.00463
7	0.00720	0.00575	0.00770	0.00864	0.12610	0.00554	0.00555	0.04097	0.04425	0.01634	0.51394	0.02897	0.15596	0.00815	0.00490	0.00136	0.00267	0.00714	0.00421	0.00464
8	0.00803	0.00401	0.00401	0.00401	0.00502	0.00401	0.00301	0.01004	0.00903	0.01606	0.01405	0.01606	0.01104	0.00502	0.00301	0.00100	0.00201	0.00401	0.87253	0.00401
9	0.01654	0.01019	0.01260	0.01157	0.13083	0.01051	0.00829	0.42409	0.01603	0.29613	0.01227	0.01186	0.00839	0.00503	0.00431	0.00130	0.00443	0.00403	0.00434	0.00725
10	0.01659	0.01172	0.01271	0.00975	0.01319	0.01285	0.00805	0.75011	0.01968	0.08523	0.01083	0.01066	0.00757	0.00518	0.00431	0.00130	0.00466	0.00391	0.00438	0.00733
11	0.01448	0.01816	0.01106	0.01011	0.01222	0.71022	0.00758	0.01559	0.01186	0.01070	0.01207	0.01270	0.12471	0.00539	0.00406	0.00116	0.00695	0.00370	0.00248	0.00480
12	0.01098	0.01241	0.01741	0.01379	0.01676	0.23018	0.39888	0.01354	0.01066	0.01270	0.01156	0.01949	0.01067	0.00584	0.00497	0.00149	0.00660	0.19429	0.00262	0.00515

[dist]
# distance from previous block
# <min> <max>
1	19

[block]
# block no. 1 follows, 61 sequences, length 12
# corresponding to MSA columns:
# 162-173
name=unknown_B
#
# <colnr> <probs for GDERKNQSTAVLIFYWHMCP>
#	G	D	E	R	K	N	Q	S	T	A	V	L	I	F	Y	W	H	M	C	P
0	0.00832	0.00766	0.01201	0.64751	0.02521	0.00869	0.01039	0.01097	0.00869	0.01170	0.00766	0.01090	0.00589	0.00405	0.00405	0.00125	0.00516	0.00354	0.00206	0.20432
1	0.01382	0.01016	0.01111	0.00901	0.01173	0.01110	0.00723	0.62362	0.01750	0.02344	0.01341	0.20192	0.01218	0.00708	0.00458	0.00140	0.00423	0.00580	0.00424	0.00645
2	0.00740	0.00558	0.00740	0.00758	0.00922	0.00514	0.00652	0.00937	0.00969	0.01315	0.01933	0.03950	0.02057	0.00990	0.00532	0.00167	0.00379	0.61156	0.00364	0.20368
3	0.00905	0.01770	0.57739	0.01050	0.01598	0.00867	0.01264	0.01311	0.00930	0.04684	0.03608	0.01008	0.00709	0.00410	0.00393	0.00120	0.00538	0.00324	0.00223	0.20549
4	0.06156	0.00925	0.01097	0.00845	0.01179	0.00927	0.00698	0.33098	0.01520	0.46924	0.01381	0.01257	0.00904	0.00520	0.00424	0.00132	0.00407	0.00405	0.00479	0.00719
5	0.00931	0.00902	0.01222	0.01018	0.01106	0.01149	0.00843	0.01048	0.00713	0.01121	0.00611	0.00931	0.00582	0.00654	0.01163	0.00160	0.64868	0.00349	0.00204	0.20426
6	0.04129	0.00847	0.00899	0.05124	0.06388	0.13455	0.00652	0.06420	0.01017	0.12505	0.01560	0.35149	0.01613	0.03643	0.00571	0.00159	0.04313	0.00719	0.00351	0.00487
7	0.00903	0.00709	0.00965	0.14097	0.01268	0.00752	0.06708	0.19172	0.01158	0.01562	0.10295	0.14807	0.07161	0.11143	0.00685	0.00178	0.00405	0.02780	0.04777	0.00476
8	0.00557	0.00391	0.00503	0.00580	0.00603	0.00373	0.00383	0.00621	0.00788	0.01049	0.02136	0.61769	0.02536	0.20491	0.00929	0.00232	0.00296	0.05065	0.00368	0.00332
9	0.03835	0.01073	0.01309	0.03826	0.10781	0.03149	0.04620	0.44620	0.02994	0.14067	0.02301	0.01248	0.00865	0.00515	0.00435	0.00133	0.00473	0.02679	0.00393	0.00683
10	0.01066	0.03474	0.05877	0.10952	0.50764	0.02279	0.04600	0.03444	0.03921	0.04686	0.00936	0.04400	0.00782	0.00445	0.00430	0.00132	0.00513	0.00419	0.00243	0.00637
11	0.01198	0.00934	0.05010	0.36516	0.11386	0.03546	0.04670	0.04370	0.01028	0.21750	0.01013	0.01182	0.00719	0.00457	0.00457	0.00137	0.02793	0.00393	0.00292	0.02149

[dist]
# distance from previous block
# <min> <max>
0	3

[block]
# block no. 2 follows, 61 sequences, length 29
# corresponding to MSA columns:
# 177-205
name=unknown_C
#
# <colnr> <probs for GDERKNQSTAVLIFYWHMCP>
#	G	D	E	R	K	N	Q	S	T	A	V	L	I	F	Y	W	H	M	C	P
0	0.63787	0.02278	0.00824	0.02165	0.00987	0.08618	0.01982	0.03469	0.00839	0.03714	0.00658	0.00769	0.00514	0.00420	0.00341	0.00130	0.03672	0.00260	0.00266	0.04306
1	0.00618	0.00430	0.00545	0.00557	0.00585	0.00450	0.00369	0.00676	0.00675	0.00921	0.01414	0.09104	0.01561	0.51364	0.25511	0.00470	0.00617	0.03557	0.00268	0.00309
2	0.01295	0.16823	0.01394	0.05019	0.03957	0.31020	0.02203	0.08463	0.01112	0.02950	0.00737	0.00863	0.00605	0.00420	0.00402	0.00106	0.03674	0.00294	0.00244	0.18420
3	0.00624	0.00461	0.00586	0.00551	0.00661	0.00433	0.00414	0.00866	0.04658	0.01701	0.74386	0.03197	0.08074	0.00879	0.00505	0.00136	0.00210	0.00773	0.00469	0.00416
4	0.00953	0.02461	0.09840	0.18861	0.15130	0.00896	0.02917	0.09686	0.07705	0.03875	0.01648	0.01754	0.17424	0.00614	0.00495	0.02652	0.01748	0.00495	0.00294	0.00553
5	0.01637	0.01207	0.01293	0.00991	0.01336	0.01336	0.00819	0.80738	0.02025	0.02715	0.01034	0.01034	0.00733	0.00517	0.00431	0.00129	0.00474	0.00388	0.00431	0.00733
6	0.00696	0.00449	0.00571	0.00558	0.00601	0.00468	0.00371	0.00755	0.00682	0.05481	0.01311	0.02383	0.01382	0.54038	0.27959	0.00489	0.00650	0.00563	0.00267	0.00327
7	0.87904	0.00833	0.00633	0.00566	0.00833	0.00966	0.00467	0.01266	0.00733	0.01933	0.00600	0.00700	0.00467	0.00400	0.00267	0.00133	0.00333	0.00233	0.00267	0.00467
8	0.01130	0.00938	0.00994	0.00869	0.01120	0.01067	0.00683	0.15214	0.62552	0.01930	0.04709	0.01656	0.03997	0.00601	0.00442	0.00143	0.00354	0.00495	0.00437	0.00669
9	0.87904	0.00833	0.00633	0.00566	0.00833	0.00966	0.00467	0.01266	0.00733	0.01933	0.00600	0.00700	0.00467	0.00400	0.00267	0.00133	0.00333	0.00233	0.00267	0.00467
10	0.01463	0.09225	0.04468	0.00944	0.01269	0.08352	0.02102	0.33504	0.19338	0.13131	0.01199	0.01163	0.00867	0.00507	0.00415	0.00129	0.00465	0.00391	0.00392	0.00677
11	0.01008	0.00874	0.01273	0.03153	0.10221	0.05041	0.10643	0.02777	0.02140	0.09131	0.03867	0.16921	0.01251	0.00775	0.01978	0.00168	0.25501	0.02470	0.00294	0.00516
12	0.00619	0.00438	0.00567	0.00535	0.00637	0.00406	0.00401	0.00822	0.01204	0.01722	0.78088	0.03140	0.03923	0.00862	0.00498	0.00134	0.00203	0.00761	0.04632	0.00406
13	0.00983	0.00939	0.01598	0.29368	0.56101	0.01002	0.01281	0.01249	0.00941	0.01306	0.00796	0.01093	0.00647	0.00399	0.00428	0.00133	0.00532	0.00383	0.00206	0.00615
14	0.00530	0.00380	0.00505	0.00602	0.00633	0.00355	0.00408	0.00610	0.00834	0.01107	0.02419	0.80038	0.04731	0.01338	0.00550	0.00175	0.00254	0.03779	0.00400	0.00352
15	0.00893	0.00766	0.00893	0.00638	0.01021	0.00574	0.00510	0.01085	0.00893	0.01404	0.00766	0.00893	0.00638	0.00319	0.00319	0.00064	0.00319	0.00255	0.00255	0.87495
16	0.87904	0.00833	0.00633	0.00566	0.00833	0.00966	0.00467	0.01266	0.00733	0.01933	0.00600	0.00700	0.00467	0.00400	0.00267	0.00133	0.00333	0.00233	0.00267	0.00467
17	0.01037	0.00803	0.00922	0.00696	0.01044	0.01924	0.00557	0.06474	0.05729	0.08445	0.01002	0.03505	0.00827	0.00418	0.00357	0.00086	0.00341	0.02181	0.00308	0.63341
18	0.01623	0.00984	0.01148	0.00945	0.03816	0.01032	0.00745	0.36665	0.15721	0.30578	0.01388	0.01288	0.00951	0.00530	0.00433	0.00134	0.00414	0.00421	0.00461	0.00722
19	0.00922	0.00634	0.00817	0.00660	0.00919	0.00525	0.04670	0.01084	0.00987	0.15056	0.05970	0.08520	0.22563	0.02676	0.00476	0.00125	0.00315	0.02372	0.00364	0.30347
20	0.01165	0.50733	0.03982	0.06331	0.04294	0.08654	0.00821	0.04170	0.08227	0.02500	0.00804	0.00961	0.00688	0.00438	0.00367	0.00112	0.02794	0.02163	0.00231	0.00565
21	0.00965	0.01214	0.17125	0.14173	0.37515	0.01000	0.14393	0.01305	0.02775	0.01348	0.00878	0.03764	0.00720	0.00428	0.00442	0.00137	0.00568	0.00421	0.00216	0.00616
22	0.00893	0.00766	0.00893	0.00638	0.01021	0.00574	0.00510	0.01085	0.00893	0.01404	0.00766	0.00893	0.00638	0.00319	0.00319	0.00064	0.00319	0.00255	0.00255	0.87495
23	0.01541	0.01953	0.01172	0.01068	0.01285	0.78004	0.00801	0.01652	0.01206	0.01061	0.00895	0.00986	0.05601	0.00484	0.00396	0.00113	0.00742	0.00317	0.00233	0.00491
24	0.00616	0.00467	0.00533	0.00510	0.00627	0.01984	0.00383	0.00790	0.01123	0.01540	0.50854	0.03302	0.26441	0.00901	0.00488	0.00135	0.00218	0.00775	0.07919	0.00395
25	0.00615	0.00462	0.00692	0.00692	0.00769	0.00538	0.00538	0.00769	0.00692	0.01000	0.01154	0.01692	0.01077	0.03231	0.83154	0.00692	0.01154	0.00462	0.00231	0.00385
26	0.01150	0.32009	0.13334	0.01040	0.06351	0.08563	0.03173	0.08086	0.02314	0.02756	0.00740	0.00868	0.00610	0.00430	0.00445	0.00114	0.07921	0.00301	0.00229	0.09564
27	0.00626	0.00418	0.00470	0.00470	0.00470	0.00418	0.00261	0.00626	0.00626	0.00835	0.01357	0.02819	0.01566	0.84862	0.02192	0.00418	0.00418	0.00626	0.00261	0.00261
28	0.43833	0.04787	0.01070	0.03419	0.11982	0.21924	0.01826	0.04200	0.00950	0.01596	0.00669	0.00799	0.00537	0.00412	0.00333	0.00125	0.00493	0.00278	0.00248	0.00519

[dist]
# distance from previous block
# <min> <max>
1	2

[block]
# block no. 3 follows, 61 sequences, length 13
# corresponding to MSA columns:
# 208-220
name=unknown_D
#
# <colnr> <probs for GDERKNQSTAVLIFYWHMCP>
#	G	D	E	R	K	N	Q	S	T	A	V	L	I	F	Y	W	H	M	C	P
0	0.01160	0.00919	0.01048	0.00911	0.05522	0.00934	0.00684	0.18637	0.29603	0.05267	0.01255	0.03342	0.00974	0.00494	0.00402	0.00116	0.00371	0.00405	0.00371	0.27584
1	0.00615	0.00462	0.00692	0.00692	0.00769	0.00538	0.00538	0.00769	0.00692	0.01000	0.01154	0.01692	0.01077	0.03231	0.83154	0.00692	0.01154	0.00462	0.00231	0.00385
2	0.03587	0.38599	0.15486	0.06333	0.09027	0.04468	0.04718	0.03703	0.04381	0.03437	0.02135	0.00930	0.00678	0.00411	0.00357	0.00116	0.00512	0.00314	0.00225	0.00584
3	0.01118	0.22978	0.18047	0.01101	0.01491	0.01167	0.18719	0.09904	0.01073	0.07681	0.06238	0.01172	0.00894	0.02747	0.00495	0.00136	0.03789	0.00396	0.00266	0.00588
4	0.00610	0.00469	0.00577	0.00631	0.00751	0.00436	0.00527	0.00768	0.00987	0.01232	0.03229	0.04534	0.38663	0.01145	0.00556	0.00174	0.00315	0.43616	0.00398	0.00382
5	0.00628	0.00486	0.00693	0.00684	0.00752	0.00563	0.00524	0.00759	0.00709	0.01004	0.01387	0.05031	0.06453	0.09423	0.62570	0.00581	0.06602	0.00527	0.00248	0.00378
6	0.01240	0.19852	0.07286	0.07106	0.12390	0.23367	0.08695	0.06384	0.04124	0.03017	0.00820	0.02349	0.00671	0.00435	0.00393	0.00121	0.00590	0.00348	0.00238	0.00576
7	0.01095	0.60663	0.23027	0.00873	0.01310	0.01509	0.00961	0.04150	0.00925	0.01165	0.00660	0.00760	0.00557	0.00384	0.00316	0.00105	0.00507	0.00259	0.00192	0.00581
8	0.00525	0.00375	0.00500	0.00600	0.00625	0.00350	0.00400	0.00600	0.00825	0.01100	0.02374	0.84580	0.02849	0.01350	0.00550	0.00175	0.00250	0.01225	0.00400	0.00350
9	0.00918	0.02289	0.12227	0.12088	0.11220	0.04252	0.02201	0.02459	0.04913	0.08203	0.03710	0.19266	0.05187	0.00859	0.04924	0.00176	0.00482	0.03792	0.00312	0.00522
10	0.04093	0.02471	0.07447	0.19053	0.03858	0.04059	0.17388	0.24336	0.01281	0.09012	0.00964	0.01152	0.00707	0.00459	0.00439	0.00136	0.00556	0.01673	0.00304	0.00613
11	0.01048	0.01039	0.01876	0.05503	0.64723	0.01033	0.15717	0.01324	0.00983	0.01391	0.00820	0.01087	0.00673	0.00382	0.00441	0.00132	0.00553	0.00406	0.00213	0.00656
12	0.01195	0.72667	0.02130	0.00860	0.04950	0.06816	0.00774	0.04374	0.00946	0.01100	0.00630	0.00727	0.00566	0.00380	0.00297	0.00096	0.00484	0.00247	0.00198	0.00562

[dist]
# distance from previous block
# <min> <max>
3	10

[block]
# block no. 4 follows, 61 sequences, length 26
# corresponding to MSA columns:
# 232-257
name=unknown_E
#
# <colnr> <probs for GDERKNQSTAVLIFYWHMCP>
#	G	D	E	R	K	N	Q	S	T	A	V	L	I	F	Y	W	H	M	C	P
0	0.00616	0.00458	0.00674	0.00674	0.00745	0.00529	0.00516	0.00758	0.00687	0.00987	0.01170	0.01783	0.01116	0.09826	0.76614	0.00670	0.01094	0.00475	0.00233	0.00375
1	0.01024	0.00957	0.05618	0.15323	0.15846	0.00999	0.00923	0.03168	0.39276	0.03684	0.03113	0.01394	0.01046	0.00551	0.00496	0.03101	0.02089	0.00439	0.00332	0.00620
2	0.01274	0.01131	0.01732	0.16154	0.01948	0.12149	0.32953	0.07419	0.01123	0.16314	0.00982	0.01148	0.00706	0.00438	0.00480	0.00138	0.02607	0.00429	0.00287	0.00588
3	0.01635	0.01946	0.01203	0.01082	0.01313	0.76467	0.00816	0.01751	0.01222	0.07632	0.00749	0.00832	0.00596	0.00451	0.00392	0.00113	0.00744	0.00290	0.00247	0.00518
4	0.80935	0.00863	0.00686	0.00601	0.00874	0.00996	0.00495	0.07687	0.00837	0.01996	0.00635	0.00727	0.00488	0.00409	0.00280	0.00133	0.00345	0.00246	0.00280	0.00488
5	0.00530	0.00407	0.00486	0.00530	0.00611	0.00363	0.00373	0.00635	0.00938	0.01208	0.13835	0.42944	0.33216	0.01188	0.00529	0.00158	0.00232	0.01044	0.00410	0.00363
6	0.00532	0.00383	0.00502	0.00594	0.00628	0.00357	0.00402	0.00611	0.00834	0.01103	0.02454	0.75404	0.07129	0.03454	0.00591	0.00180	0.00257	0.03837	0.00396	0.00350
7	0.02826	0.01146	0.01273	0.01088	0.03939	0.17233	0.06423	0.03746	0.05770	0.01271	0.00745	0.00957	0.00638	0.00535	0.00767	0.00136	0.31629	0.00345	0.00236	0.19298
8	0.00706	0.00509	0.00703	0.00796	0.00900	0.00514	0.00694	0.00936	0.03490	0.01305	0.02264	0.04758	0.02443	0.01171	0.00590	0.00197	0.00395	0.76827	0.00398	0.00406
9	0.00528	0.00379	0.00501	0.00593	0.00624	0.00353	0.00398	0.00610	0.00847	0.01129	0.05980	0.78732	0.05086	0.01321	0.00547	0.00172	0.00247	0.01196	0.00403	0.00353
10	0.05625	0.47457	0.17661	0.03284	0.11777	0.05388	0.00981	0.01323	0.00905	0.01185	0.00668	0.00799	0.00564	0.00385	0.00331	0.00110	0.00513	0.00274	0.00194	0.00577
11	0.00813	0.00766	0.01292	0.83826	0.02967	0.00957	0.01196	0.01101	0.00861	0.01101	0.00766	0.01148	0.00574	0.00431	0.00431	0.00144	0.00574	0.00383	0.00191	0.00479
12	0.01609	0.02053	0.01221	0.01110	0.01332	0.83132	0.00832	0.01720	0.01221	0.01054	0.00666	0.00777	0.00555	0.00444	0.00388	0.00111	0.00777	0.00277	0.00222	0.00499
13	0.00889	0.00795	0.01262	0.45114	0.19125	0.00906	0.01079	0.05567	0.03452	0.01297	0.01090	0.07080	0.00984	0.00573	0.00456	0.00148	0.00508	0.08901	0.00253	0.00525
14	0.06066	0.03874	0.01271	0.37689	0.03470	0.11061	0.02224	0.13709	0.04418	0.08001	0.00892	0.01081	0.00663	0.00465	0.00446	0.00136	0.03337	0.00367	0.00275	0.00556
15	0.00557	0.00434	0.00506	0.00496	0.00613	0.00383	0.00369	0.00708	0.01083	0.01423	0.40491	0.08848	0.40527	0.01009	0.00511	0.00143	0.00213	0.00868	0.00435	0.00383
16	0.01066	0.01023	0.01748	0.02644	0.82174	0.01023	0.01322	0.01322	0.00981	0.01407	0.00810	0.01066	0.00682	0.00384	0.00426	0.00128	0.00512	0.00384	0.00213	0.00682
17	0.04749	0.05030	0.05464	0.08477	0.03702	0.00780	0.02563	0.08805	0.05744	0.04107	0.01092	0.12187	0.01005	0.02208	0.00597	0.11224	0.00401	0.00461	0.00288	0.21113
18	0.14937	0.00756	0.00998	0.14669	0.06253	0.00792	0.00736	0.03548	0.01019	0.34481	0.01243	0.02519	0.00918	0.02539	0.00502	0.00145	0.04999	0.03102	0.05259	0.00585
19	0.00893	0.00766	0.00893	0.00638	0.01021	0.00574	0.00510	0.01085	0.00893	0.01404	0.00766	0.00893	0.00638	0.00319	0.00319	0.00064	0.00319	0.00255	0.00255	0.87495
20	0.00920	0.02008	0.63790	0.01342	0.01924	0.03768	0.17465	0.01379	0.00941	0.01357	0.00789	0.00956	0.00568	0.00401	0.00428	0.00137	0.00659	0.00355	0.00190	0.00621
21	0.00855	0.00808	0.01367	0.70404	0.16062	0.00968	0.01217	0.01137	0.00881	0.01151	0.00773	0.01135	0.00592	0.00423	0.00430	0.00141	0.00564	0.00383	0.00195	0.00512
22	0.00688	0.00396	0.00516	0.00516	0.00516	0.00396	0.00318	0.00593	0.00593	0.00791	0.01049	0.02055	0.01152	0.42649	0.01935	0.44496	0.00396	0.00499	0.00224	0.00224
23	0.01013	0.01150	0.02475	0.01778	0.02190	0.01102	0.76257	0.01361	0.00997	0.01361	0.00855	0.01150	0.00649	0.00384	0.00558	0.00148	0.05281	0.00501	0.00216	0.00575
24	0.01131	0.43078	0.14916	0.05428	0.01354	0.09431	0.01925	0.05408	0.01956	0.02986	0.02663	0.03538	0.00739	0.00456	0.00387	0.00115	0.03380	0.00326	0.00226	0.00560
25	0.01104	0.02113	0.02724	0.07497	0.01125	0.18035	0.03309	0.09028	0.05515	0.04199	0.01012	0.01275	0.00829	0.03616	0.02012	0.17630	0.00480	0.00381	0.17664	0.00453

[dist]
# distance from previous block
# <min> <max>
1	41

[block]
# block no. 5 follows, 61 sequences, length 25
# corresponding to MSA columns:
# 299-320,371-373
name=unknown_F
#
# <colnr> <probs for GDERKNQSTAVLIFYWHMCP>
#	G	D	E	R	K	N	Q	S	T	A	V	L	I	F	Y	W	H	M	C	P
0	0.30318	0.23609	0.14392	0.03569	0.02789	0.01148	0.04180	0.04856	0.00915	0.03985	0.04340	0.00944	0.00721	0.00482	0.02056	0.00135	0.00463	0.00308	0.00249	0.00542
1	0.00903	0.00883	0.05473	0.05659	0.22077	0.01773	0.08147	0.03468	0.03506	0.03119	0.18693	0.07515	0.04636	0.00637	0.00559	0.00141	0.08818	0.00555	0.00307	0.03132
2	0.00721	0.00465	0.00559	0.00532	0.00567	0.00473	0.00339	0.00763	0.00738	0.06110	0.10847	0.02668	0.01772	0.63763	0.03944	0.00363	0.04138	0.00617	0.00299	0.00321
3	0.01189	0.78375	0.02173	0.00767	0.01124	0.08317	0.00745	0.01325	0.00903	0.01017	0.00604	0.00698	0.00553	0.00375	0.00285	0.00094	0.00486	0.00234	0.00187	0.00548
4	0.00602	0.00433	0.00528	0.00527	0.00630	0.00393	0.00390	0.00757	0.01066	0.02664	0.40857	0.15557	0.24043	0.02610	0.00539	0.00150	0.00227	0.03332	0.04307	0.00388
5	0.00565	0.00435	0.00516	0.00503	0.00618	0.00386	0.00375	0.00724	0.01103	0.01469	0.46729	0.08157	0.34883	0.00990	0.00511	0.00142	0.00212	0.00856	0.00441	0.00386
6	0.00560	0.00430	0.00490	0.00501	0.00597	0.00386	0.00360	0.00670	0.00951	0.01217	0.18346	0.13193	0.40260	0.14842	0.00795	0.00195	0.00262	0.05199	0.00391	0.00355
7	0.01100	0.00909	0.00957	0.00849	0.01090	0.01042	0.00664	0.09014	0.68149	0.01866	0.01663	0.01557	0.01248	0.00572	0.00427	0.00141	0.00341	0.00472	0.07276	0.00664
8	0.00799	0.00428	0.00480	0.00470	0.00561	0.00416	0.00335	0.00950	0.00903	0.06653	0.10443	0.08997	0.01662	0.16022	0.00699	0.00171	0.00255	0.00556	0.48808	0.00393
9	0.05645	0.05848	0.74555	0.01170	0.01774	0.01030	0.01492	0.01355	0.00898	0.01380	0.00756	0.00888	0.00542	0.00407	0.00396	0.00134	0.00612	0.00310	0.00187	0.00624
10	0.00864	0.02228	0.82630	0.01228	0.01864	0.01000	0.01592	0.01364	0.00909	0.01364	0.00773	0.00909	0.00546	0.00409	0.00409	0.00136	0.00637	0.00318	0.00182	0.00637
11	0.00851	0.00804	0.01359	0.71835	0.14666	0.00967	0.01215	0.01133	0.00879	0.01146	0.00772	0.01136	0.00590	0.00424	0.00430	0.00141	0.00565	0.00383	0.00195	0.00509
12	0.00658	0.00429	0.00520	0.00497	0.00601	0.00403	0.00373	0.00855	0.01119	0.01663	0.55459	0.02823	0.07516	0.00788	0.00451	0.00126	0.00203	0.00682	0.24430	0.00403
13	0.00640	0.00435	0.00597	0.00600	0.00641	0.00472	0.00425	0.00695	0.00662	0.00918	0.01208	0.02142	0.01251	0.31348	0.40898	0.12504	0.00764	0.03245	0.00241	0.00315
14	0.01129	0.78724	0.08460	0.00775	0.01164	0.01650	0.00803	0.01296	0.00878	0.01041	0.00612	0.00708	0.00552	0.00372	0.00287	0.00096	0.00474	0.00237	0.00184	0.00559
15	0.01214	0.00926	0.01689	0.01272	0.01609	0.00877	0.39388	0.04253	0.07162	0.22410	0.01413	0.08431	0.02665	0.00562	0.00488	0.00146	0.00531	0.04012	0.00350	0.00602
16	0.00636	0.00449	0.00570	0.00534	0.00649	0.00408	0.00403	0.00826	0.01188	0.04102	0.69047	0.03290	0.14486	0.00898	0.00506	0.00137	0.00210	0.00786	0.00466	0.00411
17	0.00583	0.00424	0.00499	0.00506	0.00609	0.00383	0.00373	0.00732	0.01030	0.01404	0.31312	0.17762	0.29826	0.01000	0.00495	0.00143	0.00220	0.02477	0.09839	0.00381
18	0.00935	0.24277	0.58197	0.01081	0.01626	0.01170	0.01331	0.01327	0.00903	0.01268	0.00782	0.00995	0.00618	0.00427	0.00381	0.00127	0.00581	0.03178	0.00190	0.00605
19	0.01083	0.63389	0.05993	0.00759	0.01077	0.01478	0.00740	0.03310	0.00874	0.01084	0.00699	0.00908	0.00647	0.05748	0.00505	0.01861	0.05447	0.00282	0.03591	0.00525
20	0.00574	0.00406	0.00517	0.00591	0.00640	0.00384	0.00419	0.00668	0.00848	0.01127	0.02401	0.50978	0.10494	0.10815	0.00730	0.00200	0.00287	0.13500	0.04069	0.00351
21	0.02772	0.01501	0.26181	0.01070	0.01387	0.20751	0.06838	0.02678	0.02555	0.02858	0.01082	0.08922	0.01006	0.03447	0.02706	0.00167	0.06114	0.07188	0.00255	0.00524
22	0.05754	0.01389	0.01296	0.07499	0.01477	0.28823	0.06977	0.27009	0.07174	0.05443	0.00928	0.01009	0.00695	0.00478	0.00434	0.00128	0.02209	0.00361	0.00318	0.00600
23	0.00848	0.00780	0.01285	0.70171	0.08615	0.00943	0.01156	0.03710	0.00912	0.01183	0.00870	0.03208	0.00710	0.00479	0.00439	0.00145	0.00552	0.03284	0.00213	0.00496
24	0.27601	0.12565	0.25472	0.02508	0.01276	0.03901	0.00899	0.04126	0.07876	0.01569	0.03525	0.01075	0.01811	0.00459	0.00357	0.00129	0.00462	0.01856	0.00259	0.02274

[dist]
# distance from previous block
# <min> <max>
1	10

[block]
# block no. 6 follows, 61 sequences, length 36
# corresponding to MSA columns:
# 384-419
name=unknown_G
#
# <colnr> <probs for GDERKNQSTAVLIFYWHMCP>
#	G	D	E	R	K	N	Q	S	T	A	V	L	I	F	Y	W	H	M	C	P
0	0.02336	0.12712	0.05588	0.00805	0.02621	0.03070	0.01947	0.07613	0.15300	0.02383	0.04294	0.28498	0.04153	0.00875	0.02683	0.00158	0.00388	0.01652	0.02414	0.00511
1	0.12454	0.02107	0.00949	0.00919	0.05260	0.27199	0.02547	0.03956	0.04393	0.01319	0.01241	0.09001	0.03753	0.06420	0.06080	0.00190	0.00548	0.06399	0.04797	0.00469
2	0.01032	0.03370	0.08487	0.22353	0.20506	0.02964	0.16799	0.06423	0.05420	0.03786	0.00997	0.02364	0.02644	0.00449	0.00442	0.00137	0.00559	0.00428	0.00248	0.00592
3	0.00937	0.00735	0.00849	0.00660	0.00969	0.00622	0.00519	0.07060	0.05718	0.04481	0.02643	0.09115	0.04623	0.00506	0.00372	0.00093	0.00316	0.00421	0.03658	0.55702
4	0.00634	0.00446	0.00583	0.00559	0.00663	0.00412	0.00423	0.00828	0.01185	0.03248	0.70858	0.06803	0.05885	0.00915	0.00513	0.00141	0.00219	0.04811	0.00466	0.00409
5	0.00868	0.00838	0.01166	0.01026	0.01041	0.01132	0.00838	0.00963	0.00692	0.01055	0.00869	0.14232	0.00940	0.00888	0.02909	0.00194	0.67084	0.00510	0.00224	0.02531
6	0.00585	0.00434	0.00546	0.00530	0.00632	0.00394	0.00393	0.00761	0.01144	0.01577	0.61944	0.10948	0.16599	0.00958	0.00512	0.00141	0.00210	0.00842	0.00455	0.00394
7	0.00543	0.00432	0.00460	0.00465	0.00589	0.00375	0.00344	0.00660	0.00974	0.01218	0.11193	0.08281	0.60592	0.05476	0.00593	0.00160	0.00233	0.02902	0.04148	0.00364
8	0.01609	0.02053	0.01221	0.01110	0.01332	0.83132	0.00832	0.01720	0.01221	0.01054	0.00666	0.00777	0.00555	0.00444	0.00388	0.00111	0.00777	0.00277	0.00222	0.00499
9	0.00550	0.00425	0.00504	0.00522	0.00623	0.00379	0.00384	0.00683	0.01015	0.01320	0.26612	0.23078	0.36818	0.01095	0.00522	0.00152	0.00229	0.04295	0.00422	0.00374
10	0.01102	0.58218	0.23608	0.00889	0.01321	0.06242	0.00970	0.01335	0.00904	0.01109	0.00649	0.00754	0.00551	0.00384	0.00318	0.00105	0.00526	0.00256	0.00186	0.00572
11	0.00537	0.00437	0.00476	0.00466	0.00599	0.00376	0.00350	0.00673	0.01049	0.01323	0.26267	0.03884	0.59998	0.01032	0.00509	0.00143	0.00214	0.00872	0.00421	0.00376
12	0.01000	0.01025	0.03782	0.07358	0.35652	0.00982	0.29803	0.01316	0.02905	0.02686	0.04507	0.02993	0.00924	0.00450	0.00467	0.00139	0.00568	0.02594	0.00243	0.00606
13	0.01152	0.85121	0.02257	0.00737	0.01106	0.01704	0.00737	0.01290	0.00875	0.01013	0.00599	0.00691	0.00553	0.00369	0.00276	0.00092	0.00461	0.00230	0.00184	0.00553
14	0.01555	0.06933	0.01273	0.01070	0.01307	0.70528	0.00818	0.05134	0.05336	0.01162	0.00733	0.00825	0.00601	0.00450	0.00386	0.00112	0.00723	0.00290	0.00240	0.00522
15	0.00989	0.03197	0.01285	0.01070	0.01122	0.03887	0.03020	0.01098	0.00735	0.05493	0.00758	0.05074	0.00732	0.00866	0.05411	0.00204	0.63934	0.00422	0.00222	0.00481
16	0.00933	0.06425	0.74310	0.01179	0.01786	0.01018	0.01498	0.01398	0.00924	0.05496	0.00811	0.00927	0.00573	0.00413	0.00404	0.00134	0.00614	0.00320	0.00200	0.00637
17	0.00936	0.08999	0.69254	0.01194	0.01779	0.05979	0.03352	0.01380	0.00928	0.01317	0.00755	0.00890	0.00549	0.00407	0.00399	0.00131	0.00633	0.00313	0.00185	0.00620
18	0.01933	0.00733	0.01000	0.00766	0.01100	0.00633	0.00633	0.02099	0.01233	0.82473	0.01699	0.01466	0.01066	0.00533	0.00433	0.00133	0.00367	0.00433	0.00533	0.00733
19	0.04899	0.00801	0.00917	0.00835	0.03214	0.00855	0.00633	0.06800	0.38582	0.18828	0.04773	0.11515	0.04108	0.00675	0.00447	0.00144	0.00339	0.00568	0.00440	0.00626
20	0.00649	0.00595	0.04751	0.00586	0.00720	0.03992	0.00465	0.00800	0.01023	0.02921	0.27796	0.16887	0.28133	0.05579	0.00598	0.00162	0.00284	0.03264	0.00399	0.00397
21	0.80814	0.00825	0.00663	0.00583	0.00855	0.00939	0.00480	0.01335	0.00774	0.08575	0.00690	0.00763	0.00516	0.00411	0.00280	0.00133	0.00336	0.00250	0.00289	0.00488
22	0.25812	0.00807	0.00927	0.00733	0.01049	0.00795	0.00605	0.09609	0.01172	0.52223	0.01328	0.01210	0.00867	0.00494	0.00387	0.00133	0.00368	0.00373	0.00449	0.00659
23	0.00768	0.00642	0.00962	0.15805	0.18641	0.00661	0.02345	0.00910	0.00821	0.01124	0.07470	0.04297	0.02604	0.36090	0.01180	0.00253	0.00444	0.00545	0.00260	0.04178
24	0.08573	0.00524	0.00702	0.02646	0.00842	0.00506	0.03635	0.00970	0.00912	0.14422	0.07074	0.46425	0.02208	0.05278	0.00583	0.00173	0.00313	0.03383	0.00395	0.00435
25	0.00806	0.00519	0.00589	0.00547	0.00718	0.00464	0.00422	0.01001	0.06148	0.15070	0.09047	0.05030	0.50309	0.03558	0.00548	0.00154	0.00264	0.03934	0.00426	0.00448
26	0.00736	0.00458	0.00539	0.00562	0.00648	0.00453	0.00403	0.05192	0.03442	0.03342	0.06175	0.42486	0.02106	0.00943	0.00449	0.00143	0.00248	0.00829	0.30433	0.00411
27	0.01017	0.30383	0.36468	0.01175	0.08680	0.05136	0.03059	0.01322	0.00910	0.01213	0.00769	0.00910	0.02065	0.00424	0.00420	0.00122	0.04835	0.00310	0.00193	0.00591
28	0.00546	0.00390	0.00519	0.00615	0.00650	0.00368	0.00428	0.00633	0.00842	0.01116	0.02380	0.72264	0.04365	0.03293	0.00593	0.00183	0.00269	0.09799	0.00396	0.00353
29	0.01029	0.00498	0.00576	0.00514	0.00673	0.00470	0.00400	0.02822	0.01045	0.19400	0.12580	0.01898	0.05135	0.00587	0.00370	0.00115	0.00244	0.00483	0.50679	0.00480
30	0.01127	0.09910	0.15497	0.02964	0.03291	0.12264	0.25591	0.04664	0.09692	0.04912	0.01057	0.03428	0.02696	0.00466	0.00436	0.00133	0.00591	0.00430	0.00264	0.00588
31	0.00922	0.00874	0.10847	0.05597	0.15459	0.00735	0.03031	0.06358	0.02027	0.06244	0.03633	0.11756	0.01546	0.00759	0.00480	0.00153	0.00430	0.21779	0.06843	0.00526
32	0.00546	0.00413	0.00509	0.00577	0.00652	0.00376	0.00421	0.00650	0.00900	0.01149	0.02996	0.46758	0.28099	0.01243	0.00544	0.00169	0.00262	0.12975	0.00399	0.00361
33	0.01224	0.03244	0.36314	0.04732	0.01665	0.16075	0.08070	0.05736	0.01074	0.13697	0.00906	0.01006	0.00648	0.00448	0.00450	0.00133	0.03355	0.00352	0.00260	0.00613
34	0.06435	0.12418	0.11677	0.04039	0.12331	0.04516	0.07738	0.02640	0.01013	0.23826	0.01052	0.01125	0.02060	0.00471	0.00477	0.00132	0.06756	0.00374	0.00302	0.00617
35	0.05086	0.00821	0.00921	0.00794	0.03188	0.02931	0.00611	0.19985	0.09762	0.23969	0.03147	0.05191	0.05434	0.03358	0.00475	0.00140	0.00366	0.00481	0.11347	0.01995

[dist]
# distance from previous block
# <min> <max>
1	23

[block]
# block no. 7 follows, 61 sequences, length 17
# corresponding to MSA columns:
# 445-461
name=unknown_H
#
# <colnr> <probs for GDERKNQSTAVLIFYWHMCP>
#	G	D	E	R	K	N	Q	S	T	A	V	L	I	F	Y	W	H	M	C	P
0	0.08417	0.50901	0.04116	0.00767	0.01109	0.03283	0.00720	0.11696	0.05658	0.01396	0.00891	0.00950	0.03731	0.00434	0.00322	0.00107	0.00440	0.00299	0.01687	0.03078
1	0.00674	0.00416	0.00545	0.00580	0.00621	0.00398	0.00394	0.00712	0.00791	0.05394	0.06017	0.37906	0.02166	0.22242	0.01121	0.12901	0.00324	0.06122	0.00345	0.00331
2	0.01054	0.44998	0.36742	0.00962	0.01444	0.01382	0.01109	0.05585	0.00952	0.01255	0.00697	0.00803	0.00559	0.00394	0.00342	0.00113	0.00537	0.00277	0.00196	0.00598
3	0.03437	0.34049	0.18092	0.01035	0.03510	0.23686	0.03800	0.05537	0.01040	0.01230	0.00690	0.00803	0.00566	0.00406	0.00354	0.00112	0.00591	0.00283	0.00211	0.00567
4	0.01000	0.22132	0.25232	0.06979	0.06113	0.02835	0.06284	0.05453	0.04063	0.01349	0.00942	0.02543	0.02726	0.00444	0.00381	0.00120	0.00511	0.00359	0.05291	0.05243
5	0.00557	0.00437	0.00499	0.00500	0.00617	0.00387	0.00375	0.00693	0.01028	0.01319	0.26785	0.08021	0.46166	0.04897	0.00594	0.00160	0.00236	0.05942	0.00415	0.00373
6	0.01050	0.37613	0.20351	0.00856	0.01259	0.03419	0.00891	0.01334	0.04615	0.04131	0.00873	0.01125	0.00747	0.00443	0.00351	0.00109	0.00474	0.05572	0.00235	0.14551
7	0.01018	0.21066	0.40895	0.05500	0.01619	0.06651	0.03348	0.04414	0.05274	0.01321	0.00815	0.02209	0.00639	0.00427	0.00383	0.00124	0.00567	0.00328	0.00215	0.03187
8	0.00558	0.00441	0.00527	0.00564	0.02715	0.00392	0.00397	0.00692	0.01015	0.01316	0.25435	0.20860	0.39952	0.01071	0.00517	0.00149	0.00232	0.02370	0.00416	0.00381
9	0.00539	0.00404	0.00502	0.00561	0.00629	0.00367	0.00396	0.00644	0.00919	0.01200	0.12518	0.50986	0.22723	0.01221	0.00537	0.00164	0.00243	0.04677	0.00409	0.00362
10	0.08134	0.01111	0.12672	0.01095	0.03087	0.04422	0.16175	0.03124	0.12513	0.19732	0.01206	0.04662	0.00919	0.00660	0.04914	0.00171	0.04020	0.00447	0.00331	0.00605
11	0.08105	0.08605	0.33921	0.03739	0.11332	0.03713	0.08374	0.02724	0.00974	0.10957	0.00910	0.03199	0.00693	0.00441	0.00404	0.00132	0.00548	0.00368	0.00249	0.00612
12	0.00692	0.00458	0.00628	0.00587	0.00613	0.00465	0.04476	0.00667	0.00640	0.00869	0.01162	0.04446	0.01279	0.49878	0.01849	0.25376	0.02904	0.00552	0.02190	0.00268
13	0.00895	0.01705	0.47727	0.01381	0.01902	0.00982	0.28858	0.01319	0.00953	0.01359	0.01013	0.01317	0.03591	0.00458	0.00457	0.00143	0.00640	0.04491	0.00213	0.00595
14	0.01119	0.15635	0.29541	0.08340	0.09900	0.02952	0.03019	0.09032	0.01054	0.09320	0.00929	0.02392	0.00728	0.00465	0.00416	0.00130	0.01489	0.02667	0.00256	0.00614
15	0.01039	0.04351	0.08324	0.19066	0.39738	0.05234	0.11093	0.03598	0.00993	0.01341	0.00797	0.01052	0.00635	0.00399	0.00429	0.00132	0.00572	0.00383	0.00212	0.00611
16	0.01006	0.00882	0.02275	0.01762	0.01022	0.06841	0.02294	0.09064	0.11243	0.02138	0.00997	0.03489	0.00888	0.06123	0.03264	0.13177	0.26023	0.00429	0.06616	0.00468

[dist]
# distance from previous block
# <min> <max>
2	3

[block]
# block no. 8 follows, 61 sequences, length 9
# corresponding to MSA columns:
# 465-473
name=unknown_I
#
# <colnr> <probs for GDERKNQSTAVLIFYWHMCP>
#	G	D	E	R	K	N	Q	S	T	A	V	L	I	F	Y	W	H	M	C	P
0	0.01031	0.02802	0.01114	0.10126	0.05858	0.04571	0.03010	0.06650	0.12204	0.03490	0.02379	0.01093	0.00800	0.00409	0.00375	0.00100	0.00407	0.00339	0.00289	0.42953
1	0.00905	0.00522	0.00621	0.00580	0.00726	0.00490	0.00433	0.05115	0.02938	0.16389	0.08918	0.21636	0.19302	0.06502	0.00582	0.00160	0.00279	0.00756	0.12688	0.00457
2	0.00630	0.00440	0.00552	0.00598	0.00657	0.00429	0.00409	0.00786	0.06323	0.03916	0.05074	0.53315	0.07361	0.13106	0.04109	0.00224	0.00317	0.00997	0.00383	0.00377
3	0.00798	0.00685	0.00905	0.00826	0.00871	0.04157	0.00652	0.00877	0.00754	0.01075	0.12257	0.01529	0.01233	0.01576	0.24030	0.15389	0.31302	0.00453	0.00242	0.00390
4	0.01213	0.01133	0.12559	0.00922	0.01232	0.01065	0.00824	0.23393	0.34275	0.06087	0.01339	0.01318	0.00987	0.00539	0.00460	0.00137	0.03797	0.00422	0.07639	0.00660
5	0.00782	0.00501	0.00615	0.00564	0.00724	0.00433	0.00426	0.00932	0.01059	0.12838	0.28178	0.16597	0.24508	0.00913	0.00486	0.00138	0.00249	0.00790	0.00429	0.08837
6	0.05057	0.00722	0.00938	0.02050	0.01032	0.00732	0.05677	0.15219	0.02589	0.21318	0.04533	0.17859	0.01461	0.00715	0.00474	0.00142	0.02844	0.03809	0.12276	0.00552
7	0.00681	0.00468	0.00587	0.00551	0.00620	0.00456	0.00368	0.00708	0.00667	0.00934	0.01139	0.02092	0.01212	0.44054	0.17497	0.14091	0.00539	0.00503	0.00243	0.12592
8	0.13023	0.00597	0.00688	0.00665	0.00772	0.03679	0.00503	0.04456	0.00772	0.01189	0.01129	0.04731	0.01099	0.15474	0.48753	0.00504	0.00843	0.00473	0.00256	0.00395

[dist]
# distance from previous block
# <min> <max>
0	1

# created by:
# /st0/software/busco_prod/Augustus/scripts/msa2prfl.pl ./align_prep/1304061.fa
