[name]
unknown

[dist]
# distance from previous block
# <min> <max>
1	42

[block]
# block no. 0 follows, 48 sequences, length 11
# corresponding to MSA columns:
# 62-72
name=unknown_A
#
# <colnr> <probs for GDERKNQSTAVLIFYWHMCP>
#	G	D	E	R	K	N	Q	S	T	A	V	L	I	F	Y	W	H	M	C	P
0	0.04221	0.00943	0.05928	0.14496	0.01540	0.00850	0.00818	0.09256	0.04331	0.01848	0.17646	0.05755	0.10234	0.00745	0.00511	0.00147	0.00432	0.00628	0.00398	0.19273
1	0.01204	0.07711	0.15460	0.22374	0.05156	0.01181	0.01167	0.07681	0.14849	0.06541	0.01528	0.02943	0.05850	0.03479	0.00577	0.00174	0.00570	0.00519	0.00349	0.00687
2	0.04337	0.22876	0.01957	0.03303	0.04951	0.11655	0.13732	0.11781	0.01293	0.01661	0.01053	0.06801	0.00937	0.00704	0.03708	0.00171	0.02352	0.00476	0.00303	0.05950
3	0.00924	0.04116	0.03559	0.05980	0.03149	0.02210	0.06275	0.04432	0.05367	0.01481	0.02116	0.22435	0.10798	0.11028	0.05774	0.00249	0.00517	0.00822	0.02340	0.06427
4	0.00811	0.00776	0.05457	0.14406	0.09598	0.00717	0.00837	0.01040	0.01106	0.01496	0.17030	0.13617	0.14557	0.04442	0.11567	0.00274	0.00561	0.00806	0.00379	0.00522
5	0.01416	0.06901	0.14897	0.07733	0.16464	0.01164	0.02471	0.14167	0.03563	0.13965	0.01452	0.06467	0.03921	0.00628	0.00507	0.00157	0.00563	0.00530	0.00377	0.02656
6	0.04832	0.12753	0.22982	0.01494	0.10036	0.01400	0.08573	0.13993	0.05563	0.01851	0.01053	0.03703	0.00854	0.00578	0.00595	0.00161	0.08090	0.00456	0.00304	0.00728
7	0.01044	0.00570	0.00709	0.00669	0.00776	0.00533	0.00453	0.01129	0.01021	0.17624	0.08837	0.17677	0.05331	0.39563	0.01550	0.00330	0.00416	0.00860	0.00439	0.00469
8	0.00734	0.00546	0.00806	0.00806	0.00891	0.00631	0.00618	0.00904	0.00819	0.01177	0.01391	0.02109	0.01323	0.09302	0.74536	0.00802	0.01313	0.00563	0.00277	0.00448
9	0.08389	0.17942	0.09312	0.04420	0.01530	0.11024	0.06223	0.08242	0.04924	0.07562	0.03014	0.10284	0.03702	0.00675	0.00478	0.00154	0.00574	0.00544	0.00352	0.00655
10	0.01181	0.03319	0.03109	0.11184	0.17852	0.02695	0.05285	0.06876	0.02452	0.06604	0.19761	0.05278	0.01892	0.00729	0.00667	0.00168	0.09305	0.00616	0.00377	0.00651

[dist]
# distance from previous block
# <min> <max>
2	30

[block]
# block no. 1 follows, 48 sequences, length 50
# corresponding to MSA columns:
# 103-152
name=unknown_B
#
# <colnr> <probs for GDERKNQSTAVLIFYWHMCP>
#	G	D	E	R	K	N	Q	S	T	A	V	L	I	F	Y	W	H	M	C	P
0	0.10645	0.01379	0.04814	0.02965	0.01540	0.09603	0.05933	0.34012	0.02524	0.06419	0.03618	0.03803	0.01039	0.00631	0.00551	0.00159	0.04662	0.00484	0.04494	0.00724
1	0.04904	0.03116	0.06294	0.01283	0.05304	0.06531	0.15398	0.07692	0.03640	0.08887	0.01099	0.01239	0.00837	0.00485	0.00491	0.00133	0.02187	0.00422	0.02750	0.27310
2	0.04501	0.00808	0.01122	0.31638	0.01975	0.00870	0.00906	0.05541	0.03529	0.01631	0.10328	0.18598	0.01783	0.00796	0.00525	0.00162	0.00476	0.00696	0.00361	0.13755
3	0.00717	0.00512	0.00658	0.00662	0.00770	0.00475	0.00494	0.00923	0.01312	0.01835	0.51317	0.18296	0.09029	0.01172	0.00610	0.00174	0.00269	0.05931	0.04376	0.00467
4	0.00711	0.00503	0.00622	0.00671	0.00757	0.00472	0.00475	0.00836	0.01079	0.03520	0.09619	0.47581	0.20644	0.01376	0.00646	0.00190	0.02590	0.01208	0.06054	0.00447
5	0.00664	0.00495	0.00577	0.00604	0.00687	0.00452	0.00411	0.00770	0.01062	0.01380	0.15507	0.25953	0.27226	0.20589	0.01098	0.00259	0.00324	0.01083	0.00451	0.00408
6	0.00855	0.00577	0.00719	0.00703	0.00847	0.00508	0.00500	0.00986	0.01039	0.06554	0.05945	0.41167	0.04634	0.10517	0.00805	0.00207	0.00342	0.02618	0.04414	0.16063
7	0.01256	0.00823	0.00985	0.00830	0.01065	0.00830	0.00655	0.21301	0.03661	0.11776	0.46798	0.02842	0.03273	0.00875	0.00568	0.00159	0.00355	0.00746	0.00559	0.00643
8	0.07255	0.01019	0.01111	0.00915	0.01238	0.06985	0.00736	0.08699	0.10918	0.39496	0.01713	0.01632	0.01185	0.00770	0.04223	0.00185	0.00501	0.00487	0.10174	0.00759
9	0.01144	0.02450	0.01023	0.00864	0.01095	0.00820	0.02285	0.14705	0.06366	0.07279	0.05068	0.25449	0.01990	0.09330	0.02542	0.00211	0.00439	0.02443	0.00442	0.14056
10	0.01351	0.65945	0.12598	0.00980	0.01448	0.05663	0.01015	0.01603	0.03031	0.01288	0.00779	0.00890	0.00681	0.00456	0.00361	0.00119	0.00591	0.00299	0.00229	0.00672
11	0.00975	0.00633	0.00801	0.00694	0.00904	0.00556	0.00535	0.01221	0.02544	0.11701	0.51940	0.03210	0.08339	0.00911	0.00560	0.00150	0.00290	0.00790	0.00530	0.12716
12	0.01372	0.82276	0.02689	0.00878	0.01317	0.02030	0.00878	0.01536	0.01043	0.01207	0.00713	0.00823	0.00658	0.00439	0.00329	0.00110	0.00549	0.00274	0.00219	0.00658
13	0.11406	0.01077	0.01261	0.00977	0.01370	0.01082	0.00807	0.27633	0.01722	0.44922	0.01611	0.01471	0.01056	0.00611	0.00493	0.00157	0.00476	0.00471	0.00559	0.00838
14	0.00632	0.00466	0.00591	0.00675	0.00738	0.00426	0.00463	0.00743	0.01060	0.01396	0.10605	0.61136	0.16188	0.01501	0.00642	0.00198	0.00286	0.01344	0.00485	0.00426
15	0.00985	0.00489	0.00506	0.00502	0.00626	0.00484	0.00376	0.01217	0.01084	0.04323	0.01733	0.05254	0.01401	0.00641	0.00376	0.00125	0.00248	0.00521	0.78621	0.00488
16	0.11513	0.00905	0.01129	0.00889	0.01262	0.00846	0.00730	0.04714	0.05819	0.61299	0.01846	0.01643	0.01196	0.00619	0.00489	0.00158	0.00428	0.00490	0.03202	0.00822
17	0.01079	0.00630	0.00708	0.00669	0.00826	0.00644	0.00504	0.06345	0.09263	0.07137	0.06486	0.14328	0.01825	0.00852	0.00535	0.04149	0.00311	0.00668	0.42496	0.00545
18	0.01130	0.01091	0.01900	0.38104	0.39781	0.01189	0.06485	0.01460	0.01107	0.01509	0.00946	0.01322	0.00752	0.00481	0.00517	0.00162	0.00660	0.00466	0.00243	0.00695
19	0.00741	0.00594	0.00765	0.00709	0.00895	0.00524	0.05520	0.00919	0.01218	0.03990	0.14974	0.06724	0.50307	0.01206	0.00615	0.00179	0.00326	0.08838	0.00479	0.00475
20	0.00623	0.00456	0.00586	0.00690	0.00738	0.00419	0.00466	0.00717	0.01006	0.01319	0.03122	0.72110	0.12726	0.01569	0.00649	0.00204	0.00293	0.01412	0.00476	0.00419
21	0.03239	0.01067	0.01700	0.01478	0.09105	0.01075	0.22822	0.07578	0.15447	0.10506	0.03930	0.02032	0.01362	0.07023	0.00711	0.00195	0.00573	0.05511	0.03947	0.00697
22	0.01434	0.03297	0.05131	0.06168	0.01575	0.07497	0.06701	0.10694	0.02793	0.15842	0.01302	0.07469	0.01088	0.00982	0.06663	0.02096	0.17692	0.00544	0.00369	0.00660
23	0.00645	0.00466	0.00611	0.00703	0.00757	0.00433	0.00486	0.00761	0.01060	0.01415	0.12225	0.64281	0.08224	0.01512	0.00648	0.00202	0.00296	0.04360	0.00487	0.00428
24	0.00678	0.00469	0.00580	0.00646	0.00663	0.00452	0.00403	0.00728	0.00878	0.01171	0.02295	0.47165	0.02721	0.36994	0.01517	0.00336	0.00386	0.01145	0.00403	0.00370
25	0.01263	0.01467	0.11642	0.02255	0.35944	0.06424	0.15087	0.06100	0.01224	0.01679	0.01077	0.06294	0.00934	0.00571	0.00604	0.00164	0.05732	0.00529	0.00279	0.00733
26	0.01370	0.01086	0.01379	0.13984	0.05410	0.07959	0.07371	0.13228	0.01320	0.08695	0.01224	0.01449	0.00936	0.00620	0.00636	0.01863	0.09277	0.00469	0.21085	0.00638
27	0.01322	0.69273	0.07714	0.04741	0.01547	0.01898	0.04643	0.01537	0.01053	0.01261	0.00752	0.00893	0.00665	0.00445	0.00362	0.00119	0.00584	0.00306	0.00222	0.00663
28	0.06935	0.09280	0.01390	0.01056	0.01277	0.12447	0.01829	0.18913	0.01317	0.01781	0.01109	0.05226	0.01005	0.05499	0.11180	0.00268	0.15435	0.00487	0.02952	0.00613
29	0.00680	0.00541	0.00614	0.00601	0.00755	0.00483	0.00457	0.00893	0.03399	0.01666	0.32535	0.04478	0.45288	0.01194	0.00608	0.00172	0.00267	0.04394	0.00511	0.00465
30	0.01092	0.00988	0.01682	0.11009	0.01881	0.00941	0.25871	0.05865	0.01179	0.04042	0.01527	0.11390	0.04772	0.06044	0.00682	0.00179	0.00585	0.02589	0.00336	0.17345
31	0.00888	0.00725	0.01007	0.00935	0.01008	0.00894	0.00732	0.04650	0.00882	0.01276	0.01228	0.01931	0.01189	0.12850	0.47379	0.00606	0.20511	0.00546	0.00279	0.00485
32	0.01413	0.01125	0.01493	0.11827	0.14039	0.01234	0.04702	0.10803	0.35530	0.09866	0.01601	0.01620	0.01184	0.00606	0.00521	0.00166	0.00518	0.00526	0.00439	0.00788
33	0.00661	0.00484	0.00551	0.00599	0.00705	0.00433	0.00424	0.00791	0.01088	0.01438	0.05806	0.36366	0.35728	0.01333	0.00596	0.00181	0.00273	0.01160	0.10950	0.00433
34	0.00776	0.00644	0.00970	0.03139	0.02256	0.00628	0.08275	0.01003	0.01232	0.01689	0.38437	0.03336	0.17125	0.03303	0.13486	0.00281	0.01645	0.00831	0.00446	0.00496
35	0.01042	0.00894	0.01038	0.00749	0.01191	0.00672	0.00598	0.01266	0.01069	0.01659	0.01114	0.01247	0.04426	0.00423	0.00391	0.00081	0.00374	0.00341	0.00312	0.81115
36	0.00747	0.00532	0.00678	0.00637	0.00770	0.00484	0.00479	0.00975	0.01420	0.03678	0.68289	0.03915	0.13333	0.01069	0.00603	0.00163	0.00248	0.00937	0.00556	0.00487
37	0.05238	0.06625	0.05681	0.03030	0.05199	0.01305	0.05074	0.34852	0.03774	0.16089	0.01315	0.01424	0.00968	0.04580	0.02384	0.00186	0.00576	0.00473	0.00444	0.00782
38	0.51877	0.06724	0.01142	0.00855	0.01209	0.01352	0.00715	0.25250	0.02890	0.02516	0.00904	0.00979	0.00682	0.00522	0.00384	0.00154	0.00460	0.00341	0.00376	0.00667
39	0.00956	0.00709	0.01092	0.02413	0.16277	0.00727	0.03160	0.01102	0.00952	0.05964	0.01636	0.05513	0.06822	0.12990	0.28724	0.08706	0.00806	0.00623	0.00314	0.00516
40	0.09936	0.05248	0.08599	0.06167	0.05126	0.07322	0.17582	0.08521	0.09384	0.10351	0.01247	0.03211	0.00964	0.00574	0.00530	0.00163	0.02309	0.01700	0.00357	0.00709
41	0.03854	0.36702	0.35004	0.03685	0.01776	0.01573	0.01320	0.05448	0.03537	0.01554	0.00877	0.01006	0.00692	0.00480	0.00417	0.00140	0.00634	0.00344	0.00246	0.00711
42	0.00746	0.00495	0.00641	0.00706	0.00787	0.00453	0.00498	0.00862	0.01079	0.06079	0.09559	0.55836	0.12662	0.01457	0.00661	0.01571	0.00307	0.04659	0.00489	0.00452
43	0.05987	0.01492	0.25837	0.07859	0.13813	0.01102	0.03225	0.03360	0.03302	0.04451	0.06461	0.04130	0.05352	0.00732	0.02436	0.00185	0.08763	0.00530	0.00309	0.00673
44	0.01360	0.10213	0.06710	0.21237	0.15860	0.07793	0.02729	0.04179	0.12443	0.08923	0.01175	0.01342	0.00893	0.00543	0.00516	0.00157	0.02440	0.00448	0.00325	0.00713
45	0.01589	0.00894	0.02846	0.01046	0.04474	0.00882	0.00820	0.03563	0.07259	0.37199	0.02820	0.07578	0.03564	0.01171	0.10528	0.00256	0.09770	0.02540	0.00486	0.00716
46	0.13064	0.00792	0.00831	0.02839	0.00989	0.05458	0.00587	0.04439	0.04372	0.07458	0.01547	0.10761	0.01482	0.18840	0.16782	0.00366	0.00638	0.00627	0.07616	0.00513
47	0.08449	0.14077	0.12987	0.04853	0.06833	0.03389	0.03174	0.13848	0.02470	0.06479	0.01435	0.15670	0.02781	0.00728	0.00492	0.00160	0.00540	0.00601	0.00362	0.00673
48	0.01234	0.07083	0.35230	0.01389	0.07183	0.02390	0.05002	0.09460	0.09409	0.02924	0.01085	0.01202	0.00814	0.00502	0.00475	0.00146	0.00625	0.00409	0.00304	0.13135
49	0.01186	0.02603	0.01165	0.01015	0.01156	0.11019	0.02708	0.08121	0.01181	0.06536	0.05272	0.22503	0.05141	0.05878	0.00958	0.00204	0.19975	0.00771	0.02054	0.00556

[dist]
# distance from previous block
# <min> <max>
2	17

[block]
# block no. 2 follows, 48 sequences, length 20
# corresponding to MSA columns:
# 170-189
name=unknown_C
#
# <colnr> <probs for GDERKNQSTAVLIFYWHMCP>
#	G	D	E	R	K	N	Q	S	T	A	V	L	I	F	Y	W	H	M	C	P
0	0.01409	0.10524	0.16926	0.01434	0.03561	0.05224	0.20741	0.13107	0.05684	0.08242	0.01161	0.01364	0.00888	0.04518	0.00610	0.00171	0.00669	0.00477	0.00335	0.02954
1	0.17576	0.00692	0.00734	0.00676	0.00878	0.00667	0.00505	0.02675	0.01037	0.01634	0.07264	0.15122	0.14727	0.12775	0.03199	0.00226	0.00395	0.03318	0.00391	0.15509
2	0.17850	0.01155	0.04047	0.04191	0.23075	0.05260	0.08900	0.02441	0.01100	0.01721	0.06368	0.08414	0.03040	0.00676	0.00629	0.00170	0.09457	0.00561	0.00311	0.00636
3	0.01100	0.00886	0.01007	0.00903	0.01082	0.03395	0.00700	0.12911	0.16969	0.01896	0.16524	0.04893	0.03584	0.06915	0.14545	0.00305	0.06972	0.00652	0.04162	0.00600
4	0.00814	0.00533	0.00664	0.00654	0.00772	0.00489	0.00477	0.00978	0.01218	0.07146	0.33395	0.17658	0.15572	0.11058	0.00851	0.00215	0.00309	0.04068	0.02660	0.00470
5	0.00693	0.00514	0.00641	0.00640	0.00754	0.00470	0.00473	0.00881	0.01288	0.01749	0.46287	0.15308	0.19411	0.04286	0.00694	0.00187	0.00274	0.04473	0.00520	0.00457
6	0.00739	0.00489	0.00605	0.00678	0.00734	0.00473	0.00468	0.02508	0.01014	0.01434	0.02439	0.52056	0.02765	0.10966	0.00836	0.00228	0.00327	0.05528	0.15284	0.00428
7	0.00627	0.00496	0.00565	0.00599	0.00719	0.00434	0.00430	0.00757	0.01141	0.01440	0.13096	0.30263	0.44876	0.01372	0.00622	0.00184	0.00270	0.01189	0.00487	0.00434
8	0.21065	0.02059	0.01299	0.01166	0.01451	0.57673	0.00891	0.05960	0.01373	0.01602	0.00799	0.00921	0.00648	0.00521	0.00432	0.00139	0.00785	0.00326	0.00290	0.00601
9	0.00888	0.00492	0.00597	0.00603	0.00694	0.00479	0.00439	0.01019	0.01059	0.03553	0.14399	0.12024	0.02164	0.03562	0.00818	0.15263	0.00307	0.04140	0.37070	0.00431
10	0.85592	0.00992	0.00754	0.00675	0.00992	0.01151	0.00556	0.01508	0.00873	0.02302	0.00714	0.00834	0.00556	0.00476	0.00318	0.00159	0.00397	0.00278	0.00318	0.00556
11	0.32025	0.01012	0.01016	0.00834	0.01172	0.04827	0.00680	0.09291	0.01311	0.33312	0.01385	0.01343	0.00949	0.00568	0.00428	0.00153	0.00441	0.00413	0.08131	0.00710
12	0.01233	0.01192	0.01215	0.02975	0.01341	0.17375	0.04287	0.03115	0.16168	0.04148	0.06813	0.11071	0.05329	0.00907	0.00713	0.00181	0.11199	0.09733	0.00403	0.00602
13	0.00776	0.03291	0.00865	0.14898	0.01267	0.02504	0.00648	0.00966	0.01178	0.01545	0.27058	0.19407	0.17431	0.05065	0.00686	0.00189	0.00374	0.00938	0.00439	0.00476
14	0.01439	0.69201	0.02467	0.00917	0.01338	0.05119	0.00878	0.04232	0.05251	0.03896	0.00851	0.00930	0.00735	0.00469	0.00358	0.00117	0.00553	0.00307	0.00261	0.00679
15	0.00628	0.00459	0.00591	0.00687	0.00739	0.00422	0.00466	0.00730	0.01028	0.01356	0.06838	0.68501	0.12583	0.01543	0.00647	0.00202	0.00290	0.01387	0.00481	0.00422
16	0.10223	0.00978	0.08289	0.12135	0.05323	0.00873	0.00873	0.06032	0.05309	0.04744	0.11198	0.18983	0.04547	0.00843	0.00524	0.00166	0.00447	0.00722	0.00397	0.07394
17	0.07642	0.14756	0.24643	0.03017	0.08193	0.01266	0.01182	0.09307	0.06211	0.09655	0.02417	0.03411	0.00980	0.02837	0.00523	0.00161	0.00572	0.00444	0.00337	0.02445
18	0.00878	0.00726	0.00784	0.00779	0.00917	0.04546	0.00580	0.02635	0.14602	0.01616	0.15890	0.18744	0.14205	0.10082	0.03045	0.00236	0.00407	0.08351	0.00466	0.00513
19	0.00667	0.00558	0.04230	0.00718	0.00787	0.00464	0.00518	0.00776	0.00972	0.01314	0.02657	0.64461	0.05633	0.09920	0.00841	0.00232	0.00337	0.01289	0.03202	0.00424

[dist]
# distance from previous block
# <min> <max>
1	19

[block]
# block no. 3 follows, 48 sequences, length 21
# corresponding to MSA columns:
# 226-246
name=unknown_D
#
# <colnr> <probs for GDERKNQSTAVLIFYWHMCP>
#	G	D	E	R	K	N	Q	S	T	A	V	L	I	F	Y	W	H	M	C	P
0	0.14828	0.15379	0.26800	0.01153	0.04255	0.01280	0.02780	0.05183	0.05703	0.01752	0.00954	0.01133	0.00760	0.02858	0.00517	0.00153	0.02501	0.00371	0.00282	0.11357
1	0.17668	0.21469	0.07115	0.04742	0.08815	0.13867	0.00994	0.08470	0.01235	0.06872	0.00942	0.02387	0.00761	0.00527	0.00446	0.00144	0.02192	0.00373	0.00307	0.00674
2	0.01118	0.00693	0.00885	0.03130	0.02859	0.00672	0.00631	0.06229	0.05098	0.14940	0.36247	0.07820	0.08260	0.00947	0.00570	0.00166	0.00339	0.03890	0.04915	0.00592
3	0.01045	0.03581	0.16029	0.16268	0.03363	0.01049	0.02302	0.08143	0.10750	0.01763	0.11729	0.02276	0.11965	0.00799	0.01765	0.00179	0.03329	0.02655	0.00373	0.00638
4	0.00788	0.00529	0.00630	0.00606	0.00705	0.00490	0.00416	0.00912	0.01125	0.05524	0.29418	0.06475	0.18335	0.30308	0.01327	0.00287	0.00350	0.00890	0.00456	0.00429
5	0.00812	0.00575	0.00774	0.00744	0.00778	0.00646	0.00527	0.00850	0.00820	0.01149	0.08355	0.02472	0.01672	0.30756	0.21229	0.16551	0.09991	0.00623	0.00299	0.00375
6	0.00689	0.00523	0.00635	0.00607	0.00744	0.00468	0.00455	0.00897	0.01365	0.01850	0.55833	0.04175	0.27634	0.01126	0.00606	0.00165	0.00248	0.00976	0.00538	0.00468
7	0.00813	0.00518	0.00598	0.00588	0.00721	0.00476	0.00437	0.01001	0.01206	0.04836	0.24815	0.10950	0.22508	0.03806	0.00612	0.00171	0.00272	0.02225	0.22976	0.00473
8	0.01372	0.82276	0.02689	0.00878	0.01317	0.02030	0.00878	0.01536	0.01043	0.01207	0.00713	0.00823	0.00658	0.00439	0.00329	0.00110	0.00549	0.00274	0.00219	0.00658
9	0.01862	0.01265	0.01434	0.01130	0.01487	0.01397	0.00929	0.47631	0.10839	0.17027	0.01427	0.01397	0.01009	0.00655	0.00622	0.00164	0.07895	0.00485	0.00510	0.00837
10	0.01121	0.01116	0.01639	0.09818	0.01667	0.01490	0.06132	0.01359	0.05468	0.01325	0.00808	0.01213	0.00735	0.00814	0.01419	0.00212	0.62363	0.00468	0.00245	0.00586
11	0.00969	0.00912	0.01539	0.80734	0.03534	0.01140	0.01425	0.01311	0.01026	0.01311	0.00912	0.01368	0.00684	0.00513	0.00513	0.00171	0.00684	0.00456	0.00228	0.00570
12	0.01070	0.00932	0.01147	0.00820	0.01278	0.00710	0.03852	0.01307	0.01070	0.01671	0.00917	0.01078	0.00761	0.00382	0.00390	0.00080	0.00401	0.00317	0.00302	0.81515
13	0.00759	0.00551	0.00782	0.00733	0.00851	0.00517	0.05057	0.00845	0.01067	0.01412	0.20422	0.10040	0.23009	0.01533	0.06909	0.22163	0.00430	0.02109	0.00403	0.00407
14	0.01482	0.19447	0.03459	0.01174	0.01397	0.33948	0.00970	0.01595	0.01114	0.01215	0.00757	0.01014	0.00684	0.00716	0.00884	0.07934	0.21038	0.00360	0.00240	0.00570
15	0.00690	0.00526	0.00700	0.00753	0.00802	0.00536	0.00534	0.00813	0.01063	0.01454	0.17713	0.56439	0.05769	0.01422	0.00738	0.00199	0.07683	0.01249	0.00471	0.00444
16	0.17444	0.07490	0.06151	0.02304	0.01239	0.05152	0.02126	0.07148	0.01196	0.05654	0.16692	0.01702	0.01594	0.00784	0.02533	0.01593	0.12878	0.00500	0.05224	0.00595
17	0.01846	0.02264	0.01470	0.01316	0.01565	0.68025	0.01002	0.06480	0.01450	0.01373	0.00809	0.00962	0.00675	0.00568	0.00578	0.00142	0.08243	0.00349	0.00276	0.00608
18	0.00787	0.00676	0.00694	0.00700	0.00810	0.07734	0.00502	0.00942	0.01228	0.01592	0.32539	0.25828	0.16795	0.05940	0.00724	0.00194	0.00339	0.01040	0.00482	0.00456
19	0.00893	0.00636	0.00797	0.00749	0.00851	0.00689	0.00544	0.10237	0.01057	0.01473	0.08517	0.02555	0.01764	0.30568	0.33476	0.00547	0.00831	0.00641	0.02716	0.00460
20	0.26502	0.09366	0.10143	0.04026	0.01483	0.24857	0.00935	0.06074	0.01230	0.07412	0.00920	0.01027	0.00704	0.00514	0.00416	0.00146	0.00630	0.00345	0.02630	0.00640

[dist]
# distance from previous block
# <min> <max>
0	35

[block]
# block no. 4 follows, 48 sequences, length 12
# corresponding to MSA columns:
# 284-294,296
name=unknown_E
#
# <colnr> <probs for GDERKNQSTAVLIFYWHMCP>
#	G	D	E	R	K	N	Q	S	T	A	V	L	I	F	Y	W	H	M	C	P
0	0.06098	0.21762	0.13261	0.05560	0.08678	0.04746	0.14562	0.08815	0.01206	0.01652	0.00909	0.01133	0.00733	0.00628	0.03529	0.00177	0.05182	0.00414	0.00268	0.00687
1	0.18385	0.15553	0.01643	0.06834	0.01619	0.20328	0.08740	0.05499	0.11499	0.01739	0.02964	0.01190	0.00891	0.00531	0.00443	0.00148	0.00625	0.00403	0.00319	0.00646
2	0.13070	0.14582	0.05001	0.05664	0.04210	0.01305	0.29287	0.04702	0.05308	0.01714	0.01421	0.01589	0.08821	0.00559	0.00499	0.00159	0.00626	0.00526	0.00305	0.00654
3	0.00873	0.00779	0.01018	0.08231	0.05219	0.04929	0.07069	0.01089	0.01259	0.03659	0.23646	0.03523	0.34750	0.00984	0.00582	0.00166	0.00404	0.00856	0.00441	0.00521
4	0.00927	0.00780	0.01188	0.05982	0.19211	0.00779	0.04793	0.01212	0.05334	0.01674	0.24395	0.02737	0.12823	0.01052	0.04702	0.06298	0.00474	0.02132	0.02942	0.00567
5	0.00685	0.00492	0.00597	0.00624	0.00726	0.00449	0.00448	0.00849	0.01190	0.01631	0.28250	0.30501	0.21280	0.01256	0.00599	0.00176	0.00265	0.01103	0.08431	0.00449
6	0.00705	0.00486	0.00626	0.00658	0.00722	0.00460	0.00455	0.00790	0.01046	0.01407	0.21198	0.29593	0.11461	0.11896	0.03492	0.11300	0.00361	0.02506	0.00437	0.00399
7	0.09767	0.25707	0.01349	0.00885	0.04982	0.01054	0.00691	0.01159	0.01052	0.01476	0.04350	0.25251	0.07361	0.00973	0.00502	0.00166	0.00413	0.08726	0.03596	0.00537
8	0.01178	0.32540	0.01911	0.03004	0.21815	0.01381	0.00985	0.03712	0.01087	0.01430	0.05212	0.04528	0.01186	0.07108	0.07651	0.00227	0.03649	0.00480	0.00279	0.00638
9	0.34031	0.05576	0.04848	0.01073	0.02667	0.04209	0.11076	0.03351	0.16626	0.02004	0.03521	0.01351	0.02730	0.00550	0.00437	0.00157	0.00505	0.00436	0.00353	0.04498
10	0.04610	0.37863	0.16839	0.04093	0.07254	0.06564	0.03076	0.03597	0.05134	0.03386	0.00955	0.02817	0.00796	0.00508	0.00421	0.00138	0.00609	0.00379	0.00269	0.00692
11	0.01170	0.37171	0.14696	0.00956	0.01362	0.05393	0.03467	0.01410	0.01136	0.04177	0.05798	0.03700	0.16284	0.00686	0.00454	0.00141	0.00531	0.00534	0.00312	0.00622

[dist]
# distance from previous block
# <min> <max>
1	7

[block]
# block no. 5 follows, 48 sequences, length 6
# corresponding to MSA columns:
# 304-309
name=unknown_F
#
# <colnr> <probs for GDERKNQSTAVLIFYWHMCP>
#	G	D	E	R	K	N	Q	S	T	A	V	L	I	F	Y	W	H	M	C	P
0	0.00967	0.00663	0.00881	0.00844	0.01020	0.00635	0.03879	0.04699	0.04692	0.09451	0.12193	0.21008	0.16770	0.01202	0.00624	0.00192	0.00382	0.18863	0.00497	0.00538
1	0.16868	0.05174	0.06505	0.01058	0.05117	0.00996	0.06313	0.04778	0.03224	0.04157	0.01036	0.01254	0.00843	0.01018	0.13601	0.00243	0.00639	0.00394	0.00312	0.26473
2	0.05023	0.22692	0.10946	0.03595	0.11454	0.01344	0.04897	0.06338	0.04695	0.13223	0.04137	0.01305	0.00994	0.00538	0.00492	0.00145	0.03050	0.00426	0.00341	0.04365
3	0.00893	0.01284	0.27327	0.01014	0.01340	0.00796	0.03998	0.01178	0.00970	0.04095	0.01655	0.08507	0.06584	0.17703	0.19991	0.00393	0.00776	0.00641	0.00304	0.00549
4	0.01231	0.21067	0.11631	0.25962	0.13700	0.09345	0.01299	0.01557	0.03347	0.01395	0.00885	0.01146	0.00716	0.00508	0.00512	0.00151	0.04254	0.00393	0.00241	0.00661
5	0.01194	0.30835	0.15193	0.01283	0.12591	0.01348	0.01069	0.01511	0.04553	0.04824	0.05243	0.07270	0.04656	0.00633	0.00482	0.00144	0.02375	0.00504	0.00307	0.03985

[dist]
# distance from previous block
# <min> <max>
3	13

[block]
# block no. 6 follows, 48 sequences, length 6
# corresponding to MSA columns:
# 323-328
name=unknown_G
#
# <colnr> <probs for GDERKNQSTAVLIFYWHMCP>
#	G	D	E	R	K	N	Q	S	T	A	V	L	I	F	Y	W	H	M	C	P
0	0.01278	0.43647	0.17401	0.04307	0.01663	0.08972	0.06562	0.01546	0.01081	0.01322	0.00853	0.01083	0.00735	0.03245	0.04198	0.00175	0.00690	0.00359	0.00232	0.00650
1	0.13284	0.34937	0.14498	0.00987	0.01420	0.04410	0.00980	0.10741	0.01209	0.05492	0.00935	0.01099	0.00764	0.03275	0.03861	0.00177	0.00605	0.00356	0.00296	0.00675
2	0.01276	0.24549	0.31887	0.03853	0.01767	0.05220	0.03747	0.05723	0.01174	0.06766	0.01063	0.04954	0.00873	0.00702	0.04175	0.00179	0.00683	0.00430	0.00281	0.00697
3	0.05599	0.13717	0.15465	0.01031	0.01422	0.04103	0.00975	0.22669	0.01499	0.08330	0.08370	0.09796	0.01458	0.02667	0.00543	0.00163	0.00533	0.00562	0.00402	0.00697
4	0.06362	0.38680	0.13405	0.01076	0.01494	0.01543	0.06465	0.07788	0.01158	0.03722	0.01061	0.09210	0.00974	0.00609	0.00490	0.00146	0.04398	0.00465	0.00290	0.00664
5	0.09799	0.23660	0.28542	0.01096	0.01581	0.05988	0.01166	0.07532	0.03169	0.01673	0.01061	0.08179	0.00932	0.00588	0.00441	0.00147	0.00598	0.00443	0.00288	0.03117

[dist]
# distance from previous block
# <min> <max>
25	115

[block]
# block no. 7 follows, 48 sequences, length 23
# corresponding to MSA columns:
# 507-529
name=unknown_H
#
# <colnr> <probs for GDERKNQSTAVLIFYWHMCP>
#	G	D	E	R	K	N	Q	S	T	A	V	L	I	F	Y	W	H	M	C	P
0	0.04248	0.01389	0.19390	0.38862	0.04429	0.01188	0.06990	0.04443	0.03526	0.05473	0.01012	0.01302	0.00745	0.00532	0.00561	0.00170	0.04359	0.00450	0.00272	0.00661
1	0.07846	0.03693	0.07390	0.14742	0.12861	0.05785	0.07464	0.06828	0.01224	0.11689	0.01209	0.01629	0.00977	0.00753	0.04207	0.00197	0.04597	0.05894	0.00334	0.00679
2	0.00925	0.05105	0.14281	0.06371	0.07199	0.00895	0.07029	0.01320	0.07848	0.01661	0.19474	0.16136	0.07891	0.00881	0.00560	0.00170	0.00475	0.00786	0.00394	0.00598
3	0.00702	0.00574	0.00741	0.03548	0.07631	0.00537	0.00577	0.00866	0.02607	0.01411	0.05832	0.37970	0.32485	0.01315	0.00614	0.00186	0.00324	0.01157	0.00452	0.00473
4	0.01073	0.10218	0.08155	0.13619	0.03937	0.00972	0.05237	0.01339	0.03395	0.09481	0.01798	0.28202	0.02990	0.00934	0.00600	0.00178	0.03956	0.02949	0.00373	0.00593
5	0.03762	0.03168	0.20275	0.03789	0.12346	0.02683	0.08351	0.01386	0.02450	0.05247	0.01267	0.02001	0.01169	0.24312	0.03276	0.00278	0.00643	0.02702	0.00293	0.00602
6	0.00983	0.18490	0.05970	0.04423	0.01250	0.05651	0.00840	0.01188	0.00931	0.01231	0.01123	0.01576	0.01024	0.02459	0.46896	0.00539	0.04175	0.00459	0.00255	0.00536
7	0.00733	0.00550	0.00825	0.00825	0.00916	0.00641	0.00641	0.00916	0.00825	0.01191	0.01374	0.02016	0.01283	0.03848	0.79934	0.00825	0.01374	0.00550	0.00275	0.00458
8	0.01373	0.07953	0.18431	0.07487	0.06989	0.06376	0.03566	0.17556	0.02598	0.06642	0.04138	0.03237	0.01071	0.00776	0.04559	0.00193	0.04002	0.01993	0.00346	0.00712
9	0.03737	0.03956	0.13578	0.03696	0.01711	0.01059	0.19431	0.09369	0.04754	0.01746	0.03681	0.18404	0.03048	0.00841	0.00600	0.00180	0.02736	0.06478	0.00364	0.00630
10	0.50762	0.00826	0.00743	0.00685	0.00908	0.00936	0.00532	0.03554	0.00908	0.01907	0.01140	0.01587	0.03163	0.13834	0.13543	0.00318	0.00566	0.00431	0.03153	0.00505
11	0.01583	0.01457	0.12039	0.01141	0.01540	0.05512	0.01011	0.23663	0.33168	0.10957	0.01607	0.01534	0.01161	0.00629	0.00511	0.00163	0.00531	0.00498	0.00476	0.00817
12	0.05523	0.00852	0.00996	0.00881	0.01057	0.00958	0.00674	0.21022	0.07323	0.01806	0.01366	0.01979	0.01247	0.19236	0.25799	0.04333	0.03474	0.00549	0.00363	0.00561
13	0.00914	0.00731	0.01032	0.00951	0.01013	0.00909	0.00748	0.01047	0.00852	0.03831	0.04937	0.01940	0.01313	0.10742	0.38408	0.03129	0.26181	0.00553	0.00287	0.00483
14	0.58375	0.01056	0.00945	0.00796	0.01129	0.01186	0.00654	0.17518	0.01265	0.07474	0.04691	0.01123	0.00877	0.00544	0.00386	0.00158	0.00427	0.00364	0.00392	0.00640
15	0.01247	0.01668	0.25107	0.01719	0.18139	0.05029	0.07687	0.09010	0.14110	0.01868	0.03519	0.01663	0.01134	0.00599	0.00526	0.00165	0.00634	0.05088	0.00336	0.00751
16	0.01616	0.01192	0.01328	0.00996	0.01424	0.01177	0.00815	0.42159	0.01815	0.07193	0.01151	0.01196	0.00851	0.00522	0.00460	0.00123	0.00483	0.00402	0.00437	0.34661
17	0.01449	0.00960	0.01075	0.00884	0.01179	0.00985	0.00709	0.31006	0.05612	0.14095	0.11780	0.04661	0.19408	0.00859	0.00546	0.00162	0.00412	0.00703	0.02818	0.00698
18	0.13795	0.01170	0.01295	0.01014	0.01401	0.01235	0.00835	0.38067	0.05337	0.28461	0.01464	0.01379	0.00993	0.00606	0.00487	0.00157	0.00491	0.00460	0.00527	0.00825
19	0.03938	0.00883	0.00957	0.00866	0.01085	0.04458	0.00690	0.20750	0.01496	0.08812	0.07390	0.14826	0.03710	0.00935	0.00541	0.00170	0.00424	0.12681	0.14778	0.00611
20	0.00753	0.00589	0.00803	0.00810	0.00936	0.00565	0.04272	0.01012	0.06174	0.01584	0.18034	0.31536	0.14013	0.01299	0.00637	0.00195	0.00350	0.15471	0.00486	0.00482
21	0.00740	0.00542	0.00717	0.00809	0.00914	0.00519	0.00658	0.00925	0.01146	0.01486	0.07150	0.23794	0.14645	0.01426	0.00675	0.00216	0.00386	0.42321	0.00479	0.00454
22	0.00737	0.00534	0.00745	0.00745	0.00809	0.00598	0.00542	0.00865	0.00801	0.01132	0.01447	0.02419	0.01458	0.27328	0.56693	0.00726	0.01111	0.00609	0.00286	0.00414

[dist]
# distance from previous block
# <min> <max>
0	1

[block]
# block no. 8 follows, 48 sequences, length 29
# corresponding to MSA columns:
# 531-559
name=unknown_I
#
# <colnr> <probs for GDERKNQSTAVLIFYWHMCP>
#	G	D	E	R	K	N	Q	S	T	A	V	L	I	F	Y	W	H	M	C	P
0	0.01383	0.17061	0.25587	0.01129	0.01600	0.04130	0.01157	0.18735	0.06139	0.06753	0.01392	0.07669	0.03793	0.00649	0.00484	0.00154	0.00584	0.00508	0.00361	0.00731
1	0.00640	0.00462	0.00609	0.00720	0.00766	0.00431	0.00498	0.00743	0.01009	0.01332	0.02965	0.70994	0.07991	0.01574	0.00656	0.00208	0.00309	0.07193	0.00476	0.00422
2	0.01935	0.00877	0.01123	0.00900	0.01238	0.00820	0.00728	0.09796	0.06220	0.53414	0.06783	0.07395	0.01621	0.00729	0.00525	0.00161	0.00418	0.00604	0.03912	0.00798
3	0.01349	0.02492	0.04252	0.01006	0.01207	0.06023	0.00810	0.24414	0.07113	0.01799	0.01053	0.01366	0.00884	0.01091	0.01215	0.33005	0.09579	0.00448	0.00337	0.00556
4	0.01312	0.01319	0.13656	0.01554	0.17679	0.03917	0.05792	0.11400	0.06180	0.09515	0.08388	0.03169	0.04745	0.02399	0.00586	0.00173	0.00560	0.06547	0.00395	0.00714
5	0.00796	0.00532	0.00718	0.00820	0.02239	0.00501	0.00604	0.00940	0.01084	0.06262	0.02879	0.48855	0.08317	0.01452	0.00655	0.00210	0.00358	0.21828	0.00481	0.00469
6	0.30595	0.01298	0.07226	0.11392	0.01747	0.01327	0.05715	0.29437	0.02826	0.02423	0.00991	0.01122	0.00728	0.00535	0.00450	0.00160	0.00553	0.00402	0.00371	0.00703
7	0.01125	0.01198	0.07233	0.33202	0.37008	0.01211	0.03682	0.01456	0.01084	0.01501	0.00925	0.01289	0.00741	0.00508	0.00585	0.00165	0.05697	0.00455	0.00240	0.00695
8	0.01448	0.34773	0.18692	0.01086	0.01545	0.11703	0.01090	0.06414	0.06575	0.07693	0.03774	0.01174	0.00931	0.00527	0.00430	0.00137	0.00614	0.00379	0.00309	0.00706
9	0.01469	0.30931	0.01763	0.01033	0.01356	0.22768	0.00864	0.05405	0.18952	0.01559	0.01233	0.05251	0.01062	0.00606	0.00440	0.00140	0.00597	0.01415	0.02489	0.00668
10	0.01640	0.01928	0.01332	0.04374	0.03855	0.54479	0.00931	0.07826	0.01436	0.01444	0.01331	0.10183	0.05694	0.00699	0.00500	0.00147	0.00767	0.00521	0.00319	0.00593
11	0.01342	0.44117	0.16818	0.01019	0.01457	0.06446	0.01035	0.06818	0.03002	0.03088	0.00938	0.01148	0.00801	0.05599	0.00555	0.00153	0.01932	0.00362	0.02703	0.00668
12	0.00892	0.00768	0.00919	0.00932	0.01028	0.06194	0.02265	0.03986	0.01116	0.01450	0.03582	0.38139	0.05620	0.01313	0.00773	0.00207	0.10440	0.19463	0.00428	0.00486
13	0.00628	0.00452	0.00596	0.00704	0.00743	0.00420	0.00473	0.00725	0.01007	0.01340	0.05682	0.75613	0.06569	0.01574	0.00651	0.00205	0.00294	0.01424	0.00480	0.00420
14	0.00891	0.00446	0.00668	0.00668	0.00668	0.00446	0.00446	0.00668	0.00668	0.00891	0.00891	0.01560	0.00891	0.01783	0.02005	0.85071	0.00446	0.00446	0.00223	0.00223
15	0.00771	0.00501	0.00662	0.00717	0.00758	0.01890	0.00499	0.00790	0.00884	0.01207	0.01926	0.37939	0.02151	0.01866	0.11382	0.26628	0.00496	0.02909	0.05654	0.00370
16	0.07303	0.01068	0.01220	0.00965	0.01343	0.06408	0.00787	0.10841	0.06396	0.55510	0.01773	0.01586	0.01158	0.00620	0.00500	0.00157	0.00481	0.00486	0.00569	0.00830
17	0.00695	0.00523	0.00532	0.00524	0.00696	0.00447	0.00395	0.00841	0.01165	0.03437	0.04660	0.04465	0.66581	0.01192	0.00572	0.00166	0.00262	0.00990	0.11407	0.00450
18	0.00684	0.00512	0.00635	0.00627	0.00746	0.00463	0.00461	0.00878	0.01319	0.01795	0.50726	0.15367	0.21526	0.01187	0.00613	0.00171	0.00254	0.01040	0.00532	0.00463
19	0.74774	0.01022	0.00838	0.00727	0.01056	0.01166	0.00599	0.07564	0.01025	0.06221	0.00821	0.00911	0.00617	0.00495	0.00343	0.00158	0.00412	0.00304	0.00349	0.00597
20	0.00799	0.00585	0.00761	0.00763	0.00875	0.00570	0.02716	0.03769	0.06510	0.02773	0.20914	0.43614	0.06015	0.02561	0.00642	0.00191	0.00319	0.01129	0.04000	0.00493
21	0.01355	0.01157	0.01194	0.01055	0.01353	0.03115	0.00825	0.10400	0.66855	0.02234	0.01962	0.01821	0.01469	0.00682	0.00517	0.00170	0.00432	0.00560	0.02036	0.00807
22	0.01456	0.30767	0.18100	0.01102	0.01559	0.01606	0.01103	0.26984	0.01493	0.01984	0.00980	0.01138	0.00785	0.03438	0.00560	0.00154	0.03795	0.00387	0.01879	0.00732
23	0.01032	0.01073	0.02194	0.04974	0.02114	0.01029	0.48436	0.01366	0.01136	0.01533	0.01527	0.16088	0.01472	0.00946	0.05508	0.00225	0.00752	0.07674	0.00317	0.00603
24	0.00870	0.06570	0.12846	0.00883	0.01089	0.00796	0.02514	0.01112	0.05866	0.01282	0.01567	0.12858	0.02980	0.17404	0.20341	0.08835	0.00719	0.00669	0.00311	0.00488
25	0.00696	0.00554	0.00683	0.00682	0.00813	0.00511	0.02302	0.00927	0.05692	0.01584	0.22781	0.27924	0.30405	0.01274	0.00616	0.00181	0.00290	0.01118	0.00496	0.00470
26	0.01216	0.01017	0.01298	0.01137	0.02314	0.04998	0.05705	0.09330	0.09146	0.06981	0.01513	0.09879	0.02812	0.07595	0.09042	0.00278	0.22055	0.02710	0.00368	0.00605
27	0.16192	0.18016	0.10026	0.01143	0.05342	0.11511	0.00981	0.09993	0.01200	0.03021	0.00904	0.01086	0.00741	0.00767	0.06053	0.00195	0.08009	0.00368	0.01847	0.02605
28	0.01293	0.01133	0.01798	0.31050	0.30964	0.04268	0.06106	0.03325	0.01173	0.09158	0.01042	0.01340	0.00798	0.00518	0.00562	0.00163	0.03850	0.00467	0.00288	0.00705

[dist]
# distance from previous block
# <min> <max>
1	23

[block]
# block no. 9 follows, 48 sequences, length 21
# corresponding to MSA columns:
# 584-589,591-605
name=unknown_J
#
# <colnr> <probs for GDERKNQSTAVLIFYWHMCP>
#	G	D	E	R	K	N	Q	S	T	A	V	L	I	F	Y	W	H	M	C	P
0	0.01095	0.04205	0.01683	0.23630	0.25972	0.01144	0.06500	0.01515	0.09731	0.01567	0.04014	0.04144	0.03306	0.00722	0.02832	0.00187	0.03584	0.03194	0.00307	0.00666
1	0.11219	0.00673	0.00863	0.00817	0.00965	0.00761	0.00637	0.05998	0.00959	0.05113	0.01331	0.01894	0.01204	0.08069	0.56402	0.00648	0.01103	0.00522	0.00315	0.00507
2	0.01092	0.06745	0.11839	0.01047	0.01365	0.10695	0.09642	0.03347	0.02998	0.04090	0.19250	0.02606	0.17965	0.02926	0.00618	0.00168	0.01946	0.00684	0.00391	0.00587
3	0.01325	0.08446	0.07487	0.13446	0.04787	0.01169	0.04024	0.10810	0.17545	0.10793	0.01604	0.10439	0.01358	0.00722	0.00524	0.00168	0.00529	0.03703	0.00410	0.00709
4	0.08287	0.19838	0.04890	0.00893	0.01179	0.04394	0.03549	0.07951	0.02239	0.05377	0.01714	0.08111	0.10943	0.04294	0.08116	0.06150	0.00578	0.00579	0.00344	0.00574
5	0.01062	0.00923	0.05577	0.17712	0.01598	0.03605	0.00877	0.05819	0.01247	0.08453	0.20496	0.05384	0.10111	0.03149	0.05720	0.00220	0.06387	0.00684	0.00404	0.00571
6	0.15206	0.05669	0.09122	0.01204	0.04881	0.05418	0.08640	0.11935	0.03622	0.10004	0.01398	0.05296	0.01209	0.00687	0.00503	0.00166	0.00559	0.10470	0.00384	0.03627
7	0.06956	0.01157	0.16975	0.01011	0.03947	0.00875	0.00898	0.09378	0.06315	0.06469	0.08595	0.19643	0.08277	0.03461	0.03545	0.00207	0.00492	0.00767	0.00416	0.00618
8	0.00656	0.00469	0.00628	0.00726	0.00765	0.00455	0.00499	0.00756	0.00959	0.01286	0.02583	0.63489	0.03041	0.08039	0.08707	0.00294	0.00430	0.05359	0.00443	0.00416
9	0.01196	0.01512	0.17887	0.14028	0.04578	0.04891	0.31824	0.01585	0.01147	0.06205	0.01103	0.04022	0.00867	0.00661	0.03701	0.00195	0.03111	0.00535	0.00275	0.00674
10	0.03421	0.24992	0.08727	0.11560	0.01994	0.04740	0.16489	0.11591	0.01298	0.06157	0.00977	0.01150	0.00750	0.00489	0.00465	0.00145	0.00650	0.00416	0.00299	0.03692
11	0.01087	0.01699	0.31247	0.01503	0.07068	0.01378	0.01437	0.01399	0.00927	0.01413	0.00806	0.01141	0.00690	0.00786	0.03151	0.00211	0.42754	0.00426	0.00225	0.00651
12	0.00753	0.00567	0.00705	0.00680	0.00817	0.00539	0.00519	0.01061	0.06711	0.01919	0.56109	0.05854	0.14293	0.01098	0.00608	0.00170	0.00274	0.06285	0.00541	0.00498
13	0.01426	0.01309	0.01308	0.10716	0.04285	0.17366	0.00938	0.20639	0.04683	0.04194	0.04168	0.03976	0.08522	0.03934	0.00713	0.00178	0.07891	0.02723	0.00385	0.00646
14	0.03856	0.00918	0.01392	0.56173	0.02805	0.01085	0.01204	0.09009	0.01216	0.06285	0.06500	0.05055	0.01143	0.00615	0.00520	0.00169	0.00600	0.00531	0.00319	0.00606
15	0.00921	0.00764	0.01058	0.00973	0.01090	0.00837	0.05981	0.10088	0.01166	0.01589	0.05578	0.43462	0.07005	0.01232	0.00819	0.00198	0.15247	0.01047	0.00423	0.00521
16	0.13049	0.01903	0.06022	0.01168	0.01501	0.42741	0.00950	0.10366	0.06241	0.09839	0.01049	0.01104	0.00790	0.00551	0.00460	0.00145	0.00721	0.00376	0.00351	0.00673
17	0.01189	0.06853	0.01456	0.04412	0.01430	0.11694	0.03580	0.01365	0.01030	0.01397	0.01104	0.01344	0.06154	0.00655	0.00867	0.00151	0.28338	0.00427	0.00273	0.26282
18	0.03479	0.00898	0.03744	0.22618	0.04924	0.00875	0.00905	0.03994	0.07756	0.04836	0.03303	0.16093	0.07099	0.00774	0.00516	0.00158	0.00470	0.00669	0.00368	0.16522
19	0.07014	0.19812	0.13563	0.01164	0.01618	0.07250	0.10661	0.11407	0.02846	0.04010	0.01145	0.02615	0.03551	0.00532	0.00452	0.00139	0.00600	0.00427	0.00314	0.10877
20	0.10426	0.12865	0.18947	0.03901	0.02905	0.02537	0.06485	0.07135	0.04996	0.04783	0.07430	0.06707	0.03037	0.00633	0.00478	0.00153	0.00547	0.00521	0.00342	0.05172

[dist]
# distance from previous block
# <min> <max>
1	53

[block]
# block no. 10 follows, 48 sequences, length 12
# corresponding to MSA columns:
# 659-670
name=unknown_K
#
# <colnr> <probs for GDERKNQSTAVLIFYWHMCP>
#	G	D	E	R	K	N	Q	S	T	A	V	L	I	F	Y	W	H	M	C	P
0	0.05348	0.02725	0.01535	0.05697	0.14944	0.11877	0.05291	0.18652	0.11334	0.01971	0.01335	0.09351	0.01168	0.00688	0.00572	0.00165	0.04376	0.01891	0.00374	0.00705
1	0.07397	0.05957	0.01299	0.00983	0.01279	0.01058	0.05033	0.07295	0.13154	0.21795	0.07273	0.02011	0.07541	0.02750	0.00676	0.00173	0.08460	0.01686	0.00459	0.03721
2	0.04955	0.01115	0.08733	0.18697	0.09127	0.02953	0.08020	0.03956	0.07417	0.01656	0.06459	0.09830	0.09054	0.00729	0.00531	0.00165	0.00543	0.00645	0.00345	0.05071
3	0.01721	0.04087	0.01570	0.01194	0.01582	0.12702	0.07887	0.31929	0.11538	0.10360	0.01294	0.01312	0.00945	0.00569	0.00497	0.00146	0.00592	0.00455	0.00437	0.09182
4	0.01071	0.00887	0.01288	0.09065	0.09836	0.00789	0.07784	0.01321	0.01165	0.07031	0.08634	0.02079	0.13982	0.00635	0.00495	0.00132	0.00452	0.00562	0.00362	0.32430
5	0.01499	0.34207	0.07568	0.01173	0.01592	0.12113	0.09707	0.10577	0.06119	0.06385	0.01027	0.01135	0.00814	0.00622	0.03229	0.00161	0.00665	0.00393	0.00311	0.00702
6	0.01372	0.20763	0.01636	0.06063	0.09101	0.05374	0.04409	0.08308	0.06883	0.09095	0.05617	0.02958	0.01219	0.00585	0.00453	0.00141	0.00505	0.00476	0.14369	0.00673
7	0.00969	0.00768	0.01043	0.07815	0.04166	0.00803	0.03440	0.09133	0.08811	0.01851	0.21443	0.14595	0.04316	0.01102	0.02390	0.00200	0.00445	0.15678	0.00465	0.00570
8	0.02981	0.01286	0.06355	0.23339	0.15700	0.05434	0.01245	0.18365	0.04918	0.01866	0.01036	0.01300	0.00811	0.00726	0.04308	0.00197	0.08669	0.00452	0.00315	0.00698
9	0.00631	0.00514	0.00558	0.00562	0.00712	0.00441	0.00416	0.00778	0.01206	0.01506	0.18869	0.11868	0.57591	0.01281	0.00611	0.00174	0.00260	0.01089	0.00493	0.00441
10	0.01414	0.01315	0.09062	0.18647	0.01913	0.08921	0.01060	0.15323	0.15613	0.10331	0.05034	0.06469	0.01300	0.00670	0.00521	0.00164	0.00571	0.00550	0.00411	0.00710
11	0.00843	0.00624	0.00819	0.00843	0.04924	0.00627	0.00564	0.00958	0.00913	0.03867	0.01900	0.14725	0.07820	0.27185	0.18638	0.00415	0.04371	0.00759	0.00345	0.08863

[dist]
# distance from previous block
# <min> <max>
0	1

[block]
# block no. 11 follows, 48 sequences, length 82
# corresponding to MSA columns:
# 672-729,731-746,748-755
name=unknown_L
#
# <colnr> <probs for GDERKNQSTAVLIFYWHMCP>
#	G	D	E	R	K	N	Q	S	T	A	V	L	I	F	Y	W	H	M	C	P
0	0.03952	0.10727	0.33932	0.01249	0.01745	0.04081	0.04985	0.14882	0.05135	0.01831	0.01080	0.02751	0.00877	0.06362	0.00682	0.00182	0.04089	0.00447	0.00303	0.00708
1	0.01174	0.19859	0.10664	0.02584	0.11129	0.03354	0.02873	0.05219	0.01107	0.01527	0.00957	0.01212	0.00815	0.01020	0.13460	0.00240	0.03603	0.00389	0.00268	0.18546
2	0.01181	0.36943	0.44522	0.01227	0.01842	0.01556	0.03190	0.01587	0.01069	0.01445	0.00834	0.00978	0.00657	0.00465	0.00422	0.00140	0.00670	0.00339	0.00219	0.00714
3	0.00770	0.00595	0.00746	0.00724	0.00883	0.00513	0.00514	0.00900	0.00984	0.01393	0.02102	0.48466	0.02399	0.06465	0.04569	0.00217	0.00388	0.01021	0.00404	0.25947
4	0.01127	0.03969	0.01650	0.48721	0.07618	0.06293	0.08445	0.01432	0.01092	0.04873	0.01053	0.03448	0.00840	0.00699	0.04391	0.00196	0.00709	0.00489	0.02352	0.00604
5	0.00651	0.00461	0.00585	0.00673	0.00701	0.00435	0.00436	0.00722	0.00936	0.01242	0.02644	0.61425	0.05764	0.19503	0.01089	0.00272	0.00341	0.01286	0.00439	0.00394
6	0.01199	0.02947	0.00968	0.00867	0.01069	0.00782	0.00694	0.08600	0.10111	0.14550	0.08523	0.12495	0.06240	0.05040	0.00758	0.04028	0.00419	0.19624	0.00491	0.00594
7	0.00632	0.00451	0.00603	0.00722	0.00755	0.00423	0.00488	0.00726	0.00989	0.01318	0.02824	0.79031	0.03379	0.01601	0.00657	0.00209	0.00304	0.03992	0.00476	0.00419
8	0.00683	0.00510	0.00695	0.00731	0.00810	0.00533	0.00535	0.00820	0.00926	0.01256	0.03491	0.27082	0.12667	0.07229	0.38969	0.00516	0.00822	0.00920	0.00371	0.00434
9	0.01030	0.01018	0.01855	0.61947	0.06583	0.01174	0.16292	0.01388	0.01069	0.01392	0.00939	0.01367	0.00708	0.00495	0.00531	0.00171	0.00716	0.00485	0.00235	0.00604
10	0.01082	0.01284	0.11801	0.01325	0.01432	0.01455	0.01191	0.01264	0.00828	0.01283	0.00756	0.01181	0.00714	0.01054	0.07106	0.00259	0.64730	0.00447	0.00227	0.00580
11	0.00943	0.00494	0.00711	0.00693	0.00714	0.00502	0.00472	0.04399	0.00754	0.01006	0.00908	0.01544	0.00890	0.01726	0.01932	0.80924	0.00451	0.00446	0.00237	0.00255
12	0.01785	0.03979	0.01489	0.01151	0.01527	0.06818	0.00938	0.53657	0.18504	0.02803	0.01370	0.01345	0.01001	0.00622	0.00506	0.00155	0.00554	0.00473	0.00489	0.00834
13	0.00636	0.00471	0.00596	0.00683	0.00750	0.00431	0.00475	0.00749	0.01054	0.01378	0.07776	0.59273	0.17656	0.01508	0.00645	0.00200	0.00295	0.04514	0.00481	0.00426
14	0.00820	0.00924	0.13592	0.00971	0.04542	0.00741	0.00803	0.01016	0.00863	0.01232	0.01378	0.04921	0.01379	0.25780	0.35312	0.00548	0.03814	0.00603	0.00280	0.00482
