[name]
unknown

[dist]
# distance from previous block
# <min> <max>
0	31

[block]
# block no. 0 follows, 53 sequences, length 13
# corresponding to MSA columns:
# 31-43
name=unknown_A
#
# <colnr> <probs for GDERKNQSTAVLIFYWHMCP>
#	G	D	E	R	K	N	Q	S	T	A	V	L	I	F	Y	W	H	M	C	P
0	0.00840	0.00609	0.00713	0.00708	0.00866	0.00587	0.00563	0.10307	0.01204	0.04392	0.03210	0.14522	0.32566	0.04602	0.00662	0.00192	0.00352	0.22188	0.00446	0.00472
1	0.00816	0.00524	0.00599	0.00559	0.00708	0.00462	0.00408	0.00939	0.01093	0.11741	0.16081	0.03756	0.42183	0.16951	0.00915	0.00216	0.00304	0.00855	0.00447	0.00443
2	0.01279	0.01195	0.01730	0.05103	0.35377	0.05228	0.10561	0.13275	0.15941	0.01817	0.01170	0.03141	0.00936	0.00517	0.00489	0.00149	0.00566	0.00480	0.00325	0.00724
3	0.00732	0.11368	0.00828	0.00653	0.00740	0.00627	0.00475	0.00828	0.00928	0.01225	0.11453	0.33906	0.02555	0.24433	0.01085	0.00255	0.00367	0.06762	0.00378	0.00401
4	0.01235	0.01072	0.03068	0.01036	0.03109	0.02685	0.01997	0.13399	0.45604	0.01995	0.01594	0.02798	0.01228	0.00641	0.00567	0.00157	0.07659	0.00505	0.08951	0.00701
5	0.01367	0.00815	0.00996	0.00768	0.01117	0.00701	0.00617	0.04453	0.06714	0.27217	0.11017	0.01593	0.01397	0.00541	0.00434	0.00115	0.00360	0.00446	0.02388	0.36945
6	0.00754	0.00547	0.00666	0.00700	0.00783	0.00540	0.00489	0.10923	0.01098	0.01460	0.04783	0.59573	0.07365	0.07046	0.00716	0.00203	0.00319	0.01155	0.00440	0.00440
7	0.01497	0.01120	0.01398	0.01088	0.01419	0.01190	0.10769	0.49408	0.01800	0.04885	0.01452	0.08630	0.03935	0.00656	0.00491	0.00148	0.00498	0.00554	0.08356	0.00705
8	0.70169	0.01121	0.11245	0.00739	0.01093	0.01055	0.00693	0.01476	0.00873	0.06849	0.00765	0.00859	0.00570	0.00454	0.00328	0.00148	0.00416	0.00285	0.00301	0.00560
9	0.04896	0.00993	0.11469	0.00867	0.01219	0.00760	0.00790	0.06515	0.01350	0.44217	0.19709	0.01933	0.01828	0.00656	0.00489	0.00149	0.00410	0.00541	0.00507	0.00704
10	0.04133	0.02809	0.01773	0.02939	0.04534	0.00993	0.32443	0.01342	0.01020	0.08204	0.01286	0.07515	0.01161	0.02716	0.10618	0.00250	0.08628	0.06761	0.00302	0.00575
11	0.04980	0.27049	0.20980	0.03074	0.01551	0.09780	0.01072	0.18184	0.01313	0.06526	0.00903	0.00983	0.00686	0.00478	0.00407	0.00131	0.00589	0.00341	0.00295	0.00679
12	0.01099	0.12580	0.49558	0.01281	0.01816	0.01296	0.04671	0.08661	0.01088	0.01556	0.00834	0.01007	0.00634	0.00508	0.00588	0.00152	0.11397	0.00365	0.00231	0.00678

[dist]
# distance from previous block
# <min> <max>
1	5

[block]
# block no. 1 follows, 53 sequences, length 10
# corresponding to MSA columns:
# 49-58
name=unknown_B
#
# <colnr> <probs for GDERKNQSTAVLIFYWHMCP>
#	G	D	E	R	K	N	Q	S	T	A	V	L	I	F	Y	W	H	M	C	P
0	0.01470	0.00817	0.01019	0.00759	0.01148	0.00655	0.00616	0.01666	0.01158	0.35651	0.01477	0.01428	0.04490	0.00495	0.00418	0.00108	0.00372	0.00401	0.00424	0.45426
1	0.00948	0.00710	0.00839	0.00760	0.00939	0.00706	0.00574	0.15665	0.01195	0.01690	0.03620	0.36434	0.03984	0.00969	0.00561	0.00153	0.04742	0.00828	0.08742	0.15941
2	0.01241	0.00906	0.01386	0.01065	0.01359	0.00907	0.22968	0.18165	0.01333	0.07026	0.01320	0.01492	0.00989	0.00518	0.00441	0.00135	0.00468	0.00479	0.37196	0.00606
3	0.01009	0.00750	0.00960	0.00864	0.01034	0.00852	0.00687	0.23230	0.01194	0.01657	0.01242	0.01668	0.01085	0.02718	0.58052	0.00588	0.01063	0.00489	0.00320	0.00538
4	0.00593	0.00433	0.00560	0.00653	0.00703	0.00400	0.00451	0.00692	0.00960	0.01263	0.05575	0.67192	0.12055	0.01437	0.00606	0.00190	0.00280	0.05113	0.00446	0.00395
5	0.00595	0.00426	0.00566	0.00657	0.00696	0.00397	0.00445	0.00697	0.00974	0.01313	0.12966	0.72293	0.03341	0.01428	0.00604	0.00188	0.00270	0.01293	0.00455	0.00397
6	0.01196	0.01710	0.31322	0.01645	0.05168	0.01188	0.33996	0.11851	0.01241	0.04566	0.00981	0.01175	0.00710	0.00452	0.00505	0.00154	0.00708	0.00460	0.00271	0.00700
7	0.00628	0.00469	0.00580	0.00600	0.00697	0.00427	0.00436	0.00781	0.01134	0.01518	0.34461	0.26003	0.22010	0.04060	0.00646	0.00179	0.00261	0.04222	0.00472	0.00416
8	0.01247	0.75588	0.10134	0.00871	0.01309	0.01815	0.00910	0.01439	0.00975	0.01162	0.00683	0.00790	0.00613	0.00413	0.00321	0.00107	0.00530	0.00265	0.00204	0.00622
9	0.32643	0.15704	0.27377	0.01009	0.01460	0.09053	0.03762	0.01499	0.00968	0.01647	0.00746	0.00877	0.00580	0.00444	0.00372	0.00139	0.00568	0.00305	0.00243	0.00604

[dist]
# distance from previous block
# <min> <max>
0	1

[block]
# block no. 2 follows, 53 sequences, length 15
# corresponding to MSA columns:
# 60-74
name=unknown_C
#
# <colnr> <probs for GDERKNQSTAVLIFYWHMCP>
#	G	D	E	R	K	N	Q	S	T	A	V	L	I	F	Y	W	H	M	C	P
0	0.05783	0.03277	0.00703	0.00604	0.00721	0.00565	0.00427	0.01016	0.01021	0.10639	0.26688	0.05356	0.05369	0.34342	0.01292	0.00277	0.00363	0.00716	0.00408	0.00433
1	0.01073	0.01058	0.01502	0.40954	0.25752	0.09408	0.01243	0.01377	0.03129	0.01346	0.00926	0.01267	0.00741	0.00655	0.05260	0.00185	0.00660	0.00422	0.02445	0.00598
2	0.00639	0.00472	0.00528	0.00528	0.00605	0.00436	0.00349	0.00722	0.00950	0.01227	0.14920	0.07975	0.30337	0.36686	0.01376	0.00292	0.00337	0.00869	0.00390	0.00361
3	0.00582	0.00416	0.00555	0.00666	0.00693	0.00388	0.00444	0.00666	0.00915	0.01220	0.02634	0.82891	0.03161	0.01497	0.00610	0.00194	0.00277	0.01359	0.00444	0.00388
4	0.00591	0.00439	0.00551	0.00620	0.00686	0.00400	0.00428	0.00700	0.01008	0.01325	0.13149	0.56540	0.19075	0.01371	0.00595	0.00182	0.00263	0.01223	0.00454	0.00400
5	0.01278	0.83490	0.02505	0.00818	0.01227	0.01891	0.00818	0.01431	0.00971	0.01125	0.00664	0.00767	0.00613	0.00409	0.00307	0.00102	0.00511	0.00256	0.00204	0.00613
6	0.00831	0.00461	0.00504	0.00512	0.00623	0.00452	0.00392	0.01046	0.01058	0.01735	0.12192	0.04625	0.04905	0.00730	0.00409	0.00130	0.00244	0.07233	0.61475	0.00443
7	0.86579	0.00924	0.00702	0.00629	0.00924	0.01072	0.00518	0.01405	0.00813	0.02144	0.00666	0.00776	0.00518	0.00444	0.00296	0.00148	0.00370	0.00259	0.00296	0.00518
8	0.00952	0.00580	0.00881	0.00779	0.00863	0.00586	0.07275	0.08060	0.00841	0.01151	0.00914	0.01429	0.00842	0.01385	0.01536	0.65594	0.00449	0.00431	0.05137	0.00316
9	0.01260	0.49342	0.01964	0.07962	0.01426	0.10338	0.00840	0.01561	0.09557	0.01280	0.00849	0.00957	0.00718	0.00444	0.00360	0.00113	0.00529	0.00310	0.00249	0.09939
10	0.01114	0.30275	0.50764	0.01155	0.01747	0.01363	0.01399	0.01517	0.01010	0.04415	0.00831	0.00949	0.00630	0.00444	0.00404	0.00134	0.00628	0.00325	0.00218	0.00678
11	0.01163	0.04538	0.01259	0.10565	0.07253	0.10437	0.00883	0.09925	0.16035	0.01535	0.01225	0.06983	0.01078	0.03097	0.07784	0.04673	0.10158	0.00504	0.00320	0.00585
12	0.00796	0.00561	0.00672	0.07684	0.00858	0.00574	0.00438	0.04834	0.00845	0.01165	0.01447	0.06242	0.01566	0.57974	0.01825	0.00363	0.00452	0.00648	0.05794	0.05263
13	0.04209	0.41152	0.01830	0.00952	0.04270	0.04524	0.00806	0.12661	0.07422	0.08480	0.01047	0.04470	0.00874	0.00516	0.00387	0.00123	0.00487	0.00379	0.00320	0.05093
14	0.00983	0.00880	0.07249	0.00902	0.01165	0.00746	0.04776	0.07990	0.06714	0.04633	0.14847	0.06645	0.02104	0.04312	0.00611	0.00172	0.00425	0.20178	0.00406	0.14262

[dist]
# distance from previous block
# <min> <max>
2	44

[block]
# block no. 3 follows, 53 sequences, length 8
# corresponding to MSA columns:
# 119-126
name=unknown_D
#
# <colnr> <probs for GDERKNQSTAVLIFYWHMCP>
#	G	D	E	R	K	N	Q	S	T	A	V	L	I	F	Y	W	H	M	C	P
0	0.00665	0.00474	0.00598	0.00641	0.00729	0.00450	0.00463	0.00778	0.00952	0.03887	0.02923	0.35926	0.23779	0.07396	0.13110	0.00292	0.00449	0.05671	0.00409	0.00409
1	0.01160	0.13508	0.27772	0.04171	0.12239	0.07801	0.09288	0.03129	0.01090	0.03635	0.02304	0.01157	0.00785	0.00473	0.00457	0.00139	0.01971	0.00393	0.07880	0.00649
2	0.02955	0.01629	0.29287	0.03790	0.08261	0.06269	0.08118	0.09496	0.04595	0.10659	0.01052	0.01158	0.00763	0.00476	0.00458	0.00141	0.00602	0.00399	0.00307	0.09587
3	0.00835	0.00495	0.00648	0.00678	0.00782	0.00449	0.00488	0.00956	0.01047	0.13474	0.09786	0.53080	0.10275	0.01278	0.00583	0.00181	0.00295	0.03734	0.00474	0.00462
4	0.03206	0.01161	0.13625	0.06805	0.31103	0.00956	0.01155	0.06445	0.01171	0.12289	0.06321	0.11102	0.01309	0.00629	0.00490	0.00152	0.00508	0.00558	0.00338	0.00677
5	0.01011	0.01084	0.08141	0.42049	0.29929	0.01062	0.01359	0.01330	0.01009	0.01388	0.00868	0.01201	0.00681	0.00449	0.00466	0.00146	0.00599	0.00409	0.00225	0.06595
6	0.00912	0.06280	0.08442	0.03968	0.01333	0.01049	0.09627	0.01112	0.00920	0.01304	0.10093	0.08417	0.03376	0.06752	0.07286	0.00242	0.27503	0.00588	0.00282	0.00513
7	0.00958	0.00589	0.00706	0.00650	0.00824	0.00557	0.00496	0.01265	0.09806	0.14450	0.28889	0.10587	0.18872	0.00938	0.00526	0.00154	0.00280	0.00806	0.08121	0.00527

[dist]
# distance from previous block
# <min> <max>
0	1

[block]
# block no. 4 follows, 53 sequences, length 28
# corresponding to MSA columns:
# 128-154,157
name=unknown_E
#
# <colnr> <probs for GDERKNQSTAVLIFYWHMCP>
#	G	D	E	R	K	N	Q	S	T	A	V	L	I	F	Y	W	H	M	C	P
0	0.04101	0.01086	0.01276	0.03312	0.01357	0.05256	0.03939	0.16077	0.03871	0.01752	0.00889	0.01066	0.00724	0.00525	0.00655	0.00129	0.17898	0.00365	0.00306	0.35416
1	0.01224	0.01110	0.01674	0.01370	0.04496	0.01173	0.25493	0.08317	0.40233	0.04036	0.01556	0.04643	0.01205	0.00587	0.00514	0.00160	0.00530	0.00564	0.00400	0.00713
2	0.00598	0.00462	0.00546	0.00576	0.00679	0.00410	0.00413	0.00732	0.01094	0.01420	0.22461	0.31458	0.34931	0.01253	0.00580	0.00170	0.00250	0.01095	0.00464	0.00410
3	0.01465	0.50486	0.04747	0.00945	0.01349	0.04758	0.00884	0.26984	0.01409	0.01764	0.00834	0.00904	0.00679	0.00468	0.00373	0.00118	0.00536	0.00319	0.00296	0.00680
4	0.01431	0.00637	0.00853	0.00751	0.00972	0.00563	0.00576	0.01573	0.01178	0.44059	0.04957	0.30477	0.05868	0.03029	0.00582	0.00173	0.00348	0.00834	0.00522	0.00618
5	0.00653	0.00490	0.00607	0.00583	0.00707	0.00443	0.00441	0.00854	0.01283	0.01754	0.59829	0.03871	0.22155	0.01043	0.00567	0.00155	0.00236	0.03385	0.00504	0.00439
6	0.00582	0.00416	0.00555	0.00666	0.00693	0.00388	0.00444	0.00666	0.00915	0.01220	0.02634	0.82891	0.03161	0.01497	0.00610	0.00194	0.00277	0.01359	0.00444	0.00388
7	0.00588	0.00426	0.00556	0.00649	0.00692	0.00394	0.00439	0.00684	0.00959	0.01277	0.08552	0.72014	0.08122	0.01440	0.00604	0.00189	0.00271	0.01300	0.00450	0.00394
8	0.01614	0.01224	0.01310	0.01052	0.01397	0.01368	0.00854	0.51676	0.27966	0.04255	0.01429	0.01369	0.01036	0.00599	0.00481	0.00150	0.00474	0.00468	0.00483	0.00794
9	0.00960	0.00917	0.01289	0.01129	0.01146	0.01253	0.00927	0.01074	0.00738	0.01133	0.00791	0.01294	0.00784	0.04716	0.17270	0.00329	0.63084	0.00448	0.00222	0.00495
10	0.05078	0.00893	0.01066	0.00794	0.01191	0.00768	0.00647	0.09884	0.01245	0.28252	0.01221	0.01212	0.00871	0.00461	0.00407	0.00108	0.00391	0.00364	0.00408	0.44740
11	0.01255	0.49005	0.01907	0.00875	0.01222	0.01576	0.00787	0.07593	0.23553	0.01525	0.01177	0.05599	0.01011	0.00550	0.00388	0.00128	0.00461	0.00411	0.00319	0.00657
12	0.04652	0.00741	0.00855	0.00760	0.00975	0.01888	0.01669	0.05029	0.11953	0.05134	0.13155	0.18590	0.11902	0.00884	0.00534	0.00150	0.02620	0.02402	0.00422	0.15683
13	0.03462	0.05489	0.03723	0.00827	0.01062	0.04742	0.00668	0.14223	0.01220	0.09094	0.04253	0.25756	0.02512	0.02455	0.07342	0.00208	0.00488	0.02370	0.00395	0.09711
14	0.01070	0.01036	0.01428	0.01222	0.01248	0.01423	0.01016	0.05392	0.00817	0.01251	0.00688	0.01092	0.00665	0.00957	0.05412	0.00233	0.73866	0.00424	0.00226	0.00534
15	0.00618	0.00463	0.00579	0.00662	0.00728	0.00436	0.00465	0.00770	0.04267	0.01279	0.02978	0.60745	0.16294	0.01400	0.00600	0.00189	0.00287	0.06385	0.00445	0.00410
16	0.69430	0.00940	0.00809	0.00692	0.01004	0.01055	0.00570	0.07199	0.00991	0.12349	0.00859	0.00914	0.00625	0.00472	0.00333	0.00148	0.00386	0.00300	0.00347	0.00578
17	0.07160	0.00751	0.00988	0.00804	0.01110	0.00671	0.00646	0.01983	0.01255	0.61889	0.01939	0.15662	0.01484	0.00739	0.00492	0.00156	0.00382	0.00619	0.00547	0.00721
18	0.00629	0.00457	0.00627	0.00682	0.00734	0.00468	0.00483	0.00744	0.00877	0.01201	0.06393	0.43751	0.04149	0.08189	0.27826	0.00404	0.00624	0.00991	0.00374	0.00398
19	0.01293	0.00812	0.00998	0.00740	0.01126	0.00642	0.00596	0.01498	0.01124	0.23846	0.07040	0.01363	0.01125	0.00467	0.00405	0.00098	0.00359	0.00382	0.00388	0.55696
20	0.00782	0.00659	0.00950	0.00896	0.00952	0.00831	0.00710	0.00924	0.00764	0.01123	0.01173	0.06121	0.01154	0.04651	0.52048	0.00569	0.24456	0.00536	0.00254	0.00449
21	0.01288	0.00590	0.00749	0.00673	0.00870	0.00533	0.00519	0.01457	0.01146	0.32902	0.05030	0.21416	0.05917	0.00857	0.00484	0.00151	0.00313	0.01839	0.22690	0.00576
22	0.00814	0.00560	0.00730	0.09086	0.01007	0.00586	0.00576	0.03232	0.01169	0.01733	0.33683	0.02793	0.02636	0.00934	0.03930	0.00175	0.02583	0.08360	0.24943	0.00468
23	0.31209	0.01026	0.01372	0.04728	0.31903	0.01078	0.03196	0.06508	0.01099	0.12207	0.00963	0.01103	0.00727	0.00465	0.00415	0.00146	0.00484	0.00379	0.00319	0.00672
24	0.01188	0.01235	0.01732	0.14687	0.33191	0.11990	0.07382	0.01455	0.02982	0.01379	0.00845	0.01149	0.00708	0.00531	0.00700	0.00158	0.17392	0.00422	0.00235	0.00637
25	0.00706	0.00444	0.00530	0.00572	0.00628	0.00427	0.00390	0.00788	0.00889	0.01273	0.02197	0.29742	0.09535	0.17718	0.01025	0.08056	0.00318	0.03953	0.20440	0.00369
26	0.54922	0.00945	0.00864	0.00706	0.01044	0.03196	0.02252	0.01395	0.00905	0.04582	0.00768	0.00880	0.00602	0.00423	0.00328	0.00125	0.00390	0.00281	0.00300	0.25090
27	0.00711	0.00516	0.00739	0.00763	0.00848	0.00482	0.04972	0.02903	0.00981	0.04011	0.02427	0.71125	0.02828	0.01349	0.00593	0.00186	0.00321	0.01231	0.00434	0.02581

[dist]
# distance from previous block
# <min> <max>
0	2

[block]
# block no. 5 follows, 53 sequences, length 29
# corresponding to MSA columns:
# 160-188
name=unknown_F
#
# <colnr> <probs for GDERKNQSTAVLIFYWHMCP>
#	G	D	E	R	K	N	Q	S	T	A	V	L	I	F	Y	W	H	M	C	P
0	0.01352	0.02312	0.01500	0.23343	0.13013	0.16708	0.03181	0.17759	0.10376	0.01729	0.01018	0.01201	0.00783	0.00522	0.00503	0.00148	0.03168	0.00418	0.00310	0.00656
1	0.01074	0.00528	0.00591	0.00538	0.00712	0.00489	0.00417	0.01269	0.01101	0.17584	0.03935	0.02352	0.17053	0.00704	0.00415	0.00130	0.00264	0.00574	0.49759	0.00511
2	0.01124	0.00901	0.01125	0.00819	0.01232	0.00737	0.04949	0.06388	0.02789	0.06617	0.02430	0.01123	0.00832	0.00404	0.00388	0.00089	0.00392	0.00337	0.00322	0.67002
3	0.00741	0.00512	0.00614	0.00580	0.00732	0.00453	0.00443	0.00921	0.01239	0.07396	0.41267	0.03904	0.34991	0.01055	0.00561	0.00157	0.00252	0.03229	0.00495	0.00458
4	0.00684	0.00509	0.00752	0.00752	0.00832	0.00589	0.00577	0.00843	0.00763	0.01098	0.01295	0.01960	0.01230	0.08801	0.76140	0.00748	0.01227	0.00524	0.00258	0.00418
5	0.02056	0.00914	0.01167	0.00899	0.01268	0.00857	0.00741	0.16008	0.03958	0.64208	0.01755	0.01546	0.01125	0.00590	0.00480	0.00148	0.00427	0.00473	0.00568	0.00812
6	0.01189	0.01027	0.01081	0.00973	0.01243	0.01189	0.00757	0.02540	0.79357	0.01999	0.01945	0.01783	0.01459	0.00648	0.00486	0.00162	0.00378	0.00540	0.00486	0.00757
7	0.00819	0.00881	0.09814	0.05136	0.01246	0.00733	0.08128	0.03231	0.09081	0.01533	0.13986	0.15513	0.18661	0.02752	0.00607	0.00174	0.01731	0.05060	0.00396	0.00520
8	0.00991	0.00850	0.00991	0.00708	0.01133	0.00637	0.00566	0.01203	0.00991	0.01557	0.00850	0.00991	0.00708	0.00354	0.00354	0.00071	0.00354	0.00283	0.00283	0.86124
9	0.00780	0.00564	0.00706	0.00654	0.00793	0.00549	0.00495	0.01143	0.10948	0.04094	0.68220	0.03297	0.04043	0.00926	0.00552	0.00152	0.00249	0.00814	0.00523	0.00499
10	0.00837	0.00759	0.01119	0.01036	0.05455	0.03225	0.10676	0.02709	0.00980	0.01319	0.07190	0.02351	0.16980	0.05464	0.29698	0.00393	0.08383	0.00628	0.00311	0.00485
11	0.01333	0.13270	0.11505	0.10711	0.29297	0.04782	0.02682	0.08567	0.01197	0.10745	0.00986	0.01147	0.00752	0.00468	0.00448	0.00140	0.00579	0.00396	0.00289	0.00705
12	0.00738	0.00540	0.00721	0.00816	0.00910	0.00543	0.00661	0.00996	0.06760	0.01402	0.02522	0.30868	0.02793	0.01330	0.00631	0.00207	0.00382	0.46290	0.00445	0.00446
13	0.86579	0.00924	0.00702	0.00629	0.00924	0.01072	0.00518	0.01405	0.00813	0.02144	0.00666	0.00776	0.00518	0.00444	0.00296	0.00148	0.00370	0.00259	0.00296	0.00518
14	0.01022	0.01004	0.01850	0.35255	0.06901	0.01070	0.28246	0.06354	0.01104	0.01466	0.01111	0.10323	0.00966	0.00568	0.00522	0.00162	0.00645	0.00578	0.00267	0.00586
15	0.00884	0.00616	0.00769	0.00787	0.00926	0.00627	0.00620	0.01267	0.16653	0.06671	0.07717	0.21035	0.08143	0.01165	0.00656	0.04933	0.00359	0.25215	0.00453	0.00501
16	0.00950	0.00592	0.00700	0.00671	0.00785	0.00596	0.00468	0.01247	0.14015	0.11514	0.07198	0.20294	0.02089	0.29773	0.01190	0.00269	0.00369	0.00784	0.06018	0.00478
17	0.00847	0.00579	0.00735	0.00777	0.00910	0.00577	0.00633	0.01157	0.09400	0.05869	0.06907	0.16030	0.09306	0.01155	0.00589	0.00190	0.00363	0.37246	0.06247	0.00484
18	0.00911	0.00934	0.05663	0.01104	0.01308	0.06679	0.16174	0.01131	0.00925	0.03022	0.01293	0.11591	0.01232	0.02048	0.37871	0.00445	0.06291	0.00596	0.00277	0.00505
19	0.01278	0.62966	0.16817	0.00920	0.01381	0.01667	0.00985	0.01507	0.01005	0.06578	0.00783	0.00870	0.00651	0.00430	0.00346	0.00114	0.00540	0.00289	0.00230	0.00644
20	0.00852	0.06752	0.06370	0.00835	0.00993	0.00684	0.06003	0.00969	0.00935	0.05642	0.04020	0.32515	0.06094	0.06531	0.00887	0.11263	0.03820	0.04030	0.00356	0.00448
21	0.00769	0.00520	0.00712	0.00688	0.00798	0.00543	0.00522	0.00929	0.00947	0.06647	0.16511	0.02597	0.10623	0.10047	0.44355	0.00514	0.00832	0.00648	0.00353	0.00442
22	0.05855	0.01272	0.14962	0.01330	0.01713	0.03504	0.27876	0.07652	0.02663	0.07324	0.01374	0.15862	0.01247	0.00728	0.01957	0.00174	0.00611	0.02953	0.00329	0.00617
23	0.07918	0.01279	0.01397	0.01087	0.01450	0.03874	0.05135	0.58031	0.06300	0.04362	0.01163	0.01185	0.00837	0.00556	0.00464	0.00144	0.00520	0.00429	0.03110	0.00759
24	0.01046	0.00883	0.01279	0.27628	0.08714	0.01037	0.02216	0.06016	0.11473	0.03553	0.01304	0.01567	0.06611	0.00758	0.00824	0.10785	0.12971	0.00485	0.00294	0.00557
25	0.01053	0.04340	0.01312	0.17061	0.08858	0.03020	0.03314	0.01285	0.03418	0.05708	0.01078	0.08022	0.00969	0.01933	0.03241	0.02722	0.12422	0.00478	0.00282	0.19483
26	0.01316	0.09402	0.07238	0.02579	0.01440	0.21628	0.09458	0.13385	0.01297	0.05243	0.01411	0.18456	0.03657	0.00723	0.00488	0.00149	0.00590	0.00607	0.00338	0.00593
27	0.01261	0.01275	0.21188	0.01052	0.01430	0.03344	0.06051	0.06377	0.08492	0.19174	0.14880	0.02054	0.01689	0.00745	0.02505	0.00172	0.00520	0.06719	0.00411	0.00660
28	0.04143	0.01607	0.34193	0.01187	0.02884	0.01060	0.06842	0.16583	0.01315	0.12078	0.05510	0.01327	0.00989	0.00533	0.00481	0.00148	0.01856	0.00434	0.06135	0.00696

[dist]
# distance from previous block
# <min> <max>
0	51

[block]
# block no. 6 follows, 53 sequences, length 28
# corresponding to MSA columns:
# 240-254,258-270
name=unknown_G
#
# <colnr> <probs for GDERKNQSTAVLIFYWHMCP>
#	G	D	E	R	K	N	Q	S	T	A	V	L	I	F	Y	W	H	M	C	P
0	0.09892	0.24179	0.19206	0.05816	0.01381	0.02265	0.00953	0.01240	0.00958	0.01383	0.04812	0.17856	0.01308	0.00707	0.00510	0.00150	0.05994	0.00554	0.00279	0.00559
1	0.00735	0.00556	0.00713	0.05639	0.05975	0.00540	0.00486	0.00815	0.00829	0.01119	0.01804	0.17588	0.07049	0.45070	0.01546	0.00320	0.00422	0.00770	0.00320	0.07704
2	0.01079	0.25138	0.03959	0.01000	0.01296	0.03655	0.14317	0.03333	0.07273	0.01398	0.04043	0.05184	0.01117	0.04039	0.05872	0.05968	0.00562	0.00476	0.07173	0.03117
3	0.00864	0.00632	0.00822	0.00863	0.06196	0.00597	0.00586	0.06029	0.01089	0.05898	0.08134	0.43298	0.07454	0.01088	0.00573	0.00164	0.02700	0.00958	0.00419	0.11638
4	0.00961	0.00623	0.00750	0.00633	0.00814	0.00549	0.00446	0.01069	0.00913	0.11179	0.06631	0.02294	0.01532	0.39788	0.04851	0.00302	0.00444	0.00552	0.00340	0.25330
5	0.01378	0.01182	0.01184	0.01020	0.01316	0.06365	0.00804	0.20863	0.55775	0.02191	0.01676	0.01571	0.01249	0.00620	0.00481	0.00155	0.00445	0.00499	0.00469	0.00757
6	0.00858	0.00684	0.00850	0.00832	0.03028	0.03043	0.02323	0.06013	0.02669	0.03031	0.10044	0.40706	0.02375	0.06598	0.00728	0.00186	0.04789	0.00924	0.00402	0.09919
7	0.01188	0.48791	0.21488	0.01085	0.06712	0.01495	0.01065	0.01446	0.01003	0.04951	0.00913	0.06246	0.00814	0.00501	0.00382	0.00125	0.00543	0.00373	0.00240	0.00641
8	0.01134	0.44243	0.35626	0.01120	0.01660	0.01519	0.05906	0.01472	0.00997	0.01314	0.00765	0.00901	0.00617	0.00428	0.00385	0.00127	0.00612	0.00315	0.00206	0.00655
9	0.00620	0.00482	0.00563	0.00553	0.00682	0.00425	0.00411	0.00789	0.01205	0.01588	0.40886	0.09370	0.38476	0.01117	0.00567	0.00158	0.00236	0.00963	0.00483	0.00425
10	0.01314	0.47547	0.06815	0.06416	0.01464	0.03687	0.03249	0.01549	0.03678	0.10289	0.00879	0.00996	0.00713	0.00492	0.00496	0.00130	0.09058	0.00336	0.00261	0.00631
11	0.01547	0.18442	0.04627	0.05624	0.04000	0.08241	0.02128	0.14919	0.06769	0.21340	0.02621	0.01337	0.00975	0.00621	0.02604	0.00154	0.00542	0.01430	0.01383	0.00694
12	0.01715	0.00763	0.01031	0.00841	0.01133	0.00721	0.00683	0.05841	0.02837	0.53655	0.03032	0.01702	0.01230	0.01352	0.20829	0.00304	0.00629	0.00494	0.00498	0.00709
13	0.00703	0.00466	0.00534	0.00534	0.00545	0.00471	0.00312	0.00725	0.00714	0.00978	0.01494	0.02984	0.01678	0.74169	0.07475	0.00467	0.00505	0.00672	0.04269	0.00306
14	0.05776	0.35241	0.15377	0.01168	0.04475	0.03078	0.09887	0.11511	0.04819	0.03218	0.00889	0.00999	0.00702	0.00456	0.00403	0.00131	0.00573	0.00355	0.00272	0.00668
15	0.01207	0.01112	0.06149	0.09133	0.28214	0.08207	0.01060	0.08403	0.01173	0.08455	0.01329	0.17438	0.01247	0.00728	0.00551	0.03508	0.00528	0.00601	0.00326	0.00630
16	0.00633	0.00510	0.00569	0.00562	0.00710	0.00456	0.00429	0.00837	0.04076	0.01506	0.26090	0.04252	0.50451	0.01130	0.00568	0.00162	0.00255	0.05902	0.00469	0.00433
17	0.01023	0.01065	0.03747	0.03481	0.09289	0.07249	0.17702	0.01468	0.14744	0.01574	0.13668	0.02171	0.13830	0.00701	0.00593	0.00158	0.05970	0.00622	0.00355	0.00592
18	0.01193	0.01015	0.01695	0.10535	0.01869	0.00981	0.27808	0.01677	0.14577	0.11327	0.04149	0.01438	0.01035	0.00488	0.00487	0.00141	0.00549	0.00487	0.00343	0.18206
19	0.00605	0.00434	0.00575	0.00650	0.00698	0.00403	0.00445	0.00723	0.01022	0.01389	0.21429	0.63613	0.03489	0.01371	0.00599	0.00183	0.00265	0.01239	0.00464	0.00403
20	0.01102	0.01042	0.01711	0.25815	0.50334	0.01119	0.01359	0.01497	0.08442	0.01504	0.00983	0.01266	0.00788	0.00462	0.00476	0.00149	0.00570	0.00436	0.00253	0.00691
21	0.00684	0.00509	0.00751	0.00751	0.00830	0.00588	0.00576	0.00842	0.00763	0.01097	0.01296	0.01966	0.01233	0.09200	0.75745	0.00747	0.01223	0.00525	0.00258	0.00417
22	0.01756	0.01416	0.01376	0.01100	0.01447	0.12866	0.00898	0.61405	0.02032	0.04202	0.01187	0.01372	0.00909	0.00608	0.00482	0.00145	0.00567	0.05035	0.00445	0.00753
23	0.01128	0.01289	0.02820	0.02015	0.02498	0.01209	0.78485	0.01531	0.01128	0.01531	0.00967	0.01289	0.00725	0.00403	0.00564	0.00161	0.00806	0.00564	0.00242	0.00645
24	0.01159	0.01057	0.01050	0.00832	0.01177	0.10027	0.00657	0.10475	0.10914	0.01703	0.01429	0.01478	0.09248	0.00532	0.00437	0.00109	0.01806	0.00415	0.00343	0.45152
25	0.00892	0.00768	0.00980	0.00870	0.01010	0.00879	0.02991	0.04119	0.15213	0.01598	0.20214	0.05648	0.15599	0.01054	0.05370	0.00204	0.19466	0.00694	0.01900	0.00530
26	0.01178	0.01206	0.04778	0.01277	0.01516	0.08255	0.16723	0.09213	0.02172	0.03195	0.03252	0.05413	0.00954	0.00754	0.03395	0.00185	0.28499	0.00494	0.00287	0.07254
27	0.00684	0.00517	0.00661	0.00688	0.00803	0.00454	0.00492	0.00803	0.00940	0.01299	0.02233	0.57898	0.02591	0.03200	0.00605	0.00177	0.00311	0.07252	0.00407	0.17984

[dist]
# distance from previous block
# <min> <max>
0	10

[block]
# block no. 7 follows, 53 sequences, length 26
# corresponding to MSA columns:
# 290-315
name=unknown_H
#
# <colnr> <probs for GDERKNQSTAVLIFYWHMCP>
#	G	D	E	R	K	N	Q	S	T	A	V	L	I	F	Y	W	H	M	C	P
0	0.43559	0.07398	0.00776	0.00633	0.00830	0.00860	0.00492	0.01132	0.00861	0.01696	0.01337	0.23910	0.01397	0.06240	0.00529	0.00175	0.00351	0.00608	0.06747	0.00469
1	0.06688	0.01459	0.11790	0.06308	0.01599	0.17741	0.07401	0.11802	0.01180	0.03958	0.00943	0.03485	0.00784	0.00827	0.07105	0.00206	0.15415	0.00427	0.00282	0.00600
2	0.67555	0.00993	0.00838	0.00723	0.01012	0.03339	0.00593	0.06457	0.00928	0.02071	0.00708	0.00835	0.00559	0.00474	0.00400	0.00146	0.05836	0.00284	0.00300	0.05952
3	0.00586	0.00441	0.00543	0.00610	0.00682	0.00398	0.00422	0.00692	0.01002	0.01301	0.10071	0.54433	0.24340	0.01373	0.00594	0.00181	0.00263	0.01219	0.00451	0.00398
4	0.01138	0.00944	0.01145	0.03326	0.01286	0.01055	0.05372	0.09369	0.43086	0.03785	0.12027	0.07302	0.02916	0.00736	0.00557	0.00162	0.04045	0.00624	0.00455	0.00670
5	0.00577	0.00469	0.00504	0.00526	0.00651	0.00404	0.00378	0.00687	0.01042	0.01274	0.05920	0.20643	0.59014	0.04914	0.00657	0.00181	0.00259	0.01064	0.00439	0.00396
6	0.01292	0.00995	0.01082	0.00959	0.01238	0.01122	0.00755	0.04291	0.66478	0.10409	0.01940	0.01875	0.01458	0.00664	0.00491	0.00162	0.00387	0.03153	0.00496	0.00753
7	0.01424	0.00836	0.01035	0.00761	0.01166	0.00662	0.00617	0.01626	0.01133	0.31211	0.01238	0.01230	0.00886	0.00443	0.00402	0.00100	0.00374	0.00357	0.00399	0.54100
8	0.00708	0.00562	0.00777	0.00782	0.00822	0.00648	0.00579	0.00818	0.00831	0.01168	0.04411	0.33193	0.02025	0.10439	0.25395	0.00397	0.14844	0.00854	0.00333	0.00415
9	0.01336	0.01158	0.01142	0.01000	0.06198	0.16769	0.00733	0.10569	0.01304	0.09833	0.11338	0.01399	0.01252	0.00518	0.00432	0.00113	0.00477	0.00411	0.00359	0.33659
10	0.05376	0.00929	0.01162	0.00895	0.01264	0.00882	0.00739	0.18481	0.01533	0.61036	0.01681	0.01492	0.01079	0.00582	0.00473	0.00147	0.00431	0.00461	0.00556	0.00802
11	0.86579	0.00924	0.00702	0.00629	0.00924	0.01072	0.00518	0.01405	0.00813	0.02144	0.00666	0.00776	0.00518	0.00444	0.00296	0.00148	0.00370	0.00259	0.00296	0.00518
12	0.01033	0.01028	0.01447	0.03478	0.01302	0.01433	0.01043	0.01145	0.00739	0.01151	0.00649	0.01071	0.00641	0.00891	0.03394	0.00221	0.78183	0.00421	0.00210	0.00521
13	0.01028	0.00794	0.00935	0.00914	0.01102	0.00860	0.00746	0.12984	0.24744	0.01810	0.02162	0.13426	0.02126	0.01030	0.00575	0.00188	0.00414	0.33119	0.00460	0.00584
14	0.00579	0.00450	0.00528	0.00582	0.00673	0.00398	0.00408	0.00686	0.01014	0.01286	0.07441	0.44256	0.37305	0.01344	0.00588	0.00177	0.00259	0.01179	0.00448	0.00398
15	0.86579	0.00924	0.00702	0.00629	0.00924	0.01072	0.00518	0.01405	0.00813	0.02144	0.00666	0.00776	0.00518	0.00444	0.00296	0.00148	0.00370	0.00259	0.00296	0.00518
16	0.86579	0.00924	0.00702	0.00629	0.00924	0.01072	0.00518	0.01405	0.00813	0.02144	0.00666	0.00776	0.00518	0.00444	0.00296	0.00148	0.00370	0.00259	0.00296	0.00518
17	0.01366	0.01052	0.01134	0.00980	0.01275	0.01187	0.00774	0.13500	0.61190	0.09237	0.01825	0.01677	0.01341	0.00633	0.00485	0.00158	0.00402	0.00519	0.00495	0.00770
18	0.00597	0.00492	0.00527	0.00531	0.00677	0.00427	0.00396	0.00755	0.02723	0.01382	0.14038	0.10633	0.61362	0.01194	0.00568	0.00164	0.00249	0.02414	0.00455	0.00416
19	0.00821	0.00418	0.00616	0.00616	0.00616	0.00418	0.00407	0.00627	0.00627	0.00837	0.00875	0.01564	0.00890	0.07076	0.01906	0.80407	0.00418	0.00434	0.00213	0.00213
20	0.01137	0.01070	0.01712	0.19683	0.44305	0.01201	0.01325	0.06236	0.01069	0.01505	0.00855	0.01176	0.00711	0.00521	0.00672	0.00158	0.15328	0.00425	0.00242	0.00669
21	0.00566	0.00480	0.00489	0.00496	0.00649	0.00403	0.00368	0.00685	0.01078	0.01287	0.04702	0.09551	0.75166	0.01229	0.00568	0.00163	0.00244	0.01031	0.00444	0.00403
22	0.00951	0.00853	0.01369	0.15941	0.03398	0.00893	0.17528	0.03630	0.14271	0.01692	0.22166	0.04937	0.03417	0.00694	0.00524	0.00157	0.00474	0.02348	0.04185	0.00572
23	0.01288	0.01140	0.01746	0.05724	0.43114	0.01245	0.03978	0.15549	0.01240	0.04021	0.00924	0.01172	0.00750	0.00533	0.00675	0.00156	0.15315	0.00432	0.00285	0.00713
24	0.14162	0.32066	0.04217	0.00769	0.01124	0.01193	0.00702	0.03488	0.01054	0.04350	0.10687	0.01382	0.01206	0.00519	0.00376	0.00117	0.00422	0.03149	0.00305	0.18712
25	0.46765	0.00850	0.00837	0.00770	0.01012	0.00952	0.03325	0.03220	0.13691	0.01911	0.01367	0.14839	0.01297	0.00721	0.00421	0.00164	0.00380	0.06574	0.00365	0.00540

[dist]
# distance from previous block
# <min> <max>
0	8

[block]
# block no. 8 follows, 53 sequences, length 22
# corresponding to MSA columns:
# 324-345
name=unknown_I
#
# <colnr> <probs for GDERKNQSTAVLIFYWHMCP>
#	G	D	E	R	K	N	Q	S	T	A	V	L	I	F	Y	W	H	M	C	P
0	0.15107	0.02116	0.60466	0.01218	0.01828	0.01137	0.01484	0.08408	0.01088	0.01752	0.00852	0.00983	0.00610	0.00463	0.00430	0.00150	0.00635	0.00345	0.00242	0.00685
1	0.01374	0.24910	0.14353	0.01023	0.01436	0.01445	0.00976	0.22924	0.21247	0.03957	0.01185	0.01190	0.00896	0.00527	0.00427	0.00138	0.00510	0.00397	0.00361	0.00724
2	0.00596	0.00479	0.00532	0.00532	0.00668	0.00415	0.00394	0.00742	0.01144	0.01451	0.24609	0.11344	0.53068	0.01174	0.00569	0.00161	0.00241	0.01002	0.00466	0.00415
3	0.00632	0.00479	0.00582	0.00572	0.00691	0.00429	0.00423	0.00809	0.01223	0.01646	0.48172	0.12674	0.27712	0.01107	0.00569	0.00159	0.00236	0.00964	0.00492	0.00429
4	0.00676	0.00511	0.00753	0.00753	0.00842	0.00587	0.00585	0.00845	0.00785	0.01119	0.01471	0.02024	0.05420	0.03457	0.76981	0.00736	0.01225	0.00539	0.00266	0.00426
5	0.05637	0.00809	0.01076	0.00832	0.01192	0.00712	0.00686	0.02262	0.01336	0.75412	0.01827	0.01595	0.01156	0.00585	0.00469	0.00147	0.00401	0.00471	0.02603	0.00792
6	0.00790	0.00578	0.00711	0.00643	0.00803	0.01695	0.00486	0.01030	0.03251	0.04784	0.59687	0.07388	0.04906	0.00908	0.00536	0.00144	0.00263	0.00797	0.00490	0.10111
7	0.07797	0.69678	0.02184	0.00773	0.01151	0.01695	0.00754	0.01362	0.00970	0.01218	0.01039	0.01111	0.07725	0.00483	0.00329	0.00111	0.00476	0.00323	0.00233	0.00587
8	0.00723	0.00456	0.00583	0.00583	0.00612	0.00459	0.00379	0.00691	0.00725	0.00960	0.01624	0.02577	0.10040	0.36904	0.12423	0.28548	0.00531	0.00614	0.00275	0.00293
9	0.01785	0.02278	0.01354	0.01231	0.01478	0.81284	0.00924	0.01909	0.01354	0.01170	0.00739	0.00862	0.00616	0.00493	0.00431	0.00123	0.00862	0.00308	0.00246	0.00554
10	0.01032	0.01051	0.01648	0.01353	0.01440	0.01354	0.14645	0.01188	0.00813	0.01222	0.00809	0.06038	0.00798	0.00800	0.01334	0.00200	0.63011	0.00501	0.00229	0.00536
11	0.03603	0.01004	0.01388	0.13160	0.27448	0.05264	0.01042	0.04564	0.07243	0.18217	0.08317	0.01662	0.01275	0.00574	0.00484	0.00150	0.00503	0.03047	0.00371	0.00683
12	0.01079	0.00995	0.01625	0.45942	0.32190	0.01122	0.01348	0.07287	0.01105	0.01488	0.00891	0.01230	0.00696	0.00466	0.00476	0.00152	0.00602	0.00426	0.00242	0.00638
13	0.00978	0.07371	0.75996	0.01329	0.02018	0.01157	0.01709	0.01509	0.01007	0.01490	0.00846	0.00994	0.00606	0.00451	0.00445	0.00148	0.00695	0.00347	0.00202	0.00701
14	0.01187	0.01203	0.01334	0.40982	0.04953	0.19087	0.01087	0.10376	0.01211	0.01439	0.01259	0.01536	0.08172	0.00581	0.00503	0.00151	0.02450	0.01651	0.00277	0.00563
15	0.00941	0.00880	0.01212	0.01061	0.01091	0.01168	0.00868	0.01072	0.00874	0.01324	0.15794	0.04944	0.03195	0.00887	0.01272	0.00193	0.58654	0.00554	0.03516	0.00498
16	0.00597	0.00426	0.00568	0.00663	0.00695	0.00406	0.00445	0.00685	0.00907	0.01217	0.04601	0.71731	0.03006	0.05810	0.05582	0.00241	0.00346	0.01260	0.00427	0.00387
17	0.01687	0.23439	0.01622	0.04093	0.01431	0.37049	0.00868	0.06647	0.01296	0.16185	0.00964	0.01014	0.00735	0.00493	0.00412	0.00125	0.00654	0.00339	0.00313	0.00634
18	0.78980	0.00961	0.00768	0.00671	0.00974	0.01109	0.00553	0.08327	0.00942	0.02222	0.00709	0.00810	0.00544	0.00455	0.00312	0.00147	0.00384	0.00274	0.00312	0.00544
19	0.02909	0.00723	0.00864	0.00745	0.00995	0.00710	0.00600	0.02990	0.14900	0.32791	0.01920	0.02068	0.04024	0.00666	0.00453	0.00146	0.00347	0.06400	0.25101	0.00650
20	0.04632	0.02855	0.07175	0.00839	0.01144	0.03542	0.00726	0.11916	0.03803	0.27606	0.22601	0.02170	0.07512	0.00714	0.00494	0.00148	0.00402	0.00586	0.00483	0.00653
21	0.07309	0.00492	0.00653	0.00677	0.00734	0.00485	0.03072	0.00746	0.00823	0.01176	0.01915	0.43201	0.03913	0.11169	0.01098	0.20541	0.00356	0.00936	0.00351	0.00353

[dist]
# distance from previous block
# <min> <max>
0	18

[block]
# block no. 9 follows, 53 sequences, length 20
# corresponding to MSA columns:
# 364-383
name=unknown_J
#
# <colnr> <probs for GDERKNQSTAVLIFYWHMCP>
#	G	D	E	R	K	N	Q	S	T	A	V	L	I	F	Y	W	H	M	C	P
0	0.04209	0.17232	0.54094	0.01190	0.01766	0.01196	0.03306	0.01448	0.00997	0.02866	0.00964	0.06901	0.00802	0.00522	0.00435	0.00145	0.00624	0.00412	0.00231	0.00659
1	0.14288	0.01094	0.01474	0.08493	0.04666	0.05361	0.15503	0.13550	0.06714	0.11331	0.01227	0.03677	0.00985	0.00593	0.00529	0.00159	0.04271	0.05082	0.00359	0.00644
2	0.00692	0.00465	0.00590	0.00641	0.00708	0.00434	0.00446	0.00793	0.00971	0.04869	0.09653	0.45245	0.10939	0.14670	0.00896	0.00230	0.00317	0.06605	0.00433	0.00403
3	0.05095	0.00955	0.01238	0.23451	0.01801	0.05520	0.06572	0.15507	0.04388	0.04046	0.13555	0.06312	0.03977	0.00700	0.00507	0.00158	0.00507	0.04760	0.00372	0.00580
4	0.00965	0.00915	0.01540	0.63330	0.19249	0.01088	0.01349	0.01270	0.00977	0.01290	0.00854	0.01249	0.00662	0.00477	0.00507	0.00157	0.02901	0.00425	0.00217	0.00578
5	0.00991	0.00850	0.00991	0.00708	0.01133	0.00637	0.00566	0.01203	0.00991	0.01557	0.00850	0.00991	0.00708	0.00354	0.00354	0.00071	0.00354	0.00283	0.00283	0.86124
6	0.01456	0.10933	0.01372	0.01001	0.01292	0.03302	0.00832	0.22731	0.24236	0.11559	0.01451	0.01636	0.01140	0.00656	0.00580	0.00156	0.08544	0.05986	0.00426	0.00710
7	0.01008	0.00533	0.00715	0.00702	0.00835	0.00482	0.00513	0.01144	0.01113	0.22093	0.16515	0.47202	0.02889	0.01166	0.00568	0.00174	0.00302	0.01039	0.00497	0.00511
8	0.00617	0.00439	0.00587	0.00692	0.00732	0.00417	0.00488	0.00718	0.00934	0.01240	0.02567	0.67175	0.03032	0.05189	0.00701	0.00210	0.00311	0.13124	0.00436	0.00392
9	0.00582	0.00481	0.00510	0.00511	0.00658	0.00410	0.00380	0.00716	0.01118	0.01378	0.15619	0.08740	0.64861	0.01192	0.00567	0.00162	0.00242	0.01007	0.00456	0.00410
10	0.01013	0.00773	0.00830	0.00771	0.00967	0.00857	0.00590	0.01857	0.44723	0.01889	0.11731	0.06452	0.01876	0.00713	0.00463	0.00149	0.00313	0.00601	0.22814	0.00616
11	0.15344	0.41153	0.09024	0.00910	0.01320	0.01579	0.00878	0.21622	0.01283	0.01820	0.00809	0.00890	0.00649	0.00462	0.00363	0.00125	0.00510	0.00311	0.00291	0.00658
12	0.06330	0.01006	0.01149	0.00918	0.01257	0.01043	0.00748	0.26952	0.15268	0.32713	0.01693	0.01566	0.03982	0.00610	0.00471	0.00149	0.00428	0.00482	0.02473	0.00764
13	0.05445	0.00928	0.11990	0.15147	0.08356	0.00820	0.00922	0.01076	0.00872	0.01269	0.01208	0.04380	0.01165	0.16410	0.20488	0.00365	0.03703	0.04700	0.00262	0.00495
14	0.13309	0.01650	0.01266	0.16634	0.01718	0.44071	0.00940	0.01706	0.06833	0.01374	0.00831	0.01007	0.00668	0.00515	0.00494	0.00142	0.05675	0.00347	0.00262	0.00557
15	0.08293	0.00892	0.01067	0.00838	0.01178	0.00859	0.00686	0.17249	0.02778	0.45470	0.03716	0.01696	0.06390	0.00619	0.00465	0.00144	0.00405	0.00491	0.02825	0.03940
16	0.03426	0.13032	0.12499	0.01987	0.01236	0.03276	0.03858	0.04791	0.12104	0.01482	0.01665	0.27345	0.01693	0.01000	0.04179	0.00190	0.00497	0.04827	0.00353	0.00562
17	0.03927	0.00782	0.00918	0.08372	0.04836	0.08269	0.00700	0.02429	0.03402	0.04352	0.12598	0.07345	0.07346	0.01823	0.30319	0.00380	0.00755	0.00611	0.00339	0.00497
18	0.04155	0.01011	0.01104	0.01030	0.06844	0.12328	0.05082	0.07031	0.09413	0.06055	0.26832	0.02166	0.05024	0.03482	0.00559	0.00153	0.00444	0.00589	0.00410	0.06289
19	0.07492	0.05762	0.02016	0.01504	0.04097	0.10344	0.38989	0.03245	0.03406	0.10571	0.01158	0.07151	0.00945	0.00529	0.00502	0.00153	0.00655	0.00536	0.00311	0.00634

[dist]
# distance from previous block
# <min> <max>
0	3

[block]
# block no. 10 follows, 53 sequences, length 16
# corresponding to MSA columns:
# 387-402
name=unknown_K
#
# <colnr> <probs for GDERKNQSTAVLIFYWHMCP>
#	G	D	E	R	K	N	Q	S	T	A	V	L	I	F	Y	W	H	M	C	P
0	0.11979	0.00861	0.01212	0.28879	0.11322	0.00942	0.00961	0.03242	0.04295	0.08210	0.01035	0.01302	0.00810	0.00919	0.12057	0.00232	0.00621	0.00410	0.00290	0.10421
1	0.00924	0.00867	0.01443	0.73304	0.07875	0.01046	0.01299	0.01235	0.00966	0.01258	0.00853	0.01255	0.00648	0.00469	0.00472	0.00154	0.00619	0.00418	0.00217	0.04678
2	0.01211	0.00991	0.01605	0.27957	0.33626	0.01055	0.04057	0.05228	0.03836	0.10622	0.04349	0.01386	0.00950	0.00499	0.00483	0.00150	0.00558	0.00459	0.00302	0.00676
3	0.01219	0.09675	0.09216	0.01861	0.24367	0.01181	0.25426	0.02654	0.07040	0.07800	0.01103	0.03204	0.00877	0.01632	0.00515	0.00153	0.00613	0.00484	0.00288	0.00692
4	0.00964	0.00947	0.01540	0.70554	0.06061	0.04359	0.06342	0.01279	0.00988	0.01252	0.00855	0.01255	0.00647	0.00472	0.00481	0.00157	0.00655	0.00429	0.00217	0.00548
5	0.01263	0.79717	0.06148	0.00843	0.01266	0.01855	0.00862	0.01435	0.00973	0.01143	0.00673	0.00778	0.00613	0.00411	0.00314	0.00105	0.00520	0.00260	0.00204	0.00618
6	0.01154	0.01781	0.41644	0.04209	0.15608	0.01093	0.11626	0.01606	0.03218	0.10035	0.01014	0.01173	0.00735	0.00472	0.00503	0.00153	0.02587	0.00416	0.00263	0.00710
7	0.01179	0.06776	0.23444	0.01498	0.10280	0.01050	0.21504	0.01555	0.03195	0.12585	0.01366	0.05831	0.04484	0.00570	0.00499	0.00154	0.00604	0.02450	0.00308	0.00669
8	0.00612	0.00428	0.00546	0.00628	0.00649	0.00408	0.00404	0.00673	0.00858	0.01144	0.02342	0.62207	0.02792	0.22684	0.01083	0.00264	0.00326	0.01187	0.00404	0.00363
9	0.04165	0.00507	0.00616	0.00671	0.00771	0.00490	0.00502	0.00850	0.03957	0.01381	0.08132	0.36871	0.20394	0.01379	0.03958	0.00209	0.00343	0.13943	0.00436	0.00425
10	0.05916	0.44949	0.07696	0.00920	0.01304	0.04915	0.00868	0.07118	0.19107	0.01544	0.01010	0.01050	0.00816	0.00484	0.00375	0.00126	0.00503	0.00343	0.00295	0.00659
11	0.01268	0.01155	0.03286	0.05040	0.03611	0.14306	0.00834	0.12552	0.20891	0.06219	0.03704	0.06060	0.06451	0.00770	0.00512	0.00161	0.00500	0.11639	0.00412	0.00628
12	0.00592	0.00476	0.00529	0.00548	0.00678	0.00413	0.00406	0.00724	0.01095	0.01369	0.14442	0.18243	0.53141	0.01234	0.00577	0.00168	0.00254	0.04248	0.00455	0.00409
13	0.00942	0.00812	0.02731	0.11799	0.18100	0.00826	0.00880	0.05272	0.09073	0.03473	0.05748	0.25550	0.07643	0.00894	0.00553	0.00167	0.02114	0.02480	0.00374	0.00570
14	0.03631	0.07443	0.07873	0.07057	0.24191	0.06044	0.09646	0.11476	0.05693	0.04372	0.01119	0.04114	0.00935	0.00544	0.00476	0.00149	0.00581	0.03673	0.00306	0.00679
15	0.01242	0.00933	0.01034	0.00912	0.01163	0.01048	0.00715	0.04077	0.55018	0.10557	0.08860	0.01884	0.01645	0.00672	0.00524	0.00158	0.03360	0.00551	0.04934	0.00712

[dist]
# distance from previous block
# <min> <max>
0	1

[block]
# block no. 11 follows, 53 sequences, length 30
# corresponding to MSA columns:
# 404-433
name=unknown_L
#
# <colnr> <probs for GDERKNQSTAVLIFYWHMCP>
#	G	D	E	R	K	N	Q	S	T	A	V	L	I	F	Y	W	H	M	C	P
0	0.00659	0.00462	0.00590	0.00645	0.00726	0.00423	0.00462	0.00786	0.01048	0.03906	0.16572	0.48172	0.16026	0.01318	0.00594	0.00181	0.00277	0.06273	0.00463	0.00419
1	0.03154	0.01054	0.05960	0.43894	0.06695	0.02838	0.05046	0.09431	0.02372	0.11677	0.02636	0.01321	0.00822	0.00507	0.00478	0.00154	0.00591	0.00440	0.00304	0.00626
2	0.14695	0.04821	0.05598	0.11663	0.11974	0.12124	0.06510	0.11566	0.03251	0.08705	0.03974	0.01208	0.00874	0.00504	0.00444	0.00144	0.00570	0.00407	0.00321	0.00647
3	0.44812	0.17395	0.02809	0.03867	0.03653	0.09207	0.03325	0.05921	0.01007	0.01796	0.00727	0.00861	0.00585	0.00456	0.00368	0.00138	0.01927	0.00299	0.00274	0.00573
4	0.72466	0.01009	0.00821	0.03800	0.01076	0.05119	0.00605	0.04232	0.00895	0.02051	0.00692	0.00824	0.00542	0.00468	0.00368	0.00149	0.03775	0.00280	0.00293	0.00531
5	0.01534	0.07646	0.01374	0.01166	0.05751	0.35127	0.00870	0.18021	0.13475	0.01723	0.01299	0.01337	0.06052	0.00572	0.00450	0.00135	0.00623	0.00421	0.01781	0.00644
6	0.00671	0.00481	0.00621	0.00598	0.00705	0.00444	0.00444	0.00881	0.01296	0.01832	0.68481	0.10417	0.06709	0.01017	0.00561	0.00153	0.00230	0.00899	0.03116	0.00444
7	0.00605	0.00432	0.00581	0.00691	0.00729	0.00408	0.00483	0.00705	0.00937	0.01246	0.02622	0.73530	0.03112	0.01476	0.00616	0.00197	0.00297	0.10496	0.00443	0.00394
8	0.00587	0.00467	0.00519	0.00542	0.00658	0.00408	0.00388	0.00704	0.01055	0.01321	0.11970	0.23183	0.49820	0.05361	0.00669	0.00183	0.00260	0.01062	0.00445	0.00399
9	0.01244	0.00836	0.00997	0.00748	0.01121	0.00695	0.00601	0.06757	0.02415	0.16803	0.06932	0.01358	0.01119	0.00473	0.00403	0.00100	0.00361	0.00385	0.03919	0.52732
10	0.00857	0.00636	0.00738	0.00678	0.00845	0.00643	0.00519	0.03860	0.18133	0.03463	0.44703	0.03057	0.12160	0.00882	0.00526	0.00151	0.00274	0.00759	0.06586	0.00530
11	0.01278	0.83490	0.02505	0.00818	0.01227	0.01891	0.00818	0.01431	0.00971	0.01125	0.00664	0.00767	0.00613	0.00409	0.00307	0.00102	0.00511	0.00256	0.00204	0.00613
