[name]
unknown

[dist]
# distance from previous block
# <min> <max>
19	551

[block]
# block no. 0 follows, 49 sequences, length 26
# corresponding to MSA columns:
# 757-782
name=unknown_A
#
# <colnr> <probs for GDERKNQSTAVLIFYWHMCP>
#	G	D	E	R	K	N	Q	S	T	A	V	L	I	F	Y	W	H	M	C	P
0	0.03234	0.04649	0.01389	0.04557	0.03892	0.22984	0.06056	0.08957	0.09233	0.04939	0.01321	0.08380	0.02381	0.03722	0.00562	0.00156	0.00601	0.00517	0.00352	0.12117
1	0.03552	0.21670	0.11462	0.01282	0.09742	0.01292	0.06178	0.08389	0.05503	0.20318	0.01409	0.01427	0.04497	0.00555	0.00464	0.00146	0.00544	0.00451	0.00376	0.00744
2	0.01559	0.15899	0.02854	0.00962	0.04521	0.01010	0.00774	0.05533	0.04325	0.30306	0.03839	0.07609	0.01336	0.02713	0.00523	0.00149	0.00447	0.01928	0.00443	0.13268
3	0.04778	0.07088	0.08140	0.00890	0.01193	0.00902	0.02485	0.12008	0.03274	0.13378	0.08881	0.19012	0.10238	0.00885	0.00526	0.00162	0.00424	0.00749	0.00446	0.04543
4	0.01500	0.14354	0.22863	0.04504	0.01672	0.08781	0.01139	0.14324	0.02817	0.15112	0.01215	0.05182	0.00940	0.00580	0.00470	0.00148	0.00602	0.00447	0.00359	0.02990
5	0.01446	0.01019	0.01511	0.09013	0.35161	0.03726	0.01122	0.01717	0.03248	0.23362	0.01625	0.08505	0.04987	0.00652	0.00519	0.00159	0.00522	0.00581	0.00390	0.00737
6	0.01780	0.00912	0.01400	0.04348	0.04224	0.00841	0.11121	0.04980	0.01386	0.47982	0.05701	0.04013	0.03581	0.00690	0.00540	0.00164	0.00492	0.04563	0.00522	0.00759
7	0.01343	0.09884	0.03470	0.30028	0.21325	0.05140	0.04476	0.05622	0.01204	0.11204	0.01043	0.01279	0.00786	0.00501	0.00486	0.00153	0.00626	0.00437	0.00298	0.00693
8	0.01135	0.01093	0.01892	0.32997	0.46267	0.01175	0.05216	0.01455	0.01100	0.01512	0.00935	0.01294	0.00751	0.00470	0.00507	0.00158	0.00641	0.00457	0.00241	0.00703
9	0.01286	0.00646	0.00825	0.00742	0.00970	0.00568	0.00587	0.01455	0.01269	0.31986	0.09679	0.13775	0.24583	0.01055	0.00579	0.00175	0.00349	0.08331	0.00538	0.00603
10	0.01893	0.01026	0.09210	0.00991	0.01382	0.00792	0.04070	0.03996	0.01365	0.57144	0.01916	0.11002	0.01404	0.00714	0.00525	0.00163	0.00468	0.00606	0.00547	0.00789
11	0.01292	0.04369	0.43017	0.01507	0.02118	0.01188	0.20500	0.05958	0.01223	0.12358	0.01097	0.01232	0.00769	0.00492	0.00510	0.00160	0.00713	0.00449	0.00297	0.00750
12	0.00883	0.00544	0.00731	0.00810	0.03001	0.00503	0.00576	0.01015	0.01083	0.11895	0.02837	0.51006	0.10117	0.01369	0.00626	0.00198	0.00341	0.11494	0.00484	0.00491
13	0.01205	0.01193	0.02289	0.18847	0.23240	0.01203	0.35262	0.01604	0.03847	0.04705	0.01053	0.01363	0.00803	0.00467	0.00545	0.00164	0.00715	0.00522	0.00272	0.00700
14	0.01862	0.01062	0.06392	0.04560	0.14872	0.00908	0.04773	0.03900	0.01348	0.50376	0.01620	0.01561	0.01080	0.00652	0.02532	0.00173	0.00537	0.00492	0.00489	0.00812
15	0.01116	0.01240	0.10876	0.37927	0.13326	0.01182	0.11534	0.07166	0.04735	0.01609	0.01063	0.01471	0.00833	0.00532	0.00521	0.00166	0.00668	0.03099	0.00274	0.00663
16	0.00671	0.00526	0.00604	0.00605	0.00735	0.00478	0.00442	0.00878	0.04436	0.01580	0.27840	0.16601	0.36999	0.04480	0.00681	0.00185	0.00272	0.01044	0.00492	0.00451
17	0.01657	0.01187	0.05494	0.06325	0.03831	0.01081	0.27183	0.08873	0.05032	0.31817	0.01450	0.01496	0.00989	0.00540	0.00537	0.00162	0.00619	0.00526	0.00430	0.00771
18	0.03751	0.04496	0.09762	0.02686	0.04850	0.04965	0.07230	0.10662	0.03720	0.40404	0.01508	0.01447	0.01012	0.00568	0.00498	0.00155	0.00551	0.00470	0.00470	0.00795
19	0.01435	0.01089	0.01809	0.07819	0.37130	0.01079	0.10860	0.03562	0.05316	0.18904	0.01338	0.05137	0.01046	0.00559	0.00522	0.00159	0.00574	0.00534	0.00363	0.00765
20	0.00780	0.00628	0.00872	0.00971	0.07336	0.00618	0.03642	0.01052	0.08708	0.01479	0.09702	0.41063	0.09216	0.05998	0.02310	0.00219	0.00383	0.04083	0.00442	0.00497
21	0.15124	0.01139	0.01269	0.01201	0.10389	0.05589	0.00860	0.20536	0.06489	0.21303	0.01400	0.04789	0.01066	0.00615	0.00475	0.00153	0.00493	0.01715	0.00449	0.04945
22	0.14625	0.01274	0.07826	0.08674	0.17329	0.05816	0.01073	0.14149	0.07723	0.09637	0.01246	0.04934	0.00996	0.00595	0.00480	0.00159	0.00548	0.01831	0.00370	0.00715
23	0.09594	0.01006	0.01169	0.01235	0.13582	0.06245	0.01934	0.14622	0.02983	0.10652	0.03795	0.15214	0.08473	0.04255	0.00611	0.00179	0.00474	0.02915	0.00422	0.00640
24	0.10325	0.01038	0.01284	0.01255	0.13121	0.04811	0.05096	0.08380	0.02666	0.06332	0.01355	0.08448	0.02999	0.00625	0.00471	0.00138	0.00479	0.04222	0.00358	0.26597
25	0.15489	0.02301	0.01115	0.01015	0.05002	0.09144	0.04071	0.01662	0.08218	0.17534	0.08380	0.15130	0.01728	0.00780	0.00502	0.00162	0.00459	0.02681	0.00434	0.04195

[dist]
# distance from previous block
# <min> <max>
2	121

[block]
# block no. 1 follows, 49 sequences, length 19
# corresponding to MSA columns:
# 919-937
name=unknown_B
#
# <colnr> <probs for GDERKNQSTAVLIFYWHMCP>
#	G	D	E	R	K	N	Q	S	T	A	V	L	I	F	Y	W	H	M	C	P
0	0.32372	0.00978	0.01201	0.03123	0.08536	0.01035	0.07799	0.07629	0.05413	0.07444	0.04621	0.03313	0.05252	0.00657	0.00467	0.00164	0.00467	0.06483	0.00381	0.02667
1	0.01123	0.04387	0.05981	0.03176	0.08472	0.02797	0.03954	0.05245	0.04525	0.10494	0.03628	0.30657	0.01956	0.00948	0.00550	0.00169	0.00454	0.03910	0.00413	0.07161
2	0.07244	0.08664	0.03320	0.04351	0.04866	0.13967	0.05792	0.01561	0.09856	0.01589	0.03529	0.08589	0.02211	0.00637	0.00468	0.00141	0.00535	0.03392	0.00332	0.18956
3	0.02262	0.06331	0.02918	0.00902	0.01169	0.04657	0.02141	0.05427	0.21500	0.09598	0.20472	0.02379	0.05177	0.00767	0.00536	0.00157	0.01827	0.03939	0.03958	0.03883
4	0.31362	0.04462	0.01367	0.06425	0.26720	0.01124	0.00966	0.04683	0.01090	0.05334	0.01074	0.01237	0.03934	0.00502	0.00420	0.00146	0.00485	0.00395	0.00310	0.07962
5	0.01104	0.00730	0.00926	0.00838	0.04300	0.00607	0.00606	0.01281	0.01127	0.15390	0.05349	0.23933	0.08083	0.00859	0.00506	0.00140	0.00356	0.00747	0.00427	0.32690
6	0.03374	0.01062	0.01382	0.01258	0.07133	0.01258	0.00957	0.06881	0.11973	0.08092	0.03903	0.01369	0.01018	0.00715	0.01003	0.00177	0.36447	0.00463	0.00342	0.11195
7	0.01158	0.00922	0.01070	0.00796	0.01205	0.00768	0.00637	0.08397	0.04462	0.04833	0.07434	0.01350	0.01143	0.00473	0.00416	0.00096	0.00383	0.00384	0.00361	0.63713
8	0.01162	0.00613	0.00810	0.00781	0.00942	0.00566	0.00582	0.04281	0.01214	0.23984	0.09714	0.45098	0.02761	0.01209	0.00598	0.00186	0.00345	0.04062	0.00524	0.00567
9	0.00730	0.00530	0.00674	0.07255	0.00973	0.00497	0.00532	0.00869	0.01095	0.05382	0.09088	0.38637	0.29270	0.01300	0.00607	0.00184	0.00315	0.01141	0.00464	0.00457
10	0.00799	0.00736	0.07608	0.00850	0.01000	0.00585	0.03849	0.04818	0.01083	0.04155	0.02543	0.61215	0.06086	0.01343	0.00615	0.00194	0.00373	0.01211	0.00446	0.00491
11	0.10137	0.53165	0.05310	0.01024	0.04514	0.08497	0.00919	0.08657	0.01178	0.01527	0.00776	0.00887	0.00664	0.00463	0.00365	0.00123	0.00569	0.00304	0.00258	0.00663
12	0.01365	0.24036	0.10648	0.02407	0.04589	0.04489	0.00952	0.11878	0.04693	0.10843	0.01407	0.15976	0.01290	0.00724	0.00503	0.00153	0.02423	0.00580	0.00367	0.00677
13	0.13416	0.11097	0.14099	0.01324	0.03920	0.04402	0.18300	0.02631	0.06618	0.08186	0.01162	0.05979	0.00951	0.00622	0.01746	0.00170	0.03897	0.00493	0.00317	0.00670
14	0.48854	0.00951	0.01047	0.00996	0.07636	0.01011	0.05676	0.03228	0.01036	0.08710	0.03442	0.06488	0.04150	0.00599	0.00413	0.00157	0.00429	0.00461	0.00358	0.04358
15	0.04825	0.04637	0.03683	0.30510	0.04954	0.04118	0.04255	0.05327	0.04529	0.04620	0.02483	0.01368	0.00884	0.00818	0.07134	0.02209	0.02511	0.00440	0.00293	0.10403
16	0.01361	0.01137	0.07678	0.01255	0.11324	0.01079	0.00932	0.11099	0.28736	0.12997	0.01890	0.01939	0.07137	0.05109	0.03859	0.00206	0.00510	0.00562	0.00446	0.00743
17	0.02702	0.07009	0.01178	0.09240	0.04037	0.00882	0.03817	0.10590	0.01332	0.01819	0.22106	0.03945	0.16550	0.00792	0.00518	0.00147	0.00409	0.00674	0.00410	0.11842
18	0.05922	0.39232	0.02016	0.01068	0.04462	0.04811	0.04255	0.19979	0.01382	0.01814	0.01030	0.01121	0.03558	0.00508	0.00406	0.00126	0.00545	0.00371	0.00312	0.07080

[dist]
# distance from previous block
# <min> <max>
21	48

[block]
# block no. 2 follows, 49 sequences, length 14
# corresponding to MSA columns:
# 1005-1018
name=unknown_C
#
# <colnr> <probs for GDERKNQSTAVLIFYWHMCP>
#	G	D	E	R	K	N	Q	S	T	A	V	L	I	F	Y	W	H	M	C	P
0	0.04566	0.20278	0.24788	0.03008	0.04552	0.04184	0.05937	0.03156	0.06502	0.06021	0.04999	0.05260	0.01128	0.02892	0.00523	0.00159	0.00590	0.00475	0.00307	0.00675
1	0.07115	0.02936	0.05523	0.03678	0.01294	0.04320	0.00781	0.14817	0.07756	0.05699	0.05710	0.10143	0.07958	0.00773	0.00502	0.00153	0.00451	0.05128	0.00414	0.14850
2	0.02750	0.09993	0.36058	0.08289	0.11300	0.03724	0.05679	0.04449	0.05862	0.01613	0.01096	0.01299	0.02764	0.02380	0.00526	0.00162	0.00660	0.00429	0.00263	0.00705
3	0.01643	0.04548	0.15359	0.03018	0.04251	0.13014	0.01081	0.28982	0.04369	0.12062	0.01213	0.01342	0.00907	0.05229	0.00606	0.00169	0.00621	0.00441	0.00396	0.00749
4	0.01686	0.01815	0.01397	0.03474	0.03341	0.44041	0.02677	0.15729	0.09003	0.03709	0.01280	0.04324	0.04072	0.00622	0.00491	0.00146	0.00720	0.00462	0.00354	0.00657
5	0.01170	0.00998	0.01324	0.09309	0.10131	0.00949	0.03030	0.06965	0.07235	0.03620	0.02956	0.01275	0.00925	0.00488	0.00505	0.00120	0.04713	0.00400	0.00327	0.43559
6	0.00889	0.00616	0.00845	0.00798	0.00867	0.00705	0.00593	0.00991	0.00822	0.06566	0.01366	0.02243	0.01347	0.27062	0.37929	0.03939	0.11104	0.00582	0.00298	0.00439
7	0.00815	0.00537	0.00677	0.00666	0.00719	0.00554	0.00447	0.00888	0.00857	0.05637	0.04821	0.11928	0.03818	0.45361	0.17139	0.00472	0.03149	0.00771	0.00348	0.00396
8	0.01352	0.67640	0.07971	0.00995	0.01452	0.01877	0.05307	0.05903	0.01118	0.01358	0.00765	0.00884	0.00667	0.00446	0.00361	0.00118	0.00574	0.00307	0.00235	0.00670
9	0.07264	0.06976	0.05129	0.01009	0.04442	0.04588	0.03954	0.03865	0.07173	0.07253	0.01100	0.02185	0.00884	0.00481	0.00422	0.00116	0.00471	0.01466	0.00336	0.40885
10	0.07402	0.01055	0.01400	0.45055	0.04505	0.03765	0.01158	0.15546	0.07752	0.01820	0.03766	0.01462	0.00950	0.00567	0.00497	0.00164	0.00596	0.01576	0.00324	0.00639
11	0.06821	0.00685	0.00824	0.05322	0.01067	0.00680	0.00620	0.06218	0.04179	0.04513	0.26220	0.11926	0.13636	0.01007	0.00564	0.00170	0.00350	0.09310	0.00471	0.05417
12	0.22549	0.01162	0.05665	0.06654	0.06359	0.02965	0.00887	0.14767	0.10083	0.11534	0.02776	0.01351	0.00970	0.02875	0.00535	0.00164	0.02303	0.00429	0.00392	0.05580
13	0.13700	0.00851	0.03916	0.00946	0.06493	0.00768	0.02533	0.05714	0.01203	0.12763	0.08797	0.16117	0.15554	0.00877	0.00516	0.00161	0.00390	0.00743	0.00434	0.07527

[dist]
# distance from previous block
# <min> <max>
1	10

[block]
# block no. 3 follows, 49 sequences, length 26
# corresponding to MSA columns:
# 1047-1072
name=unknown_D
#
# <colnr> <probs for GDERKNQSTAVLIFYWHMCP>
#	G	D	E	R	K	N	Q	S	T	A	V	L	I	F	Y	W	H	M	C	P
0	0.05963	0.00924	0.01282	0.09557	0.16398	0.00957	0.00934	0.07129	0.03373	0.17516	0.01511	0.15907	0.01350	0.01856	0.00622	0.00168	0.06328	0.00626	0.00396	0.07203
1	0.12004	0.01103	0.05844	0.22744	0.02036	0.04496	0.13119	0.01537	0.07766	0.05600	0.08625	0.03167	0.02454	0.01753	0.00527	0.00164	0.00569	0.00523	0.00333	0.05637
2	0.02803	0.00938	0.01437	0.57849	0.05871	0.01068	0.01225	0.05077	0.01088	0.01485	0.00912	0.01273	0.00699	0.00484	0.00478	0.00150	0.00605	0.00419	0.00255	0.15884
3	0.07335	0.01153	0.04740	0.01512	0.17707	0.06243	0.09485	0.02744	0.04658	0.16501	0.04756	0.01791	0.03901	0.01951	0.00570	0.00161	0.02765	0.04224	0.00377	0.07425
4	0.03498	0.01051	0.01524	0.34295	0.17391	0.01164	0.01198	0.12492	0.03265	0.01735	0.00969	0.01254	0.00756	0.00513	0.00538	0.00151	0.04583	0.00427	0.00291	0.12904
5	0.01006	0.00925	0.01515	0.50893	0.18242	0.01048	0.01312	0.01316	0.01059	0.01414	0.01101	0.01777	0.00946	0.00581	0.00516	0.00165	0.00615	0.08558	0.00261	0.06749
6	0.16691	0.01289	0.04539	0.01135	0.01471	0.10928	0.11265	0.09430	0.16965	0.04683	0.05916	0.02537	0.01228	0.00615	0.00510	0.00158	0.02317	0.02867	0.00385	0.05070
7	0.00685	0.00472	0.00563	0.00607	0.00625	0.00458	0.00370	0.00723	0.00840	0.01113	0.02190	0.32647	0.05709	0.48715	0.01771	0.00370	0.00407	0.01011	0.00374	0.00350
8	0.01215	0.01101	0.01790	0.15137	0.19092	0.03455	0.18616	0.09070	0.01302	0.05512	0.09572	0.03299	0.05699	0.00620	0.00564	0.00162	0.02198	0.00586	0.00340	0.00668
9	0.00728	0.00487	0.00554	0.00561	0.00562	0.00485	0.00316	0.00733	0.00749	0.00999	0.01665	0.08019	0.01929	0.77396	0.02458	0.00473	0.00478	0.00777	0.00316	0.00313
10	0.01301	0.01412	0.01369	0.01258	0.04455	0.25449	0.00963	0.03636	0.01146	0.01419	0.11996	0.01580	0.04264	0.00784	0.01018	0.00178	0.36407	0.00498	0.00300	0.00567
11	0.01186	0.11638	0.40039	0.01572	0.08179	0.01244	0.16595	0.01625	0.01116	0.06226	0.00974	0.01149	0.00722	0.00465	0.00482	0.00150	0.00693	0.00416	0.00255	0.05275
12	0.01238	0.04726	0.15964	0.01956	0.29741	0.01151	0.12143	0.06090	0.01201	0.04038	0.00981	0.01191	0.00768	0.00452	0.00481	0.00140	0.00611	0.00424	0.00279	0.16428
13	0.85801	0.00978	0.00743	0.00665	0.00978	0.01134	0.00548	0.01486	0.00861	0.02269	0.00704	0.00821	0.00548	0.00469	0.00313	0.00156	0.00391	0.00274	0.00313	0.00548
14	0.01198	0.01214	0.05120	0.14570	0.64765	0.01189	0.01543	0.01515	0.01127	0.01597	0.00942	0.01258	0.00776	0.00460	0.00501	0.00153	0.00618	0.00447	0.00245	0.00763
15	0.00755	0.00533	0.00725	0.00723	0.00763	0.00591	0.00510	0.00819	0.00779	0.01085	0.01456	0.08153	0.01543	0.30562	0.35088	0.09745	0.04843	0.00658	0.00290	0.00378
16	0.00987	0.01210	0.17391	0.02911	0.01488	0.00907	0.11263	0.09498	0.06888	0.01790	0.12917	0.06100	0.20655	0.00848	0.00560	0.00168	0.00496	0.02909	0.00401	0.00612
17	0.01207	0.04727	0.08271	0.23100	0.16402	0.01175	0.25301	0.01558	0.01135	0.08089	0.01089	0.03732	0.00851	0.00508	0.00528	0.00163	0.00685	0.00517	0.00279	0.00682
18	0.00946	0.09875	0.10290	0.01269	0.01612	0.00975	0.27050	0.01231	0.01121	0.01490	0.06983	0.19791	0.11766	0.00862	0.00568	0.00171	0.00558	0.02523	0.00346	0.00574
19	0.08933	0.00870	0.01139	0.00881	0.01266	0.00774	0.00728	0.02386	0.01401	0.73269	0.01892	0.01649	0.01196	0.00613	0.00493	0.00156	0.00427	0.00490	0.00601	0.00836
20	0.01367	0.02107	0.34256	0.01545	0.02085	0.19395	0.20600	0.06489	0.01281	0.04706	0.00970	0.01142	0.00713	0.00490	0.00507	0.00155	0.00787	0.00429	0.00270	0.00705
21	0.01226	0.01014	0.05407	0.30210	0.07894	0.01001	0.10817	0.01567	0.04357	0.16073	0.01567	0.07479	0.05901	0.00656	0.00560	0.00169	0.02511	0.00591	0.00350	0.00650
22	0.00682	0.00536	0.00713	0.00742	0.00832	0.00513	0.03116	0.00808	0.01038	0.01352	0.06162	0.41529	0.21383	0.06236	0.00790	0.00215	0.03449	0.09027	0.00446	0.00432
23	0.00997	0.00942	0.01593	0.69949	0.14217	0.01135	0.01425	0.01329	0.01031	0.01343	0.00906	0.01334	0.00692	0.00498	0.00505	0.00166	0.00664	0.00450	0.00228	0.00596
24	0.01208	0.00835	0.01209	0.22423	0.01826	0.00887	0.05195	0.01658	0.14621	0.17269	0.02050	0.10983	0.07174	0.00835	0.00557	0.00178	0.00491	0.09536	0.00431	0.00633
25	0.01204	0.01389	0.10323	0.04237	0.47387	0.01220	0.23571	0.01571	0.01152	0.01630	0.00966	0.01267	0.00772	0.00448	0.00527	0.00157	0.00691	0.00485	0.00248	0.00756

[dist]
# distance from previous block
# <min> <max>
0	5

[block]
# block no. 4 follows, 49 sequences, length 17
# corresponding to MSA columns:
# 1078-1091,1096-1098
name=unknown_E
#
# <colnr> <probs for GDERKNQSTAVLIFYWHMCP>
#	G	D	E	R	K	N	Q	S	T	A	V	L	I	F	Y	W	H	M	C	P
0	0.01937	0.01074	0.04255	0.01057	0.01451	0.02622	0.07443	0.14462	0.03537	0.48409	0.03631	0.01672	0.02347	0.00618	0.00513	0.00156	0.00496	0.00517	0.02999	0.00806
1	0.01312	0.01219	0.02461	0.12714	0.08988	0.01179	0.50239	0.01684	0.01200	0.12147	0.01132	0.01401	0.00823	0.00466	0.00564	0.00167	0.00750	0.00553	0.00301	0.00700
2	0.00926	0.00532	0.00720	0.00771	0.00875	0.00493	0.00567	0.01053	0.01079	0.14554	0.02637	0.56954	0.02925	0.01394	0.00630	0.00201	0.00342	0.12356	0.00495	0.00495
3	0.01066	0.04669	0.63505	0.01722	0.15925	0.01203	0.01783	0.01590	0.01081	0.01599	0.00909	0.01093	0.00670	0.00474	0.00480	0.00157	0.00715	0.00384	0.00220	0.00754
4	0.01304	0.01512	0.21417	0.07838	0.31170	0.01137	0.13751	0.01684	0.01169	0.12490	0.01094	0.01296	0.00809	0.00483	0.00513	0.00158	0.00660	0.00463	0.00293	0.00759
5	0.00695	0.00523	0.00724	0.00783	0.00856	0.00507	0.02607	0.00834	0.01051	0.01400	0.09350	0.49410	0.07257	0.03796	0.00731	0.00213	0.02516	0.15852	0.00459	0.00436
6	0.01205	0.01234	0.02343	0.09514	0.44854	0.01223	0.28929	0.01554	0.01154	0.01609	0.00973	0.01301	0.00778	0.00447	0.00536	0.00159	0.00698	0.00503	0.00250	0.00737
7	0.03551	0.01268	0.02684	0.06864	0.33582	0.10958	0.05886	0.06567	0.01317	0.15356	0.05074	0.01474	0.01075	0.00545	0.00506	0.00153	0.00604	0.01447	0.00352	0.00739
8	0.01056	0.01572	0.27965	0.31933	0.19857	0.01168	0.06368	0.01475	0.01073	0.01497	0.00921	0.01233	0.00697	0.00480	0.00502	0.00162	0.00694	0.00433	0.00229	0.00685
9	0.00705	0.00653	0.00943	0.00803	0.01021	0.00573	0.13406	0.00887	0.01163	0.01438	0.07954	0.08360	0.57914	0.01140	0.00600	0.00172	0.00358	0.01000	0.00438	0.00472
10	0.02015	0.01125	0.08098	0.01037	0.01457	0.00946	0.03706	0.16288	0.01567	0.53672	0.01738	0.03507	0.01159	0.00626	0.00512	0.00158	0.00494	0.00513	0.00550	0.00833
11	0.01229	0.01636	0.26071	0.01643	0.02172	0.01151	0.36843	0.06345	0.01233	0.08257	0.01220	0.07626	0.00978	0.00562	0.00552	0.00168	0.00722	0.00578	0.00306	0.00707
12	0.01345	0.01017	0.07073	0.04091	0.01377	0.00926	0.05102	0.17693	0.01444	0.17938	0.09682	0.15565	0.08774	0.00870	0.00608	0.00170	0.04463	0.00735	0.00465	0.00661
13	0.02144	0.00965	0.01226	0.00951	0.01337	0.00910	0.00782	0.14428	0.06851	0.61970	0.01875	0.01652	0.01209	0.00627	0.00509	0.00157	0.00448	0.00504	0.00599	0.00856
14	0.01084	0.01126	0.05632	0.39805	0.29811	0.01196	0.04263	0.01404	0.01050	0.01440	0.00902	0.01280	0.00720	0.00515	0.00606	0.00166	0.07656	0.00451	0.00234	0.00659
15	0.01461	0.01239	0.01857	0.06724	0.52157	0.07979	0.04284	0.01736	0.01220	0.14764	0.01113	0.01311	0.00856	0.00488	0.00502	0.00151	0.00613	0.00455	0.00314	0.00775
16	0.01521	0.00990	0.01260	0.01302	0.14425	0.01023	0.00879	0.02275	0.35152	0.26012	0.03814	0.01940	0.05766	0.00669	0.00517	0.00163	0.00432	0.00568	0.00503	0.00791

[dist]
# distance from previous block
# <min> <max>
11	23

[block]
# block no. 5 follows, 49 sequences, length 17
# corresponding to MSA columns:
# 1126-1142
name=unknown_F
#
# <colnr> <probs for GDERKNQSTAVLIFYWHMCP>
#	G	D	E	R	K	N	Q	S	T	A	V	L	I	F	Y	W	H	M	C	P
0	0.01052	0.06099	0.25331	0.11647	0.14874	0.01034	0.01260	0.04024	0.01186	0.03492	0.13359	0.03897	0.04110	0.00648	0.00508	0.00157	0.00558	0.02708	0.00320	0.03738
1	0.16044	0.21567	0.25538	0.01117	0.03295	0.04993	0.04756	0.01537	0.01066	0.03034	0.03999	0.01092	0.00826	0.00480	0.00413	0.00137	0.00581	0.00358	0.00266	0.08900
2	0.03303	0.18089	0.26771	0.01143	0.01629	0.01232	0.05676	0.03118	0.03718	0.13252	0.01145	0.04675	0.00903	0.00557	0.00515	0.00147	0.04714	0.00435	0.00316	0.08661
3	0.00825	0.04848	0.00847	0.00644	0.00917	0.00619	0.00507	0.01036	0.02862	0.01585	0.16234	0.03101	0.33604	0.00872	0.00506	0.00133	0.00311	0.00727	0.00415	0.29407
4	0.01011	0.00864	0.01006	0.00735	0.01156	0.00653	0.00584	0.01226	0.01051	0.01621	0.01178	0.03953	0.04827	0.00461	0.00395	0.00084	0.00366	0.00377	0.00314	0.78137
5	0.03122	0.37946	0.24562	0.01118	0.01614	0.06516	0.04582	0.01676	0.04226	0.07166	0.00975	0.02706	0.00786	0.00501	0.00418	0.00137	0.00616	0.00372	0.00270	0.00690
6	0.00731	0.00541	0.00631	0.00622	0.00772	0.00489	0.00476	0.00945	0.03447	0.03798	0.29360	0.08247	0.37312	0.01168	0.00596	0.00172	0.00278	0.07067	0.02879	0.00470
7	0.01014	0.02616	0.79609	0.01441	0.02189	0.01174	0.01868	0.01601	0.01068	0.01601	0.00907	0.01068	0.00641	0.00480	0.00480	0.00160	0.00747	0.00374	0.00214	0.00747
8	0.00889	0.00468	0.00683	0.00664	0.00692	0.00454	0.00449	0.00697	0.00683	0.00926	0.00880	0.01507	0.00870	0.01671	0.01877	0.80018	0.00435	0.00431	0.00225	0.05482
9	0.00878	0.00439	0.00659	0.00659	0.00659	0.00439	0.00439	0.00659	0.00659	0.00878	0.00878	0.01537	0.00878	0.01757	0.01976	0.85288	0.00439	0.00439	0.00220	0.00220
10	0.01352	0.82533	0.02650	0.00865	0.01298	0.02001	0.00865	0.01514	0.01027	0.01190	0.00703	0.00811	0.00649	0.00433	0.00324	0.00108	0.00541	0.00270	0.00216	0.00649
11	0.03845	0.01399	0.15723	0.04475	0.01639	0.01193	0.04602	0.33431	0.03887	0.10719	0.07138	0.04829	0.03508	0.00662	0.00516	0.00159	0.00545	0.00542	0.00438	0.00749
12	0.16199	0.04739	0.00999	0.00914	0.07236	0.00817	0.00646	0.01228	0.01060	0.06083	0.19084	0.02057	0.01859	0.09604	0.12442	0.00277	0.02381	0.00544	0.00367	0.11466
13	0.00672	0.00574	0.00597	0.00628	0.00749	0.03910	0.00452	0.00788	0.01073	0.01314	0.03853	0.28567	0.44507	0.03609	0.06122	0.00232	0.00378	0.01106	0.00443	0.00427
14	0.00686	0.04058	0.00703	0.00684	0.00775	0.00522	0.00488	0.00855	0.03540	0.01470	0.18240	0.50604	0.12792	0.01357	0.00612	0.00186	0.00292	0.01208	0.00477	0.00449
15	0.02733	0.06627	0.04986	0.03712	0.02894	0.04188	0.05638	0.01463	0.07528	0.04764	0.06144	0.06574	0.01342	0.00635	0.00533	0.00137	0.04883	0.04193	0.01935	0.29091
16	0.14112	0.11839	0.07730	0.03394	0.01541	0.16387	0.05135	0.17549	0.08783	0.04419	0.01067	0.01174	0.00821	0.01838	0.00479	0.00152	0.00606	0.00399	0.01889	0.00686

[dist]
# distance from previous block
# <min> <max>
5	34

[block]
# block no. 6 follows, 49 sequences, length 23
# corresponding to MSA columns:
# 1179-1199,1225,1226
name=unknown_G
#
# <colnr> <probs for GDERKNQSTAVLIFYWHMCP>
#	G	D	E	R	K	N	Q	S	T	A	V	L	I	F	Y	W	H	M	C	P
0	0.02899	0.12065	0.16818	0.08220	0.11044	0.07835	0.03558	0.09389	0.05871	0.05931	0.01108	0.01395	0.00900	0.07727	0.02969	0.00198	0.00644	0.00441	0.00307	0.00680
1	0.04359	0.04369	0.16058	0.01027	0.01375	0.02675	0.06278	0.09215	0.11045	0.03530	0.09289	0.13472	0.11115	0.00822	0.00529	0.00164	0.00482	0.00703	0.00402	0.03093
2	0.01307	0.14077	0.12096	0.11009	0.22411	0.10087	0.01221	0.04889	0.02732	0.04473	0.03142	0.01214	0.00866	0.00494	0.00459	0.00139	0.00612	0.00403	0.00282	0.08088
3	0.01034	0.22487	0.05612	0.01008	0.04194	0.01100	0.04876	0.05958	0.02375	0.01411	0.01509	0.09882	0.02874	0.11783	0.13397	0.00305	0.00654	0.08668	0.00319	0.00555
4	0.01334	0.07644	0.15412	0.04337	0.05808	0.03574	0.01064	0.24095	0.11473	0.02025	0.03589	0.01631	0.04576	0.06655	0.00700	0.00182	0.04322	0.00498	0.00372	0.00707
5	0.22161	0.01020	0.05315	0.03657	0.08466	0.04455	0.00772	0.02918	0.03412	0.12677	0.06150	0.02061	0.16840	0.00690	0.00468	0.00152	0.00435	0.00547	0.00394	0.07410
6	0.00616	0.00513	0.00537	0.00531	0.00694	0.00434	0.00398	0.00760	0.01195	0.01466	0.16284	0.04701	0.67645	0.01243	0.00597	0.00169	0.00253	0.01044	0.00483	0.00434
7	0.01301	0.04296	0.01221	0.01036	0.01330	0.04162	0.00813	0.04450	0.70526	0.02074	0.01939	0.01793	0.01460	0.00668	0.00505	0.00167	0.00428	0.00548	0.00494	0.00788
8	0.01435	0.01529	0.06346	0.05989	0.04552	0.28447	0.02347	0.06546	0.04106	0.08663	0.01805	0.01888	0.15322	0.02015	0.00626	0.00162	0.06719	0.00534	0.00350	0.00620
9	0.00716	0.00572	0.00709	0.00772	0.00835	0.04353	0.00553	0.00840	0.00934	0.01246	0.02172	0.49092	0.02462	0.02331	0.29403	0.00421	0.00707	0.01060	0.00388	0.00434
10	0.00671	0.00513	0.00615	0.00593	0.00729	0.00457	0.00444	0.00865	0.01319	0.01770	0.50264	0.06285	0.31365	0.01137	0.00598	0.00165	0.00246	0.00984	0.00523	0.00457
11	0.01074	0.02196	0.53898	0.01673	0.02341	0.01209	0.27158	0.01608	0.01110	0.01608	0.00946	0.01167	0.00683	0.00462	0.00519	0.00164	0.00783	0.00449	0.00228	0.00725
12	0.01101	0.01098	0.01548	0.04372	0.01410	0.01533	0.01118	0.01220	0.00783	0.01220	0.00673	0.01116	0.00664	0.00871	0.01615	0.00219	0.78223	0.00443	0.00221	0.00553
13	0.01049	0.00899	0.01049	0.00749	0.01198	0.00674	0.00599	0.01273	0.01049	0.01648	0.00899	0.01049	0.00749	0.00374	0.00374	0.00075	0.00374	0.00300	0.00300	0.85320
14	0.01001	0.00797	0.04714	0.05729	0.01198	0.00707	0.03045	0.01374	0.10768	0.11046	0.20510	0.07246	0.19604	0.01038	0.04153	0.00191	0.00417	0.00771	0.00462	0.05230
15	0.01124	0.01023	0.01794	0.01339	0.01730	0.00916	0.32655	0.04365	0.01187	0.05651	0.04833	0.13927	0.01372	0.00636	0.00532	0.00146	0.00566	0.00646	0.00344	0.25215
16	0.00721	0.00553	0.00752	0.00895	0.06618	0.00524	0.00618	0.00887	0.01118	0.01482	0.13807	0.33858	0.15170	0.01377	0.02273	0.00208	0.00363	0.17849	0.00461	0.00465
17	0.02803	0.09615	0.21412	0.14919	0.14397	0.08089	0.04214	0.02924	0.01125	0.04497	0.01013	0.05053	0.00840	0.00545	0.00511	0.00153	0.02990	0.00448	0.00267	0.04185
18	0.01286	0.00873	0.01042	0.00769	0.01183	0.00693	0.00619	0.03369	0.01164	0.16793	0.01313	0.01364	0.03937	0.00472	0.00412	0.00098	0.00380	0.00380	0.03454	0.60399
19	0.01116	0.00897	0.01055	0.00757	0.01203	0.00678	0.00607	0.01339	0.01070	0.05920	0.00959	0.01086	0.00777	0.00388	0.00382	0.00079	0.00378	0.00311	0.00318	0.80681
20	0.13979	0.02323	0.01367	0.01076	0.01378	0.05463	0.16486	0.01687	0.08623	0.16002	0.11633	0.01758	0.01487	0.00807	0.04409	0.03485	0.00544	0.00534	0.06330	0.00629
21	0.01215	0.38699	0.33039	0.01157	0.01698	0.01499	0.05434	0.01558	0.01069	0.04916	0.00961	0.04910	0.00810	0.00516	0.00425	0.00139	0.00623	0.00397	0.00248	0.00688
22	0.02795	0.01106	0.01523	0.03034	0.22053	0.03702	0.06841	0.04356	0.06858	0.01703	0.01066	0.01254	0.02033	0.00481	0.00516	0.00127	0.04764	0.00411	0.00303	0.35073

[dist]
# distance from previous block
# <min> <max>
0	1

[block]
# block no. 7 follows, 49 sequences, length 106
# corresponding to MSA columns:
# 1230-1285,1287-1336
name=unknown_H
#
# <colnr> <probs for GDERKNQSTAVLIFYWHMCP>
#	G	D	E	R	K	N	Q	S	T	A	V	L	I	F	Y	W	H	M	C	P
0	0.01314	0.03323	0.05141	0.03013	0.22987	0.03821	0.04769	0.01673	0.07739	0.14809	0.07033	0.07050	0.01413	0.00630	0.00504	0.00149	0.00506	0.01932	0.00381	0.11815
1	0.01093	0.02489	0.02732	0.03075	0.01326	0.02077	0.05798	0.03434	0.03538	0.04823	0.12264	0.03826	0.01443	0.00543	0.00448	0.00111	0.00420	0.00467	0.00358	0.49735
2	0.03670	0.00987	0.08410	0.03844	0.01266	0.02921	0.02057	0.04213	0.03030	0.15552	0.22606	0.02323	0.09807	0.00727	0.00508	0.00144	0.00413	0.00610	0.00444	0.16471
3	0.01086	0.00947	0.06003	0.00892	0.01207	0.01793	0.03438	0.04198	0.10615	0.07013	0.01636	0.10469	0.04310	0.03908	0.08890	0.00219	0.00527	0.02388	0.02697	0.27763
4	0.00990	0.00917	0.01553	0.04792	0.29493	0.00886	0.12300	0.01240	0.01111	0.01532	0.03344	0.20033	0.06297	0.00837	0.00563	0.00169	0.00518	0.06797	0.00340	0.06288
5	0.09870	0.00941	0.01093	0.00888	0.05394	0.00785	0.00664	0.04128	0.01098	0.04674	0.00934	0.01067	0.00754	0.00406	0.00385	0.00093	0.00397	0.00319	0.00318	0.65791
6	0.00701	0.00510	0.00666	0.00712	0.00808	0.00479	0.00543	0.00880	0.01194	0.01610	0.30378	0.26090	0.10997	0.03260	0.00682	0.00199	0.00316	0.19033	0.00496	0.00447
7	0.00829	0.00647	0.00928	0.01109	0.13515	0.00666	0.00699	0.00981	0.00917	0.01263	0.01704	0.02928	0.04736	0.26676	0.26345	0.00475	0.00765	0.11985	0.00317	0.02515
8	0.00616	0.00440	0.00587	0.00704	0.00733	0.00411	0.00469	0.00704	0.00968	0.01291	0.02787	0.81899	0.03344	0.01584	0.00645	0.00205	0.00293	0.01438	0.00469	0.00411
9	0.01245	0.01073	0.01133	0.01020	0.01302	0.01240	0.00793	0.02647	0.76403	0.02113	0.03816	0.01930	0.01618	0.00694	0.00516	0.00171	0.00396	0.00580	0.00516	0.00793
10	0.01344	0.01220	0.04084	0.02514	0.56108	0.02566	0.03591	0.03236	0.05666	0.08373	0.01105	0.01308	0.00873	0.00480	0.00497	0.00148	0.00578	0.00454	0.00305	0.05549
11	0.01259	0.01234	0.01996	0.07292	0.67682	0.04391	0.03400	0.01589	0.03265	0.01627	0.00974	0.01263	0.00807	0.00462	0.00502	0.00151	0.00618	0.00452	0.00257	0.00776
12	0.01014	0.02616	0.79609	0.01441	0.02189	0.01174	0.01868	0.01601	0.01068	0.01601	0.00907	0.01068	0.00641	0.00480	0.00480	0.00160	0.00747	0.00374	0.00214	0.00747
13	0.01104	0.01189	0.02439	0.29201	0.02901	0.01212	0.49741	0.01496	0.01130	0.01505	0.01012	0.01441	0.00776	0.00472	0.00567	0.00171	0.00784	0.01971	0.00249	0.00637
14	0.01310	0.01185	0.03531	0.09540	0.57607	0.01158	0.07653	0.01620	0.01168	0.08773	0.01048	0.01309	0.00826	0.00470	0.00509	0.00154	0.00615	0.00466	0.00282	0.00775
15	0.01252	0.01201	0.02053	0.03104	0.79074	0.01201	0.01552	0.01552	0.01151	0.01652	0.00951	0.01252	0.00801	0.00451	0.00501	0.00150	0.00601	0.00451	0.00250	0.00801
16	0.00633	0.00466	0.00598	0.00693	0.00754	0.00430	0.00487	0.00744	0.01025	0.01340	0.04977	0.61271	0.15084	0.01507	0.00642	0.00201	0.00302	0.07955	0.00471	0.00420
17	0.00955	0.00899	0.01517	0.81013	0.03483	0.01123	0.01404	0.01292	0.01011	0.01292	0.00899	0.01348	0.00674	0.00506	0.00506	0.00169	0.00674	0.00449	0.00225	0.00562
18	0.01029	0.00954	0.01496	0.61546	0.08975	0.01152	0.01314	0.01546	0.13978	0.01458	0.01098	0.01431	0.00830	0.00532	0.00507	0.00168	0.00622	0.00470	0.00275	0.00620
19	0.01181	0.01326	0.02848	0.02054	0.02544	0.01252	0.72135	0.01628	0.03386	0.01630	0.01116	0.01545	0.00871	0.00471	0.00598	0.00173	0.00825	0.03469	0.00271	0.00677
20	0.02639	0.01207	0.01447	0.46795	0.06154	0.14086	0.01208	0.03396	0.15057	0.01508	0.01095	0.01358	0.00835	0.00540	0.00496	0.00161	0.00653	0.00448	0.00292	0.00626
21	0.00955	0.00899	0.01517	0.81013	0.03483	0.01123	0.01404	0.01292	0.01011	0.01292	0.00899	0.01348	0.00674	0.00506	0.00506	0.00169	0.00674	0.00449	0.00225	0.00562
22	0.01157	0.00851	0.01272	0.30609	0.06232	0.03040	0.03851	0.01435	0.02660	0.14333	0.01763	0.10888	0.03481	0.00832	0.00563	0.00181	0.00546	0.15331	0.00380	0.00596
23	0.01550	0.03900	0.40730	0.01167	0.01728	0.00985	0.01310	0.01944	0.01239	0.34940	0.02999	0.01491	0.01034	0.00572	0.00495	0.00159	0.00590	0.01984	0.00402	0.00782
24	0.04249	0.12994	0.16705	0.05495	0.07530	0.04647	0.01060	0.03291	0.03344	0.25247	0.03130	0.01646	0.06201	0.00605	0.00478	0.00152	0.00541	0.01575	0.00390	0.00721
25	0.00906	0.01198	0.19783	0.04153	0.01641	0.00837	0.19620	0.01164	0.01011	0.01393	0.01575	0.26791	0.01624	0.01021	0.00778	0.12096	0.00576	0.02983	0.00313	0.00537
26	0.01234	0.01165	0.02045	0.06304	0.62407	0.01162	0.09484	0.01538	0.01150	0.03682	0.01058	0.04538	0.00906	0.00501	0.00517	0.00156	0.00614	0.00507	0.00269	0.00764
27	0.01074	0.16857	0.65894	0.01339	0.02030	0.01322	0.01690	0.01586	0.01060	0.01528	0.00871	0.01022	0.00642	0.00472	0.00453	0.00151	0.00711	0.00355	0.00214	0.00730
28	0.01082	0.01241	0.11706	0.14085	0.32584	0.01105	0.08324	0.01471	0.05635	0.01571	0.03317	0.08614	0.02669	0.00624	0.00570	0.00166	0.03687	0.00573	0.00289	0.00687
29	0.01182	0.01301	0.02684	0.07890	0.02568	0.01265	0.63683	0.01706	0.09144	0.01647	0.01121	0.01417	0.00841	0.00459	0.00581	0.00170	0.00792	0.00583	0.00280	0.00685
30	0.01384	0.13528	0.48534	0.01220	0.01832	0.01181	0.01437	0.01811	0.01159	0.21518	0.01158	0.01199	0.00799	0.00511	0.00465	0.00152	0.00637	0.00394	0.00320	0.00762
31	0.01162	0.01104	0.01782	0.15913	0.53878	0.03358	0.01414	0.01455	0.01137	0.01561	0.01164	0.01842	0.01052	0.00586	0.00526	0.00164	0.00604	0.10312	0.00275	0.00711
32	0.00664	0.00571	0.00715	0.00649	0.00832	0.00496	0.05610	0.00836	0.01216	0.01528	0.20950	0.04391	0.57384	0.01169	0.00597	0.00168	0.00293	0.01002	0.00474	0.00455
33	0.00954	0.00893	0.01503	0.75176	0.06207	0.01100	0.01376	0.01280	0.01015	0.01305	0.00970	0.04280	0.00776	0.00543	0.00510	0.00169	0.00657	0.00485	0.00235	0.00565
34	0.00721	0.00581	0.00928	0.00913	0.01016	0.00549	0.10574	0.00868	0.01013	0.01349	0.02494	0.58658	0.02891	0.04666	0.00724	0.00216	0.00396	0.10558	0.00434	0.00449
35	0.85801	0.00978	0.00743	0.00665	0.00978	0.01134	0.00548	0.01486	0.00861	0.02269	0.00704	0.00821	0.00548	0.00469	0.00313	0.00156	0.00391	0.00274	0.00313	0.00548
36	0.00667	0.00455	0.00603	0.00701	0.00741	0.00424	0.00470	0.00758	0.00983	0.03371	0.04626	0.74635	0.03264	0.04802	0.00718	0.00214	0.00304	0.01371	0.00469	0.00420
37	0.00855	0.01450	0.35035	0.01044	0.01435	0.00812	0.01136	0.01257	0.04106	0.01591	0.11612	0.14651	0.09748	0.00942	0.00566	0.00179	0.00511	0.12110	0.00370	0.00590
38	0.01206	0.04467	0.13735	0.00883	0.01373	0.00816	0.00831	0.01483	0.01100	0.11234	0.01028	0.01125	0.00790	0.00425	0.00406	0.00100	0.00448	0.00336	0.00323	0.57890
39	0.01222	0.00906	0.01106	0.00865	0.04356	0.00705	0.00657	0.01446	0.01107	0.12181	0.01049	0.01148	0.00819	0.00412	0.00398	0.00089	0.00391	0.00334	0.00342	0.70469
40	0.01066	0.06658	0.09274	0.00828	0.01307	0.00816	0.00748	0.01324	0.01049	0.01612	0.00886	0.01034	0.00731	0.00389	0.00382	0.00086	0.00424	0.00305	0.00285	0.70793
41	0.01111	0.01645	0.33034	0.01383	0.11857	0.00966	0.03427	0.01497	0.01089	0.04513	0.00953	0.01117	0.00731	0.00438	0.00445	0.00125	0.00571	0.00366	0.00269	0.34464
42	0.01083	0.00898	0.01052	0.00753	0.01201	0.00676	0.00603	0.01307	0.01060	0.03864	0.00930	0.01068	0.00763	0.00382	0.00378	0.00077	0.00376	0.00306	0.00309	0.82913
43	0.01243	0.01193	0.02038	0.05238	0.77004	0.01199	0.01548	0.01545	0.01148	0.01642	0.00950	0.01254	0.00798	0.00452	0.00501	0.00151	0.00603	0.00451	0.00250	0.00794
44	0.00696	0.00506	0.00655	0.00639	0.00749	0.00465	0.00471	0.00907	0.01352	0.01890	0.64289	0.14692	0.08549	0.01124	0.00603	0.00166	0.00247	0.00995	0.00540	0.00465
45	0.01136	0.01080	0.01817	0.33345	0.47379	0.01173	0.01472	0.01484	0.03369	0.01526	0.00963	0.01308	0.00774	0.00479	0.00503	0.00158	0.00623	0.00454	0.00248	0.00708
46	0.00786	0.00665	0.00939	0.06570	0.15754	0.00643	0.00765	0.00970	0.01105	0.01424	0.03134	0.20504	0.29784	0.01156	0.00600	0.00185	0.00393	0.13701	0.00411	0.00510
47	0.10183	0.01349	0.01406	0.01093	0.01484	0.03766	0.00900	0.60539	0.02112	0.10345	0.01226	0.01215	0.00861	0.00593	0.00486	0.00152	0.00539	0.00439	0.00491	0.00821
48	0.01889	0.02410	0.01433	0.01303	0.01563	0.80199	0.00977	0.02019	0.01433	0.01238	0.00782	0.00912	0.00651	0.00521	0.00456	0.00130	0.00912	0.00326	0.00261	0.00586
49	0.00655	0.00468	0.00631	0.00749	0.00795	0.00444	0.00537	0.00772	0.01007	0.01334	0.02766	0.66951	0.03259	0.01547	0.00656	0.00211	0.00327	0.16000	0.00469	0.00421
50	0.00815	0.00582	0.00815	0.00931	0.01048	0.00582	0.00815	0.01048	0.01164	0.01513	0.02677	0.05704	0.02910	0.01397	0.00698	0.00233	0.00466	0.75671	0.00466	0.00466
51	0.01007	0.00948	0.01599	0.63097	0.18485	0.01120	0.01406	0.01334	0.01052	0.01386	0.03208	0.01401	0.00820	0.00510	0.00507	0.00165	0.00647	0.00463	0.00240	0.00607
52	0.00774	0.00530	0.00694	0.00646	0.00775	0.00487	0.00487	0.01011	0.01432	0.04912	0.75945	0.03701	0.04640	0.01019	0.00593	0.00159	0.00246	0.00899	0.00559	0.00491
53	0.00624	0.00445	0.00595	0.00713	0.00745	0.00417	0.00483	0.00717	0.00976	0.01299	0.02783	0.78983	0.03328	0.01577	0.00647	0.00206	0.00300	0.04279	0.00469	0.00413
54	0.65039	0.01021	0.02996	0.00751	0.01082	0.01104	0.00633	0.01728	0.09107	0.11007	0.01000	0.01043	0.00736	0.00510	0.00361	0.00158	0.00406	0.00335	0.00367	0.00615
55	0.01486	0.08895	0.17486	0.01192	0.01622	0.10717	0.02601	0.24349	0.22576	0.02132	0.01282	0.01300	0.00957	0.00574	0.00483	0.00153	0.00599	0.00442	0.00389	0.00766
56	0.01135	0.14285	0.50123	0.01436	0.02068	0.01285	0.14693	0.01608	0.01106	0.04388	0.02721	0.01166	0.00781	0.00482	0.00481	0.00154	0.00711	0.00414	0.00244	0.00719
57	0.02269	0.00861	0.01174	0.00900	0.01291	0.00743	0.00743	0.02464	0.01447	0.79425	0.01995	0.01721	0.01252	0.00626	0.00509	0.00156	0.00430	0.00509	0.00626	0.00861
58	0.00743	0.00571	0.00687	0.00648	0.00794	0.00542	0.00489	0.01074	0.08764	0.01898	0.56057	0.03822	0.19904	0.01052	0.00589	0.00163	0.00258	0.00913	0.00534	0.00498
59	0.01310	0.01290	0.02566	0.02257	0.21987	0.01233	0.49778	0.04493	0.01245	0.07099	0.01079	0.01355	0.00813	0.00453	0.00563	0.00164	0.00748	0.00548	0.00289	0.00731
60	0.02669	0.81261	0.02620	0.00862	0.01293	0.01987	0.00860	0.01514	0.01025	0.01207	0.00703	0.00811	0.00647	0.00433	0.00324	0.00109	0.00538	0.00270	0.00218	0.00647
61	0.01049	0.00899	0.01049	0.00749	0.01198	0.00674	0.00599	0.01273	0.01049	0.01648	0.00899	0.01049	0.00749	0.00374	0.00374	0.00075	0.00374	0.00300	0.00300	0.85320
62	0.01258	0.01086	0.01143	0.01029	0.01315	0.01258	0.00800	0.02687	0.78161	0.02115	0.02058	0.01887	0.01544	0.00686	0.00515	0.00172	0.00400	0.00572	0.00515	0.00800
63	0.01496	0.01066	0.01735	0.12978	0.47175	0.01063	0.01306	0.01772	0.01215	0.23322	0.01236	0.01396	0.00910	0.00507	0.00503	0.00154	0.00563	0.00467	0.00352	0.00785
64	0.00688	0.00514	0.00644	0.00648	0.00769	0.00470	0.00492	0.00884	0.01286	0.01737	0.45051	0.13147	0.21207	0.01192	0.00614	0.00175	0.00274	0.09235	0.00517	0.00457
65	0.01024	0.02554	0.76439	0.01425	0.02153	0.01178	0.01825	0.01645	0.04181	0.01622	0.00954	0.01101	0.00677	0.00489	0.00482	0.00161	0.00733	0.00382	0.00226	0.00749
66	0.02007	0.00889	0.01303	0.01086	0.04812	0.00795	0.05940	0.02248	0.02772	0.62580	0.01944	0.02025	0.01348	0.00673	0.00531	0.00164	0.00469	0.07036	0.00568	0.00811
67	0.01037	0.01293	0.14696	0.24899	0.03931	0.01290	0.06629	0.01320	0.00939	0.01344	0.00887	0.04284	0.00776	0.00690	0.00983	0.00190	0.33500	0.00482	0.00234	0.00597
68	0.00700	0.00516	0.00654	0.00620	0.00746	0.00471	0.00465	0.00924	0.01395	0.01941	0.69144	0.03920	0.14489	0.01066	0.00597	0.00161	0.00241	0.00935	0.00545	0.00471
69	0.01170	0.01291	0.04518	0.55273	0.08133	0.16946	0.01336	0.01493	0.02529	0.01333	0.00901	0.01254	0.00693	0.00507	0.00495	0.00159	0.00714	0.00424	0.00239	0.00594
70	0.01474	0.02434	0.12272	0.29998	0.04349	0.01077	0.04363	0.07793	0.03958	0.25289	0.01302	0.01421	0.00897	0.00547	0.00504	0.00161	0.00595	0.00465	0.00379	0.00723
71	0.01276	0.01704	0.27585	0.01746	0.02318	0.01175	0.42774	0.01725	0.01186	0.11818	0.01113	0.01315	0.00790	0.00470	0.00547	0.00165	0.00763	0.00513	0.00291	0.00727
72	0.00933	0.00592	0.00761	0.00776	0.00945	0.00548	0.00647	0.01131	0.01225	0.11742	0.11133	0.04743	0.24694	0.01225	0.00634	0.00197	0.00377	0.36692	0.00497	0.00507
73	0.01937	0.01005	0.07712	0.01085	0.06200	0.00792	0.02430	0.02174	0.01373	0.59630	0.05305	0.04272	0.02387	0.00655	0.00517	0.00158	0.00461	0.00550	0.00551	0.00807
74	0.01224	0.02984	0.27815	0.02132	0.32561	0.01160	0.12594	0.01626	0.01150	0.07309	0.01083	0.01399	0.00852	0.00505	0.00513	0.00159	0.00668	0.03237	0.00274	0.00755
75	0.00955	0.00899	0.01517	0.81013	0.03483	0.01123	0.01404	0.01292	0.01011	0.01292	0.00899	0.01348	0.00674	0.00506	0.00506	0.00169	0.00674	0.00449	0.00225	0.00562
76	0.01118	0.01358	0.13859	0.07531	0.10311	0.01166	0.33056	0.01466	0.01083	0.03784	0.01123	0.07013	0.00971	0.03845	0.00763	0.00187	0.09861	0.00581	0.00271	0.00652
77	0.01170	0.09096	0.07624	0.09948	0.30943	0.02710	0.17914	0.01510	0.02680	0.01520	0.01022	0.04192	0.00869	0.00613	0.02889	0.00177	0.03673	0.00498	0.00256	0.00695
78	0.06171	0.06493	0.01354	0.04159	0.13751	0.03256	0.00882	0.02040	0.13332	0.33758	0.03828	0.01764	0.05733	0.00627	0.00491	0.00155	0.00466	0.00516	0.00468	0.00756
79	0.01106	0.01106	0.01549	0.01328	0.01328	0.01549	0.01106	0.01217	0.00774	0.01217	0.00664	0.01106	0.00664	0.00885	0.01659	0.00221	0.81303	0.00443	0.00221	0.00553
80	0.00929	0.01836	0.48070	0.01224	0.01741	0.00963	0.05615	0.01413	0.04074	0.01642	0.12700	0.09590	0.05062	0.00727	0.00531	0.00167	0.00594	0.02150	0.00319	0.00654
81	0.01231	0.19836	0.34194	0.06744	0.06733	0.01337	0.10338	0.01672	0.04056	0.07787	0.01009	0.01159	0.00753	0.00483	0.00466	0.00150	0.00661	0.00405	0.00267	0.00720
82	0.01753	0.00928	0.01287	0.13685	0.01691	0.00929	0.03737	0.08258	0.09282	0.42740	0.01791	0.01994	0.01294	0.00676	0.00529	0.00167	0.00495	0.07488	0.00512	0.00764
83	0.01889	0.02410	0.01433	0.01303	0.01563	0.80199	0.00977	0.02019	0.01433	0.01238	0.00782	0.00912	0.00651	0.00521	0.00456	0.00130	0.00912	0.00326	0.00261	0.00586
84	0.01571	0.01343	0.21370	0.01132	0.03287	0.03164	0.06488	0.01872	0.01273	0.37451	0.02019	0.04103	0.11269	0.00679	0.00521	0.00161	0.00533	0.00572	0.00450	0.00740
85	0.04044	0.03176	0.28256	0.01179	0.04060	0.00976	0.02642	0.04212	0.01304	0.42813	0.01485	0.01417	0.00975	0.00558	0.00491	0.00157	0.00558	0.00449	0.00445	0.00803
86	0.00955	0.00899	0.01517	0.81013	0.03483	0.01123	0.01404	0.01292	0.01011	0.01292	0.00899	0.01348	0.00674	0.00506	0.00506	0.00169	0.00674	0.00449	0.00225	0.00562
87	0.01282	0.01154	0.01949	0.04010	0.70811	0.01152	0.01478	0.01575	0.01165	0.05677	0.01074	0.01457	0.00908	0.00499	0.00509	0.00154	0.00587	0.03492	0.00278	0.00787
88	0.00616	0.00440	0.00587	0.00704	0.00733	0.00411	0.00469	0.00704	0.00968	0.01291	0.02787	0.81899	0.03344	0.01584	0.00645	0.00205	0.00293	0.01438	0.00469	0.00411
89	0.01290	0.01102	0.01162	0.01036	0.01327	0.01273	0.00808	0.06326	0.74470	0.02168	0.02017	0.01854	0.01510	0.00682	0.00514	0.00171	0.00408	0.00566	0.00514	0.00803
