[name]
unknown

[dist]
# distance from previous block
# <min> <max>
0	921

[block]
# block no. 0 follows, 57 sequences, length 17
# corresponding to MSA columns:
# 1057-1073
name=unknown_A
#
# <colnr> <probs for GDERKNQSTAVLIFYWHMCP>
#	G	D	E	R	K	N	Q	S	T	A	V	L	I	F	Y	W	H	M	C	P
0	0.00952	0.00819	0.00991	0.00721	0.01101	0.00652	0.02439	0.03101	0.00979	0.01513	0.03948	0.01047	0.00813	0.00378	0.00384	0.00078	0.02682	0.00303	0.00279	0.76820
1	0.01131	0.02271	0.12729	0.02609	0.03595	0.02354	0.02823	0.12505	0.02030	0.08538	0.04177	0.05793	0.00992	0.00558	0.01763	0.00127	0.03064	0.00417	0.00321	0.32203
2	0.05937	0.11705	0.01331	0.04065	0.05274	0.30902	0.02265	0.04643	0.01109	0.04452	0.00956	0.06846	0.00870	0.00554	0.00465	0.00127	0.04907	0.03264	0.00273	0.10055
3	0.10312	0.00449	0.00595	0.00587	0.00618	0.00464	0.00399	0.00675	0.00613	0.00928	0.00796	0.01371	0.00790	0.04810	0.01629	0.73744	0.00391	0.00388	0.00209	0.00232
4	0.01059	0.02647	0.28136	0.16457	0.05405	0.00917	0.04309	0.03752	0.01801	0.12825	0.01947	0.07319	0.00999	0.03035	0.03838	0.00181	0.02069	0.02415	0.00289	0.00600
5	0.01148	0.02435	0.24752	0.08950	0.04787	0.04465	0.09040	0.01557	0.08135	0.15348	0.04631	0.02959	0.03973	0.00541	0.00458	0.00142	0.00535	0.01676	0.00320	0.04147
6	0.10315	0.04001	0.01140	0.00897	0.01109	0.00776	0.16634	0.01057	0.03388	0.01480	0.17862	0.04430	0.21342	0.02591	0.00609	0.00161	0.06448	0.04931	0.00355	0.00475
7	0.00733	0.00532	0.00697	0.00702	0.00791	0.00563	0.00519	0.09428	0.00967	0.01322	0.05741	0.33216	0.03278	0.05298	0.30325	0.02596	0.00644	0.01877	0.00352	0.00421
8	0.04739	0.08629	0.27061	0.02676	0.01549	0.15874	0.03725	0.14960	0.01248	0.10637	0.01029	0.02843	0.02058	0.00499	0.00424	0.00134	0.00593	0.00381	0.00299	0.00641
9	0.20532	0.01217	0.01032	0.06067	0.04925	0.27965	0.03116	0.01369	0.04293	0.01414	0.04375	0.14707	0.02418	0.01993	0.00483	0.00148	0.02639	0.00514	0.00295	0.00499
10	0.00613	0.00499	0.00559	0.00537	0.00693	0.00428	0.00399	0.00774	0.02715	0.01359	0.17007	0.15554	0.45666	0.01049	0.00518	0.00146	0.00246	0.00897	0.00418	0.09923
11	0.01013	0.00968	0.05948	0.37358	0.21847	0.00991	0.03517	0.01417	0.09745	0.05701	0.03482	0.01445	0.00927	0.00503	0.00463	0.00148	0.00539	0.03114	0.00272	0.00602
12	0.01023	0.01282	0.22702	0.02377	0.16127	0.01993	0.08563	0.05548	0.03852	0.05335	0.01346	0.07343	0.07235	0.00593	0.00497	0.02773	0.00512	0.00495	0.00287	0.10118
13	0.00844	0.00620	0.00846	0.00872	0.01010	0.00635	0.02957	0.09622	0.01140	0.01497	0.02139	0.04373	0.02269	0.04280	0.03241	0.00224	0.00462	0.62108	0.00405	0.00456
14	0.00822	0.00760	0.01267	0.73911	0.02849	0.00936	0.01166	0.01100	0.00902	0.01158	0.00992	0.10307	0.00868	0.00560	0.00467	0.00155	0.00566	0.00500	0.00226	0.00488
15	0.01440	0.06794	0.03498	0.05901	0.17514	0.05082	0.00927	0.23677	0.04907	0.17445	0.01289	0.05681	0.02693	0.00560	0.00448	0.00138	0.00485	0.00461	0.00376	0.00685
16	0.04730	0.04401	0.05315	0.06925	0.11076	0.10888	0.02330	0.15107	0.02970	0.07185	0.01186	0.06800	0.03849	0.00614	0.02111	0.00143	0.02466	0.00448	0.00318	0.11137

[dist]
# distance from previous block
# <min> <max>
3	31

[block]
# block no. 1 follows, 57 sequences, length 13
# corresponding to MSA columns:
# 1107-1119
name=unknown_B
#
# <colnr> <probs for GDERKNQSTAVLIFYWHMCP>
#	G	D	E	R	K	N	Q	S	T	A	V	L	I	F	Y	W	H	M	C	P
0	0.00701	0.00555	0.00768	0.09704	0.00998	0.00589	0.00577	0.00912	0.01181	0.01670	0.63981	0.02901	0.03496	0.00861	0.00623	0.00149	0.08725	0.00730	0.00435	0.00443
1	0.01123	0.66637	0.02194	0.00856	0.01225	0.01572	0.08767	0.01289	0.00948	0.01123	0.01095	0.01177	0.09451	0.00471	0.00343	0.00109	0.00485	0.00351	0.00222	0.00563
2	0.01282	0.05315	0.04831	0.01137	0.01500	0.03579	0.16682	0.20867	0.25131	0.04398	0.01228	0.01263	0.00915	0.00497	0.00450	0.00136	0.00506	0.00437	0.00365	0.09480
3	0.00865	0.00576	0.00836	0.00856	0.02924	0.00552	0.04115	0.01069	0.01092	0.10235	0.13459	0.06509	0.07603	0.01119	0.02463	0.00195	0.00405	0.44228	0.00428	0.00469
4	0.63495	0.06354	0.01068	0.00798	0.01113	0.01121	0.09254	0.09343	0.00952	0.01990	0.00709	0.00825	0.00547	0.00427	0.00327	0.00138	0.00420	0.00294	0.00287	0.00538
5	0.00999	0.00539	0.00666	0.08946	0.00944	0.00526	0.00496	0.01198	0.01000	0.14002	0.03921	0.10655	0.01362	0.00623	0.00389	0.00123	0.00292	0.00523	0.46725	0.06070
6	0.02791	0.17635	0.36951	0.01085	0.01555	0.01186	0.02925	0.07078	0.01067	0.14948	0.00942	0.01025	0.00685	0.00482	0.00501	0.00138	0.07724	0.00351	0.00276	0.00657
7	0.01033	0.01186	0.11653	0.14672	0.28943	0.02255	0.15619	0.03984	0.03704	0.01463	0.03094	0.01431	0.00897	0.00498	0.00507	0.00148	0.03140	0.04896	0.00251	0.00626
8	0.06574	0.00613	0.00667	0.00640	0.00795	0.03893	0.00480	0.01188	0.03929	0.15638	0.02008	0.27620	0.07375	0.02648	0.00498	0.00153	0.00314	0.03053	0.19078	0.02836
9	0.11103	0.00718	0.00915	0.03003	0.01056	0.00726	0.02442	0.04400	0.04251	0.21856	0.06436	0.01642	0.01218	0.04308	0.20553	0.00290	0.02024	0.01816	0.01550	0.09692
10	0.01152	0.41709	0.05508	0.02828	0.01289	0.03780	0.05205	0.07226	0.08346	0.01381	0.03380	0.02950	0.00862	0.00491	0.00403	0.02308	0.00479	0.00354	0.00264	0.10085
11	0.01274	0.03829	0.08876	0.06823	0.05727	0.12818	0.03521	0.11987	0.16030	0.08878	0.01222	0.06422	0.00990	0.01658	0.00496	0.00142	0.02667	0.00457	0.00340	0.05844
12	0.02517	0.06868	0.03877	0.02865	0.07104	0.06944	0.01664	0.09709	0.09612	0.04031	0.11970	0.12406	0.03946	0.00678	0.00475	0.00135	0.02375	0.00565	0.00356	0.11904

[dist]
# distance from previous block
# <min> <max>
0	14

[block]
# block no. 2 follows, 57 sequences, length 25
# corresponding to MSA columns:
# 1134-1143,1153-1167
name=unknown_C
#
# <colnr> <probs for GDERKNQSTAVLIFYWHMCP>
#	G	D	E	R	K	N	Q	S	T	A	V	L	I	F	Y	W	H	M	C	P
0	0.01170	0.15903	0.05149	0.00864	0.01196	0.02315	0.03404	0.15323	0.06618	0.06611	0.01194	0.12669	0.01070	0.00583	0.00429	0.00121	0.01714	0.00475	0.00334	0.22857
1	0.01039	0.04896	0.02273	0.00721	0.01097	0.00735	0.00592	0.02804	0.09121	0.06110	0.02198	0.01119	0.00839	0.01961	0.00397	0.00092	0.00356	0.00322	0.00307	0.63021
2	0.01016	0.01133	0.10291	0.14855	0.40178	0.01074	0.03817	0.01323	0.03302	0.01385	0.02249	0.02532	0.00785	0.00496	0.00589	0.00147	0.11495	0.00421	0.00230	0.02683
3	0.01017	0.09971	0.13978	0.02511	0.01155	0.05119	0.01797	0.03264	0.08612	0.09766	0.28475	0.03290	0.07816	0.00695	0.00467	0.00139	0.00403	0.00580	0.00388	0.00559
4	0.02171	0.00913	0.03073	0.24147	0.12655	0.00965	0.12430	0.10565	0.01062	0.02677	0.01065	0.01638	0.00930	0.09182	0.07658	0.00230	0.02589	0.05229	0.00269	0.00550
5	0.00947	0.00857	0.01360	0.72838	0.02904	0.01056	0.01212	0.09203	0.01027	0.01330	0.00830	0.01191	0.00621	0.00470	0.00475	0.00150	0.02368	0.00403	0.00227	0.00531
6	0.00644	0.00450	0.00575	0.00586	0.00616	0.00474	0.00387	0.00706	0.00704	0.00965	0.01470	0.11096	0.01619	0.48650	0.28599	0.00508	0.00677	0.00668	0.00279	0.00327
7	0.01245	0.01128	0.03688	0.01566	0.01935	0.01101	0.49727	0.03449	0.01076	0.15925	0.01027	0.01236	0.00752	0.00483	0.00664	0.00157	0.13434	0.00492	0.00289	0.00627
8	0.00835	0.00648	0.00743	0.00717	0.02326	0.02166	0.00524	0.03794	0.19046	0.03114	0.31895	0.12267	0.09124	0.05259	0.00610	0.00165	0.01274	0.00748	0.04247	0.00499
9	0.00552	0.00394	0.00526	0.00631	0.00657	0.00368	0.00421	0.00631	0.00868	0.01157	0.02498	0.83779	0.02997	0.01420	0.00578	0.00184	0.00263	0.01288	0.00421	0.00368
10	0.00632	0.00487	0.00582	0.00575	0.00692	0.00455	0.00424	0.00872	0.06776	0.01549	0.41165	0.17111	0.24905	0.01048	0.00537	0.00153	0.00237	0.00914	0.00462	0.00426
11	0.11778	0.01055	0.01175	0.00911	0.01260	0.01110	0.00752	0.44395	0.01690	0.29383	0.01271	0.01201	0.00857	0.00535	0.00434	0.00138	0.00443	0.00405	0.00470	0.00738
12	0.00768	0.00548	0.00674	0.00695	0.00792	0.00549	0.00497	0.08553	0.07911	0.03825	0.10323	0.57989	0.02717	0.01189	0.00548	0.00171	0.00293	0.01063	0.00439	0.00455
13	0.00707	0.00518	0.00739	0.00820	0.00923	0.00511	0.02523	0.00899	0.01019	0.01327	0.02448	0.15859	0.05134	0.01251	0.00614	0.00202	0.00398	0.63281	0.00413	0.00414
14	0.00564	0.00403	0.00539	0.00644	0.00676	0.00378	0.00441	0.00651	0.00879	0.01170	0.02491	0.78654	0.02972	0.01409	0.00581	0.00186	0.00273	0.06299	0.00420	0.00371
15	0.01723	0.01269	0.01360	0.01043	0.01405	0.01405	0.00861	0.79738	0.02131	0.02856	0.01088	0.01088	0.00771	0.00544	0.00453	0.00136	0.00499	0.00408	0.00453	0.00771
16	0.01776	0.01184	0.01307	0.01002	0.01363	0.01279	0.00828	0.66499	0.01988	0.16295	0.01207	0.01166	0.00831	0.00547	0.00454	0.00137	0.00479	0.00416	0.00472	0.00771
17	0.01070	0.01222	0.02674	0.01910	0.02368	0.01146	0.79603	0.01451	0.01070	0.01451	0.00917	0.01222	0.00688	0.00382	0.00535	0.00153	0.00764	0.00535	0.00229	0.00611
18	0.01188	0.01004	0.01059	0.00934	0.01202	0.01156	0.00732	0.10326	0.72412	0.01994	0.01767	0.01629	0.01320	0.00608	0.00460	0.00152	0.00373	0.00502	0.00460	0.00723
19	0.01102	0.01045	0.01719	0.08726	0.67073	0.01076	0.01312	0.01477	0.09152	0.01498	0.00950	0.01186	0.00777	0.00429	0.00450	0.00138	0.00525	0.00415	0.00247	0.00701
20	0.04135	0.78744	0.04985	0.00787	0.01180	0.01742	0.00796	0.01359	0.00917	0.01111	0.00636	0.00735	0.00578	0.00390	0.00295	0.00100	0.00486	0.00246	0.00197	0.00581
21	0.03749	0.01230	0.14943	0.01318	0.04189	0.02352	0.25701	0.01517	0.12735	0.05398	0.09230	0.01424	0.01143	0.00527	0.00567	0.00148	0.08146	0.00480	0.00301	0.04900
22	0.00777	0.00593	0.00810	0.05174	0.09111	0.00584	0.00600	0.01074	0.07318	0.04256	0.52381	0.04042	0.08405	0.00839	0.00516	0.00145	0.00290	0.02147	0.00446	0.00491
23	0.01177	0.01151	0.01022	0.00934	0.01162	0.18370	0.00722	0.02043	0.51217	0.01691	0.09735	0.01858	0.01573	0.00649	0.00466	0.00148	0.00445	0.04592	0.00414	0.00631
24	0.01521	0.03071	0.01176	0.03699	0.01239	0.11680	0.00777	0.12787	0.01210	0.30417	0.01208	0.01329	0.00899	0.03887	0.08513	0.00213	0.14952	0.00420	0.00377	0.00624

[dist]
# distance from previous block
# <min> <max>
0	1

[block]
# block no. 3 follows, 57 sequences, length 8
# corresponding to MSA columns:
# 1169-1176
name=unknown_D
#
# <colnr> <probs for GDERKNQSTAVLIFYWHMCP>
#	G	D	E	R	K	N	Q	S	T	A	V	L	I	F	Y	W	H	M	C	P
0	0.07838	0.01004	0.11679	0.00978	0.03496	0.00805	0.07991	0.03177	0.07648	0.32890	0.14498	0.01725	0.03066	0.00588	0.00461	0.00143	0.00428	0.00503	0.00429	0.00652
1	0.01786	0.00732	0.00975	0.00770	0.01079	0.00651	0.00628	0.02018	0.04991	0.65626	0.10819	0.01765	0.01495	0.00604	0.00460	0.00140	0.00358	0.00499	0.03890	0.00716
2	0.00894	0.00626	0.00774	0.00801	0.00949	0.02964	0.00674	0.01193	0.08618	0.08774	0.09705	0.04125	0.07633	0.01068	0.00574	0.00185	0.00389	0.49140	0.00437	0.00480
3	0.03037	0.02014	0.06270	0.07394	0.06687	0.04477	0.19811	0.03422	0.04043	0.03220	0.02629	0.14045	0.04971	0.00735	0.02491	0.00163	0.02831	0.03895	0.01348	0.06517
4	0.03266	0.01286	0.06948	0.39368	0.13744	0.19999	0.01168	0.04385	0.01070	0.03406	0.00820	0.01080	0.00631	0.00453	0.00436	0.00139	0.00633	0.00370	0.00232	0.00568
5	0.00560	0.00407	0.00531	0.00626	0.00668	0.00378	0.00430	0.00649	0.00892	0.01173	0.02684	0.72336	0.10120	0.01386	0.00577	0.00182	0.00268	0.05341	0.00420	0.00372
6	0.03196	0.00930	0.01487	0.16274	0.16723	0.02282	0.15461	0.03337	0.08237	0.02536	0.01184	0.06112	0.03152	0.06441	0.03537	0.00193	0.07564	0.00518	0.00273	0.00563
7	0.01155	0.05580	0.27177	0.09008	0.11132	0.08766	0.07263	0.05875	0.10935	0.05747	0.01029	0.02564	0.00786	0.00480	0.00443	0.00140	0.00590	0.00405	0.00275	0.00649

[dist]
# distance from previous block
# <min> <max>
0	113

[block]
# block no. 4 follows, 57 sequences, length 42
# corresponding to MSA columns:
# 1294-1308,1318,1320-1345
name=unknown_E
#
# <colnr> <probs for GDERKNQSTAVLIFYWHMCP>
#	G	D	E	R	K	N	Q	S	T	A	V	L	I	F	Y	W	H	M	C	P
0	0.20497	0.04773	0.03369	0.14942	0.01462	0.04985	0.01725	0.04353	0.00885	0.02629	0.00792	0.01050	0.01565	0.00729	0.05867	0.00188	0.23641	0.00357	0.00244	0.05946
1	0.68336	0.00824	0.00684	0.00630	0.00875	0.00941	0.00503	0.03501	0.04769	0.01926	0.00968	0.12529	0.00897	0.00575	0.00336	0.00147	0.00343	0.00411	0.00314	0.00493
2	0.00629	0.00430	0.00534	0.00590	0.00658	0.00396	0.00405	0.00736	0.00883	0.01258	0.02237	0.59892	0.04615	0.03991	0.00577	0.00171	0.00264	0.01048	0.14458	0.06228
3	0.01265	0.09370	0.01192	0.00936	0.02450	0.11209	0.00734	0.11516	0.42702	0.03464	0.03338	0.01441	0.01167	0.00562	0.00428	0.00137	0.00434	0.00443	0.06551	0.00660
4	0.00906	0.00553	0.00702	0.00637	0.00816	0.00479	0.00482	0.01065	0.01096	0.16009	0.24869	0.23622	0.10939	0.00929	0.00504	0.00144	0.00281	0.02195	0.00446	0.13327
5	0.03438	0.32796	0.34832	0.01030	0.01512	0.03814	0.03251	0.02436	0.04294	0.03420	0.00857	0.03172	0.00696	0.00452	0.00381	0.00125	0.00558	0.00338	0.00229	0.02370
6	0.07703	0.03243	0.01250	0.02152	0.08073	0.23963	0.00827	0.21723	0.05256	0.17126	0.01191	0.01200	0.03250	0.00522	0.00428	0.00132	0.00546	0.00391	0.00370	0.00655
7	0.00581	0.00456	0.00530	0.00555	0.00672	0.00405	0.00420	0.00718	0.01049	0.01334	0.17531	0.18501	0.43849	0.01170	0.00554	0.00163	0.00256	0.10430	0.00434	0.00392
8	0.00870	0.09736	0.00903	0.00784	0.04813	0.00636	0.01482	0.01024	0.02868	0.11241	0.07671	0.41675	0.08209	0.02733	0.00552	0.00166	0.00327	0.03430	0.00404	0.00475
9	0.02650	0.06629	0.10929	0.04152	0.25376	0.06722	0.06851	0.06533	0.01158	0.20994	0.01103	0.03058	0.00828	0.00481	0.00442	0.00136	0.00540	0.00418	0.00320	0.00680
10	0.01011	0.00669	0.00800	0.00748	0.00932	0.00684	0.00584	0.01516	0.25478	0.14621	0.16092	0.12038	0.08543	0.03149	0.00565	0.00168	0.00326	0.11055	0.00465	0.00557
11	0.01206	0.35630	0.14312	0.01048	0.07827	0.02662	0.00938	0.13108	0.01131	0.02526	0.00791	0.00897	0.00642	0.00414	0.00362	0.00109	0.00499	0.00303	0.00253	0.15342
12	0.01101	0.19544	0.25056	0.00934	0.01354	0.03239	0.02179	0.02597	0.04738	0.09300	0.06613	0.03400	0.02811	0.00511	0.00418	0.00123	0.01575	0.00401	0.00291	0.13816
13	0.06430	0.08040	0.18206	0.01158	0.09149	0.02385	0.02764	0.16730	0.05881	0.16958	0.01090	0.01123	0.00783	0.00474	0.00418	0.00131	0.00498	0.00375	0.00344	0.07066
14	0.00971	0.06467	0.16811	0.06916	0.09915	0.01004	0.03805	0.01608	0.27424	0.01588	0.11724	0.03767	0.02755	0.00609	0.00463	0.00147	0.00456	0.02606	0.00342	0.00621
15	0.00552	0.00416	0.00512	0.00580	0.00646	0.00375	0.00400	0.00648	0.00935	0.01210	0.07168	0.57707	0.24572	0.01319	0.00564	0.00173	0.00251	0.01172	0.00425	0.00375
16	0.23032	0.07859	0.15886	0.01219	0.10186	0.13143	0.07859	0.05850	0.01069	0.08696	0.00851	0.00963	0.00640	0.00441	0.00393	0.00134	0.00556	0.00339	0.00274	0.00611
17	0.07041	0.03586	0.28140	0.02246	0.11371	0.10271	0.12029	0.07001	0.05928	0.06731	0.00947	0.01071	0.00701	0.00451	0.00436	0.00139	0.00608	0.00382	0.00270	0.00652
18	0.00625	0.00432	0.00555	0.00623	0.00680	0.00411	0.00436	0.00724	0.00899	0.03463	0.02571	0.60798	0.11462	0.02503	0.02792	0.00194	0.01792	0.03669	0.04983	0.00388
19	0.00537	0.00453	0.00466	0.00476	0.00617	0.00381	0.00352	0.00648	0.01016	0.01217	0.04382	0.12287	0.73273	0.01175	0.00540	0.00156	0.00233	0.00989	0.00421	0.00381
20	0.04480	0.00723	0.00973	0.12339	0.05893	0.04467	0.01904	0.03161	0.00865	0.04612	0.01130	0.01559	0.02764	0.04605	0.35054	0.05971	0.05983	0.00451	0.02602	0.00462
21	0.01004	0.00825	0.01092	0.01071	0.15761	0.00699	0.01727	0.03545	0.01041	0.04711	0.08262	0.01308	0.02450	0.00437	0.00388	0.00095	0.00369	0.00375	0.02645	0.52193
22	0.00635	0.00459	0.00600	0.00574	0.00676	0.00424	0.00427	0.00840	0.01255	0.01772	0.75695	0.08827	0.04189	0.00960	0.00537	0.00145	0.00217	0.00851	0.00494	0.00424
23	0.79330	0.00913	0.00730	0.00637	0.00925	0.01053	0.00525	0.08614	0.00897	0.02109	0.00673	0.00769	0.00517	0.00432	0.00296	0.00140	0.00364	0.00260	0.00296	0.00517
24	0.00652	0.00436	0.00496	0.00503	0.00505	0.00434	0.00284	0.00657	0.00673	0.00897	0.01500	0.08436	0.01739	0.78480	0.02189	0.00422	0.00427	0.00702	0.00284	0.00281
25	0.00873	0.00584	0.00843	0.00782	0.00833	0.00693	0.00601	0.00891	0.00712	0.06424	0.00961	0.01437	0.00884	0.01900	0.27561	0.32147	0.19359	0.00429	0.01709	0.00374
26	0.01203	0.01243	0.01521	0.16360	0.30443	0.18163	0.04980	0.04566	0.08608	0.01435	0.00915	0.01118	0.00729	0.00446	0.00439	0.00132	0.00588	0.00388	0.00257	0.06466
27	0.01173	0.01214	0.01329	0.36102	0.10779	0.21327	0.01062	0.05796	0.12363	0.01378	0.00980	0.02781	0.00778	0.00498	0.00445	0.00141	0.00603	0.00408	0.00267	0.00574
28	0.01122	0.01077	0.01839	0.02781	0.81248	0.01077	0.01391	0.01391	0.01032	0.01480	0.00852	0.01122	0.00718	0.00404	0.00449	0.00135	0.00538	0.00404	0.00224	0.00718
29	0.01477	0.00751	0.00938	0.00778	0.01049	0.00727	0.00622	0.01940	0.21400	0.42808	0.18315	0.02031	0.03786	0.00665	0.00475	0.00144	0.00339	0.00558	0.00519	0.00677
30	0.05467	0.03888	0.07597	0.05014	0.34736	0.03232	0.12468	0.03858	0.04464	0.03163	0.07286	0.03315	0.02501	0.00502	0.00457	0.00140	0.00530	0.00470	0.00278	0.00635
31	0.00836	0.00778	0.00810	0.00785	0.00879	0.14516	0.00592	0.00968	0.00813	0.01040	0.01138	0.01748	0.01091	0.13129	0.56103	0.00574	0.03072	0.00472	0.00244	0.00411
32	0.00551	0.00444	0.00492	0.00518	0.00635	0.00385	0.00378	0.00666	0.01008	0.01250	0.09186	0.24402	0.54395	0.01204	0.00548	0.00161	0.00241	0.02726	0.00426	0.00383
33	0.01094	0.01059	0.01838	0.10318	0.69664	0.01074	0.05540	0.01372	0.01022	0.01448	0.00851	0.01135	0.00705	0.00407	0.00454	0.00137	0.00557	0.00411	0.00222	0.00692
34	0.02332	0.02249	0.07598	0.10459	0.28453	0.03438	0.19656	0.03623	0.01092	0.13723	0.01026	0.02541	0.00780	0.00452	0.00466	0.00142	0.00584	0.00445	0.00282	0.00660
35	0.01236	0.00820	0.00939	0.00831	0.01081	0.00871	0.00661	0.02015	0.44545	0.20703	0.05882	0.02246	0.08347	0.00715	0.00483	0.00154	0.00352	0.06976	0.00480	0.00663
36	0.01650	0.00882	0.01053	0.00850	0.01160	0.00891	0.00688	0.15400	0.21647	0.41550	0.03826	0.01560	0.01217	0.00580	0.00452	0.00141	0.00384	0.00470	0.04867	0.00730
37	0.02065	0.01335	0.22002	0.05476	0.13997	0.03547	0.17717	0.03551	0.02262	0.11103	0.05920	0.04685	0.03206	0.00528	0.00473	0.00145	0.00569	0.00492	0.00296	0.00631
38	0.00572	0.00479	0.00512	0.02826	0.00711	0.00424	0.00398	0.00725	0.03084	0.01246	0.04151	0.09528	0.67611	0.01127	0.00534	0.00156	0.00252	0.03595	0.01672	0.00395
39	0.00603	0.00401	0.00506	0.00589	0.00633	0.00378	0.00400	0.00706	0.00887	0.01252	0.02385	0.66919	0.05134	0.01255	0.00531	0.00169	0.00253	0.01126	0.15495	0.00378
40	0.00912	0.00771	0.01259	0.18569	0.18558	0.00799	0.08433	0.01168	0.03186	0.06028	0.11071	0.14902	0.07201	0.00733	0.00521	0.00154	0.02129	0.02740	0.00328	0.00539
41	0.01125	0.40239	0.22405	0.02128	0.03920	0.02659	0.05139	0.04661	0.02666	0.03431	0.02625	0.02606	0.00809	0.00504	0.01350	0.00131	0.00547	0.02205	0.00240	0.00610

[dist]
# distance from previous block
# <min> <max>
0	3

[block]
# block no. 5 follows, 57 sequences, length 27
# corresponding to MSA columns:
# 1349-1351,1356-1361,1364-1381
name=unknown_F
#
# <colnr> <probs for GDERKNQSTAVLIFYWHMCP>
#	G	D	E	R	K	N	Q	S	T	A	V	L	I	F	Y	W	H	M	C	P
0	0.01142	0.09105	0.08693	0.09458	0.29596	0.08525	0.22685	0.01439	0.01042	0.02810	0.00845	0.01086	0.00669	0.00412	0.00453	0.00137	0.00635	0.00409	0.00225	0.00635
1	0.00693	0.00575	0.03563	0.00730	0.00805	0.00612	0.00571	0.00811	0.00713	0.01020	0.01172	0.01904	0.01155	0.18945	0.53113	0.05212	0.07279	0.00503	0.00241	0.00384
2	0.20445	0.31478	0.02939	0.01001	0.04070	0.21635	0.06064	0.05244	0.01051	0.01424	0.00700	0.00820	0.00583	0.00423	0.00350	0.00119	0.00562	0.00290	0.00239	0.00565
3	0.59962	0.00979	0.00849	0.02381	0.02941	0.04493	0.00602	0.14751	0.01046	0.03400	0.00777	0.00895	0.00599	0.01812	0.00360	0.00142	0.00403	0.00297	0.02764	0.00545
4	0.01194	0.76374	0.04163	0.00871	0.01270	0.01729	0.06626	0.01366	0.00933	0.01103	0.00655	0.00769	0.00589	0.00388	0.00312	0.00102	0.00509	0.00266	0.00196	0.00586
5	0.00551	0.00460	0.00480	0.00475	0.00621	0.00389	0.00356	0.00680	0.01069	0.01309	0.15570	0.04221	0.70032	0.01116	0.00535	0.00152	0.00227	0.00937	0.00432	0.00389
6	0.00940	0.00805	0.00940	0.00671	0.01074	0.00604	0.00537	0.01141	0.00940	0.01477	0.00805	0.00940	0.00671	0.00336	0.00336	0.00067	0.00336	0.00268	0.00268	0.86845
7	0.08551	0.24065	0.04664	0.03552	0.12429	0.09628	0.02990	0.08719	0.01106	0.08342	0.00879	0.01001	0.00696	0.00534	0.03132	0.00139	0.00535	0.00334	0.01950	0.06753
8	0.01378	0.03953	0.01207	0.00975	0.01273	0.05856	0.00781	0.30450	0.44798	0.02172	0.01464	0.01390	0.01088	0.00573	0.00450	0.00143	0.00440	0.00453	0.00436	0.00721
9	0.00674	0.00458	0.00568	0.00562	0.00669	0.00413	0.00410	0.00798	0.01073	0.05307	0.33714	0.18677	0.24915	0.02543	0.00661	0.06569	0.00253	0.00895	0.00439	0.00401
10	0.01113	0.14800	0.47384	0.01304	0.08741	0.03888	0.03590	0.03038	0.03233	0.07507	0.00895	0.01006	0.00659	0.00439	0.00416	0.00135	0.00603	0.00346	0.00238	0.00665
11	0.38603	0.11459	0.34813	0.00966	0.03481	0.01126	0.01044	0.01380	0.00873	0.01653	0.00713	0.00837	0.00542	0.00420	0.00349	0.00136	0.00505	0.00287	0.00231	0.00582
12	0.00555	0.00401	0.00526	0.00625	0.00661	0.00372	0.00423	0.00639	0.00882	0.01166	0.02627	0.76982	0.07889	0.01399	0.00577	0.00183	0.00264	0.03038	0.00421	0.00370
13	0.00737	0.00630	0.06604	0.00688	0.02704	0.00524	0.00553	0.01009	0.05769	0.01568	0.24574	0.17111	0.06626	0.00888	0.00483	0.00147	0.00290	0.07181	0.21459	0.00455
14	0.02818	0.01063	0.05228	0.04676	0.19348	0.01014	0.05722	0.22534	0.02510	0.24424	0.01270	0.05248	0.00949	0.00540	0.00460	0.00141	0.00488	0.00466	0.00392	0.00709
15	0.00552	0.00394	0.00526	0.00631	0.00657	0.00368	0.00421	0.00631	0.00868	0.01157	0.02498	0.83779	0.02997	0.01420	0.00578	0.00184	0.00263	0.01288	0.00421	0.00368
16	0.00978	0.00859	0.01002	0.03538	0.03966	0.02799	0.00606	0.02670	0.00974	0.01483	0.00810	0.00955	0.00670	0.00349	0.00348	0.00075	0.00368	0.00281	0.00267	0.77001
17	0.87276	0.00876	0.00666	0.00596	0.00876	0.01017	0.00491	0.01332	0.00771	0.02033	0.00631	0.00736	0.00491	0.00421	0.00280	0.00140	0.00351	0.00245	0.00280	0.00491
18	0.00632	0.00463	0.00593	0.00560	0.00671	0.00424	0.00420	0.00837	0.01261	0.01765	0.74336	0.03470	0.10981	0.00946	0.00535	0.00143	0.00215	0.00831	0.00492	0.00424
19	0.87276	0.00876	0.00666	0.00596	0.00876	0.01017	0.00491	0.01332	0.00771	0.02033	0.00631	0.00736	0.00491	0.00421	0.00280	0.00140	0.00351	0.00245	0.00280	0.00491
20	0.00950	0.00860	0.02444	0.00758	0.01135	0.00693	0.02729	0.01172	0.02282	0.01454	0.00811	0.00964	0.00676	0.00377	0.00430	0.00082	0.06486	0.00290	0.00264	0.75142
21	0.01122	0.01077	0.01839	0.02781	0.81248	0.01077	0.01391	0.01391	0.01032	0.01480	0.00852	0.01122	0.00718	0.00404	0.00449	0.00135	0.00538	0.00404	0.00224	0.00718
22	0.00753	0.00553	0.00743	0.00828	0.00945	0.00562	0.00716	0.01038	0.06915	0.01391	0.02433	0.04833	0.05207	0.01201	0.00611	0.00203	0.00406	0.69804	0.00421	0.00438
23	0.09939	0.00781	0.01016	0.00787	0.01131	0.00699	0.00650	0.02127	0.01248	0.74186	0.01680	0.01468	0.01063	0.00548	0.00439	0.00140	0.00382	0.00436	0.00535	0.00745
24	0.00930	0.00839	0.01110	0.00979	0.01031	0.02499	0.00787	0.06800	0.00834	0.01212	0.03059	0.02769	0.00973	0.09610	0.19883	0.00335	0.45166	0.00468	0.00247	0.00470
25	0.00556	0.00410	0.00520	0.00597	0.00651	0.00375	0.00408	0.00651	0.00926	0.01217	0.08659	0.64403	0.16292	0.01337	0.00568	0.00176	0.00254	0.01197	0.00426	0.00375
26	0.01030	0.00588	0.00685	0.00618	0.00794	0.00581	0.00478	0.01404	0.14328	0.16105	0.20852	0.04620	0.06749	0.00707	0.00439	0.00134	0.00270	0.00595	0.28492	0.00532

[dist]
# distance from previous block
# <min> <max>
7	35

[block]
# block no. 6 follows, 57 sequences, length 20
# corresponding to MSA columns:
# 1419-1438
name=unknown_G
#
# <colnr> <probs for GDERKNQSTAVLIFYWHMCP>
#	G	D	E	R	K	N	Q	S	T	A	V	L	I	F	Y	W	H	M	C	P
0	0.01290	0.01276	0.21583	0.01040	0.01434	0.00966	0.06807	0.11586	0.18477	0.19664	0.07192	0.02860	0.02594	0.00575	0.00465	0.00145	0.00477	0.00486	0.00398	0.00684
1	0.76560	0.00863	0.00714	0.00622	0.00912	0.00972	0.00513	0.01442	0.00837	0.12031	0.00776	0.00837	0.00570	0.00438	0.00302	0.00140	0.00355	0.00272	0.00316	0.00526
2	0.00552	0.00455	0.00465	0.00468	0.00599	0.00389	0.00338	0.00651	0.00981	0.01179	0.04134	0.06427	0.68877	0.11580	0.00759	0.00190	0.00257	0.00928	0.00402	0.00369
3	0.56225	0.00789	0.00694	0.00596	0.00870	0.00845	0.00484	0.01336	0.00862	0.08340	0.00877	0.00974	0.00668	0.00438	0.00307	0.00126	0.00330	0.00293	0.13589	0.11359
4	0.00641	0.00463	0.00606	0.00570	0.00677	0.00428	0.00428	0.00855	0.01283	0.01817	0.81009	0.03385	0.04276	0.00926	0.00534	0.00143	0.00214	0.00819	0.00499	0.00428
5	0.01211	0.84348	0.02374	0.00775	0.01163	0.01793	0.00775	0.01357	0.00921	0.01066	0.00630	0.00727	0.00582	0.00388	0.00291	0.00097	0.00485	0.00242	0.00194	0.00582
6	0.00948	0.00789	0.00869	0.00791	0.00995	0.00873	0.00610	0.01841	0.51892	0.01847	0.27716	0.02335	0.05102	0.00735	0.00488	0.00150	0.00307	0.00628	0.00472	0.00611
7	0.00991	0.00991	0.01388	0.01190	0.01190	0.01388	0.00991	0.01091	0.00694	0.01091	0.00595	0.00991	0.00595	0.00793	0.01487	0.00198	0.83246	0.00397	0.00198	0.00496
8	0.00624	0.00460	0.00584	0.00559	0.00668	0.00419	0.00417	0.00819	0.01233	0.01713	0.67870	0.07125	0.13871	0.00976	0.00537	0.00146	0.00218	0.00858	0.00485	0.00419
9	0.00991	0.00991	0.01388	0.01190	0.01190	0.01388	0.00991	0.01091	0.00694	0.01091	0.00595	0.00991	0.00595	0.00793	0.01487	0.00198	0.83246	0.00397	0.00198	0.00496
10	0.00856	0.00805	0.01359	0.82986	0.03121	0.01007	0.01258	0.01158	0.00906	0.01158	0.00805	0.01208	0.00604	0.00453	0.00453	0.00151	0.00604	0.00403	0.00201	0.00503
11	0.00542	0.00444	0.00479	0.00503	0.00625	0.00380	0.00365	0.00651	0.01000	0.01224	0.06172	0.23308	0.60322	0.01207	0.00546	0.00160	0.00237	0.01032	0.00423	0.00380
12	0.01496	0.00911	0.01029	0.00839	0.01126	0.00961	0.00677	0.26529	0.19869	0.23175	0.03479	0.01503	0.01156	0.00572	0.00435	0.00136	0.00382	0.00457	0.14576	0.00693
13	0.01525	0.01894	0.01449	0.01303	0.04735	0.63356	0.10775	0.01679	0.01216	0.01169	0.00812	0.04617	0.00711	0.00503	0.00457	0.00127	0.02522	0.00374	0.00240	0.00536
14	0.00801	0.00710	0.01162	0.61030	0.02494	0.00855	0.01070	0.01052	0.00910	0.01172	0.01205	0.12188	0.01145	0.00695	0.00520	0.02223	0.00534	0.09511	0.00254	0.00469
15	0.00639	0.00396	0.00548	0.00611	0.00631	0.00378	0.00409	0.00616	0.00768	0.01021	0.01914	0.50956	0.04216	0.01470	0.01022	0.32507	0.00311	0.00946	0.00337	0.00305
16	0.59000	0.02562	0.01016	0.04755	0.14832	0.04363	0.02061	0.01348	0.00848	0.01800	0.00683	0.00844	0.00547	0.00433	0.00369	0.00140	0.03312	0.00292	0.00260	0.00536
17	0.00758	0.00394	0.00582	0.00595	0.00599	0.00390	0.00397	0.00595	0.00625	0.00834	0.01002	0.11736	0.01065	0.01555	0.01621	0.75926	0.00377	0.00506	0.00225	0.00218
18	0.00919	0.00764	0.00898	0.00791	0.00940	0.04039	0.02067	0.10992	0.09140	0.01763	0.38676	0.06291	0.05985	0.00824	0.00636	0.00151	0.11397	0.00673	0.02546	0.00511
19	0.05490	0.04595	0.01520	0.08929	0.31248	0.13783	0.03795	0.12103	0.03687	0.01587	0.00883	0.01101	0.00719	0.02671	0.00475	0.00137	0.00558	0.00379	0.00268	0.06073

[dist]
# distance from previous block
# <min> <max>
0	7

[block]
# block no. 7 follows, 57 sequences, length 17
# corresponding to MSA columns:
# 1446-1456,1464-1469
name=unknown_H
#
# <colnr> <probs for GDERKNQSTAVLIFYWHMCP>
#	G	D	E	R	K	N	Q	S	T	A	V	L	I	F	Y	W	H	M	C	P
0	0.09624	0.00919	0.00954	0.00855	0.01106	0.01048	0.00668	0.03785	0.61620	0.05203	0.01706	0.03728	0.01303	0.00609	0.00439	0.00150	0.00352	0.00497	0.04761	0.00674
1	0.01243	0.01147	0.01632	0.04283	0.52482	0.06929	0.02312	0.11824	0.07262	0.03339	0.00999	0.02736	0.00815	0.00467	0.00451	0.00137	0.00536	0.00424	0.00284	0.00698
2	0.04473	0.02417	0.03369	0.01030	0.03562	0.11368	0.02800	0.14346	0.41683	0.03071	0.02444	0.03322	0.01146	0.00638	0.02163	0.00156	0.00479	0.00467	0.00397	0.00669
3	0.00965	0.00770	0.00912	0.00668	0.01039	0.00590	0.00533	0.01166	0.00991	0.05522	0.08746	0.01210	0.01048	0.00405	0.00361	0.00078	0.00326	0.00332	0.00306	0.74031
4	0.00922	0.02268	0.76923	0.01381	0.06729	0.01054	0.01657	0.01432	0.00961	0.01438	0.00816	0.00967	0.00583	0.00429	0.00432	0.00143	0.00662	0.00339	0.00193	0.00673
5	0.02442	0.05717	0.40790	0.01483	0.08742	0.03959	0.17870	0.01448	0.00988	0.04722	0.00847	0.01034	0.00634	0.00450	0.00526	0.00146	0.06957	0.00385	0.00221	0.00640
6	0.01239	0.01002	0.01068	0.00932	0.01206	0.01143	0.00733	0.12105	0.67321	0.05320	0.01747	0.01609	0.01295	0.00604	0.00460	0.00151	0.00377	0.00497	0.00464	0.00726
7	0.00872	0.00978	0.09333	0.70848	0.02969	0.01018	0.05262	0.01200	0.00919	0.01200	0.00812	0.01184	0.00605	0.00447	0.00455	0.00150	0.00619	0.00403	0.00202	0.00525
8	0.03320	0.00890	0.05292	0.02244	0.19590	0.03107	0.11974	0.01195	0.02395	0.06194	0.12588	0.14099	0.09023	0.00757	0.00504	0.00153	0.00448	0.05332	0.00345	0.00550
9	0.05223	0.09332	0.12931	0.03160	0.01331	0.04712	0.00850	0.08315	0.04211	0.40894	0.01341	0.01272	0.00905	0.00511	0.00422	0.00135	0.00465	0.00396	0.02899	0.00695
10	0.00561	0.00403	0.00533	0.00630	0.00666	0.00376	0.00429	0.00650	0.00894	0.01188	0.05209	0.75500	0.05775	0.01388	0.00577	0.00182	0.00266	0.03976	0.00423	0.00372
11	0.00974	0.01912	0.52188	0.01608	0.09874	0.01080	0.23017	0.01435	0.00995	0.01444	0.00845	0.01046	0.00619	0.00415	0.00461	0.00145	0.00683	0.00396	0.00205	0.00658
12	0.07217	0.12169	0.15234	0.02591	0.05097	0.02314	0.02828	0.12881	0.09013	0.15428	0.05262	0.03466	0.03464	0.00551	0.00428	0.00137	0.00470	0.00442	0.00357	0.00649
13	0.00736	0.00394	0.00576	0.00599	0.00605	0.00388	0.00399	0.00599	0.00651	0.00868	0.01159	0.19306	0.01268	0.01541	0.01511	0.67967	0.00365	0.00588	0.00245	0.00234
14	0.00570	0.00406	0.00539	0.00628	0.00663	0.00381	0.00427	0.00662	0.00903	0.01212	0.09342	0.71105	0.03048	0.04281	0.00637	0.00190	0.00270	0.03940	0.00422	0.00372
15	0.00940	0.00805	0.00940	0.00671	0.01074	0.00604	0.00537	0.01141	0.00940	0.01477	0.00805	0.00940	0.00671	0.00336	0.00336	0.00067	0.00336	0.00268	0.00268	0.86845
16	0.00954	0.01047	0.09400	0.38990	0.21709	0.01033	0.05102	0.02422	0.02766	0.01313	0.00865	0.01211	0.00690	0.02393	0.02618	0.00168	0.04743	0.00411	0.00221	0.01944

[dist]
# distance from previous block
# <min> <max>
1	1

[block]
# block no. 8 follows, 57 sequences, length 20
# corresponding to MSA columns:
# 1482-1501
name=unknown_I
#
# <colnr> <probs for GDERKNQSTAVLIFYWHMCP>
#	G	D	E	R	K	N	Q	S	T	A	V	L	I	F	Y	W	H	M	C	P
0	0.00827	0.00982	0.15149	0.08260	0.09918	0.00804	0.03219	0.01218	0.12655	0.01347	0.01565	0.27612	0.01576	0.02292	0.06600	0.00208	0.02982	0.01932	0.00319	0.00535
1	0.00803	0.00439	0.00651	0.00636	0.00636	0.00469	0.00439	0.00628	0.00598	0.00810	0.00773	0.01348	0.00773	0.01515	0.01749	0.80253	0.06671	0.00394	0.00197	0.00219
2	0.04573	0.06489	0.03138	0.19879	0.07736	0.01076	0.03845	0.13959	0.03434	0.09179	0.06352	0.01304	0.00974	0.00632	0.03300	0.00163	0.09179	0.00423	0.00312	0.04051
3	0.01069	0.21522	0.42142	0.01148	0.04884	0.03592	0.02585	0.04386	0.01011	0.02757	0.00796	0.00922	0.00612	0.00415	0.00390	0.00122	0.00577	0.00315	0.00220	0.10535
4	0.00814	0.00511	0.00589	0.00545	0.00719	0.00439	0.00417	0.00954	0.01113	0.15286	0.16701	0.07066	0.51120	0.01020	0.00523	0.00150	0.00255	0.00861	0.00458	0.00457
5	0.01589	0.01987	0.01299	0.01171	0.01370	0.70302	0.00893	0.01703	0.01197	0.01106	0.00685	0.00843	0.00585	0.00515	0.00568	0.00129	0.13002	0.00307	0.00228	0.00521
6	0.02424	0.00723	0.00925	0.03319	0.05292	0.02557	0.00654	0.01046	0.07150	0.01247	0.03762	0.15796	0.03731	0.01966	0.01965	0.14854	0.16671	0.00572	0.01739	0.13606
7	0.00640	0.00528	0.00853	0.00817	0.00920	0.00493	0.12134	0.00778	0.00936	0.01251	0.07186	0.60491	0.05929	0.01219	0.00569	0.00176	0.00338	0.03934	0.00397	0.00410
8	0.00564	0.00413	0.00525	0.00607	0.00656	0.00381	0.00416	0.00654	0.00903	0.01183	0.05014	0.63368	0.14505	0.04642	0.00641	0.00189	0.00270	0.04284	0.00417	0.00370
9	0.00626	0.00463	0.00584	0.00554	0.00667	0.00421	0.00415	0.00825	0.01246	0.01729	0.69713	0.03529	0.15627	0.00959	0.00535	0.00144	0.00216	0.00840	0.00487	0.00421
10	0.74470	0.00819	0.00675	0.00615	0.00866	0.00950	0.00502	0.01255	0.00765	0.01888	0.00717	0.00890	0.00586	0.00861	0.12402	0.00227	0.00478	0.00281	0.00275	0.00478
11	0.00662	0.00449	0.00529	0.00532	0.00537	0.00459	0.00317	0.00671	0.00676	0.00908	0.01462	0.08797	0.01679	0.70501	0.05432	0.02846	0.02289	0.00685	0.00280	0.00290
12	0.87276	0.00876	0.00666	0.00596	0.00876	0.01017	0.00491	0.01332	0.00771	0.02033	0.00631	0.00736	0.00491	0.00421	0.00280	0.00140	0.00351	0.00245	0.00280	0.00491
13	0.01032	0.01149	0.02442	0.16182	0.02501	0.01121	0.65812	0.01400	0.01041	0.01400	0.00897	0.01220	0.00673	0.00394	0.00520	0.00152	0.00736	0.00512	0.00224	0.00592
14	0.01004	0.01155	0.15541	0.01134	0.01476	0.00955	0.17666	0.03507	0.27268	0.03892	0.08083	0.04698	0.04723	0.00650	0.00496	0.00155	0.00488	0.06128	0.00364	0.00618
15	0.00707	0.00613	0.00755	0.02280	0.00856	0.00645	0.02166	0.00971	0.08964	0.01430	0.23631	0.03214	0.37832	0.00955	0.00667	0.00157	0.12528	0.00774	0.00404	0.00452
16	0.00845	0.00422	0.00422	0.00422	0.00528	0.00422	0.00317	0.01056	0.00950	0.01689	0.01478	0.01689	0.01161	0.00528	0.00317	0.00106	0.00211	0.00422	0.86591	0.00422
17	0.00759	0.00619	0.00821	0.02104	0.02213	0.00594	0.04133	0.01080	0.13113	0.01394	0.06566	0.40947	0.02233	0.00998	0.00515	0.00157	0.00330	0.06283	0.00391	0.14752
18	0.01166	0.00816	0.00975	0.00709	0.01101	0.00644	0.00572	0.04180	0.01048	0.16059	0.00994	0.01054	0.00757	0.00384	0.00362	0.00083	0.00351	0.00307	0.00328	0.68109
19	0.00733	0.00702	0.03976	0.13510	0.01370	0.00647	0.13688	0.00974	0.01104	0.01503	0.35408	0.11597	0.11297	0.00824	0.00523	0.00151	0.00389	0.00757	0.00380	0.00467

[dist]
# distance from previous block
# <min> <max>
1	4

[block]
# block no. 9 follows, 57 sequences, length 7
# corresponding to MSA columns:
# 1506-1512
name=unknown_J
#
# <colnr> <probs for GDERKNQSTAVLIFYWHMCP>
#	G	D	E	R	K	N	Q	S	T	A	V	L	I	F	Y	W	H	M	C	P
0	0.01005	0.00834	0.01072	0.12841	0.06691	0.00736	0.00718	0.01304	0.06811	0.05281	0.00932	0.01075	0.00738	0.00389	0.00375	0.00094	0.00392	0.00324	0.00284	0.58105
1	0.01126	0.01061	0.01455	0.27463	0.24983	0.12011	0.04369	0.01357	0.01013	0.07172	0.01004	0.07749	0.00867	0.00545	0.00525	0.00147	0.05847	0.00468	0.00257	0.00581
2	0.00845	0.00422	0.00422	0.00422	0.00528	0.00422	0.00317	0.01056	0.00950	0.01689	0.01478	0.01689	0.01161	0.00528	0.00317	0.00106	0.00211	0.00422	0.86591	0.00422
3	0.28880	0.16831	0.03558	0.00880	0.03577	0.03759	0.04295	0.12435	0.01105	0.09521	0.00972	0.02712	0.02457	0.00475	0.00365	0.00127	0.00443	0.00349	0.00313	0.06946
4	0.02654	0.08925	0.22313	0.02783	0.03427	0.04882	0.03159	0.10216	0.06393	0.05150	0.08376	0.04940	0.11853	0.00651	0.00456	0.00142	0.00480	0.02277	0.00332	0.00590
5	0.00845	0.00422	0.00422	0.00422	0.00528	0.00422	0.00317	0.01056	0.00950	0.01689	0.01478	0.01689	0.01161	0.00528	0.00317	0.00106	0.00211	0.00422	0.86591	0.00422
6	0.05473	0.06606	0.06899	0.02907	0.02919	0.03109	0.00694	0.11962	0.06947	0.04728	0.01688	0.37761	0.01761	0.00898	0.00482	0.00154	0.00390	0.00774	0.00373	0.03474

[dist]
# distance from previous block
# <min> <max>
1	3

[block]
# block no. 10 follows, 57 sequences, length 10
# corresponding to MSA columns:
# 1516-1525
name=unknown_K
#
# <colnr> <probs for GDERKNQSTAVLIFYWHMCP>
#	G	D	E	R	K	N	Q	S	T	A	V	L	I	F	Y	W	H	M	C	P
0	0.01194	0.03111	0.04402	0.09820	0.19084	0.09603	0.07854	0.08798	0.04093	0.07100	0.01026	0.03649	0.00843	0.02969	0.03939	0.00166	0.01996	0.00428	0.00288	0.09637
1	0.19505	0.17324	0.09460	0.02446	0.04537	0.07456	0.00831	0.07379	0.01053	0.13873	0.00903	0.01018	0.00696	0.02571	0.00492	0.00139	0.06047	0.00333	0.00297	0.03639
2	0.00754	0.02379	0.00631	0.00601	0.00727	0.00480	0.00440	0.00915	0.04348	0.09648	0.08300	0.33053	0.28114	0.04630	0.02670	0.00188	0.00302	0.00958	0.00427	0.00436
3	0.00969	0.00459	0.00488	0.00462	0.00594	0.00448	0.00353	0.01176	0.00987	0.10043	0.01511	0.01674	0.01157	0.00531	0.00331	0.00109	0.00229	0.00426	0.77593	0.00459
4	0.03663	0.00902	0.01102	0.11561	0.08844	0.03912	0.00737	0.04121	0.01006	0.03700	0.00838	0.01003	0.00674	0.00379	0.00370	0.00093	0.00416	0.00309	0.00270	0.56102
5	0.06541	0.00965	0.01261	0.03234	0.01336	0.01004	0.08968	0.29585	0.01432	0.24736	0.01280	0.02994	0.00962	0.07048	0.04073	0.00190	0.02851	0.00464	0.00413	0.00661
6	0.11490	0.00902	0.04174	0.06720	0.01371	0.00843	0.08960	0.09322	0.02925	0.34779	0.06343	0.01626	0.05525	0.02388	0.00492	0.00150	0.00440	0.00482	0.00424	0.00645
7	0.16567	0.08716	0.05119	0.04882	0.10286	0.06090	0.04246	0.03537	0.04978	0.01452	0.04219	0.04052	0.06319	0.07197	0.04036	0.00190	0.06841	0.00464	0.00281	0.00528
8	0.06601	0.02504	0.04601	0.13221	0.19893	0.06175	0.12374	0.07412	0.01132	0.06518	0.06872	0.01534	0.04086	0.00528	0.00458	0.00142	0.00533	0.02824	0.01993	0.00599
9	0.09171	0.01127	0.11648	0.04691	0.19652	0.05774	0.03681	0.05004	0.05470	0.11921	0.05843	0.07117	0.01159	0.02752	0.02887	0.00167	0.00512	0.00486	0.00324	0.00614

[dist]
# distance from previous block
# <min> <max>
0	712

# created by:
# /st0/software/busco_prod/Augustus/scripts/msa2prfl.pl ./align_prep/1322642.fa
