[name]
unknown

[dist]
# distance from previous block
# <min> <max>
0	369

[block]
# block no. 0 follows, 56 sequences, length 11
# corresponding to MSA columns:
# 555-565
name=unknown_A
#
# <colnr> <probs for GDERKNQSTAVLIFYWHMCP>
#	G	D	E	R	K	N	Q	S	T	A	V	L	I	F	Y	W	H	M	C	P
0	0.02600	0.13691	0.04671	0.07140	0.03159	0.01070	0.06882	0.17749	0.03563	0.09529	0.01409	0.03096	0.07525	0.00574	0.00439	0.00132	0.00469	0.04019	0.00345	0.11940
1	0.09121	0.06951	0.03158	0.05746	0.05216	0.10890	0.02706	0.15997	0.02653	0.08984	0.03261	0.02567	0.00909	0.00535	0.00482	0.00132	0.05297	0.02584	0.00329	0.12484
2	0.10930	0.14981	0.24208	0.06214	0.05332	0.07002	0.02590	0.03975	0.07405	0.01537	0.04527	0.01132	0.00857	0.00472	0.00398	0.00132	0.00530	0.00363	0.03968	0.03445
3	0.00564	0.00451	0.00494	0.00513	0.00628	0.00392	0.00368	0.00674	0.01010	0.01257	0.10762	0.20390	0.53069	0.06520	0.00667	0.00179	0.00252	0.01006	0.00424	0.00382
4	0.01147	0.04363	0.06017	0.22985	0.06697	0.07319	0.06935	0.03390	0.10143	0.08938	0.03358	0.01344	0.00923	0.02687	0.00550	0.00150	0.04778	0.00430	0.03450	0.04395
5	0.00639	0.00478	0.00669	0.00673	0.00753	0.00523	0.00507	0.00782	0.00807	0.01124	0.06792	0.06890	0.09704	0.10139	0.56685	0.00582	0.00937	0.00624	0.00294	0.00395
6	0.00805	0.00647	0.00869	0.07050	0.03328	0.00675	0.02837	0.04567	0.04386	0.03637	0.34382	0.06682	0.18903	0.00889	0.00615	0.00155	0.07924	0.00748	0.00416	0.00484
7	0.03599	0.03351	0.06972	0.16869	0.03798	0.01045	0.17602	0.16075	0.01226	0.05463	0.03201	0.01186	0.00801	0.00452	0.00446	0.00131	0.00547	0.00413	0.00298	0.16523
8	0.00658	0.00485	0.00701	0.00701	0.00771	0.00554	0.00528	0.00796	0.00727	0.01039	0.01263	0.01988	0.01228	0.15828	0.69772	0.00693	0.01109	0.00519	0.00251	0.00390
9	0.13168	0.13324	0.30291	0.06435	0.06000	0.02850	0.01124	0.03398	0.03955	0.03156	0.03051	0.02894	0.02890	0.00516	0.00467	0.00142	0.05095	0.00385	0.00255	0.00605
10	0.16020	0.06844	0.01242	0.00928	0.01223	0.07691	0.00766	0.35570	0.01471	0.05974	0.01097	0.01164	0.04242	0.00619	0.02255	0.00152	0.08418	0.00387	0.00362	0.03574

[dist]
# distance from previous block
# <min> <max>
0	31

[block]
# block no. 1 follows, 56 sequences, length 40
# corresponding to MSA columns:
# 597-636
name=unknown_B
#
# <colnr> <probs for GDERKNQSTAVLIFYWHMCP>
#	G	D	E	R	K	N	Q	S	T	A	V	L	I	F	Y	W	H	M	C	P
0	0.01047	0.05118	0.51828	0.03387	0.04412	0.01096	0.06608	0.07832	0.01068	0.04226	0.00892	0.01057	0.00657	0.00581	0.03953	0.00168	0.02877	0.00370	0.00236	0.02585
1	0.01056	0.11253	0.06826	0.03709	0.04949	0.00971	0.07662	0.07189	0.04497	0.08400	0.01420	0.23530	0.01389	0.00842	0.02923	0.00170	0.07843	0.00644	0.00333	0.04396
2	0.00983	0.08193	0.10671	0.01366	0.01689	0.01119	0.32994	0.01265	0.00924	0.01304	0.00897	0.01243	0.00753	0.02401	0.13041	0.00247	0.15564	0.00454	0.02016	0.02874
3	0.00637	0.00454	0.00603	0.00690	0.00747	0.00438	0.00518	0.00760	0.00938	0.01239	0.05481	0.42624	0.04499	0.10353	0.00791	0.00221	0.00338	0.27875	0.00412	0.00383
4	0.01160	0.00978	0.02852	0.00903	0.06444	0.07422	0.00675	0.03440	0.01044	0.10356	0.00953	0.01115	0.00768	0.03962	0.00475	0.00107	0.01663	0.00328	0.00302	0.55053
5	0.01331	0.24951	0.02636	0.01003	0.01316	0.01184	0.11548	0.12116	0.01176	0.17679	0.01251	0.11343	0.01088	0.00638	0.00528	0.01108	0.06032	0.02107	0.00346	0.00619
6	0.00566	0.00464	0.00500	0.00506	0.00645	0.00398	0.00381	0.00697	0.01071	0.01323	0.14814	0.09392	0.62331	0.01154	0.00549	0.00158	0.00240	0.03979	0.00437	0.00394
7	0.00859	0.00706	0.01038	0.14299	0.08243	0.00738	0.04251	0.06263	0.02753	0.01452	0.02155	0.03579	0.11986	0.00950	0.00559	0.00180	0.00459	0.38668	0.00366	0.00497
8	0.08289	0.01232	0.06525	0.24254	0.05252	0.13855	0.06540	0.06991	0.08926	0.09888	0.01017	0.01172	0.00752	0.00494	0.00472	0.00145	0.02888	0.00399	0.00300	0.00608
9	0.00567	0.00407	0.00540	0.00645	0.00677	0.00380	0.00438	0.00653	0.00890	0.01182	0.02570	0.78506	0.04632	0.01425	0.00587	0.00187	0.00272	0.04640	0.00426	0.00375
10	0.00579	0.00470	0.00516	0.00516	0.00657	0.00407	0.00394	0.00724	0.01102	0.01380	0.21053	0.04255	0.58803	0.01121	0.00549	0.00157	0.00242	0.06230	0.00443	0.00400
11	0.01364	0.20784	0.05248	0.01124	0.03420	0.01346	0.11521	0.22717	0.19306	0.06883	0.01170	0.01197	0.00877	0.00500	0.00432	0.00135	0.00508	0.00415	0.00358	0.00695
12	0.08638	0.01155	0.04196	0.02776	0.39685	0.09024	0.05665	0.04921	0.02872	0.08254	0.01078	0.07745	0.00923	0.00524	0.00452	0.00142	0.00534	0.00469	0.00292	0.00656
13	0.01092	0.49961	0.20578	0.00930	0.01333	0.01484	0.00984	0.01375	0.04371	0.01231	0.03126	0.04465	0.00836	0.00501	0.00435	0.00124	0.05999	0.00352	0.00227	0.00596
14	0.00559	0.00400	0.00533	0.00639	0.00666	0.00373	0.00426	0.00639	0.00879	0.01172	0.02530	0.83566	0.03036	0.01438	0.00586	0.00186	0.00266	0.01305	0.00426	0.00373
15	0.01745	0.01286	0.01378	0.01056	0.01424	0.01424	0.00873	0.79471	0.02159	0.02893	0.01102	0.01102	0.00781	0.00551	0.00459	0.00138	0.00505	0.00413	0.00459	0.00781
16	0.00921	0.02375	0.81487	0.01309	0.01987	0.01066	0.01696	0.01454	0.00969	0.01454	0.00824	0.00969	0.00582	0.00436	0.00436	0.00145	0.00678	0.00339	0.00194	0.00678
17	0.00952	0.00816	0.00952	0.00680	0.01088	0.00612	0.00544	0.01156	0.00952	0.01496	0.00816	0.00952	0.00680	0.00340	0.00340	0.00068	0.00340	0.00272	0.00272	0.86672
18	0.00656	0.00492	0.00738	0.00738	0.00820	0.00574	0.00574	0.00820	0.00738	0.01066	0.01230	0.01804	0.01148	0.03443	0.82046	0.00738	0.01230	0.00492	0.00246	0.00410
19	0.01614	0.01204	0.01290	0.01008	0.01351	0.01330	0.00826	0.67419	0.08875	0.02711	0.03226	0.01357	0.04448	0.00594	0.00466	0.00140	0.00474	0.00457	0.00460	0.00750
20	0.00569	0.00484	0.00492	0.00493	0.00647	0.00419	0.00368	0.00734	0.04418	0.01266	0.04440	0.07735	0.74051	0.01152	0.00541	0.00156	0.00240	0.00964	0.00428	0.00401
21	0.00658	0.00483	0.00692	0.00692	0.00758	0.00549	0.00517	0.00790	0.00724	0.01032	0.01271	0.02035	0.01248	0.18942	0.66684	0.00681	0.01078	0.00526	0.00252	0.00385
22	0.01008	0.00846	0.00923	0.00837	0.01056	0.00949	0.00647	0.02012	0.58743	0.01899	0.23303	0.02179	0.02198	0.00709	0.00487	0.00153	0.00323	0.00604	0.00478	0.00647
23	0.00656	0.00490	0.00727	0.00727	0.00806	0.00568	0.00561	0.00813	0.00735	0.01058	0.01239	0.01856	0.01170	0.06952	0.78569	0.00725	0.01195	0.00500	0.00247	0.00404
24	0.00862	0.00788	0.01325	0.77299	0.02992	0.00979	0.01217	0.01135	0.00897	0.01148	0.00815	0.01235	0.00624	0.00535	0.00548	0.05903	0.00598	0.00407	0.00204	0.00489
25	0.00656	0.00492	0.00738	0.00738	0.00820	0.00574	0.00574	0.00820	0.00738	0.01066	0.01230	0.01804	0.01148	0.03443	0.82046	0.00738	0.01230	0.00492	0.00246	0.00410
26	0.00668	0.00445	0.00501	0.00501	0.00501	0.00445	0.00278	0.00668	0.00668	0.00890	0.01447	0.03004	0.01669	0.83866	0.02337	0.00445	0.00445	0.00668	0.00278	0.00278
27	0.00569	0.00432	0.00525	0.00574	0.00655	0.00388	0.00403	0.00683	0.01002	0.01305	0.16228	0.45124	0.27917	0.01268	0.00565	0.00169	0.00247	0.01119	0.00439	0.00388
28	0.00942	0.00878	0.01113	0.06672	0.01202	0.06404	0.00825	0.03126	0.04321	0.01204	0.00943	0.01343	0.00852	0.01633	0.28710	0.00368	0.34807	0.00432	0.03737	0.00487
29	0.01377	0.01589	0.01560	0.01287	0.01562	0.40748	0.20730	0.07117	0.04685	0.01378	0.01066	0.11182	0.00968	0.00588	0.00493	0.00140	0.02183	0.00502	0.00284	0.00560
30	0.00797	0.00399	0.00598	0.00598	0.00598	0.00399	0.00399	0.00598	0.00598	0.00797	0.00797	0.01396	0.00797	0.01595	0.01794	0.86643	0.00399	0.00399	0.00199	0.00199
31	0.14748	0.00854	0.00952	0.00741	0.03120	0.00727	0.00575	0.04559	0.00986	0.03255	0.00821	0.00943	0.00666	0.00369	0.00342	0.00086	0.00356	0.00282	0.00287	0.65333
32	0.01072	0.11622	0.14359	0.03361	0.14336	0.02344	0.26293	0.01369	0.00961	0.01337	0.00793	0.01064	0.00648	0.00488	0.00679	0.00153	0.17876	0.00418	0.00214	0.00614
33	0.00568	0.00408	0.00551	0.00648	0.00679	0.00391	0.00439	0.00655	0.00867	0.01163	0.02415	0.76345	0.02870	0.01615	0.07780	0.00235	0.00351	0.01233	0.00410	0.00376
34	0.00973	0.00534	0.00550	0.00511	0.00653	0.00550	0.00393	0.08325	0.03880	0.03490	0.01481	0.01653	0.01148	0.00540	0.00342	0.00112	0.00250	0.00430	0.73707	0.00478
35	0.00658	0.00450	0.00533	0.00538	0.00554	0.00458	0.00327	0.00687	0.00696	0.00935	0.01546	0.06556	0.03615	0.67175	0.13001	0.00466	0.00538	0.00680	0.00284	0.00303
36	0.00639	0.00466	0.00607	0.00694	0.00751	0.00458	0.00503	0.00823	0.06177	0.01250	0.02419	0.58858	0.02789	0.04924	0.00664	0.00201	0.00312	0.16639	0.00422	0.00402
37	0.01884	0.00739	0.00998	0.00779	0.01102	0.00643	0.00638	0.02067	0.01297	0.70902	0.08659	0.01731	0.01416	0.00599	0.00462	0.00141	0.00368	0.00492	0.04347	0.00735
38	0.00744	0.00586	0.00838	0.07618	0.06327	0.00619	0.01720	0.02069	0.00939	0.01263	0.07283	0.16390	0.05198	0.15114	0.08332	0.00275	0.04086	0.19824	0.00346	0.00427
39	0.01096	0.21348	0.06753	0.05492	0.01256	0.04821	0.00838	0.09906	0.01075	0.01472	0.09810	0.01324	0.01113	0.01599	0.01761	0.00150	0.18723	0.00408	0.08448	0.02606

[dist]
# distance from previous block
# <min> <max>
1	13

[block]
# block no. 2 follows, 56 sequences, length 16
# corresponding to MSA columns:
# 650-665
name=unknown_C
#
# <colnr> <probs for GDERKNQSTAVLIFYWHMCP>
#	G	D	E	R	K	N	Q	S	T	A	V	L	I	F	Y	W	H	M	C	P
0	0.13141	0.18335	0.20839	0.01187	0.08623	0.09152	0.03822	0.11964	0.01160	0.06529	0.00855	0.00956	0.00650	0.00449	0.00394	0.00131	0.00561	0.00334	0.00274	0.00643
1	0.01167	0.09671	0.11239	0.10341	0.21324	0.02488	0.09831	0.08994	0.10458	0.04153	0.01066	0.01218	0.01807	0.00469	0.00444	0.00138	0.00549	0.00417	0.01834	0.02392
2	0.00800	0.04318	0.00651	0.00586	0.00703	0.00524	0.00450	0.00974	0.00930	0.03429	0.04261	0.18367	0.01683	0.01255	0.14408	0.00237	0.00432	0.04782	0.37650	0.03560
3	0.00611	0.00465	0.00547	0.00528	0.00644	0.00417	0.00387	0.00769	0.01145	0.01526	0.44591	0.03765	0.33087	0.08667	0.00707	0.00176	0.00244	0.00868	0.00454	0.00402
4	0.87108	0.00888	0.00675	0.00604	0.00888	0.01030	0.00497	0.01350	0.00781	0.02060	0.00639	0.00746	0.00497	0.00426	0.00284	0.00142	0.00355	0.00249	0.00284	0.00497
5	0.01352	0.00674	0.00860	0.00723	0.00961	0.00634	0.00573	0.01694	0.11673	0.37160	0.30985	0.02281	0.02355	0.00710	0.00484	0.00143	0.00313	0.00604	0.05197	0.00626
6	0.00577	0.00466	0.00513	0.00502	0.00642	0.00402	0.00376	0.00726	0.01129	0.01436	0.29424	0.04096	0.55920	0.01090	0.00542	0.00152	0.00227	0.00924	0.00452	0.00402
7	0.00621	0.00465	0.00576	0.00556	0.00670	0.00420	0.00414	0.00808	0.01220	0.01671	0.59541	0.07986	0.21332	0.01016	0.00544	0.00149	0.00223	0.00887	0.00483	0.00420
8	0.10344	0.00639	0.00608	0.00553	0.00721	0.03228	0.00431	0.09551	0.01095	0.04868	0.01349	0.01508	0.01041	0.00524	0.00340	0.00116	0.00287	0.00404	0.61903	0.00490
9	0.01136	0.01091	0.01863	0.02818	0.81002	0.01091	0.01409	0.01409	0.01045	0.01500	0.00864	0.01136	0.00727	0.00409	0.00455	0.00136	0.00545	0.00409	0.00227	0.00727
10	0.00735	0.00526	0.00756	0.00769	0.00873	0.00502	0.05340	0.00923	0.04417	0.05652	0.06619	0.49673	0.05278	0.01225	0.00576	0.00182	0.00332	0.14757	0.00427	0.00438
11	0.10783	0.27360	0.41359	0.01036	0.01556	0.01289	0.01203	0.04285	0.00996	0.05137	0.00801	0.00904	0.00607	0.00432	0.00377	0.00130	0.00565	0.00308	0.00232	0.00639
12	0.00919	0.02318	0.08534	0.03905	0.01129	0.04416	0.02124	0.04538	0.03909	0.05785	0.14303	0.10451	0.11037	0.01826	0.00526	0.00154	0.00402	0.13193	0.00383	0.10150
13	0.01016	0.05476	0.01422	0.04693	0.01275	0.01367	0.00977	0.03702	0.00775	0.01164	0.00664	0.01046	0.00638	0.00900	0.05687	0.00220	0.67857	0.00399	0.00212	0.00512
14	0.00981	0.05332	0.01476	0.37994	0.17969	0.01017	0.04812	0.02787	0.00989	0.03769	0.02961	0.03118	0.00957	0.00685	0.04273	0.00180	0.04168	0.05716	0.00254	0.00561
15	0.10756	0.08814	0.05617	0.06061	0.17699	0.08866	0.03174	0.11951	0.01115	0.01571	0.00944	0.01346	0.00826	0.04300	0.04999	0.00188	0.06366	0.04544	0.00272	0.00591

[dist]
# distance from previous block
# <min> <max>
0	4

[block]
# block no. 3 follows, 56 sequences, length 34
# corresponding to MSA columns:
# 670-703
name=unknown_D
#
# <colnr> <probs for GDERKNQSTAVLIFYWHMCP>
#	G	D	E	R	K	N	Q	S	T	A	V	L	I	F	Y	W	H	M	C	P
0	0.00995	0.00767	0.00969	0.10847	0.01273	0.00806	0.03151	0.08546	0.19280	0.06046	0.08851	0.09621	0.07250	0.08771	0.00668	0.00178	0.00399	0.04004	0.00394	0.07182
1	0.00886	0.00797	0.01044	0.25754	0.11119	0.07965	0.00857	0.01068	0.00922	0.01192	0.01298	0.08854	0.01293	0.14579	0.06314	0.01844	0.00566	0.09290	0.03894	0.00463
2	0.00887	0.00834	0.01426	0.73264	0.06319	0.01010	0.04663	0.01193	0.00932	0.01217	0.00844	0.01236	0.00638	0.00456	0.00458	0.00151	0.00604	0.00415	0.02930	0.00521
3	0.87108	0.00888	0.00675	0.00604	0.00888	0.01030	0.00497	0.01350	0.00781	0.02060	0.00639	0.00746	0.00497	0.00426	0.00284	0.00142	0.00355	0.00249	0.00284	0.00497
4	0.00656	0.00492	0.00738	0.00738	0.00820	0.00574	0.00574	0.00820	0.00738	0.01066	0.01230	0.01804	0.01148	0.03443	0.82046	0.00738	0.01230	0.00492	0.00246	0.00410
5	0.00543	0.00462	0.00468	0.00472	0.00622	0.00387	0.00352	0.00658	0.01039	0.01237	0.04562	0.07747	0.77544	0.01174	0.00544	0.00156	0.00234	0.00983	0.00426	0.00387
6	0.06218	0.00787	0.01046	0.00806	0.01158	0.00692	0.00666	0.02194	0.01288	0.77445	0.01754	0.01523	0.01105	0.00561	0.00453	0.00142	0.00389	0.00451	0.00554	0.00767
7	0.00740	0.00528	0.00740	0.00845	0.00951	0.00528	0.00740	0.00951	0.01057	0.01374	0.02431	0.05179	0.02642	0.01268	0.00634	0.00211	0.00423	0.77912	0.00423	0.00423
8	0.00559	0.00402	0.00530	0.00632	0.00664	0.00374	0.00423	0.00640	0.00886	0.01175	0.02622	0.80135	0.06408	0.01426	0.00584	0.00185	0.00265	0.01291	0.00426	0.00374
9	0.01726	0.00744	0.00984	0.00781	0.01083	0.00671	0.00635	0.04786	0.04381	0.59234	0.17843	0.01931	0.01784	0.00645	0.00478	0.00143	0.00358	0.00537	0.00548	0.00708
10	0.00679	0.00505	0.00636	0.00597	0.00718	0.00480	0.00449	0.00965	0.06766	0.01817	0.71559	0.03358	0.07867	0.00928	0.00536	0.00146	0.00228	0.00815	0.00499	0.00451
11	0.01166	0.41320	0.09379	0.05707	0.08115	0.04334	0.03731	0.06057	0.01050	0.03619	0.01083	0.04383	0.05718	0.00516	0.00408	0.00124	0.02043	0.00396	0.00252	0.00598
12	0.01188	0.01372	0.21010	0.01673	0.28413	0.01056	0.03215	0.17075	0.01258	0.04292	0.02914	0.01318	0.00880	0.00492	0.00453	0.00137	0.00539	0.03755	0.00296	0.08664
13	0.01233	0.09037	0.18054	0.02571	0.17820	0.11248	0.02313	0.11430	0.04612	0.02930	0.00898	0.01029	0.00701	0.00441	0.00416	0.00124	0.00560	0.00353	0.00271	0.13960
14	0.00740	0.00576	0.00818	0.00779	0.00842	0.00698	0.00609	0.00879	0.00768	0.01143	0.05129	0.01765	0.01218	0.05843	0.50817	0.03686	0.16179	0.00491	0.06603	0.00416
15	0.00867	0.00816	0.01377	0.82762	0.03162	0.01020	0.01275	0.01173	0.00918	0.01173	0.00816	0.01224	0.00612	0.00459	0.00459	0.00153	0.00612	0.00408	0.00204	0.00510
16	0.24053	0.00967	0.01294	0.25210	0.25795	0.04492	0.01034	0.01301	0.00947	0.01539	0.05000	0.01160	0.00812	0.00476	0.00459	0.00145	0.04115	0.00383	0.00250	0.00569
17	0.00951	0.00933	0.01551	0.20976	0.22806	0.03324	0.13922	0.01194	0.00970	0.01308	0.01226	0.14541	0.02713	0.00663	0.00596	0.00160	0.08309	0.03036	0.00262	0.00558
18	0.60000	0.00933	0.01000	0.07152	0.14467	0.01063	0.02008	0.02421	0.00856	0.01861	0.00699	0.00871	0.00556	0.00443	0.00386	0.00145	0.04029	0.00301	0.00267	0.00543
19	0.00556	0.00459	0.00488	0.00496	0.00632	0.00391	0.00366	0.00679	0.01056	0.01298	0.12682	0.12725	0.64249	0.01168	0.00547	0.00157	0.00234	0.00990	0.00435	0.00391
20	0.52360	0.00844	0.00834	0.00691	0.01004	0.00885	0.00570	0.01712	0.00999	0.34443	0.01118	0.01080	0.00758	0.00484	0.00357	0.00142	0.00370	0.00336	0.00400	0.00613
21	0.03999	0.01078	0.01195	0.10287	0.01496	0.01232	0.00838	0.31599	0.38981	0.02210	0.01419	0.01395	0.01047	0.00571	0.00458	0.00148	0.00445	0.00458	0.00429	0.00715
22	0.01314	0.01531	0.11327	0.10115	0.12544	0.25514	0.06347	0.09161	0.08622	0.03904	0.01029	0.04676	0.00835	0.00519	0.00454	0.00139	0.00632	0.00426	0.00288	0.00623
23	0.00559	0.00400	0.00533	0.00639	0.00666	0.00373	0.00426	0.00639	0.00879	0.01172	0.02530	0.83566	0.03036	0.01438	0.00586	0.00186	0.00266	0.01305	0.00426	0.00373
24	0.00650	0.00469	0.00614	0.00578	0.00686	0.00433	0.00433	0.00866	0.01300	0.01841	0.80760	0.03429	0.04332	0.00939	0.00541	0.00144	0.00217	0.00830	0.00505	0.00433
25	0.01009	0.00962	0.01647	0.25363	0.21651	0.01022	0.18040	0.03038	0.10096	0.01465	0.01190	0.04284	0.03397	0.00512	0.00478	0.00149	0.00558	0.00500	0.04035	0.00605
26	0.00931	0.00834	0.01372	0.21296	0.31718	0.00893	0.03677	0.01178	0.00986	0.01366	0.01294	0.09276	0.01250	0.00680	0.00532	0.00159	0.03517	0.13646	0.04833	0.00564
27	0.01816	0.00872	0.01088	0.00858	0.01189	0.00842	0.00700	0.14484	0.11717	0.54292	0.05883	0.01608	0.01283	0.00592	0.00466	0.00143	0.00396	0.00481	0.00534	0.00756
28	0.00560	0.00462	0.00493	0.00503	0.00642	0.00395	0.00377	0.00684	0.01051	0.01284	0.10066	0.11133	0.65451	0.01174	0.00550	0.00159	0.00242	0.03952	0.00432	0.00391
29	0.01089	0.16099	0.17621	0.12002	0.07750	0.03247	0.16507	0.03848	0.01017	0.04840	0.00896	0.01134	0.00706	0.00730	0.08345	0.00197	0.02730	0.00399	0.00237	0.00606
30	0.01597	0.00977	0.05702	0.05611	0.03782	0.07291	0.02422	0.01882	0.06519	0.45553	0.10630	0.03296	0.01431	0.00602	0.00470	0.00143	0.00444	0.00501	0.00465	0.00683
31	0.00730	0.00522	0.00729	0.00835	0.00936	0.00520	0.00723	0.00935	0.01047	0.01363	0.02436	0.09327	0.02663	0.01277	0.00632	0.00210	0.00414	0.73858	0.00423	0.00420
32	0.00849	0.00727	0.02634	0.01041	0.07916	0.00659	0.13987	0.01110	0.03630	0.06162	0.23704	0.05141	0.21009	0.00858	0.00536	0.00156	0.00389	0.08578	0.00402	0.00511
33	0.05740	0.06380	0.34359	0.06309	0.07096	0.02141	0.06862	0.08626	0.03344	0.11132	0.01082	0.01181	0.02764	0.00480	0.00439	0.00142	0.00576	0.00395	0.00287	0.00666

[dist]
# distance from previous block
# <min> <max>
0	1

[block]
# block no. 4 follows, 56 sequences, length 50
# corresponding to MSA columns:
# 705-754
name=unknown_E
#
# <colnr> <probs for GDERKNQSTAVLIFYWHMCP>
#	G	D	E	R	K	N	Q	S	T	A	V	L	I	F	Y	W	H	M	C	P
0	0.13688	0.20277	0.06201	0.22328	0.08387	0.04103	0.02493	0.08952	0.01057	0.01504	0.00876	0.01232	0.00740	0.01734	0.00431	0.00142	0.00533	0.04494	0.00255	0.00576
1	0.32657	0.30758	0.03469	0.02739	0.04894	0.11579	0.01783	0.03003	0.01878	0.01526	0.00694	0.00816	0.00577	0.00430	0.00346	0.00125	0.01643	0.00279	0.00244	0.00560
2	0.01289	0.00567	0.00693	0.00594	0.00796	0.00523	0.00469	0.01490	0.01137	0.32030	0.11210	0.01863	0.01543	0.00596	0.00401	0.00125	0.00282	0.00489	0.43340	0.00563
3	0.05250	0.60092	0.12479	0.00911	0.01319	0.01590	0.05122	0.01365	0.00944	0.01222	0.03335	0.00891	0.00714	0.00429	0.00367	0.00114	0.02755	0.00297	0.00213	0.00590
4	0.00916	0.02254	0.75220	0.01301	0.01948	0.01043	0.04518	0.01430	0.00987	0.01471	0.04139	0.01081	0.00741	0.00455	0.00444	0.00146	0.00663	0.00367	0.00208	0.00666
5	0.00617	0.00468	0.00568	0.00543	0.00665	0.00419	0.00407	0.00802	0.01221	0.01655	0.57174	0.03736	0.28033	0.01008	0.00542	0.00148	0.00222	0.00873	0.00481	0.00419
6	0.00836	0.00561	0.00703	0.00654	0.00805	0.00540	0.00508	0.01163	0.10162	0.09137	0.52685	0.03277	0.09025	0.00912	0.00533	0.00152	0.00267	0.07092	0.00494	0.00494
7	0.00559	0.00400	0.00533	0.00639	0.00666	0.00373	0.00426	0.00639	0.00879	0.01172	0.02530	0.83566	0.03036	0.01438	0.00586	0.00186	0.00266	0.01305	0.00426	0.00373
8	0.00921	0.02375	0.81487	0.01309	0.01987	0.01066	0.01696	0.01454	0.00969	0.01454	0.00824	0.00969	0.00582	0.00436	0.00436	0.00145	0.00678	0.00339	0.00194	0.00678
9	0.01281	0.00955	0.01042	0.00916	0.01190	0.01071	0.00719	0.02409	0.68210	0.13965	0.01860	0.01690	0.01361	0.00615	0.00466	0.00154	0.00367	0.00510	0.00482	0.00735
10	0.00921	0.02375	0.81487	0.01309	0.01987	0.01066	0.01696	0.01454	0.00969	0.01454	0.00824	0.00969	0.00582	0.00436	0.00436	0.00145	0.00678	0.00339	0.00194	0.00678
11	0.00655	0.00640	0.07861	0.00627	0.00795	0.00491	0.00538	0.00867	0.01129	0.01557	0.40758	0.04638	0.23546	0.01168	0.07627	0.00199	0.00355	0.02118	0.03990	0.00440
12	0.01203	0.12310	0.01249	0.02325	0.01230	0.01235	0.00746	0.12625	0.53781	0.01893	0.01708	0.01614	0.04880	0.00604	0.00446	0.00145	0.00398	0.00486	0.00423	0.00696
13	0.01715	0.02188	0.01301	0.01183	0.01419	0.82022	0.00887	0.01833	0.01301	0.01124	0.00710	0.00828	0.00591	0.00473	0.00414	0.00118	0.00828	0.00296	0.00237	0.00532
14	0.01206	0.00987	0.01488	0.04360	0.29988	0.01021	0.08097	0.11386	0.10851	0.09079	0.04150	0.03255	0.05955	0.00589	0.00517	0.00148	0.03298	0.02610	0.00347	0.00668
15	0.18279	0.04027	0.01073	0.00794	0.01148	0.03320	0.00653	0.15362	0.01256	0.27096	0.01137	0.01120	0.00801	0.00472	0.00389	0.00121	0.00408	0.00352	0.00397	0.21794
16	0.02044	0.00806	0.01081	0.00829	0.01184	0.00712	0.00685	0.06058	0.01356	0.77440	0.01776	0.01540	0.01119	0.00567	0.00462	0.00142	0.00396	0.00459	0.00563	0.00781
17	0.00600	0.00444	0.00625	0.00701	0.00755	0.00418	0.02811	0.00710	0.00920	0.01222	0.04080	0.67769	0.04307	0.01370	0.00589	0.00187	0.00300	0.11380	0.00422	0.00388
18	0.01382	0.01025	0.01431	0.28490	0.19571	0.07358	0.03054	0.08037	0.01186	0.22284	0.01104	0.01252	0.00789	0.00483	0.00457	0.00143	0.00552	0.00417	0.00328	0.00656
19	0.00571	0.00409	0.00535	0.00631	0.00665	0.00383	0.00425	0.00652	0.00881	0.01167	0.02563	0.73024	0.06412	0.05868	0.00680	0.00200	0.00280	0.03866	0.00418	0.00370
20	0.00656	0.00492	0.00738	0.00738	0.00820	0.00574	0.00574	0.00820	0.00738	0.01066	0.01230	0.01804	0.01148	0.03443	0.82046	0.00738	0.01230	0.00492	0.00246	0.00410
21	0.10718	0.01978	0.56709	0.01268	0.01837	0.01107	0.08838	0.06638	0.01029	0.01608	0.00824	0.00980	0.00597	0.00451	0.00469	0.00147	0.03569	0.00355	0.00226	0.00653
22	0.02930	0.01483	0.01437	0.24690	0.09925	0.33400	0.04197	0.13737	0.01282	0.01483	0.00825	0.01030	0.00643	0.00471	0.00441	0.00135	0.00677	0.00367	0.00262	0.00587
23	0.00564	0.00402	0.00531	0.00633	0.00658	0.00376	0.00419	0.00641	0.00869	0.01159	0.02480	0.79826	0.02973	0.05265	0.00667	0.00198	0.00275	0.01276	0.00419	0.00368
24	0.87108	0.00888	0.00675	0.00604	0.00888	0.01030	0.00497	0.01350	0.00781	0.02060	0.00639	0.00746	0.00497	0.00426	0.00284	0.00142	0.00355	0.00249	0.00284	0.00497
25	0.00668	0.00445	0.00501	0.00501	0.00501	0.00445	0.00278	0.00668	0.00668	0.00890	0.01447	0.03004	0.01669	0.83866	0.02337	0.00445	0.00445	0.00668	0.00278	0.00278
26	0.00592	0.00454	0.00550	0.00565	0.00670	0.00413	0.00415	0.00737	0.01072	0.01412	0.28650	0.22311	0.31778	0.01288	0.05278	0.00194	0.00297	0.02483	0.00441	0.00401
27	0.00867	0.00816	0.01377	0.82762	0.03162	0.01020	0.01275	0.01173	0.00918	0.01173	0.00816	0.01224	0.00612	0.00459	0.00459	0.00153	0.00612	0.00408	0.00204	0.00510
28	0.01367	0.33753	0.15017	0.00980	0.01401	0.01400	0.03271	0.18015	0.08438	0.10664	0.01019	0.01049	0.00767	0.00474	0.00395	0.00126	0.00511	0.00354	0.00319	0.00679
29	0.01134	0.01097	0.01898	0.02781	0.77745	0.01094	0.04637	0.01412	0.01047	0.01499	0.00866	0.01140	0.00726	0.00408	0.00458	0.00137	0.00555	0.00415	0.00227	0.00723
30	0.00894	0.00840	0.01418	0.70944	0.12438	0.01016	0.01272	0.01192	0.00928	0.01209	0.00833	0.01229	0.00640	0.00534	0.02673	0.00167	0.00621	0.00410	0.00208	0.00533
31	0.00559	0.00400	0.00533	0.00639	0.00666	0.00373	0.00426	0.00639	0.00879	0.01172	0.02530	0.83566	0.03036	0.01438	0.00586	0.00186	0.00266	0.01305	0.00426	0.00373
32	0.00764	0.00681	0.03573	0.00809	0.02139	0.00757	0.00605	0.00848	0.00731	0.01037	0.01312	0.09016	0.03129	0.35858	0.13467	0.00376	0.23629	0.00613	0.00264	0.00392
33	0.00957	0.00842	0.01396	0.68923	0.08503	0.01024	0.01240	0.01244	0.00939	0.05518	0.00863	0.01226	0.00648	0.00477	0.00507	0.00153	0.04363	0.00411	0.00225	0.00540
34	0.00657	0.00488	0.00717	0.00717	0.00792	0.00563	0.00548	0.00807	0.00732	0.01050	0.01249	0.01908	0.01193	0.10451	0.75101	0.00712	0.01161	0.00507	0.00249	0.00398
35	0.00656	0.00492	0.00738	0.00738	0.00820	0.00574	0.00574	0.00820	0.00738	0.01066	0.01230	0.01804	0.01148	0.03443	0.82046	0.00738	0.01230	0.00492	0.00246	0.00410
36	0.00566	0.00404	0.00540	0.00647	0.00676	0.00378	0.00437	0.00650	0.00885	0.01179	0.02527	0.80777	0.03022	0.01432	0.00588	0.00187	0.00272	0.04030	0.00426	0.00375
37	0.01716	0.02161	0.01303	0.01179	0.01419	0.79609	0.00887	0.04158	0.01327	0.01177	0.00721	0.00836	0.00597	0.00475	0.00415	0.00119	0.00818	0.00299	0.00243	0.00540
38	0.78471	0.00899	0.00731	0.00652	0.00919	0.01055	0.00535	0.01387	0.04463	0.02002	0.00694	0.00805	0.00545	0.00456	0.00359	0.00146	0.04817	0.00269	0.00288	0.00508
39	0.07188	0.01040	0.03189	0.04213	0.08065	0.16142	0.00747	0.07520	0.01254	0.02867	0.34974	0.02096	0.02254	0.00698	0.00524	0.00142	0.04273	0.01910	0.00376	0.00528
40	0.01314	0.65954	0.02154	0.00832	0.01213	0.01697	0.00792	0.12369	0.05585	0.03224	0.00799	0.00862	0.00674	0.00432	0.00331	0.00108	0.00483	0.00289	0.00257	0.00628
41	0.02060	0.00781	0.01065	0.00817	0.01172	0.00675	0.00675	0.02237	0.01314	0.81320	0.01811	0.01563	0.01136	0.00568	0.00462	0.00142	0.00391	0.00462	0.00568	0.00781
42	0.00639	0.00445	0.00575	0.00602	0.00631	0.00461	0.00398	0.00700	0.00739	0.01008	0.01651	0.23144	0.01859	0.39530	0.23465	0.02121	0.00611	0.00777	0.00306	0.00336
43	0.00867	0.00816	0.01377	0.82762	0.03162	0.01020	0.01275	0.01173	0.00918	0.01173	0.00816	0.01224	0.00612	0.00459	0.00459	0.00153	0.00612	0.00408	0.00204	0.00510
44	0.00559	0.00400	0.00533	0.00639	0.00666	0.00373	0.00426	0.00639	0.00879	0.01172	0.02530	0.83566	0.03036	0.01438	0.00586	0.00186	0.00266	0.01305	0.00426	0.00373
45	0.00944	0.00859	0.01392	0.04747	0.50014	0.00851	0.01054	0.01185	0.01094	0.01538	0.20281	0.05582	0.07245	0.00635	0.00487	0.00142	0.00435	0.00588	0.00316	0.00610
46	0.00586	0.00415	0.00556	0.03426	0.00744	0.00398	0.00449	0.00681	0.00885	0.01201	0.02416	0.76343	0.02853	0.01356	0.00567	0.00181	0.00275	0.01227	0.05059	0.00381
47	0.04378	0.00582	0.00784	0.03490	0.00901	0.00569	0.02861	0.03426	0.00824	0.01185	0.01297	0.16526	0.03601	0.04361	0.07627	0.29621	0.01937	0.00577	0.00280	0.15174
48	0.00586	0.00416	0.00525	0.00597	0.00627	0.00392	0.00389	0.00654	0.00855	0.01135	0.04997	0.58592	0.06970	0.19869	0.00974	0.00241	0.00303	0.01128	0.00396	0.00354
49	0.04996	0.00917	0.01300	0.20361	0.22023	0.02295	0.02038	0.01345	0.08038	0.01487	0.05181	0.01266	0.00929	0.00468	0.00462	0.00128	0.03406	0.00400	0.01390	0.21569

[dist]
# distance from previous block
# <min> <max>
0	59

# created by:
# /st0/software/busco_prod/Augustus/scripts/msa2prfl.pl ./align_prep/1323575.fa
