[name]
unknown

[dist]
# distance from previous block
# <min> <max>
3	96

[block]
# block no. 0 follows, 60 sequences, length 15
# corresponding to MSA columns:
# 132-146
name=unknown_A
#
# <colnr> <probs for GDERKNQSTAVLIFYWHMCP>
#	G	D	E	R	K	N	Q	S	T	A	V	L	I	F	Y	W	H	M	C	P
0	0.05732	0.00905	0.01051	0.00942	0.07424	0.00953	0.00677	0.36747	0.01407	0.15730	0.01205	0.01563	0.00995	0.21702	0.00877	0.00205	0.00443	0.00453	0.00385	0.00604
1	0.59067	0.00771	0.00689	0.00603	0.00864	0.00824	0.00483	0.01243	0.00815	0.08120	0.00934	0.10895	0.00834	0.00521	0.00325	0.00131	0.00328	0.00376	0.00306	0.11872
2	0.01007	0.11841	0.01109	0.00695	0.01053	0.00811	0.00576	0.10687	0.01066	0.01555	0.07172	0.01080	0.00920	0.00399	0.00346	0.00082	0.00351	0.00313	0.00288	0.58648
3	0.04240	0.00795	0.00988	0.00774	0.01068	0.00759	0.00623	0.16936	0.01307	0.53976	0.01513	0.01557	0.01063	0.11567	0.00667	0.00172	0.00398	0.00450	0.00476	0.00672
4	0.51591	0.00887	0.00875	0.00734	0.00990	0.01014	0.00607	0.10954	0.00975	0.15399	0.00843	0.00912	0.00620	0.00489	0.00471	0.00142	0.11316	0.00308	0.00325	0.00551
5	0.00646	0.00461	0.00559	0.00566	0.00575	0.00487	0.00363	0.00675	0.00688	0.00928	0.01525	0.16223	0.01764	0.60366	0.01807	0.00354	0.06978	0.04446	0.00288	0.00302
6	0.02886	0.00669	0.00753	0.00738	0.00835	0.10492	0.00566	0.00900	0.00763	0.01034	0.01105	0.01631	0.01035	0.06736	0.67106	0.00603	0.01066	0.00447	0.00235	0.00400
7	0.01079	0.00996	0.11635	0.00884	0.01138	0.00922	0.00783	0.03717	0.32754	0.12012	0.15784	0.01712	0.01585	0.00633	0.00568	0.00147	0.10445	0.00499	0.02096	0.00611
8	0.01487	0.10906	0.01098	0.00772	0.01053	0.00839	0.00653	0.12152	0.04418	0.38852	0.03390	0.01842	0.01243	0.00612	0.00430	0.00136	0.00381	0.10720	0.08382	0.00635
9	0.00995	0.05454	0.03738	0.01147	0.01398	0.05602	0.29871	0.04808	0.00935	0.04775	0.01029	0.01588	0.00936	0.21912	0.08583	0.00264	0.05733	0.00490	0.00252	0.00491
10	0.09706	0.11884	0.03696	0.13418	0.08618	0.01874	0.07388	0.04639	0.03866	0.01336	0.01134	0.18757	0.01118	0.00715	0.02357	0.00158	0.08005	0.00546	0.00270	0.00513
11	0.00611	0.00505	0.00785	0.00751	0.00858	0.00467	0.10897	0.00747	0.00926	0.01225	0.09404	0.51231	0.13636	0.01149	0.00544	0.00167	0.00315	0.05001	0.00387	0.00394
12	0.00625	0.00475	0.00627	0.00670	0.00713	0.00498	0.00484	0.00712	0.00841	0.02816	0.02331	0.58179	0.10680	0.03087	0.00704	0.00181	0.11229	0.04391	0.00376	0.00380
13	0.01146	0.01011	0.01631	0.23621	0.33127	0.01076	0.10721	0.16799	0.01180	0.04134	0.00889	0.01120	0.00681	0.00430	0.00444	0.00136	0.00549	0.00406	0.00264	0.00635
14	0.06015	0.02150	0.12613	0.12248	0.18741	0.04532	0.02114	0.04180	0.02137	0.07584	0.02287	0.04562	0.00805	0.00547	0.00629	0.00148	0.17465	0.00412	0.00255	0.00577

[dist]
# distance from previous block
# <min> <max>
1	44

[block]
# block no. 1 follows, 60 sequences, length 39
# corresponding to MSA columns:
# 191-229
name=unknown_B
#
# <colnr> <probs for GDERKNQSTAVLIFYWHMCP>
#	G	D	E	R	K	N	Q	S	T	A	V	L	I	F	Y	W	H	M	C	P
0	0.11301	0.13024	0.06282	0.02268	0.09441	0.13070	0.10489	0.07672	0.07079	0.01490	0.02705	0.05194	0.00848	0.00484	0.00411	0.00126	0.01643	0.00396	0.00270	0.05807
1	0.02722	0.00634	0.00803	0.03041	0.00947	0.00597	0.00545	0.06616	0.02186	0.36678	0.11293	0.12326	0.05570	0.02862	0.00493	0.00145	0.00322	0.00599	0.11052	0.00570
2	0.00934	0.02034	0.10943	0.15016	0.13432	0.03564	0.09279	0.03263	0.05977	0.01306	0.04032	0.04317	0.00934	0.01842	0.08823	0.00207	0.12855	0.00452	0.00245	0.00545
3	0.00599	0.00446	0.00558	0.00533	0.00645	0.00405	0.00403	0.00785	0.01180	0.01623	0.64208	0.03488	0.19702	0.00942	0.00517	0.00141	0.00214	0.02745	0.00463	0.00403
4	0.01166	0.76671	0.02180	0.00774	0.01127	0.01680	0.00755	0.03209	0.03431	0.01093	0.00652	0.00748	0.00589	0.00400	0.00339	0.00100	0.04069	0.00252	0.00201	0.00565
5	0.00596	0.00463	0.00568	0.02628	0.00753	0.00428	0.00479	0.00751	0.01026	0.01313	0.17831	0.10316	0.36954	0.01097	0.00541	0.00163	0.00281	0.23012	0.00413	0.00387
6	0.00612	0.00438	0.00564	0.00569	0.00621	0.00453	0.00395	0.00691	0.00745	0.01009	0.06078	0.08538	0.10766	0.32663	0.30750	0.03192	0.00642	0.00652	0.00289	0.00333
7	0.00957	0.25004	0.58653	0.01104	0.01661	0.01216	0.01359	0.01354	0.00906	0.01276	0.00730	0.00861	0.00555	0.00410	0.00398	0.00127	0.02328	0.00299	0.00185	0.00618
8	0.04055	0.00979	0.01507	0.26983	0.29186	0.03127	0.06795	0.09906	0.01083	0.08410	0.00895	0.01120	0.00680	0.00442	0.00463	0.00138	0.02964	0.00394	0.00262	0.00612
9	0.00746	0.00613	0.00717	0.00729	0.00814	0.06613	0.03297	0.07712	0.00963	0.01246	0.01978	0.59621	0.02273	0.01264	0.03617	0.04325	0.00372	0.02330	0.00371	0.00402
10	0.00891	0.00745	0.00880	0.00657	0.01008	0.00577	0.00525	0.02294	0.00916	0.01408	0.00906	0.03297	0.00812	0.00436	0.00386	0.02594	0.00330	0.04653	0.00271	0.76414
11	0.00840	0.00605	0.00726	0.00652	0.00811	0.00612	0.00502	0.06255	0.16692	0.05922	0.55277	0.02734	0.05020	0.00797	0.00492	0.00139	0.00259	0.00692	0.00472	0.00502
12	0.00904	0.00775	0.00904	0.00646	0.01034	0.00581	0.00517	0.01098	0.00904	0.01421	0.00775	0.00904	0.00646	0.00323	0.00323	0.00065	0.00323	0.00258	0.00258	0.87339
13	0.00655	0.00476	0.00607	0.00593	0.00616	0.00528	0.00399	0.00708	0.00656	0.00910	0.01253	0.02374	0.01363	0.54336	0.25945	0.00487	0.06960	0.00566	0.00250	0.00317
14	0.87753	0.00843	0.00641	0.00574	0.00843	0.00978	0.00472	0.01282	0.00742	0.01957	0.00607	0.00709	0.00472	0.00405	0.00270	0.00135	0.00337	0.00236	0.00270	0.00472
15	0.00531	0.00380	0.00506	0.00607	0.00633	0.00354	0.00405	0.00607	0.00835	0.01113	0.02404	0.84388	0.02885	0.01366	0.00557	0.00177	0.00253	0.01240	0.00405	0.00354
16	0.00758	0.00514	0.00643	0.00586	0.00724	0.00485	0.00447	0.03476	0.05036	0.07427	0.62834	0.03069	0.10587	0.00860	0.00503	0.00138	0.00234	0.00749	0.00475	0.00455
17	0.00824	0.00775	0.01308	0.83624	0.03004	0.00969	0.01211	0.01114	0.00872	0.01114	0.00775	0.01163	0.00581	0.00436	0.00436	0.00145	0.00581	0.00388	0.00194	0.00484
18	0.00779	0.00571	0.00732	0.04175	0.00847	0.00635	0.00514	0.11243	0.02176	0.01199	0.01218	0.02003	0.01201	0.31413	0.38833	0.00496	0.00777	0.00513	0.00273	0.00401
19	0.87753	0.00843	0.00641	0.00574	0.00843	0.00978	0.00472	0.01282	0.00742	0.01957	0.00607	0.00709	0.00472	0.00405	0.00270	0.00135	0.00337	0.00236	0.00270	0.00472
20	0.00601	0.00445	0.00561	0.00532	0.00642	0.00405	0.00399	0.00792	0.01197	0.01659	0.69495	0.03406	0.16398	0.00925	0.00515	0.00139	0.00208	0.00810	0.00468	0.00405
21	0.01944	0.00763	0.01025	0.00786	0.01123	0.00671	0.00649	0.05444	0.01282	0.78888	0.01692	0.01466	0.01065	0.00539	0.00438	0.00135	0.00376	0.00437	0.00535	0.00742
22	0.00904	0.00775	0.00904	0.00646	0.01034	0.00581	0.00517	0.01098	0.00904	0.01421	0.00775	0.00904	0.00646	0.00323	0.00323	0.00065	0.00323	0.00258	0.00258	0.87339
23	0.01166	0.84935	0.02285	0.00746	0.01119	0.01726	0.00746	0.01306	0.00886	0.01026	0.00606	0.00700	0.00560	0.00373	0.00280	0.00093	0.00466	0.00233	0.00187	0.00560
24	0.00954	0.00954	0.01336	0.01145	0.01145	0.01336	0.00954	0.01050	0.00668	0.01050	0.00573	0.00954	0.00573	0.00763	0.01431	0.00191	0.83874	0.00382	0.00191	0.00477
25	0.00970	0.00825	0.01124	0.00805	0.01197	0.00651	0.10784	0.01185	0.00937	0.05257	0.00834	0.00967	0.00669	0.00339	0.00353	0.00079	0.00378	0.00300	0.00267	0.72078
26	0.00921	0.15503	0.69574	0.01163	0.01765	0.01127	0.01473	0.01369	0.00915	0.01324	0.00754	0.00885	0.00554	0.00408	0.00393	0.00131	0.00616	0.00308	0.00185	0.00631
27	0.00736	0.00536	0.00661	0.00623	0.00756	0.00530	0.00477	0.01099	0.14230	0.04392	0.55469	0.06046	0.06655	0.00875	0.00507	0.00144	0.00247	0.05086	0.00466	0.00464
28	0.01067	0.01024	0.01748	0.06522	0.78202	0.01033	0.01332	0.01328	0.00987	0.01410	0.00818	0.01083	0.00686	0.00391	0.00432	0.00130	0.00521	0.00389	0.00215	0.00681
29	0.01432	0.01733	0.01224	0.03545	0.07866	0.60549	0.02340	0.04460	0.01206	0.01178	0.01108	0.01204	0.09285	0.00516	0.00415	0.00120	0.00686	0.00370	0.00250	0.00516
30	0.00724	0.00435	0.00518	0.00494	0.00601	0.00414	0.00372	0.00928	0.01102	0.03210	0.46882	0.02547	0.02814	0.00726	0.00426	0.00122	0.00208	0.00623	0.36439	0.00416
31	0.00724	0.02330	0.06971	0.00764	0.00992	0.00634	0.10253	0.03644	0.07916	0.01362	0.06530	0.07575	0.41684	0.00884	0.00497	0.00148	0.00348	0.04229	0.02053	0.00463
32	0.01389	0.06072	0.13309	0.01116	0.01391	0.45893	0.02500	0.03822	0.02882	0.04569	0.00755	0.00888	0.00608	0.00492	0.00545	0.00129	0.12539	0.00318	0.00236	0.00547
33	0.09166	0.01026	0.01507	0.01468	0.18580	0.02057	0.18242	0.05700	0.27939	0.03414	0.01150	0.01247	0.00882	0.00485	0.00494	0.00143	0.05108	0.00437	0.00315	0.00638
34	0.00634	0.00422	0.00489	0.00492	0.00496	0.00424	0.00284	0.00638	0.00642	0.00859	0.01382	0.05499	0.01585	0.76051	0.05567	0.02912	0.00447	0.00640	0.00266	0.00270
35	0.03243	0.12879	0.12040	0.01029	0.05111	0.05840	0.02179	0.13784	0.30728	0.03072	0.03888	0.01257	0.01005	0.00513	0.00424	0.00133	0.01483	0.00404	0.00341	0.00645
36	0.01069	0.05179	0.15706	0.22500	0.11272	0.01954	0.11973	0.06432	0.09562	0.06441	0.00964	0.01143	0.00719	0.00452	0.00462	0.00140	0.02763	0.00400	0.00262	0.00608
37	0.00768	0.00581	0.00675	0.00653	0.00793	0.00595	0.00491	0.01228	0.23853	0.03884	0.27114	0.18977	0.12115	0.00912	0.00496	0.00150	0.00266	0.02794	0.03171	0.00483
38	0.01747	0.00695	0.00940	0.00744	0.01036	0.00609	0.00605	0.01905	0.01188	0.69268	0.04659	0.01806	0.01293	0.07400	0.00593	0.00161	0.00371	0.03795	0.00509	0.00677

[dist]
# distance from previous block
# <min> <max>
1	9

[block]
# block no. 2 follows, 60 sequences, length 13
# corresponding to MSA columns:
# 239-251
name=unknown_C
#
# <colnr> <probs for GDERKNQSTAVLIFYWHMCP>
#	G	D	E	R	K	N	Q	S	T	A	V	L	I	F	Y	W	H	M	C	P
0	0.01319	0.13381	0.01430	0.07236	0.05264	0.15768	0.03837	0.23552	0.03218	0.04871	0.00914	0.02611	0.00737	0.00629	0.04446	0.00154	0.06096	0.00372	0.00296	0.03870
1	0.09314	0.18391	0.11198	0.02793	0.03190	0.01034	0.00783	0.07389	0.02254	0.04883	0.00793	0.00905	0.00633	0.00407	0.00394	0.00105	0.04430	0.00293	0.00258	0.30551
2	0.04618	0.02696	0.01273	0.57342	0.06267	0.05264	0.02742	0.02304	0.00909	0.01202	0.00941	0.01255	0.04039	0.00539	0.02461	0.00155	0.02760	0.00400	0.02339	0.00493
3	0.00665	0.00413	0.00469	0.00484	0.00538	0.00401	0.00321	0.00771	0.00840	0.01254	0.10184	0.17479	0.05473	0.30065	0.01050	0.00233	0.00290	0.00701	0.28023	0.00346
4	0.01234	0.01123	0.02869	0.25796	0.15827	0.12655	0.02389	0.15781	0.06960	0.07558	0.01050	0.01200	0.02668	0.00479	0.00433	0.00135	0.00544	0.00399	0.00295	0.00606
5	0.00621	0.00427	0.00522	0.00533	0.00551	0.00439	0.00333	0.00659	0.00669	0.00907	0.01446	0.11438	0.01631	0.60059	0.17530	0.00450	0.00548	0.00668	0.00274	0.00298
6	0.00693	0.00489	0.00617	0.00589	0.00678	0.00483	0.01755	0.02678	0.00888	0.04729	0.12303	0.11831	0.19420	0.25087	0.12137	0.01721	0.02447	0.00734	0.00346	0.00374
7	0.78367	0.00796	0.00616	0.00556	0.00807	0.00917	0.00454	0.01253	0.00761	0.01921	0.00695	0.00808	0.00542	0.00416	0.00274	0.00131	0.00323	0.00255	0.09644	0.00465
8	0.08288	0.01983	0.01190	0.01081	0.01309	0.76586	0.00814	0.01706	0.01198	0.01136	0.00669	0.00780	0.00555	0.00446	0.00384	0.00114	0.00752	0.00277	0.00228	0.00503
9	0.00643	0.00491	0.00597	0.00568	0.00688	0.00468	0.00426	0.00929	0.09061	0.01636	0.57891	0.06969	0.16147	0.00918	0.00510	0.00142	0.00224	0.00801	0.00461	0.00429
10	0.01145	0.02332	0.06275	0.04860	0.02291	0.17143	0.00784	0.12079	0.16341	0.02891	0.03581	0.06866	0.01076	0.00788	0.06713	0.00177	0.05686	0.00452	0.04266	0.04256
11	0.00563	0.00430	0.00508	0.00515	0.00614	0.00384	0.00371	0.00695	0.01031	0.01356	0.32211	0.19407	0.33417	0.05762	0.00619	0.00165	0.00233	0.00918	0.00425	0.00376
12	0.73280	0.02962	0.00724	0.00618	0.00879	0.04439	0.00504	0.01340	0.05297	0.01880	0.04248	0.00875	0.00687	0.00438	0.00296	0.00134	0.00354	0.00277	0.00285	0.00485

[dist]
# distance from previous block
# <min> <max>
1	24

[block]
# block no. 3 follows, 60 sequences, length 13
# corresponding to MSA columns:
# 276-288
name=unknown_D
#
# <colnr> <probs for GDERKNQSTAVLIFYWHMCP>
#	G	D	E	R	K	N	Q	S	T	A	V	L	I	F	Y	W	H	M	C	P
0	0.04863	0.45586	0.07509	0.08115	0.01416	0.01421	0.05447	0.08836	0.05871	0.04212	0.00800	0.00906	0.00646	0.00424	0.00372	0.00116	0.02319	0.00311	0.00244	0.00587
1	0.00557	0.00422	0.00510	0.00533	0.00621	0.00379	0.00380	0.00684	0.01010	0.01334	0.28945	0.30701	0.27873	0.03304	0.00573	0.00161	0.00232	0.00977	0.00426	0.00375
2	0.01200	0.04540	0.01172	0.03580	0.05130	0.03142	0.03012	0.21995	0.18411	0.05608	0.01251	0.05811	0.01914	0.00534	0.00417	0.00122	0.00414	0.01458	0.00360	0.19929
3	0.00556	0.00406	0.00505	0.00555	0.00610	0.00374	0.00377	0.00651	0.00907	0.01203	0.16326	0.47624	0.15934	0.10985	0.00737	0.00194	0.00259	0.01038	0.00401	0.00356
4	0.02372	0.11885	0.08189	0.04034	0.16285	0.04191	0.06464	0.19596	0.03009	0.12170	0.02768	0.01110	0.00799	0.00461	0.00430	0.00127	0.01836	0.00380	0.00315	0.03578
5	0.01026	0.08826	0.42729	0.01131	0.02948	0.04540	0.05913	0.06879	0.02273	0.05540	0.04668	0.06693	0.00936	0.00524	0.00461	0.00137	0.03488	0.00424	0.00257	0.00605
6	0.00530	0.00386	0.00499	0.00590	0.00628	0.00356	0.00397	0.00609	0.00851	0.01120	0.02612	0.76099	0.11038	0.01339	0.00552	0.00174	0.00250	0.01207	0.00405	0.00356
7	0.02476	0.00822	0.01344	0.24126	0.10472	0.00874	0.14570	0.08231	0.02798	0.05789	0.01225	0.12205	0.01108	0.02314	0.02684	0.00167	0.00519	0.04396	0.03345	0.00535
8	0.02859	0.08355	0.15706	0.09547	0.10367	0.09204	0.09743	0.08601	0.01064	0.03235	0.00807	0.00976	0.00627	0.00413	0.00422	0.00121	0.02289	0.00343	0.00242	0.15078
9	0.03090	0.03779	0.01110	0.06971	0.01203	0.04878	0.03195	0.03405	0.02409	0.22326	0.01318	0.07883	0.04380	0.02422	0.09305	0.00215	0.20749	0.00493	0.00329	0.00538
10	0.00647	0.00504	0.00774	0.00743	0.00828	0.00582	0.03263	0.00802	0.00708	0.01020	0.01150	0.01721	0.01082	0.06567	0.74286	0.00655	0.03567	0.00473	0.00233	0.00393
11	0.01182	0.33583	0.01633	0.00926	0.01144	0.07561	0.00809	0.07355	0.05365	0.04329	0.00766	0.00929	0.00658	0.00544	0.00703	0.00135	0.28500	0.00326	0.02999	0.00551
12	0.06359	0.03939	0.00994	0.00756	0.01036	0.00728	0.00622	0.01813	0.05097	0.55106	0.11031	0.01656	0.03089	0.00594	0.00489	0.00138	0.04949	0.00471	0.00478	0.00656

[dist]
# distance from previous block
# <min> <max>
0	6

[block]
# block no. 4 follows, 60 sequences, length 10
# corresponding to MSA columns:
# 295-304
name=unknown_E
#
# <colnr> <probs for GDERKNQSTAVLIFYWHMCP>
#	G	D	E	R	K	N	Q	S	T	A	V	L	I	F	Y	W	H	M	C	P
0	0.00579	0.00433	0.00539	0.00545	0.00642	0.00393	0.00402	0.00737	0.01090	0.01473	0.45105	0.20326	0.21359	0.01049	0.00526	0.00150	0.00226	0.03591	0.00445	0.00390
1	0.00572	0.00423	0.00524	0.00542	0.00621	0.00386	0.00384	0.00704	0.01021	0.01377	0.36349	0.28911	0.18451	0.06932	0.00647	0.00172	0.00239	0.00945	0.00427	0.00375
2	0.00581	0.00399	0.00521	0.00590	0.00614	0.00385	0.00394	0.00633	0.00779	0.01039	0.02028	0.54007	0.02385	0.19735	0.03528	0.05895	0.00335	0.05471	0.00355	0.00328
3	0.01629	0.00841	0.01003	0.00796	0.01095	0.00840	0.00649	0.22192	0.10045	0.42070	0.01512	0.01407	0.01025	0.00537	0.00420	0.00131	0.00373	0.00428	0.12316	0.00691
4	0.00716	0.00537	0.00746	0.00729	0.00831	0.00614	0.00573	0.06059	0.04121	0.01175	0.01271	0.01921	0.01190	0.05041	0.66218	0.00598	0.01016	0.05953	0.00268	0.00422
5	0.87753	0.00843	0.00641	0.00574	0.00843	0.00978	0.00472	0.01282	0.00742	0.01957	0.00607	0.00709	0.00472	0.00405	0.00270	0.00135	0.00337	0.00236	0.00270	0.00472
6	0.01775	0.00753	0.00972	0.00763	0.01073	0.00692	0.00624	0.06860	0.06445	0.64608	0.01655	0.01480	0.01079	0.00539	0.00426	0.00132	0.00360	0.00436	0.08620	0.00707
7	0.01193	0.12209	0.21391	0.03912	0.01541	0.01120	0.10855	0.17766	0.08685	0.08889	0.01082	0.01163	0.02189	0.00574	0.03585	0.00153	0.00550	0.00393	0.00305	0.02445
8	0.10447	0.13508	0.09758	0.05054	0.11716	0.02277	0.10416	0.10253	0.02759	0.04654	0.06367	0.03690	0.06242	0.00524	0.00415	0.00132	0.00476	0.00445	0.00291	0.00577
9	0.10144	0.47430	0.06186	0.00864	0.02446	0.05722	0.03506	0.04465	0.04024	0.02595	0.00723	0.00822	0.00607	0.00408	0.00353	0.00109	0.02849	0.00278	0.00229	0.06241

[dist]
# distance from previous block
# <min> <max>
9	16

[block]
# block no. 5 follows, 60 sequences, length 19
# corresponding to MSA columns:
# 322-340
name=unknown_F
#
# <colnr> <probs for GDERKNQSTAVLIFYWHMCP>
#	G	D	E	R	K	N	Q	S	T	A	V	L	I	F	Y	W	H	M	C	P
0	0.02610	0.03767	0.02836	0.09695	0.13630	0.05068	0.02000	0.11270	0.10211	0.11899	0.01067	0.01166	0.00806	0.00533	0.02715	0.00137	0.01473	0.00375	0.03069	0.15670
1	0.45054	0.01303	0.00924	0.00829	0.01052	0.31530	0.00653	0.01424	0.00923	0.01529	0.00650	0.00785	0.00532	0.00459	0.00429	0.00131	0.08578	0.00271	0.02460	0.00484
2	0.00624	0.00442	0.00540	0.00519	0.00628	0.00406	0.00390	0.00810	0.01140	0.01609	0.55873	0.03268	0.16999	0.02464	0.00525	0.00142	0.00217	0.02721	0.10283	0.00401
3	0.00626	0.00546	0.03809	0.00630	0.00722	0.00526	0.00489	0.00746	0.00803	0.01088	0.05621	0.11397	0.19959	0.17389	0.26349	0.00375	0.06374	0.00688	0.01488	0.00375
4	0.01518	0.01165	0.04655	0.00950	0.01309	0.01187	0.00805	0.57776	0.07247	0.07458	0.01097	0.01093	0.00784	0.00502	0.00423	0.00125	0.00453	0.00384	0.00412	0.10658
5	0.13395	0.00799	0.00989	0.00770	0.01099	0.00751	0.00635	0.09107	0.01253	0.64327	0.01511	0.01341	0.00968	0.00520	0.00416	0.00135	0.00376	0.00407	0.00494	0.00706
6	0.06762	0.00763	0.01134	0.55101	0.05783	0.03006	0.01000	0.02940	0.00899	0.01223	0.01068	0.16361	0.01004	0.00605	0.00445	0.00149	0.00505	0.00531	0.00245	0.00475
7	0.01280	0.11972	0.21046	0.04989	0.10234	0.01100	0.11696	0.14031	0.01177	0.16810	0.00996	0.01081	0.00714	0.00442	0.00422	0.00131	0.00540	0.00380	0.00300	0.00658
8	0.00614	0.00418	0.00483	0.00496	0.00510	0.00410	0.00293	0.00638	0.00703	0.00935	0.04894	0.14683	0.05269	0.65743	0.01839	0.00364	0.00381	0.00740	0.00299	0.00288
9	0.00617	0.00446	0.00583	0.00549	0.00652	0.00412	0.00412	0.00823	0.01235	0.01749	0.81722	0.03258	0.04115	0.00892	0.00514	0.00137	0.00206	0.00789	0.00480	0.00412
10	0.49521	0.00833	0.00770	0.00675	0.00885	0.04212	0.00535	0.05197	0.00845	0.09453	0.00805	0.01036	0.00663	0.06332	0.00678	0.09513	0.06972	0.00319	0.00287	0.00469
11	0.00758	0.00379	0.00568	0.00568	0.00568	0.00379	0.00379	0.00568	0.00568	0.00758	0.00758	0.01326	0.00758	0.01515	0.01705	0.87311	0.00379	0.00379	0.00189	0.00189
12	0.00623	0.00467	0.00701	0.00701	0.00779	0.00545	0.00545	0.00779	0.00701	0.01012	0.01168	0.01713	0.01090	0.03271	0.82944	0.00701	0.01168	0.00467	0.00234	0.00389
13	0.01586	0.01989	0.01216	0.01105	0.01331	0.76460	0.00831	0.01787	0.07546	0.01127	0.00761	0.00853	0.00623	0.00461	0.00397	0.00115	0.00752	0.00298	0.00242	0.00520
14	0.74328	0.00866	0.00808	0.00682	0.00961	0.00978	0.06786	0.04105	0.00819	0.01928	0.00678	0.00795	0.00523	0.00410	0.00297	0.00134	0.00368	0.00271	0.03776	0.00488
15	0.00742	0.07907	0.00947	0.00795	0.00860	0.00810	0.00631	0.00850	0.00835	0.01149	0.07626	0.33516	0.06773	0.01021	0.00817	0.00171	0.27674	0.06134	0.00321	0.00421
16	0.00979	0.00822	0.00944	0.00689	0.01066	0.00673	0.00552	0.08157	0.04717	0.01557	0.00845	0.00950	0.00686	0.00353	0.00339	0.00074	0.00338	0.00281	0.00283	0.75694
17	0.12342	0.14188	0.18850	0.00987	0.01367	0.09903	0.07147	0.12748	0.01125	0.10962	0.02171	0.01004	0.00707	0.00491	0.00443	0.03817	0.00527	0.00342	0.00285	0.00592
18	0.02138	0.15292	0.02456	0.07365	0.01170	0.08186	0.01687	0.03787	0.03655	0.06357	0.01127	0.01503	0.03653	0.05932	0.13014	0.00238	0.13042	0.03482	0.05423	0.00494

[dist]
# distance from previous block
# <min> <max>
7	18

[block]
# block no. 6 follows, 60 sequences, length 22
# corresponding to MSA columns:
# 361-382
name=unknown_G
#
# <colnr> <probs for GDERKNQSTAVLIFYWHMCP>
#	G	D	E	R	K	N	Q	S	T	A	V	L	I	F	Y	W	H	M	C	P
0	0.02636	0.18632	0.30315	0.07730	0.12905	0.01210	0.03397	0.08998	0.04120	0.01440	0.00806	0.00961	0.00626	0.00435	0.00437	0.00130	0.04036	0.00338	0.00227	0.00621
1	0.01160	0.09994	0.16420	0.01086	0.04557	0.07390	0.02751	0.12301	0.29821	0.01638	0.01134	0.01173	0.00868	0.00517	0.00497	0.00138	0.07203	0.00392	0.00317	0.00642
2	0.01390	0.00615	0.00828	0.00693	0.00927	0.00543	0.00555	0.01563	0.01199	0.48414	0.24450	0.08148	0.04006	0.00740	0.00477	0.00142	0.00314	0.03893	0.00504	0.00598
3	0.04340	0.00605	0.00722	0.00645	0.00812	0.00604	0.00498	0.06297	0.11771	0.09952	0.50067	0.04705	0.05651	0.00793	0.00484	0.00139	0.00265	0.00683	0.00466	0.00503
4	0.00553	0.00439	0.00497	0.00492	0.00615	0.00383	0.00365	0.00695	0.01069	0.01379	0.32069	0.09535	0.48270	0.01047	0.00518	0.00146	0.00218	0.00896	0.00432	0.00383
5	0.00552	0.00424	0.00481	0.00501	0.00602	0.00375	0.00359	0.00668	0.00973	0.01255	0.15910	0.24280	0.42837	0.04730	0.00591	0.00163	0.00235	0.00949	0.03746	0.00368
6	0.87753	0.00843	0.00641	0.00574	0.00843	0.00978	0.00472	0.01282	0.00742	0.01957	0.00607	0.00709	0.00472	0.00405	0.00270	0.00135	0.00337	0.00236	0.00270	0.00472
7	0.01129	0.01224	0.01818	0.01405	0.01679	0.16927	0.38423	0.01362	0.00997	0.04626	0.01020	0.03573	0.03860	0.00545	0.00679	0.00151	0.17793	0.02008	0.00244	0.00537
8	0.87753	0.00843	0.00641	0.00574	0.00843	0.00978	0.00472	0.01282	0.00742	0.01957	0.00607	0.00709	0.00472	0.00405	0.00270	0.00135	0.00337	0.00236	0.00270	0.00472
9	0.01629	0.02079	0.01236	0.01124	0.01348	0.82921	0.00843	0.01742	0.01236	0.01067	0.00674	0.00787	0.00562	0.00449	0.00393	0.00112	0.00787	0.00281	0.00225	0.00506
10	0.00617	0.00446	0.00583	0.00549	0.00652	0.00412	0.00412	0.00823	0.01235	0.01749	0.81722	0.03258	0.04115	0.00892	0.00514	0.00137	0.00206	0.00789	0.00480	0.00412
11	0.01933	0.00780	0.01035	0.00794	0.01132	0.00697	0.00656	0.08269	0.01311	0.76022	0.01668	0.01450	0.01053	0.00539	0.00438	0.00135	0.00380	0.00435	0.00532	0.00742
12	0.00542	0.00395	0.00512	0.00590	0.00637	0.00365	0.00406	0.00636	0.00891	0.01182	0.09709	0.66980	0.10957	0.01293	0.00550	0.00171	0.00249	0.03162	0.00412	0.00362
13	0.01166	0.84935	0.02285	0.00746	0.01119	0.01726	0.00746	0.01306	0.00886	0.01026	0.00606	0.00700	0.00560	0.00373	0.00280	0.00093	0.00466	0.00233	0.00187	0.00560
14	0.00622	0.00438	0.00516	0.00496	0.00611	0.00399	0.00372	0.00802	0.01117	0.01575	0.47608	0.03240	0.24527	0.00885	0.00480	0.00134	0.00209	0.00761	0.14807	0.00399
15	0.01834	0.00774	0.01011	0.00786	0.01109	0.00707	0.00645	0.07823	0.05613	0.68627	0.03528	0.01504	0.01140	0.00549	0.00438	0.00135	0.00371	0.00446	0.02235	0.00725
16	0.00824	0.00775	0.01308	0.83624	0.03004	0.00969	0.01211	0.01114	0.00872	0.01114	0.00775	0.01163	0.00581	0.00436	0.00436	0.00145	0.00581	0.00388	0.00194	0.00484
17	0.00618	0.00461	0.00531	0.00533	0.00669	0.00406	0.00416	0.00762	0.01047	0.04423	0.18614	0.06085	0.50131	0.01064	0.00526	0.00154	0.00251	0.12489	0.00424	0.00395
18	0.00544	0.00392	0.00517	0.00603	0.00643	0.00365	0.00414	0.00636	0.00878	0.01171	0.08354	0.71707	0.06428	0.01313	0.00554	0.00174	0.00254	0.04282	0.00410	0.00361
19	0.00568	0.00411	0.00529	0.00611	0.00654	0.00389	0.00415	0.03289	0.00885	0.01172	0.02471	0.77086	0.07245	0.01323	0.00550	0.00174	0.00259	0.01194	0.00406	0.00368
20	0.03165	0.01039	0.02536	0.11143	0.04634	0.01121	0.06511	0.31120	0.22870	0.07908	0.01248	0.02711	0.00926	0.00527	0.00442	0.00140	0.00463	0.00441	0.00384	0.00670
21	0.01153	0.09188	0.01144	0.07031	0.01249	0.06215	0.00660	0.12221	0.01107	0.07668	0.00878	0.00979	0.00685	0.00394	0.00356	0.00092	0.00409	0.00303	0.02527	0.45739

[dist]
# distance from previous block
# <min> <max>
0	18

[block]
# block no. 7 follows, 60 sequences, length 19
# corresponding to MSA columns:
# 401-419
name=unknown_H
#
# <colnr> <probs for GDERKNQSTAVLIFYWHMCP>
#	G	D	E	R	K	N	Q	S	T	A	V	L	I	F	Y	W	H	M	C	P
0	0.00855	0.03975	0.00836	0.00714	0.02696	0.00661	0.00535	0.04327	0.14789	0.04256	0.23377	0.16345	0.05579	0.00757	0.00454	0.00129	0.00296	0.00655	0.00395	0.18371
1	0.06346	0.29613	0.16566	0.00949	0.03890	0.02851	0.00905	0.11142	0.05199	0.12096	0.00940	0.01023	0.00721	0.00461	0.00402	0.00123	0.03238	0.01286	0.01631	0.00619
2	0.00902	0.03140	0.10690	0.11949	0.03756	0.02720	0.06589	0.05390	0.04062	0.05716	0.09081	0.07359	0.12978	0.03076	0.02662	0.00169	0.04051	0.04878	0.00321	0.00510
3	0.00550	0.00383	0.00506	0.00594	0.00616	0.00361	0.00391	0.00608	0.00806	0.01075	0.02246	0.73774	0.02684	0.08867	0.00752	0.03638	0.00273	0.01151	0.00384	0.00340
4	0.02803	0.01102	0.13146	0.14534	0.27308	0.00955	0.05638	0.05286	0.01038	0.14959	0.01036	0.04090	0.00813	0.00491	0.00478	0.00140	0.03753	0.01520	0.00282	0.00629
5	0.02777	0.01161	0.08376	0.05102	0.33524	0.09589	0.01034	0.05745	0.09380	0.01485	0.04237	0.01328	0.05343	0.00491	0.00448	0.00129	0.02447	0.00415	0.00273	0.06716
6	0.01105	0.00939	0.00997	0.00889	0.01136	0.01084	0.00694	0.07094	0.73678	0.01855	0.01711	0.01594	0.01287	0.00674	0.03112	0.00165	0.00380	0.00486	0.00437	0.00684
7	0.01166	0.84935	0.02285	0.00746	0.01119	0.01726	0.00746	0.01306	0.00886	0.01026	0.00606	0.00700	0.00560	0.00373	0.00280	0.00093	0.00466	0.00233	0.00187	0.00560
8	0.00555	0.00454	0.00474	0.00477	0.00617	0.00395	0.00362	0.00703	0.02891	0.01244	0.07953	0.05744	0.67526	0.01069	0.00510	0.00148	0.00231	0.04493	0.03774	0.00381
9	0.01336	0.00981	0.01019	0.00843	0.01135	0.07128	0.00669	0.14124	0.31931	0.16718	0.01399	0.01337	0.01020	0.00516	0.00413	0.00125	0.00394	0.00411	0.04636	0.13867
10	0.08809	0.08415	0.28310	0.01118	0.04176	0.03350	0.09429	0.13504	0.02519	0.07421	0.00894	0.00992	0.00657	0.00428	0.00398	0.00127	0.00532	0.00347	0.01380	0.07194
11	0.00989	0.07431	0.05632	0.03299	0.01172	0.03133	0.03597	0.05739	0.01722	0.05722	0.04098	0.07538	0.01009	0.00966	0.10627	0.00215	0.27493	0.00456	0.01477	0.07686
12	0.01643	0.00751	0.00978	0.04048	0.01130	0.00702	0.00640	0.11553	0.01300	0.55383	0.09605	0.01738	0.04153	0.03690	0.00514	0.00146	0.00373	0.00490	0.00492	0.00669
13	0.00573	0.00402	0.00529	0.00600	0.00649	0.00376	0.00413	0.00668	0.00880	0.02932	0.08888	0.66118	0.08351	0.01391	0.04838	0.00198	0.00297	0.01123	0.00405	0.00370
14	0.04710	0.19871	0.25674	0.04688	0.01517	0.10322	0.05356	0.04148	0.02800	0.14504	0.00910	0.00985	0.00669	0.00440	0.00402	0.00126	0.01666	0.00334	0.00267	0.00611
15	0.01412	0.00836	0.05063	0.00924	0.04719	0.02198	0.06281	0.01723	0.09222	0.41862	0.13410	0.04997	0.02827	0.00611	0.00457	0.00138	0.00388	0.00529	0.01762	0.00640
16	0.00531	0.00382	0.00503	0.00600	0.00631	0.00355	0.00402	0.00608	0.00842	0.01116	0.02495	0.80752	0.06462	0.01355	0.00555	0.00176	0.00252	0.01225	0.00405	0.00355
17	0.01331	0.01126	0.11133	0.14066	0.04249	0.04053	0.02131	0.27550	0.02427	0.16001	0.01202	0.02273	0.02091	0.03633	0.00505	0.00148	0.00496	0.03018	0.01936	0.00631
18	0.11655	0.02116	0.08367	0.23924	0.17119	0.04585	0.09905	0.01340	0.02685	0.06574	0.00885	0.01124	0.00681	0.01801	0.00458	0.00141	0.01853	0.00381	0.03845	0.00564

[dist]
# distance from previous block
# <min> <max>
0	1

[block]
# block no. 8 follows, 60 sequences, length 33
# corresponding to MSA columns:
# 421-453
name=unknown_I
#
# <colnr> <probs for GDERKNQSTAVLIFYWHMCP>
#	G	D	E	R	K	N	Q	S	T	A	V	L	I	F	Y	W	H	M	C	P
0	0.01582	0.01094	0.01191	0.00924	0.01239	0.01190	0.00754	0.65102	0.01840	0.09568	0.01143	0.01230	0.00843	0.06165	0.00551	0.00150	0.00456	0.00413	0.03869	0.00696
1	0.07004	0.01056	0.05198	0.19460	0.20870	0.05440	0.06052	0.09756	0.03689	0.10965	0.00948	0.01107	0.00706	0.00438	0.00420	0.00132	0.00516	0.00379	0.00285	0.05580
2	0.00663	0.00460	0.00554	0.00528	0.00658	0.00407	0.00396	0.00822	0.01118	0.06887	0.41916	0.09181	0.32837	0.00981	0.00513	0.00144	0.00226	0.00846	0.00451	0.00413
3	0.00977	0.02151	0.06037	0.29724	0.37352	0.01032	0.12123	0.01293	0.02619	0.01317	0.00829	0.01119	0.00654	0.00407	0.00442	0.00138	0.00572	0.00402	0.00212	0.00603
4	0.01031	0.12812	0.01512	0.25733	0.22465	0.04923	0.01050	0.02488	0.11282	0.01297	0.02110	0.01128	0.00758	0.00478	0.00515	0.00137	0.09085	0.00380	0.00240	0.00577
5	0.00600	0.00437	0.00564	0.00550	0.00645	0.00401	0.00406	0.00783	0.01168	0.01631	0.66663	0.13843	0.08745	0.00966	0.00520	0.00143	0.00213	0.00855	0.00466	0.00401
6	0.00903	0.04115	0.01160	0.08944	0.11838	0.00968	0.00831	0.04971	0.06471	0.01237	0.02285	0.02549	0.03519	0.02267	0.17105	0.05263	0.23478	0.00442	0.01162	0.00494
7	0.00551	0.00420	0.00509	0.00556	0.00641	0.00379	0.00403	0.00667	0.00961	0.01241	0.14369	0.38372	0.30936	0.01194	0.00540	0.00163	0.00246	0.07065	0.00415	0.00371
8	0.00600	0.00444	0.00537	0.00520	0.00631	0.00398	0.00384	0.00760	0.01112	0.02603	0.48852	0.08618	0.27592	0.04303	0.00584	0.00154	0.00224	0.00846	0.00445	0.00393
9	0.76528	0.00830	0.00690	0.00600	0.00879	0.00934	0.00494	0.01392	0.00808	0.12462	0.00753	0.00810	0.00552	0.00423	0.00292	0.00135	0.00342	0.00263	0.00305	0.00508
10	0.00824	0.00775	0.01308	0.83624	0.03004	0.00969	0.01211	0.01114	0.00872	0.01114	0.00775	0.01163	0.00581	0.00436	0.00436	0.00145	0.00581	0.00388	0.00194	0.00484
11	0.00824	0.00775	0.01308	0.83624	0.03004	0.00969	0.01211	0.01114	0.00872	0.01114	0.00775	0.01163	0.00581	0.00436	0.00436	0.00145	0.00581	0.00388	0.00194	0.00484
12	0.72548	0.13856	0.00909	0.00609	0.00897	0.01102	0.00522	0.02955	0.00792	0.01830	0.00616	0.00714	0.00492	0.00402	0.00275	0.00128	0.00360	0.00239	0.00261	0.00492
13	0.00943	0.00716	0.00852	0.00644	0.00971	0.00556	0.00502	0.01113	0.00911	0.08173	0.01040	0.08803	0.00944	0.05263	0.00463	0.00101	0.00326	0.00386	0.00296	0.66996
14	0.02285	0.00576	0.03173	0.00678	0.00807	0.00524	0.00523	0.06267	0.03497	0.09652	0.18897	0.42099	0.02636	0.01047	0.00518	0.00160	0.00295	0.05483	0.00428	0.00456
15	0.01094	0.03911	0.05367	0.01614	0.01990	0.08743	0.56374	0.03793	0.01032	0.01358	0.00822	0.01087	0.00638	0.00425	0.00589	0.00146	0.09763	0.00459	0.00222	0.00574
16	0.01310	0.00639	0.00831	0.00696	0.00924	0.00588	0.00556	0.06013	0.03168	0.39319	0.30294	0.05556	0.04345	0.00733	0.00477	0.00140	0.00310	0.03015	0.00497	0.00588
17	0.01792	0.00890	0.01132	0.00942	0.05800	0.00854	0.00728	0.23213	0.01439	0.53546	0.01457	0.01324	0.00952	0.00520	0.00434	0.00131	0.00407	0.00418	0.00484	0.03537
18	0.00668	0.00418	0.00479	0.00481	0.00500	0.00420	0.00290	0.00693	0.00679	0.00971	0.01353	0.04058	0.01466	0.61868	0.04466	0.06202	0.00407	0.00588	0.13708	0.00287
19	0.01085	0.00937	0.00986	0.00888	0.01134	0.01085	0.00690	0.02318	0.81164	0.01824	0.01775	0.01627	0.01331	0.00592	0.00444	0.00148	0.00345	0.00493	0.00444	0.00690
20	0.00972	0.00726	0.00731	0.03179	0.00910	0.08506	0.00515	0.02283	0.06305	0.15794	0.05339	0.04550	0.40688	0.00836	0.00473	0.00138	0.00334	0.02073	0.00402	0.05244
21	0.01090	0.01010	0.01716	0.08044	0.74138	0.01019	0.01308	0.01348	0.00993	0.03926	0.00845	0.01098	0.00696	0.00396	0.00432	0.00131	0.00518	0.00390	0.00225	0.00679
22	0.00875	0.02256	0.82413	0.01243	0.01888	0.01013	0.01611	0.01381	0.00921	0.01381	0.00783	0.00921	0.00552	0.00414	0.00414	0.00138	0.00645	0.00322	0.00184	0.00645
23	0.00543	0.00391	0.00508	0.00587	0.00624	0.00363	0.00395	0.00629	0.00869	0.01160	0.09449	0.69166	0.06992	0.05338	0.00631	0.00184	0.00255	0.01154	0.00405	0.00356
24	0.00867	0.00783	0.01315	0.78333	0.05629	0.00961	0.01198	0.01153	0.00888	0.03612	0.00806	0.01170	0.00600	0.00438	0.00436	0.00144	0.00573	0.00389	0.00205	0.00499
25	0.00875	0.02256	0.82413	0.01243	0.01888	0.01013	0.01611	0.01381	0.00921	0.01381	0.00783	0.00921	0.00552	0.00414	0.00414	0.00138	0.00645	0.00322	0.00184	0.00645
26	0.00628	0.00494	0.00723	0.00741	0.00844	0.00466	0.06584	0.00779	0.00945	0.01233	0.05419	0.36136	0.14468	0.01179	0.00561	0.00177	0.00334	0.27506	0.00392	0.00392
27	0.02420	0.00542	0.00623	0.00635	0.00741	0.01661	0.00468	0.04588	0.08507	0.02734	0.05495	0.30070	0.18009	0.07389	0.00716	0.05168	0.00311	0.09127	0.00387	0.00409
28	0.09435	0.03786	0.06064	0.06885	0.25871	0.10612	0.04816	0.13583	0.11763	0.01653	0.00936	0.01067	0.00727	0.00448	0.00413	0.00132	0.00524	0.00374	0.00282	0.00631
29	0.00552	0.00459	0.03293	0.00618	0.00685	0.00387	0.00453	0.00655	0.00873	0.01151	0.03855	0.66123	0.12561	0.01286	0.00549	0.00173	0.00270	0.05292	0.00398	0.00369
30	0.01112	0.03181	0.13039	0.01143	0.11604	0.02208	0.06147	0.09877	0.02093	0.07763	0.00913	0.01036	0.00702	0.00415	0.00425	0.00110	0.03470	0.00342	0.03229	0.31191
31	0.28591	0.16711	0.02704	0.01978	0.05764	0.18626	0.02649	0.06711	0.01004	0.01514	0.00776	0.00892	0.02263	0.00475	0.01810	0.00128	0.00507	0.00295	0.00251	0.06351
32	0.00840	0.06189	0.00734	0.00604	0.00748	0.01556	0.00466	0.01123	0.10399	0.06938	0.23742	0.11158	0.06974	0.00934	0.05198	0.02843	0.00323	0.00635	0.18133	0.00460

[dist]
# distance from previous block
# <min> <max>
13	33

[block]
# block no. 9 follows, 60 sequences, length 11
# corresponding to MSA columns:
# 488-498
name=unknown_J
#
# <colnr> <probs for GDERKNQSTAVLIFYWHMCP>
#	G	D	E	R	K	N	Q	S	T	A	V	L	I	F	Y	W	H	M	C	P
0	0.00846	0.00908	0.12750	0.11897	0.09964	0.00722	0.03350	0.04702	0.02157	0.04710	0.08925	0.10318	0.17317	0.00721	0.00468	0.00141	0.00412	0.03316	0.00324	0.06054
1	0.06541	0.06664	0.07600	0.01097	0.11854	0.04052	0.02238	0.05599	0.05246	0.16934	0.01251	0.05471	0.01066	0.00588	0.00468	0.00136	0.03869	0.09450	0.00334	0.09542
2	0.02825	0.07573	0.08369	0.08841	0.15747	0.04441	0.08556	0.09931	0.08283	0.02967	0.01166	0.04992	0.03488	0.10192	0.00637	0.00168	0.00505	0.00468	0.00281	0.00568
3	0.03722	0.00897	0.03134	0.00910	0.06996	0.15424	0.02034	0.02653	0.03622	0.05431	0.03594	0.33058	0.02931	0.07419	0.00610	0.00168	0.00422	0.01959	0.00337	0.04680
4	0.01131	0.05752	0.07575	0.14017	0.02979	0.07259	0.03304	0.13337	0.06795	0.05061	0.03171	0.01101	0.00797	0.00438	0.00395	0.00113	0.00473	0.00354	0.00292	0.25657
5	0.00824	0.00775	0.01308	0.83624	0.03004	0.00969	0.01211	0.01114	0.00872	0.01114	0.00775	0.01163	0.00581	0.00436	0.00436	0.00145	0.00581	0.00388	0.00194	0.00484
6	0.00972	0.00718	0.00968	0.00837	0.05684	0.00618	0.05713	0.01218	0.04918	0.12168	0.13016	0.03811	0.10319	0.00592	0.00426	0.00114	0.00341	0.03008	0.00356	0.34206
7	0.00969	0.01081	0.10973	0.27379	0.17991	0.00973	0.20352	0.02809	0.00974	0.03890	0.00931	0.05479	0.00760	0.00458	0.00455	0.00140	0.00580	0.00454	0.00232	0.03120
8	0.00994	0.00927	0.01545	0.19790	0.45863	0.00987	0.04451	0.04114	0.00994	0.01375	0.00982	0.01537	0.00872	0.00513	0.00499	0.00145	0.04130	0.09439	0.00240	0.00601
9	0.00822	0.00733	0.01204	0.74050	0.02717	0.00904	0.01107	0.01103	0.00877	0.01173	0.00850	0.01216	0.00643	0.00444	0.00421	0.00140	0.00538	0.00390	0.10191	0.00476
10	0.00741	0.00515	0.00625	0.00625	0.00735	0.00494	0.00454	0.09909	0.01083	0.05351	0.14960	0.44989	0.15617	0.01112	0.00524	0.00159	0.00272	0.00981	0.00427	0.00429

[dist]
# distance from previous block
# <min> <max>
0	5

[block]
# block no. 10 follows, 60 sequences, length 10
# corresponding to MSA columns:
# 504-513
name=unknown_K
#
# <colnr> <probs for GDERKNQSTAVLIFYWHMCP>
#	G	D	E	R	K	N	Q	S	T	A	V	L	I	F	Y	W	H	M	C	P
0	0.00849	0.00658	0.00773	0.00746	0.00891	0.00714	0.00581	0.03617	0.26951	0.03891	0.04855	0.12506	0.10970	0.07529	0.04826	0.00211	0.03830	0.14709	0.00396	0.00498
1	0.03276	0.08631	0.46306	0.01365	0.10207	0.11754	0.07858	0.03239	0.00997	0.01364	0.00768	0.00921	0.00580	0.00411	0.00408	0.00131	0.00631	0.00332	0.00204	0.00618
2	0.00582	0.00546	0.06892	0.00655	0.00746	0.00434	0.00513	0.00713	0.00873	0.01187	0.10065	0.55423	0.04977	0.04079	0.07754	0.00223	0.00367	0.03210	0.00376	0.00384
3	0.00595	0.00453	0.00606	0.07064	0.00872	0.00441	0.00523	0.00729	0.00926	0.01203	0.06866	0.41365	0.16582	0.01186	0.00548	0.00173	0.00304	0.18793	0.00392	0.00381
4	0.01023	0.02856	0.02069	0.08102	0.03641	0.00791	0.07132	0.16249	0.03959	0.08621	0.05526	0.19875	0.04931	0.00873	0.02820	0.03224	0.00429	0.04854	0.02501	0.00525
5	0.01122	0.05563	0.04717	0.05728	0.57458	0.06747	0.03938	0.04104	0.03848	0.01423	0.00839	0.01058	0.00688	0.00406	0.00424	0.00129	0.00541	0.00379	0.00229	0.00659
6	0.19038	0.01039	0.00995	0.00966	0.07345	0.14715	0.00707	0.06759	0.16437	0.13041	0.04775	0.01500	0.01098	0.00659	0.03522	0.00159	0.00473	0.05835	0.00357	0.00582
7	0.03823	0.00961	0.02586	0.00864	0.03091	0.09669	0.00676	0.16870	0.03522	0.27614	0.06169	0.06161	0.05769	0.05044	0.00567	0.00151	0.03109	0.00501	0.00410	0.02442
8	0.04910	0.04147	0.03757	0.01077	0.07399	0.09972	0.07841	0.10291	0.10931	0.05915	0.05372	0.06878	0.01123	0.00782	0.06894	0.00179	0.05477	0.00469	0.02735	0.03852
9	0.02346	0.04793	0.13399	0.01121	0.08876	0.07370	0.06257	0.11110	0.07510	0.15227	0.08060	0.05144	0.03000	0.00570	0.00442	0.00135	0.00475	0.01945	0.00350	0.01870

[dist]
# distance from previous block
# <min> <max>
1	29

[block]
# block no. 11 follows, 60 sequences, length 19
# corresponding to MSA columns:
# 543-561
name=unknown_L
#
# <colnr> <probs for GDERKNQSTAVLIFYWHMCP>
#	G	D	E	R	K	N	Q	S	T	A	V	L	I	F	Y	W	H	M	C	P
0	0.17392	0.15370	0.01116	0.01938	0.01040	0.03909	0.00620	0.09150	0.07856	0.16212	0.05800	0.03829	0.03562	0.00639	0.03526	0.00147	0.00415	0.00409	0.01851	0.05219
1	0.06565	0.10449	0.08128	0.02919	0.05066	0.02674	0.08808	0.16891	0.06060	0.05813	0.09078	0.03182	0.02080	0.00511	0.00413	0.00125	0.00453	0.00428	0.00325	0.10031
2	0.02443	0.00949	0.01515	0.33970	0.40182	0.04200	0.03090	0.01265	0.00947	0.03033	0.00827	0.01128	0.00661	0.00515	0.03351	0.00156	0.00575	0.00388	0.00216	0.00588
3	0.01091	0.01269	0.23551	0.01034	0.01374	0.00987	0.07367	0.16608	0.10678	0.06653	0.03840	0.05106	0.02879	0.04250	0.00633	0.01663	0.07930	0.00471	0.02014	0.00599
4	0.00680	0.00390	0.00521	0.00546	0.00566	0.00381	0.00361	0.00629	0.00689	0.00950	0.01441	0.22333	0.04250	0.13277	0.01328	0.42482	0.00333	0.00651	0.07924	0.00266
5	0.08741	0.01248	0.16874	0.02891	0.02997	0.03990	0.07013	0.16017	0.02688	0.06262	0.02548	0.04095	0.00808	0.00609	0.01860	0.00158	0.19919	0.00413	0.00286	0.00584
6	0.00620	0.00442	0.00553	0.00583	0.00653	0.00402	0.00395	0.00701	0.00827	0.02362	0.04608	0.50202	0.04843	0.19035	0.00885	0.00216	0.00299	0.02823	0.00364	0.09188
7	0.02175	0.19771	0.02862	0.07937	0.18378	0.03801	0.03625	0.01112	0.01728	0.01262	0.10308	0.08006	0.09483	0.00650	0.00497	0.03158	0.02926	0.00516	0.01293	0.00513
8	0.00633	0.00426	0.00492	0.00491	0.00499	0.00429	0.00285	0.00649	0.00659	0.00886	0.04135	0.02804	0.01645	0.77181	0.06723	0.00429	0.00457	0.00630	0.00270	0.00276
9	0.05287	0.00563	0.00670	0.03168	0.01910	0.04114	0.02176	0.00795	0.00793	0.01118	0.01661	0.37338	0.01877	0.22794	0.04321	0.00251	0.04834	0.00812	0.05150	0.00368
10	0.00803	0.00713	0.01147	0.56791	0.07282	0.00843	0.01017	0.03395	0.00908	0.01194	0.01143	0.18632	0.01089	0.00633	0.00458	0.00150	0.00497	0.00567	0.02263	0.00476
11	0.03464	0.01141	0.01234	0.03036	0.05731	0.05596	0.01852	0.50499	0.11030	0.05188	0.01194	0.01251	0.02670	0.03505	0.00497	0.00143	0.00473	0.00418	0.00398	0.00680
12	0.00894	0.00761	0.00887	0.00639	0.01011	0.00575	0.00507	0.01080	0.00894	0.01398	0.00799	0.00982	0.00683	0.03685	0.00399	0.00079	0.00327	0.00273	0.00259	0.83868
13	0.00956	0.08567	0.04974	0.01128	0.15060	0.02165	0.04412	0.02591	0.11065	0.06645	0.15512	0.09835	0.08824	0.00702	0.00501	0.00141	0.03903	0.02121	0.00348	0.00549
14	0.03007	0.01435	0.28933	0.08000	0.19515	0.02619	0.04926	0.13966	0.01149	0.07133	0.02543	0.01103	0.00741	0.00446	0.00426	0.00134	0.00548	0.00379	0.02353	0.00645
15	0.00682	0.00456	0.00527	0.00507	0.00607	0.00414	0.00353	0.00780	0.00941	0.07233	0.18991	0.07034	0.30837	0.27520	0.01052	0.00233	0.00294	0.00781	0.00386	0.00371
16	0.00802	0.00744	0.03197	0.00741	0.00881	0.08565	0.03190	0.04738	0.06613	0.02910	0.11265	0.36555	0.14094	0.00998	0.00529	0.00155	0.02325	0.00868	0.00385	0.00446
17	0.14196	0.02030	0.06903	0.02541	0.04285	0.00886	0.01827	0.14005	0.09479	0.06798	0.01015	0.03933	0.00807	0.00487	0.00410	0.02208	0.00398	0.00365	0.00319	0.27107
18	0.10096	0.14754	0.01381	0.06630	0.08693	0.07051	0.01964	0.28695	0.04567	0.02976	0.00922	0.01054	0.00721	0.00564	0.03308	0.00144	0.00506	0.01161	0.02325	0.02489

[dist]
# distance from previous block
# <min> <max>
12	51

[block]
# block no. 12 follows, 60 sequences, length 24
# corresponding to MSA columns:
# 618-641
name=unknown_M
#
# <colnr> <probs for GDERKNQSTAVLIFYWHMCP>
#	G	D	E	R	K	N	Q	S	T	A	V	L	I	F	Y	W	H	M	C	P
0	0.02844	0.08658	0.03077	0.05151	0.06565	0.06331	0.00652	0.05109	0.07613	0.02293	0.31045	0.05441	0.09205	0.01895	0.00483	0.00140	0.00362	0.02269	0.00371	0.00496
1	0.24826	0.09001	0.03012	0.00716	0.01984	0.00881	0.00595	0.09470	0.01007	0.08875	0.01026	0.06993	0.02628	0.00486	0.00351	0.00112	0.00364	0.00369	0.00310	0.26993
