[name]
unknown

[dist]
# distance from previous block
# <min> <max>
3	36

[block]
# block no. 0 follows, 57 sequences, length 12
# corresponding to MSA columns:
# 43-54
name=unknown_A
#
# <colnr> <probs for GDERKNQSTAVLIFYWHMCP>
#	G	D	E	R	K	N	Q	S	T	A	V	L	I	F	Y	W	H	M	C	P
0	0.00872	0.00620	0.00785	0.02725	0.00981	0.00634	0.00656	0.06865	0.09537	0.05573	0.11102	0.11000	0.08560	0.01050	0.00562	0.00179	0.00369	0.37005	0.00436	0.00489
1	0.00674	0.00473	0.00552	0.00548	0.00682	0.00414	0.00409	0.00810	0.01073	0.07173	0.19533	0.18353	0.43287	0.01112	0.00540	0.00157	0.00249	0.03096	0.00447	0.00418
2	0.14480	0.01274	0.01225	0.01210	0.13194	0.17692	0.00838	0.21498	0.12431	0.04115	0.01009	0.01070	0.00770	0.00484	0.00410	0.00130	0.00512	0.00365	0.00338	0.06956
3	0.01011	0.00955	0.06995	0.02407	0.15332	0.00861	0.02856	0.10578	0.06821	0.03556	0.02676	0.15032	0.07057	0.00680	0.00517	0.00138	0.05020	0.00579	0.00332	0.16598
4	0.01137	0.01057	0.01441	0.16451	0.33703	0.06024	0.01095	0.11144	0.11172	0.01590	0.01252	0.01417	0.06613	0.00528	0.00491	0.00143	0.03357	0.00451	0.00292	0.00642
5	0.07556	0.50360	0.07722	0.00960	0.06967	0.01455	0.00848	0.01542	0.07664	0.09837	0.00885	0.00941	0.00709	0.00432	0.00343	0.00116	0.00471	0.00306	0.00264	0.00623
6	0.02413	0.10685	0.06758	0.00966	0.03812	0.02406	0.07348	0.13091	0.02259	0.14377	0.01557	0.08083	0.09837	0.00612	0.00454	0.00131	0.01585	0.00510	0.00354	0.12762
7	0.00956	0.01056	0.07355	0.55824	0.13711	0.05283	0.06928	0.01265	0.00959	0.01241	0.00815	0.01158	0.00623	0.00440	0.00454	0.00147	0.00622	0.00402	0.00207	0.00554
8	0.00795	0.00697	0.03354	0.09091	0.12914	0.00658	0.03219	0.03170	0.00995	0.04051	0.05079	0.20789	0.23232	0.06994	0.00670	0.00178	0.02500	0.00789	0.00349	0.00477
9	0.01006	0.00962	0.01495	0.07952	0.45585	0.03862	0.02778	0.01264	0.03509	0.01349	0.01093	0.07219	0.02678	0.00856	0.09246	0.00209	0.07590	0.00490	0.00249	0.00608
10	0.01154	0.08056	0.16014	0.04459	0.36339	0.07998	0.04182	0.01496	0.05238	0.04992	0.00967	0.01134	0.01981	0.00441	0.00431	0.00132	0.00563	0.00386	0.00248	0.03787
11	0.01183	0.07003	0.16416	0.01503	0.14400	0.14027	0.18484	0.04860	0.02648	0.03227	0.03088	0.01103	0.00773	0.00434	0.00439	0.00129	0.00616	0.00393	0.00253	0.09019

[dist]
# distance from previous block
# <min> <max>
4	19

[block]
# block no. 1 follows, 57 sequences, length 75
# corresponding to MSA columns:
# 74-132,188-203
name=unknown_B
#
# <colnr> <probs for GDERKNQSTAVLIFYWHMCP>
#	G	D	E	R	K	N	Q	S	T	A	V	L	I	F	Y	W	H	M	C	P
0	0.04151	0.28381	0.08791	0.01255	0.18764	0.01199	0.00925	0.01486	0.10154	0.07036	0.05346	0.03959	0.01044	0.00505	0.00397	0.00126	0.00457	0.01246	0.00290	0.04488
1	0.05001	0.08533	0.08817	0.01313	0.17143	0.03683	0.07744	0.07993	0.03893	0.05047	0.01050	0.01169	0.03865	0.00444	0.00407	0.00118	0.00486	0.00377	0.00283	0.22633
2	0.07094	0.12498	0.08111	0.04084	0.10807	0.06819	0.07862	0.10046	0.05208	0.07329	0.00956	0.03024	0.00770	0.00550	0.01576	0.00147	0.09570	0.00397	0.00286	0.02866
3	0.13810	0.08789	0.23334	0.01122	0.07348	0.03807	0.05020	0.01489	0.02881	0.12648	0.04546	0.01134	0.00850	0.00477	0.00455	0.00134	0.04503	0.00368	0.00288	0.06995
4	0.00944	0.02640	0.23515	0.03883	0.06946	0.04531	0.02522	0.01260	0.04595	0.07618	0.04107	0.15725	0.10379	0.00757	0.00483	0.00151	0.00468	0.05377	0.00328	0.03770
5	0.00958	0.03773	0.06870	0.01371	0.24978	0.02131	0.01922	0.04942	0.02017	0.05197	0.13391	0.21300	0.03897	0.00760	0.00484	0.00145	0.00411	0.00679	0.00346	0.04429
6	0.02450	0.00852	0.13151	0.02203	0.04624	0.00634	0.00699	0.01994	0.06376	0.01644	0.40070	0.06490	0.10548	0.00796	0.00493	0.00142	0.00331	0.00688	0.00402	0.05412
7	0.00898	0.00887	0.04126	0.53477	0.10262	0.00987	0.02983	0.01994	0.04181	0.01302	0.06119	0.01384	0.02172	0.00508	0.00507	0.00149	0.04543	0.00440	0.00241	0.02839
8	0.01139	0.05815	0.29765	0.08025	0.01761	0.09897	0.09546	0.02993	0.03118	0.07415	0.00881	0.01077	0.00674	0.01569	0.00636	0.00153	0.14305	0.00382	0.00243	0.00607
9	0.00904	0.00612	0.00705	0.01945	0.00828	0.04438	0.00494	0.03157	0.01229	0.13363	0.43308	0.08574	0.16856	0.00905	0.00517	0.00146	0.00288	0.00779	0.00470	0.00481
10	0.04034	0.00869	0.02089	0.00753	0.01139	0.00718	0.02645	0.04010	0.08393	0.06391	0.00968	0.01051	0.00761	0.00388	0.00363	0.00088	0.00362	0.00314	0.00309	0.64357
11	0.01145	0.01181	0.06017	0.03429	0.08404	0.01963	0.49698	0.03375	0.05071	0.07838	0.01028	0.01252	0.00767	0.00519	0.03264	0.00166	0.00683	0.00488	0.00271	0.03443
12	0.02285	0.00641	0.00919	0.00816	0.02665	0.00620	0.06506	0.01142	0.02926	0.11529	0.36518	0.02731	0.07430	0.00939	0.04675	0.00177	0.04496	0.07163	0.00424	0.05398
13	0.01375	0.00995	0.01118	0.00843	0.01203	0.00965	0.00682	0.36882	0.01497	0.08893	0.01047	0.01156	0.00802	0.04494	0.00494	0.00123	0.00419	0.00367	0.00378	0.36267
14	0.01593	0.01167	0.01299	0.01065	0.04916	0.01258	0.00834	0.58319	0.09113	0.06971	0.01162	0.01158	0.00836	0.00528	0.00444	0.00132	0.00468	0.00408	0.00434	0.07893
15	0.07544	0.01020	0.03859	0.00871	0.01189	0.08397	0.03455	0.16077	0.01345	0.37691	0.01373	0.01326	0.00936	0.00524	0.00422	0.00133	0.00443	0.00411	0.12312	0.00672
16	0.00600	0.00428	0.00581	0.00685	0.00733	0.00409	0.00503	0.00713	0.00915	0.01210	0.02471	0.62723	0.02893	0.01375	0.00591	0.00191	0.00304	0.21874	0.00420	0.00381
17	0.00681	0.00470	0.00559	0.00605	0.04395	0.00470	0.00328	0.00694	0.00677	0.00908	0.01400	0.02876	0.01602	0.80034	0.02217	0.00425	0.00444	0.00647	0.00272	0.00296
18	0.00675	0.04489	0.00596	0.00535	0.00560	0.00499	0.00331	0.00698	0.00709	0.00936	0.01549	0.12657	0.01789	0.67435	0.01947	0.00385	0.00420	0.03191	0.00293	0.00305
19	0.01276	0.01188	0.04914	0.01760	0.15855	0.01119	0.40214	0.13548	0.03830	0.10092	0.01050	0.01223	0.00770	0.00439	0.00493	0.00145	0.00628	0.00476	0.00304	0.00677
20	0.00880	0.00632	0.00914	0.00842	0.00934	0.00764	0.00674	0.01029	0.00784	0.10049	0.01137	0.01575	0.01009	0.02490	0.54803	0.00542	0.19744	0.00462	0.00268	0.00466
21	0.01693	0.02160	0.01284	0.01167	0.01401	0.82256	0.00876	0.01809	0.01284	0.01109	0.00700	0.00817	0.00584	0.00467	0.00409	0.00117	0.00817	0.00292	0.00233	0.00525
22	0.01083	0.02985	0.21512	0.01015	0.01379	0.01120	0.00965	0.03955	0.55844	0.01778	0.01548	0.01514	0.01163	0.00570	0.00452	0.00150	0.00444	0.01437	0.00387	0.00700
23	0.01540	0.02511	0.03085	0.01291	0.01674	0.05377	0.31339	0.07887	0.03124	0.33710	0.01277	0.01312	0.00874	0.00486	0.00502	0.00144	0.02333	0.00468	0.00384	0.00684
24	0.00551	0.00400	0.00520	0.00616	0.00653	0.00369	0.00414	0.00633	0.00881	0.01162	0.02674	0.77100	0.09563	0.01397	0.00575	0.00181	0.00260	0.01260	0.00421	0.00369
25	0.59889	0.00805	0.00763	0.00718	0.04046	0.00891	0.02270	0.01286	0.02289	0.04542	0.17242	0.01350	0.01319	0.00531	0.00354	0.00141	0.00340	0.00388	0.00334	0.00502
26	0.00940	0.00805	0.00940	0.00671	0.01074	0.00604	0.00537	0.01141	0.00940	0.01477	0.00805	0.00940	0.00671	0.00336	0.00336	0.00067	0.00336	0.00268	0.00268	0.86845
27	0.00940	0.00805	0.00940	0.00671	0.01074	0.00604	0.00537	0.01141	0.00940	0.01477	0.00805	0.00940	0.00671	0.00336	0.00336	0.00067	0.00336	0.00268	0.00268	0.86845
28	0.00648	0.00481	0.00705	0.00705	0.00778	0.00554	0.00537	0.00794	0.00721	0.01035	0.01235	0.01898	0.01184	0.11427	0.74321	0.00699	0.01137	0.00503	0.00246	0.00392
29	0.01067	0.01033	0.01387	0.20884	0.01732	0.07224	0.05823	0.10127	0.00981	0.01329	0.00800	0.02063	0.00692	0.00845	0.07320	0.00212	0.35295	0.00417	0.00239	0.00530
30	0.00605	0.00462	0.00556	0.00532	0.00655	0.00412	0.00399	0.00785	0.01197	0.01615	0.54927	0.03718	0.30484	0.01002	0.00535	0.00146	0.00219	0.00866	0.00472	0.00412
31	0.00552	0.00408	0.00516	0.00598	0.00650	0.00373	0.00407	0.00642	0.00911	0.01190	0.05371	0.66855	0.17162	0.01355	0.00569	0.00177	0.00255	0.01213	0.00423	0.00373
32	0.00612	0.00455	0.00571	0.00561	0.00667	0.00413	0.00416	0.00791	0.01181	0.01619	0.55916	0.13461	0.18322	0.01033	0.00542	0.00151	0.00226	0.02178	0.00473	0.00412
33	0.01211	0.84348	0.02374	0.00775	0.01163	0.01793	0.00775	0.01357	0.00921	0.01066	0.00630	0.00727	0.00582	0.00388	0.00291	0.00097	0.00485	0.00242	0.00194	0.00582
34	0.01127	0.00973	0.01025	0.00922	0.01178	0.01127	0.00717	0.02408	0.80430	0.01896	0.01844	0.01691	0.01383	0.00615	0.00461	0.00154	0.00359	0.00512	0.00461	0.00717
35	0.01695	0.02089	0.01290	0.01157	0.01401	0.75811	0.00874	0.08021	0.01352	0.01248	0.00731	0.00839	0.00599	0.00473	0.00412	0.00118	0.00792	0.00301	0.00251	0.00545
36	0.00658	0.00442	0.00506	0.00506	0.00509	0.00445	0.00289	0.00666	0.00662	0.00887	0.01417	0.02908	0.01623	0.80178	0.06169	0.00453	0.00477	0.00651	0.00273	0.00281
37	0.00567	0.00449	0.00505	0.00514	0.00630	0.00393	0.00374	0.00695	0.01051	0.01339	0.21899	0.17065	0.47682	0.04040	0.00604	0.00166	0.00239	0.00968	0.00434	0.00387
38	0.01674	0.01914	0.01289	0.01129	0.01392	0.61174	0.00865	0.18657	0.05009	0.01521	0.00835	0.00915	0.00660	0.00490	0.00421	0.00123	0.00728	0.00327	0.00291	0.00587
39	0.00733	0.00570	0.00726	0.05965	0.00806	0.00660	0.00483	0.00775	0.00689	0.00947	0.01259	0.05097	0.01418	0.59657	0.01970	0.00365	0.16674	0.00611	0.00260	0.00336
40	0.01618	0.01145	0.01244	0.00983	0.01318	0.01259	0.00802	0.55726	0.16997	0.10133	0.01308	0.01261	0.00930	0.00559	0.00452	0.00139	0.00454	0.00433	0.02487	0.00752
41	0.00565	0.00454	0.00503	0.00504	0.00633	0.00393	0.00373	0.00701	0.01082	0.01371	0.24180	0.11794	0.53621	0.01117	0.00539	0.00153	0.00229	0.00953	0.00441	0.00393
42	0.07501	0.01096	0.01978	0.06152	0.35020	0.01115	0.29814	0.02435	0.03604	0.01507	0.00880	0.01146	0.00701	0.00427	0.00519	0.00146	0.04636	0.00443	0.00239	0.00641
43	0.01613	0.01540	0.01253	0.04010	0.04524	0.44578	0.02696	0.03076	0.01223	0.20516	0.01055	0.01220	0.00814	0.00623	0.03182	0.00152	0.03935	0.03081	0.00320	0.00588
44	0.01070	0.01024	0.01747	0.18269	0.66162	0.01063	0.01365	0.01346	0.01008	0.01418	0.00843	0.01138	0.00696	0.00413	0.00449	0.00138	0.00551	0.00404	0.00220	0.00676
45	0.00566	0.00431	0.00522	0.00588	0.00661	0.00394	0.00410	0.00689	0.02837	0.01211	0.04679	0.54722	0.26759	0.01305	0.00562	0.00173	0.00257	0.02427	0.00423	0.00383
46	0.01137	0.58907	0.16984	0.00866	0.01307	0.01526	0.00920	0.02865	0.00953	0.01211	0.00691	0.00798	0.00593	0.00393	0.00325	0.00103	0.00504	0.00265	0.00206	0.09445
47	0.00565	0.00430	0.00523	0.00583	0.00663	0.00388	0.00417	0.00675	0.00966	0.01242	0.09001	0.45912	0.29132	0.01281	0.00564	0.00172	0.00259	0.06421	0.00426	0.00381
48	0.00669	0.02880	0.07829	0.00690	0.00845	0.00535	0.03271	0.00840	0.01003	0.01341	0.21342	0.18350	0.17708	0.12413	0.00779	0.00198	0.00343	0.08160	0.00386	0.00418
49	0.01063	0.04855	0.13639	0.05140	0.26827	0.01102	0.30970	0.02693	0.01038	0.01455	0.00861	0.01110	0.00673	0.00398	0.00465	0.00137	0.00629	0.00428	0.00226	0.06294
50	0.38160	0.01083	0.01003	0.00828	0.01138	0.05686	0.00675	0.28394	0.08504	0.08990	0.00999	0.01016	0.00726	0.00495	0.00378	0.00139	0.00431	0.00346	0.00377	0.00633
51	0.00750	0.00522	0.00700	0.00778	0.00875	0.00521	0.00640	0.00972	0.04827	0.03692	0.02310	0.19449	0.02515	0.06613	0.00713	0.00214	0.00386	0.52684	0.00415	0.00424
52	0.00729	0.00532	0.00736	0.02764	0.00976	0.00536	0.00719	0.00956	0.02723	0.01352	0.02426	0.07483	0.05165	0.01221	0.00614	0.00203	0.00409	0.69619	0.00413	0.00423
53	0.01218	0.80810	0.03886	0.00792	0.01184	0.01770	0.00795	0.03198	0.00950	0.01115	0.00644	0.00740	0.00586	0.00392	0.00297	0.00099	0.00489	0.00248	0.00200	0.00588
54	0.00872	0.00479	0.00495	0.00485	0.00602	0.00489	0.00364	0.04596	0.04009	0.01709	0.01553	0.07958	0.01293	0.00600	0.00348	0.00115	0.00234	0.00492	0.72863	0.00445
55	0.00560	0.00400	0.00535	0.00640	0.00670	0.00375	0.00434	0.00645	0.00875	0.01166	0.02493	0.80259	0.02980	0.01412	0.00580	0.00185	0.00270	0.04730	0.00420	0.00370
56	0.00643	0.00474	0.00688	0.00701	0.00770	0.00535	0.00531	0.00784	0.00745	0.01056	0.01392	0.09324	0.01402	0.10899	0.64338	0.00633	0.01026	0.03403	0.00268	0.00389
57	0.02004	0.00765	0.01042	0.00801	0.01147	0.00661	0.00661	0.02180	0.01297	0.79892	0.03447	0.01581	0.01188	0.00568	0.00457	0.00140	0.00382	0.00463	0.00560	0.00764
58	0.01147	0.01088	0.01698	0.02429	0.66069	0.02999	0.01265	0.03819	0.09150	0.01554	0.00955	0.01165	0.00782	0.00429	0.00445	0.00134	0.00518	0.00408	0.00257	0.03689
59	0.00996	0.00525	0.00563	0.00522	0.00670	0.00531	0.00401	0.03177	0.08051	0.09229	0.03888	0.01711	0.01260	0.00551	0.00352	0.00115	0.00248	0.00445	0.66273	0.00490
60	0.00781	0.00715	0.00728	0.04383	0.03675	0.06228	0.00535	0.01143	0.16852	0.01381	0.08711	0.03196	0.44032	0.04928	0.00591	0.00163	0.00332	0.00754	0.00398	0.00474
61	0.00937	0.00763	0.00899	0.00664	0.01030	0.00583	0.00527	0.01130	0.00962	0.04230	0.03595	0.05141	0.03298	0.00439	0.00364	0.00080	0.00327	0.00362	0.00298	0.74372
62	0.00729	0.00497	0.00588	0.00582	0.00695	0.00523	0.00444	0.00968	0.06213	0.01375	0.02103	0.05326	0.18223	0.01595	0.25835	0.00317	0.02194	0.00593	0.30774	0.00428
63	0.00615	0.00469	0.00515	0.00499	0.00639	0.00405	0.00371	0.00750	0.01083	0.03915	0.22703	0.03967	0.56089	0.05224	0.00621	0.00164	0.00241	0.00893	0.00437	0.00400
64	0.01165	0.00992	0.01046	0.00930	0.01193	0.01145	0.00727	0.07384	0.75391	0.01957	0.01796	0.01652	0.01344	0.00610	0.00461	0.00153	0.00368	0.00506	0.00461	0.00721
65	0.01266	0.72900	0.02226	0.00809	0.01190	0.01732	0.00783	0.10088	0.03175	0.01287	0.00713	0.00793	0.00624	0.00411	0.00313	0.00103	0.00483	0.00268	0.00230	0.00606
66	0.00845	0.00422	0.00422	0.00422	0.00528	0.00422	0.00317	0.01056	0.00950	0.01689	0.01478	0.01689	0.01161	0.00528	0.00317	0.00106	0.00211	0.00422	0.86591	0.00422
67	0.00666	0.00489	0.00627	0.00588	0.00702	0.00463	0.00442	0.00933	0.05242	0.01821	0.77049	0.03300	0.04131	0.00911	0.00531	0.00143	0.00221	0.00804	0.00497	0.00442
68	0.00702	0.00503	0.00683	0.03353	0.00912	0.00492	0.00632	0.00879	0.01023	0.02922	0.06570	0.18777	0.11534	0.01214	0.00594	0.00191	0.00364	0.47822	0.00418	0.00415
69	0.19940	0.00805	0.00978	0.00768	0.01104	0.00758	0.00634	0.03896	0.01207	0.62948	0.01528	0.01362	0.00981	0.00531	0.00419	0.00140	0.00381	0.00410	0.00499	0.00712
70	0.00909	0.02344	0.81727	0.01292	0.01961	0.01052	0.01674	0.01435	0.00957	0.01435	0.00813	0.00957	0.00574	0.00431	0.00431	0.00144	0.00670	0.00335	0.00191	0.00670
71	0.00553	0.00406	0.00521	0.00611	0.00656	0.00373	0.00416	0.00640	0.00894	0.01170	0.02784	0.71311	0.13750	0.01379	0.00573	0.00180	0.00261	0.02731	0.00421	0.00371
72	0.00937	0.02306	0.78918	0.01283	0.01942	0.01065	0.01646	0.04172	0.00998	0.01485	0.00823	0.00961	0.00581	0.00434	0.00431	0.00143	0.00664	0.00337	0.00200	0.00673
73	0.01122	0.01077	0.01839	0.02781	0.81248	0.01077	0.01391	0.01391	0.01032	0.01480	0.00852	0.01122	0.00718	0.00404	0.00449	0.00135	0.00538	0.00404	0.00224	0.00718
74	0.00571	0.00408	0.00547	0.00647	0.00683	0.00384	0.00449	0.00666	0.00897	0.01196	0.04996	0.74091	0.03003	0.01389	0.00581	0.00185	0.00275	0.08235	0.00423	0.00374

[dist]
# distance from previous block
# <min> <max>
0	1

[block]
# block no. 2 follows, 57 sequences, length 14
# corresponding to MSA columns:
# 205-218
name=unknown_C
#
# <colnr> <probs for GDERKNQSTAVLIFYWHMCP>
#	G	D	E	R	K	N	Q	S	T	A	V	L	I	F	Y	W	H	M	C	P
0	0.01061	0.03498	0.03672	0.09262	0.06026	0.04587	0.23468	0.05564	0.08637	0.01503	0.01072	0.02761	0.02253	0.00473	0.00468	0.00129	0.02021	0.02070	0.00278	0.21198
1	0.01060	0.01015	0.01720	0.19915	0.61576	0.01073	0.01348	0.01330	0.00992	0.01397	0.00833	0.01135	0.00689	0.00429	0.00488	0.00140	0.03575	0.00403	0.00218	0.00664
2	0.00663	0.00473	0.00668	0.00668	0.00737	0.00535	0.00501	0.00801	0.00732	0.01066	0.01268	0.01972	0.01221	0.16678	0.63327	0.00637	0.01016	0.00510	0.06142	0.00384
3	0.00952	0.00931	0.01448	0.63105	0.18090	0.05407	0.01263	0.01238	0.00951	0.01217	0.00809	0.01170	0.00625	0.00444	0.00450	0.00146	0.00603	0.00397	0.00208	0.00546
4	0.00599	0.00447	0.00557	0.00561	0.00659	0.00405	0.00409	0.00761	0.01135	0.01542	0.47097	0.22029	0.19963	0.01086	0.00545	0.00154	0.00228	0.00955	0.00465	0.00405
5	0.02033	0.00771	0.01052	0.00806	0.01157	0.00666	0.00666	0.02208	0.01297	0.81562	0.01788	0.01542	0.01122	0.00561	0.00456	0.00140	0.00386	0.00456	0.00561	0.00771
6	0.00582	0.00437	0.00631	0.00697	0.00746	0.00409	0.04006	0.00680	0.00884	0.01178	0.02422	0.76948	0.02877	0.01366	0.00578	0.00184	0.00292	0.04292	0.00412	0.00381
7	0.00952	0.00921	0.01496	0.55985	0.22746	0.03622	0.03276	0.01240	0.00958	0.01250	0.00856	0.01270	0.00684	0.00459	0.00457	0.00147	0.00594	0.02314	0.00214	0.00559
8	0.00591	0.00482	0.00526	0.00523	0.00660	0.00431	0.00389	0.00787	0.05358	0.01379	0.20329	0.10993	0.53751	0.01096	0.00535	0.00154	0.00236	0.00933	0.00439	0.00409
9	0.01459	0.00647	0.00841	0.00697	0.00958	0.00561	0.00560	0.01619	0.01206	0.50050	0.09255	0.06702	0.20116	0.00789	0.00491	0.00147	0.00329	0.02437	0.00512	0.00622
10	0.01098	0.01015	0.01656	0.26020	0.51318	0.01086	0.01305	0.08331	0.01093	0.01509	0.00860	0.01144	0.00689	0.00431	0.00450	0.00139	0.00554	0.00404	0.00238	0.00660
11	0.01211	0.84348	0.02374	0.00775	0.01163	0.01793	0.00775	0.01357	0.00921	0.01066	0.00630	0.00727	0.00582	0.00388	0.00291	0.00097	0.00485	0.00242	0.00194	0.00582
12	0.01047	0.01231	0.18584	0.00848	0.01294	0.06279	0.00815	0.01312	0.00987	0.06011	0.00856	0.00969	0.00670	0.00378	0.00368	0.00091	0.00444	0.00295	0.00266	0.57254
13	0.00906	0.00836	0.01360	0.76104	0.02970	0.01040	0.01229	0.05293	0.00964	0.01245	0.00814	0.01195	0.00613	0.00468	0.00486	0.00152	0.03193	0.00403	0.00215	0.00517

[dist]
# distance from previous block
# <min> <max>
0	1

[block]
# block no. 3 follows, 57 sequences, length 9
# corresponding to MSA columns:
# 220-228
name=unknown_D
#
# <colnr> <probs for GDERKNQSTAVLIFYWHMCP>
#	G	D	E	R	K	N	Q	S	T	A	V	L	I	F	Y	W	H	M	C	P
0	0.00683	0.00433	0.00533	0.00533	0.00559	0.00423	0.00339	0.00664	0.00736	0.00975	0.07915	0.02765	0.09003	0.45201	0.01808	0.23554	0.00389	0.02919	0.00289	0.00280
1	0.01026	0.05371	0.53545	0.01409	0.06255	0.01083	0.14057	0.01516	0.04610	0.05537	0.00921	0.01062	0.00665	0.00434	0.00445	0.00143	0.00641	0.00381	0.00230	0.00667
2	0.00881	0.00831	0.01405	0.75297	0.10610	0.01013	0.01271	0.01180	0.00918	0.01189	0.00810	0.01200	0.00615	0.00448	0.00453	0.00149	0.00598	0.00403	0.00204	0.00524
3	0.00700	0.00440	0.00578	0.00633	0.00704	0.00402	0.00440	0.00800	0.00950	0.08918	0.08468	0.64941	0.07734	0.01283	0.00561	0.00175	0.00269	0.01153	0.00440	0.00412
4	0.01094	0.00998	0.04174	0.13257	0.14603	0.03362	0.03220	0.07143	0.06531	0.05235	0.02422	0.02541	0.00841	0.00468	0.00467	0.00121	0.04335	0.00390	0.00290	0.28508
5	0.00845	0.00422	0.00422	0.00422	0.00528	0.00422	0.00317	0.01056	0.00950	0.01689	0.01478	0.01689	0.01161	0.00528	0.00317	0.00106	0.00211	0.00422	0.86591	0.00422
6	0.01123	0.16425	0.03501	0.00908	0.01179	0.01122	0.03599	0.16884	0.23721	0.01725	0.01588	0.08893	0.02940	0.02582	0.00506	0.00156	0.00432	0.11726	0.00379	0.00608
7	0.00991	0.00991	0.01388	0.01190	0.01190	0.01388	0.00991	0.01091	0.00694	0.01091	0.00595	0.00991	0.00595	0.00793	0.01487	0.00198	0.83246	0.00397	0.00198	0.00496
8	0.01110	0.01033	0.01612	0.08187	0.57869	0.03305	0.01212	0.01427	0.05630	0.03396	0.03607	0.01224	0.00869	0.00437	0.00443	0.00132	0.00510	0.00412	0.00257	0.07328

[dist]
# distance from previous block
# <min> <max>
0	1

[block]
# block no. 4 follows, 57 sequences, length 11
# corresponding to MSA columns:
# 230-240
name=unknown_E
#
# <colnr> <probs for GDERKNQSTAVLIFYWHMCP>
#	G	D	E	R	K	N	Q	S	T	A	V	L	I	F	Y	W	H	M	C	P
0	0.00997	0.00847	0.00908	0.00825	0.01048	0.00950	0.00638	0.02004	0.60784	0.01823	0.14597	0.02198	0.09009	0.00712	0.00479	0.00152	0.00324	0.00601	0.00463	0.00641
1	0.00647	0.00485	0.00728	0.00728	0.00809	0.00566	0.00566	0.00809	0.00728	0.01052	0.01214	0.01780	0.01133	0.03398	0.82279	0.00728	0.01214	0.00485	0.00243	0.00405
2	0.02033	0.00771	0.01052	0.00806	0.01157	0.00666	0.00666	0.02208	0.01297	0.81562	0.01788	0.01542	0.01122	0.00561	0.00456	0.00140	0.00386	0.00456	0.00561	0.00771
3	0.01211	0.84348	0.02374	0.00775	0.01163	0.01793	0.00775	0.01357	0.00921	0.01066	0.00630	0.00727	0.00582	0.00388	0.00291	0.00097	0.00485	0.00242	0.00194	0.00582
4	0.01239	0.79590	0.02311	0.00798	0.01177	0.06450	0.00781	0.01383	0.00942	0.01069	0.00634	0.00732	0.00582	0.00392	0.00298	0.00098	0.00504	0.00245	0.00196	0.00578
5	0.00845	0.00422	0.00422	0.00422	0.00528	0.00422	0.00317	0.01056	0.00950	0.01689	0.01478	0.01689	0.01161	0.00528	0.00317	0.00106	0.00211	0.00422	0.86591	0.00422
6	0.00544	0.00426	0.00493	0.00547	0.00635	0.00375	0.00383	0.00640	0.00949	0.01190	0.03523	0.44871	0.41243	0.01286	0.00557	0.00169	0.00247	0.01126	0.00421	0.00375
7	0.00709	0.00480	0.00616	0.00572	0.00697	0.00436	0.00433	0.00911	0.01258	0.06250	0.68788	0.03380	0.11893	0.00928	0.00530	0.00143	0.00225	0.00813	0.00494	0.00442
8	0.01215	0.21696	0.15289	0.01350	0.01773	0.14659	0.29632	0.01504	0.01049	0.04310	0.00819	0.00998	0.00640	0.00423	0.00460	0.00132	0.02838	0.00384	0.00227	0.00602
9	0.00872	0.00822	0.01389	0.77946	0.08030	0.01011	0.01267	0.01172	0.00914	0.01178	0.00808	0.01203	0.00611	0.00450	0.00453	0.00150	0.00600	0.00403	0.00203	0.00517
10	0.00692	0.00474	0.00601	0.00562	0.00684	0.00432	0.00424	0.00893	0.01244	0.04941	0.66535	0.03361	0.12611	0.00923	0.00524	0.00142	0.00222	0.00806	0.03493	0.00436

[dist]
# distance from previous block
# <min> <max>
0	1

[block]
# block no. 5 follows, 57 sequences, length 43
# corresponding to MSA columns:
# 242-284
name=unknown_F
#
# <colnr> <probs for GDERKNQSTAVLIFYWHMCP>
#	G	D	E	R	K	N	Q	S	T	A	V	L	I	F	Y	W	H	M	C	P
0	0.01147	0.01212	0.07572	0.01982	0.24227	0.01081	0.43069	0.03935	0.01105	0.06721	0.02797	0.01243	0.00802	0.00421	0.00496	0.00145	0.00649	0.00482	0.00260	0.00656
1	0.01137	0.06127	0.01432	0.01138	0.01221	0.05738	0.02499	0.04246	0.00846	0.06587	0.00735	0.02179	0.00671	0.00726	0.01215	0.00180	0.62152	0.00401	0.00238	0.00532
2	0.01037	0.00990	0.01687	0.28270	0.56420	0.01054	0.01349	0.01317	0.00992	0.01378	0.00837	0.01149	0.00682	0.00419	0.00450	0.00140	0.00559	0.00403	0.00217	0.00650
3	0.00772	0.00432	0.00442	0.00440	0.00554	0.00415	0.00330	0.00965	0.00990	0.01611	0.07743	0.02314	0.16439	0.00673	0.00374	0.00117	0.00215	0.00551	0.64207	0.00415
4	0.00648	0.00483	0.00716	0.00716	0.00792	0.00560	0.00551	0.00801	0.00725	0.01043	0.01225	0.01844	0.01160	0.07724	0.77991	0.00713	0.01172	0.00495	0.00244	0.00398
5	0.00544	0.00455	0.00474	0.00484	0.00624	0.00385	0.00360	0.00660	0.01027	0.01240	0.06914	0.11246	0.70401	0.01166	0.00541	0.00156	0.00235	0.02281	0.00423	0.00383
6	0.00639	0.00462	0.00604	0.00572	0.00676	0.00426	0.00427	0.00850	0.01273	0.01801	0.79101	0.05339	0.04244	0.00938	0.00536	0.00144	0.00215	0.00831	0.00497	0.00426
7	0.06073	0.00776	0.01033	0.00796	0.01143	0.00683	0.00658	0.02167	0.01272	0.77793	0.01733	0.01504	0.01092	0.00554	0.00447	0.00140	0.00384	0.00446	0.00548	0.00758
8	0.01127	0.00973	0.01025	0.00922	0.01178	0.01127	0.00717	0.02408	0.80430	0.01896	0.01844	0.01691	0.01383	0.00615	0.00461	0.00154	0.00359	0.00512	0.00461	0.00717
9	0.01170	0.01150	0.00863	0.00787	0.00956	0.33249	0.03200	0.01349	0.01125	0.01463	0.09886	0.01510	0.01256	0.00542	0.00385	0.00116	0.00473	0.00417	0.39633	0.00470
10	0.01211	0.84348	0.02374	0.00775	0.01163	0.01793	0.00775	0.01357	0.00921	0.01066	0.00630	0.00727	0.00582	0.00388	0.00291	0.00097	0.00485	0.00242	0.00194	0.00582
11	0.01016	0.00906	0.01523	0.44649	0.34810	0.01006	0.01267	0.01295	0.00976	0.05271	0.00906	0.02780	0.00722	0.00457	0.00454	0.00144	0.00560	0.00423	0.00233	0.00601
12	0.08740	0.66474	0.07410	0.00808	0.01199	0.04439	0.00811	0.01399	0.00933	0.03394	0.00677	0.00769	0.00588	0.00401	0.00308	0.00106	0.00494	0.00256	0.00213	0.00583
13	0.00552	0.00394	0.00526	0.00631	0.00657	0.00368	0.00421	0.00631	0.00868	0.01157	0.02498	0.83779	0.02997	0.01420	0.00578	0.00184	0.00263	0.01288	0.00421	0.00368
14	0.01049	0.00996	0.01704	0.17290	0.59551	0.01029	0.03924	0.01324	0.01013	0.01430	0.02488	0.01268	0.00810	0.00440	0.00454	0.00139	0.00542	0.01784	0.02107	0.00657
15	0.00925	0.00890	0.01473	0.68958	0.03908	0.02943	0.08274	0.03823	0.00974	0.01246	0.00844	0.01246	0.00644	0.00460	0.00462	0.00150	0.00617	0.01421	0.00216	0.00524
16	0.00856	0.00805	0.01359	0.82986	0.03121	0.01007	0.01258	0.01158	0.00906	0.01158	0.00805	0.01208	0.00604	0.00453	0.00453	0.00151	0.00604	0.00403	0.00201	0.00503
17	0.00544	0.00451	0.00476	0.00487	0.00622	0.00383	0.00359	0.00659	0.01025	0.01249	0.08585	0.14559	0.66701	0.01170	0.00541	0.00156	0.00233	0.00992	0.00425	0.00383
18	0.00856	0.00805	0.01359	0.82986	0.03121	0.01007	0.01258	0.01158	0.00906	0.01158	0.00805	0.01208	0.00604	0.00453	0.00453	0.00151	0.00604	0.00403	0.00201	0.00503
19	0.01116	0.01071	0.01829	0.04552	0.79524	0.01075	0.01388	0.01386	0.01029	0.01473	0.00851	0.01123	0.00715	0.00405	0.00449	0.00135	0.00540	0.00404	0.00224	0.00713
20	0.00550	0.00460	0.00479	0.00474	0.00621	0.00389	0.00356	0.00678	0.01067	0.01305	0.14974	0.04228	0.70631	0.01118	0.00535	0.00152	0.00227	0.00938	0.00431	0.00389
21	0.00947	0.00812	0.00943	0.00681	0.01078	0.00624	0.00544	0.01190	0.03997	0.01493	0.00845	0.00969	0.00699	0.00346	0.00340	0.00070	0.00336	0.00278	0.00276	0.83533
22	0.87276	0.00876	0.00666	0.00596	0.00876	0.01017	0.00491	0.01332	0.00771	0.02033	0.00631	0.00736	0.00491	0.00421	0.00280	0.00140	0.00351	0.00245	0.00280	0.00491
23	0.00633	0.00463	0.00594	0.00561	0.00672	0.00424	0.00421	0.00839	0.01262	0.01769	0.74817	0.03464	0.10498	0.00944	0.00535	0.00143	0.00215	0.00831	0.00492	0.00424
24	0.00940	0.00805	0.00940	0.00671	0.01074	0.00604	0.00537	0.01141	0.00940	0.01477	0.00805	0.00940	0.00671	0.00336	0.00336	0.00067	0.00336	0.00268	0.00268	0.86845
25	0.00538	0.00449	0.00469	0.00484	0.00619	0.00380	0.00356	0.00647	0.01008	0.01214	0.04281	0.16121	0.69505	0.01188	0.00542	0.00158	0.00234	0.01005	0.00421	0.00380
26	0.00704	0.00503	0.00698	0.00793	0.00888	0.00497	0.00674	0.00898	0.01039	0.01365	0.07781	0.14084	0.02767	0.01249	0.00614	0.00201	0.00386	0.64025	0.00423	0.00412
27	0.00950	0.00744	0.00957	0.00954	0.06988	0.02284	0.00689	0.17888	0.03852	0.01495	0.01182	0.01616	0.01046	0.06127	0.50502	0.00512	0.00936	0.00468	0.00296	0.00514
28	0.00597	0.00454	0.00523	0.00515	0.00638	0.00402	0.00383	0.00755	0.01121	0.01490	0.36000	0.09410	0.39498	0.01042	0.00527	0.00148	0.00224	0.00895	0.04976	0.00402
29	0.10266	0.00930	0.01095	0.04991	0.03354	0.00998	0.00746	0.19687	0.16547	0.25357	0.05548	0.01430	0.01130	0.00590	0.00505	0.01668	0.03595	0.00446	0.00438	0.00679
30	0.08797	0.01258	0.02480	0.21661	0.09828	0.18586	0.18057	0.05470	0.01104	0.04250	0.02300	0.01115	0.00712	0.00456	0.00465	0.00141	0.02089	0.00403	0.00254	0.00575
31	0.13578	0.00978	0.01284	0.11740	0.06304	0.03706	0.00954	0.01243	0.00808	0.06156	0.00719	0.01018	0.00620	0.00647	0.01019	0.00174	0.47912	0.00376	0.00235	0.00527
32	0.01031	0.00954	0.01639	0.40510	0.34874	0.01044	0.06762	0.03024	0.01006	0.03568	0.00866	0.01180	0.00674	0.00433	0.00457	0.00144	0.00580	0.00414	0.00228	0.00612
33	0.00638	0.00471	0.00668	0.00673	0.00743	0.00523	0.00503	0.00772	0.00760	0.01070	0.04516	0.07622	0.04227	0.14409	0.59575	0.00609	0.00968	0.00593	0.00275	0.00384
34	0.01250	0.00996	0.01073	0.03528	0.03965	0.09835	0.02526	0.19540	0.14415	0.09780	0.20518	0.04767	0.04474	0.00680	0.00478	0.00142	0.00425	0.00567	0.00429	0.00612
35	0.00650	0.00481	0.00518	0.00496	0.00657	0.00407	0.00377	0.00781	0.01082	0.06711	0.14086	0.04047	0.65948	0.01080	0.00530	0.00151	0.00238	0.00905	0.00440	0.00414
36	0.00891	0.02217	0.76263	0.01243	0.01875	0.01010	0.01590	0.01396	0.00979	0.01461	0.06216	0.01120	0.00823	0.00464	0.00438	0.00143	0.00639	0.00367	0.00212	0.00653
37	0.03891	0.00808	0.01328	0.66318	0.10896	0.00971	0.01189	0.01152	0.00912	0.01221	0.00918	0.06745	0.00773	0.00512	0.00455	0.00151	0.00565	0.00457	0.00221	0.00516
38	0.00653	0.00475	0.00639	0.00719	0.00803	0.00448	0.00558	0.00794	0.00946	0.01262	0.02342	0.45286	0.02678	0.01276	0.00582	0.00186	0.00332	0.33397	0.00409	0.06214
39	0.00906	0.00784	0.00953	0.00695	0.01072	0.00601	0.03151	0.01108	0.00962	0.01471	0.03849	0.01264	0.06213	0.00412	0.00363	0.00078	0.00338	0.00343	0.00285	0.75150
40	0.10869	0.52154	0.12695	0.00838	0.01207	0.01460	0.00856	0.01303	0.00893	0.01237	0.00761	0.01007	0.00686	0.00647	0.05884	0.00158	0.03295	0.03275	0.00215	0.00562
41	0.03582	0.11230	0.06672	0.00862	0.01206	0.00850	0.04772	0.01809	0.01181	0.48894	0.09069	0.01536	0.01274	0.00557	0.00458	0.00136	0.02070	0.00453	0.02711	0.00679
42	0.09468	0.00631	0.00788	0.00712	0.00881	0.00638	0.03139	0.01037	0.06948	0.01326	0.04088	0.06933	0.01405	0.16566	0.22667	0.00348	0.00604	0.05753	0.00305	0.15762

[dist]
# distance from previous block
# <min> <max>
0	94

# created by:
# /st0/software/busco_prod/Augustus/scripts/msa2prfl.pl ./align_prep/1338131.fa
