[name]
unknown

[dist]
# distance from previous block
# <min> <max>
0	106

[block]
# block no. 0 follows, 51 sequences, length 8
# corresponding to MSA columns:
# 137-144
name=unknown_A
#
# <colnr> <probs for GDERKNQSTAVLIFYWHMCP>
#	G	D	E	R	K	N	Q	S	T	A	V	L	I	F	Y	W	H	M	C	P
0	0.05651	0.09469	0.01583	0.04651	0.07326	0.10095	0.10857	0.12385	0.04662	0.05273	0.03007	0.05670	0.01056	0.02243	0.00545	0.00150	0.03146	0.01813	0.00335	0.10082
1	0.07487	0.02839	0.04588	0.03630	0.04202	0.02578	0.00728	0.09395	0.01243	0.16666	0.09413	0.07702	0.03023	0.02733	0.00548	0.02159	0.00421	0.00536	0.03483	0.16625
2	0.13264	0.01136	0.01259	0.08958	0.05525	0.10723	0.04377	0.09887	0.07901	0.15143	0.01275	0.01362	0.02686	0.00658	0.03304	0.00168	0.02406	0.00432	0.02431	0.07106
3	0.03036	0.00740	0.00903	0.02839	0.05194	0.02205	0.00624	0.07604	0.03926	0.05465	0.11349	0.09209	0.05627	0.11774	0.05981	0.07419	0.00466	0.03434	0.00379	0.11826
4	0.14435	0.01132	0.05930	0.11954	0.05631	0.09467	0.00885	0.10619	0.05989	0.06031	0.04501	0.08058	0.06986	0.00783	0.02517	0.00175	0.00529	0.03408	0.00366	0.00604
5	0.05638	0.00608	0.00714	0.00671	0.00837	0.00597	0.00512	0.05301	0.01115	0.13850	0.04103	0.15587	0.13466	0.05856	0.09292	0.00244	0.00435	0.03235	0.17426	0.00514
6	0.01382	0.01128	0.12955	0.00970	0.01312	0.00934	0.03634	0.17049	0.07415	0.19226	0.06403	0.01829	0.04192	0.05181	0.07081	0.00219	0.00544	0.00528	0.07340	0.00679
7	0.01121	0.01061	0.05828	0.19192	0.12973	0.02766	0.04142	0.06738	0.03862	0.04394	0.02803	0.07148	0.01043	0.00596	0.00569	0.00149	0.07157	0.00498	0.03567	0.14392

[dist]
# distance from previous block
# <min> <max>
1	3

[block]
# block no. 1 follows, 51 sequences, length 27
# corresponding to MSA columns:
# 149-175
name=unknown_B
#
# <colnr> <probs for GDERKNQSTAVLIFYWHMCP>
#	G	D	E	R	K	N	Q	S	T	A	V	L	I	F	Y	W	H	M	C	P
0	0.10791	0.03637	0.05629	0.03026	0.05025	0.12518	0.03457	0.20674	0.03749	0.01893	0.04158	0.01288	0.02672	0.00708	0.02881	0.00177	0.16308	0.00435	0.00330	0.00643
1	0.00969	0.00915	0.01547	0.70477	0.14138	0.01103	0.01385	0.01291	0.01002	0.01305	0.00881	0.01297	0.00672	0.00484	0.00491	0.00161	0.00645	0.00437	0.00222	0.00579
2	0.12744	0.02759	0.04230	0.11790	0.04700	0.02564	0.04781	0.24845	0.09593	0.14047	0.01235	0.01291	0.00884	0.00546	0.00465	0.00152	0.00524	0.00437	0.01693	0.00722
3	0.00630	0.00459	0.00594	0.00649	0.00716	0.00427	0.00452	0.00761	0.01074	0.01453	0.24407	0.49335	0.10346	0.03132	0.02987	0.00207	0.00301	0.01182	0.00471	0.00418
4	0.00626	0.00482	0.00574	0.00596	0.00708	0.00430	0.00434	0.00775	0.01154	0.01507	0.26872	0.25332	0.34187	0.01254	0.00596	0.00173	0.00259	0.03133	0.00482	0.00426
5	0.01190	0.01242	0.10774	0.37190	0.06893	0.03920	0.06938	0.16090	0.01278	0.03207	0.01033	0.03503	0.00816	0.03155	0.00561	0.00168	0.00638	0.00472	0.00291	0.00639
6	0.00649	0.00475	0.00589	0.00609	0.00691	0.00437	0.00426	0.00790	0.01124	0.01518	0.33930	0.27967	0.16140	0.11394	0.00834	0.00210	0.00281	0.01047	0.00471	0.00415
7	0.03703	0.01173	0.05531	0.19307	0.05240	0.01218	0.09425	0.22482	0.06236	0.10601	0.02918	0.01352	0.00918	0.00570	0.00587	0.00161	0.07043	0.00469	0.00367	0.00700
8	0.86201	0.00950	0.00722	0.00646	0.00950	0.01102	0.00532	0.01445	0.00836	0.02205	0.00684	0.00798	0.00532	0.00456	0.00304	0.00152	0.00380	0.00266	0.00304	0.00532
9	0.01141	0.01048	0.04954	0.10002	0.09145	0.02612	0.03312	0.06997	0.01161	0.04431	0.03948	0.01214	0.00893	0.00445	0.00426	0.00109	0.00471	0.00376	0.00308	0.47008
10	0.01258	0.66992	0.12228	0.00912	0.01367	0.01769	0.00951	0.01509	0.03487	0.01253	0.00758	0.00862	0.00661	0.00432	0.00342	0.00112	0.00540	0.00286	0.00222	0.04058
11	0.01689	0.00949	0.01132	0.00918	0.01245	0.00959	0.00740	0.15415	0.21554	0.35558	0.10864	0.01848	0.01613	0.00661	0.00502	0.00154	0.00409	0.00543	0.00545	0.02703
12	0.04187	0.00910	0.02692	0.03678	0.03737	0.00880	0.07841	0.10330	0.09403	0.19413	0.16697	0.05692	0.03950	0.00827	0.03733	0.00180	0.00471	0.00614	0.00457	0.04309
13	0.01257	0.08280	0.05540	0.05138	0.30242	0.04611	0.01125	0.08597	0.04006	0.04664	0.03492	0.01416	0.02672	0.00543	0.00528	0.00142	0.05052	0.02152	0.00307	0.10234
14	0.00706	0.00493	0.00602	0.00613	0.00629	0.00512	0.00386	0.00746	0.00759	0.01029	0.01659	0.14391	0.01889	0.57822	0.13088	0.00473	0.02772	0.00779	0.00314	0.00338
15	0.00598	0.00432	0.00566	0.00674	0.00710	0.00400	0.00452	0.00685	0.00951	0.01258	0.02833	0.78165	0.07414	0.01523	0.00625	0.00198	0.00283	0.01377	0.00456	0.00400
16	0.01190	0.01350	0.02520	0.01920	0.05567	0.08239	0.58659	0.01536	0.01139	0.01499	0.01022	0.04916	0.00842	0.00507	0.00643	0.00167	0.06814	0.00576	0.00256	0.00638
17	0.76669	0.00977	0.00794	0.00691	0.01004	0.01118	0.00569	0.07081	0.00967	0.05388	0.00771	0.00861	0.00582	0.00472	0.00325	0.00152	0.00393	0.00288	0.00330	0.00567
18	0.00611	0.00441	0.00580	0.00677	0.00721	0.00410	0.00463	0.00713	0.00989	0.01317	0.08473	0.70502	0.07001	0.01480	0.00623	0.00195	0.00285	0.03648	0.00462	0.00406
19	0.00809	0.00608	0.00712	0.00695	0.00849	0.00592	0.00531	0.05597	0.08925	0.03421	0.22864	0.17233	0.25857	0.01134	0.00583	0.00173	0.00305	0.08126	0.00487	0.00499
20	0.01225	0.01038	0.01092	0.00980	0.01254	0.01197	0.00763	0.04393	0.73610	0.02072	0.01963	0.01817	0.01474	0.00661	0.00493	0.00164	0.00386	0.00549	0.04103	0.00766
21	0.04059	0.01950	0.01431	0.01301	0.04811	0.56238	0.04375	0.07190	0.01388	0.06042	0.00898	0.01021	0.00711	0.00523	0.00488	0.00135	0.03368	0.00360	0.03101	0.00611
22	0.01380	0.59196	0.04807	0.03140	0.03714	0.15965	0.03073	0.01560	0.01078	0.01205	0.00724	0.00855	0.00639	0.00439	0.00360	0.00115	0.00610	0.00294	0.00220	0.00626
23	0.00810	0.00549	0.00678	0.00668	0.00812	0.00508	0.00512	0.01039	0.04655	0.08046	0.30331	0.16114	0.22654	0.01140	0.00588	0.00173	0.00291	0.09448	0.00500	0.00485
24	0.04286	0.01105	0.07353	0.10708	0.10559	0.05345	0.05505	0.03906	0.13824	0.04542	0.01445	0.12024	0.02486	0.02631	0.04287	0.00193	0.02087	0.00583	0.00341	0.06791
25	0.01067	0.00929	0.01230	0.11467	0.02945	0.05442	0.06220	0.05063	0.04945	0.05266	0.03258	0.17157	0.03168	0.00931	0.04080	0.00191	0.12213	0.02721	0.00345	0.11362
26	0.02727	0.02102	0.02398	0.00904	0.03932	0.04074	0.02741	0.08185	0.02190	0.03188	0.04417	0.36311	0.03856	0.09383	0.00780	0.00202	0.02784	0.02608	0.00397	0.06822

[dist]
# distance from previous block
# <min> <max>
1	55

[block]
# block no. 2 follows, 51 sequences, length 22
# corresponding to MSA columns:
# 234-255
name=unknown_C
#
# <colnr> <probs for GDERKNQSTAVLIFYWHMCP>
#	G	D	E	R	K	N	Q	S	T	A	V	L	I	F	Y	W	H	M	C	P
0	0.24448	0.00977	0.00993	0.00813	0.01141	0.04112	0.00661	0.12597	0.04088	0.17092	0.03046	0.01453	0.01029	0.00559	0.00418	0.00137	0.00419	0.03908	0.05541	0.16571
1	0.05958	0.00601	0.00768	0.00755	0.00886	0.00591	0.03557	0.03194	0.02493	0.03954	0.10635	0.19814	0.12221	0.14473	0.00902	0.00234	0.00384	0.17698	0.00428	0.00455
2	0.00745	0.00599	0.00806	0.00805	0.00898	0.03958	0.00622	0.00915	0.00821	0.01148	0.01349	0.05096	0.01284	0.03467	0.74225	0.00739	0.01257	0.00552	0.00271	0.00443
3	0.03797	0.00955	0.01163	0.00915	0.01272	0.00938	0.00749	0.17925	0.10130	0.49902	0.01745	0.01578	0.01157	0.00606	0.00483	0.00151	0.00430	0.00484	0.04817	0.00804
4	0.13020	0.00751	0.00950	0.00878	0.01076	0.00791	0.00731	0.01488	0.01106	0.24981	0.01861	0.08848	0.01727	0.00932	0.00677	0.00187	0.10899	0.25133	0.03379	0.00585
5	0.00724	0.00484	0.00581	0.00610	0.00644	0.00471	0.00393	0.00777	0.00846	0.02866	0.03435	0.20401	0.05484	0.51085	0.01771	0.00368	0.00418	0.07922	0.00364	0.00354
6	0.00608	0.00434	0.00581	0.00695	0.00727	0.00407	0.00472	0.00700	0.00950	0.01265	0.02704	0.78843	0.03231	0.01531	0.00630	0.00201	0.00293	0.04874	0.00456	0.00402
7	0.01697	0.06664	0.01444	0.01263	0.04313	0.59240	0.00939	0.04633	0.12496	0.01402	0.00954	0.01039	0.00770	0.00525	0.00447	0.00133	0.00771	0.00357	0.00294	0.00620
8	0.03762	0.00916	0.01164	0.02857	0.05699	0.00887	0.02003	0.09937	0.12458	0.29796	0.11861	0.01754	0.01538	0.00613	0.00484	0.00143	0.00415	0.00512	0.00483	0.12718
9	0.02820	0.01277	0.02249	0.07775	0.13173	0.05702	0.42324	0.06056	0.04050	0.03792	0.01024	0.01278	0.00778	0.00451	0.00526	0.00154	0.00708	0.00503	0.00282	0.05077
10	0.86201	0.00950	0.00722	0.00646	0.00950	0.01102	0.00532	0.01445	0.00836	0.02205	0.00684	0.00798	0.00532	0.00456	0.00304	0.00152	0.00380	0.00266	0.00304	0.00532
11	0.00972	0.00906	0.01506	0.74483	0.07953	0.01109	0.01361	0.03473	0.01029	0.01330	0.00885	0.01301	0.00668	0.00491	0.00491	0.00162	0.00647	0.00437	0.00228	0.00568
12	0.00756	0.00573	0.00696	0.00665	0.00786	0.00569	0.00499	0.02165	0.07164	0.01719	0.42523	0.06817	0.15266	0.08515	0.00785	0.00193	0.03099	0.04359	0.02381	0.00470
13	0.00648	0.03828	0.00661	0.00665	0.00737	0.00480	0.00470	0.00759	0.01012	0.01335	0.11343	0.55986	0.11741	0.04349	0.00674	0.00198	0.00298	0.03952	0.00450	0.00416
14	0.00961	0.00756	0.00928	0.00871	0.00980	0.05347	0.00677	0.01196	0.06186	0.06201	0.01391	0.07165	0.01289	0.06360	0.38884	0.00481	0.13324	0.00563	0.05938	0.00501
15	0.01332	0.76513	0.02469	0.00864	0.01272	0.05139	0.00843	0.01536	0.04063	0.01193	0.00738	0.00833	0.00665	0.00434	0.00328	0.00108	0.00535	0.00276	0.00223	0.00634
16	0.01080	0.00655	0.00802	0.00734	0.00917	0.00635	0.00563	0.04677	0.10015	0.16501	0.25537	0.14164	0.09650	0.03991	0.00623	0.00176	0.00326	0.04322	0.04066	0.00565
17	0.00654	0.00486	0.00539	0.00555	0.00635	0.00448	0.00374	0.00724	0.00930	0.01167	0.03169	0.10431	0.35431	0.34864	0.01406	0.01876	0.00360	0.05202	0.00386	0.00364
18	0.00622	0.00471	0.00542	0.00578	0.00685	0.00418	0.00413	0.00752	0.01085	0.01414	0.13556	0.32333	0.37806	0.01280	0.00583	0.00174	0.00259	0.01113	0.05499	0.00418
19	0.00785	0.00622	0.00895	0.00853	0.00927	0.00753	0.00668	0.02218	0.00826	0.01198	0.04317	0.01890	0.01277	0.06120	0.58329	0.03174	0.13899	0.00529	0.00270	0.00450
20	0.05156	0.00945	0.01422	0.26677	0.13983	0.00978	0.05858	0.05311	0.01082	0.02679	0.03247	0.01284	0.00846	0.00585	0.02046	0.03648	0.02205	0.00418	0.00276	0.21353
21	0.01083	0.11179	0.05970	0.07089	0.02925	0.07101	0.05644	0.04421	0.08414	0.02796	0.04948	0.13116	0.04188	0.00811	0.00590	0.05776	0.00499	0.04749	0.00341	0.08362

[dist]
# distance from previous block
# <min> <max>
0	30

[block]
# block no. 3 follows, 51 sequences, length 12
# corresponding to MSA columns:
# 287-298
name=unknown_D
#
# <colnr> <probs for GDERKNQSTAVLIFYWHMCP>
#	G	D	E	R	K	N	Q	S	T	A	V	L	I	F	Y	W	H	M	C	P
0	0.07431	0.06336	0.22783	0.02721	0.07127	0.04970	0.01113	0.06451	0.05337	0.04227	0.02094	0.02423	0.00846	0.00655	0.03505	0.00169	0.08764	0.00401	0.00290	0.12356
1	0.04305	0.10830	0.08148	0.00998	0.01351	0.12641	0.05848	0.07799	0.03079	0.08299	0.05552	0.05527	0.01145	0.03053	0.00555	0.02877	0.00535	0.00460	0.00336	0.16661
2	0.08519	0.02556	0.17555	0.06203	0.03799	0.05238	0.01046	0.19107	0.08336	0.08089	0.04804	0.03112	0.01069	0.00645	0.01820	0.00165	0.03896	0.00459	0.02895	0.00689
3	0.00702	0.00485	0.00650	0.00670	0.00732	0.00500	0.00479	0.00797	0.00882	0.01219	0.08949	0.17292	0.06609	0.16923	0.27451	0.08503	0.00669	0.03036	0.03067	0.00387
4	0.00641	0.00448	0.00588	0.00661	0.00696	0.00433	0.00443	0.00712	0.00900	0.01207	0.05063	0.54550	0.05160	0.13497	0.07757	0.04909	0.00405	0.01143	0.00407	0.00380
5	0.00849	0.00527	0.00647	0.00635	0.00780	0.00465	0.00469	0.00994	0.01164	0.13024	0.19245	0.27712	0.29247	0.01191	0.00582	0.00172	0.00281	0.01036	0.00496	0.00482
6	0.01073	0.20430	0.58168	0.01252	0.01883	0.01325	0.01537	0.01600	0.05631	0.01496	0.00904	0.01029	0.00676	0.00468	0.00435	0.00145	0.00661	0.00352	0.00225	0.00708
7	0.00875	0.00555	0.00666	0.00624	0.00746	0.00568	0.00478	0.03716	0.01199	0.03710	0.31950	0.05522	0.04830	0.00922	0.03338	0.00166	0.05116	0.00678	0.33859	0.00483
8	0.01249	0.63598	0.13251	0.00954	0.01384	0.01779	0.00990	0.01503	0.03634	0.01244	0.00753	0.00878	0.00660	0.00464	0.00429	0.00122	0.05948	0.00298	0.00220	0.00643
9	0.04848	0.01221	0.09998	0.04224	0.07390	0.03404	0.02370	0.19639	0.05108	0.28785	0.05334	0.01545	0.02697	0.00594	0.00489	0.00152	0.00508	0.00482	0.00455	0.00757
10	0.05550	0.07477	0.11870	0.09129	0.03270	0.05124	0.06166	0.17128	0.08423	0.10208	0.01165	0.01323	0.00883	0.04481	0.00560	0.00161	0.00564	0.00432	0.00355	0.05731
11	0.08582	0.01033	0.11202	0.04718	0.01395	0.00865	0.08721	0.05246	0.06093	0.11926	0.20239	0.04621	0.06212	0.00742	0.00535	0.00161	0.01830	0.03367	0.01903	0.00610

[dist]
# distance from previous block
# <min> <max>
0	2

[block]
# block no. 4 follows, 51 sequences, length 21
# corresponding to MSA columns:
# 301-321
name=unknown_E
#
# <colnr> <probs for GDERKNQSTAVLIFYWHMCP>
#	G	D	E	R	K	N	Q	S	T	A	V	L	I	F	Y	W	H	M	C	P
0	0.01255	0.00824	0.01056	0.00936	0.03744	0.03344	0.04964	0.11992	0.01386	0.18949	0.20085	0.17116	0.07586	0.00885	0.00543	0.00159	0.00398	0.00773	0.00483	0.03524
1	0.08941	0.29322	0.17343	0.01012	0.01474	0.03502	0.04464	0.05843	0.03655	0.08225	0.00940	0.01025	0.00727	0.00461	0.00397	0.00127	0.00543	0.00342	0.00290	0.11369
2	0.01314	0.07966	0.16147	0.03539	0.09961	0.01048	0.03536	0.07355	0.04562	0.16405	0.05047	0.02611	0.02622	0.00681	0.03081	0.00167	0.03155	0.01879	0.00361	0.08561
3	0.00613	0.00450	0.00559	0.00632	0.00688	0.00414	0.00426	0.00707	0.00981	0.01285	0.08046	0.55411	0.17054	0.09350	0.00798	0.00217	0.00294	0.01232	0.00446	0.00396
4	0.00985	0.00919	0.06056	0.05764	0.01522	0.00837	0.18504	0.03074	0.06274	0.06462	0.06768	0.20699	0.05674	0.00962	0.01812	0.00189	0.02826	0.09719	0.00388	0.00566
5	0.01250	0.02265	0.04536	0.11362	0.38772	0.06175	0.06791	0.04879	0.03650	0.05274	0.01092	0.03577	0.00919	0.00548	0.00550	0.00156	0.04285	0.02932	0.00287	0.00700
6	0.00988	0.00929	0.01265	0.03189	0.01205	0.01232	0.00914	0.01189	0.05891	0.01302	0.04701	0.09722	0.03746	0.02579	0.01315	0.00207	0.55944	0.00584	0.02574	0.00525
7	0.00630	0.00452	0.00567	0.00645	0.00700	0.00421	0.00442	0.00730	0.00973	0.01291	0.05636	0.54858	0.13853	0.09098	0.00789	0.00218	0.00302	0.04781	0.03215	0.00399
8	0.01219	0.01139	0.01770	0.09160	0.50374	0.04036	0.04766	0.05675	0.04135	0.02858	0.02630	0.03953	0.00984	0.00522	0.00496	0.00149	0.00574	0.01639	0.00288	0.03633
9	0.00906	0.00775	0.01157	0.21032	0.16004	0.00828	0.00958	0.01234	0.07832	0.01446	0.03718	0.15993	0.03323	0.04964	0.00649	0.00191	0.00481	0.14697	0.00350	0.03464
10	0.00761	0.00604	0.00865	0.00832	0.00894	0.00732	0.00642	0.00902	0.00774	0.01121	0.01245	0.01976	0.01216	0.14096	0.57891	0.00659	0.13560	0.00538	0.00261	0.00435
11	0.01134	0.01107	0.01773	0.32540	0.47571	0.04545	0.01430	0.01432	0.01079	0.01456	0.00898	0.01238	0.00726	0.00461	0.00486	0.00152	0.00624	0.00432	0.00234	0.00682
12	0.00617	0.00452	0.00573	0.00648	0.00707	0.00416	0.00445	0.00724	0.01014	0.01341	0.12003	0.56741	0.14500	0.04904	0.00696	0.00202	0.00285	0.02866	0.00459	0.00406
13	0.01064	0.00923	0.01493	0.67702	0.08144	0.01107	0.01318	0.06166	0.01094	0.04961	0.00944	0.01312	0.00700	0.00499	0.00491	0.00161	0.00633	0.00440	0.00255	0.00593
14	0.01461	0.01078	0.01523	0.24195	0.15415	0.01181	0.02899	0.25232	0.01471	0.13654	0.01149	0.01324	0.00839	0.00653	0.03410	0.00178	0.02800	0.00454	0.00368	0.00718
15	0.01185	0.05861	0.01951	0.07607	0.67939	0.01183	0.01427	0.01464	0.01098	0.01547	0.00965	0.03805	0.00842	0.00475	0.00481	0.00146	0.00575	0.00458	0.00247	0.00744
16	0.00733	0.00503	0.00626	0.00601	0.00713	0.00463	0.00437	0.00914	0.01239	0.04260	0.50666	0.09078	0.13668	0.09959	0.00781	0.00193	0.00270	0.00896	0.03552	0.00447
17	0.01224	0.26080	0.13736	0.04061	0.11399	0.10235	0.03560	0.02644	0.09937	0.01467	0.04425	0.01349	0.04297	0.00545	0.00474	0.00140	0.03067	0.00423	0.00282	0.00656
18	0.00654	0.00517	0.00570	0.00563	0.00701	0.00461	0.00412	0.03115	0.01165	0.01478	0.19318	0.12438	0.48874	0.06665	0.00711	0.00187	0.00273	0.01005	0.00464	0.00428
19	0.01226	0.10705	0.16224	0.10347	0.05564	0.02775	0.03522	0.14950	0.10848	0.03655	0.06292	0.04222	0.01189	0.00590	0.00471	0.00149	0.00536	0.00486	0.05575	0.00675
20	0.01273	0.12151	0.02924	0.01094	0.06508	0.11638	0.03230	0.08620	0.01210	0.06990	0.03322	0.09549	0.05176	0.00698	0.01602	0.00146	0.06417	0.00518	0.00336	0.16598

[dist]
# distance from previous block
# <min> <max>
3	8

[block]
# block no. 5 follows, 51 sequences, length 13
# corresponding to MSA columns:
# 330-342
name=unknown_F
#
# <colnr> <probs for GDERKNQSTAVLIFYWHMCP>
#	G	D	E	R	K	N	Q	S	T	A	V	L	I	F	Y	W	H	M	C	P
0	0.00760	0.00530	0.00723	0.03864	0.02904	0.00533	0.00549	0.00904	0.02520	0.04492	0.10218	0.32745	0.06005	0.10649	0.14536	0.04051	0.00514	0.02671	0.00396	0.00436
1	0.01479	0.09177	0.03534	0.04284	0.10547	0.06893	0.03914	0.19264	0.07518	0.12530	0.03067	0.01362	0.00995	0.00733	0.04746	0.00182	0.05708	0.00449	0.02912	0.00706
2	0.00878	0.00616	0.00734	0.00668	0.00846	0.00582	0.00512	0.04253	0.06973	0.05325	0.38414	0.06993	0.12863	0.00920	0.00532	0.00150	0.00285	0.02788	0.08419	0.07247
3	0.00856	0.00504	0.00765	0.00727	0.00760	0.00534	0.02802	0.00756	0.00715	0.00998	0.02821	0.01585	0.00992	0.01784	0.10972	0.62570	0.04974	0.00456	0.04140	0.00288
4	0.01438	0.03776	0.01403	0.01062	0.01356	0.00956	0.13213	0.11837	0.05414	0.24434	0.14016	0.01897	0.01623	0.04573	0.03966	0.02704	0.04658	0.00566	0.00444	0.00663
5	0.03665	0.00763	0.03237	0.08404	0.04811	0.00724	0.00726	0.07779	0.01245	0.16027	0.16728	0.17411	0.07419	0.03045	0.03847	0.00199	0.00433	0.02515	0.00448	0.00575
6	0.00852	0.00651	0.03570	0.00818	0.03148	0.00628	0.02761	0.04392	0.02305	0.01201	0.04505	0.08254	0.02779	0.21900	0.12061	0.26074	0.02798	0.00620	0.00297	0.00387
7	0.15609	0.13895	0.07209	0.04687	0.07643	0.11086	0.00884	0.08938	0.01172	0.01719	0.03600	0.01118	0.00838	0.00573	0.02756	0.00146	0.00551	0.00357	0.02758	0.14463
8	0.06181	0.13332	0.10254	0.03150	0.06129	0.10493	0.07706	0.05497	0.04628	0.05634	0.03070	0.05438	0.01013	0.02967	0.00558	0.00152	0.04043	0.00458	0.01652	0.07644
9	0.06969	0.15454	0.08132	0.03428	0.05199	0.07694	0.03616	0.07826	0.05534	0.06706	0.06166	0.01656	0.04207	0.05544	0.00624	0.00165	0.04043	0.02539	0.00334	0.04163
10	0.05792	0.06020	0.03318	0.07992	0.07891	0.07745	0.06069	0.06177	0.03465	0.13273	0.07331	0.07225	0.03167	0.00631	0.00495	0.00145	0.01894	0.00530	0.01898	0.08944
11	0.05890	0.01268	0.12291	0.03209	0.06116	0.07430	0.08621	0.07506	0.09379	0.07089	0.09712	0.06203	0.03415	0.00670	0.00545	0.00157	0.03793	0.01808	0.01983	0.02915
12	0.09655	0.11052	0.07807	0.01057	0.05419	0.06134	0.04219	0.07698	0.03675	0.08098	0.05223	0.08051	0.01261	0.03995	0.00605	0.02285	0.02566	0.02376	0.00345	0.08481

[dist]
# distance from previous block
# <min> <max>
1	39

[block]
# block no. 6 follows, 51 sequences, length 11
# corresponding to MSA columns:
# 390-400
name=unknown_G
#
# <colnr> <probs for GDERKNQSTAVLIFYWHMCP>
#	G	D	E	R	K	N	Q	S	T	A	V	L	I	F	Y	W	H	M	C	P
0	0.06987	0.05798	0.08366	0.08287	0.10978	0.07108	0.02333	0.07749	0.09291	0.05401	0.07633	0.01426	0.01143	0.00659	0.01879	0.03683	0.03863	0.00447	0.00332	0.06637
1	0.14289	0.08286	0.05721	0.06086	0.06811	0.08972	0.04879	0.02997	0.01073	0.10898	0.01230	0.06977	0.03326	0.02414	0.01847	0.00171	0.08638	0.00483	0.02495	0.02408
2	0.15976	0.10778	0.05154	0.02502	0.04359	0.07441	0.02940	0.08098	0.04250	0.10441	0.04830	0.01552	0.05386	0.00598	0.00485	0.00145	0.03922	0.02367	0.02936	0.05838
3	0.06409	0.00890	0.07368	0.02458	0.01061	0.04088	0.00684	0.05312	0.06307	0.05654	0.09822	0.15888	0.10351	0.02836	0.03058	0.10976	0.02657	0.00706	0.00383	0.03091
4	0.03936	0.03718	0.01047	0.02475	0.03452	0.02185	0.06979	0.03982	0.05460	0.04762	0.11055	0.11282	0.18976	0.07342	0.00730	0.00188	0.03401	0.03884	0.02196	0.02951
5	0.11465	0.03199	0.02975	0.02307	0.00946	0.00700	0.00569	0.06031	0.01079	0.10841	0.07118	0.17137	0.09201	0.06944	0.00805	0.10178	0.00378	0.00701	0.04761	0.02666
6	0.02874	0.00791	0.03308	0.00780	0.00965	0.03946	0.00618	0.06643	0.08440	0.10177	0.12924	0.09977	0.04658	0.10209	0.07986	0.00252	0.00478	0.05560	0.08870	0.00544
7	0.01138	0.00952	0.03129	0.11666	0.17446	0.00925	0.04068	0.06406	0.06423	0.06884	0.10894	0.01690	0.03688	0.00652	0.00602	0.05457	0.02366	0.00502	0.00346	0.14766
8	0.01314	0.83025	0.02575	0.00841	0.01261	0.01945	0.00841	0.01472	0.00999	0.01156	0.00683	0.00788	0.00631	0.00420	0.00315	0.00105	0.00526	0.00263	0.00210	0.00631
9	0.01046	0.00914	0.01025	0.03674	0.01234	0.03526	0.00630	0.01370	0.08283	0.01613	0.01059	0.03861	0.00895	0.00448	0.00392	0.00092	0.00388	0.00364	0.02931	0.66254
10	0.00928	0.00873	0.01474	0.81548	0.03385	0.01092	0.01365	0.01256	0.00983	0.01256	0.00873	0.01310	0.00655	0.00491	0.00491	0.00164	0.00655	0.00437	0.00218	0.00546

[dist]
# distance from previous block
# <min> <max>
0	4

[block]
# block no. 7 follows, 51 sequences, length 11
# corresponding to MSA columns:
# 405-415
name=unknown_H
#
# <colnr> <probs for GDERKNQSTAVLIFYWHMCP>
#	G	D	E	R	K	N	Q	S	T	A	V	L	I	F	Y	W	H	M	C	P
0	0.16515	0.04972	0.08610	0.05183	0.03794	0.07601	0.00842	0.05218	0.03443	0.11955	0.03683	0.06107	0.05343	0.00749	0.02183	0.00170	0.03506	0.04706	0.04817	0.00603
1	0.00669	0.00476	0.00626	0.00720	0.00774	0.00457	0.00527	0.00784	0.00972	0.01278	0.02610	0.46958	0.05857	0.12334	0.00891	0.00243	0.00357	0.22630	0.00434	0.00401
2	0.73414	0.00923	0.00753	0.00673	0.00955	0.01064	0.00546	0.04801	0.00894	0.02125	0.00782	0.00986	0.00641	0.03955	0.05679	0.00207	0.00453	0.00309	0.00310	0.00530
3	0.00953	0.04052	0.02692	0.15956	0.04646	0.01984	0.01917	0.05410	0.03332	0.03511	0.04692	0.03249	0.11834	0.05904	0.13041	0.10818	0.02625	0.02566	0.00319	0.00499
4	0.00926	0.00865	0.01475	0.64628	0.07326	0.01045	0.04112	0.01237	0.00974	0.01273	0.00933	0.01379	0.00733	0.00865	0.10027	0.00237	0.00736	0.00453	0.00226	0.00551
5	0.11907	0.00564	0.00643	0.00646	0.00773	0.00552	0.00476	0.02330	0.01119	0.03559	0.25707	0.26435	0.13725	0.05692	0.00665	0.00190	0.00301	0.03805	0.00457	0.00453
6	0.00783	0.00617	0.04847	0.00664	0.00826	0.00487	0.00527	0.00948	0.01144	0.08760	0.19398	0.28172	0.28609	0.01185	0.00581	0.00172	0.00298	0.01032	0.00475	0.00476
7	0.03432	0.00874	0.00962	0.06306	0.01183	0.06049	0.02065	0.13794	0.08598	0.06081	0.13462	0.14291	0.10595	0.07714	0.00694	0.00187	0.00424	0.00742	0.01980	0.00563
8	0.01348	0.06085	0.03531	0.05337	0.05046	0.11691	0.04482	0.09222	0.02348	0.09988	0.01106	0.03810	0.00899	0.02744	0.00492	0.00130	0.00524	0.00414	0.01918	0.28884
9	0.07071	0.13597	0.02878	0.06130	0.15057	0.05501	0.03954	0.12030	0.07681	0.09852	0.02543	0.01402	0.00978	0.00714	0.04087	0.02512	0.00573	0.02417	0.00345	0.00678
10	0.19782	0.12376	0.10758	0.06401	0.03706	0.11036	0.07479	0.03620	0.02985	0.08138	0.00920	0.01057	0.00705	0.00490	0.00465	0.00143	0.03884	0.00364	0.00292	0.05399

[dist]
# distance from previous block
# <min> <max>
4	41

[block]
# block no. 8 follows, 51 sequences, length 37
# corresponding to MSA columns:
# 457-493
name=unknown_I
#
# <colnr> <probs for GDERKNQSTAVLIFYWHMCP>
#	G	D	E	R	K	N	Q	S	T	A	V	L	I	F	Y	W	H	M	C	P
0	0.10515	0.04359	0.06145	0.06904	0.01325	0.04296	0.00793	0.06312	0.17274	0.10229	0.16189	0.03542	0.06110	0.00716	0.00508	0.00157	0.01776	0.01791	0.00427	0.00630
1	0.06554	0.26128	0.06314	0.00988	0.01358	0.16548	0.00877	0.09936	0.08231	0.09096	0.01084	0.01235	0.00869	0.00532	0.00417	0.00132	0.00565	0.03222	0.00332	0.05580
2	0.06009	0.04495	0.27798	0.02983	0.01537	0.01041	0.03341	0.11080	0.06636	0.03830	0.07207	0.10085	0.01400	0.00791	0.03223	0.00181	0.02004	0.02925	0.00345	0.03089
3	0.06241	0.09686	0.19970	0.03312	0.06358	0.05895	0.07986	0.09593	0.02802	0.03999	0.07204	0.06643	0.01255	0.00639	0.00516	0.01158	0.01880	0.02800	0.01420	0.00642
4	0.07525	0.11201	0.15399	0.04651	0.02794	0.11126	0.05756	0.11830	0.02605	0.06171	0.07014	0.01356	0.01064	0.02991	0.02036	0.00166	0.02689	0.00431	0.00322	0.02872
5	0.00702	0.00520	0.00757	0.00752	0.00837	0.00587	0.00575	0.00872	0.00855	0.01226	0.10519	0.02223	0.01668	0.08764	0.66004	0.00694	0.01131	0.00582	0.00298	0.00432
6	0.01061	0.03420	0.05672	0.14923	0.05828	0.03914	0.05393	0.01523	0.15959	0.03817	0.07485	0.08836	0.01520	0.01759	0.00702	0.00177	0.11954	0.05107	0.00348	0.00602
7	0.00915	0.02741	0.11555	0.07283	0.03563	0.00740	0.06999	0.01190	0.03774	0.07715	0.06389	0.27159	0.13441	0.00972	0.00552	0.00171	0.00438	0.01999	0.01857	0.00547
8	0.00894	0.02592	0.01181	0.18810	0.03485	0.00949	0.03094	0.01013	0.00861	0.01176	0.01371	0.12514	0.06007	0.07711	0.02518	0.11574	0.22894	0.00624	0.00272	0.00461
9	0.00928	0.00873	0.01474	0.81548	0.03385	0.01092	0.01365	0.01256	0.00983	0.01256	0.00873	0.01310	0.00655	0.00491	0.00491	0.00164	0.00655	0.00437	0.00218	0.00546
10	0.00733	0.00521	0.00723	0.00743	0.00829	0.00557	0.00567	0.00880	0.00879	0.03051	0.01936	0.10669	0.07337	0.13295	0.44102	0.00554	0.00890	0.10976	0.00334	0.00426
11	0.01005	0.01120	0.11317	0.11011	0.15248	0.00948	0.15419	0.04695	0.02674	0.02624	0.01633	0.17666	0.06357	0.00751	0.00539	0.00166	0.00557	0.02847	0.00321	0.03104
12	0.01004	0.00994	0.01299	0.02487	0.13211	0.11437	0.09735	0.01172	0.01041	0.01350	0.03281	0.29032	0.05037	0.00958	0.00726	0.02451	0.11041	0.00799	0.02415	0.00529
13	0.86201	0.00950	0.00722	0.00646	0.00950	0.01102	0.00532	0.01445	0.00836	0.02205	0.00684	0.00798	0.00532	0.00456	0.00304	0.00152	0.00380	0.00266	0.00304	0.00532
14	0.00654	0.00490	0.00607	0.00601	0.00715	0.00443	0.00442	0.00839	0.01259	0.01713	0.50529	0.16184	0.21433	0.01143	0.00587	0.00164	0.00244	0.01002	0.00509	0.00443
15	0.15233	0.00821	0.00930	0.00732	0.01067	0.00741	0.00586	0.04198	0.01143	0.25805	0.01517	0.01592	0.05811	0.05126	0.00530	0.00143	0.00380	0.00435	0.05684	0.27527
16	0.01006	0.07519	0.75384	0.01366	0.02073	0.01191	0.01755	0.01551	0.01035	0.01532	0.00870	0.01022	0.00623	0.00464	0.00458	0.00153	0.00714	0.00357	0.00208	0.00720
17	0.74462	0.00954	0.00764	0.00675	0.00977	0.01093	0.00553	0.06163	0.02544	0.02208	0.00982	0.01063	0.04976	0.00513	0.00335	0.00153	0.00383	0.00326	0.00328	0.00549
18	0.01189	0.05149	0.05455	0.01142	0.01490	0.01029	0.18727	0.16376	0.06200	0.04849	0.16160	0.02041	0.06179	0.02157	0.00553	0.00155	0.00506	0.01996	0.02010	0.06637
19	0.03561	0.11757	0.11917	0.03040	0.05586	0.07933	0.03167	0.07187	0.12170	0.09978	0.02677	0.06226	0.03857	0.00651	0.00509	0.00152	0.03088	0.02855	0.01784	0.01904
20	0.01212	0.35770	0.41573	0.01136	0.01704	0.03533	0.01328	0.01579	0.01051	0.05760	0.00855	0.00966	0.00659	0.00457	0.00405	0.00134	0.00630	0.00328	0.00232	0.00689
21	0.00714	0.00556	0.00667	0.00681	0.00794	0.00548	0.00510	0.05080	0.01082	0.01394	0.04938	0.26031	0.32078	0.05120	0.07693	0.00249	0.03477	0.07522	0.00427	0.00440
22	0.00945	0.00775	0.00940	0.00833	0.05408	0.00638	0.00595	0.02592	0.02520	0.03062	0.01718	0.15081	0.10254	0.02746	0.00501	0.00124	0.00358	0.00592	0.00349	0.49971
23	0.05904	0.03177	0.01351	0.08553	0.10815	0.03845	0.05205	0.09788	0.04088	0.01745	0.03835	0.01383	0.04675	0.00514	0.00474	0.00125	0.02861	0.00424	0.00318	0.30919
24	0.54399	0.04734	0.13690	0.00837	0.01216	0.03081	0.00799	0.05793	0.01006	0.06871	0.00842	0.00947	0.00633	0.00568	0.02697	0.00168	0.00493	0.00314	0.00311	0.00602
25	0.04341	0.05033	0.15956	0.01366	0.10928	0.08571	0.03032	0.14595	0.08303	0.03182	0.08102	0.01456	0.01169	0.00613	0.00610	0.00157	0.09845	0.01723	0.00337	0.00681
26	0.01627	0.00853	0.00990	0.00825	0.01104	0.03637	0.00655	0.11174	0.06859	0.36813	0.01816	0.11113	0.01408	0.00705	0.00477	0.00149	0.00395	0.00582	0.16610	0.02209
27	0.00649	0.00478	0.00607	0.00671	0.00715	0.00467	0.00461	0.00737	0.00938	0.01243	0.05445	0.50490	0.10506	0.15983	0.00996	0.00246	0.03402	0.05150	0.00422	0.00393
28	0.01062	0.00872	0.01023	0.00733	0.01168	0.00658	0.00587	0.01279	0.01033	0.04414	0.00912	0.01042	0.00745	0.00373	0.00369	0.00076	0.00366	0.00298	0.00303	0.82688
29	0.00712	0.00539	0.00823	0.00827	0.00912	0.00508	0.08027	0.00835	0.00965	0.02878	0.02409	0.59517	0.02795	0.08995	0.00799	0.00223	0.00372	0.07013	0.00424	0.00428
30	0.01022	0.05576	0.75006	0.01376	0.02077	0.03441	0.01754	0.01565	0.01046	0.01531	0.00871	0.01024	0.00623	0.00466	0.00460	0.00153	0.00723	0.00358	0.00209	0.00718
31	0.01334	0.00901	0.01014	0.00865	0.01106	0.02528	0.00690	0.29975	0.02998	0.09295	0.04358	0.06819	0.04317	0.01248	0.14562	0.00261	0.00580	0.02420	0.14095	0.00634
32	0.01807	0.02283	0.01363	0.01241	0.01490	0.78239	0.00931	0.01937	0.01381	0.01222	0.00786	0.00916	0.00653	0.00508	0.00440	0.00126	0.00866	0.00321	0.02924	0.00566
33	0.00738	0.00480	0.00608	0.00669	0.00744	0.00456	0.00486	0.00872	0.01019	0.03890	0.07636	0.40336	0.07215	0.08387	0.00752	0.00211	0.00320	0.13275	0.11481	0.00426
34	0.01352	0.62894	0.02167	0.00819	0.01198	0.01615	0.00781	0.01522	0.01096	0.11137	0.10217	0.01242	0.01181	0.00514	0.00369	0.00117	0.00477	0.00366	0.00300	0.00637
35	0.09297	0.00551	0.00687	0.00687	0.00788	0.00586	0.00506	0.00911	0.00878	0.03594	0.05743	0.13381	0.07625	0.16484	0.32627	0.02139	0.00740	0.02012	0.00341	0.00425
36	0.00785	0.00583	0.00756	0.00822	0.00912	0.00602	0.00642	0.03235	0.06969	0.01437	0.02430	0.34849	0.02701	0.06370	0.00782	0.00224	0.02937	0.32061	0.00442	0.00461

[dist]
# distance from previous block
# <min> <max>
0	1

[block]
# block no. 9 follows, 51 sequences, length 40
# corresponding to MSA columns:
# 495-534
name=unknown_J
#
# <colnr> <probs for GDERKNQSTAVLIFYWHMCP>
#	G	D	E	R	K	N	Q	S	T	A	V	L	I	F	Y	W	H	M	C	P
0	0.15380	0.03345	0.01401	0.04668	0.04748	0.39872	0.03114	0.05382	0.01194	0.01484	0.00765	0.00961	0.00639	0.00555	0.00627	0.00150	0.14519	0.00350	0.00264	0.00583
1	0.70991	0.00939	0.00797	0.00693	0.01006	0.01056	0.00569	0.01626	0.04300	0.12867	0.00913	0.00963	0.00668	0.00486	0.00339	0.00153	0.00386	0.00310	0.00354	0.00585
2	0.00640	0.00497	0.00581	0.00566	0.00701	0.00439	0.00423	0.00817	0.01250	0.01651	0.42648	0.07305	0.38446	0.01135	0.00582	0.00162	0.00242	0.00976	0.00499	0.00439
3	0.01703	0.22474	0.03341	0.01097	0.03042	0.04543	0.00934	0.50197	0.01862	0.04667	0.01047	0.01080	0.00781	0.00538	0.00444	0.00136	0.00551	0.00391	0.00403	0.00770
4	0.00731	0.00504	0.00583	0.00583	0.00603	0.00517	0.00351	0.00809	0.04121	0.01028	0.01596	0.06225	0.01788	0.69514	0.08675	0.00477	0.00533	0.00720	0.00310	0.00334
5	0.01268	0.19934	0.04911	0.13253	0.05238	0.06772	0.01050	0.11483	0.08013	0.01549	0.00925	0.01140	0.00763	0.00666	0.02779	0.00173	0.18767	0.00398	0.00280	0.00638
6	0.01216	0.01168	0.01995	0.03016	0.79664	0.01168	0.01508	0.01508	0.01119	0.01605	0.00924	0.01216	0.00778	0.00438	0.00487	0.00146	0.00584	0.00438	0.00243	0.00778
7	0.86201	0.00950	0.00722	0.00646	0.00950	0.01102	0.00532	0.01445	0.00836	0.02205	0.00684	0.00798	0.00532	0.00456	0.00304	0.00152	0.00380	0.00266	0.00304	0.00532
8	0.00916	0.00458	0.00458	0.00458	0.00573	0.00458	0.00344	0.01145	0.01031	0.01832	0.01603	0.01832	0.01260	0.00573	0.00344	0.00115	0.00229	0.00458	0.85457	0.00458
9	0.00703	0.00525	0.00780	0.00780	0.00865	0.00609	0.00602	0.00871	0.00787	0.01134	0.01325	0.01979	0.01250	0.06694	0.77803	0.00778	0.01284	0.00534	0.00265	0.00433
10	0.00637	0.00480	0.00589	0.00603	0.00709	0.00432	0.00437	0.00798	0.01191	0.01594	0.37518	0.25896	0.24883	0.01220	0.00593	0.00170	0.00251	0.01071	0.00494	0.00432
11	0.86201	0.00950	0.00722	0.00646	0.00950	0.01102	0.00532	0.01445	0.00836	0.02205	0.00684	0.00798	0.00532	0.00456	0.00304	0.00152	0.00380	0.00266	0.00304	0.00532
12	0.01160	0.01326	0.02900	0.02071	0.02568	0.01243	0.77879	0.01574	0.01160	0.01574	0.00994	0.01326	0.00746	0.00414	0.00580	0.00166	0.00829	0.00580	0.00249	0.00663
13	0.00986	0.02542	0.80183	0.01401	0.02127	0.01141	0.01816	0.01556	0.01038	0.01556	0.00882	0.01038	0.00623	0.00467	0.00467	0.00156	0.00726	0.00363	0.00208	0.00726
14	0.00611	0.00436	0.00580	0.00692	0.00724	0.00409	0.00469	0.00702	0.00945	0.01258	0.02675	0.76624	0.03193	0.03525	0.00676	0.00208	0.00298	0.05125	0.00452	0.00399
15	0.01099	0.00939	0.00998	0.00906	0.01156	0.01058	0.00702	0.02233	0.62520	0.01965	0.09825	0.02338	0.10608	0.00765	0.00517	0.00165	0.00358	0.00642	0.00499	0.00706
16	0.01710	0.00752	0.00968	0.00777	0.01089	0.00659	0.00630	0.04423	0.01368	0.53705	0.07593	0.02512	0.20060	0.00785	0.00520	0.00155	0.00370	0.00647	0.00564	0.00712
17	0.00928	0.00873	0.01474	0.81548	0.03385	0.01092	0.01365	0.01256	0.00983	0.01256	0.00873	0.01310	0.00655	0.00491	0.00491	0.00164	0.00655	0.00437	0.00218	0.00546
18	0.01220	0.01038	0.01098	0.00980	0.01255	0.01190	0.00764	0.06270	0.70202	0.02087	0.04960	0.01938	0.03417	0.00689	0.00505	0.00165	0.00387	0.00574	0.00500	0.00760
19	0.00985	0.00935	0.01343	0.04293	0.05358	0.01246	0.00982	0.01120	0.00787	0.01190	0.00844	0.01355	0.00819	0.04690	0.17952	0.00339	0.54551	0.00462	0.00230	0.00520
20	0.01162	0.01131	0.01411	0.01220	0.01263	0.08527	0.01000	0.01275	0.00839	0.04598	0.00775	0.01198	0.00736	0.03691	0.05442	0.00242	0.64270	0.00437	0.00241	0.00541
21	0.01153	0.01026	0.01215	0.21353	0.04029	0.04317	0.00939	0.05445	0.42778	0.01831	0.06933	0.01853	0.01457	0.00650	0.00506	0.00164	0.00479	0.02778	0.00413	0.00682
22	0.81930	0.00927	0.00713	0.00641	0.00930	0.01071	0.00520	0.01408	0.00830	0.02142	0.00727	0.00919	0.00595	0.04566	0.00414	0.00168	0.00385	0.00289	0.00304	0.00520
23	0.00740	0.00513	0.00659	0.00618	0.00747	0.00468	0.00465	0.00957	0.01357	0.04865	0.67921	0.05370	0.11416	0.01023	0.00577	0.00156	0.00242	0.00898	0.00534	0.00472
24	0.00698	0.00567	0.00628	0.00607	0.00765	0.00531	0.00456	0.01014	0.11014	0.01616	0.27649	0.07408	0.43027	0.01110	0.00572	0.00164	0.00263	0.00946	0.00488	0.00475
25	0.00928	0.00873	0.01474	0.81548	0.03385	0.01092	0.01365	0.01256	0.00983	0.01256	0.00873	0.01310	0.00655	0.00491	0.00491	0.00164	0.00655	0.00437	0.00218	0.00546
26	0.01208	0.01159	0.01980	0.05289	0.77456	0.01165	0.01504	0.01501	0.01115	0.01595	0.00923	0.01219	0.00775	0.00439	0.00487	0.00146	0.00586	0.00438	0.00243	0.00772
27	0.00928	0.00873	0.01474	0.81548	0.03385	0.01092	0.01365	0.01256	0.00983	0.01256	0.00873	0.01310	0.00655	0.00491	0.00491	0.00164	0.00655	0.00437	0.00218	0.00546
28	0.00600	0.00465	0.00554	0.00608	0.00701	0.00418	0.00429	0.00713	0.01030	0.01314	0.07199	0.42708	0.34987	0.01488	0.04215	0.00210	0.00314	0.01184	0.00452	0.00411
29	0.00697	0.00499	0.00665	0.00747	0.00823	0.00481	0.00577	0.00852	0.01061	0.01408	0.12067	0.32617	0.05794	0.07924	0.00791	0.00226	0.00360	0.31537	0.00452	0.00421
30	0.01019	0.00873	0.01019	0.00728	0.01165	0.00655	0.00582	0.01237	0.01019	0.01601	0.00873	0.01019	0.00728	0.00364	0.00364	0.00073	0.00364	0.00291	0.00291	0.85734
31	0.00686	0.00486	0.00610	0.00620	0.00718	0.00451	0.00455	0.00866	0.01199	0.01672	0.42135	0.19889	0.11983	0.04593	0.00659	0.00180	0.00268	0.05338	0.06756	0.00437
32	0.01045	0.00997	0.04170	0.21024	0.14042	0.02206	0.13360	0.03698	0.06101	0.03878	0.13614	0.03393	0.04361	0.00704	0.01876	0.00172	0.00566	0.03841	0.00339	0.00613
33	0.00647	0.00459	0.00557	0.00615	0.00651	0.00436	0.00398	0.00709	0.00882	0.01156	0.02520	0.41136	0.11231	0.32250	0.01334	0.00302	0.00359	0.03600	0.00396	0.00364
34	0.03460	0.08449	0.05667	0.04896	0.01207	0.03619	0.01875	0.07409	0.06944	0.04106	0.09685	0.10716	0.05894	0.05838	0.13863	0.00279	0.03229	0.00633	0.00362	0.01870
35	0.07992	0.14795	0.15992	0.03780	0.03019	0.11069	0.07759	0.07609	0.02458	0.09869	0.04424	0.02499	0.00948	0.00522	0.00445	0.00140	0.00590	0.00415	0.00318	0.05358
36	0.09965	0.09859	0.11249	0.00939	0.01289	0.04733	0.03060	0.05799	0.02598	0.05327	0.02579	0.07779	0.02438	0.00805	0.05065	0.00176	0.03274	0.04254	0.00325	0.18487
37	0.15822	0.09476	0.05114	0.02575	0.07042	0.06188	0.04144	0.07924	0.05602	0.05768	0.06363	0.10405	0.04589	0.02213	0.00515	0.00157	0.01703	0.00555	0.00357	0.03487
38	0.16786	0.11502	0.13040	0.05518	0.02923	0.03542	0.04915	0.05283	0.03642	0.06879	0.03904	0.07680	0.03611	0.00609	0.00464	0.00147	0.02070	0.00484	0.00326	0.06676
39	0.11191	0.08819	0.02813	0.01184	0.10658	0.01035	0.06283	0.06646	0.05240	0.11559	0.03034	0.07677	0.03173	0.00900	0.07728	0.00205	0.03261	0.00518	0.00357	0.07720

[dist]
# distance from previous block
# <min> <max>
9	70

[block]
# block no. 10 follows, 51 sequences, length 10
# corresponding to MSA columns:
# 610-617,637,638
name=unknown_K
#
# <colnr> <probs for GDERKNQSTAVLIFYWHMCP>
#	G	D	E	R	K	N	Q	S	T	A	V	L	I	F	Y	W	H	M	C	P
0	0.05220	0.01110	0.01714	0.20514	0.38109	0.03727	0.06004	0.05662	0.03620	0.05799	0.03150	0.01323	0.00886	0.00492	0.00487	0.00152	0.00589	0.00454	0.00290	0.00697
1	0.01507	0.01209	0.01342	0.03131	0.16301	0.12668	0.00920	0.16607	0.06378	0.14570	0.03916	0.04323	0.03329	0.00593	0.00479	0.00140	0.00523	0.00485	0.00397	0.11181
2	0.01221	0.00675	0.00847	0.00741	0.00966	0.00620	0.00577	0.04284	0.05351	0.25169	0.21946	0.14081	0.10147	0.00911	0.00536	0.00158	0.00330	0.02734	0.03059	0.05647
3	0.86201	0.00950	0.00722	0.00646	0.00950	0.01102	0.00532	0.01445	0.00836	0.02205	0.00684	0.00798	0.00532	0.00456	0.00304	0.00152	0.00380	0.00266	0.00304	0.00532
4	0.01131	0.01057	0.01696	0.15805	0.51011	0.01114	0.01316	0.01568	0.11616	0.01606	0.03517	0.04261	0.01060	0.00534	0.00497	0.00154	0.00548	0.00501	0.00290	0.00716
5	0.00705	0.00507	0.00639	0.00646	0.00718	0.00502	0.00453	0.00844	0.03764	0.01374	0.22051	0.20707	0.11843	0.16362	0.07160	0.07974	0.02044	0.00897	0.00409	0.00402
6	0.00920	0.00787	0.01085	0.34890	0.04313	0.02660	0.00907	0.04549	0.07269	0.01475	0.05851	0.13985	0.07786	0.05119	0.00620	0.00180	0.00484	0.00676	0.05916	0.00529
7	0.28318	0.01053	0.01082	0.03984	0.05506	0.05199	0.00756	0.12020	0.12582	0.17946	0.01400	0.01392	0.03818	0.00570	0.00432	0.00152	0.00450	0.00429	0.02231	0.00680
8	0.23544	0.00869	0.00901	0.00799	0.01004	0.06491	0.02193	0.02779	0.02659	0.12371	0.11501	0.07032	0.06239	0.06087	0.05872	0.02662	0.05498	0.00574	0.00387	0.00536
9	0.02398	0.00987	0.11934	0.01095	0.05939	0.00795	0.08199	0.03493	0.02527	0.07168	0.13885	0.21353	0.11009	0.00930	0.00622	0.00171	0.05720	0.00810	0.00397	0.00566

[dist]
# distance from previous block
# <min> <max>
0	4

[block]
# block no. 11 follows, 51 sequences, length 16
# corresponding to MSA columns:
# 643-651,657-663
name=unknown_L
#
# <colnr> <probs for GDERKNQSTAVLIFYWHMCP>
#	G	D	E	R	K	N	Q	S	T	A	V	L	I	F	Y	W	H	M	C	P
0	0.53176	0.08805	0.02562	0.00945	0.05697	0.05776	0.02670	0.03150	0.00937	0.01888	0.00756	0.00930	0.00619	0.00654	0.04720	0.00184	0.05365	0.00316	0.00282	0.00567
1	0.01419	0.05292	0.05803	0.01540	0.17749	0.30107	0.05113	0.06685	0.01278	0.03254	0.02887	0.03661	0.04084	0.00578	0.00516	0.00143	0.04016	0.00454	0.04789	0.00632
2	0.00816	0.00659	0.00880	0.11925	0.01215	0.02780	0.00688	0.02630	0.01049	0.03121	0.17256	0.13674	0.09799	0.01779	0.24136	0.00352	0.05649	0.00745	0.00368	0.00477
3	0.78824	0.00940	0.00759	0.00666	0.00977	0.01069	0.00549	0.01528	0.00886	0.09038	0.00794	0.00875	0.00592	0.00470	0.00321	0.00152	0.00383	0.00286	0.00331	0.00559
4	0.00612	0.00447	0.00578	0.00669	0.00723	0.00413	0.00463	0.00718	0.00999	0.01318	0.07753	0.64793	0.12107	0.01463	0.00621	0.00194	0.00286	0.04972	0.00461	0.00408
5	0.28678	0.00880	0.01000	0.00801	0.01146	0.00864	0.00659	0.05169	0.01263	0.48666	0.05032	0.01467	0.01140	0.00577	0.00438	0.00152	0.00403	0.00438	0.00504	0.00723
6	0.00647	0.00461	0.00606	0.00705	0.00754	0.00441	0.00494	0.00790	0.03010	0.01341	0.05571	0.67520	0.03158	0.01451	0.00619	0.00197	0.00300	0.08566	0.02951	0.00418
7	0.00695	0.00465	0.00593	0.00659	0.00732	0.00435	0.00471	0.00832	0.01045	0.03093	0.12194	0.50029	0.08533	0.01308	0.00587	0.00183	0.00286	0.07244	0.10187	0.00429
8	0.01024	0.00916	0.01565	0.63526	0.09021	0.01085	0.05785	0.01330	0.01010	0.04870	0.00927	0.01319	0.00699	0.00523	0.00554	0.02003	0.02579	0.00447	0.00240	0.00577
9	0.00741	0.00564	0.00675	0.00695	0.00809	0.00552	0.00505	0.05559	0.07068	0.01551	0.14439	0.39997	0.18741	0.01325	0.02608	0.00196	0.00323	0.02715	0.00469	0.00469
10	0.01395	0.11580	0.37095	0.01187	0.03657	0.04158	0.01265	0.06364	0.03002	0.19083	0.01133	0.01174	0.00799	0.00500	0.00451	0.00142	0.00596	0.00385	0.00329	0.05703
11	0.01117	0.10143	0.17677	0.01388	0.09805	0.08510	0.08993	0.01421	0.03098	0.03113	0.02328	0.08308	0.03411	0.00824	0.04554	0.00193	0.11172	0.03047	0.00281	0.00616
12	0.01232	0.00718	0.03055	0.00774	0.00997	0.00638	0.00632	0.05946	0.02811	0.25001	0.16235	0.11594	0.10702	0.03320	0.00607	0.00176	0.00364	0.10140	0.04466	0.00591
13	0.09237	0.01034	0.08443	0.04755	0.11866	0.03960	0.04023	0.05412	0.09977	0.01648	0.06124	0.23383	0.01762	0.05417	0.00627	0.00184	0.00470	0.00730	0.00366	0.00582
