[name]
unknown

[dist]
# distance from previous block
# <min> <max>
0	507

[block]
# block no. 0 follows, 52 sequences, length 30
# corresponding to MSA columns:
# 524-553
name=unknown_A
#
# <colnr> <probs for GDERKNQSTAVLIFYWHMCP>
#	G	D	E	R	K	N	Q	S	T	A	V	L	I	F	Y	W	H	M	C	P
0	0.04608	0.21386	0.11659	0.03234	0.01387	0.03405	0.02641	0.11539	0.01172	0.02701	0.01091	0.04977	0.02044	0.00663	0.03405	0.00151	0.01651	0.03214	0.01576	0.17497
1	0.03421	0.14329	0.12891	0.10326	0.03929	0.06775	0.03884	0.07264	0.02785	0.03052	0.05420	0.02769	0.00969	0.00506	0.00446	0.00128	0.01721	0.00403	0.00290	0.18692
2	0.10817	0.10975	0.05630	0.00953	0.01282	0.09745	0.04063	0.10625	0.05940	0.17116	0.01360	0.04539	0.03599	0.05603	0.00586	0.00163	0.02035	0.00466	0.00376	0.04126
3	0.01297	0.04251	0.04655	0.01004	0.04213	0.06132	0.02387	0.30020	0.02379	0.03712	0.07051	0.03938	0.05750	0.15848	0.02995	0.00223	0.01633	0.00563	0.01338	0.00613
4	0.01090	0.25448	0.04544	0.00869	0.01097	0.15830	0.00724	0.04044	0.01095	0.01301	0.04148	0.34353	0.01815	0.00908	0.00481	0.00151	0.00486	0.00757	0.00335	0.00523
5	0.02783	0.00966	0.02922	0.00956	0.01344	0.00829	0.10457	0.06284	0.04951	0.07193	0.03503	0.04854	0.01018	0.00499	0.00461	0.00113	0.02591	0.00431	0.00338	0.47508
6	0.03405	0.22345	0.32085	0.01216	0.01686	0.05079	0.08028	0.05612	0.01088	0.01490	0.02127	0.01230	0.00801	0.00535	0.00539	0.00148	0.07801	0.03893	0.00246	0.00648
7	0.00884	0.00655	0.00798	0.00782	0.00912	0.02219	0.00591	0.03384	0.12722	0.05821	0.18021	0.27442	0.03856	0.01435	0.11382	0.00257	0.02912	0.04966	0.00446	0.00514
8	0.00659	0.00473	0.00639	0.00749	0.00810	0.00453	0.00567	0.00794	0.01000	0.01316	0.02692	0.52730	0.05074	0.01446	0.00636	0.00205	0.00340	0.28556	0.00449	0.00413
9	0.00975	0.00873	0.01308	0.16486	0.15901	0.00833	0.05506	0.02706	0.01041	0.01482	0.01252	0.10391	0.02883	0.00676	0.02621	0.00149	0.00500	0.03439	0.00293	0.30686
10	0.01050	0.00858	0.03023	0.00924	0.01148	0.03846	0.08489	0.07740	0.12604	0.08523	0.17136	0.22079	0.08673	0.00932	0.00549	0.00165	0.00403	0.00828	0.00454	0.00575
11	0.00697	0.00500	0.00680	0.00680	0.00732	0.00552	0.00483	0.00802	0.00750	0.01052	0.01388	0.02404	0.01429	0.34961	0.50019	0.00657	0.00971	0.00592	0.00273	0.00378
12	0.00692	0.00519	0.00779	0.00779	0.00865	0.00606	0.00606	0.00865	0.00779	0.01125	0.01298	0.01904	0.01211	0.03634	0.81049	0.00779	0.01298	0.00519	0.00260	0.00433
13	0.13569	0.01067	0.01693	0.28009	0.11673	0.03917	0.19448	0.04084	0.01093	0.07168	0.00998	0.03391	0.00777	0.00495	0.00480	0.00156	0.00617	0.00465	0.00282	0.00618
14	0.00996	0.00949	0.01516	0.56359	0.19070	0.03513	0.01309	0.01283	0.00990	0.01294	0.00878	0.01280	0.00695	0.00621	0.03385	0.02125	0.02510	0.00430	0.00223	0.00576
15	0.00589	0.00428	0.00556	0.00657	0.00698	0.00395	0.00442	0.00677	0.00944	0.01244	0.02882	0.75310	0.10412	0.01491	0.00614	0.00194	0.00278	0.01344	0.00450	0.00395
16	0.00713	0.00469	0.00525	0.00525	0.00530	0.00469	0.00295	0.00722	0.00717	0.00974	0.01529	0.03116	0.01741	0.79658	0.02381	0.00455	0.00460	0.00695	0.03724	0.00300
17	0.01005	0.00861	0.01005	0.00718	0.01148	0.00646	0.00574	0.01220	0.01005	0.01579	0.00861	0.01005	0.00718	0.00359	0.00359	0.00072	0.00359	0.00287	0.00287	0.85932
18	0.00781	0.00551	0.00735	0.00711	0.00749	0.00625	0.00505	0.00855	0.03320	0.01053	0.01257	0.02183	0.01290	0.30771	0.26693	0.16597	0.08561	0.00557	0.01843	0.00363
19	0.17550	0.00979	0.01338	0.23915	0.15699	0.02259	0.03566	0.08177	0.03513	0.07077	0.03798	0.04624	0.00975	0.00588	0.01346	0.00161	0.02099	0.00463	0.00318	0.01555
20	0.01035	0.17195	0.03021	0.01038	0.01358	0.01049	0.14305	0.01249	0.00976	0.03110	0.01099	0.10099	0.01035	0.00939	0.09979	0.00206	0.07630	0.00496	0.00278	0.23903
21	0.00647	0.00469	0.00630	0.00690	0.00743	0.00475	0.00491	0.00756	0.00878	0.01184	0.02236	0.39853	0.06215	0.13443	0.23058	0.00396	0.00598	0.06469	0.00375	0.00395
22	0.03887	0.00554	0.00676	0.00651	0.00709	0.00603	0.00451	0.02753	0.00833	0.01200	0.06410	0.02622	0.03714	0.43318	0.21821	0.00473	0.04992	0.00631	0.03320	0.00382
23	0.01067	0.01057	0.01947	0.27083	0.25195	0.01103	0.23785	0.03547	0.01093	0.01482	0.01056	0.07392	0.00905	0.00527	0.00519	0.00159	0.00645	0.00544	0.00257	0.00636
24	0.00842	0.00421	0.00631	0.00631	0.00631	0.00421	0.00421	0.00631	0.00631	0.00842	0.00842	0.01473	0.00842	0.01684	0.01894	0.85901	0.00421	0.00421	0.00210	0.00210
25	0.00607	0.00434	0.00580	0.00688	0.00725	0.00407	0.00473	0.00705	0.00954	0.01273	0.04976	0.74835	0.03217	0.01490	0.00621	0.00197	0.00291	0.06674	0.00452	0.00399
26	0.03578	0.01740	0.01322	0.04417	0.01492	0.41596	0.00893	0.27115	0.04471	0.01868	0.00985	0.01127	0.00778	0.03445	0.00523	0.00147	0.00690	0.00383	0.02787	0.00642
27	0.02604	0.00737	0.01130	0.01008	0.01105	0.00906	0.06572	0.01012	0.00797	0.01190	0.01078	0.01602	0.01002	0.02552	0.51268	0.00562	0.23658	0.00491	0.00246	0.00478
28	0.59571	0.08771	0.03962	0.00771	0.01114	0.01243	0.00674	0.15724	0.01117	0.02217	0.00773	0.00865	0.00593	0.00471	0.00341	0.00145	0.00430	0.00298	0.00322	0.00597
29	0.14602	0.04357	0.02703	0.02337	0.03262	0.21361	0.03638	0.07321	0.01181	0.04781	0.03173	0.04584	0.03613	0.00574	0.00506	0.00136	0.06174	0.00422	0.00313	0.14962

[dist]
# distance from previous block
# <min> <max>
1	9

[block]
# block no. 1 follows, 52 sequences, length 56
# corresponding to MSA columns:
# 566-578,583-625
name=unknown_B
#
# <colnr> <probs for GDERKNQSTAVLIFYWHMCP>
#	G	D	E	R	K	N	Q	S	T	A	V	L	I	F	Y	W	H	M	C	P
0	0.03912	0.04433	0.01294	0.01124	0.06136	0.19954	0.00842	0.14425	0.07574	0.08895	0.04906	0.01320	0.01031	0.00799	0.06666	0.00187	0.06462	0.00420	0.00355	0.09263
1	0.01006	0.17948	0.01205	0.00809	0.01001	0.04185	0.00661	0.06407	0.03443	0.03860	0.07490	0.07680	0.03523	0.04770	0.29938	0.00385	0.02730	0.00558	0.01877	0.00523
2	0.00700	0.00471	0.00531	0.00530	0.00539	0.00467	0.00301	0.00711	0.00739	0.00983	0.04043	0.03237	0.04562	0.77609	0.02342	0.00449	0.00455	0.00721	0.00306	0.00303
3	0.20735	0.01146	0.02989	0.04263	0.04680	0.06451	0.14760	0.08490	0.10370	0.10173	0.01150	0.02292	0.00870	0.00529	0.00486	0.00152	0.03335	0.00438	0.03992	0.02700
4	0.01229	0.03198	0.01402	0.21107	0.05837	0.25531	0.01054	0.01406	0.01035	0.01217	0.00907	0.02830	0.00838	0.03967	0.00853	0.00178	0.22507	0.04121	0.00245	0.00540
5	0.00915	0.00861	0.01453	0.81804	0.03338	0.01077	0.01346	0.01238	0.00969	0.01238	0.00861	0.01292	0.00646	0.00484	0.00484	0.00161	0.00646	0.00431	0.00215	0.00538
6	0.00972	0.02507	0.80458	0.01381	0.02097	0.01125	0.01790	0.01535	0.01023	0.01535	0.00870	0.01023	0.00614	0.00460	0.00460	0.00153	0.00716	0.00358	0.00205	0.00716
7	0.00687	0.00469	0.00527	0.00532	0.00548	0.00461	0.00308	0.00702	0.00751	0.00987	0.01882	0.07164	0.08743	0.71769	0.02209	0.00429	0.00441	0.00766	0.00315	0.00309
8	0.01925	0.01137	0.01302	0.01002	0.01375	0.01186	0.00826	0.48752	0.01918	0.30232	0.01442	0.01358	0.00972	0.00587	0.00480	0.00146	0.00479	0.00455	0.03613	0.00811
9	0.00696	0.00469	0.00529	0.00532	0.00539	0.00465	0.00301	0.00703	0.00725	0.00962	0.01675	0.06000	0.04310	0.77502	0.02341	0.00450	0.00456	0.00738	0.00304	0.00301
10	0.01138	0.00972	0.01028	0.00931	0.01186	0.01110	0.00721	0.02346	0.69656	0.01925	0.02189	0.02044	0.08248	0.00742	0.00547	0.03062	0.00373	0.00585	0.00480	0.00717
11	0.00596	0.00424	0.00561	0.00668	0.00694	0.00397	0.00442	0.00676	0.00917	0.01223	0.02615	0.78792	0.03135	0.05474	0.00708	0.00210	0.00290	0.01345	0.00442	0.00389
12	0.01251	0.04626	0.12217	0.04070	0.13242	0.01102	0.26618	0.04899	0.01149	0.10943	0.01056	0.01293	0.00806	0.03222	0.00589	0.00157	0.02983	0.00463	0.00294	0.09021
13	0.17948	0.30764	0.04849	0.00984	0.01324	0.32344	0.00853	0.03497	0.01137	0.01420	0.00723	0.00836	0.00609	0.00460	0.00368	0.00124	0.00637	0.00289	0.00248	0.00589
14	0.01324	0.71585	0.06933	0.00885	0.01315	0.01836	0.00892	0.08051	0.01098	0.01327	0.00727	0.00825	0.00639	0.00432	0.00334	0.00110	0.00531	0.00280	0.00231	0.00645
15	0.01035	0.00625	0.00753	0.04577	0.00972	0.00570	0.00536	0.02743	0.03866	0.20259	0.15961	0.03448	0.40821	0.00972	0.00544	0.00158	0.00312	0.00815	0.00490	0.00542
16	0.00710	0.00543	0.00800	0.00788	0.00868	0.00638	0.00611	0.00876	0.00794	0.01148	0.03923	0.01967	0.01317	0.06286	0.71621	0.00719	0.05156	0.00533	0.00268	0.00433
17	0.00603	0.00461	0.00553	0.00595	0.00689	0.00412	0.00422	0.00729	0.01079	0.01402	0.18626	0.38799	0.31265	0.01309	0.00593	0.00176	0.00258	0.01150	0.00466	0.00412
18	0.00915	0.00861	0.01453	0.81804	0.03338	0.01077	0.01346	0.01238	0.00969	0.01238	0.00861	0.01292	0.00646	0.00484	0.00484	0.00161	0.00646	0.00431	0.00215	0.00538
19	0.00709	0.00532	0.00760	0.00752	0.00818	0.00616	0.00565	0.00847	0.00763	0.01092	0.01314	0.02109	0.01292	0.18468	0.63042	0.00698	0.04398	0.00550	0.00264	0.00410
20	0.01085	0.01192	0.02316	0.05723	0.06737	0.05097	0.54311	0.01419	0.01112	0.01473	0.01216	0.13634	0.01102	0.00587	0.00563	0.00165	0.00716	0.00666	0.00275	0.00611
21	0.01807	0.01281	0.01383	0.01066	0.01438	0.01405	0.00879	0.70280	0.02164	0.06841	0.01224	0.01223	0.00866	0.00582	0.00477	0.00144	0.00510	0.00440	0.05189	0.00804
22	0.00704	0.00473	0.00545	0.00545	0.00551	0.00479	0.00315	0.00715	0.00710	0.00952	0.01512	0.03086	0.01725	0.77653	0.07733	0.00491	0.00525	0.00692	0.00291	0.00303
23	0.02940	0.11892	0.08885	0.01289	0.12865	0.11637	0.02716	0.07127	0.05469	0.12068	0.01060	0.01147	0.00808	0.00484	0.00449	0.00128	0.02026	0.00377	0.01781	0.14852
24	0.04553	0.19211	0.01539	0.01029	0.01354	0.19584	0.00845	0.19351	0.24236	0.01882	0.01183	0.01189	0.00916	0.00544	0.00432	0.00137	0.00558	0.00396	0.00367	0.00693
25	0.07702	0.00999	0.03085	0.01232	0.04650	0.00965	0.19423	0.10402	0.01270	0.19572	0.08552	0.04212	0.01339	0.00743	0.03168	0.02118	0.04200	0.02742	0.00394	0.03232
26	0.01388	0.25326	0.11549	0.01164	0.06320	0.04207	0.04529	0.13583	0.07415	0.10447	0.03639	0.03773	0.01007	0.00556	0.00474	0.00140	0.03017	0.00434	0.00340	0.00692
27	0.03650	0.11855	0.44365	0.01092	0.01570	0.01033	0.01249	0.01356	0.02005	0.04288	0.01291	0.18417	0.01219	0.00808	0.03549	0.00180	0.00595	0.00573	0.00280	0.00624
28	0.00640	0.00452	0.00586	0.00674	0.00711	0.00433	0.00466	0.00729	0.00914	0.01211	0.02471	0.54526	0.04212	0.17454	0.00987	0.00254	0.00341	0.12137	0.00419	0.00382
29	0.01012	0.01808	0.44071	0.19676	0.09019	0.01114	0.06791	0.03875	0.02411	0.01543	0.03545	0.01223	0.00796	0.00485	0.00480	0.00155	0.00667	0.00418	0.00238	0.00672
30	0.01291	0.03876	0.06322	0.08395	0.48608	0.08792	0.01319	0.06760	0.01197	0.04801	0.00994	0.03674	0.00828	0.00494	0.00475	0.00145	0.00597	0.00442	0.00274	0.00717
31	0.01224	0.14911	0.47113	0.01280	0.01869	0.01264	0.07896	0.09388	0.01184	0.08057	0.00963	0.01074	0.00695	0.00472	0.00451	0.00145	0.00650	0.00379	0.00269	0.00716
32	0.00670	0.00496	0.00569	0.00581	0.00717	0.00440	0.00442	0.00824	0.01133	0.03241	0.17302	0.13699	0.43502	0.01182	0.00573	0.00169	0.00270	0.08737	0.05022	0.00431
33	0.00919	0.00793	0.01350	0.03868	0.16934	0.00762	0.17163	0.01154	0.01077	0.03151	0.06459	0.20492	0.10495	0.00821	0.00528	0.00159	0.00453	0.00774	0.12097	0.00550
34	0.03076	0.01216	0.10054	0.31887	0.26038	0.01173	0.05466	0.11307	0.01188	0.01645	0.00916	0.01205	0.00704	0.00478	0.00495	0.00154	0.01643	0.00428	0.00260	0.00669
35	0.00959	0.00745	0.01057	0.15581	0.11004	0.02350	0.00876	0.04092	0.02496	0.06341	0.01943	0.25900	0.03145	0.01011	0.00590	0.00183	0.02161	0.18647	0.00384	0.00534
36	0.01179	0.01128	0.00924	0.00897	0.02728	0.26496	0.02014	0.01415	0.05202	0.02727	0.05396	0.08546	0.03123	0.02455	0.03195	0.00169	0.00526	0.06122	0.25248	0.00510
37	0.01005	0.00861	0.01005	0.00718	0.01148	0.00646	0.00574	0.01220	0.01005	0.01579	0.00861	0.01005	0.00718	0.00359	0.00359	0.00072	0.00359	0.00287	0.00287	0.85932
38	0.01080	0.03961	0.06905	0.00991	0.01226	0.00997	0.06214	0.16441	0.05097	0.03146	0.10834	0.01910	0.03513	0.08614	0.18351	0.00322	0.08922	0.00550	0.00352	0.00577
39	0.01114	0.01065	0.01813	0.26588	0.56998	0.01129	0.01445	0.01413	0.01063	0.01480	0.00896	0.01227	0.00731	0.00448	0.00481	0.00149	0.00597	0.00431	0.00233	0.00699
40	0.00624	0.00487	0.00519	0.00521	0.00632	0.00434	0.00364	0.00719	0.00998	0.01233	0.07285	0.04195	0.50327	0.25706	0.01143	0.00257	0.00319	0.03453	0.00407	0.00378
41	0.01199	0.59071	0.25880	0.00995	0.01499	0.01680	0.01117	0.01476	0.00996	0.01258	0.00732	0.00851	0.00619	0.00428	0.00356	0.00119	0.00578	0.00289	0.00206	0.00650
42	0.00577	0.00490	0.00497	0.00499	0.00658	0.00410	0.00373	0.00702	0.01109	0.01327	0.07162	0.06320	0.75779	0.01226	0.00574	0.00164	0.00246	0.01026	0.00453	0.00410
43	0.86392	0.00937	0.00712	0.00637	0.00937	0.01087	0.00525	0.01425	0.00825	0.02174	0.00675	0.00787	0.00525	0.00450	0.00300	0.00150	0.00375	0.00262	0.00300	0.00525
44	0.01546	0.00844	0.01060	0.00785	0.01189	0.00677	0.00638	0.01748	0.01182	0.37986	0.01347	0.01303	0.00941	0.00470	0.00418	0.00108	0.00384	0.00380	0.00432	0.46562
45	0.00758	0.00566	0.00814	0.00714	0.00869	0.00519	0.06236	0.00990	0.01333	0.04371	0.65155	0.03471	0.10405	0.00954	0.00569	0.00154	0.00280	0.00853	0.00507	0.00480
46	0.00694	0.00514	0.00753	0.00764	0.00844	0.00585	0.00588	0.00854	0.00798	0.01135	0.01439	0.05441	0.01416	0.08808	0.68039	0.00704	0.01154	0.04767	0.00280	0.00422
47	0.01679	0.01561	0.01369	0.01138	0.01440	0.25127	0.00905	0.40121	0.10594	0.02212	0.01107	0.01169	0.00842	0.00683	0.03228	0.00166	0.05141	0.00414	0.00393	0.00710
48	0.01104	0.00784	0.00987	0.02344	0.01074	0.00873	0.00694	0.03507	0.16033	0.13614	0.19579	0.02363	0.10166	0.02457	0.07144	0.00222	0.15398	0.00636	0.00435	0.00587
49	0.01304	0.11784	0.04717	0.21073	0.18798	0.22355	0.03581	0.03895	0.01157	0.01381	0.00832	0.01068	0.00674	0.00461	0.00444	0.00135	0.00665	0.00372	0.00241	0.05062
50	0.01052	0.00860	0.01010	0.00724	0.01152	0.00649	0.00580	0.01266	0.01020	0.04751	0.00904	0.01031	0.00737	0.00369	0.00364	0.00075	0.00361	0.00295	0.00300	0.82501
51	0.01219	0.02742	0.01622	0.22102	0.37015	0.05890	0.01246	0.07628	0.04737	0.04238	0.01155	0.01484	0.02997	0.00531	0.00486	0.00151	0.00579	0.03209	0.00290	0.00680
52	0.01266	0.49334	0.05622	0.01267	0.11314	0.07711	0.08534	0.01478	0.01042	0.01284	0.00807	0.01989	0.00708	0.00453	0.00404	0.00122	0.02204	0.00345	0.03484	0.00632
53	0.03049	0.00954	0.01526	0.43772	0.05413	0.01202	0.05988	0.01233	0.00901	0.01262	0.00813	0.01257	0.00682	0.02976	0.00896	0.00186	0.26681	0.00441	0.00221	0.00544
54	0.04072	0.01262	0.01716	0.15422	0.38625	0.13088	0.04216	0.01467	0.01062	0.01425	0.00834	0.01137	0.00698	0.00510	0.00632	0.00155	0.12381	0.00412	0.00235	0.00652
55	0.02631	0.01004	0.01151	0.05253	0.07994	0.04081	0.00828	0.05710	0.38334	0.11734	0.01912	0.02006	0.06727	0.00677	0.00496	0.00158	0.00436	0.04861	0.00446	0.03560

[dist]
# distance from previous block
# <min> <max>
2	9

[block]
# block no. 2 follows, 52 sequences, length 98
# corresponding to MSA columns:
# 635-658,672-745
name=unknown_C
#
# <colnr> <probs for GDERKNQSTAVLIFYWHMCP>
#	G	D	E	R	K	N	Q	S	T	A	V	L	I	F	Y	W	H	M	C	P
0	0.00686	0.00465	0.00538	0.00557	0.00567	0.00458	0.00329	0.00706	0.00756	0.01004	0.01803	0.15400	0.03874	0.66993	0.02104	0.00416	0.00435	0.02270	0.00324	0.00315
1	0.01093	0.01064	0.01865	0.12956	0.20611	0.01117	0.24360	0.01534	0.11147	0.02834	0.05134	0.04019	0.02518	0.00572	0.00607	0.00163	0.06904	0.00551	0.00299	0.00650
2	0.01221	0.00855	0.01027	0.00744	0.01165	0.00658	0.00600	0.01431	0.01075	0.16117	0.01055	0.01124	0.00807	0.00403	0.00383	0.00086	0.00369	0.00324	0.00345	0.70210
3	0.00730	0.00667	0.03517	0.00882	0.02271	0.00577	0.11538	0.00943	0.01166	0.01589	0.33007	0.24258	0.13449	0.01059	0.00581	0.00168	0.00353	0.02327	0.00442	0.00475
4	0.01155	0.01849	0.45453	0.04173	0.01945	0.01095	0.10870	0.07252	0.02813	0.08838	0.01137	0.03492	0.00880	0.00558	0.00527	0.00160	0.03083	0.03733	0.00290	0.00696
5	0.01086	0.01036	0.01763	0.34329	0.49475	0.01122	0.01431	0.01388	0.01050	0.01446	0.00892	0.01236	0.00719	0.00453	0.00482	0.00151	0.00604	0.00431	0.00230	0.00676
6	0.00972	0.02507	0.80458	0.01381	0.02097	0.01125	0.01790	0.01535	0.01023	0.01535	0.00870	0.01023	0.00614	0.00460	0.00460	0.00153	0.00716	0.00358	0.00205	0.00716
7	0.00598	0.00427	0.00571	0.00680	0.00713	0.00400	0.00460	0.00689	0.00942	0.01257	0.04122	0.78778	0.03218	0.01503	0.00619	0.00197	0.00285	0.03693	0.00451	0.00396
8	0.00698	0.00490	0.00612	0.00582	0.00701	0.00452	0.00436	0.00916	0.01309	0.01869	0.64426	0.03528	0.11324	0.00968	0.00547	0.00149	0.00230	0.00846	0.09463	0.00452
9	0.00701	0.00468	0.00530	0.00533	0.00534	0.00468	0.00298	0.00704	0.00711	0.00949	0.01561	0.05544	0.01805	0.80538	0.02411	0.00462	0.00464	0.00725	0.00298	0.00297
10	0.01296	0.83261	0.02539	0.00829	0.01244	0.01917	0.00829	0.01451	0.00985	0.01140	0.00674	0.00777	0.00622	0.00415	0.00311	0.00104	0.00518	0.00259	0.00207	0.00622
11	0.00573	0.00491	0.00491	0.00491	0.00655	0.00409	0.00368	0.00695	0.01105	0.01309	0.04909	0.04664	0.79750	0.01227	0.00573	0.00164	0.00245	0.01023	0.00450	0.00409
12	0.01296	0.83261	0.02539	0.00829	0.01244	0.01917	0.00829	0.01451	0.00985	0.01140	0.00674	0.00777	0.00622	0.00415	0.00311	0.00104	0.00518	0.00259	0.00207	0.00622
13	0.00701	0.00507	0.00686	0.00789	0.00877	0.00492	0.00639	0.00871	0.01052	0.01368	0.02780	0.31189	0.08796	0.01390	0.00645	0.00210	0.00376	0.45760	0.00448	0.00426
14	0.01276	0.01076	0.01136	0.01001	0.01287	0.01239	0.00784	0.11019	0.70511	0.02142	0.01882	0.01736	0.01406	0.00649	0.00492	0.00162	0.00400	0.00535	0.00492	0.00773
15	0.01296	0.83261	0.02539	0.00829	0.01244	0.01917	0.00829	0.01451	0.00985	0.01140	0.00674	0.00777	0.00622	0.00415	0.00311	0.00104	0.00518	0.00259	0.00207	0.00622
16	0.00692	0.00519	0.00779	0.00779	0.00865	0.00606	0.00606	0.00865	0.00779	0.01125	0.01298	0.01904	0.01211	0.03634	0.81049	0.00779	0.01298	0.00519	0.00260	0.00433
17	0.01296	0.83261	0.02539	0.00829	0.01244	0.01917	0.00829	0.01451	0.00985	0.01140	0.00674	0.00777	0.00622	0.00415	0.00311	0.00104	0.00518	0.00259	0.00207	0.00622
18	0.01211	0.56851	0.26040	0.01003	0.01508	0.01668	0.01122	0.03378	0.01028	0.01307	0.00745	0.00861	0.00624	0.00433	0.00360	0.00120	0.00578	0.00293	0.00213	0.00655
19	0.00662	0.00500	0.00584	0.00560	0.00702	0.00440	0.00421	0.00841	0.01248	0.03132	0.43641	0.04065	0.39270	0.01093	0.00571	0.00158	0.00240	0.00937	0.00496	0.00442
20	0.00915	0.00861	0.01453	0.81804	0.03338	0.01077	0.01346	0.01238	0.00969	0.01238	0.00861	0.01292	0.00646	0.00484	0.00484	0.00161	0.00646	0.00431	0.00215	0.00538
21	0.01161	0.01052	0.03638	0.13207	0.05114	0.02572	0.00915	0.09058	0.43282	0.01842	0.01544	0.01615	0.01187	0.00973	0.10438	0.00236	0.00577	0.00501	0.00397	0.00691
22	0.00903	0.00452	0.00452	0.00452	0.00565	0.00452	0.00339	0.01129	0.01016	0.01807	0.01581	0.01807	0.01242	0.00565	0.00339	0.00113	0.00226	0.00452	0.85659	0.00452
23	0.03662	0.00467	0.00460	0.00458	0.00577	0.00472	0.00345	0.01139	0.01010	0.01819	0.01552	0.01774	0.01219	0.00561	0.00337	0.00114	0.00231	0.00446	0.82905	0.00454
24	0.03147	0.10725	0.04521	0.02894	0.06466	0.04602	0.08630	0.44551	0.05806	0.02362	0.01074	0.01149	0.00798	0.00528	0.00468	0.00143	0.00574	0.00424	0.00387	0.00752
25	0.47140	0.06131	0.03131	0.01282	0.19832	0.01190	0.00852	0.10039	0.01083	0.04188	0.00824	0.00956	0.00642	0.00462	0.00373	0.00145	0.00458	0.00330	0.00306	0.00635
26	0.09865	0.00876	0.01156	0.01029	0.07920	0.00814	0.00764	0.02213	0.05989	0.61596	0.01715	0.01540	0.01117	0.00575	0.00470	0.00150	0.00421	0.00465	0.00535	0.00788
27	0.05963	0.40920	0.04826	0.01149	0.07927	0.19826	0.00937	0.05389	0.03880	0.01384	0.00787	0.00909	0.00670	0.00470	0.00415	0.00124	0.03232	0.00314	0.00248	0.00631
28	0.00605	0.00492	0.00536	0.00525	0.00675	0.00423	0.00394	0.00759	0.01182	0.01492	0.26469	0.04363	0.58076	0.01159	0.00572	0.00160	0.00241	0.00981	0.00474	0.00423
29	0.00903	0.00452	0.00452	0.00452	0.00565	0.00452	0.00339	0.01129	0.01016	0.01807	0.01581	0.01807	0.01242	0.00565	0.00339	0.00113	0.00226	0.00452	0.85659	0.00452
30	0.09091	0.02609	0.04368	0.05132	0.10105	0.07843	0.04995	0.16338	0.05092	0.04673	0.01548	0.14454	0.06377	0.00720	0.00508	0.00155	0.02008	0.00602	0.00365	0.03018
31	0.01132	0.04755	0.05687	0.08220	0.54360	0.02997	0.01322	0.02907	0.01110	0.01533	0.02422	0.05429	0.03404	0.00546	0.00486	0.00148	0.00559	0.02019	0.00266	0.00697
32	0.00903	0.00452	0.00452	0.00452	0.00565	0.00452	0.00339	0.01129	0.01016	0.01807	0.01581	0.01807	0.01242	0.00565	0.00339	0.00113	0.00226	0.00452	0.85659	0.00452
33	0.00842	0.00421	0.00631	0.00631	0.00631	0.00421	0.00421	0.00631	0.00631	0.00842	0.00842	0.01473	0.00842	0.01684	0.01894	0.85901	0.00421	0.00421	0.00210	0.00210
34	0.05788	0.01073	0.01510	0.05782	0.20072	0.03082	0.09703	0.03449	0.16624	0.06110	0.01154	0.01287	0.00894	0.00490	0.00492	0.00138	0.03026	0.00431	0.00328	0.18567
35	0.00667	0.00450	0.00544	0.00586	0.00596	0.00440	0.00356	0.00691	0.00785	0.01046	0.01927	0.32488	0.02265	0.50204	0.01765	0.03169	0.00398	0.00944	0.00349	0.00328
36	0.00711	0.00534	0.00683	0.00752	0.00880	0.00506	0.00635	0.00903	0.01125	0.01431	0.07277	0.05119	0.27041	0.01286	0.00634	0.00201	0.00372	0.49025	0.00452	0.00435
37	0.01273	0.00936	0.01046	0.00930	0.02430	0.01026	0.00717	0.11330	0.43658	0.09746	0.15015	0.02012	0.01874	0.00691	0.00496	0.00156	0.00373	0.00577	0.05005	0.00710
38	0.00755	0.00522	0.00645	0.00660	0.00798	0.00474	0.00520	0.00925	0.01163	0.06688	0.19979	0.13408	0.30909	0.01195	0.00596	0.00179	0.00306	0.19347	0.00477	0.00454
39	0.02174	0.00825	0.01125	0.00862	0.01237	0.00712	0.00712	0.02362	0.01387	0.80282	0.01912	0.01649	0.01200	0.00600	0.00487	0.00150	0.00412	0.00487	0.00600	0.00825
40	0.00718	0.00509	0.00570	0.00551	0.00707	0.00445	0.00420	0.00883	0.01180	0.05630	0.23287	0.04043	0.47823	0.01086	0.00553	0.00158	0.00255	0.03480	0.07255	0.00448
41	0.03918	0.01116	0.03650	0.21027	0.53998	0.01135	0.05270	0.01432	0.01063	0.01520	0.00895	0.01209	0.00726	0.00444	0.00479	0.00149	0.00601	0.00431	0.00236	0.00700
42	0.00651	0.00503	0.00595	0.00570	0.00706	0.00452	0.00428	0.00858	0.02621	0.01698	0.49271	0.03994	0.33738	0.01077	0.00571	0.00157	0.00238	0.00928	0.00500	0.00444
43	0.00607	0.00460	0.00561	0.00610	0.00699	0.00414	0.00434	0.00733	0.01068	0.01392	0.17194	0.41727	0.27768	0.01327	0.00597	0.00179	0.00265	0.03090	0.00465	0.00411
44	0.01315	0.77847	0.02464	0.00858	0.01256	0.05601	0.00839	0.01468	0.00998	0.01143	0.00676	0.00787	0.00622	0.00427	0.00342	0.00107	0.02157	0.00265	0.00209	0.00617
45	0.01067	0.00956	0.04974	0.19350	0.08004	0.00993	0.00950	0.05459	0.18874	0.05098	0.14036	0.04764	0.01638	0.02838	0.00627	0.00168	0.06008	0.00566	0.00375	0.03256
46	0.04698	0.00886	0.01116	0.00877	0.01228	0.00834	0.00717	0.12331	0.05350	0.58554	0.01893	0.04313	0.03633	0.00645	0.00488	0.00152	0.00416	0.00522	0.00560	0.00785
47	0.00590	0.00422	0.00562	0.00675	0.00703	0.00394	0.00450	0.00675	0.00928	0.01237	0.02671	0.82653	0.03205	0.01518	0.00619	0.00197	0.00281	0.01378	0.00450	0.00394
48	0.00954	0.00920	0.03378	0.59102	0.11509	0.01035	0.05048	0.01268	0.01012	0.02426	0.04246	0.03899	0.00922	0.00573	0.01614	0.00169	0.00625	0.00486	0.00246	0.00568
49	0.01112	0.32141	0.40989	0.03841	0.01817	0.01418	0.06491	0.02990	0.01038	0.01405	0.00841	0.02350	0.00674	0.00461	0.00417	0.00137	0.00637	0.00357	0.00218	0.00668
50	0.01274	0.75068	0.04968	0.00867	0.01273	0.01853	0.00866	0.01484	0.03725	0.01185	0.00724	0.00831	0.00652	0.00439	0.00364	0.00111	0.03194	0.00278	0.00217	0.00627
51	0.00699	0.00468	0.00530	0.00535	0.00537	0.00466	0.00301	0.00703	0.00715	0.00954	0.01581	0.06929	0.01830	0.79118	0.02379	0.00457	0.00461	0.00737	0.00301	0.00298
52	0.86392	0.00937	0.00712	0.00637	0.00937	0.01087	0.00525	0.01425	0.00825	0.02174	0.00675	0.00787	0.00525	0.00450	0.00300	0.00150	0.00375	0.00262	0.00300	0.00525
53	0.00702	0.00479	0.00567	0.00569	0.00587	0.00489	0.00348	0.00733	0.00732	0.00983	0.01586	0.03081	0.03267	0.68870	0.12971	0.00500	0.00576	0.02346	0.00296	0.00318
54	0.01236	0.06381	0.12770	0.02260	0.42838	0.07824	0.12814	0.04151	0.01149	0.01557	0.00893	0.01136	0.00721	0.00448	0.00493	0.00145	0.01803	0.00422	0.00243	0.00716
55	0.01060	0.01060	0.01484	0.01272	0.01272	0.01484	0.01060	0.01166	0.00742	0.01166	0.00636	0.01060	0.00636	0.00848	0.01590	0.00212	0.82082	0.00424	0.00212	0.00530
56	0.00662	0.00552	0.00712	0.17619	0.01228	0.00548	0.00593	0.00825	0.01040	0.01310	0.05346	0.21440	0.41365	0.01109	0.00557	0.00169	0.00337	0.00956	0.03196	0.00435
57	0.00611	0.00439	0.00585	0.00694	0.00736	0.00413	0.00485	0.00713	0.00954	0.01263	0.02726	0.71585	0.05435	0.01489	0.00623	0.00199	0.00299	0.09903	0.00449	0.00400
58	0.00838	0.00422	0.00629	0.00629	0.00629	0.00422	0.00418	0.00633	0.00633	0.00844	0.00858	0.01513	0.00864	0.03612	0.01908	0.83874	0.00422	0.00428	0.00212	0.00212
59	0.00683	0.00495	0.00643	0.00606	0.00722	0.00456	0.00455	0.00908	0.01364	0.01924	0.77466	0.03651	0.06808	0.00998	0.00572	0.00153	0.00229	0.00881	0.00531	0.00456
60	0.00696	0.00505	0.00708	0.00708	0.00771	0.00567	0.00518	0.00820	0.00758	0.01073	0.01362	0.02261	0.01366	0.25968	0.58927	0.00692	0.01065	0.00571	0.00269	0.00394
61	0.01842	0.01357	0.01454	0.01115	0.01503	0.01503	0.00921	0.78330	0.02278	0.03054	0.01163	0.01163	0.00824	0.00582	0.00485	0.00145	0.00533	0.00436	0.00485	0.00824
62	0.86392	0.00937	0.00712	0.00637	0.00937	0.01087	0.00525	0.01425	0.00825	0.02174	0.00675	0.00787	0.00525	0.00450	0.00300	0.00150	0.00375	0.00262	0.00300	0.00525
63	0.00915	0.00861	0.01453	0.81804	0.03338	0.01077	0.01346	0.01238	0.00969	0.01238	0.00861	0.01292	0.00646	0.00484	0.00484	0.00161	0.00646	0.00431	0.00215	0.00538
64	0.00915	0.00861	0.01453	0.81804	0.03338	0.01077	0.01346	0.01238	0.00969	0.01238	0.00861	0.01292	0.00646	0.00484	0.00484	0.00161	0.00646	0.00431	0.00215	0.00538
65	0.86392	0.00937	0.00712	0.00637	0.00937	0.01087	0.00525	0.01425	0.00825	0.02174	0.00675	0.00787	0.00525	0.00450	0.00300	0.00150	0.00375	0.00262	0.00300	0.00525
66	0.01020	0.00577	0.00712	0.00631	0.00829	0.00504	0.00490	0.01201	0.01281	0.21418	0.33797	0.03492	0.30200	0.00976	0.00551	0.00156	0.00281	0.00830	0.00521	0.00533
67	0.01060	0.01060	0.01484	0.01272	0.01272	0.01484	0.01060	0.01166	0.00742	0.01166	0.00636	0.01060	0.00636	0.00848	0.01590	0.00212	0.82082	0.00424	0.00212	0.00530
68	0.01219	0.00544	0.00619	0.00554	0.00731	0.00516	0.00431	0.01435	0.01108	0.21273	0.01663	0.01768	0.01232	0.00573	0.00376	0.00122	0.00272	0.00461	0.64560	0.00544
69	0.00842	0.00421	0.00631	0.00631	0.00631	0.00421	0.00421	0.00631	0.00631	0.00842	0.00842	0.01473	0.00842	0.01684	0.01894	0.85901	0.00421	0.00421	0.00210	0.00210
70	0.00665	0.00495	0.00619	0.00588	0.00711	0.00448	0.00441	0.00874	0.01322	0.01826	0.65811	0.03814	0.18525	0.01035	0.00572	0.00154	0.00232	0.00904	0.00518	0.00448
71	0.01203	0.00637	0.00688	0.00604	0.00791	0.00645	0.00474	0.13159	0.01256	0.11605	0.01557	0.01688	0.01173	0.00572	0.00379	0.00122	0.00296	0.00454	0.62142	0.00555
72	0.01296	0.83261	0.02539	0.00829	0.01244	0.01917	0.00829	0.01451	0.00985	0.01140	0.00674	0.00777	0.00622	0.00415	0.00311	0.00104	0.00518	0.00259	0.00207	0.00622
73	0.09234	0.09727	0.18894	0.01534	0.21296	0.01148	0.03868	0.06434	0.01120	0.08115	0.00957	0.01116	0.00740	0.00558	0.02855	0.00157	0.02398	0.00380	0.00285	0.09185
74	0.03032	0.01168	0.09381	0.17377	0.18256	0.01086	0.05163	0.13730	0.05501	0.12639	0.03534	0.01468	0.00998	0.00543	0.00487	0.00153	0.00552	0.02203	0.02027	0.00700
75	0.02027	0.00792	0.01078	0.00837	0.01186	0.00687	0.00687	0.02219	0.01386	0.72550	0.09588	0.01844	0.01532	0.00638	0.00496	0.00150	0.00394	0.00526	0.00593	0.00788
76	0.00895	0.00829	0.01382	0.74891	0.03117	0.01025	0.01274	0.01200	0.00965	0.01237	0.00986	0.04309	0.00819	0.02503	0.00541	0.00172	0.00624	0.02476	0.00232	0.00525
77	0.01270	0.04120	0.05100	0.11428	0.27503	0.06319	0.06593	0.10638	0.06356	0.04179	0.02422	0.01384	0.00914	0.00548	0.00571	0.00155	0.06796	0.02718	0.00302	0.00687
78	0.00630	0.00444	0.00598	0.00703	0.00745	0.00420	0.00498	0.00724	0.00947	0.01254	0.02615	0.66151	0.04297	0.01493	0.00679	0.03784	0.00312	0.12874	0.00439	0.00394
79	0.01491	0.27880	0.01753	0.01010	0.01384	0.05472	0.03375	0.27663	0.15651	0.03866	0.01128	0.01149	0.00868	0.00521	0.00424	0.00131	0.00516	0.00391	0.00370	0.04956
80	0.07272	0.32877	0.01866	0.01046	0.01398	0.16344	0.09513	0.06421	0.04625	0.04719	0.04654	0.01240	0.00956	0.00515	0.00413	0.00130	0.00580	0.02649	0.00296	0.02486
81	0.01381	0.10558	0.20097	0.08882	0.01874	0.06974	0.13163	0.06261	0.04683	0.16360	0.01113	0.01217	0.00801	0.00501	0.00492	0.00147	0.02353	0.00421	0.00321	0.02402
82	0.12253	0.01101	0.08220	0.06702	0.11546	0.00980	0.17726	0.04729	0.01180	0.16499	0.08401	0.04935	0.01272	0.00583	0.00494	0.00156	0.00540	0.01665	0.00361	0.00656
83	0.00915	0.00861	0.01453	0.81804	0.03338	0.01077	0.01346	0.01238	0.00969	0.01238	0.00861	0.01292	0.00646	0.00484	0.00484	0.00161	0.00646	0.00431	0.00215	0.00538
84	0.04517	0.01050	0.01373	0.21102	0.10235	0.01156	0.01020	0.29919	0.03365	0.12485	0.01216	0.01445	0.00913	0.00725	0.04683	0.00186	0.00577	0.02941	0.00388	0.00703
85	0.07120	0.00850	0.01098	0.00856	0.01216	0.00773	0.00708	0.06776	0.01393	0.67643	0.01802	0.01660	0.01174	0.00606	0.00477	0.00151	0.00414	0.02216	0.02277	0.00791
86	0.00679	0.00504	0.00574	0.00554	0.00705	0.00438	0.00416	0.00840	0.01202	0.04827	0.30450	0.06922	0.47891	0.01130	0.00570	0.00160	0.00248	0.00962	0.00485	0.00443
87	0.01682	0.00716	0.00967	0.00779	0.01067	0.00628	0.00628	0.01883	0.01382	0.54361	0.27647	0.02301	0.02316	0.00729	0.00515	0.00151	0.00352	0.00616	0.00578	0.00703
88	0.18664	0.09593	0.40580	0.01121	0.01637	0.06529	0.01255	0.07580	0.03849	0.01740	0.00906	0.01087	0.00696	0.00494	0.00420	0.00148	0.00605	0.02171	0.00265	0.00662
89	0.00701	0.00512	0.00762	0.00762	0.00840	0.00591	0.00584	0.00847	0.00768	0.01103	0.01281	0.01924	0.01210	0.06316	0.73849	0.05538	0.01220	0.00520	0.00258	0.00415
90	0.00614	0.00438	0.00558	0.00644	0.00677	0.00412	0.00426	0.00689	0.00903	0.01193	0.02592	0.62124	0.07314	0.16009	0.00946	0.00244	0.00317	0.03100	0.00422	0.00378
91	0.03546	0.04574	0.20767	0.09954	0.01917	0.09442	0.10155	0.22683	0.05074	0.04447	0.01020	0.01151	0.00748	0.00512	0.00491	0.00150	0.01935	0.00416	0.00321	0.00698
92	0.00668	0.00480	0.00599	0.00620	0.00723	0.00434	0.00451	0.00823	0.01154	0.03483	0.32353	0.30486	0.21046	0.01224	0.00589	0.00172	0.00262	0.03515	0.00485	0.00434
93	0.00643	0.00492	0.00608	0.00606	0.00722	0.00462	0.00453	0.00808	0.01124	0.01497	0.31098	0.10565	0.29303	0.03985	0.13172	0.00269	0.00418	0.02902	0.00446	0.00426
94	0.02608	0.02670	0.01708	0.13512	0.47911	0.01113	0.02907	0.03211	0.05976	0.03380	0.01132	0.01453	0.02753	0.00513	0.00504	0.00150	0.02172	0.02801	0.00279	0.03247
95	0.75584	0.00936	0.00764	0.00675	0.00970	0.01076	0.00554	0.05557	0.00913	0.03826	0.00760	0.00884	0.00591	0.00626	0.04522	0.00182	0.00432	0.00290	0.00314	0.00543
96	0.64756	0.01128	0.00879	0.00820	0.03390	0.12339	0.00633	0.01506	0.00937	0.04303	0.02496	0.00910	0.00660	0.00486	0.00378	0.00148	0.03086	0.00300	0.00302	0.00545
97	0.09501	0.05852	0.30076	0.01285	0.06759	0.04592	0.07017	0.05217	0.05506	0.16046	0.01112	0.01178	0.00793	0.00493	0.00452	0.00147	0.00588	0.00399	0.00324	0.02664

[dist]
# distance from previous block
# <min> <max>
6	16

[block]
# block no. 3 follows, 52 sequences, length 8
# corresponding to MSA columns:
# 768-775
name=unknown_D
#
# <colnr> <probs for GDERKNQSTAVLIFYWHMCP>
#	G	D	E	R	K	N	Q	S	T	A	V	L	I	F	Y	W	H	M	C	P
0	0.04815	0.26637	0.11703	0.17252	0.01767	0.01355	0.01025	0.07246	0.09681	0.03876	0.01003	0.02818	0.00808	0.00515	0.00453	0.00139	0.03172	0.00388	0.00286	0.05061
1	0.01136	0.00995	0.03936	0.14398	0.06789	0.05498	0.03326	0.03828	0.01094	0.08436	0.06383	0.01512	0.01103	0.08187	0.00677	0.00158	0.03657	0.00440	0.00314	0.28133
2	0.00699	0.00522	0.00655	0.00690	0.00791	0.00499	0.00505	0.04935	0.01069	0.01420	0.08785	0.44087	0.15314	0.01500	0.07215	0.00231	0.00384	0.06919	0.00437	0.03341
3	0.01060	0.01060	0.01484	0.01272	0.01272	0.01484	0.01060	0.01166	0.00742	0.01166	0.00636	0.01060	0.00636	0.00848	0.01590	0.00212	0.82082	0.00424	0.00212	0.00530
4	0.01119	0.00923	0.01116	0.00838	0.01195	0.00838	0.00680	0.06222	0.01062	0.05071	0.00891	0.01052	0.00733	0.00462	0.00570	0.00102	0.13452	0.00327	0.00302	0.63044
5	0.01207	0.00877	0.01060	0.00907	0.01064	0.00998	0.00708	0.23980	0.01278	0.06891	0.04521	0.02104	0.01355	0.23582	0.08069	0.00305	0.15859	0.04309	0.00370	0.00556
6	0.00644	0.00491	0.00586	0.00615	0.00716	0.00454	0.00443	0.00822	0.04010	0.01443	0.20891	0.29801	0.27305	0.05649	0.00690	0.00191	0.00279	0.04084	0.00462	0.00424
7	0.02889	0.01178	0.12556	0.13465	0.18039	0.01025	0.04293	0.09662	0.03913	0.13337	0.07289	0.04544	0.01218	0.02116	0.00552	0.00161	0.02222	0.00511	0.00352	0.00680

[dist]
# distance from previous block
# <min> <max>
9	19

[block]
# block no. 4 follows, 52 sequences, length 24
# corresponding to MSA columns:
# 802-814,822-832
name=unknown_E
#
# <colnr> <probs for GDERKNQSTAVLIFYWHMCP>
#	G	D	E	R	K	N	Q	S	T	A	V	L	I	F	Y	W	H	M	C	P
0	0.03097	0.10386	0.03495	0.02241	0.10970	0.02108	0.00761	0.01276	0.10288	0.02987	0.10806	0.08075	0.09688	0.03326	0.14613	0.00272	0.00570	0.04129	0.00358	0.00553
1	0.00974	0.00550	0.00688	0.00663	0.00813	0.00510	0.00498	0.01176	0.03687	0.16402	0.16817	0.25610	0.12464	0.01089	0.02059	0.00175	0.00312	0.03061	0.11941	0.00511
2	0.00625	0.00472	0.00640	0.00699	0.00769	0.00437	0.02767	0.00740	0.00990	0.01302	0.07042	0.58553	0.13335	0.03159	0.00652	0.00197	0.00305	0.06463	0.00445	0.00408
3	0.01054	0.06987	0.17560	0.05736	0.11244	0.01989	0.05423	0.04202	0.02338	0.06246	0.14217	0.10449	0.01657	0.00758	0.02693	0.00168	0.01762	0.00588	0.00338	0.04590
4	0.08450	0.33425	0.20410	0.01087	0.05260	0.03793	0.01055	0.07516	0.04604	0.07396	0.02306	0.01049	0.00785	0.00479	0.00396	0.00132	0.00549	0.00347	0.00286	0.00675
5	0.01117	0.01256	0.02722	0.01962	0.02427	0.01183	0.73062	0.01511	0.01130	0.01534	0.01040	0.01456	0.00815	0.00551	0.03418	0.00187	0.00823	0.02913	0.00252	0.00639
6	0.11042	0.40474	0.07635	0.01077	0.03964	0.13477	0.05629	0.06567	0.03529	0.01484	0.00797	0.00913	0.00662	0.00453	0.00378	0.00125	0.00586	0.00320	0.00254	0.00633
7	0.00738	0.00558	0.00652	0.00628	0.00786	0.00498	0.00467	0.00907	0.04835	0.01370	0.05499	0.17804	0.28311	0.03022	0.00721	0.09111	0.00312	0.05713	0.04211	0.13857
8	0.00679	0.00446	0.00578	0.00637	0.00658	0.00433	0.00419	0.00700	0.00825	0.01097	0.02019	0.39772	0.02355	0.26932	0.01399	0.13763	0.00373	0.06215	0.00363	0.00337
9	0.22672	0.06028	0.10618	0.05479	0.06279	0.01189	0.00929	0.24121	0.01393	0.10611	0.03991	0.02678	0.00924	0.00545	0.00431	0.00148	0.00494	0.00412	0.00373	0.00684
10	0.05835	0.07923	0.06860	0.01121	0.03237	0.14192	0.02090	0.26448	0.22361	0.02104	0.01227	0.01242	0.00925	0.00554	0.00454	0.00144	0.00552	0.00420	0.01591	0.00719
11	0.04026	0.13334	0.22207	0.01513	0.18256	0.08446	0.04741	0.05083	0.01126	0.02717	0.00866	0.01030	0.00686	0.00441	0.00427	0.00129	0.00598	0.00357	0.00253	0.13765
12	0.06970	0.10064	0.49231	0.01408	0.10346	0.01161	0.03505	0.01522	0.01038	0.04548	0.02591	0.01089	0.00740	0.00464	0.00440	0.00145	0.00626	0.00369	0.00241	0.03501
13	0.15949	0.04459	0.01576	0.14753	0.11840	0.02101	0.14530	0.13261	0.03204	0.04074	0.01096	0.06803	0.00912	0.00552	0.00465	0.00153	0.00551	0.00489	0.02596	0.00635
14	0.00970	0.00576	0.02097	0.00713	0.00839	0.00537	0.01706	0.02383	0.01004	0.11568	0.14048	0.06362	0.05453	0.04204	0.08900	0.25634	0.00463	0.05864	0.06248	0.00431
15	0.01258	0.16273	0.34094	0.03220	0.07749	0.08548	0.05996	0.08298	0.02580	0.04914	0.02164	0.01097	0.00757	0.00479	0.00446	0.00141	0.00647	0.00381	0.00266	0.00692
16	0.01199	0.01025	0.01632	0.10047	0.48843	0.02738	0.02486	0.01447	0.01088	0.08983	0.01206	0.06990	0.02386	0.03402	0.00580	0.00161	0.02110	0.00518	0.00293	0.02867
17	0.00626	0.00459	0.00575	0.00629	0.00698	0.00424	0.00440	0.00744	0.01029	0.01364	0.17336	0.42984	0.16173	0.09181	0.00782	0.00211	0.00292	0.05199	0.00450	0.00401
18	0.00641	0.06143	0.00700	0.00680	0.00740	0.00501	0.00475	0.00735	0.00947	0.01251	0.04634	0.73365	0.04561	0.01422	0.00595	0.00189	0.00295	0.01280	0.00435	0.00411
19	0.09923	0.06934	0.04549	0.06747	0.08988	0.04033	0.13785	0.05024	0.03431	0.26518	0.01234	0.01307	0.00876	0.00585	0.02411	0.00165	0.01977	0.00442	0.00373	0.00698
20	0.00646	0.00465	0.00588	0.00666	0.00744	0.00437	0.00491	0.00776	0.00998	0.01325	0.02968	0.45202	0.17850	0.01433	0.03247	0.00208	0.00334	0.14884	0.06325	0.00411
21	0.00622	0.00467	0.00563	0.00589	0.00686	0.00419	0.00419	0.00748	0.01095	0.01436	0.24710	0.29580	0.29351	0.03290	0.00680	0.03142	0.00264	0.01069	0.00461	0.00408
22	0.01213	0.03124	0.03209	0.00903	0.01296	0.10431	0.02503	0.10118	0.03505	0.01686	0.00906	0.01035	0.00734	0.00432	0.00436	0.00099	0.03328	0.00327	0.00304	0.54410
23	0.01261	0.48510	0.23264	0.01074	0.03511	0.05853	0.01113	0.05716	0.03203	0.01388	0.00798	0.00908	0.00658	0.00448	0.00376	0.00123	0.00589	0.00310	0.00233	0.00663

[dist]
# distance from previous block
# <min> <max>
5	23

[block]
# block no. 5 follows, 52 sequences, length 17
# corresponding to MSA columns:
# 865-881
name=unknown_F
#
# <colnr> <probs for GDERKNQSTAVLIFYWHMCP>
#	G	D	E	R	K	N	Q	S	T	A	V	L	I	F	Y	W	H	M	C	P
0	0.18028	0.07556	0.17096	0.01042	0.04987	0.04032	0.01912	0.07267	0.01119	0.07650	0.07594	0.03990	0.01186	0.02268	0.03929	0.00184	0.04861	0.02005	0.02684	0.00609
1	0.03058	0.15896	0.04026	0.21617	0.11847	0.06006	0.01056	0.06130	0.01115	0.08889	0.01108	0.03804	0.03337	0.00567	0.00547	0.00148	0.07707	0.00438	0.00289	0.02413
2	0.01384	0.08831	0.04196	0.01032	0.03542	0.08053	0.00840	0.24466	0.13448	0.04871	0.05136	0.01574	0.06316	0.00629	0.00533	0.00144	0.05650	0.00477	0.03637	0.05243
3	0.01735	0.03960	0.01398	0.01069	0.01428	0.11952	0.00870	0.54109	0.01940	0.06336	0.01167	0.04224	0.00893	0.00588	0.00470	0.00139	0.00551	0.00443	0.00436	0.06292
4	0.01032	0.01037	0.14129	0.10523	0.07496	0.00826	0.00942	0.04490	0.08318	0.09349	0.16597	0.12142	0.05175	0.00792	0.00522	0.00161	0.00447	0.03422	0.00399	0.02200
5	0.03948	0.07639	0.19393	0.04344	0.06186	0.06671	0.11721	0.08200	0.03910	0.06610	0.07150	0.08283	0.02595	0.00620	0.00488	0.00152	0.00576	0.00539	0.00328	0.00646
6	0.00966	0.00905	0.01509	0.52711	0.23809	0.01036	0.01296	0.01266	0.01034	0.01375	0.05561	0.01529	0.03921	0.00528	0.00492	0.00156	0.00588	0.00479	0.00249	0.00591
7	0.00842	0.00421	0.00631	0.00631	0.00631	0.00421	0.00421	0.00631	0.00631	0.00842	0.00842	0.01473	0.00842	0.01684	0.01894	0.85901	0.00421	0.00421	0.00210	0.00210
8	0.03011	0.12774	0.21955	0.06454	0.12998	0.10368	0.06065	0.03364	0.03393	0.13587	0.01036	0.01150	0.00766	0.00482	0.00451	0.00143	0.00622	0.00393	0.00295	0.00695
9	0.01219	0.16276	0.08018	0.06185	0.04361	0.01129	0.15029	0.06299	0.01170	0.12209	0.06845	0.06084	0.06054	0.02359	0.00581	0.00158	0.04505	0.00552	0.00340	0.00627
10	0.00624	0.00452	0.00547	0.00600	0.00660	0.00418	0.00403	0.00717	0.00964	0.01274	0.09968	0.43305	0.18135	0.16569	0.00943	0.00235	0.00303	0.01115	0.02382	0.00385
11	0.01039	0.13043	0.08490	0.14101	0.24030	0.01085	0.01095	0.04254	0.03099	0.01519	0.07693	0.04382	0.06223	0.00689	0.02171	0.00162	0.00528	0.03564	0.02213	0.00621
12	0.04603	0.03007	0.10573	0.07896	0.16564	0.08035	0.07282	0.06244	0.04866	0.12903	0.04450	0.01555	0.04009	0.00576	0.00525	0.00153	0.03537	0.02210	0.00339	0.00673
13	0.00997	0.00725	0.02758	0.05414	0.05796	0.00712	0.04432	0.01287	0.06318	0.11574	0.15024	0.14921	0.02096	0.01284	0.12557	0.00257	0.02786	0.04910	0.05604	0.00550
14	0.01159	0.00626	0.00782	0.00710	0.00891	0.00589	0.00536	0.04259	0.04208	0.24082	0.10967	0.18230	0.11362	0.10479	0.03345	0.00218	0.00378	0.02431	0.04197	0.00551
15	0.01348	0.10106	0.07348	0.04755	0.20368	0.12813	0.11943	0.05659	0.04613	0.08999	0.01292	0.01415	0.06137	0.00528	0.00475	0.00144	0.00611	0.00461	0.00307	0.00678
16	0.03637	0.05709	0.07368	0.06923	0.11722	0.03070	0.04160	0.30787	0.07984	0.05113	0.01102	0.01211	0.00827	0.00586	0.01863	0.00158	0.03519	0.00426	0.00364	0.03469

[dist]
# distance from previous block
# <min> <max>
0	22

[block]
# block no. 6 follows, 52 sequences, length 47
# corresponding to MSA columns:
# 909-955
name=unknown_G
#
# <colnr> <probs for GDERKNQSTAVLIFYWHMCP>
#	G	D	E	R	K	N	Q	S	T	A	V	L	I	F	Y	W	H	M	C	P
0	0.00985	0.04479	0.16286	0.12128	0.03165	0.08649	0.03451	0.01235	0.02547	0.01277	0.02894	0.08773	0.01156	0.10411	0.06979	0.03304	0.09161	0.00535	0.00265	0.02321
