[name]
unknown

[dist]
# distance from previous block
# <min> <max>
1	52

[block]
# block no. 0 follows, 61 sequences, length 12
# corresponding to MSA columns:
# 54-65
name=unknown_A
#
# <colnr> <probs for GDERKNQSTAVLIFYWHMCP>
#	G	D	E	R	K	N	Q	S	T	A	V	L	I	F	Y	W	H	M	C	P
0	0.03945	0.00962	0.01274	0.14113	0.10791	0.03988	0.06840	0.21007	0.03540	0.08455	0.04768	0.03793	0.00931	0.00497	0.00444	0.00128	0.02273	0.00421	0.00322	0.11507
1	0.02728	0.15198	0.19646	0.00990	0.01362	0.02748	0.09252	0.06557	0.04242	0.18503	0.09630	0.01293	0.01084	0.00504	0.00459	0.00131	0.04337	0.00408	0.00320	0.00607
2	0.00621	0.02429	0.00714	0.05647	0.02641	0.00495	0.04398	0.00762	0.02249	0.01174	0.06250	0.41770	0.17367	0.06578	0.00621	0.00175	0.00309	0.02402	0.03010	0.00388
3	0.00657	0.00430	0.00532	0.00537	0.00570	0.00432	0.00344	0.00707	0.00719	0.04012	0.05368	0.15541	0.01798	0.52531	0.13625	0.00395	0.00487	0.00697	0.00299	0.00318
4	0.01185	0.15529	0.22832	0.07046	0.03467	0.06714	0.04195	0.07437	0.04961	0.13214	0.02415	0.03322	0.00810	0.00489	0.00452	0.00131	0.04532	0.00380	0.00282	0.00604
5	0.06240	0.08900	0.13069	0.09876	0.08336	0.03150	0.08723	0.05064	0.03064	0.08623	0.01056	0.04383	0.02741	0.07157	0.00609	0.00157	0.05332	0.00427	0.00267	0.02826
6	0.23500	0.00789	0.00863	0.00705	0.00981	0.00806	0.00574	0.14813	0.03393	0.32839	0.03787	0.03180	0.03974	0.00544	0.00388	0.00132	0.00349	0.00419	0.07360	0.00606
7	0.00903	0.04503	0.14394	0.06369	0.09372	0.03038	0.04468	0.03356	0.07351	0.04281	0.01319	0.11254	0.04952	0.04912	0.03292	0.12823	0.00479	0.02171	0.00276	0.00488
8	0.03348	0.05207	0.12086	0.12817	0.22060	0.07632	0.08405	0.12254	0.01120	0.01521	0.05202	0.01120	0.00813	0.00439	0.00419	0.00128	0.00541	0.00383	0.00253	0.04253
9	0.00863	0.00721	0.02391	0.00937	0.09592	0.02652	0.04853	0.03533	0.09689	0.06639	0.04166	0.23240	0.16392	0.04157	0.00565	0.00155	0.02161	0.00725	0.00358	0.06210
10	0.00818	0.00735	0.03453	0.15652	0.08946	0.00764	0.03995	0.04311	0.00879	0.02891	0.01378	0.11649	0.06966	0.09175	0.11903	0.00248	0.09176	0.02153	0.00271	0.04638
11	0.04380	0.06370	0.12841	0.07102	0.14251	0.12602	0.08677	0.04286	0.05506	0.08385	0.02218	0.09493	0.00955	0.00530	0.00427	0.00134	0.00528	0.00457	0.00280	0.00579

[dist]
# distance from previous block
# <min> <max>
2	32

[block]
# block no. 1 follows, 61 sequences, length 14
# corresponding to MSA columns:
# 108-120,122
name=unknown_B
#
# <colnr> <probs for GDERKNQSTAVLIFYWHMCP>
#	G	D	E	R	K	N	Q	S	T	A	V	L	I	F	Y	W	H	M	C	P
0	0.05933	0.13507	0.05642	0.05498	0.06625	0.02720	0.02482	0.12481	0.01097	0.11165	0.02686	0.02991	0.03364	0.01812	0.00420	0.00118	0.01407	0.00375	0.00303	0.19375
1	0.03551	0.08331	0.20541	0.02432	0.09493	0.00973	0.04964	0.13418	0.03788	0.09975	0.05859	0.02803	0.04921	0.00507	0.00415	0.00127	0.00467	0.00421	0.00309	0.06704
2	0.00743	0.07756	0.00811	0.04707	0.02089	0.03415	0.00522	0.00939	0.04997	0.02496	0.19468	0.12937	0.05658	0.11022	0.17828	0.00285	0.00506	0.00640	0.02763	0.00418
3	0.01087	0.01081	0.02124	0.07158	0.03968	0.02653	0.56847	0.01464	0.05989	0.08200	0.00982	0.01210	0.00729	0.00462	0.02104	0.00155	0.02463	0.00481	0.00256	0.00588
4	0.04901	0.19992	0.13987	0.01996	0.01290	0.07748	0.04053	0.10040	0.05719	0.11441	0.04429	0.01153	0.00877	0.00512	0.01776	0.00129	0.00492	0.01671	0.00299	0.07497
5	0.02642	0.10198	0.03258	0.02688	0.22807	0.04159	0.06418	0.03973	0.10200	0.09233	0.04250	0.07780	0.03287	0.00573	0.00433	0.00134	0.00448	0.04183	0.00313	0.03025
6	0.00685	0.00550	0.04567	0.00603	0.00741	0.00453	0.00482	0.02932	0.01053	0.06210	0.27047	0.24663	0.22265	0.01018	0.00513	0.00151	0.00267	0.04959	0.00421	0.00420
7	0.01143	0.03055	0.08344	0.15946	0.25778	0.06670	0.03799	0.10359	0.03181	0.07726	0.00956	0.03717	0.00768	0.01689	0.00467	0.00136	0.01979	0.00404	0.00270	0.03615
8	0.01173	0.06530	0.05772	0.07210	0.21844	0.03610	0.08130	0.07043	0.12815	0.12773	0.01298	0.03838	0.05014	0.00512	0.00433	0.00134	0.00477	0.00452	0.00317	0.00626
9	0.27812	0.00733	0.00780	0.00668	0.00916	0.00762	0.00535	0.03657	0.11993	0.27958	0.04086	0.06686	0.01129	0.00560	0.00379	0.00134	0.00325	0.00438	0.09879	0.00573
10	0.00636	0.00491	0.02673	0.03037	0.00726	0.00425	0.00438	0.00778	0.00957	0.03814	0.11564	0.17903	0.33994	0.05082	0.00575	0.00161	0.00269	0.06390	0.09697	0.00389
11	0.13121	0.09413	0.17564	0.05071	0.12222	0.03994	0.05573	0.07896	0.02345	0.12750	0.00930	0.01086	0.00704	0.00458	0.00429	0.00133	0.03393	0.02034	0.00280	0.00607
12	0.03973	0.06046	0.03815	0.08474	0.06398	0.02108	0.04774	0.05684	0.04634	0.10087	0.01621	0.21592	0.05425	0.00796	0.01494	0.00154	0.02175	0.06600	0.03638	0.00511
13	0.00652	0.00427	0.00560	0.00600	0.00648	0.00428	0.00416	0.00741	0.00798	0.05044	0.01902	0.48466	0.02137	0.14036	0.12468	0.00277	0.02433	0.00908	0.06694	0.00367

[dist]
# distance from previous block
# <min> <max>
0	2

[block]
# block no. 2 follows, 61 sequences, length 44
# corresponding to MSA columns:
# 125-148,150-154,156-170
name=unknown_C
#
# <colnr> <probs for GDERKNQSTAVLIFYWHMCP>
#	G	D	E	R	K	N	Q	S	T	A	V	L	I	F	Y	W	H	M	C	P
0	0.00983	0.01464	0.36157	0.06640	0.05239	0.03189	0.07786	0.07079	0.01005	0.05801	0.02498	0.04695	0.00883	0.00670	0.04669	0.00172	0.06142	0.04093	0.00253	0.00581
1	0.00982	0.11774	0.15151	0.09921	0.11175	0.04378	0.13569	0.05226	0.01000	0.03227	0.05091	0.12317	0.01091	0.00564	0.00462	0.00137	0.02618	0.00502	0.00259	0.00553
2	0.03057	0.00637	0.00734	0.00634	0.00838	0.02782	0.00497	0.06135	0.02770	0.31523	0.04834	0.11142	0.05429	0.00653	0.00409	0.00128	0.00306	0.00541	0.26403	0.00546
3	0.03402	0.02529	0.05489	0.09554	0.04108	0.02988	0.11702	0.06668	0.22043	0.09315	0.01508	0.08960	0.05585	0.00612	0.00469	0.00144	0.01868	0.02126	0.00345	0.00584
4	0.05888	0.04003	0.09606	0.16761	0.13251	0.03214	0.12743	0.08448	0.01037	0.05220	0.05780	0.04128	0.00919	0.00504	0.00504	0.00140	0.06588	0.00435	0.00264	0.00566
5	0.04107	0.00649	0.04596	0.09361	0.02426	0.00607	0.04392	0.02691	0.03558	0.01301	0.03714	0.23524	0.10167	0.00982	0.00519	0.00168	0.00382	0.26066	0.00354	0.00434
6	0.03048	0.00508	0.00602	0.00562	0.00699	0.00479	0.00426	0.05189	0.02532	0.05394	0.44465	0.09839	0.22799	0.00917	0.00496	0.00141	0.00239	0.00791	0.00444	0.00431
7	0.03211	0.14242	0.07602	0.02848	0.01304	0.21314	0.00833	0.22065	0.06732	0.10040	0.01031	0.01064	0.02747	0.00490	0.00419	0.00124	0.02655	0.00352	0.00318	0.00610
8	0.02310	0.01027	0.08641	0.08634	0.09503	0.01869	0.17015	0.12303	0.04511	0.09889	0.05810	0.09562	0.01153	0.00580	0.00502	0.00144	0.04012	0.01631	0.00318	0.00585
9	0.00693	0.00465	0.00622	0.03250	0.00785	0.00439	0.01825	0.02028	0.01964	0.08047	0.08873	0.53674	0.11963	0.01141	0.00525	0.00163	0.00278	0.02449	0.00408	0.00407
10	0.26057	0.10174	0.03704	0.06219	0.04154	0.03434	0.03691	0.25684	0.01230	0.07944	0.00853	0.00932	0.00633	0.00447	0.00379	0.00127	0.01569	0.00326	0.00314	0.02127
11	0.00638	0.00434	0.00565	0.00608	0.00691	0.00398	0.00445	0.00758	0.00943	0.05327	0.14433	0.47928	0.10803	0.01165	0.00533	0.00164	0.00266	0.10762	0.00413	0.02725
12	0.00621	0.00417	0.00467	0.00471	0.00482	0.00412	0.00270	0.00635	0.00660	0.00883	0.01556	0.05635	0.05969	0.75208	0.01994	0.00386	0.00395	0.00656	0.02609	0.00273
13	0.01637	0.01207	0.01293	0.00991	0.01336	0.01336	0.00819	0.80738	0.02025	0.02715	0.01034	0.01034	0.00733	0.00517	0.00431	0.00129	0.00474	0.00388	0.00431	0.00733
14	0.02228	0.03971	0.10155	0.08997	0.05348	0.03014	0.03042	0.20819	0.07876	0.06939	0.01049	0.03523	0.00832	0.00495	0.00432	0.00124	0.02313	0.02387	0.00317	0.16138
15	0.01609	0.02053	0.01221	0.01110	0.01332	0.83132	0.00832	0.01720	0.01221	0.01054	0.00666	0.00777	0.00555	0.00444	0.00388	0.00111	0.00777	0.00277	0.00222	0.00499
16	0.00880	0.06734	0.78261	0.01201	0.01823	0.01039	0.01545	0.01360	0.00908	0.01345	0.00764	0.00898	0.00546	0.00407	0.00402	0.00134	0.00627	0.00314	0.00182	0.00632
17	0.05768	0.12115	0.16884	0.00946	0.02511	0.02803	0.03192	0.16389	0.19879	0.02365	0.02898	0.03882	0.04698	0.00532	0.00406	0.00130	0.00449	0.00425	0.00324	0.03403
18	0.00578	0.00448	0.00589	0.00697	0.06407	0.00415	0.00449	0.00694	0.00930	0.01232	0.15868	0.43799	0.20653	0.03258	0.01771	0.00172	0.00271	0.00994	0.00393	0.00384
19	0.01002	0.30407	0.44808	0.05551	0.01647	0.01258	0.03050	0.05319	0.00954	0.01298	0.00728	0.00860	0.00562	0.00401	0.00368	0.00122	0.00567	0.00300	0.00197	0.00603
20	0.01006	0.43294	0.42812	0.00985	0.01488	0.01349	0.01168	0.01327	0.00893	0.01190	0.00687	0.00801	0.00549	0.00389	0.00343	0.00114	0.00549	0.00275	0.00183	0.00595
21	0.00623	0.00446	0.00521	0.00507	0.00633	0.00392	0.00378	0.00767	0.01064	0.05459	0.32034	0.11609	0.40688	0.01004	0.00506	0.00143	0.00223	0.00862	0.01744	0.00397
22	0.01496	0.01054	0.01149	0.02875	0.03308	0.08518	0.01947	0.29520	0.09628	0.21997	0.02566	0.01201	0.00897	0.00495	0.00417	0.00123	0.00445	0.00391	0.00402	0.11572
23	0.01187	0.01026	0.01036	0.00906	0.01164	0.05242	0.00711	0.14478	0.65000	0.01906	0.01587	0.01476	0.01186	0.00567	0.00435	0.00142	0.00384	0.00461	0.00426	0.00681
24	0.13130	0.06979	0.10610	0.04273	0.01278	0.11573	0.02558	0.13746	0.10258	0.10623	0.04361	0.03097	0.00927	0.00501	0.00393	0.00128	0.00469	0.00386	0.02320	0.02389
25	0.01256	0.38331	0.09691	0.00978	0.01330	0.17680	0.06495	0.12501	0.02343	0.01332	0.00739	0.00852	0.00609	0.00484	0.02308	0.00125	0.01837	0.00301	0.00233	0.00574
26	0.00524	0.00387	0.00490	0.00570	0.00618	0.00353	0.00387	0.00607	0.00860	0.01123	0.04202	0.68904	0.16811	0.01295	0.00542	0.00169	0.00243	0.01161	0.00401	0.00353
27	0.02748	0.00906	0.01391	0.21619	0.31835	0.03468	0.05556	0.01219	0.00937	0.03349	0.00886	0.05253	0.00756	0.00436	0.00413	0.00122	0.00488	0.00402	0.00235	0.17982
28	0.00646	0.00473	0.00645	0.00643	0.00712	0.00531	0.00476	0.00824	0.05077	0.01034	0.01280	0.04848	0.01254	0.19798	0.56192	0.00567	0.00893	0.00522	0.03209	0.00375
29	0.00572	0.00421	0.00530	0.00611	0.00653	0.01403	0.00428	0.00659	0.00841	0.01102	0.02344	0.58989	0.07081	0.10156	0.00726	0.00202	0.00293	0.12258	0.00382	0.00350
30	0.00690	0.00499	0.00607	0.00640	0.00716	0.00499	0.00453	0.09455	0.03943	0.01312	0.03548	0.55780	0.05233	0.08363	0.00669	0.00188	0.00296	0.04551	0.02157	0.00401
31	0.00570	0.00428	0.00532	0.00569	0.00647	0.00399	0.00406	0.00733	0.04046	0.01316	0.24826	0.42747	0.17283	0.01140	0.00528	0.00158	0.00238	0.02632	0.00422	0.00382
32	0.05353	0.08454	0.08272	0.00745	0.01098	0.08932	0.00654	0.03178	0.00961	0.01398	0.05209	0.03945	0.00872	0.00420	0.00349	0.00090	0.00401	0.00326	0.00261	0.49081
33	0.01321	0.00687	0.00881	0.00737	0.00953	0.02101	0.00585	0.08546	0.01072	0.36333	0.04082	0.01571	0.01119	0.06228	0.20529	0.04677	0.02524	0.00445	0.01976	0.03634
34	0.00700	0.00541	0.02754	0.04573	0.00831	0.00552	0.00526	0.00807	0.00797	0.05166	0.05041	0.33320	0.03077	0.17180	0.11827	0.00283	0.09212	0.00784	0.01642	0.00386
35	0.00656	0.00574	0.05101	0.03502	0.00867	0.00489	0.03070	0.04408	0.00925	0.03011	0.02366	0.53499	0.13474	0.02558	0.00553	0.00169	0.00313	0.03685	0.00377	0.00405
36	0.50378	0.00814	0.00794	0.00658	0.00946	0.00867	0.00542	0.07667	0.01000	0.28007	0.01017	0.01005	0.00703	0.00456	0.00334	0.00132	0.00350	0.00316	0.03441	0.00571
37	0.04272	0.17104	0.21157	0.01090	0.09907	0.02469	0.00964	0.09664	0.05951	0.09777	0.01061	0.03940	0.02281	0.00642	0.04963	0.00159	0.02370	0.00386	0.01238	0.00605
38	0.00577	0.00399	0.00513	0.00586	0.00628	0.00379	0.00401	0.01837	0.00873	0.01201	0.08017	0.65787	0.02712	0.04669	0.00595	0.00176	0.00257	0.03056	0.06976	0.00361
39	0.02477	0.00937	0.07049	0.00839	0.01049	0.05915	0.00702	0.05384	0.30227	0.03727	0.07738	0.08198	0.06520	0.00939	0.08111	0.00198	0.06528	0.02547	0.00364	0.00551
40	0.00896	0.02807	0.15967	0.00993	0.01267	0.04309	0.12978	0.10163	0.05224	0.01443	0.04281	0.24101	0.03438	0.02213	0.00516	0.00157	0.00464	0.07943	0.00326	0.00514
41	0.01091	0.03979	0.01621	0.17297	0.44682	0.05097	0.07405	0.03700	0.01009	0.05751	0.00900	0.03918	0.00745	0.00438	0.00431	0.00132	0.00534	0.00414	0.00239	0.00616
42	0.00795	0.00704	0.01768	0.07191	0.05313	0.00700	0.12522	0.07826	0.05189	0.01381	0.07140	0.21322	0.19120	0.00866	0.00549	0.02369	0.02303	0.02128	0.00345	0.00470
43	0.02189	0.00940	0.01987	0.07527	0.05762	0.13246	0.04895	0.05985	0.07432	0.06648	0.08744	0.03176	0.06422	0.00709	0.03499	0.00152	0.00472	0.07048	0.05099	0.08068

[dist]
# distance from previous block
# <min> <max>
1	7

[block]
# block no. 3 follows, 61 sequences, length 26
# corresponding to MSA columns:
# 178-180,193-207,211-218
name=unknown_D
#
# <colnr> <probs for GDERKNQSTAVLIFYWHMCP>
#	G	D	E	R	K	N	Q	S	T	A	V	L	I	F	Y	W	H	M	C	P
0	0.02316	0.32701	0.11937	0.03256	0.08321	0.08965	0.06288	0.03786	0.01000	0.11373	0.00872	0.03472	0.00709	0.00449	0.00400	0.00119	0.02849	0.00346	0.00251	0.00588
1	0.00881	0.00839	0.01330	0.71985	0.09917	0.03453	0.01187	0.03185	0.00913	0.01168	0.00773	0.01127	0.00587	0.00429	0.00429	0.00141	0.00572	0.00380	0.00200	0.00504
2	0.02190	0.00683	0.04416	0.04016	0.16744	0.00617	0.00699	0.01034	0.05451	0.06226	0.09789	0.27704	0.11433	0.00874	0.00486	0.00150	0.00343	0.04408	0.00359	0.02378
3	0.01126	0.10590	0.17446	0.01982	0.05687	0.04226	0.11034	0.10143	0.05666	0.07302	0.03850	0.02493	0.00840	0.00516	0.00578	0.00139	0.13849	0.00401	0.00274	0.01858
4	0.00945	0.00874	0.04644	0.03627	0.01016	0.11179	0.02435	0.06145	0.02231	0.07942	0.13326	0.08725	0.23221	0.00821	0.01500	0.00149	0.07859	0.00639	0.02246	0.00476
5	0.00539	0.00400	0.00510	0.00567	0.00628	0.00371	0.00395	0.00642	0.00899	0.01190	0.13410	0.53955	0.17472	0.01349	0.05364	0.00194	0.00291	0.01062	0.00400	0.00362
6	0.02145	0.12159	0.20975	0.09832	0.13547	0.03849	0.12822	0.05416	0.04161	0.04083	0.00902	0.02881	0.00725	0.00457	0.00446	0.00134	0.02887	0.01745	0.00239	0.00596
7	0.01045	0.00928	0.05928	0.14991	0.13136	0.03130	0.14548	0.07019	0.01054	0.11064	0.04870	0.11938	0.03028	0.00647	0.01876	0.01446	0.00503	0.00543	0.01750	0.00554
8	0.06916	0.00862	0.01025	0.00799	0.01113	0.00856	0.00657	0.26749	0.01433	0.45879	0.03271	0.01333	0.00997	0.00526	0.00416	0.00130	0.00385	0.00413	0.05551	0.00690
9	0.00895	0.01134	0.16971	0.20988	0.25744	0.00933	0.13567	0.01200	0.00923	0.01283	0.00975	0.09940	0.00864	0.00553	0.02038	0.00152	0.00568	0.00481	0.00223	0.00569
10	0.05476	0.05920	0.11539	0.03527	0.02793	0.07407	0.03483	0.03973	0.07980	0.13126	0.06263	0.06682	0.15596	0.01982	0.02243	0.00152	0.00437	0.00541	0.00343	0.00538
11	0.00911	0.00683	0.02137	0.00933	0.06870	0.00753	0.02734	0.02500	0.02891	0.10673	0.01175	0.05664	0.01077	0.11342	0.28883	0.00368	0.16352	0.00490	0.03094	0.00471
12	0.05748	0.00462	0.00572	0.00579	0.00643	0.00480	0.00405	0.00759	0.00735	0.03837	0.01620	0.15679	0.05899	0.32926	0.24960	0.00410	0.00585	0.03057	0.00296	0.00349
13	0.00912	0.03444	0.17750	0.08987	0.23354	0.01782	0.06498	0.01225	0.04367	0.04129	0.04647	0.04887	0.11564	0.00583	0.00460	0.01169	0.00478	0.01687	0.01514	0.00564
14	0.03555	0.26586	0.10685	0.18158	0.05462	0.10417	0.05622	0.06195	0.01008	0.04650	0.00823	0.00981	0.02003	0.00430	0.00393	0.00122	0.01789	0.00332	0.00229	0.00560
15	0.00642	0.00457	0.00567	0.00557	0.00574	0.00495	0.00361	0.00681	0.00643	0.00883	0.01267	0.02461	0.01400	0.61834	0.20327	0.00466	0.05257	0.00575	0.00250	0.00301
16	0.00553	0.00405	0.00509	0.00578	0.00628	0.00377	0.00393	0.02299	0.00878	0.01153	0.05315	0.65351	0.13945	0.04697	0.00607	0.00178	0.00255	0.01123	0.00397	0.00358
17	0.02563	0.03702	0.09402	0.12077	0.16376	0.06036	0.10551	0.08281	0.12428	0.06346	0.01047	0.04358	0.00833	0.00493	0.00469	0.00138	0.03579	0.00429	0.00284	0.00607
18	0.00815	0.00742	0.01171	0.33537	0.01823	0.02710	0.11165	0.02351	0.02967	0.02501	0.02248	0.19958	0.03589	0.06870	0.00656	0.00172	0.05369	0.00625	0.00272	0.00457
19	0.00698	0.00417	0.00464	0.00489	0.00575	0.00409	0.00353	0.00889	0.03668	0.01421	0.04287	0.26112	0.08139	0.00867	0.02113	0.00141	0.00241	0.00698	0.47627	0.00393
20	0.02727	0.14872	0.15272	0.13785	0.13373	0.02435	0.10351	0.04634	0.00933	0.01275	0.00867	0.05899	0.00755	0.00629	0.04052	0.03170	0.03791	0.00409	0.00221	0.00548
21	0.05941	0.18027	0.07632	0.00912	0.01236	0.08645	0.05919	0.12254	0.04136	0.20006	0.04063	0.02211	0.00900	0.00494	0.00427	0.00126	0.03404	0.00380	0.02682	0.00607
22	0.00622	0.00463	0.00675	0.00691	0.00761	0.00526	0.00535	0.00768	0.00737	0.01051	0.01396	0.13334	0.01412	0.02687	0.61460	0.00556	0.03092	0.06344	0.02507	0.00383
23	0.28945	0.07683	0.28588	0.01969	0.03266	0.05089	0.00962	0.07712	0.00955	0.03922	0.00758	0.00875	0.00573	0.00434	0.00394	0.00131	0.03987	0.00299	0.02894	0.00565
24	0.02066	0.00425	0.00521	0.00558	0.00643	0.00388	0.00402	0.00704	0.00962	0.02859	0.19751	0.40459	0.22787	0.01146	0.00526	0.00159	0.00243	0.04609	0.00416	0.00377
25	0.02920	0.00607	0.00731	0.00702	0.02183	0.01662	0.02148	0.04499	0.12776	0.07621	0.13080	0.23260	0.09068	0.05873	0.03926	0.00185	0.01309	0.00735	0.06245	0.00469

[dist]
# distance from previous block
# <min> <max>
6	38

[block]
# block no. 4 follows, 61 sequences, length 28
# corresponding to MSA columns:
# 262-289
name=unknown_E
#
# <colnr> <probs for GDERKNQSTAVLIFYWHMCP>
#	G	D	E	R	K	N	Q	S	T	A	V	L	I	F	Y	W	H	M	C	P
0	0.00795	0.03807	0.00892	0.00832	0.05357	0.00655	0.04629	0.04786	0.09279	0.03236	0.08990	0.29429	0.08697	0.02935	0.02768	0.00169	0.01862	0.04456	0.00366	0.06055
1	0.04248	0.02521	0.03300	0.02020	0.05388	0.12394	0.05385	0.14126	0.07420	0.06788	0.10703	0.09135	0.07882	0.00672	0.00465	0.00137	0.01660	0.03388	0.00357	0.02011
2	0.01339	0.28450	0.06041	0.02817	0.06972	0.06442	0.03828	0.09014	0.10001	0.18246	0.01063	0.01117	0.00801	0.00462	0.00383	0.00121	0.00474	0.01485	0.00317	0.00629
3	0.01024	0.06975	0.00984	0.00766	0.00996	0.00649	0.05098	0.02254	0.01019	0.18069	0.07001	0.09654	0.03135	0.03695	0.00527	0.00150	0.00373	0.21643	0.00375	0.15611
4	0.03375	0.03024	0.04226	0.00921	0.04548	0.03454	0.02736	0.17044	0.08261	0.34519	0.09839	0.01461	0.01240	0.00540	0.00430	0.00130	0.00407	0.00442	0.00433	0.02968
5	0.01163	0.08737	0.07276	0.06384	0.12827	0.05668	0.06466	0.05098	0.05997	0.15451	0.03870	0.05123	0.02103	0.04285	0.00550	0.00148	0.04040	0.02828	0.01407	0.00580
6	0.01067	0.02396	0.06157	0.28952	0.03031	0.06681	0.16334	0.06588	0.07725	0.08012	0.01175	0.02815	0.05153	0.00499	0.00458	0.00140	0.01531	0.00450	0.00278	0.00559
7	0.00813	0.00766	0.01292	0.83826	0.02967	0.00957	0.01196	0.01101	0.00861	0.01101	0.00766	0.01148	0.00574	0.00431	0.00431	0.00144	0.00574	0.00383	0.00191	0.00479
8	0.01234	0.12834	0.25018	0.06753	0.03646	0.18673	0.10814	0.03368	0.01050	0.11391	0.00861	0.00975	0.00636	0.00424	0.00404	0.00126	0.00609	0.00343	0.00246	0.00594
9	0.02218	0.05859	0.16751	0.05892	0.05141	0.03325	0.03643	0.04485	0.05810	0.21677	0.06924	0.09467	0.04448	0.00614	0.00441	0.00138	0.00442	0.01785	0.00353	0.00589
10	0.01066	0.01020	0.01725	0.02590	0.79676	0.01025	0.01302	0.01352	0.03459	0.01419	0.00839	0.01083	0.00702	0.00390	0.00427	0.00128	0.00506	0.00387	0.00220	0.00682
11	0.00533	0.00441	0.00470	0.00484	0.00611	0.00384	0.00358	0.00670	0.02957	0.01193	0.06704	0.16188	0.63475	0.01112	0.00515	0.00151	0.00230	0.02748	0.00403	0.00372
12	0.01359	0.02695	0.16742	0.11196	0.07125	0.05570	0.11258	0.02922	0.03142	0.31914	0.01157	0.01200	0.00792	0.00458	0.00432	0.00135	0.00525	0.00400	0.00335	0.00643
13	0.02615	0.00893	0.01421	0.59235	0.08387	0.05676	0.09775	0.01193	0.00920	0.02379	0.02939	0.01173	0.00687	0.00434	0.00435	0.00140	0.00580	0.00399	0.00212	0.00507
14	0.00640	0.00471	0.00640	0.03517	0.00728	0.00530	0.00455	0.00728	0.00668	0.00933	0.01207	0.02139	0.01254	0.38849	0.41622	0.00533	0.03979	0.00528	0.00241	0.00337
15	0.00999	0.00975	0.01718	0.22383	0.54635	0.01014	0.09424	0.01274	0.00955	0.01330	0.00806	0.01096	0.00653	0.00393	0.00436	0.00134	0.00549	0.00396	0.00208	0.00622
16	0.00938	0.02477	0.18636	0.12794	0.09502	0.00888	0.19289	0.04320	0.00978	0.05644	0.01177	0.14673	0.01082	0.02241	0.00501	0.00151	0.00538	0.03350	0.00267	0.00552
17	0.01026	0.01414	0.29144	0.05265	0.19037	0.04376	0.14976	0.02736	0.01006	0.07197	0.03029	0.03501	0.02735	0.00478	0.00445	0.00138	0.00570	0.02072	0.00249	0.00608
18	0.01026	0.04506	0.01739	0.09368	0.63967	0.01027	0.06418	0.01280	0.00963	0.01352	0.00856	0.03983	0.00742	0.00420	0.00430	0.00131	0.00520	0.00415	0.00217	0.00641
19	0.01117	0.16286	0.42701	0.02746	0.03564	0.01076	0.03446	0.04795	0.03815	0.13570	0.00959	0.02459	0.00707	0.00446	0.00398	0.00129	0.00540	0.00353	0.00260	0.00633
20	0.00699	0.00473	0.00657	0.00715	0.03251	0.00442	0.02631	0.00826	0.01893	0.08189	0.03300	0.54372	0.10328	0.01199	0.01879	0.00176	0.00306	0.07856	0.00399	0.00410
21	0.00927	0.07151	0.43049	0.07415	0.26770	0.01024	0.01371	0.01296	0.00929	0.01327	0.00923	0.01096	0.03998	0.00429	0.00411	0.00132	0.00564	0.00362	0.00202	0.00623
22	0.03353	0.01270	0.15829	0.01488	0.18930	0.04489	0.14232	0.14028	0.05399	0.09560	0.01024	0.01237	0.00787	0.00476	0.00468	0.00138	0.02948	0.03410	0.00294	0.00640
23	0.02809	0.03082	0.03393	0.17123	0.34806	0.06577	0.06269	0.01324	0.02314	0.07221	0.00934	0.04261	0.00775	0.00583	0.04121	0.00159	0.02999	0.00416	0.00244	0.00588
24	0.00564	0.00502	0.04966	0.00624	0.00715	0.00406	0.00484	0.00688	0.00897	0.01182	0.07341	0.53313	0.15878	0.01211	0.00538	0.00168	0.00279	0.09476	0.00392	0.00376
25	0.04152	0.07589	0.21920	0.01360	0.17992	0.02506	0.07748	0.08602	0.03922	0.09303	0.01087	0.09950	0.00921	0.00526	0.00426	0.00135	0.00505	0.00457	0.00284	0.00616
26	0.01896	0.07293	0.17584	0.07805	0.02714	0.04034	0.05275	0.07143	0.03915	0.15194	0.02716	0.04952	0.04030	0.02598	0.05686	0.00179	0.02748	0.03359	0.00310	0.00570
27	0.00602	0.00433	0.00546	0.00596	0.00671	0.00407	0.00432	0.02457	0.00925	0.02704	0.08686	0.46866	0.17429	0.03497	0.03476	0.00192	0.00299	0.09008	0.00399	0.00376

[dist]
# distance from previous block
# <min> <max>
0	42

[block]
# block no. 5 follows, 61 sequences, length 6
# corresponding to MSA columns:
# 361-366
name=unknown_F
#
# <colnr> <probs for GDERKNQSTAVLIFYWHMCP>
#	G	D	E	R	K	N	Q	S	T	A	V	L	I	F	Y	W	H	M	C	P
0	0.03364	0.51904	0.07573	0.00788	0.01122	0.08359	0.00761	0.01328	0.02951	0.03887	0.03620	0.01138	0.00844	0.00460	0.00334	0.00108	0.00466	0.05088	0.02966	0.02938
1	0.07085	0.34375	0.37412	0.00953	0.01429	0.01264	0.01091	0.04492	0.00947	0.06254	0.00760	0.00848	0.00582	0.00404	0.00350	0.00118	0.00524	0.00288	0.00220	0.00602
2	0.04277	0.17126	0.54096	0.01109	0.01643	0.01149	0.04484	0.04941	0.04819	0.01404	0.00797	0.00911	0.00594	0.00413	0.00386	0.00129	0.00575	0.00318	0.00210	0.00619
3	0.00955	0.03923	0.20146	0.02944	0.01292	0.05270	0.07907	0.04171	0.05433	0.08417	0.09979	0.12013	0.04545	0.00841	0.05846	0.00179	0.02015	0.03271	0.00319	0.00534
4	0.00923	0.01000	0.16617	0.04195	0.08329	0.00773	0.06103	0.09534	0.03396	0.06000	0.11886	0.10809	0.06105	0.00815	0.04441	0.00170	0.00467	0.05407	0.02490	0.00539
5	0.00813	0.00766	0.01292	0.83826	0.02967	0.00957	0.01196	0.01101	0.00861	0.01101	0.00766	0.01148	0.00574	0.00431	0.00431	0.00144	0.00574	0.00383	0.00191	0.00479

[dist]
# distance from previous block
# <min> <max>
0	9

[block]
# block no. 6 follows, 61 sequences, length 36
# corresponding to MSA columns:
# 376-411
name=unknown_G
#
# <colnr> <probs for GDERKNQSTAVLIFYWHMCP>
#	G	D	E	R	K	N	Q	S	T	A	V	L	I	F	Y	W	H	M	C	P
0	0.00979	0.14970	0.42418	0.01256	0.09156	0.02037	0.07333	0.04242	0.00971	0.02735	0.03429	0.03607	0.00770	0.00454	0.00427	0.00130	0.02444	0.00372	0.00221	0.02048
1	0.00748	0.00505	0.00668	0.00684	0.02720	0.00529	0.00477	0.00906	0.05585	0.07207	0.04338	0.22638	0.03328	0.19257	0.21473	0.02908	0.03424	0.00698	0.01510	0.00399
2	0.00725	0.00603	0.02038	0.01856	0.00834	0.03400	0.03458	0.02176	0.02449	0.01065	0.05316	0.05442	0.06197	0.15070	0.31458	0.10720	0.06017	0.00539	0.00263	0.00374
3	0.00600	0.00475	0.00602	0.00640	0.00719	0.01589	0.02781	0.00768	0.05663	0.01182	0.04628	0.53054	0.15805	0.03378	0.00578	0.00173	0.00284	0.06306	0.00392	0.00383
4	0.01142	0.04885	0.01005	0.00934	0.07289	0.07869	0.00668	0.03661	0.25636	0.15927	0.03832	0.19824	0.01513	0.00791	0.02878	0.00158	0.00405	0.00607	0.00393	0.00581
5	0.00859	0.00896	0.07527	0.04184	0.04483	0.05532	0.11606	0.03600	0.07771	0.01304	0.04734	0.20361	0.01518	0.00966	0.05930	0.03364	0.06048	0.07307	0.01526	0.00482
6	0.00549	0.00412	0.00492	0.00536	0.00621	0.00367	0.00381	0.00652	0.00930	0.02311	0.10178	0.43019	0.34134	0.01192	0.00529	0.00160	0.00238	0.02525	0.00408	0.00366
7	0.01134	0.08037	0.05551	0.14059	0.18060	0.08230	0.17302	0.11488	0.02205	0.02883	0.00861	0.02692	0.00691	0.00451	0.00477	0.00134	0.04501	0.00403	0.00247	0.00593
8	0.00748	0.00631	0.02265	0.11253	0.15700	0.00631	0.00711	0.05454	0.00927	0.01254	0.03909	0.39020	0.01897	0.08356	0.01844	0.00188	0.00389	0.04051	0.00326	0.00449
9	0.01118	0.00644	0.03190	0.00710	0.00861	0.00621	0.00561	0.09975	0.00948	0.20506	0.01182	0.05000	0.01001	0.03560	0.08208	0.31113	0.04061	0.02027	0.04272	0.00443
10	0.00854	0.00592	0.02367	0.00624	0.00800	0.00542	0.00496	0.03903	0.09004	0.13263	0.19494	0.09107	0.28169	0.01031	0.05411	0.00177	0.00330	0.02934	0.00425	0.00478
11	0.03428	0.03100	0.04527	0.00807	0.00962	0.10035	0.00671	0.04852	0.04405	0.05438	0.07466	0.10067	0.06630	0.00832	0.02995	0.00164	0.15242	0.08426	0.09476	0.00477
12	0.00961	0.08584	0.10347	0.06524	0.21207	0.05982	0.07567	0.03546	0.06808	0.01337	0.03458	0.07013	0.11051	0.00585	0.00468	0.00136	0.03090	0.00505	0.00271	0.00560
13	0.02795	0.00858	0.01006	0.00808	0.01098	0.00874	0.00655	0.24964	0.13077	0.35366	0.04207	0.04077	0.03274	0.00584	0.00433	0.00134	0.00374	0.00472	0.04268	0.00675
14	0.00669	0.00514	0.00709	0.02471	0.05996	0.00504	0.03358	0.00777	0.00864	0.03410	0.07840	0.26702	0.17566	0.19139	0.02545	0.00224	0.03407	0.02572	0.00345	0.00387
15	0.01072	0.23942	0.29668	0.02508	0.01683	0.03032	0.20402	0.03204	0.00968	0.05730	0.00798	0.00948	0.00608	0.00409	0.00432	0.00128	0.03305	0.00351	0.00217	0.00597
16	0.02572	0.05360	0.38605	0.01072	0.01511	0.06054	0.07246	0.10277	0.02123	0.08859	0.01041	0.07310	0.00832	0.00507	0.00417	0.00134	0.00542	0.00418	0.04518	0.00604
17	0.00540	0.00397	0.00501	0.00573	0.00629	0.00363	0.00400	0.00624	0.00870	0.01128	0.04550	0.58161	0.20095	0.01278	0.00576	0.02730	0.00254	0.05585	0.00395	0.00352
18	0.08015	0.14920	0.35093	0.04563	0.04042	0.08708	0.02676	0.04865	0.00991	0.06642	0.00893	0.02184	0.02294	0.00443	0.00383	0.00126	0.00549	0.00337	0.00237	0.02039
19	0.04023	0.00982	0.01114	0.00922	0.01183	0.03675	0.03768	0.40757	0.06842	0.07844	0.01351	0.05413	0.01162	0.02868	0.00527	0.00152	0.02509	0.12508	0.01785	0.00615
20	0.00571	0.00426	0.00497	0.00530	0.00633	0.00376	0.00387	0.00679	0.00946	0.03458	0.07666	0.32856	0.42626	0.01162	0.00526	0.00158	0.00243	0.05478	0.00408	0.00373
21	0.04021	0.20922	0.12585	0.02243	0.14969	0.12104	0.05923	0.09937	0.01093	0.07009	0.00834	0.00954	0.00650	0.00426	0.00396	0.00120	0.01801	0.00332	0.03077	0.00602
22	0.01155	0.05551	0.01759	0.13284	0.08218	0.03775	0.29061	0.04956	0.01141	0.04071	0.05035	0.05891	0.01318	0.02104	0.00581	0.00182	0.00609	0.10357	0.00334	0.00621
23	0.00852	0.02078	0.75208	0.03365	0.01831	0.00967	0.01523	0.01327	0.00913	0.01352	0.00870	0.01171	0.00671	0.00460	0.00422	0.00141	0.00619	0.05417	0.00196	0.00617
24	0.00712	0.00716	0.07439	0.08318	0.13114	0.00613	0.04288	0.00898	0.00919	0.01231	0.05586	0.26978	0.11893	0.00936	0.00543	0.02883	0.00388	0.11772	0.00325	0.00449
25	0.01003	0.08950	0.29048	0.01176	0.07907	0.02159	0.09545	0.06807	0.03131	0.03282	0.05117	0.02481	0.00852	0.00446	0.00422	0.00122	0.02002	0.00377	0.00252	0.14922
26	0.00567	0.00436	0.00526	0.00568	0.00670	0.00396	0.00438	0.00699	0.00974	0.01240	0.11969	0.22860	0.36702	0.01151	0.00538	0.00163	0.00265	0.19058	0.00407	0.00373
27	0.00610	0.00416	0.00545	0.00615	0.00664	0.00394	0.00421	0.03261	0.00896	0.03792	0.06100	0.75325	0.02781	0.01274	0.00540	0.00170	0.00259	0.01151	0.00409	0.00377
28	0.02896	0.03125	0.16191	0.11191	0.20593	0.02462	0.08079	0.15290	0.01152	0.10028	0.00934	0.01981	0.00702	0.00454	0.00456	0.00135	0.03029	0.00389	0.00279	0.00635
29	0.02380	0.00995	0.05273	0.05630	0.04504	0.05938	0.06200	0.15494	0.01122	0.09407	0.01202	0.03309	0.01085	0.02414	0.01975	0.00171	0.16639	0.15400	0.00317	0.00548
30	0.02792	0.00700	0.03457	0.14617	0.04634	0.00677	0.00776	0.05515	0.01069	0.16966	0.05299	0.02869	0.07687	0.01828	0.00517	0.00163	0.00414	0.29135	0.00376	0.00510
31	0.05124	0.05080	0.09459	0.03026	0.14308	0.02192	0.03295	0.04075	0.01001	0.14066	0.01194	0.07034	0.04606	0.00499	0.00397	0.00116	0.00420	0.00422	0.00301	0.23386
32	0.05587	0.01966	0.11884	0.06253	0.17096	0.05387	0.06314	0.07075	0.04295	0.12853	0.02358	0.02389	0.03190	0.00468	0.00412	0.00126	0.00479	0.00400	0.01554	0.09914
33	0.04276	0.00709	0.02257	0.16492	0.02878	0.03238	0.00696	0.05138	0.03965	0.05044	0.06667	0.08980	0.14480	0.01971	0.00495	0.00151	0.00389	0.14755	0.00342	0.07077
34	0.08578	0.02872	0.02901	0.08613	0.22660	0.05359	0.11712	0.01243	0.01953	0.05038	0.01028	0.11037	0.00929	0.00596	0.03002	0.00146	0.00503	0.00468	0.00261	0.11100
35	0.02481	0.02790	0.14830	0.04758	0.07846	0.03422	0.11388	0.10113	0.02904	0.14782	0.03645	0.05120	0.00992	0.00516	0.00433	0.00131	0.00490	0.03433	0.00317	0.09606

[dist]
# distance from previous block
# <min> <max>
3	61

[block]
# block no. 7 follows, 61 sequences, length 10
# corresponding to MSA columns:
# 497-506
name=unknown_H
#
# <colnr> <probs for GDERKNQSTAVLIFYWHMCP>
#	G	D	E	R	K	N	Q	S	T	A	V	L	I	F	Y	W	H	M	C	P
0	0.01061	0.08804	0.02683	0.10979	0.21996	0.02731	0.03620	0.10723	0.03620	0.03740	0.08698	0.02720	0.01043	0.00478	0.00431	0.00121	0.02232	0.00409	0.00284	0.13626
1	0.01065	0.01032	0.02929	0.01516	0.25582	0.05897	0.10121	0.04895	0.08010	0.02922	0.00955	0.01254	0.00802	0.00480	0.00531	0.00128	0.09695	0.04345	0.00264	0.17577
2	0.02331	0.04426	0.06817	0.07824	0.17341	0.05176	0.12409	0.12513	0.04412	0.03697	0.03701	0.02586	0.00832	0.00478	0.00502	0.00132	0.06972	0.00408	0.00272	0.07171
3	0.18375	0.00779	0.00933	0.24439	0.04353	0.03125	0.00719	0.03404	0.02064	0.03022	0.04907	0.01311	0.05708	0.00472	0.00372	0.00119	0.00401	0.00377	0.06180	0.18940
4	0.00890	0.00793	0.03432	0.08193	0.21674	0.00729	0.04488	0.02978	0.02108	0.03506	0.02403	0.08329	0.03387	0.13583	0.00702	0.00170	0.00431	0.03578	0.00275	0.18352
5	0.00953	0.00758	0.00911	0.00772	0.05775	0.00639	0.00567	0.04240	0.06534	0.06137	0.04062	0.03338	0.07854	0.00471	0.00373	0.00092	0.00326	0.00391	0.00312	0.55496
6	0.00646	0.00513	0.00656	0.00668	0.00757	0.02747	0.03525	0.00754	0.00857	0.01139	0.03525	0.44579	0.04546	0.13132	0.00764	0.00199	0.00333	0.12393	0.00356	0.07911
7	0.10507	0.00967	0.01592	0.13686	0.33479	0.00994	0.16796	0.01363	0.07907	0.01449	0.00872	0.01092	0.00689	0.00401	0.00420	0.00131	0.00516	0.00392	0.00239	0.06508
8	0.00898	0.00767	0.00887	0.00656	0.01014	0.00614	0.00522	0.01186	0.08494	0.01455	0.04368	0.01061	0.00850	0.00368	0.00338	0.00075	0.00316	0.00300	0.00282	0.75549
9	0.00753	0.00462	0.00567	0.00552	0.00625	0.00447	0.00379	0.00827	0.00810	0.09916	0.06806	0.07500	0.10607	0.43757	0.08526	0.00334	0.00430	0.06009	0.00334	0.00358

[dist]
# distance from previous block
# <min> <max>
3	15

[block]
# block no. 8 follows, 61 sequences, length 14
# corresponding to MSA columns:
# 529-542
name=unknown_I
#
# <colnr> <probs for GDERKNQSTAVLIFYWHMCP>
#	G	D	E	R	K	N	Q	S	T	A	V	L	I	F	Y	W	H	M	C	P
0	0.08213	0.00805	0.01296	0.66104	0.13206	0.00967	0.01151	0.01144	0.00866	0.01211	0.00757	0.01100	0.00579	0.00422	0.00416	0.00141	0.00546	0.00370	0.00201	0.00504
1	0.01130	0.29850	0.21693	0.01045	0.04570	0.08214	0.05445	0.08929	0.06913	0.02771	0.01002	0.01078	0.04687	0.00454	0.00378	0.00120	0.00527	0.00349	0.00249	0.00596
2	0.01144	0.01080	0.13055	0.14484	0.14826	0.02395	0.07555	0.08146	0.05862	0.14932	0.01244	0.02711	0.02465	0.00542	0.00451	0.00142	0.00505	0.07541	0.00313	0.00608
3	0.00713	0.00486	0.00651	0.00692	0.02637	0.00459	0.01601	0.00877	0.02767	0.07109	0.15044	0.29177	0.11977	0.05034	0.00612	0.00177	0.00303	0.18864	0.00408	0.00413
4	0.01124	0.00988	0.01832	0.12506	0.20726	0.00976	0.33425	0.05216	0.01062	0.11504	0.01079	0.01361	0.02558	0.00449	0.00469	0.00141	0.00577	0.03129	0.00273	0.00606
5	0.02840	0.03781	0.05742	0.03418	0.22681	0.07406	0.03496	0.04950	0.01143	0.31187	0.07985	0.01349	0.01082	0.00493	0.00427	0.00130	0.00463	0.00420	0.00360	0.00646
6	0.18324	0.05135	0.06413	0.01268	0.10982	0.05594	0.21631	0.05169	0.01019	0.11877	0.00885	0.01010	0.00658	0.00406	0.00398	0.00127	0.00516	0.00365	0.00277	0.07946
7	0.00599	0.00435	0.00565	0.00543	0.00640	0.00400	0.00403	0.00789	0.01178	0.01656	0.72694	0.10130	0.06496	0.00927	0.00512	0.00139	0.00208	0.00821	0.00465	0.00400
8	0.00619	0.00417	0.00484	0.00490	0.00496	0.00420	0.00285	0.00632	0.00643	0.00861	0.01412	0.08020	0.01623	0.75148	0.06391	0.00417	0.00446	0.00656	0.00268	0.00273
9	0.48428	0.00885	0.01165	0.19219	0.07632	0.00988	0.13437	0.01252	0.00825	0.01622	0.00695	0.00899	0.00536	0.00400	0.00353	0.00137	0.00462	0.00321	0.00238	0.00504
10	0.01143	0.00735	0.00930	0.02443	0.01057	0.00656	0.03285	0.09152	0.02212	0.19354	0.01288	0.08069	0.02533	0.00645	0.04288	0.00135	0.00386	0.00436	0.07706	0.33550
11	0.65284	0.07556	0.00880	0.00666	0.00940	0.03866	0.00557	0.10601	0.00910	0.01894	0.00652	0.00749	0.00511	0.00424	0.00327	0.00131	0.03015	0.00257	0.00275	0.00506
12	0.00734	0.00613	0.00888	0.00826	0.00871	0.00782	0.00658	0.00840	0.00671	0.00991	0.00926	0.01413	0.00881	0.02270	0.49420	0.07792	0.28390	0.00426	0.00213	0.00397
13	0.01095	0.01089	0.01103	0.15745	0.05281	0.18471	0.00768	0.06121	0.05027	0.01374	0.00812	0.00966	0.00650	0.00394	0.00372	0.00099	0.00483	0.00308	0.00254	0.39587

[dist]
# distance from previous block
# <min> <max>
0	1

[block]
# block no. 9 follows, 61 sequences, length 22
# corresponding to MSA columns:
# 544-558,562-568
name=unknown_J
#
# <colnr> <probs for GDERKNQSTAVLIFYWHMCP>
#	G	D	E	R	K	N	Q	S	T	A	V	L	I	F	Y	W	H	M	C	P
0	0.00564	0.00433	0.00571	0.00693	0.05352	0.00401	0.00454	0.00666	0.00884	0.01155	0.04541	0.57181	0.19006	0.01221	0.00536	0.00166	0.00265	0.05146	0.00391	0.00376
1	0.00992	0.00763	0.00903	0.00650	0.01028	0.00580	0.00522	0.01181	0.00925	0.09083	0.00854	0.00947	0.00679	0.00339	0.00330	0.00070	0.00324	0.00272	0.00282	0.79276
2	0.01060	0.00912	0.03826	0.00845	0.01093	0.00976	0.00681	0.04563	0.62717	0.05250	0.10245	0.01772	0.02917	0.00614	0.00445	0.00144	0.00340	0.00514	0.00436	0.00649
3	0.00702	0.00527	0.00789	0.00834	0.00949	0.00522	0.05297	0.00904	0.00989	0.01298	0.05213	0.07461	0.02418	0.01179	0.02302	0.00202	0.00419	0.67203	0.00386	0.00406
4	0.01253	0.00988	0.01051	0.00892	0.01164	0.01118	0.00709	0.25989	0.52785	0.03882	0.01522	0.01430	0.01126	0.00560	0.00431	0.00139	0.00377	0.00453	0.03441	0.00689
5	0.00576	0.00455	0.00558	0.00532	0.00659	0.00403	0.01962	0.00735	0.01081	0.01431	0.39941	0.08590	0.36768	0.00984	0.00509	0.00142	0.00228	0.02114	0.00428	0.01904
6	0.06143	0.38055	0.28187	0.00976	0.01417	0.06960	0.04695	0.05649	0.00975	0.02359	0.00711	0.00819	0.00567	0.00399	0.00348	0.00115	0.00544	0.00286	0.00210	0.00585
7	0.00938	0.22751	0.61023	0.01119	0.01684	0.01177	0.03044	0.01346	0.00903	0.01278	0.00732	0.00861	0.00550	0.00398	0.00378	0.00126	0.00595	0.00301	0.00183	0.00615
8	0.00826	0.00456	0.00616	0.00587	0.00652	0.00463	0.00412	0.00842	0.00711	0.11058	0.01180	0.01898	0.01134	0.27174	0.22622	0.24622	0.00581	0.00482	0.03348	0.00336
9	0.11467	0.00481	0.00619	0.00640	0.00728	0.00530	0.00481	0.00776	0.00747	0.01151	0.01558	0.26076	0.04389	0.02248	0.45557	0.00451	0.00752	0.00674	0.00291	0.00384
10	0.00982	0.25216	0.29851	0.01031	0.01419	0.05889	0.07945	0.01255	0.00902	0.02769	0.00921	0.10170	0.00841	0.00615	0.03122	0.00149	0.05731	0.00418	0.00221	0.00552
11	0.00990	0.04759	0.12370	0.11088	0.18344	0.03029	0.31969	0.01372	0.06197	0.01348	0.00994	0.01210	0.03455	0.00422	0.00453	0.00137	0.00601	0.00439	0.00228	0.00593
12	0.00879	0.01463	0.37693	0.23445	0.08829	0.01006	0.03372	0.01267	0.03449	0.01275	0.00851	0.01186	0.00676	0.00485	0.00529	0.00146	0.08976	0.03697	0.00206	0.00571
13	0.00778	0.00669	0.00903	0.15503	0.03714	0.05388	0.04765	0.00968	0.00991	0.02984	0.20595	0.04181	0.09689	0.07206	0.04149	0.00194	0.02070	0.14485	0.00336	0.00431
14	0.04825	0.03677	0.14154	0.18060	0.27818	0.05188	0.05242	0.01385	0.00965	0.10633	0.00870	0.01063	0.00659	0.00428	0.00448	0.00134	0.03234	0.00369	0.00242	0.00606
15	0.00949	0.02995	0.28047	0.13990	0.07140	0.07043	0.05612	0.02890	0.00958	0.04121	0.01179	0.02898	0.06262	0.00641	0.03104	0.00160	0.05370	0.05851	0.00243	0.00548
16	0.60747	0.00977	0.07406	0.00751	0.01036	0.04435	0.05736	0.01254	0.00819	0.01734	0.00844	0.01268	0.00740	0.00499	0.00340	0.00141	0.00410	0.10113	0.00271	0.00480
17	0.07416	0.05818	0.03935	0.06279	0.11683	0.19709	0.00770	0.05890	0.02297	0.06249	0.05169	0.04164	0.13071	0.00579	0.00412	0.00126	0.00473	0.00460	0.01249	0.04251
18	0.00735	0.03569	0.04806	0.00839	0.07038	0.00622	0.05091	0.00879	0.02118	0.03011	0.08371	0.13910	0.17341	0.18424	0.00942	0.03431	0.05215	0.02926	0.00318	0.00414
19	0.02793	0.00730	0.00847	0.03361	0.00973	0.06768	0.03871	0.03422	0.00915	0.01257	0.05302	0.16904	0.09700	0.00805	0.00625	0.11011	0.03866	0.00568	0.00296	0.25985
20	0.05470	0.21736	0.06261	0.03714	0.02982	0.08677	0.16032	0.03826	0.03762	0.11067	0.01026	0.06964	0.00867	0.00496	0.00402	0.00126	0.00513	0.01970	0.00279	0.03829
21	0.16015	0.06116	0.20072	0.02726	0.03402	0.04299	0.15057	0.01306	0.02138	0.03866	0.00940	0.01070	0.04046	0.00417	0.00383	0.00121	0.00501	0.00353	0.00243	0.16932

[dist]
# distance from previous block
# <min> <max>
12	38

[block]
# block no. 10 follows, 61 sequences, length 32
# corresponding to MSA columns:
# 611-629,634-646
name=unknown_K
#
# <colnr> <probs for GDERKNQSTAVLIFYWHMCP>
#	G	D	E	R	K	N	Q	S	T	A	V	L	I	F	Y	W	H	M	C	P
0	0.00929	0.20940	0.42473	0.01049	0.01494	0.03974	0.05210	0.01256	0.00885	0.01211	0.00837	0.02159	0.00707	0.03503	0.07539	0.00186	0.02709	0.02177	0.00200	0.00562
1	0.00997	0.13810	0.32838	0.05685	0.09335	0.03279	0.08637	0.03845	0.06500	0.03070	0.02345	0.04056	0.00831	0.00477	0.00416	0.00133	0.00550	0.02357	0.00241	0.00599
2	0.01132	0.38159	0.10640	0.03712	0.17883	0.02386	0.03352	0.02446	0.00957	0.08577	0.00952	0.02534	0.03455	0.01636	0.00391	0.00120	0.00485	0.00352	0.00239	0.00591
3	0.02801	0.37386	0.14217	0.00830	0.01202	0.03709	0.00824	0.07998	0.01064	0.17473	0.02699	0.03578	0.03538	0.00487	0.00365	0.00117	0.00458	0.00362	0.00296	0.00598
4	0.01001	0.31480	0.35114	0.00939	0.01421	0.01163	0.02375	0.01303	0.00904	0.03268	0.00734	0.00846	0.00580	0.00380	0.00347	0.00107	0.00508	0.00281	0.00206	0.17039
5	0.01091	0.05510	0.48220	0.02827	0.04205	0.00961	0.05841	0.01483	0.02530	0.16691	0.02402	0.01122	0.01715	0.00458	0.00448	0.00136	0.03088	0.00370	0.00265	0.00635
6	0.01165	0.01296	0.28525	0.02263	0.11971	0.03614	0.03864	0.01497	0.03986	0.22377	0.01264	0.04302	0.02539	0.00694	0.05496	0.00172	0.00547	0.03495	0.00313	0.00620
7	0.00736	0.00645	0.02147	0.15829	0.01267	0.00675	0.04675	0.01134	0.18971	0.01301	0.04341	0.38649	0.04528	0.00921	0.00497	0.00159	0.00360	0.02339	0.00360	0.00467
8	0.01045	0.03580	0.11607	0.07965	0.09049	0.00841	0.11703	0.04201	0.01017	0.14238	0.03035	0.03420	0.02571	0.00797	0.05781	0.00185	0.03298	0.14799	0.00312	0.00557
9	0.00989	0.00952	0.01623	0.19129	0.57788	0.00998	0.04028	0.01245	0.00948	0.01324	0.00921	0.01191	0.03524	0.00429	0.00463	0.00134	0.03073	0.00406	0.00215	0.00619
10	0.01524	0.08480	0.06742	0.00962	0.06113	0.00780	0.05327	0.01724	0.01112	0.50137	0.01511	0.06394	0.01131	0.00580	0.00438	0.00137	0.00418	0.05412	0.00424	0.00655
11	0.00805	0.00832	0.05771	0.68810	0.02679	0.00916	0.04224	0.01095	0.00883	0.01151	0.03695	0.04215	0.00811	0.00488	0.00442	0.00145	0.00556	0.01787	0.00213	0.00483
12	0.01282	0.06628	0.22680	0.09452	0.06839	0.07744	0.03697	0.05423	0.01064	0.23554	0.01030	0.01114	0.00733	0.00556	0.03261	0.00151	0.03504	0.00368	0.00300	0.00622
13	0.00749	0.00460	0.02087	0.03546	0.03916	0.00445	0.00477	0.00658	0.00636	0.00850	0.00936	0.01723	0.00957	0.09449	0.01528	0.63880	0.00397	0.06845	0.00212	0.00249
14	0.01211	0.77550	0.02151	0.00752	0.01113	0.04496	0.00735	0.01350	0.00907	0.05516	0.00662	0.00737	0.00581	0.00380	0.00289	0.00095	0.00467	0.00243	0.00205	0.00561
15	0.00989	0.30308	0.46601	0.01112	0.01632	0.02717	0.08440	0.01347	0.00913	0.01241	0.00721	0.00856	0.00558	0.00392	0.00373	0.00122	0.00587	0.00305	0.00187	0.00601
