[name]
unknown

[dist]
# distance from previous block
# <min> <max>
0	13

[block]
# block no. 0 follows, 58 sequences, length 49
# corresponding to MSA columns:
# 13-61
name=unknown_A
#
# <colnr> <probs for GDERKNQSTAVLIFYWHMCP>
#	G	D	E	R	K	N	Q	S	T	A	V	L	I	F	Y	W	H	M	C	P
0	0.00721	0.00515	0.00721	0.00824	0.00927	0.00515	0.00721	0.00927	0.01030	0.01339	0.02368	0.05046	0.02574	0.01236	0.00618	0.00206	0.00412	0.78478	0.00412	0.00412
1	0.01328	0.00981	0.01070	0.00910	0.01192	0.01092	0.00722	0.17705	0.53087	0.12033	0.03766	0.01577	0.01289	0.00595	0.00455	0.00146	0.00381	0.00486	0.00467	0.00718
2	0.01188	0.02972	0.01036	0.00878	0.01122	0.05124	0.00689	0.17515	0.42524	0.03609	0.07347	0.07730	0.01496	0.00696	0.01577	0.00153	0.00398	0.00543	0.02753	0.00649
3	0.00567	0.00436	0.00509	0.00551	0.00633	0.00399	0.00383	0.00687	0.02825	0.01186	0.06336	0.39196	0.33419	0.08436	0.02146	0.00199	0.00279	0.01039	0.00404	0.00372
4	0.00858	0.00809	0.01366	0.79029	0.07150	0.00997	0.01249	0.01155	0.00901	0.01159	0.00797	0.01188	0.00602	0.00445	0.00447	0.00148	0.00593	0.00398	0.00200	0.00508
5	0.01013	0.00839	0.01174	0.17198	0.06876	0.00750	0.05011	0.02310	0.00974	0.06803	0.00873	0.01049	0.00685	0.00379	0.00382	0.00097	0.00425	0.00329	0.00269	0.52567
6	0.00653	0.00437	0.00497	0.00501	0.00505	0.00437	0.00289	0.00661	0.00666	0.00886	0.01448	0.03012	0.01664	0.80979	0.02211	0.00425	0.00433	0.03744	0.00277	0.00277
7	0.01088	0.10969	0.04362	0.06019	0.07291	0.01111	0.08195	0.10240	0.24743	0.01679	0.07395	0.01472	0.02023	0.00551	0.00484	0.00139	0.04531	0.00460	0.06632	0.00616
8	0.01084	0.00578	0.00684	0.00580	0.00797	0.00511	0.00460	0.01283	0.01034	0.18623	0.06537	0.01763	0.01307	0.00550	0.00375	0.00111	0.00282	0.04468	0.40203	0.18770
9	0.01161	0.25316	0.10537	0.00923	0.01226	0.13288	0.00839	0.07759	0.15926	0.01410	0.01164	0.07378	0.01051	0.03165	0.00495	0.00143	0.02733	0.04609	0.00297	0.00580
10	0.01196	0.84548	0.02344	0.00765	0.01148	0.01770	0.00765	0.01339	0.00909	0.01052	0.00622	0.00718	0.00574	0.00383	0.00287	0.00096	0.00478	0.00239	0.00191	0.00574
11	0.00572	0.00416	0.00544	0.00624	0.00678	0.00388	0.00444	0.00681	0.00933	0.01236	0.10587	0.59517	0.10281	0.01309	0.00568	0.00177	0.00269	0.09976	0.00423	0.00376
12	0.00696	0.02456	0.00594	0.00577	0.00612	0.03750	0.00366	0.02531	0.00778	0.01011	0.01673	0.27336	0.01939	0.51024	0.02467	0.00333	0.00406	0.00807	0.00315	0.00329
13	0.01090	0.01104	0.05679	0.32864	0.32064	0.07559	0.01230	0.05385	0.01042	0.03529	0.00847	0.01120	0.00663	0.00445	0.00464	0.00139	0.02580	0.00387	0.01200	0.00606
14	0.00635	0.00428	0.00497	0.00512	0.00518	0.00426	0.00298	0.00650	0.00682	0.00911	0.01557	0.14600	0.01808	0.70615	0.03721	0.00403	0.00425	0.00737	0.00291	0.00287
15	0.03954	0.01891	0.01235	0.01094	0.01346	0.65234	0.00834	0.08559	0.03214	0.07373	0.00830	0.00902	0.00648	0.00477	0.00409	0.00120	0.00725	0.00314	0.00280	0.00561
16	0.01372	0.01503	0.01209	0.03287	0.09029	0.41923	0.00837	0.09464	0.02837	0.02358	0.00978	0.09284	0.00893	0.01798	0.00492	0.00131	0.03675	0.00425	0.00280	0.08224
17	0.00729	0.00526	0.00615	0.00577	0.00718	0.00507	0.00437	0.01051	0.11328	0.04033	0.44417	0.03149	0.21034	0.00880	0.00498	0.00141	0.00238	0.00757	0.07908	0.00458
18	0.01671	0.02132	0.01268	0.01152	0.01383	0.82483	0.00864	0.01786	0.01268	0.01095	0.00691	0.00807	0.00576	0.00461	0.00403	0.00115	0.00807	0.00288	0.00230	0.00519
19	0.00636	0.00416	0.00556	0.00638	0.00684	0.00388	0.00438	0.00723	0.00883	0.05620	0.02399	0.74307	0.02810	0.03171	0.00604	0.00186	0.00276	0.04459	0.00420	0.00385
20	0.01196	0.84548	0.02344	0.00765	0.01148	0.01770	0.00765	0.01339	0.00909	0.01052	0.00622	0.00718	0.00574	0.00383	0.00287	0.00096	0.00478	0.00239	0.00191	0.00574
21	0.00938	0.00780	0.00960	0.03269	0.01093	0.00702	0.00605	0.02269	0.00940	0.04371	0.04769	0.01302	0.05659	0.00562	0.02719	0.00116	0.11329	0.00366	0.00286	0.56965
22	0.00622	0.00458	0.00559	0.00627	0.00657	0.03116	0.00419	0.00672	0.00811	0.01067	0.02043	0.58626	0.02401	0.11512	0.06070	0.08231	0.00370	0.01033	0.00360	0.00344
23	0.01113	0.00961	0.01011	0.00910	0.01163	0.01113	0.00708	0.02377	0.80681	0.01871	0.01821	0.01669	0.01365	0.00607	0.00455	0.00152	0.00354	0.00506	0.00455	0.00708
24	0.00959	0.02228	0.77471	0.01248	0.01892	0.01018	0.01598	0.01459	0.00963	0.05877	0.00856	0.00977	0.00597	0.00432	0.00426	0.00141	0.00646	0.00337	0.00209	0.00667
25	0.01180	0.01103	0.01043	0.00940	0.01190	0.10983	0.00727	0.02305	0.71048	0.01777	0.01684	0.01564	0.01270	0.00589	0.00449	0.00147	0.00409	0.00479	0.00428	0.00685
26	0.00641	0.00471	0.00678	0.00678	0.00744	0.00537	0.00509	0.00773	0.00707	0.01008	0.01235	0.01962	0.01207	0.17515	0.68468	0.00669	0.01064	0.00509	0.00245	0.00377
27	0.33444	0.12102	0.06281	0.00876	0.01165	0.19645	0.00759	0.09128	0.01043	0.03050	0.00720	0.00836	0.00575	0.00468	0.00434	0.00132	0.07345	0.00291	0.01159	0.00547
28	0.00664	0.00531	0.00586	0.00627	0.00713	0.04958	0.00456	0.00780	0.00979	0.02377	0.12665	0.36599	0.19293	0.06503	0.00660	0.00185	0.00308	0.10322	0.00407	0.00388
29	0.22789	0.02794	0.01149	0.00882	0.01219	0.04383	0.03326	0.35642	0.05059	0.05173	0.00953	0.00998	0.00705	0.00470	0.00387	0.00126	0.00444	0.00346	0.00363	0.12793
30	0.00649	0.00438	0.00509	0.00509	0.00517	0.00445	0.00298	0.00664	0.00657	0.00883	0.01390	0.02819	0.01579	0.76802	0.09689	0.00460	0.00504	0.00635	0.00268	0.00283
31	0.00639	0.00479	0.00719	0.00719	0.00799	0.00559	0.00559	0.00799	0.00719	0.01038	0.01198	0.01757	0.01118	0.03355	0.82507	0.00719	0.01198	0.00479	0.00240	0.00399
32	0.03422	0.00516	0.00646	0.00690	0.00779	0.00511	0.00508	0.04971	0.04129	0.05778	0.02195	0.51515	0.02462	0.05965	0.00650	0.00193	0.00320	0.13911	0.00413	0.00426
33	0.01203	0.01165	0.01935	0.01453	0.01804	0.04393	0.41545	0.15869	0.11632	0.03382	0.01054	0.01239	0.00799	0.00591	0.03823	0.00172	0.06529	0.00479	0.00302	0.00630
34	0.00639	0.00479	0.00719	0.00719	0.00799	0.00559	0.00559	0.00799	0.00719	0.01038	0.01198	0.01757	0.01118	0.03355	0.82507	0.00719	0.01198	0.00479	0.00240	0.00399
35	0.00631	0.00484	0.00637	0.00698	0.00739	0.00509	0.00499	0.00784	0.05272	0.01178	0.02192	0.62456	0.02547	0.03905	0.03080	0.00206	0.07478	0.05922	0.00389	0.00395
36	0.01657	0.00759	0.00950	0.00772	0.01064	0.02614	0.00632	0.05686	0.03715	0.55725	0.04280	0.02033	0.07913	0.00659	0.00465	0.00143	0.00374	0.06190	0.03695	0.00674
37	0.01014	0.01101	0.05731	0.27774	0.18252	0.06329	0.08466	0.01302	0.03856	0.01257	0.00798	0.01107	0.00650	0.00514	0.00687	0.00154	0.19823	0.00402	0.00216	0.00566
38	0.00805	0.00435	0.00634	0.00618	0.00632	0.00453	0.00426	0.02914	0.00635	0.00854	0.00794	0.01353	0.00782	0.01561	0.04386	0.78923	0.02973	0.00392	0.00203	0.00227
39	0.03611	0.00811	0.00931	0.00671	0.01064	0.00632	0.00538	0.03426	0.00957	0.01514	0.00798	0.00926	0.00660	0.00340	0.00333	0.00070	0.00336	0.00268	0.00271	0.81845
40	0.01126	0.17626	0.38034	0.01125	0.01590	0.04225	0.05282	0.11372	0.03449	0.03350	0.00843	0.00976	0.00643	0.00494	0.00508	0.02811	0.05332	0.00344	0.00242	0.00628
41	0.00610	0.00439	0.00633	0.00674	0.00728	0.00473	0.00493	0.00718	0.00765	0.01065	0.01673	0.34043	0.01822	0.02487	0.45833	0.05295	0.00784	0.00786	0.00306	0.00374
42	0.00699	0.00475	0.00586	0.00570	0.00617	0.00478	0.02792	0.00790	0.02337	0.01068	0.02562	0.02873	0.02531	0.57309	0.04415	0.00360	0.00432	0.07853	0.10922	0.00328
43	0.00981	0.00962	0.01521	0.05902	0.01549	0.05607	0.27636	0.06698	0.05677	0.01450	0.08280	0.05129	0.05592	0.02506	0.07272	0.00204	0.08827	0.01936	0.01740	0.00530
44	0.00929	0.00584	0.00762	0.00735	0.04973	0.00552	0.00528	0.06502	0.01278	0.13458	0.51452	0.05768	0.06716	0.00826	0.00502	0.00141	0.00274	0.00720	0.02795	0.00505
45	0.03800	0.00718	0.00983	0.00791	0.01062	0.00666	0.05373	0.05745	0.02408	0.44171	0.13547	0.04794	0.01630	0.00640	0.00457	0.00140	0.00361	0.02841	0.09238	0.00633
46	0.00898	0.01934	0.62112	0.01210	0.02885	0.00975	0.04543	0.02926	0.04730	0.01503	0.09574	0.02686	0.01050	0.00503	0.00445	0.00143	0.00590	0.00417	0.00245	0.00633
47	0.12161	0.11651	0.05504	0.00918	0.01256	0.03262	0.00804	0.32933	0.01443	0.18890	0.01052	0.01061	0.00750	0.00514	0.00470	0.00135	0.05775	0.00365	0.00382	0.00675
48	0.01019	0.00810	0.01023	0.04037	0.01193	0.00694	0.03979	0.03595	0.05132	0.07079	0.01092	0.01306	0.02748	0.00444	0.00403	0.00096	0.02064	0.03738	0.01577	0.57971

[dist]
# distance from previous block
# <min> <max>
1	35

[block]
# block no. 1 follows, 58 sequences, length 14
# corresponding to MSA columns:
# 97-102,113-120
name=unknown_B
#
# <colnr> <probs for GDERKNQSTAVLIFYWHMCP>
#	G	D	E	R	K	N	Q	S	T	A	V	L	I	F	Y	W	H	M	C	P
0	0.54424	0.01102	0.09700	0.00789	0.01118	0.03996	0.03600	0.05962	0.00903	0.01843	0.00698	0.00822	0.00542	0.00430	0.00371	0.00133	0.03805	0.00282	0.00269	0.09209
1	0.04223	0.04545	0.17129	0.20642	0.05396	0.06253	0.10217	0.04150	0.13669	0.03384	0.04198	0.01244	0.00883	0.00484	0.00455	0.00142	0.01695	0.00416	0.00275	0.00600
2	0.00635	0.00469	0.00536	0.00551	0.00675	0.00418	0.00406	0.00788	0.03471	0.05016	0.09485	0.25497	0.45334	0.01149	0.00537	0.00160	0.00252	0.03786	0.00429	0.00406
3	0.00901	0.02697	0.00993	0.01051	0.09096	0.03319	0.03927	0.04777	0.03131	0.04085	0.06037	0.03754	0.05359	0.00981	0.00556	0.00178	0.00435	0.47847	0.00386	0.00491
4	0.70859	0.00845	0.00731	0.00629	0.00919	0.00936	0.00518	0.01483	0.00862	0.17493	0.00844	0.00881	0.00605	0.00442	0.00310	0.00138	0.00353	0.00283	0.00331	0.00538
5	0.00639	0.00479	0.00719	0.00719	0.00799	0.00559	0.00559	0.00799	0.00719	0.01038	0.01198	0.01757	0.01118	0.03355	0.82507	0.00719	0.01198	0.00479	0.00240	0.00399
6	0.00579	0.00463	0.00524	0.00541	0.00674	0.00409	0.00423	0.00722	0.01051	0.01311	0.14589	0.06514	0.54102	0.01129	0.00546	0.00161	0.00259	0.15189	0.00425	0.00390
7	0.00670	0.00491	0.00655	0.00741	0.00843	0.00476	0.00625	0.00847	0.01009	0.01296	0.02736	0.13524	0.15596	0.01237	0.00598	0.00194	0.00365	0.57285	0.00413	0.00401
8	0.71702	0.00895	0.00758	0.00650	0.00941	0.01013	0.00536	0.09283	0.00939	0.08750	0.00763	0.00828	0.00564	0.00439	0.00308	0.00138	0.00364	0.00276	0.00317	0.00535
9	0.01107	0.01063	0.01816	0.02746	0.81489	0.01063	0.01373	0.01373	0.01019	0.01461	0.00841	0.01107	0.00709	0.00399	0.00443	0.00133	0.00531	0.00399	0.00221	0.00709
10	0.01263	0.00751	0.00939	0.00800	0.01010	0.00779	0.00639	0.11177	0.09899	0.26216	0.19312	0.08983	0.04220	0.00767	0.00587	0.00151	0.08677	0.02769	0.00461	0.00599
11	0.00897	0.02314	0.81962	0.01275	0.01936	0.01039	0.01653	0.01417	0.00944	0.01417	0.00803	0.00944	0.00567	0.00425	0.00425	0.00142	0.00661	0.00331	0.00189	0.00661
12	0.61853	0.00962	0.03766	0.00686	0.01002	0.01008	0.00586	0.12058	0.00980	0.03939	0.00735	0.00821	0.00558	0.00427	0.00315	0.00131	0.00377	0.00275	0.00302	0.09219
13	0.01194	0.04442	0.04901	0.09692	0.04350	0.01154	0.16063	0.26001	0.02412	0.01803	0.03848	0.01202	0.01919	0.00511	0.00562	0.00138	0.09781	0.00425	0.00306	0.09297

[dist]
# distance from previous block
# <min> <max>
0	11

[block]
# block no. 2 follows, 58 sequences, length 36
# corresponding to MSA columns:
# 132-167
name=unknown_C
#
# <colnr> <probs for GDERKNQSTAVLIFYWHMCP>
#	G	D	E	R	K	N	Q	S	T	A	V	L	I	F	Y	W	H	M	C	P
0	0.28752	0.07443	0.01097	0.06619	0.04858	0.04025	0.04109	0.04490	0.02874	0.08032	0.02991	0.02876	0.00862	0.00961	0.13941	0.00232	0.02784	0.00383	0.00292	0.02379
1	0.00945	0.04705	0.34761	0.05575	0.08672	0.02701	0.01127	0.01349	0.07235	0.04438	0.02764	0.13678	0.01109	0.00591	0.00441	0.00139	0.00507	0.00500	0.00275	0.08487
2	0.01157	0.13167	0.15444	0.01049	0.01426	0.13684	0.08607	0.09111	0.04836	0.01460	0.00915	0.01161	0.00757	0.00545	0.02632	0.00137	0.02946	0.03727	0.00263	0.16975
3	0.00769	0.00428	0.00623	0.00617	0.00618	0.00451	0.00420	0.00620	0.00609	0.00822	0.00900	0.06214	0.00942	0.06377	0.01694	0.71415	0.05588	0.00455	0.00212	0.00227
4	0.00979	0.00979	0.01370	0.01174	0.01174	0.01370	0.00979	0.01077	0.00685	0.01077	0.00587	0.00979	0.00587	0.00783	0.01468	0.00196	0.83461	0.00391	0.00196	0.00489
5	0.68392	0.00856	0.00740	0.00642	0.00928	0.00959	0.00526	0.01521	0.06480	0.14097	0.00881	0.00914	0.00641	0.00450	0.00316	0.00139	0.00352	0.00292	0.00331	0.00542
6	0.00979	0.00979	0.01370	0.01174	0.01174	0.01370	0.00979	0.01077	0.00685	0.01077	0.00587	0.00979	0.00587	0.00783	0.01468	0.00196	0.83461	0.00391	0.00196	0.00489
7	0.00598	0.00452	0.00552	0.00535	0.00649	0.00406	0.00398	0.00773	0.01171	0.01587	0.54585	0.08666	0.25978	0.01007	0.00531	0.00146	0.00218	0.00876	0.00466	0.00406
8	0.01154	0.00981	0.01035	0.00919	0.01179	0.01132	0.00718	0.07812	0.75179	0.01938	0.01768	0.01627	0.01323	0.00602	0.00455	0.00150	0.00364	0.00499	0.00455	0.00712
9	0.01926	0.00741	0.01006	0.00778	0.01109	0.00643	0.00640	0.02102	0.01271	0.76820	0.04768	0.01595	0.01226	0.00567	0.00449	0.00138	0.00370	0.00463	0.02647	0.00740
10	0.00570	0.00417	0.00536	0.00586	0.00650	0.00383	0.00409	0.00693	0.00999	0.01348	0.26752	0.50653	0.11904	0.01223	0.00553	0.00166	0.00241	0.01095	0.00439	0.00383
11	0.01310	0.01059	0.01122	0.00950	0.01238	0.01205	0.00756	0.28409	0.54328	0.02189	0.01570	0.01469	0.01163	0.00583	0.00453	0.00146	0.00400	0.00471	0.00453	0.00726
12	0.00621	0.00457	0.00582	0.00550	0.00661	0.00417	0.00413	0.00821	0.01238	0.01728	0.72601	0.03450	0.12914	0.00939	0.00528	0.00142	0.00213	0.00824	0.00484	0.00417
13	0.01917	0.00860	0.01106	0.02861	0.01238	0.00812	0.00710	0.17726	0.01436	0.64019	0.01603	0.01425	0.01025	0.00548	0.00449	0.00138	0.00408	0.00439	0.00524	0.00755
14	0.00974	0.04682	0.02742	0.00699	0.01098	0.00700	0.00581	0.04505	0.02039	0.01501	0.00813	0.00934	0.00670	0.00348	0.00338	0.00073	0.00352	0.00274	0.00270	0.76404
15	0.01113	0.09140	0.45920	0.01153	0.01664	0.03697	0.04874	0.12719	0.03271	0.04637	0.03187	0.01061	0.00750	0.00465	0.00445	0.00136	0.02362	0.00363	0.00261	0.02782
16	0.00928	0.00578	0.00782	0.00717	0.00825	0.00631	0.00543	0.04888	0.00850	0.13327	0.01271	0.01888	0.01168	0.20834	0.39769	0.03772	0.05989	0.00501	0.00300	0.00441
17	0.00845	0.00795	0.01342	0.83204	0.03081	0.00994	0.01242	0.01143	0.00894	0.01143	0.00795	0.01193	0.00596	0.00447	0.00447	0.00149	0.00596	0.00398	0.00199	0.00497
18	0.00898	0.00824	0.01342	0.78057	0.02975	0.01018	0.01218	0.06083	0.00970	0.01248	0.00813	0.01185	0.00607	0.00453	0.00447	0.00148	0.00590	0.00398	0.00214	0.00513
19	0.00631	0.00513	0.00782	0.00763	0.00861	0.00480	0.09794	0.02607	0.00928	0.01223	0.02476	0.63478	0.11259	0.01230	0.00558	0.00174	0.00320	0.01127	0.00394	0.00403
20	0.66501	0.00921	0.00934	0.03994	0.05327	0.01047	0.05788	0.06007	0.00877	0.01931	0.00685	0.00823	0.00532	0.00430	0.00351	0.00141	0.02624	0.00289	0.00276	0.00521
21	0.00564	0.00422	0.00548	0.00622	0.00665	0.00406	0.00429	0.00654	0.00890	0.01182	0.06817	0.67654	0.11686	0.01322	0.00598	0.00177	0.03404	0.01177	0.00411	0.00373
22	0.07426	0.00768	0.01014	0.00783	0.01124	0.00679	0.00646	0.02125	0.01247	0.76738	0.01692	0.01472	0.01068	0.00545	0.00439	0.00138	0.00378	0.00437	0.00536	0.00744
23	0.01401	0.00903	0.03613	0.22451	0.20259	0.00885	0.01006	0.05235	0.02727	0.32897	0.03301	0.01355	0.00938	0.00496	0.00449	0.00140	0.00479	0.00429	0.00367	0.00668
24	0.03198	0.00954	0.05773	0.07515	0.24858	0.02684	0.04766	0.04000	0.12347	0.04115	0.06526	0.07283	0.07735	0.00689	0.01788	0.00156	0.00467	0.04229	0.00326	0.00592
25	0.00570	0.00407	0.00548	0.00651	0.00688	0.00385	0.00458	0.00666	0.00881	0.01170	0.02452	0.72816	0.02904	0.01378	0.00578	0.00185	0.00281	0.12197	0.00415	0.00370
26	0.00842	0.00615	0.00780	0.00819	0.00958	0.00640	0.00696	0.07840	0.09386	0.01527	0.02196	0.06748	0.03466	0.01082	0.00569	0.00188	0.00396	0.56410	0.04371	0.00471
27	0.01190	0.14365	0.17220	0.03222	0.05403	0.15090	0.13197	0.08702	0.01106	0.03783	0.00937	0.06457	0.00805	0.01575	0.00514	0.02352	0.02819	0.00424	0.00255	0.00584
28	0.04017	0.00864	0.09784	0.05789	0.01184	0.01627	0.07585	0.08763	0.03161	0.01439	0.09068	0.18300	0.07656	0.10295	0.03634	0.02000	0.01986	0.02037	0.00334	0.00476
29	0.00548	0.00394	0.00521	0.00621	0.00653	0.00367	0.00419	0.00630	0.00866	0.01148	0.02541	0.79351	0.05896	0.01388	0.00570	0.00181	0.00261	0.02864	0.00415	0.00365
30	0.00897	0.02314	0.81962	0.01275	0.01936	0.01039	0.01653	0.01417	0.00944	0.01417	0.00803	0.00944	0.00567	0.00425	0.00425	0.00142	0.00661	0.00331	0.00189	0.00661
31	0.06557	0.19387	0.17486	0.07113	0.06201	0.06633	0.06559	0.06042	0.03026	0.06554	0.04499	0.02933	0.00873	0.00529	0.01626	0.00141	0.02589	0.00387	0.00268	0.00596
32	0.05754	0.00565	0.00655	0.00602	0.00775	0.00530	0.00460	0.02065	0.06242	0.15215	0.22259	0.11803	0.28441	0.01968	0.00522	0.00152	0.00273	0.00784	0.00451	0.00483
33	0.09316	0.01144	0.01219	0.00957	0.01295	0.01260	0.00785	0.57804	0.10401	0.09531	0.01175	0.01146	0.00832	0.00535	0.00433	0.00137	0.00455	0.00404	0.00442	0.00730
34	0.06427	0.31799	0.40600	0.01045	0.01550	0.01287	0.04783	0.01379	0.02451	0.01326	0.00857	0.00971	0.02895	0.00431	0.00374	0.00126	0.00561	0.00322	0.00209	0.00609
35	0.01108	0.02826	0.04906	0.12349	0.25736	0.02681	0.08154	0.06454	0.01103	0.09764	0.04951	0.04692	0.06831	0.00542	0.00455	0.00136	0.00493	0.00491	0.00303	0.06027

[dist]
# distance from previous block
# <min> <max>
0	29

[block]
# block no. 3 follows, 58 sequences, length 37
# corresponding to MSA columns:
# 197-233
name=unknown_D
#
# <colnr> <probs for GDERKNQSTAVLIFYWHMCP>
#	G	D	E	R	K	N	Q	S	T	A	V	L	I	F	Y	W	H	M	C	P
0	0.02871	0.09415	0.04283	0.03663	0.41071	0.06183	0.05605	0.02887	0.01008	0.03787	0.02699	0.01180	0.00812	0.00776	0.10108	0.00200	0.02189	0.00398	0.00241	0.00622
1	0.10523	0.20226	0.02725	0.12498	0.21619	0.12293	0.05037	0.04397	0.01020	0.02500	0.00759	0.00952	0.00622	0.00428	0.00415	0.00128	0.02699	0.00337	0.00231	0.00590
2	0.15190	0.00735	0.00828	0.00684	0.00952	0.02503	0.00553	0.01765	0.05880	0.42803	0.01488	0.01425	0.01022	0.00525	0.00388	0.00130	0.00341	0.00409	0.21754	0.00624
3	0.00665	0.00446	0.00627	0.00635	0.00678	0.00484	0.00453	0.00714	0.00689	0.00958	0.01257	0.06932	0.01299	0.21337	0.42053	0.17672	0.00795	0.01725	0.00251	0.00328
4	0.00648	0.00435	0.00498	0.00500	0.00503	0.00437	0.00285	0.00656	0.00657	0.00879	0.01420	0.04335	0.01630	0.79517	0.05493	0.00441	0.00461	0.00655	0.00272	0.00278
5	0.00624	0.00457	0.00585	0.00553	0.00663	0.00418	0.00415	0.00826	0.01244	0.01741	0.74344	0.03428	0.11163	0.00934	0.00528	0.00142	0.00212	0.00821	0.00485	0.00418
6	0.01196	0.84548	0.02344	0.00765	0.01148	0.01770	0.00765	0.01339	0.00909	0.01052	0.00622	0.00718	0.00574	0.00383	0.00287	0.00096	0.00478	0.00239	0.00191	0.00574
7	0.00545	0.00389	0.00519	0.00623	0.00649	0.00363	0.00415	0.00623	0.00856	0.01142	0.02465	0.83987	0.02959	0.01401	0.00571	0.00182	0.00260	0.01272	0.00415	0.00363
8	0.00650	0.00438	0.00507	0.00507	0.00514	0.00444	0.00295	0.00663	0.00656	0.00882	0.01392	0.02829	0.01583	0.77455	0.09042	0.00458	0.00498	0.00636	0.00268	0.00282
9	0.00633	0.00457	0.00598	0.00563	0.00668	0.00422	0.00422	0.00844	0.01266	0.01794	0.81253	0.03341	0.04221	0.00914	0.00528	0.00141	0.00211	0.00809	0.00492	0.00422
10	0.00861	0.00811	0.01370	0.78374	0.07788	0.00998	0.01250	0.01157	0.00902	0.01162	0.00798	0.01187	0.00603	0.00444	0.00447	0.00148	0.00592	0.00398	0.00200	0.00510
11	0.01017	0.00685	0.02141	0.00919	0.10881	0.00637	0.00631	0.06090	0.03960	0.14532	0.43090	0.02378	0.02652	0.00713	0.00479	0.00135	0.00311	0.00621	0.04847	0.03284
12	0.05451	0.01218	0.01274	0.00996	0.01338	0.03164	0.00817	0.66086	0.08541	0.04898	0.01127	0.01115	0.00804	0.00536	0.00440	0.00136	0.00478	0.00403	0.00439	0.00739
13	0.01671	0.02132	0.01268	0.01152	0.01383	0.82483	0.00864	0.01786	0.01268	0.01095	0.00691	0.00807	0.00576	0.00461	0.00403	0.00115	0.00807	0.00288	0.00230	0.00519
14	0.01057	0.02365	0.08501	0.04013	0.21462	0.01017	0.14454	0.04452	0.11946	0.05176	0.06363	0.03054	0.02094	0.00634	0.02871	0.00164	0.07193	0.02263	0.00301	0.00620
15	0.01799	0.00578	0.00737	0.05597	0.04415	0.00553	0.00538	0.01004	0.07500	0.03040	0.32697	0.15223	0.14243	0.00875	0.00496	0.00142	0.00286	0.00765	0.00413	0.09099
16	0.10594	0.00772	0.01000	0.00775	0.01114	0.00692	0.00640	0.02093	0.01228	0.73779	0.01650	0.01443	0.01045	0.00540	0.00432	0.00138	0.00377	0.00429	0.00526	0.00733
17	0.00610	0.00517	0.00650	0.05521	0.00855	0.00473	0.03792	0.00796	0.02658	0.01388	0.25236	0.03669	0.50228	0.00989	0.00522	0.00148	0.00269	0.00848	0.00416	0.00413
18	0.02957	0.13864	0.07363	0.05976	0.09641	0.19768	0.02730	0.09437	0.09108	0.04386	0.01215	0.04935	0.05661	0.00544	0.00421	0.00131	0.00544	0.00429	0.00295	0.00594
19	0.00679	0.00486	0.00659	0.00750	0.00835	0.00478	0.00621	0.00845	0.00972	0.01265	0.02397	0.17629	0.05750	0.07707	0.00735	0.00217	0.00381	0.56800	0.00402	0.00392
20	0.00639	0.00479	0.00719	0.00719	0.00799	0.00559	0.00559	0.00799	0.00719	0.01038	0.01198	0.01757	0.01118	0.03355	0.82507	0.00719	0.01198	0.00479	0.00240	0.00399
21	0.01041	0.01472	0.28251	0.03870	0.37824	0.01062	0.08287	0.04603	0.04839	0.01505	0.00920	0.02666	0.00733	0.00441	0.00448	0.00140	0.00580	0.00409	0.00235	0.00674
22	0.13816	0.01136	0.01532	0.15781	0.27228	0.09886	0.09913	0.09550	0.01091	0.01570	0.00807	0.01037	0.00640	0.00443	0.00464	0.00139	0.03737	0.00378	0.00250	0.00604
23	0.00581	0.00414	0.00546	0.00638	0.00677	0.00393	0.00448	0.00672	0.00869	0.01150	0.02406	0.63204	0.04532	0.08446	0.00723	0.00206	0.00297	0.13032	0.00402	0.00363
24	0.84091	0.02550	0.02232	0.00605	0.00891	0.01019	0.00512	0.01317	0.00768	0.01977	0.00626	0.00731	0.00488	0.00415	0.00280	0.00138	0.00355	0.00244	0.00273	0.00490
25	0.00639	0.00479	0.00719	0.00719	0.00799	0.00559	0.00559	0.00799	0.00719	0.01038	0.01198	0.01757	0.01118	0.03355	0.82507	0.00719	0.01198	0.00479	0.00240	0.00399
26	0.01210	0.00906	0.01011	0.00862	0.03144	0.00965	0.00672	0.38793	0.06037	0.04518	0.13014	0.02208	0.20622	0.00741	0.00511	0.00142	0.03004	0.00596	0.00436	0.00609
27	0.00607	0.00456	0.00562	0.00536	0.00652	0.00411	0.00402	0.00794	0.01205	0.01649	0.62292	0.03580	0.23272	0.00968	0.00528	0.00143	0.00215	0.00842	0.00473	0.00411
28	0.00642	0.00467	0.00657	0.00657	0.00716	0.00526	0.00482	0.00759	0.00701	0.00993	0.01254	0.02069	0.01254	0.24921	0.61125	0.00643	0.00994	0.00525	0.00248	0.00365
29	0.00853	0.00811	0.01391	0.80095	0.03052	0.00999	0.04248	0.01154	0.00901	0.01154	0.00799	0.01193	0.00599	0.00445	0.00450	0.00149	0.00602	0.00403	0.00200	0.00501
30	0.00966	0.02323	0.01235	0.37647	0.06145	0.01030	0.02704	0.01650	0.33387	0.01498	0.05809	0.01497	0.01123	0.00534	0.00454	0.00148	0.00474	0.00465	0.00321	0.00593
31	0.00624	0.00457	0.00585	0.00553	0.00663	0.00418	0.00415	0.00826	0.01245	0.01742	0.74522	0.03426	0.10984	0.00934	0.00528	0.00142	0.00212	0.00821	0.00486	0.00418
32	0.00661	0.00569	0.02826	0.03214	0.10678	0.00519	0.00589	0.00841	0.03485	0.01317	0.14150	0.44890	0.12353	0.01095	0.00533	0.00163	0.00304	0.00982	0.00392	0.00439
33	0.15344	0.16149	0.32557	0.09281	0.04695	0.09659	0.01140	0.01420	0.00950	0.03933	0.00761	0.00904	0.00581	0.00425	0.00378	0.00131	0.00572	0.00309	0.00222	0.00590
34	0.00639	0.00479	0.00719	0.00719	0.00799	0.00559	0.00559	0.00799	0.00719	0.01038	0.01198	0.01757	0.01118	0.03355	0.82507	0.00719	0.01198	0.00479	0.00240	0.00399
35	0.00639	0.00479	0.00719	0.00719	0.00799	0.00559	0.00559	0.00799	0.00719	0.01038	0.01198	0.01757	0.01118	0.03355	0.82507	0.00719	0.01198	0.00479	0.00240	0.00399
36	0.16032	0.01131	0.01122	0.00906	0.01207	0.06338	0.00734	0.48038	0.04754	0.04722	0.02205	0.01162	0.02329	0.00662	0.03067	0.03669	0.00488	0.00392	0.00392	0.00650

[dist]
# distance from previous block
# <min> <max>
2	19

[block]
# block no. 4 follows, 58 sequences, length 18
# corresponding to MSA columns:
# 253-270
name=unknown_E
#
# <colnr> <probs for GDERKNQSTAVLIFYWHMCP>
#	G	D	E	R	K	N	Q	S	T	A	V	L	I	F	Y	W	H	M	C	P
0	0.00867	0.02133	0.74170	0.01210	0.01814	0.00977	0.01535	0.01350	0.00953	0.01418	0.04317	0.05458	0.00849	0.00498	0.00437	0.00144	0.00621	0.00401	0.00214	0.00635
1	0.01226	0.79352	0.02276	0.00790	0.01163	0.06859	0.00772	0.01368	0.00932	0.01055	0.00626	0.00723	0.00574	0.00388	0.00294	0.00097	0.00499	0.00242	0.00194	0.00571
2	0.15369	0.00794	0.00989	0.00771	0.01107	0.00737	0.00637	0.04705	0.01227	0.66609	0.01562	0.01383	0.00998	0.00531	0.00423	0.00138	0.00379	0.00416	0.00507	0.00718
3	0.00642	0.00470	0.00645	0.00651	0.00698	0.00522	0.00467	0.00742	0.00713	0.00999	0.01388	0.11389	0.01466	0.27824	0.46319	0.00556	0.03266	0.00619	0.00268	0.00359
4	0.13996	0.72129	0.02094	0.00739	0.01106	0.01656	0.00724	0.01336	0.00887	0.01194	0.00622	0.00719	0.00561	0.00388	0.00286	0.00102	0.00459	0.00240	0.00204	0.00561
5	0.00739	0.00556	0.00813	0.13050	0.01246	0.00586	0.00798	0.00959	0.01010	0.01310	0.02135	0.04474	0.02281	0.01119	0.00593	0.00198	0.00439	0.66890	0.00380	0.00425
6	0.00845	0.00795	0.01342	0.83204	0.03081	0.00994	0.01242	0.01143	0.00894	0.01143	0.00795	0.01193	0.00596	0.00447	0.00447	0.00149	0.00596	0.00398	0.00199	0.00497
7	0.01021	0.00972	0.01613	0.02405	0.69484	0.00961	0.01220	0.01264	0.01019	0.01424	0.01389	0.01582	0.12671	0.00508	0.00456	0.00136	0.00486	0.00480	0.00250	0.00659
8	0.01616	0.00918	0.01099	0.00829	0.01193	0.00859	0.00680	0.25236	0.01429	0.35820	0.01289	0.01223	0.00880	0.00487	0.00416	0.00117	0.00400	0.00384	0.00442	0.24683
9	0.00711	0.00524	0.00732	0.00936	0.12672	0.00514	0.00584	0.00885	0.03078	0.01318	0.02032	0.46831	0.02242	0.01069	0.00512	0.00164	0.00312	0.10026	0.14419	0.00438
10	0.01397	0.01076	0.01348	0.04904	0.18825	0.01106	0.00908	0.39930	0.01541	0.06160	0.00991	0.01080	0.00740	0.00463	0.00424	0.00121	0.00468	0.00377	0.00357	0.17784
11	0.01074	0.00903	0.01370	0.51905	0.08705	0.01048	0.03151	0.17459	0.01160	0.03802	0.00913	0.02510	0.00699	0.00509	0.00486	0.02499	0.00557	0.00417	0.00266	0.00568
12	0.01131	0.67477	0.14102	0.05631	0.01377	0.01616	0.00925	0.01339	0.00913	0.01112	0.00659	0.00779	0.00574	0.00393	0.00317	0.00106	0.00512	0.00262	0.00191	0.00582
13	0.00873	0.05824	0.13100	0.01203	0.18870	0.00816	0.00869	0.01248	0.09735	0.01595	0.31957	0.02074	0.04686	0.00643	0.00463	0.00135	0.00386	0.00560	0.00353	0.04611
14	0.01100	0.11377	0.17803	0.01197	0.11652	0.14655	0.03052	0.01333	0.01014	0.05536	0.01387	0.02902	0.12651	0.00572	0.00503	0.00132	0.06835	0.00441	0.00263	0.05594
15	0.01182	0.00972	0.01471	0.15880	0.38497	0.04434	0.02611	0.01477	0.05656	0.13306	0.01111	0.05092	0.00909	0.00518	0.00493	0.00143	0.03655	0.01660	0.00292	0.00641
16	0.06069	0.01075	0.06436	0.11424	0.50735	0.01020	0.08778	0.01335	0.00989	0.02925	0.00944	0.03453	0.01932	0.00446	0.00446	0.00139	0.00542	0.00431	0.00235	0.00645
17	0.01434	0.01104	0.01236	0.01001	0.01276	0.01266	0.00817	0.47490	0.18403	0.04116	0.01191	0.01234	0.00893	0.00733	0.04940	0.00177	0.11156	0.00428	0.00408	0.00696

[dist]
# distance from previous block
# <min> <max>
13	27

# created by:
# /st0/software/busco_prod/Augustus/scripts/msa2prfl.pl ./align_prep/1355894.fa
