[name]
unknown

[dist]
# distance from previous block
# <min> <max>
8	22

[block]
# block no. 0 follows, 52 sequences, length 7
# corresponding to MSA columns:
# 29,34,40-44
name=unknown_A
#
# <colnr> <probs for GDERKNQSTAVLIFYWHMCP>
#	G	D	E	R	K	N	Q	S	T	A	V	L	I	F	Y	W	H	M	C	P
0	0.09191	0.01150	0.01676	0.02101	0.44769	0.01188	0.03804	0.19877	0.01383	0.06234	0.03316	0.01252	0.00893	0.00494	0.00471	0.00146	0.00536	0.00438	0.00332	0.00749
1	0.06811	0.01027	0.01527	0.01959	0.42565	0.01027	0.01104	0.10148	0.01300	0.16923	0.09595	0.01516	0.01251	0.00542	0.00480	0.00147	0.00490	0.00480	0.00372	0.00736
2	0.01337	0.04295	0.12476	0.01687	0.20239	0.01148	0.15865	0.10262	0.09224	0.11177	0.01163	0.01280	0.00863	0.00486	0.00483	0.00146	0.00580	0.00452	0.00334	0.06504
3	0.01210	0.01086	0.01855	0.02481	0.58586	0.01057	0.08230	0.01494	0.01138	0.06481	0.06303	0.01390	0.01046	0.00474	0.00488	0.00143	0.00552	0.00470	0.00285	0.05230
4	0.01171	0.06551	0.01037	0.00790	0.01038	0.00833	0.02271	0.14738	0.05996	0.13572	0.23545	0.04438	0.17850	0.00858	0.00525	0.00154	0.00363	0.03190	0.00482	0.00599
5	0.00988	0.00712	0.00824	0.00826	0.06155	0.06184	0.00579	0.01187	0.01305	0.12810	0.43463	0.03188	0.18054	0.00909	0.00544	0.00152	0.00326	0.00780	0.00487	0.00528
6	0.01203	0.12768	0.40172	0.01131	0.01646	0.01065	0.04841	0.01587	0.01141	0.16016	0.12439	0.01494	0.01301	0.00554	0.00466	0.00146	0.00568	0.00453	0.00327	0.00683

[dist]
# distance from previous block
# <min> <max>
3	19

[block]
# block no. 1 follows, 52 sequences, length 7
# corresponding to MSA columns:
# 64-70
name=unknown_B
#
# <colnr> <probs for GDERKNQSTAVLIFYWHMCP>
#	G	D	E	R	K	N	Q	S	T	A	V	L	I	F	Y	W	H	M	C	P
0	0.63758	0.01050	0.00911	0.00765	0.01089	0.01198	0.00631	0.22013	0.01214	0.02410	0.00806	0.00888	0.00605	0.00485	0.00349	0.00149	0.00417	0.00309	0.00349	0.00605
1	0.00755	0.00578	0.00742	0.00747	0.00907	0.00507	0.00576	0.00913	0.01001	0.01388	0.02157	0.39143	0.02422	0.01157	0.00563	0.00171	0.00348	0.22211	0.00405	0.23307
2	0.01185	0.01193	0.02206	0.02725	0.59222	0.01171	0.22020	0.01505	0.01114	0.01575	0.00930	0.01228	0.00759	0.00426	0.00504	0.00149	0.00640	0.00469	0.00241	0.00737
3	0.01632	0.02041	0.01771	0.01461	0.01775	0.59661	0.21616	0.01833	0.01312	0.01284	0.00811	0.00990	0.00654	0.00475	0.00473	0.00135	0.00859	0.00382	0.00248	0.00586
4	0.01199	0.01151	0.01967	0.02974	0.79946	0.01151	0.01487	0.01487	0.01103	0.01583	0.00912	0.01199	0.00768	0.00432	0.00480	0.00144	0.00576	0.00432	0.00240	0.00768
5	0.01370	0.01475	0.01801	0.02492	0.58027	0.23469	0.01333	0.01612	0.01179	0.01472	0.00866	0.01108	0.00728	0.00451	0.00468	0.00139	0.00659	0.00398	0.00243	0.00710
6	0.62571	0.00979	0.01031	0.06246	0.18197	0.01100	0.00785	0.01426	0.00894	0.01987	0.00738	0.00908	0.00585	0.00448	0.00350	0.00149	0.00435	0.00310	0.00282	0.00578

[dist]
# distance from previous block
# <min> <max>
0	1

[block]
# block no. 2 follows, 52 sequences, length 23
# corresponding to MSA columns:
# 72-94
name=unknown_C
#
# <colnr> <probs for GDERKNQSTAVLIFYWHMCP>
#	G	D	E	R	K	N	Q	S	T	A	V	L	I	F	Y	W	H	M	C	P
0	0.19242	0.01041	0.01268	0.01363	0.20242	0.05719	0.00883	0.04485	0.03896	0.35154	0.01322	0.01306	0.00919	0.00524	0.00444	0.00147	0.00475	0.00417	0.00423	0.00731
1	0.01428	0.01299	0.01834	0.02314	0.49294	0.12848	0.07964	0.03848	0.01217	0.11730	0.01030	0.01218	0.00801	0.00466	0.00483	0.00144	0.00618	0.00434	0.00295	0.00736
2	0.04235	0.00917	0.01488	0.01149	0.01462	0.02138	0.24087	0.03000	0.07119	0.19684	0.26885	0.02148	0.02139	0.00666	0.00533	0.00155	0.00481	0.00633	0.00445	0.00634
3	0.01168	0.01324	0.02700	0.02040	0.07084	0.04086	0.67850	0.01547	0.01134	0.01526	0.00955	0.01276	0.00729	0.00430	0.00601	0.00163	0.03943	0.00549	0.00244	0.00652
4	0.01162	0.01189	0.05704	0.17098	0.55843	0.02688	0.05011	0.01470	0.01087	0.02802	0.00917	0.01214	0.00741	0.00446	0.00483	0.00148	0.00610	0.00433	0.00240	0.00715
5	0.00848	0.00811	0.04047	0.01090	0.01293	0.00780	0.22088	0.01095	0.03603	0.01239	0.01281	0.02047	0.01217	0.23962	0.31901	0.00482	0.00889	0.00579	0.00271	0.00478
6	0.00613	0.00492	0.00547	0.00533	0.00679	0.00426	0.00400	0.00774	0.01200	0.01535	0.31581	0.04291	0.52937	0.01143	0.00572	0.00160	0.00239	0.00971	0.00480	0.00426
7	0.04317	0.01276	0.06331	0.01920	0.22870	0.04949	0.29586	0.03510	0.01186	0.15437	0.01093	0.01274	0.00806	0.00473	0.00535	0.00154	0.02785	0.00478	0.00311	0.00710
8	0.01323	0.01328	0.04765	0.06128	0.01969	0.10268	0.32670	0.09430	0.06700	0.07332	0.01158	0.01502	0.00913	0.00562	0.00618	0.00163	0.07487	0.04713	0.00318	0.00655
9	0.00658	0.00481	0.00623	0.00652	0.00745	0.00446	0.00486	0.00833	0.01182	0.01610	0.39943	0.27345	0.11456	0.01213	0.00598	0.00175	0.00273	0.10359	0.00490	0.00432
10	0.01256	0.01209	0.03747	0.04212	0.13879	0.04415	0.26689	0.05165	0.19810	0.06461	0.04058	0.01473	0.01073	0.00536	0.00558	0.00159	0.03741	0.00519	0.00343	0.00698
11	0.01468	0.01238	0.01825	0.01534	0.08594	0.09061	0.24625	0.07031	0.08492	0.17790	0.01200	0.01328	0.00884	0.00555	0.00662	0.00161	0.12021	0.00484	0.00353	0.00695
12	0.04183	0.01364	0.02243	0.01660	0.02085	0.09160	0.47921	0.15203	0.03321	0.04842	0.01070	0.01325	0.00808	0.00481	0.00531	0.00157	0.00724	0.01934	0.00313	0.00676
13	0.01039	0.00701	0.03369	0.00767	0.00976	0.00621	0.03293	0.03927	0.04920	0.16149	0.41013	0.05792	0.08813	0.02783	0.00595	0.00165	0.00333	0.03684	0.00504	0.00556
14	0.01287	0.06668	0.01978	0.02196	0.42675	0.01187	0.15217	0.05425	0.07217	0.07533	0.03140	0.01333	0.00942	0.00478	0.00489	0.00147	0.00577	0.00471	0.00305	0.00736
15	0.06106	0.01008	0.01211	0.00975	0.01257	0.06751	0.07698	0.11931	0.04011	0.11616	0.05449	0.01628	0.01175	0.07961	0.06920	0.00217	0.05757	0.01890	0.00365	0.16074
16	0.43531	0.03047	0.01176	0.03165	0.11902	0.08176	0.03943	0.07670	0.01098	0.07824	0.00910	0.01071	0.00704	0.00488	0.00388	0.00147	0.00488	0.01490	0.02169	0.00612
17	0.37041	0.01097	0.01240	0.01209	0.12171	0.08266	0.09495	0.03030	0.02670	0.03245	0.00972	0.06844	0.00842	0.00524	0.00408	0.00144	0.00494	0.00422	0.00304	0.09585
18	0.06384	0.14580	0.04511	0.02625	0.10429	0.06499	0.16297	0.05411	0.16519	0.05700	0.02690	0.01380	0.00987	0.00528	0.00481	0.00148	0.01727	0.02097	0.00328	0.00677
19	0.03712	0.01175	0.04003	0.01196	0.10729	0.08696	0.00880	0.13656	0.03303	0.23972	0.01212	0.01240	0.00874	0.00521	0.00502	0.00133	0.04501	0.00402	0.00396	0.18898
20	0.02276	0.09407	0.15497	0.01398	0.16277	0.07453	0.01091	0.08677	0.03965	0.10002	0.01128	0.01402	0.00909	0.00655	0.03587	0.00165	0.02167	0.04570	0.00318	0.09057
21	0.01273	0.03016	0.21421	0.11941	0.23566	0.03078	0.08937	0.03181	0.01140	0.14131	0.01100	0.03174	0.00833	0.00501	0.00485	0.00151	0.00616	0.00452	0.00296	0.00708
22	0.01156	0.02859	0.07251	0.09242	0.30549	0.01039	0.13611	0.01519	0.05694	0.07646	0.03183	0.07070	0.01115	0.00565	0.00502	0.00153	0.00566	0.01999	0.00306	0.03975

[dist]
# distance from previous block
# <min> <max>
5	16

[block]
# block no. 3 follows, 52 sequences, length 7
# corresponding to MSA columns:
# 111-117
name=unknown_D
#
# <colnr> <probs for GDERKNQSTAVLIFYWHMCP>
#	G	D	E	R	K	N	Q	S	T	A	V	L	I	F	Y	W	H	M	C	P
0	0.01157	0.10008	0.26679	0.04593	0.27262	0.01120	0.04384	0.01500	0.01076	0.08157	0.01122	0.06391	0.00952	0.00551	0.00475	0.00150	0.00590	0.02864	0.00275	0.00695
1	0.01259	0.13432	0.17375	0.01689	0.27029	0.01107	0.05258	0.01550	0.01100	0.14473	0.01231	0.10171	0.01054	0.00581	0.00472	0.00148	0.00548	0.00513	0.00311	0.00698
2	0.07019	0.05337	0.08184	0.03767	0.23977	0.00994	0.04905	0.01864	0.01195	0.35959	0.01320	0.01341	0.00915	0.00508	0.00466	0.00147	0.00514	0.00437	0.00396	0.00753
3	0.01260	0.07570	0.26965	0.08023	0.25062	0.01159	0.06214	0.05028	0.01149	0.11498	0.01019	0.01181	0.00753	0.00470	0.00469	0.00147	0.00614	0.00411	0.00281	0.00725
4	0.00984	0.03299	0.11279	0.13050	0.25831	0.00932	0.06651	0.01257	0.01035	0.03531	0.01456	0.21450	0.03266	0.00732	0.00513	0.00160	0.00527	0.00674	0.00300	0.03074
5	0.01190	0.12415	0.26674	0.12200	0.17521	0.01211	0.05868	0.06567	0.01138	0.06839	0.00999	0.03489	0.00785	0.00497	0.00462	0.00147	0.00614	0.00425	0.00268	0.00692
6	0.01132	0.11277	0.47225	0.01180	0.01724	0.01108	0.03302	0.01613	0.05977	0.10303	0.04954	0.03679	0.01067	0.00563	0.00467	0.00152	0.00597	0.02693	0.00298	0.00689

[dist]
# distance from previous block
# <min> <max>
0	1

[block]
# block no. 4 follows, 52 sequences, length 7
# corresponding to MSA columns:
# 119-125
name=unknown_E
#
# <colnr> <probs for GDERKNQSTAVLIFYWHMCP>
#	G	D	E	R	K	N	Q	S	T	A	V	L	I	F	Y	W	H	M	C	P
0	0.09007	0.14462	0.03441	0.04393	0.01397	0.23233	0.02392	0.05382	0.01248	0.22153	0.01217	0.06049	0.00974	0.00585	0.00441	0.00140	0.00578	0.01903	0.00363	0.00642
1	0.01239	0.11495	0.19036	0.01227	0.10263	0.07966	0.01044	0.05061	0.02651	0.11131	0.01358	0.12774	0.01234	0.00677	0.00476	0.00148	0.00537	0.05228	0.00334	0.06121
2	0.00594	0.00438	0.00556	0.00640	0.00696	0.00401	0.00437	0.00695	0.00988	0.01299	0.08451	0.64197	0.15967	0.01433	0.00608	0.00188	0.00272	0.01284	0.00456	0.00401
3	0.00871	0.00757	0.00664	0.00652	0.00693	0.13164	0.00405	0.00897	0.00825	0.00998	0.01480	0.08085	0.01678	0.64561	0.02024	0.00397	0.00521	0.00687	0.00297	0.00343
4	0.06535	0.01114	0.01685	0.09583	0.50784	0.04464	0.03259	0.06340	0.01146	0.01636	0.01056	0.08244	0.00950	0.00544	0.00482	0.00150	0.00560	0.00502	0.00276	0.00691
5	0.00904	0.00767	0.00887	0.00670	0.01028	0.00589	0.00529	0.01105	0.01053	0.01564	0.08262	0.01852	0.14538	0.00561	0.00413	0.00094	0.00328	0.00463	0.00336	0.64057
6	0.01194	0.00690	0.00953	0.00800	0.01032	0.00641	0.05433	0.01508	0.08076	0.25339	0.36342	0.05119	0.09134	0.00843	0.00541	0.00156	0.00337	0.00739	0.00522	0.00601

[dist]
# distance from previous block
# <min> <max>
0	2

[block]
# block no. 5 follows, 52 sequences, length 53
# corresponding to MSA columns:
# 128-180
name=unknown_F
#
# <colnr> <probs for GDERKNQSTAVLIFYWHMCP>
#	G	D	E	R	K	N	Q	S	T	A	V	L	I	F	Y	W	H	M	C	P
0	0.01163	0.04911	0.03976	0.01194	0.01527	0.00926	0.25044	0.03500	0.08291	0.13163	0.10140	0.05616	0.09098	0.00725	0.00539	0.00161	0.00515	0.06694	0.00398	0.02418
1	0.01118	0.01202	0.02300	0.01649	0.02117	0.02749	0.54470	0.01466	0.01109	0.01552	0.00942	0.01212	0.00728	0.00396	0.00508	0.00137	0.00688	0.00485	0.00257	0.24915
2	0.01186	0.01137	0.01942	0.06756	0.76272	0.01148	0.01480	0.01475	0.01097	0.01567	0.00909	0.01204	0.00762	0.00434	0.00480	0.00145	0.00579	0.00432	0.00239	0.00757
3	0.00708	0.00495	0.00620	0.00596	0.00718	0.00451	0.00444	0.00907	0.01280	0.03799	0.56441	0.09958	0.16184	0.01043	0.00564	0.00156	0.00240	0.00912	0.04030	0.00454
4	0.05963	0.02671	0.05507	0.04741	0.01378	0.00917	0.00769	0.16202	0.01300	0.14757	0.01078	0.01139	0.00796	0.00459	0.00411	0.00112	0.00438	0.00357	0.00367	0.40635
5	0.01066	0.04078	0.01211	0.05383	0.27193	0.00809	0.00828	0.01226	0.01000	0.10292	0.07903	0.03887	0.01534	0.30176	0.01199	0.00263	0.00485	0.00587	0.00327	0.00553
6	0.77906	0.06664	0.03280	0.00673	0.00994	0.01146	0.00585	0.01430	0.00842	0.02083	0.00681	0.00794	0.00534	0.00448	0.00306	0.00147	0.00395	0.00265	0.00291	0.00537
7	0.00998	0.00597	0.00765	0.00681	0.00857	0.00559	0.00525	0.01301	0.07162	0.16490	0.57385	0.03147	0.05781	0.00900	0.00550	0.00153	0.00275	0.00784	0.00540	0.00547
8	0.01296	0.83261	0.02539	0.00829	0.01244	0.01917	0.00829	0.01451	0.00985	0.01140	0.00674	0.00777	0.00622	0.00415	0.00311	0.00104	0.00518	0.00259	0.00207	0.00622
9	0.01005	0.00861	0.01005	0.00718	0.01148	0.00646	0.00574	0.01220	0.01005	0.01579	0.00861	0.01005	0.00718	0.00359	0.00359	0.00072	0.00359	0.00287	0.00287	0.85932
10	0.01199	0.01151	0.01967	0.02974	0.79946	0.01151	0.01487	0.01487	0.01103	0.01583	0.00912	0.01199	0.00768	0.00432	0.00480	0.00144	0.00576	0.00432	0.00240	0.00768
11	0.01651	0.01262	0.01347	0.01076	0.01430	0.01414	0.00875	0.55595	0.25325	0.02746	0.01406	0.01357	0.01021	0.00604	0.00487	0.00151	0.00488	0.00470	0.00487	0.00807
12	0.00664	0.00496	0.00618	0.00600	0.00722	0.00450	0.00454	0.00866	0.01291	0.01766	0.58031	0.05968	0.20512	0.01072	0.00578	0.00159	0.00244	0.04557	0.00509	0.00445
13	0.00665	0.00488	0.00628	0.00667	0.00744	0.00467	0.00472	0.00883	0.05740	0.01567	0.33478	0.46203	0.03650	0.01256	0.00592	0.00177	0.00266	0.01128	0.00486	0.00441
14	0.00903	0.00452	0.00452	0.00452	0.00565	0.00452	0.00339	0.01129	0.01016	0.01807	0.01581	0.01807	0.01242	0.00565	0.00339	0.00113	0.00226	0.00452	0.85659	0.00452
15	0.01438	0.01046	0.14131	0.00986	0.01350	0.00747	0.08030	0.01698	0.01235	0.37417	0.09265	0.08511	0.08693	0.00743	0.00521	0.00159	0.00458	0.02430	0.00467	0.00676
16	0.00708	0.00486	0.00571	0.00571	0.00578	0.00502	0.00341	0.00726	0.00721	0.00971	0.01544	0.06848	0.01767	0.71934	0.07224	0.00469	0.02710	0.00718	0.00297	0.00313
17	0.00710	0.00480	0.00600	0.00600	0.00623	0.00503	0.00383	0.00742	0.00720	0.00982	0.01426	0.02738	0.01563	0.57363	0.23021	0.05617	0.00684	0.00639	0.00280	0.00325
18	0.01188	0.01140	0.01946	0.06136	0.76873	0.01148	0.01482	0.01477	0.01098	0.01569	0.00910	0.01203	0.00763	0.00434	0.00480	0.00145	0.00579	0.00432	0.00239	0.00758
19	0.01329	0.01161	0.02107	0.01785	0.13492	0.04136	0.39668	0.02968	0.01190	0.15489	0.03557	0.05294	0.01049	0.00541	0.00580	0.00160	0.03923	0.00566	0.00329	0.00677
20	0.83000	0.00992	0.00739	0.00662	0.00960	0.04293	0.00541	0.01445	0.00847	0.02135	0.00678	0.00791	0.00529	0.00452	0.00305	0.00149	0.00395	0.00264	0.00298	0.00526
21	0.01175	0.01259	0.01659	0.06130	0.01728	0.17379	0.24443	0.03374	0.08230	0.01449	0.01404	0.11040	0.03373	0.00721	0.00645	0.00168	0.08848	0.06085	0.00313	0.00578
22	0.00903	0.00452	0.00452	0.00452	0.00565	0.00452	0.00339	0.01129	0.01016	0.01807	0.01581	0.01807	0.01242	0.00565	0.00339	0.00113	0.00226	0.00452	0.85659	0.00452
23	0.02870	0.07766	0.18393	0.01230	0.03769	0.05062	0.08078	0.08061	0.22986	0.07428	0.02928	0.01357	0.01016	0.00566	0.00550	0.00155	0.06274	0.00452	0.00353	0.00706
24	0.01199	0.01151	0.01967	0.02974	0.79946	0.01151	0.01487	0.01487	0.01103	0.01583	0.00912	0.01199	0.00768	0.00432	0.00480	0.00144	0.00576	0.00432	0.00240	0.00768
25	0.86392	0.00937	0.00712	0.00637	0.00937	0.01087	0.00525	0.01425	0.00825	0.02174	0.00675	0.00787	0.00525	0.00450	0.00300	0.00150	0.00375	0.00262	0.00300	0.00525
26	0.01252	0.32856	0.06644	0.07911	0.10153	0.07891	0.00942	0.03144	0.06873	0.05119	0.00996	0.01276	0.00859	0.09171	0.00618	0.00163	0.00552	0.00387	0.00272	0.02920
27	0.01174	0.01125	0.01920	0.10154	0.72969	0.01145	0.01474	0.01465	0.01091	0.01552	0.00907	0.01208	0.00757	0.00437	0.00480	0.00146	0.00582	0.00432	0.00238	0.00747
28	0.00903	0.00452	0.00452	0.00452	0.00565	0.00452	0.00339	0.01129	0.01016	0.01807	0.01581	0.01807	0.01242	0.00565	0.00339	0.00113	0.00226	0.00452	0.85659	0.00452
29	0.01199	0.01151	0.01967	0.02974	0.79946	0.01151	0.01487	0.01487	0.01103	0.01583	0.00912	0.01199	0.00768	0.00432	0.00480	0.00144	0.00576	0.00432	0.00240	0.00768
30	0.00704	0.00473	0.00543	0.00543	0.00549	0.00478	0.00312	0.00714	0.00709	0.00951	0.01513	0.03096	0.01729	0.78264	0.07127	0.00488	0.00519	0.00694	0.00292	0.00302
31	0.06856	0.01332	0.01410	0.01087	0.01469	0.01478	0.00898	0.73770	0.02192	0.03002	0.01134	0.01141	0.00806	0.00574	0.00474	0.00146	0.00524	0.00426	0.00474	0.00806
32	0.01060	0.01060	0.01484	0.01272	0.01272	0.01484	0.01060	0.01166	0.00742	0.01166	0.00636	0.01060	0.00636	0.00848	0.01590	0.00212	0.82082	0.00424	0.00212	0.00530
33	0.01342	0.76184	0.02443	0.00858	0.01266	0.04062	0.00838	0.06024	0.01072	0.01255	0.00705	0.00803	0.00634	0.00427	0.00325	0.00107	0.00529	0.00271	0.00225	0.00632
34	0.00705	0.00578	0.00672	0.03203	0.00867	0.05218	0.00527	0.00816	0.00979	0.01280	0.04513	0.65643	0.02862	0.01343	0.00591	0.00185	0.00337	0.04306	0.00424	0.04951
35	0.01687	0.07673	0.06243	0.01120	0.01466	0.29582	0.00936	0.25173	0.11234	0.08533	0.01126	0.01145	0.00839	0.00544	0.00455	0.00138	0.00635	0.00393	0.00375	0.00703
36	0.00788	0.02828	0.00811	0.00779	0.04690	0.00549	0.02935	0.00969	0.01194	0.06252	0.33784	0.17746	0.21545	0.01063	0.00565	0.00163	0.00300	0.02089	0.00469	0.00482
37	0.14833	0.05399	0.55214	0.01316	0.01926	0.01163	0.10566	0.01516	0.01004	0.01624	0.00843	0.01008	0.00614	0.00451	0.00441	0.00152	0.00665	0.00364	0.00225	0.00674
38	0.05286	0.00939	0.01482	0.70888	0.03110	0.03963	0.05053	0.01288	0.00985	0.01299	0.00854	0.01252	0.00643	0.00480	0.00478	0.00160	0.00649	0.00425	0.00222	0.00544
39	0.01179	0.01131	0.01930	0.08618	0.74462	0.01146	0.01477	0.01469	0.01094	0.01558	0.00908	0.01206	0.00759	0.00436	0.00480	0.00145	0.00581	0.00432	0.00238	0.00751
40	0.16528	0.00896	0.00989	0.00841	0.01115	0.00956	0.02027	0.14359	0.17642	0.14557	0.11902	0.01902	0.01596	0.00663	0.00463	0.00153	0.00387	0.04156	0.08213	0.00655
41	0.01146	0.02111	0.58856	0.01299	0.01919	0.03242	0.05205	0.01643	0.02759	0.10850	0.02456	0.01170	0.00784	0.00485	0.00467	0.00150	0.00659	0.00393	0.00270	0.04136
42	0.01199	0.01151	0.01967	0.02974	0.79946	0.01151	0.01487	0.01487	0.01103	0.01583	0.00912	0.01199	0.00768	0.00432	0.00480	0.00144	0.00576	0.00432	0.00240	0.00768
43	0.00950	0.00891	0.01451	0.37986	0.30079	0.00973	0.01209	0.01221	0.01038	0.01373	0.01604	0.04013	0.13971	0.00618	0.00501	0.00157	0.00544	0.00555	0.00270	0.00594
44	0.05135	0.30613	0.01798	0.01012	0.01387	0.12766	0.00874	0.37108	0.01631	0.02075	0.00911	0.00970	0.00712	0.00505	0.00409	0.00128	0.00569	0.00349	0.00346	0.00703
45	0.00610	0.00454	0.00570	0.00634	0.00708	0.00414	0.00447	0.00731	0.01044	0.01374	0.15544	0.50476	0.19484	0.01365	0.00603	0.00184	0.00272	0.04215	0.00463	0.00409
46	0.00732	0.00536	0.00795	0.00785	0.00874	0.00623	0.00610	0.00900	0.00790	0.02817	0.01303	0.01908	0.01211	0.05206	0.76057	0.00747	0.02878	0.00521	0.00267	0.00440
47	0.03181	0.02431	0.06619	0.00976	0.01268	0.00942	0.09229	0.12322	0.17637	0.05092	0.20965	0.02278	0.09353	0.00820	0.02981	0.00174	0.00452	0.00630	0.02022	0.00627
48	0.01282	0.79926	0.05757	0.00852	0.01279	0.01885	0.00869	0.01455	0.00986	0.01156	0.00682	0.00788	0.00622	0.00416	0.00317	0.00106	0.00526	0.00263	0.00207	0.00626
49	0.05283	0.02755	0.02206	0.03677	0.09688	0.02137	0.05316	0.17743	0.14566	0.09955	0.05926	0.02077	0.04803	0.00687	0.00505	0.00158	0.00476	0.09112	0.00422	0.02509
50	0.00938	0.04271	0.01511	0.76538	0.05120	0.01113	0.01328	0.01253	0.00973	0.01243	0.00855	0.01268	0.00648	0.00480	0.00477	0.00159	0.00639	0.00424	0.00216	0.00547
51	0.03939	0.47620	0.16663	0.01063	0.04685	0.01577	0.02434	0.07311	0.02962	0.06448	0.00871	0.00959	0.00698	0.00455	0.00378	0.00125	0.00549	0.00325	0.00264	0.00674
52	0.02609	0.09499	0.41175	0.01222	0.04808	0.03754	0.02508	0.01524	0.04280	0.08078	0.02391	0.10167	0.01115	0.00631	0.00491	0.00155	0.01810	0.02828	0.00294	0.00661

[dist]
# distance from previous block
# <min> <max>
1	12

[block]
# block no. 6 follows, 52 sequences, length 19
# corresponding to MSA columns:
# 195-213
name=unknown_G
#
# <colnr> <probs for GDERKNQSTAVLIFYWHMCP>
#	G	D	E	R	K	N	Q	S	T	A	V	L	I	F	Y	W	H	M	C	P
0	0.04931	0.04735	0.01153	0.00974	0.01251	0.09206	0.00762	0.02319	0.59979	0.01875	0.01723	0.03838	0.01340	0.00637	0.00471	0.00155	0.00435	0.00514	0.00440	0.03264
1	0.00894	0.00691	0.00826	0.00868	0.01017	0.03602	0.00735	0.08908	0.01237	0.01579	0.02671	0.07196	0.12793	0.01221	0.00627	0.00203	0.00439	0.53565	0.00444	0.00483
2	0.01264	0.36945	0.31323	0.01063	0.01570	0.03820	0.01175	0.01665	0.06976	0.08596	0.00961	0.01030	0.00737	0.00470	0.00400	0.00132	0.00583	0.00340	0.00265	0.00685
3	0.01435	0.31133	0.14498	0.01221	0.05927	0.29600	0.02409	0.04457	0.02743	0.01339	0.00794	0.00918	0.00656	0.00464	0.00403	0.00125	0.00682	0.00321	0.00240	0.00635
4	0.00842	0.00421	0.00631	0.00631	0.00631	0.00421	0.00421	0.00631	0.00631	0.00842	0.00842	0.01473	0.00842	0.01684	0.01894	0.85901	0.00421	0.00421	0.00210	0.00210
5	0.01320	0.79589	0.02491	0.00842	0.01255	0.01899	0.00833	0.04898	0.01043	0.01226	0.00696	0.00795	0.00631	0.00422	0.00319	0.00106	0.00519	0.00267	0.00220	0.00631
6	0.01026	0.12134	0.42335	0.01427	0.01987	0.01189	0.22593	0.01455	0.01049	0.01466	0.01101	0.05798	0.03218	0.00524	0.00485	0.00153	0.00680	0.00483	0.00237	0.00659
7	0.01299	0.05388	0.43490	0.01421	0.11901	0.03521	0.01392	0.04447	0.01149	0.16963	0.01099	0.01228	0.00794	0.03174	0.00527	0.00159	0.00620	0.00401	0.00301	0.00725
8	0.01201	0.01124	0.01748	0.02475	0.60165	0.01165	0.01306	0.01761	0.20704	0.01695	0.01178	0.01352	0.00947	0.00489	0.00483	0.00149	0.00527	0.00461	0.00304	0.00767
9	0.00590	0.00422	0.00562	0.00675	0.00703	0.00394	0.00450	0.00675	0.00928	0.01237	0.02671	0.82653	0.03205	0.01518	0.00619	0.00197	0.00281	0.01378	0.00450	0.00394
10	0.01150	0.01767	0.36039	0.17610	0.13332	0.07618	0.04550	0.04304	0.01121	0.05039	0.00958	0.01219	0.00723	0.00490	0.00477	0.00153	0.00674	0.01852	0.00250	0.00677
11	0.01262	0.06854	0.36743	0.01621	0.17603	0.02473	0.04925	0.14523	0.02826	0.05187	0.00986	0.01120	0.00729	0.00480	0.00466	0.00147	0.00632	0.00398	0.00284	0.00739
12	0.00882	0.00539	0.00710	0.00643	0.00791	0.00491	0.00491	0.01105	0.01374	0.12247	0.69461	0.03361	0.04129	0.00939	0.00560	0.00152	0.00253	0.00825	0.00542	0.00506
13	0.00769	0.00517	0.00654	0.00607	0.00747	0.00467	0.00460	0.00977	0.01327	0.07217	0.61658	0.03662	0.17098	0.01004	0.00566	0.00154	0.00244	0.00875	0.00524	0.00474
14	0.01237	0.08871	0.19745	0.03729	0.05813	0.11208	0.03481	0.05324	0.03490	0.11009	0.01427	0.18148	0.01322	0.00727	0.00492	0.00155	0.00560	0.02290	0.00341	0.00630
15	0.01417	0.01318	0.06300	0.02119	0.39746	0.01285	0.08330	0.29610	0.01532	0.02116	0.01008	0.01186	0.00777	0.00486	0.00489	0.00147	0.00590	0.00442	0.00328	0.00775
16	0.01199	0.01151	0.01967	0.02974	0.79946	0.01151	0.01487	0.01487	0.01103	0.01583	0.00912	0.01199	0.00768	0.00432	0.00480	0.00144	0.00576	0.00432	0.00240	0.00768
17	0.01174	0.01106	0.01560	0.03755	0.14455	0.01420	0.01122	0.10525	0.00994	0.01465	0.00752	0.01102	0.00681	0.00737	0.01242	0.00191	0.56437	0.00427	0.00250	0.00605
18	0.52115	0.01029	0.01015	0.00934	0.05584	0.04189	0.03735	0.06066	0.06886	0.11230	0.01011	0.01127	0.00763	0.00508	0.00381	0.00151	0.00439	0.01870	0.00355	0.00614

[dist]
# distance from previous block
# <min> <max>
2	7

[block]
# block no. 7 follows, 52 sequences, length 28
# corresponding to MSA columns:
# 221-228,230-249
name=unknown_H
#
# <colnr> <probs for GDERKNQSTAVLIFYWHMCP>
#	G	D	E	R	K	N	Q	S	T	A	V	L	I	F	Y	W	H	M	C	P
0	0.01180	0.01063	0.01214	0.01226	0.14581	0.06446	0.00818	0.03284	0.26275	0.03241	0.01405	0.01446	0.04053	0.00520	0.00441	0.00124	0.00439	0.00433	0.00359	0.31450
1	0.01142	0.01096	0.04163	0.03511	0.29890	0.01057	0.03718	0.01781	0.26450	0.01716	0.01246	0.01354	0.00979	0.00490	0.00460	0.00136	0.00480	0.00440	0.00331	0.19557
2	0.01229	0.01053	0.01109	0.00991	0.01269	0.01216	0.00773	0.05383	0.76224	0.02065	0.01942	0.01784	0.01455	0.00655	0.00493	0.00164	0.00389	0.00544	0.00493	0.00769
3	0.01232	0.44936	0.17264	0.01198	0.04278	0.01552	0.12455	0.01586	0.06027	0.04023	0.00889	0.01012	0.00716	0.00445	0.00401	0.00129	0.00590	0.00356	0.00245	0.00666
4	0.00730	0.00657	0.00862	0.01115	0.20579	0.00596	0.00649	0.00894	0.01104	0.01378	0.03905	0.03793	0.59903	0.01027	0.00549	0.00159	0.00328	0.00874	0.00397	0.00499
5	0.00668	0.00495	0.00622	0.00590	0.00713	0.00449	0.00443	0.00879	0.01329	0.01841	0.67616	0.03788	0.16711	0.01029	0.00572	0.00154	0.00231	0.00900	0.00520	0.00449
6	0.00903	0.00452	0.00452	0.00452	0.00565	0.00452	0.00339	0.01129	0.01016	0.01807	0.01581	0.01807	0.01242	0.00565	0.00339	0.00113	0.00226	0.00452	0.85659	0.00452
7	0.01183	0.01135	0.01938	0.07409	0.75637	0.01147	0.01479	0.01473	0.01096	0.01564	0.00909	0.01205	0.00761	0.00435	0.00480	0.00145	0.00580	0.00432	0.00238	0.00755
8	0.00751	0.00578	0.00779	0.00748	0.00786	0.00678	0.00544	0.00843	0.00743	0.01055	0.01296	0.02303	0.01354	0.35926	0.37038	0.00569	0.12773	0.00582	0.00267	0.00390
9	0.00705	0.00470	0.00529	0.00529	0.00529	0.00470	0.00294	0.00705	0.00705	0.00940	0.01527	0.03171	0.01762	0.82969	0.02467	0.00470	0.00470	0.00705	0.00294	0.00294
10	0.00592	0.00448	0.00547	0.00615	0.00690	0.00403	0.00426	0.00699	0.01014	0.01312	0.09150	0.53355	0.26213	0.01391	0.00601	0.00184	0.00267	0.01234	0.00456	0.00403
11	0.01101	0.27249	0.43168	0.01323	0.01908	0.01387	0.14508	0.01512	0.01032	0.01416	0.00828	0.00996	0.00637	0.00437	0.00433	0.00140	0.00672	0.00364	0.00212	0.00676
12	0.02161	0.00845	0.01137	0.00872	0.01247	0.00743	0.00720	0.05294	0.01421	0.77301	0.01883	0.01631	0.01185	0.00599	0.00487	0.00150	0.00417	0.00485	0.00595	0.00825
13	0.00625	0.00488	0.00566	0.00556	0.00689	0.00430	0.00413	0.00792	0.01212	0.01588	0.38220	0.09362	0.41044	0.01141	0.00575	0.00161	0.00240	0.00981	0.00487	0.00430
14	0.00985	0.05649	0.77426	0.01360	0.02064	0.01156	0.01753	0.01531	0.01022	0.01519	0.00862	0.01014	0.00614	0.00459	0.00455	0.00152	0.00708	0.00354	0.00205	0.00713
15	0.01368	0.11083	0.12203	0.03800	0.20756	0.27007	0.03793	0.01765	0.10892	0.01443	0.00960	0.01105	0.00769	0.00484	0.00449	0.00138	0.00670	0.00383	0.00266	0.00668
16	0.20338	0.01392	0.04057	0.04466	0.13276	0.20531	0.06951	0.11545	0.01238	0.01772	0.00953	0.01261	0.00792	0.03566	0.00512	0.00157	0.00605	0.02858	0.03118	0.00613
17	0.01149	0.01124	0.02002	0.02679	0.63113	0.01110	0.12691	0.01441	0.01097	0.01555	0.01043	0.06821	0.00931	0.00503	0.00503	0.00150	0.00591	0.00517	0.00255	0.00725
18	0.00693	0.00518	0.00771	0.00771	0.00855	0.00601	0.00596	0.00860	0.00776	0.01119	0.01305	0.01945	0.01229	0.06188	0.78519	0.00769	0.01271	0.00525	0.00261	0.00428
19	0.86392	0.00937	0.00712	0.00637	0.00937	0.01087	0.00525	0.01425	0.00825	0.02174	0.00675	0.00787	0.00525	0.00450	0.00300	0.00150	0.00375	0.00262	0.00300	0.00525
20	0.00842	0.00421	0.00631	0.00631	0.00631	0.00421	0.00421	0.00631	0.00631	0.00842	0.00842	0.01473	0.00842	0.01684	0.01894	0.85901	0.00421	0.00421	0.00210	0.00210
21	0.00705	0.00470	0.00529	0.00529	0.00529	0.00470	0.00294	0.00705	0.00705	0.00940	0.01527	0.03171	0.01762	0.82969	0.02467	0.00470	0.00470	0.00705	0.00294	0.00294
22	0.00842	0.00421	0.00631	0.00631	0.00631	0.00421	0.00421	0.00631	0.00631	0.00842	0.00842	0.01473	0.00842	0.01684	0.01894	0.85901	0.00421	0.00421	0.00210	0.00210
23	0.01110	0.01386	0.23570	0.01073	0.03224	0.05326	0.04101	0.13419	0.05165	0.04680	0.23719	0.02118	0.07636	0.00700	0.00510	0.00152	0.00497	0.00588	0.00393	0.00633
24	0.00903	0.00452	0.00452	0.00452	0.00565	0.00452	0.00339	0.01129	0.01016	0.01807	0.01581	0.01807	0.01242	0.00565	0.00339	0.00113	0.00226	0.00452	0.85659	0.00452
25	0.01005	0.00861	0.01005	0.00718	0.01148	0.00646	0.00574	0.01220	0.01005	0.01579	0.00861	0.01005	0.00718	0.00359	0.00359	0.00072	0.00359	0.00287	0.00287	0.85932
26	0.14307	0.02052	0.01280	0.01150	0.01416	0.64641	0.00875	0.06254	0.01344	0.01439	0.00762	0.00878	0.00621	0.00497	0.00419	0.00130	0.00781	0.00312	0.00271	0.00571
27	0.86392	0.00937	0.00712	0.00637	0.00937	0.01087	0.00525	0.01425	0.00825	0.02174	0.00675	0.00787	0.00525	0.00450	0.00300	0.00150	0.00375	0.00262	0.00300	0.00525

[dist]
# distance from previous block
# <min> <max>
0	1

[block]
# block no. 8 follows, 52 sequences, length 23
# corresponding to MSA columns:
# 251-273
name=unknown_I
#
# <colnr> <probs for GDERKNQSTAVLIFYWHMCP>
#	G	D	E	R	K	N	Q	S	T	A	V	L	I	F	Y	W	H	M	C	P
0	0.03198	0.39652	0.20201	0.01286	0.12185	0.06248	0.01139	0.03609	0.05752	0.01422	0.00847	0.00970	0.00695	0.00452	0.00391	0.00128	0.00582	0.00331	0.00240	0.00672
1	0.04631	0.09222	0.07070	0.02000	0.40571	0.11913	0.01210	0.04066	0.07269	0.02949	0.01078	0.01280	0.02625	0.00498	0.00456	0.00142	0.00583	0.01455	0.00280	0.00703
2	0.00903	0.00452	0.00452	0.00452	0.00565	0.00452	0.00339	0.01129	0.01016	0.01807	0.01581	0.01807	0.01242	0.00565	0.00339	0.00113	0.00226	0.00452	0.85659	0.00452
3	0.00857	0.00742	0.01084	0.01275	0.16245	0.00778	0.02706	0.01057	0.01060	0.01405	0.02521	0.03744	0.20978	0.01047	0.00732	0.00190	0.11560	0.31130	0.00371	0.00516
4	0.00692	0.00519	0.00779	0.00779	0.00865	0.00606	0.00606	0.00865	0.00779	0.01125	0.01298	0.01904	0.01211	0.03634	0.81049	0.00779	0.01298	0.00519	0.00260	0.00433
5	0.00992	0.00955	0.01666	0.59305	0.19409	0.01103	0.07061	0.01314	0.01010	0.01334	0.00881	0.01274	0.00678	0.00468	0.00490	0.00158	0.00644	0.00441	0.00223	0.00595
6	0.01060	0.01060	0.01484	0.01272	0.01272	0.01484	0.01060	0.01166	0.00742	0.01166	0.00636	0.01060	0.00636	0.00848	0.01590	0.00212	0.82082	0.00424	0.00212	0.00530
7	0.01965	0.00920	0.01218	0.02752	0.07118	0.00869	0.00800	0.14567	0.01486	0.56756	0.01679	0.01537	0.01097	0.00580	0.00480	0.00147	0.00441	0.00472	0.04318	0.00798
8	0.00590	0.00425	0.00559	0.00667	0.00701	0.00394	0.00446	0.00676	0.00935	0.01240	0.02768	0.79273	0.06522	0.01506	0.00617	0.00195	0.00280	0.01362	0.00450	0.00394
9	0.01005	0.00861	0.01005	0.00718	0.01148	0.00646	0.00574	0.01220	0.01005	0.01579	0.00861	0.01005	0.00718	0.00359	0.00359	0.00072	0.00359	0.00287	0.00287	0.85932
10	0.01092	0.00934	0.03073	0.00817	0.01230	0.00740	0.03084	0.04306	0.01075	0.05351	0.02431	0.01104	0.00814	0.00413	0.00428	0.00090	0.03369	0.00329	0.00308	0.69011
11	0.80338	0.03860	0.00800	0.00666	0.00968	0.04031	0.00550	0.01444	0.00850	0.02102	0.00677	0.00790	0.00532	0.00450	0.00305	0.00147	0.00398	0.00264	0.00295	0.00530
12	0.00701	0.00483	0.00597	0.00597	0.00621	0.00507	0.00379	0.00749	0.00725	0.00990	0.01464	0.02823	0.01611	0.61202	0.24027	0.00555	0.00697	0.00654	0.00284	0.00332
13	0.00665	0.00495	0.00618	0.00588	0.00711	0.00448	0.00441	0.00874	0.01322	0.01825	0.65735	0.03815	0.18602	0.01035	0.00572	0.00155	0.00232	0.00904	0.00518	0.00448
14	0.00595	0.00426	0.00559	0.00663	0.00694	0.00397	0.00441	0.00677	0.00923	0.01226	0.02684	0.76919	0.05309	0.05122	0.00699	0.00208	0.00289	0.01338	0.00443	0.00390
15	0.01205	0.01177	0.01968	0.04828	0.73836	0.03063	0.03813	0.01494	0.01108	0.01564	0.00909	0.01197	0.00760	0.00434	0.00482	0.00144	0.00592	0.00433	0.00240	0.00754
16	0.01354	0.01152	0.01517	0.07272	0.28598	0.01258	0.01097	0.22458	0.26182	0.02096	0.01313	0.01389	0.01001	0.00547	0.00486	0.00152	0.00508	0.00470	0.00384	0.00767
17	0.01251	0.29660	0.05639	0.01861	0.29947	0.05276	0.13758	0.02845	0.01091	0.01421	0.00830	0.01044	0.00697	0.00438	0.00457	0.00134	0.02349	0.00386	0.00232	0.00682
18	0.01054	0.01487	0.26783	0.09004	0.31028	0.01064	0.05770	0.03195	0.01097	0.01551	0.01139	0.01764	0.00995	0.00577	0.00506	0.00161	0.00621	0.11263	0.00262	0.00680
19	0.01258	0.03783	0.02118	0.02462	0.49952	0.02662	0.19944	0.03381	0.03222	0.05011	0.00995	0.01241	0.00791	0.00444	0.00497	0.00148	0.00625	0.00464	0.00268	0.00735
20	0.05046	0.01197	0.08261	0.20387	0.38812	0.04516	0.01314	0.01564	0.01102	0.11717	0.01009	0.01232	0.00766	0.00472	0.00470	0.00149	0.00586	0.00420	0.00281	0.00699
21	0.01200	0.05235	0.20879	0.03017	0.02961	0.00807	0.02595	0.01466	0.01100	0.22179	0.01719	0.23051	0.01600	0.00824	0.00514	0.00162	0.00476	0.05407	0.00394	0.04412
22	0.01170	0.10311	0.39114	0.03620	0.01615	0.00990	0.01211	0.01518	0.01071	0.16928	0.01391	0.16419	0.01216	0.00682	0.00480	0.00156	0.00552	0.00566	0.00329	0.00662

[dist]
# distance from previous block
# <min> <max>
3	11

[block]
# block no. 9 follows, 52 sequences, length 11
# corresponding to MSA columns:
# 285-295
name=unknown_J
#
# <colnr> <probs for GDERKNQSTAVLIFYWHMCP>
#	G	D	E	R	K	N	Q	S	T	A	V	L	I	F	Y	W	H	M	C	P
0	0.01138	0.08718	0.18536	0.01659	0.23150	0.01214	0.06383	0.01826	0.26319	0.01666	0.01353	0.01435	0.03391	0.00532	0.00474	0.00151	0.00544	0.00466	0.00318	0.00725
1	0.00686	0.00568	0.00700	0.00820	0.07875	0.00526	0.00549	0.00887	0.04698	0.01382	0.05479	0.20632	0.43298	0.01196	0.00580	0.00175	0.00309	0.08746	0.00435	0.00460
2	0.01510	0.08527	0.01351	0.00976	0.01334	0.01270	0.00802	0.30664	0.26973	0.08937	0.01409	0.01361	0.01038	0.00565	0.00456	0.00139	0.00451	0.00443	0.00448	0.11347
3	0.00602	0.00459	0.00557	0.00623	0.00709	0.00414	0.00446	0.00716	0.01022	0.01306	0.06510	0.46342	0.30204	0.01382	0.00604	0.00185	0.00279	0.06783	0.00453	0.00405
4	0.01065	0.02248	0.69057	0.01293	0.01947	0.01053	0.01622	0.01576	0.01074	0.08652	0.05164	0.01218	0.00878	0.00501	0.00469	0.00153	0.00663	0.00397	0.00258	0.00712
5	0.01130	0.38699	0.39733	0.01182	0.01746	0.01489	0.06989	0.01498	0.01015	0.01359	0.00790	0.00934	0.00626	0.00436	0.00401	0.00132	0.00635	0.00329	0.00209	0.00669
6	0.00824	0.00987	0.18675	0.00840	0.01049	0.00677	0.00760	0.07871	0.01011	0.01388	0.01810	0.36430	0.02002	0.19126	0.01024	0.03368	0.00449	0.00880	0.00355	0.00477
7	0.00593	0.00472	0.00532	0.00558	0.00678	0.00411	0.00403	0.00720	0.01092	0.01376	0.14578	0.26255	0.48070	0.01276	0.00585	0.00171	0.00253	0.01102	0.00461	0.00411
8	0.00996	0.08430	0.74743	0.01341	0.02035	0.01184	0.01720	0.01529	0.01020	0.01506	0.00855	0.01005	0.00614	0.00457	0.00449	0.00150	0.00702	0.00351	0.00205	0.00709
9	0.01265	0.06233	0.24447	0.08859	0.13623	0.08964	0.01247	0.11606	0.08307	0.04849	0.02483	0.02717	0.02202	0.00539	0.00469	0.00148	0.00603	0.00436	0.00308	0.00695
10	0.01012	0.02155	0.59213	0.04796	0.05845	0.01143	0.15972	0.01524	0.01047	0.01528	0.00892	0.01095	0.00645	0.00450	0.00483	0.00155	0.00726	0.00404	0.00214	0.00700

[dist]
# distance from previous block
# <min> <max>
5	12

[block]
# block no. 10 follows, 52 sequences, length 29
# corresponding to MSA columns:
# 311-339
name=unknown_K
#
# <colnr> <probs for GDERKNQSTAVLIFYWHMCP>
#	G	D	E	R	K	N	Q	S	T	A	V	L	I	F	Y	W	H	M	C	P
0	0.01557	0.07033	0.04504	0.01427	0.14038	0.32086	0.02504	0.06035	0.15659	0.08782	0.01134	0.01193	0.00870	0.00522	0.00457	0.00139	0.00645	0.00401	0.00333	0.00682
1	0.00852	0.00667	0.00961	0.04628	0.01112	0.00684	0.07619	0.04312	0.08469	0.04155	0.11673	0.42257	0.02559	0.04020	0.00680	0.00190	0.03242	0.00993	0.00427	0.00501
2	0.01192	0.00989	0.01053	0.00945	0.01212	0.01125	0.00736	0.02422	0.70001	0.04735	0.04670	0.02001	0.05373	0.00694	0.00499	0.00163	0.00373	0.00580	0.00496	0.00741
3	0.01040	0.00948	0.01392	0.17184	0.20996	0.00874	0.03565	0.01301	0.01027	0.01512	0.00878	0.01119	0.00717	0.00403	0.00420	0.00110	0.00484	0.00360	0.00260	0.45410
4	0.00659	0.00500	0.00611	0.00609	0.00736	0.00453	0.00469	0.00848	0.01241	0.01655	0.43480	0.06222	0.28862	0.01126	0.00586	0.00166	0.00263	0.10583	0.00493	0.00438
5	0.01224	0.01081	0.01105	0.00994	0.01268	0.03726	0.00772	0.02555	0.76617	0.02001	0.01934	0.01779	0.01452	0.00652	0.00491	0.00163	0.00399	0.00540	0.00485	0.00761
6	0.00930	0.00734	0.03983	0.00819	0.01037	0.00629	0.04195	0.01216	0.08723	0.09371	0.02094	0.37220	0.05801	0.01120	0.04221	0.00188	0.00405	0.00874	0.00412	0.16027
7	0.01109	0.08055	0.60635	0.01348	0.01981	0.01164	0.07535	0.01590	0.01054	0.07989	0.00945	0.01080	0.00673	0.00473	0.00484	0.00152	0.02403	0.00380	0.00241	0.00710
8	0.01365	0.01112	0.01145	0.00988	0.01262	0.05062	0.00775	0.29462	0.34385	0.02231	0.01722	0.13890	0.01462	0.00753	0.00504	0.00160	0.00443	0.00621	0.01944	0.00715
9	0.00705	0.00470	0.00529	0.00529	0.00529	0.00470	0.00294	0.00705	0.00705	0.00940	0.01527	0.03171	0.01762	0.82969	0.02467	0.00470	0.00470	0.00705	0.00294	0.00294
10	0.01178	0.00653	0.00886	0.00847	0.02553	0.00608	0.02521	0.04880	0.01183	0.24790	0.02491	0.27581	0.10258	0.02753	0.00612	0.00186	0.00381	0.14595	0.00483	0.00564
11	0.01382	0.01365	0.18917	0.03699	0.26342	0.01031	0.12364	0.03165	0.01190	0.21669	0.03305	0.01358	0.00941	0.00497	0.00493	0.00151	0.00591	0.00462	0.00337	0.00742
12	0.00842	0.00421	0.00631	0.00631	0.00631	0.00421	0.00421	0.00631	0.00631	0.00842	0.00842	0.01473	0.00842	0.01684	0.01894	0.85901	0.00421	0.00421	0.00210	0.00210
13	0.01193	0.01147	0.01945	0.02895	0.76294	0.01167	0.01467	0.01472	0.01087	0.01564	0.00899	0.01193	0.00762	0.00451	0.00531	0.00147	0.04360	0.00431	0.00239	0.00757
14	0.01217	0.01161	0.06492	0.15676	0.48135	0.01106	0.05883	0.04011	0.01135	0.07374	0.01021	0.02814	0.00817	0.00479	0.00488	0.00150	0.00591	0.00458	0.00273	0.00719
15	0.01152	0.08599	0.17554	0.25041	0.19221	0.03338	0.03767	0.04202	0.04061	0.05141	0.01000	0.01291	0.00780	0.00495	0.00470	0.00150	0.00616	0.02193	0.00263	0.00666
16	0.01105	0.01065	0.01820	0.26669	0.50227	0.01148	0.04146	0.01399	0.01047	0.01458	0.00885	0.01224	0.00723	0.00467	0.00539	0.00153	0.04575	0.00436	0.00231	0.00683
17	0.00830	0.00662	0.00944	0.18839	0.07515	0.00692	0.00789	0.01098	0.05637	0.04079	0.08068	0.20935	0.15330	0.01010	0.00562	0.00176	0.00409	0.11523	0.00395	0.00506
18	0.01262	0.15168	0.21540	0.06223	0.05476	0.03132	0.12618	0.07260	0.01184	0.11694	0.01291	0.05202	0.04711	0.00561	0.00472	0.00147	0.00595	0.00484	0.00310	0.00671
19	0.01193	0.04585	0.40390	0.05633	0.20979	0.01112	0.06236	0.01608	0.01091	0.11144	0.01007	0.01165	0.00732	0.00467	0.00471	0.00150	0.00641	0.00405	0.00265	0.00726
20	0.01114	0.01141	0.05645	0.23597	0.56049	0.01131	0.01465	0.01424	0.01064	0.01490	0.00896	0.01215	0.00728	0.00447	0.00480	0.00149	0.00601	0.00428	0.00232	0.00705
21	0.01148	0.06914	0.14972	0.03596	0.19246	0.00927	0.05804	0.01427	0.01133	0.13902	0.05553	0.03023	0.16193	0.00659	0.00491	0.00149	0.00492	0.00571	0.03155	0.00646
22	0.02802	0.09762	0.10643	0.06605	0.07926	0.04892	0.03020	0.04577	0.01255	0.36560	0.02648	0.01540	0.01976	0.00568	0.00470	0.00147	0.00521	0.02949	0.00415	0.00722
23	0.08360	0.01518	0.21895	0.01948	0.33714	0.04603	0.06604	0.04999	0.03204	0.05504	0.01001	0.02738	0.00789	0.00484	0.00468	0.00149	0.00604	0.00428	0.00276	0.00715
24	0.01037	0.01212	0.19160	0.09199	0.04319	0.06216	0.04600	0.01316	0.02109	0.09681	0.01753	0.19802	0.06397	0.03765	0.02122	0.00190	0.01909	0.04298	0.00343	0.00572
25	0.01393	0.05434	0.23532	0.02602	0.09340	0.03837	0.10115	0.03606	0.02670	0.23149	0.04665	0.03529	0.01068	0.00555	0.00509	0.00152	0.02300	0.00477	0.00356	0.00711
26	0.01643	0.02638	0.13853	0.01280	0.09702	0.00967	0.07097	0.06697	0.07656	0.38515	0.02643	0.01537	0.01091	0.00564	0.00490	0.00152	0.00514	0.01747	0.00446	0.00768
27	0.01141	0.24216	0.14979	0.10127	0.04057	0.03711	0.11540	0.03983	0.01082	0.05403	0.01180	0.14230	0.01096	0.00625	0.00464	0.00147	0.00576	0.00542	0.00284	0.00615
28	0.01076	0.01281	0.17337	0.08215	0.15376	0.03378	0.07779	0.06949	0.06474	0.02594	0.01461	0.07018	0.01354	0.00729	0.00533	0.00170	0.00576	0.16737	0.00327	0.00636

[dist]
# distance from previous block
# <min> <max>
3	19

[block]
# block no. 11 follows, 52 sequences, length 17
# corresponding to MSA columns:
# 366-382
name=unknown_L
#
# <colnr> <probs for GDERKNQSTAVLIFYWHMCP>
#	G	D	E	R	K	N	Q	S	T	A	V	L	I	F	Y	W	H	M	C	P
0	0.01056	0.00641	0.00777	0.00732	0.00920	0.02663	0.00574	0.01217	0.01148	0.19215	0.09553	0.17148	0.16513	0.04312	0.00637	0.00182	0.00360	0.15468	0.00468	0.06420
1	0.01576	0.01286	0.01301	0.01070	0.01402	0.06376	0.00858	0.42153	0.34029	0.02511	0.01472	0.01412	0.01083	0.00608	0.00485	0.00152	0.00493	0.00475	0.00473	0.00784
2	0.86392	0.00937	0.00712	0.00637	0.00937	0.01087	0.00525	0.01425	0.00825	0.02174	0.00675	0.00787	0.00525	0.00450	0.00300	0.00150	0.00375	0.00262	0.00300	0.00525
3	0.00934	0.00880	0.01487	0.76637	0.08359	0.01082	0.01355	0.01254	0.00978	0.01261	0.00865	0.01286	0.00654	0.00481	0.00484	0.00160	0.00641	0.00431	0.00217	0.00553
4	0.01261	0.09728	0.53072	0.01204	0.01801	0.01119	0.01430	0.01745	0.04693	0.17758	0.01117	0.01165	0.00775	0.00494	0.00453	0.00149	0.00619	0.00384	0.00300	0.00732
5	0.00646	0.00476	0.00613	0.00675	0.00760	0.00442	0.00505	0.00796	0.01089	0.01444	0.19756	0.37968	0.15348	0.01322	0.00611	0.00187	0.00297	0.16176	0.00467	0.00420
6	0.00687	0.00473	0.00524	0.00524	0.00545	0.00462	0.00303	0.00704	0.00757	0.00988	0.01970	0.03367	0.11990	0.72248	0.02218	0.00430	0.00440	0.00746	0.00314	0.00309
7	0.01007	0.07372	0.34015	0.01120	0.01539	0.01003	0.04123	0.06836	0.06646	0.02876	0.01533	0.15415	0.01466	0.00789	0.00516	0.00168	0.00551	0.12067	0.00331	0.00625
8	0.01100	0.00961	0.06119	0.01285	0.16297	0.00898	0.05660	0.14920	0.02447	0.04053	0.01300	0.03589	0.01248	0.33066	0.04733	0.00303	0.00567	0.00570	0.00323	0.00561
9	0.22804	0.10276	0.06382	0.08309	0.10294	0.23234	0.03477	0.01541	0.01080	0.01531	0.00891	0.01255	0.00769	0.00521	0.00420	0.00144	0.00615	0.05605	0.00264	0.00585
10	0.06627	0.11204	0.01250	0.00867	0.03263	0.07069	0.00683	0.07829	0.03138	0.08270	0.01003	0.01181	0.00822	0.05558	0.00514	0.00126	0.00451	0.00350	0.00322	0.39473
11	0.01234	0.10667	0.22379	0.00967	0.01319	0.01029	0.00953	0.15090	0.03624	0.08889	0.01066	0.01352	0.00864	0.05989	0.00939	0.21802	0.00532	0.00416	0.00308	0.00582
