[name]
unknown

[dist]
# distance from previous block
# <min> <max>
0	82

[block]
# block no. 0 follows, 48 sequences, length 7
# corresponding to MSA columns:
# 92-98
name=unknown_A
#
# <colnr> <probs for GDERKNQSTAVLIFYWHMCP>
#	G	D	E	R	K	N	Q	S	T	A	V	L	I	F	Y	W	H	M	C	P
0	0.10835	0.05134	0.04390	0.01074	0.06172	0.11735	0.03068	0.06497	0.01308	0.04555	0.18839	0.02244	0.06352	0.00737	0.00527	0.00153	0.02072	0.05704	0.00393	0.08212
1	0.01092	0.00614	0.00801	0.00732	0.00841	0.00604	0.00524	0.08840	0.01017	0.08533	0.04738	0.05609	0.05477	0.07558	0.01511	0.47218	0.00434	0.00574	0.00341	0.02941
2	0.01255	0.01034	0.07972	0.05058	0.06790	0.03768	0.06660	0.01621	0.08263	0.17863	0.15365	0.08933	0.05196	0.04116	0.00642	0.00183	0.00488	0.03696	0.00448	0.00651
3	0.01405	0.61318	0.09117	0.00992	0.01430	0.11610	0.00977	0.01668	0.04980	0.01297	0.00811	0.00914	0.00704	0.00467	0.00369	0.00120	0.00607	0.00306	0.00240	0.00667
4	0.00850	0.00614	0.00686	0.00630	0.00821	0.00556	0.00483	0.06729	0.01360	0.06694	0.24630	0.04150	0.47630	0.01137	0.00593	0.00168	0.00290	0.00957	0.00513	0.00509
5	0.01416	0.01172	0.01239	0.01073	0.01388	0.01342	0.00846	0.18170	0.62168	0.02372	0.01910	0.01773	0.01422	0.00679	0.00520	0.00170	0.00439	0.00556	0.00520	0.00825
6	0.01396	0.14156	0.13749	0.01319	0.06093	0.04395	0.11298	0.07257	0.03944	0.12180	0.01192	0.04902	0.00952	0.00563	0.00527	0.00147	0.03747	0.00470	0.00340	0.11373

[dist]
# distance from previous block
# <min> <max>
0	1

[block]
# block no. 1 follows, 48 sequences, length 17
# corresponding to MSA columns:
# 100-107,118-126
name=unknown_B
#
# <colnr> <probs for GDERKNQSTAVLIFYWHMCP>
#	G	D	E	R	K	N	Q	S	T	A	V	L	I	F	Y	W	H	M	C	P
0	0.04197	0.15585	0.15664	0.04628	0.06368	0.03036	0.04286	0.01419	0.05258	0.04846	0.04917	0.17752	0.03884	0.03719	0.00581	0.00173	0.00524	0.00666	0.00342	0.02153
1	0.00719	0.00486	0.00568	0.00594	0.00601	0.00479	0.00348	0.00739	0.00799	0.01065	0.01888	0.20891	0.02208	0.63967	0.02173	0.00433	0.00453	0.00906	0.00348	0.00335
2	0.01214	0.03375	0.05336	0.05163	0.06718	0.02586	0.07408	0.12937	0.13425	0.04466	0.04329	0.06727	0.01480	0.17470	0.01003	0.00237	0.03286	0.01817	0.00384	0.00637
3	0.03391	0.09971	0.14697	0.01419	0.12176	0.11439	0.03192	0.10012	0.03733	0.15737	0.01322	0.04507	0.01064	0.00620	0.00497	0.00156	0.00610	0.04350	0.00372	0.00735
4	0.01884	0.00927	0.05142	0.00892	0.01244	0.00784	0.00761	0.08095	0.01448	0.52075	0.05719	0.04974	0.01475	0.00743	0.02027	0.00169	0.00444	0.00559	0.09860	0.00778
5	0.01199	0.00650	0.00752	0.03549	0.00941	0.00649	0.00537	0.03625	0.07966	0.15081	0.10303	0.02210	0.05624	0.00695	0.00449	0.00141	0.00314	0.00572	0.44153	0.00587
6	0.01443	0.04555	0.05757	0.07192	0.30856	0.06867	0.03825	0.14787	0.04049	0.07264	0.01258	0.01419	0.03669	0.00558	0.00532	0.00155	0.02599	0.00474	0.01985	0.00756
7	0.11027	0.23211	0.22443	0.02935	0.05652	0.01392	0.05820	0.03985	0.07325	0.03759	0.05491	0.01269	0.01000	0.00534	0.00469	0.00150	0.02130	0.00415	0.00299	0.00694
8	0.00633	0.00452	0.00605	0.00724	0.00757	0.00424	0.00490	0.00728	0.00990	0.01319	0.02824	0.78631	0.03376	0.01600	0.00657	0.00209	0.00305	0.04381	0.00476	0.00419
9	0.01264	0.01584	0.18668	0.14213	0.20789	0.08360	0.13570	0.03894	0.01208	0.05047	0.01094	0.01328	0.02545	0.00504	0.00514	0.00157	0.00698	0.00464	0.00275	0.03823
10	0.00957	0.11487	0.08398	0.00861	0.01142	0.03178	0.00736	0.01257	0.07624	0.01496	0.03471	0.34035	0.01967	0.00945	0.00515	0.00154	0.00419	0.00816	0.00378	0.20163
11	0.85592	0.00992	0.00754	0.00675	0.00992	0.01151	0.00556	0.01508	0.00873	0.02302	0.00714	0.00834	0.00556	0.00476	0.00318	0.00159	0.00397	0.00278	0.00318	0.00556
12	0.03296	0.06491	0.60534	0.01436	0.02101	0.01202	0.09184	0.01579	0.01105	0.01636	0.03823	0.01327	0.00880	0.00526	0.00497	0.00163	0.00721	0.02532	0.00244	0.00723
13	0.00644	0.00463	0.00615	0.00730	0.00773	0.00434	0.00507	0.00749	0.01008	0.01334	0.02903	0.71556	0.06081	0.01578	0.00658	0.00210	0.00313	0.08545	0.00476	0.00423
14	0.00777	0.00518	0.00667	0.00667	0.00779	0.00472	0.00485	0.00942	0.01252	0.06167	0.39725	0.27324	0.13170	0.01248	0.00659	0.02810	0.00279	0.01069	0.00521	0.00472
15	0.01221	0.01131	0.01661	0.03338	0.20030	0.03227	0.04401	0.01465	0.04043	0.05325	0.01045	0.01584	0.00949	0.00774	0.01124	0.00197	0.41445	0.06109	0.00285	0.00647
16	0.12272	0.49803	0.05801	0.00889	0.01301	0.01629	0.00855	0.04385	0.04186	0.09085	0.04825	0.01136	0.00958	0.00512	0.00382	0.00130	0.00508	0.00355	0.00312	0.00676

[dist]
# distance from previous block
# <min> <max>
1	2

[block]
# block no. 2 follows, 48 sequences, length 25
# corresponding to MSA columns:
# 129-153
name=unknown_C
#
# <colnr> <probs for GDERKNQSTAVLIFYWHMCP>
#	G	D	E	R	K	N	Q	S	T	A	V	L	I	F	Y	W	H	M	C	P
0	0.01141	0.04972	0.01229	0.01147	0.06609	0.11096	0.00834	0.07877	0.02749	0.01448	0.01421	0.13325	0.02392	0.06599	0.11493	0.05234	0.15543	0.04020	0.00326	0.00545
1	0.00746	0.00497	0.00560	0.00560	0.00560	0.00497	0.00311	0.00746	0.00746	0.00995	0.01617	0.03358	0.01865	0.81967	0.02612	0.00497	0.00497	0.00746	0.00311	0.00311
2	0.23477	0.05988	0.01393	0.06147	0.01545	0.05951	0.04536	0.25298	0.16759	0.02341	0.01182	0.01239	0.00887	0.00565	0.00455	0.00157	0.00532	0.00426	0.00402	0.00721
3	0.00635	0.00454	0.00604	0.00708	0.00746	0.00423	0.00477	0.00739	0.01028	0.01383	0.10232	0.74020	0.03535	0.01553	0.00650	0.00204	0.00292	0.01407	0.00485	0.00423
4	0.00911	0.00670	0.00875	0.00793	0.00901	0.00685	0.04946	0.09440	0.01082	0.01463	0.09170	0.04837	0.02066	0.44179	0.08474	0.00404	0.00570	0.07718	0.00371	0.00443
5	0.01242	0.20503	0.41476	0.01302	0.01887	0.01317	0.08808	0.01657	0.01112	0.09641	0.01027	0.01177	0.00766	0.00682	0.05096	0.00190	0.00723	0.00402	0.00269	0.00723
6	0.04055	0.00979	0.01226	0.00950	0.01330	0.00931	0.00781	0.18880	0.01663	0.55618	0.06708	0.01745	0.01394	0.00654	0.00516	0.00158	0.00452	0.00525	0.00596	0.00841
7	0.00807	0.00577	0.00799	0.00885	0.01004	0.00569	0.00759	0.01044	0.01235	0.01640	0.17817	0.05398	0.03329	0.01344	0.00688	0.00221	0.00427	0.60490	0.00491	0.00475
8	0.14833	0.01303	0.01379	0.01072	0.01467	0.01426	0.00885	0.56781	0.02066	0.11922	0.01245	0.01231	0.00870	0.00597	0.00484	0.00155	0.00524	0.00440	0.00497	0.00824
9	0.10452	0.00885	0.01148	0.00890	0.01279	0.00793	0.00735	0.02404	0.01410	0.71605	0.01896	0.01657	0.01200	0.00620	0.00497	0.00159	0.00433	0.00493	0.00604	0.00842
10	0.00635	0.00501	0.00573	0.00598	0.00721	0.00438	0.00432	0.00775	0.01172	0.01494	0.18618	0.25853	0.43699	0.01336	0.00620	0.00181	0.00267	0.01157	0.00493	0.00438
11	0.01136	0.02434	0.66245	0.01554	0.07566	0.01233	0.01783	0.09002	0.01219	0.01786	0.00954	0.01111	0.00683	0.00498	0.00491	0.00161	0.00729	0.00393	0.00248	0.00773
12	0.00673	0.00525	0.00622	0.00672	0.00801	0.00473	0.00523	0.00829	0.01154	0.01449	0.08397	0.19296	0.41027	0.01372	0.00641	0.00195	0.00320	0.20105	0.00481	0.00443
13	0.08182	0.00651	0.00837	0.00926	0.01070	0.00673	0.00803	0.01184	0.04935	0.01632	0.02513	0.05168	0.02677	0.01300	0.00666	0.00226	0.00463	0.65137	0.00462	0.00496
14	0.01350	0.77185	0.07588	0.00915	0.01375	0.01977	0.00943	0.01542	0.01045	0.01234	0.00727	0.00840	0.00658	0.00442	0.00339	0.00113	0.00562	0.00281	0.00219	0.00665
15	0.01204	0.00985	0.02996	0.00818	0.01270	0.00766	0.00675	0.05436	0.03374	0.07237	0.01042	0.01146	0.00823	0.00422	0.00403	0.00091	0.00404	0.00337	0.00343	0.70228
16	0.01249	0.01197	0.02044	0.08629	0.73453	0.01214	0.01564	0.01556	0.01158	0.01651	0.00961	0.01277	0.00804	0.00461	0.00508	0.00154	0.00615	0.00457	0.00252	0.00796
17	0.00827	0.00591	0.00827	0.00945	0.01063	0.00591	0.00827	0.01063	0.01181	0.01536	0.02717	0.05788	0.02953	0.01417	0.00709	0.00236	0.00472	0.75313	0.00472	0.00472
18	0.01372	0.82276	0.02689	0.00878	0.01317	0.02030	0.00878	0.01536	0.01043	0.01207	0.00713	0.00823	0.00658	0.00439	0.00329	0.00110	0.00549	0.00274	0.00219	0.00658
19	0.01797	0.01058	0.01231	0.00982	0.01331	0.01086	0.00798	0.29843	0.11472	0.29597	0.09794	0.01948	0.05274	0.00711	0.00529	0.00160	0.00451	0.00574	0.00561	0.00804
20	0.76469	0.00964	0.00788	0.05333	0.01126	0.01115	0.00598	0.01459	0.00897	0.02199	0.00947	0.01067	0.04410	0.00519	0.00343	0.00160	0.00407	0.00328	0.00320	0.00550
21	0.00773	0.00547	0.00726	0.00790	0.00903	0.00541	0.00647	0.00979	0.01142	0.01551	0.11328	0.12138	0.10805	0.01586	0.09609	0.00275	0.00489	0.36977	0.07731	0.00463
22	0.08849	0.00999	0.10301	0.01096	0.05033	0.00808	0.08987	0.02920	0.01169	0.10458	0.07215	0.19792	0.12899	0.00955	0.00582	0.00179	0.01745	0.05005	0.00417	0.00592
23	0.15887	0.00850	0.02525	0.04418	0.03106	0.02093	0.01873	0.07314	0.01193	0.10679	0.08918	0.07355	0.01516	0.03109	0.02464	0.04362	0.00434	0.00551	0.14843	0.06508
24	0.03852	0.09133	0.01405	0.03093	0.09551	0.23514	0.00872	0.05842	0.05908	0.03250	0.01194	0.09094	0.01098	0.04553	0.00568	0.00153	0.00594	0.00492	0.00327	0.15505

[dist]
# distance from previous block
# <min> <max>
14	28

[block]
# block no. 3 follows, 48 sequences, length 40
# corresponding to MSA columns:
# 186,187,190-203,219-225,227-243
name=unknown_D
#
# <colnr> <probs for GDERKNQSTAVLIFYWHMCP>
#	G	D	E	R	K	N	Q	S	T	A	V	L	I	F	Y	W	H	M	C	P
0	0.01400	0.25445	0.02999	0.00982	0.01317	0.04923	0.00838	0.19743	0.17951	0.03354	0.01606	0.11672	0.04225	0.00727	0.00479	0.00152	0.00497	0.00576	0.00407	0.00706
1	0.01142	0.00915	0.06743	0.00817	0.01150	0.01741	0.00694	0.02971	0.01199	0.13404	0.12532	0.09817	0.05846	0.00913	0.05314	0.00174	0.00452	0.00608	0.01991	0.31578
2	0.01254	0.02543	0.15376	0.08628	0.03686	0.02424	0.08492	0.06422	0.08695	0.08875	0.01236	0.02584	0.00950	0.00685	0.04143	0.00175	0.01683	0.00459	0.03549	0.18142
3	0.01088	0.06730	0.53715	0.05342	0.02059	0.01165	0.07032	0.02850	0.01100	0.03652	0.01028	0.01301	0.00786	0.05441	0.00613	0.00179	0.00699	0.00425	0.04092	0.00703
4	0.00802	0.00640	0.00941	0.00899	0.02452	0.00610	0.08241	0.03634	0.02336	0.01660	0.23277	0.30647	0.10157	0.03404	0.00674	0.00194	0.00370	0.06529	0.02036	0.00496
5	0.00635	0.00496	0.00553	0.00592	0.00714	0.00434	0.00427	0.00762	0.01114	0.01407	0.06435	0.29629	0.47290	0.01363	0.00613	0.00183	0.00275	0.02506	0.04139	0.00432
6	0.50733	0.10118	0.01074	0.00759	0.01081	0.01136	0.00634	0.04488	0.01041	0.15923	0.00985	0.01073	0.00736	0.00617	0.00505	0.07352	0.00432	0.00342	0.00363	0.00608
7	0.00656	0.00554	0.00572	0.00562	0.00737	0.00487	0.00423	0.00873	0.05638	0.01491	0.11685	0.04662	0.67392	0.01242	0.00601	0.00172	0.00267	0.01040	0.00487	0.00460
8	0.00752	0.00559	0.00690	0.00738	0.00871	0.00532	0.00603	0.00961	0.02408	0.01526	0.10192	0.04901	0.27859	0.05198	0.02525	0.00228	0.00392	0.34475	0.04131	0.00458
9	0.01372	0.82276	0.02689	0.00878	0.01317	0.02030	0.00878	0.01536	0.01043	0.01207	0.00713	0.00823	0.00658	0.00439	0.00329	0.00110	0.00549	0.00274	0.00219	0.00658
10	0.05105	0.03608	0.14591	0.03575	0.01748	0.04592	0.11936	0.13017	0.10208	0.12273	0.04165	0.01426	0.01050	0.00611	0.00644	0.00168	0.09687	0.00487	0.00379	0.00731
11	0.00864	0.00641	0.00748	0.00777	0.00903	0.00664	0.00573	0.03343	0.18161	0.01662	0.04477	0.39851	0.06881	0.01209	0.00586	0.00187	0.00332	0.06816	0.10795	0.00532
12	0.00690	0.00506	0.00694	0.00737	0.00787	0.00486	0.03353	0.00779	0.00937	0.01247	0.02453	0.50517	0.04859	0.22310	0.04226	0.00305	0.00418	0.03875	0.00418	0.00404
13	0.01837	0.00867	0.01092	0.05329	0.01310	0.00840	0.00732	0.11731	0.04376	0.44515	0.01783	0.01703	0.01208	0.00620	0.00480	0.00150	0.00421	0.00500	0.19742	0.00764
14	0.01042	0.00632	0.00742	0.00705	0.00828	0.00686	0.00550	0.05580	0.01130	0.05342	0.01768	0.13151	0.01600	0.00828	0.00598	0.00156	0.10075	0.05157	0.48911	0.00520
15	0.00826	0.01373	0.32301	0.00989	0.01342	0.00770	0.01041	0.01171	0.02981	0.01533	0.11702	0.23659	0.08633	0.06907	0.02277	0.00213	0.00511	0.00834	0.00368	0.00567
16	0.01050	0.00601	0.00776	0.00729	0.00911	0.00542	0.00573	0.01247	0.01320	0.18473	0.30364	0.11183	0.17340	0.01111	0.00606	0.00178	0.00326	0.11574	0.00542	0.00551
17	0.01687	0.01187	0.01333	0.01085	0.01436	0.04809	0.04132	0.23523	0.28208	0.19639	0.01901	0.01785	0.05545	0.00674	0.00524	0.00163	0.00493	0.00550	0.00519	0.00807
18	0.00883	0.00449	0.00662	0.00662	0.00662	0.00449	0.00438	0.00673	0.00673	0.00897	0.00932	0.01661	0.00946	0.06279	0.02039	0.80329	0.00449	0.00462	0.00228	0.00228
19	0.00803	0.00691	0.00944	0.00936	0.00959	0.00832	0.00706	0.00902	0.00917	0.01285	0.02117	0.50678	0.04417	0.01345	0.01023	0.00213	0.29290	0.01086	0.00386	0.00469
20	0.01171	0.08573	0.40933	0.01514	0.10747	0.01196	0.05016	0.04980	0.04706	0.05053	0.02981	0.03324	0.01074	0.00603	0.00508	0.00164	0.00648	0.05777	0.00300	0.00732
21	0.85592	0.00992	0.00754	0.00675	0.00992	0.01151	0.00556	0.01508	0.00873	0.02302	0.00714	0.00834	0.00556	0.00476	0.00318	0.00159	0.00397	0.00278	0.00318	0.00556
22	0.01275	0.04999	0.01571	0.01270	0.01416	0.13326	0.05898	0.08133	0.01082	0.01446	0.00884	0.01247	0.00794	0.01190	0.12615	0.00281	0.39980	0.00449	0.01551	0.00591
23	0.01668	0.01194	0.01329	0.01022	0.01422	0.01217	0.00832	0.44480	0.04820	0.09488	0.01322	0.04750	0.01015	0.00602	0.00485	0.00137	0.00487	0.00473	0.00468	0.22787
24	0.00712	0.00480	0.00634	0.00729	0.00790	0.00445	0.00510	0.00820	0.01029	0.04708	0.02922	0.68007	0.07623	0.01533	0.00650	0.00206	0.00315	0.06961	0.00483	0.00442
25	0.07198	0.05106	0.01299	0.00945	0.01335	0.01009	0.00787	0.17811	0.01606	0.52721	0.03756	0.01593	0.01209	0.00623	0.00496	0.00155	0.00461	0.00489	0.00568	0.00833
26	0.01256	0.01387	0.02937	0.02103	0.02615	0.01315	0.72293	0.06223	0.01284	0.01740	0.01050	0.01375	0.00784	0.00444	0.00600	0.00172	0.00847	0.00597	0.00275	0.00703
27	0.01315	0.01164	0.01170	0.01046	0.01331	0.05660	0.00813	0.06010	0.66232	0.02142	0.05842	0.01925	0.01649	0.00701	0.00523	0.00170	0.00434	0.00578	0.00509	0.00786
28	0.00683	0.00503	0.00639	0.00647	0.00750	0.00459	0.00469	0.00869	0.01288	0.01766	0.48225	0.24730	0.14607	0.01232	0.00619	0.00176	0.00259	0.01091	0.00529	0.00459
29	0.00739	0.00490	0.00583	0.00598	0.00606	0.00490	0.00355	0.00745	0.00776	0.01039	0.01720	0.13424	0.01980	0.63120	0.05754	0.05610	0.00507	0.00812	0.00326	0.00326
30	0.01269	0.01098	0.01124	0.01002	0.01287	0.03407	0.00781	0.08264	0.60932	0.02118	0.02346	0.02184	0.10418	0.00755	0.00530	0.00171	0.00416	0.00622	0.00509	0.00767
31	0.01390	0.01156	0.00928	0.00826	0.01038	0.20529	0.00637	0.16167	0.01430	0.02006	0.01368	0.01534	0.01066	0.00584	0.00415	0.00129	0.00474	0.00438	0.47302	0.00584
32	0.00728	0.00513	0.00656	0.00708	0.00794	0.00480	0.00505	0.02865	0.01159	0.03325	0.18903	0.49985	0.11244	0.01401	0.00635	0.00194	0.00300	0.04649	0.00499	0.00458
33	0.00759	0.00588	0.00857	0.00846	0.00921	0.00696	0.00652	0.00920	0.00826	0.01191	0.01419	0.06854	0.01395	0.07996	0.64197	0.00719	0.07817	0.00608	0.00285	0.00456
34	0.00750	0.00509	0.00640	0.00694	0.00787	0.00468	0.00493	0.00889	0.02242	0.05982	0.08386	0.49657	0.17969	0.03736	0.00690	0.00204	0.00310	0.04648	0.00488	0.00457
35	0.01158	0.07062	0.06409	0.01212	0.01367	0.05895	0.03923	0.05903	0.03032	0.01424	0.01119	0.09268	0.01122	0.05411	0.01214	0.00214	0.40222	0.03173	0.00291	0.00582
36	0.05084	0.05103	0.04524	0.21179	0.11773	0.16303	0.03530	0.03398	0.01195	0.10758	0.01037	0.01258	0.00793	0.00554	0.00581	0.00158	0.07510	0.00425	0.04178	0.00658
37	0.00907	0.00742	0.00876	0.00768	0.01038	0.00648	0.00603	0.01233	0.09067	0.01652	0.08873	0.12996	0.12013	0.00893	0.00525	0.00146	0.00357	0.10947	0.00417	0.35299
38	0.01190	0.23407	0.12467	0.01113	0.01467	0.03211	0.08687	0.04656	0.05798	0.05329	0.03081	0.15007	0.01408	0.00895	0.04202	0.00192	0.04345	0.02569	0.00336	0.00640
39	0.01001	0.03120	0.08697	0.12086	0.05836	0.00912	0.06017	0.09066	0.03971	0.01568	0.01712	0.21777	0.03118	0.10428	0.02212	0.03330	0.00542	0.03686	0.00357	0.00563

[dist]
# distance from previous block
# <min> <max>
1	42

[block]
# block no. 4 follows, 48 sequences, length 22
# corresponding to MSA columns:
# 286-307
name=unknown_E
#
# <colnr> <probs for GDERKNQSTAVLIFYWHMCP>
#	G	D	E	R	K	N	Q	S	T	A	V	L	I	F	Y	W	H	M	C	P
0	0.01260	0.05320	0.19171	0.05219	0.11955	0.04053	0.03009	0.16597	0.07375	0.01987	0.10180	0.01956	0.01488	0.00675	0.00528	0.00164	0.00582	0.07397	0.00372	0.00713
1	0.01292	0.38623	0.03036	0.01054	0.01333	0.05828	0.02544	0.06286	0.03016	0.01409	0.00956	0.05821	0.00900	0.00754	0.03188	0.00174	0.20286	0.00432	0.02443	0.00626
2	0.06686	0.01034	0.02868	0.11558	0.19942	0.01016	0.02388	0.05735	0.05643	0.10497	0.04512	0.05337	0.01158	0.00588	0.00521	0.00149	0.02862	0.00501	0.00360	0.16647
3	0.00965	0.00643	0.00765	0.00711	0.00880	0.02510	0.00535	0.01200	0.04374	0.11217	0.30050	0.13632	0.13771	0.03816	0.05847	0.00218	0.00388	0.00868	0.03419	0.04190
4	0.00663	0.00477	0.00625	0.00725	0.00777	0.00450	0.00512	0.00776	0.01022	0.01351	0.05102	0.59190	0.07813	0.06231	0.00772	0.00226	0.00331	0.12067	0.00469	0.00422
5	0.01254	0.01143	0.01690	0.26691	0.28359	0.04860	0.01325	0.05641	0.01159	0.05251	0.02697	0.01337	0.00857	0.00586	0.00718	0.00171	0.14838	0.00463	0.00281	0.00681
6	0.02071	0.00964	0.01221	0.00942	0.01330	0.00898	0.00774	0.15479	0.03512	0.55830	0.05306	0.01715	0.01341	0.00637	0.00512	0.00154	0.00446	0.00514	0.00588	0.05765
7	0.00733	0.00514	0.00634	0.00634	0.00671	0.00535	0.00411	0.00795	0.00796	0.01077	0.01776	0.03071	0.06612	0.54233	0.24818	0.00571	0.00736	0.00711	0.00311	0.00361
8	0.01329	0.00766	0.00845	0.00730	0.00952	0.00782	0.00572	0.18847	0.02910	0.12619	0.01897	0.07042	0.05663	0.02491	0.00501	0.00151	0.00355	0.00584	0.40346	0.00619
9	0.00862	0.00789	0.04659	0.15116	0.03026	0.00765	0.00792	0.05538	0.07681	0.01557	0.06282	0.26786	0.15333	0.01297	0.06927	0.00233	0.00497	0.00910	0.00409	0.00538
10	0.33460	0.00817	0.00858	0.00738	0.01016	0.00838	0.00594	0.01639	0.01154	0.25914	0.09212	0.05655	0.07436	0.00717	0.00479	0.00161	0.02188	0.00551	0.05949	0.00626
11	0.00696	0.00526	0.00633	0.00653	0.00762	0.00488	0.00476	0.00887	0.03559	0.01568	0.25879	0.22016	0.24637	0.08442	0.00800	0.00211	0.00304	0.06526	0.00489	0.00448
12	0.00807	0.00714	0.00937	0.19039	0.01487	0.05261	0.02690	0.00989	0.01077	0.01382	0.09061	0.37293	0.10055	0.01317	0.05295	0.00223	0.00492	0.01004	0.00398	0.00479
13	0.01332	0.01180	0.05951	0.10509	0.43124	0.04636	0.01303	0.01588	0.01159	0.12007	0.01196	0.06023	0.01001	0.00644	0.00611	0.05600	0.00588	0.00513	0.00312	0.00722
14	0.01016	0.00790	0.00981	0.00890	0.01095	0.00813	0.05499	0.06436	0.21315	0.04507	0.05579	0.17084	0.16235	0.05745	0.00697	0.00199	0.00397	0.06071	0.04063	0.00590
15	0.00828	0.00536	0.00593	0.00593	0.00729	0.00517	0.00451	0.01102	0.05396	0.01782	0.17166	0.07709	0.18821	0.00950	0.00507	0.00155	0.00272	0.05550	0.35860	0.00484
16	0.04199	0.26080	0.12190	0.07455	0.04412	0.09454	0.01035	0.06405	0.05399	0.03494	0.04502	0.01277	0.00974	0.00764	0.04332	0.04867	0.01819	0.00405	0.00294	0.00645
17	0.01062	0.04066	0.01041	0.02198	0.01093	0.05343	0.05424	0.01313	0.05823	0.10739	0.14122	0.11180	0.15164	0.07909	0.07389	0.00250	0.02315	0.00784	0.02237	0.00548
18	0.01066	0.00627	0.00756	0.00683	0.00879	0.00569	0.00518	0.01303	0.05548	0.18933	0.23554	0.07300	0.28063	0.06992	0.00731	0.00192	0.00322	0.00880	0.00526	0.00556
19	0.01080	0.01054	0.01427	0.31585	0.17934	0.09403	0.01158	0.01309	0.01091	0.01393	0.04845	0.07224	0.06471	0.00750	0.00691	0.04336	0.06806	0.00576	0.00286	0.00581
20	0.01518	0.19655	0.21197	0.01204	0.03547	0.06730	0.01169	0.19755	0.01443	0.09552	0.01087	0.01224	0.00828	0.00565	0.00527	0.00150	0.05043	0.01688	0.02373	0.00743
21	0.00875	0.00782	0.03452	0.08738	0.13500	0.00746	0.01920	0.02315	0.04903	0.01559	0.10894	0.12435	0.18274	0.06510	0.04983	0.00228	0.00475	0.02567	0.04299	0.00546

[dist]
# distance from previous block
# <min> <max>
0	1

[block]
# block no. 5 follows, 48 sequences, length 9
# corresponding to MSA columns:
# 309-317
name=unknown_F
#
# <colnr> <probs for GDERKNQSTAVLIFYWHMCP>
#	G	D	E	R	K	N	Q	S	T	A	V	L	I	F	Y	W	H	M	C	P
0	0.00747	0.00600	0.00677	0.00655	0.00815	0.00572	0.00491	0.01104	0.12307	0.01729	0.30689	0.09812	0.35606	0.01146	0.00597	0.00172	0.00277	0.00983	0.00515	0.00505
1	0.01567	0.01335	0.01432	0.05382	0.04221	0.16053	0.06942	0.24142	0.03357	0.09656	0.02889	0.01952	0.06795	0.02253	0.00592	0.00168	0.02173	0.05779	0.02617	0.00693
2	0.01353	0.08012	0.04324	0.08888	0.32387	0.04515	0.03234	0.15923	0.05942	0.01906	0.03116	0.01556	0.03329	0.00575	0.00506	0.00155	0.00592	0.02604	0.00334	0.00747
3	0.09566	0.01322	0.17897	0.01202	0.01658	0.00969	0.14240	0.01926	0.03821	0.31682	0.09152	0.01671	0.01353	0.00597	0.00516	0.00163	0.00555	0.00523	0.00440	0.00746
4	0.17346	0.01083	0.01403	0.11015	0.01654	0.03852	0.07928	0.09125	0.03479	0.08591	0.01134	0.03996	0.00950	0.00837	0.04546	0.00212	0.19034	0.02845	0.00340	0.00629
5	0.00832	0.00674	0.00755	0.00733	0.00857	0.04333	0.00535	0.01159	0.10716	0.01704	0.36081	0.14548	0.07673	0.10162	0.06699	0.00255	0.00416	0.00894	0.00478	0.00496
6	0.00948	0.00880	0.01188	0.01035	0.01165	0.07970	0.11612	0.01098	0.00918	0.01216	0.01340	0.05878	0.01358	0.24998	0.27480	0.00484	0.09047	0.00627	0.00286	0.00471
7	0.01167	0.16268	0.55629	0.01268	0.01900	0.01265	0.01543	0.01624	0.01086	0.07279	0.01007	0.01218	0.00767	0.05170	0.00584	0.00172	0.00683	0.00392	0.00254	0.00724
8	0.13218	0.02415	0.67986	0.01349	0.02044	0.01186	0.01703	0.01608	0.01053	0.01723	0.00891	0.01047	0.00636	0.00486	0.00463	0.00162	0.00706	0.00365	0.00231	0.00729

[dist]
# distance from previous block
# <min> <max>
0	2

[block]
# block no. 6 follows, 48 sequences, length 14
# corresponding to MSA columns:
# 320-333
name=unknown_G
#
# <colnr> <probs for GDERKNQSTAVLIFYWHMCP>
#	G	D	E	R	K	N	Q	S	T	A	V	L	I	F	Y	W	H	M	C	P
0	0.01029	0.02654	0.79309	0.01462	0.02221	0.01192	0.01896	0.01625	0.01083	0.01625	0.00921	0.01083	0.00650	0.00487	0.00487	0.00162	0.00758	0.00379	0.00217	0.00758
1	0.01372	0.82276	0.02689	0.00878	0.01317	0.02030	0.00878	0.01536	0.01043	0.01207	0.00713	0.00823	0.00658	0.00439	0.00329	0.00110	0.00549	0.00274	0.00219	0.00658
2	0.00774	0.00576	0.00746	0.00702	0.00738	0.00594	0.04064	0.00817	0.00815	0.01093	0.01817	0.11473	0.05350	0.60652	0.02158	0.00419	0.05712	0.00811	0.00328	0.00362
3	0.01186	0.06429	0.01876	0.01367	0.01686	0.09836	0.31806	0.03565	0.01220	0.03476	0.12280	0.01955	0.01542	0.10980	0.04332	0.00229	0.00689	0.00603	0.04353	0.00590
4	0.05486	0.00937	0.01030	0.00875	0.01158	0.00976	0.00689	0.12057	0.23734	0.03788	0.08971	0.06192	0.07986	0.00747	0.00539	0.00152	0.03233	0.00606	0.04476	0.16369
5	0.01020	0.04532	0.01206	0.01041	0.01240	0.09203	0.07946	0.03877	0.01180	0.01512	0.05783	0.10693	0.05700	0.01375	0.10188	0.00264	0.03828	0.24473	0.00384	0.04556
6	0.07606	0.00986	0.01137	0.01037	0.03439	0.01069	0.02319	0.12919	0.30361	0.10345	0.04300	0.06232	0.01669	0.00787	0.00530	0.00174	0.00436	0.09390	0.04547	0.00720
7	0.01004	0.00822	0.00968	0.00904	0.01017	0.07174	0.00696	0.04473	0.00991	0.05257	0.01559	0.06889	0.05037	0.11386	0.38130	0.00519	0.11733	0.00616	0.00322	0.00502
8	0.55023	0.03986	0.01093	0.02852	0.01227	0.06272	0.04553	0.06711	0.01031	0.02061	0.00829	0.01078	0.00689	0.05464	0.00578	0.00180	0.05130	0.00353	0.00313	0.00577
9	0.00932	0.00655	0.00903	0.12621	0.01265	0.00697	0.02185	0.05637	0.01038	0.05465	0.01785	0.18552	0.01852	0.23183	0.11788	0.00354	0.00597	0.05618	0.04392	0.00480
10	0.01333	0.01401	0.06213	0.06360	0.13726	0.14890	0.01069	0.11186	0.02797	0.01697	0.01044	0.05392	0.00908	0.00677	0.02346	0.00164	0.11231	0.00458	0.00308	0.16801
11	0.00695	0.00532	0.00773	0.00820	0.00901	0.00501	0.05164	0.00827	0.01031	0.01359	0.02812	0.57192	0.07992	0.04404	0.00728	0.00219	0.00364	0.12789	0.00457	0.00439
12	0.04479	0.00987	0.04698	0.08764	0.03186	0.03886	0.05993	0.06831	0.01245	0.20144	0.03670	0.23274	0.01731	0.00898	0.00631	0.00179	0.05725	0.02605	0.00434	0.00640
13	0.07197	0.11402	0.13311	0.01042	0.01432	0.13483	0.02449	0.05654	0.04868	0.09721	0.04067	0.01299	0.00980	0.01791	0.00597	0.05306	0.02154	0.00406	0.00334	0.12507

[dist]
# distance from previous block
# <min> <max>
24	168

[block]
# block no. 7 follows, 48 sequences, length 24
# corresponding to MSA columns:
# 522-545
name=unknown_H
#
# <colnr> <probs for GDERKNQSTAVLIFYWHMCP>
#	G	D	E	R	K	N	Q	S	T	A	V	L	I	F	Y	W	H	M	C	P
0	0.06913	0.03475	0.13335	0.02671	0.07626	0.06789	0.04057	0.01562	0.07702	0.03887	0.01106	0.03223	0.00952	0.00812	0.04581	0.00201	0.19233	0.03131	0.00299	0.08443
1	0.08735	0.16219	0.16493	0.06161	0.05919	0.07340	0.08936	0.05560	0.05448	0.01671	0.01081	0.03328	0.02280	0.00529	0.00457	0.00145	0.00614	0.00430	0.00289	0.08365
2	0.00934	0.12847	0.04494	0.01001	0.01261	0.00924	0.13947	0.05001	0.01138	0.01476	0.04340	0.20679	0.18095	0.05425	0.05908	0.00230	0.00538	0.00850	0.00373	0.00540
3	0.00974	0.00682	0.00909	0.06427	0.11385	0.00692	0.00693	0.03161	0.05438	0.04732	0.03806	0.18732	0.10528	0.01016	0.02689	0.03700	0.00398	0.00764	0.22729	0.00545
4	0.04452	0.04350	0.14008	0.06766	0.05918	0.00982	0.13460	0.04741	0.02601	0.06090	0.03003	0.14342	0.02508	0.05165	0.00657	0.00191	0.00565	0.06402	0.03175	0.00620
5	0.06516	0.00911	0.01177	0.00925	0.01303	0.00837	0.00767	0.08721	0.01502	0.64191	0.01929	0.01888	0.01296	0.00670	0.00517	0.00163	0.00448	0.04808	0.00599	0.00834
6	0.00681	0.00481	0.00623	0.00684	0.00756	0.00442	0.00476	0.00815	0.01130	0.02945	0.22707	0.53351	0.10165	0.01418	0.00635	0.00192	0.00283	0.01271	0.00502	0.00444
7	0.01032	0.05936	0.01180	0.01186	0.12854	0.00856	0.02115	0.03086	0.01099	0.07538	0.11250	0.22936	0.02155	0.10441	0.04417	0.00242	0.08362	0.00811	0.01944	0.00558
8	0.01383	0.03179	0.01307	0.01032	0.01286	0.02070	0.07523	0.18293	0.06654	0.10818	0.05615	0.01712	0.01285	0.02951	0.06632	0.00217	0.09883	0.00523	0.16974	0.00663
9	0.00969	0.00912	0.01539	0.80734	0.03534	0.01140	0.01425	0.01311	0.01026	0.01311	0.00912	0.01368	0.00684	0.00513	0.00513	0.00171	0.00684	0.00456	0.00228	0.00570
10	0.00673	0.00511	0.00625	0.00687	0.00775	0.00480	0.00483	0.00869	0.05507	0.01463	0.11846	0.50360	0.19783	0.01422	0.00632	0.00194	0.00292	0.02456	0.00489	0.00452
11	0.01136	0.01222	0.09141	0.20976	0.32603	0.01134	0.08734	0.05568	0.01208	0.01673	0.06323	0.05671	0.01175	0.00580	0.00531	0.00163	0.00622	0.00549	0.00292	0.00698
12	0.00811	0.00514	0.00613	0.00618	0.00653	0.00510	0.00388	0.00858	0.00838	0.04547	0.01800	0.12309	0.01997	0.58635	0.06594	0.00444	0.00511	0.03288	0.03704	0.00369
13	0.00946	0.00792	0.01096	0.32818	0.01981	0.00913	0.00924	0.01446	0.17264	0.01550	0.04134	0.10878	0.05498	0.05413	0.02178	0.00206	0.00507	0.04138	0.06752	0.00567
14	0.01113	0.01147	0.05119	0.42291	0.13486	0.04301	0.07987	0.05403	0.01140	0.01499	0.01090	0.01448	0.03341	0.00669	0.03429	0.00192	0.04967	0.00485	0.00260	0.00631
15	0.01134	0.06352	0.03154	0.00966	0.01146	0.00938	0.02950	0.07913	0.01192	0.10684	0.08158	0.22289	0.02977	0.04284	0.03052	0.00218	0.13856	0.07740	0.00421	0.00576
16	0.00701	0.00489	0.00608	0.00670	0.00703	0.00476	0.00445	0.00772	0.00908	0.01201	0.02356	0.35488	0.05345	0.35827	0.03068	0.00346	0.00422	0.09395	0.00401	0.00379
17	0.00761	0.00507	0.00692	0.00742	0.00813	0.00507	0.00526	0.00879	0.00954	0.05739	0.02348	0.46259	0.04809	0.07656	0.23830	0.00403	0.00631	0.01080	0.00416	0.00448
18	0.01225	0.01220	0.06271	0.06326	0.08333	0.04288	0.15814	0.10485	0.09890	0.03840	0.01532	0.10729	0.04613	0.00828	0.02964	0.00195	0.09786	0.00636	0.00355	0.00670
19	0.03480	0.00734	0.00896	0.00775	0.01010	0.00694	0.00600	0.07528	0.04420	0.26741	0.19311	0.11405	0.13651	0.05560	0.00678	0.00186	0.00364	0.00798	0.00538	0.00631
20	0.00718	0.00537	0.00662	0.00712	0.00799	0.00521	0.00507	0.00955	0.07621	0.01496	0.14703	0.41962	0.12003	0.08162	0.00799	0.00220	0.00323	0.06362	0.00480	0.00458
21	0.07285	0.12940	0.08187	0.03229	0.01270	0.04655	0.00851	0.07000	0.03391	0.03937	0.04627	0.12470	0.10392	0.01019	0.04305	0.00201	0.07305	0.05982	0.00369	0.00587
22	0.11263	0.00859	0.01046	0.00940	0.02885	0.02246	0.04285	0.09412	0.03644	0.13485	0.06813	0.19013	0.03809	0.00876	0.00577	0.00169	0.04381	0.02642	0.08509	0.03148
23	0.00892	0.04601	0.00835	0.04245	0.00966	0.00652	0.00569	0.01090	0.05163	0.06472	0.06076	0.17486	0.14419	0.21071	0.01088	0.00260	0.00407	0.10455	0.00424	0.02830

[dist]
# distance from previous block
# <min> <max>
4	94

[block]
# block no. 8 follows, 48 sequences, length 7
# corresponding to MSA columns:
# 641-647
name=unknown_I
#
# <colnr> <probs for GDERKNQSTAVLIFYWHMCP>
#	G	D	E	R	K	N	Q	S	T	A	V	L	I	F	Y	W	H	M	C	P
0	0.06889	0.04272	0.09410	0.05526	0.06890	0.05046	0.04609	0.09660	0.02682	0.14430	0.10010	0.04292	0.03488	0.00806	0.04449	0.00187	0.00568	0.00540	0.00399	0.05845
1	0.01309	0.14707	0.23003	0.03789	0.04992	0.01206	0.06549	0.10394	0.01242	0.09986	0.01181	0.01482	0.00945	0.09230	0.02791	0.00204	0.00624	0.00458	0.05224	0.00688
2	0.03343	0.00814	0.00866	0.00763	0.00994	0.04548	0.00603	0.09555	0.05546	0.17766	0.07105	0.04659	0.09305	0.00776	0.00487	0.00152	0.00376	0.04315	0.27406	0.00620
3	0.01066	0.02570	0.05788	0.11072	0.10100	0.04167	0.08255	0.05309	0.01158	0.04562	0.04900	0.18616	0.07122	0.03258	0.04103	0.00213	0.06048	0.00747	0.00354	0.00592
4	0.04181	0.01284	0.06218	0.09968	0.26390	0.06383	0.01176	0.15551	0.05980	0.07756	0.01454	0.04659	0.05502	0.00621	0.00512	0.00159	0.00574	0.00526	0.00366	0.00739
5	0.00981	0.01074	0.12921	0.04308	0.04641	0.04485	0.02330	0.05464	0.01168	0.03902	0.10801	0.26806	0.04151	0.06676	0.00785	0.00204	0.05090	0.03263	0.00394	0.00556
6	0.00802	0.00542	0.00685	0.00728	0.00814	0.00521	0.00515	0.03772	0.03388	0.04470	0.07367	0.47329	0.09994	0.05327	0.00836	0.06877	0.00339	0.04781	0.00463	0.00452

[dist]
# distance from previous block
# <min> <max>
6	61

[block]
# block no. 9 follows, 48 sequences, length 29
# corresponding to MSA columns:
# 715-743
name=unknown_J
#
# <colnr> <probs for GDERKNQSTAVLIFYWHMCP>
#	G	D	E	R	K	N	Q	S	T	A	V	L	I	F	Y	W	H	M	C	P
0	0.09906	0.20121	0.05361	0.02069	0.13244	0.03040	0.00959	0.06008	0.10421	0.08252	0.02704	0.01366	0.02063	0.00612	0.01945	0.00156	0.02304	0.01255	0.00345	0.07868
1	0.11751	0.08488	0.04259	0.00878	0.01206	0.02387	0.00737	0.14460	0.02824	0.13655	0.01522	0.16978	0.01372	0.00739	0.00473	0.00149	0.00441	0.00600	0.04066	0.13018
2	0.14431	0.25379	0.03950	0.06513	0.01557	0.02560	0.03270	0.19809	0.01428	0.14938	0.01088	0.01141	0.00802	0.00527	0.00431	0.00144	0.00541	0.00387	0.00377	0.00727
3	0.09275	0.06655	0.03049	0.05484	0.12120	0.05387	0.03610	0.05262	0.01149	0.10366	0.05375	0.06807	0.01278	0.02732	0.12420	0.00268	0.07245	0.00541	0.00346	0.00631
4	0.01285	0.02596	0.05745	0.05480	0.01391	0.08474	0.00791	0.07577	0.01238	0.09850	0.01327	0.06564	0.02684	0.00744	0.04470	0.00159	0.00530	0.00469	0.05676	0.32950
5	0.05353	0.00971	0.02704	0.02144	0.01157	0.08561	0.05401	0.08678	0.06080	0.01759	0.18139	0.09320	0.07668	0.03488	0.00801	0.09041	0.03452	0.00695	0.04050	0.00538
6	0.01086	0.06528	0.01176	0.00873	0.01190	0.00762	0.05903	0.02425	0.01152	0.09091	0.03909	0.14537	0.08846	0.00815	0.00510	0.00142	0.00415	0.08205	0.00397	0.32037
7	0.06561	0.08145	0.05892	0.00897	0.01179	0.02275	0.02864	0.05328	0.01216	0.06783	0.08534	0.10291	0.07711	0.02146	0.00573	0.00173	0.00451	0.17749	0.00413	0.10819
8	0.50619	0.00958	0.00947	0.00782	0.01133	0.01008	0.00645	0.03991	0.01149	0.32446	0.01242	0.01202	0.00845	0.00542	0.00401	0.00159	0.00417	0.00376	0.00447	0.00689
9	0.00745	0.00501	0.00577	0.00577	0.00583	0.00507	0.00332	0.00757	0.00751	0.01008	0.01601	0.03271	0.01828	0.76897	0.07630	0.00519	0.00554	0.00733	0.00309	0.00320
10	0.01402	0.23128	0.30364	0.01222	0.01733	0.04939	0.01298	0.21080	0.01411	0.01888	0.00924	0.01049	0.00712	0.00538	0.00534	0.00149	0.06214	0.00376	0.00297	0.00741
11	0.01163	0.03747	0.01106	0.00815	0.01166	0.00794	0.00655	0.02887	0.04667	0.08630	0.10773	0.01588	0.01380	0.00609	0.00572	0.03816	0.04706	0.01353	0.00372	0.49201
12	0.01135	0.04111	0.01330	0.05485	0.21451	0.02922	0.02548	0.06587	0.04042	0.06701	0.01811	0.25672	0.01855	0.05034	0.00670	0.00194	0.00493	0.06945	0.00392	0.00623
13	0.00743	0.00551	0.00661	0.00670	0.00800	0.00518	0.00491	0.00977	0.06141	0.03972	0.20096	0.26283	0.28199	0.01441	0.05838	0.00223	0.00355	0.01072	0.00490	0.00480
14	0.01637	0.01892	0.01668	0.01387	0.01682	0.46837	0.15797	0.06778	0.01395	0.01532	0.00959	0.01152	0.00769	0.00542	0.00544	0.00145	0.04834	0.00415	0.09415	0.00618
15	0.01135	0.05144	0.02015	0.29710	0.03901	0.01167	0.28899	0.05092	0.01193	0.03539	0.01371	0.01786	0.05915	0.00579	0.00548	0.00169	0.00681	0.03776	0.02750	0.00630
16	0.01121	0.01008	0.01694	0.51622	0.19533	0.01173	0.04075	0.01435	0.01069	0.05331	0.00968	0.01349	0.00744	0.00531	0.00596	0.00170	0.06221	0.00464	0.00255	0.00642
17	0.00814	0.00629	0.00847	0.00865	0.00961	0.00644	0.03601	0.06433	0.05230	0.01519	0.02502	0.59957	0.02864	0.01397	0.00683	0.00204	0.03841	0.06056	0.00462	0.00492
18	0.01219	0.00707	0.00949	0.00851	0.01051	0.00663	0.04410	0.08229	0.01261	0.21862	0.02590	0.36277	0.11073	0.05475	0.00702	0.00200	0.00393	0.00996	0.00502	0.00588
19	0.01389	0.01012	0.01169	0.00880	0.01284	0.00916	0.00707	0.19811	0.04121	0.09115	0.01132	0.01230	0.00871	0.00564	0.00537	0.05706	0.00435	0.00381	0.00388	0.48353
20	0.01261	0.00984	0.01198	0.00908	0.01313	0.00880	0.04755	0.08873	0.12197	0.06931	0.01240	0.01319	0.00957	0.00482	0.00433	0.00111	0.00422	0.00400	0.05942	0.49394
21	0.01226	0.00966	0.01244	0.01058	0.01326	0.01040	0.09031	0.09271	0.33232	0.05664	0.08665	0.02307	0.01774	0.05011	0.04903	0.00222	0.00509	0.05919	0.05946	0.00688
22	0.00959	0.00677	0.00808	0.00683	0.00886	0.00589	0.00481	0.01074	0.00929	0.06422	0.01427	0.06268	0.01454	0.36963	0.06899	0.00327	0.00501	0.00590	0.00336	0.31728
23	0.01095	0.00879	0.01073	0.06298	0.01350	0.00702	0.00664	0.01320	0.01078	0.05775	0.01098	0.06430	0.00956	0.00484	0.00415	0.00096	0.00399	0.00402	0.00328	0.69161
24	0.01017	0.01078	0.07000	0.63820	0.14527	0.01155	0.01480	0.01372	0.01051	0.01387	0.00920	0.01334	0.00701	0.00503	0.00510	0.00168	0.00678	0.00451	0.00231	0.00619
25	0.01225	0.00882	0.01189	0.01062	0.06249	0.02362	0.04813	0.07215	0.01205	0.13194	0.05303	0.04194	0.02815	0.01482	0.22131	0.00320	0.00713	0.00524	0.00377	0.22746
26	0.06890	0.00747	0.00814	0.00749	0.00981	0.00746	0.00591	0.02974	0.18093	0.11029	0.09263	0.03515	0.33737	0.01007	0.00563	0.00174	0.00344	0.06688	0.00502	0.00593
27	0.01145	0.01257	0.10582	0.03882	0.33590	0.04996	0.02803	0.06375	0.01291	0.01775	0.14446	0.04419	0.06926	0.00667	0.00529	0.00156	0.00543	0.00594	0.00343	0.03681
28	0.00802	0.00731	0.02462	0.00944	0.02764	0.00674	0.10052	0.01086	0.06009	0.01563	0.12481	0.14357	0.30617	0.01138	0.00640	0.00185	0.02174	0.10358	0.00447	0.00515

[dist]
# distance from previous block
# <min> <max>
0	1

[block]
# block no. 10 follows, 48 sequences, length 22
# corresponding to MSA columns:
# 745-754,758-769
name=unknown_K
#
# <colnr> <probs for GDERKNQSTAVLIFYWHMCP>
#	G	D	E	R	K	N	Q	S	T	A	V	L	I	F	Y	W	H	M	C	P
0	0.04485	0.12519	0.06677	0.01324	0.09539	0.09839	0.01036	0.31819	0.08815	0.04061	0.01135	0.01193	0.00859	0.00552	0.00470	0.00145	0.00587	0.00416	0.00389	0.04139
1	0.01041	0.00820	0.01324	0.41527	0.06574	0.00943	0.03629	0.01232	0.00969	0.06330	0.01106	0.03082	0.00966	0.11495	0.01063	0.12682	0.03906	0.00519	0.00272	0.00519
2	0.01288	0.13538	0.15188	0.02739	0.09413	0.01239	0.05430	0.06522	0.09699	0.08877	0.03654	0.05735	0.02764	0.00636	0.00573	0.00157	0.06134	0.00516	0.00351	0.05546
3	0.01239	0.19049	0.38759	0.01547	0.12678	0.05127	0.04099	0.03303	0.01152	0.04268	0.00990	0.02542	0.00792	0.00516	0.00468	0.00151	0.00677	0.01658	0.00256	0.00731
4	0.01921	0.00966	0.01193	0.00963	0.01317	0.00943	0.00792	0.16164	0.10486	0.46267	0.02081	0.02145	0.04748	0.00732	0.00536	0.00167	0.00452	0.06735	0.00579	0.00814
5	0.00924	0.00611	0.00763	0.00731	0.00866	0.00607	0.00555	0.04338	0.01150	0.08495	0.12668	0.11340	0.19419	0.10240	0.09977	0.03234	0.03531	0.07105	0.02957	0.00489
6	0.04675	0.12168	0.11840	0.09826	0.10573	0.09612	0.08946	0.06276	0.04744	0.06549	0.05463	0.02882	0.03101	0.00578	0.00492	0.00154	0.00622	0.00487	0.00325	0.00686
7	0.00862	0.00706	0.00958	0.00971	0.03912	0.02885	0.00727	0.01013	0.00891	0.01264	0.01513	0.05465	0.04036	0.05851	0.41157	0.03930	0.13970	0.05425	0.03988	0.00476
8	0.00715	0.00481	0.00611	0.00655	0.00693	0.00469	0.00434	0.00745	0.00875	0.01155	0.02293	0.29375	0.10061	0.26459	0.07132	0.13400	0.00460	0.03253	0.00372	0.00361
9	0.02328	0.07367	0.16213	0.01448	0.15212	0.01127	0.04157	0.10044	0.09226	0.03243	0.06719	0.06576	0.04564	0.00778	0.02881	0.00179	0.00562	0.02839	0.00362	0.04172
10	0.06975	0.04874	0.11341	0.16840	0.22420	0.01244	0.13079	0.07067	0.03490	0.04429	0.01032	0.01284	0.00792	0.00568	0.02262	0.00175	0.00666	0.00458	0.00289	0.00716
11	0.00676	0.00480	0.00610	0.00699	0.00757	0.00453	0.00492	0.00786	0.01008	0.01340	0.02892	0.52069	0.11045	0.09825	0.00848	0.00235	0.00335	0.11193	0.03840	0.00417
12	0.00785	0.00507	0.00597	0.00619	0.00729	0.00469	0.00448	0.00938	0.01117	0.04651	0.12664	0.25275	0.20910	0.06930	0.00714	0.00196	0.00297	0.04289	0.17410	0.00455
13	0.05284	0.11693	0.11898	0.01387	0.06108	0.07879	0.11517	0.17791	0.05528	0.05992	0.02484	0.02793	0.00933	0.00580	0.00567	0.00158	0.05872	0.00464	0.00347	0.00726
14	0.01167	0.28961	0.06369	0.36997	0.05588	0.03663	0.05807	0.01455	0.01058	0.01324	0.00845	0.01144	0.00683	0.00489	0.00480	0.00149	0.02567	0.00395	0.00228	0.00628
15	0.11945	0.00573	0.00643	0.00671	0.00795	0.00554	0.00482	0.00957	0.01024	0.06492	0.02891	0.37692	0.19362	0.09767	0.00798	0.00222	0.00339	0.03885	0.00448	0.00459
16	0.01116	0.09632	0.05834	0.09033	0.16355	0.02952	0.06476	0.06640	0.01198	0.03217	0.05349	0.15322	0.04185	0.00920	0.03757	0.00195	0.03111	0.03738	0.00342	0.00629
17	0.01278	0.09244	0.07161	0.03449	0.03521	0.03858	0.00923	0.11423	0.11710	0.07831	0.08208	0.01978	0.10367	0.00884	0.03998	0.00194	0.12342	0.00566	0.00396	0.00667
18	0.01024	0.00592	0.00738	0.00680	0.00867	0.00523	0.00522	0.01205	0.01309	0.18555	0.28586	0.12312	0.26899	0.01108	0.00594	0.00172	0.00302	0.02927	0.00540	0.00545
19	0.00939	0.00643	0.00796	0.00718	0.00892	0.00645	0.05712	0.03043	0.09803	0.01808	0.07509	0.06450	0.13450	0.00909	0.02889	0.01948	0.00353	0.00672	0.40295	0.00524
20	0.01322	0.12010	0.15340	0.05726	0.15261	0.02986	0.09264	0.08464	0.05627	0.07905	0.01337	0.01556	0.04030	0.02266	0.00540	0.00162	0.00606	0.01888	0.02988	0.00720
21	0.00741	0.00637	0.03854	0.00696	0.00848	0.00549	0.00552	0.02206	0.03660	0.01699	0.34608	0.12949	0.21560	0.04905	0.04771	0.00222	0.00364	0.04209	0.00487	0.00482

[dist]
# distance from previous block
# <min> <max>
0	13

[block]
# block no. 11 follows, 48 sequences, length 10
# corresponding to MSA columns:
# 786-795
name=unknown_L
#
# <colnr> <probs for GDERKNQSTAVLIFYWHMCP>
#	G	D	E	R	K	N	Q	S	T	A	V	L	I	F	Y	W	H	M	C	P
0	0.00776	0.00622	0.00885	0.00953	0.05587	0.00611	0.04837	0.00999	0.05390	0.01411	0.04534	0.34070	0.11891	0.09296	0.07238	0.00276	0.00474	0.09243	0.00423	0.00481
1	0.04963	0.24884	0.09034	0.02853	0.01495	0.14762	0.04421	0.05872	0.05753	0.01549	0.05619	0.03068	0.01073	0.00777	0.04944	0.00186	0.07374	0.00437	0.00298	0.00638
2	0.01151	0.00792	0.00858	0.05284	0.01013	0.07070	0.00563	0.05486	0.01034	0.12649	0.01557	0.02660	0.01545	0.47708	0.06588	0.00395	0.00591	0.02219	0.00363	0.00475
3	0.00904	0.00593	0.00710	0.00683	0.00801	0.00580	0.00484	0.01162	0.08816	0.07981	0.21682	0.13495	0.09242	0.25072	0.01187	0.00270	0.00365	0.02710	0.02777	0.00485
4	0.02281	0.00751	0.04204	0.07438	0.01143	0.02591	0.00665	0.02810	0.01127	0.10990	0.09731	0.07582	0.17600	0.05612	0.05334	0.10910	0.00472	0.03917	0.04339	0.00504
5	0.01263	0.05303	0.21612	0.01209	0.03282	0.06544	0.04545	0.09225	0.13436	0.06844	0.01461	0.11205	0.01257	0.00959	0.06498	0.01712	0.02008	0.00579	0.00365	0.00691
6	0.00737	0.00492	0.00593	0.00607	0.00624	0.00493	0.00371	0.00750	0.00790	0.01054	0.01818	0.12294	0.04872	0.56629	0.08561	0.07321	0.00532	0.00802	0.00327	0.00333
7	0.08157	0.01306	0.01856	0.01416	0.01791	0.03637	0.23875	0.32175	0.01642	0.05661	0.01205	0.06070	0.00965	0.00630	0.00628	0.00169	0.07142	0.00548	0.00394	0.00733
8	0.01302	0.07702	0.05281	0.11328	0.22795	0.02705	0.04976	0.07795	0.05601	0.08668	0.04576	0.04990	0.01181	0.00743	0.03996	0.00187	0.02031	0.00525	0.02912	0.00706
9	0.01325	0.03564	0.01647	0.11478	0.11588	0.04245	0.13559	0.09800	0.09040	0.09533	0.01496	0.09389	0.01299	0.02470	0.00588	0.00175	0.00583	0.04837	0.00381	0.03002

[dist]
# distance from previous block
# <min> <max>
4	20

[block]
# block no. 12 follows, 48 sequences, length 12
