[name]
unknown

[dist]
# distance from previous block
# <min> <max>
0	100

[block]
# block no. 0 follows, 55 sequences, length 21
# corresponding to MSA columns:
# 150-166,171-174
name=unknown_A
#
# <colnr> <probs for GDERKNQSTAVLIFYWHMCP>
#	G	D	E	R	K	N	Q	S	T	A	V	L	I	F	Y	W	H	M	C	P
0	0.07189	0.04722	0.09628	0.02405	0.07412	0.06908	0.06762	0.19400	0.06465	0.10189	0.03363	0.01446	0.02082	0.00634	0.02820	0.00159	0.00546	0.03669	0.00357	0.03843
1	0.13111	0.06157	0.01112	0.10202	0.05481	0.03333	0.01701	0.08122	0.13436	0.05757	0.04549	0.08806	0.04049	0.05001	0.00540	0.00158	0.00430	0.00521	0.00353	0.07181
2	0.05913	0.01114	0.05779	0.10193	0.01540	0.08255	0.07130	0.11569	0.12094	0.15933	0.05415	0.05169	0.01907	0.00584	0.00463	0.00144	0.00498	0.00490	0.01296	0.04517
3	0.01493	0.05768	0.01314	0.04576	0.01423	0.49749	0.00859	0.06488	0.05837	0.01332	0.00838	0.00978	0.00690	0.00598	0.03387	0.00145	0.04570	0.00332	0.00266	0.09356
4	0.09908	0.00810	0.00941	0.02480	0.01108	0.00719	0.00595	0.05062	0.02465	0.12621	0.01225	0.06966	0.03276	0.00601	0.02649	0.00126	0.01789	0.00417	0.00343	0.45898
5	0.00568	0.00423	0.00530	0.00607	0.00666	0.00384	0.00416	0.00664	0.00950	0.01239	0.07230	0.62354	0.19531	0.01371	0.00582	0.00180	0.00260	0.01224	0.00436	0.00384
6	0.01471	0.01063	0.01329	0.10261	0.01574	0.01154	0.05965	0.41159	0.08048	0.10931	0.04677	0.04826	0.01120	0.00705	0.03400	0.00169	0.00521	0.00500	0.00427	0.00699
7	0.01119	0.01056	0.05542	0.27981	0.16610	0.04493	0.05511	0.11690	0.03583	0.04959	0.01181	0.11997	0.01037	0.00604	0.00483	0.00152	0.00552	0.00539	0.00302	0.00610
8	0.01081	0.01061	0.01675	0.32345	0.47783	0.05331	0.01349	0.01362	0.01025	0.01377	0.00849	0.01168	0.00686	0.00437	0.00460	0.00143	0.00593	0.00408	0.00222	0.00645
9	0.00634	0.00452	0.00563	0.00594	0.00685	0.00408	0.00423	0.00766	0.01065	0.03772	0.25182	0.39772	0.21527	0.01222	0.00567	0.00168	0.00251	0.01081	0.00459	0.00411
10	0.01400	0.01359	0.03968	0.08458	0.11643	0.21795	0.04252	0.09515	0.16632	0.09256	0.01155	0.01252	0.00877	0.00632	0.03514	0.00165	0.02722	0.00419	0.00334	0.00653
11	0.01286	0.01114	0.01707	0.10392	0.44642	0.01167	0.05327	0.18734	0.05374	0.04185	0.01008	0.01201	0.00783	0.00466	0.00468	0.00142	0.00549	0.00430	0.00303	0.00722
12	0.00733	0.00492	0.00596	0.00574	0.00712	0.00435	0.00428	0.00892	0.01165	0.08585	0.34949	0.14660	0.31908	0.01071	0.00548	0.00156	0.00248	0.00926	0.00477	0.00445
13	0.00670	0.00480	0.00616	0.00699	0.02712	0.00462	0.00468	0.04848	0.00999	0.01361	0.08250	0.61513	0.05744	0.03679	0.00616	0.00184	0.00287	0.01139	0.04857	0.00414
14	0.07053	0.10668	0.27664	0.01073	0.01507	0.07708	0.01095	0.21813	0.01320	0.07717	0.01007	0.04542	0.00787	0.00537	0.00468	0.00141	0.03518	0.00397	0.00315	0.00669
15	0.04858	0.03541	0.01160	0.01023	0.05287	0.05413	0.03288	0.09405	0.31982	0.09640	0.02867	0.04676	0.06952	0.00667	0.00514	0.00152	0.03954	0.01879	0.02085	0.00656
16	0.01281	0.01101	0.01399	0.27561	0.09597	0.07757	0.03007	0.22785	0.03533	0.05174	0.03375	0.01415	0.00921	0.00563	0.00533	0.00151	0.05219	0.03674	0.00325	0.00629
17	0.00711	0.00560	0.00730	0.00710	0.00820	0.00565	0.02277	0.00930	0.07545	0.01262	0.05366	0.29901	0.07884	0.11570	0.17135	0.00316	0.02795	0.00833	0.00360	0.07731
18	0.01313	0.22216	0.21582	0.04504	0.01506	0.01189	0.03313	0.07397	0.03430	0.18457	0.01085	0.01194	0.00811	0.02534	0.04695	0.00175	0.03246	0.00384	0.00313	0.00658
19	0.01449	0.33031	0.04593	0.01000	0.01332	0.25472	0.00869	0.12182	0.09873	0.02693	0.00893	0.00961	0.00723	0.00484	0.00415	0.00122	0.02674	0.00328	0.00283	0.00625
20	0.01226	0.37418	0.08370	0.00845	0.01235	0.01294	0.00800	0.11280	0.02613	0.06155	0.03910	0.04778	0.00940	0.00495	0.00376	0.00112	0.00457	0.00372	0.00297	0.17025

[dist]
# distance from previous block
# <min> <max>
0	2

[block]
# block no. 1 follows, 55 sequences, length 9
# corresponding to MSA columns:
# 177-185
name=unknown_B
#
# <colnr> <probs for GDERKNQSTAVLIFYWHMCP>
#	G	D	E	R	K	N	Q	S	T	A	V	L	I	F	Y	W	H	M	C	P
0	0.00832	0.00601	0.00679	0.00664	0.00790	0.00612	0.00485	0.07673	0.12014	0.02793	0.03985	0.22656	0.15491	0.15396	0.00842	0.00213	0.00335	0.05058	0.08418	0.00465
1	0.00727	0.00653	0.03058	0.24285	0.02923	0.00660	0.03136	0.00962	0.04243	0.01281	0.03722	0.37331	0.10562	0.00990	0.00530	0.00168	0.00400	0.00887	0.03023	0.00460
2	0.01317	0.18296	0.24135	0.01464	0.17902	0.06815	0.04233	0.06342	0.01141	0.12687	0.00959	0.01063	0.00718	0.00454	0.00424	0.00133	0.00584	0.00366	0.00278	0.00688
3	0.07550	0.00786	0.00953	0.00780	0.01077	0.00745	0.00641	0.12078	0.01334	0.43745	0.02159	0.02229	0.13851	0.00717	0.00478	0.00150	0.00381	0.06837	0.02843	0.00669
4	0.00731	0.00455	0.00605	0.00672	0.00735	0.00424	0.00471	0.00827	0.00932	0.08634	0.02415	0.64014	0.02773	0.06808	0.00704	0.00204	0.00307	0.07440	0.00435	0.00414
5	0.03414	0.27373	0.09455	0.04034	0.13837	0.08626	0.05007	0.11586	0.01168	0.05022	0.00856	0.01023	0.00693	0.02018	0.00486	0.00136	0.04003	0.00356	0.00265	0.00643
6	0.02499	0.02965	0.03242	0.00890	0.01140	0.06262	0.03486	0.14792	0.15831	0.13346	0.03655	0.07861	0.05744	0.08653	0.07306	0.00226	0.00516	0.00574	0.00406	0.00607
7	0.00643	0.00442	0.00564	0.00618	0.00692	0.00402	0.00431	0.00754	0.00998	0.04748	0.14031	0.55557	0.15788	0.01302	0.00575	0.00176	0.00263	0.01161	0.00450	0.00407
8	0.01557	0.09128	0.01443	0.01026	0.01362	0.04405	0.05974	0.39912	0.11383	0.11147	0.01246	0.01343	0.00940	0.06311	0.00586	0.00160	0.00506	0.00443	0.00416	0.00710

[dist]
# distance from previous block
# <min> <max>
0	48

[block]
# block no. 2 follows, 55 sequences, length 17
# corresponding to MSA columns:
# 236-252
name=unknown_C
#
# <colnr> <probs for GDERKNQSTAVLIFYWHMCP>
#	G	D	E	R	K	N	Q	S	T	A	V	L	I	F	Y	W	H	M	C	P
0	0.00924	0.04910	0.09932	0.61897	0.08034	0.01095	0.01313	0.01242	0.00937	0.01234	0.00815	0.01176	0.00623	0.00469	0.00493	0.00152	0.03596	0.00398	0.00207	0.00553
1	0.06601	0.00871	0.01418	0.65809	0.14062	0.01044	0.01259	0.01234	0.00939	0.01295	0.00822	0.01196	0.00629	0.00456	0.00453	0.00152	0.00593	0.00403	0.00215	0.00547
2	0.11536	0.07515	0.01561	0.04555	0.18869	0.22949	0.09931	0.01518	0.04417	0.01426	0.03087	0.01125	0.00802	0.00633	0.04728	0.00169	0.03946	0.00388	0.00255	0.00590
3	0.00583	0.00415	0.00538	0.00624	0.00655	0.00389	0.00413	0.00661	0.00887	0.01183	0.05606	0.68725	0.04938	0.11074	0.00799	0.00217	0.00288	0.01219	0.00417	0.00369
4	0.00947	0.04339	0.01483	0.49640	0.20569	0.01047	0.01212	0.01214	0.00968	0.01293	0.06102	0.01341	0.00900	0.00527	0.00545	0.02234	0.04415	0.00435	0.00232	0.00557
5	0.14965	0.01121	0.01159	0.09616	0.01430	0.12557	0.04864	0.25267	0.02491	0.01884	0.01220	0.15759	0.01127	0.00782	0.03562	0.00172	0.00543	0.00547	0.00351	0.00583
6	0.01143	0.38828	0.14758	0.05134	0.07099	0.04828	0.03190	0.03296	0.09265	0.01346	0.01123	0.01214	0.05982	0.00493	0.00392	0.00126	0.00530	0.00376	0.00254	0.00622
7	0.00623	0.00500	0.00622	0.00704	0.06083	0.00449	0.00467	0.00769	0.01087	0.01416	0.23553	0.22608	0.37161	0.01134	0.00554	0.00161	0.00261	0.00987	0.00439	0.00424
8	0.00970	0.05329	0.60749	0.04788	0.02066	0.01134	0.12903	0.01449	0.00987	0.01437	0.00835	0.01025	0.00609	0.00446	0.00489	0.00149	0.03397	0.00375	0.00203	0.00662
9	0.02214	0.01199	0.05914	0.19827	0.26771	0.07495	0.11416	0.05382	0.05241	0.06888	0.00981	0.01202	0.00749	0.00467	0.00490	0.00146	0.02263	0.00427	0.00273	0.00654
10	0.00927	0.02446	0.18345	0.42473	0.06152	0.01001	0.04061	0.04294	0.01002	0.01369	0.01065	0.01360	0.04082	0.00634	0.04265	0.00177	0.00623	0.00430	0.04729	0.00565
11	0.07706	0.08827	0.04847	0.00901	0.04109	0.02499	0.04016	0.13118	0.01985	0.04902	0.13127	0.14922	0.09909	0.00821	0.00487	0.00152	0.00404	0.05412	0.01310	0.00548
12	0.04202	0.00587	0.00801	0.06129	0.01022	0.00575	0.05832	0.00988	0.06075	0.05523	0.06710	0.37432	0.20148	0.01090	0.00543	0.00169	0.00334	0.00969	0.00412	0.00460
13	0.05488	0.12520	0.13165	0.09558	0.04548	0.10624	0.02903	0.06027	0.08521	0.10466	0.01174	0.04278	0.01941	0.06161	0.00563	0.00160	0.00544	0.00438	0.00312	0.00611
14	0.08994	0.00750	0.00809	0.06079	0.01046	0.04687	0.00576	0.07395	0.01147	0.12668	0.07824	0.07076	0.19743	0.00873	0.03916	0.00166	0.00396	0.00614	0.08896	0.06344
15	0.01567	0.01634	0.01289	0.01102	0.01362	0.43058	0.04691	0.18668	0.04708	0.04715	0.00999	0.01196	0.00812	0.06264	0.04030	0.00177	0.00706	0.00391	0.02037	0.00592
16	0.13103	0.01366	0.22614	0.12261	0.10588	0.01096	0.07190	0.06147	0.08268	0.04720	0.02003	0.02076	0.00795	0.00505	0.00505	0.00152	0.05282	0.00411	0.00281	0.00638

[dist]
# distance from previous block
# <min> <max>
0	3

[block]
# block no. 3 follows, 55 sequences, length 11
# corresponding to MSA columns:
# 256-266
name=unknown_D
#
# <colnr> <probs for GDERKNQSTAVLIFYWHMCP>
#	G	D	E	R	K	N	Q	S	T	A	V	L	I	F	Y	W	H	M	C	P
0	0.03099	0.16859	0.35913	0.04049	0.06716	0.07057	0.06195	0.01489	0.01014	0.06490	0.00893	0.02976	0.00704	0.00482	0.00472	0.00140	0.04200	0.00375	0.00237	0.00641
1	0.00644	0.00455	0.00526	0.00534	0.00574	0.00442	0.00335	0.00695	0.00803	0.01057	0.07069	0.10477	0.14856	0.52650	0.06628	0.00378	0.00433	0.00784	0.00333	0.00327
2	0.00711	0.00530	0.02818	0.03568	0.00836	0.00459	0.00507	0.00848	0.01016	0.06929	0.12852	0.41847	0.18741	0.03038	0.00602	0.00178	0.00298	0.03355	0.00434	0.00431
3	0.06568	0.16372	0.04650	0.05885	0.11649	0.07236	0.04407	0.09588	0.05144	0.12466	0.01051	0.03167	0.00834	0.00608	0.01568	0.04747	0.02714	0.00405	0.00313	0.00628
4	0.04869	0.05506	0.11224	0.00936	0.01301	0.00903	0.05449	0.10169	0.05476	0.33903	0.05013	0.04598	0.07322	0.00628	0.00467	0.00146	0.00446	0.00521	0.00440	0.00684
5	0.00959	0.00675	0.00723	0.00670	0.00764	0.04928	0.00456	0.10857	0.00981	0.06967	0.01535	0.12677	0.01625	0.47704	0.06187	0.00355	0.00498	0.00680	0.00341	0.00417
6	0.25779	0.08581	0.09672	0.10574	0.10259	0.01137	0.05211	0.07940	0.02986	0.05482	0.00938	0.04608	0.00765	0.00511	0.00448	0.00146	0.03675	0.00398	0.00288	0.00604
7	0.04622	0.05036	0.12460	0.04189	0.12101	0.02207	0.05766	0.13965	0.04915	0.09888	0.03880	0.05625	0.02743	0.00568	0.00492	0.00142	0.03438	0.00472	0.00338	0.07153
8	0.00840	0.00530	0.00675	0.00631	0.00776	0.00489	0.00481	0.01070	0.04201	0.11801	0.48554	0.11242	0.12524	0.00978	0.00543	0.00154	0.00261	0.03267	0.00499	0.00483
9	0.01224	0.05979	0.01561	0.02801	0.23377	0.07314	0.12193	0.01469	0.02830	0.14077	0.05665	0.09073	0.03926	0.00674	0.02054	0.00159	0.04118	0.00554	0.00330	0.00625
10	0.04494	0.12905	0.25709	0.03095	0.17011	0.03641	0.04718	0.02442	0.03304	0.04975	0.01066	0.03451	0.03759	0.00527	0.00519	0.00144	0.06928	0.00418	0.00255	0.00641

[dist]
# distance from previous block
# <min> <max>
0	22

[block]
# block no. 4 follows, 55 sequences, length 21
# corresponding to MSA columns:
# 289-309
name=unknown_E
#
# <colnr> <probs for GDERKNQSTAVLIFYWHMCP>
#	G	D	E	R	K	N	Q	S	T	A	V	L	I	F	Y	W	H	M	C	P
0	0.04155	0.04021	0.09746	0.06877	0.09095	0.01053	0.24436	0.10238	0.01223	0.17816	0.01317	0.01421	0.05402	0.00507	0.00481	0.00147	0.00577	0.00481	0.00336	0.00669
1	0.00582	0.00417	0.00543	0.00627	0.00664	0.00389	0.00420	0.00672	0.00922	0.01234	0.09768	0.68219	0.05564	0.06766	0.00704	0.00201	0.00276	0.01225	0.00429	0.00378
2	0.01216	0.31624	0.08017	0.06587	0.12401	0.07769	0.12417	0.04406	0.02915	0.03550	0.02670	0.01132	0.02454	0.00459	0.00414	0.00128	0.00579	0.00384	0.00251	0.00626
3	0.04630	0.15122	0.05798	0.22455	0.06432	0.04933	0.04858	0.15658	0.02811	0.05411	0.03837	0.01203	0.00850	0.00491	0.00429	0.00137	0.00543	0.00399	0.03383	0.00620
4	0.00602	0.00458	0.00537	0.00554	0.00653	0.00412	0.00397	0.00728	0.01048	0.01364	0.23295	0.20917	0.33345	0.10224	0.00761	0.00195	0.00269	0.03415	0.00436	0.00390
5	0.11835	0.08703	0.15348	0.07097	0.02968	0.05470	0.08291	0.04573	0.03976	0.01499	0.03697	0.03033	0.00910	0.00875	0.09962	0.00216	0.07494	0.00422	0.03062	0.00567
6	0.04107	0.05692	0.22670	0.02741	0.03243	0.13216	0.05946	0.08811	0.10822	0.09009	0.04183	0.02594	0.00970	0.00582	0.01833	0.00153	0.02030	0.00425	0.00320	0.00651
7	0.03576	0.23705	0.11961	0.01163	0.07194	0.01269	0.07725	0.05692	0.07694	0.04196	0.03405	0.05908	0.00990	0.00571	0.00549	0.00142	0.10133	0.00444	0.03067	0.00615
8	0.00625	0.00461	0.00556	0.00564	0.00673	0.00417	0.00417	0.00789	0.01135	0.01538	0.36541	0.18233	0.26424	0.01099	0.00548	0.00158	0.00241	0.03738	0.05431	0.00414
9	0.03941	0.15000	0.10527	0.01107	0.02376	0.14586	0.09643	0.06652	0.02296	0.08835	0.05688	0.05699	0.01142	0.00608	0.00521	0.00144	0.05882	0.04444	0.00312	0.00598
10	0.06336	0.01159	0.08731	0.01296	0.13082	0.02459	0.06660	0.17933	0.05842	0.26897	0.01291	0.01342	0.00918	0.03306	0.00523	0.00154	0.00505	0.00440	0.00404	0.00721
11	0.00657	0.00478	0.00639	0.00735	0.00816	0.00459	0.00584	0.00809	0.00999	0.01298	0.02731	0.35904	0.10737	0.01342	0.00614	0.00198	0.00346	0.39817	0.00430	0.00405
12	0.06336	0.03521	0.01332	0.06375	0.02707	0.41517	0.03712	0.12032	0.01320	0.07415	0.02546	0.03704	0.00826	0.00543	0.00483	0.00135	0.04213	0.00391	0.00304	0.00587
13	0.05933	0.07465	0.22154	0.01126	0.01535	0.11241	0.07359	0.21362	0.03925	0.03535	0.05625	0.04597	0.01010	0.00549	0.00449	0.00141	0.00577	0.00440	0.00324	0.00651
14	0.05365	0.00824	0.00917	0.05968	0.01131	0.00892	0.00642	0.22462	0.12181	0.08340	0.02580	0.04765	0.03904	0.00662	0.01759	0.00147	0.00384	0.00495	0.25975	0.00605
15	0.00857	0.00476	0.00521	0.00504	0.00614	0.00483	0.00377	0.04047	0.01020	0.01689	0.09907	0.01942	0.01523	0.03965	0.06017	0.03014	0.00314	0.00489	0.61808	0.00433
16	0.04332	0.21547	0.07473	0.04616	0.08925	0.08193	0.17514	0.04432	0.05664	0.03982	0.05469	0.03864	0.00998	0.00503	0.00439	0.00136	0.00573	0.00443	0.00280	0.00617
17	0.03233	0.23808	0.17519	0.06387	0.07875	0.05955	0.10642	0.06613	0.04052	0.07028	0.00927	0.01058	0.00711	0.00451	0.00417	0.00133	0.00583	0.00370	0.01590	0.00648
18	0.00776	0.00539	0.00697	0.00742	0.00868	0.00521	0.00613	0.01000	0.04141	0.05393	0.09842	0.09070	0.16144	0.04300	0.00665	0.00200	0.00364	0.43240	0.00440	0.00445
19	0.01314	0.03483	0.05878	0.10385	0.08266	0.06889	0.11875	0.16327	0.17890	0.07823	0.01301	0.01424	0.02618	0.00539	0.00474	0.00147	0.00551	0.01780	0.00356	0.00678
20	0.11454	0.08977	0.08361	0.05131	0.13110	0.12700	0.00976	0.14146	0.05565	0.04281	0.02099	0.01175	0.00814	0.00521	0.00482	0.00140	0.05195	0.01944	0.02296	0.00634

[dist]
# distance from previous block
# <min> <max>
0	7

[block]
# block no. 5 follows, 55 sequences, length 51
# corresponding to MSA columns:
# 317-335,337-368
name=unknown_F
#
# <colnr> <probs for GDERKNQSTAVLIFYWHMCP>
#	G	D	E	R	K	N	Q	S	T	A	V	L	I	F	Y	W	H	M	C	P
0	0.01129	0.02932	0.03711	0.23079	0.13823	0.02879	0.17452	0.01464	0.05381	0.08412	0.02896	0.01283	0.00836	0.00509	0.00600	0.00153	0.10159	0.00451	0.00272	0.02578
1	0.00589	0.00430	0.00542	0.00608	0.00672	0.00393	0.00424	0.00680	0.00957	0.01250	0.09942	0.52497	0.19863	0.01354	0.00644	0.04579	0.00270	0.03499	0.00427	0.00379
2	0.01405	0.03374	0.06647	0.02965	0.14375	0.13920	0.09501	0.10388	0.08479	0.14616	0.04685	0.02873	0.01056	0.00547	0.00491	0.00144	0.02216	0.01297	0.00352	0.00670
3	0.01534	0.05708	0.03436	0.02846	0.07610	0.05372	0.02806	0.18518	0.11536	0.25370	0.02427	0.06621	0.01172	0.00617	0.00469	0.00146	0.00472	0.02203	0.00433	0.00704
4	0.01555	0.00970	0.01091	0.00966	0.05212	0.06255	0.00729	0.14791	0.16554	0.29889	0.09033	0.01655	0.01396	0.00602	0.00462	0.00141	0.00417	0.00490	0.07094	0.00700
5	0.01217	0.01188	0.03077	0.07220	0.37445	0.09638	0.01156	0.10078	0.02141	0.02410	0.00902	0.01212	0.00766	0.04329	0.02811	0.00178	0.12910	0.00416	0.00261	0.00644
6	0.01420	0.08890	0.12267	0.05176	0.06704	0.03200	0.08309	0.12748	0.11671	0.20353	0.01261	0.01329	0.00916	0.03059	0.00513	0.00152	0.00528	0.00435	0.00370	0.00698
7	0.03404	0.06148	0.10826	0.04295	0.10265	0.01118	0.22599	0.12937	0.05775	0.08968	0.01126	0.03156	0.00883	0.04231	0.00558	0.00159	0.00578	0.00474	0.01840	0.00658
8	0.01308	0.01040	0.01112	0.00962	0.01248	0.01181	0.00759	0.15436	0.62758	0.06148	0.01759	0.01623	0.01300	0.00616	0.00472	0.00154	0.00394	0.00505	0.00477	0.00748
9	0.08308	0.00974	0.01325	0.05058	0.09903	0.04601	0.08499	0.08340	0.02552	0.21622	0.05980	0.07741	0.01208	0.00640	0.00607	0.00155	0.10959	0.00520	0.00376	0.00632
10	0.05510	0.28078	0.08684	0.00996	0.04846	0.01226	0.05497	0.08175	0.01042	0.01474	0.00880	0.02904	0.00766	0.02695	0.04277	0.00155	0.04077	0.00361	0.02745	0.15613
11	0.00636	0.00447	0.00576	0.00638	0.00705	0.00416	0.00446	0.00771	0.02574	0.03446	0.14553	0.58702	0.10020	0.01312	0.00578	0.00178	0.00268	0.02878	0.00449	0.00408
12	0.00632	0.00526	0.00575	0.00615	0.00712	0.04066	0.00443	0.00749	0.01007	0.01270	0.09763	0.37075	0.31390	0.01366	0.04710	0.00200	0.00334	0.03748	0.00421	0.00399
13	0.04875	0.07495	0.18732	0.01157	0.03556	0.09217	0.09691	0.13608	0.05837	0.08435	0.06515	0.06539	0.01148	0.00576	0.00460	0.00143	0.00553	0.00482	0.00336	0.00644
14	0.01046	0.05424	0.28404	0.06963	0.18125	0.01168	0.16062	0.01507	0.07960	0.01466	0.00931	0.01143	0.00719	0.00470	0.00542	0.00151	0.06602	0.00418	0.00236	0.00662
15	0.01388	0.00879	0.01027	0.00886	0.01155	0.00941	0.00707	0.04202	0.41305	0.26119	0.01935	0.01905	0.04890	0.00810	0.04657	0.00186	0.02591	0.03228	0.00483	0.00706
16	0.01383	0.03473	0.15651	0.03417	0.06935	0.06382	0.09297	0.16220	0.17954	0.12664	0.01249	0.01280	0.00903	0.00517	0.00465	0.00145	0.00552	0.00436	0.00366	0.00712
17	0.08756	0.10577	0.06151	0.10421	0.13489	0.03660	0.04793	0.11935	0.09383	0.10644	0.03108	0.03108	0.00943	0.00519	0.00438	0.00141	0.00508	0.00430	0.00335	0.00659
18	0.00589	0.00417	0.00549	0.00646	0.00675	0.00395	0.00436	0.00670	0.00880	0.01171	0.02449	0.70684	0.02915	0.09624	0.00773	0.00217	0.00297	0.05824	0.00417	0.00371
19	0.01042	0.01137	0.07764	0.09232	0.22650	0.04619	0.22217	0.01333	0.01051	0.03323	0.01330	0.05743	0.05350	0.00608	0.00547	0.00158	0.03441	0.07580	0.00274	0.00603
20	0.03413	0.09064	0.07628	0.03166	0.06474	0.09086	0.10420	0.10715	0.08906	0.18182	0.02944	0.02307	0.02345	0.00539	0.00483	0.00142	0.02705	0.00447	0.00361	0.00671
21	0.03065	0.06150	0.38320	0.05150	0.07452	0.04757	0.19168	0.03246	0.01067	0.05969	0.00905	0.01081	0.00663	0.00439	0.00459	0.00145	0.00666	0.00398	0.00240	0.00662
22	0.05613	0.02959	0.05469	0.18946	0.21418	0.07466	0.02439	0.13735	0.02482	0.01619	0.01112	0.11643	0.01007	0.01493	0.00485	0.00151	0.00543	0.00513	0.00294	0.00612
23	0.01179	0.08479	0.15841	0.16068	0.17706	0.08327	0.12627	0.01484	0.01044	0.07274	0.00893	0.01115	0.00686	0.00462	0.00509	0.00144	0.04880	0.00401	0.00243	0.00636
24	0.01152	0.04631	0.07544	0.15252	0.12794	0.01020	0.16723	0.06741	0.05563	0.10249	0.07868	0.05164	0.02077	0.00560	0.00487	0.00149	0.00544	0.00524	0.00326	0.00632
25	0.00870	0.00565	0.00685	0.00668	0.00817	0.00537	0.00501	0.01156	0.10939	0.12494	0.15806	0.27706	0.20191	0.01078	0.00546	0.00166	0.00290	0.04018	0.00470	0.00496
26	0.04921	0.06572	0.35318	0.03314	0.01682	0.01070	0.10121	0.06145	0.08972	0.05149	0.01191	0.05389	0.02685	0.00689	0.04605	0.00179	0.00612	0.00459	0.00286	0.00642
27	0.00977	0.00863	0.05206	0.03023	0.05415	0.00804	0.09722	0.09736	0.09335	0.04794	0.07773	0.13455	0.10571	0.00886	0.00541	0.00167	0.00438	0.15335	0.00400	0.00559
28	0.01042	0.01075	0.04609	0.29353	0.40142	0.01097	0.11346	0.01350	0.01010	0.01394	0.00860	0.01186	0.00686	0.00439	0.00497	0.00148	0.02473	0.00429	0.00221	0.00642
29	0.03388	0.01046	0.01891	0.03344	0.08872	0.02311	0.38240	0.06130	0.01166	0.15236	0.01277	0.10051	0.01050	0.00558	0.00510	0.00153	0.00595	0.00580	0.02967	0.00636
30	0.03125	0.01314	0.14166	0.07404	0.09477	0.11193	0.18734	0.03697	0.01114	0.01490	0.11016	0.05443	0.01324	0.00677	0.02875	0.00168	0.02692	0.03225	0.00286	0.00579
31	0.05068	0.00499	0.00595	0.00609	0.00719	0.00471	0.00445	0.02858	0.01074	0.03164	0.22708	0.31642	0.21066	0.01169	0.00590	0.02854	0.00272	0.03336	0.00442	0.00419
32	0.01070	0.00579	0.00735	0.00676	0.00852	0.00526	0.00512	0.02994	0.03189	0.24819	0.17618	0.26570	0.15952	0.01012	0.00535	0.00160	0.00299	0.00880	0.00491	0.00532
33	0.03676	0.17252	0.10088	0.01193	0.06573	0.12242	0.08257	0.16228	0.06417	0.08299	0.01170	0.01229	0.04346	0.00510	0.00432	0.00134	0.00565	0.00406	0.00322	0.00661
34	0.03115	0.02591	0.03503	0.00897	0.03903	0.00776	0.02577	0.09943	0.03783	0.36043	0.03622	0.12521	0.01398	0.00828	0.04616	0.00177	0.00439	0.00575	0.08037	0.00656
35	0.00673	0.00453	0.00525	0.00535	0.00543	0.00454	0.00316	0.00690	0.00704	0.00940	0.01554	0.07491	0.01786	0.73751	0.04684	0.00438	0.00465	0.03408	0.00294	0.00296
36	0.00757	0.00725	0.04884	0.03057	0.06124	0.04757	0.02367	0.02320	0.03663	0.01353	0.07962	0.45504	0.10545	0.01107	0.00544	0.00168	0.00359	0.00986	0.02356	0.00461
37	0.08448	0.06862	0.15595	0.08467	0.10344	0.09593	0.05141	0.13364	0.05097	0.09805	0.01029	0.02460	0.00778	0.00496	0.00437	0.00141	0.00569	0.00399	0.00312	0.00662
38	0.01176	0.08515	0.04386	0.15645	0.21330	0.09827	0.01131	0.06114	0.06799	0.01412	0.00860	0.01104	0.00710	0.00541	0.00674	0.00152	0.18366	0.00392	0.00249	0.00618
39	0.00671	0.00462	0.00569	0.00571	0.00593	0.00482	0.00361	0.00715	0.00700	0.00954	0.01438	0.04734	0.01593	0.61397	0.22352	0.00519	0.00647	0.00648	0.00277	0.00318
40	0.01017	0.01014	0.01843	0.01402	0.01733	0.01000	0.41955	0.05494	0.13847	0.01615	0.07571	0.10360	0.06486	0.00651	0.00551	0.00159	0.01699	0.00668	0.00340	0.00596
41	0.00585	0.00425	0.00551	0.00638	0.00686	0.00395	0.00442	0.00684	0.00937	0.01239	0.07088	0.64613	0.10366	0.03271	0.00631	0.00191	0.00278	0.06166	0.00433	0.00384
42	0.01540	0.01234	0.01309	0.01157	0.07232	0.06678	0.00867	0.42304	0.22877	0.05103	0.01296	0.01278	0.00952	0.00555	0.00460	0.00141	0.00489	0.00436	0.00432	0.03657
43	0.01237	0.17361	0.12894	0.03433	0.01411	0.10428	0.02452	0.10932	0.03181	0.04657	0.04213	0.01092	0.00848	0.00457	0.00397	0.00113	0.00515	0.00348	0.00292	0.23739
44	0.01263	0.21631	0.30546	0.01137	0.03859	0.05103	0.04064	0.09395	0.01146	0.10462	0.00948	0.01052	0.00712	0.00592	0.04073	0.00159	0.00615	0.00355	0.00276	0.02612
45	0.00997	0.16906	0.62981	0.01277	0.04302	0.01224	0.01530	0.01450	0.00972	0.01400	0.00798	0.00946	0.00596	0.00441	0.00440	0.00140	0.02402	0.00330	0.00198	0.00669
46	0.00770	0.00685	0.06095	0.02775	0.02273	0.00573	0.03647	0.00954	0.01070	0.06631	0.16757	0.18769	0.27002	0.01034	0.00588	0.00165	0.03776	0.05553	0.00414	0.00469
47	0.03496	0.06782	0.01375	0.06660	0.08153	0.08649	0.09337	0.04654	0.07957	0.22063	0.01551	0.06178	0.06062	0.04337	0.00553	0.00158	0.00503	0.00525	0.00375	0.00630
48	0.01192	0.00808	0.06156	0.00794	0.01038	0.00714	0.00675	0.05386	0.08170	0.24807	0.14753	0.07603	0.14592	0.00913	0.03094	0.00175	0.04587	0.03490	0.00459	0.00594
49	0.00570	0.00409	0.00538	0.00638	0.00671	0.00381	0.00427	0.00654	0.00902	0.01199	0.04197	0.77582	0.05897	0.02755	0.00620	0.00191	0.00271	0.01290	0.00431	0.00378
50	0.01112	0.05570	0.01351	0.20835	0.05689	0.04736	0.05545	0.03984	0.29733	0.03535	0.01284	0.01422	0.00991	0.00731	0.05733	0.00188	0.03476	0.00456	0.03006	0.00625

[dist]
# distance from previous block
# <min> <max>
1	13

[block]
# block no. 6 follows, 55 sequences, length 27
# corresponding to MSA columns:
# 382-408
name=unknown_G
#
# <colnr> <probs for GDERKNQSTAVLIFYWHMCP>
#	G	D	E	R	K	N	Q	S	T	A	V	L	I	F	Y	W	H	M	C	P
0	0.22223	0.06149	0.19297	0.02994	0.01322	0.08675	0.00897	0.08330	0.05105	0.05231	0.11091	0.04477	0.01234	0.00571	0.00419	0.00142	0.00489	0.00436	0.00327	0.00591
1	0.01126	0.13843	0.06235	0.04006	0.02377	0.03235	0.03697	0.07317	0.08529	0.02680	0.02252	0.01092	0.00803	0.00469	0.00494	0.00116	0.07999	0.00352	0.00288	0.33089
2	0.00660	0.00465	0.00579	0.00588	0.00692	0.00419	0.00426	0.00811	0.01125	0.04590	0.35455	0.28593	0.21578	0.01148	0.00560	0.00162	0.00246	0.01010	0.00471	0.00423
3	0.08832	0.21030	0.01492	0.02253	0.02151	0.19284	0.02481	0.09796	0.20158	0.01617	0.02502	0.02190	0.00913	0.00529	0.00437	0.00134	0.02874	0.00385	0.00320	0.00622
4	0.02969	0.20583	0.28956	0.01018	0.01456	0.06436	0.02815	0.02597	0.02273	0.04048	0.00916	0.05124	0.00776	0.00540	0.00491	0.03658	0.02916	0.00375	0.00247	0.11806
5	0.02391	0.17516	0.19167	0.08640	0.04240	0.08844	0.02291	0.04664	0.06194	0.06569	0.02734	0.03346	0.00907	0.04902	0.00565	0.00153	0.03644	0.00410	0.00278	0.02545
6	0.00681	0.00464	0.00530	0.00534	0.00548	0.00465	0.00313	0.00734	0.02999	0.00993	0.04795	0.09191	0.01900	0.71568	0.02103	0.00410	0.00425	0.00729	0.00308	0.00309
7	0.00676	0.00454	0.00523	0.00523	0.00528	0.00459	0.00301	0.00686	0.00681	0.00913	0.01452	0.02966	0.01657	0.78514	0.07458	0.00470	0.00502	0.00665	0.00280	0.00290
8	0.03197	0.08986	0.06103	0.05149	0.22111	0.02563	0.03943	0.17920	0.09446	0.08121	0.01124	0.01232	0.02110	0.00519	0.00511	0.00143	0.05377	0.00420	0.00330	0.00695
9	0.01458	0.00708	0.00904	0.00746	0.01010	0.00654	0.00597	0.03418	0.09203	0.42609	0.23539	0.02367	0.09263	0.00738	0.00498	0.00147	0.00333	0.00621	0.00533	0.00654
10	0.00590	0.00422	0.00566	0.00667	0.00706	0.00397	0.00465	0.00692	0.00931	0.01243	0.06425	0.71204	0.03100	0.01414	0.00597	0.00189	0.00284	0.09285	0.00435	0.00386
11	0.05116	0.12393	0.16180	0.03942	0.02724	0.07423	0.03931	0.15802	0.05077	0.12712	0.03369	0.05817	0.00998	0.00564	0.00459	0.00141	0.01907	0.00445	0.00344	0.00657
12	0.00962	0.00914	0.01496	0.43195	0.24637	0.01082	0.01244	0.01218	0.00931	0.01271	0.00894	0.05321	0.00775	0.00556	0.00637	0.00160	0.13456	0.00459	0.00224	0.00571
13	0.04370	0.00587	0.00719	0.00635	0.00818	0.00549	0.00493	0.04357	0.01261	0.18935	0.39232	0.05800	0.10715	0.00837	0.00499	0.00145	0.00278	0.00715	0.08532	0.00525
14	0.01067	0.01391	0.18394	0.07535	0.33834	0.01132	0.22604	0.01422	0.01027	0.01459	0.00868	0.01144	0.00684	0.00439	0.00537	0.00150	0.04987	0.00436	0.00222	0.00670
15	0.01151	0.03759	0.20093	0.10727	0.13763	0.02129	0.19968	0.09147	0.02123	0.04361	0.00917	0.01140	0.00695	0.00477	0.00563	0.00151	0.07496	0.00428	0.00257	0.00657
16	0.00557	0.00468	0.00484	0.00487	0.00635	0.00395	0.00362	0.00679	0.01067	0.01289	0.09084	0.08395	0.72150	0.01179	0.00552	0.00158	0.00236	0.00991	0.00437	0.00395
17	0.01030	0.01014	0.01465	0.17279	0.04757	0.03542	0.04973	0.04045	0.00861	0.01233	0.00734	0.01118	0.00656	0.00825	0.05205	0.00212	0.49882	0.00418	0.00220	0.00532
18	0.03809	0.12351	0.16226	0.07002	0.03978	0.15924	0.03036	0.19978	0.04344	0.05266	0.02234	0.01078	0.00766	0.00496	0.00443	0.00136	0.01601	0.00372	0.00306	0.00656
19	0.01388	0.43353	0.04914	0.01050	0.03582	0.29168	0.02879	0.03211	0.01113	0.01197	0.00773	0.00994	0.00689	0.00466	0.00373	0.00116	0.00628	0.03292	0.00229	0.00583
20	0.00923	0.00525	0.00546	0.00516	0.00651	0.00540	0.00394	0.05807	0.06132	0.01830	0.07819	0.01837	0.01438	0.00581	0.00361	0.00116	0.00244	0.00471	0.68793	0.00475
21	0.01149	0.01297	0.12655	0.20375	0.35607	0.06253	0.07511	0.03635	0.01082	0.04705	0.00900	0.01153	0.00697	0.00443	0.00464	0.00144	0.00616	0.00410	0.00242	0.00663
22	0.00922	0.03950	0.00910	0.00751	0.00943	0.04932	0.04855	0.06113	0.05678	0.06827	0.28766	0.09890	0.20605	0.00939	0.01683	0.00159	0.00356	0.00774	0.00440	0.00507
23	0.00576	0.00412	0.00551	0.00659	0.00690	0.00386	0.00449	0.00664	0.00900	0.01198	0.02559	0.79227	0.03056	0.01448	0.00596	0.00190	0.00278	0.05348	0.00432	0.00381
24	0.00613	0.00436	0.00580	0.00666	0.00712	0.00414	0.00474	0.00724	0.00950	0.01272	0.10519	0.57447	0.03060	0.06644	0.00711	0.00205	0.00302	0.13455	0.00430	0.00386
25	0.11782	0.00965	0.01543	0.29966	0.03041	0.01059	0.20710	0.06619	0.09345	0.01609	0.03185	0.02658	0.02612	0.00511	0.00468	0.00153	0.00561	0.00478	0.02158	0.00578
26	0.15398	0.01029	0.05211	0.00855	0.01150	0.01050	0.00711	0.19873	0.26234	0.03374	0.01351	0.03704	0.01072	0.05007	0.00525	0.00158	0.00408	0.00453	0.06290	0.06149

[dist]
# distance from previous block
# <min> <max>
0	21

[block]
# block no. 7 follows, 55 sequences, length 36
# corresponding to MSA columns:
# 430-465
name=unknown_H
#
# <colnr> <probs for GDERKNQSTAVLIFYWHMCP>
#	G	D	E	R	K	N	Q	S	T	A	V	L	I	F	Y	W	H	M	C	P
0	0.23130	0.07200	0.13540	0.01133	0.05222	0.14028	0.08513	0.04491	0.01008	0.01542	0.00869	0.06097	0.00762	0.00578	0.00544	0.03530	0.06593	0.00401	0.00259	0.00560
1	0.09415	0.04074	0.07959	0.01286	0.05593	0.19375	0.14949	0.04474	0.01049	0.01415	0.00877	0.03664	0.00757	0.00797	0.07910	0.00201	0.12150	0.00417	0.00250	0.03388
2	0.01051	0.01181	0.09225	0.01493	0.01869	0.01052	0.42272	0.01433	0.05829	0.04423	0.01091	0.05728	0.00903	0.00706	0.05695	0.00192	0.08407	0.00532	0.00270	0.06648
3	0.04130	0.01032	0.06320	0.22419	0.05428	0.02184	0.09383	0.01702	0.30919	0.01573	0.01402	0.09096	0.01162	0.00609	0.00481	0.00157	0.00504	0.00544	0.00336	0.00619
4	0.01450	0.00719	0.00916	0.00789	0.01025	0.00681	0.00616	0.11412	0.02967	0.38585	0.03143	0.25340	0.03056	0.03882	0.00581	0.00170	0.00372	0.03166	0.00500	0.00630
5	0.55578	0.00865	0.00809	0.00688	0.00984	0.00931	0.00560	0.05740	0.00996	0.19002	0.01054	0.06127	0.00826	0.00531	0.00357	0.00144	0.00370	0.00375	0.00368	0.03694
6	0.00627	0.00544	0.05587	0.00669	0.00744	0.00441	0.00502	0.00741	0.00886	0.01211	0.02289	0.59758	0.03551	0.11135	0.00783	0.00214	0.00321	0.04543	0.05064	0.00391
7	0.07956	0.25404	0.40183	0.01239	0.08152	0.01318	0.02492	0.05664	0.01030	0.01497	0.00786	0.00922	0.00610	0.00432	0.00393	0.00132	0.00588	0.00322	0.00222	0.00656
8	0.00635	0.00487	0.00535	0.00541	0.00681	0.00428	0.00399	0.00793	0.03544	0.04203	0.09223	0.19575	0.54944	0.01178	0.00553	0.00162	0.00251	0.01006	0.00444	0.00418
9	0.00717	0.00523	0.00706	0.00799	0.00910	0.00512	0.00687	0.00914	0.01064	0.01368	0.02765	0.07623	0.13041	0.01276	0.00629	0.00206	0.00398	0.65012	0.00429	0.00422
10	0.01191	0.08858	0.46640	0.01352	0.06752	0.05548	0.06521	0.09198	0.01153	0.07170	0.00920	0.01039	0.00667	0.00456	0.00441	0.00141	0.00640	0.00367	0.00257	0.00689
11	0.01145	0.01180	0.10055	0.03720	0.15700	0.01052	0.21701	0.11304	0.09983	0.04830	0.01400	0.05815	0.04175	0.00597	0.00506	0.00155	0.00564	0.05135	0.00328	0.00656
12	0.01034	0.00743	0.00907	0.00886	0.01074	0.00787	0.00742	0.11134	0.18488	0.06065	0.06547	0.03664	0.02180	0.00994	0.00569	0.00185	0.00412	0.42571	0.00456	0.00561
13	0.06409	0.01098	0.01258	0.00995	0.01334	0.06720	0.06041	0.24865	0.12009	0.29531	0.01517	0.01437	0.03483	0.00570	0.00463	0.00144	0.00477	0.00459	0.00462	0.00727
14	0.03511	0.00988	0.08626	0.07292	0.19120	0.02969	0.08646	0.04709	0.01940	0.02575	0.06283	0.21638	0.02913	0.00790	0.00514	0.00160	0.00486	0.05947	0.00329	0.00565
15	0.00986	0.03260	0.01229	0.01063	0.03276	0.09698	0.10684	0.03033	0.00996	0.04162	0.01692	0.11347	0.10920	0.01291	0.14473	0.00266	0.14781	0.06033	0.00310	0.00502
16	0.00827	0.06424	0.02497	0.01164	0.01421	0.00807	0.31927	0.01048	0.01005	0.01317	0.02102	0.31545	0.14102	0.00904	0.00547	0.00165	0.00491	0.00875	0.00335	0.00499
17	0.01149	0.18690	0.50157	0.01195	0.01739	0.16690	0.01377	0.01531	0.01039	0.01333	0.00775	0.00908	0.00593	0.00440	0.00409	0.00132	0.00678	0.00316	0.00205	0.00641
18	0.08971	0.01033	0.07094	0.12280	0.04664	0.01029	0.03454	0.11034	0.19034	0.11295	0.06780	0.05075	0.01248	0.00611	0.00512	0.00153	0.04205	0.00500	0.00382	0.00644
19	0.12608	0.00896	0.01086	0.00844	0.01197	0.00863	0.00697	0.15783	0.01416	0.57382	0.01560	0.01398	0.01007	0.00555	0.00445	0.00143	0.00412	0.00432	0.00520	0.00756
20	0.00665	0.00512	0.00702	0.00702	0.00769	0.00573	0.00524	0.00787	0.00788	0.01091	0.01787	0.12920	0.10150	0.14162	0.45566	0.00531	0.06406	0.00679	0.00295	0.00395
21	0.06494	0.13602	0.43601	0.01267	0.01819	0.01189	0.14168	0.04424	0.01053	0.06894	0.00892	0.01025	0.00650	0.00440	0.00432	0.00141	0.00630	0.00370	0.00245	0.00664
22	0.01010	0.00984	0.01522	0.29276	0.37205	0.05371	0.03125	0.01271	0.01030	0.01363	0.03284	0.05191	0.06286	0.00548	0.00476	0.00147	0.00554	0.00502	0.00253	0.00602
23	0.00570	0.00424	0.00531	0.00607	0.00667	0.00385	0.00416	0.00668	0.00956	0.01250	0.08550	0.61249	0.19303	0.01363	0.00581	0.00179	0.00259	0.01217	0.00438	0.00385
24	0.00744	0.00528	0.00724	0.00707	0.00800	0.00598	0.00548	0.03454	0.00878	0.01313	0.06892	0.05093	0.01438	0.02531	0.53296	0.00534	0.03991	0.00538	0.14958	0.00435
25	0.01036	0.01078	0.05781	0.54731	0.10247	0.06550	0.01258	0.06756	0.01048	0.01351	0.00833	0.01170	0.00640	0.00486	0.00519	0.00152	0.05166	0.00402	0.00229	0.00568
26	0.00872	0.00563	0.00684	0.00667	0.00702	0.05953	0.00462	0.02788	0.00715	0.00922	0.00899	0.01514	0.00887	0.06845	0.10346	0.63736	0.00530	0.00425	0.00222	0.00268
27	0.00995	0.00674	0.00770	0.00702	0.00894	0.00688	0.00539	0.02452	0.25224	0.11367	0.20750	0.08073	0.14889	0.00833	0.00496	0.00150	0.00296	0.00709	0.08934	0.00565
28	0.01100	0.01287	0.07152	0.04141	0.07415	0.06763	0.48936	0.03647	0.03704	0.01487	0.01185	0.05891	0.03979	0.00508	0.00522	0.00154	0.00690	0.00561	0.00265	0.00614
29	0.07693	0.01034	0.01168	0.22275	0.10163	0.12592	0.00888	0.09881	0.02828	0.06826	0.02208	0.06572	0.01045	0.12029	0.00717	0.00188	0.00542	0.00491	0.00308	0.00554
30	0.01040	0.02020	0.56384	0.03742	0.01929	0.04025	0.07765	0.01562	0.06553	0.04589	0.00940	0.01085	0.00682	0.00479	0.00514	0.00151	0.05254	0.00382	0.00236	0.00670
31	0.00806	0.00446	0.00489	0.00496	0.00568	0.00439	0.00337	0.00938	0.00884	0.03775	0.01650	0.12973	0.01593	0.25833	0.00984	0.00224	0.00300	0.00626	0.46247	0.00391
32	0.07022	0.00884	0.01444	0.41887	0.17653	0.01002	0.06416	0.01263	0.00968	0.03733	0.01019	0.04635	0.00871	0.00548	0.00509	0.00157	0.03547	0.04646	0.01234	0.00563
33	0.05359	0.01391	0.03968	0.05019	0.08114	0.23132	0.06040	0.15981	0.11836	0.03888	0.01141	0.05279	0.00940	0.00659	0.03041	0.00162	0.01711	0.01376	0.00332	0.00630
34	0.04097	0.00562	0.00747	0.00732	0.00866	0.00529	0.04760	0.00899	0.04062	0.01362	0.06952	0.38521	0.10996	0.04222	0.00617	0.00180	0.00333	0.10924	0.00402	0.08235
35	0.10254	0.10706	0.08152	0.06039	0.02583	0.12609	0.00826	0.02511	0.19703	0.03925	0.07737	0.04645	0.01255	0.00789	0.06154	0.00184	0.00544	0.00461	0.00333	0.00590

[dist]
# distance from previous block
# <min> <max>
0	7

[block]
# block no. 8 follows, 55 sequences, length 16
# corresponding to MSA columns:
# 479-494
name=unknown_I
#
# <colnr> <probs for GDERKNQSTAVLIFYWHMCP>
#	G	D	E	R	K	N	Q	S	T	A	V	L	I	F	Y	W	H	M	C	P
0	0.00973	0.00876	0.03902	0.00892	0.05829	0.03030	0.00674	0.05510	0.02210	0.01520	0.02521	0.10335	0.01172	0.03986	0.00568	0.00130	0.05921	0.03307	0.06631	0.40014
1	0.03450	0.15187	0.37203	0.05105	0.01876	0.01224	0.14760	0.08372	0.01095	0.01551	0.00842	0.01008	0.00633	0.00432	0.00431	0.00136	0.00626	0.00367	0.00235	0.05467
2	0.00854	0.00697	0.00813	0.05719	0.06326	0.05141	0.00608	0.04505	0.04072	0.04964	0.21798	0.14114	0.24471	0.00957	0.00530	0.00156	0.00344	0.03020	0.00423	0.00489
3	0.07077	0.03036	0.03043	0.01147	0.08026	0.15272	0.00860	0.32730	0.06171	0.07145	0.01145	0.06030	0.00918	0.00567	0.00444	0.00136	0.00528	0.00438	0.00379	0.04909
4	0.04524	0.02090	0.09398	0.00883	0.01252	0.00784	0.05982	0.08118	0.01172	0.18213	0.06664	0.07265	0.04023	0.00578	0.00440	0.00125	0.00420	0.00490	0.00376	0.27204
5	0.02719	0.03700	0.00839	0.00777	0.02751	0.00682	0.00576	0.09319	0.06802	0.08091	0.11450	0.32100	0.08697	0.01160	0.04684	0.00194	0.00378	0.04134	0.00434	0.00513
6	0.00603	0.00471	0.00615	0.00662	0.00737	0.00447	0.02115	0.00712	0.00953	0.01237	0.04700	0.51963	0.22817	0.01319	0.00617	0.00181	0.03196	0.05840	0.00421	0.00396
7	0.01150	0.00892	0.01309	0.20876	0.13100	0.00958	0.05506	0.10106	0.04854	0.09301	0.04870	0.01513	0.03906	0.00553	0.00520	0.00143	0.05416	0.00467	0.09136	0.05424
8	0.01063	0.02910	0.11731	0.18362	0.18037	0.04323	0.21568	0.01445	0.05450	0.03168	0.01060	0.05856	0.00882	0.00510	0.00488	0.00151	0.00623	0.01493	0.00257	0.00623
9	0.05005	0.00830	0.01061	0.00823	0.01166	0.00764	0.00678	0.10532	0.01384	0.64994	0.01696	0.01512	0.01092	0.00567	0.00453	0.00141	0.00396	0.00453	0.05693	0.00760
10	0.00658	0.00487	0.00606	0.00651	0.00741	0.00465	0.00493	0.00829	0.03304	0.01346	0.14766	0.21926	0.18148	0.11708	0.00814	0.00215	0.00324	0.21691	0.00425	0.00402
11	0.01252	0.02319	0.10385	0.22761	0.15254	0.05397	0.03402	0.06051	0.04028	0.15262	0.01140	0.04557	0.00880	0.00534	0.00493	0.00148	0.02939	0.00452	0.02106	0.00643
12	0.01226	0.00807	0.04646	0.14008	0.11662	0.00750	0.00834	0.03288	0.01137	0.24574	0.10019	0.01866	0.06667	0.00818	0.06317	0.00186	0.00480	0.00519	0.09592	0.00606
13	0.00579	0.00417	0.00542	0.00636	0.00674	0.00389	0.00431	0.00663	0.00897	0.01184	0.02643	0.70395	0.08189	0.06038	0.00692	0.00203	0.00284	0.04343	0.00423	0.00376
14	0.01207	0.01083	0.02020	0.07941	0.17708	0.01064	0.37047	0.07828	0.01171	0.09675	0.01125	0.05951	0.00904	0.00568	0.02412	0.00166	0.00645	0.00536	0.00297	0.00652
15	0.01245	0.30524	0.20287	0.02536	0.01528	0.13653	0.06281	0.06609	0.01113	0.03558	0.02647	0.03920	0.00805	0.00499	0.00437	0.00130	0.02987	0.00375	0.00251	0.00614

[dist]
# distance from previous block
# <min> <max>
0	1

[block]
# block no. 9 follows, 55 sequences, length 31
# corresponding to MSA columns:
# 496-526
name=unknown_J
#
# <colnr> <probs for GDERKNQSTAVLIFYWHMCP>
#	G	D	E	R	K	N	Q	S	T	A	V	L	I	F	Y	W	H	M	C	P
0	0.00977	0.01078	0.07325	0.62004	0.11110	0.07193	0.01308	0.01286	0.00977	0.01241	0.00824	0.01181	0.00629	0.00459	0.00459	0.00150	0.00635	0.00400	0.00211	0.00554
1	0.01068	0.07277	0.02928	0.00822	0.01174	0.06743	0.03550	0.02165	0.01008	0.04902	0.01020	0.09106	0.00928	0.00502	0.00432	0.00101	0.03470	0.00405	0.00292	0.52105
2	0.01105	0.04004	0.05844	0.00834	0.02369	0.06384	0.00683	0.08982	0.10750	0.10567	0.30163	0.05373	0.06993	0.00755	0.00492	0.00143	0.00379	0.00634	0.00441	0.03106
3	0.00629	0.00452	0.00601	0.00678	0.00731	0.00439	0.00479	0.02980	0.00964	0.01297	0.08358	0.63481	0.02949	0.01521	0.06213	0.00225	0.00352	0.06825	0.00426	0.00401
4	0.00730	0.00506	0.00597	0.00600	0.00639	0.00515	0.00383	0.06466	0.00845	0.01133	0.01691	0.22255	0.01924	0.52082	0.07299	0.00385	0.00467	0.00802	0.00329	0.00352
5	0.01281	0.01297	0.07164	0.11549	0.24462	0.08112	0.18683	0.12375	0.01236	0.06227	0.00952	0.01164	0.00723	0.00461	0.00499	0.00145	0.02287	0.00433	0.00279	0.00672
6	0.02900	0.03852	0.05923	0.06909	0.01262	0.08649	0.00789	0.16019	0.02649	0.01519	0.01194	0.07647	0.01080	0.01849	0.35174	0.00402	0.00850	0.00498	0.00301	0.00535
7	0.01139	0.00651	0.00746	0.00658	0.00861	0.00649	0.00514	0.04186	0.15613	0.18214	0.13850	0.02230	0.09966	0.00694	0.00444	0.00137	0.00294	0.00576	0.28007	0.00572
8	0.00712	0.00473	0.00588	0.00618	0.00725	0.00425	0.00451	0.00836	0.01036	0.08061	0.11907	0.39884	0.25383	0.01235	0.00568	0.00173	0.00275	0.05771	0.00453	0.00427
9	0.01296	0.51310	0.11837	0.00977	0.01386	0.15415	0.03627	0.04363	0.01066	0.01244	0.00716	0.00829	0.00610	0.00421	0.00353	0.00111	0.00585	0.00287	0.00219	0.03346
10	0.00940	0.01589	0.40209	0.01131	0.01565	0.00969	0.07100	0.02758	0.16886	0.01494	0.01275	0.07498	0.01100	0.10820	0.02465	0.00203	0.00580	0.00514	0.00289	0.00616
11	0.00641	0.00464	0.00594	0.00606	0.00665	0.00472	0.00421	0.00742	0.00848	0.01151	0.11246	0.14643	0.10861	0.28468	0.25657	0.00433	0.00613	0.00771	0.00338	0.00367
12	0.09868	0.00799	0.00911	0.00751	0.01030	0.00794	0.00605	0.13379	0.08064	0.31281	0.06073	0.01990	0.13125	0.00670	0.00453	0.00143	0.00358	0.00537	0.08520	0.00647
13	0.04345	0.03281	0.18013	0.01160	0.01535	0.11948	0.09646	0.13932	0.13996	0.06369	0.01272	0.02502	0.04226	0.00563	0.00519	0.00148	0.05110	0.00449	0.00333	0.00656
14	0.01638	0.00817	0.01017	0.00828	0.01124	0.00787	0.00676	0.14500	0.07056	0.43918	0.09172	0.03012	0.04551	0.00689	0.00487	0.00149	0.00386	0.05446	0.03046	0.00701
15	0.00879	0.00827	0.01395	0.82532	0.03204	0.01034	0.01292	0.01189	0.00930	0.01189	0.00827	0.01240	0.00620	0.00465	0.00465	0.00155	0.00620	0.00413	0.00207	0.00517
16	0.01163	0.04451	0.09530	0.30310	0.04041	0.01237	0.09602	0.20237	0.01235	0.01669	0.00877	0.01136	0.00669	0.00519	0.00603	0.00154	0.11261	0.00415	0.00272	0.00620
17	0.04064	0.01254	0.01579	0.04169	0.09903	0.12715	0.15112	0.21666	0.04689	0.12366	0.01094	0.01211	0.00811	0.00624	0.03709	0.00168	0.03407	0.00433	0.00350	0.00675
18	0.03299	0.00976	0.07038	0.00828	0.01105	0.06726	0.00705	0.08063	0.08321	0.24382	0.13910	0.05179	0.14161	0.00748	0.00512	0.00149	0.02222	0.00610	0.00451	0.00616
19	0.00673	0.00525	0.00614	0.00665	0.00738	0.03523	0.00468	0.03536	0.01042	0.01374	0.16052	0.56439	0.08377	0.01278	0.00573	0.00176	0.00293	0.02802	0.00440	0.00411
20	0.00964	0.00677	0.00829	0.00738	0.00880	0.00708	0.00562	0.15752	0.01308	0.06263	0.35516	0.14084	0.02769	0.09844	0.00803	0.00188	0.06402	0.00759	0.00448	0.00505
