[name]
unknown

[dist]
# distance from previous block
# <min> <max>
0	122

[block]
# block no. 0 follows, 59 sequences, length 22
# corresponding to MSA columns:
# 147-168
name=unknown_A
#
# <colnr> <probs for GDERKNQSTAVLIFYWHMCP>
#	G	D	E	R	K	N	Q	S	T	A	V	L	I	F	Y	W	H	M	C	P
0	0.03526	0.02515	0.08247	0.14274	0.10988	0.03215	0.05838	0.08803	0.16537	0.01553	0.03854	0.01449	0.02845	0.04666	0.00555	0.00152	0.02956	0.01454	0.00300	0.06272
1	0.03884	0.03937	0.29739	0.12694	0.06833	0.02658	0.11209	0.04111	0.06421	0.01437	0.03689	0.01131	0.00775	0.00470	0.00506	0.00142	0.06658	0.00391	0.00238	0.03077
2	0.15687	0.09132	0.18585	0.03365	0.04863	0.02751	0.02856	0.16446	0.11401	0.01775	0.03391	0.01183	0.00857	0.01659	0.00423	0.00138	0.00481	0.01841	0.00303	0.02863
3	0.00692	0.00542	0.00664	0.00671	0.03469	0.00576	0.00453	0.02824	0.00831	0.01113	0.04770	0.09651	0.20791	0.33903	0.04388	0.00285	0.10874	0.00710	0.02424	0.00369
4	0.01105	0.06000	0.05577	0.14758	0.05978	0.01967	0.05169	0.16728	0.15897	0.04389	0.09137	0.03644	0.04056	0.00572	0.00446	0.00138	0.00454	0.00487	0.01402	0.02097
5	0.00712	0.00590	0.00797	0.02086	0.03133	0.02700	0.07820	0.00820	0.00853	0.01133	0.10641	0.06703	0.13870	0.36610	0.04590	0.00290	0.03323	0.00681	0.02275	0.00373
6	0.49596	0.04559	0.00995	0.03731	0.06700	0.06995	0.02226	0.01277	0.00831	0.01639	0.00736	0.02211	0.00638	0.00491	0.00453	0.00140	0.09643	0.03021	0.00256	0.03861
7	0.21278	0.16852	0.01168	0.03365	0.03169	0.02455	0.01930	0.02589	0.00904	0.02991	0.02886	0.01030	0.00749	0.05022	0.00432	0.00119	0.00393	0.00305	0.00261	0.32103
8	0.00733	0.00393	0.00554	0.00557	0.00561	0.00390	0.00363	0.00590	0.00605	0.00803	0.01016	0.03798	0.03090	0.15976	0.01756	0.67535	0.00384	0.00465	0.00216	0.00214
9	0.01153	0.01144	0.09688	0.04210	0.29358	0.03433	0.02216	0.12315	0.12449	0.05418	0.05307	0.02732	0.01864	0.00531	0.00514	0.00141	0.06119	0.00444	0.00311	0.00652
10	0.00553	0.00439	0.00488	0.00493	0.00609	0.00384	0.00358	0.00675	0.01018	0.01289	0.20454	0.13756	0.50814	0.05923	0.00627	0.00167	0.00236	0.00927	0.00418	0.00374
11	0.02604	0.01030	0.09327	0.01069	0.08512	0.00947	0.04656	0.15330	0.23331	0.08270	0.05513	0.04627	0.10198	0.01976	0.00488	0.00148	0.00418	0.00538	0.00387	0.00630
12	0.01351	0.00867	0.01007	0.00842	0.01101	0.00926	0.00674	0.23462	0.22218	0.20112	0.06666	0.03222	0.01303	0.00943	0.10812	0.00211	0.00483	0.00488	0.02657	0.00655
13	0.00989	0.03348	0.04947	0.21748	0.05146	0.02591	0.06356	0.04199	0.21653	0.04344	0.08197	0.05746	0.03484	0.00598	0.00489	0.00146	0.03222	0.00515	0.01712	0.00571
14	0.01063	0.00999	0.03035	0.13537	0.56539	0.01005	0.04301	0.01380	0.04823	0.03995	0.03244	0.01217	0.00831	0.00431	0.00442	0.00135	0.00518	0.00416	0.01434	0.00655
15	0.15423	0.05275	0.01131	0.09332	0.05464	0.04917	0.02825	0.18735	0.09488	0.04848	0.01238	0.15671	0.01120	0.00641	0.00445	0.00143	0.01865	0.00523	0.00343	0.00573
16	0.01038	0.00913	0.01175	0.03335	0.01182	0.01058	0.00791	0.09248	0.02427	0.03252	0.00770	0.01041	0.00674	0.02731	0.00942	0.00149	0.40843	0.00359	0.00255	0.27817
17	0.00522	0.00447	0.00447	0.00447	0.00597	0.00373	0.00336	0.00634	0.01007	0.01193	0.04474	0.04250	0.81544	0.01119	0.00522	0.00149	0.00224	0.00932	0.00410	0.00373
18	0.00694	0.00495	0.00624	0.00677	0.00753	0.00490	0.00495	0.09165	0.01007	0.01351	0.02277	0.59709	0.03958	0.01235	0.00548	0.00175	0.00300	0.12348	0.03289	0.00410
19	0.01216	0.01281	0.04108	0.01901	0.41856	0.16665	0.03038	0.06880	0.06893	0.01472	0.00873	0.01055	0.00711	0.00447	0.00481	0.00130	0.05010	0.00374	0.00252	0.05359
20	0.03703	0.01149	0.01257	0.00969	0.01316	0.01246	0.00799	0.64929	0.03602	0.14753	0.01169	0.01132	0.00809	0.00531	0.00438	0.00134	0.00463	0.00403	0.00454	0.00744
21	0.10765	0.06804	0.03775	0.01131	0.12279	0.06696	0.05874	0.12619	0.03851	0.11828	0.04685	0.07822	0.03421	0.02540	0.00474	0.00144	0.00457	0.02745	0.00342	0.01748

[dist]
# distance from previous block
# <min> <max>
12	31

[block]
# block no. 1 follows, 59 sequences, length 15
# corresponding to MSA columns:
# 204-218
name=unknown_B
#
# <colnr> <probs for GDERKNQSTAVLIFYWHMCP>
#	G	D	E	R	K	N	Q	S	T	A	V	L	I	F	Y	W	H	M	C	P
0	0.00615	0.00463	0.00605	0.03702	0.00788	0.00427	0.00466	0.00732	0.00900	0.01223	0.09005	0.52626	0.05909	0.04554	0.00599	0.00172	0.00289	0.06346	0.00386	0.10195
1	0.00916	0.00785	0.00916	0.00654	0.01047	0.00589	0.00523	0.01112	0.00916	0.01439	0.00785	0.00916	0.00654	0.00327	0.00327	0.00065	0.00327	0.00262	0.00262	0.87178
2	0.00944	0.18671	0.66317	0.01159	0.01757	0.01169	0.01458	0.01384	0.00926	0.01327	0.00757	0.00888	0.00561	0.00411	0.00393	0.00131	0.00617	0.00308	0.00187	0.00636
3	0.00712	0.00508	0.00712	0.00813	0.00915	0.00508	0.00712	0.00915	0.01017	0.01322	0.02338	0.04982	0.02542	0.01220	0.00610	0.00203	0.00407	0.78750	0.00407	0.00407
4	0.00646	0.00503	0.00596	0.00585	0.00712	0.00481	0.00444	0.00930	0.09925	0.01526	0.38174	0.10540	0.25903	0.00995	0.00523	0.00151	0.00246	0.06242	0.00448	0.00430
5	0.00642	0.00428	0.00482	0.00482	0.00482	0.00428	0.00268	0.00642	0.00642	0.00856	0.01392	0.02890	0.01606	0.84478	0.02248	0.00428	0.00428	0.00642	0.00268	0.00268
6	0.58806	0.00840	0.00776	0.00649	0.00933	0.00912	0.00533	0.01321	0.00820	0.08603	0.00739	0.00837	0.00569	0.00430	0.00375	0.00127	0.05793	0.00270	0.00289	0.16378
7	0.01251	0.30298	0.16444	0.06276	0.08750	0.22405	0.02540	0.01479	0.01023	0.04684	0.00749	0.00880	0.00604	0.00418	0.00373	0.00117	0.00602	0.00304	0.00218	0.00584
8	0.01631	0.01992	0.01247	0.01119	0.01357	0.73176	0.00846	0.07897	0.04437	0.01244	0.00756	0.00850	0.00614	0.00467	0.00404	0.00117	0.00755	0.00302	0.00253	0.00538
9	0.00908	0.00686	0.00845	0.06068	0.07149	0.02130	0.00606	0.14636	0.02435	0.02772	0.18350	0.09050	0.06129	0.14501	0.03500	0.00207	0.00399	0.03107	0.06042	0.00479
10	0.00576	0.00418	0.00538	0.00594	0.00648	0.00393	0.00409	0.00709	0.02816	0.01287	0.21118	0.55942	0.06759	0.04850	0.00622	0.00179	0.00253	0.01088	0.00423	0.00377
11	0.02628	0.00970	0.07704	0.26231	0.04204	0.00958	0.04031	0.14343	0.12634	0.05405	0.10539	0.01627	0.05688	0.00568	0.00455	0.00143	0.00468	0.00485	0.00337	0.00584
12	0.00548	0.00432	0.00497	0.00532	0.00636	0.00381	0.00390	0.00663	0.00978	0.01230	0.10290	0.29047	0.45421	0.01189	0.00541	0.00161	0.00244	0.06029	0.00416	0.00374
13	0.01069	0.01265	0.16311	0.04249	0.13761	0.05776	0.22557	0.03407	0.08242	0.05980	0.04643	0.02832	0.02118	0.00587	0.02740	0.01396	0.00592	0.01590	0.00279	0.00606
14	0.00990	0.01012	0.01251	0.01120	0.02994	0.09485	0.00893	0.01093	0.00748	0.01064	0.00716	0.02990	0.00714	0.04065	0.07711	0.00233	0.61826	0.00413	0.00208	0.00473

[dist]
# distance from previous block
# <min> <max>
1	23

[block]
# block no. 2 follows, 59 sequences, length 18
# corresponding to MSA columns:
# 249-266
name=unknown_C
#
# <colnr> <probs for GDERKNQSTAVLIFYWHMCP>
#	G	D	E	R	K	N	Q	S	T	A	V	L	I	F	Y	W	H	M	C	P
0	0.65363	0.05115	0.03701	0.03701	0.01027	0.03126	0.00599	0.05444	0.00854	0.01852	0.00708	0.03368	0.00585	0.00457	0.00337	0.00137	0.02559	0.00293	0.00273	0.00501
1	0.05515	0.00577	0.00695	0.00634	0.00747	0.00590	0.00457	0.02582	0.07045	0.08010	0.03520	0.03573	0.05579	0.24781	0.04691	0.18701	0.03915	0.01780	0.00307	0.06302
2	0.28945	0.01023	0.05038	0.06656	0.07857	0.04986	0.02165	0.14247	0.10683	0.01809	0.01162	0.03072	0.05040	0.02925	0.00442	0.00146	0.00434	0.00406	0.02398	0.00565
3	0.00556	0.00440	0.00506	0.00538	0.00644	0.00395	0.00399	0.00669	0.00945	0.01179	0.04923	0.22282	0.47123	0.04722	0.04945	0.00202	0.00307	0.08459	0.00396	0.00371
4	0.05662	0.03986	0.39957	0.01154	0.01594	0.05133	0.06177	0.14195	0.01099	0.02852	0.00835	0.01016	0.00638	0.02628	0.00582	0.00150	0.10204	0.00359	0.01163	0.00616
5	0.00637	0.00426	0.00483	0.00488	0.00490	0.00425	0.00275	0.00641	0.00652	0.00870	0.01443	0.06934	0.01671	0.80345	0.02164	0.00416	0.00420	0.00673	0.00275	0.00272
6	0.01530	0.01846	0.01212	0.01149	0.05191	0.65948	0.00828	0.04845	0.04590	0.01199	0.00806	0.00986	0.00682	0.04892	0.00500	0.00133	0.00720	0.00325	0.02095	0.00524
7	0.01758	0.00792	0.01018	0.00793	0.01128	0.00717	0.00648	0.03952	0.11330	0.62035	0.01639	0.01453	0.01074	0.00531	0.00433	0.00131	0.00370	0.00432	0.00504	0.09263
8	0.00673	0.00599	0.04658	0.02045	0.06750	0.00537	0.00565	0.00861	0.05282	0.01177	0.03578	0.31387	0.09571	0.15982	0.09386	0.00266	0.00436	0.04198	0.00340	0.01708
9	0.01201	0.77898	0.05627	0.00778	0.01166	0.01673	0.00788	0.01359	0.00914	0.04306	0.00667	0.00750	0.00588	0.00386	0.00296	0.00098	0.00476	0.00248	0.00203	0.00578
10	0.01931	0.00773	0.01047	0.00807	0.01135	0.00697	0.00667	0.04181	0.01261	0.76571	0.01676	0.01469	0.01063	0.00556	0.00486	0.00139	0.03829	0.00441	0.00529	0.00740
11	0.00545	0.00391	0.00519	0.00619	0.00651	0.00365	0.00421	0.00628	0.00857	0.01137	0.02482	0.78894	0.04887	0.01370	0.00565	0.00180	0.00262	0.04458	0.00410	0.00361
12	0.01174	0.15011	0.08334	0.08429	0.35531	0.01114	0.01099	0.07875	0.02403	0.08987	0.03928	0.01198	0.02105	0.00456	0.00416	0.00129	0.00496	0.00392	0.00275	0.00650
13	0.11388	0.00716	0.02999	0.17669	0.01340	0.00752	0.03010	0.04998	0.06984	0.04350	0.02610	0.21125	0.02654	0.02366	0.01827	0.00166	0.01717	0.04361	0.08484	0.00483
14	0.00636	0.00441	0.00583	0.00557	0.00648	0.00410	0.00411	0.00792	0.01153	0.01621	0.67815	0.05715	0.05507	0.00997	0.00662	0.10217	0.00231	0.00769	0.00448	0.00388
15	0.05797	0.41595	0.07431	0.02588	0.11715	0.10164	0.02960	0.05590	0.01026	0.04529	0.00759	0.00875	0.00625	0.00412	0.00349	0.00113	0.00520	0.00299	0.02061	0.00593
16	0.01292	0.03603	0.01398	0.01517	0.25529	0.23067	0.04287	0.03724	0.08700	0.08814	0.02354	0.03319	0.00887	0.00611	0.03921	0.00154	0.02710	0.00408	0.00290	0.03416
17	0.14992	0.02960	0.12078	0.01200	0.10592	0.04863	0.06992	0.08538	0.18914	0.01667	0.01059	0.02044	0.00841	0.00574	0.02286	0.00156	0.06465	0.01577	0.01593	0.00608

[dist]
# distance from previous block
# <min> <max>
0	8

[block]
# block no. 3 follows, 59 sequences, length 16
# corresponding to MSA columns:
# 299-314
name=unknown_D
#
# <colnr> <probs for GDERKNQSTAVLIFYWHMCP>
#	G	D	E	R	K	N	Q	S	T	A	V	L	I	F	Y	W	H	M	C	P
0	0.10351	0.16074	0.13393	0.00946	0.04430	0.04220	0.04572	0.08174	0.02116	0.02412	0.01004	0.02313	0.04425	0.00468	0.00408	0.00117	0.03358	0.00356	0.03811	0.17053
1	0.08262	0.09807	0.01031	0.00817	0.03022	0.06172	0.00652	0.07209	0.02372	0.02943	0.01357	0.12559	0.01363	0.00752	0.01469	0.00143	0.02049	0.17621	0.00323	0.20077
2	0.00590	0.00434	0.00552	0.00583	0.00665	0.00400	0.00428	0.00733	0.01037	0.01395	0.32787	0.30441	0.15632	0.03406	0.00592	0.00169	0.00253	0.09082	0.00435	0.00386
3	0.01010	0.01254	0.16564	0.05792	0.46848	0.01034	0.12035	0.01322	0.00974	0.01392	0.00885	0.04350	0.00748	0.00450	0.00485	0.00140	0.03417	0.00432	0.00219	0.00647
4	0.00615	0.00448	0.00579	0.00553	0.00655	0.00412	0.00412	0.00812	0.01218	0.01710	0.73637	0.07098	0.08321	0.00937	0.00523	0.00141	0.00211	0.00827	0.00479	0.00412
5	0.11313	0.00849	0.01024	0.00789	0.01131	0.00804	0.00650	0.15268	0.01312	0.51773	0.01408	0.01283	0.00924	0.00507	0.00413	0.00129	0.00386	0.00396	0.00471	0.09170
6	0.00982	0.00587	0.00702	0.00638	0.00798	0.03338	0.00501	0.01158	0.00962	0.15193	0.07565	0.01933	0.02503	0.03264	0.20696	0.00274	0.01792	0.04872	0.25600	0.06642
7	0.01833	0.00932	0.01145	0.00883	0.01215	0.00933	0.00730	0.29762	0.01528	0.50654	0.01453	0.01324	0.00951	0.00550	0.00484	0.00138	0.03825	0.00425	0.00495	0.00740
8	0.05275	0.06912	0.33595	0.04907	0.11490	0.04693	0.08106	0.04197	0.02734	0.11333	0.00925	0.01045	0.00674	0.00440	0.00435	0.00136	0.01839	0.00364	0.00259	0.00640
9	0.01087	0.09671	0.33500	0.02889	0.16947	0.01037	0.06512	0.01497	0.06268	0.10468	0.05159	0.01197	0.00894	0.00459	0.00427	0.00135	0.00541	0.00394	0.00269	0.00648
10	0.00767	0.00384	0.00575	0.00575	0.00575	0.00384	0.00384	0.00575	0.00575	0.00767	0.00767	0.01343	0.00767	0.01534	0.01726	0.87150	0.00384	0.00384	0.00192	0.00192
11	0.04427	0.01055	0.07335	0.13032	0.19333	0.00988	0.21906	0.07344	0.04591	0.02862	0.01252	0.04833	0.06347	0.00527	0.00468	0.00145	0.00546	0.02142	0.00274	0.00593
12	0.01045	0.02663	0.27328	0.08040	0.18482	0.04660	0.10329	0.08041	0.01040	0.02776	0.00898	0.01219	0.00732	0.08647	0.00633	0.00166	0.02054	0.00405	0.00236	0.00605
13	0.01500	0.01158	0.03447	0.09057	0.03000	0.08158	0.00854	0.40898	0.06831	0.13576	0.01246	0.01311	0.02859	0.00594	0.01949	0.00147	0.00508	0.01834	0.00398	0.00676
14	0.00980	0.00864	0.01316	0.58383	0.09238	0.01019	0.01124	0.14314	0.01099	0.01434	0.01036	0.01318	0.05031	0.00489	0.00446	0.00144	0.00546	0.00423	0.00251	0.00545
15	0.01296	0.01187	0.11173	0.06744	0.13385	0.02275	0.09686	0.25088	0.03184	0.10897	0.02655	0.02466	0.00878	0.00498	0.00447	0.00135	0.00517	0.01872	0.00337	0.05279

[dist]
# distance from previous block
# <min> <max>
3	23

[block]
# block no. 4 follows, 59 sequences, length 20
# corresponding to MSA columns:
# 348-367
name=unknown_E
#
# <colnr> <probs for GDERKNQSTAVLIFYWHMCP>
#	G	D	E	R	K	N	Q	S	T	A	V	L	I	F	Y	W	H	M	C	P
0	0.03334	0.11161	0.34009	0.03657	0.12229	0.04727	0.16266	0.01372	0.00958	0.01351	0.00779	0.00972	0.00603	0.00413	0.00453	0.00134	0.03453	0.00359	0.00205	0.03564
1	0.02312	0.00639	0.00797	0.00854	0.10112	0.02777	0.00568	0.03110	0.04005	0.03066	0.42481	0.05861	0.14553	0.00820	0.00513	0.00139	0.02202	0.00706	0.00413	0.04073
2	0.00691	0.00541	0.00683	0.00670	0.03823	0.00508	0.02285	0.06165	0.01171	0.01566	0.38890	0.06394	0.27859	0.04264	0.00585	0.00156	0.00272	0.02615	0.00430	0.00432
3	0.01035	0.00983	0.01588	0.03654	0.55316	0.02765	0.05382	0.03949	0.02294	0.01419	0.01067	0.12734	0.01011	0.00558	0.00504	0.00142	0.04193	0.00520	0.00256	0.00631
4	0.01004	0.12581	0.01183	0.04327	0.03607	0.00833	0.00632	0.06293	0.00990	0.01457	0.00780	0.00913	0.00647	0.00354	0.00337	0.00079	0.00375	0.00277	0.00259	0.63072
5	0.00651	0.00469	0.00613	0.00605	0.00637	0.00518	0.00415	0.00721	0.00672	0.00935	0.01271	0.02330	0.01355	0.47253	0.35680	0.00536	0.04198	0.00561	0.00252	0.00329
6	0.01181	0.84744	0.02314	0.00756	0.01134	0.01748	0.00756	0.01323	0.00897	0.01039	0.00614	0.00708	0.00567	0.00378	0.00283	0.00094	0.00472	0.00236	0.00189	0.00567
7	0.00748	0.00396	0.00594	0.00594	0.00605	0.00407	0.00407	0.00605	0.00594	0.00803	0.00825	0.01398	0.00814	0.01783	0.13071	0.75044	0.00496	0.00396	0.00198	0.00220
8	0.01217	0.01007	0.01065	0.00923	0.01194	0.01154	0.00728	0.18213	0.64867	0.02038	0.01647	0.01528	0.01227	0.00585	0.00448	0.00146	0.00377	0.00479	0.00448	0.00710
9	0.00635	0.00456	0.00622	0.00622	0.00670	0.00504	0.00442	0.00732	0.00684	0.00960	0.01264	0.02182	0.01298	0.34712	0.51594	0.00601	0.00891	0.00539	0.00249	0.00345
10	0.01217	0.00984	0.01048	0.00903	0.01167	0.01121	0.00714	0.21687	0.55455	0.02045	0.01579	0.01504	0.01183	0.00671	0.03244	0.00163	0.00406	0.00470	0.03747	0.00691
11	0.01176	0.00987	0.01042	0.00915	0.01178	0.01135	0.00718	0.12771	0.70375	0.01973	0.01699	0.01569	0.01268	0.00590	0.00448	0.00147	0.00368	0.00486	0.00448	0.00706
12	0.01187	0.32448	0.07507	0.03415	0.03279	0.17117	0.00820	0.03385	0.07009	0.01272	0.00808	0.00919	0.00670	0.00426	0.00375	0.00108	0.02422	0.00299	0.03835	0.12700
13	0.00631	0.00471	0.00701	0.00701	0.00777	0.00547	0.00541	0.00783	0.00707	0.01019	0.01191	0.01780	0.01124	0.06489	0.79578	0.00699	0.01153	0.00480	0.00238	0.00389
14	0.01055	0.02349	0.01444	0.10503	0.36002	0.03101	0.08650	0.01380	0.06674	0.04800	0.01078	0.01343	0.00863	0.00460	0.00423	0.00131	0.00478	0.02126	0.16538	0.00602
15	0.87598	0.00854	0.00649	0.00581	0.00854	0.00991	0.00478	0.01298	0.00752	0.01982	0.00615	0.00717	0.00478	0.00410	0.00273	0.00137	0.00342	0.00239	0.00273	0.00478
16	0.01271	0.01038	0.01123	0.00996	0.03966	0.01177	0.00763	0.25460	0.54768	0.02112	0.01546	0.01454	0.01149	0.00572	0.00447	0.00144	0.00396	0.00466	0.00439	0.00715
17	0.02633	0.03659	0.10846	0.00725	0.00905	0.00598	0.02237	0.00963	0.06434	0.01394	0.19344	0.28888	0.10121	0.01032	0.02704	0.00170	0.00350	0.04805	0.01741	0.00452
18	0.02190	0.02947	0.08102	0.01999	0.01136	0.07326	0.03120	0.09660	0.15240	0.07690	0.08162	0.15671	0.04528	0.03988	0.00584	0.00158	0.04648	0.00608	0.00369	0.01873
19	0.30349	0.12215	0.05504	0.00767	0.02146	0.05384	0.01868	0.05498	0.03721	0.05306	0.08823	0.06150	0.02909	0.00542	0.00369	0.00128	0.00397	0.00411	0.00312	0.07201

[dist]
# distance from previous block
# <min> <max>
3	21

[block]
# block no. 5 follows, 59 sequences, length 16
# corresponding to MSA columns:
# 410-422,425-427
name=unknown_F
#
# <colnr> <probs for GDERKNQSTAVLIFYWHMCP>
#	G	D	E	R	K	N	Q	S	T	A	V	L	I	F	Y	W	H	M	C	P
0	0.01022	0.05047	0.29808	0.00997	0.01389	0.00925	0.05483	0.13864	0.04684	0.05046	0.08334	0.08943	0.03223	0.00635	0.00489	0.02888	0.00484	0.01487	0.00316	0.04936
1	0.02944	0.13369	0.23586	0.03706	0.02428	0.02934	0.04680	0.13059	0.03169	0.05161	0.00872	0.00974	0.00661	0.00418	0.00386	0.00115	0.00505	0.00328	0.00270	0.20434
2	0.01125	0.00966	0.02279	0.00830	0.01076	0.06442	0.00658	0.10655	0.45508	0.03612	0.01847	0.01769	0.09625	0.00618	0.00435	0.00138	0.00372	0.00501	0.09084	0.02458
3	0.04549	0.17137	0.12442	0.09849	0.11352	0.10484	0.00979	0.04740	0.17955	0.02388	0.01025	0.03470	0.00828	0.00486	0.00402	0.00131	0.00515	0.00384	0.00277	0.00609
4	0.01017	0.22741	0.30480	0.01154	0.05613	0.02564	0.07600	0.05394	0.01008	0.01378	0.06203	0.02321	0.00916	0.00495	0.00467	0.00131	0.05370	0.02441	0.00237	0.02470
5	0.04820	0.02830	0.06972	0.18716	0.10671	0.01056	0.05635	0.06933	0.11283	0.01469	0.00982	0.02148	0.00811	0.00533	0.00581	0.00145	0.12771	0.03379	0.00268	0.07995
6	0.00529	0.00440	0.00459	0.00469	0.00600	0.00374	0.00344	0.00637	0.00984	0.01189	0.05899	0.12927	0.68931	0.03516	0.00576	0.00160	0.00233	0.00956	0.00408	0.00369
7	0.01150	0.38154	0.01605	0.03106	0.01193	0.09830	0.00698	0.05563	0.01005	0.01288	0.00713	0.00827	0.00610	0.00377	0.00325	0.00089	0.00457	0.00264	0.00234	0.32512
8	0.00794	0.00547	0.00684	0.00729	0.04968	0.00521	0.00515	0.01023	0.08063	0.09796	0.07614	0.21067	0.25948	0.05257	0.02342	0.00184	0.00322	0.08755	0.00412	0.00457
9	0.00979	0.11900	0.43054	0.09729	0.01692	0.01014	0.03017	0.03626	0.00986	0.06524	0.06970	0.01280	0.00945	0.05812	0.00534	0.00153	0.00555	0.00392	0.00247	0.00591
10	0.01037	0.00837	0.01333	0.07989	0.43796	0.00842	0.01013	0.03127	0.03063	0.09307	0.01345	0.21758	0.01299	0.00666	0.00470	0.00145	0.00443	0.00615	0.00308	0.00606
11	0.00536	0.00391	0.00506	0.00597	0.00636	0.00360	0.00402	0.00617	0.00863	0.01134	0.02649	0.75766	0.11207	0.01356	0.00559	0.00176	0.00253	0.01221	0.00410	0.00360
12	0.01159	0.00898	0.01395	0.03356	0.45732	0.00899	0.01046	0.07126	0.03399	0.12345	0.01297	0.10257	0.01167	0.00607	0.00467	0.00144	0.00459	0.07278	0.00322	0.00645
13	0.01046	0.01005	0.09941	0.29172	0.06077	0.00920	0.14426	0.07392	0.01092	0.10407	0.08808	0.04395	0.02284	0.00532	0.00466	0.00144	0.00533	0.00491	0.00298	0.00572
14	0.01049	0.00884	0.01453	0.33337	0.19619	0.00920	0.08653	0.01309	0.00965	0.09799	0.00901	0.01146	0.00684	0.00426	0.00458	0.00131	0.02849	0.00389	0.00251	0.14777
15	0.10161	0.33851	0.40310	0.00990	0.01484	0.03881	0.01149	0.01370	0.00910	0.01312	0.00702	0.00819	0.00554	0.00404	0.00351	0.00121	0.00555	0.00281	0.00198	0.00597

[dist]
# distance from previous block
# <min> <max>
0	4

[block]
# block no. 6 follows, 59 sequences, length 42
# corresponding to MSA columns:
# 432-457,466-471,473-482
name=unknown_G
#
# <colnr> <probs for GDERKNQSTAVLIFYWHMCP>
#	G	D	E	R	K	N	Q	S	T	A	V	L	I	F	Y	W	H	M	C	P
0	0.01035	0.01058	0.07153	0.04033	0.15415	0.03524	0.11299	0.03592	0.06046	0.02907	0.00893	0.01050	0.00707	0.00386	0.00398	0.00106	0.00471	0.00351	0.00262	0.39315
1	0.00593	0.00552	0.00498	0.00491	0.00645	0.05567	0.00368	0.00705	0.01022	0.01186	0.04235	0.04033	0.76436	0.01077	0.00514	0.00147	0.00260	0.00891	0.00399	0.00382
2	0.00709	0.00560	0.02451	0.00789	0.03908	0.00541	0.01814	0.03811	0.02053	0.03542	0.03223	0.51640	0.04917	0.03584	0.04381	0.00205	0.04553	0.06519	0.00379	0.00423
3	0.00667	0.00460	0.00556	0.00546	0.00551	0.00488	0.00338	0.00673	0.00648	0.00879	0.01306	0.03895	0.01478	0.67439	0.07554	0.05900	0.05467	0.00609	0.00259	0.00286
4	0.00704	0.00485	0.00644	0.00628	0.00690	0.00529	0.00447	0.03176	0.00738	0.03177	0.01280	0.02181	0.01298	0.36364	0.45100	0.00562	0.00831	0.00539	0.00264	0.00363
5	0.02973	0.32854	0.21284	0.01071	0.03963	0.09528	0.04219	0.06792	0.02406	0.03573	0.00762	0.00886	0.00614	0.00446	0.00449	0.00124	0.06917	0.00312	0.00228	0.00599
6	0.01045	0.26684	0.48703	0.01114	0.01650	0.02995	0.04276	0.06280	0.01004	0.01372	0.00758	0.00881	0.00578	0.00413	0.00384	0.00126	0.00595	0.00310	0.00205	0.00628
7	0.00635	0.00468	0.00575	0.00585	0.00678	0.01745	0.00431	0.00789	0.01085	0.02868	0.41303	0.24870	0.13676	0.02741	0.00569	0.00160	0.00252	0.05727	0.00444	0.00399
8	0.00749	0.02361	0.00708	0.00658	0.00808	0.00587	0.00512	0.01091	0.14910	0.03697	0.19338	0.14893	0.21010	0.00966	0.00528	0.00155	0.01766	0.11031	0.00422	0.03810
9	0.00538	0.00384	0.00512	0.00615	0.00641	0.00359	0.00410	0.00615	0.00846	0.01127	0.02434	0.84190	0.02921	0.01384	0.00564	0.00179	0.00256	0.01256	0.00410	0.00359
10	0.00637	0.00447	0.00579	0.00579	0.00612	0.00481	0.00389	0.00705	0.00671	0.00928	0.01303	0.02399	0.01393	0.49980	0.36455	0.00548	0.00749	0.00570	0.00254	0.00321
11	0.00886	0.02285	0.82190	0.01259	0.01912	0.01026	0.01632	0.01399	0.00932	0.01399	0.00793	0.00932	0.00559	0.00420	0.00420	0.00140	0.00653	0.00326	0.00186	0.00653
12	0.01254	0.72469	0.02169	0.00794	0.01168	0.01692	0.00768	0.12924	0.01071	0.01296	0.00680	0.00760	0.00594	0.00400	0.00307	0.00100	0.00474	0.00260	0.00226	0.00594
13	0.00886	0.02285	0.82190	0.01259	0.01912	0.01026	0.01632	0.01399	0.00932	0.01399	0.00793	0.00932	0.00559	0.00420	0.00420	0.00140	0.00653	0.00326	0.00186	0.00653
14	0.00538	0.00384	0.00512	0.00615	0.00641	0.00359	0.00410	0.00615	0.00846	0.01127	0.02434	0.84190	0.02921	0.01384	0.00564	0.00179	0.00256	0.01256	0.00410	0.00359
15	0.03165	0.13167	0.01301	0.00882	0.01137	0.01020	0.00750	0.03290	0.01060	0.45408	0.01231	0.01219	0.00860	0.00580	0.00686	0.00146	0.22664	0.00393	0.00392	0.00648
16	0.01181	0.84744	0.02314	0.00756	0.01134	0.01748	0.00756	0.01323	0.00897	0.01039	0.00614	0.00708	0.00567	0.00378	0.00283	0.00094	0.00472	0.00236	0.00189	0.00567
17	0.01442	0.01729	0.01257	0.01121	0.01286	0.56522	0.00869	0.03260	0.01104	0.01129	0.00684	0.00872	0.00592	0.00545	0.00682	0.00135	0.23303	0.00318	0.02643	0.00507
18	0.87598	0.00854	0.00649	0.00581	0.00854	0.00991	0.00478	0.01298	0.00752	0.01982	0.00615	0.00717	0.00478	0.00410	0.00273	0.00137	0.00342	0.00239	0.00273	0.00478
19	0.00757	0.00609	0.02609	0.00701	0.05839	0.00560	0.00509	0.06799	0.05085	0.01562	0.19168	0.03005	0.33131	0.00846	0.00472	0.00138	0.00278	0.02932	0.14538	0.00461
20	0.01737	0.01038	0.01191	0.00920	0.01259	0.01085	0.00757	0.48709	0.04014	0.30185	0.03614	0.01294	0.00984	0.00548	0.00445	0.00135	0.00436	0.00428	0.00480	0.00740
21	0.00822	0.00711	0.03987	0.00844	0.04542	0.00662	0.04312	0.10591	0.06747	0.01504	0.09954	0.13593	0.19565	0.03968	0.00620	0.02929	0.00364	0.13423	0.00386	0.00476
22	0.00603	0.00435	0.00539	0.00609	0.00652	0.01530	0.00423	0.00694	0.00854	0.01143	0.04361	0.51678	0.05608	0.13993	0.03131	0.00228	0.00327	0.08994	0.03841	0.00357
23	0.01466	0.06547	0.01277	0.02582	0.01311	0.14598	0.00797	0.42854	0.16294	0.02114	0.01198	0.03679	0.02188	0.00555	0.00431	0.00132	0.00502	0.00422	0.00386	0.00668
24	0.00798	0.00485	0.00607	0.00556	0.00696	0.00441	0.00425	0.00986	0.01172	0.11701	0.50153	0.03032	0.15524	0.00896	0.01925	0.00147	0.00248	0.00731	0.09025	0.00451
25	0.01030	0.00985	0.01679	0.22321	0.62605	0.01033	0.01324	0.01300	0.00976	0.01366	0.00820	0.01114	0.00673	0.00405	0.00438	0.00135	0.00540	0.00393	0.00213	0.00649
26	0.00570	0.00443	0.00517	0.00522	0.00635	0.00393	0.00388	0.00712	0.01062	0.01380	0.30277	0.13855	0.40261	0.02806	0.00566	0.00158	0.00235	0.04399	0.00433	0.00385
27	0.00834	0.00785	0.01325	0.83417	0.03042	0.00981	0.01227	0.01128	0.00883	0.01128	0.00785	0.01178	0.00589	0.00442	0.00442	0.00147	0.00589	0.00393	0.00196	0.00491
28	0.00727	0.00486	0.00629	0.00583	0.00708	0.00452	0.00444	0.00959	0.03463	0.07044	0.70139	0.03197	0.06038	0.00884	0.00516	0.00141	0.00228	0.02432	0.00485	0.00445
29	0.00717	0.00523	0.00730	0.00811	0.00909	0.00537	0.00703	0.00916	0.01018	0.01340	0.07260	0.04712	0.02564	0.01182	0.00639	0.00199	0.03792	0.70635	0.00403	0.00410
30	0.00968	0.00981	0.07878	0.03479	0.07647	0.01916	0.06459	0.01227	0.02243	0.02997	0.00831	0.00981	0.00668	0.00357	0.00366	0.00089	0.00416	0.00308	0.00255	0.59933
31	0.12187	0.07127	0.06027	0.00990	0.02942	0.02367	0.02410	0.33145	0.15806	0.05518	0.01074	0.01103	0.00798	0.00520	0.00477	0.00138	0.05960	0.00383	0.00365	0.00663
32	0.13488	0.00852	0.01029	0.20776	0.01498	0.00991	0.00779	0.24664	0.01196	0.01807	0.00970	0.01192	0.00756	0.00789	0.08872	0.00195	0.05767	0.00383	0.13453	0.00544
33	0.00643	0.00426	0.00537	0.00574	0.00598	0.00419	0.00383	0.00674	0.00755	0.01005	0.04237	0.21497	0.02026	0.41064	0.01509	0.10419	0.00374	0.12238	0.00319	0.00305
34	0.00604	0.00418	0.00493	0.00523	0.00542	0.00407	0.00319	0.00637	0.00726	0.00960	0.01886	0.26653	0.07022	0.53276	0.03353	0.00344	0.00381	0.00836	0.00317	0.00304
35	0.00594	0.00421	0.00525	0.00570	0.00643	0.00382	0.00398	0.00701	0.00954	0.03551	0.16153	0.48646	0.19713	0.03860	0.00598	0.00173	0.00250	0.01067	0.00422	0.00380
36	0.00538	0.00384	0.00512	0.00615	0.00641	0.00359	0.00410	0.00615	0.00846	0.01127	0.02434	0.84190	0.02921	0.01384	0.00564	0.00179	0.00256	0.01256	0.00410	0.00359
37	0.00904	0.00574	0.00818	0.00752	0.00896	0.00550	0.07705	0.06096	0.01022	0.11934	0.03096	0.40122	0.02027	0.02506	0.00529	0.00161	0.00334	0.05379	0.14127	0.00467
38	0.00834	0.00785	0.01325	0.83417	0.03042	0.00981	0.01227	0.01128	0.00883	0.01128	0.00785	0.01178	0.00589	0.00442	0.00442	0.00147	0.00589	0.00393	0.00196	0.00491
39	0.00666	0.00492	0.00559	0.00569	0.00587	0.02783	0.00362	0.00701	0.00708	0.00937	0.01521	0.15610	0.01740	0.58222	0.07576	0.00386	0.03186	0.02799	0.00288	0.00309
40	0.00652	0.00432	0.00536	0.00533	0.00553	0.00443	0.00336	0.00671	0.00685	0.00932	0.06346	0.02566	0.01598	0.57292	0.15249	0.09486	0.00533	0.00598	0.00268	0.00290
41	0.00592	0.00425	0.00573	0.00670	0.00723	0.00406	0.00500	0.00711	0.00911	0.01203	0.04338	0.56550	0.04547	0.01317	0.00576	0.00185	0.00300	0.24687	0.00411	0.00375

[dist]
# distance from previous block
# <min> <max>
0	4

[block]
# block no. 7 follows, 59 sequences, length 20
# corresponding to MSA columns:
# 487-506
name=unknown_H
#
# <colnr> <probs for GDERKNQSTAVLIFYWHMCP>
#	G	D	E	R	K	N	Q	S	T	A	V	L	I	F	Y	W	H	M	C	P
0	0.00834	0.00785	0.01325	0.83417	0.03042	0.00981	0.01227	0.01128	0.00883	0.01128	0.00785	0.01178	0.00589	0.00442	0.00442	0.00147	0.00589	0.00393	0.00196	0.00491
1	0.00596	0.00438	0.00558	0.00554	0.00648	0.00400	0.00406	0.00767	0.01143	0.01577	0.56972	0.18906	0.13351	0.01021	0.00529	0.00148	0.00219	0.00902	0.00462	0.00400
2	0.01181	0.84744	0.02314	0.00756	0.01134	0.01748	0.00756	0.01323	0.00897	0.01039	0.00614	0.00708	0.00567	0.00378	0.00283	0.00094	0.00472	0.00236	0.00189	0.00567
3	0.35190	0.17980	0.02678	0.02215	0.01147	0.28094	0.00712	0.01445	0.00947	0.01431	0.00642	0.00764	0.00534	0.00436	0.00375	0.00124	0.04277	0.00264	0.00235	0.00511
4	0.00680	0.00464	0.00608	0.00565	0.00679	0.00426	0.00426	0.00887	0.01251	0.05037	0.78245	0.03226	0.04042	0.00888	0.00518	0.00139	0.00215	0.00784	0.00489	0.00430
5	0.00553	0.00409	0.00521	0.00598	0.00656	0.00376	0.00421	0.00653	0.00909	0.01188	0.06861	0.59549	0.16915	0.01299	0.00558	0.00174	0.00260	0.07320	0.00414	0.00368
6	0.00656	0.00474	0.00572	0.00579	0.00685	0.00441	0.00436	0.02660	0.01039	0.03168	0.23118	0.12903	0.26506	0.11314	0.00749	0.00192	0.00288	0.13411	0.00415	0.00393
7	0.00834	0.00785	0.01325	0.83417	0.03042	0.00981	0.01227	0.01128	0.00883	0.01128	0.00785	0.01178	0.00589	0.00442	0.00442	0.00147	0.00589	0.00393	0.00196	0.00491
8	0.00630	0.00481	0.00572	0.00590	0.00704	0.00447	0.00450	0.04558	0.01070	0.01386	0.18369	0.22456	0.32632	0.01125	0.00541	0.00162	0.00269	0.12731	0.00426	0.00401
9	0.01152	0.01268	0.01147	0.29946	0.01808	0.34573	0.00907	0.01342	0.01012	0.01141	0.00837	0.01115	0.00685	0.00781	0.09464	0.00193	0.03854	0.00358	0.07936	0.00482
10	0.01144	0.74579	0.12161	0.00818	0.01229	0.01659	0.00864	0.01332	0.00902	0.01083	0.00636	0.00736	0.00566	0.00383	0.00300	0.00100	0.00495	0.00247	0.00189	0.00577
11	0.01104	0.00975	0.00996	0.00897	0.01142	0.03970	0.00696	0.02282	0.75759	0.01818	0.04102	0.01666	0.01404	0.00603	0.00450	0.00148	0.00361	0.00501	0.00443	0.00684
12	0.00834	0.00785	0.01325	0.83417	0.03042	0.00981	0.01227	0.01128	0.00883	0.01128	0.00785	0.01178	0.00589	0.00442	0.00442	0.00147	0.00589	0.00393	0.00196	0.00491
13	0.00590	0.00425	0.00533	0.00585	0.00655	0.00395	0.00423	0.00699	0.00934	0.01238	0.12943	0.38408	0.17916	0.06553	0.00684	0.02257	0.00276	0.11126	0.02992	0.00367
14	0.00715	0.00592	0.00849	0.00799	0.00853	0.00737	0.00629	0.00849	0.00723	0.01059	0.04974	0.01701	0.01158	0.08321	0.52660	0.00533	0.21718	0.00479	0.00240	0.00409
15	0.05069	0.00720	0.00956	0.00899	0.04132	0.00896	0.00694	0.00986	0.00840	0.01313	0.12582	0.01729	0.07715	0.01012	0.09390	0.00217	0.37409	0.00494	0.12492	0.00454
16	0.01066	0.17087	0.42872	0.02793	0.01575	0.05074	0.02969	0.03784	0.01015	0.07993	0.02794	0.02551	0.03392	0.00498	0.00412	0.00133	0.00563	0.02566	0.00251	0.00611
17	0.00993	0.00690	0.04705	0.02070	0.03462	0.03469	0.00528	0.02198	0.00884	0.17855	0.01605	0.09537	0.04966	0.41000	0.01342	0.00282	0.01807	0.01829	0.00340	0.00439
18	0.32547	0.21733	0.15946	0.00876	0.03852	0.09015	0.00819	0.02543	0.00900	0.02905	0.00725	0.00900	0.00601	0.04523	0.00422	0.00139	0.00487	0.00289	0.00238	0.00541
19	0.04858	0.10314	0.07991	0.01336	0.18270	0.12947	0.02343	0.12107	0.18153	0.02751	0.01022	0.01110	0.00798	0.00508	0.00457	0.03213	0.00515	0.00375	0.00299	0.00633

[dist]
# distance from previous block
# <min> <max>
1	6

[block]
# block no. 8 follows, 59 sequences, length 17
# corresponding to MSA columns:
# 513-529
name=unknown_I
#
# <colnr> <probs for GDERKNQSTAVLIFYWHMCP>
#	G	D	E	R	K	N	Q	S	T	A	V	L	I	F	Y	W	H	M	C	P
0	0.00816	0.00880	0.11357	0.05764	0.06208	0.00811	0.00814	0.02671	0.11381	0.01317	0.08748	0.01722	0.03140	0.05629	0.28328	0.00352	0.08786	0.00488	0.00283	0.00503
1	0.00593	0.00449	0.00537	0.00554	0.00654	0.00409	0.00415	0.00729	0.01018	0.01326	0.24461	0.12862	0.31466	0.09916	0.00722	0.00187	0.00272	0.12636	0.00415	0.00377
2	0.00578	0.00444	0.00534	0.00587	0.00670	0.00415	0.00418	0.00745	0.05628	0.01228	0.06808	0.48645	0.26050	0.01230	0.00545	0.00168	0.00256	0.04248	0.00416	0.00388
3	0.00868	0.00819	0.01385	0.72962	0.13234	0.00990	0.01243	0.01158	0.00899	0.01169	0.00791	0.01167	0.00603	0.00435	0.00441	0.00145	0.00580	0.00393	0.00199	0.00518
4	0.00934	0.10430	0.65457	0.01304	0.04653	0.01106	0.07364	0.01391	0.00940	0.01365	0.00784	0.00935	0.00573	0.00411	0.00414	0.00136	0.00637	0.00334	0.00191	0.00642
5	0.00758	0.00548	0.00698	0.00668	0.00753	0.01874	0.00494	0.07900	0.00841	0.01167	0.03530	0.01959	0.02502	0.20207	0.44269	0.07622	0.00818	0.00508	0.02500	0.00385
6	0.01158	0.00940	0.01166	0.04397	0.06521	0.01029	0.06851	0.21252	0.31738	0.01935	0.03318	0.03097	0.03223	0.00570	0.00441	0.00139	0.00410	0.00487	0.10690	0.00640
7	0.03756	0.01072	0.09390	0.03398	0.09642	0.02440	0.00881	0.24391	0.03203	0.12180	0.04013	0.02810	0.00923	0.00675	0.00692	0.10491	0.08684	0.00420	0.00338	0.00602
8	0.00918	0.00868	0.01489	0.46401	0.28442	0.00971	0.05315	0.01193	0.00931	0.01248	0.00901	0.01391	0.00756	0.02836	0.00504	0.00153	0.00562	0.04351	0.00218	0.00554
9	0.00900	0.04821	0.76994	0.01264	0.01901	0.01051	0.04269	0.01397	0.00935	0.01388	0.00790	0.00934	0.00563	0.00417	0.00419	0.00139	0.00650	0.00330	0.00188	0.00648
10	0.05468	0.11442	0.05988	0.01008	0.07619	0.02607	0.03712	0.17388	0.02786	0.21840	0.03628	0.07597	0.01079	0.00562	0.00420	0.00132	0.00434	0.00460	0.05194	0.00635
11	0.05189	0.03932	0.05464	0.03278	0.31146	0.08760	0.03490	0.09160	0.12271	0.03161	0.00965	0.01098	0.00760	0.00450	0.00440	0.00129	0.02440	0.00378	0.00282	0.07207
12	0.00661	0.00451	0.00580	0.00582	0.00658	0.00459	0.00421	0.00764	0.00816	0.03067	0.06891	0.08842	0.14621	0.19309	0.28225	0.04342	0.00601	0.02600	0.05746	0.00364
13	0.07529	0.09305	0.14699	0.01180	0.07095	0.07745	0.12126	0.09978	0.04618	0.15292	0.01020	0.01122	0.00755	0.02517	0.00460	0.00138	0.00535	0.00381	0.00308	0.03197
14	0.01366	0.15437	0.09994	0.01131	0.07194	0.18669	0.05536	0.10104	0.06920	0.12965	0.02818	0.01223	0.02373	0.00496	0.00415	0.00127	0.00548	0.01750	0.00313	0.00621
15	0.00664	0.00491	0.00610	0.00620	0.00718	0.00468	0.00450	0.05739	0.02750	0.01473	0.27959	0.40397	0.09306	0.01102	0.00531	0.00158	0.00260	0.02891	0.00433	0.02981
16	0.03572	0.01002	0.04199	0.10722	0.25597	0.02157	0.10845	0.14711	0.01174	0.03153	0.02836	0.05813	0.05165	0.00572	0.00464	0.00143	0.00507	0.05181	0.00299	0.01888

[dist]
# distance from previous block
# <min> <max>
0	17

[block]
# block no. 9 follows, 59 sequences, length 23
# corresponding to MSA columns:
# 553-572,574-576
name=unknown_J
#
# <colnr> <probs for GDERKNQSTAVLIFYWHMCP>
#	G	D	E	R	K	N	Q	S	T	A	V	L	I	F	Y	W	H	M	C	P
0	0.02385	0.01047	0.06027	0.04540	0.03168	0.05485	0.02504	0.23119	0.04175	0.22878	0.04556	0.01502	0.05954	0.02224	0.00524	0.00142	0.04346	0.00453	0.01949	0.03022
1	0.01019	0.00768	0.05023	0.00779	0.00978	0.03884	0.03461	0.05835	0.04247	0.16205	0.09125	0.25876	0.06009	0.05414	0.00609	0.00166	0.02201	0.03225	0.00400	0.04776
2	0.00612	0.00423	0.00556	0.00611	0.00652	0.00418	0.00429	0.00687	0.00806	0.01085	0.03654	0.37313	0.04726	0.18228	0.11012	0.06028	0.00427	0.10135	0.01857	0.00342
3	0.04957	0.03155	0.01163	0.22333	0.05458	0.06469	0.04031	0.05033	0.23802	0.04254	0.02782	0.09413	0.02385	0.00598	0.00444	0.00144	0.00459	0.00512	0.02036	0.00570
4	0.01204	0.66783	0.10441	0.00851	0.01240	0.10927	0.00857	0.01381	0.00942	0.01081	0.00640	0.00742	0.00566	0.00391	0.00311	0.00101	0.00528	0.00251	0.00193	0.00569
5	0.01041	0.02570	0.01007	0.00738	0.01081	0.02848	0.03865	0.05157	0.01057	0.08979	0.08805	0.01385	0.03154	0.00459	0.00383	0.00093	0.00360	0.02066	0.00322	0.54630
6	0.06436	0.13622	0.01336	0.00996	0.01262	0.49336	0.00788	0.11138	0.03164	0.03258	0.02335	0.00975	0.02581	0.00480	0.00387	0.00117	0.00642	0.00322	0.00272	0.00552
7	0.00896	0.02978	0.22556	0.07460	0.07978	0.02306	0.08368	0.02024	0.01686	0.03507	0.02866	0.06258	0.05747	0.05028	0.00801	0.16260	0.02053	0.00486	0.00248	0.00492
8	0.00601	0.00446	0.00527	0.00543	0.00656	0.00395	0.00403	0.00733	0.01029	0.03570	0.20463	0.22957	0.38933	0.01125	0.00535	0.00157	0.00244	0.05862	0.00430	0.00392
9	0.03373	0.04582	0.01156	0.00877	0.01168	0.04329	0.03451	0.26889	0.04728	0.26782	0.05201	0.01431	0.02825	0.00793	0.06295	0.04124	0.00490	0.00441	0.00419	0.00645
10	0.02847	0.05524	0.22807	0.01212	0.03485	0.06273	0.17187	0.12800	0.02374	0.01584	0.00888	0.01106	0.00697	0.00441	0.00440	0.00127	0.01970	0.02553	0.00259	0.15427
11	0.00821	0.00741	0.00985	0.08934	0.05629	0.04881	0.02192	0.03063	0.00892	0.01214	0.09180	0.12057	0.05213	0.06574	0.15608	0.00278	0.18574	0.02428	0.00287	0.00448
12	0.00582	0.00417	0.00541	0.00623	0.00673	0.00397	0.00438	0.00714	0.03027	0.01219	0.06878	0.64489	0.06228	0.01282	0.00552	0.00175	0.00266	0.07892	0.03230	0.00378
13	0.00999	0.07356	0.04024	0.05199	0.02815	0.02767	0.00675	0.03871	0.10866	0.01476	0.00905	0.01010	0.00728	0.00385	0.00356	0.00090	0.00387	0.00306	0.00277	0.55507
14	0.00747	0.04152	0.03817	0.00811	0.05371	0.00652	0.03021	0.02369	0.09816	0.01495	0.28601	0.16382	0.15015	0.00899	0.00527	0.00150	0.02449	0.02852	0.00401	0.00474
15	0.00791	0.00751	0.04271	0.06187	0.11544	0.03604	0.02280	0.02612	0.07618	0.01496	0.27562	0.10546	0.15823	0.00818	0.00495	0.00145	0.00352	0.02233	0.00380	0.00491
16	0.06511	0.07041	0.23242	0.02668	0.07270	0.05020	0.04983	0.08044	0.09014	0.04881	0.03023	0.05023	0.01009	0.00665	0.03700	0.00164	0.02169	0.04683	0.00292	0.00598
17	0.01036	0.03966	0.16925	0.07436	0.19153	0.03588	0.06198	0.05849	0.05934	0.02635	0.03050	0.01306	0.02522	0.00583	0.01885	0.00157	0.14452	0.02469	0.00254	0.00600
18	0.02204	0.01803	0.08686	0.05048	0.11593	0.00922	0.12501	0.04376	0.17786	0.01538	0.09544	0.07293	0.06780	0.00626	0.00510	0.00145	0.04062	0.00556	0.00326	0.03702
19	0.00765	0.00583	0.00694	0.02419	0.02882	0.02088	0.00510	0.01781	0.11298	0.02575	0.15437	0.10863	0.11115	0.09951	0.10068	0.00239	0.00414	0.05081	0.08131	0.03106
20	0.00946	0.13078	0.38815	0.01117	0.01546	0.01104	0.08454	0.03417	0.04143	0.01388	0.06353	0.01270	0.04231	0.00523	0.00539	0.00140	0.10099	0.00406	0.01843	0.00589
21	0.02716	0.01008	0.04848	0.15501	0.43655	0.03940	0.01131	0.03991	0.02888	0.02607	0.05490	0.01386	0.03079	0.03557	0.02224	0.00158	0.00524	0.00435	0.00255	0.00608
22	0.00644	0.00504	0.03942	0.00615	0.00711	0.00416	0.00461	0.00769	0.00956	0.05427	0.16695	0.49503	0.12582	0.03886	0.00594	0.00173	0.00272	0.01034	0.00417	0.00400

[dist]
# distance from previous block
# <min> <max>
2	46

# created by:
# /st0/software/busco_prod/Augustus/scripts/msa2prfl.pl ./align_prep/1377237.fa
