[name]
unknown

[dist]
# distance from previous block
# <min> <max>
0	79

[block]
# block no. 0 follows, 56 sequences, length 6
# corresponding to MSA columns:
# 96-101
name=unknown_A
#
# <colnr> <probs for GDERKNQSTAVLIFYWHMCP>
#	G	D	E	R	K	N	Q	S	T	A	V	L	I	F	Y	W	H	M	C	P
0	0.03460	0.01042	0.03133	0.07273	0.07733	0.06942	0.07092	0.16630	0.01297	0.15238	0.03451	0.05121	0.01183	0.00633	0.00507	0.00147	0.02854	0.09318	0.00371	0.06575
1	0.05418	0.14097	0.03419	0.00855	0.04154	0.02631	0.00689	0.09569	0.02879	0.13556	0.08397	0.09112	0.01304	0.00582	0.00414	0.00121	0.00399	0.00472	0.00360	0.21572
2	0.07682	0.36124	0.11335	0.01197	0.13250	0.08279	0.00974	0.08027	0.01103	0.06960	0.00820	0.00920	0.00656	0.00435	0.00370	0.00121	0.00534	0.00315	0.00258	0.00638
3	0.00861	0.00654	0.00863	0.00867	0.06755	0.00685	0.03332	0.09891	0.04302	0.01347	0.06854	0.02461	0.01594	0.38276	0.15216	0.00382	0.00584	0.04316	0.00319	0.00440
4	0.01541	0.32454	0.01731	0.01004	0.01331	0.32329	0.00846	0.20789	0.01375	0.01543	0.00780	0.00861	0.00637	0.00462	0.00381	0.00116	0.00623	0.00306	0.00276	0.00615
5	0.01210	0.00754	0.00905	0.00743	0.01019	0.00698	0.00585	0.07357	0.11619	0.20574	0.12778	0.10239	0.01680	0.00657	0.00448	0.00127	0.00336	0.00555	0.04642	0.23075

[dist]
# distance from previous block
# <min> <max>
3	15

[block]
# block no. 1 follows, 56 sequences, length 40
# corresponding to MSA columns:
# 120-159
name=unknown_B
#
# <colnr> <probs for GDERKNQSTAVLIFYWHMCP>
#	G	D	E	R	K	N	Q	S	T	A	V	L	I	F	Y	W	H	M	C	P
0	0.00622	0.00483	0.00551	0.00577	0.00688	0.00441	0.00415	0.05082	0.01049	0.01330	0.06843	0.37864	0.39923	0.01236	0.00556	0.00167	0.00262	0.01075	0.00432	0.00405
1	0.01648	0.01962	0.01279	0.06266	0.01503	0.68184	0.00891	0.01847	0.05703	0.05332	0.00838	0.00941	0.00666	0.00486	0.00422	0.00124	0.00766	0.00324	0.00265	0.00555
2	0.01184	0.01173	0.10986	0.05522	0.06638	0.02568	0.12494	0.10146	0.26453	0.07878	0.01485	0.07294	0.02874	0.00599	0.00481	0.00151	0.00503	0.00534	0.00369	0.00667
3	0.00634	0.00565	0.04781	0.00682	0.00787	0.00482	0.00526	0.00842	0.06220	0.01291	0.06762	0.50569	0.13953	0.01322	0.03256	0.00195	0.00328	0.05968	0.00415	0.00422
4	0.00693	0.00488	0.00633	0.00597	0.00633	0.00485	0.04738	0.00737	0.00722	0.00988	0.01479	0.07843	0.01654	0.66497	0.05478	0.00409	0.00475	0.00681	0.04454	0.00316
5	0.01160	0.05623	0.01134	0.00785	0.01171	0.02752	0.00642	0.19165	0.01231	0.01774	0.00880	0.00993	0.00708	0.00472	0.02406	0.00104	0.00420	0.00309	0.00309	0.57963
6	0.01189	0.11853	0.05878	0.01044	0.01274	0.08428	0.00892	0.06639	0.30756	0.01542	0.01136	0.01225	0.00910	0.00617	0.00739	0.00156	0.24361	0.00414	0.00319	0.00628
7	0.01036	0.01723	0.45487	0.01132	0.01679	0.00955	0.05629	0.03900	0.05993	0.05682	0.00953	0.01062	0.00699	0.00432	0.00422	0.00127	0.00560	0.00354	0.00260	0.21915
8	0.05077	0.01172	0.05843	0.01279	0.01666	0.01120	0.27914	0.25198	0.06375	0.11190	0.02484	0.01437	0.05350	0.00531	0.00494	0.00147	0.01181	0.00496	0.00370	0.00675
9	0.01617	0.01204	0.01292	0.01022	0.01365	0.01339	0.00834	0.59848	0.19869	0.04817	0.01296	0.01254	0.00932	0.00568	0.00461	0.00142	0.00470	0.00439	0.00464	0.00768
10	0.00622	0.00453	0.00574	0.00640	0.00700	0.00429	0.00442	0.04474	0.00985	0.01309	0.08220	0.67155	0.09606	0.01336	0.00573	0.00178	0.00272	0.01200	0.00433	0.00398
11	0.15659	0.06286	0.04166	0.03432	0.01301	0.01151	0.00781	0.28669	0.12620	0.18423	0.02305	0.01231	0.00918	0.00532	0.00422	0.00140	0.00442	0.00403	0.00420	0.00698
12	0.12196	0.04939	0.01504	0.05383	0.01556	0.17512	0.12321	0.27773	0.02474	0.03568	0.00899	0.01025	0.00683	0.00501	0.00498	0.00140	0.05691	0.00382	0.00321	0.00631
13	0.00641	0.00489	0.00587	0.00581	0.00694	0.00458	0.00432	0.00781	0.01077	0.03447	0.26742	0.19889	0.35961	0.01117	0.00599	0.00160	0.04534	0.00953	0.00442	0.00414
14	0.05904	0.36603	0.14426	0.01158	0.10498	0.03271	0.03875	0.06630	0.03029	0.03621	0.00812	0.00926	0.00657	0.00422	0.00369	0.00118	0.00522	0.00317	0.00246	0.06597
15	0.01192	0.12683	0.15405	0.13156	0.03757	0.01143	0.06919	0.15898	0.03176	0.06738	0.01024	0.05079	0.00821	0.00510	0.00454	0.00135	0.02184	0.00421	0.00299	0.09006
16	0.00773	0.00535	0.00660	0.00625	0.00755	0.00514	0.00465	0.01068	0.09645	0.06753	0.47501	0.13009	0.10326	0.04550	0.00612	0.00165	0.00261	0.00837	0.00479	0.00469
17	0.03651	0.00804	0.01164	0.08773	0.01369	0.00822	0.12967	0.15685	0.02240	0.03635	0.19680	0.05756	0.12334	0.00788	0.00519	0.00155	0.00430	0.08294	0.00398	0.00539
18	0.08942	0.02255	0.05406	0.01104	0.03127	0.11818	0.14527	0.06399	0.01186	0.20721	0.06697	0.02689	0.07109	0.00593	0.00523	0.00145	0.05291	0.00493	0.00363	0.00611
19	0.01284	0.01032	0.02287	0.13772	0.23052	0.07776	0.00981	0.11299	0.05042	0.14397	0.04824	0.05488	0.05563	0.00591	0.00469	0.00143	0.00497	0.00506	0.00352	0.00644
20	0.00591	0.00432	0.00546	0.00619	0.00687	0.00399	0.00445	0.00705	0.00962	0.01268	0.08156	0.51762	0.18058	0.01308	0.00573	0.00178	0.00273	0.09902	0.02749	0.00387
21	0.00993	0.04185	0.10656	0.26310	0.10029	0.01061	0.21563	0.01299	0.00974	0.03953	0.01004	0.07981	0.00858	0.00540	0.00558	0.00155	0.06555	0.00505	0.00242	0.00579
22	0.03963	0.05696	0.03268	0.03106	0.09702	0.04919	0.09327	0.09464	0.04644	0.06449	0.01390	0.19976	0.01340	0.02974	0.00605	0.00162	0.06751	0.01544	0.04154	0.00566
23	0.01019	0.02364	0.17557	0.12702	0.16712	0.03812	0.15927	0.01323	0.00944	0.01324	0.00817	0.01123	0.00665	0.00635	0.04347	0.00183	0.17314	0.00416	0.00214	0.00600
24	0.00779	0.00745	0.05281	0.00970	0.06758	0.00616	0.13612	0.00973	0.01042	0.05466	0.04903	0.15881	0.39244	0.00949	0.00533	0.00157	0.00381	0.00849	0.00377	0.00485
25	0.03766	0.14922	0.01539	0.25297	0.12858	0.09332	0.04392	0.06261	0.02273	0.01384	0.02971	0.05328	0.00966	0.00587	0.01445	0.00149	0.01253	0.04448	0.00263	0.00566
26	0.08864	0.10420	0.16729	0.12302	0.03837	0.05804	0.08047	0.09718	0.02894	0.10259	0.01028	0.04140	0.00811	0.02631	0.00479	0.00148	0.00556	0.00417	0.00296	0.00619
27	0.00678	0.00482	0.00578	0.00601	0.00695	0.00458	0.00431	0.05673	0.01075	0.01471	0.17091	0.41233	0.16566	0.01148	0.00535	0.00162	0.00261	0.01011	0.09432	0.00418
28	0.01228	0.48233	0.04223	0.09808	0.01564	0.01548	0.08391	0.11595	0.06819	0.01434	0.00839	0.00961	0.00685	0.00438	0.00374	0.00120	0.00529	0.00335	0.00254	0.00621
29	0.01238	0.22077	0.12894	0.05414	0.04984	0.12145	0.06493	0.03370	0.07265	0.07244	0.00974	0.04094	0.00804	0.00527	0.00521	0.00138	0.08542	0.00398	0.00270	0.00611
30	0.04248	0.16217	0.31414	0.01224	0.01697	0.16075	0.11303	0.09919	0.01160	0.01507	0.00808	0.00944	0.00618	0.00441	0.00418	0.00133	0.00656	0.00346	0.00239	0.00633
31	0.00575	0.00483	0.00502	0.00509	0.00654	0.00423	0.00377	0.00746	0.04863	0.01274	0.05312	0.13034	0.67325	0.01164	0.00544	0.00158	0.00242	0.00982	0.00429	0.00403
32	0.09527	0.05584	0.01156	0.19027	0.04780	0.03449	0.00811	0.07597	0.07206	0.19197	0.04871	0.07507	0.01187	0.04203	0.00543	0.00159	0.01734	0.00497	0.00367	0.00597
33	0.01925	0.03065	0.05117	0.07504	0.03451	0.06575	0.06879	0.21485	0.11788	0.12107	0.01455	0.04527	0.05430	0.02940	0.02420	0.00167	0.01640	0.00499	0.00379	0.00647
34	0.00810	0.00490	0.00641	0.00654	0.00751	0.00457	0.00466	0.02151	0.02144	0.11973	0.20564	0.48669	0.02978	0.04229	0.00620	0.00179	0.00283	0.01035	0.00459	0.00449
35	0.00832	0.00832	0.08450	0.09996	0.05389	0.00731	0.03349	0.04081	0.10118	0.01735	0.44025	0.02507	0.04587	0.00748	0.00507	0.00147	0.00367	0.00659	0.00412	0.00531
36	0.03935	0.01000	0.06639	0.35450	0.02052	0.05991	0.00997	0.01630	0.08674	0.23316	0.01301	0.03388	0.02555	0.00542	0.00456	0.00148	0.00521	0.00450	0.00343	0.00612
37	0.23774	0.01336	0.20998	0.02294	0.01489	0.01078	0.09649	0.10889	0.12593	0.07837	0.01056	0.01134	0.00772	0.00556	0.02504	0.00161	0.00529	0.00387	0.00323	0.00642
38	0.00954	0.01023	0.02041	0.01539	0.01866	0.02828	0.53242	0.01246	0.01012	0.01362	0.01288	0.19405	0.01236	0.00823	0.05684	0.00199	0.02734	0.00698	0.00275	0.00547
39	0.05111	0.01168	0.12761	0.01151	0.08130	0.01011	0.04712	0.12250	0.21166	0.21659	0.04021	0.01466	0.02188	0.00552	0.00458	0.00146	0.00463	0.00461	0.00413	0.00711

[dist]
# distance from previous block
# <min> <max>
3	8

[block]
# block no. 2 follows, 56 sequences, length 75
# corresponding to MSA columns:
# 169-243
name=unknown_C
#
# <colnr> <probs for GDERKNQSTAVLIFYWHMCP>
#	G	D	E	R	K	N	Q	S	T	A	V	L	I	F	Y	W	H	M	C	P
0	0.38100	0.10615	0.01168	0.00821	0.01134	0.01118	0.05137	0.15241	0.04170	0.11436	0.01047	0.06347	0.00845	0.00532	0.00379	0.00140	0.00420	0.00398	0.00352	0.00599
1	0.04403	0.00881	0.03871	0.25107	0.12982	0.00884	0.07146	0.05653	0.03631	0.01473	0.05083	0.12158	0.06366	0.00640	0.00473	0.00146	0.00482	0.00575	0.00299	0.07747
2	0.10317	0.01399	0.21673	0.01348	0.04018	0.04792	0.27202	0.04115	0.01101	0.08511	0.07822	0.03534	0.01058	0.00505	0.00471	0.00147	0.00597	0.00479	0.00294	0.00617
3	0.01415	0.08799	0.06496	0.20936	0.05726	0.00992	0.06035	0.08143	0.01182	0.28980	0.01215	0.01293	0.00846	0.00494	0.00440	0.00139	0.00504	0.00417	0.05289	0.00657
4	0.00633	0.00481	0.00655	0.00802	0.05937	0.00455	0.00547	0.00759	0.00951	0.01246	0.02687	0.50684	0.13293	0.01298	0.00582	0.00184	0.00314	0.17674	0.00413	0.00409
5	0.01247	0.05834	0.30370	0.01335	0.05946	0.06379	0.14085	0.12141	0.05832	0.08554	0.01029	0.01134	0.00748	0.00467	0.00450	0.00141	0.00608	0.00402	0.02621	0.00676
6	0.01248	0.08675	0.34564	0.01164	0.04271	0.05714	0.03729	0.10622	0.01199	0.13250	0.07542	0.01261	0.01004	0.00518	0.00477	0.00140	0.03242	0.00407	0.00310	0.00663
7	0.01641	0.00696	0.00912	0.00732	0.01016	0.00610	0.00587	0.01819	0.02476	0.57927	0.07793	0.02193	0.12623	0.06087	0.00601	0.00164	0.00359	0.00574	0.00523	0.00668
8	0.01132	0.01238	0.02244	0.01886	0.14612	0.06416	0.49364	0.01541	0.07903	0.01465	0.00962	0.01219	0.00749	0.00447	0.00584	0.00153	0.06711	0.00493	0.00250	0.00631
9	0.04103	0.03893	0.10075	0.05517	0.16065	0.05378	0.05831	0.12550	0.08926	0.12741	0.03654	0.04448	0.01625	0.00551	0.00482	0.00144	0.02544	0.00463	0.00344	0.00666
10	0.06409	0.02588	0.17819	0.00931	0.01316	0.00831	0.03429	0.03431	0.06388	0.39161	0.06797	0.01620	0.01237	0.00575	0.00454	0.00145	0.00448	0.03085	0.02650	0.00687
11	0.00668	0.00478	0.00550	0.00560	0.00695	0.00418	0.00421	0.00797	0.01053	0.06488	0.10469	0.19804	0.48002	0.01167	0.00552	0.00164	0.00262	0.06596	0.00442	0.00417
12	0.16019	0.02298	0.09469	0.06692	0.05202	0.00974	0.14202	0.06308	0.05128	0.17792	0.01395	0.01474	0.07302	0.01716	0.00491	0.00151	0.01960	0.00460	0.00344	0.00624
13	0.05014	0.13931	0.33588	0.01318	0.01834	0.01182	0.22896	0.04900	0.01070	0.08677	0.00918	0.01058	0.00669	0.00433	0.00441	0.00140	0.00629	0.00392	0.00254	0.00654
14	0.00567	0.00405	0.00539	0.00634	0.00668	0.00378	0.00427	0.00658	0.00913	0.01227	0.08923	0.77017	0.03142	0.01397	0.00582	0.00183	0.00262	0.01266	0.00433	0.00378
15	0.00713	0.00601	0.06464	0.00644	0.00732	0.00495	0.00493	0.00820	0.00857	0.03211	0.09900	0.15634	0.02195	0.43083	0.01462	0.00313	0.00406	0.11259	0.00346	0.00371
16	0.15562	0.01075	0.10159	0.08564	0.09297	0.03198	0.02179	0.08923	0.08208	0.10441	0.03593	0.07487	0.01893	0.00733	0.04515	0.00178	0.02573	0.00479	0.00338	0.00607
17	0.01090	0.01070	0.01745	0.18627	0.35004	0.03607	0.13421	0.03954	0.06736	0.01459	0.00956	0.02900	0.00784	0.00486	0.00542	0.00149	0.06127	0.00452	0.00251	0.00639
18	0.00566	0.00458	0.00504	0.00520	0.00647	0.00396	0.00385	0.00693	0.01054	0.01312	0.14115	0.16574	0.56192	0.01180	0.00552	0.00160	0.00242	0.03621	0.00436	0.00392
19	0.03943	0.05252	0.11738	0.15606	0.19441	0.05109	0.05107	0.12529	0.02804	0.03646	0.01110	0.04950	0.03627	0.00535	0.00479	0.00144	0.02618	0.00452	0.00282	0.00629
20	0.02447	0.29069	0.09640	0.03687	0.01304	0.06882	0.00850	0.09819	0.13105	0.04740	0.05019	0.03913	0.01055	0.00723	0.05702	0.00168	0.00541	0.00412	0.00310	0.00613
21	0.00570	0.00462	0.00506	0.00504	0.00639	0.00398	0.00374	0.00708	0.01097	0.01382	0.23071	0.09316	0.57116	0.01126	0.00545	0.00154	0.00231	0.00957	0.00446	0.00398
22	0.01027	0.00986	0.01603	0.33113	0.38194	0.03145	0.03816	0.01298	0.00979	0.01347	0.00852	0.01180	0.00689	0.00460	0.00521	0.00146	0.05927	0.00410	0.03699	0.00609
23	0.01219	0.15658	0.25759	0.03760	0.03585	0.04769	0.01089	0.18623	0.12632	0.02618	0.01923	0.04441	0.00894	0.00530	0.00429	0.00138	0.00540	0.00413	0.00311	0.00668
24	0.01095	0.01017	0.01644	0.25349	0.49107	0.01093	0.01296	0.05879	0.06210	0.01514	0.00929	0.01197	0.00741	0.00445	0.00457	0.00142	0.00550	0.00416	0.00249	0.00668
25	0.01965	0.00842	0.01092	0.00847	0.01196	0.00776	0.00696	0.09194	0.07135	0.68486	0.01752	0.01532	0.01124	0.00571	0.00462	0.00143	0.00399	0.00462	0.00551	0.00777
26	0.01021	0.05309	0.39802	0.03813	0.04189	0.00967	0.04356	0.02842	0.08262	0.08482	0.02500	0.06407	0.07732	0.00603	0.00463	0.00148	0.00538	0.01632	0.00300	0.00634
27	0.01075	0.06899	0.26990	0.09643	0.17518	0.01178	0.17177	0.07081	0.01073	0.01501	0.00849	0.01078	0.00652	0.00448	0.00511	0.00146	0.04896	0.00403	0.00229	0.00652
28	0.01604	0.01145	0.01246	0.00995	0.01330	0.01262	0.00809	0.48955	0.24621	0.10987	0.01399	0.01328	0.00998	0.00574	0.00462	0.00143	0.00452	0.00449	0.00473	0.00765
29	0.00951	0.04889	0.69295	0.01368	0.02011	0.01102	0.11153	0.01453	0.00982	0.01444	0.00831	0.00995	0.00596	0.00429	0.00444	0.00145	0.00684	0.00361	0.00199	0.00668
30	0.01217	0.05486	0.11495	0.04806	0.01565	0.06928	0.16068	0.08023	0.09112	0.11448	0.01319	0.08234	0.01107	0.00614	0.00509	0.00150	0.03161	0.04507	0.03635	0.00617
31	0.00939	0.02045	0.00829	0.00795	0.00961	0.03804	0.00661	0.06248	0.06944	0.07105	0.16703	0.03787	0.08932	0.01012	0.00560	0.00175	0.00385	0.37173	0.00443	0.00499
32	0.00624	0.00468	0.00578	0.00550	0.00670	0.00422	0.00413	0.00816	0.01238	0.01696	0.62393	0.03668	0.22789	0.00993	0.00542	0.00147	0.00220	0.00864	0.00486	0.00422
33	0.01061	0.01065	0.06226	0.11069	0.32765	0.01017	0.13616	0.01506	0.12565	0.03991	0.06293	0.04557	0.01134	0.00523	0.00481	0.00147	0.00534	0.00505	0.00295	0.00652
34	0.05383	0.01940	0.50532	0.01332	0.05903	0.05049	0.06471	0.10179	0.03533	0.04111	0.00911	0.01033	0.00657	0.00455	0.00440	0.00143	0.00631	0.00367	0.00254	0.00677
35	0.00593	0.00477	0.00538	0.00571	0.00706	0.00422	0.00451	0.00730	0.01038	0.01269	0.03960	0.09746	0.56282	0.01207	0.00568	0.00171	0.00282	0.20168	0.00425	0.00395
36	0.01108	0.00920	0.00965	0.00874	0.01115	0.01057	0.00678	0.02276	0.70739	0.01896	0.01824	0.01713	0.01375	0.00612	0.00450	0.00150	0.00346	0.00508	0.10703	0.00691
37	0.05664	0.00890	0.01307	0.42167	0.09458	0.01012	0.01060	0.10347	0.01127	0.15594	0.01029	0.01241	0.00743	0.00498	0.00487	0.00148	0.03688	0.00410	0.02525	0.00606
38	0.01182	0.72044	0.14106	0.00863	0.01298	0.01706	0.00920	0.01386	0.00938	0.01135	0.00666	0.00771	0.00588	0.00399	0.00316	0.00105	0.00519	0.00259	0.00196	0.00602
39	0.00543	0.00465	0.00465	0.00465	0.00620	0.00388	0.00349	0.00659	0.01046	0.01240	0.04651	0.04418	0.80815	0.01163	0.00543	0.00155	0.00233	0.00969	0.00426	0.00388
40	0.01108	0.01078	0.01890	0.09936	0.67432	0.01090	0.07908	0.01393	0.01037	0.01468	0.00865	0.01153	0.00714	0.00412	0.00462	0.00139	0.00570	0.00420	0.00226	0.00699
41	0.01132	0.01107	0.01998	0.16186	0.14063	0.01135	0.35946	0.12045	0.05731	0.01654	0.03693	0.01304	0.00862	0.00458	0.00499	0.00149	0.00632	0.00489	0.00280	0.00638
42	0.00569	0.00406	0.00543	0.00650	0.00681	0.00381	0.00442	0.00655	0.00888	0.01182	0.02525	0.79515	0.03016	0.01430	0.00588	0.00188	0.00274	0.05264	0.00426	0.00375
43	0.01227	0.84142	0.02406	0.00786	0.01178	0.01817	0.00786	0.01375	0.00933	0.01080	0.00638	0.00736	0.00589	0.00393	0.00295	0.00098	0.00491	0.00245	0.00196	0.00589
44	0.08099	0.00706	0.00855	0.00772	0.00894	0.02188	0.03574	0.07276	0.01003	0.01486	0.08863	0.16238	0.10907	0.07625	0.03467	0.00202	0.14919	0.00682	0.09786	0.00458
45	0.03342	0.00816	0.01055	0.00832	0.01171	0.00755	0.00680	0.02255	0.13826	0.67381	0.01801	0.01573	0.01168	0.00575	0.00460	0.00144	0.00386	0.00467	0.00547	0.00768
46	0.01136	0.01091	0.01863	0.02818	0.81002	0.01091	0.01409	0.01409	0.01045	0.01500	0.00864	0.01136	0.00727	0.00409	0.00455	0.00136	0.00545	0.00409	0.00227	0.00727
47	0.00990	0.00915	0.01447	0.46484	0.25922	0.02687	0.01214	0.05101	0.01024	0.01368	0.00958	0.05912	0.00807	0.00507	0.00460	0.00147	0.00561	0.00458	0.02458	0.00578
48	0.01494	0.01820	0.01334	0.01190	0.01353	0.56936	0.00924	0.01607	0.01115	0.01118	0.00676	0.00883	0.00595	0.00576	0.00754	0.00144	0.26406	0.00329	0.00225	0.00523
49	0.00560	0.00411	0.00526	0.00612	0.00660	0.00377	0.00415	0.00649	0.00917	0.01204	0.05392	0.69569	0.14259	0.01382	0.00578	0.00181	0.00260	0.01241	0.00429	0.00377
50	0.01069	0.01010	0.05589	0.00909	0.01180	0.01058	0.00744	0.02199	0.67169	0.01841	0.04595	0.01928	0.07361	0.00663	0.00473	0.00155	0.00367	0.00552	0.00450	0.00689
51	0.01255	0.05240	0.01157	0.00926	0.01164	0.03664	0.03480	0.19016	0.21372	0.10388	0.01584	0.16756	0.01406	0.03518	0.02287	0.00176	0.04956	0.00613	0.00414	0.00628
52	0.01697	0.01143	0.01262	0.00992	0.01338	0.01240	0.00811	0.52115	0.15605	0.16867	0.01364	0.01292	0.00953	0.00567	0.00461	0.00142	0.00460	0.00440	0.00480	0.00771
53	0.00604	0.00482	0.00552	0.00589	0.00724	0.00430	0.00472	0.00748	0.01043	0.01279	0.03881	0.07850	0.53593	0.01206	0.00573	0.00174	0.00292	0.24684	0.00425	0.00398
54	0.01167	0.00972	0.01165	0.05277	0.04569	0.01095	0.04668	0.02242	0.63099	0.06377	0.01735	0.03024	0.01311	0.00605	0.00472	0.00154	0.00404	0.00520	0.00437	0.00707
55	0.06340	0.00828	0.00960	0.00822	0.01096	0.00856	0.00651	0.02066	0.34859	0.32211	0.04362	0.07071	0.04487	0.00674	0.00467	0.00151	0.00357	0.00560	0.00492	0.00689
56	0.00571	0.00412	0.00547	0.00644	0.00669	0.00394	0.00431	0.00649	0.00868	0.01160	0.02455	0.79017	0.02941	0.04585	0.00669	0.00197	0.01740	0.01265	0.00417	0.00372
57	0.01260	0.01531	0.09662	0.04520	0.33620	0.25678	0.01211	0.01486	0.01056	0.01308	0.00770	0.01008	0.00648	0.00496	0.00608	0.00143	0.13788	0.00366	0.00222	0.00620
58	0.00934	0.00905	0.01435	0.47970	0.06469	0.01165	0.02512	0.01166	0.00850	0.01170	0.00744	0.01141	0.00616	0.00579	0.00836	0.00169	0.30205	0.00408	0.00205	0.00520
59	0.00571	0.00399	0.00536	0.00637	0.00663	0.00374	0.00425	0.00637	0.00865	0.01153	0.02445	0.79496	0.02926	0.01446	0.00646	0.04468	0.00273	0.01260	0.00415	0.00364
60	0.06057	0.01059	0.01807	0.05612	0.01746	0.01187	0.31232	0.01472	0.07788	0.07964	0.00951	0.01199	0.00746	0.00568	0.00834	0.00168	0.28286	0.00463	0.00271	0.00590
61	0.00716	0.00517	0.00709	0.00807	0.00912	0.00510	0.00695	0.00914	0.01047	0.01354	0.02598	0.09174	0.08357	0.01269	0.00625	0.00206	0.00401	0.68348	0.00423	0.00418
62	0.00563	0.00401	0.00531	0.00634	0.00660	0.00376	0.00420	0.00640	0.00871	0.01161	0.02489	0.80480	0.02984	0.04596	0.00653	0.00196	0.00273	0.01281	0.00420	0.00369
63	0.00891	0.00620	0.00779	0.04754	0.00964	0.00630	0.00564	0.01324	0.17732	0.09254	0.45788	0.08654	0.03110	0.00856	0.00519	0.00151	0.00291	0.02110	0.00481	0.00527
64	0.21806	0.02623	0.03509	0.00939	0.01234	0.14227	0.04615	0.09913	0.26005	0.04430	0.01350	0.01347	0.05011	0.00549	0.00418	0.00143	0.00478	0.00420	0.00362	0.00621
65	0.36808	0.00898	0.00918	0.00749	0.01069	0.05024	0.00613	0.01854	0.01096	0.44775	0.01275	0.01191	0.00847	0.00505	0.00387	0.00141	0.00399	0.00366	0.00435	0.00652
66	0.00655	0.00493	0.00660	0.00642	0.00727	0.00508	0.00481	0.00822	0.01045	0.01466	0.41368	0.10164	0.07781	0.06344	0.20365	0.00312	0.04581	0.00769	0.00403	0.00414
67	0.01048	0.32421	0.38661	0.01097	0.01598	0.01338	0.05085	0.01461	0.06227	0.01327	0.00844	0.00980	0.00668	0.00556	0.03702	0.00154	0.01651	0.00333	0.00217	0.00633
68	0.01256	0.03992	0.06184	0.01611	0.08402	0.02906	0.38186	0.19520	0.09887	0.01828	0.01046	0.01211	0.00783	0.00457	0.00491	0.00146	0.00636	0.00474	0.00306	0.00677
69	0.00564	0.00408	0.00535	0.00634	0.00672	0.00379	0.00431	0.00650	0.00895	0.01183	0.02667	0.75935	0.08145	0.01415	0.00585	0.00185	0.00269	0.03648	0.00426	0.00375
70	0.07342	0.05553	0.14185	0.18316	0.10691	0.03316	0.15855	0.05943	0.08283	0.01546	0.01962	0.01236	0.00788	0.00474	0.00462	0.00146	0.01304	0.01717	0.00263	0.00617
71	0.14281	0.03843	0.01203	0.14224	0.02614	0.09332	0.05708	0.11215	0.06350	0.10902	0.12243	0.01560	0.02165	0.00571	0.00444	0.00143	0.00483	0.01772	0.00360	0.00588
72	0.00717	0.00581	0.00738	0.00770	0.00837	0.04710	0.02975	0.00823	0.00939	0.01231	0.07680	0.46183	0.02556	0.01265	0.00722	0.06483	0.05090	0.14918	0.00386	0.00397
73	0.02795	0.00763	0.00928	0.06100	0.01165	0.00777	0.00663	0.06850	0.18849	0.26068	0.06016	0.06282	0.11407	0.00750	0.00486	0.00153	0.00368	0.05685	0.03272	0.00625
74	0.01158	0.09959	0.09306	0.17013	0.24260	0.04244	0.08527	0.08142	0.01116	0.04209	0.02005	0.01126	0.00735	0.00446	0.00453	0.00135	0.01611	0.00394	0.00255	0.04905

[dist]
# distance from previous block
# <min> <max>
0	1

[block]
# block no. 3 follows, 56 sequences, length 25
# corresponding to MSA columns:
# 245-247,297-312,314-319
name=unknown_D
#
# <colnr> <probs for GDERKNQSTAVLIFYWHMCP>
#	G	D	E	R	K	N	Q	S	T	A	V	L	I	F	Y	W	H	M	C	P
0	0.05906	0.01182	0.06014	0.20642	0.22132	0.10533	0.03859	0.03976	0.12034	0.01494	0.01045	0.01381	0.00855	0.00518	0.00479	0.00148	0.02441	0.04472	0.00275	0.00615
1	0.00945	0.04810	0.01527	0.59497	0.19103	0.01086	0.01270	0.01229	0.00938	0.01234	0.00810	0.01175	0.00634	0.00458	0.00487	0.00149	0.03482	0.00400	0.00208	0.00558
2	0.01071	0.04416	0.02282	0.14935	0.06725	0.01162	0.51375	0.04765	0.01078	0.01451	0.00929	0.03099	0.00735	0.00446	0.00544	0.00153	0.03485	0.00508	0.00239	0.00604
3	0.00651	0.00489	0.00719	0.00719	0.00801	0.00562	0.00555	0.00808	0.00749	0.01068	0.01385	0.01954	0.04635	0.05768	0.76093	0.00704	0.01163	0.00518	0.00255	0.00405
4	0.31800	0.05705	0.01228	0.25600	0.13093	0.02817	0.00915	0.04480	0.00978	0.08221	0.00841	0.01028	0.00636	0.00449	0.00386	0.00141	0.00486	0.00344	0.00276	0.00575
5	0.00997	0.07703	0.63300	0.01382	0.05668	0.01139	0.07429	0.04533	0.01026	0.01489	0.00832	0.00987	0.00605	0.00433	0.00436	0.00142	0.00660	0.00354	0.00209	0.00674
6	0.01032	0.00591	0.00698	0.00619	0.00817	0.00550	0.00482	0.01319	0.09314	0.20812	0.20284	0.02901	0.26676	0.00837	0.00488	0.00144	0.00278	0.00704	0.10921	0.00533
7	0.05369	0.00787	0.01011	0.00803	0.01122	0.00724	0.00654	0.06620	0.04748	0.61347	0.04496	0.06332	0.02580	0.00636	0.00466	0.00145	0.00379	0.00522	0.00533	0.00726
8	0.05791	0.01333	0.01388	0.04363	0.01487	0.21947	0.10815	0.23098	0.03192	0.07714	0.01116	0.07090	0.00932	0.00597	0.00524	0.00145	0.05404	0.02103	0.00344	0.00617
9	0.00945	0.00713	0.01130	0.00946	0.01173	0.00650	0.16409	0.01188	0.05533	0.11356	0.01821	0.39564	0.01878	0.00905	0.00518	0.00155	0.00401	0.00845	0.00384	0.13487
10	0.00579	0.00414	0.00554	0.00654	0.00691	0.00389	0.00453	0.00676	0.00914	0.01221	0.06212	0.73176	0.03064	0.01400	0.00588	0.00187	0.00277	0.07743	0.00430	0.00380
11	0.01127	0.01308	0.13552	0.01621	0.06160	0.01066	0.45009	0.07527	0.01141	0.05289	0.01026	0.04765	0.00809	0.00459	0.00499	0.00145	0.00655	0.00505	0.00271	0.07064
12	0.23948	0.00794	0.00943	0.00750	0.01076	0.00755	0.00617	0.01943	0.01176	0.57089	0.05254	0.01440	0.01123	0.00549	0.00420	0.00142	0.00373	0.00424	0.00492	0.00691
13	0.00754	0.00532	0.00655	0.00607	0.00748	0.00504	0.00461	0.01052	0.08443	0.05937	0.58762	0.03314	0.14623	0.00922	0.00531	0.00147	0.00241	0.00802	0.00494	0.00472
14	0.02728	0.05143	0.01024	0.02831	0.05622	0.06792	0.05039	0.02880	0.05080	0.01369	0.07030	0.27951	0.08079	0.00981	0.00573	0.00167	0.04304	0.11560	0.00366	0.00482
15	0.01268	0.06075	0.19259	0.01407	0.01825	0.23828	0.26419	0.07669	0.01195	0.01456	0.00914	0.01215	0.00735	0.00477	0.00468	0.00141	0.00716	0.04073	0.00250	0.00610
16	0.00602	0.00437	0.00568	0.00599	0.00673	0.00403	0.00425	0.00750	0.01092	0.01499	0.40461	0.40296	0.08123	0.01181	0.00562	0.00164	0.00240	0.01056	0.00464	0.00403
17	0.00853	0.00660	0.00754	0.00793	0.01929	0.05254	0.00609	0.09772	0.01141	0.01516	0.07191	0.31967	0.02429	0.01115	0.00553	0.00176	0.00372	0.25625	0.06834	0.00457
18	0.05206	0.11302	0.25216	0.02222	0.05244	0.01119	0.17430	0.07343	0.02962	0.11360	0.05430	0.01234	0.00920	0.00476	0.00447	0.00140	0.00573	0.00422	0.00297	0.00655
19	0.00941	0.00971	0.05472	0.01162	0.04960	0.01141	0.02616	0.01154	0.05326	0.01211	0.00936	0.07331	0.00914	0.02918	0.08524	0.00238	0.48927	0.00484	0.00244	0.04528
20	0.00657	0.00440	0.00504	0.00515	0.00518	0.00438	0.00293	0.00665	0.00689	0.00919	0.01557	0.11239	0.01809	0.75440	0.02158	0.00419	0.00427	0.00733	0.00293	0.00288
21	0.04181	0.10392	0.13552	0.06034	0.27603	0.09672	0.13911	0.03794	0.01061	0.01434	0.00815	0.01038	0.00655	0.00436	0.00476	0.00138	0.03556	0.00385	0.00228	0.00641
22	0.05462	0.01211	0.01536	0.01479	0.18475	0.13007	0.13470	0.13801	0.01268	0.10799	0.00992	0.01118	0.00749	0.00449	0.00437	0.00128	0.00556	0.00394	0.02044	0.12624
23	0.00647	0.00479	0.00702	0.00713	0.00784	0.00545	0.00540	0.00792	0.00748	0.01065	0.01377	0.10238	0.01374	0.08388	0.68615	0.00663	0.01081	0.00586	0.00266	0.00398
24	0.01088	0.00963	0.05103	0.24373	0.12887	0.01854	0.05158	0.11271	0.05700	0.06004	0.01340	0.03888	0.01188	0.01490	0.00518	0.00163	0.00530	0.15562	0.00325	0.00594

[dist]
# distance from previous block
# <min> <max>
0	1

[block]
# block no. 4 follows, 56 sequences, length 12
# corresponding to MSA columns:
# 321-332
name=unknown_E
#
# <colnr> <probs for GDERKNQSTAVLIFYWHMCP>
#	G	D	E	R	K	N	Q	S	T	A	V	L	I	F	Y	W	H	M	C	P
0	0.13044	0.21697	0.12778	0.00945	0.01335	0.05505	0.00893	0.23594	0.07545	0.07105	0.00973	0.01010	0.00730	0.00482	0.00390	0.00130	0.00504	0.00345	0.00330	0.00664
1	0.00630	0.00508	0.00548	0.00523	0.00677	0.00451	0.00396	0.04706	0.01165	0.01471	0.23099	0.04008	0.58037	0.01077	0.00538	0.00152	0.00242	0.00907	0.00447	0.00419
2	0.01043	0.11360	0.16269	0.05320	0.04588	0.00943	0.00897	0.02638	0.00977	0.04612	0.00831	0.00980	0.00665	0.00410	0.00431	0.00105	0.04748	0.00311	0.00254	0.42617
3	0.01045	0.01224	0.09088	0.13838	0.11879	0.01134	0.40872	0.01482	0.07752	0.01448	0.00958	0.01229	0.00733	0.00446	0.00552	0.00154	0.04820	0.00479	0.00242	0.00625
4	0.00565	0.00462	0.00499	0.00497	0.00636	0.00396	0.00370	0.00700	0.01089	0.01358	0.19957	0.08447	0.61164	0.01132	0.00545	0.00155	0.00231	0.00959	0.00442	0.00396
5	0.01486	0.00984	0.01369	0.15166	0.15952	0.02766	0.04084	0.14434	0.07825	0.27439	0.01361	0.01396	0.02563	0.00526	0.00464	0.00144	0.00494	0.00450	0.00395	0.00701
6	0.01216	0.04452	0.11511	0.01216	0.01548	0.12714	0.17440	0.13569	0.09510	0.02999	0.06880	0.04049	0.01107	0.00658	0.03068	0.00165	0.06484	0.00482	0.00317	0.00615
7	0.00625	0.00422	0.00555	0.00635	0.00685	0.00389	0.00433	0.00718	0.00927	0.04495	0.06674	0.72054	0.06942	0.01363	0.00576	0.00181	0.00267	0.01229	0.00436	0.00394
8	0.03206	0.00930	0.01114	0.13687	0.01441	0.01012	0.00772	0.36619	0.01481	0.11876	0.01261	0.01481	0.03355	0.07469	0.00731	0.08208	0.00470	0.00452	0.03825	0.00611
9	0.05460	0.20684	0.24089	0.10717	0.16985	0.01230	0.05526	0.01459	0.03929	0.04582	0.00862	0.01031	0.00669	0.00433	0.00410	0.00134	0.00568	0.00357	0.00234	0.00641
10	0.03896	0.01207	0.04633	0.23424	0.12751	0.08025	0.22545	0.12253	0.01196	0.04295	0.00912	0.01153	0.00685	0.00448	0.00471	0.00145	0.00638	0.00430	0.00268	0.00623
11	0.00717	0.00486	0.00612	0.00595	0.00698	0.00453	0.00430	0.02687	0.01147	0.05379	0.44306	0.19860	0.10069	0.09596	0.00730	0.00185	0.00267	0.00896	0.00461	0.00426

[dist]
# distance from previous block
# <min> <max>
0	1

[block]
# block no. 5 follows, 56 sequences, length 23
# corresponding to MSA columns:
# 334-356
name=unknown_F
#
# <colnr> <probs for GDERKNQSTAVLIFYWHMCP>
#	G	D	E	R	K	N	Q	S	T	A	V	L	I	F	Y	W	H	M	C	P
0	0.01346	0.08322	0.09374	0.05909	0.19230	0.05699	0.11499	0.07636	0.07315	0.15967	0.01101	0.01204	0.00812	0.00477	0.00471	0.00140	0.02078	0.00418	0.00319	0.00683
1	0.02181	0.10048	0.21685	0.05867	0.08064	0.11629	0.09922	0.07655	0.01165	0.12071	0.03102	0.01139	0.00800	0.00477	0.00461	0.00138	0.02270	0.00392	0.00287	0.00648
2	0.00741	0.05217	0.00676	0.00593	0.00727	0.00523	0.00440	0.00893	0.03764	0.07174	0.07372	0.25644	0.32866	0.08484	0.00694	0.00186	0.00296	0.02864	0.00416	0.00430
3	0.01062	0.01208	0.06627	0.10990	0.23212	0.01130	0.43314	0.01409	0.01037	0.01433	0.00883	0.01187	0.00686	0.00417	0.00535	0.00151	0.03384	0.00476	0.00225	0.00635
4	0.10869	0.02141	0.03517	0.12551	0.08103	0.07550	0.09045	0.12889	0.05373	0.10686	0.05419	0.04111	0.01026	0.00553	0.00497	0.00146	0.04111	0.00458	0.00336	0.00617
5	0.01097	0.15405	0.30398	0.04366	0.05908	0.01161	0.01124	0.12973	0.08088	0.02906	0.02569	0.04228	0.06731	0.00560	0.00436	0.00139	0.00525	0.00447	0.00296	0.00645
6	0.00577	0.00416	0.00539	0.00621	0.00665	0.00388	0.00423	0.00669	0.00916	0.01216	0.08215	0.64744	0.08964	0.05876	0.00677	0.00196	0.00275	0.03826	0.00424	0.00375
7	0.18932	0.00867	0.01226	0.10456	0.11291	0.00914	0.09541	0.01527	0.10766	0.14560	0.01290	0.09781	0.01075	0.00740	0.04900	0.00183	0.00500	0.00510	0.00344	0.00598
8	0.01234	0.01387	0.23748	0.09619	0.01773	0.03721	0.12069	0.08605	0.10071	0.15361	0.01412	0.01465	0.06361	0.00537	0.00470	0.00147	0.00559	0.00465	0.00337	0.00660
9	0.01121	0.01129	0.02202	0.01707	0.06480	0.01123	0.52548	0.01551	0.09468	0.05866	0.01099	0.04090	0.00869	0.00496	0.00612	0.00158	0.08032	0.00541	0.00279	0.00627
10	0.00585	0.00459	0.00528	0.00527	0.00650	0.00403	0.00389	0.00735	0.01123	0.01459	0.33049	0.12828	0.43411	0.01109	0.00547	0.00155	0.00230	0.00954	0.00456	0.00403
11	0.00957	0.04092	0.00847	0.00787	0.03961	0.00655	0.02357	0.01248	0.12020	0.11395	0.01882	0.22795	0.03022	0.15694	0.00821	0.00209	0.00364	0.06289	0.10109	0.00495
12	0.01403	0.07354	0.19294	0.01117	0.06677	0.07282	0.02525	0.11681	0.01282	0.23065	0.10962	0.01438	0.01232	0.00552	0.00470	0.00138	0.02041	0.00442	0.00374	0.00670
13	0.01205	0.66579	0.15004	0.00891	0.01321	0.06075	0.00937	0.01412	0.00959	0.01142	0.00672	0.00779	0.00588	0.00404	0.00324	0.00107	0.00539	0.00263	0.00198	0.00600
14	0.00664	0.00448	0.00525	0.00539	0.00549	0.00450	0.00325	0.00687	0.00707	0.00944	0.01569	0.08659	0.01799	0.70519	0.05067	0.00425	0.00460	0.05070	0.00295	0.00298
15	0.01120	0.12606	0.32055	0.03788	0.21060	0.01217	0.05595	0.11112	0.01126	0.01574	0.00853	0.01035	0.00662	0.00504	0.02099	0.00150	0.02162	0.00370	0.00239	0.00675
16	0.01213	0.03714	0.20801	0.01094	0.03400	0.09426	0.04527	0.13769	0.04993	0.09456	0.02692	0.09737	0.05513	0.00671	0.00516	0.00150	0.03809	0.03557	0.00343	0.00620
17	0.01476	0.00799	0.01029	0.00843	0.01094	0.02608	0.04901	0.11610	0.03885	0.37288	0.02935	0.13562	0.01469	0.13413	0.00770	0.00195	0.00423	0.00617	0.00459	0.00624
18	0.08380	0.00482	0.00536	0.00541	0.00579	0.00493	0.00337	0.00742	0.00741	0.01089	0.05858	0.12673	0.01857	0.58365	0.05166	0.00382	0.00435	0.00710	0.00308	0.00323
19	0.06031	0.01057	0.04128	0.01210	0.10191	0.01046	0.08530	0.21454	0.15772	0.09780	0.02338	0.07761	0.01108	0.00582	0.00460	0.00142	0.00462	0.00503	0.00389	0.07057
20	0.29260	0.06109	0.01298	0.02208	0.13572	0.01076	0.08478	0.07355	0.07256	0.06408	0.02719	0.01294	0.05529	0.00517	0.00443	0.00142	0.03498	0.00410	0.00317	0.02113
21	0.17078	0.12557	0.01522	0.04083	0.14580	0.05351	0.09476	0.05897	0.03916	0.07168	0.00894	0.01029	0.00699	0.00436	0.00410	0.00127	0.01725	0.00355	0.00285	0.12414
22	0.14829	0.04476	0.16759	0.01068	0.01475	0.08710	0.10210	0.17870	0.03960	0.01822	0.01035	0.01133	0.03853	0.00479	0.00416	0.00132	0.00542	0.00380	0.00300	0.10549

[dist]
# distance from previous block
# <min> <max>
2	11

[block]
# block no. 6 follows, 56 sequences, length 39
# corresponding to MSA columns:
# 368-383,386-408
name=unknown_G
#
# <colnr> <probs for GDERKNQSTAVLIFYWHMCP>
#	G	D	E	R	K	N	Q	S	T	A	V	L	I	F	Y	W	H	M	C	P
0	0.10146	0.04272	0.12438	0.07046	0.06675	0.12962	0.10259	0.10141	0.06660	0.07795	0.03642	0.02115	0.01773	0.00503	0.00439	0.00140	0.00567	0.00416	0.00310	0.01701
1	0.00997	0.00979	0.03724	0.09313	0.01621	0.04339	0.22188	0.06531	0.13964	0.01637	0.16270	0.06578	0.01780	0.00686	0.00518	0.00157	0.00510	0.07281	0.00360	0.00569
2	0.00566	0.00412	0.00534	0.00624	0.00669	0.00381	0.00426	0.00658	0.00918	0.01212	0.06008	0.70105	0.11178	0.01385	0.00581	0.00182	0.00265	0.03090	0.00429	0.00378
3	0.02599	0.00971	0.01210	0.10348	0.03957	0.03574	0.01852	0.14723	0.12108	0.26534	0.04379	0.01406	0.01059	0.00577	0.00563	0.00147	0.08821	0.00447	0.00413	0.04313
4	0.01062	0.35540	0.42838	0.01082	0.01613	0.01378	0.02507	0.01486	0.06082	0.01332	0.00818	0.00927	0.00640	0.00430	0.00382	0.00127	0.00583	0.00316	0.00213	0.00644
5	0.06238	0.00774	0.00992	0.00807	0.01107	0.00721	0.00661	0.09205	0.01314	0.54436	0.05100	0.07802	0.01457	0.00692	0.00478	0.00150	0.00386	0.06467	0.00519	0.00694
6	0.00907	0.00443	0.00455	0.00444	0.00562	0.00438	0.00336	0.01119	0.00978	0.05074	0.01511	0.01705	0.01175	0.00536	0.00327	0.00108	0.00221	0.00429	0.82788	0.00443
7	0.08678	0.01948	0.00859	0.07122	0.04283	0.00619	0.05219	0.00913	0.01867	0.03448	0.01938	0.53054	0.02187	0.02660	0.01617	0.00185	0.01619	0.00972	0.00369	0.00443
8	0.00707	0.00480	0.00619	0.00578	0.00690	0.00443	0.00429	0.00902	0.01245	0.05090	0.68963	0.03355	0.06722	0.06968	0.00669	0.00167	0.00241	0.00808	0.00489	0.00435
9	0.00874	0.00525	0.00681	0.00648	0.00798	0.00478	0.00510	0.01060	0.01197	0.14698	0.38440	0.08759	0.14907	0.00998	0.00547	0.00159	0.00285	0.13473	0.00485	0.00478
10	0.01424	0.52016	0.01994	0.00935	0.02822	0.13004	0.00825	0.16560	0.01237	0.04261	0.00784	0.00857	0.00648	0.00441	0.00352	0.00111	0.00539	0.00296	0.00267	0.00628
11	0.01225	0.00674	0.02745	0.00694	0.00929	0.00585	0.00565	0.05598	0.01309	0.31348	0.34772	0.02687	0.13345	0.00799	0.00505	0.00145	0.00310	0.00678	0.00508	0.00581
12	0.00645	0.00534	0.00588	0.00670	0.00719	0.06319	0.00457	0.00733	0.00929	0.01190	0.04721	0.71912	0.06181	0.01342	0.00570	0.00179	0.00304	0.01204	0.00415	0.00387
13	0.38438	0.32364	0.13097	0.00801	0.01176	0.03266	0.00800	0.01380	0.00876	0.01561	0.00667	0.00782	0.00549	0.00425	0.00340	0.00127	0.02292	0.00265	0.00235	0.00559
14	0.07688	0.08455	0.05278	0.00947	0.07528	0.00887	0.02960	0.07481	0.01060	0.01626	0.04193	0.01057	0.00819	0.00405	0.00369	0.00097	0.00409	0.00325	0.00282	0.48132
15	0.03680	0.10657	0.04949	0.10916	0.22207	0.12631	0.03456	0.08318	0.06601	0.02732	0.04226	0.01173	0.00867	0.00490	0.00474	0.00136	0.03914	0.00395	0.00276	0.01904
16	0.00978	0.00538	0.00674	0.00599	0.00769	0.00482	0.00460	0.01157	0.01204	0.20443	0.38580	0.03033	0.17743	0.04349	0.00582	0.00156	0.00270	0.00733	0.06750	0.00500
17	0.01093	0.01028	0.01730	0.27744	0.45672	0.01097	0.06371	0.07022	0.01089	0.01497	0.00870	0.01168	0.00693	0.00434	0.00462	0.00143	0.00578	0.00418	0.00237	0.00656
18	0.03346	0.06802	0.17476	0.10571	0.09591	0.11970	0.10300	0.05819	0.06986	0.07374	0.01106	0.01284	0.02929	0.00497	0.00449	0.00141	0.00598	0.01846	0.00284	0.00631
19	0.01195	0.16260	0.23785	0.14590	0.01878	0.06731	0.09292	0.03418	0.01040	0.10519	0.00898	0.01062	0.00671	0.00473	0.00502	0.00141	0.06300	0.00372	0.00253	0.00621
20	0.00575	0.00420	0.00532	0.00602	0.00652	0.00391	0.00408	0.00667	0.00915	0.01209	0.08792	0.57706	0.14029	0.07741	0.02910	0.00213	0.00297	0.01150	0.00416	0.00373
21	0.00641	0.00498	0.00636	0.00740	0.06525	0.00458	0.00500	0.00789	0.01039	0.01372	0.15835	0.25741	0.29840	0.01132	0.00548	0.00164	0.00281	0.08833	0.04006	0.00421
22	0.02629	0.16091	0.05018	0.01703	0.33147	0.14190	0.01068	0.02604	0.13041	0.01459	0.02742	0.01209	0.00886	0.00478	0.00423	0.00132	0.00546	0.01709	0.00271	0.00654
23	0.00883	0.00606	0.00830	0.06550	0.10025	0.04931	0.00599	0.00800	0.00720	0.00933	0.00897	0.01412	0.02580	0.02385	0.01453	0.63019	0.00450	0.00411	0.00211	0.00304
24	0.00663	0.00466	0.00605	0.00616	0.00654	0.00495	0.00423	0.00741	0.00728	0.00998	0.01475	0.06058	0.01597	0.45410	0.31567	0.00527	0.00726	0.05628	0.00282	0.00340
25	0.00693	0.00463	0.00506	0.00499	0.00623	0.00431	0.00373	0.00895	0.03031	0.01565	0.22173	0.06498	0.29204	0.00889	0.00466	0.00137	0.00227	0.00751	0.30157	0.00421
26	0.05480	0.01532	0.14387	0.05107	0.17145	0.19497	0.05941	0.10468	0.03149	0.05593	0.00894	0.01053	0.00689	0.00488	0.00517	0.00141	0.06626	0.00378	0.00274	0.00640
27	0.00889	0.00838	0.01271	0.10866	0.03197	0.02984	0.14942	0.01239	0.12329	0.01331	0.01629	0.22218	0.04404	0.04247	0.00733	0.00182	0.11455	0.04409	0.00325	0.00513
28	0.01035	0.01451	0.19725	0.01709	0.02168	0.01154	0.53405	0.01422	0.01021	0.01429	0.00899	0.01222	0.00695	0.00453	0.00615	0.00158	0.08825	0.01772	0.00224	0.00617
29	0.00571	0.00408	0.00546	0.00653	0.00684	0.00383	0.00446	0.00659	0.00890	0.01185	0.02524	0.78493	0.03011	0.01427	0.00589	0.00188	0.00276	0.06263	0.00426	0.00376
30	0.01340	0.07191	0.03422	0.18147	0.05538	0.06409	0.09654	0.20187	0.10928	0.09391	0.01132	0.01290	0.00847	0.00512	0.00457	0.00143	0.00553	0.01859	0.00341	0.00659
31	0.07261	0.09345	0.57182	0.01137	0.01703	0.01114	0.01378	0.07361	0.01048	0.01561	0.01063	0.01166	0.05784	0.00487	0.00421	0.00141	0.00596	0.00371	0.00236	0.00646
32	0.00648	0.00490	0.00718	0.00718	0.00805	0.00560	0.00557	0.00808	0.00760	0.01078	0.01479	0.01994	0.06948	0.03277	0.76113	0.00695	0.01157	0.00527	0.00259	0.00408
33	0.00935	0.03207	0.03044	0.28760	0.03769	0.02177	0.09650	0.02109	0.06670	0.05134	0.06318	0.13796	0.01425	0.06739	0.00648	0.00178	0.02120	0.02490	0.00309	0.00521
34	0.02691	0.00933	0.01491	0.13375	0.07458	0.02373	0.18771	0.07161	0.03008	0.02468	0.17080	0.01848	0.04292	0.00642	0.00644	0.00157	0.11980	0.02754	0.00318	0.00556
35	0.00672	0.00459	0.00566	0.00586	0.00690	0.00411	0.00421	0.00801	0.01053	0.06533	0.21132	0.36750	0.25852	0.01187	0.00555	0.00165	0.00253	0.01043	0.00454	0.00417
36	0.00666	0.00450	0.00523	0.00523	0.00531	0.00457	0.00307	0.00682	0.00674	0.00907	0.01426	0.02889	0.01619	0.76140	0.09994	0.00473	0.00520	0.00651	0.00275	0.00291
37	0.11385	0.04170	0.08914	0.29261	0.02087	0.06014	0.11541	0.05799	0.01023	0.05728	0.00861	0.01111	0.00654	0.00551	0.02462	0.00163	0.07061	0.00392	0.00253	0.00570
38	0.26143	0.08020	0.37212	0.00986	0.01466	0.02391	0.01099	0.03049	0.02540	0.11819	0.00906	0.00977	0.00649	0.00453	0.00385	0.00140	0.00526	0.00326	0.00279	0.00633

[dist]
# distance from previous block
# <min> <max>
2	23

[block]
# block no. 7 follows, 56 sequences, length 24
# corresponding to MSA columns:
# 432-455
name=unknown_H
#
# <colnr> <probs for GDERKNQSTAVLIFYWHMCP>
#	G	D	E	R	K	N	Q	S	T	A	V	L	I	F	Y	W	H	M	C	P
0	0.04719	0.00680	0.02843	0.00690	0.00925	0.00595	0.00555	0.01459	0.05297	0.31286	0.15923	0.09872	0.12447	0.03283	0.00536	0.00154	0.00324	0.00662	0.04440	0.03309
1	0.27456	0.00844	0.00956	0.00769	0.01096	0.00839	0.00632	0.04439	0.06960	0.49271	0.01442	0.01314	0.00953	0.00529	0.00409	0.00143	0.00382	0.00401	0.00472	0.00692
2	0.04158	0.00743	0.01041	0.06998	0.08520	0.02386	0.05055	0.12779	0.00963	0.01323	0.00931	0.05271	0.00859	0.01085	0.01152	0.43209	0.02407	0.00447	0.00258	0.00416
3	0.00558	0.00405	0.00527	0.00624	0.00662	0.00374	0.00420	0.00641	0.00893	0.01178	0.02712	0.76786	0.09699	0.01415	0.00582	0.00184	0.00263	0.01276	0.00426	0.00374
4	0.01189	0.74322	0.06154	0.00808	0.01200	0.01707	0.00815	0.01396	0.03591	0.01154	0.03615	0.00879	0.00753	0.00422	0.00316	0.00104	0.00486	0.00281	0.00217	0.00592
5	0.01309	0.04450	0.01700	0.02200	0.51589	0.25368	0.01216	0.01525	0.01106	0.01359	0.00801	0.01025	0.00677	0.00441	0.00472	0.00132	0.03379	0.00369	0.00228	0.00656
6	0.00645	0.00508	0.00544	0.00526	0.00667	0.00462	0.00386	0.00850	0.06945	0.02789	0.14478	0.03856	0.53246	0.11178	0.00754	0.00189	0.00269	0.00870	0.00425	0.00413
7	0.10203	0.39936	0.17751	0.00924	0.01358	0.01474	0.00949	0.17552	0.01179	0.01642	0.00776	0.00865	0.00620	0.00436	0.00357	0.00120	0.00513	0.00300	0.00261	0.02784
8	0.00901	0.04232	0.01500	0.61990	0.07615	0.01041	0.06930	0.01186	0.00931	0.01209	0.00909	0.05735	0.00758	0.00511	0.00492	0.00153	0.02700	0.00461	0.00219	0.00527
9	0.00867	0.00816	0.01377	0.82762	0.03162	0.01020	0.01275	0.01173	0.00918	0.01173	0.00816	0.01224	0.00612	0.00459	0.00459	0.00153	0.00612	0.00408	0.00204	0.00510
10	0.00666	0.00497	0.00720	0.00715	0.00783	0.00575	0.00542	0.00805	0.00727	0.01042	0.01246	0.01956	0.01209	0.14826	0.68803	0.00684	0.03047	0.00515	0.00249	0.00393
11	0.01838	0.00973	0.01213	0.05502	0.04607	0.04842	0.02173	0.16578	0.03617	0.51454	0.01517	0.01403	0.00997	0.00546	0.00460	0.00141	0.00458	0.00442	0.00489	0.00748
12	0.00797	0.00399	0.00598	0.00598	0.00598	0.00399	0.00399	0.00598	0.00598	0.00797	0.00797	0.01396	0.00797	0.01595	0.01794	0.86643	0.00399	0.00399	0.00199	0.00199
