[name]
unknown

[dist]
# distance from previous block
# <min> <max>
0	94

[block]
# block no. 0 follows, 50 sequences, length 6
# corresponding to MSA columns:
# 109-114
name=unknown_A
#
# <colnr> <probs for GDERKNQSTAVLIFYWHMCP>
#	G	D	E	R	K	N	Q	S	T	A	V	L	I	F	Y	W	H	M	C	P
0	0.00798	0.00612	0.00822	0.00874	0.08110	0.00566	0.00581	0.01003	0.01229	0.01741	0.47184	0.03287	0.03386	0.12653	0.00845	0.00200	0.00334	0.06171	0.00453	0.09152
1	0.00810	0.00570	0.00712	0.00697	0.00781	0.00592	0.00493	0.07865	0.00987	0.01327	0.04542	0.15847	0.09268	0.23830	0.21132	0.08368	0.00634	0.00777	0.00354	0.00414
2	0.00880	0.00717	0.03520	0.03168	0.03628	0.00731	0.00672	0.08048	0.01069	0.01521	0.09509	0.02287	0.07148	0.09972	0.33765	0.00453	0.03563	0.00598	0.08251	0.00499
3	0.00722	0.00493	0.00592	0.00592	0.00609	0.00509	0.00362	0.00756	0.00739	0.01002	0.01526	0.03018	0.01706	0.67725	0.17150	0.00543	0.00643	0.00689	0.00295	0.00329
4	0.01188	0.09361	0.03307	0.01291	0.13706	0.01129	0.05533	0.12227	0.20053	0.01880	0.03456	0.07023	0.08552	0.00693	0.00492	0.00153	0.00459	0.00594	0.08226	0.00678
5	0.01526	0.01037	0.01141	0.00899	0.01223	0.01078	0.00729	0.41602	0.01782	0.07988	0.07019	0.01535	0.01234	0.00599	0.00458	0.00134	0.00429	0.00470	0.18119	0.10997

[dist]
# distance from previous block
# <min> <max>
1	35

[block]
# block no. 1 follows, 50 sequences, length 22
# corresponding to MSA columns:
# 150-171
name=unknown_B
#
# <colnr> <probs for GDERKNQSTAVLIFYWHMCP>
#	G	D	E	R	K	N	Q	S	T	A	V	L	I	F	Y	W	H	M	C	P
0	0.06985	0.10350	0.02558	0.10878	0.01557	0.01139	0.00830	0.20965	0.02835	0.04976	0.02458	0.01211	0.01901	0.00497	0.00425	0.00123	0.00476	0.00383	0.00352	0.29101
1	0.09390	0.00762	0.01143	0.07663	0.01353	0.00805	0.10233	0.01335	0.03448	0.11197	0.09355	0.01992	0.01489	0.03420	0.26060	0.00372	0.01636	0.02914	0.04877	0.00554
2	0.01091	0.00855	0.00999	0.07591	0.01264	0.00949	0.00724	0.11070	0.27426	0.03574	0.04582	0.06033	0.07567	0.13274	0.04889	0.00251	0.01676	0.05147	0.00431	0.00608
3	0.00608	0.00490	0.00529	0.00555	0.00679	0.00425	0.00397	0.00717	0.01064	0.01302	0.04238	0.20725	0.55597	0.08118	0.00764	0.00203	0.00283	0.02448	0.00449	0.00408
4	0.00762	0.00596	0.00891	0.17480	0.01346	0.00694	0.00714	0.00935	0.00826	0.01141	0.01291	0.02102	0.01245	0.19684	0.47417	0.00602	0.01016	0.00555	0.00265	0.00437
5	0.00815	0.00603	0.00838	0.00978	0.07474	0.00581	0.00729	0.01030	0.01192	0.03218	0.17441	0.08414	0.12516	0.01209	0.00634	0.00198	0.00393	0.40784	0.00462	0.00490
6	0.68441	0.01133	0.00842	0.00741	0.01054	0.10944	0.00597	0.01513	0.00934	0.02059	0.00720	0.00840	0.00569	0.00461	0.00331	0.00144	0.00448	0.00278	0.00301	0.07651
7	0.08158	0.00971	0.06825	0.10178	0.28457	0.00893	0.01030	0.01333	0.01081	0.05555	0.05544	0.10440	0.04071	0.02221	0.00522	0.00161	0.00474	0.00587	0.10878	0.00621
8	0.01227	0.69272	0.05515	0.00833	0.01240	0.01746	0.00834	0.01399	0.01030	0.01211	0.01243	0.01307	0.10400	0.00532	0.00360	0.00116	0.00507	0.00368	0.00244	0.00616
9	0.01298	0.01189	0.01895	0.02606	0.61464	0.01187	0.03060	0.10977	0.01278	0.01815	0.00967	0.01215	0.00792	0.00456	0.00486	0.00142	0.00574	0.00435	0.00282	0.07880
10	0.00930	0.10953	0.01151	0.00873	0.00971	0.04445	0.00688	0.01050	0.00873	0.01190	0.06970	0.02008	0.01400	0.21035	0.24071	0.00425	0.19681	0.00542	0.00278	0.00466
11	0.00975	0.02329	0.70069	0.01358	0.02018	0.01085	0.01713	0.01511	0.01064	0.01568	0.01111	0.01620	0.00909	0.00586	0.00500	0.00167	0.00702	0.09771	0.00241	0.00702
12	0.01799	0.12273	0.01570	0.01217	0.01509	0.62969	0.00948	0.09367	0.01454	0.01403	0.00803	0.00916	0.00662	0.00511	0.00438	0.00128	0.00819	0.00327	0.00275	0.00612
13	0.01006	0.08464	0.66269	0.01328	0.01980	0.01162	0.01665	0.01518	0.01059	0.01539	0.01051	0.01482	0.00852	0.00559	0.00483	0.00161	0.00694	0.07792	0.00235	0.00702
14	0.01163	0.27320	0.40675	0.01163	0.01696	0.02834	0.01341	0.01537	0.01067	0.05212	0.01046	0.01452	0.00884	0.00566	0.00477	0.00150	0.02709	0.07775	0.00257	0.00677
15	0.00640	0.00478	0.00668	0.08611	0.00989	0.00474	0.00553	0.00751	0.00958	0.01273	0.02564	0.74217	0.03038	0.01457	0.00623	0.00199	0.00326	0.01321	0.00439	0.00419
16	0.00592	0.00495	0.00515	0.00530	0.00680	0.00419	0.00390	0.00713	0.01112	0.01337	0.04744	0.15063	0.69102	0.01302	0.00595	0.00173	0.00257	0.01100	0.00463	0.00419
17	0.01132	0.01127	0.05571	0.15167	0.52868	0.01087	0.02853	0.01427	0.01097	0.02993	0.01126	0.09200	0.01016	0.00567	0.00509	0.00157	0.00583	0.00540	0.00269	0.00710
18	0.00934	0.00705	0.00975	0.00898	0.00981	0.00848	0.00701	0.08445	0.00913	0.01297	0.01097	0.01646	0.01024	0.03848	0.39802	0.17984	0.16687	0.00489	0.00270	0.00455
19	0.61544	0.01025	0.00915	0.00768	0.01101	0.01146	0.00633	0.14721	0.01175	0.11608	0.00932	0.00982	0.00675	0.00504	0.00364	0.00153	0.00418	0.00328	0.00378	0.00630
20	0.00779	0.00442	0.00614	0.00642	0.00649	0.00435	0.00418	0.00673	0.00737	0.00982	0.01445	0.21527	0.01620	0.15357	0.01727	0.50255	0.00406	0.00723	0.00291	0.00277
21	0.08272	0.02629	0.16007	0.00879	0.01349	0.00821	0.00842	0.01468	0.01073	0.11061	0.02059	0.02205	0.00846	0.00452	0.00405	0.00110	0.00447	0.00354	0.00323	0.48398

[dist]
# distance from previous block
# <min> <max>
0	7

[block]
# block no. 2 follows, 50 sequences, length 23
# corresponding to MSA columns:
# 179-201
name=unknown_C
#
# <colnr> <probs for GDERKNQSTAVLIFYWHMCP>
#	G	D	E	R	K	N	Q	S	T	A	V	L	I	F	Y	W	H	M	C	P
0	0.07878	0.02052	0.54512	0.03766	0.01914	0.02490	0.03345	0.01524	0.03489	0.01618	0.01054	0.05113	0.00857	0.00552	0.00472	0.00157	0.00649	0.02635	0.00254	0.05668
1	0.01295	0.71366	0.02487	0.07488	0.06040	0.01856	0.00936	0.01477	0.01019	0.01208	0.00723	0.00868	0.00650	0.00433	0.00344	0.00114	0.00547	0.00291	0.00216	0.00642
2	0.00769	0.00587	0.00735	0.07148	0.00984	0.00569	0.00544	0.05398	0.01317	0.01766	0.43269	0.03582	0.25249	0.01056	0.00641	0.04273	0.00303	0.00858	0.00479	0.00473
3	0.01030	0.00535	0.00748	0.00704	0.00758	0.00541	0.00492	0.06987	0.00832	0.05681	0.00957	0.01500	0.00886	0.01574	0.01746	0.73582	0.00442	0.00438	0.00263	0.00305
4	0.00725	0.00483	0.00544	0.00544	0.00544	0.00483	0.00302	0.00725	0.00725	0.00966	0.01571	0.03262	0.01812	0.82483	0.02537	0.00483	0.00483	0.00725	0.00302	0.00302
5	0.01091	0.01091	0.01527	0.01309	0.01309	0.01527	0.01091	0.01200	0.00763	0.01200	0.00654	0.01091	0.00654	0.00872	0.01636	0.00218	0.81570	0.00436	0.00218	0.00545
6	0.00829	0.00537	0.00706	0.00648	0.00787	0.00492	0.00492	0.01061	0.01412	0.08285	0.72871	0.03559	0.04423	0.00986	0.00581	0.00157	0.00250	0.00869	0.00554	0.00501
7	0.01336	0.74330	0.05332	0.00904	0.01323	0.05187	0.00900	0.01508	0.01024	0.01190	0.00702	0.00821	0.00640	0.00444	0.00366	0.00112	0.02751	0.00277	0.00215	0.00638
8	0.01351	0.06484	0.01958	0.02618	0.61739	0.10208	0.01389	0.03829	0.01200	0.03202	0.00932	0.01177	0.00774	0.00459	0.00478	0.00143	0.00618	0.00420	0.00261	0.00759
9	0.00676	0.00504	0.00682	0.00757	0.00806	0.00510	0.00551	0.00800	0.01011	0.01369	0.10550	0.57129	0.03173	0.01488	0.02563	0.00216	0.05502	0.10835	0.00451	0.00429
10	0.01895	0.01396	0.01496	0.01147	0.01546	0.01546	0.00947	0.77711	0.02344	0.03141	0.01197	0.01197	0.00848	0.00598	0.00499	0.00150	0.00548	0.00449	0.00499	0.00848
11	0.01895	0.01396	0.01496	0.01147	0.01546	0.01546	0.00947	0.77711	0.02344	0.03141	0.01197	0.01197	0.00848	0.00598	0.00499	0.00150	0.00548	0.00449	0.00499	0.00848
12	0.02236	0.00848	0.01157	0.00887	0.01272	0.00733	0.00733	0.02429	0.01427	0.79719	0.01966	0.01697	0.01234	0.00617	0.00501	0.00154	0.00424	0.00501	0.00617	0.00848
13	0.01091	0.01091	0.01527	0.01309	0.01309	0.01527	0.01091	0.01200	0.00763	0.01200	0.00654	0.01091	0.00654	0.00872	0.01636	0.00218	0.81570	0.00436	0.00218	0.00545
14	0.00687	0.00509	0.00641	0.00608	0.00734	0.00463	0.00456	0.00905	0.01368	0.01897	0.67551	0.03891	0.16326	0.01057	0.00588	0.00159	0.00238	0.00925	0.00535	0.00463
15	0.00712	0.00534	0.00801	0.00801	0.00890	0.00623	0.00623	0.00890	0.00801	0.01157	0.01335	0.01958	0.01246	0.03738	0.80507	0.00801	0.01335	0.00534	0.00267	0.00445
16	0.00665	0.00462	0.00607	0.00677	0.00738	0.00427	0.00467	0.00786	0.01065	0.03300	0.18153	0.61231	0.06722	0.01417	0.00621	0.00191	0.00280	0.01276	0.00484	0.00429
17	0.00941	0.00886	0.01495	0.81285	0.03433	0.01107	0.01384	0.01274	0.00997	0.01274	0.00886	0.01329	0.00664	0.00498	0.00498	0.00166	0.00664	0.00443	0.00221	0.00554
18	0.00689	0.00520	0.00723	0.00773	0.00864	0.00477	0.02959	0.00817	0.00995	0.01343	0.02520	0.62102	0.02941	0.01399	0.00619	0.00194	0.00337	0.11679	0.00441	0.07606
19	0.01177	0.01134	0.03245	0.09381	0.17754	0.05815	0.04129	0.01454	0.03594	0.04103	0.00928	0.01168	0.00762	0.00516	0.00653	0.00138	0.14640	0.00396	0.00276	0.28734
20	0.01154	0.08747	0.17553	0.06747	0.28998	0.01160	0.02532	0.06187	0.03584	0.01658	0.02956	0.03268	0.00986	0.00534	0.00476	0.00145	0.00573	0.03175	0.00284	0.09284
21	0.66961	0.06647	0.01021	0.04645	0.01201	0.05344	0.03041	0.03397	0.00944	0.02067	0.00730	0.00865	0.00572	0.00467	0.00339	0.00151	0.00454	0.00295	0.00298	0.00561
22	0.01028	0.01370	0.17853	0.01625	0.04240	0.01039	0.38602	0.01426	0.02539	0.01563	0.03712	0.05933	0.03716	0.00688	0.00604	0.01876	0.00683	0.10577	0.00300	0.00627

[dist]
# distance from previous block
# <min> <max>
1	17

[block]
# block no. 3 follows, 50 sequences, length 9
# corresponding to MSA columns:
# 219-227
name=unknown_D
#
# <colnr> <probs for GDERKNQSTAVLIFYWHMCP>
#	G	D	E	R	K	N	Q	S	T	A	V	L	I	F	Y	W	H	M	C	P
0	0.00711	0.00510	0.00606	0.00601	0.00721	0.00452	0.00433	0.00758	0.00977	0.01247	0.05274	0.11790	0.36686	0.05989	0.01021	0.20713	0.00330	0.04130	0.00384	0.06668
1	0.01174	0.43514	0.18976	0.01082	0.01499	0.03675	0.05382	0.01427	0.01014	0.01298	0.00953	0.08835	0.00905	0.00588	0.00518	0.00141	0.07714	0.00435	0.00241	0.00630
2	0.03501	0.46949	0.07918	0.01203	0.10865	0.05745	0.00997	0.04003	0.06392	0.06852	0.00936	0.01023	0.00763	0.00473	0.00390	0.00127	0.00554	0.00341	0.00278	0.00690
3	0.00650	0.00533	0.00587	0.00587	0.00755	0.00454	0.00449	0.00794	0.01122	0.01400	0.07163	0.12213	0.55315	0.01228	0.00587	0.00170	0.00285	0.08528	0.00453	0.06727
4	0.01184	0.00979	0.01113	0.00820	0.01247	0.00839	0.00659	0.13676	0.05578	0.01895	0.01000	0.01106	0.00800	0.00423	0.00398	0.00091	0.00400	0.00335	0.00340	0.67118
5	0.01658	0.01842	0.28107	0.01674	0.13466	0.03840	0.03280	0.05206	0.09475	0.12918	0.01530	0.01744	0.01195	0.00737	0.00625	0.00210	0.00697	0.00534	0.00452	0.10810
6	0.10285	0.09245	0.30338	0.01059	0.01546	0.01088	0.01129	0.05949	0.03781	0.23133	0.04138	0.03958	0.01066	0.00576	0.00461	0.00153	0.00540	0.00450	0.00379	0.00725
7	0.00687	0.00508	0.00646	0.00672	0.00763	0.00483	0.00480	0.00918	0.05548	0.01654	0.37746	0.37854	0.07665	0.01248	0.00604	0.00178	0.00269	0.01115	0.00505	0.00457
8	0.00693	0.00506	0.00637	0.00689	0.00767	0.00480	0.00483	0.04961	0.01127	0.01507	0.16087	0.56873	0.10545	0.01387	0.00616	0.00188	0.00291	0.01240	0.00480	0.00442

[dist]
# distance from previous block
# <min> <max>
0	1

[block]
# block no. 4 follows, 50 sequences, length 14
# corresponding to MSA columns:
# 229-242
name=unknown_E
#
# <colnr> <probs for GDERKNQSTAVLIFYWHMCP>
#	G	D	E	R	K	N	Q	S	T	A	V	L	I	F	Y	W	H	M	C	P
0	0.01029	0.06835	0.22168	0.10257	0.06699	0.05677	0.03721	0.02531	0.04392	0.02704	0.07921	0.03429	0.12219	0.00729	0.00534	0.00162	0.01777	0.06278	0.00326	0.00613
1	0.01429	0.68258	0.02352	0.00867	0.01280	0.01785	0.00835	0.01673	0.06051	0.10107	0.00923	0.00969	0.00764	0.00464	0.00352	0.00116	0.00512	0.00312	0.00278	0.00673
2	0.01217	0.00561	0.00660	0.00599	0.00776	0.00527	0.00461	0.01428	0.01157	0.21321	0.06791	0.08166	0.01644	0.00694	0.00424	0.00135	0.00285	0.00576	0.52019	0.00556
3	0.04229	0.00810	0.01051	0.00824	0.01171	0.00714	0.00672	0.03677	0.01359	0.59460	0.04048	0.03285	0.03038	0.00637	0.00482	0.00147	0.00395	0.00518	0.07244	0.06238
4	0.01290	0.01269	0.02633	0.01904	0.02357	0.01221	0.63135	0.01661	0.01174	0.10395	0.01090	0.01365	0.00803	0.00476	0.00657	0.00170	0.06860	0.00567	0.00291	0.00683
5	0.00622	0.00444	0.00587	0.00681	0.00719	0.00415	0.00458	0.00723	0.00998	0.01344	0.11337	0.70644	0.03406	0.04219	0.00695	0.00207	0.00290	0.01335	0.00467	0.00409
6	0.00964	0.00623	0.00774	0.00701	0.00871	0.00606	0.00537	0.01356	0.12002	0.10786	0.55605	0.03137	0.03688	0.00903	0.00554	0.00156	0.00278	0.00786	0.05116	0.00557
7	0.01234	0.01184	0.02023	0.03059	0.79373	0.01184	0.01530	0.01530	0.01135	0.01628	0.00938	0.01234	0.00790	0.00444	0.00493	0.00148	0.00592	0.00444	0.00247	0.00790
8	0.02020	0.01167	0.11778	0.01015	0.01445	0.04549	0.03289	0.02269	0.01368	0.63125	0.01737	0.01562	0.01110	0.00587	0.00498	0.00154	0.00501	0.00478	0.00534	0.00815
9	0.01827	0.02317	0.01418	0.01285	0.01530	0.76908	0.00969	0.01955	0.01383	0.01219	0.00765	0.00908	0.00643	0.00530	0.00503	0.00132	0.04551	0.00326	0.00255	0.00576
10	0.01895	0.01396	0.01496	0.01147	0.01546	0.01546	0.00947	0.77711	0.02344	0.03141	0.01197	0.01197	0.00848	0.00598	0.00499	0.00150	0.00548	0.00449	0.00499	0.00848
11	0.00589	0.00505	0.00505	0.00505	0.00673	0.00421	0.00379	0.00715	0.01136	0.01347	0.05049	0.04797	0.79171	0.01262	0.00589	0.00168	0.00252	0.01052	0.00463	0.00421
12	0.01118	0.01759	0.29237	0.01746	0.02295	0.04125	0.43061	0.01590	0.02820	0.01576	0.01068	0.03540	0.00845	0.00501	0.00545	0.00165	0.00773	0.02300	0.00254	0.00681
13	0.86003	0.00964	0.00733	0.00655	0.00964	0.01118	0.00540	0.01465	0.00848	0.02236	0.00694	0.00810	0.00540	0.00463	0.00308	0.00154	0.00386	0.00270	0.00308	0.00540

[dist]
# distance from previous block
# <min> <max>
0	16

[block]
# block no. 5 follows, 50 sequences, length 41
# corresponding to MSA columns:
# 259-299
name=unknown_F
#
# <colnr> <probs for GDERKNQSTAVLIFYWHMCP>
#	G	D	E	R	K	N	Q	S	T	A	V	L	I	F	Y	W	H	M	C	P
0	0.01677	0.01783	0.01200	0.01071	0.01317	0.51059	0.00815	0.09525	0.01427	0.05244	0.01059	0.01178	0.00831	0.00542	0.00435	0.00129	0.00694	0.00374	0.19049	0.00593
1	0.01234	0.01180	0.01990	0.02985	0.76523	0.01186	0.01503	0.01571	0.03959	0.01645	0.00977	0.01257	0.00816	0.00453	0.00494	0.00149	0.00585	0.00448	0.00256	0.00790
2	0.00956	0.00832	0.01338	0.04172	0.20655	0.00836	0.08915	0.01303	0.06899	0.01628	0.12806	0.09408	0.02255	0.00929	0.00592	0.00184	0.00489	0.24821	0.00394	0.00588
3	0.01703	0.20356	0.01671	0.01147	0.01464	0.51891	0.00918	0.08376	0.01383	0.01396	0.00796	0.00909	0.00664	0.00494	0.00420	0.00123	0.00759	0.00318	0.00270	0.04942
4	0.01746	0.09441	0.01486	0.01204	0.01466	0.63915	0.00924	0.05726	0.01377	0.01301	0.00820	0.01020	0.00708	0.04369	0.00564	0.00146	0.02592	0.00344	0.00266	0.00583
5	0.00644	0.00491	0.00592	0.00601	0.00716	0.00439	0.00438	0.00809	0.01215	0.01614	0.36864	0.22009	0.29312	0.01224	0.00599	0.00171	0.00253	0.01070	0.00500	0.00439
6	0.01357	0.18403	0.07619	0.05269	0.04807	0.13331	0.02523	0.03201	0.25343	0.04726	0.01221	0.01288	0.00954	0.00573	0.00550	0.00151	0.07232	0.00425	0.00336	0.00691
7	0.00666	0.00508	0.00611	0.00585	0.00720	0.00453	0.00439	0.00864	0.01317	0.01776	0.53838	0.04090	0.30114	0.01102	0.00588	0.00161	0.00241	0.00953	0.00519	0.00453
8	0.00669	0.00508	0.00615	0.00588	0.00722	0.00455	0.00441	0.00869	0.01324	0.01792	0.55589	0.04064	0.28354	0.01096	0.00588	0.00160	0.00241	0.00949	0.00521	0.00455
9	0.00712	0.00532	0.00793	0.00793	0.00879	0.00618	0.00612	0.00885	0.00799	0.01151	0.01343	0.02001	0.01265	0.06337	0.77934	0.00791	0.01307	0.00540	0.00268	0.00440
10	0.01240	0.01071	0.01127	0.01014	0.01296	0.01240	0.00789	0.02649	0.78473	0.02085	0.02029	0.01860	0.01522	0.00676	0.00507	0.00169	0.00394	0.00564	0.00507	0.00789
11	0.00994	0.00835	0.01018	0.00842	0.03649	0.00661	0.00655	0.01217	0.01055	0.01596	0.01217	0.03194	0.01146	0.00563	0.00432	0.00105	0.00390	0.13205	0.00324	0.66902
12	0.03176	0.00509	0.00715	0.00675	0.00737	0.00496	0.00468	0.00927	0.00770	0.12055	0.01070	0.01655	0.00981	0.07644	0.01747	0.64877	0.00434	0.00461	0.00282	0.00320
13	0.03802	0.05567	0.08623	0.01090	0.01502	0.01330	0.01977	0.42485	0.07434	0.12743	0.01269	0.01271	0.00906	0.00617	0.01620	0.00157	0.01605	0.00438	0.00448	0.05116
14	0.01862	0.02376	0.01413	0.01284	0.01541	0.80482	0.00963	0.01990	0.01413	0.01220	0.00770	0.00899	0.00642	0.00514	0.00449	0.00128	0.00899	0.00321	0.00257	0.00578
15	0.00611	0.00439	0.00580	0.00686	0.00723	0.00408	0.00461	0.00704	0.00977	0.01303	0.05811	0.77048	0.05338	0.01532	0.00633	0.00200	0.00286	0.01387	0.00466	0.00408
16	0.01156	0.01088	0.01837	0.07367	0.65648	0.01100	0.01419	0.01440	0.01119	0.01581	0.01141	0.05355	0.01048	0.00566	0.00514	0.00157	0.00573	0.05885	0.00271	0.00734
17	0.01234	0.01184	0.02023	0.03059	0.79373	0.01184	0.01530	0.01530	0.01135	0.01628	0.00938	0.01234	0.00790	0.00444	0.00493	0.00148	0.00592	0.00444	0.00247	0.00790
18	0.01331	0.08354	0.01305	0.01017	0.01326	0.01343	0.00815	0.12025	0.61994	0.02138	0.01805	0.01682	0.01358	0.00644	0.00489	0.00161	0.00426	0.00523	0.00480	0.00783
19	0.36647	0.00969	0.01011	0.00802	0.01169	0.03442	0.02842	0.01706	0.01084	0.23831	0.01110	0.01132	0.00793	0.00484	0.00390	0.00134	0.00422	0.00352	0.00389	0.21292
20	0.15260	0.46804	0.01990	0.00925	0.02483	0.03154	0.00830	0.17510	0.01289	0.04509	0.00848	0.00924	0.00690	0.00477	0.00367	0.00126	0.00516	0.00317	0.00304	0.00675
21	0.00803	0.00574	0.00803	0.00918	0.01033	0.00574	0.00803	0.01033	0.01147	0.01492	0.02639	0.05622	0.02869	0.01377	0.00688	0.00229	0.00459	0.76018	0.00459	0.00459
22	0.05421	0.37232	0.22488	0.00998	0.01492	0.01404	0.01065	0.01721	0.01110	0.19160	0.01040	0.01076	0.00770	0.00482	0.00402	0.00132	0.00551	0.00347	0.00311	0.02798
23	0.00860	0.02267	0.00805	0.00691	0.00882	0.00621	0.00532	0.01228	0.10888	0.04392	0.51899	0.03160	0.09031	0.00900	0.00547	0.00149	0.00282	0.00780	0.00506	0.09580
24	0.86003	0.00964	0.00733	0.00655	0.00964	0.01118	0.00540	0.01465	0.00848	0.02236	0.00694	0.00810	0.00540	0.00463	0.00308	0.00154	0.00386	0.00270	0.00308	0.00540
25	0.01213	0.01361	0.05091	0.02033	0.02540	0.01237	0.72357	0.01629	0.01183	0.04669	0.01043	0.01350	0.00771	0.00429	0.00582	0.00167	0.00821	0.00578	0.00265	0.00681
26	0.00687	0.00509	0.00640	0.00607	0.00733	0.00462	0.00456	0.00904	0.01367	0.01894	0.67204	0.03896	0.16675	0.01058	0.00588	0.00159	0.00238	0.00926	0.00535	0.00462
27	0.54880	0.01029	0.00941	0.00794	0.01124	0.01152	0.00651	0.13895	0.08287	0.11497	0.01047	0.01073	0.00761	0.00522	0.00380	0.00155	0.00417	0.00353	0.00394	0.00648
28	0.00724	0.00486	0.00559	0.00559	0.00564	0.00492	0.00321	0.00735	0.00729	0.00978	0.01557	0.03184	0.01778	0.77796	0.07177	0.00502	0.00534	0.00714	0.00300	0.00311
29	0.01036	0.00996	0.01431	0.05115	0.08097	0.01319	0.01045	0.01166	0.00818	0.01227	0.00922	0.01387	0.03413	0.04119	0.06699	0.01954	0.58003	0.00475	0.00235	0.00540
30	0.01469	0.16546	0.01774	0.14971	0.16361	0.26959	0.01122	0.09461	0.01290	0.01494	0.00847	0.01053	0.00695	0.00503	0.00489	0.00140	0.03539	0.00372	0.00265	0.00651
31	0.05593	0.19539	0.11702	0.01325	0.01760	0.06804	0.21627	0.07700	0.01172	0.01605	0.00867	0.01065	0.00694	0.00480	0.00540	0.00142	0.06861	0.00401	0.00264	0.09860
32	0.04112	0.01187	0.01866	0.13551	0.60743	0.04079	0.01435	0.04192	0.01159	0.01639	0.00925	0.01219	0.00761	0.00460	0.00486	0.00150	0.00605	0.00434	0.00255	0.00743
33	0.01195	0.17382	0.12711	0.03390	0.16408	0.01098	0.03818	0.01481	0.02566	0.11360	0.01655	0.08525	0.06684	0.00722	0.00501	0.00158	0.00524	0.08825	0.00342	0.00656
34	0.00766	0.00555	0.00709	0.00654	0.00785	0.00525	0.00495	0.04851	0.01458	0.02057	0.75142	0.03595	0.04507	0.00998	0.00583	0.00156	0.00251	0.00878	0.00546	0.00490
35	0.01082	0.01045	0.01806	0.31382	0.39416	0.01124	0.07407	0.01387	0.01076	0.01470	0.01105	0.03279	0.03557	0.00525	0.00532	0.00160	0.02231	0.00499	0.00250	0.00667
36	0.00993	0.00891	0.01325	0.30900	0.17195	0.00999	0.01090	0.03174	0.12167	0.01527	0.03017	0.06981	0.09554	0.00787	0.02299	0.00183	0.02188	0.03789	0.00331	0.00609
37	0.00795	0.00564	0.00663	0.00632	0.00785	0.00521	0.00475	0.01047	0.06367	0.06544	0.32592	0.07180	0.30845	0.05686	0.00692	0.00184	0.00287	0.03159	0.00499	0.00485
38	0.01025	0.00887	0.01251	0.21616	0.05906	0.01050	0.00976	0.01429	0.13049	0.03810	0.09292	0.04675	0.01465	0.02516	0.03520	0.00203	0.18470	0.03610	0.00337	0.04912
39	0.00687	0.00505	0.00644	0.00618	0.00736	0.00461	0.00460	0.00902	0.01354	0.01885	0.66539	0.08507	0.12690	0.01078	0.00591	0.00161	0.00240	0.00948	0.00534	0.00461
40	0.01265	0.03983	0.45668	0.01264	0.04811	0.01044	0.01378	0.03598	0.04846	0.16577	0.03850	0.04163	0.01035	0.00564	0.00483	0.00154	0.00599	0.00457	0.00334	0.03926

[dist]
# distance from previous block
# <min> <max>
0	1

[block]
# block no. 6 follows, 50 sequences, length 15
# corresponding to MSA columns:
# 301-315
name=unknown_G
#
# <colnr> <probs for GDERKNQSTAVLIFYWHMCP>
#	G	D	E	R	K	N	Q	S	T	A	V	L	I	F	Y	W	H	M	C	P
0	0.01244	0.01091	0.01654	0.39706	0.25792	0.01230	0.01329	0.18623	0.01343	0.01802	0.00972	0.01270	0.00743	0.00505	0.00497	0.00157	0.00617	0.00445	0.00292	0.00691
1	0.01042	0.27350	0.06780	0.02931	0.01162	0.06483	0.00754	0.02363	0.02565	0.02552	0.14155	0.02569	0.20606	0.00794	0.00479	0.00145	0.00448	0.04424	0.01840	0.00556
2	0.06693	0.01850	0.01325	0.01154	0.01436	0.51034	0.00893	0.04966	0.01388	0.19089	0.01047	0.01095	0.00779	0.00555	0.00513	0.00141	0.04678	0.00369	0.00349	0.00646
3	0.01117	0.14318	0.34326	0.01131	0.04561	0.01078	0.01185	0.01523	0.03865	0.08777	0.18676	0.01710	0.01649	0.00605	0.00476	0.00146	0.00533	0.00492	0.00339	0.03492
4	0.00736	0.00612	0.00774	0.18790	0.01332	0.00605	0.00632	0.00947	0.02706	0.03479	0.10992	0.03770	0.50732	0.01038	0.00564	0.00166	0.00351	0.00876	0.00421	0.00474
5	0.00654	0.00482	0.00612	0.00634	0.00727	0.00440	0.00455	0.00820	0.01208	0.01645	0.41110	0.32074	0.14802	0.01249	0.00605	0.00175	0.00257	0.01108	0.00506	0.00440
6	0.01639	0.01966	0.01589	0.05683	0.23645	0.54189	0.01144	0.01825	0.01314	0.01338	0.00823	0.01014	0.00685	0.00493	0.00464	0.00136	0.00801	0.00362	0.00252	0.00637
7	0.00994	0.00990	0.01822	0.63392	0.03246	0.01142	0.18598	0.01347	0.01037	0.01347	0.00914	0.01332	0.00685	0.00481	0.00519	0.00167	0.00704	0.00476	0.00228	0.00580
8	0.00603	0.00450	0.00562	0.00651	0.00712	0.00408	0.00444	0.00699	0.00995	0.01289	0.03267	0.64677	0.20442	0.01494	0.00626	0.00195	0.00281	0.01335	0.00463	0.00408
9	0.01566	0.02143	0.15582	0.01710	0.19238	0.48382	0.01248	0.01813	0.01285	0.01376	0.00830	0.01002	0.00673	0.00491	0.00464	0.00138	0.00801	0.00357	0.00246	0.00654
10	0.01361	0.01210	0.01864	0.08516	0.56070	0.01260	0.01387	0.18725	0.01398	0.01944	0.00992	0.01232	0.00793	0.00483	0.00495	0.00150	0.00588	0.00445	0.00302	0.00785
11	0.01388	0.01144	0.01210	0.01044	0.01353	0.01309	0.00825	0.19610	0.61270	0.02324	0.01841	0.01710	0.01369	0.00659	0.00505	0.00165	0.00429	0.00538	0.00505	0.00802
12	0.01137	0.01169	0.05815	0.25609	0.53490	0.01161	0.01503	0.01458	0.01091	0.01523	0.00920	0.01252	0.00745	0.00461	0.00494	0.00154	0.00620	0.00440	0.00238	0.00719
13	0.00994	0.04374	0.17523	0.08512	0.21004	0.00951	0.01134	0.01382	0.05656	0.02969	0.24174	0.04583	0.03288	0.00689	0.00518	0.00156	0.00491	0.00605	0.00356	0.00641
14	0.01045	0.02341	0.66565	0.05542	0.04460	0.01175	0.06083	0.04219	0.01104	0.01620	0.00912	0.01093	0.00652	0.00475	0.00483	0.00158	0.00728	0.00390	0.00224	0.00729

[dist]
# distance from previous block
# <min> <max>
2	3

[block]
# block no. 7 follows, 50 sequences, length 24
# corresponding to MSA columns:
# 319-322,325-338,348-353
name=unknown_H
#
# <colnr> <probs for GDERKNQSTAVLIFYWHMCP>
#	G	D	E	R	K	N	Q	S	T	A	V	L	I	F	Y	W	H	M	C	P
0	0.00966	0.07989	0.01064	0.00708	0.01073	0.00726	0.00574	0.01175	0.01100	0.01615	0.13307	0.01795	0.09009	0.00561	0.00420	0.00099	0.00352	0.00460	0.00343	0.56663
1	0.01328	0.66976	0.12302	0.00955	0.01409	0.07399	0.00986	0.01538	0.01046	0.01227	0.00724	0.00839	0.00639	0.00439	0.00348	0.00115	0.00585	0.00283	0.00216	0.00648
2	0.00670	0.00503	0.00672	0.00738	0.00765	0.00526	0.00510	0.00755	0.00901	0.01223	0.02330	0.60328	0.02750	0.10828	0.06854	0.00280	0.07360	0.01189	0.00409	0.00408
3	0.01199	0.01150	0.12826	0.38457	0.13277	0.01024	0.02838	0.01528	0.01103	0.14720	0.01196	0.04559	0.00932	0.00569	0.00506	0.00163	0.00608	0.02379	0.00307	0.00657
4	0.10447	0.01226	0.14574	0.01341	0.08434	0.00949	0.14933	0.01763	0.01186	0.28061	0.03223	0.05299	0.01166	0.02509	0.00552	0.00169	0.00554	0.02509	0.00397	0.00707
5	0.01068	0.02310	0.65350	0.01396	0.02057	0.01161	0.05488	0.08229	0.01167	0.01702	0.01016	0.04971	0.00785	0.00534	0.00489	0.00160	0.00704	0.00437	0.00250	0.00727
6	0.01051	0.01000	0.01664	0.43927	0.30572	0.01154	0.01387	0.01344	0.01025	0.01395	0.00933	0.03387	0.00778	0.00539	0.00600	0.00165	0.07740	0.00468	0.00237	0.00634
7	0.01018	0.05678	0.55140	0.01261	0.01850	0.01056	0.05402	0.01481	0.01104	0.05135	0.06990	0.03678	0.06857	0.00602	0.00495	0.00158	0.00634	0.00498	0.00281	0.00683
8	0.02386	0.21426	0.18140	0.01271	0.03827	0.02305	0.14630	0.05353	0.01225	0.21455	0.01163	0.01228	0.00834	0.00496	0.00461	0.00144	0.00602	0.00422	0.01903	0.00727
9	0.00931	0.00839	0.01325	0.52006	0.04582	0.01027	0.01143	0.02668	0.00996	0.01328	0.06415	0.01679	0.01091	0.07990	0.06052	0.00239	0.08393	0.00505	0.00260	0.00530
10	0.02280	0.38283	0.08598	0.01119	0.03572	0.06427	0.10587	0.03532	0.01100	0.01373	0.01271	0.12933	0.03794	0.00657	0.00449	0.00142	0.00566	0.02423	0.00282	0.00611
11	0.01276	0.00970	0.01534	0.30048	0.25089	0.01071	0.01216	0.01581	0.03477	0.15543	0.03346	0.01442	0.00958	0.00559	0.00597	0.00162	0.07681	0.00470	0.02302	0.00678
12	0.01230	0.01622	0.35624	0.03094	0.11115	0.02394	0.03425	0.01600	0.01143	0.17134	0.01554	0.09365	0.05109	0.00669	0.00512	0.00163	0.00585	0.02619	0.00342	0.00701
13	0.01019	0.04988	0.47256	0.01278	0.01819	0.01021	0.09862	0.01446	0.01091	0.05802	0.04206	0.10877	0.05831	0.00667	0.00512	0.00163	0.00624	0.00578	0.00294	0.00665
14	0.05406	0.01022	0.01657	0.57031	0.08297	0.03866	0.10108	0.01360	0.01025	0.01380	0.00882	0.01274	0.00676	0.00498	0.00537	0.00165	0.03553	0.00446	0.00232	0.00583
15	0.03343	0.03318	0.11200	0.19643	0.12096	0.14523	0.07488	0.01699	0.03539	0.13446	0.01148	0.04377	0.00892	0.00547	0.00491	0.00155	0.00649	0.00467	0.00312	0.00669
16	0.01099	0.11919	0.28595	0.05160	0.19303	0.01128	0.01291	0.04324	0.01089	0.03075	0.02934	0.06420	0.02735	0.00680	0.00606	0.07653	0.00584	0.00482	0.00269	0.00655
17	0.01245	0.08984	0.17129	0.12219	0.25645	0.02444	0.04816	0.08213	0.01211	0.06210	0.01102	0.04960	0.00914	0.00550	0.00489	0.00154	0.00610	0.02102	0.00292	0.00710
18	0.01164	0.01134	0.01993	0.20077	0.55627	0.01175	0.08568	0.01480	0.01109	0.01548	0.00933	0.01265	0.00759	0.00454	0.00503	0.00154	0.00631	0.00457	0.00242	0.00727
19	0.03380	0.01012	0.01525	0.04633	0.22470	0.02662	0.08022	0.04788	0.01303	0.35198	0.01677	0.02862	0.05485	0.00606	0.00512	0.00156	0.00520	0.01998	0.00436	0.00755
20	0.01182	0.01039	0.07862	0.03173	0.10692	0.03901	0.12180	0.02261	0.01185	0.15527	0.06490	0.15000	0.11500	0.00833	0.00580	0.00168	0.02537	0.02868	0.00398	0.00623
21	0.01114	0.00945	0.08826	0.04959	0.01401	0.00785	0.10675	0.07986	0.01215	0.13779	0.03757	0.28262	0.07309	0.02979	0.00619	0.00184	0.00474	0.03719	0.00424	0.00589
22	0.01124	0.01014	0.05429	0.26519	0.11925	0.00993	0.13764	0.03305	0.01114	0.09799	0.01464	0.09914	0.05118	0.03807	0.00634	0.00179	0.02349	0.00612	0.00319	0.00619
23	0.01221	0.05890	0.48753	0.08404	0.02139	0.01138	0.09793	0.01681	0.01117	0.13630	0.01062	0.01196	0.00742	0.00490	0.00485	0.00157	0.00683	0.00414	0.00279	0.00726

[dist]
# distance from previous block
# <min> <max>
0	11

[block]
# block no. 8 follows, 50 sequences, length 6
# corresponding to MSA columns:
# 365-370
name=unknown_I
#
# <colnr> <probs for GDERKNQSTAVLIFYWHMCP>
#	G	D	E	R	K	N	Q	S	T	A	V	L	I	F	Y	W	H	M	C	P
0	0.01136	0.05056	0.11082	0.21018	0.20801	0.01081	0.11574	0.01460	0.01109	0.07366	0.01295	0.04314	0.02836	0.00605	0.00521	0.00164	0.00616	0.07016	0.00294	0.00658
1	0.01234	0.01196	0.05723	0.18556	0.46075	0.01179	0.04709	0.06029	0.04615	0.04347	0.01027	0.01290	0.00806	0.00481	0.00499	0.00154	0.00608	0.00454	0.00279	0.00739
2	0.01347	0.03233	0.12779	0.13299	0.30549	0.02949	0.05890	0.05416	0.01211	0.14183	0.01153	0.03790	0.00893	0.00526	0.00498	0.00155	0.00605	0.00474	0.00317	0.00733
3	0.01153	0.01254	0.14641	0.18377	0.15008	0.01057	0.10716	0.05040	0.06991	0.07808	0.01477	0.07409	0.05603	0.00625	0.00521	0.00163	0.00590	0.00569	0.00325	0.00674
4	0.01113	0.05066	0.53744	0.01419	0.02007	0.04549	0.09664	0.01578	0.01075	0.04480	0.00983	0.01268	0.00755	0.00538	0.00576	0.00163	0.06816	0.03264	0.00242	0.00699
5	0.01242	0.10531	0.07323	0.09763	0.35594	0.01206	0.13826	0.01548	0.01124	0.07660	0.01078	0.04954	0.00894	0.00510	0.00495	0.00152	0.00616	0.00491	0.00278	0.00714

[dist]
# distance from previous block
# <min> <max>
1	24

[block]
# block no. 9 follows, 50 sequences, length 23
# corresponding to MSA columns:
# 395-417
name=unknown_J
#
# <colnr> <probs for GDERKNQSTAVLIFYWHMCP>
#	G	D	E	R	K	N	Q	S	T	A	V	L	I	F	Y	W	H	M	C	P
0	0.01010	0.01033	0.09337	0.11979	0.31633	0.00906	0.02636	0.01263	0.01048	0.04210	0.01473	0.23587	0.01479	0.00897	0.02875	0.02440	0.00548	0.00712	0.00312	0.00623
1	0.01272	0.01247	0.12405	0.21859	0.19823	0.01074	0.15273	0.01618	0.01156	0.14875	0.03734	0.01416	0.00938	0.00506	0.00514	0.00159	0.00635	0.00485	0.00310	0.00701
2	0.01132	0.01280	0.13696	0.27604	0.26787	0.01119	0.11497	0.01477	0.01081	0.05190	0.00970	0.01283	0.00745	0.00514	0.00554	0.03037	0.00657	0.00454	0.00250	0.00674
3	0.01163	0.01428	0.18444	0.09503	0.30782	0.06323	0.06166	0.01495	0.01144	0.05437	0.06103	0.07441	0.01192	0.00588	0.00510	0.00157	0.00612	0.00534	0.00292	0.00688
4	0.01203	0.03384	0.32925	0.08757	0.29233	0.01118	0.02675	0.01597	0.01113	0.09537	0.01064	0.03331	0.00823	0.00507	0.00488	0.00155	0.00633	0.00444	0.00273	0.00739
5	0.00979	0.04407	0.36042	0.07134	0.07005	0.01004	0.08222	0.01333	0.01013	0.01429	0.01147	0.03085	0.01011	0.00901	0.04863	0.09975	0.00682	0.08908	0.00253	0.00606
6	0.01381	0.03917	0.13187	0.16488	0.16465	0.01108	0.15198	0.02944	0.02930	0.19666	0.01194	0.01352	0.00853	0.00501	0.00505	0.00157	0.00626	0.00469	0.00332	0.00726
7	0.01197	0.06156	0.39793	0.09018	0.12378	0.03485	0.10822	0.01627	0.01114	0.08316	0.00992	0.01176	0.00724	0.00477	0.00486	0.00155	0.00690	0.00417	0.00258	0.00719
8	0.01099	0.13659	0.04482	0.02788	0.02761	0.00807	0.00697	0.01282	0.02175	0.16750	0.02373	0.30964	0.11556	0.01039	0.00542	0.00171	0.00396	0.05460	0.00433	0.00566
9	0.01004	0.01065	0.06745	0.52862	0.08774	0.01198	0.01355	0.01340	0.03224	0.01331	0.00881	0.01275	0.00695	0.00567	0.00706	0.00174	0.15545	0.00440	0.00230	0.00589
10	0.07290	0.06308	0.04712	0.01024	0.01386	0.06101	0.00878	0.39375	0.01761	0.12543	0.01551	0.01758	0.06007	0.00673	0.00492	0.00154	0.00524	0.06276	0.00451	0.00736
11	0.04967	0.00548	0.00775	0.00771	0.00869	0.00627	0.00596	0.00896	0.00808	0.01200	0.01433	0.01994	0.04530	0.03341	0.68058	0.06158	0.01184	0.00537	0.00274	0.00434
12	0.01477	0.28151	0.07094	0.01351	0.13219	0.09841	0.02514	0.12946	0.04998	0.08194	0.01099	0.01327	0.00898	0.00542	0.00444	0.00139	0.00583	0.04147	0.00326	0.00709
13	0.06760	0.18649	0.05948	0.04702	0.11973	0.07882	0.01000	0.19673	0.04756	0.03756	0.01230	0.03404	0.04740	0.00584	0.00483	0.00145	0.02839	0.00444	0.00337	0.00691
14	0.00661	0.00523	0.00728	0.00748	0.00832	0.00498	0.04314	0.00789	0.01041	0.01383	0.11889	0.53710	0.15367	0.01369	0.00656	0.00190	0.03191	0.01222	0.00454	0.00433
15	0.00909	0.06182	0.03797	0.00889	0.01035	0.00791	0.02731	0.05911	0.01063	0.01410	0.01892	0.07388	0.02031	0.21882	0.03854	0.00294	0.05007	0.32090	0.00371	0.00473
16	0.01210	0.11044	0.04192	0.01383	0.19407	0.06008	0.00919	0.06561	0.12713	0.03883	0.12920	0.03651	0.01566	0.00704	0.00576	0.05822	0.00478	0.00525	0.05792	0.00645
17	0.01271	0.08625	0.26684	0.01304	0.04468	0.06215	0.10688	0.08335	0.04478	0.08119	0.05414	0.05349	0.01121	0.00574	0.00488	0.00150	0.00611	0.00490	0.00327	0.05287
18	0.01255	0.18439	0.33088	0.01135	0.03467	0.04693	0.01200	0.08253	0.02829	0.06846	0.01119	0.04033	0.00883	0.00540	0.00438	0.00142	0.00581	0.00415	0.09957	0.00687
19	0.12553	0.04080	0.09195	0.01343	0.10377	0.35477	0.01016	0.01702	0.01189	0.06299	0.00994	0.06632	0.00866	0.00594	0.00524	0.00149	0.05676	0.00426	0.00291	0.00618
20	0.00975	0.05948	0.01041	0.01022	0.04962	0.00777	0.00821	0.01219	0.03845	0.06653	0.02206	0.08388	0.02311	0.03907	0.00756	0.00217	0.05645	0.48361	0.00424	0.00522
21	0.01293	0.04038	0.08155	0.08376	0.16865	0.01110	0.01059	0.06612	0.21436	0.11769	0.01668	0.01796	0.06090	0.00718	0.02626	0.00178	0.02496	0.02601	0.00391	0.00723
22	0.06731	0.01321	0.08247	0.01120	0.02633	0.03470	0.03003	0.30939	0.25688	0.04038	0.01373	0.01395	0.01020	0.00667	0.00581	0.05615	0.00515	0.00467	0.00431	0.00747

[dist]
# distance from previous block
# <min> <max>
2	19

[block]
# block no. 10 follows, 50 sequences, length 6
# corresponding to MSA columns:
# 437-442
name=unknown_K
#
# <colnr> <probs for GDERKNQSTAVLIFYWHMCP>
#	G	D	E	R	K	N	Q	S	T	A	V	L	I	F	Y	W	H	M	C	P
0	0.01024	0.14850	0.03186	0.00825	0.01040	0.00958	0.00684	0.06519	0.12676	0.03654	0.15207	0.09365	0.03641	0.06988	0.08971	0.02491	0.00508	0.06449	0.00403	0.00560
1	0.01268	0.08256	0.29743	0.01116	0.01575	0.01209	0.01162	0.27770	0.01543	0.02130	0.12746	0.06523	0.01479	0.00662	0.00497	0.00153	0.00552	0.00532	0.00376	0.00707
2	0.01367	0.48323	0.09963	0.00982	0.01410	0.01699	0.00955	0.13054	0.14741	0.01666	0.01022	0.01069	0.00824	0.00500	0.00395	0.00129	0.00532	0.00356	0.00307	0.00706
3	0.16189	0.36524	0.15016	0.00987	0.01432	0.05189	0.00987	0.15407	0.01251	0.01787	0.00822	0.00921	0.00659	0.00476	0.00382	0.00132	0.00561	0.00320	0.00283	0.00674
4	0.00721	0.00488	0.00565	0.00558	0.00579	0.00481	0.00331	0.00763	0.00845	0.01147	0.15111	0.03342	0.02317	0.68257	0.02197	0.00426	0.00440	0.00756	0.00345	0.00331
5	0.00754	0.00552	0.00738	0.00827	0.00945	0.00535	0.00701	0.00961	0.01150	0.01487	0.07426	0.09815	0.14363	0.01350	0.00665	0.00215	0.00405	0.56197	0.00465	0.00451

[dist]
# distance from previous block
# <min> <max>
0	44

# created by:
# /st0/software/busco_prod/Augustus/scripts/msa2prfl.pl ./align_prep/1380409.fa
