[name]
unknown

[dist]
# distance from previous block
# <min> <max>
0	31

[block]
# block no. 0 follows, 51 sequences, length 10
# corresponding to MSA columns:
# 34-43
name=unknown_A
#
# <colnr> <probs for GDERKNQSTAVLIFYWHMCP>
#	G	D	E	R	K	N	Q	S	T	A	V	L	I	F	Y	W	H	M	C	P
0	0.00809	0.00621	0.00868	0.01042	0.13850	0.00583	0.00665	0.01009	0.01206	0.04250	0.30452	0.13571	0.18349	0.01053	0.00579	0.00169	0.00332	0.09627	0.00456	0.00509
1	0.03065	0.01950	0.49272	0.01312	0.01840	0.01164	0.04393	0.03270	0.02960	0.11014	0.01004	0.01149	0.00727	0.00554	0.00662	0.00165	0.14116	0.00403	0.00274	0.00705
2	0.00695	0.00468	0.00542	0.00561	0.00565	0.00464	0.00324	0.00710	0.00752	0.01003	0.01741	0.16342	0.02029	0.69272	0.02191	0.00431	0.00445	0.00828	0.00324	0.00315
3	0.00721	0.00560	0.00737	0.00768	0.00824	0.00599	0.00563	0.00825	0.00962	0.03120	0.04459	0.52137	0.13434	0.01346	0.00781	0.00196	0.13803	0.03307	0.00422	0.00438
4	0.09255	0.00826	0.01108	0.00880	0.01182	0.00789	0.07081	0.08341	0.01370	0.35608	0.17444	0.01946	0.01784	0.00654	0.00485	0.00149	0.00402	0.00553	0.09464	0.00678
5	0.01010	0.02151	0.60525	0.01424	0.08450	0.01063	0.01586	0.01499	0.01041	0.01568	0.00884	0.01049	0.00653	0.00447	0.00451	0.00141	0.00654	0.00357	0.00224	0.14820
6	0.01341	0.13683	0.06986	0.08270	0.19161	0.10129	0.03211	0.14176	0.01304	0.03541	0.01086	0.01544	0.00937	0.00589	0.00530	0.00152	0.04396	0.07984	0.00304	0.00674
7	0.00975	0.06335	0.40439	0.09724	0.01933	0.01057	0.09356	0.03816	0.01097	0.01526	0.01599	0.01731	0.13740	0.00598	0.00487	0.00154	0.00613	0.00506	0.03677	0.00636
8	0.06532	0.00687	0.00870	0.07589	0.04102	0.00700	0.01791	0.04025	0.03944	0.01512	0.02678	0.18417	0.22845	0.01058	0.00590	0.00177	0.02780	0.14325	0.00402	0.04978
9	0.01225	0.00903	0.01014	0.00975	0.01140	0.00782	0.00688	0.01262	0.01606	0.02229	0.50936	0.09713	0.22120	0.01408	0.00803	0.00258	0.00439	0.01091	0.00676	0.00733

[dist]
# distance from previous block
# <min> <max>
0	1

[block]
# block no. 1 follows, 51 sequences, length 10
# corresponding to MSA columns:
# 45-53,58
name=unknown_B
#
# <colnr> <probs for GDERKNQSTAVLIFYWHMCP>
#	G	D	E	R	K	N	Q	S	T	A	V	L	I	F	Y	W	H	M	C	P
0	0.01277	0.05841	0.07048	0.05818	0.07668	0.01243	0.05793	0.15927	0.29786	0.01994	0.03079	0.01446	0.01104	0.00567	0.00500	0.00150	0.02012	0.00473	0.00388	0.07885
1	0.00636	0.00526	0.00570	0.00546	0.00719	0.00441	0.00409	0.00782	0.01142	0.01442	0.15624	0.08673	0.57337	0.01151	0.00565	0.00158	0.00258	0.00973	0.00455	0.07592
2	0.00728	0.00558	0.00657	0.00639	0.00763	0.00541	0.00465	0.01038	0.10751	0.01654	0.37057	0.12797	0.19210	0.10005	0.00786	0.00199	0.00288	0.00919	0.00482	0.00467
3	0.01019	0.00873	0.01019	0.00728	0.01165	0.00655	0.00582	0.01237	0.01019	0.01601	0.00873	0.01019	0.00728	0.00364	0.00364	0.00073	0.00364	0.00291	0.00291	0.85734
4	0.01513	0.01759	0.01369	0.18487	0.04115	0.47776	0.01018	0.03736	0.09820	0.01369	0.01005	0.03992	0.00835	0.00558	0.00469	0.00143	0.00743	0.00414	0.00286	0.00594
5	0.07942	0.00628	0.00866	0.00771	0.00884	0.00626	0.09834	0.00907	0.00856	0.01222	0.01821	0.05989	0.08545	0.46589	0.04860	0.00368	0.00516	0.06060	0.00322	0.00393
6	0.01518	0.01288	0.01443	0.18284	0.08955	0.10090	0.01047	0.31840	0.13764	0.05038	0.01202	0.01299	0.00888	0.00559	0.00487	0.00152	0.00579	0.00447	0.00391	0.00731
7	0.00936	0.00911	0.06760	0.01006	0.01180	0.03212	0.04188	0.06593	0.05195	0.01525	0.02082	0.21892	0.05193	0.01108	0.00736	0.00197	0.11189	0.25176	0.00395	0.00526
8	0.03084	0.38810	0.15084	0.05311	0.06029	0.04916	0.01029	0.05463	0.03859	0.01443	0.03080	0.07881	0.01005	0.00565	0.00414	0.00135	0.00550	0.00433	0.00271	0.00638
9	0.05931	0.01185	0.07132	0.10281	0.23536	0.01105	0.07304	0.15327	0.01329	0.08726	0.04526	0.01323	0.00953	0.00505	0.00477	0.00145	0.00551	0.00446	0.00336	0.08881

[dist]
# distance from previous block
# <min> <max>
0	17

[block]
# block no. 2 follows, 51 sequences, length 56
# corresponding to MSA columns:
# 76-79,82-133
name=unknown_C
#
# <colnr> <probs for GDERKNQSTAVLIFYWHMCP>
#	G	D	E	R	K	N	Q	S	T	A	V	L	I	F	Y	W	H	M	C	P
0	0.00672	0.00495	0.00596	0.02185	0.00771	0.00447	0.00457	0.00806	0.01098	0.03823	0.15254	0.30240	0.34066	0.03386	0.00645	0.00185	0.00284	0.03694	0.00465	0.00431
1	0.01098	0.10597	0.10578	0.03663	0.04329	0.12535	0.03014	0.01414	0.07437	0.01332	0.01074	0.01448	0.00945	0.07321	0.19520	0.00317	0.05847	0.00435	0.00268	0.06829
2	0.00685	0.00486	0.00621	0.00704	0.00760	0.00470	0.00485	0.00856	0.05856	0.02833	0.02631	0.65408	0.04965	0.06486	0.00734	0.00214	0.00313	0.04614	0.00452	0.00428
3	0.00641	0.05687	0.00672	0.02157	0.00770	0.00521	0.00448	0.00763	0.01063	0.01307	0.05449	0.27017	0.49271	0.01259	0.00576	0.00172	0.00284	0.01078	0.00438	0.00427
4	0.31249	0.06289	0.03553	0.02153	0.01265	0.04210	0.03818	0.20089	0.06718	0.04581	0.01059	0.01155	0.00803	0.00619	0.02935	0.00166	0.00498	0.00381	0.07816	0.00642
5	0.74347	0.00972	0.00832	0.00823	0.05937	0.01116	0.00613	0.01538	0.06813	0.02156	0.00800	0.00904	0.00622	0.00471	0.00331	0.00153	0.00394	0.00299	0.00315	0.00567
6	0.01369	0.33540	0.08513	0.02972	0.04899	0.04772	0.00918	0.08128	0.05994	0.10350	0.01157	0.01224	0.03322	0.00603	0.02878	0.00147	0.00546	0.00380	0.00317	0.07972
7	0.00733	0.00561	0.00666	0.00660	0.00772	0.00559	0.00474	0.01040	0.11661	0.01538	0.25603	0.17367	0.16441	0.13411	0.06065	0.00255	0.00372	0.00910	0.00451	0.00460
8	0.56906	0.01101	0.02848	0.00794	0.02977	0.07999	0.00635	0.01451	0.00935	0.01961	0.00741	0.00868	0.00590	0.00441	0.00337	0.00133	0.00435	0.00282	0.00293	0.18273
9	0.01401	0.01199	0.01275	0.02713	0.01446	0.08999	0.02518	0.05359	0.04775	0.05438	0.01173	0.01360	0.00962	0.00550	0.00484	0.00131	0.00514	0.00398	0.00384	0.58917
10	0.00689	0.00469	0.00561	0.00598	0.00613	0.00462	0.00371	0.00726	0.00801	0.01065	0.01921	0.24266	0.02239	0.56169	0.01892	0.00388	0.00424	0.05663	0.00349	0.00334
11	0.01202	0.01262	0.01294	0.32390	0.02084	0.24466	0.02718	0.02438	0.04474	0.02548	0.06040	0.03579	0.02783	0.06192	0.01859	0.00185	0.03158	0.00496	0.00288	0.00543
12	0.01348	0.00863	0.01053	0.00769	0.01190	0.00674	0.00621	0.01559	0.01127	0.23356	0.01169	0.01200	0.00863	0.00432	0.00400	0.00095	0.00379	0.00347	0.00379	0.62177
13	0.30957	0.01011	0.01157	0.00928	0.01272	0.03979	0.09770	0.07991	0.01120	0.01922	0.03380	0.01526	0.00998	0.00547	0.00421	0.00138	0.00465	0.08074	0.00330	0.24013
14	0.00781	0.00647	0.00912	0.11019	0.01216	0.00708	0.03051	0.03364	0.01011	0.01346	0.05207	0.29673	0.12507	0.05867	0.05003	0.00236	0.09683	0.06931	0.00377	0.00461
15	0.01181	0.00907	0.01211	0.19374	0.01738	0.00830	0.02909	0.06214	0.01146	0.10327	0.02451	0.01226	0.00844	0.00448	0.00426	0.00111	0.00458	0.00376	0.00326	0.47499
16	0.01190	0.00878	0.03998	0.00850	0.01102	0.00860	0.00691	0.06078	0.29370	0.13706	0.27743	0.02433	0.04817	0.00808	0.00569	0.02730	0.00359	0.00655	0.00508	0.00655
17	0.01136	0.07137	0.21538	0.04115	0.14802	0.06346	0.11639	0.03463	0.08566	0.01580	0.04065	0.04471	0.01052	0.03128	0.00548	0.00159	0.00612	0.00485	0.00287	0.04871
18	0.00666	0.00488	0.00624	0.00617	0.00723	0.00447	0.00453	0.00859	0.01280	0.01772	0.57488	0.17969	0.12532	0.01127	0.00588	0.00164	0.00243	0.00996	0.00516	0.00447
19	0.00999	0.00850	0.00996	0.00721	0.01137	0.00643	0.00575	0.01218	0.01042	0.01625	0.05824	0.01186	0.00974	0.00404	0.00378	0.00078	0.00356	0.00329	0.00307	0.80358
20	0.00611	0.00441	0.00576	0.00673	0.00716	0.00410	0.00458	0.00709	0.00977	0.01299	0.07200	0.69602	0.07607	0.03301	0.00665	0.00202	0.00289	0.03403	0.00457	0.00403
21	0.00854	0.00427	0.00640	0.00640	0.00640	0.00427	0.00427	0.00640	0.00640	0.00854	0.00854	0.01494	0.00854	0.01707	0.01921	0.85702	0.00427	0.00427	0.00213	0.00213
22	0.00643	0.00465	0.00613	0.00701	0.00762	0.00437	0.00507	0.00769	0.01029	0.01368	0.10959	0.54664	0.08106	0.02690	0.00657	0.00202	0.00309	0.14243	0.00462	0.00415
23	0.04891	0.00840	0.01127	0.00867	0.01245	0.00734	0.00716	0.02365	0.01388	0.77517	0.01899	0.01645	0.01195	0.00603	0.00488	0.00152	0.00417	0.00487	0.00599	0.00827
24	0.00653	0.00505	0.00622	0.03133	0.00814	0.00478	0.00480	0.00849	0.04953	0.01449	0.17705	0.40389	0.23588	0.01284	0.00595	0.00179	0.00282	0.01134	0.00467	0.00439
25	0.01288	0.04389	0.01045	0.00914	0.01102	0.21661	0.00694	0.07095	0.03620	0.10727	0.01833	0.26406	0.04713	0.04028	0.00630	0.00174	0.03070	0.03037	0.03020	0.00553
26	0.00599	0.00428	0.00570	0.00684	0.00713	0.00399	0.00456	0.00684	0.00941	0.01254	0.02709	0.82409	0.03250	0.01540	0.00627	0.00200	0.00285	0.01397	0.00456	0.00399
27	0.01181	0.01133	0.01924	0.11390	0.69061	0.01170	0.01479	0.01471	0.01093	0.01555	0.00910	0.01222	0.00761	0.00457	0.00522	0.00150	0.03098	0.00437	0.00240	0.00746
28	0.04372	0.01168	0.02208	0.16122	0.23359	0.01180	0.35971	0.04418	0.01144	0.01601	0.00994	0.03368	0.00799	0.00472	0.00527	0.00160	0.00690	0.00520	0.00259	0.00668
29	0.01065	0.01111	0.02179	0.36770	0.11419	0.01169	0.36158	0.01428	0.01078	0.01439	0.00934	0.01307	0.00710	0.00450	0.00531	0.00163	0.00726	0.00502	0.00235	0.00625
30	0.12363	0.04357	0.01967	0.19413	0.03554	0.05271	0.30883	0.07432	0.03487	0.01667	0.00931	0.01201	0.00713	0.00483	0.00541	0.00160	0.04218	0.00461	0.00273	0.00627
31	0.01134	0.01132	0.04208	0.23633	0.57261	0.01147	0.01480	0.01443	0.01081	0.01512	0.00910	0.01236	0.00741	0.00453	0.00487	0.00151	0.00607	0.00435	0.00236	0.00716
32	0.01190	0.00538	0.00603	0.00546	0.00717	0.00514	0.00424	0.01411	0.01110	0.18443	0.01674	0.01798	0.01250	0.00580	0.00376	0.00122	0.00269	0.00466	0.67428	0.00538
33	0.01297	0.01314	0.01412	0.37930	0.03913	0.20536	0.01125	0.10760	0.09023	0.01564	0.02742	0.01286	0.00847	0.00548	0.00524	0.00154	0.03686	0.00430	0.00295	0.00612
34	0.00590	0.00492	0.00512	0.00520	0.00668	0.00417	0.00383	0.00714	0.01109	0.01343	0.08126	0.11157	0.67989	0.03000	0.00626	0.00175	0.00256	0.01054	0.00457	0.00413
35	0.00868	0.00718	0.01030	0.08929	0.01270	0.02747	0.08956	0.02978	0.02378	0.03985	0.28848	0.15583	0.11570	0.00964	0.00592	0.00168	0.02213	0.03709	0.01990	0.00507
36	0.01191	0.00899	0.01088	0.00793	0.01218	0.00718	0.02189	0.03784	0.03409	0.10703	0.01042	0.01130	0.00811	0.00409	0.00391	0.00089	0.00386	0.00333	0.00339	0.69078
37	0.01023	0.00887	0.01077	0.00769	0.01208	0.00673	0.02963	0.01248	0.01023	0.01601	0.00877	0.01028	0.00728	0.00365	0.00371	0.00076	0.00378	0.00300	0.00290	0.83113
38	0.03058	0.16850	0.24247	0.01210	0.05719	0.02363	0.08048	0.01581	0.02090	0.10345	0.00983	0.01097	0.00743	0.00448	0.00427	0.00128	0.00566	0.00366	0.00284	0.19447
39	0.00854	0.00427	0.00640	0.00640	0.00640	0.00427	0.00427	0.00640	0.00640	0.00854	0.00854	0.01494	0.00854	0.01707	0.01921	0.85702	0.00427	0.00427	0.00213	0.00213
40	0.00701	0.00501	0.00688	0.00801	0.00875	0.00487	0.00634	0.00861	0.01042	0.01369	0.02652	0.41700	0.03027	0.01443	0.00655	0.00214	0.00374	0.41096	0.00454	0.00427
41	0.01378	0.28226	0.03328	0.01026	0.01327	0.06129	0.00892	0.13485	0.17234	0.04648	0.01136	0.03385	0.00938	0.00614	0.00622	0.00149	0.14041	0.00424	0.00338	0.00677
42	0.00937	0.00647	0.00796	0.00706	0.00907	0.00598	0.00545	0.03080	0.07786	0.08876	0.41212	0.07974	0.08245	0.00904	0.00540	0.00150	0.00299	0.03154	0.00495	0.12149
43	0.01202	0.25276	0.38291	0.01272	0.06628	0.01322	0.03014	0.01570	0.01056	0.07859	0.00910	0.01035	0.00693	0.00466	0.00451	0.00137	0.02577	0.00352	0.00249	0.05639
44	0.01258	0.03756	0.06509	0.09551	0.30407	0.06479	0.01166	0.15618	0.03577	0.01793	0.02634	0.01561	0.05344	0.00686	0.03580	0.00173	0.00596	0.01981	0.02641	0.00690
45	0.00598	0.00430	0.00568	0.00679	0.00711	0.00400	0.00454	0.00685	0.00946	0.01257	0.02778	0.80021	0.05593	0.01531	0.00626	0.00199	0.00284	0.01386	0.00456	0.00400
46	0.01219	0.08673	0.28322	0.04696	0.04928	0.06720	0.15061	0.05078	0.15432	0.03440	0.01121	0.01243	0.00837	0.00501	0.00482	0.00153	0.00653	0.00438	0.00295	0.00707
47	0.01259	0.05562	0.28472	0.10750	0.04844	0.02506	0.18678	0.03210	0.02453	0.13745	0.01131	0.03263	0.00837	0.00510	0.00498	0.00156	0.00661	0.00469	0.00299	0.00698
48	0.00738	0.00615	0.00816	0.06527	0.12364	0.00585	0.00633	0.00909	0.01095	0.01423	0.10870	0.10411	0.38385	0.05771	0.00670	0.00183	0.00347	0.03550	0.03631	0.00477
49	0.00885	0.00784	0.01238	0.10082	0.32579	0.00791	0.00970	0.01089	0.01041	0.01416	0.03828	0.28171	0.10050	0.01027	0.03639	0.00192	0.00478	0.00829	0.00341	0.00571
50	0.01079	0.10742	0.41011	0.06345	0.09467	0.01264	0.14629	0.01534	0.02768	0.01496	0.00897	0.01112	0.00682	0.00474	0.00527	0.00154	0.04492	0.00408	0.00226	0.00692
51	0.01260	0.11552	0.16065	0.02979	0.01549	0.03145	0.10434	0.01568	0.03466	0.16510	0.01361	0.02918	0.02982	0.02928	0.07891	0.00225	0.07708	0.04487	0.00331	0.00641
52	0.00986	0.02542	0.80183	0.01401	0.02127	0.01141	0.01816	0.01556	0.01038	0.01556	0.00882	0.01038	0.00623	0.00467	0.00467	0.00156	0.00726	0.00363	0.00208	0.00726
53	0.02403	0.01115	0.05363	0.20204	0.21348	0.03562	0.01128	0.05974	0.19166	0.01674	0.02457	0.01699	0.08119	0.00609	0.00530	0.00159	0.02974	0.00515	0.00333	0.00671
54	0.03260	0.16651	0.15580	0.10388	0.10395	0.07941	0.06600	0.05017	0.07755	0.01532	0.01052	0.01411	0.00880	0.00554	0.00512	0.00152	0.04081	0.05307	0.00276	0.00655
55	0.01444	0.04621	0.14669	0.01262	0.06261	0.08065	0.01085	0.32603	0.04902	0.02138	0.05057	0.02216	0.00999	0.00607	0.00605	0.00153	0.09683	0.00445	0.00365	0.02819

[dist]
# distance from previous block
# <min> <max>
1	61

[block]
# block no. 3 follows, 51 sequences, length 6
# corresponding to MSA columns:
# 206-211
name=unknown_D
#
# <colnr> <probs for GDERKNQSTAVLIFYWHMCP>
#	G	D	E	R	K	N	Q	S	T	A	V	L	I	F	Y	W	H	M	C	P
0	0.07343	0.00925	0.05736	0.02957	0.03498	0.00848	0.06632	0.06829	0.10227	0.07059	0.10580	0.07166	0.04681	0.10029	0.02142	0.00203	0.00464	0.04063	0.00394	0.08224
1	0.01019	0.05046	0.00809	0.00639	0.00774	0.00669	0.00443	0.06512	0.00963	0.09114	0.01460	0.02490	0.01468	0.50852	0.01690	0.00338	0.00449	0.00593	0.06835	0.07838
2	0.08860	0.09794	0.06771	0.01259	0.04514	0.05504	0.16840	0.05464	0.23593	0.01796	0.03081	0.01364	0.01027	0.00524	0.00464	0.00147	0.00548	0.00459	0.02194	0.05798
3	0.01226	0.05559	0.08472	0.03399	0.05187	0.00916	0.04347	0.06982	0.01160	0.11827	0.02807	0.03614	0.00981	0.00657	0.04110	0.00153	0.03399	0.00424	0.03348	0.31432
4	0.00696	0.00510	0.00676	0.00751	0.00845	0.00476	0.00574	0.00845	0.01036	0.01385	0.06011	0.44868	0.05840	0.01363	0.00622	0.00196	0.00342	0.26142	0.00447	0.06376
5	0.00960	0.00809	0.00955	0.00717	0.01096	0.00619	0.00563	0.01167	0.01035	0.01593	0.06022	0.08699	0.01209	0.00513	0.00402	0.00090	0.00348	0.00431	0.00322	0.72451

[dist]
# distance from previous block
# <min> <max>
0	1

[block]
# block no. 4 follows, 51 sequences, length 21
# corresponding to MSA columns:
# 213-233
name=unknown_E
#
# <colnr> <probs for GDERKNQSTAVLIFYWHMCP>
#	G	D	E	R	K	N	Q	S	T	A	V	L	I	F	Y	W	H	M	C	P
0	0.00944	0.01038	0.12337	0.03532	0.08177	0.02933	0.03534	0.01212	0.04103	0.01371	0.01137	0.01657	0.01029	0.14144	0.16492	0.04288	0.00678	0.00464	0.02494	0.18435
1	0.01083	0.01081	0.01439	0.07149	0.01437	0.05950	0.02679	0.02725	0.00849	0.01228	0.00768	0.01207	0.00727	0.02281	0.09424	0.00266	0.58502	0.00441	0.00230	0.00535
2	0.00748	0.00489	0.00703	0.00703	0.00751	0.00537	0.00506	0.00781	0.00734	0.01026	0.01222	0.02024	0.01216	0.16599	0.44690	0.25219	0.00917	0.00530	0.00255	0.00350
3	0.00729	0.00545	0.00748	0.04115	0.02978	0.00535	0.00667	0.00912	0.01092	0.01432	0.09793	0.23517	0.10792	0.03274	0.00679	0.00209	0.00383	0.36712	0.00443	0.00445
4	0.00930	0.06008	0.59110	0.01195	0.01777	0.01029	0.01468	0.01399	0.01093	0.01580	0.12555	0.01675	0.06915	0.00599	0.00484	0.00154	0.00610	0.00483	0.00274	0.00661
5	0.00722	0.00671	0.05740	0.00705	0.00872	0.00556	0.00583	0.01012	0.07239	0.01605	0.27633	0.14860	0.24021	0.02354	0.00613	0.00178	0.00316	0.09373	0.00468	0.00479
6	0.08912	0.01005	0.01158	0.00925	0.01274	0.01032	0.00754	0.21492	0.14742	0.37542	0.01638	0.01508	0.01113	0.00599	0.00473	0.00152	0.00433	0.00471	0.03993	0.00785
7	0.01146	0.01448	0.17352	0.12064	0.19473	0.01206	0.25332	0.05348	0.06549	0.01636	0.01012	0.01265	0.00772	0.00477	0.00543	0.00160	0.02778	0.00476	0.00264	0.00699
8	0.00678	0.00476	0.00614	0.00690	0.00769	0.00440	0.00503	0.00803	0.01037	0.03677	0.07076	0.51460	0.15535	0.01408	0.00621	0.00194	0.00306	0.12821	0.00465	0.00426
9	0.00614	0.00444	0.00582	0.00671	0.00720	0.00412	0.00461	0.00723	0.01009	0.01348	0.11778	0.66490	0.08019	0.01455	0.00620	0.00193	0.00281	0.03304	0.00466	0.00409
10	0.00656	0.00467	0.00599	0.00674	0.00719	0.00445	0.00459	0.02125	0.00980	0.01309	0.08113	0.57434	0.04876	0.13376	0.00898	0.00237	0.00323	0.05471	0.00440	0.00400
11	0.07655	0.19132	0.11410	0.02599	0.07172	0.14209	0.02670	0.13216	0.09505	0.06426	0.01036	0.01109	0.00794	0.00508	0.00432	0.00139	0.00592	0.00378	0.00324	0.00694
12	0.04932	0.00912	0.01163	0.02392	0.04810	0.03170	0.00824	0.03456	0.05811	0.16493	0.05360	0.01626	0.03530	0.01017	0.08832	0.00233	0.26849	0.00495	0.07490	0.00605
13	0.02006	0.00782	0.01055	0.00834	0.01172	0.00682	0.00679	0.02191	0.01349	0.69287	0.01973	0.07530	0.01367	0.00673	0.00494	0.00153	0.00396	0.00557	0.06040	0.00780
14	0.04033	0.01102	0.01352	0.08667	0.12574	0.03170	0.00928	0.24763	0.05531	0.14155	0.03196	0.01323	0.00968	0.00531	0.00465	0.00137	0.00496	0.00431	0.00404	0.15775
15	0.02858	0.51194	0.19905	0.00983	0.01452	0.03488	0.01047	0.01497	0.01015	0.03048	0.00769	0.00892	0.00647	0.00449	0.00405	0.00121	0.03409	0.00300	0.00227	0.06295
16	0.01377	0.63713	0.07998	0.00952	0.01367	0.15057	0.00930	0.01560	0.01067	0.01193	0.00710	0.00823	0.00630	0.00438	0.00348	0.00112	0.00600	0.00279	0.00217	0.00627
17	0.00613	0.00485	0.00541	0.00568	0.00687	0.00427	0.00412	0.00732	0.01072	0.01337	0.09318	0.21064	0.48712	0.07222	0.00735	0.00198	0.00282	0.04738	0.00450	0.00408
18	0.04785	0.01034	0.04716	0.00905	0.01321	0.00864	0.05577	0.08446	0.05298	0.01782	0.02614	0.01146	0.00847	0.00440	0.00438	0.00103	0.02709	0.00356	0.00318	0.56299
19	0.04987	0.25202	0.01887	0.18275	0.12277	0.10163	0.05471	0.03390	0.01100	0.06496	0.00873	0.01082	0.00702	0.00492	0.00501	0.00142	0.05686	0.00377	0.00260	0.00636
20	0.03700	0.04367	0.01073	0.00809	0.01136	0.00793	0.00656	0.07868	0.03999	0.32242	0.04037	0.09031	0.03164	0.00669	0.00467	0.00137	0.00390	0.02040	0.04218	0.19205

[dist]
# distance from previous block
# <min> <max>
0	1

[block]
# block no. 5 follows, 51 sequences, length 27
# corresponding to MSA columns:
# 241-246,251-271
name=unknown_F
#
# <colnr> <probs for GDERKNQSTAVLIFYWHMCP>
#	G	D	E	R	K	N	Q	S	T	A	V	L	I	F	Y	W	H	M	C	P
0	0.07578	0.43268	0.08620	0.00893	0.01247	0.01460	0.00861	0.02987	0.03486	0.03219	0.00901	0.01099	0.00781	0.01056	0.15090	0.00246	0.04086	0.00346	0.00253	0.02521
1	0.02835	0.02803	0.41293	0.01340	0.03734	0.03030	0.10280	0.04026	0.02096	0.04198	0.01322	0.06994	0.01178	0.00675	0.00519	0.00168	0.00639	0.11917	0.00296	0.00657
2	0.00667	0.00509	0.00616	0.00612	0.00732	0.00467	0.00450	0.00888	0.04104	0.01676	0.43199	0.17618	0.24352	0.01150	0.00585	0.00166	0.00252	0.01005	0.00502	0.00451
3	0.00968	0.00926	0.01508	0.73093	0.08476	0.02643	0.01361	0.01285	0.00995	0.01277	0.00870	0.01291	0.00663	0.00495	0.00512	0.00163	0.02256	0.00434	0.00221	0.00562
4	0.08842	0.01160	0.03167	0.06728	0.03427	0.03868	0.00865	0.24163	0.28432	0.06151	0.04029	0.01609	0.04152	0.00627	0.00482	0.00156	0.00472	0.00499	0.00444	0.00728
5	0.00665	0.00479	0.00643	0.00766	0.04043	0.00445	0.00500	0.00776	0.01009	0.02978	0.09062	0.64614	0.09364	0.01406	0.00611	0.00190	0.00293	0.01267	0.00457	0.00431
6	0.00613	0.00481	0.00555	0.00574	0.00693	0.00423	0.00416	0.00754	0.01142	0.01467	0.22646	0.23773	0.42196	0.01259	0.00592	0.00172	0.00254	0.01090	0.00477	0.00423
7	0.01124	0.01354	0.13974	0.21729	0.40889	0.03417	0.07509	0.01472	0.01084	0.01499	0.00906	0.01211	0.00718	0.00455	0.00491	0.00153	0.00651	0.00434	0.00232	0.00699
8	0.06120	0.75387	0.05343	0.00851	0.01276	0.01867	0.00859	0.01473	0.00991	0.01231	0.00691	0.00798	0.00625	0.00424	0.00320	0.00110	0.00525	0.00267	0.00215	0.00629
9	0.00630	0.00505	0.00567	0.00600	0.00722	0.00457	0.00434	0.00815	0.05218	0.01374	0.07439	0.30777	0.44847	0.01304	0.00594	0.00178	0.00271	0.02373	0.00462	0.00432
10	0.00955	0.00716	0.01163	0.35058	0.04175	0.00805	0.04306	0.03073	0.00918	0.02943	0.04355	0.01546	0.00965	0.03598	0.01105	0.32621	0.00542	0.00469	0.00251	0.00434
11	0.01224	0.50051	0.30255	0.01063	0.01584	0.05764	0.01195	0.01527	0.01033	0.01302	0.00758	0.00883	0.00628	0.00442	0.00376	0.00124	0.00616	0.00301	0.00211	0.00662
12	0.00838	0.00609	0.00722	0.00683	0.00844	0.00594	0.00518	0.01230	0.14565	0.06069	0.38049	0.10419	0.19597	0.01029	0.00567	0.00164	0.00281	0.02189	0.00511	0.00522
13	0.00928	0.00873	0.01474	0.81548	0.03385	0.01092	0.01365	0.01256	0.00983	0.01256	0.00873	0.01310	0.00655	0.00491	0.00491	0.00164	0.00655	0.00437	0.00218	0.00546
14	0.01012	0.00764	0.03556	0.00932	0.01142	0.00696	0.09835	0.02215	0.06644	0.11434	0.06788	0.08401	0.10679	0.13716	0.00886	0.00229	0.00456	0.19660	0.00426	0.00532
15	0.07257	0.00923	0.01154	0.00932	0.01219	0.00960	0.00763	0.12485	0.03281	0.41777	0.04535	0.03959	0.04512	0.00704	0.00665	0.00164	0.12963	0.00527	0.00496	0.00725
16	0.01216	0.01168	0.01995	0.03016	0.79664	0.01168	0.01508	0.01508	0.01119	0.01605	0.00924	0.01216	0.00778	0.00438	0.00487	0.00146	0.00584	0.00438	0.00243	0.00778
17	0.00688	0.00504	0.00641	0.00694	0.00782	0.00477	0.00510	0.03608	0.01129	0.01504	0.18331	0.43824	0.12715	0.01337	0.00614	0.00188	0.00302	0.11240	0.00474	0.00437
18	0.03363	0.01124	0.13562	0.54091	0.09422	0.01054	0.01354	0.01286	0.00995	0.01359	0.01012	0.07370	0.00853	0.00561	0.00492	0.00163	0.00624	0.00493	0.00239	0.00582
19	0.01376	0.01192	0.03902	0.03098	0.15119	0.04387	0.03979	0.25784	0.17611	0.04045	0.04701	0.07454	0.01348	0.00674	0.00513	0.00158	0.00513	0.02999	0.00417	0.00727
20	0.31324	0.03545	0.01240	0.00957	0.01316	0.03516	0.00791	0.47071	0.01734	0.02680	0.00981	0.01028	0.00718	0.00536	0.00420	0.00147	0.00493	0.00372	0.00412	0.00717
21	0.00913	0.00599	0.00733	0.00714	0.00862	0.00576	0.00533	0.03971	0.08053	0.10551	0.19573	0.29023	0.14726	0.02701	0.00616	0.00181	0.00313	0.04353	0.00494	0.00516
22	0.06271	0.35141	0.16106	0.01155	0.07582	0.05720	0.03502	0.03017	0.01105	0.08335	0.03117	0.03175	0.02814	0.00520	0.00411	0.00133	0.00558	0.00396	0.00283	0.00658
23	0.06156	0.07238	0.07849	0.02727	0.08621	0.01092	0.03611	0.16316	0.07861	0.17583	0.07765	0.02748	0.03502	0.00743	0.03859	0.00177	0.00521	0.00507	0.00417	0.00708
24	0.00678	0.00538	0.03137	0.00641	0.00704	0.00473	0.00452	0.00765	0.00904	0.01197	0.06160	0.29090	0.10151	0.35451	0.01404	0.00311	0.00386	0.06799	0.00386	0.00376
25	0.01039	0.12240	0.14860	0.00937	0.01246	0.09463	0.02921	0.06993	0.01253	0.01613	0.19490	0.06423	0.14315	0.00803	0.00533	0.00152	0.02439	0.02347	0.00369	0.00567
26	0.17450	0.03515	0.09505	0.09277	0.21239	0.02122	0.02972	0.08590	0.01205	0.11829	0.05653	0.02492	0.01021	0.00534	0.00456	0.00151	0.00525	0.00442	0.00338	0.00683

[dist]
# distance from previous block
# <min> <max>
0	5

[block]
# block no. 6 follows, 51 sequences, length 40
# corresponding to MSA columns:
# 289,290,292-329
name=unknown_G
#
# <colnr> <probs for GDERKNQSTAVLIFYWHMCP>
#	G	D	E	R	K	N	Q	S	T	A	V	L	I	F	Y	W	H	M	C	P
0	0.20302	0.03905	0.01153	0.00920	0.01219	0.01186	0.00750	0.19383	0.20110	0.12551	0.04501	0.01472	0.02433	0.00682	0.02145	0.00170	0.05522	0.00460	0.00437	0.00699
1	0.05447	0.00920	0.01139	0.01001	0.01130	0.05353	0.00808	0.01391	0.04366	0.13671	0.07992	0.04611	0.01323	0.01354	0.16340	0.00300	0.31421	0.00526	0.00342	0.00566
2	0.05905	0.00738	0.00918	0.00793	0.01045	0.02434	0.00630	0.01706	0.03004	0.40287	0.16520	0.12851	0.04448	0.00862	0.00531	0.00164	0.00371	0.05608	0.00535	0.00650
3	0.03018	0.01180	0.04901	0.20285	0.30127	0.01176	0.16406	0.08298	0.03113	0.05213	0.01015	0.01276	0.00775	0.00474	0.00503	0.00155	0.00633	0.00465	0.00283	0.00703
4	0.00627	0.00456	0.00593	0.00666	0.00729	0.00422	0.00468	0.00752	0.01056	0.01413	0.17872	0.55597	0.10588	0.01398	0.00616	0.00189	0.00281	0.05388	0.00473	0.00416
5	0.01386	0.36946	0.02011	0.10262	0.11006	0.16763	0.02712	0.06475	0.05557	0.01413	0.00861	0.01012	0.00716	0.00471	0.00407	0.00128	0.00616	0.00348	0.00258	0.00649
6	0.21053	0.04894	0.01366	0.01146	0.01392	0.44746	0.04221	0.01697	0.01149	0.01444	0.00733	0.00908	0.00616	0.00538	0.00578	0.00146	0.12221	0.00330	0.00258	0.00563
7	0.00620	0.00444	0.00589	0.00670	0.00717	0.00413	0.00458	0.00738	0.01040	0.01412	0.19628	0.65039	0.03556	0.01422	0.00617	0.00190	0.00273	0.01285	0.00475	0.00413
8	0.20679	0.01119	0.01121	0.00955	0.01270	0.01277	0.00764	0.22764	0.40389	0.02372	0.01479	0.01422	0.01101	0.00598	0.00453	0.00158	0.00428	0.00459	0.00453	0.00738
9	0.05882	0.00714	0.00848	0.00781	0.00985	0.04077	0.00595	0.01414	0.01121	0.28183	0.02120	0.33064	0.03845	0.01038	0.00592	0.03429	0.00380	0.04824	0.00472	0.05637
10	0.00788	0.00543	0.00750	0.00850	0.00950	0.00535	0.00710	0.00980	0.01089	0.03406	0.02572	0.20018	0.02834	0.03994	0.00723	0.00227	0.00421	0.57710	0.00452	0.00447
11	0.00986	0.02542	0.80183	0.01401	0.02127	0.01141	0.01816	0.01556	0.01038	0.01556	0.00882	0.01038	0.00623	0.00467	0.00467	0.00156	0.00726	0.00363	0.00208	0.00726
12	0.00677	0.00500	0.00584	0.00591	0.00724	0.00440	0.00439	0.00826	0.01162	0.04231	0.22264	0.19090	0.41379	0.01225	0.00590	0.00171	0.00265	0.03921	0.00482	0.00440
13	0.05994	0.01768	0.01278	0.01123	0.01391	0.47094	0.00866	0.07407	0.08692	0.11602	0.01079	0.01134	0.00822	0.00556	0.00499	0.00140	0.04220	0.00378	0.03322	0.00635
14	0.03014	0.01427	0.24292	0.01093	0.01498	0.01068	0.05675	0.12327	0.22129	0.01871	0.03484	0.03980	0.11925	0.03329	0.00570	0.00171	0.00513	0.00578	0.00381	0.00677
15	0.08948	0.00712	0.00745	0.00701	0.00867	0.04623	0.00533	0.06442	0.03726	0.03252	0.34596	0.13593	0.15836	0.00999	0.00545	0.00162	0.00323	0.02425	0.00474	0.00501
16	0.07092	0.00906	0.01454	0.67324	0.07877	0.01115	0.01301	0.01282	0.00971	0.01343	0.00853	0.01257	0.00654	0.00502	0.00526	0.00164	0.04170	0.00424	0.00226	0.00559
17	0.14148	0.01054	0.01091	0.00843	0.01229	0.07374	0.02271	0.06608	0.05269	0.09298	0.01020	0.01098	0.00786	0.00445	0.00394	0.00109	0.00437	0.00339	0.00344	0.45844
18	0.00679	0.00467	0.00541	0.00567	0.00585	0.00455	0.00339	0.00707	0.00793	0.01047	0.02043	0.21342	0.07340	0.58774	0.01946	0.00393	0.00418	0.00892	0.00344	0.00329
19	0.00667	0.00468	0.00601	0.00657	0.00732	0.00430	0.00463	0.00794	0.01073	0.03482	0.19003	0.50253	0.13206	0.02538	0.00637	0.00189	0.00281	0.03626	0.00476	0.00426
20	0.05644	0.00843	0.00943	0.00874	0.03130	0.00872	0.00651	0.01762	0.34643	0.05394	0.08418	0.12408	0.08236	0.00790	0.00498	0.00154	0.00353	0.00670	0.00451	0.13264
21	0.20444	0.03282	0.06674	0.13641	0.04988	0.04570	0.12440	0.01471	0.03503	0.05184	0.00975	0.03244	0.00790	0.00663	0.04022	0.00183	0.06900	0.00430	0.00284	0.06311
22	0.01651	0.00878	0.01076	0.00867	0.01171	0.00859	0.00700	0.19729	0.05278	0.36350	0.19775	0.04084	0.03887	0.00737	0.00519	0.00154	0.00395	0.00612	0.00553	0.00726
23	0.00654	0.00471	0.00629	0.00720	0.00783	0.00446	0.00530	0.00792	0.01049	0.01400	0.12917	0.52450	0.05533	0.01419	0.00631	0.00199	0.00315	0.18175	0.00467	0.00420
24	0.04314	0.49530	0.06906	0.01076	0.01478	0.14794	0.10136	0.01545	0.01071	0.01268	0.00773	0.00962	0.00678	0.03089	0.00447	0.00133	0.00627	0.00330	0.00228	0.00616
25	0.20532	0.01128	0.04534	0.01309	0.05663	0.03325	0.17716	0.03088	0.02599	0.09412	0.01061	0.05727	0.00887	0.00661	0.01772	0.00178	0.17899	0.00485	0.01408	0.00615
26	0.00716	0.00512	0.00663	0.00731	0.00806	0.00498	0.00550	0.02779	0.01053	0.01395	0.09432	0.34402	0.06283	0.12760	0.00896	0.00240	0.00365	0.25057	0.00441	0.00419
27	0.00976	0.00819	0.01261	0.23590	0.01774	0.00985	0.05243	0.04494	0.00954	0.04710	0.01145	0.05588	0.01039	0.05892	0.23073	0.00365	0.16757	0.00534	0.00277	0.00526
28	0.01139	0.01157	0.03643	0.16083	0.41478	0.05519	0.06730	0.01520	0.07659	0.01529	0.01206	0.06169	0.02879	0.00554	0.00503	0.00155	0.00591	0.00521	0.00279	0.00686
29	0.00677	0.00538	0.00695	0.00737	0.00800	0.00561	0.00544	0.00787	0.00959	0.01266	0.02829	0.43635	0.18698	0.04088	0.04280	0.00231	0.10106	0.07733	0.00414	0.00422
30	0.18318	0.09132	0.01581	0.36329	0.04146	0.04112	0.10160	0.01405	0.00995	0.03744	0.00866	0.01162	0.00673	0.00572	0.02798	0.00173	0.02603	0.00402	0.00253	0.00577
31	0.01491	0.03365	0.01347	0.08503	0.04347	0.02693	0.07084	0.13275	0.12606	0.21857	0.01530	0.01721	0.01147	0.00606	0.00486	0.00151	0.00488	0.04915	0.08702	0.03685
32	0.02889	0.01204	0.01228	0.01036	0.03451	0.11453	0.00802	0.24959	0.08708	0.11646	0.04594	0.03422	0.01126	0.00709	0.03555	0.00162	0.02527	0.00459	0.00416	0.15654
33	0.01221	0.02871	0.12805	0.08389	0.04706	0.02780	0.07010	0.04825	0.18431	0.12819	0.05781	0.12360	0.01520	0.00715	0.00517	0.00163	0.00507	0.01505	0.00401	0.00672
34	0.05194	0.03420	0.19987	0.01266	0.05559	0.02958	0.11577	0.07368	0.04571	0.09469	0.04012	0.10746	0.03118	0.00719	0.00536	0.00165	0.01864	0.06462	0.00358	0.00650
35	0.07507	0.02695	0.08794	0.03067	0.05249	0.00930	0.13634	0.03687	0.07260	0.09008	0.09577	0.03807	0.10328	0.00672	0.00522	0.00153	0.01974	0.02169	0.00373	0.08595
36	0.11111	0.01160	0.05848	0.01068	0.01426	0.05509	0.10256	0.10889	0.10354	0.16824	0.04317	0.05317	0.01163	0.00597	0.00502	0.00149	0.02495	0.00497	0.00405	0.10112
37	0.09900	0.08252	0.09558	0.18273	0.01853	0.02739	0.09102	0.05691	0.06747	0.05708	0.04672	0.05623	0.03955	0.00592	0.00470	0.00151	0.00539	0.00504	0.00324	0.05345
38	0.01239	0.02893	0.08771	0.24641	0.03281	0.04047	0.07082	0.10793	0.05051	0.09245	0.05118	0.01486	0.03268	0.00546	0.00483	0.00146	0.00564	0.00468	0.00337	0.10541
39	0.05009	0.12874	0.22655	0.01146	0.03560	0.06014	0.05934	0.06970	0.04171	0.08490	0.02403	0.05504	0.02430	0.04155	0.00570	0.00160	0.02273	0.00469	0.00316	0.04896

[dist]
# distance from previous block
# <min> <max>
0	27

# created by:
# /st0/software/busco_prod/Augustus/scripts/msa2prfl.pl ./align_prep/1382842.fa
