[name]
unknown

[dist]
# distance from previous block
# <min> <max>
0	91

[block]
# block no. 0 follows, 60 sequences, length 23
# corresponding to MSA columns:
# 96-118
name=unknown_A
#
# <colnr> <probs for GDERKNQSTAVLIFYWHMCP>
#	G	D	E	R	K	N	Q	S	T	A	V	L	I	F	Y	W	H	M	C	P
0	0.00889	0.00532	0.00655	0.00605	0.00773	0.00485	0.00472	0.01105	0.05340	0.18065	0.26723	0.07610	0.26811	0.00920	0.00505	0.00148	0.00270	0.07158	0.00457	0.00477
1	0.01423	0.17140	0.03506	0.00985	0.01267	0.43359	0.00802	0.12495	0.04738	0.01354	0.00836	0.04088	0.00714	0.00480	0.00384	0.00114	0.00617	0.00334	0.00264	0.05100
2	0.00956	0.00896	0.01184	0.01563	0.35625	0.08862	0.00878	0.04385	0.04168	0.01445	0.15012	0.19987	0.01778	0.00711	0.00471	0.00141	0.00424	0.00640	0.00322	0.00552
3	0.03338	0.00610	0.00762	0.00717	0.00813	0.03362	0.00539	0.06263	0.03937	0.06980	0.01187	0.11971	0.01136	0.01679	0.22764	0.27349	0.05400	0.00515	0.00284	0.00395
4	0.01329	0.42668	0.01768	0.00909	0.01227	0.21074	0.03846	0.12514	0.01152	0.02947	0.00808	0.01000	0.00694	0.00453	0.00355	0.00111	0.00544	0.03491	0.02543	0.00567
5	0.23406	0.00692	0.00802	0.00709	0.00896	0.00731	0.04075	0.04306	0.02939	0.07717	0.08600	0.18382	0.12719	0.00783	0.00520	0.00148	0.07510	0.00635	0.00356	0.04074
6	0.03443	0.01019	0.01158	0.00940	0.01207	0.10336	0.07196	0.14856	0.10873	0.15558	0.03397	0.04568	0.04288	0.00640	0.02447	0.00147	0.07546	0.00457	0.00364	0.09561
7	0.01382	0.21220	0.22592	0.00974	0.01404	0.01154	0.03883	0.16523	0.02597	0.22579	0.01055	0.01060	0.00744	0.00459	0.00397	0.00126	0.00498	0.00355	0.00331	0.00667
8	0.00583	0.00416	0.00520	0.00557	0.00626	0.00381	0.00386	0.00691	0.00947	0.02762	0.21045	0.43307	0.16870	0.08002	0.00673	0.00182	0.00253	0.01015	0.00413	0.00370
9	0.01044	0.01132	0.08278	0.13921	0.61748	0.03599	0.01327	0.01323	0.00978	0.01366	0.00806	0.01069	0.00660	0.00399	0.00430	0.00132	0.00546	0.00380	0.00210	0.00652
10	0.01407	0.01535	0.01301	0.03428	0.01370	0.42987	0.05994	0.10801	0.01193	0.04985	0.00954	0.01089	0.04753	0.00547	0.00604	0.00135	0.15746	0.00370	0.00266	0.00537
11	0.01472	0.00897	0.00975	0.00822	0.01091	0.07506	0.00651	0.07154	0.24674	0.36433	0.01796	0.07957	0.05311	0.00639	0.00449	0.00141	0.00388	0.00525	0.00462	0.00659
12	0.00762	0.00563	0.00659	0.00659	0.00766	0.00579	0.00478	0.09224	0.12300	0.01457	0.09736	0.39911	0.05585	0.07872	0.00646	0.00180	0.00299	0.02930	0.04949	0.00445
13	0.01182	0.82103	0.02250	0.00759	0.01127	0.04500	0.00750	0.01321	0.00898	0.01028	0.00609	0.00703	0.00560	0.00376	0.00284	0.00094	0.00477	0.00235	0.00188	0.00558
14	0.01092	0.58990	0.20671	0.00872	0.01298	0.01509	0.00941	0.01406	0.07454	0.01173	0.00743	0.00826	0.00621	0.00401	0.00324	0.00108	0.00498	0.00275	0.00207	0.00590
15	0.01679	0.00865	0.04026	0.00835	0.01147	0.00799	0.00706	0.12317	0.06722	0.54019	0.03676	0.01494	0.02683	0.00623	0.02163	0.00150	0.04468	0.00448	0.00479	0.00699
16	0.00838	0.00495	0.00616	0.00582	0.00719	0.00447	0.00434	0.00989	0.02273	0.16448	0.23946	0.17729	0.21808	0.07813	0.00649	0.00172	0.00274	0.02885	0.00439	0.00444
17	0.05594	0.00915	0.03387	0.08746	0.28277	0.00882	0.00916	0.07436	0.06609	0.08445	0.09107	0.01323	0.01085	0.00471	0.00415	0.00123	0.00426	0.00409	0.00310	0.15123
18	0.01135	0.12765	0.16045	0.08733	0.18164	0.13882	0.04297	0.05980	0.04416	0.03064	0.00916	0.05445	0.00772	0.00475	0.00411	0.00128	0.00560	0.00393	0.00246	0.02175
19	0.00713	0.00471	0.00608	0.00581	0.00692	0.00461	0.00436	0.00856	0.00949	0.07977	0.23491	0.04784	0.18370	0.10626	0.24953	0.00336	0.00530	0.00679	0.02081	0.00406
20	0.00579	0.00408	0.00527	0.00581	0.00617	0.00392	0.00392	0.00666	0.00854	0.01155	0.14312	0.46937	0.02698	0.20192	0.03954	0.00247	0.00324	0.04441	0.00378	0.00346
21	0.04318	0.01173	0.04457	0.02660	0.08988	0.20297	0.05692	0.05611	0.14617	0.03963	0.02540	0.13326	0.03257	0.00659	0.00489	0.00143	0.03730	0.03209	0.00320	0.00552
22	0.12540	0.09755	0.11618	0.08653	0.08808	0.04061	0.10110	0.26157	0.01274	0.01820	0.00835	0.00971	0.00630	0.00439	0.00403	0.00131	0.00533	0.00357	0.00284	0.00622

[dist]
# distance from previous block
# <min> <max>
1	15

[block]
# block no. 1 follows, 60 sequences, length 31
# corresponding to MSA columns:
# 134-164
name=unknown_B
#
# <colnr> <probs for GDERKNQSTAVLIFYWHMCP>
#	G	D	E	R	K	N	Q	S	T	A	V	L	I	F	Y	W	H	M	C	P
0	0.37854	0.01062	0.01104	0.04242	0.19119	0.11149	0.02358	0.07178	0.03125	0.01688	0.00787	0.02942	0.00649	0.00448	0.00378	0.00131	0.01917	0.00333	0.00267	0.03268
1	0.00641	0.00439	0.00587	0.00598	0.00643	0.00472	0.00423	0.00723	0.00702	0.00993	0.01354	0.07971	0.01414	0.30335	0.37864	0.05435	0.00727	0.03231	0.05113	0.00335
2	0.00957	0.00889	0.05517	0.03020	0.21804	0.02556	0.01654	0.01450	0.21762	0.05040	0.20465	0.03212	0.06154	0.00634	0.00461	0.00139	0.00385	0.01677	0.00366	0.01858
3	0.00921	0.01664	0.45899	0.03684	0.01864	0.00955	0.22533	0.01330	0.00962	0.03429	0.03434	0.04668	0.00813	0.00456	0.00447	0.00138	0.00611	0.00429	0.00226	0.05537
4	0.01371	0.23388	0.01525	0.03157	0.01300	0.16549	0.03742	0.30143	0.03777	0.01724	0.01026	0.01091	0.04390	0.00494	0.00408	0.00120	0.02039	0.00362	0.02789	0.00604
5	0.00836	0.00753	0.00925	0.00838	0.00881	0.04901	0.00644	0.02197	0.03645	0.01099	0.06541	0.06450	0.01295	0.22785	0.10605	0.00298	0.34099	0.00532	0.00261	0.00414
6	0.07383	0.00827	0.00965	0.12372	0.06584	0.05326	0.00703	0.08066	0.13765	0.11163	0.04248	0.08342	0.02347	0.12414	0.00701	0.00181	0.01735	0.00520	0.01824	0.00537
7	0.00647	0.00519	0.00725	0.00778	0.04086	0.00547	0.02225	0.00767	0.00881	0.01213	0.09605	0.46094	0.07906	0.01172	0.02622	0.00182	0.11205	0.05223	0.03200	0.00401
8	0.05519	0.07757	0.00909	0.00706	0.00920	0.00795	0.00571	0.12287	0.12122	0.05273	0.14888	0.08017	0.12592	0.02368	0.00491	0.00146	0.00335	0.08453	0.00396	0.05455
9	0.01286	0.57848	0.01929	0.00856	0.01182	0.23553	0.00769	0.01481	0.05545	0.01083	0.00691	0.00776	0.00604	0.00406	0.00320	0.00102	0.00546	0.00261	0.00211	0.00553
10	0.22588	0.00652	0.00683	0.00651	0.01928	0.00687	0.00493	0.02446	0.14199	0.04999	0.20920	0.09473	0.14039	0.00784	0.00464	0.01811	0.00290	0.02016	0.00395	0.00479
11	0.00873	0.00834	0.01414	0.65217	0.13634	0.01003	0.03813	0.01150	0.00882	0.01162	0.00773	0.01140	0.00598	0.00446	0.00495	0.00146	0.05314	0.00392	0.00198	0.00516
12	0.00536	0.00384	0.00502	0.00593	0.00623	0.00358	0.00395	0.00609	0.00832	0.01102	0.02438	0.76772	0.06207	0.05617	0.00640	0.00188	0.00260	0.01195	0.00398	0.00350
13	0.10794	0.00624	0.00737	0.00656	0.00850	0.00609	0.00504	0.01373	0.08843	0.27610	0.08054	0.13584	0.09915	0.09477	0.03016	0.00191	0.00349	0.01866	0.00424	0.00524
14	0.00544	0.00414	0.00496	0.00549	0.00625	0.00373	0.00388	0.00641	0.00909	0.01161	0.06479	0.43435	0.31288	0.05505	0.00628	0.00179	0.00256	0.05371	0.00401	0.00360
15	0.54033	0.00741	0.00624	0.00558	0.00783	0.00834	0.00450	0.07718	0.00903	0.01921	0.00893	0.01017	0.00692	0.00446	0.00294	0.00124	0.00308	0.00301	0.26884	0.00474
16	0.06831	0.00670	0.00796	0.00719	0.00887	0.00724	0.00548	0.04422	0.21106	0.14293	0.01401	0.03465	0.01189	0.14083	0.21629	0.05314	0.00574	0.00488	0.00351	0.00509
17	0.05448	0.00652	0.00743	0.00657	0.00858	0.00644	0.00513	0.10105	0.09645	0.16023	0.16213	0.09249	0.23341	0.01881	0.00499	0.00148	0.00302	0.02116	0.00441	0.00522
18	0.08674	0.00852	0.00968	0.00776	0.01067	0.00867	0.00632	0.25623	0.06534	0.31414	0.04540	0.01631	0.08884	0.00593	0.00428	0.00134	0.00371	0.00469	0.04893	0.00651
19	0.00781	0.00547	0.00604	0.00559	0.00686	0.03167	0.00419	0.05997	0.01151	0.03953	0.40193	0.04233	0.12229	0.05971	0.00568	0.00148	0.00263	0.00676	0.17426	0.00429
20	0.10534	0.00581	0.00676	0.00623	0.00792	0.00562	0.00477	0.04566	0.03145	0.17198	0.17087	0.18694	0.15150	0.04743	0.00557	0.00161	0.00296	0.03252	0.00426	0.00479
21	0.00655	0.00467	0.00543	0.00520	0.00638	0.00415	0.00374	0.00772	0.00974	0.04965	0.21515	0.09092	0.31852	0.18006	0.00853	0.00200	0.00277	0.02665	0.00393	0.04824
22	0.01802	0.00750	0.00985	0.00771	0.01087	0.00675	0.00636	0.07241	0.02473	0.68094	0.01774	0.01658	0.03756	0.00578	0.00442	0.00136	0.00369	0.02909	0.03154	0.00708
23	0.17604	0.00571	0.00647	0.00618	0.00790	0.00552	0.00476	0.01104	0.00962	0.19407	0.04396	0.26911	0.17277	0.00924	0.00469	0.00154	0.00298	0.05957	0.00411	0.00471
24	0.09932	0.00589	0.00684	0.00623	0.00785	0.00577	0.00472	0.05606	0.02939	0.16738	0.16801	0.12292	0.11867	0.13302	0.01795	0.00194	0.00329	0.03592	0.00410	0.00471
25	0.06047	0.00748	0.00915	0.00746	0.01023	0.00720	0.00601	0.09948	0.08062	0.47497	0.01721	0.08432	0.03824	0.00621	0.00432	0.00137	0.00351	0.00508	0.07014	0.00654
26	0.02914	0.00629	0.00917	0.00799	0.00922	0.00638	0.12178	0.08520	0.00946	0.01311	0.07635	0.27356	0.01885	0.25431	0.01043	0.00235	0.03507	0.00768	0.01953	0.00413
27	0.08476	0.00522	0.00616	0.00587	0.00713	0.00510	0.00429	0.02396	0.00917	0.13045	0.08593	0.18955	0.14382	0.16766	0.09462	0.00258	0.00400	0.00724	0.01825	0.00423
28	0.00737	0.00435	0.00628	0.00623	0.00678	0.00456	0.00451	0.00752	0.00715	0.04898	0.04900	0.08285	0.01268	0.05411	0.32142	0.33611	0.00655	0.00514	0.02518	0.00324
29	0.08965	0.51910	0.07396	0.00846	0.04331	0.01404	0.00781	0.05816	0.00959	0.03831	0.00705	0.00797	0.00592	0.00388	0.00313	0.00102	0.00451	0.00264	0.00228	0.09920
30	0.00780	0.00597	0.00951	0.03134	0.13384	0.00633	0.04729	0.00928	0.00785	0.04564	0.01181	0.06350	0.01124	0.09848	0.43819	0.05159	0.00833	0.00509	0.00253	0.00439

[dist]
# distance from previous block
# <min> <max>
0	4

[block]
# block no. 2 follows, 60 sequences, length 13
# corresponding to MSA columns:
# 169-173,175-182
name=unknown_C
#
# <colnr> <probs for GDERKNQSTAVLIFYWHMCP>
#	G	D	E	R	K	N	Q	S	T	A	V	L	I	F	Y	W	H	M	C	P
0	0.21896	0.07100	0.15352	0.01081	0.14045	0.00931	0.00861	0.03499	0.00933	0.06261	0.00794	0.00911	0.00617	0.00391	0.00350	0.00113	0.00431	0.00297	0.00258	0.23881
1	0.00738	0.00505	0.00638	0.06881	0.00760	0.00544	0.00418	0.04698	0.00712	0.00954	0.01157	0.02254	0.01261	0.54201	0.01859	0.17111	0.04214	0.00543	0.00250	0.00300
2	0.01014	0.16986	0.19469	0.04419	0.09042	0.01007	0.00933	0.06882	0.00993	0.01420	0.00769	0.00907	0.00617	0.00378	0.00358	0.00101	0.00462	0.00295	0.00234	0.33714
3	0.01100	0.08133	0.15811	0.05530	0.17827	0.01057	0.15185	0.05690	0.03338	0.08639	0.04666	0.02181	0.00877	0.00476	0.00503	0.00137	0.06123	0.00420	0.00269	0.02039
4	0.01396	0.01128	0.01102	0.00914	0.01190	0.10924	0.00727	0.40797	0.16434	0.06142	0.01525	0.07324	0.07169	0.00632	0.00447	0.00137	0.00450	0.00501	0.00413	0.00648
5	0.00927	0.00850	0.01405	0.17966	0.42689	0.00890	0.03375	0.01194	0.04060	0.01336	0.07174	0.01463	0.04305	0.00697	0.05316	0.04558	0.00525	0.00452	0.00248	0.00570
6	0.03557	0.05467	0.09086	0.00904	0.01221	0.10058	0.06051	0.08044	0.09017	0.01476	0.03681	0.02126	0.03322	0.00733	0.07968	0.00168	0.02924	0.00388	0.00284	0.23526
7	0.00768	0.00506	0.00691	0.00655	0.00748	0.00529	0.00497	0.00904	0.00941	0.08840	0.28439	0.09685	0.03336	0.08503	0.21474	0.03693	0.06459	0.02553	0.00364	0.00415
8	0.00790	0.00642	0.00836	0.00789	0.00931	0.00671	0.06590	0.03923	0.25283	0.01456	0.05880	0.43110	0.02166	0.00972	0.00504	0.00160	0.00321	0.00877	0.03605	0.00492
9	0.01046	0.00585	0.00780	0.00793	0.06984	0.00540	0.00554	0.01218	0.04319	0.24951	0.10891	0.14881	0.16371	0.03462	0.00625	0.05937	0.00322	0.04815	0.00421	0.00505
10	0.05488	0.00596	0.00703	0.00627	0.00806	0.00573	0.00480	0.06757	0.04002	0.16656	0.16540	0.11733	0.17973	0.06127	0.04967	0.00188	0.00345	0.00685	0.01690	0.03064
11	0.05433	0.00607	0.00704	0.00615	0.00808	0.00593	0.00481	0.09459	0.01110	0.25513	0.01577	0.13679	0.01297	0.00641	0.00393	0.00127	0.00295	0.00529	0.35603	0.00536
12	0.00646	0.00463	0.00578	0.00561	0.00666	0.00434	0.00420	0.03426	0.01166	0.01633	0.55412	0.12961	0.10691	0.00943	0.00507	0.00143	0.00228	0.03206	0.05506	0.00411

[dist]
# distance from previous block
# <min> <max>
0	1

[block]
# block no. 3 follows, 60 sequences, length 9
# corresponding to MSA columns:
# 184-192
name=unknown_D
#
# <colnr> <probs for GDERKNQSTAVLIFYWHMCP>
#	G	D	E	R	K	N	Q	S	T	A	V	L	I	F	Y	W	H	M	C	P
0	0.11489	0.00612	0.00684	0.00628	0.00805	0.00611	0.00483	0.07318	0.06342	0.11521	0.16895	0.16650	0.20234	0.00935	0.02690	0.00161	0.00310	0.00727	0.00419	0.00484
1	0.05150	0.00695	0.00799	0.00715	0.00901	0.00713	0.00549	0.19940	0.06450	0.11557	0.12487	0.27040	0.07017	0.00866	0.00477	0.00148	0.00322	0.00742	0.02901	0.00531
2	0.00624	0.00463	0.00681	0.00681	0.00752	0.00534	0.00520	0.00766	0.00695	0.00998	0.01186	0.01814	0.01134	0.10429	0.75846	0.00676	0.01103	0.00482	0.00236	0.00378
3	0.02840	0.00491	0.00571	0.00547	0.00622	0.00486	0.00367	0.00901	0.05835	0.07749	0.05656	0.04746	0.08875	0.44161	0.01480	0.07953	0.00366	0.02768	0.03230	0.00356
4	0.00713	0.00491	0.00587	0.00567	0.00693	0.00457	0.00418	0.00931	0.06955	0.07687	0.29788	0.17320	0.25268	0.05396	0.00601	0.00163	0.00253	0.00847	0.00436	0.00428
5	0.00625	0.00430	0.00553	0.00623	0.00681	0.00411	0.00445	0.00751	0.02952	0.03455	0.02370	0.54560	0.07439	0.08242	0.00688	0.00196	0.00292	0.12638	0.02273	0.00375
6	0.01191	0.01176	0.01194	0.01046	0.01274	0.24010	0.10421	0.16811	0.03389	0.01537	0.01473	0.04588	0.03509	0.00742	0.00492	0.00152	0.00556	0.25573	0.00338	0.00526
7	0.40871	0.00821	0.00782	0.00686	0.00933	0.00908	0.00548	0.11211	0.14221	0.07495	0.05440	0.07251	0.06019	0.00596	0.00379	0.00140	0.00339	0.00453	0.00366	0.00542
8	0.00829	0.00505	0.00608	0.00568	0.00721	0.00452	0.00427	0.01002	0.03756	0.16200	0.21457	0.14907	0.32250	0.03623	0.00559	0.00156	0.00260	0.00824	0.00444	0.00452

[dist]
# distance from previous block
# <min> <max>
4	5

[block]
# block no. 4 follows, 60 sequences, length 15
# corresponding to MSA columns:
# 198-212
name=unknown_E
#
# <colnr> <probs for GDERKNQSTAVLIFYWHMCP>
#	G	D	E	R	K	N	Q	S	T	A	V	L	I	F	Y	W	H	M	C	P
0	0.01109	0.00846	0.00944	0.04688	0.01091	0.05962	0.00664	0.17378	0.16593	0.06384	0.01359	0.01666	0.04647	0.03310	0.09542	0.14993	0.03731	0.04234	0.00339	0.00518
1	0.04472	0.00517	0.00632	0.00628	0.00694	0.00567	0.00442	0.00901	0.09988	0.01094	0.01437	0.13806	0.01502	0.31603	0.24686	0.03324	0.02415	0.00625	0.00292	0.00373
2	0.00758	0.00640	0.00957	0.03663	0.26480	0.00623	0.00721	0.00950	0.01046	0.01443	0.31127	0.06504	0.12303	0.06746	0.00613	0.00161	0.00344	0.04082	0.00356	0.00483
3	0.00925	0.02105	0.69119	0.05010	0.04372	0.05480	0.04254	0.01388	0.00942	0.01354	0.00781	0.00938	0.00562	0.00415	0.00418	0.00137	0.00649	0.00332	0.00189	0.00629
4	0.07991	0.00997	0.01591	0.05239	0.64078	0.01016	0.01200	0.04801	0.01027	0.05251	0.00878	0.01135	0.00720	0.00418	0.00422	0.00132	0.00496	0.01693	0.00247	0.00666
5	0.36630	0.13379	0.04342	0.00880	0.03002	0.28944	0.00719	0.05174	0.01005	0.01524	0.00662	0.00767	0.00536	0.00421	0.00330	0.00121	0.00531	0.00265	0.00246	0.00521
6	0.00939	0.00827	0.05696	0.03408	0.06429	0.04397	0.03097	0.04354	0.12001	0.08918	0.11908	0.06245	0.22522	0.00790	0.01730	0.00150	0.01990	0.00633	0.03441	0.00524
7	0.00611	0.00467	0.00562	0.00612	0.05009	0.00434	0.00392	0.00712	0.00915	0.01194	0.18259	0.07027	0.30118	0.28663	0.01078	0.00238	0.00307	0.02678	0.00363	0.00360
8	0.00725	0.00464	0.00632	0.00636	0.00713	0.00474	0.00466	0.00841	0.00828	0.08144	0.08515	0.20253	0.01918	0.18131	0.30298	0.00406	0.00628	0.05202	0.00334	0.00391
9	0.00752	0.00734	0.08387	0.06734	0.01049	0.00623	0.03944	0.05438	0.05157	0.01544	0.36444	0.04118	0.09284	0.09781	0.00674	0.00172	0.00349	0.02664	0.01695	0.00458
10	0.47189	0.00797	0.00773	0.00667	0.00934	0.00863	0.00542	0.01594	0.12104	0.21263	0.05184	0.01257	0.00977	0.00507	0.00355	0.00138	0.00339	0.01995	0.01962	0.00562
11	0.03607	0.00876	0.02692	0.01039	0.09941	0.05289	0.00741	0.07296	0.19410	0.01485	0.06234	0.11115	0.04527	0.01067	0.11834	0.00226	0.10386	0.01364	0.00333	0.00539
12	0.02889	0.06806	0.10295	0.13354	0.09239	0.02682	0.16846	0.11284	0.04878	0.02804	0.00876	0.01057	0.00672	0.00424	0.00445	0.00128	0.02666	0.00380	0.00258	0.12015
13	0.04415	0.08314	0.03040	0.08520	0.35703	0.05411	0.00977	0.01241	0.00953	0.01351	0.02279	0.01129	0.03140	0.00485	0.02500	0.00128	0.00489	0.00358	0.00233	0.19333
14	0.13320	0.38353	0.06133	0.03678	0.05627	0.01321	0.02363	0.08389	0.06580	0.07298	0.02693	0.00969	0.00745	0.00435	0.00346	0.00117	0.00450	0.00317	0.00273	0.00592

[dist]
# distance from previous block
# <min> <max>
5	28

[block]
# block no. 5 follows, 60 sequences, length 21
# corresponding to MSA columns:
# 242-262
name=unknown_F
#
# <colnr> <probs for GDERKNQSTAVLIFYWHMCP>
#	G	D	E	R	K	N	Q	S	T	A	V	L	I	F	Y	W	H	M	C	P
0	0.01520	0.02791	0.06399	0.05062	0.07294	0.01129	0.00879	0.43167	0.06692	0.17283	0.01171	0.01170	0.00822	0.00507	0.00430	0.00133	0.00464	0.00400	0.01982	0.00707
1	0.07310	0.01066	0.01124	0.00907	0.01220	0.01177	0.00734	0.42853	0.28072	0.02283	0.01236	0.01205	0.00911	0.00522	0.00418	0.00132	0.00413	0.00405	0.00413	0.07599
2	0.01122	0.03637	0.05037	0.01259	0.12562	0.01044	0.11116	0.24213	0.06604	0.01743	0.04542	0.05636	0.01043	0.02483	0.08076	0.00195	0.05553	0.00475	0.00317	0.03343
3	0.00783	0.00587	0.00769	0.00738	0.00880	0.00580	0.04104	0.03167	0.12774	0.04602	0.09114	0.29549	0.06315	0.04797	0.00596	0.00173	0.00331	0.14735	0.00401	0.05004
4	0.01039	0.01124	0.10599	0.03513	0.44881	0.06723	0.01109	0.01286	0.00996	0.04797	0.02643	0.08068	0.04151	0.00517	0.00435	0.00130	0.00493	0.00465	0.00257	0.06774
5	0.04908	0.00940	0.03754	0.24233	0.42353	0.00957	0.01156	0.01313	0.03736	0.05311	0.00936	0.04432	0.00775	0.00455	0.00428	0.00135	0.00502	0.00416	0.00244	0.03016
6	0.00808	0.00759	0.04483	0.00816	0.03679	0.05423	0.00616	0.00970	0.03958	0.01091	0.01097	0.03884	0.01084	0.22607	0.22626	0.02209	0.12988	0.00477	0.02721	0.07704
7	0.03954	0.38041	0.03944	0.00837	0.01178	0.05575	0.03694	0.14294	0.04447	0.05115	0.05589	0.01119	0.03126	0.00467	0.00361	0.00111	0.00455	0.00348	0.00288	0.07058
8	0.01063	0.31250	0.01464	0.00785	0.03514	0.05149	0.00656	0.03493	0.00946	0.01293	0.00715	0.00835	0.00614	0.00362	0.00334	0.00083	0.01693	0.00260	0.00234	0.45257
9	0.00947	0.00781	0.01033	0.03668	0.18018	0.04543	0.02589	0.04806	0.05080	0.07406	0.05622	0.10290	0.18282	0.00801	0.00539	0.00151	0.04765	0.09805	0.00351	0.00523
10	0.00619	0.00460	0.00679	0.00685	0.00756	0.00529	0.00524	0.00763	0.00705	0.01009	0.01243	0.06099	0.01209	0.07232	0.74604	0.00660	0.01083	0.00516	0.00244	0.00381
11	0.01116	0.05577	0.08898	0.04006	0.04920	0.12725	0.03053	0.04039	0.28602	0.04012	0.01306	0.05208	0.02636	0.00618	0.01704	0.00148	0.06278	0.01741	0.00323	0.03089
12	0.00586	0.00402	0.00526	0.00593	0.00639	0.00373	0.00403	0.00678	0.00890	0.03446	0.12006	0.65771	0.05281	0.05433	0.00630	0.00182	0.00258	0.01123	0.00411	0.00368
13	0.01051	0.08758	0.06375	0.10375	0.06513	0.01084	0.06892	0.07753	0.28684	0.03108	0.06934	0.01455	0.02541	0.00579	0.01498	0.00147	0.04856	0.00455	0.00332	0.00609
14	0.00617	0.00441	0.00517	0.00538	0.00646	0.00391	0.00393	0.00729	0.00967	0.05336	0.10241	0.28067	0.40103	0.04257	0.00592	0.00168	0.00254	0.04949	0.00413	0.00385
15	0.01247	0.08819	0.08772	0.06526	0.04360	0.01067	0.01884	0.18996	0.21643	0.12064	0.06254	0.01476	0.02314	0.00551	0.00432	0.00136	0.00435	0.01997	0.00379	0.00649
16	0.00756	0.00586	0.00791	0.00784	0.04849	0.00609	0.02798	0.06704	0.04780	0.01390	0.19297	0.10552	0.04968	0.12022	0.21461	0.00319	0.01782	0.01655	0.01612	0.02283
17	0.01076	0.00975	0.07065	0.07277	0.17852	0.03060	0.03314	0.10884	0.13610	0.07319	0.06589	0.05812	0.04643	0.03737	0.00520	0.00151	0.00445	0.03157	0.01918	0.00595
18	0.02971	0.35641	0.04751	0.08633	0.06465	0.05439	0.06284	0.09426	0.05799	0.01365	0.00944	0.03348	0.03022	0.00461	0.00372	0.00117	0.00495	0.00363	0.00251	0.03855
19	0.23011	0.01094	0.05215	0.03309	0.15166	0.10507	0.00799	0.09207	0.06789	0.05709	0.04523	0.01099	0.00842	0.00458	0.00378	0.00125	0.00449	0.00352	0.02707	0.08260
20	0.09021	0.01052	0.02637	0.06914	0.21460	0.05376	0.04537	0.21730	0.06846	0.05471	0.02155	0.03643	0.04475	0.00517	0.00427	0.00134	0.00475	0.00435	0.00325	0.02368

[dist]
# distance from previous block
# <min> <max>
1	15

[block]
# block no. 6 follows, 60 sequences, length 33
# corresponding to MSA columns:
# 282-314
name=unknown_G
#
# <colnr> <probs for GDERKNQSTAVLIFYWHMCP>
#	G	D	E	R	K	N	Q	S	T	A	V	L	I	F	Y	W	H	M	C	P
0	0.01140	0.02659	0.17183	0.04619	0.16257	0.05839	0.02753	0.14387	0.12929	0.04388	0.05082	0.03727	0.00995	0.00532	0.00496	0.00139	0.05506	0.00432	0.00307	0.00631
1	0.00808	0.00583	0.03148	0.00657	0.02486	0.00514	0.00486	0.05782	0.01039	0.09042	0.20437	0.19155	0.13248	0.15592	0.00801	0.00195	0.00315	0.02269	0.00397	0.03048
2	0.01179	0.01155	0.12740	0.04502	0.14773	0.03441	0.02649	0.14121	0.22931	0.08645	0.03623	0.06059	0.01103	0.00555	0.00444	0.00140	0.00461	0.00472	0.00354	0.00653
3	0.03636	0.00895	0.01398	0.14755	0.43437	0.00932	0.01067	0.03136	0.02699	0.05066	0.01036	0.03891	0.03023	0.02447	0.00507	0.00140	0.03768	0.00428	0.02023	0.05714
4	0.11679	0.01094	0.03716	0.00920	0.03090	0.03131	0.00752	0.41284	0.01460	0.02129	0.00900	0.00983	0.00681	0.00476	0.00452	0.00121	0.05785	0.00342	0.03288	0.17716
5	0.00650	0.00443	0.00549	0.00537	0.00615	0.00421	0.00378	0.00778	0.00975	0.03481	0.36043	0.08727	0.10320	0.24002	0.05462	0.00250	0.00330	0.02279	0.03387	0.00370
6	0.17883	0.00993	0.01016	0.02518	0.03897	0.09537	0.00689	0.10975	0.14010	0.30530	0.01276	0.01219	0.00889	0.00503	0.00400	0.00134	0.00423	0.00384	0.02081	0.00645
7	0.01237	0.05404	0.21263	0.05092	0.14796	0.09682	0.06162	0.07221	0.06355	0.13414	0.01850	0.01126	0.00776	0.00459	0.00435	0.00132	0.01623	0.00381	0.01954	0.00638
8	0.00679	0.00406	0.00531	0.00533	0.00547	0.00405	0.00340	0.00620	0.00655	0.00878	0.05018	0.05425	0.03585	0.35808	0.05425	0.37674	0.00415	0.00556	0.00250	0.00251
9	0.00615	0.00428	0.00482	0.00478	0.00510	0.00414	0.00289	0.00653	0.00748	0.00987	0.10111	0.03089	0.13405	0.63975	0.01798	0.00354	0.00371	0.00691	0.00307	0.00294
10	0.01204	0.58633	0.01919	0.00821	0.01147	0.07907	0.00754	0.03553	0.13633	0.02243	0.00821	0.00882	0.00694	0.00435	0.00366	0.00109	0.03767	0.00291	0.00241	0.00580
11	0.04460	0.05211	0.27001	0.02892	0.08274	0.02947	0.03777	0.06458	0.06920	0.07649	0.13481	0.01486	0.03381	0.00540	0.00452	0.00136	0.02369	0.00443	0.01529	0.00596
12	0.01308	0.24234	0.11549	0.01165	0.09894	0.23667	0.02813	0.10061	0.02427	0.04599	0.03836	0.00982	0.00762	0.00447	0.00384	0.00117	0.00574	0.00331	0.00257	0.00593
13	0.87753	0.00843	0.00641	0.00574	0.00843	0.00978	0.00472	0.01282	0.00742	0.01957	0.00607	0.00709	0.00472	0.00405	0.00270	0.00135	0.00337	0.00236	0.00270	0.00472
14	0.03051	0.00816	0.08870	0.02750	0.01056	0.00739	0.05648	0.02667	0.13583	0.01464	0.21801	0.04089	0.10555	0.06665	0.05976	0.00203	0.06590	0.02639	0.00352	0.00486
15	0.00575	0.00412	0.00511	0.00553	0.00600	0.00387	0.00372	0.00661	0.00874	0.01166	0.15688	0.39369	0.11186	0.22088	0.00963	0.00229	0.00289	0.03350	0.00382	0.00344
16	0.00799	0.03548	0.02965	0.00723	0.00881	0.05025	0.05177	0.03143	0.01111	0.04680	0.37501	0.13690	0.11688	0.00858	0.00537	0.00143	0.04267	0.00739	0.02074	0.00451
17	0.03295	0.04995	0.17990	0.02847	0.01268	0.03399	0.06690	0.01249	0.00981	0.12206	0.08765	0.04091	0.02826	0.05110	0.02922	0.00169	0.03372	0.08797	0.00312	0.08716
18	0.09864	0.23599	0.18516	0.01031	0.06711	0.06830	0.04202	0.06120	0.01011	0.04455	0.03445	0.04285	0.00807	0.00459	0.00372	0.00119	0.00497	0.00355	0.00252	0.07070
19	0.00923	0.00717	0.03102	0.08964	0.06627	0.00635	0.05754	0.02626	0.00970	0.11446	0.03574	0.25948	0.05167	0.00775	0.01617	0.00142	0.00389	0.00660	0.00339	0.19628
20	0.00618	0.00430	0.00530	0.00531	0.00572	0.00428	0.00349	0.00683	0.00785	0.01065	0.15489	0.08405	0.07843	0.43749	0.13397	0.03336	0.00466	0.00690	0.00314	0.00319
21	0.01059	0.06854	0.25820	0.01288	0.08629	0.03803	0.14616	0.04776	0.04384	0.06371	0.00939	0.01218	0.00754	0.03233	0.00650	0.06680	0.05851	0.02248	0.00247	0.00578
22	0.03473	0.03159	0.04451	0.06910	0.22344	0.11569	0.12253	0.03462	0.05945	0.07724	0.00918	0.01075	0.00711	0.00427	0.00444	0.00125	0.02700	0.00376	0.00265	0.11669
23	0.00889	0.17460	0.19759	0.03325	0.01168	0.00863	0.03009	0.01074	0.00866	0.04353	0.04910	0.03709	0.01177	0.06870	0.04421	0.13734	0.00500	0.09960	0.01486	0.00465
24	0.00566	0.00420	0.00521	0.00545	0.00624	0.00382	0.00386	0.00695	0.01011	0.01358	0.33130	0.33061	0.19547	0.04968	0.00609	0.00167	0.00236	0.00974	0.00427	0.00375
25	0.03997	0.05430	0.09181	0.02661	0.09929	0.04820	0.00854	0.22317	0.05264	0.18725	0.01309	0.10312	0.02091	0.00589	0.00434	0.00136	0.00454	0.00482	0.00374	0.00643
26	0.07401	0.06053	0.05835	0.08580	0.14784	0.15245	0.04502	0.17065	0.06981	0.04651	0.00953	0.01070	0.01767	0.00471	0.00438	0.00131	0.02801	0.00369	0.00290	0.00612
27	0.04888	0.00710	0.06365	0.02674	0.00953	0.02221	0.03125	0.05548	0.02725	0.08978	0.06477	0.35091	0.07619	0.03313	0.02589	0.00177	0.00371	0.03717	0.01995	0.00465
28	0.00721	0.00601	0.00805	0.00775	0.02533	0.00691	0.00586	0.00849	0.00903	0.02900	0.20381	0.16895	0.15252	0.02729	0.07112	0.00210	0.24563	0.00729	0.00343	0.00421
29	0.03345	0.15563	0.11298	0.01083	0.08341	0.19935	0.01843	0.06507	0.03081	0.08232	0.01872	0.00965	0.00703	0.00432	0.00393	0.00113	0.01842	0.00319	0.00267	0.13865
30	0.06793	0.08682	0.02205	0.05685	0.05579	0.01077	0.02631	0.30443	0.08088	0.08062	0.11523	0.03396	0.01287	0.00572	0.00430	0.00134	0.00424	0.01986	0.00382	0.00623
31	0.00694	0.02464	0.00615	0.00604	0.00703	0.00444	0.00443	0.00811	0.00933	0.08498	0.10666	0.41909	0.16703	0.01364	0.08968	0.00216	0.00355	0.02798	0.00402	0.00407
32	0.15283	0.04849	0.02561	0.00830	0.03116	0.07834	0.03550	0.05404	0.09183	0.15266	0.01581	0.11603	0.07551	0.03261	0.02663	0.00164	0.00426	0.02922	0.01411	0.00541

[dist]
# distance from previous block
# <min> <max>
2	67

# created by:
# /st0/software/busco_prod/Augustus/scripts/msa2prfl.pl ./align_prep/1395649.fa
