[name]
unknown

[dist]
# distance from previous block
# <min> <max>
0	38

[block]
# block no. 0 follows, 43 sequences, length 9
# corresponding to MSA columns:
# 60-68
name=unknown_A
#
# <colnr> <probs for GDERKNQSTAVLIFYWHMCP>
#	G	D	E	R	K	N	Q	S	T	A	V	L	I	F	Y	W	H	M	C	P
0	0.01127	0.01005	0.01622	0.16489	0.35618	0.01037	0.01311	0.01413	0.01196	0.01645	0.01597	0.08483	0.01580	0.04108	0.00693	0.00203	0.00601	0.15449	0.00340	0.04484
1	0.00707	0.00538	0.00635	0.00671	0.00768	0.00501	0.00466	0.00822	0.01098	0.01408	0.06918	0.26296	0.31369	0.15596	0.09345	0.00334	0.00465	0.01154	0.00464	0.00445
2	0.25136	0.01097	0.01358	0.01078	0.01456	0.01123	0.08687	0.12809	0.04453	0.27398	0.01571	0.05198	0.01183	0.04302	0.00617	0.00192	0.00524	0.00548	0.00498	0.00772
3	0.00681	0.00497	0.00641	0.00743	0.00799	0.00457	0.00505	0.00795	0.01121	0.01484	0.08954	0.66376	0.11600	0.01654	0.00697	0.00217	0.00312	0.01487	0.00521	0.00457
4	0.01320	0.01377	0.08590	0.01806	0.08929	0.01230	0.32401	0.09575	0.06629	0.03601	0.06258	0.01895	0.02997	0.00733	0.03058	0.00200	0.00727	0.02076	0.05846	0.00750
5	0.00805	0.00545	0.00662	0.00693	0.00801	0.00493	0.00491	0.00892	0.01130	0.04936	0.06888	0.29504	0.29133	0.07846	0.01005	0.09169	0.00352	0.03719	0.00483	0.00453
6	0.01442	0.01239	0.01758	0.08665	0.35603	0.01323	0.01300	0.17078	0.13907	0.02191	0.01451	0.06689	0.01212	0.00663	0.00558	0.00173	0.00585	0.00588	0.02744	0.00830
7	0.02106	0.00862	0.01129	0.00904	0.01253	0.00772	0.00726	0.02361	0.04361	0.58376	0.02140	0.04376	0.01500	0.05967	0.00691	0.00193	0.00445	0.00602	0.10402	0.00835
8	0.01354	0.20348	0.17064	0.04920	0.06820	0.07040	0.07956	0.03389	0.16825	0.01772	0.03207	0.01519	0.02755	0.00597	0.00510	0.00162	0.00656	0.00491	0.01854	0.00763

[dist]
# distance from previous block
# <min> <max>
0	1

[block]
# block no. 1 follows, 43 sequences, length 10
# corresponding to MSA columns:
# 70,73-81
name=unknown_B
#
# <colnr> <probs for GDERKNQSTAVLIFYWHMCP>
#	G	D	E	R	K	N	Q	S	T	A	V	L	I	F	Y	W	H	M	C	P
0	0.00773	0.00556	0.00709	0.00795	0.00861	0.00536	0.00553	0.04842	0.01164	0.01547	0.04761	0.63433	0.06265	0.05326	0.00797	0.00235	0.00355	0.05503	0.00510	0.00477
1	0.02835	0.06891	0.47517	0.01477	0.03621	0.05704	0.03429	0.06497	0.09571	0.05536	0.01191	0.01294	0.00864	0.00564	0.00522	0.00171	0.00737	0.00442	0.00319	0.00818
2	0.20765	0.02113	0.01393	0.03721	0.01621	0.51840	0.00967	0.05174	0.01457	0.04908	0.00917	0.01043	0.00726	0.00566	0.00470	0.00153	0.00822	0.00363	0.00325	0.00657
3	0.00737	0.00555	0.00681	0.00669	0.00803	0.00500	0.00494	0.00947	0.01428	0.01935	0.49324	0.13013	0.24341	0.01273	0.00660	0.00183	0.00273	0.01111	0.00573	0.00500
4	0.03683	0.04735	0.10174	0.01289	0.05816	0.03522	0.01055	0.02612	0.51541	0.06638	0.01895	0.01802	0.01414	0.00684	0.00542	0.00180	0.00518	0.00559	0.00489	0.00853
5	0.03455	0.13212	0.16810	0.04201	0.13975	0.25537	0.05752	0.05337	0.03663	0.01680	0.00983	0.01167	0.00783	0.00538	0.00504	0.00156	0.00791	0.00416	0.00288	0.00749
6	0.00689	0.00502	0.00650	0.00740	0.00802	0.00463	0.00506	0.00815	0.01157	0.01544	0.14493	0.61478	0.10894	0.01612	0.00694	0.00214	0.00308	0.01449	0.00529	0.00463
7	0.02444	0.01243	0.10495	0.29264	0.07898	0.01192	0.03920	0.11185	0.01338	0.01860	0.06859	0.01764	0.02984	0.00948	0.07189	0.00239	0.04412	0.00549	0.03535	0.00681
8	0.01284	0.01021	0.01163	0.00897	0.01328	0.00897	0.00713	0.04062	0.17445	0.06662	0.01596	0.01625	0.05173	0.00563	0.00470	0.00119	0.00419	0.00458	0.00418	0.53685
9	0.01474	0.19904	0.16758	0.01183	0.01617	0.10277	0.03012	0.09862	0.06514	0.06933	0.04742	0.03768	0.05695	0.02692	0.00611	0.00172	0.03145	0.00532	0.00373	0.00735

[dist]
# distance from previous block
# <min> <max>
0	1

[block]
# block no. 2 follows, 43 sequences, length 7
# corresponding to MSA columns:
# 83,87-92
name=unknown_C
#
# <colnr> <probs for GDERKNQSTAVLIFYWHMCP>
#	G	D	E	R	K	N	Q	S	T	A	V	L	I	F	Y	W	H	M	C	P
0	0.16673	0.08817	0.01488	0.01238	0.06457	0.01488	0.00944	0.10259	0.28334	0.02191	0.01411	0.01481	0.01105	0.00684	0.00686	0.00181	0.12477	0.00487	0.02833	0.00766
1	0.01343	0.10628	0.25128	0.04065	0.01841	0.07222	0.03455	0.01736	0.02948	0.06845	0.01068	0.01208	0.00818	0.00499	0.00473	0.00135	0.00636	0.00390	0.00311	0.29249
2	0.06357	0.35110	0.24538	0.01181	0.01709	0.01676	0.01265	0.06317	0.01242	0.08703	0.00999	0.01115	0.00778	0.00559	0.00541	0.00155	0.06307	0.00380	0.00304	0.00764
3	0.01211	0.04339	0.01189	0.01080	0.05095	0.08858	0.00767	0.08680	0.01168	0.03760	0.03428	0.02292	0.01458	0.27428	0.18429	0.00449	0.08854	0.00610	0.00345	0.00557
4	0.03610	0.06521	0.01620	0.20984	0.02117	0.05268	0.06094	0.03859	0.09223	0.04773	0.01145	0.01360	0.00895	0.00556	0.00576	0.00151	0.05487	0.00446	0.00337	0.24978
5	0.00954	0.00537	0.00723	0.00716	0.00752	0.00538	0.00473	0.00891	0.00840	0.05295	0.01505	0.08093	0.01587	0.29326	0.09934	0.35881	0.00590	0.00688	0.00324	0.00353
6	0.00919	0.00814	0.07411	0.06149	0.01204	0.00753	0.00795	0.01047	0.00930	0.01323	0.01463	0.05054	0.01443	0.12022	0.22678	0.18324	0.05690	0.05857	0.05662	0.00464

[dist]
# distance from previous block
# <min> <max>
0	2

[block]
# block no. 3 follows, 43 sequences, length 28
# corresponding to MSA columns:
# 102-123,132-137
name=unknown_D
#
# <colnr> <probs for GDERKNQSTAVLIFYWHMCP>
#	G	D	E	R	K	N	Q	S	T	A	V	L	I	F	Y	W	H	M	C	P
0	0.00742	0.00517	0.00653	0.00726	0.00760	0.00498	0.00479	0.00828	0.01023	0.01370	0.07752	0.43540	0.03174	0.28699	0.01431	0.00330	0.00404	0.06193	0.00459	0.00420
1	0.01333	0.04685	0.02239	0.08171	0.62549	0.01327	0.05275	0.01663	0.01248	0.01754	0.01099	0.01540	0.00943	0.00533	0.00553	0.00168	0.00669	0.03137	0.00280	0.00833
2	0.00727	0.00531	0.00665	0.00712	0.00796	0.00491	0.00500	0.00873	0.01217	0.01630	0.24231	0.35739	0.14946	0.09946	0.00913	0.00240	0.00330	0.04528	0.00522	0.00464
3	0.01289	0.01374	0.06113	0.04183	0.40247	0.01281	0.22962	0.01739	0.05523	0.01848	0.06845	0.01647	0.01229	0.00551	0.00587	0.00174	0.00706	0.00582	0.00315	0.00804
4	0.01032	0.00516	0.00516	0.00516	0.00645	0.00516	0.00387	0.01290	0.01161	0.02065	0.01807	0.02065	0.01420	0.00645	0.00387	0.00129	0.00258	0.00516	0.83611	0.00516
5	0.14754	0.01140	0.01146	0.01032	0.01324	0.03561	0.00816	0.12434	0.36761	0.02357	0.03452	0.07524	0.01694	0.00827	0.00546	0.00186	0.00465	0.06080	0.03143	0.00758
6	0.02021	0.02065	0.01669	0.01541	0.08517	0.39300	0.01120	0.32734	0.01975	0.02290	0.01071	0.01171	0.00824	0.00603	0.00527	0.00154	0.00805	0.00428	0.00397	0.00789
7	0.01032	0.00516	0.00516	0.00516	0.00645	0.00516	0.00387	0.01290	0.01161	0.02065	0.01807	0.02065	0.01420	0.00645	0.00387	0.00129	0.00258	0.00516	0.83611	0.00516
8	0.42007	0.01187	0.01284	0.27774	0.02142	0.06837	0.02975	0.04161	0.01109	0.02014	0.00878	0.01146	0.00678	0.00551	0.00492	0.00176	0.03265	0.00393	0.00308	0.00624
9	0.01166	0.04931	0.67615	0.01517	0.02277	0.01330	0.01898	0.03594	0.07188	0.01827	0.01096	0.01237	0.00787	0.00546	0.00525	0.00175	0.00777	0.00425	0.00268	0.00823
10	0.01128	0.05906	0.09053	0.01115	0.03999	0.00960	0.06651	0.01640	0.13728	0.06623	0.29564	0.06045	0.06184	0.00875	0.00590	0.00173	0.00456	0.00769	0.00489	0.04053
11	0.01578	0.01350	0.01546	0.01271	0.01539	0.03871	0.01038	0.27611	0.16333	0.02325	0.01265	0.01410	0.01000	0.00760	0.00967	0.00188	0.27094	0.00500	0.00424	0.07931
12	0.01424	0.40111	0.15090	0.01226	0.06350	0.01665	0.01146	0.06269	0.01245	0.04214	0.00940	0.01078	0.00774	0.00508	0.00469	0.00134	0.03006	0.00360	0.00288	0.13701
13	0.01632	0.07082	0.02018	0.02271	0.35890	0.16154	0.04016	0.09768	0.05281	0.05277	0.01120	0.01318	0.00897	0.00568	0.00590	0.00163	0.04337	0.00469	0.00336	0.00813
14	0.01010	0.04564	0.00913	0.00853	0.04071	0.00648	0.00567	0.00948	0.02309	0.03309	0.01397	0.04696	0.04287	0.11549	0.05380	0.50365	0.00531	0.00585	0.00297	0.01722
15	0.01039	0.01017	0.01526	0.01234	0.01472	0.06066	0.19185	0.01312	0.01375	0.01853	0.34780	0.03034	0.11660	0.00940	0.00793	0.00185	0.10664	0.00825	0.00448	0.00591
16	0.09448	0.13856	0.01407	0.01004	0.01246	0.09025	0.04453	0.04983	0.01121	0.01549	0.01395	0.01836	0.04337	0.05322	0.36069	0.00503	0.01026	0.00523	0.00313	0.00582
17	0.00791	0.00566	0.00678	0.00677	0.00814	0.00508	0.00497	0.00963	0.01315	0.04653	0.28678	0.16779	0.30255	0.06705	0.00809	0.00214	0.00314	0.03750	0.00541	0.00494
18	0.01677	0.06515	0.01495	0.05644	0.01638	0.17143	0.00964	0.22428	0.22785	0.03778	0.03851	0.01696	0.03589	0.00688	0.00533	0.00165	0.00611	0.00530	0.03482	0.00786
19	0.08519	0.01062	0.10987	0.17449	0.01848	0.00906	0.05935	0.01292	0.04306	0.01631	0.01913	0.35030	0.02021	0.01049	0.00599	0.00196	0.00531	0.00938	0.00386	0.03401
20	0.03794	0.06050	0.02137	0.00938	0.01138	0.05725	0.00727	0.13528	0.07300	0.03474	0.01886	0.14835	0.01923	0.21258	0.05018	0.00312	0.00582	0.08350	0.00431	0.00594
21	0.01176	0.13444	0.62648	0.01501	0.02248	0.01417	0.04124	0.01780	0.03596	0.01711	0.01008	0.01170	0.00739	0.00524	0.00508	0.00168	0.00779	0.00408	0.00246	0.00803
22	0.01628	0.01448	0.07529	0.06683	0.09356	0.04129	0.03785	0.30032	0.11032	0.06132	0.01527	0.04916	0.01237	0.00733	0.00611	0.00181	0.03052	0.04709	0.00455	0.00823
23	0.01265	0.01193	0.01311	0.03665	0.01429	0.13319	0.05773	0.03622	0.13018	0.04503	0.14179	0.04757	0.08825	0.02712	0.06542	0.00245	0.10954	0.01621	0.00429	0.00639
24	0.04555	0.07952	0.23737	0.01191	0.01764	0.03479	0.06545	0.01697	0.01208	0.08436	0.01074	0.01210	0.00815	0.00486	0.00470	0.00133	0.00606	0.00393	0.00321	0.33926
25	0.03494	0.00761	0.03347	0.00970	0.01161	0.00688	0.06696	0.01196	0.04407	0.04107	0.12008	0.24518	0.13034	0.01311	0.00676	0.00212	0.00435	0.19930	0.00499	0.00550
26	0.01514	0.07325	0.02034	0.02100	0.30558	0.01425	0.08412	0.18296	0.10006	0.02202	0.01224	0.01392	0.00961	0.00548	0.00532	0.00157	0.00617	0.00492	0.00373	0.09831
27	0.53382	0.03603	0.01166	0.06243	0.06396	0.04423	0.00826	0.05465	0.05317	0.05514	0.00977	0.01109	0.00749	0.00555	0.00442	0.00171	0.02256	0.00371	0.00362	0.00672

[dist]
# distance from previous block
# <min> <max>
0	1

[block]
# block no. 4 follows, 43 sequences, length 15
# corresponding to MSA columns:
# 139,140,142,146-152,161-165
name=unknown_E
#
# <colnr> <probs for GDERKNQSTAVLIFYWHMCP>
#	G	D	E	R	K	N	Q	S	T	A	V	L	I	F	Y	W	H	M	C	P
0	0.38252	0.01512	0.01244	0.01044	0.01411	0.16623	0.00840	0.23205	0.01596	0.07994	0.01053	0.01116	0.00778	0.00582	0.00451	0.00164	0.00597	0.00388	0.00418	0.00732
1	0.01236	0.01109	0.01648	0.54254	0.10499	0.04348	0.01402	0.03924	0.04464	0.04880	0.01103	0.01464	0.00831	0.00557	0.00542	0.00173	0.00691	0.00485	0.00298	0.06091
2	0.60661	0.01117	0.01049	0.00987	0.06116	0.01238	0.00742	0.08870	0.01205	0.12094	0.01023	0.01097	0.00749	0.00549	0.00404	0.00170	0.00466	0.00364	0.00402	0.00694
3	0.14040	0.03745	0.26264	0.01256	0.01762	0.01370	0.03472	0.22755	0.06150	0.02398	0.06616	0.01476	0.01167	0.00731	0.02774	0.00194	0.02169	0.00486	0.00393	0.00785
4	0.02128	0.01100	0.01215	0.00988	0.01329	0.10272	0.00776	0.02363	0.04926	0.53079	0.01959	0.02049	0.01403	0.12789	0.00893	0.00224	0.00544	0.00573	0.00578	0.00811
5	0.01960	0.02187	0.01596	0.01387	0.01676	0.49885	0.01077	0.18890	0.03773	0.01869	0.00988	0.01128	0.00794	0.00643	0.00664	0.00161	0.09846	0.00411	0.00350	0.00713
6	0.00780	0.00539	0.00674	0.00732	0.00766	0.00534	0.00492	0.00857	0.00957	0.01275	0.02300	0.26536	0.02649	0.41315	0.05656	0.00419	0.00517	0.12186	0.00413	0.00404
7	0.00764	0.00559	0.00711	0.00691	0.00808	0.00523	0.00505	0.00973	0.01387	0.01920	0.52000	0.09503	0.12787	0.08290	0.05893	0.00257	0.00371	0.01018	0.00548	0.00493
8	0.01260	0.00943	0.02714	0.01128	0.01381	0.00920	0.10108	0.15342	0.01442	0.06665	0.03832	0.03318	0.08154	0.05320	0.03286	0.12085	0.00587	0.20467	0.00445	0.00604
9	0.01464	0.01346	0.02176	0.12496	0.61761	0.01376	0.01655	0.07054	0.01390	0.01957	0.01138	0.01492	0.00943	0.00569	0.00584	0.00182	0.00690	0.00520	0.00320	0.00889
10	0.01116	0.00580	0.00581	0.00577	0.00713	0.00568	0.00427	0.01349	0.01213	0.02135	0.01879	0.02167	0.01490	0.00699	0.00424	0.00145	0.00289	0.00542	0.82549	0.00560
11	0.01482	0.01292	0.02131	0.14670	0.59618	0.01308	0.01633	0.01782	0.01311	0.07313	0.01198	0.01536	0.00970	0.00572	0.00585	0.00183	0.00682	0.00524	0.00328	0.00882
12	0.01000	0.00876	0.02986	0.00946	0.01054	0.07881	0.00705	0.02672	0.01199	0.01535	0.02578	0.41194	0.02933	0.14038	0.01058	0.00284	0.00506	0.15546	0.00482	0.00527
13	0.01116	0.00580	0.00581	0.00577	0.00713	0.00568	0.00427	0.01349	0.01213	0.02135	0.01879	0.02167	0.01490	0.00699	0.00424	0.00145	0.00289	0.00542	0.82549	0.00560
14	0.12492	0.01398	0.01760	0.01846	0.22402	0.01490	0.03299	0.32691	0.04051	0.06645	0.01309	0.01470	0.01003	0.00741	0.02434	0.00202	0.02906	0.00511	0.00459	0.00891

[dist]
# distance from previous block
# <min> <max>
3	22

[block]
# block no. 5 follows, 43 sequences, length 9
# corresponding to MSA columns:
# 189-192,195-199
name=unknown_F
#
# <colnr> <probs for GDERKNQSTAVLIFYWHMCP>
#	G	D	E	R	K	N	Q	S	T	A	V	L	I	F	Y	W	H	M	C	P
0	0.01874	0.01480	0.01522	0.01223	0.01573	0.07722	0.00989	0.51565	0.07382	0.02869	0.01309	0.01398	0.00981	0.00768	0.00737	0.05803	0.05881	0.00495	0.03603	0.00828
1	0.01423	0.00706	0.00912	0.00813	0.01059	0.00622	0.00637	0.01613	0.01414	0.31858	0.16048	0.15214	0.18883	0.01128	0.00630	0.00188	0.00373	0.05215	0.00599	0.00666
2	0.01537	0.38778	0.06475	0.01373	0.10835	0.01791	0.01111	0.16111	0.11000	0.01955	0.01178	0.01359	0.00974	0.00583	0.00466	0.00149	0.00594	0.02580	0.00353	0.00797
3	0.00675	0.00555	0.00583	0.00588	0.00750	0.00475	0.00430	0.00815	0.01249	0.01527	0.11096	0.09980	0.62046	0.05812	0.00778	0.00208	0.00296	0.01161	0.00512	0.00464
4	0.00864	0.00945	0.10196	0.01266	0.13875	0.00718	0.00895	0.01104	0.01229	0.01658	0.12952	0.27743	0.19019	0.01218	0.00642	0.00195	0.00429	0.04018	0.00453	0.00583
5	0.01480	0.08471	0.17280	0.06066	0.12903	0.01273	0.05596	0.12389	0.03570	0.11584	0.01401	0.08158	0.01149	0.00659	0.00541	0.00167	0.00625	0.00564	0.00386	0.05736
6	0.12994	0.22243	0.08515	0.01106	0.04177	0.06384	0.00967	0.05183	0.06147	0.08661	0.06194	0.01383	0.01151	0.00588	0.00492	0.00149	0.02705	0.00428	0.00368	0.10166
7	0.01518	0.01257	0.01385	0.06354	0.01636	0.04321	0.00929	0.25938	0.15597	0.02369	0.01428	0.01691	0.01146	0.02358	0.00621	0.00163	0.03550	0.03915	0.00444	0.23379
8	0.01089	0.01059	0.04076	0.04229	0.08467	0.10983	0.00817	0.01363	0.05458	0.04641	0.09572	0.12705	0.23060	0.04906	0.02947	0.00220	0.00524	0.02852	0.00443	0.00590

[dist]
# distance from previous block
# <min> <max>
7	11

[block]
# block no. 6 follows, 43 sequences, length 29
# corresponding to MSA columns:
# 222-233,235-237,243-248,251,264-270
name=unknown_G
#
# <colnr> <probs for GDERKNQSTAVLIFYWHMCP>
#	G	D	E	R	K	N	Q	S	T	A	V	L	I	F	Y	W	H	M	C	P
0	0.22902	0.06322	0.18106	0.04926	0.06160	0.08940	0.01130	0.01830	0.01208	0.12915	0.01121	0.02592	0.00850	0.00558	0.00466	0.00159	0.00612	0.00413	0.00350	0.08441
1	0.01484	0.07163	0.07020	0.05684	0.34695	0.02463	0.09253	0.06326	0.09041	0.08077	0.01252	0.01443	0.00967	0.00557	0.00570	0.00169	0.02145	0.00508	0.00348	0.00837
2	0.06571	0.00809	0.00992	0.03991	0.06388	0.00844	0.00660	0.10869	0.01149	0.05489	0.01500	0.03992	0.01498	0.37515	0.06647	0.06575	0.00601	0.00649	0.00369	0.02892
3	0.01412	0.01276	0.02223	0.07801	0.32614	0.01286	0.21248	0.07523	0.03473	0.06352	0.01230	0.01619	0.00995	0.06321	0.00763	0.00201	0.01976	0.00567	0.00332	0.00789
4	0.01300	0.01177	0.01432	0.01531	0.16305	0.03396	0.02915	0.02283	0.42386	0.02066	0.04752	0.02111	0.06967	0.00718	0.00557	0.00172	0.00490	0.00619	0.00468	0.08356
5	0.00725	0.00586	0.00659	0.00657	0.00833	0.00503	0.00495	0.00889	0.01264	0.01608	0.13568	0.15482	0.47258	0.01353	0.00651	0.00188	0.00309	0.05947	0.00512	0.06512
6	0.00939	0.00599	0.00749	0.00726	0.00878	0.00551	0.00538	0.01175	0.03519	0.09519	0.35183	0.21886	0.15184	0.01237	0.00641	0.00186	0.00305	0.01084	0.04553	0.00549
7	0.05792	0.05304	0.21649	0.01241	0.04093	0.01182	0.04662	0.10364	0.12141	0.05769	0.12650	0.02186	0.09124	0.00750	0.00556	0.00174	0.00557	0.00622	0.00432	0.00751
8	0.00761	0.00533	0.00602	0.00621	0.00657	0.00513	0.00376	0.00799	0.00918	0.01193	0.02578	0.14959	0.14734	0.55964	0.02153	0.00434	0.00463	0.00977	0.00391	0.00374
9	0.01376	0.58870	0.23988	0.01126	0.01697	0.01936	0.01257	0.01685	0.01138	0.01430	0.00833	0.00968	0.00708	0.00489	0.00404	0.00135	0.00656	0.00328	0.00236	0.00741
10	0.05752	0.00573	0.00583	0.00560	0.00713	0.00575	0.00422	0.01370	0.01157	0.06519	0.01769	0.02064	0.01399	0.04465	0.00511	0.00153	0.00294	0.00520	0.70062	0.00538
11	0.01046	0.00984	0.01661	0.79205	0.03814	0.01230	0.01538	0.01415	0.01107	0.01415	0.00984	0.01477	0.00738	0.00554	0.00554	0.00185	0.00738	0.00492	0.00246	0.00615
12	0.84448	0.01071	0.00814	0.00728	0.01071	0.01242	0.00600	0.01628	0.00943	0.02485	0.00771	0.00900	0.00600	0.00514	0.00343	0.00171	0.00428	0.00300	0.00343	0.00600
13	0.00810	0.00537	0.00683	0.00746	0.00840	0.00504	0.00549	0.00953	0.01172	0.03291	0.10352	0.37372	0.13078	0.01471	0.00746	0.04866	0.00343	0.11704	0.09509	0.00475
14	0.01139	0.07457	0.71010	0.01564	0.02354	0.01343	0.04156	0.01749	0.01171	0.01728	0.00984	0.01162	0.00706	0.00521	0.00520	0.00172	0.00808	0.00410	0.00235	0.00810
15	0.00996	0.00802	0.00942	0.00761	0.01066	0.00647	0.00558	0.01160	0.01053	0.01571	0.01472	0.13359	0.01527	0.19980	0.01036	0.00213	0.00428	0.00627	0.00357	0.51445
16	0.00987	0.00805	0.00890	0.00831	0.01025	0.02254	0.00628	0.03357	0.23317	0.02071	0.34079	0.08096	0.15182	0.03150	0.00682	0.00192	0.00349	0.00923	0.00561	0.00621
17	0.05315	0.32129	0.33483	0.01521	0.11774	0.01618	0.01479	0.01732	0.01166	0.03795	0.00939	0.01097	0.00743	0.00506	0.00456	0.00152	0.00683	0.00376	0.00258	0.00778
18	0.00814	0.00536	0.00620	0.00620	0.00623	0.00539	0.00355	0.00807	0.00804	0.01075	0.01693	0.03468	0.01934	0.73641	0.05273	0.05189	0.00565	0.00780	0.00329	0.00336
19	0.01451	0.10397	0.03400	0.04402	0.14819	0.01378	0.09207	0.24963	0.01667	0.02235	0.07110	0.01896	0.07313	0.00931	0.06184	0.00218	0.00671	0.00587	0.00404	0.00767
20	0.01271	0.00939	0.01119	0.00823	0.01267	0.00728	0.00652	0.01500	0.01195	0.10567	0.03890	0.01480	0.01110	0.04967	0.00571	0.00121	0.00419	0.00406	0.00380	0.66593
21	0.01341	0.13190	0.11522	0.30247	0.04086	0.03672	0.08033	0.08879	0.01336	0.05924	0.01339	0.01573	0.05317	0.00599	0.00534	0.00170	0.00696	0.00508	0.00319	0.00715
22	0.31962	0.05714	0.06873	0.00973	0.01365	0.03454	0.00854	0.09281	0.10536	0.16524	0.06281	0.01506	0.01233	0.00631	0.00470	0.00170	0.00499	0.00464	0.00457	0.00751
23	0.47544	0.06002	0.18670	0.00959	0.01413	0.02598	0.00967	0.03057	0.01102	0.05767	0.01252	0.01339	0.06192	0.00591	0.00425	0.00170	0.00532	0.00405	0.00343	0.00671
24	0.00941	0.00551	0.00721	0.00712	0.00735	0.00564	0.00462	0.00910	0.06201	0.01097	0.01313	0.02349	0.01360	0.27658	0.02264	0.50456	0.00496	0.00598	0.00295	0.00318
25	0.01226	0.00987	0.03150	0.03076	0.11417	0.00959	0.06024	0.09400	0.10124	0.07697	0.11383	0.13486	0.09691	0.07883	0.00802	0.00215	0.00493	0.00833	0.00472	0.00681
26	0.06589	0.01002	0.06642	0.00932	0.01320	0.00805	0.00813	0.02217	0.01474	0.51203	0.10221	0.02158	0.04345	0.00735	0.00544	0.00169	0.00448	0.00599	0.06966	0.00820
27	0.01254	0.09374	0.18842	0.01751	0.21029	0.02369	0.03886	0.07421	0.06408	0.01953	0.14428	0.01968	0.04014	0.02221	0.00594	0.00174	0.00601	0.00583	0.00370	0.00760
28	0.56175	0.01153	0.01043	0.00878	0.01246	0.01293	0.00721	0.15231	0.05761	0.10291	0.01105	0.01147	0.00805	0.00573	0.00416	0.00171	0.00466	0.00382	0.00429	0.00713

[dist]
# distance from previous block
# <min> <max>
7	8

[block]
# block no. 7 follows, 43 sequences, length 6
# corresponding to MSA columns:
# 279,280,288-291
name=unknown_H
#
# <colnr> <probs for GDERKNQSTAVLIFYWHMCP>
#	G	D	E	R	K	N	Q	S	T	A	V	L	I	F	Y	W	H	M	C	P
0	0.07671	0.30289	0.15800	0.01140	0.01644	0.05923	0.01130	0.15603	0.01487	0.12820	0.01123	0.01172	0.00839	0.00558	0.00460	0.00150	0.00630	0.00396	0.00370	0.00795
1	0.00871	0.00587	0.00667	0.00631	0.00813	0.00516	0.00479	0.01066	0.01372	0.07518	0.27180	0.04370	0.41242	0.01188	0.00620	0.00176	0.00287	0.01005	0.08886	0.00525
2	0.01569	0.43672	0.11642	0.01276	0.01761	0.17444	0.08540	0.05431	0.01312	0.01524	0.00877	0.01027	0.00735	0.00509	0.00445	0.00139	0.00737	0.00368	0.00266	0.00725
3	0.00699	0.00492	0.00635	0.00740	0.00766	0.00466	0.00480	0.00778	0.01012	0.01350	0.02806	0.65764	0.03352	0.16569	0.01104	0.00284	0.00362	0.01430	0.00480	0.00428
4	0.01557	0.08638	0.15017	0.01416	0.03969	0.06974	0.08885	0.18552	0.19041	0.04882	0.01474	0.04631	0.01151	0.00656	0.00547	0.00172	0.00651	0.00546	0.00420	0.00821
5	0.01301	0.25842	0.49369	0.01367	0.02053	0.01589	0.01640	0.07693	0.01273	0.01762	0.00955	0.01099	0.00724	0.00522	0.00478	0.00158	0.00735	0.00383	0.00261	0.00797

[dist]
# distance from previous block
# <min> <max>
0	2

[block]
# block no. 8 follows, 43 sequences, length 23
# corresponding to MSA columns:
# 294-310,317-322
name=unknown_I
#
# <colnr> <probs for GDERKNQSTAVLIFYWHMCP>
#	G	D	E	R	K	N	Q	S	T	A	V	L	I	F	Y	W	H	M	C	P
0	0.01189	0.24592	0.52498	0.01346	0.02033	0.01495	0.01649	0.01675	0.01162	0.01613	0.01184	0.01318	0.04875	0.00560	0.00485	0.00160	0.00726	0.00419	0.00250	0.00769
1	0.00962	0.00481	0.00722	0.00722	0.00722	0.00481	0.00481	0.00722	0.00722	0.00962	0.00962	0.01684	0.00962	0.01924	0.02165	0.83886	0.00481	0.00481	0.00241	0.00241
2	0.01158	0.00874	0.04495	0.00907	0.01122	0.02246	0.00742	0.05492	0.09098	0.09619	0.18340	0.02710	0.02315	0.06204	0.22335	0.00394	0.00726	0.03965	0.06637	0.00622
3	0.01395	0.62859	0.20165	0.01093	0.01647	0.01982	0.01201	0.01680	0.01135	0.01407	0.00822	0.00953	0.00709	0.00486	0.00395	0.00132	0.00645	0.00322	0.00236	0.00736
4	0.00793	0.00583	0.00837	0.00835	0.00918	0.00660	0.00626	0.00960	0.00899	0.01282	0.04118	0.02488	0.01623	0.16942	0.62921	0.00806	0.01282	0.00643	0.00314	0.00469
5	0.01446	0.74719	0.02720	0.00915	0.01362	0.02063	0.00905	0.01630	0.01128	0.01361	0.00849	0.00978	0.00765	0.00487	0.00358	0.00119	0.00567	0.00313	0.06619	0.00696
6	0.01197	0.17947	0.57804	0.01510	0.02243	0.01471	0.07048	0.01737	0.01171	0.01668	0.00959	0.01138	0.00713	0.00512	0.00502	0.00165	0.00783	0.00405	0.00238	0.00792
7	0.01432	0.01452	0.02249	0.03146	0.65277	0.08573	0.06294	0.01753	0.01293	0.01764	0.01029	0.01344	0.00859	0.00499	0.00550	0.00164	0.00708	0.00491	0.00276	0.00847
8	0.06531	0.01143	0.02822	0.00994	0.01356	0.08712	0.00812	0.09011	0.01569	0.42982	0.04034	0.07314	0.08640	0.00809	0.00560	0.00173	0.00509	0.00651	0.00575	0.00802
9	0.27311	0.01481	0.01628	0.01674	0.17262	0.17581	0.10902	0.03868	0.01259	0.03508	0.01069	0.01469	0.00908	0.04263	0.00602	0.00186	0.00679	0.03336	0.00327	0.00687
10	0.01340	0.14286	0.34210	0.01337	0.01872	0.11716	0.06433	0.01729	0.01238	0.05907	0.01274	0.09376	0.01097	0.00661	0.00518	0.00165	0.00714	0.00536	0.04866	0.00725
11	0.01566	0.01878	0.30962	0.01268	0.01865	0.01251	0.01330	0.23718	0.01639	0.10559	0.01222	0.01291	0.00871	0.00561	0.00514	0.00153	0.00635	0.00435	0.00398	0.17885
12	0.00822	0.00606	0.00773	0.00724	0.00866	0.00577	0.00545	0.01166	0.06294	0.02227	0.72062	0.04006	0.05001	0.01108	0.00648	0.00175	0.00273	0.00978	0.00607	0.00545
13	0.32989	0.01351	0.06299	0.01032	0.01436	0.01378	0.00895	0.31297	0.05170	0.06174	0.05964	0.01394	0.01122	0.00633	0.00479	0.00171	0.00519	0.00458	0.00463	0.00775
14	0.00694	0.00566	0.00615	0.00612	0.00784	0.00487	0.00465	0.00866	0.01329	0.01661	0.20985	0.05113	0.57852	0.01350	0.00659	0.00187	0.00287	0.04472	0.00535	0.00481
15	0.01155	0.06072	0.03279	0.01448	0.14254	0.02701	0.05001	0.04465	0.11262	0.02886	0.04105	0.04155	0.01492	0.08174	0.25367	0.00429	0.00872	0.01856	0.00362	0.00662
16	0.03532	0.17201	0.57578	0.01430	0.02143	0.05671	0.01750	0.01758	0.01177	0.01669	0.00939	0.01101	0.00701	0.00519	0.00488	0.00163	0.00776	0.00382	0.00240	0.00783
17	0.00738	0.00539	0.00652	0.00680	0.00766	0.00500	0.00471	0.00869	0.01182	0.01569	0.22224	0.24528	0.18704	0.19810	0.01175	0.00278	0.00355	0.04017	0.00497	0.00448
18	0.03241	0.01861	0.29334	0.01841	0.16583	0.01325	0.08952	0.10746	0.11594	0.03935	0.04264	0.01512	0.01107	0.00589	0.00553	0.00175	0.00683	0.00515	0.00358	0.00832
19	0.01451	0.01128	0.01407	0.01182	0.01343	0.01363	0.00948	0.27566	0.01446	0.02009	0.01042	0.01446	0.00907	0.02952	0.03634	0.19993	0.28697	0.00499	0.00357	0.00630
20	0.01310	0.03650	0.19063	0.13463	0.11559	0.04902	0.25357	0.07057	0.01349	0.01823	0.02805	0.01514	0.00945	0.00553	0.00579	0.00177	0.00793	0.02048	0.00296	0.00757
21	0.00763	0.00543	0.00605	0.00606	0.00667	0.00513	0.00380	0.00816	0.00989	0.01275	0.07901	0.06016	0.23125	0.49099	0.01999	0.02542	0.00440	0.00931	0.00406	0.00385
22	0.04789	0.00965	0.03497	0.08892	0.11680	0.02222	0.02782	0.05190	0.07294	0.03194	0.19049	0.03133	0.23254	0.00930	0.00595	0.00178	0.00457	0.00797	0.00459	0.00641

[dist]
# distance from previous block
# <min> <max>
0	8

# created by:
# /st0/software/busco_prod/Augustus/scripts/msa2prfl.pl ./align_prep/1398309.fa
