[name]
unknown

[dist]
# distance from previous block
# <min> <max>
0	376

[block]
# block no. 0 follows, 55 sequences, length 11
# corresponding to MSA columns:
# 604-614
name=unknown_A
#
# <colnr> <probs for GDERKNQSTAVLIFYWHMCP>
#	G	D	E	R	K	N	Q	S	T	A	V	L	I	F	Y	W	H	M	C	P
0	0.06494	0.03602	0.05240	0.01132	0.13507	0.05611	0.04353	0.02879	0.03420	0.05596	0.07933	0.07282	0.07273	0.08712	0.00645	0.00168	0.00447	0.03527	0.00332	0.11848
1	0.01096	0.00814	0.00990	0.02410	0.01076	0.00860	0.00662	0.14628	0.05132	0.08606	0.08039	0.04519	0.09053	0.06912	0.06699	0.00210	0.12476	0.00546	0.00371	0.14901
2	0.01063	0.23981	0.37685	0.15791	0.01991	0.01302	0.04580	0.05959	0.01038	0.01406	0.00804	0.00984	0.00614	0.00439	0.00413	0.00136	0.00618	0.00344	0.00216	0.00636
3	0.11275	0.13300	0.21240	0.08962	0.01565	0.12477	0.02506	0.05665	0.02553	0.02889	0.01065	0.10852	0.00964	0.00592	0.00429	0.00143	0.00562	0.02106	0.00275	0.00580
4	0.00657	0.00485	0.00705	0.00715	0.00785	0.00550	0.00538	0.00799	0.00753	0.01072	0.01387	0.09289	0.01388	0.11247	0.66625	0.00668	0.01079	0.00590	0.00269	0.00399
5	0.00695	0.00485	0.00587	0.07894	0.00750	0.00503	0.00373	0.00723	0.00699	0.00928	0.01408	0.02882	0.01595	0.76160	0.02197	0.00424	0.00466	0.00653	0.00275	0.00303
6	0.01089	0.09014	0.21288	0.05744	0.01403	0.02812	0.01850	0.07426	0.03596	0.09763	0.03240	0.09953	0.02626	0.06861	0.03575	0.01385	0.04067	0.03410	0.00321	0.00579
7	0.01424	0.01039	0.06176	0.01205	0.03542	0.03192	0.20332	0.04211	0.05943	0.30577	0.07314	0.05780	0.01335	0.00613	0.00539	0.00153	0.03457	0.02085	0.00412	0.00668
8	0.04625	0.01250	0.01568	0.11181	0.08796	0.18150	0.14796	0.01399	0.03233	0.01294	0.00880	0.01303	0.00774	0.04540	0.00829	0.00174	0.21525	0.02890	0.00242	0.00551
9	0.07609	0.01228	0.08526	0.13238	0.12244	0.03775	0.01044	0.28370	0.03336	0.11080	0.01050	0.01157	0.00763	0.00518	0.00493	0.00146	0.03975	0.00403	0.00354	0.00692
10	0.08488	0.01083	0.04741	0.01196	0.09679	0.01056	0.08117	0.25796	0.07916	0.07332	0.01342	0.08418	0.03407	0.00596	0.00460	0.00142	0.00471	0.00507	0.00379	0.08874

[dist]
# distance from previous block
# <min> <max>
12	41

[block]
# block no. 1 follows, 55 sequences, length 6
# corresponding to MSA columns:
# 675-680
name=unknown_B
#
# <colnr> <probs for GDERKNQSTAVLIFYWHMCP>
#	G	D	E	R	K	N	Q	S	T	A	V	L	I	F	Y	W	H	M	C	P
0	0.00910	0.02730	0.01197	0.17173	0.09733	0.06751	0.07568	0.01172	0.05119	0.01360	0.06227	0.24440	0.03277	0.00792	0.00522	0.00155	0.02367	0.00708	0.04760	0.03040
1	0.00704	0.00565	0.00744	0.08667	0.01027	0.00573	0.00585	0.00917	0.05108	0.01371	0.13732	0.34367	0.11545	0.01086	0.00593	0.00168	0.04230	0.06818	0.00401	0.06800
2	0.07576	0.23333	0.10324	0.00978	0.01352	0.09653	0.06587	0.06437	0.09027	0.04833	0.01084	0.04859	0.02351	0.00512	0.00403	0.00127	0.00518	0.00400	0.00295	0.09350
3	0.01075	0.07159	0.07899	0.06424	0.07634	0.03734	0.17259	0.01315	0.01001	0.08755	0.01335	0.11194	0.05180	0.00769	0.03998	0.00179	0.10360	0.00562	0.00291	0.03878
4	0.05583	0.10216	0.23980	0.07363	0.08274	0.07070	0.13359	0.06436	0.01103	0.04704	0.01069	0.01231	0.04462	0.00556	0.02505	0.00156	0.00631	0.00413	0.00259	0.00630
5	0.01247	0.09640	0.21348	0.06101	0.03569	0.07091	0.09138	0.09515	0.10446	0.09638	0.04082	0.04040	0.01008	0.00537	0.00457	0.00143	0.00566	0.00451	0.00323	0.00659

[dist]
# distance from previous block
# <min> <max>
6	18

[block]
# block no. 2 follows, 55 sequences, length 21
# corresponding to MSA columns:
# 702-722
name=unknown_C
#
# <colnr> <probs for GDERKNQSTAVLIFYWHMCP>
#	G	D	E	R	K	N	Q	S	T	A	V	L	I	F	Y	W	H	M	C	P
0	0.05114	0.06774	0.10701	0.15047	0.19176	0.02820	0.06253	0.05191	0.02540	0.11584	0.02698	0.01262	0.01847	0.00542	0.02221	0.00152	0.00557	0.00414	0.00294	0.04812
1	0.01201	0.09894	0.30157	0.03747	0.03053	0.03109	0.03149	0.06820	0.01075	0.13440	0.01044	0.01307	0.00826	0.09864	0.00712	0.00175	0.05362	0.00404	0.00289	0.04372
2	0.00811	0.04747	0.03366	0.09915	0.09304	0.00745	0.00727	0.01157	0.11621	0.01445	0.10502	0.11950	0.22052	0.00887	0.00511	0.00157	0.00371	0.06488	0.02729	0.00513
3	0.02312	0.03498	0.09062	0.04028	0.14743	0.06785	0.12140	0.06074	0.04051	0.08711	0.08585	0.04984	0.02638	0.00638	0.02540	0.00156	0.00542	0.00506	0.03223	0.04786
4	0.01119	0.01073	0.13336	0.11129	0.09509	0.00896	0.09314	0.04423	0.04923	0.14030	0.01430	0.07540	0.04483	0.09787	0.02109	0.00197	0.03222	0.00552	0.00327	0.00598
5	0.00681	0.00531	0.03202	0.00685	0.00789	0.00443	0.00507	0.00800	0.00932	0.04253	0.02393	0.63333	0.05398	0.01271	0.00562	0.00175	0.00302	0.05069	0.00415	0.08258
6	0.00925	0.00928	0.07506	0.00871	0.01071	0.07141	0.04489	0.05939	0.09340	0.01461	0.07292	0.15853	0.03081	0.10911	0.07652	0.00242	0.01583	0.06428	0.03115	0.04171
7	0.02620	0.12457	0.23879	0.08785	0.08078	0.04373	0.08109	0.10021	0.03664	0.03730	0.02432	0.01125	0.00764	0.00548	0.02066	0.00155	0.05895	0.00392	0.00264	0.00644
8	0.02902	0.06103	0.10221	0.02695	0.05252	0.08331	0.08615	0.12173	0.04567	0.04592	0.05079	0.13477	0.07456	0.03552	0.00564	0.00161	0.01585	0.01752	0.00345	0.00580
9	0.01066	0.00833	0.01208	0.01032	0.01153	0.02756	0.06852	0.01218	0.00861	0.12998	0.01094	0.03259	0.00967	0.05107	0.25824	0.00366	0.32118	0.00484	0.00284	0.00520
10	0.02668	0.03749	0.17317	0.16890	0.19851	0.01072	0.05131	0.06892	0.06018	0.06996	0.01104	0.03516	0.00892	0.00535	0.00487	0.00151	0.02062	0.03729	0.00288	0.00652
11	0.06978	0.05978	0.05378	0.12900	0.09001	0.03614	0.07881	0.24104	0.06811	0.07257	0.01066	0.01196	0.00794	0.00593	0.03103	0.00162	0.00565	0.00415	0.01536	0.00669
12	0.01092	0.04694	0.01239	0.02713	0.07595	0.09664	0.08159	0.12042	0.01159	0.03754	0.01548	0.17738	0.04030	0.07074	0.03539	0.00200	0.04549	0.06551	0.02123	0.00536
13	0.00681	0.00456	0.00549	0.00549	0.00562	0.00469	0.00334	0.00697	0.00684	0.00925	0.01400	0.02779	0.01568	0.67404	0.14500	0.04666	0.00570	0.00636	0.00273	0.00298
14	0.04737	0.08089	0.01351	0.10273	0.03028	0.03946	0.05189	0.12254	0.02868	0.02780	0.00918	0.02530	0.00757	0.00554	0.02096	0.00137	0.09903	0.00377	0.02458	0.25754
15	0.01065	0.01217	0.08055	0.10287	0.27464	0.03363	0.32071	0.01396	0.01057	0.01442	0.01016	0.04444	0.00864	0.00489	0.00506	0.00152	0.00654	0.03579	0.00243	0.00636
16	0.00802	0.00408	0.00612	0.00612	0.00616	0.00412	0.00412	0.00616	0.00612	0.00820	0.00827	0.01432	0.00824	0.01698	0.05301	0.82732	0.00441	0.00408	0.00204	0.00211
17	0.00910	0.01717	0.05683	0.00900	0.03415	0.03311	0.03912	0.03563	0.04866	0.05886	0.06006	0.14703	0.05085	0.05443	0.05830	0.03981	0.00477	0.20642	0.03181	0.00487
18	0.00789	0.00529	0.00659	0.00693	0.04062	0.00542	0.00435	0.00896	0.03347	0.04991	0.03680	0.14988	0.01802	0.46410	0.04923	0.00344	0.03539	0.00720	0.06269	0.00384
19	0.00906	0.01560	0.38684	0.01221	0.01668	0.02578	0.15522	0.01278	0.01003	0.03134	0.02752	0.10214	0.07046	0.00882	0.07248	0.00205	0.00656	0.02585	0.00271	0.00587
20	0.00636	0.00432	0.00572	0.00661	0.00708	0.00404	0.00458	0.00730	0.00918	0.03925	0.02554	0.69600	0.05054	0.04100	0.00650	0.00197	0.00292	0.07285	0.00432	0.00393

[dist]
# distance from previous block
# <min> <max>
0	1

[block]
# block no. 3 follows, 55 sequences, length 24
# corresponding to MSA columns:
# 724-747
name=unknown_D
#
# <colnr> <probs for GDERKNQSTAVLIFYWHMCP>
#	G	D	E	R	K	N	Q	S	T	A	V	L	I	F	Y	W	H	M	C	P
0	0.01200	0.02683	0.10180	0.14776	0.04815	0.05996	0.02468	0.17449	0.02773	0.06499	0.04119	0.06019	0.03032	0.00619	0.00560	0.00149	0.08302	0.00487	0.07267	0.00606
1	0.03909	0.01229	0.15547	0.01247	0.03361	0.05528	0.23408	0.04824	0.01081	0.07323	0.01257	0.10710	0.01100	0.03648	0.00576	0.00162	0.02687	0.01754	0.10069	0.00581
2	0.76432	0.03836	0.00800	0.00670	0.00958	0.08269	0.00549	0.01412	0.00844	0.01969	0.00654	0.00763	0.00515	0.00435	0.00300	0.00140	0.00407	0.00256	0.00281	0.00510
3	0.00672	0.00457	0.00545	0.00548	0.00562	0.00469	0.00332	0.00700	0.00693	0.00937	0.01459	0.04869	0.01644	0.69158	0.14643	0.00490	0.00570	0.00665	0.00281	0.00305
4	0.09378	0.01862	0.01264	0.01107	0.01380	0.55325	0.00852	0.16693	0.03502	0.03232	0.00843	0.00924	0.00660	0.00496	0.00419	0.00127	0.00712	0.00328	0.00300	0.00595
5	0.00572	0.00442	0.00522	0.00566	0.00658	0.00392	0.00400	0.00688	0.01020	0.01309	0.14150	0.39484	0.35587	0.01272	0.00569	0.00170	0.00249	0.01114	0.00443	0.00392
6	0.00663	0.00469	0.00540	0.00601	0.00669	0.02387	0.00421	0.00787	0.00964	0.01347	0.07005	0.50573	0.10597	0.01188	0.00529	0.00166	0.00270	0.02725	0.17699	0.00399
7	0.00609	0.00434	0.00556	0.00633	0.00675	0.00411	0.00436	0.00697	0.00898	0.01187	0.05264	0.52808	0.07464	0.16107	0.00912	0.00235	0.00316	0.09581	0.00408	0.00369
8	0.00696	0.00540	0.00790	0.00773	0.00843	0.00646	0.00599	0.00845	0.00740	0.01072	0.01206	0.01838	0.01150	0.08531	0.69673	0.00681	0.08212	0.00502	0.00247	0.00415
9	0.86937	0.00900	0.00684	0.00612	0.00900	0.01044	0.00504	0.01368	0.00792	0.02087	0.00648	0.00756	0.00504	0.00432	0.00288	0.00144	0.00360	0.00252	0.00288	0.00504
10	0.00641	0.00504	0.03215	0.00643	0.00707	0.00454	0.00466	0.00732	0.00865	0.01172	0.09261	0.35961	0.05735	0.18654	0.11322	0.05579	0.00451	0.02907	0.00363	0.00370
11	0.86937	0.00900	0.00684	0.00612	0.00900	0.01044	0.00504	0.01368	0.00792	0.02087	0.00648	0.00756	0.00504	0.00432	0.00288	0.00144	0.00360	0.00252	0.00288	0.00504
12	0.01768	0.01303	0.01396	0.01070	0.01443	0.01443	0.00884	0.79197	0.02187	0.02932	0.01117	0.01117	0.00791	0.00558	0.00465	0.00140	0.00512	0.00419	0.00465	0.00791
13	0.01151	0.01105	0.01888	0.02855	0.80748	0.01105	0.01428	0.01428	0.01059	0.01520	0.00875	0.01151	0.00737	0.00415	0.00461	0.00138	0.00553	0.00415	0.00230	0.00737
14	0.00928	0.00937	0.04425	0.51292	0.17385	0.01022	0.05487	0.01220	0.00950	0.01265	0.00962	0.01361	0.02647	0.03273	0.02514	0.00177	0.02933	0.00443	0.00221	0.00557
15	0.01312	0.10424	0.05382	0.05093	0.05274	0.13945	0.06744	0.08160	0.04208	0.11650	0.06142	0.02651	0.02887	0.00608	0.01843	0.00146	0.05365	0.00444	0.02584	0.05139
16	0.00634	0.00443	0.00568	0.00635	0.00691	0.00416	0.00433	0.00759	0.02922	0.03274	0.09903	0.62114	0.08094	0.05950	0.00680	0.00196	0.00279	0.01178	0.00436	0.00399
17	0.00623	0.00456	0.00565	0.00630	0.00705	0.00425	0.00441	0.00773	0.04221	0.02643	0.06216	0.57289	0.18658	0.01326	0.00577	0.00179	0.00271	0.03156	0.00439	0.00407
18	0.01119	0.10365	0.29381	0.05207	0.01783	0.10613	0.13145	0.04370	0.07292	0.01443	0.00998	0.03962	0.00820	0.00530	0.00514	0.00148	0.05126	0.02306	0.00254	0.00624
19	0.02822	0.17669	0.11963	0.05072	0.14411	0.03378	0.11481	0.13758	0.04110	0.05524	0.01023	0.03252	0.00829	0.00500	0.00443	0.00139	0.00566	0.02103	0.00293	0.00664
20	0.00676	0.00453	0.00519	0.00519	0.00523	0.00457	0.00297	0.00684	0.00680	0.00911	0.01455	0.02984	0.01665	0.79684	0.06298	0.00466	0.00490	0.00668	0.00280	0.00288
21	0.01412	0.00840	0.02956	0.20944	0.03583	0.00851	0.03851	0.01666	0.02943	0.35197	0.06238	0.01544	0.01143	0.00578	0.00559	0.00150	0.07807	0.00470	0.06626	0.00640
22	0.02518	0.07114	0.16514	0.02469	0.07100	0.08015	0.02984	0.15316	0.13081	0.08078	0.04484	0.01370	0.03422	0.00562	0.00508	0.00145	0.04869	0.00437	0.00345	0.00671
23	0.01251	0.07527	0.11019	0.06974	0.08530	0.10272	0.07068	0.12771	0.10365	0.03897	0.02141	0.01195	0.00831	0.00616	0.01949	0.03013	0.09237	0.00413	0.00297	0.00633

[dist]
# distance from previous block
# <min> <max>
3	25

[block]
# block no. 4 follows, 55 sequences, length 13
# corresponding to MSA columns:
# 773-785
name=unknown_E
#
# <colnr> <probs for GDERKNQSTAVLIFYWHMCP>
#	G	D	E	R	K	N	Q	S	T	A	V	L	I	F	Y	W	H	M	C	P
0	0.02361	0.03276	0.02959	0.03445	0.04209	0.00873	0.04225	0.12243	0.04782	0.03656	0.01265	0.02740	0.03787	0.10570	0.17844	0.04636	0.05969	0.00484	0.02306	0.08371
1	0.03058	0.04219	0.04360	0.05648	0.11183	0.05678	0.00832	0.07260	0.18769	0.05219	0.04555	0.02999	0.07081	0.00581	0.00460	0.00134	0.01729	0.00476	0.01354	0.14407
2	0.04178	0.00643	0.00817	0.00781	0.03234	0.02063	0.03012	0.02043	0.02141	0.01479	0.22480	0.04500	0.20867	0.01309	0.13624	0.00250	0.09569	0.00692	0.05861	0.00458
3	0.00682	0.00475	0.00600	0.00621	0.00721	0.00437	0.00462	0.00832	0.01092	0.04559	0.28395	0.24963	0.18041	0.05304	0.00661	0.00184	0.00281	0.10816	0.00456	0.00419
4	0.00672	0.00517	0.00692	0.09614	0.00975	0.00503	0.00536	0.00887	0.01226	0.01683	0.57348	0.03454	0.14619	0.00945	0.00544	0.00152	0.00276	0.04454	0.00463	0.00441
5	0.00623	0.00470	0.00575	0.00558	0.00675	0.00422	0.00415	0.00805	0.01219	0.01655	0.54649	0.08924	0.25214	0.01046	0.00552	0.00152	0.00227	0.00911	0.00485	0.00422
6	0.01610	0.15262	0.01568	0.01239	0.05405	0.62553	0.03178	0.01751	0.01239	0.01161	0.00722	0.00852	0.00609	0.00461	0.00406	0.00119	0.00768	0.00304	0.00233	0.00561
7	0.77585	0.00888	0.00727	0.00636	0.00931	0.01004	0.00524	0.01467	0.00851	0.10792	0.00779	0.00847	0.00575	0.00448	0.00308	0.00144	0.00364	0.00276	0.00320	0.00536
8	0.00721	0.00547	0.00762	0.09692	0.00987	0.00631	0.00567	0.00838	0.00746	0.01047	0.01251	0.02165	0.01267	0.32917	0.35670	0.00518	0.05931	0.00548	0.02812	0.00383
9	0.00949	0.00801	0.00964	0.00990	0.09683	0.07432	0.05311	0.04169	0.06709	0.03655	0.07967	0.08100	0.03809	0.35970	0.01294	0.00277	0.00472	0.00649	0.00333	0.00465
10	0.01092	0.10074	0.01279	0.06875	0.01361	0.04059	0.04605	0.03386	0.01028	0.04579	0.00856	0.00999	0.00692	0.00382	0.00370	0.00090	0.00430	0.00309	0.00275	0.57261
11	0.27219	0.01184	0.01093	0.00917	0.01204	0.09182	0.00737	0.28668	0.15481	0.02186	0.01058	0.01131	0.00810	0.02472	0.00506	0.00153	0.04598	0.00381	0.00374	0.00644
12	0.00654	0.00487	0.00566	0.00597	0.00699	0.00458	0.00427	0.03046	0.04641	0.01394	0.09921	0.39697	0.26936	0.01195	0.00547	0.00166	0.00262	0.01046	0.06841	0.00420

[dist]
# distance from previous block
# <min> <max>
0	1

[block]
# block no. 5 follows, 55 sequences, length 12
# corresponding to MSA columns:
# 787-798
name=unknown_F
#
# <colnr> <probs for GDERKNQSTAVLIFYWHMCP>
#	G	D	E	R	K	N	Q	S	T	A	V	L	I	F	Y	W	H	M	C	P
0	0.07082	0.01475	0.06194	0.01104	0.01424	0.22389	0.05959	0.17186	0.28779	0.01878	0.01223	0.01236	0.00923	0.00537	0.00448	0.00143	0.00566	0.00418	0.00366	0.00670
1	0.00680	0.00526	0.00610	0.00606	0.00736	0.00491	0.00450	0.05361	0.02678	0.01465	0.17939	0.22345	0.33075	0.03339	0.02565	0.00184	0.00299	0.03989	0.00438	0.02224
2	0.01133	0.01077	0.01697	0.21726	0.50375	0.03409	0.01323	0.06135	0.01085	0.01493	0.00858	0.01154	0.00701	0.00461	0.00523	0.00146	0.05388	0.00411	0.00238	0.00668
3	0.01302	0.24086	0.10264	0.01153	0.03754	0.08426	0.11573	0.17938	0.01293	0.04039	0.03696	0.01281	0.05477	0.00526	0.00466	0.00133	0.03237	0.00419	0.00300	0.00637
4	0.00685	0.00482	0.00575	0.00569	0.00700	0.00426	0.00425	0.00835	0.01128	0.06246	0.27827	0.17487	0.36524	0.01122	0.00555	0.00160	0.00251	0.03109	0.00466	0.00430
5	0.00660	0.00474	0.00589	0.00634	0.00694	0.00456	0.00433	0.05129	0.00993	0.01328	0.11377	0.53613	0.07532	0.12820	0.00827	0.00216	0.00301	0.01106	0.00422	0.00396
6	0.04114	0.11068	0.02651	0.01152	0.05502	0.16980	0.09373	0.09201	0.10188	0.07152	0.01240	0.04700	0.03618	0.05282	0.00621	0.00160	0.05604	0.00468	0.00322	0.00604
7	0.03661	0.06260	0.10668	0.01048	0.05789	0.03341	0.00876	0.14387	0.25454	0.14553	0.01477	0.01441	0.02866	0.00560	0.00443	0.00142	0.00453	0.00446	0.05432	0.00702
8	0.00642	0.00557	0.00559	0.00579	0.00700	0.05011	0.00423	0.00758	0.01041	0.01270	0.09107	0.22328	0.46769	0.04084	0.00620	0.00174	0.00292	0.04265	0.00421	0.00398
9	0.03088	0.01056	0.12475	0.00925	0.03045	0.03452	0.00804	0.05314	0.14514	0.27630	0.09508	0.07780	0.04293	0.02279	0.00515	0.00155	0.00422	0.00568	0.01519	0.00659
10	0.02734	0.09988	0.30407	0.04769	0.11614	0.02475	0.01206	0.15549	0.04968	0.03802	0.04027	0.01257	0.02988	0.00509	0.00439	0.00140	0.00554	0.00406	0.01495	0.00675
11	0.02735	0.16012	0.09831	0.07406	0.01336	0.08338	0.00824	0.05062	0.03024	0.16984	0.03151	0.08393	0.08310	0.03579	0.00518	0.00153	0.00483	0.02919	0.00354	0.00588

[dist]
# distance from previous block
# <min> <max>
10	24

[block]
# block no. 6 follows, 55 sequences, length 8
# corresponding to MSA columns:
# 823-830
name=unknown_G
#
# <colnr> <probs for GDERKNQSTAVLIFYWHMCP>
#	G	D	E	R	K	N	Q	S	T	A	V	L	I	F	Y	W	H	M	C	P
0	0.07526	0.02582	0.03836	0.00818	0.01052	0.04692	0.03324	0.10522	0.03898	0.11475	0.05961	0.16474	0.14774	0.03076	0.00584	0.00161	0.04030	0.00685	0.00399	0.04132
1	0.04332	0.24502	0.20912	0.09829	0.04385	0.01252	0.04165	0.08680	0.03390	0.05493	0.02755	0.04824	0.00873	0.00508	0.00415	0.00134	0.00538	0.00405	0.00276	0.02334
2	0.01116	0.00906	0.01465	0.01165	0.01447	0.00904	0.23752	0.11512	0.05456	0.07676	0.06591	0.03590	0.03122	0.00825	0.03261	0.03312	0.03376	0.13625	0.02468	0.04430
3	0.00912	0.00564	0.00715	0.02297	0.00870	0.00543	0.00532	0.04914	0.03452	0.13099	0.13395	0.30780	0.10886	0.03691	0.02149	0.00188	0.00336	0.07458	0.02733	0.00486
4	0.02978	0.19507	0.16900	0.04182	0.04038	0.05510	0.15692	0.04204	0.04221	0.07179	0.03667	0.01148	0.00834	0.00472	0.00470	0.00135	0.03536	0.00397	0.00272	0.04657
5	0.03544	0.09181	0.02655	0.06809	0.04788	0.03612	0.03949	0.04066	0.05061	0.10140	0.01529	0.09670	0.04575	0.16561	0.05507	0.02810	0.00510	0.04187	0.00333	0.00513
6	0.00664	0.00507	0.00645	0.00626	0.00767	0.00448	0.03942	0.00804	0.01062	0.04654	0.12395	0.23255	0.42700	0.01165	0.00561	0.00166	0.00282	0.04498	0.00438	0.00423
7	0.03675	0.03358	0.07885	0.06702	0.06748	0.02962	0.02733	0.02753	0.06816	0.03310	0.05229	0.22860	0.11893	0.03355	0.03510	0.00191	0.02722	0.02431	0.00353	0.00514

[dist]
# distance from previous block
# <min> <max>
3	23

[block]
# block no. 7 follows, 55 sequences, length 14
# corresponding to MSA columns:
# 858-871
name=unknown_H
#
# <colnr> <probs for GDERKNQSTAVLIFYWHMCP>
#	G	D	E	R	K	N	Q	S	T	A	V	L	I	F	Y	W	H	M	C	P
0	0.08783	0.14715	0.12058	0.01242	0.10602	0.02795	0.08116	0.16871	0.04427	0.03438	0.02154	0.01221	0.02284	0.02666	0.03815	0.00167	0.00561	0.00403	0.00302	0.03379
1	0.02557	0.11545	0.11996	0.03597	0.01279	0.04232	0.06217	0.03033	0.04723	0.02604	0.05424	0.12900	0.04294	0.01948	0.00576	0.01981	0.05516	0.02510	0.04666	0.08403
2	0.01034	0.10922	0.14092	0.10461	0.07283	0.03623	0.07094	0.02763	0.04796	0.01380	0.02893	0.01251	0.00844	0.05946	0.00673	0.00156	0.09714	0.00401	0.00250	0.14424
3	0.00691	0.00475	0.00580	0.00608	0.00703	0.00441	0.00431	0.00855	0.04060	0.05326	0.14958	0.41043	0.19207	0.04590	0.00630	0.00180	0.00271	0.01045	0.03482	0.00423
4	0.00808	0.00615	0.00733	0.00692	0.00822	0.00664	0.00516	0.01211	0.18696	0.01423	0.09751	0.03916	0.06888	0.15327	0.21669	0.00350	0.02443	0.00600	0.09081	0.03794
5	0.00588	0.00429	0.00555	0.00627	0.00685	0.00396	0.00438	0.00701	0.00988	0.01317	0.15832	0.58300	0.11603	0.01336	0.00584	0.00179	0.00264	0.04341	0.00445	0.00392
6	0.00584	0.00450	0.00530	0.00566	0.00662	0.00402	0.00405	0.00703	0.01024	0.01315	0.15157	0.32301	0.35737	0.04473	0.00640	0.00180	0.00261	0.03781	0.00438	0.00391
7	0.00579	0.00464	0.00513	0.00518	0.00645	0.00403	0.00379	0.00711	0.01083	0.01369	0.20715	0.13670	0.52353	0.03751	0.00612	0.00168	0.00243	0.00983	0.00445	0.00397
8	0.01197	0.05420	0.01445	0.01181	0.01258	0.15807	0.00973	0.01307	0.00855	0.04017	0.00676	0.00993	0.00628	0.00725	0.01228	0.00181	0.60975	0.00382	0.00223	0.00529
9	0.01746	0.01972	0.01339	0.01164	0.01439	0.60222	0.00895	0.22613	0.01552	0.01620	0.00826	0.00914	0.00651	0.00501	0.00432	0.00125	0.00751	0.00332	0.00300	0.00607
10	0.00567	0.00455	0.00508	0.00544	0.00659	0.00396	0.00397	0.00681	0.01018	0.01259	0.05977	0.27390	0.52392	0.01258	0.00567	0.00169	0.00254	0.04682	0.00434	0.00391
11	0.01220	0.77627	0.08530	0.00837	0.01257	0.01782	0.00867	0.01399	0.00948	0.01124	0.00661	0.00765	0.00596	0.00401	0.00310	0.00103	0.00512	0.00256	0.00199	0.00604
12	0.57106	0.00948	0.00876	0.00728	0.01044	0.01045	0.00601	0.14630	0.01125	0.16655	0.00944	0.00968	0.00670	0.00479	0.00351	0.00143	0.00392	0.00319	0.00370	0.00605
13	0.01056	0.00971	0.08349	0.00901	0.01292	0.00725	0.10183	0.03651	0.01077	0.09958	0.02845	0.02913	0.10536	0.00534	0.00432	0.00113	0.00424	0.01664	0.00329	0.42046

[dist]
# distance from previous block
# <min> <max>
6	11

[block]
# block no. 8 follows, 55 sequences, length 32
# corresponding to MSA columns:
# 885-916
name=unknown_I
#
# <colnr> <probs for GDERKNQSTAVLIFYWHMCP>
#	G	D	E	R	K	N	Q	S	T	A	V	L	I	F	Y	W	H	M	C	P
0	0.01057	0.01263	0.07383	0.01764	0.02223	0.01109	0.64358	0.01429	0.01072	0.01474	0.01059	0.01332	0.03634	0.00430	0.00549	0.00151	0.02468	0.00531	0.00242	0.06472
1	0.03096	0.02319	0.02735	0.02652	0.01436	0.04561	0.15280	0.09737	0.20372	0.16892	0.03971	0.05520	0.01275	0.00664	0.00545	0.03574	0.00493	0.03821	0.00406	0.00651
2	0.00943	0.00563	0.00685	0.00659	0.00811	0.00532	0.00492	0.01172	0.07940	0.16763	0.04853	0.23733	0.20843	0.07526	0.03295	0.00205	0.00344	0.04385	0.03764	0.00493
3	0.00589	0.00410	0.00530	0.00624	0.00659	0.00385	0.00417	0.00677	0.00892	0.01212	0.02518	0.72854	0.05146	0.04614	0.00645	0.00193	0.00273	0.01232	0.05750	0.00378
4	0.11639	0.01033	0.06065	0.00883	0.01245	0.00956	0.00766	0.24288	0.01476	0.40164	0.01412	0.01324	0.00940	0.00544	0.00437	0.00141	0.00434	0.00419	0.05104	0.00733
5	0.01029	0.01029	0.04667	0.25471	0.03654	0.06243	0.18441	0.05535	0.02802	0.03800	0.01235	0.15361	0.01140	0.02739	0.00583	0.00166	0.03323	0.00601	0.01632	0.00551
6	0.00574	0.00413	0.00538	0.00630	0.00666	0.00384	0.00422	0.00659	0.00908	0.01207	0.05688	0.72644	0.07394	0.04680	0.00660	0.00196	0.00273	0.01259	0.00429	0.00377
7	0.03588	0.01015	0.06105	0.00916	0.01282	0.00913	0.00795	0.21435	0.04098	0.48086	0.02783	0.01584	0.01128	0.00594	0.00470	0.00146	0.00440	0.03356	0.00509	0.00758
8	0.04475	0.02854	0.02371	0.02542	0.04558	0.06118	0.06770	0.31928	0.04547	0.22816	0.03263	0.01313	0.00970	0.00541	0.00458	0.00140	0.00503	0.00439	0.02672	0.00721
9	0.01007	0.00777	0.01078	0.05966	0.01197	0.00862	0.07012	0.08757	0.04048	0.07169	0.09034	0.12940	0.10306	0.00819	0.00705	0.00162	0.16982	0.00659	0.09990	0.00529
10	0.02504	0.06061	0.01250	0.08740	0.10325	0.00891	0.00780	0.07951	0.01079	0.04331	0.00872	0.01031	0.00702	0.00407	0.00411	0.00100	0.02578	0.00325	0.00284	0.49378
11	0.05825	0.01349	0.04445	0.11403	0.06954	0.21872	0.10131	0.06940	0.03735	0.04653	0.00940	0.02171	0.00758	0.01815	0.00610	0.00152	0.10904	0.00411	0.04351	0.00583
12	0.00615	0.00491	0.00549	0.00539	0.00676	0.00440	0.00402	0.00809	0.04251	0.01468	0.28427	0.07081	0.47438	0.03031	0.00592	0.00163	0.00245	0.01910	0.00455	0.00418
13	0.01072	0.00960	0.01330	0.15034	0.06452	0.02857	0.00995	0.08817	0.00947	0.03336	0.00848	0.02981	0.00758	0.00952	0.07579	0.03473	0.40386	0.00437	0.00250	0.00538
14	0.00647	0.00457	0.00562	0.00613	0.00695	0.00419	0.00432	0.00770	0.02313	0.04254	0.06958	0.48060	0.22592	0.05286	0.00661	0.00190	0.00280	0.03973	0.00435	0.00404
15	0.00620	0.00468	0.00545	0.00555	0.00675	0.00414	0.00410	0.00759	0.01092	0.02942	0.23204	0.18777	0.41170	0.02617	0.00592	0.00167	0.00252	0.03880	0.00452	0.00409
16	0.01809	0.00739	0.00968	0.00763	0.01071	0.00660	0.00623	0.04905	0.01309	0.61585	0.06323	0.01698	0.01332	0.00592	0.00451	0.00139	0.00363	0.00482	0.13469	0.00717
17	0.01565	0.01202	0.01282	0.01029	0.01365	0.01348	0.00835	0.53663	0.28053	0.02604	0.01375	0.01323	0.01000	0.00583	0.00468	0.00146	0.00464	0.00454	0.00468	0.00773
18	0.00837	0.00568	0.00653	0.00602	0.00775	0.00528	0.00458	0.01119	0.09937	0.11051	0.25131	0.04453	0.37051	0.04019	0.00599	0.00164	0.00273	0.00823	0.00471	0.00488
19	0.01244	0.83930	0.02438	0.00796	0.01194	0.01841	0.00796	0.01393	0.00945	0.01095	0.00647	0.00746	0.00597	0.00398	0.00299	0.00100	0.00498	0.00249	0.00199	0.00597
20	0.01035	0.01006	0.01359	0.05062	0.01314	0.01360	0.00983	0.01355	0.14340	0.01265	0.00842	0.01152	0.00750	0.00766	0.01295	0.00193	0.64696	0.00428	0.00250	0.00548
21	0.00676	0.00552	0.00629	0.00569	0.00766	0.00460	0.00438	0.00838	0.01086	0.01445	0.19329	0.06691	0.40034	0.00960	0.00510	0.00139	0.00267	0.04472	0.00413	0.19726
22	0.01521	0.07342	0.05165	0.01121	0.01375	0.53371	0.00902	0.08257	0.01265	0.01299	0.00821	0.02168	0.00701	0.00773	0.07577	0.00182	0.05001	0.00346	0.00256	0.00557
23	0.01542	0.00773	0.00986	0.00857	0.04186	0.00744	0.00634	0.09435	0.06864	0.41321	0.05398	0.01950	0.01393	0.19038	0.02575	0.00225	0.00433	0.00530	0.00469	0.00648
24	0.03006	0.00962	0.01100	0.00886	0.02965	0.00855	0.00677	0.09651	0.09829	0.03276	0.01152	0.04291	0.00969	0.00526	0.00454	0.00118	0.02109	0.00401	0.00361	0.56411
25	0.00577	0.00419	0.00527	0.00609	0.00650	0.00388	0.00405	0.00654	0.00890	0.01166	0.02730	0.64044	0.13250	0.10420	0.00782	0.00213	0.00285	0.01206	0.00415	0.00369
26	0.00647	0.00476	0.00611	0.00666	0.00737	0.00462	0.00488	0.00762	0.00969	0.02908	0.08144	0.46853	0.16927	0.02876	0.00664	0.00188	0.04201	0.10590	0.00426	0.00404
27	0.00803	0.00426	0.00617	0.00608	0.00628	0.00415	0.00407	0.00637	0.00635	0.00858	0.00891	0.04158	0.00910	0.04569	0.01728	0.76352	0.00399	0.00438	0.00216	0.04305
28	0.01274	0.60566	0.02066	0.00837	0.01203	0.07899	0.00779	0.06869	0.04209	0.01317	0.04532	0.00958	0.00828	0.00448	0.00341	0.00107	0.00500	0.00305	0.00250	0.04711
29	0.01220	0.01058	0.01577	0.01358	0.08688	0.03121	0.19814	0.18672	0.05876	0.05939	0.06776	0.05458	0.05615	0.00693	0.02013	0.00166	0.10413	0.00559	0.00353	0.00631
30	0.11575	0.01094	0.01227	0.07588	0.10220	0.06385	0.00865	0.28417	0.04825	0.09258	0.04001	0.01440	0.02973	0.01598	0.00507	0.00149	0.03204	0.02377	0.01639	0.00658
31	0.00972	0.00847	0.01374	0.02847	0.31294	0.00860	0.07836	0.04879	0.01065	0.02833	0.03004	0.22629	0.01638	0.00823	0.00575	0.00165	0.04374	0.09879	0.01528	0.00579

[dist]
# distance from previous block
# <min> <max>
0	19

[block]
# block no. 9 follows, 55 sequences, length 18
# corresponding to MSA columns:
# 936-953
name=unknown_J
#
# <colnr> <probs for GDERKNQSTAVLIFYWHMCP>
#	G	D	E	R	K	N	Q	S	T	A	V	L	I	F	Y	W	H	M	C	P
0	0.00914	0.03609	0.02932	0.13987	0.02430	0.00818	0.06765	0.04750	0.01006	0.04838	0.04122	0.25149	0.02738	0.00935	0.03574	0.00181	0.08394	0.02551	0.03048	0.07260
1	0.01527	0.02683	0.05374	0.04936	0.05427	0.03904	0.07670	0.43158	0.10379	0.07125	0.01178	0.01220	0.00851	0.00531	0.00466	0.00143	0.00534	0.00434	0.01726	0.00734
2	0.04179	0.01096	0.01550	0.14329	0.06729	0.07491	0.18367	0.16174	0.05157	0.06863	0.01248	0.09700	0.01070	0.00609	0.00494	0.00153	0.00571	0.03262	0.00337	0.00620
3	0.00711	0.00484	0.00601	0.00597	0.00646	0.00488	0.00395	0.00773	0.00751	0.02700	0.01533	0.09131	0.01683	0.51980	0.18118	0.00457	0.00591	0.04049	0.00300	0.04013
4	0.01545	0.03635	0.01378	0.02341	0.08018	0.55764	0.03755	0.05872	0.01277	0.01320	0.00815	0.00970	0.00670	0.00551	0.02605	0.00138	0.00748	0.00335	0.04028	0.04234
5	0.00731	0.00438	0.00573	0.00574	0.00587	0.00441	0.00368	0.00672	0.00689	0.00928	0.04677	0.02370	0.01438	0.39491	0.06858	0.35812	0.00469	0.02356	0.00261	0.00267
6	0.02776	0.00548	0.00687	0.00731	0.04260	0.00529	0.00504	0.05651	0.01106	0.04584	0.19844	0.33043	0.13698	0.02238	0.03714	0.00188	0.00326	0.00936	0.04181	0.00456
7	0.00866	0.00546	0.00739	0.00722	0.00742	0.00579	0.00502	0.00769	0.00721	0.00991	0.01125	0.02033	0.01167	0.19334	0.09852	0.47326	0.07790	0.03610	0.00262	0.00324
8	0.00860	0.00756	0.01063	0.00938	0.01003	0.02288	0.04695	0.00954	0.00796	0.01137	0.04710	0.01772	0.07911	0.06150	0.16822	0.11364	0.33692	0.00514	0.02144	0.00430
9	0.01211	0.48619	0.12113	0.00970	0.01326	0.06253	0.00954	0.04105	0.05238	0.01258	0.00753	0.00890	0.00649	0.00491	0.00530	0.00128	0.13372	0.00309	0.00226	0.00606
10	0.01107	0.00655	0.00761	0.00696	0.00876	0.00627	0.00527	0.03251	0.10187	0.15474	0.20873	0.10254	0.09949	0.00859	0.00508	0.00158	0.00310	0.00711	0.21644	0.00574
11	0.01250	0.01086	0.01080	0.00934	0.01220	0.08062	0.00730	0.07776	0.53266	0.04733	0.03510	0.01557	0.01278	0.00584	0.00454	0.00142	0.00414	0.00474	0.00433	0.11017
12	0.01199	0.01053	0.01071	0.00961	0.01223	0.04661	0.00750	0.05807	0.70926	0.01940	0.01823	0.01763	0.01390	0.00639	0.00475	0.00157	0.00397	0.02580	0.00462	0.00722
13	0.00698	0.00497	0.00616	0.00609	0.00646	0.00519	0.00405	0.00754	0.00731	0.01002	0.01466	0.05386	0.01623	0.55640	0.16454	0.00459	0.03596	0.05192	0.00286	0.03419
14	0.01425	0.02088	0.15055	0.04055	0.02573	0.02582	0.05329	0.05787	0.05375	0.33667	0.03604	0.12539	0.02470	0.00671	0.00485	0.00151	0.00471	0.00575	0.00426	0.00672
15	0.01089	0.02585	0.01051	0.04206	0.01214	0.00782	0.00637	0.09105	0.04940	0.05396	0.01156	0.01245	0.05060	0.00453	0.00413	0.00096	0.02371	0.00358	0.00321	0.57524
16	0.00751	0.00581	0.00810	0.00769	0.00878	0.00655	0.00597	0.04267	0.00827	0.01191	0.01240	0.05223	0.01187	0.06667	0.60456	0.00602	0.05737	0.00517	0.00267	0.06777
17	0.03917	0.09293	0.01250	0.01084	0.09357	0.02042	0.05023	0.07325	0.25316	0.03283	0.11196	0.11237	0.04392	0.00775	0.02302	0.00163	0.00426	0.00612	0.00393	0.00615

[dist]
# distance from previous block
# <min> <max>
16	39

[block]
# block no. 10 follows, 55 sequences, length 29
# corresponding to MSA columns:
# 1004-1032
name=unknown_K
#
# <colnr> <probs for GDERKNQSTAVLIFYWHMCP>
#	G	D	E	R	K	N	Q	S	T	A	V	L	I	F	Y	W	H	M	C	P
0	0.27316	0.00919	0.01015	0.00885	0.03802	0.00967	0.02065	0.12293	0.13161	0.22480	0.01356	0.06803	0.01042	0.00582	0.00420	0.00146	0.00399	0.00456	0.00421	0.03472
1	0.03653	0.00807	0.08743	0.03232	0.12481	0.00666	0.00770	0.01108	0.04147	0.06337	0.08075	0.32883	0.02093	0.04698	0.00604	0.00177	0.00391	0.05031	0.00373	0.03730
2	0.02551	0.05174	0.17466	0.05426	0.12659	0.01183	0.03771	0.31096	0.01466	0.07108	0.01125	0.06856	0.00901	0.00559	0.00462	0.00144	0.00540	0.00463	0.00348	0.00702
3	0.33456	0.01076	0.01082	0.03918	0.01271	0.01205	0.00732	0.36031	0.07655	0.07781	0.01041	0.01067	0.00751	0.00515	0.00400	0.00144	0.00440	0.00368	0.00398	0.00670
4	0.01035	0.00573	0.00745	0.00712	0.00868	0.00536	0.00539	0.01267	0.06763	0.22285	0.16988	0.33375	0.05282	0.01052	0.00545	0.00168	0.00310	0.05943	0.00487	0.00527
5	0.05039	0.09180	0.04045	0.06075	0.09840	0.02013	0.01875	0.02636	0.13567	0.11014	0.05231	0.17182	0.07796	0.00761	0.00490	0.00152	0.01489	0.00648	0.00377	0.00588
6	0.00932	0.00847	0.01149	0.00982	0.01099	0.04180	0.08642	0.06239	0.00987	0.01354	0.11099	0.02192	0.06696	0.15221	0.07154	0.00264	0.25743	0.04437	0.00307	0.00475
7	0.00648	0.00470	0.00602	0.00577	0.00679	0.00434	0.00424	0.00842	0.01244	0.01740	0.67392	0.07524	0.09064	0.05528	0.00651	0.00166	0.00236	0.00865	0.00490	0.00424
8	0.00649	0.00436	0.00579	0.00649	0.00684	0.00422	0.00441	0.01678	0.00860	0.02174	0.02167	0.57291	0.02529	0.10429	0.05277	0.08893	0.00366	0.03726	0.00385	0.00364
9	0.01090	0.00919	0.01495	0.25547	0.19340	0.00989	0.10293	0.06585	0.05049	0.06813	0.01195	0.05968	0.01008	0.00669	0.03240	0.00174	0.01834	0.03995	0.03189	0.00608
10	0.06043	0.01283	0.01360	0.01047	0.01415	0.01423	0.00865	0.75291	0.02117	0.02890	0.01093	0.01099	0.00777	0.00552	0.00456	0.00140	0.00504	0.00410	0.00456	0.00777
11	0.00573	0.00409	0.00545	0.00644	0.00676	0.00382	0.00432	0.00663	0.00918	0.01231	0.07566	0.78221	0.03161	0.01425	0.00591	0.00186	0.00267	0.01292	0.00437	0.00382
12	0.01153	0.00939	0.01029	0.00867	0.01178	0.00978	0.00681	0.02090	0.53088	0.06164	0.01586	0.01508	0.01197	0.00546	0.00436	0.00132	0.00363	0.00451	0.00423	0.25192
13	0.04265	0.03832	0.14842	0.02026	0.01248	0.04501	0.00804	0.08070	0.04621	0.04360	0.15071	0.02296	0.01442	0.02120	0.00465	0.00127	0.00434	0.01736	0.00338	0.27403
14	0.01680	0.02108	0.01374	0.01362	0.09244	0.73842	0.00951	0.01815	0.01293	0.01176	0.00734	0.00870	0.00613	0.00473	0.00424	0.00122	0.00811	0.00311	0.00239	0.00559
15	0.04498	0.00934	0.01148	0.00893	0.01232	0.00926	0.00736	0.23180	0.02946	0.50310	0.04504	0.01486	0.01142	0.00589	0.00499	0.00145	0.03093	0.00461	0.00520	0.00759
16	0.01063	0.00968	0.01742	0.41554	0.21229	0.01048	0.16451	0.01372	0.01020	0.06460	0.00935	0.01251	0.00707	0.00447	0.00479	0.00150	0.00616	0.00444	0.01458	0.00607
17	0.24397	0.01248	0.03934	0.11823	0.13619	0.13641	0.00935	0.16526	0.01245	0.07184	0.00893	0.01025	0.00671	0.00475	0.00409	0.00140	0.00540	0.00355	0.00312	0.00628
18	0.00576	0.00446	0.00527	0.00570	0.00665	0.00396	0.00408	0.00695	0.01023	0.01312	0.13749	0.37363	0.36096	0.01268	0.00570	0.00170	0.00253	0.03078	0.00442	0.00394
19	0.00662	0.00456	0.00564	0.00575	0.00597	0.00472	0.00364	0.00707	0.00716	0.00972	0.01538	0.11574	0.01727	0.57064	0.19598	0.00487	0.00606	0.00708	0.00291	0.00322
20	0.02376	0.00897	0.01493	0.36163	0.21767	0.01699	0.08591	0.01254	0.02401	0.02589	0.01249	0.07027	0.04557	0.00593	0.00503	0.00156	0.01557	0.04294	0.00263	0.00571
21	0.00618	0.00501	0.03169	0.00634	0.00725	0.00419	0.00468	0.00744	0.00995	0.02768	0.13704	0.52225	0.17805	0.01283	0.00573	0.00175	0.00274	0.02073	0.00438	0.00407
22	0.00572	0.00425	0.00520	0.00593	0.00649	0.00388	0.00400	0.00655	0.00913	0.01179	0.02986	0.57124	0.21686	0.08714	0.00741	0.00205	0.00278	0.01183	0.00419	0.00373
23	0.02404	0.00584	0.00734	0.00667	0.00844	0.00537	0.00506	0.01291	0.04722	0.24892	0.21763	0.17609	0.12512	0.05474	0.00623	0.00172	0.00307	0.01747	0.02080	0.00531
24	0.04838	0.04451	0.18798	0.05873	0.14215	0.05853	0.11255	0.02839	0.10290	0.04873	0.02780	0.02483	0.06168	0.00549	0.00480	0.00148	0.01661	0.01514	0.00294	0.00636
25	0.00915	0.01048	0.14810	0.02632	0.02625	0.00949	0.05962	0.01175	0.02900	0.03846	0.01153	0.01813	0.01062	0.05068	0.20685	0.00329	0.22362	0.08556	0.01586	0.00523
26	0.01032	0.01106	0.02329	0.01701	0.02096	0.01052	0.62676	0.01376	0.01067	0.02791	0.04449	0.02863	0.02467	0.00768	0.08705	0.00217	0.01878	0.00574	0.00261	0.00591
27	0.00598	0.00439	0.00597	0.00672	0.00721	0.00417	0.01839	0.00695	0.00898	0.01190	0.02529	0.63989	0.07209	0.06012	0.04375	0.00228	0.00342	0.06453	0.00412	0.00383
28	0.01289	0.12530	0.24839	0.04845	0.04060	0.01132	0.07085	0.15140	0.01267	0.13952	0.03860	0.01405	0.04049	0.00535	0.00452	0.00141	0.00548	0.01862	0.00331	0.00674

[dist]
# distance from previous block
# <min> <max>
1	74

[block]
# block no. 11 follows, 55 sequences, length 43
# corresponding to MSA columns:
# 1109-1151
name=unknown_L
#
# <colnr> <probs for GDERKNQSTAVLIFYWHMCP>
#	G	D	E	R	K	N	Q	S	T	A	V	L	I	F	Y	W	H	M	C	P
0	0.04989	0.03395	0.14694	0.05901	0.15075	0.04078	0.02505	0.03928	0.00972	0.01423	0.01022	0.03619	0.00884	0.02309	0.19554	0.01261	0.00698	0.00425	0.04503	0.08765
1	0.00938	0.03056	0.08955	0.01110	0.08286	0.00831	0.11818	0.02193	0.08671	0.02844	0.11998	0.02716	0.09882	0.06929	0.00644	0.00161	0.02668	0.00561	0.03730	0.12009
2	0.63146	0.00871	0.00789	0.00666	0.00976	0.00940	0.00548	0.01571	0.00926	0.20654	0.00935	0.00960	0.00665	0.00462	0.00333	0.00141	0.00368	0.00304	0.00355	0.04390
3	0.00639	0.00474	0.00596	0.00620	0.00721	0.00439	0.00473	0.00804	0.01118	0.01491	0.33075	0.16226	0.20346	0.05004	0.00659	0.00183	0.00282	0.15984	0.00455	0.00410
4	0.01315	0.11008	0.25136	0.01103	0.05021	0.01150	0.01068	0.22751	0.01339	0.08867	0.00979	0.01049	0.00720	0.00462	0.00417	0.00125	0.00524	0.00355	0.00320	0.16292
5	0.07219	0.00507	0.00588	0.00589	0.00654	0.00527	0.00399	0.00813	0.02785	0.01161	0.05833	0.10117	0.07897	0.41322	0.16177	0.00408	0.00541	0.01779	0.00321	0.00362
6	0.01056	0.04223	0.01507	0.15196	0.17530	0.04013	0.10541	0.08519	0.02606	0.01420	0.01101	0.01455	0.03973	0.04592	0.10089	0.04065	0.06819	0.00465	0.00262	0.00567
7	0.01210	0.31661	0.12092	0.03205	0.01287	0.04262	0.00866	0.06452	0.02764	0.11134	0.04823	0.10830	0.01286	0.00650	0.00430	0.00137	0.00482	0.05506	0.00325	0.00601
8	0.00603	0.00418	0.00541	0.00620	0.00643	0.00397	0.00406	0.00662	0.00847	0.01132	0.03790	0.61089	0.02727	0.18030	0.01000	0.03653	0.00313	0.02381	0.00394	0.00354
9	0.00789	0.00691	0.00792	0.00778	0.00872	0.09880	0.00591	0.00935	0.00807	0.01071	0.01205	0.01822	0.01145	0.10251	0.65432	0.00649	0.01129	0.00491	0.00251	0.00418
10	0.01252	0.01328	0.04985	0.12320	0.07991	0.13173	0.25913	0.11684	0.04335	0.02684	0.00948	0.01208	0.00739	0.00511	0.00584	0.01310	0.06810	0.01331	0.00274	0.00622
11	0.01130	0.03177	0.04473	0.08520	0.20999	0.01727	0.04436	0.03987	0.11107	0.12024	0.02690	0.11656	0.07339	0.00758	0.02809	0.00169	0.01421	0.00596	0.00355	0.00628
12	0.01441	0.00617	0.00750	0.00628	0.00856	0.00572	0.00501	0.03590	0.01167	0.37615	0.01651	0.01651	0.01164	0.00558	0.00393	0.00125	0.00305	0.00449	0.45362	0.00604
13	0.00953	0.00837	0.02433	0.46761	0.11820	0.00942	0.01099	0.03852	0.02383	0.04494	0.12831	0.04791	0.01331	0.00590	0.00512	0.00153	0.02857	0.00516	0.00291	0.00552
14	0.02744	0.17386	0.50177	0.01153	0.01714	0.04785	0.01354	0.06467	0.01091	0.07729	0.00888	0.00983	0.00646	0.00453	0.00415	0.00136	0.00619	0.00337	0.00247	0.00675
15	0.02355	0.16958	0.23380	0.12448	0.14775	0.01186	0.05033	0.04946	0.01081	0.11098	0.00962	0.01145	0.00728	0.00462	0.00431	0.00138	0.00574	0.01366	0.00268	0.00664
16	0.00679	0.00453	0.00514	0.00517	0.00520	0.00453	0.00295	0.00684	0.00687	0.00915	0.01493	0.03104	0.01718	0.81427	0.02321	0.00445	0.00450	0.02754	0.00286	0.00286
17	0.00573	0.00438	0.00516	0.00566	0.00646	0.00392	0.00391	0.00671	0.00966	0.01233	0.07760	0.42555	0.33118	0.07094	0.00699	0.00193	0.00266	0.01118	0.00426	0.00380
18	0.01060	0.00576	0.00722	0.00638	0.00816	0.00543	0.00495	0.01344	0.06573	0.20138	0.42666	0.02604	0.02860	0.00768	0.00484	0.00140	0.00270	0.00660	0.16102	0.00540
19	0.05905	0.01471	0.01317	0.01071	0.01394	0.20305	0.00860	0.50104	0.07794	0.02365	0.01051	0.01079	0.00777	0.00543	0.00463	0.00138	0.01864	0.00391	0.00400	0.00709
20	0.01646	0.03263	0.07423	0.01090	0.01449	0.18313	0.00928	0.45497	0.08743	0.05417	0.01099	0.01114	0.00801	0.00537	0.00451	0.00137	0.00577	0.00396	0.00397	0.00721
21	0.01117	0.35720	0.32680	0.01121	0.01616	0.01363	0.09125	0.01439	0.00987	0.04885	0.00878	0.04208	0.00729	0.00471	0.00418	0.00131	0.01880	0.00371	0.00228	0.00634
22	0.00881	0.00763	0.06858	0.00780	0.00960	0.04215	0.01742	0.04129	0.01127	0.08509	0.14002	0.25849	0.12582	0.01066	0.00554	0.00170	0.00372	0.14527	0.00428	0.00485
23	0.04481	0.01017	0.01142	0.07143	0.01383	0.07699	0.03866	0.07959	0.28983	0.20110	0.05136	0.01754	0.03538	0.00622	0.00474	0.00151	0.00452	0.02977	0.00440	0.00675
24	0.00613	0.00427	0.00537	0.00606	0.00626	0.00410	0.00391	0.00671	0.00821	0.01094	0.02167	0.51549	0.02566	0.30836	0.01230	0.00284	0.00341	0.04109	0.00378	0.00346
25	0.01017	0.01162	0.07584	0.52231	0.05236	0.10206	0.07842	0.01314	0.00982	0.01236	0.00812	0.01159	0.00626	0.00481	0.00537	0.00153	0.06255	0.00406	0.00213	0.00548
26	0.01702	0.00968	0.01202	0.00958	0.01295	0.00987	0.04204	0.16155	0.25502	0.39278	0.01684	0.01531	0.01149	0.00581	0.00473	0.00148	0.00425	0.00480	0.00510	0.00767
27	0.00870	0.00851	0.01518	0.01223	0.01410	0.00896	0.28878	0.01065	0.00919	0.01261	0.01544	0.21017	0.05028	0.10390	0.00974	0.00210	0.17446	0.03718	0.00297	0.00486
28	0.00566	0.00410	0.00535	0.00634	0.00671	0.00379	0.00426	0.00649	0.00904	0.01193	0.02727	0.77356	0.08962	0.01436	0.00590	0.00187	0.00267	0.01297	0.00432	0.00379
29	0.07649	0.01018	0.01232	0.08180	0.19992	0.04637	0.00911	0.04889	0.34756	0.01782	0.08028	0.01595	0.02178	0.00575	0.00460	0.00149	0.00445	0.00487	0.00372	0.00665
30	0.00933	0.02406	0.81240	0.01326	0.02014	0.01080	0.01719	0.01473	0.00982	0.01473	0.00835	0.00982	0.00589	0.00442	0.00442	0.00147	0.00688	0.00344	0.00196	0.00688
31	0.00670	0.00457	0.00547	0.00552	0.00566	0.00469	0.00336	0.00700	0.00698	0.00943	0.01480	0.06465	0.01669	0.67169	0.14954	0.00487	0.00570	0.00677	0.00283	0.00307
32	0.00994	0.01030	0.05020	0.16893	0.28154	0.04596	0.02327	0.01241	0.02046	0.01359	0.06731	0.03898	0.06011	0.02152	0.00703	0.00162	0.15335	0.00505	0.00262	0.00581
33	0.01239	0.74346	0.08534	0.00853	0.01268	0.04943	0.00872	0.01418	0.00963	0.01126	0.00664	0.00768	0.00597	0.00405	0.00314	0.00104	0.00526	0.00258	0.00200	0.00602
34	0.01018	0.01018	0.01425	0.01221	0.01221	0.01425	0.01018	0.01120	0.00712	0.01120	0.00611	0.01018	0.00611	0.00814	0.01527	0.00204	0.82799	0.00407	0.00204	0.00509
35	0.07686	0.03402	0.07912	0.07011	0.33931	0.07082	0.15071	0.04519	0.01071	0.01526	0.00839	0.01089	0.00676	0.00452	0.00522	0.00146	0.05767	0.00408	0.00239	0.00652
36	0.00612	0.00446	0.00586	0.00676	0.00739	0.00419	0.00499	0.00735	0.00970	0.01273	0.06231	0.52928	0.11308	0.01364	0.00599	0.00190	0.00301	0.19296	0.00435	0.00394
37	0.00653	0.00472	0.00544	0.00543	0.00672	0.00415	0.00401	0.00798	0.01106	0.04512	0.23973	0.17355	0.41288	0.01118	0.00545	0.00157	0.00243	0.00961	0.03824	0.00419
