[name]
unknown

[dist]
# distance from previous block
# <min> <max>
0	0

[block]
# block no. 0 follows, 64 sequences, length 21
# corresponding to MSA columns:
# 0-20
name=unknown_A
#
# <colnr> <probs for GDERKNQSTAVLIFYWHMCP>
#	G	D	E	R	K	N	Q	S	T	A	V	L	I	F	Y	W	H	M	C	P
0	0.00669	0.00478	0.00669	0.00765	0.00861	0.00478	0.00669	0.00861	0.00956	0.01243	0.02199	0.04685	0.02391	0.01147	0.00574	0.00191	0.00382	0.80015	0.00382	0.00382
1	0.00824	0.00779	0.01317	0.71148	0.15808	0.00933	0.01173	0.01096	0.00849	0.01109	0.00745	0.01095	0.00571	0.00408	0.00415	0.00136	0.00544	0.00369	0.00188	0.00493
2	0.00909	0.07545	0.01083	0.08945	0.03515	0.00715	0.03535	0.01124	0.02400	0.03630	0.02424	0.00958	0.00695	0.00347	0.00333	0.00081	0.00362	0.00288	0.00247	0.60865
3	0.00506	0.00361	0.00482	0.00578	0.00602	0.00337	0.00386	0.00578	0.00795	0.01060	0.02289	0.85131	0.02747	0.01301	0.00530	0.00169	0.00241	0.01181	0.00386	0.00337
4	0.01140	0.10843	0.01196	0.00981	0.07646	0.01138	0.00734	0.17506	0.48803	0.01789	0.02950	0.01327	0.01076	0.00517	0.00403	0.00130	0.00378	0.00420	0.00376	0.00647
5	0.00953	0.20750	0.53204	0.01169	0.08068	0.01121	0.01278	0.02483	0.00894	0.03560	0.00735	0.00859	0.00555	0.00396	0.00389	0.00122	0.02374	0.00298	0.00192	0.00600
6	0.00959	0.20172	0.40879	0.01110	0.05623	0.02432	0.06373	0.01382	0.08728	0.02888	0.00889	0.00987	0.02192	0.00411	0.00375	0.00121	0.00528	0.00330	0.00217	0.03407
7	0.00833	0.01902	0.67926	0.12961	0.01965	0.00963	0.05178	0.01280	0.00875	0.01280	0.00749	0.00921	0.00535	0.00395	0.00402	0.00133	0.00609	0.00324	0.00178	0.00590
8	0.01059	0.00836	0.00937	0.00822	0.01049	0.00934	0.02961	0.03399	0.62933	0.08242	0.01690	0.01679	0.03527	0.07350	0.00561	0.00160	0.00346	0.00487	0.00409	0.00618
9	0.01003	0.07787	0.05939	0.14456	0.41161	0.01049	0.07526	0.04081	0.10341	0.01364	0.00874	0.01070	0.00695	0.00402	0.00407	0.00127	0.00501	0.00376	0.00231	0.00610
10	0.00929	0.00697	0.00932	0.02510	0.09132	0.00706	0.05453	0.02367	0.23759	0.11538	0.13010	0.10630	0.15141	0.00717	0.00456	0.00139	0.00330	0.00630	0.00390	0.00535
11	0.00568	0.00406	0.00533	0.00557	0.00623	0.00382	0.00404	0.00708	0.00989	0.01365	0.42949	0.30947	0.03225	0.06903	0.00624	0.00168	0.00241	0.07632	0.00412	0.00363
12	0.00599	0.00403	0.00462	0.00463	0.00472	0.00399	0.00268	0.00617	0.00657	0.00884	0.07847	0.05947	0.01751	0.75377	0.01923	0.00372	0.00380	0.00638	0.00273	0.00266
13	0.02844	0.01767	0.60082	0.03951	0.04033	0.00919	0.01313	0.02813	0.03666	0.13386	0.00910	0.00989	0.00631	0.00419	0.00398	0.00131	0.00552	0.00332	0.00241	0.00623
14	0.01023	0.00984	0.01669	0.02490	0.79496	0.00998	0.01260	0.01264	0.00933	0.01343	0.00772	0.01023	0.00653	0.00385	0.00450	0.00126	0.03907	0.00370	0.00205	0.00650
15	0.00505	0.00364	0.00479	0.00571	0.00601	0.00338	0.00382	0.00579	0.00802	0.01063	0.02379	0.81354	0.06467	0.01290	0.00528	0.00167	0.00240	0.01167	0.00386	0.00338
16	0.03180	0.00837	0.01080	0.00852	0.01124	0.02640	0.07071	0.14935	0.09371	0.39365	0.01353	0.01423	0.00977	0.09112	0.01747	0.00166	0.03302	0.00432	0.00411	0.00621
17	0.03448	0.01183	0.02994	0.05773	0.52612	0.16817	0.02862	0.02812	0.02312	0.01308	0.00759	0.00972	0.00628	0.00401	0.00434	0.00124	0.03396	0.00350	0.00214	0.00601
18	0.00595	0.00439	0.00636	0.00636	0.00699	0.00502	0.00479	0.00721	0.00658	0.00941	0.01142	0.01793	0.01109	0.15342	0.71625	0.00628	0.01007	0.00469	0.00227	0.00353
19	0.00615	0.00501	0.00526	0.00511	0.00659	0.00477	0.00389	0.00919	0.15045	0.01297	0.09056	0.04861	0.54228	0.00924	0.00469	0.00139	0.00234	0.02798	0.05942	0.00410
20	0.76369	0.00831	0.00724	0.00727	0.07383	0.00949	0.00531	0.03515	0.03129	0.01841	0.00639	0.00738	0.00498	0.00393	0.00279	0.00128	0.00339	0.00248	0.00262	0.00480

[dist]
# distance from previous block
# <min> <max>
1	3

[block]
# block no. 1 follows, 64 sequences, length 8
# corresponding to MSA columns:
# 24-31
name=unknown_B
#
# <colnr> <probs for GDERKNQSTAVLIFYWHMCP>
#	G	D	E	R	K	N	Q	S	T	A	V	L	I	F	Y	W	H	M	C	P
0	0.00543	0.00416	0.00501	0.00536	0.00617	0.00385	0.00380	0.00701	0.04835	0.01226	0.18193	0.42666	0.25256	0.01109	0.00506	0.00152	0.00228	0.00979	0.00401	0.00367
1	0.01077	0.04209	0.04695	0.08891	0.42897	0.09240	0.04655	0.08773	0.03939	0.01418	0.03835	0.01146	0.02520	0.00430	0.00411	0.00124	0.00510	0.00386	0.00243	0.00601
2	0.01066	0.02496	0.06651	0.00971	0.03540	0.25674	0.04476	0.09750	0.01050	0.01275	0.04293	0.16775	0.01228	0.04468	0.00605	0.00149	0.09323	0.03497	0.02236	0.00475
3	0.00504	0.00369	0.00474	0.00558	0.00597	0.00339	0.00377	0.00581	0.00815	0.01068	0.02536	0.74705	0.13014	0.01269	0.00525	0.00165	0.00237	0.01142	0.00386	0.00339
4	0.00522	0.00414	0.00470	0.00473	0.00585	0.00361	0.00348	0.00651	0.00996	0.01279	0.27724	0.14560	0.48098	0.01024	0.00496	0.00141	0.00210	0.00879	0.00407	0.00361
5	0.01158	0.38596	0.19562	0.00946	0.03839	0.07501	0.03425	0.01468	0.07912	0.10691	0.00853	0.00907	0.00659	0.00406	0.00345	0.00111	0.00493	0.00301	0.00242	0.00582
6	0.00961	0.06312	0.01218	0.47778	0.02100	0.15264	0.00939	0.01226	0.04573	0.01125	0.00755	0.00999	0.00591	0.00404	0.00382	0.00118	0.00532	0.00328	0.00210	0.14186
7	0.06875	0.02864	0.00905	0.00728	0.03351	0.02883	0.00556	0.10351	0.05469	0.04265	0.01099	0.11210	0.02714	0.00499	0.00361	0.00098	0.00339	0.00408	0.00301	0.44721

[dist]
# distance from previous block
# <min> <max>
0	12

[block]
# block no. 2 follows, 64 sequences, length 148
# corresponding to MSA columns:
# 44-191
name=unknown_C
#
# <colnr> <probs for GDERKNQSTAVLIFYWHMCP>
#	G	D	E	R	K	N	Q	S	T	A	V	L	I	F	Y	W	H	M	C	P
0	0.07567	0.53166	0.04413	0.00725	0.01073	0.04934	0.00687	0.02696	0.02086	0.06572	0.00701	0.00772	0.00584	0.00372	0.00295	0.00094	0.00428	0.00250	0.00224	0.12360
1	0.46227	0.26072	0.08027	0.02544	0.01027	0.02442	0.00646	0.01269	0.02113	0.04007	0.00677	0.02195	0.00555	0.00401	0.00289	0.00118	0.00394	0.00261	0.00237	0.00498
2	0.00963	0.02456	0.06087	0.27607	0.04448	0.03287	0.01790	0.05123	0.15947	0.06763	0.02449	0.04765	0.03567	0.00519	0.00413	0.00129	0.00440	0.02515	0.00293	0.10439
3	0.00653	0.00532	0.00757	0.00729	0.00792	0.01744	0.00572	0.00788	0.00668	0.00965	0.01029	0.01547	0.00973	0.05204	0.68090	0.00581	0.13344	0.00435	0.00217	0.00381
4	0.00753	0.00451	0.00457	0.00445	0.00546	0.03231	0.00334	0.00944	0.00960	0.01561	0.22201	0.01921	0.01780	0.00576	0.00344	0.00106	0.00213	0.00477	0.62309	0.00392
5	0.00597	0.00400	0.00455	0.00462	0.00463	0.00398	0.00261	0.00602	0.00617	0.00823	0.01377	0.08485	0.01597	0.79517	0.02003	0.00386	0.00391	0.00644	0.00261	0.00258
6	0.00778	0.00728	0.01226	0.81548	0.02789	0.00909	0.01132	0.01050	0.00825	0.01058	0.00751	0.01125	0.00570	0.00507	0.03258	0.00156	0.00573	0.00372	0.00186	0.00458
7	0.00573	0.00599	0.09665	0.00657	0.00757	0.01969	0.00529	0.00702	0.00819	0.01108	0.05981	0.63120	0.02380	0.02271	0.06606	0.00201	0.00355	0.00985	0.00349	0.00375
8	0.00972	0.00961	0.01541	0.01285	0.05034	0.02530	0.21027	0.03309	0.00812	0.03464	0.01817	0.02643	0.00706	0.00619	0.00992	0.00164	0.49626	0.01779	0.00217	0.00500
9	0.08655	0.01007	0.02640	0.16637	0.51991	0.06082	0.03149	0.01253	0.00914	0.01321	0.00744	0.00992	0.00609	0.00389	0.00414	0.00127	0.01927	0.00353	0.00206	0.00588
10	0.03727	0.44112	0.06618	0.00870	0.01192	0.26901	0.00789	0.09235	0.01054	0.01196	0.00649	0.00737	0.00548	0.00395	0.00322	0.00102	0.00546	0.00256	0.00214	0.00537
11	0.00800	0.00754	0.01273	0.79314	0.07833	0.00927	0.01161	0.01075	0.00838	0.01080	0.00741	0.01102	0.00560	0.00412	0.00415	0.00137	0.00550	0.00369	0.00186	0.00474
12	0.00588	0.00423	0.00538	0.00510	0.00611	0.00389	0.00382	0.00777	0.01147	0.01620	0.73473	0.03110	0.09781	0.00850	0.00482	0.00130	0.00197	0.00747	0.03857	0.00389
13	0.00607	0.00449	0.00641	0.00636	0.00694	0.00517	0.00477	0.00727	0.00658	0.00944	0.01137	0.01812	0.01113	0.18287	0.65089	0.00597	0.03315	0.00471	0.01479	0.00351
14	0.00593	0.00445	0.00668	0.00668	0.00742	0.00519	0.00519	0.00742	0.00668	0.00964	0.01113	0.01632	0.01038	0.03115	0.83756	0.00668	0.01113	0.00445	0.00223	0.00371
15	0.00810	0.00483	0.00613	0.00563	0.00699	0.00447	0.00435	0.03156	0.01130	0.13419	0.48716	0.05968	0.08625	0.00808	0.00467	0.00133	0.00239	0.05036	0.07812	0.00440
16	0.01240	0.00957	0.01208	0.16179	0.09475	0.01035	0.02121	0.40593	0.03986	0.05161	0.01037	0.06468	0.00828	0.00508	0.00416	0.00126	0.00448	0.00421	0.00339	0.07453
17	0.00802	0.05485	0.56887	0.01021	0.01479	0.00867	0.02176	0.03886	0.00912	0.01314	0.04695	0.16454	0.01094	0.00583	0.00420	0.00136	0.00515	0.00488	0.00235	0.00552
18	0.01235	0.07116	0.03499	0.10369	0.17312	0.03751	0.02356	0.30558	0.05381	0.05799	0.00965	0.02116	0.00758	0.02853	0.00469	0.00133	0.01926	0.01063	0.00309	0.02031
19	0.00576	0.00451	0.00506	0.00534	0.00632	0.01971	0.00387	0.02665	0.00932	0.02286	0.07881	0.36750	0.37628	0.01112	0.00505	0.00152	0.00247	0.04030	0.00389	0.00365
20	0.00940	0.00505	0.00681	0.00665	0.00809	0.00465	0.00534	0.01094	0.01019	0.23599	0.14746	0.20618	0.05927	0.00956	0.00505	0.00158	0.00308	0.25580	0.00431	0.00461
21	0.01050	0.01090	0.01414	0.24006	0.39375	0.16762	0.01106	0.02312	0.00957	0.01208	0.00784	0.03568	0.00667	0.00436	0.00443	0.00128	0.03555	0.00375	0.00209	0.00555
22	0.01587	0.00624	0.00998	0.17861	0.11263	0.00663	0.06965	0.00914	0.02080	0.03358	0.01532	0.37905	0.02691	0.02198	0.00567	0.01745	0.04455	0.01859	0.00297	0.00437
23	0.03084	0.00736	0.00976	0.00750	0.01071	0.00657	0.00619	0.06891	0.01229	0.76991	0.01584	0.01378	0.01000	0.00511	0.00415	0.00128	0.00359	0.00412	0.00504	0.00703
24	0.01161	0.00942	0.06332	0.00837	0.01105	0.04266	0.02256	0.01936	0.48249	0.17568	0.05825	0.01580	0.03292	0.00559	0.00422	0.00135	0.00364	0.00464	0.02079	0.00629
25	0.01424	0.01271	0.01086	0.04646	0.01232	0.29205	0.00735	0.26644	0.06911	0.09923	0.01001	0.01052	0.00744	0.00482	0.00416	0.00120	0.02881	0.00350	0.09303	0.00576
26	0.00559	0.00421	0.00502	0.00483	0.00584	0.00380	0.00353	0.00706	0.01043	0.01403	0.49242	0.03345	0.28529	0.09851	0.00662	0.00162	0.00222	0.00775	0.00413	0.00364
27	0.08954	0.03538	0.03008	0.00863	0.06445	0.00828	0.00670	0.17680	0.02132	0.29758	0.01989	0.01110	0.00810	0.00443	0.00374	0.00112	0.00376	0.00348	0.01710	0.18852
28	0.04629	0.00797	0.01261	0.58691	0.16546	0.02090	0.01087	0.01108	0.00850	0.01164	0.00744	0.01063	0.00579	0.00444	0.01771	0.00139	0.00530	0.00355	0.00196	0.05958
29	0.01061	0.35026	0.16892	0.01119	0.14095	0.01171	0.03778	0.01325	0.03415	0.06862	0.00777	0.00881	0.00622	0.00376	0.00341	0.00105	0.00466	0.00295	0.00222	0.11169
30	0.01165	0.06692	0.02833	0.06368	0.16116	0.25425	0.16470	0.02932	0.00993	0.02570	0.00727	0.00928	0.00593	0.00426	0.00504	0.00124	0.09643	0.00347	0.00214	0.04932
31	0.00512	0.00366	0.00489	0.00585	0.00612	0.00342	0.00396	0.00588	0.00801	0.01067	0.02286	0.82299	0.02735	0.01296	0.00532	0.00169	0.00246	0.03956	0.00385	0.00339
32	0.00654	0.00430	0.00558	0.00568	0.00664	0.00394	0.00424	0.00797	0.01008	0.07517	0.33975	0.29395	0.12456	0.01020	0.00505	0.00150	0.00242	0.08426	0.00423	0.00393
33	0.03664	0.01081	0.01162	0.00898	0.01214	0.01185	0.00740	0.69919	0.01812	0.07222	0.01046	0.01047	0.00741	0.00496	0.00404	0.00123	0.00432	0.00374	0.05760	0.00681
34	0.00572	0.00394	0.00499	0.00544	0.00588	0.00371	0.00368	0.00652	0.00825	0.02694	0.12775	0.46097	0.07000	0.20358	0.00883	0.00216	0.00278	0.04185	0.00367	0.00335
35	0.88336	0.00803	0.00611	0.00546	0.00803	0.00932	0.00450	0.01221	0.00707	0.01864	0.00578	0.00675	0.00450	0.00386	0.00257	0.00129	0.00321	0.00225	0.00257	0.00450
36	0.00945	0.00807	0.00860	0.00781	0.00993	0.00914	0.00604	0.01936	0.67514	0.01679	0.09675	0.02993	0.07217	0.00635	0.00435	0.00140	0.00306	0.00535	0.00423	0.00606
37	0.00785	0.00429	0.00480	0.00445	0.00565	0.00418	0.03091	0.00984	0.00874	0.01532	0.01309	0.01502	0.01029	0.00471	0.00298	0.00097	0.00216	0.00384	0.80663	0.04427
38	0.00557	0.00400	0.00466	0.00490	0.00535	0.00377	0.00319	0.00615	0.00772	0.01005	0.07651	0.23029	0.19444	0.38928	0.01231	0.00266	0.00308	0.02972	0.00330	0.00307
39	0.88336	0.00803	0.00611	0.00546	0.00803	0.00932	0.00450	0.01221	0.00707	0.01864	0.00578	0.00675	0.00450	0.00386	0.00257	0.00129	0.00321	0.00225	0.00257	0.00450
40	0.01012	0.00971	0.01658	0.07805	0.77678	0.00983	0.01267	0.01261	0.00938	0.01338	0.00779	0.01033	0.00651	0.00373	0.00411	0.00124	0.00497	0.00370	0.00204	0.00645
41	0.00602	0.00404	0.00464	0.00468	0.00473	0.00406	0.00270	0.00612	0.00617	0.00824	0.01344	0.04884	0.01543	0.79281	0.04521	0.00401	0.00420	0.01950	0.00257	0.00260
42	0.01124	0.00953	0.00990	0.00866	0.01115	0.02650	0.00680	0.14016	0.68565	0.01855	0.01567	0.01452	0.01170	0.00551	0.00421	0.00138	0.00356	0.00451	0.00418	0.00661
43	0.01003	0.00971	0.01601	0.02249	0.65987	0.01046	0.01199	0.01218	0.00882	0.01283	0.00733	0.01003	0.00635	0.00444	0.00607	0.00135	0.17817	0.00369	0.00201	0.00616
44	0.09531	0.00965	0.01017	0.00899	0.03054	0.03400	0.00698	0.17687	0.45963	0.04510	0.01315	0.01273	0.00986	0.00535	0.00468	0.00138	0.06140	0.00410	0.00381	0.00630
45	0.53789	0.00939	0.01873	0.03341	0.08591	0.09011	0.03559	0.02141	0.00818	0.01607	0.00749	0.02134	0.00647	0.00489	0.01326	0.00139	0.03109	0.05011	0.00251	0.00475
46	0.01117	0.01026	0.01602	0.03633	0.63104	0.03827	0.03995	0.10565	0.01079	0.03485	0.02087	0.01061	0.00716	0.00398	0.00415	0.00124	0.00498	0.00378	0.00241	0.00648
47	0.00599	0.00402	0.00453	0.00457	0.00460	0.00400	0.00257	0.00603	0.00617	0.00820	0.01394	0.05630	0.02963	0.80988	0.02030	0.00390	0.00394	0.00629	0.00259	0.00256
48	0.00847	0.00811	0.01314	0.51750	0.16344	0.00995	0.01110	0.01078	0.00813	0.01101	0.00766	0.01103	0.01975	0.00482	0.00609	0.00145	0.17697	0.00377	0.00191	0.00492
49	0.00515	0.00369	0.00485	0.00570	0.00601	0.00345	0.00383	0.00593	0.00813	0.01083	0.05907	0.74835	0.05206	0.04220	0.00583	0.00175	0.00246	0.02348	0.00384	0.00338
50	0.02342	0.00958	0.04915	0.01061	0.01161	0.01173	0.05136	0.02013	0.14491	0.01198	0.02262	0.01075	0.00740	0.00696	0.02335	0.00175	0.57143	0.00392	0.00233	0.00502
51	0.00520	0.00423	0.00461	0.00453	0.00582	0.00364	0.00342	0.00651	0.01008	0.01270	0.25225	0.03768	0.60272	0.00999	0.00492	0.00138	0.00209	0.02057	0.00405	0.00362
52	0.03357	0.00892	0.01037	0.00906	0.01133	0.01031	0.05550	0.02005	0.66973	0.01651	0.01546	0.01550	0.01191	0.00574	0.00491	0.00145	0.06123	0.02833	0.00388	0.00624
53	0.01736	0.00713	0.00936	0.00726	0.01024	0.00642	0.00593	0.07854	0.01205	0.69667	0.01563	0.01447	0.01027	0.04312	0.00488	0.00139	0.00356	0.00421	0.04478	0.00672
54	0.00507	0.00362	0.00483	0.00578	0.00603	0.00338	0.00386	0.00581	0.00801	0.01069	0.03445	0.83950	0.02764	0.01295	0.00530	0.00168	0.00240	0.01175	0.00387	0.00338
55	0.02150	0.51153	0.01701	0.00756	0.01080	0.08320	0.01807	0.03750	0.05278	0.01149	0.00704	0.00807	0.00610	0.00471	0.03240	0.00113	0.01573	0.00261	0.00216	0.14861
56	0.00568	0.00429	0.00567	0.00575	0.00646	0.00449	0.00423	0.00680	0.00765	0.01035	0.07519	0.13274	0.17486	0.13441	0.38526	0.00419	0.01888	0.00667	0.00295	0.00349
57	0.00505	0.00376	0.00471	0.00543	0.00594	0.00342	0.00371	0.00588	0.00839	0.01092	0.05168	0.65204	0.19925	0.01234	0.00521	0.00161	0.00233	0.01102	0.00388	0.00342
58	0.05690	0.00767	0.00981	0.00757	0.01075	0.00709	0.00625	0.11185	0.02391	0.69001	0.01518	0.01334	0.00968	0.00507	0.00410	0.00128	0.00364	0.00405	0.00490	0.00695
59	0.01068	0.01026	0.11492	0.00908	0.03972	0.04423	0.08390	0.03855	0.00972	0.12701	0.00879	0.00969	0.00663	0.00365	0.00361	0.00093	0.00421	0.00310	0.00274	0.46858
60	0.00769	0.00713	0.00891	0.00828	0.00892	0.07773	0.00660	0.00896	0.00701	0.00979	0.00903	0.01341	0.00848	0.02174	0.52069	0.00475	0.26067	0.00406	0.00210	0.00405
61	0.01859	0.00714	0.00968	0.00742	0.01064	0.00621	0.00613	0.03239	0.01201	0.81867	0.01629	0.01407	0.01023	0.00514	0.00418	0.00128	0.00355	0.00417	0.00513	0.00707
62	0.00922	0.00892	0.01574	0.22769	0.43826	0.00925	0.11962	0.01179	0.00914	0.01262	0.00894	0.04947	0.00780	0.00446	0.00432	0.00133	0.00518	0.03137	0.00216	0.02275
63	0.04660	0.00641	0.00804	0.04587	0.00893	0.04550	0.00594	0.01866	0.00710	0.01041	0.00970	0.01519	0.00930	0.13820	0.39253	0.00425	0.17983	0.00426	0.03940	0.00389
64	0.01009	0.00967	0.01651	0.09113	0.76400	0.00982	0.01265	0.01258	0.00937	0.01333	0.00778	0.01034	0.00650	0.00374	0.00412	0.00125	0.00498	0.00370	0.00204	0.00642
65	0.00562	0.00422	0.00521	0.00504	0.00610	0.00381	0.00378	0.00730	0.01100	0.01498	0.58287	0.06415	0.23671	0.00923	0.00493	0.00136	0.00205	0.02350	0.00435	0.00379
66	0.00722	0.00361	0.00541	0.00541	0.00541	0.00361	0.00361	0.00541	0.00541	0.00722	0.00722	0.01263	0.00722	0.01443	0.01623	0.87915	0.00361	0.00361	0.00180	0.00180
67	0.00540	0.00401	0.00503	0.00524	0.00603	0.00364	0.00375	0.00674	0.00994	0.01343	0.38570	0.33286	0.18192	0.01052	0.00505	0.00146	0.00215	0.00932	0.00418	0.00364
68	0.01023	0.00982	0.01677	0.04151	0.81247	0.00986	0.01272	0.01271	0.00944	0.01351	0.00780	0.01030	0.00656	0.00371	0.00411	0.00124	0.00495	0.00370	0.00205	0.00654
69	0.01007	0.02223	0.02084	0.00774	0.04718	0.00649	0.03162	0.04527	0.00947	0.09642	0.00842	0.00935	0.00661	0.00343	0.00334	0.00078	0.00346	0.00283	0.00275	0.66169
70	0.13069	0.05271	0.01157	0.00926	0.01197	0.32503	0.02065	0.24374	0.08925	0.05369	0.00879	0.00918	0.00665	0.00454	0.00374	0.00119	0.00537	0.00320	0.00309	0.00572
71	0.29597	0.00827	0.00878	0.00711	0.00990	0.00869	0.00577	0.19027	0.04889	0.30350	0.01138	0.01173	0.00813	0.05834	0.00473	0.00146	0.00368	0.00360	0.00389	0.00593
72	0.00846	0.02061	0.78531	0.01154	0.01744	0.00944	0.01476	0.01325	0.01961	0.02706	0.02999	0.00955	0.00637	0.00411	0.00398	0.00132	0.00594	0.00323	0.00192	0.00610
73	0.00822	0.00799	0.01539	0.05082	0.01563	0.00784	0.38344	0.01084	0.00948	0.01263	0.01454	0.05238	0.01443	0.00734	0.00548	0.00164	0.02902	0.34531	0.00287	0.00470
74	0.01139	0.01000	0.01487	0.03436	0.01502	0.00973	0.25247	0.27876	0.03476	0.01769	0.00881	0.01011	0.00666	0.00394	0.00405	0.00111	0.00484	0.00373	0.00295	0.27475
75	0.00600	0.00402	0.00458	0.00462	0.00464	0.00402	0.00262	0.00606	0.00613	0.00818	0.01343	0.05877	0.01549	0.80626	0.03574	0.00399	0.00410	0.00623	0.00256	0.00257
76	0.00508	0.00363	0.00484	0.00577	0.00603	0.00339	0.00386	0.00584	0.00805	0.01076	0.04341	0.83035	0.02777	0.01290	0.00529	0.00168	0.00240	0.01170	0.00387	0.00339
77	0.00622	0.00463	0.00674	0.00666	0.00744	0.00535	0.00514	0.03003	0.00701	0.01003	0.01118	0.01664	0.01051	0.06833	0.77652	0.00640	0.01061	0.00450	0.00229	0.00375
78	0.88336	0.00803	0.00611	0.00546	0.00803	0.00932	0.00450	0.01221	0.00707	0.01864	0.00578	0.00675	0.00450	0.00386	0.00257	0.00129	0.00321	0.00225	0.00257	0.00450
79	0.10962	0.01623	0.03483	0.01032	0.01252	0.52313	0.03543	0.07976	0.01104	0.01256	0.00661	0.00798	0.00544	0.00464	0.00495	0.00122	0.11351	0.00292	0.00230	0.00499
80	0.01167	0.01279	0.01239	0.01075	0.01168	0.28451	0.00866	0.06721	0.00905	0.01116	0.00608	0.00862	0.00553	0.00613	0.00972	0.00153	0.51231	0.00333	0.00208	0.00481
81	0.00568	0.00423	0.00518	0.00494	0.00603	0.00382	0.00371	0.00742	0.01112	0.01528	0.61178	0.03288	0.23408	0.00891	0.00485	0.00132	0.00199	0.00774	0.02525	0.00382
82	0.00684	0.00468	0.00619	0.00614	0.00725	0.00425	0.01684	0.00838	0.02965	0.07162	0.18680	0.44701	0.04135	0.01011	0.00491	0.00147	0.00263	0.05406	0.00395	0.08587
83	0.01020	0.00978	0.01671	0.05341	0.80084	0.00985	0.01271	0.01267	0.00942	0.01347	0.00780	0.01031	0.00654	0.00372	0.00411	0.00124	0.00496	0.00370	0.00205	0.00651
84	0.14900	0.00921	0.01029	0.00805	0.01118	0.00961	0.00663	0.35452	0.04312	0.33821	0.01208	0.01130	0.00813	0.00490	0.00392	0.00127	0.00391	0.00372	0.00430	0.00666
85	0.52723	0.00855	0.00874	0.00756	0.00929	0.01060	0.00627	0.04853	0.00748	0.02952	0.00604	0.00783	0.00504	0.00511	0.00649	0.00147	0.29433	0.00283	0.00243	0.00468
86	0.00537	0.00390	0.00508	0.00560	0.00618	0.00361	0.00397	0.00654	0.00925	0.01251	0.25972	0.51582	0.08548	0.01144	0.00518	0.00157	0.00233	0.04883	0.00406	0.00356
87	0.63797	0.00837	0.00721	0.00617	0.00887	0.04823	0.00505	0.01431	0.00843	0.20970	0.00831	0.00853	0.00590	0.00418	0.00301	0.00127	0.00349	0.00272	0.00316	0.00512
88	0.00808	0.00762	0.01288	0.76610	0.10473	0.00929	0.01165	0.01082	0.00842	0.01089	0.00742	0.01100	0.00564	0.00411	0.00415	0.00137	0.00548	0.00369	0.00187	0.00480
89	0.00565	0.00431	0.00518	0.00523	0.00630	0.00386	0.01959	0.00641	0.00868	0.01069	0.03133	0.07147	0.50410	0.04895	0.00741	0.12813	0.00277	0.12318	0.00346	0.00330
90	0.01173	0.00960	0.01018	0.00868	0.01133	0.01088	0.00688	0.23127	0.58665	0.01960	0.01481	0.01385	0.01102	0.00539	0.00418	0.00134	0.00362	0.00438	0.00416	0.03045
91	0.00923	0.29307	0.56882	0.01030	0.01560	0.01185	0.01267	0.01292	0.00866	0.01205	0.00691	0.00808	0.00528	0.00382	0.00353	0.00118	0.00559	0.00279	0.00176	0.00588
92	0.10604	0.27101	0.03659	0.00898	0.01182	0.39783	0.00756	0.09292	0.01094	0.01260	0.00653	0.00744	0.00542	0.00408	0.00334	0.00106	0.00579	0.00261	0.00226	0.00519
93	0.01017	0.00718	0.00784	0.00704	0.00914	0.00773	0.00551	0.01738	0.46047	0.12475	0.02041	0.01993	0.13739	0.00638	0.00419	0.00135	0.00298	0.02678	0.11764	0.00574
94	0.06327	0.02616	0.03069	0.00782	0.04782	0.02583	0.00610	0.12455	0.01744	0.09575	0.08289	0.02785	0.01019	0.00448	0.00363	0.00098	0.00353	0.01262	0.00316	0.40526
95	0.02156	0.01311	0.26607	0.05161	0.16720	0.00935	0.18936	0.03935	0.03956	0.10680	0.02315	0.01094	0.00725	0.00409	0.00421	0.00130	0.00543	0.00387	0.00252	0.03325
96	0.12212	0.00741	0.00918	0.00834	0.00910	0.04591	0.00674	0.00946	0.00683	0.01098	0.00801	0.01186	0.00747	0.01709	0.37048	0.00383	0.33512	0.00377	0.00211	0.00419
97	0.01139	0.13114	0.02058	0.01372	0.01753	0.01096	0.49883	0.05922	0.07118	0.10906	0.00968	0.01115	0.00715	0.00394	0.00441	0.00131	0.00582	0.00436	0.00268	0.00589
98	0.84465	0.00799	0.00626	0.00555	0.00815	0.00917	0.00457	0.01257	0.00728	0.05500	0.00626	0.00708	0.00476	0.00391	0.00264	0.00129	0.00323	0.00234	0.00269	0.00461
99	0.00598	0.00429	0.00547	0.00515	0.00621	0.00391	0.00387	0.00783	0.01150	0.02930	0.72486	0.03176	0.12698	0.00866	0.00489	0.00132	0.00200	0.00760	0.00450	0.00392
100	0.00569	0.00422	0.00530	0.00507	0.00610	0.00383	0.00379	0.00746	0.01126	0.01557	0.67081	0.05570	0.17188	0.00896	0.00491	0.00133	0.00200	0.00785	0.00443	0.00383
101	0.00581	0.00423	0.00540	0.00512	0.00609	0.00389	0.00380	0.00762	0.01135	0.01589	0.73150	0.03160	0.10160	0.04127	0.00553	0.00142	0.00205	0.00756	0.00444	0.00383
102	0.00603	0.00436	0.00618	0.00637	0.00701	0.00482	0.00486	0.00732	0.00710	0.01001	0.01366	0.08358	0.01394	0.13444	0.54406	0.00522	0.00840	0.10273	0.02638	0.00355
103	0.01552	0.01341	0.01211	0.00975	0.01274	0.21242	0.00783	0.57026	0.05494	0.03578	0.00955	0.00970	0.00697	0.00485	0.00406	0.00121	0.00520	0.00353	0.00369	0.00650
104	0.00700	0.00581	0.04424	0.00814	0.00945	0.00529	0.02903	0.02199	0.00969	0.01271	0.02078	0.04358	0.02232	0.01082	0.00561	0.00186	0.00403	0.72994	0.00369	0.00403
105	0.01574	0.08356	0.01258	0.00933	0.01230	0.25359	0.02319	0.30274	0.02924	0.20211	0.01013	0.01004	0.00723	0.00468	0.00393	0.00118	0.00521	0.00344	0.00355	0.00622
106	0.01117	0.84418	0.02162	0.00716	0.01069	0.02854	0.00712	0.01250	0.00849	0.00978	0.00578	0.00668	0.00533	0.00356	0.00268	0.00089	0.00449	0.00223	0.00178	0.00532
107	0.00673	0.00512	0.00603	0.00588	0.00710	0.00508	0.00441	0.03058	0.14378	0.02349	0.32423	0.18847	0.17426	0.00919	0.00484	0.00143	0.00244	0.03495	0.01769	0.00429
108	0.00861	0.00738	0.00861	0.00615	0.00984	0.00554	0.00492	0.01046	0.00861	0.01354	0.00738	0.00861	0.00615	0.00308	0.00308	0.00062	0.00308	0.00246	0.00246	0.87941
109	0.00505	0.00364	0.00479	0.00572	0.00601	0.00338	0.00383	0.00579	0.00802	0.01063	0.02373	0.81609	0.06216	0.01291	0.00528	0.00167	0.00240	0.01168	0.00386	0.00338
110	0.86270	0.00801	0.00619	0.00551	0.00809	0.00924	0.00454	0.01240	0.00718	0.03805	0.00604	0.00692	0.00464	0.00389	0.00261	0.00129	0.00322	0.00230	0.00263	0.00456
111	0.00604	0.00403	0.00453	0.00453	0.00453	0.00403	0.00252	0.00604	0.00604	0.00805	0.01309	0.02718	0.01510	0.85402	0.02114	0.00403	0.00403	0.00604	0.00252	0.00252
112	0.88336	0.00803	0.00611	0.00546	0.00803	0.00932	0.00450	0.01221	0.00707	0.01864	0.00578	0.00675	0.00450	0.00386	0.00257	0.00129	0.00321	0.00225	0.00257	0.00450
113	0.00666	0.00443	0.00567	0.00527	0.00645	0.00402	0.00398	0.00846	0.01142	0.07405	0.65877	0.04694	0.13092	0.00858	0.00486	0.00132	0.00210	0.00751	0.00451	0.00408
114	0.01421	0.00784	0.00941	0.00787	0.01054	0.00798	0.00633	0.08356	0.30304	0.39571	0.02904	0.04537	0.01254	0.00592	0.00431	0.00137	0.00348	0.04028	0.00462	0.00657
115	0.01840	0.00720	0.00969	0.00746	0.01065	0.00633	0.00615	0.03578	0.03013	0.79708	0.01627	0.01409	0.01027	0.00515	0.00418	0.00129	0.00355	0.00418	0.00510	0.00706
116	0.00925	0.00882	0.01501	0.37035	0.49128	0.00960	0.01224	0.01185	0.00897	0.01232	0.00763	0.01061	0.00614	0.00389	0.00413	0.00130	0.00519	0.00370	0.00197	0.00575
117	0.05805	0.01131	0.01202	0.00929	0.01255	0.01254	0.00766	0.74036	0.04257	0.03693	0.01006	0.01004	0.00715	0.00495	0.00408	0.00125	0.00445	0.00370	0.00409	0.00692
118	0.01095	0.00873	0.00939	0.00829	0.01069	0.00990	0.00649	0.06117	0.69140	0.07080	0.05274	0.01583	0.01343	0.00570	0.00425	0.00139	0.00331	0.00474	0.00430	0.00651
119	0.01231	0.00922	0.04405	0.01117	0.03215	0.03398	0.26277	0.05492	0.05304	0.26887	0.09177	0.07019	0.01245	0.00542	0.00467	0.00136	0.01706	0.00514	0.00360	0.00587
120	0.00963	0.40695	0.40304	0.00983	0.01457	0.01272	0.05086	0.01270	0.00865	0.01155	0.00699	0.02255	0.00573	0.00390	0.00342	0.00113	0.00533	0.00292	0.00182	0.00569
121	0.01026	0.00515	0.00588	0.00525	0.00684	0.00505	0.00410	0.04121	0.05885	0.18460	0.07225	0.02794	0.01301	0.00542	0.00351	0.00112	0.00248	0.01549	0.52678	0.00481
122	0.04759	0.00792	0.01297	0.64648	0.17267	0.00940	0.01139	0.02202	0.00861	0.01172	0.00742	0.01072	0.00570	0.00407	0.00407	0.00135	0.00531	0.00363	0.00195	0.00500
123	0.00952	0.00944	0.01354	0.26414	0.27907	0.07724	0.02456	0.01210	0.04751	0.01187	0.00850	0.02638	0.00739	0.00509	0.00584	0.00141	0.14945	0.03946	0.00217	0.00530
124	0.01108	0.00585	0.00764	0.00689	0.00868	0.00554	0.01708	0.04335	0.08247	0.30977	0.07095	0.31740	0.03363	0.00853	0.00469	0.00146	0.00306	0.03715	0.01955	0.00523
125	0.06347	0.71978	0.05526	0.00756	0.01117	0.02520	0.03247	0.01250	0.00846	0.01063	0.00596	0.00694	0.00532	0.00359	0.00280	0.00094	0.00454	0.00235	0.00185	0.01920
126	0.00865	0.00731	0.00850	0.00631	0.00970	0.00581	0.00500	0.03247	0.04638	0.01401	0.03159	0.04738	0.00836	0.00384	0.00331	0.00074	0.00307	0.00316	0.00271	0.75170
127	0.02566	0.00979	0.04593	0.00868	0.01074	0.13017	0.02497	0.04038	0.35402	0.01460	0.01602	0.10393	0.01467	0.00724	0.00455	0.00148	0.00418	0.17402	0.00361	0.00535
128	0.29077	0.08181	0.01005	0.00735	0.01019	0.03290	0.01657	0.13524	0.11470	0.21149	0.04278	0.01114	0.00879	0.00472	0.00356	0.00126	0.00373	0.00350	0.00362	0.00583
129	0.00591	0.00473	0.00509	0.00498	0.00639	0.00431	0.00376	0.01788	0.07817	0.02776	0.12109	0.08761	0.57988	0.00990	0.00487	0.00142	0.00230	0.02603	0.00399	0.00392
130	0.00630	0.00459	0.00566	0.00534	0.00651	0.00430	0.00402	0.00870	0.06276	0.03600	0.60648	0.05410	0.16217	0.00868	0.00485	0.00134	0.00212	0.00757	0.00443	0.00409
131	0.00803	0.00475	0.00583	0.00538	0.00667	0.00455	0.00410	0.01051	0.06305	0.10898	0.45185	0.06191	0.02687	0.00726	0.00432	0.00125	0.00224	0.00628	0.21175	0.00441
132	0.00580	0.00397	0.00473	0.00493	0.00507	0.00395	0.00300	0.00607	0.00657	0.00878	0.01572	0.20416	0.03560	0.59996	0.07110	0.00364	0.00410	0.00724	0.00282	0.00280
133	0.00919	0.00935	0.01260	0.20979	0.01525	0.06372	0.00961	0.01056	0.00717	0.01015	0.00597	0.00946	0.00547	0.00634	0.01075	0.00167	0.59293	0.00359	0.00184	0.00458
134	0.00980	0.01120	0.02451	0.01751	0.02171	0.01050	0.81303	0.01331	0.00980	0.01331	0.00840	0.01120	0.00630	0.00350	0.00490	0.00140	0.00700	0.00490	0.00210	0.00560
135	0.04573	0.00757	0.00972	0.00752	0.01066	0.00697	0.00620	0.10541	0.02656	0.68891	0.01531	0.01350	0.00980	0.00509	0.00410	0.00128	0.00360	0.00407	0.02109	0.00692
136	0.01111	0.85652	0.02177	0.00711	0.01066	0.01644	0.00711	0.01244	0.00844	0.00977	0.00577	0.00666	0.00533	0.00355	0.00267	0.00089	0.00444	0.00222	0.00178	0.00533
137	0.00666	0.00470	0.00509	0.00497	0.00619	0.02722	0.00370	0.00804	0.00992	0.06034	0.22186	0.13494	0.34920	0.00905	0.00460	0.00134	0.00232	0.00772	0.12827	0.00388
138	0.88336	0.00803	0.00611	0.00546	0.00803	0.00932	0.00450	0.01221	0.00707	0.01864	0.00578	0.00675	0.00450	0.00386	0.00257	0.00129	0.00321	0.00225	0.00257	0.00450
139	0.00830	0.02043	0.77113	0.01182	0.01767	0.00945	0.03906	0.01296	0.00884	0.01313	0.00813	0.01055	0.00613	0.00427	0.00406	0.00134	0.00606	0.03881	0.00186	0.00602
140	0.00594	0.00442	0.00653	0.00653	0.00722	0.00511	0.00501	0.00732	0.00663	0.00953	0.01126	0.01706	0.01071	0.08748	0.78167	0.00649	0.01064	0.00456	0.00225	0.00363
141	0.00509	0.00382	0.00472	0.00534	0.00593	0.00345	0.00368	0.00600	0.00865	0.01126	0.09357	0.57687	0.23252	0.01201	0.00517	0.00158	0.00229	0.01068	0.00391	0.00345
142	0.00784	0.00738	0.01246	0.84404	0.02861	0.00923	0.01154	0.01061	0.00831	0.01061	0.00738	0.01107	0.00554	0.00415	0.00415	0.00138	0.00554	0.00369	0.00185	0.00461
143	0.02439	0.22430	0.09763	0.00979	0.04965	0.15400	0.00847	0.15909	0.02378	0.07629	0.00922	0.01197	0.00772	0.00502	0.00437	0.00123	0.05552	0.06913	0.00276	0.00566
144	0.00833	0.02149	0.83250	0.01184	0.01798	0.00965	0.01535	0.01315	0.00877	0.01315	0.00745	0.00877	0.00526	0.00395	0.00395	0.00132	0.00614	0.00307	0.00175	0.00614
145	0.04975	0.55381	0.22509	0.00833	0.01243	0.01396	0.00908	0.02768	0.00875	0.03737	0.00661	0.00753	0.00547	0.00379	0.00321	0.00105	0.01602	0.00255	0.00196	0.00557
146	0.01068	0.06881	0.11526	0.00908	0.01195	0.04713	0.02248	0.06208	0.46977	0.04344	0.01406	0.01445	0.02307	0.00546	0.00448	0.00137	0.03578	0.03096	0.00353	0.00617
147	0.00508	0.00365	0.00483	0.00576	0.00605	0.00340	0.00388	0.00584	0.00803	0.01065	0.02353	0.81061	0.05467	0.01290	0.00530	0.00168	0.00242	0.02447	0.00386	0.00339

[dist]
# distance from previous block
# <min> <max>
0	33

# created by:
# /st0/software/busco_prod/Augustus/scripts/msa2prfl.pl ./align_prep/1405073.fa
