[name]
unknown

[dist]
# distance from previous block
# <min> <max>
0	417

[block]
# block no. 0 follows, 51 sequences, length 30
# corresponding to MSA columns:
# 432-461
name=unknown_A
#
# <colnr> <probs for GDERKNQSTAVLIFYWHMCP>
#	G	D	E	R	K	N	Q	S	T	A	V	L	I	F	Y	W	H	M	C	P
0	0.07055	0.09287	0.05858	0.09510	0.04568	0.02670	0.08837	0.08334	0.08714	0.12262	0.03141	0.01481	0.02416	0.00558	0.00495	0.00147	0.02692	0.02440	0.00356	0.09180
1	0.01334	0.07837	0.10522	0.00974	0.02447	0.09712	0.00850	0.08211	0.11401	0.14426	0.07036	0.02015	0.08185	0.04718	0.02144	0.00177	0.00516	0.03315	0.00403	0.03779
2	0.03562	0.08201	0.06560	0.02123	0.01238	0.03651	0.00780	0.05648	0.20824	0.13155	0.04601	0.12406	0.05951	0.00751	0.00518	0.00155	0.02570	0.00615	0.00424	0.06267
3	0.06732	0.00953	0.02845	0.16197	0.25124	0.00996	0.02213	0.05722	0.01151	0.05198	0.09138	0.03398	0.07725	0.01859	0.00606	0.00166	0.05810	0.03216	0.00330	0.00621
4	0.05190	0.09388	0.14903	0.01094	0.04266	0.01048	0.05581	0.12938	0.01259	0.15612	0.03329	0.13678	0.01337	0.05702	0.00636	0.00176	0.02234	0.00592	0.00381	0.00656
5	0.01205	0.10686	0.19447	0.09954	0.08864	0.03958	0.01156	0.13425	0.11148	0.01711	0.01156	0.01375	0.02138	0.04440	0.04305	0.00195	0.03417	0.00439	0.00306	0.00675
6	0.01021	0.00627	0.00787	0.00735	0.00892	0.00615	0.00553	0.03144	0.09510	0.14752	0.25628	0.16305	0.04808	0.10040	0.04473	0.00231	0.00384	0.04472	0.00487	0.00537
7	0.01122	0.03172	0.05943	0.03940	0.10509	0.03517	0.11891	0.05357	0.01204	0.09712	0.05572	0.13984	0.04450	0.00870	0.00562	0.00174	0.00520	0.16514	0.00387	0.00600
8	0.05579	0.02633	0.25030	0.05879	0.13600	0.02280	0.17147	0.07046	0.01194	0.10279	0.01099	0.04103	0.00843	0.00515	0.00494	0.00156	0.00642	0.00473	0.00301	0.00706
9	0.00599	0.00428	0.00570	0.00684	0.00713	0.00399	0.00456	0.00684	0.00941	0.01254	0.02709	0.82409	0.03250	0.01540	0.00627	0.00200	0.00285	0.01397	0.00456	0.00399
10	0.00850	0.00707	0.01053	0.01007	0.03732	0.00690	0.10295	0.05736	0.01198	0.01564	0.08145	0.11271	0.20268	0.01118	0.00632	0.00190	0.02009	0.28608	0.00425	0.00502
11	0.04204	0.14014	0.10199	0.11229	0.09583	0.04251	0.11981	0.03266	0.01157	0.17544	0.02955	0.02692	0.00925	0.00530	0.00509	0.00150	0.03359	0.00451	0.00324	0.00679
12	0.01149	0.02917	0.15110	0.15807	0.25876	0.01082	0.12161	0.03142	0.01147	0.06955	0.06939	0.03337	0.01103	0.00532	0.00505	0.00155	0.00608	0.00502	0.00291	0.00682
13	0.01122	0.01138	0.05063	0.25985	0.54095	0.01144	0.01479	0.01436	0.01076	0.01501	0.00908	0.01236	0.00736	0.00455	0.00487	0.00152	0.00611	0.00434	0.00234	0.00708
14	0.04172	0.42989	0.13858	0.03298	0.06126	0.03659	0.01022	0.04645	0.08444	0.01462	0.01035	0.01238	0.02340	0.00515	0.00400	0.00132	0.00547	0.03193	0.00269	0.00658
15	0.03004	0.12920	0.20031	0.07857	0.09383	0.05869	0.10740	0.02778	0.01155	0.14322	0.02572	0.02666	0.03492	0.00533	0.00472	0.00148	0.00609	0.00456	0.00310	0.00682
16	0.00631	0.00499	0.00576	0.00619	0.00739	0.00449	0.00463	0.00789	0.02756	0.01366	0.06849	0.26734	0.43397	0.01321	0.00605	0.00183	0.00288	0.10851	0.00460	0.00425
17	0.01023	0.10513	0.70436	0.01363	0.02052	0.01224	0.03716	0.01548	0.01037	0.01517	0.00865	0.01020	0.00627	0.00461	0.00455	0.00151	0.00709	0.00359	0.00209	0.00715
18	0.04948	0.02793	0.06579	0.01263	0.10174	0.03755	0.04693	0.09816	0.11105	0.35525	0.01496	0.01441	0.01031	0.00569	0.00510	0.00153	0.02452	0.00465	0.00457	0.00775
19	0.01059	0.08259	0.45580	0.04194	0.09174	0.01209	0.18517	0.01519	0.01065	0.01517	0.00939	0.03056	0.00728	0.00475	0.00487	0.00154	0.00708	0.00437	0.00226	0.00696
20	0.00625	0.00488	0.00573	0.00625	0.00739	0.00436	0.00470	0.00757	0.01076	0.01350	0.06370	0.28564	0.41158	0.01345	0.00611	0.00186	0.00293	0.13457	0.00458	0.00418
21	0.01363	0.08053	0.03540	0.08819	0.25343	0.14323	0.05480	0.07110	0.03826	0.07306	0.02916	0.01423	0.05010	0.00549	0.00510	0.00147	0.02836	0.00459	0.00309	0.00679
22	0.03633	0.01243	0.15127	0.05975	0.05517	0.03574	0.06135	0.05781	0.02704	0.36170	0.05278	0.01624	0.03806	0.00589	0.00495	0.00154	0.00528	0.00495	0.00437	0.00736
23	0.00768	0.00717	0.03309	0.00807	0.00910	0.06080	0.02705	0.00897	0.00986	0.01285	0.04269	0.42897	0.11649	0.02838	0.07103	0.01782	0.05753	0.02870	0.01934	0.00442
24	0.13459	0.00951	0.03506	0.00942	0.03914	0.06458	0.03394	0.10244	0.05271	0.01672	0.03220	0.04012	0.11077	0.08466	0.15889	0.00308	0.00639	0.05684	0.00354	0.00541
25	0.07920	0.25660	0.19045	0.01116	0.01569	0.03992	0.08902	0.09860	0.01209	0.10522	0.01060	0.05191	0.00855	0.00532	0.00434	0.00141	0.00579	0.00423	0.00310	0.00679
26	0.00740	0.00629	0.03396	0.10364	0.01112	0.00577	0.00623	0.02797	0.01271	0.01742	0.47658	0.11111	0.12694	0.01003	0.00570	0.00163	0.00318	0.02284	0.00470	0.00479
27	0.00606	0.00433	0.00579	0.00693	0.00724	0.00405	0.00469	0.00697	0.00948	0.01263	0.02705	0.79532	0.03234	0.01533	0.00629	0.00201	0.00291	0.04203	0.00456	0.00401
28	0.01248	0.17078	0.20814	0.06152	0.10319	0.01229	0.02758	0.08436	0.08459	0.07748	0.01282	0.01376	0.04086	0.00535	0.00447	0.00143	0.00544	0.00431	0.06222	0.00693
29	0.04990	0.07520	0.03228	0.01258	0.04163	0.02804	0.13292	0.32239	0.08122	0.06228	0.03427	0.01506	0.02586	0.00600	0.00532	0.00154	0.03325	0.02899	0.00401	0.00725

[dist]
# distance from previous block
# <min> <max>
0	1

[block]
# block no. 1 follows, 51 sequences, length 10
# corresponding to MSA columns:
# 463-472
name=unknown_B
#
# <colnr> <probs for GDERKNQSTAVLIFYWHMCP>
#	G	D	E	R	K	N	Q	S	T	A	V	L	I	F	Y	W	H	M	C	P
0	0.13068	0.05870	0.01429	0.01289	0.09568	0.17298	0.05516	0.02693	0.01085	0.02702	0.09806	0.03267	0.01188	0.00720	0.02436	0.00175	0.20556	0.00463	0.00294	0.00577
1	0.42786	0.01396	0.01094	0.00992	0.03850	0.22847	0.00760	0.12287	0.01219	0.04661	0.00823	0.00929	0.00638	0.00507	0.00426	0.00146	0.03387	0.00324	0.00322	0.00604
2	0.01078	0.00667	0.00824	0.00703	0.00928	0.00607	0.00549	0.05039	0.04329	0.16680	0.40679	0.02956	0.12480	0.00860	0.00534	0.00147	0.00304	0.00736	0.00513	0.09389
3	0.41501	0.18946	0.01222	0.00785	0.01072	0.09690	0.00653	0.01516	0.07766	0.01702	0.00827	0.00976	0.00686	0.00615	0.00523	0.09904	0.00472	0.00315	0.00285	0.00543
4	0.00813	0.00563	0.00757	0.00840	0.00960	0.00552	0.00705	0.01039	0.03159	0.04531	0.02767	0.16815	0.08943	0.01328	0.00651	0.00213	0.00408	0.54031	0.00461	0.00465
5	0.01397	0.16652	0.06376	0.03718	0.05393	0.11695	0.09764	0.15358	0.18128	0.01798	0.01129	0.01220	0.00877	0.00537	0.00507	0.00147	0.03840	0.00427	0.00335	0.00701
6	0.26526	0.05081	0.11125	0.00912	0.01264	0.01134	0.02820	0.09244	0.20680	0.05040	0.01250	0.01291	0.00936	0.00540	0.00412	0.00150	0.00445	0.00407	0.10083	0.00660
7	0.06749	0.01192	0.01162	0.02879	0.01337	0.11969	0.00742	0.15578	0.10186	0.05538	0.01080	0.01146	0.00831	0.00480	0.00419	0.00115	0.00482	0.00364	0.00360	0.37392
8	0.00644	0.00437	0.00567	0.00668	0.00711	0.00413	0.00459	0.00752	0.00960	0.01330	0.02578	0.69732	0.03004	0.01421	0.00597	0.00191	0.00286	0.04684	0.10157	0.00408
9	0.00714	0.00546	0.00663	0.00652	0.00780	0.00522	0.00487	0.01017	0.08852	0.01737	0.44216	0.15947	0.17608	0.01108	0.00582	0.00167	0.00265	0.03155	0.00506	0.00475

[dist]
# distance from previous block
# <min> <max>
0	35

[block]
# block no. 2 follows, 51 sequences, length 10
# corresponding to MSA columns:
# 508-517
name=unknown_C
#
# <colnr> <probs for GDERKNQSTAVLIFYWHMCP>
#	G	D	E	R	K	N	Q	S	T	A	V	L	I	F	Y	W	H	M	C	P
0	0.01246	0.55519	0.02068	0.00844	0.01246	0.01598	0.00784	0.01600	0.12746	0.01374	0.00917	0.00989	0.00780	0.00447	0.00352	0.00108	0.00475	0.00312	0.00269	0.16326
1	0.01394	0.02350	0.05684	0.03029	0.01300	0.04283	0.00759	0.16063	0.03419	0.16096	0.05246	0.01517	0.02341	0.04324	0.00539	0.00140	0.00452	0.00441	0.03979	0.26642
2	0.01230	0.15089	0.42098	0.01293	0.01856	0.03694	0.07859	0.15615	0.01284	0.01758	0.00962	0.03344	0.00748	0.00509	0.00460	0.00147	0.00661	0.00408	0.00272	0.00712
3	0.63282	0.23110	0.01223	0.00699	0.01034	0.01330	0.00616	0.01452	0.00880	0.01922	0.00684	0.00796	0.00559	0.00447	0.00307	0.00139	0.00419	0.00265	0.00279	0.00559
4	0.00804	0.00600	0.00728	0.00708	0.00788	0.00661	0.00494	0.01119	0.15116	0.01220	0.01553	0.02525	0.01545	0.40810	0.28680	0.00526	0.00745	0.00622	0.00323	0.00434
5	0.01237	0.00867	0.01041	0.00755	0.01181	0.00667	0.00608	0.01451	0.01090	0.16041	0.01070	0.01139	0.00818	0.00409	0.00388	0.00087	0.00374	0.00329	0.00350	0.70098
6	0.00940	0.00915	0.01623	0.47319	0.06916	0.01032	0.15310	0.01239	0.01017	0.01334	0.01288	0.09872	0.04924	0.00634	0.00566	0.00169	0.03490	0.00593	0.00262	0.00558
7	0.03516	0.06787	0.02667	0.01018	0.01325	0.10259	0.04993	0.18014	0.04495	0.22724	0.01578	0.16231	0.01352	0.00741	0.00519	0.00156	0.01888	0.00611	0.00442	0.00685
8	0.01458	0.51065	0.06426	0.00974	0.01388	0.07073	0.00921	0.19513	0.04163	0.01669	0.00864	0.00938	0.00710	0.00477	0.00380	0.00121	0.00559	0.00325	0.00290	0.00685
9	0.00653	0.00525	0.00652	0.00742	0.06002	0.00472	0.00491	0.00802	0.01131	0.01466	0.20200	0.24699	0.37948	0.01216	0.00586	0.00171	0.00277	0.01059	0.00460	0.00446

[dist]
# distance from previous block
# <min> <max>
0	1

[block]
# block no. 3 follows, 51 sequences, length 43
# corresponding to MSA columns:
# 519-561
name=unknown_D
#
# <colnr> <probs for GDERKNQSTAVLIFYWHMCP>
#	G	D	E	R	K	N	Q	S	T	A	V	L	I	F	Y	W	H	M	C	P
0	0.01321	0.79175	0.02511	0.00853	0.01267	0.03369	0.00841	0.01513	0.03256	0.01183	0.00723	0.00820	0.00656	0.00429	0.00323	0.00107	0.00528	0.00272	0.00219	0.00634
1	0.00694	0.00515	0.00638	0.00622	0.00741	0.00475	0.00460	0.03080	0.01299	0.01776	0.51761	0.16051	0.17821	0.01119	0.00585	0.00163	0.00252	0.00982	0.00511	0.00456
2	0.03571	0.00671	0.00893	0.00785	0.01011	0.00640	0.00623	0.01301	0.01021	0.18989	0.04473	0.06436	0.01427	0.01929	0.33606	0.00406	0.00764	0.04046	0.00377	0.17029
3	0.01309	0.01172	0.03400	0.01419	0.02777	0.04011	0.30824	0.10312	0.15504	0.09886	0.03328	0.06243	0.03515	0.00638	0.00544	0.00164	0.00597	0.03282	0.00390	0.00687
4	0.00711	0.00512	0.00625	0.00590	0.00730	0.00458	0.00445	0.00909	0.01310	0.04354	0.54416	0.03924	0.27074	0.01064	0.00577	0.00158	0.00243	0.00920	0.00518	0.00461
5	0.00933	0.00867	0.01420	0.74047	0.03168	0.01074	0.01298	0.01311	0.05368	0.01301	0.01004	0.04307	0.00798	0.00540	0.00497	0.00165	0.00627	0.00479	0.00243	0.00554
6	0.01288	0.01012	0.01199	0.03551	0.01331	0.05026	0.04097	0.06819	0.28539	0.12262	0.04544	0.06223	0.05394	0.00780	0.00669	0.00172	0.11124	0.04863	0.00439	0.00668
7	0.01501	0.04210	0.07861	0.00935	0.01281	0.00893	0.03600	0.02013	0.20177	0.34237	0.04604	0.05094	0.09972	0.00714	0.00507	0.00158	0.00427	0.00599	0.00494	0.00723
8	0.00941	0.00887	0.01498	0.77906	0.06922	0.01095	0.01371	0.01267	0.00989	0.01272	0.00876	0.01306	0.00661	0.00489	0.00491	0.00163	0.00652	0.00437	0.00220	0.00557
9	0.01347	0.01069	0.01496	0.11271	0.06064	0.05139	0.09169	0.07085	0.03712	0.15426	0.01263	0.01449	0.03852	0.00654	0.00816	0.00170	0.23904	0.00483	0.04991	0.00641
10	0.01288	0.06179	0.02617	0.36895	0.12319	0.15099	0.01182	0.09018	0.03449	0.03972	0.00961	0.01215	0.00739	0.00503	0.00468	0.00148	0.00643	0.00411	0.02265	0.00630
11	0.00596	0.00485	0.00527	0.00546	0.00680	0.00417	0.00398	0.00723	0.01112	0.01377	0.11845	0.19702	0.57325	0.01278	0.00590	0.00171	0.00254	0.01092	0.00465	0.00417
12	0.01052	0.00783	0.00766	0.03332	0.00968	0.08783	0.00544	0.03582	0.01236	0.14745	0.06221	0.03455	0.47736	0.00984	0.00538	0.00157	0.00364	0.00807	0.03425	0.00523
13	0.02914	0.00965	0.14506	0.15316	0.01455	0.00803	0.00884	0.01223	0.01012	0.01606	0.04904	0.01810	0.01217	0.00692	0.02252	0.00162	0.07320	0.04732	0.35700	0.00528
14	0.00666	0.00463	0.00627	0.00752	0.02960	0.00431	0.00492	0.00762	0.00965	0.03732	0.02686	0.75806	0.04862	0.01473	0.00618	0.00196	0.00297	0.01333	0.00455	0.00424
15	0.01131	0.01158	0.02073	0.31662	0.17906	0.03799	0.28405	0.03995	0.02181	0.01507	0.00948	0.01286	0.00728	0.00460	0.00520	0.00159	0.00703	0.00485	0.00248	0.00646
16	0.01789	0.02198	0.01373	0.01237	0.01495	0.71525	0.00935	0.06370	0.03979	0.01339	0.00839	0.00961	0.00688	0.00596	0.02467	0.00146	0.00861	0.00337	0.00275	0.00589
17	0.01302	0.80177	0.05321	0.00861	0.01292	0.01916	0.00875	0.01475	0.01000	0.01170	0.00690	0.00797	0.00630	0.00422	0.00321	0.00107	0.00533	0.00266	0.00210	0.00634
18	0.00953	0.04009	0.01306	0.11898	0.01428	0.01185	0.00950	0.01105	0.00825	0.01210	0.01014	0.09204	0.01012	0.01307	0.14017	0.00292	0.44583	0.00535	0.02656	0.00511
19	0.04275	0.01225	0.01880	0.09569	0.57175	0.07439	0.05677	0.01552	0.01130	0.04065	0.00935	0.01204	0.00760	0.00453	0.00483	0.00148	0.00615	0.00432	0.00256	0.00728
20	0.01525	0.13633	0.14190	0.03879	0.08531	0.03924	0.03565	0.01849	0.05293	0.28896	0.01351	0.01372	0.02161	0.00555	0.00524	0.00149	0.05118	0.00435	0.02327	0.00722
21	0.00632	0.00477	0.00603	0.00665	0.02071	0.00434	0.00458	0.00770	0.01108	0.01474	0.24281	0.42065	0.20545	0.01308	0.00601	0.00179	0.00268	0.01161	0.00476	0.00427
22	0.00917	0.00728	0.00900	0.04638	0.01173	0.00787	0.00767	0.01519	0.26629	0.01653	0.05102	0.08366	0.05305	0.01084	0.00601	0.00197	0.00416	0.38196	0.00461	0.00560
23	0.01350	0.08274	0.17501	0.02485	0.15274	0.11527	0.07723	0.09014	0.01267	0.08851	0.05306	0.03952	0.01043	0.00563	0.00525	0.00149	0.03724	0.00466	0.00315	0.00688
24	0.01009	0.01233	0.14391	0.14746	0.22481	0.01025	0.16671	0.01366	0.02292	0.01525	0.07261	0.09181	0.01287	0.00681	0.02542	0.00177	0.00627	0.00585	0.00283	0.00640
25	0.00665	0.00532	0.00579	0.00582	0.00728	0.00477	0.00429	0.05074	0.01165	0.01452	0.08963	0.21552	0.53540	0.01257	0.00586	0.00172	0.00272	0.01073	0.00464	0.00438
26	0.04029	0.11277	0.42878	0.01237	0.01762	0.07991	0.03558	0.05155	0.02691	0.06260	0.03438	0.01143	0.00817	0.00521	0.00517	0.00151	0.05232	0.00387	0.00270	0.00688
27	0.01182	0.04510	0.18439	0.06688	0.19587	0.03588	0.08684	0.06169	0.04237	0.06236	0.10762	0.03356	0.01311	0.00580	0.00526	0.00154	0.02477	0.00511	0.00321	0.00683
28	0.15944	0.03425	0.03610	0.04969	0.01279	0.13731	0.01954	0.02913	0.03853	0.16561	0.05495	0.13137	0.03959	0.00777	0.01544	0.00167	0.05122	0.00581	0.00387	0.00595
29	0.00619	0.00457	0.00583	0.00670	0.00736	0.00421	0.00475	0.00731	0.01010	0.01317	0.06076	0.57360	0.17203	0.01446	0.00622	0.00194	0.00293	0.08915	0.00459	0.00410
30	0.01179	0.02969	0.10694	0.01336	0.01580	0.08016	0.14424	0.01406	0.00980	0.05918	0.01023	0.03787	0.03012	0.00735	0.02015	0.00187	0.36426	0.00483	0.00264	0.03568
31	0.02549	0.07055	0.10045	0.07196	0.09206	0.05948	0.15370	0.01407	0.02180	0.07954	0.06368	0.11254	0.08738	0.00708	0.00533	0.00158	0.01751	0.00637	0.00334	0.00609
32	0.00861	0.02517	0.06455	0.00869	0.01004	0.00730	0.02023	0.01023	0.00993	0.06935	0.09558	0.36110	0.05830	0.01367	0.07839	0.00239	0.13838	0.00920	0.00392	0.00496
33	0.00945	0.00878	0.01124	0.01002	0.01022	0.03625	0.00782	0.01026	0.00787	0.01127	0.01200	0.04709	0.04733	0.23927	0.04671	0.00304	0.46850	0.00572	0.00261	0.00457
34	0.03821	0.05853	0.09866	0.01089	0.03944	0.04732	0.03328	0.15945	0.01465	0.39869	0.01432	0.01359	0.00961	0.00551	0.00472	0.00145	0.00517	0.00438	0.00464	0.03750
35	0.05244	0.02866	0.09357	0.10353	0.05716	0.07512	0.06827	0.09208	0.06515	0.12172	0.04151	0.04555	0.04124	0.03243	0.03204	0.00184	0.01253	0.00518	0.00361	0.02637
36	0.02629	0.07699	0.12373	0.12392	0.10543	0.00964	0.03567	0.04595	0.01155	0.13107	0.04117	0.10916	0.06491	0.00725	0.00505	0.00159	0.00509	0.04863	0.00358	0.02333
37	0.05255	0.04927	0.01452	0.20746	0.12630	0.06761	0.05501	0.08833	0.01212	0.10834	0.01330	0.11473	0.02672	0.00641	0.00490	0.00154	0.00549	0.00555	0.00339	0.03645
38	0.05858	0.08838	0.18381	0.03097	0.01518	0.02162	0.07044	0.08440	0.08854	0.09308	0.12913	0.01679	0.03622	0.00617	0.00519	0.00152	0.03353	0.00503	0.00369	0.02774
39	0.04214	0.05431	0.10652	0.04410	0.14062	0.10488	0.08538	0.16775	0.04610	0.05781	0.03269	0.01258	0.00906	0.00514	0.00469	0.00143	0.00597	0.00430	0.02998	0.04457
40	0.05149	0.09112	0.03931	0.11628	0.06027	0.08488	0.11494	0.10492	0.07378	0.06451	0.01098	0.01245	0.01952	0.00510	0.00494	0.00142	0.03063	0.00424	0.00319	0.10602
41	0.08054	0.02916	0.14218	0.02437	0.02526	0.05495	0.04062	0.09833	0.10459	0.17303	0.06636	0.03392	0.04242	0.00628	0.00481	0.00152	0.00504	0.01776	0.00409	0.04477
42	0.02295	0.03331	0.11430	0.04792	0.06970	0.02142	0.14105	0.16451	0.10754	0.06475	0.04935	0.01649	0.04137	0.02441	0.00546	0.00160	0.00559	0.01624	0.01502	0.03702

[dist]
# distance from previous block
# <min> <max>
5	41

[block]
# block no. 4 follows, 51 sequences, length 36
# corresponding to MSA columns:
# 611-623,625-628,631-649
name=unknown_E
#
# <colnr> <probs for GDERKNQSTAVLIFYWHMCP>
#	G	D	E	R	K	N	Q	S	T	A	V	L	I	F	Y	W	H	M	C	P
0	0.03308	0.12647	0.08214	0.04769	0.06944	0.05691	0.03074	0.06941	0.12249	0.12479	0.01307	0.03442	0.02780	0.00653	0.02188	0.00162	0.06970	0.00457	0.00352	0.05372
1	0.02731	0.04376	0.07259	0.06394	0.02996	0.02304	0.10761	0.07498	0.06603	0.08701	0.11717	0.05510	0.05866	0.00742	0.02759	0.00165	0.01601	0.00573	0.00376	0.11069
2	0.02080	0.02677	0.07703	0.08162	0.01377	0.00845	0.03803	0.05857	0.11576	0.09867	0.18814	0.05689	0.06061	0.00800	0.00576	0.03606	0.00429	0.03781	0.00421	0.05875
3	0.01091	0.04341	0.06729	0.00982	0.02857	0.05085	0.04064	0.09680	0.05674	0.05532	0.08682	0.17457	0.03039	0.04183	0.07341	0.00221	0.04083	0.00679	0.00379	0.07903
4	0.02569	0.09532	0.06642	0.06336	0.08237	0.06317	0.03129	0.07410	0.05783	0.06529	0.01355	0.09141	0.02848	0.02673	0.00573	0.00155	0.04126	0.03846	0.00336	0.12465
5	0.00985	0.02367	0.07941	0.16087	0.10772	0.00867	0.05477	0.01334	0.06427	0.05090	0.11158	0.07121	0.10769	0.00698	0.00506	0.00150	0.00474	0.00617	0.00350	0.10810
6	0.01228	0.00861	0.01027	0.00755	0.01167	0.00680	0.00606	0.01480	0.03614	0.15206	0.01115	0.01181	0.00853	0.00422	0.00390	0.00091	0.00370	0.00340	0.02736	0.65878
7	0.00700	0.00479	0.00532	0.00532	0.00550	0.00470	0.00306	0.00714	0.00759	0.00994	0.01928	0.03383	0.10373	0.73722	0.02289	0.00442	0.00451	0.00750	0.00315	0.00311
8	0.01866	0.00757	0.01027	0.00824	0.01139	0.00660	0.00665	0.02052	0.01363	0.62855	0.12028	0.09164	0.01841	0.00743	0.00517	0.00157	0.00382	0.00626	0.00586	0.00749
9	0.01035	0.00959	0.01606	0.18818	0.38077	0.01001	0.06018	0.01348	0.03613	0.01518	0.06712	0.05718	0.01354	0.03832	0.00600	0.00174	0.00555	0.06128	0.00295	0.00639
10	0.00663	0.00501	0.00612	0.00584	0.00714	0.00450	0.00438	0.00864	0.01314	0.01788	0.58252	0.03972	0.25904	0.01073	0.00580	0.00158	0.00237	0.00931	0.00517	0.00450
11	0.03290	0.29537	0.04739	0.04669	0.01540	0.30959	0.02932	0.10168	0.03110	0.03596	0.00855	0.00963	0.00692	0.00487	0.00411	0.00127	0.00673	0.00335	0.00278	0.00638
12	0.01268	0.01257	0.16975	0.03420	0.03581	0.01012	0.03699	0.20942	0.08011	0.09881	0.04057	0.16492	0.02970	0.03431	0.00585	0.00173	0.00503	0.00657	0.00412	0.00675
13	0.00664	0.00499	0.00614	0.00590	0.00716	0.00449	0.00441	0.00864	0.01309	0.01787	0.58314	0.06209	0.23578	0.01081	0.00581	0.00159	0.00238	0.00941	0.00517	0.00449
14	0.01407	0.08007	0.01209	0.00909	0.01198	0.02398	0.00739	0.16451	0.23976	0.15552	0.18529	0.02075	0.01953	0.00710	0.00503	0.00154	0.00411	0.02620	0.00496	0.00706
15	0.02361	0.12297	0.13980	0.01021	0.03933	0.01020	0.03519	0.04843	0.01122	0.09166	0.04155	0.02495	0.00944	0.00493	0.00470	0.00119	0.04006	0.00387	0.00313	0.33358
16	0.42934	0.08206	0.03610	0.00861	0.01179	0.13347	0.00725	0.08660	0.01132	0.09001	0.00939	0.04122	0.00757	0.00538	0.00405	0.00147	0.02139	0.00361	0.00334	0.00603
17	0.07408	0.01349	0.01425	0.01099	0.01486	0.01496	0.00908	0.72995	0.02214	0.03039	0.01147	0.01155	0.00816	0.00581	0.00479	0.00148	0.00530	0.00431	0.00479	0.00816
18	0.01003	0.00860	0.01001	0.00720	0.01147	0.00647	0.00575	0.01219	0.01023	0.01592	0.01019	0.01151	0.03522	0.00395	0.00372	0.00076	0.00360	0.00318	0.00297	0.82706
19	0.02169	0.00895	0.01176	0.00902	0.01284	0.00809	0.00745	0.10543	0.01504	0.71719	0.01857	0.01620	0.01175	0.00606	0.00494	0.00152	0.00431	0.00489	0.00596	0.00836
20	0.02862	0.11242	0.23143	0.01073	0.01507	0.01153	0.04183	0.18563	0.01348	0.16054	0.02497	0.01437	0.00972	0.08808	0.00705	0.02391	0.00562	0.00445	0.00362	0.00693
21	0.02370	0.06806	0.17947	0.03177	0.11122	0.05704	0.08647	0.03681	0.07584	0.01573	0.05814	0.06563	0.09719	0.00772	0.02375	0.00173	0.00571	0.04451	0.00326	0.00624
22	0.10762	0.09091	0.01256	0.00861	0.01234	0.00945	0.00725	0.08370	0.01374	0.56470	0.01616	0.01456	0.01057	0.00572	0.00454	0.00146	0.00432	0.00443	0.01958	0.00778
23	0.77786	0.09086	0.00906	0.00666	0.00981	0.01186	0.00563	0.01447	0.00852	0.02101	0.00684	0.00797	0.00542	0.00453	0.00305	0.00147	0.00395	0.00266	0.00295	0.00542
24	0.00605	0.00442	0.00564	0.00652	0.00701	0.00407	0.00440	0.00699	0.00974	0.01284	0.06341	0.66119	0.12788	0.04647	0.00692	0.00204	0.00286	0.01303	0.00454	0.00400
25	0.03070	0.01151	0.05087	0.15002	0.27088	0.01120	0.26358	0.01427	0.01083	0.01534	0.01086	0.02603	0.02126	0.00512	0.00550	0.00160	0.03157	0.02452	0.03778	0.00655
26	0.01017	0.03048	0.08702	0.02949	0.04140	0.00681	0.00723	0.02503	0.03062	0.13711	0.34838	0.13400	0.06086	0.00897	0.00542	0.00158	0.00360	0.00781	0.00469	0.01933
27	0.57002	0.18267	0.04624	0.00809	0.01148	0.01307	0.03799	0.01447	0.00888	0.01880	0.00703	0.00842	0.00571	0.00468	0.00391	0.00146	0.04578	0.00291	0.00274	0.00567
28	0.01314	0.83025	0.02575	0.00841	0.01261	0.01945	0.00841	0.01472	0.00999	0.01156	0.00683	0.00788	0.00631	0.00420	0.00315	0.00105	0.00526	0.00263	0.00210	0.00631
29	0.01030	0.01402	0.21824	0.06842	0.10227	0.04314	0.19632	0.01393	0.02504	0.03296	0.06437	0.14080	0.01404	0.02684	0.00580	0.00171	0.00617	0.00637	0.00301	0.00623
30	0.00601	0.00490	0.00532	0.00540	0.00681	0.00421	0.00398	0.00738	0.01141	0.01422	0.16632	0.14133	0.58075	0.01242	0.00586	0.00168	0.00251	0.01058	0.00470	0.00421
31	0.00727	0.00570	0.00707	0.07202	0.00979	0.00562	0.00545	0.03085	0.04942	0.01578	0.24428	0.17569	0.26689	0.01208	0.03806	0.00193	0.00344	0.02097	0.02300	0.00468
32	0.02984	0.01513	0.17142	0.09261	0.21597	0.06559	0.15192	0.12813	0.01299	0.01779	0.04433	0.01283	0.00896	0.00497	0.00498	0.00152	0.00657	0.00458	0.00287	0.00701
33	0.00709	0.00479	0.00544	0.00544	0.00554	0.00479	0.00313	0.00721	0.00733	0.00975	0.01673	0.03225	0.04801	0.76461	0.05480	0.00477	0.00500	0.00720	0.00303	0.00308
34	0.79042	0.04592	0.00821	0.00664	0.00976	0.01125	0.00554	0.01484	0.00867	0.05296	0.00735	0.00833	0.00564	0.00461	0.00312	0.00150	0.00388	0.00275	0.00312	0.00549
35	0.05035	0.05002	0.01395	0.01088	0.01393	0.12568	0.00884	0.42650	0.07958	0.02315	0.01108	0.01205	0.00851	0.00813	0.05810	0.01741	0.06650	0.00423	0.00398	0.00713

[dist]
# distance from previous block
# <min> <max>
0	1

[block]
# block no. 5 follows, 51 sequences, length 6
# corresponding to MSA columns:
# 651-655,663
name=unknown_F
#
# <colnr> <probs for GDERKNQSTAVLIFYWHMCP>
#	G	D	E	R	K	N	Q	S	T	A	V	L	I	F	Y	W	H	M	C	P
0	0.00654	0.00490	0.00607	0.00599	0.00714	0.00443	0.00441	0.00840	0.01262	0.01715	0.50680	0.15311	0.22162	0.01139	0.00587	0.00164	0.00244	0.00997	0.00509	0.00443
1	0.01394	0.05961	0.15229	0.03954	0.04798	0.28412	0.05672	0.05568	0.10482	0.01495	0.00955	0.01114	0.00760	0.00557	0.00618	0.00152	0.11558	0.00396	0.00278	0.00647
2	0.03574	0.00852	0.01096	0.04464	0.02949	0.00886	0.00747	0.10689	0.05408	0.30659	0.04022	0.01700	0.03076	0.02925	0.05829	0.05355	0.07725	0.00499	0.05142	0.02402
3	0.27430	0.03342	0.05423	0.05491	0.03302	0.03077	0.06684	0.08833	0.09096	0.13436	0.01221	0.01290	0.03037	0.00560	0.00509	0.00157	0.05668	0.00422	0.00366	0.00658
4	0.01672	0.14410	0.06219	0.01179	0.01502	0.51231	0.00972	0.09539	0.06190	0.01459	0.00874	0.00968	0.00706	0.00509	0.00434	0.00130	0.00757	0.00339	0.00283	0.00628
5	0.01108	0.05099	0.01131	0.03433	0.01113	0.15066	0.03082	0.05901	0.00992	0.01239	0.01125	0.01982	0.01161	0.36495	0.01529	0.00294	0.13641	0.00525	0.00280	0.04805

[dist]
# distance from previous block
# <min> <max>
1	3

[block]
# block no. 6 follows, 51 sequences, length 10
# corresponding to MSA columns:
# 667-676
name=unknown_G
#
# <colnr> <probs for GDERKNQSTAVLIFYWHMCP>
#	G	D	E	R	K	N	Q	S	T	A	V	L	I	F	Y	W	H	M	C	P
0	0.00667	0.00523	0.00777	0.00797	0.00888	0.00488	0.06690	0.00804	0.01018	0.01348	0.07131	0.57372	0.09517	0.01376	0.00622	0.00194	0.00339	0.08574	0.00444	0.00431
1	0.06260	0.01283	0.08161	0.07456	0.08221	0.03948	0.27165	0.09857	0.03577	0.09322	0.01260	0.01422	0.04431	0.00520	0.00523	0.00155	0.01829	0.00497	0.00325	0.03788
2	0.01336	0.14807	0.08180	0.18049	0.09401	0.11792	0.10010	0.06184	0.01197	0.08737	0.01034	0.03630	0.00821	0.00516	0.00465	0.00145	0.00635	0.00438	0.01974	0.00652
3	0.00612	0.00472	0.00560	0.00594	0.00698	0.00419	0.00424	0.00745	0.01111	0.01439	0.20180	0.33905	0.34468	0.01304	0.00598	0.00176	0.00259	0.01141	0.00475	0.00419
4	0.18808	0.00848	0.01076	0.00936	0.03944	0.00827	0.03819	0.05781	0.01273	0.37038	0.08832	0.05670	0.01564	0.00703	0.00488	0.00161	0.00419	0.06647	0.00487	0.00680
5	0.03954	0.01391	0.14732	0.04473	0.07193	0.05421	0.06997	0.17729	0.12691	0.09499	0.04908	0.01578	0.01149	0.00591	0.00496	0.00155	0.00560	0.03543	0.00387	0.02554
6	0.00862	0.00895	0.13915	0.03434	0.01096	0.00628	0.00726	0.02728	0.01196	0.05597	0.28300	0.13497	0.11659	0.00899	0.00527	0.00154	0.00360	0.00774	0.07427	0.05325
7	0.05796	0.00616	0.00764	0.00682	0.00859	0.00589	0.00524	0.01294	0.06005	0.14921	0.54669	0.03050	0.03547	0.03783	0.00613	0.00166	0.00289	0.00762	0.00528	0.00543
8	0.01200	0.01135	0.04023	0.10438	0.06333	0.01075	0.40519	0.05926	0.01213	0.08857	0.01412	0.04927	0.04260	0.00595	0.00558	0.00167	0.00669	0.05721	0.00322	0.00649
9	0.07184	0.01423	0.07970	0.01314	0.04706	0.14012	0.10286	0.13483	0.04686	0.06684	0.05400	0.01292	0.00979	0.00614	0.00720	0.00163	0.17647	0.00451	0.00330	0.00654

[dist]
# distance from previous block
# <min> <max>
4	21

[block]
# block no. 7 follows, 51 sequences, length 9
# corresponding to MSA columns:
# 699-707
name=unknown_H
#
# <colnr> <probs for GDERKNQSTAVLIFYWHMCP>
#	G	D	E	R	K	N	Q	S	T	A	V	L	I	F	Y	W	H	M	C	P
0	0.04992	0.01264	0.07911	0.00989	0.01345	0.13121	0.04096	0.06003	0.08544	0.08956	0.03260	0.05497	0.02501	0.00643	0.02259	0.00146	0.02375	0.00459	0.00353	0.25285
1	0.00624	0.00480	0.00571	0.00590	0.00701	0.00427	0.00426	0.00773	0.01160	0.01520	0.28949	0.26108	0.33408	0.01248	0.00593	0.00172	0.00253	0.01089	0.00484	0.00427
2	0.01294	0.03681	0.05630	0.07671	0.03985	0.08361	0.03597	0.12975	0.13205	0.06135	0.01312	0.05506	0.02413	0.03295	0.00631	0.00159	0.07046	0.00492	0.00357	0.12256
3	0.00664	0.00493	0.00620	0.00617	0.00729	0.00449	0.00459	0.00854	0.01265	0.01728	0.51506	0.15497	0.18106	0.01141	0.00591	0.00166	0.00251	0.03909	0.00510	0.00445
4	0.03355	0.03497	0.01354	0.05114	0.17691	0.00987	0.06813	0.05528	0.14533	0.04633	0.12609	0.04967	0.07897	0.00717	0.00546	0.00159	0.02909	0.02549	0.03505	0.00638
5	0.00731	0.00508	0.00626	0.00609	0.00739	0.00459	0.00458	0.00921	0.01260	0.04760	0.45482	0.11243	0.21921	0.01091	0.00575	0.00162	0.00256	0.03619	0.04121	0.00460
6	0.00897	0.00728	0.01002	0.05591	0.08872	0.00735	0.04288	0.09587	0.03597	0.01581	0.05564	0.23104	0.15831	0.06695	0.00710	0.00198	0.00417	0.09673	0.00409	0.00522
7	0.00928	0.00873	0.01474	0.81548	0.03385	0.01092	0.01365	0.01256	0.00983	0.01256	0.00873	0.01310	0.00655	0.00491	0.00491	0.00164	0.00655	0.00437	0.00218	0.00546
8	0.17942	0.04254	0.15135	0.04241	0.03512	0.12161	0.15502	0.05966	0.01137	0.04228	0.00988	0.04131	0.00816	0.04002	0.00540	0.00163	0.00625	0.00439	0.00288	0.03929

[dist]
# distance from previous block
# <min> <max>
11	18

[block]
# block no. 8 follows, 51 sequences, length 15
# corresponding to MSA columns:
# 729-735,742-749
name=unknown_I
#
# <colnr> <probs for GDERKNQSTAVLIFYWHMCP>
#	G	D	E	R	K	N	Q	S	T	A	V	L	I	F	Y	W	H	M	C	P
0	0.06313	0.09413	0.01509	0.09962	0.22295	0.07000	0.02008	0.02599	0.10319	0.03087	0.02634	0.01384	0.04369	0.00514	0.00444	0.00134	0.00514	0.00428	0.00305	0.14769
1	0.00874	0.00482	0.00687	0.00651	0.00705	0.00455	0.00446	0.00714	0.00687	0.00947	0.00856	0.01435	0.00838	0.01540	0.01727	0.75053	0.00419	0.00410	0.00223	0.10849
2	0.15274	0.04578	0.02730	0.03236	0.01440	0.06284	0.07070	0.18113	0.05859	0.21667	0.02756	0.01371	0.02564	0.00572	0.00495	0.00151	0.03025	0.00445	0.00421	0.01948
3	0.68229	0.01157	0.10689	0.00882	0.05583	0.01099	0.00753	0.01491	0.00895	0.04442	0.00760	0.00878	0.00578	0.00461	0.00340	0.00152	0.00436	0.00295	0.00298	0.00580
4	0.01164	0.01216	0.01581	0.43291	0.16757	0.15753	0.04453	0.01444	0.01093	0.01348	0.00867	0.01195	0.00683	0.00472	0.00476	0.00147	0.00671	0.00410	0.00236	0.06744
5	0.75567	0.00895	0.00714	0.00643	0.00923	0.01023	0.00524	0.01380	0.00905	0.02176	0.10474	0.01156	0.01043	0.00524	0.00338	0.00152	0.00362	0.00344	0.00334	0.00524
6	0.00821	0.00598	0.00736	0.00767	0.00861	0.00608	0.00550	0.12137	0.03498	0.01542	0.02357	0.58646	0.02688	0.04671	0.03825	0.00226	0.00381	0.04167	0.00449	0.00475
7	0.00599	0.00428	0.00570	0.00684	0.00713	0.00399	0.00456	0.00684	0.00941	0.01254	0.02709	0.82409	0.03250	0.01540	0.00627	0.00200	0.00285	0.01397	0.00456	0.00399
8	0.86201	0.00950	0.00722	0.00646	0.00950	0.01102	0.00532	0.01445	0.00836	0.02205	0.00684	0.00798	0.00532	0.00456	0.00304	0.00152	0.00380	0.00266	0.00304	0.00532
9	0.00881	0.00474	0.00502	0.00516	0.00633	0.00469	0.00401	0.01104	0.01048	0.01758	0.01921	0.02460	0.05942	0.00709	0.00399	0.00131	0.00258	0.09930	0.70009	0.00455
10	0.01329	0.02667	0.01469	0.05170	0.01475	0.21038	0.05337	0.03816	0.02954	0.05838	0.03989	0.01292	0.00911	0.03913	0.01056	0.00187	0.36261	0.00444	0.00281	0.00574
11	0.00639	0.00489	0.00550	0.00550	0.00657	0.00439	0.00385	0.00760	0.01086	0.01399	0.22276	0.09995	0.38773	0.18675	0.00996	0.00232	0.00296	0.00959	0.00443	0.00401
12	0.00779	0.05362	0.01073	0.10046	0.03390	0.00695	0.08163	0.00990	0.01156	0.01544	0.28554	0.19349	0.15012	0.00988	0.00562	0.00165	0.00378	0.00887	0.00418	0.00490
13	0.03049	0.00829	0.02896	0.00746	0.01091	0.00659	0.00605	0.01255	0.05460	0.04648	0.01636	0.10393	0.08502	0.00651	0.00441	0.00115	0.00362	0.04055	0.00354	0.52254
14	0.00709	0.00533	0.00684	0.00776	0.05235	0.00485	0.00523	0.00846	0.01067	0.03177	0.11863	0.35182	0.23151	0.04486	0.00668	0.00190	0.00311	0.06397	0.00445	0.03272

[dist]
# distance from previous block
# <min> <max>
0	43

# created by:
# /st0/software/busco_prod/Augustus/scripts/msa2prfl.pl ./align_prep/1405146.fa
