[name]
unknown

[dist]
# distance from previous block
# <min> <max>
0	104

[block]
# block no. 0 follows, 53 sequences, length 28
# corresponding to MSA columns:
# 122-131,135-152
name=unknown_A
#
# <colnr> <probs for GDERKNQSTAVLIFYWHMCP>
#	G	D	E	R	K	N	Q	S	T	A	V	L	I	F	Y	W	H	M	C	P
0	0.00951	0.00837	0.06686	0.01108	0.04626	0.00726	0.10159	0.01211	0.01125	0.07554	0.09473	0.03658	0.03902	0.00976	0.00624	0.00187	0.03319	0.39538	0.00398	0.02941
1	0.18369	0.00842	0.01044	0.05158	0.02515	0.00808	0.00704	0.02016	0.03918	0.53134	0.01567	0.03224	0.01058	0.00570	0.00444	0.00148	0.00409	0.00450	0.00493	0.03130
2	0.09289	0.01261	0.01384	0.03374	0.08747	0.15147	0.10267	0.04097	0.34768	0.01752	0.01373	0.04195	0.01089	0.00575	0.00471	0.00153	0.00539	0.00488	0.00365	0.00668
3	0.04152	0.01087	0.01868	0.07197	0.52098	0.01079	0.11260	0.01577	0.01115	0.12379	0.01032	0.01249	0.00796	0.00449	0.00480	0.00146	0.00574	0.00446	0.00286	0.00729
4	0.49814	0.00943	0.00913	0.00753	0.01078	0.01016	0.00620	0.12440	0.01171	0.24059	0.01087	0.01082	0.00756	0.00505	0.00373	0.00147	0.00399	0.00348	0.01856	0.00640
5	0.05445	0.03011	0.04014	0.04294	0.10731	0.02271	0.24217	0.05871	0.03490	0.28087	0.01266	0.01341	0.00886	0.00502	0.00514	0.00152	0.02344	0.00474	0.00377	0.00713
6	0.01174	0.01126	0.01923	0.05547	0.77680	0.01133	0.01462	0.01459	0.01084	0.01550	0.00897	0.01186	0.00753	0.00428	0.00473	0.00143	0.00570	0.00426	0.00236	0.00750
7	0.01119	0.06556	0.08101	0.06655	0.24578	0.01190	0.30258	0.01574	0.09731	0.01537	0.01068	0.03557	0.00863	0.00476	0.00501	0.00152	0.00639	0.00500	0.00266	0.00678
8	0.00673	0.00591	0.00838	0.13832	0.01234	0.00572	0.06395	0.00842	0.01034	0.01288	0.03351	0.20604	0.42036	0.01097	0.00564	0.00170	0.00363	0.03685	0.00391	0.00440
9	0.01309	0.00738	0.01063	0.01105	0.12954	0.00729	0.00739	0.01487	0.01126	0.30194	0.13940	0.06147	0.01759	0.08116	0.10812	0.00258	0.05888	0.00596	0.00427	0.00614
10	0.03957	0.06789	0.39338	0.03251	0.06823	0.01125	0.06647	0.06993	0.07526	0.03950	0.05452	0.03959	0.01025	0.00538	0.00465	0.00150	0.00590	0.00451	0.00290	0.00679
11	0.03440	0.06487	0.41364	0.06164	0.03622	0.01174	0.08286	0.12754	0.01226	0.09558	0.00996	0.01115	0.00707	0.00478	0.00459	0.00148	0.00632	0.00394	0.00288	0.00707
12	0.01785	0.02278	0.01354	0.01231	0.01478	0.81284	0.00924	0.01909	0.01354	0.01170	0.00739	0.00862	0.00616	0.00493	0.00431	0.00123	0.00862	0.00308	0.00246	0.00554
13	0.02730	0.01080	0.08092	0.07600	0.19523	0.00980	0.08746	0.02982	0.14370	0.15848	0.08859	0.01709	0.04167	0.00581	0.00493	0.00152	0.00499	0.00522	0.00378	0.00690
14	0.01464	0.04609	0.10893	0.13874	0.16208	0.03290	0.01106	0.10858	0.08391	0.22634	0.01258	0.01318	0.00894	0.00520	0.00467	0.00147	0.00536	0.00432	0.00373	0.00726
15	0.01131	0.00881	0.01062	0.06217	0.03529	0.00997	0.00768	0.01861	0.38251	0.10114	0.05282	0.06878	0.09861	0.00771	0.00630	0.00167	0.09894	0.00622	0.00435	0.00648
16	0.00607	0.00444	0.00575	0.00657	0.00717	0.00411	0.00465	0.00722	0.00997	0.01317	0.10570	0.58304	0.12579	0.01394	0.00605	0.00188	0.00283	0.08311	0.00452	0.00401
17	0.01351	0.04986	0.02995	0.06833	0.20258	0.17486	0.04594	0.11202	0.05157	0.06176	0.01224	0.06826	0.02367	0.00609	0.00516	0.00149	0.03290	0.03008	0.00322	0.00649
18	0.04939	0.00910	0.01078	0.10733	0.07957	0.10512	0.05094	0.01195	0.04167	0.03506	0.01278	0.07534	0.01283	0.30757	0.03455	0.00285	0.03968	0.00582	0.00291	0.00475
19	0.00739	0.00541	0.00730	0.00758	0.00849	0.00585	0.00565	0.01009	0.09539	0.03161	0.01920	0.32523	0.02017	0.02327	0.37348	0.00452	0.00754	0.03358	0.00366	0.00458
20	0.01003	0.00846	0.01232	0.21808	0.05665	0.00985	0.03779	0.10641	0.02939	0.03226	0.01389	0.21165	0.01381	0.02354	0.04455	0.00207	0.14447	0.01606	0.00324	0.00547
21	0.00894	0.00870	0.01037	0.17167	0.07240	0.11173	0.03187	0.01112	0.02820	0.01315	0.07540	0.12819	0.18120	0.01209	0.11143	0.00238	0.00586	0.00704	0.00332	0.00494
22	0.11432	0.00666	0.00801	0.00734	0.00937	0.00649	0.04117	0.01228	0.07662	0.11481	0.07850	0.09179	0.27048	0.03343	0.00584	0.00176	0.00350	0.10811	0.00439	0.00513
23	0.01106	0.03521	0.00937	0.00774	0.01007	0.00845	0.00619	0.20311	0.10246	0.07196	0.12827	0.04911	0.24513	0.03216	0.00580	0.00166	0.00366	0.05809	0.00465	0.00584
24	0.00815	0.00537	0.00655	0.00666	0.00789	0.00501	0.00485	0.04489	0.02850	0.09154	0.07952	0.41672	0.21559	0.02649	0.00607	0.00181	0.00300	0.03213	0.00463	0.00465
25	0.23989	0.00774	0.00798	0.00702	0.00930	0.00811	0.00548	0.10848	0.06183	0.11110	0.12620	0.07165	0.12067	0.06568	0.00596	0.00175	0.00354	0.00611	0.02598	0.00554
26	0.06091	0.00707	0.00833	0.00712	0.00940	0.00684	0.00554	0.09158	0.03836	0.24533	0.12848	0.08903	0.06226	0.06111	0.00599	0.00166	0.00346	0.00625	0.12671	0.03457
27	0.01439	0.01572	0.02325	0.01103	0.01316	0.38559	0.00867	0.08803	0.09923	0.03161	0.02188	0.05180	0.03303	0.00762	0.02899	0.00169	0.11663	0.03862	0.00323	0.00582

[dist]
# distance from previous block
# <min> <max>
3	6

[block]
# block no. 1 follows, 53 sequences, length 7
# corresponding to MSA columns:
# 159-165
name=unknown_B
#
# <colnr> <probs for GDERKNQSTAVLIFYWHMCP>
#	G	D	E	R	K	N	Q	S	T	A	V	L	I	F	Y	W	H	M	C	P
0	0.00834	0.00541	0.00682	0.00689	0.00806	0.00513	0.00503	0.04615	0.03445	0.09239	0.18388	0.43304	0.10079	0.01203	0.00575	0.00175	0.00295	0.03157	0.00478	0.00476
1	0.05646	0.00588	0.00679	0.00646	0.00799	0.00563	0.00488	0.06699	0.01181	0.01648	0.25943	0.17023	0.20203	0.04150	0.02910	0.00187	0.00325	0.04359	0.00442	0.05520
2	0.01054	0.00980	0.01191	0.28291	0.01859	0.08688	0.02571	0.05930	0.13139	0.01463	0.01448	0.04655	0.05789	0.05381	0.00700	0.00179	0.08165	0.03622	0.04344	0.00552
3	0.04825	0.00558	0.00699	0.00704	0.00817	0.00545	0.00528	0.03708	0.01055	0.10181	0.11559	0.26137	0.02489	0.13735	0.00893	0.02897	0.00361	0.15423	0.02431	0.00454
4	0.06387	0.00548	0.00634	0.00639	0.00747	0.00539	0.00451	0.00997	0.07225	0.05698	0.14311	0.30228	0.12800	0.15565	0.00880	0.00222	0.00319	0.00936	0.00431	0.00443
5	0.00643	0.00462	0.00568	0.00592	0.00654	0.00445	0.00402	0.00723	0.00903	0.01192	0.10348	0.22773	0.18535	0.24423	0.10907	0.04341	0.00444	0.00905	0.00375	0.00366
6	0.01038	0.02788	0.00969	0.11018	0.01195	0.04538	0.00670	0.10469	0.01024	0.05834	0.01320	0.03782	0.01309	0.31386	0.06088	0.04460	0.06290	0.05042	0.00316	0.00465

[dist]
# distance from previous block
# <min> <max>
1	11

[block]
# block no. 2 follows, 53 sequences, length 30
# corresponding to MSA columns:
# 177-187,190-208
name=unknown_C
#
# <colnr> <probs for GDERKNQSTAVLIFYWHMCP>
#	G	D	E	R	K	N	Q	S	T	A	V	L	I	F	Y	W	H	M	C	P
0	0.12001	0.00735	0.00975	0.16082	0.09117	0.00803	0.00750	0.04855	0.06339	0.03047	0.03615	0.13987	0.02285	0.07560	0.00878	0.15132	0.00444	0.00595	0.00317	0.00485
1	0.01380	0.02822	0.04938	0.02748	0.03106	0.05462	0.03778	0.24861	0.10025	0.08670	0.03500	0.03271	0.01063	0.00765	0.04897	0.00181	0.08098	0.00468	0.04706	0.05263
2	0.02067	0.00480	0.00643	0.00698	0.02870	0.00470	0.00476	0.00754	0.02339	0.01150	0.04900	0.23372	0.15181	0.01575	0.06962	0.31873	0.00410	0.03093	0.00339	0.00350
3	0.02251	0.00635	0.00750	0.00728	0.02538	0.00632	0.00521	0.04559	0.12363	0.09142	0.15089	0.16889	0.14937	0.12071	0.00811	0.01640	0.00334	0.00812	0.02791	0.00508
4	0.16557	0.00661	0.00773	0.00796	0.04707	0.00656	0.00563	0.02187	0.03152	0.08920	0.03095	0.24988	0.06356	0.07601	0.00715	0.04070	0.00364	0.07002	0.00389	0.06448
5	0.00841	0.00651	0.00783	0.00767	0.00853	0.02981	0.00558	0.06704	0.07321	0.01309	0.01670	0.24918	0.01769	0.15701	0.20920	0.05981	0.04725	0.00763	0.00344	0.00442
6	0.10446	0.00620	0.00708	0.00667	0.00837	0.00603	0.00506	0.06428	0.01161	0.11836	0.15393	0.22046	0.17538	0.03960	0.00594	0.00175	0.00317	0.03453	0.02211	0.00500
7	0.04536	0.00513	0.00604	0.00614	0.00703	0.00492	0.00420	0.00904	0.02989	0.07297	0.08541	0.30778	0.13189	0.24954	0.01101	0.00258	0.00339	0.00942	0.00411	0.00414
8	0.01303	0.00832	0.00948	0.00823	0.01054	0.00872	0.00636	0.17039	0.20263	0.16461	0.04120	0.13916	0.03506	0.07732	0.00657	0.00181	0.00384	0.00654	0.07978	0.00640
9	0.04013	0.00919	0.00972	0.00833	0.01066	0.04898	0.00646	0.26441	0.05195	0.11539	0.04341	0.13437	0.07699	0.07799	0.02913	0.00195	0.00447	0.00648	0.05392	0.00607
10	0.07905	0.00618	0.00723	0.00694	0.00868	0.00599	0.00532	0.03296	0.06043	0.15079	0.08360	0.25531	0.18001	0.01045	0.00535	0.00169	0.00320	0.06467	0.02697	0.00519
11	0.02838	0.00745	0.00855	0.00715	0.00976	0.02964	0.00557	0.04954	0.02819	0.15662	0.19099	0.10076	0.12023	0.00775	0.00484	0.00134	0.00337	0.00655	0.00440	0.22891
12	0.01047	0.00849	0.05167	0.00970	0.01177	0.00853	0.06147	0.08337	0.07262	0.09224	0.01437	0.06232	0.01269	0.01881	0.32952	0.00408	0.07056	0.04824	0.02346	0.00562
13	0.14840	0.00604	0.00673	0.00639	0.00796	0.00600	0.00476	0.02865	0.02087	0.09793	0.16733	0.17949	0.15891	0.09540	0.04235	0.00219	0.00360	0.00798	0.00428	0.00474
14	0.14414	0.00682	0.00775	0.00678	0.00887	0.00665	0.00517	0.04730	0.02089	0.24623	0.09398	0.09268	0.11169	0.14594	0.00804	0.00205	0.00362	0.00655	0.02937	0.00548
15	0.03821	0.00818	0.00925	0.00764	0.01032	0.00808	0.00608	0.22698	0.01418	0.16943	0.03640	0.09826	0.09680	0.00717	0.00460	0.00139	0.00366	0.00586	0.15686	0.09065
16	0.00804	0.00850	0.09634	0.00988	0.01196	0.00746	0.10740	0.03165	0.00916	0.01280	0.01515	0.07192	0.06417	0.02263	0.42418	0.03326	0.03168	0.02613	0.00281	0.00487
17	0.00953	0.00878	0.03271	0.17899	0.11854	0.00889	0.14025	0.03302	0.00986	0.03439	0.01262	0.07034	0.02868	0.10285	0.14391	0.00294	0.02296	0.00564	0.00276	0.03233
18	0.06301	0.00775	0.01025	0.00872	0.01064	0.00805	0.08788	0.11845	0.08132	0.05910	0.05887	0.06202	0.04757	0.21385	0.08845	0.03140	0.00537	0.02844	0.00370	0.00517
19	0.00680	0.00491	0.00653	0.00747	0.00825	0.00474	0.00588	0.00829	0.01008	0.01312	0.02703	0.33334	0.09401	0.06304	0.00741	0.00220	0.00366	0.38484	0.00433	0.00409
20	0.03625	0.03428	0.17930	0.11433	0.06010	0.01053	0.03417	0.16107	0.01321	0.17793	0.05842	0.01501	0.01084	0.00652	0.02710	0.00169	0.02222	0.02648	0.00368	0.00685
21	0.03213	0.00936	0.01217	0.16356	0.05672	0.03231	0.03488	0.21186	0.03765	0.07452	0.03614	0.05167	0.01147	0.06000	0.15134	0.00281	0.00663	0.00518	0.00354	0.00605
22	0.02779	0.00633	0.00815	0.00811	0.00971	0.00624	0.02745	0.06756	0.02707	0.06160	0.02686	0.11216	0.16788	0.05175	0.00687	0.00205	0.00401	0.36919	0.00438	0.00484
23	0.22688	0.00931	0.01047	0.00834	0.01173	0.00942	0.00685	0.18051	0.01395	0.40968	0.01449	0.03877	0.01005	0.00579	0.00436	0.00148	0.00415	0.00443	0.02215	0.00720
24	0.01143	0.01040	0.03765	0.34251	0.22645	0.01112	0.05752	0.04963	0.11243	0.06179	0.01081	0.01321	0.00819	0.00499	0.00503	0.00155	0.02128	0.00450	0.00290	0.00659
25	0.01298	0.00853	0.01019	0.00755	0.01147	0.00701	0.00609	0.05702	0.02769	0.19617	0.01157	0.01197	0.00861	0.00435	0.00391	0.00096	0.00370	0.00349	0.04296	0.56377
26	0.01212	0.01084	0.05894	0.11655	0.23280	0.01096	0.01079	0.10528	0.17271	0.06886	0.09312	0.01570	0.01290	0.00587	0.00546	0.00154	0.05010	0.00494	0.00362	0.00691
27	0.00702	0.00531	0.00772	0.09401	0.01034	0.00601	0.00600	0.00852	0.00809	0.01128	0.04701	0.07458	0.01510	0.18415	0.48664	0.00580	0.00943	0.00609	0.00282	0.00410
28	0.06283	0.13952	0.03393	0.01061	0.02949	0.09209	0.03419	0.25773	0.14556	0.09475	0.01228	0.03544	0.00946	0.00566	0.00458	0.00142	0.01516	0.00434	0.00391	0.00706
29	0.05522	0.14132	0.28348	0.01083	0.01559	0.08937	0.03433	0.08375	0.03928	0.06647	0.02793	0.01092	0.00796	0.00475	0.00420	0.00131	0.00577	0.00361	0.00289	0.11102

[dist]
# distance from previous block
# <min> <max>
0	8

[block]
# block no. 3 follows, 53 sequences, length 12
# corresponding to MSA columns:
# 217-228
name=unknown_D
#
# <colnr> <probs for GDERKNQSTAVLIFYWHMCP>
#	G	D	E	R	K	N	Q	S	T	A	V	L	I	F	Y	W	H	M	C	P
0	0.58822	0.01149	0.00948	0.03211	0.05210	0.11527	0.00684	0.08418	0.03144	0.02035	0.00770	0.00883	0.00598	0.00467	0.00349	0.00145	0.00466	0.00301	0.00305	0.00568
1	0.01446	0.05528	0.17537	0.04508	0.01681	0.01121	0.11476	0.14738	0.09611	0.21039	0.03710	0.01381	0.01010	0.00545	0.00505	0.00151	0.02439	0.00461	0.00389	0.00723
2	0.00625	0.00476	0.00669	0.00711	0.00785	0.00441	0.03920	0.00749	0.01003	0.01337	0.12464	0.59111	0.09954	0.01351	0.00600	0.00185	0.00298	0.04466	0.00445	0.00411
3	0.00836	0.00624	0.00886	0.12338	0.08884	0.00629	0.00694	0.01062	0.03877	0.06298	0.21175	0.23068	0.09586	0.04499	0.00630	0.00179	0.00366	0.03456	0.00415	0.00498
4	0.01346	0.40386	0.05966	0.05001	0.08169	0.01526	0.00949	0.18930	0.03286	0.03973	0.00917	0.01041	0.00744	0.00649	0.05070	0.00162	0.00573	0.00352	0.00291	0.00670
5	0.24651	0.00929	0.01066	0.00851	0.01180	0.00945	0.03857	0.14192	0.05295	0.26776	0.09153	0.01468	0.01242	0.00568	0.00434	0.00144	0.00410	0.00445	0.00448	0.05946
6	0.86579	0.00924	0.00702	0.00629	0.00924	0.01072	0.00518	0.01405	0.00813	0.02144	0.00666	0.00776	0.00518	0.00444	0.00296	0.00148	0.00370	0.00259	0.00296	0.00518
7	0.00994	0.07070	0.25257	0.00960	0.01314	0.02577	0.03262	0.05398	0.05980	0.05525	0.06488	0.06594	0.11112	0.09201	0.04144	0.00211	0.00536	0.02462	0.00337	0.00578
8	0.01313	0.77850	0.02425	0.00847	0.01244	0.07405	0.00825	0.01464	0.00998	0.01128	0.00670	0.00773	0.00614	0.00415	0.00315	0.00104	0.00536	0.00259	0.00207	0.00609
9	0.00606	0.00438	0.00579	0.00684	0.00730	0.00411	0.00482	0.00710	0.00950	0.01252	0.02748	0.68081	0.07554	0.01457	0.00614	0.00196	0.00297	0.11373	0.00443	0.00396
10	0.03615	0.07438	0.08124	0.05795	0.01551	0.36895	0.00961	0.15381	0.02993	0.08829	0.01007	0.03481	0.00794	0.00538	0.00443	0.00136	0.00671	0.00387	0.00322	0.00638
11	0.05026	0.07552	0.01213	0.00945	0.01211	0.00885	0.08133	0.05250	0.11409	0.18195	0.02058	0.07371	0.07864	0.00844	0.00526	0.00169	0.00442	0.19861	0.00436	0.00609

[dist]
# distance from previous block
# <min> <max>
2	4

[block]
# block no. 4 follows, 53 sequences, length 19
# corresponding to MSA columns:
# 233-235,242-257
name=unknown_E
#
# <colnr> <probs for GDERKNQSTAVLIFYWHMCP>
#	G	D	E	R	K	N	Q	S	T	A	V	L	I	F	Y	W	H	M	C	P
0	0.00651	0.00476	0.00608	0.00658	0.00742	0.00446	0.00492	0.00796	0.01068	0.01416	0.20762	0.29283	0.15418	0.07430	0.00740	0.00205	0.00309	0.17639	0.00450	0.00409
1	0.15388	0.00809	0.00870	0.00760	0.01016	0.00854	0.00602	0.04901	0.22730	0.19499	0.01898	0.03941	0.08532	0.00769	0.03429	0.00172	0.00386	0.00527	0.12284	0.00634
2	0.10419	0.02168	0.62495	0.01251	0.01873	0.01150	0.01527	0.10726	0.01136	0.01762	0.00871	0.01000	0.00621	0.00467	0.00440	0.00150	0.00648	0.00352	0.00245	0.00698
3	0.00838	0.00739	0.01051	0.00959	0.01041	0.03601	0.04546	0.00980	0.00797	0.01135	0.01118	0.05146	0.01077	0.02439	0.46983	0.04444	0.21888	0.00516	0.00249	0.00455
4	0.04621	0.00554	0.00691	0.00703	0.00819	0.00550	0.00539	0.04111	0.01059	0.07047	0.09754	0.23127	0.05327	0.07468	0.05824	0.02507	0.00405	0.16935	0.07506	0.00454
5	0.00975	0.00835	0.01300	0.01713	0.36015	0.00891	0.00947	0.01092	0.00883	0.01245	0.01151	0.01743	0.04466	0.16254	0.03573	0.14043	0.11602	0.00502	0.00248	0.00524
6	0.01278	0.83490	0.02505	0.00818	0.01227	0.01891	0.00818	0.01431	0.00971	0.01125	0.00664	0.00767	0.00613	0.00409	0.00307	0.00102	0.00511	0.00256	0.00204	0.00613
7	0.00739	0.00493	0.00632	0.00625	0.00740	0.00451	0.00460	0.00905	0.01171	0.07214	0.38725	0.24450	0.15597	0.01239	0.04155	0.00191	0.00302	0.00974	0.00484	0.00452
8	0.00631	0.00507	0.00570	0.00582	0.00719	0.00457	0.00441	0.00828	0.04557	0.01432	0.16906	0.13624	0.47943	0.01190	0.00575	0.00169	0.00267	0.07714	0.00459	0.00428
9	0.00646	0.00477	0.00645	0.00669	0.00753	0.00493	0.00496	0.00756	0.00862	0.01152	0.02353	0.19761	0.19737	0.02435	0.39009	0.07469	0.00757	0.00799	0.00335	0.00395
10	0.00648	0.00455	0.00579	0.00627	0.00691	0.00426	0.00443	0.00733	0.00973	0.01284	0.14031	0.34593	0.15588	0.09936	0.00918	0.08855	0.00312	0.08119	0.00416	0.00376
11	0.01243	0.01003	0.01062	0.00930	0.01198	0.01139	0.00730	0.14686	0.56560	0.02141	0.04936	0.01752	0.01456	0.00641	0.00474	0.00154	0.00382	0.00527	0.08260	0.00725
12	0.03028	0.00749	0.00921	0.00785	0.00981	0.00763	0.00606	0.20656	0.01287	0.17709	0.08385	0.05614	0.01365	0.01084	0.03251	0.27133	0.00433	0.00520	0.04194	0.00536
13	0.25084	0.00632	0.00627	0.00588	0.00756	0.00639	0.00433	0.01056	0.00938	0.08818	0.05308	0.06695	0.22379	0.21889	0.00962	0.00236	0.00354	0.01781	0.00379	0.00446
14	0.05077	0.00629	0.00691	0.00643	0.00795	0.02734	0.00486	0.02926	0.08311	0.05052	0.39078	0.05840	0.08616	0.03896	0.00572	0.00159	0.00289	0.00726	0.12985	0.00495
15	0.01104	0.04111	0.01892	0.01400	0.01746	0.04932	0.39695	0.01494	0.08441	0.06416	0.07173	0.07447	0.08595	0.00656	0.00541	0.00159	0.00595	0.02658	0.00343	0.00601
16	0.05914	0.00517	0.00599	0.00605	0.00718	0.00492	0.00442	0.02463	0.01106	0.01534	0.27248	0.20853	0.21847	0.08877	0.00737	0.00195	0.00289	0.04696	0.00447	0.00422
17	0.14120	0.00598	0.00710	0.00708	0.00858	0.00587	0.00533	0.02293	0.01034	0.15609	0.05080	0.39098	0.04951	0.03470	0.00591	0.00186	0.00336	0.08296	0.00446	0.00496
18	0.01554	0.01058	0.01184	0.00950	0.01264	0.01128	0.00775	0.45963	0.07065	0.12587	0.12782	0.01924	0.05392	0.00697	0.00502	0.00150	0.00441	0.03363	0.00497	0.00724

[dist]
# distance from previous block
# <min> <max>
4	6

[block]
# block no. 5 follows, 53 sequences, length 25
# corresponding to MSA columns:
# 264-288
name=unknown_F
#
# <colnr> <probs for GDERKNQSTAVLIFYWHMCP>
#	G	D	E	R	K	N	Q	S	T	A	V	L	I	F	Y	W	H	M	C	P
0	0.03396	0.00729	0.01148	0.05438	0.26155	0.00774	0.00877	0.01074	0.00876	0.02743	0.01100	0.01650	0.01007	0.04282	0.31310	0.13516	0.00802	0.02359	0.00253	0.00510
1	0.10042	0.00583	0.00667	0.00609	0.00739	0.00566	0.00425	0.01120	0.00947	0.17073	0.09310	0.06620	0.07169	0.39173	0.01388	0.00298	0.00391	0.00673	0.01758	0.00449
2	0.00806	0.00419	0.00611	0.00617	0.00619	0.00417	0.00407	0.00631	0.00645	0.00860	0.00985	0.06164	0.01033	0.08090	0.01842	0.74502	0.00411	0.00490	0.00227	0.00224
3	0.00766	0.00477	0.00655	0.00671	0.00727	0.00483	0.00473	0.02538	0.00831	0.03604	0.01758	0.25638	0.05936	0.07251	0.18898	0.27286	0.00562	0.00765	0.00324	0.00358
4	0.03195	0.00549	0.00668	0.00696	0.00794	0.00549	0.00490	0.01088	0.11448	0.07076	0.06934	0.50020	0.02619	0.07859	0.00712	0.00202	0.00313	0.01042	0.03279	0.00469
5	0.00719	0.00447	0.00633	0.00667	0.00699	0.00456	0.00468	0.00707	0.00765	0.01033	0.01587	0.22543	0.02892	0.08616	0.17559	0.34148	0.00558	0.04884	0.00300	0.00320
6	0.02837	0.00490	0.00610	0.00666	0.00739	0.00470	0.00458	0.00876	0.04779	0.05609	0.04695	0.59335	0.07579	0.07599	0.00725	0.00206	0.00302	0.01158	0.00441	0.00428
7	0.00802	0.00500	0.00635	0.00636	0.00756	0.00449	0.00463	0.00946	0.01132	0.11341	0.25553	0.34957	0.17650	0.01179	0.00572	0.00169	0.00272	0.01039	0.00486	0.00462
8	0.00850	0.00525	0.00640	0.00597	0.00749	0.00468	0.00448	0.01017	0.01199	0.12691	0.34063	0.09598	0.26496	0.04916	0.00637	0.00170	0.00271	0.00870	0.03321	0.00475
9	0.00991	0.00850	0.00991	0.00708	0.01133	0.00637	0.00566	0.01203	0.00991	0.01557	0.00850	0.00991	0.00708	0.00354	0.00354	0.00071	0.00354	0.00283	0.00283	0.86124
10	0.24720	0.00723	0.00789	0.00698	0.00947	0.00713	0.00554	0.01492	0.03549	0.27523	0.04174	0.12984	0.15406	0.00815	0.00470	0.00159	0.00345	0.02903	0.00455	0.00580
11	0.00865	0.00625	0.00932	0.25275	0.01533	0.00712	0.00747	0.01038	0.00852	0.07219	0.01255	0.01997	0.01165	0.22826	0.30432	0.00458	0.00809	0.00530	0.00277	0.00453
12	0.18640	0.00827	0.00965	0.00780	0.01091	0.00806	0.00635	0.09453	0.01314	0.43365	0.08973	0.03316	0.03845	0.00633	0.00452	0.00148	0.00381	0.00501	0.03188	0.00688
13	0.16945	0.00658	0.00741	0.00683	0.00862	0.00657	0.00508	0.02498	0.04745	0.18983	0.08391	0.21139	0.06008	0.14117	0.00802	0.00211	0.00355	0.00742	0.00434	0.00520
14	0.00724	0.00496	0.00738	0.00738	0.00797	0.00562	0.00555	0.00794	0.00738	0.01046	0.01216	0.05623	0.01184	0.02936	0.55590	0.22178	0.02937	0.00526	0.00252	0.00372
15	0.00944	0.00770	0.01234	0.01633	0.32182	0.00751	0.03519	0.01143	0.01042	0.05663	0.03413	0.29790	0.04134	0.01015	0.02945	0.00188	0.00460	0.08242	0.00359	0.00573
16	0.09312	0.00575	0.00691	0.00686	0.00824	0.00552	0.00499	0.03497	0.01040	0.15635	0.03837	0.46216	0.08512	0.05042	0.00634	0.00189	0.00322	0.00996	0.00451	0.00488
17	0.00895	0.00537	0.00715	0.00674	0.00742	0.00555	0.00477	0.07802	0.00897	0.03152	0.09596	0.01962	0.01418	0.13670	0.12494	0.42723	0.00530	0.00521	0.00295	0.00345
18	0.28637	0.00913	0.01029	0.04897	0.08915	0.03166	0.03002	0.05494	0.08586	0.07563	0.14450	0.01724	0.05861	0.00610	0.00436	0.00147	0.00408	0.00490	0.00378	0.03291
19	0.05196	0.01133	0.01005	0.00930	0.01104	0.21591	0.02749	0.06638	0.13147	0.01516	0.05980	0.21087	0.01748	0.08376	0.00715	0.00188	0.03077	0.02919	0.00372	0.00529
20	0.00661	0.00513	0.00618	0.00658	0.03319	0.00483	0.00453	0.00810	0.02463	0.01329	0.15237	0.10209	0.32383	0.17141	0.07308	0.00271	0.00391	0.04936	0.00406	0.00410
21	0.11755	0.00725	0.00876	0.11832	0.07123	0.03378	0.00689	0.03022	0.04651	0.03640	0.02125	0.35129	0.11250	0.00990	0.00518	0.00169	0.00389	0.00860	0.00379	0.00498
22	0.32237	0.00860	0.00979	0.00894	0.04710	0.00884	0.02946	0.08030	0.01122	0.19484	0.01371	0.09926	0.01184	0.00682	0.00458	0.01447	0.00409	0.06891	0.00398	0.05089
23	0.05344	0.00757	0.00925	0.00746	0.01039	0.00651	0.02851	0.01225	0.03399	0.07677	0.01309	0.05128	0.01235	0.14355	0.00759	0.00172	0.00397	0.08157	0.00336	0.43537
24	0.02966	0.00627	0.00848	0.07002	0.08303	0.02940	0.00638	0.03130	0.00861	0.01159	0.01381	0.12850	0.03527	0.07629	0.04973	0.34375	0.00483	0.05644	0.00284	0.00380

[dist]
# distance from previous block
# <min> <max>
6	25

[block]
# block no. 6 follows, 53 sequences, length 11
# corresponding to MSA columns:
# 323-332,336
name=unknown_G
#
# <colnr> <probs for GDERKNQSTAVLIFYWHMCP>
#	G	D	E	R	K	N	Q	S	T	A	V	L	I	F	Y	W	H	M	C	P
0	0.06390	0.01573	0.31555	0.03327	0.04033	0.04792	0.09776	0.04974	0.01136	0.06693	0.07380	0.01434	0.04429	0.00527	0.00462	0.00142	0.00574	0.00446	0.00298	0.10061
1	0.08095	0.02937	0.03001	0.01054	0.09954	0.00844	0.02133	0.04712	0.07255	0.12059	0.11520	0.03143	0.05963	0.00689	0.00507	0.00145	0.02774	0.08103	0.00394	0.14718
2	0.08789	0.22823	0.11738	0.04941	0.04849	0.13491	0.04602	0.05489	0.12140	0.01535	0.01027	0.04740	0.00861	0.00525	0.00418	0.00137	0.00571	0.00404	0.00286	0.00631
3	0.01349	0.06220	0.31454	0.07566	0.04186	0.10418	0.01270	0.26257	0.01441	0.01914	0.00927	0.01049	0.00683	0.00493	0.00451	0.00141	0.00637	0.00374	0.00300	0.02869
4	0.01225	0.01119	0.01770	0.16500	0.57992	0.04876	0.01367	0.01501	0.01096	0.06597	0.00947	0.01212	0.00757	0.00449	0.00472	0.00144	0.00583	0.00424	0.00256	0.00712
5	0.01077	0.01020	0.01693	0.32769	0.45976	0.01111	0.01368	0.01443	0.06105	0.01461	0.00948	0.01256	0.00757	0.00460	0.00476	0.00150	0.00582	0.00433	0.00244	0.00671
6	0.01128	0.01129	0.02249	0.15665	0.03900	0.01111	0.50584	0.04796	0.01154	0.05110	0.01232	0.01581	0.04674	0.00500	0.00543	0.00161	0.00703	0.02878	0.00279	0.00624
7	0.01120	0.01225	0.13807	0.23307	0.35668	0.01061	0.04911	0.01450	0.01062	0.06819	0.01019	0.01394	0.00814	0.00492	0.00484	0.00153	0.00602	0.03677	0.00258	0.00675
8	0.01119	0.01070	0.01824	0.21086	0.62571	0.01119	0.01435	0.01411	0.01058	0.01483	0.00888	0.01204	0.00730	0.00438	0.00474	0.00146	0.00584	0.00426	0.00231	0.00705
9	0.00969	0.00675	0.01081	0.10809	0.01404	0.00670	0.09701	0.01185	0.01078	0.12075	0.02084	0.22319	0.02146	0.01056	0.00591	0.00190	0.00463	0.30581	0.00411	0.00513
10	0.01120	0.06147	0.52962	0.07410	0.05404	0.01093	0.05032	0.01568	0.01055	0.10505	0.01008	0.01204	0.00733	0.00485	0.00462	0.00151	0.00650	0.02063	0.00256	0.00694

[dist]
# distance from previous block
# <min> <max>
0	21

# created by:
# /st0/software/busco_prod/Augustus/scripts/msa2prfl.pl ./align_prep/1407446.fa
