[name]
unknown

[dist]
# distance from previous block
# <min> <max>
0	34

[block]
# block no. 0 follows, 63 sequences, length 15
# corresponding to MSA columns:
# 38-52
name=unknown_A
#
# <colnr> <probs for GDERKNQSTAVLIFYWHMCP>
#	G	D	E	R	K	N	Q	S	T	A	V	L	I	F	Y	W	H	M	C	P
0	0.03643	0.00647	0.00782	0.00734	0.00872	0.05095	0.02978	0.06800	0.00956	0.11218	0.01701	0.40469	0.01802	0.01134	0.07671	0.00197	0.03686	0.04676	0.00360	0.04578
1	0.03160	0.34047	0.01411	0.00759	0.02997	0.02729	0.01757	0.10223	0.02463	0.07528	0.14057	0.03257	0.03784	0.00516	0.00363	0.00109	0.00381	0.00403	0.01691	0.08363
2	0.02083	0.07446	0.16893	0.09636	0.17610	0.03940	0.04704	0.07040	0.05834	0.11090	0.02025	0.01073	0.00737	0.00433	0.00420	0.00125	0.02306	0.00361	0.00270	0.05974
3	0.00709	0.00587	0.00769	0.00708	0.03761	0.00501	0.03611	0.02331	0.00890	0.01260	0.04464	0.32099	0.10118	0.00860	0.02633	0.00135	0.00319	0.00701	0.00322	0.33221
4	0.05877	0.01114	0.01191	0.00921	0.01250	0.01221	0.00758	0.67914	0.05235	0.05654	0.01034	0.01028	0.00735	0.00495	0.00409	0.00125	0.00441	0.00372	0.00411	0.03813
5	0.01443	0.01001	0.02407	0.03308	0.02389	0.06522	0.14252	0.19026	0.06896	0.28711	0.01209	0.01208	0.00840	0.00468	0.00421	0.00126	0.00468	0.00405	0.03755	0.05144
6	0.00601	0.00450	0.00676	0.00676	0.00751	0.00525	0.00525	0.00751	0.00676	0.00976	0.01126	0.01651	0.01051	0.03153	0.83560	0.00676	0.01126	0.00450	0.00225	0.00375
7	0.00781	0.00670	0.01088	0.57074	0.05134	0.00801	0.00958	0.01005	0.00814	0.03457	0.00957	0.05992	0.00843	0.08000	0.10496	0.00228	0.00589	0.00450	0.00219	0.00446
8	0.01059	0.61018	0.04225	0.00785	0.01097	0.03995	0.04343	0.01205	0.00868	0.02865	0.00842	0.08116	0.00827	0.02565	0.00393	0.00115	0.02272	0.02680	0.00216	0.00515
9	0.05796	0.01063	0.01645	0.21520	0.07698	0.06131	0.26544	0.17047	0.01126	0.01531	0.00810	0.01040	0.00616	0.00429	0.00486	0.00137	0.05173	0.00399	0.00248	0.00562
10	0.00896	0.00890	0.01531	0.37872	0.15516	0.01050	0.13554	0.01137	0.00836	0.01151	0.00723	0.01061	0.00588	0.00479	0.00663	0.00148	0.20806	0.00391	0.00194	0.00514
11	0.00928	0.00750	0.03110	0.00736	0.03863	0.09387	0.00516	0.06365	0.00859	0.08881	0.01230	0.05953	0.01242	0.41856	0.09612	0.00320	0.03175	0.00528	0.00285	0.00403
12	0.02519	0.03747	0.04782	0.18496	0.36138	0.07532	0.05515	0.04060	0.02590	0.01338	0.02623	0.01060	0.00705	0.00403	0.00405	0.00123	0.00519	0.00365	0.00224	0.06856
13	0.51105	0.00817	0.00847	0.13625	0.09948	0.03205	0.00660	0.02714	0.00831	0.01628	0.03842	0.03294	0.05071	0.00474	0.00336	0.00132	0.00382	0.00350	0.00263	0.00475
14	0.03251	0.10417	0.01264	0.20244	0.02921	0.10403	0.00838	0.20163	0.21640	0.01630	0.01020	0.01102	0.00775	0.00469	0.00395	0.00126	0.00479	0.00367	0.00308	0.02189

[dist]
# distance from previous block
# <min> <max>
2	21

[block]
# block no. 1 follows, 63 sequences, length 32
# corresponding to MSA columns:
# 74-99,108-113
name=unknown_B
#
# <colnr> <probs for GDERKNQSTAVLIFYWHMCP>
#	G	D	E	R	K	N	Q	S	T	A	V	L	I	F	Y	W	H	M	C	P
0	0.00896	0.01891	0.06248	0.04159	0.02620	0.00800	0.38400	0.01115	0.00872	0.05369	0.01055	0.08508	0.00958	0.10161	0.04372	0.08388	0.00576	0.00524	0.00244	0.02843
1	0.00866	0.09093	0.53929	0.03369	0.02458	0.02358	0.08702	0.01265	0.02045	0.01281	0.01916	0.06969	0.01820	0.00474	0.00409	0.00132	0.00568	0.00400	0.00208	0.01738
2	0.00994	0.11925	0.17496	0.14181	0.21432	0.01077	0.04513	0.05003	0.02673	0.03760	0.00827	0.02565	0.00672	0.00490	0.01653	0.00139	0.08414	0.00368	0.01238	0.00577
3	0.00995	0.01718	0.03450	0.04314	0.08460	0.01813	0.04981	0.02520	0.05418	0.17914	0.02928	0.31883	0.01589	0.00766	0.00455	0.00139	0.00364	0.00686	0.00361	0.09249
4	0.00549	0.00393	0.00514	0.00595	0.00632	0.00373	0.00403	0.03040	0.00856	0.01146	0.05557	0.79055	0.02766	0.01274	0.00531	0.00168	0.00249	0.01152	0.00394	0.00355
5	0.00996	0.00867	0.03647	0.13225	0.32927	0.00866	0.02258	0.09459	0.05170	0.05935	0.03405	0.13404	0.02419	0.00596	0.00445	0.00138	0.00442	0.02928	0.00296	0.00576
6	0.01162	0.08494	0.06536	0.05262	0.14620	0.06716	0.07830	0.12500	0.10150	0.09915	0.02770	0.06501	0.02789	0.00531	0.00433	0.00131	0.01452	0.01302	0.00312	0.00595
7	0.01581	0.01093	0.01195	0.00929	0.01254	0.01192	0.00763	0.63585	0.09547	0.12737	0.01159	0.01116	0.00811	0.00513	0.00422	0.00128	0.00437	0.00393	0.00434	0.00710
8	0.01196	0.00894	0.01022	0.00880	0.03209	0.00983	0.03501	0.27437	0.30408	0.05221	0.01394	0.01421	0.02095	0.00537	0.00420	0.00130	0.01482	0.01519	0.15630	0.00622
9	0.01035	0.00882	0.00928	0.00837	0.01068	0.01019	0.00650	0.02182	0.78529	0.01751	0.01697	0.01568	0.01275	0.00567	0.00422	0.00141	0.00327	0.00472	0.03996	0.00654
10	0.00538	0.00391	0.00508	0.00564	0.00619	0.00361	0.00395	0.00650	0.00923	0.01246	0.23717	0.55032	0.08886	0.01173	0.00524	0.00159	0.00234	0.03313	0.00409	0.00358
11	0.00642	0.00516	0.00697	0.00693	0.00774	0.04034	0.00538	0.00790	0.00697	0.00978	0.01106	0.01614	0.01029	0.03038	0.80045	0.00652	0.01110	0.00443	0.00225	0.00380
12	0.00579	0.00431	0.00541	0.00527	0.00632	0.00393	0.00400	0.00754	0.01117	0.01528	0.58941	0.06101	0.19266	0.00935	0.00503	0.00140	0.00216	0.06170	0.00441	0.00386
13	0.88196	0.00813	0.00618	0.00553	0.00813	0.00943	0.00455	0.01236	0.00715	0.01886	0.00585	0.00683	0.00455	0.00390	0.00260	0.00130	0.00325	0.00228	0.00260	0.00455
14	0.01570	0.02004	0.01191	0.01083	0.01300	0.83539	0.00812	0.01679	0.01191	0.01029	0.00650	0.00758	0.00541	0.00433	0.00379	0.00108	0.00758	0.00271	0.00217	0.00487
15	0.00530	0.00379	0.00508	0.00602	0.00635	0.00356	0.00418	0.00617	0.00828	0.01103	0.03938	0.75524	0.02770	0.01293	0.00540	0.00172	0.00257	0.08791	0.00391	0.00347
16	0.01613	0.01154	0.01247	0.00956	0.01292	0.01269	0.00790	0.77163	0.01937	0.06744	0.01042	0.01031	0.00732	0.00505	0.00421	0.00126	0.00457	0.00381	0.00426	0.00715
17	0.00610	0.00411	0.00475	0.00474	0.00482	0.00414	0.00276	0.00626	0.00636	0.00855	0.04180	0.02701	0.01587	0.77454	0.06832	0.00413	0.00442	0.00607	0.00260	0.00267
18	0.00632	0.00468	0.00663	0.00658	0.00737	0.00538	0.00504	0.00826	0.04822	0.01030	0.01180	0.01719	0.01097	0.08557	0.70176	0.00605	0.00997	0.00460	0.03949	0.00383
19	0.01069	0.00915	0.00964	0.00860	0.01102	0.01057	0.00671	0.05589	0.78451	0.01796	0.01681	0.01545	0.01259	0.00568	0.00427	0.00142	0.00338	0.00471	0.00427	0.00667
20	0.01060	0.00902	0.00989	0.05143	0.02939	0.01040	0.00704	0.06826	0.69405	0.01764	0.01593	0.01501	0.01195	0.00553	0.00424	0.00140	0.00353	0.00460	0.02360	0.00652
21	0.00851	0.04530	0.80762	0.01185	0.01798	0.00996	0.01530	0.01329	0.00887	0.01322	0.00750	0.00881	0.00533	0.00398	0.00396	0.00132	0.00616	0.00308	0.00178	0.00619
22	0.00882	0.07375	0.69528	0.01145	0.01710	0.01015	0.02867	0.03623	0.03083	0.01352	0.00822	0.03277	0.00624	0.00430	0.00398	0.00132	0.00589	0.00340	0.00198	0.00611
23	0.00994	0.01128	0.02448	0.01806	0.05595	0.01060	0.77705	0.01344	0.00991	0.01348	0.00848	0.01130	0.00639	0.00355	0.00493	0.00141	0.00700	0.00491	0.00212	0.00571
24	0.00582	0.01732	0.00515	0.00491	0.00625	0.00408	0.00371	0.00731	0.03089	0.03695	0.14460	0.11845	0.55803	0.01024	0.00495	0.00144	0.00230	0.02977	0.00402	0.00382
25	0.00685	0.00572	0.00829	0.00780	0.00833	0.00721	0.00620	0.00814	0.00665	0.00980	0.00982	0.01497	0.00936	0.05317	0.59239	0.00538	0.22949	0.00434	0.00215	0.00393
26	0.00928	0.06207	0.64620	0.01163	0.01719	0.01002	0.06348	0.02689	0.04243	0.04825	0.01938	0.00975	0.00641	0.00415	0.00403	0.00132	0.00587	0.00336	0.00212	0.00618
27	0.00526	0.00376	0.00500	0.00576	0.00613	0.00350	0.00391	0.00619	0.00868	0.01173	0.15359	0.71626	0.02974	0.01242	0.00530	0.00164	0.00236	0.01124	0.00402	0.00350
28	0.00611	0.00409	0.00464	0.00464	0.00466	0.00411	0.00262	0.00615	0.00613	0.00819	0.01319	0.02723	0.01516	0.83116	0.04233	0.00414	0.00426	0.00607	0.00254	0.00258
29	0.16373	0.01073	0.01120	0.00875	0.01193	0.01185	0.00722	0.60462	0.03040	0.07129	0.02194	0.01019	0.00747	0.00492	0.00395	0.00127	0.00427	0.00363	0.00400	0.00665
30	0.00923	0.00871	0.01462	0.35281	0.41229	0.00951	0.02969	0.01225	0.04393	0.01263	0.00884	0.01277	0.00734	0.00439	0.00428	0.00135	0.00516	0.04231	0.00218	0.00570
31	0.01185	0.00601	0.00702	0.00594	0.00790	0.00589	0.00471	0.11143	0.03595	0.24981	0.10621	0.01638	0.01357	0.00545	0.00373	0.00116	0.00279	0.00443	0.39443	0.00533

[dist]
# distance from previous block
# <min> <max>
0	7

[block]
# block no. 2 follows, 63 sequences, length 84
# corresponding to MSA columns:
# 123-206
name=unknown_C
#
# <colnr> <probs for GDERKNQSTAVLIFYWHMCP>
#	G	D	E	R	K	N	Q	S	T	A	V	L	I	F	Y	W	H	M	C	P
0	0.05335	0.41924	0.32327	0.00907	0.01340	0.01309	0.01017	0.02448	0.04022	0.01218	0.00727	0.02233	0.00603	0.00412	0.00359	0.00114	0.02648	0.00289	0.00200	0.00568
1	0.00535	0.00424	0.00482	0.00474	0.00593	0.00370	0.00353	0.00675	0.01038	0.01343	0.34123	0.08318	0.47779	0.01000	0.00499	0.00140	0.00209	0.00856	0.00418	0.00370
2	0.00995	0.00953	0.01625	0.17487	0.68050	0.00987	0.01268	0.01251	0.00936	0.01319	0.00783	0.01055	0.00647	0.00383	0.00417	0.00128	0.00511	0.00374	0.00204	0.00630
3	0.00856	0.00827	0.01307	0.66147	0.15028	0.04229	0.01152	0.01121	0.00877	0.01126	0.01840	0.02223	0.00650	0.00431	0.00421	0.00137	0.00550	0.00385	0.00198	0.00496
4	0.00524	0.00421	0.00468	0.00474	0.00592	0.00365	0.00351	0.00648	0.00991	0.01252	0.21230	0.13558	0.54124	0.01051	0.00503	0.00144	0.00217	0.02319	0.00406	0.00363
5	0.00548	0.00435	0.00487	0.00473	0.00595	0.00385	0.00352	0.00704	0.02489	0.01339	0.33204	0.03612	0.48502	0.04341	0.00561	0.00149	0.00217	0.00821	0.00413	0.00372
6	0.00672	0.00482	0.00670	0.00763	0.00861	0.00480	0.00665	0.00864	0.00970	0.01261	0.03322	0.04705	0.04319	0.01155	0.00578	0.00192	0.00381	0.76889	0.00388	0.00386
7	0.88196	0.00813	0.00618	0.00553	0.00813	0.00943	0.00455	0.01236	0.00715	0.01886	0.00585	0.00683	0.00455	0.00390	0.00260	0.00130	0.00325	0.00228	0.00260	0.00455
8	0.00514	0.00370	0.00487	0.00577	0.00608	0.00343	0.00387	0.00591	0.00820	0.01090	0.04331	0.79628	0.06106	0.01296	0.00534	0.00169	0.00242	0.01172	0.00392	0.00343
9	0.01124	0.85479	0.02203	0.00719	0.01079	0.01663	0.00719	0.01259	0.00854	0.00989	0.00584	0.00674	0.00539	0.00360	0.00270	0.00090	0.00450	0.00225	0.00180	0.00539
10	0.00909	0.00865	0.01469	0.46013	0.40196	0.00964	0.01225	0.01175	0.00895	0.01214	0.00768	0.01083	0.00610	0.00399	0.00418	0.00133	0.00532	0.00374	0.00197	0.00560
11	0.00772	0.00740	0.02147	0.00647	0.00740	0.14285	0.01865	0.00860	0.00845	0.01035	0.09530	0.04427	0.12532	0.35379	0.07477	0.00287	0.02634	0.03155	0.00288	0.00354
12	0.01145	0.01064	0.01539	0.04238	0.50833	0.07025	0.05071	0.07953	0.11264	0.04302	0.00946	0.01104	0.00747	0.00419	0.00420	0.00127	0.00501	0.00388	0.00264	0.00648
13	0.00952	0.00892	0.01498	0.08485	0.64661	0.00904	0.01150	0.01178	0.00922	0.01300	0.00969	0.08610	0.00909	0.03778	0.00497	0.00142	0.00476	0.01849	0.00228	0.00601
14	0.01036	0.00895	0.00941	0.00848	0.01084	0.01034	0.00659	0.02206	0.80443	0.01748	0.01755	0.01611	0.02689	0.00579	0.00429	0.00143	0.00331	0.00482	0.00427	0.00660
15	0.00988	0.00744	0.00884	0.00637	0.01005	0.00567	0.00512	0.01172	0.00910	0.10718	0.00852	0.00936	0.00671	0.00335	0.00324	0.00070	0.00317	0.00269	0.00280	0.77811
16	0.00784	0.00392	0.00392	0.00392	0.00490	0.00392	0.00294	0.00980	0.00882	0.01567	0.01371	0.01567	0.01077	0.00490	0.00294	0.00098	0.00196	0.00392	0.87560	0.00392
17	0.88196	0.00813	0.00618	0.00553	0.00813	0.00943	0.00455	0.01236	0.00715	0.01886	0.00585	0.00683	0.00455	0.00390	0.00260	0.00130	0.00325	0.00228	0.00260	0.00455
18	0.00611	0.00408	0.00458	0.00458	0.00458	0.00408	0.00255	0.00611	0.00611	0.00815	0.01325	0.02751	0.01528	0.85226	0.02140	0.00408	0.00408	0.00611	0.00255	0.00255
19	0.00850	0.00411	0.00427	0.00413	0.00525	0.00405	0.00313	0.01044	0.00901	0.06437	0.01389	0.01559	0.01075	0.00492	0.00302	0.00100	0.00206	0.00394	0.82348	0.00411
20	0.00611	0.00408	0.00458	0.00458	0.00458	0.00408	0.00255	0.00611	0.00611	0.00815	0.01325	0.02751	0.01528	0.85226	0.02140	0.00408	0.00408	0.00611	0.00255	0.00255
21	0.00621	0.00435	0.00564	0.00530	0.00636	0.00399	0.00398	0.00810	0.01169	0.03719	0.74301	0.05015	0.08069	0.00872	0.00495	0.00134	0.00204	0.00768	0.00459	0.00401
22	0.00789	0.01823	0.66168	0.01069	0.01583	0.00866	0.01320	0.01222	0.02738	0.01302	0.01218	0.08365	0.07487	0.00547	0.00422	0.00138	0.00546	0.01602	0.00222	0.00573
23	0.00609	0.00442	0.00635	0.00635	0.00701	0.00504	0.00480	0.00741	0.00675	0.00978	0.01162	0.01795	0.01116	0.13991	0.69377	0.00617	0.00993	0.00470	0.03718	0.00360
24	0.00683	0.02454	0.00762	0.00713	0.00799	0.00623	0.00567	0.03921	0.00756	0.01074	0.01179	0.01866	0.01131	0.05511	0.61147	0.00545	0.06579	0.07467	0.01829	0.00395
25	0.01101	0.02188	0.05697	0.02322	0.03114	0.04256	0.03132	0.19115	0.28354	0.04225	0.04922	0.06396	0.04795	0.02210	0.00487	0.00141	0.02691	0.00497	0.03766	0.00592
26	0.00845	0.00813	0.01253	0.61345	0.04491	0.02969	0.01083	0.01083	0.00820	0.01087	0.00713	0.01062	0.00565	0.00467	0.00576	0.00142	0.14778	0.00363	0.00191	0.05355
27	0.03143	0.06924	0.35389	0.03223	0.02938	0.03101	0.10466	0.06398	0.01910	0.13292	0.03629	0.03749	0.00827	0.00460	0.00410	0.00129	0.00528	0.00390	0.00271	0.02822
28	0.11504	0.57852	0.15326	0.00773	0.01159	0.01414	0.00815	0.01283	0.00853	0.03264	0.00654	0.00746	0.00551	0.00376	0.00294	0.00103	0.00456	0.00247	0.01783	0.00545
29	0.01819	0.00741	0.00981	0.00761	0.01081	0.00666	0.00626	0.04178	0.06912	0.75026	0.01645	0.01429	0.01049	0.00523	0.00423	0.00131	0.00359	0.00425	0.00511	0.00712
30	0.00797	0.01618	0.55969	0.01010	0.01455	0.00810	0.01189	0.04114	0.00925	0.02496	0.03978	0.20477	0.02094	0.00641	0.00437	0.00142	0.00505	0.00541	0.00253	0.00551
31	0.01232	0.32098	0.03569	0.00872	0.01137	0.30387	0.01620	0.03506	0.01008	0.04798	0.00892	0.02856	0.02806	0.00707	0.07736	0.00159	0.01739	0.02137	0.00234	0.00508
32	0.01525	0.00638	0.00807	0.00648	0.00902	0.00583	0.00526	0.05850	0.01143	0.53183	0.01534	0.01452	0.01035	0.00510	0.00382	0.00120	0.00312	0.00411	0.27825	0.00614
33	0.00621	0.00446	0.00600	0.00660	0.00747	0.00431	0.00537	0.00791	0.00991	0.01326	0.21453	0.18238	0.06889	0.01103	0.00545	0.00171	0.00306	0.42246	0.01519	0.00380
34	0.00947	0.00997	0.08668	0.42581	0.28636	0.02444	0.02945	0.03395	0.00933	0.03335	0.00793	0.01073	0.00610	0.00407	0.00418	0.00133	0.00545	0.00371	0.00209	0.00561
35	0.00621	0.00466	0.00617	0.00623	0.00682	0.02282	0.00457	0.00734	0.00691	0.00969	0.01269	0.09234	0.01292	0.19782	0.55213	0.00547	0.00865	0.00544	0.02760	0.00350
36	0.00524	0.00419	0.00469	0.00485	0.00594	0.00368	0.00353	0.00653	0.02103	0.01218	0.16238	0.22351	0.50574	0.01083	0.00505	0.00147	0.00219	0.00931	0.00402	0.00363
37	0.11929	0.02694	0.01143	0.00970	0.01228	0.45297	0.00757	0.23678	0.05709	0.01619	0.00798	0.00861	0.00619	0.00454	0.00377	0.00117	0.00597	0.00306	0.00289	0.00557
38	0.71808	0.04143	0.00774	0.07997	0.01037	0.02776	0.00550	0.04351	0.00791	0.01790	0.00618	0.00736	0.00480	0.00397	0.00284	0.00129	0.00366	0.00247	0.00256	0.00470
39	0.01121	0.00927	0.00984	0.00866	0.01115	0.01061	0.00681	0.11615	0.69789	0.03312	0.01633	0.01543	0.01227	0.00570	0.00429	0.00141	0.00349	0.01541	0.00428	0.00668
40	0.00879	0.00791	0.01232	0.33865	0.27340	0.00874	0.01013	0.03120	0.08097	0.01305	0.02135	0.03653	0.06425	0.00524	0.00430	0.00136	0.00462	0.03445	0.03740	0.00535
41	0.00519	0.00373	0.00494	0.00583	0.00615	0.00347	0.00395	0.00601	0.00829	0.01106	0.05894	0.77750	0.04645	0.01288	0.00535	0.00169	0.00244	0.02874	0.00393	0.00345
42	0.01119	0.83896	0.03739	0.00728	0.01093	0.01650	0.00735	0.01260	0.00855	0.00996	0.00588	0.00678	0.00539	0.00360	0.00272	0.00091	0.00453	0.00226	0.00180	0.00541
43	0.03259	0.53476	0.29853	0.00895	0.01343	0.01400	0.02240	0.01284	0.00864	0.01135	0.00647	0.00755	0.00536	0.00374	0.00317	0.00107	0.00509	0.00258	0.00182	0.00566
44	0.00818	0.00776	0.01358	0.70394	0.05842	0.00925	0.08218	0.01086	0.00847	0.01096	0.00757	0.01125	0.00578	0.00454	0.00476	0.03640	0.00563	0.00384	0.00190	0.00472
45	0.00618	0.00492	0.00541	0.00502	0.00668	0.00425	0.00380	0.00801	0.04997	0.03361	0.14765	0.07685	0.51204	0.00922	0.00472	0.00132	0.00234	0.00778	0.00389	0.10634
46	0.00509	0.00426	0.00443	0.00439	0.00575	0.00360	0.00329	0.00627	0.00987	0.01203	0.13894	0.03934	0.72756	0.01039	0.00497	0.00141	0.00211	0.00872	0.00399	0.00360
47	0.00825	0.00761	0.01254	0.70393	0.09789	0.00922	0.01124	0.01135	0.04005	0.01147	0.00813	0.01149	0.00619	0.00425	0.00415	0.00137	0.00532	0.00378	0.03688	0.00489
48	0.00929	0.00699	0.00774	0.00698	0.00890	0.00753	0.00540	0.03128	0.42071	0.06790	0.22355	0.02155	0.08719	0.00675	0.00441	0.00136	0.00283	0.00571	0.06839	0.00555
49	0.01124	0.85479	0.02203	0.00719	0.01079	0.01663	0.00719	0.01259	0.00854	0.00989	0.00584	0.00674	0.00539	0.00360	0.00270	0.00090	0.00450	0.00225	0.00180	0.00539
50	0.00640	0.00377	0.00515	0.00541	0.00552	0.00371	0.00353	0.00581	0.00651	0.00872	0.03523	0.24668	0.01552	0.18668	0.02676	0.41945	0.00348	0.00656	0.00263	0.00250
51	0.01124	0.85479	0.02203	0.00719	0.01079	0.01663	0.00719	0.01259	0.00854	0.00989	0.00584	0.00674	0.00539	0.00360	0.00270	0.00090	0.00450	0.00225	0.00180	0.00539
52	0.01233	0.00647	0.01874	0.00655	0.00915	0.00536	0.00526	0.01367	0.01015	0.35537	0.12821	0.02789	0.01329	0.00640	0.00555	0.11045	0.00322	0.00427	0.01961	0.23806
53	0.88196	0.00813	0.00618	0.00553	0.00813	0.00943	0.00455	0.01236	0.00715	0.01886	0.00585	0.00683	0.00455	0.00390	0.00260	0.00130	0.00325	0.00228	0.00260	0.00455
54	0.00610	0.00411	0.00478	0.00478	0.00485	0.00418	0.00279	0.00624	0.00617	0.00830	0.01306	0.02651	0.01485	0.77770	0.09537	0.00432	0.00473	0.00597	0.00252	0.00266
55	0.00835	0.01048	0.15971	0.07146	0.19934	0.00821	0.16759	0.02155	0.02429	0.01350	0.10051	0.03219	0.15306	0.00571	0.00454	0.00136	0.00477	0.00533	0.00271	0.00537
56	0.00889	0.09837	0.73374	0.01151	0.01737	0.03292	0.01456	0.01334	0.00893	0.01292	0.00736	0.00864	0.00533	0.00397	0.00387	0.00128	0.00609	0.00302	0.00179	0.00610
57	0.85813	0.00850	0.02867	0.00570	0.00840	0.00944	0.00485	0.01238	0.00720	0.01871	0.00590	0.00688	0.00457	0.00390	0.00264	0.00130	0.00333	0.00230	0.00258	0.00460
58	0.00802	0.00763	0.01310	0.80923	0.02867	0.00939	0.04359	0.01085	0.00847	0.01085	0.00751	0.01121	0.00563	0.00418	0.00423	0.00140	0.00566	0.00378	0.00188	0.00471
59	0.00992	0.01134	0.02481	0.01772	0.02197	0.01063	0.81077	0.01347	0.00992	0.01347	0.00850	0.01134	0.00638	0.00354	0.00496	0.00142	0.00709	0.00496	0.00213	0.00567
60	0.00626	0.00429	0.00623	0.00623	0.00674	0.00480	0.00459	0.00694	0.00643	0.00908	0.01078	0.01727	0.01054	0.13731	0.57330	0.17034	0.00887	0.00456	0.00221	0.00323
61	0.88196	0.00813	0.00618	0.00553	0.00813	0.00943	0.00455	0.01236	0.00715	0.01886	0.00585	0.00683	0.00455	0.00390	0.00260	0.00130	0.00325	0.00228	0.00260	0.00455
62	0.00794	0.00747	0.01261	0.84216	0.02895	0.00934	0.01167	0.01074	0.00841	0.01074	0.00747	0.01121	0.00560	0.00420	0.00420	0.00140	0.00560	0.00374	0.00187	0.00467
63	0.88196	0.00813	0.00618	0.00553	0.00813	0.00943	0.00455	0.01236	0.00715	0.01886	0.00585	0.00683	0.00455	0.00390	0.00260	0.00130	0.00325	0.00228	0.00260	0.00455
64	0.00930	0.00855	0.01416	0.28883	0.46032	0.00904	0.01134	0.01173	0.00924	0.03223	0.01104	0.01339	0.07882	0.00453	0.00423	0.00130	0.00487	0.00419	0.00226	0.02063
65	0.01452	0.01097	0.01203	0.03086	0.01293	0.01236	0.00788	0.59892	0.15793	0.03827	0.01114	0.01113	0.00808	0.00526	0.00470	0.00132	0.04681	0.00395	0.00406	0.00687
66	0.88196	0.00813	0.00618	0.00553	0.00813	0.00943	0.00455	0.01236	0.00715	0.01886	0.00585	0.00683	0.00455	0.00390	0.00260	0.00130	0.00325	0.00228	0.00260	0.00455
67	0.88196	0.00813	0.00618	0.00553	0.00813	0.00943	0.00455	0.01236	0.00715	0.01886	0.00585	0.00683	0.00455	0.00390	0.00260	0.00130	0.00325	0.00228	0.00260	0.00455
68	0.00992	0.01134	0.02481	0.01772	0.02197	0.01063	0.81077	0.01347	0.00992	0.01347	0.00850	0.01134	0.00638	0.00354	0.00496	0.00142	0.00709	0.00496	0.00213	0.00567
69	0.00613	0.00458	0.00624	0.07941	0.00829	0.00444	0.00465	0.00818	0.01159	0.01632	0.75152	0.02961	0.03665	0.00821	0.00489	0.00133	0.00230	0.00726	0.00438	0.00403
70	0.00922	0.00761	0.01236	0.73583	0.02672	0.00920	0.01104	0.04279	0.00917	0.08382	0.00838	0.01144	0.00609	0.00432	0.00421	0.00139	0.00539	0.00378	0.00225	0.00499
71	0.01112	0.78009	0.02227	0.00813	0.01178	0.01610	0.07836	0.01267	0.00866	0.01021	0.00608	0.00715	0.00548	0.00359	0.00290	0.00095	0.00473	0.00249	0.00183	0.00542
72	0.00871	0.11660	0.72408	0.01135	0.01717	0.01047	0.01440	0.01313	0.00880	0.01286	0.00741	0.00876	0.00542	0.00442	0.01805	0.00137	0.00610	0.00303	0.00179	0.00608
73	0.00635	0.00489	0.00718	0.08064	0.00918	0.00571	0.00565	0.00778	0.00699	0.00994	0.01166	0.04997	0.01134	0.10766	0.57476	0.00536	0.04488	0.02399	0.02229	0.00374
74	0.00811	0.00781	0.01369	0.76914	0.02833	0.00945	0.08245	0.01098	0.00854	0.01098	0.00756	0.01122	0.00567	0.00414	0.00427	0.00140	0.00574	0.00384	0.00189	0.00476
75	0.00999	0.04758	0.24767	0.01220	0.06749	0.05819	0.15229	0.04024	0.22658	0.01438	0.01100	0.01321	0.00874	0.03768	0.00494	0.00146	0.00531	0.03236	0.00273	0.00596
76	0.01083	0.67962	0.11898	0.00942	0.08389	0.01522	0.00870	0.01270	0.00867	0.01064	0.00623	0.00732	0.00550	0.00366	0.00298	0.00098	0.00475	0.00248	0.00182	0.00561
77	0.00624	0.00474	0.00691	0.08036	0.00885	0.00548	0.00532	0.00754	0.00676	0.00952	0.01126	0.01822	0.01100	0.19894	0.58189	0.00566	0.02070	0.00476	0.00227	0.00360
78	0.01069	0.74569	0.02021	0.00718	0.01040	0.01536	0.00699	0.01208	0.00875	0.01052	0.07828	0.00903	0.00843	0.00419	0.00334	0.00097	0.03783	0.00278	0.00205	0.00524
79	0.05440	0.02118	0.11981	0.00766	0.01130	0.00744	0.00700	0.11413	0.01095	0.20613	0.04577	0.03321	0.00913	0.00451	0.00374	0.00105	0.00379	0.00360	0.00337	0.33185
80	0.65334	0.03406	0.04675	0.08033	0.01092	0.02855	0.00605	0.04378	0.00816	0.04651	0.00664	0.00772	0.00504	0.00402	0.00296	0.00129	0.00380	0.00258	0.00262	0.00487
81	0.00816	0.00769	0.01300	0.76986	0.09955	0.00940	0.01178	0.01093	0.00851	0.01101	0.00751	0.01114	0.00570	0.00416	0.00420	0.00139	0.00555	0.00374	0.00189	0.00485
82	0.80438	0.00781	0.00623	0.00564	0.00807	0.00906	0.00461	0.01193	0.00712	0.01805	0.00633	0.00769	0.00508	0.00635	0.07638	0.00178	0.00396	0.00247	0.00257	0.00448
83	0.80455	0.00807	0.00675	0.07963	0.00997	0.00942	0.00518	0.01221	0.00726	0.01814	0.00600	0.00722	0.00465	0.00393	0.00274	0.00131	0.00346	0.00241	0.00254	0.00456

[dist]
# distance from previous block
# <min> <max>
0	120

# created by:
# /st0/software/busco_prod/Augustus/scripts/msa2prfl.pl ./align_prep/1421503.fa
