[name]
unknown

[dist]
# distance from previous block
# <min> <max>
0	50

[block]
# block no. 0 follows, 52 sequences, length 35
# corresponding to MSA columns:
# 50-84
name=unknown_A
#
# <colnr> <probs for GDERKNQSTAVLIFYWHMCP>
#	G	D	E	R	K	N	Q	S	T	A	V	L	I	F	Y	W	H	M	C	P
0	0.06084	0.01075	0.09072	0.04315	0.16081	0.00960	0.04837	0.11230	0.04588	0.06167	0.01371	0.03739	0.03942	0.02328	0.00681	0.08355	0.01681	0.07559	0.00335	0.05601
1	0.10166	0.02736	0.01353	0.10525	0.06829	0.04197	0.08483	0.13710	0.08035	0.07030	0.08833	0.04688	0.01304	0.00597	0.00474	0.00147	0.00496	0.01563	0.00372	0.08462
2	0.03934	0.07594	0.08786	0.13501	0.12022	0.09781	0.05913	0.10895	0.02724	0.04170	0.00985	0.02777	0.00806	0.00546	0.00557	0.00149	0.07570	0.01884	0.00288	0.05117
3	0.02687	0.00731	0.04160	0.01922	0.00973	0.00695	0.00623	0.06732	0.11172	0.01607	0.08715	0.18784	0.09015	0.05973	0.08993	0.00247	0.00460	0.07097	0.05568	0.03846
4	0.00787	0.00607	0.00781	0.05956	0.03711	0.00606	0.00610	0.08244	0.02573	0.01507	0.06726	0.43191	0.13246	0.01208	0.00581	0.00180	0.00347	0.06803	0.00433	0.01903
5	0.01101	0.01029	0.04631	0.27031	0.13652	0.01084	0.03909	0.14332	0.07576	0.01702	0.03131	0.06623	0.07476	0.00653	0.00549	0.00160	0.03844	0.00560	0.00328	0.00629
6	0.00687	0.00481	0.00621	0.00641	0.00687	0.00495	0.00440	0.00783	0.00849	0.01173	0.09171	0.16415	0.02158	0.35175	0.22966	0.00459	0.00632	0.03813	0.01982	0.00373
7	0.01198	0.03396	0.31916	0.03953	0.15424	0.01181	0.02746	0.09586	0.18456	0.04477	0.02207	0.01305	0.00928	0.00522	0.00475	0.00153	0.00578	0.00436	0.00322	0.00739
8	0.72808	0.00986	0.00950	0.00797	0.01116	0.01114	0.07965	0.03166	0.04185	0.02128	0.00769	0.00888	0.00592	0.00458	0.00338	0.00152	0.00421	0.00308	0.00307	0.00554
9	0.01233	0.00986	0.01328	0.01074	0.01270	0.01149	0.09862	0.21927	0.01284	0.01911	0.01102	0.01341	0.00880	0.00640	0.00798	0.00159	0.26051	0.00453	0.25954	0.00600
10	0.06605	0.01599	0.07246	0.21591	0.11205	0.29545	0.09295	0.04647	0.01194	0.01444	0.00841	0.01079	0.00659	0.00476	0.00463	0.00145	0.00721	0.00388	0.00249	0.00609
11	0.02804	0.02749	0.01038	0.00897	0.01043	0.17317	0.02503	0.08102	0.01051	0.04983	0.01190	0.01895	0.01150	0.27621	0.16840	0.00373	0.07146	0.00511	0.00300	0.00487
12	0.00656	0.00449	0.00543	0.00591	0.00603	0.00437	0.00360	0.00692	0.00800	0.01066	0.02014	0.37002	0.02376	0.48300	0.01680	0.00354	0.00390	0.00991	0.00360	0.00336
13	0.00984	0.00849	0.01302	0.49543	0.07933	0.00984	0.01114	0.03084	0.09149	0.03953	0.04327	0.09251	0.02216	0.00630	0.00500	0.00161	0.00540	0.00557	0.00304	0.02620
14	0.02754	0.01023	0.01921	0.01472	0.01757	0.01065	0.39706	0.01290	0.02375	0.01451	0.06130	0.05743	0.05664	0.00986	0.09617	0.00241	0.15336	0.00618	0.00286	0.00567
15	0.00933	0.00879	0.01485	0.76942	0.08064	0.01081	0.01355	0.01254	0.00977	0.01259	0.00864	0.01286	0.00653	0.00481	0.00484	0.00160	0.00642	0.00431	0.00217	0.00552
16	0.00590	0.00441	0.00549	0.00629	0.00692	0.00400	0.00431	0.00689	0.00986	0.01281	0.06087	0.61349	0.21256	0.01430	0.00606	0.00187	0.00271	0.01275	0.00453	0.00400
17	0.00840	0.00521	0.00671	0.00641	0.00776	0.00470	0.00477	0.01020	0.01249	0.11575	0.44962	0.20177	0.12592	0.01080	0.00571	0.00163	0.00265	0.00950	0.00514	0.00484
18	0.00601	0.00430	0.00575	0.00676	0.00706	0.00410	0.00454	0.00688	0.00910	0.01218	0.02538	0.74372	0.03021	0.04835	0.05846	0.00245	0.00354	0.01296	0.00432	0.00392
19	0.01880	0.01149	0.01346	0.01045	0.01391	0.01234	0.00864	0.45263	0.01830	0.28994	0.01366	0.01318	0.00933	0.00613	0.00591	0.00153	0.08285	0.00452	0.00498	0.00796
20	0.01069	0.00873	0.00944	0.00879	0.01100	0.00976	0.00671	0.02069	0.55930	0.03600	0.03838	0.15358	0.06372	0.00836	0.00515	0.00168	0.00351	0.00715	0.03066	0.00670
21	0.00600	0.00432	0.00553	0.00646	0.00682	0.00402	0.00428	0.00679	0.00921	0.01214	0.02739	0.68864	0.09147	0.09278	0.00791	0.00220	0.00296	0.01285	0.00435	0.00385
22	0.01734	0.01237	0.01344	0.01062	0.01424	0.01362	0.00867	0.54377	0.19116	0.10207	0.01413	0.01352	0.01004	0.00600	0.00487	0.00150	0.00489	0.00466	0.00498	0.00812
23	0.53762	0.01001	0.01063	0.01913	0.01205	0.02243	0.09389	0.09752	0.01056	0.03633	0.00887	0.01068	0.00689	0.00495	0.00398	0.00151	0.02400	0.01521	0.06803	0.00572
24	0.01096	0.01032	0.01648	0.29906	0.39209	0.01147	0.01321	0.01538	0.11823	0.01507	0.01029	0.01310	0.00818	0.00499	0.00530	0.00156	0.04040	0.00447	0.00265	0.00678
25	0.01227	0.00972	0.01162	0.02677	0.06127	0.00867	0.00724	0.14550	0.05538	0.05750	0.01029	0.01126	0.00803	0.00433	0.00404	0.00100	0.00412	0.00349	0.00343	0.55407
26	0.00626	0.00478	0.00576	0.00588	0.00700	0.00428	0.00431	0.00785	0.01172	0.01550	0.34372	0.22026	0.30600	0.01201	0.00585	0.00168	0.00251	0.02554	0.00483	0.00426
27	0.01024	0.00969	0.02924	0.29370	0.18977	0.01097	0.01150	0.03947	0.08730	0.01505	0.07579	0.04349	0.02472	0.00638	0.00666	0.00166	0.13013	0.00520	0.00295	0.00608
28	0.00584	0.00487	0.00509	0.00513	0.00664	0.00412	0.00381	0.00714	0.01118	0.01362	0.11499	0.09381	0.68265	0.01224	0.00575	0.00165	0.00246	0.01031	0.00458	0.00412
29	0.01264	0.12522	0.09811	0.11826	0.08390	0.01229	0.01020	0.22442	0.04502	0.02895	0.03926	0.03015	0.03863	0.00566	0.00482	0.00140	0.02492	0.00450	0.00336	0.08828
30	0.08092	0.14303	0.09849	0.09004	0.16115	0.08844	0.13763	0.04048	0.08561	0.01571	0.00951	0.01134	0.00749	0.00467	0.00450	0.00144	0.00619	0.00406	0.00267	0.00662
31	0.00611	0.00684	0.08132	0.00576	0.00792	0.00478	0.00504	0.00776	0.01097	0.01331	0.04523	0.04316	0.72188	0.01154	0.00562	0.00163	0.00290	0.00959	0.00427	0.00438
32	0.00876	0.00817	0.01343	0.71847	0.03015	0.01000	0.01232	0.01176	0.00977	0.01242	0.01260	0.01631	0.08220	0.00641	0.02668	0.00178	0.00625	0.00490	0.00239	0.00523
33	0.01470	0.01043	0.01276	0.02904	0.03046	0.01108	0.02690	0.31177	0.04327	0.13694	0.01422	0.09105	0.02986	0.00685	0.00613	0.00151	0.09829	0.00535	0.00424	0.11514
34	0.05962	0.15138	0.12590	0.03275	0.17051	0.05162	0.02950	0.14415	0.06677	0.01737	0.01051	0.04425	0.00886	0.02601	0.02371	0.00166	0.02129	0.00436	0.00301	0.00675

[dist]
# distance from previous block
# <min> <max>
1	3

[block]
# block no. 1 follows, 52 sequences, length 8
# corresponding to MSA columns:
# 88-95
name=unknown_B
#
# <colnr> <probs for GDERKNQSTAVLIFYWHMCP>
#	G	D	E	R	K	N	Q	S	T	A	V	L	I	F	Y	W	H	M	C	P
0	0.10682	0.24650	0.02989	0.00941	0.02727	0.03583	0.03771	0.05438	0.21588	0.05472	0.06237	0.03805	0.04992	0.00608	0.00431	0.00142	0.00452	0.00480	0.00367	0.00646
1	0.01416	0.10427	0.09570	0.03447	0.05775	0.22920	0.09554	0.09204	0.01241	0.06750	0.01008	0.01181	0.02145	0.00647	0.02479	0.03879	0.05568	0.00405	0.01760	0.00623
2	0.01069	0.00884	0.01023	0.00752	0.01150	0.00724	0.00602	0.09740	0.01179	0.01775	0.07938	0.01256	0.01074	0.00440	0.00392	0.00087	0.00367	0.00356	0.00331	0.68861
3	0.86392	0.00937	0.00712	0.00637	0.00937	0.01087	0.00525	0.01425	0.00825	0.02174	0.00675	0.00787	0.00525	0.00450	0.00300	0.00150	0.00375	0.00262	0.00300	0.00525
4	0.00611	0.00445	0.00576	0.00643	0.00703	0.00410	0.00444	0.00733	0.01049	0.01411	0.21133	0.56844	0.10471	0.01367	0.00603	0.00183	0.00265	0.01227	0.00470	0.00410
5	0.01323	0.05046	0.01556	0.30787	0.11331	0.04269	0.04167	0.07624	0.03575	0.14853	0.01070	0.01281	0.00794	0.00545	0.00600	0.00158	0.09617	0.00436	0.00315	0.00652
6	0.01171	0.26739	0.25933	0.05348	0.01626	0.06794	0.01107	0.04825	0.01084	0.01450	0.00812	0.00954	0.00651	0.00433	0.00393	0.00118	0.00576	0.00316	0.00240	0.19429
7	0.00999	0.00707	0.00908	0.00825	0.00893	0.03089	0.00619	0.01061	0.00817	0.10005	0.01215	0.01985	0.01184	0.26489	0.18215	0.09897	0.19829	0.00533	0.00292	0.00437

[dist]
# distance from previous block
# <min> <max>
0	3

[block]
# block no. 2 follows, 52 sequences, length 24
# corresponding to MSA columns:
# 99-122
name=unknown_C
#
# <colnr> <probs for GDERKNQSTAVLIFYWHMCP>
#	G	D	E	R	K	N	Q	S	T	A	V	L	I	F	Y	W	H	M	C	P
0	0.00943	0.02254	0.69762	0.01309	0.01952	0.01052	0.03311	0.01465	0.01065	0.01581	0.09759	0.01322	0.01063	0.00519	0.00475	0.00154	0.00663	0.00421	0.00243	0.00686
1	0.01194	0.00690	0.00849	0.00728	0.00952	0.00656	0.00572	0.06896	0.07923	0.22880	0.36611	0.02910	0.13407	0.00862	0.00536	0.00154	0.00315	0.00734	0.00533	0.00601
2	0.01708	0.07656	0.01510	0.01226	0.07000	0.19072	0.00932	0.46835	0.01843	0.02338	0.01035	0.01101	0.00779	0.00540	0.00454	0.00136	0.00597	0.00396	0.04111	0.00731
3	0.00649	0.00448	0.00549	0.00602	0.00620	0.00432	0.00375	0.00698	0.00838	0.01121	0.05006	0.41637	0.02565	0.40499	0.01502	0.00326	0.00370	0.01037	0.00378	0.00348
4	0.00604	0.00452	0.00564	0.00644	0.00714	0.00412	0.00455	0.00713	0.01002	0.01297	0.06093	0.54813	0.21965	0.01414	0.00609	0.00189	0.00283	0.06919	0.00453	0.00404
5	0.02808	0.00937	0.01566	0.59026	0.11203	0.01112	0.06190	0.03573	0.01020	0.01366	0.00905	0.02865	0.00717	0.00513	0.00537	0.00162	0.04238	0.00455	0.00234	0.00575
6	0.00600	0.00428	0.00573	0.00685	0.00717	0.00402	0.00466	0.00691	0.00937	0.01247	0.02666	0.78929	0.03185	0.01510	0.00621	0.00198	0.00289	0.05011	0.00450	0.00396
7	0.00651	0.00453	0.00576	0.00641	0.00707	0.00415	0.00440	0.00754	0.00999	0.03796	0.09818	0.58074	0.14709	0.04716	0.00679	0.00197	0.00283	0.01224	0.00456	0.00411
8	0.01098	0.33886	0.38268	0.10257	0.01919	0.01434	0.04106	0.01469	0.01006	0.01347	0.00796	0.00967	0.00625	0.00443	0.00409	0.00135	0.00634	0.00335	0.00208	0.00657
9	0.01279	0.01066	0.01720	0.12299	0.53793	0.01091	0.01307	0.04112	0.04709	0.10287	0.01164	0.01366	0.02639	0.00490	0.00484	0.00148	0.00549	0.00457	0.00301	0.00739
10	0.00642	0.00481	0.00571	0.00588	0.00704	0.00427	0.00430	0.00787	0.01138	0.02857	0.25331	0.25000	0.35259	0.01229	0.00585	0.00170	0.00257	0.02640	0.00476	0.00427
11	0.01255	0.00976	0.01027	0.00900	0.01161	0.01104	0.00707	0.15536	0.49713	0.02162	0.01751	0.01695	0.01316	0.00625	0.00460	0.00151	0.00378	0.00509	0.17863	0.00713
12	0.01593	0.15820	0.01628	0.01309	0.07313	0.52641	0.00973	0.01733	0.01216	0.01206	0.00736	0.00903	0.00636	0.00519	0.00549	0.00133	0.09947	0.00325	0.00238	0.00584
13	0.71952	0.07424	0.00921	0.03115	0.01062	0.04031	0.00602	0.01433	0.00859	0.02004	0.00682	0.00812	0.00542	0.00460	0.00344	0.00147	0.02518	0.00273	0.00286	0.00534
14	0.01425	0.01012	0.01131	0.00953	0.01220	0.01120	0.00759	0.29495	0.23441	0.09898	0.01643	0.10633	0.01341	0.00724	0.00551	0.00158	0.04960	0.00580	0.08249	0.00709
15	0.01105	0.03407	0.01359	0.24477	0.07978	0.02727	0.04329	0.09304	0.10898	0.04154	0.12342	0.01846	0.06380	0.00657	0.00586	0.00159	0.06782	0.00546	0.00353	0.00611
16	0.00665	0.00518	0.00576	0.00571	0.00710	0.00471	0.00425	0.00845	0.06044	0.01392	0.14600	0.06514	0.51022	0.01221	0.00720	0.09831	0.00278	0.02743	0.00437	0.00417
17	0.00990	0.07361	0.42998	0.06553	0.08271	0.01114	0.08113	0.01407	0.01043	0.01478	0.03322	0.01600	0.03753	0.00575	0.00528	0.00158	0.03690	0.06145	0.00248	0.00652
18	0.00663	0.00547	0.00640	0.00621	0.00727	0.00544	0.00461	0.00785	0.01051	0.01356	0.16682	0.11244	0.42539	0.09782	0.00891	0.00203	0.09497	0.00930	0.00421	0.00417
19	0.01689	0.06941	0.01487	0.10254	0.01691	0.37202	0.00970	0.30430	0.01642	0.01888	0.00912	0.01023	0.00701	0.00523	0.00452	0.00135	0.00698	0.00369	0.00331	0.00661
20	0.10569	0.06154	0.29834	0.07999	0.01740	0.01027	0.09715	0.01325	0.00972	0.01494	0.03478	0.01381	0.00910	0.01102	0.16131	0.00273	0.00754	0.01965	0.00249	0.02928
21	0.01392	0.12413	0.01311	0.00948	0.01261	0.01233	0.00771	0.04604	0.53499	0.14524	0.01759	0.01621	0.01296	0.00612	0.00467	0.00153	0.00411	0.00495	0.00470	0.00758
22	0.70373	0.01122	0.09732	0.00747	0.01092	0.01100	0.00686	0.01523	0.06715	0.02091	0.00794	0.00890	0.00606	0.00467	0.00332	0.00151	0.00414	0.00295	0.00304	0.00565
23	0.01153	0.00983	0.01095	0.10064	0.01450	0.01143	0.00805	0.02332	0.65298	0.01924	0.01822	0.01750	0.01370	0.00632	0.00482	0.00161	0.00403	0.00529	0.05881	0.00721

[dist]
# distance from previous block
# <min> <max>
0	1

[block]
# block no. 3 follows, 52 sequences, length 13
# corresponding to MSA columns:
# 124-136
name=unknown_D
#
# <colnr> <probs for GDERKNQSTAVLIFYWHMCP>
#	G	D	E	R	K	N	Q	S	T	A	V	L	I	F	Y	W	H	M	C	P
0	0.02952	0.01157	0.06679	0.02833	0.10664	0.03122	0.02630	0.19773	0.21059	0.08409	0.08153	0.01821	0.07298	0.00649	0.00496	0.00153	0.00470	0.00540	0.00429	0.00712
1	0.00636	0.00466	0.00588	0.00620	0.00700	0.00429	0.00439	0.00778	0.01108	0.01496	0.31559	0.34712	0.14444	0.06819	0.00722	0.00195	0.00274	0.03131	0.00470	0.00414
2	0.00877	0.00717	0.00921	0.03411	0.07095	0.00773	0.00687	0.04224	0.16679	0.01594	0.14640	0.12570	0.10543	0.03748	0.12774	0.00270	0.03661	0.03870	0.00407	0.00540
3	0.00680	0.00498	0.00691	0.00701	0.00769	0.00544	0.00513	0.00810	0.00814	0.01138	0.04630	0.10392	0.04575	0.19062	0.51242	0.00612	0.00951	0.00674	0.00303	0.00401
4	0.01177	0.01214	0.03558	0.12038	0.18934	0.07409	0.15613	0.07108	0.02917	0.01532	0.03014	0.03128	0.02217	0.00593	0.00728	0.00165	0.17261	0.00491	0.00272	0.00633
5	0.01005	0.00861	0.01005	0.00718	0.01148	0.00646	0.00574	0.01220	0.01005	0.01579	0.00861	0.01005	0.00718	0.00359	0.00359	0.00072	0.00359	0.00287	0.00287	0.85932
6	0.86392	0.00937	0.00712	0.00637	0.00937	0.01087	0.00525	0.01425	0.00825	0.02174	0.00675	0.00787	0.00525	0.00450	0.00300	0.00150	0.00375	0.00262	0.00300	0.00525
7	0.00722	0.00586	0.00690	0.00764	0.03201	0.02734	0.00533	0.00973	0.08811	0.01427	0.11169	0.42320	0.17043	0.01250	0.00587	0.00181	0.00315	0.05782	0.00451	0.00460
8	0.00590	0.00463	0.00541	0.00588	0.00688	0.00415	0.00418	0.00703	0.01021	0.01288	0.06065	0.37344	0.40970	0.01472	0.04919	0.00210	0.00317	0.01141	0.00442	0.00405
9	0.00997	0.02145	0.00954	0.02545	0.01074	0.02868	0.00682	0.02702	0.21132	0.06135	0.13038	0.07909	0.08670	0.01245	0.11206	0.00248	0.07063	0.06211	0.00419	0.02756
10	0.86392	0.00937	0.00712	0.00637	0.00937	0.01087	0.00525	0.01425	0.00825	0.02174	0.00675	0.00787	0.00525	0.00450	0.00300	0.00150	0.00375	0.00262	0.00300	0.00525
11	0.64914	0.00968	0.00837	0.00767	0.03232	0.01107	0.00600	0.09662	0.06034	0.02222	0.00866	0.00959	0.00664	0.00483	0.00339	0.00148	0.00390	0.00314	0.04920	0.00575
12	0.02859	0.02631	0.05047	0.07322	0.18326	0.01010	0.05160	0.12556	0.06275	0.06505	0.15019	0.01890	0.06760	0.00640	0.00525	0.00150	0.02562	0.00552	0.00376	0.03835

[dist]
# distance from previous block
# <min> <max>
8	21

[block]
# block no. 4 follows, 52 sequences, length 29
# corresponding to MSA columns:
# 159-187
name=unknown_E
#
# <colnr> <probs for GDERKNQSTAVLIFYWHMCP>
#	G	D	E	R	K	N	Q	S	T	A	V	L	I	F	Y	W	H	M	C	P
0	0.00950	0.00875	0.01446	0.67664	0.08951	0.01063	0.01292	0.03629	0.01007	0.01313	0.00905	0.01323	0.00700	0.00702	0.06072	0.00202	0.00682	0.00437	0.00229	0.00557
1	0.46285	0.01055	0.00986	0.00807	0.01136	0.01173	0.00663	0.28582	0.01372	0.04880	0.00938	0.01006	0.00695	0.00503	0.00375	0.00143	0.00424	0.00341	0.04612	0.04021
2	0.00655	0.00501	0.00556	0.00540	0.00693	0.00432	0.00406	0.00809	0.01186	0.03918	0.26125	0.05673	0.54498	0.01146	0.00571	0.00161	0.00246	0.00971	0.00478	0.00435
3	0.52359	0.01047	0.00949	0.00804	0.01122	0.01192	0.00656	0.19197	0.13045	0.04002	0.01010	0.01046	0.00752	0.00515	0.00375	0.00151	0.00413	0.00350	0.00378	0.00636
4	0.00708	0.00508	0.00744	0.00741	0.00823	0.00575	0.00568	0.00858	0.00816	0.01180	0.06721	0.02024	0.01436	0.05243	0.65944	0.06137	0.01114	0.00540	0.02903	0.00417
5	0.00700	0.00484	0.00642	0.00650	0.00689	0.00519	0.00443	0.00766	0.00747	0.01033	0.01469	0.08050	0.01576	0.39103	0.35418	0.05611	0.00803	0.00657	0.00285	0.00354
6	0.00594	0.00427	0.00563	0.00665	0.00702	0.00397	0.00447	0.00685	0.00952	0.01268	0.05806	0.76664	0.06063	0.01487	0.00615	0.00194	0.00278	0.01345	0.00453	0.00397
7	0.00905	0.05449	0.55868	0.01165	0.01708	0.00995	0.01401	0.01370	0.03447	0.01474	0.01537	0.11052	0.08775	0.00681	0.00489	0.00159	0.00595	0.02018	0.00271	0.00640
8	0.03999	0.00815	0.00965	0.00730	0.01089	0.00668	0.00578	0.03949	0.01098	0.12290	0.06867	0.02808	0.01149	0.03537	0.00519	0.02495	0.00367	0.00400	0.00356	0.55321
9	0.00606	0.00448	0.00570	0.00655	0.00718	0.00412	0.00461	0.00714	0.00994	0.01298	0.06560	0.59066	0.17091	0.01428	0.00612	0.00191	0.00285	0.07033	0.00453	0.00403
10	0.00726	0.00469	0.00568	0.00608	0.00702	0.00435	0.00438	0.00868	0.01037	0.04475	0.09348	0.38532	0.16897	0.01227	0.01924	0.00180	0.00287	0.03651	0.17196	0.00432
11	0.00871	0.00550	0.00711	0.00707	0.00847	0.00524	0.00554	0.02329	0.01130	0.09246	0.16968	0.17503	0.10236	0.01345	0.08651	0.00233	0.00418	0.16411	0.07863	0.02903
12	0.00593	0.00429	0.00561	0.00660	0.00700	0.00397	0.00445	0.00685	0.00956	0.01268	0.05647	0.74540	0.08371	0.01479	0.00614	0.00193	0.00277	0.01336	0.00453	0.00397
13	0.17989	0.00853	0.01036	0.00815	0.01168	0.00803	0.00672	0.04956	0.01301	0.60038	0.01640	0.01474	0.01060	0.00570	0.00447	0.00149	0.00403	0.00442	0.03428	0.00756
14	0.00947	0.00800	0.00943	0.00712	0.01086	0.00611	0.00557	0.01144	0.00994	0.01531	0.01114	0.12400	0.01065	0.00521	0.00395	0.00089	0.00348	0.00439	0.00310	0.73994
15	0.00705	0.00470	0.00529	0.00529	0.00529	0.00470	0.00294	0.00705	0.00705	0.00940	0.01527	0.03171	0.01762	0.82969	0.02467	0.00470	0.00470	0.00705	0.00294	0.00294
16	0.10270	0.00858	0.00936	0.00793	0.01054	0.00903	0.00647	0.24022	0.03972	0.15028	0.01527	0.01842	0.01196	0.00642	0.00439	0.00145	0.00388	0.07844	0.26856	0.00639
17	0.01188	0.01147	0.01979	0.05530	0.74902	0.01151	0.03991	0.01481	0.01100	0.01571	0.00912	0.01206	0.00763	0.00433	0.00483	0.00145	0.00586	0.00436	0.00239	0.00756
18	0.04033	0.01176	0.05158	0.01610	0.22039	0.07551	0.08885	0.03957	0.06337	0.17497	0.05733	0.01492	0.02208	0.00667	0.03146	0.00174	0.06807	0.00483	0.00356	0.00691
19	0.01074	0.03551	0.03434	0.02376	0.07266	0.03340	0.03139	0.02345	0.02457	0.02994	0.06352	0.01237	0.00997	0.00474	0.00503	0.00108	0.07156	0.00374	0.00298	0.50525
20	0.00678	0.00515	0.00616	0.00657	0.00748	0.00496	0.00469	0.00900	0.07871	0.01379	0.10956	0.35836	0.19486	0.10260	0.00800	0.00214	0.00311	0.06935	0.00445	0.00429
21	0.01434	0.06377	0.06790	0.10890	0.08277	0.23616	0.04185	0.14368	0.07238	0.03857	0.03726	0.01217	0.00894	0.00543	0.00519	0.00145	0.04539	0.00415	0.00314	0.00655
22	0.00879	0.00536	0.00654	0.00615	0.00777	0.00473	0.00464	0.01044	0.01212	0.14357	0.28489	0.14547	0.30308	0.01075	0.00560	0.00161	0.00272	0.00926	0.02162	0.00491
23	0.00961	0.00834	0.01120	0.22355	0.09588	0.00932	0.00888	0.01582	0.27089	0.01646	0.11880	0.07537	0.08182	0.00735	0.00511	0.00161	0.00430	0.00641	0.02325	0.00605
24	0.00632	0.00443	0.00555	0.00628	0.00653	0.00423	0.00405	0.00693	0.00864	0.01147	0.02351	0.52928	0.04605	0.28000	0.01220	0.00285	0.00346	0.03059	0.00399	0.00363
25	0.01080	0.01092	0.06818	0.28655	0.23605	0.01116	0.02264	0.05165	0.13949	0.01595	0.03995	0.02677	0.01016	0.00591	0.01675	0.00166	0.03105	0.00480	0.00296	0.00659
26	0.80483	0.00952	0.00799	0.00799	0.06417	0.01092	0.00592	0.01429	0.00844	0.02133	0.00691	0.00816	0.00542	0.00449	0.00312	0.00150	0.00389	0.00274	0.00296	0.00542
27	0.00852	0.03380	0.04683	0.00658	0.00894	0.00571	0.00546	0.01052	0.01190	0.08027	0.29250	0.06049	0.26186	0.00908	0.00520	0.00143	0.00304	0.00772	0.00446	0.13568
28	0.21209	0.00990	0.00988	0.00883	0.01156	0.01137	0.00694	0.04970	0.52478	0.02094	0.07028	0.01670	0.01446	0.00629	0.00453	0.00159	0.00376	0.00499	0.00450	0.00691

[dist]
# distance from previous block
# <min> <max>
3	9

[block]
# block no. 5 follows, 52 sequences, length 22
# corresponding to MSA columns:
# 197-218
name=unknown_F
#
# <colnr> <probs for GDERKNQSTAVLIFYWHMCP>
#	G	D	E	R	K	N	Q	S	T	A	V	L	I	F	Y	W	H	M	C	P
0	0.17851	0.07551	0.06770	0.04270	0.08011	0.07699	0.02181	0.06287	0.04493	0.01700	0.09222	0.06172	0.07489	0.00839	0.05337	0.00186	0.00521	0.00527	0.02322	0.00572
1	0.01298	0.65023	0.08281	0.00888	0.01324	0.01741	0.00894	0.07814	0.01096	0.01357	0.00741	0.00843	0.00644	0.00428	0.00340	0.00109	0.00524	0.00283	0.00235	0.06137
2	0.00948	0.00817	0.05962	0.00741	0.01053	0.00612	0.00625	0.01184	0.03026	0.07613	0.07410	0.12105	0.13223	0.00762	0.00475	0.00128	0.00356	0.04812	0.00381	0.37766
3	0.12524	0.01272	0.01324	0.01041	0.01406	0.01420	0.00855	0.60864	0.09891	0.02838	0.01183	0.01181	0.00853	0.00573	0.00462	0.00148	0.00498	0.00426	0.00462	0.00780
4	0.00721	0.00507	0.00638	0.00598	0.00731	0.00458	0.00451	0.00930	0.01326	0.04717	0.63823	0.03729	0.17521	0.01017	0.00569	0.00154	0.00238	0.00888	0.00521	0.00462
5	0.01271	0.77069	0.08514	0.00872	0.01309	0.01857	0.00903	0.01457	0.00988	0.01170	0.00689	0.00796	0.00621	0.00418	0.00322	0.00107	0.00533	0.00267	0.00207	0.00629
6	0.03938	0.00841	0.01025	0.02604	0.03701	0.00885	0.00726	0.11395	0.15651	0.18396	0.07225	0.11928	0.07456	0.00901	0.02269	0.00180	0.04404	0.05365	0.00467	0.00644
7	0.00631	0.00480	0.00548	0.00572	0.00668	0.00435	0.00405	0.00739	0.01016	0.01291	0.11101	0.17672	0.36693	0.18818	0.00994	0.00238	0.00313	0.06572	0.00424	0.00389
8	0.01009	0.00955	0.01648	0.41485	0.28773	0.01054	0.06579	0.01316	0.01051	0.01417	0.04069	0.01621	0.00984	0.00536	0.00504	0.00159	0.00605	0.05366	0.00253	0.00614
9	0.04038	0.00920	0.01058	0.00919	0.01144	0.02231	0.00725	0.09561	0.27982	0.15768	0.05926	0.05894	0.01474	0.02250	0.00733	0.05674	0.08843	0.01880	0.02328	0.00655
10	0.08298	0.00956	0.01078	0.00894	0.01194	0.01010	0.00717	0.19470	0.22107	0.22627	0.12901	0.03583	0.01665	0.00676	0.00488	0.00154	0.00400	0.00550	0.00508	0.00723
11	0.04100	0.00778	0.00896	0.00800	0.01018	0.00807	0.00619	0.07955	0.23234	0.15312	0.06256	0.09181	0.11524	0.00932	0.00673	0.10030	0.00369	0.02661	0.02254	0.00600
12	0.00605	0.00439	0.00570	0.00666	0.00713	0.00408	0.00459	0.00703	0.00960	0.01265	0.04481	0.66983	0.10450	0.03373	0.00660	0.00201	0.00291	0.05928	0.00448	0.00397
13	0.01086	0.00969	0.01134	0.00880	0.03673	0.04001	0.02697	0.04710	0.01075	0.01616	0.00868	0.01022	0.00718	0.00393	0.00416	0.00086	0.02961	0.00311	0.00289	0.71094
14	0.00724	0.00565	0.00723	0.00714	0.00820	0.00564	0.02217	0.00935	0.05773	0.02790	0.18321	0.30433	0.20120	0.04330	0.00726	0.00189	0.05780	0.03379	0.00445	0.00452
15	0.00746	0.00493	0.00662	0.00713	0.00792	0.00482	0.00523	0.00870	0.00957	0.06327	0.03729	0.40609	0.06760	0.08168	0.15051	0.00320	0.00505	0.11449	0.00414	0.00430
16	0.08133	0.02719	0.08903	0.05200	0.35464	0.10751	0.13495	0.03404	0.01123	0.01574	0.00906	0.02592	0.00747	0.00475	0.00498	0.00149	0.02504	0.00434	0.00251	0.00678
17	0.01142	0.00965	0.01570	0.18365	0.28313	0.01014	0.07755	0.05676	0.01127	0.07850	0.01353	0.10997	0.03769	0.00651	0.00569	0.00160	0.04854	0.01670	0.00312	0.01889
18	0.00754	0.00516	0.00612	0.03689	0.00698	0.00530	0.00381	0.03751	0.00790	0.01054	0.01531	0.08046	0.01729	0.66486	0.04256	0.03339	0.00487	0.00712	0.00304	0.00331
19	0.41127	0.00683	0.00629	0.00619	0.00796	0.00734	0.00464	0.01052	0.00917	0.01719	0.07765	0.22817	0.10891	0.07119	0.00599	0.00188	0.00332	0.00720	0.00374	0.00455
20	0.15503	0.00684	0.00727	0.00674	0.00851	0.03618	0.03444	0.02555	0.01094	0.01594	0.16818	0.15041	0.27813	0.04677	0.00605	0.00174	0.00334	0.00830	0.00414	0.02553
21	0.04099	0.09070	0.09158	0.06060	0.01315	0.05129	0.00801	0.07812	0.07544	0.05187	0.11317	0.06935	0.03199	0.05545	0.00583	0.00159	0.00460	0.02463	0.00362	0.12802

[dist]
# distance from previous block
# <min> <max>
0	10

[block]
# block no. 6 follows, 52 sequences, length 13
# corresponding to MSA columns:
# 229-241
name=unknown_G
#
# <colnr> <probs for GDERKNQSTAVLIFYWHMCP>
#	G	D	E	R	K	N	Q	S	T	A	V	L	I	F	Y	W	H	M	C	P
0	0.23685	0.06563	0.14892	0.10122	0.06935	0.06482	0.01010	0.10009	0.01182	0.10892	0.03314	0.01143	0.00815	0.00503	0.00420	0.00146	0.00537	0.00376	0.00323	0.00650
1	0.00669	0.00498	0.00598	0.00633	0.00728	0.00462	0.00444	0.00837	0.04439	0.01361	0.08428	0.42595	0.17684	0.07775	0.00723	0.00198	0.00295	0.02522	0.04256	0.04854
2	0.01081	0.10605	0.40655	0.08576	0.08777	0.01114	0.01359	0.03964	0.01105	0.06148	0.06252	0.01411	0.04103	0.00597	0.02102	0.00161	0.00613	0.00434	0.00274	0.00669
3	0.00602	0.00447	0.00556	0.00623	0.00688	0.00407	0.00427	0.00708	0.01007	0.01322	0.11981	0.54118	0.19245	0.04649	0.00677	0.00196	0.00275	0.01219	0.00453	0.00400
4	0.01105	0.04687	0.01795	0.20667	0.34219	0.01180	0.09327	0.01514	0.09928	0.01494	0.01053	0.03716	0.00875	0.00526	0.00560	0.00157	0.05783	0.00480	0.00267	0.00670
5	0.00632	0.00510	0.00565	0.00560	0.00704	0.00456	0.00416	0.00834	0.04651	0.01497	0.23693	0.11300	0.50122	0.01168	0.00573	0.00164	0.00251	0.00996	0.00473	0.00436
6	0.00943	0.02990	0.05076	0.06994	0.03207	0.07766	0.05735	0.03470	0.06607	0.02586	0.12761	0.31993	0.02241	0.00963	0.00574	0.00168	0.02854	0.00848	0.01699	0.00526
7	0.01297	0.01149	0.01821	0.19404	0.37338	0.04691	0.10454	0.08079	0.01216	0.08350	0.01009	0.01253	0.00773	0.00471	0.00491	0.00150	0.00615	0.00448	0.00287	0.00705
8	0.00915	0.00861	0.01453	0.81804	0.03338	0.01077	0.01346	0.01238	0.00969	0.01238	0.00861	0.01292	0.00646	0.00484	0.00484	0.00161	0.00646	0.00431	0.00215	0.00538
9	0.55691	0.08434	0.01055	0.00766	0.01099	0.01216	0.00645	0.16742	0.01169	0.08070	0.00864	0.00925	0.00643	0.00484	0.00351	0.00145	0.00422	0.00313	0.00351	0.00615
10	0.01169	0.00804	0.00904	0.00798	0.01005	0.04395	0.00634	0.16396	0.01386	0.09962	0.18778	0.07556	0.03838	0.00970	0.04707	0.00184	0.01858	0.08222	0.12067	0.04369
11	0.01379	0.00889	0.01143	0.00993	0.06885	0.03125	0.02991	0.03326	0.01161	0.25691	0.01369	0.06669	0.01099	0.00690	0.04006	0.00150	0.00462	0.02143	0.00395	0.35434
12	0.14437	0.00902	0.01115	0.00821	0.01227	0.00762	0.07560	0.01273	0.01000	0.01681	0.03223	0.01077	0.00805	0.00397	0.00375	0.00095	0.00399	0.00327	0.00293	0.62231

[dist]
# distance from previous block
# <min> <max>
0	9

[block]
# block no. 7 follows, 52 sequences, length 14
# corresponding to MSA columns:
# 251-264
name=unknown_H
#
# <colnr> <probs for GDERKNQSTAVLIFYWHMCP>
#	G	D	E	R	K	N	Q	S	T	A	V	L	I	F	Y	W	H	M	C	P
0	0.25694	0.06606	0.09166	0.02603	0.06167	0.07525	0.02080	0.04048	0.01043	0.06788	0.01299	0.18156	0.01259	0.00726	0.00473	0.00159	0.02247	0.03056	0.00334	0.00572
1	0.72501	0.00921	0.00772	0.00665	0.00981	0.01021	0.00547	0.01504	0.00892	0.09844	0.00809	0.00887	0.00604	0.00459	0.00322	0.00145	0.00378	0.00286	0.00329	0.06136
2	0.74367	0.03879	0.00857	0.05974	0.01118	0.01132	0.00611	0.01403	0.00837	0.02036	0.00685	0.00831	0.00541	0.00467	0.00364	0.00152	0.03652	0.00280	0.00288	0.00529
3	0.86392	0.00937	0.00712	0.00637	0.00937	0.01087	0.00525	0.01425	0.00825	0.02174	0.00675	0.00787	0.00525	0.00450	0.00300	0.00150	0.00375	0.00262	0.00300	0.00525
4	0.00912	0.01883	0.53830	0.01199	0.01742	0.00949	0.06496	0.01367	0.01083	0.01591	0.11633	0.01697	0.06861	0.00589	0.00483	0.00152	0.00593	0.00495	0.05806	0.00639
5	0.00678	0.00493	0.00617	0.00586	0.00708	0.00450	0.00440	0.00891	0.01319	0.01845	0.65728	0.03703	0.15458	0.01009	0.00563	0.00153	0.00231	0.00881	0.03799	0.00450
6	0.00901	0.01085	0.14428	0.01022	0.02590	0.04619	0.08698	0.03656	0.04096	0.01483	0.08448	0.19361	0.12468	0.05068	0.00709	0.00182	0.06249	0.00766	0.03640	0.00532
7	0.00652	0.00448	0.00544	0.00596	0.00609	0.00435	0.00366	0.00691	0.00808	0.01077	0.02054	0.39794	0.02427	0.45439	0.01615	0.00344	0.00383	0.01015	0.00366	0.00340
8	0.01174	0.01067	0.06485	0.17247	0.15513	0.01065	0.01043	0.16592	0.13275	0.03328	0.09134	0.06449	0.01392	0.00673	0.00546	0.02942	0.00500	0.00548	0.00368	0.00659
9	0.00895	0.00512	0.00562	0.00537	0.00648	0.00503	0.00385	0.03996	0.01059	0.04775	0.11227	0.04622	0.06064	0.18172	0.00850	0.00201	0.00300	0.00614	0.43633	0.00444
10	0.07325	0.02945	0.01090	0.06511	0.01321	0.03570	0.00667	0.03254	0.01073	0.09905	0.00957	0.01071	0.00747	0.00411	0.00382	0.00096	0.00412	0.00320	0.00317	0.57625
11	0.04487	0.00915	0.00941	0.00822	0.01033	0.07051	0.00648	0.15390	0.07358	0.03268	0.19799	0.04499	0.17542	0.00848	0.00595	0.00155	0.06573	0.02275	0.01954	0.03847
12	0.00948	0.00820	0.01327	0.11718	0.05481	0.00819	0.17152	0.06784	0.02723	0.02947	0.14034	0.14045	0.11440	0.00802	0.00537	0.00160	0.00466	0.00744	0.05174	0.01879
13	0.01029	0.00972	0.01430	0.19151	0.25157	0.04859	0.05133	0.04218	0.01160	0.01558	0.13701	0.01934	0.09516	0.00632	0.00538	0.00150	0.03188	0.00557	0.00314	0.04803

[dist]
# distance from previous block
# <min> <max>
9	20

[block]
# block no. 8 follows, 52 sequences, length 20
# corresponding to MSA columns:
# 290-302,305-311
name=unknown_I
#
# <colnr> <probs for GDERKNQSTAVLIFYWHMCP>
#	G	D	E	R	K	N	Q	S	T	A	V	L	I	F	Y	W	H	M	C	P
0	0.03325	0.01139	0.13328	0.10808	0.02624	0.00895	0.07440	0.09363	0.01177	0.03597	0.07079	0.01634	0.04721	0.02343	0.00530	0.01635	0.00500	0.02457	0.00319	0.25085
1	0.68012	0.00948	0.00798	0.00688	0.00998	0.01059	0.00561	0.06929	0.02625	0.02152	0.00810	0.03086	0.00658	0.00484	0.00332	0.00144	0.00382	0.00314	0.00320	0.08699
2	0.00927	0.00823	0.01331	0.20824	0.27820	0.00866	0.02438	0.01180	0.01067	0.01443	0.07185	0.07207	0.05461	0.02509	0.02628	0.00191	0.00530	0.14681	0.00318	0.00571
3	0.00630	0.00492	0.00563	0.00546	0.00680	0.00434	0.00405	0.00794	0.01206	0.01577	0.38406	0.04125	0.42327	0.04885	0.00659	0.00173	0.00248	0.00942	0.00480	0.00425
4	0.01183	0.01059	0.01718	0.08711	0.47273	0.01089	0.06759	0.09852	0.01199	0.01698	0.01061	0.01443	0.00890	0.02779	0.02782	0.00173	0.00582	0.02519	0.06536	0.00693
5	0.01087	0.00954	0.01561	0.55221	0.21489	0.01099	0.01330	0.05157	0.01085	0.05051	0.00937	0.01280	0.00709	0.00482	0.00484	0.00156	0.00613	0.00434	0.00252	0.00621
6	0.00583	0.00486	0.00509	0.00514	0.00664	0.00412	0.00381	0.00712	0.01114	0.01355	0.10812	0.10177	0.68160	0.01229	0.00576	0.00165	0.00247	0.01036	0.00457	0.00412
7	0.08573	0.00877	0.01370	0.70555	0.03020	0.01084	0.01244	0.01321	0.04813	0.01361	0.00900	0.01272	0.00676	0.00490	0.00468	0.00161	0.00609	0.00421	0.00237	0.00548
8	0.86392	0.00937	0.00712	0.00637	0.00937	0.01087	0.00525	0.01425	0.00825	0.02174	0.00675	0.00787	0.00525	0.00450	0.00300	0.00150	0.00375	0.00262	0.00300	0.00525
9	0.00760	0.00599	0.00748	0.00695	0.00848	0.00584	0.02602	0.01135	0.13278	0.01763	0.44832	0.06092	0.18144	0.01011	0.00593	0.02008	0.00284	0.03040	0.00491	0.00494
10	0.01888	0.00877	0.01114	0.00876	0.01215	0.00827	0.00715	0.13929	0.05441	0.54596	0.11535	0.01829	0.01578	0.00649	0.00498	0.00150	0.00407	0.00531	0.00568	0.00776
11	0.00898	0.00647	0.00840	0.00782	0.00894	0.00730	0.00594	0.12079	0.02214	0.01394	0.01284	0.01941	0.01206	0.15680	0.44381	0.06689	0.03348	0.00525	0.03413	0.00460
12	0.01580	0.00952	0.01077	0.00874	0.01174	0.00994	0.00706	0.28696	0.12738	0.22253	0.05338	0.01702	0.03337	0.00630	0.00467	0.00144	0.00404	0.00504	0.15708	0.00722
13	0.01152	0.00829	0.00925	0.00831	0.01055	0.00896	0.00643	0.07143	0.37849	0.08889	0.14298	0.09589	0.03511	0.00781	0.00502	0.00158	0.00343	0.00663	0.09292	0.00653
14	0.19028	0.00984	0.04647	0.50866	0.12920	0.01091	0.01209	0.01323	0.00959	0.01494	0.00829	0.01162	0.00635	0.00469	0.00444	0.00156	0.00582	0.00392	0.00236	0.00573
15	0.00698	0.00510	0.00658	0.00623	0.00742	0.00476	0.00471	0.00951	0.03188	0.01919	0.74261	0.03647	0.06101	0.00997	0.00572	0.00155	0.00238	0.02802	0.00528	0.00463
16	0.01804	0.01248	0.01369	0.01058	0.01438	0.01347	0.00870	0.60311	0.07505	0.12575	0.01301	0.01263	0.00913	0.00580	0.00480	0.00144	0.00500	0.00444	0.00492	0.04356
17	0.03481	0.00937	0.01090	0.00871	0.04454	0.02189	0.00663	0.09477	0.01194	0.09270	0.03701	0.01173	0.00903	0.00435	0.00397	0.00096	0.00396	0.00348	0.00344	0.58582
18	0.01576	0.03446	0.01699	0.01300	0.03761	0.01207	0.19689	0.26574	0.13582	0.17716	0.03469	0.01450	0.01071	0.00557	0.00505	0.00153	0.00548	0.00503	0.00437	0.00757
19	0.02082	0.03051	0.00828	0.00781	0.00907	0.11721	0.00596	0.03113	0.02730	0.01304	0.03594	0.14269	0.16720	0.10422	0.03145	0.06378	0.02856	0.14695	0.00369	0.00439

[dist]
# distance from previous block
# <min> <max>
0	1

[block]
# block no. 9 follows, 52 sequences, length 14
# corresponding to MSA columns:
# 313-326
name=unknown_J
#
# <colnr> <probs for GDERKNQSTAVLIFYWHMCP>
#	G	D	E	R	K	N	Q	S	T	A	V	L	I	F	Y	W	H	M	C	P
0	0.01444	0.01561	0.05219	0.01263	0.06513	0.35166	0.03329	0.03871	0.01185	0.08869	0.01073	0.06529	0.00937	0.00972	0.09873	0.00222	0.10629	0.00458	0.00297	0.00589
1	0.05094	0.00902	0.01391	0.66721	0.02949	0.01096	0.01234	0.06053	0.04366	0.04230	0.00955	0.01295	0.00706	0.00500	0.00476	0.00160	0.00607	0.00430	0.00261	0.00575
2	0.00775	0.00548	0.00717	0.00785	0.00902	0.00533	0.00641	0.01006	0.04454	0.04063	0.06813	0.20496	0.12849	0.01288	0.00628	0.00202	0.00372	0.42009	0.00459	0.00458
3	0.00665	0.00540	0.00634	0.05311	0.00866	0.00504	0.00477	0.00898	0.04874	0.01576	0.32535	0.03941	0.43285	0.01068	0.00563	0.00159	0.00269	0.00911	0.00470	0.00452
4	0.01154	0.25049	0.23485	0.01122	0.05156	0.01324	0.01089	0.08829	0.02237	0.02697	0.00947	0.01225	0.00803	0.06398	0.05164	0.00199	0.08817	0.00388	0.03285	0.00631
5	0.09924	0.01070	0.06251	0.00955	0.01314	0.00998	0.00832	0.20253	0.04498	0.38411	0.01550	0.01648	0.01104	0.00631	0.00516	0.00157	0.03177	0.05467	0.00491	0.00752
6	0.02036	0.00854	0.01117	0.00868	0.01225	0.00776	0.00713	0.08377	0.03936	0.67044	0.04295	0.01682	0.01286	0.00612	0.00486	0.00149	0.00410	0.00496	0.02836	0.00801
7	0.01026	0.00975	0.01654	0.51009	0.33265	0.01106	0.01401	0.01335	0.01022	0.01373	0.00881	0.01256	0.00694	0.00464	0.00483	0.00155	0.00619	0.00431	0.00225	0.00628
8	0.41270	0.01179	0.08583	0.04171	0.06444	0.01170	0.00850	0.19345	0.01230	0.05095	0.00903	0.01016	0.00675	0.00503	0.00425	0.00150	0.02981	0.00349	0.03023	0.00638
9	0.00765	0.00567	0.00686	0.00645	0.00780	0.00557	0.00492	0.01007	0.05429	0.04541	0.38380	0.07701	0.25503	0.01027	0.00624	0.00161	0.05646	0.00865	0.04149	0.00475
10	0.00635	0.00452	0.00581	0.00667	0.00707	0.00430	0.00459	0.00724	0.00919	0.01212	0.02550	0.54138	0.06522	0.16733	0.00969	0.00250	0.00336	0.10915	0.00420	0.00382
11	0.02705	0.01670	0.06443	0.05566	0.04855	0.42201	0.00941	0.05157	0.01244	0.01364	0.02564	0.14642	0.01219	0.00718	0.00527	0.00150	0.03664	0.03511	0.00301	0.00556
12	0.08343	0.05660	0.02844	0.18939	0.18196	0.12364	0.06668	0.01461	0.01071	0.02909	0.00858	0.01093	0.00686	0.00441	0.00434	0.00131	0.00589	0.00374	0.00254	0.16684
13	0.00713	0.00476	0.00598	0.00625	0.00666	0.00489	0.00418	0.00811	0.02809	0.01158	0.01760	0.23785	0.01925	0.31188	0.16210	0.06042	0.00544	0.00802	0.08613	0.00368

[dist]
# distance from previous block
# <min> <max>
0	1

[block]
# block no. 10 follows, 52 sequences, length 10
# corresponding to MSA columns:
# 328-337
name=unknown_K
#
# <colnr> <probs for GDERKNQSTAVLIFYWHMCP>
#	G	D	E	R	K	N	Q	S	T	A	V	L	I	F	Y	W	H	M	C	P
0	0.04559	0.00633	0.00812	0.00771	0.00899	0.00658	0.03989	0.01044	0.09324	0.01526	0.18191	0.29139	0.17219	0.01111	0.00656	0.00176	0.07426	0.00953	0.00435	0.00478
1	0.11991	0.00921	0.00997	0.00767	0.01125	0.00862	0.00615	0.16190	0.03302	0.04805	0.01049	0.01192	0.00831	0.03036	0.00448	0.00117	0.00389	0.00355	0.07950	0.43058
2	0.01204	0.60472	0.24528	0.00985	0.01485	0.01694	0.01100	0.01475	0.00996	0.01251	0.00729	0.00847	0.00620	0.00428	0.00353	0.00118	0.00574	0.00287	0.00207	0.00649
3	0.00720	0.00571	0.00666	0.00612	0.00783	0.00520	0.00465	0.01009	0.07709	0.01715	0.42318	0.03577	0.28158	0.00984	0.00547	0.00150	0.00258	0.00845	0.00482	0.07911
4	0.00951	0.00907	0.01103	0.03276	0.09442	0.10508	0.00821	0.01106	0.00892	0.01194	0.01179	0.08610	0.01163	0.05605	0.34535	0.00440	0.16961	0.00547	0.00264	0.00496
5	0.00586	0.00482	0.00509	0.00520	0.00659	0.00412	0.00380	0.00705	0.01083	0.01321	0.08532	0.13772	0.63693	0.04361	0.00650	0.00179	0.00257	0.01045	0.00449	0.00405
6	0.10202	0.03125	0.00947	0.00806	0.01016	0.03911	0.00625	0.07318	0.15801	0.11372	0.01747	0.03558	0.08063	0.12844	0.14576	0.00306	0.02264	0.00557	0.00389	0.00574
7	0.01501	0.01106	0.09557	0.01025	0.03507	0.00977	0.02367	0.11447	0.22818	0.27469	0.06449	0.01858	0.06401	0.00654	0.00498	0.00155	0.00442	0.00541	0.00484	0.00744
8	0.01324	0.58086	0.02290	0.00972	0.01368	0.01598	0.10394	0.01518	0.01058	0.09618	0.04435	0.01098	0.00894	0.00558	0.02833	0.00139	0.00555	0.00358	0.00270	0.00634
9	0.00932	0.00816	0.01217	0.04661	0.01256	0.00927	0.07703	0.01133	0.01020	0.03657	0.23638	0.01947	0.01877	0.01120	0.10855	0.00242	0.26527	0.00567	0.00333	0.09571

[dist]
# distance from previous block
# <min> <max>
4	20

[block]
# block no. 11 follows, 52 sequences, length 13
# corresponding to MSA columns:
# 358-370
name=unknown_L
#
# <colnr> <probs for GDERKNQSTAVLIFYWHMCP>
#	G	D	E	R	K	N	Q	S	T	A	V	L	I	F	Y	W	H	M	C	P
0	0.04142	0.01118	0.01502	0.14354	0.33758	0.08391	0.02510	0.03517	0.10335	0.02954	0.01355	0.03587	0.05974	0.00570	0.00483	0.00150	0.00549	0.01621	0.00305	0.02826
1	0.13499	0.01186	0.01242	0.00998	0.01338	0.01316	0.00812	0.50742	0.11884	0.05382	0.01312	0.05861	0.01016	0.00627	0.00468	0.00152	0.00473	0.00482	0.00462	0.00750
2	0.00982	0.00803	0.00939	0.00704	0.01077	0.00625	0.00557	0.02649	0.01064	0.03587	0.05678	0.04804	0.07177	0.00519	0.00404	0.00092	0.00344	0.00430	0.00332	0.67233
3	0.75337	0.00888	0.00721	0.00670	0.00946	0.01019	0.00558	0.01370	0.00862	0.02081	0.00919	0.01391	0.00817	0.00565	0.00348	0.00159	0.00384	0.10131	0.00319	0.00515
4	0.00733	0.00477	0.00583	0.00583	0.00619	0.00498	0.00380	0.00795	0.00760	0.01092	0.01451	0.02621	0.01525	0.49934	0.21159	0.03885	0.00637	0.00616	0.11305	0.00344
5	0.65532	0.00978	0.00857	0.00726	0.01046	0.01097	0.00598	0.11466	0.01079	0.11509	0.00884	0.00938	0.00643	0.00485	0.00346	0.00149	0.00400	0.00311	0.00359	0.00599
6	0.00593	0.00447	0.00549	0.00618	0.00691	0.00403	0.00427	0.00699	0.01013	0.01313	0.09331	0.54391	0.24981	0.01395	0.00602	0.00184	0.00267	0.01238	0.00456	0.00403
7	0.01412	0.01088	0.01160	0.00977	0.01258	0.02594	0.00772	0.28686	0.35359	0.05442	0.02759	0.03029	0.01288	0.05856	0.00639	0.00175	0.02492	0.00524	0.03764	0.00727
8	0.00605	0.00433	0.00576	0.00665	0.00706	0.00404	0.00451	0.00712	0.00997	0.01347	0.14707	0.70302	0.03419	0.01436	0.00611	0.00190	0.00273	0.01299	0.00463	0.00404
9	0.00804	0.00561	0.00704	0.00677	0.00794	0.00553	0.00502	0.02551	0.10005	0.03071	0.39563	0.11938	0.08078	0.01135	0.00786	0.14347	0.00300	0.02717	0.00459	0.00455
10	0.07744	0.00882	0.01121	0.00872	0.01238	0.00818	0.00718	0.08172	0.04522	0.65968	0.01774	0.01561	0.01137	0.00591	0.00475	0.00150	0.00418	0.00471	0.00567	0.00802
11	0.01009	0.02267	0.66478	0.01395	0.02050	0.01141	0.07771	0.01638	0.08707	0.01585	0.00987	0.01123	0.00709	0.00476	0.00472	0.00155	0.00692	0.00394	0.00236	0.00716
12	0.01488	0.01180	0.01274	0.03980	0.01447	0.01338	0.00859	0.37456	0.40828	0.02472	0.01559	0.01492	0.01147	0.00616	0.00489	0.00156	0.00462	0.00492	0.00479	0.00785

[dist]
# distance from previous block
# <min> <max>
1	2

[block]
# block no. 12 follows, 52 sequences, length 10
# corresponding to MSA columns:
# 373-382
name=unknown_M
#
# <colnr> <probs for GDERKNQSTAVLIFYWHMCP>
#	G	D	E	R	K	N	Q	S	T	A	V	L	I	F	Y	W	H	M	C	P
0	0.02692	0.11971	0.11930	0.06435	0.09548	0.13287	0.01045	0.09922	0.20958	0.01727	0.03569	0.01294	0.00998	0.00536	0.00451	0.00143	0.00565	0.00420	0.00332	0.02178
1	0.62404	0.01172	0.05873	0.00861	0.03952	0.06235	0.00708	0.08503	0.03285	0.02126	0.00782	0.00886	0.00600	0.00471	0.00348	0.00148	0.00450	0.00302	0.00311	0.00582
2	0.02845	0.00647	0.00744	0.00675	0.00845	0.02092	0.00513	0.01398	0.12306	0.13432	0.23830	0.02391	0.05745	0.03035	0.00677	0.08984	0.00320	0.00614	0.18380	0.00527
3	0.00864	0.00576	0.00712	0.05846	0.00919	0.00571	0.00515	0.06139	0.01102	0.06500	0.14022	0.18732	0.11805	0.19757	0.00985	0.00235	0.00363	0.03564	0.06339	0.00454
4	0.00675	0.00514	0.00694	0.00707	0.00776	0.00558	0.00520	0.00795	0.00840	0.01148	0.02056	0.19081	0.11962	0.14018	0.38992	0.00507	0.04640	0.00784	0.00326	0.00406
5	0.09827	0.01003	0.01132	0.00916	0.01198	0.01086	0.02283	0.33933	0.05229	0.11080	0.12326	0.01682	0.01453	0.03840	0.00598	0.00162	0.04160	0.00506	0.06913	0.00675
6	0.11068	0.00859	0.01057	0.00840	0.01177	0.00819	0.00687	0.07750	0.06373	0.53611	0.09157	0.01719	0.01439	0.00623	0.00475	0.00151	0.00398	0.00500	0.00546	0.00753
7	0.01127	0.23724	0.47794	0.01287	0.01873	0.06443	0.08401	0.01540	0.01046	0.01410	0.00820	0.00974	0.00628	0.00446	0.00430	0.00139	0.00683	0.00348	0.00212	0.00676
8	0.01440	0.04112	0.01157	0.03146	0.01246	0.05991	0.04672	0.06737	0.12505	0.26756	0.12123	0.07302	0.02956	0.00721	0.00501	0.00153	0.00433	0.02617	0.04771	0.00662
9	0.01202	0.00738	0.00906	0.00835	0.03816	0.00722	0.00626	0.12004	0.05493	0.17577	0.18768	0.06470	0.09746	0.05986	0.00645	0.00175	0.00366	0.06095	0.05360	0.02469

[dist]
# distance from previous block
# <min> <max>
2	20

[block]
