[name]
unknown

[dist]
# distance from previous block
# <min> <max>
0	84

[block]
# block no. 0 follows, 51 sequences, length 18
# corresponding to MSA columns:
# 109-126
name=unknown_A
#
# <colnr> <probs for GDERKNQSTAVLIFYWHMCP>
#	G	D	E	R	K	N	Q	S	T	A	V	L	I	F	Y	W	H	M	C	P
0	0.00701	0.00487	0.00570	0.00589	0.00623	0.00480	0.00379	0.00749	0.00817	0.01071	0.02079	0.08529	0.10094	0.57646	0.05090	0.00413	0.00471	0.08534	0.00339	0.00338
1	0.01370	0.07066	0.18699	0.08853	0.08721	0.03572	0.14063	0.07980	0.01249	0.16191	0.02686	0.01310	0.00889	0.00504	0.00482	0.00149	0.00612	0.00447	0.02894	0.02262
2	0.02895	0.05493	0.09062	0.19806	0.09571	0.09408	0.03834	0.07944	0.15538	0.01647	0.01187	0.05603	0.00973	0.00576	0.00496	0.00153	0.01798	0.00479	0.00315	0.03221
3	0.01089	0.01134	0.06006	0.37285	0.25969	0.01172	0.10379	0.04416	0.01089	0.01483	0.00904	0.01253	0.00708	0.00487	0.00553	0.00160	0.04575	0.00450	0.00239	0.00650
4	0.01408	0.01068	0.01297	0.10745	0.01580	0.02953	0.05925	0.33849	0.08563	0.06071	0.01558	0.08514	0.04242	0.00679	0.00497	0.00154	0.00496	0.00568	0.09147	0.00685
5	0.00624	0.00480	0.00557	0.00576	0.00681	0.00428	0.00409	0.00754	0.01104	0.01429	0.21799	0.23672	0.35776	0.08538	0.00764	0.00199	0.00274	0.01063	0.00462	0.00412
6	0.01053	0.05119	0.01186	0.03093	0.07860	0.06095	0.03806	0.10429	0.07347	0.01687	0.14496	0.02474	0.13742	0.02643	0.10168	0.00239	0.03589	0.04017	0.00384	0.00574
7	0.78565	0.00910	0.00716	0.00644	0.00931	0.01045	0.00526	0.01398	0.00886	0.02184	0.07714	0.01055	0.00899	0.00505	0.00329	0.00152	0.00367	0.00322	0.00325	0.00526
8	0.00888	0.00690	0.00949	0.07794	0.08029	0.00756	0.00708	0.07110	0.04961	0.01375	0.02650	0.04095	0.04592	0.18512	0.29624	0.03356	0.00782	0.02327	0.00314	0.00489
9	0.01087	0.00823	0.00923	0.00829	0.01048	0.00892	0.00642	0.04476	0.40196	0.05812	0.29171	0.02450	0.02552	0.00774	0.00517	0.00158	0.00330	0.00660	0.06010	0.00651
10	0.01068	0.14111	0.56597	0.01295	0.01914	0.01272	0.04251	0.01671	0.10347	0.01558	0.00991	0.01107	0.00733	0.00482	0.00453	0.00150	0.00660	0.00379	0.00244	0.00716
11	0.00607	0.00463	0.00554	0.00621	0.00704	0.00417	0.00437	0.00711	0.01008	0.01281	0.03492	0.46374	0.31279	0.04778	0.00690	0.00200	0.00289	0.05242	0.00449	0.00404
12	0.01106	0.06503	0.05364	0.02646	0.09829	0.03500	0.02787	0.05908	0.28305	0.01733	0.07217	0.07131	0.06727	0.04934	0.00633	0.00177	0.02188	0.02268	0.00398	0.00648
13	0.00610	0.00479	0.00543	0.00566	0.00680	0.00422	0.00405	0.00735	0.01095	0.01389	0.15783	0.24356	0.44185	0.05638	0.00695	0.00189	0.00268	0.01089	0.00461	0.00412
14	0.00932	0.00640	0.00872	0.00799	0.00932	0.00655	0.03666	0.03706	0.01090	0.09936	0.13110	0.19836	0.13507	0.06337	0.06885	0.03281	0.08394	0.03148	0.01785	0.00490
15	0.00974	0.00821	0.00963	0.00728	0.01102	0.00651	0.00573	0.01247	0.05035	0.01646	0.09309	0.05487	0.01308	0.00507	0.00407	0.00093	0.00347	0.00424	0.00337	0.68041
16	0.00974	0.00868	0.03507	0.01012	0.02906	0.03744	0.11220	0.01288	0.09252	0.05457	0.01982	0.26920	0.06922	0.05105	0.00675	0.00180	0.03135	0.02021	0.03304	0.09528
17	0.01104	0.10369	0.10262	0.12739	0.07269	0.07623	0.01010	0.05115	0.11300	0.01591	0.12045	0.01845	0.05202	0.00760	0.03206	0.00176	0.05025	0.02412	0.00334	0.00615

[dist]
# distance from previous block
# <min> <max>
3	5

[block]
# block no. 1 follows, 51 sequences, length 10
# corresponding to MSA columns:
# 146-149,152-157
name=unknown_B
#
# <colnr> <probs for GDERKNQSTAVLIFYWHMCP>
#	G	D	E	R	K	N	Q	S	T	A	V	L	I	F	Y	W	H	M	C	P
0	0.00629	0.00487	0.00561	0.00567	0.00684	0.00432	0.00409	0.00771	0.01146	0.01488	0.27418	0.16396	0.38747	0.07168	0.00728	0.00190	0.00266	0.01024	0.00471	0.00419
1	0.09827	0.06155	0.01244	0.15361	0.15373	0.01987	0.00891	0.01375	0.04944	0.06160	0.11673	0.01779	0.04003	0.02355	0.03983	0.00184	0.03761	0.00507	0.07851	0.00587
2	0.00614	0.00443	0.00566	0.00650	0.00693	0.00412	0.00434	0.00703	0.00960	0.01273	0.07257	0.63553	0.09512	0.09497	0.00806	0.00221	0.00298	0.01270	0.00446	0.00394
3	0.01526	0.18603	0.01666	0.01185	0.01405	0.43419	0.00961	0.01654	0.01141	0.01188	0.00713	0.00916	0.00636	0.00583	0.00729	0.00146	0.22386	0.00336	0.00234	0.00574
4	0.01473	0.00727	0.00876	0.00730	0.00977	0.00693	0.00575	0.09305	0.03903	0.32678	0.08792	0.02158	0.06600	0.06875	0.00622	0.00169	0.00360	0.00569	0.21276	0.00641
5	0.14145	0.07601	0.08066	0.20769	0.25748	0.01151	0.04481	0.01444	0.01022	0.04916	0.00922	0.01191	0.00730	0.00647	0.05046	0.00187	0.00622	0.00405	0.00258	0.00648
6	0.01258	0.05011	0.06273	0.01798	0.07179	0.14014	0.46625	0.01597	0.01169	0.01500	0.00922	0.01183	0.00717	0.00429	0.00516	0.00147	0.00763	0.00478	0.00249	0.08171
7	0.07431	0.07851	0.00796	0.00639	0.00808	0.00694	0.00513	0.03898	0.01080	0.06187	0.01792	0.13658	0.02998	0.00795	0.00436	0.00146	0.00323	0.09415	0.40035	0.00504
8	0.05413	0.05810	0.11689	0.21693	0.04470	0.01072	0.03067	0.09766	0.09593	0.01760	0.11019	0.05145	0.01445	0.00641	0.00488	0.00157	0.00515	0.02348	0.03289	0.00619
9	0.00633	0.00518	0.00571	0.00572	0.00731	0.00443	0.00436	0.00777	0.01122	0.01400	0.10399	0.11498	0.55639	0.01215	0.00582	0.00168	0.00275	0.07671	0.00454	0.04894

[dist]
# distance from previous block
# <min> <max>
17	57

[block]
# block no. 2 follows, 51 sequences, length 7
# corresponding to MSA columns:
# 239-245
name=unknown_C
#
# <colnr> <probs for GDERKNQSTAVLIFYWHMCP>
#	G	D	E	R	K	N	Q	S	T	A	V	L	I	F	Y	W	H	M	C	P
0	0.11685	0.07319	0.01052	0.04657	0.01146	0.09508	0.00670	0.08866	0.14404	0.01633	0.01489	0.16823	0.01448	0.10803	0.00782	0.03976	0.00468	0.00626	0.02099	0.00547
1	0.00939	0.00680	0.00999	0.05074	0.07602	0.00647	0.05491	0.01169	0.04120	0.09987	0.10384	0.31852	0.09170	0.01038	0.00566	0.00172	0.00384	0.04238	0.00432	0.05058
2	0.04391	0.16706	0.21058	0.01097	0.04830	0.06013	0.01039	0.05330	0.03554	0.01552	0.07149	0.01635	0.10035	0.00634	0.00564	0.00147	0.08572	0.00471	0.00298	0.04925
3	0.00938	0.00858	0.01238	0.01032	0.01245	0.04075	0.15934	0.08172	0.01228	0.01619	0.15349	0.12659	0.18507	0.01090	0.04910	0.00204	0.06528	0.03489	0.00396	0.00527
4	0.01096	0.00729	0.00904	0.00799	0.00917	0.00852	0.00639	0.07602	0.01071	0.06803	0.04547	0.01637	0.01182	0.00927	0.06242	0.03589	0.22017	0.00473	0.37451	0.00525
5	0.06460	0.05095	0.08984	0.03058	0.06211	0.01217	0.19939	0.05981	0.01074	0.05036	0.00949	0.01210	0.00758	0.00637	0.02716	0.00178	0.19970	0.00444	0.05149	0.04935
6	0.06457	0.06599	0.04884	0.12355	0.17487	0.04267	0.05150	0.03233	0.01074	0.02753	0.01500	0.04436	0.07276	0.05542	0.00653	0.00179	0.03537	0.08165	0.03870	0.00583

[dist]
# distance from previous block
# <min> <max>
23	91

[block]
# block no. 3 follows, 51 sequences, length 28
# corresponding to MSA columns:
# 404-418,422-434
name=unknown_D
#
# <colnr> <probs for GDERKNQSTAVLIFYWHMCP>
#	G	D	E	R	K	N	Q	S	T	A	V	L	I	F	Y	W	H	M	C	P
0	0.01054	0.07408	0.29662	0.10673	0.11026	0.03725	0.06363	0.01453	0.03618	0.01505	0.06602	0.01363	0.01013	0.02779	0.00578	0.00158	0.04255	0.00438	0.00259	0.06068
1	0.11915	0.00988	0.02595	0.06699	0.07109	0.07234	0.17025	0.01233	0.00982	0.01429	0.01264	0.09824	0.01246	0.17834	0.04331	0.00251	0.00603	0.02295	0.01828	0.03314
2	0.01409	0.01319	0.04514	0.12081	0.27505	0.15062	0.06799	0.01755	0.07106	0.13260	0.01146	0.01349	0.00881	0.03016	0.00549	0.00159	0.00626	0.00450	0.00317	0.00696
3	0.07484	0.00868	0.03912	0.00826	0.01150	0.00739	0.04981	0.03891	0.04927	0.08897	0.22273	0.02061	0.05166	0.00646	0.00470	0.00129	0.00378	0.01741	0.00408	0.29051
4	0.00711	0.00565	0.00795	0.05225	0.10526	0.00552	0.00618	0.00846	0.00995	0.01324	0.07177	0.42304	0.13102	0.08356	0.03393	0.00227	0.00386	0.02040	0.00403	0.00453
5	0.00992	0.00888	0.01320	0.23520	0.21740	0.00972	0.02104	0.01480	0.17335	0.01536	0.01682	0.14882	0.05895	0.00731	0.00517	0.00165	0.00489	0.00657	0.02474	0.00622
6	0.00641	0.00493	0.00583	0.00574	0.00699	0.00439	0.00423	0.00811	0.01225	0.01624	0.40804	0.11205	0.34292	0.03216	0.00633	0.00171	0.00250	0.00990	0.00493	0.00434
7	0.10686	0.01096	0.03464	0.17051	0.03840	0.02678	0.03306	0.18231	0.14335	0.01949	0.04065	0.01449	0.02304	0.00725	0.03688	0.00186	0.08130	0.00469	0.01697	0.00650
8	0.00598	0.00500	0.00522	0.00521	0.00680	0.00424	0.00393	0.00737	0.01149	0.01399	0.12813	0.04638	0.69607	0.01222	0.00583	0.00166	0.00252	0.02909	0.00465	0.00421
9	0.01155	0.28085	0.37909	0.01110	0.01662	0.06842	0.01257	0.01509	0.01047	0.01410	0.00808	0.00944	0.00642	0.00439	0.00401	0.00125	0.00618	0.00317	0.00224	0.13493
10	0.00730	0.00517	0.00633	0.00627	0.00671	0.00546	0.00412	0.00849	0.04260	0.01090	0.03634	0.02855	0.03744	0.53184	0.23685	0.00532	0.00689	0.00669	0.00308	0.00365
11	0.01303	0.01081	0.06350	0.08135	0.01432	0.01074	0.00850	0.32837	0.09655	0.03156	0.09169	0.01843	0.07906	0.00827	0.00698	0.11610	0.00476	0.00541	0.00415	0.00641
12	0.00733	0.00575	0.00667	0.00686	0.00786	0.03129	0.00492	0.03696	0.03216	0.01593	0.28963	0.39638	0.11499	0.01235	0.00592	0.00176	0.00295	0.01093	0.00481	0.00454
13	0.01054	0.12900	0.38539	0.07391	0.08961	0.03613	0.01361	0.01470	0.03108	0.01517	0.08880	0.01326	0.01077	0.00530	0.00495	0.00147	0.03278	0.00419	0.00258	0.03676
14	0.01390	0.08669	0.01934	0.12278	0.19507	0.22419	0.15557	0.07686	0.01257	0.01516	0.00880	0.01118	0.00706	0.00479	0.00505	0.00145	0.02622	0.00417	0.00260	0.00657
15	0.01108	0.00768	0.00907	0.00696	0.01034	0.00611	0.00541	0.01283	0.01059	0.13863	0.01702	0.01907	0.12081	0.10231	0.00667	0.00146	0.00369	0.00479	0.00365	0.50182
16	0.01118	0.04594	0.15561	0.24438	0.24348	0.01155	0.07325	0.04019	0.03653	0.02676	0.00954	0.01217	0.00737	0.00466	0.00478	0.00149	0.00622	0.00424	0.00254	0.05812
17	0.27018	0.23549	0.01474	0.04478	0.01292	0.01412	0.00776	0.12977	0.11742	0.03603	0.00988	0.01070	0.00777	0.00523	0.00444	0.00144	0.04735	0.00356	0.01998	0.00644
18	0.86201	0.00950	0.00722	0.00646	0.00950	0.01102	0.00532	0.01445	0.00836	0.02205	0.00684	0.00798	0.00532	0.00456	0.00304	0.00152	0.00380	0.00266	0.00304	0.00532
19	0.00611	0.00474	0.00547	0.00584	0.00687	0.00421	0.00414	0.00728	0.01065	0.01353	0.12013	0.31186	0.39460	0.06014	0.00709	0.00195	0.00276	0.02399	0.00456	0.00409
20	0.01111	0.01140	0.01735	0.01483	0.05196	0.03546	0.14522	0.01325	0.03423	0.01299	0.00788	0.01172	0.00715	0.00833	0.03732	0.00217	0.56494	0.00461	0.00234	0.00577
21	0.00723	0.00473	0.00543	0.00543	0.00543	0.00473	0.00306	0.00710	0.00710	0.00947	0.01505	0.03108	0.01728	0.77651	0.02465	0.05818	0.00473	0.00697	0.00292	0.00292
22	0.00814	0.07749	0.02839	0.02950	0.00917	0.00660	0.00577	0.01046	0.01321	0.03995	0.64336	0.03170	0.03885	0.00912	0.00575	0.00152	0.02328	0.00786	0.00489	0.00499
23	0.33649	0.10324	0.00930	0.00681	0.00917	0.03170	0.00554	0.01305	0.05279	0.01898	0.24606	0.03432	0.05721	0.00693	0.00424	0.00147	0.00351	0.00537	0.04858	0.00526
24	0.01060	0.04075	0.00988	0.00767	0.01046	0.09684	0.00596	0.05276	0.03151	0.01697	0.20492	0.04081	0.01858	0.04295	0.00536	0.00131	0.00400	0.00516	0.05679	0.33673
25	0.03495	0.20491	0.15237	0.02085	0.03192	0.11748	0.03028	0.03391	0.01141	0.02607	0.12192	0.04003	0.02853	0.05035	0.03019	0.00178	0.00577	0.03170	0.00308	0.02251
26	0.11247	0.08437	0.11739	0.00883	0.02085	0.03590	0.00794	0.05356	0.01150	0.09772	0.08648	0.16030	0.02945	0.00794	0.00482	0.00155	0.00439	0.06060	0.03214	0.06181
27	0.16331	0.14154	0.23685	0.01082	0.01445	0.05381	0.01095	0.05017	0.01011	0.01565	0.00966	0.03762	0.03300	0.00613	0.00676	0.00160	0.18485	0.00403	0.00259	0.00611

[dist]
# distance from previous block
# <min> <max>
6	26

[block]
# block no. 4 follows, 51 sequences, length 11
# corresponding to MSA columns:
# 505-515
name=unknown_E
#
# <colnr> <probs for GDERKNQSTAVLIFYWHMCP>
#	G	D	E	R	K	N	Q	S	T	A	V	L	I	F	Y	W	H	M	C	P
0	0.10320	0.01122	0.01218	0.10928	0.01550	0.03425	0.00855	0.31830	0.18310	0.05781	0.05196	0.01462	0.01143	0.00599	0.00471	0.00153	0.00481	0.00469	0.03972	0.00714
1	0.08554	0.00995	0.01168	0.00932	0.01289	0.01009	0.00760	0.17344	0.16722	0.43353	0.01702	0.01538	0.01143	0.00604	0.00480	0.00154	0.00434	0.00478	0.00540	0.00801
2	0.01155	0.00926	0.01288	0.43216	0.02312	0.01099	0.01059	0.19298	0.01291	0.01792	0.01068	0.01363	0.00809	0.00550	0.00526	0.00154	0.05012	0.00442	0.16044	0.00597
3	0.07962	0.00819	0.08983	0.00736	0.00936	0.00693	0.00632	0.03528	0.00991	0.03033	0.01523	0.15454	0.01459	0.08614	0.04847	0.00211	0.04655	0.01920	0.25805	0.07199
4	0.00770	0.00438	0.00612	0.00631	0.00660	0.00422	0.00427	0.00667	0.00781	0.01026	0.04857	0.16542	0.10575	0.01595	0.01477	0.56877	0.00373	0.00691	0.00299	0.00280
5	0.00757	0.00534	0.00605	0.00601	0.00638	0.00547	0.00370	0.00921	0.08906	0.01146	0.05720	0.09706	0.02026	0.63169	0.02037	0.00404	0.00439	0.00764	0.00345	0.00365
6	0.00985	0.00835	0.00981	0.00716	0.01120	0.00635	0.00570	0.01205	0.01058	0.01640	0.09060	0.01295	0.01135	0.00431	0.00386	0.00081	0.00350	0.00353	0.00317	0.76844
7	0.00941	0.00507	0.00512	0.00503	0.00631	0.00521	0.00379	0.01266	0.07462	0.01851	0.01636	0.01832	0.01279	0.00580	0.00356	0.00119	0.00242	0.00466	0.78430	0.00484
8	0.00654	0.00490	0.00610	0.00631	0.00738	0.00446	0.00470	0.00824	0.01194	0.01598	0.35950	0.22631	0.22516	0.01222	0.00600	0.00175	0.00269	0.08054	0.00492	0.00435
9	0.01314	0.83025	0.02575	0.00841	0.01261	0.01945	0.00841	0.01472	0.00999	0.01156	0.00683	0.00788	0.00631	0.00420	0.00315	0.00105	0.00526	0.00263	0.00210	0.00631
10	0.11090	0.22522	0.11234	0.00990	0.01374	0.06717	0.00918	0.21684	0.08939	0.01948	0.01100	0.05281	0.00909	0.00566	0.00422	0.00140	0.00528	0.00419	0.02538	0.00679

[dist]
# distance from previous block
# <min> <max>
0	1

[block]
# block no. 5 follows, 51 sequences, length 13
# corresponding to MSA columns:
# 517,518,526-536
name=unknown_F
#
# <colnr> <probs for GDERKNQSTAVLIFYWHMCP>
#	G	D	E	R	K	N	Q	S	T	A	V	L	I	F	Y	W	H	M	C	P
0	0.09420	0.13420	0.05664	0.00935	0.01265	0.01198	0.00816	0.21621	0.06122	0.16715	0.01277	0.04495	0.00992	0.00758	0.03242	0.04237	0.03777	0.00451	0.02912	0.00684
1	0.01168	0.03669	0.32796	0.01442	0.01947	0.01206	0.20451	0.13074	0.05511	0.01790	0.01165	0.01592	0.00941	0.00579	0.00555	0.00165	0.03383	0.07570	0.00300	0.00695
2	0.00908	0.00782	0.01170	0.40616	0.05276	0.00855	0.00977	0.03027	0.02183	0.01439	0.05224	0.16337	0.01392	0.00697	0.00495	0.00153	0.00494	0.00617	0.03907	0.13453
3	0.01092	0.00597	0.00659	0.00599	0.00744	0.00626	0.00465	0.07938	0.01137	0.07113	0.01505	0.01709	0.01169	0.00638	0.00501	0.03573	0.04828	0.00456	0.64140	0.00511
4	0.01180	0.04011	0.01074	0.00894	0.01162	0.01063	0.00701	0.10546	0.43631	0.01985	0.01791	0.10553	0.01490	0.00707	0.00478	0.00152	0.00381	0.00590	0.08877	0.08732
5	0.00821	0.00443	0.00642	0.00642	0.00650	0.00452	0.00429	0.00673	0.00665	0.00895	0.00988	0.01757	0.01010	0.12264	0.09805	0.66395	0.00521	0.00473	0.00229	0.00247
6	0.01170	0.26057	0.23403	0.11103	0.18932	0.01399	0.01315	0.04064	0.05415	0.01490	0.00903	0.01084	0.00719	0.00465	0.00431	0.00140	0.00601	0.00372	0.00243	0.00694
7	0.00613	0.00463	0.00560	0.00618	0.00699	0.00418	0.00432	0.00724	0.01035	0.01338	0.10793	0.44676	0.27240	0.05251	0.00698	0.00198	0.00282	0.03099	0.00457	0.00407
8	0.01223	0.04646	0.48732	0.01333	0.06160	0.01146	0.01442	0.09719	0.06442	0.09296	0.04396	0.01280	0.00939	0.00526	0.00475	0.00153	0.00619	0.00420	0.00312	0.00741
9	0.00719	0.00504	0.00557	0.00544	0.00640	0.00464	0.00364	0.00795	0.00946	0.04591	0.05451	0.03791	0.36075	0.38355	0.03872	0.00325	0.00391	0.00847	0.00388	0.00382
10	0.01203	0.01167	0.06597	0.09068	0.13097	0.01208	0.01018	0.05262	0.51587	0.01921	0.01626	0.01613	0.01227	0.00600	0.00495	0.00162	0.00472	0.00509	0.00415	0.00754
11	0.00789	0.00503	0.00632	0.00609	0.00726	0.00481	0.00454	0.00992	0.01202	0.04902	0.42671	0.08385	0.06895	0.03533	0.07974	0.00218	0.00350	0.00790	0.17429	0.00464
12	0.04852	0.20737	0.09402	0.00878	0.01303	0.01137	0.00815	0.09162	0.01156	0.08069	0.00955	0.01095	0.00767	0.02963	0.00475	0.00122	0.02164	0.00338	0.00309	0.33303

[dist]
# distance from previous block
# <min> <max>
0	95

[block]
# block no. 6 follows, 51 sequences, length 12
# corresponding to MSA columns:
# 632-643
name=unknown_G
#
# <colnr> <probs for GDERKNQSTAVLIFYWHMCP>
#	G	D	E	R	K	N	Q	S	T	A	V	L	I	F	Y	W	H	M	C	P
0	0.00999	0.02827	0.05755	0.05917	0.05118	0.00810	0.02192	0.03738	0.03126	0.08913	0.01808	0.32409	0.01887	0.02769	0.02153	0.00195	0.08892	0.05006	0.00383	0.05103
1	0.01390	0.21218	0.21152	0.01112	0.01529	0.11715	0.01104	0.15326	0.02948	0.05615	0.01031	0.01260	0.00831	0.00615	0.01985	0.00156	0.04972	0.03679	0.01684	0.00678
2	0.00760	0.08455	0.00847	0.00761	0.00872	0.00628	0.00612	0.00907	0.01019	0.01311	0.02548	0.26617	0.09476	0.09909	0.00813	0.00228	0.00396	0.32990	0.00414	0.00435
3	0.01004	0.00873	0.04304	0.00855	0.01085	0.03054	0.03504	0.04882	0.22443	0.05267	0.31162	0.05231	0.11204	0.00867	0.00545	0.00161	0.00365	0.02113	0.00484	0.00596
4	0.01401	0.00676	0.00885	0.00731	0.00991	0.00589	0.00581	0.01602	0.01352	0.38029	0.32156	0.02706	0.10053	0.00810	0.00529	0.00150	0.00327	0.00688	0.00551	0.05192
5	0.00666	0.00497	0.00619	0.00597	0.00718	0.00450	0.00444	0.00867	0.01309	0.01795	0.59485	0.08403	0.20166	0.01085	0.00583	0.00160	0.00238	0.00949	0.00518	0.00450
6	0.05073	0.00875	0.00944	0.00775	0.01038	0.00922	0.00625	0.30222	0.01554	0.12871	0.01450	0.01522	0.01064	0.00579	0.00418	0.00134	0.00378	0.00449	0.38455	0.00654
7	0.01439	0.01104	0.01060	0.00884	0.01151	0.10356	0.00702	0.31625	0.06660	0.04491	0.07863	0.01594	0.01303	0.00610	0.00448	0.00136	0.00448	0.00475	0.24943	0.02709
8	0.72628	0.00984	0.00822	0.00708	0.01025	0.01118	0.00583	0.08884	0.01015	0.07337	0.00813	0.00892	0.00606	0.00479	0.00335	0.00152	0.00398	0.00298	0.00342	0.00581
9	0.01191	0.23256	0.38904	0.02929	0.03782	0.08448	0.01317	0.06476	0.01147	0.01514	0.03754	0.01136	0.00824	0.02753	0.00488	0.00148	0.00646	0.00371	0.00247	0.00670
10	0.00650	0.00488	0.00712	0.00774	0.00836	0.00471	0.03854	0.00771	0.00952	0.01276	0.02491	0.64413	0.02910	0.01682	0.08352	0.00257	0.00423	0.07842	0.00428	0.00419
11	0.00944	0.00827	0.05127	0.00936	0.06091	0.00765	0.00700	0.12916	0.08439	0.01807	0.18395	0.18016	0.13535	0.04561	0.00645	0.00182	0.00378	0.04730	0.00449	0.00557

[dist]
# distance from previous block
# <min> <max>
3	6

[block]
# block no. 7 follows, 51 sequences, length 16
# corresponding to MSA columns:
# 654-668,670
name=unknown_H
#
# <colnr> <probs for GDERKNQSTAVLIFYWHMCP>
#	G	D	E	R	K	N	Q	S	T	A	V	L	I	F	Y	W	H	M	C	P
0	0.01036	0.20396	0.07839	0.00932	0.01166	0.01162	0.00836	0.07712	0.03384	0.01403	0.01184	0.05814	0.01118	0.04929	0.23762	0.00350	0.11260	0.02897	0.02263	0.00558
1	0.05615	0.00965	0.01150	0.01154	0.12043	0.00987	0.00786	0.06455	0.30158	0.01927	0.10060	0.03684	0.01516	0.00606	0.00467	0.00139	0.00399	0.00512	0.00407	0.20971
2	0.01219	0.15423	0.13765	0.01382	0.15578	0.01228	0.02517	0.08889	0.04462	0.04767	0.01207	0.01334	0.05624	0.00547	0.00545	0.00139	0.07748	0.00422	0.00299	0.12904
3	0.01312	0.60695	0.08666	0.00996	0.05432	0.03796	0.00926	0.01516	0.01053	0.05422	0.03209	0.00999	0.00809	0.00460	0.00358	0.00116	0.00531	0.00319	0.02738	0.00645
4	0.01090	0.04587	0.07645	0.02008	0.01237	0.07412	0.00805	0.10988	0.08439	0.01668	0.01723	0.19155	0.03364	0.00863	0.00531	0.00158	0.01656	0.11393	0.00382	0.14897
5	0.08170	0.01007	0.01346	0.20100	0.04569	0.01141	0.05104	0.13087	0.14387	0.04179	0.01164	0.01439	0.00920	0.00647	0.00662	0.04666	0.08296	0.02664	0.00340	0.06112
6	0.01129	0.01159	0.05217	0.22231	0.51695	0.01160	0.05294	0.01443	0.01075	0.01505	0.00906	0.01234	0.00736	0.00462	0.00520	0.00154	0.02697	0.00441	0.00235	0.00707
7	0.01158	0.01109	0.01852	0.02738	0.69914	0.01120	0.01397	0.01429	0.01104	0.01565	0.01244	0.01498	0.07210	0.00522	0.00541	0.00150	0.03963	0.00487	0.00260	0.00739
8	0.01114	0.00952	0.01085	0.07604	0.05154	0.01069	0.00795	0.02135	0.54565	0.03405	0.02335	0.02225	0.13977	0.00733	0.00512	0.00165	0.00398	0.00617	0.00460	0.00701
9	0.00767	0.00508	0.00675	0.00671	0.00745	0.00524	0.00487	0.00889	0.00933	0.03432	0.16420	0.05169	0.02184	0.24126	0.25929	0.04949	0.00666	0.06036	0.04485	0.00405
10	0.01101	0.00969	0.01292	0.02427	0.11742	0.01151	0.00925	0.11295	0.09462	0.01701	0.12188	0.01877	0.07398	0.00941	0.05139	0.00209	0.28661	0.00561	0.00352	0.00610
11	0.00769	0.00549	0.00711	0.00693	0.00757	0.00600	0.00488	0.04878	0.00836	0.01159	0.01414	0.02471	0.01460	0.39214	0.41195	0.00614	0.00896	0.00607	0.00291	0.00396
12	0.01113	0.01181	0.12954	0.04861	0.07102	0.02221	0.09933	0.06043	0.09243	0.06506	0.07568	0.05401	0.03640	0.00927	0.06355	0.00214	0.09043	0.04715	0.00351	0.00632
13	0.00791	0.00617	0.00920	0.00831	0.00986	0.00578	0.10867	0.03403	0.01101	0.01552	0.11935	0.37602	0.08534	0.01074	0.00554	0.00167	0.00352	0.00979	0.13037	0.04121
14	0.01437	0.05675	0.06777	0.01023	0.01348	0.12293	0.00864	0.21388	0.20949	0.07292	0.03775	0.05016	0.05010	0.00761	0.03057	0.00171	0.00544	0.00524	0.00422	0.01672
15	0.01098	0.04424	0.01110	0.00971	0.04476	0.09328	0.03364	0.09241	0.18376	0.01847	0.23541	0.02618	0.14550	0.00812	0.00526	0.00155	0.00422	0.02097	0.00445	0.00601

[dist]
# distance from previous block
# <min> <max>
0	1

[block]
# block no. 8 follows, 51 sequences, length 19
# corresponding to MSA columns:
# 672,679-696
name=unknown_I
#
# <colnr> <probs for GDERKNQSTAVLIFYWHMCP>
#	G	D	E	R	K	N	Q	S	T	A	V	L	I	F	Y	W	H	M	C	P
0	0.00914	0.00694	0.00810	0.00750	0.00928	0.00718	0.00571	0.01512	0.26925	0.04873	0.41894	0.07285	0.08300	0.00922	0.00553	0.00162	0.00295	0.00801	0.00520	0.00575
1	0.04744	0.01065	0.01188	0.00941	0.01284	0.02696	0.00766	0.34041	0.05679	0.27728	0.01516	0.03723	0.01083	0.00613	0.00472	0.00146	0.00454	0.00481	0.08306	0.03072
2	0.01834	0.00827	0.01084	0.00825	0.01204	0.00692	0.00674	0.02033	0.01312	0.56662	0.05942	0.01624	0.01286	0.00571	0.00467	0.00133	0.00395	0.00467	0.00527	0.21443
3	0.01096	0.01094	0.04303	0.17179	0.01933	0.04465	0.17782	0.06218	0.02979	0.01609	0.04422	0.01436	0.03294	0.00522	0.00537	0.00139	0.04923	0.00466	0.04462	0.21141
4	0.01326	0.01428	0.01328	0.01242	0.05594	0.32810	0.05002	0.01409	0.01036	0.01184	0.00822	0.01163	0.00737	0.00958	0.04504	0.17439	0.18575	0.00398	0.02547	0.00499
5	0.00596	0.00495	0.00521	0.00523	0.00675	0.00420	0.00389	0.00731	0.01143	0.01401	0.13846	0.08875	0.66230	0.01232	0.00583	0.00166	0.00249	0.01039	0.00467	0.00420
6	0.41273	0.01040	0.01074	0.00864	0.01211	0.01122	0.02982	0.21844	0.01365	0.19753	0.01119	0.01127	0.00783	0.00526	0.00405	0.00151	0.00442	0.00376	0.01860	0.00683
7	0.00671	0.00451	0.00569	0.00623	0.00647	0.00434	0.00400	0.00703	0.00851	0.01132	0.04219	0.40178	0.05184	0.30170	0.01419	0.09066	0.00367	0.02193	0.00378	0.00347
8	0.01980	0.00820	0.01092	0.00853	0.01198	0.00731	0.00698	0.06328	0.01454	0.65105	0.12515	0.01920	0.01664	0.00662	0.00506	0.00152	0.00399	0.00545	0.00593	0.00785
9	0.00790	0.00530	0.00650	0.00604	0.00757	0.00471	0.00459	0.00986	0.01311	0.08451	0.50380	0.03819	0.26865	0.01043	0.00573	0.00158	0.00253	0.00900	0.00521	0.00481
10	0.76750	0.00938	0.00769	0.00672	0.00985	0.01060	0.00554	0.01551	0.00900	0.10958	0.00825	0.00897	0.00609	0.00473	0.00326	0.00152	0.00384	0.00292	0.00338	0.00566
11	0.01107	0.00855	0.01055	0.04707	0.01273	0.00682	0.02109	0.01333	0.01052	0.07927	0.01004	0.01139	0.00795	0.00403	0.00384	0.00088	0.00384	0.00330	0.05241	0.68133
12	0.00704	0.00472	0.00539	0.00549	0.00552	0.00470	0.00312	0.00712	0.00735	0.00980	0.01652	0.10280	0.01917	0.75488	0.02334	0.00452	0.00459	0.00776	0.00312	0.00307
13	0.01073	0.02271	0.61156	0.01546	0.09235	0.05421	0.04627	0.01635	0.05567	0.01571	0.00948	0.01103	0.00693	0.00476	0.00474	0.00154	0.00706	0.00387	0.00232	0.00723
14	0.00840	0.00736	0.00968	0.02741	0.01060	0.00775	0.05130	0.05119	0.03583	0.01509	0.11483	0.06880	0.32291	0.01128	0.05039	0.00202	0.13916	0.00779	0.00391	0.05430
15	0.00679	0.00573	0.04502	0.00672	0.00777	0.00478	0.00514	0.00814	0.01052	0.01428	0.24553	0.28550	0.12655	0.07566	0.05486	0.06506	0.00374	0.01979	0.00427	0.00417
16	0.01108	0.17185	0.01269	0.00799	0.01095	0.10575	0.00655	0.05380	0.01260	0.01675	0.28328	0.01894	0.02071	0.00629	0.00446	0.00118	0.00422	0.00506	0.00369	0.24216
17	0.01022	0.43529	0.01715	0.00831	0.01060	0.01322	0.00723	0.01148	0.00951	0.01196	0.01433	0.31196	0.01607	0.00884	0.00570	0.00152	0.09122	0.00703	0.00302	0.00535
18	0.02748	0.01014	0.01278	0.05260	0.01453	0.00971	0.05803	0.16976	0.06349	0.06107	0.01074	0.01198	0.00831	0.00561	0.02616	0.00135	0.03379	0.00387	0.00353	0.41507

[dist]
# distance from previous block
# <min> <max>
3	39

[block]
# block no. 9 follows, 51 sequences, length 13
# corresponding to MSA columns:
# 737-743,752-757
name=unknown_J
#
# <colnr> <probs for GDERKNQSTAVLIFYWHMCP>
#	G	D	E	R	K	N	Q	S	T	A	V	L	I	F	Y	W	H	M	C	P
0	0.07557	0.03806	0.27831	0.02906	0.07346	0.03779	0.01119	0.04011	0.04456	0.03791	0.01247	0.14721	0.01145	0.00660	0.00502	0.00151	0.02900	0.00539	0.00305	0.11229
1	0.00751	0.00516	0.00618	0.00598	0.00742	0.00455	0.00446	0.00917	0.01223	0.07567	0.33121	0.14391	0.34557	0.01143	0.00580	0.00165	0.00260	0.00986	0.00501	0.00464
2	0.01356	0.03022	0.01353	0.01096	0.01376	0.01233	0.06028	0.22162	0.29671	0.05959	0.01527	0.03336	0.01210	0.00939	0.07593	0.00220	0.08097	0.02675	0.00430	0.00716
3	0.17171	0.01062	0.01212	0.01046	0.01190	0.05880	0.00857	0.04904	0.04354	0.07137	0.01153	0.01372	0.06051	0.00857	0.04031	0.00207	0.40192	0.00448	0.00305	0.00572
4	0.00700	0.00497	0.00622	0.00641	0.00692	0.00508	0.00443	0.00784	0.00831	0.01108	0.02013	0.07847	0.09464	0.42617	0.20327	0.00476	0.00637	0.09097	0.00331	0.00365
5	0.01027	0.00559	0.00594	0.00560	0.00708	0.00576	0.00429	0.04642	0.06338	0.05450	0.01613	0.01801	0.01254	0.00736	0.04366	0.00155	0.00316	0.00469	0.67895	0.00512
6	0.00710	0.00521	0.00661	0.00715	0.00798	0.00488	0.00495	0.05526	0.01032	0.01395	0.02474	0.71160	0.02908	0.01391	0.00599	0.00187	0.00307	0.01253	0.00446	0.06935
7	0.01114	0.00992	0.01051	0.00794	0.01188	0.06809	0.00627	0.06545	0.01132	0.01652	0.01000	0.06071	0.00885	0.00463	0.00395	0.00090	0.00411	0.00372	0.00312	0.68096
8	0.30462	0.01072	0.01290	0.01118	0.06245	0.03039	0.09133	0.07754	0.06343	0.07791	0.00981	0.01108	0.00753	0.00513	0.00523	0.00148	0.08123	0.00382	0.00334	0.12888
9	0.01036	0.05847	0.01203	0.17818	0.01590	0.11703	0.05993	0.01218	0.01057	0.06683	0.01697	0.33259	0.01776	0.01076	0.04527	0.00201	0.00559	0.01889	0.00351	0.00518
10	0.04000	0.00917	0.12932	0.00913	0.02788	0.00701	0.00782	0.06000	0.03288	0.08399	0.05893	0.38000	0.02266	0.01206	0.04238	0.00208	0.00449	0.06050	0.00420	0.00547
11	0.02875	0.11767	0.09371	0.00962	0.01375	0.01125	0.02709	0.13601	0.14690	0.08118	0.01229	0.03539	0.00963	0.00525	0.00434	0.00127	0.00467	0.00418	0.00369	0.25335
12	0.00971	0.06756	0.19970	0.03929	0.19709	0.02249	0.01091	0.02513	0.01035	0.02351	0.01588	0.21056	0.05591	0.05452	0.00667	0.02075	0.01410	0.00686	0.00305	0.00594

[dist]
# distance from previous block
# <min> <max>
0	3

[block]
# block no. 10 follows, 51 sequences, length 20
# corresponding to MSA columns:
# 761-780
name=unknown_K
#
# <colnr> <probs for GDERKNQSTAVLIFYWHMCP>
#	G	D	E	R	K	N	Q	S	T	A	V	L	I	F	Y	W	H	M	C	P
0	0.00635	0.00456	0.00605	0.00671	0.00730	0.00425	0.00470	0.00771	0.01087	0.01484	0.26552	0.55340	0.03667	0.01367	0.00614	0.00186	0.00274	0.03762	0.00482	0.00421
1	0.01063	0.01219	0.09812	0.33298	0.23390	0.04239	0.11864	0.01391	0.01064	0.01417	0.01066	0.01384	0.03887	0.00519	0.00530	0.01862	0.00655	0.00468	0.00239	0.00632
2	0.01451	0.01625	0.01334	0.01182	0.01337	0.39730	0.00924	0.06149	0.01178	0.01326	0.03442	0.01141	0.00826	0.00816	0.03720	0.04612	0.26685	0.00395	0.01578	0.00547
3	0.01387	0.01138	0.01204	0.01033	0.01341	0.01299	0.00818	0.21891	0.59227	0.02322	0.01790	0.01666	0.01330	0.00647	0.00498	0.00162	0.00428	0.00527	0.00498	0.00793
4	0.01197	0.00712	0.00814	0.00731	0.00948	0.00725	0.00573	0.01734	0.22877	0.17240	0.11325	0.02402	0.08256	0.00743	0.00477	0.00150	0.00321	0.03506	0.24651	0.00619
5	0.07270	0.05330	0.07531	0.07559	0.04109	0.00974	0.04858	0.12894	0.01306	0.16042	0.09495	0.02167	0.01540	0.06938	0.00657	0.00185	0.00499	0.09606	0.00405	0.00635
6	0.00969	0.00653	0.00807	0.00723	0.00893	0.00641	0.00537	0.02642	0.06969	0.08631	0.04643	0.02344	0.01534	0.25869	0.19911	0.00389	0.00626	0.03874	0.02782	0.14563
7	0.00723	0.00517	0.00626	0.00667	0.00747	0.00504	0.00479	0.02340	0.04177	0.01388	0.08380	0.30733	0.11657	0.17825	0.00982	0.00245	0.00346	0.11868	0.05376	0.00420
8	0.01285	0.06928	0.01471	0.01127	0.01292	0.01263	0.04020	0.04158	0.04173	0.14695	0.05068	0.01366	0.01019	0.00849	0.04165	0.00204	0.42384	0.00463	0.00325	0.03746
9	0.02842	0.06811	0.25239	0.12135	0.15982	0.01161	0.01306	0.08780	0.01156	0.05673	0.01087	0.03922	0.00909	0.02765	0.00594	0.00167	0.04978	0.03531	0.00286	0.00675
10	0.01703	0.00741	0.00983	0.00807	0.01106	0.00656	0.00658	0.01924	0.03181	0.53477	0.13886	0.02542	0.08947	0.00783	0.00529	0.00160	0.00377	0.06259	0.00570	0.00712
11	0.00863	0.00526	0.00643	0.00627	0.00723	0.00498	0.00434	0.00953	0.00963	0.10940	0.07486	0.13993	0.14809	0.34745	0.06434	0.00337	0.00442	0.03757	0.00403	0.00423
12	0.01228	0.36403	0.33240	0.05801	0.01761	0.01525	0.01270	0.10710	0.01171	0.01555	0.00833	0.00965	0.00654	0.00463	0.00407	0.00134	0.00615	0.00334	0.00243	0.00688
13	0.00829	0.00581	0.00723	0.00689	0.00736	0.00647	0.00483	0.04220	0.00837	0.01196	0.01380	0.02471	0.01436	0.41642	0.16489	0.05739	0.08703	0.01922	0.08893	0.00385
14	0.00704	0.00507	0.00685	0.00697	0.00758	0.00549	0.00505	0.00818	0.00805	0.01111	0.01667	0.05884	0.04373	0.30080	0.42865	0.00600	0.00895	0.05805	0.00302	0.00390
15	0.01187	0.01852	0.43748	0.01334	0.05935	0.01123	0.04085	0.12579	0.07824	0.05887	0.05598	0.01409	0.01043	0.03561	0.00561	0.00167	0.00614	0.00452	0.00319	0.00722
16	0.01010	0.13758	0.34598	0.04330	0.07642	0.01092	0.01227	0.04023	0.01080	0.01513	0.05914	0.09709	0.01262	0.03970	0.00553	0.00162	0.00566	0.02268	0.00281	0.05042
17	0.01018	0.01208	0.14259	0.04561	0.04416	0.09710	0.00908	0.03122	0.14913	0.02367	0.03227	0.09956	0.10447	0.01295	0.14852	0.00272	0.00657	0.00623	0.01602	0.00587
18	0.00645	0.00454	0.00588	0.00654	0.00684	0.00447	0.00431	0.00721	0.00872	0.01176	0.04109	0.49414	0.02649	0.24142	0.10351	0.00343	0.00455	0.01097	0.00392	0.00377
19	0.34472	0.01102	0.01185	0.00994	0.03615	0.01202	0.04122	0.26085	0.07763	0.13243	0.01145	0.01161	0.00820	0.00535	0.00424	0.00152	0.00463	0.00396	0.00418	0.00704

[dist]
# distance from previous block
# <min> <max>
5	6

[block]
# block no. 11 follows, 51 sequences, length 9
# corresponding to MSA columns:
# 788-796
name=unknown_L
#
# <colnr> <probs for GDERKNQSTAVLIFYWHMCP>
#	G	D	E	R	K	N	Q	S	T	A	V	L	I	F	Y	W	H	M	C	P
0	0.01279	0.03067	0.06286	0.00854	0.01105	0.03617	0.00712	0.21225	0.08363	0.07391	0.01501	0.07169	0.01275	0.10323	0.01953	0.00194	0.01869	0.00544	0.20660	0.00615
1	0.00755	0.00537	0.00720	0.00712	0.00802	0.00592	0.00533	0.03598	0.00878	0.01261	0.01622	0.05195	0.05565	0.15189	0.51028	0.00600	0.00961	0.00605	0.08417	0.00430
2	0.01255	0.01208	0.01940	0.05192	0.63184	0.03640	0.05480	0.05307	0.04913	0.01675	0.00986	0.01243	0.00806	0.00459	0.00491	0.00148	0.00597	0.00448	0.00268	0.00761
3	0.01002	0.00902	0.01550	0.01245	0.01513	0.00893	0.28867	0.01468	0.15096	0.03242	0.06509	0.12959	0.01784	0.08041	0.00737	0.00200	0.00532	0.07952	0.04932	0.00576
4	0.00761	0.00503	0.00625	0.00596	0.00721	0.00463	0.00446	0.00973	0.01291	0.04450	0.54754	0.07630	0.11097	0.00982	0.00546	0.00152	0.00242	0.00856	0.12443	0.00467
5	0.00713	0.00481	0.00560	0.00560	0.00569	0.00490	0.00328	0.00730	0.00722	0.00971	0.01526	0.03093	0.01733	0.75193	0.09965	0.00506	0.00557	0.00697	0.00294	0.00311
6	0.00659	0.00489	0.00614	0.00607	0.00718	0.00444	0.00446	0.00848	0.01269	0.01739	0.53568	0.16604	0.17910	0.01135	0.00588	0.00164	0.00244	0.00998	0.00512	0.00444
7	0.01265	0.57636	0.07150	0.00858	0.01286	0.01577	0.00847	0.01461	0.01016	0.05002	0.00810	0.00926	0.00696	0.00546	0.03359	0.00131	0.00537	0.00295	0.00244	0.14358
8	0.01113	0.24140	0.16543	0.01045	0.01475	0.01204	0.09597	0.04445	0.04919	0.01591	0.08463	0.01425	0.01168	0.00520	0.00432	0.00128	0.00520	0.01927	0.04852	0.14492

[dist]
# distance from previous block
# <min> <max>
0	2

[block]
# block no. 12 follows, 51 sequences, length 27
# corresponding to MSA columns:
# 800-826
name=unknown_M
#
# <colnr> <probs for GDERKNQSTAVLIFYWHMCP>
#	G	D	E	R	K	N	Q	S	T	A	V	L	I	F	Y	W	H	M	C	P
0	0.01437	0.00819	0.01100	0.00919	0.01196	0.00794	0.06525	0.06831	0.13036	0.30575	0.04275	0.13463	0.07509	0.00822	0.00529	0.00164	0.00408	0.04036	0.04886	0.00675
1	0.00919	0.07868	0.02580	0.00766	0.00978	0.04202	0.00619	0.04876	0.05117	0.01529	0.16885	0.02429	0.13329	0.06023	0.18005	0.00298	0.02120	0.00616	0.00367	0.10476
2	0.01219	0.08531	0.15118	0.03763	0.06247	0.03451	0.08675	0.16888	0.04181	0.02749	0.05392	0.05196	0.01846	0.00749	0.03977	0.00180	0.04560	0.01267	0.05352	0.00658
3	0.01301	0.41326	0.15884	0.01132	0.06090	0.03373	0.02738	0.11950	0.01213	0.01578	0.02135	0.00991	0.00743	0.00460	0.00393	0.00122	0.00564	0.00336	0.00264	0.07407
4	0.01142	0.00821	0.00912	0.00836	0.02313	0.04313	0.00633	0.05123	0.18866	0.12408	0.17481	0.05909	0.12794	0.02807	0.02995	0.00185	0.03317	0.00689	0.05855	0.00601
5	0.03316	0.01116	0.04505	0.05243	0.01477	0.03905	0.07271	0.23235	0.14297	0.09151	0.05206	0.06214	0.07443	0.00721	0.00516	0.00160	0.00493	0.03311	0.01738	0.00684
6	0.01523	0.03977	0.03654	0.00945	0.01262	0.01049	0.00791	0.27725	0.02345	0.20176	0.08312	0.07785	0.04251	0.00717	0.00573	0.00151	0.06055	0.00566	0.00465	0.07679
7	0.13013	0.00694	0.00813	0.00761	0.00915	0.00773	0.00577	0.03635	0.12048	0.05326	0.04136	0.02021	0.01379	0.17163	0.34092	0.00479	0.00789	0.00537	0.00343	0.00507
8	0.01977	0.00929	0.01157	0.00908	0.01269	0.02702	0.00742	0.09879	0.06859	0.58148	0.01766	0.01599	0.01164	0.00734	0.04036	0.00177	0.00477	0.00482	0.00552	0.04444
9	0.08038	0.01200	0.01275	0.01023	0.01372	0.01329	0.00832	0.46206	0.20634	0.08202	0.01409	0.01365	0.01014	0.00599	0.00475	0.00152	0.00473	0.00461	0.03153	0.00787
10	0.00698	0.00505	0.00668	0.00763	0.00834	0.00494	0.00580	0.00881	0.03831	0.01365	0.04324	0.44999	0.04538	0.05134	0.00725	0.00219	0.00356	0.28207	0.00451	0.00429
11	0.04634	0.01126	0.01221	0.00984	0.01306	0.01226	0.00796	0.48187	0.10241	0.07485	0.07245	0.05740	0.03150	0.00688	0.00496	0.00152	0.00457	0.00548	0.03571	0.00745
12	0.00606	0.00491	0.00532	0.00545	0.00681	0.00425	0.00401	0.00735	0.01110	0.01372	0.12077	0.13419	0.57560	0.04858	0.00674	0.00184	0.00267	0.03191	0.00458	0.00414
13	0.00839	0.00494	0.00584	0.00596	0.00677	0.00475	0.00415	0.00961	0.00969	0.06518	0.06058	0.19153	0.05561	0.26103	0.01119	0.00257	0.00345	0.05920	0.22537	0.00420
14	0.01801	0.04073	0.01471	0.01125	0.01496	0.15676	0.00916	0.58063	0.02039	0.02620	0.01073	0.01107	0.00787	0.00558	0.00471	0.00139	0.00593	0.00406	0.00430	0.05154
15	0.01390	0.01224	0.01169	0.01023	0.01292	0.12565	0.00803	0.23106	0.32119	0.02130	0.06583	0.07671	0.01583	0.00741	0.00513	0.00160	0.00488	0.04281	0.00459	0.00701
16	0.04047	0.06340	0.05440	0.21826	0.02050	0.24291	0.08089	0.06210	0.05067	0.05509	0.00949	0.01151	0.00731	0.00526	0.00539	0.00151	0.05778	0.00405	0.00283	0.00620
17	0.00614	0.00444	0.00578	0.00674	0.00719	0.00414	0.00462	0.00712	0.00970	0.01282	0.05175	0.67346	0.08941	0.04428	0.00693	0.00207	0.00296	0.05191	0.00453	0.00401
18	0.00598	0.00432	0.00566	0.00673	0.00710	0.00400	0.00451	0.00686	0.00952	0.01259	0.02849	0.77611	0.07958	0.01521	0.00624	0.00198	0.00283	0.01375	0.00456	0.00400
19	0.00883	0.00750	0.01044	0.00923	0.00984	0.00904	0.04431	0.03512	0.00831	0.01180	0.01293	0.02160	0.03952	0.30650	0.18119	0.00420	0.26666	0.00581	0.00274	0.00443
20	0.03649	0.12732	0.01467	0.01015	0.03309	0.01276	0.00830	0.29300	0.03252	0.02064	0.01011	0.01210	0.00824	0.00547	0.00544	0.00130	0.08703	0.02741	0.00354	0.25041
21	0.05303	0.05075	0.24702	0.01422	0.15231	0.01071	0.03964	0.06822	0.06616	0.08740	0.01368	0.04313	0.05389	0.00567	0.00470	0.00147	0.00544	0.00476	0.00326	0.07454
22	0.01247	0.14119	0.05839	0.10934	0.19485	0.01121	0.03610	0.03910	0.05145	0.11046	0.02767	0.02626	0.02796	0.00580	0.00473	0.00146	0.00523	0.05806	0.00330	0.07498
23	0.00665	0.00577	0.00586	0.00576	0.00727	0.03875	0.00431	0.00813	0.01166	0.01444	0.19992	0.06608	0.54380	0.01292	0.04500	0.00193	0.00326	0.00962	0.00456	0.00432
24	0.00595	0.00485	0.00519	0.00536	0.00673	0.00414	0.00391	0.00707	0.01086	0.01324	0.06968	0.17297	0.62313	0.01298	0.00626	0.02573	0.00259	0.01074	0.00452	0.00408
25	0.01299	0.71865	0.10481	0.00914	0.01359	0.04712	0.00945	0.01498	0.01017	0.01199	0.00706	0.00817	0.00630	0.00428	0.00335	0.00111	0.00559	0.00275	0.00211	0.00638
26	0.01094	0.04675	0.05335	0.01582	0.07511	0.01070	0.38033	0.01504	0.06387	0.01636	0.08949	0.01496	0.01179	0.00486	0.00510	0.00142	0.00614	0.00521	0.00300	0.16976

[dist]
# distance from previous block
# <min> <max>
0	1

[block]
# block no. 13 follows, 51 sequences, length 73
# corresponding to MSA columns:
# 829-852,877-925
name=unknown_N
#
# <colnr> <probs for GDERKNQSTAVLIFYWHMCP>
#	G	D	E	R	K	N	Q	S	T	A	V	L	I	F	Y	W	H	M	C	P
0	0.01095	0.03128	0.09858	0.00908	0.01194	0.00933	0.00791	0.01856	0.35759	0.08491	0.13207	0.07494	0.08810	0.00813	0.00524	0.00165	0.00394	0.03454	0.00466	0.00660
1	0.00823	0.03145	0.06340	0.00860	0.01109	0.00693	0.08298	0.01028	0.00982	0.01348	0.04090	0.02598	0.16700	0.12242	0.17729	0.00323	0.00634	0.05104	0.00323	0.15631
2	0.03911	0.15423	0.16569	0.03230	0.01316	0.02575	0.00922	0.04492	0.02623	0.03387	0.02766	0.09703	0.13517	0.00870	0.02587	0.00174	0.06632	0.05671	0.00328	0.03305
3	0.01379	0.01116	0.01148	0.00997	0.01282	0.05912	0.00786	0.15721	0.47185	0.07069	0.08275	0.01905	0.01611	0.00687	0.00506	0.00161	0.00436	0.02588	0.00493	0.00744
4	0.01009	0.00923	0.01382	0.50255	0.04459	0.01097	0.03495	0.01625	0.22427	0.01536	0.05846	0.01592	0.01130	0.00566	0.00502	0.00164	0.00560	0.00501	0.00317	0.00614
5	0.01056	0.01061	0.01567	0.41741	0.14508	0.08121	0.08824	0.02193	0.03317	0.01398	0.02544	0.01657	0.08787	0.00567	0.00506	0.00158	0.00625	0.00512	0.00268	0.00591
6	0.01097	0.00860	0.04482	0.02248	0.24426	0.00800	0.00878	0.01385	0.05300	0.10861	0.12330	0.09416	0.03987	0.05794	0.01612	0.00181	0.02402	0.00636	0.10692	0.00614
7	0.00638	0.00463	0.00611	0.00714	0.00773	0.00436	0.00520	0.00757	0.00998	0.01307	0.02896	0.58893	0.10215	0.01474	0.00634	0.00202	0.00317	0.17284	0.00455	0.00412
8	0.01694	0.00817	0.01032	0.00832	0.01140	0.00765	0.00672	0.09511	0.06953	0.46159	0.17151	0.02238	0.07346	0.00732	0.00517	0.00154	0.00380	0.00608	0.00565	0.00730
9	0.00942	0.00951	0.05248	0.07787	0.02992	0.00985	0.18433	0.02391	0.00927	0.01299	0.01186	0.05486	0.02934	0.05884	0.18823	0.05806	0.16586	0.00560	0.00260	0.00520
10	0.03792	0.00924	0.01181	0.00911	0.01289	0.00862	0.00751	0.13604	0.03536	0.65032	0.01803	0.01586	0.01154	0.00604	0.00490	0.00152	0.00435	0.00484	0.00582	0.00829
11	0.00630	0.00464	0.00589	0.00633	0.00713	0.00424	0.00446	0.00772	0.01124	0.01514	0.29689	0.43267	0.15306	0.01309	0.00604	0.00179	0.00261	0.01166	0.00486	0.00424
12	0.02180	0.00877	0.01166	0.00894	0.01275	0.00783	0.00738	0.08089	0.01475	0.74214	0.01882	0.01636	0.01188	0.00607	0.00494	0.00152	0.00427	0.00490	0.00599	0.00836
13	0.01285	0.01582	0.21904	0.08281	0.06912	0.07016	0.16695	0.14899	0.01311	0.05595	0.01085	0.04707	0.00857	0.00629	0.02619	0.00174	0.02972	0.00485	0.00304	0.00688
14	0.01160	0.01326	0.02900	0.02071	0.02568	0.01243	0.77879	0.01574	0.01160	0.01574	0.00994	0.01326	0.00746	0.00414	0.00580	0.00166	0.00829	0.00580	0.00249	0.00663
15	0.00769	0.00459	0.00591	0.00591	0.00596	0.00464	0.00366	0.00694	0.00689	0.00924	0.01260	0.02462	0.01385	0.46241	0.06487	0.34397	0.00502	0.00590	0.00262	0.00272
16	0.00819	0.00558	0.00628	0.00593	0.00671	0.00550	0.00387	0.06251	0.00960	0.03764	0.06333	0.03285	0.15659	0.53454	0.03766	0.00378	0.00446	0.00750	0.00362	0.00386
17	0.78836	0.00941	0.00736	0.00657	0.00954	0.01087	0.00538	0.02988	0.02782	0.02203	0.00765	0.00875	0.00593	0.00469	0.00314	0.00151	0.00377	0.00285	0.03909	0.00541
18	0.00816	0.00491	0.00553	0.00535	0.00657	0.00475	0.00402	0.01066	0.02892	0.01861	0.32292	0.02726	0.07275	0.00784	0.00454	0.00134	0.00235	0.00664	0.45224	0.00465
19	0.00998	0.03780	0.00905	0.00795	0.00891	0.13550	0.00569	0.05582	0.00954	0.01188	0.01325	0.05692	0.01400	0.39136	0.16101	0.00418	0.05395	0.00597	0.00295	0.00429
