[name]
unknown

[dist]
# distance from previous block
# <min> <max>
2	118

[block]
# block no. 0 follows, 64 sequences, length 22
# corresponding to MSA columns:
# 118-139
name=unknown_A
#
# <colnr> <probs for GDERKNQSTAVLIFYWHMCP>
#	G	D	E	R	K	N	Q	S	T	A	V	L	I	F	Y	W	H	M	C	P
0	0.00818	0.00536	0.00753	0.00690	0.00801	0.00580	0.01935	0.03882	0.00845	0.11822	0.10711	0.05722	0.01450	0.10346	0.41493	0.00425	0.05942	0.00521	0.00303	0.00425
1	0.00692	0.00702	0.10333	0.00745	0.00888	0.00650	0.00655	0.00940	0.05594	0.01113	0.01083	0.01472	0.00955	0.02187	0.53958	0.00477	0.07724	0.00418	0.08990	0.00425
2	0.00594	0.00405	0.00484	0.00491	0.00505	0.00410	0.00299	0.00623	0.00646	0.00873	0.03838	0.09967	0.01639	0.65731	0.11442	0.00404	0.00465	0.00642	0.00266	0.00277
3	0.00904	0.00566	0.00749	0.10374	0.01006	0.00564	0.00546	0.04802	0.04776	0.16133	0.39999	0.03382	0.05514	0.05972	0.00565	0.00151	0.00303	0.02809	0.00414	0.00472
4	0.00560	0.00498	0.00677	0.00604	0.00763	0.00437	0.09776	0.00699	0.00953	0.01181	0.09048	0.10863	0.58848	0.00980	0.00496	0.00143	0.00273	0.02454	0.00370	0.00377
5	0.00570	0.00414	0.00520	0.00511	0.00605	0.00378	0.00377	0.00736	0.01080	0.01502	0.57549	0.14637	0.14426	0.00926	0.00488	0.00136	0.00204	0.00815	0.03746	0.00378
6	0.58287	0.00928	0.00831	0.00688	0.00971	0.01055	0.00567	0.29001	0.01138	0.02125	0.00723	0.00786	0.00539	0.00425	0.00312	0.00127	0.00368	0.00277	0.00312	0.00539
7	0.00954	0.10749	0.01315	0.10270	0.04761	0.01075	0.05295	0.03890	0.15076	0.01286	0.02394	0.01077	0.00766	0.00541	0.01576	0.00138	0.24178	0.00364	0.00250	0.14045
8	0.01087	0.04123	0.03524	0.05561	0.08483	0.16037	0.07749	0.07337	0.15242	0.02260	0.00999	0.05410	0.00846	0.00642	0.03853	0.00157	0.13927	0.00417	0.01806	0.00541
9	0.01078	0.75917	0.11629	0.00766	0.01151	0.01564	0.00807	0.01252	0.00848	0.01017	0.00597	0.00691	0.00532	0.00360	0.00281	0.00094	0.00464	0.00232	0.00177	0.00542
10	0.01142	0.01370	0.04340	0.04832	0.01351	0.38495	0.13241	0.01382	0.06079	0.01194	0.07493	0.01410	0.09096	0.00533	0.00463	0.00125	0.04528	0.00426	0.02015	0.00486
11	0.00901	0.00729	0.00856	0.00625	0.00974	0.00565	0.00499	0.03146	0.00912	0.04491	0.03721	0.02735	0.00795	0.00361	0.00326	0.00070	0.00308	0.00293	0.00271	0.77422
12	0.00519	0.00402	0.00474	0.00504	0.00594	0.00357	0.00364	0.00631	0.00936	0.01203	0.17906	0.32499	0.37862	0.01105	0.00507	0.00150	0.00223	0.03011	0.00399	0.00354
13	0.00598	0.00423	0.00553	0.00549	0.00590	0.00449	0.00377	0.00681	0.00697	0.00971	0.10705	0.02319	0.01598	0.41942	0.35264	0.00479	0.00668	0.00556	0.00264	0.00317
14	0.00920	0.07979	0.56186	0.01070	0.01557	0.04722	0.01265	0.06268	0.03614	0.01363	0.00944	0.01329	0.00780	0.00493	0.00407	0.00134	0.00562	0.09601	0.00224	0.00582
15	0.00826	0.00521	0.00701	0.00731	0.03548	0.00516	0.00545	0.00997	0.04115	0.14700	0.04323	0.30747	0.09672	0.01118	0.05140	0.00188	0.04293	0.16494	0.00385	0.00441
16	0.00890	0.16068	0.46351	0.00949	0.01394	0.00981	0.01102	0.01274	0.05919	0.04943	0.01270	0.04266	0.10249	0.00519	0.00410	0.00128	0.02078	0.00406	0.00239	0.00563
17	0.00664	0.00516	0.00701	0.00797	0.10179	0.00546	0.00490	0.00748	0.00742	0.01024	0.08387	0.11167	0.03874	0.39846	0.09020	0.00315	0.07321	0.03031	0.00278	0.00355
18	0.28323	0.00904	0.00994	0.00826	0.01080	0.06878	0.09969	0.10504	0.11495	0.02507	0.02041	0.08047	0.01889	0.00675	0.05542	0.00161	0.00452	0.00419	0.00303	0.06992
19	0.16404	0.00936	0.00975	0.02180	0.01105	0.04155	0.02009	0.23261	0.19242	0.06036	0.05265	0.01167	0.00944	0.00476	0.00376	0.00119	0.00380	0.00369	0.00355	0.14245
20	0.05364	0.00785	0.00994	0.01698	0.04890	0.00775	0.04605	0.16033	0.09378	0.19630	0.05230	0.12060	0.02871	0.01737	0.00441	0.00130	0.00364	0.00509	0.00381	0.12126
21	0.11402	0.02749	0.04051	0.03996	0.22457	0.06293	0.02858	0.05224	0.16851	0.08063	0.02300	0.06321	0.00969	0.00508	0.00401	0.00130	0.00428	0.01782	0.00306	0.02911

[dist]
# distance from previous block
# <min> <max>
2	89

[block]
# block no. 1 follows, 64 sequences, length 24
# corresponding to MSA columns:
# 233-256
name=unknown_B
#
# <colnr> <probs for GDERKNQSTAVLIFYWHMCP>
#	G	D	E	R	K	N	Q	S	T	A	V	L	I	F	Y	W	H	M	C	P
0	0.04915	0.39820	0.04321	0.08237	0.04621	0.01305	0.13983	0.10846	0.02547	0.02614	0.00776	0.02877	0.00647	0.00409	0.00355	0.00114	0.00490	0.00336	0.00231	0.00556
1	0.07386	0.04124	0.03345	0.02187	0.01095	0.04555	0.05273	0.06528	0.07789	0.12432	0.04577	0.07219	0.04559	0.01389	0.00649	0.00143	0.20326	0.00461	0.02119	0.03846
2	0.00970	0.00802	0.01340	0.47377	0.08316	0.00901	0.10360	0.03854	0.03633	0.10169	0.00977	0.03021	0.00767	0.00476	0.00451	0.00140	0.02178	0.03490	0.00252	0.00523
3	0.00862	0.00865	0.05651	0.01009	0.01105	0.01014	0.06383	0.02434	0.00747	0.03356	0.04343	0.04420	0.00886	0.01126	0.15817	0.00257	0.48606	0.00434	0.00224	0.00460
4	0.00589	0.00509	0.03874	0.00701	0.00789	0.00448	0.04802	0.00726	0.00873	0.01179	0.10660	0.53127	0.02568	0.01129	0.00542	0.00166	0.01973	0.14597	0.00371	0.00376
5	0.01158	0.01308	0.01023	0.00976	0.04228	0.41421	0.00717	0.03946	0.05046	0.01172	0.07282	0.10890	0.04259	0.00730	0.03703	0.00150	0.10780	0.00469	0.00272	0.00468
6	0.00965	0.01073	0.02234	0.01609	0.01994	0.01026	0.68743	0.01283	0.00945	0.01308	0.00810	0.01084	0.00623	0.00374	0.00539	0.00137	0.06850	0.00461	0.00211	0.07732
7	0.00600	0.00406	0.00480	0.00496	0.00508	0.00407	0.00305	0.00627	0.00650	0.00867	0.01456	0.10023	0.01669	0.68617	0.04763	0.00375	0.00412	0.06791	0.00272	0.00274
8	0.00509	0.00421	0.00446	0.00440	0.00572	0.00358	0.00330	0.00631	0.00989	0.01223	0.18803	0.03831	0.67985	0.01014	0.00491	0.00138	0.00208	0.00853	0.00399	0.00358
9	0.04326	0.00589	0.00754	0.00653	0.00856	0.00540	0.00508	0.05228	0.01091	0.39408	0.12592	0.23022	0.07084	0.00788	0.00455	0.00140	0.00299	0.00676	0.00452	0.00539
10	0.00935	0.00956	0.01227	0.01062	0.01082	0.07090	0.00877	0.01030	0.00677	0.00999	0.00588	0.00943	0.00576	0.00856	0.06492	0.00207	0.73404	0.00362	0.00187	0.00451
11	0.03531	0.00852	0.01045	0.00803	0.01127	0.00830	0.00663	0.26907	0.01419	0.56211	0.01416	0.01268	0.00916	0.00507	0.00414	0.00127	0.00385	0.00400	0.00478	0.00702
12	0.01750	0.00889	0.01077	0.00826	0.01151	0.00881	0.00682	0.33713	0.01494	0.50980	0.01383	0.01248	0.00900	0.00508	0.00417	0.00127	0.00395	0.00400	0.00475	0.00707
13	0.00506	0.00361	0.00482	0.00578	0.00602	0.00337	0.00386	0.00578	0.00795	0.01060	0.02289	0.85131	0.02747	0.01301	0.00530	0.00169	0.00241	0.01181	0.00386	0.00337
14	0.01111	0.85652	0.02177	0.00711	0.01066	0.01644	0.00711	0.01244	0.00844	0.00977	0.00577	0.00666	0.00533	0.00355	0.00267	0.00089	0.00444	0.00222	0.00178	0.00533
15	0.00659	0.00484	0.00585	0.00591	0.00698	0.00474	0.00444	0.00866	0.08030	0.05641	0.11606	0.29552	0.27229	0.01031	0.00537	0.00153	0.03913	0.06706	0.00395	0.00404
16	0.00607	0.00432	0.00534	0.00507	0.00621	0.00388	0.00381	0.00775	0.01107	0.04412	0.57768	0.05990	0.23132	0.00902	0.00489	0.00134	0.00207	0.00784	0.00439	0.00391
17	0.00982	0.42138	0.35799	0.01016	0.01486	0.01300	0.09550	0.01283	0.00872	0.01155	0.00675	0.00801	0.00540	0.00371	0.00343	0.00112	0.00542	0.00286	0.00180	0.00569
18	0.00958	0.23604	0.56409	0.01054	0.01582	0.01125	0.03174	0.01332	0.00886	0.05200	0.00748	0.00854	0.00555	0.00389	0.00365	0.00121	0.00559	0.00295	0.00193	0.00596
19	0.00989	0.00785	0.01092	0.00968	0.04605	0.07060	0.11826	0.02085	0.00982	0.14489	0.17258	0.18923	0.01761	0.00742	0.00617	0.00146	0.14215	0.00629	0.00342	0.00487
20	0.01016	0.00770	0.04347	0.01075	0.05227	0.00687	0.20665	0.01253	0.02025	0.19287	0.01664	0.07357	0.05344	0.00826	0.04104	0.00175	0.00483	0.22828	0.00346	0.00519
21	0.00754	0.00404	0.00593	0.00623	0.03718	0.00396	0.00406	0.00638	0.00618	0.03976	0.01012	0.05461	0.04078	0.04096	0.01434	0.69328	0.00356	0.01655	0.00217	0.00239
22	0.09081	0.00886	0.04195	0.01016	0.10113	0.02926	0.03744	0.09536	0.23504	0.11712	0.01430	0.12810	0.01237	0.00630	0.00429	0.00140	0.00389	0.05278	0.00364	0.00580
23	0.05007	0.01073	0.08205	0.00944	0.02882	0.04606	0.04792	0.17128	0.37207	0.01743	0.02178	0.01362	0.02760	0.03745	0.00493	0.00143	0.01936	0.00425	0.00352	0.03018

[dist]
# distance from previous block
# <min> <max>
0	29

[block]
# block no. 2 follows, 64 sequences, length 12
# corresponding to MSA columns:
# 286-289,293-300
name=unknown_C
#
# <colnr> <probs for GDERKNQSTAVLIFYWHMCP>
#	G	D	E	R	K	N	Q	S	T	A	V	L	I	F	Y	W	H	M	C	P
0	0.17159	0.04831	0.01136	0.00968	0.06997	0.18915	0.02165	0.20412	0.03325	0.07349	0.00832	0.00901	0.00634	0.00428	0.00375	0.00114	0.01830	0.00309	0.00297	0.11022
1	0.02647	0.02779	0.05701	0.01006	0.01280	0.24275	0.10512	0.06622	0.03458	0.20472	0.03966	0.01133	0.00841	0.00597	0.04144	0.00150	0.07010	0.00375	0.00308	0.02724
2	0.00695	0.00492	0.00672	0.06226	0.00927	0.00498	0.00611	0.00893	0.03246	0.02971	0.01964	0.16073	0.02103	0.05239	0.00604	0.00184	0.00359	0.48678	0.05046	0.02517
3	0.00763	0.00648	0.00811	0.00761	0.00862	0.06503	0.02717	0.06168	0.00812	0.01098	0.01127	0.01790	0.01080	0.09033	0.51914	0.00489	0.06245	0.06530	0.00246	0.00402
4	0.00516	0.00374	0.00486	0.00566	0.00604	0.00347	0.00385	0.00599	0.00825	0.01094	0.06414	0.70294	0.08881	0.03491	0.00569	0.00171	0.00245	0.03415	0.00386	0.00340
5	0.09634	0.00943	0.01534	0.10901	0.66353	0.00975	0.01181	0.01247	0.00910	0.01376	0.00757	0.01001	0.00626	0.00376	0.00396	0.00125	0.00483	0.00356	0.00208	0.00617
6	0.01065	0.00846	0.01152	0.01068	0.10072	0.00922	0.08289	0.19832	0.09103	0.05363	0.08915	0.02837	0.05220	0.00590	0.00559	0.00136	0.12352	0.01453	0.09674	0.00556
7	0.00551	0.00421	0.00505	0.00488	0.00599	0.00375	0.00365	0.00710	0.01081	0.01451	0.51876	0.06311	0.31886	0.00937	0.00492	0.00135	0.00203	0.00811	0.00429	0.00375
8	0.01056	0.73624	0.08272	0.00730	0.01082	0.01510	0.00744	0.01207	0.00831	0.00992	0.00639	0.00818	0.00597	0.05978	0.00398	0.00113	0.00454	0.00254	0.00182	0.00521
9	0.00945	0.00903	0.01519	0.32698	0.35959	0.00992	0.08085	0.03642	0.05075	0.01287	0.00813	0.01086	0.00645	0.00414	0.00462	0.00134	0.04173	0.00385	0.00215	0.00569
10	0.00597	0.00410	0.00484	0.00484	0.00502	0.00418	0.00295	0.00625	0.00629	0.00844	0.01406	0.02609	0.05005	0.69145	0.14494	0.00432	0.00503	0.00592	0.00253	0.00274
11	0.01191	0.01377	0.01196	0.06537	0.01337	0.43311	0.08700	0.03110	0.01006	0.01089	0.00784	0.02295	0.00688	0.03727	0.11551	0.00201	0.06382	0.00353	0.00221	0.04943

[dist]
# distance from previous block
# <min> <max>
0	2

[block]
# block no. 3 follows, 64 sequences, length 9
# corresponding to MSA columns:
# 303-311
name=unknown_D
#
# <colnr> <probs for GDERKNQSTAVLIFYWHMCP>
#	G	D	E	R	K	N	Q	S	T	A	V	L	I	F	Y	W	H	M	C	P
0	0.11544	0.14747	0.28873	0.01021	0.01419	0.19425	0.06428	0.06863	0.03652	0.01366	0.00731	0.00838	0.00564	0.00404	0.00363	0.00120	0.00568	0.00298	0.00221	0.00557
1	0.00894	0.00650	0.00690	0.00666	0.00750	0.10647	0.00479	0.06541	0.00844	0.06623	0.01256	0.21333	0.01300	0.05768	0.06599	0.31633	0.00440	0.02253	0.00284	0.00349
2	0.00905	0.00708	0.00867	0.00754	0.00894	0.03992	0.04706	0.13588	0.06472	0.04760	0.09153	0.04030	0.03284	0.20647	0.18021	0.00307	0.05630	0.00520	0.00313	0.00449
3	0.00681	0.00475	0.00576	0.00534	0.00667	0.00440	0.00406	0.00919	0.06589	0.07100	0.52280	0.03103	0.22937	0.00857	0.00481	0.00134	0.00219	0.00740	0.00441	0.00421
4	0.01500	0.01174	0.01217	0.00959	0.01261	0.05886	0.00784	0.66440	0.08804	0.02378	0.01017	0.01027	0.00738	0.00511	0.00457	0.00128	0.04270	0.00376	0.00394	0.00678
5	0.04299	0.00590	0.00751	0.00615	0.00846	0.00534	0.00495	0.01548	0.01097	0.48069	0.14934	0.01700	0.01496	0.00558	0.00395	0.00122	0.00289	0.00459	0.20631	0.00572
6	0.00634	0.00460	0.00649	0.00601	0.00648	0.00474	0.05863	0.00685	0.00642	0.00876	0.01193	0.02250	0.01285	0.53929	0.22573	0.05560	0.00600	0.00542	0.00237	0.00299
7	0.00606	0.03251	0.00594	0.00544	0.00651	0.00448	0.00408	0.03643	0.01055	0.01421	0.41055	0.22022	0.18609	0.00972	0.00492	0.00141	0.00232	0.03056	0.00414	0.00387
8	0.01031	0.00825	0.00898	0.00799	0.01027	0.00912	0.00619	0.07000	0.57787	0.05488	0.01656	0.11798	0.01361	0.00632	0.00428	0.00138	0.00326	0.00534	0.00410	0.06330

[dist]
# distance from previous block
# <min> <max>
0	14

[block]
# block no. 4 follows, 64 sequences, length 12
# corresponding to MSA columns:
# 326-337
name=unknown_E
#
# <colnr> <probs for GDERKNQSTAVLIFYWHMCP>
#	G	D	E	R	K	N	Q	S	T	A	V	L	I	F	Y	W	H	M	C	P
0	0.11212	0.00811	0.00999	0.00777	0.01088	0.04255	0.05413	0.04321	0.03156	0.42355	0.01224	0.01185	0.00840	0.00569	0.04193	0.00141	0.00417	0.00364	0.00387	0.16292
1	0.42435	0.00950	0.00922	0.02660	0.01077	0.01065	0.00624	0.35024	0.03287	0.07075	0.00850	0.00887	0.00615	0.00446	0.00341	0.00127	0.00386	0.00309	0.00342	0.00579
2	0.14906	0.01141	0.01229	0.13289	0.03682	0.22896	0.09584	0.01284	0.00890	0.04708	0.00733	0.02791	0.00615	0.00520	0.00614	0.02407	0.17654	0.00351	0.00225	0.00480
3	0.00710	0.00526	0.00636	0.00637	0.00772	0.00522	0.00511	0.01041	0.14543	0.04449	0.21197	0.06527	0.20443	0.00942	0.00503	0.00154	0.00285	0.24754	0.00412	0.00434
4	0.00869	0.00825	0.01399	0.55859	0.30742	0.00945	0.01196	0.01136	0.00871	0.01164	0.00753	0.01080	0.00590	0.00400	0.00414	0.00133	0.00533	0.00369	0.00192	0.00530
5	0.00599	0.00403	0.00465	0.00477	0.00483	0.00401	0.00281	0.00613	0.00635	0.00845	0.01428	0.09597	0.01650	0.74812	0.01917	0.00374	0.00388	0.04099	0.00268	0.00264
6	0.00553	0.00418	0.00518	0.00558	0.00649	0.00383	0.00426	0.00686	0.00954	0.01241	0.19037	0.25713	0.28110	0.01099	0.00519	0.00157	0.00253	0.17966	0.00399	0.00362
7	0.00562	0.00408	0.00541	0.00623	0.00685	0.00387	0.00473	0.00681	0.00876	0.01148	0.05216	0.47777	0.10354	0.01211	0.00539	0.00172	0.00283	0.27320	0.00387	0.00356
8	0.00535	0.00377	0.00486	0.00550	0.00597	0.00350	0.00378	0.00638	0.00872	0.01196	0.16109	0.62334	0.06501	0.01163	0.00507	0.00157	0.00229	0.01046	0.05625	0.00350
9	0.00889	0.00875	0.01247	0.01069	0.01099	0.01188	0.03561	0.01031	0.03326	0.01040	0.00676	0.01093	0.00657	0.00865	0.06211	0.00208	0.71542	0.02766	0.00199	0.00457
10	0.08833	0.41715	0.09700	0.03608	0.01270	0.09649	0.07178	0.02817	0.03540	0.02719	0.00758	0.00946	0.00642	0.00412	0.00333	0.00111	0.00493	0.02950	0.01794	0.00531
11	0.03611	0.00979	0.02661	0.00825	0.01084	0.12481	0.04776	0.14503	0.04104	0.07562	0.11979	0.03282	0.05646	0.00546	0.00457	0.00116	0.05238	0.00433	0.00328	0.19390

[dist]
# distance from previous block
# <min> <max>
0	69

[block]
# block no. 5 follows, 64 sequences, length 20
# corresponding to MSA columns:
# 409-428
name=unknown_F
#
# <colnr> <probs for GDERKNQSTAVLIFYWHMCP>
#	G	D	E	R	K	N	Q	S	T	A	V	L	I	F	Y	W	H	M	C	P
0	0.01014	0.08019	0.01532	0.24643	0.25570	0.04042	0.11368	0.04312	0.00968	0.05913	0.01004	0.01205	0.05259	0.00431	0.00411	0.00126	0.00512	0.00397	0.00235	0.03038
1	0.04033	0.06215	0.04935	0.01018	0.01295	0.36646	0.07583	0.07122	0.13905	0.10157	0.00953	0.00997	0.00721	0.00456	0.00410	0.00121	0.02239	0.00341	0.00290	0.00563
2	0.01006	0.25917	0.46008	0.01030	0.01522	0.01200	0.03622	0.10302	0.03295	0.01377	0.00755	0.00857	0.00573	0.00398	0.00364	0.00119	0.00542	0.00300	0.00211	0.00601
3	0.01068	0.43248	0.24854	0.07903	0.01454	0.09163	0.00993	0.04868	0.00933	0.01157	0.00663	0.00785	0.00541	0.00385	0.00332	0.00108	0.00531	0.00269	0.00192	0.00553
4	0.43813	0.00975	0.00852	0.03927	0.01053	0.12504	0.00595	0.07323	0.04605	0.19410	0.00904	0.00925	0.00647	0.00437	0.00333	0.00126	0.00407	0.00300	0.00323	0.00538
5	0.00518	0.00425	0.00458	0.00458	0.00588	0.00365	0.00349	0.00644	0.00987	0.01224	0.17763	0.03880	0.64386	0.01022	0.00495	0.00141	0.00218	0.05321	0.00398	0.00360
6	0.00944	0.00902	0.01535	0.30640	0.55374	0.00965	0.01233	0.01202	0.00906	0.01256	0.00767	0.01055	0.00622	0.00386	0.00413	0.00129	0.00514	0.00370	0.00198	0.00591
7	0.01405	0.01345	0.01324	0.01081	0.01356	0.33338	0.14282	0.16770	0.03552	0.12276	0.01002	0.01205	0.00784	0.00584	0.03623	0.00146	0.00616	0.04440	0.00306	0.00563
8	0.00604	0.00404	0.00460	0.00460	0.00462	0.00406	0.00260	0.00608	0.00606	0.00811	0.01302	0.02683	0.01495	0.82747	0.04749	0.00411	0.00426	0.00599	0.00251	0.00256
9	0.00599	0.00405	0.00479	0.00492	0.00503	0.00408	0.00299	0.00623	0.00642	0.00858	0.01425	0.09664	0.01632	0.69414	0.06510	0.00387	0.00428	0.04693	0.00268	0.00272
10	0.02392	0.01064	0.01468	0.01191	0.02662	0.13273	0.27231	0.05378	0.13226	0.03363	0.03583	0.06198	0.02187	0.00574	0.00551	0.00143	0.09274	0.05426	0.00289	0.00531
11	0.01003	0.27310	0.51808	0.01003	0.01514	0.01141	0.01208	0.01353	0.00893	0.08067	0.00769	0.00858	0.00570	0.00393	0.00358	0.00118	0.00541	0.00291	0.00204	0.00597
12	0.00702	0.00474	0.00604	0.00574	0.00695	0.00450	0.00446	0.02250	0.04240	0.06290	0.55164	0.05421	0.07795	0.00861	0.00487	0.00138	0.00238	0.09831	0.02919	0.00420
13	0.00705	0.00589	0.00784	0.00747	0.00810	0.04356	0.00586	0.00819	0.00680	0.00967	0.00968	0.01436	0.00906	0.02407	0.58159	0.06588	0.15928	0.00416	0.01772	0.00378
14	0.00872	0.13833	0.71905	0.01118	0.01695	0.01060	0.01419	0.01305	0.00872	0.01268	0.00722	0.00847	0.00527	0.00389	0.00377	0.00126	0.00590	0.00295	0.00176	0.00603
15	0.00998	0.00736	0.00747	0.00711	0.00861	0.10931	0.00531	0.04210	0.12357	0.15578	0.04105	0.35067	0.05490	0.01962	0.00487	0.00149	0.00347	0.02646	0.01605	0.00481
16	0.00609	0.00431	0.00630	0.00630	0.00687	0.00488	0.00472	0.00704	0.00646	0.00919	0.01089	0.01708	0.01054	0.11920	0.65412	0.10643	0.00949	0.00453	0.00221	0.00336
17	0.00618	0.00469	0.00537	0.00516	0.00649	0.00432	0.00391	0.02221	0.05876	0.03578	0.31347	0.07637	0.40357	0.00943	0.00487	0.00139	0.00226	0.02759	0.00417	0.00399
18	0.01001	0.00952	0.01593	0.06909	0.71537	0.00947	0.01202	0.01244	0.00932	0.01340	0.00775	0.01018	0.00649	0.00367	0.00403	0.00119	0.00481	0.00360	0.00208	0.07962
19	0.00861	0.00659	0.00802	0.00731	0.00840	0.01814	0.00567	0.01181	0.16845	0.07959	0.07731	0.11054	0.09064	0.07380	0.05950	0.00201	0.19387	0.00580	0.05932	0.00463

[dist]
# distance from previous block
# <min> <max>
0	1

[block]
# block no. 6 follows, 64 sequences, length 9
# corresponding to MSA columns:
# 430-438
name=unknown_G
#
# <colnr> <probs for GDERKNQSTAVLIFYWHMCP>
#	G	D	E	R	K	N	Q	S	T	A	V	L	I	F	Y	W	H	M	C	P
0	0.00911	0.00640	0.00845	0.14291	0.01186	0.00666	0.02276	0.13889	0.02788	0.09961	0.08997	0.17433	0.11783	0.03870	0.00532	0.00155	0.00362	0.08570	0.00370	0.00474
1	0.00692	0.00511	0.00652	0.00713	0.00813	0.00528	0.00577	0.01013	0.14085	0.01291	0.02100	0.24492	0.02237	0.01061	0.00525	0.00173	0.00329	0.43305	0.04488	0.00416
2	0.01451	0.01693	0.01202	0.01058	0.01253	0.58942	0.00818	0.12580	0.01196	0.01235	0.00675	0.00809	0.00560	0.00486	0.00541	0.00122	0.14335	0.00298	0.00237	0.00508
3	0.00867	0.00689	0.00835	0.00630	0.00949	0.00551	0.00502	0.01044	0.00846	0.05262	0.00843	0.01013	0.00704	0.00774	0.13868	0.00163	0.00441	0.00287	0.00255	0.69479
4	0.00577	0.00391	0.00461	0.00488	0.00495	0.00384	0.00289	0.00597	0.00657	0.00876	0.01582	0.25686	0.01855	0.61964	0.01673	0.00337	0.00358	0.00765	0.00289	0.00276
5	0.00685	0.00580	0.00917	0.14362	0.01195	0.00681	0.05918	0.00877	0.02632	0.01015	0.01017	0.01526	0.00931	0.07530	0.51326	0.00481	0.07264	0.00440	0.00219	0.00403
6	0.01011	0.03903	0.21877	0.09805	0.10870	0.02254	0.05595	0.16367	0.06738	0.03290	0.02367	0.10888	0.00985	0.00548	0.00426	0.00134	0.00487	0.01591	0.00284	0.00579
7	0.00816	0.00767	0.06512	0.03639	0.01023	0.00690	0.03041	0.02082	0.02386	0.05392	0.11533	0.03409	0.14943	0.03578	0.01846	0.00142	0.14805	0.00498	0.00298	0.22601
8	0.17318	0.13558	0.01087	0.00797	0.01019	0.33026	0.00638	0.04968	0.04217	0.01353	0.00791	0.00902	0.00642	0.00438	0.00363	0.00112	0.03554	0.00289	0.14444	0.00484

[dist]
# distance from previous block
# <min> <max>
0	2

[block]
# block no. 7 follows, 64 sequences, length 7
# corresponding to MSA columns:
# 441-447
name=unknown_H
#
# <colnr> <probs for GDERKNQSTAVLIFYWHMCP>
#	G	D	E	R	K	N	Q	S	T	A	V	L	I	F	Y	W	H	M	C	P
0	0.01165	0.06798	0.04040	0.00882	0.02965	0.00971	0.03175	0.20469	0.26213	0.10698	0.01643	0.01817	0.08576	0.00612	0.00431	0.00136	0.00389	0.08026	0.00387	0.00607
1	0.03206	0.03323	0.06815	0.11423	0.05668	0.03469	0.00727	0.02581	0.08363	0.04074	0.05170	0.01117	0.00858	0.00499	0.03287	0.00119	0.00418	0.00334	0.00267	0.38282
2	0.00513	0.00417	0.00442	0.00442	0.00560	0.00360	0.00322	0.00618	0.00936	0.01155	0.13139	0.07042	0.62661	0.08782	0.00641	0.00164	0.00228	0.00849	0.00382	0.00346
3	0.00975	0.03756	0.07951	0.19388	0.23406	0.03637	0.00985	0.01465	0.21342	0.04357	0.07611	0.01324	0.01046	0.00476	0.00414	0.00131	0.00453	0.00414	0.00284	0.00582
4	0.01419	0.01056	0.01089	0.00867	0.01148	0.05050	0.00709	0.62120	0.01711	0.02323	0.01083	0.01216	0.00820	0.00519	0.00401	0.00122	0.00428	0.03522	0.13765	0.00634
5	0.03131	0.00812	0.00960	0.02928	0.03263	0.03636	0.02952	0.10347	0.10269	0.11074	0.10098	0.03807	0.01178	0.00536	0.01932	0.00117	0.00371	0.00407	0.00339	0.31842
6	0.02935	0.03607	0.03066	0.03011	0.01055	0.06074	0.02413	0.05117	0.03203	0.34537	0.11496	0.09299	0.03779	0.00683	0.01694	0.00143	0.04811	0.02118	0.00401	0.00560

[dist]
# distance from previous block
# <min> <max>
0	11

[block]
# block no. 8 follows, 64 sequences, length 13
# corresponding to MSA columns:
# 459-471
name=unknown_I
#
# <colnr> <probs for GDERKNQSTAVLIFYWHMCP>
#	G	D	E	R	K	N	Q	S	T	A	V	L	I	F	Y	W	H	M	C	P
0	0.00598	0.00400	0.00455	0.00461	0.00463	0.00398	0.00261	0.00602	0.00617	0.00822	0.01374	0.08220	0.01593	0.79788	0.02008	0.00387	0.00392	0.00643	0.00261	0.00257
1	0.00936	0.25796	0.22874	0.11394	0.05644	0.01142	0.00999	0.05297	0.00929	0.01261	0.10028	0.01116	0.00937	0.00477	0.00476	0.00124	0.09455	0.00353	0.00224	0.00536
2	0.02991	0.00951	0.05224	0.13467	0.25213	0.02708	0.10036	0.06746	0.10222	0.03929	0.01131	0.04452	0.00981	0.00533	0.00440	0.00139	0.00486	0.09504	0.00278	0.00570
3	0.10890	0.00859	0.01367	0.28771	0.43650	0.00932	0.01100	0.01176	0.00892	0.01333	0.04601	0.01111	0.00754	0.00409	0.00399	0.00129	0.00479	0.00371	0.00217	0.00558
4	0.00940	0.00522	0.00670	0.00590	0.00753	0.00476	0.00456	0.04253	0.01164	0.22519	0.46165	0.08042	0.10169	0.00797	0.00471	0.00133	0.00251	0.00690	0.00459	0.00478
5	0.00987	0.00912	0.04223	0.14675	0.13521	0.02132	0.26110	0.03744	0.03040	0.07212	0.02796	0.04234	0.00894	0.00469	0.00445	0.00133	0.01644	0.02053	0.10236	0.00540
6	0.00988	0.00720	0.00937	0.05089	0.01055	0.06011	0.09281	0.02810	0.07225	0.16303	0.13510	0.08486	0.07370	0.14688	0.00746	0.00181	0.01791	0.01977	0.00357	0.00475
7	0.00967	0.00632	0.00841	0.00736	0.00903	0.00631	0.05560	0.16008	0.01080	0.14148	0.04798	0.26980	0.06961	0.07332	0.10204	0.00224	0.00436	0.00704	0.00374	0.00478
8	0.43550	0.00753	0.00794	0.00646	0.00936	0.00765	0.00533	0.01637	0.00957	0.43937	0.01128	0.01058	0.00749	0.00452	0.00340	0.00129	0.00338	0.00325	0.00390	0.00583
9	0.00943	0.01079	0.10804	0.32561	0.39823	0.05228	0.01235	0.01220	0.00907	0.01225	0.00754	0.01026	0.00598	0.00393	0.00409	0.00129	0.00543	0.00357	0.00195	0.00571
10	0.01062	0.00888	0.01480	0.14573	0.57512	0.00903	0.01138	0.01295	0.00949	0.10625	0.00945	0.05108	0.00784	0.00438	0.00418	0.00128	0.00474	0.00414	0.00246	0.00619
11	0.00717	0.00602	0.00811	0.00736	0.00821	0.02196	0.01782	0.00822	0.00689	0.00995	0.00999	0.05146	0.00996	0.13183	0.35893	0.04113	0.18461	0.00453	0.00226	0.10360
12	0.03847	0.00400	0.00501	0.00574	0.00616	0.00386	0.00398	0.00639	0.00788	0.01077	0.02148	0.57428	0.05654	0.13565	0.00755	0.00203	0.00283	0.10043	0.00361	0.00335

[dist]
# distance from previous block
# <min> <max>
0	10

# created by:
# /st0/software/busco_prod/Augustus/scripts/msa2prfl.pl ./align_prep/1426075.fa
