[name]
unknown

[dist]
# distance from previous block
# <min> <max>
0	38

[block]
# block no. 0 follows, 44 sequences, length 24
# corresponding to MSA columns:
# 106-129
name=unknown_A
#
# <colnr> <probs for GDERKNQSTAVLIFYWHMCP>
#	G	D	E	R	K	N	Q	S	T	A	V	L	I	F	Y	W	H	M	C	P
0	0.04311	0.00903	0.01091	0.01064	0.01287	0.00960	0.00910	0.21256	0.04070	0.02169	0.02361	0.04517	0.02400	0.01215	0.00675	0.00222	0.00523	0.48924	0.00509	0.00632
1	0.01998	0.01490	0.01594	0.01239	0.01662	0.01656	0.01018	0.68076	0.10230	0.03316	0.01403	0.01384	0.01004	0.00663	0.00546	0.00166	0.00582	0.00504	0.00546	0.00920
2	0.01030	0.00969	0.01635	0.79530	0.03755	0.01211	0.01514	0.01393	0.01090	0.01393	0.00969	0.01453	0.00727	0.00545	0.00545	0.00182	0.00727	0.00484	0.00242	0.00606
3	0.00666	0.00519	0.00604	0.00654	0.00767	0.00458	0.00464	0.00797	0.01188	0.01510	0.11633	0.37347	0.38463	0.01494	0.00666	0.00199	0.00291	0.01305	0.00516	0.00458
4	0.00738	0.00540	0.00562	0.00561	0.00692	0.00485	0.00394	0.00866	0.01136	0.01487	0.06870	0.04339	0.45872	0.19596	0.01097	0.00255	0.00330	0.00967	0.12772	0.00439
5	0.00758	0.00555	0.00700	0.00665	0.00792	0.00509	0.00491	0.00986	0.01462	0.02034	0.64145	0.04179	0.13399	0.06018	0.00773	0.00195	0.00276	0.00993	0.00573	0.00497
6	0.01340	0.01242	0.02040	0.07636	0.62910	0.01266	0.01547	0.06871	0.01314	0.01852	0.01163	0.06189	0.01027	0.00576	0.00550	0.00167	0.00629	0.00551	0.00302	0.00827
7	0.23651	0.02144	0.01424	0.01264	0.01571	0.54965	0.04213	0.02008	0.01372	0.01644	0.00832	0.00979	0.00678	0.00543	0.00458	0.00150	0.00833	0.00349	0.00295	0.00626
8	0.00667	0.00482	0.00632	0.00745	0.00789	0.00446	0.00501	0.00770	0.01073	0.01425	0.05879	0.73586	0.07652	0.01668	0.00691	0.00218	0.00312	0.01507	0.00510	0.00446
9	0.01130	0.00969	0.01130	0.00807	0.01292	0.00727	0.00646	0.01373	0.01130	0.01776	0.00969	0.01130	0.00807	0.00404	0.00404	0.00081	0.00404	0.00323	0.00323	0.84173
10	0.01451	0.01331	0.01640	0.06622	0.27209	0.10206	0.01152	0.10859	0.01412	0.04124	0.03195	0.01334	0.00961	0.00528	0.00522	0.00140	0.02017	0.00440	0.00339	0.24518
11	0.17847	0.07865	0.01350	0.04465	0.05272	0.08157	0.00894	0.04172	0.16987	0.01828	0.01260	0.01488	0.01041	0.01359	0.17175	0.00321	0.07035	0.00468	0.00351	0.00665
12	0.00822	0.00571	0.00712	0.00719	0.00851	0.00531	0.00542	0.00995	0.01248	0.05545	0.22663	0.15349	0.23965	0.07496	0.06779	0.00272	0.00422	0.09516	0.00509	0.00493
13	0.01601	0.04933	0.06302	0.01633	0.16689	0.13301	0.01147	0.12261	0.28297	0.05977	0.01505	0.01525	0.01140	0.00622	0.00530	0.00166	0.00613	0.00502	0.00427	0.00829
14	0.01340	0.09844	0.41601	0.01494	0.08510	0.06779	0.01526	0.03909	0.01260	0.07148	0.02726	0.01247	0.00871	0.00530	0.00496	0.00154	0.00700	0.00413	0.00296	0.09154
15	0.01486	0.37204	0.19278	0.04610	0.06918	0.01604	0.03647	0.04322	0.01245	0.11883	0.01138	0.01238	0.02171	0.00533	0.00457	0.00147	0.00633	0.00406	0.00312	0.00766
16	0.01279	0.08899	0.10782	0.25074	0.18390	0.03556	0.11265	0.03593	0.05815	0.02839	0.01074	0.01364	0.00833	0.00537	0.00562	0.00170	0.02460	0.00484	0.00285	0.00738
17	0.00711	0.00498	0.00623	0.00696	0.00727	0.00475	0.00447	0.00784	0.00994	0.01327	0.06437	0.49597	0.05300	0.27194	0.01362	0.00317	0.00381	0.01265	0.00454	0.00411
18	0.01169	0.01150	0.04730	0.54204	0.20509	0.01262	0.01541	0.06015	0.01217	0.01620	0.01003	0.01409	0.00769	0.00537	0.00543	0.00176	0.00704	0.00482	0.00267	0.00692
19	0.02674	0.03435	0.33930	0.02183	0.28136	0.04365	0.08674	0.03206	0.04947	0.01796	0.01061	0.01280	0.00815	0.00516	0.00533	0.00168	0.00736	0.00460	0.00274	0.00812
20	0.00956	0.00831	0.01087	0.01014	0.01084	0.01011	0.00789	0.01214	0.08053	0.01483	0.08062	0.17224	0.07565	0.09517	0.06062	0.00290	0.29292	0.03538	0.00390	0.00538
21	0.00777	0.00522	0.00599	0.00615	0.00619	0.00518	0.00352	0.00789	0.00824	0.01098	0.01875	0.12978	0.02181	0.71159	0.02520	0.00491	0.00503	0.00885	0.00352	0.00344
22	0.11762	0.01360	0.07820	0.01247	0.06181	0.01296	0.01016	0.33573	0.03943	0.19108	0.01511	0.06226	0.01140	0.00686	0.00528	0.00170	0.00547	0.00541	0.00503	0.00842
23	0.03377	0.02755	0.05734	0.04938	0.10699	0.01280	0.16792	0.18072	0.06178	0.22384	0.01461	0.01520	0.01025	0.00587	0.00558	0.00171	0.00638	0.00533	0.00454	0.00845

[dist]
# distance from previous block
# <min> <max>
1	17

[block]
# block no. 1 follows, 44 sequences, length 9
# corresponding to MSA columns:
# 147-155
name=unknown_B
#
# <colnr> <probs for GDERKNQSTAVLIFYWHMCP>
#	G	D	E	R	K	N	Q	S	T	A	V	L	I	F	Y	W	H	M	C	P
0	0.01235	0.04090	0.26504	0.01339	0.01825	0.03211	0.09134	0.02004	0.24133	0.03695	0.01594	0.05701	0.03028	0.00674	0.00590	0.00174	0.03598	0.00568	0.00374	0.06530
1	0.00695	0.00540	0.00632	0.00639	0.00775	0.00477	0.00468	0.00869	0.01317	0.01722	0.31541	0.18546	0.37139	0.01342	0.00653	0.00186	0.00276	0.01163	0.00541	0.00477
2	0.01356	0.01171	0.01233	0.01109	0.01418	0.01356	0.00863	0.02897	0.76455	0.02281	0.02219	0.02034	0.01664	0.00740	0.00555	0.00185	0.00431	0.00616	0.00555	0.00863
3	0.01458	0.81168	0.02857	0.00933	0.01399	0.02157	0.00933	0.01632	0.01108	0.01283	0.00758	0.00875	0.00700	0.00466	0.00350	0.00117	0.00583	0.00292	0.00233	0.00700
4	0.01254	0.00659	0.00820	0.00740	0.00944	0.00610	0.00568	0.01525	0.04512	0.21473	0.26290	0.11670	0.08304	0.00976	0.00569	0.00169	0.00325	0.00838	0.17129	0.00622
5	0.01462	0.01297	0.02122	0.02534	0.43688	0.01336	0.12190	0.10995	0.03740	0.05561	0.01166	0.01418	0.00921	0.00556	0.00634	0.00170	0.05902	0.00516	0.02965	0.00827
6	0.00691	0.00499	0.00645	0.00722	0.00782	0.00463	0.00493	0.00817	0.01145	0.01541	0.18116	0.56181	0.08685	0.05557	0.00787	0.00224	0.00312	0.01371	0.00516	0.00453
7	0.01125	0.00869	0.01277	0.01663	0.27254	0.00847	0.00971	0.03952	0.01266	0.06909	0.05524	0.10943	0.13471	0.07558	0.00788	0.00215	0.00485	0.11642	0.02597	0.00645
8	0.01001	0.00824	0.01125	0.14574	0.06555	0.00834	0.00818	0.03154	0.03453	0.01500	0.01342	0.04296	0.01274	0.18239	0.17328	0.00374	0.00727	0.00565	0.00319	0.21697

[dist]
# distance from previous block
# <min> <max>
0	14

[block]
# block no. 2 follows, 44 sequences, length 20
# corresponding to MSA columns:
# 171-190
name=unknown_C
#
# <colnr> <probs for GDERKNQSTAVLIFYWHMCP>
#	G	D	E	R	K	N	Q	S	T	A	V	L	I	F	Y	W	H	M	C	P
0	0.01307	0.01208	0.01964	0.24305	0.42832	0.01294	0.04140	0.07977	0.04390	0.01843	0.02800	0.01469	0.00958	0.00540	0.00548	0.00170	0.00658	0.00508	0.00305	0.00784
1	0.01645	0.09273	0.01587	0.01299	0.06713	0.07682	0.00981	0.20709	0.36244	0.05624	0.01653	0.01600	0.01240	0.00657	0.00526	0.00167	0.00549	0.00520	0.00484	0.00847
2	0.01422	0.11406	0.37993	0.01360	0.05159	0.03375	0.01437	0.08043	0.01326	0.10916	0.01118	0.01217	0.00814	0.00527	0.00489	0.00151	0.00666	0.00406	0.00326	0.11847
3	0.04695	0.09710	0.41437	0.01505	0.05524	0.01392	0.07479	0.11137	0.05429	0.01941	0.01097	0.01306	0.00837	0.03488	0.00594	0.00180	0.00714	0.00448	0.00302	0.00785
4	0.01321	0.17686	0.43213	0.01422	0.02060	0.01431	0.08685	0.07638	0.01287	0.05936	0.01107	0.03867	0.00859	0.00562	0.00507	0.00164	0.00721	0.00458	0.00294	0.00782
5	0.02428	0.00957	0.01283	0.00984	0.01406	0.00844	0.00813	0.06185	0.01609	0.74220	0.02110	0.01829	0.01329	0.00674	0.00548	0.00168	0.00470	0.00545	0.00669	0.00928
6	0.02830	0.03449	0.17100	0.01747	0.11110	0.03045	0.23338	0.04858	0.05700	0.06717	0.02838	0.03656	0.04572	0.02274	0.00610	0.00178	0.00690	0.00583	0.00345	0.04360
7	0.01494	0.08272	0.20659	0.06851	0.21116	0.05731	0.04055	0.08879	0.03502	0.10623	0.02917	0.01388	0.00971	0.00559	0.00524	0.00163	0.00674	0.00470	0.00345	0.00807
8	0.02318	0.00944	0.01256	0.00971	0.01376	0.00842	0.00799	0.07375	0.01626	0.68215	0.06746	0.01957	0.01557	0.00701	0.00554	0.00169	0.00460	0.00572	0.00662	0.00902
9	0.00937	0.00720	0.01048	0.01227	0.14222	0.00675	0.03099	0.01149	0.01290	0.05800	0.20756	0.20597	0.18341	0.01176	0.00640	0.00190	0.00393	0.06674	0.00489	0.00576
10	0.03300	0.04999	0.15079	0.10426	0.35997	0.04444	0.03567	0.05034	0.02486	0.07895	0.01110	0.01333	0.00853	0.00526	0.00526	0.00165	0.00676	0.00465	0.00310	0.00808
11	0.00932	0.00731	0.01047	0.00968	0.01063	0.00870	0.02507	0.03683	0.00945	0.01366	0.01443	0.02053	0.04054	0.06037	0.43911	0.08151	0.15253	0.00580	0.03908	0.00499
12	0.00767	0.00523	0.00625	0.00649	0.00663	0.00525	0.00392	0.00801	0.00847	0.01137	0.01939	0.17921	0.02237	0.59641	0.08626	0.00499	0.00565	0.00918	0.00360	0.00364
13	0.01838	0.20811	0.01860	0.01297	0.01600	0.55059	0.01036	0.01985	0.01390	0.01321	0.00813	0.00974	0.00703	0.00569	0.00556	0.00142	0.06789	0.00347	0.00267	0.00645
14	0.12754	0.01586	0.01666	0.21839	0.24639	0.25418	0.01293	0.01749	0.01255	0.01632	0.00918	0.01199	0.00741	0.00527	0.00499	0.00161	0.00742	0.00418	0.00275	0.00688
15	0.01664	0.01356	0.01404	0.01176	0.01535	0.03744	0.00938	0.32169	0.44508	0.02718	0.01812	0.01711	0.01339	0.00700	0.00549	0.00175	0.00515	0.00558	0.00543	0.00882
16	0.00810	0.00545	0.00677	0.00677	0.00721	0.00576	0.00449	0.00897	0.00853	0.01217	0.01640	0.02961	0.01726	0.48399	0.27087	0.00603	0.00804	0.00698	0.08262	0.00398
17	0.00798	0.00571	0.00655	0.00658	0.00819	0.00501	0.00496	0.00953	0.01257	0.06278	0.13203	0.14614	0.45706	0.04338	0.00733	0.00205	0.00318	0.06882	0.00521	0.00492
18	0.08467	0.35156	0.05240	0.15988	0.06104	0.06026	0.04732	0.01563	0.01102	0.01462	0.00901	0.01237	0.00791	0.05495	0.00630	0.00173	0.03618	0.00402	0.00257	0.00657
19	0.06558	0.01127	0.01206	0.01084	0.01381	0.01274	0.00866	0.15175	0.45879	0.02372	0.02089	0.05156	0.01740	0.00850	0.00572	0.00191	0.00466	0.10693	0.00531	0.00793

[dist]
# distance from previous block
# <min> <max>
0	1

[block]
# block no. 3 follows, 44 sequences, length 17
# corresponding to MSA columns:
# 198-213,215
name=unknown_D
#
# <colnr> <probs for GDERKNQSTAVLIFYWHMCP>
#	G	D	E	R	K	N	Q	S	T	A	V	L	I	F	Y	W	H	M	C	P
0	0.07405	0.07635	0.01494	0.01088	0.01470	0.01488	0.00904	0.45925	0.09098	0.05723	0.01432	0.01530	0.01075	0.00658	0.00506	0.00161	0.00529	0.02357	0.08691	0.00828
1	0.01191	0.01153	0.02015	0.39797	0.36185	0.01262	0.07452	0.01545	0.01172	0.01592	0.01005	0.01409	0.00795	0.00512	0.00551	0.00173	0.00707	0.00498	0.00257	0.00730
2	0.00685	0.00559	0.00609	0.00612	0.00781	0.00483	0.00469	0.00854	0.01297	0.01612	0.17979	0.05111	0.58596	0.01344	0.00653	0.00187	0.00291	0.06884	0.00523	0.00473
3	0.06415	0.01689	0.19655	0.04681	0.06992	0.05797	0.07362	0.16337	0.12488	0.04463	0.01400	0.01513	0.03319	0.00707	0.02561	0.00191	0.02761	0.00505	0.00380	0.00784
4	0.00934	0.00581	0.00743	0.00689	0.00841	0.00535	0.00521	0.01180	0.01480	0.08498	0.58867	0.05698	0.06089	0.01047	0.00608	0.00168	0.00276	0.00915	0.09786	0.00545
5	0.01226	0.13314	0.43547	0.06004	0.02147	0.07485	0.06821	0.03566	0.01243	0.01680	0.05455	0.01402	0.02650	0.00569	0.00514	0.00164	0.00744	0.00457	0.00274	0.00739
6	0.00853	0.00734	0.02489	0.03160	0.01008	0.02426	0.01830	0.04083	0.04663	0.01631	0.14018	0.15679	0.27715	0.12835	0.00950	0.00239	0.00399	0.04307	0.00475	0.00506
7	0.01838	0.00764	0.00987	0.00806	0.01108	0.00684	0.00648	0.02066	0.01442	0.47218	0.11437	0.02182	0.01838	0.00719	0.00514	0.00157	0.00380	0.00592	0.23861	0.00759
8	0.01245	0.01150	0.06032	0.18641	0.29515	0.01125	0.01312	0.03005	0.10028	0.06138	0.05661	0.06416	0.01418	0.00721	0.00608	0.02537	0.00586	0.02764	0.00362	0.00737
9	0.01628	0.17616	0.01749	0.01331	0.11629	0.07371	0.00967	0.11872	0.08785	0.12873	0.03012	0.01380	0.01062	0.00562	0.00478	0.00140	0.00553	0.00440	0.00404	0.16149
10	0.00821	0.00755	0.05926	0.00767	0.00927	0.00636	0.00609	0.05221	0.01205	0.01597	0.12975	0.20786	0.23457	0.14481	0.05592	0.00287	0.01981	0.01024	0.00456	0.00497
11	0.39851	0.05218	0.03589	0.01134	0.05786	0.07397	0.05208	0.07651	0.03473	0.08999	0.01034	0.01133	0.00779	0.00532	0.00432	0.00159	0.00545	0.00384	0.00369	0.06329
12	0.01469	0.56912	0.06939	0.00991	0.01435	0.01838	0.00964	0.06459	0.05645	0.05641	0.01119	0.06406	0.01001	0.00593	0.00418	0.00137	0.00564	0.00429	0.00314	0.00725
13	0.08108	0.03789	0.15315	0.01266	0.08606	0.01116	0.01074	0.12394	0.02885	0.13262	0.03342	0.01360	0.01007	0.00545	0.00482	0.00143	0.00540	0.00431	0.00396	0.23941
14	0.01586	0.09456	0.12517	0.03445	0.09385	0.14017	0.02630	0.13153	0.11023	0.06936	0.01225	0.01311	0.00930	0.00563	0.00501	0.00151	0.00653	0.00440	0.00372	0.09704
15	0.06770	0.01044	0.05816	0.01680	0.26439	0.00948	0.01033	0.03626	0.05595	0.05732	0.07370	0.17792	0.10196	0.00904	0.00573	0.00178	0.00478	0.00796	0.00415	0.02615
16	0.01243	0.07462	0.01408	0.01085	0.06988	0.02476	0.02508	0.03186	0.01217	0.04748	0.05111	0.01474	0.01124	0.00521	0.00485	0.00113	0.02513	0.02630	0.00347	0.53361

[dist]
# distance from previous block
# <min> <max>
10	52

[block]
# block no. 4 follows, 44 sequences, length 9
# corresponding to MSA columns:
# 270-278
name=unknown_E
#
# <colnr> <probs for GDERKNQSTAVLIFYWHMCP>
#	G	D	E	R	K	N	Q	S	T	A	V	L	I	F	Y	W	H	M	C	P
0	0.05858	0.06100	0.06144	0.01827	0.21046	0.06990	0.11596	0.07016	0.05234	0.07898	0.06042	0.03423	0.01228	0.00613	0.00580	0.00165	0.03499	0.00535	0.00364	0.03841
1	0.09086	0.09469	0.08752	0.05164	0.17088	0.08261	0.08001	0.06873	0.01347	0.08917	0.06252	0.05927	0.01271	0.00636	0.00522	0.00165	0.00629	0.00543	0.00361	0.00736
2	0.04404	0.03788	0.03766	0.06569	0.27740	0.10121	0.07971	0.05705	0.06444	0.03739	0.03760	0.04328	0.04023	0.00620	0.00538	0.00163	0.00638	0.00551	0.00345	0.04787
3	0.07073	0.05036	0.08040	0.01658	0.19929	0.04856	0.03977	0.11801	0.07104	0.07718	0.04467	0.07782	0.01310	0.00666	0.00527	0.00163	0.00574	0.00567	0.00395	0.06355
4	0.03812	0.06312	0.12341	0.10200	0.24428	0.08209	0.01313	0.04562	0.04813	0.07450	0.03467	0.05745	0.01143	0.00618	0.00524	0.00164	0.00635	0.00524	0.00341	0.03399
5	0.08585	0.03496	0.07292	0.04791	0.33504	0.07293	0.03017	0.07238	0.05208	0.01905	0.02864	0.04357	0.01047	0.00591	0.00548	0.00163	0.02558	0.00503	0.00326	0.04714
6	0.02736	0.01077	0.04172	0.11540	0.18753	0.03578	0.02482	0.05993	0.05516	0.04534	0.15889	0.08757	0.04048	0.03874	0.00695	0.00189	0.02929	0.00699	0.00405	0.02135
7	0.03827	0.07025	0.05562	0.14691	0.20734	0.03361	0.01202	0.10164	0.01368	0.07156	0.06994	0.06998	0.01356	0.00677	0.00576	0.00167	0.03330	0.00568	0.00365	0.03876
8	0.09910	0.06147	0.10627	0.09178	0.14786	0.09815	0.05711	0.14093	0.02844	0.04908	0.01091	0.01322	0.00853	0.03194	0.00579	0.00173	0.00670	0.00451	0.00339	0.03310

[dist]
# distance from previous block
# <min> <max>
0	1

[block]
# block no. 5 follows, 44 sequences, length 20
# corresponding to MSA columns:
# 280-299
name=unknown_F
#
# <colnr> <probs for GDERKNQSTAVLIFYWHMCP>
#	G	D	E	R	K	N	Q	S	T	A	V	L	I	F	Y	W	H	M	C	P
0	0.03348	0.14301	0.03798	0.01117	0.07100	0.01003	0.05511	0.02829	0.04059	0.02849	0.06093	0.24975	0.02101	0.12372	0.00877	0.00225	0.00490	0.02019	0.00391	0.04541
1	0.13550	0.08468	0.23258	0.01386	0.09403	0.04220	0.05006	0.03885	0.01212	0.03340	0.05132	0.03028	0.05778	0.00622	0.00526	0.00161	0.02590	0.00495	0.00322	0.07617
2	0.01310	0.18740	0.18902	0.04653	0.21443	0.04085	0.03669	0.05640	0.01271	0.02984	0.03272	0.05613	0.02651	0.00605	0.00506	0.00157	0.00643	0.00508	0.00303	0.03046
3	0.01118	0.11839	0.07276	0.01181	0.06090	0.01125	0.03322	0.02856	0.14147	0.04035	0.04405	0.24610	0.05136	0.01069	0.02389	0.00202	0.07291	0.00837	0.00416	0.00655
4	0.05380	0.03949	0.22650	0.03365	0.19152	0.03215	0.03351	0.03396	0.01248	0.06215	0.05013	0.06628	0.04613	0.00681	0.00535	0.00166	0.00607	0.02614	0.00342	0.06881
5	0.08645	0.17943	0.12381	0.01503	0.10428	0.08994	0.09295	0.09042	0.01374	0.11178	0.01096	0.01215	0.00828	0.00529	0.00485	0.00153	0.00664	0.00426	0.00343	0.03477
6	0.01531	0.64237	0.07824	0.01029	0.01497	0.10568	0.01016	0.01735	0.01175	0.03983	0.00831	0.00940	0.00722	0.00488	0.00384	0.00125	0.00639	0.00315	0.00254	0.00707
7	0.01302	0.07628	0.05764	0.01107	0.06719	0.01005	0.02256	0.07509	0.02901	0.06287	0.01290	0.03293	0.03584	0.00531	0.00458	0.00118	0.00481	0.00434	0.00360	0.46971
8	0.06974	0.03005	0.12897	0.06764	0.29364	0.05340	0.09327	0.05263	0.04111	0.03754	0.01274	0.05913	0.02403	0.00605	0.00540	0.00170	0.00665	0.00547	0.00320	0.00765
9	0.00866	0.00559	0.00681	0.00711	0.00764	0.00546	0.00458	0.00987	0.04279	0.06034	0.02314	0.36104	0.02619	0.38669	0.01654	0.00360	0.00430	0.01092	0.00436	0.00439
10	0.01293	0.03372	0.09492	0.13913	0.12018	0.01265	0.34088	0.01687	0.01237	0.07166	0.01238	0.03000	0.00995	0.00581	0.00624	0.00182	0.02704	0.04109	0.00307	0.00732
11	0.01138	0.08818	0.67381	0.01478	0.02226	0.01341	0.01858	0.01792	0.05837	0.01726	0.01038	0.01184	0.00752	0.00528	0.00507	0.00169	0.00765	0.00407	0.00251	0.00801
12	0.00790	0.00539	0.00650	0.00650	0.00669	0.00558	0.00399	0.00828	0.00809	0.01098	0.01667	0.03288	0.01861	0.65810	0.17640	0.00597	0.00711	0.00752	0.00323	0.00361
13	0.00728	0.00540	0.00745	0.03911	0.02870	0.00522	0.00622	0.00867	0.01104	0.01466	0.05667	0.60124	0.05883	0.01572	0.00690	0.00219	0.00362	0.11145	0.00493	0.00471
14	0.06408	0.05311	0.27884	0.01552	0.03932	0.05374	0.15325	0.17201	0.01491	0.04986	0.02282	0.01287	0.00861	0.00563	0.00571	0.00170	0.03205	0.00472	0.00338	0.00787
15	0.01093	0.00685	0.00857	0.00785	0.00973	0.00654	0.00597	0.03173	0.08639	0.13717	0.42074	0.13769	0.08608	0.01097	0.00625	0.00180	0.00323	0.00958	0.00587	0.00608
16	0.01108	0.00974	0.01231	0.01170	0.01267	0.04752	0.00974	0.05854	0.01159	0.01572	0.01811	0.06829	0.01914	0.03483	0.04007	0.00265	0.29868	0.30814	0.00385	0.00562
17	0.03478	0.04034	0.05287	0.03414	0.14779	0.03479	0.36401	0.04655	0.07770	0.03491	0.01400	0.04468	0.03559	0.00585	0.00586	0.00176	0.00736	0.00616	0.00332	0.00752
18	0.04114	0.03073	0.03871	0.06380	0.08779	0.09773	0.04243	0.03003	0.02631	0.09917	0.03060	0.03559	0.01041	0.00580	0.00573	0.00142	0.05829	0.00461	0.00354	0.28618
19	0.09654	0.03830	0.01584	0.30121	0.14546	0.04269	0.01211	0.07641	0.06959	0.03435	0.03555	0.01440	0.00982	0.00576	0.00542	0.00167	0.02653	0.00472	0.00331	0.06032

[dist]
# distance from previous block
# <min> <max>
21	109

[block]
# block no. 6 follows, 44 sequences, length 26
# corresponding to MSA columns:
# 436-461
name=unknown_G
#
# <colnr> <probs for GDERKNQSTAVLIFYWHMCP>
#	G	D	E	R	K	N	Q	S	T	A	V	L	I	F	Y	W	H	M	C	P
0	0.02862	0.14253	0.18475	0.03211	0.10889	0.03571	0.06214	0.09369	0.03367	0.03219	0.01382	0.10389	0.01270	0.00732	0.00565	0.00172	0.02445	0.05271	0.00342	0.02000
1	0.04567	0.12977	0.21192	0.03316	0.07764	0.06650	0.06755	0.03034	0.06341	0.03594	0.02854	0.02969	0.02631	0.02323	0.00545	0.00161	0.00640	0.00475	0.00317	0.10893
2	0.08727	0.10091	0.13898	0.03207	0.04456	0.11570	0.03152	0.15489	0.08834	0.03786	0.02968	0.01409	0.03006	0.00615	0.00545	0.00161	0.03603	0.00460	0.00369	0.03654
3	0.05584	0.03090	0.15905	0.03277	0.12105	0.10090	0.05192	0.06245	0.06646	0.08817	0.06727	0.04113	0.01289	0.00625	0.00525	0.00160	0.00625	0.00522	0.00376	0.08088
4	0.04681	0.03271	0.17648	0.01559	0.15076	0.02758	0.04394	0.05475	0.05039	0.14921	0.02993	0.07655	0.02855	0.00678	0.00564	0.00167	0.02398	0.00572	0.00394	0.06902
5	0.01485	0.01282	0.15339	0.03978	0.13496	0.00963	0.01123	0.04733	0.01358	0.23561	0.09656	0.05570	0.04271	0.02868	0.00642	0.00178	0.02439	0.00612	0.00447	0.06000
6	0.01592	0.11033	0.05474	0.02616	0.04394	0.08066	0.07791	0.04985	0.02466	0.22422	0.09093	0.06158	0.03771	0.02477	0.00633	0.00173	0.03226	0.00609	0.00444	0.02579
7	0.04700	0.18117	0.10833	0.04670	0.08086	0.15546	0.09668	0.04933	0.04294	0.03354	0.02867	0.01250	0.00901	0.00561	0.00565	0.00157	0.05300	0.00436	0.00302	0.03460
8	0.03122	0.07136	0.12514	0.01773	0.22281	0.03270	0.03940	0.08928	0.11840	0.08652	0.04812	0.04216	0.01263	0.00626	0.00531	0.00164	0.00592	0.00537	0.00390	0.03414
9	0.07744	0.21016	0.10645	0.01209	0.06398	0.04419	0.05146	0.04021	0.01257	0.05338	0.10576	0.01490	0.01325	0.00577	0.00496	0.00142	0.02266	0.00455	0.00340	0.15138
10	0.01016	0.04597	0.00946	0.00821	0.00988	0.00731	0.00646	0.01235	0.03461	0.10567	0.20664	0.18058	0.18223	0.01211	0.00727	0.00194	0.06681	0.08158	0.00514	0.00563
11	0.01868	0.05394	0.03188	0.01218	0.01632	0.03528	0.01015	0.53119	0.18238	0.02997	0.01458	0.01431	0.01063	0.00658	0.00536	0.00165	0.00577	0.00503	0.00519	0.00893
12	0.01504	0.74910	0.02752	0.00970	0.01422	0.08250	0.00942	0.01676	0.01143	0.01287	0.00765	0.00883	0.00700	0.00474	0.00361	0.00119	0.00615	0.00296	0.00237	0.00694
13	0.01267	0.11830	0.05149	0.00952	0.01205	0.00904	0.00820	0.02876	0.04779	0.17031	0.02323	0.26215	0.02345	0.01153	0.00614	0.00198	0.00464	0.18745	0.00491	0.00638
14	0.01395	0.53336	0.25719	0.01124	0.01692	0.01819	0.01256	0.01711	0.01143	0.05157	0.00893	0.01007	0.00729	0.00492	0.00411	0.00136	0.00645	0.00338	0.00254	0.00743
15	0.00888	0.00595	0.00898	0.00988	0.06935	0.00640	0.00655	0.00916	0.00836	0.01171	0.01254	0.02011	0.01217	0.09109	0.37719	0.31981	0.00951	0.00552	0.00273	0.00411
16	0.00831	0.00591	0.00817	0.00991	0.06946	0.00571	0.00651	0.00962	0.01073	0.03498	0.02585	0.44582	0.02962	0.14819	0.01039	0.00273	0.00419	0.15447	0.00462	0.00482
17	0.01204	0.01229	0.04736	0.34524	0.38545	0.01266	0.07497	0.01566	0.01180	0.01617	0.01007	0.01395	0.00798	0.00509	0.00549	0.00172	0.00707	0.00495	0.00258	0.00745
18	0.01803	0.01314	0.01540	0.06660	0.03753	0.01433	0.02827	0.53130	0.02138	0.06913	0.01502	0.09489	0.01234	0.02926	0.00624	0.00181	0.00580	0.00613	0.00508	0.00833
19	0.01128	0.01075	0.01844	0.31439	0.30164	0.01178	0.07316	0.01437	0.01143	0.01559	0.01252	0.11656	0.01158	0.00687	0.00631	0.00183	0.04535	0.00635	0.00289	0.00689
20	0.01042	0.01010	0.07275	0.05214	0.04136	0.00927	0.04568	0.03037	0.18971	0.01960	0.21146	0.03503	0.04655	0.00992	0.00630	0.00196	0.00481	0.19122	0.00486	0.00651
21	0.01442	0.01368	0.07510	0.03407	0.16319	0.11318	0.01086	0.11119	0.07886	0.08601	0.17687	0.04398	0.02004	0.00757	0.00567	0.00169	0.00569	0.02609	0.00446	0.00739
22	0.05323	0.01246	0.05505	0.25349	0.20514	0.01258	0.13656	0.01762	0.09137	0.05444	0.01179	0.01457	0.00899	0.00547	0.00577	0.00175	0.02572	0.00511	0.00314	0.02574
23	0.02975	0.06046	0.08745	0.03187	0.08099	0.05884	0.06898	0.05303	0.07464	0.04366	0.03542	0.19101	0.08683	0.00920	0.00616	0.00181	0.03150	0.01954	0.00401	0.02486
24	0.04400	0.05988	0.08455	0.03353	0.09504	0.00971	0.00923	0.10709	0.01305	0.06522	0.08437	0.17955	0.01870	0.01052	0.00790	0.12202	0.00498	0.02205	0.00405	0.02456
25	0.17330	0.19110	0.09852	0.02759	0.01531	0.11804	0.00990	0.15060	0.03903	0.05139	0.03400	0.02975	0.00993	0.00596	0.00456	0.00154	0.00603	0.00427	0.02197	0.00719

[dist]
# distance from previous block
# <min> <max>
8	180

[block]
# block no. 7 follows, 44 sequences, length 36
# corresponding to MSA columns:
# 665-695,697-701
name=unknown_H
#
# <colnr> <probs for GDERKNQSTAVLIFYWHMCP>
#	G	D	E	R	K	N	Q	S	T	A	V	L	I	F	Y	W	H	M	C	P
0	0.01346	0.14049	0.19210	0.03277	0.10064	0.05738	0.05369	0.04797	0.04931	0.07339	0.07400	0.06199	0.01367	0.00646	0.00519	0.00159	0.00617	0.00542	0.00355	0.06075
1	0.01507	0.10085	0.22026	0.01342	0.05897	0.11275	0.03474	0.04834	0.07671	0.13948	0.01540	0.07476	0.03420	0.00678	0.00526	0.00164	0.00644	0.00549	0.00383	0.02561
2	0.02375	0.07796	0.25916	0.01372	0.11799	0.01025	0.02548	0.01459	0.01249	0.06664	0.10783	0.04383	0.17425	0.00814	0.00559	0.00172	0.00550	0.02043	0.00379	0.00689
3	0.01221	0.07972	0.54524	0.01711	0.10221	0.04669	0.04496	0.03569	0.01205	0.01716	0.00967	0.01163	0.00722	0.00527	0.00551	0.00168	0.03147	0.00415	0.00247	0.00791
4	0.04431	0.16697	0.05888	0.03681	0.07774	0.06869	0.05457	0.08307	0.07950	0.07821	0.01558	0.16811	0.01446	0.00781	0.00528	0.00167	0.00571	0.00659	0.00393	0.02212
5	0.00820	0.00611	0.00660	0.00640	0.00819	0.01978	0.00480	0.00981	0.01307	0.06839	0.18125	0.11541	0.50642	0.01297	0.00639	0.00183	0.00303	0.01100	0.00531	0.00504
6	0.05269	0.01065	0.05492	0.16663	0.03207	0.03223	0.02924	0.09252	0.01372	0.21928	0.01806	0.17801	0.01606	0.02654	0.00624	0.00192	0.00550	0.03215	0.00459	0.00700
7	0.01246	0.12681	0.44479	0.03410	0.05664	0.01379	0.09052	0.07104	0.01277	0.03159	0.01229	0.01385	0.04438	0.00559	0.00519	0.00166	0.00732	0.00463	0.00282	0.00777
8	0.01712	0.01348	0.01433	0.01181	0.01553	0.01522	0.00949	0.38985	0.39788	0.02854	0.01767	0.01674	0.01298	0.00697	0.00550	0.00174	0.00515	0.00554	0.00550	0.00895
9	0.60232	0.01087	0.00982	0.00883	0.03149	0.01219	0.00701	0.11691	0.01222	0.08133	0.01046	0.01247	0.00812	0.00578	0.00403	0.00170	0.00454	0.03062	0.02268	0.00663
10	0.01066	0.00992	0.01649	0.75562	0.05461	0.01226	0.01505	0.03435	0.01134	0.01458	0.00980	0.01447	0.00736	0.00547	0.00545	0.00181	0.00721	0.00485	0.00251	0.00621
11	0.00665	0.00493	0.00623	0.00725	0.00788	0.00450	0.00497	0.00772	0.01086	0.01412	0.03484	0.64488	0.17677	0.01641	0.00687	0.00215	0.00313	0.03032	0.00506	0.00447
12	0.00794	0.00539	0.00639	0.00643	0.00660	0.00551	0.00393	0.00827	0.00819	0.01103	0.01728	0.03485	0.01947	0.68659	0.11981	0.00561	0.00641	0.03343	0.00332	0.00356
13	0.00768	0.00554	0.00678	0.00664	0.00797	0.00499	0.00487	0.00960	0.01367	0.03823	0.43227	0.14385	0.23984	0.04460	0.00734	0.00196	0.00286	0.01085	0.00554	0.00494
14	0.01029	0.00937	0.01558	0.74101	0.03541	0.01163	0.01436	0.01385	0.01094	0.01437	0.01025	0.01493	0.00773	0.00551	0.00534	0.00178	0.00694	0.00486	0.05988	0.00599
15	0.02037	0.02598	0.01545	0.01404	0.01685	0.78652	0.01053	0.02177	0.01545	0.01334	0.00843	0.00983	0.00702	0.00562	0.00492	0.00140	0.00983	0.00351	0.00281	0.00632
16	0.00668	0.00483	0.00634	0.00753	0.00796	0.00448	0.00510	0.00770	0.01061	0.01402	0.03151	0.74211	0.07940	0.01684	0.00694	0.00220	0.00319	0.03306	0.00506	0.00445
17	0.01583	0.01036	0.01226	0.00938	0.01354	0.00941	0.00757	0.13367	0.06067	0.19770	0.01452	0.03720	0.01102	0.00584	0.00509	0.00130	0.02281	0.00465	0.02995	0.39721
18	0.00782	0.00572	0.00815	0.00815	0.00891	0.00648	0.00605	0.00934	0.00858	0.01220	0.01516	0.02453	0.01498	0.20838	0.62115	0.00800	0.01257	0.00630	0.00300	0.00453
19	0.01513	0.03303	0.07112	0.01091	0.01446	0.04080	0.00924	0.13934	0.34322	0.11318	0.07719	0.04804	0.04469	0.00774	0.00557	0.00176	0.00492	0.00635	0.00525	0.00808
20	0.01475	0.00895	0.01024	0.00883	0.01155	0.00931	0.00696	0.08660	0.23981	0.18366	0.14684	0.02275	0.02058	0.00758	0.00528	0.00164	0.00383	0.00628	0.19712	0.00742
21	0.01465	0.01263	0.01475	0.01364	0.07410	0.02782	0.05040	0.14769	0.50576	0.02385	0.04174	0.01873	0.01522	0.00699	0.00558	0.00178	0.00508	0.00593	0.00512	0.00852
22	0.04004	0.04831	0.64929	0.01536	0.04996	0.01288	0.01838	0.04405	0.01196	0.01805	0.00978	0.01146	0.00707	0.00516	0.00505	0.00167	0.00759	0.00399	0.00250	0.03745
23	0.01355	0.33980	0.39771	0.01265	0.01895	0.01641	0.01470	0.07397	0.01255	0.03992	0.00951	0.01074	0.00732	0.00513	0.00454	0.00149	0.00690	0.00370	0.00269	0.00776
24	0.01368	0.50065	0.28371	0.01162	0.01742	0.01828	0.01307	0.05786	0.01204	0.01554	0.00864	0.00993	0.00709	0.00494	0.00418	0.00138	0.00660	0.00341	0.00250	0.00748
25	0.00680	0.00501	0.00628	0.00712	0.00779	0.00460	0.00488	0.00792	0.01104	0.01445	0.08311	0.55093	0.17337	0.06275	0.00807	0.00230	0.00322	0.03090	0.00502	0.00446
26	0.01158	0.01706	0.29852	0.19675	0.07025	0.01203	0.05973	0.07479	0.06213	0.01843	0.06451	0.04375	0.01276	0.00654	0.00559	0.00179	0.00681	0.02640	0.00327	0.00731
27	0.03429	0.06704	0.27013	0.01807	0.18422	0.02787	0.07454	0.10197	0.01384	0.08492	0.02543	0.01326	0.00911	0.00538	0.00520	0.00161	0.00678	0.00460	0.00332	0.04841
28	0.00843	0.00754	0.03743	0.00926	0.01003	0.00779	0.00715	0.02733	0.01092	0.01517	0.10839	0.45338	0.04853	0.04102	0.00985	0.00226	0.17453	0.01151	0.00444	0.00506
29	0.00808	0.00527	0.00589	0.00589	0.00597	0.00527	0.00334	0.00826	0.00817	0.01124	0.01722	0.03462	0.01942	0.75330	0.02610	0.00501	0.00510	0.00773	0.06070	0.00343
30	0.03484	0.01658	0.19155	0.04282	0.07060	0.01364	0.05328	0.31685	0.04088	0.12017	0.03616	0.01455	0.01052	0.00613	0.00543	0.00169	0.00636	0.00500	0.00442	0.00851
31	0.01389	0.01285	0.03521	0.05126	0.30382	0.01211	0.18058	0.06976	0.04083	0.05934	0.01153	0.01386	0.00896	0.00499	0.00540	0.00154	0.00650	0.00499	0.00331	0.15927
32	0.00802	0.00584	0.00783	0.00773	0.00823	0.00653	0.00546	0.00907	0.00837	0.01175	0.01545	0.02738	0.01612	0.38079	0.41865	0.00696	0.04182	0.00673	0.00307	0.00422
33	0.84691	0.01054	0.00801	0.00717	0.01054	0.01223	0.00590	0.01603	0.00928	0.02446	0.00759	0.00886	0.00590	0.00506	0.00337	0.00169	0.00422	0.00295	0.00337	0.00590
34	0.01410	0.08360	0.07921	0.06009	0.05702	0.07888	0.02377	0.05095	0.05650	0.08827	0.01257	0.01366	0.02793	0.00527	0.00471	0.00130	0.00560	0.00420	0.00356	0.32882
35	0.00764	0.00553	0.00682	0.00716	0.00824	0.00509	0.00510	0.03151	0.01267	0.03130	0.21991	0.41399	0.19605	0.01438	0.00664	0.00198	0.00304	0.01272	0.00534	0.00488

[dist]
# distance from previous block
# <min> <max>
0	2

[block]
# block no. 8 follows, 44 sequences, length 8
# corresponding to MSA columns:
# 704-711
name=unknown_I
#
# <colnr> <probs for GDERKNQSTAVLIFYWHMCP>
#	G	D	E	R	K	N	Q	S	T	A	V	L	I	F	Y	W	H	M	C	P
0	0.01302	0.02620	0.61168	0.01799	0.02549	0.01374	0.16682	0.01838	0.01283	0.01883	0.01173	0.01449	0.00882	0.00620	0.00615	0.00206	0.00877	0.00507	0.00299	0.00874
1	0.00849	0.00582	0.00707	0.00684	0.00837	0.00533	0.00516	0.01090	0.03247	0.05765	0.39324	0.11092	0.22551	0.01187	0.00629	0.00179	0.00291	0.03609	0.05804	0.00523
2	0.01309	0.01338	0.01578	0.01370	0.01439	0.11074	0.01118	0.04173	0.04663	0.01440	0.00918	0.03749	0.00877	0.00993	0.03553	0.00238	0.58767	0.00506	0.00280	0.00618
3	0.00715	0.00524	0.00667	0.00729	0.00809	0.00494	0.00520	0.00854	0.01143	0.01518	0.15177	0.38958	0.14783	0.08807	0.04861	0.00272	0.00395	0.07825	0.00494	0.00455
4	0.01247	0.00949	0.01196	0.00900	0.01312	0.00787	0.04290	0.06443	0.01326	0.08765	0.10869	0.04009	0.03791	0.00604	0.00484	0.00118	0.00423	0.00514	0.00413	0.51561
5	0.00735	0.00585	0.00700	0.00688	0.00809	0.00561	0.00509	0.00897	0.01261	0.01664	0.28403	0.15286	0.33317	0.05789	0.00849	0.00208	0.05665	0.01088	0.00509	0.00478
6	0.01617	0.61178	0.02532	0.01072	0.04154	0.06810	0.00962	0.06413	0.01272	0.08269	0.00932	0.01013	0.00778	0.00504	0.00396	0.00127	0.00601	0.00338	0.00297	0.00736
7	0.08539	0.01218	0.01740	0.08764	0.28465	0.01261	0.05863	0.13559	0.08175	0.04524	0.01203	0.01431	0.00946	0.02581	0.00575	0.00169	0.00591	0.00485	0.00363	0.09548

[dist]
# distance from previous block
# <min> <max>
0	1

[block]
# block no. 9 follows, 44 sequences, length 23
# corresponding to MSA columns:
# 713-717,727-744
name=unknown_J
#
# <colnr> <probs for GDERKNQSTAVLIFYWHMCP>
#	G	D	E	R	K	N	Q	S	T	A	V	L	I	F	Y	W	H	M	C	P
0	0.01391	0.03694	0.03583	0.01247	0.06561	0.01341	0.00935	0.12184	0.50226	0.02254	0.01937	0.04731	0.01541	0.05083	0.00671	0.00198	0.00485	0.00618	0.00501	0.00821
1	0.32501	0.01301	0.01488	0.13223	0.25887	0.09547	0.01140	0.03841	0.03072	0.01985	0.00937	0.01168	0.00746	0.00521	0.00460	0.00166	0.00604	0.00403	0.00307	0.00701
2	0.01355	0.01244	0.05769	0.11955	0.29956	0.01230	0.05948	0.05877	0.11556	0.07409	0.03511	0.03802	0.01206	0.02875	0.00668	0.00185	0.03742	0.00566	0.00365	0.00781
3	0.06291	0.01246	0.01342	0.01052	0.01452	0.01295	0.00856	0.42661	0.05749	0.02739	0.02778	0.03387	0.05592	0.00684	0.00517	0.00151	0.00505	0.01879	0.00482	0.19343
4	0.01296	0.01222	0.01998	0.02935	0.64534	0.01235	0.01506	0.01714	0.08068	0.01798	0.01354	0.05641	0.03067	0.00596	0.00552	0.00168	0.00601	0.00570	0.00314	0.00831
5	0.84691	0.01054	0.00801	0.00717	0.01054	0.01223	0.00590	0.01603	0.00928	0.02446	0.00759	0.00886	0.00590	0.00506	0.00337	0.00169	0.00422	0.00295	0.00337	0.00590
6	0.00812	0.00586	0.00690	0.05024	0.00848	0.00601	0.00451	0.00937	0.04818	0.01206	0.02147	0.08602	0.09210	0.57654	0.03842	0.00445	0.00516	0.00846	0.00365	0.00397
7	0.16996	0.00927	0.01136	0.00907	0.01282	0.00869	0.00741	0.04224	0.01453	0.54888	0.06508	0.04718	0.01519	0.00709	0.00522	0.00171	0.00442	0.00565	0.00600	0.00824
8	0.00829	0.00609	0.00787	0.00794	0.00871	0.00664	0.00567	0.01072	0.07799	0.01314	0.01831	0.10698	0.01901	0.29927	0.34375	0.00602	0.00891	0.03647	0.00359	0.00463
9	0.00786	0.00564	0.00691	0.00661	0.00810	0.00505	0.00495	0.00999	0.01432	0.04480	0.50233	0.08321	0.25596	0.01207	0.00643	0.00178	0.00273	0.01048	0.00571	0.00509
10	0.01184	0.01143	0.03884	0.04485	0.01811	0.01145	0.22470	0.06176	0.26371	0.01920	0.01954	0.21402	0.01799	0.00882	0.00614	0.00192	0.00576	0.00839	0.00440	0.00713
11	0.00786	0.00554	0.00722	0.00722	0.00766	0.00598	0.00490	0.00875	0.00831	0.01152	0.01601	0.02921	0.01701	0.46024	0.37207	0.00686	0.00951	0.00698	0.00313	0.00401
12	0.01210	0.01080	0.06751	0.06053	0.05577	0.03163	0.00997	0.08550	0.10792	0.05783	0.05314	0.11775	0.02057	0.01006	0.00675	0.00198	0.04656	0.19382	0.02751	0.02229
13	0.01197	0.11627	0.13666	0.01198	0.07162	0.06991	0.01012	0.03358	0.01227	0.06656	0.02023	0.13395	0.07187	0.07501	0.00757	0.00212	0.00570	0.13243	0.00388	0.00629
14	0.01426	0.01033	0.01253	0.00993	0.04170	0.00889	0.00765	0.07467	0.04025	0.13633	0.01217	0.01299	0.00930	0.00499	0.00493	0.00113	0.03066	0.00393	0.00398	0.55939
15	0.01423	0.17821	0.41600	0.04007	0.03769	0.06203	0.01535	0.07157	0.01307	0.08769	0.01060	0.01178	0.00776	0.00535	0.00490	0.00159	0.00720	0.00402	0.00299	0.00789
16	0.03582	0.13411	0.01758	0.01223	0.01506	0.07438	0.03308	0.17172	0.01439	0.14198	0.01262	0.01398	0.03422	0.00731	0.00904	0.00180	0.25464	0.00477	0.00388	0.00737
17	0.02446	0.00928	0.01265	0.00970	0.01392	0.00801	0.00801	0.02657	0.01560	0.77817	0.02151	0.01856	0.01350	0.00675	0.00548	0.00169	0.00464	0.00548	0.00675	0.00928
18	0.00974	0.00722	0.04752	0.00788	0.00974	0.00601	0.00632	0.01257	0.04193	0.10571	0.44773	0.18730	0.06596	0.01147	0.00633	0.00182	0.00328	0.01010	0.00566	0.00573
19	0.01444	0.03741	0.12384	0.20190	0.22077	0.04668	0.05366	0.03020	0.03254	0.14185	0.03574	0.01507	0.01028	0.00565	0.00541	0.00169	0.00667	0.00500	0.00346	0.00774
20	0.02446	0.00928	0.01265	0.00970	0.01392	0.00801	0.00801	0.02657	0.01560	0.77817	0.02151	0.01856	0.01350	0.00675	0.00548	0.00169	0.00464	0.00548	0.00675	0.00928
21	0.00783	0.00579	0.00827	0.00824	0.00896	0.00614	0.03057	0.00913	0.00909	0.01255	0.01854	0.16838	0.01997	0.26232	0.36692	0.00609	0.00925	0.03406	0.00349	0.00441
22	0.01463	0.08359	0.11685	0.07959	0.08108	0.03800	0.12054	0.11006	0.05925	0.10171	0.06552	0.01660	0.01247	0.00641	0.00625	0.00173	0.05504	0.01924	0.00381	0.00762

[dist]
# distance from previous block
# <min> <max>
0	1

[block]
# block no. 10 follows, 44 sequences, length 22
# corresponding to MSA columns:
# 746-767
name=unknown_K
#
# <colnr> <probs for GDERKNQSTAVLIFYWHMCP>
#	G	D	E	R	K	N	Q	S	T	A	V	L	I	F	Y	W	H	M	C	P
0	0.00782	0.00585	0.00776	0.02445	0.03117	0.00576	0.00615	0.02494	0.05114	0.01588	0.10346	0.58121	0.03437	0.01503	0.00676	0.00213	0.00352	0.06250	0.00507	0.00501
1	0.01458	0.81168	0.02857	0.00933	0.01399	0.02157	0.00933	0.01632	0.01108	0.01283	0.00758	0.00875	0.00700	0.00466	0.00350	0.00117	0.00583	0.00292	0.00233	0.00700
2	0.61774	0.01344	0.01065	0.01063	0.07491	0.14090	0.00769	0.03776	0.01102	0.02234	0.00810	0.00952	0.00641	0.00518	0.00386	0.00163	0.00539	0.00326	0.00328	0.00629
3	0.01540	0.01358	0.04252	0.03329	0.06957	0.01412	0.16316	0.21709	0.24054	0.05124	0.01517	0.01593	0.01128	0.00636	0.00620	0.00177	0.04278	0.00558	0.02614	0.00827
4	0.01113	0.07542	0.01069	0.00808	0.01075	0.00914	0.00648	0.08308	0.12488	0.06377	0.15623	0.03350	0.30622	0.00996	0.00599	0.00169	0.01808	0.00819	0.00505	0.05167
5	0.00784	0.00525	0.00597	0.00606	0.00608	0.00523	0.00343	0.00790	0.00810	0.01080	0.01807	0.08926	0.02095	0.75328	0.02630	0.00507	0.00514	0.00846	0.00343	0.00338
6	0.01292	0.04229	0.04679	0.02094	0.02590	0.03314	0.61858	0.01708	0.01248	0.01699	0.01077	0.01430	0.00828	0.00503	0.00696	0.00182	0.06256	0.00603	0.02997	0.00716
7	0.84691	0.01054	0.00801	0.00717	0.01054	0.01223	0.00590	0.01603	0.00928	0.02446	0.00759	0.00886	0.00590	0.00506	0.00337	0.00169	0.00422	0.00295	0.00337	0.00590
8	0.01030	0.00969	0.01635	0.79530	0.03755	0.01211	0.01514	0.01393	0.01090	0.01393	0.00969	0.01453	0.00727	0.00545	0.00545	0.00182	0.00727	0.00484	0.00242	0.00606
9	0.00728	0.00534	0.00695	0.00791	0.00878	0.00501	0.00596	0.00883	0.01165	0.01523	0.08267	0.43616	0.14572	0.01564	0.00700	0.00221	0.00358	0.21431	0.00511	0.00467
10	0.00676	0.00487	0.00643	0.00755	0.00801	0.00453	0.00515	0.00787	0.01086	0.01448	0.07334	0.71058	0.06378	0.01656	0.00693	0.00218	0.00317	0.03736	0.00511	0.00449
11	0.01185	0.01188	0.01732	0.07054	0.01657	0.01625	0.04320	0.01336	0.00872	0.01336	0.00750	0.01223	0.00721	0.00904	0.01652	0.00232	0.70885	0.00485	0.00240	0.00603
12	0.00695	0.00530	0.00639	0.00662	0.00780	0.00474	0.00477	0.00862	0.01288	0.01699	0.29901	0.27608	0.29641	0.01386	0.00659	0.00191	0.00282	0.01214	0.00539	0.00474
13	0.00742	0.00564	0.00771	0.00949	0.06310	0.00532	0.00626	0.00884	0.01127	0.01491	0.06224	0.54172	0.11508	0.01535	0.00684	0.00215	0.00356	0.10333	0.00493	0.00485
14	0.01325	0.00981	0.01163	0.00842	0.01317	0.00766	0.00677	0.03804	0.01228	0.11379	0.01128	0.01227	0.00879	0.00445	0.00426	0.00094	0.00417	0.00356	0.00374	0.71171
15	0.20543	0.01077	0.01238	0.00972	0.01378	0.01074	0.00802	0.17167	0.01623	0.46134	0.01673	0.01531	0.01096	0.00633	0.00501	0.00168	0.00482	0.00481	0.00574	0.00853
16	0.01444	0.02945	0.03376	0.08517	0.39547	0.01234	0.03264	0.07066	0.09301	0.09957	0.05124	0.03301	0.01257	0.00606	0.00550	0.00168	0.00591	0.00552	0.00380	0.00820
17	0.01560	0.03932	0.12583	0.01180	0.03217	0.03216	0.06830	0.06174	0.05452	0.24089	0.03319	0.04227	0.07901	0.00718	0.00547	0.00164	0.00548	0.03107	0.00461	0.10774
18	0.01201	0.01137	0.01920	0.15435	0.51299	0.01162	0.03877	0.01505	0.01197	0.01668	0.01356	0.09120	0.03614	0.00640	0.00559	0.00171	0.00620	0.00611	0.00297	0.02610
19	0.01324	0.09617	0.04346	0.14181	0.28747	0.09699	0.01293	0.01591	0.01204	0.03546	0.01325	0.01566	0.06834	0.00609	0.00611	0.00161	0.06721	0.00492	0.00292	0.05841
20	0.04812	0.17776	0.13897	0.01373	0.10766	0.08654	0.01125	0.08024	0.09414	0.04039	0.07456	0.03978	0.02576	0.00643	0.00498	0.00156	0.00594	0.00508	0.00365	0.03347
21	0.01500	0.09158	0.05498	0.01542	0.14437	0.13185	0.04050	0.07709	0.10184	0.08141	0.01456	0.05829	0.02867	0.02151	0.04117	0.00202	0.03974	0.00547	0.00376	0.03078

[dist]
# distance from previous block
# <min> <max>
3	20

[block]
# block no. 11 follows, 44 sequences, length 14
# corresponding to MSA columns:
# 791-795,821-829
name=unknown_L
#
# <colnr> <probs for GDERKNQSTAVLIFYWHMCP>
#	G	D	E	R	K	N	Q	S	T	A	V	L	I	F	Y	W	H	M	C	P
0	0.20201	0.03331	0.12386	0.03124	0.13296	0.01304	0.04222	0.19799	0.01490	0.07300	0.02934	0.01357	0.00949	0.02814	0.00554	0.00174	0.00587	0.00454	0.00384	0.03341
1	0.13641	0.03352	0.05120	0.07143	0.20098	0.03608	0.02534	0.24631	0.04606	0.06047	0.01159	0.01294	0.00871	0.00565	0.00505	0.00163	0.00601	0.00454	0.00393	0.03216
2	0.07185	0.01066	0.01294	0.01372	0.13283	0.02802	0.00925	0.21026	0.04979	0.05175	0.01830	0.23874	0.01811	0.00968	0.00620	0.00186	0.03082	0.05017	0.00457	0.03047
3	0.03741	0.01489	0.06721	0.01141	0.01562	0.08425	0.00965	0.26419	0.21825	0.02433	0.01400	0.01413	0.01053	0.00602	0.00505	0.00150	0.00558	0.00465	0.00449	0.18686
4	0.00729	0.00521	0.00695	0.00750	0.00799	0.00529	0.00515	0.00841	0.00981	0.01343	0.07500	0.38212	0.02779	0.19117	0.21625	0.00455	0.00658	0.01096	0.00419	0.00435
5	0.01349	0.01295	0.02213	0.03346	0.77440	0.01295	0.01673	0.01673	0.01241	0.01781	0.01025	0.01349	0.00864	0.00486	0.00540	0.00162	0.00648	0.00486	0.00270	0.00864
6	0.04038	0.01464	0.09142	0.05639	0.35532	0.03000	0.18194	0.08516	0.01372	0.01938	0.05031	0.01479	0.01051	0.00536	0.00560	0.00169	0.00702	0.00531	0.00312	0.00792
7	0.01372	0.01430	0.04973	0.05297	0.37701	0.03825	0.30632	0.01750	0.01274	0.04768	0.01091	0.01402	0.00853	0.00489	0.00579	0.00171	0.00766	0.00543	0.00286	0.00798
8	0.01236	0.01219	0.02048	0.24175	0.39912	0.03854	0.10524	0.01576	0.01236	0.01682	0.06326	0.01571	0.01114	0.00546	0.00559	0.00170	0.00687	0.00535	0.00286	0.00744
9	0.01322	0.13060	0.25357	0.04078	0.06890	0.01225	0.10532	0.03474	0.01249	0.11722	0.01537	0.09894	0.03411	0.00710	0.00547	0.00173	0.00648	0.03079	0.00352	0.00740
10	0.01416	0.03933	0.17990	0.01099	0.04426	0.00863	0.00996	0.03358	0.01313	0.25986	0.04824	0.20477	0.09098	0.00950	0.00581	0.00181	0.00494	0.00811	0.00485	0.00718
11	0.01253	0.01523	0.15047	0.10181	0.45727	0.01272	0.11167	0.01648	0.01218	0.01725	0.01079	0.01489	0.00887	0.00525	0.00556	0.00171	0.00712	0.02748	0.00268	0.00801
