[name]
unknown

[dist]
# distance from previous block
# <min> <max>
0	247

[block]
# block no. 0 follows, 54 sequences, length 6
# corresponding to MSA columns:
# 300-305
name=unknown_A
#
# <colnr> <probs for GDERKNQSTAVLIFYWHMCP>
#	G	D	E	R	K	N	Q	S	T	A	V	L	I	F	Y	W	H	M	C	P
0	0.01138	0.03722	0.15036	0.03435	0.04382	0.05645	0.03532	0.10886	0.05064	0.07009	0.09480	0.03678	0.07462	0.00721	0.03310	0.00160	0.02706	0.00506	0.00348	0.11781
1	0.05792	0.06224	0.19826	0.07078	0.02735	0.03830	0.02633	0.05382	0.07390	0.10065	0.03029	0.07857	0.02566	0.04010	0.00537	0.00159	0.00505	0.03229	0.00333	0.06819
2	0.08513	0.04976	0.08297	0.05608	0.08350	0.03118	0.04824	0.09563	0.05340	0.05467	0.03706	0.05958	0.05618	0.00590	0.00446	0.00136	0.00468	0.02440	0.00333	0.16248
3	0.01112	0.07208	0.08372	0.03650	0.10250	0.04745	0.07556	0.05583	0.03453	0.05900	0.02979	0.05516	0.07606	0.00659	0.02320	0.00150	0.06077	0.00493	0.00308	0.16063
4	0.05425	0.04676	0.09112	0.05278	0.04022	0.05512	0.00828	0.10971	0.04133	0.05867	0.06896	0.01634	0.02662	0.02892	0.15446	0.00259	0.02517	0.02084	0.03444	0.06342
5	0.19437	0.01181	0.04006	0.06850	0.03069	0.08671	0.02422	0.26367	0.05651	0.03531	0.03383	0.01191	0.00861	0.00703	0.03435	0.04870	0.03008	0.00399	0.00348	0.00619

[dist]
# distance from previous block
# <min> <max>
14	41

[block]
# block no. 1 follows, 54 sequences, length 20
# corresponding to MSA columns:
# 353-372
name=unknown_B
#
# <colnr> <probs for GDERKNQSTAVLIFYWHMCP>
#	G	D	E	R	K	N	Q	S	T	A	V	L	I	F	Y	W	H	M	C	P
0	0.01044	0.00831	0.05738	0.09617	0.01281	0.00823	0.00767	0.13967	0.05645	0.07339	0.03236	0.03130	0.01224	0.08433	0.26238	0.05809	0.00732	0.03279	0.00334	0.00534
1	0.01089	0.01054	0.05067	0.16900	0.18970	0.06407	0.04060	0.05104	0.11575	0.04170	0.10852	0.01852	0.04838	0.00680	0.02364	0.00165	0.00533	0.03367	0.00335	0.00618
2	0.06734	0.00678	0.00832	0.00791	0.02865	0.00668	0.00588	0.08133	0.03476	0.19685	0.09968	0.28406	0.09820	0.00978	0.00546	0.00165	0.02093	0.02554	0.00464	0.00555
3	0.00983	0.03460	0.01231	0.10440	0.12998	0.02647	0.05002	0.08898	0.04794	0.01516	0.03776	0.06202	0.11079	0.02777	0.10789	0.00233	0.02224	0.04449	0.00325	0.06177
4	0.17338	0.03880	0.01004	0.16053	0.01397	0.07032	0.00724	0.07921	0.03243	0.05808	0.13390	0.05408	0.09729	0.03103	0.00530	0.00158	0.01835	0.00553	0.00359	0.00532
5	0.11744	0.00918	0.01070	0.00883	0.01174	0.03793	0.03492	0.13171	0.09681	0.30552	0.07301	0.08063	0.01447	0.00739	0.02388	0.00166	0.00439	0.01838	0.00470	0.00672
6	0.25055	0.00893	0.00980	0.00812	0.01126	0.00926	0.00658	0.07119	0.16417	0.35918	0.01520	0.04314	0.01086	0.00586	0.00430	0.00150	0.00389	0.00454	0.00471	0.00696
7	0.03902	0.04050	0.07632	0.09975	0.05009	0.09676	0.06018	0.06964	0.01083	0.05391	0.02905	0.13628	0.01254	0.04263	0.10582	0.00238	0.02666	0.00570	0.03648	0.00546
8	0.01046	0.08170	0.07267	0.08530	0.07246	0.09134	0.07395	0.01316	0.04432	0.05926	0.09215	0.10126	0.04085	0.04187	0.07020	0.00211	0.01931	0.01890	0.00321	0.00552
9	0.00663	0.00516	0.00624	0.00687	0.00754	0.03365	0.00497	0.00785	0.00974	0.01281	0.10658	0.45835	0.07911	0.05375	0.08149	0.00250	0.00406	0.10455	0.00415	0.00402
10	0.00664	0.00491	0.00704	0.00713	0.00784	0.00552	0.00534	0.00804	0.00769	0.01086	0.01491	0.08557	0.03514	0.13022	0.63312	0.00660	0.01059	0.00607	0.00276	0.00401
11	0.01140	0.08581	0.25444	0.04925	0.16815	0.05879	0.03870	0.05663	0.07074	0.04269	0.01112	0.01311	0.02999	0.03248	0.04326	0.00182	0.01811	0.00421	0.00272	0.00657
12	0.05963	0.06609	0.12828	0.12974	0.03321	0.03999	0.02055	0.13931	0.02455	0.11351	0.04131	0.01465	0.05699	0.00580	0.00518	0.00147	0.05867	0.00447	0.05034	0.00627
13	0.00861	0.00489	0.00530	0.00508	0.00643	0.00467	0.00384	0.02852	0.01098	0.05406	0.13622	0.04423	0.16156	0.00751	0.00421	0.00129	0.00240	0.00624	0.49937	0.00457
14	0.02771	0.00829	0.01116	0.00995	0.06341	0.00807	0.03992	0.10453	0.05648	0.31570	0.13193	0.03679	0.06041	0.00807	0.03682	0.00174	0.01981	0.02808	0.00471	0.02645
15	0.03803	0.18376	0.14885	0.13184	0.08531	0.05378	0.01073	0.07041	0.01139	0.14163	0.01077	0.02963	0.00856	0.00533	0.00454	0.00142	0.02058	0.03392	0.00304	0.00648
16	0.04510	0.01208	0.03672	0.10827	0.13780	0.06675	0.36642	0.01512	0.02791	0.05443	0.00967	0.01229	0.00741	0.00525	0.02761	0.00166	0.02097	0.00469	0.00260	0.03724
17	0.03944	0.00624	0.00756	0.00658	0.00869	0.00569	0.00506	0.01354	0.04327	0.27125	0.13607	0.06199	0.22030	0.08706	0.02509	0.00193	0.00346	0.00708	0.02044	0.02925
18	0.01256	0.32151	0.06637	0.00951	0.03358	0.11980	0.00827	0.04399	0.04777	0.05834	0.04679	0.06464	0.01042	0.00548	0.00433	0.00122	0.03075	0.00409	0.00292	0.10767
19	0.00841	0.00619	0.00902	0.02369	0.04562	0.00659	0.03163	0.02315	0.00893	0.05998	0.04063	0.06676	0.04599	0.09729	0.41590	0.00485	0.04050	0.00580	0.01420	0.04486

[dist]
# distance from previous block
# <min> <max>
6	37

[block]
# block no. 2 follows, 54 sequences, length 11
# corresponding to MSA columns:
# 429-439
name=unknown_C
#
# <colnr> <probs for GDERKNQSTAVLIFYWHMCP>
#	G	D	E	R	K	N	Q	S	T	A	V	L	I	F	Y	W	H	M	C	P
0	0.00831	0.00631	0.00628	0.00640	0.00715	0.07354	0.00438	0.04680	0.00979	0.01348	0.04512	0.31240	0.02068	0.22865	0.00999	0.00235	0.00370	0.00830	0.18234	0.00405
1	0.23966	0.04967	0.05457	0.04303	0.07597	0.09641	0.15330	0.04433	0.01092	0.11239	0.00958	0.01091	0.00715	0.00458	0.00416	0.00140	0.00549	0.00381	0.03716	0.03552
2	0.00645	0.00480	0.00632	0.03418	0.00831	0.00472	0.00516	0.00832	0.05576	0.01318	0.07691	0.59807	0.05513	0.01333	0.00591	0.00187	0.00303	0.08998	0.00438	0.00419
3	0.06011	0.01103	0.15027	0.00906	0.02696	0.00757	0.04199	0.02783	0.01007	0.03714	0.01128	0.09883	0.02365	0.00522	0.00411	0.00112	0.00429	0.00440	0.00295	0.46214
4	0.06817	0.25112	0.06380	0.02950	0.17822	0.06551	0.00942	0.01482	0.07690	0.01458	0.02830	0.01207	0.00875	0.00474	0.00396	0.00123	0.00501	0.02868	0.00267	0.13256
5	0.01257	0.01069	0.01144	0.07869	0.01414	0.04682	0.00810	0.17856	0.46778	0.02045	0.06190	0.01655	0.01373	0.00708	0.02864	0.00171	0.00463	0.00509	0.00440	0.00703
6	0.00667	0.00454	0.00543	0.00570	0.00584	0.00452	0.00352	0.00701	0.00753	0.01005	0.01753	0.19117	0.02028	0.59853	0.04785	0.00402	0.00448	0.04891	0.00323	0.00318
7	0.04313	0.01242	0.01531	0.01324	0.07706	0.12601	0.15824	0.26224	0.03306	0.03249	0.01078	0.01407	0.00884	0.04514	0.03861	0.05239	0.01719	0.03017	0.00334	0.00628
8	0.03398	0.01133	0.01267	0.01040	0.01329	0.04721	0.05354	0.34515	0.19657	0.02182	0.01684	0.01814	0.09247	0.00685	0.00561	0.00156	0.05900	0.04251	0.00423	0.00683
9	0.00936	0.07649	0.01059	0.00821	0.00941	0.00719	0.08647	0.01035	0.11549	0.01074	0.00970	0.01404	0.00875	0.01267	0.01391	0.58177	0.00453	0.00428	0.00246	0.00358
10	0.00974	0.00622	0.00774	0.00702	0.00806	0.00652	0.00510	0.07512	0.01004	0.10942	0.11145	0.02638	0.01827	0.38334	0.10097	0.00359	0.05937	0.04353	0.00364	0.00448

[dist]
# distance from previous block
# <min> <max>
0	7

[block]
# block no. 3 follows, 54 sequences, length 19
# corresponding to MSA columns:
# 447-449,454-469
name=unknown_D
#
# <colnr> <probs for GDERKNQSTAVLIFYWHMCP>
#	G	D	E	R	K	N	Q	S	T	A	V	L	I	F	Y	W	H	M	C	P
0	0.00994	0.00851	0.01370	0.01177	0.04372	0.00879	0.19264	0.12825	0.01175	0.03258	0.07858	0.26267	0.01801	0.01118	0.07987	0.00222	0.06895	0.00775	0.00362	0.00548
1	0.00697	0.00527	0.00625	0.00620	0.00744	0.00494	0.00461	0.06557	0.01202	0.01590	0.28768	0.23985	0.27019	0.01147	0.00565	0.00165	0.00270	0.03656	0.00467	0.00441
2	0.01013	0.00801	0.00879	0.00823	0.01026	0.01911	0.00633	0.02788	0.42215	0.05718	0.09495	0.15093	0.10126	0.00884	0.00521	0.00165	0.00343	0.04483	0.00472	0.00612
3	0.00866	0.01172	0.22489	0.01011	0.01319	0.02212	0.08519	0.04830	0.01117	0.01540	0.17389	0.07432	0.08030	0.05172	0.03886	0.00202	0.02642	0.09290	0.00347	0.00534
4	0.00586	0.00427	0.00555	0.00653	0.00700	0.00396	0.00453	0.00682	0.00934	0.01226	0.02816	0.69410	0.11063	0.01435	0.00601	0.00190	0.00282	0.06766	0.00437	0.00388
5	0.00979	0.00953	0.01336	0.01157	0.01171	0.01310	0.00958	0.01095	0.00765	0.01181	0.05907	0.01261	0.00916	0.01052	0.07901	0.00247	0.70629	0.00449	0.00231	0.00504
6	0.00721	0.00561	0.02488	0.00707	0.00834	0.00518	0.00572	0.00965	0.04175	0.02776	0.35317	0.11749	0.08895	0.01297	0.07221	0.00221	0.00385	0.19690	0.00454	0.00453
7	0.00803	0.00452	0.00688	0.06007	0.00820	0.00478	0.00495	0.00686	0.00657	0.00884	0.00885	0.01482	0.00859	0.01836	0.13295	0.68234	0.00547	0.00424	0.00212	0.00257
8	0.00654	0.00476	0.00615	0.00701	0.00784	0.00451	0.00545	0.00798	0.01002	0.01306	0.02883	0.35476	0.16105	0.02873	0.00640	0.00199	0.00333	0.31105	0.02647	0.00405
9	0.00702	0.00450	0.00558	0.00602	0.00681	0.00421	0.00428	0.00838	0.01009	0.04060	0.13397	0.42865	0.09587	0.03296	0.00586	0.00174	0.00268	0.03683	0.15977	0.00416
10	0.00929	0.00710	0.00850	0.00811	0.00957	0.05183	0.04222	0.06112	0.06693	0.07332	0.05965	0.35228	0.08425	0.05120	0.01828	0.00196	0.00396	0.08124	0.00427	0.00493
11	0.00852	0.00603	0.00838	0.07887	0.01060	0.00613	0.02225	0.01117	0.04761	0.08301	0.50091	0.08867	0.03302	0.00902	0.00591	0.00157	0.04234	0.02633	0.00467	0.00498
12	0.00874	0.00812	0.01356	0.76235	0.03059	0.01003	0.01245	0.01181	0.00972	0.01256	0.06729	0.01425	0.00912	0.00508	0.00478	0.00156	0.00598	0.00451	0.00232	0.00518
13	0.00747	0.00529	0.00668	0.00713	0.00802	0.00528	0.00521	0.03560	0.06813	0.03909	0.02430	0.46185	0.07185	0.06919	0.06000	0.00242	0.00389	0.10993	0.00424	0.00441
14	0.00944	0.00892	0.01523	0.37408	0.21351	0.00972	0.09278	0.01249	0.02264	0.01360	0.01374	0.01984	0.06844	0.00609	0.00508	0.00161	0.00573	0.09867	0.00267	0.00573
15	0.04435	0.05000	0.05829	0.03172	0.01483	0.01010	0.15169	0.18330	0.01364	0.21225	0.02578	0.01451	0.00993	0.00534	0.00457	0.00141	0.00499	0.02244	0.11265	0.02822
16	0.00828	0.05849	0.39272	0.00975	0.01359	0.00828	0.01081	0.01160	0.01006	0.01438	0.13333	0.14986	0.01788	0.08113	0.00660	0.00182	0.00503	0.03635	0.02455	0.00550
17	0.35724	0.09036	0.05245	0.04909	0.09608	0.01025	0.05182	0.01296	0.00914	0.01675	0.00943	0.09491	0.00863	0.00529	0.00383	0.00137	0.00441	0.00418	0.00279	0.11902
18	0.02562	0.04612	0.16253	0.13123	0.11860	0.02584	0.05261	0.12309	0.05702	0.07815	0.01117	0.02494	0.01927	0.03742	0.00588	0.00160	0.04479	0.00442	0.00306	0.02665

[dist]
# distance from previous block
# <min> <max>
0	14

[block]
# block no. 4 follows, 54 sequences, length 25
# corresponding to MSA columns:
# 511-535
name=unknown_E
#
# <colnr> <probs for GDERKNQSTAVLIFYWHMCP>
#	G	D	E	R	K	N	Q	S	T	A	V	L	I	F	Y	W	H	M	C	P
0	0.50554	0.00890	0.00821	0.00754	0.03191	0.03033	0.00572	0.06755	0.00977	0.07060	0.06266	0.01358	0.01010	0.11305	0.00662	0.00188	0.03362	0.00389	0.00332	0.00524
1	0.01069	0.01056	0.05839	0.17560	0.33127	0.01046	0.06651	0.02752	0.01058	0.04329	0.06423	0.01456	0.03733	0.00540	0.00585	0.00151	0.08609	0.00472	0.00270	0.03274
2	0.03129	0.05753	0.06217	0.03685	0.02773	0.06616	0.00711	0.01319	0.13636	0.03626	0.05671	0.03915	0.10986	0.10843	0.13927	0.00283	0.03527	0.00567	0.00334	0.02482
3	0.00748	0.00498	0.00668	0.00687	0.00766	0.00500	0.00514	0.02788	0.00948	0.02969	0.11488	0.16570	0.06876	0.09497	0.15157	0.14066	0.00515	0.13989	0.00367	0.00389
4	0.08638	0.00946	0.01501	0.18675	0.06420	0.01013	0.19653	0.10253	0.03603	0.01668	0.02593	0.04021	0.04952	0.00642	0.02241	0.00167	0.02468	0.02656	0.07313	0.00578
5	0.01295	0.01340	0.02010	0.09813	0.08192	0.16506	0.35305	0.03723	0.01148	0.07010	0.00943	0.01193	0.00724	0.00527	0.01979	0.00163	0.06782	0.00463	0.00265	0.00620
6	0.02464	0.01103	0.07776	0.04973	0.07346	0.06588	0.11296	0.07589	0.01074	0.07555	0.01168	0.01427	0.03836	0.01044	0.12162	0.04488	0.11887	0.00460	0.05189	0.00574
7	0.00654	0.00458	0.00579	0.00637	0.00708	0.00426	0.00454	0.00763	0.00975	0.03399	0.08837	0.43774	0.15724	0.10246	0.00789	0.00213	0.00306	0.10229	0.00431	0.00397
8	0.00704	0.03272	0.00706	0.00631	0.00762	0.00557	0.00478	0.00978	0.07792	0.01598	0.41011	0.08942	0.17241	0.03333	0.09663	0.00229	0.00373	0.00823	0.00449	0.00456
9	0.01178	0.28757	0.23119	0.06069	0.03708	0.13436	0.01123	0.01501	0.04930	0.01288	0.00867	0.02335	0.00735	0.00555	0.01800	0.00145	0.05991	0.01621	0.00231	0.00612
10	0.03006	0.00981	0.02968	0.07952	0.01352	0.05793	0.02664	0.06392	0.04373	0.16967	0.01587	0.01859	0.10041	0.04506	0.00869	0.00181	0.23250	0.03508	0.01170	0.00581
11	0.00777	0.00533	0.00664	0.00687	0.00765	0.00537	0.00508	0.03212	0.03164	0.03672	0.02080	0.12832	0.06296	0.33135	0.06802	0.00334	0.00470	0.22760	0.00372	0.00399
12	0.00884	0.00632	0.00753	0.00695	0.00749	0.06027	0.03862	0.04219	0.00785	0.01006	0.01109	0.02057	0.01170	0.35318	0.01860	0.37309	0.00481	0.00524	0.00254	0.00307
13	0.05951	0.04076	0.17781	0.01017	0.01265	0.08071	0.02755	0.03438	0.02163	0.02800	0.01159	0.07152	0.03042	0.08390	0.12312	0.00273	0.17055	0.00499	0.00268	0.00533
14	0.01307	0.68499	0.06386	0.00897	0.01309	0.05248	0.03664	0.01488	0.01003	0.05456	0.00744	0.00837	0.00639	0.00419	0.00334	0.00109	0.00534	0.00282	0.00225	0.00619
15	0.01072	0.00597	0.00752	0.00676	0.00862	0.00558	0.00529	0.01351	0.06917	0.21295	0.34534	0.05279	0.10159	0.00869	0.00519	0.00152	0.00293	0.05427	0.07611	0.00548
16	0.03868	0.07245	0.54358	0.03678	0.01867	0.02988	0.04635	0.02979	0.06563	0.02741	0.00955	0.02657	0.00722	0.00490	0.00467	0.00149	0.02340	0.00386	0.00241	0.00671
17	0.02891	0.08097	0.12897	0.04019	0.07866	0.02903	0.08594	0.06463	0.05377	0.06396	0.01299	0.09342	0.03060	0.05038	0.03035	0.00190	0.09498	0.02128	0.00307	0.00598
18	0.00919	0.00863	0.01452	0.69117	0.13243	0.01036	0.01298	0.01225	0.00973	0.01272	0.03579	0.01323	0.00776	0.00482	0.00474	0.00155	0.00606	0.00434	0.00223	0.00550
19	0.09763	0.00577	0.00698	0.00717	0.00858	0.00570	0.00574	0.03370	0.01109	0.06250	0.14900	0.19380	0.11647	0.01115	0.00562	0.00180	0.00340	0.26484	0.00444	0.00463
20	0.01103	0.07676	0.05151	0.17673	0.19480	0.02931	0.01066	0.08813	0.03080	0.03347	0.04993	0.01491	0.04423	0.03064	0.04281	0.00187	0.09889	0.00462	0.00284	0.00607
21	0.03589	0.02972	0.03486	0.04187	0.16793	0.00826	0.06066	0.02938	0.03406	0.10211	0.19255	0.10661	0.08528	0.00764	0.00553	0.00154	0.03976	0.00669	0.00385	0.00581
22	0.01023	0.05336	0.05516	0.02915	0.01070	0.05352	0.00692	0.02673	0.07126	0.10592	0.04638	0.19320	0.07015	0.03752	0.02716	0.04845	0.02520	0.09439	0.00385	0.03075
23	0.36371	0.02123	0.04780	0.00974	0.03740	0.01123	0.03099	0.03990	0.03743	0.01677	0.00894	0.03544	0.00804	0.02896	0.04730	0.00203	0.21914	0.02578	0.00280	0.00536
24	0.18188	0.03994	0.07691	0.03283	0.07489	0.06581	0.02517	0.03340	0.01115	0.05113	0.19125	0.02057	0.11317	0.00682	0.00484	0.00146	0.02558	0.01747	0.00355	0.02219

[dist]
# distance from previous block
# <min> <max>
1	14

[block]
# block no. 5 follows, 54 sequences, length 17
# corresponding to MSA columns:
# 550-564,578,579
name=unknown_F
#
# <colnr> <probs for GDERKNQSTAVLIFYWHMCP>
#	G	D	E	R	K	N	Q	S	T	A	V	L	I	F	Y	W	H	M	C	P
0	0.04146	0.02700	0.02952	0.08770	0.05976	0.02781	0.05108	0.05507	0.09045	0.04808	0.04456	0.18952	0.12572	0.01097	0.07684	0.00214	0.00499	0.01824	0.00370	0.00539
1	0.00869	0.00704	0.00957	0.16436	0.04925	0.00775	0.00759	0.03879	0.07923	0.04111	0.08421	0.17364	0.14748	0.02962	0.00671	0.00177	0.07663	0.05771	0.00377	0.00507
2	0.03622	0.03025	0.04091	0.06188	0.33055	0.07367	0.09748	0.13503	0.08031	0.03049	0.01109	0.01273	0.02817	0.00490	0.00469	0.00144	0.00576	0.00442	0.00302	0.00697
3	0.05520	0.03401	0.16501	0.06277	0.25150	0.04677	0.09545	0.08317	0.02451	0.03940	0.01055	0.01312	0.02653	0.00502	0.00492	0.00147	0.02700	0.02518	0.00275	0.02568
4	0.01103	0.09469	0.01432	0.02996	0.01330	0.07461	0.14611	0.11545	0.01107	0.02988	0.03047	0.01567	0.04159	0.04297	0.19558	0.09190	0.02847	0.00481	0.00288	0.00524
5	0.00711	0.00549	0.00740	0.04278	0.04589	0.00549	0.00625	0.00947	0.06473	0.01372	0.06650	0.37575	0.09586	0.01227	0.00589	0.00187	0.00347	0.22130	0.00425	0.00450
6	0.01160	0.01134	0.05902	0.13089	0.35629	0.03089	0.07031	0.09579	0.02227	0.02800	0.01074	0.01408	0.02172	0.01890	0.00546	0.00153	0.03633	0.02590	0.04230	0.00662
7	0.04493	0.24218	0.22565	0.08313	0.07478	0.02278	0.02799	0.03376	0.03478	0.01450	0.07873	0.03967	0.03672	0.01600	0.00451	0.00141	0.00531	0.00442	0.00268	0.00607
8	0.00643	0.00457	0.00613	0.00698	0.00753	0.00446	0.00514	0.00753	0.00919	0.01217	0.02420	0.45772	0.05696	0.08133	0.07154	0.02407	0.00408	0.20204	0.00404	0.00387
9	0.01161	0.01098	0.11222	0.03814	0.01250	0.05526	0.00818	0.13718	0.11947	0.08643	0.04450	0.10015	0.01399	0.12771	0.05701	0.00236	0.04692	0.00579	0.00370	0.00588
10	0.11676	0.06706	0.23104	0.02558	0.07709	0.06464	0.06865	0.03445	0.05102	0.01568	0.05928	0.04126	0.03738	0.00642	0.01863	0.00161	0.04454	0.03004	0.00285	0.00602
11	0.01097	0.01185	0.04344	0.01529	0.01885	0.06399	0.45935	0.04507	0.02279	0.03520	0.01444	0.10694	0.07166	0.00626	0.00597	0.00161	0.05104	0.00640	0.00296	0.00591
12	0.00723	0.00513	0.00714	0.00679	0.00720	0.00535	0.04162	0.00756	0.00731	0.00996	0.01403	0.09868	0.01541	0.43604	0.16358	0.12150	0.03275	0.00661	0.00278	0.00332
13	0.00900	0.00817	0.01154	0.20516	0.01622	0.07177	0.08251	0.01136	0.03065	0.03153	0.01273	0.11221	0.01200	0.04637	0.29462	0.00384	0.02692	0.00577	0.00277	0.00487
14	0.48676	0.00965	0.04005	0.00839	0.01185	0.00953	0.07541	0.01695	0.01014	0.27423	0.01078	0.01090	0.00744	0.00482	0.00380	0.00147	0.00427	0.00356	0.00378	0.00623
15	0.01460	0.00928	0.01054	0.00897	0.01154	0.08951	0.03817	0.07111	0.11151	0.30003	0.06822	0.09670	0.02678	0.03442	0.00562	0.00164	0.00440	0.06015	0.03039	0.00641
16	0.00759	0.00575	0.00738	0.00700	0.00840	0.00547	0.04556	0.02870	0.06517	0.04358	0.10568	0.22330	0.26466	0.10378	0.00770	0.00202	0.00333	0.05614	0.00427	0.00450

[dist]
# distance from previous block
# <min> <max>
0	6

[block]
# block no. 6 follows, 54 sequences, length 8
# corresponding to MSA columns:
# 586-590,596-598
name=unknown_G
#
# <colnr> <probs for GDERKNQSTAVLIFYWHMCP>
#	G	D	E	R	K	N	Q	S	T	A	V	L	I	F	Y	W	H	M	C	P
0	0.00797	0.00551	0.00671	0.05599	0.00870	0.00533	0.00478	0.05032	0.01072	0.06682	0.15192	0.16523	0.23204	0.19558	0.00963	0.00228	0.00341	0.00859	0.00414	0.00434
1	0.15808	0.08532	0.04770	0.00962	0.04810	0.01058	0.00787	0.19545	0.01371	0.31269	0.01334	0.05590	0.00983	0.00573	0.00433	0.00143	0.00445	0.00445	0.00434	0.00706
2	0.00712	0.00552	0.00793	0.00771	0.00835	0.00658	0.00590	0.00849	0.00743	0.01072	0.01229	0.01949	0.01200	0.15034	0.61621	0.00656	0.09547	0.00522	0.00253	0.00411
3	0.01239	0.78140	0.07855	0.00844	0.01267	0.01813	0.00871	0.01417	0.00961	0.01136	0.00669	0.00773	0.00605	0.00406	0.00313	0.00104	0.00517	0.00259	0.00202	0.00611
4	0.01112	0.01780	0.45868	0.06317	0.07559	0.01008	0.06378	0.01561	0.03146	0.10572	0.00999	0.01130	0.00716	0.00455	0.00451	0.00141	0.00611	0.00383	0.00265	0.09548
5	0.48036	0.01032	0.09114	0.00765	0.01107	0.00950	0.00693	0.05080	0.01053	0.20516	0.06691	0.01201	0.00969	0.00517	0.00378	0.00146	0.00404	0.00367	0.00375	0.00607
6	0.00606	0.00455	0.00558	0.00621	0.00702	0.00417	0.00450	0.00720	0.00987	0.01269	0.06827	0.40013	0.26238	0.06273	0.00701	0.00199	0.00294	0.11843	0.00432	0.00392
7	0.01033	0.00883	0.05779	0.00854	0.01044	0.08972	0.03979	0.06321	0.01149	0.10884	0.07068	0.35920	0.05264	0.01010	0.00535	0.00166	0.00414	0.04449	0.03759	0.00517

[dist]
# distance from previous block
# <min> <max>
2	5

[block]
# block no. 7 follows, 54 sequences, length 8
# corresponding to MSA columns:
# 626-633
name=unknown_H
#
# <colnr> <probs for GDERKNQSTAVLIFYWHMCP>
#	G	D	E	R	K	N	Q	S	T	A	V	L	I	F	Y	W	H	M	C	P
0	0.08581	0.10094	0.07955	0.07826	0.05348	0.07983	0.03137	0.03623	0.07177	0.20772	0.01325	0.01496	0.03111	0.00573	0.00491	0.00147	0.04112	0.03971	0.01634	0.00645
1	0.03542	0.19812	0.08005	0.00868	0.01155	0.01060	0.04440	0.01485	0.17098	0.04635	0.20844	0.02021	0.04522	0.03039	0.00539	0.00152	0.02482	0.01914	0.01805	0.00584
2	0.00591	0.00420	0.00555	0.00657	0.00687	0.00396	0.00443	0.00674	0.00897	0.01194	0.02518	0.73925	0.03004	0.07020	0.00726	0.00211	0.00294	0.04983	0.00427	0.00379
3	0.05342	0.00922	0.01282	0.00975	0.01340	0.00864	0.09186	0.13613	0.01418	0.50431	0.05427	0.01534	0.01181	0.00565	0.00475	0.00144	0.00450	0.00478	0.00503	0.03871
4	0.12816	0.08057	0.01238	0.00919	0.01236	0.17193	0.02426	0.13344	0.04288	0.25171	0.01422	0.01384	0.05723	0.00562	0.00430	0.00138	0.00507	0.00421	0.02067	0.00659
5	0.01589	0.00746	0.01015	0.00900	0.05924	0.00678	0.00671	0.05444	0.01369	0.47592	0.26258	0.02155	0.02150	0.00692	0.00499	0.00146	0.00361	0.00587	0.00537	0.00687
6	0.00588	0.00451	0.00531	0.00569	0.00661	0.00402	0.00400	0.00703	0.01030	0.01327	0.15760	0.35560	0.33906	0.05074	0.00660	0.00184	0.00260	0.01095	0.00444	0.00394
7	0.00863	0.00429	0.00633	0.00629	0.00649	0.00421	0.00426	0.00701	0.00675	0.04827	0.01018	0.08221	0.01027	0.01572	0.01672	0.74856	0.00398	0.00490	0.00243	0.00249

[dist]
# distance from previous block
# <min> <max>
0	2

[block]
# block no. 8 follows, 54 sequences, length 6
# corresponding to MSA columns:
# 636-641
name=unknown_I
#
# <colnr> <probs for GDERKNQSTAVLIFYWHMCP>
#	G	D	E	R	K	N	Q	S	T	A	V	L	I	F	Y	W	H	M	C	P
0	0.01052	0.01021	0.01432	0.64676	0.06893	0.08704	0.01249	0.06914	0.01079	0.01345	0.00852	0.01205	0.00645	0.00477	0.00467	0.00152	0.00638	0.00409	0.00233	0.00557
1	0.01416	0.01662	0.01289	0.14643	0.06788	0.48476	0.00953	0.01680	0.07898	0.01262	0.01036	0.08807	0.00929	0.00586	0.00457	0.00138	0.00699	0.00448	0.00275	0.00557
2	0.00639	0.00458	0.00569	0.00593	0.00663	0.00433	0.00414	0.00733	0.00960	0.01274	0.17972	0.22995	0.18309	0.17142	0.06261	0.05726	0.00370	0.03717	0.00398	0.00373
3	0.00683	0.00463	0.00598	0.00605	0.00642	0.00481	0.00405	0.00720	0.00737	0.00997	0.01620	0.08018	0.06523	0.38910	0.25227	0.11434	0.00660	0.00662	0.00286	0.00329
4	0.13853	0.01185	0.04220	0.03135	0.07885	0.09988	0.05165	0.24058	0.01394	0.07225	0.05025	0.03130	0.01114	0.06587	0.00598	0.00169	0.00526	0.03752	0.00365	0.00628
5	0.13090	0.07725	0.07460	0.07871	0.09018	0.08683	0.07094	0.08787	0.01144	0.08854	0.01148	0.06993	0.01003	0.02937	0.00526	0.00158	0.02023	0.04564	0.00316	0.00604

[dist]
# distance from previous block
# <min> <max>
5	105

[block]
# block no. 9 follows, 54 sequences, length 29
# corresponding to MSA columns:
# 751-779
name=unknown_J
#
# <colnr> <probs for GDERKNQSTAVLIFYWHMCP>
#	G	D	E	R	K	N	Q	S	T	A	V	L	I	F	Y	W	H	M	C	P
0	0.02564	0.01261	0.23629	0.21315	0.06544	0.00930	0.04044	0.01391	0.06676	0.06416	0.04653	0.04940	0.03968	0.00697	0.02946	0.02494	0.00568	0.01438	0.00291	0.03236
1	0.06836	0.05264	0.02428	0.02652	0.10686	0.04776	0.10472	0.07704	0.03786	0.13157	0.03532	0.04093	0.03480	0.00617	0.00672	0.00156	0.16208	0.00481	0.00332	0.02670
2	0.00727	0.00466	0.00606	0.00642	0.00729	0.00425	0.00454	0.00851	0.01050	0.08298	0.19236	0.51709	0.10490	0.01264	0.00577	0.00175	0.00271	0.01129	0.00468	0.00434
3	0.01346	0.04414	0.28941	0.01177	0.01624	0.06581	0.10279	0.03371	0.03323	0.22760	0.04010	0.05355	0.01053	0.00568	0.00507	0.00150	0.03040	0.00476	0.00347	0.00678
4	0.01306	0.02040	0.03741	0.14497	0.09655	0.02183	0.03857	0.05692	0.05046	0.24958	0.01689	0.14886	0.03773	0.00728	0.00503	0.00158	0.00469	0.03780	0.00404	0.00636
5	0.00681	0.00482	0.00613	0.00661	0.00759	0.00447	0.00498	0.00839	0.02022	0.03998	0.15895	0.35282	0.18590	0.01261	0.00589	0.00181	0.00295	0.16025	0.00456	0.00425
6	0.00934	0.00564	0.00721	0.00654	0.00814	0.00523	0.00499	0.02993	0.03619	0.14900	0.51136	0.10205	0.08680	0.00943	0.00542	0.00153	0.00269	0.00823	0.00515	0.00513
7	0.07150	0.01181	0.15279	0.18657	0.06600	0.02542	0.01052	0.09688	0.03532	0.15140	0.04458	0.02710	0.03817	0.00668	0.03156	0.00171	0.02760	0.00462	0.00341	0.00638
8	0.00687	0.00491	0.00714	0.00714	0.00780	0.00558	0.00535	0.00803	0.00737	0.01049	0.01258	0.01984	0.01222	0.14072	0.64732	0.07415	0.01088	0.00522	0.00253	0.00386
9	0.00795	0.00545	0.00683	0.00667	0.00813	0.00512	0.00530	0.01049	0.05230	0.07319	0.37915	0.03900	0.19271	0.01042	0.00568	0.00166	0.00293	0.17742	0.00486	0.00474
10	0.00874	0.00814	0.01367	0.77284	0.03094	0.01012	0.01260	0.01176	0.00937	0.01202	0.00911	0.04133	0.00730	0.00588	0.02623	0.00174	0.00633	0.00454	0.00219	0.00516
11	0.03979	0.00972	0.01543	0.28496	0.23310	0.01055	0.07247	0.09151	0.01136	0.07953	0.01068	0.03950	0.00875	0.02766	0.00561	0.00162	0.02817	0.02039	0.00291	0.00630
12	0.01151	0.01491	0.20466	0.01477	0.01933	0.03686	0.33756	0.11000	0.10514	0.01756	0.07017	0.01404	0.01061	0.00504	0.00508	0.00153	0.00647	0.00503	0.00307	0.00666
13	0.00808	0.00563	0.00716	0.00759	0.03724	0.00538	0.00547	0.05127	0.02724	0.06171	0.17701	0.29407	0.15919	0.01135	0.00565	0.00172	0.00310	0.10612	0.02031	0.00473
14	0.05624	0.01028	0.04123	0.03627	0.09082	0.04299	0.14088	0.10976	0.04878	0.06881	0.05815	0.08018	0.02905	0.03483	0.06327	0.00209	0.05012	0.02681	0.00344	0.00598
15	0.03486	0.06919	0.11121	0.08000	0.04216	0.00921	0.03132	0.05081	0.01016	0.02739	0.06984	0.04502	0.02770	0.02713	0.11713	0.00240	0.08792	0.03737	0.11385	0.00534
16	0.00612	0.00455	0.00636	0.00695	0.00749	0.00427	0.03311	0.00712	0.00925	0.01231	0.05302	0.65853	0.05951	0.06814	0.00718	0.00206	0.00308	0.04282	0.00423	0.00391
17	0.01376	0.40193	0.15133	0.00986	0.01419	0.03524	0.00981	0.21220	0.05635	0.04087	0.00916	0.00975	0.00717	0.00473	0.00388	0.00124	0.00538	0.00335	0.00298	0.00683
18	0.03843	0.01178	0.06658	0.05704	0.19442	0.06181	0.06797	0.16700	0.04272	0.12601	0.01265	0.08973	0.01053	0.02562	0.00526	0.00156	0.00537	0.00519	0.00357	0.00677
19	0.02657	0.03648	0.00767	0.00720	0.00864	0.00658	0.00549	0.01200	0.18307	0.02817	0.12148	0.29420	0.13898	0.01093	0.00549	0.00172	0.00314	0.09275	0.00447	0.00496
20	0.01457	0.23510	0.05454	0.01079	0.04718	0.11931	0.02298	0.25074	0.06004	0.04133	0.00961	0.01026	0.00747	0.00480	0.00409	0.00123	0.00545	0.00354	0.00326	0.09371
21	0.07281	0.21621	0.08144	0.10063	0.11960	0.03801	0.00970	0.10399	0.05538	0.01577	0.03290	0.05526	0.00966	0.02777	0.00500	0.00146	0.02605	0.00430	0.00287	0.02119
22	0.01115	0.14819	0.36156	0.07769	0.03220	0.07184	0.04752	0.02739	0.01048	0.05670	0.01066	0.03428	0.03647	0.00558	0.01627	0.00150	0.02211	0.00408	0.00249	0.02185
23	0.05175	0.14249	0.22918	0.01201	0.05945	0.03500	0.08025	0.05456	0.06894	0.13438	0.06124	0.01294	0.01017	0.00516	0.00465	0.00142	0.02225	0.00420	0.00322	0.00672
24	0.00647	0.00465	0.00565	0.00604	0.00689	0.00427	0.00432	0.00758	0.00993	0.03007	0.11399	0.31826	0.24412	0.13094	0.00845	0.00218	0.00303	0.08494	0.00427	0.00394
25	0.02938	0.00597	0.00741	0.00751	0.02332	0.02912	0.02666	0.00976	0.02246	0.07468	0.08656	0.33520	0.09178	0.12277	0.00807	0.00211	0.00359	0.08007	0.00412	0.02949
26	0.01157	0.03045	0.02701	0.05668	0.05662	0.03241	0.06102	0.17991	0.10325	0.06354	0.02834	0.21490	0.02730	0.02872	0.00587	0.01795	0.00460	0.03991	0.00397	0.00598
27	0.34101	0.01087	0.05829	0.06008	0.11257	0.03680	0.07240	0.06274	0.05729	0.04164	0.03367	0.03233	0.00874	0.00606	0.02914	0.00168	0.02158	0.00408	0.00307	0.00596
28	0.21670	0.01162	0.01204	0.06077	0.08171	0.15487	0.05927	0.07359	0.01132	0.04591	0.02995	0.05198	0.00922	0.00529	0.00419	0.00134	0.00518	0.02077	0.00308	0.14120

[dist]
# distance from previous block
# <min> <max>
6	137

# created by:
# /st0/software/busco_prod/Augustus/scripts/msa2prfl.pl ./align_prep/1428265.fa
