[name]
unknown

[dist]
# distance from previous block
# <min> <max>
0	58

[block]
# block no. 0 follows, 61 sequences, length 60
# corresponding to MSA columns:
# 78-137
name=unknown_A
#
# <colnr> <probs for GDERKNQSTAVLIFYWHMCP>
#	G	D	E	R	K	N	Q	S	T	A	V	L	I	F	Y	W	H	M	C	P
0	0.00706	0.00509	0.00703	0.00796	0.00899	0.00513	0.00694	0.00935	0.03459	0.01305	0.02265	0.04759	0.02443	0.01171	0.00590	0.00197	0.00395	0.76858	0.00398	0.00405
1	0.00626	0.00418	0.00470	0.00470	0.00470	0.00418	0.00261	0.00626	0.00626	0.00835	0.01357	0.02819	0.01566	0.84862	0.02192	0.00418	0.00418	0.00626	0.00261	0.00261
2	0.00734	0.00545	0.00670	0.06016	0.00870	0.00541	0.00492	0.05955	0.05713	0.04562	0.32482	0.07779	0.23394	0.02882	0.05272	0.00179	0.00325	0.00737	0.00411	0.00441
3	0.00624	0.00468	0.00622	0.00659	0.00729	0.00452	0.02890	0.05890	0.02399	0.01246	0.04399	0.69172	0.06344	0.01227	0.00536	0.00168	0.00278	0.01108	0.00399	0.00390
4	0.01328	0.00821	0.00950	0.00780	0.01038	0.00850	0.00626	0.23861	0.16600	0.22717	0.17833	0.01830	0.04649	0.00628	0.00447	0.00134	0.00348	0.00517	0.03411	0.00632
5	0.04110	0.01373	0.34241	0.02793	0.10552	0.00894	0.08367	0.01300	0.09466	0.01402	0.04465	0.11519	0.03032	0.00595	0.00467	0.00145	0.02294	0.02145	0.00267	0.00573
6	0.00572	0.00431	0.00533	0.00577	0.00667	0.00395	0.00437	0.00703	0.00969	0.01258	0.16150	0.27858	0.27399	0.02897	0.00574	0.00169	0.00267	0.17363	0.00409	0.00371
7	0.01106	0.01358	0.26590	0.06676	0.19325	0.03119	0.05131	0.08037	0.06497	0.09736	0.05653	0.01216	0.00907	0.00471	0.00452	0.00136	0.02271	0.00402	0.00283	0.00634
8	0.01166	0.63204	0.01997	0.00817	0.01125	0.02967	0.02247	0.01305	0.00874	0.06339	0.00687	0.00811	0.00604	0.00506	0.02607	0.00125	0.11584	0.00275	0.00210	0.00549
9	0.00982	0.03797	0.00966	0.02716	0.04376	0.04251	0.02793	0.03062	0.34785	0.06799	0.07739	0.19217	0.05185	0.00754	0.00463	0.00146	0.00355	0.00653	0.00398	0.00563
10	0.00584	0.00437	0.00543	0.00536	0.00637	0.00401	0.00395	0.00766	0.02513	0.01516	0.52414	0.16563	0.19116	0.00993	0.00514	0.00144	0.00216	0.00872	0.00447	0.00394
11	0.00961	0.00879	0.01520	0.48325	0.06631	0.00968	0.16744	0.04697	0.00964	0.04878	0.00838	0.01133	0.00629	0.00422	0.00458	0.00137	0.02307	0.00401	0.00228	0.06880
12	0.00553	0.00439	0.00499	0.00502	0.00622	0.00388	0.00375	0.00703	0.02034	0.01331	0.26266	0.12155	0.47701	0.01055	0.00515	0.00148	0.00225	0.03690	0.00422	0.00380
13	0.01091	0.00992	0.09335	0.01089	0.09999	0.01812	0.07895	0.03975	0.01847	0.13234	0.01019	0.04691	0.00831	0.00468	0.00461	0.00114	0.05552	0.01818	0.00293	0.33484
14	0.00978	0.00802	0.00929	0.00670	0.01049	0.00639	0.00539	0.07793	0.00996	0.03250	0.00808	0.00917	0.00655	0.00340	0.00331	0.00071	0.00333	0.00270	0.00276	0.78354
15	0.01013	0.05030	0.10943	0.04303	0.09198	0.00908	0.04318	0.05791	0.00879	0.07340	0.00826	0.01099	0.00688	0.00802	0.03817	0.18204	0.16250	0.00366	0.00239	0.07985
16	0.00974	0.21701	0.03529	0.01040	0.05728	0.06374	0.14927	0.01899	0.05621	0.04034	0.01357	0.23913	0.02193	0.02162	0.00472	0.00142	0.00464	0.02665	0.00291	0.00513
17	0.00600	0.00406	0.00478	0.00504	0.00510	0.00400	0.00297	0.00619	0.00678	0.00905	0.01624	0.24278	0.01903	0.62943	0.01761	0.00354	0.00374	0.00783	0.00297	0.00284
18	0.15571	0.04351	0.07279	0.02810	0.06410	0.13100	0.03665	0.19499	0.03365	0.09659	0.00903	0.01022	0.00688	0.02125	0.00517	0.02230	0.05564	0.00350	0.00305	0.00588
19	0.00850	0.00867	0.07058	0.18739	0.21595	0.00847	0.03542	0.02721	0.00935	0.02101	0.07258	0.15002	0.05169	0.00679	0.00565	0.00149	0.09170	0.01960	0.00274	0.00518
20	0.01024	0.15089	0.02840	0.10114	0.17707	0.05706	0.00831	0.02886	0.00949	0.03481	0.00855	0.04832	0.00745	0.00486	0.02281	0.00117	0.00463	0.00351	0.00242	0.29001
21	0.00861	0.00665	0.00810	0.02532	0.02490	0.00670	0.02214	0.14542	0.10033	0.02521	0.01886	0.36441	0.07136	0.05949	0.00583	0.00163	0.00336	0.00789	0.00377	0.09002
22	0.01131	0.02908	0.18262	0.01132	0.08901	0.17708	0.06390	0.04212	0.02089	0.09827	0.06139	0.05337	0.07537	0.02096	0.00464	0.00134	0.00523	0.00465	0.00295	0.04451
23	0.01053	0.38763	0.12827	0.02667	0.02742	0.01285	0.08529	0.06266	0.07269	0.01338	0.06077	0.01121	0.02565	0.00453	0.00383	0.00116	0.01725	0.00357	0.00249	0.04212
24	0.01686	0.00770	0.00983	0.00778	0.01082	0.00720	0.00640	0.12904	0.04314	0.57798	0.05150	0.01750	0.04920	0.00601	0.00446	0.00137	0.00368	0.03764	0.00501	0.00686
25	0.00525	0.00425	0.00467	0.00482	0.00598	0.00366	0.00351	0.00640	0.00982	0.01224	0.13928	0.19600	0.56681	0.01114	0.00517	0.00150	0.00222	0.00954	0.00409	0.00366
26	0.01069	0.01043	0.15071	0.04659	0.16800	0.00853	0.00935	0.07657	0.13052	0.12327	0.04988	0.07099	0.05536	0.00667	0.01905	0.00152	0.00447	0.04791	0.00344	0.00605
27	0.09675	0.30196	0.14229	0.00998	0.06315	0.02522	0.03038	0.06303	0.04470	0.07725	0.02056	0.00982	0.00711	0.01987	0.00470	0.00129	0.07029	0.00326	0.00255	0.00582
28	0.01056	0.01562	0.37433	0.06306	0.02873	0.10081	0.07180	0.02864	0.04015	0.09699	0.08902	0.01323	0.02036	0.02232	0.00468	0.00140	0.00559	0.00411	0.00273	0.00587
29	0.00541	0.00398	0.00476	0.00535	0.00604	0.00359	0.00371	0.00638	0.00890	0.01172	0.05365	0.51899	0.27148	0.01200	0.00520	0.00160	0.00236	0.01060	0.06070	0.00359
30	0.01420	0.03825	0.11314	0.02486	0.06724	0.59289	0.04234	0.01601	0.01132	0.01128	0.00694	0.00835	0.00567	0.00438	0.00421	0.00119	0.02726	0.00302	0.00214	0.00532
31	0.05025	0.01159	0.14431	0.12809	0.24930	0.04437	0.08437	0.03146	0.07242	0.05711	0.01039	0.06643	0.00869	0.00498	0.00435	0.00138	0.00522	0.01667	0.00263	0.00598
32	0.00971	0.00922	0.01563	0.12750	0.57541	0.00942	0.04502	0.01238	0.02675	0.01353	0.02546	0.07398	0.02712	0.00490	0.00443	0.00135	0.00493	0.00473	0.00238	0.00615
33	0.00594	0.00422	0.00563	0.00592	0.00628	0.00445	0.00406	0.00674	0.00707	0.00973	0.01565	0.25350	0.01739	0.30140	0.32742	0.00455	0.00652	0.00731	0.00288	0.00333
34	0.01603	0.00677	0.00891	0.00720	0.00989	0.00609	0.00579	0.05944	0.01201	0.58689	0.05481	0.11235	0.01400	0.00641	0.00440	0.00135	0.00338	0.00537	0.07244	0.00647
35	0.01527	0.17301	0.01416	0.01033	0.01290	0.62794	0.00814	0.06797	0.01210	0.01155	0.00678	0.00778	0.00566	0.00435	0.00371	0.00109	0.00699	0.00276	0.00229	0.00524
36	0.01035	0.00992	0.01693	0.12588	0.72473	0.01015	0.01307	0.01295	0.00966	0.01370	0.00805	0.01076	0.00669	0.00390	0.00427	0.00130	0.00519	0.00384	0.00211	0.00657
37	0.00584	0.00437	0.00542	0.00520	0.00629	0.00395	0.00388	0.00761	0.01151	0.01578	0.61597	0.06463	0.21477	0.00945	0.00510	0.00139	0.00208	0.00825	0.00455	0.00395
38	0.00558	0.00425	0.00514	0.00521	0.00620	0.00381	0.00380	0.00701	0.01047	0.01393	0.37702	0.21388	0.29627	0.01083	0.01547	0.00154	0.00230	0.00916	0.00430	0.00380
39	0.00965	0.00750	0.01120	0.00898	0.01126	0.00741	0.11462	0.01140	0.00888	0.11805	0.02746	0.12809	0.01109	0.00914	0.10012	0.00194	0.14883	0.00503	0.00297	0.25638
40	0.09184	0.14984	0.06395	0.02899	0.11312	0.39752	0.00898	0.07428	0.01126	0.01314	0.00703	0.00827	0.00575	0.00424	0.00370	0.00116	0.00618	0.00292	0.00231	0.00553
41	0.00583	0.00438	0.00574	0.00627	0.03673	0.00404	0.00428	0.00731	0.01039	0.01419	0.40471	0.32062	0.13833	0.01056	0.00520	0.00150	0.00233	0.00939	0.00428	0.00391
42	0.87904	0.00833	0.00633	0.00566	0.00833	0.00966	0.00467	0.01266	0.00733	0.01933	0.00600	0.00700	0.00467	0.00400	0.00267	0.00133	0.00333	0.00233	0.00267	0.00467
43	0.00536	0.00383	0.00511	0.00600	0.00633	0.00358	0.00407	0.00624	0.00860	0.01155	0.08771	0.76161	0.02938	0.01308	0.00548	0.00172	0.00250	0.03026	0.00406	0.00356
44	0.00843	0.00426	0.00456	0.00439	0.00550	0.00416	0.00329	0.01031	0.00938	0.06530	0.07992	0.01832	0.02966	0.04290	0.00414	0.00120	0.00221	0.00454	0.69338	0.00415
45	0.00529	0.00430	0.00469	0.00476	0.00598	0.00370	0.00351	0.00651	0.01005	0.01258	0.18122	0.13892	0.58177	0.01085	0.00514	0.00147	0.00219	0.00925	0.00413	0.00370
46	0.05979	0.00756	0.00841	0.00701	0.00938	0.00787	0.00562	0.20509	0.10472	0.19795	0.04214	0.01552	0.04481	0.00625	0.02554	0.00140	0.00352	0.00441	0.23714	0.00588
47	0.00644	0.00428	0.00542	0.00574	0.00654	0.00391	0.00408	0.00753	0.00941	0.06523	0.16845	0.42964	0.15338	0.06754	0.00640	0.00178	0.00262	0.04366	0.00412	0.00383
48	0.00673	0.00502	0.00712	0.02182	0.03340	0.00571	0.00518	0.00746	0.00683	0.00961	0.01193	0.09383	0.01246	0.21451	0.35808	0.10276	0.08614	0.00548	0.00243	0.00350
49	0.01144	0.75066	0.03362	0.06176	0.01247	0.01631	0.00783	0.04410	0.00920	0.01091	0.00630	0.00738	0.00561	0.00379	0.00295	0.00098	0.00471	0.00248	0.00194	0.00556
50	0.00527	0.00416	0.00472	0.00502	0.00600	0.00364	0.00358	0.00631	0.00943	0.01188	0.11076	0.31084	0.45957	0.03165	0.00563	0.00161	0.00232	0.00996	0.00404	0.00361
51	0.00822	0.00685	0.00857	0.05484	0.07851	0.02421	0.02117	0.02908	0.22592	0.01464	0.11675	0.26023	0.05039	0.00826	0.00483	0.00148	0.01324	0.00727	0.06050	0.00502
52	0.01192	0.09534	0.09388	0.02993	0.29503	0.03361	0.01035	0.21681	0.07733	0.01673	0.00907	0.01054	0.00716	0.00505	0.00498	0.04925	0.02017	0.00368	0.00279	0.00638
53	0.00868	0.00538	0.00664	0.02174	0.00809	0.00511	0.00483	0.04544	0.05181	0.15103	0.13976	0.24746	0.20634	0.00997	0.01751	0.00159	0.00295	0.03950	0.02153	0.00466
54	0.18128	0.04118	0.26034	0.01072	0.06444	0.04505	0.03271	0.20189	0.03649	0.01812	0.06123	0.01075	0.00840	0.00466	0.00393	0.00132	0.00496	0.00358	0.00289	0.00605
55	0.10044	0.42856	0.31106	0.00893	0.01342	0.01324	0.01009	0.01321	0.00888	0.02944	0.02397	0.00840	0.00626	0.00401	0.00332	0.00114	0.00504	0.00278	0.00205	0.00575
56	0.50512	0.00934	0.00865	0.00712	0.01002	0.01044	0.00584	0.27419	0.01186	0.05996	0.00827	0.00908	0.00619	0.02107	0.00368	0.00136	0.00380	0.00305	0.01856	0.02240
57	0.00786	0.00570	0.00818	0.00874	0.09082	0.00586	0.03066	0.03723	0.00854	0.06442	0.03129	0.15277	0.06002	0.19305	0.23893	0.00359	0.02226	0.02278	0.00306	0.00426
58	0.06238	0.00459	0.00489	0.00483	0.00617	0.00413	0.00361	0.00708	0.01014	0.01350	0.23371	0.09390	0.51588	0.01012	0.00496	0.00144	0.00224	0.00855	0.00410	0.00380
59	0.16753	0.00620	0.00770	0.04452	0.10340	0.00677	0.00564	0.00934	0.03774	0.01246	0.02580	0.20962	0.01467	0.23442	0.04833	0.00249	0.05002	0.00630	0.00290	0.00414

[dist]
# distance from previous block
# <min> <max>
0	11

[block]
# block no. 1 follows, 61 sequences, length 33
# corresponding to MSA columns:
# 149-181
name=unknown_B
#
# <colnr> <probs for GDERKNQSTAVLIFYWHMCP>
#	G	D	E	R	K	N	Q	S	T	A	V	L	I	F	Y	W	H	M	C	P
0	0.68267	0.00927	0.00796	0.00679	0.00954	0.04278	0.02929	0.11386	0.00940	0.01974	0.03099	0.00835	0.00617	0.00430	0.00307	0.00132	0.00377	0.00279	0.00290	0.00503
1	0.07165	0.54451	0.08953	0.00835	0.01199	0.06163	0.02611	0.03140	0.09633	0.01240	0.00759	0.00833	0.00635	0.00405	0.00320	0.00108	0.00479	0.00278	0.00225	0.00570
2	0.84988	0.00846	0.00655	0.00581	0.00850	0.00979	0.00478	0.03953	0.00777	0.01959	0.00614	0.00711	0.00475	0.00404	0.00272	0.00133	0.00338	0.00238	0.00272	0.00475
3	0.17042	0.02402	0.00829	0.00685	0.00915	0.00719	0.00547	0.09291	0.01085	0.31189	0.01539	0.16820	0.03007	0.00671	0.00433	0.00138	0.02350	0.00542	0.09234	0.00562
4	0.01107	0.00789	0.00920	0.00780	0.00991	0.00833	0.00620	0.30303	0.05189	0.06515	0.18739	0.12467	0.01839	0.00844	0.04093	0.00162	0.03214	0.03168	0.02170	0.05256
5	0.01006	0.01033	0.01166	0.08427	0.01282	0.15448	0.03499	0.01267	0.10768	0.01138	0.00928	0.01235	0.02329	0.03443	0.10696	0.01977	0.33232	0.00406	0.00238	0.00482
6	0.00924	0.00665	0.00815	0.00739	0.00893	0.00734	0.00576	0.01413	0.26092	0.10022	0.20783	0.02085	0.03521	0.04497	0.14792	0.00250	0.07100	0.01642	0.01937	0.00521
7	0.01145	0.04627	0.06209	0.15724	0.29562	0.20005	0.01077	0.01453	0.07547	0.02874	0.00888	0.01070	0.01601	0.00438	0.00427	0.00127	0.01947	0.00361	0.00236	0.02683
8	0.00643	0.00464	0.00590	0.00553	0.00666	0.00434	0.00416	0.00881	0.04415	0.02970	0.72841	0.03181	0.08558	0.00876	0.00504	0.00136	0.00212	0.00770	0.00469	0.00420
9	0.03483	0.03066	0.21055	0.04600	0.08824	0.03118	0.02946	0.07266	0.10789	0.01466	0.05058	0.02564	0.03339	0.00611	0.02173	0.00154	0.14990	0.00422	0.03506	0.00569
10	0.00627	0.00417	0.00476	0.00477	0.00487	0.00414	0.00276	0.00649	0.00681	0.00927	0.06975	0.05172	0.01763	0.74225	0.01974	0.00382	0.00392	0.00648	0.02759	0.00278
11	0.00862	0.00926	0.08667	0.67406	0.02676	0.00989	0.01188	0.03959	0.04683	0.01212	0.00817	0.01139	0.00612	0.00447	0.00454	0.00144	0.02714	0.00382	0.00210	0.00511
12	0.00681	0.00461	0.00616	0.00648	0.00729	0.00463	0.00487	0.02851	0.00883	0.04932	0.05206	0.33379	0.05822	0.06155	0.20165	0.00306	0.00502	0.13046	0.02275	0.00392
13	0.00580	0.00441	0.00536	0.00534	0.00640	0.00401	0.00397	0.00757	0.02544	0.01466	0.44596	0.14668	0.26270	0.01010	0.00516	0.00146	0.00223	0.03445	0.00439	0.00391
14	0.00659	0.00451	0.00592	0.00578	0.00682	0.00417	0.00440	0.00845	0.01151	0.04838	0.60743	0.11638	0.05889	0.00950	0.00518	0.00146	0.00234	0.08359	0.00459	0.00412
15	0.00638	0.00413	0.00479	0.00479	0.00479	0.00413	0.00272	0.00620	0.00620	0.00827	0.01299	0.02675	0.01488	0.76922	0.02144	0.08708	0.00413	0.00602	0.00254	0.00254
16	0.00934	0.00825	0.01316	0.64103	0.08143	0.01002	0.01143	0.06665	0.00949	0.03896	0.00804	0.01131	0.00608	0.00459	0.00498	0.00144	0.06258	0.00384	0.00221	0.00518
17	0.00893	0.00766	0.00893	0.00638	0.01021	0.00574	0.00510	0.01085	0.00893	0.01404	0.00766	0.00893	0.00638	0.00319	0.00319	0.00064	0.00319	0.00255	0.00255	0.87495
18	0.00696	0.00482	0.00565	0.00573	0.02169	0.00491	0.00351	0.05920	0.00753	0.01008	0.01420	0.08369	0.01598	0.66664	0.04297	0.00377	0.00433	0.03234	0.00284	0.00315
19	0.00797	0.00693	0.00952	0.07679	0.14429	0.04085	0.03880	0.01006	0.02349	0.02987	0.19548	0.11333	0.13775	0.00782	0.00480	0.00141	0.00368	0.07866	0.00347	0.06504
20	0.42910	0.18640	0.09982	0.00801	0.01105	0.02734	0.04092	0.02851	0.00820	0.01544	0.00649	0.00810	0.00537	0.01885	0.00451	0.00136	0.09032	0.00279	0.00233	0.00511
21	0.00881	0.03604	0.75647	0.01227	0.01838	0.01018	0.04216	0.01396	0.03734	0.01374	0.00808	0.00939	0.00576	0.00413	0.00411	0.00136	0.00626	0.00329	0.00192	0.00635
22	0.00569	0.00446	0.00529	0.00515	0.00627	0.00405	0.00385	0.00721	0.01079	0.01431	0.41884	0.09197	0.36735	0.00999	0.00532	0.00144	0.02129	0.00856	0.00431	0.00386
23	0.00638	0.00434	0.00535	0.00572	0.00667	0.00390	0.00417	0.00746	0.00935	0.06806	0.06964	0.41158	0.27951	0.02132	0.00549	0.00166	0.00260	0.07882	0.00411	0.00387
24	0.00789	0.00673	0.05654	0.02517	0.01978	0.00608	0.01224	0.01152	0.15749	0.06207	0.26733	0.10922	0.10791	0.09086	0.02162	0.00181	0.01331	0.01374	0.00397	0.00473
25	0.63255	0.00804	0.00738	0.00624	0.00909	0.00871	0.00514	0.01505	0.00876	0.25024	0.00915	0.00919	0.00638	0.00438	0.00314	0.00133	0.00343	0.00291	0.00343	0.00543
26	0.00963	0.00994	0.06270	0.25946	0.40842	0.00980	0.07403	0.01272	0.04520	0.01300	0.00839	0.01124	0.00672	0.00458	0.00492	0.04186	0.00540	0.00394	0.00214	0.00589
27	0.00544	0.00432	0.00485	0.00483	0.00601	0.00377	0.00355	0.00675	0.01029	0.01317	0.27303	0.10883	0.49432	0.03469	0.00561	0.00153	0.00222	0.00890	0.00418	0.00372
28	0.00987	0.00880	0.01318	0.24542	0.31840	0.00954	0.01035	0.10578	0.08571	0.01475	0.01293	0.05996	0.07586	0.00543	0.00443	0.00138	0.00470	0.00484	0.00280	0.00587
29	0.13132	0.05259	0.09132	0.03353	0.03006	0.06166	0.02598	0.42903	0.01490	0.04185	0.00903	0.00972	0.00663	0.00501	0.01176	0.00135	0.02298	0.00350	0.01137	0.00641
30	0.02194	0.00748	0.00886	0.00730	0.00946	0.00789	0.05455	0.26633	0.03912	0.06176	0.01279	0.02966	0.00987	0.00632	0.03859	0.00142	0.00377	0.00424	0.40322	0.00544
31	0.01359	0.16413	0.01361	0.00939	0.02658	0.10022	0.00763	0.35031	0.19672	0.01944	0.03438	0.01191	0.02304	0.00515	0.00403	0.00125	0.00462	0.00390	0.00362	0.00647
32	0.01097	0.04609	0.14430	0.23491	0.10235	0.00917	0.05570	0.04627	0.01002	0.14618	0.00983	0.01970	0.01498	0.00442	0.00426	0.00127	0.01628	0.00379	0.00271	0.11678

[dist]
# distance from previous block
# <min> <max>
0	1

[block]
# block no. 2 follows, 61 sequences, length 6
# corresponding to MSA columns:
# 183-188
name=unknown_C
#
# <colnr> <probs for GDERKNQSTAVLIFYWHMCP>
#	G	D	E	R	K	N	Q	S	T	A	V	L	I	F	Y	W	H	M	C	P
0	0.01112	0.15965	0.30883	0.01149	0.06669	0.07535	0.04622	0.04200	0.09960	0.06995	0.00931	0.01055	0.00717	0.02648	0.00481	0.00137	0.03726	0.00352	0.00253	0.00611
1	0.76751	0.00832	0.00678	0.00601	0.00860	0.00961	0.00493	0.06205	0.00811	0.01920	0.00664	0.00786	0.00523	0.00594	0.05743	0.00170	0.00396	0.00258	0.00274	0.00478
2	0.00548	0.00426	0.00498	0.00506	0.00612	0.00376	0.00370	0.00684	0.01036	0.01352	0.31549	0.19453	0.38915	0.01066	0.00517	0.00148	0.00219	0.00924	0.00426	0.00376
3	0.00903	0.00884	0.01341	0.21250	0.11608	0.05440	0.11706	0.01138	0.02566	0.01203	0.01128	0.03413	0.05722	0.00753	0.05852	0.00184	0.16812	0.03498	0.04097	0.00499
4	0.00565	0.00420	0.00526	0.00537	0.00626	0.00381	0.00389	0.00712	0.01056	0.01431	0.43113	0.27088	0.19454	0.01060	0.00520	0.00149	0.00220	0.00935	0.00438	0.00381
5	0.10112	0.06139	0.01221	0.10986	0.01427	0.01222	0.00797	0.42604	0.17475	0.02155	0.01074	0.01108	0.00791	0.00499	0.00406	0.00133	0.00445	0.00382	0.00372	0.00654

[dist]
# distance from previous block
# <min> <max>
0	1

[block]
# block no. 3 follows, 61 sequences, length 24
# corresponding to MSA columns:
# 190-213
name=unknown_D
#
# <colnr> <probs for GDERKNQSTAVLIFYWHMCP>
#	G	D	E	R	K	N	Q	S	T	A	V	L	I	F	Y	W	H	M	C	P
0	0.00617	0.00461	0.00584	0.00640	0.00713	0.00455	0.00466	0.00850	0.09586	0.01290	0.13618	0.51099	0.05725	0.01171	0.00536	0.00168	0.00270	0.10938	0.00414	0.00400
1	0.42477	0.17070	0.11899	0.00827	0.03331	0.05636	0.02433	0.03589	0.02853	0.01591	0.00771	0.00872	0.02560	0.00429	0.00342	0.00126	0.02136	0.00287	0.00246	0.00526
2	0.05419	0.00441	0.00478	0.00474	0.00494	0.00446	0.00275	0.00661	0.00645	0.00907	0.01419	0.02748	0.04273	0.77338	0.02029	0.00393	0.00406	0.00615	0.00266	0.00276
3	0.00642	0.00437	0.00497	0.00493	0.00505	0.00446	0.00287	0.00691	0.03481	0.00876	0.01363	0.02730	0.01537	0.78560	0.05429	0.00419	0.00445	0.00615	0.00266	0.00281
4	0.01204	0.54515	0.12970	0.00898	0.01290	0.08603	0.03320	0.10418	0.01046	0.01270	0.00686	0.00782	0.00576	0.00397	0.00329	0.00106	0.00522	0.00273	0.00216	0.00581
5	0.01103	0.67953	0.11671	0.00805	0.01184	0.04187	0.00831	0.01284	0.00880	0.01056	0.00652	0.00775	0.00581	0.00533	0.04851	0.00131	0.00530	0.00255	0.00188	0.00552
6	0.00604	0.00451	0.00493	0.00485	0.00628	0.00386	0.00367	0.00727	0.01011	0.05691	0.12070	0.08662	0.62531	0.01057	0.00510	0.00147	0.00232	0.03145	0.00415	0.00389
7	0.00642	0.00455	0.00564	0.00566	0.00613	0.00469	0.00386	0.02742	0.00791	0.01080	0.08675	0.16016	0.06972	0.36325	0.14264	0.02164	0.02764	0.01663	0.02513	0.00336
8	0.00548	0.00438	0.00490	0.00477	0.00606	0.00380	0.00358	0.00693	0.01073	0.01381	0.34275	0.03788	0.51953	0.01010	0.00509	0.00142	0.00212	0.00859	0.00429	0.00380
9	0.00890	0.00753	0.00880	0.00642	0.01004	0.00580	0.00511	0.02939	0.00928	0.01435	0.03314	0.03671	0.00817	0.00374	0.00335	0.00071	0.00317	0.00306	0.00271	0.79963
10	0.05509	0.00743	0.01816	0.00813	0.05310	0.00653	0.03332	0.03118	0.00954	0.17152	0.02549	0.03678	0.00950	0.05871	0.07779	0.00174	0.01635	0.00392	0.02701	0.34872
11	0.05878	0.11811	0.19270	0.04340	0.03072	0.05237	0.06356	0.10630	0.03003	0.05267	0.00851	0.02239	0.00680	0.00593	0.03689	0.00156	0.12446	0.00360	0.00253	0.03870
12	0.02919	0.02395	0.04227	0.02922	0.03842	0.06332	0.00687	0.17970	0.04440	0.11343	0.01509	0.21270	0.01454	0.05080	0.05707	0.00194	0.00464	0.06344	0.00367	0.00534
13	0.00555	0.00398	0.00534	0.00631	0.00672	0.00377	0.00451	0.00653	0.00859	0.01136	0.02406	0.68130	0.04736	0.01314	0.00557	0.00178	0.00276	0.15378	0.00399	0.00359
14	0.00863	0.00803	0.01306	0.00975	0.01285	0.00694	0.25164	0.01070	0.00886	0.01283	0.01017	0.05349	0.00955	0.14614	0.00711	0.00157	0.00460	0.02700	0.00256	0.39449
15	0.00979	0.15272	0.21925	0.01190	0.07148	0.01070	0.14345	0.03430	0.02076	0.03301	0.03764	0.01214	0.02509	0.04813	0.01834	0.00153	0.08628	0.00396	0.00234	0.05717
16	0.24402	0.01002	0.00894	0.00736	0.02595	0.14339	0.00568	0.01243	0.00906	0.01488	0.00705	0.00825	0.00579	0.00363	0.00318	0.00092	0.00402	0.00255	0.00252	0.48036
17	0.01459	0.00989	0.01060	0.00856	0.01128	0.04579	0.00694	0.38467	0.10858	0.16077	0.01257	0.01252	0.00903	0.00532	0.00451	0.00129	0.03925	0.00404	0.14329	0.00653
18	0.01013	0.00900	0.07147	0.21142	0.14166	0.00888	0.00929	0.08960	0.06536	0.08284	0.09380	0.01529	0.03120	0.03610	0.03398	0.00168	0.05126	0.00455	0.02689	0.00558
19	0.00693	0.00482	0.00613	0.04813	0.00725	0.00516	0.00417	0.04766	0.00734	0.01004	0.01254	0.04602	0.01330	0.46857	0.21711	0.05802	0.00596	0.00558	0.02198	0.00327
20	0.05552	0.49069	0.10171	0.02331	0.01199	0.04497	0.00815	0.05767	0.03728	0.02522	0.03827	0.00970	0.02439	0.00452	0.00389	0.00113	0.05062	0.00308	0.00233	0.00557
21	0.02564	0.06184	0.28490	0.01058	0.04683	0.00966	0.04861	0.04469	0.04363	0.01384	0.00814	0.01001	0.00655	0.01868	0.03097	0.00143	0.10024	0.00333	0.00230	0.22813
22	0.05250	0.18183	0.15647	0.02522	0.04032	0.05121	0.07455	0.07056	0.08836	0.17831	0.02269	0.01154	0.00828	0.00465	0.00397	0.00127	0.00492	0.01399	0.00312	0.00623
23	0.07204	0.09610	0.49552	0.01142	0.01656	0.01031	0.11065	0.02975	0.00926	0.01394	0.00828	0.04388	0.00659	0.00435	0.00400	0.00131	0.00572	0.00363	0.00211	0.05458

[dist]
# distance from previous block
# <min> <max>
0	6

[block]
# block no. 4 follows, 61 sequences, length 8
# corresponding to MSA columns:
# 234-241
name=unknown_E
#
# <colnr> <probs for GDERKNQSTAVLIFYWHMCP>
#	G	D	E	R	K	N	Q	S	T	A	V	L	I	F	Y	W	H	M	C	P
0	0.01028	0.00662	0.04932	0.08574	0.03115	0.00574	0.00629	0.01243	0.02735	0.24412	0.23313	0.10943	0.09915	0.00761	0.00470	0.00141	0.00328	0.02360	0.03346	0.00520
1	0.00739	0.00418	0.00593	0.00581	0.00581	0.00442	0.00390	0.00603	0.00579	0.00782	0.00847	0.01559	0.00885	0.16535	0.01758	0.66161	0.05708	0.00420	0.00201	0.00219
2	0.00709	0.00494	0.00596	0.00567	0.00681	0.00473	0.00424	0.04956	0.01039	0.05018	0.28291	0.03206	0.21687	0.16963	0.06354	0.00233	0.00348	0.07168	0.00394	0.00398
3	0.00718	0.00382	0.00567	0.00576	0.00584	0.00386	0.00390	0.00582	0.00594	0.00799	0.00917	0.08178	0.00949	0.01633	0.08593	0.72843	0.00431	0.00451	0.00208	0.00217
4	0.00947	0.07567	0.21638	0.16578	0.11062	0.04770	0.05131	0.01226	0.00945	0.05372	0.05850	0.10401	0.01069	0.00552	0.00456	0.00136	0.02681	0.00473	0.00253	0.02895
5	0.00886	0.00697	0.02074	0.00738	0.00882	0.04062	0.00576	0.06206	0.08865	0.06118	0.03400	0.07692	0.01297	0.12055	0.28190	0.00357	0.05133	0.02639	0.02135	0.05997
6	0.03488	0.19167	0.33209	0.01009	0.01463	0.05914	0.06643	0.02856	0.03879	0.03403	0.00930	0.01029	0.03665	0.00425	0.00378	0.00118	0.00530	0.00333	0.00230	0.11332
7	0.07464	0.20294	0.15582	0.00921	0.01255	0.05640	0.04000	0.10205	0.07202	0.03558	0.02792	0.03278	0.00854	0.00638	0.04627	0.00155	0.05003	0.02100	0.00272	0.04160

[dist]
# distance from previous block
# <min> <max>
2	21

[block]
# block no. 5 follows, 61 sequences, length 25
# corresponding to MSA columns:
# 264-288
name=unknown_F
#
# <colnr> <probs for GDERKNQSTAVLIFYWHMCP>
#	G	D	E	R	K	N	Q	S	T	A	V	L	I	F	Y	W	H	M	C	P
0	0.00663	0.00549	0.00602	0.00661	0.00714	0.07463	0.00471	0.00755	0.00841	0.01076	0.01960	0.47633	0.02258	0.12715	0.08816	0.00256	0.00425	0.11436	0.00349	0.00360
1	0.00636	0.00476	0.00616	0.00592	0.00668	0.00497	0.00426	0.00738	0.00747	0.01040	0.07543	0.02340	0.08806	0.30197	0.34477	0.00454	0.03175	0.00567	0.00275	0.05731
2	0.00605	0.00444	0.00558	0.00609	0.00688	0.00425	0.00468	0.00725	0.00892	0.01152	0.05398	0.18156	0.20230	0.15994	0.04042	0.00238	0.00357	0.28291	0.00370	0.00357
3	0.05381	0.64115	0.09107	0.00815	0.01193	0.01535	0.03099	0.01383	0.07748	0.01167	0.00721	0.00802	0.00616	0.00392	0.00308	0.00104	0.00467	0.00268	0.00211	0.00568
4	0.05895	0.03893	0.07388	0.02345	0.04992	0.06813	0.03118	0.02272	0.10457	0.03439	0.16891	0.08298	0.15443	0.00713	0.00468	0.00136	0.02211	0.00596	0.00347	0.04288
5	0.45586	0.06056	0.06916	0.00759	0.01044	0.08326	0.03256	0.02023	0.00885	0.09547	0.03434	0.01023	0.02805	0.00547	0.02850	0.00149	0.03680	0.00320	0.00283	0.00512
6	0.00911	0.15728	0.47345	0.01126	0.05048	0.01039	0.04795	0.03639	0.00935	0.01327	0.00961	0.10384	0.00844	0.00512	0.00405	0.00132	0.00542	0.00423	0.03321	0.00584
7	0.00924	0.04892	0.20027	0.02645	0.03932	0.01936	0.05766	0.05104	0.05306	0.04569	0.04392	0.08689	0.04924	0.00653	0.00497	0.04425	0.00446	0.06511	0.00294	0.14068
8	0.00600	0.00445	0.00504	0.00484	0.00617	0.00389	0.00365	0.00749	0.01075	0.03820	0.33007	0.03627	0.47648	0.00974	0.00499	0.00140	0.00216	0.00828	0.03620	0.00392
9	0.00843	0.00781	0.01263	0.64160	0.10257	0.00938	0.01118	0.01194	0.07745	0.01190	0.00947	0.06006	0.00779	0.00492	0.00438	0.00144	0.00530	0.00440	0.00227	0.00508
10	0.00611	0.00418	0.00488	0.00501	0.00521	0.00409	0.00307	0.00645	0.00719	0.00958	0.07137	0.13016	0.05143	0.62452	0.01750	0.00350	0.00374	0.03609	0.00303	0.00291
11	0.00835	0.00920	0.08329	0.52859	0.06457	0.00927	0.10878	0.01152	0.02948	0.01190	0.00956	0.08869	0.00817	0.00507	0.00449	0.00145	0.00559	0.00473	0.00221	0.00508
12	0.00682	0.00506	0.00616	0.00567	0.00696	0.00480	0.00433	0.07604	0.01245	0.01712	0.61013	0.03210	0.16620	0.00889	0.00503	0.00138	0.00232	0.01971	0.00457	0.00427
13	0.00945	0.03730	0.29080	0.00937	0.01273	0.07919	0.00954	0.08387	0.08893	0.01482	0.11851	0.03157	0.11939	0.00632	0.00513	0.00139	0.06820	0.00493	0.00304	0.00552
14	0.08176	0.17340	0.14481	0.10018	0.01489	0.04780	0.02597	0.23360	0.01231	0.07702	0.00942	0.01078	0.01807	0.01610	0.00412	0.00130	0.00503	0.01445	0.00295	0.00604
15	0.00885	0.13597	0.43244	0.00954	0.01386	0.03268	0.01090	0.01264	0.04471	0.03011	0.13682	0.03806	0.06464	0.00558	0.00417	0.00131	0.00492	0.00449	0.00267	0.00563
16	0.08456	0.03771	0.20693	0.01085	0.07605	0.04452	0.05006	0.08960	0.12672	0.04647	0.06871	0.01502	0.06200	0.00581	0.01406	0.00144	0.02890	0.02163	0.00309	0.00587
17	0.00682	0.00482	0.00714	0.00652	0.00706	0.00493	0.07202	0.00709	0.00661	0.00900	0.01149	0.02128	0.01217	0.43073	0.19588	0.17985	0.00596	0.00530	0.00236	0.00300
18	0.00883	0.00784	0.03716	0.00862	0.04510	0.04408	0.04300	0.01116	0.06441	0.06237	0.12453	0.12145	0.08059	0.02600	0.03568	0.02396	0.09616	0.00580	0.00327	0.15001
19	0.01092	0.49574	0.06507	0.02752	0.01169	0.02695	0.00752	0.08072	0.04938	0.01269	0.00877	0.07972	0.00811	0.00476	0.00339	0.00106	0.00442	0.00353	0.00244	0.09562
20	0.00857	0.06479	0.01120	0.00876	0.02839	0.00776	0.13449	0.04331	0.14887	0.02438	0.15664	0.04490	0.14791	0.07880	0.00614	0.00161	0.00382	0.03107	0.00355	0.04503
21	0.04695	0.03330	0.04696	0.03772	0.04577	0.00944	0.00721	0.18600	0.20902	0.05122	0.03784	0.03189	0.03253	0.00516	0.00402	0.00121	0.00386	0.00417	0.01441	0.19132
22	0.00925	0.00744	0.00856	0.00668	0.00986	0.00632	0.00526	0.01273	0.14359	0.05421	0.01326	0.06440	0.06559	0.00491	0.00372	0.00094	0.00314	0.00408	0.00318	0.57289
23	0.04877	0.07169	0.17347	0.01007	0.07837	0.05517	0.00866	0.05507	0.14257	0.02680	0.05060	0.05384	0.03580	0.00563	0.00413	0.00128	0.00440	0.05066	0.00304	0.11999
24	0.21764	0.00893	0.03590	0.04849	0.05713	0.00861	0.17977	0.05145	0.02767	0.11684	0.04708	0.04005	0.04142	0.00510	0.00412	0.00134	0.00444	0.02044	0.01826	0.06532

[dist]
# distance from previous block
# <min> <max>
2	55

[block]
# block no. 6 follows, 61 sequences, length 15
# corresponding to MSA columns:
# 344-358
name=unknown_G
#
# <colnr> <probs for GDERKNQSTAVLIFYWHMCP>
#	G	D	E	R	K	N	Q	S	T	A	V	L	I	F	Y	W	H	M	C	P
0	0.04883	0.14495	0.11865	0.06084	0.05683	0.03102	0.07225	0.08542	0.05285	0.15043	0.03666	0.03965	0.03034	0.00498	0.00405	0.00126	0.00468	0.00413	0.00312	0.04906
1	0.01128	0.12486	0.13311	0.04478	0.06751	0.03853	0.07288	0.05514	0.05695	0.13799	0.02588	0.06924	0.04318	0.00536	0.00416	0.00127	0.00464	0.01411	0.00309	0.08605
2	0.02756	0.08208	0.16134	0.04972	0.17975	0.04300	0.03037	0.04557	0.03616	0.03394	0.05817	0.02179	0.05028	0.00496	0.00445	0.00125	0.03969	0.00406	0.03475	0.09110
3	0.02385	0.00994	0.04686	0.17435	0.17431	0.07999	0.00900	0.08173	0.05845	0.01470	0.07453	0.04524	0.02238	0.00499	0.00415	0.00122	0.00462	0.00425	0.00280	0.16264
4	0.03157	0.02018	0.13043	0.08775	0.27457	0.02324	0.01972	0.01127	0.02426	0.01269	0.02322	0.05189	0.06604	0.11060	0.00690	0.00172	0.03563	0.03155	0.00249	0.03427
5	0.01257	0.00798	0.00969	0.00839	0.05131	0.00757	0.00635	0.15832	0.08204	0.22755	0.04554	0.05631	0.07935	0.00596	0.00426	0.00123	0.00357	0.02605	0.00404	0.20190
6	0.04805	0.00815	0.00940	0.00691	0.01053	0.00690	0.00559	0.09315	0.01022	0.07530	0.00850	0.00943	0.00670	0.00368	0.00361	0.00081	0.02205	0.00284	0.00293	0.66524
7	0.00633	0.00450	0.00656	0.00679	0.00745	0.00498	0.00524	0.00749	0.00732	0.01020	0.01384	0.08358	0.01408	0.06152	0.53680	0.08605	0.00870	0.12233	0.00265	0.00360
8	0.01098	0.00913	0.03172	0.13369	0.09823	0.00937	0.06862	0.16974	0.15406	0.06678	0.09755	0.06189	0.01286	0.00565	0.00446	0.00136	0.00436	0.00497	0.00352	0.05106
9	0.00531	0.00425	0.00474	0.00488	0.00602	0.00369	0.00356	0.00650	0.00994	0.01253	0.18087	0.20127	0.51920	0.01105	0.00517	0.00150	0.00222	0.00949	0.00413	0.00369
10	0.02163	0.00657	0.00768	0.02689	0.07422	0.02866	0.00558	0.01187	0.21147	0.01433	0.19524	0.09376	0.17563	0.05233	0.02101	0.03454	0.00330	0.00676	0.00381	0.00474
11	0.45950	0.00845	0.00820	0.03344	0.01018	0.03963	0.00570	0.05639	0.00998	0.27290	0.03423	0.01069	0.00796	0.00467	0.00345	0.00132	0.00369	0.00330	0.02068	0.00563
12	0.06758	0.02491	0.01147	0.04063	0.04232	0.02557	0.00754	0.44793	0.11304	0.06440	0.06955	0.01373	0.04102	0.00554	0.00427	0.00132	0.00425	0.00435	0.00404	0.00654
13	0.00674	0.04853	0.00652	0.03245	0.00776	0.00502	0.00479	0.00816	0.00953	0.04205	0.04847	0.08998	0.37177	0.03594	0.03679	0.00182	0.00329	0.17980	0.05662	0.00398
14	0.01430	0.14971	0.02810	0.00994	0.04141	0.13974	0.05168	0.18645	0.08010	0.17590	0.01097	0.01182	0.00826	0.00527	0.00453	0.03431	0.00496	0.02160	0.01478	0.00618

[dist]
# distance from previous block
# <min> <max>
3	28

[block]
# block no. 7 follows, 61 sequences, length 7
# corresponding to MSA columns:
# 388-394
name=unknown_H
#
# <colnr> <probs for GDERKNQSTAVLIFYWHMCP>
#	G	D	E	R	K	N	Q	S	T	A	V	L	I	F	Y	W	H	M	C	P
0	0.00624	0.00485	0.00657	0.09511	0.00947	0.00458	0.00514	0.00753	0.00873	0.01196	0.07427	0.54275	0.02340	0.01057	0.00501	0.00153	0.00298	0.04011	0.00361	0.13560
1	0.56795	0.00895	0.00810	0.00699	0.00969	0.01014	0.00581	0.21758	0.01093	0.02070	0.00882	0.01207	0.00739	0.00510	0.00342	0.00139	0.00376	0.08271	0.00322	0.00528
2	0.13858	0.00514	0.00552	0.00545	0.00689	0.00493	0.00411	0.00865	0.00889	0.01411	0.06208	0.25056	0.14048	0.00853	0.00428	0.00137	0.00263	0.05566	0.16955	0.10261
3	0.00991	0.00744	0.02414	0.00733	0.02335	0.00744	0.00572	0.26558	0.03923	0.01862	0.15485	0.13658	0.08022	0.00744	0.00445	0.00133	0.00324	0.02159	0.14758	0.03396
4	0.02494	0.02166	0.02226	0.09777	0.01342	0.00880	0.08793	0.17520	0.02760	0.07838	0.03807	0.08559	0.01083	0.02321	0.13046	0.00225	0.05729	0.00489	0.01461	0.07485
5	0.00710	0.00444	0.00617	0.00607	0.00632	0.00471	0.00430	0.00625	0.00662	0.00878	0.01440	0.10125	0.13239	0.01341	0.01362	0.56082	0.09291	0.00541	0.00241	0.00261
6	0.03740	0.00481	0.00705	0.13178	0.00979	0.00507	0.00521	0.00716	0.00643	0.00903	0.00772	0.01259	0.00725	0.01324	0.06393	0.59884	0.00447	0.00368	0.00198	0.06256

[dist]
# distance from previous block
# <min> <max>
0	499

# created by:
# /st0/software/busco_prod/Augustus/scripts/msa2prfl.pl ./align_prep/1430056.fa
