[name]
unknown

[dist]
# distance from previous block
# <min> <max>
0	8

[block]
# block no. 0 follows, 53 sequences, length 13
# corresponding to MSA columns:
# 746,747,761-771
name=unknown_A
#
# <colnr> <probs for GDERKNQSTAVLIFYWHMCP>
#	G	D	E	R	K	N	Q	S	T	A	V	L	I	F	Y	W	H	M	C	P
0	0.00839	0.00693	0.01012	0.08818	0.04532	0.00704	0.06288	0.05546	0.02617	0.01502	0.11125	0.09397	0.12536	0.02294	0.11776	0.00255	0.00543	0.14486	0.00374	0.04662
1	0.01532	0.01747	0.01568	0.01308	0.01581	0.44452	0.14397	0.12361	0.01362	0.01491	0.00970	0.07164	0.00855	0.00588	0.00556	0.00144	0.06586	0.00456	0.00290	0.00591
2	0.01322	0.00958	0.01179	0.01173	0.12043	0.03504	0.02675	0.17817	0.13391	0.13512	0.01656	0.06386	0.05304	0.11587	0.05119	0.00226	0.00513	0.00574	0.00409	0.00650
3	0.00647	0.00489	0.00595	0.00617	0.00719	0.00454	0.00451	0.00836	0.03872	0.01499	0.28906	0.26167	0.22675	0.04444	0.00654	0.00182	0.00272	0.05628	0.00466	0.00425
4	0.01050	0.01016	0.01641	0.08456	0.25931	0.01175	0.09622	0.01328	0.05158	0.01357	0.00928	0.01335	0.00819	0.04778	0.06839	0.00229	0.27026	0.00464	0.00244	0.00604
5	0.20415	0.01287	0.09141	0.01068	0.01458	0.01251	0.07357	0.34186	0.10443	0.07124	0.01133	0.01165	0.00816	0.00528	0.00444	0.00149	0.00508	0.00411	0.00399	0.00716
6	0.01255	0.00947	0.01217	0.01205	0.10877	0.04612	0.05157	0.04766	0.20622	0.15163	0.03960	0.07255	0.04378	0.03847	0.03393	0.00194	0.04888	0.05207	0.00413	0.00647
7	0.01120	0.00582	0.00748	0.00681	0.00839	0.00543	0.00507	0.01241	0.01033	0.25734	0.06249	0.09254	0.11581	0.23218	0.10515	0.00314	0.00485	0.04421	0.00430	0.00506
8	0.05149	0.09758	0.01252	0.02307	0.15802	0.05095	0.02900	0.04432	0.01016	0.01392	0.05633	0.25445	0.01637	0.00942	0.00712	0.09600	0.05398	0.00695	0.00319	0.00515
9	0.24243	0.06312	0.08763	0.04636	0.02966	0.07671	0.04280	0.06419	0.12786	0.12765	0.01112	0.01156	0.00817	0.00502	0.00413	0.00143	0.00501	0.00380	0.00350	0.03785
10	0.00959	0.00621	0.00761	0.00704	0.00867	0.00612	0.00532	0.01338	0.15718	0.12271	0.33523	0.11423	0.08958	0.03776	0.00665	0.03879	0.00305	0.02070	0.00489	0.00530
11	0.07125	0.00783	0.01149	0.37310	0.02047	0.00847	0.00929	0.01529	0.01142	0.26360	0.14390	0.01735	0.01448	0.00595	0.00481	0.00153	0.00478	0.00504	0.00390	0.00606
12	0.02858	0.26496	0.43948	0.01240	0.01807	0.01357	0.09846	0.01529	0.04107	0.01431	0.00851	0.00993	0.00653	0.00442	0.00420	0.00138	0.00639	0.00353	0.00220	0.00670

[dist]
# distance from previous block
# <min> <max>
0	1

[block]
# block no. 1 follows, 53 sequences, length 29
# corresponding to MSA columns:
# 773-801
name=unknown_B
#
# <colnr> <probs for GDERKNQSTAVLIFYWHMCP>
#	G	D	E	R	K	N	Q	S	T	A	V	L	I	F	Y	W	H	M	C	P
0	0.00639	0.00464	0.00586	0.00624	0.00692	0.00440	0.00433	0.00776	0.02736	0.01367	0.21184	0.38974	0.12060	0.10051	0.04318	0.02442	0.00330	0.01050	0.00434	0.00400
1	0.01500	0.01001	0.01099	0.00942	0.01238	0.03616	0.00744	0.06610	0.47080	0.24907	0.01869	0.04515	0.01375	0.00652	0.00487	0.00157	0.00407	0.00538	0.00507	0.00757
2	0.10985	0.01058	0.10309	0.00791	0.01230	0.00765	0.00715	0.03094	0.01019	0.05271	0.00883	0.01001	0.00698	0.00392	0.00368	0.00094	0.00403	0.00301	0.00294	0.60328
3	0.00877	0.00676	0.00800	0.00687	0.00900	0.00628	0.00530	0.10088	0.04069	0.01879	0.40750	0.07138	0.10084	0.00842	0.00511	0.00137	0.00297	0.00724	0.00458	0.17925
4	0.00865	0.00659	0.00864	0.13973	0.01259	0.00700	0.00671	0.14671	0.01210	0.01621	0.11134	0.45768	0.02490	0.01106	0.00560	0.00174	0.00374	0.00984	0.00422	0.00494
5	0.01135	0.01252	0.10840	0.12975	0.25947	0.02828	0.03721	0.04357	0.18787	0.01599	0.01099	0.01290	0.00864	0.00543	0.00611	0.00159	0.10573	0.00444	0.00291	0.00685
6	0.01070	0.05176	0.32647	0.01259	0.06267	0.05001	0.03918	0.01551	0.11076	0.04284	0.09105	0.01532	0.04195	0.00607	0.00602	0.00156	0.10139	0.00471	0.00300	0.00647
7	0.01855	0.01277	0.01396	0.01071	0.01452	0.01391	0.00884	0.69694	0.02144	0.12091	0.01234	0.01204	0.00856	0.00576	0.00478	0.00144	0.00512	0.00436	0.00491	0.00813
8	0.01383	0.10701	0.01725	0.01887	0.38115	0.01151	0.04255	0.01827	0.15074	0.17203	0.01256	0.01333	0.00948	0.00495	0.00461	0.00143	0.00505	0.00443	0.00348	0.00747
9	0.00695	0.00463	0.00521	0.00521	0.00521	0.00463	0.00290	0.00695	0.00695	0.00927	0.01506	0.03128	0.01738	0.83203	0.02433	0.00463	0.00463	0.00695	0.00290	0.00290
10	0.01002	0.00986	0.04757	0.29080	0.36038	0.01002	0.02201	0.02315	0.01003	0.01374	0.01037	0.05254	0.00938	0.10188	0.00711	0.00189	0.00573	0.00499	0.00246	0.00606
11	0.00997	0.02329	0.70866	0.01364	0.02025	0.02763	0.05016	0.01585	0.05795	0.01537	0.00926	0.01065	0.00663	0.00465	0.00460	0.00152	0.00694	0.00373	0.00222	0.00704
12	0.01237	0.01158	0.01343	0.01484	0.20102	0.07401	0.00964	0.03847	0.47124	0.01791	0.01487	0.01500	0.01151	0.00595	0.00558	0.00157	0.06503	0.00484	0.00388	0.00725
13	0.83084	0.00921	0.00732	0.03950	0.01021	0.01072	0.00551	0.01397	0.00819	0.02107	0.00673	0.00797	0.00523	0.00445	0.00303	0.00148	0.00381	0.00266	0.00292	0.00518
14	0.00826	0.00780	0.03242	0.07002	0.01417	0.00717	0.21676	0.01114	0.01248	0.01749	0.49439	0.02690	0.03047	0.00765	0.00551	0.00153	0.00425	0.00731	0.01913	0.00515
15	0.00576	0.00455	0.00519	0.00566	0.00668	0.00398	0.00400	0.00684	0.01023	0.01280	0.06239	0.38193	0.44656	0.01326	0.00584	0.00175	0.00257	0.01155	0.00446	0.00398
16	0.11308	0.01106	0.01103	0.00961	0.01252	0.03798	0.00759	0.14762	0.55111	0.02154	0.01627	0.01532	0.01217	0.00607	0.00461	0.00156	0.00417	0.00482	0.00455	0.00731
17	0.00963	0.00812	0.00944	0.00722	0.01078	0.00671	0.00570	0.01311	0.10225	0.01668	0.13846	0.01503	0.01414	0.00490	0.00404	0.00094	0.00336	0.00408	0.00346	0.62195
18	0.03306	0.10851	0.45253	0.01425	0.10992	0.01211	0.04123	0.07609	0.04005	0.01632	0.00903	0.01046	0.00679	0.00456	0.00438	0.00141	0.00621	0.00366	0.00246	0.04698
19	0.00996	0.11958	0.71567	0.01299	0.01970	0.01201	0.01655	0.01504	0.01005	0.01468	0.00835	0.00981	0.00606	0.00449	0.00437	0.00146	0.00684	0.00342	0.00202	0.00695
20	0.00694	0.00466	0.00534	0.00534	0.00538	0.00470	0.00305	0.00703	0.00699	0.00936	0.01495	0.03066	0.01711	0.79253	0.06346	0.00478	0.00504	0.00686	0.00288	0.00296
21	0.00700	0.00718	0.10004	0.00686	0.00868	0.00523	0.00600	0.00952	0.01281	0.01808	0.63535	0.06406	0.08191	0.00949	0.00553	0.00153	0.00285	0.00832	0.00480	0.00476
22	0.01582	0.00777	0.02778	0.00888	0.04442	0.00684	0.00684	0.01845	0.06800	0.47644	0.03927	0.13457	0.07323	0.00810	0.01642	0.00164	0.00391	0.00652	0.02819	0.00690
23	0.02144	0.00813	0.01109	0.00850	0.01220	0.00702	0.00702	0.02329	0.01368	0.80552	0.01886	0.01627	0.01183	0.00592	0.00481	0.00148	0.00407	0.00481	0.00592	0.00813
24	0.86579	0.00924	0.00702	0.00629	0.00924	0.01072	0.00518	0.01405	0.00813	0.02144	0.00666	0.00776	0.00518	0.00444	0.00296	0.00148	0.00370	0.00259	0.00296	0.00518
25	0.01270	0.81487	0.04439	0.00831	0.01248	0.01872	0.00841	0.01433	0.00972	0.01134	0.00669	0.00773	0.00613	0.00410	0.00310	0.00103	0.00516	0.00258	0.00204	0.00616
26	0.00966	0.00942	0.01023	0.00944	0.01019	0.13945	0.00732	0.01085	0.00843	0.01104	0.01042	0.01661	0.01020	0.13896	0.34264	0.00462	0.23872	0.00479	0.00246	0.00455
27	0.00587	0.00421	0.00559	0.00667	0.00700	0.00393	0.00451	0.00675	0.00924	0.01227	0.02682	0.79002	0.04918	0.01486	0.00610	0.00194	0.00281	0.03389	0.00444	0.00390
28	0.00819	0.00606	0.00733	0.00675	0.00827	0.00605	0.00514	0.02810	0.15061	0.03458	0.59280	0.03169	0.06202	0.00903	0.00543	0.00152	0.00263	0.00788	0.02075	0.00518

[dist]
# distance from previous block
# <min> <max>
0	7

[block]
# block no. 2 follows, 53 sequences, length 9
# corresponding to MSA columns:
# 809-817
name=unknown_C
#
# <colnr> <probs for GDERKNQSTAVLIFYWHMCP>
#	G	D	E	R	K	N	Q	S	T	A	V	L	I	F	Y	W	H	M	C	P
0	0.01047	0.00856	0.01131	0.00989	0.01065	0.01078	0.00786	0.06784	0.04729	0.05877	0.01075	0.01650	0.01015	0.16684	0.14650	0.00338	0.38950	0.00496	0.00287	0.00513
1	0.01151	0.01075	0.01702	0.02065	0.39896	0.01226	0.04351	0.03596	0.00993	0.03742	0.00911	0.04625	0.00824	0.00631	0.00888	0.00170	0.30778	0.00470	0.00253	0.00654
2	0.00814	0.00455	0.00487	0.00487	0.00559	0.00459	0.00331	0.00957	0.00886	0.01456	0.01528	0.02249	0.01400	0.29128	0.04861	0.00263	0.00355	0.00534	0.52400	0.00391
3	0.00991	0.00850	0.00991	0.00708	0.01133	0.00637	0.00566	0.01203	0.00991	0.01557	0.00850	0.00991	0.00708	0.00354	0.00354	0.00071	0.00354	0.00283	0.00283	0.86124
4	0.01243	0.01032	0.01100	0.00964	0.01239	0.01177	0.00756	0.13714	0.62022	0.02144	0.07714	0.01824	0.01593	0.00662	0.00491	0.00158	0.00389	0.00548	0.00488	0.00742
5	0.00830	0.00415	0.00623	0.00623	0.00623	0.00415	0.00415	0.00623	0.00623	0.00830	0.00830	0.01453	0.00830	0.01660	0.01868	0.86094	0.00415	0.00415	0.00208	0.00208
6	0.01401	0.01271	0.02046	0.01610	0.06784	0.01321	0.34704	0.31716	0.06844	0.02127	0.01085	0.01250	0.00807	0.00507	0.00564	0.00155	0.04245	0.00495	0.00349	0.00720
7	0.00830	0.00415	0.00623	0.00623	0.00623	0.00415	0.00415	0.00623	0.00623	0.00830	0.00830	0.01453	0.00830	0.01660	0.01868	0.86094	0.00415	0.00415	0.00208	0.00208
8	0.10195	0.01298	0.22468	0.01010	0.01427	0.00931	0.03549	0.08427	0.04388	0.28054	0.01376	0.01507	0.00993	0.00710	0.04417	0.00181	0.00542	0.03680	0.04151	0.00695

[dist]
# distance from previous block
# <min> <max>
0	1

[block]
# block no. 3 follows, 53 sequences, length 30
# corresponding to MSA columns:
# 819-848
name=unknown_D
#
# <colnr> <probs for GDERKNQSTAVLIFYWHMCP>
#	G	D	E	R	K	N	Q	S	T	A	V	L	I	F	Y	W	H	M	C	P
0	0.06415	0.00960	0.01251	0.01108	0.08528	0.00931	0.04223	0.12129	0.10466	0.34026	0.02570	0.01502	0.01089	0.00555	0.00463	0.00141	0.00441	0.01904	0.00459	0.10837
1	0.57454	0.04535	0.00914	0.00722	0.01031	0.01068	0.00597	0.09867	0.01062	0.13685	0.00984	0.04579	0.00769	0.00525	0.00357	0.00147	0.00394	0.00359	0.00362	0.00592
2	0.01248	0.34170	0.21901	0.01247	0.10792	0.02920	0.01130	0.12934	0.01191	0.01577	0.00866	0.02770	0.00719	0.00470	0.00400	0.00127	0.00564	0.00353	0.00258	0.04362
3	0.04582	0.04865	0.23518	0.00949	0.01377	0.00932	0.00951	0.11599	0.02826	0.07599	0.01337	0.10867	0.04000	0.00608	0.00445	0.00133	0.00475	0.00495	0.00335	0.22108
4	0.04937	0.03710	0.04616	0.02425	0.04028	0.01212	0.00856	0.36718	0.17327	0.08212	0.02507	0.07654	0.02349	0.00654	0.00479	0.00151	0.00464	0.00526	0.00445	0.00729
5	0.02655	0.01130	0.01870	0.11408	0.65490	0.02637	0.03652	0.02682	0.01094	0.01550	0.00893	0.01182	0.00737	0.00435	0.00473	0.00144	0.00584	0.00425	0.00239	0.00722
6	0.01075	0.00763	0.01078	0.27267	0.04658	0.00783	0.00844	0.02381	0.04981	0.14577	0.12016	0.03634	0.11369	0.00680	0.00491	0.00147	0.00435	0.01767	0.00380	0.10675
7	0.01073	0.00908	0.01486	0.20297	0.40124	0.00941	0.01163	0.01345	0.01134	0.06833	0.18173	0.01753	0.01575	0.00569	0.00494	0.00148	0.00498	0.00525	0.00318	0.00643
8	0.01393	0.22086	0.03787	0.00874	0.01275	0.01195	0.00767	0.17224	0.07608	0.11820	0.01083	0.01111	0.00823	0.00469	0.00397	0.00113	0.00448	0.00354	0.00356	0.26818
9	0.00770	0.00619	0.00928	0.01030	0.10213	0.00708	0.00696	0.00929	0.00795	0.01144	0.01215	0.01884	0.01167	0.12485	0.56585	0.00617	0.06990	0.00517	0.00254	0.00456
10	0.00586	0.00418	0.00553	0.00661	0.00687	0.00391	0.00438	0.00667	0.00908	0.01210	0.02596	0.80184	0.03113	0.04270	0.00672	0.00203	0.00284	0.01336	0.00438	0.00385
11	0.01025	0.10606	0.01170	0.00721	0.01144	0.00785	0.00596	0.01230	0.00989	0.01506	0.00828	0.00965	0.00697	0.00360	0.00348	0.00075	0.00373	0.00280	0.00274	0.76029
12	0.01220	0.03723	0.09284	0.02539	0.17210	0.02770	0.00924	0.04025	0.04897	0.12270	0.01289	0.01367	0.05466	0.00489	0.00430	0.00119	0.00461	0.00407	0.00328	0.30780
13	0.18624	0.37420	0.09329	0.01170	0.11935	0.11825	0.00948	0.01500	0.01008	0.01433	0.00724	0.00860	0.00613	0.00433	0.00357	0.00124	0.00554	0.00295	0.00233	0.00614
14	0.01183	0.01136	0.01940	0.02934	0.80221	0.01136	0.01467	0.01467	0.01088	0.01562	0.00899	0.01183	0.00757	0.00426	0.00473	0.00142	0.00568	0.00426	0.00237	0.00757
15	0.01118	0.01261	0.02660	0.01925	0.02351	0.01239	0.69343	0.01486	0.01081	0.01486	0.00927	0.01261	0.00714	0.00454	0.00683	0.00167	0.10430	0.00547	0.00238	0.00630
16	0.00677	0.00476	0.00571	0.00571	0.00609	0.00486	0.00366	0.00729	0.00758	0.01010	0.01851	0.03029	0.10862	0.56137	0.19437	0.00494	0.00616	0.00692	0.00300	0.00333
17	0.00582	0.00418	0.00552	0.00660	0.00692	0.00389	0.00441	0.00666	0.00921	0.01222	0.02706	0.80367	0.05639	0.01488	0.00609	0.00193	0.00276	0.01347	0.00444	0.00389
18	0.00699	0.00564	0.00746	0.00865	0.10099	0.00522	0.00568	0.00884	0.01171	0.01560	0.32161	0.09034	0.29767	0.01103	0.02099	0.00173	0.00312	0.06761	0.00446	0.00465
19	0.01182	0.00992	0.01074	0.00959	0.01217	0.01144	0.00751	0.08758	0.63577	0.01980	0.01800	0.01741	0.01373	0.00989	0.10027	0.00232	0.00497	0.00528	0.00458	0.00722
20	0.00915	0.00830	0.01369	0.57555	0.13846	0.00973	0.01200	0.01214	0.01024	0.01377	0.10228	0.01555	0.01137	0.00533	0.00481	0.00154	0.00560	0.00478	0.04022	0.00550
21	0.27231	0.01836	0.01162	0.01051	0.01305	0.54893	0.00805	0.01735	0.01174	0.01462	0.00714	0.00842	0.00587	0.00488	0.00423	0.00133	0.03061	0.00296	0.00260	0.00542
22	0.00676	0.00489	0.00639	0.00601	0.00714	0.00451	0.00451	0.00902	0.01353	0.01917	0.79969	0.03570	0.04510	0.00977	0.00564	0.00150	0.00225	0.00864	0.00526	0.00451
23	0.01038	0.00848	0.00996	0.00714	0.01136	0.00640	0.00572	0.01249	0.01006	0.04743	0.00891	0.01017	0.00727	0.00364	0.00359	0.00074	0.00356	0.00291	0.00296	0.82684
24	0.00932	0.00485	0.00489	0.00474	0.00598	0.00491	0.00359	0.04525	0.01057	0.01836	0.01541	0.01754	0.01207	0.00558	0.00340	0.00113	0.00236	0.00445	0.82099	0.00462
25	0.00804	0.00696	0.00925	0.04354	0.01025	0.02698	0.00692	0.00963	0.03265	0.01183	0.01516	0.26097	0.01637	0.06803	0.22258	0.00360	0.21884	0.00743	0.00308	0.01791
26	0.01052	0.01007	0.01745	0.45887	0.25609	0.01119	0.10458	0.04758	0.01072	0.01437	0.00891	0.01244	0.00690	0.00458	0.00487	0.00154	0.00632	0.00442	0.00235	0.00623
27	0.00903	0.00850	0.01434	0.82054	0.03292	0.01062	0.01327	0.01221	0.00956	0.01221	0.00850	0.01274	0.00637	0.00478	0.00478	0.00159	0.00637	0.00425	0.00212	0.00531
28	0.01063	0.00530	0.00648	0.00610	0.00764	0.00489	0.00459	0.01240	0.01112	0.19655	0.11458	0.21037	0.06087	0.00868	0.00471	0.00146	0.00279	0.00746	0.31822	0.00515
29	0.01402	0.06369	0.02823	0.03576	0.32697	0.16696	0.01092	0.09290	0.06320	0.08048	0.04607	0.01341	0.02592	0.00522	0.00462	0.00139	0.00574	0.00435	0.00321	0.00692

[dist]
# distance from previous block
# <min> <max>
14	32

[block]
# block no. 4 follows, 53 sequences, length 13
# corresponding to MSA columns:
# 888-900
name=unknown_E
#
# <colnr> <probs for GDERKNQSTAVLIFYWHMCP>
#	G	D	E	R	K	N	Q	S	T	A	V	L	I	F	Y	W	H	M	C	P
0	0.04944	0.35492	0.16839	0.00997	0.01439	0.05173	0.02892	0.12868	0.01219	0.07391	0.02559	0.01018	0.00768	0.00470	0.00392	0.00125	0.00548	0.00340	0.00289	0.04237
1	0.21873	0.34003	0.15028	0.00866	0.01295	0.01350	0.00879	0.03629	0.01011	0.08457	0.00832	0.00913	0.00651	0.00441	0.00353	0.00124	0.00489	0.00299	0.00273	0.07233
2	0.13517	0.46102	0.13774	0.00899	0.01313	0.08301	0.00907	0.01499	0.01009	0.05051	0.00889	0.00974	0.03126	0.00462	0.00354	0.00122	0.00537	0.00309	0.00246	0.00611
3	0.27405	0.37670	0.16770	0.00881	0.01303	0.04046	0.00908	0.01487	0.03243	0.01539	0.00742	0.00849	0.00607	0.00438	0.00341	0.00128	0.00512	0.00285	0.00242	0.00604
4	0.65934	0.07146	0.08953	0.00780	0.01135	0.01132	0.03926	0.01448	0.00872	0.04062	0.00730	0.00843	0.00560	0.00444	0.00329	0.00145	0.00433	0.00287	0.00285	0.00557
5	0.00830	0.00415	0.00623	0.00623	0.00623	0.00415	0.00415	0.00623	0.00623	0.00830	0.00830	0.01453	0.00830	0.01660	0.01868	0.86094	0.00415	0.00415	0.00208	0.00208
6	0.00728	0.00490	0.00639	0.00636	0.00744	0.00450	0.00472	0.00909	0.01215	0.05883	0.48027	0.23534	0.08740	0.01118	0.00575	0.00165	0.00259	0.04463	0.00500	0.00451
7	0.01331	0.30660	0.08691	0.09818	0.06726	0.01242	0.00941	0.01625	0.05507	0.18917	0.05328	0.01320	0.01034	0.00651	0.04120	0.00162	0.00535	0.00404	0.00329	0.00657
8	0.01276	0.01007	0.01083	0.00962	0.01241	0.01145	0.00752	0.02521	0.72252	0.09156	0.01940	0.01769	0.01434	0.00643	0.00486	0.00161	0.00381	0.00535	0.00496	0.00762
9	0.13330	0.00987	0.01269	0.01090	0.01170	0.01301	0.00899	0.05567	0.00850	0.03910	0.00771	0.01157	0.00713	0.04166	0.05409	0.00233	0.55979	0.00414	0.00254	0.00534
10	0.22662	0.01018	0.01158	0.00980	0.01172	0.03717	0.03081	0.11311	0.05230	0.05411	0.01058	0.02743	0.02993	0.04188	0.03102	0.00198	0.27104	0.00435	0.00317	0.02124
11	0.08458	0.06053	0.01135	0.06660	0.06375	0.21128	0.00784	0.01372	0.06637	0.01363	0.04448	0.10510	0.01297	0.03381	0.15159	0.00269	0.02097	0.02046	0.00302	0.00525
12	0.02836	0.08951	0.03734	0.16504	0.01708	0.05834	0.05701	0.11760	0.03763	0.12254	0.04524	0.02368	0.02766	0.00583	0.01793	0.00145	0.00530	0.00441	0.00344	0.13464

[dist]
# distance from previous block
# <min> <max>
22	72

[block]
# block no. 5 follows, 53 sequences, length 14
# corresponding to MSA columns:
# 977-983,985-991
name=unknown_F
#
# <colnr> <probs for GDERKNQSTAVLIFYWHMCP>
#	G	D	E	R	K	N	Q	S	T	A	V	L	I	F	Y	W	H	M	C	P
0	0.02662	0.27652	0.13573	0.00856	0.01307	0.01152	0.00840	0.04613	0.01045	0.01492	0.02402	0.00977	0.00740	0.00410	0.00362	0.00099	0.00463	0.00303	0.00259	0.38793
1	0.01290	0.58079	0.17764	0.00956	0.01410	0.07286	0.01007	0.01522	0.01024	0.04785	0.00763	0.00860	0.00638	0.00432	0.00352	0.00115	0.00570	0.00289	0.00224	0.00637
2	0.00966	0.29701	0.12914	0.00873	0.01184	0.01096	0.00868	0.03104	0.01062	0.01349	0.01915	0.05926	0.11897	0.00851	0.00488	0.00158	0.00473	0.24308	0.00325	0.00541
3	0.06640	0.54201	0.07467	0.00848	0.01260	0.01539	0.00833	0.01576	0.04788	0.10304	0.00890	0.00945	0.00718	0.00443	0.00348	0.00115	0.00488	0.00304	0.00272	0.06023
4	0.03512	0.42933	0.28124	0.01039	0.01521	0.09120	0.01130	0.01555	0.04679	0.01326	0.00795	0.00904	0.00648	0.00444	0.00375	0.00124	0.00599	0.00306	0.00223	0.00643
5	0.12025	0.04322	0.11834	0.02204	0.01032	0.00737	0.00691	0.01087	0.02775	0.04977	0.02172	0.09841	0.20752	0.05844	0.17338	0.00300	0.00582	0.00656	0.00337	0.00496
6	0.01126	0.10329	0.35690	0.01130	0.05612	0.01006	0.01171	0.01481	0.01037	0.08927	0.00934	0.01045	0.00701	0.00429	0.00410	0.00120	0.00539	0.00336	0.00266	0.27710
7	0.04301	0.35915	0.09333	0.00844	0.01242	0.01226	0.00810	0.01576	0.01079	0.20702	0.03845	0.05082	0.01018	0.00525	0.00392	0.00122	0.00460	0.00398	0.00334	0.10797
8	0.01167	0.00864	0.04937	0.00911	0.01146	0.04592	0.03412	0.01551	0.12863	0.18593	0.07058	0.09741	0.06327	0.00935	0.00555	0.00176	0.00432	0.23695	0.00458	0.00588
9	0.05230	0.51967	0.17704	0.05113	0.01508	0.04462	0.01026	0.05721	0.01055	0.01360	0.00742	0.00865	0.00620	0.00435	0.00358	0.00120	0.00563	0.00295	0.00225	0.00632
10	0.01244	0.28588	0.04742	0.00927	0.01207	0.14192	0.00836	0.01432	0.01116	0.09154	0.01487	0.04749	0.01458	0.00779	0.00477	0.00154	0.00536	0.26022	0.00335	0.00563
11	0.01163	0.28496	0.25603	0.01024	0.01459	0.05011	0.03268	0.07560	0.01166	0.04333	0.09557	0.03671	0.03379	0.00574	0.00433	0.00136	0.00547	0.01696	0.00294	0.00630
12	0.02977	0.19425	0.22530	0.00966	0.01355	0.05188	0.02057	0.03379	0.03910	0.10296	0.06967	0.08762	0.06202	0.00676	0.00459	0.00146	0.00507	0.03248	0.00335	0.00616
13	0.02725	0.15070	0.14106	0.00824	0.01061	0.03422	0.02942	0.01055	0.00924	0.01244	0.06602	0.14539	0.03799	0.21704	0.07731	0.00279	0.00550	0.00646	0.00299	0.00477

[dist]
# distance from previous block
# <min> <max>
9	40

[block]
# block no. 6 follows, 53 sequences, length 32
# corresponding to MSA columns:
# 1034-1065
name=unknown_G
#
# <colnr> <probs for GDERKNQSTAVLIFYWHMCP>
#	G	D	E	R	K	N	Q	S	T	A	V	L	I	F	Y	W	H	M	C	P
0	0.28911	0.26642	0.06402	0.00924	0.03364	0.05621	0.00813	0.14421	0.04750	0.03013	0.00844	0.00924	0.00666	0.00469	0.00363	0.00132	0.00492	0.00316	0.00301	0.00632
1	0.14289	0.01595	0.14906	0.01260	0.08608	0.20629	0.03379	0.11731	0.07403	0.09107	0.02075	0.01132	0.00811	0.00508	0.00439	0.00143	0.00601	0.00384	0.00330	0.00668
2	0.00933	0.00864	0.04406	0.00734	0.00942	0.09145	0.00588	0.01273	0.12820	0.07042	0.13646	0.10025	0.33799	0.00966	0.00532	0.00157	0.00362	0.00808	0.00440	0.00520
3	0.01011	0.03914	0.03134	0.03692	0.01178	0.00808	0.06744	0.17630	0.01285	0.04891	0.07631	0.36696	0.05403	0.01020	0.00549	0.00169	0.00409	0.02868	0.00424	0.00545
4	0.04431	0.01088	0.01754	0.16789	0.10935	0.01138	0.20995	0.13225	0.01208	0.04287	0.00940	0.01185	0.00722	0.00483	0.00566	0.00147	0.07341	0.00438	0.00288	0.12041
5	0.01002	0.00854	0.01012	0.09945	0.01333	0.00983	0.00754	0.01869	0.46207	0.01751	0.11967	0.08274	0.01852	0.00951	0.06219	0.00207	0.03128	0.00628	0.00432	0.00632
6	0.00903	0.00850	0.01434	0.82054	0.03292	0.01062	0.01327	0.01221	0.00956	0.01221	0.00850	0.01274	0.00637	0.00478	0.00478	0.00159	0.00637	0.00425	0.00212	0.00531
7	0.01211	0.01084	0.01170	0.01164	0.08549	0.04207	0.00828	0.02417	0.69181	0.01928	0.01803	0.01693	0.01362	0.00622	0.00483	0.00159	0.00414	0.00521	0.00454	0.00749
8	0.00683	0.00512	0.00768	0.00768	0.00853	0.00597	0.00597	0.00853	0.00768	0.01110	0.01280	0.01878	0.01195	0.03585	0.81308	0.00768	0.01280	0.00512	0.00256	0.00427
9	0.01298	0.58792	0.02098	0.00885	0.01250	0.07947	0.00812	0.01715	0.18438	0.01323	0.00955	0.01000	0.00802	0.00469	0.00356	0.00117	0.00509	0.00323	0.00270	0.00641
10	0.00618	0.00438	0.00555	0.00629	0.00690	0.00406	0.00438	0.00735	0.00994	0.01348	0.11028	0.57095	0.12207	0.01338	0.00583	0.00181	0.00269	0.03739	0.06306	0.00402
11	0.00956	0.00802	0.00956	0.00881	0.01004	0.06576	0.00696	0.09253	0.01011	0.02743	0.02995	0.03436	0.05044	0.03769	0.43170	0.00489	0.12462	0.01883	0.01381	0.00494
12	0.00565	0.00484	0.00484	0.00484	0.00646	0.00403	0.00363	0.00686	0.01089	0.01291	0.04842	0.04600	0.80027	0.01210	0.00565	0.00161	0.00242	0.01009	0.00444	0.00403
13	0.07246	0.00947	0.01010	0.00903	0.01168	0.01064	0.00715	0.05529	0.54048	0.08376	0.01828	0.01901	0.01409	0.00663	0.00473	0.00159	0.00380	0.05341	0.06134	0.00706
14	0.00683	0.00512	0.00768	0.00768	0.00853	0.00597	0.00597	0.00853	0.00768	0.01110	0.01280	0.01878	0.01195	0.03585	0.81308	0.00768	0.01280	0.00512	0.00256	0.00427
15	0.01471	0.52981	0.02080	0.00906	0.01301	0.01693	0.00837	0.23884	0.04134	0.05335	0.00906	0.00952	0.00727	0.00474	0.00371	0.00118	0.00506	0.00327	0.00311	0.00685
16	0.01295	0.01134	0.01627	0.03470	0.46082	0.07269	0.03151	0.01567	0.02608	0.10267	0.01007	0.01188	0.00795	0.00441	0.00452	0.00129	0.00538	0.00402	0.00290	0.16288
17	0.00708	0.00544	0.00796	0.00782	0.00854	0.00645	0.00604	0.00861	0.00760	0.01098	0.01254	0.01920	0.01199	0.09629	0.69775	0.00707	0.06666	0.00520	0.00256	0.00422
18	0.00725	0.06342	0.00890	0.00772	0.00880	0.00688	0.00613	0.00894	0.00782	0.01111	0.01237	0.01800	0.01154	0.03362	0.75618	0.00721	0.01226	0.00494	0.00252	0.00440
19	0.01044	0.01126	0.02306	0.31705	0.02792	0.01154	0.49864	0.01416	0.01064	0.01416	0.00923	0.01284	0.00693	0.00431	0.00532	0.00160	0.00743	0.00512	0.00231	0.00602
20	0.01130	0.00965	0.01030	0.00930	0.01182	0.01104	0.00722	0.02353	0.70438	0.01990	0.10867	0.01988	0.01808	0.00686	0.00495	0.00161	0.00361	0.00577	0.00491	0.00722
21	0.00991	0.00850	0.00991	0.00708	0.01133	0.00637	0.00566	0.01203	0.00991	0.01557	0.00850	0.00991	0.00708	0.00354	0.00354	0.00071	0.00354	0.00283	0.00283	0.86124
22	0.00903	0.00850	0.01434	0.82054	0.03292	0.01062	0.01327	0.01221	0.00956	0.01221	0.00850	0.01274	0.00637	0.00478	0.00478	0.00159	0.00637	0.00425	0.00212	0.00531
23	0.00632	0.00451	0.00593	0.00676	0.00727	0.00428	0.00481	0.00744	0.00973	0.01297	0.09999	0.52946	0.05529	0.08812	0.00777	0.00218	0.00315	0.13572	0.00437	0.00394
24	0.00773	0.00450	0.00663	0.00663	0.00690	0.00478	0.00465	0.00703	0.00675	0.00928	0.01025	0.01711	0.01014	0.08129	0.27744	0.52209	0.00700	0.00467	0.00229	0.00285
25	0.00596	0.00426	0.00569	0.00671	0.00708	0.00399	0.00459	0.00694	0.00950	0.01272	0.07411	0.74570	0.03227	0.01457	0.00609	0.00193	0.00281	0.04663	0.00449	0.00394
26	0.01208	0.00859	0.01027	0.00861	0.01083	0.00902	0.04181	0.24714	0.09675	0.07446	0.07806	0.02353	0.06474	0.20045	0.03181	0.00243	0.00467	0.04063	0.02827	0.00585
27	0.86579	0.00924	0.00702	0.00629	0.00924	0.01072	0.00518	0.01405	0.00813	0.02144	0.00666	0.00776	0.00518	0.00444	0.00296	0.00148	0.00370	0.00259	0.00296	0.00518
28	0.00734	0.00579	0.00881	0.00942	0.06447	0.00674	0.00678	0.00910	0.00789	0.01143	0.01225	0.01792	0.01139	0.03241	0.72110	0.00699	0.04807	0.00502	0.00253	0.00454
29	0.07215	0.56737	0.01932	0.00800	0.01118	0.06378	0.00731	0.01311	0.00973	0.01218	0.01048	0.16552	0.01096	0.00626	0.00372	0.00124	0.00478	0.00471	0.00259	0.00560
30	0.01326	0.01973	0.51264	0.01228	0.01812	0.01132	0.01417	0.18727	0.01337	0.13647	0.01075	0.01132	0.00738	0.00501	0.00463	0.00149	0.00622	0.00389	0.00321	0.00746
31	0.01453	0.04595	0.02997	0.03009	0.08137	0.28878	0.07978	0.13783	0.04473	0.02636	0.00937	0.02613	0.00767	0.00536	0.00560	0.00139	0.08487	0.00402	0.00296	0.07325

[dist]
# distance from previous block
# <min> <max>
0	1

[block]
# block no. 7 follows, 53 sequences, length 21
# corresponding to MSA columns:
# 1067-1087
name=unknown_H
#
# <colnr> <probs for GDERKNQSTAVLIFYWHMCP>
#	G	D	E	R	K	N	Q	S	T	A	V	L	I	F	Y	W	H	M	C	P
0	0.10290	0.04275	0.01438	0.44062	0.09351	0.07448	0.01143	0.09128	0.01102	0.01519	0.00836	0.01135	0.00650	0.00498	0.00509	0.00153	0.05238	0.00392	0.00252	0.00583
1	0.01075	0.01126	0.04705	0.10557	0.21019	0.03903	0.20761	0.02501	0.05222	0.01503	0.04696	0.01780	0.02429	0.00606	0.00627	0.00164	0.08721	0.07699	0.00284	0.00623
2	0.00964	0.00790	0.00935	0.00706	0.01075	0.00605	0.00553	0.01159	0.00990	0.03494	0.01118	0.12146	0.01054	0.00515	0.00392	0.00089	0.00345	0.00434	0.00313	0.72323
3	0.00582	0.00416	0.00555	0.00666	0.00693	0.00388	0.00444	0.00666	0.00915	0.01220	0.02634	0.82891	0.03161	0.01497	0.00610	0.00194	0.00277	0.01359	0.00444	0.00388
4	0.01263	0.01049	0.01364	0.01208	0.07583	0.01094	0.09673	0.11969	0.36321	0.05981	0.01509	0.04168	0.01170	0.00576	0.00478	0.00145	0.00456	0.00507	0.00412	0.13075
5	0.00911	0.00811	0.05385	0.00715	0.01028	0.00617	0.00600	0.03733	0.01182	0.03357	0.30969	0.02080	0.04179	0.00630	0.00451	0.00112	0.00329	0.00535	0.00388	0.41987
6	0.01204	0.20259	0.28985	0.03528	0.05001	0.04387	0.05238	0.03870	0.04740	0.07588	0.01047	0.01162	0.02801	0.00504	0.00495	0.00141	0.05243	0.00385	0.00269	0.03155
7	0.01011	0.03800	0.18102	0.01492	0.05877	0.03772	0.29861	0.03338	0.01065	0.01453	0.01298	0.20076	0.01257	0.00697	0.00582	0.00165	0.04602	0.00669	0.00284	0.00598
8	0.00751	0.00550	0.00722	0.00774	0.00888	0.00545	0.00639	0.01012	0.05275	0.01535	0.20818	0.05976	0.07280	0.05846	0.00723	0.00211	0.00374	0.45180	0.00455	0.00448
9	0.00770	0.00561	0.00748	0.00764	0.00856	0.00606	0.00589	0.04937	0.03271	0.01289	0.01759	0.10840	0.01836	0.16655	0.33953	0.00479	0.00775	0.18538	0.00342	0.00432
10	0.01086	0.04006	0.62038	0.01395	0.02037	0.01107	0.11895	0.01581	0.01054	0.07987	0.00952	0.01092	0.00669	0.00458	0.00468	0.00151	0.00691	0.00390	0.00239	0.00705
11	0.01278	0.83490	0.02505	0.00818	0.01227	0.01891	0.00818	0.01431	0.00971	0.01125	0.00664	0.00767	0.00613	0.00409	0.00307	0.00102	0.00511	0.00256	0.00204	0.00613
12	0.00635	0.00485	0.00561	0.00547	0.00664	0.00435	0.00399	0.00785	0.01146	0.01508	0.36203	0.03974	0.35414	0.12588	0.00828	0.00200	0.00270	0.02491	0.00457	0.00408
13	0.01543	0.01193	0.01249	0.01002	0.01319	0.05760	0.00817	0.54585	0.01942	0.02587	0.13571	0.01767	0.01497	0.00671	0.00496	0.00146	0.00487	0.05192	0.00463	0.03715
14	0.19939	0.01191	0.04630	0.01563	0.06352	0.01131	0.41678	0.05875	0.01142	0.10432	0.01005	0.01191	0.00733	0.00445	0.00483	0.00154	0.00634	0.00466	0.00304	0.00653
15	0.01251	0.76646	0.09112	0.00864	0.01298	0.01825	0.00898	0.01438	0.00974	0.01157	0.00681	0.00787	0.00613	0.00413	0.00319	0.00106	0.00528	0.00264	0.00204	0.00621
16	0.00920	0.00860	0.01222	0.01086	0.01115	0.01163	0.00890	0.01047	0.00745	0.01136	0.00854	0.01335	0.00825	0.01792	0.29294	0.00404	0.54148	0.00451	0.00225	0.00489
17	0.01542	0.00802	0.01151	0.04327	0.15353	0.00745	0.00801	0.03512	0.01294	0.41857	0.15364	0.03945	0.05804	0.00678	0.00501	0.00149	0.00404	0.00582	0.00488	0.00698
18	0.01135	0.15950	0.04855	0.14167	0.27115	0.08274	0.05449	0.01377	0.01037	0.01336	0.00991	0.03773	0.00905	0.03442	0.00571	0.00157	0.03835	0.04770	0.00245	0.00616
19	0.01173	0.01126	0.01923	0.05626	0.77603	0.01133	0.01462	0.01459	0.01084	0.01550	0.00897	0.01186	0.00753	0.00428	0.00473	0.00143	0.00570	0.00426	0.00236	0.00749
20	0.01189	0.01027	0.01081	0.00973	0.01243	0.01189	0.00757	0.02540	0.79357	0.01999	0.01945	0.01783	0.01459	0.00648	0.00486	0.00162	0.00378	0.00540	0.00486	0.00757

[dist]
# distance from previous block
# <min> <max>
0	9

[block]
# block no. 8 follows, 53 sequences, length 9
# corresponding to MSA columns:
# 1097-1105
name=unknown_I
#
# <colnr> <probs for GDERKNQSTAVLIFYWHMCP>
#	G	D	E	R	K	N	Q	S	T	A	V	L	I	F	Y	W	H	M	C	P
0	0.00659	0.00491	0.00615	0.00593	0.00715	0.00447	0.00451	0.00863	0.01286	0.01764	0.60544	0.03878	0.19696	0.01043	0.00569	0.00156	0.00241	0.05045	0.00505	0.00441
1	0.01189	0.01027	0.01081	0.00973	0.01243	0.01189	0.00757	0.02540	0.79357	0.01999	0.01945	0.01783	0.01459	0.00648	0.00486	0.00162	0.00378	0.00540	0.00486	0.00757
2	0.00653	0.00485	0.00602	0.00649	0.00756	0.00448	0.00503	0.00813	0.01097	0.01439	0.17102	0.22375	0.26253	0.01242	0.00593	0.00181	0.00298	0.20924	0.03167	0.00419
3	0.00983	0.08590	0.74820	0.01321	0.02005	0.01169	0.01694	0.01507	0.01006	0.01484	0.00843	0.00991	0.00606	0.00451	0.00443	0.00148	0.00692	0.00346	0.00202	0.00699
4	0.01503	0.26691	0.01594	0.00912	0.01275	0.11015	0.00779	0.15398	0.07677	0.13663	0.01183	0.01190	0.02910	0.00509	0.00406	0.00121	0.00502	0.00374	0.00357	0.11937
5	0.00917	0.00832	0.01119	0.00986	0.00986	0.01098	0.00769	0.00984	0.00718	0.01068	0.00949	0.01808	0.01034	0.30997	0.01885	0.00302	0.52351	0.00520	0.00239	0.00437
6	0.01057	0.00969	0.01021	0.00752	0.01161	0.07356	0.00596	0.01262	0.01021	0.01525	0.00840	0.00980	0.00700	0.00366	0.00360	0.00075	0.00396	0.00285	0.00280	0.78996
7	0.01014	0.00935	0.01225	0.01070	0.01102	0.03435	0.00859	0.04784	0.00814	0.01188	0.00841	0.01424	0.00847	0.12513	0.07983	0.05194	0.53594	0.00461	0.00238	0.00480
8	0.04294	0.00622	0.02375	0.00703	0.00817	0.00605	0.00517	0.06599	0.07546	0.01455	0.06036	0.37253	0.09079	0.14301	0.03558	0.00243	0.00378	0.02754	0.00412	0.00453

[dist]
# distance from previous block
# <min> <max>
2	17

[block]
# block no. 9 follows, 53 sequences, length 22
# corresponding to MSA columns:
# 1123-1144
name=unknown_J
#
# <colnr> <probs for GDERKNQSTAVLIFYWHMCP>
#	G	D	E	R	K	N	Q	S	T	A	V	L	I	F	Y	W	H	M	C	P
0	0.01282	0.01172	0.01596	0.03636	0.26109	0.09139	0.10766	0.04685	0.11419	0.07312	0.01125	0.02440	0.00887	0.00481	0.00464	0.00134	0.00548	0.00439	0.00317	0.16050
1	0.00972	0.00689	0.00932	0.02584	0.01092	0.00760	0.00781	0.01259	0.08114	0.09401	0.02090	0.12519	0.02143	0.01112	0.00760	0.00202	0.13325	0.40331	0.00419	0.00516
2	0.01888	0.00766	0.01016	0.00791	0.01128	0.00663	0.00647	0.02080	0.01306	0.64559	0.04688	0.01675	0.01281	0.00587	0.00461	0.00139	0.00378	0.00479	0.09296	0.06172
3	0.01777	0.01319	0.01412	0.01092	0.01467	0.01464	0.00899	0.73802	0.07137	0.02948	0.01198	0.01188	0.00854	0.00579	0.00479	0.00145	0.00517	0.00437	0.00479	0.00809
4	0.00641	0.00485	0.00591	0.00569	0.00694	0.00435	0.00425	0.00832	0.01262	0.01713	0.55711	0.06428	0.26342	0.01062	0.00566	0.00155	0.00232	0.00922	0.00500	0.00435
5	0.01046	0.01046	0.01464	0.01255	0.01255	0.01464	0.01046	0.01150	0.00732	0.01150	0.00627	0.01046	0.00627	0.00837	0.01569	0.00209	0.82328	0.00418	0.00209	0.00523
6	0.00991	0.00850	0.00991	0.00708	0.01133	0.00637	0.00566	0.01203	0.00991	0.01557	0.00850	0.00991	0.00708	0.00354	0.00354	0.00071	0.00354	0.00283	0.00283	0.86124
7	0.00891	0.00445	0.00445	0.00445	0.00557	0.00445	0.00334	0.01114	0.01002	0.01782	0.01559	0.01782	0.01225	0.00557	0.00334	0.00111	0.00223	0.00445	0.85856	0.00445
8	0.01016	0.00965	0.01638	0.50144	0.34318	0.01092	0.01384	0.01320	0.01009	0.01358	0.00869	0.01237	0.00686	0.00457	0.00476	0.00152	0.00609	0.00425	0.00222	0.00622
9	0.01046	0.01046	0.01464	0.01255	0.01255	0.01464	0.01046	0.01150	0.00732	0.01150	0.00627	0.01046	0.00627	0.00837	0.01569	0.00209	0.82328	0.00418	0.00209	0.00523
10	0.10160	0.00841	0.01081	0.00837	0.01201	0.00763	0.00692	0.04751	0.01344	0.70549	0.01745	0.01530	0.01108	0.00577	0.00463	0.00148	0.00407	0.00458	0.00560	0.00785
11	0.01449	0.14235	0.30238	0.01122	0.01613	0.08025	0.01172	0.20733	0.01387	0.12356	0.01027	0.01076	0.00738	0.00496	0.00437	0.00137	0.00598	0.00369	0.00328	0.02463
12	0.00679	0.00494	0.00643	0.00620	0.00735	0.00457	0.00475	0.00899	0.01317	0.01842	0.69289	0.03784	0.08143	0.01019	0.00572	0.00157	0.00245	0.07665	0.00514	0.00448
13	0.00770	0.00550	0.00770	0.00880	0.00990	0.00550	0.00770	0.00990	0.01100	0.01430	0.02531	0.05391	0.02751	0.01320	0.00660	0.00220	0.00440	0.77004	0.00440	0.00440
14	0.01167	0.01120	0.01912	0.07313	0.75963	0.01132	0.01459	0.01453	0.01081	0.01543	0.00896	0.01188	0.00750	0.00429	0.00473	0.00143	0.00572	0.00426	0.00235	0.00745
15	0.01120	0.01045	0.01633	0.14940	0.48210	0.02283	0.01256	0.04309	0.06934	0.01561	0.03664	0.03986	0.01008	0.02197	0.00564	0.00157	0.03695	0.00482	0.00277	0.00680
16	0.00596	0.00463	0.00539	0.00587	0.00686	0.00412	0.00423	0.00709	0.01020	0.01285	0.06687	0.34085	0.39518	0.04475	0.00661	0.00189	0.00277	0.06550	0.00441	0.00398
17	0.00676	0.00495	0.00559	0.00566	0.00709	0.00429	0.00424	0.00808	0.01099	0.05729	0.10841	0.17631	0.51990	0.01210	0.00573	0.00168	0.00266	0.04938	0.00459	0.00430
18	0.05911	0.29029	0.25740	0.01162	0.01622	0.09435	0.10235	0.02953	0.01052	0.01394	0.00935	0.01076	0.03683	0.00481	0.00451	0.00135	0.03485	0.00365	0.00232	0.00626
19	0.01037	0.00983	0.01301	0.26317	0.01920	0.06199	0.08104	0.01664	0.26718	0.01608	0.13488	0.01830	0.03116	0.00630	0.00532	0.00158	0.02886	0.00547	0.00360	0.00602
20	0.00945	0.00619	0.03817	0.00733	0.00894	0.00533	0.00594	0.01141	0.01177	0.15576	0.31898	0.17092	0.03010	0.03314	0.05735	0.00214	0.00388	0.11336	0.00476	0.00507
21	0.01391	0.15463	0.09747	0.01051	0.03627	0.10297	0.03362	0.03128	0.09731	0.19627	0.03356	0.03993	0.01304	0.00663	0.00475	0.00151	0.00522	0.11077	0.00382	0.00653

[dist]
# distance from previous block
# <min> <max>
1	74

[block]
# block no. 10 follows, 53 sequences, length 32
# corresponding to MSA columns:
# 1244-1275
name=unknown_K
#
# <colnr> <probs for GDERKNQSTAVLIFYWHMCP>
#	G	D	E	R	K	N	Q	S	T	A	V	L	I	F	Y	W	H	M	C	P
0	0.49233	0.01175	0.15627	0.03621	0.01254	0.01014	0.02209	0.01469	0.06187	0.04354	0.06844	0.01248	0.03003	0.00524	0.00382	0.00151	0.00437	0.00378	0.00317	0.00573
1	0.27119	0.06624	0.03090	0.05295	0.04821	0.00932	0.00681	0.04404	0.03865	0.04578	0.21652	0.01689	0.01696	0.00602	0.00437	0.00140	0.01729	0.00471	0.02556	0.07618
2	0.12450	0.01760	0.44940	0.04562	0.01790	0.01011	0.05307	0.01641	0.01068	0.17683	0.02737	0.01185	0.00802	0.00490	0.00448	0.00151	0.00593	0.00392	0.00303	0.00687
3	0.00650	0.00495	0.00606	0.00634	0.00742	0.00438	0.00452	0.00765	0.00977	0.01300	0.06538	0.43371	0.18470	0.06825	0.00696	0.00191	0.00299	0.05924	0.00419	0.10206
4	0.29119	0.01079	0.10244	0.33481	0.04696	0.01056	0.01047	0.04794	0.00985	0.01671	0.00876	0.01234	0.00697	0.00497	0.00418	0.00153	0.00532	0.03567	0.00263	0.03590
5	0.00676	0.00489	0.00639	0.00601	0.00714	0.00451	0.00451	0.00902	0.01353	0.01917	0.79969	0.03570	0.04510	0.00977	0.00564	0.00150	0.00225	0.00864	0.00526	0.00451
6	0.01159	0.45810	0.07402	0.01016	0.01287	0.01655	0.00962	0.01321	0.00881	0.01160	0.00676	0.00908	0.00629	0.00632	0.02364	0.00158	0.30862	0.00328	0.00207	0.00583
7	0.00993	0.00994	0.03492	0.01549	0.08794	0.00947	0.34742	0.03805	0.01100	0.01492	0.02770	0.07660	0.01492	0.06207	0.00735	0.00196	0.03431	0.18720	0.00315	0.00566
8	0.00690	0.00510	0.00758	0.00758	0.00844	0.00592	0.00589	0.00862	0.00776	0.01132	0.01289	0.01875	0.01196	0.03485	0.78638	0.00746	0.01245	0.00510	0.03079	0.00427
9	0.00597	0.00428	0.00571	0.00679	0.00716	0.00402	0.00468	0.00692	0.00934	0.01239	0.02672	0.75003	0.04715	0.01477	0.00613	0.00196	0.00290	0.07473	0.00443	0.00393
10	0.00700	0.00492	0.00597	0.00608	0.00718	0.00448	0.00449	0.00841	0.01097	0.04767	0.23375	0.17909	0.26613	0.10338	0.00787	0.00204	0.00296	0.08885	0.00454	0.00422
11	0.00602	0.00469	0.00546	0.00561	0.00677	0.00414	0.00408	0.00745	0.01126	0.01459	0.26522	0.22657	0.39687	0.01209	0.00575	0.00166	0.00245	0.01048	0.00468	0.00414
12	0.00695	0.00463	0.00521	0.00521	0.00521	0.00463	0.00290	0.00695	0.00695	0.00927	0.01506	0.03128	0.01738	0.83203	0.02433	0.00463	0.00463	0.00695	0.00290	0.00290
13	0.00582	0.00416	0.00555	0.00666	0.00693	0.00388	0.00444	0.00666	0.00915	0.01220	0.02634	0.82891	0.03161	0.01497	0.00610	0.00194	0.00277	0.01359	0.00444	0.00388
14	0.01183	0.01136	0.01940	0.02934	0.80221	0.01136	0.01467	0.01467	0.01088	0.01562	0.00899	0.01183	0.00757	0.00426	0.00473	0.00142	0.00568	0.00426	0.00237	0.00757
15	0.00695	0.00463	0.00521	0.00521	0.00521	0.00463	0.00290	0.00695	0.00695	0.00927	0.01506	0.03128	0.01738	0.83203	0.02433	0.00463	0.00463	0.00695	0.00290	0.00290
16	0.00673	0.00503	0.00636	0.00657	0.00778	0.00466	0.00523	0.00866	0.01197	0.01593	0.35736	0.07532	0.22389	0.01156	0.00594	0.00175	0.00295	0.23320	0.00477	0.00434
17	0.01678	0.01081	0.01864	0.01367	0.01786	0.01017	0.33056	0.12159	0.01385	0.37384	0.01406	0.01423	0.00944	0.00511	0.00515	0.00153	0.00588	0.00509	0.00431	0.00743
18	0.01843	0.01137	0.01290	0.01006	0.01371	0.01203	0.00826	0.45547	0.11369	0.27086	0.01475	0.01375	0.01007	0.00588	0.00480	0.00147	0.00471	0.00459	0.00515	0.00806
19	0.00663	0.00488	0.00620	0.00587	0.00706	0.00445	0.00440	0.00876	0.01321	0.01841	0.70848	0.03695	0.13678	0.01005	0.00564	0.00152	0.00228	0.00882	0.00516	0.00445
20	0.00674	0.00548	0.00606	0.00594	0.00746	0.00513	0.00448	0.00969	0.10633	0.01526	0.22267	0.09278	0.45290	0.01109	0.00561	0.00163	0.00262	0.02890	0.00469	0.00458
21	0.00991	0.00850	0.00991	0.00708	0.01133	0.00637	0.00566	0.01203	0.00991	0.01557	0.00850	0.00991	0.00708	0.00354	0.00354	0.00071	0.00354	0.00283	0.00283	0.86124
22	0.11620	0.01056	0.01048	0.00935	0.01213	0.04535	0.00732	0.02364	0.62374	0.06173	0.01736	0.01614	0.01294	0.00614	0.00461	0.00158	0.00399	0.00493	0.00459	0.00722
23	0.00583	0.00489	0.00510	0.00516	0.00672	0.00415	0.00394	0.00715	0.01101	0.01327	0.07863	0.04609	0.71657	0.01208	0.00571	0.00165	0.00255	0.06094	0.00447	0.00408
24	0.00998	0.11103	0.69746	0.01326	0.01993	0.01197	0.04234	0.01505	0.01009	0.01473	0.00841	0.00993	0.00610	0.00448	0.00442	0.00146	0.00689	0.00350	0.00203	0.00694
25	0.00724	0.00578	0.00816	0.00785	0.00869	0.00681	0.00617	0.00885	0.00842	0.01204	0.06792	0.02167	0.09808	0.02711	0.54511	0.00570	0.12065	0.00574	0.02360	0.00439
26	0.01278	0.83490	0.02505	0.00818	0.01227	0.01891	0.00818	0.01431	0.00971	0.01125	0.00664	0.00767	0.00613	0.00409	0.00307	0.00102	0.00511	0.00256	0.00204	0.00613
27	0.00950	0.00699	0.00826	0.00763	0.00877	0.04105	0.00572	0.10012	0.00984	0.04431	0.01317	0.02026	0.01246	0.23440	0.36123	0.00498	0.04100	0.00532	0.06037	0.00462
28	0.01215	0.01047	0.01153	0.01109	0.06544	0.01198	0.00810	0.05657	0.70881	0.02013	0.01842	0.01716	0.01385	0.00630	0.00485	0.00160	0.00397	0.00528	0.00469	0.00759
29	0.00944	0.00840	0.01363	0.17328	0.05051	0.00897	0.15466	0.01367	0.11598	0.01501	0.01733	0.02754	0.04627	0.00784	0.00572	0.00176	0.02623	0.23750	0.06072	0.00554
30	0.09306	0.08749	0.01451	0.01134	0.04664	0.16268	0.04528	0.19600	0.06614	0.09043	0.02935	0.01164	0.00870	0.00550	0.00540	0.00142	0.08079	0.00398	0.00353	0.03611
31	0.00769	0.00550	0.00665	0.06046	0.00850	0.00552	0.00458	0.00966	0.06866	0.04040	0.18129	0.06264	0.13525	0.36723	0.01364	0.00291	0.00379	0.00764	0.00386	0.00412

[dist]
# distance from previous block
# <min> <max>
0	25

# created by:
# /st0/software/busco_prod/Augustus/scripts/msa2prfl.pl ./align_prep/1432328.fa
