[name]
unknown

[dist]
# distance from previous block
# <min> <max>
4	146

[block]
# block no. 0 follows, 59 sequences, length 28
# corresponding to MSA columns:
# 152-179
name=unknown_A
#
# <colnr> <probs for GDERKNQSTAVLIFYWHMCP>
#	G	D	E	R	K	N	Q	S	T	A	V	L	I	F	Y	W	H	M	C	P
0	0.03380	0.00694	0.06285	0.00681	0.00865	0.01683	0.00565	0.01052	0.10903	0.02456	0.06884	0.22428	0.18549	0.00936	0.00489	0.00151	0.00318	0.09506	0.04521	0.07654
1	0.04343	0.01104	0.10789	0.00939	0.01266	0.01025	0.02678	0.15531	0.36374	0.09699	0.01496	0.02641	0.02054	0.00577	0.00443	0.00143	0.00420	0.03523	0.00403	0.04553
2	0.04997	0.09950	0.03888	0.05184	0.04861	0.00927	0.00733	0.13009	0.05378	0.21147	0.06852	0.01325	0.02184	0.00497	0.00402	0.00119	0.00403	0.00397	0.00370	0.17375
3	0.02033	0.02674	0.15815	0.03903	0.03609	0.04800	0.07703	0.06264	0.12655	0.21900	0.01463	0.05902	0.02870	0.00600	0.00459	0.00145	0.00486	0.05716	0.00369	0.00633
4	0.02616	0.11668	0.20170	0.06338	0.08762	0.04761	0.11835	0.06494	0.13121	0.01483	0.02154	0.06713	0.00928	0.00514	0.00433	0.00138	0.00539	0.00448	0.00274	0.00609
5	0.00904	0.34083	0.01385	0.00720	0.00957	0.00984	0.04370	0.01063	0.00993	0.03846	0.20564	0.18740	0.03788	0.00731	0.00423	0.00126	0.00361	0.00620	0.00328	0.05013
6	0.00705	0.00528	0.00724	0.00679	0.00785	0.00520	0.04828	0.03538	0.00983	0.03960	0.19443	0.26112	0.13654	0.10775	0.07407	0.00234	0.03487	0.00848	0.00383	0.00410
7	0.01036	0.02767	0.29091	0.08941	0.08470	0.05306	0.24277	0.05493	0.01043	0.02315	0.00872	0.02676	0.00673	0.00429	0.00449	0.00137	0.00633	0.00411	0.00228	0.04752
8	0.01164	0.07091	0.05976	0.05747	0.21850	0.02763	0.10270	0.01403	0.02264	0.18074	0.01350	0.14048	0.03067	0.00609	0.00479	0.00142	0.02230	0.00549	0.00320	0.00605
9	0.00561	0.00407	0.00527	0.00614	0.00660	0.00380	0.00430	0.00652	0.00872	0.01144	0.02590	0.63138	0.11093	0.05147	0.00642	0.00190	0.00278	0.09913	0.00403	0.00361
10	0.05207	0.01215	0.20707	0.02757	0.11826	0.00961	0.07483	0.01584	0.26545	0.01546	0.01431	0.04418	0.05343	0.00639	0.02697	0.00161	0.00492	0.02070	0.02303	0.00614
11	0.00923	0.01104	0.16933	0.33139	0.05884	0.02110	0.06166	0.03920	0.07284	0.03914	0.01250	0.09716	0.04613	0.00576	0.00458	0.00147	0.00532	0.00509	0.00268	0.00554
12	0.01525	0.00724	0.00969	0.00782	0.01046	0.00682	0.02437	0.06078	0.03749	0.49726	0.08017	0.04292	0.06093	0.03913	0.04859	0.00182	0.03279	0.00533	0.00475	0.00640
13	0.00751	0.00395	0.00579	0.00590	0.00598	0.00394	0.00403	0.00605	0.00618	0.00821	0.00955	0.03728	0.00992	0.05471	0.01640	0.74411	0.00384	0.06232	0.00217	0.00215
14	0.00775	0.00660	0.00966	0.08287	0.02797	0.01441	0.10941	0.05115	0.04999	0.01463	0.17495	0.16454	0.17278	0.00862	0.00505	0.00151	0.00367	0.04465	0.04514	0.00466
15	0.01562	0.01791	0.05103	0.05138	0.01447	0.57883	0.02291	0.01796	0.06916	0.10638	0.00901	0.00972	0.00688	0.00472	0.00413	0.00123	0.00697	0.00330	0.00277	0.00561
16	0.00894	0.02227	0.78034	0.01290	0.01932	0.01030	0.05730	0.01400	0.00938	0.01400	0.00798	0.00946	0.00565	0.00417	0.00425	0.00140	0.00658	0.00337	0.00188	0.00650
17	0.00900	0.00836	0.01388	0.37808	0.33992	0.00917	0.01155	0.01159	0.00959	0.01295	0.04930	0.04184	0.04311	0.00535	0.00458	0.00144	0.00512	0.03716	0.00243	0.00558
18	0.12763	0.00636	0.00704	0.00637	0.00801	0.00651	0.00482	0.09977	0.02461	0.14844	0.01509	0.12153	0.01409	0.19140	0.00820	0.00204	0.00353	0.05240	0.14734	0.00481
19	0.02937	0.00844	0.01045	0.00822	0.01140	0.00819	0.00672	0.17161	0.08773	0.52643	0.07116	0.01544	0.01255	0.00571	0.00447	0.00137	0.00383	0.00462	0.00509	0.00720
20	0.00933	0.00793	0.00919	0.00671	0.01047	0.00626	0.00536	0.02965	0.04881	0.01500	0.03296	0.01028	0.00797	0.00363	0.00342	0.00073	0.00328	0.00293	0.00282	0.78327
21	0.03557	0.09710	0.59672	0.04527	0.01729	0.03601	0.01371	0.01349	0.00947	0.01388	0.04832	0.01052	0.00758	0.00445	0.00404	0.00134	0.00592	0.00343	0.02979	0.00609
22	0.00537	0.00405	0.00497	0.00565	0.00629	0.00365	0.00389	0.00628	0.00905	0.01168	0.05741	0.58597	0.25393	0.01291	0.00550	0.00169	0.00245	0.01148	0.00413	0.00365
23	0.00552	0.00394	0.00529	0.00631	0.00663	0.00371	0.00434	0.00639	0.00859	0.01143	0.02427	0.77818	0.02891	0.01371	0.00567	0.00181	0.00268	0.07490	0.00410	0.00363
24	0.00970	0.02570	0.13725	0.03951	0.01325	0.01972	0.04949	0.02618	0.04630	0.04213	0.00978	0.03748	0.00821	0.00439	0.00385	0.00102	0.00425	0.03104	0.00275	0.48801
25	0.00964	0.00708	0.00843	0.00744	0.00859	0.03351	0.00559	0.10689	0.04236	0.04609	0.01073	0.01634	0.01005	0.19613	0.11940	0.16034	0.11538	0.00451	0.02996	0.06154
26	0.00983	0.03271	0.11480	0.12012	0.14392	0.00948	0.21600	0.01280	0.00966	0.03214	0.00943	0.01213	0.02396	0.00429	0.00463	0.00127	0.02825	0.01990	0.00236	0.19233
27	0.08970	0.05732	0.13023	0.00946	0.01288	0.03418	0.02591	0.18496	0.16901	0.09888	0.02729	0.01304	0.00944	0.00533	0.00461	0.00137	0.04043	0.02893	0.00356	0.05346

[dist]
# distance from previous block
# <min> <max>
0	1

[block]
# block no. 1 follows, 59 sequences, length 18
# corresponding to MSA columns:
# 181-198
name=unknown_B
#
# <colnr> <probs for GDERKNQSTAVLIFYWHMCP>
#	G	D	E	R	K	N	Q	S	T	A	V	L	I	F	Y	W	H	M	C	P
0	0.06091	0.21986	0.23586	0.03153	0.05876	0.03288	0.03536	0.04919	0.03635	0.13495	0.00920	0.01000	0.00686	0.00448	0.00424	0.00128	0.03600	0.00337	0.00272	0.02621
1	0.00611	0.00418	0.00549	0.00621	0.00680	0.00387	0.00439	0.00714	0.00915	0.04191	0.07775	0.62582	0.09173	0.01286	0.00557	0.00175	0.00268	0.07856	0.00420	0.00382
2	0.00626	0.00457	0.00581	0.00590	0.00679	0.00432	0.00440	0.00808	0.02825	0.01480	0.43061	0.16036	0.10398	0.08552	0.00693	0.00181	0.00266	0.11064	0.00437	0.00395
3	0.05068	0.21029	0.39309	0.01180	0.05275	0.02699	0.05988	0.11852	0.01084	0.01523	0.00785	0.00908	0.00596	0.00421	0.00391	0.00128	0.00577	0.00325	0.00229	0.00634
4	0.00874	0.03260	0.03954	0.29419	0.03801	0.00751	0.00781	0.04047	0.03794	0.03081	0.01327	0.10878	0.02249	0.00606	0.00413	0.00135	0.00402	0.02267	0.27478	0.00484
5	0.00721	0.00484	0.00615	0.00630	0.00741	0.00455	0.00487	0.02766	0.01066	0.06254	0.23041	0.22097	0.14952	0.03059	0.00580	0.00170	0.00288	0.18499	0.02676	0.00419
6	0.00794	0.00781	0.04430	0.08960	0.03069	0.07771	0.04317	0.03036	0.03417	0.01312	0.08797	0.26935	0.10974	0.00957	0.00518	0.00161	0.00406	0.12555	0.00358	0.00451
7	0.06682	0.14042	0.32437	0.01041	0.02905	0.03697	0.02742	0.09424	0.06004	0.13496	0.01066	0.01105	0.02531	0.00469	0.00402	0.00132	0.00524	0.00360	0.00295	0.00645
8	0.02658	0.01049	0.05631	0.18700	0.06249	0.01001	0.42873	0.01265	0.00995	0.01364	0.04942	0.01507	0.03889	0.00484	0.00517	0.00150	0.02657	0.03273	0.00242	0.00553
9	0.00596	0.00471	0.00544	0.00563	0.00682	0.00433	0.00426	0.00790	0.05244	0.01334	0.17416	0.17854	0.40627	0.01111	0.00536	0.00159	0.00255	0.10135	0.00425	0.00399
10	0.01176	0.04042	0.15655	0.09485	0.14403	0.06881	0.18219	0.09793	0.04483	0.07200	0.02758	0.01158	0.00782	0.00452	0.00461	0.00138	0.01596	0.00414	0.00274	0.00631
11	0.03283	0.01057	0.05826	0.04730	0.03659	0.08204	0.16539	0.05836	0.04977	0.08322	0.01169	0.09863	0.01049	0.03327	0.04715	0.00190	0.13413	0.03000	0.00296	0.00547
12	0.00826	0.00786	0.01497	0.01226	0.01469	0.00748	0.35054	0.01085	0.01013	0.01345	0.03674	0.12668	0.04437	0.00861	0.00561	0.00174	0.00524	0.31241	0.00330	0.00482
13	0.00901	0.05024	0.45435	0.01181	0.03657	0.00959	0.11531	0.05937	0.01038	0.01447	0.04002	0.01600	0.14269	0.00550	0.00449	0.00140	0.00558	0.00471	0.00254	0.00594
14	0.01061	0.01812	0.50608	0.03343	0.04375	0.02963	0.09778	0.08504	0.03095	0.06510	0.00955	0.03337	0.00712	0.00464	0.00439	0.00141	0.00610	0.00394	0.00251	0.00649
15	0.04029	0.01311	0.07866	0.03620	0.06958	0.25561	0.04672	0.03421	0.12588	0.03594	0.01454	0.05088	0.08903	0.00713	0.03379	0.00160	0.01707	0.04124	0.00304	0.00549
16	0.00631	0.00441	0.00539	0.00562	0.00656	0.00399	0.00405	0.00749	0.00985	0.04972	0.18216	0.32106	0.26167	0.06643	0.00651	0.00178	0.00261	0.04627	0.00421	0.00388
17	0.04932	0.08743	0.27165	0.08646	0.09480	0.03207	0.05808	0.10034	0.01071	0.05069	0.01044	0.04119	0.03428	0.00514	0.00464	0.00139	0.03641	0.01630	0.00261	0.00606

[dist]
# distance from previous block
# <min> <max>
0	22

[block]
# block no. 2 follows, 59 sequences, length 41
# corresponding to MSA columns:
# 221-261
name=unknown_C
#
# <colnr> <probs for GDERKNQSTAVLIFYWHMCP>
#	G	D	E	R	K	N	Q	S	T	A	V	L	I	F	Y	W	H	M	C	P
0	0.03882	0.15153	0.01230	0.00902	0.04500	0.11278	0.02312	0.12726	0.04687	0.12302	0.04383	0.14416	0.02619	0.00693	0.01941	0.00142	0.00453	0.00524	0.03402	0.02457
1	0.10934	0.10560	0.08817	0.03527	0.14733	0.05694	0.04931	0.10100	0.01080	0.06296	0.00853	0.01005	0.00672	0.02035	0.00417	0.00122	0.00486	0.00336	0.00272	0.17130
2	0.02168	0.14034	0.04697	0.07130	0.29771	0.05638	0.02075	0.03108	0.04407	0.09954	0.03500	0.01236	0.02083	0.02711	0.00505	0.00138	0.04029	0.00395	0.00274	0.02147
3	0.14400	0.11672	0.09040	0.04267	0.03967	0.07232	0.00792	0.06547	0.18445	0.06307	0.02925	0.05528	0.01061	0.02890	0.00456	0.00145	0.00449	0.02965	0.00327	0.00583
4	0.03120	0.32913	0.04295	0.00998	0.05209	0.16585	0.03376	0.07862	0.02653	0.01296	0.00767	0.00964	0.00669	0.04911	0.00518	0.00129	0.05409	0.00316	0.00237	0.07771
5	0.00580	0.00404	0.00509	0.00572	0.00591	0.00390	0.00367	0.00633	0.00773	0.01031	0.02034	0.52347	0.02408	0.30995	0.02964	0.00280	0.00340	0.02100	0.00355	0.00328
6	0.03525	0.00841	0.02905	0.25786	0.21133	0.00868	0.03168	0.03629	0.05502	0.07001	0.10274	0.05358	0.04116	0.00564	0.00451	0.00140	0.00459	0.00503	0.01324	0.02454
7	0.00866	0.00575	0.00717	0.05421	0.02621	0.02059	0.00528	0.04361	0.03153	0.12101	0.13473	0.30973	0.13045	0.03964	0.01667	0.00171	0.00325	0.00843	0.02675	0.00463
8	0.01128	0.02726	0.01043	0.00853	0.01095	0.05253	0.04873	0.29340	0.06747	0.03219	0.07491	0.04870	0.18565	0.02827	0.00527	0.00152	0.00414	0.07912	0.00403	0.00563
9	0.00571	0.00428	0.00507	0.00538	0.00630	0.00386	0.00388	0.00695	0.00989	0.01300	0.18954	0.29852	0.31675	0.03742	0.00584	0.00166	0.00244	0.04115	0.03859	0.00377
10	0.00776	0.00703	0.00991	0.00925	0.03674	0.00845	0.03843	0.00905	0.00836	0.01180	0.07349	0.10606	0.16017	0.03835	0.07937	0.00226	0.34154	0.02335	0.02423	0.00439
11	0.04732	0.01127	0.09167	0.21221	0.15842	0.01052	0.29882	0.03051	0.03599	0.01406	0.00896	0.02907	0.00708	0.00438	0.00481	0.00145	0.02079	0.00449	0.00231	0.00588
12	0.00812	0.00681	0.02574	0.00814	0.00978	0.00689	0.02726	0.01337	0.25817	0.01525	0.12328	0.10373	0.05003	0.00958	0.00535	0.00172	0.00358	0.31395	0.00421	0.00504
13	0.00967	0.23406	0.58992	0.01150	0.01725	0.01214	0.04072	0.01380	0.00927	0.01307	0.00750	0.00884	0.00565	0.00407	0.00388	0.00129	0.00610	0.00310	0.00188	0.00629
14	0.00566	0.00417	0.00533	0.00597	0.00662	0.00384	0.00427	0.00681	0.00953	0.01258	0.15222	0.50573	0.16177	0.01248	0.00554	0.00170	0.00258	0.08523	0.00422	0.00375
15	0.01083	0.26094	0.43858	0.01123	0.01646	0.01258	0.07164	0.07685	0.01032	0.04041	0.00801	0.00915	0.00603	0.00417	0.00390	0.00127	0.00585	0.00324	0.00222	0.00634
16	0.00840	0.00793	0.01326	0.80015	0.02964	0.00997	0.01216	0.01126	0.00875	0.01126	0.00777	0.01169	0.00588	0.00455	0.00483	0.00149	0.04025	0.00392	0.00196	0.00490
17	0.00691	0.00501	0.00575	0.00566	0.00690	0.00477	0.00417	0.02481	0.08100	0.03727	0.15145	0.17469	0.32949	0.03017	0.02353	0.04289	0.00280	0.00835	0.05021	0.00416
18	0.03818	0.00934	0.01529	0.35380	0.28433	0.03254	0.08677	0.01273	0.00955	0.04720	0.00909	0.04711	0.00750	0.00471	0.00468	0.00143	0.02330	0.00436	0.00234	0.00575
19	0.00643	0.00449	0.00604	0.00604	0.00644	0.00489	0.00420	0.00714	0.00673	0.00938	0.01251	0.02215	0.01304	0.38388	0.43540	0.05192	0.00813	0.00542	0.00248	0.00329
20	0.00570	0.00427	0.00529	0.00566	0.00649	0.00389	0.00409	0.00698	0.01003	0.01325	0.24322	0.35560	0.23179	0.02709	0.00575	0.00167	0.00248	0.05868	0.00428	0.00379
21	0.00594	0.00440	0.00539	0.00580	0.00664	0.00410	0.00420	0.00757	0.03578	0.01330	0.18850	0.38794	0.20351	0.01155	0.00535	0.00162	0.00250	0.06196	0.04005	0.00390
22	0.01208	0.00976	0.01259	0.34102	0.09548	0.06008	0.00983	0.21240	0.03690	0.07709	0.03730	0.01252	0.00850	0.00492	0.00435	0.00137	0.00513	0.00409	0.04862	0.00597
23	0.05063	0.06773	0.04731	0.00965	0.01286	0.05546	0.00823	0.52036	0.01672	0.05589	0.01034	0.03346	0.00788	0.00543	0.00474	0.00133	0.04913	0.00397	0.03213	0.00675
24	0.00619	0.00465	0.00670	0.00676	0.00753	0.00523	0.00516	0.00762	0.00735	0.01035	0.01494	0.06358	0.06954	0.06750	0.68831	0.00629	0.01031	0.00555	0.00260	0.00385
25	0.00611	0.00419	0.00544	0.00608	0.00671	0.00388	0.00426	0.00711	0.00911	0.04528	0.07960	0.60222	0.12386	0.01342	0.03238	0.00189	0.00289	0.03757	0.00415	0.00383
26	0.00848	0.00799	0.01349	0.79178	0.07174	0.00985	0.01233	0.01140	0.00890	0.01145	0.00787	0.01173	0.00595	0.00439	0.00441	0.00146	0.00585	0.00393	0.00197	0.00502
27	0.01047	0.00755	0.02491	0.00731	0.00944	0.03437	0.03191	0.05675	0.18999	0.12784	0.09253	0.05881	0.14240	0.00715	0.00449	0.00138	0.00333	0.02260	0.16129	0.00548
28	0.00834	0.00785	0.01325	0.83417	0.03042	0.00981	0.01227	0.01128	0.00883	0.01128	0.00785	0.01178	0.00589	0.00442	0.00442	0.00147	0.00589	0.00393	0.00196	0.00491
29	0.00564	0.00411	0.00536	0.00628	0.00679	0.00384	0.00449	0.00664	0.00890	0.01165	0.02644	0.62968	0.11539	0.01329	0.00566	0.00180	0.00276	0.13351	0.00409	0.00368
30	0.03854	0.05620	0.10934	0.03198	0.10784	0.03223	0.16081	0.11241	0.03073	0.09925	0.01031	0.03929	0.00832	0.00548	0.00575	0.01825	0.09111	0.02288	0.01319	0.00609
31	0.01064	0.01014	0.01725	0.02599	0.77404	0.01013	0.01305	0.01316	0.00997	0.01426	0.00916	0.05519	0.00818	0.00446	0.00444	0.00134	0.00510	0.00439	0.00229	0.00681
32	0.00527	0.00434	0.00464	0.00484	0.00607	0.00371	0.00353	0.00634	0.00978	0.01190	0.05434	0.20890	0.63770	0.01170	0.00531	0.00155	0.00230	0.00997	0.00411	0.00371
33	0.00993	0.18683	0.51819	0.01194	0.01738	0.03453	0.09012	0.01446	0.05207	0.01343	0.00817	0.00947	0.00614	0.00417	0.00403	0.00131	0.00613	0.00335	0.00206	0.00628
34	0.01115	0.02930	0.04288	0.09433	0.56636	0.04261	0.02175	0.03975	0.05549	0.02899	0.00916	0.02227	0.00752	0.00432	0.00436	0.00133	0.00529	0.00404	0.00244	0.00666
35	0.00805	0.05436	0.00863	0.00732	0.00800	0.06548	0.00546	0.00915	0.02701	0.00991	0.01113	0.01930	0.01150	0.33839	0.25846	0.00426	0.14233	0.00498	0.00243	0.00385
36	0.09160	0.00723	0.00808	0.00709	0.00911	0.00752	0.00548	0.09611	0.17957	0.11252	0.17415	0.04517	0.01829	0.11645	0.00682	0.00178	0.00343	0.03823	0.02698	0.04437
37	0.02387	0.04256	0.07120	0.00789	0.00999	0.02697	0.04102	0.02130	0.00959	0.09925	0.06179	0.13762	0.10698	0.05109	0.02111	0.04329	0.06039	0.07734	0.00339	0.08337
38	0.00879	0.05094	0.01162	0.00958	0.01010	0.02075	0.00782	0.00989	0.00729	0.01078	0.04207	0.01354	0.00918	0.08019	0.17105	0.00301	0.49951	0.00429	0.00222	0.02739
39	0.00646	0.00486	0.00570	0.00572	0.00690	0.01690	0.00431	0.00792	0.01840	0.03850	0.10136	0.14181	0.35705	0.01584	0.19483	0.00280	0.00466	0.02242	0.03957	0.00400
40	0.00664	0.00531	0.00776	0.03599	0.02753	0.00514	0.07118	0.03518	0.02329	0.01279	0.06519	0.53168	0.09941	0.02168	0.00555	0.00169	0.00319	0.01018	0.02647	0.00415

[dist]
# distance from previous block
# <min> <max>
1	51

[block]
# block no. 3 follows, 59 sequences, length 17
# corresponding to MSA columns:
# 313-329
name=unknown_D
#
# <colnr> <probs for GDERKNQSTAVLIFYWHMCP>
#	G	D	E	R	K	N	Q	S	T	A	V	L	I	F	Y	W	H	M	C	P
0	0.00963	0.09899	0.19932	0.02674	0.03846	0.04943	0.00869	0.06117	0.07381	0.05333	0.07066	0.23325	0.03169	0.00752	0.00472	0.00145	0.01602	0.00635	0.00329	0.00547
1	0.00952	0.05659	0.05990	0.23616	0.04405	0.00917	0.03699	0.09034	0.06366	0.01443	0.04492	0.08363	0.01080	0.00597	0.00499	0.02845	0.02490	0.02643	0.00285	0.14624
2	0.05435	0.06804	0.03989	0.08213	0.05884	0.09275	0.00835	0.27384	0.08188	0.03946	0.01070	0.04157	0.00865	0.00524	0.00415	0.00128	0.00482	0.02355	0.01868	0.08181
3	0.00833	0.00754	0.01075	0.38396	0.06744	0.04534	0.00905	0.02885	0.00909	0.01199	0.01226	0.17953	0.02015	0.01794	0.06811	0.00195	0.03767	0.01596	0.02430	0.03978
4	0.00554	0.00395	0.00530	0.00633	0.00665	0.00372	0.00437	0.00642	0.00861	0.01145	0.02426	0.77086	0.02887	0.01369	0.00568	0.00182	0.00270	0.08206	0.00410	0.00363
5	0.01620	0.01252	0.01289	0.01011	0.01347	0.05392	0.00826	0.68576	0.09897	0.02605	0.01115	0.01106	0.00802	0.00533	0.00440	0.00133	0.00488	0.00402	0.00432	0.00734
6	0.03976	0.10113	0.06830	0.02455	0.17956	0.02131	0.05186	0.04904	0.04239	0.05538	0.03747	0.02660	0.00909	0.00456	0.00398	0.00115	0.00447	0.02553	0.00281	0.25106
7	0.01152	0.07707	0.24154	0.03849	0.01507	0.02260	0.09695	0.08148	0.05911	0.14128	0.06498	0.03078	0.02940	0.00593	0.02269	0.00150	0.02842	0.00446	0.00318	0.02355
8	0.00905	0.07756	0.76890	0.01225	0.01860	0.01074	0.01574	0.01394	0.00930	0.01375	0.00781	0.00918	0.00560	0.00417	0.00411	0.00137	0.00641	0.00320	0.00187	0.00647
9	0.00782	0.07699	0.02949	0.08600	0.06537	0.00747	0.05342	0.02560	0.05083	0.01218	0.01723	0.27451	0.06772	0.10233	0.04301	0.00209	0.02560	0.02948	0.01830	0.00456
10	0.02872	0.04862	0.07928	0.10002	0.17021	0.02240	0.07430	0.06528	0.03827	0.16799	0.06731	0.04879	0.01129	0.00567	0.00493	0.02015	0.01882	0.01856	0.00328	0.00611
11	0.00657	0.00475	0.00609	0.00597	0.00624	0.00524	0.00403	0.00716	0.00667	0.00925	0.01275	0.02392	0.01378	0.52465	0.29105	0.00509	0.05534	0.00571	0.00253	0.00323
12	0.01527	0.00651	0.00868	0.00718	0.00967	0.00584	0.00573	0.01683	0.01151	0.54698	0.05890	0.14115	0.05191	0.00720	0.00487	0.00143	0.02562	0.00602	0.06240	0.00629
13	0.05365	0.03344	0.09548	0.07092	0.28110	0.01044	0.11249	0.06607	0.07048	0.03191	0.03019	0.02925	0.00868	0.00609	0.04263	0.00167	0.04233	0.00432	0.00266	0.00620
14	0.01031	0.05757	0.29836	0.27947	0.04976	0.01059	0.01238	0.09010	0.06473	0.05266	0.00955	0.01183	0.00715	0.00470	0.00430	0.00141	0.00563	0.02086	0.00255	0.00609
15	0.00758	0.00702	0.06190	0.00772	0.00850	0.00742	0.00631	0.00888	0.00729	0.01094	0.01123	0.04731	0.01120	0.21633	0.23973	0.00379	0.22584	0.00503	0.10193	0.00405
16	0.01064	0.00922	0.05146	0.01109	0.01380	0.02338	0.25082	0.07334	0.05600	0.10753	0.05389	0.09404	0.02522	0.05618	0.02597	0.04510	0.02640	0.03854	0.02199	0.00539

[dist]
# distance from previous block
# <min> <max>
0	6

[block]
# block no. 4 follows, 59 sequences, length 10
# corresponding to MSA columns:
# 336-345
name=unknown_E
#
# <colnr> <probs for GDERKNQSTAVLIFYWHMCP>
#	G	D	E	R	K	N	Q	S	T	A	V	L	I	F	Y	W	H	M	C	P
0	0.04573	0.10234	0.12885	0.00992	0.01308	0.08181	0.09730	0.09191	0.06057	0.10717	0.02965	0.15237	0.01258	0.00656	0.00450	0.00142	0.00490	0.04023	0.00334	0.00576
1	0.05612	0.06218	0.00944	0.00799	0.00972	0.19262	0.00616	0.09061	0.01100	0.05762	0.01820	0.26920	0.11322	0.00864	0.00509	0.00148	0.04031	0.03206	0.00349	0.00482
2	0.00723	0.00636	0.03831	0.00902	0.07524	0.00586	0.04143	0.01002	0.10620	0.01343	0.11392	0.36291	0.06124	0.01050	0.00584	0.04241	0.00338	0.07836	0.00381	0.00453
3	0.04925	0.07956	0.25604	0.08180	0.05739	0.02606	0.05640	0.04322	0.05199	0.07683	0.00958	0.04941	0.00777	0.00536	0.00575	0.00146	0.12949	0.00408	0.00259	0.00596
4	0.06076	0.05062	0.07374	0.04441	0.10615	0.12701	0.06297	0.12600	0.17949	0.04141	0.02466	0.01166	0.00856	0.00505	0.00489	0.00138	0.05789	0.00397	0.00312	0.00626
5	0.00840	0.00791	0.01073	0.00966	0.01014	0.04183	0.03827	0.00956	0.00765	0.01103	0.01146	0.20301	0.01223	0.01286	0.14193	0.00266	0.42246	0.00603	0.02775	0.00444
6	0.00648	0.00470	0.00597	0.00625	0.00674	0.00484	0.00436	0.03836	0.00828	0.01112	0.01929	0.34390	0.05779	0.25559	0.13572	0.00330	0.02723	0.05308	0.00338	0.00360
7	0.03333	0.04958	0.13792	0.06512	0.18254	0.13217	0.06335	0.03352	0.02644	0.01323	0.01003	0.08699	0.00923	0.00635	0.02299	0.00156	0.08258	0.03494	0.00247	0.00565
8	0.01392	0.06937	0.08865	0.01148	0.08788	0.11810	0.03977	0.12540	0.12997	0.18598	0.01252	0.02773	0.00963	0.00544	0.00454	0.00137	0.01914	0.03900	0.00360	0.00653
9	0.01266	0.00901	0.00981	0.00819	0.01062	0.03459	0.00650	0.34205	0.09685	0.09539	0.17688	0.08996	0.04444	0.00706	0.00466	0.00139	0.00377	0.00583	0.03421	0.00612

[dist]
# distance from previous block
# <min> <max>
14	37

[block]
# block no. 5 follows, 59 sequences, length 19
# corresponding to MSA columns:
# 384-402
name=unknown_F
#
# <colnr> <probs for GDERKNQSTAVLIFYWHMCP>
#	G	D	E	R	K	N	Q	S	T	A	V	L	I	F	Y	W	H	M	C	P
0	0.00788	0.02202	0.00740	0.02188	0.02971	0.00593	0.00512	0.01147	0.14428	0.05096	0.35777	0.05510	0.17390	0.00829	0.00486	0.00140	0.00273	0.01879	0.02494	0.04558
1	0.01029	0.09414	0.05492	0.06871	0.01248	0.00825	0.05088	0.04301	0.08133	0.10288	0.10085	0.04032	0.05751	0.02290	0.00457	0.00127	0.00396	0.01736	0.01720	0.20717
2	0.17760	0.01132	0.15936	0.07844	0.21372	0.00963	0.02750	0.03450	0.06388	0.04115	0.03681	0.06366	0.02408	0.00532	0.00454	0.00143	0.03402	0.00440	0.00277	0.00588
3	0.00967	0.09989	0.01081	0.00676	0.01066	0.00738	0.00558	0.03432	0.00948	0.01434	0.00774	0.00897	0.00647	0.00339	0.00326	0.00071	0.00348	0.00263	0.00259	0.75188
4	0.01281	0.28165	0.04376	0.01041	0.01329	0.32470	0.07957	0.01448	0.01040	0.01141	0.00795	0.01099	0.00713	0.00489	0.00456	0.00121	0.06349	0.05202	0.01697	0.02830
5	0.02514	0.04600	0.04941	0.02460	0.04135	0.00641	0.00604	0.05859	0.06070	0.01316	0.01911	0.44647	0.03495	0.04813	0.00617	0.02339	0.00348	0.06097	0.00363	0.02230
6	0.01219	0.49715	0.04652	0.03877	0.03862	0.06831	0.04591	0.04956	0.03316	0.06259	0.00863	0.02969	0.00748	0.00464	0.00376	0.00115	0.01997	0.02362	0.00246	0.00582
7	0.02719	0.02640	0.16488	0.03499	0.05460	0.04049	0.05513	0.22632	0.17237	0.05886	0.04985	0.01345	0.02876	0.00534	0.00462	0.00139	0.02092	0.00435	0.00352	0.00657
8	0.02865	0.00659	0.00890	0.05923	0.01046	0.00709	0.02501	0.05194	0.04523	0.12944	0.04503	0.01921	0.01262	0.15903	0.23832	0.00353	0.06230	0.04164	0.00321	0.04258
9	0.00622	0.00453	0.00586	0.00557	0.00663	0.00417	0.00420	0.00826	0.01232	0.01731	0.75695	0.03388	0.07966	0.00922	0.00523	0.00141	0.00214	0.02749	0.00480	0.00414
10	0.00631	0.00435	0.00507	0.00514	0.00539	0.00430	0.00319	0.00669	0.00729	0.00968	0.05762	0.06142	0.07866	0.63196	0.05675	0.00386	0.00430	0.04204	0.00300	0.00299
11	0.00803	0.00467	0.00562	0.00551	0.00671	0.00427	0.00407	0.00946	0.01007	0.11774	0.15102	0.21035	0.18284	0.05532	0.00575	0.00160	0.00261	0.03045	0.17963	0.00429
12	0.00895	0.00936	0.06494	0.40378	0.21464	0.00955	0.07183	0.01182	0.00935	0.01277	0.04526	0.01319	0.02197	0.00585	0.03903	0.00166	0.02650	0.00430	0.01976	0.00548
13	0.04550	0.00625	0.00756	0.00660	0.00845	0.00614	0.00517	0.09445	0.04944	0.17098	0.40757	0.05453	0.02646	0.00756	0.00472	0.00138	0.00286	0.01890	0.07020	0.00528
14	0.04974	0.01132	0.02398	0.06660	0.18854	0.21561	0.00850	0.01418	0.13433	0.01351	0.02686	0.20164	0.01317	0.00681	0.00452	0.00142	0.00497	0.00579	0.00306	0.00545
15	0.06829	0.04471	0.19310	0.08743	0.12053	0.08927	0.07253	0.14873	0.01179	0.04487	0.04574	0.01134	0.00818	0.00545	0.02796	0.00151	0.00581	0.00386	0.00276	0.00614
16	0.03044	0.31057	0.10149	0.06201	0.07571	0.03400	0.02210	0.09607	0.03676	0.05033	0.00868	0.01042	0.00712	0.03513	0.04003	0.00152	0.00525	0.00335	0.00256	0.06647
17	0.05739	0.04771	0.05611	0.05179	0.07400	0.00790	0.13667	0.03063	0.03360	0.06120	0.14706	0.06543	0.09370	0.00686	0.01985	0.00148	0.00429	0.00569	0.07182	0.02680
18	0.15528	0.09231	0.13047	0.01002	0.02078	0.06895	0.13260	0.05346	0.06134	0.01562	0.09167	0.03702	0.01097	0.02349	0.00447	0.00136	0.00490	0.00423	0.00286	0.07819

[dist]
# distance from previous block
# <min> <max>
7	28

[block]
# block no. 6 follows, 59 sequences, length 10
# corresponding to MSA columns:
# 431-440
name=unknown_G
#
# <colnr> <probs for GDERKNQSTAVLIFYWHMCP>
#	G	D	E	R	K	N	Q	S	T	A	V	L	I	F	Y	W	H	M	C	P
0	0.08111	0.05911	0.11927	0.00909	0.04518	0.00856	0.03455	0.03705	0.14809	0.10396	0.12675	0.05045	0.05604	0.00670	0.01930	0.00147	0.00409	0.02368	0.00362	0.06193
1	0.02948	0.04557	0.00764	0.03826	0.03333	0.00576	0.00518	0.01021	0.04406	0.09881	0.25651	0.16623	0.14945	0.05645	0.00595	0.00164	0.00302	0.03372	0.00412	0.00459
2	0.01052	0.28012	0.21845	0.04144	0.02913	0.04829	0.04222	0.05161	0.09289	0.01348	0.00991	0.06507	0.00861	0.00564	0.02139	0.00138	0.00531	0.01555	0.00253	0.03645
3	0.05385	0.00492	0.00626	0.00656	0.00759	0.00470	0.00494	0.00926	0.00947	0.11551	0.07039	0.38101	0.06026	0.07233	0.00662	0.00191	0.00316	0.17289	0.00414	0.00423
4	0.03745	0.05707	0.22365	0.13720	0.06998	0.07948	0.01045	0.07550	0.07939	0.05516	0.04320	0.04137	0.04410	0.00533	0.00428	0.00136	0.00519	0.00432	0.00288	0.02268
5	0.01088	0.03821	0.08811	0.10560	0.22552	0.06195	0.00972	0.02578	0.01021	0.10083	0.04350	0.01620	0.02264	0.02307	0.00525	0.03454	0.00487	0.07557	0.00287	0.09467
6	0.56007	0.10540	0.05514	0.00789	0.04507	0.07277	0.00653	0.03696	0.00875	0.01749	0.00661	0.00770	0.00526	0.00409	0.00307	0.00127	0.00420	0.00260	0.00258	0.04657
7	0.05053	0.27247	0.14297	0.00936	0.01327	0.01290	0.03393	0.22788	0.05589	0.09330	0.04034	0.01079	0.00844	0.00475	0.00388	0.00124	0.00482	0.00359	0.00321	0.00646
8	0.00744	0.00672	0.01115	0.02817	0.01154	0.00651	0.20134	0.00996	0.03776	0.01447	0.25523	0.10535	0.16942	0.00842	0.00554	0.00153	0.03318	0.05574	0.02594	0.00460
9	0.00772	0.00655	0.00919	0.00848	0.00878	0.00827	0.00665	0.00858	0.00753	0.01098	0.09210	0.12408	0.01422	0.04904	0.18382	0.08778	0.35385	0.00571	0.00263	0.00404

[dist]
# distance from previous block
# <min> <max>
0	2

[block]
# block no. 7 follows, 59 sequences, length 17
# corresponding to MSA columns:
# 445-452,459,460,464-470
name=unknown_H
#
# <colnr> <probs for GDERKNQSTAVLIFYWHMCP>
#	G	D	E	R	K	N	Q	S	T	A	V	L	I	F	Y	W	H	M	C	P
0	0.00944	0.00880	0.01329	0.47328	0.10169	0.03202	0.04767	0.04492	0.00970	0.01314	0.00814	0.01107	0.00632	0.00415	0.00418	0.00126	0.00531	0.00369	0.01621	0.18572
1	0.00731	0.00570	0.00711	0.00703	0.00774	0.06375	0.00527	0.00809	0.00719	0.00970	0.01074	0.01641	0.01021	0.06377	0.57075	0.17927	0.00962	0.00449	0.00228	0.00357
2	0.01203	0.01217	0.11786	0.13194	0.19060	0.02362	0.05883	0.24883	0.01281	0.03015	0.00898	0.01081	0.00684	0.00474	0.00508	0.00138	0.06474	0.00389	0.02245	0.03226
3	0.05279	0.10434	0.01066	0.00767	0.02059	0.00901	0.00617	0.19188	0.04887	0.10740	0.03948	0.10062	0.02393	0.02250	0.00444	0.00130	0.00371	0.02823	0.07837	0.13803
4	0.00651	0.00464	0.00549	0.00529	0.00662	0.00409	0.00400	0.00806	0.01113	0.05879	0.36219	0.08338	0.38489	0.01015	0.00522	0.00147	0.00232	0.02715	0.00449	0.00412
5	0.03293	0.00994	0.07884	0.17114	0.21991	0.00931	0.02758	0.07378	0.02711	0.20138	0.01096	0.01318	0.00831	0.06466	0.00596	0.00160	0.02982	0.00419	0.00313	0.00627
6	0.06949	0.13089	0.10270	0.07115	0.02967	0.05105	0.03233	0.09289	0.04405	0.05710	0.00846	0.00982	0.00665	0.00463	0.00501	0.00124	0.10143	0.00333	0.00268	0.17543
7	0.00736	0.02990	0.00661	0.00641	0.00717	0.00499	0.00458	0.02215	0.00871	0.07814	0.02131	0.48344	0.07857	0.08801	0.06618	0.03706	0.03227	0.00944	0.00374	0.00398
8	0.00697	0.00455	0.00580	0.00564	0.00672	0.00413	0.00415	0.00834	0.01088	0.07207	0.41908	0.17752	0.17737	0.01047	0.00606	0.06081	0.00244	0.00852	0.00443	0.00407
9	0.01104	0.04652	0.32788	0.06843	0.08001	0.05423	0.04523	0.09294	0.02091	0.08895	0.01111	0.06582	0.02656	0.00590	0.01853	0.01702	0.00566	0.00437	0.00276	0.00613
10	0.10534	0.06338	0.10480	0.10431	0.04384	0.12421	0.04624	0.21020	0.03213	0.05849	0.01032	0.04394	0.02372	0.00511	0.00416	0.00134	0.00533	0.00402	0.00307	0.00603
11	0.62793	0.04321	0.05184	0.00726	0.01023	0.08021	0.02086	0.02982	0.06562	0.01833	0.00729	0.00817	0.00565	0.00428	0.00313	0.00134	0.00413	0.00274	0.00276	0.00517
12	0.01258	0.11592	0.09657	0.02843	0.10206	0.04961	0.10200	0.09369	0.09658	0.14214	0.04972	0.01262	0.00961	0.00536	0.00511	0.03611	0.02826	0.00416	0.00322	0.00626
13	0.00772	0.00485	0.00617	0.00580	0.00716	0.00437	0.00443	0.00946	0.01162	0.11651	0.46939	0.10043	0.18242	0.00953	0.00519	0.00147	0.00245	0.04188	0.00470	0.00445
14	0.01089	0.10322	0.23578	0.03656	0.05844	0.02448	0.13245	0.13826	0.02264	0.03838	0.09671	0.01330	0.02250	0.00503	0.00459	0.00135	0.02309	0.00432	0.02192	0.00610
15	0.00548	0.00392	0.00521	0.00609	0.00643	0.00365	0.00411	0.00639	0.00889	0.01197	0.10983	0.75442	0.03056	0.01332	0.00559	0.00175	0.00251	0.01206	0.00418	0.00365
16	0.03037	0.00460	0.00538	0.00564	0.00665	0.00428	0.00411	0.00758	0.02515	0.02996	0.11536	0.28072	0.30846	0.07131	0.02253	0.00191	0.00287	0.06522	0.00404	0.00386

[dist]
# distance from previous block
# <min> <max>
0	70

# created by:
# /st0/software/busco_prod/Augustus/scripts/msa2prfl.pl ./align_prep/1434266.fa
