[name]
unknown

[dist]
# distance from previous block
# <min> <max>
0	104

[block]
# block no. 0 follows, 57 sequences, length 14
# corresponding to MSA columns:
# 109-122
name=unknown_A
#
# <colnr> <probs for GDERKNQSTAVLIFYWHMCP>
#	G	D	E	R	K	N	Q	S	T	A	V	L	I	F	Y	W	H	M	C	P
0	0.00912	0.00665	0.00804	0.00814	0.03596	0.00683	0.00595	0.11226	0.13993	0.05670	0.07539	0.33571	0.08564	0.01028	0.00531	0.00166	0.00333	0.08356	0.00437	0.00518
1	0.03768	0.29215	0.10212	0.02624	0.01323	0.07386	0.03300	0.11007	0.12103	0.01550	0.06621	0.01214	0.02144	0.00510	0.00426	0.00126	0.02936	0.00382	0.00296	0.02855
2	0.01440	0.11720	0.01494	0.01206	0.07330	0.33615	0.04607	0.17202	0.01300	0.01518	0.00833	0.00986	0.00680	0.00598	0.03466	0.00149	0.07185	0.00349	0.03732	0.00589
3	0.05127	0.00597	0.00736	0.00655	0.00830	0.00567	0.00497	0.02926	0.05273	0.22411	0.31164	0.11113	0.06302	0.08946	0.00674	0.00176	0.00306	0.00713	0.00468	0.00519
4	0.01110	0.01031	0.04288	0.36769	0.20520	0.03305	0.06444	0.07215	0.01062	0.06848	0.00895	0.01169	0.00681	0.00474	0.00527	0.00148	0.06251	0.00410	0.00252	0.00604
5	0.10289	0.02742	0.03949	0.01029	0.01272	0.14733	0.11387	0.01363	0.07959	0.01394	0.02536	0.01634	0.05341	0.03281	0.03063	0.00172	0.12409	0.06254	0.00284	0.08909
6	0.00632	0.00442	0.00552	0.00603	0.00676	0.00407	0.00428	0.00736	0.00942	0.03811	0.08922	0.42947	0.18423	0.09991	0.00749	0.00202	0.00290	0.08448	0.00416	0.00383
7	0.01149	0.00819	0.00943	0.00815	0.00999	0.04461	0.00643	0.15854	0.06655	0.12626	0.15119	0.04872	0.05544	0.04659	0.11325	0.00236	0.09097	0.00565	0.03064	0.00556
8	0.01256	0.16692	0.04176	0.01119	0.03412	0.16234	0.12368	0.07790	0.14033	0.05058	0.02363	0.03504	0.04189	0.00568	0.00460	0.00137	0.01984	0.03740	0.00316	0.00603
9	0.00937	0.00528	0.00672	0.00644	0.00790	0.00479	0.00478	0.01112	0.03960	0.20316	0.17022	0.33589	0.15568	0.01052	0.00530	0.00160	0.00281	0.00923	0.00470	0.00489
10	0.00573	0.00410	0.00536	0.00627	0.00663	0.00386	0.00429	0.00657	0.00871	0.01152	0.02497	0.67787	0.06348	0.08091	0.00720	0.00205	0.00287	0.06987	0.00409	0.00365
11	0.01151	0.01100	0.01686	0.17269	0.40034	0.04888	0.08501	0.09296	0.06435	0.01555	0.00925	0.01164	0.00734	0.00453	0.00485	0.00142	0.02847	0.00418	0.00259	0.00658
12	0.06248	0.00818	0.00937	0.00765	0.01043	0.00832	0.00618	0.17029	0.11728	0.32403	0.01522	0.01464	0.01062	0.00549	0.00413	0.00133	0.00361	0.00434	0.20976	0.00666
13	0.00685	0.00475	0.00561	0.00545	0.00680	0.00417	0.00406	0.00833	0.01114	0.07434	0.29587	0.14311	0.39157	0.01066	0.00535	0.00153	0.00240	0.00917	0.00457	0.00425

[dist]
# distance from previous block
# <min> <max>
9	16

[block]
# block no. 1 follows, 57 sequences, length 25
# corresponding to MSA columns:
# 143-153,155-168
name=unknown_B
#
# <colnr> <probs for GDERKNQSTAVLIFYWHMCP>
#	G	D	E	R	K	N	Q	S	T	A	V	L	I	F	Y	W	H	M	C	P
0	0.04574	0.00591	0.00705	0.04045	0.00904	0.00541	0.00501	0.03685	0.01096	0.19107	0.07411	0.15630	0.34028	0.00935	0.00499	0.00150	0.00302	0.00791	0.00436	0.04070
1	0.01440	0.05826	0.01296	0.01089	0.06561	0.05748	0.00830	0.35490	0.24341	0.06076	0.01349	0.02485	0.01044	0.00583	0.00452	0.00142	0.00466	0.03655	0.00417	0.00708
2	0.01241	0.06645	0.29217	0.01186	0.05596	0.05871	0.04975	0.11643	0.03668	0.10808	0.00971	0.01063	0.00714	0.00469	0.00474	0.00132	0.04544	0.00365	0.00291	0.10127
3	0.04118	0.12536	0.17468	0.03221	0.01483	0.25332	0.03680	0.02618	0.11989	0.03673	0.00905	0.01016	0.00712	0.00501	0.00516	0.00137	0.08889	0.00351	0.00260	0.00596
4	0.79962	0.00878	0.00694	0.00619	0.00894	0.01011	0.00506	0.05086	0.00840	0.02040	0.00722	0.03807	0.00596	0.00463	0.00300	0.00142	0.00354	0.00292	0.00294	0.00500
5	0.00566	0.00436	0.00521	0.00575	0.00664	0.00391	0.00417	0.00679	0.00976	0.01243	0.08310	0.39940	0.34515	0.01264	0.00562	0.00171	0.00260	0.07701	0.00425	0.00382
6	0.01083	0.00919	0.01434	0.27631	0.29031	0.01009	0.02270	0.05787	0.06619	0.06786	0.07933	0.01406	0.01060	0.00516	0.00510	0.00146	0.04496	0.00452	0.00291	0.00619
7	0.00614	0.00447	0.00530	0.00530	0.00603	0.00415	0.00361	0.00724	0.00985	0.01319	0.30593	0.12779	0.19586	0.27261	0.01099	0.00243	0.00294	0.00852	0.00402	0.00363
8	0.03351	0.00865	0.01018	0.00871	0.01118	0.00938	0.04450	0.12075	0.36272	0.07533	0.11923	0.02009	0.08594	0.00856	0.05881	0.00186	0.00425	0.00565	0.00438	0.00630
9	0.00853	0.00572	0.00744	0.05268	0.00916	0.00561	0.00531	0.06231	0.03308	0.08686	0.59143	0.06237	0.03440	0.00856	0.00518	0.00144	0.00275	0.00749	0.00480	0.00489
10	0.01040	0.15964	0.57828	0.01208	0.01794	0.01213	0.04700	0.08519	0.01062	0.01503	0.00812	0.00941	0.00598	0.00432	0.00413	0.00135	0.00627	0.00334	0.00217	0.00662
11	0.01063	0.30576	0.29666	0.01047	0.01472	0.08774	0.04855	0.01347	0.00956	0.01225	0.00942	0.01097	0.04501	0.00665	0.05850	0.00167	0.04651	0.00351	0.00213	0.00583
12	0.18867	0.01112	0.01126	0.02664	0.01268	0.10957	0.03026	0.23184	0.05344	0.22801	0.01212	0.01306	0.00884	0.00540	0.00424	0.00140	0.00478	0.03602	0.00407	0.00657
13	0.10925	0.01023	0.01483	0.21310	0.30315	0.03482	0.03157	0.07494	0.01024	0.02686	0.00809	0.01077	0.00653	0.00487	0.00577	0.00148	0.12112	0.00386	0.00245	0.00606
14	0.00903	0.00610	0.00677	0.00620	0.00775	0.00642	0.00478	0.09432	0.13214	0.01793	0.19237	0.02154	0.05700	0.01962	0.06233	0.00175	0.00339	0.00556	0.33999	0.00500
15	0.00634	0.00478	0.00633	0.00650	0.00741	0.00450	0.02747	0.00787	0.02005	0.01340	0.20525	0.27049	0.15624	0.10103	0.00753	0.00200	0.00307	0.14163	0.00417	0.00394
16	0.01053	0.01288	0.09509	0.01702	0.06507	0.06409	0.54017	0.01397	0.01057	0.01424	0.02065	0.06331	0.00880	0.00470	0.00507	0.00149	0.00688	0.00539	0.03417	0.00592
17	0.18690	0.00770	0.00916	0.00738	0.01044	0.00735	0.00603	0.03117	0.04466	0.51464	0.06942	0.01662	0.05706	0.00592	0.00431	0.00142	0.00359	0.00468	0.00487	0.00669
18	0.01329	0.01246	0.01263	0.01193	0.09486	0.22014	0.05245	0.14459	0.07999	0.06912	0.06527	0.03227	0.05273	0.00604	0.00541	0.00140	0.07532	0.00471	0.03939	0.00599
19	0.01433	0.00665	0.00872	0.00727	0.00969	0.00606	0.00576	0.04958	0.03217	0.44090	0.23396	0.10803	0.02173	0.00752	0.00487	0.00145	0.00326	0.00642	0.02538	0.00625
20	0.00767	0.00621	0.00694	0.00676	0.00738	0.05961	0.00474	0.02399	0.04092	0.01056	0.01353	0.06813	0.01417	0.38596	0.29478	0.00478	0.03143	0.00592	0.00278	0.00376
21	0.00560	0.00433	0.00500	0.00542	0.00635	0.00383	0.00384	0.00653	0.00952	0.01193	0.05320	0.34726	0.42699	0.03676	0.00642	0.02711	0.00257	0.02951	0.00412	0.00370
22	0.01164	0.20458	0.03855	0.01281	0.09474	0.09459	0.18398	0.05788	0.02260	0.01403	0.00826	0.01007	0.00678	0.00503	0.03118	0.00135	0.01497	0.00359	0.00244	0.18091
23	0.01205	0.02093	0.01353	0.20448	0.23534	0.00967	0.00996	0.12986	0.02381	0.10510	0.01053	0.01219	0.01679	0.00460	0.00427	0.00128	0.00479	0.00396	0.03877	0.13810
24	0.10330	0.11302	0.20366	0.02747	0.01432	0.08773	0.02075	0.11004	0.02286	0.19624	0.01019	0.01062	0.00729	0.00492	0.00462	0.00137	0.04829	0.00356	0.00324	0.00649

[dist]
# distance from previous block
# <min> <max>
0	7

[block]
# block no. 2 follows, 57 sequences, length 10
# corresponding to MSA columns:
# 176-185
name=unknown_C
#
# <colnr> <probs for GDERKNQSTAVLIFYWHMCP>
#	G	D	E	R	K	N	Q	S	T	A	V	L	I	F	Y	W	H	M	C	P
0	0.00663	0.00492	0.00587	0.00626	0.00705	0.02136	0.00451	0.00776	0.00962	0.03677	0.09627	0.44077	0.18972	0.02991	0.00620	0.00175	0.03190	0.05073	0.03802	0.00399
1	0.00659	0.00439	0.00494	0.00494	0.00494	0.00439	0.00275	0.00659	0.00659	0.00879	0.01428	0.02965	0.01647	0.84075	0.02306	0.00439	0.00439	0.00659	0.00275	0.00275
2	0.01170	0.05091	0.04219	0.05492	0.01617	0.02672	0.22188	0.14492	0.20778	0.04082	0.06257	0.01582	0.03459	0.00562	0.00505	0.00148	0.02617	0.02079	0.00354	0.00636
3	0.01088	0.05822	0.38610	0.06168	0.05807	0.02463	0.01229	0.14515	0.06520	0.02897	0.01100	0.02920	0.03160	0.03612	0.00527	0.00153	0.02073	0.00414	0.00277	0.00644
4	0.00664	0.00462	0.00642	0.00642	0.00691	0.00510	0.00459	0.00742	0.00693	0.00973	0.01239	0.02108	0.01259	0.28186	0.49746	0.08966	0.00895	0.00530	0.00248	0.00344
5	0.01164	0.08891	0.08089	0.01161	0.10264	0.10153	0.00900	0.11480	0.11882	0.03548	0.04408	0.01546	0.07217	0.00764	0.05004	0.00176	0.10705	0.01731	0.00316	0.00601
6	0.00696	0.00474	0.00587	0.00588	0.00679	0.00469	0.00426	0.00858	0.03233	0.03914	0.14602	0.15227	0.14510	0.15467	0.16077	0.00308	0.00462	0.02422	0.08600	0.00400
7	0.07046	0.01219	0.03082	0.14751	0.16511	0.15977	0.10518	0.04475	0.06268	0.06933	0.00945	0.01165	0.00741	0.02560	0.00554	0.00150	0.05828	0.00404	0.00273	0.00599
8	0.06094	0.09886	0.26187	0.04037	0.04591	0.05625	0.02973	0.01368	0.00984	0.08654	0.01110	0.05957	0.03949	0.00518	0.00437	0.00129	0.02571	0.00410	0.00270	0.14250
9	0.01104	0.24282	0.17279	0.03414	0.04400	0.05443	0.06250	0.01397	0.03876	0.04462	0.00854	0.01025	0.00696	0.02938	0.00455	0.00123	0.01959	0.00333	0.00242	0.19470

[dist]
# distance from previous block
# <min> <max>
0	40

[block]
# block no. 3 follows, 57 sequences, length 21
# corresponding to MSA columns:
# 260-266,285-298
name=unknown_D
#
# <colnr> <probs for GDERKNQSTAVLIFYWHMCP>
#	G	D	E	R	K	N	Q	S	T	A	V	L	I	F	Y	W	H	M	C	P
0	0.00891	0.03309	0.02877	0.00730	0.00943	0.00625	0.03473	0.02445	0.05285	0.08194	0.23993	0.07554	0.05655	0.06647	0.04512	0.00186	0.00385	0.06811	0.00393	0.15092
1	0.02618	0.00899	0.01070	0.08280	0.08961	0.03702	0.01582	0.14037	0.20569	0.08009	0.03329	0.07016	0.11377	0.00697	0.00473	0.00148	0.00415	0.03292	0.02916	0.00611
2	0.00647	0.00437	0.00512	0.00534	0.00544	0.00433	0.00322	0.00671	0.00712	0.00947	0.01642	0.15110	0.01903	0.67085	0.01954	0.00388	0.00412	0.05147	0.00304	0.00297
3	0.21833	0.01039	0.06964	0.09210	0.18757	0.02721	0.12901	0.03554	0.01961	0.01629	0.03293	0.02491	0.00891	0.00492	0.00421	0.00142	0.00501	0.03479	0.07150	0.00571
4	0.00623	0.00486	0.00566	0.00552	0.00676	0.00448	0.00409	0.00847	0.05948	0.01516	0.38350	0.10505	0.33145	0.03190	0.00580	0.00158	0.00239	0.00889	0.00454	0.00419
5	0.01472	0.12328	0.01485	0.05099	0.09765	0.22687	0.00898	0.29766	0.01466	0.01809	0.00862	0.00965	0.00674	0.00465	0.00409	0.00120	0.00575	0.00342	0.00308	0.08504
6	0.00573	0.00433	0.00567	0.04977	0.00791	0.00411	0.00464	0.00675	0.00906	0.01177	0.02774	0.62093	0.16684	0.01313	0.00566	0.00178	0.00281	0.04348	0.00409	0.00380
7	0.10166	0.04294	0.01254	0.03590	0.10120	0.16236	0.00833	0.19245	0.13753	0.08915	0.01089	0.01139	0.00820	0.00557	0.02157	0.00144	0.00526	0.00379	0.00351	0.04431
8	0.01020	0.00769	0.05136	0.00775	0.00977	0.00713	0.00643	0.08956	0.04604	0.13627	0.21098	0.13941	0.09866	0.00855	0.00596	0.00153	0.08178	0.03012	0.00425	0.04656
9	0.00568	0.00418	0.00514	0.00584	0.00636	0.00385	0.00396	0.00648	0.00880	0.01140	0.02784	0.54403	0.18846	0.12178	0.00797	0.00212	0.00284	0.03565	0.00401	0.00360
10	0.06706	0.00562	0.00650	0.00655	0.00774	0.00565	0.00478	0.07300	0.06500	0.02654	0.15110	0.42679	0.11442	0.01102	0.00526	0.00164	0.00285	0.00967	0.00431	0.00450
11	0.01022	0.26630	0.47973	0.01164	0.01712	0.01284	0.07095	0.01465	0.05169	0.01351	0.00821	0.00947	0.00628	0.00424	0.00398	0.00131	0.00605	0.00331	0.00209	0.00642
12	0.00942	0.00568	0.00586	0.00544	0.00686	0.00597	0.00413	0.08645	0.10199	0.01766	0.01562	0.01775	0.03283	0.05291	0.00465	0.00134	0.00269	0.00459	0.61338	0.00480
13	0.00567	0.00403	0.00530	0.00617	0.00648	0.00378	0.00411	0.00651	0.00886	0.01190	0.08685	0.71790	0.03006	0.07085	0.00694	0.00198	0.00271	0.01207	0.00417	0.00366
14	0.01460	0.01431	0.01440	0.01207	0.03792	0.25038	0.11757	0.26470	0.14568	0.01874	0.01077	0.01151	0.00818	0.00509	0.00462	0.00135	0.01817	0.00409	0.03938	0.00647
15	0.00729	0.00552	0.00614	0.00596	0.00755	0.00515	0.00461	0.06293	0.04986	0.04329	0.09804	0.11091	0.47869	0.01076	0.00536	0.00159	0.00280	0.08472	0.00436	0.00445
16	0.00720	0.00495	0.00582	0.00573	0.00614	0.00504	0.00373	0.05183	0.00826	0.01111	0.07002	0.05553	0.01874	0.60538	0.05707	0.00389	0.00457	0.06851	0.00315	0.00334
17	0.44970	0.01079	0.05458	0.02296	0.01113	0.07487	0.00673	0.11701	0.06241	0.07460	0.05135	0.01081	0.00850	0.00514	0.00392	0.01882	0.00426	0.00344	0.00334	0.00565
18	0.10151	0.07229	0.01152	0.07412	0.01296	0.10499	0.00740	0.20088	0.11755	0.09719	0.08286	0.05266	0.03304	0.00605	0.00435	0.00138	0.00455	0.00475	0.00384	0.00612
19	0.15832	0.03370	0.02900	0.00939	0.02175	0.12920	0.04078	0.19762	0.09107	0.11927	0.01088	0.01120	0.00801	0.00489	0.00401	0.00129	0.00480	0.00370	0.04936	0.07176
20	0.14184	0.14270	0.04325	0.00974	0.05694	0.02968	0.03115	0.18423	0.07770	0.08584	0.03929	0.06908	0.02646	0.00572	0.00423	0.00135	0.01282	0.00450	0.00353	0.02995

[dist]
# distance from previous block
# <min> <max>
0	55

[block]
# block no. 4 follows, 57 sequences, length 8
# corresponding to MSA columns:
# 367-374
name=unknown_E
#
# <colnr> <probs for GDERKNQSTAVLIFYWHMCP>
#	G	D	E	R	K	N	Q	S	T	A	V	L	I	F	Y	W	H	M	C	P
0	0.10823	0.00933	0.00986	0.07065	0.01229	0.04879	0.00688	0.16399	0.20262	0.07883	0.12094	0.01697	0.05329	0.00607	0.00439	0.00138	0.00397	0.00487	0.02338	0.05327
1	0.07151	0.00915	0.02853	0.00822	0.01101	0.02682	0.00674	0.19817	0.13818	0.19687	0.10282	0.05019	0.07945	0.00684	0.00464	0.00144	0.00385	0.02639	0.00452	0.02466
2	0.00686	0.00436	0.00522	0.00560	0.00641	0.00417	0.00413	0.00842	0.00978	0.01443	0.13679	0.26297	0.08136	0.04824	0.00569	0.00165	0.00263	0.10136	0.28597	0.00397
3	0.00993	0.01146	0.11698	0.24956	0.24653	0.04581	0.06401	0.01384	0.08132	0.01382	0.01114	0.01349	0.04298	0.00573	0.03061	0.00162	0.00584	0.00436	0.02498	0.00602
4	0.00617	0.00456	0.00574	0.00640	0.00720	0.00428	0.00486	0.00742	0.00954	0.01229	0.05429	0.30558	0.20737	0.09237	0.00748	0.00208	0.00319	0.25132	0.00408	0.00380
5	0.01132	0.01025	0.06614	0.05388	0.03683	0.03557	0.08313	0.23730	0.04873	0.01804	0.01378	0.06560	0.04781	0.03677	0.02521	0.00168	0.04814	0.02181	0.13221	0.00579
6	0.00677	0.00511	0.00798	0.00762	0.00851	0.00575	0.04237	0.00817	0.00731	0.01044	0.01182	0.01789	0.01116	0.07351	0.68843	0.06495	0.01097	0.00491	0.00241	0.00393
7	0.03500	0.07160	0.07991	0.03289	0.16610	0.04399	0.07411	0.04548	0.01063	0.07919	0.02854	0.03693	0.03130	0.02458	0.00478	0.00136	0.00487	0.05669	0.00296	0.16908

[dist]
# distance from previous block
# <min> <max>
0	1

[block]
# block no. 5 follows, 57 sequences, length 9
# corresponding to MSA columns:
# 376-384
name=unknown_F
#
# <colnr> <probs for GDERKNQSTAVLIFYWHMCP>
#	G	D	E	R	K	N	Q	S	T	A	V	L	I	F	Y	W	H	M	C	P
0	0.00878	0.04036	0.12679	0.02271	0.01203	0.05730	0.04086	0.01143	0.03680	0.01301	0.04050	0.01961	0.08436	0.01214	0.17042	0.00259	0.07164	0.08366	0.00282	0.14219
1	0.66926	0.12020	0.00878	0.00610	0.00876	0.01062	0.00507	0.01267	0.00780	0.01786	0.00712	0.00962	0.00621	0.08929	0.00488	0.00165	0.00378	0.00287	0.00268	0.00481
2	0.05821	0.02636	0.05121	0.01033	0.01314	0.05354	0.08820	0.22589	0.03628	0.11014	0.01265	0.01745	0.01061	0.02204	0.06146	0.00197	0.06901	0.10843	0.01697	0.00610
3	0.01026	0.00943	0.06065	0.00856	0.01277	0.00696	0.09385	0.01266	0.00979	0.06895	0.00885	0.01013	0.00698	0.00362	0.00372	0.00086	0.00407	0.00315	0.00279	0.66197
4	0.00585	0.00413	0.00532	0.00597	0.00631	0.00390	0.00395	0.00670	0.00893	0.01208	0.14338	0.56847	0.02949	0.16286	0.00884	0.00224	0.00287	0.01103	0.00406	0.00360
5	0.04768	0.00971	0.05765	0.03901	0.15244	0.05542	0.03690	0.09505	0.10814	0.01631	0.08562	0.14673	0.05739	0.00733	0.00479	0.00149	0.00435	0.03720	0.03110	0.00569
6	0.00588	0.00432	0.00540	0.00596	0.00672	0.00395	0.00430	0.00688	0.00956	0.01240	0.10812	0.41272	0.24285	0.01288	0.00636	0.05184	0.00272	0.08925	0.00415	0.00373
7	0.00762	0.00771	0.07198	0.00998	0.11632	0.03093	0.00702	0.00967	0.04237	0.01285	0.06551	0.25325	0.15100	0.07211	0.00722	0.01611	0.03993	0.07027	0.00352	0.00463
8	0.00743	0.00541	0.00663	0.00676	0.00776	0.00535	0.00497	0.11301	0.01123	0.01502	0.14947	0.42796	0.08913	0.04794	0.00631	0.00182	0.00306	0.08210	0.00431	0.00433

[dist]
# distance from previous block
# <min> <max>
1	4

[block]
# block no. 6 follows, 57 sequences, length 17
# corresponding to MSA columns:
# 410-426
name=unknown_G
#
# <colnr> <probs for GDERKNQSTAVLIFYWHMCP>
#	G	D	E	R	K	N	Q	S	T	A	V	L	I	F	Y	W	H	M	C	P
0	0.01142	0.21394	0.34372	0.01123	0.04354	0.01215	0.03717	0.11369	0.03471	0.05534	0.00969	0.01212	0.00777	0.04369	0.00500	0.00147	0.00560	0.02871	0.00265	0.00641
1	0.12821	0.14276	0.05176	0.04700	0.02710	0.06204	0.00763	0.12113	0.08205	0.11567	0.01108	0.06285	0.00900	0.00524	0.00395	0.00127	0.00450	0.00403	0.00336	0.10936
2	0.41855	0.11974	0.03871	0.00766	0.01045	0.13882	0.00645	0.03435	0.05285	0.01632	0.00802	0.00992	0.00674	0.05091	0.04433	0.00175	0.00504	0.00309	0.00271	0.02360
3	0.00877	0.00593	0.00716	0.00637	0.00807	0.00567	0.00490	0.08658	0.04040	0.08453	0.36698	0.04876	0.18687	0.00994	0.03212	0.04509	0.00311	0.00724	0.00449	0.03702
4	0.00890	0.00690	0.00805	0.02904	0.03684	0.02440	0.00589	0.10676	0.12409	0.01698	0.20861	0.13480	0.08469	0.00991	0.04986	0.00181	0.00375	0.04312	0.09050	0.00510
5	0.01074	0.00978	0.09205	0.00867	0.01141	0.00914	0.00740	0.01916	0.47314	0.09708	0.04639	0.08869	0.09226	0.00720	0.00477	0.00153	0.00368	0.00607	0.00437	0.00646
6	0.01016	0.22032	0.07780	0.13442	0.05341	0.02539	0.00871	0.01464	0.17435	0.03296	0.06507	0.01476	0.03680	0.00819	0.08609	0.00192	0.00539	0.00433	0.01952	0.00578
7	0.05287	0.00502	0.00534	0.00502	0.00642	0.00501	0.00384	0.03479	0.01021	0.08879	0.05789	0.05707	0.01370	0.00591	0.00356	0.00117	0.00245	0.00480	0.63148	0.00465
8	0.01229	0.04963	0.38049	0.02145	0.05998	0.14965	0.01244	0.14338	0.02100	0.04322	0.00933	0.03917	0.00730	0.00503	0.00459	0.00138	0.02668	0.00382	0.00267	0.00648
9	0.00567	0.00439	0.00509	0.00539	0.00630	0.00397	0.00380	0.00670	0.00948	0.01207	0.09523	0.28661	0.38555	0.09541	0.05131	0.00221	0.00312	0.00994	0.00403	0.00372
10	0.01154	0.01066	0.01429	0.17942	0.13653	0.09354	0.10113	0.10256	0.12945	0.03454	0.02784	0.01353	0.00915	0.00697	0.04531	0.04212	0.01807	0.01442	0.00298	0.00596
11	0.01170	0.00995	0.01049	0.00931	0.01195	0.01147	0.00728	0.07954	0.74814	0.01964	0.01790	0.01647	0.01339	0.00610	0.00461	0.00152	0.00369	0.00505	0.00461	0.00721
12	0.00866	0.00708	0.01182	0.10775	0.01413	0.00743	0.15580	0.02413	0.04918	0.05678	0.01506	0.11140	0.02968	0.03201	0.26519	0.00349	0.00734	0.08508	0.00309	0.00491
13	0.00973	0.13158	0.28184	0.00942	0.01315	0.06460	0.02903	0.01315	0.06394	0.05721	0.01775	0.13092	0.14532	0.00703	0.00453	0.00143	0.00489	0.00579	0.00305	0.00565
14	0.01050	0.00817	0.00999	0.00770	0.01100	0.02617	0.04900	0.05476	0.03593	0.09683	0.02507	0.05613	0.09180	0.00629	0.03051	0.00124	0.00397	0.00454	0.00337	0.46703
15	0.01094	0.33323	0.32473	0.01076	0.05744	0.03433	0.01114	0.02847	0.00998	0.04634	0.05218	0.01113	0.00857	0.03739	0.00459	0.00136	0.00547	0.00348	0.00236	0.00612
16	0.02216	0.14698	0.23212	0.01000	0.01411	0.03141	0.04910	0.08960	0.12549	0.03293	0.03863	0.01269	0.00938	0.02627	0.02576	0.00151	0.00526	0.01436	0.00294	0.10930

[dist]
# distance from previous block
# <min> <max>
8	17

[block]
# block no. 7 follows, 57 sequences, length 9
# corresponding to MSA columns:
# 447-455
name=unknown_H
#
# <colnr> <probs for GDERKNQSTAVLIFYWHMCP>
#	G	D	E	R	K	N	Q	S	T	A	V	L	I	F	Y	W	H	M	C	P
0	0.19603	0.06835	0.05949	0.11088	0.02571	0.15422	0.07234	0.05805	0.06418	0.04882	0.00907	0.01040	0.00695	0.00454	0.00390	0.00131	0.00531	0.00349	0.04478	0.05218
1	0.00900	0.07181	0.01047	0.03358	0.01067	0.05275	0.07927	0.06852	0.04337	0.03696	0.25308	0.09356	0.18268	0.00837	0.00501	0.00146	0.00375	0.02673	0.00399	0.00496
2	0.00952	0.03937	0.06156	0.01975	0.01046	0.04671	0.02645	0.06459	0.12981	0.06273	0.14907	0.13183	0.12416	0.00973	0.04900	0.00182	0.00423	0.03706	0.01687	0.00530
3	0.02761	0.03183	0.00965	0.02279	0.01075	0.23605	0.00642	0.03513	0.02826	0.07734	0.11769	0.10392	0.02917	0.05201	0.00552	0.00147	0.00475	0.05599	0.00347	0.14018
4	0.01061	0.05561	0.06751	0.04127	0.40865	0.04025	0.01104	0.06214	0.04209	0.01496	0.05524	0.09575	0.01160	0.00662	0.03040	0.00160	0.03053	0.00506	0.00279	0.00629
5	0.00948	0.00667	0.00810	0.00812	0.05899	0.00663	0.00581	0.05475	0.14675	0.11096	0.13467	0.07637	0.24406	0.03085	0.03784	0.00183	0.00357	0.04489	0.00434	0.00533
6	0.00581	0.00453	0.00506	0.00516	0.00623	0.00403	0.00371	0.00694	0.00996	0.01259	0.15381	0.12139	0.45455	0.14129	0.00821	0.00202	0.00272	0.04417	0.00410	0.00373
7	0.00784	0.00656	0.00715	0.00738	0.00864	0.05678	0.00578	0.01111	0.13462	0.01396	0.10475	0.15693	0.13986	0.05705	0.00651	0.00189	0.00363	0.26093	0.00414	0.00452
8	0.00980	0.00906	0.01453	0.17411	0.23552	0.04818	0.12789	0.01242	0.01087	0.04176	0.18813	0.03782	0.01644	0.00604	0.00492	0.00147	0.00508	0.04722	0.00308	0.00564

[dist]
# distance from previous block
# <min> <max>
0	1

[block]
# block no. 8 follows, 57 sequences, length 13
# corresponding to MSA columns:
# 457-469
name=unknown_I
#
# <colnr> <probs for GDERKNQSTAVLIFYWHMCP>
#	G	D	E	R	K	N	Q	S	T	A	V	L	I	F	Y	W	H	M	C	P
0	0.16446	0.01073	0.01145	0.00900	0.01241	0.01155	0.00740	0.43848	0.07156	0.16741	0.01177	0.01145	0.00824	0.00523	0.00420	0.00136	0.00437	0.00390	0.00436	0.04067
1	0.06002	0.12882	0.22924	0.09290	0.01606	0.01050	0.05711	0.07394	0.02545	0.11352	0.01056	0.01364	0.00837	0.00551	0.00478	0.03509	0.00526	0.05969	0.00291	0.04662
2	0.03908	0.00695	0.05167	0.00672	0.00827	0.04375	0.00541	0.02650	0.00979	0.11532	0.12091	0.06400	0.06141	0.05748	0.04272	0.17274	0.00401	0.03574	0.12316	0.00436
3	0.00569	0.00404	0.00533	0.00629	0.00657	0.00381	0.00423	0.00648	0.00859	0.01143	0.02405	0.73500	0.02868	0.08199	0.00722	0.00206	0.00285	0.04799	0.00408	0.00363
4	0.01048	0.00856	0.01308	0.15904	0.28345	0.00937	0.00999	0.04939	0.03515	0.07773	0.01157	0.09324	0.01056	0.07525	0.04515	0.00202	0.09211	0.00520	0.00287	0.00579
5	0.01176	0.27593	0.29418	0.01152	0.05284	0.07847	0.05473	0.06814	0.02213	0.04589	0.00967	0.01065	0.03619	0.00458	0.00399	0.00127	0.00579	0.00352	0.00244	0.00630
6	0.01426	0.00682	0.00862	0.00726	0.00979	0.00630	0.00575	0.01728	0.11140	0.43995	0.08948	0.10163	0.11463	0.00754	0.00480	0.00147	0.00330	0.00636	0.03699	0.00635
7	0.00614	0.00441	0.00519	0.00556	0.00603	0.00420	0.00363	0.00693	0.02656	0.01075	0.02431	0.31213	0.17554	0.33239	0.01265	0.02440	0.00334	0.02884	0.00360	0.00340
8	0.04815	0.06799	0.02435	0.01121	0.06125	0.06793	0.06957	0.24610	0.05507	0.11492	0.02623	0.06651	0.01034	0.01943	0.00570	0.00150	0.07603	0.01766	0.00365	0.00640
9	0.01000	0.25954	0.52337	0.04680	0.01796	0.01268	0.04335	0.01401	0.00948	0.01317	0.00764	0.00911	0.00582	0.00417	0.00395	0.00131	0.00617	0.00319	0.00194	0.00635
10	0.00577	0.00414	0.00540	0.00624	0.00666	0.00389	0.00430	0.00670	0.00901	0.01198	0.07506	0.63549	0.06856	0.06931	0.00693	0.00199	0.00281	0.06791	0.00416	0.00370
11	0.06031	0.49554	0.15411	0.00926	0.03738	0.01459	0.00914	0.06849	0.01013	0.04885	0.00759	0.00864	0.00625	0.00453	0.00385	0.02874	0.00501	0.00289	0.00235	0.02235
12	0.02890	0.06610	0.03757	0.08857	0.05174	0.05797	0.06394	0.16521	0.04114	0.05577	0.01179	0.03727	0.01030	0.00780	0.03596	0.07226	0.00530	0.09485	0.00320	0.06436

[dist]
# distance from previous block
# <min> <max>
3	10

[block]
# block no. 9 follows, 57 sequences, length 7
# corresponding to MSA columns:
# 480-486
name=unknown_J
#
# <colnr> <probs for GDERKNQSTAVLIFYWHMCP>
#	G	D	E	R	K	N	Q	S	T	A	V	L	I	F	Y	W	H	M	C	P
0	0.01116	0.06504	0.12042	0.07982	0.05516	0.05284	0.03318	0.15314	0.05964	0.06071	0.12470	0.07047	0.04873	0.02529	0.00508	0.00149	0.00473	0.01897	0.00354	0.00590
1	0.00662	0.00444	0.00541	0.00571	0.00661	0.00402	0.00403	0.00777	0.00982	0.05697	0.12973	0.40680	0.22576	0.04771	0.00615	0.00175	0.00260	0.01021	0.05387	0.00401
2	0.05205	0.03326	0.20637	0.04985	0.06995	0.01043	0.16476	0.05017	0.14272	0.01552	0.03336	0.01444	0.00977	0.03094	0.05243	0.00191	0.02499	0.02815	0.00284	0.00610
3	0.00576	0.00443	0.00498	0.00515	0.00608	0.00396	0.00358	0.00675	0.00962	0.01223	0.13593	0.20144	0.40238	0.16692	0.00875	0.00212	0.00274	0.00950	0.00404	0.00365
4	0.00977	0.00813	0.03474	0.07429	0.03702	0.02213	0.06162	0.11169	0.08744	0.05762	0.04708	0.09444	0.11905	0.04753	0.10204	0.00232	0.00519	0.03877	0.03381	0.00533
5	0.01080	0.00601	0.00763	0.00718	0.00891	0.00572	0.00563	0.01341	0.09154	0.24089	0.08218	0.15917	0.09557	0.08195	0.00684	0.00190	0.00347	0.16139	0.00457	0.00525
6	0.01292	0.05195	0.04957	0.01161	0.07488	0.03755	0.08373	0.35365	0.08429	0.02059	0.05791	0.06064	0.06794	0.00621	0.00468	0.00141	0.00484	0.00524	0.00382	0.00656

[dist]
# distance from previous block
# <min> <max>
1	40

[block]
# block no. 10 follows, 57 sequences, length 8
# corresponding to MSA columns:
# 527-534
name=unknown_K
#
# <colnr> <probs for GDERKNQSTAVLIFYWHMCP>
#	G	D	E	R	K	N	Q	S	T	A	V	L	I	F	Y	W	H	M	C	P
0	0.04523	0.04268	0.01032	0.00743	0.01099	0.08023	0.00593	0.07843	0.01061	0.04400	0.00874	0.01055	0.00729	0.04862	0.00458	0.00104	0.00406	0.00308	0.00289	0.57330
1	0.05616	0.00889	0.01032	0.03162	0.01123	0.04669	0.03798	0.14113	0.15904	0.01612	0.03885	0.03404	0.03082	0.09762	0.13873	0.00274	0.10148	0.00501	0.02611	0.00541
2	0.00616	0.00428	0.00519	0.00549	0.00578	0.00412	0.00347	0.00676	0.00829	0.01114	0.12892	0.29933	0.05565	0.41887	0.01418	0.00302	0.00341	0.00902	0.00360	0.00331
3	0.01116	0.00859	0.01151	0.27709	0.03748	0.00955	0.02581	0.17211	0.12411	0.07688	0.05626	0.06292	0.07005	0.00631	0.00470	0.00147	0.00456	0.00539	0.02811	0.00592
4	0.00584	0.00427	0.00521	0.00577	0.00632	0.00396	0.00393	0.00669	0.00892	0.01162	0.06909	0.43405	0.18569	0.17528	0.00909	0.00227	0.00296	0.05150	0.00396	0.00358
5	0.01134	0.01031	0.05213	0.14474	0.05841	0.01045	0.09851	0.22231	0.11900	0.03210	0.03495	0.01762	0.13272	0.00616	0.00505	0.00148	0.02773	0.00526	0.00354	0.00619
6	0.14758	0.00885	0.00959	0.00811	0.01091	0.00952	0.00649	0.10771	0.31020	0.22034	0.05362	0.01519	0.01237	0.00573	0.00426	0.00143	0.00365	0.00455	0.05320	0.00671
7	0.04084	0.05244	0.20249	0.00993	0.05522	0.06450	0.00882	0.06810	0.08379	0.03232	0.05791	0.06023	0.04126	0.13000	0.05672	0.00221	0.01960	0.00510	0.00304	0.00549

[dist]
# distance from previous block
# <min> <max>
4	12

[block]
# block no. 11 follows, 57 sequences, length 7
# corresponding to MSA columns:
# 550-556
name=unknown_L
#
# <colnr> <probs for GDERKNQSTAVLIFYWHMCP>
#	G	D	E	R	K	N	Q	S	T	A	V	L	I	F	Y	W	H	M	C	P
0	0.01232	0.00800	0.00918	0.00790	0.01018	0.00836	0.00621	0.20995	0.15491	0.15447	0.06247	0.09859	0.07815	0.05340	0.03560	0.00185	0.00400	0.02905	0.04938	0.00604
1	0.01082	0.01146	0.09999	0.07332	0.08186	0.01164	0.10732	0.10568	0.12865	0.01561	0.00997	0.01213	0.00794	0.00655	0.03135	0.00175	0.23143	0.00430	0.04215	0.00607
2	0.00726	0.00539	0.00659	0.00622	0.00757	0.00516	0.01931	0.03554	0.06684	0.03424	0.29787	0.10949	0.24287	0.05232	0.02439	0.02162	0.00300	0.03102	0.01893	0.00439
3	0.03747	0.38610	0.23884	0.01109	0.05967	0.04425	0.05476	0.03781	0.04369	0.01336	0.00882	0.00992	0.02763	0.00438	0.00374	0.00122	0.00551	0.00331	0.00226	0.00616
4	0.00620	0.00451	0.00551	0.00558	0.00619	0.00447	0.00380	0.00706	0.00830	0.01105	0.10035	0.10969	0.17680	0.33995	0.18699	0.00390	0.00523	0.00759	0.00333	0.00348
5	0.01115	0.00895	0.01011	0.03078	0.01184	0.03504	0.00641	0.11379	0.05013	0.05962	0.01065	0.01354	0.00888	0.00467	0.00392	0.00099	0.00391	0.06335	0.00326	0.54902
6	0.01167	0.01174	0.05012	0.08600	0.27029	0.14522	0.01027	0.05979	0.03282	0.04790	0.01081	0.01344	0.03714	0.04044	0.06625	0.00195	0.07213	0.00423	0.02183	0.00593

[dist]
# distance from previous block
# <min> <max>
2	39

[block]
# block no. 12 follows, 57 sequences, length 9
# corresponding to MSA columns:
# 596-604
name=unknown_M
#
# <colnr> <probs for GDERKNQSTAVLIFYWHMCP>
#	G	D	E	R	K	N	Q	S	T	A	V	L	I	F	Y	W	H	M	C	P
0	0.01106	0.38342	0.17887	0.00898	0.01284	0.06236	0.00906	0.04998	0.06270	0.01356	0.05959	0.06177	0.01029	0.00518	0.00380	0.00120	0.00495	0.00392	0.00263	0.05385
1	0.00818	0.00609	0.00913	0.00835	0.00992	0.00583	0.10040	0.04069	0.03214	0.06511	0.17480	0.27663	0.07755	0.01040	0.00555	0.00169	0.00360	0.15501	0.00423	0.00469
2	0.00641	0.00478	0.00599	0.00649	0.00732	0.00462	0.00481	0.00844	0.06217	0.01332	0.14190	0.36282	0.13006	0.06432	0.00676	0.00193	0.00298	0.15658	0.00425	0.00405
3	0.00912	0.06820	0.52233	0.01146	0.01653	0.00977	0.05732	0.01357	0.04085	0.03139	0.04395	0.07567	0.03535	0.00587	0.00457	0.00148	0.00572	0.03814	0.00258	0.00613
4	0.01244	0.01058	0.07823	0.05582	0.07266	0.02539	0.00868	0.17890	0.23058	0.10736	0.08797	0.03735	0.01409	0.00673	0.01799	0.00157	0.00453	0.03845	0.00409	0.00662
5	0.00647	0.00438	0.00514	0.00522	0.00535	0.00437	0.00311	0.00675	0.00721	0.00972	0.06449	0.10985	0.01923	0.67279	0.05419	0.00408	0.00441	0.00724	0.00302	0.00299
6	0.01065	0.01398	0.21873	0.01398	0.09655	0.06745	0.17101	0.07639	0.03911	0.02876	0.04564	0.06857	0.03441	0.00596	0.00554	0.00151	0.06458	0.02827	0.00284	0.00605
7	0.00814	0.00477	0.00515	0.00497	0.00617	0.00474	0.00375	0.03624	0.03529	0.01720	0.18274	0.04614	0.06248	0.00675	0.00391	0.00121	0.00228	0.00563	0.55804	0.00440
8	0.02432	0.08333	0.07733	0.03321	0.06936	0.08887	0.01926	0.16404	0.10002	0.05120	0.08641	0.06584	0.02909	0.04453	0.00530	0.00149	0.00473	0.00498	0.00350	0.04319

[dist]
# distance from previous block
# <min> <max>
2	15

[block]
# block no. 13 follows, 57 sequences, length 13
# corresponding to MSA columns:
# 620-632
name=unknown_N
#
# <colnr> <probs for GDERKNQSTAVLIFYWHMCP>
#	G	D	E	R	K	N	Q	S	T	A	V	L	I	F	Y	W	H	M	C	P
0	0.00876	0.00678	0.01087	0.03164	0.01142	0.00655	0.16025	0.04442	0.04036	0.06336	0.26128	0.12925	0.08104	0.00954	0.02309	0.09151	0.00407	0.00721	0.00386	0.00476
1	0.01149	0.00992	0.05304	0.09086	0.09654	0.01001	0.00852	0.20730	0.21022	0.04596	0.11835	0.01855	0.08674	0.00637	0.00472	0.00145	0.00422	0.00534	0.00400	0.00641
2	0.05859	0.03555	0.03326	0.01036	0.01296	0.16595	0.14226	0.10300	0.02424	0.08880	0.05726	0.03583	0.03017	0.10218	0.05947	0.00211	0.02442	0.00489	0.00321	0.00547
3	0.02468	0.03469	0.01371	0.26440	0.08577	0.04453	0.06231	0.19354	0.04378	0.06211	0.03424	0.01422	0.02910	0.05056	0.02157	0.00169	0.00547	0.00450	0.00315	0.00597
4	0.00650	0.00475	0.00675	0.00675	0.00737	0.00537	0.00500	0.00775	0.00712	0.01012	0.01263	0.02050	0.01250	0.21791	0.64047	0.00662	0.01037	0.00525	0.00250	0.00375
5	0.01114	0.05539	0.01677	0.19812	0.40661	0.05083	0.04503	0.06949	0.01070	0.01438	0.00876	0.03458	0.00740	0.00474	0.00498	0.00141	0.04675	0.00420	0.00239	0.00633
6	0.00766	0.00526	0.00633	0.00626	0.00702	0.00534	0.00434	0.06885	0.02668	0.03892	0.01918	0.21242	0.07792	0.35196	0.10779	0.00344	0.00474	0.03851	0.00348	0.00390
7	0.05887	0.08924	0.07587	0.01104	0.07543	0.04470	0.03038	0.23063	0.10092	0.11807	0.02066	0.03985	0.00948	0.01995	0.00508	0.00144	0.04004	0.00432	0.01740	0.00663
8	0.00793	0.00664	0.00836	0.00809	0.00889	0.03052	0.02761	0.05144	0.05484	0.01271	0.01893	0.37432	0.04659	0.09751	0.03321	0.00223	0.13904	0.06321	0.00357	0.00437
9	0.00581	0.00439	0.00511	0.00544	0.00626	0.00399	0.00380	0.00677	0.00940	0.01201	0.10036	0.27831	0.33242	0.15887	0.00866	0.00215	0.00284	0.04576	0.00402	0.00365
10	0.01079	0.05445	0.01695	0.22635	0.36125	0.01068	0.08933	0.03165	0.01010	0.05352	0.00924	0.02804	0.00757	0.00572	0.03614	0.00165	0.03360	0.00431	0.00243	0.00623
11	0.01126	0.00864	0.01286	0.13269	0.14090	0.00861	0.06127	0.05495	0.01046	0.13123	0.01155	0.10546	0.00999	0.00570	0.00526	0.00134	0.06965	0.00488	0.00313	0.21017
12	0.01368	0.00787	0.00920	0.00776	0.01031	0.00790	0.00621	0.17049	0.12464	0.27252	0.02086	0.06189	0.12516	0.02706	0.00515	0.00153	0.00365	0.04599	0.07179	0.00632

[dist]
# distance from previous block
# <min> <max>
4	11

[block]
# block no. 14 follows, 57 sequences, length 12
# corresponding to MSA columns:
# 649-660
name=unknown_O
#
# <colnr> <probs for GDERKNQSTAVLIFYWHMCP>
#	G	D	E	R	K	N	Q	S	T	A	V	L	I	F	Y	W	H	M	C	P
0	0.04675	0.04780	0.01468	0.07940	0.05980	0.11765	0.15352	0.09919	0.06318	0.15437	0.03350	0.05131	0.03004	0.00564	0.00463	0.00142	0.00539	0.02207	0.00348	0.00617
1	0.00864	0.00679	0.00850	0.14718	0.01241	0.04993	0.02383	0.04095	0.02253	0.06853	0.10182	0.24259	0.13214	0.01011	0.03657	0.00177	0.00413	0.03195	0.02815	0.02147
2	0.09544	0.00987	0.01143	0.04016	0.01295	0.01023	0.00747	0.35594	0.01585	0.34885	0.01334	0.01264	0.00894	0.00536	0.00435	0.00138	0.00435	0.00413	0.03008	0.00725
3	0.01415	0.07091	0.02757	0.00957	0.02535	0.11607	0.00773	0.33179	0.16524	0.04649	0.01384	0.01382	0.05204	0.00564	0.00430	0.00133	0.00473	0.00432	0.07850	0.00662
4	0.01076	0.01025	0.01741	0.07366	0.72395	0.01035	0.01331	0.01337	0.01016	0.01444	0.00937	0.05513	0.00832	0.00461	0.00456	0.00138	0.00528	0.00451	0.00233	0.00687
5	0.00673	0.00498	0.00606	0.00588	0.00703	0.00477	0.00437	0.00954	0.08274	0.01665	0.50731	0.13277	0.12637	0.00963	0.00521	0.00148	0.00235	0.00844	0.05329	0.00441
6	0.01445	0.01038	0.01195	0.05374	0.05829	0.01128	0.00806	0.46363	0.08405	0.07813	0.04375	0.04003	0.03043	0.00594	0.00453	0.00139	0.00442	0.00478	0.06388	0.00690
7	0.00564	0.00432	0.00511	0.00558	0.00642	0.00387	0.00394	0.00668	0.00963	0.01231	0.09774	0.39451	0.33856	0.05193	0.00641	0.00181	0.00259	0.03499	0.00420	0.00376
8	0.11010	0.00902	0.05558	0.59077	0.04590	0.00992	0.01127	0.04196	0.00950	0.01353	0.01011	0.01310	0.05134	0.00489	0.00436	0.00148	0.00551	0.00412	0.00233	0.00520
9	0.07336	0.00712	0.00868	0.10469	0.05678	0.00769	0.00690	0.02608	0.20614	0.01575	0.09533	0.05235	0.15485	0.00808	0.00489	0.00157	0.00364	0.12413	0.03673	0.00523
10	0.14693	0.48431	0.04115	0.00895	0.01252	0.14341	0.05011	0.04418	0.01010	0.01323	0.00679	0.00789	0.00580	0.00412	0.00331	0.00113	0.00537	0.00275	0.00225	0.00570
11	0.12850	0.09931	0.14747	0.03688	0.01358	0.08749	0.00897	0.14245	0.05488	0.10461	0.03500	0.01114	0.00833	0.00505	0.00458	0.00134	0.05012	0.00364	0.01724	0.03944

[dist]
# distance from previous block
# <min> <max>
15	45

[block]
# block no. 15 follows, 57 sequences, length 12
# corresponding to MSA columns:
# 721-732
name=unknown_P
#
# <colnr> <probs for GDERKNQSTAVLIFYWHMCP>
#	G	D	E	R	K	N	Q	S	T	A	V	L	I	F	Y	W	H	M	C	P
0	0.18002	0.00806	0.03336	0.00714	0.00900	0.04818	0.00585	0.02619	0.06142	0.05648	0.07471	0.06080	0.18774	0.00769	0.00555	0.00150	0.09694	0.03277	0.09167	0.00489
1	0.09176	0.00862	0.01042	0.00855	0.01121	0.00902	0.07867	0.21964	0.10108	0.08993	0.01761	0.01918	0.11240	0.00640	0.00443	0.00141	0.00396	0.04807	0.15167	0.00596
2	0.00682	0.00492	0.00646	0.00707	0.05211	0.00510	0.00436	0.00741	0.00756	0.01037	0.06256	0.13719	0.01801	0.45514	0.13857	0.03414	0.02884	0.00698	0.00296	0.00345
3	0.00678	0.00479	0.00582	0.00561	0.00678	0.00441	0.00416	0.02871	0.01170	0.03298	0.45575	0.13070	0.19737	0.02820	0.00563	0.00154	0.00239	0.00860	0.05385	0.00424
4	0.00993	0.17339	0.53395	0.01179	0.01719	0.01217	0.03872	0.01484	0.07585	0.01387	0.00857	0.00986	0.00648	0.00456	0.00468	0.00139	0.05073	0.00342	0.00216	0.00646
5	0.00643	0.00460	0.00589	0.00587	0.00637	0.00483	0.00403	0.00728	0.00755	0.01031	0.06401	0.02648	0.08247	0.40847	0.33066	0.00510	0.00709	0.00626	0.00288	0.00343
6	0.00828	0.00718	0.00885	0.17121	0.05591	0.07457	0.00692	0.00998	0.00888	0.01198	0.03069	0.10145	0.02689	0.12332	0.18706	0.00308	0.00625	0.02119	0.08263	0.05369
7	0.00733	0.00505	0.00600	0.00604	0.00710	0.00501	0.00462	0.00990	0.07464	0.01507	0.23762	0.03297	0.09229	0.13715	0.00778	0.00197	0.00304	0.16946	0.17276	0.00420
8	0.00995	0.00727	0.01051	0.00980	0.06491	0.00716	0.09393	0.11283	0.03580	0.08426	0.22937	0.14015	0.04537	0.00822	0.00511	0.00152	0.00377	0.07186	0.05282	0.00538
9	0.03398	0.01028	0.12559	0.00781	0.01194	0.00718	0.00719	0.05288	0.01018	0.07279	0.00920	0.01036	0.00719	0.00474	0.02759	0.00109	0.00418	0.00309	0.03081	0.56191
10	0.00866	0.11090	0.07293	0.00908	0.05813	0.02797	0.03236	0.05482	0.01004	0.03247	0.05055	0.32427	0.04831	0.02996	0.07094	0.00206	0.00464	0.02475	0.02228	0.00489
11	0.00960	0.09103	0.29512	0.00907	0.01254	0.07625	0.00942	0.01217	0.01002	0.06945	0.07194	0.11197	0.10397	0.05013	0.00593	0.02695	0.00491	0.02115	0.00304	0.00533

[dist]
# distance from previous block
# <min> <max>
0	87

# created by:
# /st0/software/busco_prod/Augustus/scripts/msa2prfl.pl ./align_prep/1440961.fa
