[name]
unknown

[dist]
# distance from previous block
# <min> <max>
0	31

[block]
# block no. 0 follows, 57 sequences, length 7
# corresponding to MSA columns:
# 31-37
name=unknown_A
#
# <colnr> <probs for GDERKNQSTAVLIFYWHMCP>
#	G	D	E	R	K	N	Q	S	T	A	V	L	I	F	Y	W	H	M	C	P
0	0.00617	0.00598	0.06729	0.00622	0.00772	0.00465	0.00518	0.00795	0.01055	0.01404	0.26984	0.16890	0.28921	0.01237	0.06376	0.00198	0.00343	0.04645	0.00414	0.00419
1	0.03184	0.17404	0.13326	0.09649	0.10545	0.04036	0.03436	0.04037	0.05388	0.13215	0.01072	0.04822	0.00857	0.00580	0.02785	0.00149	0.00532	0.00408	0.00294	0.04280
2	0.01319	0.05202	0.15586	0.03851	0.04396	0.06711	0.03336	0.10658	0.07260	0.20404	0.01365	0.04366	0.02659	0.08680	0.00631	0.00170	0.00506	0.01910	0.00360	0.00629
3	0.00574	0.00420	0.00518	0.00572	0.00636	0.00382	0.00393	0.00657	0.00926	0.01205	0.10476	0.47086	0.23174	0.05428	0.00712	0.04726	0.00265	0.01079	0.00409	0.00364
4	0.38585	0.00990	0.07807	0.14679	0.07183	0.00995	0.03723	0.05568	0.00931	0.01747	0.00821	0.01016	0.00635	0.00457	0.00401	0.00140	0.03446	0.00336	0.10004	0.00536
5	0.03382	0.12238	0.12779	0.09326	0.23273	0.04452	0.03141	0.10451	0.01128	0.08910	0.00928	0.01128	0.00728	0.03234	0.00515	0.00145	0.02941	0.00381	0.00274	0.00646
6	0.01015	0.00751	0.00908	0.08249	0.03539	0.00799	0.00654	0.14948	0.15628	0.05770	0.18940	0.09813	0.08666	0.03116	0.00536	0.00155	0.00355	0.00654	0.04944	0.00559

[dist]
# distance from previous block
# <min> <max>
3	6

[block]
# block no. 1 follows, 57 sequences, length 21
# corresponding to MSA columns:
# 46-66
name=unknown_B
#
# <colnr> <probs for GDERKNQSTAVLIFYWHMCP>
#	G	D	E	R	K	N	Q	S	T	A	V	L	I	F	Y	W	H	M	C	P
0	0.18553	0.01196	0.16188	0.04404	0.05362	0.03902	0.04293	0.03346	0.06635	0.05270	0.01972	0.01110	0.01998	0.00444	0.00387	0.00123	0.00462	0.00351	0.01688	0.22316
1	0.04323	0.07720	0.05652	0.01288	0.12864	0.15399	0.03664	0.23399	0.13349	0.05070	0.01079	0.02334	0.00833	0.00507	0.00431	0.00134	0.00543	0.00400	0.00340	0.00671
2	0.01198	0.01108	0.08900	0.11814	0.03972	0.02121	0.18019	0.11300	0.12954	0.11303	0.07082	0.01478	0.01122	0.02335	0.00532	0.00153	0.02015	0.00483	0.01476	0.00634
3	0.02919	0.06620	0.01142	0.00843	0.04321	0.02699	0.02354	0.07223	0.06947	0.01596	0.03113	0.01066	0.00822	0.00401	0.00366	0.00090	0.00385	0.00322	0.00295	0.56477
4	0.00556	0.00405	0.00526	0.00621	0.00662	0.00375	0.00423	0.00643	0.00889	0.01170	0.02698	0.73438	0.10596	0.01388	0.00576	0.00182	0.00265	0.03796	0.00421	0.00371
5	0.03505	0.06878	0.01277	0.01129	0.13798	0.00908	0.03259	0.08619	0.04112	0.21195	0.07068	0.01351	0.01093	0.00504	0.00455	0.00123	0.03376	0.00413	0.02969	0.17966
6	0.01099	0.10405	0.27028	0.05147	0.04070	0.06298	0.08262	0.03635	0.02263	0.09808	0.02806	0.07215	0.03384	0.05942	0.00566	0.00159	0.00555	0.00480	0.00285	0.00593
7	0.00869	0.00819	0.01383	0.78932	0.07070	0.01010	0.01265	0.01170	0.00912	0.01174	0.00808	0.01204	0.00610	0.00451	0.00453	0.00150	0.00601	0.00403	0.00203	0.00514
8	0.00733	0.00506	0.00583	0.00559	0.00599	0.00523	0.00352	0.06543	0.00786	0.01054	0.01465	0.02735	0.03677	0.66855	0.10819	0.00440	0.00522	0.00630	0.00288	0.00328
9	0.00856	0.00805	0.01359	0.82986	0.03121	0.01007	0.01258	0.01158	0.00906	0.01158	0.00805	0.01208	0.00604	0.00453	0.00453	0.00151	0.00604	0.00403	0.00201	0.00503
10	0.01898	0.02915	0.01082	0.00812	0.01150	0.00743	0.00671	0.07288	0.03328	0.68247	0.05717	0.01588	0.01251	0.00575	0.00455	0.00139	0.00386	0.00467	0.00539	0.00748
11	0.00552	0.00394	0.00526	0.00631	0.00657	0.00368	0.00421	0.00631	0.00868	0.01157	0.02498	0.83779	0.02997	0.01420	0.00578	0.00184	0.00263	0.01288	0.00421	0.00368
12	0.00668	0.00436	0.00501	0.00501	0.00501	0.00436	0.00283	0.00654	0.00654	0.00872	0.01380	0.02847	0.01584	0.77953	0.02267	0.06849	0.00436	0.00639	0.00269	0.00269
13	0.07737	0.01091	0.01098	0.00926	0.01213	0.04951	0.00743	0.32773	0.32158	0.02197	0.01536	0.01586	0.04539	0.00611	0.00449	0.00145	0.00429	0.03404	0.01731	0.00682
14	0.00551	0.00397	0.00523	0.00623	0.00655	0.00369	0.00417	0.00632	0.00875	0.01160	0.02591	0.80222	0.06494	0.01407	0.00576	0.00183	0.00261	0.01273	0.00421	0.00369
15	0.01017	0.00989	0.01591	0.40643	0.41319	0.04082	0.01309	0.01296	0.00982	0.01314	0.00824	0.01151	0.00659	0.00429	0.00449	0.00142	0.00580	0.00399	0.00214	0.00609
16	0.09519	0.01522	0.01226	0.01074	0.01263	0.39344	0.00846	0.05932	0.03310	0.06742	0.00801	0.00961	0.00656	0.00615	0.02085	0.00155	0.22792	0.00342	0.00269	0.00548
17	0.00673	0.00447	0.00564	0.00599	0.00688	0.00403	0.00424	0.00788	0.01000	0.07243	0.15477	0.48363	0.19196	0.01221	0.00553	0.00168	0.00257	0.01083	0.00444	0.00411
18	0.35562	0.00844	0.00999	0.04265	0.10990	0.00863	0.00704	0.01684	0.01026	0.35290	0.01154	0.01155	0.00794	0.00503	0.00413	0.01975	0.00399	0.00363	0.00386	0.00631
19	0.41508	0.03148	0.09162	0.02686	0.01162	0.02526	0.03647	0.10232	0.05039	0.05489	0.02217	0.01105	0.02350	0.00482	0.00360	0.00137	0.00419	0.00349	0.07418	0.00563
20	0.02198	0.08478	0.12013	0.02751	0.08967	0.04288	0.04091	0.04959	0.06529	0.09464	0.02289	0.05272	0.03086	0.00526	0.00468	0.00126	0.04359	0.00427	0.00306	0.19403

[dist]
# distance from previous block
# <min> <max>
0	9

[block]
# block no. 2 follows, 57 sequences, length 9
# corresponding to MSA columns:
# 76-84
name=unknown_C
#
# <colnr> <probs for GDERKNQSTAVLIFYWHMCP>
#	G	D	E	R	K	N	Q	S	T	A	V	L	I	F	Y	W	H	M	C	P
0	0.06818	0.06330	0.11654	0.10674	0.08041	0.00867	0.02198	0.03318	0.02871	0.17505	0.05858	0.08959	0.01215	0.03551	0.02535	0.00164	0.00472	0.00497	0.00337	0.06135
1	0.01709	0.00817	0.01040	0.00794	0.01142	0.00724	0.00650	0.10672	0.01321	0.52738	0.05964	0.01478	0.01172	0.00536	0.00437	0.00126	0.00379	0.00435	0.00489	0.17380
2	0.00640	0.00541	0.00707	0.16470	0.01137	0.00550	0.00571	0.00809	0.01036	0.01332	0.20500	0.10650	0.38289	0.00976	0.00559	0.00155	0.03445	0.00828	0.00387	0.00419
3	0.01197	0.23505	0.22920	0.04693	0.05849	0.08056	0.09289	0.07100	0.04010	0.04783	0.00858	0.00994	0.00665	0.00451	0.00450	0.00132	0.03818	0.00353	0.00246	0.00630
4	0.03112	0.00743	0.05170	0.00771	0.01020	0.00629	0.04616	0.03839	0.01076	0.33414	0.01857	0.06208	0.11003	0.02976	0.04534	0.09669	0.00423	0.00550	0.07829	0.00560
5	0.00550	0.00441	0.00491	0.00518	0.00631	0.00383	0.00374	0.00664	0.01009	0.01260	0.11025	0.26826	0.51830	0.01205	0.00548	0.00161	0.00238	0.01038	0.00428	0.00383
6	0.11206	0.01031	0.08343	0.00847	0.01151	0.03060	0.00741	0.23729	0.01348	0.18620	0.03280	0.05736	0.12532	0.00767	0.03411	0.00165	0.02483	0.00522	0.00407	0.00621
7	0.01158	0.07943	0.12109	0.16767	0.09925	0.10554	0.08092	0.05164	0.03488	0.07919	0.01103	0.06187	0.00926	0.00544	0.00449	0.00141	0.00566	0.03475	0.02894	0.00593
8	0.16447	0.00712	0.00814	0.00670	0.00929	0.00695	0.00538	0.06045	0.01131	0.38940	0.01450	0.01489	0.01030	0.04949	0.00488	0.00147	0.00345	0.00419	0.22152	0.00608

[dist]
# distance from previous block
# <min> <max>
2	9

[block]
# block no. 3 follows, 57 sequences, length 36
# corresponding to MSA columns:
# 94-129
name=unknown_D
#
# <colnr> <probs for GDERKNQSTAVLIFYWHMCP>
#	G	D	E	R	K	N	Q	S	T	A	V	L	I	F	Y	W	H	M	C	P
0	0.01288	0.57346	0.02050	0.00866	0.01238	0.01602	0.03956	0.19413	0.01212	0.01503	0.00958	0.01024	0.04917	0.00464	0.00351	0.00111	0.00486	0.00330	0.00267	0.00616
1	0.02290	0.19084	0.11588	0.01045	0.08306	0.01096	0.02339	0.12885	0.01152	0.08473	0.00899	0.00988	0.00695	0.00417	0.00378	0.00108	0.00464	0.00324	0.00290	0.27178
2	0.01695	0.01315	0.01409	0.01084	0.01444	0.05702	0.04043	0.72423	0.02043	0.02706	0.01060	0.01079	0.00757	0.00533	0.00454	0.00136	0.00526	0.00407	0.00433	0.00751
3	0.01754	0.05547	0.10655	0.00889	0.01262	0.09273	0.00803	0.01964	0.01225	0.55082	0.03618	0.01388	0.01045	0.00530	0.00438	0.00134	0.00463	0.00418	0.00454	0.03057
4	0.00552	0.00394	0.00526	0.00631	0.00657	0.00368	0.00421	0.00631	0.00868	0.01157	0.02498	0.83779	0.02997	0.01420	0.00578	0.00184	0.00263	0.01288	0.00421	0.00368
5	0.00558	0.00397	0.00524	0.00624	0.00649	0.00372	0.00413	0.00632	0.00857	0.01143	0.02443	0.79658	0.02928	0.05635	0.00666	0.00197	0.00272	0.01256	0.00413	0.00363
6	0.04697	0.01063	0.01713	0.06483	0.59082	0.03451	0.05424	0.01477	0.01052	0.09826	0.00937	0.01151	0.00739	0.00424	0.00446	0.00137	0.00538	0.00406	0.00261	0.00692
7	0.00991	0.00991	0.01388	0.01190	0.01190	0.01388	0.00991	0.01091	0.00694	0.01091	0.00595	0.00991	0.00595	0.00793	0.01487	0.00198	0.83246	0.00397	0.00198	0.00496
8	0.00924	0.06526	0.77680	0.01265	0.01920	0.01090	0.01628	0.01431	0.00955	0.01416	0.00804	0.00945	0.00574	0.00428	0.00423	0.00141	0.00660	0.00330	0.00191	0.00665
9	0.00815	0.00466	0.00618	0.00647	0.00739	0.00429	0.00463	0.00934	0.00991	0.13933	0.11243	0.55573	0.02746	0.01180	0.00543	0.00169	0.00278	0.03119	0.04670	0.00442
10	0.02033	0.00771	0.01052	0.00806	0.01157	0.00666	0.00666	0.02208	0.01297	0.81562	0.01788	0.01542	0.01122	0.00561	0.00456	0.00140	0.00386	0.00456	0.00561	0.00771
11	0.00650	0.00477	0.00684	0.00684	0.00750	0.00542	0.00511	0.00781	0.00715	0.01019	0.01254	0.02003	0.01230	0.18585	0.67225	0.00674	0.01068	0.00518	0.00249	0.00380
12	0.00942	0.00464	0.00512	0.00481	0.00613	0.00448	0.00367	0.01150	0.01029	0.10037	0.11763	0.01893	0.01559	0.00583	0.00359	0.00114	0.00230	0.00477	0.66519	0.00459
13	0.00557	0.00398	0.00531	0.00636	0.00664	0.00372	0.00428	0.00639	0.00872	0.01162	0.02495	0.81817	0.02987	0.01415	0.00580	0.00185	0.00267	0.03207	0.00421	0.00369
14	0.87276	0.00876	0.00666	0.00596	0.00876	0.01017	0.00491	0.01332	0.00771	0.02033	0.00631	0.00736	0.00491	0.00421	0.00280	0.00140	0.00351	0.00245	0.00280	0.00491
15	0.01070	0.01222	0.02674	0.01910	0.02368	0.01146	0.79603	0.01451	0.01070	0.01451	0.00917	0.01222	0.00688	0.00382	0.00535	0.00153	0.00764	0.00535	0.00229	0.00611
16	0.00904	0.00714	0.00890	0.09399	0.01224	0.00775	0.00747	0.08967	0.18857	0.01582	0.02178	0.07007	0.08856	0.00955	0.00544	0.00177	0.00408	0.34883	0.00409	0.00523
17	0.19730	0.01084	0.03190	0.08859	0.12267	0.03457	0.33759	0.01434	0.01001	0.07262	0.00934	0.03356	0.00730	0.00444	0.00451	0.00146	0.00590	0.00447	0.00265	0.00593
18	0.01343	0.51385	0.02024	0.01020	0.04361	0.22171	0.04125	0.05042	0.01074	0.01191	0.00689	0.00807	0.00601	0.00423	0.00367	0.00109	0.02183	0.00284	0.00218	0.00581
19	0.01144	0.08503	0.10326	0.05142	0.05925	0.00916	0.02344	0.08667	0.08386	0.11830	0.03516	0.11124	0.01165	0.00582	0.00431	0.00128	0.00432	0.00491	0.00343	0.18604
20	0.02410	0.13770	0.09963	0.16974	0.07287	0.01064	0.02971	0.03355	0.06585	0.12211	0.01065	0.02450	0.00842	0.00895	0.11562	0.00220	0.05088	0.00411	0.00285	0.00593
21	0.01992	0.00759	0.01030	0.00793	0.01135	0.00657	0.00654	0.02168	0.01285	0.78774	0.01777	0.01547	0.01123	0.00560	0.00451	0.00139	0.00379	0.00455	0.03564	0.00759
22	0.00738	0.00563	0.02022	0.00584	0.00738	0.01903	0.00448	0.03595	0.01108	0.07394	0.17296	0.18276	0.41520	0.01068	0.00530	0.00154	0.00272	0.00913	0.00439	0.00438
23	0.01047	0.02151	0.05344	0.00940	0.05284	0.00765	0.07157	0.06185	0.01042	0.04182	0.00865	0.00999	0.00690	0.00369	0.00373	0.00089	0.00412	0.00315	0.00279	0.61512
24	0.00945	0.00656	0.00832	0.00792	0.04457	0.00654	0.00580	0.03202	0.11465	0.10944	0.19431	0.02367	0.09056	0.06789	0.14503	0.00259	0.01785	0.02705	0.00395	0.08183
25	0.00552	0.00394	0.00526	0.00631	0.00657	0.00368	0.00421	0.00631	0.00868	0.01157	0.02498	0.83779	0.02997	0.01420	0.00578	0.00184	0.00263	0.01288	0.00421	0.00368
26	0.00945	0.00998	0.12911	0.15295	0.04334	0.00859	0.03334	0.09085	0.12310	0.03606	0.11478	0.09918	0.09044	0.00710	0.00483	0.00150	0.00439	0.01570	0.01965	0.00566
27	0.05772	0.06545	0.08296	0.05723	0.10725	0.09054	0.03403	0.19579	0.01326	0.20501	0.01072	0.01127	0.00767	0.00497	0.00469	0.00137	0.03591	0.00386	0.00353	0.00676
28	0.00720	0.00506	0.00623	0.00582	0.00718	0.00469	0.00440	0.00970	0.05643	0.05942	0.56018	0.04932	0.18833	0.00942	0.00527	0.00146	0.00235	0.00819	0.00483	0.00452
29	0.00562	0.00403	0.00534	0.00629	0.00665	0.00376	0.00428	0.00652	0.00900	0.01201	0.07049	0.75409	0.04681	0.01381	0.00576	0.00182	0.00264	0.03310	0.00425	0.00373
30	0.02376	0.04160	0.31407	0.06695	0.13914	0.06084	0.09246	0.03653	0.00993	0.02392	0.00864	0.03268	0.00707	0.01891	0.00598	0.00153	0.10355	0.00405	0.00225	0.00615
31	0.01331	0.60856	0.02055	0.00880	0.01224	0.22234	0.00799	0.01505	0.03485	0.01103	0.00686	0.00780	0.00607	0.00415	0.00326	0.00104	0.00565	0.00263	0.00212	0.00571
32	0.02140	0.07661	0.05177	0.07703	0.10407	0.05047	0.02905	0.02476	0.16561	0.04470	0.04410	0.17731	0.02444	0.03400	0.00520	0.00153	0.00437	0.00604	0.00338	0.05413
33	0.03854	0.04672	0.07439	0.02291	0.07829	0.23783	0.08817	0.21670	0.08619	0.03133	0.00959	0.01057	0.00732	0.00489	0.00463	0.00135	0.02719	0.00382	0.00310	0.00645
34	0.03275	0.01403	0.26615	0.01409	0.01825	0.00996	0.34243	0.01285	0.00983	0.01413	0.04302	0.12270	0.01095	0.00587	0.00565	0.00156	0.06178	0.00568	0.00253	0.00578
35	0.01044	0.21749	0.32355	0.01122	0.01516	0.04120	0.04610	0.03659	0.00961	0.01324	0.05004	0.01048	0.00789	0.00526	0.00632	0.00143	0.18223	0.00361	0.00221	0.00594

[dist]
# distance from previous block
# <min> <max>
0	2

[block]
# block no. 4 follows, 57 sequences, length 17
# corresponding to MSA columns:
# 132-136,143,179-189
name=unknown_E
#
# <colnr> <probs for GDERKNQSTAVLIFYWHMCP>
#	G	D	E	R	K	N	Q	S	T	A	V	L	I	F	Y	W	H	M	C	P
0	0.02808	0.00846	0.02472	0.00735	0.01089	0.00719	0.00600	0.05817	0.10535	0.11952	0.05090	0.01315	0.02618	0.00462	0.00387	0.00100	0.00350	0.00374	0.02039	0.49692
1	0.00667	0.00497	0.00645	0.00722	0.00834	0.00475	0.00608	0.00842	0.01029	0.01308	0.02987	0.10061	0.23456	0.01235	0.00599	0.00192	0.00357	0.52664	0.00418	0.00405
2	0.00678	0.00451	0.00551	0.00531	0.00637	0.00421	0.00396	0.00879	0.01173	0.01723	0.54522	0.06195	0.08530	0.00868	0.00486	0.00136	0.00216	0.00755	0.20430	0.00421
3	0.00856	0.00805	0.01359	0.82986	0.03121	0.01007	0.01258	0.01158	0.00906	0.01158	0.00805	0.01208	0.00604	0.00453	0.00453	0.00151	0.00604	0.00403	0.00201	0.00503
4	0.00991	0.00991	0.01388	0.01190	0.01190	0.01388	0.00991	0.01091	0.00694	0.01091	0.00595	0.00991	0.00595	0.00793	0.01487	0.00198	0.83246	0.00397	0.00198	0.00496
5	0.00909	0.02344	0.81727	0.01292	0.01961	0.01052	0.01674	0.01435	0.00957	0.01435	0.00813	0.00957	0.00574	0.00431	0.00431	0.00144	0.00670	0.00335	0.00191	0.00670
6	0.02033	0.00771	0.01052	0.00806	0.01157	0.00666	0.00666	0.02208	0.01297	0.81562	0.01788	0.01542	0.01122	0.00561	0.00456	0.00140	0.00386	0.00456	0.00561	0.00771
7	0.27468	0.00803	0.00937	0.00743	0.01073	0.00771	0.00614	0.01947	0.01140	0.57832	0.01443	0.01302	0.00933	0.00519	0.00403	0.00140	0.00375	0.00393	0.00477	0.00687
8	0.00909	0.02344	0.81727	0.01292	0.01961	0.01052	0.01674	0.01435	0.00957	0.01435	0.00813	0.00957	0.00574	0.00431	0.00431	0.00144	0.00670	0.00335	0.00191	0.00670
9	0.06068	0.00776	0.01033	0.00796	0.01143	0.00683	0.00658	0.02167	0.01272	0.77798	0.01733	0.01504	0.01092	0.00554	0.00447	0.00140	0.00384	0.00446	0.00548	0.00758
10	0.00568	0.00412	0.00541	0.00638	0.00682	0.00384	0.00445	0.00663	0.00898	0.01182	0.02649	0.69914	0.08957	0.01382	0.00580	0.00184	0.00276	0.08853	0.00420	0.00374
11	0.76504	0.00863	0.00715	0.00622	0.00912	0.00972	0.00513	0.01443	0.00838	0.12083	0.00777	0.00838	0.00570	0.00438	0.00303	0.00140	0.00355	0.00272	0.00316	0.00526
12	0.02033	0.00771	0.01052	0.00806	0.01157	0.00666	0.00666	0.02208	0.01297	0.81562	0.01788	0.01542	0.01122	0.00561	0.00456	0.00140	0.00386	0.00456	0.00561	0.00771
13	0.00542	0.00435	0.00484	0.00523	0.00629	0.00377	0.00372	0.00643	0.00972	0.01199	0.03817	0.33699	0.52225	0.01248	0.00551	0.00164	0.00242	0.01079	0.00421	0.00377
14	0.70030	0.00907	0.00764	0.00656	0.00945	0.01030	0.00540	0.11018	0.00970	0.06094	0.00769	0.00847	0.00576	0.00446	0.00311	0.00139	0.00367	0.00281	0.02773	0.00537
15	0.06851	0.29098	0.01457	0.00851	0.02476	0.08356	0.00706	0.15497	0.02370	0.02870	0.02706	0.05445	0.03144	0.06101	0.02169	0.01669	0.04496	0.00420	0.02765	0.00554
16	0.01131	0.06130	0.11645	0.00994	0.06952	0.00856	0.03829	0.07865	0.04072	0.11174	0.01173	0.07311	0.00972	0.00569	0.00484	0.03399	0.02127	0.00437	0.09060	0.19819

[dist]
# distance from previous block
# <min> <max>
0	6

[block]
# block no. 5 follows, 57 sequences, length 9
# corresponding to MSA columns:
# 197-205
name=unknown_F
#
# <colnr> <probs for GDERKNQSTAVLIFYWHMCP>
#	G	D	E	R	K	N	Q	S	T	A	V	L	I	F	Y	W	H	M	C	P
0	0.06323	0.12213	0.20342	0.03359	0.08144	0.05218	0.02909	0.19217	0.04242	0.01754	0.05621	0.01377	0.04503	0.00535	0.00428	0.00136	0.00521	0.02218	0.00306	0.00631
1	0.01239	0.00984	0.01001	0.00839	0.01073	0.10484	0.02523	0.29938	0.01522	0.05534	0.20771	0.06140	0.07339	0.00710	0.00470	0.00137	0.00414	0.00583	0.07721	0.00578
2	0.00658	0.00624	0.07544	0.03274	0.02645	0.00493	0.00580	0.00832	0.02759	0.03104	0.09604	0.52620	0.11193	0.01170	0.00545	0.00170	0.00311	0.01044	0.00401	0.00430
3	0.05815	0.20985	0.13485	0.00988	0.04935	0.05359	0.03387	0.04882	0.04004	0.05879	0.00919	0.03960	0.00762	0.00459	0.00399	0.00115	0.02100	0.00352	0.00271	0.20944
4	0.00713	0.03954	0.00666	0.00597	0.00735	0.00517	0.00443	0.00914	0.06327	0.04993	0.15644	0.27113	0.27370	0.03982	0.00584	0.00164	0.00274	0.00914	0.00422	0.03675
5	0.00552	0.00394	0.00526	0.00631	0.00657	0.00368	0.00421	0.00631	0.00868	0.01157	0.02498	0.83779	0.02997	0.01420	0.00578	0.00184	0.00263	0.01288	0.00421	0.00368
6	0.01030	0.01408	0.22523	0.16617	0.30397	0.06012	0.07247	0.01394	0.02996	0.01409	0.04056	0.01188	0.00808	0.00448	0.00452	0.00141	0.00601	0.00408	0.00229	0.00635
7	0.01143	0.03469	0.22306	0.07817	0.28032	0.04995	0.09839	0.07312	0.01100	0.04536	0.00880	0.01078	0.00675	0.00436	0.00465	0.00138	0.02133	0.00389	0.00245	0.03010
8	0.00875	0.00638	0.00856	0.03812	0.00973	0.00728	0.00628	0.11152	0.00946	0.04600	0.01284	0.06190	0.01221	0.11549	0.44177	0.00494	0.06682	0.02438	0.00296	0.00461

[dist]
# distance from previous block
# <min> <max>
5	7

[block]
# block no. 6 follows, 57 sequences, length 22
# corresponding to MSA columns:
# 214-224,226-236
name=unknown_G
#
# <colnr> <probs for GDERKNQSTAVLIFYWHMCP>
#	G	D	E	R	K	N	Q	S	T	A	V	L	I	F	Y	W	H	M	C	P
0	0.00862	0.05496	0.07008	0.09954	0.05146	0.00776	0.07545	0.01197	0.08129	0.04141	0.25210	0.05855	0.11592	0.00718	0.00484	0.00142	0.00396	0.00635	0.00366	0.04347
1	0.01021	0.01820	0.53749	0.01115	0.01643	0.00978	0.01311	0.11517	0.01169	0.04833	0.12484	0.01347	0.01160	0.00519	0.00446	0.00140	0.00559	0.00417	0.00287	0.03486
2	0.00616	0.00458	0.00573	0.00553	0.00664	0.00415	0.00412	0.00802	0.01208	0.01663	0.61525	0.08886	0.18550	0.01000	0.00538	0.00147	0.00220	0.00876	0.00479	0.00415
3	0.01444	0.00859	0.01262	0.28960	0.06245	0.00900	0.03248	0.09831	0.03476	0.34003	0.04241	0.01421	0.00998	0.00524	0.00460	0.00144	0.00484	0.00447	0.00394	0.00658
4	0.00938	0.05193	0.70098	0.01341	0.01977	0.01090	0.10269	0.01434	0.00968	0.01423	0.00818	0.00978	0.00587	0.00424	0.00437	0.00143	0.00673	0.00354	0.00196	0.00660
5	0.01127	0.00973	0.01025	0.00922	0.01178	0.01127	0.00717	0.02408	0.80430	0.01896	0.01844	0.01691	0.01383	0.00615	0.00461	0.00154	0.00359	0.00512	0.00461	0.00717
6	0.00857	0.00446	0.00448	0.00444	0.00556	0.00452	0.00334	0.01113	0.04325	0.01698	0.01494	0.01689	0.01171	0.00532	0.00323	0.00108	0.00217	0.00426	0.82934	0.00435
7	0.01021	0.07206	0.38973	0.04593	0.01956	0.01096	0.25214	0.01424	0.01007	0.05249	0.04276	0.01165	0.00794	0.00454	0.00498	0.00145	0.03645	0.00421	0.00234	0.00628
8	0.00554	0.00417	0.00513	0.00579	0.00646	0.00376	0.00400	0.00652	0.00942	0.01220	0.08423	0.56305	0.24710	0.01311	0.00564	0.00173	0.00250	0.01164	0.00426	0.00376
9	0.05781	0.00814	0.01058	0.00815	0.01164	0.00739	0.00673	0.08167	0.01338	0.71955	0.01682	0.01471	0.01067	0.00553	0.00448	0.00140	0.00393	0.00443	0.00540	0.00759
10	0.00588	0.02088	0.00566	0.00557	0.00659	0.00420	0.00405	0.00724	0.01057	0.01391	0.28568	0.29962	0.29076	0.01150	0.00544	0.00159	0.00240	0.01007	0.00442	0.00396
11	0.05043	0.15465	0.16128	0.11939	0.03425	0.10861	0.11047	0.04781	0.02310	0.09342	0.00907	0.01055	0.00683	0.00456	0.00443	0.00134	0.02763	0.00367	0.02243	0.00606
12	0.00896	0.00846	0.01431	0.70895	0.14899	0.01017	0.01278	0.01193	0.00925	0.01206	0.00812	0.01195	0.00621	0.00446	0.00452	0.00149	0.00594	0.00403	0.00205	0.00536
13	0.00551	0.00449	0.00481	0.00494	0.00618	0.00386	0.00358	0.00663	0.01009	0.01241	0.09651	0.15685	0.60448	0.05148	0.00627	0.00170	0.00243	0.00980	0.00419	0.00379
14	0.01079	0.01758	0.39747	0.04771	0.09906	0.08691	0.08713	0.08454	0.02580	0.01518	0.00964	0.03432	0.00780	0.00507	0.00475	0.00145	0.02145	0.03451	0.00246	0.00637
15	0.03095	0.00678	0.06444	0.00708	0.00791	0.05553	0.02096	0.00779	0.00685	0.00919	0.00833	0.01376	0.00803	0.04409	0.06803	0.62640	0.00501	0.00397	0.00207	0.00283
16	0.00830	0.07422	0.18162	0.00957	0.04921	0.02886	0.03143	0.04805	0.02545	0.01385	0.07481	0.33577	0.05452	0.00915	0.00501	0.00157	0.00422	0.03586	0.00342	0.00509
17	0.01139	0.01283	0.07231	0.01635	0.21155	0.15475	0.17106	0.03401	0.02400	0.02685	0.01205	0.04838	0.04763	0.00591	0.00568	0.00150	0.07635	0.05881	0.00268	0.00591
18	0.09092	0.06905	0.06158	0.01263	0.12822	0.10533	0.04435	0.29700	0.04302	0.03133	0.01015	0.01097	0.02470	0.00486	0.00420	0.00130	0.00528	0.00379	0.00329	0.04802
19	0.08842	0.06180	0.15008	0.02996	0.09338	0.07187	0.04530	0.12408	0.01136	0.05999	0.04337	0.05000	0.00948	0.02723	0.00573	0.00149	0.08153	0.00429	0.00294	0.03771
20	0.12365	0.06396	0.14814	0.02739	0.21830	0.10026	0.06425	0.04595	0.02832	0.09030	0.02064	0.01074	0.00742	0.00446	0.00415	0.00133	0.00550	0.00369	0.00276	0.02877
21	0.14993	0.04259	0.05716	0.09865	0.12859	0.12154	0.02836	0.05461	0.05630	0.12440	0.02197	0.03149	0.02012	0.00504	0.00414	0.00136	0.00505	0.00402	0.01953	0.02513

[dist]
# distance from previous block
# <min> <max>
8	28

[block]
# block no. 7 follows, 57 sequences, length 7
# corresponding to MSA columns:
# 266,267,276-280
name=unknown_H
#
# <colnr> <probs for GDERKNQSTAVLIFYWHMCP>
#	G	D	E	R	K	N	Q	S	T	A	V	L	I	F	Y	W	H	M	C	P
0	0.00616	0.00570	0.05232	0.00569	0.00726	0.00446	0.00467	0.00809	0.01167	0.01566	0.46810	0.03622	0.33775	0.00983	0.00529	0.00147	0.00246	0.00844	0.00451	0.00424
1	0.01211	0.84348	0.02374	0.00775	0.01163	0.01793	0.00775	0.01357	0.00921	0.01066	0.00630	0.00727	0.00582	0.00388	0.00291	0.00097	0.00485	0.00242	0.00194	0.00582
2	0.00940	0.00805	0.00940	0.00671	0.01074	0.00604	0.00537	0.01141	0.00940	0.01477	0.00805	0.00940	0.00671	0.00336	0.00336	0.00067	0.00336	0.00268	0.00268	0.86845
3	0.01895	0.00831	0.01069	0.00837	0.01176	0.00775	0.00686	0.07459	0.11556	0.65987	0.01748	0.01531	0.01132	0.00567	0.00456	0.00142	0.00390	0.00460	0.00541	0.00764
4	0.01010	0.00792	0.00954	0.00711	0.01065	0.00644	0.00569	0.01196	0.00950	0.07878	0.00962	0.05432	0.00827	0.00440	0.00428	0.00087	0.05371	0.00346	0.00296	0.70043
5	0.01233	0.00872	0.01022	0.00750	0.01138	0.00738	0.00607	0.13461	0.01180	0.14317	0.01004	0.01058	0.00758	0.00403	0.00373	0.00089	0.00369	0.00320	0.00343	0.59966
6	0.03978	0.02667	0.00906	0.00774	0.00994	0.00740	0.00615	0.07442	0.13266	0.27510	0.04298	0.13178	0.01684	0.07197	0.00626	0.00178	0.00373	0.10425	0.02558	0.00593

[dist]
# distance from previous block
# <min> <max>
3	21

[block]
# block no. 8 follows, 57 sequences, length 30
# corresponding to MSA columns:
# 302-331
name=unknown_I
#
# <colnr> <probs for GDERKNQSTAVLIFYWHMCP>
#	G	D	E	R	K	N	Q	S	T	A	V	L	I	F	Y	W	H	M	C	P
0	0.01463	0.19506	0.05978	0.01031	0.02707	0.13747	0.00882	0.34788	0.07350	0.01935	0.00943	0.00999	0.00726	0.00496	0.00437	0.00126	0.02926	0.00353	0.00333	0.03275
1	0.00663	0.03033	0.03490	0.00597	0.00748	0.00517	0.00477	0.00916	0.06016	0.01583	0.45222	0.08691	0.24430	0.00966	0.00522	0.00147	0.00254	0.00834	0.00451	0.00442
2	0.05483	0.13569	0.31381	0.01038	0.03418	0.04014	0.02342	0.08259	0.03501	0.04932	0.01075	0.01155	0.04979	0.00470	0.00400	0.00125	0.00523	0.00361	0.00269	0.12704
3	0.01099	0.12700	0.26864	0.04512	0.16261	0.01141	0.13160	0.05357	0.04105	0.05095	0.00969	0.03469	0.00766	0.00462	0.00437	0.00138	0.00579	0.00413	0.01823	0.00650
4	0.00561	0.00400	0.00532	0.00634	0.00662	0.00375	0.00427	0.00642	0.00867	0.01155	0.02463	0.78857	0.02945	0.03799	0.00630	0.00192	0.00273	0.03803	0.00416	0.00367
5	0.03899	0.01227	0.16663	0.27413	0.19235	0.01061	0.11217	0.05113	0.01016	0.03191	0.00863	0.01136	0.00661	0.00511	0.02329	0.00159	0.03059	0.00405	0.00231	0.00610
6	0.01273	0.08203	0.20191	0.09663	0.07790	0.04858	0.05520	0.12643	0.03116	0.14365	0.01093	0.03227	0.00835	0.03248	0.00499	0.00148	0.00547	0.00418	0.01715	0.00646
7	0.00912	0.02139	0.02601	0.00864	0.03761	0.02003	0.06206	0.05401	0.17650	0.05360	0.18180	0.10353	0.19551	0.00844	0.00506	0.00151	0.00352	0.02206	0.00421	0.00538
8	0.00561	0.00401	0.00536	0.00632	0.00660	0.00381	0.00424	0.00641	0.00853	0.01142	0.02394	0.76760	0.02853	0.04212	0.05011	0.00221	0.00320	0.01225	0.00406	0.00367
9	0.00703	0.00583	0.00646	0.00708	0.00784	0.05802	0.00508	0.00922	0.08781	0.01273	0.05454	0.57889	0.04410	0.01237	0.00558	0.00177	0.00320	0.08413	0.00415	0.00420
10	0.01317	0.66433	0.02139	0.00857	0.01215	0.17115	0.00797	0.03569	0.01023	0.01123	0.00656	0.00754	0.00587	0.00407	0.00318	0.00102	0.00548	0.00256	0.00208	0.00576
11	0.01143	0.03045	0.34180	0.01161	0.01641	0.01007	0.11391	0.04225	0.15839	0.11783	0.01201	0.01249	0.01953	0.00480	0.00445	0.00139	0.00545	0.00413	0.00312	0.07849
12	0.05709	0.08499	0.07896	0.01366	0.13561	0.17110	0.08618	0.15932	0.10489	0.05030	0.00993	0.01083	0.00758	0.00472	0.00428	0.00133	0.00577	0.00383	0.00308	0.00655
13	0.00921	0.02265	0.05848	0.05389	0.22010	0.02211	0.09540	0.02826	0.05993	0.03083	0.05261	0.27310	0.02788	0.00782	0.00499	0.00154	0.00452	0.00723	0.01389	0.00558
14	0.07896	0.07425	0.01198	0.03364	0.03464	0.06653	0.00714	0.21444	0.06369	0.01838	0.01977	0.01031	0.00763	0.00440	0.00381	0.00107	0.00437	0.00333	0.00321	0.33846
15	0.00581	0.00415	0.00559	0.00664	0.00702	0.00393	0.00470	0.00680	0.00896	0.01189	0.02482	0.71142	0.02934	0.01393	0.00586	0.00188	0.00288	0.13643	0.00420	0.00376
16	0.00663	0.00445	0.00537	0.00537	0.00550	0.00458	0.00328	0.00680	0.00667	0.00902	0.01362	0.02696	0.01522	0.66945	0.15310	0.04660	0.00563	0.00618	0.00266	0.00292
17	0.01019	0.19909	0.35076	0.01194	0.03607	0.04326	0.11570	0.03014	0.03358	0.01383	0.04433	0.04047	0.02399	0.00553	0.02097	0.00147	0.00600	0.00417	0.00240	0.00610
18	0.00856	0.00805	0.01359	0.82986	0.03121	0.01007	0.01258	0.01158	0.00906	0.01158	0.00805	0.01208	0.00604	0.00453	0.00453	0.00151	0.00604	0.00403	0.00201	0.00503
19	0.00647	0.00485	0.00728	0.00728	0.00809	0.00566	0.00566	0.00809	0.00728	0.01052	0.01214	0.01780	0.01133	0.03398	0.82279	0.00728	0.01214	0.00485	0.00243	0.00405
20	0.01053	0.00849	0.01425	0.63239	0.02752	0.00986	0.07501	0.03693	0.01007	0.11719	0.00951	0.01249	0.00683	0.00464	0.00460	0.00149	0.00585	0.00420	0.00258	0.00555
21	0.01987	0.00761	0.01037	0.00798	0.01141	0.00658	0.00658	0.02164	0.01296	0.78927	0.04406	0.01603	0.01226	0.00573	0.00458	0.00140	0.00380	0.00468	0.00559	0.00760
22	0.00687	0.00491	0.00681	0.00785	0.00871	0.00484	0.00655	0.00864	0.01001	0.01308	0.02423	0.24106	0.02702	0.01292	0.00614	0.00203	0.00380	0.59628	0.00418	0.00405
23	0.00659	0.00439	0.00494	0.00494	0.00494	0.00439	0.00275	0.00659	0.00659	0.00879	0.01428	0.02965	0.01647	0.84075	0.02306	0.00439	0.00439	0.00659	0.00275	0.00275
24	0.05693	0.00893	0.01116	0.07891	0.01361	0.00897	0.00751	0.16717	0.09317	0.48215	0.01524	0.01406	0.01008	0.00547	0.00448	0.00142	0.00421	0.00438	0.00487	0.00730
25	0.00552	0.00394	0.00526	0.00631	0.00657	0.00368	0.00421	0.00631	0.00868	0.01157	0.02498	0.83779	0.02997	0.01420	0.00578	0.00184	0.00263	0.01288	0.00421	0.00368
26	0.00856	0.00805	0.01359	0.82986	0.03121	0.01007	0.01258	0.01158	0.00906	0.01158	0.00805	0.01208	0.00604	0.00453	0.00453	0.00151	0.00604	0.00403	0.00201	0.00503
27	0.01527	0.26735	0.03845	0.01054	0.01345	0.55945	0.00868	0.01664	0.01166	0.01105	0.00682	0.00794	0.00583	0.00442	0.00374	0.00112	0.00714	0.00278	0.00220	0.00546
28	0.00808	0.06308	0.00904	0.05814	0.05670	0.04379	0.03160	0.00949	0.00994	0.05789	0.05799	0.30143	0.22408	0.02369	0.00544	0.00162	0.00359	0.02613	0.00374	0.00455
29	0.49952	0.00905	0.00882	0.04931	0.02862	0.04793	0.02249	0.03932	0.00988	0.16366	0.05916	0.01123	0.00882	0.00486	0.00358	0.00139	0.00398	0.00347	0.01935	0.00555

[dist]
# distance from previous block
# <min> <max>
2	11

[block]
# block no. 9 follows, 57 sequences, length 12
# corresponding to MSA columns:
# 343-354
name=unknown_J
#
# <colnr> <probs for GDERKNQSTAVLIFYWHMCP>
#	G	D	E	R	K	N	Q	S	T	A	V	L	I	F	Y	W	H	M	C	P
0	0.01013	0.04117	0.48357	0.01312	0.09216	0.00975	0.05945	0.01416	0.00989	0.06370	0.00958	0.01088	0.02384	0.00433	0.00424	0.00130	0.00580	0.00361	0.00236	0.13695
1	0.01888	0.03179	0.01144	0.00845	0.01202	0.00842	0.00701	0.17639	0.01434	0.59184	0.01562	0.01396	0.01012	0.00540	0.00444	0.00134	0.00408	0.00430	0.00513	0.05504
2	0.00825	0.00517	0.00638	0.00582	0.00737	0.00469	0.00445	0.01040	0.03442	0.12540	0.47581	0.03271	0.21948	0.00909	0.00516	0.00144	0.00245	0.00783	0.02896	0.00472
3	0.05788	0.04582	0.02619	0.06264	0.08819	0.04452	0.04288	0.09120	0.05613	0.07806	0.01659	0.28526	0.04401	0.00818	0.00497	0.00154	0.01740	0.00710	0.01600	0.00546
4	0.01845	0.00783	0.01028	0.00811	0.01132	0.00713	0.00661	0.06927	0.05509	0.65770	0.04019	0.06101	0.01306	0.00620	0.00465	0.00143	0.00380	0.00512	0.00539	0.00736
5	0.00553	0.00409	0.00517	0.00598	0.00650	0.00373	0.00407	0.00644	0.00915	0.01198	0.06300	0.66187	0.16893	0.01350	0.00569	0.00177	0.00255	0.01209	0.00424	0.00373
6	0.09895	0.00738	0.00935	0.00744	0.01046	0.00673	0.00607	0.03850	0.01254	0.57408	0.12505	0.01835	0.05235	0.00624	0.00453	0.00141	0.00355	0.00507	0.00516	0.00680
7	0.01262	0.17343	0.19143	0.05349	0.15365	0.01153	0.06037	0.06831	0.04975	0.15080	0.02565	0.01160	0.00826	0.00464	0.00424	0.00133	0.00530	0.00388	0.00300	0.00671
8	0.62723	0.00900	0.00801	0.00679	0.00972	0.01003	0.00558	0.11557	0.01029	0.11885	0.03653	0.00973	0.00737	0.00472	0.00333	0.00140	0.00369	0.00312	0.00345	0.00559
9	0.00592	0.00422	0.00553	0.03051	0.00708	0.00409	0.00428	0.00666	0.00832	0.01106	0.02215	0.60546	0.02621	0.19014	0.00945	0.00239	0.00318	0.04598	0.00383	0.00354
10	0.17450	0.04969	0.02941	0.05516	0.22421	0.03466	0.09242	0.09361	0.10460	0.02689	0.00966	0.01125	0.00757	0.00523	0.02104	0.00152	0.02688	0.00391	0.02153	0.00628
11	0.05186	0.27364	0.01320	0.00717	0.00995	0.01027	0.02120	0.07279	0.01113	0.17258	0.07818	0.01439	0.02330	0.00628	0.03292	0.00140	0.00407	0.00407	0.18585	0.00574

[dist]
# distance from previous block
# <min> <max>
1	2

[block]
# block no. 10 follows, 57 sequences, length 51
# corresponding to MSA columns:
# 357-375,387-418
name=unknown_K
#
# <colnr> <probs for GDERKNQSTAVLIFYWHMCP>
#	G	D	E	R	K	N	Q	S	T	A	V	L	I	F	Y	W	H	M	C	P
0	0.10525	0.01229	0.01289	0.00997	0.01351	0.01365	0.00823	0.71670	0.01991	0.02771	0.01041	0.01052	0.00742	0.00531	0.00436	0.00136	0.00483	0.00391	0.00436	0.00742
1	0.01978	0.02576	0.01095	0.00816	0.01169	0.00730	0.00677	0.06475	0.01329	0.73995	0.01706	0.01489	0.01082	0.00552	0.00450	0.00138	0.00393	0.00445	0.00542	0.02364
2	0.00552	0.00394	0.00526	0.00631	0.00657	0.00368	0.00421	0.00631	0.00868	0.01157	0.02498	0.83779	0.02997	0.01420	0.00578	0.00184	0.00263	0.01288	0.00421	0.00368
3	0.00636	0.00432	0.00499	0.00518	0.00527	0.00425	0.00303	0.00654	0.00707	0.00938	0.01704	0.17743	0.03942	0.66859	0.01945	0.00385	0.00402	0.00781	0.00305	0.00294
4	0.00889	0.00840	0.01420	0.72872	0.12973	0.01016	0.01275	0.01187	0.00922	0.01198	0.00811	0.01197	0.00618	0.00447	0.00452	0.00149	0.00596	0.00403	0.00204	0.00530
5	0.00991	0.00991	0.01388	0.01190	0.01190	0.01388	0.00991	0.01091	0.00694	0.01091	0.00595	0.00991	0.00595	0.00793	0.01487	0.00198	0.83246	0.00397	0.00198	0.00496
6	0.00909	0.02344	0.81727	0.01292	0.01961	0.01052	0.01674	0.01435	0.00957	0.01435	0.00813	0.00957	0.00574	0.00431	0.00431	0.00144	0.00670	0.00335	0.00191	0.00670
7	0.00579	0.00461	0.00520	0.00505	0.00639	0.00401	0.00379	0.00735	0.01136	0.01469	0.36157	0.03958	0.49345	0.01056	0.00535	0.00149	0.00223	0.00900	0.00453	0.00401
8	0.12318	0.00768	0.00976	0.00763	0.01094	0.00697	0.00629	0.02049	0.01217	0.68263	0.01633	0.01451	0.01047	0.00542	0.00428	0.00139	0.00373	0.00429	0.04462	0.00721
9	0.00652	0.00466	0.00628	0.00628	0.00674	0.00512	0.00441	0.00745	0.00698	0.00978	0.01306	0.02289	0.01354	0.38035	0.47945	0.00604	0.00881	0.00560	0.00256	0.00349
10	0.00698	0.00476	0.00621	0.00577	0.00696	0.00437	0.00436	0.00907	0.01277	0.05163	0.75902	0.03330	0.05921	0.00916	0.00531	0.00143	0.00221	0.00807	0.00500	0.00441
11	0.00598	0.00415	0.00519	0.00584	0.00602	0.00399	0.00373	0.00650	0.00792	0.01056	0.02085	0.50744	0.02470	0.33058	0.01241	0.00282	0.00335	0.03099	0.00365	0.00334
12	0.87276	0.00876	0.00666	0.00596	0.00876	0.01017	0.00491	0.01332	0.00771	0.02033	0.00631	0.00736	0.00491	0.00421	0.00280	0.00140	0.00351	0.00245	0.00280	0.00491
13	0.01062	0.01274	0.06290	0.01882	0.02350	0.01142	0.76038	0.01451	0.01064	0.01451	0.00912	0.01210	0.00682	0.00384	0.00530	0.00152	0.00760	0.00526	0.00227	0.00614
14	0.00667	0.00452	0.00605	0.00687	0.00758	0.00427	0.00516	0.00792	0.00954	0.04619	0.04109	0.51715	0.07050	0.01311	0.00584	0.00187	0.00310	0.23432	0.00427	0.00401
15	0.02807	0.01079	0.01973	0.01458	0.01827	0.01062	0.47807	0.14949	0.03970	0.02963	0.02815	0.05142	0.00956	0.00495	0.00494	0.00146	0.00604	0.00536	0.08308	0.00610
16	0.01222	0.17355	0.05043	0.01126	0.04278	0.10299	0.00940	0.14309	0.01086	0.01436	0.03485	0.01023	0.00751	0.00611	0.00847	0.00153	0.34836	0.00369	0.00255	0.00575
17	0.02434	0.02678	0.13217	0.01128	0.13010	0.00810	0.02893	0.02856	0.02484	0.08400	0.02513	0.01086	0.00785	0.00404	0.00389	0.00103	0.00435	0.00338	0.00285	0.43753
18	0.01538	0.03776	0.02565	0.03253	0.03288	0.02320	0.01868	0.04406	0.01197	0.45694	0.07936	0.02916	0.04417	0.00740	0.04139	0.00167	0.04429	0.00497	0.04199	0.00653
19	0.01690	0.00966	0.01115	0.00879	0.01200	0.01000	0.00718	0.34674	0.09768	0.32304	0.01469	0.01381	0.01005	0.00556	0.00441	0.00136	0.00413	0.00438	0.09114	0.00730
20	0.00731	0.00566	0.00642	0.00589	0.00747	0.00539	0.00451	0.08907	0.04646	0.01691	0.39030	0.03466	0.34371	0.00962	0.00523	0.00147	0.00255	0.00819	0.00461	0.00457
21	0.01072	0.08176	0.07871	0.00808	0.01226	0.00800	0.04051	0.02967	0.02710	0.07723	0.00901	0.01001	0.00709	0.00378	0.00363	0.00089	0.00402	0.00306	0.00285	0.58162
22	0.05858	0.01105	0.08229	0.01099	0.01447	0.02690	0.17304	0.18841	0.01288	0.22607	0.01210	0.01390	0.00899	0.07800	0.03089	0.00186	0.02080	0.00454	0.01777	0.00645
23	0.00560	0.00400	0.00535	0.00640	0.00670	0.00375	0.00435	0.00645	0.00876	0.01166	0.02493	0.80181	0.02979	0.01412	0.00581	0.00185	0.00270	0.04806	0.00420	0.00370
24	0.01079	0.00869	0.02549	0.01044	0.09694	0.00878	0.04239	0.14497	0.20971	0.06655	0.05480	0.10619	0.16157	0.00757	0.00487	0.00149	0.00384	0.00652	0.02233	0.00607
25	0.04723	0.03290	0.22042	0.02537	0.14121	0.06112	0.02350	0.06104	0.05989	0.16792	0.01097	0.01263	0.00826	0.00526	0.00532	0.00146	0.07807	0.02771	0.00313	0.00661
26	0.01198	0.00878	0.00962	0.07835	0.01196	0.08165	0.00682	0.11236	0.11958	0.14774	0.22820	0.02076	0.05295	0.00687	0.00499	0.00142	0.02530	0.01822	0.04667	0.00580
27	0.00597	0.00407	0.00543	0.00634	0.00672	0.00379	0.00428	0.00683	0.00894	0.03462	0.05183	0.78674	0.02988	0.01378	0.00573	0.00181	0.00265	0.01248	0.00427	0.00382
28	0.06769	0.01321	0.17081	0.10813	0.13888	0.04779	0.07704	0.16347	0.01228	0.09764	0.01021	0.03060	0.00785	0.00501	0.00462	0.00143	0.01733	0.01645	0.00304	0.00651
29	0.01290	0.40244	0.01863	0.08148	0.05228	0.23971	0.04675	0.03769	0.01067	0.01181	0.00783	0.04396	0.00704	0.00465	0.00374	0.00116	0.00594	0.00341	0.00226	0.00563
30	0.02747	0.00850	0.03853	0.08826	0.08984	0.00846	0.03672	0.06892	0.16809	0.08004	0.09848	0.13810	0.01648	0.02195	0.00527	0.00155	0.01662	0.02930	0.01611	0.04128
31	0.02852	0.08057	0.22667	0.01298	0.11788	0.16122	0.03293	0.04527	0.12151	0.04972	0.01040	0.03381	0.00825	0.00502	0.00445	0.00136	0.02162	0.00395	0.02754	0.00633
32	0.00909	0.02344	0.81727	0.01292	0.01961	0.01052	0.01674	0.01435	0.00957	0.01435	0.00813	0.00957	0.00574	0.00431	0.00431	0.00144	0.00670	0.00335	0.00191	0.00670
33	0.01468	0.04504	0.01260	0.01031	0.01232	0.29074	0.00825	0.08183	0.01183	0.16322	0.05996	0.01239	0.02297	0.00615	0.00714	0.00146	0.22609	0.00403	0.00322	0.00578
34	0.06378	0.06545	0.18849	0.00860	0.01272	0.00907	0.00844	0.10891	0.01101	0.08686	0.00954	0.01054	0.00724	0.00492	0.02078	0.00123	0.01671	0.00330	0.05789	0.30449
35	0.00730	0.00522	0.00730	0.00835	0.00939	0.00522	0.00730	0.00939	0.01043	0.01356	0.02399	0.05111	0.02608	0.01252	0.00626	0.00209	0.00417	0.78199	0.00417	0.00417
36	0.00641	0.00463	0.00606	0.00570	0.00677	0.00428	0.00428	0.00855	0.01283	0.01817	0.81009	0.03385	0.04276	0.00926	0.00534	0.00143	0.00214	0.00819	0.00499	0.00428
37	0.00856	0.00805	0.01359	0.82986	0.03121	0.01007	0.01258	0.01158	0.00906	0.01158	0.00805	0.01208	0.00604	0.00453	0.00453	0.00151	0.00604	0.00403	0.00201	0.00503
38	0.00991	0.00991	0.01388	0.01190	0.01190	0.01388	0.00991	0.01091	0.00694	0.01091	0.00595	0.00991	0.00595	0.00793	0.01487	0.00198	0.83246	0.00397	0.00198	0.00496
39	0.00909	0.02344	0.81727	0.01292	0.01961	0.01052	0.01674	0.01435	0.00957	0.01435	0.00813	0.00957	0.00574	0.00431	0.00431	0.00144	0.00670	0.00335	0.00191	0.00670
40	0.01519	0.00620	0.00779	0.00640	0.00885	0.00561	0.00515	0.01710	0.01147	0.47004	0.01654	0.01606	0.01139	0.00547	0.00396	0.00125	0.00310	0.00441	0.37783	0.00620
41	0.01994	0.00762	0.01039	0.00800	0.01143	0.00659	0.00659	0.02170	0.01297	0.79298	0.04037	0.01595	0.01211	0.00571	0.00458	0.00140	0.00381	0.00466	0.00559	0.00761
42	0.00909	0.02344	0.81727	0.01292	0.01961	0.01052	0.01674	0.01435	0.00957	0.01435	0.00813	0.00957	0.00574	0.00431	0.00431	0.00144	0.00670	0.00335	0.00191	0.00670
43	0.02033	0.00771	0.01052	0.00806	0.01157	0.00666	0.00666	0.02208	0.01297	0.81562	0.01788	0.01542	0.01122	0.00561	0.00456	0.00140	0.00386	0.00456	0.00561	0.00771
44	0.00552	0.00394	0.00526	0.00631	0.00657	0.00368	0.00421	0.00631	0.00868	0.01157	0.02498	0.83779	0.02997	0.01420	0.00578	0.00184	0.00263	0.01288	0.00421	0.00368
45	0.87276	0.00876	0.00666	0.00596	0.00876	0.01017	0.00491	0.01332	0.00771	0.02033	0.00631	0.00736	0.00491	0.00421	0.00280	0.00140	0.00351	0.00245	0.00280	0.00491
46	0.12345	0.01080	0.01187	0.00921	0.01270	0.01148	0.00760	0.48116	0.01727	0.25056	0.01230	0.01173	0.00836	0.00534	0.00433	0.00138	0.00448	0.00401	0.00462	0.00736
47	0.00538	0.00449	0.00469	0.00485	0.00619	0.00380	0.00356	0.00647	0.01008	0.01214	0.04270	0.16503	0.69129	0.01189	0.00542	0.00158	0.00235	0.01007	0.00421	0.00380
48	0.18093	0.00764	0.00940	0.00749	0.01064	0.00711	0.00613	0.01926	0.01182	0.60053	0.05216	0.04307	0.01211	0.00581	0.00430	0.00142	0.00367	0.00461	0.00500	0.00688
49	0.04136	0.23631	0.08485	0.05719	0.05618	0.03163	0.03698	0.06092	0.27978	0.02662	0.01132	0.01182	0.00880	0.00500	0.00440	0.00135	0.03204	0.00388	0.00311	0.00645
50	0.04019	0.15880	0.37776	0.03348	0.05889	0.01089	0.05930	0.01358	0.00966	0.02702	0.03286	0.01023	0.00726	0.00422	0.00398	0.00124	0.00553	0.00340	0.00227	0.13942

[dist]
# distance from previous block
# <min> <max>
1	21

[block]
# block no. 11 follows, 57 sequences, length 9
# corresponding to MSA columns:
# 440-448
name=unknown_L
#
# <colnr> <probs for GDERKNQSTAVLIFYWHMCP>
#	G	D	E	R	K	N	Q	S	T	A	V	L	I	F	Y	W	H	M	C	P
0	0.00926	0.00535	0.00593	0.00544	0.00687	0.00537	0.00418	0.07357	0.03806	0.05487	0.22107	0.02075	0.01944	0.00637	0.00395	0.00121	0.00248	0.00529	0.50578	0.00477
1	0.00689	0.02534	0.12050	0.05974	0.01046	0.00594	0.00683	0.00929	0.04693	0.01316	0.11094	0.34871	0.10483	0.04080	0.00595	0.00176	0.00361	0.07009	0.00375	0.00449
2	0.01273	0.15213	0.25901	0.03350	0.06781	0.02969	0.05749	0.03476	0.03005	0.18930	0.01033	0.01096	0.00745	0.00448	0.00413	0.00128	0.00534	0.00363	0.00298	0.08295
3	0.00915	0.00639	0.00812	0.00737	0.00904	0.00646	0.03149	0.01295	0.16944	0.11967	0.21060	0.18696	0.14864	0.00925	0.00560	0.00157	0.03962	0.00797	0.00449	0.00520
4	0.00552	0.00394	0.00526	0.00631	0.00657	0.00368	0.00421	0.00631	0.00868	0.01157	0.02498	0.83779	0.02997	0.01420	0.00578	0.00184	0.00263	0.01288	0.00421	0.00368
