[name]
unknown

[dist]
# distance from previous block
# <min> <max>
0	84

[block]
# block no. 0 follows, 46 sequences, length 6
# corresponding to MSA columns:
# 233-238
name=unknown_A
#
# <colnr> <probs for GDERKNQSTAVLIFYWHMCP>
#	G	D	E	R	K	N	Q	S	T	A	V	L	I	F	Y	W	H	M	C	P
0	0.00960	0.00515	0.00560	0.00583	0.00706	0.00515	0.00460	0.01206	0.01129	0.01898	0.01927	0.02722	0.01672	0.00775	0.00437	0.00146	0.00292	0.14425	0.68581	0.00492
1	0.04987	0.00954	0.04220	0.07692	0.11900	0.04450	0.06494	0.03339	0.01241	0.01710	0.15320	0.18731	0.05279	0.00994	0.00598	0.00185	0.00499	0.10413	0.00411	0.00581
2	0.01183	0.01128	0.01919	0.34440	0.47911	0.01223	0.01560	0.01512	0.01144	0.01574	0.00972	0.01349	0.00784	0.00494	0.00525	0.00165	0.00659	0.00471	0.00251	0.00736
3	0.01178	0.00679	0.00698	0.00629	0.00808	0.00708	0.00489	0.15362	0.01368	0.02227	0.01639	0.01839	0.01269	0.00619	0.00400	0.00130	0.00309	0.00490	0.68589	0.00569
4	0.10615	0.23604	0.06512	0.07037	0.20753	0.08797	0.01146	0.05847	0.01221	0.03751	0.00913	0.01093	0.00744	0.00490	0.00439	0.00141	0.00611	0.00374	0.00285	0.05629
5	0.05372	0.03399	0.18143	0.01310	0.05718	0.03285	0.07189	0.20696	0.06977	0.05126	0.07352	0.05095	0.03756	0.00676	0.00527	0.00165	0.00578	0.00565	0.03327	0.00743

[dist]
# distance from previous block
# <min> <max>
0	4

[block]
# block no. 1 follows, 46 sequences, length 35
# corresponding to MSA columns:
# 245-249,261-290
name=unknown_B
#
# <colnr> <probs for GDERKNQSTAVLIFYWHMCP>
#	G	D	E	R	K	N	Q	S	T	A	V	L	I	F	Y	W	H	M	C	P
0	0.01495	0.01088	0.04547	0.03974	0.04637	0.03816	0.06239	0.05387	0.01331	0.23052	0.05452	0.04240	0.03687	0.00606	0.00501	0.00138	0.00497	0.00518	0.00430	0.28364
1	0.07706	0.02676	0.01185	0.00942	0.01244	0.00882	0.05277	0.09876	0.03647	0.29343	0.16079	0.06669	0.02064	0.02240	0.00581	0.00174	0.00436	0.03338	0.04933	0.00709
2	0.00955	0.00791	0.00835	0.00796	0.00967	0.06226	0.00605	0.01391	0.15142	0.03228	0.32836	0.09350	0.13533	0.01169	0.03866	0.00202	0.00399	0.03881	0.03269	0.00561
3	0.00907	0.00689	0.00940	0.00938	0.05373	0.00672	0.04015	0.01188	0.06445	0.06160	0.25244	0.15442	0.19373	0.03583	0.03928	0.00217	0.02905	0.00947	0.00486	0.00548
4	0.00978	0.06245	0.06814	0.00946	0.03504	0.02772	0.02682	0.01211	0.02586	0.07026	0.18088	0.21125	0.15339	0.01098	0.00640	0.00181	0.03429	0.04319	0.00456	0.00563
5	0.03178	0.00988	0.01260	0.24185	0.04163	0.05435	0.03186	0.11666	0.01373	0.06935	0.08497	0.09509	0.13071	0.00817	0.00555	0.00170	0.00529	0.00697	0.00404	0.03381
6	0.07890	0.00992	0.01447	0.37121	0.08509	0.03368	0.05034	0.01518	0.05994	0.06041	0.06497	0.02778	0.02995	0.03991	0.00644	0.00188	0.02162	0.01875	0.00332	0.00623
7	0.16017	0.05247	0.01525	0.04802	0.17443	0.10050	0.02695	0.08885	0.10376	0.04373	0.04055	0.03879	0.01103	0.00630	0.00580	0.00166	0.06621	0.00486	0.00360	0.00708
8	0.03398	0.28515	0.21007	0.01192	0.04047	0.04779	0.03674	0.06049	0.02897	0.10575	0.08012	0.01393	0.01179	0.00566	0.00464	0.00147	0.00601	0.00437	0.00338	0.00730
9	0.08211	0.00964	0.01244	0.01150	0.08829	0.00932	0.03010	0.07363	0.06204	0.21014	0.04631	0.05518	0.04042	0.00817	0.04162	0.00183	0.02536	0.00550	0.01587	0.17054
10	0.00820	0.00678	0.04012	0.00796	0.00914	0.00631	0.01775	0.04390	0.01068	0.01464	0.12283	0.15667	0.04813	0.23255	0.20327	0.00437	0.00674	0.05134	0.00394	0.00465
11	0.00985	0.00493	0.00493	0.00493	0.00616	0.00493	0.00370	0.01232	0.01109	0.01971	0.01725	0.01971	0.01355	0.00616	0.00370	0.00123	0.00246	0.00493	0.84356	0.00493
12	0.05102	0.09808	0.01912	0.22964	0.20610	0.03087	0.07973	0.08994	0.01267	0.04138	0.03244	0.01348	0.00900	0.00554	0.00587	0.00165	0.05871	0.00469	0.00301	0.00706
13	0.06011	0.20325	0.11432	0.01112	0.03456	0.07697	0.03332	0.08948	0.05292	0.06413	0.05638	0.01577	0.03717	0.00601	0.00468	0.00144	0.00564	0.02617	0.00356	0.10301
14	0.00985	0.00493	0.00493	0.00493	0.00616	0.00493	0.00370	0.01232	0.01109	0.01971	0.01725	0.01971	0.01355	0.00616	0.00370	0.00123	0.00246	0.00493	0.84356	0.00493
15	0.00818	0.00528	0.00624	0.00621	0.00645	0.00530	0.00374	0.00846	0.00815	0.03821	0.01728	0.07497	0.01936	0.67798	0.08852	0.00512	0.00574	0.00783	0.00338	0.00359
16	0.01017	0.04220	0.06143	0.07775	0.06316	0.00890	0.03383	0.05978	0.05565	0.04100	0.05745	0.24805	0.10648	0.02233	0.00653	0.00187	0.03361	0.02188	0.04202	0.00592
17	0.01599	0.04222	0.07655	0.10537	0.10739	0.07867	0.06646	0.05283	0.04957	0.23796	0.06944	0.01621	0.01262	0.00597	0.00524	0.00159	0.00594	0.00510	0.00419	0.04069
18	0.02629	0.00726	0.00929	0.00875	0.00994	0.01922	0.00673	0.07255	0.01071	0.04630	0.05965	0.05590	0.01722	0.16223	0.35000	0.00532	0.07155	0.05237	0.00360	0.00512
19	0.00931	0.00629	0.00739	0.00692	0.00844	0.00605	0.00506	0.03361	0.06883	0.07758	0.24898	0.08110	0.20421	0.15667	0.03147	0.00253	0.00375	0.00894	0.02769	0.00518
20	0.01239	0.01184	0.04886	0.10720	0.06116	0.07092	0.04338	0.13148	0.13871	0.01896	0.09949	0.02136	0.05967	0.08822	0.03607	0.00228	0.03134	0.00609	0.00398	0.00659
21	0.09348	0.01194	0.01546	0.01292	0.01478	0.04972	0.08571	0.06577	0.10113	0.04527	0.04564	0.01589	0.01124	0.00792	0.01075	0.00199	0.36630	0.03418	0.00343	0.00649
22	0.01283	0.01230	0.02099	0.09607	0.71962	0.01249	0.01610	0.01600	0.01192	0.01696	0.00990	0.01317	0.00826	0.00476	0.00524	0.00159	0.00634	0.00471	0.00259	0.00817
23	0.01114	0.00618	0.00784	0.00702	0.00823	0.00583	0.02663	0.01201	0.01009	0.17126	0.04367	0.05990	0.05386	0.48374	0.01811	0.00370	0.00468	0.00749	0.05386	0.00477
24	0.01085	0.00931	0.01445	0.46769	0.12231	0.01060	0.01229	0.03871	0.04298	0.05029	0.06015	0.02029	0.10486	0.00669	0.00546	0.00172	0.00588	0.00585	0.00330	0.00631
25	0.01742	0.01122	0.01620	0.05489	0.30061	0.01121	0.01151	0.16421	0.01537	0.27241	0.01516	0.06105	0.01153	0.00635	0.00536	0.00164	0.00545	0.00552	0.00455	0.00835
26	0.05684	0.01055	0.01526	0.16302	0.01962	0.01120	0.12000	0.10472	0.14881	0.16449	0.05357	0.03505	0.01419	0.00690	0.00555	0.00176	0.00561	0.05107	0.00449	0.00731
27	0.00692	0.00509	0.00642	0.00723	0.00801	0.00474	0.00524	0.00820	0.01094	0.01425	0.07625	0.43142	0.17658	0.07545	0.00824	0.00232	0.00343	0.14005	0.00483	0.00438
28	0.41911	0.01468	0.19812	0.03941	0.01562	0.01241	0.04002	0.03987	0.05459	0.02051	0.00964	0.01214	0.00763	0.00574	0.00530	0.00174	0.06831	0.02552	0.00312	0.00653
29	0.01359	0.04148	0.01674	0.03771	0.32114	0.01148	0.03508	0.12213	0.05714	0.07072	0.04792	0.07854	0.01324	0.00761	0.03338	0.00182	0.00572	0.00576	0.00378	0.07503
30	0.01477	0.03653	0.04162	0.03634	0.01396	0.15665	0.00859	0.13493	0.04853	0.11059	0.01488	0.11403	0.01313	0.03576	0.07139	0.00226	0.03548	0.00587	0.03712	0.06757
31	0.01216	0.01079	0.03807	0.33686	0.20497	0.03710	0.01272	0.01562	0.04582	0.08787	0.01425	0.07336	0.04079	0.00653	0.00558	0.00171	0.02027	0.00572	0.00326	0.02658
32	0.06131	0.00812	0.01018	0.04671	0.10437	0.03850	0.00770	0.03359	0.01202	0.03054	0.15071	0.19057	0.09302	0.01221	0.05901	0.00223	0.02993	0.05121	0.01379	0.04429
33	0.01035	0.03739	0.07027	0.05588	0.09145	0.06907	0.00843	0.04293	0.01292	0.04398	0.17796	0.08679	0.20144	0.03405	0.03220	0.00201	0.00496	0.00790	0.00420	0.00582
34	0.07873	0.00890	0.01261	0.27687	0.08362	0.00985	0.02095	0.04681	0.04111	0.01640	0.06729	0.07945	0.01429	0.08486	0.04998	0.00236	0.02152	0.00598	0.00332	0.07512

[dist]
# distance from previous block
# <min> <max>
0	59

[block]
# block no. 2 follows, 46 sequences, length 10
# corresponding to MSA columns:
# 350-359
name=unknown_C
#
# <colnr> <probs for GDERKNQSTAVLIFYWHMCP>
#	G	D	E	R	K	N	Q	S	T	A	V	L	I	F	Y	W	H	M	C	P
0	0.12923	0.04995	0.01411	0.12248	0.04606	0.01111	0.05194	0.06808	0.01215	0.09930	0.05622	0.01614	0.05622	0.00633	0.00617	0.00157	0.09303	0.00489	0.00363	0.15139
1	0.23494	0.04639	0.01485	0.01288	0.07783	0.16999	0.06848	0.11205	0.04838	0.04966	0.02929	0.01201	0.00885	0.00551	0.00494	0.00153	0.02958	0.00411	0.00352	0.06522
2	0.07298	0.28625	0.13711	0.11079	0.03736	0.01467	0.04239	0.07297	0.01246	0.12702	0.01054	0.01171	0.00792	0.00513	0.00447	0.00146	0.00600	0.00393	0.00323	0.03162
3	0.01373	0.06873	0.10196	0.16647	0.23138	0.10069	0.07655	0.06705	0.05489	0.03773	0.01055	0.01291	0.00821	0.00528	0.00537	0.00161	0.02198	0.00457	0.00295	0.00739
4	0.00829	0.00583	0.00739	0.00709	0.00852	0.00559	0.00533	0.01101	0.05342	0.05560	0.42517	0.11801	0.15075	0.01472	0.09668	0.00252	0.00411	0.00953	0.00525	0.00518
5	0.00802	0.00536	0.00694	0.00769	0.00845	0.00513	0.00532	0.01000	0.06138	0.06305	0.05562	0.67967	0.03288	0.01509	0.00655	0.00207	0.00321	0.01361	0.00508	0.00489
6	0.00655	0.00495	0.00605	0.00665	0.00755	0.00445	0.00465	0.00784	0.01146	0.01494	0.15390	0.46154	0.26092	0.01471	0.00652	0.00196	0.00286	0.01301	0.00505	0.00445
7	0.11265	0.03845	0.01092	0.00840	0.01172	0.00845	0.00688	0.05817	0.01355	0.33907	0.09281	0.02052	0.05336	0.00890	0.05188	0.00195	0.00472	0.02344	0.03741	0.09675
8	0.00823	0.00595	0.00792	0.00803	0.00862	0.00649	0.00582	0.00964	0.02512	0.03120	0.07645	0.34352	0.02466	0.10771	0.13819	0.03042	0.09744	0.00979	0.05019	0.00462
9	0.01876	0.09189	0.01715	0.01300	0.06151	0.01644	0.01024	0.61046	0.05985	0.02979	0.01245	0.01266	0.00910	0.00611	0.00511	0.00155	0.00575	0.00463	0.00484	0.00871

[dist]
# distance from previous block
# <min> <max>
0	1

[block]
# block no. 3 follows, 46 sequences, length 18
# corresponding to MSA columns:
# 361-378
name=unknown_D
#
# <colnr> <probs for GDERKNQSTAVLIFYWHMCP>
#	G	D	E	R	K	N	Q	S	T	A	V	L	I	F	Y	W	H	M	C	P
0	0.60637	0.00952	0.00812	0.00732	0.00996	0.01092	0.00577	0.04201	0.03644	0.02135	0.01117	0.03630	0.03078	0.11103	0.00714	0.00213	0.03037	0.00430	0.00347	0.00554
1	0.64325	0.04141	0.05435	0.00921	0.04880	0.01258	0.00752	0.05977	0.04715	0.02307	0.00860	0.00973	0.00664	0.00508	0.00369	0.00162	0.00457	0.00327	0.00336	0.00633
2	0.01284	0.01120	0.05024	0.03399	0.01457	0.06318	0.07553	0.06612	0.01286	0.10534	0.04207	0.07006	0.08729	0.00708	0.00572	0.00147	0.04500	0.01446	0.03358	0.24740
3	0.11802	0.01384	0.04333	0.02296	0.03792	0.09213	0.00931	0.32292	0.01776	0.19480	0.01324	0.01326	0.00930	0.00594	0.00489	0.00155	0.00562	0.00445	0.03696	0.03182
4	0.06030	0.01501	0.01544	0.01197	0.01609	0.04815	0.00985	0.69685	0.02368	0.03201	0.01225	0.01236	0.00874	0.00624	0.00517	0.00158	0.00589	0.00461	0.00509	0.00871
5	0.03461	0.01012	0.01190	0.07349	0.01477	0.01093	0.00844	0.19193	0.21759	0.15053	0.05034	0.11556	0.01724	0.00827	0.00554	0.00177	0.00463	0.03957	0.02530	0.00748
6	0.04261	0.00882	0.01062	0.00885	0.01174	0.00877	0.00701	0.10990	0.12368	0.30194	0.20270	0.04048	0.02248	0.04687	0.00651	0.00183	0.00406	0.00661	0.02717	0.00735
7	0.00784	0.00528	0.00718	0.00817	0.00896	0.00503	0.00617	0.00935	0.01116	0.04600	0.05638	0.51104	0.03319	0.01532	0.00685	0.00220	0.00368	0.24653	0.00500	0.00469
8	0.00719	0.00487	0.00644	0.00732	0.00790	0.00450	0.00500	0.00833	0.01087	0.04310	0.10962	0.68122	0.05278	0.01550	0.00663	0.00207	0.00305	0.01399	0.00507	0.00455
9	0.01269	0.19498	0.07569	0.09707	0.03616	0.03160	0.09415	0.07919	0.01131	0.01522	0.00887	0.01205	0.00757	0.00807	0.03943	0.03976	0.22270	0.00438	0.00263	0.00646
10	0.00827	0.00671	0.00985	0.00932	0.01076	0.00649	0.09374	0.03391	0.04523	0.01528	0.05163	0.37146	0.11907	0.08308	0.00834	0.00231	0.00424	0.11077	0.00456	0.00498
11	0.00831	0.00558	0.00693	0.00692	0.00821	0.00512	0.00503	0.01034	0.03527	0.07521	0.29275	0.28213	0.18985	0.03508	0.00688	0.00194	0.00299	0.01113	0.00532	0.00502
12	0.03658	0.10657	0.01736	0.06957	0.11182	0.08691	0.07041	0.06528	0.05694	0.04059	0.01224	0.07707	0.01875	0.00857	0.04260	0.00205	0.16135	0.00545	0.00321	0.00666
13	0.03437	0.06437	0.23532	0.05314	0.03422	0.02738	0.10300	0.05374	0.06057	0.10734	0.03392	0.04207	0.01174	0.07189	0.04205	0.00224	0.00673	0.00538	0.00349	0.00703
14	0.34939	0.03234	0.01061	0.03689	0.01233	0.05705	0.02346	0.03440	0.01086	0.10772	0.01354	0.10256	0.01245	0.03117	0.05103	0.00224	0.05076	0.05145	0.00379	0.00595
15	0.00826	0.00715	0.03084	0.08385	0.01297	0.00681	0.06668	0.04328	0.02485	0.01509	0.04527	0.48536	0.04776	0.03906	0.02733	0.00228	0.00457	0.03914	0.00436	0.00507
16	0.05872	0.10820	0.07859	0.13538	0.01926	0.06110	0.06594	0.25758	0.04474	0.02101	0.01170	0.04256	0.00952	0.02800	0.03343	0.00193	0.00662	0.00492	0.00363	0.00717
17	0.03206	0.01312	0.15508	0.09273	0.07057	0.02700	0.11397	0.05651	0.03678	0.06749	0.01555	0.07332	0.05799	0.05010	0.04210	0.02896	0.00647	0.00601	0.00340	0.05079

[dist]
# distance from previous block
# <min> <max>
34	115

[block]
# block no. 4 follows, 46 sequences, length 8
# corresponding to MSA columns:
# 518-525
name=unknown_E
#
# <colnr> <probs for GDERKNQSTAVLIFYWHMCP>
#	G	D	E	R	K	N	Q	S	T	A	V	L	I	F	Y	W	H	M	C	P
0	0.06138	0.10148	0.10147	0.01137	0.04993	0.06950	0.05200	0.06619	0.03796	0.06824	0.03386	0.01305	0.00976	0.00514	0.00449	0.00130	0.00540	0.00410	0.05945	0.24391
1	0.05098	0.00572	0.00711	0.00709	0.00786	0.00590	0.00498	0.03290	0.00987	0.01401	0.11435	0.12867	0.04966	0.24473	0.14938	0.12059	0.00588	0.03246	0.00375	0.00412
2	0.01027	0.03796	0.01240	0.06772	0.01330	0.03284	0.04388	0.03983	0.01035	0.03284	0.05738	0.05021	0.03581	0.08171	0.25021	0.00415	0.17752	0.00606	0.03016	0.00540
3	0.05873	0.00774	0.00872	0.00779	0.00978	0.00797	0.00600	0.12728	0.05233	0.04968	0.17637	0.05973	0.13084	0.09254	0.03819	0.00228	0.02243	0.02983	0.08215	0.02963
4	0.00920	0.00694	0.02775	0.00740	0.00927	0.00623	0.00582	0.06006	0.03481	0.05922	0.37592	0.12064	0.16463	0.01193	0.03547	0.00196	0.00357	0.00925	0.02266	0.02725
5	0.07402	0.05324	0.03707	0.08741	0.05275	0.03577	0.04526	0.16947	0.02707	0.03921	0.01138	0.02880	0.00933	0.00668	0.02251	0.00166	0.07019	0.02135	0.03568	0.17116
6	0.04004	0.00636	0.04351	0.00734	0.00864	0.00527	0.00555	0.00936	0.01092	0.05843	0.06945	0.47740	0.17250	0.05075	0.00726	0.00212	0.00340	0.01213	0.00478	0.00480
7	0.05928	0.08061	0.33356	0.01304	0.03535	0.05343	0.01347	0.14360	0.03623	0.04890	0.04572	0.01309	0.00975	0.00665	0.02215	0.00179	0.06827	0.00437	0.00329	0.00746

[dist]
# distance from previous block
# <min> <max>
7	93

[block]
# block no. 5 follows, 46 sequences, length 9
# corresponding to MSA columns:
# 629-637
name=unknown_F
#
# <colnr> <probs for GDERKNQSTAVLIFYWHMCP>
#	G	D	E	R	K	N	Q	S	T	A	V	L	I	F	Y	W	H	M	C	P
0	0.03507	0.12814	0.12149	0.01186	0.07314	0.06165	0.00996	0.06747	0.06161	0.08110	0.06412	0.07008	0.02966	0.00712	0.00539	0.00157	0.03157	0.03523	0.04361	0.06014
1	0.01476	0.14200	0.11429	0.03067	0.06947	0.08236	0.03588	0.08796	0.09595	0.12582	0.01621	0.04718	0.06510	0.00652	0.00501	0.00154	0.00577	0.00527	0.00390	0.04434
2	0.05554	0.11130	0.11317	0.03536	0.06208	0.08862	0.03623	0.06930	0.04889	0.05456	0.01144	0.04559	0.00956	0.00740	0.03216	0.02376	0.05811	0.00458	0.02760	0.10474
3	0.01346	0.07751	0.12039	0.06420	0.06768	0.03681	0.02874	0.10919	0.13687	0.09219	0.03324	0.06566	0.08844	0.00723	0.00527	0.00164	0.00539	0.00601	0.00412	0.03598
4	0.03868	0.03339	0.21346	0.01333	0.01782	0.06357	0.14159	0.12865	0.06377	0.06787	0.06251	0.07646	0.01363	0.03400	0.00616	0.00180	0.00642	0.00592	0.00378	0.00718
5	0.05906	0.04177	0.11973	0.10965	0.15880	0.06864	0.11741	0.05882	0.04396	0.10048	0.01206	0.02792	0.00945	0.00578	0.00554	0.00168	0.02606	0.02250	0.00334	0.00736
6	0.00691	0.00472	0.00616	0.00708	0.00750	0.00449	0.00478	0.00775	0.00990	0.01347	0.02713	0.61708	0.06293	0.04702	0.04080	0.05503	0.00365	0.01292	0.05649	0.00419
7	0.01268	0.01333	0.05841	0.11369	0.15565	0.09622	0.14005	0.08514	0.07759	0.01769	0.04819	0.05470	0.05722	0.03834	0.00639	0.00182	0.00647	0.00608	0.00347	0.00687
8	0.05175	0.05125	0.11665	0.07543	0.06183	0.07589	0.21209	0.09303	0.05104	0.04106	0.01168	0.03253	0.00948	0.00604	0.00623	0.00173	0.06226	0.02971	0.00322	0.00710

[dist]
# distance from previous block
# <min> <max>
7	19

[block]
# block no. 6 follows, 46 sequences, length 20
# corresponding to MSA columns:
# 657-676
name=unknown_G
#
# <colnr> <probs for GDERKNQSTAVLIFYWHMCP>
#	G	D	E	R	K	N	Q	S	T	A	V	L	I	F	Y	W	H	M	C	P
0	0.01515	0.01207	0.01288	0.01104	0.01435	0.01371	0.00874	0.19935	0.57006	0.05260	0.01944	0.01802	0.01436	0.00696	0.00536	0.00174	0.00458	0.00567	0.00540	0.00854
1	0.06197	0.01237	0.04462	0.03507	0.01537	0.03523	0.00918	0.28466	0.05980	0.33728	0.03939	0.01575	0.01193	0.00642	0.00521	0.00163	0.00523	0.00503	0.00543	0.00844
2	0.01200	0.01045	0.01709	0.36940	0.30604	0.01138	0.02570	0.03746	0.01197	0.06245	0.01400	0.01691	0.07075	0.00583	0.00536	0.00168	0.00625	0.00529	0.00300	0.00698
3	0.01289	0.10317	0.22246	0.01442	0.06032	0.03547	0.15000	0.03616	0.02696	0.09207	0.04759	0.01663	0.01152	0.04786	0.03836	0.00207	0.02016	0.02586	0.00326	0.03276
4	0.01356	0.55416	0.18277	0.01120	0.01629	0.01843	0.04682	0.05369	0.01155	0.01459	0.00820	0.00960	0.00694	0.00485	0.00435	0.00133	0.02879	0.00336	0.00243	0.00709
5	0.00804	0.00540	0.00695	0.00748	0.00824	0.00523	0.00525	0.00973	0.04108	0.05307	0.09323	0.46032	0.04445	0.13077	0.04378	0.00278	0.00403	0.06076	0.00475	0.00466
6	0.00723	0.00671	0.04997	0.00775	0.00896	0.00578	0.00600	0.00917	0.03759	0.01479	0.09807	0.45894	0.19823	0.01399	0.00702	0.00199	0.04610	0.01220	0.00472	0.00481
7	0.02596	0.02510	0.05182	0.16401	0.14900	0.02101	0.13923	0.12433	0.06794	0.01835	0.01249	0.01535	0.02679	0.00966	0.09843	0.00250	0.03256	0.00521	0.00322	0.00707
8	0.01102	0.01015	0.01283	0.07853	0.02729	0.07054	0.09592	0.03757	0.15071	0.02759	0.02344	0.14836	0.14970	0.00933	0.00659	0.00182	0.06179	0.02435	0.04639	0.00610
9	0.00727	0.00534	0.00726	0.00749	0.00832	0.00502	0.03769	0.00861	0.01085	0.01475	0.12868	0.42803	0.09752	0.12100	0.00916	0.00239	0.00353	0.04155	0.05109	0.00444
10	0.01028	0.00911	0.01419	0.45361	0.10965	0.01057	0.01206	0.05440	0.02656	0.01572	0.07856	0.07138	0.03737	0.03166	0.02662	0.00203	0.02087	0.00615	0.00318	0.00603
11	0.01279	0.01292	0.04363	0.19184	0.09827	0.11611	0.07072	0.08705	0.08953	0.01718	0.01409	0.05062	0.02208	0.03085	0.00660	0.00185	0.03866	0.06356	0.02504	0.00661
12	0.01154	0.03189	0.01723	0.13539	0.05889	0.04601	0.16146	0.05841	0.05870	0.01629	0.05321	0.08933	0.05551	0.00861	0.02811	0.00202	0.15119	0.00654	0.00336	0.00632
13	0.00753	0.00549	0.00697	0.00768	0.00840	0.00536	0.00533	0.04661	0.04468	0.01564	0.10272	0.65901	0.03432	0.01506	0.00656	0.00205	0.00320	0.01357	0.00504	0.00478
14	0.00716	0.00534	0.00652	0.00715	0.00813	0.00513	0.00518	0.00916	0.04910	0.01456	0.03314	0.41760	0.22115	0.01627	0.06499	0.00248	0.00395	0.06716	0.05117	0.00465
15	0.00937	0.00735	0.01019	0.06848	0.03273	0.00737	0.05596	0.03193	0.09316	0.04371	0.17106	0.17485	0.15566	0.02548	0.00650	0.00191	0.00407	0.07222	0.02236	0.00562
16	0.01380	0.06991	0.06977	0.16419	0.07242	0.01317	0.06554	0.13568	0.03635	0.09350	0.01183	0.03230	0.00945	0.01895	0.04710	0.00214	0.12836	0.00505	0.00344	0.00707
17	0.00945	0.00817	0.05078	0.00871	0.03946	0.00730	0.00672	0.01366	0.14366	0.06277	0.17105	0.06218	0.28214	0.05626	0.03145	0.00216	0.01662	0.01683	0.00482	0.00580
18	0.08429	0.00929	0.01206	0.00932	0.01336	0.00837	0.00770	0.05058	0.01502	0.70304	0.01958	0.01712	0.01240	0.00642	0.00517	0.00163	0.00451	0.00512	0.00626	0.00876
19	0.04097	0.01168	0.05623	0.26301	0.15959	0.04294	0.08671	0.01524	0.02884	0.05808	0.03862	0.05558	0.01134	0.00733	0.02707	0.00194	0.06601	0.01913	0.00308	0.00661

[dist]
# distance from previous block
# <min> <max>
1	2

[block]
# block no. 7 follows, 46 sequences, length 35
# corresponding to MSA columns:
# 679-697,711-726
name=unknown_H
#
# <colnr> <probs for GDERKNQSTAVLIFYWHMCP>
#	G	D	E	R	K	N	Q	S	T	A	V	L	I	F	Y	W	H	M	C	P
0	0.01057	0.01237	0.11510	0.03494	0.02121	0.11871	0.01862	0.02722	0.06850	0.01501	0.01817	0.30827	0.01910	0.02879	0.04609	0.00225	0.06545	0.02195	0.01641	0.03127
1	0.41672	0.11681	0.01391	0.03992	0.01406	0.12202	0.04168	0.06936	0.01165	0.05901	0.00874	0.01008	0.00683	0.00532	0.00464	0.00157	0.04452	0.00350	0.00327	0.00639
2	0.00995	0.00621	0.00767	0.00726	0.00862	0.00676	0.00565	0.04059	0.02702	0.04891	0.05312	0.02124	0.03797	0.01830	0.27599	0.00386	0.04489	0.00561	0.36511	0.00528
3	0.04315	0.05079	0.07012	0.04557	0.05301	0.08698	0.04098	0.17985	0.14530	0.08763	0.01308	0.01396	0.00983	0.00630	0.00636	0.00167	0.09231	0.00473	0.04081	0.00756
4	0.01455	0.01134	0.01686	0.03661	0.35196	0.01219	0.01224	0.08695	0.06494	0.13102	0.01260	0.01506	0.01001	0.02896	0.05616	0.00223	0.11994	0.00501	0.00361	0.00774
5	0.00698	0.00522	0.00648	0.00650	0.00768	0.00472	0.00475	0.00888	0.01327	0.01798	0.45372	0.20490	0.21430	0.01262	0.00635	0.00179	0.00266	0.01108	0.00542	0.00472
6	0.00871	0.00562	0.00741	0.00797	0.00885	0.00543	0.00606	0.01016	0.01099	0.06447	0.07675	0.24563	0.02923	0.19904	0.01148	0.00288	0.00427	0.28578	0.00467	0.00461
7	0.00838	0.00727	0.05153	0.00824	0.00964	0.00651	0.00649	0.02273	0.10887	0.01572	0.11579	0.30363	0.06602	0.07789	0.04082	0.05393	0.00432	0.08261	0.00455	0.00505
8	0.66070	0.01050	0.00906	0.00768	0.01118	0.01168	0.00632	0.08533	0.01106	0.08371	0.00903	0.00984	0.00673	0.00511	0.00366	0.00158	0.00427	0.00325	0.00371	0.05563
9	0.01330	0.38385	0.14121	0.01070	0.01484	0.05938	0.01058	0.05478	0.06994	0.01555	0.01063	0.01344	0.00916	0.00647	0.01991	0.00158	0.06147	0.03902	0.03759	0.02662
10	0.01581	0.01296	0.01258	0.01051	0.01362	0.09592	0.00837	0.34556	0.18354	0.02505	0.04271	0.01829	0.06650	0.00709	0.00532	0.00159	0.01602	0.00551	0.10551	0.00757
11	0.15194	0.01008	0.01072	0.00914	0.01220	0.02857	0.00738	0.16432	0.11796	0.19988	0.01811	0.04961	0.03345	0.00737	0.00500	0.00167	0.00445	0.05669	0.10420	0.00725
12	0.04117	0.04995	0.01250	0.01029	0.01332	0.04312	0.00814	0.11191	0.50391	0.02225	0.07368	0.02042	0.05173	0.00735	0.00528	0.00171	0.00446	0.00597	0.00506	0.00777
13	0.04540	0.15474	0.05459	0.36210	0.06675	0.04859	0.02690	0.08224	0.05053	0.04486	0.01029	0.01280	0.00787	0.00532	0.00486	0.00159	0.00648	0.00432	0.00297	0.00681
14	0.00663	0.00505	0.00680	0.00746	0.00820	0.00462	0.02777	0.00778	0.01069	0.01401	0.05991	0.63228	0.15826	0.01546	0.00663	0.00206	0.00316	0.01392	0.00487	0.00443
15	0.02300	0.01016	0.01299	0.00996	0.01407	0.00949	0.00822	0.17294	0.01707	0.63498	0.01923	0.01694	0.01227	0.00650	0.00531	0.00163	0.00476	0.00521	0.00629	0.00900
16	0.03245	0.01214	0.13965	0.00993	0.02922	0.04076	0.00889	0.10632	0.06637	0.12303	0.18535	0.02594	0.14930	0.00825	0.00549	0.00165	0.00460	0.00680	0.03711	0.00676
17	0.03269	0.01288	0.04819	0.11659	0.22805	0.07840	0.07212	0.05587	0.08518	0.01706	0.03406	0.06924	0.01160	0.00694	0.00696	0.02205	0.08637	0.00561	0.00322	0.00693
18	0.00843	0.00620	0.00740	0.00760	0.00893	0.00609	0.00553	0.01208	0.13983	0.04806	0.13443	0.38663	0.16823	0.01316	0.00631	0.00194	0.00320	0.02545	0.00518	0.00531
19	0.00650	0.00481	0.00610	0.00710	0.00772	0.00441	0.00491	0.00757	0.01058	0.01375	0.03367	0.63248	0.17448	0.01587	0.00668	0.00209	0.00308	0.04892	0.00491	0.00435
20	0.07361	0.01339	0.05861	0.01099	0.01485	0.03155	0.00932	0.33498	0.20866	0.12451	0.03240	0.01549	0.01194	0.00648	0.00513	0.00164	0.00516	0.00504	0.02797	0.00828
21	0.06139	0.13192	0.13503	0.01144	0.01527	0.20662	0.01039	0.14186	0.01448	0.08378	0.03218	0.08973	0.01150	0.00678	0.00519	0.00156	0.02518	0.00508	0.00365	0.00697
22	0.00881	0.00672	0.00760	0.00742	0.00916	0.00663	0.00555	0.01330	0.18185	0.04868	0.14370	0.18790	0.29650	0.02594	0.00650	0.00191	0.00323	0.02788	0.00518	0.00555
23	0.03896	0.00958	0.01172	0.00934	0.01281	0.00931	0.00759	0.18005	0.04157	0.42906	0.10057	0.04074	0.01674	0.00719	0.00530	0.00162	0.00437	0.00586	0.05953	0.00808
24	0.01015	0.01007	0.03841	0.03934	0.25877	0.00942	0.16460	0.01306	0.02927	0.01573	0.01902	0.30055	0.04987	0.00934	0.00602	0.00184	0.00553	0.00899	0.00359	0.00641
25	0.81213	0.01017	0.00798	0.00707	0.01038	0.01166	0.00582	0.01603	0.00929	0.05997	0.00800	0.00904	0.00608	0.00499	0.00337	0.00164	0.00411	0.00298	0.00343	0.00588
26	0.04324	0.01061	0.01628	0.63438	0.07253	0.05343	0.04278	0.01464	0.01104	0.03783	0.00968	0.01371	0.00728	0.00526	0.00522	0.00172	0.00702	0.00464	0.00256	0.00616
27	0.82499	0.01018	0.00791	0.00703	0.01033	0.01173	0.00579	0.01587	0.00919	0.04814	0.00779	0.00889	0.00596	0.00496	0.00334	0.00164	0.00410	0.00294	0.00338	0.00583
28	0.09739	0.00949	0.01086	0.00907	0.01162	0.03086	0.00715	0.14449	0.01350	0.20740	0.04597	0.01835	0.01299	0.10958	0.08408	0.02836	0.06318	0.00524	0.04385	0.04657
29	0.05097	0.01165	0.01667	0.01330	0.03973	0.01206	0.16392	0.22578	0.04991	0.18288	0.01573	0.01762	0.04184	0.07446	0.00802	0.00200	0.05577	0.00566	0.00448	0.00755
30	0.00759	0.00522	0.00648	0.00680	0.00791	0.00468	0.00485	0.00902	0.01195	0.05892	0.19682	0.40125	0.23106	0.01393	0.00643	0.00192	0.00292	0.01229	0.00520	0.00475
31	0.01542	0.00974	0.01281	0.03967	0.01445	0.00864	0.04384	0.06542	0.01294	0.25596	0.01348	0.01469	0.01002	0.04377	0.00624	0.00145	0.03716	0.00440	0.00425	0.38566
32	0.01120	0.00833	0.04031	0.01033	0.04232	0.00807	0.04665	0.05041	0.05006	0.09324	0.07706	0.14819	0.03758	0.06964	0.03007	0.18807	0.07190	0.00731	0.00392	0.00534
33	0.04841	0.31294	0.13099	0.01174	0.01619	0.04438	0.11703	0.06399	0.01227	0.07102	0.01207	0.05334	0.02529	0.02901	0.00525	0.00158	0.00614	0.00478	0.02670	0.00688
34	0.03596	0.00765	0.00869	0.00812	0.01016	0.00791	0.00621	0.01645	0.26013	0.06843	0.25676	0.10796	0.14639	0.01022	0.00588	0.00179	0.00336	0.02631	0.00539	0.00622

[dist]
# distance from previous block
# <min> <max>
8	35

[block]
# block no. 8 follows, 46 sequences, length 29
# corresponding to MSA columns:
# 766-794
name=unknown_I
#
# <colnr> <probs for GDERKNQSTAVLIFYWHMCP>
#	G	D	E	R	K	N	Q	S	T	A	V	L	I	F	Y	W	H	M	C	P
0	0.00778	0.00588	0.00720	0.00690	0.00839	0.00547	0.00525	0.02318	0.02912	0.01821	0.40962	0.06438	0.19538	0.05697	0.03396	0.00215	0.00344	0.07074	0.00514	0.04083
1	0.03360	0.01966	0.01316	0.03567	0.22421	0.03058	0.00944	0.06602	0.10966	0.01839	0.09935	0.11839	0.04553	0.04244	0.00637	0.00179	0.00477	0.03139	0.00402	0.08558
2	0.00758	0.00580	0.00647	0.00660	0.00755	0.03138	0.00462	0.00882	0.01152	0.01520	0.22938	0.20738	0.20038	0.15335	0.01039	0.03359	0.00347	0.02193	0.03025	0.00434
3	0.00736	0.00549	0.00732	0.00799	0.03159	0.00540	0.00554	0.00895	0.01142	0.01571	0.23203	0.33725	0.09619	0.05028	0.08775	0.00273	0.02558	0.03065	0.02607	0.00469
4	0.00953	0.00854	0.01385	0.49221	0.08393	0.01024	0.01204	0.01228	0.01003	0.01331	0.01167	0.05638	0.01047	0.07582	0.13081	0.00311	0.03195	0.00560	0.00264	0.00559
5	0.01072	0.00914	0.01071	0.00781	0.01227	0.00690	0.00619	0.01300	0.01092	0.01703	0.01044	0.05335	0.00927	0.00459	0.00407	0.00086	0.00387	0.00376	0.00323	0.80189
6	0.00721	0.00520	0.00689	0.00789	0.00863	0.00496	0.00595	0.00870	0.01107	0.01457	0.06962	0.44053	0.08468	0.04948	0.00773	0.00232	0.00368	0.25154	0.00487	0.00448
7	0.01085	0.01013	0.01662	0.62995	0.13439	0.01225	0.01456	0.04154	0.01117	0.01470	0.00947	0.01378	0.00729	0.00545	0.00588	0.00176	0.04670	0.00470	0.00249	0.00632
8	0.01269	0.49669	0.29346	0.01118	0.01671	0.01727	0.01262	0.01634	0.03438	0.01427	0.00903	0.02774	0.00767	0.00505	0.00410	0.00136	0.00631	0.00358	0.00241	0.00714
9	0.00819	0.00584	0.00714	0.00719	0.00800	0.00599	0.00507	0.00983	0.04251	0.03709	0.06143	0.23479	0.13776	0.22970	0.07452	0.00331	0.05138	0.01964	0.04610	0.00454
10	0.01171	0.02783	0.01055	0.00942	0.01155	0.07048	0.00722	0.15601	0.13495	0.01915	0.05674	0.28031	0.04737	0.01217	0.04756	0.00215	0.00499	0.04024	0.00467	0.04491
11	0.03078	0.06498	0.08883	0.09471	0.12666	0.01146	0.04827	0.10750	0.05966	0.14775	0.01563	0.07356	0.02388	0.00699	0.00535	0.00168	0.00563	0.05136	0.00405	0.03126
12	0.01354	0.06736	0.04273	0.07209	0.43650	0.05431	0.12281	0.04657	0.01276	0.03775	0.03612	0.01377	0.00956	0.00506	0.00527	0.00158	0.00669	0.00490	0.00290	0.00773
13	0.01074	0.05784	0.75752	0.01484	0.02252	0.01261	0.01913	0.01671	0.01115	0.01658	0.00940	0.01106	0.00670	0.00500	0.00496	0.00165	0.00773	0.00386	0.00223	0.00777
14	0.00729	0.00523	0.00620	0.00643	0.00768	0.00464	0.00464	0.00877	0.01205	0.04397	0.18505	0.30674	0.33344	0.01353	0.00632	0.00187	0.00284	0.01179	0.02683	0.00469
15	0.01636	0.01008	0.03818	0.02604	0.05051	0.02880	0.02494	0.10397	0.06273	0.31555	0.11970	0.04323	0.06501	0.02928	0.00612	0.00177	0.00468	0.02597	0.01960	0.00746
16	0.01271	0.00841	0.00941	0.00853	0.01048	0.04401	0.00637	0.09024	0.09626	0.15747	0.06763	0.16608	0.06804	0.15875	0.05652	0.00280	0.00504	0.02039	0.00482	0.00605
17	0.00759	0.00549	0.00781	0.00789	0.00869	0.00615	0.00591	0.00922	0.00879	0.01266	0.03528	0.07877	0.01644	0.12963	0.59088	0.00715	0.01148	0.00664	0.03902	0.00452
18	0.01439	0.01290	0.01085	0.00991	0.01223	0.23544	0.00762	0.07702	0.11489	0.08660	0.08988	0.10053	0.05611	0.00847	0.00538	0.00164	0.00541	0.05047	0.09391	0.00634
19	0.01268	0.03613	0.14374	0.11665	0.09631	0.05109	0.07060	0.06861	0.07301	0.03582	0.02610	0.03782	0.00987	0.00673	0.00808	0.00182	0.18979	0.00509	0.00309	0.00699
20	0.00863	0.00592	0.00784	0.00793	0.00895	0.00576	0.02869	0.04984	0.01103	0.04659	0.02565	0.41331	0.07999	0.11832	0.04968	0.02458	0.00440	0.06125	0.03690	0.00474
21	0.01382	0.05139	0.04867	0.06732	0.06495	0.09924	0.02553	0.03682	0.01197	0.15778	0.01542	0.09381	0.01396	0.12383	0.00917	0.00218	0.05964	0.03171	0.06653	0.00625
22	0.19429	0.04170	0.12410	0.05836	0.07135	0.11390	0.05265	0.13364	0.03677	0.06041	0.02610	0.01225	0.00860	0.00564	0.00525	0.00163	0.03855	0.00423	0.00345	0.00713
23	0.00799	0.00664	0.03156	0.00797	0.00959	0.00567	0.02725	0.02889	0.01205	0.01670	0.19969	0.37808	0.07546	0.01241	0.00615	0.00182	0.00346	0.04991	0.02613	0.09257
24	0.01430	0.18371	0.06143	0.02802	0.12601	0.05159	0.02476	0.08678	0.02853	0.08482	0.01101	0.03294	0.00899	0.00540	0.00505	0.00135	0.03640	0.00422	0.00334	0.20135
25	0.01250	0.00967	0.01197	0.03065	0.03382	0.00985	0.03320	0.16226	0.14354	0.04866	0.08961	0.08815	0.01782	0.04295	0.05691	0.00217	0.00521	0.03817	0.00448	0.15842
26	0.01018	0.03310	0.03104	0.02301	0.01147	0.02942	0.04425	0.07148	0.02697	0.04468	0.21898	0.13163	0.10246	0.06816	0.04882	0.00227	0.02246	0.00816	0.00446	0.06702
27	0.07422	0.04610	0.01156	0.04111	0.02968	0.00876	0.06742	0.06422	0.05369	0.08546	0.07340	0.14310	0.07878	0.13917	0.00891	0.00226	0.00460	0.00761	0.03660	0.02338
28	0.00994	0.00873	0.02515	0.07793	0.03419	0.05757	0.03248	0.01315	0.08733	0.05362	0.05980	0.21894	0.17181	0.01243	0.05731	0.00222	0.00507	0.01907	0.00430	0.04894

[dist]
# distance from previous block
# <min> <max>
1	25

[block]
# block no. 9 follows, 46 sequences, length 19
# corresponding to MSA columns:
# 820-838
name=unknown_J
#
# <colnr> <probs for GDERKNQSTAVLIFYWHMCP>
#	G	D	E	R	K	N	Q	S	T	A	V	L	I	F	Y	W	H	M	C	P
0	0.02898	0.07633	0.05479	0.07613	0.06941	0.01079	0.02871	0.13493	0.04209	0.12553	0.10320	0.07026	0.03753	0.05394	0.00680	0.00187	0.01790	0.03160	0.02238	0.00683
1	0.14861	0.03940	0.07215	0.10079	0.01641	0.08658	0.00980	0.15304	0.02355	0.05555	0.04534	0.03321	0.01080	0.00650	0.00599	0.00163	0.08371	0.01842	0.03148	0.05705
2	0.06704	0.08233	0.16361	0.05940	0.20752	0.01208	0.03753	0.05347	0.06208	0.03610	0.04062	0.01480	0.02302	0.03220	0.00561	0.00164	0.00584	0.00467	0.00318	0.08729
3	0.05347	0.05973	0.04324	0.02712	0.13875	0.15628	0.00983	0.03175	0.08668	0.04579	0.05992	0.01647	0.02278	0.00805	0.04813	0.00190	0.04465	0.02237	0.04477	0.07833
4	0.01614	0.01057	0.01388	0.06180	0.03688	0.01097	0.05272	0.19827	0.09601	0.21826	0.01830	0.08958	0.03629	0.00777	0.00606	0.00173	0.03869	0.03920	0.00493	0.04195
5	0.07860	0.01320	0.01385	0.01110	0.01483	0.01476	0.00903	0.50996	0.18496	0.02947	0.01446	0.01429	0.01054	0.00641	0.00508	0.00162	0.00516	0.00489	0.04939	0.00840
6	0.00634	0.00525	0.00555	0.00570	0.00725	0.00447	0.00419	0.00768	0.01193	0.01452	0.08696	0.15653	0.63802	0.01370	0.00632	0.00183	0.00272	0.01162	0.00496	0.00447
7	0.06121	0.12198	0.10560	0.08127	0.02111	0.15941	0.23400	0.03984	0.01226	0.03014	0.00928	0.01174	0.00731	0.00532	0.00614	0.00163	0.07781	0.00449	0.00271	0.00676
8	0.09382	0.15494	0.09335	0.17457	0.07900	0.10415	0.02953	0.06018	0.03875	0.04288	0.01101	0.04304	0.00927	0.00595	0.00499	0.00160	0.01821	0.02494	0.00307	0.00675
9	0.00681	0.00512	0.00704	0.00754	0.00830	0.00473	0.02874	0.00818	0.01127	0.01513	0.17331	0.57951	0.09481	0.01484	0.00660	0.00202	0.00311	0.01341	0.00501	0.00453
10	0.01316	0.00930	0.01076	0.00990	0.01251	0.00997	0.00801	0.06306	0.35918	0.12410	0.06154	0.03169	0.06312	0.00941	0.00593	0.00191	0.00432	0.18950	0.00540	0.00724
11	0.01394	0.03195	0.35296	0.06532	0.05165	0.04655	0.01402	0.06338	0.07496	0.14528	0.03279	0.01496	0.02907	0.00604	0.00559	0.00167	0.03382	0.00475	0.00359	0.00771
12	0.01563	0.13722	0.03182	0.09777	0.10090	0.17059	0.10152	0.10484	0.05482	0.08045	0.02964	0.01337	0.00959	0.00551	0.00500	0.00152	0.00678	0.00458	0.02125	0.00723
13	0.00780	0.00550	0.00682	0.00673	0.00696	0.00590	0.00434	0.00830	0.00790	0.01083	0.01569	0.03038	0.01730	0.59642	0.21202	0.00584	0.03743	0.00708	0.00308	0.00367
14	0.00798	0.00561	0.00659	0.00642	0.00755	0.00525	0.00452	0.00978	0.03776	0.04445	0.26493	0.09236	0.22147	0.23634	0.01201	0.00271	0.00349	0.02142	0.00479	0.00457
15	0.02781	0.03249	0.08239	0.03264	0.05871	0.10848	0.04318	0.09340	0.07294	0.09934	0.04745	0.13164	0.01582	0.02890	0.04578	0.00216	0.03427	0.03183	0.00406	0.00672
16	0.25488	0.09040	0.09972	0.09729	0.07267	0.10372	0.03074	0.11580	0.02648	0.04869	0.00965	0.01113	0.00735	0.00525	0.00447	0.00157	0.00613	0.00386	0.00326	0.00695
17	0.00658	0.00478	0.00622	0.00711	0.00766	0.00441	0.00485	0.00777	0.01098	0.01470	0.14215	0.64015	0.09215	0.01547	0.00663	0.00205	0.00295	0.01393	0.00504	0.00441
18	0.03472	0.06455	0.21791	0.05526	0.02252	0.03634	0.33857	0.01565	0.01178	0.01628	0.03228	0.04557	0.03516	0.00596	0.00590	0.00174	0.02652	0.02366	0.00282	0.00682

[dist]
# distance from previous block
# <min> <max>
1	2

[block]
# block no. 10 follows, 46 sequences, length 8
# corresponding to MSA columns:
# 841-848
name=unknown_K
#
# <colnr> <probs for GDERKNQSTAVLIFYWHMCP>
#	G	D	E	R	K	N	Q	S	T	A	V	L	I	F	Y	W	H	M	C	P
0	0.13394	0.14975	0.19037	0.01335	0.05224	0.13866	0.08747	0.05825	0.01248	0.05385	0.00981	0.02463	0.00776	0.00522	0.00461	0.00150	0.00673	0.00404	0.00298	0.04234
1	0.00905	0.00773	0.00780	0.00767	0.00825	0.09699	0.00520	0.00980	0.00918	0.01172	0.04047	0.10507	0.01872	0.43459	0.17485	0.00487	0.03318	0.00747	0.00330	0.00409
2	0.01190	0.00948	0.01111	0.00829	0.01257	0.00778	0.00662	0.05991	0.04113	0.05333	0.01140	0.03660	0.00952	0.00624	0.03826	0.00128	0.00448	0.00391	0.00355	0.66263
3	0.10323	0.01376	0.01387	0.01088	0.01482	0.07241	0.00884	0.46553	0.01972	0.10184	0.01239	0.01298	0.00906	0.02771	0.00550	0.00160	0.00559	0.00444	0.00474	0.09110
4	0.01224	0.00954	0.01141	0.14191	0.01622	0.01066	0.00857	0.02135	0.41872	0.08864	0.07280	0.05626	0.09291	0.00805	0.00556	0.00178	0.00438	0.00683	0.00494	0.00723
5	0.00891	0.00781	0.08373	0.00747	0.00958	0.00586	0.00640	0.01142	0.01378	0.07873	0.50325	0.03622	0.13590	0.05898	0.00730	0.00189	0.00336	0.00877	0.00525	0.00540
6	0.01766	0.01278	0.01348	0.01096	0.01418	0.06562	0.00889	0.39049	0.08474	0.12056	0.01479	0.01632	0.01119	0.02733	0.00654	0.00173	0.05997	0.02703	0.08789	0.00785
7	0.01454	0.01350	0.01204	0.01095	0.01368	0.17843	0.00838	0.02441	0.48895	0.06557	0.01938	0.09566	0.01582	0.00769	0.00538	0.00173	0.00523	0.00628	0.00484	0.00753

[dist]
# distance from previous block
# <min> <max>
0	1

[block]
# block no. 11 follows, 46 sequences, length 11
# corresponding to MSA columns:
# 850-860
name=unknown_L
#
# <colnr> <probs for GDERKNQSTAVLIFYWHMCP>
#	G	D	E	R	K	N	Q	S	T	A	V	L	I	F	Y	W	H	M	C	P
0	0.03099	0.00657	0.00826	0.06834	0.01087	0.02676	0.00635	0.01119	0.01101	0.07113	0.13679	0.12583	0.04099	0.16227	0.12936	0.00347	0.00583	0.09810	0.04099	0.00492
1	0.01198	0.01064	0.01650	0.58522	0.11824	0.01259	0.01410	0.13587	0.01306	0.01716	0.01000	0.01375	0.00751	0.00539	0.00528	0.00171	0.00676	0.00471	0.00286	0.00667
2	0.01237	0.01033	0.01109	0.00995	0.01270	0.01160	0.00779	0.08024	0.54853	0.02202	0.10248	0.02510	0.08334	0.00824	0.00559	0.00178	0.00403	0.02982	0.00536	0.00763
3	0.25592	0.01018	0.01101	0.06959	0.01400	0.01106	0.00776	0.18059	0.07477	0.16479	0.01506	0.09655	0.01216	0.00701	0.00480	0.00168	0.00459	0.00549	0.04592	0.00708
4	0.11496	0.28509	0.16930	0.01291	0.07470	0.08104	0.03986	0.07465	0.01256	0.07598	0.00961	0.01073	0.00746	0.00505	0.00435	0.00145	0.00631	0.00370	0.00302	0.00728
5	0.01276	0.01223	0.02088	0.11247	0.70373	0.01248	0.01606	0.01594	0.01188	0.01688	0.00989	0.01319	0.00824	0.00477	0.00524	0.00159	0.00636	0.00471	0.00259	0.00811
6	0.00787	0.00508	0.00667	0.00739	0.00818	0.00467	0.00517	0.00904	0.01099	0.07310	0.07426	0.62607	0.08980	0.01516	0.00659	0.00206	0.00317	0.03491	0.00509	0.00472
7	0.06296	0.02607	0.09788	0.03682	0.08048	0.05650	0.15025	0.10312	0.03234	0.08652	0.09051	0.01771	0.01370	0.00642	0.00588	0.00168	0.04212	0.03031	0.05167	0.00705
8	0.04547	0.00921	0.01233	0.05231	0.10780	0.00914	0.02675	0.08309	0.08517	0.16743	0.11712	0.13113	0.01934	0.02901	0.00602	0.00174	0.00453	0.00695	0.00469	0.08077
9	0.03619	0.07029	0.02729	0.01081	0.06127	0.08367	0.03007	0.05612	0.02753	0.13810	0.03847	0.04486	0.01321	0.12081	0.00797	0.00192	0.00527	0.02607	0.00388	0.19621
10	0.08680	0.16711	0.09076	0.02681	0.06776	0.03261	0.02122	0.07737	0.07686	0.10510	0.02480	0.01459	0.02909	0.03338	0.01736	0.00166	0.00548	0.00443	0.00366	0.11315

[dist]
# distance from previous block
# <min> <max>
1	69

[block]
# block no. 12 follows, 46 sequences, length 15
# corresponding to MSA columns:
# 930-944
name=unknown_M
#
# <colnr> <probs for GDERKNQSTAVLIFYWHMCP>
#	G	D	E	R	K	N	Q	S	T	A	V	L	I	F	Y	W	H	M	C	P
0	0.06261	0.07328	0.09914	0.08923	0.02635	0.09682	0.04835	0.06397	0.05287	0.02859	0.07892	0.05302	0.05990	0.03188	0.02331	0.00186	0.03040	0.00568	0.03053	0.04327
1	0.07295	0.09504	0.09490	0.03051	0.07988	0.08871	0.04633	0.14991	0.07245	0.06649	0.01369	0.01449	0.04682	0.00581	0.00482	0.00150	0.00584	0.00460	0.03068	0.07460
2	0.06118	0.00937	0.01249	0.19655	0.03859	0.03304	0.05176	0.07445	0.02994	0.08279	0.01879	0.09240	0.09817	0.00861	0.02557	0.00187	0.02307	0.02909	0.06435	0.04791
3	0.00985	0.00493	0.00493	0.00493	0.00616	0.00493	0.00370	0.01232	0.01109	0.01971	0.01725	0.01971	0.01355	0.00616	0.00370	0.00123	0.00246	0.00493	0.84356	0.00493
4	0.09240	0.00891	0.01093	0.04644	0.01293	0.02625	0.04980	0.10855	0.03262	0.10000	0.10932	0.21152	0.06972	0.00929	0.00554	0.00170	0.00435	0.00802	0.00462	0.08710
5	0.00802	0.00558	0.00736	0.00762	0.00863	0.00524	0.02306	0.00923	0.01090	0.06495	0.05063	0.47075	0.17959	0.06043	0.00801	0.00221	0.02578	0.04247	0.00481	0.00473
6	0.00963	0.00491	0.00501	0.00509	0.00626	0.00489	0.00378	0.01199	0.01102	0.01930	0.01803	0.07215	0.01497	0.00685	0.00390	0.00129	0.00250	0.00560	0.78796	0.00489
7	0.17654	0.05058	0.08967	0.03674	0.11531	0.01097	0.15832	0.03134	0.01149	0.04681	0.03590	0.11567	0.01395	0.02790	0.00585	0.00184	0.00580	0.05539	0.00345	0.00647
8	0.05706	0.00997	0.01115	0.04992	0.01338	0.03204	0.00798	0.26012	0.03912	0.09962	0.05924	0.11329	0.01771	0.00866	0.00546	0.00173	0.00470	0.09809	0.10393	0.00682
9	0.01393	0.03609	0.01252	0.04810	0.04736	0.03201	0.00793	0.04097	0.14407	0.15049	0.02903	0.03093	0.03508	0.00583	0.00475	0.00131	0.00451	0.00478	0.00421	0.34610
10	0.00820	0.00659	0.00954	0.08096	0.03501	0.00655	0.05637	0.03794	0.01148	0.01530	0.09265	0.33484	0.13548	0.07392	0.03062	0.00235	0.00441	0.02751	0.02530	0.00497
11	0.03723	0.43543	0.05254	0.03466	0.03931	0.03962	0.07151	0.05259	0.01149	0.03090	0.00864	0.01052	0.00737	0.00604	0.02498	0.00157	0.08486	0.00369	0.00265	0.04439
12	0.03247	0.05246	0.11392	0.03591	0.05117	0.04175	0.04821	0.10494	0.16379	0.07007	0.04128	0.01729	0.04744	0.03142	0.02313	0.00185	0.03588	0.00524	0.00395	0.07784
13	0.10298	0.07797	0.09330	0.05118	0.06239	0.11644	0.03387	0.10633	0.05790	0.06701	0.02852	0.09974	0.03506	0.00694	0.00501	0.00160	0.00581	0.00561	0.00375	0.03860
14	0.11637	0.09075	0.10354	0.02608	0.04290	0.03935	0.02548	0.06805	0.04652	0.13628	0.07636	0.05836	0.03050	0.02697	0.00547	0.00166	0.00509	0.01998	0.02559	0.05468

[dist]
# distance from previous block
# <min> <max>
11	66

[block]
# block no. 13 follows, 46 sequences, length 19
# corresponding to MSA columns:
# 1038-1056
name=unknown_N
#
# <colnr> <probs for GDERKNQSTAVLIFYWHMCP>
#	G	D	E	R	K	N	Q	S	T	A	V	L	I	F	Y	W	H	M	C	P
