[name]
unknown

[dist]
# distance from previous block
# <min> <max>
0	38

[block]
# block no. 0 follows, 58 sequences, length 31
# corresponding to MSA columns:
# 38-68
name=unknown_A
#
# <colnr> <probs for GDERKNQSTAVLIFYWHMCP>
#	G	D	E	R	K	N	Q	S	T	A	V	L	I	F	Y	W	H	M	C	P
0	0.11481	0.03788	0.02916	0.03294	0.11077	0.07444	0.02305	0.14969	0.10419	0.11415	0.01220	0.01449	0.02038	0.00548	0.00448	0.00138	0.02336	0.05733	0.02080	0.04903
1	0.09368	0.03738	0.08177	0.11703	0.11914	0.06968	0.05052	0.16526	0.04954	0.05714	0.01952	0.05230	0.00920	0.01869	0.00464	0.00144	0.00515	0.02638	0.00311	0.01840
2	0.10101	0.11925	0.03633	0.06356	0.27387	0.05493	0.06190	0.02630	0.07441	0.09539	0.02415	0.01132	0.00803	0.00457	0.00438	0.00134	0.02627	0.00384	0.00282	0.00632
3	0.01308	0.26985	0.02667	0.04505	0.01308	0.29278	0.00803	0.04470	0.01078	0.02963	0.01892	0.00907	0.00672	0.00508	0.02167	0.00123	0.05109	0.00300	0.00239	0.12718
4	0.01170	0.01088	0.05280	0.02361	0.64612	0.03076	0.01266	0.01428	0.01040	0.08795	0.00997	0.03899	0.00838	0.00461	0.00449	0.00136	0.00520	0.01633	0.00260	0.00691
5	0.00640	0.00476	0.00705	0.00705	0.00779	0.00551	0.00541	0.00790	0.00715	0.01028	0.01211	0.01830	0.01150	0.08388	0.77516	0.00701	0.01151	0.00490	0.00242	0.00391
6	0.01658	0.01201	0.01296	0.01006	0.01354	0.01326	0.00827	0.68749	0.09661	0.06527	0.01179	0.01153	0.00836	0.00545	0.00448	0.00136	0.00474	0.00415	0.00453	0.00756
7	0.00583	0.00455	0.00528	0.00510	0.00637	0.00401	0.00382	0.00747	0.01147	0.01512	0.44266	0.03806	0.41384	0.01020	0.00528	0.00146	0.00219	0.00874	0.00455	0.00401
8	0.00537	0.00420	0.00487	0.00540	0.00627	0.00370	0.00379	0.00632	0.00936	0.01174	0.03469	0.45272	0.41026	0.01271	0.00550	0.00167	0.00244	0.01112	0.00415	0.00370
9	0.00561	0.00407	0.00531	0.00606	0.00654	0.00377	0.00417	0.00665	0.00935	0.01252	0.14873	0.64158	0.08682	0.01303	0.00562	0.00174	0.00253	0.02787	0.00427	0.00375
10	0.00928	0.00795	0.00928	0.00663	0.01060	0.00596	0.00530	0.01126	0.00928	0.01458	0.00795	0.00928	0.00663	0.00331	0.00331	0.00066	0.00331	0.00265	0.00265	0.87014
11	0.01113	0.00961	0.01011	0.00910	0.01163	0.01113	0.00708	0.02377	0.80681	0.01871	0.01821	0.01669	0.01365	0.00607	0.00455	0.00152	0.00354	0.00506	0.00455	0.00708
12	0.00639	0.00478	0.00711	0.00711	0.00789	0.00555	0.00550	0.00794	0.00717	0.01033	0.01205	0.01796	0.01135	0.05999	0.79886	0.00710	0.01173	0.00485	0.00241	0.00395
13	0.01650	0.02137	0.03458	0.01156	0.01398	0.80272	0.00886	0.01776	0.01259	0.01104	0.00694	0.00810	0.00576	0.00460	0.00404	0.00116	0.00803	0.00289	0.00229	0.00522
14	0.00897	0.02314	0.81962	0.01275	0.01936	0.01039	0.01653	0.01417	0.00944	0.01417	0.00803	0.00944	0.00567	0.00425	0.00425	0.00142	0.00661	0.00331	0.00189	0.00661
15	0.00860	0.00804	0.01345	0.67790	0.12411	0.00962	0.01200	0.01146	0.00930	0.01214	0.04762	0.01349	0.02421	0.00478	0.00452	0.00147	0.00562	0.00429	0.00220	0.00517
16	0.00884	0.08559	0.39095	0.09254	0.08037	0.00984	0.08433	0.01238	0.00937	0.01314	0.01101	0.16040	0.01025	0.00594	0.00453	0.00146	0.00565	0.00523	0.00237	0.00582
17	0.01671	0.02132	0.01268	0.01152	0.01383	0.82483	0.00864	0.01786	0.01268	0.01095	0.00691	0.00807	0.00576	0.00461	0.00403	0.00115	0.00807	0.00288	0.00230	0.00519
18	0.00550	0.00406	0.00515	0.00590	0.00643	0.00371	0.00404	0.00646	0.00919	0.01210	0.09770	0.64071	0.15635	0.01315	0.00560	0.00173	0.00250	0.01178	0.00422	0.00371
19	0.03559	0.00790	0.00942	0.00687	0.01071	0.00620	0.00554	0.01341	0.00993	0.17410	0.00983	0.01040	0.00746	0.00378	0.00353	0.00083	0.00341	0.00301	0.00323	0.67487
20	0.00556	0.00431	0.00501	0.00538	0.00630	0.00383	0.00383	0.00664	0.00967	0.01229	0.11179	0.33339	0.38908	0.05213	0.00631	0.00176	0.00252	0.03231	0.00416	0.00373
21	0.00565	0.00448	0.00486	0.00490	0.00620	0.00388	0.00365	0.00699	0.01044	0.01325	0.16947	0.10132	0.57197	0.01090	0.00523	0.00150	0.00229	0.02377	0.04537	0.00386
22	0.00676	0.00524	0.00605	0.00580	0.00719	0.00504	0.00443	0.00995	0.11711	0.01593	0.39657	0.03435	0.28087	0.00942	0.00514	0.00147	0.00244	0.04293	0.03886	0.00445
23	0.00755	0.00501	0.04518	0.00636	0.00686	0.00455	0.00478	0.00680	0.00638	0.00886	0.00894	0.01460	0.00863	0.03619	0.17496	0.61549	0.00556	0.00410	0.02654	0.00265
24	0.00557	0.00398	0.00533	0.00636	0.00667	0.00373	0.00436	0.00643	0.00868	0.01155	0.02459	0.78721	0.02933	0.01390	0.00574	0.00183	0.00270	0.06422	0.00415	0.00367
25	0.00542	0.00422	0.00492	0.00541	0.00629	0.00373	0.00380	0.00643	0.00953	0.01205	0.07321	0.42819	0.39584	0.01252	0.00549	0.00165	0.00242	0.01096	0.00419	0.00373
26	0.00905	0.04673	0.09072	0.00745	0.00926	0.10490	0.00631	0.01083	0.01063	0.05950	0.31729	0.02461	0.05961	0.15888	0.00851	0.00193	0.04400	0.02162	0.00360	0.00458
27	0.01059	0.01067	0.03555	0.19136	0.58042	0.02844	0.05117	0.01339	0.00999	0.01386	0.00831	0.01119	0.00678	0.00409	0.00447	0.00137	0.00564	0.00401	0.00216	0.00655
28	0.01139	0.00825	0.01024	0.00894	0.01075	0.00960	0.00718	0.09524	0.23827	0.12813	0.01336	0.01487	0.01055	0.01382	0.23303	0.00312	0.15668	0.00458	0.01608	0.00592
29	0.00638	0.00441	0.00545	0.00593	0.00624	0.00433	0.00405	0.00703	0.00790	0.01043	0.01933	0.23128	0.03655	0.44572	0.01470	0.00318	0.00383	0.17662	0.00339	0.00326
30	0.03531	0.05554	0.09338	0.17350	0.09394	0.02306	0.06770	0.12323	0.21940	0.01673	0.01099	0.01214	0.00832	0.00480	0.00434	0.00138	0.00509	0.00410	0.00308	0.04398

[dist]
# distance from previous block
# <min> <max>
1	5

[block]
# block no. 1 follows, 58 sequences, length 30
# corresponding to MSA columns:
# 76-105
name=unknown_B
#
# <colnr> <probs for GDERKNQSTAVLIFYWHMCP>
#	G	D	E	R	K	N	Q	S	T	A	V	L	I	F	Y	W	H	M	C	P
0	0.00736	0.04144	0.00715	0.00647	0.00756	0.01913	0.00486	0.00877	0.02188	0.06219	0.13372	0.29050	0.17321	0.03723	0.11632	0.00242	0.04313	0.00856	0.00384	0.00424
1	0.05586	0.45474	0.04936	0.05668	0.03004	0.15414	0.00840	0.07610	0.01079	0.04219	0.02081	0.00879	0.00669	0.00431	0.00347	0.00112	0.00536	0.00294	0.00242	0.00581
2	0.00692	0.00458	0.00640	0.00633	0.00666	0.00504	0.00447	0.00707	0.00661	0.00920	0.01118	0.01941	0.01145	0.24922	0.35378	0.24611	0.03513	0.00498	0.00234	0.00310
3	0.00901	0.02256	0.78484	0.01271	0.01903	0.01053	0.01624	0.01402	0.00933	0.01402	0.00793	0.00946	0.00568	0.00440	0.00470	0.00144	0.04234	0.00333	0.00189	0.00654
4	0.00564	0.00442	0.00511	0.00519	0.00633	0.00389	0.00380	0.00702	0.01066	0.01379	0.28117	0.18985	0.42489	0.01115	0.00536	0.00154	0.00228	0.00963	0.00439	0.00389
5	0.00547	0.00454	0.00478	0.00472	0.00615	0.00385	0.00354	0.00677	0.01062	0.01310	0.17870	0.04137	0.67905	0.01095	0.00528	0.00149	0.00224	0.00921	0.00429	0.00385
6	0.00562	0.00453	0.00493	0.00484	0.00615	0.00392	0.00358	0.00695	0.01066	0.01345	0.24455	0.03984	0.57177	0.05204	0.00615	0.00162	0.00233	0.00894	0.00428	0.00384
7	0.00587	0.00455	0.00534	0.00515	0.00640	0.00403	0.00386	0.00756	0.01158	0.01537	0.47628	0.03764	0.38006	0.01010	0.00528	0.00145	0.00218	0.00868	0.00459	0.00403
8	0.01196	0.84548	0.02344	0.00765	0.01148	0.01770	0.00765	0.01339	0.00909	0.01052	0.00622	0.00718	0.00574	0.00383	0.00287	0.00096	0.00478	0.00239	0.00191	0.00574
9	0.01196	0.84548	0.02344	0.00765	0.01148	0.01770	0.00765	0.01339	0.00909	0.01052	0.00622	0.00718	0.00574	0.00383	0.00287	0.00096	0.00478	0.00239	0.00191	0.00574
10	0.59107	0.01072	0.00824	0.00720	0.00999	0.15286	0.00578	0.01532	0.00931	0.14214	0.00812	0.00864	0.00597	0.00445	0.00326	0.00134	0.00432	0.00282	0.00312	0.00533
11	0.01700	0.01253	0.01342	0.01029	0.01387	0.01387	0.00850	0.79997	0.02103	0.02819	0.01074	0.01074	0.00761	0.00537	0.00447	0.00134	0.00492	0.00403	0.00447	0.00761
12	0.00928	0.00795	0.00928	0.00663	0.01060	0.00596	0.00530	0.01126	0.00928	0.01458	0.00795	0.00928	0.00663	0.00331	0.00331	0.00066	0.00331	0.00265	0.00265	0.87014
13	0.01196	0.84548	0.02344	0.00765	0.01148	0.01770	0.00765	0.01339	0.00909	0.01052	0.00622	0.00718	0.00574	0.00383	0.00287	0.00096	0.00478	0.00239	0.00191	0.00574
14	0.84515	0.00908	0.00678	0.00607	0.00883	0.03781	0.00497	0.01331	0.00779	0.01976	0.00625	0.00729	0.00488	0.00417	0.00281	0.00138	0.00362	0.00244	0.00275	0.00486
15	0.01113	0.00961	0.01011	0.00910	0.01163	0.01113	0.00708	0.02377	0.80681	0.01871	0.01821	0.01669	0.01365	0.00607	0.00455	0.00152	0.00354	0.00506	0.00455	0.00708
16	0.00886	0.00813	0.01549	0.04366	0.01549	0.00772	0.36083	0.02490	0.01004	0.05319	0.01709	0.31515	0.04368	0.00831	0.00540	0.00164	0.00511	0.04697	0.00330	0.00506
17	0.03917	0.32965	0.36757	0.01059	0.01547	0.02689	0.06798	0.01382	0.02694	0.01310	0.02827	0.01014	0.02379	0.00437	0.00381	0.00125	0.00564	0.00335	0.00214	0.00605
18	0.00741	0.00486	0.00613	0.00568	0.00705	0.00437	0.00434	0.00929	0.01214	0.09059	0.57140	0.03399	0.19101	0.00931	0.00523	0.00144	0.00234	0.02418	0.00481	0.00444
19	0.01762	0.00708	0.00957	0.00752	0.01057	0.00615	0.00614	0.01939	0.01271	0.67713	0.13588	0.01869	0.03821	0.00623	0.00464	0.00139	0.00351	0.00517	0.00541	0.00700
20	0.01072	0.01150	0.08102	0.13510	0.50070	0.04515	0.06866	0.01360	0.01019	0.02914	0.02640	0.01250	0.00802	0.00443	0.00452	0.00138	0.00566	0.02251	0.00233	0.00648
21	0.02549	0.05116	0.07537	0.01732	0.06709	0.01103	0.59132	0.01427	0.01038	0.04883	0.00966	0.03933	0.00760	0.00424	0.00499	0.00147	0.00683	0.00511	0.00243	0.00609
22	0.00545	0.00389	0.00519	0.00623	0.00649	0.00363	0.00415	0.00623	0.00856	0.01142	0.02465	0.83987	0.02959	0.01401	0.00571	0.00182	0.00260	0.01272	0.00415	0.00363
23	0.01036	0.01169	0.12877	0.01425	0.01835	0.00929	0.45992	0.01368	0.01072	0.09558	0.06485	0.01735	0.11286	0.00532	0.00506	0.00148	0.00602	0.00564	0.00295	0.00587
24	0.02740	0.05936	0.06794	0.08348	0.37604	0.06071	0.10406	0.06391	0.03043	0.03228	0.00864	0.01083	0.00690	0.00440	0.00486	0.00137	0.04452	0.00394	0.00244	0.00648
25	0.00804	0.00615	0.05613	0.00616	0.00798	0.00484	0.00506	0.00997	0.02971	0.12827	0.22724	0.15138	0.32235	0.00980	0.00515	0.00151	0.00279	0.00840	0.00441	0.00466
26	0.00647	0.00468	0.00677	0.00677	0.00741	0.00532	0.00507	0.00766	0.00702	0.01000	0.01210	0.01917	0.01180	0.15613	0.66414	0.04792	0.01043	0.00501	0.00242	0.00370
27	0.76514	0.00898	0.00749	0.00680	0.02864	0.01026	0.00539	0.07505	0.00886	0.04033	0.00692	0.00783	0.00527	0.00428	0.00299	0.00138	0.00363	0.00264	0.00296	0.00518
28	0.01148	0.07148	0.29371	0.01197	0.10173	0.04547	0.01099	0.11792	0.05088	0.05372	0.00920	0.01018	0.00693	0.00431	0.00403	0.00120	0.00523	0.00340	0.00274	0.18342
29	0.03583	0.45511	0.11688	0.01038	0.06029	0.04593	0.00946	0.05290	0.00951	0.01243	0.00676	0.00835	0.00590	0.00469	0.00529	0.00125	0.14813	0.00296	0.00210	0.00583

[dist]
# distance from previous block
# <min> <max>
0	1

[block]
# block no. 2 follows, 58 sequences, length 25
# corresponding to MSA columns:
# 107-131
name=unknown_C
#
# <colnr> <probs for GDERKNQSTAVLIFYWHMCP>
#	G	D	E	R	K	N	Q	S	T	A	V	L	I	F	Y	W	H	M	C	P
0	0.00553	0.00450	0.00490	0.00489	0.00622	0.00386	0.00363	0.00685	0.01063	0.01334	0.21398	0.09717	0.58683	0.01103	0.00531	0.00151	0.00225	0.00937	0.00432	0.00386
1	0.00694	0.00579	0.00777	0.06763	0.00976	0.01944	0.04203	0.00936	0.06661	0.01431	0.28943	0.27612	0.11589	0.00994	0.00564	0.00158	0.03455	0.00876	0.00408	0.00437
2	0.00544	0.00394	0.00514	0.00609	0.00645	0.00364	0.00409	0.00624	0.00870	0.01147	0.02631	0.77590	0.09248	0.01380	0.00568	0.00179	0.00257	0.01245	0.00415	0.00364
3	0.00987	0.00838	0.01388	0.49237	0.18303	0.00945	0.03761	0.01252	0.00963	0.08381	0.01164	0.01429	0.06600	0.00502	0.00478	0.00146	0.02368	0.00447	0.00252	0.00557
4	0.01116	0.00807	0.00954	0.00710	0.01084	0.00661	0.00569	0.01425	0.09500	0.14070	0.01056	0.01100	0.00807	0.00395	0.00363	0.00087	0.00341	0.00320	0.00330	0.64304
5	0.00845	0.00795	0.01342	0.83204	0.03081	0.00994	0.01242	0.01143	0.00894	0.01143	0.00795	0.01193	0.00596	0.00447	0.00447	0.00149	0.00596	0.00398	0.00199	0.00497
6	0.04047	0.01165	0.18659	0.00937	0.02762	0.00842	0.00884	0.10708	0.03883	0.37036	0.03790	0.01307	0.00979	0.00504	0.00428	0.00131	0.00444	0.00403	0.00409	0.10683
7	0.44765	0.00929	0.01112	0.07471	0.25488	0.01019	0.00842	0.05071	0.02219	0.04539	0.00815	0.01019	0.00650	0.00442	0.00363	0.00139	0.00430	0.01831	0.00277	0.00578
8	0.01107	0.01063	0.01816	0.02746	0.81489	0.01063	0.01373	0.01373	0.01019	0.01461	0.00841	0.01107	0.00709	0.00399	0.00443	0.00133	0.00531	0.00399	0.00221	0.00709
9	0.00545	0.00389	0.00519	0.00623	0.00649	0.00363	0.00415	0.00623	0.00856	0.01142	0.02465	0.83987	0.02959	0.01401	0.00571	0.00182	0.00260	0.01272	0.00415	0.00363
10	0.87439	0.00865	0.00657	0.00588	0.00865	0.01003	0.00484	0.01315	0.00761	0.02007	0.00623	0.00727	0.00484	0.00415	0.00277	0.00138	0.00346	0.00242	0.00277	0.00484
11	0.00545	0.00389	0.00519	0.00623	0.00649	0.00363	0.00415	0.00623	0.00856	0.01142	0.02465	0.83987	0.02959	0.01401	0.00571	0.00182	0.00260	0.01272	0.00415	0.00363
12	0.87439	0.00865	0.00657	0.00588	0.00865	0.01003	0.00484	0.01315	0.00761	0.02007	0.00623	0.00727	0.00484	0.00415	0.00277	0.00138	0.00346	0.00242	0.00277	0.00484
13	0.01156	0.00982	0.01036	0.00919	0.01180	0.01133	0.00718	0.08083	0.74905	0.01941	0.01766	0.01625	0.01321	0.00602	0.00455	0.00150	0.00364	0.00498	0.00455	0.00712
14	0.02007	0.00761	0.01038	0.00796	0.01142	0.00657	0.00657	0.02180	0.01280	0.81799	0.01765	0.01523	0.01107	0.00554	0.00450	0.00138	0.00381	0.00450	0.00554	0.00761
15	0.00639	0.00479	0.00719	0.00719	0.00799	0.00559	0.00559	0.00799	0.00719	0.01038	0.01198	0.01757	0.01118	0.03355	0.82507	0.00719	0.01198	0.00479	0.00240	0.00399
16	0.07092	0.00557	0.00657	0.06408	0.00894	0.00544	0.00500	0.04477	0.01123	0.04457	0.28302	0.07203	0.30106	0.00932	0.00504	0.00150	0.00286	0.04948	0.00421	0.00441
17	0.01024	0.00987	0.01353	0.01153	0.01181	0.01352	0.00959	0.06871	0.00790	0.01204	0.00637	0.01004	0.00613	0.00826	0.03317	0.00204	0.75408	0.00394	0.00215	0.00507
18	0.87439	0.00865	0.00657	0.00588	0.00865	0.01003	0.00484	0.01315	0.00761	0.02007	0.00623	0.00727	0.00484	0.00415	0.00277	0.00138	0.00346	0.00242	0.00277	0.00484
19	0.00574	0.00427	0.00541	0.00617	0.00687	0.00394	0.00451	0.00686	0.00935	0.01210	0.05279	0.50013	0.20594	0.01298	0.00568	0.00178	0.00277	0.14475	0.00417	0.00377
20	0.01202	0.01198	0.05314	0.02049	0.34087	0.04042	0.31467	0.06260	0.01124	0.07423	0.00941	0.01156	0.00719	0.00413	0.00474	0.00140	0.00619	0.00446	0.00260	0.00666
21	0.00908	0.00816	0.01135	0.06771	0.01162	0.01036	0.03683	0.05089	0.03162	0.01152	0.00925	0.01580	0.00925	0.22522	0.06362	0.00279	0.41327	0.00473	0.00240	0.00453
22	0.01797	0.00735	0.00972	0.00763	0.01074	0.00656	0.00624	0.03941	0.03616	0.66473	0.07406	0.01655	0.01331	0.00578	0.00446	0.00137	0.00359	0.00474	0.06248	0.00713
23	0.01235	0.01020	0.01145	0.05066	0.05189	0.01137	0.00790	0.21841	0.47365	0.02026	0.01461	0.01415	0.01093	0.00552	0.00443	0.00140	0.00408	0.00452	0.00416	0.06804
24	0.81344	0.00872	0.00682	0.00611	0.00886	0.01011	0.00500	0.01390	0.06404	0.01997	0.00707	0.00793	0.00547	0.00429	0.00289	0.00139	0.00347	0.00261	0.00289	0.00500

[dist]
# distance from previous block
# <min> <max>
0	2

[block]
# block no. 3 follows, 58 sequences, length 25
# corresponding to MSA columns:
# 134-158
name=unknown_D
#
# <colnr> <probs for GDERKNQSTAVLIFYWHMCP>
#	G	D	E	R	K	N	Q	S	T	A	V	L	I	F	Y	W	H	M	C	P
0	0.01500	0.16159	0.09110	0.01075	0.01388	0.48732	0.00915	0.10656	0.04074	0.01343	0.00774	0.00866	0.00624	0.00458	0.00392	0.00118	0.00684	0.00305	0.00253	0.00576
1	0.00676	0.00480	0.00624	0.10003	0.00836	0.00515	0.00430	0.00727	0.00686	0.00921	0.01283	0.02492	0.01399	0.59294	0.14196	0.03716	0.00566	0.00586	0.00255	0.00313
2	0.00599	0.00473	0.00542	0.00522	0.00655	0.00425	0.00392	0.00800	0.03949	0.01512	0.41096	0.03752	0.41651	0.01010	0.00526	0.00146	0.00224	0.00864	0.00454	0.00411
3	0.00573	0.00450	0.00489	0.00482	0.00594	0.00397	0.00343	0.00684	0.00997	0.01259	0.19182	0.03846	0.50516	0.17224	0.00868	0.00204	0.00264	0.00860	0.00403	0.00366
4	0.00532	0.00440	0.00466	0.00487	0.00613	0.00375	0.00355	0.00638	0.00987	0.01195	0.04116	0.20343	0.65537	0.01187	0.00537	0.00157	0.00233	0.01010	0.00415	0.00375
5	0.00706	0.00503	0.00685	0.00772	0.00865	0.00501	0.00656	0.00885	0.00986	0.01280	0.02335	0.04777	0.05248	0.10746	0.00805	0.00230	0.00408	0.66821	0.00396	0.00395
6	0.01196	0.84548	0.02344	0.00765	0.01148	0.01770	0.00765	0.01339	0.00909	0.01052	0.00622	0.00718	0.00574	0.00383	0.00287	0.00096	0.00478	0.00239	0.00191	0.00574
7	0.02007	0.00761	0.01038	0.00796	0.01142	0.00657	0.00657	0.02180	0.01280	0.81799	0.01765	0.01523	0.01107	0.00554	0.00450	0.00138	0.00381	0.00450	0.00554	0.00761
8	0.01196	0.84548	0.02344	0.00765	0.01148	0.01770	0.00765	0.01339	0.00909	0.01052	0.00622	0.00718	0.00574	0.00383	0.00287	0.00096	0.00478	0.00239	0.00191	0.00574
9	0.00582	0.00407	0.00522	0.00599	0.00622	0.00390	0.00394	0.00646	0.00812	0.01081	0.02187	0.58783	0.02593	0.22876	0.01016	0.00248	0.00313	0.05211	0.00378	0.00342
10	0.01700	0.01253	0.01342	0.01029	0.01387	0.01387	0.00850	0.79997	0.02103	0.02819	0.01074	0.01074	0.00761	0.00537	0.00447	0.00134	0.00492	0.00403	0.00447	0.00761
11	0.00979	0.00979	0.01370	0.01174	0.01174	0.01370	0.00979	0.01077	0.00685	0.01077	0.00587	0.00979	0.00587	0.00783	0.01468	0.00196	0.83461	0.00391	0.00196	0.00489
12	0.01058	0.01111	0.01358	0.01172	0.01198	0.10663	0.00966	0.01158	0.00752	0.01079	0.00599	0.00959	0.00586	0.00746	0.01346	0.00187	0.73991	0.00380	0.00200	0.00493
13	0.00928	0.00795	0.00928	0.00663	0.01060	0.00596	0.00530	0.01126	0.00928	0.01458	0.00795	0.00928	0.00663	0.00331	0.00331	0.00066	0.00331	0.00265	0.00265	0.87014
14	0.01037	0.01021	0.03917	0.02461	0.69994	0.00982	0.01271	0.01288	0.00998	0.01424	0.01026	0.10598	0.00962	0.00514	0.00457	0.00139	0.00504	0.00497	0.00243	0.00668
15	0.00855	0.00508	0.00637	0.00595	0.00657	0.00521	0.00399	0.00909	0.00753	0.12447	0.01395	0.02466	0.01432	0.56206	0.14849	0.00428	0.03687	0.00585	0.00303	0.00370
16	0.00537	0.00441	0.00474	0.00500	0.00622	0.00378	0.00366	0.00645	0.00984	0.01197	0.04027	0.21597	0.62248	0.01194	0.00540	0.00159	0.00239	0.03060	0.00415	0.00375
17	0.01014	0.00822	0.00969	0.02352	0.01119	0.00675	0.00578	0.07071	0.01033	0.04324	0.03145	0.01034	0.00784	0.00381	0.00372	0.00080	0.01845	0.00302	0.00293	0.71807
18	0.01224	0.08575	0.26335	0.04123	0.05389	0.01101	0.19516	0.09056	0.05000	0.13786	0.01034	0.01138	0.00740	0.00449	0.00446	0.00139	0.00585	0.00408	0.00293	0.00664
19	0.00667	0.00454	0.00549	0.00574	0.00600	0.00456	0.00385	0.00720	0.00743	0.00984	0.01634	0.03406	0.01841	0.62520	0.03772	0.00386	0.00446	0.19251	0.00304	0.00308
20	0.00537	0.00453	0.00465	0.00462	0.00609	0.00381	0.00346	0.00658	0.01039	0.01255	0.10645	0.04228	0.75165	0.01115	0.00529	0.00150	0.00225	0.00933	0.00422	0.00381
21	0.01363	0.01090	0.12786	0.16620	0.25142	0.00913	0.01121	0.03903	0.01109	0.29752	0.01160	0.01245	0.00810	0.00470	0.00444	0.00139	0.00507	0.00407	0.00336	0.00683
22	0.00896	0.00785	0.01267	0.04282	0.40242	0.00780	0.04395	0.01127	0.02459	0.01401	0.03112	0.20772	0.05346	0.00698	0.00468	0.00144	0.00418	0.00648	0.10201	0.00561
23	0.01017	0.01127	0.02420	0.01764	0.02176	0.01061	0.70797	0.01375	0.01053	0.01422	0.01073	0.01646	0.00896	0.00475	0.00538	0.00157	0.00715	0.09459	0.00248	0.00581
24	0.01050	0.10623	0.06062	0.14038	0.31345	0.02702	0.11023	0.02522	0.01003	0.03571	0.01053	0.05396	0.02815	0.00510	0.00468	0.00140	0.02097	0.02731	0.00246	0.00606

[dist]
# distance from previous block
# <min> <max>
0	4

[block]
# block no. 4 follows, 58 sequences, length 14
# corresponding to MSA columns:
# 163-176
name=unknown_E
#
# <colnr> <probs for GDERKNQSTAVLIFYWHMCP>
#	G	D	E	R	K	N	Q	S	T	A	V	L	I	F	Y	W	H	M	C	P
0	0.01061	0.01703	0.45360	0.03775	0.09971	0.03155	0.04864	0.06087	0.02371	0.07880	0.01022	0.02989	0.00796	0.00603	0.03606	0.00165	0.00620	0.03067	0.00259	0.00644
1	0.23285	0.01003	0.05482	0.02351	0.07272	0.03703	0.02070	0.05090	0.21528	0.03911	0.01186	0.07683	0.01002	0.00706	0.03836	0.00173	0.08358	0.00454	0.00327	0.00580
2	0.24530	0.22154	0.03337	0.01007	0.04991	0.29019	0.03888	0.04018	0.01042	0.01423	0.00686	0.00805	0.00567	0.00425	0.00349	0.00120	0.00573	0.00283	0.00239	0.00547
3	0.00977	0.00528	0.00727	0.00681	0.00814	0.00535	0.00519	0.01118	0.00885	0.20856	0.01543	0.12677	0.01408	0.09688	0.38039	0.00434	0.00729	0.00588	0.06782	0.00473
4	0.01248	0.75774	0.02236	0.00798	0.01173	0.04573	0.00775	0.06912	0.01006	0.01179	0.00656	0.00746	0.00587	0.00396	0.00302	0.00099	0.00491	0.00252	0.00211	0.00585
5	0.00557	0.00451	0.00494	0.00490	0.00623	0.00389	0.00365	0.00694	0.01077	0.01359	0.24585	0.07718	0.57458	0.01088	0.00530	0.00150	0.00224	0.00924	0.00436	0.00389
6	0.00628	0.00457	0.00591	0.00558	0.00665	0.00420	0.00418	0.00835	0.01255	0.01767	0.77729	0.03386	0.07761	0.00925	0.00528	0.00141	0.00212	0.00815	0.00489	0.00420
7	0.01388	0.01098	0.01167	0.00966	0.01268	0.01241	0.00775	0.38752	0.43857	0.02315	0.01471	0.01390	0.01082	0.00574	0.00452	0.00144	0.00419	0.00457	0.00452	0.00733
8	0.87439	0.00865	0.00657	0.00588	0.00865	0.01003	0.00484	0.01315	0.00761	0.02007	0.00623	0.00727	0.00484	0.00415	0.00277	0.00138	0.00346	0.00242	0.00277	0.00484
9	0.01165	0.00987	0.01041	0.00921	0.01183	0.01137	0.00721	0.09311	0.73661	0.01956	0.01754	0.01616	0.01311	0.00601	0.00454	0.00150	0.00366	0.00497	0.00454	0.00713
10	0.00845	0.00795	0.01342	0.83204	0.03081	0.00994	0.01242	0.01143	0.00894	0.01143	0.00795	0.01193	0.00596	0.00447	0.00447	0.00149	0.00596	0.00398	0.00199	0.00497
11	0.00639	0.00479	0.00719	0.00719	0.00799	0.00559	0.00559	0.00799	0.00719	0.01038	0.01198	0.01757	0.01118	0.03355	0.82507	0.00719	0.01198	0.00479	0.00240	0.00399
12	0.03195	0.00788	0.02730	0.07655	0.12924	0.00737	0.02967	0.06247	0.01189	0.28296	0.14135	0.04722	0.11145	0.00665	0.00472	0.00142	0.00393	0.00573	0.00417	0.00608
13	0.46132	0.03257	0.01083	0.03861	0.10170	0.04499	0.05053	0.10093	0.01000	0.01849	0.00785	0.03194	0.00643	0.00449	0.00352	0.00133	0.00434	0.00331	0.00283	0.06400

[dist]
# distance from previous block
# <min> <max>
1	17

[block]
# block no. 5 follows, 58 sequences, length 13
# corresponding to MSA columns:
# 194-206
name=unknown_F
#
# <colnr> <probs for GDERKNQSTAVLIFYWHMCP>
#	G	D	E	R	K	N	Q	S	T	A	V	L	I	F	Y	W	H	M	C	P
0	0.87439	0.00865	0.00657	0.00588	0.00865	0.01003	0.00484	0.01315	0.00761	0.02007	0.00623	0.00727	0.00484	0.00415	0.00277	0.00138	0.00346	0.00242	0.00277	0.00484
1	0.87439	0.00865	0.00657	0.00588	0.00865	0.01003	0.00484	0.01315	0.00761	0.02007	0.00623	0.00727	0.00484	0.00415	0.00277	0.00138	0.00346	0.00242	0.00277	0.00484
2	0.00633	0.00457	0.00598	0.00563	0.00668	0.00422	0.00422	0.00844	0.01266	0.01794	0.81253	0.03341	0.04221	0.00914	0.00528	0.00141	0.00211	0.00809	0.00492	0.00422
3	0.00871	0.00667	0.00902	0.00820	0.00911	0.00808	0.00650	0.08006	0.00862	0.03839	0.01094	0.01586	0.01001	0.08161	0.42614	0.00467	0.20241	0.00460	0.05583	0.00456
4	0.87439	0.00865	0.00657	0.00588	0.00865	0.01003	0.00484	0.01315	0.00761	0.02007	0.00623	0.00727	0.00484	0.00415	0.00277	0.00138	0.00346	0.00242	0.00277	0.00484
5	0.00777	0.00389	0.00583	0.00583	0.00583	0.00389	0.00389	0.00583	0.00583	0.00777	0.00777	0.01360	0.00777	0.01554	0.01748	0.86985	0.00389	0.00389	0.00194	0.00194
6	0.06590	0.64085	0.02040	0.00826	0.01174	0.16721	0.00766	0.01421	0.00966	0.01119	0.00635	0.00735	0.00569	0.00399	0.00308	0.00102	0.00531	0.00248	0.00204	0.00558
7	0.00590	0.00402	0.00521	0.00588	0.00610	0.00383	0.00383	0.00635	0.00808	0.01081	0.05441	0.56546	0.02549	0.18977	0.01028	0.07404	0.00305	0.01047	0.00370	0.00332
8	0.00979	0.00898	0.01491	0.10518	0.54197	0.00918	0.01168	0.01225	0.00998	0.01397	0.05104	0.01807	0.01153	0.03850	0.02547	0.00170	0.00520	0.10192	0.00259	0.00611
9	0.00845	0.00795	0.01342	0.83204	0.03081	0.00994	0.01242	0.01143	0.00894	0.01143	0.00795	0.01193	0.00596	0.00447	0.00447	0.00149	0.00596	0.00398	0.00199	0.00497
10	0.01092	0.01048	0.01789	0.07288	0.77062	0.01059	0.01365	0.01360	0.01012	0.01443	0.00839	0.01112	0.00702	0.00401	0.00443	0.00134	0.00535	0.00399	0.00220	0.00697
11	0.00591	0.00431	0.00542	0.00607	0.00660	0.00409	0.00420	0.00713	0.03104	0.01188	0.07237	0.52339	0.10966	0.11879	0.00782	0.00209	0.00289	0.06862	0.00402	0.00370
12	0.00757	0.00628	0.00679	0.00636	0.00807	0.00642	0.00483	0.01285	0.28461	0.01558	0.20870	0.03138	0.33918	0.03455	0.00557	0.00158	0.00273	0.00754	0.00442	0.00498

[dist]
# distance from previous block
# <min> <max>
0	35

[block]
# block no. 6 follows, 58 sequences, length 25
# corresponding to MSA columns:
# 242-266
name=unknown_G
#
# <colnr> <probs for GDERKNQSTAVLIFYWHMCP>
#	G	D	E	R	K	N	Q	S	T	A	V	L	I	F	Y	W	H	M	C	P
0	0.01700	0.01253	0.01342	0.01029	0.01387	0.01387	0.00850	0.79997	0.02103	0.02819	0.01074	0.01074	0.00761	0.00537	0.00447	0.00134	0.00492	0.00403	0.00447	0.00761
1	0.00886	0.00813	0.01336	0.75210	0.05767	0.00997	0.01209	0.04098	0.00945	0.01230	0.00823	0.01197	0.00620	0.00451	0.00444	0.00147	0.00581	0.00398	0.02337	0.00512
2	0.70920	0.00855	0.00717	0.00631	0.00905	0.00971	0.00515	0.02938	0.06017	0.07438	0.04003	0.00953	0.00738	0.00459	0.00313	0.00139	0.00346	0.00299	0.00319	0.00521
3	0.02007	0.00761	0.01038	0.00796	0.01142	0.00657	0.00657	0.02180	0.01280	0.81799	0.01765	0.01523	0.01107	0.00554	0.00450	0.00138	0.00381	0.00450	0.00554	0.00761
4	0.01671	0.02132	0.01268	0.01152	0.01383	0.82483	0.00864	0.01786	0.01268	0.01095	0.00691	0.00807	0.00576	0.00461	0.00403	0.00115	0.00807	0.00288	0.00230	0.00519
5	0.00624	0.00451	0.00556	0.00572	0.00626	0.00450	0.00390	0.00731	0.02368	0.01114	0.10217	0.17340	0.11608	0.33513	0.14960	0.00361	0.00481	0.02951	0.00339	0.00350
6	0.00558	0.00409	0.00512	0.00579	0.00630	0.00376	0.00392	0.00647	0.00901	0.01185	0.09265	0.57712	0.15935	0.07843	0.00695	0.00193	0.00264	0.01130	0.00410	0.00363
7	0.01616	0.00833	0.01018	0.00831	0.01133	0.00829	0.00670	0.05691	0.27798	0.47001	0.06289	0.01655	0.01355	0.00591	0.00456	0.00143	0.00367	0.00487	0.00513	0.00724
8	0.01187	0.16569	0.02222	0.02702	0.01869	0.01255	0.45187	0.12135	0.02642	0.04303	0.00922	0.01128	0.00707	0.00503	0.02773	0.00155	0.02411	0.00448	0.00265	0.00617
9	0.00744	0.00578	0.00659	0.00629	0.00754	0.00593	0.00458	0.01158	0.21963	0.01484	0.26287	0.08570	0.15449	0.14479	0.00842	0.03444	0.00297	0.00742	0.00417	0.00453
10	0.00576	0.00421	0.00546	0.00616	0.00678	0.00391	0.00442	0.00692	0.00956	0.01267	0.14145	0.53400	0.12720	0.01279	0.00565	0.00175	0.00266	0.10058	0.00426	0.00379
11	0.00545	0.00389	0.00519	0.00623	0.00649	0.00363	0.00415	0.00623	0.00856	0.01142	0.02465	0.83987	0.02959	0.01401	0.00571	0.00182	0.00260	0.01272	0.00415	0.00363
12	0.09718	0.06326	0.01310	0.48469	0.02261	0.05639	0.05350	0.01192	0.02227	0.01230	0.00856	0.01295	0.00707	0.00564	0.00533	0.07023	0.00555	0.04038	0.00223	0.00483
13	0.01037	0.00792	0.00939	0.00676	0.01068	0.00603	0.00543	0.01233	0.00963	0.09621	0.00894	0.00988	0.00708	0.00354	0.00343	0.00074	0.00336	0.00284	0.00294	0.78250
14	0.66535	0.00986	0.00817	0.09059	0.01159	0.08338	0.00617	0.03750	0.00860	0.01843	0.00660	0.00797	0.00515	0.00434	0.00335	0.00138	0.02122	0.00270	0.00268	0.00497
15	0.01212	0.00623	0.00800	0.00681	0.00893	0.00582	0.00536	0.01516	0.09328	0.32232	0.39834	0.02414	0.02626	0.00731	0.00482	0.00140	0.00290	0.00626	0.03874	0.00580
16	0.01658	0.01232	0.01318	0.01021	0.01371	0.01367	0.00840	0.74352	0.07818	0.02750	0.01128	0.01117	0.00805	0.00542	0.00448	0.00136	0.00482	0.00410	0.00448	0.00757
17	0.01196	0.84548	0.02344	0.00765	0.01148	0.01770	0.00765	0.01339	0.00909	0.01052	0.00622	0.00718	0.00574	0.00383	0.00287	0.00096	0.00478	0.00239	0.00191	0.00574
18	0.00564	0.00396	0.00522	0.00609	0.00646	0.00371	0.00412	0.00659	0.00896	0.01221	0.09506	0.73532	0.03001	0.01323	0.00557	0.00175	0.00253	0.01197	0.03788	0.00371
19	0.01113	0.00961	0.01011	0.00910	0.01163	0.01113	0.00708	0.02377	0.80681	0.01871	0.01821	0.01669	0.01365	0.00607	0.00455	0.00152	0.00354	0.00506	0.00455	0.00708
20	0.87439	0.00865	0.00657	0.00588	0.00865	0.01003	0.00484	0.01315	0.00761	0.02007	0.00623	0.00727	0.00484	0.00415	0.00277	0.00138	0.00346	0.00242	0.00277	0.00484
21	0.01732	0.01203	0.01312	0.01006	0.01362	0.01313	0.00831	0.72091	0.02020	0.10844	0.01144	0.01120	0.00796	0.00539	0.00448	0.00135	0.00481	0.00408	0.00458	0.00761
22	0.00649	0.00438	0.00511	0.00511	0.00519	0.00446	0.00300	0.00666	0.00657	0.00885	0.01388	0.02808	0.01575	0.76057	0.10429	0.00463	0.00511	0.00633	0.00268	0.00284
23	0.00845	0.00795	0.01342	0.83204	0.03081	0.00994	0.01242	0.01143	0.00894	0.01143	0.00795	0.01193	0.00596	0.00447	0.00447	0.00149	0.00596	0.00398	0.00199	0.00497
24	0.00545	0.00389	0.00519	0.00623	0.00649	0.00363	0.00415	0.00623	0.00856	0.01142	0.02465	0.83987	0.02959	0.01401	0.00571	0.00182	0.00260	0.01272	0.00415	0.00363

[dist]
# distance from previous block
# <min> <max>
0	1

[block]
# block no. 7 follows, 58 sequences, length 28
# corresponding to MSA columns:
# 268-295
name=unknown_H
#
# <colnr> <probs for GDERKNQSTAVLIFYWHMCP>
#	G	D	E	R	K	N	Q	S	T	A	V	L	I	F	Y	W	H	M	C	P
0	0.00639	0.00479	0.00719	0.00719	0.00799	0.00559	0.00559	0.00799	0.00719	0.01038	0.01198	0.01757	0.01118	0.03355	0.82507	0.00719	0.01198	0.00479	0.00240	0.00399
1	0.01014	0.00972	0.01667	0.31056	0.52115	0.01040	0.03079	0.01293	0.00976	0.01349	0.00827	0.01139	0.00668	0.00415	0.00446	0.00139	0.00559	0.00401	0.00214	0.00632
2	0.00998	0.00937	0.01542	0.25862	0.48089	0.01004	0.01230	0.01333	0.06702	0.01379	0.00996	0.06138	0.00858	0.00488	0.00453	0.00142	0.00521	0.00458	0.00243	0.00626
3	0.01265	0.23929	0.22337	0.01076	0.04878	0.10363	0.01030	0.10762	0.02233	0.07792	0.00854	0.00947	0.00659	0.00455	0.00439	0.00123	0.04761	0.00324	0.00263	0.05510
4	0.00792	0.00492	0.00626	0.00571	0.00712	0.00445	0.00436	0.00986	0.01224	0.11354	0.58901	0.03187	0.13704	0.00885	0.00511	0.00140	0.00233	0.00769	0.03573	0.00457
5	0.00544	0.00392	0.00517	0.00617	0.00647	0.00364	0.00413	0.00624	0.00862	0.01144	0.02540	0.81099	0.05799	0.01392	0.00569	0.00181	0.00258	0.01260	0.00415	0.00364
6	0.01040	0.01732	0.47403	0.06270	0.06902	0.01008	0.11657	0.05183	0.01035	0.07860	0.00955	0.02870	0.00711	0.00537	0.02748	0.00159	0.00637	0.00402	0.00244	0.00646
7	0.01076	0.12046	0.05293	0.12802	0.43123	0.02573	0.08368	0.01372	0.03428	0.01353	0.00829	0.01077	0.00681	0.00424	0.00469	0.00135	0.03705	0.00387	0.00220	0.00640
8	0.00597	0.00416	0.00530	0.00591	0.00654	0.00382	0.00409	0.00703	0.00946	0.03142	0.13446	0.58299	0.13388	0.01256	0.00550	0.00169	0.00250	0.01123	0.02765	0.00384
9	0.00584	0.00463	0.00511	0.00515	0.00633	0.00414	0.00378	0.00730	0.02910	0.01286	0.16705	0.09093	0.48832	0.10419	0.00729	0.00186	0.00261	0.04557	0.00413	0.00382
10	0.02534	0.04601	0.25662	0.04225	0.10236	0.03364	0.06346	0.17295	0.03938	0.12808	0.01058	0.02997	0.00785	0.00493	0.00453	0.00139	0.01671	0.00407	0.00314	0.00673
11	0.01379	0.02822	0.03186	0.05866	0.09567	0.02439	0.03140	0.24984	0.12161	0.16648	0.03749	0.07439	0.01146	0.00597	0.00471	0.00142	0.01655	0.00497	0.01442	0.00670
12	0.01015	0.00677	0.00715	0.00652	0.00834	0.00737	0.00505	0.05193	0.31563	0.04667	0.04350	0.01694	0.01318	0.00569	0.00386	0.00126	0.00283	0.00465	0.43695	0.00557
13	0.01930	0.10260	0.10387	0.04577	0.04851	0.00863	0.05816	0.01222	0.10197	0.01544	0.32775	0.02173	0.04097	0.02673	0.00546	0.00148	0.03264	0.01796	0.00356	0.00525
14	0.01589	0.01150	0.01251	0.00970	0.01300	0.01259	0.00797	0.68951	0.01986	0.04918	0.10074	0.01341	0.01158	0.00580	0.00457	0.00135	0.00458	0.00450	0.00455	0.00723
15	0.01049	0.01004	0.01711	0.20481	0.64205	0.01048	0.01344	0.01322	0.00991	0.01391	0.00831	0.01126	0.00684	0.00409	0.00444	0.00136	0.00546	0.00398	0.00216	0.00662
16	0.87439	0.00865	0.00657	0.00588	0.00865	0.01003	0.00484	0.01315	0.00761	0.02007	0.00623	0.00727	0.00484	0.00415	0.00277	0.00138	0.00346	0.00242	0.00277	0.00484
17	0.00640	0.00474	0.00693	0.00693	0.00764	0.00545	0.00527	0.00782	0.00711	0.01019	0.01222	0.01888	0.01175	0.12419	0.73520	0.00687	0.01113	0.00498	0.00243	0.00385
18	0.00943	0.00654	0.00785	0.00684	0.00861	0.00657	0.00532	0.14784	0.07546	0.07211	0.54329	0.02720	0.04858	0.00806	0.00503	0.00140	0.00282	0.00694	0.00484	0.00524
19	0.00658	0.00443	0.00514	0.00526	0.00537	0.00443	0.00321	0.00681	0.00693	0.00920	0.01517	0.03165	0.01732	0.74978	0.02091	0.00408	0.00431	0.09368	0.00287	0.00287
20	0.01056	0.01207	0.02640	0.01885	0.02338	0.01131	0.79864	0.01433	0.01056	0.01433	0.00905	0.01207	0.00679	0.00377	0.00528	0.00151	0.00754	0.00528	0.00226	0.00603
21	0.00712	0.00512	0.00709	0.00807	0.00912	0.00509	0.00704	0.00914	0.01029	0.01333	0.02464	0.05013	0.06066	0.01231	0.00614	0.00204	0.00404	0.75040	0.00412	0.00410
22	0.01022	0.02140	0.72897	0.01221	0.01847	0.00996	0.01541	0.01502	0.00982	0.10420	0.00911	0.01009	0.00627	0.00439	0.00428	0.00141	0.00630	0.00344	0.00230	0.00672
23	0.00708	0.00494	0.00658	0.00730	0.00837	0.00474	0.00607	0.00880	0.01018	0.04085	0.05036	0.16562	0.14331	0.01212	0.00589	0.00190	0.00355	0.50402	0.00420	0.00412
24	0.00761	0.00505	0.00614	0.00622	0.00773	0.00455	0.00505	0.00914	0.01055	0.10298	0.06490	0.07357	0.40692	0.01103	0.00550	0.00168	0.00304	0.25967	0.00433	0.00433
25	0.00620	0.00456	0.00574	0.00545	0.00652	0.00417	0.00405	0.00809	0.01206	0.01676	0.67756	0.03446	0.14000	0.04749	0.00608	0.00155	0.00223	0.00819	0.00472	0.00409
26	0.00884	0.00832	0.01362	0.70381	0.02833	0.01013	0.04669	0.01294	0.09838	0.01237	0.00915	0.01247	0.00686	0.00462	0.00452	0.00149	0.00576	0.00415	0.00229	0.00525
27	0.02007	0.00761	0.01038	0.00796	0.01142	0.00657	0.00657	0.02180	0.01280	0.81799	0.01765	0.01523	0.01107	0.00554	0.00450	0.00138	0.00381	0.00450	0.00554	0.00761

[dist]
# distance from previous block
# <min> <max>
0	1

[block]
# block no. 8 follows, 58 sequences, length 18
# corresponding to MSA columns:
# 299-316
name=unknown_I
#
# <colnr> <probs for GDERKNQSTAVLIFYWHMCP>
#	G	D	E	R	K	N	Q	S	T	A	V	L	I	F	Y	W	H	M	C	P
0	0.01049	0.00977	0.01486	0.45605	0.20658	0.03850	0.04454	0.09955	0.04928	0.01446	0.00887	0.01170	0.00680	0.00451	0.00448	0.00143	0.00572	0.00405	0.00246	0.00590
1	0.04108	0.01015	0.01845	0.12930	0.05032	0.01013	0.36906	0.07608	0.01127	0.17164	0.01065	0.01255	0.00768	0.00567	0.03904	0.00170	0.02132	0.00466	0.00305	0.00621
2	0.00786	0.00616	0.00871	0.00974	0.09544	0.00635	0.03187	0.05744	0.00954	0.01284	0.01814	0.24835	0.02006	0.18048	0.00956	0.00231	0.04726	0.22009	0.00348	0.00434
3	0.62751	0.03806	0.00936	0.00822	0.04295	0.13595	0.03118	0.03622	0.00902	0.01818	0.00664	0.00779	0.00525	0.00423	0.00316	0.00134	0.00446	0.00269	0.00268	0.00513
4	0.00669	0.00474	0.00654	0.00657	0.00722	0.00534	0.00492	0.00805	0.00749	0.01108	0.01349	0.08973	0.01328	0.13004	0.51983	0.00540	0.03540	0.00559	0.11475	0.00385
5	0.01147	0.00983	0.01245	0.13757	0.09675	0.01157	0.00918	0.12155	0.35750	0.03389	0.01271	0.01349	0.00973	0.00578	0.00610	0.00154	0.13444	0.00446	0.00352	0.00650
6	0.00577	0.00456	0.00522	0.00519	0.00647	0.00401	0.00393	0.00729	0.01101	0.01419	0.31240	0.06734	0.47020	0.01071	0.00535	0.00152	0.00233	0.05414	0.00442	0.00395
7	0.43758	0.01140	0.17229	0.00825	0.01203	0.00919	0.03254	0.01577	0.00950	0.23832	0.00982	0.01005	0.00679	0.00454	0.00362	0.00139	0.00432	0.00326	0.00334	0.00600
8	0.00897	0.02314	0.81962	0.01275	0.01936	0.01039	0.01653	0.01417	0.00944	0.01417	0.00803	0.00944	0.00567	0.00425	0.00425	0.00142	0.00661	0.00331	0.00189	0.00661
9	0.00647	0.00453	0.00576	0.00545	0.00653	0.00420	0.00409	0.00853	0.01227	0.01758	0.70929	0.03234	0.07206	0.00889	0.00509	0.00138	0.00211	0.00780	0.08145	0.00420
10	0.00928	0.00795	0.00928	0.00663	0.01060	0.00596	0.00530	0.01126	0.00928	0.01458	0.00795	0.00928	0.00663	0.00331	0.00331	0.00066	0.00331	0.00265	0.00265	0.87014
11	0.00529	0.00453	0.00453	0.00453	0.00604	0.00378	0.00340	0.00642	0.01020	0.01208	0.04532	0.04305	0.81307	0.01133	0.00529	0.00151	0.00227	0.00944	0.00415	0.00378
12	0.01292	0.01025	0.01099	0.00923	0.01203	0.01153	0.00736	0.31807	0.43367	0.02225	0.08915	0.01598	0.01400	0.00609	0.00459	0.00144	0.00393	0.00495	0.00456	0.00702
13	0.00651	0.00434	0.00488	0.00488	0.00488	0.00434	0.00271	0.00651	0.00651	0.00867	0.01409	0.02927	0.01626	0.84279	0.02277	0.00434	0.00434	0.00651	0.00271	0.00271
14	0.00627	0.00457	0.00590	0.00556	0.00665	0.00419	0.00417	0.00832	0.01252	0.01760	0.76794	0.03397	0.08701	0.00927	0.00528	0.00141	0.00212	0.00817	0.00488	0.00419
15	0.01196	0.84548	0.02344	0.00765	0.01148	0.01770	0.00765	0.01339	0.00909	0.01052	0.00622	0.00718	0.00574	0.00383	0.00287	0.00096	0.00478	0.00239	0.00191	0.00574
16	0.00845	0.00795	0.01342	0.83204	0.03081	0.00994	0.01242	0.01143	0.00894	0.01143	0.00795	0.01193	0.00596	0.00447	0.00447	0.00149	0.00596	0.00398	0.00199	0.00497
17	0.00610	0.00440	0.00562	0.00578	0.00654	0.00410	0.00415	0.00755	0.01057	0.01449	0.41298	0.24668	0.09008	0.10496	0.00742	0.00189	0.00262	0.05586	0.00437	0.00386

[dist]
# distance from previous block
# <min> <max>
0	1

[block]
# block no. 9 follows, 58 sequences, length 25
# corresponding to MSA columns:
# 318-342
name=unknown_J
#
# <colnr> <probs for GDERKNQSTAVLIFYWHMCP>
#	G	D	E	R	K	N	Q	S	T	A	V	L	I	F	Y	W	H	M	C	P
0	0.00641	0.00472	0.00681	0.00681	0.00747	0.00538	0.00511	0.00774	0.00708	0.01010	0.01233	0.01952	0.01203	0.16802	0.69175	0.00672	0.01071	0.00508	0.00245	0.00378
1	0.87439	0.00865	0.00657	0.00588	0.00865	0.01003	0.00484	0.01315	0.00761	0.02007	0.00623	0.00727	0.00484	0.00415	0.00277	0.00138	0.00346	0.00242	0.00277	0.00484
2	0.01003	0.06798	0.53490	0.01252	0.01807	0.01079	0.11908	0.05696	0.04323	0.03609	0.01039	0.01154	0.03910	0.00462	0.00438	0.00140	0.00616	0.00391	0.00238	0.00647
3	0.01700	0.01253	0.01342	0.01029	0.01387	0.01387	0.00850	0.79997	0.02103	0.02819	0.01074	0.01074	0.00761	0.00537	0.00447	0.00134	0.00492	0.00403	0.00447	0.00761
4	0.01107	0.01063	0.01816	0.02746	0.81489	0.01063	0.01373	0.01373	0.01019	0.01461	0.00841	0.01107	0.00709	0.00399	0.00443	0.00133	0.00531	0.00399	0.00221	0.00709
5	0.00552	0.00395	0.00528	0.00631	0.00661	0.00370	0.00428	0.00636	0.00864	0.01150	0.02461	0.80650	0.02942	0.01394	0.00573	0.00183	0.00266	0.04536	0.00415	0.00365
6	0.84444	0.00879	0.00681	0.00604	0.00883	0.01017	0.00497	0.04064	0.00808	0.02035	0.00639	0.00739	0.00494	0.00419	0.00283	0.00138	0.00351	0.00248	0.00283	0.00494
7	0.59626	0.00839	0.00770	0.00708	0.03024	0.00938	0.00557	0.07749	0.00937	0.05263	0.04648	0.01170	0.00846	0.00660	0.05167	0.00173	0.00411	0.03617	0.00314	0.02582
8	0.05528	0.13177	0.04369	0.05871	0.01462	0.18934	0.04351	0.27902	0.05658	0.03915	0.00911	0.00997	0.00696	0.00490	0.00451	0.00130	0.03856	0.00356	0.00316	0.00629
9	0.00897	0.02314	0.81962	0.01275	0.01936	0.01039	0.01653	0.01417	0.00944	0.01417	0.00803	0.00944	0.00567	0.00425	0.00425	0.00142	0.00661	0.00331	0.00189	0.00661
10	0.00538	0.00455	0.00471	0.00470	0.00616	0.00388	0.00353	0.00657	0.01015	0.01223	0.07330	0.04147	0.74535	0.01230	0.04416	0.00178	0.00272	0.00917	0.00410	0.00380
11	0.00658	0.00462	0.00591	0.00568	0.00673	0.00427	0.00422	0.00838	0.01164	0.03728	0.58619	0.07616	0.11288	0.06077	0.02554	0.00177	0.00262	0.03000	0.00461	0.00414
12	0.13042	0.05170	0.29001	0.03001	0.01782	0.01108	0.24943	0.09321	0.01060	0.01608	0.00888	0.04149	0.00701	0.00462	0.00454	0.00144	0.01892	0.00419	0.00248	0.00608
13	0.00649	0.00459	0.00631	0.00631	0.00679	0.00507	0.00449	0.00737	0.00689	0.00967	0.01257	0.02160	0.01287	0.32261	0.50575	0.04039	0.00892	0.00537	0.00249	0.00345
14	0.03458	0.00572	0.00754	0.00684	0.00867	0.00514	0.00520	0.01338	0.01092	0.35861	0.12182	0.34074	0.04323	0.00943	0.00505	0.00156	0.00307	0.00825	0.00481	0.00545
15	0.01073	0.01019	0.01730	0.02443	0.66528	0.01019	0.05802	0.02985	0.02858	0.01475	0.01008	0.06104	0.00905	0.00486	0.00460	0.00139	0.00520	0.02521	0.00248	0.00675
16	0.74228	0.00929	0.00732	0.00648	0.00925	0.04225	0.00528	0.03629	0.05534	0.04174	0.00740	0.00817	0.00565	0.00436	0.00302	0.00138	0.00370	0.00270	0.00298	0.00514
17	0.00569	0.00411	0.00538	0.00599	0.00652	0.00380	0.00414	0.00685	0.00977	0.01326	0.24491	0.58365	0.06418	0.01255	0.00557	0.00169	0.00245	0.01130	0.00437	0.00380
18	0.00717	0.00427	0.00575	0.00612	0.00662	0.00401	0.00417	0.00755	0.00853	0.07254	0.08542	0.48323	0.02393	0.08441	0.00929	0.16711	0.00304	0.00949	0.00378	0.00358
19	0.02352	0.00855	0.01116	0.10274	0.05556	0.07162	0.06268	0.07677	0.08905	0.05415	0.01176	0.02488	0.00991	0.01700	0.34572	0.00382	0.00817	0.01473	0.00292	0.00529
20	0.00545	0.00389	0.00519	0.00623	0.00649	0.00363	0.00415	0.00623	0.00856	0.01142	0.02465	0.83987	0.02959	0.01401	0.00571	0.00182	0.00260	0.01272	0.00415	0.00363
