[name]
unknown

[dist]
# distance from previous block
# <min> <max>
0	647

[block]
# block no. 0 follows, 57 sequences, length 7
# corresponding to MSA columns:
# 667-673
name=unknown_A
#
# <colnr> <probs for GDERKNQSTAVLIFYWHMCP>
#	G	D	E	R	K	N	Q	S	T	A	V	L	I	F	Y	W	H	M	C	P
0	0.05373	0.05650	0.06267	0.00860	0.05192	0.00767	0.00695	0.05535	0.02968	0.08743	0.03578	0.09167	0.04049	0.00612	0.00422	0.00121	0.00384	0.06924	0.00337	0.32356
1	0.04623	0.05789	0.07407	0.01041	0.03243	0.12512	0.10358	0.07415	0.07945	0.08133	0.01175	0.01243	0.04873	0.00475	0.00415	0.00119	0.00508	0.00392	0.00311	0.22024
2	0.00790	0.00854	0.15591	0.00714	0.00954	0.00578	0.00663	0.04073	0.01081	0.05594	0.17349	0.18582	0.19847	0.00895	0.00493	0.00147	0.00336	0.00767	0.06794	0.03898
3	0.00960	0.00843	0.01059	0.00768	0.01165	0.00673	0.05724	0.01243	0.06063	0.01502	0.00880	0.01006	0.00718	0.00357	0.00357	0.00078	0.00365	0.00302	0.00278	0.75659
4	0.01389	0.04526	0.08346	0.01106	0.07984	0.00837	0.09401	0.04577	0.01138	0.30544	0.01265	0.03351	0.00940	0.00497	0.00435	0.00126	0.00459	0.02455	0.00371	0.20255
5	0.06202	0.04352	0.08941	0.05419	0.21966	0.07522	0.06259	0.12722	0.01198	0.09037	0.02998	0.06457	0.00945	0.00523	0.00442	0.00137	0.00526	0.00450	0.00308	0.03596
6	0.04241	0.00439	0.00562	0.00627	0.00680	0.00424	0.00428	0.00739	0.00878	0.04021	0.06482	0.62662	0.02697	0.07874	0.04802	0.00226	0.00330	0.01101	0.00404	0.00385

[dist]
# distance from previous block
# <min> <max>
3	9

[block]
# block no. 1 follows, 57 sequences, length 21
# corresponding to MSA columns:
# 685-694,696-706
name=unknown_B
#
# <colnr> <probs for GDERKNQSTAVLIFYWHMCP>
#	G	D	E	R	K	N	Q	S	T	A	V	L	I	F	Y	W	H	M	C	P
0	0.00677	0.00500	0.00664	0.00659	0.00711	0.00559	0.00474	0.00803	0.02557	0.01045	0.01433	0.07605	0.03160	0.29578	0.40149	0.00525	0.05159	0.00600	0.02769	0.00371
1	0.00712	0.00457	0.00582	0.00616	0.00706	0.00420	0.00440	0.00818	0.00953	0.08978	0.06647	0.46219	0.18068	0.05196	0.04050	0.00207	0.00319	0.03775	0.00424	0.00412
2	0.01150	0.01094	0.01564	0.08539	0.29722	0.10089	0.12794	0.05016	0.06830	0.05219	0.03633	0.07961	0.03230	0.00558	0.00474	0.00143	0.00547	0.00520	0.00297	0.00621
3	0.00844	0.00688	0.00974	0.30951	0.05282	0.00758	0.00807	0.01201	0.11517	0.04852	0.10064	0.11302	0.14994	0.00753	0.00486	0.00152	0.00406	0.00656	0.02807	0.00507
4	0.13005	0.00832	0.01031	0.00801	0.01144	0.00781	0.00662	0.09421	0.01308	0.63861	0.01572	0.01395	0.01007	0.00541	0.00433	0.00140	0.00392	0.00424	0.00514	0.00735
5	0.01249	0.09269	0.06318	0.08794	0.13354	0.06783	0.10301	0.06414	0.02119	0.16150	0.04353	0.07221	0.04533	0.00574	0.00458	0.00140	0.00516	0.00505	0.00330	0.00618
6	0.00990	0.12666	0.51926	0.01382	0.03883	0.01169	0.17468	0.01444	0.02359	0.01400	0.00830	0.00998	0.00616	0.00418	0.00435	0.00139	0.00656	0.00369	0.00205	0.00648
7	0.00783	0.00702	0.00880	0.00852	0.00892	0.04819	0.00655	0.00889	0.00853	0.01174	0.07325	0.33363	0.01976	0.04686	0.05804	0.00227	0.28138	0.05232	0.00326	0.00424
8	0.01281	0.24342	0.15614	0.06106	0.08822	0.01239	0.07836	0.12518	0.01176	0.12488	0.02275	0.02606	0.00808	0.00473	0.00415	0.00130	0.00533	0.00389	0.00296	0.00653
9	0.03543	0.06419	0.06346	0.05725	0.23441	0.07855	0.13933	0.10328	0.06009	0.06691	0.00961	0.01125	0.00740	0.00466	0.00495	0.00140	0.04439	0.00408	0.00283	0.00655
10	0.00952	0.00822	0.04672	0.45960	0.05745	0.00879	0.01029	0.01208	0.00988	0.09743	0.09711	0.01717	0.07137	0.02124	0.00561	0.00156	0.05285	0.00496	0.00289	0.00527
11	0.01212	0.45055	0.15854	0.02863	0.14081	0.07926	0.01042	0.01445	0.00990	0.04693	0.00756	0.00882	0.00626	0.00413	0.00360	0.00116	0.00550	0.00300	0.00217	0.00621
12	0.00917	0.00762	0.00918	0.02067	0.01067	0.00593	0.01728	0.01120	0.00977	0.02785	0.07172	0.01299	0.04106	0.00424	0.00365	0.00081	0.00331	0.00351	0.02424	0.70514
13	0.00799	0.00652	0.03027	0.00675	0.02189	0.04076	0.00518	0.02313	0.04805	0.06279	0.45115	0.07775	0.18203	0.00912	0.00518	0.00146	0.00286	0.00787	0.00455	0.00471
14	0.00658	0.00473	0.00565	0.00539	0.00672	0.00419	0.00405	0.00827	0.01174	0.05026	0.45451	0.05992	0.34117	0.01011	0.00533	0.00148	0.00229	0.00871	0.00469	0.00423
15	0.01713	0.01002	0.04651	0.00911	0.01243	0.00969	0.00774	0.25285	0.08211	0.40402	0.01468	0.01372	0.00990	0.00565	0.00500	0.00142	0.04553	0.00437	0.04078	0.00734
16	0.00648	0.00483	0.00718	0.00718	0.00795	0.00561	0.00553	0.00802	0.00725	0.01044	0.01223	0.01833	0.01156	0.07023	0.78686	0.00715	0.01179	0.00493	0.00244	0.00399
17	0.00711	0.00436	0.00628	0.00628	0.00664	0.00464	0.00445	0.00683	0.00666	0.00913	0.01153	0.01808	0.03850	0.11207	0.32353	0.41690	0.00704	0.00477	0.00231	0.00291
18	0.01027	0.00524	0.00561	0.00515	0.00666	0.00525	0.00398	0.04678	0.04753	0.10562	0.01512	0.01647	0.01150	0.00536	0.00345	0.00113	0.00250	0.00430	0.69319	0.00490
19	0.01010	0.01181	0.12280	0.36173	0.05699	0.10504	0.07116	0.02996	0.01004	0.03655	0.01041	0.11198	0.00920	0.00576	0.00493	0.00150	0.02712	0.00500	0.00250	0.00543
20	0.00740	0.00557	0.00722	0.03639	0.00873	0.00569	0.00543	0.00816	0.00896	0.01218	0.03298	0.35616	0.08900	0.12778	0.20560	0.00365	0.04296	0.02801	0.00376	0.00438

[dist]
# distance from previous block
# <min> <max>
0	1

[block]
# block no. 2 follows, 57 sequences, length 10
# corresponding to MSA columns:
# 708-717
name=unknown_C
#
# <colnr> <probs for GDERKNQSTAVLIFYWHMCP>
#	G	D	E	R	K	N	Q	S	T	A	V	L	I	F	Y	W	H	M	C	P
0	0.00794	0.00589	0.00825	0.00777	0.00857	0.00695	0.00603	0.07152	0.00814	0.01156	0.01075	0.01609	0.01006	0.04903	0.52084	0.13801	0.10142	0.00460	0.00249	0.00409
1	0.01567	0.00707	0.00906	0.00731	0.01006	0.00642	0.00587	0.05772	0.03721	0.50902	0.11797	0.02099	0.09467	0.04369	0.00551	0.00154	0.00350	0.00558	0.03459	0.00654
2	0.00894	0.00533	0.00686	0.00661	0.00794	0.00508	0.00512	0.04522	0.01161	0.12417	0.30738	0.17502	0.02847	0.03729	0.00583	0.00167	0.00298	0.13258	0.07718	0.00471
3	0.01200	0.01555	0.15316	0.01569	0.06301	0.17655	0.35829	0.07871	0.01169	0.01480	0.00945	0.05206	0.00771	0.00474	0.00482	0.00143	0.00700	0.00472	0.00251	0.00610
4	0.01064	0.00993	0.01586	0.06613	0.16365	0.03203	0.21809	0.07399	0.12212	0.02781	0.05865	0.10716	0.01271	0.00607	0.00526	0.00150	0.03424	0.00576	0.02232	0.00605
5	0.39055	0.00723	0.00711	0.00618	0.00874	0.00738	0.00498	0.01383	0.00980	0.23272	0.01906	0.05085	0.18286	0.00660	0.00396	0.00144	0.00326	0.00504	0.03305	0.00536
6	0.00584	0.00432	0.00552	0.00628	0.00697	0.00400	0.00458	0.00699	0.00953	0.01240	0.07279	0.50529	0.18245	0.01311	0.00576	0.00180	0.00280	0.14151	0.00424	0.00382
7	0.05491	0.03197	0.06261	0.07857	0.29943	0.04970	0.01076	0.12353	0.06422	0.10716	0.01014	0.01146	0.00770	0.00479	0.00479	0.00138	0.04184	0.00392	0.00308	0.02803
8	0.00795	0.00694	0.00949	0.07591	0.16912	0.03480	0.02847	0.00966	0.01012	0.03401	0.04960	0.19413	0.27961	0.00924	0.00515	0.00155	0.00377	0.04595	0.00356	0.02099
9	0.26038	0.22221	0.03114	0.02469	0.06550	0.02994	0.06262	0.06745	0.04766	0.03623	0.04821	0.01044	0.00827	0.00451	0.00362	0.00125	0.00451	0.00340	0.00284	0.06514

[dist]
# distance from previous block
# <min> <max>
2	8

[block]
# block no. 3 follows, 57 sequences, length 17
# corresponding to MSA columns:
# 726-742
name=unknown_D
#
# <colnr> <probs for GDERKNQSTAVLIFYWHMCP>
#	G	D	E	R	K	N	Q	S	T	A	V	L	I	F	Y	W	H	M	C	P
0	0.01359	0.21705	0.03607	0.00999	0.01336	0.08366	0.05218	0.26077	0.20862	0.01884	0.03454	0.01195	0.00951	0.00516	0.00418	0.00130	0.00499	0.00400	0.00355	0.00668
1	0.04044	0.10684	0.03570	0.01235	0.20375	0.00940	0.00826	0.06107	0.03647	0.03625	0.01056	0.01240	0.03926	0.00446	0.00388	0.00107	0.00421	0.02272	0.00282	0.34807
2	0.02407	0.14624	0.49392	0.04206	0.02957	0.01166	0.01322	0.04685	0.08520	0.01482	0.00891	0.01004	0.00666	0.00442	0.00407	0.00134	0.00580	0.00340	0.00234	0.04542
3	0.03214	0.04269	0.06746	0.00772	0.01036	0.03656	0.00666	0.11545	0.14214	0.12729	0.07309	0.02016	0.11344	0.00661	0.00440	0.00138	0.00374	0.03155	0.15129	0.00588
4	0.01062	0.00989	0.04096	0.16414	0.17939	0.07961	0.02361	0.03627	0.12882	0.05996	0.04615	0.12068	0.01335	0.03367	0.00536	0.00159	0.00491	0.03195	0.00325	0.00581
5	0.03794	0.05301	0.09350	0.01406	0.18930	0.10675	0.06582	0.11316	0.03904	0.11159	0.02879	0.07944	0.03617	0.00573	0.00453	0.00139	0.00524	0.00489	0.00328	0.00637
6	0.00686	0.00455	0.00570	0.00578	0.00625	0.00456	0.00383	0.00753	0.00780	0.04310	0.04755	0.17839	0.06026	0.42296	0.17115	0.00409	0.00534	0.00756	0.00323	0.00349
7	0.00710	0.00525	0.00636	0.00677	0.00767	0.00528	0.00478	0.01031	0.16346	0.03564	0.05683	0.55820	0.07369	0.02878	0.00583	0.00179	0.00284	0.01062	0.00433	0.00448
8	0.02521	0.00776	0.00848	0.04291	0.03627	0.06446	0.00647	0.10152	0.10374	0.01561	0.09377	0.13679	0.11815	0.05246	0.00610	0.00176	0.00394	0.15451	0.01511	0.00498
9	0.05788	0.04066	0.09256	0.03412	0.16084	0.06444	0.03170	0.18586	0.13052	0.10310	0.01150	0.03043	0.00877	0.00521	0.00460	0.00140	0.02192	0.00422	0.00347	0.00680
10	0.00588	0.00499	0.03613	0.00734	0.04017	0.00424	0.00503	0.00693	0.00887	0.01184	0.02491	0.72592	0.07425	0.01325	0.00565	0.00179	0.00287	0.01197	0.00404	0.00395
11	0.00667	0.00482	0.00653	0.00745	0.00833	0.00469	0.00612	0.00835	0.01004	0.01308	0.04914	0.25182	0.08910	0.01277	0.00604	0.00196	0.00357	0.50129	0.00421	0.00402
12	0.06194	0.53597	0.05584	0.00936	0.04621	0.12122	0.00835	0.04163	0.01031	0.06219	0.00745	0.00829	0.00622	0.00419	0.00334	0.00110	0.00525	0.00279	0.00237	0.00597
13	0.04426	0.10358	0.01524	0.05159	0.14571	0.00960	0.16313	0.05059	0.00977	0.04032	0.03694	0.04502	0.03693	0.00879	0.05709	0.14462	0.02419	0.00476	0.00265	0.00522
14	0.00670	0.00443	0.00584	0.00660	0.00717	0.00419	0.00458	0.00803	0.03748	0.06095	0.02427	0.72721	0.02810	0.01332	0.00569	0.00181	0.00280	0.04246	0.00430	0.00407
15	0.00909	0.02344	0.81727	0.01292	0.01961	0.01052	0.01674	0.01435	0.00957	0.01435	0.00813	0.00957	0.00574	0.00431	0.00431	0.00144	0.00670	0.00335	0.00191	0.00670
16	0.04643	0.04026	0.06249	0.04214	0.21135	0.09083	0.12011	0.04315	0.04653	0.11832	0.01191	0.03467	0.03476	0.00539	0.00513	0.00144	0.05068	0.02510	0.00302	0.00629

[dist]
# distance from previous block
# <min> <max>
10	32

[block]
# block no. 4 follows, 57 sequences, length 20
# corresponding to MSA columns:
# 791-810
name=unknown_E
#
# <colnr> <probs for GDERKNQSTAVLIFYWHMCP>
#	G	D	E	R	K	N	Q	S	T	A	V	L	I	F	Y	W	H	M	C	P
0	0.35761	0.11165	0.01094	0.00742	0.01073	0.01033	0.00628	0.11298	0.01128	0.26623	0.01054	0.01037	0.00740	0.00471	0.00360	0.00131	0.00396	0.00331	0.00377	0.04558
1	0.01108	0.01046	0.01653	0.01437	0.10225	0.09124	0.30203	0.03343	0.02324	0.07809	0.01360	0.12871	0.04181	0.00776	0.05104	0.00182	0.03356	0.00597	0.02732	0.00569
2	0.01562	0.00953	0.07091	0.00832	0.01141	0.07705	0.00712	0.03764	0.01217	0.46461	0.05847	0.10624	0.04135	0.00678	0.00468	0.00142	0.00418	0.01809	0.00465	0.03976
3	0.00775	0.00674	0.00953	0.00875	0.00926	0.00852	0.00700	0.00917	0.00819	0.01206	0.14892	0.06484	0.01576	0.01838	0.31846	0.00388	0.33002	0.00555	0.00280	0.00442
4	0.00734	0.00478	0.00598	0.00581	0.00705	0.00432	0.00436	0.00901	0.01143	0.08452	0.39381	0.16456	0.20251	0.01021	0.00531	0.00152	0.00247	0.03645	0.03418	0.00437
5	0.00896	0.07976	0.62867	0.01175	0.01721	0.01047	0.01436	0.01325	0.00927	0.01357	0.00948	0.08123	0.00802	0.00619	0.02963	0.00164	0.04400	0.00418	0.00213	0.00621
6	0.11591	0.03652	0.07315	0.09680	0.01723	0.26331	0.15945	0.11086	0.05673	0.01569	0.00862	0.01015	0.00662	0.00457	0.00429	0.00136	0.00646	0.00373	0.00270	0.00588
7	0.00752	0.00496	0.00659	0.00616	0.00679	0.00502	0.03206	0.00823	0.00764	0.05535	0.05143	0.02550	0.02800	0.50388	0.19209	0.02118	0.00595	0.00607	0.02203	0.00353
8	0.06178	0.00799	0.01029	0.00809	0.01145	0.00735	0.00663	0.02187	0.10107	0.68705	0.01736	0.01519	0.01119	0.00560	0.00448	0.00142	0.00381	0.00452	0.00536	0.00751
9	0.00745	0.00603	0.00925	0.03787	0.01054	0.00602	0.10458	0.07124	0.01006	0.01347	0.03102	0.47659	0.04084	0.01330	0.07620	0.00223	0.00450	0.07061	0.00377	0.00444
10	0.01153	0.05677	0.16038	0.07801	0.36081	0.07017	0.06999	0.04738	0.05502	0.03360	0.00911	0.01103	0.00714	0.00436	0.00442	0.00137	0.00585	0.00392	0.00247	0.00668
11	0.00692	0.00539	0.00644	0.00670	0.00780	0.00541	0.00496	0.01044	0.16447	0.01436	0.15415	0.35620	0.14720	0.01127	0.00546	0.00169	0.00282	0.07939	0.00441	0.00452
12	0.00650	0.00435	0.00497	0.00506	0.00509	0.00433	0.00287	0.00656	0.00677	0.00903	0.01522	0.10092	0.01766	0.76786	0.02154	0.00417	0.00424	0.00714	0.00287	0.00283
13	0.10090	0.16177	0.10094	0.00832	0.01104	0.10084	0.00742	0.08263	0.01091	0.06960	0.05535	0.20529	0.02695	0.01877	0.00462	0.00146	0.00451	0.01998	0.00333	0.00537
14	0.02387	0.00829	0.01171	0.28096	0.09914	0.02992	0.00929	0.11714	0.01035	0.04472	0.00987	0.01388	0.00825	0.02650	0.16884	0.07442	0.03898	0.01601	0.00266	0.00521
15	0.04957	0.00745	0.00984	0.00766	0.01092	0.00657	0.00630	0.02078	0.01248	0.71836	0.01720	0.01526	0.01103	0.00553	0.00437	0.00137	0.00369	0.00445	0.07985	0.00731
16	0.01080	0.57373	0.13963	0.00896	0.01287	0.01479	0.04949	0.01290	0.00922	0.01148	0.00856	0.08004	0.00816	0.00599	0.03506	0.00139	0.00535	0.00371	0.00217	0.00571
17	0.02264	0.01386	0.13219	0.16113	0.25625	0.14317	0.06257	0.04229	0.07117	0.03790	0.00926	0.01119	0.00714	0.00451	0.00445	0.00139	0.00607	0.00392	0.00254	0.00635
18	0.01115	0.02905	0.26361	0.04320	0.01649	0.04279	0.15719	0.01592	0.11619	0.11907	0.10846	0.01490	0.01238	0.00527	0.00465	0.00144	0.00544	0.00471	0.02180	0.00630
19	0.01054	0.53426	0.01818	0.00783	0.01084	0.01354	0.03488	0.04754	0.01012	0.01247	0.06835	0.11017	0.05401	0.00635	0.00387	0.00122	0.00434	0.04333	0.00278	0.00537

[dist]
# distance from previous block
# <min> <max>
0	4

[block]
# block no. 5 follows, 57 sequences, length 28
# corresponding to MSA columns:
# 815-831,833-843
name=unknown_F
#
# <colnr> <probs for GDERKNQSTAVLIFYWHMCP>
#	G	D	E	R	K	N	Q	S	T	A	V	L	I	F	Y	W	H	M	C	P
0	0.00948	0.00913	0.02790	0.56549	0.07346	0.02710	0.06063	0.07590	0.01043	0.01343	0.01145	0.01438	0.07189	0.00510	0.00463	0.00148	0.00577	0.00453	0.00243	0.00538
1	0.01710	0.02784	0.04990	0.01069	0.05369	0.06154	0.06598	0.15340	0.03315	0.43335	0.03696	0.01386	0.01035	0.00533	0.00456	0.00138	0.00478	0.00442	0.00451	0.00721
2	0.36730	0.03185	0.04113	0.04553	0.07790	0.14066	0.02184	0.09863	0.01103	0.11273	0.00866	0.00951	0.00643	0.00457	0.00372	0.00135	0.00494	0.00323	0.00310	0.00589
3	0.01080	0.04359	0.03459	0.19621	0.20800	0.16611	0.10376	0.01322	0.01054	0.01305	0.05186	0.06430	0.02649	0.00557	0.00466	0.00142	0.00590	0.03173	0.00256	0.00561
4	0.00964	0.00627	0.00847	0.00715	0.00866	0.00603	0.06897	0.04793	0.03517	0.12689	0.13119	0.02437	0.02990	0.38391	0.02766	0.00284	0.00426	0.00606	0.02282	0.04181
5	0.15052	0.12033	0.01378	0.00999	0.01280	0.14906	0.07195	0.07686	0.21533	0.05089	0.01060	0.01117	0.00821	0.00517	0.00492	0.00140	0.07390	0.00379	0.00322	0.00610
6	0.01077	0.00994	0.01608	0.13701	0.48065	0.01011	0.04790	0.07694	0.01091	0.01525	0.01025	0.04692	0.02752	0.00477	0.00452	0.00135	0.00519	0.00450	0.00257	0.07686
7	0.05979	0.01511	0.04967	0.01293	0.06081	0.32344	0.15382	0.04318	0.04943	0.15599	0.01007	0.01093	0.00745	0.00477	0.00463	0.00135	0.02349	0.00388	0.00308	0.00617
8	0.00879	0.00718	0.00812	0.00777	0.00950	0.00781	0.00598	0.01610	0.41304	0.01697	0.19359	0.13745	0.05913	0.00876	0.00512	0.00161	0.00314	0.07975	0.00458	0.00563
9	0.01223	0.00620	0.00780	0.00665	0.00891	0.00557	0.00525	0.01459	0.06033	0.34883	0.23156	0.04765	0.20907	0.00820	0.00499	0.00146	0.00299	0.00693	0.00502	0.00576
10	0.01194	0.11250	0.01759	0.07285	0.42662	0.04260	0.06068	0.07792	0.01113	0.04946	0.00959	0.03557	0.00817	0.00481	0.00461	0.00136	0.02077	0.02262	0.00263	0.00658
11	0.01363	0.00964	0.01227	0.05119	0.15770	0.01027	0.00871	0.16652	0.26548	0.17154	0.01506	0.04687	0.01164	0.00598	0.00466	0.00147	0.00433	0.03180	0.00421	0.00704
12	0.00664	0.00447	0.00520	0.00529	0.00540	0.00450	0.00320	0.00686	0.00692	0.00923	0.01501	0.03107	0.01711	0.74986	0.04468	0.00429	0.00460	0.06992	0.00285	0.00290
13	0.00762	0.08214	0.01094	0.00977	0.07512	0.00743	0.06784	0.00934	0.00834	0.01157	0.03839	0.13740	0.01390	0.03728	0.44240	0.00464	0.02273	0.00591	0.00270	0.00457
14	0.01594	0.00862	0.01056	0.00894	0.03160	0.00866	0.00699	0.09305	0.25415	0.41665	0.08075	0.01683	0.01412	0.00601	0.00463	0.00144	0.00378	0.00496	0.00507	0.00726
15	0.01909	0.00868	0.01099	0.00854	0.01198	0.00822	0.00702	0.14668	0.07899	0.62419	0.01680	0.01482	0.01087	0.00563	0.00456	0.00141	0.00402	0.00453	0.00535	0.00767
16	0.20891	0.00945	0.01049	0.00842	0.01151	0.00992	0.01898	0.30170	0.01445	0.25181	0.03248	0.07957	0.01075	0.00600	0.00429	0.00143	0.00411	0.00469	0.00440	0.00664
17	0.00904	0.00844	0.00905	0.00837	0.01009	0.10438	0.05843	0.01325	0.20057	0.01418	0.04504	0.15839	0.17385	0.02167	0.00560	0.00162	0.02579	0.08265	0.04457	0.00501
18	0.00608	0.00423	0.00504	0.00546	0.00567	0.00407	0.00338	0.00647	0.00769	0.01014	0.02084	0.35092	0.08020	0.45225	0.01491	0.00317	0.00354	0.00930	0.00343	0.00320
19	0.00615	0.00439	0.00549	0.00592	0.00636	0.00432	0.00403	0.00690	0.00809	0.01068	0.02183	0.29428	0.10987	0.31164	0.11297	0.00341	0.00452	0.07224	0.00346	0.00345
20	0.01153	0.40190	0.26726	0.01053	0.01513	0.03250	0.06129	0.07834	0.03800	0.01381	0.00785	0.00901	0.00630	0.00433	0.00400	0.00123	0.02528	0.00317	0.00227	0.00628
21	0.00696	0.00474	0.00601	0.00601	0.00709	0.00437	0.00443	0.00880	0.02955	0.06230	0.39260	0.26607	0.14254	0.01079	0.00543	0.00158	0.00249	0.02927	0.00466	0.00431
22	0.00592	0.00427	0.00545	0.00619	0.00675	0.00402	0.00432	0.00726	0.02839	0.01274	0.10597	0.61017	0.09261	0.01289	0.00560	0.00175	0.00262	0.04412	0.03508	0.00388
23	0.03631	0.03022	0.07781	0.07776	0.03480	0.15759	0.15284	0.15099	0.11962	0.10076	0.01092	0.01176	0.00800	0.00486	0.00452	0.00139	0.00592	0.00415	0.00330	0.00649
24	0.04207	0.00838	0.03078	0.00953	0.01189	0.01581	0.16175	0.05608	0.15402	0.01653	0.19625	0.07766	0.12872	0.00753	0.00533	0.00151	0.03270	0.00670	0.03141	0.00536
25	0.00677	0.00430	0.00518	0.00521	0.00527	0.00427	0.00309	0.00653	0.00680	0.00911	0.04410	0.06504	0.01653	0.61786	0.02058	0.16331	0.00414	0.00646	0.00276	0.00271
26	0.58994	0.03165	0.03508	0.04450	0.09287	0.02681	0.00693	0.04013	0.04634	0.01883	0.00745	0.00866	0.00582	0.00432	0.00328	0.00137	0.00409	0.00291	0.00279	0.02622
27	0.07064	0.07994	0.38747	0.02767	0.03524	0.04917	0.02840	0.07818	0.02645	0.03181	0.01701	0.00995	0.00670	0.00449	0.00439	0.00131	0.03206	0.00339	0.00248	0.10326

[dist]
# distance from previous block
# <min> <max>
0	19

[block]
# block no. 6 follows, 57 sequences, length 22
# corresponding to MSA columns:
# 864-876,879-887
name=unknown_G
#
# <colnr> <probs for GDERKNQSTAVLIFYWHMCP>
#	G	D	E	R	K	N	Q	S	T	A	V	L	I	F	Y	W	H	M	C	P
0	0.00692	0.00504	0.00681	0.00670	0.00772	0.00458	0.03685	0.00800	0.00895	0.03688	0.05933	0.44258	0.05201	0.15655	0.00848	0.00211	0.00330	0.04630	0.00379	0.09712
1	0.02666	0.27512	0.07825	0.00942	0.01300	0.01279	0.05987	0.14326	0.16437	0.05228	0.01044	0.01113	0.00814	0.00540	0.00481	0.05624	0.00474	0.00369	0.00312	0.05727
2	0.01099	0.19815	0.26893	0.01137	0.08680	0.01091	0.03489	0.03510	0.01015	0.06703	0.02161	0.01007	0.00717	0.00415	0.00386	0.00114	0.00511	0.00329	0.00250	0.20677
3	0.01001	0.19595	0.42700	0.01234	0.06351	0.03284	0.06244	0.03107	0.00988	0.01357	0.00957	0.08481	0.00840	0.00520	0.00424	0.00137	0.00588	0.01349	0.00227	0.00618
4	0.00945	0.00821	0.00760	0.00739	0.00889	0.14508	0.00552	0.01219	0.10973	0.06964	0.12197	0.24159	0.16092	0.00960	0.00510	0.00155	0.00372	0.04481	0.02223	0.00480
5	0.02922	0.02258	0.18384	0.02157	0.10230	0.00877	0.12772	0.06257	0.04693	0.05841	0.08887	0.11171	0.07426	0.00685	0.00489	0.00151	0.00488	0.03395	0.00331	0.00586
6	0.02309	0.01251	0.15115	0.02767	0.12252	0.01013	0.32191	0.03978	0.01084	0.12513	0.01163	0.03992	0.02535	0.00508	0.00524	0.00150	0.03429	0.02300	0.00289	0.00638
7	0.01192	0.01154	0.01675	0.04010	0.47162	0.09350	0.06822	0.02398	0.06060	0.04726	0.00949	0.02632	0.00788	0.00487	0.00555	0.00143	0.08555	0.00426	0.00258	0.00661
8	0.00752	0.00716	0.01167	0.28805	0.03878	0.00749	0.13004	0.00973	0.00976	0.01236	0.02399	0.08887	0.31542	0.00788	0.00526	0.00155	0.01967	0.00704	0.00307	0.00469
9	0.01078	0.01042	0.01805	0.15055	0.65506	0.01069	0.05085	0.01358	0.01014	0.01429	0.00848	0.01140	0.00699	0.00410	0.00453	0.00138	0.00559	0.00410	0.00221	0.00680
10	0.00638	0.00478	0.00679	0.00679	0.00757	0.00536	0.00515	0.00779	0.00748	0.01049	0.01543	0.02142	0.08425	0.11903	0.66247	0.00645	0.01041	0.00547	0.00262	0.00389
11	0.05379	0.00784	0.01015	0.00802	0.01121	0.00717	0.00653	0.08725	0.01308	0.64214	0.01744	0.08915	0.01235	0.00631	0.00459	0.00144	0.00383	0.00518	0.00527	0.00723
12	0.01110	0.00981	0.01685	0.17842	0.49576	0.01002	0.07498	0.01382	0.01038	0.07646	0.03173	0.01319	0.02791	0.00456	0.00461	0.00140	0.00541	0.00443	0.00259	0.00656
13	0.00756	0.00412	0.00610	0.00610	0.00624	0.00427	0.00418	0.00633	0.00618	0.00839	0.00897	0.01534	0.00894	0.06316	0.16037	0.66966	0.00541	0.00424	0.00209	0.00238
14	0.01170	0.01205	0.01811	0.05002	0.58185	0.10723	0.08386	0.01424	0.01044	0.01404	0.00826	0.01091	0.00689	0.00430	0.00503	0.00138	0.04674	0.00402	0.00224	0.00667
15	0.01770	0.00723	0.00961	0.00769	0.01068	0.00644	0.00622	0.03652	0.02822	0.64300	0.03436	0.09027	0.01356	0.00645	0.00460	0.00142	0.00362	0.00536	0.06000	0.00704
16	0.03909	0.00787	0.00959	0.00793	0.01067	0.00776	0.00634	0.09698	0.15674	0.38894	0.13664	0.06552	0.03199	0.00680	0.00472	0.00145	0.00355	0.00567	0.00504	0.00672
17	0.00854	0.14947	0.08031	0.22059	0.01589	0.00950	0.00893	0.03269	0.00885	0.01184	0.01047	0.01576	0.00939	0.01660	0.32859	0.00373	0.00816	0.05338	0.00236	0.00494
18	0.04696	0.00502	0.00515	0.00521	0.00667	0.00458	0.00387	0.00791	0.06032	0.01295	0.03909	0.16145	0.60263	0.01121	0.00525	0.00157	0.00249	0.00945	0.00417	0.00407
19	0.01061	0.01983	0.01102	0.16709	0.01421	0.02824	0.00815	0.04727	0.03660	0.12753	0.04857	0.14301	0.03466	0.04203	0.00842	0.00177	0.23657	0.00589	0.00329	0.00523
20	0.04058	0.03031	0.01609	0.15070	0.45523	0.14825	0.01204	0.06695	0.01117	0.01468	0.00823	0.01060	0.00670	0.00432	0.00434	0.00134	0.00586	0.00376	0.00239	0.00644
21	0.09263	0.00638	0.00758	0.00630	0.00873	0.00598	0.00507	0.01656	0.01107	0.41588	0.01556	0.01530	0.01081	0.00535	0.00383	0.00126	0.00311	0.00423	0.35836	0.00603

[dist]
# distance from previous block
# <min> <max>
0	1

[block]
# block no. 7 follows, 57 sequences, length 8
# corresponding to MSA columns:
# 905-912
name=unknown_H
#
# <colnr> <probs for GDERKNQSTAVLIFYWHMCP>
#	G	D	E	R	K	N	Q	S	T	A	V	L	I	F	Y	W	H	M	C	P
0	0.00582	0.00457	0.00613	0.00644	0.00731	0.00419	0.03665	0.00695	0.00937	0.01214	0.05701	0.49683	0.24618	0.01352	0.03627	0.00194	0.00313	0.03760	0.00409	0.00387
1	0.01046	0.00977	0.01723	0.27727	0.39374	0.01022	0.12259	0.01332	0.01008	0.04629	0.01022	0.01299	0.03643	0.00450	0.00466	0.00143	0.00573	0.00444	0.00239	0.00625
2	0.01169	0.08572	0.30644	0.05506	0.06327	0.17797	0.01138	0.05210	0.01141	0.05701	0.11442	0.01290	0.01115	0.00512	0.00433	0.00133	0.00590	0.00400	0.00276	0.00605
3	0.66396	0.00993	0.00886	0.00908	0.10089	0.04973	0.00642	0.07731	0.00936	0.01992	0.00697	0.00812	0.00544	0.00431	0.00320	0.00138	0.00406	0.00279	0.00286	0.00541
4	0.01073	0.11034	0.30496	0.15923	0.05101	0.10658	0.01194	0.01498	0.08588	0.03864	0.04053	0.01215	0.02421	0.00488	0.00427	0.00137	0.00584	0.00386	0.00253	0.00607
5	0.01140	0.11523	0.10592	0.01192	0.09668	0.01112	0.08384	0.08184	0.25572	0.05690	0.08899	0.01557	0.03386	0.00556	0.00450	0.00140	0.00463	0.00479	0.00357	0.00656
6	0.00933	0.07559	0.01016	0.00696	0.01042	0.00717	0.00558	0.01206	0.07528	0.01442	0.01070	0.10410	0.00988	0.00486	0.00370	0.00090	0.00341	0.00403	0.00296	0.62849
7	0.01242	0.04747	0.05836	0.01119	0.05160	0.26941	0.07501	0.07944	0.05167	0.04434	0.06070	0.05785	0.09640	0.00647	0.00504	0.00140	0.03959	0.02285	0.00318	0.00559

[dist]
# distance from previous block
# <min> <max>
0	1

[block]
# block no. 8 follows, 57 sequences, length 7
# corresponding to MSA columns:
# 914-920
name=unknown_I
#
# <colnr> <probs for GDERKNQSTAVLIFYWHMCP>
#	G	D	E	R	K	N	Q	S	T	A	V	L	I	F	Y	W	H	M	C	P
0	0.01217	0.01127	0.13778	0.00866	0.01275	0.00857	0.00799	0.16590	0.05408	0.11613	0.04788	0.01199	0.00936	0.00461	0.00404	0.00110	0.00422	0.00368	0.00349	0.37434
1	0.47650	0.01230	0.07530	0.00775	0.01074	0.18298	0.00668	0.01452	0.00940	0.05251	0.00784	0.00888	0.00604	0.00442	0.00333	0.00130	0.00467	0.00286	0.06745	0.04452
2	0.00999	0.03778	0.00987	0.00713	0.01057	0.00720	0.00571	0.11556	0.01117	0.01645	0.06989	0.08004	0.01144	0.00499	0.00385	0.00093	0.00347	0.00412	0.00320	0.58662
3	0.00984	0.01091	0.18393	0.05347	0.07982	0.00775	0.02966	0.06209	0.01106	0.07977	0.10370	0.06022	0.08653	0.00644	0.00462	0.00136	0.00442	0.04689	0.00334	0.15418
4	0.22896	0.02787	0.03142	0.02664	0.09749	0.00817	0.02781	0.04232	0.01058	0.13022	0.13221	0.05435	0.02831	0.00593	0.00418	0.00135	0.00383	0.02757	0.00358	0.10723
5	0.09487	0.11043	0.24797	0.01017	0.03716	0.03259	0.03000	0.06920	0.09265	0.05249	0.05751	0.02750	0.03316	0.00547	0.00422	0.00137	0.00490	0.03382	0.00307	0.05144
6	0.03708	0.12695	0.22336	0.02958	0.03746	0.04340	0.17251	0.05035	0.03216	0.07134	0.01045	0.07913	0.00875	0.00523	0.00467	0.00140	0.02567	0.00458	0.00272	0.03319

[dist]
# distance from previous block
# <min> <max>
46	318

[block]
# block no. 9 follows, 57 sequences, length 44
# corresponding to MSA columns:
# 1378-1399,1403-1424
name=unknown_J
#
# <colnr> <probs for GDERKNQSTAVLIFYWHMCP>
#	G	D	E	R	K	N	Q	S	T	A	V	L	I	F	Y	W	H	M	C	P
0	0.22480	0.09653	0.08762	0.00995	0.04091	0.09779	0.05316	0.16193	0.02214	0.03745	0.00904	0.02194	0.00736	0.02476	0.01591	0.00146	0.00516	0.01690	0.00298	0.06222
1	0.10974	0.02772	0.04475	0.00787	0.02784	0.05598	0.02345	0.05108	0.02662	0.05592	0.16030	0.04990	0.11539	0.04200	0.15530	0.00258	0.00537	0.00575	0.00351	0.02893
2	0.14148	0.01160	0.10202	0.06420	0.05055	0.07457	0.14550	0.07519	0.04967	0.04388	0.04710	0.10571	0.01115	0.00583	0.00461	0.00145	0.01555	0.00508	0.00982	0.03503
3	0.00756	0.00703	0.04357	0.00722	0.00901	0.03100	0.02393	0.02262	0.09137	0.01398	0.10095	0.35889	0.12151	0.00985	0.00507	0.00151	0.00325	0.00868	0.00391	0.12911
4	0.06446	0.10557	0.02330	0.07540	0.03988	0.03678	0.00803	0.18922	0.26711	0.06935	0.02720	0.01365	0.02947	0.00543	0.00426	0.00137	0.00443	0.00428	0.00380	0.02700
5	0.04071	0.10841	0.03461	0.02669	0.01118	0.02841	0.02633	0.03891	0.08835	0.07240	0.06311	0.13610	0.01376	0.02676	0.00494	0.00133	0.02391	0.01599	0.00338	0.23470
6	0.04788	0.22460	0.26808	0.03076	0.11127	0.02972	0.01976	0.03887	0.01027	0.06868	0.04746	0.01198	0.03726	0.00490	0.00435	0.00132	0.03031	0.00377	0.00258	0.00621
7	0.05035	0.27049	0.07055	0.01324	0.14451	0.03254	0.12609	0.06725	0.06934	0.04251	0.04259	0.03282	0.00921	0.00478	0.00411	0.00129	0.00520	0.00409	0.00277	0.00626
8	0.00689	0.00605	0.04294	0.04206	0.03690	0.00540	0.00564	0.02695	0.00970	0.01270	0.10930	0.03220	0.28223	0.12687	0.11225	0.03771	0.00462	0.09199	0.00351	0.00411
9	0.08456	0.02978	0.08200	0.02138	0.01248	0.04702	0.05125	0.03480	0.06995	0.25524	0.01555	0.06170	0.04183	0.00664	0.00513	0.00150	0.04764	0.08545	0.00388	0.04220
10	0.02679	0.01340	0.18214	0.06526	0.26397	0.04315	0.13157	0.04365	0.05610	0.09552	0.01037	0.02984	0.00798	0.00467	0.00458	0.00142	0.00579	0.00433	0.00278	0.00667
11	0.01791	0.00751	0.00993	0.00781	0.01089	0.00675	0.00634	0.05472	0.03115	0.64268	0.10199	0.01783	0.01471	0.04159	0.00543	0.00153	0.00374	0.00502	0.00535	0.00712
12	0.01033	0.04921	0.07541	0.05088	0.02061	0.01141	0.51754	0.02478	0.03669	0.01412	0.00998	0.03618	0.00825	0.00496	0.00598	0.00156	0.07912	0.03463	0.00245	0.00591
13	0.01092	0.01047	0.01786	0.11668	0.72592	0.01069	0.01376	0.01365	0.01018	0.01445	0.00847	0.01131	0.00705	0.00409	0.00449	0.00136	0.00546	0.00404	0.00222	0.00694
14	0.00913	0.04046	0.00976	0.00834	0.00911	0.00843	0.00655	0.01020	0.00786	0.09307	0.01217	0.09749	0.01211	0.15532	0.23682	0.00374	0.26657	0.00553	0.00282	0.00453
15	0.01347	0.00619	0.00747	0.00630	0.00856	0.00577	0.00502	0.03407	0.04701	0.35391	0.05245	0.01892	0.07456	0.00611	0.00411	0.00128	0.00300	0.00498	0.34094	0.00588
16	0.01043	0.00997	0.01697	0.26473	0.58171	0.01056	0.01352	0.01322	0.00995	0.01385	0.00838	0.01147	0.00684	0.00418	0.00450	0.00139	0.00558	0.00403	0.00218	0.00654
17	0.00772	0.00513	0.00667	0.00644	0.00698	0.00559	0.00454	0.04158	0.04305	0.01071	0.01181	0.01967	0.01176	0.26428	0.24500	0.23516	0.02795	0.00505	0.03747	0.00343
18	0.02027	0.00782	0.01058	0.00811	0.01162	0.00682	0.00670	0.03841	0.01315	0.79905	0.01773	0.01533	0.01114	0.00560	0.00456	0.00140	0.00388	0.00455	0.00559	0.00771
19	0.13814	0.00700	0.01952	0.00672	0.00862	0.02620	0.02957	0.05956	0.06890	0.01644	0.21538	0.09549	0.26166	0.00881	0.00487	0.00150	0.00313	0.01967	0.00409	0.00473
20	0.10451	0.01226	0.01259	0.00990	0.01332	0.03320	0.00812	0.63386	0.08450	0.02649	0.01094	0.01095	0.00788	0.00535	0.00435	0.00137	0.00480	0.00397	0.00431	0.00731
21	0.01992	0.00837	0.01092	0.00837	0.01190	0.00764	0.00692	0.12454	0.01407	0.71161	0.01695	0.01482	0.01075	0.00559	0.00455	0.00140	0.00401	0.00449	0.00547	0.00771
22	0.00766	0.00523	0.00658	0.00696	0.00781	0.00514	0.00496	0.10452	0.01048	0.04799	0.02290	0.67319	0.02629	0.01269	0.00559	0.00177	0.00303	0.03854	0.00431	0.00437
23	0.01370	0.09267	0.15748	0.01300	0.01705	0.23582	0.21994	0.06789	0.02938	0.09641	0.00934	0.01053	0.00695	0.00449	0.00444	0.00134	0.00671	0.00389	0.00274	0.00624
24	0.00739	0.00603	0.00668	0.00658	0.00715	0.07269	0.00459	0.00824	0.00743	0.00978	0.01269	0.02239	0.01321	0.39824	0.39156	0.00546	0.00829	0.00548	0.00256	0.00355
25	0.01037	0.31666	0.40426	0.01088	0.01586	0.04140	0.04393	0.01380	0.00967	0.01285	0.00879	0.01224	0.00750	0.00482	0.00400	0.00132	0.00591	0.06752	0.00214	0.00610
26	0.01177	0.75044	0.11378	0.00834	0.01254	0.01709	0.00877	0.01366	0.00925	0.01108	0.00651	0.00753	0.00581	0.00393	0.00307	0.00102	0.00506	0.00253	0.00194	0.00592
27	0.00948	0.04206	0.00916	0.04159	0.07579	0.00680	0.00615	0.04858	0.06246	0.10857	0.39693	0.03796	0.07467	0.03425	0.02421	0.00164	0.00342	0.00666	0.00435	0.00526
28	0.04346	0.03813	0.15995	0.05002	0.17100	0.03453	0.02959	0.16453	0.02198	0.02912	0.00886	0.01027	0.00683	0.00428	0.00410	0.00121	0.00510	0.00351	0.00281	0.21073
29	0.06340	0.00979	0.04655	0.07696	0.01335	0.01049	0.02182	0.03220	0.55836	0.01809	0.06791	0.01712	0.03214	0.00608	0.00456	0.00151	0.00390	0.00508	0.00414	0.00656
30	0.01912	0.00811	0.01058	0.00828	0.01167	0.00746	0.00678	0.04635	0.11069	0.69311	0.01773	0.01547	0.01143	0.00567	0.00456	0.00142	0.00386	0.00461	0.00545	0.00764
31	0.00682	0.00612	0.03265	0.04323	0.10944	0.00537	0.00593	0.00881	0.01136	0.01525	0.37937	0.03278	0.30772	0.00903	0.00517	0.00146	0.00291	0.00783	0.00414	0.00459
32	0.02111	0.14572	0.11969	0.07339	0.21419	0.07993	0.06628	0.05976	0.01089	0.08039	0.01008	0.05651	0.00850	0.00543	0.01550	0.00143	0.00566	0.01654	0.00270	0.00628
33	0.01173	0.01636	0.20545	0.01268	0.08044	0.28763	0.05087	0.03052	0.01043	0.01254	0.00896	0.03297	0.00783	0.04798	0.10594	0.00224	0.06356	0.00400	0.00233	0.00553
34	0.00581	0.00433	0.00597	0.07447	0.00866	0.00424	0.00495	0.00682	0.00878	0.01163	0.02407	0.73347	0.04700	0.01329	0.00568	0.00181	0.00294	0.02826	0.00402	0.00381
35	0.01008	0.01327	0.18575	0.15535	0.14133	0.04671	0.20662	0.02494	0.06668	0.01413	0.01095	0.05001	0.03061	0.00505	0.00490	0.00148	0.01876	0.00480	0.00249	0.00608
36	0.01191	0.11712	0.03229	0.04135	0.42341	0.03914	0.12020	0.02505	0.01059	0.08019	0.01028	0.03484	0.02416	0.00461	0.00445	0.00135	0.00549	0.00437	0.00261	0.00661
37	0.04503	0.00800	0.01033	0.00811	0.01132	0.00750	0.00666	0.11186	0.01323	0.61052	0.01614	0.01487	0.01063	0.00788	0.07218	0.00187	0.00462	0.00445	0.02757	0.00723
38	0.00577	0.00428	0.00595	0.07447	0.00861	0.00421	0.00490	0.00675	0.00871	0.01157	0.02357	0.76946	0.02799	0.01340	0.00568	0.00181	0.00291	0.01215	0.00402	0.00379
39	0.01215	0.05178	0.15074	0.14499	0.18970	0.09351	0.04184	0.02488	0.01051	0.12173	0.00931	0.01098	0.00701	0.00453	0.00468	0.00133	0.03621	0.00374	0.00266	0.07773
40	0.00737	0.02559	0.00672	0.00669	0.00766	0.00535	0.00482	0.05093	0.06956	0.04179	0.04343	0.55829	0.08868	0.01232	0.01816	0.00179	0.00304	0.02018	0.02323	0.00440
41	0.00586	0.00559	0.07251	0.00691	0.00772	0.00428	0.00532	0.00705	0.00879	0.01185	0.02356	0.75025	0.02787	0.01334	0.00567	0.00181	0.00300	0.03067	0.00402	0.00394
42	0.21567	0.01022	0.01307	0.03406	0.13435	0.02740	0.11690	0.03490	0.32450	0.01784	0.01236	0.01294	0.01644	0.00501	0.00426	0.00146	0.00458	0.00430	0.00338	0.00638
43	0.06865	0.01041	0.02630	0.01220	0.14690	0.08319	0.04326	0.04034	0.26268	0.10801	0.04659	0.02805	0.03653	0.02603	0.00491	0.00148	0.00448	0.00479	0.01857	0.02663

[dist]
# distance from previous block
# <min> <max>
0	256

# created by:
# /st0/software/busco_prod/Augustus/scripts/msa2prfl.pl ./align_prep/1450538.fa
