[name]
unknown

[dist]
# distance from previous block
# <min> <max>
0	34

[block]
# block no. 0 follows, 57 sequences, length 16
# corresponding to MSA columns:
# 34-49
name=unknown_A
#
# <colnr> <probs for GDERKNQSTAVLIFYWHMCP>
#	G	D	E	R	K	N	Q	S	T	A	V	L	I	F	Y	W	H	M	C	P
0	0.03657	0.00782	0.04572	0.00834	0.01093	0.00697	0.02084	0.05938	0.06364	0.32401	0.07539	0.05796	0.04589	0.00810	0.00509	0.00161	0.00394	0.20706	0.00466	0.00607
1	0.09175	0.01116	0.05540	0.01013	0.05601	0.03416	0.00814	0.32504	0.04348	0.17921	0.01212	0.02934	0.00905	0.00540	0.00432	0.00134	0.00456	0.02569	0.00407	0.08962
2	0.04108	0.00471	0.00597	0.00667	0.00719	0.00473	0.00468	0.03384	0.00908	0.01254	0.02339	0.70669	0.04256	0.01315	0.00598	0.00181	0.03474	0.03316	0.00407	0.00393
3	0.01435	0.00967	0.01224	0.01177	0.12545	0.01009	0.02939	0.24778	0.16284	0.19644	0.01458	0.06665	0.01150	0.05908	0.00583	0.00163	0.00441	0.00513	0.00427	0.00692
4	0.01315	0.04002	0.12167	0.13620	0.08276	0.06186	0.07624	0.26399	0.03969	0.07003	0.01063	0.04455	0.00823	0.00519	0.00454	0.00141	0.00561	0.00437	0.00327	0.00660
5	0.00944	0.03440	0.00820	0.00702	0.00863	0.00590	0.03673	0.06729	0.01086	0.14739	0.09798	0.28877	0.14925	0.08728	0.01793	0.00191	0.00347	0.00852	0.00422	0.00481
6	0.00552	0.00394	0.00526	0.00631	0.00657	0.00368	0.00421	0.00631	0.00868	0.01157	0.02498	0.83779	0.02997	0.01420	0.00578	0.00184	0.00263	0.01288	0.00421	0.00368
7	0.00940	0.00805	0.00940	0.00671	0.01074	0.00604	0.00537	0.01141	0.00940	0.01477	0.00805	0.00940	0.00671	0.00336	0.00336	0.00067	0.00336	0.00268	0.00268	0.86845
8	0.01516	0.00958	0.02917	0.05166	0.17059	0.03830	0.03816	0.04618	0.05228	0.36813	0.01344	0.02882	0.00955	0.00505	0.00444	0.00132	0.00457	0.00433	0.00401	0.10528
9	0.01020	0.00792	0.00938	0.00679	0.01068	0.00604	0.00544	0.01220	0.00980	0.08047	0.03375	0.01065	0.00820	0.00372	0.00352	0.00075	0.00336	0.00301	0.00300	0.77112
10	0.01056	0.00990	0.04268	0.06987	0.27397	0.01004	0.02764	0.07475	0.25795	0.01696	0.08219	0.03270	0.05906	0.00591	0.00469	0.00145	0.00443	0.00522	0.00351	0.00652
11	0.01141	0.01057	0.01679	0.01291	0.01586	0.05599	0.31638	0.17261	0.01205	0.03520	0.03332	0.01413	0.00937	0.04229	0.17706	0.00280	0.04768	0.00489	0.00294	0.00576
12	0.04327	0.03923	0.01106	0.02542	0.04381	0.00925	0.05128	0.10774	0.25671	0.06307	0.06273	0.12681	0.03688	0.00716	0.00506	0.02963	0.00390	0.00586	0.00395	0.06717
13	0.22258	0.00916	0.03874	0.03948	0.01133	0.00950	0.00670	0.12295	0.21709	0.05650	0.09246	0.03393	0.04483	0.02241	0.00461	0.00150	0.00378	0.02027	0.00390	0.03828
14	0.01001	0.02842	0.19539	0.02437	0.01393	0.00920	0.10739	0.08924	0.14459	0.03242	0.07931	0.03490	0.01225	0.03297	0.07005	0.09627	0.00559	0.00490	0.00313	0.00567
15	0.03617	0.33771	0.21044	0.00955	0.02623	0.01323	0.00963	0.07963	0.12297	0.03451	0.01116	0.02790	0.03878	0.00548	0.01738	0.00137	0.00505	0.00377	0.00279	0.00627

[dist]
# distance from previous block
# <min> <max>
12	28

[block]
# block no. 1 follows, 57 sequences, length 44
# corresponding to MSA columns:
# 83-100,122-147
name=unknown_B
#
# <colnr> <probs for GDERKNQSTAVLIFYWHMCP>
#	G	D	E	R	K	N	Q	S	T	A	V	L	I	F	Y	W	H	M	C	P
0	0.02890	0.00972	0.03478	0.08522	0.17318	0.00960	0.00893	0.18142	0.08552	0.16151	0.05649	0.01545	0.05977	0.00555	0.00451	0.00136	0.00442	0.00466	0.00383	0.06518
1	0.06614	0.00934	0.01316	0.27573	0.15397	0.04829	0.05928	0.05586	0.05299	0.04198	0.02892	0.03005	0.03267	0.03280	0.00511	0.00152	0.00518	0.02806	0.00284	0.05611
2	0.03635	0.00959	0.01177	0.13530	0.12501	0.06980	0.03035	0.10609	0.09289	0.05290	0.04581	0.01639	0.08881	0.02419	0.02068	0.00154	0.02367	0.00476	0.02944	0.07466
3	0.20716	0.03409	0.13141	0.02880	0.03779	0.02297	0.07869	0.08087	0.09073	0.09071	0.06042	0.01281	0.02337	0.00509	0.00438	0.00139	0.02454	0.00406	0.00328	0.05745
4	0.01030	0.00665	0.00805	0.00640	0.00925	0.00540	0.00505	0.01210	0.01076	0.17347	0.14282	0.05031	0.13880	0.00644	0.00430	0.00112	0.00304	0.00541	0.02917	0.37116
5	0.00931	0.00796	0.00930	0.00670	0.01065	0.00599	0.00534	0.01130	0.00938	0.01470	0.00843	0.02768	0.00723	0.00360	0.00341	0.00070	0.00334	0.00291	0.00272	0.84936
6	0.01082	0.00826	0.00997	0.00774	0.04030	0.00652	0.00591	0.03644	0.01016	0.09745	0.00917	0.01013	0.00722	0.00368	0.00356	0.00079	0.00353	0.00297	0.00302	0.72237
7	0.00647	0.00485	0.00728	0.00728	0.00809	0.00566	0.00566	0.00809	0.00728	0.01052	0.01214	0.01780	0.01133	0.03398	0.82279	0.00728	0.01214	0.00485	0.00243	0.00405
8	0.76202	0.00815	0.00648	0.00600	0.00848	0.00934	0.00482	0.01242	0.00783	0.01921	0.00869	0.11340	0.00811	0.00548	0.00318	0.00146	0.00339	0.00379	0.00298	0.00475
9	0.01155	0.01174	0.04254	0.07794	0.11805	0.11182	0.19442	0.03596	0.03424	0.06001	0.00930	0.01205	0.00752	0.01842	0.06236	0.00195	0.16138	0.00433	0.01862	0.00581
10	0.00856	0.00805	0.01359	0.82986	0.03121	0.01007	0.01258	0.01158	0.00906	0.01158	0.00805	0.01208	0.00604	0.00453	0.00453	0.00151	0.00604	0.00403	0.00201	0.00503
11	0.01216	0.03091	0.01700	0.05357	0.40293	0.06046	0.12051	0.04635	0.06120	0.08608	0.03394	0.01338	0.03123	0.00475	0.00461	0.00138	0.00544	0.00450	0.00291	0.00668
12	0.74516	0.04359	0.00806	0.00659	0.00945	0.05766	0.00543	0.05317	0.00875	0.01982	0.00658	0.00758	0.00514	0.00428	0.00297	0.00137	0.00390	0.00256	0.00283	0.00511
13	0.00760	0.00400	0.00574	0.00577	0.00578	0.00399	0.00377	0.00602	0.00610	0.00813	0.00938	0.04330	0.00987	0.13753	0.01811	0.71202	0.00396	0.00462	0.00216	0.00214
14	0.00728	0.00610	0.00881	0.22986	0.06808	0.00639	0.00717	0.00977	0.02998	0.01506	0.37190	0.02810	0.15937	0.00801	0.00507	0.00148	0.00352	0.02552	0.00384	0.00467
15	0.00940	0.00805	0.00940	0.00671	0.01074	0.00604	0.00537	0.01141	0.00940	0.01477	0.00805	0.00940	0.00671	0.00336	0.00336	0.00067	0.00336	0.00268	0.00268	0.86845
16	0.00937	0.00866	0.01414	0.67543	0.11881	0.01045	0.01246	0.05510	0.00983	0.01287	0.00822	0.01187	0.00626	0.00460	0.00475	0.00149	0.02406	0.00403	0.00218	0.00542
17	0.07623	0.01064	0.01121	0.04107	0.10674	0.12502	0.00790	0.13518	0.13644	0.14473	0.03787	0.10303	0.01236	0.00632	0.00451	0.00143	0.00463	0.01338	0.01502	0.00629
18	0.00928	0.05080	0.04312	0.00832	0.01104	0.00665	0.10131	0.01129	0.01033	0.09517	0.14324	0.20480	0.04719	0.00743	0.00468	0.00131	0.00374	0.00667	0.00364	0.22999
19	0.01068	0.05638	0.58639	0.02990	0.01845	0.01049	0.06008	0.03394	0.02390	0.09806	0.00966	0.01121	0.00695	0.00461	0.00438	0.00143	0.00622	0.01810	0.00248	0.00668
20	0.01205	0.81750	0.02344	0.00788	0.01164	0.01780	0.00782	0.01349	0.00914	0.01067	0.00629	0.00735	0.00582	0.00400	0.00328	0.00100	0.03064	0.00247	0.00194	0.00579
21	0.00658	0.00443	0.00514	0.00514	0.00521	0.00450	0.00299	0.00672	0.00665	0.00893	0.01410	0.02865	0.01604	0.77225	0.09096	0.00464	0.00505	0.00644	0.00272	0.00286
22	0.79709	0.00910	0.00698	0.00624	0.00900	0.03969	0.00509	0.01362	0.00808	0.04442	0.00708	0.02481	0.00565	0.00447	0.00297	0.00140	0.00367	0.00275	0.00290	0.00498
23	0.06431	0.76085	0.02230	0.00778	0.01155	0.03574	0.00762	0.02634	0.00940	0.01154	0.00639	0.00735	0.00579	0.00394	0.00295	0.00101	0.00484	0.00246	0.00204	0.00578
24	0.87276	0.00876	0.00666	0.00596	0.00876	0.01017	0.00491	0.01332	0.00771	0.02033	0.00631	0.00736	0.00491	0.00421	0.00280	0.00140	0.00351	0.00245	0.00280	0.00491
25	0.87276	0.00876	0.00666	0.00596	0.00876	0.01017	0.00491	0.01332	0.00771	0.02033	0.00631	0.00736	0.00491	0.00421	0.00280	0.00140	0.00351	0.00245	0.00280	0.00491
26	0.02024	0.00785	0.01060	0.00813	0.01164	0.00687	0.00671	0.04376	0.01320	0.79362	0.01768	0.01530	0.01112	0.00560	0.00456	0.00140	0.00389	0.00454	0.00558	0.00771
27	0.00657	0.00449	0.00542	0.00542	0.00559	0.00465	0.00334	0.00690	0.00673	0.00914	0.01384	0.02723	0.01542	0.67581	0.18656	0.00498	0.00598	0.00623	0.00268	0.00301
28	0.00940	0.00805	0.00940	0.00671	0.01074	0.00604	0.00537	0.01141	0.00940	0.01477	0.00805	0.00940	0.00671	0.00336	0.00336	0.00067	0.00336	0.00268	0.00268	0.86845
29	0.00909	0.02344	0.81727	0.01292	0.01961	0.01052	0.01674	0.01435	0.00957	0.01435	0.00813	0.00957	0.00574	0.00431	0.00431	0.00144	0.00670	0.00335	0.00191	0.00670
30	0.00571	0.00456	0.00469	0.00466	0.00611	0.00390	0.00349	0.00702	0.01048	0.01315	0.11050	0.04050	0.67589	0.01076	0.00517	0.00148	0.00227	0.00899	0.07676	0.00390
31	0.00973	0.00939	0.01233	0.01046	0.01136	0.02723	0.00858	0.01127	0.03183	0.01192	0.00792	0.04194	0.00777	0.01991	0.01181	0.00174	0.57661	0.01894	0.00234	0.16692
32	0.00645	0.00480	0.00607	0.00590	0.00704	0.00450	0.00450	0.00871	0.03522	0.01669	0.58400	0.06220	0.14308	0.01033	0.02034	0.00161	0.00255	0.06698	0.00474	0.00427
33	0.01848	0.00753	0.01012	0.00779	0.01117	0.00645	0.00639	0.02028	0.01266	0.69516	0.07077	0.01617	0.01298	0.00567	0.00451	0.00134	0.00370	0.00465	0.00532	0.07885
34	0.01070	0.01222	0.02674	0.01910	0.02368	0.01146	0.79603	0.01451	0.01070	0.01451	0.00917	0.01222	0.00688	0.00382	0.00535	0.00153	0.00764	0.00535	0.00229	0.00611
35	0.00678	0.00518	0.00734	0.00718	0.00776	0.00608	0.00541	0.00801	0.00711	0.01019	0.01207	0.01959	0.01194	0.19796	0.59162	0.00625	0.07807	0.00514	0.00246	0.00385
36	0.00940	0.00805	0.00940	0.00671	0.01074	0.00604	0.00537	0.01141	0.00940	0.01477	0.00805	0.00940	0.00671	0.00336	0.00336	0.00067	0.00336	0.00268	0.00268	0.86845
37	0.00574	0.00404	0.00544	0.00645	0.00677	0.00381	0.00444	0.00653	0.00871	0.01159	0.02429	0.74768	0.02888	0.01412	0.00624	0.03263	0.00279	0.07205	0.00412	0.00366
38	0.30675	0.39217	0.09237	0.00795	0.01155	0.04609	0.01898	0.02725	0.00909	0.01474	0.00724	0.03508	0.00634	0.00443	0.00321	0.00121	0.00467	0.00296	0.00237	0.00553
39	0.00731	0.00532	0.00755	0.00889	0.03771	0.00530	0.00732	0.00933	0.01030	0.01346	0.02351	0.10598	0.02569	0.01234	0.00616	0.00204	0.00411	0.69933	0.00411	0.00424
40	0.82171	0.03838	0.00736	0.00607	0.00893	0.01036	0.00505	0.01354	0.00789	0.03909	0.00659	0.00755	0.00509	0.00423	0.00285	0.00139	0.00356	0.00250	0.00284	0.00501
41	0.01078	0.00930	0.01490	0.39554	0.22521	0.03249	0.06357	0.03626	0.01039	0.08427	0.01068	0.01459	0.02280	0.00502	0.00467	0.00148	0.00565	0.04387	0.00264	0.00591
42	0.03584	0.05052	0.07884	0.03524	0.50391	0.07779	0.01218	0.04236	0.03715	0.02584	0.00871	0.01070	0.00708	0.00422	0.00427	0.00130	0.00545	0.00375	0.00245	0.05239
43	0.20259	0.06326	0.01450	0.05085	0.36097	0.08895	0.02461	0.04791	0.02910	0.01577	0.00836	0.02531	0.00701	0.00465	0.00425	0.01785	0.00509	0.00367	0.00254	0.02275

[dist]
# distance from previous block
# <min> <max>
0	13

[block]
# block no. 2 follows, 57 sequences, length 27
# corresponding to MSA columns:
# 161-187
name=unknown_C
#
# <colnr> <probs for GDERKNQSTAVLIFYWHMCP>
#	G	D	E	R	K	N	Q	S	T	A	V	L	I	F	Y	W	H	M	C	P
0	0.13369	0.01016	0.01273	0.01265	0.14654	0.02413	0.06249	0.16767	0.18009	0.05371	0.01373	0.01539	0.05286	0.00584	0.00509	0.00149	0.05433	0.03738	0.00359	0.00643
1	0.20585	0.04686	0.01209	0.00907	0.01247	0.02311	0.00752	0.48091	0.03633	0.10732	0.01054	0.01054	0.00750	0.00513	0.00408	0.00136	0.00454	0.00371	0.00413	0.00696
2	0.03100	0.03733	0.02251	0.04979	0.16103	0.47893	0.00959	0.05512	0.02099	0.02988	0.00792	0.00933	0.00642	0.00451	0.00412	0.00121	0.00679	0.00326	0.00252	0.05774
3	0.01592	0.00876	0.01008	0.00824	0.01123	0.03970	0.00663	0.09506	0.18720	0.42554	0.03821	0.01860	0.10129	0.00641	0.00466	0.00143	0.00386	0.00521	0.00499	0.00698
4	0.00561	0.00409	0.00530	0.00618	0.00664	0.00378	0.00425	0.00654	0.00909	0.01198	0.05863	0.69027	0.11399	0.01364	0.00574	0.00180	0.00263	0.04187	0.00424	0.00374
5	0.01619	0.00787	0.01005	0.00770	0.01112	0.00684	0.00628	0.06507	0.02752	0.49497	0.08232	0.01531	0.01266	0.00538	0.00434	0.00123	0.00365	0.00440	0.00478	0.21233
6	0.00652	0.00506	0.00697	0.03925	0.07231	0.00481	0.00533	0.00822	0.01089	0.01489	0.37526	0.27657	0.11674	0.01048	0.00540	0.00158	0.00276	0.02834	0.00431	0.00431
7	0.01065	0.01175	0.06816	0.06697	0.04462	0.01105	0.43860	0.04658	0.18646	0.01577	0.01261	0.01427	0.04060	0.00479	0.00501	0.00151	0.00620	0.00517	0.00293	0.00632
8	0.00681	0.00497	0.00626	0.00618	0.00723	0.00483	0.00460	0.00965	0.08390	0.01672	0.52040	0.18794	0.03564	0.00990	0.00531	0.00153	0.00245	0.03971	0.04156	0.00442
9	0.03579	0.78400	0.02268	0.00777	0.01156	0.01742	0.00765	0.01402	0.04396	0.01129	0.00683	0.00769	0.00614	0.00399	0.00298	0.00101	0.00475	0.00254	0.00208	0.00585
10	0.08275	0.03132	0.10663	0.01006	0.03816	0.00918	0.05648	0.13179	0.02183	0.41674	0.01340	0.01274	0.00893	0.00505	0.00435	0.00137	0.00461	0.00411	0.00430	0.03619
11	0.01100	0.12280	0.38963	0.03224	0.05886	0.02819	0.11777	0.11028	0.02035	0.01543	0.00839	0.01001	0.00633	0.00452	0.00481	0.00140	0.04545	0.00368	0.00235	0.00651
12	0.87276	0.00876	0.00666	0.00596	0.00876	0.01017	0.00491	0.01332	0.00771	0.02033	0.00631	0.00736	0.00491	0.00421	0.00280	0.00140	0.00351	0.00245	0.00280	0.00491
13	0.04928	0.01219	0.03371	0.09799	0.49284	0.14845	0.01201	0.01394	0.01034	0.01386	0.00887	0.05146	0.00781	0.00479	0.00463	0.00137	0.02358	0.00420	0.00235	0.00632
14	0.00621	0.00477	0.00570	0.00552	0.00674	0.00436	0.00412	0.00835	0.04216	0.01589	0.48635	0.08908	0.28376	0.01017	0.00535	0.00149	0.00228	0.00882	0.00468	0.00421
15	0.01131	0.08890	0.01661	0.23039	0.43974	0.01072	0.01206	0.01387	0.01020	0.08651	0.03105	0.01207	0.00810	0.00444	0.00438	0.00136	0.00527	0.00404	0.00254	0.00646
16	0.00663	0.00503	0.00735	0.00727	0.00797	0.00590	0.00558	0.00808	0.00720	0.01038	0.01207	0.01854	0.01157	0.10620	0.71557	0.00679	0.04649	0.00497	0.00244	0.00397
17	0.06072	0.74845	0.02207	0.00776	0.01152	0.01716	0.00759	0.02868	0.04020	0.01186	0.00686	0.00772	0.00611	0.00401	0.00300	0.00102	0.00472	0.00256	0.00214	0.00585
18	0.01705	0.00887	0.06624	0.00878	0.03036	0.00734	0.00736	0.09163	0.01309	0.55756	0.05662	0.07287	0.02839	0.00635	0.00467	0.00143	0.00399	0.00527	0.00502	0.00711
19	0.00544	0.00451	0.00477	0.00488	0.00622	0.00383	0.00359	0.00660	0.01026	0.01251	0.08914	0.14695	0.66229	0.01170	0.00541	0.00156	0.00233	0.00992	0.00425	0.00383
20	0.01581	0.00667	0.00899	0.00735	0.01001	0.00583	0.00588	0.01752	0.01245	0.56224	0.17121	0.10213	0.03885	0.00732	0.00485	0.00145	0.00336	0.00621	0.00531	0.00655
21	0.00929	0.00894	0.01522	0.56814	0.18424	0.01057	0.05142	0.01213	0.00923	0.01231	0.00804	0.01175	0.00630	0.00466	0.00535	0.00151	0.06923	0.00409	0.00207	0.00551
22	0.00977	0.01065	0.02181	0.07162	0.02086	0.01045	0.57197	0.01297	0.01028	0.01392	0.04229	0.05098	0.05898	0.00530	0.00600	0.00157	0.06652	0.00586	0.00256	0.00564
23	0.72004	0.01052	0.00781	0.00690	0.00970	0.10660	0.00559	0.06097	0.00914	0.01973	0.00667	0.00767	0.00519	0.00434	0.00306	0.00137	0.00415	0.00261	0.00285	0.00512
24	0.00991	0.01225	0.12995	0.05414	0.01658	0.01268	0.18718	0.01223	0.00826	0.01223	0.00708	0.01049	0.00613	0.00633	0.01074	0.00178	0.49035	0.00419	0.00204	0.00546
25	0.16034	0.01320	0.04737	0.07261	0.07823	0.17456	0.00880	0.26095	0.02237	0.05867	0.00914	0.01014	0.00686	0.00522	0.01689	0.00141	0.00554	0.00352	0.00326	0.04094
26	0.01254	0.12724	0.04773	0.03414	0.41473	0.01149	0.02418	0.08043	0.01113	0.10106	0.00927	0.01091	0.00731	0.00445	0.00468	0.00130	0.04130	0.00380	0.00275	0.04955

[dist]
# distance from previous block
# <min> <max>
0	2

[block]
# block no. 3 follows, 57 sequences, length 17
# corresponding to MSA columns:
# 190-206
name=unknown_D
#
# <colnr> <probs for GDERKNQSTAVLIFYWHMCP>
#	G	D	E	R	K	N	Q	S	T	A	V	L	I	F	Y	W	H	M	C	P
0	0.11072	0.44453	0.01889	0.05751	0.11965	0.07579	0.02191	0.07957	0.01049	0.01397	0.00718	0.00853	0.00608	0.00416	0.00346	0.00116	0.00514	0.00296	0.00234	0.00597
1	0.01069	0.01070	0.05233	0.23930	0.53355	0.01072	0.01344	0.04898	0.01045	0.01455	0.00849	0.01136	0.00684	0.00424	0.00449	0.00139	0.00560	0.00401	0.00227	0.00661
2	0.00603	0.00494	0.00587	0.04288	0.00772	0.00463	0.00441	0.00757	0.01089	0.01409	0.29403	0.07289	0.45522	0.01041	0.00570	0.00153	0.03405	0.00879	0.00428	0.00407
3	0.00604	0.00462	0.00554	0.00531	0.00654	0.00412	0.00398	0.00783	0.01195	0.01608	0.54058	0.03729	0.31358	0.01004	0.00535	0.00146	0.00219	0.00868	0.00471	0.00412
4	0.00856	0.00807	0.01286	0.01089	0.01188	0.00993	0.12551	0.01017	0.00762	0.01120	0.00918	0.01418	0.00863	0.05462	0.32461	0.00406	0.35648	0.00463	0.00223	0.00468
5	0.01674	0.01164	0.01282	0.01002	0.01342	0.01278	0.00823	0.58844	0.11289	0.12676	0.01255	0.01215	0.00884	0.00560	0.00479	0.00140	0.02449	0.00426	0.00462	0.00758
6	0.07664	0.01163	0.03753	0.14204	0.22625	0.03236	0.12794	0.25663	0.01344	0.01883	0.00906	0.01099	0.00688	0.00455	0.00450	0.00140	0.00566	0.00408	0.00296	0.00662
7	0.00686	0.00523	0.00672	0.00640	0.00697	0.00539	0.02242	0.00751	0.00756	0.01035	0.01667	0.17993	0.06084	0.42571	0.08531	0.00349	0.07365	0.00731	0.00300	0.05868
8	0.01282	0.01173	0.04343	0.05162	0.29687	0.06424	0.13839	0.08813	0.13126	0.09886	0.01117	0.01242	0.00841	0.00468	0.00463	0.00141	0.00554	0.00437	0.00315	0.00688
9	0.01255	0.70440	0.04317	0.00867	0.01264	0.01647	0.06115	0.01428	0.00960	0.07077	0.00740	0.00827	0.00629	0.00401	0.00323	0.00105	0.00501	0.00280	0.00223	0.00600
10	0.00582	0.00419	0.00559	0.00660	0.00705	0.00395	0.00472	0.00685	0.00904	0.01194	0.02551	0.67482	0.05547	0.01381	0.00585	0.00187	0.00289	0.14606	0.00420	0.00377
11	0.00654	0.00528	0.00683	0.00792	0.08983	0.00493	0.00510	0.00851	0.04271	0.01429	0.25203	0.23747	0.28048	0.01056	0.00534	0.00156	0.00271	0.00927	0.00424	0.00440
12	0.07355	0.00869	0.03625	0.00696	0.01093	0.00671	0.00579	0.01216	0.04141	0.01533	0.00835	0.00955	0.00683	0.00356	0.00340	0.00079	0.00349	0.00279	0.00275	0.74071
13	0.01005	0.00811	0.01297	0.03825	0.31408	0.00799	0.06733	0.05928	0.01067	0.07853	0.02970	0.29542	0.03211	0.00796	0.00504	0.00154	0.00436	0.00739	0.00341	0.00580
14	0.00978	0.07375	0.21925	0.17078	0.03384	0.00962	0.05262	0.02717	0.02426	0.06939	0.07863	0.01657	0.04177	0.06257	0.00640	0.00166	0.05356	0.02708	0.00280	0.01849
15	0.00799	0.00717	0.02661	0.00855	0.01030	0.04308	0.12480	0.00985	0.01068	0.04944	0.20723	0.20629	0.18131	0.00957	0.00578	0.00159	0.03901	0.04221	0.00393	0.00461
16	0.03257	0.05481	0.04882	0.24770	0.14926	0.00925	0.02306	0.01286	0.11766	0.01383	0.03757	0.10277	0.07168	0.00673	0.00472	0.00152	0.00467	0.05199	0.00303	0.00551

[dist]
# distance from previous block
# <min> <max>
4	9

[block]
# block no. 4 follows, 57 sequences, length 36
# corresponding to MSA columns:
# 217-243,250-258
name=unknown_E
#
# <colnr> <probs for GDERKNQSTAVLIFYWHMCP>
#	G	D	E	R	K	N	Q	S	T	A	V	L	I	F	Y	W	H	M	C	P
0	0.01270	0.19149	0.23992	0.01066	0.01496	0.05533	0.04238	0.23550	0.06068	0.03191	0.03363	0.01187	0.00859	0.00504	0.00421	0.00133	0.00550	0.02463	0.00307	0.00660
1	0.00660	0.02885	0.08600	0.00713	0.00833	0.00521	0.00580	0.03122	0.00943	0.01268	0.06158	0.56502	0.04275	0.04716	0.00625	0.00186	0.00331	0.06272	0.00390	0.00418
2	0.01179	0.11755	0.20729	0.01330	0.03091	0.02892	0.25897	0.09679	0.01141	0.08435	0.01055	0.05545	0.00855	0.00511	0.00483	0.00143	0.02167	0.02198	0.00282	0.00632
3	0.00951	0.05755	0.09419	0.39648	0.26924	0.01040	0.01269	0.01246	0.00957	0.01289	0.00926	0.03165	0.00785	0.00492	0.00451	0.00146	0.00567	0.04166	0.00222	0.00583
4	0.00935	0.01044	0.13464	0.00767	0.01211	0.00674	0.00713	0.01187	0.00942	0.01470	0.00807	0.00942	0.00656	0.00350	0.00350	0.00079	0.00387	0.00279	0.00257	0.73485
5	0.01311	0.34863	0.03495	0.00919	0.03363	0.04165	0.00789	0.23781	0.04808	0.04069	0.01037	0.08260	0.00909	0.00540	0.00389	0.00120	0.00468	0.00410	0.00318	0.05986
6	0.01054	0.08737	0.41323	0.02509	0.03901	0.03284	0.21766	0.01454	0.01009	0.05624	0.00912	0.02934	0.00695	0.00442	0.00449	0.00140	0.00647	0.00407	0.00230	0.02481
7	0.00958	0.10232	0.61427	0.01422	0.12331	0.01113	0.01519	0.01403	0.00961	0.01398	0.00840	0.02896	0.00651	0.00446	0.00423	0.00139	0.00625	0.00357	0.00201	0.00660
8	0.01106	0.05305	0.40988	0.01225	0.06551	0.05322	0.03574	0.06028	0.08555	0.07417	0.06829	0.01271	0.00996	0.00560	0.02189	0.00152	0.00583	0.00407	0.00288	0.00654
9	0.00620	0.00492	0.00605	0.00640	0.04684	0.00442	0.00447	0.00790	0.01146	0.01515	0.39908	0.05410	0.37621	0.01016	0.00534	0.00149	0.00243	0.02871	0.00447	0.00421
10	0.01212	0.06448	0.23736	0.04490	0.13435	0.02987	0.22577	0.01555	0.01063	0.15370	0.01026	0.01207	0.00752	0.00447	0.00461	0.00142	0.00613	0.01542	0.00276	0.00660
11	0.01178	0.08565	0.47083	0.01150	0.03009	0.02806	0.02890	0.05844	0.02308	0.15052	0.01079	0.05202	0.00817	0.00507	0.00434	0.00140	0.00575	0.00407	0.00286	0.00667
12	0.00980	0.00862	0.00984	0.00857	0.01080	0.04580	0.06203	0.07623	0.33726	0.01734	0.15703	0.06325	0.15885	0.00772	0.00495	0.00150	0.00367	0.00664	0.00431	0.00580
13	0.01293	0.00881	0.01054	0.01015	0.06763	0.00945	0.00754	0.02118	0.47044	0.20490	0.01826	0.02015	0.01418	0.00662	0.00478	0.00156	0.00384	0.09547	0.00463	0.00695
14	0.00998	0.13770	0.58726	0.01331	0.05828	0.01158	0.07523	0.01439	0.00971	0.03051	0.00817	0.00965	0.00602	0.00422	0.00420	0.00137	0.00638	0.00343	0.00204	0.00657
15	0.01104	0.01212	0.14100	0.21880	0.42136	0.02963	0.01338	0.01411	0.01015	0.07230	0.00899	0.01140	0.00694	0.00433	0.00446	0.00140	0.00570	0.00394	0.00238	0.00657
16	0.01127	0.00973	0.01025	0.00922	0.01178	0.01127	0.00717	0.02408	0.80430	0.01896	0.01844	0.01691	0.01383	0.00615	0.00461	0.00154	0.00359	0.00512	0.00461	0.00717
17	0.00965	0.00976	0.04404	0.47134	0.32415	0.01039	0.04072	0.01265	0.00961	0.01299	0.00827	0.01167	0.00649	0.00431	0.00453	0.00145	0.00587	0.00405	0.00211	0.00594
18	0.01342	0.04089	0.05125	0.01190	0.08715	0.09041	0.13181	0.03210	0.01145	0.26584	0.04188	0.14715	0.01370	0.00671	0.00484	0.00147	0.00498	0.03307	0.00382	0.00616
19	0.02033	0.00771	0.01052	0.00806	0.01157	0.00666	0.00666	0.02208	0.01297	0.81562	0.01788	0.01542	0.01122	0.00561	0.00456	0.00140	0.00386	0.00456	0.00561	0.00771
20	0.00556	0.00399	0.00529	0.00631	0.00663	0.00372	0.00426	0.00639	0.00877	0.01164	0.02557	0.79454	0.05291	0.01407	0.00578	0.00184	0.00266	0.03215	0.00421	0.00370
21	0.01078	0.06330	0.58529	0.01196	0.01764	0.02395	0.04166	0.01509	0.01013	0.11681	0.01019	0.01258	0.00762	0.00490	0.00441	0.00144	0.00615	0.04696	0.00254	0.00659
22	0.04197	0.01007	0.01604	0.08764	0.54304	0.02082	0.02904	0.04058	0.02141	0.08251	0.02072	0.04743	0.00888	0.00480	0.00452	0.00139	0.00513	0.00449	0.00276	0.00675
23	0.00647	0.00549	0.02719	0.00645	0.00771	0.00480	0.02621	0.05538	0.01034	0.01332	0.06557	0.40749	0.31370	0.01189	0.00549	0.00166	0.00289	0.01963	0.00415	0.00416
24	0.00762	0.00592	0.00708	0.00656	0.00802	0.00603	0.00499	0.01243	0.21302	0.01822	0.59111	0.02980	0.05422	0.00853	0.00516	0.00146	0.00251	0.00745	0.00487	0.00500
25	0.06075	0.01533	0.03871	0.04936	0.01495	0.33292	0.06529	0.17315	0.07098	0.08963	0.00977	0.01055	0.00732	0.00503	0.00471	0.00135	0.03710	0.00371	0.00322	0.00617
26	0.25556	0.00913	0.02196	0.00932	0.02556	0.00946	0.11548	0.14744	0.07074	0.06134	0.17669	0.01651	0.01517	0.00583	0.00434	0.00143	0.00413	0.02156	0.02258	0.00577
27	0.01185	0.00988	0.01633	0.15979	0.47894	0.01033	0.03973	0.01478	0.03815	0.11688	0.00988	0.01207	0.00766	0.00459	0.00509	0.00143	0.04901	0.00418	0.00271	0.00673
28	0.00622	0.00493	0.00564	0.00565	0.00689	0.00458	0.00416	0.00861	0.08053	0.01444	0.26295	0.18941	0.36766	0.01088	0.00537	0.00156	0.00243	0.00940	0.00447	0.00422
29	0.01774	0.00999	0.02740	0.01015	0.05261	0.00973	0.02178	0.29389	0.04428	0.42173	0.03353	0.01394	0.01045	0.00552	0.00457	0.00139	0.00440	0.00446	0.00488	0.00753
30	0.01952	0.00846	0.01165	0.00886	0.01244	0.00768	0.04634	0.10349	0.01374	0.69253	0.01670	0.01478	0.01063	0.00550	0.00459	0.00140	0.00416	0.00455	0.00533	0.00763
31	0.01826	0.00886	0.01389	0.01037	0.01410	0.00798	0.16337	0.05935	0.01294	0.61733	0.01580	0.01456	0.01018	0.00525	0.00471	0.00142	0.00466	0.00469	0.00490	0.00739
32	0.00949	0.00881	0.01625	0.04499	0.20233	0.00860	0.26140	0.01220	0.01036	0.03128	0.01501	0.08694	0.01478	0.00745	0.00542	0.00168	0.00551	0.24885	0.00308	0.00557
33	0.00981	0.00830	0.00962	0.00691	0.01091	0.00646	0.00554	0.05293	0.01003	0.01549	0.00820	0.00947	0.00676	0.00347	0.00342	0.00071	0.00344	0.00276	0.00278	0.82298
34	0.05540	0.00807	0.01207	0.01582	0.36308	0.00803	0.00887	0.03548	0.03219	0.05447	0.33264	0.02048	0.02179	0.00632	0.00475	0.00139	0.00384	0.00569	0.00367	0.00593
35	0.01253	0.01397	0.01451	0.30902	0.07524	0.32126	0.07240	0.05362	0.01124	0.01267	0.00818	0.02740	0.00668	0.00487	0.00484	0.00139	0.03851	0.00389	0.00234	0.00545

[dist]
# distance from previous block
# <min> <max>
1	5

[block]
# block no. 5 follows, 57 sequences, length 19
# corresponding to MSA columns:
# 264-266,269-280,292-295
name=unknown_F
#
# <colnr> <probs for GDERKNQSTAVLIFYWHMCP>
#	G	D	E	R	K	N	Q	S	T	A	V	L	I	F	Y	W	H	M	C	P
0	0.12656	0.00745	0.00890	0.00697	0.01016	0.00654	0.00564	0.01564	0.01112	0.35620	0.10111	0.01610	0.05350	0.00548	0.00411	0.00120	0.00340	0.00440	0.00427	0.25123
1	0.14962	0.12934	0.23227	0.05987	0.12264	0.03821	0.08330	0.03084	0.07357	0.01528	0.00857	0.01007	0.00664	0.00433	0.00401	0.00135	0.00552	0.00352	0.00244	0.01860
2	0.05972	0.01107	0.02856	0.04391	0.32326	0.02690	0.17612	0.06718	0.14392	0.05781	0.01078	0.01230	0.00826	0.00456	0.00459	0.00143	0.00544	0.00440	0.00299	0.00678
3	0.07170	0.01119	0.01398	0.16244	0.07586	0.11753	0.12115	0.12863	0.08123	0.04471	0.01093	0.07342	0.00908	0.00536	0.00450	0.00140	0.00548	0.00467	0.00309	0.05364
4	0.20916	0.06754	0.01292	0.03820	0.12927	0.03597	0.04481	0.09536	0.03533	0.25372	0.01112	0.01139	0.00791	0.00474	0.00403	0.00135	0.00455	0.00375	0.00365	0.02519
5	0.01133	0.25479	0.16392	0.00994	0.05755	0.06721	0.02180	0.01378	0.00987	0.05402	0.00803	0.00918	0.00647	0.00393	0.00361	0.00102	0.00495	0.00296	0.00242	0.29323
6	0.01485	0.00850	0.01029	0.00794	0.01131	0.00782	0.00644	0.15628	0.05731	0.32929	0.09380	0.01489	0.01267	0.00535	0.00430	0.00120	0.00373	0.00435	0.00449	0.24519
7	0.01162	0.01142	0.04034	0.01567	0.13169	0.01143	0.29585	0.11487	0.26309	0.01779	0.03051	0.01381	0.01001	0.00493	0.00486	0.00148	0.00555	0.00494	0.00335	0.00677
8	0.00653	0.00465	0.00624	0.00624	0.00668	0.00510	0.00436	0.00742	0.00697	0.00974	0.01309	0.02310	0.01363	0.39463	0.46530	0.00599	0.00868	0.00563	0.00257	0.00346
9	0.00572	0.00460	0.00509	0.00497	0.00634	0.00398	0.00373	0.00720	0.01118	0.01427	0.30713	0.04027	0.54816	0.01072	0.00535	0.00149	0.00224	0.00910	0.00447	0.00398
10	0.00901	0.00851	0.01440	0.69434	0.16322	0.01019	0.01281	0.01197	0.00927	0.01212	0.00813	0.01193	0.00623	0.00445	0.00452	0.00148	0.00593	0.00403	0.00205	0.00540
11	0.00647	0.00485	0.00728	0.00728	0.00809	0.00566	0.00566	0.00809	0.00728	0.01052	0.01214	0.01780	0.01133	0.03398	0.82279	0.00728	0.01214	0.00485	0.00243	0.00405
12	0.01126	0.00991	0.01162	0.01236	0.14708	0.01119	0.00831	0.02236	0.67014	0.01825	0.01677	0.01594	0.01271	0.00579	0.00459	0.00150	0.00389	0.00494	0.00421	0.00717
13	0.00940	0.00805	0.00940	0.00671	0.01074	0.00604	0.00537	0.01141	0.00940	0.01477	0.00805	0.00940	0.00671	0.00336	0.00336	0.00067	0.00336	0.00268	0.00268	0.86845
14	0.06532	0.01155	0.01216	0.00954	0.01296	0.06755	0.00781	0.45049	0.04265	0.25471	0.01263	0.01201	0.00864	0.00539	0.00442	0.00137	0.00475	0.00408	0.00460	0.00737
15	0.07231	0.04092	0.02057	0.01515	0.01880	0.18446	0.45576	0.01547	0.01085	0.06576	0.00881	0.01095	0.00672	0.00436	0.00526	0.00144	0.04960	0.00441	0.00252	0.00588
16	0.03065	0.01280	0.08022	0.01839	0.05057	0.01133	0.67381	0.01472	0.03296	0.01477	0.00927	0.01202	0.00696	0.00394	0.00517	0.00151	0.00728	0.00509	0.00234	0.00619
17	0.35257	0.00997	0.06450	0.00815	0.01090	0.05410	0.00720	0.11473	0.01106	0.08881	0.01273	0.02021	0.01149	0.00670	0.00426	0.00157	0.00438	0.20764	0.00355	0.00547
18	0.37038	0.08669	0.00962	0.00697	0.00967	0.00915	0.02193	0.05911	0.01056	0.15050	0.15840	0.03201	0.01404	0.02002	0.00415	0.00141	0.00360	0.00432	0.00371	0.02376

[dist]
# distance from previous block
# <min> <max>
0	7

[block]
# block no. 6 follows, 57 sequences, length 22
# corresponding to MSA columns:
# 303-324
name=unknown_G
#
# <colnr> <probs for GDERKNQSTAVLIFYWHMCP>
#	G	D	E	R	K	N	Q	S	T	A	V	L	I	F	Y	W	H	M	C	P
0	0.01161	0.01177	0.01883	0.02564	0.66749	0.07467	0.09501	0.01430	0.01056	0.01448	0.00847	0.01108	0.00704	0.00406	0.00454	0.00135	0.00584	0.00409	0.00226	0.00692
1	0.01088	0.17809	0.09623	0.01549	0.01996	0.01264	0.50506	0.01509	0.07472	0.01410	0.00926	0.01138	0.00713	0.00406	0.00471	0.00141	0.00667	0.00457	0.00238	0.00619
2	0.00898	0.00828	0.01359	0.78998	0.03037	0.01026	0.01239	0.04982	0.00966	0.01240	0.00819	0.01202	0.00612	0.00457	0.00453	0.00150	0.00599	0.00403	0.00214	0.00516
3	0.00576	0.00458	0.00517	0.00507	0.00638	0.00399	0.00379	0.00728	0.01122	0.01448	0.33649	0.06768	0.49060	0.01073	0.00537	0.00150	0.00225	0.00916	0.00451	0.00399
4	0.00583	0.00471	0.00520	0.00539	0.00674	0.00414	0.00421	0.00715	0.01027	0.01256	0.06689	0.04414	0.59282	0.04833	0.00632	0.00176	0.00276	0.16276	0.00416	0.00386
5	0.00961	0.00913	0.01549	0.51217	0.34067	0.01034	0.01311	0.01250	0.00956	0.01286	0.00824	0.01174	0.00649	0.00434	0.00451	0.00145	0.00578	0.00403	0.00210	0.00588
6	0.00666	0.00494	0.00645	0.00724	0.00833	0.00473	0.00607	0.00839	0.01024	0.01305	0.02941	0.12444	0.21698	0.01243	0.00599	0.00193	0.00357	0.52093	0.00418	0.00404
7	0.00695	0.00530	0.00720	0.00645	0.00779	0.00499	0.03948	0.03053	0.03009	0.01802	0.69841	0.03237	0.07695	0.00896	0.00531	0.00144	0.00250	0.00796	0.00481	0.00449
8	0.00959	0.10026	0.64897	0.01271	0.01880	0.01133	0.07177	0.01472	0.04456	0.01421	0.00849	0.00986	0.00619	0.00431	0.00426	0.00140	0.00645	0.00348	0.00206	0.00659
9	0.01046	0.00733	0.04525	0.20766	0.01536	0.00698	0.02061	0.01311	0.02957	0.18806	0.16168	0.04088	0.01963	0.00787	0.00516	0.00162	0.00431	0.20509	0.00399	0.00537
10	0.01018	0.01161	0.05743	0.01599	0.02040	0.01011	0.58416	0.01367	0.01053	0.01474	0.04945	0.01271	0.00861	0.00404	0.00496	0.00137	0.00657	0.00494	0.00248	0.15607
11	0.00924	0.01015	0.08719	0.07680	0.23652	0.00886	0.18577	0.03250	0.01091	0.01501	0.14864	0.04074	0.10548	0.00609	0.00495	0.00145	0.00507	0.00584	0.00301	0.00578
12	0.01211	0.84348	0.02374	0.00775	0.01163	0.01793	0.00775	0.01357	0.00921	0.01066	0.00630	0.00727	0.00582	0.00388	0.00291	0.00097	0.00485	0.00242	0.00194	0.00582
13	0.00940	0.00805	0.00940	0.00671	0.01074	0.00604	0.00537	0.01141	0.00940	0.01477	0.00805	0.00940	0.00671	0.00336	0.00336	0.00067	0.00336	0.00268	0.00268	0.86845
14	0.00683	0.00488	0.00676	0.00781	0.00865	0.00481	0.00649	0.00858	0.00997	0.01304	0.02425	0.25819	0.02710	0.01296	0.00613	0.00202	0.00377	0.57954	0.00418	0.00404
15	0.00956	0.06597	0.75318	0.01251	0.01897	0.01080	0.01599	0.01453	0.00964	0.03652	0.00831	0.00961	0.00590	0.00432	0.00424	0.00141	0.00652	0.00333	0.00202	0.00668
16	0.00940	0.00805	0.00940	0.00671	0.01074	0.00604	0.00537	0.01141	0.00940	0.01477	0.00805	0.00940	0.00671	0.00336	0.00336	0.00067	0.00336	0.00268	0.00268	0.86845
17	0.00940	0.00805	0.00940	0.00671	0.01074	0.00604	0.00537	0.01141	0.00940	0.01477	0.00805	0.00940	0.00671	0.00336	0.00336	0.00067	0.00336	0.00268	0.00268	0.86845
18	0.01066	0.01001	0.01661	0.27082	0.52081	0.01077	0.01317	0.04975	0.01038	0.01438	0.00844	0.01144	0.00683	0.00433	0.00472	0.00141	0.02265	0.00403	0.00227	0.00650
19	0.00683	0.00482	0.00570	0.00555	0.00558	0.00515	0.00339	0.00697	0.00664	0.00901	0.01358	0.02774	0.01550	0.74878	0.05195	0.00432	0.06654	0.00633	0.00268	0.00296
20	0.01048	0.01003	0.01718	0.16253	0.62172	0.01033	0.03373	0.01317	0.01004	0.01410	0.00923	0.05002	0.00804	0.00459	0.00458	0.00140	0.00543	0.00448	0.00230	0.00662
21	0.00853	0.00802	0.01013	0.00897	0.00986	0.00998	0.00726	0.01129	0.12263	0.01265	0.03745	0.02255	0.27399	0.00887	0.01006	0.00176	0.42188	0.00607	0.00316	0.00489

[dist]
# distance from previous block
# <min> <max>
0	1

[block]
# block no. 7 follows, 57 sequences, length 128
# corresponding to MSA columns:
# 326-380,383-455
name=unknown_H
#
# <colnr> <probs for GDERKNQSTAVLIFYWHMCP>
#	G	D	E	R	K	N	Q	S	T	A	V	L	I	F	Y	W	H	M	C	P
0	0.01109	0.01075	0.01852	0.05157	0.67732	0.01083	0.08052	0.01443	0.05269	0.01490	0.00909	0.01163	0.00747	0.00415	0.00457	0.00138	0.00550	0.00421	0.00237	0.00702
1	0.01086	0.01040	0.01775	0.13484	0.70823	0.01067	0.01373	0.01360	0.01015	0.01437	0.00846	0.01133	0.00703	0.00410	0.00449	0.00137	0.00547	0.00404	0.00221	0.00689
2	0.00559	0.00458	0.00493	0.00488	0.00627	0.00392	0.00364	0.00694	0.01082	0.01350	0.21010	0.06340	0.62356	0.01107	0.00536	0.00152	0.00227	0.00936	0.00438	0.00392
3	0.00940	0.00805	0.00940	0.00671	0.01074	0.00604	0.00537	0.01141	0.00940	0.01477	0.00805	0.00940	0.00671	0.00336	0.00336	0.00067	0.00336	0.00268	0.00268	0.86845
4	0.00872	0.00828	0.01414	0.77609	0.06161	0.01013	0.03423	0.01175	0.00916	0.01178	0.00810	0.01205	0.00611	0.00449	0.00455	0.00150	0.00606	0.00406	0.00203	0.00515
5	0.72761	0.00858	0.00732	0.00632	0.00924	0.00957	0.00521	0.01481	0.00861	0.15575	0.00828	0.00873	0.00598	0.00445	0.00310	0.00140	0.00356	0.00281	0.00328	0.00538
6	0.01062	0.00856	0.00990	0.00717	0.01114	0.00696	0.00577	0.10009	0.01085	0.04177	0.00868	0.00975	0.00697	0.00366	0.00353	0.00077	0.00355	0.00290	0.00299	0.74434
7	0.10676	0.00812	0.00912	0.00667	0.01054	0.00652	0.00536	0.01194	0.00931	0.03917	0.00815	0.00935	0.00664	0.00352	0.00333	0.00078	0.00339	0.00271	0.00278	0.74583
8	0.01688	0.01296	0.03741	0.01048	0.01418	0.01390	0.00883	0.76119	0.03406	0.02798	0.01092	0.01094	0.00775	0.00542	0.00453	0.00137	0.00501	0.00408	0.00446	0.00767
9	0.00940	0.00805	0.00940	0.00671	0.01074	0.00604	0.00537	0.01141	0.00940	0.01477	0.00805	0.00940	0.00671	0.00336	0.00336	0.00067	0.00336	0.00268	0.00268	0.86845
10	0.00940	0.00805	0.00940	0.00671	0.01074	0.00604	0.00537	0.01141	0.00940	0.01477	0.00805	0.00940	0.00671	0.00336	0.00336	0.00067	0.00336	0.00268	0.00268	0.86845
11	0.01506	0.00735	0.00953	0.00732	0.01061	0.00612	0.00593	0.01695	0.01190	0.46253	0.13258	0.01639	0.01458	0.00549	0.00432	0.00119	0.00345	0.00455	0.00466	0.25948
12	0.00940	0.00805	0.00940	0.00671	0.01074	0.00604	0.00537	0.01141	0.00940	0.01477	0.00805	0.00940	0.00671	0.00336	0.00336	0.00067	0.00336	0.00268	0.00268	0.86845
13	0.00632	0.00461	0.00593	0.00564	0.00672	0.00423	0.00422	0.00835	0.01255	0.01759	0.73699	0.05489	0.09591	0.00954	0.00536	0.00144	0.00216	0.00841	0.00491	0.00423
14	0.00678	0.00484	0.00670	0.00775	0.00856	0.00477	0.00639	0.00848	0.00992	0.01298	0.02428	0.28203	0.02722	0.01301	0.00612	0.00201	0.00372	0.55623	0.00418	0.00403
15	0.00991	0.00999	0.01471	0.04558	0.01346	0.01357	0.06168	0.01117	0.00727	0.01117	0.00625	0.01015	0.00601	0.00752	0.01382	0.00193	0.74470	0.00406	0.00200	0.00504
16	0.01723	0.01269	0.01360	0.01043	0.01405	0.01405	0.00861	0.79738	0.02131	0.02856	0.01088	0.01088	0.00771	0.00544	0.00453	0.00136	0.00499	0.00408	0.00453	0.00771
17	0.00940	0.00805	0.00940	0.00671	0.01074	0.00604	0.00537	0.01141	0.00940	0.01477	0.00805	0.00940	0.00671	0.00336	0.00336	0.00067	0.00336	0.00268	0.00268	0.86845
18	0.01176	0.01042	0.01045	0.00816	0.01169	0.10177	0.00646	0.10707	0.13885	0.03693	0.01018	0.01079	0.00798	0.00426	0.00381	0.00097	0.00415	0.00331	0.00325	0.50773
19	0.00860	0.00810	0.01368	0.81580	0.04491	0.01008	0.01261	0.01162	0.00908	0.01163	0.00806	0.01207	0.00606	0.00452	0.00453	0.00151	0.00603	0.00403	0.00202	0.00507
20	0.01116	0.01025	0.01693	0.06089	0.66348	0.01008	0.01267	0.01376	0.01024	0.03843	0.00873	0.01117	0.00719	0.00403	0.00436	0.00128	0.00514	0.00390	0.00238	0.10390
21	0.00743	0.00499	0.00646	0.00638	0.00752	0.00472	0.00482	0.00975	0.05026	0.06836	0.46093	0.20426	0.05363	0.01028	0.00544	0.00158	0.00262	0.08134	0.00475	0.00449
22	0.01160	0.00989	0.01043	0.00929	0.01191	0.01142	0.00725	0.06619	0.76166	0.01948	0.01803	0.01658	0.01350	0.00611	0.00461	0.00153	0.00366	0.00507	0.00461	0.00720
23	0.01104	0.00579	0.00764	0.00656	0.00845	0.00526	0.00513	0.03192	0.01308	0.26849	0.54229	0.02751	0.03202	0.00802	0.00508	0.00142	0.00275	0.00695	0.00517	0.00544
24	0.01074	0.01380	0.21417	0.04896	0.54629	0.01065	0.04818	0.01410	0.01015	0.02767	0.00859	0.01095	0.00684	0.00413	0.00448	0.00138	0.00580	0.00393	0.00221	0.00695
25	0.01028	0.33260	0.49263	0.01116	0.01673	0.01335	0.03812	0.01406	0.00947	0.01296	0.00747	0.00878	0.00580	0.00413	0.00381	0.00126	0.00603	0.00306	0.00193	0.00635
26	0.01089	0.01252	0.02629	0.01886	0.02337	0.03743	0.77082	0.01463	0.01076	0.01441	0.00910	0.01209	0.00684	0.00385	0.00531	0.00152	0.00766	0.00527	0.00229	0.00608
27	0.01084	0.01397	0.19083	0.04474	0.17524	0.01086	0.41846	0.01462	0.01044	0.05170	0.00919	0.01161	0.00687	0.00407	0.00490	0.00147	0.00678	0.00459	0.00235	0.00648
28	0.01201	0.29114	0.35724	0.01019	0.01499	0.04653	0.01142	0.01514	0.01014	0.13275	0.00978	0.01183	0.00767	0.00481	0.00398	0.00130	0.00559	0.04452	0.00261	0.00636
29	0.00787	0.00394	0.00590	0.00590	0.00590	0.00394	0.00394	0.00590	0.00590	0.00787	0.00787	0.01377	0.00787	0.01574	0.01771	0.86816	0.00394	0.00394	0.00197	0.00197
30	0.01035	0.00981	0.01673	0.12792	0.59246	0.01002	0.04101	0.01304	0.01024	0.01432	0.02883	0.01535	0.02557	0.00496	0.00468	0.00143	0.00533	0.05898	0.00245	0.00652
31	0.00543	0.00459	0.00470	0.00467	0.00617	0.00386	0.00350	0.00665	0.01051	0.01267	0.10125	0.04290	0.75503	0.01132	0.00535	0.00152	0.00228	0.00946	0.00426	0.00386
32	0.00940	0.00805	0.00940	0.00671	0.01074	0.00604	0.00537	0.01141	0.00940	0.01477	0.00805	0.00940	0.00671	0.00336	0.00336	0.00067	0.00336	0.00268	0.00268	0.86845
33	0.00940	0.00805	0.00940	0.00671	0.01074	0.00604	0.00537	0.01141	0.00940	0.01477	0.00805	0.00940	0.00671	0.00336	0.00336	0.00067	0.00336	0.00268	0.00268	0.86845
34	0.00896	0.00534	0.00565	0.00497	0.00675	0.00496	0.00383	0.03908	0.00991	0.01686	0.01322	0.01509	0.01044	0.00488	0.00326	0.00099	0.00248	0.00389	0.65265	0.18679
35	0.00556	0.00460	0.00488	0.00481	0.00625	0.00391	0.00361	0.00691	0.01082	0.01341	0.19688	0.04168	0.65894	0.01104	0.00535	0.00151	0.00226	0.00929	0.00436	0.00391
36	0.01723	0.01269	0.01360	0.01043	0.01405	0.01405	0.00861	0.79738	0.02131	0.02856	0.01088	0.01088	0.00771	0.00544	0.00453	0.00136	0.00499	0.00408	0.00453	0.00771
37	0.01670	0.02122	0.01287	0.01168	0.01394	0.79685	0.00879	0.01787	0.01265	0.01108	0.00697	0.00823	0.00584	0.00477	0.00443	0.00119	0.03438	0.00295	0.00232	0.00524
38	0.00787	0.00394	0.00590	0.00590	0.00590	0.00394	0.00394	0.00590	0.00590	0.00787	0.00787	0.01377	0.00787	0.01574	0.01771	0.86816	0.00394	0.00394	0.00197	0.00197
39	0.01122	0.01077	0.01839	0.02781	0.81248	0.01077	0.01391	0.01391	0.01032	0.01480	0.00852	0.01122	0.00718	0.00404	0.00449	0.00135	0.00538	0.00404	0.00224	0.00718
40	0.01693	0.02160	0.01284	0.01167	0.01401	0.82256	0.00876	0.01809	0.01284	0.01109	0.00700	0.00817	0.00584	0.00467	0.00409	0.00117	0.00817	0.00292	0.00233	0.00525
41	0.01459	0.00983	0.01057	0.00813	0.01171	0.11502	0.01895	0.01664	0.02745	0.31679	0.01185	0.01171	0.00844	0.00445	0.00396	0.00104	0.00426	0.00351	0.00378	0.39732
42	0.01090	0.01044	0.01782	0.12371	0.71907	0.01068	0.01375	0.01363	0.01017	0.01442	0.00847	0.01132	0.00704	0.00410	0.00449	0.00137	0.00546	0.00404	0.00222	0.00692
43	0.87276	0.00876	0.00666	0.00596	0.00876	0.01017	0.00491	0.01332	0.00771	0.02033	0.00631	0.00736	0.00491	0.00421	0.00280	0.00140	0.00351	0.00245	0.00280	0.00491
44	0.00659	0.00492	0.00710	0.00705	0.00771	0.00569	0.00533	0.00794	0.00717	0.01026	0.01230	0.01942	0.01198	0.15806	0.67682	0.00669	0.03355	0.00510	0.00246	0.00387
45	0.01127	0.00973	0.01025	0.00922	0.01178	0.01127	0.00717	0.02408	0.80430	0.01896	0.01844	0.01691	0.01383	0.00615	0.00461	0.00154	0.00359	0.00512	0.00461	0.00717
46	0.00557	0.00460	0.00489	0.00482	0.00625	0.00392	0.00361	0.00692	0.01084	0.01346	0.20250	0.04161	0.65329	0.01102	0.00535	0.00151	0.00226	0.00928	0.00437	0.00392
47	0.01023	0.00803	0.00948	0.00681	0.01080	0.00609	0.00547	0.01222	0.00967	0.07573	0.00880	0.00986	0.00705	0.00353	0.00345	0.00073	0.00339	0.00283	0.00291	0.80293
48	0.00552	0.00394	0.00526	0.00631	0.00657	0.00368	0.00421	0.00631	0.00868	0.01157	0.02498	0.83779	0.02997	0.01420	0.00578	0.00184	0.00263	0.01288	0.00421	0.00368
49	0.01228	0.82632	0.02347	0.00776	0.01163	0.01770	0.00773	0.01374	0.00928	0.02718	0.00654	0.00744	0.00593	0.00391	0.00294	0.00098	0.00483	0.00247	0.00201	0.00585
50	0.01122	0.01077	0.01839	0.02781	0.81248	0.01077	0.01391	0.01391	0.01032	0.01480	0.00852	0.01122	0.00718	0.00404	0.00449	0.00135	0.00538	0.00404	0.00224	0.00718
