[name]
unknown

[dist]
# distance from previous block
# <min> <max>
0	59

[block]
# block no. 0 follows, 61 sequences, length 49
# corresponding to MSA columns:
# 60-108
name=unknown_A
#
# <colnr> <probs for GDERKNQSTAVLIFYWHMCP>
#	G	D	E	R	K	N	Q	S	T	A	V	L	I	F	Y	W	H	M	C	P
0	0.00822	0.00586	0.00694	0.00660	0.01951	0.01618	0.00502	0.03091	0.13934	0.07237	0.39519	0.04500	0.11707	0.00825	0.00485	0.00141	0.00271	0.06429	0.04548	0.00479
1	0.01030	0.08551	0.26966	0.01204	0.04685	0.13132	0.09363	0.01302	0.00916	0.01229	0.02519	0.00974	0.00661	0.00528	0.01965	0.00145	0.18036	0.00348	0.00206	0.06242
2	0.00592	0.00440	0.00551	0.00523	0.00632	0.00399	0.00392	0.00778	0.01177	0.01626	0.68026	0.03384	0.18048	0.00918	0.00508	0.00137	0.00206	0.00802	0.00461	0.00399
3	0.01058	0.00889	0.01005	0.12209	0.01349	0.02713	0.00747	0.09988	0.49108	0.02943	0.01595	0.08203	0.01311	0.00642	0.00452	0.00148	0.00391	0.04238	0.00396	0.00616
4	0.00938	0.04569	0.00888	0.11031	0.01076	0.00654	0.02586	0.05737	0.00867	0.12635	0.01233	0.09766	0.01164	0.16095	0.14650	0.14329	0.00541	0.00524	0.00293	0.00422
5	0.00950	0.07048	0.68749	0.01200	0.01792	0.01053	0.04717	0.05128	0.00972	0.03356	0.00801	0.00926	0.00572	0.00413	0.00407	0.00134	0.00616	0.00327	0.00204	0.00636
6	0.01145	0.83324	0.03999	0.00748	0.01122	0.01689	0.00756	0.01291	0.00876	0.01021	0.00603	0.00696	0.00553	0.00369	0.00279	0.00093	0.00464	0.00232	0.00184	0.00555
7	0.00987	0.01115	0.02420	0.01743	0.02154	0.01045	0.75822	0.01333	0.01005	0.01363	0.00961	0.06141	0.00785	0.00422	0.00511	0.00147	0.00698	0.00551	0.00229	0.00567
8	0.01027	0.07105	0.10415	0.01641	0.10940	0.01071	0.47070	0.01346	0.00980	0.04538	0.00937	0.03177	0.00762	0.00443	0.00511	0.00142	0.04052	0.03022	0.00233	0.00586
9	0.01081	0.01183	0.06308	0.10802	0.43214	0.14856	0.02114	0.03255	0.01021	0.01319	0.00952	0.06258	0.00862	0.00502	0.00436	0.00134	0.00551	0.04321	0.00236	0.00592
10	0.00510	0.00431	0.00441	0.00450	0.00585	0.00363	0.00333	0.00617	0.00969	0.01159	0.04204	0.10620	0.75629	0.01112	0.00512	0.00148	0.00221	0.00935	0.00400	0.00363
11	0.01576	0.01892	0.01161	0.01051	0.01271	0.74297	0.00791	0.01695	0.01202	0.04933	0.00759	0.00859	0.00612	0.00452	0.00385	0.00111	0.00723	0.00292	0.05432	0.00505
12	0.00999	0.03155	0.10180	0.20506	0.27540	0.02418	0.01997	0.04054	0.08000	0.04666	0.01137	0.04759	0.03749	0.00520	0.00459	0.00139	0.02507	0.02364	0.00263	0.00590
13	0.00626	0.00418	0.00470	0.00470	0.00470	0.00418	0.00261	0.00626	0.00626	0.00835	0.01357	0.02819	0.01566	0.84862	0.02192	0.00418	0.00418	0.00626	0.00261	0.00261
14	0.06710	0.01007	0.01109	0.00865	0.01193	0.05858	0.00710	0.33516	0.01521	0.41074	0.01309	0.01208	0.00868	0.00514	0.00420	0.00130	0.00432	0.00394	0.00458	0.00704
15	0.00891	0.00843	0.01286	0.55527	0.15220	0.04213	0.01105	0.02425	0.04263	0.01257	0.07973	0.01320	0.00931	0.00471	0.00435	0.00139	0.00528	0.00418	0.00235	0.00518
16	0.00810	0.00752	0.00913	0.01006	0.10322	0.09687	0.03673	0.04048	0.00924	0.01198	0.01707	0.50143	0.01938	0.01039	0.01813	0.00168	0.08215	0.00872	0.00331	0.00441
17	0.01233	0.01416	0.01099	0.00999	0.01153	0.42825	0.00772	0.02441	0.08269	0.01147	0.01072	0.06169	0.04398	0.00794	0.05907	0.00174	0.17572	0.01811	0.00259	0.00489
18	0.03080	0.01123	0.01392	0.02557	0.01423	0.12640	0.16323	0.20325	0.04571	0.20207	0.01218	0.01350	0.02824	0.00532	0.00504	0.00138	0.05516	0.03295	0.00360	0.00622
19	0.00949	0.00976	0.06268	0.43206	0.26585	0.02551	0.02141	0.04600	0.04141	0.01307	0.00865	0.02968	0.00692	0.00445	0.00431	0.00138	0.00544	0.00402	0.00223	0.00567
20	0.00733	0.00780	0.11017	0.09220	0.04710	0.00644	0.03890	0.04498	0.00941	0.01275	0.07549	0.27834	0.06385	0.06391	0.00653	0.01454	0.02504	0.08753	0.00325	0.00444
21	0.03556	0.12627	0.12835	0.02367	0.02440	0.11429	0.04334	0.06117	0.15022	0.04705	0.01173	0.08724	0.02949	0.00586	0.00516	0.00138	0.09174	0.00451	0.00291	0.00566
22	0.02198	0.24523	0.33456	0.04898	0.01498	0.03463	0.04213	0.04152	0.00978	0.06042	0.05127	0.03095	0.02008	0.00520	0.01965	0.00135	0.00539	0.00369	0.00241	0.00579
23	0.00627	0.00540	0.00674	0.00671	0.00771	0.04341	0.05587	0.00767	0.02870	0.01167	0.06178	0.45706	0.20912	0.02477	0.04443	0.00189	0.00343	0.00977	0.00374	0.00386
24	0.01048	0.02350	0.25787	0.02995	0.33969	0.03746	0.08735	0.06102	0.02923	0.03091	0.00918	0.03162	0.00746	0.00448	0.00433	0.00135	0.00560	0.01974	0.00237	0.00639
25	0.01121	0.21664	0.30816	0.02342	0.03377	0.02509	0.02902	0.01421	0.02491	0.15768	0.02265	0.07532	0.00895	0.00513	0.00422	0.00129	0.02554	0.00406	0.00274	0.00599
26	0.00962	0.07987	0.46710	0.07968	0.09237	0.04903	0.05965	0.01361	0.02912	0.03289	0.00875	0.04357	0.00693	0.00450	0.00414	0.00134	0.00589	0.00376	0.00213	0.00604
27	0.00544	0.00412	0.00495	0.00548	0.00619	0.00374	0.00380	0.01925	0.00906	0.01165	0.06117	0.51988	0.28428	0.03274	0.00573	0.00169	0.00246	0.01077	0.00400	0.00361
28	0.01116	0.04580	0.14503	0.10897	0.33320	0.01013	0.06752	0.06827	0.03848	0.09377	0.00970	0.03200	0.00759	0.00446	0.00428	0.00133	0.00522	0.00406	0.00264	0.00640
29	0.02040	0.05220	0.16382	0.04735	0.01194	0.03942	0.00787	0.09079	0.05474	0.14083	0.16915	0.08517	0.05964	0.02395	0.00483	0.00143	0.00409	0.01320	0.00367	0.00552
30	0.01067	0.00991	0.07548	0.05694	0.43194	0.02930	0.02679	0.01327	0.02689	0.11039	0.03271	0.06802	0.05865	0.00547	0.00446	0.00136	0.00469	0.02403	0.00287	0.00614
31	0.01037	0.01276	0.14765	0.11028	0.37468	0.07065	0.12317	0.02986	0.00989	0.01347	0.00848	0.01085	0.01899	0.00422	0.00470	0.00135	0.03646	0.00391	0.00214	0.00613
32	0.02481	0.02254	0.11866	0.08516	0.28844	0.13127	0.02416	0.08198	0.09463	0.07255	0.00956	0.01084	0.00729	0.00442	0.00418	0.00130	0.00541	0.00372	0.00274	0.00634
33	0.00995	0.15246	0.33003	0.01151	0.04113	0.01060	0.12804	0.05600	0.04107	0.04855	0.01075	0.08319	0.02646	0.00558	0.01768	0.00143	0.01270	0.00444	0.00252	0.00591
34	0.00752	0.00629	0.00840	0.03108	0.19043	0.04496	0.00641	0.00887	0.00915	0.03161	0.05069	0.43664	0.08487	0.02835	0.00532	0.00159	0.00343	0.00868	0.03123	0.00447
35	0.00947	0.05730	0.34335	0.01593	0.13916	0.01040	0.29373	0.01324	0.00952	0.01346	0.00880	0.04964	0.00713	0.00432	0.00447	0.00138	0.00623	0.00434	0.00210	0.00606
36	0.06532	0.14592	0.05317	0.00927	0.01186	0.42140	0.00768	0.05573	0.01100	0.04215	0.00801	0.00932	0.00655	0.00671	0.07281	0.00160	0.00659	0.00304	0.05668	0.00517
37	0.00536	0.00390	0.00511	0.00589	0.00633	0.00365	0.00405	0.00629	0.00866	0.01153	0.08717	0.66966	0.09403	0.01365	0.03892	0.00191	0.00283	0.02349	0.00399	0.00358
38	0.01006	0.22775	0.44298	0.01164	0.05393	0.08127	0.05323	0.01352	0.00949	0.01268	0.04052	0.00958	0.00704	0.00418	0.00384	0.00123	0.00585	0.00325	0.00201	0.00594
39	0.01098	0.69547	0.17358	0.00829	0.01248	0.01572	0.00898	0.01304	0.00882	0.01079	0.00632	0.00732	0.00551	0.00376	0.00301	0.00100	0.00494	0.00247	0.00184	0.00569
40	0.01583	0.00651	0.00872	0.00708	0.00978	0.00566	0.00569	0.01734	0.01158	0.62215	0.04727	0.12324	0.08556	0.00698	0.00457	0.00140	0.00333	0.00588	0.00502	0.00641
41	0.10010	0.01105	0.11829	0.00930	0.04496	0.01931	0.00797	0.32725	0.04238	0.11129	0.02227	0.04968	0.00923	0.01298	0.00420	0.00133	0.00427	0.00417	0.09370	0.00626
42	0.03582	0.37337	0.11643	0.00880	0.01210	0.18402	0.00828	0.04409	0.07552	0.01233	0.00953	0.04766	0.02684	0.00494	0.00360	0.00116	0.00519	0.02240	0.00244	0.00550
43	0.00911	0.15921	0.69353	0.01147	0.01739	0.01117	0.01450	0.01352	0.00904	0.01306	0.00744	0.00873	0.00547	0.00403	0.00387	0.00129	0.00608	0.00304	0.00182	0.00623
44	0.00538	0.00396	0.00485	0.00553	0.00615	0.00360	0.00384	0.00632	0.00880	0.01153	0.04261	0.56750	0.23505	0.01235	0.00529	0.00164	0.00242	0.03001	0.03958	0.00358
45	0.00775	0.02712	0.29412	0.00863	0.01160	0.00678	0.00901	0.03387	0.00975	0.04064	0.05588	0.19050	0.09929	0.00866	0.00492	0.00157	0.00427	0.17742	0.00328	0.00493
46	0.00549	0.00391	0.00524	0.00622	0.00656	0.00370	0.00435	0.00638	0.00842	0.01119	0.02343	0.72777	0.02777	0.02921	0.00587	0.00183	0.00272	0.11243	0.00397	0.00354
47	0.08654	0.00623	0.00707	0.00658	0.00822	0.02653	0.00498	0.04853	0.05458	0.19463	0.07013	0.26176	0.07815	0.06274	0.00578	0.00166	0.00322	0.03817	0.02963	0.00488
48	0.01102	0.70356	0.09901	0.00777	0.01150	0.01534	0.00797	0.01272	0.00883	0.02682	0.00744	0.05735	0.00699	0.00434	0.00309	0.00102	0.00463	0.00302	0.00204	0.00552

[dist]
# distance from previous block
# <min> <max>
1	25

[block]
# block no. 1 follows, 61 sequences, length 66
# corresponding to MSA columns:
# 135-200
name=unknown_B
#
# <colnr> <probs for GDERKNQSTAVLIFYWHMCP>
#	G	D	E	R	K	N	Q	S	T	A	V	L	I	F	Y	W	H	M	C	P
0	0.03166	0.18695	0.32301	0.01043	0.01472	0.02283	0.10351	0.02776	0.02489	0.09396	0.04198	0.07279	0.00955	0.00509	0.00409	0.00131	0.00522	0.01175	0.00263	0.00586
1	0.00989	0.03885	0.02954	0.01068	0.12718	0.04299	0.03828	0.11493	0.09814	0.03058	0.06152	0.11245	0.05093	0.04118	0.00524	0.00149	0.00408	0.08439	0.02430	0.07338
2	0.00626	0.00467	0.00545	0.00511	0.00651	0.00411	0.00387	0.00801	0.02338	0.04135	0.41068	0.03467	0.38234	0.00939	0.00499	0.00138	0.00221	0.00803	0.00435	0.03326
3	0.00907	0.00822	0.03731	0.10458	0.03391	0.00682	0.04960	0.04002	0.00943	0.02794	0.00952	0.07403	0.00847	0.00446	0.00377	0.00096	0.00389	0.02010	0.00267	0.54521
4	0.00620	0.00445	0.00609	0.00615	0.00675	0.00487	0.00451	0.00735	0.00719	0.01013	0.03138	0.04942	0.04091	0.23593	0.49633	0.00538	0.00827	0.03395	0.03120	0.00353
5	0.00885	0.00898	0.03298	0.10480	0.25487	0.00876	0.24631	0.01138	0.00934	0.01287	0.02305	0.17118	0.01167	0.00702	0.03547	0.00167	0.02175	0.02110	0.00255	0.00542
6	0.00544	0.00437	0.00481	0.00476	0.00602	0.00380	0.00355	0.00675	0.01027	0.01298	0.24068	0.05393	0.55692	0.04070	0.00572	0.00155	0.00226	0.02763	0.00414	0.00371
7	0.85839	0.00831	0.00642	0.00571	0.00839	0.00958	0.00471	0.01286	0.00745	0.03867	0.00626	0.00718	0.00481	0.00403	0.00271	0.00133	0.00334	0.00238	0.00273	0.00473
8	0.01069	0.35943	0.40579	0.01001	0.01495	0.01326	0.01155	0.10359	0.01022	0.01375	0.00732	0.00834	0.00570	0.00405	0.00357	0.00118	0.00546	0.00290	0.00211	0.00613
9	0.00938	0.00578	0.00695	0.00613	0.00773	0.00568	0.00472	0.09235	0.06046	0.12126	0.41406	0.03888	0.03954	0.03580	0.00514	0.00141	0.00268	0.00627	0.13087	0.00491
10	0.00624	0.00418	0.00476	0.00479	0.00481	0.00419	0.00271	0.00629	0.00633	0.00846	0.01376	0.04717	0.01584	0.80811	0.04218	0.00419	0.00432	0.00636	0.00264	0.00266
11	0.00696	0.00456	0.00554	0.00536	0.00638	0.00417	0.00387	0.00818	0.00990	0.07958	0.29060	0.09671	0.21346	0.19771	0.00887	0.00207	0.00281	0.04536	0.00404	0.00386
12	0.01119	0.00975	0.01247	0.03787	0.02975	0.04423	0.05919	0.24564	0.01135	0.01573	0.00898	0.02912	0.00785	0.05086	0.08117	0.00215	0.29924	0.00423	0.03384	0.00538
13	0.00725	0.00635	0.02457	0.00832	0.02341	0.00669	0.05860	0.02062	0.02874	0.01281	0.16370	0.26306	0.03670	0.06878	0.00809	0.00182	0.16283	0.07366	0.01979	0.00423
14	0.01197	0.10307	0.05019	0.00943	0.05536	0.13517	0.00750	0.17471	0.07802	0.01604	0.00904	0.02185	0.00729	0.00431	0.00371	0.00103	0.00460	0.00328	0.01627	0.28718
15	0.03661	0.00762	0.01336	0.04060	0.12082	0.00763	0.23259	0.01042	0.02990	0.01307	0.06357	0.29831	0.02698	0.00795	0.00546	0.00156	0.04498	0.03063	0.00307	0.00487
16	0.05873	0.20377	0.33354	0.02652	0.01428	0.01095	0.01031	0.05706	0.04817	0.06383	0.00841	0.00926	0.00635	0.00409	0.00363	0.00116	0.00494	0.00305	0.00245	0.12949
17	0.01002	0.16014	0.25725	0.06311	0.11061	0.04061	0.08571	0.05328	0.06775	0.01364	0.02869	0.01228	0.04087	0.03243	0.00466	0.00138	0.00537	0.00392	0.00241	0.00587
18	0.01208	0.00672	0.00830	0.00721	0.00937	0.00664	0.00563	0.01659	0.22987	0.31137	0.21763	0.11436	0.02084	0.00727	0.00467	0.00142	0.00306	0.00624	0.00477	0.00594
19	0.00993	0.01273	0.15711	0.03125	0.05787	0.08323	0.34983	0.04178	0.03639	0.01374	0.01097	0.11432	0.00975	0.00538	0.00472	0.00143	0.00600	0.02418	0.02379	0.00558
20	0.04814	0.07678	0.36858	0.02848	0.04880	0.05062	0.04150	0.08269	0.05564	0.10034	0.00951	0.02583	0.00712	0.00466	0.00439	0.00134	0.03303	0.00364	0.00268	0.00623
21	0.00816	0.00814	0.06753	0.17201	0.08571	0.02150	0.06553	0.03624	0.04286	0.01268	0.01436	0.19356	0.01456	0.03775	0.03739	0.00187	0.03234	0.12722	0.01579	0.00480
22	0.00529	0.00390	0.00493	0.00572	0.00619	0.00357	0.00390	0.00612	0.00856	0.01118	0.04035	0.66264	0.16218	0.03248	0.00581	0.00175	0.00250	0.02541	0.00398	0.00352
23	0.03926	0.05241	0.55405	0.01176	0.04666	0.01024	0.03145	0.06998	0.04674	0.07181	0.00900	0.01012	0.00650	0.01638	0.00432	0.00138	0.00570	0.00344	0.00242	0.00638
24	0.05736	0.05120	0.26839	0.03952	0.11062	0.06321	0.08892	0.08516	0.04656	0.05741	0.01086	0.01239	0.04902	0.03512	0.00481	0.00143	0.00542	0.00397	0.00263	0.00598
25	0.04433	0.07159	0.08211	0.06642	0.05159	0.00872	0.00797	0.11592	0.05205	0.26112	0.05215	0.02701	0.03882	0.00652	0.02158	0.00150	0.00435	0.07635	0.00383	0.00609
26	0.01096	0.00980	0.04245	0.06694	0.47771	0.00955	0.05539	0.02578	0.09174	0.08908	0.02234	0.02949	0.00879	0.00552	0.03425	0.00154	0.00513	0.00430	0.00275	0.00647
27	0.03200	0.07273	0.28772	0.01253	0.12804	0.02957	0.02542	0.15250	0.09033	0.08250	0.01033	0.02848	0.00792	0.00479	0.00415	0.00133	0.00514	0.01509	0.00295	0.00649
28	0.02205	0.06099	0.13228	0.15101	0.18916	0.05376	0.07876	0.06841	0.05358	0.07883	0.03895	0.01238	0.00854	0.00462	0.00425	0.00133	0.00528	0.01915	0.01064	0.00603
29	0.02801	0.00549	0.00718	0.00802	0.08359	0.00530	0.00531	0.01011	0.06683	0.10743	0.08749	0.32978	0.15686	0.02526	0.03800	0.00180	0.00328	0.02173	0.00394	0.00460
30	0.01048	0.12935	0.30696	0.01299	0.13616	0.03761	0.07897	0.06380	0.02875	0.05509	0.01101	0.03790	0.05186	0.00482	0.00413	0.00130	0.00535	0.00407	0.01331	0.00608
31	0.04850	0.08141	0.21023	0.01647	0.30085	0.06466	0.06654	0.05093	0.04343	0.05013	0.00855	0.01007	0.00663	0.00419	0.00424	0.00129	0.01958	0.00357	0.00240	0.00634
32	0.02473	0.05546	0.45819	0.04822	0.10258	0.03842	0.07035	0.08297	0.02432	0.01479	0.03476	0.01035	0.00714	0.00431	0.00416	0.00133	0.00585	0.00359	0.00227	0.00621
33	0.00641	0.00483	0.00548	0.00547	0.00674	0.00450	0.00406	0.02701	0.06617	0.03439	0.15505	0.21602	0.39247	0.01041	0.00506	0.00150	0.00244	0.02371	0.02417	0.00409
34	0.01989	0.09162	0.28979	0.03144	0.12438	0.05667	0.01103	0.11595	0.02136	0.13423	0.02268	0.01129	0.02720	0.00468	0.00425	0.00130	0.01935	0.00368	0.00286	0.00636
35	0.07470	0.09337	0.14294	0.04235	0.18606	0.02548	0.02439	0.06848	0.03081	0.11726	0.07624	0.05350	0.02822	0.00527	0.00413	0.00131	0.00453	0.00441	0.01060	0.00596
36	0.00626	0.00486	0.00642	0.00710	0.03388	0.01532	0.01950	0.00760	0.02793	0.02396	0.08781	0.55192	0.10632	0.01167	0.00562	0.00166	0.03045	0.04390	0.00390	0.00392
37	0.03248	0.03270	0.48532	0.04004	0.08366	0.01008	0.05820	0.04774	0.07481	0.08043	0.00939	0.01042	0.00674	0.00433	0.00416	0.00136	0.00566	0.00359	0.00249	0.00642
38	0.03306	0.08107	0.36871	0.02559	0.01571	0.05754	0.05897	0.14950	0.02173	0.11153	0.00962	0.03134	0.00714	0.00465	0.00411	0.00132	0.00555	0.00370	0.00281	0.00633
39	0.00969	0.04623	0.16347	0.15437	0.27316	0.02465	0.12000	0.01277	0.01869	0.02795	0.00978	0.02702	0.02703	0.00474	0.00472	0.00139	0.03361	0.03259	0.00226	0.00588
40	0.03700	0.00619	0.00861	0.05512	0.08485	0.00617	0.03254	0.04183	0.01010	0.13970	0.08825	0.20428	0.08621	0.00853	0.02503	0.00158	0.02313	0.03310	0.10286	0.00491
41	0.11961	0.14335	0.27555	0.04495	0.06198	0.04769	0.01008	0.06483	0.04354	0.07904	0.03766	0.01127	0.03360	0.00465	0.00383	0.00128	0.00495	0.00354	0.00268	0.00591
42	0.04278	0.14657	0.13886	0.01084	0.08616	0.03886	0.00918	0.29971	0.05016	0.07797	0.02352	0.03842	0.00833	0.00497	0.00401	0.00127	0.00479	0.00385	0.00329	0.00647
43	0.00586	0.03285	0.00565	0.00527	0.00642	0.00452	0.00396	0.00722	0.02119	0.01219	0.11809	0.17371	0.42229	0.04171	0.04336	0.00183	0.01528	0.03692	0.03790	0.00378
44	0.00943	0.03940	0.09812	0.15490	0.22681	0.00929	0.11614	0.03816	0.02159	0.03112	0.05643	0.06279	0.03681	0.00528	0.00473	0.00137	0.03302	0.00481	0.04417	0.00561
45	0.07206	0.08421	0.16852	0.07748	0.11515	0.02633	0.09498	0.10419	0.04469	0.12197	0.02550	0.01185	0.00803	0.00461	0.00415	0.00133	0.00513	0.02072	0.00293	0.00618
46	0.05501	0.04002	0.26995	0.05392	0.06369	0.00878	0.13433	0.01235	0.06286	0.01417	0.10962	0.06634	0.06412	0.00583	0.00447	0.00141	0.00491	0.01995	0.00278	0.00547
47	0.00704	0.00484	0.00650	0.00722	0.00817	0.00473	0.00590	0.02873	0.00978	0.04196	0.02365	0.27736	0.06705	0.01190	0.00567	0.00185	0.00345	0.47613	0.00404	0.00402
48	0.06980	0.09599	0.04105	0.02424	0.11106	0.06064	0.08686	0.18520	0.09792	0.16868	0.01085	0.01118	0.00789	0.00464	0.00410	0.00129	0.00484	0.00383	0.00344	0.00650
49	0.02752	0.28516	0.32620	0.01118	0.05255	0.01223	0.07797	0.06235	0.01004	0.08497	0.00821	0.00920	0.00619	0.00408	0.00376	0.00122	0.00542	0.00322	0.00235	0.00618
50	0.00526	0.00378	0.00499	0.00593	0.00624	0.00352	0.00398	0.00605	0.00838	0.01115	0.04097	0.80243	0.05475	0.01331	0.00548	0.00173	0.00248	0.01205	0.00401	0.00352
51	0.01066	0.01023	0.01748	0.02644	0.82174	0.01023	0.01322	0.01322	0.00981	0.01407	0.00810	0.01066	0.00682	0.00384	0.00426	0.00128	0.00512	0.00384	0.00213	0.00682
52	0.03136	0.00732	0.02172	0.01042	0.15751	0.00701	0.01592	0.08597	0.05137	0.14921	0.32729	0.04172	0.06136	0.00682	0.00464	0.00135	0.00336	0.00594	0.00413	0.00557
53	0.00907	0.00902	0.06379	0.03951	0.07714	0.00841	0.23771	0.01189	0.04246	0.06614	0.09338	0.05626	0.11570	0.00792	0.05560	0.00180	0.09026	0.00572	0.00298	0.00524
54	0.00525	0.00375	0.00500	0.00600	0.00625	0.00350	0.00400	0.00600	0.00825	0.01100	0.02374	0.84580	0.02849	0.01350	0.00550	0.00175	0.00250	0.01225	0.00400	0.00350
55	0.00615	0.00462	0.00692	0.00692	0.00769	0.00538	0.00538	0.00769	0.00692	0.01000	0.01154	0.01692	0.01077	0.03231	0.83154	0.00692	0.01154	0.00462	0.00231	0.00385
56	0.23163	0.02242	0.00997	0.00762	0.01084	0.00776	0.03476	0.04694	0.01124	0.55332	0.01354	0.01237	0.00882	0.00491	0.00392	0.00133	0.00377	0.00381	0.00446	0.00658
57	0.01011	0.00968	0.01650	0.20200	0.65046	0.01009	0.01295	0.01274	0.00955	0.01341	0.00801	0.01084	0.00659	0.00394	0.00427	0.00131	0.00525	0.00384	0.00209	0.00638
58	0.00626	0.00418	0.00470	0.00470	0.00470	0.00418	0.00261	0.00626	0.00626	0.00835	0.01357	0.02819	0.01566	0.84862	0.02192	0.00418	0.00418	0.00626	0.00261	0.00261
59	0.77892	0.00867	0.00740	0.00734	0.06355	0.02140	0.00546	0.01269	0.00754	0.01855	0.00614	0.00734	0.00486	0.00411	0.00318	0.00134	0.03162	0.00249	0.00260	0.00482
60	0.01250	0.27976	0.04419	0.09151	0.13755	0.13880	0.00926	0.15851	0.06296	0.01460	0.00816	0.00934	0.00656	0.00431	0.00374	0.00117	0.00529	0.00324	0.00256	0.00601
61	0.01524	0.01422	0.01361	0.03984	0.01447	0.31732	0.09652	0.23926	0.02889	0.12318	0.00948	0.01019	0.00699	0.00485	0.00472	0.00128	0.04698	0.00367	0.00323	0.00606
62	0.00509	0.00436	0.00436	0.00436	0.00582	0.00364	0.00327	0.00618	0.00982	0.01164	0.04364	0.04146	0.82000	0.01091	0.00509	0.00145	0.00218	0.00909	0.00400	0.00364
63	0.01586	0.01951	0.01249	0.01113	0.01341	0.73990	0.02071	0.07393	0.01262	0.01179	0.00693	0.00805	0.00569	0.00455	0.00418	0.00115	0.02765	0.00291	0.00236	0.00517
64	0.00525	0.00375	0.00500	0.00600	0.00625	0.00350	0.00400	0.00600	0.00825	0.01100	0.02374	0.84580	0.02849	0.01350	0.00550	0.00175	0.00250	0.01225	0.00400	0.00350
65	0.00906	0.14372	0.70855	0.01156	0.01753	0.01104	0.01466	0.01353	0.00904	0.01313	0.00748	0.00877	0.00547	0.00403	0.00390	0.00130	0.00611	0.00305	0.00182	0.00624

[dist]
# distance from previous block
# <min> <max>
0	6

# created by:
# /st0/software/busco_prod/Augustus/scripts/msa2prfl.pl ./align_prep/1459797.fa
