[name]
unknown

[dist]
# distance from previous block
# <min> <max>
0	181

[block]
# block no. 0 follows, 55 sequences, length 17
# corresponding to MSA columns:
# 274-290
name=unknown_A
#
# <colnr> <probs for GDERKNQSTAVLIFYWHMCP>
#	G	D	E	R	K	N	Q	S	T	A	V	L	I	F	Y	W	H	M	C	P
0	0.01291	0.05592	0.03098	0.01178	0.06259	0.07360	0.14563	0.16182	0.01329	0.09861	0.08104	0.01605	0.04425	0.00556	0.00465	0.00132	0.00513	0.03087	0.00356	0.14043
1	0.13684	0.06786	0.11379	0.01083	0.05383	0.03774	0.09249	0.08526	0.01174	0.18681	0.04303	0.03436	0.02610	0.00525	0.00432	0.00137	0.00492	0.00434	0.00352	0.07560
2	0.05186	0.01128	0.14214	0.01392	0.20908	0.00871	0.04057	0.03343	0.03873	0.10496	0.07766	0.05552	0.02791	0.00548	0.00449	0.00133	0.00464	0.00478	0.00327	0.16025
3	0.01111	0.05106	0.02740	0.04236	0.08368	0.03907	0.04969	0.01385	0.05313	0.10016	0.02806	0.06590	0.03146	0.00540	0.00427	0.00117	0.00430	0.02727	0.00326	0.35738
4	0.04574	0.03494	0.01304	0.05679	0.14735	0.08200	0.00892	0.16577	0.24900	0.01864	0.01222	0.01341	0.00959	0.01884	0.00473	0.00142	0.00485	0.01508	0.00357	0.09412
5	0.04457	0.16824	0.03567	0.03677	0.29045	0.01097	0.03039	0.04265	0.01052	0.05792	0.00960	0.05233	0.00828	0.00467	0.00409	0.00121	0.00479	0.00400	0.00272	0.18018
6	0.00988	0.08182	0.33923	0.02585	0.05087	0.00930	0.01087	0.05481	0.01088	0.05478	0.12685	0.08228	0.01460	0.05107	0.00561	0.00158	0.00505	0.00518	0.00306	0.05644
7	0.01215	0.01263	0.28816	0.00963	0.01347	0.00763	0.03276	0.01500	0.01068	0.26821	0.05506	0.08596	0.03420	0.08740	0.04422	0.00207	0.00529	0.00553	0.00371	0.00621
8	0.00846	0.02949	0.05249	0.09612	0.07135	0.00811	0.12866	0.01195	0.09382	0.01393	0.06436	0.13778	0.11061	0.03009	0.07807	0.00220	0.00536	0.04855	0.00335	0.00525
9	0.01502	0.05735	0.08015	0.01016	0.02695	0.09823	0.06772	0.04864	0.05092	0.33236	0.03064	0.13444	0.01315	0.00666	0.00477	0.00147	0.00489	0.00566	0.00422	0.00660
10	0.00631	0.00462	0.00556	0.00555	0.00641	0.00427	0.00390	0.00762	0.01061	0.01425	0.35396	0.12449	0.20230	0.20112	0.00975	0.00225	0.00287	0.02598	0.00431	0.00386
11	0.04686	0.00750	0.00984	0.00789	0.01096	0.00678	0.00639	0.02004	0.05543	0.60815	0.11020	0.05911	0.01619	0.00662	0.00478	0.00147	0.00366	0.00550	0.00546	0.00717
12	0.01267	0.05915	0.13898	0.03849	0.28015	0.20178	0.07522	0.01654	0.09081	0.02836	0.00944	0.01108	0.00745	0.00457	0.00448	0.00137	0.00637	0.00391	0.00256	0.00662
13	0.00850	0.04843	0.00994	0.01023	0.12157	0.00764	0.00661	0.03560	0.00818	0.01136	0.01152	0.04962	0.01172	0.22125	0.23340	0.11040	0.08191	0.00527	0.00256	0.00431
14	0.00632	0.00437	0.00575	0.00641	0.00703	0.00405	0.00450	0.00748	0.00995	0.03548	0.16389	0.59290	0.07490	0.01321	0.00582	0.00180	0.00270	0.04493	0.00450	0.00403
15	0.00916	0.00861	0.01447	0.62241	0.14532	0.01025	0.02690	0.01203	0.00940	0.01234	0.00887	0.01370	0.00721	0.03758	0.00572	0.00167	0.02758	0.01920	0.00218	0.00540
16	0.09159	0.12872	0.01395	0.01183	0.13424	0.09125	0.03864	0.19119	0.01220	0.02974	0.01001	0.01427	0.00899	0.17719	0.00845	0.01939	0.00529	0.00426	0.00302	0.00580

[dist]
# distance from previous block
# <min> <max>
0	4

[block]
# block no. 1 follows, 55 sequences, length 10
# corresponding to MSA columns:
# 295-303,309
name=unknown_B
#
# <colnr> <probs for GDERKNQSTAVLIFYWHMCP>
#	G	D	E	R	K	N	Q	S	T	A	V	L	I	F	Y	W	H	M	C	P
0	0.11243	0.15292	0.12151	0.01221	0.07855	0.36798	0.03712	0.01590	0.01115	0.01332	0.00857	0.00984	0.03043	0.00469	0.00399	0.00127	0.00664	0.00331	0.00238	0.00579
1	0.00664	0.00457	0.00568	0.00617	0.00691	0.00439	0.00440	0.00853	0.04458	0.01450	0.17915	0.45539	0.05723	0.01163	0.00539	0.00167	0.00261	0.03982	0.13660	0.00417
2	0.01063	0.01127	0.11940	0.04759	0.28712	0.00883	0.01045	0.03864	0.01069	0.03899	0.05323	0.01205	0.00913	0.00434	0.00421	0.00115	0.00473	0.00380	0.00275	0.32102
3	0.01205	0.00964	0.01171	0.01055	0.06540	0.01018	0.04858	0.14804	0.34400	0.05746	0.07854	0.01771	0.05614	0.00615	0.00470	0.00142	0.00404	0.00523	0.02093	0.08752
4	0.01057	0.00951	0.01603	0.42878	0.38015	0.01050	0.01325	0.01346	0.01007	0.05043	0.00895	0.01216	0.00697	0.00447	0.00463	0.00147	0.00579	0.00416	0.00234	0.00629
5	0.01198	0.01071	0.06349	0.03164	0.13681	0.04510	0.05692	0.08910	0.22995	0.07329	0.07140	0.01525	0.01219	0.00685	0.00634	0.10413	0.00477	0.00476	0.00360	0.02171
6	0.22102	0.00862	0.00903	0.00775	0.01050	0.00931	0.00620	0.05646	0.27611	0.20157	0.04174	0.01493	0.01182	0.00568	0.00413	0.00145	0.00358	0.00442	0.09917	0.00652
7	0.00985	0.00828	0.00927	0.04041	0.10932	0.09076	0.00685	0.03250	0.06905	0.07366	0.13626	0.08895	0.20901	0.04131	0.00589	0.00165	0.00401	0.05375	0.00398	0.00524
8	0.00640	0.00456	0.00590	0.00663	0.00714	0.00443	0.00480	0.00742	0.00891	0.01174	0.02361	0.37902	0.07133	0.19572	0.04869	0.00278	0.00393	0.19939	0.00389	0.00372
9	0.01117	0.08253	0.08673	0.01221	0.01519	0.17517	0.20028	0.04247	0.01125	0.01383	0.03370	0.09822	0.01341	0.00769	0.02288	0.00170	0.02546	0.13765	0.00297	0.00548

[dist]
# distance from previous block
# <min> <max>
2	3

[block]
# block no. 2 follows, 55 sequences, length 7
# corresponding to MSA columns:
# 314-320
name=unknown_C
#
# <colnr> <probs for GDERKNQSTAVLIFYWHMCP>
#	G	D	E	R	K	N	Q	S	T	A	V	L	I	F	Y	W	H	M	C	P
0	0.00974	0.06404	0.10563	0.37751	0.06163	0.06002	0.07941	0.01268	0.00998	0.01296	0.03128	0.01403	0.06053	0.00509	0.00477	0.00143	0.02215	0.00440	0.00238	0.06033
1	0.03484	0.00635	0.00858	0.03804	0.10083	0.00631	0.00625	0.01134	0.05677	0.06548	0.50162	0.02838	0.08112	0.00827	0.00541	0.00148	0.02210	0.00717	0.00451	0.00515
2	0.01009	0.25264	0.37896	0.05090	0.06677	0.01251	0.01248	0.01342	0.00933	0.01287	0.00830	0.01102	0.00696	0.05615	0.04206	0.00181	0.04199	0.00354	0.00208	0.00612
3	0.00666	0.00483	0.00647	0.00663	0.00746	0.00514	0.00502	0.00807	0.00834	0.01158	0.01949	0.07150	0.12195	0.13347	0.42827	0.00506	0.00806	0.08018	0.05786	0.00395
4	0.00675	0.00453	0.00517	0.00514	0.00524	0.00450	0.00296	0.00694	0.00732	0.00986	0.08333	0.03082	0.01926	0.76465	0.02210	0.00425	0.00431	0.00691	0.00302	0.00296
5	0.00932	0.00817	0.01169	0.27593	0.15263	0.00904	0.00940	0.04434	0.14465	0.01488	0.07388	0.03782	0.10541	0.05680	0.00604	0.00172	0.00465	0.02470	0.00330	0.00563
6	0.35079	0.00769	0.00798	0.00683	0.00935	0.00803	0.00546	0.05951	0.01080	0.21609	0.11908	0.01719	0.04895	0.06048	0.05137	0.00198	0.00409	0.00468	0.00404	0.00559

[dist]
# distance from previous block
# <min> <max>
0	4

[block]
# block no. 3 follows, 55 sequences, length 9
# corresponding to MSA columns:
# 325-333
name=unknown_D
#
# <colnr> <probs for GDERKNQSTAVLIFYWHMCP>
#	G	D	E	R	K	N	Q	S	T	A	V	L	I	F	Y	W	H	M	C	P
0	0.01276	0.01096	0.01619	0.02062	0.46357	0.03585	0.04395	0.15470	0.03003	0.05548	0.01162	0.01442	0.02708	0.00565	0.01937	0.00153	0.00543	0.03518	0.02857	0.00704
1	0.01143	0.23888	0.05013	0.21031	0.26377	0.01309	0.01162	0.03718	0.01012	0.03951	0.00819	0.01058	0.00671	0.00462	0.00494	0.00137	0.06527	0.00367	0.00231	0.00631
2	0.01545	0.00660	0.00874	0.00725	0.00958	0.00588	0.00556	0.01677	0.01142	0.50983	0.06261	0.09929	0.01641	0.19220	0.00909	0.00217	0.00386	0.00618	0.00493	0.00618
3	0.06304	0.00615	0.00724	0.00680	0.00825	0.03364	0.03005	0.01013	0.05751	0.01682	0.44430	0.10537	0.13066	0.00958	0.00533	0.00155	0.00295	0.05149	0.00455	0.00458
4	0.03225	0.26512	0.06442	0.25625	0.06894	0.07167	0.01037	0.06114	0.06007	0.05518	0.00900	0.01069	0.00702	0.00462	0.00406	0.00132	0.00558	0.00357	0.00261	0.00611
5	0.01256	0.00621	0.00792	0.00698	0.00865	0.00600	0.00520	0.01432	0.06285	0.30983	0.01671	0.07984	0.01462	0.23546	0.04483	0.05842	0.01845	0.02295	0.06293	0.00528
6	0.00578	0.00426	0.00544	0.00627	0.00683	0.00391	0.00436	0.00679	0.00949	0.01244	0.06957	0.62503	0.15625	0.01377	0.00587	0.00183	0.00270	0.05118	0.00436	0.00386
7	0.00897	0.00737	0.02880	0.07820	0.11498	0.00722	0.07157	0.01146	0.05429	0.06485	0.01800	0.30139	0.01875	0.01046	0.02680	0.02867	0.02398	0.11549	0.00360	0.00515
8	0.01556	0.17073	0.07888	0.03616	0.03523	0.21218	0.00941	0.25031	0.04634	0.08748	0.00987	0.01039	0.00742	0.00497	0.00421	0.00129	0.00592	0.00360	0.00334	0.00672

[dist]
# distance from previous block
# <min> <max>
0	1

[block]
# block no. 4 follows, 55 sequences, length 6
# corresponding to MSA columns:
# 335-340
name=unknown_E
#
# <colnr> <probs for GDERKNQSTAVLIFYWHMCP>
#	G	D	E	R	K	N	Q	S	T	A	V	L	I	F	Y	W	H	M	C	P
0	0.01420	0.08952	0.05932	0.00917	0.01323	0.01137	0.00800	0.36568	0.01539	0.06884	0.01002	0.01051	0.00749	0.00466	0.00408	0.00113	0.00457	0.00353	0.00368	0.29561
1	0.01272	0.08010	0.19377	0.03473	0.23019	0.03035	0.01145	0.03300	0.01095	0.16405	0.02832	0.01184	0.00839	0.00477	0.00477	0.00134	0.03804	0.00388	0.00300	0.09434
2	0.00743	0.00517	0.00753	0.00818	0.06544	0.00535	0.00544	0.00803	0.00788	0.01107	0.06990	0.08326	0.01458	0.10155	0.31548	0.22986	0.00709	0.00566	0.00273	0.03834
3	0.05521	0.01035	0.07679	0.05115	0.12738	0.00937	0.00907	0.13754	0.05875	0.26456	0.03969	0.01405	0.01037	0.00744	0.06371	0.00184	0.00521	0.00438	0.00400	0.04914
4	0.07467	0.10124	0.10032	0.04957	0.29675	0.05578	0.06992	0.08063	0.03539	0.03793	0.00900	0.01074	0.00710	0.00441	0.00429	0.00134	0.00559	0.00380	0.00267	0.04889
5	0.12261	0.00925	0.01099	0.08273	0.11709	0.05741	0.00798	0.07399	0.03336	0.17149	0.04105	0.03888	0.14030	0.00671	0.00537	0.00150	0.06428	0.00529	0.00373	0.00600

[dist]
# distance from previous block
# <min> <max>
3	17

[block]
# block no. 5 follows, 55 sequences, length 28
# corresponding to MSA columns:
# 358-367,373-390
name=unknown_F
#
# <colnr> <probs for GDERKNQSTAVLIFYWHMCP>
#	G	D	E	R	K	N	Q	S	T	A	V	L	I	F	Y	W	H	M	C	P
0	0.01231	0.25244	0.01631	0.04865	0.09444	0.04667	0.00889	0.09060	0.24754	0.01590	0.01103	0.01178	0.00882	0.00527	0.00508	0.00136	0.07909	0.00390	0.00315	0.03674
1	0.02694	0.08396	0.06869	0.49476	0.05780	0.07631	0.06682	0.01301	0.00979	0.01248	0.00889	0.01200	0.02342	0.00473	0.00470	0.00147	0.02251	0.00404	0.00217	0.00551
2	0.01161	0.09361	0.26822	0.01103	0.04269	0.02536	0.06289	0.02734	0.03397	0.16313	0.02831	0.15402	0.02337	0.00658	0.00469	0.00147	0.00512	0.00565	0.00336	0.02757
3	0.01415	0.14094	0.20215	0.01193	0.04813	0.01285	0.06860	0.27030	0.06433	0.10574	0.01084	0.01131	0.00785	0.00495	0.00441	0.00138	0.00551	0.00397	0.00348	0.00720
4	0.04599	0.00663	0.00828	0.00706	0.00933	0.00621	0.00555	0.04682	0.04501	0.31373	0.26490	0.09144	0.03667	0.00768	0.00486	0.00145	0.00316	0.00652	0.06589	0.02281
5	0.00872	0.02894	0.27728	0.04389	0.04223	0.00830	0.07117	0.01265	0.05944	0.03215	0.23393	0.02189	0.10020	0.03237	0.00552	0.00158	0.00475	0.00591	0.00340	0.00569
6	0.02983	0.21179	0.19131	0.01094	0.04631	0.15367	0.01019	0.01575	0.01069	0.14357	0.01067	0.02879	0.02589	0.00542	0.00503	0.00137	0.07199	0.01771	0.00285	0.00623
7	0.00752	0.00515	0.00636	0.00623	0.00725	0.00514	0.00453	0.00938	0.05193	0.05621	0.13753	0.08551	0.15649	0.21365	0.17237	0.00347	0.00512	0.03707	0.02489	0.00419
8	0.00805	0.00482	0.00599	0.00616	0.00703	0.00455	0.00442	0.00920	0.00955	0.09298	0.07384	0.27367	0.07770	0.20478	0.00967	0.00235	0.00332	0.09687	0.10092	0.00414
9	0.03009	0.13402	0.06172	0.02805	0.13631	0.16301	0.07067	0.03075	0.07874	0.04501	0.04343	0.01330	0.04167	0.00542	0.00521	0.00139	0.07150	0.00424	0.02938	0.00608
10	0.02367	0.02639	0.03661	0.10657	0.10116	0.04850	0.06183	0.08625	0.11133	0.01583	0.08210	0.22993	0.03431	0.00798	0.00505	0.00157	0.00454	0.00710	0.00361	0.00565
11	0.00587	0.00427	0.00558	0.00655	0.00704	0.00398	0.00461	0.00687	0.00929	0.01218	0.02765	0.66416	0.10689	0.01410	0.00595	0.00189	0.00285	0.10212	0.00431	0.00385
12	0.00664	0.00540	0.00614	0.00631	0.00749	0.02933	0.00444	0.00770	0.00943	0.01242	0.02642	0.49931	0.18219	0.03623	0.00594	0.00170	0.00297	0.01043	0.00398	0.13552
13	0.02728	0.01041	0.06983	0.11141	0.10234	0.05461	0.09186	0.06707	0.05153	0.03223	0.01320	0.14288	0.01236	0.00729	0.02178	0.00162	0.01854	0.05050	0.02255	0.09070
14	0.01230	0.02218	0.01496	0.04538	0.28977	0.07698	0.03204	0.13463	0.01162	0.04814	0.00963	0.01261	0.00808	0.03380	0.10873	0.00233	0.12340	0.00427	0.00281	0.00632
15	0.14940	0.02536	0.01455	0.03580	0.10732	0.14933	0.16068	0.03115	0.04045	0.06390	0.01998	0.09014	0.01064	0.00607	0.00505	0.00152	0.03739	0.04240	0.00307	0.00580
16	0.00686	0.00525	0.00658	0.00775	0.05214	0.02710	0.00501	0.00780	0.00896	0.01183	0.05135	0.43440	0.02525	0.22280	0.01038	0.00252	0.00365	0.10271	0.00380	0.00387
17	0.00872	0.00502	0.00626	0.00605	0.00681	0.00482	0.00406	0.00944	0.00875	0.13302	0.07420	0.15775	0.03254	0.44365	0.05958	0.00347	0.00437	0.02379	0.00371	0.00399
18	0.00747	0.00632	0.00894	0.00821	0.00905	0.00695	0.05624	0.02487	0.00947	0.01303	0.13727	0.26126	0.10862	0.09904	0.05159	0.00236	0.17294	0.00846	0.00360	0.00432
19	0.00905	0.00837	0.01324	0.68075	0.02839	0.00991	0.01171	0.01259	0.05397	0.01271	0.00887	0.01235	0.00674	0.00460	0.00451	0.00145	0.00573	0.00403	0.00230	0.10874
20	0.01150	0.00583	0.00763	0.05261	0.00958	0.00544	0.00538	0.01353	0.01206	0.26517	0.30036	0.05716	0.05356	0.00756	0.00477	0.00141	0.00299	0.00646	0.17152	0.00548
21	0.03560	0.16969	0.14037	0.05860	0.14488	0.02192	0.04213	0.12179	0.02932	0.06109	0.04703	0.08565	0.01094	0.00571	0.00443	0.00140	0.00516	0.00479	0.00308	0.00642
22	0.01058	0.01012	0.01707	0.27916	0.51775	0.01101	0.01362	0.01335	0.00999	0.01393	0.00845	0.01172	0.00693	0.00453	0.00522	0.00147	0.05222	0.00414	0.00221	0.00655
23	0.09875	0.02046	0.00669	0.00629	0.00768	0.00556	0.00478	0.00994	0.04572	0.04768	0.34650	0.19830	0.12729	0.01007	0.00524	0.00159	0.00275	0.04561	0.00453	0.00457
24	0.01028	0.12577	0.03727	0.00977	0.07271	0.05489	0.00749	0.01307	0.07422	0.04442	0.15108	0.03800	0.01663	0.04911	0.00636	0.00153	0.07151	0.06930	0.00336	0.14322
25	0.01151	0.00945	0.01442	0.03322	0.37820	0.00909	0.03450	0.06861	0.01156	0.08072	0.09048	0.01471	0.02457	0.00617	0.03773	0.00153	0.00498	0.00454	0.00315	0.16085
26	0.01229	0.01108	0.07553	0.04289	0.18027	0.02158	0.05158	0.10305	0.14136	0.10542	0.01501	0.01686	0.07023	0.00624	0.00595	0.00156	0.09324	0.03569	0.00353	0.00666
27	0.03617	0.01351	0.25667	0.01405	0.17250	0.02211	0.05771	0.01439	0.05809	0.07905	0.07911	0.07218	0.03724	0.00587	0.00468	0.00144	0.00512	0.00514	0.00311	0.06187

[dist]
# distance from previous block
# <min> <max>
0	81

[block]
# block no. 6 follows, 55 sequences, length 7
# corresponding to MSA columns:
# 500-506
name=unknown_G
#
# <colnr> <probs for GDERKNQSTAVLIFYWHMCP>
#	G	D	E	R	K	N	Q	S	T	A	V	L	I	F	Y	W	H	M	C	P
0	0.00942	0.00665	0.00949	0.05745	0.15737	0.00633	0.00690	0.01076	0.00996	0.09595	0.10074	0.02345	0.16050	0.06426	0.04319	0.12619	0.00428	0.02655	0.00341	0.07717
1	0.00996	0.00970	0.04293	0.12138	0.24037	0.01021	0.01027	0.01439	0.16572	0.01475	0.03800	0.08308	0.03501	0.00647	0.00630	0.00155	0.12599	0.00531	0.00304	0.05556
2	0.07833	0.00463	0.00571	0.00630	0.00698	0.00448	0.00440	0.00761	0.00981	0.01420	0.20414	0.57962	0.03164	0.01254	0.00558	0.00175	0.00266	0.01122	0.00438	0.00403
3	0.01022	0.05648	0.31936	0.04001	0.15513	0.02811	0.08941	0.01367	0.01039	0.06004	0.04447	0.09521	0.04535	0.00593	0.00474	0.00148	0.00568	0.00525	0.00276	0.00629
4	0.00742	0.00620	0.03226	0.03978	0.00926	0.00535	0.00561	0.00930	0.01099	0.03868	0.24356	0.05946	0.25768	0.02608	0.00591	0.00158	0.02506	0.10476	0.00414	0.10692
5	0.01114	0.01220	0.11367	0.01040	0.01263	0.09011	0.00916	0.04752	0.07616	0.04634	0.04406	0.01317	0.00954	0.05117	0.03537	0.00190	0.29605	0.00421	0.00283	0.11235
6	0.04508	0.12790	0.12283	0.05259	0.03944	0.07069	0.06771	0.01306	0.00994	0.01406	0.02388	0.03876	0.00848	0.00480	0.00438	0.00118	0.03152	0.02467	0.00255	0.29647

[dist]
# distance from previous block
# <min> <max>
8	11

[block]
# block no. 7 follows, 55 sequences, length 10
# corresponding to MSA columns:
# 521-530
name=unknown_H
#
# <colnr> <probs for GDERKNQSTAVLIFYWHMCP>
#	G	D	E	R	K	N	Q	S	T	A	V	L	I	F	Y	W	H	M	C	P
0	0.00890	0.00567	0.00759	0.00707	0.00799	0.00607	0.00524	0.01008	0.00896	0.12296	0.11551	0.07773	0.03764	0.23729	0.23659	0.00403	0.08633	0.00644	0.00349	0.00441
1	0.00668	0.00484	0.00673	0.00673	0.00730	0.00541	0.00488	0.00783	0.00726	0.01025	0.01314	0.02206	0.01327	0.28429	0.57092	0.00655	0.00999	0.00554	0.00259	0.00374
2	0.05377	0.00615	0.00782	0.00675	0.00875	0.00574	0.00526	0.01395	0.04266	0.26839	0.46477	0.02666	0.02986	0.03187	0.00560	0.00155	0.00294	0.00678	0.00513	0.00560
3	0.00808	0.00404	0.00606	0.00606	0.00606	0.00404	0.00404	0.00606	0.00606	0.00808	0.00808	0.01414	0.00808	0.01616	0.01818	0.86465	0.00404	0.00404	0.00202	0.00202
4	0.00776	0.00619	0.00666	0.00674	0.00802	0.04007	0.00498	0.01067	0.12610	0.03959	0.07589	0.26278	0.24769	0.06671	0.00672	0.00188	0.00325	0.06945	0.00429	0.00456
5	0.00676	0.00479	0.00665	0.00665	0.00718	0.00531	0.00479	0.00771	0.00718	0.01010	0.01291	0.02184	0.01308	0.28308	0.52795	0.05281	0.00953	0.00549	0.00257	0.00362
6	0.01038	0.31644	0.26720	0.01053	0.01485	0.04694	0.08574	0.01334	0.01024	0.01338	0.08763	0.05852	0.03528	0.00551	0.00421	0.00132	0.00551	0.00449	0.00254	0.00592
7	0.21456	0.00897	0.01121	0.03979	0.21061	0.00846	0.00775	0.01259	0.00951	0.01630	0.00980	0.01137	0.04430	0.00426	0.00374	0.00111	0.00405	0.00343	0.00272	0.37547
8	0.01009	0.00839	0.01062	0.23866	0.03099	0.02498	0.00807	0.11454	0.09224	0.03462	0.12561	0.03535	0.11135	0.00653	0.00472	0.00139	0.00429	0.00552	0.00361	0.12844
9	0.01150	0.01120	0.01667	0.12117	0.03486	0.05127	0.21047	0.10554	0.07483	0.01569	0.00929	0.01165	0.00736	0.00523	0.00681	0.00149	0.17088	0.00432	0.00277	0.12698

[dist]
# distance from previous block
# <min> <max>
0	1

[block]
# block no. 8 follows, 55 sequences, length 37
# corresponding to MSA columns:
# 532-568
name=unknown_I
#
# <colnr> <probs for GDERKNQSTAVLIFYWHMCP>
#	G	D	E	R	K	N	Q	S	T	A	V	L	I	F	Y	W	H	M	C	P
0	0.00741	0.00548	0.00698	0.00689	0.03025	0.00485	0.00475	0.00832	0.00891	0.01256	0.06268	0.26843	0.06910	0.08934	0.03848	0.11388	0.00363	0.01874	0.02069	0.21861
1	0.02472	0.00713	0.01099	0.06360	0.22083	0.00773	0.00853	0.01033	0.02289	0.01217	0.01162	0.01968	0.01125	0.04181	0.15088	0.19463	0.06098	0.11295	0.00259	0.00470
2	0.02632	0.04115	0.01484	0.05877	0.05768	0.09641	0.18895	0.01552	0.19014	0.01484	0.04794	0.03252	0.03058	0.00976	0.11135	0.00230	0.00650	0.04541	0.00320	0.00583
3	0.00867	0.00683	0.00948	0.01137	0.17206	0.00719	0.00686	0.01172	0.15457	0.01277	0.01524	0.09677	0.04765	0.13398	0.13703	0.14849	0.00546	0.00596	0.00309	0.00481
4	0.00866	0.00503	0.00639	0.00630	0.00754	0.00452	0.00456	0.00991	0.01062	0.16003	0.16102	0.35540	0.16612	0.06344	0.00667	0.00184	0.00290	0.00981	0.00463	0.00461
5	0.03580	0.00499	0.00620	0.00648	0.00750	0.00488	0.00488	0.00855	0.00931	0.05391	0.02548	0.21910	0.18954	0.11842	0.13275	0.00300	0.00471	0.14092	0.01948	0.00410
6	0.44829	0.00934	0.00916	0.00758	0.01069	0.01013	0.00621	0.15085	0.05310	0.20554	0.04023	0.01162	0.00896	0.00517	0.00380	0.00144	0.00390	0.00367	0.00403	0.00630
7	0.06570	0.00586	0.00677	0.00629	0.00786	0.00558	0.00461	0.02303	0.04900	0.17159	0.07591	0.16962	0.20216	0.17468	0.00882	0.00217	0.00334	0.00791	0.00429	0.00480
8	0.14785	0.00557	0.00622	0.00616	0.00746	0.00549	0.00448	0.02533	0.01009	0.07234	0.15774	0.30657	0.12806	0.08749	0.00684	0.00190	0.00302	0.00880	0.00419	0.00440
9	0.05378	0.00522	0.00684	0.00689	0.00800	0.00501	0.00522	0.01002	0.01002	0.12432	0.14983	0.25361	0.02439	0.03512	0.00796	0.13122	0.00338	0.15068	0.00418	0.00432
10	0.00730	0.00530	0.00676	0.00650	0.00798	0.00470	0.00498	0.00909	0.01121	0.03798	0.33464	0.20225	0.08841	0.01020	0.00538	0.00154	0.00284	0.11515	0.00444	0.13335
11	0.01042	0.00577	0.00730	0.00672	0.00841	0.00528	0.00509	0.04062	0.02131	0.22319	0.20656	0.23243	0.14684	0.03664	0.00595	0.00169	0.00305	0.02269	0.00485	0.00520
12	0.30973	0.00650	0.00667	0.00620	0.00808	0.00667	0.00474	0.01155	0.01005	0.11669	0.18437	0.15385	0.09396	0.05489	0.00557	0.00170	0.00314	0.00671	0.00408	0.00483
13	0.01024	0.00643	0.00765	0.00690	0.00878	0.00629	0.00530	0.01420	0.17310	0.17175	0.23885	0.04306	0.16981	0.08035	0.00679	0.00180	0.00316	0.03532	0.00477	0.00545
14	0.00630	0.00457	0.00547	0.00590	0.00672	0.00419	0.00419	0.00731	0.00955	0.02740	0.06207	0.32342	0.27847	0.14579	0.00867	0.00221	0.00304	0.08679	0.00413	0.00383
15	0.06436	0.00722	0.00941	0.00777	0.01059	0.00654	0.00620	0.01875	0.03843	0.56328	0.05598	0.15956	0.01614	0.00742	0.00484	0.00152	0.00363	0.00625	0.00528	0.00685
16	0.09757	0.00560	0.00657	0.00609	0.00778	0.00534	0.00469	0.01067	0.01106	0.13345	0.26043	0.09290	0.21967	0.01144	0.07541	0.00203	0.00357	0.00755	0.03341	0.00479
17	0.00896	0.00657	0.00631	0.00598	0.00735	0.07547	0.00451	0.01209	0.08687	0.01734	0.26803	0.02277	0.04019	0.00691	0.00424	0.00127	0.00286	0.00574	0.41182	0.00473
18	0.00621	0.00432	0.00574	0.00673	0.00720	0.00413	0.00484	0.00733	0.00926	0.01251	0.02465	0.62246	0.02869	0.03064	0.00625	0.00195	0.00301	0.15918	0.05103	0.00389
19	0.00666	0.00451	0.00533	0.00542	0.00552	0.00457	0.00323	0.00689	0.00702	0.00943	0.01540	0.09882	0.01762	0.69010	0.09671	0.00456	0.00510	0.00716	0.00292	0.00303
20	0.00965	0.00827	0.00965	0.00689	0.01102	0.00620	0.00551	0.01171	0.00965	0.01516	0.00827	0.00965	0.00689	0.00345	0.00345	0.00069	0.00345	0.00276	0.00276	0.86494
21	0.00580	0.00426	0.00544	0.00613	0.00672	0.00390	0.00422	0.00690	0.00987	0.01313	0.16151	0.58769	0.14068	0.01332	0.00580	0.00177	0.00257	0.01193	0.00446	0.00390
22	0.00848	0.00450	0.00664	0.00661	0.00701	0.00457	0.00475	0.00757	0.00705	0.05091	0.01071	0.01817	0.01041	0.01814	0.13640	0.61636	0.00532	0.07106	0.00248	0.00284
23	0.00965	0.00827	0.00965	0.00689	0.01102	0.00620	0.00551	0.01171	0.00965	0.01516	0.00827	0.00965	0.00689	0.00345	0.00345	0.00069	0.00345	0.00276	0.00276	0.86494
24	0.01103	0.00853	0.05178	0.03872	0.01163	0.02637	0.00739	0.04680	0.02737	0.15112	0.03898	0.07839	0.04665	0.01088	0.10618	0.01873	0.09881	0.06699	0.00357	0.15010
25	0.05521	0.01054	0.11134	0.07062	0.08902	0.02637	0.04896	0.12916	0.06537	0.01679	0.11374	0.05171	0.02489	0.04920	0.00696	0.07710	0.00482	0.03927	0.00335	0.00560
26	0.00754	0.00488	0.00631	0.00669	0.00774	0.00461	0.00523	0.00927	0.01079	0.05822	0.18679	0.23909	0.09215	0.01131	0.00559	0.00174	0.00305	0.23642	0.09821	0.00435
27	0.08391	0.00896	0.01445	0.57490	0.20474	0.01051	0.01254	0.01258	0.00947	0.01341	0.00822	0.01178	0.00636	0.00451	0.00449	0.00150	0.00582	0.00400	0.00219	0.00565
28	0.00834	0.00828	0.04607	0.08340	0.05869	0.00795	0.16934	0.01060	0.01025	0.02557	0.14558	0.20154	0.10218	0.00858	0.00642	0.00165	0.08939	0.00770	0.00342	0.00506
29	0.54350	0.00767	0.00690	0.00642	0.00866	0.00869	0.00511	0.01265	0.04974	0.02962	0.05582	0.07345	0.02602	0.00960	0.10790	0.00225	0.00453	0.00434	0.03222	0.00491
30	0.00813	0.00554	0.00693	0.00639	0.00780	0.00528	0.00484	0.05460	0.03967	0.06747	0.57452	0.10135	0.08031	0.00951	0.00540	0.00150	0.00257	0.00833	0.00501	0.00483
31	0.00785	0.00526	0.00722	0.00710	0.00783	0.00571	0.00522	0.07519	0.00852	0.01173	0.01325	0.13941	0.01349	0.06609	0.36746	0.23842	0.00766	0.00599	0.00284	0.00377
32	0.00702	0.00564	0.00921	0.00853	0.00969	0.00633	0.07376	0.00888	0.00778	0.01115	0.01220	0.01778	0.01123	0.03221	0.74772	0.00697	0.01206	0.00503	0.00248	0.00434
33	0.00727	0.00538	0.00653	0.00687	0.00778	0.00531	0.00487	0.09476	0.04126	0.01455	0.06893	0.59573	0.09744	0.01272	0.00568	0.00177	0.00295	0.01134	0.00442	0.00442
34	0.01618	0.01130	0.01217	0.00956	0.01282	0.01237	0.00782	0.59447	0.06032	0.06782	0.01255	0.01266	0.00903	0.00561	0.00445	0.00136	0.00454	0.00429	0.13332	0.00735
35	0.00938	0.00597	0.00740	0.00704	0.00860	0.00580	0.00544	0.05218	0.07990	0.12082	0.21002	0.16357	0.13779	0.01050	0.00619	0.05074	0.00319	0.10588	0.00462	0.00498
36	0.46846	0.00808	0.00789	0.00676	0.00953	0.00859	0.00548	0.01576	0.05136	0.22279	0.11048	0.01452	0.02927	0.00561	0.00382	0.00145	0.00347	0.00413	0.01677	0.00578

[dist]
# distance from previous block
# <min> <max>
0	3

[block]
# block no. 9 follows, 55 sequences, length 23
# corresponding to MSA columns:
# 572-594
name=unknown_J
#
# <colnr> <probs for GDERKNQSTAVLIFYWHMCP>
#	G	D	E	R	K	N	Q	S	T	A	V	L	I	F	Y	W	H	M	C	P
0	0.02511	0.00460	0.00551	0.00579	0.00645	0.00435	0.00389	0.00783	0.00911	0.04509	0.09653	0.35679	0.11435	0.23898	0.01048	0.00247	0.00316	0.00960	0.04612	0.00381
1	0.00590	0.00436	0.00545	0.00594	0.00663	0.00398	0.00412	0.00706	0.01010	0.01343	0.20976	0.46625	0.17318	0.05324	0.00662	0.00186	0.00261	0.01118	0.00443	0.00390
2	0.38401	0.00716	0.00708	0.00647	0.00864	0.00757	0.00504	0.01318	0.04342	0.13414	0.11965	0.14062	0.05233	0.02737	0.00466	0.00159	0.00327	0.00583	0.02279	0.00516
3	0.10299	0.00615	0.00713	0.00704	0.00834	0.00629	0.00519	0.08556	0.03965	0.07358	0.06619	0.37624	0.02260	0.10643	0.00741	0.00204	0.00346	0.06480	0.00419	0.00471
4	0.00594	0.00459	0.00495	0.00504	0.00599	0.00410	0.00343	0.00676	0.00938	0.01166	0.06320	0.11913	0.46353	0.25912	0.01099	0.00248	0.00303	0.00919	0.00390	0.00360
5	0.00606	0.00437	0.00533	0.00584	0.00634	0.00409	0.00390	0.00687	0.00900	0.01183	0.08694	0.40680	0.15264	0.23123	0.01054	0.00251	0.00313	0.03497	0.00398	0.00361
6	0.17874	0.00746	0.00832	0.00719	0.00944	0.00760	0.00562	0.13383	0.01236	0.20400	0.14285	0.13804	0.01810	0.05417	0.00564	0.00166	0.00353	0.00615	0.04962	0.00570
7	0.00662	0.00499	0.00625	0.00687	0.00772	0.00489	0.00506	0.00906	0.08916	0.01366	0.09809	0.46672	0.11319	0.01270	0.00581	0.00183	0.00297	0.13568	0.00443	0.00429
8	0.05174	0.00742	0.00944	0.00792	0.01061	0.00696	0.00627	0.06227	0.06157	0.47936	0.04862	0.19480	0.01663	0.00779	0.00491	0.00154	0.00365	0.00661	0.00517	0.00672
9	0.00598	0.00458	0.00539	0.00548	0.00654	0.00409	0.00394	0.00737	0.01093	0.01433	0.30356	0.19670	0.34237	0.05949	0.00664	0.00177	0.00249	0.00983	0.00451	0.00399
10	0.03473	0.00491	0.00602	0.00607	0.00704	0.00458	0.00425	0.00893	0.00994	0.09889	0.16437	0.33070	0.12701	0.16050	0.00877	0.00218	0.00306	0.00951	0.00430	0.00422
11	0.00879	0.00827	0.01395	0.82532	0.03204	0.01034	0.01292	0.01189	0.00930	0.01189	0.00827	0.01240	0.00620	0.00465	0.00465	0.00155	0.00620	0.00413	0.00207	0.00517
12	0.04392	0.00529	0.00651	0.00656	0.00767	0.00523	0.00474	0.01073	0.06045	0.10988	0.08254	0.37946	0.02291	0.06679	0.06638	0.00226	0.00369	0.00882	0.10152	0.00464
13	0.00719	0.00513	0.00561	0.00540	0.00696	0.00457	0.00403	0.00903	0.04662	0.07130	0.11652	0.08104	0.52664	0.04591	0.00611	0.00167	0.00262	0.00892	0.04035	0.00438
14	0.00640	0.00450	0.00553	0.00590	0.00672	0.00408	0.00411	0.00749	0.00998	0.04145	0.15344	0.42255	0.21770	0.07915	0.00715	0.00194	0.00273	0.01081	0.00438	0.00398
15	0.00742	0.00470	0.00571	0.00560	0.00587	0.00477	0.00348	0.00763	0.00711	0.04340	0.01416	0.02725	0.01547	0.64462	0.13519	0.04971	0.00559	0.00628	0.00286	0.00318
16	0.23127	0.00601	0.00618	0.00588	0.00758	0.00615	0.00449	0.01149	0.02463	0.08883	0.13683	0.16216	0.08134	0.00791	0.00430	0.00145	0.00284	0.00652	0.19936	0.00478
17	0.00802	0.00527	0.00621	0.00610	0.00754	0.00480	0.00450	0.01002	0.06103	0.11481	0.11302	0.26274	0.34018	0.02663	0.00581	0.00169	0.00277	0.00964	0.00458	0.00464
18	0.00825	0.00656	0.00736	0.00708	0.00870	0.00674	0.00535	0.07835	0.20083	0.01636	0.13350	0.22277	0.23180	0.01034	0.00538	0.00164	0.00304	0.03626	0.00455	0.00513
19	0.00787	0.00447	0.00644	0.00653	0.00690	0.00456	0.00461	0.00744	0.02155	0.02903	0.03323	0.11058	0.01339	0.03551	0.13573	0.51992	0.00512	0.04146	0.00270	0.00296
20	0.00813	0.00532	0.00639	0.00619	0.00747	0.00497	0.00458	0.03813	0.02328	0.09057	0.18940	0.16793	0.22260	0.13005	0.00811	0.00204	0.00310	0.06189	0.01537	0.00445
21	0.05263	0.00572	0.00682	0.00649	0.00787	0.00556	0.00480	0.04292	0.05134	0.08313	0.28094	0.21803	0.09969	0.08159	0.00688	0.00184	0.00299	0.01907	0.00451	0.01720
22	0.01058	0.00806	0.00903	0.00832	0.01021	0.02109	0.00632	0.06207	0.36678	0.07578	0.09007	0.20171	0.01978	0.04412	0.02464	0.00188	0.02180	0.00722	0.00452	0.00602

[dist]
# distance from previous block
# <min> <max>
0	2

[block]
# block no. 10 follows, 55 sequences, length 11
# corresponding to MSA columns:
# 597-607
name=unknown_K
#
# <colnr> <probs for GDERKNQSTAVLIFYWHMCP>
#	G	D	E	R	K	N	Q	S	T	A	V	L	I	F	Y	W	H	M	C	P
0	0.20998	0.01037	0.01342	0.13969	0.18322	0.03350	0.05526	0.13173	0.03184	0.01815	0.03166	0.01128	0.00784	0.00471	0.00438	0.00139	0.02035	0.00385	0.00294	0.08444
1	0.03434	0.00869	0.01230	0.04432	0.18367	0.00943	0.00880	0.01148	0.00899	0.01368	0.03208	0.03828	0.02571	0.00888	0.09088	0.00204	0.22486	0.00434	0.01850	0.21871
2	0.28142	0.00963	0.01178	0.15280	0.05271	0.01191	0.00891	0.05879	0.04529	0.01610	0.00767	0.01018	0.00634	0.00579	0.00761	0.00164	0.27930	0.00363	0.00262	0.02588
3	0.03935	0.00458	0.00536	0.00565	0.00616	0.00441	0.00369	0.00718	0.00877	0.01207	0.12354	0.30338	0.10962	0.33086	0.01257	0.00280	0.00333	0.00933	0.00379	0.00355
4	0.00808	0.00404	0.00606	0.00606	0.00606	0.00404	0.00404	0.00606	0.00606	0.00808	0.00808	0.01414	0.00808	0.01616	0.01818	0.86465	0.00404	0.00404	0.00202	0.00202
5	0.00598	0.00437	0.00521	0.00566	0.00621	0.00405	0.00374	0.00674	0.00899	0.01169	0.07643	0.38807	0.20485	0.23390	0.01056	0.00249	0.00307	0.01041	0.00397	0.00359
6	0.00633	0.00437	0.00542	0.00584	0.00602	0.00435	0.00367	0.00679	0.00766	0.01029	0.01871	0.34025	0.02180	0.44521	0.08921	0.00377	0.00453	0.00910	0.00337	0.00331
7	0.00965	0.00827	0.00965	0.00689	0.01102	0.00620	0.00551	0.01171	0.00965	0.01516	0.00827	0.00965	0.00689	0.00345	0.00345	0.00069	0.00345	0.00276	0.00276	0.86494
8	0.01683	0.02125	0.01407	0.01306	0.05031	0.74617	0.04370	0.01822	0.01297	0.01171	0.00736	0.00871	0.00610	0.00473	0.00427	0.00122	0.00824	0.00316	0.00239	0.00552
9	0.00574	0.00423	0.00546	0.00625	0.00678	0.00395	0.00429	0.00672	0.00927	0.01223	0.06388	0.63317	0.14383	0.01513	0.05360	0.00215	0.00320	0.01202	0.00425	0.00385
10	0.00857	0.00681	0.00726	0.00714	0.00810	0.04315	0.00497	0.01253	0.24075	0.01282	0.01749	0.18947	0.01792	0.29277	0.01267	0.07946	0.00402	0.02603	0.00364	0.00443

[dist]
# distance from previous block
# <min> <max>
0	1

[block]
# block no. 11 follows, 55 sequences, length 12
# corresponding to MSA columns:
# 609-620
name=unknown_L
#
# <colnr> <probs for GDERKNQSTAVLIFYWHMCP>
#	G	D	E	R	K	N	Q	S	T	A	V	L	I	F	Y	W	H	M	C	P
0	0.01234	0.01986	0.60372	0.01196	0.01798	0.00977	0.01449	0.01680	0.01073	0.22194	0.01095	0.01139	0.00736	0.00477	0.00449	0.00146	0.00612	0.00376	0.00295	0.00715
1	0.01113	0.49625	0.35598	0.01019	0.01539	0.01521	0.01184	0.01427	0.00961	0.01254	0.00726	0.00846	0.00594	0.00417	0.00359	0.00120	0.00577	0.00289	0.00198	0.00635
2	0.00989	0.00575	0.00718	0.00642	0.00810	0.00548	0.00495	0.01301	0.08448	0.16129	0.48589	0.02743	0.03107	0.00800	0.00497	0.00142	0.00264	0.00691	0.11981	0.00529
3	0.43653	0.00972	0.00904	0.00773	0.01075	0.01088	0.00623	0.11174	0.24318	0.02098	0.01088	0.01107	0.00826	0.00498	0.00369	0.00141	0.00380	0.00355	0.00363	0.08193
4	0.00633	0.00441	0.00524	0.00552	0.00582	0.00424	0.00345	0.00685	0.00826	0.01097	0.08869	0.26643	0.08762	0.45793	0.01545	0.00324	0.00361	0.00904	0.00358	0.00333
5	0.00856	0.00688	0.00961	0.14861	0.04001	0.00718	0.05251	0.10193	0.01084	0.01435	0.06291	0.12749	0.14341	0.15711	0.02099	0.01691	0.00444	0.03563	0.02596	0.00467
6	0.08751	0.29100	0.39134	0.01032	0.01552	0.01285	0.01191	0.01525	0.00992	0.10235	0.00867	0.00951	0.00647	0.00441	0.00384	0.00131	0.00563	0.00318	0.00247	0.00653
7	0.01308	0.00959	0.01068	0.00908	0.01148	0.01035	0.00711	0.49094	0.01690	0.02263	0.01672	0.32630	0.01667	0.00903	0.00515	0.00159	0.00419	0.00765	0.00453	0.00633
8	0.00665	0.00449	0.00521	0.00527	0.00539	0.00443	0.00309	0.00692	0.00754	0.01015	0.08778	0.10167	0.02060	0.68851	0.02045	0.00400	0.00414	0.00749	0.00316	0.00305
9	0.00938	0.00867	0.01513	0.34489	0.17620	0.00938	0.12993	0.01208	0.02984	0.01310	0.04093	0.01596	0.04545	0.00649	0.00639	0.09731	0.00564	0.02537	0.00250	0.00536
10	0.00879	0.00717	0.00836	0.00640	0.00938	0.00570	0.00481	0.01037	0.00917	0.01391	0.05652	0.01604	0.01143	0.20071	0.00835	0.00164	0.00362	0.00404	0.00291	0.61069
11	0.00671	0.00430	0.00582	0.00618	0.00659	0.00406	0.00419	0.00687	0.00859	0.01169	0.13842	0.39171	0.02442	0.06511	0.01059	0.26151	0.00316	0.00903	0.00361	0.02744

[dist]
# distance from previous block
# <min> <max>
0	5

[block]
# block no. 12 follows, 55 sequences, length 11
# corresponding to MSA columns:
# 626-636
name=unknown_M
#
# <colnr> <probs for GDERKNQSTAVLIFYWHMCP>
#	G	D	E	R	K	N	Q	S	T	A	V	L	I	F	Y	W	H	M	C	P
0	0.03214	0.03825	0.02825	0.03356	0.22584	0.03625	0.00887	0.07500	0.06165	0.07812	0.08619	0.01428	0.01172	0.00663	0.04533	0.00159	0.02242	0.00433	0.03712	0.15247
1	0.24045	0.09240	0.07056	0.01260	0.17178	0.02892	0.03992	0.08983	0.03990	0.06309	0.03046	0.01118	0.00818	0.00469	0.00393	0.00134	0.00469	0.00368	0.04591	0.03648
2	0.07412	0.11100	0.05159	0.01485	0.27327	0.01074	0.00958	0.06886	0.06949	0.04383	0.02955	0.01138	0.00846	0.00444	0.00405	0.00121	0.00460	0.00369	0.00293	0.20235
3	0.10087	0.19021	0.08722	0.03414	0.17723	0.01188	0.03563	0.08637	0.04067	0.06256	0.04900	0.01189	0.00916	0.00586	0.03468	0.00153	0.00522	0.00385	0.00294	0.04909
4	0.02883	0.01246	0.09170	0.01499	0.21743	0.07316	0.03552	0.19063	0.06969	0.09576	0.01368	0.05555	0.04135	0.00598	0.00474	0.00147	0.00524	0.03139	0.00358	0.00684
5	0.10529	0.10553	0.11767	0.01507	0.24495	0.10409	0.01055	0.05740	0.02599	0.10820	0.02461	0.01135	0.00810	0.00582	0.03479	0.00158	0.00572	0.00376	0.00293	0.00659
6	0.04159	0.04683	0.10659	0.01550	0.24457	0.01115	0.04082	0.19232	0.07467	0.04976	0.02360	0.04537	0.00940	0.00553	0.00490	0.02486	0.00507	0.00447	0.00328	0.04972
7	0.05979	0.15322	0.04329	0.10250	0.28819	0.01242	0.01082	0.15396	0.02896	0.06635	0.00940	0.01092	0.00731	0.00457	0.00422	0.00133	0.00518	0.00377	0.00294	0.03086
8	0.04741	0.04347	0.07223	0.04821	0.34400	0.12321	0.01125	0.09506	0.03277	0.04270	0.00910	0.01077	0.00721	0.00447	0.00431	0.00130	0.00560	0.00372	0.00276	0.09047
9	0.09036	0.05563	0.04932	0.01947	0.44131	0.01129	0.01131	0.10419	0.07110	0.03682	0.02688	0.04277	0.00934	0.00504	0.00444	0.00141	0.00498	0.00441	0.00300	0.00694
10	0.02792	0.10473	0.07891	0.05337	0.16240	0.03698	0.00939	0.14453	0.08722	0.06971	0.04025	0.01326	0.00967	0.02748	0.00660	0.10904	0.00498	0.00420	0.00318	0.00619

[dist]
# distance from previous block
# <min> <max>
0	125

# created by:
# /st0/software/busco_prod/Augustus/scripts/msa2prfl.pl ./align_prep/1474000.fa
