[name]
unknown

[dist]
# distance from previous block
# <min> <max>
0	59

[block]
# block no. 0 follows, 59 sequences, length 8
# corresponding to MSA columns:
# 482-489
name=unknown_A
#
# <colnr> <probs for GDERKNQSTAVLIFYWHMCP>
#	G	D	E	R	K	N	Q	S	T	A	V	L	I	F	Y	W	H	M	C	P
0	0.23533	0.01016	0.01084	0.00888	0.01184	0.08135	0.07058	0.15036	0.10022	0.12242	0.03592	0.01371	0.00972	0.00527	0.00406	0.00135	0.00443	0.04997	0.00362	0.06996
1	0.00906	0.00790	0.01157	0.18382	0.05199	0.00828	0.06679	0.01189	0.09712	0.01296	0.04624	0.01259	0.00892	0.00636	0.00711	0.12872	0.08831	0.00396	0.00257	0.23383
2	0.01132	0.04715	0.03561	0.04137	0.01249	0.01052	0.05188	0.26862	0.01300	0.04314	0.05529	0.01839	0.15459	0.00694	0.00652	0.00148	0.16426	0.02707	0.00348	0.02688
3	0.05065	0.00877	0.05403	0.04060	0.01179	0.00851	0.04716	0.15074	0.16306	0.13693	0.02623	0.06498	0.03466	0.00791	0.00697	0.16867	0.00417	0.00491	0.00367	0.00558
4	0.01009	0.14579	0.49052	0.01075	0.01572	0.01113	0.01246	0.12849	0.01085	0.01516	0.00986	0.10124	0.00850	0.00536	0.00418	0.00136	0.00557	0.00426	0.00249	0.00621
5	0.00966	0.00817	0.01469	0.43311	0.02309	0.00885	0.19268	0.01233	0.00957	0.10141	0.01158	0.13375	0.01005	0.00575	0.00478	0.00151	0.00553	0.00554	0.00273	0.00524
6	0.01481	0.14030	0.01422	0.01085	0.01301	0.58944	0.00856	0.01596	0.01116	0.01072	0.00658	0.00808	0.00570	0.00490	0.00535	0.00123	0.12887	0.00292	0.00217	0.00516
7	0.01016	0.01036	0.01917	0.04646	0.22428	0.00959	0.36625	0.01312	0.00995	0.01418	0.00846	0.01095	0.00671	0.00369	0.00447	0.00123	0.00575	0.00417	0.00231	0.22875

[dist]
# distance from previous block
# <min> <max>
0	6

[block]
# block no. 1 follows, 59 sequences, length 81
# corresponding to MSA columns:
# 496-538,540-560,562-578
name=unknown_B
#
# <colnr> <probs for GDERKNQSTAVLIFYWHMCP>
#	G	D	E	R	K	N	Q	S	T	A	V	L	I	F	Y	W	H	M	C	P
0	0.01180	0.48438	0.24205	0.00937	0.01387	0.01487	0.01011	0.14143	0.01098	0.01421	0.00736	0.00827	0.00595	0.00414	0.00347	0.00113	0.00524	0.00287	0.00229	0.00620
1	0.01982	0.00752	0.01025	0.00786	0.01127	0.00649	0.00649	0.02152	0.01264	0.82029	0.01742	0.01503	0.01093	0.00547	0.00444	0.00137	0.00376	0.00444	0.00547	0.00752
2	0.01205	0.01002	0.01059	0.00920	0.01189	0.01148	0.00725	0.16642	0.66457	0.02019	0.01662	0.01540	0.01239	0.00587	0.00448	0.00147	0.00375	0.00481	0.00448	0.00709
3	0.00664	0.00462	0.00567	0.00553	0.00668	0.00422	0.00410	0.00850	0.02791	0.05071	0.43331	0.16461	0.21149	0.00994	0.00516	0.00147	0.00230	0.00868	0.03430	0.00418
4	0.00631	0.00473	0.00710	0.00710	0.00789	0.00552	0.00552	0.00789	0.00710	0.01025	0.01183	0.01735	0.01104	0.03312	0.82728	0.00710	0.01183	0.00473	0.00237	0.00394
5	0.00642	0.00458	0.00574	0.00544	0.00662	0.00416	0.00412	0.00833	0.01198	0.03472	0.63392	0.03431	0.17610	0.00932	0.00518	0.00141	0.00219	0.02271	0.01858	0.00416
6	0.87598	0.00854	0.00649	0.00581	0.00854	0.00991	0.00478	0.01298	0.00752	0.01982	0.00615	0.00717	0.00478	0.00410	0.00273	0.00137	0.00342	0.00239	0.00273	0.00478
7	0.33570	0.01668	0.14152	0.00950	0.01263	0.38994	0.00840	0.01531	0.01013	0.01468	0.00675	0.00789	0.00534	0.00433	0.00355	0.00127	0.00604	0.00274	0.00238	0.00522
8	0.00538	0.00397	0.00505	0.00586	0.00634	0.00363	0.00398	0.00626	0.00886	0.01160	0.05488	0.68480	0.15674	0.01324	0.00556	0.00173	0.00249	0.01188	0.00413	0.00363
9	0.01163	0.78667	0.03968	0.00787	0.01152	0.01712	0.00785	0.01311	0.00887	0.01048	0.00616	0.00727	0.00567	0.00399	0.00346	0.00101	0.04764	0.00246	0.00189	0.00564
10	0.00966	0.13470	0.47600	0.01017	0.01549	0.01001	0.01192	0.01335	0.00941	0.04057	0.02375	0.00962	0.00671	0.00406	0.00382	0.00116	0.00533	0.00312	0.00222	0.20894
11	0.01089	0.01003	0.01651	0.31133	0.30697	0.01085	0.11060	0.14076	0.01140	0.01545	0.00860	0.01130	0.00665	0.00430	0.00450	0.00139	0.00569	0.00410	0.00247	0.00620
12	0.00788	0.00490	0.00625	0.00575	0.00701	0.00454	0.00430	0.00992	0.02737	0.10584	0.57915	0.04777	0.06313	0.06651	0.00624	0.00159	0.00246	0.00743	0.03751	0.00446
13	0.04199	0.01088	0.01103	0.00930	0.01213	0.05179	0.00740	0.30460	0.42062	0.03610	0.01441	0.02683	0.01083	0.00571	0.00438	0.00141	0.00418	0.00453	0.01493	0.00693
14	0.00984	0.15131	0.58026	0.01157	0.01728	0.01140	0.04236	0.05739	0.00993	0.01421	0.00782	0.00913	0.00580	0.00413	0.00398	0.00129	0.00602	0.00320	0.00206	0.05102
15	0.01484	0.01116	0.14158	0.05160	0.01392	0.00900	0.00864	0.17094	0.08317	0.32871	0.01299	0.01252	0.00885	0.00496	0.00426	0.00130	0.00445	0.00397	0.00408	0.10905
16	0.00575	0.00425	0.00545	0.00625	0.00692	0.00395	0.00462	0.00688	0.00922	0.01196	0.04469	0.50034	0.17833	0.01287	0.00565	0.00178	0.00282	0.18043	0.00411	0.00373
17	0.00562	0.00406	0.00533	0.00603	0.00654	0.00377	0.00420	0.00671	0.00940	0.01264	0.17934	0.60988	0.07132	0.01270	0.00555	0.00171	0.00252	0.04471	0.00425	0.00373
18	0.00783	0.00457	0.00635	0.00614	0.00631	0.00486	0.00421	0.03509	0.00653	0.00884	0.00892	0.01586	0.00912	0.15008	0.06235	0.60666	0.04731	0.00431	0.00216	0.00251
19	0.00886	0.02285	0.82190	0.01259	0.01912	0.01026	0.01632	0.01399	0.00932	0.01399	0.00793	0.00932	0.00559	0.00420	0.00420	0.00140	0.00653	0.00326	0.00186	0.00653
20	0.00545	0.00393	0.00518	0.00615	0.00650	0.00366	0.00419	0.00630	0.00862	0.01140	0.02543	0.76203	0.07258	0.01362	0.00563	0.00179	0.00261	0.04721	0.00410	0.00362
21	0.00665	0.00455	0.00558	0.00591	0.00625	0.00455	0.00414	0.00732	0.00766	0.01010	0.01704	0.03580	0.01914	0.57038	0.01708	0.00354	0.00421	0.26385	0.00313	0.00313
22	0.00791	0.00733	0.00694	0.00704	0.00807	0.13794	0.00507	0.01013	0.08137	0.01356	0.23025	0.39241	0.05431	0.01027	0.00514	0.00154	0.00338	0.00899	0.00404	0.00430
23	0.01177	0.01246	0.02329	0.01687	0.02107	0.05363	0.63177	0.14217	0.01221	0.01619	0.00910	0.01150	0.00678	0.00402	0.00502	0.00144	0.00705	0.00489	0.00259	0.00617
24	0.02666	0.00704	0.00903	0.00738	0.01019	0.00637	0.00606	0.07022	0.01248	0.52483	0.05066	0.02281	0.14348	0.00709	0.00472	0.00144	0.00355	0.07455	0.00499	0.00644
25	0.87598	0.00854	0.00649	0.00581	0.00854	0.00991	0.00478	0.01298	0.00752	0.01982	0.00615	0.00717	0.00478	0.00410	0.00273	0.00137	0.00342	0.00239	0.00273	0.00478
26	0.00901	0.00779	0.00958	0.10442	0.01276	0.00632	0.00605	0.01109	0.00918	0.01409	0.02265	0.00990	0.00711	0.00351	0.00344	0.00076	0.00356	0.00287	0.00258	0.75333
27	0.00607	0.00448	0.00568	0.00544	0.00651	0.00408	0.00406	0.00797	0.01200	0.01665	0.67698	0.07054	0.14405	0.00953	0.00523	0.00142	0.00213	0.00837	0.00473	0.00408
28	0.00882	0.00558	0.00768	0.07899	0.00972	0.00556	0.00556	0.01086	0.01188	0.14690	0.56994	0.02693	0.03156	0.00797	0.00553	0.00142	0.04891	0.00683	0.00454	0.00481
29	0.01635	0.01871	0.01318	0.01136	0.01401	0.60888	0.03722	0.19952	0.01435	0.01488	0.00778	0.00872	0.00615	0.00470	0.00413	0.00119	0.00723	0.00319	0.00277	0.00570
30	0.00654	0.00509	0.00602	0.00577	0.00705	0.00488	0.00432	0.00962	0.11203	0.01599	0.47741	0.08772	0.22193	0.00949	0.00515	0.00145	0.00233	0.00824	0.00458	0.00438
31	0.00966	0.00980	0.01259	0.14441	0.01437	0.08679	0.00946	0.01104	0.00767	0.01070	0.00698	0.01081	0.00646	0.01007	0.11338	0.00243	0.52271	0.00389	0.00202	0.00476
32	0.00658	0.00473	0.00644	0.00710	0.00801	0.00459	0.00582	0.00841	0.01047	0.01400	0.22112	0.17250	0.04674	0.01165	0.00579	0.00182	0.00329	0.45267	0.00427	0.00401
33	0.00901	0.00724	0.00834	0.00615	0.00960	0.00560	0.00489	0.01099	0.00918	0.01473	0.00891	0.01034	0.00732	0.00357	0.00324	0.00071	0.00307	0.00286	0.14316	0.73108
34	0.00993	0.00943	0.01613	0.21765	0.53221	0.00985	0.04108	0.01262	0.00991	0.01380	0.05029	0.01359	0.00912	0.00458	0.00451	0.00138	0.00528	0.03009	0.00233	0.00622
35	0.01181	0.84744	0.02314	0.00756	0.01134	0.01748	0.00756	0.01323	0.00897	0.01039	0.00614	0.00708	0.00567	0.00378	0.00283	0.00094	0.00472	0.00236	0.00189	0.00567
36	0.01020	0.00780	0.01276	0.70017	0.02731	0.00927	0.01133	0.01294	0.00945	0.14248	0.00940	0.01230	0.00671	0.00459	0.00442	0.00145	0.00554	0.00401	0.00253	0.00533
37	0.00606	0.00451	0.00564	0.00536	0.00648	0.00409	0.00402	0.00796	0.01205	0.01664	0.67166	0.03476	0.18558	0.00943	0.00521	0.00141	0.00211	0.00824	0.00472	0.00409
38	0.01203	0.01059	0.01054	0.00928	0.01189	0.06546	0.00726	0.11446	0.66390	0.01906	0.01637	0.01522	0.01226	0.00582	0.00445	0.00145	0.00395	0.00473	0.00434	0.00693
39	0.14805	0.01128	0.01696	0.17381	0.01969	0.11224	0.33601	0.04284	0.01029	0.02606	0.00904	0.02300	0.00732	0.00461	0.00451	0.00144	0.00621	0.03873	0.00250	0.00543
40	0.01092	0.00960	0.01359	0.14460	0.01655	0.04626	0.16866	0.12881	0.18746	0.04594	0.01405	0.11176	0.01226	0.00646	0.00484	0.00152	0.00502	0.06237	0.00347	0.00585
41	0.01082	0.01010	0.01348	0.01136	0.01194	0.01356	0.00946	0.13904	0.00903	0.01342	0.00658	0.00982	0.00608	0.00734	0.01286	0.00183	0.70180	0.00388	0.00234	0.00527
42	0.00961	0.01060	0.02267	0.01659	0.02038	0.00994	0.67193	0.01285	0.01011	0.01368	0.01143	0.14651	0.01035	0.00536	0.00528	0.00154	0.00665	0.00640	0.00254	0.00557
43	0.81648	0.00916	0.00693	0.00616	0.00890	0.04351	0.00504	0.03547	0.00810	0.01967	0.00630	0.00730	0.00490	0.00415	0.00283	0.00136	0.00364	0.00245	0.00276	0.00487
44	0.00633	0.00466	0.00673	0.00673	0.00739	0.00532	0.00506	0.00765	0.00699	0.00998	0.01217	0.01921	0.01185	0.16358	0.69793	0.00665	0.01062	0.00500	0.00242	0.00374
45	0.70771	0.00834	0.00723	0.00621	0.00908	0.00924	0.00512	0.01466	0.00852	0.17714	0.00837	0.00872	0.00599	0.00437	0.00307	0.00137	0.00348	0.00279	0.00327	0.00532
46	0.00640	0.00435	0.00519	0.00519	0.00531	0.00448	0.00314	0.00666	0.00653	0.00884	0.01358	0.02703	0.01524	0.71316	0.15299	0.00474	0.00551	0.00615	0.00263	0.00288
47	0.00666	0.00461	0.00588	0.00551	0.00667	0.00420	0.00415	0.00864	0.01222	0.04473	0.69952	0.03297	0.11334	0.00904	0.00514	0.00139	0.00216	0.00792	0.02103	0.00424
48	0.01010	0.02255	0.69065	0.01239	0.01823	0.14271	0.01506	0.01458	0.00984	0.01347	0.00775	0.00910	0.00561	0.00425	0.00416	0.00136	0.00676	0.00320	0.00193	0.00630
49	0.00642	0.00429	0.00487	0.00487	0.00488	0.00431	0.00274	0.00645	0.00644	0.00860	0.01387	0.02865	0.01595	0.82706	0.04005	0.00434	0.00445	0.00639	0.00267	0.00270
50	0.00800	0.06511	0.01092	0.14170	0.02878	0.01947	0.03507	0.00963	0.00879	0.01167	0.01628	0.20876	0.05840	0.00917	0.00715	0.00172	0.18210	0.16977	0.00301	0.00449
51	0.20650	0.01202	0.01064	0.00901	0.01187	0.14385	0.00718	0.26332	0.24076	0.03516	0.01122	0.01117	0.00837	0.00511	0.00399	0.00135	0.00463	0.00374	0.00374	0.00637
52	0.00861	0.01810	0.58846	0.01111	0.01642	0.00887	0.01344	0.01285	0.00944	0.01391	0.01042	0.01587	0.00893	0.00538	0.00439	0.00141	0.00572	0.13036	0.00232	0.11399
53	0.03384	0.09670	0.62970	0.01200	0.01783	0.01085	0.05830	0.01443	0.03143	0.04316	0.00839	0.00961	0.00605	0.00422	0.00410	0.00136	0.00614	0.00336	0.00211	0.00642
54	0.01200	0.74709	0.06363	0.00800	0.01190	0.01684	0.00807	0.06795	0.00981	0.01178	0.00654	0.00744	0.00579	0.00391	0.00301	0.00099	0.00483	0.00252	0.00206	0.00584
55	0.15860	0.00777	0.00969	0.00757	0.01087	0.00717	0.00625	0.03412	0.01196	0.67629	0.01547	0.01368	0.00987	0.00524	0.00416	0.00137	0.00372	0.00410	0.00500	0.00707
56	0.01203	0.54839	0.18004	0.00898	0.01326	0.01543	0.00943	0.14137	0.01096	0.01393	0.00722	0.00810	0.00595	0.00411	0.00336	0.00110	0.00510	0.00280	0.00229	0.00614
57	0.00706	0.00567	0.00885	0.01034	0.13913	0.00633	0.00682	0.00881	0.00758	0.01093	0.01126	0.01631	0.01039	0.02839	0.69383	0.00616	0.01076	0.00460	0.00234	0.00444
58	0.03125	0.00762	0.01025	0.00787	0.01128	0.00667	0.00650	0.03580	0.01272	0.79495	0.01715	0.01485	0.01079	0.00545	0.00442	0.00137	0.00377	0.00441	0.00541	0.00748
59	0.00867	0.00542	0.00626	0.00578	0.00757	0.00482	0.00444	0.04703	0.01064	0.14682	0.03067	0.16290	0.39502	0.00962	0.00491	0.00146	0.00277	0.03454	0.06138	0.04929
60	0.01108	0.14650	0.01794	0.11557	0.55186	0.05677	0.01216	0.01347	0.00988	0.01321	0.00782	0.01024	0.00658	0.00400	0.00411	0.00126	0.00539	0.00362	0.00212	0.00644
61	0.00660	0.00757	0.13765	0.00623	0.00846	0.00501	0.00581	0.00868	0.01077	0.04073	0.27005	0.03335	0.42425	0.00921	0.00502	0.00144	0.00294	0.00778	0.00401	0.00444
62	0.00647	0.00467	0.00649	0.00765	0.02248	0.00456	0.00598	0.00799	0.00946	0.01243	0.02351	0.37713	0.02666	0.01273	0.00588	0.00192	0.00346	0.45256	0.00405	0.00392
63	0.01650	0.02105	0.01252	0.01138	0.01365	0.82705	0.00853	0.01764	0.01252	0.01081	0.00683	0.00796	0.00569	0.00455	0.00398	0.00114	0.00796	0.00284	0.00228	0.00512
64	0.16842	0.00703	0.00877	0.00853	0.01016	0.04889	0.06904	0.01049	0.00932	0.01391	0.01633	0.03152	0.01678	0.01303	0.13846	0.00264	0.00567	0.41331	0.00331	0.00438
65	0.00653	0.00545	0.00582	0.00560	0.00718	0.00523	0.00423	0.01005	0.16903	0.01413	0.16115	0.06330	0.50624	0.00990	0.00509	0.00149	0.00247	0.00836	0.00430	0.00444
66	0.00938	0.00867	0.01447	0.16519	0.50521	0.00897	0.01146	0.01173	0.00959	0.01330	0.01160	0.14784	0.01135	0.00605	0.00467	0.00146	0.00486	0.04572	0.00255	0.00592
67	0.00545	0.00403	0.00510	0.00579	0.00635	0.00368	0.00398	0.00643	0.00920	0.01213	0.11880	0.61125	0.16597	0.01283	0.00552	0.00170	0.00245	0.01147	0.00419	0.00368
68	0.00736	0.00597	0.00914	0.01049	0.13915	0.00678	0.00690	0.00884	0.00746	0.01076	0.01079	0.01629	0.01018	0.07402	0.55713	0.03693	0.07055	0.00461	0.00231	0.00436
69	0.87598	0.00854	0.00649	0.00581	0.00854	0.00991	0.00478	0.01298	0.00752	0.01982	0.00615	0.00717	0.00478	0.00410	0.00273	0.00137	0.00342	0.00239	0.00273	0.00478
70	0.01080	0.01061	0.01689	0.15717	0.64822	0.05247	0.01309	0.01340	0.00998	0.01373	0.00816	0.01092	0.00675	0.00404	0.00436	0.00133	0.00549	0.00388	0.00215	0.00656
71	0.00965	0.00798	0.00951	0.04939	0.01156	0.00648	0.00576	0.05506	0.00996	0.03084	0.03487	0.01028	0.00781	0.00368	0.00348	0.00077	0.00346	0.00297	0.00281	0.73367
72	0.00576	0.00437	0.00452	0.00459	0.00589	0.00380	0.00340	0.00704	0.00990	0.01283	0.06727	0.09924	0.59558	0.01033	0.00491	0.00144	0.00223	0.00868	0.14443	0.00380
73	0.00845	0.00796	0.01344	0.80149	0.06227	0.00984	0.01232	0.01138	0.00888	0.01141	0.00787	0.01174	0.00593	0.00440	0.00441	0.00147	0.00586	0.00393	0.00197	0.00499
74	0.00608	0.00451	0.00567	0.00538	0.00650	0.00410	0.00404	0.00801	0.01211	0.01677	0.69001	0.03453	0.16715	0.00938	0.00521	0.00141	0.00211	0.00820	0.00474	0.00410
75	0.01498	0.01846	0.01164	0.01085	0.01292	0.69376	0.00830	0.01626	0.01214	0.01120	0.00951	0.01475	0.00889	0.00579	0.00433	0.00128	0.00733	0.13009	0.00257	0.00495
76	0.01040	0.00941	0.01595	0.02365	0.68564	0.00941	0.01198	0.01229	0.00936	0.01333	0.00820	0.01134	0.00711	0.00579	0.00646	0.14243	0.00502	0.00392	0.00214	0.00617
77	0.01933	0.00830	0.01074	0.00823	0.01167	0.00766	0.00680	0.14817	0.01396	0.69178	0.01632	0.01431	0.01038	0.00544	0.00444	0.00136	0.00394	0.00437	0.00530	0.00752
78	0.01571	0.01214	0.01521	0.01146	0.01513	0.01308	0.13689	0.64326	0.03403	0.04215	0.01062	0.01102	0.00757	0.00506	0.00455	0.00136	0.00523	0.00421	0.00409	0.00725
79	0.01637	0.00906	0.01308	0.14355	0.01617	0.03653	0.10691	0.09588	0.01254	0.48242	0.01377	0.01343	0.00907	0.00503	0.00452	0.00139	0.00482	0.00435	0.00428	0.00682
80	0.01125	0.53250	0.01949	0.00907	0.01151	0.04520	0.00831	0.01250	0.00835	0.01049	0.00605	0.00799	0.00571	0.00515	0.00685	0.00129	0.28813	0.00289	0.00192	0.00536

[dist]
# distance from previous block
# <min> <max>
0	1

[block]
# block no. 2 follows, 59 sequences, length 44
# corresponding to MSA columns:
# 602-645
name=unknown_C
#
# <colnr> <probs for GDERKNQSTAVLIFYWHMCP>
#	G	D	E	R	K	N	Q	S	T	A	V	L	I	F	Y	W	H	M	C	P
0	0.01166	0.01266	0.05298	0.10876	0.15597	0.10935	0.32974	0.11337	0.01169	0.01517	0.00900	0.01198	0.00709	0.00438	0.00471	0.00140	0.00651	0.02501	0.00251	0.00609
1	0.00981	0.00911	0.01521	0.05279	0.62247	0.00915	0.01165	0.01210	0.00969	0.01366	0.01116	0.11800	0.01087	0.03516	0.00525	0.00151	0.00485	0.03886	0.00252	0.00621
2	0.01439	0.01382	0.01303	0.11452	0.01581	0.30369	0.06643	0.15066	0.11166	0.09778	0.01026	0.01101	0.00764	0.00481	0.00428	0.00128	0.00594	0.00376	0.00321	0.04601
3	0.00759	0.00525	0.00746	0.00885	0.10920	0.00497	0.00565	0.00906	0.00999	0.08179	0.19305	0.39296	0.06302	0.01133	0.03421	0.00179	0.00327	0.04197	0.00408	0.00451
4	0.01058	0.56266	0.19415	0.00872	0.01275	0.01435	0.00940	0.01288	0.00920	0.01153	0.00870	0.01296	0.00814	0.00493	0.00354	0.00118	0.00503	0.10151	0.00216	0.00565
5	0.11557	0.00501	0.00558	0.00528	0.00667	0.00477	0.00402	0.00836	0.01119	0.01635	0.49685	0.03241	0.25416	0.00901	0.00490	0.00141	0.00229	0.00766	0.00438	0.00412
6	0.76696	0.00866	0.00693	0.00621	0.00891	0.01004	0.00506	0.01430	0.10856	0.01965	0.00764	0.00835	0.00588	0.00434	0.00296	0.00138	0.00343	0.00272	0.00296	0.00506
7	0.12772	0.00765	0.00978	0.00760	0.01093	0.00692	0.00628	0.02045	0.01200	0.71941	0.01600	0.01404	0.01016	0.00529	0.00423	0.00137	0.00372	0.00418	0.00512	0.00717
8	0.01424	0.02071	0.21197	0.01152	0.01485	0.57041	0.01035	0.01713	0.06561	0.01211	0.00785	0.00888	0.00619	0.00456	0.00407	0.00123	0.00731	0.00309	0.00232	0.00559
9	0.00551	0.00411	0.00512	0.00566	0.00634	0.00373	0.00394	0.00660	0.00958	0.01264	0.17811	0.50848	0.20939	0.01233	0.00546	0.00165	0.00240	0.01096	0.00424	0.00373
10	0.00642	0.00428	0.00482	0.00482	0.00482	0.00428	0.00268	0.00642	0.00642	0.00856	0.01392	0.02890	0.01606	0.84478	0.02248	0.00428	0.00428	0.00642	0.00268	0.00268
11	0.00550	0.00449	0.00486	0.00477	0.00614	0.00385	0.00358	0.00688	0.01073	0.01350	0.25394	0.03992	0.60526	0.01060	0.00522	0.00146	0.00220	0.00896	0.00431	0.00385
12	0.67926	0.00969	0.00858	0.00901	0.11099	0.05834	0.00627	0.04733	0.00870	0.01895	0.00665	0.00784	0.00523	0.00416	0.00309	0.00134	0.00398	0.00268	0.00271	0.00520
13	0.01651	0.02065	0.01255	0.01132	0.01366	0.78954	0.00853	0.05384	0.01290	0.01159	0.00700	0.00809	0.00577	0.00459	0.00400	0.00115	0.00782	0.00290	0.00237	0.00523
14	0.00538	0.00384	0.00512	0.00615	0.00641	0.00359	0.00410	0.00615	0.00846	0.01127	0.02434	0.84190	0.02921	0.01384	0.00564	0.00179	0.00256	0.01256	0.00410	0.00359
15	0.01181	0.84744	0.02314	0.00756	0.01134	0.01748	0.00756	0.01323	0.00897	0.01039	0.00614	0.00708	0.00567	0.00378	0.00283	0.00094	0.00472	0.00236	0.00189	0.00567
16	0.00962	0.00782	0.00953	0.00707	0.01071	0.00620	0.02637	0.03045	0.02099	0.04790	0.03255	0.02118	0.00892	0.00413	0.00362	0.00083	0.00343	0.03689	0.00294	0.70885
17	0.01157	0.12775	0.30570	0.01046	0.01461	0.04339	0.05734	0.04839	0.01069	0.15264	0.01235	0.01775	0.01040	0.00589	0.00447	0.00144	0.00539	0.15065	0.00305	0.00607
18	0.00596	0.00450	0.00550	0.00525	0.00642	0.00404	0.00394	0.00777	0.01182	0.01609	0.59835	0.03567	0.25924	0.00964	0.00521	0.00142	0.00213	0.00836	0.00465	0.00404
19	0.01174	0.78277	0.02213	0.00767	0.01135	0.01697	0.00751	0.01402	0.07074	0.01102	0.00705	0.00781	0.00627	0.00395	0.00296	0.00099	0.00463	0.00256	0.00209	0.00577
20	0.00982	0.02262	0.71989	0.01244	0.01843	0.11320	0.01534	0.01445	0.00973	0.01359	0.00779	0.00915	0.00561	0.00424	0.00417	0.00137	0.00671	0.00321	0.00192	0.00635
21	0.01067	0.01037	0.01815	0.09685	0.68731	0.01049	0.07423	0.01340	0.00998	0.01413	0.00832	0.01108	0.00688	0.00396	0.00444	0.00134	0.00547	0.00403	0.00217	0.00673
22	0.00843	0.00516	0.00669	0.00666	0.00792	0.00484	0.01459	0.01042	0.06412	0.14931	0.08608	0.41911	0.12472	0.01095	0.00530	0.00164	0.00291	0.06216	0.00439	0.00461
23	0.00538	0.00384	0.00512	0.00615	0.00641	0.00359	0.00410	0.00615	0.00846	0.01127	0.02434	0.84190	0.02921	0.01384	0.00564	0.00179	0.00256	0.01256	0.00410	0.00359
24	0.00686	0.00549	0.00795	0.00764	0.00823	0.00671	0.00595	0.00821	0.00699	0.01017	0.01103	0.01706	0.01061	0.09585	0.62997	0.00603	0.14421	0.00473	0.00232	0.00398
25	0.01182	0.78410	0.05966	0.00791	0.01177	0.04194	0.00799	0.01340	0.00910	0.01057	0.00624	0.00722	0.00567	0.00382	0.00293	0.00097	0.00491	0.00242	0.00190	0.00569
26	0.01083	0.00935	0.00984	0.00887	0.01134	0.01079	0.00689	0.02302	0.78813	0.01830	0.01868	0.01717	0.03468	0.00613	0.00451	0.00150	0.00346	0.00511	0.00448	0.00690
27	0.00642	0.00428	0.00482	0.00482	0.00482	0.00428	0.00268	0.00642	0.00642	0.00856	0.01392	0.02890	0.01606	0.84478	0.02248	0.00428	0.00428	0.00642	0.00268	0.00268
28	0.06943	0.01203	0.01272	0.00985	0.01330	0.01336	0.00812	0.72487	0.04937	0.02699	0.01060	0.01061	0.00757	0.00525	0.00432	0.00133	0.00472	0.00392	0.00432	0.00732
29	0.01680	0.00795	0.01162	0.14634	0.01515	0.00760	0.05227	0.01953	0.06336	0.58813	0.01538	0.01441	0.01002	0.00523	0.00448	0.00140	0.00430	0.00443	0.00464	0.00696
30	0.00642	0.00428	0.00482	0.00482	0.00482	0.00428	0.00268	0.00642	0.00642	0.00856	0.01392	0.02890	0.01606	0.84478	0.02248	0.00428	0.00428	0.00642	0.00268	0.00268
31	0.87598	0.00854	0.00649	0.00581	0.00854	0.00991	0.00478	0.01298	0.00752	0.01982	0.00615	0.00717	0.00478	0.00410	0.00273	0.00137	0.00342	0.00239	0.00273	0.00478
32	0.04939	0.00804	0.01001	0.01002	0.11133	0.07032	0.05318	0.04427	0.04461	0.05128	0.39047	0.04169	0.02413	0.00679	0.00468	0.00132	0.00365	0.00596	0.00389	0.06498
33	0.00530	0.00431	0.00470	0.00496	0.00611	0.00371	0.00358	0.00636	0.00972	0.01196	0.06638	0.25669	0.57721	0.01182	0.00533	0.00157	0.00232	0.01014	0.00413	0.00371
34	0.00583	0.00419	0.00534	0.00576	0.00647	0.00382	0.00405	0.00705	0.00995	0.02534	0.26158	0.47446	0.14601	0.01190	0.00543	0.00162	0.00239	0.01061	0.00435	0.00384
35	0.08328	0.01243	0.01706	0.03775	0.01705	0.10806	0.30750	0.23033	0.10932	0.01838	0.00997	0.01125	0.00744	0.00458	0.00454	0.00139	0.00595	0.00430	0.00314	0.00628
36	0.01111	0.00838	0.00901	0.00800	0.01015	0.07183	0.02976	0.01696	0.32083	0.12419	0.05874	0.13389	0.01546	0.00679	0.00443	0.00139	0.00360	0.00577	0.11325	0.04646
37	0.00982	0.00817	0.01031	0.00919	0.11218	0.00649	0.00633	0.01186	0.00941	0.04752	0.00830	0.00962	0.00678	0.00344	0.00346	0.00077	0.00354	0.00286	0.00268	0.72727
38	0.01061	0.01030	0.01598	0.04329	0.64835	0.05784	0.01204	0.01308	0.01048	0.01455	0.10987	0.01356	0.01126	0.00463	0.00446	0.00132	0.00502	0.00438	0.00252	0.00648
39	0.00723	0.00486	0.00544	0.00508	0.00674	0.00415	0.00389	0.00858	0.01080	0.11477	0.16947	0.03746	0.58527	0.01011	0.00512	0.00146	0.00240	0.00848	0.00440	0.00428
40	0.01110	0.00614	0.00817	0.00772	0.00957	0.00588	0.00649	0.06605	0.01200	0.23690	0.16732	0.03449	0.02323	0.00930	0.00537	0.00168	0.00367	0.37504	0.00462	0.00527
41	0.00878	0.11366	0.01449	0.72999	0.02801	0.01078	0.01167	0.01153	0.00885	0.01117	0.00763	0.01118	0.00586	0.00434	0.00422	0.00141	0.00574	0.00373	0.00195	0.00500
42	0.01172	0.63838	0.15704	0.00868	0.01285	0.04937	0.00911	0.04753	0.00969	0.01177	0.00666	0.00765	0.00574	0.00395	0.00318	0.00105	0.00517	0.00260	0.00201	0.00587
43	0.00949	0.13365	0.06591	0.00712	0.01041	0.00759	0.00621	0.02239	0.00955	0.06098	0.04975	0.15119	0.01214	0.00563	0.00385	0.00103	0.00358	0.00469	0.00301	0.43184

[dist]
# distance from previous block
# <min> <max>
0	2

[block]
# block no. 3 follows, 59 sequences, length 45
# corresponding to MSA columns:
# 648-692
name=unknown_D
#
# <colnr> <probs for GDERKNQSTAVLIFYWHMCP>
#	G	D	E	R	K	N	Q	S	T	A	V	L	I	F	Y	W	H	M	C	P
0	0.63194	0.01069	0.00832	0.00719	0.01000	0.11041	0.00583	0.14126	0.01027	0.02001	0.00695	0.00783	0.00534	0.00435	0.00316	0.00133	0.00421	0.00270	0.00295	0.00527
1	0.02638	0.01652	0.06516	0.01131	0.03797	0.48195	0.04289	0.01571	0.02720	0.05453	0.01296	0.09319	0.06090	0.00647	0.00464	0.00142	0.00658	0.02566	0.00301	0.00552
2	0.01627	0.01202	0.01293	0.00995	0.01342	0.01320	0.00819	0.75782	0.02010	0.02701	0.01083	0.02958	0.00798	0.00543	0.00441	0.00131	0.00475	0.00413	0.00435	0.03632
3	0.01082	0.01053	0.01727	0.11246	0.70943	0.03494	0.01327	0.01344	0.01000	0.01399	0.00821	0.01093	0.00684	0.00400	0.00437	0.00132	0.00540	0.00390	0.00217	0.00672
4	0.83285	0.00864	0.00677	0.00598	0.00875	0.00996	0.00493	0.03738	0.00802	0.03573	0.00651	0.00743	0.00499	0.00416	0.00282	0.00137	0.00347	0.00248	0.00284	0.00492
5	0.00636	0.00451	0.00600	0.00600	0.00640	0.00492	0.00415	0.00718	0.00677	0.00944	0.01284	0.02293	0.01347	0.42538	0.43834	0.00574	0.00818	0.00555	0.00252	0.00333
6	0.50614	0.00810	0.00811	0.00669	0.00972	0.00843	0.00552	0.01667	0.00973	0.36560	0.01102	0.01057	0.00744	0.00469	0.00347	0.00137	0.00356	0.00328	0.00391	0.00596
7	0.00642	0.00428	0.00482	0.00482	0.00482	0.00428	0.00268	0.00642	0.00642	0.00856	0.01392	0.02890	0.01606	0.84478	0.02248	0.00428	0.00428	0.00642	0.00268	0.00268
8	0.00573	0.00449	0.00518	0.00501	0.00628	0.00395	0.00376	0.00733	0.01127	0.01479	0.42577	0.03780	0.43263	0.01012	0.00521	0.00144	0.00216	0.00866	0.00448	0.00395
9	0.01576	0.01549	0.01289	0.01080	0.01331	0.35465	0.00857	0.33899	0.01510	0.04208	0.00855	0.00950	0.00661	0.00533	0.00565	0.00133	0.12255	0.00350	0.00320	0.00613
10	0.00640	0.00439	0.00537	0.00537	0.00556	0.00458	0.00336	0.00678	0.00659	0.00897	0.01341	0.02612	0.01485	0.64948	0.21614	0.00496	0.00610	0.00602	0.00260	0.00298
11	0.07211	0.30078	0.05354	0.00797	0.01162	0.01109	0.00732	0.05861	0.01130	0.40626	0.01195	0.01125	0.00827	0.00472	0.00376	0.00122	0.00426	0.00350	0.00382	0.00665
12	0.01500	0.12193	0.01381	0.00961	0.01288	0.06636	0.00798	0.50261	0.15424	0.02267	0.01110	0.01107	0.00823	0.00517	0.00418	0.00129	0.00477	0.00387	0.01628	0.00698
13	0.00640	0.00431	0.00497	0.00492	0.00507	0.00427	0.00288	0.00669	0.00727	0.00984	0.12602	0.02947	0.01964	0.72782	0.02006	0.00388	0.00397	0.00664	0.00298	0.00288
14	0.00934	0.15720	0.69176	0.01177	0.01785	0.01143	0.01489	0.01386	0.00927	0.01340	0.00764	0.00896	0.00561	0.00413	0.00397	0.00132	0.00623	0.00312	0.00187	0.00639
15	0.01882	0.00911	0.01124	0.00861	0.01207	0.00885	0.00712	0.27769	0.01531	0.56036	0.01519	0.01358	0.00981	0.00541	0.00443	0.00135	0.00412	0.00429	0.00512	0.00751
16	0.01755	0.01114	0.01250	0.00958	0.01308	0.01188	0.00791	0.60520	0.01871	0.22804	0.01233	0.01172	0.00838	0.00534	0.00442	0.00134	0.00458	0.00409	0.00468	0.00751
17	0.01246	0.73178	0.02166	0.00809	0.01166	0.13078	0.00769	0.01384	0.00947	0.01045	0.00624	0.00721	0.00567	0.00389	0.00299	0.00097	0.00518	0.00243	0.00194	0.00559
18	0.01826	0.04328	0.01156	0.00877	0.02902	0.00773	0.03373	0.04453	0.06857	0.66138	0.01630	0.01447	0.01056	0.00534	0.00440	0.00136	0.00397	0.00439	0.00504	0.00734
19	0.01972	0.00766	0.01034	0.00793	0.01135	0.00671	0.00655	0.04543	0.01289	0.79604	0.01722	0.01490	0.01083	0.00546	0.00444	0.00137	0.00379	0.00443	0.00543	0.00752
20	0.00555	0.00465	0.00513	0.03968	0.00727	0.00411	0.00407	0.00686	0.01012	0.01230	0.08225	0.05667	0.66555	0.01091	0.00526	0.00153	0.00253	0.06768	0.00405	0.00382
21	0.01053	0.10994	0.63580	0.01146	0.01731	0.01057	0.01416	0.01483	0.00970	0.11285	0.00890	0.00979	0.00626	0.00431	0.00408	0.00135	0.00599	0.00331	0.00231	0.00656
22	0.01672	0.00964	0.01110	0.00900	0.01169	0.08761	0.00732	0.09426	0.06914	0.46969	0.01398	0.01335	0.00957	0.00661	0.03228	0.00161	0.12108	0.00421	0.00439	0.00676
23	0.00685	0.00490	0.00678	0.00761	0.00856	0.00483	0.00645	0.00878	0.01035	0.01368	0.13424	0.11385	0.02801	0.01189	0.00594	0.00192	0.00366	0.61346	0.00418	0.00404
24	0.01552	0.05584	0.01304	0.01119	0.01331	0.69701	0.00857	0.01686	0.02597	0.01091	0.00689	0.00824	0.00584	0.00486	0.00498	0.00121	0.08939	0.00296	0.00226	0.00515
25	0.79689	0.00954	0.00706	0.00630	0.00901	0.07116	0.00513	0.02687	0.00812	0.01928	0.00628	0.00729	0.00490	0.00415	0.00286	0.00135	0.00378	0.00245	0.00273	0.00486
26	0.00996	0.01096	0.02341	0.01715	0.02113	0.01032	0.69006	0.01345	0.01039	0.01402	0.01096	0.01722	0.00932	0.00491	0.00534	0.00157	0.00697	0.11470	0.00249	0.00569
27	0.00635	0.00474	0.00667	0.00673	0.00726	0.00537	0.00497	0.00749	0.00715	0.01009	0.01371	0.13460	0.01430	0.18345	0.52332	0.00559	0.04575	0.00611	0.00265	0.00369
28	0.00542	0.00390	0.00516	0.00615	0.00647	0.00363	0.00416	0.00624	0.00855	0.01135	0.02491	0.79736	0.05209	0.01372	0.00564	0.00179	0.00259	0.03318	0.00410	0.00360
29	0.00949	0.00705	0.00653	0.00652	0.00779	0.11983	0.00507	0.03912	0.01031	0.04064	0.01633	0.12544	0.01541	0.00756	0.00422	0.00136	0.00350	0.15948	0.40994	0.00441
30	0.01587	0.13590	0.01407	0.01073	0.01333	0.63862	0.00838	0.08951	0.01278	0.01232	0.00708	0.00809	0.00585	0.00451	0.00386	0.00113	0.00722	0.00288	0.00242	0.00542
31	0.00949	0.00902	0.01532	0.47734	0.37829	0.01011	0.01284	0.01229	0.00937	0.01267	0.00805	0.01140	0.00638	0.00420	0.00440	0.00140	0.00560	0.00393	0.00206	0.00583
32	0.01183	0.02914	0.08910	0.01285	0.12696	0.03597	0.16495	0.01480	0.03764	0.15331	0.01006	0.01114	0.00750	0.00406	0.00415	0.00115	0.00495	0.00377	0.00294	0.27370
33	0.00549	0.00448	0.00484	0.00475	0.00613	0.00384	0.00357	0.00685	0.01070	0.01342	0.24350	0.04005	0.61576	0.01063	0.00522	0.00146	0.00220	0.00898	0.00430	0.00384
34	0.01276	0.01013	0.01078	0.00917	0.01180	0.03940	0.00730	0.28379	0.37767	0.04601	0.01422	0.01428	0.01077	0.00949	0.11960	0.00221	0.00529	0.00452	0.00412	0.00669
35	0.00635	0.00456	0.00581	0.00547	0.00660	0.00415	0.00411	0.00832	0.01223	0.02968	0.71628	0.03377	0.12768	0.00921	0.00520	0.00140	0.00213	0.00808	0.00479	0.00417
36	0.15312	0.04002	0.04906	0.01120	0.01493	0.01255	0.16974	0.45536	0.01565	0.02259	0.00929	0.01015	0.00677	0.00469	0.00425	0.00136	0.00522	0.00389	0.00351	0.00665
37	0.00678	0.00541	0.00795	0.00768	0.00834	0.00662	0.00604	0.00824	0.00704	0.01027	0.01103	0.01651	0.01041	0.04634	0.69690	0.00632	0.12712	0.00465	0.00231	0.00404
38	0.01834	0.00790	0.01076	0.00842	0.01136	0.00760	0.00697	0.03389	0.01196	0.69288	0.01568	0.01420	0.01015	0.00578	0.00585	0.00145	0.12035	0.00435	0.00495	0.00714
39	0.00630	0.00442	0.00556	0.00554	0.00595	0.00454	0.00369	0.00706	0.00763	0.01048	0.12685	0.05311	0.04550	0.46417	0.22621	0.00443	0.00579	0.00650	0.00300	0.00328
40	0.01175	0.01076	0.01727	0.02474	0.70477	0.01094	0.01283	0.12397	0.01156	0.01631	0.00863	0.01089	0.00707	0.00413	0.00438	0.00131	0.00519	0.00394	0.00250	0.00707
41	0.01047	0.01003	0.01710	0.16993	0.67800	0.01037	0.01333	0.01315	0.00984	0.01387	0.00823	0.01108	0.00680	0.00402	0.00438	0.00134	0.00536	0.00393	0.00215	0.00663
42	0.01122	0.70127	0.04953	0.12342	0.01428	0.01615	0.00852	0.01298	0.00897	0.01064	0.00644	0.00782	0.00570	0.00388	0.00310	0.00103	0.00495	0.00261	0.00190	0.00559
43	0.27296	0.01177	0.12359	0.00886	0.01224	0.01114	0.00806	0.25403	0.14382	0.05438	0.02598	0.01095	0.00816	0.00505	0.00422	0.00140	0.02986	0.00366	0.00354	0.00632
44	0.01046	0.01001	0.01708	0.17353	0.67448	0.01037	0.01332	0.01314	0.00983	0.01386	0.00822	0.01108	0.00679	0.00402	0.00438	0.00134	0.00536	0.00393	0.00215	0.00662

[dist]
# distance from previous block
# <min> <max>
0	3

[block]
# block no. 4 follows, 59 sequences, length 6
# corresponding to MSA columns:
# 699-704
name=unknown_E
#
# <colnr> <probs for GDERKNQSTAVLIFYWHMCP>
#	G	D	E	R	K	N	Q	S	T	A	V	L	I	F	Y	W	H	M	C	P
0	0.55469	0.00697	0.00587	0.00544	0.00717	0.00783	0.00400	0.01056	0.00711	0.01566	0.00902	0.01520	0.00895	0.31473	0.01003	0.00244	0.00374	0.00388	0.00271	0.00400
1	0.00886	0.02285	0.82190	0.01259	0.01912	0.01026	0.01632	0.01399	0.00932	0.01399	0.00793	0.00932	0.00559	0.00420	0.00420	0.00140	0.00653	0.00326	0.00186	0.00653
2	0.00911	0.00935	0.01798	0.53283	0.02771	0.01031	0.30377	0.01234	0.00942	0.01234	0.00825	0.01183	0.00619	0.00416	0.00471	0.00148	0.00646	0.00440	0.00206	0.00529
3	0.00872	0.00797	0.01116	0.01032	0.01069	0.01041	0.00872	0.01008	0.00802	0.01159	0.01230	0.02450	0.01305	0.00938	0.01139	0.00197	0.52905	0.29341	0.00272	0.00455
4	0.55635	0.00926	0.01072	0.01368	0.30735	0.01012	0.00802	0.01319	0.00845	0.01783	0.00695	0.00856	0.00560	0.00404	0.00334	0.00135	0.00409	0.00296	0.00253	0.00560
5	0.05228	0.10932	0.01245	0.00861	0.01191	0.01084	0.00719	0.24740	0.15699	0.31655	0.01373	0.01273	0.00951	0.00525	0.00418	0.00133	0.00413	0.00407	0.00445	0.00709

[dist]
# distance from previous block
# <min> <max>
0	54

[block]
# block no. 5 follows, 59 sequences, length 12
# corresponding to MSA columns:
# 759-770
name=unknown_F
#
# <colnr> <probs for GDERKNQSTAVLIFYWHMCP>
#	G	D	E	R	K	N	Q	S	T	A	V	L	I	F	Y	W	H	M	C	P
0	0.01507	0.00896	0.08270	0.00869	0.01226	0.00684	0.06884	0.01697	0.01093	0.46531	0.01329	0.01305	0.00903	0.00567	0.00538	0.07731	0.00421	0.00401	0.00406	0.16743
1	0.01886	0.00886	0.08120	0.00827	0.01196	0.00682	0.00735	0.02087	0.01235	0.74981	0.01659	0.01453	0.01047	0.00536	0.00442	0.00137	0.00400	0.00434	0.00515	0.00743
2	0.00886	0.02285	0.82190	0.01259	0.01912	0.01026	0.01632	0.01399	0.00932	0.01399	0.00793	0.00932	0.00559	0.00420	0.00420	0.00140	0.00653	0.00326	0.00186	0.00653
3	0.00880	0.00832	0.01408	0.69011	0.17086	0.00993	0.01250	0.01169	0.00905	0.01185	0.00793	0.01162	0.00609	0.00433	0.00441	0.00144	0.00577	0.00393	0.00200	0.00528
4	0.00917	0.00580	0.02268	0.00818	0.05288	0.00540	0.00592	0.02953	0.00992	0.16801	0.06660	0.39143	0.02192	0.01244	0.07726	0.00213	0.01700	0.08481	0.00408	0.00481
5	0.00554	0.00396	0.00526	0.00604	0.00644	0.00369	0.00411	0.00654	0.00918	0.01242	0.16546	0.69751	0.03144	0.01298	0.00556	0.00172	0.00248	0.01174	0.00424	0.00369
6	0.01839	0.15744	0.01255	0.00780	0.01129	0.00845	0.00668	0.02004	0.01199	0.67573	0.01541	0.01361	0.00999	0.00517	0.00415	0.00129	0.00393	0.00407	0.00483	0.00719
7	0.01641	0.01065	0.15602	0.01103	0.11001	0.00776	0.00909	0.03681	0.01192	0.54244	0.03275	0.01383	0.01013	0.00513	0.00441	0.00137	0.00442	0.00424	0.00439	0.00720
8	0.00997	0.01164	0.09312	0.04391	0.01876	0.03986	0.45806	0.06623	0.02875	0.01442	0.01179	0.15969	0.01076	0.00578	0.00505	0.00151	0.00619	0.00612	0.00272	0.00565
9	0.06411	0.01583	0.01172	0.01045	0.03124	0.47931	0.00795	0.09677	0.01296	0.18546	0.01001	0.01116	0.00763	0.00504	0.00413	0.00125	0.00631	0.02954	0.00325	0.00586
10	0.04082	0.15822	0.01358	0.09993	0.15832	0.00936	0.00789	0.01202	0.00919	0.01354	0.00757	0.00932	0.00633	0.00363	0.00350	0.00094	0.00418	0.00294	0.00234	0.43637
11	0.04111	0.00822	0.03857	0.01537	0.34251	0.00785	0.00886	0.04802	0.05224	0.04118	0.01564	0.31707	0.02900	0.00793	0.00480	0.00151	0.00403	0.00719	0.00327	0.00563

[dist]
# distance from previous block
# <min> <max>
3	37

[block]
# block no. 6 follows, 59 sequences, length 16
# corresponding to MSA columns:
# 809-824
name=unknown_G
#
# <colnr> <probs for GDERKNQSTAVLIFYWHMCP>
#	G	D	E	R	K	N	Q	S	T	A	V	L	I	F	Y	W	H	M	C	P
0	0.00817	0.00696	0.01131	0.33664	0.05442	0.00763	0.07644	0.01095	0.05192	0.03907	0.06091	0.23448	0.01608	0.00771	0.00497	0.00158	0.00458	0.05821	0.00311	0.00484
1	0.12948	0.00795	0.00879	0.00644	0.01020	0.00645	0.00517	0.01138	0.00893	0.01514	0.00761	0.00888	0.00630	0.00339	0.00320	0.00075	0.00329	0.00259	0.00263	0.75144
2	0.01197	0.01029	0.01177	0.00974	0.01163	0.11629	0.03068	0.04674	0.04779	0.12519	0.07801	0.01253	0.01015	0.00610	0.00797	0.00144	0.30977	0.00406	0.00306	0.14483
3	0.04929	0.01172	0.01776	0.03245	0.01735	0.12344	0.37640	0.01601	0.09863	0.10788	0.01076	0.01295	0.00821	0.00469	0.00500	0.00142	0.03337	0.02756	0.00294	0.04216
4	0.00604	0.00451	0.00587	0.02747	0.00726	0.00442	0.00444	0.00693	0.00832	0.01121	0.04129	0.51725	0.05971	0.14480	0.03075	0.00226	0.03058	0.03867	0.00365	0.04457
5	0.00708	0.00509	0.00600	0.00576	0.00629	0.00520	0.00375	0.04065	0.02984	0.01074	0.04019	0.12972	0.01707	0.54432	0.05526	0.00354	0.03023	0.00675	0.00301	0.04952
6	0.07910	0.00805	0.01040	0.00832	0.01127	0.03081	0.05535	0.07205	0.01219	0.44396	0.08375	0.05247	0.01388	0.00617	0.00451	0.00139	0.00396	0.05048	0.00457	0.04731
7	0.09600	0.27747	0.06693	0.01077	0.08180	0.01237	0.09149	0.10989	0.05623	0.01557	0.03490	0.01071	0.00802	0.00440	0.00375	0.00118	0.00474	0.01463	0.00269	0.09646
8	0.24191	0.00885	0.00913	0.07209	0.01179	0.07781	0.00639	0.02552	0.02921	0.24938	0.03252	0.01407	0.03561	0.00520	0.00390	0.00129	0.00405	0.03727	0.00363	0.13037
9	0.03016	0.00852	0.01040	0.00851	0.04731	0.04174	0.05485	0.01212	0.04286	0.03652	0.00995	0.08107	0.00885	0.00448	0.00374	0.00093	0.00378	0.00384	0.00285	0.58753
10	0.12358	0.00813	0.01049	0.02968	0.03536	0.00742	0.07393	0.06762	0.01040	0.08993	0.06789	0.06996	0.01090	0.00496	0.00392	0.00110	0.00379	0.00423	0.00322	0.37346
11	0.07390	0.07985	0.02458	0.00813	0.01842	0.00826	0.04627	0.05331	0.10299	0.15529	0.04121	0.05166	0.06848	0.00625	0.00429	0.00131	0.00382	0.08065	0.00370	0.16764
12	0.01967	0.00904	0.07940	0.00886	0.03503	0.01880	0.03519	0.07529	0.04117	0.14893	0.09309	0.09518	0.01446	0.01679	0.00498	0.00134	0.03059	0.05433	0.00364	0.21421
13	0.12968	0.00861	0.01026	0.00819	0.01119	0.05094	0.07651	0.05325	0.03744	0.12377	0.10657	0.01641	0.02247	0.00542	0.00413	0.00121	0.00397	0.06217	0.00351	0.26432
14	0.02314	0.08991	0.01101	0.00785	0.01060	0.02340	0.04370	0.03170	0.04226	0.17122	0.08072	0.05421	0.03800	0.01681	0.04367	0.00153	0.03581	0.04390	0.00353	0.22701
15	0.04408	0.11033	0.01249	0.00868	0.01171	0.04992	0.09181	0.01417	0.06045	0.15338	0.08160	0.01729	0.02084	0.00561	0.00434	0.00124	0.01348	0.08784	0.00344	0.20729

[dist]
# distance from previous block
# <min> <max>
28	333

# created by:
# /st0/software/busco_prod/Augustus/scripts/msa2prfl.pl ./align_prep/1479417.fa
