[name]
unknown

[dist]
# distance from previous block
# <min> <max>
0	24

[block]
# block no. 0 follows, 57 sequences, length 7
# corresponding to MSA columns:
# 154-160
name=unknown_A
#
# <colnr> <probs for GDERKNQSTAVLIFYWHMCP>
#	G	D	E	R	K	N	Q	S	T	A	V	L	I	F	Y	W	H	M	C	P
0	0.01628	0.06684	0.01287	0.01015	0.04924	0.10949	0.00796	0.29552	0.01515	0.24115	0.01253	0.01392	0.00935	0.00551	0.00440	0.00132	0.00490	0.05101	0.00413	0.06830
1	0.01279	0.54562	0.15711	0.00897	0.01327	0.01539	0.00931	0.10599	0.01096	0.07180	0.00799	0.00868	0.00642	0.00426	0.00346	0.00113	0.00511	0.00293	0.00250	0.00632
2	0.03405	0.29303	0.13652	0.07827	0.01341	0.02777	0.00878	0.01234	0.00895	0.04871	0.00935	0.01279	0.00819	0.03584	0.18276	0.00264	0.02610	0.02644	0.00236	0.03169
3	0.17961	0.21789	0.31272	0.00979	0.01423	0.08649	0.01054	0.06980	0.01017	0.01518	0.00760	0.00912	0.00605	0.02831	0.00421	0.00137	0.00557	0.00306	0.00234	0.00596
4	0.08768	0.26979	0.12600	0.04078	0.01143	0.01074	0.00762	0.03018	0.00866	0.03269	0.00959	0.01422	0.00893	0.16931	0.15193	0.00289	0.00621	0.00394	0.00241	0.00502
5	0.11878	0.49321	0.06097	0.00822	0.01160	0.06970	0.00784	0.01380	0.00936	0.05417	0.00805	0.01028	0.00709	0.00612	0.04622	0.00149	0.03100	0.03410	0.00238	0.00563
6	0.27779	0.19473	0.10172	0.00804	0.01113	0.06491	0.02515	0.01293	0.00915	0.03935	0.04402	0.01294	0.04274	0.04378	0.03543	0.00167	0.02922	0.01676	0.00269	0.02586

[dist]
# distance from previous block
# <min> <max>
32	82

[block]
# block no. 1 follows, 57 sequences, length 26
# corresponding to MSA columns:
# 318-327,329-332,352-363
name=unknown_B
#
# <colnr> <probs for GDERKNQSTAVLIFYWHMCP>
#	G	D	E	R	K	N	Q	S	T	A	V	L	I	F	Y	W	H	M	C	P
0	0.01166	0.06015	0.08382	0.00898	0.02702	0.00766	0.07842	0.01404	0.01064	0.18611	0.08576	0.01389	0.02853	0.00474	0.00410	0.00109	0.00414	0.00406	0.00340	0.36181
1	0.01360	0.04325	0.07122	0.05394	0.17132	0.29992	0.06328	0.05033	0.03548	0.07380	0.00973	0.04763	0.00801	0.00496	0.00437	0.00131	0.00626	0.00405	0.00276	0.03477
2	0.03082	0.21866	0.09110	0.08915	0.09434	0.02481	0.13067	0.13221	0.07578	0.03735	0.00969	0.02880	0.00771	0.00469	0.00422	0.00133	0.00547	0.00402	0.00281	0.00637
3	0.01074	0.01272	0.12494	0.03682	0.27829	0.05870	0.22802	0.01384	0.01047	0.03186	0.02721	0.01295	0.04339	0.00447	0.00463	0.00135	0.00593	0.00446	0.00247	0.08674
4	0.00872	0.00823	0.01381	0.76952	0.06551	0.01021	0.01256	0.01166	0.00905	0.01170	0.00801	0.01198	0.00609	0.00461	0.00484	0.00152	0.03079	0.00403	0.00202	0.00513
5	0.00849	0.00710	0.00870	0.00970	0.12555	0.00719	0.00638	0.02845	0.22486	0.02861	0.13827	0.04388	0.30319	0.00851	0.00503	0.00151	0.00321	0.03177	0.00417	0.00543
6	0.01127	0.00973	0.01025	0.00922	0.01178	0.01127	0.00717	0.02408	0.80430	0.01896	0.01844	0.01691	0.01383	0.00615	0.00461	0.00154	0.00359	0.00512	0.00461	0.00717
7	0.01201	0.01010	0.01066	0.00937	0.01206	0.01162	0.00735	0.11978	0.70740	0.02014	0.01751	0.01616	0.01307	0.00606	0.00460	0.00152	0.00376	0.00499	0.00460	0.00724
8	0.00988	0.00891	0.01173	0.04886	0.16858	0.02248	0.02218	0.01209	0.00965	0.01455	0.00815	0.00990	0.00676	0.00358	0.00368	0.00087	0.00404	0.00306	0.00255	0.62849
9	0.00649	0.00477	0.00685	0.00685	0.00751	0.00543	0.00513	0.00782	0.00716	0.01020	0.01253	0.01997	0.01227	0.18185	0.67622	0.00675	0.01072	0.00517	0.00249	0.00381
10	0.00712	0.00509	0.00709	0.00814	0.00910	0.00506	0.00699	0.00908	0.01025	0.01336	0.02409	0.13100	0.02647	0.01269	0.00621	0.00206	0.00402	0.70388	0.00418	0.00412
11	0.01127	0.00973	0.01025	0.00922	0.01178	0.01127	0.00717	0.02408	0.80430	0.01896	0.01844	0.01691	0.01383	0.00615	0.00461	0.00154	0.00359	0.00512	0.00461	0.00717
12	0.01122	0.01077	0.01839	0.02781	0.81248	0.01077	0.01391	0.01391	0.01032	0.01480	0.00852	0.01122	0.00718	0.00404	0.00449	0.00135	0.00538	0.00404	0.00224	0.00718
13	0.00647	0.00485	0.00728	0.00728	0.00809	0.00566	0.00566	0.00809	0.00728	0.01052	0.01214	0.01780	0.01133	0.03398	0.82279	0.00728	0.01214	0.00485	0.00243	0.00405
14	0.00909	0.02344	0.81727	0.01292	0.01961	0.01052	0.01674	0.01435	0.00957	0.01435	0.00813	0.00957	0.00574	0.00431	0.00431	0.00144	0.00670	0.00335	0.00191	0.00670
15	0.00878	0.00829	0.01400	0.76122	0.09807	0.01013	0.01270	0.01178	0.00917	0.01185	0.00809	0.01201	0.00614	0.00449	0.00453	0.00150	0.00598	0.00403	0.00203	0.00522
16	0.02033	0.00771	0.01052	0.00806	0.01157	0.00666	0.00666	0.02208	0.01297	0.81562	0.01788	0.01542	0.01122	0.00561	0.00456	0.00140	0.00386	0.00456	0.00561	0.00771
17	0.00856	0.00805	0.01359	0.82986	0.03121	0.01007	0.01258	0.01158	0.00906	0.01158	0.00805	0.01208	0.00604	0.00453	0.00453	0.00151	0.00604	0.00403	0.00201	0.00503
18	0.00600	0.00462	0.00549	0.00527	0.00652	0.00410	0.00395	0.00775	0.01186	0.01587	0.51303	0.03764	0.34126	0.01012	0.00535	0.00147	0.00220	0.00873	0.00468	0.00410
19	0.00563	0.00399	0.00522	0.00616	0.00640	0.00376	0.00405	0.00634	0.00845	0.01127	0.02384	0.75221	0.02854	0.10173	0.00761	0.00211	0.00282	0.01222	0.00405	0.00358
20	0.78138	0.00889	0.00742	0.00659	0.00910	0.01056	0.00544	0.01306	0.00763	0.01933	0.00627	0.00763	0.00502	0.00460	0.00408	0.00146	0.09130	0.00261	0.00272	0.00491
21	0.01168	0.00964	0.01026	0.00917	0.01177	0.01106	0.00715	0.02399	0.76866	0.05483	0.01842	0.01684	0.01371	0.00612	0.00461	0.00153	0.00360	0.00510	0.00466	0.00720
22	0.00822	0.00769	0.01264	0.74246	0.02855	0.00941	0.01162	0.01104	0.00919	0.01165	0.01206	0.01542	0.09125	0.00527	0.00462	0.00151	0.00564	0.00461	0.00225	0.00491
23	0.02000	0.00824	0.01084	0.00831	0.01183	0.00744	0.00687	0.10419	0.01385	0.73227	0.01714	0.01494	0.01085	0.00559	0.00455	0.00140	0.00398	0.00451	0.00549	0.00771
24	0.00552	0.00394	0.00526	0.00631	0.00657	0.00368	0.00421	0.00631	0.00868	0.01157	0.02498	0.83779	0.02997	0.01420	0.00578	0.00184	0.00263	0.01288	0.00421	0.00368
25	0.01139	0.01227	0.02535	0.01818	0.02266	0.01173	0.71264	0.09742	0.01182	0.01600	0.00935	0.01208	0.00696	0.00399	0.00526	0.00151	0.00736	0.00521	0.00253	0.00628

[dist]
# distance from previous block
# <min> <max>
0	12

[block]
# block no. 2 follows, 57 sequences, length 51
# corresponding to MSA columns:
# 377-427
name=unknown_C
#
# <colnr> <probs for GDERKNQSTAVLIFYWHMCP>
#	G	D	E	R	K	N	Q	S	T	A	V	L	I	F	Y	W	H	M	C	P
0	0.00550	0.02177	0.00499	0.00469	0.00624	0.00411	0.00354	0.00664	0.01028	0.01220	0.04472	0.05716	0.78010	0.01137	0.00531	0.00152	0.00235	0.00948	0.00416	0.00386
1	0.01819	0.01115	0.01264	0.00969	0.01328	0.01176	0.00801	0.55662	0.01872	0.27297	0.01305	0.01229	0.00880	0.00549	0.00454	0.00137	0.00464	0.00423	0.00487	0.00771
2	0.04053	0.00519	0.00702	0.00800	0.00901	0.00522	0.00682	0.00916	0.01011	0.01357	0.02343	0.14761	0.02575	0.01241	0.00607	0.00203	0.00395	0.65586	0.00412	0.00414
3	0.19107	0.01523	0.00972	0.00890	0.01106	0.48015	0.00677	0.01550	0.01107	0.01423	0.00853	0.00987	0.00688	0.00470	0.00363	0.00119	0.00591	0.00310	0.18750	0.00496
4	0.02011	0.00806	0.01073	0.00823	0.01174	0.00718	0.00680	0.07678	0.01356	0.76010	0.01738	0.01510	0.01097	0.00560	0.00456	0.00140	0.00394	0.00452	0.00553	0.00771
5	0.00940	0.00805	0.00940	0.00671	0.01074	0.00604	0.00537	0.01141	0.00940	0.01477	0.00805	0.00940	0.00671	0.00336	0.00336	0.00067	0.00336	0.00268	0.00268	0.86845
6	0.00633	0.00463	0.00594	0.00561	0.00672	0.00424	0.00421	0.00838	0.01262	0.01769	0.74756	0.03465	0.10559	0.00944	0.00535	0.00143	0.00215	0.00831	0.00492	0.00424
7	0.00651	0.00465	0.00637	0.00739	0.00808	0.00453	0.00587	0.00799	0.00959	0.01260	0.02422	0.39228	0.02757	0.03000	0.00639	0.00203	0.00351	0.43233	0.00416	0.00393
8	0.00630	0.00463	0.00590	0.00558	0.00670	0.00423	0.00418	0.00833	0.01255	0.01752	0.72665	0.03491	0.12660	0.00951	0.00535	0.00144	0.00215	0.00834	0.00490	0.00423
9	0.01027	0.33698	0.45899	0.01052	0.01596	0.01307	0.01254	0.01385	0.00942	0.01296	0.00742	0.00867	0.00583	0.00408	0.00371	0.00121	0.00576	0.00295	0.00197	0.06383
10	0.00589	0.00438	0.00592	0.00659	0.00711	0.00415	0.02031	0.00727	0.03648	0.01241	0.08635	0.71666	0.04283	0.01328	0.00569	0.00179	0.00272	0.01204	0.00424	0.00390
11	0.02690	0.09035	0.65538	0.01216	0.01811	0.06843	0.01492	0.01482	0.03307	0.01407	0.00817	0.00945	0.00597	0.00435	0.00415	0.00138	0.00649	0.00328	0.00204	0.00650
12	0.82551	0.03684	0.00738	0.00612	0.00897	0.01051	0.00508	0.03018	0.00805	0.02018	0.00641	0.00743	0.00500	0.00422	0.00284	0.00139	0.00358	0.00249	0.00281	0.00500
13	0.00902	0.02273	0.78597	0.01274	0.01922	0.01032	0.01638	0.01416	0.00960	0.01432	0.00874	0.01117	0.00653	0.00462	0.00438	0.00146	0.00660	0.03344	0.00200	0.00660
14	0.01178	0.00998	0.01070	0.03687	0.01266	0.01151	0.00750	0.10195	0.69835	0.01968	0.01733	0.01613	0.01295	0.00602	0.00460	0.00152	0.00381	0.00498	0.00452	0.00715
15	0.01211	0.84348	0.02374	0.00775	0.01163	0.01793	0.00775	0.01357	0.00921	0.01066	0.00630	0.00727	0.00582	0.00388	0.00291	0.00097	0.00485	0.00242	0.00194	0.00582
16	0.01073	0.00801	0.00953	0.00688	0.01084	0.00612	0.00553	0.01271	0.00983	0.11234	0.00925	0.01013	0.00726	0.00363	0.00350	0.00076	0.00342	0.00291	0.00304	0.76358
17	0.00552	0.00394	0.00526	0.00631	0.00657	0.00368	0.00421	0.00631	0.00868	0.01157	0.02498	0.83779	0.02997	0.01420	0.00578	0.00184	0.00263	0.01288	0.00421	0.00368
18	0.00935	0.01331	0.21581	0.03166	0.04022	0.00980	0.40840	0.01296	0.01023	0.01428	0.06718	0.10982	0.01181	0.00562	0.00524	0.00154	0.01845	0.00586	0.00260	0.00583
19	0.00536	0.00459	0.00459	0.00459	0.00612	0.00383	0.00344	0.00650	0.01033	0.01224	0.04590	0.04361	0.81065	0.01148	0.00536	0.00153	0.00230	0.00956	0.00421	0.00383
20	0.02027	0.00781	0.01058	0.00811	0.01162	0.00681	0.00670	0.03760	0.01314	0.79987	0.01774	0.01533	0.01115	0.00561	0.00456	0.00140	0.00388	0.00455	0.00559	0.00771
21	0.00818	0.00725	0.03841	0.09441	0.01165	0.06327	0.00733	0.01014	0.01039	0.04382	0.02475	0.08797	0.17918	0.01044	0.00557	0.00178	0.00426	0.38294	0.00379	0.00447
22	0.01103	0.01058	0.01805	0.08439	0.75737	0.01072	0.01381	0.01374	0.01023	0.01458	0.00849	0.01128	0.00710	0.00407	0.00449	0.00136	0.00543	0.00404	0.00223	0.00703
23	0.00909	0.02344	0.81727	0.01292	0.01961	0.01052	0.01674	0.01435	0.00957	0.01435	0.00813	0.00957	0.00574	0.00431	0.00431	0.00144	0.00670	0.00335	0.00191	0.00670
24	0.00556	0.00397	0.00530	0.00635	0.00663	0.00371	0.00427	0.00638	0.00871	0.01161	0.02495	0.82080	0.02989	0.01416	0.00579	0.00185	0.00266	0.02950	0.00421	0.00369
25	0.01150	0.00966	0.01585	0.33578	0.33109	0.02190	0.05786	0.04034	0.01057	0.10751	0.00953	0.01205	0.00719	0.00446	0.00456	0.00142	0.00562	0.00416	0.00263	0.00633
26	0.01250	0.03174	0.31526	0.01287	0.01761	0.00998	0.21463	0.03332	0.01094	0.21420	0.03650	0.01249	0.00864	0.00485	0.00513	0.00146	0.04378	0.00435	0.00309	0.00665
27	0.02434	0.00958	0.01632	0.38131	0.43122	0.01047	0.03595	0.01289	0.00973	0.01346	0.00830	0.01156	0.00663	0.00425	0.00450	0.00142	0.00571	0.00404	0.00215	0.00616
28	0.01087	0.01042	0.01777	0.13155	0.71143	0.01068	0.01374	0.01361	0.01016	0.01439	0.00846	0.01133	0.00703	0.00410	0.00449	0.00137	0.00547	0.00404	0.00221	0.00690
29	0.00549	0.00455	0.00481	0.00484	0.00623	0.00387	0.00359	0.00673	0.01050	0.01288	0.13344	0.09850	0.66613	0.01141	0.00538	0.00154	0.00230	0.00964	0.00430	0.00387
30	0.00940	0.00805	0.00940	0.00671	0.01074	0.00604	0.00537	0.01141	0.00940	0.01477	0.00805	0.00940	0.00671	0.00336	0.00336	0.00067	0.00336	0.00268	0.00268	0.86845
31	0.00556	0.00419	0.00501	0.00563	0.00628	0.00379	0.00383	0.00640	0.00902	0.01153	0.03082	0.50575	0.28303	0.08834	0.00721	0.00197	0.00268	0.01123	0.00407	0.00364
32	0.00637	0.00531	0.00598	0.00623	0.03732	0.00488	0.00445	0.00884	0.08283	0.01406	0.18102	0.04989	0.53298	0.01038	0.00529	0.00153	0.00256	0.03144	0.00431	0.00435
33	0.00580	0.00461	0.00520	0.00505	0.00639	0.00401	0.00379	0.00735	0.01137	0.01471	0.36354	0.03955	0.49147	0.01056	0.00535	0.00149	0.00223	0.00899	0.00453	0.00401
34	0.00856	0.00805	0.01359	0.82986	0.03121	0.01007	0.01258	0.01158	0.00906	0.01158	0.00805	0.01208	0.00604	0.00453	0.00453	0.00151	0.00604	0.00403	0.00201	0.00503
35	0.00856	0.00805	0.01359	0.82986	0.03121	0.01007	0.01258	0.01158	0.00906	0.01158	0.00805	0.01208	0.00604	0.00453	0.00453	0.00151	0.00604	0.00403	0.00201	0.00503
36	0.00661	0.00502	0.00740	0.00733	0.00806	0.00590	0.00566	0.00811	0.00723	0.01044	0.01202	0.01816	0.01141	0.07792	0.74774	0.00692	0.04269	0.00492	0.00243	0.00401
37	0.00609	0.00435	0.00591	0.00696	0.00747	0.00417	0.00520	0.00729	0.00924	0.01220	0.02466	0.58650	0.02873	0.01366	0.00594	0.00192	0.00312	0.25856	0.00420	0.00384
38	0.00940	0.00805	0.00940	0.00671	0.01074	0.00604	0.00537	0.01141	0.00940	0.01477	0.00805	0.00940	0.00671	0.00336	0.00336	0.00067	0.00336	0.00268	0.00268	0.86845
39	0.01242	0.79081	0.02305	0.00800	0.01178	0.06950	0.00782	0.01386	0.00944	0.01069	0.00634	0.00733	0.00582	0.00393	0.00298	0.00098	0.00506	0.00245	0.00196	0.00578
40	0.75537	0.00951	0.00759	0.00670	0.00937	0.04392	0.00549	0.04506	0.00843	0.01976	0.00650	0.00768	0.00512	0.00448	0.00359	0.00142	0.04952	0.00262	0.00281	0.00504
41	0.01426	0.01007	0.01125	0.00910	0.01175	0.01105	0.00726	0.50381	0.07229	0.05238	0.01159	0.01351	0.00910	0.05925	0.07049	0.11291	0.00523	0.00436	0.00398	0.00635
42	0.00659	0.00485	0.00704	0.00700	0.00766	0.00558	0.00529	0.00787	0.00714	0.01021	0.01220	0.01918	0.01184	0.14391	0.67512	0.03208	0.02513	0.00505	0.00245	0.00382
43	0.00893	0.02230	0.76795	0.01248	0.01883	0.01014	0.01598	0.01400	0.00977	0.01458	0.05689	0.01104	0.00799	0.00461	0.00437	0.00143	0.00642	0.00364	0.00210	0.00655
44	0.01184	0.77819	0.03635	0.00763	0.01138	0.01697	0.00763	0.01340	0.00923	0.01110	0.00685	0.00789	0.00617	0.00397	0.00295	0.00098	0.00471	0.00255	0.05447	0.00573
45	0.00800	0.00430	0.00639	0.00627	0.00627	0.00454	0.00430	0.00621	0.00597	0.00806	0.00775	0.01354	0.00775	0.01527	0.01754	0.81550	0.05431	0.00394	0.00197	0.00215
46	0.26715	0.01004	0.01079	0.03760	0.08317	0.01117	0.00755	0.19923	0.23454	0.05618	0.01158	0.01176	0.00862	0.00507	0.00401	0.00141	0.00414	0.00387	0.00376	0.02834
47	0.00748	0.00569	0.00586	0.00559	0.00686	0.05411	0.00420	0.00964	0.03156	0.01637	0.40851	0.02952	0.17229	0.00834	0.00472	0.00134	0.00256	0.00708	0.21398	0.00431
48	0.01126	0.44302	0.22152	0.06734	0.01506	0.04491	0.01033	0.06275	0.01007	0.01279	0.00756	0.00909	0.00627	0.00599	0.05337	0.00154	0.00598	0.00304	0.00215	0.00597
49	0.00918	0.07987	0.69207	0.01236	0.01845	0.01077	0.03512	0.01392	0.00943	0.01386	0.00827	0.00997	0.00611	0.00607	0.05400	0.00176	0.00692	0.00343	0.00196	0.00646
50	0.00587	0.00436	0.00606	0.00762	0.05557	0.00411	0.00480	0.00677	0.00878	0.01176	0.02397	0.78753	0.02858	0.01358	0.00570	0.00181	0.00280	0.01234	0.00409	0.00389

[dist]
# distance from previous block
# <min> <max>
0	52

# created by:
# /st0/software/busco_prod/Augustus/scripts/msa2prfl.pl ./align_prep/1488436.fa
