[name]
unknown

[dist]
# distance from previous block
# <min> <max>
0	254

[block]
# block no. 0 follows, 59 sequences, length 20
# corresponding to MSA columns:
# 254-273
name=unknown_A
#
# <colnr> <probs for GDERKNQSTAVLIFYWHMCP>
#	G	D	E	R	K	N	Q	S	T	A	V	L	I	F	Y	W	H	M	C	P
0	0.00550	0.00446	0.00490	0.00496	0.00625	0.00385	0.00372	0.00681	0.01038	0.01298	0.18220	0.10593	0.57714	0.01105	0.00529	0.00152	0.00231	0.04268	0.00424	0.00381
1	0.00552	0.00408	0.00518	0.00596	0.00654	0.00375	0.00419	0.00650	0.00906	0.01182	0.06159	0.59828	0.17717	0.01301	0.00558	0.00174	0.00259	0.06965	0.00413	0.00367
2	0.00587	0.04050	0.00586	0.00529	0.00653	0.00445	0.00399	0.00725	0.01046	0.01347	0.26422	0.17620	0.40105	0.01072	0.00521	0.00150	0.00240	0.02687	0.00423	0.00392
3	0.01129	0.00896	0.00983	0.00900	0.02966	0.01008	0.00685	0.03624	0.64691	0.07311	0.07704	0.01738	0.01511	0.00611	0.00451	0.00146	0.00345	0.00512	0.02113	0.00677
4	0.87598	0.00854	0.00649	0.00581	0.00854	0.00991	0.00478	0.01298	0.00752	0.01982	0.00615	0.00717	0.00478	0.00410	0.00273	0.00137	0.00342	0.00239	0.00273	0.00478
5	0.01120	0.00959	0.01011	0.00903	0.01157	0.01109	0.00704	0.05209	0.78029	0.01882	0.01771	0.01626	0.01326	0.00597	0.00449	0.00149	0.00355	0.00496	0.00449	0.00701
6	0.00916	0.00785	0.00916	0.00654	0.01047	0.00589	0.00523	0.01112	0.00916	0.01439	0.00785	0.00916	0.00654	0.00327	0.00327	0.00065	0.00327	0.00262	0.00262	0.87178
7	0.81202	0.00846	0.00677	0.00596	0.00875	0.00965	0.00491	0.01362	0.00790	0.07962	0.00699	0.00776	0.00524	0.00420	0.00286	0.00137	0.00344	0.00254	0.00294	0.00499
8	0.00966	0.00745	0.00832	0.00753	0.00951	0.00814	0.00582	0.01763	0.46439	0.05465	0.28383	0.02192	0.02266	0.00694	0.00466	0.00143	0.00296	0.00592	0.05066	0.00592
9	0.87598	0.00854	0.00649	0.00581	0.00854	0.00991	0.00478	0.01298	0.00752	0.01982	0.00615	0.00717	0.00478	0.00410	0.00273	0.00137	0.00342	0.00239	0.00273	0.00478
10	0.01093	0.01049	0.01793	0.02711	0.81723	0.01049	0.01355	0.01355	0.01006	0.01443	0.00831	0.01093	0.00700	0.00394	0.00437	0.00131	0.00525	0.00394	0.00219	0.00700
11	0.01341	0.01069	0.01135	0.00948	0.01241	0.01212	0.00758	0.34832	0.48046	0.02238	0.01490	0.01403	0.01099	0.00570	0.00446	0.00143	0.00406	0.00457	0.00446	0.00721
12	0.01048	0.00907	0.02522	0.00869	0.01102	0.01004	0.00686	0.07155	0.61083	0.01802	0.04786	0.08312	0.01517	0.00790	0.04210	0.00176	0.00389	0.00560	0.00432	0.00650
13	0.00737	0.00619	0.00782	0.00771	0.00850	0.00706	0.00590	0.01030	0.13934	0.01291	0.06868	0.34351	0.10079	0.01059	0.00729	0.00174	0.17898	0.06707	0.00375	0.00449
14	0.15353	0.00723	0.00760	0.00639	0.00870	0.00749	0.00513	0.17913	0.01209	0.16883	0.01509	0.01540	0.06945	0.00552	0.00372	0.00124	0.00320	0.00425	0.32047	0.00554
15	0.01123	0.01394	0.26061	0.09488	0.11831	0.01041	0.12646	0.16153	0.02586	0.06015	0.02254	0.03133	0.00830	0.01759	0.00480	0.00146	0.00569	0.01569	0.00283	0.00639
16	0.00992	0.01299	0.26079	0.04988	0.06000	0.02221	0.14633	0.05286	0.04807	0.06736	0.01339	0.11948	0.02755	0.00641	0.00493	0.00152	0.01725	0.07026	0.00296	0.00584
17	0.00556	0.00401	0.00520	0.00589	0.00634	0.00372	0.00400	0.00654	0.00915	0.01228	0.15748	0.62261	0.07939	0.04806	0.00625	0.00181	0.00253	0.01133	0.00417	0.00365
18	0.01764	0.00864	0.03114	0.00871	0.03456	0.00788	0.00706	0.16884	0.01388	0.55792	0.04917	0.01475	0.01135	0.00550	0.00440	0.00134	0.00394	0.00444	0.04164	0.00719
19	0.02534	0.08175	0.32317	0.03213	0.07684	0.06238	0.11726	0.12197	0.02281	0.06789	0.00955	0.01072	0.01933	0.00448	0.00427	0.00134	0.00592	0.00377	0.00264	0.00643

[dist]
# distance from previous block
# <min> <max>
1	11

[block]
# block no. 1 follows, 59 sequences, length 15
# corresponding to MSA columns:
# 285-299
name=unknown_B
#
# <colnr> <probs for GDERKNQSTAVLIFYWHMCP>
#	G	D	E	R	K	N	Q	S	T	A	V	L	I	F	Y	W	H	M	C	P
0	0.03438	0.03860	0.00936	0.00861	0.04336	0.00888	0.00639	0.05414	0.36661	0.04969	0.01857	0.16952	0.05911	0.00760	0.00491	0.00151	0.03139	0.02451	0.05706	0.00580
1	0.45340	0.04525	0.06175	0.00941	0.07027	0.04409	0.05609	0.05602	0.02275	0.03998	0.00751	0.00886	0.00587	0.00467	0.00417	0.03329	0.02435	0.00304	0.00270	0.04653
2	0.00603	0.00429	0.00549	0.00606	0.00649	0.00411	0.00415	0.00681	0.00806	0.01083	0.02028	0.46791	0.02363	0.23964	0.04438	0.00267	0.00361	0.09666	0.00358	0.03531
3	0.01068	0.06179	0.13507	0.22331	0.17974	0.03372	0.02354	0.01411	0.06217	0.09787	0.06835	0.01303	0.00976	0.00491	0.00466	0.00138	0.03255	0.00414	0.01325	0.00598
4	0.00840	0.00686	0.01001	0.00895	0.00940	0.00857	0.03348	0.00906	0.00704	0.03289	0.00956	0.06436	0.00953	0.06039	0.20690	0.15319	0.35025	0.00480	0.00232	0.00404
5	0.00578	0.00463	0.00578	0.03000	0.00746	0.00425	0.02051	0.00709	0.00977	0.01246	0.13169	0.22448	0.39412	0.03218	0.03998	0.00188	0.00307	0.05705	0.00399	0.00384
6	0.01464	0.13119	0.06767	0.01075	0.01378	0.43368	0.05710	0.13216	0.01274	0.02820	0.00809	0.00915	0.00641	0.00453	0.00394	0.00118	0.00654	0.00321	0.04936	0.00568
7	0.00607	0.00444	0.00530	0.00521	0.00635	0.00402	0.00391	0.00777	0.01117	0.01530	0.43925	0.08459	0.27707	0.00976	0.00509	0.00143	0.00222	0.03109	0.07598	0.00399
8	0.45455	0.01151	0.00961	0.00807	0.01100	0.12244	0.00653	0.26974	0.03659	0.02115	0.00804	0.00867	0.00605	0.00461	0.00350	0.00133	0.00451	0.00304	0.00327	0.00578
9	0.01072	0.25865	0.23637	0.01378	0.15808	0.03634	0.09355	0.01407	0.04380	0.02889	0.03523	0.01041	0.00764	0.00436	0.00429	0.00127	0.03053	0.00358	0.00227	0.00617
10	0.00583	0.00552	0.06275	0.00580	0.00697	0.00426	0.00454	0.00702	0.00918	0.01194	0.10843	0.31459	0.29476	0.11327	0.00762	0.01762	0.00292	0.00943	0.00381	0.00376
11	0.01295	0.00616	0.00806	0.00669	0.00898	0.00550	0.00532	0.03566	0.01257	0.40279	0.34106	0.02463	0.09584	0.00741	0.00482	0.00139	0.00298	0.00630	0.00507	0.00582
12	0.01014	0.01013	0.03178	0.08701	0.53254	0.02879	0.06906	0.01317	0.04493	0.01412	0.03635	0.01461	0.07805	0.00485	0.00453	0.00136	0.00511	0.00462	0.00252	0.00633
13	0.01020	0.16461	0.50736	0.01367	0.12767	0.01163	0.03162	0.04292	0.00987	0.02983	0.00797	0.00937	0.00600	0.00414	0.00402	0.00131	0.00594	0.00329	0.00209	0.00648
14	0.06237	0.01415	0.11142	0.06307	0.20477	0.21224	0.02634	0.03259	0.00993	0.02638	0.00741	0.00964	0.00612	0.00505	0.00641	0.00143	0.18919	0.00351	0.00224	0.00575

[dist]
# distance from previous block
# <min> <max>
0	17

[block]
# block no. 2 follows, 59 sequences, length 8
# corresponding to MSA columns:
# 317-324
name=unknown_C
#
# <colnr> <probs for GDERKNQSTAVLIFYWHMCP>
#	G	D	E	R	K	N	Q	S	T	A	V	L	I	F	Y	W	H	M	C	P
0	0.15811	0.15103	0.18271	0.05054	0.03654	0.25917	0.03128	0.03391	0.01016	0.01355	0.00704	0.00846	0.00563	0.00435	0.00403	0.00126	0.03147	0.00298	0.00223	0.00556
1	0.00633	0.00410	0.00488	0.00530	0.00579	0.00399	0.00356	0.00730	0.00822	0.01186	0.02037	0.35729	0.07726	0.20485	0.05414	0.00246	0.00333	0.00849	0.20696	0.00353
2	0.07015	0.00678	0.00916	0.00824	0.00928	0.00798	0.03943	0.01011	0.04763	0.04086	0.04796	0.09023	0.08800	0.06559	0.22053	0.00323	0.22171	0.00572	0.00293	0.00448
3	0.03551	0.18767	0.40853	0.01017	0.01464	0.03360	0.01142	0.05655	0.05063	0.01403	0.02307	0.04726	0.00820	0.03064	0.00486	0.00142	0.03358	0.00380	0.01848	0.00595
4	0.43352	0.07532	0.22157	0.00823	0.01212	0.01049	0.00842	0.05310	0.03978	0.08901	0.00828	0.00895	0.00607	0.00435	0.00342	0.00135	0.00443	0.00298	0.00284	0.00577
5	0.00774	0.00542	0.00752	0.00745	0.03028	0.00608	0.00533	0.06433	0.00770	0.01074	0.01057	0.01700	0.01028	0.14577	0.37520	0.22451	0.05341	0.00463	0.00242	0.00363
6	0.01187	0.73712	0.02139	0.00775	0.01127	0.05215	0.00745	0.04231	0.00954	0.01110	0.00727	0.04991	0.00694	0.00438	0.00309	0.00101	0.00476	0.00296	0.00211	0.00561
7	0.01141	0.21162	0.42051	0.01058	0.01559	0.03926	0.02816	0.06830	0.01054	0.09326	0.02583	0.00996	0.00709	0.00438	0.00393	0.00126	0.00562	0.00333	0.00250	0.02688

[dist]
# distance from previous block
# <min> <max>
0	2

[block]
# block no. 3 follows, 59 sequences, length 20
# corresponding to MSA columns:
# 327-346
name=unknown_D
#
# <colnr> <probs for GDERKNQSTAVLIFYWHMCP>
#	G	D	E	R	K	N	Q	S	T	A	V	L	I	F	Y	W	H	M	C	P
0	0.02675	0.07927	0.40988	0.02824	0.06068	0.01060	0.08973	0.05554	0.08908	0.02515	0.07430	0.01226	0.00963	0.00475	0.00430	0.00137	0.00556	0.00402	0.00262	0.00629
1	0.00663	0.00481	0.00675	0.06019	0.00853	0.00521	0.00509	0.00783	0.02926	0.01033	0.01396	0.17936	0.01463	0.15016	0.35794	0.09564	0.00716	0.00633	0.00275	0.02744
2	0.04857	0.18576	0.15658	0.04585	0.07765	0.06918	0.25980	0.06820	0.01053	0.01416	0.00790	0.00980	0.00618	0.00410	0.00434	0.00131	0.01804	0.00376	0.00226	0.00601
3	0.01071	0.00676	0.00704	0.00614	0.00796	0.00725	0.00483	0.21771	0.08628	0.01961	0.01375	0.01494	0.01053	0.00526	0.00356	0.00115	0.00292	0.00416	0.56417	0.00527
4	0.00920	0.05109	0.01054	0.00889	0.04731	0.00851	0.00672	0.04358	0.00818	0.02537	0.00842	0.01223	0.00775	0.04655	0.14215	0.13668	0.21238	0.00375	0.00237	0.20835
5	0.00607	0.03350	0.02756	0.00538	0.00679	0.00468	0.00421	0.00772	0.02306	0.01368	0.29122	0.07613	0.39975	0.05741	0.02198	0.00172	0.00272	0.00833	0.00411	0.00400
6	0.00567	0.00420	0.00529	0.00568	0.00644	0.00383	0.00404	0.00695	0.01010	0.01352	0.28405	0.41428	0.18095	0.01175	0.00543	0.00161	0.00238	0.02566	0.00435	0.00381
7	0.01267	0.64766	0.02062	0.00849	0.01182	0.18120	0.00784	0.01402	0.00961	0.01048	0.00627	0.00736	0.00568	0.00409	0.00352	0.00102	0.03765	0.00252	0.00197	0.00552
8	0.00901	0.06559	0.78049	0.01233	0.01871	0.01063	0.01586	0.01395	0.00931	0.01380	0.00783	0.00921	0.00560	0.00417	0.00413	0.00138	0.00643	0.00322	0.00187	0.00648
9	0.01178	0.72244	0.10156	0.00819	0.01223	0.01657	0.00847	0.05443	0.00962	0.01166	0.00655	0.00749	0.00576	0.00390	0.00305	0.00101	0.00491	0.00253	0.00202	0.00585
10	0.01020	0.00933	0.01583	0.22388	0.45503	0.00975	0.06268	0.03532	0.01002	0.03694	0.00994	0.08276	0.00874	0.00498	0.00455	0.00141	0.00526	0.00477	0.00246	0.00615
11	0.00649	0.00435	0.00563	0.00585	0.00666	0.00399	0.00415	0.00780	0.01024	0.05674	0.31767	0.41389	0.09251	0.03560	0.00587	0.00167	0.00247	0.01001	0.00441	0.00400
12	0.00641	0.00453	0.00554	0.00592	0.00671	0.00431	0.00422	0.04938	0.01001	0.01369	0.13572	0.47998	0.13199	0.01149	0.00523	0.00161	0.00257	0.03015	0.08660	0.00396
13	0.01140	0.70472	0.08640	0.00803	0.01179	0.04659	0.00812	0.01308	0.00911	0.01074	0.00728	0.05178	0.00692	0.00438	0.00314	0.00103	0.00488	0.00300	0.00202	0.00561
14	0.02038	0.01312	0.30961	0.01032	0.02842	0.00913	0.01046	0.03944	0.00971	0.13660	0.05399	0.04588	0.02452	0.00762	0.04609	0.01669	0.16590	0.01966	0.02670	0.00577
15	0.00562	0.00419	0.00528	0.00597	0.00666	0.00385	0.00431	0.00672	0.00932	0.01212	0.08421	0.50503	0.20845	0.01269	0.00557	0.00173	0.00264	0.10777	0.00415	0.00372
16	0.00928	0.05709	0.72705	0.01307	0.06024	0.01066	0.01562	0.03238	0.00962	0.01418	0.00793	0.00934	0.00572	0.00419	0.00415	0.00137	0.00634	0.00328	0.00194	0.00654
17	0.04195	0.34327	0.09099	0.00866	0.03363	0.06762	0.02257	0.02846	0.01971	0.04356	0.00795	0.00970	0.00678	0.04870	0.00439	0.00117	0.00471	0.00300	0.00239	0.21079
18	0.00868	0.09938	0.08014	0.07909	0.08602	0.00842	0.11085	0.01150	0.05384	0.03650	0.09000	0.17491	0.08884	0.00736	0.00474	0.00145	0.00435	0.03012	0.00319	0.02063
19	0.00690	0.00495	0.00658	0.00704	0.00811	0.00477	0.00572	0.00897	0.03172	0.02631	0.20533	0.17749	0.05843	0.01120	0.00564	0.00176	0.00325	0.39367	0.00425	0.02790

[dist]
# distance from previous block
# <min> <max>
1	30

[block]
# block no. 4 follows, 59 sequences, length 29
# corresponding to MSA columns:
# 377-405
name=unknown_E
#
# <colnr> <probs for GDERKNQSTAVLIFYWHMCP>
#	G	D	E	R	K	N	Q	S	T	A	V	L	I	F	Y	W	H	M	C	P
0	0.02333	0.05348	0.31067	0.12399	0.15510	0.01028	0.09382	0.04845	0.02332	0.05461	0.00896	0.02266	0.00689	0.00484	0.00485	0.03659	0.00576	0.00389	0.00236	0.00614
1	0.75710	0.00831	0.00678	0.03937	0.00936	0.00963	0.00509	0.01321	0.04134	0.01923	0.00717	0.00826	0.00555	0.00425	0.00289	0.00136	0.00345	0.00266	0.05015	0.00484
2	0.73441	0.00944	0.00725	0.00677	0.02873	0.07693	0.00528	0.01325	0.00818	0.03201	0.00801	0.00889	0.03782	0.00444	0.00301	0.00135	0.00379	0.00278	0.00278	0.00487
3	0.00956	0.00920	0.00904	0.00917	0.07480	0.18716	0.02811	0.03284	0.01045	0.01341	0.13655	0.06561	0.10049	0.05740	0.08813	0.00207	0.03878	0.00564	0.11702	0.00458
4	0.00614	0.00455	0.00521	0.00509	0.00641	0.00397	0.00380	0.00756	0.01081	0.04558	0.28815	0.10502	0.47087	0.01049	0.00522	0.00148	0.00228	0.00897	0.00440	0.00401
5	0.00586	0.00439	0.00543	0.00540	0.00642	0.00396	0.00396	0.00749	0.01123	0.01524	0.49691	0.17522	0.22154	0.01037	0.00529	0.00148	0.00220	0.00909	0.00455	0.00396
6	0.01139	0.64298	0.18837	0.00876	0.01304	0.04874	0.00941	0.01356	0.00919	0.01115	0.00654	0.00758	0.00565	0.00390	0.00316	0.00105	0.00523	0.00257	0.00190	0.00582
7	0.00732	0.00529	0.00777	0.00744	0.00784	0.00636	0.00569	0.00768	0.00661	0.00949	0.00947	0.01478	0.00907	0.02309	0.42934	0.28188	0.15097	0.00430	0.00215	0.00345
8	0.00966	0.00966	0.01353	0.01160	0.01160	0.01353	0.00966	0.01063	0.00676	0.01063	0.00580	0.00966	0.00580	0.00773	0.01449	0.00193	0.83670	0.00387	0.00193	0.00483
9	0.38531	0.04435	0.00962	0.00745	0.01044	0.01029	0.00615	0.19470	0.07129	0.16727	0.03265	0.01095	0.00834	0.00490	0.00364	0.00134	0.00381	0.00350	0.01793	0.00608
10	0.00975	0.00589	0.00587	0.00529	0.00683	0.02830	0.00409	0.11587	0.01096	0.02752	0.02405	0.01535	0.01085	0.00513	0.00334	0.00106	0.00267	0.00405	0.67204	0.04108
11	0.01158	0.61703	0.18545	0.00878	0.01310	0.01572	0.00941	0.07207	0.00992	0.01242	0.00684	0.00780	0.00579	0.00398	0.00323	0.00107	0.00510	0.00267	0.00207	0.00598
12	0.00621	0.00425	0.00517	0.00544	0.00576	0.00411	0.00354	0.00668	0.00790	0.01051	0.09287	0.21221	0.07456	0.42455	0.01457	0.05053	0.00352	0.06112	0.00334	0.00314
13	0.00648	0.00426	0.00486	0.00486	0.00486	0.00426	0.00272	0.00639	0.00639	0.00853	0.01365	0.02825	0.01570	0.80996	0.02226	0.04069	0.00426	0.00631	0.00264	0.00264
14	0.00928	0.00796	0.00921	0.00671	0.01054	0.00623	0.00535	0.01196	0.06359	0.01467	0.00854	0.00966	0.00701	0.00346	0.00335	0.00071	0.00329	0.00278	0.00274	0.81295
15	0.00965	0.02022	0.64407	0.01382	0.09446	0.01042	0.03883	0.06751	0.01020	0.01499	0.00817	0.00964	0.00592	0.00421	0.00423	0.00137	0.00623	0.00342	0.00210	0.03056
16	0.06869	0.01960	0.03887	0.58955	0.02504	0.01042	0.01101	0.12907	0.01052	0.01451	0.00825	0.01123	0.00616	0.00457	0.00436	0.00143	0.01542	0.00379	0.02218	0.00533
17	0.00767	0.00423	0.00594	0.00598	0.00620	0.00430	0.00406	0.00710	0.06078	0.00898	0.01026	0.09993	0.01039	0.01432	0.01486	0.70193	0.00364	0.00483	0.02212	0.00249
18	0.00629	0.00444	0.00486	0.00479	0.00546	0.00413	0.00307	0.00682	0.00815	0.02888	0.05884	0.03370	0.30793	0.48699	0.01506	0.00308	0.00343	0.00750	0.00335	0.00323
19	0.01237	0.66986	0.02134	0.00842	0.01194	0.04100	0.03400	0.05672	0.00980	0.04341	0.00692	0.00792	0.00602	0.00417	0.00374	0.00106	0.05061	0.00272	0.00219	0.00579
20	0.02230	0.00527	0.00678	0.09086	0.00964	0.00514	0.00521	0.04016	0.00985	0.10999	0.04198	0.40226	0.18561	0.02819	0.00551	0.00166	0.00311	0.00920	0.01287	0.00440
21	0.00724	0.00474	0.00620	0.00571	0.00693	0.00433	0.00433	0.00928	0.01247	0.07729	0.74161	0.03183	0.05345	0.00880	0.00515	0.00139	0.00221	0.00775	0.00489	0.00441
22	0.00634	0.00441	0.00543	0.00524	0.00595	0.00418	0.00363	0.00755	0.01001	0.01392	0.44482	0.03094	0.08756	0.26695	0.02466	0.03666	0.00300	0.00728	0.02789	0.00358
23	0.00616	0.00451	0.00577	0.00546	0.00654	0.00413	0.00409	0.00815	0.01228	0.01718	0.74418	0.03386	0.11272	0.00923	0.00521	0.00140	0.00210	0.00811	0.00479	0.00413
24	0.00546	0.00393	0.00518	0.00603	0.00641	0.00365	0.00408	0.00638	0.00892	0.01194	0.10425	0.73366	0.05720	0.01327	0.00558	0.00174	0.00250	0.01199	0.00418	0.00365
25	0.00966	0.00869	0.01439	0.52509	0.04150	0.01019	0.10704	0.01355	0.09841	0.05668	0.00950	0.01233	0.00713	0.00478	0.00521	0.00150	0.06220	0.00422	0.00247	0.00545
26	0.01052	0.00726	0.00779	0.00700	0.00898	0.00793	0.00544	0.06018	0.37675	0.06600	0.06845	0.01715	0.01407	0.00582	0.00402	0.00130	0.00297	0.00478	0.31778	0.00582
27	0.01303	0.50544	0.04574	0.00851	0.01207	0.15431	0.00783	0.05957	0.02952	0.05633	0.00759	0.00832	0.00631	0.00412	0.00333	0.00103	0.00516	0.00276	0.00241	0.06662
28	0.01457	0.01591	0.01220	0.01070	0.01296	0.43236	0.00831	0.13975	0.18404	0.01507	0.00969	0.01040	0.00766	0.00534	0.00537	0.00134	0.10183	0.00360	0.00304	0.00586

[dist]
# distance from previous block
# <min> <max>
0	1

[block]
# block no. 5 follows, 59 sequences, length 41
# corresponding to MSA columns:
# 407-447
name=unknown_F
#
# <colnr> <probs for GDERKNQSTAVLIFYWHMCP>
#	G	D	E	R	K	N	Q	S	T	A	V	L	I	F	Y	W	H	M	C	P
0	0.07906	0.05093	0.05835	0.00983	0.03333	0.04279	0.00811	0.31008	0.28652	0.05684	0.01252	0.01222	0.00922	0.00526	0.00421	0.00137	0.00445	0.00406	0.00396	0.00688
1	0.00783	0.00696	0.02223	0.00788	0.05046	0.05161	0.02999	0.01985	0.11245	0.03059	0.20658	0.17097	0.22859	0.02717	0.00541	0.00155	0.00324	0.00793	0.00403	0.00468
2	0.00549	0.00399	0.00534	0.00629	0.00654	0.00384	0.00424	0.00626	0.00841	0.01126	0.02387	0.82088	0.02862	0.01368	0.00586	0.00180	0.02363	0.01234	0.00405	0.00362
3	0.00670	0.00496	0.00725	0.00712	0.00771	0.00583	0.00544	0.00776	0.00689	0.00989	0.01112	0.01721	0.01067	0.08624	0.62908	0.09652	0.06891	0.00470	0.00231	0.00371
4	0.01153	0.60019	0.11458	0.03490	0.03556	0.04230	0.03090	0.03527	0.01994	0.01166	0.00683	0.00803	0.00589	0.00403	0.00351	0.00108	0.02319	0.00276	0.00202	0.00582
5	0.00834	0.00785	0.01325	0.83417	0.03042	0.00981	0.01227	0.01128	0.00883	0.01128	0.00785	0.01178	0.00589	0.00442	0.00442	0.00147	0.00589	0.00393	0.00196	0.00491
6	0.00543	0.00386	0.00511	0.00609	0.00633	0.00362	0.00403	0.00616	0.00836	0.01115	0.02386	0.80437	0.02860	0.05220	0.00641	0.00191	0.00264	0.01227	0.00403	0.00355
7	0.01090	0.01365	0.25934	0.02509	0.13069	0.01024	0.07374	0.11640	0.14280	0.05520	0.03152	0.06623	0.01013	0.00547	0.00480	0.00144	0.02808	0.00470	0.00310	0.00648
8	0.03481	0.02266	0.05236	0.04333	0.17957	0.06033	0.04843	0.12569	0.06068	0.29615	0.01272	0.01278	0.02017	0.00494	0.00437	0.00135	0.00484	0.00416	0.00379	0.00686
9	0.00834	0.00785	0.01325	0.83417	0.03042	0.00981	0.01227	0.01128	0.00883	0.01128	0.00785	0.01178	0.00589	0.00442	0.00442	0.00147	0.00589	0.00393	0.00196	0.00491
10	0.61978	0.01140	0.02803	0.00856	0.04903	0.15890	0.04109	0.01393	0.00872	0.01753	0.00654	0.00776	0.00516	0.00416	0.00318	0.00133	0.00458	0.00269	0.00258	0.00504
11	0.00631	0.00473	0.00710	0.00710	0.00789	0.00552	0.00552	0.00789	0.00710	0.01025	0.01183	0.01735	0.01104	0.03312	0.82728	0.00710	0.01183	0.00473	0.00237	0.00394
12	0.06083	0.02905	0.01214	0.01068	0.08041	0.08750	0.00793	0.28081	0.14596	0.04727	0.01055	0.01106	0.00802	0.00502	0.00473	0.00128	0.05717	0.00374	0.01316	0.12269
13	0.23965	0.11097	0.29817	0.02056	0.02385	0.01011	0.00960	0.02879	0.04538	0.05718	0.01021	0.10864	0.00890	0.00544	0.00386	0.00139	0.00468	0.00421	0.00273	0.00569
14	0.01183	0.01121	0.05217	0.05443	0.34677	0.07353	0.04543	0.10040	0.04882	0.06707	0.01049	0.05771	0.00892	0.01654	0.00542	0.00145	0.06251	0.01610	0.00286	0.00634
15	0.01093	0.01049	0.01793	0.02711	0.81723	0.01049	0.01355	0.01355	0.01006	0.01443	0.00831	0.01093	0.00700	0.00394	0.00437	0.00131	0.00525	0.00394	0.00219	0.00700
16	0.00535	0.00408	0.00493	0.00555	0.00626	0.00365	0.00385	0.00628	0.00914	0.01170	0.05586	0.54180	0.30010	0.01278	0.00548	0.00168	0.00244	0.01130	0.00412	0.00365
17	0.01152	0.01363	0.19428	0.06882	0.08304	0.01093	0.32046	0.13330	0.04197	0.06369	0.00969	0.01142	0.00706	0.00431	0.00468	0.00142	0.00621	0.00436	0.00274	0.00646
18	0.01168	0.20398	0.41996	0.01095	0.01588	0.11547	0.01219	0.13379	0.01138	0.01489	0.00780	0.00885	0.00591	0.00432	0.00390	0.00125	0.00606	0.00312	0.00231	0.00631
19	0.01650	0.02105	0.01252	0.01138	0.01365	0.82705	0.00853	0.01764	0.01252	0.01081	0.00683	0.00796	0.00569	0.00455	0.00398	0.00114	0.00796	0.00284	0.00228	0.00512
20	0.00688	0.00606	0.00610	0.00620	0.00740	0.07512	0.00464	0.00874	0.04736	0.01335	0.19833	0.20741	0.30432	0.01057	0.00525	0.00155	0.00299	0.07951	0.00412	0.00409
21	0.01012	0.23245	0.37300	0.01279	0.01792	0.01239	0.22558	0.01416	0.03689	0.01325	0.00808	0.00969	0.00618	0.00402	0.00413	0.00131	0.00621	0.00362	0.00206	0.00617
22	0.01177	0.00586	0.00659	0.00569	0.00755	0.00579	0.00449	0.10812	0.01145	0.19425	0.02898	0.01574	0.01132	0.00530	0.00358	0.00115	0.00277	0.00424	0.56007	0.00527
23	0.00893	0.02234	0.78516	0.01287	0.01930	0.01030	0.05255	0.01399	0.00938	0.01399	0.00797	0.00944	0.00565	0.00417	0.00424	0.00140	0.00657	0.00335	0.00188	0.00650
24	0.00528	0.00449	0.00456	0.00459	0.00606	0.00377	0.00347	0.00643	0.01007	0.01197	0.04408	0.04273	0.79101	0.01122	0.00525	0.00151	0.00229	0.03338	0.00410	0.00374
25	0.00667	0.00458	0.00572	0.00608	0.00647	0.00461	0.00436	0.00745	0.00779	0.01029	0.01726	0.03608	0.01927	0.51985	0.04146	0.00356	0.00444	0.28766	0.00317	0.00322
26	0.17420	0.02705	0.12940	0.06594	0.01891	0.01048	0.40995	0.01350	0.00955	0.02761	0.00898	0.01254	0.00714	0.00445	0.00471	0.00148	0.02112	0.04494	0.00240	0.00565
27	0.00868	0.00718	0.03942	0.00711	0.00905	0.00693	0.00575	0.03546	0.26797	0.05272	0.39114	0.02648	0.09444	0.00785	0.00490	0.00144	0.00291	0.02063	0.00456	0.00536
28	0.00581	0.00425	0.00498	0.00532	0.00624	0.00381	0.00378	0.00700	0.00953	0.01280	0.11422	0.37987	0.29258	0.01127	0.00513	0.00154	0.00237	0.00986	0.09564	0.02402
29	0.00716	0.04159	0.00706	0.00706	0.02960	0.00505	0.00495	0.00825	0.00898	0.07196	0.07399	0.54179	0.03752	0.02473	0.07582	0.00217	0.02048	0.02380	0.00389	0.00416
30	0.01013	0.20673	0.47291	0.01201	0.01732	0.03988	0.12063	0.02874	0.00972	0.01340	0.00781	0.00930	0.00592	0.00409	0.00400	0.00129	0.00617	0.00334	0.02042	0.00617
31	0.00902	0.06836	0.77781	0.01231	0.01869	0.01066	0.01583	0.01394	0.00931	0.01379	0.00783	0.00920	0.00560	0.00417	0.00412	0.00137	0.00643	0.00321	0.00187	0.00648
32	0.01798	0.00725	0.00975	0.00764	0.01075	0.00638	0.00625	0.02010	0.03987	0.70238	0.10736	0.01711	0.01449	0.00589	0.00453	0.00137	0.00356	0.00486	0.00537	0.00712
33	0.00925	0.04496	0.01325	0.35541	0.14858	0.01909	0.03951	0.04275	0.02028	0.02434	0.05986	0.06967	0.01160	0.00601	0.00507	0.00149	0.04317	0.06520	0.01522	0.00527
34	0.01098	0.21353	0.43143	0.01090	0.01593	0.02952	0.04678	0.06423	0.03506	0.06691	0.00905	0.03086	0.00698	0.00454	0.00399	0.00130	0.00569	0.00354	0.00243	0.00634
35	0.08502	0.01192	0.01224	0.00956	0.01293	0.06442	0.00784	0.57623	0.01801	0.14150	0.01100	0.01081	0.00768	0.00518	0.00426	0.00132	0.00478	0.00385	0.00430	0.00714
36	0.00632	0.00467	0.00680	0.00680	0.00748	0.00536	0.00515	0.00769	0.00701	0.01003	0.01210	0.01886	0.01170	0.13950	0.72181	0.00673	0.01084	0.00495	0.00241	0.00378
37	0.01139	0.30772	0.06143	0.14312	0.12632	0.03531	0.02022	0.05444	0.01012	0.06650	0.00899	0.02812	0.01904	0.00442	0.00377	0.00117	0.00493	0.00350	0.00248	0.08702
38	0.01039	0.10464	0.41004	0.03756	0.08192	0.01028	0.03825	0.03545	0.02541	0.06664	0.00867	0.00990	0.00646	0.00413	0.00400	0.00124	0.00548	0.00334	0.00237	0.13384
39	0.02774	0.19065	0.37869	0.05986	0.07072	0.04955	0.05996	0.03080	0.02042	0.01337	0.02044	0.00967	0.00650	0.00436	0.00441	0.00132	0.03999	0.00338	0.00210	0.00607
40	0.00625	0.00501	0.00534	0.00529	0.01748	0.00444	0.00391	0.02381	0.04553	0.03524	0.08882	0.05710	0.66510	0.01051	0.00515	0.00148	0.00243	0.00881	0.00418	0.00412

[dist]
# distance from previous block
# <min> <max>
0	1

[block]
# block no. 6 follows, 59 sequences, length 10
# corresponding to MSA columns:
# 449-458
name=unknown_G
#
# <colnr> <probs for GDERKNQSTAVLIFYWHMCP>
#	G	D	E	R	K	N	Q	S	T	A	V	L	I	F	Y	W	H	M	C	P
0	0.00608	0.00451	0.00567	0.00538	0.00650	0.00410	0.00404	0.00801	0.01211	0.01677	0.69002	0.03453	0.16714	0.00938	0.00521	0.00141	0.00211	0.00820	0.00474	0.00410
1	0.00788	0.05160	0.02063	0.01971	0.03153	0.00832	0.03572	0.00956	0.02040	0.01300	0.22503	0.07440	0.07789	0.06297	0.03781	0.00198	0.24716	0.04669	0.00322	0.00449
2	0.00920	0.01726	0.51902	0.04289	0.03587	0.00913	0.07836	0.01327	0.00972	0.05100	0.04052	0.01307	0.06316	0.00480	0.00434	0.00135	0.00571	0.00406	0.00240	0.07488
3	0.00559	0.00401	0.00541	0.00632	0.00669	0.00382	0.00439	0.00655	0.00868	0.01164	0.05765	0.70668	0.02851	0.01454	0.04934	0.00208	0.00314	0.06727	0.00404	0.00367
4	0.01027	0.02495	0.08885	0.07395	0.13302	0.04622	0.17462	0.06708	0.08858	0.01490	0.01117	0.05187	0.02000	0.00588	0.03049	0.00151	0.00548	0.01936	0.03201	0.09977
5	0.07219	0.01364	0.01269	0.01009	0.01336	0.15589	0.00819	0.61411	0.01847	0.02434	0.00965	0.00992	0.00702	0.00509	0.00423	0.00130	0.00531	0.00368	0.00393	0.00692
6	0.01311	0.23368	0.19096	0.03701	0.01518	0.38001	0.04482	0.01536	0.01070	0.01155	0.00701	0.00833	0.00571	0.00423	0.00380	0.00117	0.00673	0.00295	0.00208	0.00560
7	0.02981	0.02552	0.06444	0.01017	0.04307	0.11869	0.00813	0.15902	0.38788	0.03125	0.03430	0.01373	0.01093	0.00650	0.03537	0.00160	0.00489	0.00434	0.00380	0.00656
8	0.01033	0.05151	0.07077	0.00858	0.05845	0.00759	0.00683	0.06898	0.08711	0.11140	0.11487	0.08682	0.08714	0.00639	0.00434	0.00124	0.00360	0.00538	0.00368	0.20500
9	0.06826	0.25244	0.34814	0.01042	0.03491	0.02737	0.03112	0.03506	0.00986	0.10043	0.00841	0.00927	0.00629	0.00419	0.00374	0.00123	0.00537	0.00313	0.00244	0.03794

[dist]
# distance from previous block
# <min> <max>
0	2

[block]
# block no. 7 follows, 59 sequences, length 17
# corresponding to MSA columns:
# 461-477
name=unknown_H
#
# <colnr> <probs for GDERKNQSTAVLIFYWHMCP>
#	G	D	E	R	K	N	Q	S	T	A	V	L	I	F	Y	W	H	M	C	P
0	0.01135	0.54888	0.19650	0.00978	0.01418	0.03521	0.08338	0.01379	0.00936	0.03164	0.00709	0.00824	0.00588	0.00393	0.00342	0.00111	0.00543	0.00289	0.00201	0.00591
1	0.00724	0.00486	0.00626	0.00664	0.00784	0.00453	0.00537	0.00883	0.01028	0.07365	0.10640	0.17142	0.22015	0.01140	0.00560	0.00175	0.00316	0.33619	0.00426	0.00418
2	0.01050	0.17325	0.44041	0.01099	0.01584	0.01184	0.03877	0.09833	0.04357	0.02829	0.02560	0.01050	0.00729	0.02463	0.00492	0.00140	0.04166	0.00353	0.00241	0.00627
3	0.03360	0.07470	0.13211	0.18435	0.12148	0.03321	0.04271	0.15961	0.03335	0.05740	0.01070	0.01225	0.04191	0.00553	0.02407	0.00150	0.01857	0.00401	0.00282	0.00612
4	0.01578	0.01922	0.01209	0.01087	0.01320	0.70016	0.00821	0.07618	0.03630	0.01237	0.00937	0.01017	0.04732	0.00499	0.00409	0.00118	0.00731	0.00332	0.00259	0.00528
5	0.00592	0.00434	0.00535	0.00540	0.00636	0.00394	0.00393	0.00749	0.01093	0.01496	0.43689	0.21795	0.20310	0.01042	0.00522	0.00149	0.00222	0.00915	0.04102	0.00394
6	0.11603	0.12772	0.25339	0.02540	0.07458	0.08154	0.01041	0.08597	0.02846	0.12252	0.00908	0.00985	0.00669	0.00454	0.00415	0.00131	0.02596	0.00334	0.00280	0.00628
7	0.01052	0.04585	0.01503	0.33876	0.06862	0.06806	0.12902	0.03018	0.19055	0.02845	0.01037	0.01234	0.00789	0.00472	0.00464	0.00143	0.02084	0.00423	0.00272	0.00580
8	0.00537	0.00436	0.00477	0.00493	0.00613	0.00375	0.00360	0.00654	0.01004	0.01248	0.13153	0.19781	0.57038	0.01145	0.00530	0.00154	0.00228	0.00980	0.00419	0.00375
9	0.00906	0.00843	0.09921	0.04864	0.08912	0.00720	0.02102	0.03691	0.12458	0.05490	0.14945	0.06809	0.07193	0.00726	0.01966	0.00149	0.00379	0.02408	0.14984	0.00536
10	0.04233	0.13562	0.13626	0.02731	0.03238	0.07367	0.17226	0.09941	0.01152	0.15280	0.03046	0.04746	0.00890	0.00494	0.00430	0.00133	0.00548	0.00430	0.00308	0.00618
11	0.00752	0.00400	0.00591	0.00595	0.00597	0.00408	0.00402	0.00592	0.00603	0.00808	0.00912	0.08808	0.00956	0.01500	0.01614	0.76888	0.02684	0.00462	0.00212	0.00215
12	0.02997	0.00523	0.02297	0.00572	0.00708	0.00469	0.00440	0.00857	0.04276	0.04705	0.22334	0.11908	0.32170	0.02403	0.06772	0.04629	0.00330	0.00798	0.00402	0.00411
13	0.03182	0.05515	0.25168	0.16149	0.07277	0.07863	0.05507	0.07952	0.01062	0.05576	0.00973	0.05347	0.00793	0.00506	0.00442	0.00139	0.01628	0.01754	0.02578	0.00589
14	0.03091	0.03165	0.06588	0.03781	0.01627	0.11383	0.28569	0.10151	0.02318	0.05736	0.03077	0.03814	0.05138	0.00585	0.00482	0.00146	0.00584	0.08890	0.00305	0.00567
15	0.00747	0.00412	0.00612	0.04802	0.00712	0.00422	0.00433	0.00622	0.00622	0.00828	0.00934	0.05697	0.00963	0.06233	0.03649	0.69250	0.00411	0.02208	0.00213	0.00230
16	0.01055	0.00947	0.01456	0.08519	0.37343	0.02215	0.07160	0.11903	0.03355	0.01555	0.01280	0.06516	0.04787	0.02265	0.00502	0.00148	0.00494	0.05818	0.02073	0.00608

[dist]
# distance from previous block
# <min> <max>
0	65

# created by:
# /st0/software/busco_prod/Augustus/scripts/msa2prfl.pl ./align_prep/1488235.fa
