[name]
unknown

[dist]
# distance from previous block
# <min> <max>
0	380

[block]
# block no. 0 follows, 61 sequences, length 21
# corresponding to MSA columns:
# 389-409
name=unknown_A
#
# <colnr> <probs for GDERKNQSTAVLIFYWHMCP>
#	G	D	E	R	K	N	Q	S	T	A	V	L	I	F	Y	W	H	M	C	P
0	0.00619	0.00461	0.00521	0.00508	0.00647	0.00406	0.00387	0.00778	0.02621	0.05070	0.22734	0.06505	0.51498	0.01018	0.00509	0.00146	0.00233	0.04515	0.00425	0.00398
1	0.00719	0.00614	0.03154	0.00748	0.00852	0.00632	0.06365	0.04509	0.00776	0.01076	0.01312	0.03531	0.04906	0.28905	0.33784	0.00452	0.06481	0.00539	0.00255	0.00387
2	0.15269	0.01053	0.01113	0.00890	0.01180	0.04186	0.00730	0.42139	0.03793	0.15050	0.01048	0.01070	0.00752	0.00600	0.02985	0.00152	0.06578	0.00371	0.00390	0.00651
3	0.00563	0.00413	0.00524	0.00549	0.00624	0.00378	0.00390	0.00697	0.01015	0.01378	0.37633	0.36107	0.13888	0.03112	0.00565	0.00159	0.00229	0.00972	0.00429	0.00374
4	0.00609	0.00433	0.00601	0.00614	0.00670	0.00466	0.00446	0.00697	0.00717	0.00990	0.02990	0.13247	0.06655	0.15341	0.45408	0.08113	0.00771	0.00618	0.00270	0.00342
5	0.00534	0.00435	0.00473	0.00469	0.00599	0.00374	0.00350	0.00665	0.01034	0.01300	0.23351	0.07011	0.59805	0.01049	0.00510	0.00144	0.00216	0.00889	0.00418	0.00374
6	0.00537	0.00432	0.00478	0.00477	0.00601	0.00374	0.00354	0.00667	0.01031	0.01305	0.24369	0.10589	0.55160	0.01058	0.00512	0.00145	0.00217	0.00902	0.00419	0.00374
7	0.01617	0.01825	0.01240	0.01078	0.01333	0.61128	0.00829	0.22977	0.01437	0.01501	0.00765	0.00846	0.00603	0.00464	0.00400	0.00116	0.00695	0.00307	0.00278	0.00562
8	0.01011	0.01034	0.05486	0.17314	0.64003	0.01010	0.01312	0.01284	0.00956	0.01350	0.00800	0.01074	0.00656	0.00394	0.00426	0.00131	0.00529	0.00381	0.00208	0.00643
9	0.01842	0.00878	0.01089	0.00835	0.01172	0.00848	0.00690	0.26127	0.01475	0.58103	0.01496	0.01334	0.00964	0.00528	0.00432	0.00132	0.00399	0.00419	0.00502	0.00733
10	0.87904	0.00833	0.00633	0.00566	0.00833	0.00966	0.00467	0.01266	0.00733	0.01933	0.00600	0.00700	0.00467	0.00400	0.00267	0.00133	0.00333	0.00233	0.00267	0.00467
11	0.69293	0.00914	0.00775	0.00658	0.00942	0.01046	0.00542	0.18411	0.01012	0.02101	0.00694	0.00772	0.00524	0.00425	0.00302	0.00132	0.00364	0.00267	0.00302	0.00524
12	0.00533	0.00380	0.00509	0.00609	0.00637	0.00357	0.00413	0.00613	0.00832	0.01108	0.02370	0.80899	0.02832	0.01342	0.00552	0.00176	0.00257	0.04829	0.00400	0.00352
13	0.00550	0.00471	0.00559	0.00519	0.00671	0.00405	0.04132	0.00686	0.01023	0.01267	0.17007	0.03851	0.65291	0.01022	0.00509	0.00144	0.00240	0.00869	0.00404	0.00381
14	0.00619	0.00448	0.00623	0.00623	0.00675	0.00501	0.00452	0.00724	0.00672	0.00948	0.01218	0.02045	0.01230	0.28792	0.57803	0.00606	0.00923	0.00513	0.00240	0.00346
15	0.01127	0.07568	0.01776	0.01299	0.01587	0.16982	0.33588	0.07468	0.01045	0.01314	0.00839	0.01096	0.00686	0.00802	0.11245	0.00208	0.08791	0.00413	0.01629	0.00536
16	0.00812	0.00696	0.01009	0.21944	0.13593	0.03736	0.00813	0.02859	0.00851	0.01148	0.01162	0.11192	0.02288	0.02675	0.18155	0.07528	0.03547	0.02661	0.02884	0.00447
17	0.01148	0.60314	0.12743	0.00842	0.01227	0.06383	0.00854	0.03610	0.07186	0.01171	0.00728	0.00806	0.00616	0.00399	0.00318	0.00104	0.00494	0.00269	0.00213	0.00576
18	0.03057	0.00833	0.00945	0.00851	0.00927	0.09368	0.00664	0.05032	0.00819	0.03379	0.00994	0.03402	0.00982	0.17494	0.17805	0.00319	0.28962	0.02176	0.01558	0.00431
19	0.13279	0.01018	0.01052	0.03255	0.04805	0.14761	0.03712	0.10210	0.07388	0.08363	0.04046	0.01249	0.00912	0.02849	0.09651	0.02175	0.07412	0.00391	0.02941	0.00532
20	0.01092	0.09688	0.10814	0.00862	0.02373	0.04199	0.01947	0.16619	0.08725	0.05704	0.15846	0.02631	0.02659	0.00607	0.02224	0.00133	0.00427	0.00446	0.00345	0.12658

[dist]
# distance from previous block
# <min> <max>
1	87

[block]
# block no. 1 follows, 61 sequences, length 29
# corresponding to MSA columns:
# 507-523,526-537
name=unknown_B
#
# <colnr> <probs for GDERKNQSTAVLIFYWHMCP>
#	G	D	E	R	K	N	Q	S	T	A	V	L	I	F	Y	W	H	M	C	P
0	0.11481	0.00903	0.01032	0.02990	0.03786	0.06055	0.04596	0.08447	0.03662	0.07937	0.02694	0.05235	0.00861	0.00459	0.00392	0.00107	0.01936	0.00370	0.00304	0.36754
1	0.03185	0.00959	0.01612	0.25602	0.40265	0.01028	0.09853	0.03906	0.05386	0.01388	0.00854	0.01118	0.00677	0.00417	0.00450	0.00136	0.01932	0.00399	0.00228	0.00606
2	0.00639	0.00431	0.00565	0.00631	0.00701	0.00405	0.00462	0.00765	0.02170	0.05427	0.05420	0.55153	0.09394	0.01228	0.00545	0.00172	0.00279	0.14817	0.00410	0.00387
3	0.02345	0.13178	0.01322	0.04846	0.02466	0.02907	0.00776	0.36329	0.24049	0.02018	0.01134	0.01137	0.00852	0.00497	0.00403	0.00126	0.00438	0.00383	0.00369	0.04426
4	0.01190	0.00906	0.00987	0.00828	0.01099	0.00979	0.00658	0.21118	0.39887	0.07521	0.06448	0.01667	0.06675	0.00595	0.00436	0.00134	0.00357	0.00486	0.00428	0.07602
5	0.01609	0.02053	0.01221	0.01110	0.01332	0.83132	0.00832	0.01720	0.01221	0.01054	0.00666	0.00777	0.00555	0.00444	0.00388	0.00111	0.00777	0.00277	0.00222	0.00499
6	0.00990	0.34582	0.45232	0.01038	0.01547	0.01282	0.03594	0.01376	0.04382	0.01246	0.00750	0.00862	0.00585	0.00400	0.00361	0.00120	0.00558	0.00297	0.00195	0.00604
7	0.00913	0.00789	0.01207	0.14026	0.29425	0.00856	0.00933	0.09469	0.02390	0.01359	0.01112	0.01427	0.04333	0.01391	0.28103	0.00320	0.00716	0.00435	0.00251	0.00543
8	0.00518	0.00401	0.00473	0.00530	0.00606	0.00356	0.00369	0.00608	0.00892	0.01127	0.03228	0.50047	0.36831	0.01239	0.00532	0.00162	0.00236	0.01089	0.00400	0.00356
9	0.00681	0.00543	0.00715	0.10873	0.01010	0.00571	0.00583	0.00913	0.05775	0.01338	0.23956	0.03255	0.16371	0.08987	0.00719	0.00183	0.04291	0.18453	0.00373	0.00411
10	0.00534	0.00382	0.00509	0.00603	0.00634	0.00357	0.00409	0.00619	0.00849	0.01136	0.06320	0.78146	0.02898	0.01321	0.00549	0.00174	0.00252	0.03549	0.00403	0.00354
11	0.01866	0.00772	0.01019	0.00789	0.01116	0.00697	0.00653	0.09727	0.01303	0.72195	0.01652	0.01529	0.01077	0.00552	0.00438	0.00135	0.00378	0.02860	0.00519	0.00723
12	0.32483	0.01073	0.01057	0.00839	0.01156	0.01204	0.00693	0.52322	0.01563	0.02435	0.00879	0.00915	0.00637	0.00475	0.00372	0.00131	0.00424	0.00333	0.00372	0.00637
13	0.00815	0.00650	0.00769	0.00784	0.00936	0.00701	0.00636	0.01400	0.32943	0.01465	0.02207	0.11973	0.06856	0.00960	0.00523	0.00172	0.00348	0.34944	0.00414	0.00503
14	0.00621	0.00407	0.00487	0.00502	0.00513	0.00400	0.00302	0.00617	0.00672	0.00894	0.03040	0.15660	0.04343	0.57049	0.01783	0.11080	0.00375	0.00702	0.00282	0.00272
15	0.00904	0.00886	0.01246	0.01079	0.01088	0.01228	0.00895	0.01005	0.00664	0.01032	0.00635	0.01031	0.00626	0.01045	0.11030	0.00248	0.74318	0.00387	0.00193	0.00461
16	0.32227	0.00994	0.00986	0.00777	0.01100	0.01068	0.00638	0.38148	0.01362	0.02201	0.00831	0.00890	0.00621	0.00440	0.00352	0.00119	0.00396	0.00309	0.00341	0.16200
17	0.00567	0.00417	0.00533	0.00580	0.00652	0.00386	0.00423	0.00694	0.00965	0.01287	0.23044	0.39674	0.15128	0.03267	0.00580	0.00169	0.00255	0.10593	0.00415	0.00370
18	0.00799	0.00715	0.00975	0.00871	0.00883	0.00936	0.00682	0.00876	0.00655	0.00973	0.00887	0.01602	0.00935	0.25380	0.14621	0.00335	0.46800	0.00462	0.00216	0.00397
19	0.01843	0.00760	0.01003	0.00778	0.01102	0.00686	0.00640	0.05802	0.05669	0.72568	0.03367	0.01490	0.01128	0.00543	0.00435	0.00134	0.00367	0.00441	0.00522	0.00723
20	0.00519	0.00437	0.00451	0.00460	0.00598	0.00369	0.00348	0.00630	0.00976	0.01167	0.04180	0.07642	0.74831	0.01107	0.00515	0.00149	0.00228	0.04629	0.00400	0.00365
21	0.16838	0.00927	0.01007	0.00820	0.01121	0.00992	0.00666	0.23199	0.21641	0.26319	0.01339	0.01250	0.00933	0.00518	0.00404	0.00135	0.00383	0.00399	0.00434	0.00673
22	0.01352	0.00928	0.01255	0.10375	0.01466	0.00975	0.10573	0.29645	0.07189	0.17826	0.07722	0.01399	0.01103	0.00525	0.00440	0.00134	0.00448	0.00451	0.05558	0.00636
23	0.00982	0.01023	0.02010	0.19003	0.10490	0.01029	0.46688	0.04508	0.03091	0.01376	0.00943	0.05101	0.00764	0.00438	0.00481	0.00144	0.00630	0.00498	0.00235	0.00568
24	0.00523	0.00381	0.00494	0.00584	0.00621	0.00351	0.00393	0.00602	0.00840	0.01106	0.02567	0.76769	0.10536	0.01324	0.00546	0.00172	0.00247	0.01194	0.00400	0.00351
25	0.01537	0.02858	0.01272	0.00988	0.01300	0.07563	0.00808	0.61493	0.10528	0.02390	0.01057	0.01067	0.00772	0.00525	0.00464	0.00131	0.03763	0.00387	0.00401	0.00695
26	0.00918	0.00780	0.00907	0.00650	0.01031	0.00600	0.00521	0.03743	0.00931	0.01447	0.00775	0.00898	0.00641	0.00326	0.00323	0.00066	0.00324	0.00260	0.00261	0.84600
27	0.00850	0.02861	0.24675	0.02510	0.04882	0.00738	0.00851	0.04612	0.07218	0.05136	0.19443	0.07943	0.11248	0.00688	0.00451	0.00138	0.00391	0.00583	0.04249	0.00531
28	0.02480	0.00907	0.04560	0.02424	0.04972	0.04399	0.10718	0.08817	0.01050	0.03113	0.05747	0.13179	0.03872	0.00575	0.00434	0.00117	0.01590	0.00507	0.00303	0.30235

[dist]
# distance from previous block
# <min> <max>
2	62

[block]
# block no. 2 follows, 61 sequences, length 20
# corresponding to MSA columns:
# 605-609,618-630,634,635
name=unknown_C
#
# <colnr> <probs for GDERKNQSTAVLIFYWHMCP>
#	G	D	E	R	K	N	Q	S	T	A	V	L	I	F	Y	W	H	M	C	P
0	0.13539	0.01112	0.01161	0.00986	0.05143	0.03702	0.00762	0.53164	0.07641	0.03618	0.01045	0.02396	0.00789	0.02462	0.00450	0.00138	0.00449	0.00390	0.00389	0.00665
1	0.87904	0.00833	0.00633	0.00566	0.00833	0.00966	0.00467	0.01266	0.00733	0.01933	0.00600	0.00700	0.00467	0.00400	0.00267	0.00133	0.00333	0.00233	0.00267	0.00467
2	0.00588	0.00436	0.00487	0.00499	0.00621	0.00376	0.00364	0.00696	0.00968	0.05130	0.07935	0.23904	0.54233	0.01117	0.00515	0.00152	0.00232	0.00957	0.00410	0.00380
3	0.00922	0.04386	0.54542	0.04421	0.01916	0.01030	0.19371	0.03197	0.00957	0.01386	0.00815	0.00993	0.00593	0.00404	0.00426	0.00136	0.00632	0.00365	0.02899	0.00610
4	0.00839	0.00649	0.00870	0.00821	0.04416	0.00654	0.06037	0.12765	0.06375	0.01676	0.28721	0.17084	0.05011	0.00833	0.00487	0.00144	0.00322	0.05396	0.06418	0.00484
5	0.00538	0.00388	0.00501	0.00583	0.00621	0.00362	0.00395	0.00619	0.00841	0.01111	0.04725	0.67972	0.08993	0.06781	0.00655	0.00188	0.00262	0.03723	0.00393	0.00348
6	0.00871	0.01968	0.67464	0.01201	0.01770	0.00968	0.07390	0.01368	0.04386	0.01387	0.00958	0.01085	0.03136	0.00438	0.00417	0.00136	0.00601	0.00361	0.03477	0.00617
7	0.05672	0.00882	0.01004	0.00832	0.01121	0.00934	0.00668	0.12690	0.36658	0.31096	0.02752	0.01459	0.01146	0.00552	0.00428	0.00138	0.00366	0.00446	0.00464	0.00693
8	0.02569	0.43628	0.25496	0.00973	0.01398	0.05439	0.04876	0.04206	0.03002	0.01233	0.00710	0.00825	0.00581	0.00407	0.00376	0.00115	0.03092	0.00289	0.00204	0.00582
9	0.06862	0.01046	0.01144	0.02177	0.02970	0.10725	0.05789	0.08712	0.29775	0.05592	0.01977	0.01388	0.00996	0.00573	0.00563	0.00145	0.12167	0.03331	0.03479	0.00591
10	0.00638	0.00415	0.00485	0.00487	0.00495	0.00418	0.00287	0.00642	0.00640	0.00872	0.01335	0.04678	0.01504	0.70289	0.05984	0.06116	0.00439	0.00609	0.03396	0.00269
11	0.06758	0.10853	0.01470	0.21951	0.28380	0.09870	0.01035	0.01402	0.09779	0.01317	0.00843	0.01044	0.00680	0.00432	0.00420	0.00130	0.02469	0.00356	0.00233	0.00578
12	0.06315	0.00445	0.00556	0.00623	0.00700	0.00429	0.00463	0.00745	0.00890	0.02987	0.05280	0.50604	0.09997	0.01196	0.00533	0.00172	0.00283	0.17005	0.00396	0.00379
13	0.00964	0.00933	0.01321	0.04868	0.06588	0.05649	0.11402	0.04357	0.07740	0.01220	0.00889	0.01266	0.00791	0.06283	0.12046	0.01734	0.30785	0.00426	0.00237	0.00500
14	0.00742	0.00411	0.00425	0.00422	0.00528	0.00397	0.00316	0.00930	0.00949	0.01559	0.10675	0.02130	0.12478	0.00624	0.00352	0.00110	0.00203	0.00512	0.65839	0.00397
15	0.00654	0.00473	0.00578	0.00581	0.00609	0.00506	0.00386	0.00753	0.04603	0.00966	0.01487	0.13383	0.01656	0.52707	0.10481	0.00380	0.05014	0.04172	0.00287	0.00324
16	0.00956	0.01093	0.05742	0.01518	0.01883	0.03173	0.58057	0.02345	0.02286	0.01383	0.04674	0.10765	0.01070	0.00512	0.00499	0.00146	0.00625	0.00583	0.02144	0.00547
17	0.01202	0.00990	0.01048	0.00903	0.01170	0.01133	0.00714	0.20445	0.63027	0.02013	0.01587	0.01475	0.01180	0.00569	0.00437	0.00142	0.00372	0.00464	0.00437	0.00694
18	0.00771	0.00589	0.00813	0.08598	0.01046	0.00604	0.03254	0.04461	0.03483	0.05220	0.06148	0.42110	0.04153	0.00968	0.00560	0.00156	0.05948	0.03284	0.00361	0.07473
19	0.01101	0.00938	0.00991	0.00878	0.01130	0.01075	0.00686	0.06885	0.74802	0.01846	0.01687	0.01556	0.01264	0.00574	0.00435	0.00143	0.00348	0.00476	0.00434	0.02751

[dist]
# distance from previous block
# <min> <max>
0	20

[block]
# block no. 3 follows, 61 sequences, length 11
# corresponding to MSA columns:
# 656-666
name=unknown_D
#
# <colnr> <probs for GDERKNQSTAVLIFYWHMCP>
#	G	D	E	R	K	N	Q	S	T	A	V	L	I	F	Y	W	H	M	C	P
0	0.87904	0.00833	0.00633	0.00566	0.00833	0.00966	0.00467	0.01266	0.00733	0.01933	0.00600	0.00700	0.00467	0.00400	0.00267	0.00133	0.00333	0.00233	0.00267	0.00467
1	0.00726	0.00589	0.00663	0.00634	0.00782	0.00606	0.00477	0.01221	0.27244	0.01540	0.27500	0.13255	0.21291	0.00893	0.00491	0.00146	0.00258	0.00771	0.00436	0.00479
2	0.01066	0.01023	0.01748	0.02644	0.82174	0.01023	0.01322	0.01322	0.00981	0.01407	0.00810	0.01066	0.00682	0.00384	0.00426	0.00128	0.00512	0.00384	0.00213	0.00682
3	0.00613	0.00417	0.00469	0.00474	0.00486	0.00410	0.00273	0.00624	0.00663	0.00873	0.01636	0.06888	0.07770	0.74412	0.01984	0.00385	0.00394	0.00677	0.00278	0.00273
4	0.00572	0.00427	0.00522	0.00548	0.00633	0.00391	0.00401	0.00699	0.00981	0.01293	0.25517	0.23515	0.24761	0.08537	0.00677	0.00180	0.00258	0.09312	0.00408	0.00367
5	0.00702	0.00454	0.00585	0.00576	0.00685	0.00413	0.00430	0.00860	0.01088	0.08822	0.42833	0.22535	0.12622	0.01000	0.00515	0.00149	0.00240	0.04626	0.00449	0.00417
6	0.00564	0.00419	0.00500	0.00515	0.00592	0.00383	0.00358	0.00674	0.00953	0.01261	0.26789	0.23552	0.24898	0.15627	0.00811	0.00197	0.00256	0.00899	0.00398	0.00355
7	0.04630	0.00837	0.00949	0.00798	0.01054	0.00898	0.00638	0.11858	0.32893	0.24574	0.03531	0.01481	0.01163	0.00558	0.00447	0.00136	0.02917	0.00445	0.09542	0.00652
8	0.03777	0.43090	0.19349	0.00896	0.01310	0.03472	0.00927	0.15994	0.01116	0.05330	0.00771	0.00841	0.00606	0.00415	0.00344	0.00112	0.00501	0.00289	0.00249	0.00609
9	0.00936	0.00789	0.00937	0.00799	0.04639	0.02702	0.02272	0.04159	0.11225	0.03226	0.04443	0.10465	0.01143	0.02222	0.00423	0.00106	0.00347	0.00442	0.00313	0.48412
10	0.13475	0.01012	0.02637	0.13865	0.14474	0.09143	0.03934	0.08707	0.06804	0.05475	0.03941	0.02554	0.00882	0.00498	0.00451	0.00134	0.04338	0.01670	0.02772	0.03231

[dist]
# distance from previous block
# <min> <max>
4	28

[block]
# block no. 4 follows, 61 sequences, length 14
# corresponding to MSA columns:
# 697-710
name=unknown_E
#
# <colnr> <probs for GDERKNQSTAVLIFYWHMCP>
#	G	D	E	R	K	N	Q	S	T	A	V	L	I	F	Y	W	H	M	C	P
0	0.01063	0.41923	0.26790	0.03465	0.01417	0.01334	0.02469	0.08693	0.00994	0.01304	0.00780	0.04234	0.00666	0.00435	0.00353	0.00114	0.00512	0.00323	0.00218	0.02913
1	0.09863	0.02862	0.07307	0.04673	0.01149	0.02904	0.00708	0.18447	0.04260	0.09237	0.11754	0.07893	0.03538	0.00678	0.01649	0.00143	0.01399	0.04348	0.00365	0.06822
2	0.00661	0.00461	0.00584	0.00612	0.00683	0.00452	0.00433	0.00810	0.04763	0.05698	0.11666	0.49445	0.10680	0.06740	0.00674	0.00180	0.03676	0.00987	0.00400	0.00394
3	0.00545	0.00387	0.00504	0.00588	0.00625	0.00362	0.00401	0.00631	0.00849	0.01138	0.05484	0.69528	0.06549	0.04248	0.00600	0.00180	0.00257	0.04223	0.02549	0.00353
4	0.01038	0.00939	0.01535	0.33084	0.27298	0.01049	0.07952	0.09054	0.01020	0.03948	0.00826	0.01104	0.00645	0.00451	0.00526	0.00141	0.08176	0.00395	0.00235	0.00583
5	0.00965	0.00932	0.01476	0.29073	0.42823	0.03960	0.01179	0.01208	0.00924	0.01260	0.02869	0.01176	0.00746	0.01995	0.02471	0.00155	0.05605	0.00395	0.00213	0.00574
6	0.00569	0.00438	0.00494	0.00502	0.00619	0.00396	0.00374	0.00721	0.02473	0.01291	0.16733	0.14028	0.45825	0.01128	0.03866	0.00168	0.00264	0.03174	0.06558	0.00379
7	0.00634	0.00488	0.00727	0.00717	0.00789	0.00582	0.00561	0.00784	0.00690	0.01002	0.01121	0.01651	0.01049	0.03093	0.78620	0.00664	0.05754	0.00457	0.00228	0.00389
8	0.04946	0.07247	0.66171	0.01106	0.01665	0.01008	0.01379	0.01349	0.03449	0.01381	0.00928	0.01040	0.03464	0.00438	0.00396	0.00133	0.00576	0.00337	0.02378	0.00609
9	0.00639	0.00439	0.00546	0.00587	0.00670	0.00408	0.00414	0.00789	0.04663	0.06126	0.08621	0.54228	0.17891	0.01180	0.00527	0.00162	0.00252	0.01049	0.00415	0.00395
10	0.00616	0.00460	0.00682	0.00682	0.00756	0.00533	0.00526	0.00763	0.00689	0.00992	0.01163	0.01744	0.01099	0.06959	0.79457	0.00680	0.01120	0.00469	0.00232	0.00379
11	0.08587	0.00915	0.01044	0.00833	0.01141	0.00952	0.00679	0.27180	0.15306	0.33568	0.04318	0.01354	0.01063	0.00539	0.00423	0.00134	0.00388	0.00424	0.00460	0.00691
12	0.01152	0.85121	0.02257	0.00737	0.01106	0.01704	0.00737	0.01290	0.00875	0.01013	0.00599	0.00691	0.00553	0.00369	0.00276	0.00092	0.00461	0.00230	0.00184	0.00553
13	0.00670	0.00503	0.00686	0.00670	0.00735	0.00574	0.00498	0.03179	0.02579	0.01038	0.01241	0.05773	0.01244	0.21742	0.52390	0.00552	0.04766	0.00530	0.00254	0.00376

[dist]
# distance from previous block
# <min> <max>
0	1

[block]
# block no. 5 follows, 61 sequences, length 26
# corresponding to MSA columns:
# 712-737
name=unknown_F
#
# <colnr> <probs for GDERKNQSTAVLIFYWHMCP>
#	G	D	E	R	K	N	Q	S	T	A	V	L	I	F	Y	W	H	M	C	P
0	0.00596	0.00426	0.00581	0.00681	0.00737	0.00411	0.00523	0.00723	0.00895	0.01179	0.02335	0.51144	0.02694	0.01283	0.00569	0.00185	0.00311	0.33961	0.00399	0.00369
1	0.01066	0.01023	0.01748	0.02644	0.82174	0.01023	0.01322	0.01322	0.00981	0.01407	0.00810	0.01066	0.00682	0.00384	0.00426	0.00128	0.00512	0.00384	0.00213	0.00682
2	0.01554	0.12138	0.01347	0.01064	0.01304	0.73246	0.00821	0.01668	0.01179	0.01049	0.00658	0.00766	0.00555	0.00435	0.00375	0.00109	0.00738	0.00272	0.00217	0.00506
3	0.00916	0.00779	0.00906	0.00649	0.01031	0.00598	0.00520	0.03536	0.00928	0.01444	0.00774	0.00898	0.00641	0.00325	0.00322	0.00066	0.00324	0.00259	0.00261	0.84825
4	0.00673	0.00454	0.00508	0.00494	0.00510	0.00460	0.00287	0.04333	0.00691	0.00922	0.01342	0.02736	0.01527	0.80959	0.02111	0.00404	0.00420	0.00615	0.00269	0.00283
5	0.00645	0.00505	0.00748	0.00732	0.00802	0.00608	0.00575	0.00793	0.00689	0.01003	0.01101	0.01625	0.01031	0.03009	0.75837	0.00647	0.08577	0.00454	0.00227	0.00392
6	0.01422	0.01237	0.10588	0.01101	0.01475	0.03065	0.12873	0.37590	0.11802	0.12666	0.01151	0.01163	0.00814	0.00491	0.00440	0.00135	0.00506	0.00414	0.00380	0.00687
7	0.00620	0.00480	0.00630	0.06955	0.00879	0.00465	0.00506	0.00795	0.04470	0.01220	0.07554	0.47587	0.09474	0.01100	0.00517	0.00160	0.00293	0.09231	0.00380	0.06683
8	0.00991	0.22391	0.56867	0.01099	0.01639	0.07426	0.01326	0.01373	0.00925	0.01255	0.00722	0.00846	0.00548	0.00402	0.00375	0.00124	0.00604	0.00294	0.00186	0.00606
9	0.00794	0.00679	0.00952	0.00938	0.01085	0.06051	0.10340	0.01006	0.01010	0.01284	0.02004	0.04142	0.02131	0.01041	0.00571	0.00186	0.00462	0.64535	0.00363	0.00426
10	0.00881	0.00751	0.00879	0.00634	0.01004	0.00567	0.00506	0.01073	0.00908	0.01418	0.04373	0.00997	0.00790	0.00344	0.00327	0.00067	0.00314	0.00278	0.00265	0.83625
11	0.00535	0.00436	0.00462	0.00457	0.00584	0.00375	0.00336	0.00652	0.00995	0.01234	0.17218	0.03888	0.62732	0.07435	0.00637	0.00164	0.00231	0.00866	0.00402	0.00363
12	0.00935	0.00944	0.01338	0.64704	0.12200	0.10370	0.01170	0.01198	0.00917	0.01132	0.00760	0.01096	0.00585	0.00427	0.00425	0.00138	0.00590	0.00371	0.00197	0.00505
13	0.00980	0.00612	0.00627	0.00568	0.00717	0.04062	0.00440	0.12245	0.02278	0.05212	0.04931	0.02730	0.01185	0.00741	0.06653	0.00155	0.00346	0.00430	0.54619	0.00469
14	0.00998	0.08520	0.60916	0.01202	0.01762	0.04859	0.07225	0.04011	0.00978	0.04474	0.00806	0.00930	0.00581	0.00413	0.00407	0.00132	0.00620	0.00330	0.00208	0.00626
15	0.05855	0.00519	0.00681	0.03268	0.03944	0.00517	0.02246	0.00893	0.05960	0.04988	0.03976	0.48897	0.05678	0.07452	0.00635	0.00182	0.00311	0.03210	0.00374	0.00414
16	0.00631	0.00416	0.00473	0.00473	0.00473	0.00416	0.00265	0.00624	0.00624	0.00832	0.01335	0.02764	0.01536	0.81821	0.02174	0.03592	0.00416	0.00617	0.00258	0.00258
17	0.01171	0.65667	0.12803	0.00808	0.01206	0.01514	0.00841	0.01385	0.02840	0.07282	0.00734	0.00801	0.00609	0.00392	0.00310	0.00102	0.00474	0.00264	0.00217	0.00581
18	0.03890	0.04640	0.14463	0.16476	0.06785	0.11034	0.08308	0.06444	0.06689	0.03324	0.02180	0.06400	0.05435	0.00538	0.00442	0.00137	0.01539	0.00455	0.00269	0.00553
19	0.01352	0.01345	0.01455	0.12551	0.17277	0.30667	0.09619	0.04963	0.01121	0.11418	0.00871	0.01028	0.00665	0.00446	0.00456	0.00129	0.03432	0.00365	0.00263	0.00579
20	0.00582	0.00422	0.00524	0.00571	0.00642	0.00393	0.00404	0.02701	0.00956	0.01285	0.16158	0.49844	0.15699	0.01166	0.00524	0.00160	0.00245	0.03264	0.04087	0.00375
21	0.06400	0.01001	0.06779	0.04620	0.22868	0.02283	0.17002	0.05094	0.05126	0.05967	0.10164	0.05404	0.03251	0.00534	0.00462	0.00138	0.01527	0.00499	0.00297	0.00582
22	0.09402	0.00946	0.02784	0.06106	0.08515	0.01842	0.12403	0.15743	0.11841	0.13973	0.04925	0.05971	0.01083	0.00538	0.00435	0.00138	0.00450	0.00473	0.01820	0.00613
23	0.00847	0.00529	0.00650	0.00636	0.00760	0.02568	0.00478	0.01009	0.03866	0.14544	0.10165	0.26980	0.12166	0.01302	0.11516	0.03163	0.00406	0.04411	0.03564	0.00439
24	0.00587	0.00411	0.00500	0.00538	0.00611	0.00382	0.00384	0.00711	0.00940	0.01292	0.18609	0.34715	0.17212	0.05964	0.00603	0.00168	0.00246	0.05066	0.10695	0.00367
25	0.04372	0.12654	0.28935	0.18028	0.06007	0.01074	0.06602	0.06712	0.01006	0.07404	0.02752	0.01050	0.00698	0.00431	0.00404	0.00131	0.00547	0.00357	0.00241	0.00593

[dist]
# distance from previous block
# <min> <max>
0	312

# created by:
# /st0/software/busco_prod/Augustus/scripts/msa2prfl.pl ./align_prep/1504863.fa
