[name]
unknown

[dist]
# distance from previous block
# <min> <max>
0	102

[block]
# block no. 0 follows, 44 sequences, length 24
# corresponding to MSA columns:
# 117-140
name=unknown_A
#
# <colnr> <probs for GDERKNQSTAVLIFYWHMCP>
#	G	D	E	R	K	N	Q	S	T	A	V	L	I	F	Y	W	H	M	C	P
0	0.00903	0.00606	0.00812	0.00914	0.01040	0.00606	0.00789	0.01155	0.01235	0.01704	0.02686	0.05406	0.02823	0.01349	0.00686	0.00229	0.00457	0.60544	0.15553	0.00503
1	0.02225	0.01010	0.01283	0.01013	0.01415	0.00958	0.00827	0.07344	0.15145	0.59446	0.02110	0.01853	0.01379	0.00685	0.00549	0.00171	0.00467	0.00557	0.00645	0.00916
2	0.01041	0.01303	0.15425	0.65452	0.03503	0.01221	0.01604	0.01453	0.01101	0.01453	0.00971	0.01399	0.00720	0.00540	0.00540	0.00180	0.00741	0.00470	0.00240	0.00642
3	0.01788	0.02133	0.01374	0.01237	0.01515	0.57635	0.00936	0.08510	0.01582	0.01548	0.01729	0.01782	0.14536	0.00718	0.00524	0.00150	0.00821	0.00508	0.00345	0.00627
4	0.01769	0.01400	0.14229	0.15524	0.06952	0.01162	0.05568	0.14034	0.01535	0.30095	0.01474	0.01523	0.00998	0.00598	0.00547	0.00171	0.00628	0.00505	0.00453	0.00834
5	0.01016	0.02397	0.64045	0.01410	0.02076	0.01117	0.01742	0.01552	0.01132	0.01666	0.01344	0.15474	0.01217	0.00733	0.00550	0.00181	0.00717	0.00610	0.00280	0.00740
6	0.01289	0.01153	0.01905	0.02834	0.63573	0.01153	0.01440	0.01600	0.01224	0.01826	0.01161	0.01473	0.00960	0.00513	0.00511	0.00156	0.00577	0.00490	0.15362	0.00799
7	0.02148	0.00856	0.01144	0.00902	0.01248	0.00752	0.00716	0.02320	0.01422	0.63959	0.02073	0.02165	0.01464	0.15148	0.00950	0.00234	0.00476	0.00592	0.00613	0.00820
8	0.01036	0.00962	0.01774	0.15593	0.02155	0.00975	0.25333	0.01375	0.01245	0.01643	0.04304	0.03708	0.02011	0.00978	0.00676	0.00214	0.00671	0.34364	0.00384	0.00597
9	0.01613	0.01233	0.01331	0.01128	0.01469	0.01380	0.00895	0.26503	0.43592	0.06993	0.01964	0.06352	0.01518	0.00764	0.00560	0.00179	0.00482	0.00626	0.00556	0.00863
10	0.01542	0.00876	0.01107	0.01028	0.02637	0.00869	0.00826	0.06650	0.14235	0.27279	0.02553	0.07893	0.06437	0.01030	0.00624	0.00199	0.00462	0.22451	0.00568	0.00733
11	0.00664	0.00474	0.00633	0.00759	0.00791	0.00443	0.00506	0.00759	0.01044	0.01392	0.03005	0.80485	0.03606	0.01708	0.00696	0.00221	0.00316	0.01550	0.00506	0.00443
12	0.02132	0.01424	0.01314	0.01084	0.01426	0.23186	0.00849	0.09121	0.01574	0.41452	0.01655	0.01722	0.01186	0.08486	0.00750	0.00195	0.00632	0.00510	0.00516	0.00784
13	0.01030	0.00969	0.01635	0.79530	0.03755	0.01211	0.01514	0.01393	0.01090	0.01393	0.00969	0.01453	0.00727	0.00545	0.00545	0.00182	0.00727	0.00484	0.00242	0.00606
14	0.00860	0.00505	0.00666	0.00669	0.00676	0.00509	0.00422	0.00764	0.00767	0.01028	0.01382	0.04808	0.01513	0.37505	0.06833	0.39298	0.00551	0.00654	0.00290	0.00299
15	0.00956	0.00841	0.01309	0.49618	0.02673	0.01000	0.01157	0.01297	0.05439	0.01415	0.01713	0.05990	0.09762	0.01138	0.08358	0.05138	0.00695	0.00631	0.00309	0.00563
16	0.01888	0.04077	0.08070	0.03795	0.04198	0.02576	0.12444	0.06597	0.10079	0.37934	0.01706	0.01647	0.01156	0.00616	0.00553	0.00171	0.00594	0.00539	0.00506	0.00855
17	0.03445	0.00843	0.01162	0.00983	0.01279	0.00788	0.04239	0.06537	0.01520	0.34831	0.18342	0.05495	0.02507	0.00944	0.00612	0.00187	0.00451	0.14521	0.00587	0.00727
18	0.01182	0.01195	0.02291	0.02253	0.25807	0.01185	0.32315	0.01530	0.01201	0.01684	0.05549	0.01697	0.01183	0.01175	0.14732	0.00303	0.03115	0.00598	0.00295	0.00714
19	0.01250	0.01166	0.08031	0.03958	0.05887	0.07896	0.07204	0.06179	0.01405	0.10367	0.17185	0.16880	0.05698	0.00957	0.00606	0.00181	0.00532	0.03508	0.00459	0.00650
20	0.07780	0.24113	0.21743	0.01260	0.04352	0.04068	0.03402	0.11935	0.01397	0.11148	0.03251	0.01255	0.00935	0.00556	0.00472	0.00154	0.00633	0.00418	0.00351	0.00777
21	0.01253	0.13924	0.44678	0.15490	0.02372	0.03538	0.01639	0.01745	0.02531	0.06442	0.01037	0.01221	0.00758	0.00530	0.00500	0.00165	0.00735	0.00413	0.00268	0.00758
22	0.17606	0.05665	0.03733	0.01307	0.13744	0.01033	0.03925	0.04981	0.02899	0.06841	0.16294	0.10972	0.02002	0.00774	0.00523	0.00166	0.00466	0.00660	0.00421	0.05985
23	0.19618	0.02909	0.01937	0.07911	0.32679	0.01241	0.15843	0.01579	0.01167	0.01857	0.01333	0.01582	0.06917	0.00561	0.00520	0.00170	0.00626	0.00524	0.00302	0.00723

[dist]
# distance from previous block
# <min> <max>
0	4

[block]
# block no. 1 follows, 44 sequences, length 38
# corresponding to MSA columns:
# 146-183
name=unknown_B
#
# <colnr> <probs for GDERKNQSTAVLIFYWHMCP>
#	G	D	E	R	K	N	Q	S	T	A	V	L	I	F	Y	W	H	M	C	P
0	0.17255	0.05508	0.12272	0.01027	0.01416	0.01111	0.03790	0.04737	0.01168	0.01902	0.07902	0.01666	0.04578	0.02053	0.00651	0.00161	0.09180	0.01620	0.00342	0.21661
1	0.01122	0.01049	0.01662	0.27259	0.27401	0.02400	0.04092	0.01518	0.06398	0.01647	0.06942	0.01917	0.05490	0.00945	0.07632	0.00237	0.00698	0.00581	0.00320	0.00689
2	0.01410	0.03321	0.34617	0.01495	0.07277	0.01284	0.02953	0.04235	0.15533	0.13114	0.01376	0.01447	0.00998	0.00622	0.00646	0.00179	0.07820	0.00483	0.00372	0.00820
3	0.01111	0.01073	0.01875	0.54960	0.18964	0.01228	0.08217	0.01470	0.01143	0.01508	0.01091	0.01515	0.02412	0.00543	0.00555	0.00178	0.00718	0.00513	0.00257	0.00668
4	0.01030	0.00969	0.01635	0.79530	0.03755	0.01211	0.01514	0.01393	0.01090	0.01393	0.00969	0.01453	0.00727	0.00545	0.00545	0.00182	0.00727	0.00484	0.00242	0.00606
5	0.01130	0.00969	0.01130	0.00807	0.01292	0.00727	0.00646	0.01373	0.01130	0.01776	0.00969	0.01130	0.00807	0.00404	0.00404	0.00081	0.00404	0.00323	0.00323	0.84173
6	0.01041	0.00931	0.01308	0.03943	0.22471	0.05226	0.00975	0.01238	0.01006	0.01385	0.01291	0.02020	0.01235	0.15415	0.33151	0.00521	0.05403	0.00570	0.00287	0.00584
7	0.01065	0.09708	0.01035	0.00859	0.01016	0.07762	0.00649	0.01197	0.01174	0.08941	0.02642	0.46760	0.07866	0.01329	0.00624	0.00196	0.00430	0.05733	0.00472	0.00541
8	0.01701	0.00770	0.00984	0.00809	0.01124	0.00664	0.00649	0.01894	0.01460	0.45728	0.11544	0.03154	0.25296	0.00943	0.00589	0.00174	0.00383	0.00784	0.00614	0.00737
9	0.01712	0.01414	0.01520	0.01336	0.05789	0.05811	0.01020	0.37170	0.24504	0.02656	0.01498	0.01517	0.01124	0.00692	0.00654	0.00175	0.07739	0.00520	0.02301	0.00849
10	0.01284	0.11348	0.55244	0.01474	0.02177	0.01432	0.05034	0.12371	0.01356	0.01924	0.01007	0.01157	0.00732	0.00529	0.00509	0.00166	0.00756	0.00414	0.00278	0.00808
11	0.00977	0.00658	0.03038	0.00697	0.00882	0.00592	0.06058	0.01247	0.01209	0.01969	0.10724	0.02490	0.08629	0.00741	0.00459	0.00143	0.00322	0.00628	0.58006	0.00530
12	0.04232	0.16271	0.04084	0.19211	0.04809	0.11108	0.01112	0.03879	0.23486	0.01739	0.01313	0.02597	0.01043	0.00614	0.00525	0.00165	0.02257	0.00478	0.00353	0.00723
13	0.05947	0.28324	0.08875	0.01239	0.01678	0.09140	0.07787	0.14451	0.07708	0.04773	0.01084	0.01186	0.00850	0.00566	0.00527	0.00154	0.04191	0.00418	0.00344	0.00756
14	0.00666	0.00492	0.00623	0.00720	0.00782	0.00449	0.00490	0.00775	0.01101	0.01441	0.06759	0.63915	0.16545	0.01624	0.00684	0.00213	0.00307	0.01455	0.00510	0.00449
15	0.01516	0.01273	0.03382	0.03944	0.09817	0.06951	0.02416	0.14531	0.01459	0.10144	0.02693	0.01352	0.00973	0.00620	0.02036	0.00151	0.04838	0.00436	0.00385	0.31083
16	0.01494	0.17284	0.15876	0.04668	0.19594	0.01401	0.08046	0.03532	0.07478	0.13591	0.01249	0.01369	0.00935	0.00542	0.00511	0.00161	0.00643	0.00467	0.00348	0.00811
17	0.01982	0.00829	0.01049	0.00841	0.01172	0.00757	0.00683	0.06047	0.01483	0.50347	0.01991	0.01882	0.01342	0.00661	0.00496	0.00155	0.00406	0.00533	0.26546	0.00797
18	0.01126	0.11228	0.63031	0.01420	0.02130	0.01314	0.01771	0.02918	0.01165	0.01695	0.01080	0.05295	0.00861	0.00579	0.00507	0.00168	0.00742	0.00454	0.01744	0.00772
19	0.08797	0.01168	0.01895	0.18813	0.51205	0.01239	0.01490	0.01572	0.01162	0.01734	0.01012	0.01370	0.00837	0.00689	0.04615	0.00204	0.00686	0.00473	0.00271	0.00765
20	0.00907	0.00493	0.00712	0.00712	0.00723	0.00504	0.00476	0.00750	0.00740	0.00997	0.01110	0.01976	0.01136	0.13136	0.10478	0.63501	0.00588	0.00530	0.00256	0.00277
21	0.01030	0.00969	0.01635	0.79530	0.03755	0.01211	0.01514	0.01393	0.01090	0.01393	0.00969	0.01453	0.00727	0.00545	0.00545	0.00182	0.00727	0.00484	0.00242	0.00606
22	0.19479	0.01050	0.01545	0.33827	0.06636	0.01198	0.09053	0.05473	0.02361	0.01810	0.01167	0.04541	0.01003	0.02646	0.00606	0.00192	0.02168	0.04297	0.00315	0.00633
23	0.01349	0.01699	0.13851	0.02073	0.02644	0.03327	0.56234	0.08442	0.01389	0.01886	0.01097	0.01398	0.00813	0.00488	0.00613	0.00179	0.00875	0.00587	0.00294	0.00760
24	0.00681	0.00554	0.00604	0.00591	0.00759	0.00476	0.00443	0.00854	0.01330	0.01680	0.26347	0.04905	0.56265	0.01303	0.00644	0.00180	0.00271	0.01103	0.00534	0.00476
25	0.00720	0.00567	0.00658	0.00696	0.00827	0.00522	0.00512	0.00943	0.05385	0.01579	0.12087	0.29566	0.36135	0.01432	0.00663	0.00200	0.00311	0.06194	0.00519	0.00486
26	0.23920	0.01080	0.01495	0.29585	0.18841	0.01245	0.01225	0.04636	0.01137	0.01860	0.01032	0.01517	0.00861	0.00601	0.00564	0.00180	0.04753	0.04500	0.00301	0.00665
27	0.01146	0.14121	0.67174	0.01464	0.02221	0.01395	0.01858	0.01713	0.01145	0.01662	0.00947	0.01111	0.00692	0.00511	0.00494	0.00165	0.00774	0.00387	0.00231	0.00790
28	0.00757	0.00574	0.00609	0.00588	0.00780	0.00484	0.00445	0.00910	0.01288	0.05800	0.12009	0.04948	0.66269	0.01317	0.00639	0.00182	0.00285	0.01102	0.00524	0.00491
29	0.15388	0.01366	0.01449	0.01128	0.01546	0.01489	0.00931	0.53339	0.02158	0.13880	0.01341	0.01319	0.00933	0.00634	0.00512	0.00165	0.00552	0.00468	0.00530	0.00873
30	0.01267	0.01152	0.01930	0.34878	0.42898	0.01251	0.01566	0.02920	0.01213	0.04218	0.01045	0.01409	0.00824	0.00520	0.00542	0.00170	0.00673	0.00487	0.00277	0.00760
31	0.01344	0.01311	0.02304	0.03251	0.70687	0.01303	0.08353	0.01680	0.01245	0.01778	0.01032	0.01360	0.00860	0.00483	0.00549	0.00164	0.00672	0.00500	0.00270	0.00852
32	0.00744	0.00551	0.00695	0.00680	0.00808	0.00502	0.00507	0.00967	0.01441	0.01982	0.56633	0.11240	0.16746	0.01223	0.00651	0.00180	0.00273	0.03104	0.00574	0.00499
33	0.02066	0.01118	0.01338	0.01072	0.01463	0.01135	0.00877	0.21322	0.17007	0.40361	0.01979	0.01926	0.01378	0.00716	0.00557	0.00174	0.00494	0.03510	0.00610	0.00897
34	0.01244	0.01646	0.21453	0.11312	0.10075	0.01238	0.32478	0.01688	0.01226	0.05928	0.01212	0.05783	0.00968	0.00568	0.00587	0.00180	0.00782	0.00593	0.00295	0.00745
35	0.00644	0.00552	0.00552	0.00552	0.00736	0.00460	0.00414	0.00782	0.01243	0.01473	0.05523	0.05247	0.77218	0.01381	0.00644	0.00184	0.00276	0.01151	0.00506	0.00460
36	0.01351	0.01562	0.03007	0.02184	0.02690	0.08385	0.65919	0.01769	0.01293	0.01693	0.01065	0.01416	0.00812	0.00487	0.00673	0.00182	0.03906	0.00611	0.00275	0.00721
37	0.01813	0.17570	0.10959	0.01333	0.01712	0.54827	0.01146	0.02019	0.01415	0.01371	0.00843	0.00983	0.00700	0.00538	0.00468	0.00140	0.00886	0.00346	0.00266	0.00666

[dist]
# distance from previous block
# <min> <max>
0	13

[block]
# block no. 2 follows, 44 sequences, length 31
# corresponding to MSA columns:
# 197-227
name=unknown_C
#
# <colnr> <probs for GDERKNQSTAVLIFYWHMCP>
#	G	D	E	R	K	N	Q	S	T	A	V	L	I	F	Y	W	H	M	C	P
0	0.01658	0.01217	0.12657	0.01037	0.01485	0.00883	0.03717	0.03905	0.03532	0.32599	0.01586	0.01748	0.01172	0.09667	0.00765	0.00190	0.00528	0.00505	0.00464	0.20684
1	0.54109	0.01298	0.09704	0.00905	0.01312	0.01239	0.00828	0.12430	0.01251	0.08480	0.01119	0.01187	0.03039	0.00569	0.00414	0.00169	0.00490	0.00382	0.00387	0.00687
2	0.00667	0.00487	0.00629	0.00741	0.00792	0.00449	0.00504	0.00770	0.01071	0.01406	0.03287	0.70237	0.11939	0.01666	0.00691	0.00218	0.00316	0.03175	0.00506	0.00446
3	0.54192	0.01229	0.01109	0.00915	0.01289	0.01396	0.00755	0.28928	0.01532	0.02811	0.00962	0.01042	0.00715	0.00561	0.00414	0.00167	0.00488	0.00367	0.00414	0.00715
4	0.01228	0.31743	0.50270	0.01325	0.02005	0.01595	0.01615	0.01692	0.01135	0.01563	0.00897	0.01049	0.00694	0.00499	0.00456	0.00152	0.00724	0.00362	0.00231	0.00767
5	0.00849	0.00666	0.00843	0.00798	0.00836	0.00763	0.00565	0.00922	0.00867	0.01190	0.01914	0.03054	0.10160	0.43004	0.15957	0.00497	0.15627	0.00736	0.00326	0.00423
6	0.01160	0.01134	0.02046	0.37456	0.24903	0.01227	0.15313	0.01522	0.01182	0.01589	0.01143	0.01751	0.00952	0.00578	0.00576	0.00181	0.00724	0.05588	0.00275	0.00698
7	0.00674	0.00529	0.00610	0.00641	0.00768	0.00465	0.00461	0.00821	0.01237	0.01579	0.17972	0.28342	0.41099	0.01433	0.00660	0.00193	0.00285	0.01244	0.00524	0.00465
8	0.01030	0.00969	0.01635	0.79530	0.03755	0.01211	0.01514	0.01393	0.01090	0.01393	0.00969	0.01453	0.00727	0.00545	0.00545	0.00182	0.00727	0.00484	0.00242	0.00606
9	0.01406	0.70041	0.13531	0.01021	0.01536	0.02031	0.01086	0.01646	0.01114	0.01346	0.00789	0.00914	0.00698	0.00474	0.00374	0.00125	0.00615	0.00307	0.00233	0.00715
10	0.00663	0.00480	0.00627	0.00745	0.00787	0.00444	0.00500	0.00761	0.01058	0.01397	0.03182	0.75176	0.08799	0.01685	0.00692	0.00219	0.00313	0.01522	0.00506	0.00444
11	0.02037	0.02598	0.01545	0.01404	0.01685	0.78652	0.01053	0.02177	0.01545	0.01334	0.00843	0.00983	0.00702	0.00562	0.00492	0.00140	0.00983	0.00351	0.00281	0.00632
12	0.01458	0.81168	0.02857	0.00933	0.01399	0.02157	0.00933	0.01632	0.01108	0.01283	0.00758	0.00875	0.00700	0.00466	0.00350	0.00117	0.00583	0.00292	0.00233	0.00700
13	0.01127	0.05225	0.67083	0.01618	0.02384	0.01308	0.10304	0.01726	0.01165	0.01714	0.00985	0.01178	0.00706	0.00510	0.00527	0.00172	0.00811	0.00426	0.00235	0.00794
14	0.00655	0.00541	0.00576	0.00593	0.00750	0.00461	0.00435	0.00794	0.01230	0.01504	0.09571	0.16853	0.61324	0.01415	0.00652	0.00189	0.00281	0.01202	0.00512	0.00461
15	0.02037	0.02598	0.01545	0.01404	0.01685	0.78652	0.01053	0.02177	0.01545	0.01334	0.00843	0.00983	0.00702	0.00562	0.00492	0.00140	0.00983	0.00351	0.00281	0.00632
16	0.01300	0.01448	0.10769	0.07865	0.64362	0.01287	0.01702	0.01662	0.01222	0.01751	0.01017	0.01333	0.00835	0.00493	0.00538	0.00164	0.00670	0.00476	0.00264	0.00841
17	0.00788	0.00506	0.00676	0.00774	0.00832	0.00468	0.00527	0.00891	0.01080	0.06683	0.02946	0.75041	0.03450	0.01636	0.00686	0.00218	0.00327	0.01481	0.00518	0.00476
18	0.00721	0.00534	0.00653	0.00726	0.00812	0.00497	0.00527	0.00843	0.01099	0.01408	0.03458	0.33822	0.23023	0.13865	0.01016	0.00265	0.00375	0.15436	0.00478	0.00442
19	0.01164	0.01174	0.01661	0.65953	0.08087	0.09994	0.01472	0.01499	0.01151	0.01410	0.00958	0.01394	0.00732	0.00543	0.00539	0.00176	0.00751	0.00469	0.00248	0.00625
20	0.01058	0.02611	0.71057	0.01480	0.02219	0.01194	0.01879	0.01647	0.01155	0.01719	0.03235	0.06150	0.00996	0.00608	0.00532	0.00176	0.00760	0.00490	0.00258	0.00775
21	0.01331	0.01277	0.02181	0.07595	0.73330	0.01291	0.01664	0.01658	0.01233	0.01759	0.01022	0.01355	0.00856	0.00489	0.00540	0.00163	0.00652	0.00486	0.00268	0.00849
22	0.22099	0.00974	0.01226	0.20991	0.01816	0.01180	0.00962	0.07447	0.02372	0.01817	0.04404	0.01486	0.01016	0.01175	0.10672	0.05908	0.13076	0.00473	0.00318	0.00587
23	0.01270	0.01049	0.01496	0.10164	0.01643	0.01356	0.01135	0.01448	0.01013	0.10183	0.01247	0.02070	0.01167	0.00961	0.01344	0.00226	0.49391	0.11886	0.00330	0.00621
24	0.00947	0.00473	0.00710	0.00710	0.00710	0.00473	0.00473	0.00710	0.00710	0.00947	0.00947	0.01657	0.00947	0.01894	0.02131	0.84138	0.00473	0.00473	0.00237	0.00237
25	0.01100	0.02775	0.75535	0.01579	0.02376	0.01270	0.04450	0.01727	0.01156	0.01727	0.00982	0.01162	0.00695	0.00516	0.00522	0.00173	0.00809	0.00411	0.00232	0.00803
26	0.01153	0.12468	0.02958	0.13820	0.01668	0.04440	0.05501	0.01470	0.04429	0.07170	0.21994	0.02482	0.04498	0.01165	0.09415	0.00248	0.00633	0.03459	0.00409	0.00620
27	0.01130	0.01151	0.02110	0.45197	0.03147	0.01328	0.23422	0.01486	0.01111	0.01486	0.00972	0.01420	0.00755	0.00579	0.00756	0.00191	0.12335	0.00531	0.00252	0.00643
28	0.00644	0.00552	0.00552	0.00552	0.00736	0.00460	0.00414	0.00782	0.01243	0.01473	0.05523	0.05247	0.77218	0.01381	0.00644	0.00184	0.00276	0.01151	0.00506	0.00460
29	0.01069	0.00952	0.01493	0.32292	0.21979	0.01039	0.01226	0.04583	0.01275	0.01711	0.13184	0.03847	0.08635	0.02224	0.00616	0.00183	0.00571	0.02118	0.00354	0.00649
30	0.01418	0.14386	0.45712	0.01407	0.02024	0.19342	0.01582	0.03459	0.01276	0.03277	0.00947	0.01090	0.00714	0.00527	0.00488	0.00157	0.00802	0.00379	0.00259	0.00755

[dist]
# distance from previous block
# <min> <max>
0	1

[block]
# block no. 3 follows, 44 sequences, length 8
# corresponding to MSA columns:
# 229-236
name=unknown_D
#
# <colnr> <probs for GDERKNQSTAVLIFYWHMCP>
#	G	D	E	R	K	N	Q	S	T	A	V	L	I	F	Y	W	H	M	C	P
0	0.00675	0.00487	0.00642	0.00761	0.00806	0.00454	0.00521	0.00780	0.01066	0.01409	0.03133	0.72490	0.07502	0.01680	0.00696	0.00221	0.00324	0.05401	0.00506	0.00447
1	0.72723	0.01165	0.00918	0.00818	0.01125	0.06256	0.00668	0.01617	0.00960	0.02284	0.00761	0.00916	0.00608	0.00545	0.00463	0.00172	0.06767	0.00313	0.00326	0.00594
2	0.84691	0.01054	0.00801	0.00717	0.01054	0.01223	0.00590	0.01603	0.00928	0.02446	0.00759	0.00886	0.00590	0.00506	0.00337	0.00169	0.00422	0.00295	0.00337	0.00590
3	0.01218	0.01135	0.01296	0.04113	0.03708	0.07019	0.02961	0.01500	0.03371	0.01726	0.00994	0.01176	0.00821	0.00452	0.00474	0.00103	0.02896	0.00359	0.00318	0.64361
4	0.01616	0.52584	0.02389	0.01106	0.01488	0.25199	0.00985	0.01777	0.01223	0.01300	0.00781	0.00927	0.00701	0.00525	0.00481	0.00131	0.05546	0.00321	0.00248	0.00673
5	0.00780	0.00578	0.00843	0.00843	0.00929	0.00664	0.00640	0.00952	0.00866	0.01241	0.01490	0.02308	0.01435	0.13052	0.69815	0.00836	0.01351	0.00608	0.00297	0.00468
6	0.05903	0.01072	0.01429	0.16919	0.11908	0.02768	0.02663	0.13364	0.05771	0.12309	0.01840	0.02327	0.07277	0.00791	0.00604	0.02118	0.00568	0.09220	0.00429	0.00719
7	0.01315	0.01087	0.01809	0.41799	0.31099	0.01195	0.01490	0.01646	0.01202	0.10463	0.01128	0.01461	0.00851	0.00538	0.00543	0.00173	0.00666	0.00492	0.00303	0.00740

[dist]
# distance from previous block
# <min> <max>
0	3

[block]
# block no. 4 follows, 44 sequences, length 11
# corresponding to MSA columns:
# 240-250
name=unknown_E
#
# <colnr> <probs for GDERKNQSTAVLIFYWHMCP>
#	G	D	E	R	K	N	Q	S	T	A	V	L	I	F	Y	W	H	M	C	P
0	0.50757	0.01101	0.01039	0.00870	0.01235	0.01211	0.00713	0.11832	0.07032	0.17696	0.01223	0.01225	0.00870	0.00578	0.00424	0.00169	0.00455	0.00397	0.00450	0.00724
1	0.09070	0.01320	0.01332	0.01033	0.01459	0.13774	0.03989	0.09536	0.01402	0.13179	0.01146	0.01225	0.00864	0.00508	0.00459	0.00125	0.00553	0.00390	0.00391	0.38247
2	0.01263	0.01178	0.01873	0.14387	0.49340	0.01244	0.01449	0.01780	0.13622	0.01782	0.01327	0.05993	0.01131	0.00606	0.00552	0.00172	0.00605	0.00568	0.00326	0.00800
3	0.00936	0.00865	0.06154	0.01342	0.13724	0.00752	0.00989	0.01219	0.01289	0.01750	0.16615	0.04480	0.06407	0.01264	0.02831	0.00230	0.00516	0.37598	0.00459	0.00582
4	0.01097	0.01031	0.00977	0.00966	0.01125	0.13635	0.00710	0.01597	0.21217	0.01590	0.02216	0.30209	0.03859	0.04472	0.12403	0.00307	0.00636	0.00922	0.00443	0.00589
5	0.01436	0.76490	0.07345	0.00970	0.01457	0.02104	0.00997	0.01638	0.01110	0.01309	0.00771	0.00891	0.00699	0.00469	0.00360	0.00120	0.00596	0.00298	0.00233	0.00706
6	0.01232	0.09073	0.07527	0.06061	0.06956	0.01158	0.02302	0.09106	0.01246	0.07693	0.01710	0.27212	0.01744	0.00997	0.00773	0.00192	0.13152	0.00815	0.00395	0.00656
7	0.01155	0.11627	0.38787	0.01406	0.07593	0.01187	0.04896	0.01572	0.01203	0.06225	0.01977	0.02042	0.16673	0.00695	0.00533	0.00168	0.00641	0.00571	0.00320	0.00729
8	0.71048	0.01309	0.00924	0.00830	0.01158	0.14003	0.00667	0.01697	0.01030	0.02263	0.00773	0.00902	0.00609	0.00515	0.00363	0.00164	0.00514	0.00304	0.00328	0.00597
9	0.01321	0.01328	0.01652	0.27445	0.22635	0.13783	0.01326	0.01824	0.13657	0.01652	0.01316	0.01803	0.01098	0.00637	0.00552	0.00175	0.00681	0.06072	0.00327	0.00714
10	0.14801	0.02031	0.48282	0.01204	0.01792	0.01085	0.01434	0.01513	0.01151	0.01830	0.06031	0.01939	0.13350	0.00690	0.00516	0.00174	0.00625	0.00540	0.00314	0.00697

[dist]
# distance from previous block
# <min> <max>
2	8

[block]
# block no. 5 follows, 44 sequences, length 25
# corresponding to MSA columns:
# 259-283
name=unknown_F
#
# <colnr> <probs for GDERKNQSTAVLIFYWHMCP>
#	G	D	E	R	K	N	Q	S	T	A	V	L	I	F	Y	W	H	M	C	P
0	0.49911	0.01126	0.01202	0.14930	0.11481	0.03672	0.00931	0.03721	0.01096	0.06181	0.00923	0.01112	0.00703	0.00525	0.00422	0.00169	0.00530	0.00374	0.00334	0.00657
1	0.42894	0.01769	0.01183	0.01055	0.01374	0.35663	0.00823	0.06394	0.01302	0.02013	0.00830	0.00955	0.00661	0.00540	0.00419	0.00156	0.00682	0.00332	0.00325	0.00630
2	0.01206	0.01081	0.01752	0.39238	0.28950	0.01158	0.01423	0.01533	0.01165	0.04327	0.01031	0.01387	0.00808	0.00509	0.00524	0.00160	0.00645	0.00465	0.00279	0.12361
3	0.76464	0.01008	0.00809	0.00733	0.01046	0.01170	0.00599	0.01541	0.00923	0.02330	0.00828	0.01009	0.00666	0.00857	0.08018	0.00238	0.00524	0.00324	0.00333	0.00580
4	0.00779	0.00584	0.00876	0.00876	0.00974	0.00681	0.00681	0.00974	0.00876	0.01266	0.01460	0.02142	0.01363	0.04089	0.78680	0.00876	0.01460	0.00584	0.00292	0.00487
5	0.01184	0.01123	0.01884	0.42598	0.37010	0.01254	0.01565	0.01567	0.03535	0.01596	0.01034	0.01425	0.00818	0.00524	0.00543	0.00173	0.00682	0.00489	0.00265	0.00730
6	0.00779	0.00584	0.00876	0.00876	0.00974	0.00681	0.00681	0.00974	0.00876	0.01266	0.01460	0.02142	0.01363	0.04089	0.78680	0.00876	0.01460	0.00584	0.00292	0.00487
7	0.00792	0.00531	0.00605	0.00605	0.00609	0.00534	0.00344	0.00800	0.00796	0.01065	0.01708	0.03513	0.01958	0.77899	0.05683	0.00542	0.00564	0.00785	0.00329	0.00336
8	0.84691	0.01054	0.00801	0.00717	0.01054	0.01223	0.00590	0.01603	0.00928	0.02446	0.00759	0.00886	0.00590	0.00506	0.00337	0.00169	0.00422	0.00295	0.00337	0.00590
9	0.02024	0.00964	0.01386	0.23558	0.02083	0.00955	0.01016	0.05209	0.01465	0.52883	0.01778	0.01718	0.01154	0.00637	0.00547	0.00172	0.00545	0.00528	0.00545	0.00835
10	0.02401	0.00959	0.01279	0.00985	0.01404	0.00852	0.00812	0.05579	0.03693	0.72734	0.02119	0.01839	0.01341	0.00676	0.00548	0.00169	0.00468	0.00548	0.00666	0.00926
11	0.01262	0.01206	0.02055	0.24157	0.57312	0.01272	0.01630	0.01597	0.01200	0.01675	0.01010	0.01378	0.00826	0.00502	0.00541	0.00167	0.00669	0.00485	0.00262	0.00793
12	0.01362	0.43591	0.22938	0.01530	0.14670	0.04518	0.01355	0.01684	0.01158	0.01489	0.00866	0.01034	0.00725	0.00487	0.00433	0.00140	0.00668	0.00357	0.00240	0.00754
13	0.00664	0.00474	0.00633	0.00759	0.00791	0.00443	0.00506	0.00759	0.01044	0.01392	0.03005	0.80485	0.03606	0.01708	0.00696	0.00221	0.00316	0.01550	0.00506	0.00443
14	0.01130	0.00969	0.01130	0.00807	0.01292	0.00727	0.00646	0.01373	0.01130	0.01776	0.00969	0.01130	0.00807	0.00404	0.00404	0.00081	0.00404	0.00323	0.00323	0.84173
15	0.76495	0.01227	0.08372	0.00799	0.01182	0.01227	0.00730	0.01615	0.00950	0.02375	0.00781	0.00912	0.00600	0.00507	0.00355	0.00169	0.00459	0.00306	0.00327	0.00612
16	0.00772	0.00557	0.00729	0.00686	0.00814	0.00514	0.00514	0.01029	0.01543	0.02186	0.77152	0.04072	0.05144	0.01115	0.00643	0.00171	0.00257	0.00986	0.00600	0.00514
17	0.01154	0.01096	0.01860	0.49925	0.32389	0.01244	0.01576	0.01502	0.01149	0.01544	0.00991	0.01413	0.00780	0.00522	0.00543	0.00174	0.00696	0.00485	0.00253	0.00706
18	0.01058	0.05538	0.65732	0.01432	0.02133	0.01202	0.01790	0.01612	0.01148	0.01688	0.02960	0.08987	0.01082	0.00647	0.00532	0.00175	0.00736	0.00525	0.00266	0.00759
19	0.00700	0.00500	0.00673	0.00799	0.00847	0.00473	0.00567	0.00820	0.01079	0.01431	0.02985	0.68226	0.03529	0.01675	0.00705	0.00226	0.00347	0.13460	0.00505	0.00453
20	0.00773	0.00529	0.00592	0.00597	0.00616	0.00518	0.00346	0.00790	0.00847	0.01111	0.02142	0.06804	0.09423	0.69889	0.02483	0.00483	0.00495	0.00858	0.00355	0.00348
21	0.01123	0.07455	0.70654	0.01545	0.02321	0.01324	0.04763	0.01722	0.01154	0.01701	0.00970	0.01147	0.00696	0.00513	0.00513	0.00170	0.00797	0.00405	0.00232	0.00797
22	0.01558	0.01466	0.12550	0.02302	0.32356	0.01209	0.17811	0.03450	0.01337	0.18595	0.01291	0.01460	0.00941	0.00530	0.00562	0.00170	0.00688	0.00523	0.00361	0.00843
23	0.01520	0.11408	0.28046	0.01272	0.03192	0.08793	0.03513	0.04202	0.01320	0.15942	0.03429	0.01335	0.00979	0.00549	0.00494	0.00149	0.00654	0.00429	0.00355	0.12419
24	0.03826	0.01041	0.01318	0.04603	0.11022	0.00922	0.00858	0.03932	0.07204	0.10552	0.01214	0.01325	0.00938	0.00488	0.00458	0.00119	0.00464	0.00404	0.00378	0.48932

[dist]
# distance from previous block
# <min> <max>
1	2

[block]
# block no. 6 follows, 44 sequences, length 6
# corresponding to MSA columns:
# 286-291
name=unknown_G
#
# <colnr> <probs for GDERKNQSTAVLIFYWHMCP>
#	G	D	E	R	K	N	Q	S	T	A	V	L	I	F	Y	W	H	M	C	P
0	0.20358	0.04929	0.05306	0.09230	0.14106	0.01075	0.00983	0.01548	0.02944	0.05051	0.01197	0.07138	0.01054	0.00606	0.00468	0.00152	0.00509	0.02255	0.00339	0.20753
1	0.05607	0.07733	0.10974	0.22710	0.11958	0.01181	0.06494	0.01604	0.01186	0.07575	0.04306	0.01421	0.00987	0.00532	0.00504	0.00155	0.00622	0.00462	0.00312	0.13676
2	0.09328	0.05765	0.18048	0.03239	0.10932	0.07045	0.06718	0.05260	0.03234	0.06587	0.04723	0.01364	0.01024	0.00542	0.00494	0.00151	0.00627	0.00447	0.00337	0.14133
3	0.01144	0.09808	0.09470	0.40391	0.12102	0.01317	0.01415	0.01479	0.01101	0.01493	0.00935	0.01298	0.00744	0.00544	0.00601	0.00166	0.06664	0.00440	0.00251	0.08637
4	0.01316	0.01119	0.01865	0.23934	0.36416	0.01149	0.05397	0.01632	0.01215	0.08907	0.01197	0.04625	0.00977	0.00562	0.00543	0.00165	0.00634	0.00530	0.00315	0.07504
5	0.01399	0.01361	0.08616	0.07062	0.01666	0.06779	0.01011	0.10251	0.25940	0.06052	0.01621	0.07914	0.01326	0.00723	0.00600	0.00169	0.04640	0.00579	0.00435	0.11858

[dist]
# distance from previous block
# <min> <max>
0	17

[block]
# block no. 7 follows, 44 sequences, length 15
# corresponding to MSA columns:
# 309-323
name=unknown_H
#
# <colnr> <probs for GDERKNQSTAVLIFYWHMCP>
#	G	D	E	R	K	N	Q	S	T	A	V	L	I	F	Y	W	H	M	C	P
0	0.07680	0.01075	0.07054	0.60274	0.03180	0.01167	0.01400	0.01395	0.01062	0.01489	0.00999	0.01450	0.00772	0.00869	0.07780	0.00244	0.00776	0.00473	0.00254	0.00608
1	0.12600	0.08833	0.01510	0.01246	0.08411	0.01093	0.06281	0.01809	0.02595	0.25276	0.03051	0.05151	0.01257	0.01208	0.12900	0.00282	0.04801	0.00548	0.00426	0.00722
2	0.01311	0.22050	0.35952	0.06929	0.01973	0.01436	0.01419	0.08515	0.01297	0.05968	0.01380	0.01484	0.06855	0.00597	0.00492	0.00159	0.00663	0.00457	0.00308	0.00755
3	0.00931	0.00640	0.00793	0.00811	0.00960	0.00603	0.00600	0.01201	0.08132	0.07622	0.02958	0.41057	0.11633	0.03924	0.00717	0.00213	0.00369	0.09714	0.00505	0.06616
4	0.01031	0.08247	0.01276	0.15079	0.01626	0.01015	0.00955	0.01366	0.07117	0.03543	0.02017	0.06628	0.05216	0.01474	0.11663	0.00301	0.07211	0.23266	0.00388	0.00580
5	0.01289	0.01282	0.01919	0.16961	0.46404	0.08380	0.03839	0.01595	0.01259	0.01684	0.06600	0.04003	0.01219	0.00587	0.00552	0.00167	0.00663	0.00548	0.00297	0.00752
6	0.01473	0.10577	0.01713	0.12762	0.10235	0.14942	0.05120	0.13056	0.01422	0.05246	0.01295	0.09009	0.01158	0.03143	0.06278	0.00225	0.00734	0.00570	0.00351	0.00689
7	0.00695	0.00551	0.00625	0.00614	0.00769	0.00481	0.00458	0.00878	0.01351	0.01748	0.33428	0.08170	0.45716	0.01291	0.00646	0.00181	0.00271	0.01104	0.00543	0.00481
8	0.01529	0.71444	0.02694	0.00991	0.01435	0.11624	0.00948	0.01700	0.01162	0.01289	0.00768	0.00888	0.00700	0.00478	0.00367	0.00120	0.00633	0.00299	0.00239	0.00691
9	0.05296	0.00876	0.01158	0.00931	0.01296	0.00776	0.00765	0.02284	0.01464	0.58687	0.05589	0.02350	0.01663	0.03495	0.00634	0.00185	0.00456	0.07355	0.00617	0.04125
10	0.07901	0.28728	0.09589	0.01133	0.01561	0.14936	0.01046	0.12370	0.01427	0.11497	0.01049	0.01123	0.00807	0.00566	0.00507	0.00149	0.04131	0.00382	0.00350	0.00747
11	0.00779	0.00584	0.00876	0.00876	0.00974	0.00681	0.00681	0.00974	0.00876	0.01266	0.01460	0.02142	0.01363	0.04089	0.78680	0.00876	0.01460	0.00584	0.00292	0.00487
12	0.00781	0.00577	0.00841	0.00841	0.00927	0.00663	0.00638	0.00951	0.00866	0.01240	0.01492	0.02318	0.01439	0.13579	0.69295	0.00833	0.01345	0.00610	0.00297	0.00467
13	0.84691	0.01054	0.00801	0.00717	0.01054	0.01223	0.00590	0.01603	0.00928	0.02446	0.00759	0.00886	0.00590	0.00506	0.00337	0.00169	0.00422	0.00295	0.00337	0.00590
14	0.00840	0.00668	0.00859	0.00853	0.00942	0.04278	0.00639	0.00999	0.00893	0.01233	0.01476	0.02332	0.01438	0.17052	0.62065	0.00783	0.01279	0.00609	0.00298	0.00467

[dist]
# distance from previous block
# <min> <max>
0	1

[block]
# block no. 8 follows, 44 sequences, length 22
# corresponding to MSA columns:
# 325-346
name=unknown_I
#
# <colnr> <probs for GDERKNQSTAVLIFYWHMCP>
#	G	D	E	R	K	N	Q	S	T	A	V	L	I	F	Y	W	H	M	C	P
0	0.01008	0.08620	0.01456	0.43549	0.02525	0.01073	0.01132	0.01288	0.01093	0.01446	0.01407	0.13165	0.01344	0.00878	0.03195	0.00199	0.00621	0.05266	0.02900	0.07834
1	0.01422	0.73576	0.10140	0.00993	0.01492	0.02071	0.01038	0.01642	0.01112	0.01326	0.00779	0.00901	0.00699	0.00471	0.00366	0.00122	0.00605	0.00302	0.00233	0.00710
2	0.01253	0.27793	0.50500	0.01349	0.02022	0.05142	0.01625	0.01717	0.01155	0.01567	0.00902	0.01055	0.00694	0.00504	0.00463	0.00153	0.00743	0.00365	0.00234	0.00764
3	0.01269	0.40538	0.41833	0.01255	0.01897	0.01695	0.01494	0.01681	0.01130	0.01513	0.00872	0.01018	0.00695	0.00493	0.00437	0.00146	0.00699	0.00349	0.00232	0.00755
4	0.01458	0.81168	0.02857	0.00933	0.01399	0.02157	0.00933	0.01632	0.01108	0.01283	0.00758	0.00875	0.00700	0.00466	0.00350	0.00117	0.00583	0.00292	0.00233	0.00700
5	0.65136	0.06053	0.10463	0.00823	0.01215	0.01248	0.00777	0.01603	0.00977	0.02266	0.00838	0.00976	0.00650	0.00512	0.00363	0.00164	0.00470	0.00319	0.04528	0.00619
6	0.00831	0.00828	0.07500	0.04885	0.01151	0.00691	0.00720	0.01199	0.08045	0.01816	0.31890	0.07270	0.20947	0.01380	0.08184	0.00247	0.00469	0.00904	0.00489	0.00557
7	0.00661	0.00489	0.00618	0.00721	0.00781	0.00446	0.00489	0.00763	0.01080	0.01407	0.03470	0.66593	0.17197	0.01648	0.00686	0.00215	0.00309	0.01476	0.00506	0.00446
8	0.00888	0.08741	0.13549	0.00858	0.01118	0.00803	0.00789	0.01117	0.01200	0.03367	0.16808	0.20988	0.19443	0.05155	0.00739	0.00200	0.02284	0.00958	0.00441	0.00554
9	0.01319	0.13078	0.05529	0.07353	0.11703	0.01109	0.03563	0.01596	0.01183	0.08325	0.01054	0.01223	0.00835	0.00466	0.00451	0.00121	0.00531	0.00387	0.00321	0.39853
10	0.00878	0.00686	0.00986	0.00940	0.01077	0.00688	0.06689	0.08151	0.01223	0.01653	0.07524	0.44292	0.05856	0.01871	0.14438	0.00323	0.00589	0.01148	0.00460	0.00527
11	0.01093	0.02820	0.78016	0.01554	0.02360	0.01266	0.02014	0.01727	0.01151	0.01727	0.00978	0.01151	0.00691	0.00518	0.00518	0.00173	0.00806	0.00403	0.00230	0.00806
12	0.07608	0.01207	0.08853	0.04115	0.08751	0.01019	0.14269	0.03650	0.01358	0.28363	0.03467	0.04201	0.03259	0.00711	0.00572	0.00180	0.00593	0.06593	0.00458	0.00772
13	0.01267	0.03984	0.24005	0.04933	0.07249	0.01142	0.21285	0.01674	0.01225	0.08948	0.03590	0.04888	0.01115	0.02753	0.00613	0.00175	0.00695	0.00557	0.00324	0.09577
14	0.01467	0.00976	0.03826	0.03932	0.17200	0.00932	0.00997	0.04181	0.01279	0.24732	0.01988	0.12664	0.06740	0.01241	0.09976	0.00265	0.05722	0.00705	0.00449	0.00727
15	0.09238	0.02639	0.66984	0.01466	0.02202	0.04854	0.01832	0.01735	0.01148	0.01778	0.00951	0.01118	0.00681	0.00519	0.00499	0.00171	0.00777	0.00390	0.00243	0.00777
16	0.04222	0.09190	0.14526	0.09569	0.33266	0.01284	0.04980	0.01743	0.01229	0.10720	0.01248	0.01446	0.03113	0.00543	0.00520	0.00164	0.00647	0.00481	0.00315	0.00794
17	0.04076	0.03042	0.26561	0.05801	0.18551	0.01170	0.11700	0.01662	0.01206	0.06253	0.03042	0.04319	0.01016	0.00561	0.00533	0.00164	0.00675	0.00511	0.00304	0.08855
18	0.01517	0.00766	0.00983	0.00896	0.01134	0.02772	0.00712	0.01712	0.01384	0.34335	0.12022	0.20111	0.04348	0.01115	0.00629	0.00195	0.00422	0.13687	0.00584	0.00676
19	0.00867	0.00911	0.08438	0.23098	0.01795	0.00807	0.00931	0.01182	0.03804	0.01607	0.16906	0.05146	0.20526	0.06771	0.02713	0.00225	0.00512	0.02804	0.00406	0.00551
20	0.02757	0.05803	0.22979	0.03143	0.05715	0.01068	0.06881	0.04750	0.01364	0.21636	0.09003	0.04302	0.05315	0.00712	0.00555	0.00172	0.00589	0.02062	0.00430	0.00764
21	0.01299	0.01628	0.21657	0.07690	0.11249	0.07175	0.07893	0.05351	0.01255	0.06988	0.03081	0.03090	0.01084	0.01072	0.10624	0.00266	0.05679	0.01882	0.00319	0.00719

[dist]
# distance from previous block
# <min> <max>
0	4

[block]
# block no. 9 follows, 44 sequences, length 6
# corresponding to MSA columns:
# 351-356
name=unknown_J
#
# <colnr> <probs for GDERKNQSTAVLIFYWHMCP>
#	G	D	E	R	K	N	Q	S	T	A	V	L	I	F	Y	W	H	M	C	P
0	0.01392	0.00855	0.05489	0.00978	0.04281	0.00705	0.00773	0.03427	0.01356	0.27382	0.08882	0.19819	0.10743	0.01068	0.00608	0.00187	0.00420	0.07217	0.03744	0.00673
1	0.01029	0.00897	0.07090	0.03295	0.03863	0.04093	0.00767	0.01259	0.01312	0.09464	0.24504	0.15647	0.12357	0.05056	0.00733	0.00204	0.00428	0.06937	0.00493	0.00572
2	0.01512	0.06423	0.15606	0.01863	0.24044	0.04721	0.03889	0.09089	0.04407	0.12835	0.03092	0.03596	0.01209	0.00646	0.00546	0.00169	0.00632	0.04530	0.00384	0.00806
3	0.04766	0.10558	0.33548	0.10743	0.07653	0.04831	0.06250	0.01797	0.07724	0.03537	0.02908	0.01336	0.00920	0.00548	0.00511	0.00167	0.00706	0.00451	0.00292	0.00754
4	0.13171	0.00839	0.05183	0.06126	0.08102	0.00805	0.00763	0.01163	0.05287	0.01400	0.01069	0.01658	0.00988	0.07962	0.01495	0.42261	0.00519	0.00481	0.00281	0.00445
5	0.01367	0.09201	0.12561	0.07434	0.28741	0.04344	0.05953	0.01719	0.02740	0.08042	0.01299	0.01557	0.03827	0.00581	0.00571	0.00164	0.03457	0.01860	0.00314	0.04269

[dist]
# distance from previous block
# <min> <max>
14	107

[block]
# block no. 10 follows, 44 sequences, length 26
# corresponding to MSA columns:
# 464-489
name=unknown_K
#
# <colnr> <probs for GDERKNQSTAVLIFYWHMCP>
#	G	D	E	R	K	N	Q	S	T	A	V	L	I	F	Y	W	H	M	C	P
0	0.09349	0.01153	0.03963	0.01231	0.01349	0.03413	0.03253	0.01365	0.03299	0.01497	0.03334	0.01544	0.01029	0.07570	0.07360	0.00289	0.45506	0.00509	0.00285	0.02702
1	0.00948	0.02871	0.00892	0.00837	0.03200	0.06908	0.00595	0.01087	0.01340	0.01808	0.49877	0.03124	0.03614	0.01205	0.00947	0.18623	0.00384	0.00788	0.00475	0.00478
2	0.01132	0.07491	0.04400	0.10001	0.01565	0.00912	0.00817	0.03345	0.01223	0.03158	0.11140	0.03848	0.01453	0.00573	0.00467	0.00119	0.00457	0.00474	0.00357	0.47068
3	0.00702	0.00519	0.00655	0.00696	0.00790	0.00473	0.00493	0.00866	0.01268	0.01708	0.31674	0.38408	0.16890	0.01426	0.00667	0.00196	0.00287	0.01266	0.00542	0.00473
4	0.01113	0.00950	0.01118	0.00811	0.01276	0.00725	0.00648	0.01353	0.01118	0.01752	0.00993	0.01180	0.00835	0.00584	0.04230	0.00120	0.00455	0.00336	0.00321	0.80082
5	0.01633	0.17139	0.01699	0.01126	0.01512	0.01635	0.00939	0.28731	0.35032	0.02497	0.01603	0.01544	0.01209	0.00655	0.00511	0.00164	0.00522	0.00507	0.00488	0.00854
6	0.01324	0.03959	0.09283	0.01749	0.02205	0.07478	0.41520	0.03659	0.01320	0.06161	0.04457	0.11540	0.01362	0.00676	0.00609	0.00180	0.00765	0.00706	0.00344	0.00703
7	0.01241	0.04277	0.26629	0.03964	0.26710	0.01350	0.20777	0.01685	0.01198	0.01709	0.01006	0.01298	0.00784	0.00512	0.00613	0.00174	0.04537	0.00494	0.00256	0.00789
8	0.01183	0.11596	0.52512	0.02638	0.02141	0.01298	0.07560	0.01695	0.01205	0.04984	0.07188	0.01416	0.01093	0.00563	0.00520	0.00167	0.00728	0.00464	0.00283	0.00766
9	0.00708	0.00553	0.00632	0.00613	0.00764	0.00487	0.00455	0.00892	0.01355	0.01769	0.37066	0.04648	0.41795	0.04965	0.00743	0.00195	0.00280	0.01061	0.00540	0.00478
10	0.01164	0.02345	0.52897	0.01706	0.02407	0.01302	0.20473	0.01826	0.07290	0.01776	0.01110	0.01303	0.00804	0.00521	0.00553	0.00176	0.00804	0.00481	0.00268	0.00793
11	0.01409	0.03684	0.39010	0.08691	0.10810	0.04259	0.07363	0.01868	0.01251	0.14746	0.01184	0.01334	0.00838	0.00540	0.00533	0.00170	0.00733	0.00459	0.00318	0.00801
12	0.01529	0.01247	0.18047	0.05333	0.04869	0.00869	0.01114	0.01810	0.01280	0.29820	0.01862	0.06653	0.01559	0.00928	0.00714	0.06995	0.00560	0.13625	0.00461	0.00723
13	0.00679	0.00495	0.00639	0.00727	0.00789	0.00456	0.00498	0.00803	0.01141	0.01523	0.14748	0.61076	0.11248	0.01583	0.00682	0.00210	0.00303	0.01422	0.00521	0.00456
14	0.00707	0.00518	0.00664	0.00704	0.00794	0.00475	0.00499	0.00876	0.01278	0.01737	0.34628	0.39483	0.12780	0.01419	0.00668	0.00196	0.00287	0.01265	0.00546	0.00475
15	0.01344	0.09181	0.28797	0.18238	0.07168	0.10692	0.04158	0.01740	0.01229	0.07589	0.01180	0.01427	0.02659	0.00569	0.00520	0.00166	0.00739	0.01584	0.00289	0.00730
16	0.03893	0.01084	0.01850	0.46706	0.19672	0.01237	0.08309	0.01480	0.01134	0.01554	0.01060	0.01606	0.00865	0.00579	0.00601	0.00182	0.03605	0.03648	0.00266	0.00669
17	0.01209	0.01152	0.01960	0.36740	0.45142	0.01258	0.01603	0.01550	0.01175	0.01611	0.01001	0.01395	0.00804	0.00512	0.00542	0.00171	0.00682	0.00485	0.00258	0.00750
18	0.01260	0.01205	0.02052	0.24522	0.56959	0.01272	0.01629	0.01595	0.01199	0.01673	0.01010	0.01378	0.00826	0.00502	0.00541	0.00167	0.00670	0.00485	0.00262	0.00792
19	0.01428	0.05064	0.08166	0.18963	0.13786	0.01266	0.13850	0.01771	0.04582	0.07338	0.01683	0.02583	0.01483	0.00842	0.00670	0.00222	0.00730	0.14360	0.00412	0.00801
20	0.01194	0.08391	0.43777	0.14383	0.06806	0.01327	0.10634	0.01695	0.01173	0.04162	0.01016	0.01252	0.00745	0.00515	0.00526	0.00170	0.00769	0.00446	0.00255	0.00764
21	0.00663	0.00480	0.00627	0.00744	0.00787	0.00444	0.00499	0.00761	0.01058	0.01398	0.03189	0.74985	0.08986	0.01684	0.00692	0.00219	0.00313	0.01521	0.00506	0.00444
22	0.00685	0.00488	0.00650	0.00771	0.00809	0.00460	0.00527	0.00788	0.01050	0.01397	0.02945	0.71845	0.03506	0.04808	0.00782	0.00236	0.00339	0.06971	0.00499	0.00443
23	0.01528	0.13956	0.30108	0.01518	0.06670	0.04658	0.06677	0.22379	0.01582	0.04324	0.01078	0.01202	0.00798	0.00549	0.00510	0.00160	0.00710	0.00435	0.00339	0.00819
24	0.01296	0.01256	0.02209	0.09179	0.60313	0.01266	0.09260	0.01633	0.01235	0.01740	0.01116	0.01594	0.00955	0.00535	0.00561	0.00170	0.00675	0.03917	0.00279	0.00813
25	0.00754	0.00558	0.00797	0.00821	0.00901	0.00617	0.00611	0.00913	0.00913	0.01279	0.01904	0.16974	0.04355	0.09777	0.55384	0.00703	0.01132	0.00800	0.00342	0.00465

[dist]
# distance from previous block
# <min> <max>
0	64

# created by:
# /st0/software/busco_prod/Augustus/scripts/msa2prfl.pl ./align_prep/1513531.fa
