[name]
unknown

[dist]
# distance from previous block
# <min> <max>
0	97

[block]
# block no. 0 follows, 57 sequences, length 45
# corresponding to MSA columns:
# 108-152
name=unknown_A
#
# <colnr> <probs for GDERKNQSTAVLIFYWHMCP>
#	G	D	E	R	K	N	Q	S	T	A	V	L	I	F	Y	W	H	M	C	P
0	0.04724	0.09485	0.11957	0.01163	0.10770	0.06206	0.02845	0.08457	0.05242	0.15876	0.01126	0.03073	0.00887	0.00518	0.00454	0.00132	0.03077	0.03175	0.00328	0.10504
1	0.02387	0.08107	0.07355	0.05021	0.14011	0.05649	0.02140	0.12837	0.04574	0.08238	0.03895	0.03702	0.03426	0.08833	0.00617	0.00161	0.00483	0.00457	0.00320	0.07788
2	0.03094	0.21784	0.13197	0.07432	0.09967	0.04648	0.03848	0.06079	0.03475	0.09879	0.05747	0.03564	0.00984	0.00499	0.00411	0.00128	0.00506	0.00404	0.00292	0.04060
3	0.03101	0.09694	0.01451	0.02199	0.17986	0.06945	0.06782	0.11416	0.06944	0.09149	0.03811	0.03267	0.06085	0.00534	0.00435	0.00129	0.00479	0.00454	0.00331	0.08809
4	0.04956	0.15128	0.05416	0.08518	0.12828	0.03446	0.07382	0.06811	0.07575	0.14099	0.01166	0.03516	0.02525	0.00500	0.00423	0.00133	0.00496	0.00422	0.00318	0.04343
5	0.01164	0.01115	0.01800	0.02674	0.76303	0.04393	0.01354	0.01425	0.01048	0.03140	0.00866	0.01118	0.00721	0.00410	0.00447	0.00134	0.00547	0.00400	0.00232	0.00711
6	0.00613	0.00476	0.00563	0.00532	0.00668	0.00418	0.00400	0.00789	0.01173	0.01577	0.48553	0.03657	0.33441	0.00987	0.00527	0.00143	0.00225	0.00849	0.00460	0.03950
7	0.01024	0.21786	0.05176	0.00818	0.01083	0.05330	0.04078	0.01428	0.15610	0.04798	0.23412	0.02003	0.04685	0.00649	0.00439	0.00133	0.00399	0.02765	0.03828	0.00556
8	0.00611	0.00467	0.00556	0.00539	0.00665	0.00412	0.00400	0.00775	0.01129	0.01521	0.40783	0.12323	0.30788	0.01025	0.00527	0.00147	0.00230	0.00887	0.02270	0.03945
9	0.00808	0.00696	0.01029	0.29307	0.05100	0.00797	0.00842	0.04707	0.00959	0.01301	0.06602	0.29810	0.01684	0.00853	0.00612	0.00162	0.09681	0.00730	0.00312	0.04009
10	0.00611	0.00430	0.00533	0.00579	0.00613	0.00406	0.00371	0.00669	0.00804	0.01084	0.04240	0.47699	0.02430	0.32474	0.01218	0.00274	0.00331	0.00996	0.00362	0.03876
11	0.01128	0.01059	0.01678	0.17964	0.42263	0.05665	0.09351	0.03510	0.01066	0.04719	0.03213	0.01225	0.00814	0.00449	0.00473	0.00139	0.01906	0.00425	0.02313	0.00638
12	0.01671	0.00862	0.01045	0.00793	0.01156	0.03559	0.00647	0.06785	0.01241	0.49567	0.01409	0.01306	0.00945	0.00488	0.00418	0.00117	0.00393	0.00390	0.00454	0.26753
13	0.00925	0.00637	0.00733	0.00671	0.00858	0.00633	0.00515	0.01386	0.22633	0.12392	0.22135	0.08580	0.24309	0.00889	0.00507	0.00151	0.00284	0.00758	0.00470	0.00536
14	0.74363	0.00862	0.00719	0.00622	0.00915	0.00961	0.00512	0.01418	0.00835	0.10540	0.00763	0.00831	0.00566	0.00432	0.00302	0.00137	0.00354	0.00269	0.00310	0.04291
15	0.06618	0.30790	0.01649	0.02747	0.01313	0.18693	0.00813	0.27735	0.01401	0.01748	0.02112	0.00922	0.00701	0.00469	0.00377	0.00119	0.00550	0.00322	0.00300	0.00623
16	0.01715	0.00782	0.00998	0.00802	0.01113	0.00734	0.00650	0.02111	0.17140	0.58022	0.06005	0.01789	0.04785	0.00616	0.00464	0.00144	0.00365	0.00507	0.00532	0.00726
17	0.04664	0.00808	0.00928	0.00668	0.01065	0.00622	0.00535	0.01149	0.00932	0.01501	0.00798	0.00931	0.00663	0.00339	0.00333	0.00070	0.00336	0.00267	0.00269	0.83120
18	0.00736	0.00587	0.00762	0.00663	0.00857	0.00525	0.08002	0.04854	0.01112	0.05737	0.08201	0.08146	0.56083	0.01014	0.00529	0.00153	0.00304	0.00871	0.00416	0.00447
19	0.00617	0.00446	0.00597	0.00695	0.00759	0.00426	0.00531	0.00747	0.00944	0.01236	0.02605	0.48978	0.08241	0.01338	0.00593	0.00191	0.00318	0.29929	0.00419	0.00387
20	0.01129	0.03649	0.01836	0.10808	0.61927	0.01081	0.06937	0.01402	0.01029	0.04580	0.00882	0.01142	0.00716	0.00413	0.00451	0.00137	0.00554	0.00410	0.00235	0.00686
21	0.01136	0.01200	0.01834	0.07899	0.19613	0.10777	0.28116	0.01560	0.12124	0.01449	0.00981	0.01189	0.00769	0.00442	0.00494	0.00139	0.02735	0.00441	0.00261	0.06840
22	0.01276	0.02629	0.03343	0.14266	0.29255	0.12556	0.01917	0.12480	0.02363	0.06759	0.01009	0.01175	0.02533	0.00466	0.00437	0.00131	0.00554	0.00394	0.00286	0.06171
23	0.00949	0.00862	0.01392	0.05813	0.44823	0.00873	0.02853	0.01234	0.04265	0.01546	0.23380	0.03227	0.01794	0.02710	0.00546	0.00149	0.02120	0.00549	0.00314	0.00602
24	0.00752	0.00439	0.00568	0.00564	0.00593	0.00443	0.00376	0.02103	0.00731	0.01023	0.05017	0.02175	0.01356	0.28852	0.05278	0.37213	0.00422	0.03241	0.08574	0.00283
25	0.01360	0.01028	0.03378	0.04986	0.37447	0.02694	0.02191	0.06965	0.09749	0.20758	0.04009	0.01355	0.01004	0.00496	0.00455	0.00139	0.00483	0.00441	0.00354	0.00709
26	0.00633	0.00467	0.00551	0.00526	0.00657	0.00414	0.00396	0.00806	0.01173	0.03266	0.46143	0.03696	0.35298	0.00998	0.00527	0.00146	0.00224	0.00857	0.02808	0.00416
27	0.01358	0.21718	0.15272	0.01052	0.03886	0.07511	0.00964	0.28329	0.06700	0.03747	0.01003	0.03755	0.00797	0.00508	0.00410	0.00128	0.00528	0.00382	0.00321	0.01631
28	0.12393	0.00941	0.04027	0.13668	0.04382	0.00919	0.03245	0.14036	0.03681	0.20464	0.01207	0.03409	0.00922	0.00533	0.00430	0.00137	0.00452	0.03763	0.00368	0.11024
29	0.04322	0.10439	0.05733	0.06093	0.04659	0.07399	0.00856	0.18449	0.27991	0.04055	0.02916	0.01318	0.01010	0.02226	0.00466	0.00144	0.00476	0.00421	0.00365	0.00661
30	0.01120	0.11977	0.01988	0.16065	0.20511	0.07281	0.24336	0.03332	0.01030	0.01342	0.00812	0.01083	0.00654	0.00438	0.00521	0.00141	0.06132	0.00413	0.00222	0.00603
31	0.01105	0.00977	0.01351	0.22223	0.22591	0.01076	0.01033	0.09721	0.25886	0.01670	0.01171	0.01305	0.00899	0.00492	0.00446	0.00140	0.00481	0.00428	0.00319	0.06688
32	0.00621	0.00449	0.00517	0.00510	0.00577	0.00420	0.00337	0.00710	0.00925	0.01225	0.23877	0.05439	0.21763	0.39166	0.01349	0.00282	0.00322	0.00791	0.00375	0.00345
33	0.11573	0.03134	0.20116	0.01154	0.01572	0.01015	0.17791	0.10940	0.01169	0.18920	0.02260	0.03538	0.01856	0.00512	0.00471	0.00145	0.02410	0.00443	0.00335	0.00648
34	0.09112	0.00949	0.05299	0.02257	0.10722	0.06065	0.00770	0.08502	0.09997	0.11855	0.01163	0.01481	0.00954	0.02915	0.05712	0.17104	0.00508	0.03763	0.00324	0.00546
35	0.00598	0.00445	0.00552	0.00558	0.00652	0.00404	0.00403	0.00752	0.01110	0.01502	0.43425	0.22452	0.20322	0.04009	0.00607	0.00165	0.00237	0.00953	0.00456	0.00399
36	0.00789	0.00605	0.00719	0.00647	0.00816	0.02879	0.03634	0.04571	0.02808	0.05619	0.32253	0.03375	0.32178	0.00933	0.00519	0.00147	0.00292	0.03848	0.02909	0.00459
37	0.02325	0.16406	0.14948	0.08999	0.09172	0.03324	0.08983	0.03229	0.02742	0.08494	0.02873	0.09855	0.03926	0.00592	0.00445	0.00141	0.00518	0.02149	0.00290	0.00590
38	0.00685	0.00477	0.00586	0.00614	0.03377	0.00493	0.00360	0.00707	0.00678	0.00918	0.01353	0.02705	0.01521	0.69580	0.09747	0.02665	0.02342	0.00621	0.00266	0.00305
39	0.00649	0.00490	0.00577	0.00640	0.00718	0.00434	0.00439	0.00716	0.00991	0.01282	0.04667	0.55083	0.28802	0.01370	0.00602	0.00190	0.00286	0.01188	0.00452	0.00425
40	0.00957	0.00879	0.01431	0.50434	0.22491	0.01030	0.01211	0.03590	0.00963	0.01315	0.00849	0.01195	0.00668	0.00470	0.00512	0.00147	0.05969	0.00404	0.04925	0.00561
41	0.01081	0.03628	0.01765	0.21548	0.53747	0.01098	0.04986	0.04144	0.01040	0.01439	0.00846	0.01133	0.00687	0.00419	0.00449	0.00138	0.00561	0.00405	0.00226	0.00660
42	0.00876	0.00899	0.07881	0.04846	0.16301	0.00817	0.11951	0.03575	0.04122	0.01322	0.04112	0.05761	0.01209	0.14084	0.19892	0.00328	0.00692	0.00539	0.00270	0.00522
43	0.00559	0.00405	0.00530	0.00624	0.00664	0.00376	0.00426	0.00648	0.00894	0.01182	0.04150	0.73336	0.08998	0.01383	0.00576	0.00182	0.00265	0.04009	0.00422	0.00372
44	0.12119	0.03555	0.01569	0.04451	0.48383	0.06711	0.01142	0.03184	0.02904	0.02669	0.00824	0.01049	0.00684	0.00459	0.00519	0.00140	0.08374	0.00374	0.00244	0.00646

[dist]
# distance from previous block
# <min> <max>
1	8

[block]
# block no. 1 follows, 57 sequences, length 27
# corresponding to MSA columns:
# 161-163,180-203
name=unknown_B
#
# <colnr> <probs for GDERKNQSTAVLIFYWHMCP>
#	G	D	E	R	K	N	Q	S	T	A	V	L	I	F	Y	W	H	M	C	P
0	0.05678	0.39345	0.31526	0.01027	0.01509	0.04891	0.04378	0.03257	0.00982	0.02617	0.00742	0.00858	0.00592	0.00415	0.00364	0.00121	0.00571	0.00298	0.00213	0.00616
1	0.04959	0.01131	0.01398	0.03101	0.03253	0.02132	0.09826	0.42446	0.10531	0.02250	0.05293	0.01267	0.00982	0.00548	0.00514	0.00141	0.05176	0.00441	0.00388	0.04224
2	0.00582	0.00423	0.00551	0.00610	0.00670	0.00391	0.00429	0.00706	0.01000	0.01351	0.24236	0.53115	0.08786	0.01259	0.00565	0.00171	0.00253	0.04072	0.00442	0.00387
3	0.00702	0.00530	0.00551	0.00552	0.00574	0.04754	0.00335	0.00726	0.00720	0.00929	0.01533	0.08631	0.03629	0.67101	0.06564	0.00413	0.00485	0.00682	0.00285	0.00305
4	0.00638	0.00447	0.00545	0.00582	0.00660	0.00426	0.00411	0.00821	0.04559	0.01414	0.20399	0.41154	0.10935	0.02623	0.00555	0.00164	0.00249	0.00985	0.12028	0.00404
5	0.00648	0.00483	0.00717	0.00717	0.00794	0.00560	0.00552	0.00802	0.00725	0.01044	0.01224	0.01838	0.01158	0.07310	0.78402	0.00714	0.01176	0.00494	0.00244	0.00398
6	0.00597	0.00457	0.00548	0.00535	0.00652	0.00407	0.00397	0.00767	0.01165	0.01560	0.48330	0.09259	0.31604	0.01039	0.00538	0.00149	0.00223	0.00901	0.00466	0.00407
7	0.02973	0.05502	0.01452	0.06832	0.01588	0.64488	0.08048	0.01705	0.01214	0.01157	0.00723	0.00876	0.00593	0.00454	0.00416	0.00122	0.00776	0.00319	0.00230	0.00533
8	0.01339	0.01424	0.07379	0.01423	0.01808	0.15512	0.34150	0.21198	0.01360	0.04198	0.00989	0.03273	0.00766	0.00544	0.02398	0.00155	0.00686	0.00462	0.00299	0.00634
9	0.01527	0.00928	0.01058	0.00855	0.01148	0.00973	0.00691	0.29852	0.16061	0.24390	0.07550	0.01562	0.01288	0.00589	0.00447	0.00138	0.00390	0.00473	0.09382	0.00699
10	0.00659	0.00439	0.00494	0.00494	0.00494	0.00439	0.00275	0.00659	0.00659	0.00879	0.01428	0.02965	0.01647	0.84075	0.02306	0.00439	0.00439	0.00659	0.00275	0.00275
11	0.01751	0.00807	0.01027	0.00813	0.01129	0.00753	0.00670	0.14948	0.01404	0.55282	0.05236	0.01926	0.06769	0.00650	0.00473	0.00144	0.00388	0.04597	0.00523	0.00711
12	0.00940	0.00805	0.00940	0.00671	0.01074	0.00604	0.00537	0.01141	0.00940	0.01477	0.00805	0.00940	0.00671	0.00336	0.00336	0.00067	0.00336	0.00268	0.00268	0.86845
13	0.07267	0.01068	0.01110	0.02921	0.01241	0.07916	0.00729	0.35112	0.01549	0.20964	0.01273	0.05548	0.00955	0.00568	0.00431	0.00134	0.00453	0.00441	0.06354	0.03966
14	0.03050	0.00703	0.00838	0.00679	0.00979	0.00563	0.00534	0.01054	0.00939	0.03231	0.01289	0.17149	0.01294	0.00632	0.00409	0.00106	0.00330	0.07416	0.00318	0.58488
15	0.01203	0.79643	0.02391	0.00840	0.01231	0.01756	0.05237	0.01362	0.00929	0.01088	0.00646	0.00755	0.00588	0.00387	0.00305	0.00100	0.00500	0.00259	0.00196	0.00583
16	0.01052	0.12027	0.30302	0.02674	0.01963	0.01181	0.33030	0.01523	0.07463	0.03067	0.00936	0.01111	0.00698	0.00423	0.00459	0.00142	0.00653	0.00422	0.00237	0.00638
17	0.06660	0.06626	0.17900	0.00947	0.01270	0.07602	0.04999	0.04960	0.17993	0.01587	0.09971	0.08228	0.08064	0.00663	0.00454	0.00144	0.00462	0.00550	0.00342	0.00578
18	0.00606	0.00457	0.00554	0.00538	0.00649	0.00412	0.00397	0.00775	0.01160	0.01567	0.50985	0.08288	0.26259	0.04602	0.00614	0.00161	0.00231	0.00879	0.00462	0.00405
19	0.43663	0.01006	0.07503	0.09485	0.07012	0.02546	0.02192	0.04693	0.00959	0.08449	0.01139	0.01232	0.07446	0.00503	0.00374	0.00142	0.00432	0.00372	0.00302	0.00552
20	0.05965	0.08673	0.05805	0.01015	0.01289	0.39153	0.00829	0.10716	0.11641	0.01496	0.02745	0.06716	0.00950	0.00559	0.00419	0.00130	0.00608	0.00410	0.00304	0.00577
21	0.00555	0.00396	0.00528	0.00629	0.00658	0.00370	0.00421	0.00637	0.00880	0.01176	0.04792	0.81430	0.03034	0.01405	0.00577	0.00183	0.00261	0.01274	0.00423	0.00370
22	0.00793	0.00591	0.00819	0.00833	0.04711	0.00672	0.00593	0.04313	0.06249	0.01149	0.01155	0.01741	0.01088	0.11911	0.42378	0.14172	0.05677	0.00481	0.00260	0.00414
23	0.06690	0.13767	0.19286	0.16284	0.09673	0.11428	0.09164	0.01383	0.00995	0.01329	0.00863	0.01215	0.00717	0.00471	0.00425	0.00138	0.00611	0.04756	0.00225	0.00581
24	0.01087	0.00783	0.00767	0.00681	0.00849	0.12519	0.04940	0.04779	0.01078	0.07105	0.01390	0.05826	0.01126	0.00561	0.00372	0.00118	0.00359	0.00457	0.54717	0.00485
25	0.00668	0.00468	0.00574	0.00567	0.00584	0.00499	0.00360	0.00705	0.00675	0.00922	0.01354	0.02650	0.01504	0.64363	0.18962	0.00491	0.03466	0.00614	0.00265	0.00309
26	0.44584	0.00953	0.01086	0.04403	0.19552	0.01035	0.00790	0.10433	0.01052	0.10982	0.00872	0.00975	0.00651	0.00448	0.00366	0.00139	0.00425	0.00330	0.00316	0.00607

[dist]
# distance from previous block
# <min> <max>
1	5

[block]
# block no. 2 follows, 57 sequences, length 15
# corresponding to MSA columns:
# 211-225
name=unknown_C
#
# <colnr> <probs for GDERKNQSTAVLIFYWHMCP>
#	G	D	E	R	K	N	Q	S	T	A	V	L	I	F	Y	W	H	M	C	P
0	0.04003	0.51518	0.08368	0.01063	0.09035	0.08782	0.00910	0.03142	0.05425	0.01256	0.00749	0.00859	0.00641	0.00425	0.00365	0.00114	0.02226	0.00292	0.00224	0.00604
1	0.52640	0.19032	0.06930	0.00747	0.01077	0.08022	0.00681	0.03912	0.00904	0.01731	0.00664	0.00768	0.00533	0.00422	0.00310	0.00129	0.00446	0.00260	0.00257	0.00535
2	0.01029	0.01130	0.07457	0.03837	0.42963	0.01048	0.19714	0.01320	0.01001	0.01409	0.01078	0.01340	0.05330	0.00586	0.03777	0.00168	0.05476	0.00464	0.00233	0.00640
3	0.00552	0.00394	0.00526	0.00631	0.00657	0.00368	0.00421	0.00631	0.00868	0.01157	0.02498	0.83779	0.02997	0.01420	0.00578	0.00184	0.00263	0.01288	0.00421	0.00368
4	0.00722	0.00681	0.05291	0.00633	0.00794	0.05045	0.00517	0.00910	0.01162	0.03483	0.42688	0.06482	0.26297	0.00945	0.00541	0.00147	0.01982	0.00804	0.00436	0.00441
5	0.00760	0.00698	0.00665	0.00663	0.00772	0.12717	0.00482	0.00906	0.01129	0.01440	0.35942	0.26661	0.13393	0.01031	0.00529	0.00152	0.00321	0.00895	0.00426	0.00419
6	0.01363	0.01228	0.01291	0.01078	0.01314	0.15928	0.05353	0.20425	0.17487	0.06602	0.01126	0.01233	0.00875	0.00801	0.06963	0.00194	0.15341	0.00422	0.00347	0.00629
7	0.00711	0.00596	0.01021	0.00906	0.01044	0.00654	0.12459	0.00906	0.00780	0.01112	0.01169	0.01696	0.01066	0.02945	0.69979	0.00642	0.01146	0.00493	0.00241	0.00436
8	0.01413	0.00889	0.01086	0.01070	0.13103	0.00920	0.00737	0.29872	0.01452	0.16035	0.01296	0.01360	0.00946	0.00521	0.00410	0.00127	0.00395	0.00420	0.27294	0.00654
9	0.00939	0.01022	0.13196	0.02526	0.20465	0.04185	0.00959	0.02546	0.04965	0.03344	0.07039	0.07510	0.06170	0.00759	0.00494	0.00155	0.00455	0.17236	0.05477	0.00558
10	0.14300	0.01169	0.01082	0.00931	0.01214	0.10684	0.00737	0.20860	0.40251	0.02056	0.01345	0.01299	0.01007	0.00551	0.00426	0.00143	0.00445	0.00421	0.00405	0.00674
11	0.00937	0.00873	0.04554	0.05048	0.01436	0.00731	0.21090	0.01187	0.01041	0.06741	0.06726	0.02081	0.15399	0.00609	0.00470	0.00130	0.00455	0.05165	0.00322	0.25005
12	0.01720	0.00724	0.00964	0.00784	0.01071	0.00648	0.00628	0.06225	0.01258	0.61104	0.01890	0.17944	0.01477	0.00731	0.00480	0.00149	0.00367	0.00619	0.00527	0.00691
13	0.00709	0.00426	0.00587	0.00593	0.00611	0.00442	0.00396	0.00658	0.00653	0.00887	0.01150	0.05992	0.01222	0.26347	0.18616	0.39093	0.00571	0.00535	0.00240	0.00271
14	0.74242	0.00811	0.00640	0.00581	0.00819	0.00930	0.00458	0.01231	0.00754	0.01859	0.00751	0.01072	0.00665	0.13008	0.00585	0.00185	0.00364	0.00308	0.00280	0.00458

[dist]
# distance from previous block
# <min> <max>
0	28

# created by:
# /st0/software/busco_prod/Augustus/scripts/msa2prfl.pl ./align_prep/1525971.fa
