[name]
unknown

[dist]
# distance from previous block
# <min> <max>
0	36

[block]
# block no. 0 follows, 62 sequences, length 6
# corresponding to MSA columns:
# 48-53
name=unknown_A
#
# <colnr> <probs for GDERKNQSTAVLIFYWHMCP>
#	G	D	E	R	K	N	Q	S	T	A	V	L	I	F	Y	W	H	M	C	P
0	0.00966	0.06876	0.05449	0.00785	0.03786	0.04487	0.00632	0.08310	0.01025	0.06998	0.03346	0.15682	0.05684	0.02829	0.00460	0.00126	0.00374	0.05611	0.00321	0.26250
1	0.07304	0.07559	0.21648	0.01151	0.09864	0.02926	0.05430	0.16055	0.03858	0.15680	0.03783	0.01114	0.00822	0.00459	0.00404	0.00129	0.00490	0.00372	0.00315	0.00637
2	0.03320	0.21043	0.26676	0.04814	0.04941	0.04247	0.01016	0.10099	0.03238	0.11003	0.00878	0.00951	0.00652	0.00422	0.00372	0.00119	0.00505	0.00318	0.00264	0.05121
3	0.00636	0.00553	0.00657	0.03560	0.00807	0.05763	0.03821	0.00771	0.00983	0.01268	0.22970	0.34264	0.20285	0.01028	0.00508	0.00150	0.00293	0.00909	0.00388	0.00386
4	0.01096	0.17572	0.06887	0.00986	0.05972	0.04591	0.09418	0.03602	0.07860	0.08003	0.00977	0.01057	0.02458	0.00406	0.00369	0.00104	0.00446	0.00338	0.00271	0.27586
5	0.01102	0.03180	0.01036	0.03708	0.12145	0.00790	0.00703	0.07758	0.09658	0.17545	0.27421	0.01852	0.01885	0.00621	0.00506	0.00133	0.05764	0.00517	0.00395	0.03283

[dist]
# distance from previous block
# <min> <max>
0	1

[block]
# block no. 1 follows, 62 sequences, length 36
# corresponding to MSA columns:
# 55-90
name=unknown_B
#
# <colnr> <probs for GDERKNQSTAVLIFYWHMCP>
#	G	D	E	R	K	N	Q	S	T	A	V	L	I	F	Y	W	H	M	C	P
0	0.15162	0.05804	0.15641	0.01193	0.06085	0.01879	0.21371	0.03044	0.03511	0.04790	0.00812	0.00972	0.00624	0.00412	0.00456	0.00128	0.06019	0.00355	0.00242	0.11502
1	0.00961	0.10765	0.63846	0.01127	0.01672	0.05630	0.01376	0.01371	0.00923	0.04290	0.01981	0.00923	0.00611	0.00421	0.00413	0.00130	0.02435	0.00315	0.00199	0.00609
2	0.00607	0.00475	0.00572	0.00542	0.00683	0.00407	0.00399	0.00750	0.00988	0.01351	0.27721	0.24241	0.22124	0.00941	0.00479	0.00134	0.00237	0.00822	0.00392	0.16135
3	0.24243	0.01849	0.04631	0.00880	0.07319	0.15771	0.00661	0.01321	0.09064	0.03059	0.01451	0.01486	0.15379	0.00547	0.00401	0.00125	0.02537	0.00409	0.00290	0.08577
4	0.00912	0.00539	0.00679	0.00608	0.00784	0.00473	0.00461	0.02779	0.01041	0.18392	0.20802	0.25307	0.08811	0.00846	0.00464	0.00134	0.00271	0.00738	0.02961	0.12999
5	0.04912	0.01056	0.02538	0.00967	0.04196	0.01152	0.00759	0.37603	0.35321	0.02157	0.01281	0.01240	0.00946	0.00521	0.00418	0.00133	0.00406	0.00412	0.00404	0.03577
6	0.05534	0.01086	0.01181	0.00972	0.03762	0.01202	0.00767	0.59381	0.12118	0.03970	0.01086	0.01101	0.00791	0.00554	0.00475	0.04108	0.00439	0.00389	0.00403	0.00679
7	0.01549	0.00805	0.01001	0.00767	0.01088	0.00746	0.00628	0.14147	0.02980	0.45022	0.01325	0.01245	0.00897	0.00484	0.00431	0.00117	0.03151	0.00380	0.03150	0.20086
8	0.02482	0.00593	0.00737	0.00619	0.00826	0.00535	0.00483	0.03987	0.02369	0.08206	0.35715	0.02021	0.02174	0.00928	0.09506	0.02569	0.00368	0.00521	0.00372	0.24989
9	0.00527	0.00376	0.00493	0.00583	0.00610	0.00353	0.00389	0.00599	0.00808	0.01074	0.02324	0.76182	0.04614	0.06824	0.00649	0.00188	0.00259	0.02419	0.00386	0.00341
10	0.00848	0.00764	0.01147	0.11813	0.26877	0.03181	0.02632	0.01115	0.05938	0.01270	0.03391	0.12699	0.01408	0.00931	0.07688	0.00198	0.02500	0.14802	0.00286	0.00510
11	0.04132	0.00870	0.01066	0.00820	0.01151	0.00847	0.00677	0.26205	0.01444	0.56027	0.01448	0.01297	0.00936	0.00518	0.00423	0.00130	0.00394	0.00409	0.00489	0.00717
12	0.20125	0.00759	0.00882	0.00705	0.00996	0.00739	0.00578	0.10046	0.01180	0.47056	0.06814	0.01505	0.05679	0.00551	0.00402	0.00132	0.00347	0.00430	0.00448	0.00626
13	0.01691	0.00906	0.01075	0.00831	0.01153	0.00907	0.00684	0.35925	0.01538	0.42907	0.01569	0.01439	0.06243	0.00556	0.00432	0.00131	0.00398	0.00440	0.00475	0.00700
14	0.00789	0.00683	0.00974	0.01057	0.15526	0.00745	0.02269	0.00906	0.00768	0.01101	0.04782	0.03442	0.03692	0.27337	0.07955	0.00271	0.18419	0.00500	0.00247	0.08539
15	0.00812	0.00799	0.04072	0.00938	0.00987	0.00972	0.03406	0.00918	0.00675	0.01004	0.00860	0.03530	0.00887	0.17865	0.13243	0.00299	0.47647	0.00457	0.00212	0.00418
16	0.00555	0.00426	0.00517	0.00551	0.00636	0.00403	0.00406	0.00661	0.00854	0.01090	0.02820	0.22328	0.33808	0.10223	0.13671	0.00269	0.00408	0.09668	0.00354	0.00352
17	0.69620	0.02520	0.00782	0.00648	0.00906	0.00960	0.02298	0.01325	0.00780	0.10293	0.00710	0.00796	0.00535	0.00430	0.00361	0.00135	0.05858	0.00266	0.00283	0.00493
18	0.01147	0.05236	0.04602	0.07550	0.27864	0.06409	0.04690	0.07370	0.01085	0.12849	0.05193	0.02759	0.04096	0.02404	0.00473	0.00138	0.00479	0.04764	0.00301	0.00590
19	0.00978	0.00811	0.04016	0.24254	0.03056	0.00843	0.15278	0.01207	0.00877	0.13705	0.01007	0.01343	0.00803	0.04755	0.17830	0.00268	0.07771	0.00432	0.00257	0.00509
20	0.00793	0.00397	0.00397	0.00397	0.00496	0.00397	0.00297	0.00991	0.00892	0.01586	0.01388	0.01586	0.01091	0.00496	0.00297	0.00099	0.00198	0.00397	0.87408	0.00397
21	0.01858	0.20798	0.23414	0.14842	0.19113	0.03870	0.02923	0.01260	0.00900	0.01212	0.00763	0.01031	0.00633	0.02267	0.00441	0.00131	0.02031	0.01745	0.00197	0.00571
22	0.01153	0.11669	0.10443	0.05361	0.15731	0.08577	0.05705	0.09073	0.03946	0.07903	0.00939	0.01094	0.01901	0.02076	0.00485	0.04102	0.00502	0.00359	0.00264	0.08719
23	0.00813	0.04049	0.31023	0.00994	0.04523	0.00782	0.06159	0.01119	0.02129	0.02951	0.06963	0.01501	0.04391	0.06267	0.16798	0.00253	0.00625	0.00430	0.00245	0.07986
24	0.01448	0.01656	0.01090	0.00976	0.01184	0.60251	0.00735	0.08660	0.01230	0.03474	0.06141	0.01119	0.00885	0.05593	0.00501	0.00131	0.00650	0.00346	0.03433	0.00496
25	0.01086	0.14272	0.09572	0.01491	0.28037	0.17653	0.03925	0.01340	0.03728	0.01293	0.09884	0.03890	0.01077	0.00483	0.00405	0.00122	0.00523	0.00406	0.00247	0.00569
26	0.01129	0.26740	0.37628	0.00987	0.01454	0.02825	0.02273	0.04414	0.05858	0.11563	0.00895	0.00950	0.00660	0.00422	0.00372	0.00121	0.00524	0.00317	0.00250	0.00619
27	0.00617	0.00419	0.00497	0.00497	0.00509	0.00431	0.00299	0.00640	0.00629	0.00850	0.01310	0.02616	0.01474	0.72639	0.14473	0.00454	0.00523	0.00594	0.00253	0.00276
28	0.00640	0.00462	0.00630	0.00719	0.00806	0.00452	0.00600	0.00806	0.00951	0.01237	0.03914	0.20464	0.07562	0.01195	0.00572	0.00187	0.00349	0.57682	0.00394	0.00381
29	0.03055	0.00644	0.01002	0.02755	0.13070	0.03015	0.11806	0.00870	0.00876	0.01193	0.01778	0.53191	0.02013	0.00983	0.00505	0.00159	0.00377	0.01941	0.00330	0.00437
30	0.00803	0.00451	0.00523	0.08254	0.03475	0.00468	0.00414	0.01011	0.00891	0.01533	0.01310	0.01526	0.01028	0.00485	0.00314	0.00104	0.00243	0.00394	0.76359	0.00413
31	0.00923	0.00884	0.01449	0.43015	0.36870	0.02349	0.01198	0.01177	0.00895	0.01208	0.00782	0.01129	0.00637	0.02553	0.00497	0.00143	0.03155	0.00383	0.00200	0.00554
32	0.01014	0.04201	0.09933	0.01448	0.19231	0.04253	0.18231	0.02148	0.08942	0.05336	0.00981	0.01235	0.00794	0.00829	0.10125	0.06459	0.02667	0.01363	0.00249	0.00561
33	0.03445	0.05536	0.63928	0.01253	0.07263	0.03722	0.03154	0.01331	0.00920	0.01355	0.03753	0.00979	0.00677	0.00418	0.00401	0.00132	0.00595	0.00332	0.00197	0.00609
34	0.01079	0.14502	0.24169	0.00920	0.01266	0.07549	0.00914	0.08248	0.13723	0.06866	0.01191	0.12593	0.01035	0.00581	0.00423	0.00132	0.01829	0.00463	0.01937	0.00581
35	0.01124	0.04363	0.09004	0.05833	0.24434	0.10361	0.06109	0.07030	0.01045	0.05677	0.00870	0.01113	0.00706	0.00433	0.00434	0.00120	0.03133	0.02976	0.00251	0.14984

[dist]
# distance from previous block
# <min> <max>
0	2

[block]
# block no. 2 follows, 62 sequences, length 42
# corresponding to MSA columns:
# 93-134
name=unknown_C
#
# <colnr> <probs for GDERKNQSTAVLIFYWHMCP>
#	G	D	E	R	K	N	Q	S	T	A	V	L	I	F	Y	W	H	M	C	P
0	0.16497	0.57060	0.01779	0.00750	0.01076	0.12919	0.00692	0.01346	0.00895	0.02884	0.00624	0.00712	0.00542	0.00383	0.00290	0.00102	0.00475	0.00239	0.00209	0.00527
1	0.00882	0.00985	0.13658	0.00727	0.01141	0.00645	0.00675	0.01145	0.02949	0.01391	0.00782	0.00903	0.00633	0.00336	0.00332	0.00076	0.00365	0.00268	0.00245	0.71861
2	0.02270	0.02157	0.11264	0.49494	0.02172	0.00846	0.01026	0.01144	0.01990	0.07382	0.02324	0.05788	0.02838	0.05266	0.00528	0.00157	0.00507	0.02110	0.00246	0.00491
3	0.01128	0.10455	0.07491	0.05890	0.36584	0.03269	0.01045	0.02362	0.00965	0.12627	0.00989	0.07197	0.00843	0.00503	0.00485	0.00132	0.06740	0.00422	0.00263	0.00609
4	0.00835	0.00450	0.00461	0.00441	0.00556	0.00458	0.00336	0.05356	0.02304	0.01654	0.04497	0.01617	0.01187	0.00512	0.00315	0.00103	0.00215	0.00412	0.77873	0.00419
5	0.00532	0.00383	0.00502	0.00587	0.00624	0.00358	0.00402	0.00616	0.00839	0.01112	0.05109	0.70756	0.07282	0.03947	0.00593	0.00179	0.00256	0.05183	0.00393	0.00348
6	0.04408	0.07180	0.14872	0.10334	0.33665	0.07651	0.03194	0.04503	0.03766	0.04408	0.01628	0.01028	0.00683	0.00414	0.00403	0.00127	0.00533	0.00356	0.00234	0.00612
7	0.00871	0.01913	0.65180	0.01393	0.13332	0.00967	0.02820	0.01308	0.00898	0.01333	0.00792	0.00969	0.00590	0.00558	0.05125	0.00165	0.00642	0.00335	0.00187	0.00620
8	0.83136	0.00891	0.00658	0.00590	0.00851	0.05639	0.00481	0.01276	0.00752	0.01860	0.00596	0.00696	0.00466	0.00397	0.00270	0.00130	0.00354	0.00233	0.00261	0.00463
9	0.00924	0.00848	0.01459	0.43818	0.27553	0.00931	0.07678	0.01189	0.00921	0.04363	0.01016	0.01291	0.05269	0.00446	0.00435	0.00137	0.00532	0.00420	0.00223	0.00547
10	0.01199	0.07003	0.08477	0.14448	0.20364	0.03678	0.10227	0.03953	0.01030	0.19599	0.01059	0.05278	0.00822	0.00472	0.00426	0.00132	0.00509	0.00426	0.00290	0.00608
11	0.00592	0.00427	0.00560	0.00542	0.00633	0.00395	0.00401	0.00778	0.01158	0.01632	0.72644	0.12913	0.03872	0.00925	0.00507	0.00138	0.00206	0.00822	0.00460	0.00395
12	0.01160	0.01058	0.01064	0.00929	0.01182	0.09326	0.03240	0.09286	0.63821	0.01774	0.01532	0.01440	0.01151	0.00550	0.00430	0.00139	0.00404	0.00452	0.00404	0.00657
13	0.02212	0.05750	0.05493	0.38240	0.08051	0.04715	0.04344	0.06158	0.01030	0.18493	0.00959	0.01129	0.00686	0.00441	0.00415	0.00133	0.00523	0.00376	0.00279	0.00573
14	0.00793	0.00397	0.00397	0.00397	0.00496	0.00397	0.00297	0.00991	0.00892	0.01586	0.01388	0.01586	0.01091	0.00496	0.00297	0.00099	0.00198	0.00397	0.87408	0.00397
15	0.13701	0.00710	0.00878	0.00708	0.00988	0.00669	0.00578	0.03928	0.03631	0.53420	0.13059	0.01652	0.01422	0.00572	0.00419	0.00134	0.00337	0.02089	0.00473	0.00633
16	0.00755	0.00622	0.05401	0.06360	0.00976	0.00553	0.03804	0.02148	0.03162	0.07914	0.07508	0.33789	0.09385	0.09868	0.00700	0.00184	0.02547	0.03539	0.00359	0.00426
17	0.05008	0.14146	0.22959	0.02531	0.06989	0.14814	0.01023	0.22529	0.03352	0.01633	0.00809	0.00901	0.00617	0.00435	0.00383	0.00122	0.00553	0.00319	0.00264	0.00613
18	0.02548	0.00422	0.00505	0.00514	0.00552	0.00411	0.00329	0.00690	0.00800	0.02407	0.19002	0.20634	0.02324	0.45435	0.01384	0.00289	0.00328	0.00768	0.00338	0.00320
19	0.00558	0.00403	0.00474	0.00508	0.00551	0.00380	0.00329	0.00613	0.00775	0.01004	0.03471	0.31817	0.19810	0.34155	0.03017	0.00271	0.00324	0.00886	0.00339	0.00316
20	0.02937	0.02828	0.07150	0.26687	0.23243	0.04568	0.15319	0.02533	0.03549	0.03150	0.00879	0.01200	0.00700	0.00431	0.00433	0.00136	0.00564	0.02897	0.00227	0.00570
21	0.01145	0.26545	0.04210	0.01645	0.32787	0.01243	0.11917	0.09077	0.02718	0.03653	0.00810	0.00969	0.00656	0.00393	0.00388	0.00119	0.00512	0.00352	0.00236	0.00627
22	0.00547	0.00417	0.00506	0.00542	0.00631	0.00376	0.00398	0.00672	0.00970	0.01263	0.20796	0.31345	0.30496	0.01127	0.00524	0.00156	0.00239	0.08215	0.00411	0.00367
23	0.01154	0.01216	0.01489	0.07788	0.41734	0.19861	0.02377	0.02834	0.05584	0.01293	0.00796	0.01011	0.00661	0.00450	0.00524	0.00132	0.09916	0.00362	0.00225	0.00594
24	0.03807	0.03905	0.07036	0.08792	0.29489	0.00994	0.12370	0.03752	0.13626	0.05311	0.01948	0.03870	0.02244	0.00471	0.00430	0.00135	0.00491	0.00440	0.00276	0.00613
25	0.01246	0.02503	0.02606	0.03280	0.08153	0.14339	0.00848	0.11333	0.09399	0.11656	0.03209	0.01152	0.00842	0.00673	0.04080	0.00166	0.23253	0.00388	0.00301	0.00573
26	0.00793	0.00397	0.00397	0.00397	0.00496	0.00397	0.00297	0.00991	0.00892	0.01586	0.01388	0.01586	0.01091	0.00496	0.00297	0.00099	0.00198	0.00397	0.87408	0.00397
27	0.03715	0.00900	0.03058	0.03739	0.02495	0.13409	0.01833	0.03444	0.05480	0.18333	0.01464	0.25315	0.01394	0.02924	0.01596	0.00154	0.04033	0.00614	0.00353	0.05749
28	0.02075	0.21527	0.26791	0.01348	0.18868	0.04002	0.05535	0.02473	0.01994	0.03462	0.03170	0.00978	0.00708	0.00404	0.00379	0.00118	0.00525	0.00332	0.00219	0.05089
29	0.01007	0.03372	0.49027	0.01175	0.01687	0.05477	0.10811	0.09023	0.02418	0.02574	0.01939	0.00978	0.00645	0.00414	0.00409	0.00127	0.00588	0.00345	0.00229	0.07754
30	0.00640	0.00441	0.00515	0.00520	0.00554	0.00441	0.00337	0.00719	0.03840	0.00976	0.06003	0.03009	0.06332	0.60272	0.01721	0.03259	0.00383	0.09440	0.00296	0.00300
31	0.01029	0.16368	0.08167	0.14619	0.04604	0.08480	0.03963	0.01592	0.28051	0.01382	0.05698	0.01309	0.01031	0.00495	0.00404	0.00130	0.00473	0.01337	0.00292	0.00575
32	0.01309	0.08607	0.11342	0.05291	0.12318	0.03116	0.12572	0.04612	0.03155	0.27284	0.01126	0.03287	0.00824	0.00473	0.00449	0.00132	0.02735	0.00412	0.00323	0.00632
33	0.00725	0.00626	0.00891	0.00825	0.00866	0.00802	0.00655	0.00841	0.00672	0.00994	0.00985	0.04687	0.00978	0.07951	0.44089	0.00461	0.31863	0.00465	0.00221	0.00402
34	0.07291	0.00522	0.00692	0.00620	0.00745	0.00507	0.00462	0.02225	0.00831	0.22936	0.07256	0.01573	0.01131	0.04405	0.04679	0.41098	0.00389	0.01933	0.00316	0.00389
35	0.09553	0.07305	0.11539	0.03859	0.12875	0.10782	0.07817	0.05444	0.21036	0.02515	0.01007	0.01097	0.00776	0.00501	0.01984	0.00141	0.00518	0.00371	0.00280	0.00599
36	0.00793	0.00397	0.00397	0.00397	0.00496	0.00397	0.00297	0.00991	0.00892	0.01586	0.01388	0.01586	0.01091	0.00496	0.00297	0.00099	0.00198	0.00397	0.87408	0.00397
37	0.00542	0.00400	0.00511	0.00580	0.00641	0.00369	0.00415	0.00647	0.00895	0.01173	0.09712	0.54243	0.17067	0.01229	0.00537	0.00167	0.00253	0.09860	0.00401	0.00358
38	0.00988	0.50050	0.21597	0.00863	0.01246	0.01336	0.02318	0.01215	0.00852	0.01094	0.00781	0.00936	0.02411	0.00715	0.09621	0.00172	0.02773	0.00298	0.00192	0.00542
39	0.00952	0.02929	0.05679	0.09975	0.13101	0.11883	0.09696	0.01175	0.02569	0.02401	0.00908	0.02560	0.00790	0.02341	0.22015	0.01822	0.08072	0.00410	0.00223	0.00499
40	0.01313	0.06085	0.01263	0.08785	0.01392	0.27723	0.03345	0.22141	0.03944	0.02770	0.00867	0.01022	0.00689	0.00719	0.07699	0.00174	0.06942	0.00352	0.02223	0.00552
41	0.08456	0.02837	0.04167	0.01009	0.02402	0.34181	0.00804	0.19674	0.14649	0.01621	0.00913	0.00972	0.00708	0.00488	0.00449	0.00126	0.05326	0.00337	0.00301	0.00580

[dist]
# distance from previous block
# <min> <max>
0	3

[block]
# block no. 3 follows, 62 sequences, length 19
# corresponding to MSA columns:
# 138-156
name=unknown_D
#
# <colnr> <probs for GDERKNQSTAVLIFYWHMCP>
#	G	D	E	R	K	N	Q	S	T	A	V	L	I	F	Y	W	H	M	C	P
0	0.02086	0.00990	0.01370	0.03374	0.01374	0.12862	0.22753	0.04988	0.01970	0.02586	0.01187	0.14599	0.01162	0.01957	0.06261	0.00193	0.12535	0.06994	0.00274	0.00485
1	0.03580	0.04525	0.27124	0.02332	0.04714	0.05919	0.10020	0.08117	0.02799	0.07124	0.00993	0.03411	0.00806	0.00835	0.11122	0.00206	0.02920	0.02621	0.00259	0.00571
2	0.00608	0.04482	0.00575	0.00539	0.00582	0.00458	0.00360	0.00661	0.00738	0.00967	0.01871	0.27597	0.07850	0.42027	0.04143	0.00302	0.00374	0.05236	0.00312	0.00317
3	0.04670	0.09544	0.10347	0.12405	0.04543	0.00982	0.07463	0.13690	0.06451	0.02407	0.03101	0.01208	0.00819	0.03029	0.05799	0.10735	0.01635	0.00389	0.00262	0.00521
4	0.00892	0.02728	0.04495	0.14339	0.12040	0.01926	0.08377	0.03219	0.00874	0.03162	0.01050	0.11685	0.01011	0.05868	0.04218	0.00183	0.14220	0.02369	0.00249	0.07094
5	0.00793	0.00397	0.00397	0.00397	0.00496	0.00397	0.00297	0.00991	0.00892	0.01586	0.01388	0.01586	0.01091	0.00496	0.00297	0.00099	0.00198	0.00397	0.87408	0.00397
6	0.00811	0.00766	0.01278	0.79356	0.02829	0.00966	0.01168	0.01084	0.00840	0.01084	0.00745	0.01123	0.00567	0.00443	0.00480	0.00144	0.05280	0.00378	0.00189	0.00472
7	0.01088	0.08027	0.04717	0.09129	0.47011	0.01012	0.02931	0.05892	0.01013	0.06142	0.00876	0.02960	0.00719	0.00416	0.00407	0.00123	0.00487	0.00380	0.00243	0.06427
8	0.01067	0.05990	0.21031	0.01104	0.01505	0.00986	0.17797	0.05961	0.18466	0.08062	0.01129	0.02792	0.00866	0.00468	0.00424	0.00130	0.00500	0.01868	0.00299	0.09555
9	0.00946	0.01469	0.28381	0.05553	0.02134	0.01041	0.51434	0.01345	0.00963	0.01345	0.00824	0.01067	0.00607	0.00377	0.00467	0.00141	0.00682	0.00436	0.00202	0.00587
10	0.07866	0.02625	0.05037	0.10833	0.20408	0.03223	0.07665	0.02851	0.02819	0.15487	0.03203	0.01318	0.00877	0.02461	0.02171	0.05220	0.02592	0.02494	0.00286	0.00562
11	0.01095	0.06686	0.14936	0.04332	0.15163	0.00817	0.03063	0.01389	0.04624	0.19126	0.13504	0.01575	0.05166	0.00528	0.00422	0.00126	0.00420	0.00452	0.00332	0.06243
12	0.00580	0.00401	0.00497	0.00539	0.00557	0.00397	0.00343	0.00626	0.00711	0.00953	0.01750	0.35249	0.02041	0.43790	0.07157	0.00330	0.00397	0.03062	0.00314	0.00305
13	0.01205	0.46258	0.13600	0.00894	0.01247	0.23031	0.00865	0.03076	0.00997	0.01125	0.03753	0.00839	0.00682	0.00412	0.00333	0.00105	0.00553	0.00276	0.00208	0.00542
14	0.03959	0.13161	0.07611	0.03859	0.34383	0.07677	0.04558	0.02722	0.03861	0.09533	0.01011	0.01136	0.03826	0.00435	0.00399	0.00124	0.00502	0.00373	0.00257	0.00615
15	0.00890	0.00449	0.00501	0.00516	0.03759	0.00440	0.00366	0.01088	0.00930	0.08246	0.03331	0.01592	0.01142	0.00503	0.00318	0.00104	0.00224	0.00407	0.74759	0.00435
16	0.00641	0.00449	0.00577	0.03734	0.00740	0.00432	0.00459	0.00832	0.01074	0.01523	0.44226	0.05616	0.09877	0.00884	0.00486	0.00142	0.00251	0.14580	0.13080	0.00397
17	0.00769	0.00762	0.08628	0.02855	0.11525	0.00626	0.03695	0.03950	0.00836	0.01169	0.01287	0.17637	0.01369	0.29665	0.02238	0.00235	0.00429	0.00604	0.00273	0.11450
18	0.01035	0.23464	0.25418	0.01022	0.06433	0.03277	0.03293	0.01375	0.07643	0.08929	0.01152	0.08631	0.03478	0.00589	0.02357	0.00139	0.00497	0.00427	0.00266	0.00577

[dist]
# distance from previous block
# <min> <max>
0	66

# created by:
# /st0/software/busco_prod/Augustus/scripts/msa2prfl.pl ./align_prep/1526152.fa
