[name]
unknown

[dist]
# distance from previous block
# <min> <max>
16	94

[block]
# block no. 0 follows, 63 sequences, length 27
# corresponding to MSA columns:
# 149-152,155-177
name=unknown_A
#
# <colnr> <probs for GDERKNQSTAVLIFYWHMCP>
#	G	D	E	R	K	N	Q	S	T	A	V	L	I	F	Y	W	H	M	C	P
0	0.01212	0.51904	0.01825	0.08827	0.01318	0.05956	0.03902	0.05741	0.00978	0.10163	0.00763	0.00850	0.00614	0.00393	0.00326	0.00103	0.00473	0.00284	0.00237	0.04131
1	0.01005	0.12702	0.08720	0.01058	0.01353	0.04954	0.22803	0.03529	0.04097	0.08258	0.01137	0.06997	0.01013	0.05480	0.10312	0.00213	0.00599	0.04977	0.00271	0.00520
2	0.68615	0.04903	0.06781	0.00632	0.00934	0.00976	0.00567	0.05172	0.00805	0.01812	0.00628	0.00724	0.00487	0.00391	0.00282	0.00124	0.00359	0.00242	0.00258	0.05309
3	0.05040	0.00766	0.00892	0.00664	0.01003	0.00646	0.00534	0.01177	0.04857	0.05897	0.00827	0.00931	0.00666	0.00363	0.00380	0.00080	0.04957	0.00275	0.00270	0.69775
4	0.00913	0.05435	0.00946	0.00639	0.00991	0.00655	0.00515	0.05468	0.00919	0.01392	0.00781	0.00961	0.00668	0.04506	0.00405	0.00084	0.00332	0.00273	0.00255	0.73861
5	0.01180	0.16950	0.34259	0.01015	0.05195	0.01015	0.01046	0.06978	0.02466	0.19715	0.05465	0.01122	0.00869	0.00454	0.00389	0.00124	0.00485	0.00355	0.00293	0.00624
6	0.00976	0.05816	0.17290	0.06580	0.04706	0.04817	0.11802	0.08342	0.09698	0.02903	0.03523	0.01370	0.05731	0.01989	0.05422	0.05003	0.02800	0.00427	0.00266	0.00538
7	0.00585	0.00425	0.00545	0.00522	0.00615	0.00392	0.00385	0.00762	0.01126	0.01576	0.69330	0.07694	0.08439	0.05051	0.00579	0.00148	0.00212	0.00784	0.00444	0.00384
8	0.00654	0.00527	0.00645	0.00650	0.02749	0.00522	0.01767	0.00984	0.15824	0.01389	0.24833	0.20960	0.21561	0.02532	0.02320	0.00162	0.00276	0.00810	0.00404	0.00430
9	0.00870	0.01619	0.53194	0.00984	0.01474	0.00818	0.01161	0.02967	0.00913	0.03892	0.00955	0.06118	0.01631	0.00458	0.00388	0.00120	0.00502	0.00369	0.05049	0.16520
10	0.00629	0.00433	0.00557	0.00593	0.00677	0.00405	0.00449	0.00760	0.00948	0.04513	0.19290	0.27595	0.14169	0.07390	0.00648	0.00180	0.00281	0.19709	0.00400	0.00374
11	0.75787	0.00826	0.00686	0.00594	0.00864	0.00937	0.00489	0.06027	0.00831	0.08777	0.00701	0.00765	0.00520	0.00408	0.00283	0.00130	0.00336	0.00253	0.00292	0.00493
12	0.01148	0.01091	0.09880	0.01024	0.05749	0.04073	0.00846	0.30241	0.09784	0.02765	0.03082	0.01212	0.00875	0.01002	0.15463	0.00233	0.10227	0.00399	0.00316	0.00590
13	0.00604	0.00415	0.00501	0.00503	0.00523	0.00426	0.00313	0.00641	0.00653	0.00884	0.03721	0.05000	0.03262	0.63677	0.16763	0.00436	0.00523	0.00609	0.00262	0.00285
14	0.02376	0.06369	0.02299	0.00711	0.00854	0.01510	0.02236	0.03053	0.10010	0.01415	0.22386	0.19540	0.02461	0.00926	0.00495	0.00155	0.00324	0.22054	0.00387	0.00440
15	0.00871	0.00833	0.01185	0.01026	0.01041	0.01135	0.02130	0.00956	0.00647	0.00994	0.00642	0.01056	0.00635	0.02673	0.10015	0.05145	0.68011	0.00383	0.00190	0.00433
16	0.01315	0.03574	0.01026	0.00749	0.01087	0.00733	0.02641	0.05935	0.11449	0.31220	0.01215	0.01173	0.00863	0.00434	0.00376	0.00104	0.00354	0.00354	0.00377	0.35023
17	0.00775	0.00433	0.00463	0.00446	0.00554	0.00434	0.00337	0.03321	0.02730	0.01627	0.17575	0.01866	0.01649	0.00566	0.00341	0.00107	0.00207	0.00467	0.65693	0.00408
18	0.00922	0.01791	0.54214	0.01374	0.01922	0.00995	0.27682	0.01357	0.00931	0.03657	0.00812	0.00984	0.00582	0.00388	0.00432	0.00136	0.00643	0.00375	0.00199	0.00606
19	0.36156	0.32107	0.10592	0.00745	0.01082	0.07574	0.00718	0.04602	0.00875	0.01460	0.00627	0.00722	0.00512	0.00388	0.00295	0.00114	0.00443	0.00246	0.00225	0.00518
20	0.01046	0.49831	0.32234	0.00911	0.01367	0.01388	0.01034	0.05696	0.00928	0.01208	0.00671	0.00772	0.00547	0.00382	0.00326	0.00108	0.00514	0.00265	0.00192	0.00580
21	0.00673	0.00436	0.00569	0.00620	0.00709	0.00404	0.00470	0.00791	0.00910	0.08371	0.03577	0.43636	0.15316	0.01162	0.00531	0.00168	0.00284	0.20582	0.00402	0.00389
22	0.00581	0.00422	0.00543	0.00526	0.00617	0.00389	0.00386	0.00754	0.01116	0.01559	0.66607	0.11743	0.08273	0.03932	0.00559	0.00147	0.00211	0.00808	0.00444	0.00383
23	0.00833	0.00452	0.00500	0.00485	0.00599	0.00459	0.00365	0.01082	0.06614	0.06581	0.03638	0.06795	0.01279	0.02250	0.06479	0.00156	0.00291	0.00468	0.60249	0.00425
24	0.01066	0.01124	0.09265	0.08977	0.51487	0.03120	0.05470	0.06911	0.02502	0.03060	0.00828	0.01043	0.00660	0.00404	0.00439	0.00129	0.02275	0.00375	0.00229	0.00635
25	0.03532	0.00756	0.00827	0.02372	0.00941	0.04549	0.00560	0.22542	0.01281	0.16332	0.14397	0.10681	0.01573	0.00642	0.00415	0.00127	0.00338	0.00530	0.17065	0.00539
26	0.00963	0.09540	0.06580	0.00796	0.02374	0.00940	0.00666	0.07821	0.38361	0.03243	0.03007	0.03615	0.19040	0.00655	0.00427	0.00135	0.00348	0.00537	0.00374	0.00576

[dist]
# distance from previous block
# <min> <max>
2	4

[block]
# block no. 1 follows, 63 sequences, length 39
# corresponding to MSA columns:
# 182-220
name=unknown_B
#
# <colnr> <probs for GDERKNQSTAVLIFYWHMCP>
#	G	D	E	R	K	N	Q	S	T	A	V	L	I	F	Y	W	H	M	C	P
0	0.01061	0.13960	0.03573	0.04261	0.56491	0.05592	0.04217	0.01291	0.00944	0.01277	0.00766	0.01962	0.00656	0.00393	0.00411	0.00121	0.01840	0.00359	0.00205	0.00620
1	0.00555	0.00428	0.00507	0.00487	0.00604	0.00380	0.00365	0.00717	0.01096	0.01464	0.50839	0.03506	0.35648	0.00942	0.00496	0.00136	0.00204	0.00812	0.00434	0.00380
2	0.00872	0.00747	0.00872	0.00623	0.00996	0.00560	0.00498	0.01058	0.00872	0.01370	0.00747	0.00872	0.00623	0.00311	0.00311	0.00062	0.00311	0.00249	0.00249	0.87796
3	0.00639	0.00503	0.00752	0.00717	0.00787	0.00589	0.02855	0.00773	0.00675	0.00971	0.01094	0.01706	0.01054	0.12521	0.64877	0.00589	0.07836	0.00464	0.00225	0.00374
4	0.00611	0.00408	0.00458	0.00458	0.00458	0.00408	0.00255	0.00611	0.00611	0.00815	0.01325	0.02751	0.01528	0.85226	0.02140	0.00408	0.00408	0.00611	0.00255	0.00255
5	0.01571	0.01982	0.01193	0.01080	0.01300	0.81418	0.00812	0.03729	0.01212	0.01071	0.00659	0.00765	0.00546	0.00435	0.00380	0.00109	0.00750	0.00274	0.00222	0.00493
6	0.01886	0.00715	0.00976	0.00748	0.01073	0.00618	0.00618	0.02049	0.01203	0.82895	0.01658	0.01431	0.01041	0.00520	0.00423	0.00130	0.00358	0.00423	0.00520	0.00715
7	0.00894	0.00765	0.00972	0.00698	0.01066	0.00592	0.05890	0.01087	0.00880	0.02952	0.00785	0.00942	0.00652	0.02220	0.00367	0.00077	0.00341	0.00277	0.00252	0.78290
8	0.00516	0.00428	0.00452	0.00450	0.00585	0.00364	0.00341	0.00638	0.00991	0.01216	0.15182	0.03938	0.69090	0.01039	0.00499	0.00142	0.00216	0.03150	0.00400	0.00362
9	0.00604	0.00436	0.00602	0.00602	0.00652	0.00486	0.00434	0.00704	0.00654	0.00922	0.01193	0.02023	0.01212	0.30902	0.56032	0.00585	0.00883	0.00505	0.00235	0.00335
10	0.00540	0.00389	0.00505	0.00590	0.00623	0.00371	0.00399	0.00645	0.03059	0.01083	0.02257	0.72752	0.03776	0.06933	0.00643	0.00186	0.00263	0.04256	0.00382	0.00347
11	0.02227	0.03741	0.62930	0.01323	0.05820	0.00999	0.13095	0.01340	0.00908	0.02650	0.00778	0.00932	0.00562	0.00393	0.00410	0.00133	0.00616	0.00340	0.00191	0.00613
12	0.05016	0.01930	0.01171	0.01058	0.01280	0.77634	0.00798	0.04195	0.01197	0.01115	0.00659	0.00763	0.00544	0.00434	0.00376	0.00110	0.00731	0.00272	0.00225	0.00493
13	0.01020	0.01028	0.04906	0.02465	0.76648	0.00981	0.01280	0.01278	0.00955	0.01368	0.00837	0.01159	0.00719	0.00402	0.00421	0.00127	0.00500	0.03037	0.00213	0.00655
14	0.01062	0.01409	0.29821	0.01184	0.04769	0.01039	0.12431	0.11325	0.26636	0.04302	0.01132	0.01176	0.00829	0.00463	0.00426	0.00136	0.00510	0.00403	0.00303	0.00644
15	0.01056	0.01083	0.02201	0.01603	0.03226	0.01021	0.65297	0.05822	0.02354	0.05023	0.01934	0.01157	0.00712	0.00378	0.00477	0.00136	0.00643	0.00475	0.00246	0.05156
16	0.00512	0.00426	0.00447	0.00442	0.00577	0.00361	0.00331	0.00633	0.00994	0.01221	0.16387	0.03905	0.70252	0.01033	0.00497	0.00140	0.00211	0.00867	0.00402	0.00361
17	0.88196	0.00813	0.00618	0.00553	0.00813	0.00943	0.00455	0.01236	0.00715	0.01886	0.00585	0.00683	0.00455	0.00390	0.00260	0.00130	0.00325	0.00228	0.00260	0.00455
18	0.01028	0.00986	0.01684	0.06712	0.78570	0.00996	0.01284	0.01279	0.00951	0.01358	0.00789	0.01044	0.00661	0.00377	0.00416	0.00126	0.00502	0.00375	0.00207	0.00656
19	0.00561	0.00428	0.00515	0.00493	0.00607	0.00382	0.00370	0.00727	0.01110	0.01495	0.55307	0.03454	0.31160	0.00931	0.00496	0.00136	0.00203	0.00804	0.00438	0.00382
20	0.01107	0.80595	0.06943	0.00747	0.01122	0.01623	0.00768	0.01263	0.00856	0.01009	0.00594	0.00687	0.00539	0.00362	0.00277	0.00092	0.00460	0.00230	0.00180	0.00544
21	0.00858	0.06536	0.78816	0.01173	0.01781	0.01012	0.01510	0.01327	0.00886	0.01313	0.00745	0.00876	0.00533	0.00397	0.00393	0.00131	0.00612	0.00306	0.00178	0.00617
22	0.00512	0.00426	0.00447	0.00442	0.00577	0.00361	0.00331	0.00633	0.00994	0.01221	0.16324	0.03906	0.70315	0.01033	0.00497	0.00140	0.00211	0.00868	0.00402	0.00361
23	0.00577	0.00393	0.00469	0.00502	0.00511	0.00385	0.00301	0.00602	0.00678	0.00904	0.01667	0.31129	0.01961	0.56258	0.01586	0.00326	0.00351	0.00813	0.00301	0.00285
24	0.81661	0.00806	0.00645	0.00568	0.00833	0.00918	0.00468	0.01297	0.00752	0.08020	0.00667	0.00740	0.00500	0.00400	0.00272	0.00130	0.00328	0.00242	0.00280	0.00475
25	0.04977	0.01023	0.01285	0.00964	0.01309	0.11450	0.18229	0.04718	0.02370	0.01396	0.00772	0.00925	0.00621	0.00366	0.00397	0.00096	0.02963	0.00318	0.00246	0.45575
26	0.00544	0.00421	0.00490	0.00521	0.00615	0.00375	0.00377	0.00644	0.00883	0.01122	0.05504	0.29365	0.37293	0.08925	0.00664	0.00178	0.00260	0.08357	0.00375	0.03088
27	0.03946	0.01318	0.01225	0.19276	0.12688	0.35776	0.02545	0.04043	0.04440	0.03086	0.06959	0.01118	0.00869	0.00462	0.00405	0.00123	0.00587	0.00363	0.00251	0.00521
28	0.02076	0.34616	0.24911	0.01065	0.02645	0.02572	0.16056	0.02539	0.00921	0.01208	0.00972	0.01089	0.06760	0.00427	0.00372	0.00118	0.00533	0.00356	0.00207	0.00557
29	0.00814	0.00649	0.00721	0.03313	0.00832	0.06166	0.00501	0.07827	0.07117	0.02830	0.24444	0.03522	0.01959	0.20148	0.17017	0.00299	0.00512	0.00568	0.00338	0.00421
30	0.06581	0.00530	0.00668	0.00637	0.00748	0.00568	0.00483	0.05696	0.00786	0.01168	0.01215	0.06508	0.01210	0.17292	0.41695	0.00449	0.00739	0.04431	0.01599	0.06998
31	0.00618	0.00410	0.00470	0.00466	0.00493	0.00403	0.00284	0.00668	0.00735	0.01023	0.14510	0.03957	0.03445	0.62331	0.01679	0.00331	0.00352	0.00633	0.06903	0.00291
32	0.01354	0.01051	0.01126	0.00903	0.01208	0.01159	0.00730	0.48090	0.29245	0.02247	0.01230	0.01190	0.00903	0.00512	0.00415	0.00127	0.00407	0.00402	0.00410	0.07291
33	0.00548	0.00423	0.00499	0.00490	0.00601	0.00375	0.00364	0.00698	0.01064	0.01409	0.43619	0.09714	0.36722	0.00980	0.00499	0.00139	0.00208	0.00846	0.00427	0.00375
34	0.01078	0.01005	0.01641	0.03857	0.72474	0.01022	0.01231	0.07367	0.03569	0.01477	0.00835	0.01056	0.00687	0.00391	0.00417	0.00126	0.00492	0.00378	0.00231	0.00666
35	0.00647	0.00474	0.00599	0.00609	0.00731	0.00421	0.00458	0.00782	0.00870	0.01236	0.04765	0.41809	0.02144	0.00983	0.00474	0.00144	0.00279	0.15449	0.08047	0.19078
36	0.06730	0.02374	0.02296	0.08780	0.01444	0.04360	0.10120	0.40222	0.03793	0.01993	0.03714	0.01417	0.00941	0.00535	0.00428	0.00134	0.00480	0.07204	0.02439	0.00597
37	0.00991	0.26781	0.39596	0.01139	0.07652	0.01184	0.04668	0.05213	0.02543	0.01308	0.00742	0.00865	0.00577	0.00388	0.00363	0.00116	0.00536	0.00302	0.00202	0.04834
38	0.44706	0.10885	0.00984	0.00751	0.00999	0.25022	0.00613	0.02860	0.00913	0.01500	0.00736	0.01017	0.00644	0.00460	0.00323	0.00124	0.00473	0.06266	0.00251	0.00474

[dist]
# distance from previous block
# <min> <max>
0	13

[block]
# block no. 2 follows, 63 sequences, length 40
# corresponding to MSA columns:
# 234-273
name=unknown_C
#
# <colnr> <probs for GDERKNQSTAVLIFYWHMCP>
#	G	D	E	R	K	N	Q	S	T	A	V	L	I	F	Y	W	H	M	C	P
0	0.00574	0.00436	0.00539	0.00575	0.00678	0.00401	0.00454	0.00721	0.00988	0.01278	0.19476	0.15258	0.30932	0.01087	0.00528	0.00160	0.00267	0.24875	0.00404	0.00371
1	0.02332	0.00769	0.01164	0.02101	0.29618	0.03481	0.08904	0.01949	0.01013	0.01375	0.18383	0.04893	0.19428	0.00708	0.01917	0.00143	0.00404	0.00601	0.00311	0.00505
2	0.01571	0.00680	0.00902	0.00714	0.01005	0.00586	0.00575	0.03155	0.01127	0.60382	0.02617	0.11813	0.01238	0.00599	0.00424	0.00127	0.00338	0.00502	0.00469	0.11177
3	0.17992	0.03813	0.06913	0.01006	0.07952	0.04490	0.00790	0.25188	0.23264	0.01921	0.01049	0.01071	0.00788	0.00477	0.00395	0.00131	0.01438	0.00361	0.00338	0.00623
4	0.04369	0.01257	0.01225	0.00963	0.01282	0.11550	0.00785	0.66705	0.01818	0.04455	0.00967	0.00978	0.00693	0.00492	0.00410	0.00124	0.00492	0.00361	0.00392	0.00678
5	0.00608	0.00418	0.00508	0.00507	0.00527	0.00431	0.00318	0.00650	0.00655	0.00895	0.05624	0.02547	0.01561	0.63909	0.18718	0.00448	0.00543	0.00586	0.00260	0.00287
6	0.01069	0.00984	0.03447	0.06196	0.40229	0.02765	0.08722	0.12912	0.03913	0.01576	0.02610	0.01167	0.00800	0.00427	0.00410	0.00125	0.00476	0.00397	0.11165	0.00608
7	0.01005	0.01018	0.12381	0.01305	0.22204	0.00808	0.05161	0.09613	0.01036	0.06345	0.02512	0.11526	0.00987	0.00510	0.00410	0.00118	0.00432	0.00454	0.00283	0.21893
8	0.30851	0.13109	0.07747	0.00855	0.04793	0.08895	0.00718	0.14383	0.01044	0.05087	0.00882	0.06596	0.00758	0.00494	0.00350	0.00126	0.00436	0.02056	0.00284	0.00538
9	0.01083	0.36861	0.02230	0.01242	0.01626	0.01314	0.39636	0.03310	0.04845	0.02837	0.00799	0.00963	0.00637	0.00374	0.00394	0.00119	0.00568	0.00376	0.00220	0.00567
10	0.11903	0.00958	0.01572	0.08689	0.59751	0.00984	0.06393	0.01264	0.00920	0.01411	0.00785	0.01057	0.00653	0.00389	0.00404	0.00129	0.00495	0.01415	0.00216	0.00614
11	0.00578	0.00403	0.00487	0.00504	0.00539	0.00386	0.00323	0.00645	0.00805	0.01088	0.19804	0.23135	0.06263	0.41698	0.01299	0.00275	0.00311	0.00802	0.00341	0.00313
12	0.00604	0.00437	0.00609	0.00609	0.00661	0.00489	0.00443	0.00708	0.00656	0.00927	0.01187	0.01988	0.01197	0.28241	0.58672	0.00594	0.00906	0.00500	0.00234	0.00338
13	0.00561	0.00514	0.00685	0.00596	0.00773	0.00444	0.10412	0.00700	0.00967	0.01172	0.05297	0.03665	0.70743	0.00972	0.00497	0.00142	0.00275	0.00836	0.00370	0.00382
14	0.17194	0.42184	0.01567	0.00769	0.01085	0.13327	0.00684	0.09430	0.01021	0.08285	0.00728	0.00786	0.00585	0.00404	0.00312	0.00107	0.00465	0.00264	0.00253	0.00549
15	0.14251	0.00862	0.00950	0.00715	0.01060	0.01863	0.02595	0.15163	0.03089	0.02975	0.00809	0.00899	0.00636	0.00370	0.00333	0.00089	0.00357	0.00283	0.00288	0.52412
16	0.08526	0.18644	0.11725	0.01715	0.01171	0.10487	0.00816	0.02934	0.00950	0.16341	0.00988	0.01301	0.00820	0.00626	0.03379	0.00151	0.10995	0.07609	0.00279	0.00543
17	0.01100	0.01011	0.01632	0.05827	0.69079	0.01034	0.01224	0.11266	0.01080	0.01520	0.00816	0.01040	0.00668	0.00393	0.00417	0.00126	0.00497	0.00375	0.00234	0.00664
18	0.00575	0.00464	0.00740	0.00737	0.00813	0.00434	0.10478	0.00686	0.00831	0.01111	0.02132	0.72922	0.02506	0.01194	0.00532	0.00168	0.00305	0.02633	0.00368	0.00371
19	0.00578	0.00445	0.00640	0.00835	0.10855	0.00424	0.00503	0.00673	0.00824	0.01111	0.02126	0.74467	0.02516	0.01199	0.00522	0.00165	0.00276	0.01093	0.00367	0.00382
20	0.00903	0.11334	0.01038	0.00635	0.01007	0.00698	0.00526	0.01084	0.00870	0.01322	0.00727	0.00847	0.00612	0.00317	0.00306	0.00066	0.00329	0.00246	0.00240	0.76893
21	0.00589	0.00396	0.00511	0.00575	0.00634	0.00362	0.00398	0.00676	0.00859	0.05481	0.04490	0.66170	0.13403	0.01227	0.00525	0.00164	0.00247	0.02529	0.00399	0.00365
22	0.02481	0.07160	0.26791	0.11563	0.02772	0.01002	0.17506	0.08469	0.01051	0.15767	0.00941	0.01058	0.00664	0.00420	0.00417	0.00131	0.00553	0.00376	0.00269	0.00608
23	0.00839	0.00787	0.01324	0.61373	0.20702	0.00920	0.01154	0.01108	0.00886	0.01174	0.05128	0.01211	0.00766	0.00434	0.00423	0.00136	0.00527	0.00395	0.00206	0.00508
24	0.00634	0.00452	0.00569	0.10934	0.00777	0.00479	0.00382	0.00676	0.00643	0.00855	0.01243	0.02495	0.01385	0.70724	0.05800	0.00387	0.00461	0.00574	0.00245	0.00287
25	0.04899	0.00473	0.00592	0.00625	0.00716	0.00460	0.00444	0.00930	0.07266	0.11390	0.02104	0.63904	0.02334	0.01114	0.00501	0.00161	0.00269	0.00996	0.00403	0.00419
26	0.02863	0.00841	0.01172	0.00915	0.05557	0.00703	0.12687	0.04933	0.00944	0.01439	0.00774	0.00923	0.00628	0.00332	0.00349	0.00082	0.00389	0.00299	0.00250	0.63922
27	0.03825	0.01032	0.01755	0.09859	0.35114	0.05453	0.25972	0.03058	0.00983	0.03437	0.00891	0.05054	0.00745	0.00428	0.00440	0.00133	0.00562	0.00442	0.00231	0.00586
28	0.09337	0.00784	0.02923	0.00651	0.00957	0.03258	0.00530	0.04197	0.00962	0.05390	0.11073	0.06012	0.01167	0.00469	0.00356	0.00093	0.00325	0.00381	0.00302	0.50835
29	0.06543	0.11448	0.01431	0.01375	0.27229	0.00932	0.07682	0.02640	0.02996	0.04811	0.00825	0.00993	0.00673	0.00500	0.04324	0.00132	0.00468	0.00331	0.00243	0.24423
30	0.41396	0.00758	0.00811	0.02825	0.00968	0.02547	0.06218	0.02997	0.03466	0.03119	0.11368	0.11638	0.01271	0.00569	0.00365	0.00130	0.00344	0.00457	0.00309	0.08444
31	0.13009	0.00915	0.10375	0.04535	0.05275	0.00779	0.06112	0.07205	0.02693	0.11263	0.14031	0.03996	0.01283	0.00647	0.04372	0.00151	0.01420	0.00439	0.00321	0.11180
32	0.17335	0.00818	0.00965	0.09199	0.14570	0.05206	0.01522	0.05756	0.02866	0.03529	0.06248	0.01430	0.01862	0.15073	0.00677	0.00169	0.00416	0.00402	0.00274	0.11683
33	0.31814	0.00851	0.01139	0.09971	0.13554	0.00884	0.09144	0.03015	0.02319	0.14561	0.00917	0.01026	0.01614	0.00416	0.00364	0.00127	0.00422	0.00341	0.00288	0.07232
34	0.22368	0.00892	0.01069	0.05085	0.16862	0.04784	0.02195	0.07698	0.02705	0.16915	0.05567	0.01129	0.00873	0.00446	0.00373	0.00122	0.00406	0.00356	0.00319	0.09836
35	0.22867	0.00757	0.00952	0.11396	0.11109	0.00781	0.02446	0.05988	0.00976	0.05602	0.15995	0.01402	0.01257	0.03283	0.00436	0.00130	0.00371	0.00404	0.00302	0.13546
36	0.23730	0.00798	0.02811	0.12437	0.12090	0.00804	0.04103	0.05313	0.00959	0.03990	0.12707	0.01456	0.06067	0.01498	0.00405	0.00128	0.00386	0.00418	0.00291	0.09609
37	0.21096	0.04764	0.01986	0.14151	0.14520	0.00794	0.00730	0.01145	0.00895	0.08784	0.08267	0.12570	0.02902	0.00579	0.00394	0.00131	0.00378	0.00486	0.00296	0.05130
38	0.35639	0.00786	0.00900	0.12368	0.14778	0.02141	0.00686	0.01145	0.03356	0.01511	0.03235	0.01366	0.10897	0.01975	0.00388	0.00131	0.00377	0.00385	0.00266	0.07668
39	0.31109	0.00945	0.11198	0.18506	0.08153	0.00871	0.00847	0.01315	0.03166	0.11876	0.02524	0.02347	0.00796	0.00477	0.00373	0.00136	0.00430	0.04122	0.00280	0.00529

[dist]
# distance from previous block
# <min> <max>
14	148

# created by:
# /st0/software/busco_prod/Augustus/scripts/msa2prfl.pl ./align_prep/1530008.fa
