[name]
unknown

[dist]
# distance from previous block
# <min> <max>
2	205

[block]
# block no. 0 follows, 66 sequences, length 24
# corresponding to MSA columns:
# 270-293
name=unknown_A
#
# <colnr> <probs for GDERKNQSTAVLIFYWHMCP>
#	G	D	E	R	K	N	Q	S	T	A	V	L	I	F	Y	W	H	M	C	P
0	0.06507	0.11695	0.14059	0.02317	0.16082	0.04910	0.03733	0.07807	0.06551	0.08472	0.05011	0.02986	0.05037	0.00480	0.00382	0.00121	0.00438	0.00395	0.02456	0.00561
1	0.07407	0.11004	0.12978	0.03380	0.10687	0.02449	0.00805	0.11022	0.06521	0.11969	0.11419	0.02454	0.01122	0.00485	0.00380	0.00119	0.00404	0.00392	0.01695	0.03307
2	0.07680	0.05178	0.12897	0.06228	0.09278	0.09157	0.03962	0.06652	0.12195	0.01430	0.07743	0.01274	0.04768	0.00475	0.00393	0.00119	0.01360	0.00385	0.00273	0.08551
3	0.04665	0.05402	0.30350	0.05808	0.15128	0.00906	0.04099	0.05967	0.04772	0.03675	0.06174	0.01281	0.03787	0.00463	0.00395	0.00125	0.00474	0.02509	0.00248	0.03772
4	0.03413	0.13460	0.15918	0.08376	0.09147	0.00880	0.05714	0.03727	0.02219	0.09945	0.08121	0.06537	0.04722	0.00512	0.00391	0.00121	0.00427	0.00435	0.00275	0.05659
5	0.02993	0.12154	0.15302	0.02022	0.06085	0.04371	0.00841	0.23484	0.10136	0.06645	0.07944	0.02742	0.01003	0.00486	0.00386	0.00120	0.00435	0.00384	0.00316	0.02149
6	0.07284	0.06920	0.09874	0.00780	0.03026	0.00711	0.03034	0.02651	0.00773	0.04980	0.02514	0.02704	0.03086	0.02989	0.41759	0.02012	0.02338	0.00409	0.00238	0.01918
7	0.03565	0.11970	0.28131	0.02865	0.08246	0.02516	0.05857	0.03678	0.04808	0.07336	0.06131	0.03748	0.02353	0.00466	0.00405	0.00122	0.02372	0.00383	0.00253	0.04794
8	0.00856	0.06609	0.34133	0.09700	0.13888	0.02198	0.02303	0.02379	0.02147	0.03352	0.03663	0.02948	0.09766	0.00509	0.00423	0.00129	0.02246	0.01978	0.00232	0.00540
9	0.03291	0.00714	0.01025	0.04559	0.18733	0.02244	0.06245	0.01080	0.06468	0.04701	0.04249	0.21299	0.04350	0.00710	0.02935	0.00140	0.00388	0.00573	0.00294	0.16003
10	0.00726	0.02929	0.03601	0.00653	0.03470	0.00492	0.00499	0.03258	0.00974	0.07228	0.21814	0.24759	0.11023	0.00874	0.00459	0.00137	0.00274	0.07560	0.05230	0.04042
11	0.17881	0.05009	0.10413	0.05280	0.08408	0.04970	0.05038	0.04303	0.07594	0.06187	0.04827	0.07565	0.03777	0.01514	0.00427	0.00131	0.02922	0.00425	0.00280	0.03052
12	0.01215	0.07073	0.01004	0.05108	0.01057	0.08849	0.02962	0.04025	0.02204	0.29847	0.03572	0.09051	0.01153	0.07225	0.05561	0.00180	0.05001	0.02289	0.02106	0.00518
13	0.00596	0.00430	0.00576	0.00588	0.00673	0.00408	0.02928	0.00765	0.03657	0.02490	0.23886	0.38128	0.08897	0.01004	0.00486	0.00147	0.00248	0.07457	0.06262	0.00374
14	0.02990	0.01061	0.00969	0.00823	0.01042	0.22190	0.02129	0.23772	0.02574	0.09785	0.21886	0.03781	0.01581	0.00594	0.00420	0.00123	0.00437	0.02949	0.00367	0.00528
15	0.00903	0.00709	0.02523	0.00617	0.00925	0.00562	0.00503	0.05201	0.02095	0.08624	0.10820	0.01417	0.07846	0.00456	0.00354	0.00086	0.00298	0.00375	0.00308	0.55379
16	0.00513	0.00404	0.00422	0.00425	0.00517	0.00357	0.00291	0.00584	0.00820	0.01001	0.03210	0.05688	0.56413	0.26484	0.00957	0.00215	0.00263	0.00784	0.00337	0.00313
17	0.01804	0.00716	0.00958	0.00734	0.01049	0.00635	0.00606	0.06609	0.01204	0.78799	0.01564	0.01357	0.00986	0.00501	0.00408	0.00125	0.00351	0.00406	0.00497	0.00690
18	0.01053	0.03612	0.01624	0.02829	0.29561	0.12795	0.22479	0.04569	0.00977	0.02808	0.02506	0.04142	0.00785	0.03463	0.00526	0.00136	0.04939	0.00419	0.00228	0.00548
19	0.00841	0.00721	0.00841	0.00601	0.00961	0.00541	0.00481	0.01022	0.00841	0.01322	0.00721	0.00841	0.00601	0.00300	0.00300	0.00060	0.00300	0.00240	0.00240	0.88222
20	0.00516	0.00372	0.00494	0.00581	0.00620	0.00349	0.00410	0.00607	0.00813	0.01078	0.04700	0.69774	0.05567	0.01230	0.00521	0.00165	0.00251	0.11238	0.00378	0.00337
21	0.01747	0.00691	0.00930	0.00720	0.01022	0.00608	0.00592	0.04748	0.01179	0.76589	0.03762	0.03295	0.01106	0.00528	0.00412	0.00126	0.00342	0.00432	0.00494	0.00674
22	0.19711	0.18112	0.05361	0.00846	0.01175	0.04607	0.06608	0.27501	0.02711	0.03040	0.00774	0.00844	0.00592	0.00407	0.00340	0.00113	0.00439	0.00300	0.00283	0.06236
23	0.00968	0.19107	0.06696	0.24793	0.35876	0.01071	0.01091	0.01205	0.00874	0.03600	0.00732	0.00952	0.00591	0.00376	0.00372	0.00118	0.00491	0.00328	0.00196	0.00562

[dist]
# distance from previous block
# <min> <max>
0	1

[block]
# block no. 1 follows, 66 sequences, length 16
# corresponding to MSA columns:
# 295-310
name=unknown_B
#
# <colnr> <probs for GDERKNQSTAVLIFYWHMCP>
#	G	D	E	R	K	N	Q	S	T	A	V	L	I	F	Y	W	H	M	C	P
0	0.00988	0.00948	0.01618	0.07943	0.77881	0.00960	0.01237	0.01231	0.00916	0.01306	0.00760	0.01009	0.00636	0.00364	0.00402	0.00121	0.00486	0.00361	0.00199	0.00630
1	0.00620	0.00456	0.02433	0.00604	0.00680	0.00412	0.00442	0.02860	0.03451	0.05120	0.06530	0.63967	0.05063	0.01132	0.00502	0.00158	0.00260	0.04548	0.00384	0.00378
2	0.01207	0.00880	0.01022	0.00849	0.01093	0.06118	0.06484	0.11276	0.30019	0.17622	0.04111	0.01444	0.01103	0.00528	0.00435	0.00128	0.03065	0.02544	0.07876	0.02197
3	0.00980	0.00939	0.01603	0.10812	0.75078	0.00958	0.01233	0.01224	0.00912	0.01296	0.00759	0.01012	0.00632	0.00366	0.00402	0.00122	0.00488	0.00361	0.00199	0.00623
4	0.00927	0.00885	0.01507	0.29190	0.57114	0.00944	0.01207	0.01177	0.00887	0.01232	0.00750	0.01029	0.00610	0.00376	0.00403	0.00125	0.00501	0.00361	0.00194	0.00580
5	0.00604	0.00453	0.00530	0.00539	0.00645	0.00432	0.00396	0.00839	0.10148	0.03059	0.19681	0.28135	0.27003	0.00982	0.00478	0.00143	0.00231	0.02579	0.02734	0.00390
6	0.00572	0.00428	0.00596	0.00623	0.00667	0.00470	0.00458	0.00674	0.00697	0.00968	0.01509	0.29211	0.01657	0.12818	0.38088	0.00413	0.04989	0.04542	0.00278	0.00341
7	0.00993	0.00953	0.01627	0.06336	0.79452	0.00961	0.01240	0.01235	0.00919	0.01312	0.00761	0.01008	0.00638	0.00364	0.00402	0.00121	0.00485	0.00361	0.00200	0.00634
8	0.00782	0.00547	0.00631	0.00619	0.00738	0.00570	0.00457	0.08425	0.17259	0.04046	0.06171	0.38669	0.03425	0.00872	0.00442	0.00140	0.00265	0.00764	0.14729	0.00447
9	0.00627	0.00441	0.00521	0.00494	0.00622	0.00394	0.00373	0.00798	0.03159	0.06980	0.38040	0.07637	0.36602	0.00906	0.00474	0.00134	0.00214	0.00778	0.00417	0.00391
10	0.00951	0.04095	0.03427	0.19840	0.59033	0.00976	0.03424	0.01202	0.00896	0.01249	0.00748	0.01007	0.00613	0.00370	0.00399	0.00123	0.00501	0.00358	0.00195	0.00594
11	0.00980	0.00939	0.01603	0.10813	0.75077	0.00958	0.01233	0.01224	0.00912	0.01296	0.00759	0.01012	0.00632	0.00366	0.00402	0.00122	0.00488	0.00361	0.00199	0.00623
12	0.08569	0.00723	0.00922	0.00719	0.01020	0.00665	0.00591	0.08148	0.01171	0.68226	0.01489	0.03840	0.00986	0.00514	0.00399	0.00126	0.00347	0.00412	0.00471	0.00660
13	0.01466	0.00843	0.01044	0.03959	0.03233	0.00857	0.01869	0.31331	0.03998	0.34450	0.08191	0.01466	0.02197	0.00539	0.00419	0.00127	0.00384	0.02560	0.00430	0.00638
14	0.06052	0.01044	0.09768	0.04103	0.58046	0.02289	0.01134	0.02368	0.00930	0.02620	0.04543	0.01060	0.00765	0.00390	0.00391	0.00120	0.00468	0.00359	0.00220	0.03329
15	0.03571	0.03095	0.02950	0.01195	0.10442	0.11355	0.17444	0.05228	0.00981	0.12930	0.05862	0.03873	0.00941	0.03669	0.00614	0.00142	0.13174	0.00426	0.01580	0.00527

[dist]
# distance from previous block
# <min> <max>
0	2

[block]
# block no. 2 follows, 66 sequences, length 18
# corresponding to MSA columns:
# 313-330
name=unknown_C
#
# <colnr> <probs for GDERKNQSTAVLIFYWHMCP>
#	G	D	E	R	K	N	Q	S	T	A	V	L	I	F	Y	W	H	M	C	P
0	0.09539	0.01099	0.06839	0.04228	0.46892	0.08103	0.05604	0.02598	0.05942	0.01363	0.00782	0.00972	0.00634	0.00395	0.00419	0.00124	0.03309	0.00347	0.00220	0.00589
1	0.05041	0.00826	0.01139	0.02008	0.07273	0.06692	0.14457	0.05801	0.07048	0.05274	0.01017	0.01328	0.00853	0.05604	0.18772	0.00257	0.07022	0.01216	0.07887	0.00484
2	0.00551	0.00423	0.00509	0.00539	0.00622	0.00401	0.00384	0.00745	0.07756	0.01229	0.19500	0.41762	0.21952	0.01060	0.00492	0.00148	0.00226	0.00937	0.00394	0.00370
3	0.00801	0.06369	0.01243	0.43295	0.19771	0.00879	0.00983	0.01011	0.00823	0.01087	0.01009	0.11025	0.03731	0.00547	0.00472	0.01778	0.04027	0.00461	0.00214	0.00474
4	0.00927	0.00991	0.03061	0.45551	0.05083	0.16131	0.05507	0.01202	0.04715	0.01136	0.06209	0.01160	0.00804	0.00450	0.00441	0.00130	0.03838	0.00377	0.01816	0.00473
5	0.88607	0.00785	0.00596	0.00534	0.00785	0.00910	0.00439	0.01193	0.00690	0.01820	0.00565	0.00659	0.00439	0.00377	0.00251	0.00126	0.00314	0.00220	0.00251	0.00439
6	0.00540	0.00402	0.00504	0.00516	0.00603	0.00366	0.00381	0.00684	0.01001	0.01351	0.42663	0.23122	0.19914	0.00993	0.00493	0.00142	0.00215	0.05338	0.00411	0.00361
7	0.00985	0.04891	0.01581	0.05466	0.71623	0.00959	0.01161	0.01219	0.00911	0.01307	0.00784	0.01019	0.00655	0.00369	0.00389	0.00118	0.00466	0.00356	0.05129	0.00615
8	0.00987	0.26756	0.42399	0.01000	0.01467	0.01094	0.07718	0.01305	0.00885	0.08713	0.00880	0.00965	0.03327	0.00403	0.00361	0.00117	0.00521	0.00318	0.00212	0.00572
9	0.00624	0.00423	0.00535	0.00501	0.00609	0.00387	0.00378	0.00805	0.01109	0.04760	0.67127	0.02968	0.11606	0.00816	0.00465	0.00127	0.00199	0.00713	0.05458	0.00390
10	0.00844	0.00918	0.05104	0.01238	0.01533	0.03553	0.46218	0.01119	0.00999	0.02623	0.22814	0.08372	0.01636	0.00553	0.00473	0.00135	0.00510	0.00585	0.00287	0.00488
11	0.01013	0.00923	0.01525	0.06396	0.69044	0.00936	0.01156	0.01306	0.06036	0.04535	0.00922	0.01117	0.02468	0.00395	0.00404	0.00123	0.00464	0.00380	0.00229	0.00628
12	0.05522	0.00756	0.02811	0.08349	0.02697	0.00740	0.03345	0.11806	0.02110	0.35437	0.01231	0.01456	0.00937	0.15901	0.00731	0.00176	0.03249	0.00420	0.01771	0.00555
13	0.00491	0.00387	0.00443	0.00481	0.00568	0.00339	0.00341	0.00585	0.00874	0.01098	0.07463	0.38251	0.45004	0.01120	0.00496	0.00148	0.00217	0.00975	0.00380	0.00339
14	0.00865	0.00951	0.06721	0.62039	0.11900	0.08522	0.01134	0.01131	0.00858	0.01083	0.00718	0.01026	0.00549	0.00400	0.00400	0.00130	0.00555	0.00348	0.00185	0.00485
15	0.00939	0.00892	0.01514	0.14742	0.66320	0.00918	0.01177	0.01174	0.00898	0.01265	0.00843	0.05930	0.00746	0.00421	0.00409	0.00125	0.00476	0.00407	0.00208	0.00596
16	0.59150	0.00920	0.00789	0.00774	0.07488	0.08928	0.00564	0.08148	0.00880	0.04468	0.00688	0.00781	0.00529	0.00397	0.00294	0.00121	0.00375	0.00260	0.03960	0.00486
17	0.00932	0.02719	0.46732	0.01109	0.05332	0.03823	0.05177	0.07316	0.03835	0.02237	0.00823	0.00939	0.01529	0.00398	0.00397	0.00118	0.02118	0.00319	0.00218	0.13931

[dist]
# distance from previous block
# <min> <max>
0	13

[block]
# block no. 3 follows, 66 sequences, length 25
# corresponding to MSA columns:
# 344-368
name=unknown_D
#
# <colnr> <probs for GDERKNQSTAVLIFYWHMCP>
#	G	D	E	R	K	N	Q	S	T	A	V	L	I	F	Y	W	H	M	C	P
0	0.00998	0.00922	0.01315	0.07757	0.44408	0.03877	0.00979	0.05881	0.15202	0.01429	0.02568	0.01227	0.02453	0.00436	0.00399	0.00121	0.00436	0.01461	0.01477	0.06653
1	0.85107	0.00781	0.00610	0.00541	0.00795	0.00897	0.00446	0.01224	0.00709	0.05115	0.00607	0.00688	0.00462	0.00382	0.00257	0.00126	0.00315	0.00227	0.00261	0.00450
2	0.00520	0.00391	0.00465	0.00494	0.00567	0.00355	0.00347	0.00617	0.00872	0.01133	0.16805	0.31432	0.29409	0.11608	0.00692	0.00178	0.00241	0.03168	0.00373	0.00334
3	0.00614	0.00422	0.00523	0.00509	0.00605	0.00402	0.00383	0.00827	0.03910	0.01534	0.54899	0.09130	0.05450	0.00810	0.00450	0.00128	0.00206	0.03659	0.15154	0.00386
4	0.00533	0.00409	0.00484	0.00472	0.00578	0.00364	0.00349	0.00677	0.01024	0.01362	0.45208	0.07802	0.34948	0.03347	0.00526	0.00141	0.00205	0.00801	0.00410	0.00360
5	0.00525	0.00385	0.00458	0.00504	0.00553	0.00358	0.00340	0.00591	0.00772	0.00994	0.02441	0.38252	0.22417	0.23984	0.00928	0.00221	0.00278	0.05345	0.00341	0.00313
6	0.01820	0.00690	0.00942	0.00722	0.01036	0.00596	0.00596	0.01977	0.01161	0.83492	0.01601	0.01381	0.01004	0.00502	0.00408	0.00126	0.00345	0.00408	0.00502	0.00690
7	0.69656	0.00781	0.00682	0.00583	0.00848	0.00866	0.00480	0.04359	0.00821	0.16610	0.00767	0.00801	0.00551	0.00403	0.00285	0.00125	0.00324	0.00259	0.00302	0.00494
8	0.01160	0.71330	0.01956	0.00755	0.01078	0.15992	0.00710	0.01286	0.00881	0.00961	0.00575	0.00665	0.00521	0.00359	0.00279	0.00090	0.00486	0.00225	0.00180	0.00512
9	0.00627	0.00489	0.00547	0.00517	0.00658	0.00464	0.00392	0.00921	0.13433	0.03413	0.31379	0.03171	0.40731	0.00872	0.00467	0.00134	0.00222	0.00742	0.00410	0.00411
10	0.01240	0.00955	0.01061	0.00873	0.01119	0.03040	0.02686	0.42580	0.18862	0.04767	0.01269	0.11240	0.01063	0.01922	0.02067	0.00147	0.03636	0.00486	0.00383	0.00606
11	0.00841	0.00721	0.00841	0.00601	0.00961	0.00541	0.00481	0.01022	0.00841	0.01322	0.00721	0.00841	0.00601	0.00300	0.00300	0.00060	0.00300	0.00240	0.00240	0.88222
12	0.00584	0.00431	0.00497	0.00504	0.00628	0.00382	0.00393	0.00712	0.00951	0.04759	0.13446	0.06639	0.50153	0.03109	0.00532	0.00152	0.00246	0.15131	0.00387	0.00365
13	0.01019	0.65508	0.22024	0.00807	0.01216	0.01443	0.00891	0.01232	0.00832	0.01035	0.00604	0.00701	0.00519	0.00356	0.00291	0.00097	0.00474	0.00237	0.00173	0.00540
14	0.00587	0.00421	0.00534	0.00512	0.00616	0.00385	0.00388	0.00759	0.01086	0.03273	0.62036	0.05210	0.16336	0.00919	0.02136	0.00142	0.00222	0.03628	0.00428	0.00381
15	0.00545	0.00426	0.00527	0.00551	0.00657	0.00408	0.00436	0.00678	0.00866	0.01104	0.05782	0.07339	0.39822	0.01511	0.19525	0.00266	0.00444	0.18416	0.00342	0.00355
16	0.01140	0.00761	0.00820	0.00689	0.00904	0.00819	0.00554	0.33325	0.11270	0.06143	0.01375	0.01510	0.03938	0.00537	0.00373	0.00118	0.00324	0.03851	0.31000	0.00549
17	0.00888	0.00888	0.01243	0.01065	0.01065	0.01243	0.00888	0.00976	0.00621	0.00976	0.00533	0.00888	0.00533	0.00710	0.01331	0.00178	0.84999	0.00355	0.00178	0.00444
18	0.00515	0.00392	0.00474	0.00518	0.00595	0.00354	0.00375	0.00620	0.00884	0.01141	0.12951	0.38052	0.30804	0.02874	0.00535	0.00157	0.00235	0.07799	0.00382	0.00343
19	0.00841	0.00721	0.00841	0.00601	0.00961	0.00541	0.00481	0.01022	0.00841	0.01322	0.00721	0.00841	0.00601	0.00300	0.00300	0.00060	0.00300	0.00240	0.00240	0.88222
20	0.06742	0.00469	0.00552	0.00516	0.00656	0.00431	0.00392	0.00889	0.01008	0.12627	0.33062	0.11836	0.25972	0.00852	0.00454	0.00133	0.00230	0.00728	0.02040	0.00411
21	0.00550	0.00397	0.00524	0.00570	0.00633	0.00375	0.00421	0.00679	0.00919	0.01245	0.27604	0.38396	0.06623	0.03271	0.02412	0.00172	0.00266	0.14198	0.00391	0.00353
22	0.00846	0.00404	0.00425	0.00407	0.00520	0.00396	0.00310	0.01032	0.00877	0.08395	0.01347	0.01502	0.01037	0.00475	0.00294	0.00097	0.00202	0.00381	0.80649	0.00404
23	0.00814	0.02099	0.83640	0.01156	0.01756	0.00942	0.01499	0.01285	0.00857	0.01285	0.00728	0.00857	0.00514	0.00385	0.00385	0.00128	0.00600	0.00300	0.00171	0.00600
24	0.00983	0.40874	0.40865	0.00932	0.01395	0.03363	0.01082	0.04168	0.00887	0.01171	0.00659	0.00762	0.00524	0.00372	0.00328	0.00108	0.00521	0.00263	0.00182	0.00563

[dist]
# distance from previous block
# <min> <max>
0	1

[block]
# block no. 4 follows, 66 sequences, length 22
# corresponding to MSA columns:
# 370-391
name=unknown_E
#
# <colnr> <probs for GDERKNQSTAVLIFYWHMCP>
#	G	D	E	R	K	N	Q	S	T	A	V	L	I	F	Y	W	H	M	C	P
0	0.01177	0.00948	0.01238	0.10159	0.23113	0.09624	0.01956	0.04942	0.04604	0.17770	0.00976	0.03541	0.00777	0.02234	0.00598	0.00139	0.14968	0.00393	0.00281	0.00564
1	0.21437	0.16182	0.08793	0.00982	0.06752	0.24268	0.03452	0.11305	0.01032	0.01430	0.00669	0.00773	0.00534	0.00395	0.00334	0.00113	0.00517	0.00274	0.00233	0.00525
2	0.00582	0.00471	0.00514	0.00508	0.00621	0.02537	0.00375	0.04164	0.01009	0.01298	0.26331	0.19179	0.38975	0.00978	0.00481	0.00138	0.00231	0.00842	0.00394	0.00370
3	0.04681	0.00799	0.04810	0.00664	0.01030	0.00593	0.02958	0.01100	0.00856	0.05653	0.00764	0.00870	0.00611	0.00320	0.00313	0.00072	0.00329	0.00258	0.00250	0.73069
4	0.00580	0.00435	0.00652	0.00652	0.00724	0.00507	0.00507	0.00724	0.00652	0.00942	0.01087	0.01594	0.01014	0.03043	0.84134	0.00652	0.01087	0.00435	0.00217	0.00362
5	0.00745	0.00444	0.00506	0.00475	0.00606	0.00409	0.00361	0.01953	0.02107	0.09823	0.21096	0.06073	0.25709	0.00755	0.00412	0.00122	0.00218	0.00637	0.27143	0.00406
6	0.00589	0.00417	0.00574	0.00574	0.00618	0.00461	0.00410	0.00669	0.00625	0.00877	0.01135	0.01942	0.01158	0.31460	0.51940	0.04716	0.00813	0.00484	0.00225	0.00313
7	0.00649	0.00509	0.00599	0.00567	0.00695	0.00508	0.00430	0.01023	0.18324	0.01524	0.48147	0.06118	0.16372	0.00825	0.00468	0.00134	0.00226	0.02031	0.00424	0.00429
8	0.00882	0.00736	0.00860	0.02915	0.02199	0.01689	0.00526	0.03167	0.05652	0.03461	0.02511	0.04964	0.00812	0.00387	0.00331	0.00078	0.00316	0.00319	0.00269	0.67925
9	0.01535	0.01099	0.01189	0.00917	0.01237	0.01209	0.00755	0.73809	0.05340	0.07191	0.01039	0.01021	0.00732	0.00491	0.00406	0.00123	0.00435	0.00372	0.00412	0.00688
10	0.00907	0.00864	0.01471	0.36224	0.50239	0.00938	0.01197	0.01160	0.00878	0.01207	0.00746	0.01036	0.00601	0.00380	0.00403	0.00127	0.00506	0.00361	0.00192	0.00564
11	0.01039	0.02223	0.30281	0.02213	0.07040	0.04127	0.10298	0.05242	0.03942	0.13842	0.03970	0.02726	0.02305	0.04440	0.00519	0.00143	0.03152	0.01659	0.00273	0.00567
12	0.01045	0.47754	0.16964	0.00881	0.01239	0.02660	0.05641	0.06759	0.00910	0.02828	0.00723	0.04067	0.00631	0.00427	0.00390	0.00110	0.05920	0.00308	0.00206	0.00539
13	0.00493	0.00359	0.00465	0.00550	0.00584	0.00331	0.00370	0.00567	0.00791	0.01042	0.02423	0.77359	0.10681	0.01247	0.00514	0.00162	0.00232	0.01124	0.00377	0.00331
14	0.78401	0.00788	0.00646	0.00562	0.00821	0.00894	0.00463	0.03788	0.00769	0.08881	0.00667	0.00731	0.00496	0.00391	0.00269	0.00125	0.00321	0.00240	0.00278	0.00469
15	0.03425	0.02535	0.05665	0.03939	0.02666	0.04941	0.01619	0.07112	0.04098	0.40722	0.08851	0.07666	0.01258	0.00572	0.00441	0.00129	0.02904	0.00467	0.00401	0.00589
16	0.01681	0.00714	0.00933	0.00726	0.01020	0.00657	0.00597	0.10883	0.01207	0.66633	0.01493	0.01351	0.00971	0.00620	0.04374	0.00149	0.00385	0.00403	0.04545	0.00660
17	0.16605	0.00726	0.00822	0.00721	0.00942	0.00757	0.00592	0.18819	0.05185	0.19455	0.06971	0.07368	0.01425	0.00680	0.00424	0.00141	0.00349	0.17092	0.00394	0.00534
18	0.45430	0.00894	0.00925	0.00783	0.02925	0.05254	0.06694	0.12393	0.02827	0.14244	0.00869	0.02195	0.00645	0.00429	0.00331	0.00125	0.00387	0.00316	0.01805	0.00528
19	0.01097	0.00856	0.00950	0.00817	0.01038	0.00966	0.00649	0.22869	0.40395	0.04796	0.08702	0.04562	0.01346	0.00677	0.03090	0.00152	0.04310	0.01730	0.00398	0.00600
20	0.00987	0.00961	0.01565	0.04028	0.68939	0.04189	0.04173	0.01223	0.00942	0.01316	0.04623	0.01199	0.00833	0.00408	0.00412	0.00123	0.00484	0.02770	0.00217	0.00608
21	0.00771	0.00717	0.01182	0.77724	0.02636	0.00892	0.01081	0.01077	0.04601	0.01064	0.00778	0.01121	0.00591	0.00511	0.03533	0.00155	0.00551	0.00368	0.00192	0.00456

[dist]
# distance from previous block
# <min> <max>
0	1

[block]
# block no. 5 follows, 66 sequences, length 9
# corresponding to MSA columns:
# 393-401
name=unknown_F
#
# <colnr> <probs for GDERKNQSTAVLIFYWHMCP>
#	G	D	E	R	K	N	Q	S	T	A	V	L	I	F	Y	W	H	M	C	P
0	0.00996	0.00778	0.00830	0.00735	0.00951	0.00861	0.00574	0.09203	0.52118	0.05574	0.04268	0.01819	0.12083	0.00608	0.00413	0.00132	0.00305	0.00503	0.06665	0.00583
1	0.00930	0.00627	0.00704	0.00620	0.00795	0.00637	0.00491	0.23401	0.01192	0.04018	0.10526	0.10387	0.08765	0.00690	0.00407	0.00123	0.00292	0.07106	0.23391	0.04897
2	0.00714	0.00451	0.00546	0.00529	0.00648	0.00427	0.00407	0.00927	0.05000	0.07731	0.32097	0.08939	0.14065	0.00811	0.00443	0.00131	0.00232	0.08244	0.17249	0.00408
3	0.00700	0.00451	0.00573	0.00549	0.00666	0.00416	0.00414	0.00888	0.03767	0.10232	0.44737	0.16210	0.13807	0.00894	0.00479	0.00137	0.00229	0.04011	0.00428	0.00410
4	0.00563	0.00400	0.00539	0.00613	0.00659	0.00395	0.00457	0.00667	0.00791	0.01052	0.01992	0.42931	0.02284	0.12135	0.07595	0.00241	0.00368	0.25637	0.00346	0.00335
5	0.00519	0.00405	0.00465	0.00464	0.00569	0.00357	0.00340	0.00646	0.00976	0.01266	0.31783	0.12464	0.43192	0.04071	0.00541	0.00146	0.00211	0.00836	0.00397	0.00352
6	0.00856	0.00780	0.02571	0.10330	0.31946	0.00779	0.04158	0.04820	0.06999	0.01364	0.09477	0.13923	0.01370	0.00596	0.00431	0.00131	0.00403	0.03548	0.01728	0.03788
7	0.00914	0.03499	0.17658	0.05147	0.06023	0.01989	0.05290	0.03051	0.07036	0.06163	0.03331	0.06631	0.00918	0.00460	0.00374	0.00110	0.00406	0.00393	0.07470	0.23141
8	0.05742	0.09304	0.02621	0.02284	0.10711	0.08673	0.02581	0.04254	0.04223	0.06156	0.00910	0.01080	0.03712	0.00536	0.00676	0.00135	0.28095	0.00357	0.07444	0.00505

[dist]
# distance from previous block
# <min> <max>
0	33

[block]
# block no. 6 follows, 66 sequences, length 17
# corresponding to MSA columns:
# 436-452
name=unknown_G
#
# <colnr> <probs for GDERKNQSTAVLIFYWHMCP>
#	G	D	E	R	K	N	Q	S	T	A	V	L	I	F	Y	W	H	M	C	P
0	0.06157	0.18265	0.43361	0.00969	0.02812	0.01027	0.02036	0.04902	0.00915	0.08333	0.00773	0.00859	0.00571	0.00385	0.00351	0.00114	0.00498	0.00290	0.00221	0.07163
1	0.03364	0.35364	0.31337	0.01103	0.11044	0.01212	0.02957	0.04400	0.00900	0.03871	0.00702	0.00814	0.00555	0.00374	0.00337	0.00111	0.00500	0.00282	0.00198	0.00574
2	0.00594	0.02684	0.04454	0.00623	0.00711	0.00507	0.00492	0.00718	0.00691	0.00966	0.03617	0.11708	0.03424	0.14733	0.50224	0.01919	0.00784	0.00549	0.00247	0.00353
3	0.03060	0.03693	0.07545	0.06614	0.35275	0.00891	0.10360	0.03178	0.04857	0.07428	0.02805	0.06744	0.00925	0.00477	0.00415	0.00128	0.00465	0.02789	0.00258	0.02095
4	0.01064	0.24629	0.33135	0.01073	0.07689	0.01135	0.03429	0.08864	0.06475	0.07599	0.00840	0.00914	0.00631	0.00401	0.00361	0.00116	0.00495	0.00312	0.00238	0.00598
5	0.03150	0.09929	0.04187	0.00706	0.00910	0.03040	0.00583	0.10195	0.07111	0.14152	0.07120	0.26626	0.01626	0.00814	0.02571	0.00147	0.00360	0.03661	0.00361	0.02750
6	0.00622	0.00472	0.00697	0.00661	0.00739	0.00521	0.04202	0.02814	0.00689	0.00970	0.01145	0.04160	0.01132	0.20313	0.58361	0.00546	0.00881	0.00488	0.00232	0.00354
7	0.02942	0.37510	0.16387	0.04903	0.09900	0.06175	0.02177	0.01349	0.10288	0.01170	0.00754	0.00863	0.00616	0.00397	0.00364	0.00111	0.03041	0.00292	0.00208	0.00552
8	0.03280	0.11018	0.46422	0.01265	0.09351	0.01021	0.12882	0.01335	0.04565	0.03986	0.00793	0.00924	0.00588	0.00384	0.00385	0.00125	0.00554	0.00331	0.00203	0.00588
9	0.00617	0.00393	0.00461	0.00479	0.00559	0.00376	0.00346	0.00785	0.02659	0.01371	0.22217	0.27161	0.08457	0.00844	0.00420	0.00128	0.00208	0.00737	0.31417	0.00368
10	0.00796	0.00602	0.00858	0.03634	0.12750	0.00624	0.01893	0.06509	0.02304	0.05296	0.21201	0.15131	0.03673	0.03446	0.06164	0.04243	0.04905	0.05194	0.00333	0.00444
11	0.04643	0.08489	0.16025	0.05964	0.21051	0.01011	0.03583	0.15241	0.06578	0.09312	0.02427	0.01084	0.01939	0.00433	0.00388	0.00123	0.00463	0.00362	0.00279	0.00606
12	0.00898	0.12414	0.33295	0.05294	0.01342	0.02778	0.02173	0.03261	0.03917	0.07106	0.04093	0.14381	0.02268	0.00586	0.00431	0.00131	0.02951	0.01894	0.00261	0.00526
13	0.00674	0.00439	0.00542	0.00519	0.00643	0.00391	0.00394	0.00821	0.01032	0.10168	0.37921	0.12322	0.27361	0.00916	0.00479	0.00137	0.00225	0.04199	0.00420	0.00397
14	0.05548	0.04538	0.08706	0.05081	0.21870	0.04148	0.18006	0.10512	0.03535	0.07688	0.00970	0.02962	0.02569	0.00429	0.00406	0.00125	0.00503	0.00398	0.00261	0.01744
15	0.05715	0.03676	0.14730	0.03805	0.19696	0.03270	0.04181	0.07604	0.10130	0.19186	0.01046	0.01977	0.00768	0.00445	0.00410	0.00126	0.01947	0.00371	0.00303	0.00614
16	0.00638	0.00601	0.09428	0.00665	0.00792	0.00454	0.02125	0.02748	0.00869	0.05167	0.06121	0.56484	0.06556	0.01060	0.00493	0.00155	0.00296	0.04593	0.00362	0.00394

[dist]
# distance from previous block
# <min> <max>
0	25

# created by:
# /st0/software/busco_prod/Augustus/scripts/msa2prfl.pl ./align_prep/1538526.fa
