[name]
unknown

[dist]
# distance from previous block
# <min> <max>
0	111

[block]
# block no. 0 follows, 47 sequences, length 28
# corresponding to MSA columns:
# 170-197
name=unknown_A
#
# <colnr> <probs for GDERKNQSTAVLIFYWHMCP>
#	G	D	E	R	K	N	Q	S	T	A	V	L	I	F	Y	W	H	M	C	P
0	0.04847	0.06408	0.01226	0.01031	0.04970	0.03803	0.00782	0.06755	0.13475	0.11152	0.03014	0.13335	0.01589	0.00792	0.00546	0.00158	0.02722	0.06488	0.00431	0.16474
1	0.04997	0.10471	0.11598	0.01140	0.03900	0.07537	0.00993	0.16353	0.17449	0.06497	0.06756	0.01494	0.01248	0.00602	0.00483	0.00150	0.00542	0.00468	0.00409	0.06913
2	0.04923	0.06933	0.07464	0.06983	0.23388	0.01224	0.02463	0.11669	0.10438	0.08048	0.01354	0.05468	0.01123	0.02689	0.02091	0.00184	0.00575	0.01869	0.00369	0.00747
3	0.03292	0.26682	0.10528	0.02381	0.11809	0.08357	0.01046	0.06777	0.03136	0.03551	0.05503	0.06056	0.01159	0.00590	0.00453	0.00140	0.00570	0.00463	0.00315	0.07192
4	0.01119	0.03482	0.01241	0.06421	0.07730	0.00934	0.00842	0.01342	0.02840	0.08310	0.03144	0.12628	0.04619	0.00953	0.05246	0.00195	0.14266	0.00606	0.00353	0.23728
5	0.01796	0.01386	0.06966	0.01203	0.04857	0.03879	0.00990	0.40286	0.06520	0.15857	0.01460	0.01437	0.02764	0.00611	0.00509	0.00152	0.00546	0.00476	0.00483	0.07823
6	0.01603	0.26097	0.08024	0.01208	0.01653	0.09757	0.12000	0.10477	0.03099	0.14582	0.01137	0.01209	0.00851	0.00518	0.00462	0.00141	0.00628	0.00417	0.01800	0.04337
7	0.01015	0.00934	0.05095	0.12492	0.12957	0.00875	0.07280	0.02608	0.02443	0.04627	0.07474	0.04473	0.09184	0.06970	0.11936	0.00285	0.00660	0.03093	0.00347	0.05251
8	0.01334	0.13215	0.24778	0.01880	0.26012	0.02426	0.06608	0.03046	0.01197	0.09012	0.01075	0.01248	0.00819	0.00497	0.00483	0.00152	0.00641	0.00429	0.04384	0.00765
9	0.01139	0.08781	0.01872	0.48289	0.21335	0.01284	0.04655	0.03853	0.01131	0.01487	0.00935	0.01308	0.00734	0.00500	0.00506	0.00163	0.00667	0.00452	0.00248	0.00662
10	0.00853	0.00473	0.00652	0.00652	0.00656	0.00477	0.00419	0.00713	0.00709	0.00949	0.01149	0.02157	0.01222	0.26159	0.05498	0.55687	0.00508	0.00549	0.00256	0.00263
11	0.00872	0.00822	0.01109	0.00942	0.01163	0.04038	0.12695	0.01183	0.07549	0.01626	0.17656	0.07400	0.35382	0.01045	0.00650	0.00176	0.03799	0.00909	0.00449	0.00535
12	0.00905	0.00516	0.00551	0.00539	0.00670	0.00506	0.00405	0.01175	0.03363	0.01936	0.17344	0.02575	0.08134	0.00758	0.00439	0.00136	0.00250	0.00628	0.58678	0.00493
13	0.00644	0.00514	0.00570	0.00593	0.00726	0.00449	0.00431	0.00776	0.01160	0.01448	0.11961	0.20050	0.50653	0.04757	0.00714	0.00197	0.00286	0.03148	0.00485	0.00437
14	0.00744	0.00558	0.00837	0.00837	0.00930	0.00651	0.00651	0.00930	0.00837	0.01209	0.01395	0.02046	0.01302	0.03906	0.79635	0.00837	0.01395	0.00558	0.00279	0.00465
15	0.01080	0.00926	0.01080	0.00771	0.01234	0.00694	0.00617	0.01311	0.01080	0.01697	0.00926	0.01080	0.00771	0.00386	0.00386	0.00077	0.00386	0.00309	0.00309	0.84882
16	0.01382	0.00698	0.00882	0.00757	0.00995	0.00642	0.00594	0.04294	0.03310	0.29693	0.27997	0.06638	0.09223	0.00889	0.00552	0.00162	0.00337	0.00756	0.09550	0.00648
17	0.00744	0.00558	0.00837	0.00837	0.00930	0.00651	0.00651	0.00930	0.00837	0.01209	0.01395	0.02046	0.01302	0.03906	0.79635	0.00837	0.01395	0.00558	0.00279	0.00465
18	0.00659	0.00509	0.00569	0.00602	0.00706	0.00457	0.00421	0.00760	0.01057	0.01316	0.03861	0.22421	0.41812	0.17650	0.01043	0.00254	0.00332	0.04709	0.00449	0.00413
19	0.01746	0.31201	0.01928	0.01179	0.01511	0.51604	0.00965	0.01892	0.01325	0.01257	0.00776	0.00902	0.00670	0.00504	0.00421	0.00126	0.00801	0.00315	0.00252	0.00627
20	0.03448	0.01329	0.01493	0.03797	0.05753	0.07203	0.03969	0.41845	0.01925	0.15627	0.01611	0.01601	0.06689	0.00651	0.00524	0.00158	0.00571	0.00517	0.00483	0.00805
21	0.01419	0.01330	0.01781	0.10975	0.44569	0.11385	0.01339	0.06604	0.05913	0.05001	0.01109	0.01335	0.00879	0.00518	0.00506	0.00155	0.00632	0.00458	0.03328	0.00763
22	0.01167	0.01113	0.01893	0.34062	0.48538	0.01205	0.01538	0.01491	0.01128	0.01553	0.00958	0.01329	0.00773	0.00487	0.00518	0.00162	0.00649	0.00464	0.00247	0.00726
23	0.01476	0.01212	0.01310	0.01167	0.03982	0.01378	0.00894	0.22269	0.55140	0.02454	0.01852	0.01738	0.01378	0.00677	0.00527	0.00171	0.00462	0.00553	0.00518	0.00841
24	0.00857	0.00698	0.00993	0.17931	0.05092	0.00756	0.00800	0.01066	0.02190	0.03103	0.15071	0.13750	0.18592	0.01189	0.04114	0.03596	0.06446	0.02846	0.00400	0.00512
25	0.05457	0.01020	0.04173	0.01233	0.08779	0.00898	0.06312	0.02107	0.01336	0.47820	0.03322	0.01617	0.01178	0.00602	0.00556	0.00158	0.03697	0.00501	0.02913	0.06321
26	0.02979	0.06065	0.56342	0.01552	0.02231	0.01272	0.15580	0.01694	0.04384	0.01671	0.00993	0.01174	0.00722	0.00491	0.00507	0.00165	0.00756	0.00429	0.00244	0.00750
27	0.85377	0.01007	0.00765	0.00685	0.01007	0.01168	0.00564	0.01531	0.00886	0.02336	0.00725	0.00846	0.00564	0.00483	0.00322	0.00161	0.00403	0.00282	0.00322	0.00564

[dist]
# distance from previous block
# <min> <max>
0	1

[block]
# block no. 1 follows, 47 sequences, length 31
# corresponding to MSA columns:
# 199-221,223-225,232-236
name=unknown_B
#
# <colnr> <probs for GDERKNQSTAVLIFYWHMCP>
#	G	D	E	R	K	N	Q	S	T	A	V	L	I	F	Y	W	H	M	C	P
0	0.00983	0.00926	0.01562	0.80447	0.03587	0.01157	0.01446	0.01331	0.01041	0.01331	0.00926	0.01388	0.00694	0.00521	0.00521	0.00174	0.00694	0.00463	0.00231	0.00579
1	0.01037	0.00980	0.01658	0.66942	0.16674	0.01171	0.01473	0.01377	0.01067	0.01395	0.00935	0.01371	0.00717	0.00511	0.00520	0.00170	0.00681	0.00463	0.00236	0.00622
2	0.00660	0.00518	0.00597	0.00602	0.00737	0.00455	0.00442	0.00824	0.01255	0.01626	0.29654	0.16599	0.41614	0.01282	0.00623	0.00177	0.00264	0.01105	0.00514	0.00455
3	0.03199	0.01107	0.01263	0.01007	0.04074	0.02706	0.00783	0.22977	0.01544	0.14565	0.01213	0.01259	0.00896	0.00508	0.00451	0.00120	0.00465	0.00398	0.02359	0.39104
4	0.01252	0.01025	0.01641	0.08666	0.39159	0.01027	0.04535	0.02614	0.05096	0.09916	0.09281	0.04933	0.07228	0.00670	0.00545	0.00164	0.00531	0.00617	0.00371	0.00729
5	0.01451	0.11201	0.32834	0.01323	0.03634	0.04464	0.03085	0.18748	0.02608	0.08482	0.01175	0.01264	0.02451	0.00572	0.00548	0.00159	0.04461	0.00430	0.00339	0.00772
6	0.01174	0.01177	0.04430	0.10206	0.44506	0.05007	0.01325	0.03215	0.01164	0.01599	0.02596	0.13035	0.01259	0.00760	0.02417	0.00184	0.04332	0.00614	0.00298	0.00704
7	0.03930	0.00846	0.01071	0.00847	0.01190	0.00777	0.00692	0.07563	0.01461	0.55412	0.01891	0.01749	0.01253	0.00631	0.00485	0.00152	0.00409	0.00506	0.18338	0.00794
8	0.00801	0.00549	0.00674	0.00643	0.00772	0.00525	0.00482	0.01098	0.04996	0.02030	0.56908	0.05858	0.05384	0.00986	0.00566	0.00158	0.00255	0.00861	0.15951	0.00503
9	0.01145	0.21605	0.40753	0.03326	0.07114	0.01335	0.02865	0.01538	0.01074	0.01510	0.00886	0.01082	0.00699	0.00533	0.00524	0.04212	0.00657	0.00367	0.00233	0.08542
10	0.01813	0.12514	0.01617	0.01282	0.03122	0.59755	0.00976	0.06211	0.01434	0.01374	0.00828	0.00982	0.00697	0.00590	0.00531	0.04203	0.00839	0.00344	0.00275	0.00615
11	0.01080	0.00926	0.01080	0.00771	0.01234	0.00694	0.00617	0.01311	0.01080	0.01697	0.00926	0.01080	0.00771	0.00386	0.00386	0.00077	0.00386	0.00309	0.00309	0.84882
12	0.01257	0.01029	0.01162	0.01147	0.06301	0.02974	0.00824	0.06488	0.44525	0.05626	0.02076	0.18429	0.01825	0.00878	0.00589	0.00181	0.02715	0.00747	0.00492	0.00734
13	0.01552	0.00824	0.01043	0.00872	0.01110	0.00851	0.00700	0.09112	0.01308	0.29966	0.03242	0.04253	0.01339	0.03873	0.06997	0.00226	0.10221	0.00546	0.19347	0.02619
14	0.03400	0.03047	0.03408	0.07812	0.08172	0.02386	0.13500	0.11951	0.10398	0.12335	0.05946	0.02013	0.06102	0.00687	0.00581	0.00170	0.02849	0.04104	0.00418	0.00720
15	0.01062	0.06309	0.66994	0.01400	0.02093	0.01229	0.01749	0.01677	0.05630	0.01639	0.01017	0.01182	0.00746	0.00667	0.04249	0.00195	0.00768	0.00400	0.00241	0.00754
16	0.00647	0.00533	0.00573	0.00588	0.00750	0.00459	0.00452	0.00795	0.01196	0.01453	0.08305	0.07418	0.64124	0.01330	0.00629	0.00184	0.00288	0.09343	0.00487	0.00446
17	0.07761	0.00960	0.01420	0.27943	0.05346	0.01041	0.06151	0.05292	0.04779	0.20466	0.04829	0.01635	0.01139	0.02145	0.03258	0.00196	0.02308	0.00511	0.02136	0.00682
18	0.02871	0.68675	0.02536	0.00967	0.01386	0.07108	0.03563	0.01575	0.01095	0.01279	0.00835	0.01097	0.00779	0.00498	0.00371	0.00122	0.00587	0.03761	0.00241	0.00655
19	0.01135	0.00622	0.00771	0.00684	0.00885	0.00565	0.00530	0.01380	0.03196	0.19830	0.36204	0.03269	0.15569	0.00938	0.00557	0.00160	0.00298	0.00800	0.12027	0.00582
20	0.00859	0.00526	0.00598	0.00626	0.00731	0.00515	0.00453	0.04616	0.01143	0.01739	0.05092	0.32144	0.07312	0.01070	0.00516	0.00164	0.00286	0.02128	0.39003	0.00478
21	0.08357	0.02498	0.01562	0.09315	0.05389	0.02431	0.11767	0.22417	0.05777	0.10871	0.08525	0.04254	0.03197	0.00660	0.00530	0.00165	0.00553	0.00572	0.00434	0.00726
22	0.01683	0.01130	0.04135	0.12305	0.05274	0.06884	0.02555	0.07481	0.01357	0.32690	0.05255	0.01659	0.01214	0.02686	0.03732	0.00201	0.08072	0.00512	0.00444	0.00732
23	0.04093	0.00729	0.00951	0.00875	0.01058	0.02171	0.03929	0.02993	0.04722	0.19789	0.10089	0.38559	0.02599	0.02575	0.00655	0.00193	0.01921	0.01004	0.00506	0.00589
24	0.47347	0.01297	0.01233	0.06504	0.11568	0.13511	0.03535	0.05126	0.01123	0.03327	0.00843	0.01009	0.00659	0.00499	0.00407	0.00157	0.00560	0.00351	0.00312	0.00631
25	0.00674	0.00485	0.00619	0.00711	0.00761	0.00457	0.00492	0.00773	0.01005	0.01318	0.02915	0.53892	0.10453	0.13084	0.00952	0.00253	0.00348	0.09933	0.00459	0.00416
26	0.01408	0.06981	0.01667	0.06649	0.12542	0.17196	0.08037	0.04788	0.04395	0.05275	0.01085	0.04048	0.00903	0.00540	0.00514	0.00138	0.02908	0.00447	0.00316	0.20163
27	0.01114	0.00712	0.00875	0.00772	0.00966	0.00706	0.00594	0.06743	0.06274	0.12303	0.28199	0.02884	0.06826	0.09362	0.07694	0.00254	0.02033	0.02065	0.05234	0.04390
28	0.13042	0.00778	0.04273	0.00904	0.04053	0.00719	0.00686	0.01269	0.01108	0.13914	0.07850	0.30491	0.05026	0.04711	0.00710	0.00203	0.03698	0.05552	0.00454	0.00558
29	0.00735	0.00556	0.00722	0.00766	0.02622	0.00545	0.00539	0.00889	0.01161	0.01579	0.28377	0.26615	0.11907	0.10668	0.00924	0.00227	0.04186	0.06053	0.00476	0.00456
30	0.01045	0.02694	0.79000	0.01484	0.02254	0.01209	0.01924	0.01649	0.01099	0.01649	0.00935	0.01099	0.00660	0.00495	0.00495	0.00165	0.00770	0.00385	0.00220	0.00770

[dist]
# distance from previous block
# <min> <max>
0	1

[block]
# block no. 2 follows, 47 sequences, length 9
# corresponding to MSA columns:
# 238-246
name=unknown_C
#
# <colnr> <probs for GDERKNQSTAVLIFYWHMCP>
#	G	D	E	R	K	N	Q	S	T	A	V	L	I	F	Y	W	H	M	C	P
0	0.06659	0.17096	0.06969	0.06261	0.01703	0.30224	0.05639	0.04045	0.09915	0.01555	0.01026	0.02875	0.00845	0.00549	0.00459	0.00144	0.00706	0.00407	0.00300	0.02622
1	0.01264	0.01190	0.01990	0.07284	0.67779	0.01206	0.01514	0.04200	0.01213	0.01719	0.01079	0.05212	0.00948	0.00530	0.00523	0.00159	0.00606	0.00514	0.00277	0.00794
2	0.01136	0.00795	0.01194	0.05543	0.07416	0.00786	0.08346	0.03419	0.05141	0.11853	0.07535	0.13336	0.04741	0.05646	0.00708	0.00202	0.00472	0.14304	0.06825	0.00600
3	0.00885	0.00765	0.01107	0.01026	0.01086	0.00988	0.00825	0.01045	0.00823	0.01225	0.01141	0.01722	0.01081	0.02838	0.51836	0.00620	0.29702	0.00521	0.00261	0.00502
4	0.01197	0.00945	0.01087	0.00803	0.01231	0.00779	0.00643	0.07248	0.04287	0.04688	0.01091	0.01209	0.00869	0.00441	0.00406	0.00093	0.00394	0.00352	0.05808	0.66428
5	0.01026	0.00977	0.01691	0.58310	0.14926	0.01135	0.06505	0.01358	0.01074	0.01411	0.01062	0.06279	0.00890	0.00574	0.00535	0.00173	0.00671	0.00536	0.00253	0.00615
6	0.01253	0.37118	0.40939	0.01218	0.01815	0.06580	0.01417	0.01638	0.01106	0.01441	0.00835	0.00975	0.00664	0.00476	0.00423	0.00140	0.00688	0.00335	0.00224	0.00715
7	0.03277	0.00837	0.01092	0.08769	0.03983	0.03165	0.04673	0.08358	0.02637	0.05786	0.01507	0.07420	0.04997	0.12885	0.01163	0.18678	0.00506	0.00599	0.02024	0.07645
8	0.07271	0.05589	0.04484	0.01041	0.01335	0.19402	0.00853	0.19513	0.01472	0.09585	0.01300	0.01783	0.01118	0.11304	0.07216	0.00255	0.00694	0.04749	0.00385	0.00651

[dist]
# distance from previous block
# <min> <max>
0	5

[block]
# block no. 3 follows, 47 sequences, length 11
# corresponding to MSA columns:
# 252-262
name=unknown_D
#
# <colnr> <probs for GDERKNQSTAVLIFYWHMCP>
#	G	D	E	R	K	N	Q	S	T	A	V	L	I	F	Y	W	H	M	C	P
0	0.01405	0.01361	0.01315	0.01129	0.01370	0.25232	0.08795	0.09028	0.04988	0.05082	0.02870	0.03240	0.01229	0.09689	0.13165	0.00296	0.00789	0.01738	0.06683	0.00597
1	0.01053	0.00976	0.01560	0.30956	0.16825	0.00995	0.07179	0.01346	0.01102	0.01536	0.04436	0.01595	0.02971	0.04422	0.00604	0.00162	0.00581	0.00489	0.00283	0.20929
2	0.79611	0.00969	0.00759	0.00684	0.00985	0.01119	0.00556	0.01473	0.00872	0.02239	0.00737	0.00896	0.00587	0.00574	0.00439	0.05941	0.00406	0.00294	0.00316	0.00541
3	0.00983	0.00926	0.01562	0.80447	0.03587	0.01157	0.01446	0.01331	0.01041	0.01331	0.00926	0.01388	0.00694	0.00521	0.00521	0.00174	0.00694	0.00463	0.00231	0.00579
4	0.00711	0.00528	0.00662	0.00634	0.00763	0.00479	0.00473	0.00930	0.01403	0.01934	0.61865	0.07064	0.18361	0.01133	0.00616	0.00168	0.00251	0.00991	0.00553	0.00479
5	0.01064	0.01007	0.01707	0.60156	0.23250	0.01178	0.01486	0.01401	0.01079	0.01428	0.00940	0.01362	0.00729	0.00506	0.00519	0.00169	0.00674	0.00463	0.00238	0.00643
6	0.00722	0.00532	0.00676	0.00640	0.00769	0.00485	0.00480	0.00954	0.01439	0.02005	0.69269	0.04027	0.13872	0.01096	0.00614	0.00165	0.00248	0.00961	0.00562	0.00485
7	0.03628	0.01237	0.02349	0.09574	0.06386	0.03787	0.45999	0.01496	0.01148	0.01573	0.01218	0.11215	0.01092	0.00632	0.00668	0.00180	0.06214	0.00669	0.00287	0.00646
8	0.00666	0.00472	0.00619	0.00716	0.00760	0.00443	0.00490	0.00761	0.01020	0.01356	0.06824	0.62622	0.06644	0.06440	0.00820	0.02446	0.00324	0.05686	0.00471	0.00419
9	0.01200	0.01121	0.01863	0.11231	0.58067	0.01151	0.01419	0.01470	0.01114	0.01582	0.01000	0.01421	0.00870	0.05301	0.00718	0.02780	0.02959	0.00474	0.00258	0.04000
10	0.06027	0.01865	0.06236	0.08907	0.10918	0.38750	0.08483	0.01889	0.04979	0.04167	0.01007	0.01241	0.00805	0.00540	0.00497	0.00152	0.00783	0.01797	0.00293	0.00663

[dist]
# distance from previous block
# <min> <max>
3	9

[block]
# block no. 4 follows, 47 sequences, length 33
# corresponding to MSA columns:
# 272-304
name=unknown_E
#
# <colnr> <probs for GDERKNQSTAVLIFYWHMCP>
#	G	D	E	R	K	N	Q	S	T	A	V	L	I	F	Y	W	H	M	C	P
0	0.08311	0.05541	0.11968	0.04694	0.07422	0.02767	0.06091	0.11290	0.01267	0.03685	0.02392	0.02382	0.00870	0.00529	0.00532	0.00140	0.05265	0.00418	0.00320	0.24117
1	0.01351	0.06748	0.14314	0.03050	0.17397	0.02810	0.13137	0.01660	0.01172	0.14284	0.01243	0.04902	0.01015	0.04830	0.00666	0.00175	0.03364	0.00518	0.00329	0.07035
2	0.00762	0.00576	0.00752	0.00790	0.04825	0.00559	0.02526	0.00874	0.00988	0.01324	0.10720	0.09487	0.16920	0.34968	0.09557	0.00380	0.00516	0.00854	0.02200	0.00423
3	0.05744	0.04583	0.01539	0.01507	0.20387	0.01061	0.04933	0.07376	0.06993	0.06693	0.02779	0.01308	0.00962	0.00489	0.00459	0.00128	0.00494	0.00421	0.00350	0.31794
4	0.09709	0.02980	0.01346	0.01131	0.01457	0.21923	0.00892	0.22034	0.28992	0.02232	0.01386	0.01372	0.01048	0.00614	0.00488	0.00157	0.00595	0.00456	0.00434	0.00755
5	0.01106	0.01051	0.01784	0.49359	0.33713	0.01189	0.01507	0.01438	0.01099	0.01480	0.00947	0.01348	0.00747	0.00498	0.00519	0.00166	0.00664	0.00463	0.00242	0.00678
6	0.01181	0.10800	0.08969	0.12472	0.31988	0.01334	0.06160	0.01480	0.01083	0.01508	0.00982	0.01413	0.00849	0.00673	0.03066	0.00188	0.11660	0.03240	0.00252	0.00702
7	0.04120	0.08289	0.05070	0.01322	0.01685	0.01407	0.14780	0.23850	0.02856	0.12312	0.03889	0.01379	0.01003	0.00636	0.00730	0.00170	0.14864	0.00494	0.00396	0.00748
8	0.00657	0.00483	0.00616	0.00681	0.00754	0.00442	0.00473	0.00792	0.01141	0.01527	0.21770	0.51816	0.14033	0.01449	0.00646	0.00195	0.00283	0.01295	0.00506	0.00442
9	0.00749	0.00536	0.00737	0.00829	0.00904	0.00540	0.00646	0.00910	0.01038	0.01382	0.02493	0.30385	0.02796	0.08775	0.12807	0.00343	0.00561	0.32688	0.00436	0.00444
10	0.00961	0.01018	0.09867	0.04846	0.08871	0.04910	0.04162	0.04120	0.01160	0.03005	0.04612	0.31181	0.09873	0.04903	0.00685	0.00197	0.00482	0.02216	0.02371	0.00559
11	0.00958	0.00761	0.01174	0.03885	0.08359	0.00843	0.04929	0.01151	0.01000	0.05443	0.04329	0.14271	0.01741	0.05117	0.26158	0.00415	0.11741	0.06838	0.00346	0.00541
12	0.00809	0.00546	0.00668	0.00647	0.00794	0.00486	0.00481	0.00990	0.01309	0.07817	0.37098	0.16129	0.27884	0.01201	0.00615	0.00175	0.00276	0.01043	0.00536	0.00495
13	0.24202	0.00928	0.01050	0.00845	0.01200	0.00919	0.00693	0.07273	0.03182	0.44602	0.01616	0.01510	0.01080	0.00599	0.00456	0.00158	0.00423	0.00454	0.08050	0.00763
14	0.03053	0.05640	0.51586	0.01555	0.09931	0.01241	0.03887	0.06445	0.03873	0.01740	0.01030	0.01279	0.00795	0.05015	0.00612	0.00181	0.00700	0.00426	0.00263	0.00748
15	0.01049	0.00865	0.02320	0.03113	0.05808	0.00929	0.05118	0.03997	0.07828	0.04642	0.01957	0.09491	0.01963	0.01327	0.07745	0.00266	0.11591	0.28999	0.00405	0.00586
16	0.00651	0.00513	0.00589	0.00620	0.00748	0.00452	0.00456	0.00795	0.01183	0.01498	0.15571	0.24410	0.44047	0.01367	0.00633	0.00187	0.00282	0.05058	0.00497	0.00445
17	0.01141	0.01005	0.01352	0.09767	0.07816	0.00871	0.05026	0.05256	0.01163	0.01738	0.00954	0.01157	0.00774	0.00422	0.00431	0.00103	0.00475	0.00363	0.00304	0.59882
18	0.01201	0.03837	0.10617	0.17381	0.38855	0.01173	0.04696	0.01537	0.01162	0.04941	0.04127	0.03019	0.01055	0.00560	0.00543	0.00164	0.01834	0.02281	0.00286	0.00731
19	0.00877	0.00783	0.00927	0.00917	0.00970	0.05971	0.00687	0.00991	0.01008	0.01366	0.05192	0.43370	0.06629	0.01278	0.00919	0.00203	0.22321	0.01039	0.04070	0.00481
20	0.01245	0.01106	0.01714	0.05347	0.45934	0.01065	0.01243	0.01518	0.01147	0.05021	0.01081	0.01323	0.02347	0.00490	0.00537	0.00138	0.04193	0.00436	0.00291	0.23825
21	0.10555	0.01235	0.06227	0.01038	0.01408	0.01244	0.00877	0.17085	0.36897	0.09616	0.01692	0.01612	0.02288	0.00638	0.00496	0.00163	0.00466	0.00504	0.00484	0.05476
22	0.01180	0.05463	0.01526	0.54672	0.02859	0.01198	0.01243	0.01710	0.14998	0.08208	0.01230	0.01492	0.00907	0.00561	0.00512	0.00170	0.00613	0.00481	0.00321	0.00655
23	0.01150	0.03505	0.10139	0.04453	0.01784	0.01136	0.21045	0.08018	0.19444	0.01887	0.08367	0.09580	0.05654	0.00743	0.00567	0.00174	0.00571	0.00693	0.00401	0.00689
24	0.04300	0.07563	0.10776	0.01489	0.08950	0.13499	0.16564	0.04281	0.04538	0.04323	0.02763	0.02729	0.05252	0.03315	0.00597	0.00165	0.01793	0.00512	0.00317	0.06276
25	0.06912	0.01245	0.01736	0.03550	0.36731	0.03603	0.04484	0.18600	0.01465	0.06220	0.01100	0.01281	0.00852	0.00513	0.00493	0.00150	0.00578	0.00449	0.03232	0.06806
26	0.08518	0.01022	0.01402	0.03919	0.05573	0.01039	0.11985	0.14937	0.06869	0.01961	0.01766	0.11189	0.08286	0.00847	0.02691	0.00181	0.02062	0.03019	0.00392	0.12342
27	0.32478	0.05956	0.07420	0.05160	0.01497	0.01204	0.05102	0.09643	0.07913	0.11117	0.02573	0.01243	0.00899	0.00540	0.00435	0.00156	0.00502	0.00407	0.00381	0.05373
28	0.16774	0.04676	0.09753	0.00967	0.01360	0.01055	0.02615	0.14642	0.02768	0.12266	0.01380	0.12186	0.01188	0.00672	0.00472	0.00151	0.00479	0.00540	0.00406	0.15650
29	0.12862	0.03700	0.03963	0.15450	0.04509	0.01125	0.05383	0.15729	0.02792	0.12075	0.01529	0.04027	0.06472	0.00820	0.04896	0.00200	0.00588	0.00527	0.00391	0.02961
30	0.05141	0.11675	0.09786	0.01107	0.03076	0.01236	0.04969	0.20702	0.06878	0.07922	0.06006	0.05078	0.03611	0.02553	0.02172	0.00174	0.00542	0.00536	0.00409	0.06425
31	0.09072	0.01104	0.02627	0.07184	0.01748	0.01138	0.17695	0.11061	0.11996	0.07806	0.08190	0.01702	0.02289	0.00793	0.04739	0.00201	0.04068	0.00548	0.00396	0.05643
32	0.08774	0.01119	0.01448	0.01165	0.03099	0.03903	0.11970	0.19417	0.04565	0.20750	0.06595	0.03255	0.07076	0.02227	0.00571	0.00169	0.00527	0.00585	0.00474	0.02311

[dist]
# distance from previous block
# <min> <max>
13	133

# created by:
# /st0/software/busco_prod/Augustus/scripts/msa2prfl.pl ./align_prep/1552706.fa
