[name]
unknown

[dist]
# distance from previous block
# <min> <max>
0	46

[block]
# block no. 0 follows, 64 sequences, length 25
# corresponding to MSA columns:
# 46-70
name=unknown_A
#
# <colnr> <probs for GDERKNQSTAVLIFYWHMCP>
#	G	D	E	R	K	N	Q	S	T	A	V	L	I	F	Y	W	H	M	C	P
0	0.01371	0.01383	0.01048	0.00946	0.01164	0.43540	0.00746	0.12891	0.02649	0.08676	0.01138	0.01708	0.01018	0.00601	0.00427	0.00129	0.00577	0.17478	0.00310	0.02202
1	0.03548	0.01924	0.02614	0.00767	0.01064	0.00671	0.08044	0.06857	0.04334	0.12554	0.02855	0.13314	0.04181	0.00550	0.00394	0.00109	0.00355	0.00479	0.00326	0.35059
2	0.03036	0.01065	0.04477	0.00856	0.01196	0.02832	0.00724	0.47353	0.03594	0.03839	0.00971	0.01082	0.00739	0.00462	0.00387	0.00111	0.00420	0.02795	0.00355	0.23706
3	0.01042	0.01188	0.11543	0.01264	0.01611	0.04447	0.32690	0.09758	0.22802	0.01536	0.01108	0.04285	0.00868	0.00479	0.00479	0.00139	0.03416	0.00463	0.00290	0.00593
4	0.00502	0.00376	0.00467	0.00541	0.00593	0.00341	0.00369	0.00583	0.00831	0.01075	0.02744	0.65912	0.21673	0.01242	0.00521	0.00162	0.00234	0.01109	0.00386	0.00341
5	0.00520	0.00373	0.00504	0.00593	0.00624	0.00358	0.00407	0.00603	0.00791	0.01059	0.02188	0.75161	0.02592	0.01446	0.07429	0.00211	0.00319	0.04110	0.00372	0.00342
6	0.00861	0.00738	0.00861	0.00615	0.00984	0.00554	0.00492	0.01046	0.00861	0.01354	0.00738	0.00861	0.00615	0.00308	0.00308	0.00062	0.00308	0.00246	0.00246	0.87941
7	0.00651	0.00469	0.00582	0.00625	0.00689	0.00465	0.00436	0.11274	0.00943	0.01260	0.02093	0.71881	0.02445	0.03359	0.00556	0.00169	0.00274	0.01059	0.00386	0.00384
8	0.00833	0.02149	0.83250	0.01184	0.01798	0.00965	0.01535	0.01315	0.00877	0.01315	0.00745	0.00877	0.00526	0.00395	0.00395	0.00132	0.00614	0.00307	0.00175	0.00614
9	0.00516	0.00369	0.00491	0.00572	0.00605	0.00344	0.00386	0.00603	0.00841	0.01134	0.12016	0.75195	0.02889	0.01247	0.00525	0.00164	0.00236	0.01129	0.00394	0.00344
10	0.00537	0.00423	0.00485	0.00469	0.00589	0.00370	0.00352	0.00685	0.01056	0.01380	0.41430	0.03573	0.45260	0.00956	0.00490	0.00136	0.00204	0.00817	0.00420	0.00370
11	0.01111	0.85652	0.02177	0.00711	0.01066	0.01644	0.00711	0.01244	0.00844	0.00977	0.00577	0.00666	0.00533	0.00355	0.00267	0.00089	0.00444	0.00222	0.00178	0.00533
12	0.01050	0.00915	0.01540	0.18337	0.60470	0.00943	0.01196	0.01295	0.00944	0.08073	0.00844	0.01075	0.00668	0.00391	0.00413	0.00127	0.00494	0.00374	0.00227	0.00624
13	0.00896	0.00475	0.00502	0.00472	0.00604	0.00484	0.00361	0.01206	0.10731	0.08329	0.01419	0.01538	0.01086	0.00496	0.00317	0.00105	0.00223	0.00400	0.69910	0.00446
14	0.00517	0.00422	0.00457	0.00448	0.00577	0.00362	0.00336	0.00647	0.01009	0.01270	0.25494	0.03755	0.61265	0.00997	0.00491	0.00138	0.00206	0.00843	0.00405	0.00362
15	0.77825	0.00946	0.00679	0.00610	0.00862	0.10961	0.00493	0.01274	0.00764	0.01761	0.00586	0.00684	0.00460	0.00391	0.00271	0.00126	0.00373	0.00230	0.00252	0.00454
16	0.01461	0.01136	0.01367	0.01043	0.01378	0.01238	0.10531	0.65160	0.08474	0.02389	0.01036	0.01058	0.00744	0.00486	0.00425	0.00128	0.00476	0.00396	0.00391	0.00685
17	0.00923	0.00889	0.01434	0.44818	0.30679	0.03504	0.04454	0.03028	0.00915	0.01221	0.00761	0.01058	0.00599	0.00395	0.00412	0.00129	0.00534	0.00367	0.00201	0.03680
18	0.00515	0.00420	0.00457	0.00456	0.00582	0.00361	0.00342	0.00640	0.00987	0.01233	0.20067	0.07439	0.61200	0.01024	0.00494	0.00141	0.00213	0.02669	0.00400	0.00359
19	0.00763	0.00559	0.00799	0.00745	0.00748	0.00688	0.00562	0.00712	0.00606	0.00863	0.00848	0.11293	0.00903	0.01167	0.01397	0.45515	0.30868	0.00461	0.00206	0.00299
20	0.00528	0.00422	0.00472	0.00460	0.00584	0.00366	0.00345	0.00668	0.01035	0.01330	0.34241	0.03655	0.52479	0.00974	0.00491	0.00137	0.00205	0.00829	0.00413	0.00366
21	0.00524	0.00419	0.00468	0.00462	0.00583	0.00364	0.00344	0.00657	0.01015	0.01299	0.30095	0.07676	0.52634	0.00997	0.00493	0.00138	0.00207	0.00850	0.00409	0.00364
22	0.00632	0.00451	0.00626	0.00722	0.00801	0.00446	0.00604	0.00795	0.00919	0.01201	0.02220	0.23298	0.02473	0.01183	0.00564	0.00186	0.00350	0.61776	0.00383	0.00372
23	0.01017	0.01017	0.01709	0.11415	0.60872	0.04396	0.10935	0.01274	0.00947	0.01307	0.00778	0.01036	0.00638	0.00375	0.00420	0.00126	0.00536	0.00380	0.00204	0.00617
24	0.34807	0.01195	0.00954	0.00815	0.01079	0.21083	0.00649	0.23094	0.09625	0.01849	0.00823	0.00871	0.00625	0.00445	0.00346	0.00124	0.00462	0.00301	0.00307	0.00548

[dist]
# distance from previous block
# <min> <max>
2	22

[block]
# block no. 1 follows, 64 sequences, length 26
# corresponding to MSA columns:
# 94-119
name=unknown_B
#
# <colnr> <probs for GDERKNQSTAVLIFYWHMCP>
#	G	D	E	R	K	N	Q	S	T	A	V	L	I	F	Y	W	H	M	C	P
0	0.00833	0.02149	0.83250	0.01184	0.01798	0.00965	0.01535	0.01315	0.00877	0.01315	0.00745	0.00877	0.00526	0.00395	0.00395	0.00132	0.00614	0.00307	0.00175	0.00614
1	0.00552	0.00412	0.00461	0.00477	0.00546	0.00380	0.00325	0.00620	0.00800	0.01008	0.03931	0.11574	0.35189	0.34613	0.01146	0.00251	0.00303	0.06766	0.00333	0.00313
2	0.00790	0.00662	0.05873	0.00640	0.00814	0.00593	0.00531	0.08062	0.11459	0.03809	0.52937	0.02442	0.02838	0.00722	0.00455	0.00129	0.00266	0.00623	0.05880	0.00475
3	0.88336	0.00803	0.00611	0.00546	0.00803	0.00932	0.00450	0.01221	0.00707	0.01864	0.00578	0.00675	0.00450	0.00386	0.00257	0.00129	0.00321	0.00225	0.00257	0.00450
4	0.00970	0.00839	0.00916	0.00879	0.04834	0.00949	0.00648	0.01974	0.68494	0.01658	0.03873	0.03273	0.07639	0.00613	0.00431	0.00140	0.00322	0.00516	0.00410	0.00621
5	0.00510	0.00363	0.00481	0.00573	0.00596	0.00340	0.00380	0.00580	0.00787	0.01049	0.02246	0.81446	0.02692	0.05062	0.00601	0.00179	0.00248	0.01155	0.00380	0.00334
6	0.00637	0.00504	0.00736	0.11234	0.03211	0.00515	0.03863	0.00838	0.05714	0.01237	0.16415	0.42966	0.02354	0.00981	0.00519	0.02285	0.00309	0.02933	0.02351	0.00398
7	0.88336	0.00803	0.00611	0.00546	0.00803	0.00932	0.00450	0.01221	0.00707	0.01864	0.00578	0.00675	0.00450	0.00386	0.00257	0.00129	0.00321	0.00225	0.00257	0.00450
8	0.00604	0.00403	0.00453	0.00453	0.00453	0.00403	0.00252	0.00604	0.00604	0.00805	0.01309	0.02718	0.01510	0.85402	0.02114	0.00403	0.00403	0.00604	0.00252	0.00252
9	0.01111	0.85652	0.02177	0.00711	0.01066	0.01644	0.00711	0.01244	0.00844	0.00977	0.00577	0.00666	0.00533	0.00355	0.00267	0.00089	0.00444	0.00222	0.00178	0.00533
10	0.01047	0.68438	0.07029	0.00726	0.01067	0.01450	0.00728	0.03421	0.00914	0.01122	0.09891	0.00965	0.00921	0.00418	0.00304	0.00097	0.00427	0.00292	0.00216	0.00527
11	0.00598	0.00425	0.00565	0.00565	0.00604	0.00463	0.00391	0.00676	0.00637	0.00888	0.01206	0.02152	0.01264	0.42481	0.44699	0.00541	0.00773	0.00521	0.00236	0.00314
12	0.00588	0.00425	0.00555	0.00523	0.00621	0.00392	0.00392	0.00784	0.01176	0.01666	0.82592	0.03103	0.03919	0.00849	0.00490	0.00131	0.00196	0.00751	0.00457	0.00392
13	0.01554	0.01895	0.01184	0.01058	0.01285	0.75159	0.00801	0.09955	0.01258	0.01183	0.00679	0.00775	0.00553	0.00435	0.00379	0.00109	0.00719	0.00279	0.00235	0.00505
14	0.00622	0.00456	0.00606	0.00674	0.00772	0.00440	0.00567	0.00792	0.00966	0.01253	0.10344	0.09442	0.15620	0.01113	0.00549	0.00176	0.00328	0.54513	0.00390	0.00375
15	0.00566	0.00410	0.00526	0.00523	0.00603	0.00379	0.00377	0.00720	0.01050	0.01457	0.56509	0.19551	0.08493	0.06231	0.00599	0.00156	0.00219	0.00836	0.00426	0.00370
16	0.00560	0.00427	0.00607	0.00783	0.09153	0.00405	0.00478	0.00651	0.00811	0.01091	0.02133	0.76383	0.02530	0.01204	0.00518	0.00164	0.00267	0.01097	0.00367	0.00371
17	0.00951	0.05205	0.64514	0.03901	0.03850	0.09589	0.01382	0.01359	0.00916	0.03534	0.00754	0.00882	0.00546	0.00400	0.00389	0.00127	0.00609	0.00306	0.00190	0.00596
18	0.01061	0.71229	0.04713	0.00719	0.01052	0.04178	0.00708	0.01212	0.00891	0.01062	0.09116	0.00930	0.00885	0.00410	0.00298	0.00095	0.00434	0.00281	0.00208	0.00519
19	0.00670	0.00440	0.00570	0.00529	0.00631	0.00407	0.00391	0.00843	0.01117	0.06706	0.69038	0.02956	0.03487	0.09623	0.00654	0.00159	0.00227	0.00715	0.00439	0.00397
20	0.00931	0.06066	0.00923	0.00784	0.03078	0.00902	0.00590	0.04486	0.49815	0.01570	0.10758	0.01899	0.06212	0.09428	0.00600	0.00163	0.00331	0.00517	0.00385	0.00562
21	0.00827	0.01965	0.74631	0.01101	0.01661	0.00905	0.01405	0.01279	0.00876	0.01340	0.00809	0.00947	0.00582	0.00404	0.00384	0.00128	0.00570	0.00315	0.09280	0.00590
22	0.00726	0.00516	0.00641	0.00603	0.00684	0.00556	0.00434	0.11174	0.00825	0.01119	0.01369	0.02086	0.07101	0.31828	0.32574	0.05960	0.00661	0.00519	0.00267	0.00359
23	0.00882	0.19115	0.56239	0.01027	0.01527	0.01069	0.01238	0.01310	0.05934	0.01256	0.00867	0.06183	0.00714	0.00454	0.00379	0.00126	0.00538	0.00355	0.00205	0.00583
24	0.00961	0.02110	0.00839	0.00744	0.00919	0.17585	0.00576	0.07924	0.10936	0.03430	0.04608	0.02897	0.17614	0.03522	0.17525	0.00245	0.02230	0.01601	0.00315	0.03419
25	0.01109	0.06238	0.01062	0.00846	0.01100	0.01053	0.02257	0.12942	0.56890	0.04513	0.01604	0.03570	0.03824	0.00570	0.00418	0.00136	0.00356	0.00471	0.00403	0.00638

[dist]
# distance from previous block
# <min> <max>
2	10

[block]
# block no. 2 follows, 64 sequences, length 24
# corresponding to MSA columns:
# 130-153
name=unknown_C
#
# <colnr> <probs for GDERKNQSTAVLIFYWHMCP>
#	G	D	E	R	K	N	Q	S	T	A	V	L	I	F	Y	W	H	M	C	P
0	0.00731	0.00733	0.05130	0.00986	0.12226	0.02460	0.07120	0.00971	0.04912	0.01327	0.19643	0.04307	0.25164	0.00780	0.00527	0.00142	0.05241	0.06804	0.00337	0.00458
1	0.00994	0.00976	0.05155	0.00990	0.01266	0.02146	0.13969	0.02815	0.56927	0.01634	0.05692	0.01558	0.02884	0.00542	0.00436	0.00139	0.00402	0.00484	0.00374	0.00618
2	0.01039	0.03393	0.01554	0.08100	0.54047	0.08354	0.01148	0.01247	0.00904	0.01236	0.00721	0.00980	0.00617	0.00437	0.00561	0.00132	0.14382	0.00356	0.00200	0.00591
3	0.00559	0.00440	0.00579	0.00628	0.00665	0.00461	0.00449	0.00639	0.00796	0.01063	0.02292	0.63317	0.11915	0.01196	0.00632	0.00167	0.10997	0.02490	0.00360	0.00355
4	0.10034	0.35147	0.03297	0.00923	0.09955	0.01178	0.00732	0.10312	0.01011	0.11550	0.00803	0.00866	0.00630	0.00391	0.00325	0.00103	0.00413	0.00285	0.00266	0.11780
5	0.00970	0.03462	0.06776	0.07640	0.16085	0.01048	0.50115	0.01316	0.03480	0.01309	0.00828	0.01084	0.00638	0.00378	0.00482	0.00136	0.03030	0.00439	0.00210	0.00573
6	0.00610	0.00503	0.00551	0.00557	0.00702	0.00479	0.00442	0.00892	0.13031	0.01240	0.03405	0.03780	0.53410	0.01000	0.00498	0.00151	0.00265	0.17690	0.00391	0.00403
7	0.00516	0.00366	0.00479	0.00565	0.00587	0.00344	0.00371	0.00581	0.00775	0.01034	0.02186	0.76457	0.02617	0.10153	0.00697	0.00193	0.00258	0.01120	0.00371	0.00328
8	0.00506	0.00361	0.00482	0.00578	0.00602	0.00337	0.00386	0.00578	0.00795	0.01060	0.02289	0.85131	0.02747	0.01301	0.00530	0.00169	0.00241	0.01181	0.00386	0.00337
9	0.01553	0.01931	0.01181	0.01063	0.01284	0.78830	0.00802	0.06404	0.01223	0.01112	0.00663	0.00764	0.00545	0.00432	0.00377	0.00108	0.00732	0.00274	0.00226	0.00495
10	0.88336	0.00803	0.00611	0.00546	0.00803	0.00932	0.00450	0.01221	0.00707	0.01864	0.00578	0.00675	0.00450	0.00386	0.00257	0.00129	0.00321	0.00225	0.00257	0.00450
11	0.01537	0.01815	0.01179	0.01044	0.01277	0.68047	0.00795	0.13932	0.04253	0.01289	0.00735	0.00816	0.00588	0.00444	0.00383	0.00111	0.00689	0.00291	0.00253	0.00523
12	0.06693	0.01690	0.01394	0.01171	0.01417	0.58703	0.16367	0.01537	0.01084	0.01128	0.00672	0.00824	0.00549	0.00425	0.00438	0.00118	0.04770	0.00313	0.00214	0.00494
13	0.00503	0.00424	0.00438	0.00441	0.00578	0.00358	0.00336	0.00616	0.00956	0.01149	0.07206	0.03995	0.75644	0.01049	0.00495	0.00142	0.00218	0.04708	0.00388	0.00354
14	0.01166	0.00619	0.00713	0.00619	0.00820	0.00627	0.00488	0.01611	0.22653	0.26144	0.03853	0.01553	0.01190	0.00525	0.00370	0.00119	0.00278	0.00429	0.35669	0.00556
15	0.00627	0.00460	0.00612	0.00678	0.00780	0.00445	0.00575	0.00802	0.00974	0.01263	0.10995	0.06281	0.15839	0.01104	0.00550	0.00176	0.00331	0.56738	0.00391	0.00377
16	0.00526	0.00376	0.00503	0.00587	0.00623	0.00353	0.00407	0.00618	0.00841	0.01128	0.09373	0.71833	0.02824	0.01250	0.00530	0.00167	0.00248	0.07076	0.00392	0.00346
17	0.00778	0.00517	0.00609	0.00546	0.00698	0.00481	0.00417	0.07963	0.01141	0.10096	0.36451	0.03023	0.29808	0.04946	0.00555	0.00146	0.00250	0.00718	0.00425	0.00432
18	0.08674	0.00722	0.00832	0.00620	0.00958	0.00583	0.00496	0.01142	0.00879	0.09988	0.00894	0.04984	0.00747	0.00384	0.00326	0.00080	0.00310	0.00308	0.00282	0.66792
19	0.67387	0.00820	0.00721	0.00612	0.00886	0.00914	0.00505	0.08427	0.00891	0.14414	0.00778	0.00817	0.00561	0.00415	0.00296	0.00128	0.00338	0.00268	0.00311	0.00512
20	0.60978	0.00797	0.00691	0.00587	0.00855	0.00870	0.00480	0.09178	0.00878	0.03441	0.00979	0.01035	0.07762	0.00450	0.00302	0.00122	0.00324	0.00303	0.00288	0.09681
21	0.00961	0.05881	0.35072	0.01259	0.15994	0.00954	0.01895	0.06632	0.09525	0.03007	0.04868	0.01164	0.00859	0.00444	0.00397	0.00123	0.00487	0.01899	0.00253	0.08325
22	0.38630	0.00680	0.00705	0.00707	0.05686	0.00696	0.00522	0.01026	0.00805	0.01506	0.01231	0.12005	0.05024	0.00657	0.01603	0.00137	0.00333	0.10860	0.00290	0.16896
23	0.00980	0.15312	0.08527	0.00752	0.01113	0.00870	0.02428	0.08273	0.05793	0.03035	0.00886	0.04980	0.00752	0.00409	0.00342	0.00091	0.00379	0.00326	0.00265	0.44487

[dist]
# distance from previous block
# <min> <max>
0	46

# created by:
# /st0/software/busco_prod/Augustus/scripts/msa2prfl.pl ./align_prep/1558822.fa
