[name]
unknown

[dist]
# distance from previous block
# <min> <max>
9	150

[block]
# block no. 0 follows, 57 sequences, length 110
# corresponding to MSA columns:
# 226-310,326-350
name=unknown_A
#
# <colnr> <probs for GDERKNQSTAVLIFYWHMCP>
#	G	D	E	R	K	N	Q	S	T	A	V	L	I	F	Y	W	H	M	C	P
0	0.00595	0.00479	0.00552	0.00574	0.02475	0.00423	0.00423	0.00744	0.01087	0.01379	0.22833	0.04091	0.51544	0.02843	0.00579	0.00161	0.00255	0.08129	0.00432	0.00402
1	0.00978	0.00961	0.01466	0.48433	0.27831	0.06080	0.01234	0.01249	0.00976	0.01261	0.00990	0.01303	0.04383	0.00470	0.00453	0.00144	0.00579	0.00422	0.00221	0.00568
2	0.01192	0.75281	0.06020	0.00809	0.01201	0.01717	0.00814	0.01426	0.05894	0.01135	0.00715	0.00798	0.00631	0.00404	0.00308	0.00103	0.00485	0.00264	0.00210	0.00594
3	0.00879	0.00858	0.01170	0.04864	0.01146	0.01136	0.00853	0.00991	0.00783	0.01125	0.01537	0.01787	0.19364	0.00860	0.01217	0.00185	0.59999	0.00527	0.00250	0.00470
4	0.81927	0.00901	0.00709	0.00624	0.00909	0.01041	0.00514	0.06234	0.00856	0.02084	0.00660	0.00758	0.00508	0.00428	0.00291	0.00140	0.00360	0.00256	0.00291	0.00508
5	0.01211	0.84348	0.02374	0.00775	0.01163	0.01793	0.00775	0.01357	0.00921	0.01066	0.00630	0.00727	0.00582	0.00388	0.00291	0.00097	0.00485	0.00242	0.00194	0.00582
6	0.00697	0.00499	0.00686	0.00758	0.00857	0.00488	0.00637	0.00897	0.01086	0.01449	0.20741	0.10428	0.03025	0.01188	0.00601	0.00191	0.00359	0.54559	0.00437	0.00416
7	0.01555	0.01114	0.01213	0.00976	0.01301	0.01230	0.00791	0.45055	0.28559	0.11151	0.01421	0.01342	0.01017	0.00570	0.00456	0.00142	0.00439	0.00449	0.00468	0.00753
8	0.01553	0.01448	0.01645	0.01273	0.01620	0.19833	0.19230	0.40712	0.01645	0.03345	0.00960	0.01062	0.00710	0.00494	0.00484	0.00137	0.02418	0.00411	0.00347	0.00671
9	0.01031	0.01008	0.01603	0.37937	0.43215	0.04823	0.01309	0.01308	0.00988	0.01321	0.00825	0.01145	0.00662	0.00428	0.00449	0.00141	0.00580	0.00398	0.00215	0.00615
10	0.01097	0.01042	0.01770	0.02660	0.76227	0.01042	0.01349	0.01362	0.01032	0.01473	0.00949	0.01371	0.00836	0.00457	0.00460	0.00139	0.00531	0.05268	0.00236	0.00699
11	0.00656	0.00472	0.00610	0.00606	0.00646	0.00511	0.00415	0.00731	0.00706	0.00972	0.01467	0.02492	0.05105	0.44759	0.35491	0.00541	0.02620	0.00595	0.00266	0.00339
12	0.01087	0.00958	0.01296	0.54918	0.02492	0.06127	0.01095	0.09457	0.11479	0.05167	0.01009	0.01250	0.00746	0.00489	0.00451	0.00147	0.00564	0.00413	0.00280	0.00573
13	0.01309	0.01195	0.01288	0.01095	0.01243	0.14609	0.00888	0.13806	0.08142	0.07957	0.00940	0.02952	0.00787	0.00680	0.00951	0.00166	0.40691	0.00416	0.00302	0.00583
14	0.01200	0.81105	0.05512	0.00796	0.01195	0.01764	0.00811	0.01360	0.00922	0.01081	0.00637	0.00736	0.00581	0.00389	0.00296	0.00099	0.00492	0.00246	0.00194	0.00585
15	0.01122	0.01077	0.01839	0.02781	0.81248	0.01077	0.01391	0.01391	0.01032	0.01480	0.00852	0.01122	0.00718	0.00404	0.00449	0.00135	0.00538	0.00404	0.00224	0.00718
16	0.00872	0.00822	0.01389	0.77971	0.08006	0.01011	0.01267	0.01172	0.00914	0.01178	0.00808	0.01203	0.00611	0.00450	0.00453	0.00150	0.00600	0.00403	0.00203	0.00517
17	0.01084	0.00737	0.00870	0.00732	0.00939	0.00748	0.00578	0.25371	0.01539	0.08484	0.47639	0.02556	0.05264	0.00786	0.00503	0.00141	0.00316	0.00667	0.00487	0.00560
18	0.00687	0.00540	0.00788	0.00766	0.00833	0.00652	0.00596	0.00832	0.00720	0.01045	0.01157	0.01765	0.01104	0.08147	0.68122	0.00650	0.10463	0.00486	0.00240	0.00407
19	0.00552	0.00394	0.00526	0.00631	0.00657	0.00368	0.00421	0.00631	0.00868	0.01157	0.02498	0.83779	0.02997	0.01420	0.00578	0.00184	0.00263	0.01288	0.00421	0.00368
20	0.87276	0.00876	0.00666	0.00596	0.00876	0.01017	0.00491	0.01332	0.00771	0.02033	0.00631	0.00736	0.00491	0.00421	0.00280	0.00140	0.00351	0.00245	0.00280	0.00491
21	0.02019	0.00794	0.01066	0.00817	0.01168	0.00700	0.00675	0.05816	0.01336	0.77900	0.01755	0.01521	0.01105	0.00560	0.00456	0.00140	0.00391	0.00453	0.00556	0.00771
22	0.00552	0.00394	0.00526	0.00631	0.00657	0.00368	0.00421	0.00631	0.00868	0.01157	0.02498	0.83779	0.02997	0.01420	0.00578	0.00184	0.00263	0.01288	0.00421	0.00368
23	0.01122	0.01077	0.01839	0.02781	0.81248	0.01077	0.01391	0.01391	0.01032	0.01480	0.00852	0.01122	0.00718	0.00404	0.00449	0.00135	0.00538	0.00404	0.00224	0.00718
24	0.00651	0.00469	0.00647	0.00647	0.00699	0.00522	0.00465	0.00757	0.00704	0.00992	0.01288	0.02193	0.01312	0.31504	0.54419	0.00628	0.00944	0.00546	0.00254	0.00359
25	0.00678	0.00487	0.00664	0.00735	0.00829	0.00473	0.00605	0.00864	0.01067	0.01421	0.19440	0.16993	0.05322	0.01205	0.00596	0.00189	0.00344	0.47243	0.00435	0.00411
26	0.00940	0.00805	0.00940	0.00671	0.01074	0.00604	0.00537	0.01141	0.00940	0.01477	0.00805	0.00940	0.00671	0.00336	0.00336	0.00067	0.00336	0.00268	0.00268	0.86845
27	0.00991	0.00991	0.01388	0.01190	0.01190	0.01388	0.00991	0.01091	0.00694	0.01091	0.00595	0.00991	0.00595	0.00793	0.01487	0.00198	0.83246	0.00397	0.00198	0.00496
28	0.02033	0.00771	0.01052	0.00806	0.01157	0.00666	0.00666	0.02208	0.01297	0.81562	0.01788	0.01542	0.01122	0.00561	0.00456	0.00140	0.00386	0.00456	0.00561	0.00771
29	0.00632	0.00461	0.00596	0.00572	0.00678	0.00424	0.00429	0.00834	0.01243	0.01739	0.70881	0.07224	0.08981	0.00970	0.00539	0.00147	0.00221	0.02521	0.00489	0.00422
30	0.00614	0.00440	0.00601	0.00691	0.00743	0.00434	0.00514	0.00734	0.00891	0.01188	0.02289	0.50713	0.02637	0.04691	0.09678	0.00260	0.00416	0.21689	0.00395	0.00382
31	0.01122	0.01077	0.01839	0.02781	0.81248	0.01077	0.01391	0.01391	0.01032	0.01480	0.00852	0.01122	0.00718	0.00404	0.00449	0.00135	0.00538	0.00404	0.00224	0.00718
32	0.00552	0.00394	0.00526	0.00631	0.00657	0.00368	0.00421	0.00631	0.00868	0.01157	0.02498	0.83779	0.02997	0.01420	0.00578	0.00184	0.00263	0.01288	0.00421	0.00368
33	0.00560	0.00401	0.00534	0.00636	0.00669	0.00375	0.00433	0.00645	0.00879	0.01167	0.02536	0.78627	0.04590	0.01407	0.00580	0.00184	0.00269	0.04717	0.00420	0.00371
34	0.00909	0.02344	0.81727	0.01292	0.01961	0.01052	0.01674	0.01435	0.00957	0.01435	0.00813	0.00957	0.00574	0.00431	0.00431	0.00144	0.00670	0.00335	0.00191	0.00670
35	0.01693	0.02160	0.01284	0.01167	0.01401	0.82256	0.00876	0.01809	0.01284	0.01109	0.00700	0.00817	0.00584	0.00467	0.00409	0.00117	0.00817	0.00292	0.00233	0.00525
36	0.00722	0.00519	0.00719	0.00819	0.00926	0.00516	0.00715	0.00927	0.01043	0.01351	0.02488	0.05081	0.05797	0.01248	0.00622	0.00206	0.00410	0.75059	0.00417	0.00416
37	0.00940	0.00805	0.00940	0.00671	0.01074	0.00604	0.00537	0.01141	0.00940	0.01477	0.00805	0.00940	0.00671	0.00336	0.00336	0.00067	0.00336	0.00268	0.00268	0.86845
38	0.00761	0.00583	0.00862	0.00905	0.01018	0.00606	0.04413	0.00970	0.01016	0.01338	0.02194	0.04606	0.02363	0.01225	0.02302	0.00216	0.05628	0.68172	0.00391	0.00431
39	0.00940	0.00805	0.00940	0.00671	0.01074	0.00604	0.00537	0.01141	0.00940	0.01477	0.00805	0.00940	0.00671	0.00336	0.00336	0.00067	0.00336	0.00268	0.00268	0.86845
40	0.00787	0.00394	0.00590	0.00590	0.00590	0.00394	0.00394	0.00590	0.00590	0.00787	0.00787	0.01377	0.00787	0.01574	0.01771	0.86816	0.00394	0.00394	0.00197	0.00197
41	0.00909	0.02344	0.81727	0.01292	0.01961	0.01052	0.01674	0.01435	0.00957	0.01435	0.00813	0.00957	0.00574	0.00431	0.00431	0.00144	0.00670	0.00335	0.00191	0.00670
42	0.01221	0.01276	0.06076	0.01674	0.02119	0.01187	0.57571	0.18107	0.01294	0.03405	0.00966	0.01188	0.00709	0.00422	0.00511	0.00149	0.00695	0.00497	0.00282	0.00651
43	0.00985	0.00604	0.00798	0.02416	0.00927	0.00552	0.04176	0.02717	0.02736	0.20299	0.22121	0.03008	0.31098	0.00988	0.04353	0.00174	0.00349	0.00732	0.00452	0.00513
44	0.00885	0.00835	0.01411	0.74239	0.11641	0.01014	0.01273	0.01183	0.00920	0.01193	0.00811	0.01199	0.00616	0.00448	0.00453	0.00149	0.00597	0.00403	0.00204	0.00527
45	0.01077	0.46469	0.34367	0.01007	0.01487	0.01471	0.01151	0.01373	0.00922	0.01216	0.00702	0.00835	0.00579	0.00428	0.00415	0.00122	0.05284	0.00288	0.00193	0.00612
46	0.00641	0.00463	0.00606	0.00570	0.00677	0.00428	0.00428	0.00855	0.01283	0.01817	0.81009	0.03385	0.04276	0.00926	0.00534	0.00143	0.00214	0.00819	0.00499	0.00428
47	0.01106	0.01061	0.01643	0.06011	0.54340	0.03961	0.04191	0.03041	0.01042	0.01479	0.00843	0.01082	0.00698	0.00397	0.00429	0.00122	0.00520	0.00378	0.00237	0.17417
48	0.00635	0.00463	0.00597	0.00564	0.00673	0.00425	0.00423	0.00843	0.01268	0.01783	0.76641	0.03441	0.08665	0.00939	0.00535	0.00143	0.00215	0.00827	0.00494	0.00425
49	0.00551	0.00399	0.00521	0.00618	0.00654	0.00369	0.00415	0.00632	0.00880	0.01162	0.02659	0.77641	0.09031	0.01399	0.00575	0.00182	0.00260	0.01263	0.00421	0.00369
50	0.00647	0.00485	0.00728	0.00728	0.00809	0.00566	0.00566	0.00809	0.00728	0.01052	0.01214	0.01780	0.01133	0.03398	0.82279	0.00728	0.01214	0.00485	0.00243	0.00405
51	0.00991	0.00991	0.01388	0.01190	0.01190	0.01388	0.00991	0.01091	0.00694	0.01091	0.00595	0.00991	0.00595	0.00793	0.01487	0.00198	0.83246	0.00397	0.00198	0.00496
52	0.00641	0.00527	0.00573	0.00550	0.00703	0.00492	0.00416	0.00935	0.11441	0.01473	0.25054	0.03747	0.49766	0.01018	0.00526	0.00150	0.00242	0.00861	0.00447	0.00438
53	0.01317	0.01279	0.01118	0.00991	0.01252	0.20077	0.00768	0.09832	0.54312	0.01806	0.01504	0.01428	0.01137	0.00573	0.00448	0.00143	0.00479	0.00451	0.00407	0.00678
54	0.87276	0.00876	0.00666	0.00596	0.00876	0.01017	0.00491	0.01332	0.00771	0.02033	0.00631	0.00736	0.00491	0.00421	0.00280	0.00140	0.00351	0.00245	0.00280	0.00491
55	0.01756	0.00690	0.00905	0.00717	0.01010	0.00609	0.00585	0.01940	0.01216	0.62933	0.01716	0.01577	0.01131	0.00553	0.00423	0.00132	0.00345	0.00448	0.20626	0.00690
56	0.00539	0.00444	0.00475	0.00499	0.00623	0.00379	0.00362	0.00646	0.00994	0.01208	0.04102	0.22884	0.62856	0.01211	0.00546	0.00160	0.00237	0.01034	0.00421	0.00379
57	0.01206	0.01013	0.01069	0.00938	0.01209	0.01164	0.00736	0.12721	0.69987	0.02024	0.01743	0.01610	0.01302	0.00605	0.00460	0.00151	0.00377	0.00498	0.00460	0.00724
58	0.00634	0.00429	0.00502	0.00526	0.00532	0.00423	0.00309	0.00652	0.00708	0.00943	0.01677	0.21814	0.01962	0.64797	0.01903	0.00380	0.00398	0.00806	0.00309	0.00296
59	0.00641	0.00463	0.00606	0.00570	0.00677	0.00428	0.00428	0.00855	0.01283	0.01817	0.81009	0.03385	0.04276	0.00926	0.00534	0.00143	0.00214	0.00819	0.00499	0.00428
60	0.01693	0.02160	0.01284	0.01167	0.01401	0.82256	0.00876	0.01809	0.01284	0.01109	0.00700	0.00817	0.00584	0.00467	0.00409	0.00117	0.00817	0.00292	0.00233	0.00525
61	0.00914	0.03703	0.80413	0.01283	0.01948	0.01065	0.01659	0.01434	0.00956	0.01429	0.00810	0.00953	0.00574	0.00430	0.00428	0.00143	0.00667	0.00333	0.00191	0.00668
62	0.00675	0.00559	0.00587	0.00555	0.00725	0.00525	0.00423	0.04601	0.10537	0.01454	0.13627	0.03769	0.58263	0.01028	0.00523	0.00151	0.00256	0.00861	0.00437	0.00446
63	0.00960	0.00805	0.00951	0.02531	0.01122	0.00614	0.00556	0.01163	0.00946	0.03122	0.00826	0.00958	0.00679	0.00343	0.00341	0.00071	0.00343	0.00275	0.00273	0.83122
64	0.00830	0.00615	0.01002	0.41316	0.03950	0.00714	0.00847	0.00891	0.00758	0.00988	0.00798	0.01287	0.00695	0.00990	0.01086	0.41773	0.00501	0.00398	0.00200	0.00362
65	0.01973	0.00469	0.00602	0.00567	0.00678	0.00435	0.00426	0.00855	0.01266	0.01800	0.77122	0.03378	0.06878	0.00926	0.00531	0.00143	0.00216	0.00815	0.00493	0.00427
66	0.00578	0.00477	0.00502	0.00489	0.00639	0.00412	0.00369	0.02390	0.01096	0.01353	0.16604	0.04136	0.67183	0.01100	0.00534	0.00151	0.00233	0.00923	0.00434	0.00398
67	0.00910	0.02304	0.79613	0.01275	0.01938	0.01041	0.01644	0.01427	0.00956	0.01436	0.00813	0.00956	0.00577	0.00428	0.00428	0.00142	0.00661	0.00333	0.00193	0.02925
68	0.00940	0.00805	0.00940	0.00671	0.01074	0.00604	0.00537	0.01141	0.00940	0.01477	0.00805	0.00940	0.00671	0.00336	0.00336	0.00067	0.00336	0.00268	0.00268	0.86845
69	0.00638	0.00485	0.00616	0.00584	0.00690	0.00463	0.00441	0.00825	0.01199	0.01664	0.62111	0.06761	0.15967	0.00975	0.00581	0.00148	0.04121	0.00840	0.00469	0.00421
70	0.00650	0.00476	0.00680	0.00680	0.00745	0.00540	0.00507	0.00778	0.00714	0.01016	0.01258	0.02023	0.01238	0.19941	0.65881	0.00669	0.01055	0.00521	0.00249	0.00378
71	0.00703	0.00613	0.00744	0.00710	0.00804	0.00679	0.00552	0.00882	0.05873	0.01213	0.02870	0.13307	0.37236	0.06184	0.00878	0.00189	0.20057	0.05722	0.00361	0.00424
72	0.03457	0.00811	0.01069	0.00821	0.01171	0.00729	0.00678	0.08131	0.01352	0.74184	0.01714	0.01494	0.01084	0.00557	0.00453	0.00140	0.00394	0.00448	0.00548	0.00766
73	0.01070	0.01222	0.02674	0.01910	0.02368	0.01146	0.79603	0.01451	0.01070	0.01451	0.00917	0.01222	0.00688	0.00382	0.00535	0.00153	0.00764	0.00535	0.00229	0.00611
74	0.00787	0.00394	0.00590	0.00590	0.00590	0.00394	0.00394	0.00590	0.00590	0.00787	0.00787	0.01377	0.00787	0.01574	0.01771	0.86816	0.00394	0.00394	0.00197	0.00197
75	0.52377	0.00874	0.00849	0.00701	0.01012	0.00934	0.00579	0.08082	0.01055	0.28080	0.01046	0.01028	0.00720	0.00477	0.00352	0.00140	0.00374	0.00327	0.00386	0.00605
76	0.01355	0.01012	0.01102	0.00938	0.01225	0.01129	0.00750	0.22379	0.49030	0.10019	0.01665	0.01660	0.01249	0.00617	0.00465	0.00150	0.00400	0.03663	0.00467	0.00724
77	0.00773	0.00571	0.00762	0.00844	0.00965	0.00588	0.00729	0.01099	0.09701	0.01415	0.02339	0.04738	0.02474	0.01182	0.00608	0.00203	0.00411	0.69726	0.00422	0.00450
78	0.00787	0.00394	0.00590	0.00590	0.00590	0.00394	0.00394	0.00590	0.00590	0.00787	0.00787	0.01377	0.00787	0.01574	0.01771	0.86816	0.00394	0.00394	0.00197	0.00197
79	0.00644	0.00563	0.00563	0.00558	0.00699	0.04243	0.00414	0.00842	0.05959	0.01343	0.15707	0.13109	0.51569	0.01081	0.00530	0.00153	0.00266	0.00916	0.00426	0.00415
80	0.00922	0.00554	0.00736	0.00762	0.00899	0.00543	0.00643	0.03154	0.01093	0.11414	0.07303	0.04000	0.02292	0.04444	0.00630	0.00192	0.00381	0.50038	0.09532	0.00466
81	0.00730	0.00522	0.00730	0.00835	0.00939	0.00522	0.00730	0.00939	0.01043	0.01356	0.02399	0.05111	0.02608	0.01252	0.00626	0.00209	0.00417	0.78199	0.00417	0.00417
82	0.00856	0.00805	0.01359	0.82986	0.03121	0.01007	0.01258	0.01158	0.00906	0.01158	0.00805	0.01208	0.00604	0.00453	0.00453	0.00151	0.00604	0.00403	0.00201	0.00503
83	0.00884	0.00840	0.01436	0.74057	0.09571	0.01016	0.03478	0.01185	0.00921	0.01193	0.00812	0.01201	0.00616	0.00447	0.00455	0.00150	0.00603	0.00407	0.00204	0.00524
84	0.00909	0.02344	0.81727	0.01292	0.01961	0.01052	0.01674	0.01435	0.00957	0.01435	0.00813	0.00957	0.00574	0.00431	0.00431	0.00144	0.00670	0.00335	0.00191	0.00670
85	0.01122	0.01077	0.01839	0.02781	0.81248	0.01077	0.01391	0.01391	0.01032	0.01480	0.00852	0.01122	0.00718	0.00404	0.00449	0.00135	0.00538	0.00404	0.00224	0.00718
86	0.01065	0.00904	0.01406	0.60156	0.06373	0.01065	0.03384	0.14112	0.01133	0.04755	0.00897	0.01198	0.00660	0.00468	0.00455	0.00147	0.00579	0.00410	0.00259	0.00571
87	0.01209	0.81997	0.02336	0.00779	0.01163	0.01774	0.00774	0.01386	0.03162	0.01089	0.00664	0.00754	0.00604	0.00394	0.00296	0.00099	0.00481	0.00250	0.00201	0.00585
88	0.00856	0.00805	0.01359	0.82986	0.03121	0.01007	0.01258	0.01158	0.00906	0.01158	0.00805	0.01208	0.00604	0.00453	0.00453	0.00151	0.00604	0.00403	0.00201	0.00503
89	0.00894	0.00833	0.01365	0.68037	0.10245	0.01007	0.01222	0.01252	0.05894	0.01240	0.00920	0.01340	0.00720	0.00481	0.00458	0.00151	0.00577	0.02603	0.00226	0.00534
90	0.00985	0.00993	0.01306	0.01138	0.01152	0.05097	0.00935	0.01083	0.00737	0.01097	0.00771	0.08422	0.00810	0.00834	0.01355	0.00193	0.71916	0.00472	0.00220	0.00486
91	0.00659	0.00439	0.00494	0.00494	0.00494	0.00439	0.00275	0.00659	0.00659	0.00879	0.01428	0.02965	0.01647	0.84075	0.02306	0.00439	0.00439	0.00659	0.00275	0.00275
92	0.01122	0.01077	0.01839	0.02781	0.81248	0.01077	0.01391	0.01391	0.01032	0.01480	0.00852	0.01122	0.00718	0.00404	0.00449	0.00135	0.00538	0.00404	0.00224	0.00718
93	0.00856	0.00805	0.01359	0.82986	0.03121	0.01007	0.01258	0.01158	0.00906	0.01158	0.00805	0.01208	0.00604	0.00453	0.00453	0.00151	0.00604	0.00403	0.00201	0.00503
94	0.00722	0.00516	0.00721	0.00825	0.00926	0.00514	0.00716	0.00924	0.01035	0.01347	0.02404	0.08809	0.02626	0.01260	0.00624	0.00207	0.00410	0.74584	0.00417	0.00415
95	0.00856	0.00805	0.01359	0.82986	0.03121	0.01007	0.01258	0.01158	0.00906	0.01158	0.00805	0.01208	0.00604	0.00453	0.00453	0.00151	0.00604	0.00403	0.00201	0.00503
96	0.00659	0.00439	0.00494	0.00494	0.00494	0.00439	0.00275	0.00659	0.00659	0.00879	0.01428	0.02965	0.01647	0.84075	0.02306	0.00439	0.00439	0.00659	0.00275	0.00275
97	0.00940	0.00805	0.00940	0.00671	0.01074	0.00604	0.00537	0.01141	0.00940	0.01477	0.00805	0.00940	0.00671	0.00336	0.00336	0.00067	0.00336	0.00268	0.00268	0.86845
98	0.00940	0.00805	0.00940	0.00671	0.01074	0.00604	0.00537	0.01141	0.00940	0.01477	0.00805	0.00940	0.00671	0.00336	0.00336	0.00067	0.00336	0.00268	0.00268	0.86845
99	0.00659	0.00439	0.00494	0.00494	0.00494	0.00439	0.00275	0.00659	0.00659	0.00879	0.01428	0.02965	0.01647	0.84075	0.02306	0.00439	0.00439	0.00659	0.00275	0.00275
100	0.01211	0.84348	0.02374	0.00775	0.01163	0.01793	0.00775	0.01357	0.00921	0.01066	0.00630	0.00727	0.00582	0.00388	0.00291	0.00097	0.00485	0.00242	0.00194	0.00582
101	0.01211	0.84348	0.02374	0.00775	0.01163	0.01793	0.00775	0.01357	0.00921	0.01066	0.00630	0.00727	0.00582	0.00388	0.00291	0.00097	0.00485	0.00242	0.00194	0.00582
102	0.00928	0.07471	0.76766	0.01259	0.01911	0.01099	0.01618	0.01430	0.00954	0.01412	0.00802	0.00942	0.00574	0.00428	0.00422	0.00141	0.00658	0.00329	0.00191	0.00664
103	0.00909	0.02344	0.81727	0.01292	0.01961	0.01052	0.01674	0.01435	0.00957	0.01435	0.00813	0.00957	0.00574	0.00431	0.00431	0.00144	0.00670	0.00335	0.00191	0.00670
104	0.00940	0.00805	0.00940	0.00671	0.01074	0.00604	0.00537	0.01141	0.00940	0.01477	0.00805	0.00940	0.00671	0.00336	0.00336	0.00067	0.00336	0.00268	0.00268	0.86845
105	0.00940	0.00805	0.00940	0.00671	0.01074	0.00604	0.00537	0.01141	0.00940	0.01477	0.00805	0.00940	0.00671	0.00336	0.00336	0.00067	0.00336	0.00268	0.00268	0.86845
106	0.00561	0.00399	0.00529	0.00629	0.00655	0.00375	0.00420	0.00639	0.00861	0.01148	0.02445	0.78351	0.02926	0.05301	0.00661	0.00197	0.00274	0.02852	0.00414	0.00365
107	0.01387	0.55872	0.02027	0.00867	0.01246	0.01660	0.00805	0.28222	0.01335	0.01680	0.00787	0.00851	0.00646	0.00441	0.00346	0.00110	0.00489	0.00299	0.00283	0.00646
108	0.00678	0.00460	0.00680	0.00680	0.00743	0.00513	0.00511	0.00745	0.00707	0.00992	0.01262	0.01797	0.04800	0.02821	0.57619	0.22963	0.00955	0.00484	0.00239	0.00350
109	0.10045	0.04907	0.06166	0.00862	0.01214	0.00939	0.00751	0.19596	0.02721	0.42055	0.01435	0.05115	0.01013	0.00568	0.00435	0.00140	0.00424	0.00447	0.00461	0.00709

[dist]
# distance from previous block
# <min> <max>
0	2

[block]
# block no. 1 follows, 57 sequences, length 14
# corresponding to MSA columns:
# 353-366
name=unknown_B
#
# <colnr> <probs for GDERKNQSTAVLIFYWHMCP>
#	G	D	E	R	K	N	Q	S	T	A	V	L	I	F	Y	W	H	M	C	P
0	0.01539	0.01916	0.01461	0.01258	0.01492	0.63465	0.10224	0.01685	0.01192	0.01148	0.00714	0.00885	0.00597	0.00494	0.00546	0.00130	0.10161	0.00333	0.00229	0.00532
1	0.00557	0.00434	0.00506	0.00543	0.00639	0.00383	0.00386	0.00670	0.01000	0.01277	0.14116	0.36261	0.39157	0.01227	0.00553	0.00164	0.00241	0.01072	0.00431	0.00383
2	0.00756	0.13363	0.23966	0.00846	0.01111	0.00778	0.00838	0.00975	0.00905	0.01228	0.01739	0.45914	0.01939	0.00981	0.00495	0.00160	0.00416	0.02783	0.00322	0.00487
3	0.04042	0.72332	0.02196	0.00814	0.01181	0.10895	0.00778	0.01407	0.00957	0.01102	0.00638	0.00737	0.00579	0.00398	0.00304	0.00101	0.00518	0.00248	0.00201	0.00572
4	0.00699	0.00539	0.00649	0.00623	0.00751	0.00532	0.00465	0.01063	0.14354	0.01685	0.49879	0.12747	0.12354	0.00958	0.00528	0.00150	0.00245	0.00840	0.00474	0.00464
5	0.00942	0.11324	0.73037	0.01235	0.01874	0.01133	0.01576	0.01426	0.00953	0.01395	0.00793	0.00932	0.00575	0.00426	0.00415	0.00138	0.00649	0.00325	0.00192	0.00660
6	0.00882	0.00745	0.00878	0.00665	0.01012	0.00569	0.00520	0.01066	0.00929	0.01429	0.01056	0.13185	0.01015	0.00496	0.00371	0.00084	0.00325	0.00419	0.00291	0.74062
7	0.00620	0.00437	0.00608	0.00660	0.00719	0.00405	0.02508	0.00729	0.00946	0.03474	0.14042	0.67465	0.03074	0.01296	0.00567	0.00176	0.00272	0.01176	0.00431	0.00394
8	0.00988	0.23768	0.60996	0.01157	0.01753	0.01246	0.01439	0.01415	0.00947	0.01339	0.00765	0.00897	0.00576	0.00419	0.00394	0.00131	0.00621	0.00311	0.00192	0.00647
9	0.11698	0.00797	0.00961	0.00727	0.01090	0.00682	0.00593	0.01672	0.01090	0.39683	0.01253	0.01203	0.00864	0.00453	0.00386	0.00111	0.00361	0.00355	0.00409	0.35613
10	0.00548	0.00460	0.00476	0.00472	0.00620	0.00388	0.00354	0.00675	0.01062	0.01294	0.13652	0.04245	0.71959	0.01121	0.00535	0.00152	0.00228	0.00940	0.00430	0.00388
11	0.01095	0.01285	0.05079	0.23380	0.02417	0.12555	0.44709	0.01423	0.01052	0.01324	0.00853	0.01151	0.00646	0.00415	0.00491	0.00147	0.00725	0.00458	0.00221	0.00573
12	0.00796	0.00582	0.00726	0.00758	0.00879	0.00586	0.00605	0.12452	0.01142	0.01496	0.02453	0.31634	0.10122	0.01195	0.00575	0.00184	0.00358	0.32583	0.00424	0.00449
13	0.01001	0.17549	0.45690	0.01343	0.13429	0.01146	0.01333	0.01380	0.00959	0.01376	0.00783	0.00935	0.00608	0.00408	0.00396	0.00125	0.00577	0.00320	0.00205	0.10436

[dist]
# distance from previous block
# <min> <max>
0	1

[block]
# block no. 2 follows, 57 sequences, length 9
# corresponding to MSA columns:
# 368-376
name=unknown_C
#
# <colnr> <probs for GDERKNQSTAVLIFYWHMCP>
#	G	D	E	R	K	N	Q	S	T	A	V	L	I	F	Y	W	H	M	C	P
0	0.01192	0.70041	0.12776	0.00860	0.01278	0.05131	0.00898	0.01386	0.00941	0.01117	0.00657	0.00761	0.00581	0.00397	0.00314	0.00104	0.00523	0.00257	0.00195	0.00591
1	0.02862	0.03295	0.34581	0.01036	0.01500	0.05338	0.04684	0.10961	0.01141	0.04861	0.01374	0.01438	0.11237	0.00529	0.00432	0.00130	0.00532	0.00424	0.00286	0.13359
2	0.02711	0.22874	0.46011	0.01138	0.01658	0.03064	0.05398	0.02772	0.02305	0.02779	0.00846	0.03173	0.00673	0.00460	0.00425	0.00134	0.02378	0.00353	0.00219	0.00630
3	0.00978	0.21157	0.63523	0.01173	0.01778	0.01222	0.01468	0.01417	0.00948	0.01350	0.00771	0.00904	0.00576	0.00421	0.00398	0.00133	0.00627	0.00314	0.00192	0.00649
4	0.01192	0.78944	0.07603	0.00809	0.01216	0.01744	0.00835	0.01362	0.00923	0.01090	0.00642	0.00742	0.00581	0.00390	0.00300	0.00100	0.00497	0.00248	0.00194	0.00587
5	0.12909	0.12155	0.12578	0.04727	0.03659	0.04463	0.00885	0.12991	0.03099	0.26582	0.01128	0.01126	0.00788	0.00487	0.00405	0.00134	0.00482	0.00366	0.00366	0.00669
6	0.01530	0.01037	0.11707	0.00899	0.01286	0.00805	0.02784	0.09262	0.04872	0.39868	0.01375	0.01330	0.00941	0.00650	0.04727	0.00160	0.00477	0.00409	0.00422	0.15460
7	0.00623	0.00452	0.00569	0.00558	0.00660	0.00414	0.00412	0.00806	0.01183	0.01647	0.57687	0.14037	0.14110	0.01006	0.00532	0.00148	0.00222	0.00885	0.03636	0.00414
8	0.01005	0.00636	0.00924	0.11688	0.06724	0.00680	0.00702	0.01215	0.03046	0.16806	0.04089	0.07984	0.01302	0.05696	0.26836	0.00348	0.02909	0.00539	0.06358	0.00514

[dist]
# distance from previous block
# <min> <max>
0	21

[block]
# block no. 3 follows, 57 sequences, length 25
# corresponding to MSA columns:
# 398-422
name=unknown_D
#
# <colnr> <probs for GDERKNQSTAVLIFYWHMCP>
#	G	D	E	R	K	N	Q	S	T	A	V	L	I	F	Y	W	H	M	C	P
0	0.01253	0.12063	0.04009	0.00868	0.01230	0.03361	0.00738	0.22752	0.16021	0.02973	0.01083	0.02106	0.00847	0.00474	0.00395	0.00112	0.00428	0.00366	0.00347	0.28573
1	0.03907	0.01137	0.01204	0.00971	0.01290	0.01274	0.00787	0.50729	0.26491	0.02493	0.01324	0.01287	0.00967	0.00562	0.00446	0.00141	0.00441	0.00436	0.03377	0.00734
2	0.00647	0.00485	0.00728	0.00728	0.00809	0.00566	0.00566	0.00809	0.00728	0.01052	0.01214	0.01780	0.01133	0.03398	0.82279	0.00728	0.01214	0.00485	0.00243	0.00405
3	0.00970	0.00988	0.04366	0.44988	0.31102	0.01044	0.07500	0.01274	0.00966	0.01306	0.00831	0.01170	0.00650	0.00429	0.00457	0.00145	0.00595	0.00411	0.00211	0.00595
4	0.01087	0.01087	0.06645	0.24131	0.31131	0.03322	0.01185	0.10326	0.07774	0.01541	0.00968	0.01215	0.00764	0.00660	0.06074	0.00182	0.00599	0.00411	0.00263	0.00635
5	0.00782	0.00395	0.00586	0.00586	0.00586	0.00395	0.00389	0.00593	0.00593	0.00791	0.00814	0.01443	0.00823	0.04981	0.01793	0.83249	0.00395	0.00405	0.00200	0.00200
6	0.01453	0.01638	0.01576	0.06592	0.04772	0.42840	0.15616	0.07163	0.01218	0.04292	0.00812	0.00991	0.00644	0.00486	0.00537	0.00136	0.08037	0.00372	0.00255	0.00571
7	0.00576	0.00406	0.00527	0.00615	0.00639	0.00385	0.00406	0.00646	0.00838	0.01117	0.02314	0.67586	0.02757	0.15322	0.00871	0.00228	0.00298	0.03719	0.00396	0.00354
8	0.01353	0.23208	0.03724	0.00915	0.01254	0.03584	0.00790	0.21562	0.27605	0.06344	0.01227	0.01200	0.00929	0.00514	0.00406	0.00129	0.00449	0.00391	0.00373	0.04043
9	0.00567	0.00406	0.00524	0.00612	0.00646	0.00381	0.00410	0.00644	0.00861	0.01138	0.02511	0.68511	0.07538	0.09890	0.00755	0.00209	0.00283	0.03350	0.00406	0.00361
10	0.12611	0.00856	0.01009	0.00740	0.01127	0.00722	0.04535	0.04630	0.00976	0.01611	0.00800	0.00933	0.00652	0.00359	0.00343	0.00084	0.00366	0.00285	0.00276	0.67086
11	0.00886	0.00937	0.05073	0.01247	0.01554	0.00848	0.35011	0.01279	0.09223	0.01470	0.08176	0.02623	0.15029	0.00729	0.00538	0.00161	0.00525	0.13815	0.00337	0.00538
12	0.00718	0.00513	0.00716	0.00821	0.00920	0.00511	0.00709	0.00918	0.01031	0.01343	0.02406	0.10403	0.02634	0.01263	0.00623	0.00207	0.00407	0.73025	0.00417	0.00414
13	0.01903	0.01067	0.01170	0.00916	0.01258	0.09274	0.00747	0.25977	0.01552	0.49127	0.01461	0.01328	0.00959	0.00546	0.00450	0.00137	0.00465	0.00424	0.00494	0.00746
14	0.01257	0.01166	0.01162	0.01152	0.09446	0.12939	0.00815	0.05768	0.55323	0.03617	0.01540	0.01474	0.01164	0.00567	0.00452	0.00145	0.00451	0.00463	0.00406	0.00693
15	0.00555	0.00396	0.00528	0.00629	0.00658	0.00370	0.00421	0.00638	0.00880	0.01177	0.04940	0.81278	0.03037	0.01404	0.00577	0.00183	0.00261	0.01274	0.00423	0.00370
16	0.00685	0.00538	0.00788	0.00766	0.00834	0.00649	0.00597	0.00832	0.00721	0.01047	0.01158	0.01755	0.01101	0.07231	0.69472	0.00656	0.10037	0.00485	0.00240	0.00408
17	0.00878	0.00848	0.01494	0.74657	0.03044	0.01021	0.09306	0.01188	0.00923	0.01188	0.00817	0.01210	0.00613	0.00446	0.00461	0.00151	0.00620	0.00416	0.00204	0.00514
18	0.00558	0.00403	0.00526	0.00621	0.00659	0.00375	0.00421	0.00641	0.00881	0.01162	0.02629	0.74300	0.08682	0.02912	0.00608	0.00187	0.00268	0.03380	0.00418	0.00369
19	0.13668	0.00994	0.01127	0.00876	0.01222	0.01024	0.00724	0.34551	0.01573	0.37629	0.01335	0.01241	0.00888	0.00534	0.00430	0.00138	0.00428	0.00407	0.00477	0.00732
20	0.11156	0.01326	0.01254	0.30591	0.01951	0.30381	0.03164	0.01507	0.05874	0.02637	0.00829	0.01049	0.00651	0.00529	0.01895	0.00149	0.03925	0.00357	0.00245	0.00528
21	0.01055	0.01130	0.02105	0.01517	0.01947	0.03590	0.53059	0.01403	0.03218	0.01460	0.00904	0.01144	0.00699	0.00378	0.00474	0.00128	0.00636	0.00453	0.00247	0.24455
22	0.00550	0.00401	0.00519	0.00613	0.00653	0.00370	0.00413	0.00633	0.00885	0.01164	0.02712	0.75621	0.11017	0.01392	0.00574	0.00181	0.00259	0.01254	0.00421	0.00370
23	0.00568	0.00417	0.00563	0.04205	0.00764	0.00399	0.00455	0.00663	0.00891	0.01185	0.05627	0.74657	0.05219	0.01350	0.00570	0.00180	0.00275	0.01221	0.00414	0.00377
24	0.01406	0.04744	0.01283	0.01002	0.01289	0.01318	0.00818	0.39725	0.30813	0.02242	0.01296	0.01285	0.00970	0.00589	0.00555	0.00147	0.08947	0.00438	0.00419	0.00714

[dist]
# distance from previous block
# <min> <max>
0	4

[block]
# block no. 4 follows, 57 sequences, length 34
# corresponding to MSA columns:
# 429-462
name=unknown_E
#
# <colnr> <probs for GDERKNQSTAVLIFYWHMCP>
#	G	D	E	R	K	N	Q	S	T	A	V	L	I	F	Y	W	H	M	C	P
0	0.01156	0.24164	0.10515	0.13606	0.20463	0.10449	0.05902	0.01407	0.01008	0.03254	0.00813	0.02206	0.00674	0.00433	0.00405	0.00126	0.00581	0.00359	0.00222	0.02256
1	0.07648	0.02070	0.01241	0.01128	0.01364	0.76603	0.00849	0.01776	0.01248	0.01173	0.00696	0.00812	0.00577	0.00464	0.00400	0.00118	0.00785	0.00289	0.00237	0.00523
2	0.00739	0.00546	0.00863	0.00799	0.00913	0.00603	0.06053	0.00906	0.00773	0.04617	0.01232	0.01805	0.01134	0.08121	0.67971	0.00644	0.01097	0.00498	0.00258	0.00427
3	0.00714	0.00498	0.00568	0.00554	0.00586	0.00518	0.00340	0.02527	0.06248	0.01006	0.01433	0.02746	0.01571	0.70314	0.08205	0.00435	0.00494	0.00630	0.00289	0.00326
4	0.00758	0.00639	0.00956	0.00873	0.00982	0.02301	0.06122	0.02841	0.00794	0.01129	0.01118	0.01627	0.01029	0.02802	0.64956	0.00609	0.09308	0.00474	0.00242	0.00439
5	0.00611	0.00456	0.00640	0.00803	0.06297	0.00434	0.00522	0.00718	0.00898	0.01201	0.02372	0.69296	0.02795	0.01330	0.00575	0.00183	0.00299	0.09763	0.00407	0.00398
6	0.00659	0.00439	0.00494	0.00494	0.00494	0.00439	0.00275	0.00659	0.00659	0.00879	0.01428	0.02965	0.01647	0.84075	0.02306	0.00439	0.00439	0.00659	0.00275	0.00275
7	0.01156	0.63901	0.20093	0.00901	0.01348	0.03691	0.00979	0.01386	0.00938	0.01150	0.00673	0.00781	0.00580	0.00399	0.00325	0.00108	0.00535	0.00264	0.00194	0.00600
8	0.00803	0.02798	0.00981	0.05505	0.16302	0.00659	0.00744	0.02054	0.02082	0.01330	0.01773	0.33180	0.01936	0.00948	0.00513	0.00159	0.00383	0.15528	0.00346	0.11976
9	0.01230	0.01385	0.08279	0.02169	0.49926	0.17123	0.05337	0.01491	0.01081	0.03370	0.00844	0.01057	0.00686	0.00419	0.00440	0.00130	0.00605	0.00379	0.00234	0.03816
10	0.01792	0.01157	0.01291	0.00990	0.01349	0.01239	0.00817	0.62342	0.01943	0.20515	0.01245	0.01190	0.00849	0.00548	0.00454	0.00137	0.00473	0.00419	0.00477	0.00771
11	0.00648	0.00435	0.00497	0.00508	0.00511	0.00432	0.00289	0.00656	0.00680	0.00907	0.01535	0.11105	0.01783	0.75750	0.02132	0.00414	0.00422	0.00722	0.00289	0.00284
12	0.00677	0.00456	0.00554	0.00548	0.00574	0.00446	0.01800	0.00708	0.00735	0.02681	0.03759	0.14260	0.03849	0.64893	0.01901	0.00377	0.00408	0.00752	0.00310	0.00311
13	0.01175	0.01045	0.01049	0.00939	0.01197	0.05397	0.00730	0.04784	0.73835	0.01884	0.01761	0.01626	0.01322	0.00605	0.00458	0.00151	0.00387	0.00497	0.00449	0.00709
14	0.08252	0.00850	0.01067	0.00825	0.01172	0.00798	0.00681	0.13240	0.01378	0.64455	0.01603	0.01418	0.01025	0.00548	0.00442	0.00140	0.00399	0.00433	0.00525	0.00750
15	0.01122	0.01077	0.01839	0.02781	0.81248	0.01077	0.01391	0.01391	0.01032	0.01480	0.00852	0.01122	0.00718	0.00404	0.00449	0.00135	0.00538	0.00404	0.00224	0.00718
16	0.01996	0.00831	0.01089	0.00835	0.01187	0.00755	0.00690	0.11580	0.01398	0.72049	0.01703	0.01487	0.01079	0.00559	0.00455	0.00140	0.00399	0.00450	0.00548	0.00771
17	0.00560	0.00400	0.00535	0.00640	0.00670	0.00375	0.00434	0.00644	0.00875	0.01165	0.02493	0.80322	0.02980	0.01412	0.00580	0.00185	0.00270	0.04668	0.00420	0.00370
18	0.01693	0.02137	0.01286	0.01164	0.01401	0.80218	0.00875	0.03773	0.01305	0.01153	0.00710	0.00824	0.00588	0.00469	0.00410	0.00117	0.00809	0.00295	0.00239	0.00531
19	0.00770	0.00588	0.00711	0.00745	0.00861	0.04777	0.00613	0.00968	0.01137	0.03363	0.29205	0.07013	0.04788	0.01087	0.00576	0.00178	0.00358	0.41392	0.00439	0.00432
20	0.01866	0.00734	0.00972	0.00759	0.01076	0.00648	0.00623	0.03613	0.01267	0.69145	0.01732	0.01553	0.01120	0.00556	0.00437	0.00135	0.00364	0.00450	0.12226	0.00724
21	0.00537	0.00451	0.00467	0.00479	0.00617	0.00381	0.00353	0.00648	0.01014	0.01216	0.04346	0.13626	0.71957	0.01179	0.00541	0.00157	0.00233	0.00995	0.00421	0.00381
22	0.00940	0.00805	0.00940	0.00671	0.01074	0.00604	0.00537	0.01141	0.00940	0.01477	0.00805	0.00940	0.00671	0.00336	0.00336	0.00067	0.00336	0.00268	0.00268	0.86845
23	0.87276	0.00876	0.00666	0.00596	0.00876	0.01017	0.00491	0.01332	0.00771	0.02033	0.00631	0.00736	0.00491	0.00421	0.00280	0.00140	0.00351	0.00245	0.00280	0.00491
24	0.87276	0.00876	0.00666	0.00596	0.00876	0.01017	0.00491	0.01332	0.00771	0.02033	0.00631	0.00736	0.00491	0.00421	0.00280	0.00140	0.00351	0.00245	0.00280	0.00491
25	0.00988	0.00804	0.00945	0.00677	0.01078	0.00607	0.00543	0.01188	0.00955	0.04996	0.00849	0.00966	0.00691	0.00345	0.00341	0.00070	0.00338	0.00277	0.00281	0.83063
26	0.01050	0.01003	0.01709	0.24499	0.60093	0.01058	0.01355	0.01328	0.00998	0.01393	0.00840	0.01145	0.00687	0.00417	0.00450	0.00139	0.00556	0.00403	0.00218	0.00660
27	0.00659	0.00439	0.00494	0.00494	0.00494	0.00439	0.00275	0.00659	0.00659	0.00879	0.01428	0.02965	0.01647	0.84075	0.02306	0.00439	0.00439	0.00659	0.00275	0.00275
28	0.00909	0.02344	0.81727	0.01292	0.01961	0.01052	0.01674	0.01435	0.00957	0.01435	0.00813	0.00957	0.00574	0.00431	0.00431	0.00144	0.00670	0.00335	0.00191	0.00670
29	0.00940	0.00805	0.00940	0.00671	0.01074	0.00604	0.00537	0.01141	0.00940	0.01477	0.00805	0.00940	0.00671	0.00336	0.00336	0.00067	0.00336	0.00268	0.00268	0.86845
30	0.00552	0.00394	0.00526	0.00631	0.00657	0.00368	0.00421	0.00631	0.00868	0.01157	0.02498	0.83779	0.02997	0.01420	0.00578	0.00184	0.00263	0.01288	0.00421	0.00368
31	0.00663	0.00514	0.00697	0.00672	0.00751	0.00568	0.00510	0.00807	0.00876	0.01225	0.19405	0.02514	0.11095	0.12098	0.38134	0.00452	0.07672	0.00628	0.00321	0.00399
32	0.01001	0.00949	0.01592	0.36100	0.44474	0.01023	0.01291	0.01280	0.00975	0.01346	0.00830	0.01148	0.00668	0.00421	0.00445	0.00138	0.00555	0.00396	0.00217	0.05152
33	0.01186	0.78107	0.04114	0.05105	0.01284	0.01735	0.00821	0.01348	0.00921	0.01079	0.00643	0.00757	0.00583	0.00392	0.00302	0.00101	0.00495	0.00253	0.00194	0.00579

[dist]
# distance from previous block
# <min> <max>
1	5

[block]
# block no. 5 follows, 57 sequences, length 37
# corresponding to MSA columns:
# 472-484,487-510
name=unknown_F
#
# <colnr> <probs for GDERKNQSTAVLIFYWHMCP>
#	G	D	E	R	K	N	Q	S	T	A	V	L	I	F	Y	W	H	M	C	P
0	0.17945	0.01459	0.15532	0.03540	0.01481	0.21687	0.11933	0.01507	0.03249	0.07078	0.00966	0.04572	0.00797	0.04033	0.02206	0.00164	0.00613	0.00407	0.00273	0.00559
1	0.01145	0.71522	0.05565	0.00792	0.01159	0.01629	0.00785	0.01342	0.03728	0.01118	0.00823	0.07090	0.00793	0.00476	0.00325	0.00108	0.00471	0.00335	0.00220	0.00574
2	0.00928	0.07441	0.76795	0.01259	0.01912	0.01098	0.01618	0.01430	0.00954	0.01412	0.00802	0.00942	0.00574	0.00428	0.00422	0.00141	0.00658	0.00329	0.00191	0.00664
3	0.01211	0.84348	0.02374	0.00775	0.01163	0.01793	0.00775	0.01357	0.00921	0.01066	0.00630	0.00727	0.00582	0.00388	0.00291	0.00097	0.00485	0.00242	0.00194	0.00582
4	0.00739	0.00413	0.00564	0.00564	0.00568	0.00416	0.00361	0.00622	0.00619	0.00829	0.01017	0.01921	0.01087	0.28980	0.05376	0.54538	0.00444	0.00485	0.00224	0.00231
5	0.20036	0.01758	0.01135	0.01021	0.01271	0.55369	0.00780	0.04896	0.07230	0.01438	0.00788	0.00877	0.00632	0.00471	0.00387	0.00125	0.00669	0.00303	0.00270	0.00542
6	0.00909	0.02344	0.81727	0.01292	0.01961	0.01052	0.01674	0.01435	0.00957	0.01435	0.00813	0.00957	0.00574	0.00431	0.00431	0.00144	0.00670	0.00335	0.00191	0.00670
7	0.00659	0.00439	0.00494	0.00494	0.00494	0.00439	0.00275	0.00659	0.00659	0.00879	0.01428	0.02965	0.01647	0.84075	0.02306	0.00439	0.00439	0.00659	0.00275	0.00275
8	0.01693	0.02160	0.01284	0.01167	0.01401	0.82256	0.00876	0.01809	0.01284	0.01109	0.00700	0.00817	0.00584	0.00467	0.00409	0.00117	0.00817	0.00292	0.00233	0.00525
9	0.01482	0.53163	0.01917	0.00815	0.01190	0.01459	0.00758	0.10876	0.01160	0.21818	0.00980	0.00978	0.00742	0.00450	0.00352	0.00113	0.00461	0.00316	0.00318	0.00652
10	0.00554	0.00462	0.00485	0.00485	0.00631	0.00393	0.00367	0.00683	0.01060	0.01293	0.12808	0.04282	0.69861	0.01127	0.00539	0.00154	0.00235	0.03763	0.00429	0.00389
11	0.01476	0.32825	0.01672	0.01005	0.01291	0.49290	0.00827	0.01605	0.01129	0.01091	0.00692	0.00817	0.00602	0.00541	0.03258	0.00131	0.00707	0.00280	0.00219	0.00542
12	0.01022	0.00975	0.01660	0.32764	0.52042	0.01051	0.01341	0.01304	0.00985	0.01360	0.00835	0.01154	0.00675	0.00422	0.00450	0.00141	0.00563	0.00403	0.00216	0.00638
13	0.00555	0.00449	0.00493	0.00505	0.00630	0.00387	0.00370	0.00679	0.01044	0.01305	0.16101	0.17393	0.56190	0.01158	0.00542	0.00157	0.00233	0.00990	0.00433	0.00387
14	0.00536	0.00459	0.00459	0.00459	0.00612	0.00383	0.00344	0.00650	0.01033	0.01224	0.04590	0.04361	0.81065	0.01148	0.00536	0.00153	0.00230	0.00956	0.00421	0.00383
15	0.00586	0.00453	0.00479	0.00481	0.00576	0.00407	0.00327	0.00660	0.00893	0.01098	0.03357	0.03857	0.49541	0.32151	0.01200	0.00261	0.00312	0.02652	0.00366	0.00343
16	0.00856	0.00805	0.01359	0.82986	0.03121	0.01007	0.01258	0.01158	0.00906	0.01158	0.00805	0.01208	0.00604	0.00453	0.00453	0.00151	0.00604	0.00403	0.00201	0.00503
17	0.01395	0.01233	0.01871	0.01404	0.01770	0.12254	0.37650	0.11592	0.02599	0.16169	0.04484	0.01301	0.00925	0.00484	0.00516	0.00144	0.02757	0.00479	0.00333	0.00640
18	0.00944	0.00835	0.01090	0.00782	0.01182	0.00649	0.07808	0.01162	0.00961	0.01483	0.02932	0.01030	0.00768	0.00355	0.00359	0.00077	0.00372	0.00308	0.00271	0.76631
19	0.00578	0.00474	0.00503	0.00502	0.00643	0.00412	0.00373	0.02699	0.01068	0.01316	0.11625	0.12182	0.63769	0.01138	0.00538	0.00155	0.00238	0.00963	0.00429	0.00395
20	0.00876	0.00826	0.01396	0.76883	0.09066	0.01012	0.01268	0.01175	0.00916	0.01182	0.00809	0.01202	0.00613	0.00449	0.00453	0.00150	0.00599	0.00403	0.00203	0.00520
21	0.01189	0.01037	0.01057	0.00939	0.01202	0.04085	0.00733	0.07719	0.72163	0.01933	0.01751	0.01617	0.01312	0.00605	0.00459	0.00151	0.00385	0.00497	0.00452	0.00714
22	0.00909	0.02344	0.81727	0.01292	0.01961	0.01052	0.01674	0.01435	0.00957	0.01435	0.00813	0.00957	0.00574	0.00431	0.00431	0.00144	0.00670	0.00335	0.00191	0.00670
23	0.00694	0.00510	0.00731	0.00719	0.00808	0.00587	0.00557	0.03671	0.00784	0.01134	0.01227	0.01798	0.01141	0.06319	0.73220	0.00673	0.01121	0.00487	0.03406	0.00413
24	0.00956	0.00907	0.01539	0.52870	0.32457	0.01033	0.01308	0.01245	0.00953	0.01279	0.00823	0.01176	0.00647	0.00435	0.00451	0.00145	0.00579	0.00403	0.00210	0.00584
25	0.00586	0.00461	0.00529	0.00512	0.00643	0.00404	0.00384	0.00748	0.01153	0.01508	0.41229	0.03893	0.44248	0.01042	0.00535	0.00148	0.00222	0.00891	0.00458	0.00404
26	0.01901	0.00958	0.09994	0.00866	0.01252	0.00727	0.00782	0.04017	0.01280	0.70765	0.01663	0.01466	0.01052	0.00546	0.00453	0.00140	0.00420	0.00441	0.00517	0.00760
27	0.00649	0.00444	0.00537	0.00545	0.00560	0.00456	0.00336	0.00683	0.00687	0.00929	0.01473	0.08912	0.01662	0.63990	0.15851	0.00469	0.00558	0.00677	0.00280	0.00304
28	0.00940	0.00805	0.00940	0.00671	0.01074	0.00604	0.00537	0.01141	0.00940	0.01477	0.00805	0.00940	0.00671	0.00336	0.00336	0.00067	0.00336	0.00268	0.00268	0.86845
29	0.00735	0.00593	0.00810	0.00762	0.00796	0.00723	0.00572	0.00827	0.00697	0.01003	0.01135	0.01985	0.01174	0.29707	0.35995	0.00503	0.20835	0.00522	0.00243	0.00383
30	0.00561	0.00401	0.00537	0.00642	0.00672	0.00376	0.00437	0.00647	0.00877	0.01167	0.02492	0.79628	0.02976	0.01411	0.00581	0.00185	0.00271	0.05347	0.00420	0.00371
31	0.00647	0.00485	0.00728	0.00728	0.00809	0.00566	0.00566	0.00809	0.00728	0.01052	0.01214	0.01780	0.01133	0.03398	0.82279	0.00728	0.01214	0.00485	0.00243	0.00405
32	0.01693	0.02160	0.01284	0.01167	0.01401	0.82256	0.00876	0.01809	0.01284	0.01109	0.00700	0.00817	0.00584	0.00467	0.00409	0.00117	0.00817	0.00292	0.00233	0.00525
33	0.01670	0.01619	0.01303	0.01089	0.01377	0.36748	0.00859	0.36834	0.04836	0.04864	0.00957	0.01007	0.00720	0.00523	0.00472	0.00131	0.03626	0.00363	0.00352	0.00651
34	0.00651	0.00507	0.00738	0.19540	0.01243	0.00538	0.00638	0.00790	0.00881	0.01159	0.02016	0.49516	0.02300	0.07468	0.00687	0.00199	0.00373	0.10001	0.00359	0.00398
35	0.00934	0.00760	0.00893	0.00657	0.01022	0.00581	0.00523	0.01131	0.00983	0.04319	0.07143	0.01328	0.05204	0.00431	0.00366	0.00080	0.00322	0.00353	0.00304	0.72665
36	0.00941	0.00902	0.01342	0.47689	0.08356	0.04191	0.01127	0.03355	0.00911	0.01209	0.00846	0.04089	0.00722	0.00686	0.04222	0.00184	0.18058	0.00432	0.00220	0.00517

[dist]
# distance from previous block
# <min> <max>
0	2

[block]
# block no. 6 follows, 57 sequences, length 18
# corresponding to MSA columns:
# 515-532
name=unknown_G
#
# <colnr> <probs for GDERKNQSTAVLIFYWHMCP>
#	G	D	E	R	K	N	Q	S	T	A	V	L	I	F	Y	W	H	M	C	P
0	0.03340	0.01089	0.01379	0.01409	0.20397	0.01186	0.01994	0.41673	0.01529	0.02116	0.01006	0.01231	0.00809	0.05711	0.05196	0.00189	0.05920	0.00420	0.00347	0.03058
1	0.00641	0.00463	0.00606	0.00570	0.00677	0.00428	0.00428	0.00855	0.01283	0.01817	0.81009	0.03385	0.04276	0.00926	0.00534	0.00143	0.00214	0.00819	0.00499	0.00428
2	0.01119	0.00999	0.01528	0.14115	0.14115	0.01193	0.08355	0.10439	0.01013	0.05201	0.00837	0.01136	0.00691	0.00706	0.04165	0.00188	0.32941	0.00419	0.00254	0.00584
3	0.00568	0.00423	0.00529	0.00582	0.00652	0.00384	0.00406	0.00684	0.00992	0.01314	0.19954	0.49912	0.19431	0.01256	0.00560	0.00169	0.00245	0.01118	0.00438	0.00384
4	0.10863	0.01068	0.01128	0.00884	0.01218	0.01141	0.00722	0.47227	0.07000	0.04779	0.01144	0.01165	0.01976	0.00515	0.00412	0.00127	0.00427	0.00388	0.05262	0.12552
