[name]
unknown

[dist]
# distance from previous block
# <min> <max>
1	201

[block]
# block no. 0 follows, 60 sequences, length 12
# corresponding to MSA columns:
# 241-252
name=unknown_A
#
# <colnr> <probs for GDERKNQSTAVLIFYWHMCP>
#	G	D	E	R	K	N	Q	S	T	A	V	L	I	F	Y	W	H	M	C	P
0	0.00930	0.03358	0.03151	0.00819	0.03422	0.05174	0.01708	0.01107	0.02721	0.04503	0.02474	0.08779	0.01077	0.06310	0.03935	0.02819	0.08986	0.03355	0.00279	0.35094
1	0.17540	0.06485	0.09319	0.04186	0.03299	0.07958	0.05694	0.03605	0.13681	0.01522	0.05310	0.01340	0.03371	0.05131	0.02080	0.00155	0.00468	0.00399	0.00290	0.08167
2	0.08134	0.07344	0.17094	0.04666	0.14424	0.01056	0.17375	0.05801	0.07027	0.08204	0.00963	0.01128	0.00731	0.02448	0.00465	0.00141	0.00539	0.00395	0.00270	0.01798
3	0.01023	0.03585	0.15273	0.00815	0.01147	0.02715	0.00753	0.07705	0.12805	0.07708	0.08778	0.03113	0.03818	0.05031	0.02495	0.00148	0.00424	0.00443	0.00333	0.21885
4	0.00876	0.14368	0.05090	0.18100	0.10010	0.01911	0.03960	0.03449	0.02056	0.01242	0.05411	0.13409	0.01308	0.03348	0.06884	0.00194	0.02324	0.05292	0.00270	0.00499
5	0.00775	0.00733	0.06028	0.02775	0.04773	0.02477	0.00624	0.01036	0.06724	0.03399	0.22050	0.12522	0.12818	0.00974	0.06382	0.00178	0.04593	0.00661	0.00358	0.10121
6	0.00661	0.04204	0.00728	0.00676	0.02200	0.04823	0.03956	0.00782	0.00955	0.01210	0.12150	0.34735	0.24224	0.04719	0.00589	0.00166	0.00312	0.02135	0.00377	0.00395
7	0.00790	0.00512	0.00697	0.00665	0.02076	0.00535	0.02383	0.03147	0.00754	0.04338	0.03955	0.04508	0.04958	0.26699	0.07205	0.27437	0.05810	0.00535	0.02666	0.00329
8	0.02636	0.11635	0.10740	0.07288	0.14840	0.07664	0.08024	0.18919	0.01209	0.05547	0.00887	0.01062	0.00691	0.02535	0.00486	0.00137	0.03026	0.00371	0.01685	0.00619
9	0.00643	0.00445	0.00537	0.04885	0.00648	0.00453	0.00353	0.00677	0.00684	0.00908	0.01467	0.07488	0.01672	0.69601	0.01917	0.00379	0.00420	0.06253	0.00278	0.00291
10	0.03563	0.14602	0.10685	0.16147	0.08429	0.15827	0.02608	0.07229	0.06342	0.02757	0.00824	0.00985	0.00650	0.00453	0.00449	0.00128	0.05044	0.00340	0.00243	0.02694
11	0.09591	0.13570	0.02670	0.02780	0.03244	0.04119	0.07958	0.18861	0.13859	0.03281	0.00976	0.01060	0.00755	0.00477	0.00461	0.00128	0.06285	0.00365	0.01982	0.07578

[dist]
# distance from previous block
# <min> <max>
1	5

[block]
# block no. 1 follows, 60 sequences, length 12
# corresponding to MSA columns:
# 259-270
name=unknown_B
#
# <colnr> <probs for GDERKNQSTAVLIFYWHMCP>
#	G	D	E	R	K	N	Q	S	T	A	V	L	I	F	Y	W	H	M	C	P
0	0.03427	0.16702	0.32834	0.03256	0.07991	0.12360	0.04118	0.04746	0.03860	0.04080	0.00816	0.00934	0.00624	0.00422	0.00390	0.00125	0.00583	0.00324	0.00230	0.02178
1	0.01299	0.14434	0.07242	0.01188	0.11388	0.04997	0.04317	0.28565	0.07789	0.04574	0.04907	0.01155	0.00904	0.00497	0.00450	0.00129	0.03518	0.00391	0.01609	0.00647
2	0.00629	0.09443	0.00706	0.00575	0.00682	0.00524	0.00421	0.00730	0.00897	0.01170	0.10152	0.41773	0.17845	0.07931	0.00641	0.00174	0.00282	0.00935	0.00371	0.04120
3	0.01233	0.21924	0.06604	0.02667	0.14351	0.06051	0.04197	0.07366	0.04697	0.10452	0.00880	0.01009	0.00696	0.00485	0.00553	0.00131	0.13813	0.00352	0.00267	0.02273
4	0.05740	0.11295	0.11180	0.08746	0.16362	0.09905	0.10801	0.03203	0.02197	0.06511	0.00885	0.02604	0.00726	0.03820	0.00527	0.00144	0.04144	0.00388	0.00245	0.00579
5	0.00721	0.00402	0.00504	0.00503	0.00531	0.00399	0.00329	0.00692	0.00694	0.01011	0.03954	0.01986	0.03179	0.26356	0.01496	0.37669	0.00345	0.00489	0.18471	0.00270
6	0.10221	0.02808	0.01104	0.05721	0.20107	0.02877	0.02528	0.04587	0.04104	0.05716	0.13164	0.06262	0.12234	0.00661	0.00508	0.00141	0.05841	0.00550	0.00328	0.00535
7	0.00772	0.00562	0.00682	0.02267	0.00818	0.00581	0.00497	0.01170	0.18320	0.04846	0.29983	0.12655	0.08757	0.01109	0.09284	0.00203	0.00360	0.00710	0.05952	0.00473
8	0.16460	0.00769	0.00833	0.03606	0.01017	0.01967	0.00623	0.09237	0.20586	0.03750	0.01528	0.06911	0.02957	0.07630	0.05992	0.00212	0.01833	0.13210	0.00361	0.00518
9	0.01454	0.01035	0.01156	0.00924	0.01197	0.01162	0.00756	0.48351	0.10626	0.08914	0.01174	0.01200	0.00858	0.00557	0.00530	0.00136	0.09327	0.00408	0.09564	0.00672
10	0.01138	0.75953	0.02138	0.00736	0.01110	0.01604	0.00722	0.01284	0.00888	0.01068	0.00624	0.00721	0.00569	0.00368	0.00284	0.00090	0.00451	0.00236	0.00194	0.09821
11	0.01328	0.00969	0.03404	0.07326	0.16621	0.00961	0.06190	0.25454	0.01384	0.17494	0.11599	0.02925	0.01252	0.00544	0.00453	0.00135	0.00455	0.00473	0.00381	0.00651

[dist]
# distance from previous block
# <min> <max>
1	8

[block]
# block no. 2 follows, 60 sequences, length 10
# corresponding to MSA columns:
# 280-289
name=unknown_C
#
# <colnr> <probs for GDERKNQSTAVLIFYWHMCP>
#	G	D	E	R	K	N	Q	S	T	A	V	L	I	F	Y	W	H	M	C	P
0	0.04959	0.00847	0.02194	0.00802	0.05296	0.14421	0.00589	0.01041	0.03494	0.01288	0.08259	0.06978	0.23510	0.03280	0.05476	0.00181	0.00440	0.09308	0.00335	0.07301
1	0.61148	0.01128	0.17224	0.00768	0.01104	0.00979	0.03345	0.01280	0.00804	0.01784	0.03781	0.00873	0.00639	0.00436	0.00355	0.00138	0.03160	0.00289	0.00256	0.00509
2	0.87753	0.00843	0.00641	0.00574	0.00843	0.00978	0.00472	0.01282	0.00742	0.01957	0.00607	0.00709	0.00472	0.00405	0.00270	0.00135	0.00337	0.00236	0.00270	0.00472
3	0.00784	0.00657	0.01008	0.08340	0.20470	0.00688	0.03512	0.02375	0.00830	0.01140	0.01296	0.13645	0.01363	0.26227	0.11102	0.00300	0.02533	0.03019	0.00267	0.00444
4	0.01578	0.01203	0.01392	0.01063	0.01414	0.01319	0.07102	0.70092	0.06179	0.02593	0.01073	0.01088	0.00767	0.00515	0.00443	0.00133	0.00493	0.00408	0.00420	0.00727
5	0.01163	0.02953	0.13899	0.03943	0.12221	0.01034	0.08444	0.12856	0.23091	0.08064	0.03905	0.01318	0.00991	0.00535	0.00486	0.03199	0.00479	0.00433	0.00337	0.00649
6	0.01502	0.00710	0.00883	0.00709	0.00975	0.00665	0.00574	0.12944	0.01300	0.44818	0.11522	0.01831	0.06546	0.00612	0.00434	0.00131	0.00334	0.00501	0.12378	0.00632
7	0.03104	0.04766	0.07159	0.02765	0.08174	0.11381	0.02894	0.19967	0.05290	0.06612	0.00961	0.01164	0.00773	0.04219	0.07271	0.00195	0.12025	0.00388	0.00298	0.00591
8	0.00684	0.00426	0.00552	0.00591	0.00647	0.00398	0.00404	0.00752	0.00854	0.07499	0.06550	0.48263	0.06398	0.15498	0.00893	0.05139	0.00299	0.03405	0.00383	0.00366
9	0.06448	0.15615	0.18633	0.02907	0.10870	0.01067	0.03587	0.04182	0.13529	0.09900	0.02999	0.01339	0.06095	0.00502	0.00405	0.00131	0.00464	0.00407	0.00302	0.00617

[dist]
# distance from previous block
# <min> <max>
5	34

[block]
# block no. 3 follows, 60 sequences, length 15
# corresponding to MSA columns:
# 324-338
name=unknown_D
#
# <colnr> <probs for GDERKNQSTAVLIFYWHMCP>
#	G	D	E	R	K	N	Q	S	T	A	V	L	I	F	Y	W	H	M	C	P
0	0.03276	0.00906	0.01144	0.05716	0.11849	0.02862	0.00825	0.09869	0.21474	0.06579	0.02478	0.01360	0.00975	0.02659	0.09853	0.00216	0.15295	0.00432	0.01644	0.00589
1	0.34034	0.00729	0.00796	0.00672	0.00941	0.00731	0.00549	0.01592	0.01010	0.38663	0.03199	0.06121	0.01092	0.00574	0.00386	0.00139	0.00343	0.04093	0.03755	0.00582
2	0.00703	0.00524	0.00737	0.11203	0.04919	0.00537	0.00579	0.00846	0.00939	0.05036	0.16885	0.34458	0.08562	0.06035	0.00654	0.00175	0.03591	0.02826	0.00372	0.00418
3	0.00620	0.00417	0.00480	0.00494	0.00497	0.00413	0.00284	0.00631	0.00662	0.00883	0.01517	0.14143	0.01765	0.73138	0.01990	0.00389	0.00399	0.00718	0.00284	0.00277
4	0.01025	0.00868	0.01208	0.08159	0.03253	0.01043	0.05591	0.19456	0.01049	0.01479	0.00904	0.01245	0.00777	0.02813	0.19297	0.02134	0.25810	0.00418	0.02953	0.00519
5	0.87753	0.00843	0.00641	0.00574	0.00843	0.00978	0.00472	0.01282	0.00742	0.01957	0.00607	0.00709	0.00472	0.00405	0.00270	0.00135	0.00337	0.00236	0.00270	0.00472
6	0.01224	0.01350	0.06958	0.01026	0.03403	0.27588	0.02693	0.06698	0.23545	0.03404	0.03207	0.01381	0.03785	0.02749	0.06323	0.00180	0.03172	0.00422	0.00317	0.00573
7	0.00563	0.00423	0.00523	0.00578	0.00648	0.00395	0.00409	0.00692	0.02866	0.01196	0.09428	0.47865	0.21322	0.04004	0.03133	0.00191	0.00284	0.04706	0.00402	0.00371
8	0.01520	0.07080	0.03035	0.03311	0.01346	0.14568	0.00823	0.52037	0.04175	0.02198	0.00984	0.01028	0.00728	0.00498	0.00412	0.00125	0.00518	0.00366	0.04585	0.00664
9	0.01036	0.00837	0.00947	0.03561	0.03583	0.00922	0.00676	0.17931	0.35203	0.01804	0.05249	0.12497	0.08849	0.00752	0.00473	0.00149	0.00360	0.04156	0.00418	0.00597
10	0.01040	0.17199	0.34261	0.10882	0.04820	0.03310	0.03923	0.01463	0.08370	0.06532	0.00954	0.01154	0.00738	0.00458	0.00406	0.00133	0.00552	0.02953	0.00243	0.00608
11	0.00694	0.00512	0.00649	0.00635	0.00742	0.00499	0.00470	0.00897	0.05776	0.03984	0.28410	0.31778	0.06518	0.02889	0.00596	0.00158	0.04490	0.03116	0.00412	0.06775
12	0.06174	0.00806	0.03558	0.00681	0.01015	0.00656	0.00563	0.05176	0.05032	0.01523	0.03985	0.04887	0.04984	0.00485	0.00370	0.00095	0.00334	0.02770	0.00301	0.56606
13	0.01015	0.02181	0.15543	0.16128	0.27852	0.02195	0.06557	0.02612	0.01963	0.05668	0.02375	0.03180	0.02029	0.00451	0.00429	0.00130	0.00525	0.00410	0.00246	0.08510
14	0.10770	0.49502	0.04514	0.02850	0.02934	0.10639	0.03020	0.01440	0.04724	0.05006	0.00744	0.00831	0.00617	0.00406	0.00325	0.00110	0.00495	0.00279	0.00230	0.00563

[dist]
# distance from previous block
# <min> <max>
0	6

[block]
# block no. 4 follows, 60 sequences, length 13
# corresponding to MSA columns:
# 345,355-366
name=unknown_E
#
# <colnr> <probs for GDERKNQSTAVLIFYWHMCP>
#	G	D	E	R	K	N	Q	S	T	A	V	L	I	F	Y	W	H	M	C	P
0	0.00783	0.00666	0.00713	0.00711	0.03390	0.03831	0.00514	0.05256	0.18515	0.01475	0.14434	0.13765	0.29428	0.02550	0.00528	0.00153	0.00302	0.02099	0.00410	0.00477
1	0.01006	0.02764	0.13550	0.15319	0.21629	0.03474	0.07613	0.05197	0.08101	0.02857	0.03585	0.01388	0.06356	0.00510	0.00493	0.00140	0.04718	0.00441	0.00264	0.00595
2	0.00895	0.02967	0.01283	0.49667	0.05815	0.04786	0.04876	0.01135	0.00874	0.03643	0.00877	0.01280	0.00717	0.04143	0.12523	0.00234	0.03173	0.00407	0.00217	0.00487
3	0.05609	0.01003	0.01125	0.00893	0.01210	0.01072	0.00729	0.40047	0.14785	0.24268	0.01335	0.01267	0.00930	0.00617	0.02937	0.00152	0.00442	0.00417	0.00452	0.00710
4	0.87753	0.00843	0.00641	0.00574	0.00843	0.00978	0.00472	0.01282	0.00742	0.01957	0.00607	0.00709	0.00472	0.00405	0.00270	0.00135	0.00337	0.00236	0.00270	0.00472
5	0.00638	0.00447	0.00625	0.00625	0.00674	0.00496	0.00450	0.00719	0.00670	0.00943	0.01193	0.02009	0.01205	0.26565	0.52820	0.07951	0.00887	0.00508	0.00239	0.00336
6	0.01344	0.00583	0.00714	0.00600	0.00816	0.00540	0.00478	0.01570	0.04119	0.38798	0.04404	0.01618	0.01214	0.00539	0.00379	0.00120	0.00286	0.00438	0.40868	0.00572
7	0.32121	0.01085	0.00945	0.00800	0.01083	0.16585	0.00642	0.09386	0.05349	0.24579	0.01077	0.01117	0.00777	0.00490	0.00374	0.00132	0.00449	0.02052	0.00366	0.00591
8	0.00627	0.00450	0.00562	0.00610	0.00692	0.00426	0.00472	0.00725	0.00890	0.01132	0.02644	0.11667	0.25013	0.13980	0.00918	0.07937	0.00337	0.30208	0.00363	0.00348
9	0.00937	0.00906	0.01294	0.49640	0.16649	0.06829	0.01094	0.03671	0.04417	0.01253	0.01155	0.01410	0.07928	0.00498	0.00440	0.00140	0.00539	0.00433	0.00237	0.00529
10	0.01391	0.01123	0.01181	0.00964	0.01249	0.07441	0.03651	0.40636	0.23962	0.04455	0.01296	0.03977	0.01013	0.04980	0.00536	0.00152	0.00462	0.00458	0.00407	0.00666
11	0.00904	0.00957	0.08187	0.13606	0.34011	0.00859	0.03393	0.01208	0.05102	0.01363	0.04208	0.08360	0.06865	0.00553	0.00443	0.00134	0.00462	0.00504	0.00265	0.08615
12	0.02694	0.21464	0.06435	0.11332	0.09517	0.04667	0.07530	0.03745	0.02247	0.01289	0.03520	0.01314	0.05006	0.03663	0.00493	0.00132	0.03079	0.01547	0.00243	0.10082

[dist]
# distance from previous block
# <min> <max>
4	12

[block]
# block no. 5 follows, 60 sequences, length 14
# corresponding to MSA columns:
# 383-396
name=unknown_F
#
# <colnr> <probs for GDERKNQSTAVLIFYWHMCP>
#	G	D	E	R	K	N	Q	S	T	A	V	L	I	F	Y	W	H	M	C	P
0	0.04024	0.62933	0.01999	0.00878	0.04750	0.10625	0.00769	0.03854	0.00952	0.01130	0.00656	0.00795	0.00594	0.02459	0.00373	0.00109	0.02078	0.00263	0.00205	0.00554
1	0.00727	0.00459	0.00581	0.00591	0.00666	0.00448	0.00419	0.00844	0.07812	0.04391	0.06494	0.25840	0.13081	0.02426	0.00906	0.27366	0.00300	0.01933	0.04361	0.00355
2	0.04514	0.32006	0.12033	0.05866	0.01377	0.01367	0.00890	0.19475	0.13503	0.01628	0.00919	0.00984	0.00717	0.00461	0.00395	0.00123	0.02500	0.00334	0.00286	0.00622
3	0.03413	0.00926	0.01139	0.05532	0.02744	0.10828	0.10903	0.05633	0.01048	0.06823	0.04109	0.05447	0.01184	0.03823	0.00539	0.02272	0.00472	0.11134	0.00307	0.21724
4	0.00755	0.00515	0.00719	0.00686	0.00759	0.00583	0.00515	0.00869	0.00725	0.07306	0.01216	0.01916	0.01171	0.22721	0.50576	0.00550	0.07263	0.00499	0.00262	0.00393
5	0.01318	0.17990	0.05565	0.05115	0.01331	0.22296	0.00816	0.12184	0.16868	0.05599	0.01085	0.01118	0.02759	0.00486	0.00392	0.00121	0.00526	0.00358	0.00306	0.03766
6	0.00863	0.00730	0.02359	0.00810	0.00909	0.00848	0.00641	0.03456	0.15893	0.02514	0.04307	0.03303	0.02299	0.16733	0.13686	0.00294	0.22614	0.02843	0.04432	0.00467
7	0.00553	0.00404	0.00514	0.00587	0.00638	0.00375	0.00408	0.00647	0.00883	0.01161	0.07633	0.57403	0.14019	0.06165	0.00649	0.00186	0.00266	0.06750	0.00401	0.00358
8	0.01209	0.04326	0.06088	0.10575	0.02377	0.03593	0.00729	0.01401	0.01063	0.30668	0.12660	0.09995	0.05083	0.00793	0.04154	0.00166	0.03605	0.00559	0.00392	0.00562
9	0.00560	0.00418	0.00520	0.00587	0.00656	0.00385	0.00425	0.00665	0.00906	0.01170	0.05763	0.45982	0.22773	0.04750	0.00621	0.00182	0.00272	0.12600	0.00401	0.00363
10	0.00886	0.00838	0.01434	0.51648	0.24013	0.00950	0.04802	0.01165	0.00940	0.01260	0.07101	0.01304	0.00890	0.00456	0.00445	0.00141	0.00542	0.00425	0.00223	0.00539
11	0.00656	0.00449	0.00563	0.00545	0.00650	0.00418	0.00403	0.00821	0.01079	0.04455	0.45853	0.10093	0.15492	0.04929	0.06411	0.00193	0.00296	0.00783	0.05508	0.00403
12	0.00992	0.00851	0.01421	0.46604	0.30136	0.00948	0.01186	0.01255	0.00942	0.07545	0.00914	0.03684	0.00728	0.00456	0.00438	0.00140	0.00533	0.00418	0.00235	0.00572
13	0.58183	0.00973	0.00809	0.00704	0.00968	0.07289	0.00570	0.14344	0.02852	0.01942	0.00756	0.00870	0.00592	0.00656	0.06754	0.00177	0.00460	0.00289	0.00295	0.00518

[dist]
# distance from previous block
# <min> <max>
0	47

[block]
# block no. 6 follows, 60 sequences, length 16
# corresponding to MSA columns:
# 444-459
name=unknown_G
#
# <colnr> <probs for GDERKNQSTAVLIFYWHMCP>
#	G	D	E	R	K	N	Q	S	T	A	V	L	I	F	Y	W	H	M	C	P
0	0.01121	0.73771	0.02080	0.00728	0.01076	0.01560	0.00706	0.01242	0.00865	0.01033	0.00627	0.00756	0.00579	0.00448	0.00381	0.06089	0.00451	0.00245	0.00191	0.06050
1	0.74963	0.00868	0.00730	0.08580	0.01071	0.03180	0.00558	0.01299	0.00780	0.03823	0.00653	0.00773	0.00500	0.00412	0.00293	0.00135	0.00374	0.00257	0.00268	0.00481
2	0.00947	0.00947	0.01261	0.64456	0.02591	0.11542	0.01102	0.02741	0.00947	0.01163	0.00797	0.01168	0.00624	0.00447	0.00427	0.00137	0.00586	0.01894	0.00211	0.06011
3	0.03452	0.00940	0.01214	0.12658	0.17524	0.03409	0.02680	0.14208	0.12577	0.05622	0.01067	0.01189	0.00814	0.00456	0.00405	0.00123	0.00442	0.00385	0.07713	0.13123
4	0.00652	0.00446	0.00658	0.00658	0.00715	0.00502	0.00492	0.00725	0.00668	0.00948	0.01094	0.01704	0.01051	0.08072	0.60556	0.19081	0.00953	0.00459	0.00226	0.00339
5	0.00743	0.00586	0.00754	0.00817	0.06776	0.03594	0.03401	0.00883	0.02013	0.03341	0.08635	0.16730	0.10323	0.22326	0.00961	0.00230	0.00381	0.16753	0.00351	0.00401
6	0.00734	0.00508	0.00616	0.00578	0.00711	0.00474	0.00435	0.06497	0.01179	0.06332	0.41647	0.15011	0.21688	0.00964	0.00511	0.00145	0.00245	0.00836	0.00452	0.00436
7	0.01466	0.01732	0.01147	0.01038	0.01259	0.60485	0.00789	0.06093	0.10265	0.01304	0.06827	0.01209	0.00982	0.00526	0.00417	0.00122	0.00665	0.02860	0.00286	0.00529
8	0.00542	0.00425	0.00491	0.00511	0.00615	0.00374	0.00369	0.00664	0.01003	0.01285	0.20810	0.26271	0.42827	0.01131	0.00527	0.00153	0.00227	0.00980	0.00421	0.00374
9	0.13620	0.00976	0.01412	0.12198	0.03981	0.07697	0.21981	0.05625	0.02116	0.03796	0.01014	0.06848	0.00886	0.00805	0.08641	0.00201	0.04608	0.02806	0.00267	0.00522
10	0.01078	0.00915	0.03791	0.00913	0.01178	0.00934	0.06744	0.09915	0.40853	0.06117	0.07159	0.07068	0.03080	0.00650	0.00461	0.00144	0.00383	0.03481	0.00411	0.04724
11	0.05310	0.30394	0.26689	0.06052	0.04860	0.06527	0.03434	0.01351	0.00930	0.03032	0.00730	0.00865	0.00581	0.00396	0.00358	0.00115	0.00540	0.00295	0.00208	0.07332
12	0.22761	0.06793	0.01124	0.03990	0.03614	0.08612	0.03683	0.18673	0.08773	0.04692	0.01113	0.08781	0.02144	0.00552	0.00393	0.00133	0.00440	0.00431	0.00331	0.02964
13	0.00735	0.03463	0.04800	0.06393	0.01005	0.00612	0.02320	0.03390	0.00877	0.01204	0.07420	0.08754	0.10346	0.04820	0.22321	0.08352	0.00583	0.02314	0.00288	0.10001
14	0.00671	0.00504	0.01798	0.00591	0.00686	0.00474	0.00433	0.00819	0.03904	0.01251	0.24585	0.06677	0.04742	0.23766	0.10417	0.06685	0.00419	0.04896	0.00341	0.06340
15	0.04392	0.26383	0.05877	0.06556	0.03442	0.06986	0.00780	0.10433	0.08564	0.03301	0.03299	0.01299	0.04774	0.02105	0.00413	0.00124	0.00457	0.02123	0.00286	0.08409

[dist]
# distance from previous block
# <min> <max>
0	6

[block]
# block no. 7 follows, 60 sequences, length 12
# corresponding to MSA columns:
# 466-477
name=unknown_H
#
# <colnr> <probs for GDERKNQSTAVLIFYWHMCP>
#	G	D	E	R	K	N	Q	S	T	A	V	L	I	F	Y	W	H	M	C	P
0	0.05938	0.19650	0.06509	0.00901	0.01173	0.19707	0.00771	0.08456	0.18122	0.01418	0.01009	0.02669	0.00855	0.06773	0.00562	0.00148	0.04118	0.00374	0.00286	0.00562
1	0.01206	0.55246	0.07119	0.00883	0.01234	0.14540	0.03841	0.04527	0.00985	0.01135	0.00691	0.00837	0.00609	0.02137	0.03274	0.00131	0.00564	0.00280	0.00207	0.00553
2	0.00863	0.00619	0.00753	0.00692	0.00857	0.00611	0.02642	0.13038	0.06248	0.06914	0.13223	0.23641	0.21806	0.00970	0.00509	0.00153	0.00308	0.05245	0.00426	0.00480
3	0.00741	0.00545	0.00760	0.00716	0.00736	0.00654	0.00530	0.00749	0.00640	0.00911	0.00958	0.01678	0.00984	0.20138	0.22925	0.25373	0.19960	0.00459	0.00218	0.00325
4	0.01129	0.01160	0.01941	0.01452	0.01779	0.07618	0.45925	0.11399	0.04332	0.01519	0.00931	0.01193	0.00730	0.02779	0.00627	0.00152	0.09550	0.00463	0.04746	0.00575
5	0.00980	0.00701	0.00964	0.00856	0.00954	0.00850	0.00685	0.01174	0.05915	0.14203	0.01113	0.01506	0.00969	0.08142	0.30820	0.00382	0.28566	0.00449	0.00285	0.00485
6	0.00784	0.00601	0.00811	0.22364	0.01302	0.00643	0.00616	0.01014	0.07819	0.04163	0.04978	0.08914	0.02647	0.29729	0.04259	0.00258	0.00449	0.00574	0.00294	0.07782
7	0.00571	0.00409	0.00543	0.00618	0.00668	0.00386	0.00442	0.00682	0.00917	0.01229	0.14144	0.56887	0.05115	0.03420	0.00599	0.00180	0.00271	0.12139	0.00412	0.00367
8	0.00704	0.00587	0.03069	0.00794	0.05924	0.00607	0.00555	0.00808	0.00703	0.01000	0.01132	0.01949	0.01155	0.31203	0.34985	0.03178	0.07540	0.00500	0.00238	0.03370
9	0.01016	0.00762	0.00846	0.00767	0.00971	0.00828	0.00587	0.03485	0.46405	0.08416	0.09444	0.11250	0.04264	0.03675	0.00520	0.00155	0.00320	0.00610	0.03426	0.02253
10	0.03704	0.02680	0.01373	0.40541	0.10051	0.02600	0.05972	0.03736	0.00943	0.06368	0.00825	0.01094	0.00635	0.00452	0.00510	0.00136	0.08127	0.00375	0.00236	0.09640
11	0.41520	0.00949	0.05163	0.09222	0.10739	0.00969	0.04498	0.01342	0.06104	0.03373	0.00785	0.00934	0.00611	0.00426	0.00390	0.00133	0.03707	0.00315	0.00262	0.08556

[dist]
# distance from previous block
# <min> <max>
0	54

[block]
# block no. 8 follows, 60 sequences, length 7
# corresponding to MSA columns:
# 545-551
name=unknown_I
#
# <colnr> <probs for GDERKNQSTAVLIFYWHMCP>
#	G	D	E	R	K	N	Q	S	T	A	V	L	I	F	Y	W	H	M	C	P
0	0.26023	0.12957	0.01053	0.00672	0.01013	0.00929	0.00563	0.05340	0.05416	0.01610	0.00773	0.00866	0.00627	0.00379	0.00314	0.00097	0.00357	0.00268	0.00271	0.40472
1	0.05827	0.05493	0.14566	0.04492	0.03324	0.10828	0.04180	0.03505	0.00875	0.01222	0.00839	0.01147	0.00725	0.01315	0.24713	0.00307	0.15542	0.00375	0.00220	0.00505
2	0.00745	0.00383	0.00559	0.00559	0.00559	0.00383	0.00367	0.00575	0.00575	0.00766	0.00820	0.01480	0.00841	0.09907	0.01757	0.78543	0.00383	0.00405	0.00197	0.00197
3	0.00931	0.01354	0.25488	0.01361	0.01781	0.00990	0.34239	0.01428	0.12088	0.01394	0.01020	0.01245	0.00787	0.00847	0.12820	0.00228	0.00719	0.00448	0.00243	0.00589
4	0.00868	0.08476	0.09616	0.00776	0.01025	0.00876	0.00681	0.01504	0.34586	0.01489	0.08545	0.05322	0.16599	0.00905	0.06627	0.00183	0.00411	0.00583	0.00371	0.00555
5	0.00860	0.00669	0.06866	0.00665	0.00854	0.00543	0.00558	0.04918	0.03924	0.12839	0.26500	0.16988	0.17779	0.00911	0.00500	0.00148	0.00298	0.03264	0.00433	0.00483
6	0.00926	0.00864	0.04336	0.06799	0.32564	0.00876	0.00970	0.02758	0.03994	0.03331	0.07857	0.13128	0.01402	0.03300	0.00647	0.00159	0.10980	0.04265	0.00290	0.00554

[dist]
# distance from previous block
# <min> <max>
0	16

[block]
# block no. 9 follows, 60 sequences, length 18
# corresponding to MSA columns:
# 568-585
name=unknown_J
#
# <colnr> <probs for GDERKNQSTAVLIFYWHMCP>
#	G	D	E	R	K	N	Q	S	T	A	V	L	I	F	Y	W	H	M	C	P
0	0.00523	0.00435	0.00457	0.00468	0.00598	0.00369	0.00345	0.00634	0.00988	0.01201	0.08368	0.13817	0.68049	0.01125	0.00520	0.00150	0.00224	0.00952	0.00409	0.00369
1	0.00930	0.04997	0.01072	0.04465	0.08691	0.00698	0.00635	0.01132	0.00910	0.01388	0.00771	0.00922	0.00643	0.00337	0.00336	0.00076	0.00360	0.00275	0.00248	0.71114
2	0.00617	0.00401	0.00501	0.00537	0.00546	0.00392	0.00332	0.00614	0.00695	0.00927	0.01644	0.31629	0.01918	0.42027	0.01547	0.13919	0.00356	0.00810	0.00303	0.00285
3	0.01544	0.06627	0.01295	0.06398	0.03385	0.14329	0.00820	0.38004	0.06153	0.13956	0.01101	0.02568	0.00811	0.00514	0.00422	0.00129	0.00508	0.00392	0.00380	0.00664
4	0.01105	0.22981	0.07306	0.14534	0.34316	0.01212	0.01124	0.05189	0.00995	0.04248	0.00793	0.00993	0.00644	0.00414	0.00415	0.00125	0.02417	0.00345	0.00225	0.00621
5	0.00632	0.00430	0.00511	0.00511	0.00523	0.00442	0.00308	0.00657	0.00645	0.00872	0.01342	0.02675	0.01508	0.71860	0.14926	0.00467	0.00540	0.00608	0.00259	0.00284
6	0.00672	0.00449	0.00575	0.00564	0.00646	0.00429	0.00401	0.00803	0.00980	0.05569	0.35498	0.15107	0.08033	0.18394	0.09686	0.00263	0.00370	0.00780	0.00396	0.00385
7	0.00731	0.00623	0.00892	0.18153	0.01295	0.00663	0.02859	0.00882	0.00835	0.01149	0.01513	0.27410	0.03851	0.09085	0.00755	0.00178	0.09571	0.05172	0.00295	0.14087
8	0.02474	0.00936	0.01009	0.00875	0.01134	0.01056	0.01831	0.13786	0.58570	0.04161	0.01754	0.01642	0.05140	0.00597	0.00440	0.00143	0.00361	0.00491	0.02928	0.00671
9	0.01296	0.01237	0.01094	0.01041	0.07372	0.28008	0.00739	0.22630	0.01269	0.01522	0.05153	0.01246	0.00917	0.04999	0.04786	0.13891	0.01608	0.00390	0.00291	0.00511
10	0.01010	0.00946	0.01370	0.27551	0.20206	0.05418	0.03387	0.05722	0.02777	0.02371	0.00863	0.03298	0.00740	0.03242	0.00709	0.01881	0.16396	0.00418	0.01156	0.00540
11	0.77518	0.00912	0.00711	0.00624	0.00898	0.04232	0.00511	0.05836	0.00848	0.03765	0.00660	0.00748	0.00505	0.00416	0.00288	0.00134	0.00364	0.00251	0.00284	0.00495
12	0.00927	0.00924	0.01216	0.31114	0.03087	0.11882	0.09609	0.02946	0.02346	0.01204	0.05428	0.03552	0.05663	0.10301	0.00712	0.00177	0.04617	0.03565	0.00259	0.00469
13	0.00652	0.00457	0.00559	0.00547	0.00669	0.00409	0.00414	0.00811	0.01103	0.05768	0.39781	0.12058	0.28684	0.01009	0.00520	0.00148	0.00236	0.05320	0.00447	0.00409
14	0.00859	0.00791	0.01318	0.03525	0.01329	0.00786	0.25369	0.08989	0.01141	0.01532	0.20349	0.04322	0.17091	0.00740	0.00563	0.00149	0.05195	0.05107	0.00349	0.00495
15	0.01058	0.37189	0.26194	0.00947	0.01374	0.05566	0.02963	0.03169	0.04939	0.01249	0.00781	0.00908	0.00639	0.00566	0.05060	0.00146	0.00569	0.00301	0.00215	0.06167
16	0.03666	0.04186	0.03444	0.12539	0.08794	0.07791	0.01757	0.08398	0.02819	0.12788	0.05301	0.01177	0.00890	0.00476	0.00467	0.00122	0.05878	0.00372	0.00305	0.18832
17	0.01029	0.01184	0.06682	0.04116	0.05426	0.01092	0.57835	0.04312	0.01024	0.01416	0.00850	0.01124	0.00650	0.00405	0.00557	0.00144	0.06630	0.00468	0.00225	0.04830

[dist]
# distance from previous block
# <min> <max>
2	12

[block]
# block no. 10 follows, 60 sequences, length 12
# corresponding to MSA columns:
# 602-613
name=unknown_K
#
# <colnr> <probs for GDERKNQSTAVLIFYWHMCP>
#	G	D	E	R	K	N	Q	S	T	A	V	L	I	F	Y	W	H	M	C	P
0	0.06077	0.00785	0.00943	0.21845	0.06336	0.08150	0.00738	0.01100	0.04272	0.03599	0.01352	0.26875	0.01379	0.03511	0.00505	0.00150	0.00427	0.00631	0.00299	0.11028
1	0.09519	0.12982	0.12456	0.02396	0.01435	0.12700	0.14212	0.10881	0.01108	0.05376	0.01140	0.01239	0.07986	0.00502	0.00454	0.00132	0.04241	0.00400	0.00273	0.00568
2	0.05451	0.06530	0.04266	0.25424	0.25318	0.11799	0.03886	0.05495	0.01022	0.01343	0.00913	0.02774	0.03023	0.00458	0.00417	0.00132	0.00555	0.00391	0.00232	0.00569
3	0.00597	0.00465	0.00545	0.00531	0.00656	0.00424	0.00402	0.00803	0.04491	0.01484	0.41399	0.05791	0.35629	0.00991	0.00517	0.00145	0.00227	0.04054	0.00443	0.00404
4	0.01094	0.00964	0.01132	0.19482	0.09456	0.08323	0.00852	0.19837	0.11925	0.01679	0.08796	0.09833	0.03498	0.00628	0.00455	0.00140	0.00460	0.00531	0.00343	0.00571
5	0.11866	0.01056	0.01079	0.05504	0.01262	0.07929	0.00745	0.24554	0.22397	0.08954	0.01226	0.04598	0.00948	0.00566	0.00477	0.00141	0.05259	0.00429	0.00380	0.00630
6	0.00585	0.00433	0.00521	0.00547	0.00626	0.00401	0.00394	0.00696	0.00938	0.01225	0.18111	0.20207	0.25134	0.17664	0.00871	0.00212	0.00286	0.10399	0.00391	0.00357
7	0.65867	0.00893	0.00768	0.00668	0.00942	0.01022	0.00551	0.14196	0.04574	0.02050	0.00809	0.00998	0.00648	0.00469	0.00320	0.00138	0.00364	0.03889	0.00311	0.00523
8	0.00559	0.00425	0.00480	0.00503	0.00584	0.00385	0.00347	0.00644	0.00887	0.01122	0.07873	0.21572	0.38002	0.21325	0.00938	0.00221	0.00281	0.03131	0.00375	0.00344
9	0.13770	0.00956	0.01008	0.00857	0.01127	0.01066	0.00695	0.29411	0.28279	0.04998	0.04773	0.01654	0.01216	0.00607	0.00433	0.00144	0.00392	0.07557	0.00417	0.00641
10	0.00655	0.00440	0.00560	0.00599	0.00683	0.00411	0.00437	0.00803	0.02583	0.05332	0.16494	0.43746	0.12339	0.01140	0.00529	0.00162	0.00260	0.07990	0.04439	0.00399
11	0.13852	0.00877	0.00885	0.00793	0.01017	0.10724	0.02725	0.02671	0.14456	0.17904	0.03078	0.07478	0.06688	0.00702	0.00444	0.00146	0.00402	0.11326	0.03286	0.00547

[dist]
# distance from previous block
# <min> <max>
1	10

[block]
# block no. 11 follows, 60 sequences, length 11
# corresponding to MSA columns:
# 624-634
name=unknown_L
#
# <colnr> <probs for GDERKNQSTAVLIFYWHMCP>
#	G	D	E	R	K	N	Q	S	T	A	V	L	I	F	Y	W	H	M	C	P
0	0.11354	0.00631	0.00845	0.00809	0.05880	0.00643	0.05163	0.00976	0.01042	0.03481	0.37957	0.02518	0.11886	0.02171	0.01711	0.00154	0.06968	0.02446	0.00377	0.02989
1	0.02492	0.14358	0.11728	0.00822	0.01205	0.03226	0.02942	0.03291	0.03437	0.14748	0.02711	0.01074	0.00800	0.00505	0.03040	0.00121	0.00449	0.00328	0.00296	0.32428
2	0.69900	0.00834	0.00697	0.00611	0.00869	0.00949	0.00499	0.08589	0.00919	0.02007	0.09822	0.01028	0.00909	0.00471	0.00313	0.00135	0.00336	0.00313	0.00309	0.00490
3	0.01005	0.17035	0.03804	0.00812	0.04728	0.02426	0.00662	0.03730	0.03286	0.01384	0.00777	0.00898	0.00649	0.00364	0.00352	0.00083	0.01994	0.00275	0.00250	0.55486
4	0.00663	0.00469	0.00558	0.00529	0.00585	0.00459	0.00335	0.00709	0.00675	0.00936	0.01275	0.02461	0.01404	0.62785	0.14249	0.00424	0.00525	0.00566	0.00259	0.10132
5	0.04825	0.09091	0.12318	0.17628	0.04853	0.04039	0.05229	0.18981	0.01168	0.03380	0.00872	0.01101	0.00684	0.02085	0.00465	0.00134	0.02505	0.01719	0.00271	0.08652
6	0.00777	0.00523	0.00724	0.00714	0.00827	0.00501	0.04781	0.00995	0.08378	0.10401	0.05072	0.55223	0.05497	0.01117	0.00528	0.00166	0.00301	0.02613	0.00416	0.00446
7	0.05565	0.01477	0.37932	0.07579	0.04176	0.00947	0.01125	0.13876	0.01118	0.09152	0.00988	0.01100	0.00709	0.00456	0.00400	0.00132	0.00510	0.00358	0.11781	0.00617
8	0.00657	0.00554	0.00676	0.00779	0.09865	0.00523	0.00510	0.00897	0.08442	0.01314	0.10984	0.09368	0.44925	0.03638	0.00561	0.00158	0.00283	0.05041	0.00390	0.00436
9	0.09103	0.38872	0.14513	0.00804	0.01170	0.01240	0.00809	0.02971	0.00910	0.03670	0.00954	0.03461	0.05036	0.00473	0.00391	0.00113	0.04570	0.00334	0.00236	0.10369
10	0.00857	0.03153	0.00968	0.09129	0.14448	0.00722	0.00689	0.09465	0.00950	0.01277	0.05716	0.01879	0.10210	0.10497	0.13608	0.14674	0.00535	0.00504	0.00276	0.00444

[dist]
# distance from previous block
# <min> <max>
0	9

[block]
# block no. 12 follows, 60 sequences, length 7
# corresponding to MSA columns:
# 644-650
name=unknown_M
#
# <colnr> <probs for GDERKNQSTAVLIFYWHMCP>
#	G	D	E	R	K	N	Q	S	T	A	V	L	I	F	Y	W	H	M	C	P
0	0.06427	0.00535	0.00575	0.00545	0.00694	0.00508	0.00414	0.06864	0.01068	0.03285	0.15865	0.05860	0.42694	0.08035	0.00641	0.00170	0.00277	0.04729	0.00402	0.00412
1	0.27172	0.05054	0.01004	0.01105	0.20494	0.00830	0.00682	0.03698	0.00865	0.04215	0.04830	0.01277	0.04774	0.00732	0.00689	0.21072	0.00392	0.00379	0.00265	0.00472
2	0.06853	0.07024	0.00831	0.00638	0.00838	0.00616	0.00507	0.01302	0.01085	0.28272	0.23434	0.15791	0.02133	0.00750	0.00444	0.00137	0.00297	0.00637	0.07885	0.00526
3	0.05177	0.00810	0.06563	0.06223	0.01090	0.02497	0.00671	0.04805	0.16661	0.07694	0.10819	0.13577	0.04659	0.03471	0.02437	0.00169	0.03274	0.03754	0.05131	0.00519
4	0.11086	0.03209	0.01105	0.08603	0.07994	0.21296	0.00773	0.07550	0.03697	0.06303	0.00938	0.01194	0.00776	0.03339	0.08846	0.00192	0.02348	0.02001	0.01573	0.07180
5	0.04597	0.36911	0.07021	0.02228	0.01130	0.03177	0.00731	0.08478	0.07445	0.01357	0.01022	0.01223	0.03720	0.04642	0.04470	0.00155	0.00479	0.01725	0.02296	0.07194
6	0.04203	0.03743	0.04835	0.07064	0.01196	0.00820	0.02339	0.12392	0.07498	0.09285	0.08460	0.04197	0.05457	0.03231	0.02276	0.00155	0.02368	0.06914	0.02206	0.11362

[dist]
# distance from previous block
# <min> <max>
0	379

# created by:
# /st0/software/busco_prod/Augustus/scripts/msa2prfl.pl ./align_prep/1563319.fa
