[name]
unknown

[dist]
# distance from previous block
# <min> <max>
0	62

[block]
# block no. 0 follows, 60 sequences, length 26
# corresponding to MSA columns:
# 68-93
name=unknown_A
#
# <colnr> <probs for GDERKNQSTAVLIFYWHMCP>
#	G	D	E	R	K	N	Q	S	T	A	V	L	I	F	Y	W	H	M	C	P
0	0.06814	0.04148	0.08166	0.04767	0.09150	0.03367	0.01937	0.14098	0.07398	0.07485	0.06870	0.12183	0.02677	0.02253	0.01831	0.00153	0.00438	0.02505	0.00345	0.03414
1	0.04059	0.04267	0.10933	0.02035	0.08413	0.04611	0.02529	0.16234	0.06371	0.08725	0.04533	0.15727	0.03714	0.02796	0.01638	0.00154	0.00448	0.00563	0.00349	0.01900
2	0.07158	0.16565	0.03416	0.00888	0.05855	0.04021	0.01896	0.11597	0.09017	0.07973	0.05613	0.04983	0.03266	0.06497	0.00522	0.00143	0.00415	0.00438	0.00326	0.09411
3	0.14554	0.05074	0.09137	0.00919	0.04049	0.03983	0.06156	0.11062	0.03346	0.11106	0.08702	0.03356	0.04769	0.00539	0.00408	0.00127	0.00426	0.01477	0.00337	0.10474
4	0.10060	0.10669	0.13893	0.00935	0.03785	0.07531	0.00841	0.10320	0.08935	0.09081	0.03087	0.02466	0.02277	0.00573	0.00414	0.00135	0.00463	0.09693	0.00326	0.04517
5	0.01132	0.14102	0.09512	0.07133	0.12037	0.01009	0.09113	0.07510	0.04173	0.11571	0.07551	0.03558	0.01094	0.00507	0.00423	0.00128	0.00473	0.02130	0.00307	0.06536
6	0.01216	0.00969	0.01237	0.05804	0.23239	0.04191	0.00891	0.17632	0.16843	0.08936	0.03647	0.08033	0.01166	0.00585	0.00449	0.00139	0.00442	0.02261	0.00361	0.01959
7	0.06039	0.03198	0.09039	0.01168	0.08776	0.20295	0.08410	0.10926	0.07210	0.04742	0.01126	0.05729	0.03106	0.04416	0.02717	0.00160	0.00567	0.00440	0.00293	0.01642
8	0.03618	0.00870	0.06260	0.11025	0.03127	0.00859	0.01864	0.05452	0.00939	0.06530	0.08570	0.01376	0.01057	0.04879	0.07121	0.00192	0.17535	0.00413	0.00278	0.18037
9	0.04518	0.00880	0.07274	0.32780	0.03717	0.00835	0.05126	0.04759	0.00987	0.12701	0.01131	0.09238	0.00954	0.00599	0.01888	0.00149	0.00498	0.02873	0.00291	0.08803
10	0.67981	0.04653	0.00743	0.00608	0.00861	0.03146	0.00498	0.03661	0.00852	0.01870	0.08395	0.03461	0.00906	0.00483	0.00311	0.00134	0.00345	0.00325	0.00294	0.00476
11	0.00529	0.00435	0.00466	0.00474	0.00601	0.00371	0.00349	0.00646	0.01002	0.01235	0.12933	0.13870	0.63354	0.01112	0.00520	0.00150	0.00223	0.00944	0.00413	0.00371
12	0.00902	0.00916	0.08661	0.00703	0.01115	0.00622	0.00621	0.01125	0.00906	0.01417	0.00776	0.00906	0.00637	0.00332	0.00332	0.00072	0.00354	0.00264	0.00251	0.79088
13	0.04126	0.01283	0.27298	0.05532	0.14504	0.00879	0.06023	0.01362	0.06013	0.06989	0.07552	0.01332	0.01017	0.00598	0.04137	0.00157	0.00532	0.01533	0.00272	0.08860
14	0.01822	0.00801	0.01167	0.00889	0.01231	0.00716	0.08239	0.05866	0.01261	0.68626	0.01623	0.01520	0.01059	0.00539	0.00450	0.00138	0.00412	0.02421	0.00501	0.00719
15	0.02390	0.03867	0.17607	0.02936	0.02421	0.00798	0.02476	0.05934	0.10820	0.04018	0.15618	0.04999	0.06812	0.00595	0.00429	0.00126	0.00395	0.00500	0.00334	0.16927
16	0.00621	0.00419	0.00485	0.00496	0.00504	0.00414	0.00289	0.00641	0.00691	0.00926	0.05743	0.12864	0.01878	0.70042	0.01926	0.00378	0.00391	0.00717	0.00293	0.00283
17	0.00579	0.00435	0.00538	0.00550	0.00649	0.00395	0.00409	0.00732	0.01073	0.01437	0.39427	0.20166	0.24380	0.01067	0.00529	0.00152	0.00233	0.06421	0.00439	0.00388
18	0.04923	0.24425	0.50177	0.01085	0.01607	0.03118	0.03561	0.01377	0.02362	0.01308	0.00742	0.00869	0.00569	0.00411	0.00390	0.00127	0.01844	0.00303	0.00195	0.00607
19	0.01218	0.58285	0.05231	0.04160	0.06411	0.16078	0.00854	0.01381	0.00956	0.01076	0.00646	0.00766	0.00569	0.00392	0.00321	0.00103	0.00538	0.00261	0.00195	0.00559
20	0.00641	0.00477	0.00608	0.00554	0.00685	0.00426	0.00418	0.00841	0.01194	0.01695	0.70928	0.03071	0.06890	0.00846	0.00496	0.00131	0.00218	0.00744	0.00456	0.08682
21	0.02587	0.29323	0.30968	0.01026	0.01479	0.03297	0.05876	0.04746	0.09692	0.05797	0.00894	0.00969	0.00681	0.00429	0.00378	0.00124	0.00535	0.00330	0.00248	0.00621
22	0.09590	0.12133	0.13584	0.01062	0.07065	0.01076	0.05317	0.12104	0.11415	0.20721	0.01135	0.01137	0.00811	0.00470	0.00402	0.00131	0.00463	0.00377	0.00347	0.00659
23	0.00629	0.00455	0.00613	0.00617	0.00661	0.00498	0.00437	0.00713	0.00704	0.00978	0.02908	0.10023	0.03470	0.30269	0.39686	0.02887	0.03236	0.00609	0.00267	0.00341
24	0.00667	0.00485	0.00631	0.00676	0.00772	0.00471	0.00536	0.04397	0.01057	0.01408	0.20080	0.25412	0.09076	0.01139	0.00556	0.00173	0.00308	0.31330	0.00422	0.00404
25	0.05237	0.01031	0.03957	0.04176	0.32564	0.01032	0.09194	0.12809	0.13554	0.04518	0.03071	0.01356	0.04549	0.00490	0.00441	0.00137	0.00480	0.00444	0.00310	0.00650

[dist]
# distance from previous block
# <min> <max>
3	7

[block]
# block no. 1 follows, 60 sequences, length 50
# corresponding to MSA columns:
# 101-150
name=unknown_B
#
# <colnr> <probs for GDERKNQSTAVLIFYWHMCP>
#	G	D	E	R	K	N	Q	S	T	A	V	L	I	F	Y	W	H	M	C	P
0	0.01029	0.00552	0.00702	0.00611	0.00790	0.00503	0.00472	0.02709	0.01116	0.24784	0.28750	0.04487	0.12164	0.06481	0.05665	0.00188	0.00339	0.00642	0.04926	0.03089
1	0.01963	0.20159	0.43215	0.05887	0.01727	0.06384	0.07780	0.02391	0.02201	0.01298	0.00798	0.01005	0.00626	0.00428	0.00397	0.00129	0.00602	0.02208	0.00204	0.00597
2	0.02489	0.05130	0.17155	0.03948	0.07497	0.03266	0.03287	0.13768	0.07051	0.07791	0.03917	0.05458	0.02357	0.00513	0.00415	0.00125	0.00463	0.00424	0.00314	0.14630
3	0.04749	0.00633	0.00758	0.00665	0.00866	0.00628	0.00522	0.01448	0.16751	0.22041	0.26563	0.02331	0.10581	0.00868	0.05204	0.00171	0.00337	0.00600	0.03739	0.00546
4	0.02643	0.00475	0.03400	0.00603	0.00680	0.00404	0.00443	0.00670	0.00868	0.01161	0.03830	0.58556	0.15847	0.04409	0.00602	0.00179	0.00275	0.04196	0.00390	0.00369
5	0.01156	0.01098	0.06211	0.19983	0.19660	0.07736	0.14765	0.04455	0.02480	0.11545	0.04772	0.01242	0.00865	0.00459	0.00461	0.00137	0.01674	0.00425	0.00276	0.00601
6	0.01083	0.01960	0.04027	0.17291	0.19583	0.02326	0.15020	0.14978	0.01145	0.03696	0.03829	0.01445	0.00927	0.07843	0.00610	0.00164	0.00543	0.02673	0.00277	0.00582
7	0.00664	0.00424	0.00541	0.00583	0.00619	0.00408	0.00382	0.00715	0.00788	0.06016	0.01969	0.50307	0.02276	0.27429	0.01114	0.02581	0.01512	0.00965	0.00360	0.00347
8	0.01035	0.27236	0.15665	0.06758	0.02915	0.01274	0.29867	0.01397	0.05885	0.01281	0.00822	0.01008	0.00647	0.00403	0.00431	0.00129	0.02064	0.00381	0.00215	0.00588
9	0.03591	0.03458	0.59410	0.01146	0.01671	0.00942	0.05701	0.02588	0.00942	0.04821	0.01017	0.10891	0.00859	0.00531	0.00431	0.00142	0.00576	0.00444	0.00234	0.00606
10	0.00994	0.00935	0.01516	0.14988	0.06640	0.05760	0.25943	0.02368	0.07625	0.05419	0.01421	0.06193	0.04577	0.00630	0.00495	0.00153	0.00546	0.12957	0.00299	0.00540
11	0.00671	0.00577	0.00758	0.00731	0.00794	0.00672	0.00563	0.00798	0.02472	0.01103	0.02147	0.23692	0.21283	0.03085	0.16110	0.00275	0.22791	0.00761	0.00314	0.00402
12	0.11910	0.01045	0.01621	0.15324	0.01847	0.03350	0.27764	0.14910	0.03541	0.07878	0.00925	0.01107	0.00682	0.00457	0.00503	0.00143	0.05698	0.00417	0.00289	0.00588
13	0.01032	0.01000	0.01746	0.07389	0.60359	0.01013	0.10423	0.01334	0.03777	0.01393	0.00878	0.01151	0.00726	0.00562	0.05188	0.00166	0.00579	0.00411	0.00224	0.00649
14	0.00635	0.00485	0.00736	0.05470	0.00907	0.00570	0.00583	0.00798	0.00711	0.01018	0.01146	0.01682	0.01061	0.03108	0.78199	0.00669	0.01134	0.00463	0.00231	0.00395
15	0.01016	0.01002	0.01796	0.20068	0.52439	0.01032	0.13634	0.01299	0.00973	0.01353	0.00820	0.01113	0.00663	0.00396	0.00446	0.00136	0.00566	0.00408	0.00212	0.00630
16	0.00721	0.00488	0.00657	0.00625	0.00698	0.00484	0.03793	0.00809	0.00793	0.05701	0.06449	0.06590	0.05281	0.43649	0.13498	0.00373	0.00511	0.08212	0.00313	0.00355
17	0.00650	0.00477	0.00632	0.00695	0.00799	0.00458	0.00581	0.00831	0.01031	0.01348	0.15768	0.09106	0.14800	0.01147	0.00572	0.00181	0.00333	0.49780	0.00415	0.00395
18	0.00935	0.07170	0.66910	0.01202	0.01787	0.01035	0.05551	0.02625	0.00962	0.03678	0.03639	0.01020	0.00701	0.00431	0.00416	0.00136	0.00613	0.00347	0.00211	0.00633
19	0.00874	0.00834	0.09330	0.06051	0.03408	0.00714	0.10432	0.08241	0.01034	0.05583	0.05763	0.20362	0.04143	0.03000	0.08091	0.00212	0.00506	0.09310	0.01616	0.00495
20	0.01426	0.04519	0.03894	0.05994	0.08526	0.40955	0.04304	0.13354	0.03278	0.03338	0.00805	0.00939	0.00638	0.00472	0.00474	0.00126	0.05784	0.00338	0.00262	0.00574
21	0.00665	0.00535	0.00735	0.00823	0.06147	0.01796	0.03760	0.00859	0.06815	0.01239	0.07064	0.54593	0.04939	0.01148	0.00563	0.02378	0.00312	0.04829	0.00384	0.00415
22	0.01958	0.00830	0.03406	0.06078	0.03542	0.06421	0.14332	0.03457	0.06587	0.05969	0.09756	0.29256	0.02927	0.01739	0.00516	0.00155	0.00431	0.01793	0.00352	0.00495
23	0.01261	0.01125	0.06555	0.10385	0.05618	0.04548	0.32312	0.08451	0.04974	0.17519	0.01096	0.02320	0.00795	0.00454	0.00466	0.00141	0.00586	0.00456	0.00311	0.00627
24	0.01014	0.00977	0.01702	0.31437	0.30115	0.01046	0.16548	0.06182	0.04059	0.01405	0.00866	0.01147	0.00673	0.00418	0.00450	0.00139	0.00574	0.00417	0.00231	0.00600
25	0.01990	0.00825	0.01398	0.16459	0.32029	0.00839	0.10054	0.01172	0.00998	0.05015	0.10362	0.08754	0.05759	0.00595	0.00468	0.00142	0.00469	0.01828	0.00287	0.00559
26	0.02408	0.00922	0.07357	0.24901	0.11822	0.01690	0.10028	0.05563	0.01045	0.09700	0.07757	0.09071	0.04668	0.00587	0.00461	0.00143	0.00491	0.00533	0.00301	0.00552
27	0.20612	0.09518	0.02357	0.42872	0.06852	0.01051	0.03977	0.02759	0.00890	0.03050	0.00800	0.01050	0.01661	0.00430	0.00386	0.00136	0.00506	0.00350	0.00227	0.00517
28	0.00560	0.00405	0.00529	0.00620	0.00656	0.00387	0.00422	0.00678	0.03645	0.01138	0.02351	0.76507	0.02782	0.03560	0.00599	0.00184	0.00266	0.03945	0.00402	0.00365
29	0.01085	0.02681	0.08373	0.10995	0.29405	0.02276	0.12365	0.05645	0.01056	0.08897	0.02954	0.07555	0.01003	0.00528	0.00457	0.00140	0.00523	0.03173	0.00280	0.00609
30	0.09851	0.07897	0.16652	0.01042	0.02472	0.04588	0.09750	0.16943	0.10301	0.10499	0.01106	0.01190	0.02175	0.03077	0.00468	0.00142	0.00504	0.00393	0.00323	0.00627
31	0.01057	0.01090	0.02023	0.06780	0.47779	0.02469	0.29556	0.01354	0.01004	0.01392	0.00838	0.01114	0.00672	0.00385	0.00461	0.00136	0.00604	0.00432	0.00217	0.00640
32	0.00570	0.00462	0.00551	0.00542	0.00676	0.00403	0.02846	0.00698	0.00999	0.02165	0.11391	0.15729	0.55210	0.01098	0.00525	0.00153	0.00251	0.04941	0.00408	0.00383
33	0.00930	0.00781	0.00908	0.00661	0.01028	0.00615	0.00528	0.05648	0.00991	0.01518	0.05776	0.01058	0.00865	0.00370	0.00341	0.00073	0.00325	0.00299	0.00282	0.77004
34	0.01103	0.65729	0.18494	0.00879	0.01309	0.01563	0.03288	0.01324	0.00897	0.01109	0.00650	0.00759	0.00561	0.00381	0.00314	0.00104	0.00510	0.00260	0.00187	0.00578
35	0.00525	0.00420	0.00465	0.00500	0.00600	0.00365	0.00354	0.00620	0.00927	0.01144	0.03617	0.31753	0.51786	0.04147	0.00590	0.00167	0.00239	0.01020	0.00400	0.00360
36	0.01005	0.01538	0.34516	0.03400	0.27191	0.01030	0.15791	0.01433	0.05145	0.03468	0.00888	0.01073	0.00671	0.00411	0.00441	0.00138	0.00597	0.00391	0.00224	0.00651
37	0.01150	0.01105	0.01631	0.16044	0.40834	0.08323	0.08971	0.08667	0.04710	0.03036	0.00887	0.01107	0.00699	0.00425	0.00438	0.00134	0.00560	0.00397	0.00250	0.00635
38	0.01316	0.00984	0.01021	0.00863	0.01128	0.04472	0.00685	0.23997	0.38776	0.09467	0.01478	0.01416	0.01086	0.00552	0.00423	0.00135	0.00387	0.00441	0.10705	0.00668
39	0.00538	0.00386	0.00510	0.00599	0.00633	0.00359	0.00404	0.00624	0.00870	0.01164	0.08601	0.76067	0.04982	0.01323	0.00552	0.00173	0.00249	0.01197	0.00411	0.00359
40	0.01117	0.26596	0.32397	0.03065	0.04653	0.02620	0.09071	0.07275	0.02319	0.05812	0.00826	0.00941	0.00627	0.00415	0.00388	0.00124	0.00565	0.00333	0.00233	0.00623
41	0.00814	0.00607	0.00690	0.00653	0.00820	0.00612	0.00519	0.07422	0.15099	0.03738	0.17457	0.03217	0.26084	0.00895	0.00496	0.00150	0.00294	0.14180	0.05770	0.00480
42	0.00600	0.00432	0.00520	0.00515	0.00619	0.00393	0.00380	0.00765	0.01090	0.01510	0.43970	0.13958	0.23120	0.00969	0.00499	0.00141	0.00216	0.00843	0.09068	0.00393
43	0.01110	0.04176	0.12801	0.13684	0.25431	0.08357	0.10790	0.01403	0.02885	0.08374	0.00931	0.01199	0.00740	0.05611	0.00542	0.00151	0.00571	0.00401	0.00245	0.00599
44	0.00838	0.00702	0.00950	0.00929	0.06195	0.00809	0.03249	0.04046	0.09811	0.02108	0.04330	0.14603	0.01457	0.22019	0.06164	0.00263	0.20159	0.00617	0.00300	0.00451
45	0.00551	0.00396	0.00527	0.00626	0.00663	0.00372	0.00438	0.00643	0.00859	0.01138	0.02450	0.72810	0.05078	0.01340	0.00561	0.00179	0.00270	0.10336	0.00404	0.00360
46	0.00973	0.01163	0.14146	0.12146	0.22664	0.00998	0.22494	0.01275	0.00957	0.03818	0.01106	0.02324	0.06378	0.00489	0.00538	0.00144	0.07104	0.00461	0.00233	0.00588
47	0.02171	0.02853	0.13161	0.02391	0.11947	0.06670	0.12746	0.08970	0.12262	0.16487	0.01202	0.03619	0.00915	0.00507	0.00445	0.00138	0.00521	0.02016	0.00333	0.00647
48	0.00991	0.05858	0.05933	0.21892	0.38697	0.01061	0.09921	0.02209	0.00958	0.01315	0.00905	0.01170	0.03111	0.00436	0.00473	0.00137	0.03710	0.00406	0.00215	0.00602
49	0.01113	0.03467	0.02730	0.10757	0.44898	0.07712	0.07230	0.08747	0.01088	0.01454	0.00921	0.06187	0.00801	0.00470	0.00439	0.00133	0.00544	0.00437	0.00246	0.00626

[dist]
# distance from previous block
# <min> <max>
0	32

[block]
# block no. 2 follows, 60 sequences, length 21
# corresponding to MSA columns:
# 184-204
name=unknown_C
#
# <colnr> <probs for GDERKNQSTAVLIFYWHMCP>
#	G	D	E	R	K	N	Q	S	T	A	V	L	I	F	Y	W	H	M	C	P
0	0.02777	0.13267	0.43591	0.01207	0.07086	0.05937	0.03370	0.03202	0.10033	0.04207	0.00904	0.00998	0.00675	0.00434	0.00400	0.00131	0.00569	0.00340	0.00239	0.00634
1	0.02374	0.03806	0.15326	0.00911	0.02928	0.05480	0.02121	0.11843	0.09318	0.07978	0.01191	0.01230	0.05472	0.00468	0.00394	0.00112	0.00442	0.00371	0.00313	0.27920
2	0.00684	0.00501	0.00675	0.03364	0.00841	0.00486	0.02995	0.00869	0.04428	0.04129	0.10776	0.28102	0.13967	0.08293	0.00685	0.00190	0.00324	0.17893	0.00394	0.00405
3	0.00854	0.08948	0.39546	0.01086	0.06564	0.00933	0.02276	0.01261	0.07145	0.01377	0.09037	0.06538	0.09115	0.00603	0.00463	0.00139	0.02779	0.00495	0.00271	0.00571
4	0.01165	0.00839	0.00937	0.00826	0.01063	0.00919	0.00645	0.05848	0.52391	0.13997	0.09571	0.06904	0.01633	0.00658	0.00457	0.00146	0.00336	0.00555	0.00459	0.00653
5	0.01071	0.14436	0.01582	0.09741	0.03240	0.07161	0.13904	0.03930	0.17476	0.01338	0.01010	0.03429	0.00851	0.00554	0.00622	0.00145	0.16664	0.02016	0.00268	0.00563
6	0.00653	0.00462	0.00554	0.00541	0.00551	0.00492	0.00338	0.00680	0.00660	0.00901	0.03694	0.02642	0.01551	0.69477	0.09380	0.00424	0.05835	0.00608	0.00263	0.00294
7	0.00790	0.01179	0.30597	0.00969	0.01285	0.00708	0.07692	0.01094	0.03293	0.04148	0.01566	0.31086	0.01619	0.03756	0.00551	0.00166	0.00462	0.06571	0.00307	0.02162
8	0.00542	0.00393	0.00512	0.00593	0.00637	0.00364	0.00406	0.00635	0.00888	0.01182	0.09935	0.68979	0.09075	0.01299	0.00551	0.00172	0.00249	0.02816	0.00412	0.00362
9	0.01649	0.01278	0.01189	0.00955	0.01261	0.18738	0.00769	0.45854	0.01674	0.15302	0.01100	0.01098	0.00781	0.00509	0.00419	0.00126	0.00511	0.00377	0.05739	0.00670
10	0.07792	0.54371	0.22766	0.00874	0.01304	0.04200	0.00951	0.01338	0.00896	0.01191	0.00654	0.00760	0.00551	0.00389	0.00318	0.00109	0.00513	0.00258	0.00194	0.00573
11	0.17304	0.04296	0.01477	0.01132	0.01428	0.10027	0.23340	0.04520	0.19451	0.04393	0.01044	0.02492	0.00814	0.00489	0.00485	0.00141	0.05868	0.00418	0.00300	0.00580
12	0.00566	0.00414	0.00531	0.00565	0.00636	0.00380	0.00400	0.00700	0.01020	0.01387	0.35953	0.41622	0.11934	0.01139	0.00534	0.00157	0.00230	0.01016	0.00436	0.00380
13	0.00652	0.00492	0.00683	0.00669	0.00718	0.00570	0.00494	0.00757	0.00679	0.00966	0.01183	0.01992	0.01197	0.27118	0.52809	0.00579	0.07334	0.00510	0.00239	0.00359
14	0.05145	0.00826	0.01050	0.00831	0.01124	0.00817	0.05732	0.16478	0.09357	0.35727	0.06508	0.01632	0.05628	0.00576	0.00436	0.00135	0.00381	0.00478	0.06489	0.00651
15	0.01020	0.01048	0.05178	0.24598	0.46264	0.03282	0.03315	0.02501	0.04368	0.01356	0.00843	0.01110	0.00676	0.00422	0.00454	0.00136	0.02196	0.00390	0.00221	0.00621
16	0.01768	0.00739	0.00978	0.00768	0.01077	0.00666	0.00627	0.04015	0.06365	0.67538	0.09216	0.01649	0.01372	0.00576	0.00446	0.00136	0.00357	0.00474	0.00525	0.00708
17	0.01078	0.01129	0.10022	0.08088	0.23237	0.05597	0.03147	0.13519	0.09779	0.01624	0.08398	0.04064	0.02281	0.00546	0.00485	0.00138	0.04015	0.00462	0.01782	0.00609
18	0.00602	0.00474	0.00548	0.00536	0.00663	0.00436	0.00404	0.00826	0.06229	0.01463	0.36938	0.07903	0.36945	0.00998	0.00515	0.00146	0.00230	0.03296	0.00439	0.00408
19	0.00975	0.13557	0.16012	0.00815	0.01217	0.00850	0.02937	0.01215	0.00927	0.05500	0.03037	0.04106	0.00815	0.00423	0.00381	0.00097	0.02107	0.00336	0.00258	0.44435
20	0.01029	0.10149	0.06297	0.02484	0.05095	0.03748	0.00700	0.07549	0.02614	0.03340	0.02614	0.01973	0.02945	0.00448	0.01284	0.00100	0.00408	0.00331	0.00276	0.46617

[dist]
# distance from previous block
# <min> <max>
0	5

[block]
# block no. 3 follows, 60 sequences, length 56
# corresponding to MSA columns:
# 210-265
name=unknown_D
#
# <colnr> <probs for GDERKNQSTAVLIFYWHMCP>
#	G	D	E	R	K	N	Q	S	T	A	V	L	I	F	Y	W	H	M	C	P
0	0.01100	0.03284	0.00973	0.00822	0.01064	0.00948	0.00643	0.07955	0.49351	0.07557	0.05917	0.10357	0.01515	0.00658	0.00446	0.00142	0.00342	0.00554	0.00429	0.05942
1	0.03520	0.38701	0.21999	0.01229	0.15529	0.07295	0.01056	0.01341	0.00934	0.01216	0.00745	0.03253	0.00646	0.00421	0.00356	0.00116	0.00534	0.00315	0.00203	0.00592
2	0.01137	0.01278	0.18034	0.08446	0.28686	0.02518	0.01157	0.14467	0.12390	0.04166	0.01084	0.01201	0.02532	0.00470	0.00432	0.00136	0.00513	0.00401	0.00290	0.00664
3	0.00617	0.00446	0.00583	0.00549	0.00652	0.00412	0.00412	0.00823	0.01235	0.01749	0.81722	0.03258	0.04115	0.00892	0.00514	0.00137	0.00206	0.00789	0.00480	0.00412
4	0.08969	0.00597	0.00594	0.00576	0.00692	0.05832	0.00433	0.03653	0.00879	0.01421	0.01274	0.06134	0.01136	0.07773	0.20510	0.00281	0.00516	0.00460	0.37856	0.00412
5	0.00530	0.00386	0.00499	0.00590	0.00628	0.00356	0.00397	0.00609	0.00852	0.01120	0.02616	0.75925	0.11210	0.01339	0.00552	0.00174	0.00250	0.01206	0.00405	0.00356
6	0.00758	0.00379	0.00568	0.00568	0.00568	0.00379	0.00379	0.00568	0.00568	0.00758	0.00758	0.01326	0.00758	0.01515	0.01705	0.87311	0.00379	0.00379	0.00189	0.00189
7	0.00531	0.00380	0.00506	0.00607	0.00633	0.00354	0.00405	0.00607	0.00835	0.01113	0.02404	0.84388	0.02885	0.01366	0.00557	0.00177	0.00253	0.01240	0.00405	0.00354
8	0.87753	0.00843	0.00641	0.00574	0.00843	0.00978	0.00472	0.01282	0.00742	0.01957	0.00607	0.00709	0.00472	0.00405	0.00270	0.00135	0.00337	0.00236	0.00270	0.00472
9	0.01940	0.00769	0.01028	0.00788	0.01127	0.00680	0.00651	0.06434	0.01292	0.77883	0.01684	0.01460	0.01061	0.00539	0.00438	0.00135	0.00377	0.00436	0.00534	0.00742
10	0.07087	0.08184	0.03456	0.01141	0.05503	0.62998	0.00857	0.03671	0.01178	0.01192	0.00685	0.00800	0.00567	0.00439	0.00380	0.00114	0.00708	0.00284	0.00229	0.00527
11	0.00665	0.00496	0.00624	0.00583	0.00701	0.00480	0.00440	0.00975	0.09372	0.01757	0.73582	0.03092	0.03832	0.00861	0.00507	0.00138	0.00220	0.00759	0.00476	0.00440
12	0.00703	0.00502	0.00703	0.00803	0.00904	0.00502	0.00703	0.00904	0.01004	0.01305	0.02309	0.04920	0.02510	0.01205	0.00602	0.00201	0.00402	0.79016	0.00402	0.00402
13	0.00547	0.00392	0.00520	0.00596	0.00636	0.00365	0.00406	0.00648	0.00910	0.01232	0.17249	0.69203	0.03115	0.01278	0.00549	0.00170	0.00244	0.01155	0.00419	0.00365
14	0.01058	0.01922	0.61567	0.01181	0.01745	0.00999	0.03984	0.09300	0.01071	0.09358	0.00946	0.01108	0.00681	0.00458	0.00427	0.00139	0.00598	0.02552	0.00251	0.00655
15	0.00625	0.00460	0.00666	0.00666	0.00732	0.00526	0.00502	0.00757	0.00691	0.00987	0.01200	0.01889	0.01166	0.15767	0.70552	0.00658	0.01054	0.00493	0.00238	0.00370
16	0.04120	0.12260	0.04988	0.00911	0.02769	0.07582	0.01788	0.23274	0.13243	0.01783	0.00966	0.01016	0.00748	0.00444	0.00379	0.00111	0.00450	0.00337	0.00319	0.22512
17	0.00574	0.00415	0.00492	0.01979	0.00645	0.00381	0.00383	0.00691	0.00927	0.01247	0.08735	0.40070	0.28551	0.01119	0.00506	0.00154	0.00238	0.00980	0.11541	0.00372
18	0.02249	0.33634	0.31335	0.01067	0.06234	0.04698	0.01088	0.06297	0.00997	0.02393	0.00739	0.00851	0.00587	0.00401	0.00357	0.00114	0.00537	0.00291	0.00215	0.05915
19	0.00997	0.20650	0.59439	0.01115	0.01676	0.03918	0.01364	0.01398	0.00933	0.03642	0.00767	0.00883	0.00570	0.00410	0.00384	0.00127	0.00602	0.00304	0.00196	0.00624
20	0.07193	0.00748	0.00989	0.00764	0.01097	0.00662	0.00631	0.02074	0.01217	0.77353	0.01653	0.01437	0.01043	0.00532	0.00428	0.00135	0.00369	0.00426	0.00523	0.00726
21	0.00937	0.04184	0.20101	0.10315	0.07633	0.04217	0.13214	0.02440	0.07164	0.03709	0.01523	0.06026	0.12239	0.00597	0.00475	0.00143	0.02018	0.02229	0.00277	0.00558
22	0.05111	0.04665	0.23523	0.01115	0.09345	0.00884	0.04419	0.02664	0.07033	0.28017	0.02179	0.02459	0.00909	0.00488	0.00416	0.00134	0.00466	0.00405	0.05117	0.00652
23	0.00544	0.00393	0.00510	0.00594	0.00633	0.00366	0.00404	0.00628	0.00857	0.01134	0.05055	0.68631	0.09054	0.05201	0.00631	0.00186	0.00263	0.04160	0.00401	0.00355
24	0.00531	0.00380	0.00506	0.00607	0.00633	0.00354	0.00405	0.00607	0.00835	0.01113	0.02404	0.84388	0.02885	0.01366	0.00557	0.00177	0.00253	0.01240	0.00405	0.00354
25	0.01104	0.06272	0.24213	0.03593	0.14450	0.06838	0.10554	0.09710	0.10338	0.02979	0.02951	0.01205	0.02895	0.00469	0.00432	0.00134	0.00555	0.00405	0.00272	0.00631
26	0.06116	0.07821	0.10554	0.08109	0.32341	0.05881	0.05047	0.10038	0.07178	0.01547	0.00875	0.01043	0.00689	0.00428	0.00412	0.00131	0.00532	0.00369	0.00254	0.00636
27	0.01422	0.01777	0.05176	0.04772	0.19228	0.55266	0.03476	0.01600	0.01147	0.01173	0.00722	0.00884	0.00594	0.00431	0.00408	0.00120	0.00711	0.00318	0.00220	0.00555
28	0.00600	0.00549	0.05272	0.03489	0.01945	0.00478	0.01471	0.00722	0.00846	0.01135	0.03261	0.54704	0.08937	0.02442	0.06758	0.01527	0.02680	0.02438	0.00358	0.00388
29	0.05346	0.11314	0.18689	0.02416	0.13012	0.01087	0.05351	0.11665	0.08928	0.16393	0.01066	0.01113	0.00772	0.00457	0.00410	0.00131	0.00495	0.00375	0.00318	0.00662
30	0.04112	0.03508	0.01087	0.00917	0.03278	0.14102	0.00707	0.17787	0.18562	0.19220	0.03027	0.05727	0.04845	0.00596	0.00433	0.00135	0.00444	0.00473	0.00406	0.00634
31	0.01821	0.00760	0.00973	0.00760	0.01072	0.02818	0.00622	0.04271	0.01249	0.69904	0.04347	0.01522	0.01161	0.00547	0.00431	0.00132	0.00369	0.00443	0.06094	0.00703
32	0.01030	0.01227	0.15990	0.11524	0.22334	0.04442	0.12291	0.05459	0.09143	0.02927	0.04909	0.01372	0.03427	0.00485	0.00449	0.00139	0.00543	0.01427	0.00269	0.00612
33	0.03408	0.05630	0.07243	0.10180	0.19316	0.02144	0.12329	0.04759	0.02220	0.16350	0.03334	0.05197	0.00933	0.00488	0.00435	0.00133	0.00500	0.00445	0.00303	0.04655
34	0.06224	0.01340	0.01319	0.04932	0.03188	0.20905	0.06346	0.39819	0.03793	0.02008	0.03630	0.01070	0.00796	0.00500	0.00445	0.00130	0.02202	0.00381	0.00342	0.00629
35	0.00593	0.00455	0.00666	0.00750	0.04494	0.00430	0.03749	0.00711	0.00907	0.01230	0.13404	0.63383	0.02835	0.01236	0.01636	0.00175	0.00293	0.02268	0.00397	0.00389
36	0.03381	0.12961	0.19931	0.06588	0.07818	0.04388	0.06901	0.10843	0.06685	0.10473	0.01028	0.04074	0.00800	0.00521	0.01624	0.00140	0.00533	0.00398	0.00290	0.00623
37	0.02976	0.03237	0.14165	0.01148	0.07220	0.11175	0.11024	0.13157	0.07699	0.01620	0.12003	0.01554	0.05850	0.00644	0.03289	0.00153	0.00533	0.00470	0.01506	0.00577
38	0.00705	0.00523	0.00605	0.00614	0.00707	0.03205	0.00449	0.03193	0.05450	0.01469	0.27402	0.31528	0.02708	0.01103	0.05024	0.00178	0.00314	0.02230	0.12177	0.00417
39	0.00954	0.11211	0.36230	0.01153	0.07767	0.04084	0.04419	0.03052	0.06011	0.02928	0.06292	0.06271	0.05623	0.00553	0.00440	0.00135	0.01569	0.00457	0.00263	0.00588
40	0.04136	0.04938	0.39936	0.01299	0.08822	0.05708	0.06807	0.01422	0.02869	0.07541	0.00866	0.02092	0.00663	0.00477	0.00537	0.00141	0.10537	0.00365	0.00232	0.00612
41	0.01133	0.59390	0.13545	0.00979	0.05061	0.02330	0.05038	0.03982	0.02846	0.01191	0.00699	0.00808	0.00594	0.00390	0.00328	0.00107	0.00509	0.00280	0.00204	0.00588
42	0.00600	0.00467	0.00678	0.00706	0.00765	0.00457	0.05327	0.00732	0.03517	0.01164	0.04501	0.70066	0.02621	0.01250	0.00598	0.01780	0.02888	0.01115	0.00386	0.00382
43	0.02208	0.35582	0.21992	0.01025	0.01456	0.07006	0.09348	0.05175	0.01027	0.10183	0.00827	0.00914	0.00634	0.00414	0.00371	0.00118	0.00550	0.00319	0.00244	0.00608
44	0.00678	0.00471	0.00559	0.00548	0.00581	0.00494	0.00349	0.02217	0.04857	0.00958	0.01336	0.02517	0.01448	0.62324	0.16058	0.02886	0.00548	0.00586	0.00269	0.00315
45	0.00535	0.00395	0.00501	0.00575	0.00627	0.00361	0.00393	0.00627	0.00892	0.01173	0.08793	0.64855	0.16102	0.01287	0.00547	0.00169	0.00244	0.01152	0.00411	0.00361
46	0.00885	0.00839	0.01418	0.63907	0.18985	0.00988	0.02648	0.01191	0.02653	0.01198	0.00808	0.01156	0.00621	0.00429	0.00437	0.00142	0.00566	0.00392	0.00204	0.00533
47	0.01148	0.47229	0.26705	0.00945	0.01389	0.07379	0.01025	0.07352	0.01010	0.01268	0.00699	0.00800	0.00571	0.00403	0.00341	0.00111	0.00545	0.00276	0.00207	0.00596
48	0.01076	0.01284	0.06608	0.01740	0.02177	0.05644	0.69221	0.04043	0.01069	0.01423	0.00871	0.01137	0.00653	0.00380	0.00500	0.00144	0.00725	0.00488	0.00226	0.00592
49	0.00612	0.00486	0.00574	0.00559	0.00685	0.00458	0.02213	0.00799	0.05444	0.01243	0.09678	0.06928	0.43115	0.09497	0.07459	0.00222	0.00348	0.05422	0.03872	0.00389
50	0.01061	0.00911	0.00965	0.00870	0.01109	0.01050	0.00676	0.02240	0.77008	0.01821	0.05931	0.01712	0.01476	0.00607	0.00447	0.00147	0.00338	0.00508	0.00446	0.00676
51	0.01002	0.00862	0.00909	0.00824	0.01054	0.00977	0.00639	0.02068	0.68947	0.01750	0.05465	0.01979	0.10299	0.00661	0.00455	0.00147	0.00326	0.00553	0.00441	0.00643
52	0.00966	0.00750	0.00855	0.00811	0.01002	0.00824	0.00642	0.01749	0.47056	0.05842	0.09875	0.08525	0.01946	0.00799	0.00491	0.00159	0.00337	0.16349	0.00441	0.00583
53	0.00894	0.02119	0.72259	0.01319	0.01937	0.01024	0.11628	0.01383	0.00935	0.01383	0.00795	0.00953	0.00566	0.00408	0.00427	0.00139	0.00656	0.00347	0.00189	0.00637
54	0.00617	0.00446	0.00583	0.00549	0.00652	0.00412	0.00412	0.00823	0.01235	0.01749	0.81722	0.03258	0.04115	0.00892	0.00514	0.00137	0.00206	0.00789	0.00480	0.00412
55	0.01598	0.01631	0.01165	0.01024	0.01276	0.52031	0.00788	0.07853	0.11154	0.14080	0.01035	0.01102	0.00790	0.00502	0.00414	0.00123	0.00636	0.01894	0.00321	0.00582

[dist]
# distance from previous block
# <min> <max>
0	6

[block]
# block no. 4 follows, 60 sequences, length 14
# corresponding to MSA columns:
# 272-285
name=unknown_E
#
# <colnr> <probs for GDERKNQSTAVLIFYWHMCP>
#	G	D	E	R	K	N	Q	S	T	A	V	L	I	F	Y	W	H	M	C	P
0	0.00684	0.00519	0.00636	0.00682	0.00799	0.00516	0.00553	0.00964	0.10287	0.01318	0.04255	0.12565	0.21102	0.03724	0.00600	0.00183	0.00329	0.37259	0.02608	0.00418
1	0.01878	0.00821	0.01055	0.00814	0.01150	0.00764	0.00671	0.13767	0.04550	0.67249	0.01623	0.01425	0.01039	0.00539	0.00438	0.00135	0.00386	0.00434	0.00521	0.00740
2	0.00832	0.00780	0.01273	0.68195	0.02641	0.00984	0.01147	0.01093	0.00856	0.01119	0.00849	0.01379	0.00704	0.00526	0.00569	0.00154	0.10778	0.05438	0.00207	0.00478
3	0.00618	0.00440	0.00556	0.00547	0.00649	0.00399	0.00402	0.00783	0.01122	0.03541	0.52227	0.18151	0.16930	0.01005	0.00520	0.00146	0.00221	0.00884	0.00455	0.00402
4	0.00677	0.00542	0.00783	0.00751	0.00813	0.00658	0.00587	0.00816	0.00721	0.01048	0.05455	0.01744	0.01201	0.07624	0.60524	0.00572	0.14366	0.00481	0.00242	0.00397
5	0.01629	0.02079	0.01236	0.01124	0.01348	0.82921	0.00843	0.01742	0.01236	0.01067	0.00674	0.00787	0.00562	0.00449	0.00393	0.00112	0.00787	0.00281	0.00225	0.00506
6	0.00770	0.00443	0.00640	0.00627	0.00657	0.00471	0.00444	0.00703	0.00648	0.04240	0.01014	0.07115	0.01020	0.07226	0.16125	0.51968	0.04904	0.00473	0.00232	0.00279
7	0.16161	0.51026	0.07926	0.00784	0.01138	0.03325	0.00770	0.06662	0.00959	0.01350	0.00761	0.01015	0.00682	0.00447	0.00322	0.00114	0.00462	0.05313	0.00232	0.00552
8	0.00606	0.00442	0.00569	0.00544	0.00646	0.00406	0.00406	0.00798	0.01197	0.01677	0.72271	0.07587	0.09355	0.00931	0.00517	0.00140	0.00209	0.00821	0.00471	0.00406
9	0.02210	0.01095	0.10267	0.10369	0.31695	0.05402	0.03111	0.02860	0.04147	0.02663	0.05674	0.06662	0.01070	0.00562	0.00535	0.00144	0.07865	0.02823	0.00261	0.00585
10	0.00949	0.01038	0.04907	0.33390	0.10750	0.06233	0.25577	0.01244	0.00964	0.01252	0.00957	0.04789	0.00814	0.00490	0.00470	0.00146	0.00615	0.04653	0.00226	0.00536
11	0.06743	0.00805	0.01308	0.70159	0.10497	0.00976	0.01173	0.01147	0.00875	0.01202	0.00768	0.01124	0.00585	0.00429	0.00424	0.00143	0.00559	0.00377	0.00201	0.00504
12	0.01058	0.00992	0.01496	0.48254	0.04886	0.09564	0.14666	0.03381	0.01003	0.07473	0.00896	0.01222	0.00678	0.00450	0.00449	0.00142	0.00605	0.02010	0.00240	0.00536
13	0.05353	0.07806	0.14418	0.03778	0.26913	0.00981	0.06431	0.03506	0.02642	0.18007	0.02112	0.02810	0.02371	0.00470	0.00422	0.00133	0.00493	0.00411	0.00298	0.00646

[dist]
# distance from previous block
# <min> <max>
0	27

# created by:
# /st0/software/busco_prod/Augustus/scripts/msa2prfl.pl ./align_prep/1567796.fa
