[name]
unknown

[dist]
# distance from previous block
# <min> <max>
1	64

[block]
# block no. 0 follows, 57 sequences, length 6
# corresponding to MSA columns:
# 83-88
name=unknown_A
#
# <colnr> <probs for GDERKNQSTAVLIFYWHMCP>
#	G	D	E	R	K	N	Q	S	T	A	V	L	I	F	Y	W	H	M	C	P
0	0.01223	0.00952	0.01248	0.32052	0.09746	0.06444	0.00978	0.01685	0.17740	0.16588	0.01207	0.01322	0.00880	0.00497	0.00445	0.00141	0.00504	0.00421	0.00332	0.05595
1	0.05823	0.00979	0.03317	0.29352	0.19224	0.02961	0.01083	0.07477	0.03533	0.07760	0.02674	0.01287	0.02931	0.00525	0.00552	0.00149	0.09078	0.00421	0.00279	0.00597
2	0.00766	0.01012	0.19000	0.00995	0.01279	0.00692	0.15699	0.01057	0.01096	0.01546	0.34079	0.16721	0.02547	0.00801	0.00519	0.00152	0.00428	0.00741	0.00366	0.00506
3	0.00845	0.01997	0.67299	0.01174	0.01730	0.00931	0.01451	0.01292	0.00941	0.01386	0.01112	0.15673	0.01005	0.00606	0.00457	0.00151	0.00597	0.00504	0.00232	0.00616
4	0.01106	0.08256	0.12607	0.05417	0.14412	0.02960	0.05898	0.03869	0.04394	0.11782	0.04320	0.03687	0.03066	0.15373	0.00777	0.00192	0.00504	0.00494	0.00307	0.00579
5	0.01171	0.15748	0.17698	0.01104	0.01484	0.04953	0.14807	0.01517	0.06371	0.13795	0.01087	0.01244	0.00835	0.00976	0.14973	0.00240	0.00693	0.00410	0.00285	0.00609

[dist]
# distance from previous block
# <min> <max>
0	2

[block]
# block no. 1 follows, 57 sequences, length 10
# corresponding to MSA columns:
# 91-100
name=unknown_B
#
# <colnr> <probs for GDERKNQSTAVLIFYWHMCP>
#	G	D	E	R	K	N	Q	S	T	A	V	L	I	F	Y	W	H	M	C	P
0	0.00816	0.00610	0.00626	0.00600	0.00738	0.06827	0.00444	0.00956	0.01097	0.08819	0.23409	0.14797	0.28443	0.04960	0.00598	0.00162	0.00300	0.00830	0.04532	0.00436
1	0.00951	0.00864	0.01404	0.23261	0.05077	0.00855	0.16098	0.01197	0.00941	0.03493	0.00957	0.01413	0.00819	0.06962	0.00627	0.00151	0.03979	0.03437	0.00252	0.27260
2	0.01092	0.07150	0.13061	0.01939	0.40255	0.02434	0.08419	0.06485	0.02501	0.01555	0.07187	0.01389	0.01037	0.00487	0.00455	0.00138	0.00543	0.02950	0.00265	0.00659
3	0.00884	0.00853	0.04928	0.08582	0.20395	0.04910	0.03904	0.01091	0.01021	0.04669	0.05903	0.13159	0.19844	0.00909	0.03978	0.00176	0.00468	0.03476	0.00328	0.00522
4	0.00734	0.00511	0.00730	0.00746	0.00849	0.00501	0.03628	0.00870	0.00937	0.04575	0.04602	0.17828	0.09881	0.05814	0.11269	0.06467	0.00480	0.28802	0.00374	0.00403
5	0.00958	0.00946	0.04605	0.28519	0.31697	0.01001	0.01168	0.01299	0.07139	0.01324	0.00955	0.01309	0.00793	0.03622	0.08506	0.00213	0.04696	0.00426	0.00236	0.00589
6	0.01203	0.09342	0.22029	0.01549	0.23158	0.02821	0.06721	0.01586	0.07239	0.14206	0.01128	0.05109	0.00888	0.00499	0.00442	0.00139	0.00537	0.00437	0.00295	0.00672
7	0.01039	0.01104	0.09853	0.26045	0.28750	0.04854	0.01197	0.01352	0.04129	0.05167	0.01077	0.04766	0.02988	0.00563	0.01684	0.00154	0.03971	0.00451	0.00253	0.00604
8	0.01564	0.00738	0.00949	0.00775	0.01048	0.00689	0.00621	0.08332	0.06569	0.48070	0.17024	0.08301	0.01863	0.00700	0.00481	0.00145	0.00351	0.00591	0.00522	0.00670
9	0.00821	0.00769	0.04293	0.24565	0.17444	0.00782	0.00932	0.01028	0.00917	0.02714	0.01592	0.21504	0.07593	0.03444	0.04807	0.00197	0.04016	0.01789	0.00290	0.00502

[dist]
# distance from previous block
# <min> <max>
0	1

[block]
# block no. 2 follows, 57 sequences, length 15
# corresponding to MSA columns:
# 102-109,158-164
name=unknown_C
#
# <colnr> <probs for GDERKNQSTAVLIFYWHMCP>
#	G	D	E	R	K	N	Q	S	T	A	V	L	I	F	Y	W	H	M	C	P
0	0.03419	0.07508	0.31793	0.03985	0.19383	0.01013	0.04558	0.02907	0.01043	0.08391	0.05674	0.02534	0.02227	0.00514	0.00444	0.00141	0.00545	0.03007	0.00272	0.00641
1	0.00951	0.03172	0.12087	0.13356	0.22403	0.00917	0.07164	0.02549	0.00971	0.04059	0.01228	0.14911	0.01180	0.03260	0.03137	0.00180	0.03835	0.03798	0.00273	0.00569
2	0.00845	0.00422	0.00422	0.00422	0.00528	0.00422	0.00317	0.01056	0.00950	0.01689	0.01478	0.01689	0.01161	0.00528	0.00317	0.00106	0.00211	0.00422	0.86591	0.00422
3	0.01298	0.16666	0.01392	0.10861	0.04191	0.02871	0.04294	0.10129	0.03392	0.20245	0.14407	0.01616	0.03401	0.00574	0.00454	0.00134	0.01547	0.00473	0.00377	0.01677
4	0.01215	0.21897	0.12562	0.03280	0.04937	0.06947	0.11656	0.03066	0.01061	0.11890	0.05645	0.01224	0.00934	0.03054	0.00491	0.00135	0.02121	0.00393	0.00283	0.07209
5	0.00844	0.01399	0.34805	0.01226	0.06059	0.00865	0.11778	0.01181	0.00916	0.01323	0.02829	0.10058	0.01076	0.03627	0.16222	0.00269	0.02219	0.00516	0.00244	0.02545
6	0.02871	0.00507	0.00621	0.00595	0.00724	0.00482	0.00451	0.00965	0.04734	0.06307	0.38756	0.08851	0.17029	0.01058	0.03368	0.03807	0.00290	0.03690	0.04454	0.00439
7	0.01249	0.09726	0.11858	0.05864	0.26663	0.03540	0.11496	0.09210	0.03246	0.09641	0.00965	0.01121	0.00733	0.00450	0.00464	0.00137	0.02283	0.00401	0.00279	0.00673
8	0.01417	0.18757	0.11042	0.01313	0.18185	0.03163	0.03116	0.01711	0.05346	0.27715	0.03130	0.01238	0.00924	0.00480	0.00419	0.00131	0.00488	0.00395	0.00344	0.00686
9	0.00657	0.00444	0.00545	0.00556	0.00574	0.00455	0.00351	0.00686	0.00694	0.00938	0.01477	0.08909	0.01661	0.59013	0.14823	0.04085	0.00547	0.03001	0.00282	0.00303
10	0.01433	0.02822	0.06832	0.04335	0.01275	0.06726	0.02117	0.05370	0.16576	0.31660	0.09018	0.01699	0.03691	0.02500	0.00517	0.00149	0.01695	0.00491	0.00436	0.00658
11	0.01159	0.16538	0.25144	0.02635	0.16743	0.07855	0.05747	0.04440	0.01062	0.06211	0.03564	0.01105	0.00795	0.00554	0.03238	0.00152	0.01801	0.00373	0.00248	0.00635
12	0.00845	0.00422	0.00422	0.00422	0.00528	0.00422	0.00317	0.01056	0.00950	0.01689	0.01478	0.01689	0.01161	0.00528	0.00317	0.00106	0.00211	0.00422	0.86591	0.00422
13	0.01364	0.00691	0.00809	0.00677	0.00911	0.00678	0.00543	0.12989	0.04566	0.28716	0.04011	0.01779	0.04573	0.00596	0.00411	0.00129	0.00323	0.01948	0.33687	0.00601
14	0.01038	0.03372	0.01462	0.16416	0.31898	0.03362	0.05381	0.05868	0.05079	0.03109	0.03993	0.09532	0.03236	0.00683	0.03453	0.00165	0.00533	0.00529	0.00287	0.00603

[dist]
# distance from previous block
# <min> <max>
2	8

[block]
# block no. 3 follows, 57 sequences, length 27
# corresponding to MSA columns:
# 175-201
name=unknown_D
#
# <colnr> <probs for GDERKNQSTAVLIFYWHMCP>
#	G	D	E	R	K	N	Q	S	T	A	V	L	I	F	Y	W	H	M	C	P
0	0.24886	0.01082	0.05458	0.03991	0.01242	0.04933	0.01852	0.10101	0.31015	0.01914	0.03839	0.01273	0.01008	0.00523	0.00403	0.00141	0.00419	0.00401	0.00363	0.05157
1	0.00621	0.00442	0.00534	0.00556	0.00617	0.00419	0.00381	0.00695	0.00881	0.01155	0.12465	0.18640	0.19361	0.27646	0.03835	0.05066	0.00353	0.05623	0.00366	0.00344
2	0.03424	0.05235	0.01049	0.00927	0.06116	0.00957	0.00666	0.23321	0.15705	0.04700	0.01531	0.17659	0.01452	0.14284	0.00767	0.00196	0.00411	0.00628	0.00390	0.00581
3	0.05731	0.00585	0.00763	0.03848	0.00961	0.00574	0.00609	0.01149	0.01097	0.16863	0.18623	0.09764	0.09554	0.00966	0.00560	0.00168	0.02586	0.24665	0.00441	0.00490
4	0.03363	0.00669	0.00799	0.00707	0.00909	0.00656	0.00554	0.03961	0.15520	0.10026	0.32939	0.04455	0.02515	0.03648	0.00549	0.00152	0.00311	0.07026	0.00447	0.10793
5	0.00818	0.00514	0.00696	0.00722	0.04911	0.00504	0.00475	0.03093	0.00836	0.04544	0.09174	0.06440	0.03710	0.20105	0.05911	0.29957	0.00430	0.03525	0.00300	0.03336
6	0.01295	0.01002	0.01372	0.07738	0.25239	0.05463	0.04013	0.09628	0.10088	0.15575	0.05682	0.01658	0.01181	0.00571	0.00487	0.00146	0.01820	0.06021	0.00360	0.00660
7	0.00845	0.00422	0.00422	0.00422	0.00528	0.00422	0.00317	0.01056	0.00950	0.01689	0.01478	0.01689	0.01161	0.00528	0.00317	0.00106	0.00211	0.00422	0.86591	0.00422
8	0.00947	0.03793	0.01626	0.54801	0.20063	0.01063	0.08813	0.01244	0.00950	0.01253	0.00820	0.01174	0.00636	0.00433	0.00454	0.00146	0.00601	0.00410	0.00209	0.00563
9	0.04134	0.04523	0.09776	0.01741	0.32973	0.01980	0.07318	0.09181	0.05576	0.12123	0.01034	0.01154	0.00779	0.00448	0.00437	0.00134	0.00519	0.00400	0.00304	0.05467
10	0.00985	0.01538	0.31288	0.03869	0.08144	0.01031	0.30210	0.02803	0.02712	0.01464	0.01079	0.01270	0.04886	0.00449	0.00471	0.00142	0.00637	0.00449	0.00236	0.06338
11	0.01359	0.01366	0.01187	0.10006	0.03304	0.35530	0.02256	0.04528	0.04858	0.09549	0.04861	0.05416	0.01026	0.00757	0.05065	0.01960	0.05686	0.00438	0.00302	0.00545
12	0.03356	0.08127	0.05716	0.12384	0.18918	0.08122	0.06653	0.07682	0.04442	0.07226	0.01115	0.10242	0.00974	0.00568	0.00473	0.00142	0.02468	0.00488	0.00293	0.00609
13	0.02647	0.01141	0.19718	0.04391	0.05817	0.00796	0.05130	0.01701	0.02468	0.38202	0.04679	0.01687	0.07274	0.00577	0.00463	0.00144	0.00469	0.01620	0.00404	0.00672
14	0.00717	0.00523	0.00692	0.00751	0.00830	0.00534	0.00591	0.04951	0.01011	0.01346	0.06056	0.34151	0.02609	0.05828	0.00720	0.00205	0.03509	0.34155	0.00408	0.00413
15	0.01176	0.01473	0.11234	0.10257	0.21864	0.24721	0.11335	0.01435	0.01080	0.01303	0.01006	0.05554	0.02270	0.00519	0.00460	0.00140	0.00648	0.02698	0.00241	0.00586
16	0.03806	0.15358	0.19579	0.03460	0.09282	0.11812	0.05412	0.11198	0.02412	0.12108	0.00950	0.01036	0.00704	0.00457	0.00415	0.00131	0.00576	0.00358	0.00291	0.00654
17	0.00845	0.00422	0.00422	0.00422	0.00528	0.00422	0.00317	0.01056	0.00950	0.01689	0.01478	0.01689	0.01161	0.00528	0.00317	0.00106	0.00211	0.00422	0.86591	0.00422
18	0.00676	0.00523	0.00757	0.00775	0.00876	0.00504	0.05988	0.02596	0.02417	0.01321	0.06568	0.44604	0.07308	0.01227	0.00578	0.00183	0.00342	0.21925	0.00412	0.00417
19	0.01072	0.00945	0.04486	0.05415	0.11135	0.03301	0.02485	0.07403	0.17079	0.06949	0.05778	0.07657	0.05963	0.00738	0.00606	0.00159	0.09879	0.07992	0.00365	0.00592
20	0.04576	0.04683	0.09457	0.12509	0.09008	0.05667	0.19654	0.04068	0.03786	0.07671	0.01176	0.04326	0.03648	0.03418	0.00557	0.00157	0.02813	0.01957	0.00281	0.00587
21	0.00795	0.00684	0.03585	0.02710	0.03277	0.02038	0.02172	0.00874	0.00725	0.01026	0.00994	0.03272	0.00967	0.07531	0.31800	0.19876	0.16592	0.00465	0.00226	0.00392
22	0.01034	0.00732	0.00986	0.00867	0.01054	0.03803	0.07479	0.03502	0.10642	0.14517	0.01613	0.09195	0.03526	0.06973	0.27737	0.00364	0.00699	0.04396	0.00357	0.00524
23	0.01229	0.01301	0.05186	0.05062	0.12971	0.17582	0.10671	0.06318	0.25733	0.02658	0.01217	0.03670	0.00967	0.00604	0.02675	0.00158	0.00582	0.00456	0.00322	0.00639
24	0.01185	0.43901	0.11106	0.01156	0.08256	0.10798	0.08860	0.01409	0.00999	0.01224	0.02279	0.00910	0.00680	0.00410	0.00365	0.00113	0.00563	0.00314	0.00214	0.05256
25	0.01104	0.02570	0.35919	0.01111	0.04861	0.02158	0.03245	0.05437	0.04084	0.10776	0.01071	0.05648	0.00842	0.00491	0.00425	0.00128	0.00520	0.00404	0.00290	0.18914
26	0.04637	0.09663	0.29912	0.03448	0.07288	0.02503	0.02835	0.03284	0.01041	0.09903	0.11036	0.02440	0.02068	0.00711	0.04773	0.02581	0.00551	0.00436	0.00292	0.00597

[dist]
# distance from previous block
# <min> <max>
0	1

[block]
# block no. 4 follows, 57 sequences, length 15
# corresponding to MSA columns:
# 203-217
name=unknown_E
#
# <colnr> <probs for GDERKNQSTAVLIFYWHMCP>
#	G	D	E	R	K	N	Q	S	T	A	V	L	I	F	Y	W	H	M	C	P
0	0.00745	0.00728	0.06273	0.07088	0.08903	0.00673	0.05203	0.00920	0.00887	0.01218	0.04716	0.27742	0.03250	0.10694	0.08637	0.00254	0.05348	0.05953	0.00315	0.00452
1	0.01108	0.33203	0.33651	0.01285	0.10882	0.02961	0.05245	0.02884	0.00992	0.02809	0.00775	0.00913	0.00613	0.00414	0.00385	0.00125	0.00583	0.00321	0.00211	0.00640
2	0.08376	0.01391	0.29837	0.08629	0.14448	0.02416	0.02390	0.02966	0.01032	0.11193	0.03543	0.04853	0.03774	0.00549	0.00446	0.00145	0.00529	0.02570	0.00289	0.00621
3	0.01066	0.00763	0.10250	0.00717	0.00937	0.00590	0.00643	0.01325	0.04096	0.18957	0.04046	0.07935	0.01574	0.05932	0.00564	0.00163	0.00360	0.12990	0.26565	0.00525
4	0.01033	0.01023	0.04270	0.27225	0.44816	0.01060	0.01278	0.01444	0.10606	0.01430	0.00957	0.01212	0.00758	0.00445	0.00451	0.00142	0.00541	0.00414	0.00245	0.00650
5	0.00980	0.11140	0.31249	0.07069	0.14984	0.01068	0.12662	0.01328	0.00983	0.02781	0.02359	0.08506	0.00930	0.00524	0.00452	0.00143	0.00584	0.01405	0.00238	0.00615
6	0.01067	0.08796	0.43548	0.03640	0.05910	0.01032	0.05698	0.02915	0.04237	0.10041	0.01183	0.04902	0.04009	0.00520	0.00441	0.00142	0.00568	0.00433	0.00271	0.00646
7	0.00693	0.00539	0.03052	0.00762	0.03790	0.00548	0.00560	0.00788	0.00732	0.01025	0.01311	0.01905	0.05322	0.10142	0.50861	0.15947	0.00904	0.00503	0.00245	0.00374
8	0.00608	0.00434	0.00559	0.00631	0.00679	0.00414	0.00448	0.00707	0.00896	0.01184	0.06578	0.45500	0.07578	0.16049	0.00890	0.00230	0.00319	0.15535	0.00398	0.00365
9	0.04731	0.01040	0.07390	0.06218	0.13251	0.03021	0.10780	0.09530	0.04079	0.16737	0.04008	0.10739	0.02570	0.00619	0.00505	0.00148	0.03110	0.00544	0.00354	0.00627
10	0.02770	0.06428	0.32064	0.01360	0.07272	0.04114	0.16784	0.03948	0.05709	0.01452	0.01079	0.10737	0.00944	0.00558	0.00488	0.00147	0.02779	0.00497	0.00256	0.00613
11	0.00935	0.00970	0.04851	0.45874	0.17800	0.01020	0.11026	0.01235	0.00950	0.01280	0.00919	0.01246	0.02710	0.00458	0.00494	0.00146	0.03387	0.00425	0.00217	0.04057
12	0.02989	0.02876	0.23239	0.11930	0.04669	0.02494	0.02783	0.14090	0.03820	0.04583	0.01455	0.12959	0.06326	0.00672	0.00470	0.00150	0.00507	0.03078	0.00318	0.00593
13	0.06219	0.06844	0.46154	0.02650	0.06182	0.05372	0.05631	0.03948	0.01001	0.03978	0.00886	0.02715	0.00699	0.03689	0.00515	0.00152	0.02132	0.00377	0.00231	0.00625
14	0.02812	0.00786	0.03692	0.15797	0.17091	0.00800	0.05292	0.04206	0.00889	0.01243	0.01105	0.03517	0.01058	0.22531	0.16941	0.00335	0.00662	0.00506	0.00251	0.00486

[dist]
# distance from previous block
# <min> <max>
0	84

# created by:
# /st0/software/busco_prod/Augustus/scripts/msa2prfl.pl ./align_prep/1575179.fa
