[name]
unknown

[dist]
# distance from previous block
# <min> <max>
0	180

[block]
# block no. 0 follows, 57 sequences, length 17
# corresponding to MSA columns:
# 180-196
name=unknown_A
#
# <colnr> <probs for GDERKNQSTAVLIFYWHMCP>
#	G	D	E	R	K	N	Q	S	T	A	V	L	I	F	Y	W	H	M	C	P
0	0.01222	0.01000	0.01072	0.00941	0.01207	0.01138	0.00749	0.18592	0.57717	0.02056	0.01728	0.01831	0.01350	0.00650	0.00472	0.00154	0.00393	0.06567	0.00456	0.00705
1	0.01168	0.01008	0.01137	0.00984	0.01258	0.01148	0.04929	0.08023	0.70466	0.01942	0.01739	0.01622	0.01301	0.00597	0.00464	0.00152	0.00390	0.00506	0.00448	0.00715
2	0.01902	0.00800	0.01048	0.00823	0.01160	0.00733	0.00673	0.02237	0.12725	0.70057	0.01796	0.01564	0.01159	0.00569	0.00456	0.00142	0.00382	0.00464	0.00546	0.00763
3	0.10673	0.00899	0.01174	0.00967	0.01149	0.01057	0.00802	0.03984	0.00990	0.33784	0.01096	0.01190	0.00802	0.00652	0.00909	0.00167	0.38325	0.00405	0.00362	0.00615
4	0.00877	0.00827	0.01397	0.76712	0.09232	0.01012	0.01269	0.01176	0.00916	0.01183	0.00809	0.01201	0.00613	0.00449	0.00453	0.00150	0.00599	0.00403	0.00203	0.00520
5	0.00996	0.00804	0.00945	0.00678	0.01078	0.00607	0.00544	0.01196	0.00958	0.05622	0.00856	0.00971	0.00694	0.00347	0.00342	0.00071	0.00338	0.00278	0.00284	0.82390
6	0.01124	0.00986	0.01111	0.00974	0.01240	0.01128	0.04831	0.02358	0.76292	0.01872	0.01796	0.01666	0.01347	0.00603	0.00465	0.00154	0.00380	0.00513	0.00449	0.00712
7	0.00739	0.00458	0.00557	0.00545	0.00559	0.00463	0.00334	0.03708	0.00695	0.00927	0.01219	0.02408	0.01351	0.55654	0.02071	0.26789	0.00428	0.00568	0.00258	0.00270
8	0.01234	0.39403	0.13329	0.00885	0.01252	0.06596	0.00865	0.01554	0.09163	0.11203	0.05158	0.04173	0.01010	0.00516	0.00399	0.00123	0.01846	0.00384	0.00293	0.00611
9	0.01023	0.00813	0.00952	0.00695	0.01085	0.00639	0.00556	0.01286	0.05626	0.06802	0.00931	0.01024	0.00743	0.00367	0.00351	0.00077	0.00340	0.00295	0.00299	0.76096
10	0.02033	0.00771	0.01052	0.00806	0.01157	0.00666	0.00666	0.02208	0.01297	0.81562	0.01788	0.01542	0.01122	0.00561	0.00456	0.00140	0.00386	0.00456	0.00561	0.00771
11	0.00942	0.00962	0.04673	0.38557	0.19830	0.01018	0.10636	0.01267	0.03411	0.01334	0.04900	0.01435	0.00917	0.00508	0.00525	0.00152	0.04855	0.03269	0.00240	0.00569
12	0.82591	0.00871	0.00687	0.00607	0.00892	0.00997	0.00500	0.01380	0.00800	0.06404	0.00695	0.00780	0.00525	0.00428	0.00290	0.00140	0.00352	0.00257	0.00296	0.00506
13	0.42046	0.00965	0.01186	0.11184	0.27288	0.01066	0.00905	0.07680	0.00982	0.01816	0.00761	0.00946	0.00601	0.00429	0.00370	0.00139	0.00454	0.00329	0.00267	0.00589
14	0.02357	0.12391	0.27602	0.11747	0.01799	0.07910	0.06387	0.09764	0.09870	0.01522	0.00918	0.01059	0.00697	0.00473	0.00463	0.00139	0.03647	0.00370	0.00258	0.00628
15	0.30751	0.01107	0.12669	0.00850	0.01208	0.00966	0.02065	0.12724	0.05397	0.21711	0.05495	0.01222	0.00957	0.00512	0.00398	0.00141	0.00426	0.00384	0.00382	0.00636
16	0.01042	0.01028	0.01673	0.14924	0.33506	0.06339	0.16307	0.01304	0.01023	0.02653	0.01105	0.09511	0.01014	0.00558	0.00484	0.00147	0.00572	0.04564	0.00258	0.01991

[dist]
# distance from previous block
# <min> <max>
2	10

[block]
# block no. 1 follows, 57 sequences, length 25
# corresponding to MSA columns:
# 207-218,221-224,236-244
name=unknown_B
#
# <colnr> <probs for GDERKNQSTAVLIFYWHMCP>
#	G	D	E	R	K	N	Q	S	T	A	V	L	I	F	Y	W	H	M	C	P
0	0.01049	0.01095	0.03967	0.09048	0.29457	0.03972	0.18396	0.01318	0.00992	0.01396	0.02800	0.01151	0.00760	0.00451	0.00564	0.00137	0.09495	0.00416	0.00233	0.13305
1	0.01163	0.01010	0.01954	0.01601	0.11317	0.00938	0.44419	0.01455	0.01099	0.15428	0.01619	0.01743	0.12971	0.00532	0.00511	0.00148	0.00590	0.00569	0.00316	0.00617
2	0.00746	0.00608	0.00876	0.05858	0.01057	0.00692	0.03889	0.01090	0.12865	0.01206	0.01409	0.01838	0.04254	0.04536	0.56301	0.00552	0.00971	0.00509	0.00281	0.00463
3	0.03626	0.01139	0.01334	0.09890	0.01529	0.01317	0.00909	0.52165	0.01677	0.05800	0.00991	0.01095	0.00730	0.00575	0.00630	0.00149	0.14970	0.00403	0.00382	0.00687
4	0.01473	0.01073	0.01460	0.01164	0.04555	0.01110	0.14563	0.41509	0.01671	0.12846	0.12488	0.01499	0.01298	0.00567	0.00479	0.00140	0.00491	0.00495	0.00426	0.00692
5	0.00874	0.00814	0.01364	0.59816	0.17368	0.00955	0.01199	0.01148	0.00926	0.01218	0.00984	0.09504	0.00866	0.00541	0.00465	0.00151	0.00558	0.00492	0.00228	0.00530
6	0.01151	0.48785	0.10455	0.00834	0.01185	0.01375	0.00814	0.09166	0.01054	0.04837	0.01073	0.15346	0.01046	0.00596	0.00380	0.00123	0.00463	0.00461	0.00275	0.00581
7	0.00625	0.00505	0.00771	0.00768	0.00864	0.00470	0.08987	0.00756	0.00934	0.01231	0.04473	0.56637	0.11420	0.01249	0.00572	0.00179	0.00327	0.08428	0.00402	0.00402
8	0.01217	0.00815	0.00975	0.00730	0.01105	0.00675	0.00587	0.01529	0.09602	0.20369	0.01149	0.01163	0.00854	0.00419	0.00377	0.00094	0.00350	0.00339	0.00358	0.57294
9	0.08796	0.00960	0.01215	0.00929	0.01285	0.00950	0.05575	0.25808	0.01495	0.46096	0.01426	0.01318	0.00936	0.00533	0.00446	0.00140	0.00441	0.00429	0.00485	0.00738
10	0.00981	0.00981	0.01415	0.01201	0.01223	0.01345	0.04229	0.01094	0.00711	0.01104	0.00633	0.01033	0.00620	0.00881	0.04696	0.00218	0.76532	0.00406	0.00201	0.00497
11	0.01120	0.00989	0.01034	0.00969	0.03385	0.03686	0.00728	0.02282	0.72202	0.01826	0.01809	0.05252	0.01410	0.00640	0.00464	0.00153	0.00374	0.00536	0.00445	0.00696
12	0.01129	0.01086	0.01749	0.05673	0.55463	0.02512	0.07455	0.03816	0.10228	0.01531	0.00964	0.01187	0.00782	0.00450	0.00499	0.00141	0.03964	0.00425	0.00257	0.00689
13	0.00557	0.00406	0.00526	0.00619	0.00662	0.00375	0.00423	0.00644	0.00893	0.01172	0.02730	0.71983	0.11780	0.01383	0.00575	0.00181	0.00265	0.04035	0.00421	0.00371
14	0.01122	0.01077	0.01839	0.02781	0.81248	0.01077	0.01391	0.01391	0.01032	0.01480	0.00852	0.01122	0.00718	0.00404	0.00449	0.00135	0.00538	0.00404	0.00224	0.00718
15	0.00745	0.00613	0.00926	0.02049	0.00983	0.00623	0.09040	0.00934	0.03091	0.01190	0.05715	0.08167	0.01434	0.17413	0.32976	0.00425	0.02073	0.00575	0.00283	0.10743
16	0.00856	0.00805	0.01359	0.82986	0.03121	0.01007	0.01258	0.01158	0.00906	0.01158	0.00805	0.01208	0.00604	0.00453	0.00453	0.00151	0.00604	0.00403	0.00201	0.00503
17	0.01155	0.03392	0.06707	0.10261	0.16169	0.01080	0.42648	0.01489	0.01060	0.10061	0.00974	0.01209	0.00722	0.00415	0.00490	0.00146	0.00654	0.00470	0.00258	0.00639
18	0.01100	0.17201	0.10741	0.02927	0.01323	0.01073	0.03994	0.08533	0.10827	0.03963	0.01941	0.02743	0.01975	0.00525	0.01728	0.00126	0.03236	0.00377	0.00296	0.25373
19	0.56875	0.00983	0.00859	0.09583	0.01215	0.07636	0.00642	0.03196	0.07349	0.06770	0.00835	0.00928	0.00628	0.00455	0.00339	0.00140	0.00422	0.00304	0.00304	0.00537
20	0.00980	0.01089	0.02302	0.01674	0.02073	0.01016	0.66171	0.01314	0.01053	0.01409	0.01411	0.06647	0.09504	0.00529	0.00538	0.00155	0.00675	0.00627	0.00262	0.00572
21	0.32360	0.27125	0.04351	0.00833	0.01167	0.04170	0.03054	0.12240	0.06078	0.01742	0.00787	0.00874	0.00629	0.00450	0.00366	0.00128	0.02483	0.00301	0.00280	0.00583
22	0.12097	0.10044	0.01239	0.02194	0.05346	0.05500	0.00766	0.11724	0.33623	0.09099	0.01307	0.01280	0.00979	0.00535	0.00437	0.00140	0.02229	0.00410	0.00384	0.00668
23	0.02135	0.04153	0.08806	0.01060	0.02496	0.09708	0.11590	0.08622	0.09427	0.16656	0.06227	0.01371	0.02001	0.00549	0.01604	0.00138	0.00515	0.00433	0.00356	0.12153
24	0.06894	0.15716	0.35271	0.01020	0.01497	0.01142	0.01116	0.06754	0.09649	0.15149	0.01065	0.01090	0.00763	0.00472	0.00406	0.00135	0.00524	0.00358	0.00306	0.00672

[dist]
# distance from previous block
# <min> <max>
4	13

[block]
# block no. 2 follows, 57 sequences, length 17
# corresponding to MSA columns:
# 259-275
name=unknown_C
#
# <colnr> <probs for GDERKNQSTAVLIFYWHMCP>
#	G	D	E	R	K	N	Q	S	T	A	V	L	I	F	Y	W	H	M	C	P
0	0.00607	0.00420	0.00519	0.00570	0.00585	0.00410	0.00357	0.00652	0.00762	0.01020	0.01934	0.41849	0.02277	0.40996	0.04707	0.00328	0.00386	0.00955	0.00344	0.00325
1	0.00933	0.00835	0.01398	0.61479	0.17282	0.00978	0.01223	0.01214	0.00942	0.04125	0.00928	0.05022	0.00754	0.00493	0.00458	0.00149	0.00568	0.00446	0.00229	0.00546
2	0.01170	0.05121	0.14000	0.33147	0.11743	0.00974	0.04331	0.01465	0.01021	0.18757	0.01068	0.03449	0.00793	0.00487	0.00448	0.00144	0.00550	0.00425	0.00288	0.00618
3	0.00981	0.07883	0.67175	0.01320	0.04621	0.01097	0.05237	0.01454	0.00973	0.03982	0.00838	0.00978	0.00602	0.00429	0.00427	0.00140	0.00648	0.00344	0.00206	0.00666
4	0.00552	0.00394	0.00526	0.00631	0.00657	0.00368	0.00421	0.00631	0.00868	0.01157	0.02498	0.83779	0.02997	0.01420	0.00578	0.00184	0.00263	0.01288	0.00421	0.00368
5	0.00839	0.05745	0.52548	0.04870	0.01640	0.00922	0.01282	0.01246	0.02775	0.01349	0.01290	0.19124	0.03140	0.00667	0.00460	0.00151	0.00551	0.00561	0.00254	0.00586
6	0.01155	0.18668	0.36599	0.06239	0.04593	0.04907	0.03854	0.01491	0.01005	0.11339	0.00933	0.01121	0.00711	0.00471	0.00446	0.00136	0.02989	0.02457	0.00249	0.00635
7	0.01281	0.00851	0.01328	0.44518	0.12272	0.00933	0.01080	0.05198	0.01096	0.25281	0.01118	0.01291	0.00781	0.00483	0.00453	0.00145	0.00526	0.00419	0.00323	0.00623
8	0.00909	0.02344	0.81727	0.01292	0.01961	0.01052	0.01674	0.01435	0.00957	0.01435	0.00813	0.00957	0.00574	0.00431	0.00431	0.00144	0.00670	0.00335	0.00191	0.00670
9	0.01101	0.00900	0.05055	0.50477	0.09161	0.00950	0.03840	0.01371	0.00980	0.15639	0.00984	0.01249	0.00713	0.00506	0.00519	0.02666	0.02636	0.00413	0.00268	0.00572
10	0.01377	0.08055	0.11315	0.09252	0.08842	0.05145	0.04037	0.05527	0.06221	0.26498	0.08086	0.01426	0.01146	0.00527	0.00446	0.00138	0.00491	0.00440	0.00371	0.00659
11	0.01261	0.00831	0.01132	0.02899	0.03383	0.00962	0.00789	0.06719	0.02700	0.24123	0.10638	0.05401	0.01350	0.00854	0.04630	0.00191	0.30667	0.00513	0.00373	0.00585
12	0.02843	0.00748	0.02893	0.16231	0.11349	0.00748	0.00772	0.03944	0.02873	0.16274	0.06993	0.03355	0.02585	0.19856	0.06388	0.00251	0.00506	0.00529	0.00336	0.00529
13	0.01345	0.05519	0.12327	0.14862	0.04561	0.05416	0.05321	0.12340	0.05319	0.19852	0.02295	0.03018	0.00894	0.00517	0.00463	0.00140	0.01968	0.00426	0.00345	0.03073
14	0.05452	0.04300	0.23034	0.01851	0.37232	0.04933	0.01285	0.08863	0.03668	0.03855	0.00896	0.01057	0.00695	0.00439	0.00429	0.00136	0.00562	0.00372	0.00256	0.00686
15	0.07732	0.02459	0.01541	0.17288	0.45826	0.02831	0.01177	0.04335	0.07820	0.01527	0.00947	0.02863	0.00780	0.00460	0.00437	0.00140	0.00519	0.00414	0.00257	0.00648
16	0.08300	0.10084	0.07843	0.20316	0.12042	0.18397	0.02899	0.06923	0.04425	0.03447	0.00847	0.01025	0.00659	0.00452	0.00412	0.00133	0.00593	0.00354	0.00254	0.00593

[dist]
# distance from previous block
# <min> <max>
1	49

[block]
# block no. 3 follows, 57 sequences, length 6
# corresponding to MSA columns:
# 330-335
name=unknown_D
#
# <colnr> <probs for GDERKNQSTAVLIFYWHMCP>
#	G	D	E	R	K	N	Q	S	T	A	V	L	I	F	Y	W	H	M	C	P
0	0.02944	0.08226	0.11081	0.00839	0.01133	0.05454	0.00750	0.11322	0.03797	0.14616	0.10047	0.14531	0.04154	0.00802	0.03322	0.00160	0.00450	0.00582	0.00381	0.05410
1	0.12456	0.04353	0.18237	0.01080	0.02958	0.05677	0.08534	0.21326	0.03013	0.04108	0.01048	0.03399	0.02365	0.02218	0.01961	0.00152	0.00543	0.00408	0.00311	0.05853
2	0.12233	0.05827	0.13843	0.01079	0.03089	0.01112	0.09319	0.21188	0.01267	0.06986	0.08222	0.04279	0.01090	0.00571	0.00531	0.00145	0.07813	0.00452	0.00335	0.00620
3	0.06741	0.04038	0.12121	0.00943	0.01306	0.03235	0.05384	0.15228	0.03692	0.26367	0.06428	0.01467	0.03697	0.00650	0.03383	0.00158	0.00490	0.00446	0.00400	0.03825
4	0.01179	0.01100	0.01830	0.07418	0.58030	0.01123	0.09127	0.11697	0.01172	0.01639	0.00887	0.01133	0.00715	0.00423	0.00458	0.00138	0.00560	0.00417	0.00254	0.00701
5	0.01072	0.00897	0.01470	0.44257	0.17731	0.01011	0.05597	0.05217	0.01042	0.08939	0.03915	0.01289	0.00825	0.00487	0.00507	0.00148	0.04314	0.00431	0.00265	0.00586

[dist]
# distance from previous block
# <min> <max>
3	8

[block]
# block no. 4 follows, 57 sequences, length 16
# corresponding to MSA columns:
# 344-359
name=unknown_E
#
# <colnr> <probs for GDERKNQSTAVLIFYWHMCP>
#	G	D	E	R	K	N	Q	S	T	A	V	L	I	F	Y	W	H	M	C	P
0	0.00820	0.01242	0.30568	0.04218	0.01367	0.00727	0.05004	0.01127	0.01031	0.04761	0.12184	0.05744	0.21608	0.00716	0.00477	0.00143	0.00448	0.00609	0.00322	0.06885
1	0.01044	0.02508	0.16389	0.05859	0.04797	0.00921	0.14640	0.09461	0.04236	0.04559	0.07186	0.02592	0.05112	0.00514	0.00449	0.00129	0.00503	0.00462	0.00305	0.18333
2	0.01318	0.00769	0.00937	0.00776	0.01062	0.00729	0.00615	0.01767	0.21116	0.30541	0.01730	0.07990	0.04364	0.00807	0.05878	0.00172	0.00408	0.00519	0.00439	0.18066
3	0.01230	0.00831	0.03371	0.28018	0.04372	0.00831	0.04774	0.05227	0.04187	0.25280	0.02475	0.05001	0.07774	0.03963	0.00545	0.00160	0.00476	0.00525	0.00366	0.00595
4	0.02907	0.10544	0.17249	0.01245	0.06121	0.25457	0.07665	0.14259	0.02879	0.04118	0.00905	0.02984	0.00719	0.00481	0.00425	0.00131	0.00636	0.00374	0.00276	0.00625
5	0.00701	0.00543	0.03856	0.00638	0.00768	0.00442	0.00491	0.00837	0.00989	0.06946	0.10957	0.43010	0.18873	0.01157	0.00542	0.00164	0.00285	0.04182	0.00423	0.04194
6	0.01186	0.77427	0.09071	0.00819	0.01230	0.01730	0.00851	0.01363	0.00924	0.01097	0.00645	0.00746	0.00581	0.00391	0.00303	0.00101	0.00500	0.00250	0.00194	0.00589
7	0.01730	0.04423	0.01152	0.01012	0.10312	0.00735	0.00729	0.01907	0.01202	0.59301	0.01656	0.08378	0.01194	0.00600	0.00454	0.00139	0.00395	0.00504	0.00484	0.03693
8	0.01194	0.79630	0.06939	0.00805	0.01209	0.01750	0.00827	0.01361	0.00923	0.01087	0.00641	0.00740	0.00581	0.00390	0.00299	0.00100	0.00495	0.00248	0.00194	0.00587
9	0.01239	0.60989	0.06373	0.07779	0.01406	0.01631	0.00876	0.12607	0.01095	0.01351	0.00720	0.00832	0.00610	0.00418	0.00335	0.00110	0.00507	0.00285	0.00232	0.00607
10	0.01308	0.13416	0.07609	0.00863	0.01252	0.01072	0.00772	0.25145	0.03636	0.09127	0.04116	0.01126	0.00883	0.00465	0.00394	0.00110	0.00434	0.00358	0.00349	0.27567
11	0.07461	0.21913	0.06436	0.00773	0.01046	0.01053	0.00683	0.17402	0.01187	0.04087	0.07821	0.13459	0.08095	0.03982	0.00533	0.02207	0.00407	0.00567	0.00345	0.00545
12	0.03680	0.28963	0.16263	0.00885	0.01261	0.04017	0.00875	0.09896	0.07489	0.08293	0.08441	0.01407	0.05646	0.00541	0.00401	0.00127	0.00470	0.00412	0.00318	0.00615
13	0.03509	0.26973	0.21994	0.00999	0.02478	0.03987	0.01004	0.23466	0.01288	0.02948	0.00870	0.00955	0.00668	0.00454	0.00383	0.00122	0.00526	0.00328	0.04048	0.03000
14	0.03418	0.29637	0.32875	0.00974	0.01434	0.01256	0.01080	0.09789	0.01085	0.01493	0.05984	0.03535	0.02426	0.00500	0.00392	0.00126	0.00522	0.00378	0.00255	0.02839
15	0.03231	0.27216	0.21866	0.01181	0.09770	0.04922	0.01070	0.16895	0.01206	0.05340	0.00861	0.00964	0.00668	0.00515	0.02335	0.00139	0.00564	0.00333	0.00270	0.00655

[dist]
# distance from previous block
# <min> <max>
4	52

[block]
# block no. 5 follows, 57 sequences, length 52
# corresponding to MSA columns:
# 415-466
name=unknown_F
#
# <colnr> <probs for GDERKNQSTAVLIFYWHMCP>
#	G	D	E	R	K	N	Q	S	T	A	V	L	I	F	Y	W	H	M	C	P
0	0.01297	0.53511	0.09982	0.00888	0.01299	0.01589	0.00878	0.20380	0.01218	0.01549	0.00765	0.00844	0.00629	0.00428	0.00345	0.00110	0.00502	0.00292	0.00259	0.03231
1	0.01286	0.46535	0.13525	0.00899	0.01307	0.01480	0.00902	0.16253	0.03581	0.05959	0.03783	0.01000	0.00805	0.00460	0.00365	0.00117	0.00495	0.00328	0.00282	0.00639
2	0.01095	0.34425	0.41646	0.01093	0.01621	0.01373	0.04109	0.07279	0.01035	0.01397	0.00766	0.00886	0.00596	0.00420	0.00381	0.00125	0.00588	0.00311	0.00213	0.00640
3	0.03736	0.76313	0.05403	0.00798	0.01193	0.01730	0.00805	0.03602	0.00952	0.01160	0.00650	0.00746	0.00584	0.00395	0.00301	0.00101	0.00488	0.00251	0.00204	0.00588
4	0.01136	0.51119	0.29770	0.00973	0.01453	0.03937	0.01092	0.03653	0.00979	0.01247	0.00709	0.00819	0.00584	0.00409	0.00347	0.00115	0.00559	0.00281	0.00202	0.00616
5	0.01167	0.07974	0.10732	0.01004	0.01338	0.01152	0.05194	0.03449	0.54295	0.06354	0.01556	0.01481	0.01158	0.00557	0.00447	0.00147	0.00432	0.00466	0.00400	0.00699
6	0.01764	0.01053	0.15083	0.00909	0.01293	0.00770	0.00856	0.01996	0.01204	0.62262	0.02477	0.01432	0.01034	0.00555	0.00509	0.00144	0.05012	0.00436	0.00476	0.00734
7	0.01373	0.04321	0.40772	0.01108	0.01617	0.00918	0.05724	0.01732	0.01100	0.33405	0.01233	0.01279	0.00839	0.00494	0.00446	0.00142	0.00551	0.01903	0.00345	0.00699
8	0.00552	0.00394	0.00526	0.00631	0.00657	0.00368	0.00421	0.00631	0.00868	0.01157	0.02498	0.83779	0.02997	0.01420	0.00578	0.00184	0.00263	0.01288	0.00421	0.00368
9	0.00692	0.00534	0.00841	0.00838	0.00944	0.00508	0.09489	0.00848	0.00958	0.02725	0.03827	0.48077	0.02611	0.01227	0.00584	0.00186	0.00367	0.23923	0.00402	0.00419
10	0.01567	0.00765	0.01130	0.26804	0.02762	0.00762	0.00849	0.01779	0.01146	0.50686	0.01505	0.05976	0.01057	0.00572	0.00462	0.00146	0.00450	0.00484	0.00435	0.00664
11	0.00948	0.02257	0.76945	0.01266	0.01914	0.01043	0.01616	0.01487	0.03348	0.03797	0.00873	0.00996	0.00614	0.00440	0.00432	0.00144	0.00652	0.00344	0.00210	0.00674
12	0.00556	0.00397	0.00531	0.00636	0.00664	0.00372	0.00428	0.00638	0.00872	0.01161	0.02495	0.81910	0.02988	0.01416	0.00579	0.00185	0.00267	0.03115	0.00421	0.00369
13	0.01196	0.05844	0.40775	0.01299	0.01809	0.09650	0.16402	0.01592	0.02358	0.12366	0.00960	0.01075	0.00686	0.00448	0.00458	0.00141	0.01648	0.00385	0.00258	0.00651
14	0.01061	0.01056	0.01790	0.24958	0.46981	0.03840	0.11031	0.01348	0.01010	0.01374	0.00842	0.01148	0.00678	0.00417	0.00459	0.00141	0.00594	0.00416	0.00219	0.00638
15	0.00541	0.00459	0.00466	0.00464	0.00615	0.00385	0.00348	0.00660	0.01045	0.01253	0.08321	0.04313	0.77316	0.01137	0.00535	0.00153	0.00229	0.00950	0.00425	0.00385
16	0.01077	0.01031	0.01759	0.16253	0.68126	0.01065	0.01368	0.01352	0.01011	0.01426	0.00844	0.01136	0.00699	0.00412	0.00449	0.00137	0.00549	0.00404	0.00220	0.00682
17	0.01141	0.01004	0.01695	0.24434	0.43396	0.01053	0.07681	0.05719	0.01080	0.07054	0.00923	0.01181	0.00715	0.00434	0.00458	0.00141	0.00562	0.00418	0.00255	0.00657
18	0.00916	0.04291	0.79843	0.01279	0.01942	0.01070	0.01653	0.01433	0.00956	0.01426	0.00809	0.00951	0.00574	0.00429	0.00427	0.00142	0.00665	0.00333	0.00191	0.00668
19	0.00865	0.00815	0.01376	0.80084	0.05947	0.01009	0.01263	0.01166	0.00911	0.01169	0.00807	0.01205	0.00608	0.00451	0.00453	0.00150	0.00602	0.00403	0.00202	0.00511
20	0.01775	0.00911	0.06955	0.00913	0.01275	0.00740	0.06023	0.02941	0.04476	0.62252	0.03249	0.03985	0.01179	0.00575	0.00465	0.00143	0.00425	0.00486	0.00501	0.00732
21	0.01092	0.01833	0.54549	0.01249	0.04468	0.00956	0.05979	0.02557	0.01046	0.14056	0.03490	0.02586	0.01876	0.00502	0.00451	0.00145	0.00594	0.01630	0.00276	0.00665
22	0.00991	0.06628	0.55391	0.05577	0.08357	0.01082	0.08942	0.01434	0.00985	0.04152	0.01864	0.01046	0.00664	0.00433	0.00437	0.00141	0.00639	0.00368	0.00215	0.00655
23	0.01094	0.01001	0.03862	0.17099	0.27548	0.01014	0.14988	0.02631	0.03446	0.08433	0.01081	0.06571	0.00910	0.00539	0.00551	0.00151	0.06523	0.01664	0.00274	0.00620
24	0.01352	0.01229	0.26020	0.01097	0.07931	0.00783	0.01006	0.02869	0.01113	0.34944	0.01519	0.13723	0.01229	0.00652	0.00470	0.00149	0.00470	0.02384	0.00393	0.00667
25	0.01045	0.00920	0.03379	0.49972	0.24128	0.00997	0.02703	0.01333	0.00981	0.08874	0.00913	0.01211	0.00685	0.00448	0.00453	0.00145	0.00570	0.00409	0.00242	0.00593
26	0.00979	0.01221	0.18397	0.05885	0.33940	0.00945	0.11386	0.01291	0.01010	0.03006	0.03534	0.10655	0.01133	0.00580	0.00481	0.00149	0.00549	0.03974	0.00262	0.00623
27	0.01018	0.07378	0.66114	0.01216	0.01807	0.01089	0.01503	0.01470	0.00966	0.07465	0.00863	0.00988	0.00617	0.00458	0.00482	0.00143	0.05200	0.00342	0.00220	0.00662
28	0.01162	0.00918	0.05201	0.36390	0.04647	0.00916	0.10897	0.05472	0.01083	0.18437	0.01246	0.06483	0.02194	0.00558	0.00476	0.00151	0.00542	0.02322	0.00317	0.00590
29	0.00976	0.02030	0.62172	0.01385	0.03826	0.01042	0.13426	0.01465	0.02206	0.04370	0.00912	0.02545	0.00671	0.00448	0.00451	0.00145	0.00658	0.00391	0.00220	0.00661
30	0.01151	0.01078	0.07560	0.24810	0.20729	0.01012	0.19116	0.03683	0.01067	0.12351	0.01050	0.01270	0.02114	0.00453	0.00471	0.00145	0.00591	0.00445	0.00272	0.00632
31	0.01279	0.05595	0.01665	0.09280	0.29239	0.03308	0.13876	0.03128	0.01096	0.18930	0.01174	0.07365	0.00950	0.00519	0.00465	0.00141	0.00532	0.00490	0.00315	0.00654
32	0.01471	0.01157	0.17953	0.03970	0.07000	0.00838	0.10240	0.03091	0.01173	0.39739	0.04745	0.01529	0.02354	0.00537	0.00467	0.00144	0.00500	0.02003	0.00400	0.00691
33	0.01162	0.04360	0.50120	0.01291	0.05890	0.03381	0.05728	0.08809	0.01130	0.10881	0.02440	0.01095	0.00739	0.00461	0.00439	0.00140	0.00609	0.00375	0.00270	0.00679
34	0.01085	0.07601	0.65245	0.01190	0.01796	0.01048	0.01474	0.01537	0.01001	0.12519	0.00936	0.01023	0.00650	0.00446	0.00425	0.00140	0.00618	0.00345	0.00243	0.00678
35	0.01030	0.01842	0.55647	0.01171	0.01703	0.00965	0.04174	0.05772	0.03206	0.08962	0.01139	0.10314	0.00933	0.00563	0.00455	0.00148	0.00583	0.00469	0.00275	0.00650
36	0.01048	0.03543	0.14919	0.29283	0.17289	0.02610	0.01168	0.06534	0.02604	0.06457	0.01232	0.03741	0.06575	0.00532	0.00453	0.00144	0.00541	0.00456	0.00271	0.00601
37	0.00992	0.03228	0.06219	0.00988	0.08229	0.00753	0.07497	0.08480	0.03527	0.10360	0.15487	0.02646	0.26097	0.00778	0.00498	0.00146	0.00387	0.02736	0.00398	0.00553
38	0.00934	0.00901	0.01434	0.60959	0.19355	0.03975	0.01249	0.01216	0.00945	0.01224	0.00857	0.03418	0.00692	0.00469	0.00454	0.00147	0.00589	0.00423	0.00213	0.00545
39	0.00904	0.06108	0.39207	0.01122	0.01548	0.00946	0.06417	0.01385	0.09447	0.01452	0.03248	0.02245	0.01317	0.00683	0.00489	0.00161	0.00552	0.21887	0.00292	0.00591
40	0.01170	0.01530	0.37768	0.06952	0.09504	0.00962	0.03614	0.01522	0.01020	0.19155	0.02271	0.01236	0.01945	0.00576	0.02575	0.00162	0.06690	0.00404	0.00288	0.00656
41	0.01302	0.16721	0.30521	0.03365	0.01608	0.36506	0.01157	0.01577	0.01091	0.01220	0.00732	0.00862	0.00580	0.00439	0.00397	0.00124	0.00699	0.00302	0.00210	0.00587
42	0.00708	0.00477	0.00552	0.00555	0.00692	0.00414	0.00411	0.00826	0.01028	0.09781	0.07085	0.25226	0.46573	0.01150	0.00540	0.00161	0.00258	0.02698	0.00439	0.00423
43	0.01114	0.00552	0.00745	0.00720	0.00880	0.00500	0.00555	0.01249	0.01055	0.30252	0.02293	0.39366	0.04756	0.01075	0.00540	0.00171	0.00330	0.12854	0.00471	0.00522
44	0.03020	0.00950	0.03612	0.20161	0.08909	0.01034	0.00932	0.21242	0.08273	0.03113	0.03500	0.11930	0.01163	0.00750	0.03338	0.00172	0.06430	0.00538	0.00336	0.00596
45	0.78235	0.00875	0.00713	0.00623	0.00911	0.00995	0.00513	0.03025	0.00844	0.08838	0.00739	0.00812	0.00550	0.00435	0.00299	0.00140	0.00357	0.00267	0.00308	0.00520
46	0.01693	0.02160	0.01284	0.01167	0.01401	0.82256	0.00876	0.01809	0.01284	0.01109	0.00700	0.00817	0.00584	0.00467	0.00409	0.00117	0.00817	0.00292	0.00233	0.00525
47	0.00926	0.00794	0.00923	0.00664	0.01058	0.00596	0.00530	0.01124	0.00943	0.01468	0.00935	0.01057	0.03419	0.00363	0.00342	0.00070	0.00332	0.00292	0.00274	0.83890
48	0.00552	0.00394	0.00526	0.00631	0.00657	0.00368	0.00421	0.00631	0.00868	0.01157	0.02498	0.83779	0.02997	0.01420	0.00578	0.00184	0.00263	0.01288	0.00421	0.00368
49	0.00570	0.00410	0.00544	0.00644	0.00684	0.00385	0.00449	0.00664	0.00893	0.01180	0.02585	0.71986	0.06588	0.01390	0.00581	0.00185	0.00277	0.09191	0.00420	0.00374
50	0.04894	0.01940	0.01344	0.01228	0.04341	0.65518	0.04880	0.05006	0.04388	0.01279	0.00775	0.00891	0.00629	0.00468	0.00415	0.00122	0.00755	0.00320	0.00253	0.00553
51	0.04527	0.04145	0.07529	0.01108	0.08464	0.10100	0.07841	0.05759	0.02638	0.07367	0.01502	0.18596	0.05784	0.00928	0.06901	0.00191	0.01843	0.00609	0.00322	0.03845

[dist]
# distance from previous block
# <min> <max>
1	20

[block]
# block no. 6 follows, 57 sequences, length 24
# corresponding to MSA columns:
# 487-506,513-516
name=unknown_G
#
# <colnr> <probs for GDERKNQSTAVLIFYWHMCP>
#	G	D	E	R	K	N	Q	S	T	A	V	L	I	F	Y	W	H	M	C	P
0	0.01343	0.30562	0.08735	0.00980	0.01320	0.12566	0.00893	0.17805	0.11209	0.02880	0.00919	0.00988	0.00731	0.00496	0.00466	0.00127	0.06712	0.00341	0.00293	0.00634
1	0.00662	0.00451	0.00528	0.00535	0.00543	0.00459	0.00323	0.00681	0.00690	0.00923	0.01510	0.07361	0.01733	0.72512	0.03985	0.00418	0.01906	0.04202	0.00287	0.00293
2	0.05806	0.01166	0.01481	0.04953	0.29774	0.10684	0.05869	0.12734	0.10517	0.09164	0.01074	0.01214	0.00826	0.02173	0.00481	0.00144	0.00535	0.00414	0.00320	0.00671
3	0.00623	0.00463	0.00581	0.00562	0.00674	0.00421	0.00424	0.00815	0.01216	0.01673	0.61883	0.05910	0.18183	0.00993	0.00539	0.00148	0.00226	0.03770	0.00479	0.00417
4	0.01123	0.01073	0.01798	0.04226	0.69880	0.01109	0.02854	0.03601	0.01036	0.01483	0.00840	0.01115	0.00707	0.00437	0.00528	0.00140	0.06718	0.00406	0.00229	0.00696
5	0.00918	0.00907	0.01354	0.76877	0.02992	0.07073	0.01230	0.01206	0.00934	0.01154	0.00798	0.01179	0.00603	0.00454	0.00450	0.00148	0.00620	0.00394	0.00204	0.00505
6	0.00867	0.00827	0.01426	0.78852	0.03083	0.01014	0.05253	0.01173	0.00914	0.01173	0.00811	0.01209	0.00608	0.00449	0.00457	0.00151	0.00612	0.00409	0.00203	0.00509
7	0.00787	0.00394	0.00590	0.00590	0.00590	0.00394	0.00394	0.00590	0.00590	0.00787	0.00787	0.01377	0.00787	0.01574	0.01771	0.86816	0.00394	0.00394	0.00197	0.00197
8	0.01211	0.84348	0.02374	0.00775	0.01163	0.01793	0.00775	0.01357	0.00921	0.01066	0.00630	0.00727	0.00582	0.00388	0.00291	0.00097	0.00485	0.00242	0.00194	0.00582
9	0.01190	0.69734	0.05730	0.00849	0.01208	0.01707	0.00840	0.03614	0.00934	0.01137	0.00648	0.00775	0.00588	0.00436	0.00425	0.00111	0.09025	0.00267	0.00202	0.00582
10	0.01202	0.81908	0.04735	0.00791	0.01187	0.01771	0.00802	0.01359	0.00922	0.01077	0.00635	0.00734	0.00581	0.00389	0.00295	0.00098	0.00490	0.00245	0.00194	0.00584
11	0.00636	0.00459	0.00601	0.00574	0.00676	0.00424	0.00427	0.00841	0.01256	0.01775	0.76060	0.08453	0.04195	0.00957	0.00537	0.00145	0.00217	0.00849	0.00494	0.00424
12	0.00612	0.00460	0.00567	0.00544	0.00660	0.00415	0.00406	0.00797	0.01208	0.01649	0.59550	0.05915	0.23561	0.00996	0.00536	0.00146	0.00219	0.00867	0.00477	0.00415
13	0.00659	0.00439	0.00494	0.00494	0.00494	0.00439	0.00275	0.00659	0.00659	0.00879	0.01428	0.02965	0.01647	0.84075	0.02306	0.00439	0.00439	0.00659	0.00275	0.00275
14	0.01100	0.01055	0.01801	0.09163	0.75032	0.01071	0.01380	0.01372	0.01022	0.01455	0.00849	0.01128	0.00709	0.00408	0.00449	0.00136	0.00544	0.00404	0.00222	0.00701
15	0.01693	0.02160	0.01284	0.01167	0.01401	0.82256	0.00876	0.01809	0.01284	0.01109	0.00700	0.00817	0.00584	0.00467	0.00409	0.00117	0.00817	0.00292	0.00233	0.00525
16	0.00967	0.00838	0.01550	0.01172	0.01457	0.00807	0.39123	0.01309	0.04501	0.01582	0.01220	0.01461	0.00939	0.00460	0.00430	0.00131	0.00488	0.00481	0.40555	0.00528
17	0.05826	0.00821	0.01063	0.00831	0.01159	0.00774	0.00685	0.06012	0.05323	0.66382	0.01650	0.01466	0.01065	0.00567	0.00493	0.00143	0.04030	0.00444	0.00522	0.00743
18	0.00934	0.00868	0.01405	0.45800	0.25620	0.00985	0.01188	0.01288	0.06900	0.01335	0.03383	0.01507	0.03211	0.00512	0.00463	0.00148	0.00538	0.03092	0.00250	0.00573
19	0.58164	0.06493	0.00971	0.00738	0.01042	0.01119	0.02891	0.11896	0.06938	0.04888	0.00832	0.00897	0.00629	0.00453	0.00331	0.00138	0.00393	0.00303	0.00320	0.00564
20	0.00986	0.05219	0.30548	0.00953	0.01344	0.00955	0.00996	0.09958	0.16034	0.03147	0.12564	0.02975	0.11118	0.00647	0.00462	0.00144	0.00457	0.00529	0.00351	0.00615
21	0.02999	0.28915	0.17467	0.03676	0.01346	0.02829	0.00895	0.01443	0.10837	0.02427	0.02264	0.01148	0.00830	0.01947	0.00406	0.00121	0.00476	0.02116	0.00261	0.17597
22	0.03621	0.35823	0.24440	0.01302	0.15363	0.07434	0.01137	0.03705	0.01008	0.01325	0.00739	0.00878	0.00606	0.00414	0.00371	0.00120	0.00567	0.00305	0.00211	0.00629
23	0.02709	0.00986	0.01525	0.11693	0.33774	0.02800	0.06841	0.03362	0.06106	0.18848	0.01152	0.01355	0.00874	0.00488	0.00474	0.00142	0.01887	0.02516	0.00322	0.02147

[dist]
# distance from previous block
# <min> <max>
1	4

[block]
# block no. 7 follows, 57 sequences, length 22
# corresponding to MSA columns:
# 521-542
name=unknown_H
#
# <colnr> <probs for GDERKNQSTAVLIFYWHMCP>
#	G	D	E	R	K	N	Q	S	T	A	V	L	I	F	Y	W	H	M	C	P
0	0.03764	0.02455	0.01601	0.03558	0.46318	0.04801	0.06862	0.01354	0.02376	0.01473	0.02378	0.01165	0.02056	0.00418	0.00426	0.00122	0.00508	0.00392	0.00247	0.17724
1	0.08562	0.01113	0.14277	0.22424	0.03149	0.00999	0.03187	0.05357	0.05347	0.15170	0.03432	0.01236	0.00845	0.00523	0.00549	0.00148	0.09524	0.00405	0.00307	0.03447
2	0.00659	0.00441	0.00502	0.00502	0.00504	0.00443	0.00284	0.00664	0.00661	0.00884	0.01421	0.02927	0.01631	0.81488	0.04871	0.00449	0.00464	0.00653	0.00274	0.00279
3	0.00568	0.00460	0.00504	0.00493	0.00632	0.00396	0.00370	0.00713	0.01109	0.01405	0.27952	0.04062	0.57590	0.01080	0.00535	0.00150	0.00225	0.00914	0.00445	0.00396
4	0.01693	0.02160	0.01284	0.01167	0.01401	0.82256	0.00876	0.01809	0.01284	0.01109	0.00700	0.00817	0.00584	0.00467	0.00409	0.00117	0.00817	0.00292	0.00233	0.00525
5	0.01211	0.84348	0.02374	0.00775	0.01163	0.01793	0.00775	0.01357	0.00921	0.01066	0.00630	0.00727	0.00582	0.00388	0.00291	0.00097	0.00485	0.00242	0.00194	0.00582
6	0.01215	0.00800	0.00932	0.00840	0.01065	0.00849	0.00657	0.08891	0.33948	0.18212	0.01946	0.19376	0.01712	0.00818	0.00497	0.00160	0.00361	0.06616	0.00469	0.00636
7	0.00567	0.00422	0.00531	0.00610	0.00665	0.00392	0.00417	0.00688	0.03065	0.01204	0.04791	0.66685	0.15612	0.01341	0.00567	0.00177	0.00259	0.01202	0.00424	0.00381
8	0.00856	0.00805	0.01359	0.82986	0.03121	0.01007	0.01258	0.01158	0.00906	0.01158	0.00805	0.01208	0.00604	0.00453	0.00453	0.00151	0.00604	0.00403	0.00201	0.00503
9	0.01687	0.01343	0.01334	0.01048	0.01392	0.09535	0.00855	0.67610	0.06376	0.02627	0.01091	0.01094	0.00786	0.00540	0.00449	0.00135	0.00523	0.00402	0.00432	0.00743
10	0.03044	0.50486	0.30204	0.00979	0.01464	0.01496	0.02561	0.02914	0.00956	0.01260	0.00709	0.00824	0.00583	0.00406	0.00347	0.00116	0.00552	0.00284	0.00201	0.00615
11	0.00681	0.00431	0.00511	0.00511	0.00511	0.00431	0.00295	0.00647	0.00647	0.00863	0.01318	0.02694	0.01500	0.69986	0.02215	0.15191	0.00431	0.00614	0.00261	0.00261
12	0.00966	0.00894	0.01223	0.01059	0.01077	0.01223	0.00876	0.01085	0.00738	0.01193	0.00746	0.01111	0.00692	0.00748	0.01287	0.00182	0.69065	0.00401	0.14952	0.00483
13	0.00997	0.00886	0.01457	0.25808	0.44640	0.00944	0.01169	0.01265	0.00981	0.01422	0.00946	0.01244	0.00760	0.00439	0.00427	0.00134	0.00502	0.00407	0.14967	0.00605
14	0.01070	0.01003	0.01588	0.18407	0.50413	0.01072	0.01236	0.01538	0.16147	0.01495	0.01032	0.01247	0.00822	0.00454	0.00452	0.00141	0.00517	0.00424	0.00265	0.00675
15	0.00641	0.00432	0.00500	0.00518	0.00522	0.00427	0.00300	0.00654	0.00695	0.00926	0.01610	0.16767	0.01878	0.69959	0.02011	0.00396	0.00409	0.00766	0.00300	0.00291
16	0.15469	0.00553	0.00672	0.00747	0.00863	0.00571	0.00618	0.00935	0.00956	0.01426	0.02120	0.22459	0.02336	0.01148	0.00556	0.00191	0.00370	0.47195	0.00395	0.00418
17	0.05195	0.13510	0.20488	0.01491	0.19170	0.08830	0.05884	0.06690	0.01070	0.05339	0.00830	0.00993	0.00652	0.00463	0.00503	0.00137	0.07513	0.00356	0.00245	0.00639
18	0.01059	0.00999	0.01630	0.11790	0.58430	0.00988	0.01229	0.01321	0.01001	0.01442	0.00839	0.01101	0.00697	0.00398	0.00430	0.00125	0.00511	0.00381	0.00229	0.15401
19	0.00827	0.00767	0.00800	0.00780	0.00879	0.14505	0.00591	0.00965	0.00816	0.01045	0.01147	0.01732	0.01089	0.10791	0.60474	0.00596	0.01070	0.00469	0.00244	0.00412
20	0.00616	0.00465	0.00548	0.00550	0.00656	0.00425	0.00410	0.00756	0.01052	0.01376	0.28751	0.03901	0.32216	0.15251	0.00849	0.00206	0.00285	0.10883	0.00421	0.00383
21	0.01014	0.00918	0.01537	0.16170	0.44413	0.00958	0.04576	0.01274	0.01048	0.03963	0.14554	0.01535	0.01311	0.00523	0.00514	0.00143	0.04174	0.00482	0.00277	0.00618

[dist]
# distance from previous block
# <min> <max>
0	18

# created by:
# /st0/software/busco_prod/Augustus/scripts/msa2prfl.pl ./align_prep/1576404.fa
