[name]
unknown

[dist]
# distance from previous block
# <min> <max>
10	113

[block]
# block no. 0 follows, 56 sequences, length 9
# corresponding to MSA columns:
# 136-144
name=unknown_A
#
# <colnr> <probs for GDERKNQSTAVLIFYWHMCP>
#	G	D	E	R	K	N	Q	S	T	A	V	L	I	F	Y	W	H	M	C	P
0	0.01217	0.17213	0.13948	0.02365	0.01439	0.07473	0.10651	0.08661	0.01152	0.10038	0.07579	0.05177	0.01163	0.02304	0.00542	0.00146	0.05151	0.01746	0.01436	0.00600
1	0.00817	0.00620	0.00861	0.00874	0.06808	0.00586	0.04464	0.01077	0.07378	0.05732	0.22203	0.23487	0.08374	0.04615	0.00605	0.00167	0.00331	0.03801	0.00415	0.06788
2	0.01052	0.01424	0.33268	0.05510	0.01684	0.00896	0.13812	0.01405	0.01034	0.12551	0.07486	0.05005	0.01157	0.03204	0.01922	0.00168	0.02921	0.00493	0.04399	0.00607
3	0.01027	0.01049	0.00910	0.00881	0.01012	0.24005	0.00675	0.05490	0.01114	0.01309	0.05014	0.24487	0.10568	0.00976	0.00619	0.00164	0.08523	0.11357	0.00354	0.00465
4	0.00763	0.02287	0.00670	0.00627	0.00768	0.00539	0.00478	0.05179	0.04782	0.04881	0.17254	0.20318	0.27813	0.02989	0.00579	0.00167	0.00289	0.06861	0.02303	0.00452
5	0.03068	0.25462	0.17613	0.01001	0.02612	0.06480	0.02547	0.05950	0.13093	0.05284	0.01072	0.01131	0.02775	0.00486	0.00424	0.00126	0.02720	0.00362	0.00287	0.07510
6	0.01057	0.04991	0.03987	0.39921	0.09947	0.05578	0.13188	0.01392	0.04508	0.05557	0.01049	0.01375	0.02531	0.00489	0.00467	0.00148	0.00603	0.02382	0.00253	0.00577
7	0.00806	0.07169	0.00758	0.00647	0.00770	0.00570	0.00479	0.00990	0.05212	0.08612	0.13068	0.41915	0.09125	0.03640	0.00579	0.00170	0.00295	0.00955	0.03786	0.00455
8	0.01332	0.01011	0.01247	0.01282	0.16483	0.05276	0.02758	0.23480	0.07906	0.11758	0.06369	0.11893	0.02615	0.00675	0.00500	0.00146	0.02112	0.00572	0.01926	0.00658

[dist]
# distance from previous block
# <min> <max>
1	9

[block]
# block no. 1 follows, 56 sequences, length 13
# corresponding to MSA columns:
# 155-167
name=unknown_B
#
# <colnr> <probs for GDERKNQSTAVLIFYWHMCP>
#	G	D	E	R	K	N	Q	S	T	A	V	L	I	F	Y	W	H	M	C	P
0	0.05122	0.00803	0.03447	0.00766	0.00998	0.00772	0.00620	0.18725	0.05928	0.14828	0.22407	0.12089	0.07768	0.02955	0.00543	0.00157	0.00352	0.00680	0.00462	0.00580
1	0.06042	0.09095	0.08022	0.02253	0.02292	0.04932	0.01849	0.25333	0.10564	0.06890	0.01145	0.05259	0.00910	0.00534	0.00421	0.00129	0.00472	0.00418	0.00361	0.13079
2	0.00843	0.00694	0.00911	0.02610	0.00986	0.00795	0.02275	0.08873	0.06694	0.01404	0.05056	0.32871	0.05088	0.03959	0.08069	0.00235	0.16983	0.00816	0.00361	0.00477
3	0.06931	0.10631	0.11763	0.02151	0.07579	0.04079	0.08460	0.07809	0.01096	0.07404	0.00958	0.04214	0.00779	0.00457	0.00404	0.00119	0.00496	0.00381	0.00288	0.24000
4	0.01231	0.12197	0.12033	0.01053	0.05613	0.08125	0.03605	0.11708	0.02106	0.11231	0.05091	0.10247	0.02757	0.00721	0.03141	0.00157	0.02301	0.01335	0.00338	0.05010
5	0.01599	0.07417	0.09394	0.01035	0.01403	0.06722	0.00918	0.41779	0.06488	0.13459	0.01140	0.01142	0.00815	0.00540	0.00487	0.00139	0.03996	0.00399	0.00403	0.00725
6	0.01300	0.07363	0.04684	0.03196	0.05811	0.03152	0.02189	0.27535	0.19239	0.04742	0.01373	0.01455	0.04241	0.02482	0.07290	0.00198	0.02249	0.00456	0.00377	0.00668
7	0.00797	0.00542	0.00693	0.00654	0.00757	0.00559	0.00477	0.04823	0.00888	0.04471	0.07467	0.04096	0.01597	0.28159	0.30636	0.00452	0.00692	0.02822	0.03942	0.05474
8	0.04068	0.53208	0.06281	0.00847	0.01235	0.04804	0.00812	0.12146	0.01126	0.01439	0.02978	0.00896	0.00725	0.00432	0.00340	0.00107	0.00492	0.00294	0.00252	0.07516
9	0.00922	0.00649	0.03376	0.00689	0.00874	0.00574	0.00548	0.04863	0.05729	0.11909	0.32486	0.16432	0.07576	0.00947	0.02142	0.00160	0.00316	0.01811	0.02423	0.05574
10	0.00835	0.05448	0.00772	0.00619	0.00779	0.00579	0.00488	0.01011	0.01184	0.10693	0.43145	0.03193	0.23495	0.00916	0.00567	0.00147	0.04427	0.00768	0.00458	0.00474
11	0.00636	0.00499	0.00648	0.02794	0.00791	0.00513	0.00500	0.00781	0.02531	0.01265	0.12161	0.37318	0.16915	0.04075	0.07789	0.00232	0.06192	0.03559	0.00394	0.00405
12	0.03580	0.00741	0.00832	0.00730	0.00938	0.00766	0.00571	0.20772	0.07410	0.08544	0.10303	0.12245	0.17106	0.00997	0.05465	0.00184	0.00390	0.00687	0.07184	0.00556

[dist]
# distance from previous block
# <min> <max>
4	17

[block]
# block no. 2 follows, 56 sequences, length 21
# corresponding to MSA columns:
# 185-205
name=unknown_C
#
# <colnr> <probs for GDERKNQSTAVLIFYWHMCP>
#	G	D	E	R	K	N	Q	S	T	A	V	L	I	F	Y	W	H	M	C	P
0	0.03273	0.05727	0.03656	0.03027	0.05232	0.10640	0.00772	0.18653	0.12331	0.04902	0.02951	0.16142	0.01304	0.00679	0.00454	0.00139	0.00459	0.00559	0.01326	0.07775
1	0.02665	0.07929	0.10163	0.18258	0.05798	0.02088	0.00945	0.10138	0.09010	0.08414	0.01322	0.03544	0.05139	0.02733	0.00490	0.00146	0.00487	0.02247	0.00322	0.08162
2	0.03316	0.23204	0.19423	0.07460	0.06383	0.01219	0.04402	0.08904	0.03746	0.06437	0.02863	0.01103	0.00794	0.00548	0.02947	0.00146	0.00552	0.00364	0.00273	0.05915
3	0.00673	0.00526	0.00656	0.00674	0.00762	0.01973	0.02008	0.02395	0.03975	0.01387	0.19519	0.42323	0.10881	0.04669	0.00650	0.00182	0.01493	0.04406	0.00429	0.00417
4	0.00631	0.00435	0.00562	0.00621	0.00677	0.00415	0.00431	0.00724	0.00888	0.03047	0.04942	0.50376	0.10285	0.09675	0.08089	0.01650	0.00375	0.03526	0.02273	0.00380
5	0.12361	0.03168	0.04170	0.07364	0.02943	0.01041	0.07431	0.17525	0.06025	0.20578	0.05145	0.01316	0.00998	0.00536	0.00490	0.00143	0.04411	0.00429	0.00387	0.03540
6	0.01257	0.01518	0.25284	0.06882	0.12868	0.03097	0.08940	0.04292	0.01214	0.04865	0.02945	0.12408	0.04680	0.00817	0.00626	0.00201	0.02934	0.02791	0.00375	0.02003
7	0.00738	0.00481	0.00595	0.00595	0.00716	0.00436	0.00442	0.00880	0.01066	0.08889	0.21121	0.24450	0.25226	0.02992	0.03202	0.00186	0.00297	0.04410	0.02844	0.00432
8	0.01112	0.00629	0.00785	0.00700	0.00864	0.00615	0.00526	0.08393	0.02629	0.21869	0.13991	0.17892	0.06331	0.14119	0.03440	0.00219	0.02392	0.00735	0.02235	0.00522
9	0.03125	0.07535	0.03715	0.26719	0.12777	0.05102	0.04377	0.07676	0.01070	0.05755	0.01002	0.07515	0.00859	0.00547	0.00508	0.00143	0.05443	0.00455	0.00272	0.05405
10	0.02973	0.00645	0.00774	0.00696	0.00893	0.00620	0.00544	0.09693	0.03766	0.20607	0.12557	0.16934	0.16139	0.00911	0.00506	0.00154	0.00320	0.05223	0.05498	0.00545
11	0.00647	0.00436	0.00581	0.00664	0.00722	0.00407	0.00473	0.00753	0.00940	0.04536	0.05406	0.64851	0.05558	0.01354	0.00584	0.00185	0.00288	0.10783	0.00434	0.00399
12	0.01111	0.01028	0.01743	0.12600	0.57639	0.01053	0.05814	0.01437	0.04953	0.04033	0.00994	0.03764	0.00829	0.00462	0.00465	0.00142	0.00544	0.00452	0.00254	0.00684
13	0.03245	0.00815	0.00947	0.00704	0.01078	0.00664	0.00564	0.03801	0.04400	0.08581	0.04491	0.01217	0.02577	0.00424	0.00371	0.00087	0.00344	0.00342	0.00326	0.65023
14	0.36146	0.06538	0.01194	0.03316	0.07986	0.15944	0.03979	0.11169	0.01113	0.03464	0.00860	0.04824	0.00721	0.00497	0.00378	0.00137	0.00506	0.00362	0.00295	0.00570
15	0.63475	0.00849	0.00741	0.00639	0.00922	0.00942	0.00524	0.04687	0.00933	0.13924	0.00907	0.00965	0.00663	0.00462	0.00321	0.00139	0.00355	0.00303	0.07704	0.00545
16	0.03139	0.00967	0.02902	0.18623	0.25523	0.01002	0.04942	0.06215	0.13204	0.05519	0.01262	0.02740	0.03999	0.00574	0.02038	0.00154	0.00512	0.00464	0.02451	0.03771
17	0.00628	0.00433	0.00554	0.00606	0.00667	0.00403	0.00421	0.00743	0.00975	0.02743	0.18500	0.49528	0.07726	0.07569	0.00697	0.00193	0.00272	0.03225	0.03728	0.00390
18	0.03987	0.00789	0.03364	0.14797	0.06817	0.00810	0.08963	0.04618	0.03038	0.01395	0.08096	0.13285	0.07614	0.09255	0.04708	0.00215	0.05445	0.00651	0.01661	0.00493
19	0.08638	0.00651	0.00716	0.00678	0.00828	0.02340	0.00505	0.10805	0.03153	0.06048	0.16001	0.28020	0.12366	0.04171	0.00614	0.02408	0.00323	0.00836	0.00425	0.00475
20	0.00981	0.04431	0.10308	0.19046	0.11575	0.03928	0.14879	0.04714	0.01028	0.01387	0.02742	0.04639	0.04220	0.03848	0.05415	0.00192	0.01945	0.00496	0.03667	0.00560

[dist]
# distance from previous block
# <min> <max>
1	30

[block]
# block no. 3 follows, 56 sequences, length 11
# corresponding to MSA columns:
# 238-248
name=unknown_D
#
# <colnr> <probs for GDERKNQSTAVLIFYWHMCP>
#	G	D	E	R	K	N	Q	S	T	A	V	L	I	F	Y	W	H	M	C	P
0	0.01189	0.12060	0.26513	0.04127	0.08435	0.05965	0.04354	0.05859	0.12885	0.08174	0.02681	0.02634	0.00927	0.00514	0.00439	0.00140	0.00553	0.01589	0.00301	0.00662
1	0.01004	0.00522	0.00687	0.00667	0.00804	0.00469	0.00487	0.01122	0.01041	0.24446	0.08272	0.44295	0.08635	0.04521	0.00615	0.00179	0.00303	0.00973	0.00467	0.00493
2	0.00851	0.00853	0.06484	0.04545	0.26498	0.00770	0.00880	0.01189	0.10339	0.01437	0.06988	0.20655	0.14970	0.00832	0.00505	0.00155	0.00399	0.00741	0.00348	0.00560
3	0.00637	0.00495	0.00716	0.00738	0.00823	0.00469	0.05656	0.00802	0.03285	0.01306	0.10667	0.55714	0.06970	0.01262	0.00577	0.00180	0.00311	0.08559	0.00423	0.00411
4	0.04420	0.01036	0.01141	0.00902	0.01237	0.07200	0.00735	0.23923	0.05648	0.44301	0.01485	0.01363	0.00990	0.00554	0.00448	0.00139	0.00449	0.00431	0.02857	0.00741
5	0.75751	0.00941	0.00768	0.00664	0.00959	0.01082	0.00547	0.11743	0.00965	0.02171	0.00701	0.00793	0.00535	0.00443	0.00307	0.00141	0.00375	0.00271	0.00307	0.00535
6	0.00634	0.00437	0.00524	0.00549	0.00575	0.00425	0.00343	0.00676	0.00788	0.01051	0.07133	0.23487	0.07471	0.47124	0.04071	0.02814	0.00393	0.00847	0.00337	0.00322
7	0.00899	0.00678	0.03685	0.00787	0.03761	0.00617	0.00611	0.04217	0.09657	0.09366	0.23620	0.11295	0.15105	0.00941	0.00529	0.00159	0.00325	0.11281	0.01953	0.00517
8	0.01206	0.07654	0.20577	0.03406	0.02955	0.13927	0.07891	0.05424	0.02475	0.11178	0.06229	0.02938	0.09317	0.02225	0.00494	0.00145	0.00558	0.00485	0.00317	0.00600
9	0.02477	0.09176	0.12098	0.00868	0.04893	0.02042	0.00750	0.09581	0.02392	0.04956	0.16630	0.03396	0.16631	0.00692	0.00454	0.00132	0.00391	0.00569	0.02616	0.09259
10	0.03548	0.06504	0.08443	0.09070	0.09277	0.03963	0.08927	0.09864	0.07310	0.07665	0.07316	0.03967	0.01197	0.00668	0.02989	0.00164	0.03295	0.03369	0.00327	0.02136

[dist]
# distance from previous block
# <min> <max>
8	55

[block]
# block no. 4 follows, 56 sequences, length 9
# corresponding to MSA columns:
# 316-324
name=unknown_E
#
# <colnr> <probs for GDERKNQSTAVLIFYWHMCP>
#	G	D	E	R	K	N	Q	S	T	A	V	L	I	F	Y	W	H	M	C	P
0	0.52067	0.03901	0.03511	0.00748	0.01041	0.03226	0.02664	0.09419	0.01025	0.08009	0.04169	0.06587	0.00916	0.00539	0.00362	0.00143	0.00401	0.00389	0.00334	0.00550
1	0.04569	0.01344	0.09337	0.01130	0.03222	0.08952	0.07161	0.35600	0.06620	0.12617	0.04064	0.01246	0.00941	0.00533	0.00457	0.00140	0.00536	0.00427	0.00399	0.00706
2	0.01637	0.01121	0.01386	0.01354	0.17435	0.01183	0.00929	0.41940	0.08005	0.18367	0.01258	0.01251	0.00891	0.00532	0.00459	0.00140	0.00479	0.00431	0.00435	0.00766
3	0.01026	0.06329	0.00921	0.02546	0.00952	0.00755	0.00575	0.14545	0.04058	0.09378	0.30277	0.07737	0.07395	0.08262	0.00665	0.00173	0.00346	0.03092	0.00442	0.00528
4	0.01228	0.01052	0.06729	0.04619	0.07852	0.00933	0.07944	0.13477	0.10717	0.10924	0.02699	0.03594	0.00968	0.00497	0.00438	0.00125	0.00460	0.00431	0.00352	0.24962
5	0.00619	0.00463	0.00562	0.00620	0.00696	0.00433	0.00432	0.04872	0.00987	0.01280	0.02957	0.60357	0.21376	0.01325	0.00569	0.00176	0.00271	0.01178	0.00428	0.00398
6	0.03159	0.01311	0.06557	0.09260	0.30621	0.14549	0.01107	0.12515	0.03640	0.01633	0.02440	0.01113	0.00773	0.00457	0.00435	0.00130	0.00565	0.00381	0.00276	0.09079
7	0.00791	0.00640	0.00742	0.00852	0.07697	0.06043	0.00533	0.00953	0.05943	0.02901	0.05925	0.39432	0.02229	0.20170	0.00980	0.02100	0.00379	0.00900	0.00367	0.00423
8	0.13839	0.01000	0.01153	0.05774	0.12061	0.04713	0.00792	0.19063	0.02727	0.11198	0.02553	0.04694	0.00931	0.02323	0.00459	0.00136	0.00449	0.00418	0.00354	0.15364

[dist]
# distance from previous block
# <min> <max>
12	73

[block]
# block no. 5 follows, 56 sequences, length 15
# corresponding to MSA columns:
# 411-415,418-427
name=unknown_F
#
# <colnr> <probs for GDERKNQSTAVLIFYWHMCP>
#	G	D	E	R	K	N	Q	S	T	A	V	L	I	F	Y	W	H	M	C	P
0	0.01188	0.50559	0.24404	0.00950	0.01414	0.05816	0.01033	0.01445	0.00978	0.04161	0.00744	0.00845	0.00611	0.00414	0.00349	0.00113	0.00552	0.00283	0.00214	0.03926
1	0.00720	0.00552	0.00685	0.05310	0.00911	0.00557	0.00534	0.06839	0.06677	0.01411	0.06540	0.47178	0.14108	0.01183	0.00554	0.00173	0.00311	0.04888	0.00423	0.00445
2	0.00583	0.03126	0.02260	0.00520	0.00682	0.00452	0.00411	0.00714	0.01041	0.01264	0.07347	0.09315	0.66245	0.01135	0.00538	0.00156	0.00257	0.03137	0.00417	0.00402
3	0.01262	0.68243	0.08306	0.00872	0.01268	0.11217	0.00867	0.01435	0.00979	0.01114	0.00661	0.00765	0.00589	0.00406	0.00319	0.00104	0.00545	0.00259	0.00201	0.00589
4	0.01181	0.09576	0.44374	0.01118	0.01651	0.01150	0.01262	0.15823	0.05447	0.06331	0.00970	0.01045	0.00702	0.00464	0.00423	0.00134	0.00570	0.00356	0.00285	0.07139
5	0.01254	0.55612	0.17731	0.00933	0.01365	0.08915	0.00972	0.03579	0.01020	0.03905	0.00733	0.00828	0.00611	0.00419	0.00343	0.00112	0.00555	0.00280	0.00219	0.00613
6	0.01266	0.10254	0.25799	0.01086	0.03477	0.01183	0.01062	0.13310	0.26113	0.09902	0.01276	0.01263	0.00930	0.00520	0.00437	0.00142	0.00501	0.00411	0.00358	0.00711
7	0.00559	0.00400	0.00533	0.00639	0.00666	0.00373	0.00426	0.00639	0.00879	0.01172	0.02530	0.83566	0.03036	0.01438	0.00586	0.00186	0.00266	0.01305	0.00426	0.00373
8	0.00564	0.00416	0.00529	0.00617	0.00670	0.00382	0.00425	0.00656	0.00916	0.01192	0.02901	0.66340	0.16774	0.01383	0.00580	0.00182	0.00267	0.04402	0.00426	0.00378
9	0.01198	0.38695	0.09866	0.03779	0.03109	0.03752	0.06300	0.06363	0.19806	0.01466	0.01009	0.01075	0.00804	0.00466	0.00389	0.00126	0.00515	0.00360	0.00281	0.00643
10	0.03934	0.09194	0.52485	0.01251	0.05986	0.01102	0.02570	0.04181	0.03156	0.07710	0.00919	0.01024	0.00664	0.00446	0.00422	0.00138	0.00597	0.00349	0.00248	0.03623
11	0.03567	0.19471	0.40415	0.01080	0.01594	0.05089	0.01216	0.07991	0.01120	0.12978	0.00939	0.01003	0.00678	0.00457	0.00406	0.00133	0.00581	0.00338	0.00275	0.00671
12	0.07767	0.75473	0.04518	0.00787	0.01179	0.01735	0.00789	0.01375	0.00922	0.01165	0.00644	0.00744	0.00582	0.00397	0.00298	0.00103	0.00486	0.00248	0.00203	0.00585
13	0.00742	0.00567	0.00778	0.06587	0.07552	0.00579	0.00600	0.06773	0.00969	0.01300	0.01982	0.49156	0.02256	0.11224	0.03712	0.00228	0.00394	0.03794	0.00372	0.00435
14	0.10905	0.00968	0.05486	0.03020	0.30405	0.01795	0.05797	0.03291	0.03686	0.05862	0.09782	0.08297	0.03703	0.00635	0.00471	0.00149	0.00461	0.04356	0.00325	0.00605

[dist]
# distance from previous block
# <min> <max>
11	32

[block]
# block no. 6 follows, 56 sequences, length 22
# corresponding to MSA columns:
# 471-492
name=unknown_G
#
# <colnr> <probs for GDERKNQSTAVLIFYWHMCP>
#	G	D	E	R	K	N	Q	S	T	A	V	L	I	F	Y	W	H	M	C	P
0	0.24201	0.01058	0.03297	0.03561	0.43651	0.01085	0.01071	0.06736	0.05626	0.04228	0.00905	0.01074	0.00715	0.00442	0.00410	0.00140	0.00481	0.00373	0.00281	0.00665
1	0.01113	0.00991	0.01609	0.22650	0.45732	0.01048	0.02658	0.01498	0.09372	0.05686	0.01008	0.01240	0.00789	0.00451	0.00457	0.00142	0.00535	0.00423	0.00266	0.02331
2	0.00962	0.00913	0.01548	0.54594	0.30589	0.01045	0.01322	0.01256	0.00963	0.01288	0.00833	0.01193	0.00653	0.00441	0.00457	0.00147	0.00589	0.00408	0.00212	0.00587
3	0.01054	0.01007	0.01715	0.27211	0.57251	0.01069	0.01368	0.01337	0.01006	0.01400	0.00849	0.01163	0.00692	0.00424	0.00456	0.00141	0.00566	0.00409	0.00220	0.00661
4	0.01971	0.00784	0.01056	0.00806	0.01165	0.00670	0.00664	0.02150	0.01285	0.74892	0.01731	0.01513	0.01100	0.00550	0.00452	0.00136	0.00387	0.00446	0.00544	0.07698
5	0.00856	0.00428	0.00428	0.00428	0.00535	0.00428	0.00321	0.01070	0.00963	0.01712	0.01498	0.01712	0.01177	0.00535	0.00321	0.00107	0.00214	0.00428	0.86414	0.00428
6	0.01117	0.01066	0.01813	0.02728	0.77787	0.01064	0.01370	0.01387	0.01056	0.01514	0.04062	0.01228	0.00871	0.00430	0.00458	0.00137	0.00532	0.00426	0.00238	0.00715
7	0.05315	0.34730	0.01713	0.00999	0.01300	0.46520	0.00829	0.01629	0.01131	0.01148	0.00678	0.00788	0.00586	0.00439	0.00361	0.00111	0.00673	0.00274	0.00223	0.00553
8	0.00856	0.00428	0.00428	0.00428	0.00535	0.00428	0.00321	0.01070	0.00963	0.01712	0.01498	0.01712	0.01177	0.00535	0.00321	0.00107	0.00214	0.00428	0.86414	0.00428
9	0.01289	0.01049	0.01115	0.00954	0.01238	0.01192	0.00756	0.23508	0.55772	0.02184	0.04662	0.01611	0.01343	0.00615	0.00468	0.00150	0.00397	0.00502	0.00466	0.00730
10	0.00856	0.00428	0.00428	0.00428	0.00535	0.00428	0.00321	0.01070	0.00963	0.01712	0.01498	0.01712	0.01177	0.00535	0.00321	0.00107	0.00214	0.00428	0.86414	0.00428
11	0.87108	0.00888	0.00675	0.00604	0.00888	0.01030	0.00497	0.01350	0.00781	0.02060	0.00639	0.00746	0.00497	0.00426	0.00284	0.00142	0.00355	0.00249	0.00284	0.00497
12	0.00620	0.00471	0.00671	0.13200	0.01055	0.00482	0.00565	0.00737	0.00885	0.01170	0.02218	0.63787	0.02590	0.04707	0.00642	0.00193	0.00334	0.04895	0.00386	0.00392
13	0.01887	0.00820	0.01154	0.08027	0.06600	0.00754	0.00781	0.04369	0.01287	0.66842	0.01642	0.01492	0.01054	0.00548	0.00461	0.00142	0.00423	0.00452	0.00511	0.00754
14	0.01004	0.05341	0.69713	0.01293	0.01930	0.01096	0.05169	0.03735	0.01020	0.04297	0.00864	0.00998	0.00612	0.00440	0.00437	0.00144	0.00661	0.00351	0.00217	0.00679
15	0.00916	0.01583	0.41627	0.06477	0.09036	0.00919	0.08548	0.01297	0.00997	0.03865	0.01403	0.08996	0.07261	0.00624	0.00482	0.00154	0.00577	0.04369	0.00263	0.00607
16	0.00733	0.02741	0.23285	0.00861	0.01110	0.00632	0.02971	0.00961	0.00947	0.03389	0.04064	0.45740	0.07094	0.01051	0.00531	0.00169	0.00403	0.02477	0.00357	0.00484
17	0.02442	0.04529	0.52752	0.04519	0.03003	0.02683	0.07009	0.02973	0.01027	0.08391	0.01011	0.05831	0.00787	0.00504	0.00449	0.00146	0.00620	0.00420	0.00251	0.00653
18	0.09016	0.04691	0.10062	0.02586	0.19995	0.03958	0.06667	0.07505	0.05929	0.21630	0.01178	0.02861	0.00870	0.00498	0.00441	0.00141	0.00510	0.00424	0.00349	0.00688
19	0.09300	0.04718	0.50123	0.01222	0.05549	0.01008	0.05287	0.01405	0.01005	0.04582	0.08704	0.01225	0.00979	0.00482	0.00432	0.00141	0.00575	0.00392	0.00253	0.02618
20	0.03861	0.20988	0.06555	0.01339	0.19174	0.05969	0.04461	0.07054	0.04305	0.07118	0.08217	0.04776	0.03190	0.00550	0.00428	0.00132	0.00492	0.00458	0.00309	0.00626
21	0.02609	0.03929	0.01471	0.07728	0.32149	0.04856	0.02885	0.07572	0.06931	0.14096	0.07393	0.01392	0.01103	0.00506	0.00452	0.00137	0.00491	0.00444	0.00338	0.03520

[dist]
# distance from previous block
# <min> <max>
0	55

[block]
# block no. 7 follows, 56 sequences, length 38
# corresponding to MSA columns:
# 553-561,572-600
name=unknown_H
#
# <colnr> <probs for GDERKNQSTAVLIFYWHMCP>
#	G	D	E	R	K	N	Q	S	T	A	V	L	I	F	Y	W	H	M	C	P
0	0.05584	0.08197	0.07713	0.01632	0.21925	0.08113	0.17585	0.09455	0.02365	0.04586	0.02342	0.01116	0.00768	0.00440	0.00441	0.00133	0.00582	0.00403	0.00275	0.06345
1	0.26439	0.01207	0.01195	0.01105	0.08104	0.17699	0.07419	0.07908	0.07343	0.05282	0.02901	0.03887	0.00868	0.00504	0.00404	0.00135	0.00512	0.00393	0.00316	0.06379
2	0.05785	0.00852	0.01192	0.01363	0.26274	0.00781	0.00818	0.01410	0.02547	0.15881	0.07080	0.02824	0.01145	0.04643	0.00516	0.00135	0.00410	0.00432	0.00336	0.25575
3	0.01021	0.00913	0.01322	0.03607	0.23378	0.00947	0.07567	0.04093	0.25317	0.01728	0.18299	0.01884	0.03636	0.00607	0.00483	0.00144	0.00425	0.00553	0.00374	0.03702
4	0.24573	0.01179	0.01190	0.00935	0.01280	0.01318	0.00772	0.58580	0.01790	0.02670	0.00978	0.01007	0.00705	0.00518	0.00412	0.00139	0.00465	0.00369	0.00412	0.00705
5	0.07920	0.01101	0.01270	0.00976	0.01336	0.01158	0.03048	0.47963	0.01770	0.26837	0.01282	0.01222	0.00867	0.00543	0.00450	0.00140	0.00467	0.00420	0.00474	0.00756
6	0.00856	0.00428	0.00428	0.00428	0.00535	0.00428	0.00321	0.01070	0.00963	0.01712	0.01498	0.01712	0.01177	0.00535	0.00321	0.00107	0.00214	0.00428	0.86414	0.00428
7	0.84613	0.00926	0.00693	0.00621	0.00903	0.03396	0.00509	0.01364	0.00796	0.02032	0.00641	0.00748	0.00500	0.00428	0.00288	0.00141	0.00369	0.00250	0.00283	0.00498
8	0.01731	0.01696	0.01343	0.01114	0.01422	0.38078	0.00879	0.44163	0.01769	0.02089	0.00924	0.00977	0.00695	0.00516	0.00439	0.00129	0.00652	0.00360	0.00358	0.00668
9	0.00856	0.00428	0.00428	0.00428	0.00535	0.00428	0.00321	0.01070	0.00963	0.01712	0.01498	0.01712	0.01177	0.00535	0.00321	0.00107	0.00214	0.00428	0.86414	0.00428
10	0.15534	0.00712	0.00858	0.00762	0.00957	0.00778	0.00606	0.11944	0.01029	0.14247	0.01214	0.01540	0.01008	0.05358	0.40880	0.00449	0.00818	0.00443	0.00334	0.00529
11	0.00559	0.00400	0.00533	0.00639	0.00666	0.00373	0.00426	0.00639	0.00879	0.01172	0.02530	0.83566	0.03036	0.01438	0.00586	0.00186	0.00266	0.01305	0.00426	0.00373
12	0.87108	0.00888	0.00675	0.00604	0.00888	0.01030	0.00497	0.01350	0.00781	0.02060	0.00639	0.00746	0.00497	0.00426	0.00284	0.00142	0.00355	0.00249	0.00284	0.00497
13	0.01227	0.84142	0.02406	0.00786	0.01178	0.01817	0.00786	0.01375	0.00933	0.01080	0.00638	0.00736	0.00589	0.00393	0.00295	0.00098	0.00491	0.00245	0.00196	0.00589
14	0.02060	0.00781	0.01065	0.00817	0.01172	0.00675	0.00675	0.02237	0.01314	0.81320	0.01811	0.01563	0.01136	0.00568	0.00462	0.00142	0.00391	0.00462	0.00568	0.00781
15	0.00668	0.00445	0.00501	0.00501	0.00501	0.00445	0.00278	0.00668	0.00668	0.00890	0.01447	0.03004	0.01669	0.83866	0.02337	0.00445	0.00445	0.00668	0.00278	0.00278
16	0.00867	0.00816	0.01377	0.82762	0.03162	0.01020	0.01275	0.01173	0.00918	0.01173	0.00816	0.01224	0.00612	0.00459	0.00459	0.00153	0.00612	0.00408	0.00204	0.00510
17	0.00856	0.00428	0.00428	0.00428	0.00535	0.00428	0.00321	0.01070	0.00963	0.01712	0.01498	0.01712	0.01177	0.00535	0.00321	0.00107	0.00214	0.00428	0.86414	0.00428
18	0.07484	0.13913	0.03161	0.00890	0.01253	0.01147	0.00769	0.29565	0.01513	0.32293	0.02744	0.01237	0.00929	0.00529	0.00424	0.00134	0.00448	0.00401	0.00443	0.00723
19	0.27439	0.02648	0.01079	0.00875	0.01185	0.02619	0.00711	0.29234	0.23590	0.04437	0.01181	0.01167	0.00872	0.00530	0.00405	0.00143	0.00422	0.00389	0.00403	0.00672
20	0.00856	0.00428	0.00428	0.00428	0.00535	0.00428	0.00321	0.01070	0.00963	0.01712	0.01498	0.01712	0.01177	0.00535	0.00321	0.00107	0.00214	0.00428	0.86414	0.00428
21	0.00952	0.00816	0.00952	0.00680	0.01088	0.00612	0.00544	0.01156	0.00952	0.01496	0.00816	0.00952	0.00680	0.00340	0.00340	0.00068	0.00340	0.00272	0.00272	0.86672
22	0.00656	0.00489	0.00726	0.00726	0.00803	0.00567	0.00559	0.00812	0.00734	0.01057	0.01241	0.01866	0.01175	0.07620	0.77906	0.00723	0.01189	0.00501	0.00248	0.00403
23	0.00669	0.00508	0.00697	0.04211	0.08560	0.00481	0.00543	0.00775	0.00937	0.02817	0.04124	0.46489	0.20407	0.01216	0.00619	0.04803	0.00309	0.01030	0.00390	0.00416
24	0.87108	0.00888	0.00675	0.00604	0.00888	0.01030	0.00497	0.01350	0.00781	0.02060	0.00639	0.00746	0.00497	0.00426	0.00284	0.00142	0.00355	0.00249	0.00284	0.00497
25	0.00651	0.00465	0.00638	0.00744	0.00811	0.00452	0.00586	0.00798	0.00970	0.01275	0.02480	0.43596	0.02835	0.01352	0.00611	0.00199	0.00346	0.40367	0.00424	0.00398
26	0.00952	0.00816	0.00952	0.00680	0.01088	0.00612	0.00544	0.01156	0.00952	0.01496	0.00816	0.00952	0.00680	0.00340	0.00340	0.00068	0.00340	0.00272	0.00272	0.86672
27	0.01746	0.00791	0.01033	0.00778	0.01148	0.00657	0.00638	0.01931	0.01212	0.58727	0.01530	0.01390	0.01007	0.00504	0.00427	0.00121	0.00376	0.00408	0.00484	0.25092
28	0.00668	0.00445	0.00501	0.00501	0.00501	0.00445	0.00278	0.00668	0.00668	0.00890	0.01447	0.03004	0.01669	0.83866	0.02337	0.00445	0.00445	0.00668	0.00278	0.00278
29	0.01167	0.01224	0.05310	0.02637	0.71970	0.06757	0.01385	0.01441	0.01060	0.01472	0.00851	0.01107	0.00711	0.00415	0.00451	0.00135	0.00571	0.00398	0.00226	0.00711
30	0.00964	0.00788	0.00927	0.00686	0.01059	0.00609	0.00543	0.02612	0.00987	0.03670	0.02645	0.06656	0.00932	0.00438	0.00367	0.00081	0.00337	0.00362	0.00299	0.75039
31	0.87108	0.00888	0.00675	0.00604	0.00888	0.01030	0.00497	0.01350	0.00781	0.02060	0.00639	0.00746	0.00497	0.00426	0.00284	0.00142	0.00355	0.00249	0.00284	0.00497
32	0.00968	0.10327	0.65406	0.01323	0.01950	0.01150	0.09761	0.01448	0.00978	0.01419	0.00817	0.00975	0.00594	0.00427	0.00433	0.00142	0.00670	0.00351	0.00198	0.00663
33	0.01040	0.01428	0.24095	0.05698	0.41851	0.01054	0.09818	0.01395	0.01024	0.01477	0.02562	0.01146	0.00753	0.00425	0.00456	0.00139	0.00594	0.00407	0.00225	0.04415
34	0.05245	0.00490	0.00566	0.00541	0.00674	0.00450	0.00408	0.00822	0.01186	0.01649	0.50618	0.03621	0.30103	0.00987	0.00528	0.00148	0.00229	0.00846	0.00467	0.00421
35	0.01118	0.00981	0.04556	0.15212	0.08530	0.02820	0.08276	0.13223	0.12752	0.06645	0.05749	0.14162	0.01410	0.00682	0.00493	0.00154	0.00485	0.01779	0.00363	0.00609
36	0.00558	0.00415	0.00520	0.00601	0.00657	0.00377	0.00410	0.00649	0.00924	0.01202	0.04786	0.65032	0.19459	0.01369	0.00576	0.00179	0.00258	0.01223	0.00428	0.00377
37	0.03573	0.10486	0.01237	0.01009	0.07607	0.02415	0.00750	0.24041	0.07504	0.06718	0.01425	0.17450	0.01327	0.00709	0.00457	0.00141	0.00425	0.03913	0.00384	0.08431

[dist]
# distance from previous block
# <min> <max>
5	39

# created by:
# /st0/software/busco_prod/Augustus/scripts/msa2prfl.pl ./align_prep/1588798.fa
