[name]
unknown

[dist]
# distance from previous block
# <min> <max>
3	363

[block]
# block no. 0 follows, 46 sequences, length 9
# corresponding to MSA columns:
# 463-471
name=unknown_A
#
# <colnr> <probs for GDERKNQSTAVLIFYWHMCP>
#	G	D	E	R	K	N	Q	S	T	A	V	L	I	F	Y	W	H	M	C	P
0	0.01376	0.07049	0.01509	0.01254	0.04710	0.11732	0.04494	0.11705	0.02716	0.05648	0.03438	0.12314	0.01364	0.00907	0.02531	0.00195	0.20695	0.02007	0.03714	0.00643
1	0.01074	0.01100	0.15169	0.05907	0.01429	0.02633	0.04433	0.01374	0.02705	0.12359	0.16929	0.17893	0.12868	0.00979	0.00588	0.00178	0.00467	0.00854	0.00452	0.00610
2	0.59105	0.01135	0.00976	0.00831	0.01176	0.04325	0.00679	0.11813	0.03922	0.10295	0.01001	0.01055	0.00734	0.00537	0.00389	0.00162	0.00459	0.00350	0.00393	0.00661
3	0.01262	0.01232	0.05619	0.14081	0.23504	0.01212	0.16231	0.07658	0.07372	0.04197	0.01293	0.07121	0.01096	0.02620	0.00646	0.00182	0.03025	0.00590	0.00330	0.00729
4	0.00926	0.00666	0.00821	0.00771	0.00905	0.00678	0.00573	0.03289	0.06545	0.05317	0.20723	0.10580	0.09743	0.17958	0.06732	0.00297	0.04701	0.04630	0.00454	0.03690
5	0.00848	0.00641	0.00845	0.00859	0.02649	0.00694	0.00630	0.03859	0.07231	0.01507	0.08382	0.10713	0.07001	0.09176	0.38191	0.00527	0.00873	0.02449	0.02417	0.00510
6	0.13677	0.01249	0.05780	0.05118	0.09712	0.03296	0.04708	0.11576	0.19993	0.14157	0.01606	0.01611	0.03965	0.00622	0.00507	0.00167	0.00531	0.00509	0.00440	0.00774
7	0.00688	0.00516	0.00624	0.00660	0.00752	0.00481	0.00467	0.00813	0.01093	0.01424	0.12987	0.26975	0.25853	0.14040	0.06552	0.00290	0.00407	0.04485	0.00461	0.00432
8	0.01387	0.04093	0.09304	0.01079	0.03962	0.04291	0.00920	0.21235	0.01484	0.02109	0.01017	0.01137	0.00796	0.00478	0.00445	0.00115	0.00518	0.00369	0.00355	0.44904

[dist]
# distance from previous block
# <min> <max>
0	4

[block]
# block no. 1 follows, 46 sequences, length 8
# corresponding to MSA columns:
# 476,487-490,492,506,507
name=unknown_B
#
# <colnr> <probs for GDERKNQSTAVLIFYWHMCP>
#	G	D	E	R	K	N	Q	S	T	A	V	L	I	F	Y	W	H	M	C	P
0	0.05010	0.11240	0.08087	0.04823	0.11893	0.06457	0.05253	0.07817	0.03046	0.05624	0.05797	0.06337	0.01358	0.00690	0.00562	0.00162	0.03737	0.05431	0.00355	0.06324
1	0.01506	0.14252	0.13215	0.01448	0.06360	0.10293	0.13964	0.10942	0.03534	0.08603	0.01137	0.01327	0.00878	0.00534	0.00498	0.00149	0.00671	0.02048	0.00338	0.08303
2	0.01022	0.14707	0.11452	0.01000	0.01290	0.01103	0.03576	0.03909	0.06313	0.01636	0.12429	0.09334	0.15065	0.00935	0.00685	0.00176	0.09372	0.05000	0.00391	0.00603
3	0.00987	0.03963	0.03585	0.03828	0.06021	0.00735	0.04040	0.01243	0.04120	0.08361	0.19426	0.14462	0.15794	0.07064	0.00747	0.00201	0.00408	0.02304	0.02145	0.00564
4	0.04510	0.24796	0.05672	0.04258	0.24261	0.01542	0.06525	0.09050	0.05507	0.01759	0.00987	0.01181	0.00808	0.00516	0.00522	0.00150	0.04243	0.00419	0.00293	0.03000
5	0.02898	0.04230	0.03845	0.05509	0.09692	0.03887	0.16439	0.06459	0.15125	0.10675	0.01550	0.07566	0.02570	0.00664	0.00582	0.00169	0.03086	0.00599	0.00395	0.04059
6	0.00803	0.00523	0.00659	0.00700	0.00790	0.00481	0.00491	0.00907	0.01091	0.06697	0.09398	0.40387	0.16295	0.10631	0.00938	0.03407	0.00342	0.04526	0.00480	0.00453
7	0.00900	0.02979	0.03920	0.18681	0.04917	0.02611	0.00801	0.01105	0.03463	0.01288	0.01749	0.12526	0.04561	0.31505	0.03722	0.00328	0.00570	0.03559	0.00331	0.00483

[dist]
# distance from previous block
# <min> <max>
6	8

[block]
# block no. 2 follows, 46 sequences, length 30
# corresponding to MSA columns:
# 517-546
name=unknown_C
#
# <colnr> <probs for GDERKNQSTAVLIFYWHMCP>
#	G	D	E	R	K	N	Q	S	T	A	V	L	I	F	Y	W	H	M	C	P
0	0.00931	0.00769	0.00972	0.00980	0.05805	0.02935	0.03588	0.01216	0.10295	0.01441	0.05945	0.11277	0.07427	0.24511	0.07668	0.03503	0.02496	0.02852	0.00380	0.05010
1	0.04710	0.03978	0.08537	0.05338	0.10174	0.03357	0.07837	0.09739	0.14337	0.02828	0.06205	0.06301	0.01468	0.00982	0.07108	0.00229	0.02388	0.03403	0.00383	0.00700
2	0.01190	0.03111	0.07775	0.07450	0.23868	0.01217	0.32690	0.02877	0.01213	0.01668	0.01244	0.07192	0.01097	0.00602	0.00581	0.00175	0.00722	0.04319	0.00291	0.00716
3	0.10902	0.04516	0.11641	0.01456	0.01856	0.03097	0.24595	0.10205	0.04455	0.01913	0.04315	0.04607	0.01110	0.00641	0.00669	0.00176	0.09615	0.01709	0.01836	0.00686
4	0.01010	0.00673	0.00854	0.02105	0.00941	0.00705	0.00597	0.08336	0.03205	0.04128	0.08652	0.09403	0.11163	0.09495	0.01356	0.27147	0.05448	0.03944	0.00388	0.00451
5	0.06908	0.07555	0.14006	0.09471	0.23903	0.04585	0.02981	0.11385	0.03285	0.07154	0.01078	0.01251	0.00820	0.00522	0.00492	0.00156	0.00630	0.00434	0.00325	0.03059
6	0.01126	0.00884	0.00957	0.00897	0.01112	0.03573	0.00679	0.04273	0.28596	0.06272	0.02482	0.20647	0.09160	0.06379	0.00721	0.00204	0.00414	0.05475	0.00489	0.05658
7	0.00818	0.00554	0.00701	0.00684	0.00734	0.00538	0.03011	0.00869	0.00884	0.03770	0.02050	0.15587	0.05298	0.57059	0.02071	0.00419	0.00480	0.03720	0.00370	0.00382
8	0.12700	0.04741	0.01667	0.22116	0.02173	0.16179	0.10337	0.10382	0.04588	0.01792	0.00975	0.01211	0.00757	0.00549	0.00553	0.00162	0.04811	0.00432	0.00308	0.03564
9	0.07944	0.07452	0.29786	0.14867	0.07877	0.04333	0.04829	0.03779	0.05951	0.03606	0.03986	0.01332	0.00935	0.00542	0.00496	0.00164	0.00666	0.00443	0.00293	0.00718
10	0.02624	0.00861	0.01022	0.00806	0.01166	0.00736	0.00636	0.03641	0.05410	0.12637	0.03840	0.08041	0.01325	0.00746	0.03721	0.00149	0.00427	0.00506	0.06642	0.45066
11	0.12446	0.00869	0.00960	0.03552	0.01130	0.02478	0.00673	0.12213	0.01378	0.11935	0.13790	0.02121	0.06484	0.00837	0.02803	0.00179	0.05605	0.00577	0.19346	0.00623
12	0.01009	0.00776	0.00886	0.00846	0.01026	0.00809	0.00643	0.11182	0.18078	0.01875	0.09714	0.22080	0.15441	0.02524	0.00719	0.04399	0.00380	0.06532	0.00498	0.00583
13	0.00743	0.00539	0.00717	0.00815	0.00892	0.00525	0.00615	0.00950	0.04048	0.01528	0.10068	0.47748	0.03430	0.01505	0.00681	0.00217	0.00360	0.23650	0.00500	0.00469
14	0.00730	0.00556	0.00704	0.00689	0.00803	0.00535	0.00514	0.00923	0.01298	0.01774	0.44313	0.12930	0.18909	0.03533	0.04650	0.00222	0.03485	0.02438	0.00516	0.00477
15	0.01018	0.00952	0.01561	0.75186	0.03499	0.01183	0.01429	0.01442	0.05835	0.01405	0.01016	0.01445	0.00762	0.00540	0.00529	0.00176	0.00687	0.00478	0.00254	0.00603
16	0.03701	0.03773	0.12384	0.08805	0.33562	0.04924	0.12005	0.08012	0.03148	0.01816	0.01022	0.01275	0.00803	0.00499	0.00521	0.00160	0.00686	0.00466	0.00287	0.02150
17	0.01260	0.01545	0.22948	0.01088	0.01606	0.05827	0.03651	0.03832	0.01230	0.08557	0.04201	0.01397	0.03141	0.00519	0.00468	0.00127	0.00555	0.00420	0.00336	0.37293
18	0.01761	0.01082	0.01247	0.01044	0.01392	0.01148	0.00839	0.12394	0.38477	0.28985	0.02032	0.01945	0.01458	0.00708	0.00541	0.00173	0.00453	0.02890	0.00576	0.00856
19	0.00796	0.00560	0.00702	0.02905	0.00896	0.00527	0.00533	0.00997	0.04171	0.05541	0.18608	0.36208	0.18729	0.03753	0.00699	0.00202	0.00320	0.02856	0.00507	0.00490
20	0.01197	0.13904	0.42633	0.01591	0.09799	0.03648	0.07836	0.03784	0.03318	0.01660	0.01139	0.01375	0.02931	0.00545	0.00501	0.00161	0.00711	0.02255	0.00264	0.00750
21	0.00761	0.00521	0.00650	0.00700	0.00805	0.00473	0.00507	0.00902	0.01159	0.05334	0.12414	0.42037	0.21658	0.01420	0.00646	0.00197	0.00309	0.06462	0.02574	0.00471
22	0.07616	0.00802	0.00839	0.00801	0.01003	0.05611	0.00624	0.01393	0.08468	0.11146	0.09491	0.11819	0.22177	0.02834	0.03729	0.00217	0.00438	0.09941	0.00485	0.00566
23	0.04079	0.12868	0.13386	0.09534	0.17114	0.06832	0.02635	0.15321	0.04431	0.04211	0.01044	0.01217	0.00808	0.00547	0.00537	0.00158	0.03772	0.00428	0.00322	0.00758
24	0.01022	0.04952	0.06065	0.10717	0.13270	0.04117	0.00950	0.01270	0.01090	0.03213	0.03308	0.11617	0.04483	0.01453	0.16961	0.00308	0.00702	0.02656	0.11261	0.00585
25	0.00686	0.00497	0.00636	0.00721	0.00783	0.00466	0.00508	0.00802	0.01065	0.01403	0.07811	0.50612	0.11841	0.09598	0.00876	0.00241	0.00341	0.10204	0.00479	0.00432
26	0.01280	0.09208	0.10770	0.09693	0.22679	0.08606	0.06926	0.03102	0.02500	0.04590	0.08144	0.03841	0.03526	0.00621	0.00548	0.00161	0.02244	0.00539	0.00319	0.00704
27	0.02756	0.05145	0.11689	0.12279	0.11012	0.10772	0.09239	0.05956	0.01281	0.09396	0.03663	0.08499	0.01181	0.00679	0.00590	0.01871	0.02401	0.00563	0.00339	0.00688
28	0.03192	0.01002	0.01232	0.01098	0.06105	0.04154	0.02932	0.09584	0.09456	0.32657	0.13427	0.02300	0.08978	0.00762	0.00551	0.00165	0.00457	0.00638	0.00546	0.00764
29	0.09259	0.19531	0.05152	0.03715	0.13228	0.08654	0.03104	0.11316	0.01346	0.07594	0.02557	0.07949	0.01146	0.00649	0.00482	0.00155	0.00584	0.02518	0.00353	0.00706

[dist]
# distance from previous block
# <min> <max>
1	22

[block]
# block no. 3 follows, 46 sequences, length 27
# corresponding to MSA columns:
# 570-596
name=unknown_D
#
# <colnr> <probs for GDERKNQSTAVLIFYWHMCP>
#	G	D	E	R	K	N	Q	S	T	A	V	L	I	F	Y	W	H	M	C	P
0	0.01321	0.04029	0.03186	0.05087	0.22321	0.01019	0.03759	0.05503	0.03101	0.08269	0.01134	0.01304	0.00888	0.00480	0.00464	0.00127	0.00511	0.00418	0.04503	0.32577
1	0.03558	0.03528	0.01155	0.00939	0.01238	0.10353	0.00740	0.08714	0.14601	0.14925	0.17561	0.05772	0.03721	0.00761	0.00527	0.00155	0.00460	0.00623	0.00491	0.10178
2	0.05865	0.01071	0.07241	0.00957	0.03902	0.10943	0.00749	0.01312	0.05074	0.03731	0.18121	0.21721	0.11080	0.01013	0.00568	0.00171	0.00445	0.00864	0.00440	0.04732
3	0.01122	0.01036	0.01702	0.52680	0.23298	0.01194	0.01450	0.05181	0.01185	0.01580	0.03865	0.01471	0.00911	0.00539	0.00531	0.00170	0.00661	0.00489	0.00270	0.00666
4	0.00872	0.00623	0.00880	0.04449	0.06311	0.00647	0.00672	0.01046	0.01025	0.05252	0.07202	0.12681	0.08568	0.11798	0.29422	0.00465	0.00780	0.03888	0.02917	0.00501
5	0.00730	0.00552	0.00682	0.00669	0.00798	0.00515	0.00496	0.00980	0.04197	0.01846	0.47257	0.14005	0.19906	0.01301	0.03493	0.00200	0.00310	0.01033	0.00538	0.00491
6	0.00654	0.00484	0.00608	0.00696	0.00762	0.00443	0.00479	0.00764	0.01074	0.01402	0.06993	0.58459	0.18403	0.03276	0.00707	0.00212	0.00305	0.03353	0.00491	0.00435
7	0.01146	0.13765	0.03002	0.01002	0.01208	0.04133	0.00835	0.06635	0.12054	0.01517	0.01348	0.01671	0.03388	0.01821	0.25579	0.07443	0.12039	0.00501	0.00321	0.00593
8	0.85155	0.01022	0.00777	0.00695	0.01022	0.01186	0.00573	0.01554	0.00900	0.02372	0.00736	0.00859	0.00573	0.00491	0.00327	0.00164	0.00409	0.00286	0.00327	0.00573
9	0.03400	0.07645	0.16499	0.12426	0.05615	0.02845	0.12340	0.06303	0.02226	0.10142	0.03174	0.03301	0.04969	0.00726	0.03049	0.00189	0.03573	0.00534	0.00338	0.00702
10	0.03383	0.05556	0.03297	0.18668	0.20544	0.04791	0.03142	0.01558	0.03369	0.08480	0.01167	0.01566	0.00960	0.02079	0.04323	0.05912	0.00639	0.02892	0.00310	0.07362
11	0.68005	0.00964	0.00825	0.00777	0.02903	0.01089	0.00608	0.02623	0.01008	0.04213	0.07521	0.03709	0.01128	0.00605	0.00385	0.00167	0.00403	0.02121	0.00367	0.00579
12	0.01530	0.01233	0.01248	0.01055	0.01367	0.05818	0.00837	0.29017	0.32753	0.02531	0.07030	0.01798	0.01512	0.00693	0.00520	0.00163	0.00479	0.00553	0.09075	0.00787
13	0.85155	0.01022	0.00777	0.00695	0.01022	0.01186	0.00573	0.01554	0.00900	0.02372	0.00736	0.00859	0.00573	0.00491	0.00327	0.00164	0.00409	0.00286	0.00327	0.00573
14	0.01261	0.01200	0.02039	0.08031	0.69529	0.01213	0.01557	0.01574	0.01209	0.01723	0.04802	0.01446	0.01035	0.00505	0.00529	0.00159	0.00614	0.00495	0.00276	0.00805
15	0.01852	0.01375	0.01478	0.01172	0.01564	0.01528	0.00955	0.55638	0.20765	0.05791	0.01515	0.01461	0.01089	0.00656	0.00531	0.00164	0.00537	0.00508	0.00536	0.00884
16	0.00826	0.00628	0.00778	0.00813	0.00942	0.00630	0.00629	0.01206	0.12609	0.01709	0.19445	0.22244	0.10380	0.03708	0.00714	0.00212	0.00363	0.21131	0.00512	0.00520
17	0.01198	0.00920	0.01054	0.00965	0.01171	0.01017	0.00745	0.15365	0.24045	0.04339	0.03716	0.25650	0.05848	0.01048	0.00666	0.00189	0.05926	0.02710	0.02761	0.00667
18	0.00728	0.00509	0.00701	0.00778	0.00846	0.00473	0.02121	0.00847	0.01069	0.03928	0.05547	0.66998	0.06104	0.01555	0.00669	0.00211	0.00331	0.05633	0.00494	0.00457
19	0.05321	0.00784	0.00827	0.00804	0.00965	0.06858	0.00595	0.03986	0.02803	0.13124	0.04235	0.34061	0.03621	0.04007	0.03219	0.00214	0.00434	0.02312	0.11275	0.00556
20	0.01206	0.01303	0.02437	0.01846	0.02138	0.01465	0.42070	0.01502	0.01048	0.01502	0.00899	0.01303	0.00753	0.00664	0.01129	0.00202	0.37079	0.00551	0.00251	0.00652
21	0.06629	0.00794	0.00953	0.00804	0.01093	0.00741	0.00639	0.05619	0.05204	0.34194	0.11503	0.06913	0.20868	0.00918	0.00561	0.00171	0.00377	0.00762	0.00565	0.00693
22	0.00746	0.00637	0.03218	0.00753	0.00904	0.00555	0.00606	0.00997	0.04977	0.01603	0.15674	0.21395	0.27386	0.01335	0.00650	0.00198	0.00345	0.17033	0.00498	0.00490
23	0.01478	0.01065	0.01400	0.01164	0.01366	0.01262	0.03195	0.12217	0.08462	0.16695	0.01446	0.01613	0.03514	0.01001	0.06333	0.00236	0.31758	0.00525	0.04570	0.00699
24	0.00920	0.00708	0.00939	0.00902	0.00997	0.00822	0.00696	0.04995	0.05849	0.01422	0.01608	0.07009	0.01601	0.14104	0.33414	0.03170	0.10724	0.07458	0.02162	0.00500
25	0.14220	0.00834	0.00979	0.00807	0.01119	0.00805	0.00658	0.06174	0.01372	0.39892	0.04262	0.01886	0.01368	0.00662	0.00473	0.00157	0.00398	0.03083	0.20123	0.00729
26	0.06925	0.00714	0.00931	0.00851	0.00990	0.00746	0.03339	0.03861	0.02610	0.11199	0.04746	0.20787	0.03976	0.17158	0.07022	0.06019	0.06381	0.00816	0.00412	0.00516

[dist]
# distance from previous block
# <min> <max>
1	4

[block]
# block no. 4 follows, 46 sequences, length 18
# corresponding to MSA columns:
# 602-619
name=unknown_E
#
# <colnr> <probs for GDERKNQSTAVLIFYWHMCP>
#	G	D	E	R	K	N	Q	S	T	A	V	L	I	F	Y	W	H	M	C	P
0	0.01507	0.03527	0.08068	0.04950	0.16911	0.20352	0.18302	0.05882	0.01349	0.06077	0.01070	0.01350	0.00847	0.00533	0.00546	0.00157	0.01842	0.02183	0.00305	0.04243
1	0.34196	0.13905	0.09668	0.03528	0.08954	0.13125	0.04381	0.01654	0.01087	0.01809	0.00815	0.00992	0.00659	0.00503	0.00448	0.00154	0.02847	0.00348	0.00278	0.00650
2	0.00955	0.00497	0.00713	0.00700	0.00732	0.00502	0.00478	0.00828	0.00765	0.04597	0.01127	0.01869	0.01097	0.10268	0.10156	0.60575	0.00559	0.00507	0.02771	0.00304
3	0.00749	0.00533	0.00644	0.00657	0.00778	0.00480	0.00478	0.00903	0.01223	0.04517	0.24763	0.23604	0.28033	0.06467	0.00770	0.00207	0.00303	0.03911	0.00512	0.00468
4	0.00685	0.00525	0.00628	0.00629	0.00758	0.00468	0.00461	0.00865	0.01308	0.01735	0.38471	0.17179	0.31832	0.01272	0.00633	0.00179	0.00266	0.01106	0.00533	0.00468
5	0.00690	0.00509	0.00619	0.00646	0.00735	0.00467	0.00448	0.00827	0.01170	0.01558	0.26371	0.28924	0.20577	0.12903	0.00938	0.00235	0.00310	0.01141	0.00494	0.00439
6	0.04724	0.01115	0.01372	0.01186	0.01324	0.05746	0.02217	0.04687	0.08464	0.03325	0.01103	0.03921	0.00992	0.01287	0.12938	0.00296	0.38910	0.00506	0.00312	0.05576
7	0.00725	0.00549	0.00646	0.00641	0.00767	0.00502	0.00464	0.02992	0.01283	0.01696	0.31574	0.17728	0.29642	0.07443	0.00789	0.00205	0.00295	0.01079	0.00513	0.00466
8	0.01182	0.01033	0.01165	0.03878	0.01377	0.04450	0.00715	0.01485	0.05607	0.03684	0.01025	0.01174	0.00834	0.00452	0.00469	0.00099	0.03787	0.00349	0.00327	0.66907
9	0.01370	0.15276	0.13792	0.06610	0.01556	0.11764	0.01011	0.14550	0.01297	0.01658	0.00986	0.01257	0.00811	0.00841	0.00833	0.19769	0.00622	0.00407	0.04986	0.00604
10	0.10624	0.00798	0.00984	0.00813	0.01117	0.00741	0.00651	0.01954	0.03327	0.42240	0.14730	0.05760	0.01954	0.00747	0.00512	0.00161	0.00382	0.00615	0.09041	0.02851
11	0.02891	0.01369	0.12965	0.04774	0.06298	0.05457	0.13042	0.05070	0.01195	0.04563	0.02837	0.01851	0.06194	0.05303	0.00801	0.00186	0.10248	0.03344	0.00322	0.11288
12	0.01355	0.12441	0.13193	0.06565	0.05753	0.17402	0.01080	0.09559	0.04696	0.01696	0.06083	0.06941	0.02212	0.03738	0.00612	0.00170	0.02564	0.00533	0.02744	0.00661
13	0.00780	0.00480	0.00648	0.00681	0.00719	0.00463	0.00460	0.00741	0.00890	0.01176	0.05702	0.25006	0.10514	0.08517	0.04425	0.36788	0.00425	0.00884	0.00360	0.00340
14	0.04896	0.00838	0.00856	0.00829	0.00992	0.08048	0.00634	0.01371	0.11664	0.03334	0.29233	0.09591	0.06765	0.07305	0.00762	0.00207	0.00409	0.11230	0.00491	0.00544
15	0.01306	0.09204	0.06237	0.18471	0.15111	0.18341	0.03117	0.01654	0.06075	0.01537	0.07231	0.01593	0.04126	0.00611	0.00549	0.00159	0.03215	0.00495	0.00304	0.00662
16	0.15657	0.06730	0.01381	0.11192	0.03625	0.11109	0.00916	0.12465	0.01348	0.14238	0.01146	0.01296	0.00867	0.00870	0.07715	0.00217	0.02779	0.00420	0.00374	0.05653
17	0.03497	0.01030	0.01231	0.01084	0.03705	0.04593	0.04873	0.13707	0.11119	0.05696	0.10103	0.01976	0.01594	0.03004	0.04181	0.00204	0.08877	0.02343	0.13951	0.03231

[dist]
# distance from previous block
# <min> <max>
8	19

[block]
# block no. 5 follows, 46 sequences, length 28
# corresponding to MSA columns:
# 646-668,670-674
name=unknown_F
#
# <colnr> <probs for GDERKNQSTAVLIFYWHMCP>
#	G	D	E	R	K	N	Q	S	T	A	V	L	I	F	Y	W	H	M	C	P
0	0.05145	0.01395	0.14233	0.01236	0.06696	0.04180	0.03676	0.09606	0.10116	0.03157	0.01266	0.07039	0.01067	0.00602	0.00518	0.00144	0.02689	0.00492	0.00357	0.26384
1	0.26327	0.09456	0.06884	0.01217	0.04403	0.06434	0.12640	0.01636	0.05944	0.03017	0.03587	0.04227	0.01084	0.00608	0.00503	0.00163	0.02850	0.03562	0.00330	0.05127
2	0.01165	0.01003	0.03960	0.20060	0.07881	0.01012	0.10157	0.05916	0.09002	0.06913	0.06092	0.10964	0.01665	0.03712	0.00652	0.00193	0.00565	0.06085	0.02354	0.00651
3	0.00756	0.00531	0.00710	0.00718	0.00789	0.00553	0.00516	0.00849	0.00920	0.01252	0.07498	0.08347	0.10513	0.19837	0.32087	0.10085	0.00799	0.02483	0.00349	0.00408
4	0.01301	0.34997	0.01833	0.00965	0.01282	0.04189	0.03378	0.06868	0.07270	0.04547	0.10006	0.07982	0.03503	0.00745	0.00529	0.00152	0.03832	0.03319	0.02650	0.00652
5	0.01139	0.04074	0.02569	0.01853	0.02271	0.01193	0.56719	0.01490	0.01169	0.01578	0.01338	0.12326	0.01234	0.05905	0.00779	0.00204	0.02478	0.00737	0.00299	0.00645
6	0.01261	0.03441	0.01292	0.01004	0.03544	0.13850	0.03192	0.01500	0.03021	0.01619	0.00948	0.01123	0.00791	0.00485	0.00482	0.03288	0.00516	0.00344	0.00303	0.57995
7	0.01127	0.03715	0.11954	0.00965	0.01253	0.02977	0.02971	0.08963	0.04911	0.08462	0.15293	0.19005	0.09480	0.03192	0.00642	0.00187	0.00460	0.03361	0.00463	0.00620
8	0.01129	0.11390	0.09441	0.02724	0.01332	0.03727	0.04992	0.04154	0.01141	0.08896	0.05210	0.17324	0.01711	0.04490	0.19573	0.00345	0.00749	0.00707	0.00369	0.00597
9	0.07091	0.00973	0.01124	0.00926	0.01262	0.00989	0.00746	0.11415	0.19667	0.33482	0.04576	0.02012	0.06424	0.00713	0.00518	0.00165	0.00424	0.00574	0.06126	0.00794
10	0.03667	0.00993	0.01320	0.01181	0.06898	0.01006	0.03685	0.13240	0.07798	0.31974	0.05657	0.06043	0.01502	0.03521	0.05388	0.00222	0.04022	0.00602	0.00511	0.00771
11	0.01425	0.05141	0.16166	0.04294	0.12441	0.11848	0.10232	0.05567	0.06952	0.09340	0.01308	0.04983	0.01848	0.02811	0.00625	0.00175	0.03248	0.00525	0.00341	0.00730
12	0.00788	0.00496	0.00656	0.00692	0.00744	0.00476	0.00477	0.00788	0.02643	0.01218	0.04814	0.25645	0.13787	0.04698	0.01335	0.36208	0.00380	0.03420	0.00377	0.00356
13	0.00642	0.00468	0.00605	0.00714	0.00761	0.00431	0.00481	0.00739	0.01033	0.01358	0.03182	0.72728	0.11671	0.01621	0.00669	0.00211	0.00302	0.01460	0.00491	0.00431
14	0.01323	0.01407	0.09253	0.11866	0.14615	0.05379	0.20942	0.09590	0.04260	0.04652	0.04810	0.04369	0.01129	0.00600	0.00599	0.00171	0.03412	0.00564	0.00333	0.00725
15	0.01386	0.03503	0.01700	0.15972	0.09835	0.13151	0.07698	0.10306	0.04910	0.03786	0.05604	0.01464	0.01075	0.00738	0.02974	0.00192	0.14203	0.00498	0.00327	0.00677
16	0.00748	0.00548	0.00628	0.00640	0.00718	0.00527	0.00432	0.00892	0.04164	0.01345	0.09936	0.11789	0.20610	0.37780	0.01574	0.00338	0.00403	0.06095	0.00423	0.00411
17	0.04379	0.00912	0.01392	0.11588	0.26427	0.00932	0.03117	0.04364	0.01210	0.05479	0.05108	0.15744	0.09776	0.00972	0.03252	0.00200	0.00538	0.03584	0.00378	0.00646
18	0.01374	0.01183	0.04459	0.05808	0.17784	0.04111	0.07386	0.08363	0.16831	0.10433	0.03436	0.08522	0.04138	0.00806	0.02793	0.00190	0.00579	0.00634	0.00419	0.00748
19	0.01542	0.00946	0.01456	0.03095	0.01547	0.00901	0.15400	0.03081	0.11009	0.30636	0.08859	0.06345	0.07962	0.00797	0.00582	0.00176	0.00502	0.03913	0.00517	0.00734
20	0.01976	0.02481	0.01501	0.01357	0.01635	0.76402	0.01021	0.04880	0.01535	0.01370	0.00834	0.00965	0.00689	0.00548	0.00479	0.00137	0.00939	0.00346	0.00282	0.00624
21	0.14543	0.06725	0.21100	0.08637	0.01923	0.01305	0.08722	0.11660	0.06032	0.08113	0.01125	0.01270	0.00829	0.00636	0.02461	0.00183	0.03221	0.00440	0.00342	0.00731
22	0.01375	0.06728	0.01536	0.07455	0.12090	0.04989	0.02683	0.05297	0.01243	0.12640	0.08043	0.04842	0.01329	0.00679	0.00709	0.00159	0.13798	0.00525	0.00368	0.13511
23	0.01019	0.00816	0.04092	0.00915	0.05593	0.04066	0.00646	0.04863	0.01199	0.08739	0.09067	0.21955	0.16542	0.16883	0.01011	0.00246	0.00429	0.00938	0.00448	0.00532
24	0.04249	0.00503	0.00637	0.00714	0.00765	0.00482	0.00479	0.00820	0.00972	0.03402	0.02554	0.59206	0.04440	0.10406	0.00988	0.06908	0.00349	0.01255	0.00449	0.00421
25	0.04760	0.06062	0.09519	0.01820	0.22330	0.02244	0.09365	0.19692	0.01508	0.10317	0.01227	0.04619	0.00969	0.00592	0.00552	0.00163	0.02579	0.00511	0.00374	0.00794
26	0.01460	0.03345	0.05746	0.04539	0.23424	0.06367	0.15691	0.07126	0.11969	0.10031	0.01439	0.01567	0.03696	0.00570	0.00541	0.00165	0.00644	0.00531	0.00367	0.00781
27	0.00718	0.00545	0.00688	0.00753	0.00846	0.00527	0.00554	0.00888	0.03165	0.01427	0.03173	0.44473	0.18165	0.01623	0.05453	0.00245	0.02200	0.10577	0.01930	0.02048

[dist]
# distance from previous block
# <min> <max>
15	24

[block]
# block no. 6 follows, 46 sequences, length 7
# corresponding to MSA columns:
# 749-755
name=unknown_G
#
# <colnr> <probs for GDERKNQSTAVLIFYWHMCP>
#	G	D	E	R	K	N	Q	S	T	A	V	L	I	F	Y	W	H	M	C	P
0	0.01420	0.06675	0.12466	0.04709	0.04933	0.01234	0.03245	0.16895	0.17861	0.09209	0.04928	0.01976	0.04973	0.00697	0.00534	0.00167	0.00540	0.04510	0.00440	0.02587
1	0.04675	0.05336	0.01294	0.00949	0.01357	0.01124	0.00771	0.15422	0.20507	0.07228	0.01362	0.01372	0.01034	0.00542	0.00457	0.00129	0.00446	0.00426	0.00427	0.35141
2	0.00683	0.00491	0.00638	0.00731	0.00795	0.00457	0.00519	0.00790	0.01068	0.01401	0.06504	0.54769	0.13507	0.01573	0.00739	0.04268	0.00327	0.09825	0.00482	0.00432
3	0.08077	0.04415	0.07070	0.02559	0.10319	0.00981	0.00909	0.04113	0.07614	0.10139	0.05482	0.15314	0.05534	0.01174	0.08182	0.00243	0.04760	0.02058	0.00408	0.00649
4	0.01398	0.18240	0.21847	0.13336	0.02041	0.09197	0.04104	0.04520	0.06900	0.08533	0.01088	0.01234	0.00821	0.00551	0.00533	0.00158	0.04050	0.00419	0.00306	0.00722
5	0.00678	0.00493	0.00634	0.00707	0.00773	0.00457	0.00493	0.00808	0.01123	0.01502	0.17509	0.51351	0.11092	0.05224	0.00757	0.00217	0.00310	0.04929	0.00500	0.00442
6	0.00981	0.00581	0.00718	0.00680	0.00848	0.00518	0.00510	0.01162	0.01308	0.14491	0.27425	0.18251	0.23152	0.01158	0.00603	0.00176	0.00298	0.01002	0.05600	0.00538

[dist]
# distance from previous block
# <min> <max>
0	1

[block]
# block no. 7 follows, 46 sequences, length 6
# corresponding to MSA columns:
# 760-765
name=unknown_H
#
# <colnr> <probs for GDERKNQSTAVLIFYWHMCP>
#	G	D	E	R	K	N	Q	S	T	A	V	L	I	F	Y	W	H	M	C	P
0	0.01048	0.05152	0.01647	0.05159	0.09138	0.03840	0.18776	0.01368	0.06388	0.01531	0.04198	0.19046	0.06827	0.06117	0.00792	0.00205	0.04909	0.02897	0.00362	0.00598
1	0.51625	0.01137	0.00952	0.00820	0.01147	0.07650	0.00663	0.09952	0.01223	0.10565	0.01404	0.01432	0.08324	0.00613	0.00414	0.00162	0.00464	0.00420	0.00397	0.00635
2	0.01167	0.00756	0.01009	0.07480	0.01293	0.00743	0.04163	0.03580	0.08774	0.16283	0.09977	0.14570	0.18250	0.01010	0.00587	0.00179	0.00405	0.04336	0.04824	0.00614
3	0.04877	0.13045	0.01823	0.07106	0.18232	0.07310	0.05305	0.15266	0.05872	0.10785	0.01257	0.04638	0.01003	0.00592	0.00500	0.00157	0.00601	0.00493	0.00378	0.00763
4	0.01256	0.19957	0.14575	0.23745	0.09713	0.04922	0.01300	0.01574	0.01153	0.06605	0.01171	0.01719	0.00998	0.00611	0.00500	0.00163	0.00649	0.08422	0.00291	0.00676
5	0.08405	0.03038	0.01260	0.00975	0.01341	0.05295	0.04474	0.12568	0.09411	0.09274	0.08053	0.01841	0.04883	0.00643	0.00491	0.00142	0.00474	0.02798	0.00432	0.24204

[dist]
# distance from previous block
# <min> <max>
3	6

[block]
# block no. 8 follows, 46 sequences, length 13
# corresponding to MSA columns:
# 787-792,797-803
name=unknown_I
#
# <colnr> <probs for GDERKNQSTAVLIFYWHMCP>
#	G	D	E	R	K	N	Q	S	T	A	V	L	I	F	Y	W	H	M	C	P
0	0.01247	0.00922	0.01144	0.00959	0.01206	0.00966	0.05468	0.16647	0.17861	0.02053	0.10307	0.01882	0.01570	0.00932	0.00852	0.18383	0.00449	0.00554	0.09834	0.06763
1	0.05389	0.29574	0.03837	0.05862	0.05833	0.03814	0.03414	0.01699	0.12910	0.01593	0.01080	0.01233	0.00892	0.00715	0.05376	0.00177	0.00598	0.00393	0.00304	0.15309
2	0.01243	0.00664	0.00816	0.00729	0.00926	0.00629	0.00554	0.01544	0.07429	0.21518	0.24005	0.07791	0.06179	0.07637	0.00724	0.00191	0.00340	0.00761	0.15714	0.00606
3	0.00815	0.00552	0.00663	0.00668	0.00769	0.00525	0.00469	0.01003	0.04544	0.04407	0.20235	0.21532	0.14411	0.17557	0.01069	0.02229	0.00343	0.02231	0.05518	0.00462
4	0.24090	0.04794	0.10938	0.01354	0.04053	0.03687	0.21079	0.04132	0.03394	0.06644	0.06683	0.04556	0.01184	0.00590	0.00499	0.00167	0.00606	0.00523	0.00348	0.00677
5	0.04648	0.00815	0.01027	0.00833	0.01143	0.00743	0.00666	0.06395	0.01462	0.45365	0.13582	0.02576	0.11608	0.05867	0.00685	0.00187	0.00407	0.00672	0.00583	0.00735
6	0.00691	0.00493	0.00628	0.00683	0.00739	0.00462	0.00461	0.00811	0.01106	0.01499	0.22301	0.44949	0.06723	0.14746	0.00994	0.00250	0.00324	0.01223	0.00486	0.00430
7	0.00741	0.00489	0.00627	0.00679	0.00733	0.00462	0.00465	0.00787	0.00992	0.01327	0.08331	0.34679	0.12059	0.10860	0.01169	0.17124	0.00357	0.04193	0.03538	0.00389
8	0.10178	0.06977	0.10464	0.12378	0.20675	0.04731	0.05748	0.05889	0.05295	0.07369	0.01148	0.03381	0.00910	0.00614	0.01905	0.00174	0.00638	0.00473	0.00324	0.00732
9	0.01162	0.02448	0.64662	0.01493	0.02207	0.01215	0.06477	0.01798	0.05976	0.06030	0.01097	0.01228	0.00774	0.00521	0.00514	0.00169	0.00747	0.00426	0.00270	0.00787
10	0.00649	0.00479	0.00609	0.00710	0.00770	0.00439	0.00489	0.00753	0.01053	0.01372	0.03333	0.65092	0.16386	0.01594	0.00668	0.00209	0.00307	0.04163	0.00491	0.00434
11	0.05047	0.06060	0.06008	0.09497	0.23051	0.02425	0.05291	0.07671	0.13609	0.04263	0.06097	0.03438	0.01274	0.00607	0.00515	0.00163	0.00563	0.00531	0.03148	0.00742
12	0.01453	0.02487	0.09014	0.05752	0.10115	0.02422	0.12570	0.06460	0.02683	0.20896	0.01715	0.14347	0.03377	0.00764	0.00605	0.00176	0.03338	0.00682	0.00419	0.00728

[dist]
# distance from previous block
# <min> <max>
1	14

[block]
# block no. 9 follows, 46 sequences, length 18
# corresponding to MSA columns:
# 835-852
name=unknown_J
#
# <colnr> <probs for GDERKNQSTAVLIFYWHMCP>
#	G	D	E	R	K	N	Q	S	T	A	V	L	I	F	Y	W	H	M	C	P
0	0.48402	0.04122	0.02704	0.01055	0.06276	0.04193	0.03631	0.09596	0.06412	0.02256	0.00941	0.01054	0.00729	0.00513	0.00401	0.00156	0.00493	0.00358	0.00348	0.06359
1	0.05624	0.01158	0.03170	0.23793	0.12962	0.05351	0.10074	0.08011	0.04160	0.05325	0.06199	0.02797	0.02213	0.00735	0.02964	0.00192	0.00655	0.03596	0.00346	0.00676
2	0.00960	0.00713	0.00888	0.03936	0.03258	0.00652	0.00586	0.01140	0.01066	0.03583	0.10395	0.05968	0.03453	0.18064	0.05195	0.00248	0.02265	0.00613	0.09942	0.27073
3	0.01176	0.01110	0.01517	0.10628	0.17465	0.04213	0.04089	0.01435	0.01110	0.01620	0.00929	0.01189	0.00774	0.00481	0.00571	0.00126	0.07884	0.00391	0.00282	0.43008
4	0.00806	0.00592	0.00713	0.00710	0.00853	0.00564	0.00533	0.01114	0.08391	0.03780	0.30993	0.18778	0.21276	0.01220	0.00625	0.00184	0.00301	0.05725	0.02330	0.00514
5	0.00732	0.00499	0.00652	0.00740	0.00804	0.00465	0.00518	0.00844	0.01065	0.04123	0.05239	0.59968	0.08751	0.05465	0.00768	0.00226	0.00333	0.07867	0.00491	0.00449
6	0.00745	0.00526	0.00691	0.00698	0.00780	0.00510	0.00503	0.00907	0.01193	0.01659	0.38877	0.16821	0.03650	0.14524	0.08784	0.02800	0.00436	0.04968	0.00479	0.00447
7	0.04409	0.00947	0.01155	0.00933	0.01273	0.00928	0.00752	0.11668	0.12459	0.42437	0.11047	0.02029	0.01736	0.02509	0.00580	0.00172	0.00432	0.00582	0.03145	0.00807
8	0.00786	0.00545	0.00663	0.00653	0.00794	0.00484	0.00482	0.00962	0.01303	0.06414	0.33938	0.19599	0.28913	0.01256	0.00629	0.00180	0.00279	0.01093	0.00538	0.00492
9	0.01428	0.73761	0.02684	0.01067	0.06134	0.04945	0.00954	0.01605	0.01098	0.01276	0.00754	0.00881	0.00688	0.00457	0.00356	0.00117	0.00584	0.00297	0.00230	0.00686
10	0.56045	0.09056	0.05782	0.00861	0.01223	0.06538	0.00761	0.03905	0.01055	0.07111	0.00857	0.00962	0.00657	0.00519	0.00409	0.00159	0.02816	0.00323	0.00332	0.00629
11	0.00949	0.00561	0.00737	0.00730	0.00841	0.00529	0.00520	0.01088	0.01147	0.12730	0.19582	0.31392	0.04511	0.14338	0.07586	0.00297	0.00440	0.01033	0.00491	0.00500
12	0.01897	0.06088	0.01752	0.01389	0.01736	0.48164	0.10391	0.11866	0.01577	0.08744	0.01021	0.01127	0.00783	0.00550	0.00500	0.00146	0.00831	0.00409	0.00339	0.00693
13	0.09526	0.01099	0.01365	0.01105	0.01378	0.03434	0.02861	0.12772	0.01385	0.30800	0.04496	0.01514	0.01129	0.00745	0.00872	0.02201	0.21627	0.00495	0.00460	0.00739
14	0.00696	0.00495	0.00603	0.00659	0.00716	0.00463	0.00440	0.00765	0.00994	0.01292	0.05249	0.37677	0.17833	0.21421	0.01242	0.04845	0.00362	0.03414	0.00437	0.00399
15	0.01002	0.00678	0.00816	0.00805	0.00902	0.02435	0.00595	0.06113	0.04036	0.04305	0.01816	0.05684	0.01892	0.28292	0.06450	0.14767	0.00556	0.18029	0.00381	0.00445
16	0.23071	0.04129	0.01436	0.09209	0.10391	0.03457	0.08450	0.05629	0.04803	0.06682	0.04461	0.01589	0.04745	0.00718	0.03222	0.00188	0.02614	0.00492	0.04057	0.00658
17	0.01233	0.04164	0.06225	0.11983	0.12144	0.14700	0.02176	0.01610	0.08176	0.01616	0.07108	0.04008	0.03001	0.00736	0.03489	0.00172	0.00627	0.00508	0.00329	0.15995

[dist]
# distance from previous block
# <min> <max>
7	10

[block]
# block no. 10 follows, 46 sequences, length 17
# corresponding to MSA columns:
# 875-891
name=unknown_K
#
# <colnr> <probs for GDERKNQSTAVLIFYWHMCP>
#	G	D	E	R	K	N	Q	S	T	A	V	L	I	F	Y	W	H	M	C	P
0	0.01358	0.01402	0.11833	0.06541	0.13985	0.04383	0.04047	0.16717	0.12582	0.03872	0.04087	0.01756	0.03358	0.00843	0.04941	0.00208	0.04204	0.02752	0.00383	0.00749
1	0.01068	0.00979	0.02280	0.07717	0.07845	0.09207	0.02272	0.01270	0.01126	0.03524	0.05695	0.14769	0.02703	0.03796	0.09777	0.02090	0.01910	0.06167	0.00357	0.15450
2	0.00765	0.00564	0.00662	0.00644	0.00797	0.00512	0.00489	0.00941	0.01285	0.04782	0.27865	0.10010	0.40066	0.01232	0.00651	0.00179	0.02305	0.03681	0.02084	0.00486
3	0.01187	0.07973	0.09624	0.01272	0.06810	0.01227	0.02663	0.03166	0.08446	0.04930	0.01408	0.09415	0.04136	0.00775	0.00845	0.00173	0.22600	0.00569	0.00335	0.12446
4	0.01412	0.00966	0.01144	0.00867	0.01272	0.00844	0.00697	0.12033	0.04052	0.15442	0.10585	0.01621	0.01432	0.00567	0.00469	0.00119	0.00412	0.00462	0.00443	0.45163
5	0.01260	0.09318	0.17600	0.01351	0.06141	0.06220	0.04007	0.09373	0.03331	0.01653	0.01051	0.01410	0.00900	0.06229	0.06124	0.00240	0.18633	0.00463	0.04031	0.00666
6	0.01252	0.25618	0.24036	0.07097	0.06553	0.04399	0.05349	0.01578	0.01106	0.04382	0.02196	0.01275	0.00857	0.03796	0.02979	0.00188	0.05971	0.00419	0.00260	0.00689
7	0.00690	0.00494	0.00625	0.00699	0.00751	0.00465	0.00477	0.00793	0.01042	0.01384	0.09993	0.47980	0.09255	0.16597	0.01050	0.00265	0.00349	0.06204	0.00467	0.00421
8	0.05280	0.01193	0.03988	0.03180	0.01446	0.04163	0.00879	0.16285	0.31591	0.13784	0.05433	0.03811	0.01491	0.00849	0.04039	0.00200	0.00528	0.00569	0.00504	0.00786
9	0.00701	0.00521	0.00647	0.00721	0.00796	0.00494	0.00507	0.00873	0.04271	0.01435	0.07369	0.49290	0.15250	0.07705	0.00819	0.00230	0.00332	0.07105	0.00484	0.00449
10	0.04044	0.00756	0.00873	0.00758	0.01011	0.00712	0.00588	0.01486	0.14267	0.09217	0.29349	0.03049	0.16619	0.00894	0.00553	0.00156	0.00329	0.00757	0.00512	0.14068
11	0.01222	0.03352	0.03661	0.24350	0.06342	0.12104	0.08853	0.04151	0.01165	0.01493	0.04126	0.01594	0.01027	0.00875	0.05880	0.00223	0.15300	0.03383	0.00281	0.00619
12	0.03442	0.01068	0.01190	0.01041	0.01205	0.09539	0.00817	0.03024	0.03108	0.11381	0.01570	0.13688	0.04750	0.05831	0.01080	0.01932	0.25967	0.00649	0.00371	0.08347
13	0.00797	0.00515	0.00626	0.00652	0.00683	0.00504	0.00406	0.00842	0.00878	0.04392	0.02057	0.27212	0.02356	0.50340	0.05090	0.00420	0.00483	0.00976	0.00385	0.00384
14	0.00873	0.00730	0.01070	0.15303	0.10268	0.00793	0.00859	0.01151	0.06112	0.01494	0.07986	0.31791	0.03762	0.03758	0.07050	0.00255	0.03649	0.02154	0.00397	0.00544
15	0.03026	0.20386	0.05573	0.07755	0.24185	0.10413	0.05929	0.11404	0.01364	0.03788	0.00972	0.01166	0.00778	0.00506	0.00478	0.00148	0.00665	0.00417	0.00298	0.00750
16	0.02584	0.00584	0.00744	0.00771	0.00884	0.00583	0.00588	0.01020	0.01072	0.06624	0.02776	0.24244	0.15052	0.08093	0.11000	0.00311	0.03053	0.14856	0.04679	0.00482

[dist]
# distance from previous block
# <min> <max>
2	7

[block]
# block no. 11 follows, 46 sequences, length 12
# corresponding to MSA columns:
# 900-911
name=unknown_L
#
# <colnr> <probs for GDERKNQSTAVLIFYWHMCP>
#	G	D	E	R	K	N	Q	S	T	A	V	L	I	F	Y	W	H	M	C	P
0	0.08638	0.08945	0.01485	0.10816	0.04813	0.21166	0.03846	0.06090	0.08252	0.01670	0.02723	0.04286	0.03705	0.01994	0.03799	0.00186	0.00668	0.00488	0.00332	0.06096
1	0.10902	0.24738	0.01825	0.01252	0.09654	0.07691	0.02609	0.14138	0.05620	0.10078	0.03863	0.01271	0.00999	0.00553	0.00449	0.00144	0.00559	0.00416	0.00374	0.02864
2	0.00794	0.00480	0.00642	0.00680	0.00700	0.00468	0.00448	0.00738	0.00836	0.01107	0.01888	0.24359	0.05014	0.20091	0.01719	0.35440	0.00423	0.03509	0.00343	0.00324
3	0.01469	0.01174	0.01400	0.08888	0.11358	0.06646	0.00978	0.11150	0.11765	0.11358	0.01379	0.01477	0.02463	0.00590	0.00568	0.00149	0.05431	0.00466	0.02793	0.18496
4	0.10995	0.01775	0.01488	0.12062	0.10091	0.37599	0.01083	0.07841	0.04761	0.04083	0.00976	0.01145	0.00768	0.00556	0.00512	0.00154	0.02730	0.00397	0.00315	0.00670
5	0.78552	0.01013	0.00813	0.00715	0.01048	0.01153	0.00589	0.01636	0.00949	0.08443	0.00844	0.00934	0.00631	0.00504	0.00343	0.00164	0.00412	0.00306	0.00353	0.00599
6	0.25872	0.00853	0.00940	0.00799	0.01100	0.00855	0.00640	0.01866	0.06610	0.30853	0.13515	0.05094	0.05169	0.00745	0.00492	0.00167	0.00386	0.00593	0.02763	0.00690
7	0.01101	0.00655	0.00801	0.00747	0.00934	0.00623	0.00577	0.01392	0.07575	0.16264	0.17710	0.07213	0.17813	0.07826	0.03498	0.00229	0.00393	0.08028	0.06050	0.00572
8	0.00710	0.00523	0.00651	0.00662	0.00766	0.00481	0.00480	0.00884	0.01267	0.01715	0.39162	0.20517	0.17492	0.08127	0.00816	0.00212	0.00298	0.04258	0.00520	0.00459
9	0.04679	0.00703	0.00826	0.00807	0.00972	0.00709	0.00598	0.03987	0.13474	0.10885	0.05478	0.32570	0.08202	0.07586	0.00768	0.00218	0.00375	0.04604	0.01984	0.00573
10	0.11061	0.01015	0.01174	0.00963	0.01303	0.01051	0.00779	0.15822	0.15424	0.31578	0.07308	0.01805	0.01478	0.00895	0.05743	0.00211	0.00513	0.00540	0.00544	0.00794
11	0.01328	0.00783	0.00990	0.00936	0.03757	0.00763	0.00690	0.08028	0.09364	0.21914	0.16250	0.23101	0.06307	0.01042	0.00595	0.00181	0.00382	0.02375	0.00550	0.00664

[dist]
# distance from previous block
# <min> <max>
15	39

[block]
# block no. 12 follows, 46 sequences, length 8
# corresponding to MSA columns:
# 985-992
name=unknown_M
#
# <colnr> <probs for GDERKNQSTAVLIFYWHMCP>
#	G	D	E	R	K	N	Q	S	T	A	V	L	I	F	Y	W	H	M	C	P
0	0.01268	0.15085	0.12179	0.03671	0.06475	0.03049	0.06812	0.05794	0.08393	0.03583	0.01109	0.01276	0.00884	0.00722	0.05700	0.00181	0.00633	0.00416	0.00316	0.22455
1	0.04039	0.02229	0.04078	0.01207	0.07201	0.02296	0.06722	0.01782	0.05914	0.22792	0.05131	0.01671	0.01245	0.04847	0.02789	0.01402	0.06461	0.00504	0.00414	0.17279
2	0.01037	0.00822	0.00922	0.05841	0.01181	0.05890	0.00667	0.04273	0.04966	0.05882	0.13233	0.19171	0.12431	0.01066	0.00648	0.04225	0.00414	0.04674	0.00449	0.12208
3	0.04846	0.32103	0.14993	0.04364	0.01800	0.06435	0.08857	0.14481	0.04301	0.01810	0.00964	0.01097	0.00761	0.00512	0.00451	0.00145	0.00655	0.00392	0.00301	0.00731
4	0.01230	0.05221	0.06447	0.00921	0.01408	0.00847	0.04385	0.01494	0.01140	0.08451	0.01037	0.01163	0.00817	0.00428	0.00420	0.00098	0.00456	0.00351	0.00331	0.63356
5	0.00772	0.00541	0.00749	0.00749	0.00806	0.00598	0.00536	0.00868	0.00812	0.01139	0.01460	0.02490	0.01486	0.28906	0.48774	0.06941	0.01052	0.00624	0.00291	0.00405
6	0.01091	0.01211	0.12243	0.06591	0.03597	0.06112	0.00917	0.08153	0.10781	0.01887	0.16971	0.05270	0.14882	0.00837	0.00551	0.00164	0.00479	0.00699	0.02592	0.04973
7	0.04096	0.01327	0.07223	0.09426	0.21892	0.08175	0.01132	0.05261	0.01245	0.06236	0.01020	0.01213	0.00801	0.00479	0.00469	0.00132	0.00578	0.00398	0.00312	0.28582

[dist]
# distance from previous block
# <min> <max>
0	24

[block]
# block no. 13 follows, 46 sequences, length 27
# corresponding to MSA columns:
# 1018-1044
name=unknown_N
#
# <colnr> <probs for GDERKNQSTAVLIFYWHMCP>
#	G	D	E	R	K	N	Q	S	T	A	V	L	I	F	Y	W	H	M	C	P
0	0.00879	0.04716	0.00983	0.00816	0.01010	0.03671	0.06973	0.01051	0.01215	0.04722	0.13892	0.15906	0.32652	0.05260	0.00718	0.00197	0.00395	0.03977	0.00461	0.00506
1	0.01101	0.04486	0.14004	0.08655	0.07526	0.01117	0.07127	0.05323	0.06218	0.01681	0.07415	0.09301	0.01453	0.02194	0.02380	0.02403	0.09674	0.00607	0.01660	0.05674
2	0.00899	0.00655	0.00809	0.00758	0.00929	0.00621	0.00576	0.04860	0.06149	0.03991	0.40482	0.17462	0.06967	0.01104	0.00607	0.00173	0.00317	0.04820	0.00531	0.07289
3	0.10834	0.14737	0.14313	0.01253	0.07713	0.03296	0.05201	0.06587	0.04175	0.01797	0.02882	0.03867	0.00976	0.00677	0.03509	0.00170	0.01637	0.00437	0.00311	0.15626
4	0.25551	0.01567	0.01162	0.02743	0.01376	0.32021	0.00806	0.03676	0.01254	0.05050	0.01055	0.04747	0.00920	0.00602	0.00446	0.00146	0.00634	0.03484	0.00335	0.12424
5	0.00727	0.00530	0.00748	0.00791	0.00861	0.00566	0.00584	0.00877	0.00949	0.01317	0.06012	0.27145	0.02337	0.08847	0.40322	0.00555	0.00887	0.05117	0.00378	0.00449
6	0.01669	0.09801	0.01541	0.01152	0.01505	0.14025	0.00931	0.27810	0.31534	0.02349	0.01488	0.01451	0.01122	0.00634	0.00504	0.00158	0.00575	0.00482	0.00460	0.00806
7	0.01255	0.14902	0.09360	0.07711	0.26902	0.01233	0.01213	0.04428	0.02721	0.05104	0.08263	0.01730	0.01323	0.02307	0.00547	0.00160	0.00565	0.03662	0.00327	0.06286
8	0.01393	0.09801	0.17909	0.08344	0.24936	0.01285	0.01361	0.08098	0.06639	0.10066	0.04256	0.01431	0.01052	0.00556	0.00507	0.00159	0.00607	0.00470	0.00345	0.00787
9	0.01074	0.05837	0.75701	0.01483	0.02252	0.01262	0.01912	0.01671	0.01114	0.01657	0.00940	0.01106	0.00670	0.00500	0.00496	0.00165	0.00773	0.00386	0.00223	0.00777
10	0.01432	0.00775	0.00956	0.00832	0.01045	0.00760	0.00628	0.09336	0.05256	0.26429	0.04543	0.08744	0.03868	0.24238	0.05246	0.00308	0.00509	0.03973	0.00493	0.00627
11	0.02561	0.07493	0.20250	0.18673	0.08165	0.03196	0.01262	0.01579	0.02361	0.11479	0.01341	0.10576	0.01159	0.02584	0.02491	0.00195	0.03060	0.00568	0.00328	0.00679
12	0.19425	0.01254	0.01261	0.01012	0.01382	0.04648	0.00826	0.37658	0.04656	0.14312	0.01514	0.01488	0.04819	0.00642	0.00486	0.00160	0.00511	0.00476	0.02688	0.00782
13	0.00788	0.00531	0.00649	0.00670	0.00773	0.00509	0.01626	0.02151	0.01124	0.01613	0.09994	0.29114	0.14057	0.06135	0.04263	0.00227	0.00361	0.03040	0.21911	0.00464
14	0.00855	0.00570	0.00753	0.00791	0.00899	0.00560	0.00612	0.01016	0.01095	0.06185	0.07161	0.16818	0.10634	0.13466	0.13106	0.00355	0.00565	0.23638	0.00448	0.00473
15	0.03221	0.09699	0.30739	0.08661	0.02202	0.07686	0.16673	0.02937	0.01200	0.06706	0.01069	0.03509	0.00827	0.00544	0.00537	0.00165	0.02153	0.00472	0.00282	0.00717
16	0.00830	0.00653	0.00968	0.00913	0.01030	0.00730	0.04387	0.03979	0.00959	0.01345	0.01692	0.09961	0.04700	0.07835	0.53682	0.00654	0.04180	0.00689	0.00322	0.00491
17	0.00781	0.00526	0.00749	0.00760	0.00814	0.00574	0.00546	0.00844	0.00818	0.01141	0.01490	0.09166	0.01535	0.16684	0.43611	0.17639	0.00970	0.00662	0.00297	0.00393
18	0.02817	0.02504	0.04328	0.10139	0.06344	0.01882	0.04111	0.03536	0.05411	0.19649	0.06349	0.19255	0.04667	0.02734	0.00622	0.00188	0.00486	0.03859	0.00459	0.00659
19	0.01326	0.22190	0.20831	0.03943	0.09052	0.02865	0.06441	0.03225	0.04077	0.08132	0.01128	0.04423	0.00927	0.00680	0.02753	0.00178	0.06339	0.00465	0.00300	0.00724
20	0.01484	0.04755	0.05594	0.22053	0.14949	0.06564	0.04736	0.26262	0.01590	0.02101	0.01056	0.01283	0.00802	0.00557	0.00544	0.00162	0.02469	0.00459	0.01829	0.00751
21	0.32102	0.01338	0.01369	0.09896	0.14831	0.15682	0.02562	0.02599	0.01109	0.01810	0.00916	0.02908	0.00785	0.00587	0.00565	0.00168	0.07995	0.01852	0.00295	0.00630
