[name]
unknown

[dist]
# distance from previous block
# <min> <max>
0	87

[block]
# block no. 0 follows, 55 sequences, length 20
# corresponding to MSA columns:
# 87-106
name=unknown_A
#
# <colnr> <probs for GDERKNQSTAVLIFYWHMCP>
#	G	D	E	R	K	N	Q	S	T	A	V	L	I	F	Y	W	H	M	C	P
0	0.00940	0.11256	0.30960	0.01092	0.01494	0.00991	0.09699	0.03811	0.00988	0.02672	0.01277	0.01724	0.05394	0.05630	0.14997	0.00270	0.00710	0.05267	0.00258	0.00572
1	0.02618	0.00832	0.00861	0.00744	0.00977	0.05738	0.00579	0.09711	0.16058	0.04938	0.24242	0.02495	0.16655	0.00765	0.00486	0.00139	0.00344	0.00636	0.00439	0.10743
2	0.00944	0.00673	0.00795	0.00657	0.00909	0.00589	0.00514	0.05504	0.04075	0.09326	0.27700	0.02563	0.17531	0.00749	0.00474	0.00126	0.00298	0.00633	0.00430	0.25511
3	0.01008	0.00887	0.01123	0.00950	0.06155	0.00787	0.05041	0.01464	0.18053	0.01594	0.01141	0.04690	0.00953	0.00461	0.00402	0.00103	0.00384	0.00399	0.00320	0.54084
4	0.10751	0.01164	0.01441	0.07274	0.29225	0.07571	0.01036	0.21365	0.03121	0.11076	0.01030	0.01144	0.00769	0.00485	0.00441	0.00140	0.00527	0.00397	0.00341	0.00701
5	0.08348	0.25524	0.17667	0.01224	0.05978	0.01249	0.18054	0.02976	0.00971	0.01378	0.00877	0.01231	0.00764	0.11123	0.00660	0.00174	0.00584	0.00401	0.00232	0.00585
6	0.11948	0.00740	0.01114	0.06101	0.04654	0.00753	0.13424	0.05434	0.01027	0.04401	0.05238	0.32645	0.01865	0.02552	0.03195	0.00191	0.00456	0.03402	0.00360	0.00501
7	0.00989	0.00862	0.01397	0.61424	0.08196	0.01038	0.01211	0.01266	0.00945	0.06206	0.00873	0.01225	0.00663	0.00496	0.00558	0.00154	0.08145	0.00411	0.00234	0.03706
8	0.09835	0.01618	0.16658	0.01266	0.04898	0.24236	0.07993	0.02981	0.03453	0.02765	0.00830	0.01055	0.00679	0.02438	0.02280	0.00169	0.15641	0.00374	0.00247	0.00582
9	0.00576	0.00414	0.00549	0.00655	0.00689	0.00387	0.00447	0.00666	0.00905	0.01201	0.02616	0.76950	0.05132	0.01441	0.00595	0.00189	0.00278	0.05497	0.00432	0.00381
10	0.00879	0.00827	0.01395	0.82532	0.03204	0.01034	0.01292	0.01189	0.00930	0.01189	0.00827	0.01240	0.00620	0.00465	0.00465	0.00155	0.00620	0.00413	0.00207	0.00517
11	0.02076	0.00810	0.01091	0.00836	0.01197	0.00711	0.00691	0.05021	0.01362	0.78274	0.01810	0.01567	0.01139	0.00575	0.00468	0.00144	0.00400	0.00466	0.00572	0.00792
12	0.00867	0.00434	0.00434	0.00434	0.00542	0.00434	0.00325	0.01084	0.00976	0.01734	0.01518	0.01734	0.01192	0.00542	0.00325	0.00108	0.00217	0.00434	0.86233	0.00434
13	0.00626	0.00455	0.00626	0.00758	0.02986	0.00435	0.00534	0.00743	0.00937	0.01244	0.02493	0.62910	0.02919	0.01388	0.00601	0.00193	0.00315	0.19012	0.00425	0.00400
14	0.00650	0.00495	0.00688	0.11155	0.01015	0.00493	0.00551	0.00824	0.01088	0.01484	0.35540	0.33871	0.06128	0.01100	0.00558	0.00166	0.00297	0.03036	0.00437	0.00424
15	0.00867	0.00434	0.00434	0.00434	0.00542	0.00434	0.00325	0.01084	0.00976	0.01734	0.01518	0.01734	0.01192	0.00542	0.00325	0.00108	0.00217	0.00434	0.86233	0.00434
16	0.04467	0.01228	0.01373	0.11535	0.01651	0.01377	0.00924	0.66591	0.01980	0.02680	0.01064	0.01121	0.00760	0.00542	0.00459	0.00142	0.00521	0.00413	0.00426	0.00746
17	0.00588	0.00444	0.00549	0.00620	0.00698	0.00404	0.00449	0.00701	0.00978	0.01256	0.05725	0.47344	0.26145	0.01336	0.00585	0.00181	0.00278	0.10894	0.00434	0.00391
18	0.00629	0.00470	0.00584	0.00564	0.00679	0.00425	0.00420	0.00818	0.01234	0.01690	0.59041	0.08682	0.20986	0.01032	0.00552	0.00151	0.00226	0.00902	0.00490	0.00425
19	0.01073	0.01050	0.01903	0.05805	0.49763	0.01041	0.18365	0.01368	0.01070	0.01494	0.02937	0.01673	0.01020	0.00518	0.00502	0.00151	0.00585	0.08761	0.00258	0.00663

[dist]
# distance from previous block
# <min> <max>
0	2

[block]
# block no. 1 follows, 55 sequences, length 14
# corresponding to MSA columns:
# 109-122
name=unknown_B
#
# <colnr> <probs for GDERKNQSTAVLIFYWHMCP>
#	G	D	E	R	K	N	Q	S	T	A	V	L	I	F	Y	W	H	M	C	P
0	0.01201	0.01001	0.01097	0.00952	0.01204	0.01144	0.00751	0.15577	0.50843	0.01999	0.04099	0.05704	0.01396	0.00672	0.00553	0.00156	0.06500	0.00538	0.00443	0.04171
1	0.00866	0.00724	0.01107	0.00931	0.01110	0.00744	0.13945	0.03407	0.05056	0.04109	0.07212	0.09562	0.11530	0.11495	0.14539	0.00295	0.07280	0.01912	0.00338	0.03838
2	0.01274	0.37670	0.14028	0.01077	0.04206	0.08227	0.05282	0.10382	0.01156	0.04604	0.00956	0.04425	0.00833	0.00515	0.00401	0.00128	0.00559	0.03380	0.00269	0.00627
3	0.01106	0.06923	0.02312	0.13317	0.13918	0.01199	0.46344	0.03689	0.03730	0.01481	0.00932	0.01214	0.00717	0.00419	0.00502	0.00149	0.00685	0.00485	0.00243	0.00634
4	0.00677	0.00451	0.00507	0.00507	0.00507	0.00451	0.00282	0.00677	0.00677	0.00902	0.01466	0.03044	0.01691	0.83650	0.02368	0.00451	0.00451	0.00677	0.00282	0.00282
5	0.00879	0.01393	0.31587	0.19855	0.05185	0.00944	0.07217	0.01238	0.00976	0.01361	0.02653	0.06962	0.03097	0.00739	0.03390	0.00182	0.03373	0.08140	0.00255	0.00573
6	0.00956	0.09335	0.08650	0.11736	0.11537	0.03379	0.06672	0.02961	0.06407	0.01354	0.03946	0.07202	0.01223	0.06545	0.12924	0.00259	0.00643	0.03438	0.00281	0.00552
7	0.01266	0.37188	0.25530	0.01082	0.01550	0.09936	0.05198	0.08588	0.01127	0.03446	0.00799	0.00908	0.00633	0.00438	0.00386	0.00124	0.00604	0.00319	0.00238	0.00642
8	0.86937	0.00900	0.00684	0.00612	0.00900	0.01044	0.00504	0.01368	0.00792	0.02087	0.00648	0.00756	0.00504	0.00432	0.00288	0.00144	0.00360	0.00252	0.00288	0.00504
9	0.00867	0.00434	0.00434	0.00434	0.00542	0.00434	0.00325	0.01084	0.00976	0.01734	0.01518	0.01734	0.01192	0.00542	0.00325	0.00108	0.00217	0.00434	0.86233	0.00434
10	0.01065	0.33614	0.22361	0.00896	0.01374	0.01215	0.00949	0.01336	0.00962	0.01341	0.00759	0.00884	0.00627	0.00391	0.00352	0.00101	0.00493	0.00283	0.00225	0.30772
11	0.01738	0.02217	0.01318	0.01199	0.01438	0.81783	0.00899	0.01858	0.01318	0.01139	0.00719	0.00839	0.00599	0.00479	0.00419	0.00120	0.00839	0.00300	0.00240	0.00539
12	0.00867	0.00434	0.00434	0.00434	0.00542	0.00434	0.00325	0.01084	0.00976	0.01734	0.01518	0.01734	0.01192	0.00542	0.00325	0.00108	0.00217	0.00434	0.86233	0.00434
13	0.01077	0.22160	0.47086	0.01094	0.01657	0.01208	0.01291	0.03623	0.01017	0.04183	0.00830	0.00947	0.00628	0.00427	0.00396	0.00126	0.00584	0.00319	0.00227	0.11122

[dist]
# distance from previous block
# <min> <max>
0	1

[block]
# block no. 2 follows, 55 sequences, length 6
# corresponding to MSA columns:
# 124-129
name=unknown_C
#
# <colnr> <probs for GDERKNQSTAVLIFYWHMCP>
#	G	D	E	R	K	N	Q	S	T	A	V	L	I	F	Y	W	H	M	C	P
0	0.00668	0.00482	0.00607	0.00604	0.00647	0.00504	0.00409	0.00747	0.00803	0.01100	0.10502	0.08761	0.06419	0.42336	0.20180	0.00441	0.03411	0.00710	0.00317	0.00351
1	0.00601	0.00427	0.00546	0.00627	0.00661	0.00405	0.00422	0.00678	0.00870	0.01150	0.02445	0.57932	0.06552	0.17599	0.00944	0.00241	0.00316	0.06819	0.00402	0.00363
2	0.11316	0.01259	0.08929	0.09722	0.10724	0.09953	0.13365	0.03931	0.00997	0.01446	0.00903	0.06683	0.00800	0.00585	0.00674	0.00159	0.17271	0.00458	0.00250	0.00574
3	0.00674	0.00479	0.00649	0.00746	0.00814	0.00469	0.00588	0.00819	0.00967	0.01271	0.02411	0.34417	0.02738	0.08817	0.00781	0.00226	0.00371	0.41952	0.00416	0.00396
4	0.01162	0.09881	0.09140	0.11602	0.39237	0.01168	0.07233	0.01444	0.01025	0.07029	0.00898	0.01134	0.00714	0.00457	0.00519	0.00143	0.05895	0.00404	0.00244	0.00672
5	0.43683	0.06665	0.09288	0.04124	0.05711	0.14266	0.00831	0.03548	0.00961	0.01710	0.00709	0.00857	0.00565	0.00463	0.00414	0.00141	0.04953	0.00297	0.00259	0.00556

[dist]
# distance from previous block
# <min> <max>
1	1

[block]
# block no. 3 follows, 55 sequences, length 59
# corresponding to MSA columns:
# 132-153,155-191
name=unknown_D
#
# <colnr> <probs for GDERKNQSTAVLIFYWHMCP>
#	G	D	E	R	K	N	Q	S	T	A	V	L	I	F	Y	W	H	M	C	P
0	0.03142	0.01070	0.05933	0.28117	0.10883	0.06167	0.02393	0.01363	0.04889	0.04153	0.00951	0.01325	0.00784	0.00544	0.00613	0.00150	0.13030	0.03760	0.00257	0.10478
1	0.02549	0.42609	0.38808	0.01070	0.01601	0.01458	0.03361	0.01432	0.00964	0.01297	0.00742	0.00869	0.00595	0.00419	0.00371	0.00124	0.00591	0.00301	0.00200	0.00638
2	0.01193	0.01161	0.01406	0.20995	0.12965	0.18831	0.08057	0.03534	0.01114	0.06284	0.01189	0.05297	0.01076	0.03008	0.00564	0.00162	0.02066	0.10245	0.00290	0.00563
3	0.00679	0.00496	0.00602	0.00574	0.00708	0.00449	0.00437	0.00888	0.02757	0.03941	0.50880	0.03754	0.27399	0.01015	0.00549	0.00152	0.00240	0.03554	0.00486	0.00440
4	0.04212	0.04722	0.05843	0.00844	0.01042	0.02114	0.05755	0.05277	0.01008	0.05486	0.12861	0.07829	0.02776	0.05057	0.32615	0.00396	0.00756	0.00585	0.00328	0.00495
5	0.01209	0.42370	0.24844	0.01016	0.01479	0.04676	0.02961	0.10523	0.01134	0.01460	0.03852	0.00979	0.00767	0.00454	0.00380	0.00122	0.00564	0.00328	0.00244	0.00638
6	0.00863	0.00454	0.00474	0.00467	0.00572	0.00467	0.00354	0.01076	0.00972	0.01707	0.03426	0.01757	0.01253	0.00612	0.01808	0.00124	0.02760	0.00444	0.79976	0.00436
7	0.01176	0.01009	0.01063	0.00951	0.01217	0.01166	0.00741	0.04882	0.77467	0.01977	0.01869	0.01716	0.01400	0.00629	0.00473	0.00157	0.00373	0.00523	0.00473	0.00738
8	0.01650	0.01244	0.01330	0.01046	0.01398	0.01387	0.00856	0.64346	0.17232	0.02741	0.01267	0.01237	0.00913	0.00573	0.00467	0.00143	0.00484	0.00440	0.00467	0.00781
9	0.01391	0.01105	0.01435	0.01089	0.01461	0.06214	0.15456	0.20610	0.06354	0.12932	0.01182	0.04085	0.00906	0.00504	0.00452	0.00126	0.00506	0.00443	0.00372	0.23376
10	0.01415	0.01559	0.01124	0.01006	0.01223	0.45389	0.00765	0.12444	0.02817	0.01562	0.18189	0.04410	0.01572	0.00746	0.03606	0.00156	0.00646	0.00482	0.00342	0.00546
11	0.00675	0.00456	0.00531	0.00531	0.00539	0.00464	0.00311	0.00691	0.00683	0.00919	0.01445	0.02927	0.01641	0.75940	0.10009	0.00480	0.00528	0.00659	0.00279	0.00295
12	0.01230	0.48674	0.20228	0.00976	0.01414	0.09590	0.01015	0.03669	0.06904	0.01299	0.00803	0.00893	0.00662	0.00438	0.00361	0.00118	0.00566	0.00301	0.00230	0.00628
13	0.86937	0.00900	0.00684	0.00612	0.00900	0.01044	0.00504	0.01368	0.00792	0.02087	0.00648	0.00756	0.00504	0.00432	0.00288	0.00144	0.00360	0.00252	0.00288	0.00504
14	0.00615	0.00466	0.00576	0.00635	0.00733	0.00428	0.00485	0.00754	0.01030	0.01322	0.10170	0.30465	0.28971	0.01276	0.00587	0.00181	0.00293	0.20173	0.00438	0.00401
15	0.00561	0.00470	0.00488	0.00488	0.00636	0.00397	0.00364	0.00687	0.01079	0.01312	0.11810	0.06859	0.70926	0.01166	0.00551	0.00157	0.00235	0.00979	0.00440	0.00397
16	0.01773	0.00982	0.01158	0.00918	0.01253	0.01005	0.00746	0.26462	0.16419	0.39344	0.01610	0.01506	0.01104	0.02867	0.00520	0.00154	0.00429	0.00469	0.00514	0.00767
17	0.00741	0.00486	0.00652	0.00705	0.00799	0.00458	0.00543	0.00895	0.01058	0.06819	0.16546	0.36990	0.05935	0.01244	0.00590	0.00185	0.00316	0.24150	0.00455	0.00433
18	0.01010	0.00679	0.00855	0.04700	0.01115	0.02466	0.00731	0.01357	0.11430	0.13171	0.02387	0.03889	0.09320	0.01028	0.00573	0.00186	0.00416	0.43720	0.00442	0.00526
19	0.05383	0.34519	0.05837	0.00997	0.04083	0.06201	0.00869	0.25613	0.05317	0.03062	0.03405	0.01042	0.00827	0.00489	0.00389	0.00124	0.00510	0.00351	0.00319	0.00664
20	0.03086	0.00933	0.01026	0.00756	0.01154	0.05955	0.02482	0.01252	0.02429	0.01512	0.00838	0.00973	0.00693	0.00362	0.00355	0.00078	0.00388	0.00288	0.00276	0.75164
21	0.02791	0.12620	0.27694	0.01238	0.06045	0.08713	0.04516	0.15368	0.11637	0.03506	0.01014	0.01092	0.00761	0.00484	0.00433	0.00138	0.00588	0.00378	0.00298	0.00686
22	0.01179	0.35142	0.11233	0.15145	0.10091	0.05901	0.01049	0.04451	0.04282	0.03277	0.03621	0.01078	0.00802	0.00460	0.00395	0.00127	0.00549	0.00353	0.00247	0.00618
23	0.01768	0.01303	0.01396	0.01070	0.01443	0.01443	0.00884	0.79197	0.02187	0.02932	0.01117	0.01117	0.00791	0.00558	0.00465	0.00140	0.00512	0.00419	0.00465	0.00791
24	0.00808	0.00404	0.00606	0.00606	0.00606	0.00404	0.00404	0.00606	0.00606	0.00808	0.00808	0.01414	0.00808	0.01616	0.01818	0.86465	0.00404	0.00404	0.00202	0.00202
25	0.00877	0.00524	0.00688	0.00620	0.00769	0.00476	0.00474	0.01087	0.01312	0.14119	0.66115	0.03211	0.06099	0.00900	0.00536	0.00146	0.00247	0.00788	0.00520	0.00492
26	0.07382	0.00791	0.01002	0.00785	0.01113	0.00726	0.00645	0.06832	0.01310	0.62389	0.01680	0.01518	0.01092	0.00562	0.00440	0.00140	0.00381	0.00447	0.10031	0.00734
27	0.01033	0.00985	0.01675	0.37401	0.47127	0.01074	0.01369	0.01324	0.01003	0.01376	0.00854	0.01190	0.00686	0.00436	0.00463	0.00145	0.00582	0.00414	0.00220	0.00641
28	0.00804	0.00407	0.00610	0.00610	0.00613	0.00409	0.00409	0.00613	0.00610	0.00816	0.00821	0.01426	0.00818	0.01671	0.04140	0.83976	0.00428	0.00407	0.00203	0.00208
29	0.01016	0.01123	0.02403	0.01757	0.02159	0.01053	0.66878	0.01360	0.01066	0.01443	0.01193	0.13973	0.01073	0.00557	0.00556	0.00162	0.00705	0.00669	0.00266	0.00589
30	0.03244	0.00828	0.01366	0.70902	0.07460	0.01009	0.01246	0.01194	0.00942	0.01244	0.00921	0.01458	0.00745	0.00510	0.00470	0.00157	0.00598	0.04959	0.00223	0.00524
31	0.00592	0.00477	0.00530	0.00553	0.00676	0.00426	0.00405	0.00757	0.04087	0.01320	0.10226	0.23830	0.50057	0.01210	0.00560	0.00166	0.00253	0.03027	0.00440	0.00407
32	0.16968	0.31027	0.05054	0.00959	0.02531	0.12962	0.02852	0.16076	0.02157	0.04336	0.00819	0.00900	0.00650	0.00457	0.00368	0.00124	0.00536	0.00313	0.00288	0.00623
33	0.14540	0.01087	0.01422	0.30269	0.25865	0.07965	0.01132	0.08635	0.02039	0.01596	0.00844	0.01098	0.00661	0.00457	0.00432	0.00144	0.00565	0.00381	0.00257	0.00611
34	0.00762	0.00594	0.00792	0.03764	0.10019	0.02537	0.00568	0.00873	0.00791	0.01093	0.01346	0.06354	0.01401	0.36341	0.26853	0.00463	0.00710	0.00595	0.03740	0.00402
35	0.01027	0.00839	0.01024	0.05006	0.11506	0.04471	0.00747	0.02587	0.13164	0.03761	0.37051	0.02711	0.05818	0.00838	0.00564	0.00167	0.01545	0.03393	0.03184	0.00598
36	0.01008	0.00922	0.01375	0.15968	0.31480	0.00870	0.01007	0.01257	0.00997	0.01452	0.00952	0.01180	0.02893	0.00415	0.00415	0.00113	0.00469	0.00372	0.00251	0.36603
37	0.86937	0.00900	0.00684	0.00612	0.00900	0.01044	0.00504	0.01368	0.00792	0.02087	0.00648	0.00756	0.00504	0.00432	0.00288	0.00144	0.00360	0.00252	0.00288	0.00504
38	0.00738	0.00501	0.00585	0.00578	0.00701	0.00484	0.00443	0.01008	0.06272	0.01678	0.32560	0.05991	0.14254	0.00900	0.00493	0.00146	0.00252	0.07936	0.24032	0.00447
39	0.00665	0.00498	0.00748	0.00748	0.00831	0.00582	0.00582	0.00831	0.00748	0.01080	0.01246	0.01828	0.01163	0.03489	0.81807	0.00748	0.01246	0.00498	0.00249	0.00415
40	0.01943	0.00824	0.01075	0.00846	0.01191	0.00757	0.00692	0.02299	0.13505	0.68812	0.01844	0.01607	0.01193	0.00584	0.00469	0.00146	0.00392	0.00477	0.00560	0.00783
41	0.00707	0.00527	0.00612	0.00596	0.00736	0.00492	0.00444	0.00973	0.08907	0.04596	0.28603	0.15988	0.32943	0.01070	0.00546	0.00158	0.00255	0.00924	0.00468	0.00455
42	0.01587	0.01140	0.01497	0.07467	0.18769	0.01209	0.03735	0.40995	0.02623	0.14540	0.01158	0.01218	0.00827	0.00518	0.00468	0.00142	0.00519	0.00431	0.00404	0.00753
43	0.00666	0.00486	0.00627	0.00590	0.00704	0.00452	0.00443	0.00904	0.02853	0.01853	0.77140	0.03465	0.06160	0.00950	0.00547	0.00147	0.00223	0.00839	0.00509	0.00444
44	0.04475	0.01128	0.01236	0.01060	0.04375	0.01260	0.00823	0.42398	0.27568	0.04306	0.01370	0.01356	0.01013	0.00722	0.04596	0.00177	0.00495	0.00453	0.00444	0.00742
45	0.73613	0.01133	0.13164	0.00722	0.01072	0.01049	0.00692	0.01384	0.00821	0.01992	0.00677	0.00791	0.00517	0.00433	0.00312	0.00144	0.00411	0.00266	0.00274	0.00532
46	0.01149	0.01088	0.07420	0.31281	0.08316	0.03355	0.09440	0.07149	0.10101	0.08750	0.03206	0.01386	0.02165	0.00509	0.00472	0.00148	0.00564	0.00455	0.00308	0.02738
47	0.00620	0.00421	0.00556	0.00647	0.00691	0.00389	0.00438	0.00706	0.00913	0.04004	0.02621	0.77419	0.06003	0.01416	0.00588	0.00186	0.00273	0.01279	0.00437	0.00393
48	0.01001	0.00848	0.00984	0.00706	0.01118	0.00657	0.00566	0.04688	0.01020	0.01580	0.00840	0.00972	0.00694	0.00354	0.00350	0.00072	0.00352	0.00282	0.00284	0.82632
49	0.01213	0.11741	0.20855	0.01206	0.03041	0.08889	0.13954	0.10504	0.02942	0.04858	0.01042	0.01173	0.03008	0.00572	0.03284	0.00152	0.00621	0.00397	0.00279	0.10270
50	0.16471	0.23097	0.22542	0.02830	0.01457	0.04849	0.02121	0.09284	0.02050	0.03779	0.00801	0.00926	0.00627	0.00477	0.00465	0.00137	0.06886	0.00323	0.00258	0.00620
51	0.00677	0.00500	0.00599	0.00589	0.00719	0.00461	0.00447	0.00874	0.03541	0.03785	0.32015	0.08349	0.32000	0.03618	0.03831	0.00191	0.00301	0.06616	0.00455	0.00431
52	0.00736	0.00768	0.06926	0.07378	0.02683	0.00641	0.12778	0.00973	0.01109	0.01491	0.27020	0.13180	0.20657	0.00896	0.00539	0.00157	0.00389	0.00812	0.00388	0.00479
53	0.08660	0.09160	0.06441	0.25809	0.03480	0.05766	0.04876	0.11801	0.02640	0.09559	0.00970	0.01193	0.00736	0.00510	0.00497	0.00147	0.05165	0.01683	0.00296	0.00611
54	0.00980	0.12477	0.37547	0.01047	0.01484	0.01042	0.02450	0.02849	0.08330	0.04242	0.02498	0.08211	0.06888	0.00732	0.03036	0.00168	0.02394	0.02718	0.00291	0.00614
55	0.00635	0.00431	0.00545	0.00628	0.00687	0.00408	0.00450	0.00757	0.00940	0.01304	0.02556	0.54637	0.08736	0.01272	0.00555	0.00177	0.00279	0.10885	0.13724	0.00394
56	0.01110	0.01591	0.29866	0.08124	0.33077	0.03916	0.08581	0.03212	0.01068	0.03780	0.00891	0.01109	0.00681	0.00436	0.00461	0.00144	0.00631	0.00399	0.00233	0.00689
57	0.01523	0.25965	0.10379	0.02819	0.01438	0.06045	0.00934	0.31435	0.03040	0.10643	0.01011	0.01042	0.00748	0.00495	0.00411	0.00129	0.00532	0.00361	0.00350	0.00700
58	0.01074	0.02866	0.18972	0.31802	0.10640	0.05522	0.03715	0.04699	0.01049	0.05343	0.00970	0.03387	0.00781	0.00527	0.00516	0.00152	0.04587	0.02544	0.00251	0.00603

[dist]
# distance from previous block
# <min> <max>
0	1

[block]
# block no. 4 follows, 55 sequences, length 9
# corresponding to MSA columns:
# 193-201
name=unknown_E
#
# <colnr> <probs for GDERKNQSTAVLIFYWHMCP>
#	G	D	E	R	K	N	Q	S	T	A	V	L	I	F	Y	W	H	M	C	P
0	0.54189	0.01092	0.00961	0.13623	0.03805	0.12780	0.00738	0.01400	0.00894	0.01743	0.00691	0.00869	0.00548	0.00462	0.00402	0.00145	0.04578	0.00297	0.00262	0.00518
1	0.04240	0.00506	0.00591	0.03040	0.00767	0.00468	0.00450	0.00823	0.01159	0.01566	0.37764	0.03826	0.36503	0.01031	0.00541	0.00155	0.00257	0.05432	0.00454	0.00424
2	0.01038	0.00953	0.02987	0.14418	0.08739	0.00988	0.14784	0.05006	0.07371	0.04927	0.10513	0.02946	0.04623	0.00607	0.00618	0.00151	0.10806	0.00525	0.00317	0.07683
3	0.00678	0.00494	0.00727	0.00727	0.00812	0.00572	0.00565	0.00847	0.00763	0.01123	0.01264	0.01821	0.01165	0.03296	0.76454	0.00706	0.01178	0.00494	0.05897	0.00417
4	0.00947	0.00815	0.01295	0.28869	0.24003	0.00865	0.02789	0.01225	0.02928	0.05382	0.12201	0.02040	0.13443	0.00633	0.00490	0.00149	0.00475	0.00567	0.00314	0.00570
5	0.01243	0.00982	0.01103	0.00829	0.01207	0.00913	0.00669	0.30120	0.01415	0.02025	0.01024	0.05284	0.00851	0.00482	0.00402	0.00101	0.00403	0.00383	0.00354	0.50212
6	0.00965	0.00907	0.01225	0.48496	0.02330	0.06823	0.01018	0.04160	0.01001	0.01310	0.00937	0.05045	0.00787	0.00672	0.05284	0.00172	0.00598	0.00426	0.00246	0.17599
7	0.01156	0.53259	0.02129	0.01265	0.17026	0.01500	0.04389	0.01350	0.00991	0.01234	0.00935	0.01419	0.00893	0.00513	0.00385	0.00124	0.00512	0.10079	0.00236	0.00605
8	0.15294	0.00937	0.01201	0.34372	0.05730	0.03465	0.02595	0.01623	0.21537	0.04905	0.01215	0.01367	0.02807	0.00522	0.00440	0.00152	0.00499	0.00432	0.00313	0.00594

[dist]
# distance from previous block
# <min> <max>
0	83

# created by:
# /st0/software/busco_prod/Augustus/scripts/msa2prfl.pl ./align_prep/1617752.fa
