[name]
unknown

[dist]
# distance from previous block
# <min> <max>
1	53

[block]
# block no. 0 follows, 60 sequences, length 27
# corresponding to MSA columns:
# 68-94
name=unknown_A
#
# <colnr> <probs for GDERKNQSTAVLIFYWHMCP>
#	G	D	E	R	K	N	Q	S	T	A	V	L	I	F	Y	W	H	M	C	P
0	0.00879	0.00584	0.00735	0.00673	0.01720	0.00571	0.00510	0.04141	0.04832	0.12667	0.25281	0.12830	0.14673	0.02467	0.05873	0.00183	0.04639	0.00708	0.00413	0.05619
1	0.52871	0.00828	0.00863	0.00871	0.09280	0.00908	0.02964	0.04410	0.04070	0.06587	0.05087	0.07688	0.00962	0.00524	0.00353	0.00139	0.00362	0.00397	0.00314	0.00521
2	0.01202	0.00806	0.01235	0.42085	0.07631	0.00908	0.00998	0.05440	0.01026	0.23945	0.01059	0.01249	0.00756	0.00598	0.03708	0.00165	0.05897	0.00405	0.00306	0.00580
3	0.11024	0.00551	0.00736	0.00679	0.00769	0.00606	0.05166	0.00827	0.00699	0.01084	0.01147	0.01980	0.01168	0.34125	0.34649	0.00478	0.03193	0.00505	0.00248	0.00365
4	0.00640	0.00495	0.00615	0.00599	0.01839	0.00478	0.00443	0.00827	0.02988	0.02684	0.45287	0.08519	0.26078	0.00957	0.00568	0.00146	0.05177	0.00814	0.00433	0.00415
5	0.00841	0.00640	0.00790	0.06545	0.03344	0.04021	0.03580	0.03356	0.06065	0.01339	0.01398	0.20765	0.01356	0.02242	0.00603	0.10503	0.00351	0.00588	0.21756	0.09918
6	0.01028	0.01083	0.01989	0.06342	0.01946	0.05170	0.50764	0.01332	0.01009	0.02909	0.00915	0.01252	0.00728	0.00403	0.00467	0.00130	0.00625	0.03493	0.00240	0.18175
7	0.00596	0.00396	0.00482	0.00550	0.00608	0.00371	0.00383	0.00708	0.00875	0.01239	0.02408	0.55051	0.11218	0.01144	0.00498	0.00158	0.00243	0.03190	0.19513	0.00369
8	0.01001	0.01179	0.09867	0.13618	0.23005	0.02250	0.31735	0.01332	0.02328	0.01337	0.00828	0.01108	0.00650	0.00425	0.00544	0.00144	0.07409	0.00430	0.00213	0.00597
9	0.00956	0.00881	0.01493	0.53553	0.22686	0.01002	0.05904	0.04294	0.00965	0.02925	0.00823	0.01145	0.00630	0.00426	0.00440	0.00141	0.00566	0.00397	0.00217	0.00558
10	0.00547	0.00416	0.00505	0.00548	0.00630	0.00374	0.00391	0.00661	0.00964	0.01255	0.17409	0.41163	0.28863	0.01190	0.00537	0.00161	0.00238	0.03359	0.00418	0.00371
11	0.00999	0.09619	0.06082	0.05732	0.01210	0.02638	0.02634	0.09696	0.30534	0.01656	0.13308	0.01910	0.10888	0.00637	0.00443	0.00137	0.00387	0.00528	0.00377	0.00583
12	0.00582	0.00416	0.00500	0.00526	0.00573	0.00392	0.00345	0.00660	0.00859	0.01144	0.17027	0.28634	0.13676	0.31371	0.01145	0.00254	0.00301	0.00892	0.00368	0.00334
13	0.01076	0.06495	0.05569	0.08355	0.16770	0.09216	0.05738	0.11644	0.02265	0.01428	0.03880	0.08023	0.02823	0.02315	0.01529	0.00154	0.11415	0.00475	0.00271	0.00560
14	0.00632	0.00443	0.00580	0.00581	0.00623	0.00477	0.00400	0.00716	0.00689	0.00969	0.02978	0.03717	0.01419	0.41479	0.39276	0.00531	0.00752	0.00564	0.02842	0.00331
15	0.01032	0.06037	0.00738	0.00567	0.00744	0.00712	0.00455	0.19541	0.01177	0.01849	0.01283	0.01432	0.00994	0.00503	0.00334	0.00108	0.00285	0.00392	0.61322	0.00494
16	0.02542	0.20326	0.04054	0.08522	0.25845	0.11149	0.05081	0.01484	0.07135	0.06503	0.00878	0.01022	0.00700	0.00420	0.00393	0.00122	0.00529	0.00350	0.00248	0.02697
17	0.01004	0.06246	0.07185	0.00942	0.07280	0.09424	0.04768	0.04996	0.02486	0.05540	0.04118	0.01585	0.05730	0.09952	0.02412	0.24703	0.00483	0.00445	0.00265	0.00438
18	0.28288	0.00946	0.00970	0.05567	0.01163	0.06651	0.00674	0.17476	0.01140	0.18318	0.00978	0.01067	0.00718	0.00700	0.05539	0.03612	0.04934	0.00349	0.00342	0.00569
19	0.50890	0.02652	0.06007	0.03174	0.01089	0.03186	0.03595	0.01272	0.00838	0.03394	0.02083	0.00856	0.00603	0.00400	0.00316	0.00120	0.00390	0.00276	0.00264	0.18598
20	0.05179	0.07984	0.01324	0.00942	0.01276	0.01289	0.02136	0.61896	0.02819	0.04839	0.01051	0.02061	0.00773	0.00515	0.00414	0.00128	0.00459	0.00389	0.03834	0.00694
21	0.01633	0.01194	0.01375	0.01046	0.01400	0.01300	0.05939	0.71418	0.01944	0.06707	0.01071	0.01078	0.00754	0.00514	0.00441	0.00132	0.00491	0.00403	0.00428	0.00732
22	0.06095	0.00859	0.02706	0.39602	0.13256	0.00959	0.05614	0.01287	0.06509	0.06134	0.02874	0.04961	0.00863	0.00514	0.00502	0.00146	0.05877	0.00443	0.00257	0.00543
23	0.76542	0.00924	0.00725	0.00642	0.00899	0.05226	0.00525	0.03717	0.00804	0.01892	0.00623	0.00735	0.00490	0.00428	0.00337	0.00136	0.04353	0.00250	0.00269	0.00483
24	0.00831	0.00542	0.00676	0.00664	0.00815	0.00518	0.00534	0.01101	0.08689	0.11752	0.20083	0.08228	0.19324	0.00981	0.00526	0.00161	0.00303	0.23366	0.00441	0.00465
25	0.00929	0.00941	0.01301	0.69437	0.05172	0.11246	0.01156	0.01195	0.00927	0.01128	0.02088	0.01147	0.00640	0.00444	0.00432	0.00141	0.00599	0.00381	0.00203	0.00492
26	0.03885	0.16227	0.15239	0.02645	0.05137	0.04759	0.05140	0.15759	0.05286	0.11064	0.01016	0.04280	0.00802	0.00553	0.01889	0.00142	0.04860	0.00393	0.00303	0.00621

[dist]
# distance from previous block
# <min> <max>
6	15

[block]
# block no. 1 follows, 60 sequences, length 10
# corresponding to MSA columns:
# 118-127
name=unknown_B
#
# <colnr> <probs for GDERKNQSTAVLIFYWHMCP>
#	G	D	E	R	K	N	Q	S	T	A	V	L	I	F	Y	W	H	M	C	P
0	0.01000	0.06458	0.04577	0.00719	0.00983	0.03659	0.02270	0.03937	0.01063	0.13102	0.14831	0.09328	0.08603	0.02578	0.00475	0.00129	0.00356	0.03680	0.00363	0.21890
1	0.06908	0.23031	0.05819	0.02871	0.10677	0.06926	0.07148	0.04670	0.02885	0.17697	0.02350	0.01114	0.02174	0.00459	0.00410	0.00124	0.02312	0.00364	0.00298	0.01764
2	0.00614	0.00420	0.00515	0.00537	0.00565	0.00418	0.00346	0.00646	0.00715	0.00948	0.01786	0.18212	0.08540	0.45237	0.10520	0.06249	0.00452	0.02681	0.00298	0.00302
3	0.09386	0.00819	0.01159	0.03166	0.11781	0.00777	0.05040	0.03881	0.03350	0.50259	0.04871	0.01406	0.01068	0.00512	0.00430	0.00136	0.00407	0.00432	0.00439	0.00681
4	0.01109	0.01203	0.13324	0.20750	0.25018	0.04852	0.14227	0.04168	0.01033	0.08783	0.00898	0.01114	0.00672	0.00421	0.00443	0.00137	0.00584	0.00399	0.00245	0.00617
5	0.05921	0.06434	0.16410	0.03439	0.18807	0.05346	0.08924	0.09894	0.07694	0.11450	0.00999	0.01094	0.00739	0.00445	0.00419	0.00133	0.00529	0.00381	0.00293	0.00649
6	0.01426	0.01743	0.05612	0.01136	0.04240	0.54244	0.00875	0.07664	0.01167	0.01211	0.00750	0.00984	0.00650	0.06178	0.00642	0.00146	0.10245	0.00331	0.00237	0.00519
7	0.00894	0.00781	0.00990	0.00719	0.01092	0.00603	0.05496	0.01093	0.00909	0.01405	0.00860	0.04917	0.00754	0.00376	0.00346	0.00075	0.00345	0.00321	0.00263	0.77760
8	0.22865	0.14474	0.04315	0.01047	0.01356	0.01161	0.20338	0.10891	0.00995	0.03526	0.00768	0.00955	0.00612	0.00518	0.00568	0.06027	0.08434	0.00355	0.00255	0.00541
9	0.00614	0.00479	0.00563	0.00562	0.00676	0.00453	0.00413	0.00865	0.08975	0.01447	0.33357	0.20465	0.27457	0.01027	0.00517	0.00150	0.00234	0.00895	0.00438	0.00414

[dist]
# distance from previous block
# <min> <max>
6	20

[block]
# block no. 2 follows, 60 sequences, length 43
# corresponding to MSA columns:
# 149-159,189,194-224
name=unknown_C
#
# <colnr> <probs for GDERKNQSTAVLIFYWHMCP>
#	G	D	E	R	K	N	Q	S	T	A	V	L	I	F	Y	W	H	M	C	P
0	0.00990	0.00951	0.02698	0.33035	0.08281	0.09813	0.04005	0.02431	0.00969	0.04314	0.00971	0.07068	0.00844	0.00500	0.00423	0.00126	0.00513	0.02677	0.00251	0.19139
1	0.19313	0.00984	0.05094	0.07139	0.02219	0.08137	0.04422	0.06871	0.00922	0.03596	0.00957	0.01270	0.02864	0.08094	0.04536	0.00194	0.16056	0.00390	0.06451	0.00491
2	0.08019	0.00931	0.01442	0.27582	0.24709	0.03495	0.09915	0.03884	0.02208	0.01399	0.03938	0.01261	0.02513	0.01722	0.00478	0.00142	0.02354	0.00416	0.01448	0.02145
3	0.02539	0.03279	0.02903	0.03298	0.01116	0.02503	0.00776	0.07675	0.04439	0.05277	0.05428	0.01453	0.06586	0.03920	0.03789	0.00184	0.36995	0.00443	0.00281	0.07116
4	0.01020	0.00783	0.00924	0.00666	0.01048	0.00605	0.00536	0.03057	0.00963	0.08967	0.00869	0.00962	0.00689	0.00348	0.00336	0.00073	0.00331	0.00278	0.00289	0.77255
5	0.00845	0.00715	0.00954	0.11595	0.12647	0.02641	0.00716	0.08016	0.02469	0.01512	0.23882	0.11628	0.09181	0.01716	0.00539	0.00144	0.04379	0.00644	0.02023	0.03751
6	0.00653	0.00464	0.00555	0.00571	0.00680	0.00424	0.00418	0.03725	0.01015	0.05124	0.13121	0.34909	0.31297	0.01134	0.00528	0.00159	0.00256	0.04144	0.00422	0.00401
7	0.00814	0.00668	0.00969	0.12785	0.15434	0.00673	0.02173	0.04002	0.03213	0.02850	0.32888	0.02373	0.11526	0.00696	0.00470	0.00135	0.00349	0.01363	0.02861	0.03758
8	0.29425	0.00757	0.00859	0.00689	0.00989	0.00733	0.00563	0.01729	0.01052	0.48372	0.03618	0.01310	0.00972	0.03298	0.00441	0.00142	0.00355	0.00383	0.00432	0.03881
9	0.00877	0.01614	0.45540	0.03282	0.06101	0.03295	0.02015	0.01230	0.02064	0.01285	0.03317	0.05020	0.02749	0.04797	0.01613	0.00168	0.13818	0.00427	0.00221	0.00564
10	0.00641	0.00484	0.00719	0.00753	0.03797	0.00552	0.00547	0.00786	0.00705	0.01012	0.01175	0.01801	0.01124	0.11140	0.71936	0.00652	0.01071	0.00481	0.00236	0.00388
11	0.04949	0.00606	0.00710	0.05442	0.06522	0.05356	0.00554	0.00879	0.02665	0.03017	0.06285	0.43006	0.14049	0.01043	0.00506	0.00159	0.00327	0.03132	0.00370	0.00422
12	0.01594	0.02005	0.01208	0.01099	0.01321	0.78651	0.00825	0.01737	0.03271	0.01102	0.00722	0.00830	0.00596	0.00455	0.00392	0.00113	0.00760	0.00290	0.02523	0.00508
13	0.77684	0.00900	0.00755	0.00720	0.04650	0.03718	0.01592	0.01296	0.00772	0.01874	0.00622	0.00740	0.00490	0.00413	0.00312	0.00135	0.02324	0.00252	0.00263	0.00485
14	0.01132	0.05179	0.11740	0.26447	0.03117	0.18056	0.03266	0.02427	0.07373	0.07578	0.03622	0.02003	0.00830	0.00557	0.02542	0.00149	0.02778	0.00390	0.00262	0.00552
15	0.00962	0.06503	0.21009	0.07753	0.07865	0.02236	0.03211	0.09274	0.09926	0.01524	0.12257	0.01603	0.06166	0.02070	0.00537	0.02443	0.03326	0.00468	0.00299	0.00568
16	0.00950	0.01029	0.09124	0.25464	0.28812	0.00996	0.07158	0.01259	0.03857	0.02712	0.01005	0.04172	0.03241	0.00503	0.00532	0.00145	0.07789	0.00442	0.00231	0.00580
17	0.02999	0.02333	0.14820	0.00852	0.02339	0.00726	0.04606	0.05187	0.06808	0.10350	0.15782	0.01789	0.06477	0.00950	0.07866	0.10540	0.00472	0.00496	0.00334	0.04273
18	0.00656	0.00712	0.11801	0.00643	0.00834	0.00507	0.00580	0.00849	0.01032	0.03687	0.23801	0.10924	0.34123	0.00958	0.00532	0.00150	0.02487	0.04901	0.00393	0.00432
19	0.02142	0.03837	0.07138	0.04450	0.01161	0.04069	0.04906	0.21703	0.03669	0.05662	0.03719	0.04324	0.02282	0.02329	0.00437	0.00130	0.00408	0.00444	0.24732	0.02461
20	0.00716	0.00470	0.00565	0.00551	0.00666	0.00440	0.00406	0.00924	0.04983	0.06477	0.32453	0.17697	0.16672	0.03127	0.00532	0.00149	0.00239	0.00804	0.11706	0.00423
21	0.01116	0.03827	0.03788	0.20927	0.23445	0.08625	0.04126	0.06011	0.06192	0.04738	0.00880	0.01089	0.00692	0.00460	0.00506	0.00134	0.07478	0.00378	0.00251	0.05338
22	0.05483	0.03887	0.02876	0.03488	0.14827	0.50734	0.00917	0.06606	0.02437	0.02521	0.00765	0.00894	0.00618	0.00443	0.00395	0.00119	0.00664	0.00314	0.01452	0.00559
23	0.00767	0.00640	0.00914	0.01115	0.17237	0.02359	0.02703	0.02692	0.00913	0.01222	0.01797	0.27017	0.04537	0.11417	0.04015	0.00220	0.02797	0.16866	0.00328	0.00444
24	0.01225	0.14926	0.11951	0.01051	0.04048	0.04335	0.06265	0.20262	0.20572	0.03180	0.01076	0.01111	0.00815	0.00469	0.00405	0.00125	0.00483	0.00377	0.00323	0.07000
25	0.01106	0.00878	0.03236	0.16395	0.02584	0.02187	0.10828	0.07203	0.01080	0.14019	0.06272	0.01368	0.03625	0.00479	0.00437	0.00120	0.01925	0.00419	0.02605	0.23235
26	0.02520	0.12254	0.41152	0.03161	0.01568	0.09990	0.03296	0.05071	0.01022	0.06300	0.01018	0.03422	0.03036	0.00524	0.01238	0.00138	0.00584	0.02866	0.00245	0.00595
27	0.04361	0.09105	0.53704	0.01254	0.01805	0.02857	0.14597	0.02566	0.00962	0.03686	0.00805	0.00951	0.00586	0.00409	0.00414	0.00135	0.00625	0.00347	0.00208	0.00622
28	0.00539	0.00443	0.00475	0.00467	0.00604	0.00378	0.00350	0.00672	0.01050	0.01311	0.22396	0.03979	0.63714	0.01055	0.00515	0.00145	0.00217	0.00890	0.00422	0.00378
29	0.01003	0.00784	0.03934	0.04415	0.03921	0.02001	0.09205	0.10017	0.05846	0.11318	0.08455	0.20293	0.07457	0.01508	0.00536	0.02627	0.00398	0.03344	0.02415	0.00523
30	0.01063	0.05751	0.11140	0.07467	0.25158	0.07310	0.21853	0.01373	0.03349	0.03552	0.00931	0.05075	0.00777	0.00471	0.00478	0.01449	0.01529	0.00442	0.00235	0.00598
31	0.00900	0.02263	0.03740	0.03383	0.21866	0.00781	0.03904	0.01021	0.03474	0.03440	0.01074	0.11561	0.02062	0.00945	0.01962	0.25907	0.10511	0.00503	0.00246	0.00456
32	0.00895	0.00510	0.00645	0.00608	0.00756	0.00460	0.00461	0.01058	0.02598	0.19629	0.22996	0.20166	0.18933	0.03548	0.00562	0.00159	0.00276	0.04823	0.00451	0.00466
33	0.03730	0.11228	0.22513	0.02760	0.04496	0.08494	0.13095	0.03041	0.13982	0.02894	0.02204	0.02275	0.00865	0.00496	0.00458	0.00137	0.03300	0.03170	0.00266	0.00597
34	0.00754	0.00674	0.03633	0.10876	0.13154	0.00669	0.01977	0.03960	0.03210	0.01246	0.03313	0.35115	0.03092	0.03380	0.09210	0.01767	0.02427	0.00769	0.00315	0.00460
35	0.00592	0.00409	0.00549	0.00629	0.00676	0.00392	0.00447	0.00695	0.00864	0.02511	0.04780	0.62564	0.02671	0.02889	0.05694	0.00213	0.00329	0.10115	0.02612	0.00370
36	0.01018	0.00783	0.01194	0.39945	0.14199	0.00871	0.00976	0.07351	0.02024	0.10206	0.02871	0.05885	0.02995	0.04246	0.00520	0.00153	0.00483	0.00475	0.03264	0.00543
37	0.02955	0.15763	0.04356	0.01009	0.01299	0.28530	0.05702	0.07183	0.24171	0.01436	0.01022	0.01070	0.00803	0.00498	0.00425	0.01980	0.00558	0.00359	0.00294	0.00587
38	0.01240	0.01071	0.05487	0.19303	0.01974	0.01055	0.25483	0.21410	0.02645	0.11670	0.02344	0.01266	0.00807	0.00471	0.00464	0.00141	0.00567	0.01662	0.00318	0.00622
39	0.01442	0.05136	0.01285	0.00982	0.01274	0.08962	0.03471	0.53358	0.03035	0.02199	0.01139	0.10070	0.00961	0.00665	0.02381	0.00148	0.01985	0.00474	0.00385	0.00650
40	0.84188	0.00849	0.00677	0.00624	0.02294	0.00988	0.00499	0.01278	0.00745	0.01926	0.00610	0.00721	0.00479	0.00413	0.00300	0.00136	0.02288	0.00242	0.00267	0.00476
41	0.02366	0.02856	0.13532	0.13271	0.01346	0.11624	0.00803	0.02941	0.00990	0.08433	0.05930	0.21999	0.05491	0.04467	0.01872	0.00166	0.00474	0.00634	0.00316	0.00489
42	0.04619	0.12435	0.12533	0.01490	0.28384	0.04637	0.03264	0.03105	0.02232	0.03103	0.02146	0.01100	0.02473	0.01790	0.00437	0.00123	0.01974	0.00356	0.00241	0.13557

[dist]
# distance from previous block
# <min> <max>
5	8

[block]
# block no. 3 follows, 60 sequences, length 20
# corresponding to MSA columns:
# 236-255
name=unknown_D
#
# <colnr> <probs for GDERKNQSTAVLIFYWHMCP>
#	G	D	E	R	K	N	Q	S	T	A	V	L	I	F	Y	W	H	M	C	P
0	0.01093	0.03306	0.03182	0.04660	0.37397	0.06598	0.04839	0.08846	0.09747	0.01493	0.01058	0.06405	0.00921	0.00655	0.04631	0.00165	0.02704	0.01405	0.00274	0.00621
1	0.05297	0.02912	0.06119	0.17596	0.03543	0.07191	0.01847	0.01141	0.02433	0.02399	0.01106	0.03276	0.05378	0.01748	0.03917	0.04500	0.01518	0.02995	0.00254	0.24830
2	0.00836	0.00642	0.01013	0.00853	0.00983	0.00674	0.12067	0.00973	0.00957	0.06388	0.29130	0.02211	0.03937	0.05530	0.03260	0.12890	0.13646	0.03248	0.00335	0.00426
3	0.00997	0.00966	0.09274	0.04616	0.05297	0.00977	0.02056	0.09007	0.06342	0.06533	0.13903	0.04629	0.03967	0.00756	0.02793	0.00170	0.26353	0.00506	0.00317	0.00543
4	0.01356	0.01020	0.01105	0.00908	0.01209	0.01122	0.00728	0.31897	0.40172	0.08127	0.01432	0.01351	0.01046	0.00545	0.00433	0.00135	0.00397	0.00436	0.00436	0.06143
5	0.06415	0.24514	0.03157	0.02706	0.11011	0.02816	0.06553	0.02598	0.08802	0.02255	0.01444	0.12853	0.09510	0.00632	0.00440	0.00133	0.02813	0.00525	0.00286	0.00539
6	0.01320	0.01285	0.01164	0.05882	0.01300	0.29467	0.03049	0.15336	0.03513	0.06559	0.09611	0.01314	0.01086	0.03145	0.01826	0.00151	0.10895	0.00413	0.02140	0.00544
7	0.00991	0.04517	0.16135	0.00844	0.01278	0.00761	0.05270	0.03355	0.00962	0.05563	0.00831	0.00948	0.00651	0.00361	0.00358	0.00089	0.00418	0.00297	0.00259	0.56112
8	0.01655	0.01185	0.01281	0.00987	0.01332	0.01303	0.00814	0.73396	0.04695	0.07225	0.01110	0.01092	0.00781	0.00527	0.00437	0.00132	0.00469	0.00399	0.00442	0.00740
9	0.00744	0.00489	0.00583	0.00538	0.00690	0.00434	0.00411	0.00925	0.02666	0.11121	0.38478	0.03406	0.36013	0.00933	0.00504	0.00141	0.00234	0.00796	0.00455	0.00438
10	0.00955	0.01032	0.02118	0.31260	0.02540	0.01055	0.51892	0.01295	0.00973	0.01295	0.00844	0.01172	0.00633	0.00392	0.00486	0.00146	0.00680	0.00469	0.00211	0.00551
11	0.87753	0.00843	0.00641	0.00574	0.00843	0.00978	0.00472	0.01282	0.00742	0.01957	0.00607	0.00709	0.00472	0.00405	0.00270	0.00135	0.00337	0.00236	0.00270	0.00472
12	0.00785	0.00648	0.00901	0.00788	0.00987	0.00627	0.10111	0.01144	0.14232	0.03984	0.13204	0.05759	0.23941	0.00939	0.03352	0.00169	0.00372	0.12282	0.00389	0.05387
13	0.00770	0.00408	0.00586	0.00581	0.00594	0.00416	0.00391	0.00659	0.04638	0.00814	0.00829	0.01390	0.00813	0.04161	0.01658	0.80098	0.00379	0.00393	0.00205	0.00217
14	0.01332	0.03313	0.01240	0.05168	0.01337	0.09740	0.00828	0.32254	0.23766	0.01929	0.01114	0.01165	0.00849	0.00563	0.00583	0.00143	0.13269	0.00403	0.00360	0.00645
15	0.05885	0.00762	0.00873	0.00668	0.01002	0.00645	0.00531	0.01274	0.09625	0.06576	0.06676	0.03153	0.01035	0.00435	0.00359	0.00090	0.00319	0.00354	0.00316	0.59422
16	0.00793	0.05682	0.02170	0.00619	0.00715	0.00550	0.00462	0.00884	0.00802	0.09075	0.01636	0.13037	0.03525	0.36910	0.11770	0.00341	0.00491	0.09838	0.00319	0.00383
17	0.00928	0.02162	0.01127	0.00965	0.01104	0.00988	0.06795	0.02712	0.24062	0.02937	0.04056	0.14604	0.03663	0.00855	0.03054	0.00181	0.26850	0.02096	0.00332	0.00530
18	0.13659	0.06472	0.06018	0.02554	0.05909	0.23665	0.00759	0.04640	0.01017	0.03519	0.07575	0.07153	0.01100	0.05263	0.00607	0.02172	0.06714	0.00431	0.00276	0.00498
19	0.04215	0.07366	0.03923	0.08552	0.24464	0.04481	0.02899	0.01343	0.06380	0.09854	0.01360	0.06857	0.06652	0.01975	0.01799	0.00148	0.00467	0.02927	0.00297	0.04045

[dist]
# distance from previous block
# <min> <max>
0	99

# created by:
# /st0/software/busco_prod/Augustus/scripts/msa2prfl.pl ./align_prep/1620056.fa
