[name]
unknown

[dist]
# distance from previous block
# <min> <max>
13	50

[block]
# block no. 0 follows, 61 sequences, length 16
# corresponding to MSA columns:
# 129-144
name=unknown_A
#
# <colnr> <probs for GDERKNQSTAVLIFYWHMCP>
#	G	D	E	R	K	N	Q	S	T	A	V	L	I	F	Y	W	H	M	C	P
0	0.07056	0.00998	0.01175	0.02649	0.04996	0.07980	0.08896	0.21874	0.10437	0.05974	0.07400	0.05280	0.03341	0.01826	0.00510	0.02527	0.01831	0.00474	0.00351	0.04422
1	0.08967	0.07011	0.06334	0.05796	0.05988	0.09826	0.02242	0.11276	0.03082	0.07770	0.02114	0.03953	0.02065	0.04966	0.00553	0.00141	0.06152	0.00393	0.01598	0.09774
2	0.05615	0.27401	0.14193	0.06466	0.10250	0.04723	0.00947	0.10437	0.07081	0.04754	0.00850	0.00946	0.00664	0.00423	0.00365	0.00118	0.00492	0.00319	0.00257	0.03699
3	0.00692	0.00552	0.00632	0.00626	0.00732	0.02451	0.00461	0.07009	0.04732	0.01377	0.17020	0.33162	0.20400	0.02301	0.02877	0.00173	0.03095	0.00893	0.00400	0.00416
4	0.03721	0.00720	0.00908	0.05010	0.03232	0.00625	0.01871	0.04143	0.00981	0.12284	0.04876	0.08391	0.02736	0.03749	0.00457	0.00115	0.00349	0.01882	0.00322	0.43627
5	0.01340	0.25801	0.05649	0.00882	0.01196	0.13942	0.00779	0.19033	0.01206	0.10884	0.00901	0.00990	0.00705	0.00709	0.08107	0.00168	0.02793	0.00327	0.00293	0.04296
6	0.00893	0.00766	0.00893	0.00638	0.01021	0.00574	0.00510	0.01085	0.00893	0.01404	0.00766	0.00893	0.00638	0.00319	0.00319	0.00064	0.00319	0.00255	0.00255	0.87495
7	0.00802	0.00694	0.00815	0.07224	0.01059	0.02629	0.00532	0.00985	0.00952	0.01374	0.12870	0.06013	0.10449	0.00553	0.00390	0.00097	0.00319	0.00466	0.00305	0.51474
8	0.75779	0.00824	0.00673	0.00597	0.00857	0.00941	0.00487	0.05356	0.00822	0.04794	0.00755	0.05181	0.00628	0.00461	0.00296	0.00135	0.00337	0.00301	0.00292	0.00484
9	0.00626	0.00442	0.00603	0.00607	0.00660	0.00489	0.00438	0.00733	0.00688	0.00986	0.01269	0.04806	0.01285	0.27593	0.51635	0.00561	0.00852	0.00534	0.04848	0.00347
10	0.01160	0.03690	0.06575	0.01010	0.05486	0.04928	0.04326	0.24142	0.18671	0.03395	0.03486	0.07456	0.02684	0.02352	0.02414	0.00154	0.00459	0.03127	0.00361	0.04122
11	0.03600	0.17570	0.11904	0.08969	0.01425	0.04562	0.04918	0.15099	0.01137	0.05452	0.07322	0.03742	0.00973	0.00491	0.00412	0.00121	0.02049	0.00390	0.00287	0.09577
12	0.03728	0.01136	0.07194	0.05647	0.11999	0.05804	0.04335	0.25887	0.07381	0.13994	0.01076	0.01168	0.00793	0.02787	0.00492	0.00139	0.02302	0.00393	0.00346	0.03399
13	0.04909	0.02329	0.02300	0.01007	0.05471	0.03830	0.09157	0.20890	0.06643	0.14096	0.04358	0.04129	0.02352	0.05259	0.00537	0.00150	0.00445	0.05454	0.00368	0.06315
14	0.04437	0.01987	0.00977	0.00786	0.01021	0.03937	0.08634	0.08095	0.04355	0.13891	0.11810	0.10016	0.09073	0.04245	0.02310	0.00154	0.00390	0.00577	0.03287	0.10020
15	0.07531	0.05803	0.02846	0.03577	0.04603	0.02550	0.08020	0.16313	0.09586	0.04887	0.10336	0.03326	0.01167	0.00540	0.00493	0.00130	0.07022	0.00436	0.00330	0.10505

[dist]
# distance from previous block
# <min> <max>
5	22

[block]
# block no. 1 follows, 61 sequences, length 44
# corresponding to MSA columns:
# 167-210
name=unknown_B
#
# <colnr> <probs for GDERKNQSTAVLIFYWHMCP>
#	G	D	E	R	K	N	Q	S	T	A	V	L	I	F	Y	W	H	M	C	P
0	0.01125	0.24764	0.23001	0.08561	0.01467	0.07732	0.00975	0.06089	0.04548	0.08684	0.05669	0.02257	0.02412	0.00481	0.00387	0.00123	0.00508	0.00368	0.00268	0.00582
1	0.03044	0.16515	0.13554	0.02765	0.05296	0.04365	0.09194	0.17164	0.09660	0.11685	0.02049	0.01095	0.00791	0.00458	0.00404	0.00127	0.00504	0.00375	0.00314	0.00638
2	0.02788	0.24469	0.14739	0.00932	0.02950	0.06382	0.03746	0.06997	0.06456	0.01358	0.03799	0.05962	0.03819	0.00628	0.02015	0.00140	0.02664	0.06507	0.00273	0.03376
3	0.01267	0.13452	0.03432	0.04894	0.04505	0.08775	0.03572	0.12840	0.09984	0.14329	0.01162	0.08237	0.00957	0.00547	0.00450	0.00128	0.03875	0.00436	0.00333	0.06827
4	0.01305	0.03050	0.03377	0.03540	0.03044	0.11542	0.01681	0.05783	0.12723	0.23015	0.05022	0.02459	0.05582	0.00598	0.00582	0.00140	0.13303	0.00448	0.00363	0.02442
5	0.00630	0.00491	0.00562	0.00629	0.00671	0.05684	0.00427	0.00677	0.00820	0.01060	0.02032	0.67287	0.02399	0.01287	0.00672	0.10778	0.00300	0.01040	0.00359	0.02193
6	0.00858	0.00741	0.01185	0.08344	0.31872	0.00730	0.05290	0.01072	0.01012	0.04382	0.14571	0.04544	0.15736	0.01835	0.00498	0.00145	0.00406	0.05936	0.00316	0.00527
7	0.00971	0.02520	0.07203	0.06226	0.03648	0.00720	0.08884	0.08118	0.02011	0.12427	0.11249	0.12997	0.10317	0.00776	0.00487	0.00149	0.00406	0.10000	0.00371	0.00520
8	0.01124	0.01046	0.03549	0.03726	0.56440	0.01000	0.16638	0.01398	0.01006	0.08521	0.00899	0.01118	0.00706	0.00394	0.00443	0.00132	0.00544	0.00411	0.00241	0.00663
9	0.01047	0.00932	0.01583	0.26331	0.52074	0.00980	0.02866	0.01308	0.00963	0.06533	0.00856	0.01118	0.00675	0.00407	0.00430	0.00133	0.00525	0.00389	0.00228	0.00624
10	0.03312	0.00775	0.00940	0.00756	0.01032	0.00757	0.00612	0.20623	0.02406	0.41867	0.03724	0.07856	0.04072	0.00646	0.01357	0.00140	0.00368	0.00503	0.07609	0.00645
11	0.00740	0.00377	0.00555	0.00555	0.00555	0.00377	0.00367	0.00565	0.00565	0.00754	0.00787	0.01407	0.00801	0.06860	0.01716	0.81866	0.00377	0.00390	0.00192	0.00192
12	0.02870	0.37022	0.34132	0.01005	0.01470	0.06326	0.03825	0.06460	0.00986	0.01297	0.00710	0.00822	0.00563	0.00399	0.00354	0.00116	0.00557	0.00288	0.00204	0.00594
13	0.00569	0.00430	0.00528	0.00554	0.00642	0.00396	0.00401	0.00729	0.03100	0.01352	0.29865	0.32933	0.22364	0.01103	0.00524	0.00154	0.00233	0.03314	0.00426	0.00382
14	0.01933	0.00733	0.01000	0.00766	0.01100	0.00633	0.00633	0.02099	0.01233	0.82473	0.01699	0.01466	0.01066	0.00533	0.00433	0.00133	0.00367	0.00433	0.00533	0.00733
15	0.00650	0.00556	0.00914	0.00839	0.00963	0.00533	0.15336	0.00835	0.03939	0.01197	0.03728	0.52183	0.06597	0.01210	0.05055	0.00195	0.00395	0.04106	0.00360	0.00411
16	0.36255	0.00910	0.01036	0.00819	0.01134	0.00959	0.06967	0.18203	0.02717	0.25457	0.01054	0.01047	0.00728	0.00464	0.00372	0.00134	0.00404	0.00351	0.00378	0.00613
17	0.00893	0.00766	0.00893	0.00638	0.01021	0.00574	0.00510	0.01085	0.00893	0.01404	0.00766	0.00893	0.00638	0.00319	0.00319	0.00064	0.00319	0.00255	0.00255	0.87495
18	0.00987	0.00516	0.00658	0.00616	0.00749	0.00473	0.00450	0.02179	0.00961	0.25035	0.06641	0.25514	0.09230	0.19549	0.00874	0.00212	0.00325	0.04165	0.00413	0.00455
19	0.01057	0.01014	0.01731	0.05731	0.79163	0.01021	0.01317	0.01314	0.00976	0.01396	0.00809	0.01069	0.00678	0.00386	0.00427	0.00129	0.00514	0.00384	0.00212	0.00675
20	0.04164	0.01364	0.01890	0.01424	0.01784	0.19843	0.41407	0.19726	0.01286	0.01631	0.00853	0.01029	0.00643	0.00418	0.00455	0.00133	0.00667	0.00419	0.00269	0.00593
21	0.00542	0.00408	0.00499	0.00539	0.00614	0.00368	0.00379	0.00655	0.00956	0.01258	0.21330	0.41860	0.25108	0.02728	0.00559	0.00162	0.00233	0.01023	0.00415	0.00365
22	0.00928	0.00725	0.00866	0.00656	0.00997	0.00561	0.00526	0.01112	0.00919	0.06597	0.01014	0.05364	0.00908	0.00447	0.00358	0.00083	0.00324	0.06002	0.00290	0.71324
23	0.00694	0.00496	0.00694	0.00793	0.00892	0.00496	0.00694	0.00892	0.00992	0.01289	0.02281	0.04859	0.02479	0.01190	0.00595	0.00198	0.00397	0.79275	0.00397	0.00397
24	0.01354	0.01579	0.01190	0.01073	0.01292	0.52609	0.06046	0.04071	0.08220	0.01237	0.01086	0.01642	0.00991	0.00592	0.00440	0.00133	0.00655	0.14999	0.00280	0.00509
25	0.14013	0.00570	0.00661	0.00643	0.00789	0.00564	0.00481	0.06132	0.00972	0.15555	0.02006	0.41967	0.07140	0.02789	0.00514	0.00163	0.00305	0.03876	0.00402	0.00460
26	0.00609	0.00421	0.00470	0.00469	0.00494	0.00410	0.00277	0.00635	0.00705	0.00925	0.05785	0.03021	0.12746	0.69164	0.01877	0.00366	0.00380	0.00673	0.00291	0.00282
27	0.03449	0.00480	0.00587	0.00642	0.00758	0.00457	0.00533	0.00790	0.00964	0.01246	0.02949	0.06599	0.30988	0.03739	0.00602	0.00183	0.00327	0.43936	0.00390	0.00382
28	0.00785	0.00543	0.00730	0.00791	0.00908	0.00547	0.00677	0.06486	0.01058	0.03902	0.02183	0.10935	0.02343	0.01135	0.00575	0.00190	0.00389	0.64993	0.00404	0.00427
29	0.00658	0.00433	0.00650	0.00650	0.00702	0.00485	0.00485	0.00702	0.00650	0.00919	0.01023	0.01569	0.00971	0.02671	0.56855	0.28703	0.00902	0.00433	0.00217	0.00321
30	0.00685	0.00491	0.00678	0.00771	0.00869	0.00489	0.00668	0.00875	0.00981	0.01272	0.02334	0.04775	0.05477	0.03516	0.00636	0.00202	0.00390	0.74106	0.00393	0.00392
31	0.03703	0.00955	0.01116	0.00866	0.01194	0.00979	0.00712	0.37595	0.05936	0.38981	0.02602	0.01288	0.00961	0.00531	0.00430	0.00132	0.00410	0.00416	0.00475	0.00719
32	0.87904	0.00833	0.00633	0.00566	0.00833	0.00966	0.00467	0.01266	0.00733	0.01933	0.00600	0.00700	0.00467	0.00400	0.00267	0.00133	0.00333	0.00233	0.00267	0.00467
33	0.05504	0.02885	0.01201	0.01014	0.01281	0.47054	0.00790	0.22483	0.05667	0.06808	0.00883	0.00928	0.00671	0.00473	0.00398	0.00120	0.00623	0.00325	0.00310	0.00585
34	0.12272	0.01072	0.01194	0.00956	0.01267	0.01194	0.05867	0.42044	0.25673	0.02256	0.01185	0.01173	0.00869	0.00513	0.00417	0.00136	0.00432	0.00406	0.00399	0.00674
35	0.00538	0.00417	0.00491	0.00516	0.00611	0.00369	0.00370	0.00659	0.00987	0.01278	0.22323	0.30524	0.37122	0.01126	0.00522	0.00153	0.00225	0.00982	0.00418	0.00369
36	0.01287	0.01142	0.01742	0.01310	0.01623	0.01245	0.29229	0.37689	0.01413	0.01928	0.00889	0.01063	0.00673	0.00506	0.00641	0.00146	0.16104	0.00429	0.00310	0.00630
37	0.00519	0.00425	0.00459	0.00480	0.00598	0.00365	0.00351	0.00626	0.00958	0.01173	0.06676	0.20725	0.61530	0.01139	0.00519	0.00152	0.00227	0.02313	0.00403	0.00363
38	0.00618	0.00419	0.00467	0.00467	0.00478	0.00414	0.00266	0.00626	0.00651	0.00858	0.01567	0.02912	0.07187	0.79008	0.02075	0.00399	0.00404	0.00646	0.00271	0.00268
39	0.01259	0.00983	0.01089	0.00815	0.01176	0.00955	0.00664	0.39803	0.03180	0.02049	0.00917	0.00977	0.00699	0.00421	0.00376	0.00097	0.00395	0.00325	0.00345	0.43477
40	0.00549	0.00454	0.00485	0.00489	0.00624	0.00400	0.00368	0.00711	0.04126	0.01239	0.10806	0.09294	0.63450	0.01074	0.00513	0.00149	0.00231	0.04251	0.00408	0.00380
41	0.15401	0.00565	0.00682	0.00741	0.00873	0.00590	0.00636	0.00992	0.03799	0.01403	0.02026	0.03982	0.04558	0.02605	0.00561	0.00188	0.00379	0.59232	0.00374	0.00415
42	0.00783	0.00583	0.00720	0.00748	0.00892	0.00594	0.00629	0.04118	0.13207	0.03310	0.02518	0.04012	0.16625	0.01039	0.00546	0.00177	0.00358	0.48279	0.00408	0.00455
43	0.00777	0.00586	0.00692	0.00639	0.00790	0.00599	0.00487	0.01258	0.23966	0.04468	0.49314	0.04628	0.08455	0.00810	0.00487	0.00140	0.00250	0.00703	0.00459	0.00492

[dist]
# distance from previous block
# <min> <max>
0	1

[block]
# block no. 2 follows, 61 sequences, length 13
# corresponding to MSA columns:
# 212-224
name=unknown_C
#
# <colnr> <probs for GDERKNQSTAVLIFYWHMCP>
#	G	D	E	R	K	N	Q	S	T	A	V	L	I	F	Y	W	H	M	C	P
0	0.29533	0.00591	0.00598	0.00559	0.00702	0.00630	0.00412	0.01030	0.02294	0.07520	0.09545	0.06066	0.02773	0.23342	0.07402	0.00254	0.00396	0.00504	0.05438	0.00411
1	0.00887	0.00641	0.00816	0.00834	0.00983	0.00667	0.00720	0.17177	0.01202	0.01580	0.02026	0.04079	0.02123	0.01053	0.00562	0.00184	0.00412	0.63186	0.00404	0.00465
2	0.05670	0.00520	0.00683	0.00695	0.00828	0.00494	0.00546	0.01076	0.00966	0.20321	0.02091	0.36595	0.02189	0.01058	0.00520	0.00170	0.00326	0.24368	0.00423	0.00460
3	0.00685	0.00436	0.00524	0.00528	0.00591	0.00408	0.00348	0.00751	0.00827	0.07516	0.08666	0.24258	0.13873	0.37231	0.01240	0.00269	0.00323	0.00821	0.00357	0.00349
4	0.00769	0.00585	0.00841	0.01044	0.18907	0.00583	0.00621	0.02438	0.04156	0.01158	0.04650	0.09541	0.13665	0.07937	0.05428	0.21871	0.00412	0.04699	0.00290	0.00406
5	0.12965	0.01027	0.01444	0.34934	0.03911	0.10135	0.18336	0.01380	0.09203	0.01350	0.00857	0.01094	0.00653	0.00428	0.00421	0.00139	0.00571	0.00389	0.00237	0.00527
6	0.00940	0.00751	0.00886	0.00644	0.01012	0.00570	0.00514	0.01127	0.00910	0.06033	0.00872	0.03702	0.00736	0.00365	0.00333	0.00071	0.00319	0.00298	0.00276	0.79639
7	0.00558	0.00438	0.00497	0.00502	0.00610	0.00392	0.00364	0.00705	0.02871	0.01293	0.23795	0.16812	0.42089	0.06370	0.00620	0.00165	0.00235	0.00899	0.00411	0.00373
8	0.01098	0.01008	0.01584	0.04608	0.28216	0.02801	0.17689	0.15471	0.07192	0.01627	0.02628	0.03431	0.01012	0.00570	0.01695	0.00149	0.00532	0.07778	0.00296	0.00615
9	0.14354	0.00766	0.00950	0.00750	0.01066	0.00718	0.00620	0.05316	0.03024	0.63308	0.01528	0.01432	0.01009	0.00532	0.00413	0.00135	0.00367	0.02544	0.00484	0.00684
10	0.00553	0.00404	0.00493	0.00551	0.00619	0.00369	0.00389	0.00657	0.00899	0.01189	0.07780	0.48297	0.22986	0.02839	0.00557	0.00167	0.00247	0.05270	0.05372	0.00361
11	0.00738	0.00542	0.00769	0.05680	0.00945	0.00535	0.05928	0.04932	0.00928	0.04675	0.02094	0.30618	0.10656	0.13787	0.00802	0.01848	0.00366	0.13397	0.00357	0.00402
12	0.15689	0.03069	0.01122	0.00950	0.05575	0.05993	0.00729	0.29117	0.12990	0.18764	0.01160	0.01130	0.00825	0.00496	0.00399	0.00131	0.00429	0.00376	0.00396	0.00661

[dist]
# distance from previous block
# <min> <max>
0	1

[block]
# block no. 3 follows, 61 sequences, length 11
# corresponding to MSA columns:
# 226-236
name=unknown_D
#
# <colnr> <probs for GDERKNQSTAVLIFYWHMCP>
#	G	D	E	R	K	N	Q	S	T	A	V	L	I	F	Y	W	H	M	C	P
0	0.00855	0.00619	0.00710	0.00663	0.00832	0.00632	0.00516	0.05606	0.20479	0.07201	0.16365	0.07702	0.21151	0.02367	0.02299	0.00164	0.00311	0.08077	0.02956	0.00496
1	0.19551	0.01214	0.01474	0.06798	0.12239	0.19415	0.20374	0.04864	0.01017	0.02852	0.00778	0.00994	0.00621	0.02408	0.00466	0.00138	0.02344	0.00363	0.00242	0.01849
2	0.02595	0.04252	0.09373	0.02891	0.11069	0.04550	0.10695	0.19982	0.12527	0.08081	0.05123	0.01233	0.00948	0.00480	0.00428	0.00130	0.00490	0.00414	0.00333	0.04407
3	0.01201	0.00786	0.00903	0.00784	0.01024	0.00832	0.00620	0.04806	0.41687	0.21512	0.13250	0.01981	0.05410	0.00650	0.00454	0.00142	0.00328	0.02529	0.00463	0.00635
4	0.00698	0.00476	0.00538	0.00524	0.00557	0.00489	0.00326	0.04724	0.03152	0.01000	0.01387	0.02720	0.01531	0.70839	0.03679	0.00384	0.00428	0.03772	0.02466	0.00309
5	0.01121	0.04372	0.19116	0.05095	0.36369	0.02599	0.05444	0.07052	0.01052	0.07666	0.00875	0.01040	0.00670	0.00408	0.00416	0.00127	0.00532	0.00366	0.00247	0.05434
6	0.00895	0.02215	0.00954	0.12726	0.05112	0.06301	0.00715	0.03988	0.00994	0.02918	0.04812	0.10296	0.01441	0.00693	0.00447	0.00132	0.00412	0.19198	0.00310	0.25443
7	0.00673	0.05089	0.00626	0.00561	0.00639	0.00482	0.00394	0.00752	0.00817	0.05129	0.05052	0.27358	0.13727	0.26965	0.08094	0.00282	0.00392	0.02266	0.00340	0.00361
8	0.00957	0.05597	0.46073	0.06273	0.09959	0.00991	0.05331	0.05880	0.00995	0.03244	0.03213	0.03178	0.00756	0.00446	0.00414	0.00131	0.00561	0.00374	0.00228	0.05397
9	0.31607	0.12318	0.07348	0.00797	0.01121	0.05882	0.00707	0.16077	0.12224	0.01811	0.00867	0.00918	0.00666	0.00441	0.00343	0.00124	0.00425	0.00307	0.00300	0.05718
10	0.02616	0.12076	0.08718	0.01054	0.08775	0.08497	0.00844	0.24721	0.08997	0.05807	0.01166	0.01198	0.05434	0.00491	0.00398	0.00121	0.00470	0.00379	0.00324	0.07914

[dist]
# distance from previous block
# <min> <max>
6	29

[block]
# block no. 4 follows, 61 sequences, length 46
# corresponding to MSA columns:
# 266-311
name=unknown_E
#
# <colnr> <probs for GDERKNQSTAVLIFYWHMCP>
#	G	D	E	R	K	N	Q	S	T	A	V	L	I	F	Y	W	H	M	C	P
0	0.00672	0.00445	0.00541	0.00564	0.00651	0.00409	0.00398	0.01946	0.00910	0.07390	0.06179	0.37415	0.22711	0.13411	0.00769	0.00198	0.00283	0.04337	0.00393	0.00380
1	0.00885	0.00532	0.00675	0.00624	0.00775	0.00499	0.00481	0.02891	0.05505	0.16379	0.39010	0.13582	0.10127	0.00891	0.00499	0.00145	0.00265	0.05297	0.00461	0.00477
2	0.00623	0.00445	0.00619	0.00619	0.00669	0.00496	0.00447	0.00718	0.00668	0.00941	0.01204	0.02030	0.01218	0.28554	0.55378	0.03382	0.00900	0.00510	0.00239	0.00340
3	0.00579	0.00422	0.00481	0.00488	0.00580	0.00383	0.00346	0.00699	0.00957	0.01284	0.21759	0.16121	0.32336	0.12566	0.00727	0.00181	0.00245	0.00841	0.08643	0.00361
4	0.05499	0.00522	0.00650	0.00619	0.00762	0.00485	0.00461	0.02489	0.01001	0.21496	0.11546	0.33867	0.11321	0.04959	0.00573	0.00166	0.00289	0.02404	0.00429	0.00463
5	0.32468	0.00609	0.00597	0.00575	0.00736	0.00654	0.00448	0.04170	0.00896	0.04388	0.05933	0.13876	0.01437	0.05551	0.00483	0.00155	0.00304	0.07901	0.18387	0.00434
6	0.01373	0.01699	0.01746	0.01390	0.01697	0.50501	0.32562	0.01585	0.01140	0.01184	0.00748	0.00930	0.00594	0.00412	0.00436	0.00125	0.00757	0.00369	0.00220	0.00532
7	0.13585	0.00501	0.00558	0.00583	0.00688	0.00502	0.00429	0.03719	0.00927	0.01382	0.10613	0.36711	0.13470	0.04260	0.00550	0.00167	0.00277	0.06927	0.03761	0.00391
8	0.08282	0.00525	0.00632	0.00616	0.00744	0.00507	0.00457	0.04866	0.01028	0.12065	0.19641	0.35136	0.08291	0.02664	0.00526	0.00158	0.00278	0.02721	0.00421	0.00442
9	0.23946	0.00865	0.00803	0.00712	0.00935	0.11282	0.00558	0.05292	0.04216	0.20619	0.04783	0.13763	0.05082	0.00660	0.00406	0.00138	0.00379	0.01823	0.03211	0.00527
10	0.00569	0.00422	0.00531	0.00591	0.00663	0.00392	0.00431	0.01600	0.00930	0.01214	0.10167	0.45625	0.19634	0.02744	0.00573	0.00172	0.00266	0.12701	0.00404	0.00368
11	0.22706	0.00702	0.00833	0.00688	0.00958	0.00677	0.00558	0.01644	0.01045	0.48250	0.04060	0.07348	0.02552	0.00736	0.05184	0.00169	0.00388	0.00462	0.00437	0.00603
12	0.00542	0.00400	0.00516	0.00586	0.00641	0.00374	0.00412	0.00642	0.00877	0.01157	0.08203	0.57954	0.14877	0.01377	0.05264	0.00198	0.00301	0.04925	0.00395	0.00360
13	0.46465	0.00785	0.00810	0.00663	0.00962	0.00806	0.00547	0.01668	0.00974	0.40754	0.01130	0.01069	0.00756	0.00464	0.00347	0.00133	0.00349	0.00330	0.00395	0.00595
14	0.00593	0.00420	0.00528	0.00552	0.00635	0.00390	0.00399	0.00729	0.00983	0.02507	0.27983	0.32624	0.16949	0.01201	0.05287	0.00183	0.00283	0.01993	0.05380	0.00381
15	0.00675	0.00447	0.00679	0.05448	0.00820	0.00503	0.00516	0.00712	0.00654	0.00914	0.00983	0.01521	0.00928	0.02435	0.48591	0.32384	0.00835	0.00425	0.00213	0.00318
16	0.01038	0.00995	0.01697	0.11712	0.73327	0.01016	0.01308	0.01297	0.00967	0.01373	0.00805	0.01075	0.00670	0.00389	0.00427	0.00130	0.00519	0.00384	0.00211	0.00660
17	0.00660	0.00406	0.00467	0.00485	0.00569	0.00386	0.00350	0.00816	0.00950	0.01443	0.18267	0.23441	0.10196	0.02428	0.00463	0.00137	0.00220	0.00743	0.37190	0.00383
18	0.01248	0.01399	0.01441	0.03011	0.01444	0.34496	0.16467	0.07963	0.01077	0.01243	0.00770	0.01009	0.00645	0.00777	0.08587	0.01862	0.15445	0.00371	0.00232	0.00512
19	0.16286	0.01027	0.01140	0.00987	0.06257	0.01122	0.02201	0.41269	0.11584	0.09111	0.04018	0.01169	0.00904	0.00509	0.00408	0.00133	0.00421	0.00394	0.00396	0.00663
20	0.00676	0.00483	0.00673	0.00773	0.00864	0.00480	0.00663	0.00861	0.00974	0.01269	0.02291	0.13349	0.02518	0.01207	0.00590	0.00196	0.00381	0.70963	0.00397	0.00392
21	0.87904	0.00833	0.00633	0.00566	0.00833	0.00966	0.00467	0.01266	0.00733	0.01933	0.00600	0.00700	0.00467	0.00400	0.00267	0.00133	0.00333	0.00233	0.00267	0.00467
22	0.00524	0.00377	0.00498	0.00594	0.00623	0.00350	0.00397	0.00600	0.00830	0.01102	0.02441	0.81873	0.05513	0.01341	0.00548	0.00174	0.00249	0.01214	0.00400	0.00350
23	0.00529	0.00383	0.00492	0.00577	0.00612	0.00355	0.00385	0.00603	0.00829	0.01091	0.02509	0.72116	0.10443	0.06098	0.00640	0.00186	0.00256	0.01160	0.00392	0.00346
24	0.00893	0.00766	0.00893	0.00638	0.01021	0.00574	0.00510	0.01085	0.00893	0.01404	0.00766	0.00893	0.00638	0.00319	0.00319	0.00064	0.00319	0.00255	0.00255	0.87495
25	0.01142	0.01083	0.01019	0.00917	0.01146	0.12888	0.00711	0.03127	0.64383	0.01665	0.01551	0.02799	0.01194	0.00582	0.00471	0.00143	0.03677	0.00463	0.00397	0.00643
26	0.05923	0.00952	0.02736	0.04056	0.01226	0.03421	0.03933	0.04009	0.19208	0.08927	0.01019	0.01186	0.00815	0.00767	0.05574	0.00191	0.34801	0.00406	0.00294	0.00555
27	0.01261	0.02093	0.04303	0.14898	0.06128	0.00854	0.02294	0.10273	0.12098	0.24538	0.01349	0.09094	0.01058	0.00562	0.00433	0.00134	0.00422	0.00479	0.00374	0.07353
28	0.11403	0.01130	0.01188	0.00928	0.01257	0.01251	0.00764	0.64165	0.06384	0.05691	0.01052	0.01046	0.00749	0.00508	0.00413	0.00131	0.00446	0.00378	0.00417	0.00699
29	0.01152	0.85121	0.02257	0.00737	0.01106	0.01704	0.00737	0.01290	0.00875	0.01013	0.00599	0.00691	0.00553	0.00369	0.00276	0.00092	0.00461	0.00230	0.00184	0.00553
30	0.00748	0.00374	0.00561	0.00561	0.00561	0.00374	0.00374	0.00561	0.00561	0.00748	0.00748	0.01309	0.00748	0.01496	0.01684	0.87467	0.00374	0.00374	0.00187	0.00187
31	0.00614	0.00405	0.00533	0.00595	0.00652	0.00373	0.00410	0.00709	0.00898	0.05821	0.10912	0.67042	0.06934	0.01240	0.00537	0.00167	0.00250	0.01116	0.00415	0.00379
32	0.03238	0.04433	0.05446	0.00845	0.01177	0.00881	0.00735	0.20312	0.01326	0.42880	0.01366	0.01414	0.00959	0.00543	0.00457	0.00132	0.03226	0.04491	0.00436	0.05702
33	0.00797	0.00519	0.00623	0.00585	0.00638	0.00544	0.00389	0.09238	0.05374	0.01070	0.01151	0.02053	0.01193	0.42394	0.04734	0.27173	0.00433	0.00509	0.00265	0.00317
34	0.00750	0.01153	0.29812	0.02594	0.06996	0.00696	0.04731	0.01036	0.00967	0.02577	0.11946	0.13823	0.15967	0.00758	0.00475	0.00146	0.00432	0.04328	0.00308	0.00506
35	0.01056	0.03290	0.25908	0.07363	0.06379	0.02866	0.07735	0.06219	0.09492	0.08114	0.02186	0.03534	0.00831	0.00462	0.00416	0.00127	0.00506	0.00395	0.00280	0.12843
36	0.00989	0.00822	0.04843	0.11077	0.01330	0.00677	0.04159	0.01203	0.00948	0.11666	0.04088	0.01286	0.05506	0.00446	0.00413	0.00101	0.03058	0.00369	0.00292	0.46727
37	0.03001	0.00879	0.01424	0.20493	0.10060	0.00853	0.17000	0.03997	0.01005	0.13089	0.00987	0.01158	0.01941	0.00412	0.00416	0.00120	0.00492	0.00389	0.00277	0.22006
38	0.02474	0.05131	0.19269	0.03199	0.11312	0.01010	0.20474	0.04276	0.07682	0.03121	0.02180	0.01365	0.06862	0.00495	0.00496	0.00138	0.05363	0.01161	0.00259	0.03732
39	0.00857	0.01918	0.07059	0.25962	0.01646	0.00749	0.05873	0.02452	0.00914	0.05145	0.05814	0.03186	0.07460	0.02719	0.05328	0.04838	0.01705	0.00456	0.00265	0.15655
40	0.00815	0.00666	0.02186	0.00701	0.00843	0.06911	0.01521	0.02328	0.05602	0.06816	0.13940	0.33627	0.07797	0.00977	0.00501	0.00152	0.00330	0.08609	0.00394	0.05285
41	0.02966	0.05282	0.64506	0.01183	0.01737	0.05754	0.05073	0.01370	0.02522	0.01346	0.00839	0.04000	0.00650	0.00445	0.00410	0.00135	0.00615	0.00356	0.00201	0.00609
42	0.05731	0.00573	0.00770	0.15116	0.01110	0.02182	0.00604	0.00842	0.00767	0.01089	0.05870	0.03290	0.06841	0.11168	0.30447	0.07668	0.04797	0.00501	0.00252	0.00381
43	0.02547	0.00881	0.01071	0.00856	0.01136	0.00904	0.03609	0.35002	0.02803	0.25695	0.05271	0.11437	0.02251	0.00689	0.01932	0.00147	0.00412	0.00533	0.02181	0.00644
44	0.32359	0.00705	0.02388	0.00671	0.00896	0.00696	0.05114	0.01129	0.00899	0.10070	0.10834	0.06905	0.09307	0.04299	0.05800	0.00183	0.00390	0.01680	0.00335	0.05341
45	0.40403	0.02409	0.00779	0.00651	0.00875	0.00805	0.02308	0.05654	0.00887	0.04389	0.07466	0.01433	0.03941	0.04677	0.03772	0.05212	0.02350	0.03280	0.00299	0.08411

[dist]
# distance from previous block
# <min> <max>
0	12

# created by:
# /st0/software/busco_prod/Augustus/scripts/msa2prfl.pl ./align_prep/1623701.fa
