[name]
unknown

[dist]
# distance from previous block
# <min> <max>
0	63

[block]
# block no. 0 follows, 50 sequences, length 26
# corresponding to MSA columns:
# 450-475
name=unknown_A
#
# <colnr> <probs for GDERKNQSTAVLIFYWHMCP>
#	G	D	E	R	K	N	Q	S	T	A	V	L	I	F	Y	W	H	M	C	P
0	0.07142	0.31422	0.01654	0.00922	0.03325	0.07892	0.00772	0.06796	0.05563	0.01575	0.02223	0.01321	0.04192	0.00611	0.02640	0.00138	0.00517	0.02226	0.00301	0.18766
1	0.01359	0.22647	0.08457	0.01029	0.01369	0.16625	0.00909	0.07947	0.19679	0.02775	0.05760	0.05561	0.01284	0.00632	0.00458	0.00144	0.00557	0.01785	0.00357	0.00667
2	0.04772	0.50816	0.02078	0.00939	0.01313	0.06376	0.00852	0.09507	0.14019	0.01571	0.00970	0.01030	0.00804	0.00503	0.00410	0.00127	0.02597	0.00342	0.00298	0.00676
3	0.00982	0.00775	0.00990	0.00879	0.00919	0.00942	0.00653	0.05607	0.00863	0.03958	0.01220	0.02253	0.01295	0.42717	0.04029	0.00363	0.30226	0.00590	0.00293	0.00447
4	0.00996	0.00915	0.01495	0.76712	0.03325	0.01132	0.01359	0.05635	0.01074	0.01380	0.00904	0.01321	0.00675	0.00504	0.00498	0.00165	0.00658	0.00443	0.00237	0.00570
5	0.01026	0.00972	0.01648	0.58605	0.25451	0.01130	0.01426	0.01348	0.01037	0.01376	0.00901	0.01301	0.00701	0.00483	0.00497	0.00161	0.00643	0.00443	0.00229	0.00622
6	0.01236	0.01149	0.01744	0.02421	0.55011	0.01202	0.01299	0.01879	0.25267	0.01771	0.01278	0.01429	0.01018	0.00517	0.00498	0.00155	0.00530	0.00481	0.00328	0.00789
7	0.00836	0.00470	0.00689	0.04303	0.00785	0.00489	0.00478	0.00711	0.00690	0.00926	0.01005	0.01779	0.01018	0.12439	0.09717	0.62146	0.00539	0.00482	0.00233	0.00265
8	0.01377	0.75984	0.02511	0.00889	0.01301	0.08611	0.00862	0.01535	0.01047	0.01177	0.00700	0.00808	0.00640	0.00434	0.00331	0.00108	0.00564	0.00271	0.00217	0.00634
9	0.01002	0.00995	0.04947	0.33065	0.29694	0.01004	0.01267	0.01296	0.01072	0.01475	0.06144	0.09641	0.01239	0.00614	0.00509	0.00158	0.00563	0.00562	0.00279	0.04473
10	0.01340	0.27067	0.34684	0.01222	0.05085	0.04001	0.01288	0.04732	0.03324	0.11363	0.01009	0.01086	0.00751	0.00488	0.00431	0.00140	0.00616	0.00364	0.00285	0.00724
11	0.01055	0.02305	0.67234	0.01433	0.05315	0.01121	0.01697	0.01569	0.01060	0.05214	0.01013	0.04321	0.00773	0.00535	0.00519	0.00161	0.03285	0.00422	0.00241	0.00725
12	0.00765	0.00611	0.00777	0.00771	0.00855	0.04332	0.00577	0.00908	0.00826	0.01133	0.01457	0.02215	0.03578	0.17018	0.61068	0.00697	0.01137	0.00572	0.00278	0.00426
13	0.01176	0.03825	0.46130	0.04045	0.03502	0.01017	0.01377	0.04897	0.01169	0.13147	0.04925	0.10111	0.01215	0.00643	0.00499	0.00161	0.00599	0.00532	0.00328	0.00702
14	0.04718	0.01236	0.12120	0.15608	0.26538	0.02240	0.06372	0.01654	0.01149	0.18045	0.01212	0.04852	0.00936	0.00543	0.00498	0.00157	0.00588	0.00489	0.00328	0.00716
15	0.00878	0.00714	0.01093	0.19939	0.16856	0.00738	0.00889	0.01072	0.01042	0.04786	0.02197	0.34639	0.11138	0.01017	0.00564	0.00177	0.00438	0.00915	0.00371	0.00537
16	0.04977	0.00852	0.01143	0.00879	0.01262	0.00745	0.00726	0.02398	0.01408	0.77183	0.01925	0.01668	0.01211	0.00612	0.00495	0.00154	0.00423	0.00494	0.00607	0.00838
17	0.01167	0.01205	0.09471	0.20652	0.23096	0.03295	0.11864	0.03894	0.01135	0.06720	0.01185	0.09104	0.01025	0.02100	0.00574	0.00168	0.01832	0.00556	0.00292	0.00663
18	0.01092	0.09251	0.44414	0.02939	0.10018	0.01193	0.11122	0.03460	0.01113	0.02953	0.02473	0.05783	0.00908	0.00538	0.00489	0.00156	0.00670	0.00470	0.00255	0.00703
19	0.00980	0.00935	0.01612	0.70299	0.10460	0.01122	0.04964	0.01312	0.01018	0.01322	0.00896	0.01321	0.00680	0.00490	0.00502	0.00165	0.00666	0.00450	0.00225	0.00581
20	0.00890	0.07257	0.23592	0.01001	0.01317	0.00821	0.05301	0.01181	0.02936	0.04731	0.02027	0.39129	0.05757	0.01024	0.00552	0.00176	0.00473	0.00906	0.00368	0.00562
21	0.01311	0.05901	0.15601	0.06708	0.14225	0.01064	0.08980	0.04140	0.08330	0.16542	0.01443	0.11038	0.01196	0.00643	0.00510	0.00160	0.00557	0.00574	0.00366	0.00711
22	0.09771	0.10700	0.25208	0.04054	0.16031	0.06395	0.06530	0.05097	0.01167	0.09119	0.00976	0.01120	0.00730	0.00481	0.00455	0.00148	0.00630	0.00392	0.00285	0.00711
23	0.01051	0.11896	0.57642	0.01446	0.04755	0.01242	0.08488	0.01539	0.01051	0.01516	0.00901	0.01093	0.00675	0.00601	0.03870	0.00180	0.00742	0.00386	0.00218	0.00709
24	0.01168	0.06619	0.09578	0.11817	0.25246	0.03256	0.01134	0.06105	0.01185	0.07378	0.04040	0.14559	0.04393	0.00709	0.00510	0.00158	0.00531	0.00622	0.00334	0.00659
25	0.01280	0.17518	0.37594	0.02532	0.08124	0.01210	0.01323	0.02601	0.01115	0.13604	0.01046	0.01180	0.00779	0.02602	0.00498	0.00150	0.00606	0.00383	0.00288	0.05565

[dist]
# distance from previous block
# <min> <max>
7	39

[block]
# block no. 1 follows, 50 sequences, length 26
# corresponding to MSA columns:
# 519-529,534,535,537-549
name=unknown_B
#
# <colnr> <probs for GDERKNQSTAVLIFYWHMCP>
#	G	D	E	R	K	N	Q	S	T	A	V	L	I	F	Y	W	H	M	C	P
0	0.01325	0.19727	0.06416	0.05153	0.24538	0.07502	0.12113	0.08884	0.01215	0.01589	0.00881	0.01107	0.00722	0.00491	0.00544	0.00146	0.06278	0.00411	0.00260	0.00699
1	0.01068	0.01577	0.30613	0.40400	0.06193	0.01172	0.01518	0.08772	0.01153	0.01583	0.00921	0.01209	0.00675	0.00496	0.00489	0.00161	0.00677	0.00416	0.00245	0.00661
2	0.01268	0.02909	0.36318	0.01341	0.06011	0.01223	0.03150	0.11605	0.23199	0.05995	0.01313	0.01347	0.00955	0.00551	0.00489	0.00159	0.00591	0.00449	0.00355	0.00771
3	0.00725	0.00567	0.00711	0.00784	0.02772	0.02575	0.00537	0.00841	0.00954	0.01288	0.02231	0.51918	0.02572	0.07739	0.09502	0.00276	0.00458	0.04925	0.00403	0.08224
4	0.00840	0.00677	0.00775	0.00795	0.00931	0.00716	0.00576	0.01421	0.29737	0.01581	0.02703	0.44898	0.09957	0.01204	0.00584	0.00187	0.00325	0.01065	0.00479	0.00549
5	0.01295	0.01271	0.06919	0.08968	0.34585	0.01249	0.06080	0.13836	0.17057	0.01925	0.01198	0.01359	0.00924	0.00521	0.00502	0.00156	0.00576	0.00473	0.00335	0.00767
6	0.01777	0.00977	0.02460	0.03226	0.02987	0.00953	0.08814	0.02007	0.02251	0.47971	0.01517	0.01493	0.01028	0.00620	0.00701	0.00163	0.14677	0.00484	0.00467	0.05426
7	0.00941	0.00886	0.01495	0.81285	0.03433	0.01107	0.01384	0.01274	0.00997	0.01274	0.00886	0.01329	0.00664	0.00498	0.00498	0.00166	0.00664	0.00443	0.00221	0.00554
8	0.01397	0.36365	0.08060	0.06351	0.06734	0.01537	0.03890	0.10668	0.08687	0.08238	0.01044	0.01135	0.00815	0.00507	0.00452	0.00137	0.02577	0.00384	0.00314	0.00707
9	0.07079	0.00894	0.04808	0.00914	0.01123	0.04473	0.00762	0.06381	0.01052	0.14988	0.01300	0.01634	0.01073	0.02272	0.43157	0.00501	0.06194	0.00480	0.00339	0.00575
10	0.04315	0.09032	0.09218	0.16108	0.23415	0.01185	0.02290	0.01500	0.06487	0.03950	0.06110	0.01597	0.01134	0.00595	0.00581	0.00161	0.07256	0.04113	0.00295	0.00661
11	0.00696	0.00548	0.00780	0.00743	0.00870	0.00503	0.05833	0.00883	0.01207	0.01632	0.36025	0.26176	0.16195	0.01189	0.00607	0.00176	0.00306	0.04688	0.00485	0.00457
12	0.09501	0.74890	0.02431	0.00834	0.01249	0.01890	0.00823	0.01490	0.00997	0.01275	0.00693	0.00801	0.00630	0.00430	0.00319	0.00111	0.00519	0.00267	0.00222	0.00630
13	0.00655	0.00459	0.00582	0.00642	0.00676	0.00437	0.00419	0.00740	0.00959	0.01297	0.13944	0.48302	0.03095	0.24062	0.01159	0.00274	0.00335	0.01146	0.00431	0.00386
14	0.01417	0.16473	0.26656	0.01128	0.01616	0.01355	0.01163	0.17180	0.16192	0.10137	0.01249	0.01258	0.00911	0.00544	0.00460	0.00149	0.00563	0.00417	0.00369	0.00763
15	0.09428	0.01281	0.01518	0.01270	0.06946	0.01381	0.05878	0.52063	0.03431	0.10043	0.01210	0.01234	0.00859	0.00567	0.00487	0.00152	0.00541	0.00448	0.00459	0.00803
16	0.01362	0.01328	0.01754	0.15810	0.24806	0.18149	0.12680	0.01623	0.01192	0.08982	0.01128	0.06870	0.00948	0.00559	0.00510	0.00154	0.00671	0.00512	0.00296	0.00664
17	0.00651	0.00473	0.00614	0.00651	0.00730	0.00436	0.00461	0.00809	0.01176	0.01611	0.38024	0.41078	0.08846	0.01293	0.00611	0.00179	0.00262	0.01156	0.00502	0.00436
18	0.82220	0.01027	0.00763	0.00684	0.00990	0.04687	0.00559	0.01489	0.00874	0.02191	0.00697	0.00814	0.00544	0.00465	0.00315	0.00153	0.00409	0.00272	0.00306	0.00542
19	0.01225	0.01167	0.01945	0.05294	0.71634	0.01186	0.01474	0.01600	0.06511	0.01649	0.01012	0.01280	0.00837	0.00462	0.00495	0.00150	0.00581	0.00452	0.00264	0.00782
20	0.01387	0.01128	0.01193	0.01019	0.01327	0.01275	0.00808	0.24327	0.51242	0.02343	0.01987	0.01861	0.06461	0.00692	0.00510	0.00163	0.00430	0.00562	0.00502	0.00782
21	0.00928	0.00846	0.01419	0.01140	0.01404	0.00812	0.24150	0.06209	0.02530	0.01731	0.21787	0.05107	0.17955	0.00905	0.00609	0.00173	0.01657	0.09669	0.00419	0.00550
22	0.00655	0.00481	0.00614	0.00637	0.00728	0.00440	0.00456	0.00822	0.01208	0.01650	0.41779	0.32959	0.13226	0.01250	0.00606	0.00175	0.00257	0.01111	0.00506	0.00440
23	0.00641	0.00502	0.00582	0.00586	0.00719	0.00443	0.00438	0.00805	0.01212	0.01569	0.30067	0.12606	0.42191	0.01216	0.00598	0.00171	0.00260	0.04467	0.00492	0.00438
24	0.03918	0.01142	0.01293	0.01033	0.01398	0.08518	0.08135	0.02947	0.28148	0.08227	0.01373	0.01389	0.01040	0.00521	0.00457	0.00131	0.00481	0.00438	0.00391	0.29019
25	0.06983	0.01011	0.01474	0.01728	0.31384	0.00980	0.02874	0.01861	0.08645	0.25623	0.01359	0.01455	0.01006	0.03032	0.00539	0.00156	0.00490	0.00460	0.00396	0.08544

[dist]
# distance from previous block
# <min> <max>
0	5

[block]
# block no. 2 follows, 50 sequences, length 32
# corresponding to MSA columns:
# 559-590
name=unknown_C
#
# <colnr> <probs for GDERKNQSTAVLIFYWHMCP>
#	G	D	E	R	K	N	Q	S	T	A	V	L	I	F	Y	W	H	M	C	P
0	0.01186	0.01032	0.01392	0.01508	0.25725	0.00919	0.00922	0.09284	0.01201	0.01783	0.00934	0.01113	0.00766	0.00416	0.00422	0.00105	0.00458	0.00358	0.00301	0.50174
1	0.02751	0.07927	0.01502	0.26213	0.02018	0.01067	0.09772	0.09619	0.04485	0.09832	0.01468	0.17053	0.01336	0.00735	0.00521	0.00166	0.00543	0.02014	0.00361	0.00617
2	0.35467	0.01239	0.01157	0.00942	0.01286	0.08497	0.02083	0.29691	0.01516	0.10723	0.01042	0.01105	0.00762	0.01903	0.00454	0.00156	0.00506	0.00378	0.00406	0.00688
3	0.01174	0.01384	0.16676	0.23559	0.05603	0.01140	0.30033	0.02956	0.01141	0.08226	0.01070	0.02885	0.00801	0.00495	0.00530	0.00164	0.00711	0.00508	0.00276	0.00670
4	0.25555	0.01110	0.01613	0.01270	0.01627	0.01167	0.25646	0.12835	0.09467	0.02046	0.01275	0.01802	0.01074	0.00615	0.00500	0.00170	0.00568	0.10658	0.00360	0.00644
5	0.34809	0.00897	0.00981	0.00784	0.01144	0.00877	0.00645	0.01952	0.01167	0.42799	0.01377	0.01294	0.00921	0.00536	0.00415	0.00147	0.00404	0.00393	0.00469	0.07988
6	0.86003	0.00964	0.00733	0.00655	0.00964	0.01118	0.00540	0.01465	0.00848	0.02236	0.00694	0.00810	0.00540	0.00463	0.00308	0.00154	0.00386	0.00270	0.00308	0.00540
7	0.00747	0.00559	0.00825	0.00775	0.00859	0.00596	0.05045	0.00858	0.00806	0.01115	0.01535	0.02429	0.05066	0.27491	0.43073	0.05989	0.00936	0.00614	0.00283	0.00399
8	0.00752	0.00572	0.00828	0.00810	0.00877	0.00677	0.00620	0.00888	0.00783	0.01127	0.01283	0.02010	0.01242	0.12130	0.61816	0.04268	0.08082	0.00543	0.00265	0.00428
9	0.00929	0.00465	0.00465	0.00465	0.00581	0.00465	0.00348	0.01161	0.01045	0.01858	0.01626	0.01858	0.01278	0.00581	0.00348	0.00116	0.00232	0.00465	0.85250	0.00465
10	0.01495	0.13352	0.20970	0.02668	0.05342	0.34332	0.04208	0.07875	0.01309	0.01498	0.00846	0.00989	0.00669	0.00489	0.00448	0.00137	0.00751	0.00353	0.00258	0.02011
11	0.01185	0.04434	0.00901	0.00714	0.00925	0.00617	0.00565	0.01404	0.01397	0.24840	0.52755	0.02991	0.03493	0.00873	0.00550	0.00154	0.00305	0.00754	0.00553	0.00589
12	0.00929	0.00465	0.00465	0.00465	0.00581	0.00465	0.00348	0.01161	0.01045	0.01858	0.01626	0.01858	0.01278	0.00581	0.00348	0.00116	0.00232	0.00465	0.85250	0.00465
13	0.01334	0.69949	0.10007	0.00935	0.01381	0.06855	0.00955	0.01532	0.01042	0.01215	0.00717	0.00830	0.00639	0.00437	0.00343	0.00113	0.00576	0.00280	0.00216	0.00645
14	0.00829	0.00491	0.00589	0.07466	0.00870	0.00501	0.00473	0.01025	0.01013	0.01625	0.01914	0.26979	0.01858	0.00881	0.00451	0.00147	0.00287	0.00761	0.51387	0.00454
15	0.00915	0.00733	0.00845	0.00778	0.00963	0.00776	0.00595	0.01615	0.32161	0.02013	0.46050	0.03013	0.05739	0.00890	0.00556	0.00162	0.00299	0.00771	0.00529	0.00596
16	0.00702	0.00498	0.00628	0.00616	0.00690	0.00482	0.00427	0.00845	0.01105	0.01534	0.40724	0.08422	0.06017	0.26826	0.08054	0.00318	0.00411	0.00852	0.00439	0.00410
17	0.01190	0.01140	0.01945	0.14710	0.68063	0.01173	0.01508	0.01492	0.01114	0.01576	0.00930	0.01248	0.00771	0.00452	0.00494	0.00151	0.00603	0.00444	0.00243	0.00754
18	0.01333	0.82783	0.02612	0.00853	0.01279	0.01972	0.00853	0.01493	0.01013	0.01173	0.00693	0.00800	0.00640	0.00426	0.00320	0.00107	0.00533	0.00267	0.00213	0.00640
19	0.01883	0.01748	0.01466	0.01196	0.01544	0.29942	0.00953	0.50472	0.02009	0.02450	0.01043	0.01090	0.00774	0.00568	0.00481	0.00142	0.00675	0.00403	0.00412	0.00751
20	0.00887	0.00643	0.00900	0.05606	0.04444	0.00596	0.05465	0.01062	0.01133	0.10236	0.03366	0.17518	0.36076	0.01120	0.00588	0.00178	0.00376	0.08852	0.00443	0.00510
21	0.08863	0.01870	0.01839	0.01478	0.01825	0.43860	0.24933	0.06607	0.01349	0.01547	0.00865	0.01050	0.00682	0.00485	0.00484	0.00144	0.00814	0.00408	0.00275	0.00621
22	0.00749	0.00491	0.00637	0.00641	0.00668	0.00513	0.00425	0.00765	0.00746	0.01016	0.01426	0.02710	0.01541	0.45410	0.22151	0.15457	0.00690	0.03351	0.00284	0.00329
23	0.00622	0.00454	0.00586	0.00662	0.00721	0.00418	0.00455	0.00738	0.01052	0.01404	0.16025	0.60530	0.11620	0.01437	0.00623	0.00191	0.00276	0.01290	0.00477	0.00418
24	0.01228	0.57646	0.26834	0.01031	0.01554	0.01717	0.01163	0.01519	0.01025	0.01300	0.00756	0.00879	0.00637	0.00441	0.00368	0.00123	0.00597	0.00298	0.00212	0.00670
25	0.01091	0.01091	0.01527	0.01309	0.01309	0.01527	0.01091	0.01200	0.00763	0.01200	0.00654	0.01091	0.00654	0.00872	0.01636	0.00218	0.81570	0.00436	0.00218	0.00545
26	0.00682	0.00800	0.10696	0.00664	0.00908	0.00560	0.00603	0.00931	0.04797	0.01417	0.04272	0.04214	0.62177	0.01139	0.00575	0.00170	0.00330	0.04153	0.00433	0.00480
27	0.01825	0.02299	0.01396	0.01268	0.01526	0.75801	0.00953	0.02029	0.05964	0.01271	0.00845	0.00956	0.00694	0.00523	0.00453	0.00131	0.00869	0.00335	0.00272	0.00590
28	0.52342	0.01092	0.00986	0.00833	0.01162	0.01247	0.00681	0.21531	0.11959	0.02452	0.01010	0.01056	0.00756	0.00528	0.00386	0.00155	0.00429	0.00357	0.00386	0.00655
29	0.01066	0.00965	0.01503	0.04662	0.43628	0.00939	0.01151	0.01355	0.03072	0.01580	0.01607	0.02300	0.07881	0.00675	0.00519	0.00155	0.00506	0.13726	0.00315	0.12396
30	0.01214	0.01251	0.02277	0.02449	0.40455	0.04532	0.31784	0.01520	0.01133	0.01550	0.00954	0.01281	0.00775	0.00519	0.00621	0.05549	0.00694	0.00496	0.00247	0.00698
31	0.01086	0.01085	0.01526	0.03505	0.01367	0.01515	0.01099	0.01202	0.00770	0.01202	0.00661	0.01097	0.00655	0.00862	0.01605	0.00217	0.79349	0.00436	0.00218	0.00545

[dist]
# distance from previous block
# <min> <max>
0	1

[block]
# block no. 3 follows, 50 sequences, length 32
# corresponding to MSA columns:
# 592-601,616-634,639,640,646
name=unknown_D
#
# <colnr> <probs for GDERKNQSTAVLIFYWHMCP>
#	G	D	E	R	K	N	Q	S	T	A	V	L	I	F	Y	W	H	M	C	P
0	0.01040	0.01118	0.02145	0.01627	0.01980	0.04678	0.50069	0.01345	0.01120	0.01485	0.01502	0.24886	0.01492	0.00756	0.00592	0.00174	0.00673	0.00812	0.00315	0.02191
1	0.01005	0.00895	0.01524	0.61134	0.05434	0.01044	0.07138	0.01321	0.01049	0.05036	0.01247	0.01714	0.05029	0.00575	0.00518	0.00168	0.00633	0.03696	0.00266	0.00573
2	0.02041	0.01646	0.01290	0.01094	0.01413	0.42402	0.00853	0.02200	0.01419	0.38703	0.01342	0.01280	0.00925	0.00563	0.00474	0.00141	0.00672	0.00407	0.00429	0.00707
3	0.00792	0.00637	0.00806	0.00931	0.06907	0.00641	0.00633	0.01161	0.15194	0.01488	0.02839	0.39156	0.15115	0.01242	0.00600	0.00190	0.00347	0.10353	0.00454	0.00514
4	0.86003	0.00964	0.00733	0.00655	0.00964	0.01118	0.00540	0.01465	0.00848	0.02236	0.00694	0.00810	0.00540	0.00463	0.00308	0.00154	0.00386	0.00270	0.00308	0.00540
5	0.00924	0.00816	0.01384	0.05550	0.01532	0.00861	0.17351	0.01186	0.01101	0.01469	0.01964	0.03946	0.02039	0.01066	0.00767	0.00212	0.09966	0.46974	0.00374	0.00520
6	0.01624	0.01349	0.01360	0.01174	0.05110	0.09300	0.00900	0.45081	0.17825	0.02521	0.01610	0.01582	0.06987	0.00650	0.00502	0.00153	0.00531	0.00506	0.00461	0.00773
7	0.14787	0.00638	0.00792	0.00875	0.01021	0.00663	0.00760	0.01104	0.01098	0.01614	0.02320	0.04833	0.02486	0.01227	0.00626	0.00217	0.00447	0.63586	0.00434	0.00472
8	0.01144	0.01499	0.18225	0.31878	0.25930	0.09924	0.01478	0.01495	0.01096	0.01439	0.00891	0.01194	0.00693	0.00478	0.00486	0.00155	0.00684	0.00414	0.00231	0.00666
9	0.00778	0.00594	0.00716	0.00667	0.00817	0.00577	0.00505	0.02894	0.10272	0.01943	0.57960	0.03601	0.14760	0.01004	0.00577	0.00160	0.00263	0.00873	0.00531	0.00509
10	0.01163	0.01944	0.45757	0.04948	0.20090	0.01138	0.08508	0.01622	0.01109	0.07589	0.00997	0.01181	0.00727	0.00474	0.00492	0.00157	0.00686	0.00419	0.00254	0.00745
11	0.01057	0.00930	0.01559	0.64768	0.15143	0.01099	0.01372	0.01376	0.01041	0.05558	0.00952	0.01334	0.00715	0.00496	0.00498	0.00163	0.00640	0.00446	0.00247	0.00606
12	0.02034	0.01173	0.01357	0.01041	0.01434	0.01214	0.00860	0.46981	0.01969	0.34401	0.01511	0.01401	0.01005	0.00606	0.00500	0.00151	0.00498	0.00470	0.00547	0.00848
13	0.01504	0.01202	0.01276	0.01068	0.01397	0.01363	0.00853	0.32978	0.47713	0.02512	0.01693	0.01592	0.01249	0.00645	0.00504	0.00161	0.00457	0.00517	0.00504	0.00813
14	0.01010	0.00562	0.00746	0.00727	0.00872	0.00503	0.00531	0.01154	0.01147	0.18997	0.16458	0.45939	0.02971	0.01194	0.00584	0.00177	0.00313	0.01064	0.00505	0.04545
15	0.01173	0.30717	0.45830	0.01234	0.01836	0.01434	0.05205	0.01582	0.01059	0.04429	0.00870	0.01002	0.00664	0.00460	0.00426	0.00140	0.00658	0.00348	0.00229	0.00704
16	0.01158	0.12772	0.25497	0.01716	0.02276	0.01332	0.43612	0.02838	0.01137	0.01559	0.00935	0.01182	0.00705	0.00440	0.00517	0.00156	0.00763	0.00478	0.00239	0.00690
17	0.00705	0.00510	0.00666	0.00627	0.00745	0.00470	0.00470	0.00941	0.01411	0.01999	0.79110	0.03723	0.04703	0.01019	0.00588	0.00157	0.00235	0.00901	0.00549	0.00470
18	0.01129	0.01237	0.07909	0.15502	0.35232	0.01254	0.09388	0.01424	0.01027	0.01466	0.00870	0.01215	0.00723	0.00549	0.00759	0.00170	0.18784	0.00451	0.00234	0.00679
19	0.01338	0.06969	0.23925	0.08850	0.16517	0.06514	0.13012	0.01700	0.01162	0.13702	0.01065	0.01229	0.00778	0.00484	0.00490	0.00152	0.00668	0.00434	0.00291	0.00721
20	0.00941	0.00882	0.01483	0.74423	0.06851	0.01083	0.01354	0.01262	0.01001	0.01290	0.00963	0.04564	0.00776	0.00538	0.00504	0.00167	0.00646	0.00482	0.00232	0.00559
21	0.00675	0.00488	0.00539	0.00550	0.00606	0.00460	0.00347	0.00725	0.00876	0.01116	0.02750	0.09843	0.25756	0.49863	0.01759	0.00360	0.00397	0.02175	0.00367	0.00349
22	0.01199	0.05671	0.45169	0.01366	0.04835	0.01091	0.08301	0.01680	0.04863	0.12755	0.01248	0.07443	0.00984	0.00579	0.00496	0.00159	0.00635	0.00495	0.00308	0.00721
23	0.01013	0.00918	0.07643	0.08191	0.06866	0.02280	0.06289	0.03844	0.02874	0.07796	0.16498	0.12189	0.02124	0.10622	0.04573	0.00236	0.00524	0.04570	0.00389	0.00559
24	0.01107	0.01107	0.00996	0.01011	0.04283	0.23074	0.00726	0.01220	0.01096	0.03756	0.02021	0.25637	0.11386	0.01179	0.04119	0.04238	0.08522	0.03671	0.00357	0.00494
25	0.01107	0.00961	0.01623	0.02281	0.52699	0.00955	0.03611	0.01264	0.01007	0.01413	0.01095	0.01463	0.04134	0.00820	0.00887	0.22799	0.00543	0.00472	0.00248	0.00618
26	0.01233	0.12151	0.10189	0.15950	0.29520	0.01195	0.02901	0.05032	0.01152	0.07894	0.01127	0.07435	0.00961	0.00561	0.00483	0.00152	0.00579	0.00495	0.00292	0.00697
27	0.01194	0.01054	0.01832	0.26714	0.38115	0.01104	0.09440	0.01503	0.01120	0.07515	0.01091	0.01523	0.00883	0.00517	0.00515	0.00160	0.00621	0.04126	0.00278	0.00693
28	0.01030	0.00944	0.01586	0.08729	0.36639	0.00949	0.08507	0.02911	0.01135	0.01551	0.02761	0.12955	0.05280	0.00788	0.00558	0.00172	0.00539	0.12003	0.00326	0.00636
29	0.01076	0.06831	0.55286	0.01333	0.01947	0.01177	0.06944	0.05121	0.05413	0.02779	0.01224	0.03008	0.04571	0.00547	0.00485	0.00157	0.00667	0.00450	0.00267	0.00714
30	0.01130	0.07521	0.41456	0.07221	0.01914	0.11497	0.02697	0.01557	0.02906	0.01502	0.02332	0.01293	0.00835	0.00516	0.00463	0.00145	0.00669	0.03492	0.00251	0.10601
31	0.09651	0.01470	0.19889	0.09114	0.22673	0.07167	0.04407	0.03546	0.01115	0.01629	0.02701	0.08442	0.01010	0.00575	0.00480	0.00154	0.00600	0.00495	0.00278	0.04604

[dist]
# distance from previous block
# <min> <max>
0	3

[block]
# block no. 4 follows, 50 sequences, length 11
# corresponding to MSA columns:
# 650-660
name=unknown_E
#
# <colnr> <probs for GDERKNQSTAVLIFYWHMCP>
#	G	D	E	R	K	N	Q	S	T	A	V	L	I	F	Y	W	H	M	C	P
0	0.01191	0.12445	0.06650	0.05356	0.34586	0.01253	0.08364	0.03866	0.11132	0.01679	0.07605	0.01465	0.01175	0.00526	0.00487	0.00149	0.00562	0.00482	0.00306	0.00720
1	0.01088	0.13630	0.38029	0.01174	0.01668	0.01170	0.05112	0.01590	0.08689	0.04951	0.13976	0.01580	0.01427	0.00593	0.00518	0.00154	0.03176	0.00480	0.00316	0.00679
2	0.00947	0.05652	0.01200	0.01037	0.05404	0.00816	0.08612	0.01231	0.06074	0.06330	0.06988	0.02163	0.07937	0.04704	0.38082	0.00468	0.00882	0.00593	0.00336	0.00542
3	0.04866	0.42869	0.07115	0.01043	0.03830	0.01539	0.05739	0.07785	0.08157	0.01624	0.09914	0.01329	0.01211	0.00536	0.00414	0.00132	0.00516	0.00414	0.00309	0.00660
4	0.00698	0.00503	0.00629	0.00665	0.00735	0.00467	0.00454	0.00793	0.00944	0.01280	0.07129	0.40036	0.04298	0.24525	0.01157	0.00271	0.00361	0.07203	0.00408	0.07443
5	0.04190	0.28893	0.26746	0.04023	0.08250	0.01469	0.05909	0.02737	0.01045	0.03153	0.00835	0.01022	0.00672	0.00497	0.00541	0.00146	0.08597	0.00364	0.00235	0.00677
6	0.10629	0.04206	0.38958	0.02975	0.03503	0.01148	0.11354	0.05031	0.03015	0.12954	0.01077	0.01184	0.00759	0.00495	0.00473	0.00157	0.00640	0.00414	0.00306	0.00723
7	0.00921	0.00980	0.07954	0.59017	0.06584	0.01019	0.01282	0.01229	0.00983	0.01291	0.01064	0.06577	0.00929	0.07359	0.00674	0.00193	0.00628	0.00522	0.00244	0.00550
8	0.00735	0.07343	0.00859	0.07470	0.01050	0.00632	0.00625	0.00889	0.01050	0.01349	0.05865	0.37136	0.15805	0.01269	0.00599	0.00189	0.00366	0.15890	0.00425	0.00453
9	0.08096	0.04110	0.24151	0.07697	0.17355	0.01061	0.08977	0.01446	0.02459	0.03465	0.07661	0.07074	0.01280	0.00611	0.00500	0.00160	0.00584	0.02356	0.00298	0.00659
10	0.06966	0.11563	0.27949	0.01444	0.16101	0.01098	0.03160	0.01476	0.01085	0.08035	0.03886	0.10889	0.03006	0.00638	0.00478	0.00155	0.00556	0.00538	0.00306	0.00673

[dist]
# distance from previous block
# <min> <max>
0	1

[block]
# block no. 5 follows, 50 sequences, length 20
# corresponding to MSA columns:
# 665-684
name=unknown_F
#
# <colnr> <probs for GDERKNQSTAVLIFYWHMCP>
#	G	D	E	R	K	N	Q	S	T	A	V	L	I	F	Y	W	H	M	C	P
0	0.01261	0.01217	0.09077	0.19655	0.26786	0.01109	0.16637	0.01595	0.01137	0.12292	0.01106	0.02763	0.00845	0.00504	0.00532	0.00160	0.01832	0.00491	0.00293	0.00707
1	0.01098	0.05674	0.52671	0.06710	0.02085	0.01158	0.07946	0.05448	0.01153	0.04683	0.03893	0.01313	0.02919	0.00521	0.00488	0.00157	0.00679	0.00434	0.00264	0.00707
2	0.01086	0.04166	0.68944	0.01490	0.07260	0.01156	0.01742	0.01617	0.01076	0.05581	0.00948	0.01092	0.00673	0.00478	0.00473	0.00156	0.00706	0.00378	0.00234	0.00744
3	0.01095	0.10664	0.68100	0.01336	0.02024	0.01219	0.01686	0.01612	0.01067	0.05432	0.00927	0.01059	0.00662	0.00476	0.00459	0.00152	0.00700	0.00365	0.00231	0.00732
4	0.01250	0.06705	0.60856	0.01289	0.01943	0.01123	0.01579	0.01733	0.01120	0.16197	0.01084	0.01159	0.00745	0.00498	0.00470	0.00154	0.00667	0.00388	0.00287	0.00752
5	0.01118	0.01265	0.10417	0.25461	0.41293	0.01167	0.09132	0.01467	0.01090	0.01517	0.00925	0.01253	0.00733	0.00461	0.00502	0.00156	0.00654	0.00450	0.00236	0.00704
6	0.01093	0.06663	0.19002	0.11540	0.01718	0.00950	0.07485	0.01395	0.01098	0.11462	0.04959	0.07425	0.04605	0.03389	0.03273	0.00201	0.02906	0.09885	0.00345	0.00606
7	0.01313	0.01008	0.01660	0.32154	0.35942	0.01070	0.01324	0.01603	0.01138	0.16280	0.01113	0.01357	0.00826	0.00497	0.00497	0.00156	0.00588	0.00455	0.00307	0.00712
8	0.01267	0.09734	0.33457	0.09790	0.01788	0.01026	0.01225	0.01617	0.01130	0.20228	0.01548	0.07545	0.06237	0.00640	0.00487	0.00157	0.00567	0.00523	0.00345	0.00688
9	0.00919	0.06753	0.23738	0.04503	0.01582	0.00987	0.09864	0.01259	0.02730	0.01353	0.01178	0.05170	0.01053	0.05179	0.28407	0.00398	0.03576	0.00517	0.00258	0.00575
10	0.01107	0.01061	0.01823	0.36513	0.44669	0.01154	0.03647	0.01422	0.01077	0.01476	0.00918	0.01278	0.00735	0.00467	0.00498	0.00156	0.00630	0.00448	0.00236	0.00685
11	0.01092	0.01046	0.01798	0.40566	0.40553	0.01150	0.03818	0.01409	0.01070	0.01457	0.00915	0.01283	0.00728	0.00469	0.00499	0.00157	0.00635	0.00448	0.00235	0.00673
12	0.04649	0.06437	0.49681	0.09283	0.10003	0.01224	0.04255	0.05919	0.01123	0.01650	0.00900	0.01092	0.00664	0.00475	0.00468	0.00155	0.00682	0.00386	0.00238	0.00715
13	0.01160	0.01052	0.01767	0.13084	0.58178	0.01074	0.01368	0.01435	0.01107	0.04133	0.01162	0.10063	0.01060	0.00579	0.00510	0.00157	0.00563	0.00552	0.00279	0.00718
14	0.01059	0.01025	0.01796	0.48359	0.28689	0.01146	0.08010	0.01387	0.01058	0.01420	0.00914	0.01298	0.00714	0.00474	0.00504	0.00160	0.00656	0.00456	0.00233	0.00643
15	0.01175	0.01061	0.01761	0.18912	0.49458	0.01116	0.02675	0.01508	0.04414	0.04811	0.01116	0.05958	0.00954	0.00546	0.00530	0.00158	0.02344	0.00510	0.00280	0.00714
16	0.04781	0.17835	0.52273	0.05484	0.07169	0.01313	0.01549	0.01538	0.01038	0.01516	0.00849	0.01019	0.00641	0.00463	0.00439	0.00148	0.00669	0.00353	0.00218	0.00703
17	0.01128	0.01124	0.05566	0.21115	0.35192	0.04438	0.05679	0.01418	0.01114	0.04547	0.03985	0.10124	0.01174	0.00609	0.00516	0.00160	0.00592	0.00567	0.00288	0.00664
18	0.01289	0.04301	0.04602	0.09177	0.50600	0.01096	0.01329	0.01575	0.01162	0.11327	0.03870	0.01582	0.01063	0.00537	0.00500	0.00153	0.00561	0.04224	0.00309	0.00741
19	0.01089	0.01440	0.24262	0.33705	0.18943	0.01110	0.03407	0.01478	0.01072	0.05473	0.00998	0.01347	0.00764	0.00504	0.00497	0.00161	0.00657	0.02169	0.00250	0.00672

[dist]
# distance from previous block
# <min> <max>
5	25

[block]
# block no. 6 follows, 50 sequences, length 17
# corresponding to MSA columns:
# 715-727,729-732
name=unknown_G
#
# <colnr> <probs for GDERKNQSTAVLIFYWHMCP>
#	G	D	E	R	K	N	Q	S	T	A	V	L	I	F	Y	W	H	M	C	P
0	0.10963	0.06373	0.31780	0.02974	0.01653	0.02733	0.04041	0.03823	0.01003	0.01566	0.00865	0.01134	0.00706	0.02772	0.04653	0.00199	0.15302	0.00387	0.00247	0.06826
1	0.07699	0.14756	0.14006	0.03599	0.01329	0.00967	0.04474	0.01254	0.01081	0.04145	0.06979	0.08356	0.13737	0.00768	0.00485	0.00151	0.00465	0.06165	0.00343	0.09240
2	0.01270	0.56300	0.14721	0.00988	0.01456	0.03257	0.03397	0.03883	0.01084	0.01360	0.02470	0.00950	0.00743	0.00450	0.00370	0.00117	0.00566	0.00315	0.00236	0.06065
3	0.05735	0.31361	0.06318	0.00907	0.01341	0.03807	0.02633	0.07479	0.03586	0.01608	0.00865	0.00979	0.00716	0.00435	0.00376	0.00108	0.00495	0.00316	0.00281	0.30655
4	0.01192	0.49001	0.35166	0.01092	0.01649	0.01629	0.01269	0.01529	0.01029	0.01344	0.00778	0.00906	0.00636	0.00446	0.00385	0.00128	0.00619	0.00309	0.00212	0.00681
5	0.00725	0.00534	0.00698	0.00759	0.00876	0.00508	0.00622	0.00924	0.01185	0.01557	0.19926	0.12298	0.16975	0.01295	0.00644	0.00200	0.00357	0.38991	0.00480	0.00450
6	0.01845	0.00899	0.04214	0.03537	0.01347	0.00784	0.00821	0.05255	0.03971	0.54487	0.01978	0.02338	0.01474	0.00743	0.00533	0.00168	0.00455	0.13835	0.00552	0.00764
7	0.02028	0.00990	0.05125	0.00990	0.01386	0.00839	0.04723	0.08846	0.01457	0.62117	0.01828	0.04767	0.01227	0.00635	0.00509	0.00157	0.00466	0.00531	0.00562	0.00816
8	0.00963	0.00622	0.00790	0.00792	0.00962	0.00592	0.00655	0.05338	0.01261	0.10770	0.10941	0.08316	0.20183	0.01191	0.00620	0.00193	0.00381	0.34424	0.00490	0.00516
9	0.00803	0.00574	0.00803	0.00918	0.01033	0.00574	0.00803	0.01033	0.01147	0.01492	0.02639	0.05622	0.02869	0.01377	0.00688	0.00229	0.00459	0.76018	0.00459	0.00459
10	0.86003	0.00964	0.00733	0.00655	0.00964	0.01118	0.00540	0.01465	0.00848	0.02236	0.00694	0.00810	0.00540	0.00463	0.00308	0.00154	0.00386	0.00270	0.00308	0.00540
11	0.00714	0.00485	0.00541	0.00541	0.00554	0.00478	0.00308	0.00724	0.00758	0.00997	0.01851	0.03386	0.08044	0.75940	0.02380	0.00458	0.00465	0.00751	0.00315	0.00312
12	0.32387	0.01142	0.01137	0.00917	0.01263	0.01266	0.00753	0.37987	0.04507	0.07793	0.05404	0.01254	0.01000	0.00576	0.00435	0.00153	0.00458	0.00417	0.00440	0.00713
13	0.81649	0.00960	0.00772	0.04783	0.01090	0.01118	0.00583	0.01455	0.00856	0.02187	0.00704	0.00836	0.00546	0.00465	0.00318	0.00155	0.00400	0.00279	0.00304	0.00541
14	0.00725	0.00483	0.00544	0.00544	0.00544	0.00483	0.00302	0.00725	0.00725	0.00966	0.01571	0.03262	0.01812	0.82483	0.02537	0.00483	0.00483	0.00725	0.00302	0.00302
15	0.73224	0.00965	0.00811	0.02471	0.02745	0.01095	0.00591	0.03918	0.00920	0.02191	0.00752	0.00879	0.00586	0.00465	0.00327	0.00149	0.00397	0.00289	0.02321	0.04904
16	0.17641	0.01181	0.01246	0.01095	0.05303	0.01323	0.00839	0.35986	0.22748	0.02561	0.04200	0.01400	0.01113	0.00602	0.00468	0.00156	0.00466	0.00463	0.00454	0.00756

[dist]
# distance from previous block
# <min> <max>
0	12

# created by:
# /st0/software/busco_prod/Augustus/scripts/msa2prfl.pl ./align_prep/1626636.fa
