[name]
unknown

[dist]
# distance from previous block
# <min> <max>
1	42

[block]
# block no. 0 follows, 68 sequences, length 60
# corresponding to MSA columns:
# 42-101
name=unknown_A
#
# <colnr> <probs for GDERKNQSTAVLIFYWHMCP>
#	G	D	E	R	K	N	Q	S	T	A	V	L	I	F	Y	W	H	M	C	P
0	0.05238	0.06889	0.18697	0.00845	0.01157	0.00767	0.09742	0.05409	0.03929	0.12649	0.16749	0.06005	0.03716	0.00548	0.00402	0.00123	0.00396	0.01602	0.00313	0.04827
1	0.10888	0.05365	0.16329	0.02160	0.01128	0.00820	0.03496	0.09238	0.08349	0.08918	0.11677	0.02845	0.01099	0.00473	0.00382	0.00114	0.01802	0.00380	0.00300	0.14235
2	0.07863	0.05255	0.08249	0.00927	0.06890	0.05139	0.04459	0.12380	0.18318	0.09931	0.04316	0.04193	0.03801	0.00494	0.00381	0.00120	0.00396	0.00406	0.00321	0.06161
3	0.11947	0.04171	0.02986	0.00824	0.01070	0.12826	0.07386	0.13509	0.07317	0.12844	0.07664	0.03138	0.07702	0.00541	0.00419	0.00124	0.03201	0.01486	0.00326	0.00520
4	0.08543	0.04235	0.03169	0.00926	0.01222	0.01747	0.16607	0.09144	0.24136	0.11181	0.01889	0.03229	0.00880	0.00456	0.00400	0.00121	0.01684	0.00399	0.00322	0.09709
5	0.00636	0.04408	0.00619	0.00524	0.00646	0.01861	0.00400	0.00835	0.04202	0.03546	0.56374	0.06652	0.13576	0.01823	0.00469	0.00128	0.00224	0.00692	0.00402	0.01983
6	0.01007	0.02858	0.34344	0.02651	0.19025	0.06708	0.12213	0.08147	0.03717	0.04390	0.00803	0.00941	0.00599	0.00386	0.00393	0.00122	0.00547	0.00341	0.00220	0.00588
7	0.00802	0.02006	0.80254	0.01155	0.01732	0.00925	0.05177	0.01256	0.00842	0.01256	0.00716	0.00848	0.00507	0.00375	0.00381	0.00126	0.00590	0.00301	0.00169	0.00584
8	0.00822	0.00705	0.00822	0.00587	0.00940	0.00529	0.00470	0.00998	0.00822	0.01292	0.00705	0.00822	0.00587	0.00294	0.00294	0.00059	0.00294	0.00235	0.00235	0.88490
9	0.00505	0.00356	0.00467	0.00543	0.00569	0.00336	0.00364	0.00573	0.00759	0.01016	0.05853	0.69326	0.02514	0.10055	0.00677	0.01350	0.00250	0.03817	0.00355	0.00315
10	0.03293	0.80186	0.05862	0.00695	0.01044	0.01521	0.00709	0.01190	0.00804	0.00970	0.00559	0.00646	0.00506	0.00342	0.00260	0.00088	0.00429	0.00216	0.00171	0.00510
11	0.00483	0.00345	0.00460	0.00552	0.00575	0.00322	0.00368	0.00552	0.00759	0.01012	0.02185	0.85807	0.02622	0.01242	0.00506	0.00161	0.00230	0.01127	0.00368	0.00322
12	0.00508	0.00400	0.00459	0.00455	0.00565	0.00351	0.00340	0.00642	0.00979	0.01269	0.34475	0.08905	0.45922	0.00947	0.00472	0.00133	0.00200	0.02234	0.00394	0.00350
13	0.00766	0.00720	0.01215	0.75164	0.10626	0.00875	0.01097	0.01023	0.00803	0.01041	0.00741	0.02883	0.00584	0.00410	0.00398	0.00131	0.00516	0.00369	0.00182	0.00456
14	0.00488	0.00350	0.00456	0.00537	0.00564	0.00327	0.00357	0.00554	0.00754	0.00999	0.02211	0.76673	0.06317	0.06642	0.00601	0.00174	0.00239	0.01078	0.00360	0.00317
15	0.01403	0.00978	0.01126	0.00874	0.01164	0.01053	0.04431	0.61174	0.01625	0.10230	0.01097	0.06002	0.00835	0.00515	0.00400	0.00121	0.00411	0.00412	0.05521	0.00629
16	0.00484	0.00350	0.00458	0.00542	0.00573	0.00324	0.00364	0.00557	0.00775	0.01028	0.04045	0.79383	0.07212	0.01219	0.00503	0.00159	0.00227	0.01102	0.00370	0.00324
17	0.05567	0.69766	0.04391	0.00714	0.01050	0.04365	0.00699	0.07575	0.00894	0.01110	0.00590	0.00670	0.00518	0.00355	0.00272	0.00091	0.00434	0.00228	0.00192	0.00518
18	0.00795	0.02051	0.84011	0.01130	0.01716	0.00921	0.01465	0.01256	0.00837	0.01256	0.00712	0.00837	0.00502	0.00377	0.00377	0.00126	0.00586	0.00293	0.00167	0.00586
19	0.00739	0.00685	0.01090	0.55108	0.09339	0.02333	0.02281	0.00975	0.00857	0.01125	0.13143	0.01457	0.04253	0.00596	0.04279	0.00153	0.00490	0.00429	0.00227	0.00441
20	0.00519	0.00402	0.00473	0.00458	0.00567	0.00356	0.00342	0.00666	0.01019	0.01351	0.47008	0.05261	0.38341	0.00905	0.00469	0.00130	0.00194	0.00779	0.00405	0.00356
21	0.00556	0.00402	0.00556	0.00571	0.00621	0.00439	0.00414	0.00657	0.00654	0.00917	0.01353	0.15234	0.03284	0.19872	0.50494	0.00487	0.00753	0.00577	0.01835	0.00325
22	0.00553	0.00405	0.00519	0.00490	0.00587	0.00371	0.00368	0.00732	0.01103	0.01544	0.76369	0.03037	0.10784	0.00828	0.00468	0.00126	0.00188	0.00728	0.00430	0.00371
23	0.00981	0.00942	0.01609	0.02434	0.83592	0.00942	0.01217	0.01217	0.00903	0.01295	0.00746	0.00981	0.00628	0.00353	0.00393	0.00118	0.00471	0.00353	0.00196	0.00628
24	0.00549	0.00392	0.00536	0.00627	0.00679	0.00379	0.00483	0.00666	0.00824	0.01086	0.02149	0.51441	0.02478	0.01180	0.00524	0.00170	0.00287	0.34843	0.00367	0.00340
25	0.00769	0.00725	0.01225	0.78069	0.09619	0.00886	0.01111	0.01030	0.00802	0.01037	0.00708	0.01051	0.00537	0.00393	0.00396	0.00131	0.00524	0.00352	0.00178	0.00456
26	0.45150	0.01206	0.00854	0.02835	0.01026	0.31729	0.00601	0.08807	0.00953	0.01516	0.00622	0.00722	0.00492	0.00430	0.01494	0.00122	0.00485	0.00249	0.00242	0.00462
27	0.02536	0.65464	0.13604	0.00755	0.01121	0.04859	0.00785	0.01247	0.00836	0.04810	0.00623	0.00701	0.00528	0.00355	0.00283	0.00094	0.00453	0.00234	0.00187	0.00524
28	0.00749	0.00705	0.01189	0.85113	0.02731	0.00881	0.01101	0.01013	0.00793	0.01013	0.00705	0.01057	0.00529	0.00396	0.00396	0.00132	0.00529	0.00352	0.00176	0.00440
29	0.00769	0.01883	0.75247	0.02469	0.01631	0.00870	0.01359	0.01198	0.00850	0.01255	0.03981	0.01072	0.04841	0.00425	0.00385	0.00126	0.00550	0.00338	0.00188	0.00563
30	0.00491	0.00352	0.00466	0.00544	0.00576	0.00327	0.00368	0.00572	0.00797	0.01070	0.10186	0.76381	0.04006	0.01196	0.00502	0.00157	0.00225	0.01082	0.00375	0.00327
31	0.00871	0.00842	0.01252	0.43999	0.23106	0.05583	0.02619	0.01214	0.10174	0.01188	0.04673	0.01155	0.00782	0.00420	0.00399	0.00127	0.00487	0.00377	0.00221	0.00510
32	0.88866	0.00767	0.00583	0.00521	0.00767	0.00889	0.00429	0.01166	0.00675	0.01779	0.00552	0.00644	0.00429	0.00368	0.00245	0.00123	0.00307	0.00215	0.00245	0.00429
33	0.00800	0.00738	0.01172	0.48306	0.20338	0.00846	0.00992	0.01133	0.09261	0.01188	0.07186	0.01336	0.04126	0.00457	0.00404	0.00129	0.00455	0.00409	0.00231	0.00492
34	0.00483	0.00345	0.00460	0.00552	0.00575	0.00322	0.00368	0.00552	0.00759	0.01012	0.02185	0.85807	0.02622	0.01242	0.00506	0.00161	0.00230	0.01127	0.00368	0.00322
35	0.00888	0.00907	0.01263	0.02690	0.01127	0.03887	0.04608	0.00990	0.00643	0.00970	0.00540	0.00875	0.00524	0.00662	0.01215	0.00169	0.77076	0.00350	0.00176	0.00439
36	0.07813	0.00681	0.00897	0.00693	0.00995	0.00604	0.00572	0.01879	0.01103	0.78180	0.01494	0.01301	0.00943	0.00482	0.00388	0.00123	0.00335	0.00386	0.00474	0.00658
37	0.00568	0.00417	0.00597	0.00597	0.00654	0.00474	0.00446	0.00682	0.00625	0.00891	0.01099	0.01760	0.01079	0.19188	0.68400	0.00588	0.00930	0.00454	0.00218	0.00332
38	0.01060	0.86304	0.02078	0.00678	0.01018	0.01569	0.00678	0.01187	0.00806	0.00933	0.00551	0.00636	0.00509	0.00339	0.00254	0.00085	0.00424	0.00212	0.00170	0.00509
39	0.09505	0.01050	0.03307	0.01294	0.01656	0.01031	0.46355	0.23548	0.01174	0.05856	0.00857	0.01007	0.00623	0.00385	0.00422	0.00128	0.00552	0.00407	0.00273	0.00571
40	0.00867	0.00867	0.01214	0.01041	0.01041	0.01214	0.00867	0.00954	0.00607	0.00954	0.00520	0.00867	0.00520	0.00694	0.01301	0.00173	0.85340	0.00347	0.00173	0.00434
41	0.00572	0.00369	0.00466	0.00535	0.00586	0.00355	0.00389	0.00688	0.00802	0.01157	0.01949	0.51691	0.02166	0.01024	0.00456	0.00147	0.00240	0.13724	0.22344	0.00341
42	0.01481	0.01890	0.01124	0.01021	0.01226	0.84474	0.00766	0.01583	0.01124	0.00970	0.00613	0.00715	0.00511	0.00409	0.00358	0.00102	0.00715	0.00255	0.00204	0.00460
43	0.00589	0.00421	0.00581	0.00666	0.00738	0.00413	0.00546	0.00739	0.00879	0.01156	0.06258	0.28124	0.02455	0.01124	0.00531	0.00173	0.00317	0.53565	0.00370	0.00353
44	0.00521	0.00404	0.00474	0.00456	0.00568	0.00357	0.00342	0.00670	0.01027	0.01364	0.48744	0.03334	0.38522	0.00895	0.00468	0.00129	0.00193	0.00769	0.00407	0.00357
45	0.00491	0.00357	0.00465	0.00548	0.00586	0.00331	0.00378	0.00570	0.00783	0.01029	0.02359	0.72863	0.10481	0.01210	0.00505	0.00160	0.00235	0.05954	0.00368	0.00326
46	0.63114	0.00868	0.00762	0.00637	0.00903	0.00990	0.00525	0.25074	0.01025	0.01991	0.00670	0.00735	0.00502	0.00400	0.00290	0.00122	0.00345	0.00257	0.00290	0.00502
47	0.01023	0.65581	0.13944	0.00827	0.01204	0.03482	0.06941	0.01213	0.00828	0.01006	0.00595	0.00700	0.00515	0.00346	0.00291	0.00095	0.00473	0.00244	0.00172	0.00521
48	0.00848	0.00469	0.00622	0.00548	0.00691	0.00423	0.00423	0.01027	0.01125	0.20982	0.64099	0.02582	0.03091	0.00735	0.00451	0.00124	0.00222	0.00642	0.00449	0.00445
49	0.00779	0.01909	0.76366	0.01075	0.01620	0.00881	0.01367	0.01229	0.02464	0.01268	0.03698	0.01035	0.03739	0.00418	0.00384	0.00126	0.00552	0.00331	0.00189	0.00570
50	0.00795	0.02051	0.84011	0.01130	0.01716	0.00921	0.01465	0.01256	0.00837	0.01256	0.00712	0.00837	0.00502	0.00377	0.00377	0.00126	0.00586	0.00293	0.00167	0.00586
51	0.00945	0.00798	0.00847	0.00757	0.00970	0.00902	0.00590	0.07157	0.64567	0.01659	0.07845	0.01751	0.08285	0.00593	0.00413	0.00133	0.00303	0.00495	0.00402	0.00587
52	0.00525	0.00440	0.01881	0.00480	0.00595	0.00383	0.00370	0.00666	0.00980	0.01289	0.37562	0.07959	0.41425	0.00917	0.00490	0.00132	0.02380	0.00781	0.00389	0.00358
53	0.00865	0.00755	0.00903	0.00810	0.00985	0.02169	0.04404	0.01593	0.49646	0.01381	0.01372	0.01530	0.01112	0.03155	0.21081	0.00266	0.04846	0.02269	0.00328	0.00529
54	0.00831	0.00680	0.00775	0.00751	0.04708	0.00733	0.00551	0.03393	0.42822	0.03038	0.22852	0.02171	0.12371	0.00666	0.00430	0.00131	0.00278	0.01897	0.00399	0.00523
55	0.00692	0.00478	0.00633	0.02193	0.00730	0.00450	0.02511	0.04575	0.01101	0.07295	0.55922	0.06777	0.11300	0.00801	0.00462	0.00129	0.00236	0.02894	0.00415	0.00408
56	0.02365	0.24763	0.54494	0.00984	0.01469	0.06188	0.01180	0.01250	0.00847	0.01163	0.01592	0.00796	0.00540	0.00373	0.00341	0.00113	0.00541	0.00272	0.00175	0.00552
57	0.00598	0.05176	0.18699	0.00612	0.00845	0.00537	0.00598	0.00790	0.00897	0.01181	0.14352	0.11750	0.37587	0.00805	0.00435	0.00128	0.00301	0.00678	0.00319	0.03710
58	0.02664	0.67519	0.08459	0.00731	0.01077	0.04336	0.00734	0.01281	0.05003	0.04124	0.00658	0.00725	0.00560	0.00361	0.00281	0.00093	0.00436	0.00239	0.00196	0.00524
59	0.00930	0.26075	0.55561	0.00975	0.01474	0.01086	0.01187	0.01277	0.00846	0.06142	0.00717	0.00810	0.00533	0.00373	0.00343	0.00114	0.00525	0.00276	0.00188	0.00569

[dist]
# distance from previous block
# <min> <max>
1	5

[block]
# block no. 1 follows, 68 sequences, length 27
# corresponding to MSA columns:
# 107-133
name=unknown_B
#
# <colnr> <probs for GDERKNQSTAVLIFYWHMCP>
#	G	D	E	R	K	N	Q	S	T	A	V	L	I	F	Y	W	H	M	C	P
0	0.00856	0.08833	0.54550	0.02596	0.03689	0.00958	0.06453	0.04373	0.05032	0.01285	0.00821	0.04441	0.00647	0.00416	0.00378	0.00122	0.00529	0.00343	0.00202	0.03475
1	0.00741	0.02276	0.05368	0.02196	0.00820	0.01831	0.00510	0.08692	0.04856	0.04939	0.12748	0.06803	0.36733	0.00797	0.00453	0.00130	0.01557	0.04075	0.00357	0.04119
2	0.00594	0.00532	0.04819	0.00607	0.00720	0.00493	0.00488	0.00775	0.03517	0.01161	0.21365	0.13483	0.09745	0.04871	0.27391	0.00304	0.04141	0.00619	0.00307	0.04066
3	0.00877	0.00904	0.05618	0.35629	0.41992	0.00919	0.03831	0.01162	0.03015	0.01188	0.00752	0.01021	0.00596	0.00376	0.00396	0.00125	0.00502	0.00356	0.00192	0.00547
4	0.01004	0.00915	0.02388	0.00999	0.04983	0.03092	0.13118	0.09767	0.43291	0.02521	0.02445	0.01477	0.04482	0.00512	0.00412	0.00128	0.00396	0.02684	0.00344	0.05040
5	0.00877	0.00917	0.09677	0.00794	0.03189	0.07666	0.02225	0.04209	0.29523	0.03635	0.16219	0.01983	0.16166	0.00629	0.00420	0.00128	0.00349	0.00526	0.00354	0.00513
6	0.00940	0.00864	0.01395	0.15300	0.49000	0.00913	0.03273	0.07280	0.03122	0.01354	0.06227	0.01247	0.00885	0.00440	0.00437	0.00126	0.03362	0.03034	0.00234	0.00567
7	0.00803	0.00760	0.01287	0.65902	0.21520	0.00895	0.01128	0.01060	0.00818	0.01079	0.00714	0.01039	0.00552	0.00386	0.00396	0.00129	0.00515	0.00353	0.00181	0.00484
8	0.01067	0.01056	0.01347	0.01395	0.22496	0.14844	0.13710	0.03176	0.22240	0.04065	0.03493	0.01264	0.00912	0.00467	0.00446	0.00127	0.03946	0.03109	0.00278	0.00563
9	0.00723	0.00581	0.03764	0.00585	0.00740	0.00531	0.00469	0.11047	0.05153	0.04788	0.10239	0.15687	0.30201	0.04055	0.05450	0.00174	0.00322	0.03470	0.01604	0.00417
10	0.00894	0.01239	0.31271	0.00897	0.01335	0.00740	0.07963	0.03962	0.00889	0.05500	0.00768	0.00880	0.00581	0.00344	0.00348	0.00095	0.00440	0.00289	0.00226	0.41340
11	0.00621	0.00442	0.00610	0.00690	0.00768	0.00443	0.00583	0.00779	0.00865	0.01131	0.01997	0.09472	0.02189	0.08430	0.03502	0.00214	0.00382	0.66183	0.00349	0.00351
12	0.00495	0.00356	0.00471	0.00546	0.00582	0.00331	0.00373	0.00581	0.00808	0.01084	0.11594	0.72165	0.04952	0.01183	0.00502	0.00157	0.00227	0.02887	0.00376	0.00329
13	0.00576	0.00388	0.00449	0.00449	0.00455	0.00394	0.00261	0.00587	0.00582	0.00781	0.01234	0.02509	0.01404	0.79172	0.08861	0.00405	0.00441	0.00564	0.00238	0.00250
14	0.00551	0.00403	0.00517	0.00492	0.00587	0.00369	0.00368	0.00726	0.01091	0.01526	0.73776	0.05830	0.10600	0.00842	0.00469	0.00127	0.00190	0.00741	0.00428	0.00369
15	0.00749	0.00705	0.01189	0.85113	0.02731	0.00881	0.01101	0.01013	0.00793	0.01013	0.00705	0.01057	0.00529	0.00396	0.00396	0.00132	0.00529	0.00352	0.00176	0.00440
16	0.88866	0.00767	0.00583	0.00521	0.00767	0.00889	0.00429	0.01166	0.00675	0.01779	0.00552	0.00644	0.00429	0.00368	0.00245	0.00123	0.00307	0.00215	0.00245	0.00429
17	0.01060	0.86304	0.02078	0.00678	0.01018	0.01569	0.00678	0.01187	0.00806	0.00933	0.00551	0.00636	0.00509	0.00339	0.00254	0.00085	0.00424	0.00212	0.00170	0.00509
18	0.52486	0.00875	0.00805	0.00668	0.00937	0.00988	0.00549	0.26312	0.06376	0.05494	0.00787	0.00823	0.00579	0.00418	0.00309	0.00122	0.00349	0.00282	0.00313	0.00528
19	0.00555	0.00405	0.00522	0.00493	0.00589	0.00372	0.00370	0.00737	0.01109	0.01558	0.78460	0.03015	0.08685	0.00823	0.00468	0.00125	0.00188	0.00724	0.00432	0.00372
20	0.00503	0.00402	0.00442	0.00433	0.00546	0.00350	0.00319	0.00624	0.00948	0.01208	0.27761	0.03479	0.54110	0.06445	0.00568	0.00147	0.00209	0.00784	0.00380	0.00340
21	0.00489	0.00349	0.00467	0.00559	0.00585	0.00327	0.00378	0.00562	0.00765	0.01019	0.02182	0.82672	0.02609	0.01237	0.00508	0.00162	0.00235	0.04203	0.00368	0.00324
22	0.00527	0.00402	0.00485	0.00469	0.00573	0.00359	0.00350	0.00681	0.01035	0.01395	0.53815	0.06716	0.29966	0.00892	0.00470	0.00129	0.00193	0.00774	0.00411	0.00359
23	0.01557	0.01030	0.01140	0.00874	0.01189	0.01110	0.00722	0.67407	0.01729	0.17552	0.01065	0.01025	0.00731	0.00479	0.00397	0.00120	0.00418	0.00365	0.00414	0.00674
24	0.00822	0.00705	0.00822	0.00587	0.00940	0.00529	0.00470	0.00998	0.00822	0.01292	0.00705	0.00822	0.00587	0.00294	0.00294	0.00059	0.00294	0.00235	0.00235	0.88490
25	0.02485	0.00722	0.00937	0.03606	0.01064	0.00620	0.07063	0.07721	0.00928	0.06376	0.01056	0.06569	0.04957	0.02055	0.00381	0.00094	0.00339	0.00372	0.00275	0.52381
26	0.03852	0.03984	0.05941	0.02982	0.03697	0.00645	0.06775	0.06211	0.05599	0.07818	0.03707	0.35245	0.03177	0.00805	0.00444	0.00140	0.00345	0.05439	0.00332	0.02860

[dist]
# distance from previous block
# <min> <max>
0	29

# created by:
# /st0/software/busco_prod/Augustus/scripts/msa2prfl.pl ./align_prep/1633672.fa
