[name]
unknown

[dist]
# distance from previous block
# <min> <max>
0	19

[block]
# block no. 0 follows, 51 sequences, length 23
# corresponding to MSA columns:
# 19-41
name=unknown_A
#
# <colnr> <probs for GDERKNQSTAVLIFYWHMCP>
#	G	D	E	R	K	N	Q	S	T	A	V	L	I	F	Y	W	H	M	C	P
0	0.01297	0.74549	0.04644	0.01023	0.07304	0.01863	0.00919	0.01477	0.01009	0.01202	0.00707	0.00828	0.00642	0.00423	0.00333	0.00110	0.00535	0.00279	0.00213	0.00645
1	0.03803	0.11003	0.12737	0.00925	0.01350	0.01030	0.00863	0.14300	0.01289	0.15071	0.01219	0.07373	0.00990	0.00558	0.00435	0.00127	0.00469	0.00442	0.00370	0.25645
2	0.03509	0.16333	0.56899	0.01287	0.01907	0.07393	0.03139	0.01570	0.01055	0.01479	0.00835	0.00982	0.00625	0.00461	0.00437	0.00145	0.00696	0.00344	0.00215	0.00691
3	0.00597	0.00433	0.00565	0.00670	0.00709	0.00400	0.00450	0.00686	0.00955	0.01260	0.02883	0.76445	0.09101	0.01517	0.00624	0.00197	0.00282	0.01369	0.00456	0.00400
4	0.01142	0.13184	0.45906	0.01301	0.01864	0.03868	0.10189	0.01557	0.01079	0.07377	0.01083	0.07326	0.00885	0.00549	0.00473	0.00152	0.00659	0.00462	0.00263	0.00684
5	0.01757	0.03371	0.12227	0.01279	0.06013	0.02336	0.14126	0.02063	0.02719	0.46651	0.01524	0.01467	0.01010	0.00541	0.00499	0.00153	0.00550	0.00480	0.00453	0.00777
6	0.00584	0.00486	0.00510	0.00529	0.00672	0.00412	0.00387	0.00702	0.01090	0.01315	0.04602	0.17612	0.66825	0.01294	0.00589	0.00172	0.00255	0.01097	0.00456	0.00412
7	0.00928	0.00873	0.01474	0.81548	0.03385	0.01092	0.01365	0.01256	0.00983	0.01256	0.00873	0.01310	0.00655	0.00491	0.00491	0.00164	0.00655	0.00437	0.00218	0.00546
8	0.01457	0.01122	0.03748	0.09170	0.21728	0.01059	0.25391	0.01763	0.01195	0.24807	0.01236	0.01388	0.00880	0.00495	0.00541	0.00157	0.02282	0.00498	0.00350	0.00732
9	0.01483	0.01048	0.01895	0.17174	0.12635	0.01024	0.26171	0.01787	0.01205	0.28585	0.01287	0.01428	0.00895	0.00499	0.00521	0.00158	0.00620	0.00504	0.00366	0.00716
10	0.00928	0.00873	0.01474	0.81548	0.03385	0.01092	0.01365	0.01256	0.00983	0.01256	0.00873	0.01310	0.00655	0.00491	0.00491	0.00164	0.00655	0.00437	0.00218	0.00546
11	0.00676	0.00485	0.00658	0.00768	0.00835	0.00467	0.00590	0.00820	0.01023	0.01344	0.02727	0.49254	0.05148	0.01458	0.00647	0.00209	0.00352	0.31664	0.00455	0.00421
12	0.01767	0.01240	0.13951	0.01233	0.01693	0.00944	0.17810	0.06036	0.01342	0.46486	0.01526	0.01471	0.01000	0.00543	0.00509	0.00155	0.00563	0.00490	0.00460	0.00781
13	0.01118	0.05255	0.40410	0.01653	0.02255	0.01204	0.35060	0.01590	0.01102	0.04257	0.00959	0.01175	0.00697	0.00447	0.00511	0.00158	0.00752	0.00459	0.00239	0.00698
14	0.00639	0.00457	0.00617	0.00731	0.00777	0.00434	0.00527	0.00755	0.00981	0.01300	0.02686	0.66190	0.03161	0.01501	0.00638	0.00205	0.00320	0.17213	0.00455	0.00410
15	0.01180	0.01157	0.02312	0.06517	0.16616	0.01114	0.46226	0.01533	0.01154	0.06333	0.01210	0.01792	0.01006	0.00539	0.00563	0.00168	0.00707	0.08918	0.00290	0.00665
16	0.10762	0.01122	0.01679	0.03978	0.01727	0.01125	0.22338	0.20411	0.02914	0.26959	0.01321	0.01353	0.00905	0.00530	0.00497	0.00155	0.00566	0.00480	0.00432	0.00744
17	0.09662	0.01287	0.02386	0.05233	0.11899	0.03918	0.50921	0.05602	0.01184	0.01696	0.00952	0.01236	0.00726	0.00437	0.00528	0.00160	0.00733	0.00509	0.00265	0.00665
18	0.13755	0.04313	0.01392	0.04213	0.01388	0.02879	0.12372	0.02762	0.00976	0.05355	0.02664	0.03536	0.03307	0.03042	0.11509	0.00266	0.20303	0.05119	0.00300	0.00549
19	0.53079	0.04393	0.01171	0.02761	0.05009	0.01153	0.07286	0.08944	0.01070	0.06443	0.00852	0.00969	0.00645	0.00469	0.00372	0.00148	0.00457	0.00336	0.00325	0.04117
20	0.47540	0.19322	0.02528	0.02053	0.01165	0.03822	0.03335	0.02806	0.00979	0.03037	0.04022	0.01100	0.00820	0.00497	0.00356	0.00141	0.00453	0.02325	0.00298	0.03402
21	0.30628	0.01101	0.01332	0.04319	0.03531	0.06284	0.13488	0.07925	0.03324	0.11802	0.03269	0.03014	0.00914	0.00523	0.00435	0.00148	0.00515	0.00429	0.00355	0.06663
22	0.26508	0.09820	0.02577	0.08570	0.03020	0.08419	0.07236	0.09251	0.02245	0.09723	0.03654	0.01222	0.02247	0.00518	0.00421	0.00145	0.00526	0.00397	0.00337	0.03166

[dist]
# distance from previous block
# <min> <max>
3	32

[block]
# block no. 1 follows, 51 sequences, length 22
# corresponding to MSA columns:
# 97-118
name=unknown_B
#
# <colnr> <probs for GDERKNQSTAVLIFYWHMCP>
#	G	D	E	R	K	N	Q	S	T	A	V	L	I	F	Y	W	H	M	C	P
0	0.01254	0.03401	0.07648	0.09664	0.08871	0.01153	0.34743	0.06143	0.03451	0.09820	0.01192	0.04976	0.00946	0.00542	0.00562	0.00163	0.02739	0.01743	0.00312	0.00678
1	0.01300	0.01306	0.15612	0.18445	0.05226	0.03190	0.20688	0.01641	0.01145	0.18580	0.01218	0.04915	0.00916	0.00534	0.00511	0.00158	0.00639	0.00508	0.00324	0.03145
2	0.01265	0.01765	0.33263	0.01505	0.03654	0.06821	0.23170	0.01705	0.03411	0.12313	0.01179	0.01474	0.00892	0.00529	0.00514	0.00160	0.00697	0.04684	0.00300	0.00699
3	0.01328	0.16210	0.36868	0.01257	0.04910	0.03086	0.04771	0.02926	0.02118	0.17068	0.01148	0.03109	0.00863	0.00527	0.00459	0.00147	0.00611	0.01567	0.00310	0.00717
4	0.01117	0.19225	0.56822	0.01290	0.01920	0.04474	0.04037	0.01572	0.01055	0.02987	0.00860	0.01001	0.00640	0.00460	0.00439	0.00144	0.00688	0.00350	0.00219	0.00700
5	0.01186	0.00705	0.01046	0.11772	0.01429	0.00689	0.04707	0.01407	0.01174	0.23017	0.02314	0.09065	0.08527	0.00990	0.00586	0.00187	0.00460	0.29709	0.00454	0.00574
6	0.01012	0.00940	0.01527	0.52301	0.21591	0.01083	0.01305	0.03105	0.04158	0.01432	0.02652	0.01502	0.04261	0.00531	0.00496	0.00159	0.00598	0.00477	0.00259	0.00611
7	0.01372	0.01462	0.01768	0.13891	0.06635	0.24855	0.19878	0.04042	0.03284	0.05252	0.01105	0.01323	0.03871	0.00553	0.00611	0.00156	0.08575	0.00466	0.00282	0.00619
8	0.06213	0.01151	0.01244	0.01041	0.01341	0.06354	0.02521	0.25599	0.20170	0.13367	0.03300	0.01823	0.01278	0.00688	0.00557	0.00163	0.04537	0.07464	0.00463	0.00726
9	0.00771	0.00545	0.00646	0.00664	0.00826	0.00489	0.00540	0.00937	0.01152	0.07062	0.05895	0.04753	0.46320	0.01230	0.00607	0.00185	0.00329	0.26122	0.00468	0.00459
10	0.00605	0.00436	0.00573	0.00672	0.00712	0.00404	0.00453	0.00703	0.00981	0.01309	0.08330	0.73480	0.06543	0.01489	0.00622	0.00195	0.00280	0.01345	0.00462	0.00404
11	0.03802	0.01327	0.01261	0.01036	0.01363	0.16410	0.00825	0.27731	0.13613	0.21418	0.02944	0.01441	0.01086	0.02834	0.00536	0.00157	0.00542	0.00460	0.00467	0.00747
12	0.04944	0.01257	0.02631	0.08337	0.02519	0.01207	0.65781	0.01570	0.01139	0.04159	0.01002	0.01312	0.00744	0.00429	0.00558	0.00164	0.00781	0.00552	0.00260	0.00653
13	0.00661	0.00506	0.00560	0.00549	0.00702	0.00435	0.00410	0.00810	0.01181	0.04037	0.21924	0.08981	0.55132	0.01186	0.00580	0.00165	0.00253	0.01006	0.00481	0.00439
14	0.00597	0.00433	0.00565	0.00671	0.00709	0.00400	0.00450	0.00686	0.00954	0.01260	0.02872	0.76811	0.08742	0.01518	0.00624	0.00197	0.00283	0.01371	0.00456	0.00400
15	0.01324	0.35949	0.14922	0.01064	0.01473	0.02689	0.03551	0.11884	0.06735	0.04875	0.01018	0.02995	0.00847	0.00553	0.00508	0.00141	0.06777	0.01721	0.00297	0.00678
16	0.01303	0.01293	0.01861	0.01381	0.01799	0.12115	0.31157	0.06568	0.01223	0.05420	0.00971	0.01165	0.00750	0.00443	0.00508	0.00129	0.02790	0.00432	0.00296	0.28397
17	0.03399	0.15241	0.31128	0.01168	0.01673	0.06717	0.03114	0.17857	0.01363	0.10618	0.01057	0.02694	0.00789	0.00524	0.00451	0.00144	0.00616	0.00398	0.00324	0.00723
18	0.02205	0.00836	0.01140	0.00874	0.01254	0.00722	0.00722	0.02395	0.01407	0.80004	0.01939	0.01673	0.01216	0.00608	0.00494	0.00152	0.00418	0.00494	0.00608	0.00836
19	0.01201	0.00841	0.01347	0.57897	0.02732	0.00969	0.01168	0.01491	0.01099	0.18962	0.04449	0.01604	0.01006	0.00562	0.00501	0.00162	0.00579	0.02500	0.00326	0.00605
20	0.01562	0.24821	0.25826	0.01038	0.01536	0.01235	0.01101	0.05226	0.01217	0.30032	0.01223	0.01204	0.00850	0.00510	0.00435	0.00140	0.00549	0.00386	0.00367	0.00744
21	0.00928	0.00873	0.01474	0.81548	0.03385	0.01092	0.01365	0.01256	0.00983	0.01256	0.00873	0.01310	0.00655	0.00491	0.00491	0.00164	0.00655	0.00437	0.00218	0.00546

[dist]
# distance from previous block
# <min> <max>
0	32

[block]
# block no. 2 follows, 51 sequences, length 49
# corresponding to MSA columns:
# 151-179,182-201
name=unknown_C
#
# <colnr> <probs for GDERKNQSTAVLIFYWHMCP>
#	G	D	E	R	K	N	Q	S	T	A	V	L	I	F	Y	W	H	M	C	P
0	0.00601	0.00432	0.00570	0.00676	0.00712	0.00402	0.00454	0.00692	0.00961	0.01279	0.05125	0.77448	0.05801	0.01514	0.00624	0.00197	0.00282	0.01370	0.00459	0.00402
1	0.22734	0.01546	0.01201	0.02754	0.01373	0.31085	0.00815	0.18894	0.01447	0.10778	0.00986	0.01045	0.00731	0.00525	0.00425	0.00141	0.00614	0.00357	0.01902	0.00648
2	0.01226	0.01190	0.01384	0.43820	0.02459	0.13477	0.01132	0.09414	0.17783	0.01604	0.01127	0.01343	0.00850	0.00541	0.00486	0.00157	0.00622	0.00444	0.00311	0.00628
3	0.00593	0.00476	0.00530	0.00564	0.00683	0.00413	0.00405	0.00711	0.01078	0.01340	0.08426	0.29414	0.50994	0.01325	0.00596	0.00176	0.00259	0.01143	0.00461	0.00413
4	0.05630	0.00907	0.01354	0.21222	0.18069	0.00922	0.01028	0.02976	0.01206	0.34513	0.01418	0.03261	0.01028	0.00572	0.00487	0.00156	0.00506	0.02166	0.01863	0.00714
5	0.00624	0.00455	0.00593	0.00683	0.00741	0.00423	0.00483	0.00740	0.01014	0.01340	0.08958	0.60505	0.10947	0.01449	0.00624	0.00195	0.00295	0.09056	0.00462	0.00411
6	0.09521	0.00633	0.00747	0.00672	0.00838	0.00628	0.00518	0.07827	0.01416	0.03925	0.62677	0.03112	0.03804	0.00903	0.00542	0.00154	0.00279	0.00777	0.00514	0.00512
7	0.01201	0.01171	0.01906	0.13135	0.67015	0.03969	0.01470	0.01491	0.01111	0.01546	0.00912	0.01217	0.00757	0.00447	0.00486	0.00148	0.00604	0.00433	0.00240	0.00741
8	0.01103	0.01192	0.15783	0.00870	0.01357	0.00768	0.00828	0.02952	0.01073	0.06428	0.00947	0.01066	0.00740	0.00403	0.00394	0.00095	0.00438	0.00320	0.00299	0.62944
9	0.01195	0.17675	0.45715	0.01325	0.01920	0.01362	0.09535	0.12642	0.01228	0.01705	0.00899	0.01041	0.00668	0.00470	0.00453	0.00146	0.00672	0.00378	0.00254	0.00717
10	0.01115	0.01064	0.01811	0.30732	0.52743	0.01141	0.01458	0.01419	0.01071	0.01482	0.00906	0.01249	0.00735	0.00457	0.00488	0.00152	0.00609	0.00437	0.00234	0.00696
11	0.08517	0.00871	0.01121	0.00870	0.01242	0.00794	0.00717	0.05172	0.03440	0.69172	0.01817	0.01592	0.01158	0.00598	0.00480	0.00152	0.00419	0.00477	0.00578	0.00812
12	0.01215	0.02411	0.04653	0.21963	0.21742	0.01121	0.19178	0.02774	0.06551	0.09247	0.03513	0.01415	0.00945	0.00499	0.00511	0.00157	0.00622	0.00493	0.00303	0.00686
13	0.12137	0.16790	0.03616	0.01020	0.04197	0.01055	0.05129	0.05609	0.01178	0.16674	0.01584	0.04167	0.01448	0.00768	0.00495	0.00166	0.00486	0.22466	0.00393	0.00622
14	0.00666	0.00497	0.00609	0.00588	0.00705	0.00450	0.00433	0.00853	0.01271	0.01732	0.54357	0.06955	0.22130	0.05756	0.00692	0.00177	0.00252	0.00934	0.00504	0.00440
15	0.00992	0.02500	0.77949	0.01389	0.02103	0.01144	0.01786	0.01586	0.03234	0.01570	0.00913	0.01060	0.00647	0.00473	0.00468	0.00156	0.00717	0.00369	0.00216	0.00728
16	0.04240	0.20165	0.06593	0.02773	0.01551	0.47183	0.03864	0.04456	0.01277	0.01332	0.00801	0.00976	0.00673	0.00495	0.00423	0.00129	0.00755	0.01459	0.00253	0.00603
17	0.00790	0.00628	0.00961	0.18735	0.01499	0.00681	0.02823	0.01020	0.01048	0.01397	0.09556	0.10546	0.02244	0.02684	0.13127	0.00293	0.00605	0.30520	0.00373	0.00471
18	0.00600	0.00448	0.00559	0.00638	0.00703	0.00406	0.00438	0.00703	0.01007	0.01312	0.07608	0.60342	0.20562	0.01442	0.00614	0.00189	0.00274	0.01287	0.00461	0.00406
19	0.00610	0.00485	0.00535	0.00560	0.00690	0.00422	0.00412	0.00742	0.01103	0.01383	0.10476	0.20846	0.52648	0.01273	0.00588	0.00173	0.00262	0.03703	0.02672	0.00418
20	0.01080	0.01062	0.01662	0.29692	0.07982	0.07037	0.18063	0.03877	0.03808	0.01480	0.01312	0.02191	0.01181	0.00665	0.00547	0.00173	0.00650	0.16652	0.00298	0.00588
21	0.00923	0.00564	0.00778	0.00843	0.00968	0.00542	0.00694	0.01108	0.01116	0.11554	0.02545	0.25393	0.02732	0.01309	0.00641	0.00210	0.00404	0.46716	0.00474	0.00488
22	0.02121	0.00819	0.01121	0.00870	0.01233	0.00716	0.00716	0.02310	0.01372	0.75585	0.01904	0.01687	0.01217	0.00781	0.04993	0.00188	0.00468	0.00496	0.00589	0.00814
23	0.01114	0.01156	0.02269	0.31838	0.04213	0.01201	0.43492	0.05738	0.01157	0.01541	0.00958	0.01310	0.00717	0.00453	0.00540	0.00164	0.00743	0.00516	0.00251	0.00631
24	0.01220	0.00959	0.01170	0.10966	0.01508	0.01070	0.02232	0.24107	0.19127	0.02010	0.01684	0.03455	0.01503	0.05923	0.04154	0.00220	0.00533	0.17089	0.00425	0.00644
25	0.80263	0.01002	0.00772	0.03193	0.01048	0.04197	0.00574	0.01459	0.00863	0.02136	0.00693	0.00818	0.00540	0.00459	0.00315	0.00151	0.00408	0.00273	0.00299	0.00534
26	0.04302	0.01312	0.02819	0.02019	0.02509	0.01238	0.75022	0.01569	0.01148	0.01597	0.00983	0.01306	0.00738	0.00416	0.00570	0.00165	0.00812	0.00568	0.00251	0.00658
27	0.00598	0.00470	0.00540	0.00582	0.00689	0.00413	0.00414	0.00716	0.01072	0.01354	0.10463	0.35430	0.42835	0.01341	0.00599	0.00178	0.00262	0.01167	0.00464	0.00413
28	0.13879	0.00965	0.01387	0.29591	0.02083	0.02161	0.10256	0.06355	0.03578	0.04242	0.04908	0.03186	0.01021	0.00574	0.00537	0.00158	0.05103	0.02098	0.02205	0.05712
29	0.38579	0.03843	0.13360	0.01141	0.01561	0.01154	0.19201	0.04900	0.02783	0.05688	0.00923	0.01068	0.00686	0.00468	0.00418	0.00154	0.00549	0.00386	0.02513	0.00627
30	0.01166	0.01127	0.01949	0.14298	0.61847	0.01148	0.06126	0.01469	0.01099	0.01553	0.00920	0.01231	0.00757	0.00442	0.00490	0.00148	0.00603	0.00443	0.00241	0.02943
31	0.00648	0.00483	0.00605	0.00623	0.00724	0.00439	0.00455	0.00817	0.01199	0.01618	0.39623	0.26107	0.19582	0.01218	0.00597	0.00172	0.00259	0.03900	0.00496	0.00435
32	0.22339	0.10590	0.01314	0.00954	0.01288	0.07001	0.00785	0.25156	0.21937	0.02247	0.01188	0.01193	0.00899	0.00552	0.00424	0.00147	0.00484	0.00400	0.00399	0.00704
33	0.01015	0.09654	0.73325	0.01351	0.02050	0.01212	0.01730	0.01549	0.01034	0.01521	0.00864	0.01016	0.00623	0.00463	0.00453	0.00151	0.00709	0.00354	0.00208	0.00718
34	0.01346	0.10373	0.24996	0.01454	0.09232	0.03051	0.14081	0.05833	0.05325	0.13987	0.01122	0.01222	0.00816	0.00486	0.00473	0.00146	0.00619	0.00427	0.00317	0.04696
35	0.11145	0.11273	0.14321	0.09210	0.04673	0.01274	0.30836	0.05045	0.01106	0.01621	0.00936	0.03242	0.00747	0.00481	0.00501	0.00155	0.02065	0.00465	0.00257	0.00645
36	0.00604	0.00434	0.00564	0.00665	0.00700	0.00404	0.00442	0.00687	0.00938	0.01241	0.02769	0.73527	0.07437	0.06166	0.00732	0.00214	0.00294	0.01338	0.00447	0.00394
37	0.00817	0.00719	0.00997	0.01289	0.24194	0.00679	0.00744	0.01060	0.04093	0.01565	0.18358	0.03367	0.38356	0.00936	0.00549	0.00158	0.00350	0.00812	0.00411	0.00546
38	0.15036	0.06014	0.26380	0.01361	0.07722	0.03655	0.09536	0.16769	0.02638	0.04997	0.00971	0.01093	0.00715	0.00489	0.00452	0.00150	0.00610	0.00394	0.00309	0.00709
39	0.00603	0.00455	0.00559	0.00636	0.00710	0.00411	0.00444	0.00709	0.01012	0.01303	0.05492	0.55015	0.25342	0.01433	0.00614	0.00190	0.00279	0.03926	0.00458	0.00407
40	0.00598	0.00430	0.00567	0.00677	0.00711	0.00400	0.00453	0.00685	0.00948	0.01257	0.02797	0.79390	0.06212	0.01528	0.00625	0.00198	0.00284	0.01383	0.00456	0.00400
41	0.05616	0.11427	0.53813	0.01273	0.01864	0.13552	0.01490	0.02904	0.01099	0.01517	0.00835	0.00976	0.00624	0.00469	0.00438	0.00145	0.00707	0.00341	0.00225	0.00683
42	0.06312	0.01175	0.01845	0.04325	0.18423	0.02916	0.21535	0.15383	0.01395	0.19952	0.01204	0.01316	0.00860	0.00502	0.00503	0.00153	0.00601	0.00477	0.00376	0.00745
43	0.00651	0.00493	0.00597	0.00592	0.00710	0.00443	0.00437	0.00827	0.01233	0.01653	0.43998	0.13077	0.27630	0.03271	0.00637	0.00173	0.00254	0.02392	0.00497	0.00437
44	0.01841	0.07111	0.03675	0.01136	0.01493	0.27417	0.02290	0.31332	0.01709	0.15588	0.01128	0.01141	0.00814	0.00548	0.00465	0.00139	0.00642	0.00398	0.00402	0.00729
45	0.03041	0.06512	0.25268	0.08166	0.02080	0.04641	0.23577	0.04931	0.06616	0.06104	0.02468	0.01330	0.00869	0.00503	0.00498	0.00156	0.00675	0.01592	0.00290	0.00682
46	0.01299	0.05879	0.02394	0.01853	0.10105	0.05485	0.47472	0.03105	0.05329	0.07308	0.01074	0.01300	0.00811	0.00460	0.00551	0.00156	0.02238	0.00515	0.00291	0.02376
47	0.01208	0.01077	0.03543	0.03434	0.11893	0.02256	0.06977	0.11153	0.30419	0.03296	0.01807	0.03965	0.04187	0.00735	0.00533	0.00170	0.00494	0.11737	0.00418	0.00697
48	0.02702	0.01497	0.20128	0.05437	0.12114	0.02606	0.17307	0.09010	0.11366	0.01776	0.01079	0.01243	0.00816	0.00480	0.00486	0.00147	0.00619	0.00444	0.00299	0.10443

[dist]
# distance from previous block
# <min> <max>
8	17

[block]
# block no. 3 follows, 51 sequences, length 7
# corresponding to MSA columns:
# 229-235
name=unknown_D
#
# <colnr> <probs for GDERKNQSTAVLIFYWHMCP>
#	G	D	E	R	K	N	Q	S	T	A	V	L	I	F	Y	W	H	M	C	P
0	0.12725	0.05526	0.01436	0.23467	0.19720	0.05835	0.01064	0.01551	0.01074	0.14490	0.01055	0.01277	0.00804	0.00753	0.07037	0.00202	0.00624	0.00414	0.00305	0.00643
1	0.21097	0.04225	0.01012	0.03429	0.01145	0.03251	0.00657	0.11248	0.01326	0.22408	0.15375	0.01998	0.09490	0.00691	0.00465	0.00151	0.00401	0.00543	0.00456	0.00632
2	0.00865	0.00575	0.00701	0.00707	0.00795	0.03742	0.00521	0.00929	0.01007	0.06006	0.15253	0.14440	0.08016	0.08343	0.03560	0.21433	0.00414	0.11901	0.00391	0.00399
3	0.05609	0.54634	0.02068	0.00878	0.01242	0.01562	0.03965	0.01539	0.06197	0.07569	0.01100	0.09688	0.01015	0.00573	0.00386	0.00128	0.00487	0.00435	0.00294	0.00628
4	0.07078	0.33644	0.09232	0.00975	0.01370	0.04401	0.00913	0.26655	0.01427	0.01904	0.00995	0.05160	0.00856	0.02830	0.00468	0.00143	0.00539	0.00404	0.00325	0.00678
5	0.01308	0.69430	0.11263	0.00920	0.01373	0.01831	0.00956	0.05721	0.01076	0.01309	0.00733	0.00838	0.00641	0.00435	0.00342	0.00113	0.00549	0.00284	0.00225	0.00653
6	0.01303	0.58322	0.14178	0.00955	0.01396	0.05614	0.00980	0.06519	0.01100	0.01339	0.00783	0.00948	0.00687	0.03547	0.00439	0.00131	0.00573	0.00310	0.00234	0.00643

[dist]
# distance from previous block
# <min> <max>
0	12

# created by:
# /st0/software/busco_prod/Augustus/scripts/msa2prfl.pl ./align_prep/1645187.fa
