[name]
unknown

[dist]
# distance from previous block
# <min> <max>
0	335

[block]
# block no. 0 follows, 52 sequences, length 11
# corresponding to MSA columns:
# 350-360
name=unknown_A
#
# <colnr> <probs for GDERKNQSTAVLIFYWHMCP>
#	G	D	E	R	K	N	Q	S	T	A	V	L	I	F	Y	W	H	M	C	P
0	0.06790	0.00812	0.04019	0.00936	0.07714	0.00738	0.00684	0.08868	0.01115	0.06639	0.04698	0.03592	0.08758	0.09280	0.02790	0.08560	0.00441	0.08150	0.03064	0.12351
1	0.03838	0.16616	0.20836	0.07770	0.04195	0.07749	0.05614	0.10034	0.04101	0.04679	0.00976	0.02925	0.00772	0.00504	0.00458	0.00139	0.02063	0.00395	0.00284	0.06053
2	0.00697	0.00470	0.00547	0.00554	0.00561	0.00475	0.00324	0.00714	0.00722	0.00969	0.01577	0.07613	0.01807	0.72988	0.07653	0.00475	0.00515	0.00731	0.00300	0.00309
3	0.01064	0.15634	0.03279	0.01972	0.02384	0.07626	0.02099	0.05709	0.03124	0.04144	0.20587	0.05450	0.10984	0.03580	0.00645	0.00161	0.06976	0.02365	0.01671	0.00545
4	0.00636	0.00481	0.00565	0.00605	0.00686	0.00448	0.00415	0.00783	0.04146	0.01306	0.09814	0.37182	0.25634	0.13964	0.00882	0.00224	0.00299	0.01092	0.00435	0.00403
5	0.01241	0.01149	0.04394	0.00934	0.01315	0.10570	0.04625	0.08322	0.01187	0.06930	0.01049	0.05714	0.00885	0.00498	0.00450	0.00109	0.02624	0.00400	0.00323	0.47282
6	0.01077	0.12497	0.14900	0.02800	0.01343	0.02478	0.04475	0.15546	0.01240	0.01662	0.04332	0.19018	0.05177	0.05234	0.00596	0.00167	0.00491	0.00654	0.00347	0.05967
7	0.01419	0.01392	0.13908	0.09461	0.01636	0.12768	0.02427	0.12622	0.07212	0.15227	0.01277	0.01379	0.02468	0.00753	0.05226	0.00188	0.05824	0.00441	0.03703	0.00667
8	0.00823	0.03199	0.00898	0.06214	0.09664	0.00626	0.00649	0.02912	0.01007	0.04185	0.04750	0.44764	0.05759	0.04910	0.00698	0.03531	0.00370	0.00978	0.00390	0.03672
9	0.04044	0.17291	0.13795	0.07121	0.16728	0.03415	0.04244	0.02861	0.04638	0.05673	0.01163	0.10787	0.01046	0.00673	0.02339	0.00163	0.02584	0.00505	0.00289	0.00643
10	0.01317	0.31490	0.12703	0.01125	0.08172	0.01307	0.00978	0.05183	0.01101	0.14659	0.01147	0.08083	0.00986	0.00714	0.03777	0.00166	0.05669	0.00451	0.00312	0.00658

[dist]
# distance from previous block
# <min> <max>
51	149

[block]
# block no. 1 follows, 52 sequences, length 7
# corresponding to MSA columns:
# 563-569
name=unknown_B
#
# <colnr> <probs for GDERKNQSTAVLIFYWHMCP>
#	G	D	E	R	K	N	Q	S	T	A	V	L	I	F	Y	W	H	M	C	P
0	0.03688	0.25117	0.13688	0.01048	0.01429	0.04385	0.06240	0.06421	0.12213	0.04680	0.07537	0.01477	0.01187	0.00574	0.00486	0.00142	0.03753	0.03168	0.00324	0.02443
1	0.04608	0.14137	0.09856	0.05587	0.01394	0.07972	0.03882	0.03837	0.09061	0.09752	0.03297	0.14607	0.02627	0.00848	0.04498	0.00181	0.00545	0.00578	0.00351	0.02382
2	0.00838	0.00701	0.01036	0.29382	0.03835	0.00764	0.03590	0.01117	0.04740	0.01399	0.09058	0.05758	0.10356	0.09660	0.03814	0.00213	0.00494	0.02335	0.07748	0.03162
3	0.03092	0.06115	0.07493	0.01154	0.09798	0.04944	0.04977	0.03311	0.07735	0.15305	0.08527	0.05232	0.03107	0.02545	0.00525	0.00153	0.00472	0.04259	0.03169	0.08089
4	0.01353	0.03146	0.05306	0.05139	0.07461	0.03696	0.05375	0.15366	0.10513	0.12364	0.03787	0.02954	0.01181	0.00695	0.02083	0.00167	0.07138	0.05480	0.00386	0.06412
5	0.01051	0.04254	0.01441	0.01170	0.01281	0.06212	0.09798	0.01180	0.00873	0.02978	0.01078	0.08027	0.03024	0.03344	0.07274	0.04974	0.40733	0.00538	0.00258	0.00511
6	0.00966	0.00760	0.01170	0.18794	0.20560	0.00793	0.00932	0.01231	0.04943	0.07521	0.05579	0.31077	0.01887	0.00891	0.00537	0.00169	0.00444	0.00808	0.00366	0.00571

[dist]
# distance from previous block
# <min> <max>
0	1

[block]
# block no. 2 follows, 52 sequences, length 22
# corresponding to MSA columns:
# 571-592
name=unknown_C
#
# <colnr> <probs for GDERKNQSTAVLIFYWHMCP>
#	G	D	E	R	K	N	Q	S	T	A	V	L	I	F	Y	W	H	M	C	P
0	0.01314	0.00781	0.00892	0.00781	0.01014	0.05131	0.00607	0.01552	0.07084	0.30135	0.02605	0.17318	0.20071	0.00917	0.00568	0.00161	0.03625	0.00763	0.00480	0.04201
1	0.00729	0.00587	0.00653	0.00708	0.00776	0.04467	0.00485	0.00940	0.08609	0.01317	0.06640	0.54829	0.04877	0.11023	0.00813	0.00219	0.00339	0.01127	0.00430	0.00431
2	0.02704	0.02941	0.26327	0.05543	0.44484	0.03450	0.01492	0.01473	0.01067	0.01533	0.00948	0.04138	0.00794	0.00485	0.00472	0.00148	0.00615	0.00434	0.00236	0.00715
3	0.00809	0.00693	0.03987	0.04790	0.03826	0.00635	0.00763	0.05281	0.01162	0.01501	0.03838	0.07693	0.21059	0.01165	0.00609	0.00194	0.00418	0.40672	0.00423	0.00483
4	0.00898	0.00813	0.02445	0.00823	0.00962	0.09414	0.00645	0.04684	0.05115	0.01359	0.05023	0.10196	0.08146	0.04705	0.33246	0.02172	0.01955	0.04886	0.02035	0.00477
5	0.18492	0.00811	0.00877	0.00764	0.01018	0.00847	0.00608	0.08496	0.13616	0.18605	0.10744	0.06184	0.04946	0.00713	0.00460	0.00153	0.00358	0.02580	0.09102	0.00624
6	0.00692	0.00493	0.00640	0.00640	0.00688	0.00528	0.00439	0.00777	0.00761	0.01044	0.01612	0.02682	0.05867	0.42537	0.37889	0.00592	0.00832	0.00639	0.00287	0.00363
7	0.00795	0.00487	0.00622	0.00654	0.00739	0.00446	0.00452	0.00894	0.00999	0.10542	0.07339	0.49661	0.11106	0.11888	0.00834	0.00220	0.00314	0.01117	0.00452	0.00437
8	0.00716	0.00547	0.00755	0.00760	0.00842	0.00537	0.04564	0.04007	0.01014	0.01355	0.07767	0.47666	0.07094	0.12071	0.00876	0.00226	0.02390	0.05972	0.00420	0.00424
9	0.01064	0.00875	0.01310	0.02078	0.01330	0.02613	0.19789	0.06104	0.11352	0.04989	0.09266	0.09035	0.05780	0.03208	0.00587	0.00163	0.02230	0.00651	0.17002	0.00575
10	0.04641	0.00939	0.01347	0.08667	0.05987	0.06403	0.13858	0.05479	0.03577	0.04165	0.06611	0.07535	0.01230	0.00903	0.00911	0.20373	0.06014	0.00545	0.00303	0.00511
11	0.00791	0.00565	0.00673	0.00687	0.00787	0.00568	0.00490	0.01080	0.13954	0.03389	0.07057	0.27463	0.11929	0.14765	0.00988	0.06767	0.00345	0.05531	0.01722	0.00446
12	0.02385	0.00561	0.00657	0.00648	0.00786	0.00533	0.00483	0.03916	0.05268	0.04494	0.22823	0.22142	0.25956	0.03264	0.00620	0.00177	0.00290	0.04054	0.00473	0.00469
13	0.01203	0.07169	0.16044	0.03604	0.14085	0.04261	0.08409	0.07478	0.04302	0.08560	0.04209	0.10488	0.01260	0.00638	0.00488	0.00152	0.00544	0.01901	0.04548	0.00657
14	0.02872	0.00978	0.04832	0.01017	0.05316	0.03817	0.00799	0.11535	0.07038	0.25975	0.04666	0.07064	0.03665	0.04108	0.03086	0.00192	0.04506	0.05830	0.02041	0.00664
15	0.00873	0.00756	0.08958	0.00780	0.02992	0.00590	0.00621	0.03017	0.01061	0.08865	0.15214	0.17480	0.11905	0.18585	0.05894	0.00267	0.00442	0.00815	0.00403	0.00483
16	0.03674	0.09978	0.54430	0.01264	0.01852	0.05270	0.04533	0.05784	0.01107	0.01569	0.01040	0.02967	0.03432	0.00513	0.00453	0.00148	0.00663	0.00402	0.00241	0.00679
17	0.01398	0.06233	0.09679	0.06247	0.09914	0.07424	0.01009	0.19959	0.12790	0.09223	0.04949	0.02753	0.02750	0.00612	0.00482	0.00150	0.00531	0.02803	0.00389	0.00705
18	0.02892	0.04526	0.24909	0.06825	0.15627	0.05587	0.03489	0.08656	0.01181	0.03978	0.04933	0.05437	0.01097	0.00654	0.01967	0.00166	0.03847	0.03275	0.00294	0.00658
19	0.01408	0.04613	0.01085	0.00899	0.02819	0.08443	0.00692	0.15617	0.04246	0.21029	0.07754	0.11841	0.10752	0.00905	0.02564	0.03143	0.00459	0.00651	0.00453	0.00628
20	0.09785	0.01122	0.03710	0.03010	0.06434	0.06411	0.09212	0.10426	0.06980	0.18121	0.01485	0.05745	0.03234	0.04189	0.02827	0.00195	0.03805	0.00536	0.02094	0.00680
21	0.01372	0.01501	0.17617	0.06461	0.18434	0.07979	0.07925	0.14879	0.01363	0.08151	0.03890	0.05882	0.01074	0.00598	0.00515	0.00160	0.00622	0.00509	0.00344	0.00723

[dist]
# distance from previous block
# <min> <max>
10	86

[block]
# block no. 3 follows, 52 sequences, length 9
# corresponding to MSA columns:
# 682-690
name=unknown_D
#
# <colnr> <probs for GDERKNQSTAVLIFYWHMCP>
#	G	D	E	R	K	N	Q	S	T	A	V	L	I	F	Y	W	H	M	C	P
0	0.12459	0.14257	0.08068	0.03555	0.09703	0.07160	0.06988	0.06167	0.06568	0.09912	0.02532	0.02701	0.00927	0.00531	0.00456	0.00143	0.01926	0.01783	0.00324	0.03839
1	0.04084	0.11360	0.05251	0.06996	0.13089	0.05911	0.05340	0.06287	0.03169	0.06809	0.06069	0.08753	0.05035	0.00635	0.00485	0.00143	0.01789	0.00536	0.00332	0.07927
2	0.03281	0.19671	0.10788	0.03533	0.05470	0.04538	0.06990	0.05978	0.06322	0.08930	0.07148	0.05688	0.05348	0.03620	0.00534	0.00156	0.00516	0.00521	0.00340	0.00629
3	0.11348	0.06026	0.14668	0.01056	0.03261	0.07134	0.05182	0.08143	0.05273	0.09224	0.03253	0.07407	0.04054	0.00838	0.05929	0.00194	0.02962	0.00509	0.02917	0.00622
4	0.15925	0.02423	0.04033	0.03721	0.01243	0.08268	0.00763	0.13473	0.07684	0.13251	0.02797	0.09000	0.01251	0.02507	0.02253	0.00176	0.03351	0.03659	0.03602	0.00621
5	0.00830	0.00589	0.03688	0.00748	0.03629	0.00526	0.00523	0.02879	0.00840	0.01155	0.04615	0.10481	0.03500	0.15570	0.01468	0.38088	0.00414	0.03462	0.03013	0.03980
6	0.04011	0.31010	0.09381	0.01190	0.07612	0.11980	0.06764	0.04160	0.03369	0.04888	0.03797	0.03268	0.00995	0.02756	0.00479	0.00143	0.00579	0.02704	0.00283	0.00628
7	0.04336	0.00646	0.03144	0.02847	0.00884	0.00626	0.00555	0.10034	0.00890	0.02885	0.00969	0.03512	0.00913	0.04277	0.01509	0.58635	0.00444	0.00448	0.00266	0.02180
8	0.01181	0.11573	0.31982	0.01078	0.01537	0.03948	0.01138	0.12901	0.09515	0.03980	0.01339	0.05743	0.04568	0.03687	0.00535	0.00158	0.00559	0.00476	0.00321	0.03783

[dist]
# distance from previous block
# <min> <max>
4	6

[block]
# block no. 4 follows, 52 sequences, length 11
# corresponding to MSA columns:
# 698-708
name=unknown_E
#
# <colnr> <probs for GDERKNQSTAVLIFYWHMCP>
#	G	D	E	R	K	N	Q	S	T	A	V	L	I	F	Y	W	H	M	C	P
0	0.01190	0.01005	0.01317	0.23049	0.11500	0.07859	0.03073	0.03864	0.06610	0.10086	0.06224	0.04379	0.03156	0.04531	0.00652	0.00169	0.05627	0.00520	0.00333	0.04857
1	0.06984	0.00712	0.00842	0.00732	0.00958	0.00691	0.00569	0.06619	0.06708	0.25690	0.13557	0.09115	0.12486	0.07682	0.00674	0.00184	0.00356	0.02046	0.02802	0.00594
2	0.00681	0.00466	0.00617	0.00687	0.00757	0.00434	0.00494	0.00811	0.01047	0.04085	0.15451	0.54326	0.06956	0.01365	0.00610	0.00189	0.00294	0.09836	0.00468	0.00426
3	0.06813	0.09014	0.14789	0.02412	0.05298	0.07895	0.08316	0.03158	0.10047	0.03281	0.12693	0.07129	0.01507	0.00652	0.00537	0.00154	0.04815	0.00540	0.00334	0.00616
4	0.01184	0.00836	0.01069	0.02372	0.01187	0.00876	0.05305	0.13047	0.16686	0.12444	0.05716	0.22170	0.06820	0.00910	0.00580	0.00169	0.03519	0.02672	0.01817	0.00620
5	0.00642	0.00468	0.00604	0.00681	0.00752	0.00439	0.00500	0.00769	0.01022	0.01344	0.10319	0.44877	0.13501	0.05338	0.00708	0.00207	0.00314	0.16657	0.00450	0.00408
6	0.05903	0.07498	0.03028	0.04856	0.02904	0.02349	0.00750	0.09658	0.10338	0.12098	0.02809	0.01843	0.04562	0.03726	0.11251	0.00244	0.03332	0.03668	0.08574	0.00608
7	0.01264	0.01387	0.04185	0.08755	0.23510	0.16311	0.16599	0.04749	0.03712	0.01489	0.00965	0.03995	0.00815	0.00542	0.00617	0.00156	0.09567	0.00471	0.00262	0.00648
8	0.00945	0.00606	0.00752	0.00719	0.00859	0.00588	0.00530	0.08801	0.03891	0.10336	0.23101	0.33822	0.06906	0.03120	0.00645	0.02105	0.00316	0.00966	0.00485	0.00508
9	0.00696	0.00479	0.00605	0.00668	0.00730	0.00460	0.00465	0.00842	0.03674	0.03181	0.06812	0.49521	0.06512	0.12901	0.00863	0.00229	0.00322	0.07400	0.03228	0.00413
10	0.01148	0.06781	0.12906	0.17012	0.11736	0.01251	0.30275	0.07750	0.01160	0.01579	0.00919	0.01199	0.00703	0.00460	0.00534	0.00155	0.03058	0.00463	0.00249	0.00662

[dist]
# distance from previous block
# <min> <max>
2	14

[block]
# block no. 5 follows, 52 sequences, length 11
# corresponding to MSA columns:
# 734,735,737-745
name=unknown_F
#
# <colnr> <probs for GDERKNQSTAVLIFYWHMCP>
#	G	D	E	R	K	N	Q	S	T	A	V	L	I	F	Y	W	H	M	C	P
0	0.00680	0.00518	0.00614	0.00657	0.00755	0.00491	0.00465	0.04884	0.04190	0.01408	0.05670	0.50661	0.24539	0.01335	0.00592	0.00182	0.00287	0.01179	0.00456	0.00438
1	0.04031	0.06203	0.10436	0.18293	0.06590	0.03835	0.02284	0.21377	0.04131	0.05401	0.00999	0.01195	0.00763	0.01733	0.00603	0.00158	0.08805	0.00414	0.00319	0.02431
2	0.00967	0.00896	0.01479	0.29460	0.18026	0.00995	0.08504	0.03245	0.03032	0.01388	0.01270	0.16416	0.01230	0.04479	0.00685	0.00182	0.06256	0.00635	0.00284	0.00571
3	0.00679	0.00465	0.00589	0.00654	0.00730	0.00425	0.00460	0.00785	0.01000	0.04982	0.05915	0.54709	0.17030	0.04317	0.00671	0.00198	0.00294	0.05223	0.00454	0.00418
4	0.00781	0.00441	0.00589	0.00589	0.00596	0.00438	0.00374	0.00660	0.00678	0.00897	0.01266	0.02216	0.04705	0.30373	0.02037	0.51882	0.00430	0.00548	0.00251	0.00249
5	0.15168	0.12420	0.02791	0.03606	0.01344	0.09321	0.07819	0.10525	0.06712	0.02899	0.04758	0.12772	0.01295	0.00666	0.00454	0.00147	0.00502	0.01861	0.00346	0.04594
6	0.04623	0.00926	0.01056	0.00863	0.01170	0.00930	0.00688	0.12665	0.18851	0.07541	0.07526	0.05794	0.01398	0.00632	0.00511	0.00135	0.04441	0.01908	0.00412	0.27931
7	0.04887	0.01064	0.01202	0.00952	0.01303	0.01094	0.02814	0.29180	0.18104	0.05911	0.03329	0.04595	0.01131	0.00581	0.00458	0.00134	0.00436	0.00471	0.00429	0.21927
8	0.06073	0.07400	0.00999	0.00744	0.01001	0.00844	0.00599	0.16529	0.01366	0.10293	0.15680	0.09718	0.19096	0.00844	0.00498	0.00147	0.00359	0.00697	0.00448	0.06664
9	0.00965	0.03334	0.20222	0.00852	0.01190	0.00740	0.00837	0.01316	0.05534	0.08792	0.27138	0.06132	0.07931	0.00752	0.00498	0.00145	0.00399	0.00637	0.01979	0.10606
10	0.01006	0.12753	0.38734	0.26969	0.04692	0.01195	0.01454	0.01413	0.01002	0.01390	0.00841	0.01080	0.00635	0.00456	0.00444	0.00145	0.00646	0.00367	0.00213	0.04563

[dist]
# distance from previous block
# <min> <max>
5	8

[block]
# block no. 6 follows, 52 sequences, length 15
# corresponding to MSA columns:
# 757-771
name=unknown_G
#
# <colnr> <probs for GDERKNQSTAVLIFYWHMCP>
#	G	D	E	R	K	N	Q	S	T	A	V	L	I	F	Y	W	H	M	C	P
0	0.00694	0.00480	0.00588	0.00647	0.00710	0.00467	0.00455	0.00850	0.03832	0.01328	0.04891	0.39581	0.07127	0.16280	0.00924	0.00236	0.00329	0.10110	0.10065	0.00405
1	0.00726	0.00534	0.00632	0.00623	0.00725	0.00506	0.00440	0.05313	0.01107	0.01481	0.22143	0.20744	0.17327	0.20142	0.01014	0.00237	0.00326	0.03053	0.00433	0.02493
2	0.01260	0.00861	0.01009	0.00955	0.05684	0.00913	0.00698	0.11875	0.27305	0.12273	0.12457	0.07291	0.01821	0.00717	0.00488	0.00152	0.00368	0.00605	0.12599	0.00670
3	0.10917	0.15781	0.01727	0.21423	0.24439	0.10180	0.03970	0.01456	0.01047	0.01447	0.00831	0.01083	0.00679	0.00454	0.00425	0.00140	0.00593	0.00374	0.02411	0.00622
4	0.01037	0.00847	0.00842	0.00713	0.00969	0.07902	0.00550	0.06644	0.03809	0.02984	0.06649	0.07950	0.11175	0.00679	0.00437	0.00121	0.00364	0.00556	0.17810	0.27963
5	0.01211	0.00640	0.00740	0.00650	0.00850	0.00623	0.00506	0.06349	0.06285	0.19712	0.10637	0.04358	0.07443	0.02459	0.00488	0.00145	0.00307	0.00585	0.35438	0.00573
6	0.00734	0.00526	0.00710	0.00703	0.00781	0.00581	0.00518	0.03243	0.00836	0.01188	0.01520	0.05190	0.03783	0.21252	0.51171	0.00615	0.00962	0.00602	0.04673	0.00412
7	0.01064	0.00934	0.01392	0.11869	0.28827	0.03369	0.03393	0.04115	0.04842	0.04200	0.07739	0.15125	0.01592	0.02443	0.00611	0.00169	0.04226	0.03141	0.00336	0.00614
8	0.00731	0.00526	0.00644	0.00684	0.00786	0.00505	0.00500	0.00958	0.07631	0.04139	0.09465	0.37942	0.17532	0.06059	0.00705	0.00201	0.00313	0.09776	0.00456	0.00449
9	0.00700	0.00491	0.00679	0.00720	0.00790	0.00466	0.03299	0.00809	0.00945	0.03662	0.02479	0.52456	0.06466	0.11416	0.03226	0.00244	0.00370	0.07867	0.02503	0.00412
10	0.00972	0.02507	0.80458	0.01381	0.02097	0.01125	0.01790	0.01535	0.01023	0.01535	0.00870	0.01023	0.00614	0.00460	0.00460	0.00153	0.00716	0.00358	0.00205	0.00716
11	0.01550	0.09306	0.04311	0.01196	0.01515	0.36476	0.08061	0.17661	0.05442	0.01665	0.01130	0.05422	0.02995	0.00580	0.00465	0.00139	0.00686	0.00446	0.00321	0.00633
12	0.01231	0.03769	0.18942	0.05762	0.01634	0.00973	0.07855	0.07686	0.06767	0.11839	0.01175	0.03513	0.00897	0.00503	0.00449	0.00131	0.00518	0.00427	0.02360	0.23568
13	0.01217	0.07511	0.08450	0.01180	0.06171	0.08322	0.09182	0.08511	0.10904	0.06455	0.03035	0.07379	0.06161	0.00754	0.03062	0.00168	0.00552	0.03195	0.00357	0.07435
14	0.03310	0.05638	0.00871	0.11863	0.01154	0.03081	0.00625	0.00973	0.02388	0.01410	0.16987	0.15563	0.19334	0.03705	0.07655	0.00227	0.00452	0.03917	0.00387	0.00461

[dist]
# distance from previous block
# <min> <max>
0	3

[block]
# block no. 7 follows, 52 sequences, length 23
# corresponding to MSA columns:
# 775-777,780-799
name=unknown_H
#
# <colnr> <probs for GDERKNQSTAVLIFYWHMCP>
#	G	D	E	R	K	N	Q	S	T	A	V	L	I	F	Y	W	H	M	C	P
0	0.01200	0.05108	0.01815	0.22207	0.49046	0.01206	0.01362	0.09340	0.01185	0.01628	0.00913	0.01198	0.00736	0.00459	0.00473	0.00146	0.00586	0.00424	0.00257	0.00710
1	0.08036	0.15806	0.02999	0.01166	0.07474	0.21103	0.04437	0.12432	0.02346	0.01655	0.06904	0.04767	0.02635	0.00683	0.02994	0.00158	0.01791	0.00453	0.01554	0.00609
2	0.01240	0.03659	0.08318	0.16817	0.26903	0.02330	0.05097	0.12160	0.07534	0.04991	0.02942	0.01443	0.00959	0.00531	0.00488	0.00152	0.00575	0.02845	0.00314	0.00700
3	0.04658	0.17160	0.08616	0.04908	0.01451	0.03232	0.00915	0.18395	0.04579	0.11407	0.01084	0.03133	0.00846	0.00551	0.00519	0.00138	0.07070	0.00401	0.00348	0.10591
4	0.00931	0.03095	0.00833	0.00740	0.00922	0.00741	0.00566	0.02854	0.24560	0.05431	0.13358	0.11182	0.20844	0.01081	0.02536	0.06902	0.00352	0.02077	0.00452	0.00542
5	0.00982	0.00871	0.01432	0.41217	0.26116	0.00972	0.01198	0.01251	0.01010	0.02666	0.02623	0.07808	0.01048	0.04590	0.00586	0.00172	0.00558	0.00529	0.03785	0.00584
6	0.03546	0.21300	0.13438	0.02950	0.01448	0.07551	0.08315	0.03277	0.01117	0.05256	0.03945	0.08328	0.03306	0.00725	0.00485	0.00155	0.00552	0.13399	0.00319	0.00586
7	0.09210	0.00964	0.04812	0.03517	0.01260	0.00952	0.00782	0.10444	0.08220	0.27314	0.03167	0.07391	0.03517	0.02568	0.00648	0.00167	0.09746	0.00538	0.01702	0.03081
8	0.00737	0.00500	0.00588	0.00584	0.00721	0.00441	0.00431	0.00885	0.01145	0.07387	0.21230	0.20903	0.36721	0.01160	0.00566	0.00165	0.00261	0.01001	0.04122	0.00450
9	0.04443	0.00549	0.00636	0.00610	0.00699	0.00549	0.02155	0.00960	0.05707	0.02798	0.05786	0.09057	0.10933	0.39038	0.02698	0.01561	0.00399	0.00730	0.10292	0.00400
10	0.07820	0.10242	0.04237	0.24106	0.14147	0.04877	0.08701	0.03552	0.01015	0.01431	0.00810	0.01112	0.00663	0.00524	0.00647	0.00158	0.14713	0.00404	0.00236	0.00607
11	0.00692	0.00512	0.00621	0.00635	0.00744	0.00487	0.00459	0.00899	0.05672	0.03271	0.19260	0.28077	0.23944	0.05256	0.06980	0.00234	0.00358	0.01007	0.00451	0.00442
12	0.00585	0.00441	0.00542	0.00623	0.00689	0.00398	0.00427	0.00681	0.00978	0.01258	0.03307	0.60500	0.24947	0.01436	0.00606	0.00187	0.00271	0.01277	0.00450	0.00398
13	0.47175	0.00829	0.00806	0.00811	0.07082	0.00904	0.00583	0.03894	0.01007	0.08221	0.04847	0.01264	0.00963	0.00516	0.00357	0.00141	0.00358	0.00371	0.19313	0.00558
14	0.01023	0.00815	0.04746	0.00827	0.01049	0.00769	0.02198	0.02893	0.21683	0.10338	0.17453	0.10390	0.14307	0.00903	0.00568	0.00165	0.02737	0.03971	0.02576	0.00590
15	0.01212	0.00634	0.00763	0.00679	0.00890	0.00584	0.00527	0.05691	0.02361	0.25816	0.05528	0.15187	0.20835	0.00914	0.00509	0.00155	0.00319	0.01731	0.15093	0.00573
16	0.00936	0.00551	0.00684	0.00639	0.00796	0.00501	0.00482	0.02729	0.01237	0.14698	0.31355	0.17407	0.17400	0.01022	0.00546	0.00159	0.00278	0.00886	0.07189	0.00505
17	0.01127	0.01024	0.01500	0.06637	0.42034	0.01070	0.01125	0.05348	0.19198	0.01710	0.03164	0.01825	0.10912	0.00605	0.00497	0.00152	0.00485	0.00541	0.00341	0.00706
18	0.01119	0.07576	0.05379	0.22930	0.27290	0.04902	0.01248	0.01369	0.00993	0.02902	0.00868	0.01213	0.00730	0.02223	0.03291	0.00183	0.14507	0.00417	0.00234	0.00625
19	0.00859	0.00768	0.01012	0.00941	0.01004	0.04655	0.00746	0.01001	0.00792	0.01132	0.01079	0.01657	0.01033	0.06500	0.48933	0.00558	0.26133	0.00489	0.00246	0.00462
20	0.22370	0.06516	0.01435	0.04989	0.05147	0.27240	0.06119	0.08736	0.01181	0.01644	0.00781	0.00959	0.00635	0.00519	0.00543	0.00147	0.09824	0.00350	0.00275	0.00592
21	0.01075	0.01228	0.07864	0.04273	0.01638	0.05282	0.16605	0.01352	0.04575	0.01313	0.00862	0.01220	0.00747	0.00948	0.08528	0.00242	0.40977	0.00458	0.00238	0.00574
22	0.22280	0.00843	0.00989	0.00886	0.03329	0.00860	0.02932	0.08349	0.05391	0.19667	0.09149	0.04815	0.04333	0.00736	0.00480	0.00160	0.00404	0.10788	0.00443	0.03166

[dist]
# distance from previous block
# <min> <max>
0	2

[block]
# block no. 8 follows, 52 sequences, length 17
# corresponding to MSA columns:
# 802,803,822-836
name=unknown_I
#
# <colnr> <probs for GDERKNQSTAVLIFYWHMCP>
#	G	D	E	R	K	N	Q	S	T	A	V	L	I	F	Y	W	H	M	C	P
0	0.11160	0.00784	0.00981	0.00856	0.01078	0.00806	0.05713	0.11209	0.06658	0.12237	0.03584	0.16137	0.08876	0.06221	0.07638	0.00239	0.00488	0.04344	0.00422	0.00568
1	0.15024	0.01119	0.01460	0.04324	0.07394	0.03926	0.12626	0.18144	0.09575	0.16220	0.01292	0.01459	0.00964	0.00560	0.00476	0.00155	0.00529	0.03646	0.00402	0.00705
2	0.08058	0.00695	0.00811	0.00703	0.00920	0.00678	0.00545	0.08128	0.02543	0.24240	0.10501	0.08660	0.08510	0.08039	0.02358	0.00191	0.00371	0.00641	0.12828	0.00580
3	0.07522	0.00975	0.02446	0.01051	0.01362	0.00966	0.17491	0.18636	0.05486	0.02040	0.11507	0.04271	0.02756	0.00610	0.00474	0.00143	0.00463	0.00545	0.13888	0.07367
4	0.01133	0.00708	0.00907	0.07205	0.01153	0.00707	0.00648	0.04359	0.08108	0.19490	0.19797	0.12504	0.12833	0.00884	0.00576	0.00160	0.03778	0.00748	0.00473	0.03828
5	0.01412	0.01177	0.01583	0.16452	0.28364	0.03132	0.01166	0.32090	0.01559	0.03520	0.01169	0.01334	0.03776	0.00536	0.00485	0.00148	0.00563	0.00454	0.00348	0.00731
6	0.00620	0.00502	0.00609	0.07029	0.00891	0.00465	0.00481	0.00763	0.01081	0.01370	0.14190	0.25920	0.41910	0.01217	0.00578	0.00171	0.00285	0.01054	0.00443	0.00422
7	0.00777	0.00571	0.00673	0.00665	0.00804	0.01745	0.00509	0.03060	0.03482	0.04920	0.29463	0.16326	0.24213	0.01133	0.00580	0.00170	0.00297	0.09659	0.00483	0.00469
8	0.01192	0.07806	0.02372	0.01681	0.02042	0.04243	0.47248	0.04453	0.04101	0.01502	0.00921	0.01212	0.00734	0.00520	0.00752	0.00167	0.17669	0.00501	0.00254	0.00633
9	0.00948	0.07355	0.00916	0.00793	0.00942	0.10198	0.00607	0.08744	0.01164	0.01461	0.02325	0.37944	0.10830	0.01124	0.00548	0.00171	0.00407	0.09052	0.03986	0.00485
10	0.00628	0.00458	0.00606	0.00679	0.00743	0.00436	0.00488	0.00756	0.01010	0.01352	0.13398	0.51443	0.09659	0.01572	0.07014	0.00237	0.00367	0.08297	0.00446	0.00412
11	0.02814	0.01129	0.04295	0.05480	0.11614	0.01162	0.26793	0.01588	0.15984	0.01561	0.01227	0.07800	0.01051	0.00620	0.00687	0.00169	0.13010	0.00567	0.00302	0.02147
12	0.05056	0.02555	0.01236	0.16755	0.13465	0.00972	0.00954	0.01181	0.00917	0.04097	0.01162	0.07275	0.01077	0.01350	0.18637	0.00306	0.15655	0.02945	0.03865	0.00543
13	0.00767	0.00715	0.07041	0.00737	0.00846	0.00651	0.00576	0.00985	0.07304	0.01198	0.04129	0.09846	0.04133	0.36491	0.18137	0.00426	0.04584	0.00689	0.00319	0.00425
14	0.01122	0.30554	0.43433	0.01111	0.01669	0.01337	0.01306	0.01494	0.01020	0.04692	0.00914	0.04107	0.00745	0.00487	0.00411	0.00134	0.00602	0.00365	0.00235	0.04261
15	0.01022	0.00901	0.01266	0.01092	0.01136	0.01176	0.02812	0.01130	0.00794	0.05325	0.01028	0.01596	0.03184	0.13580	0.08378	0.00294	0.54029	0.00499	0.00257	0.00501
16	0.00911	0.00546	0.00706	0.00716	0.00834	0.00518	0.00523	0.02420	0.04863	0.13192	0.14775	0.46603	0.02916	0.01199	0.00576	0.00178	0.00307	0.04245	0.03475	0.00497

[dist]
# distance from previous block
# <min> <max>
0	6

[block]
# block no. 9 follows, 52 sequences, length 21
# corresponding to MSA columns:
# 843-861,879,880
name=unknown_J
#
# <colnr> <probs for GDERKNQSTAVLIFYWHMCP>
#	G	D	E	R	K	N	Q	S	T	A	V	L	I	F	Y	W	H	M	C	P
0	0.01501	0.00833	0.01101	0.00866	0.01176	0.00773	0.04675	0.13364	0.01460	0.33165	0.22453	0.02153	0.05346	0.00696	0.00506	0.00144	0.00391	0.00592	0.00512	0.08291
1	0.01296	0.04801	0.16204	0.01032	0.01439	0.03599	0.03097	0.21625	0.09361	0.05292	0.05344	0.01438	0.03827	0.00564	0.00483	0.00136	0.02370	0.00446	0.02227	0.15418
2	0.01055	0.00773	0.00957	0.00779	0.01021	0.00747	0.00615	0.05277	0.01096	0.08814	0.13191	0.01848	0.03948	0.06936	0.05874	0.00193	0.11137	0.00498	0.04279	0.30964
3	0.00720	0.00549	0.00644	0.00698	0.00790	0.03066	0.00533	0.00866	0.01055	0.01380	0.11099	0.23971	0.15039	0.09892	0.00799	0.00218	0.00357	0.23933	0.03974	0.00416
4	0.01794	0.00773	0.01024	0.00821	0.01131	0.00696	0.00671	0.06165	0.01410	0.56394	0.15550	0.02149	0.01846	0.00700	0.00506	0.00152	0.00383	0.04051	0.03052	0.00732
5	0.06144	0.18321	0.25269	0.01152	0.01599	0.06694	0.08087	0.01653	0.03952	0.13196	0.01120	0.01207	0.03078	0.00525	0.00513	0.00146	0.05984	0.00399	0.00295	0.00667
6	0.17026	0.00680	0.00786	0.00699	0.00916	0.00659	0.00539	0.01444	0.02343	0.27465	0.09946	0.14403	0.07799	0.08813	0.00681	0.00190	0.00356	0.02336	0.02353	0.00566
7	0.00639	0.00472	0.00597	0.00611	0.00706	0.00430	0.00441	0.00806	0.01194	0.01627	0.44283	0.27874	0.16153	0.01189	0.00586	0.00168	0.00247	0.01053	0.00495	0.00430
8	0.02774	0.02358	0.07368	0.04812	0.06140	0.05010	0.03387	0.07261	0.03784	0.14373	0.13902	0.08213	0.03962	0.02174	0.00695	0.00168	0.12016	0.00599	0.00389	0.00614
9	0.04252	0.00762	0.00924	0.02424	0.01060	0.00805	0.02883	0.14860	0.09955	0.03145	0.10588	0.20257	0.12864	0.01158	0.05482	0.01513	0.02302	0.03780	0.00435	0.00549
10	0.00871	0.00522	0.00683	0.00700	0.00792	0.00500	0.00510	0.00993	0.03777	0.10050	0.07928	0.29324	0.05881	0.11486	0.01010	0.12193	0.00360	0.11568	0.00421	0.00430
11	0.01297	0.01069	0.10740	0.02676	0.01252	0.03458	0.00814	0.11255	0.08540	0.19514	0.08329	0.02203	0.16141	0.00832	0.02980	0.00174	0.04473	0.00593	0.03015	0.00646
12	0.01145	0.07881	0.21900	0.01553	0.18271	0.03183	0.07602	0.04458	0.11407	0.04433	0.04476	0.04919	0.01111	0.00716	0.04667	0.00183	0.00612	0.00490	0.00307	0.00685
13	0.01117	0.10882	0.35653	0.04398	0.12727	0.06889	0.07830	0.01533	0.03789	0.02818	0.00977	0.03101	0.00782	0.00650	0.04648	0.00180	0.00695	0.00417	0.00243	0.00671
14	0.00796	0.07427	0.04546	0.00761	0.00883	0.00747	0.00619	0.00951	0.00810	0.01167	0.01259	0.01970	0.01216	0.18806	0.43565	0.00544	0.05570	0.00517	0.07406	0.00440
15	0.36925	0.26043	0.04303	0.00936	0.06161	0.03910	0.00775	0.05468	0.01044	0.09360	0.00843	0.00924	0.00657	0.00461	0.00352	0.00135	0.00471	0.00308	0.00301	0.00622
16	0.00968	0.12334	0.01040	0.00773	0.00947	0.04136	0.02292	0.01132	0.01026	0.07538	0.05717	0.10222	0.10150	0.05270	0.15052	0.00283	0.02374	0.09858	0.08394	0.00494
17	0.13229	0.07991	0.04026	0.03972	0.16465	0.05339	0.03258	0.13061	0.04500	0.03550	0.01170	0.01371	0.04426	0.00539	0.00469	0.00140	0.02868	0.02530	0.00320	0.10776
18	0.10318	0.01123	0.01502	0.02975	0.03618	0.01179	0.15281	0.26103	0.14115	0.08035	0.03463	0.03456	0.01065	0.00567	0.00482	0.00151	0.00516	0.00494	0.00408	0.05148
19	0.00657	0.00511	0.00598	0.00657	0.00728	0.02857	0.00462	0.00770	0.01024	0.01333	0.13125	0.46818	0.15426	0.07154	0.00734	0.00204	0.00310	0.05783	0.00444	0.00406
20	0.08324	0.00680	0.00800	0.00709	0.00907	0.00674	0.00546	0.03520	0.09610	0.17424	0.29132	0.02747	0.08906	0.09217	0.03136	0.00206	0.00365	0.02058	0.00480	0.00558

[dist]
# distance from previous block
# <min> <max>
0	35

[block]
# block no. 10 follows, 52 sequences, length 13
# corresponding to MSA columns:
# 916-928
name=unknown_K
#
# <colnr> <probs for GDERKNQSTAVLIFYWHMCP>
#	G	D	E	R	K	N	Q	S	T	A	V	L	I	F	Y	W	H	M	C	P
0	0.08612	0.06682	0.19003	0.07620	0.05942	0.01134	0.05671	0.14790	0.05848	0.03896	0.04771	0.01404	0.02801	0.00540	0.00455	0.00144	0.00536	0.01563	0.01751	0.06837
1	0.04952	0.18376	0.32498	0.01129	0.01619	0.03803	0.05550	0.12252	0.02794	0.01695	0.04189	0.01378	0.06665	0.00547	0.00445	0.00143	0.00586	0.00428	0.00289	0.00664
2	0.00614	0.00477	0.00561	0.00593	0.00706	0.00424	0.00437	0.00754	0.01108	0.01422	0.18720	0.26468	0.38255	0.01271	0.00592	0.00175	0.00266	0.06275	0.00466	0.00417
3	0.00649	0.00472	0.00590	0.00651	0.00739	0.00437	0.00484	0.00793	0.01064	0.01415	0.13464	0.37077	0.20198	0.01301	0.00596	0.00183	0.00292	0.14147	0.05031	0.00418
4	0.01091	0.01021	0.01565	0.42330	0.25319	0.03169	0.01288	0.05989	0.04844	0.01499	0.02976	0.01321	0.00833	0.00513	0.00534	0.00157	0.04215	0.00445	0.00261	0.00632
5	0.01145	0.09141	0.53769	0.01278	0.01875	0.01186	0.05162	0.07276	0.04601	0.06334	0.01039	0.03257	0.00778	0.00508	0.00462	0.00150	0.00646	0.00409	0.00270	0.00713
6	0.00673	0.00494	0.00556	0.00562	0.00703	0.00427	0.00413	0.00801	0.01107	0.05590	0.11430	0.21428	0.51618	0.01234	0.00578	0.00169	0.00261	0.01057	0.00466	0.00433
7	0.28445	0.03350	0.00994	0.00798	0.01093	0.01056	0.00649	0.18728	0.11303	0.11136	0.07160	0.01534	0.04166	0.00600	0.00421	0.00147	0.00393	0.00452	0.06930	0.00645
8	0.06530	0.09145	0.10366	0.17443	0.04885	0.06743	0.17410	0.08275	0.02824	0.03580	0.01020	0.05519	0.00839	0.00537	0.00506	0.00153	0.02844	0.00473	0.00280	0.00629
9	0.01094	0.00827	0.01190	0.10790	0.21495	0.00850	0.00907	0.03673	0.10530	0.11038	0.04020	0.14779	0.10778	0.00892	0.03091	0.00182	0.00465	0.02386	0.00389	0.00622
10	0.01174	0.18705	0.17738	0.00976	0.01333	0.08437	0.00940	0.10124	0.02275	0.02696	0.02864	0.13052	0.01180	0.01716	0.00515	0.00144	0.03900	0.00513	0.04699	0.07019
11	0.03697	0.00808	0.03136	0.03923	0.05814	0.00733	0.03489	0.06519	0.02811	0.04182	0.01636	0.07174	0.07109	0.20841	0.00965	0.00220	0.00444	0.05932	0.00342	0.20224
12	0.06305	0.01272	0.03297	0.05459	0.14507	0.10361	0.08002	0.25101	0.01485	0.06266	0.04134	0.04394	0.01072	0.00603	0.00519	0.00153	0.02707	0.03316	0.00364	0.00684

[dist]
# distance from previous block
# <min> <max>
1	10

[block]
# block no. 11 follows, 52 sequences, length 31
# corresponding to MSA columns:
# 941-971
name=unknown_L
#
# <colnr> <probs for GDERKNQSTAVLIFYWHMCP>
#	G	D	E	R	K	N	Q	S	T	A	V	L	I	F	Y	W	H	M	C	P
0	0.03367	0.01118	0.01462	0.03774	0.18145	0.02612	0.06180	0.24664	0.14395	0.04960	0.09993	0.01563	0.01327	0.00582	0.00491	0.00148	0.00498	0.00502	0.00404	0.03816
1	0.44977	0.07012	0.00998	0.00749	0.01059	0.01069	0.00625	0.10280	0.03066	0.15088	0.05016	0.01287	0.00984	0.00544	0.00381	0.00147	0.00399	0.02162	0.03543	0.00614
2	0.01571	0.00943	0.01114	0.00875	0.01228	0.00906	0.00706	0.16265	0.14185	0.28993	0.04977	0.01597	0.02580	0.01779	0.00492	0.00139	0.00408	0.00471	0.00479	0.20294
3	0.01084	0.04644	0.05416	0.30742	0.39333	0.01173	0.04708	0.01389	0.01034	0.01421	0.00874	0.01205	0.00705	0.00466	0.00521	0.00152	0.03814	0.00426	0.00227	0.00663
4	0.08624	0.01446	0.01297	0.01080	0.01370	0.24937	0.02842	0.20023	0.07578	0.11263	0.01098	0.01192	0.00836	0.02595	0.00598	0.00153	0.07709	0.00402	0.00370	0.04587
5	0.00697	0.00507	0.00612	0.00603	0.00688	0.00502	0.00423	0.00867	0.03931	0.01370	0.22018	0.06353	0.15432	0.26670	0.13847	0.00352	0.00482	0.00784	0.03460	0.00404
6	0.15750	0.01128	0.01219	0.00953	0.01315	0.01205	0.00786	0.44417	0.01779	0.22062	0.01283	0.01243	0.00882	0.00564	0.00451	0.00146	0.00468	0.00421	0.03167	0.00763
7	0.01263	0.02840	0.02661	0.17557	0.02973	0.08009	0.02564	0.10592	0.15099	0.11350	0.05916	0.11382	0.04275	0.00716	0.00504	0.00158	0.00497	0.00606	0.00401	0.00634
8	0.00699	0.00468	0.00530	0.00535	0.00537	0.00466	0.00301	0.00703	0.00715	0.00954	0.01581	0.06935	0.01830	0.79112	0.02379	0.00457	0.00461	0.00737	0.00301	0.00298
9	0.00601	0.00444	0.00564	0.00652	0.00712	0.00408	0.00454	0.00704	0.00982	0.01279	0.04845	0.61639	0.17597	0.01441	0.00612	0.00191	0.00283	0.05740	0.00452	0.00401
10	0.00985	0.00827	0.06712	0.00788	0.01013	0.00732	0.00659	0.07059	0.15617	0.07881	0.35594	0.09095	0.09277	0.00891	0.00540	0.00158	0.00335	0.00767	0.00490	0.00579
11	0.01094	0.03695	0.44357	0.11085	0.12352	0.04189	0.01508	0.05106	0.06983	0.01582	0.00956	0.01134	0.00714	0.00490	0.00495	0.00153	0.02770	0.00392	0.00247	0.00698
12	0.00611	0.00445	0.00561	0.00634	0.00686	0.00414	0.00429	0.00703	0.00954	0.01257	0.07350	0.55840	0.13754	0.10445	0.02159	0.00230	0.00313	0.02389	0.00434	0.00390
13	0.06647	0.01032	0.01200	0.00937	0.01297	0.01052	0.00770	0.31406	0.05738	0.39141	0.01546	0.01429	0.01034	0.00586	0.00470	0.00148	0.00448	0.00457	0.03872	0.00790
14	0.04180	0.08210	0.42897	0.04752	0.06445	0.03365	0.01360	0.06960	0.04288	0.05674	0.01131	0.01253	0.03708	0.00610	0.02993	0.00168	0.00640	0.00403	0.00275	0.00688
15	0.00860	0.00804	0.04006	0.19760	0.09304	0.00799	0.06207	0.03895	0.04400	0.01414	0.01880	0.30836	0.05717	0.01032	0.03089	0.00194	0.00498	0.04426	0.00349	0.00529
16	0.01152	0.00817	0.03891	0.04766	0.04805	0.00763	0.03636	0.11058	0.03558	0.15479	0.12360	0.14934	0.10933	0.00982	0.03996	0.00187	0.00439	0.01856	0.03791	0.00595
17	0.01046	0.00860	0.01009	0.00723	0.01152	0.00648	0.00579	0.01261	0.01018	0.04379	0.00899	0.01028	0.00735	0.00367	0.00363	0.00075	0.00361	0.00294	0.00298	0.82904
18	0.05956	0.07022	0.05729	0.15345	0.17144	0.09133	0.01080	0.07474	0.06244	0.11663	0.01079	0.01243	0.00822	0.00659	0.04201	0.00177	0.03630	0.00413	0.00317	0.00669
19	0.00878	0.03701	0.07465	0.00871	0.04062	0.00681	0.00677	0.06329	0.05229	0.05569	0.06104	0.44169	0.08847	0.01139	0.00561	0.00176	0.00364	0.02231	0.00429	0.00520
20	0.00737	0.00508	0.00633	0.00644	0.00762	0.00469	0.00493	0.00905	0.01154	0.04920	0.27870	0.13523	0.21256	0.06685	0.00714	0.00194	0.00304	0.15105	0.02684	0.00441
21	0.00877	0.00711	0.00889	0.00819	0.00985	0.04300	0.06907	0.07798	0.01183	0.04335	0.07799	0.29942	0.22047	0.03259	0.00626	0.00182	0.00383	0.06038	0.00433	0.00485
22	0.01229	0.01091	0.01382	0.06152	0.22189	0.06968	0.02632	0.07977	0.06952	0.04900	0.01136	0.03796	0.02053	0.00497	0.00446	0.00124	0.00496	0.00427	0.00319	0.29235
23	0.01332	0.01328	0.01553	0.01245	0.01525	0.19749	0.18536	0.14271	0.01325	0.04454	0.01587	0.01721	0.13107	0.00769	0.03620	0.00179	0.10509	0.00534	0.02053	0.00601
24	0.00637	0.00491	0.00586	0.00634	0.00747	0.00446	0.00486	0.00777	0.01070	0.01351	0.08162	0.21733	0.37566	0.04328	0.00676	0.00196	0.00308	0.18946	0.00448	0.00413
25	0.12360	0.07255	0.06237	0.00929	0.01284	0.04394	0.00803	0.22309	0.13197	0.11562	0.04846	0.01347	0.01074	0.00557	0.00436	0.00140	0.00462	0.00424	0.03560	0.06823
26	0.00955	0.03815	0.03976	0.00944	0.04982	0.04442	0.01669	0.05588	0.05870	0.04460	0.12457	0.26592	0.06768	0.01059	0.02434	0.00182	0.04281	0.05547	0.00409	0.03571
27	0.00614	0.00443	0.00572	0.00653	0.00710	0.00409	0.00454	0.00710	0.00983	0.01296	0.08743	0.59380	0.13626	0.01436	0.00658	0.03362	0.00285	0.04822	0.00447	0.00396
28	0.01126	0.00751	0.01063	0.04390	0.01222	0.00735	0.08309	0.09870	0.04195	0.15844	0.07247	0.25495	0.10380	0.00984	0.00560	0.00172	0.00410	0.06217	0.00457	0.00575
29	0.01144	0.13187	0.05610	0.02610	0.12879	0.02122	0.05303	0.03271	0.04832	0.05141	0.02690	0.04153	0.00992	0.00526	0.00480	0.00127	0.04671	0.00431	0.10846	0.18984
30	0.00924	0.03222	0.05125	0.07166	0.01439	0.01074	0.10957	0.01105	0.00858	0.01224	0.01140	0.12287	0.01159	0.08168	0.11127	0.00287	0.31372	0.00599	0.00261	0.00508

[dist]
# distance from previous block
# <min> <max>
0	1

[block]
# block no. 12 follows, 52 sequences, length 27
# corresponding to MSA columns:
# 973-983,985-1000
name=unknown_M
#
# <colnr> <probs for GDERKNQSTAVLIFYWHMCP>
#	G	D	E	R	K	N	Q	S	T	A	V	L	I	F	Y	W	H	M	C	P
0	0.00634	0.00516	0.03641	0.00683	0.00736	0.00442	0.00485	0.00726	0.00898	0.01202	0.02387	0.61892	0.02823	0.16472	0.00955	0.00246	0.00339	0.04122	0.00411	0.00390
1	0.13289	0.44320	0.14296	0.00949	0.01381	0.06757	0.00955	0.10386	0.01143	0.01572	0.00766	0.00868	0.00631	0.00452	0.00361	0.00124	0.00554	0.00299	0.00255	0.00643
2	0.30878	0.09051	0.08572	0.00886	0.01231	0.05490	0.00793	0.23885	0.01321	0.02132	0.00946	0.02762	0.00749	0.00561	0.00441	0.03048	0.00483	0.00366	0.05782	0.00623
3	0.01068	0.11965	0.62019	0.01344	0.01992	0.01246	0.06506	0.05635	0.01093	0.01570	0.00869	0.01020	0.00634	0.00458	0.00451	0.00148	0.00689	0.00364	0.00223	0.00707
4	0.01706	0.01333	0.01346	0.01066	0.01413	0.09992	0.00867	0.52716	0.01907	0.07098	0.01182	0.01343	0.00901	0.02285	0.00546	0.00149	0.02671	0.03198	0.00437	0.07845
5	0.00844	0.00639	0.00941	0.00869	0.00977	0.00745	0.02543	0.01009	0.00830	0.05634	0.01331	0.01845	0.03416	0.04827	0.56868	0.00604	0.12773	0.00519	0.00279	0.02507
6	0.01241	0.00966	0.01202	0.01189	0.10238	0.01020	0.02887	0.08675	0.35056	0.08448	0.04434	0.02182	0.03005	0.00701	0.00510	0.00160	0.00431	0.10300	0.00445	0.06910
7	0.00676	0.00494	0.00652	0.00741	0.00829	0.00470	0.00583	0.00833	0.01055	0.01374	0.06649	0.34542	0.13538	0.01375	0.00632	0.00202	0.00346	0.34136	0.00452	0.00422
8	0.00915	0.00861	0.01453	0.81804	0.03338	0.01077	0.01346	0.01238	0.00969	0.01238	0.00861	0.01292	0.00646	0.00484	0.00484	0.00161	0.00646	0.00431	0.00215	0.00538
9	0.01405	0.01546	0.01017	0.00948	0.01142	0.47548	0.00716	0.01568	0.01249	0.01413	0.04761	0.01633	0.04129	0.00609	0.00432	0.00129	0.00616	0.04167	0.24456	0.00514
10	0.06338	0.00853	0.01033	0.00821	0.01144	0.00824	0.00670	0.13548	0.04275	0.47863	0.01678	0.01564	0.01125	0.00585	0.00451	0.00143	0.00395	0.00464	0.15485	0.00741
11	0.00721	0.00518	0.00653	0.00655	0.00767	0.00490	0.00484	0.00967	0.05876	0.03644	0.42134	0.25183	0.11029	0.01140	0.00581	0.00169	0.00266	0.03761	0.00499	0.00463
12	0.00626	0.00458	0.00564	0.00606	0.00691	0.00417	0.00428	0.00764	0.01090	0.01468	0.23726	0.40269	0.20791	0.01269	0.00583	0.00174	0.00257	0.01122	0.04280	0.00417
13	0.25300	0.01565	0.28523	0.01154	0.01630	0.01147	0.10245	0.09152	0.08771	0.06599	0.01026	0.01118	0.00743	0.00491	0.00435	0.00154	0.00563	0.00390	0.00315	0.00677
14	0.01055	0.00594	0.00747	0.00671	0.00866	0.00533	0.00526	0.01270	0.03108	0.21828	0.32977	0.04890	0.22655	0.00973	0.00555	0.00160	0.00297	0.05231	0.00522	0.00545
15	0.00701	0.00477	0.00578	0.00628	0.00709	0.00455	0.00463	0.00837	0.00999	0.01378	0.07152	0.24307	0.14689	0.14193	0.00868	0.00224	0.00328	0.16531	0.14080	0.00404
16	0.61292	0.00873	0.00771	0.00669	0.00959	0.00963	0.00546	0.03241	0.00986	0.14060	0.05406	0.01153	0.00910	0.00514	0.00350	0.00148	0.00366	0.00348	0.05876	0.00569
17	0.01241	0.07181	0.35818	0.01398	0.10626	0.19217	0.01307	0.03465	0.03792	0.03106	0.01068	0.03070	0.02752	0.00523	0.00452	0.00143	0.00663	0.00405	0.03110	0.00664
18	0.00737	0.00512	0.00634	0.00657	0.00777	0.00471	0.00493	0.00918	0.03236	0.06034	0.18483	0.28987	0.24455	0.01234	0.00592	0.00178	0.00292	0.10381	0.00476	0.00452
19	0.00676	0.00488	0.00593	0.00594	0.00713	0.00435	0.00435	0.00836	0.01183	0.04161	0.35043	0.21980	0.28733	0.01176	0.00580	0.00166	0.00252	0.01026	0.00489	0.00439
20	0.01205	0.00814	0.01073	0.03014	0.09206	0.03465	0.02766	0.05755	0.02715	0.18717	0.13758	0.10946	0.09331	0.00868	0.00578	0.00164	0.03390	0.08920	0.00445	0.02869
21	0.01109	0.10082	0.07768	0.08933	0.19350	0.01150	0.10692	0.09332	0.01182	0.01609	0.06376	0.04622	0.03477	0.00707	0.02731	0.00173	0.05286	0.04485	0.00300	0.00634
22	0.00981	0.03851	0.11510	0.00778	0.01011	0.00648	0.00689	0.02644	0.01151	0.14204	0.20283	0.22274	0.08934	0.03244	0.03523	0.00193	0.00400	0.00822	0.02321	0.00539
23	0.01007	0.00624	0.00775	0.00750	0.00880	0.00619	0.00544	0.12156	0.01155	0.12276	0.02178	0.44800	0.03606	0.10683	0.05345	0.00247	0.00414	0.00988	0.00447	0.00506
24	0.01314	0.02390	0.04162	0.07741	0.22405	0.07901	0.05571	0.15312	0.13098	0.04511	0.04102	0.05251	0.01134	0.00582	0.00489	0.00150	0.00548	0.00507	0.02134	0.00698
25	0.27968	0.13355	0.01442	0.03256	0.07309	0.09791	0.05801	0.10047	0.04452	0.04698	0.02064	0.03317	0.00819	0.00526	0.00444	0.00145	0.03244	0.00389	0.00315	0.00620
26	0.03110	0.24716	0.29389	0.03773	0.01618	0.05815	0.02603	0.06800	0.02697	0.04469	0.07330	0.01215	0.00998	0.00507	0.00426	0.00135	0.00581	0.00386	0.00280	0.03153

[dist]
# distance from previous block
# <min> <max>
2	25

[block]
# block no. 13 follows, 52 sequences, length 18
# corresponding to MSA columns:
# 1026-1043
name=unknown_N
#
# <colnr> <probs for GDERKNQSTAVLIFYWHMCP>
#	G	D	E	R	K	N	Q	S	T	A	V	L	I	F	Y	W	H	M	C	P
0	0.04372	0.18933	0.37401	0.01132	0.01656	0.02566	0.03214	0.07660	0.02448	0.08442	0.02804	0.01222	0.00848	0.00507	0.00436	0.00142	0.00593	0.02374	0.00288	0.02963
1	0.03399	0.01458	0.13921	0.02928	0.09057	0.15411	0.05563	0.09931	0.04386	0.16024	0.03529	0.02613	0.03846	0.00666	0.02771	0.00167	0.02826	0.00468	0.00358	0.00679
2	0.04260	0.01031	0.06455	0.10510	0.06533	0.01007	0.09565	0.11180	0.01192	0.14154	0.01408	0.04840	0.04147	0.03913	0.06699	0.00222	0.08467	0.03441	0.00351	0.00626
3	0.01092	0.00964	0.01581	0.24247	0.36010	0.01023	0.04075	0.04389	0.02797	0.04282	0.01237	0.10589	0.01126	0.00623	0.00509	0.00160	0.00554	0.03801	0.00293	0.00648
4	0.06249	0.03326	0.09816	0.14411	0.14405	0.09213	0.04821	0.10143	0.07756	0.05449	0.05207	0.01383	0.02323	0.00548	0.00503	0.00151	0.02864	0.00450	0.00320	0.00661
