[name]
unknown

[dist]
# distance from previous block
# <min> <max>
0	230

[block]
# block no. 0 follows, 56 sequences, length 10
# corresponding to MSA columns:
# 242-251
name=unknown_A
#
# <colnr> <probs for GDERKNQSTAVLIFYWHMCP>
#	G	D	E	R	K	N	Q	S	T	A	V	L	I	F	Y	W	H	M	C	P
0	0.00600	0.00441	0.00592	0.00676	0.00722	0.00433	0.00485	0.00706	0.00910	0.01214	0.04896	0.62667	0.06006	0.01451	0.03794	0.00209	0.02743	0.10656	0.00415	0.00387
1	0.00609	0.00462	0.00589	0.03301	0.00778	0.00443	0.00470	0.00775	0.04342	0.01291	0.10534	0.52729	0.15582	0.01269	0.00568	0.00176	0.00279	0.04969	0.00428	0.00403
2	0.06740	0.02664	0.18908	0.03159	0.22924	0.03123	0.06285	0.07896	0.06626	0.06417	0.02445	0.01293	0.00870	0.00486	0.00444	0.00139	0.00537	0.02920	0.00293	0.05833
3	0.01059	0.04772	0.64381	0.01292	0.01905	0.04022	0.06873	0.01527	0.01015	0.07652	0.00898	0.01021	0.00633	0.00443	0.00440	0.00143	0.00662	0.00358	0.00227	0.00674
4	0.00860	0.00598	0.00709	0.00642	0.00810	0.00578	0.00493	0.06652	0.08784	0.08139	0.41598	0.06076	0.20426	0.00919	0.00524	0.00149	0.00270	0.00789	0.00483	0.00501
5	0.01111	0.01076	0.05412	0.25689	0.20240	0.03783	0.08971	0.10765	0.05573	0.03447	0.02559	0.04295	0.00955	0.00537	0.00477	0.00149	0.00565	0.03486	0.00289	0.00621
6	0.00713	0.00521	0.00655	0.00641	0.00780	0.00453	0.00467	0.00848	0.00980	0.03808	0.13521	0.40895	0.06844	0.03876	0.00584	0.00163	0.00291	0.05037	0.00404	0.18519
7	0.01405	0.10688	0.05951	0.01574	0.27947	0.07450	0.01034	0.17544	0.01302	0.11780	0.00988	0.01088	0.00751	0.00457	0.00424	0.00126	0.00523	0.00373	0.00317	0.08277
8	0.04167	0.09346	0.13858	0.01028	0.04304	0.06296	0.04326	0.04142	0.07104	0.04321	0.01098	0.03031	0.00928	0.01421	0.25585	0.00324	0.04545	0.00429	0.03189	0.00558
9	0.08096	0.06779	0.07634	0.04077	0.24440	0.03019	0.01029	0.15745	0.03689	0.17506	0.01078	0.01154	0.00790	0.00487	0.00456	0.00139	0.02447	0.00392	0.00343	0.00700

[dist]
# distance from previous block
# <min> <max>
0	3

[block]
# block no. 1 follows, 56 sequences, length 22
# corresponding to MSA columns:
# 255-276
name=unknown_B
#
# <colnr> <probs for GDERKNQSTAVLIFYWHMCP>
#	G	D	E	R	K	N	Q	S	T	A	V	L	I	F	Y	W	H	M	C	P
0	0.04970	0.00978	0.05906	0.08708	0.21259	0.03978	0.00942	0.05143	0.08957	0.04495	0.04408	0.12372	0.01350	0.05866	0.00653	0.00173	0.05283	0.03656	0.00321	0.00580
1	0.04743	0.07331	0.10207	0.12985	0.27597	0.01062	0.04685	0.07448	0.01111	0.09728	0.02106	0.03230	0.00839	0.00480	0.00438	0.00138	0.00524	0.00420	0.02590	0.02340
2	0.13941	0.02964	0.03673	0.06796	0.12929	0.02678	0.02010	0.01372	0.05870	0.13081	0.02811	0.13528	0.01250	0.04971	0.04699	0.00189	0.00471	0.00542	0.00338	0.05888
3	0.00831	0.00528	0.00635	0.00607	0.00744	0.00485	0.00445	0.04718	0.01110	0.11681	0.17958	0.23101	0.26048	0.08136	0.00692	0.00183	0.00289	0.00907	0.00449	0.00453
4	0.02519	0.32370	0.27823	0.01092	0.05105	0.02875	0.02193	0.01432	0.04371	0.04722	0.00939	0.06322	0.00812	0.00518	0.00454	0.00133	0.05074	0.00387	0.00242	0.00618
5	0.02692	0.14472	0.06903	0.01219	0.12173	0.11581	0.04335	0.08077	0.07001	0.13946	0.03596	0.03480	0.03942	0.00545	0.00452	0.00134	0.02013	0.00437	0.00334	0.02670
6	0.00907	0.00555	0.00697	0.00662	0.00761	0.00558	0.00473	0.02636	0.08158	0.10864	0.09842	0.15809	0.05289	0.19717	0.02304	0.15544	0.02308	0.02119	0.00375	0.00422
7	0.00697	0.00451	0.00588	0.00635	0.00705	0.00419	0.00447	0.00806	0.00971	0.06891	0.14069	0.51341	0.06133	0.08313	0.00721	0.00199	0.00291	0.05482	0.00435	0.00406
8	0.02587	0.06888	0.13074	0.10637	0.07591	0.02692	0.06922	0.07507	0.04240	0.02712	0.00857	0.01146	0.00708	0.00576	0.00772	0.00159	0.26109	0.01800	0.00249	0.02772
9	0.01335	0.04433	0.09818	0.11809	0.10896	0.04760	0.10946	0.15301	0.08486	0.13735	0.01165	0.03308	0.00873	0.00512	0.00463	0.00144	0.00553	0.00448	0.00340	0.00675
10	0.00589	0.00431	0.00531	0.00576	0.00638	0.00397	0.00392	0.00691	0.00961	0.01273	0.17802	0.42159	0.17435	0.12967	0.00817	0.00209	0.00276	0.01062	0.00420	0.00374
11	0.01209	0.01207	0.03515	0.04205	0.44628	0.10892	0.04385	0.01546	0.08263	0.04853	0.00964	0.01178	0.00782	0.00554	0.02581	0.00158	0.07738	0.00413	0.00262	0.00667
12	0.05355	0.11605	0.22170	0.02251	0.05803	0.08935	0.09581	0.12923	0.07665	0.05758	0.03029	0.01132	0.00821	0.00479	0.00432	0.00137	0.00580	0.00390	0.00297	0.00657
13	0.02903	0.00690	0.02027	0.04799	0.02259	0.02283	0.00596	0.03382	0.08285	0.12036	0.10261	0.18329	0.11068	0.09949	0.00754	0.00190	0.04325	0.02691	0.02671	0.00501
14	0.00592	0.00466	0.00531	0.00561	0.00664	0.00424	0.00399	0.00755	0.04672	0.01292	0.11043	0.31955	0.39016	0.04698	0.00630	0.00177	0.00258	0.01040	0.00430	0.00398
15	0.02328	0.17850	0.19767	0.08253	0.07369	0.01103	0.06121	0.04631	0.02611	0.01384	0.02541	0.08067	0.03165	0.00754	0.04485	0.00175	0.03014	0.05538	0.00266	0.00577
16	0.08846	0.03247	0.03392	0.09537	0.10929	0.08636	0.07147	0.15020	0.09436	0.16300	0.01150	0.01216	0.00833	0.00497	0.00440	0.00140	0.00523	0.00411	0.01630	0.00668
17	0.00673	0.00492	0.00566	0.00567	0.00702	0.00439	0.00425	0.02881	0.01093	0.05030	0.15003	0.19786	0.44580	0.01146	0.00550	0.00161	0.00261	0.04779	0.00445	0.00422
18	0.01020	0.01022	0.08617	0.01064	0.11659	0.00763	0.02556	0.03222	0.02862	0.02947	0.00875	0.01017	0.00705	0.00375	0.00377	0.00091	0.00414	0.00315	0.00272	0.59827
19	0.04804	0.17273	0.23122	0.03860	0.03112	0.03702	0.05604	0.10749	0.04134	0.06174	0.00912	0.01014	0.00691	0.00441	0.00401	0.00124	0.00538	0.00345	0.00277	0.12721
20	0.10149	0.09448	0.01337	0.11203	0.03812	0.02249	0.07135	0.10624	0.10990	0.05541	0.04688	0.01564	0.05890	0.00684	0.02418	0.02319	0.06760	0.02280	0.00328	0.00581
21	0.05550	0.07491	0.25967	0.02983	0.05932	0.03118	0.08933	0.02572	0.06110	0.03827	0.01084	0.08289	0.00940	0.03930	0.00511	0.00148	0.00533	0.00457	0.00272	0.11351

[dist]
# distance from previous block
# <min> <max>
15	35

[block]
# block no. 2 follows, 56 sequences, length 9
# corresponding to MSA columns:
# 318-326
name=unknown_C
#
# <colnr> <probs for GDERKNQSTAVLIFYWHMCP>
#	G	D	E	R	K	N	Q	S	T	A	V	L	I	F	Y	W	H	M	C	P
0	0.01206	0.02970	0.05369	0.04413	0.41479	0.10464	0.02998	0.04941	0.07215	0.04093	0.01076	0.03137	0.02542	0.00483	0.00447	0.00134	0.00545	0.00428	0.00277	0.05785
1	0.23489	0.03781	0.05497	0.00726	0.02399	0.00782	0.00596	0.03723	0.02539	0.01573	0.07572	0.04197	0.04922	0.02355	0.16903	0.04837	0.02468	0.00469	0.10702	0.00471
2	0.07750	0.05913	0.07728	0.10216	0.25542	0.04170	0.04346	0.07796	0.08265	0.03123	0.05335	0.01302	0.01953	0.00502	0.00464	0.00141	0.02522	0.00424	0.01871	0.00637
3	0.00663	0.00445	0.00527	0.00549	0.00585	0.00434	0.00356	0.00734	0.00830	0.01143	0.09810	0.16848	0.04805	0.46539	0.01523	0.00319	0.00365	0.06072	0.07119	0.00335
4	0.03646	0.00983	0.03137	0.16040	0.16951	0.02651	0.04347	0.11862	0.08009	0.07927	0.04916	0.01669	0.07507	0.00595	0.00525	0.00149	0.04914	0.02139	0.01413	0.00620
5	0.00721	0.00493	0.00617	0.00612	0.00660	0.00514	0.00417	0.04387	0.00788	0.01064	0.01532	0.06876	0.04404	0.42265	0.20710	0.08812	0.00610	0.03887	0.00291	0.00340
6	0.01044	0.01029	0.13028	0.07112	0.10554	0.00881	0.00928	0.10940	0.04314	0.08206	0.09793	0.12819	0.06931	0.00761	0.00570	0.00157	0.06434	0.03552	0.00362	0.00586
7	0.01152	0.01000	0.01530	0.05355	0.35495	0.00994	0.05627	0.05060	0.04528	0.06435	0.00947	0.01142	0.00756	0.00450	0.00516	0.00128	0.06984	0.00392	0.00277	0.21229
8	0.00977	0.00843	0.01052	0.00760	0.01153	0.00667	0.05158	0.04082	0.00993	0.01521	0.00860	0.01061	0.00726	0.03867	0.00440	0.00092	0.00376	0.00310	0.00277	0.74785

[dist]
# distance from previous block
# <min> <max>
0	2

[block]
# block no. 3 follows, 56 sequences, length 9
# corresponding to MSA columns:
# 329-337
name=unknown_D
#
# <colnr> <probs for GDERKNQSTAVLIFYWHMCP>
#	G	D	E	R	K	N	Q	S	T	A	V	L	I	F	Y	W	H	M	C	P
0	0.03664	0.06763	0.14281	0.02446	0.11334	0.05293	0.06647	0.24645	0.03130	0.06392	0.04052	0.02814	0.00951	0.03272	0.02167	0.00161	0.00558	0.00436	0.00332	0.00663
1	0.00649	0.00492	0.00586	0.00565	0.00692	0.00440	0.00417	0.00799	0.01060	0.01433	0.29307	0.09816	0.25193	0.10708	0.02336	0.00194	0.00293	0.05067	0.02223	0.07731
2	0.01293	0.09311	0.09984	0.08012	0.08299	0.16503	0.04324	0.14160	0.04506	0.05361	0.02488	0.01252	0.03457	0.00645	0.03940	0.00162	0.03848	0.00407	0.01430	0.00618
3	0.00864	0.00581	0.00741	0.00757	0.05418	0.00539	0.00527	0.03634	0.03773	0.10911	0.25807	0.20878	0.18969	0.00979	0.00525	0.00153	0.00289	0.00854	0.00452	0.03350
4	0.15959	0.00572	0.00619	0.00581	0.00739	0.00564	0.00439	0.01030	0.03680	0.06764	0.31153	0.08209	0.18335	0.05667	0.00588	0.00165	0.00277	0.00730	0.03475	0.00454
5	0.78611	0.00846	0.00654	0.00590	0.00862	0.00967	0.00483	0.01282	0.00807	0.01979	0.01033	0.01106	0.08382	0.00498	0.00309	0.00143	0.00343	0.00319	0.00298	0.00486
6	0.06888	0.01080	0.01176	0.00943	0.01251	0.01172	0.00763	0.55759	0.01802	0.09244	0.01356	0.13977	0.01145	0.00683	0.00468	0.00146	0.00449	0.00546	0.00452	0.00700
7	0.00932	0.00596	0.00804	0.00743	0.00857	0.00659	0.00572	0.08646	0.00912	0.08059	0.01201	0.01682	0.01065	0.07063	0.41776	0.13722	0.04447	0.00470	0.05352	0.00443
8	0.03035	0.04258	0.05793	0.06324	0.01343	0.02216	0.02529	0.22350	0.01385	0.20126	0.07811	0.09577	0.01376	0.00652	0.00465	0.00141	0.00442	0.02684	0.00415	0.07079

[dist]
# distance from previous block
# <min> <max>
5	12

[block]
# block no. 4 follows, 56 sequences, length 42
# corresponding to MSA columns:
# 352-393
name=unknown_E
#
# <colnr> <probs for GDERKNQSTAVLIFYWHMCP>
#	G	D	E	R	K	N	Q	S	T	A	V	L	I	F	Y	W	H	M	C	P
0	0.02682	0.05758	0.07185	0.02017	0.08154	0.02792	0.04803	0.06623	0.04181	0.05357	0.00988	0.01247	0.00816	0.00468	0.00455	0.00114	0.04330	0.04147	0.00293	0.37589
1	0.14470	0.21072	0.06565	0.03930	0.07230	0.03556	0.02435	0.05965	0.04889	0.01533	0.02030	0.01210	0.02730	0.00512	0.00468	0.00131	0.07128	0.02550	0.03364	0.08232
2	0.03245	0.00621	0.00791	0.00739	0.02661	0.00599	0.02947	0.04617	0.04020	0.02956	0.18882	0.16746	0.11363	0.08716	0.02720	0.02634	0.02346	0.02431	0.00386	0.10578
3	0.07139	0.04920	0.02098	0.00844	0.01084	0.16228	0.00673	0.11684	0.13828	0.07928	0.19749	0.04325	0.01759	0.00649	0.00448	0.00137	0.00436	0.00518	0.04970	0.00583
4	0.00651	0.00471	0.00585	0.00565	0.00684	0.00427	0.00422	0.00829	0.01187	0.03559	0.51443	0.10053	0.22975	0.01096	0.02847	0.00167	0.00257	0.00884	0.00474	0.00425
5	0.01244	0.77285	0.04797	0.00823	0.01216	0.06025	0.00819	0.01401	0.00953	0.01094	0.00648	0.00748	0.00589	0.00398	0.00305	0.00101	0.00515	0.00251	0.00198	0.00589
6	0.00622	0.00459	0.00590	0.00643	0.00724	0.00433	0.00476	0.00790	0.02868	0.01395	0.22054	0.39602	0.12659	0.01235	0.00575	0.00176	0.00278	0.13569	0.00446	0.00406
7	0.01142	0.00681	0.00851	0.00758	0.00955	0.03166	0.03207	0.04237	0.04752	0.24673	0.11475	0.20879	0.12782	0.03246	0.00573	0.00167	0.00354	0.05095	0.00463	0.00545
8	0.00653	0.00465	0.00585	0.00583	0.00691	0.00422	0.00431	0.00821	0.01157	0.03820	0.45408	0.20192	0.18632	0.01084	0.00551	0.00157	0.00241	0.03213	0.00473	0.00421
9	0.00981	0.01356	0.25579	0.05994	0.01630	0.03025	0.12723	0.01534	0.17413	0.03819	0.11871	0.01751	0.06731	0.00600	0.00511	0.00151	0.02873	0.00522	0.00325	0.00612
10	0.00664	0.00494	0.00641	0.00716	0.00823	0.00470	0.00592	0.00835	0.01038	0.01330	0.05623	0.15615	0.21714	0.01255	0.00602	0.00192	0.00348	0.46213	0.00427	0.00408
11	0.00952	0.00816	0.00952	0.00680	0.01088	0.00612	0.00544	0.01156	0.00952	0.01496	0.00816	0.00952	0.00680	0.00340	0.00340	0.00068	0.00340	0.00272	0.00272	0.86672
12	0.03336	0.03003	0.04576	0.08446	0.29071	0.02564	0.10482	0.10555	0.05414	0.10117	0.01057	0.02712	0.00821	0.00486	0.00487	0.00142	0.02879	0.00437	0.00306	0.03110
13	0.09565	0.14514	0.30848	0.01157	0.05228	0.01245	0.03776	0.16763	0.06770	0.04576	0.00945	0.01027	0.00701	0.00466	0.00411	0.00137	0.00549	0.00357	0.00290	0.00674
14	0.00766	0.00512	0.00586	0.00590	0.00704	0.00512	0.00442	0.04398	0.05607	0.01530	0.09220	0.18188	0.13684	0.04029	0.04543	0.00187	0.00321	0.05986	0.27759	0.00438
15	0.00635	0.00440	0.00537	0.01884	0.00618	0.00436	0.00361	0.00677	0.00757	0.01007	0.01864	0.28361	0.03947	0.50356	0.04367	0.00358	0.00413	0.02333	0.00329	0.00321
16	0.05303	0.01194	0.06798	0.03613	0.01815	0.03124	0.36352	0.05513	0.09633	0.01525	0.01083	0.01310	0.03290	0.00611	0.02986	0.00176	0.14320	0.00485	0.00270	0.00599
17	0.01117	0.09101	0.30690	0.03381	0.15164	0.01047	0.01185	0.08024	0.01106	0.06216	0.03424	0.01104	0.00793	0.00445	0.00417	0.00126	0.00532	0.00362	0.00268	0.15497
18	0.01122	0.05096	0.04718	0.08394	0.60077	0.03840	0.05704	0.01401	0.01039	0.01438	0.00876	0.01189	0.00737	0.00430	0.00453	0.00138	0.00572	0.01864	0.00227	0.00685
19	0.01257	0.81146	0.02358	0.00787	0.01178	0.01776	0.00782	0.01406	0.00947	0.03963	0.00680	0.00766	0.00609	0.00399	0.00301	0.00100	0.00487	0.00253	0.00210	0.00596
20	0.03038	0.00661	0.00807	0.03076	0.00907	0.05033	0.00588	0.03564	0.00832	0.02658	0.02582	0.01931	0.02703	0.18259	0.44830	0.00525	0.06803	0.00512	0.00269	0.00422
21	0.00660	0.00520	0.00749	0.00753	0.00847	0.00496	0.06651	0.02239	0.03532	0.01301	0.06855	0.54920	0.08752	0.03193	0.00615	0.00185	0.00324	0.06579	0.00414	0.00417
22	0.01689	0.08037	0.01378	0.01141	0.01396	0.71259	0.00874	0.04828	0.01308	0.03002	0.00745	0.00849	0.00611	0.00472	0.00408	0.00118	0.00781	0.00300	0.00250	0.00552
23	0.02566	0.00776	0.01042	0.00930	0.01052	0.07105	0.09328	0.01023	0.00854	0.03098	0.01304	0.10115	0.01314	0.12787	0.29018	0.00404	0.11585	0.04974	0.00279	0.00445
24	0.00919	0.00801	0.01312	0.72652	0.02892	0.00976	0.01189	0.01237	0.02939	0.05144	0.03110	0.01383	0.02553	0.00497	0.00463	0.00152	0.00576	0.00437	0.00241	0.00524
25	0.00702	0.00495	0.00726	0.00720	0.00807	0.00562	0.00555	0.00861	0.00774	0.03580	0.02969	0.03792	0.01276	0.05764	0.71435	0.00670	0.01111	0.00521	0.02262	0.00417
26	0.00800	0.04074	0.00870	0.00745	0.00786	0.00784	0.00546	0.01747	0.00743	0.01039	0.01251	0.07778	0.01394	0.43634	0.03702	0.00329	0.23197	0.02855	0.00269	0.03455
27	0.01032	0.00785	0.01199	0.17164	0.06506	0.00921	0.04107	0.01228	0.00914	0.12141	0.04958	0.01493	0.01029	0.02817	0.16969	0.00282	0.20981	0.00463	0.04479	0.00531
28	0.01108	0.01062	0.01813	0.11075	0.72962	0.01083	0.01395	0.01385	0.01032	0.01466	0.00859	0.01145	0.00715	0.00414	0.00455	0.00138	0.00552	0.00409	0.00225	0.00705
29	0.00887	0.00837	0.01414	0.76733	0.09033	0.01025	0.01285	0.01191	0.00928	0.01198	0.00820	0.01217	0.00621	0.00455	0.00459	0.00152	0.00607	0.00408	0.00206	0.00526
30	0.01783	0.00820	0.03279	0.00804	0.01126	0.00719	0.00672	0.09104	0.01309	0.59010	0.01747	0.01659	0.03371	0.04026	0.03114	0.00171	0.00423	0.00475	0.05673	0.00714
31	0.00718	0.00507	0.00689	0.00702	0.00766	0.00542	0.00517	0.00834	0.00866	0.04985	0.06568	0.34052	0.04439	0.08832	0.21848	0.00346	0.07537	0.02914	0.01929	0.00411
32	0.00656	0.00490	0.00728	0.00728	0.00806	0.00568	0.00561	0.00813	0.00735	0.01058	0.01239	0.01854	0.01170	0.06851	0.78669	0.00725	0.01196	0.00499	0.00247	0.00404
33	0.00612	0.00420	0.00542	0.00626	0.00678	0.00388	0.00430	0.00706	0.00913	0.03321	0.02665	0.69544	0.09913	0.01356	0.00571	0.00180	0.00269	0.03145	0.03333	0.00388
34	0.03701	0.00726	0.00913	0.00745	0.01024	0.00678	0.00602	0.04935	0.06361	0.50020	0.04573	0.04289	0.01333	0.00615	0.00442	0.00139	0.00351	0.01859	0.16019	0.00675
35	0.03923	0.00655	0.00889	0.00818	0.02197	0.00729	0.04442	0.01137	0.08560	0.04281	0.12858	0.03013	0.05187	0.06138	0.23741	0.00334	0.10267	0.00558	0.09794	0.00480
36	0.00578	0.00447	0.00528	0.00549	0.00653	0.00396	0.00396	0.00713	0.01070	0.01394	0.26008	0.27443	0.35819	0.01179	0.00555	0.00161	0.00238	0.01028	0.00449	0.00396
37	0.04426	0.00884	0.04055	0.00961	0.06236	0.00786	0.00749	0.04387	0.09300	0.56749	0.03046	0.01564	0.01158	0.02922	0.00510	0.00152	0.00409	0.00464	0.00501	0.00739
38	0.03168	0.02754	0.11389	0.05322	0.13308	0.04147	0.05267	0.10213	0.02611	0.20452	0.01994	0.01293	0.00872	0.03059	0.03324	0.00176	0.09232	0.00426	0.00336	0.00658
39	0.10199	0.01120	0.06659	0.03992	0.03180	0.10431	0.05131	0.05225	0.01009	0.09863	0.03231	0.01381	0.04768	0.01835	0.09367	0.00222	0.21104	0.00436	0.00292	0.00553
40	0.00575	0.00421	0.00538	0.00615	0.00669	0.00388	0.00425	0.00674	0.00938	0.01237	0.09278	0.60716	0.13681	0.03593	0.00626	0.00187	0.00269	0.04362	0.00429	0.00379
41	0.03369	0.01899	0.03337	0.12678	0.10990	0.05779	0.12806	0.07767	0.04705	0.05825	0.03835	0.08538	0.10301	0.00672	0.00522	0.00152	0.03037	0.02888	0.00326	0.00575

[dist]
# distance from previous block
# <min> <max>
5	15

[block]
# block no. 5 follows, 56 sequences, length 18
# corresponding to MSA columns:
# 414-431
name=unknown_F
#
# <colnr> <probs for GDERKNQSTAVLIFYWHMCP>
#	G	D	E	R	K	N	Q	S	T	A	V	L	I	F	Y	W	H	M	C	P
0	0.00734	0.00530	0.00641	0.00633	0.00684	0.02787	0.00436	0.03060	0.00768	0.01029	0.01411	0.04473	0.03602	0.38166	0.28019	0.09683	0.00697	0.02032	0.00274	0.00343
1	0.08404	0.04941	0.22311	0.01125	0.05991	0.04036	0.02949	0.21059	0.07676	0.08183	0.04180	0.01267	0.02283	0.00521	0.00433	0.00139	0.00513	0.00410	0.02906	0.00671
2	0.01018	0.02555	0.00918	0.00836	0.03178	0.04906	0.01993	0.05033	0.11617	0.09473	0.01428	0.08166	0.01296	0.12318	0.24882	0.02932	0.00667	0.00547	0.03293	0.02945
3	0.00841	0.06379	0.00931	0.00824	0.03260	0.02651	0.04599	0.00994	0.03586	0.05646	0.03014	0.30289	0.03475	0.18758	0.02624	0.00240	0.04011	0.07083	0.00355	0.00441
4	0.02504	0.10510	0.05509	0.02638	0.03621	0.15998	0.09310	0.03720	0.01011	0.02919	0.01085	0.06888	0.03153	0.00670	0.00730	0.00156	0.22276	0.04623	0.02138	0.00542
5	0.38552	0.08584	0.05235	0.00845	0.01142	0.19598	0.02600	0.03927	0.01014	0.07153	0.00858	0.03231	0.00702	0.02488	0.00405	0.00141	0.00506	0.00334	0.02140	0.00544
6	0.01306	0.43792	0.10121	0.00936	0.01286	0.25783	0.00877	0.01489	0.01045	0.01171	0.00746	0.00874	0.00639	0.00502	0.02263	0.00125	0.00612	0.00287	0.05579	0.00567
7	0.01131	0.05992	0.04636	0.02717	0.01198	0.03335	0.01898	0.07792	0.07543	0.08297	0.05348	0.03916	0.02384	0.01412	0.00624	0.00135	0.14861	0.00436	0.04347	0.21997
8	0.00744	0.00605	0.00800	0.17728	0.01276	0.02582	0.00666	0.04204	0.04697	0.01287	0.02008	0.49561	0.02243	0.02971	0.00587	0.00182	0.00382	0.06661	0.00375	0.00441
9	0.01018	0.00936	0.01489	0.25263	0.35032	0.02972	0.03763	0.02404	0.02767	0.03397	0.01124	0.12766	0.01036	0.00593	0.00513	0.00151	0.03370	0.00540	0.00265	0.00601
10	0.00960	0.00823	0.00956	0.00691	0.01093	0.00635	0.00552	0.01212	0.04439	0.01515	0.00862	0.00985	0.00712	0.00352	0.00346	0.00072	0.00341	0.00283	0.00281	0.82889
11	0.00716	0.00534	0.00619	0.00589	0.00726	0.00505	0.00438	0.03412	0.07151	0.03609	0.33690	0.10250	0.29167	0.05759	0.00638	0.00169	0.00264	0.00861	0.00457	0.00446
12	0.00565	0.00417	0.00529	0.00605	0.00660	0.00381	0.00414	0.00664	0.00946	0.01246	0.10238	0.62876	0.16086	0.01346	0.00575	0.00177	0.00256	0.01205	0.00434	0.00381
13	0.00849	0.00755	0.03802	0.02530	0.09706	0.04103	0.02013	0.03473	0.04234	0.03258	0.24585	0.21541	0.05988	0.04684	0.00641	0.00169	0.03814	0.00780	0.02581	0.00493
14	0.00652	0.00448	0.00575	0.00611	0.00695	0.00409	0.00437	0.00783	0.01046	0.04771	0.25194	0.43898	0.14158	0.01215	0.00563	0.00169	0.00257	0.03253	0.00455	0.00411
15	0.01072	0.01089	0.10705	0.22095	0.17065	0.02599	0.05448	0.05868	0.08111	0.06965	0.01264	0.02791	0.04832	0.01730	0.06206	0.00192	0.00594	0.00471	0.00291	0.00613
16	0.01021	0.00882	0.02903	0.00776	0.03121	0.03523	0.00608	0.04286	0.01024	0.04282	0.02562	0.05352	0.00903	0.00464	0.00403	0.01867	0.00371	0.00361	0.01941	0.63351
17	0.06027	0.00977	0.01283	0.02661	0.14066	0.04549	0.05617	0.10698	0.06112	0.20902	0.06174	0.01588	0.06262	0.00635	0.01590	0.00154	0.08055	0.00484	0.00383	0.01781

[dist]
# distance from previous block
# <min> <max>
2	61

[block]
# block no. 6 follows, 56 sequences, length 10
# corresponding to MSA columns:
# 493-502
name=unknown_G
#
# <colnr> <probs for GDERKNQSTAVLIFYWHMCP>
#	G	D	E	R	K	N	Q	S	T	A	V	L	I	F	Y	W	H	M	C	P
0	0.12232	0.05867	0.03644	0.10860	0.27196	0.03365	0.03400	0.04219	0.00976	0.02722	0.00916	0.04975	0.00812	0.00643	0.03260	0.00170	0.12150	0.01744	0.00253	0.00594
1	0.04843	0.00539	0.00629	0.00597	0.00715	0.00526	0.00431	0.02747	0.03582	0.03638	0.14403	0.09313	0.10016	0.19479	0.04857	0.06902	0.00372	0.02970	0.07443	0.06000
2	0.01177	0.03969	0.04943	0.05672	0.05214	0.04821	0.09280	0.09777	0.21525	0.07646	0.02686	0.02747	0.04922	0.05271	0.02208	0.00175	0.03630	0.00504	0.03212	0.00621
3	0.00671	0.00474	0.00568	0.00551	0.00672	0.00423	0.00405	0.00823	0.01130	0.05242	0.37616	0.11979	0.30441	0.06155	0.00653	0.00171	0.00250	0.00900	0.00459	0.00418
4	0.00968	0.00967	0.01356	0.57389	0.04259	0.09721	0.04100	0.01268	0.03597	0.01213	0.02762	0.01313	0.00777	0.03060	0.02995	0.00176	0.02909	0.00425	0.00228	0.00516
5	0.00553	0.00443	0.00495	0.00529	0.00639	0.00385	0.00379	0.00662	0.01003	0.01246	0.07587	0.30782	0.51199	0.01244	0.00557	0.00165	0.00243	0.01074	0.00430	0.00385
6	0.00757	0.00699	0.00833	0.00775	0.00852	0.03880	0.00602	0.00859	0.00876	0.01146	0.02464	0.12047	0.31291	0.07100	0.06907	0.00235	0.27190	0.00742	0.00322	0.00422
7	0.01051	0.00693	0.00833	0.00676	0.00954	0.00588	0.00525	0.01295	0.06407	0.16599	0.09760	0.08928	0.10526	0.04586	0.00530	0.00133	0.00325	0.00567	0.00396	0.34627
8	0.06033	0.00789	0.00892	0.02510	0.01032	0.00818	0.00604	0.17864	0.10409	0.19698	0.09764	0.01727	0.03189	0.00604	0.00427	0.00135	0.00348	0.00487	0.22050	0.00620
9	0.01182	0.00650	0.00809	0.00676	0.00925	0.00566	0.00527	0.01375	0.03449	0.27827	0.05676	0.10494	0.12362	0.04451	0.04375	0.00173	0.00369	0.00607	0.04986	0.18522

[dist]
# distance from previous block
# <min> <max>
1	3

[block]
# block no. 7 follows, 56 sequences, length 11
# corresponding to MSA columns:
# 506-516
name=unknown_H
#
# <colnr> <probs for GDERKNQSTAVLIFYWHMCP>
#	G	D	E	R	K	N	Q	S	T	A	V	L	I	F	Y	W	H	M	C	P
0	0.13771	0.18824	0.05609	0.00975	0.03583	0.07952	0.00826	0.25564	0.10767	0.04359	0.02951	0.01089	0.00844	0.00502	0.00397	0.00131	0.00490	0.00365	0.00345	0.00657
1	0.02474	0.02698	0.00814	0.00751	0.02365	0.01675	0.02151	0.04330	0.14466	0.04102	0.09610	0.25123	0.04473	0.18679	0.00898	0.00218	0.00362	0.00785	0.00391	0.03634
2	0.00676	0.00467	0.00533	0.00531	0.00554	0.00472	0.00318	0.00742	0.03538	0.00981	0.03805	0.04937	0.04645	0.69872	0.05752	0.00423	0.00459	0.00685	0.00299	0.00311
3	0.01249	0.03012	0.03766	0.04294	0.31145	0.04644	0.01003	0.12721	0.01201	0.07115	0.00935	0.01083	0.00732	0.00426	0.00417	0.00117	0.00489	0.00364	0.00295	0.24992
4	0.00884	0.02042	0.03408	0.02276	0.09959	0.00667	0.00654	0.04519	0.05386	0.04739	0.08290	0.19540	0.13252	0.03867	0.00551	0.00151	0.00355	0.02038	0.00370	0.17052
5	0.03170	0.01205	0.09085	0.01106	0.06959	0.05830	0.02178	0.28797	0.04780	0.09315	0.03636	0.03794	0.04910	0.00597	0.00516	0.00141	0.05540	0.00465	0.03216	0.04760
6	0.01027	0.00972	0.01613	0.37858	0.35865	0.01083	0.03905	0.03282	0.04621	0.01396	0.00888	0.01200	0.00704	0.00456	0.00494	0.00147	0.03217	0.00418	0.00233	0.00622
7	0.00618	0.00442	0.00551	0.00618	0.00650	0.00432	0.00403	0.00741	0.04972	0.01137	0.02209	0.57982	0.02589	0.23190	0.01043	0.00253	0.00319	0.01095	0.00389	0.00366
8	0.01088	0.03600	0.01081	0.08924	0.03929	0.12369	0.02144	0.08687	0.02589	0.07555	0.04278	0.27602	0.03051	0.00931	0.02870	0.00174	0.07541	0.00709	0.00353	0.00524
9	0.03060	0.00765	0.00891	0.00685	0.01018	0.00624	0.00538	0.05265	0.01041	0.03432	0.07119	0.09799	0.03021	0.00536	0.00393	0.00095	0.00331	0.00448	0.00326	0.60614
10	0.04016	0.07645	0.08199	0.06318	0.07705	0.11456	0.00946	0.17708	0.11460	0.04714	0.01147	0.01473	0.00944	0.00615	0.00540	0.03116	0.04115	0.06927	0.00330	0.00626

[dist]
# distance from previous block
# <min> <max>
0	1

[block]
# block no. 8 follows, 56 sequences, length 7
# corresponding to MSA columns:
# 518-524
name=unknown_I
#
# <colnr> <probs for GDERKNQSTAVLIFYWHMCP>
#	G	D	E	R	K	N	Q	S	T	A	V	L	I	F	Y	W	H	M	C	P
0	0.01160	0.01013	0.01465	0.23530	0.33259	0.05316	0.01140	0.06707	0.03534	0.07671	0.01231	0.01427	0.06585	0.00523	0.00498	0.00145	0.03427	0.00451	0.00285	0.00634
1	0.01606	0.05219	0.01262	0.01064	0.01318	0.54859	0.00819	0.09913	0.07338	0.04701	0.00938	0.01015	0.00738	0.00498	0.00413	0.00122	0.00682	0.00339	0.06578	0.00578
2	0.05856	0.01722	0.01127	0.01020	0.01245	0.56533	0.00771	0.06239	0.01265	0.04435	0.00966	0.06026	0.00830	0.00545	0.00413	0.00125	0.00670	0.00382	0.09300	0.00534
3	0.00667	0.00573	0.00590	0.00579	0.00705	0.05761	0.00428	0.00822	0.01153	0.01482	0.36619	0.12118	0.34730	0.01051	0.00538	0.00151	0.00268	0.00901	0.00448	0.00415
4	0.00979	0.00955	0.01398	0.57641	0.13270	0.06942	0.01207	0.01290	0.03610	0.01252	0.00862	0.01205	0.00669	0.00475	0.00493	0.00149	0.03875	0.00404	0.02779	0.00545
5	0.01248	0.00984	0.01190	0.03805	0.05828	0.05944	0.05691	0.17604	0.11177	0.09709	0.09869	0.03295	0.02940	0.00716	0.03870	0.01687	0.00482	0.00489	0.00384	0.13086
6	0.06631	0.07960	0.06221	0.01156	0.10990	0.04959	0.04006	0.13551	0.06060	0.12885	0.03693	0.09853	0.01168	0.02501	0.02231	0.00161	0.02683	0.00507	0.00356	0.02427

[dist]
# distance from previous block
# <min> <max>
0	33

[block]
# block no. 9 follows, 56 sequences, length 18
# corresponding to MSA columns:
# 558-575
name=unknown_J
#
# <colnr> <probs for GDERKNQSTAVLIFYWHMCP>
#	G	D	E	R	K	N	Q	S	T	A	V	L	I	F	Y	W	H	M	C	P
0	0.06113	0.06191	0.07684	0.02414	0.03746	0.08700	0.04711	0.06104	0.02794	0.04373	0.02458	0.19055	0.02376	0.02790	0.00647	0.00158	0.11751	0.00588	0.00310	0.07036
1	0.01070	0.00848	0.04026	0.00947	0.07196	0.00762	0.03539	0.10078	0.04751	0.07689	0.03117	0.13296	0.02510	0.00630	0.00463	0.00126	0.02761	0.00535	0.12115	0.23543
2	0.03822	0.00793	0.00932	0.00717	0.01059	0.00661	0.00567	0.07143	0.01071	0.10996	0.01184	0.12317	0.01058	0.00536	0.00395	0.00101	0.00349	0.00445	0.00343	0.55514
3	0.01176	0.01015	0.01118	0.00982	0.01215	0.01203	0.00777	0.08983	0.62503	0.01894	0.01629	0.01563	0.01238	0.00641	0.00608	0.00160	0.11670	0.00494	0.00430	0.00701
4	0.01009	0.00848	0.01041	0.00747	0.01155	0.00663	0.03823	0.03735	0.01005	0.03393	0.00853	0.00983	0.00695	0.00354	0.00355	0.00076	0.00365	0.00292	0.00283	0.78325
5	0.00951	0.03182	0.01065	0.04505	0.06448	0.00939	0.00727	0.11678	0.01988	0.01379	0.03686	0.12931	0.01366	0.19294	0.05315	0.00259	0.21750	0.00602	0.01450	0.00486
6	0.00681	0.00507	0.00733	0.00736	0.00820	0.00577	0.00564	0.03589	0.00808	0.01145	0.01403	0.12950	0.01393	0.03067	0.68017	0.00641	0.01072	0.00600	0.00278	0.00418
7	0.01629	0.02058	0.01493	0.01286	0.01553	0.70974	0.11606	0.01784	0.01271	0.01171	0.00740	0.00884	0.00606	0.00461	0.00431	0.00123	0.00821	0.00329	0.00236	0.00544
8	0.01480	0.01114	0.01432	0.01120	0.01442	0.04061	0.13779	0.34731	0.09265	0.12506	0.01307	0.01527	0.01001	0.02941	0.00562	0.00156	0.02995	0.04663	0.03233	0.00686
9	0.03812	0.01017	0.01125	0.00948	0.03664	0.02916	0.00736	0.31552	0.14250	0.11564	0.01347	0.03692	0.01975	0.00610	0.00492	0.03313	0.00429	0.01826	0.02291	0.12441
10	0.00658	0.11885	0.00771	0.00567	0.00718	0.00587	0.00440	0.00788	0.01038	0.01307	0.16798	0.21205	0.39466	0.01080	0.00518	0.00152	0.00273	0.00920	0.00409	0.00420
11	0.00726	0.00543	0.00795	0.06330	0.05969	0.00532	0.03127	0.02789	0.01011	0.03952	0.14639	0.52757	0.02742	0.01144	0.00554	0.00171	0.00326	0.01039	0.00411	0.00445
12	0.03565	0.01232	0.12176	0.03132	0.01339	0.11996	0.04811	0.14479	0.01238	0.11688	0.04381	0.04967	0.03608	0.04167	0.02817	0.00176	0.05457	0.04669	0.03513	0.00588
13	0.12934	0.55893	0.13627	0.00873	0.01293	0.01570	0.02664	0.04319	0.00967	0.01345	0.00689	0.00797	0.00585	0.00409	0.00326	0.00114	0.00507	0.00273	0.00219	0.00597
14	0.00989	0.00795	0.04666	0.00820	0.01047	0.00733	0.01594	0.09438	0.11448	0.06005	0.08555	0.13452	0.01899	0.00840	0.00516	0.00154	0.01698	0.17679	0.05358	0.12314
15	0.02800	0.00908	0.00928	0.03325	0.01094	0.06809	0.00648	0.10527	0.32771	0.03787	0.06319	0.13965	0.03074	0.08257	0.00647	0.00179	0.00400	0.00635	0.02341	0.00586
16	0.00791	0.00691	0.03219	0.03363	0.01005	0.00722	0.03440	0.02471	0.00903	0.02486	0.06923	0.23821	0.03992	0.11432	0.05739	0.00242	0.16910	0.06996	0.00332	0.04521
17	0.03698	0.03064	0.20481	0.03604	0.08648	0.00873	0.02141	0.07217	0.04253	0.19093	0.05391	0.09370	0.03782	0.04508	0.00551	0.00160	0.00472	0.00537	0.00363	0.01794

[dist]
# distance from previous block
# <min> <max>
8	11

[block]
# block no. 10 follows, 56 sequences, length 7
# corresponding to MSA columns:
# 589-595
name=unknown_K
#
# <colnr> <probs for GDERKNQSTAVLIFYWHMCP>
#	G	D	E	R	K	N	Q	S	T	A	V	L	I	F	Y	W	H	M	C	P
0	0.06418	0.00796	0.03645	0.02448	0.06469	0.00778	0.00668	0.15148	0.04134	0.09496	0.03866	0.13385	0.09064	0.12221	0.06059	0.00232	0.00459	0.03791	0.00383	0.00539
1	0.04188	0.01075	0.02980	0.04328	0.16252	0.05399	0.10546	0.16034	0.06067	0.09740	0.03944	0.05856	0.03298	0.00614	0.01760	0.00151	0.01981	0.00498	0.00349	0.04938
2	0.08839	0.20397	0.09079	0.01124	0.06154	0.03615	0.11074	0.16158	0.02718	0.03190	0.05071	0.04857	0.04723	0.00549	0.00426	0.00135	0.00509	0.00454	0.00310	0.00616
3	0.01192	0.00788	0.00959	0.04495	0.04226	0.04748	0.03856	0.12993	0.03333	0.13496	0.01350	0.06178	0.01143	0.09754	0.03170	0.09128	0.00449	0.00504	0.17712	0.00527
4	0.05370	0.03949	0.12750	0.03922	0.13615	0.04238	0.05780	0.03848	0.01030	0.04171	0.00894	0.02924	0.00729	0.00422	0.00400	0.00112	0.00487	0.00357	0.00265	0.34736
5	0.14224	0.01363	0.11105	0.01026	0.01374	0.14849	0.04748	0.17756	0.01323	0.19943	0.03091	0.01152	0.00840	0.00523	0.00482	0.00141	0.04653	0.00387	0.00365	0.00653
6	0.00737	0.00529	0.00587	0.00605	0.00657	0.03978	0.00402	0.00804	0.00863	0.04362	0.07431	0.25369	0.05733	0.39929	0.01392	0.00300	0.00383	0.05219	0.00360	0.00360

[dist]
# distance from previous block
# <min> <max>
0	4

[block]
# block no. 11 follows, 56 sequences, length 18
# corresponding to MSA columns:
# 600-617
name=unknown_L
#
# <colnr> <probs for GDERKNQSTAVLIFYWHMCP>
#	G	D	E	R	K	N	Q	S	T	A	V	L	I	F	Y	W	H	M	C	P
0	0.07351	0.05682	0.01430	0.13903	0.16398	0.06788	0.10992	0.02487	0.05397	0.05067	0.06520	0.11583	0.03222	0.00621	0.00467	0.00147	0.00507	0.00558	0.00307	0.00573
1	0.01178	0.32800	0.23710	0.01313	0.10578	0.04220	0.08522	0.08254	0.01085	0.01427	0.00784	0.00933	0.00630	0.00431	0.00419	0.00127	0.02380	0.00337	0.00227	0.00645
2	0.14853	0.00806	0.00980	0.00781	0.01099	0.00768	0.00634	0.03974	0.06891	0.57005	0.01598	0.01519	0.01079	0.05274	0.00541	0.00160	0.00389	0.00444	0.00499	0.00706
3	0.00745	0.00466	0.00536	0.00546	0.00643	0.00447	0.00390	0.00937	0.04159	0.03924	0.13378	0.23190	0.11921	0.08189	0.00633	0.00171	0.00262	0.00800	0.28244	0.00419
4	0.04151	0.00623	0.00875	0.00860	0.05679	0.00583	0.06215	0.01105	0.03029	0.12654	0.15342	0.20080	0.19357	0.00967	0.00530	0.00161	0.00339	0.06523	0.00429	0.00499
5	0.00575	0.00411	0.00551	0.00657	0.00691	0.00386	0.00454	0.00667	0.00895	0.01190	0.02522	0.76713	0.03002	0.01423	0.00590	0.00189	0.00280	0.08003	0.00426	0.00377
6	0.19046	0.00544	0.00602	0.00628	0.00751	0.00547	0.00467	0.00912	0.00915	0.05339	0.04521	0.36176	0.12260	0.01106	0.00576	0.05073	0.00306	0.07627	0.02185	0.00419
7	0.01077	0.00987	0.01610	0.31559	0.44536	0.01072	0.01289	0.07215	0.01081	0.01493	0.00882	0.01182	0.00702	0.00441	0.00453	0.00142	0.00557	0.00410	0.02668	0.00644
8	0.00771	0.00597	0.00688	0.00633	0.00791	0.00588	0.00483	0.07859	0.10449	0.01760	0.41818	0.05936	0.23973	0.00944	0.00527	0.00149	0.00265	0.00810	0.00473	0.00484
9	0.00797	0.00399	0.00598	0.00598	0.00598	0.00399	0.00399	0.00598	0.00598	0.00797	0.00797	0.01396	0.00797	0.01595	0.01794	0.86643	0.00399	0.00399	0.00199	0.00199
10	0.01037	0.00532	0.00712	0.00703	0.00845	0.00480	0.00526	0.01161	0.01038	0.25919	0.02411	0.47260	0.06498	0.01141	0.00550	0.00173	0.00317	0.07725	0.00470	0.00504
11	0.00968	0.01075	0.08116	0.35668	0.08053	0.07210	0.05286	0.02927	0.02421	0.01271	0.01041	0.08431	0.01955	0.01898	0.02619	0.00175	0.09611	0.00494	0.00243	0.00537
12	0.01050	0.01162	0.02415	0.06397	0.02256	0.01156	0.63298	0.01394	0.01031	0.01410	0.00943	0.01361	0.00755	0.00470	0.00647	0.00162	0.09824	0.03442	0.00234	0.00593
13	0.00891	0.00842	0.01413	0.74112	0.08693	0.01039	0.01275	0.01188	0.00920	0.01194	0.00812	0.01210	0.00620	0.00468	0.00496	0.00154	0.03535	0.00408	0.00206	0.00525
14	0.39031	0.01318	0.16437	0.00943	0.01297	0.08401	0.06534	0.06292	0.04845	0.01824	0.06554	0.01099	0.00876	0.00492	0.00409	0.00143	0.02282	0.00360	0.00293	0.00568
15	0.00724	0.00518	0.00607	0.00612	0.00681	0.00512	0.00412	0.07876	0.00929	0.01231	0.02107	0.30633	0.09759	0.34788	0.02824	0.00293	0.00381	0.02725	0.00363	0.02027
16	0.13312	0.19350	0.02648	0.05405	0.01141	0.10280	0.00681	0.07612	0.01068	0.01460	0.01635	0.01815	0.16610	0.00831	0.06277	0.00175	0.00507	0.03204	0.03552	0.02436
17	0.03117	0.01070	0.07597	0.16810	0.11742	0.01029	0.12574	0.17156	0.02222	0.01684	0.03357	0.01444	0.03494	0.00834	0.09484	0.00210	0.00634	0.01582	0.00293	0.03667

[dist]
# distance from previous block
# <min> <max>
3	45

[block]
# block no. 12 follows, 56 sequences, length 12
# corresponding to MSA columns:
# 663-674
name=unknown_M
#
# <colnr> <probs for GDERKNQSTAVLIFYWHMCP>
#	G	D	E	R	K	N	Q	S	T	A	V	L	I	F	Y	W	H	M	C	P
0	0.00795	0.00933	0.19799	0.00795	0.01024	0.00603	0.00749	0.00996	0.00968	0.07858	0.07402	0.33165	0.13361	0.03887	0.00651	0.02422	0.02887	0.00854	0.00370	0.00481
1	0.00917	0.00548	0.00691	0.00650	0.00773	0.00526	0.00482	0.07354	0.01055	0.10814	0.13540	0.13932	0.14615	0.06911	0.00949	0.19974	0.00340	0.05113	0.00395	0.00422
2	0.04950	0.01120	0.01214	0.01096	0.07808	0.08512	0.00811	0.27881	0.12716	0.22524	0.01369	0.04005	0.01009	0.00630	0.02108	0.00153	0.00490	0.00454	0.00437	0.00714
3	0.08085	0.00683	0.00820	0.00773	0.00953	0.03359	0.02373	0.02837	0.04536	0.13990	0.13497	0.04810	0.07857	0.05266	0.03310	0.00202	0.00414	0.25308	0.00425	0.00504
4	0.00616	0.00446	0.00554	0.00590	0.00657	0.00421	0.00410	0.00728	0.02388	0.01250	0.15175	0.34683	0.17311	0.12219	0.03788	0.04850	0.00323	0.02816	0.00401	0.00373
5	0.00678	0.00517	0.00637	0.00669	0.00776	0.00507	0.00507	0.00961	0.10286	0.01461	0.20896	0.29059	0.15242	0.01154	0.00564	0.00173	0.00289	0.14737	0.00449	0.00439
6	0.08961	0.00766	0.00913	0.00781	0.01028	0.00767	0.00633	0.12481	0.05473	0.28299	0.12362	0.06511	0.07934	0.00773	0.00509	0.00154	0.02163	0.08407	0.00473	0.00613
7	0.00739	0.00511	0.00706	0.00705	0.00766	0.00570	0.00525	0.00845	0.00791	0.03867	0.01511	0.20862	0.01563	0.08956	0.34792	0.05842	0.07997	0.00676	0.07377	0.00400
8	0.02683	0.00480	0.00655	0.00807	0.07278	0.00460	0.00510	0.00743	0.00925	0.01269	0.08164	0.61949	0.06976	0.01345	0.03298	0.00195	0.00318	0.01126	0.00406	0.00411
9	0.00948	0.00693	0.00768	0.00743	0.00875	0.05680	0.00553	0.09502	0.03601	0.08828	0.09672	0.37018	0.07451	0.04945	0.00643	0.00180	0.02088	0.04901	0.00428	0.00483
10	0.01227	0.04141	0.05026	0.04817	0.04184	0.07006	0.17755	0.20741	0.09277	0.03325	0.07939	0.06451	0.01276	0.00598	0.00482	0.00146	0.00536	0.02055	0.02392	0.00628
11	0.23447	0.04572	0.01343	0.03720	0.11552	0.10585	0.10673	0.03326	0.10231	0.06937	0.01147	0.01309	0.03847	0.00512	0.00433	0.00142	0.01694	0.02246	0.00310	0.01972

[dist]
# distance from previous block
# <min> <max>
9	38

[block]
# block no. 13 follows, 56 sequences, length 18
# corresponding to MSA columns:
# 713,714,717-732
name=unknown_N
#
# <colnr> <probs for GDERKNQSTAVLIFYWHMCP>
#	G	D	E	R	K	N	Q	S	T	A	V	L	I	F	Y	W	H	M	C	P
0	0.00806	0.00593	0.00779	0.03649	0.00926	0.02412	0.00591	0.01045	0.07543	0.05035	0.06808	0.06277	0.01571	0.09560	0.40480	0.03527	0.02074	0.05564	0.00317	0.00443
1	0.04147	0.08671	0.06059	0.01595	0.02019	0.01143	0.55192	0.01446	0.01072	0.05293	0.06328	0.01322	0.00940	0.00445	0.00520	0.00148	0.02279	0.00508	0.00263	0.00608
2	0.00723	0.00515	0.00661	0.00742	0.06147	0.00467	0.00505	0.00863	0.01048	0.07047	0.13121	0.27723	0.31202	0.01131	0.00550	0.00165	0.00286	0.06230	0.00433	0.00443
3	0.00706	0.00506	0.00685	0.00639	0.00719	0.00479	0.05702	0.00780	0.00865	0.03329	0.09991	0.15012	0.13276	0.38475	0.01418	0.04427	0.00384	0.01903	0.00347	0.00359
4	0.00973	0.00893	0.01461	0.44262	0.28873	0.01011	0.01219	0.01309	0.06944	0.01314	0.00910	0.01243	0.00723	0.00532	0.00549	0.06003	0.00556	0.00416	0.00231	0.00578
5	0.17977	0.00996	0.00923	0.00807	0.01038	0.14636	0.00633	0.05073	0.04633	0.20218	0.10612	0.08594	0.06646	0.00693	0.00494	0.00146	0.04375	0.00537	0.00401	0.00568
6	0.00943	0.00641	0.00761	0.00711	0.00866	0.00656	0.00533	0.02438	0.21742	0.10493	0.22942	0.12873	0.05122	0.12306	0.00769	0.00197	0.00327	0.04702	0.00454	0.00522
7	0.00659	0.00455	0.00583	0.00603	0.00678	0.00418	0.00423	0.00715	0.00893	0.01198	0.11761	0.31507	0.12238	0.08649	0.00947	0.16609	0.00310	0.04801	0.00369	0.06186
8	0.01223	0.14024	0.04664	0.01312	0.04296	0.14396	0.24444	0.07327	0.01135	0.04284	0.01193	0.02692	0.07211	0.00593	0.01982	0.00152	0.07746	0.00466	0.00272	0.00588
9	0.00831	0.00577	0.00780	0.00697	0.00786	0.00586	0.06031	0.06775	0.00868	0.03863	0.03123	0.06552	0.01515	0.45997	0.11349	0.05674	0.00543	0.00625	0.02447	0.00380
10	0.00554	0.00420	0.00512	0.00585	0.00652	0.00377	0.00402	0.00645	0.00931	0.01193	0.03193	0.58838	0.27336	0.01352	0.00572	0.00177	0.00256	0.01200	0.00426	0.00377
11	0.04715	0.00835	0.01050	0.00872	0.03812	0.00792	0.00683	0.15687	0.01415	0.49073	0.08541	0.01813	0.07346	0.00631	0.00468	0.00142	0.00388	0.00514	0.00511	0.00710
12	0.05688	0.04147	0.02861	0.05590	0.07508	0.07497	0.04180	0.15229	0.31441	0.03615	0.02539	0.01400	0.01046	0.00561	0.00487	0.00147	0.03401	0.01616	0.00373	0.00671
13	0.03421	0.02820	0.01128	0.03410	0.03196	0.03856	0.00760	0.26503	0.22109	0.04873	0.05945	0.03265	0.04178	0.00700	0.00571	0.04286	0.03645	0.03134	0.01561	0.00640
14	0.01333	0.45841	0.08854	0.01127	0.08893	0.18444	0.00951	0.07346	0.01116	0.01297	0.00725	0.00841	0.00616	0.00427	0.00359	0.00113	0.00584	0.00292	0.00227	0.00612
15	0.00829	0.00489	0.00640	0.00637	0.00693	0.00483	0.00437	0.05665	0.00861	0.05547	0.04348	0.24950	0.01768	0.16471	0.01328	0.31501	0.00370	0.02307	0.00330	0.00344
16	0.01205	0.06044	0.06450	0.01104	0.10121	0.03482	0.03861	0.12169	0.12810	0.09683	0.04266	0.02656	0.02291	0.00803	0.02703	0.14504	0.00477	0.00457	0.04328	0.00587
17	0.02759	0.02917	0.14764	0.01444	0.16913	0.06321	0.07930	0.15777	0.08169	0.07633	0.06692	0.01396	0.01941	0.00533	0.00480	0.00143	0.01921	0.01259	0.00335	0.00673

[dist]
# distance from previous block
# <min> <max>
9	30

[block]
# block no. 14 follows, 56 sequences, length 43
# corresponding to MSA columns:
# 764-806
name=unknown_O
#
# <colnr> <probs for GDERKNQSTAVLIFYWHMCP>
#	G	D	E	R	K	N	Q	S	T	A	V	L	I	F	Y	W	H	M	C	P
0	0.02361	0.04785	0.04574	0.00686	0.00840	0.03084	0.00538	0.05424	0.00946	0.07108	0.03998	0.07354	0.05700	0.30726	0.08679	0.00305	0.01407	0.03705	0.04026	0.03754
1	0.01049	0.02813	0.03058	0.05960	0.11438	0.00964	0.00846	0.09473	0.01047	0.07290	0.05622	0.11268	0.04196	0.07763	0.00898	0.00187	0.21051	0.02542	0.00323	0.02213
2	0.06602	0.04068	0.11155	0.10985	0.09660	0.09841	0.11927	0.09783	0.02094	0.08186	0.02337	0.03665	0.00835	0.00531	0.00510	0.02034	0.03061	0.00429	0.00291	0.02004
3	0.01195	0.02899	0.06488	0.03731	0.01296	0.02772	0.04007	0.19474	0.08796	0.07951	0.05493	0.07345	0.01225	0.04742	0.05832	0.00204	0.13189	0.00519	0.00357	0.02484
4	0.04243	0.04373	0.00902	0.00772	0.02199	0.06310	0.02373	0.04880	0.02714	0.02702	0.01198	0.02112	0.01239	0.43696	0.08908	0.00353	0.08356	0.00533	0.00279	0.01860
5	0.12753	0.22072	0.05258	0.00925	0.03093	0.01179	0.05994	0.11618	0.07294	0.02545	0.03876	0.02671	0.00885	0.00470	0.00381	0.00119	0.00448	0.00367	0.00302	0.17749
6	0.00827	0.00623	0.00765	0.02032	0.00884	0.00553	0.00499	0.01044	0.02954	0.04630	0.35105	0.02396	0.07251	0.04992	0.00586	0.00137	0.02816	0.00597	0.03317	0.27990
7	0.00808	0.00581	0.00692	0.00642	0.00785	0.02309	0.00491	0.01135	0.09994	0.06106	0.57831	0.03127	0.07093	0.00881	0.00522	0.00146	0.00262	0.03050	0.03059	0.00484
8	0.00637	0.00448	0.00515	0.00531	0.00579	0.00428	0.00344	0.00699	0.00832	0.01095	0.07190	0.13578	0.16950	0.46545	0.01531	0.00319	0.00361	0.04605	0.02481	0.00331
9	0.00693	0.00484	0.00591	0.00591	0.00678	0.00479	0.00424	0.02543	0.03408	0.01403	0.21793	0.16560	0.10808	0.14675	0.10028	0.02205	0.00396	0.01985	0.09854	0.00401
10	0.01238	0.77088	0.04058	0.00820	0.01207	0.03823	0.00814	0.02800	0.00961	0.01123	0.00652	0.00756	0.00593	0.00407	0.00328	0.00103	0.02181	0.00255	0.00202	0.00591
