[name]
unknown

[dist]
# distance from previous block
# <min> <max>
0	99

[block]
# block no. 0 follows, 47 sequences, length 13
# corresponding to MSA columns:
# 172-184
name=unknown_A
#
# <colnr> <probs for GDERKNQSTAVLIFYWHMCP>
#	G	D	E	R	K	N	Q	S	T	A	V	L	I	F	Y	W	H	M	C	P
0	0.00664	0.00484	0.00632	0.00739	0.00799	0.00452	0.00528	0.00782	0.01050	0.01373	0.03126	0.61088	0.11875	0.01566	0.00667	0.00212	0.00325	0.12721	0.00483	0.00434
1	0.01398	0.01131	0.01882	0.15848	0.54006	0.01151	0.01445	0.01698	0.01208	0.13483	0.01136	0.01380	0.00874	0.00501	0.00518	0.00159	0.00604	0.00473	0.00313	0.00793
2	0.00737	0.00538	0.00757	0.00762	0.00846	0.00581	0.00570	0.00906	0.00979	0.01382	0.17045	0.09584	0.02326	0.12135	0.45973	0.00594	0.00943	0.02529	0.00365	0.00450
3	0.04406	0.00887	0.01128	0.00893	0.01252	0.00812	0.00732	0.09678	0.01530	0.55674	0.05671	0.02221	0.09698	0.00746	0.00536	0.00164	0.00428	0.02144	0.00599	0.00803
4	0.01143	0.00908	0.01097	0.01218	0.12951	0.00986	0.00797	0.04605	0.34565	0.01957	0.01947	0.14735	0.01695	0.00796	0.00514	0.00167	0.00396	0.00689	0.18146	0.00690
5	0.01222	0.01014	0.01087	0.00996	0.01251	0.01151	0.00765	0.06648	0.58748	0.02103	0.02170	0.14101	0.01825	0.00840	0.00544	0.00179	0.00399	0.00715	0.03487	0.00754
6	0.65642	0.00964	0.00787	0.00696	0.00995	0.01100	0.00568	0.07585	0.01045	0.02353	0.00917	0.01047	0.00708	0.00514	0.00345	0.00155	0.00392	0.00328	0.13282	0.00578
7	0.01104	0.22910	0.39947	0.01163	0.01705	0.01287	0.02619	0.01525	0.02469	0.03068	0.12910	0.02991	0.02979	0.00612	0.00480	0.00152	0.00605	0.00487	0.00299	0.00690
8	0.00810	0.00597	0.00819	0.00794	0.00911	0.00565	0.05634	0.03362	0.01105	0.03611	0.07378	0.35119	0.14365	0.15013	0.00978	0.00247	0.00389	0.05688	0.02151	0.00463
9	0.01080	0.00926	0.01080	0.00771	0.01234	0.00694	0.00617	0.01311	0.01080	0.01697	0.00926	0.01080	0.00771	0.00386	0.00386	0.00077	0.00386	0.00309	0.00309	0.84882
10	0.01215	0.00953	0.01164	0.00839	0.01297	0.00748	0.02855	0.03832	0.01161	0.08007	0.01031	0.01151	0.00818	0.00416	0.00408	0.00089	0.00411	0.00340	0.00341	0.72924
11	0.34037	0.01862	0.01207	0.01090	0.01368	0.46391	0.00841	0.01836	0.01223	0.01683	0.00770	0.00911	0.00630	0.00531	0.00461	0.00148	0.03818	0.00319	0.00288	0.00587
12	0.01678	0.01250	0.01411	0.01146	0.01458	0.01430	0.00935	0.38503	0.20720	0.08708	0.01457	0.01468	0.01076	0.00690	0.00701	0.00172	0.12827	0.00502	0.03060	0.00810

[dist]
# distance from previous block
# <min> <max>
0	11

[block]
# block no. 1 follows, 47 sequences, length 34
# corresponding to MSA columns:
# 197-217,221-226,232-238
name=unknown_B
#
# <colnr> <probs for GDERKNQSTAVLIFYWHMCP>
#	G	D	E	R	K	N	Q	S	T	A	V	L	I	F	Y	W	H	M	C	P
0	0.00702	0.03413	0.00703	0.00692	0.00793	0.00518	0.00508	0.00845	0.01141	0.01499	0.17998	0.37218	0.18990	0.04648	0.00719	0.00206	0.00317	0.08155	0.00485	0.00450
1	0.01810	0.00916	0.01143	0.00913	0.01231	0.00892	0.02284	0.15633	0.05830	0.39473	0.04986	0.01953	0.01440	0.08890	0.00728	0.00192	0.00450	0.00556	0.09921	0.00760
2	0.45583	0.02968	0.01171	0.00982	0.01280	0.12643	0.04087	0.04609	0.11743	0.02049	0.00962	0.01078	0.00757	0.00562	0.00514	0.00165	0.07512	0.00369	0.00338	0.00627
3	0.01147	0.04660	0.50061	0.04410	0.05164	0.05411	0.01565	0.04480	0.09508	0.01704	0.01186	0.06288	0.00955	0.00595	0.00506	0.00165	0.00687	0.00480	0.00286	0.00741
4	0.01441	0.01324	0.01583	0.04360	0.26834	0.09147	0.01139	0.14795	0.25111	0.02071	0.04304	0.01550	0.01206	0.00608	0.00543	0.00162	0.02127	0.00509	0.00399	0.00787
5	0.01202	0.16988	0.46111	0.01227	0.01821	0.01304	0.01438	0.08372	0.01255	0.04649	0.05718	0.01463	0.05112	0.00581	0.00482	0.00155	0.00642	0.00449	0.00299	0.00732
6	0.00966	0.00738	0.00861	0.00772	0.00964	0.00750	0.00595	0.10792	0.13156	0.02180	0.49084	0.03380	0.11729	0.00982	0.00590	0.00166	0.00314	0.00845	0.00550	0.00586
7	0.00980	0.00877	0.01404	0.18274	0.27097	0.00917	0.03045	0.01272	0.03995	0.01517	0.01884	0.22744	0.05837	0.00915	0.00581	0.00183	0.00520	0.06990	0.00352	0.00616
8	0.25738	0.00920	0.01084	0.00858	0.01239	0.00879	0.00709	0.02254	0.01320	0.57259	0.01680	0.01511	0.01085	0.00599	0.00467	0.00161	0.00432	0.00456	0.00554	0.00795
9	0.01253	0.01373	0.05576	0.01963	0.05475	0.01279	0.54933	0.08710	0.01345	0.01843	0.07337	0.01568	0.01128	0.00525	0.00631	0.00173	0.03263	0.00608	0.00310	0.00706
10	0.00674	0.00530	0.00609	0.00589	0.00739	0.00465	0.00442	0.00861	0.01325	0.01735	0.40414	0.04471	0.42895	0.01196	0.00615	0.00170	0.00255	0.01023	0.00527	0.00465
11	0.01168	0.01109	0.01882	0.27374	0.51934	0.01181	0.01508	0.01480	0.01133	0.01571	0.01035	0.04405	0.00885	0.00527	0.00523	0.00163	0.00630	0.00503	0.00258	0.00732
12	0.00730	0.00489	0.00644	0.00737	0.00801	0.00452	0.00514	0.00838	0.01047	0.05168	0.02980	0.67657	0.08200	0.01550	0.00658	0.00208	0.00318	0.06066	0.00491	0.00450
13	0.01370	0.01302	0.08212	0.18687	0.08007	0.01219	0.24584	0.14169	0.01398	0.09225	0.01242	0.03178	0.00964	0.00576	0.00558	0.00171	0.00691	0.03377	0.00345	0.00724
14	0.00755	0.00507	0.00576	0.00574	0.00601	0.00498	0.00342	0.00798	0.00869	0.01182	0.09621	0.04866	0.05969	0.64820	0.02215	0.00433	0.00452	0.00795	0.03777	0.00348
15	0.01043	0.00923	0.01434	0.24912	0.23410	0.01011	0.02359	0.02895	0.06112	0.01549	0.03967	0.05173	0.06322	0.05215	0.05194	0.01989	0.02345	0.00595	0.02930	0.00622
16	0.04835	0.33826	0.01927	0.01067	0.01444	0.20361	0.00914	0.16065	0.08873	0.04615	0.01028	0.01081	0.00819	0.00535	0.00427	0.00135	0.00627	0.00367	0.00339	0.00713
17	0.02621	0.00873	0.05135	0.03218	0.03819	0.00805	0.00738	0.01690	0.18139	0.14473	0.27302	0.05672	0.05037	0.03932	0.00633	0.00180	0.00384	0.00724	0.03977	0.00648
18	0.01567	0.01465	0.03407	0.08085	0.05807	0.21340	0.08064	0.10240	0.06827	0.12250	0.08555	0.01633	0.02817	0.00643	0.00591	0.00161	0.04944	0.00518	0.00392	0.00696
19	0.67431	0.03675	0.01057	0.02568	0.04048	0.07305	0.04265	0.01579	0.00968	0.02143	0.00760	0.00907	0.00599	0.00484	0.00359	0.00158	0.00486	0.00312	0.00308	0.00587
20	0.01440	0.04069	0.15699	0.02958	0.10733	0.14609	0.07075	0.02948	0.01272	0.14086	0.06936	0.03651	0.02506	0.00660	0.00623	0.00165	0.07205	0.02314	0.00354	0.00698
21	0.01219	0.07687	0.06611	0.13694	0.24166	0.03186	0.06300	0.06342	0.07893	0.02862	0.01324	0.10029	0.01187	0.01920	0.00558	0.00169	0.00595	0.01782	0.00325	0.02150
22	0.00756	0.00564	0.00733	0.00754	0.00861	0.00556	0.00591	0.00945	0.01207	0.01627	0.28436	0.10729	0.13818	0.07778	0.04742	0.00253	0.03186	0.21521	0.00481	0.00463
23	0.01164	0.00869	0.01010	0.00875	0.01118	0.03707	0.03720	0.06385	0.18493	0.10760	0.27678	0.03050	0.17189	0.00912	0.00574	0.00168	0.00381	0.00780	0.00527	0.00639
24	0.01063	0.00613	0.00736	0.00664	0.00850	0.00573	0.00512	0.02472	0.04239	0.14060	0.34115	0.03174	0.14311	0.00914	0.00540	0.00156	0.00290	0.00777	0.19379	0.00563
25	0.01223	0.01088	0.04421	0.01073	0.01376	0.01113	0.08552	0.12622	0.31649	0.02106	0.05817	0.02203	0.10972	0.00747	0.00569	0.00168	0.03013	0.00630	0.09949	0.00708
26	0.00983	0.00926	0.01562	0.80447	0.03587	0.01157	0.01446	0.01331	0.01041	0.01331	0.00926	0.01388	0.00694	0.00521	0.00521	0.00174	0.00694	0.00463	0.00231	0.00579
27	0.01744	0.01456	0.01422	0.04203	0.01580	0.11830	0.00939	0.47688	0.12945	0.02627	0.01449	0.01524	0.03482	0.03984	0.00606	0.00172	0.00590	0.00500	0.00468	0.00790
28	0.00742	0.00538	0.00702	0.00782	0.00875	0.00516	0.00613	0.00908	0.01126	0.01471	0.09191	0.24569	0.12666	0.09255	0.00872	0.00244	0.00390	0.33622	0.00473	0.00445
29	0.01141	0.01329	0.10179	0.01848	0.09894	0.01131	0.40520	0.05350	0.01273	0.01743	0.06409	0.06517	0.04400	0.00661	0.00597	0.00177	0.00703	0.05126	0.00326	0.00678
30	0.01056	0.00635	0.00783	0.00740	0.00899	0.00609	0.00553	0.08291	0.01353	0.12037	0.23850	0.28813	0.05935	0.01109	0.00580	0.00174	0.00322	0.00971	0.10735	0.00555
31	0.01376	0.01146	0.03706	0.05290	0.01472	0.01229	0.00873	0.19707	0.40832	0.04252	0.02026	0.05221	0.06187	0.00742	0.00531	0.00170	0.00458	0.00611	0.03398	0.00773
32	0.01142	0.01094	0.01897	0.04553	0.10800	0.01102	0.28577	0.06955	0.08432	0.01863	0.15516	0.02236	0.07067	0.00702	0.00629	0.00173	0.03659	0.02552	0.00381	0.00669
33	0.01335	0.01144	0.01869	0.05726	0.59424	0.01153	0.01407	0.01702	0.06251	0.08542	0.01250	0.05670	0.01052	0.00561	0.00525	0.00160	0.00575	0.00532	0.00321	0.00799

[dist]
# distance from previous block
# <min> <max>
1	8

[block]
# block no. 2 follows, 47 sequences, length 14
# corresponding to MSA columns:
# 249-262
name=unknown_C
#
# <colnr> <probs for GDERKNQSTAVLIFYWHMCP>
#	G	D	E	R	K	N	Q	S	T	A	V	L	I	F	Y	W	H	M	C	P
0	0.15225	0.01267	0.01542	0.01774	0.27627	0.07617	0.03078	0.11954	0.11911	0.08392	0.03775	0.01403	0.01057	0.00562	0.00490	0.00159	0.00555	0.00466	0.00385	0.00763
1	0.03009	0.00753	0.01008	0.13468	0.05125	0.00802	0.00823	0.03335	0.11196	0.01651	0.08127	0.20359	0.05816	0.01178	0.03977	0.00217	0.00480	0.14419	0.00427	0.03830
2	0.01404	0.03298	0.17797	0.04117	0.09583	0.04150	0.06876	0.15340	0.25652	0.04330	0.01404	0.01454	0.01042	0.00584	0.00519	0.00165	0.00604	0.00492	0.00393	0.00797
3	0.00853	0.00688	0.01094	0.00957	0.01085	0.00676	0.14311	0.00998	0.00957	0.01285	0.04504	0.05360	0.01995	0.42958	0.06795	0.00400	0.00611	0.13694	0.00346	0.00433
4	0.01248	0.01381	0.10457	0.06720	0.66560	0.01230	0.01626	0.01591	0.01169	0.01678	0.00972	0.01273	0.00801	0.00470	0.00514	0.00157	0.00639	0.00455	0.00252	0.00807
5	0.01455	0.01123	0.01341	0.01283	0.08669	0.01236	0.03081	0.05760	0.55189	0.11958	0.01936	0.01814	0.01426	0.00665	0.00530	0.00172	0.00456	0.00564	0.00511	0.00831
6	0.00654	0.00481	0.00618	0.00720	0.00782	0.00445	0.00508	0.00767	0.01049	0.01366	0.03233	0.61234	0.15061	0.01562	0.00663	0.00209	0.00315	0.09418	0.00483	0.00432
7	0.01313	0.36062	0.39418	0.01181	0.01779	0.01527	0.01378	0.01695	0.01119	0.08743	0.00951	0.01051	0.00723	0.00488	0.00430	0.00142	0.00649	0.00353	0.00261	0.00738
8	0.37569	0.01136	0.01144	0.00933	0.01273	0.03484	0.03960	0.24392	0.01498	0.08072	0.08326	0.01381	0.01159	0.00596	0.00443	0.00159	0.00474	0.00440	0.02878	0.00683
9	0.04135	0.00955	0.01239	0.01040	0.01286	0.01036	0.08168	0.09917	0.21127	0.04612	0.22495	0.04496	0.07964	0.00847	0.00673	0.00175	0.07990	0.00709	0.00478	0.00659
10	0.00639	0.00483	0.00590	0.00660	0.00742	0.00434	0.00458	0.00756	0.01098	0.01424	0.10680	0.51462	0.25717	0.01486	0.00645	0.00196	0.00285	0.01317	0.00492	0.00434
11	0.01300	0.01106	0.01464	0.11526	0.01767	0.06565	0.12494	0.12370	0.15118	0.06921	0.08199	0.12892	0.01756	0.00798	0.00568	0.00175	0.00555	0.03317	0.00433	0.00675
12	0.00975	0.00811	0.01143	0.17312	0.12226	0.00870	0.00926	0.01400	0.12818	0.02915	0.09652	0.05153	0.11184	0.06624	0.02467	0.00219	0.00499	0.11812	0.00403	0.00590
13	0.01004	0.01091	0.09143	0.12700	0.07655	0.07323	0.00939	0.01331	0.06311	0.03538	0.10153	0.08271	0.21154	0.02267	0.00633	0.00179	0.02830	0.02507	0.00390	0.00582

[dist]
# distance from previous block
# <min> <max>
1	7

[block]
# block no. 3 follows, 47 sequences, length 123
# corresponding to MSA columns:
# 270-288,429-507,515-539
name=unknown_D
#
# <colnr> <probs for GDERKNQSTAVLIFYWHMCP>
#	G	D	E	R	K	N	Q	S	T	A	V	L	I	F	Y	W	H	M	C	P
0	0.03711	0.14569	0.02766	0.05976	0.06475	0.15677	0.01004	0.07522	0.17840	0.03453	0.01155	0.01276	0.00922	0.00643	0.01614	0.00165	0.10526	0.00427	0.00340	0.03940
1	0.67267	0.03346	0.08536	0.00898	0.04504	0.01212	0.00766	0.03304	0.02880	0.02230	0.00804	0.00926	0.00620	0.00492	0.00358	0.00160	0.00456	0.00312	0.00317	0.00612
2	0.01211	0.08339	0.52360	0.01610	0.11683	0.06720	0.01658	0.01743	0.04762	0.03735	0.01002	0.01151	0.00743	0.00504	0.00486	0.00158	0.00721	0.00397	0.00255	0.00763
3	0.01071	0.01015	0.01631	0.30279	0.25359	0.03022	0.05734	0.01369	0.01161	0.01580	0.11933	0.05469	0.01467	0.00634	0.00571	0.00165	0.02773	0.00579	0.00305	0.03884
4	0.02616	0.05829	0.03382	0.02951	0.07859	0.04279	0.02816	0.08021	0.12534	0.01899	0.23443	0.02510	0.11031	0.00909	0.02835	0.00184	0.05162	0.00675	0.00433	0.00633
5	0.01545	0.06921	0.01389	0.01084	0.03407	0.01264	0.02346	0.29541	0.16238	0.08743	0.07049	0.01833	0.01444	0.00690	0.00541	0.00160	0.02606	0.03349	0.09089	0.00760
6	0.00705	0.00555	0.00677	0.00721	0.00815	0.00544	0.00521	0.00904	0.05480	0.01463	0.09376	0.43731	0.23863	0.01408	0.00690	0.00197	0.04107	0.03296	0.00481	0.00465
7	0.01861	0.01404	0.01562	0.04293	0.05309	0.01557	0.01024	0.65137	0.07569	0.03056	0.01286	0.01306	0.00925	0.00619	0.00521	0.00158	0.00569	0.00477	0.00498	0.00867
8	0.09808	0.01310	0.01302	0.01139	0.03485	0.10312	0.00884	0.28572	0.18423	0.04367	0.01357	0.01443	0.01042	0.01048	0.10784	0.00249	0.02825	0.00474	0.00431	0.00743
9	0.01093	0.01038	0.01761	0.52638	0.30536	0.01186	0.01501	0.01427	0.01093	0.01464	0.00945	0.01353	0.00741	0.00500	0.00519	0.00167	0.00667	0.00463	0.00241	0.00667
10	0.01081	0.00788	0.00772	0.00715	0.00880	0.08544	0.02007	0.05191	0.03661	0.01960	0.17647	0.02371	0.02063	0.00732	0.00460	0.00141	0.00358	0.03755	0.46339	0.00534
11	0.05648	0.00935	0.01099	0.00903	0.01232	0.04533	0.00729	0.04877	0.07627	0.47106	0.08693	0.04024	0.06662	0.00761	0.00535	0.00165	0.00436	0.02693	0.00573	0.00768
12	0.01222	0.34722	0.38893	0.01240	0.01825	0.04920	0.04578	0.01610	0.01117	0.01477	0.03428	0.01092	0.00811	0.00493	0.00438	0.00142	0.00678	0.00368	0.00237	0.00709
13	0.00687	0.00522	0.00643	0.00709	0.00819	0.00478	0.00542	0.00841	0.01151	0.01472	0.09454	0.29794	0.29745	0.01430	0.00657	0.00202	0.00328	0.19589	0.00489	0.00448
14	0.01483	0.68899	0.02522	0.00965	0.01382	0.14846	0.00910	0.01645	0.01127	0.01233	0.00737	0.00852	0.00669	0.00461	0.00356	0.00115	0.00620	0.00288	0.00230	0.00658
15	0.01272	0.02803	0.11080	0.19503	0.12668	0.07148	0.09082	0.03475	0.11897	0.06964	0.03496	0.05911	0.01159	0.00615	0.00532	0.00167	0.00634	0.00548	0.00340	0.00704
16	0.01088	0.01632	0.36172	0.01219	0.01702	0.00932	0.08780	0.01475	0.01152	0.10035	0.03217	0.04394	0.12175	0.04704	0.03696	0.00215	0.00643	0.05762	0.00346	0.00662
17	0.00745	0.00550	0.00691	0.00738	0.00868	0.00514	0.00596	0.00944	0.01235	0.01626	0.19482	0.10841	0.24261	0.01309	0.00650	0.00199	0.00347	0.30200	0.03737	0.00467
18	0.01171	0.00890	0.01051	0.00810	0.01179	0.00771	0.02658	0.08750	0.04570	0.06497	0.03834	0.01908	0.12344	0.00613	0.00457	0.00117	0.00388	0.00505	0.07582	0.43902
19	0.03134	0.09162	0.09283	0.06193	0.01674	0.04883	0.08833	0.15254	0.04357	0.13705	0.03400	0.08662	0.01245	0.00723	0.01996	0.00171	0.00586	0.00560	0.02653	0.03527
20	0.01318	0.00915	0.03205	0.02625	0.05354	0.02967	0.02918	0.07693	0.04827	0.18727	0.01758	0.16851	0.01612	0.07991	0.12905	0.00306	0.05149	0.00713	0.01529	0.00636
21	0.00695	0.00497	0.00674	0.00795	0.00852	0.00475	0.00589	0.00830	0.01057	0.01398	0.02837	0.58898	0.03311	0.01574	0.00681	0.00220	0.00355	0.23340	0.00482	0.00440
22	0.79394	0.01060	0.00808	0.00718	0.01041	0.04172	0.00588	0.01586	0.00929	0.04850	0.00773	0.00880	0.00592	0.00491	0.00335	0.00160	0.00425	0.00292	0.00331	0.00576
23	0.00776	0.00541	0.00706	0.00659	0.00791	0.00497	0.00496	0.01018	0.01468	0.04065	0.74524	0.03861	0.06504	0.01060	0.00612	0.00164	0.00251	0.00935	0.00573	0.00500
24	0.01893	0.01409	0.01516	0.01162	0.01579	0.01537	0.00957	0.68962	0.04454	0.03132	0.01250	0.01257	0.00897	0.00609	0.00511	0.00151	0.00554	0.00460	0.00505	0.07206
25	0.01330	0.01224	0.05436	0.10274	0.52645	0.01158	0.01432	0.02869	0.02951	0.08073	0.01088	0.01329	0.00857	0.00488	0.00507	0.00153	0.00596	0.00457	0.00300	0.06833
26	0.02221	0.00950	0.01238	0.00946	0.01354	0.00852	0.00780	0.10369	0.01567	0.66016	0.01899	0.01674	0.01214	0.00627	0.00515	0.00155	0.00453	0.00505	0.00611	0.06054
27	0.00658	0.00524	0.00590	0.00585	0.00732	0.00456	0.00434	0.00825	0.01271	0.01632	0.29779	0.10116	0.48047	0.01255	0.00619	0.00174	0.00260	0.01073	0.00514	0.00456
28	0.00633	0.00459	0.00599	0.00710	0.00751	0.00424	0.00477	0.00727	0.01011	0.01335	0.03049	0.75670	0.09017	0.01608	0.00661	0.00209	0.00299	0.01452	0.00483	0.00424
29	0.01462	0.24718	0.30117	0.01268	0.01769	0.29390	0.01309	0.01778	0.01222	0.01398	0.00830	0.00969	0.00666	0.00496	0.00441	0.00139	0.00771	0.00338	0.00238	0.00682
30	0.01698	0.01856	0.01407	0.01244	0.01475	0.46071	0.00966	0.10222	0.01408	0.05036	0.00972	0.01184	0.00807	0.01043	0.10971	0.00243	0.12056	0.00405	0.00310	0.00625
31	0.00737	0.00532	0.00696	0.00655	0.00778	0.00491	0.00491	0.00983	0.01474	0.02088	0.78175	0.03890	0.04914	0.01065	0.00614	0.00164	0.00246	0.00942	0.00573	0.00491
32	0.00625	0.00520	0.00546	0.00556	0.00713	0.00441	0.00411	0.00759	0.01184	0.01440	0.09449	0.13105	0.65786	0.01337	0.00621	0.00179	0.00267	0.01130	0.00489	0.00441
33	0.00757	0.00505	0.00568	0.00568	0.00568	0.00505	0.00316	0.00757	0.00757	0.01010	0.01641	0.03408	0.01893	0.81698	0.02651	0.00505	0.00505	0.00757	0.00316	0.00316
34	0.00940	0.00491	0.00513	0.00507	0.00629	0.00486	0.00381	0.01184	0.01142	0.01961	0.11612	0.02194	0.01799	0.00666	0.00396	0.00127	0.00243	0.00545	0.73699	0.00486
35	0.01139	0.01139	0.01595	0.01367	0.01367	0.01595	0.01139	0.01253	0.00798	0.01253	0.00684	0.01139	0.00684	0.00911	0.01709	0.00228	0.80745	0.00456	0.00228	0.00570
36	0.01229	0.01405	0.03073	0.02195	0.02722	0.01317	0.76558	0.01668	0.01229	0.01668	0.01054	0.01405	0.00790	0.00439	0.00615	0.00176	0.00878	0.00615	0.00263	0.00702
37	0.01169	0.31103	0.51682	0.01272	0.01925	0.01514	0.01554	0.01617	0.01085	0.01497	0.00859	0.01005	0.00663	0.00477	0.00437	0.00146	0.00693	0.00347	0.00221	0.00733
38	0.01240	0.39312	0.40798	0.01205	0.01806	0.04619	0.01412	0.01624	0.01095	0.01439	0.00832	0.00971	0.00664	0.00474	0.00420	0.00139	0.00678	0.00334	0.00223	0.00716
39	0.01945	0.01378	0.01498	0.01160	0.01559	0.01508	0.00953	0.68575	0.02323	0.08143	0.01373	0.04744	0.01023	0.00670	0.00527	0.00159	0.00553	0.00516	0.00527	0.00866
40	0.01446	0.01479	0.01114	0.01041	0.01237	0.35131	0.00769	0.09264	0.03281	0.04513	0.01637	0.25467	0.01672	0.05584	0.00660	0.00183	0.00626	0.00738	0.03586	0.00573
41	0.00905	0.00452	0.00678	0.00678	0.00678	0.00452	0.00452	0.00678	0.00678	0.00905	0.00905	0.01583	0.00905	0.01809	0.02035	0.84848	0.00452	0.00452	0.00226	0.00226
42	0.01080	0.00926	0.01080	0.00771	0.01234	0.00694	0.00617	0.01311	0.01080	0.01697	0.00926	0.01080	0.00771	0.00386	0.00386	0.00077	0.00386	0.00309	0.00309	0.84882
43	0.00678	0.00483	0.00647	0.00763	0.00808	0.00460	0.00543	0.00793	0.01025	0.01359	0.02796	0.63715	0.03293	0.05052	0.00761	0.00230	0.00344	0.15344	0.00475	0.00429
44	0.01753	0.09421	0.08485	0.01322	0.01787	0.01534	0.12037	0.47914	0.01967	0.06895	0.01188	0.01248	0.00854	0.00570	0.00514	0.00156	0.00625	0.00467	0.00435	0.00828
45	0.01131	0.17326	0.61052	0.01349	0.02043	0.01363	0.01677	0.03329	0.01122	0.01609	0.00902	0.01053	0.00669	0.00486	0.00463	0.00152	0.00716	0.00365	0.00230	0.02963
46	0.23966	0.00966	0.01033	0.00787	0.01202	0.00871	0.00638	0.04820	0.01141	0.12028	0.01034	0.01115	0.00788	0.00456	0.00393	0.00114	0.00406	0.00337	0.00365	0.47540
47	0.04600	0.01232	0.01781	0.04864	0.33401	0.01270	0.05395	0.22772	0.03485	0.14164	0.01244	0.01364	0.00917	0.00545	0.00518	0.00159	0.00583	0.00480	0.00400	0.00827
48	0.01619	0.05127	0.04452	0.01496	0.18073	0.04818	0.02233	0.07048	0.11105	0.25355	0.09650	0.01745	0.01477	0.00640	0.00553	0.00160	0.02675	0.00533	0.00458	0.00783
49	0.00645	0.00461	0.00614	0.00718	0.00758	0.00430	0.00484	0.00751	0.01045	0.01406	0.10497	0.73513	0.03593	0.01574	0.00660	0.00207	0.00296	0.01426	0.00493	0.00430
50	0.01289	0.01237	0.02114	0.03196	0.78450	0.01237	0.01598	0.01598	0.01186	0.01701	0.00980	0.01289	0.00825	0.00464	0.00516	0.00155	0.00619	0.00464	0.00258	0.00825
51	0.01219	0.05371	0.18390	0.03984	0.43528	0.01269	0.11969	0.01633	0.03209	0.01675	0.02242	0.01305	0.00862	0.00483	0.00518	0.00159	0.00673	0.00470	0.00261	0.00779
52	0.01239	0.01192	0.02049	0.15351	0.64917	0.01226	0.03288	0.01558	0.01164	0.01642	0.00973	0.01307	0.00803	0.00472	0.00519	0.00158	0.00637	0.00467	0.00254	0.00783
53	0.00757	0.00505	0.00568	0.00568	0.00568	0.00505	0.00316	0.00757	0.00757	0.01010	0.01641	0.03408	0.01893	0.81698	0.02651	0.00505	0.00505	0.00757	0.00316	0.00316
54	0.01392	0.82012	0.02729	0.00891	0.01337	0.02061	0.00891	0.01559	0.01058	0.01225	0.00724	0.00835	0.00668	0.00446	0.00334	0.00111	0.00557	0.00278	0.00223	0.00668
55	0.01311	0.25631	0.42012	0.01326	0.04039	0.01413	0.04880	0.01725	0.01141	0.10469	0.01009	0.01119	0.00746	0.00494	0.00457	0.00149	0.00670	0.00382	0.00273	0.00752
56	0.00616	0.00526	0.00530	0.00533	0.00705	0.00439	0.00398	0.00747	0.01182	0.01405	0.05210	0.07089	0.76203	0.01327	0.00617	0.00177	0.00265	0.01109	0.00484	0.00439
57	0.00757	0.00505	0.00568	0.00568	0.00568	0.00505	0.00316	0.00757	0.00757	0.01010	0.01641	0.03408	0.01893	0.81698	0.02651	0.00505	0.00505	0.00757	0.00316	0.00316
58	0.09749	0.10659	0.29447	0.01206	0.01737	0.05031	0.02978	0.17578	0.01438	0.13742	0.01125	0.01179	0.00798	0.00539	0.00472	0.00155	0.00630	0.00405	0.00361	0.00771
59	0.02100	0.00958	0.01211	0.00949	0.01331	0.00900	0.00777	0.11929	0.08081	0.58011	0.02149	0.01913	0.05846	0.00688	0.00529	0.00163	0.00446	0.00557	0.00609	0.00854
60	0.01201	0.00966	0.01138	0.01072	0.03296	0.01060	0.02921	0.04099	0.46579	0.05321	0.06294	0.08420	0.04095	0.00886	0.00572	0.00185	0.00424	0.10237	0.00511	0.00723
61	0.01133	0.01245	0.09375	0.36433	0.38646	0.01200	0.01564	0.01487	0.01115	0.01536	0.00952	0.01313	0.00752	0.00491	0.00516	0.00164	0.00666	0.00456	0.00243	0.00713
62	0.00745	0.00553	0.00812	0.00812	0.00897	0.00637	0.00620	0.00914	0.00830	0.01191	0.01418	0.02171	0.01356	0.11073	0.72541	0.00806	0.01313	0.00576	0.00282	0.00451
63	0.01339	0.01230	0.01108	0.00996	0.01266	0.15124	0.00768	0.04175	0.41225	0.05797	0.06004	0.02359	0.14801	0.00794	0.00537	0.00167	0.00479	0.00642	0.00483	0.00707
64	0.01277	0.01225	0.02093	0.06131	0.75606	0.01234	0.01592	0.01588	0.01180	0.01687	0.00978	0.01293	0.00820	0.00466	0.00516	0.00155	0.00622	0.00464	0.00257	0.00816
65	0.02052	0.00815	0.01093	0.00860	0.01210	0.00713	0.00702	0.02261	0.01455	0.64179	0.09996	0.02009	0.01673	0.00685	0.00519	0.00158	0.00405	0.00564	0.07841	0.00810
66	0.00664	0.00525	0.00705	0.00733	0.00835	0.00475	0.04060	0.00793	0.01094	0.01417	0.08403	0.50458	0.25015	0.01448	0.00645	0.00196	0.00315	0.01294	0.00479	0.00445
67	0.01217	0.44262	0.36344	0.01145	0.01723	0.01632	0.01334	0.01580	0.01090	0.01441	0.03403	0.01054	0.00806	0.00488	0.00414	0.00137	0.00640	0.00348	0.00233	0.00707
68	0.01532	0.01821	0.11302	0.01423	0.09080	0.31445	0.02940	0.07213	0.14006	0.03869	0.09037	0.01517	0.01305	0.00613	0.00511	0.00153	0.00688	0.00479	0.00363	0.00701
69	0.00641	0.00506	0.00569	0.00613	0.00729	0.00446	0.00439	0.00756	0.01100	0.01364	0.04161	0.29187	0.46080	0.06603	0.00767	0.00211	0.00302	0.04627	0.00473	0.00428
70	0.01087	0.01021	0.01683	0.27445	0.41424	0.01084	0.01366	0.01383	0.01140	0.01540	0.01579	0.01986	0.10602	0.00632	0.00539	0.00167	0.00592	0.03759	0.00287	0.00683
71	0.01328	0.03878	0.01828	0.02137	0.37938	0.03107	0.08430	0.11382	0.05385	0.04142	0.04685	0.05975	0.04305	0.00648	0.00541	0.00163	0.00577	0.02444	0.00357	0.00753
72	0.00716	0.00569	0.00829	0.00816	0.00931	0.00530	0.06636	0.00877	0.01123	0.01494	0.15352	0.40778	0.14899	0.03610	0.03739	0.00229	0.00391	0.05553	0.00468	0.00461
73	0.01059	0.00997	0.01634	0.42900	0.12765	0.01157	0.07011	0.04187	0.01123	0.01488	0.01372	0.01854	0.07166	0.00660	0.00666	0.00179	0.08833	0.04052	0.00280	0.00615
74	0.01217	0.01153	0.01942	0.04638	0.59584	0.01161	0.05375	0.03546	0.01202	0.01688	0.01328	0.06014	0.04673	0.00601	0.00560	0.00163	0.02065	0.02036	0.00292	0.00762
75	0.01349	0.20977	0.25556	0.01615	0.17217	0.07983	0.01360	0.07745	0.08306	0.01707	0.01018	0.01152	0.00800	0.00510	0.00464	0.00148	0.00654	0.00397	0.00285	0.00757
76	0.01189	0.01087	0.02059	0.06676	0.12344	0.01080	0.33340	0.01505	0.01176	0.07954	0.04994	0.07904	0.01364	0.00885	0.05786	0.00223	0.05152	0.04286	0.00333	0.00661
77	0.13754	0.01229	0.03276	0.01460	0.16360	0.10684	0.03882	0.05608	0.07276	0.15905	0.05500	0.01963	0.01366	0.00675	0.00516	0.00167	0.00555	0.08699	0.00414	0.00712
78	0.01318	0.04087	0.21130	0.01383	0.01848	0.07173	0.20549	0.05190	0.04201	0.10988	0.08957	0.01846	0.06454	0.01838	0.00577	0.00169	0.00653	0.00573	0.00365	0.00702
79	0.01198	0.09527	0.32142	0.06113	0.13581	0.05537	0.12082	0.01648	0.03672	0.03096	0.03622	0.03432	0.00965	0.00541	0.00510	0.00160	0.00699	0.00478	0.00273	0.00725
80	0.00774	0.00520	0.00651	0.00684	0.00795	0.00472	0.00496	0.00924	0.01181	0.06240	0.18995	0.37718	0.20178	0.01347	0.00629	0.00190	0.00297	0.04677	0.02759	0.00473
81	0.10079	0.01188	0.01772	0.14249	0.48622	0.04564	0.01362	0.02713	0.01188	0.06033	0.02755	0.01328	0.00891	0.00504	0.00497	0.00158	0.00602	0.00454	0.00294	0.00748
82	0.03300	0.07307	0.19781	0.03098	0.09940	0.02353	0.04678	0.02559	0.09004	0.01722	0.13577	0.08132	0.10855	0.00781	0.00536	0.00166	0.00519	0.00670	0.00372	0.00652
83	0.00875	0.07478	0.00961	0.00913	0.06023	0.02810	0.00642	0.01033	0.01021	0.01403	0.02134	0.23579	0.07594	0.07919	0.14090	0.00314	0.02122	0.07161	0.11440	0.00491
84	0.01158	0.01463	0.16457	0.08559	0.36232	0.01181	0.17186	0.01540	0.01168	0.01635	0.01266	0.01613	0.05093	0.00542	0.00544	0.00166	0.00684	0.02506	0.00268	0.00739
85	0.04408	0.01097	0.10712	0.03742	0.05023	0.04497	0.04588	0.01559	0.06748	0.15398	0.07876	0.12783	0.12231	0.00905	0.00566	0.00177	0.00486	0.06121	0.00443	0.00640
86	0.03815	0.08821	0.18022	0.08169	0.11405	0.07122	0.06456	0.05162	0.01196	0.02989	0.02498	0.05285	0.04178	0.02251	0.00622	0.00175	0.04718	0.06147	0.00307	0.00662
87	0.00825	0.01118	0.21168	0.01035	0.04538	0.00714	0.00933	0.03068	0.01137	0.01577	0.11056	0.38265	0.05982	0.01224	0.02418	0.00204	0.00467	0.03305	0.00412	0.00554
88	0.05165	0.09093	0.18047	0.04160	0.20091	0.03268	0.07765	0.06331	0.03307	0.11322	0.05582	0.01416	0.01071	0.00545	0.00500	0.00157	0.00616	0.00470	0.00339	0.00755
89	0.02732	0.01218	0.01428	0.04971	0.01491	0.13609	0.07372	0.02997	0.08172	0.03221	0.01346	0.04645	0.04855	0.03860	0.09810	0.00271	0.26543	0.00554	0.00314	0.00592
90	0.01020	0.04656	0.00942	0.00896	0.03924	0.02219	0.00635	0.05283	0.01157	0.10582	0.06734	0.42391	0.02536	0.03550	0.10666	0.00277	0.00511	0.01025	0.00454	0.00541
91	0.01295	0.01202	0.02166	0.10686	0.49038	0.01200	0.16742	0.01627	0.01205	0.06258	0.02827	0.01411	0.00926	0.00489	0.00539	0.00161	0.00660	0.00509	0.00287	0.00771
92	0.01189	0.05478	0.08739	0.01144	0.01468	0.03982	0.12478	0.06955	0.10948	0.07549	0.10656	0.10534	0.06506	0.01015	0.05275	0.00212	0.00581	0.04217	0.00421	0.00651
93	0.01294	0.20027	0.03117	0.01094	0.01362	0.24737	0.06438	0.01471	0.01213	0.01375	0.06403	0.12615	0.07733	0.00842	0.01551	0.00165	0.04954	0.02706	0.00327	0.00577
94	0.01263	0.01207	0.01980	0.05087	0.69234	0.02963	0.01500	0.01565	0.01198	0.01705	0.04326	0.01413	0.01008	0.00497	0.00515	0.00154	0.00602	0.00482	0.02510	0.00790
95	0.01340	0.37605	0.29131	0.02792	0.01808	0.06771	0.05774	0.03547	0.01161	0.04403	0.00890	0.01025	0.00702	0.00482	0.00431	0.00140	0.00674	0.00357	0.00251	0.00713
96	0.05770	0.01357	0.12811	0.19630	0.32632	0.01194	0.09781	0.02724	0.01168	0.05464	0.01990	0.01329	0.00830	0.00498	0.00516	0.00163	0.00660	0.00468	0.00278	0.00735
97	0.13115	0.00885	0.01104	0.00888	0.01241	0.00829	0.00732	0.05878	0.01439	0.54045	0.08095	0.02041	0.01571	0.00704	0.00516	0.00166	0.00430	0.04956	0.00580	0.00787
98	0.01116	0.18049	0.28045	0.04778	0.08050	0.01239	0.05752	0.01462	0.01078	0.03530	0.01303	0.01561	0.05936	0.03904	0.06680	0.00219	0.02688	0.00471	0.03473	0.00666
99	0.01143	0.06098	0.18276	0.25128	0.23520	0.01205	0.02828	0.01580	0.05408	0.03375	0.05627	0.01456	0.01038	0.00539	0.00511	0.00162	0.00637	0.00476	0.00283	0.00711
100	0.01086	0.00769	0.01064	0.01256	0.16872	0.00746	0.00777	0.05263	0.03291	0.11007	0.09000	0.20136	0.15031	0.04985	0.04403	0.00224	0.00456	0.02578	0.00450	0.00604
101	0.03421	0.03507	0.13513	0.28808	0.09196	0.01254	0.24912	0.01603	0.05671	0.01590	0.01032	0.01346	0.00779	0.00495	0.00536	0.00170	0.00728	0.00497	0.00262	0.00683
102	0.09593	0.10015	0.12033	0.07105	0.20661	0.07703	0.01167	0.03616	0.06370	0.03052	0.01278	0.10965	0.01169	0.00667	0.00495	0.00162	0.00583	0.02360	0.00320	0.00685
103	0.04035	0.06716	0.05377	0.21149	0.12107	0.11550	0.10853	0.07502	0.04446	0.08455	0.01116	0.02458	0.00857	0.00540	0.00508	0.00160	0.00677	0.00470	0.00320	0.00702
104	0.00844	0.00660	0.00892	0.00850	0.01002	0.00640	0.06054	0.08608	0.01236	0.01633	0.06433	0.36763	0.18852	0.01395	0.03668	0.00217	0.00414	0.06604	0.02731	0.00505
105	0.01351	0.04635	0.16055	0.05127	0.05375	0.04173	0.12569	0.07770	0.05551	0.11979	0.01561	0.04360	0.05843	0.00673	0.00620	0.00170	0.06499	0.02252	0.02730	0.00709
106	0.01380	0.08130	0.16008	0.05437	0.14934	0.07184	0.12561	0.09935	0.07603	0.05425	0.03242	0.01421	0.00991	0.00556	0.00534	0.00160	0.01862	0.01561	0.00329	0.00747
107	0.06609	0.09164	0.01248	0.04304	0.10861	0.04356	0.00822	0.02777	0.06532	0.06168	0.04384	0.30968	0.02014	0.00996	0.00604	0.00179	0.04250	0.02764	0.00403	0.00597
108	0.01235	0.01761	0.24698	0.01677	0.06339	0.08860	0.26412	0.01745	0.08294	0.03715	0.01332	0.02534	0.04364	0.00647	0.02548	0.00185	0.02106	0.00536	0.00298	0.00712
109	0.01479	0.14694	0.16449	0.08773	0.12669	0.01289	0.02242	0.05374	0.12351	0.17629	0.01325	0.01382	0.00965	0.00552	0.00488	0.00156	0.00579	0.00451	0.00374	0.00779
110	0.03255	0.03043	0.17689	0.13502	0.20526	0.06838	0.16099	0.05622	0.01250	0.05732	0.01025	0.01268	0.00773	0.00497	0.00521	0.00162	0.00716	0.00464	0.00283	0.00736
111	0.00820	0.00667	0.02220	0.00831	0.04532	0.00622	0.00589	0.04651	0.07055	0.01610	0.07181	0.28979	0.25264	0.03917	0.00670	0.00195	0.00343	0.03859	0.05482	0.00512
112	0.01531	0.18786	0.25856	0.01232	0.02883	0.02793	0.05196	0.07847	0.06151	0.19394	0.01285	0.01367	0.00935	0.00557	0.00482	0.00154	0.00613	0.01794	0.00370	0.00776
113	0.05180	0.01329	0.08556	0.05728	0.05129	0.07122	0.06110	0.18275	0.05601	0.19822	0.04954	0.01721	0.04810	0.02620	0.00574	0.00170	0.00572	0.00529	0.00444	0.00752
114	0.01132	0.02969	0.01058	0.01011	0.05685	0.00901	0.00728	0.21864	0.04014	0.03006	0.06172	0.29876	0.08616	0.01238	0.04457	0.00213	0.00461	0.03849	0.02140	0.00611
115	0.01242	0.01478	0.13262	0.23831	0.30526	0.07963	0.03875	0.03672	0.06074	0.01627	0.01026	0.01303	0.00801	0.00509	0.00514	0.00162	0.00683	0.00454	0.00270	0.00728
116	0.01408	0.11630	0.24099	0.01231	0.05608	0.01140	0.04015	0.05536	0.04193	0.19221	0.06741	0.03049	0.05485	0.00648	0.00535	0.00159	0.02521	0.00527	0.01513	0.00740
117	0.01231	0.01649	0.22993	0.11535	0.13151	0.05555	0.17029	0.06098	0.04253	0.03470	0.01283	0.01604	0.03820	0.00571	0.00541	0.00168	0.00707	0.03326	0.00298	0.00719
118	0.00857	0.00657	0.02814	0.00748	0.02055	0.00596	0.00590	0.03634	0.03405	0.03794	0.18457	0.07624	0.24687	0.01307	0.06531	0.00224	0.00409	0.09834	0.11263	0.00515
119	0.04500	0.03093	0.16728	0.03782	0.15666	0.06251	0.15684	0.10411	0.08716	0.01882	0.03103	0.04428	0.01043	0.00580	0.00545	0.00165	0.01840	0.00523	0.00326	0.00737
120	0.05158	0.07360	0.29620	0.04790	0.06138	0.05544	0.13875	0.12255	0.03404	0.01873	0.02933	0.01249	0.00853	0.00530	0.00528	0.00161	0.02250	0.00448	0.00297	0.00735
121	0.00722	0.02717	0.00716	0.03760	0.00892	0.00554	0.00532	0.00888	0.03106	0.01383	0.02948	0.41633	0.17958	0.05062	0.07721	0.00263	0.00426	0.02815	0.05452	0.00454
122	0.03238	0.09747	0.30985	0.01561	0.09392	0.13318	0.08993	0.06598	0.05876	0.01703	0.01051	0.03338	0.00836	0.00540	0.00494	0.00156	0.00716	0.00443	0.00283	0.00730

[dist]
# distance from previous block
# <min> <max>
1	5

[block]
# block no. 4 follows, 47 sequences, length 9
# corresponding to MSA columns:
# 545-553
name=unknown_E
#
# <colnr> <probs for GDERKNQSTAVLIFYWHMCP>
#	G	D	E	R	K	N	Q	S	T	A	V	L	I	F	Y	W	H	M	C	P
0	0.05393	0.12612	0.17763	0.05384	0.08972	0.03107	0.01090	0.01621	0.05674	0.06219	0.04102	0.01275	0.00966	0.00501	0.00446	0.00133	0.00543	0.00397	0.00312	0.23490
1	0.00893	0.00675	0.02959	0.00894	0.05678	0.00597	0.00646	0.01140	0.04609	0.07950	0.20613	0.23426	0.18783	0.01192	0.00616	0.00185	0.00346	0.07761	0.00498	0.00537
2	0.03630	0.19244	0.15800	0.04135	0.09384	0.01357	0.10430	0.04685	0.08457	0.07617	0.05042	0.01477	0.03016	0.00573	0.00523	0.00156	0.02940	0.00478	0.00331	0.00723
3	0.01453	0.06128	0.17312	0.03269	0.08552	0.06529	0.03029	0.09046	0.08792	0.15506	0.06005	0.01734	0.05806	0.00644	0.00537	0.00160	0.02232	0.00521	0.02002	0.00743
4	0.01151	0.01265	0.12162	0.17087	0.20087	0.01115	0.11745	0.06031	0.01215	0.04014	0.05734	0.07645	0.01250	0.00781	0.04085	0.00200	0.02850	0.00586	0.00312	0.00685
5	0.01097	0.00836	0.00995	0.04468	0.03713	0.07543	0.04026	0.02938	0.01250	0.12113	0.07667	0.22664	0.19662	0.01113	0.00602	0.00183	0.00440	0.07667	0.00465	0.00558
6	0.01372	0.17159	0.07513	0.06956	0.20635	0.03282	0.04498	0.06437	0.05258	0.08892	0.02468	0.03602	0.03090	0.00602	0.00572	0.00158	0.05958	0.00490	0.00330	0.00728
7	0.01333	0.08026	0.24633	0.01618	0.12562	0.03621	0.10234	0.08277	0.04511	0.06971	0.01103	0.01285	0.00841	0.00631	0.02460	0.00179	0.07446	0.00452	0.03075	0.00744
8	0.03554	0.00868	0.04475	0.01142	0.11177	0.00814	0.00793	0.02687	0.10483	0.10414	0.06601	0.15386	0.12257	0.08102	0.02670	0.00225	0.02840	0.04463	0.00440	0.00609

[dist]
# distance from previous block
# <min> <max>
36	42

[block]
# block no. 5 follows, 47 sequences, length 44
# corresponding to MSA columns:
# 604-647
name=unknown_F
#
# <colnr> <probs for GDERKNQSTAVLIFYWHMCP>
#	G	D	E	R	K	N	Q	S	T	A	V	L	I	F	Y	W	H	M	C	P
0	0.00958	0.06622	0.29880	0.03208	0.01526	0.00990	0.01137	0.01333	0.03191	0.01621	0.14383	0.04415	0.10024	0.02708	0.00666	0.00174	0.06460	0.03540	0.00343	0.06821
1	0.00938	0.00730	0.00768	0.00767	0.00860	0.07084	0.00548	0.03026	0.01078	0.04422	0.06779	0.19814	0.08156	0.28036	0.01325	0.00296	0.02829	0.09789	0.02305	0.00451
2	0.04770	0.15509	0.24815	0.03275	0.04020	0.05997	0.11290	0.05417	0.08777	0.03465	0.01045	0.01196	0.00803	0.00531	0.00542	0.00157	0.04870	0.00424	0.00292	0.02806
3	0.27023	0.24754	0.21874	0.00977	0.01444	0.01388	0.01029	0.04518	0.01089	0.04341	0.01096	0.03517	0.03944	0.00555	0.00408	0.00150	0.00543	0.00393	0.00297	0.00662
4	0.01643	0.05340	0.01446	0.01109	0.01481	0.05243	0.00900	0.37960	0.28222	0.02579	0.01479	0.01441	0.01099	0.00622	0.00502	0.00154	0.00520	0.00482	0.00481	0.07297
5	0.01196	0.48133	0.06420	0.01026	0.05394	0.01541	0.00901	0.01492	0.07048	0.01409	0.03888	0.12543	0.02776	0.00710	0.00444	0.00144	0.00507	0.03473	0.00311	0.00643
6	0.05799	0.08804	0.53224	0.01340	0.01989	0.01240	0.05263	0.04591	0.01162	0.03816	0.02806	0.01169	0.00796	0.00504	0.00476	0.00155	0.00686	0.00398	0.00265	0.05516
7	0.01110	0.08924	0.41429	0.01581	0.07802	0.01217	0.14804	0.01552	0.02909	0.01547	0.00978	0.01238	0.00760	0.00704	0.02762	0.08576	0.00736	0.00438	0.00240	0.00692
8	0.00634	0.00453	0.00604	0.00725	0.00755	0.00423	0.00483	0.00725	0.00997	0.01329	0.02870	0.81358	0.03444	0.01632	0.00665	0.00211	0.00302	0.01480	0.00483	0.00423
9	0.01196	0.05505	0.25991	0.08943	0.08599	0.04793	0.13778	0.02590	0.01153	0.05595	0.01209	0.07331	0.01044	0.00647	0.00616	0.00173	0.06096	0.03760	0.00291	0.00689
10	0.01372	0.13701	0.20446	0.07660	0.07781	0.07630	0.07329	0.13107	0.04442	0.03878	0.01121	0.03239	0.00907	0.00581	0.00528	0.00159	0.02615	0.02463	0.00315	0.00727
11	0.01069	0.03211	0.13315	0.07214	0.03444	0.05504	0.03953	0.03529	0.06023	0.03603	0.04568	0.13681	0.01718	0.01058	0.00812	0.13838	0.00548	0.11996	0.00359	0.00559
12	0.00924	0.04105	0.01272	0.04331	0.08770	0.00797	0.10674	0.03298	0.01124	0.03224	0.04313	0.28268	0.10143	0.03251	0.09156	0.00263	0.00571	0.04575	0.00393	0.00547
13	0.01416	0.09033	0.18652	0.05845	0.03749	0.03410	0.13556	0.10765	0.07392	0.11211	0.03171	0.02292	0.01007	0.00587	0.00590	0.00165	0.05569	0.00492	0.00355	0.00744
14	0.01498	0.05767	0.06255	0.06391	0.13049	0.26134	0.18659	0.08575	0.01373	0.01635	0.01056	0.01271	0.02837	0.00535	0.00548	0.00155	0.02824	0.00462	0.00286	0.00690
15	0.00891	0.00686	0.00908	0.00836	0.00904	0.00777	0.02615	0.05824	0.00916	0.01274	0.01459	0.05764	0.01545	0.39402	0.23023	0.00515	0.11237	0.00671	0.00313	0.00441
16	0.03660	0.11905	0.26264	0.01578	0.08458	0.03613	0.15893	0.05816	0.01236	0.10914	0.01064	0.01221	0.00787	0.00523	0.00562	0.00161	0.04851	0.00443	0.00304	0.00748
17	0.03812	0.09582	0.19992	0.11004	0.09265	0.01275	0.10660	0.11572	0.01323	0.08833	0.01129	0.01395	0.00863	0.00540	0.00503	0.00158	0.00647	0.02909	0.00324	0.04212
18	0.01139	0.01128	0.06662	0.28893	0.07511	0.01155	0.06482	0.06848	0.16962	0.02776	0.03850	0.01833	0.06907	0.00737	0.02779	0.00191	0.02557	0.00560	0.00352	0.00676
19	0.00874	0.00720	0.01039	0.00994	0.03664	0.00703	0.08363	0.03222	0.08129	0.01764	0.23534	0.16523	0.13273	0.01129	0.00628	0.00188	0.00399	0.13826	0.00483	0.00544
20	0.04222	0.05768	0.12605	0.07983	0.09598	0.03283	0.06152	0.13958	0.04679	0.13336	0.01510	0.08004	0.03058	0.00681	0.00525	0.00166	0.00581	0.02765	0.00394	0.00732
21	0.03366	0.03930	0.20798	0.09307	0.01997	0.03519	0.13783	0.07894	0.11103	0.08213	0.02461	0.05938	0.02021	0.00631	0.00560	0.00170	0.02685	0.00548	0.00355	0.00720
22	0.01092	0.01054	0.05650	0.04304	0.23518	0.05116	0.05004	0.01337	0.01105	0.04664	0.01576	0.13813	0.01563	0.03231	0.12053	0.00284	0.03864	0.09815	0.00335	0.00622
23	0.02765	0.03564	0.27756	0.14965	0.06323	0.05653	0.14098	0.06638	0.06110	0.03491	0.01169	0.01366	0.02692	0.00535	0.00520	0.00165	0.00710	0.00473	0.00292	0.00719
24	0.03930	0.06958	0.05266	0.07141	0.11225	0.09653	0.11952	0.11402	0.12502	0.06998	0.01344	0.05176	0.01093	0.00619	0.00521	0.00163	0.00626	0.02331	0.00371	0.00730
25	0.01181	0.12511	0.14764	0.14574	0.21998	0.03123	0.14859	0.01528	0.01125	0.01521	0.01027	0.05354	0.00877	0.00545	0.00545	0.00162	0.02850	0.00502	0.00255	0.00700
26	0.00979	0.02688	0.09017	0.08757	0.01394	0.02546	0.05061	0.02988	0.01166	0.08719	0.02768	0.28631	0.21032	0.01092	0.00590	0.00182	0.00452	0.00957	0.00425	0.00558
27	0.01407	0.11405	0.11921	0.06817	0.01659	0.04920	0.04756	0.17761	0.06152	0.09075	0.06550	0.06139	0.05538	0.00703	0.00550	0.00161	0.02806	0.00569	0.00401	0.00710
28	0.03662	0.19892	0.18178	0.07688	0.10037	0.01394	0.08610	0.10025	0.02685	0.08706	0.03615	0.01290	0.00932	0.00527	0.00480	0.00152	0.00625	0.00439	0.00322	0.00740
29	0.00984	0.00863	0.04492	0.01128	0.10397	0.05537	0.02029	0.01196	0.02917	0.04555	0.03807	0.34211	0.02173	0.05066	0.02719	0.00213	0.03401	0.02257	0.11513	0.00543
30	0.03541	0.01787	0.30793	0.07607	0.22324	0.03028	0.14823	0.01631	0.03220	0.01676	0.03041	0.01310	0.00865	0.00505	0.00537	0.00165	0.01679	0.00469	0.00260	0.00741
31	0.04753	0.03310	0.11786	0.27218	0.06897	0.07142	0.04339	0.06433	0.03508	0.11919	0.01267	0.03394	0.02747	0.00593	0.00538	0.00166	0.02480	0.00490	0.00334	0.00688
32	0.01235	0.07251	0.29938	0.09276	0.12858	0.04906	0.17629	0.03548	0.01183	0.03490	0.00973	0.01215	0.00737	0.00499	0.00551	0.00163	0.03112	0.00451	0.00256	0.00730
33	0.02748	0.00679	0.00957	0.01050	0.07401	0.00709	0.02818	0.04784	0.02228	0.01490	0.02194	0.30769	0.06259	0.04042	0.19957	0.00363	0.02586	0.08053	0.00397	0.00514
34	0.03771	0.08463	0.12781	0.04927	0.03675	0.07180	0.08877	0.09904	0.07178	0.17937	0.06240	0.01672	0.01256	0.00619	0.00515	0.00161	0.00598	0.03096	0.00408	0.00741
35	0.01297	0.16813	0.18356	0.12968	0.13105	0.01407	0.08028	0.10085	0.06316	0.03030	0.01043	0.01229	0.00802	0.00508	0.00485	0.00153	0.00645	0.00431	0.00295	0.03006
36	0.00897	0.00743	0.04956	0.04162	0.03257	0.00648	0.02324	0.02130	0.06529	0.07170	0.10324	0.38497	0.13881	0.01215	0.00611	0.00188	0.00374	0.01078	0.00473	0.00542
37	0.04360	0.10116	0.21470	0.03744	0.17827	0.06817	0.11804	0.04347	0.02243	0.05755	0.01083	0.03157	0.00857	0.00526	0.00494	0.00156	0.00668	0.00460	0.03389	0.00729
38	0.08308	0.09816	0.10194	0.07506	0.15766	0.03106	0.10698	0.04589	0.07462	0.07888	0.03085	0.03630	0.03282	0.00583	0.00499	0.00160	0.00591	0.00509	0.01615	0.00714
39	0.01353	0.13263	0.25259	0.07138	0.11341	0.07941	0.08890	0.07792	0.03824	0.05332	0.02444	0.01245	0.00854	0.00519	0.00493	0.00155	0.00688	0.00434	0.00295	0.00739
40	0.05922	0.03080	0.04714	0.00895	0.01114	0.02820	0.04745	0.11473	0.01285	0.02660	0.05611	0.27670	0.15328	0.01077	0.00596	0.00179	0.02343	0.02526	0.05404	0.00557
41	0.13027	0.05713	0.11581	0.06329	0.09976	0.07092	0.07848	0.15911	0.08890	0.03904	0.02952	0.01312	0.00939	0.00598	0.01600	0.00169	0.00625	0.00450	0.00353	0.00731
