[name]
unknown

[dist]
# distance from previous block
# <min> <max>
0	92

[block]
# block no. 0 follows, 51 sequences, length 20
# corresponding to MSA columns:
# 117-136
name=unknown_A
#
# <colnr> <probs for GDERKNQSTAVLIFYWHMCP>
#	G	D	E	R	K	N	Q	S	T	A	V	L	I	F	Y	W	H	M	C	P
0	0.10176	0.00927	0.05333	0.06348	0.01295	0.00902	0.02200	0.12935	0.10617	0.06621	0.12578	0.11775	0.02708	0.02057	0.03176	0.00190	0.00457	0.06375	0.00425	0.02907
1	0.08809	0.01050	0.02401	0.14916	0.01694	0.06606	0.07852	0.07272	0.08769	0.10359	0.03084	0.06706	0.01137	0.00718	0.03205	0.00173	0.02731	0.01896	0.00359	0.10262
2	0.06697	0.01146	0.01609	0.25340	0.06925	0.09881	0.15414	0.04494	0.01164	0.09423	0.01069	0.01417	0.00835	0.00515	0.00487	0.00150	0.00626	0.03770	0.00302	0.08736
3	0.02823	0.00963	0.01449	0.14147	0.31803	0.04421	0.03661	0.01365	0.01088	0.07908	0.01410	0.18489	0.01358	0.00717	0.00515	0.00160	0.00523	0.02690	0.00324	0.04187
4	0.00938	0.00795	0.01176	0.15744	0.18312	0.00843	0.00922	0.05833	0.03614	0.01611	0.15520	0.21277	0.02135	0.00874	0.00578	0.00167	0.03034	0.03470	0.00374	0.02783
5	0.15576	0.07896	0.01313	0.03349	0.01366	0.06085	0.05680	0.06335	0.13274	0.14972	0.01245	0.01347	0.00944	0.00528	0.00431	0.00137	0.00477	0.02371	0.00381	0.16293
6	0.20003	0.01237	0.01524	0.01197	0.01553	0.07529	0.18367	0.19461	0.13036	0.06067	0.04422	0.01333	0.01010	0.00544	0.00472	0.00154	0.00557	0.00464	0.00385	0.00685
7	0.00694	0.00518	0.00752	0.00755	0.00838	0.00589	0.00576	0.00852	0.00804	0.01139	0.01540	0.04786	0.04775	0.09134	0.69053	0.00721	0.01176	0.00591	0.00281	0.00426
8	0.04104	0.01115	0.03541	0.01042	0.01315	0.01249	0.00850	0.09285	0.52188	0.06789	0.01672	0.01609	0.01255	0.00668	0.00633	0.00169	0.10804	0.00510	0.00454	0.00746
9	0.07207	0.00873	0.01223	0.00934	0.01316	0.00777	0.05421	0.02288	0.01357	0.70524	0.01805	0.01599	0.01146	0.00587	0.00488	0.00153	0.00441	0.00486	0.00568	0.00807
10	0.01129	0.00956	0.01104	0.00834	0.01221	0.00859	0.00670	0.08839	0.10517	0.01776	0.01025	0.01136	0.00827	0.00452	0.00468	0.00100	0.05297	0.00346	0.00331	0.62113
11	0.01282	0.00979	0.03931	0.09338	0.22904	0.00975	0.03615	0.01605	0.06034	0.18573	0.14168	0.01812	0.02903	0.00645	0.00625	0.00160	0.08843	0.00544	0.00385	0.00680
12	0.01576	0.08055	0.13094	0.05225	0.06340	0.03666	0.03104	0.16518	0.01403	0.25623	0.01483	0.01489	0.05615	0.00592	0.00527	0.00151	0.03932	0.00466	0.00405	0.00734
13	0.00823	0.00586	0.00851	0.00783	0.00918	0.00540	0.08346	0.00959	0.01037	0.07919	0.08941	0.29756	0.16484	0.16095	0.00943	0.00234	0.00381	0.03523	0.00426	0.00454
14	0.00724	0.00492	0.00611	0.00662	0.00750	0.00454	0.00467	0.00856	0.02661	0.06045	0.05199	0.48926	0.18592	0.06868	0.00735	0.00208	0.00307	0.04551	0.00458	0.00434
15	0.03291	0.12753	0.10495	0.01375	0.07500	0.25615	0.08660	0.10993	0.03637	0.06330	0.00951	0.01075	0.00738	0.00511	0.00502	0.00142	0.04074	0.00386	0.00298	0.00673
16	0.01136	0.28283	0.51909	0.01204	0.01818	0.01399	0.01461	0.03311	0.01062	0.03029	0.00846	0.00974	0.00642	0.00458	0.00419	0.00139	0.00651	0.00335	0.00223	0.00700
17	0.00911	0.00565	0.00708	0.00671	0.00803	0.00539	0.00504	0.01043	0.01091	0.12786	0.16973	0.07645	0.21002	0.16470	0.04609	0.02039	0.03123	0.07608	0.00442	0.00467
18	0.03811	0.00879	0.01185	0.02957	0.01327	0.00786	0.05496	0.04486	0.05051	0.38788	0.06263	0.03476	0.01292	0.00577	0.00471	0.00136	0.00424	0.00489	0.00473	0.21634
19	0.08281	0.10487	0.09470	0.21944	0.02205	0.02498	0.21288	0.01523	0.03529	0.06275	0.02121	0.01238	0.00782	0.00502	0.00549	0.00158	0.05809	0.00445	0.00269	0.00626

[dist]
# distance from previous block
# <min> <max>
7	13

[block]
# block no. 1 follows, 51 sequences, length 19
# corresponding to MSA columns:
# 150-168
name=unknown_B
#
# <colnr> <probs for GDERKNQSTAVLIFYWHMCP>
#	G	D	E	R	K	N	Q	S	T	A	V	L	I	F	Y	W	H	M	C	P
0	0.09348	0.16799	0.22614	0.10264	0.05155	0.01197	0.01102	0.04141	0.03344	0.04051	0.01039	0.02656	0.00899	0.08806	0.00676	0.00182	0.03108	0.02469	0.00273	0.01878
1	0.04437	0.01180	0.12292	0.10879	0.10885	0.02666	0.03171	0.01564	0.10559	0.09459	0.01336	0.04206	0.03002	0.00850	0.05578	0.00208	0.13574	0.03191	0.00323	0.00640
2	0.04400	0.01103	0.03793	0.37625	0.25059	0.02734	0.07923	0.05754	0.01118	0.01545	0.00907	0.01231	0.00705	0.00469	0.00484	0.00153	0.00628	0.00434	0.00250	0.03683
3	0.05576	0.01069	0.01403	0.13479	0.12887	0.01124	0.03458	0.21399	0.09977	0.10732	0.02387	0.01382	0.01992	0.00540	0.00473	0.00145	0.00506	0.00452	0.00388	0.10629
4	0.04008	0.01150	0.01741	0.12299	0.23001	0.07089	0.15943	0.01587	0.01140	0.11480	0.01031	0.01236	0.00784	0.00455	0.00476	0.00139	0.00599	0.00433	0.00298	0.15109
5	0.01136	0.01120	0.04236	0.23965	0.16119	0.01164	0.13507	0.04467	0.22207	0.01677	0.01219	0.01412	0.00930	0.00514	0.00501	0.00157	0.00584	0.00484	0.00317	0.04285
6	0.00595	0.00498	0.00517	0.00512	0.00672	0.00421	0.00384	0.00732	0.01153	0.01406	0.14006	0.04601	0.70388	0.01215	0.00581	0.00165	0.00247	0.01019	0.00467	0.00421
7	0.01713	0.00829	0.01149	0.00920	0.01241	0.00770	0.05288	0.05948	0.05175	0.48767	0.05065	0.02144	0.07767	0.00930	0.06571	0.00206	0.00496	0.03767	0.00528	0.00728
8	0.04334	0.44415	0.20245	0.01047	0.01512	0.03024	0.03365	0.06506	0.01110	0.05674	0.00838	0.00949	0.00674	0.00474	0.00436	0.00131	0.04013	0.00328	0.00255	0.00670
9	0.00955	0.00901	0.01523	0.74166	0.10555	0.01099	0.01378	0.01279	0.00995	0.01288	0.00878	0.01301	0.00667	0.00486	0.00491	0.00162	0.00648	0.00437	0.00221	0.00568
10	0.01044	0.05178	0.54536	0.01529	0.02146	0.01217	0.19393	0.01534	0.01047	0.01523	0.00886	0.01097	0.00653	0.00477	0.00557	0.00160	0.05695	0.00414	0.00218	0.00696
11	0.04491	0.42967	0.01949	0.00950	0.01331	0.04492	0.00848	0.21747	0.13540	0.01845	0.01023	0.01059	0.00817	0.00508	0.00395	0.00128	0.00516	0.00358	0.00334	0.00702
12	0.01158	0.29951	0.42066	0.01327	0.06433	0.05094	0.04638	0.01544	0.01051	0.01407	0.00816	0.00968	0.00640	0.00449	0.00420	0.00137	0.00661	0.00340	0.00214	0.00687
13	0.00702	0.00527	0.00790	0.00790	0.00878	0.00614	0.00614	0.00878	0.00790	0.01141	0.01316	0.01931	0.01229	0.03686	0.80782	0.00790	0.01316	0.00527	0.00263	0.00439
14	0.01087	0.01086	0.01913	0.32171	0.10614	0.01244	0.21613	0.04315	0.01047	0.01432	0.00874	0.01250	0.00697	0.00547	0.00752	0.00173	0.17863	0.00474	0.00239	0.00611
15	0.01328	0.01171	0.04469	0.10677	0.22679	0.07115	0.17943	0.01615	0.01173	0.15455	0.01299	0.05939	0.01077	0.00591	0.00524	0.00160	0.00620	0.05154	0.00330	0.00680
16	0.01006	0.00987	0.01744	0.55386	0.12530	0.01149	0.12287	0.01328	0.01010	0.01340	0.00882	0.01286	0.00683	0.00497	0.00575	0.00165	0.05872	0.00457	0.00226	0.00591
17	0.01045	0.00898	0.01534	0.70207	0.03163	0.01071	0.05985	0.01367	0.01028	0.07608	0.00967	0.01340	0.00706	0.00496	0.00497	0.00163	0.00647	0.00450	0.00252	0.00576
18	0.00789	0.00643	0.00963	0.29087	0.01674	0.00721	0.02295	0.00953	0.00906	0.01189	0.01627	0.19330	0.01753	0.25771	0.01172	0.00273	0.02140	0.07966	0.00315	0.00433

[dist]
# distance from previous block
# <min> <max>
8	45

[block]
# block no. 2 follows, 51 sequences, length 34
# corresponding to MSA columns:
# 233-266
name=unknown_C
#
# <colnr> <probs for GDERKNQSTAVLIFYWHMCP>
#	G	D	E	R	K	N	Q	S	T	A	V	L	I	F	Y	W	H	M	C	P
0	0.18635	0.07052	0.09783	0.03789	0.01401	0.03603	0.04461	0.17439	0.02923	0.09637	0.10112	0.04783	0.01349	0.00630	0.00461	0.00153	0.00493	0.02256	0.00389	0.00651
1	0.05849	0.01094	0.09887	0.53058	0.04272	0.01096	0.04000	0.04888	0.03072	0.04639	0.01000	0.03268	0.00767	0.00522	0.00485	0.00162	0.00621	0.00454	0.00265	0.00600
2	0.07924	0.01191	0.01304	0.01070	0.01407	0.01339	0.03932	0.33633	0.38156	0.02478	0.01521	0.01465	0.01122	0.00609	0.00485	0.00158	0.00469	0.00488	0.00472	0.00779
3	0.00703	0.00524	0.00776	0.00776	0.00860	0.00607	0.00598	0.00869	0.00786	0.01131	0.01329	0.01998	0.01258	0.07842	0.76666	0.00773	0.01272	0.00536	0.00265	0.00431
4	0.01341	0.00994	0.04222	0.19805	0.14702	0.00985	0.02741	0.05943	0.10704	0.19738	0.04118	0.01821	0.03706	0.00616	0.00506	0.00158	0.00512	0.04323	0.00394	0.02671
5	0.01159	0.43900	0.32751	0.01126	0.01654	0.01554	0.05112	0.01491	0.01025	0.01352	0.02513	0.00983	0.00722	0.00461	0.00423	0.00131	0.02426	0.00335	0.00219	0.00664
6	0.00801	0.00563	0.00709	0.05659	0.00929	0.00528	0.00522	0.00996	0.01260	0.08052	0.40728	0.03675	0.30015	0.01021	0.00589	0.00160	0.01948	0.00871	0.00490	0.00484
7	0.00828	0.00580	0.00814	0.03492	0.01087	0.00581	0.00793	0.01055	0.01139	0.03621	0.04137	0.05245	0.04460	0.01299	0.00663	0.00219	0.00449	0.68620	0.00451	0.00465
8	0.01086	0.01075	0.08410	0.50225	0.13838	0.01077	0.04283	0.03357	0.01076	0.06884	0.01023	0.03712	0.00794	0.00521	0.00496	0.00160	0.00627	0.00469	0.00263	0.00623
9	0.01052	0.10970	0.48850	0.11956	0.02030	0.01170	0.01475	0.01475	0.01026	0.05229	0.01020	0.06420	0.00830	0.00558	0.00511	0.00156	0.03920	0.00439	0.00245	0.00668
10	0.01290	0.01178	0.05398	0.15498	0.07072	0.03850	0.32140	0.01636	0.02755	0.15297	0.03255	0.01536	0.03773	0.00529	0.00556	0.00161	0.02554	0.00533	0.00324	0.00665
11	0.01318	0.05404	0.25160	0.03596	0.01647	0.04975	0.05800	0.09367	0.01247	0.15572	0.01377	0.03737	0.01147	0.00762	0.02948	0.00183	0.03716	0.11014	0.00355	0.00674
12	0.00610	0.00441	0.00578	0.00678	0.00720	0.00414	0.00462	0.00703	0.00949	0.01256	0.02790	0.70079	0.08419	0.03578	0.03178	0.00223	0.00325	0.03748	0.00446	0.00401
13	0.01184	0.04594	0.32136	0.09210	0.13842	0.06157	0.05921	0.05523	0.07784	0.03647	0.01037	0.02383	0.00798	0.00518	0.00515	0.00155	0.03190	0.00429	0.00273	0.00702
14	0.07320	0.01156	0.08719	0.32263	0.32910	0.01118	0.03685	0.01447	0.01051	0.04417	0.00924	0.01225	0.00715	0.00468	0.00476	0.00155	0.00610	0.00425	0.00249	0.00667
15	0.01025	0.09864	0.69307	0.01400	0.03546	0.01218	0.03942	0.01548	0.01039	0.01521	0.00868	0.01027	0.00630	0.00461	0.00457	0.00151	0.00708	0.00362	0.00210	0.00717
16	0.01075	0.02038	0.51793	0.04436	0.11040	0.01151	0.11511	0.01627	0.05840	0.03406	0.00994	0.01168	0.00725	0.00473	0.00487	0.00157	0.00693	0.00417	0.00245	0.00723
17	0.03846	0.06486	0.26407	0.14491	0.01930	0.02315	0.06991	0.04486	0.05055	0.10639	0.07006	0.01462	0.01094	0.02949	0.00568	0.00165	0.02673	0.00461	0.00316	0.00660
18	0.03799	0.06208	0.27266	0.29749	0.07983	0.03216	0.07417	0.01437	0.01038	0.03061	0.00956	0.03999	0.00757	0.00508	0.00477	0.00156	0.00659	0.00440	0.00239	0.00636
19	0.00705	0.00539	0.00653	0.00641	0.00766	0.00512	0.00473	0.00995	0.08241	0.01733	0.45133	0.17026	0.18516	0.01111	0.00581	0.00165	0.00258	0.00973	0.00507	0.00472
20	0.00890	0.00913	0.06558	0.44278	0.07381	0.00935	0.03875	0.01209	0.03035	0.01354	0.03160	0.15923	0.01354	0.00807	0.02551	0.00187	0.00586	0.04165	0.00289	0.00548
21	0.03569	0.01025	0.03289	0.37174	0.22230	0.01094	0.09210	0.03382	0.04212	0.03647	0.01082	0.05965	0.00895	0.00541	0.00502	0.00160	0.00607	0.00507	0.00273	0.00637
22	0.01233	0.01185	0.11949	0.05741	0.22032	0.03017	0.12703	0.01522	0.01129	0.15418	0.01475	0.12661	0.03334	0.00765	0.03434	0.00183	0.00598	0.00609	0.00339	0.00672
23	0.00627	0.00511	0.00595	0.00664	0.03568	0.00451	0.00466	0.00759	0.01090	0.01354	0.06755	0.22083	0.51487	0.01281	0.00595	0.00177	0.00283	0.06375	0.00451	0.00429
24	0.01462	0.03267	0.16271	0.01206	0.05553	0.02972	0.07463	0.03480	0.05865	0.28912	0.04261	0.07290	0.01281	0.01912	0.00604	0.00166	0.05448	0.01468	0.00412	0.00707
25	0.01132	0.12437	0.42447	0.01524	0.11209	0.01209	0.10148	0.03043	0.01099	0.05367	0.01086	0.03307	0.02815	0.00509	0.00471	0.00150	0.00652	0.00436	0.00255	0.00704
26	0.01172	0.01112	0.01887	0.07313	0.70206	0.01124	0.01453	0.01462	0.01112	0.01577	0.01031	0.01505	0.00906	0.00501	0.00499	0.00152	0.00579	0.05409	0.00256	0.00744
27	0.01506	0.01264	0.13462	0.05613	0.13820	0.02838	0.12105	0.06198	0.02275	0.27801	0.01412	0.02964	0.01055	0.00582	0.00512	0.00158	0.00578	0.04729	0.00392	0.00735
28	0.01245	0.03400	0.07912	0.14852	0.51500	0.04354	0.01419	0.01547	0.01118	0.06590	0.00966	0.01222	0.00766	0.00462	0.00480	0.00148	0.00606	0.00426	0.00260	0.00730
29	0.05560	0.12554	0.25545	0.02832	0.04216	0.03784	0.05590	0.16618	0.02962	0.14118	0.01096	0.01159	0.00785	0.00508	0.00455	0.00146	0.00596	0.00400	0.00342	0.00733
30	0.53761	0.03760	0.17416	0.02743	0.03339	0.01121	0.02370	0.01514	0.02964	0.03998	0.00853	0.01040	0.00664	0.00487	0.00371	0.00154	0.00480	0.02074	0.00293	0.00597
31	0.04589	0.12339	0.29376	0.06454	0.06570	0.01230	0.01214	0.07519	0.14947	0.03868	0.03045	0.01410	0.04264	0.00554	0.00459	0.00150	0.00558	0.00440	0.00317	0.00699
32	0.02372	0.07584	0.21586	0.00937	0.01227	0.05583	0.00902	0.01186	0.01038	0.05840	0.02988	0.38425	0.02006	0.01006	0.00534	0.00171	0.00471	0.03900	0.00365	0.01878
33	0.04228	0.05180	0.10470	0.04669	0.27296	0.02953	0.06333	0.01527	0.03231	0.08569	0.06536	0.01525	0.01121	0.00575	0.00595	0.00156	0.08455	0.03109	0.00306	0.03165

[dist]
# distance from previous block
# <min> <max>
2	41

[block]
# block no. 3 follows, 51 sequences, length 13
# corresponding to MSA columns:
# 308-320
name=unknown_D
#
# <colnr> <probs for GDERKNQSTAVLIFYWHMCP>
#	G	D	E	R	K	N	Q	S	T	A	V	L	I	F	Y	W	H	M	C	P
0	0.03040	0.02653	0.03197	0.00970	0.02843	0.00913	0.03530	0.14557	0.07651	0.22269	0.04778	0.14778	0.01501	0.00729	0.00519	0.00150	0.02119	0.00614	0.00454	0.12735
1	0.13157	0.01033	0.03068	0.01079	0.09732	0.00959	0.00789	0.11572	0.08416	0.13224	0.01150	0.01201	0.00860	0.00480	0.00419	0.00124	0.00432	0.00379	0.00377	0.31550
2	0.04569	0.01356	0.19421	0.14773	0.03527	0.01050	0.05634	0.10441	0.06318	0.12936	0.01137	0.01251	0.00819	0.00498	0.00464	0.00143	0.00558	0.00415	0.00339	0.14352
3	0.04307	0.01292	0.13222	0.14430	0.41325	0.01125	0.04000	0.03965	0.02664	0.05184	0.03174	0.01293	0.00870	0.00483	0.00484	0.00152	0.00594	0.00443	0.00274	0.00718
4	0.01085	0.01034	0.01758	0.38747	0.44958	0.01133	0.01443	0.01393	0.01057	0.01446	0.00901	0.01259	0.00722	0.00462	0.00489	0.00154	0.00616	0.00437	0.00232	0.00673
5	0.03461	0.01027	0.01712	0.35453	0.42948	0.01118	0.01393	0.01435	0.01065	0.04390	0.00934	0.01261	0.00737	0.00467	0.00484	0.00154	0.00602	0.00435	0.00248	0.00677
6	0.14365	0.01042	0.01443	0.46397	0.07600	0.06110	0.04844	0.04219	0.01060	0.04429	0.00889	0.01200	0.00674	0.00500	0.00500	0.00159	0.03308	0.00412	0.00261	0.00587
7	0.00971	0.00900	0.01421	0.69770	0.03077	0.01111	0.01279	0.01454	0.12358	0.01373	0.01038	0.01387	0.00779	0.00517	0.00493	0.00164	0.00616	0.00454	0.00260	0.00580
8	0.00830	0.00438	0.00643	0.00637	0.00654	0.00432	0.00432	0.00682	0.00750	0.01017	0.12340	0.01812	0.01407	0.01604	0.01725	0.73193	0.00398	0.00494	0.00261	0.00250
9	0.01266	0.71256	0.13924	0.00923	0.01388	0.01827	0.00983	0.01484	0.01004	0.01215	0.00712	0.00825	0.00629	0.00427	0.00337	0.00112	0.00555	0.00277	0.00210	0.00645
10	0.01107	0.02992	0.07506	0.01444	0.04251	0.01030	0.32844	0.01619	0.13880	0.06053	0.13896	0.04630	0.03231	0.00644	0.00549	0.00163	0.00577	0.02568	0.00369	0.00648
11	0.07242	0.01055	0.05781	0.00953	0.01291	0.01005	0.04788	0.12493	0.24518	0.12459	0.04186	0.01991	0.12643	0.00681	0.00491	0.00153	0.00430	0.00562	0.00449	0.06831
12	0.11744	0.06506	0.05304	0.00920	0.01296	0.00980	0.05560	0.10302	0.05931	0.15864	0.10223	0.01487	0.01291	0.00549	0.00443	0.00132	0.00440	0.00446	0.00401	0.20180

[dist]
# distance from previous block
# <min> <max>
5	91

[block]
# block no. 4 follows, 51 sequences, length 15
# corresponding to MSA columns:
# 462-476
name=unknown_E
#
# <colnr> <probs for GDERKNQSTAVLIFYWHMCP>
#	G	D	E	R	K	N	Q	S	T	A	V	L	I	F	Y	W	H	M	C	P
0	0.03192	0.01077	0.01401	0.03719	0.24040	0.01120	0.00983	0.21684	0.13410	0.04502	0.07062	0.03098	0.02629	0.00590	0.00485	0.00145	0.00475	0.00502	0.00395	0.09494
1	0.08705	0.01010	0.01400	0.04816	0.28861	0.00999	0.00993	0.08992	0.04584	0.14776	0.06075	0.01406	0.01096	0.00518	0.00460	0.00138	0.00473	0.00443	0.00369	0.13885
2	0.01075	0.01007	0.01678	0.47912	0.33171	0.01137	0.01405	0.04124	0.01084	0.01459	0.00904	0.01269	0.00710	0.00474	0.00489	0.00156	0.00623	0.00437	0.00238	0.00647
3	0.01044	0.00955	0.01522	0.61391	0.13151	0.01137	0.01322	0.06384	0.05528	0.01468	0.00964	0.01319	0.00731	0.00501	0.00491	0.00161	0.00623	0.00444	0.00256	0.00609
4	0.01854	0.01788	0.01440	0.01188	0.01522	0.35286	0.00941	0.45613	0.01919	0.02290	0.01001	0.01055	0.00749	0.00554	0.00471	0.00139	0.00688	0.00389	0.00390	0.00722
5	0.00928	0.00873	0.01474	0.81548	0.03385	0.01092	0.01365	0.01256	0.00983	0.01256	0.00873	0.01310	0.00655	0.00491	0.00491	0.00164	0.00655	0.00437	0.00218	0.00546
6	0.00854	0.00427	0.00640	0.00640	0.00640	0.00427	0.00427	0.00640	0.00640	0.00854	0.00854	0.01494	0.00854	0.01707	0.01921	0.85702	0.00427	0.00427	0.00213	0.00213
7	0.05684	0.73990	0.02415	0.00848	0.01261	0.01877	0.00831	0.06010	0.01068	0.01325	0.00713	0.00812	0.00638	0.00432	0.00325	0.00110	0.00519	0.00274	0.00232	0.00638
8	0.01169	0.01770	0.39701	0.01422	0.01987	0.01042	0.21825	0.01607	0.01139	0.11471	0.06177	0.01365	0.00999	0.00500	0.00502	0.00153	0.00661	0.00468	0.00296	0.05747
9	0.05866	0.01003	0.01097	0.00954	0.01256	0.01108	0.00753	0.02504	0.57921	0.18981	0.01918	0.01745	0.01388	0.00643	0.00489	0.00163	0.00395	0.00527	0.00513	0.00778
10	0.01164	0.00869	0.01034	0.00746	0.01176	0.00663	0.00599	0.01379	0.01066	0.11201	0.01004	0.01099	0.00788	0.00394	0.00380	0.00082	0.00371	0.00316	0.00330	0.75338
11	0.01328	0.01027	0.05832	0.07289	0.20468	0.00943	0.00999	0.05270	0.07176	0.18566	0.11760	0.01658	0.01420	0.00587	0.00527	0.00146	0.03406	0.00498	0.00394	0.10705
12	0.01107	0.04680	0.09935	0.03080	0.05409	0.03079	0.00855	0.06119	0.19651	0.01712	0.04815	0.06415	0.01240	0.00645	0.00531	0.04504	0.00453	0.00484	0.00352	0.24933
13	0.19645	0.08973	0.25755	0.00982	0.01449	0.03205	0.01022	0.07201	0.01146	0.09353	0.05035	0.01166	0.00900	0.00499	0.00414	0.00138	0.00520	0.00368	0.00318	0.11913
14	0.05957	0.01003	0.05217	0.26308	0.01913	0.05104	0.00957	0.01754	0.07703	0.26497	0.07442	0.03732	0.01275	0.00606	0.00487	0.00156	0.00510	0.00503	0.00405	0.02473

[dist]
# distance from previous block
# <min> <max>
2	39

[block]
# block no. 5 follows, 51 sequences, length 12
# corresponding to MSA columns:
# 544-555
name=unknown_F
#
# <colnr> <probs for GDERKNQSTAVLIFYWHMCP>
#	G	D	E	R	K	N	Q	S	T	A	V	L	I	F	Y	W	H	M	C	P
0	0.04966	0.01048	0.01625	0.10156	0.47548	0.01057	0.01219	0.01548	0.06575	0.05319	0.03686	0.01332	0.00951	0.00479	0.00469	0.00142	0.00523	0.00439	0.00294	0.10623
1	0.01149	0.01012	0.01753	0.40902	0.29835	0.01102	0.07965	0.01461	0.01079	0.07571	0.00985	0.01307	0.00750	0.00475	0.00498	0.00157	0.00627	0.00454	0.00260	0.00660
2	0.01084	0.00977	0.01549	0.60514	0.14064	0.01155	0.01333	0.10653	0.01164	0.01530	0.00918	0.01281	0.00695	0.00496	0.00491	0.00159	0.00631	0.00438	0.00255	0.00614
3	0.01868	0.01376	0.01475	0.01131	0.01524	0.01524	0.00934	0.78025	0.02311	0.03097	0.01180	0.01180	0.00836	0.00590	0.00492	0.00147	0.00541	0.00442	0.00492	0.00836
4	0.00928	0.00873	0.01474	0.81548	0.03385	0.01092	0.01365	0.01256	0.00983	0.01256	0.00873	0.01310	0.00655	0.00491	0.00491	0.00164	0.00655	0.00437	0.00218	0.00546
5	0.00854	0.00427	0.00640	0.00640	0.00640	0.00427	0.00427	0.00640	0.00640	0.00854	0.00854	0.01494	0.00854	0.01707	0.01921	0.85702	0.00427	0.00427	0.00213	0.00213
6	0.01314	0.83025	0.02575	0.00841	0.01261	0.01945	0.00841	0.01472	0.00999	0.01156	0.00683	0.00788	0.00631	0.00420	0.00315	0.00105	0.00526	0.00263	0.00210	0.00631
7	0.01117	0.01684	0.32182	0.01625	0.05586	0.01120	0.30467	0.01630	0.07186	0.05487	0.01182	0.06369	0.00940	0.00536	0.00525	0.00162	0.00689	0.00535	0.00283	0.00693
8	0.01501	0.00930	0.01078	0.00922	0.01219	0.00984	0.00730	0.02380	0.45615	0.28109	0.09275	0.01953	0.01701	0.00679	0.00506	0.00161	0.00384	0.00566	0.00540	0.00768
9	0.01131	0.00888	0.01037	0.00765	0.01182	0.00714	0.00612	0.01458	0.08378	0.07782	0.01063	0.01147	0.00839	0.00412	0.00387	0.00088	0.00371	0.00332	0.00336	0.71080
10	0.11083	0.04600	0.01114	0.00842	0.01155	0.00954	0.00691	0.20787	0.01534	0.29036	0.17380	0.01960	0.05382	0.00688	0.00486	0.00150	0.00404	0.00551	0.00506	0.00698
11	0.04301	0.08905	0.05061	0.00996	0.01358	0.08530	0.03464	0.15631	0.06989	0.30305	0.01641	0.04265	0.05109	0.00628	0.00477	0.00148	0.00506	0.00499	0.00455	0.00731

[dist]
# distance from previous block
# <min> <max>
1	69

[block]
# block no. 6 follows, 51 sequences, length 6
# corresponding to MSA columns:
# 645-650
name=unknown_G
#
# <colnr> <probs for GDERKNQSTAVLIFYWHMCP>
#	G	D	E	R	K	N	Q	S	T	A	V	L	I	F	Y	W	H	M	C	P
0	0.01101	0.00708	0.00970	0.01037	0.09414	0.00687	0.00730	0.06630	0.01213	0.15072	0.09365	0.15948	0.06682	0.01274	0.08945	0.00238	0.00494	0.15468	0.00443	0.03581
1	0.01127	0.01011	0.01277	0.01129	0.05160	0.12428	0.13854	0.01326	0.01180	0.10084	0.10222	0.13518	0.16910	0.00850	0.00593	0.00160	0.04292	0.00743	0.00389	0.03746
2	0.01329	0.01014	0.09494	0.00884	0.01243	0.00789	0.00779	0.11956	0.01287	0.20836	0.01673	0.15017	0.03635	0.00729	0.00488	0.00142	0.00428	0.03819	0.00426	0.24034
3	0.05810	0.00823	0.01019	0.00897	0.01095	0.00881	0.03948	0.13272	0.11862	0.01747	0.06355	0.13969	0.01681	0.05439	0.08016	0.05943	0.04836	0.04861	0.00388	0.07155
4	0.16690	0.00908	0.01203	0.25253	0.09550	0.00988	0.00936	0.04923	0.06934	0.12344	0.09500	0.01526	0.01223	0.00561	0.00460	0.00152	0.00479	0.00463	0.00361	0.05549
5	0.00886	0.00676	0.05144	0.00689	0.00801	0.00601	0.00521	0.09039	0.00989	0.01323	0.09377	0.02477	0.09917	0.23838	0.01569	0.30402	0.00431	0.00616	0.00325	0.00379

[dist]
# distance from previous block
# <min> <max>
3	4

[block]
# block no. 7 follows, 51 sequences, length 17
# corresponding to MSA columns:
# 655-671
name=unknown_H
#
# <colnr> <probs for GDERKNQSTAVLIFYWHMCP>
#	G	D	E	R	K	N	Q	S	T	A	V	L	I	F	Y	W	H	M	C	P
0	0.07115	0.40025	0.13621	0.00925	0.01338	0.01472	0.00926	0.12631	0.01249	0.04020	0.11248	0.01292	0.01201	0.00538	0.00403	0.00130	0.00506	0.00394	0.00313	0.00652
1	0.13637	0.06340	0.29381	0.01309	0.08899	0.04182	0.04963	0.02874	0.01065	0.05802	0.01918	0.01187	0.00780	0.00506	0.00499	0.00147	0.04883	0.02141	0.00274	0.09214
2	0.00911	0.00852	0.01375	0.67634	0.02968	0.01034	0.01234	0.01208	0.00986	0.01276	0.01190	0.01558	0.06926	0.00561	0.00540	0.00162	0.04066	0.00477	0.00241	0.04803
3	0.01708	0.02134	0.01366	0.01240	0.01463	0.69712	0.00940	0.01836	0.01306	0.01197	0.00783	0.00963	0.00669	0.00723	0.05289	0.00173	0.07349	0.00338	0.00251	0.00559
4	0.01152	0.00831	0.01298	0.51130	0.02547	0.00929	0.01120	0.01434	0.01080	0.15616	0.01267	0.01843	0.01014	0.00603	0.00503	0.00162	0.00565	0.09221	0.00322	0.07363
5	0.01055	0.00801	0.01019	0.09546	0.01339	0.00690	0.00666	0.01268	0.01019	0.08516	0.03229	0.01396	0.00981	0.04918	0.09554	0.00193	0.00510	0.00389	0.00316	0.52594
6	0.00647	0.00493	0.00700	0.00744	0.00818	0.00464	0.04346	0.00757	0.00965	0.01271	0.02761	0.58363	0.11922	0.03331	0.04372	0.01818	0.00371	0.05017	0.00429	0.00413
7	0.04858	0.01237	0.01306	0.01062	0.01407	0.01392	0.00858	0.46036	0.31707	0.02662	0.01477	0.01417	0.01080	0.00614	0.00488	0.00155	0.00476	0.00479	0.00488	0.00802
8	0.01341	0.78757	0.02513	0.00863	0.01275	0.06113	0.00847	0.01497	0.01019	0.01159	0.00687	0.00793	0.00631	0.00425	0.00322	0.00106	0.00545	0.00266	0.00212	0.00627
9	0.01099	0.14330	0.64530	0.01290	0.01953	0.01238	0.01614	0.01588	0.01051	0.05664	0.00909	0.01034	0.00655	0.00468	0.00446	0.00148	0.00680	0.00355	0.00229	0.00718
10	0.01010	0.06770	0.73091	0.01397	0.02098	0.01188	0.04687	0.01552	0.01040	0.01536	0.00876	0.01035	0.00628	0.00462	0.00463	0.00153	0.00720	0.00366	0.00209	0.00719
11	0.00598	0.00431	0.00567	0.00675	0.00710	0.00400	0.00452	0.00685	0.00950	0.01258	0.02820	0.78598	0.06989	0.01525	0.00625	0.00198	0.00283	0.01379	0.00456	0.00400
12	0.01361	0.67389	0.07379	0.00932	0.01350	0.12144	0.00917	0.01541	0.01052	0.01188	0.00706	0.00817	0.00630	0.00435	0.00342	0.00111	0.00585	0.00276	0.00216	0.00629
13	0.04974	0.00991	0.04465	0.00977	0.01327	0.00909	0.04932	0.15821	0.04931	0.39593	0.03536	0.06804	0.03683	0.00704	0.00511	0.00159	0.00457	0.03970	0.00512	0.00743
14	0.00701	0.00523	0.00715	0.00785	0.00885	0.00498	0.02244	0.00870	0.01081	0.01409	0.07215	0.31122	0.13331	0.01364	0.00641	0.00204	0.00364	0.35160	0.00455	0.00435
15	0.00645	0.00447	0.00557	0.00625	0.00642	0.00430	0.00393	0.00696	0.00851	0.01134	0.02247	0.50904	0.02668	0.33838	0.01373	0.00310	0.00361	0.01126	0.00393	0.00359
16	0.01019	0.00873	0.01019	0.00728	0.01165	0.00655	0.00582	0.01237	0.01019	0.01601	0.00873	0.01019	0.00728	0.00364	0.00364	0.00073	0.00364	0.00291	0.00291	0.85734

[dist]
# distance from previous block
# <min> <max>
0	3

[block]
# block no. 8 follows, 51 sequences, length 19
# corresponding to MSA columns:
# 675-693
name=unknown_I
#
# <colnr> <probs for GDERKNQSTAVLIFYWHMCP>
#	G	D	E	R	K	N	Q	S	T	A	V	L	I	F	Y	W	H	M	C	P
0	0.01109	0.11121	0.49167	0.01230	0.01836	0.01176	0.04426	0.05833	0.02468	0.02932	0.00917	0.01051	0.00682	0.00457	0.00441	0.00137	0.00631	0.00359	0.00250	0.13777
1	0.86201	0.00950	0.00722	0.00646	0.00950	0.01102	0.00532	0.01445	0.00836	0.02205	0.00684	0.00798	0.00532	0.00456	0.00304	0.00152	0.00380	0.00266	0.00304	0.00532
2	0.00702	0.00527	0.00790	0.00790	0.00878	0.00614	0.00614	0.00878	0.00790	0.01141	0.01316	0.01931	0.01229	0.03686	0.80782	0.00790	0.01316	0.00527	0.00263	0.00439
3	0.01114	0.01066	0.03796	0.05301	0.53747	0.01041	0.01260	0.02982	0.05556	0.01716	0.15879	0.01715	0.01543	0.00564	0.00505	0.00150	0.00512	0.00528	0.00317	0.00710
4	0.00652	0.00516	0.00589	0.00568	0.00714	0.00461	0.00427	0.00863	0.03513	0.01643	0.38943	0.04160	0.42951	0.01118	0.00578	0.00161	0.00245	0.00955	0.00496	0.00448
5	0.00618	0.00443	0.00588	0.00671	0.00717	0.00412	0.00458	0.00733	0.01031	0.01398	0.18025	0.66684	0.03527	0.01433	0.00618	0.00191	0.00274	0.01296	0.00473	0.00412
6	0.01123	0.11301	0.24552	0.01151	0.01650	0.01077	0.11827	0.01561	0.07570	0.05153	0.04084	0.01241	0.00928	0.00469	0.00444	0.00129	0.00554	0.00404	0.00293	0.24490
7	0.01062	0.00837	0.00993	0.00727	0.01131	0.00642	0.00580	0.01280	0.01077	0.06445	0.08126	0.01302	0.01116	0.00438	0.00392	0.00085	0.00355	0.00358	0.00333	0.72721
8	0.01019	0.00873	0.01019	0.00728	0.01165	0.00655	0.00582	0.01237	0.01019	0.01601	0.00873	0.01019	0.00728	0.00364	0.00364	0.00073	0.00364	0.00291	0.00291	0.85734
9	0.01550	0.08595	0.07901	0.00904	0.01321	0.03385	0.00808	0.08085	0.01279	0.29435	0.01324	0.01417	0.00971	0.00526	0.00440	0.00125	0.00463	0.03354	0.00411	0.27707
10	0.61646	0.10575	0.01042	0.00750	0.01070	0.04352	0.00628	0.06903	0.06018	0.02097	0.00807	0.00894	0.00631	0.00477	0.00337	0.00146	0.00429	0.00299	0.00317	0.00582
11	0.00702	0.00527	0.00790	0.00790	0.00878	0.00614	0.00614	0.00878	0.00790	0.01141	0.01316	0.01931	0.01229	0.03686	0.80782	0.00790	0.01316	0.00527	0.00263	0.00439
12	0.01134	0.00911	0.09470	0.00996	0.04981	0.00748	0.03992	0.01366	0.01200	0.19690	0.21979	0.09256	0.11632	0.00871	0.00644	0.00166	0.07848	0.02073	0.00445	0.00597
13	0.01016	0.01014	0.07676	0.00784	0.01246	0.00696	0.00686	0.01264	0.01021	0.01598	0.00874	0.01021	0.00719	0.00373	0.00373	0.00080	0.00394	0.00297	0.00284	0.78586
14	0.00909	0.00640	0.00724	0.00678	0.00867	0.00607	0.00524	0.07537	0.06958	0.08790	0.10697	0.12850	0.39888	0.01107	0.00570	0.00169	0.00313	0.05167	0.00484	0.00520
15	0.00878	0.00799	0.01260	0.58833	0.02673	0.00926	0.01115	0.01161	0.01018	0.01333	0.05726	0.05665	0.07639	0.00623	0.00499	0.00157	0.00552	0.00546	0.00275	0.08320
16	0.01392	0.01078	0.01200	0.04020	0.01382	0.02793	0.00836	0.09303	0.51221	0.11665	0.01737	0.01652	0.01284	0.00659	0.00591	0.00166	0.07274	0.00518	0.00473	0.00757
17	0.01004	0.00831	0.01001	0.04665	0.01226	0.00656	0.00609	0.01227	0.01063	0.03468	0.08169	0.01366	0.02677	0.00452	0.00397	0.00088	0.00365	0.00373	0.00321	0.70043
18	0.08885	0.00921	0.01321	0.16828	0.01756	0.00923	0.07325	0.06719	0.03107	0.41794	0.04376	0.01545	0.01118	0.00571	0.00488	0.00156	0.00496	0.00484	0.00463	0.00724

[dist]
# distance from previous block
# <min> <max>
1	16

[block]
# block no. 9 follows, 51 sequences, length 9
# corresponding to MSA columns:
# 725-733
name=unknown_J
#
# <colnr> <probs for GDERKNQSTAVLIFYWHMCP>
#	G	D	E	R	K	N	Q	S	T	A	V	L	I	F	Y	W	H	M	C	P
0	0.15086	0.06703	0.01292	0.00952	0.01301	0.03126	0.06668	0.13581	0.11063	0.08413	0.03827	0.01577	0.02566	0.00577	0.00446	0.00139	0.00461	0.04652	0.00387	0.17185
1	0.65448	0.00882	0.00744	0.00685	0.00952	0.01000	0.00546	0.01457	0.06262	0.05003	0.01099	0.12060	0.00997	0.00625	0.00369	0.00160	0.00369	0.00449	0.00350	0.00542
2	0.00711	0.00490	0.00603	0.00603	0.00626	0.00513	0.00381	0.00758	0.00734	0.01002	0.01487	0.02878	0.01640	0.61918	0.23112	0.00559	0.00698	0.00665	0.00289	0.00335
3	0.03985	0.00759	0.01005	0.00913	0.01032	0.00859	0.03465	0.03534	0.04191	0.06543	0.05152	0.06116	0.08040	0.15931	0.03461	0.00262	0.19668	0.14217	0.00368	0.00500
4	0.00746	0.00621	0.00676	0.00720	0.00857	0.04587	0.00584	0.00909	0.01115	0.01362	0.03507	0.04804	0.36892	0.06101	0.00731	0.00209	0.00385	0.34328	0.00435	0.00432
5	0.01112	0.01171	0.02256	0.01611	0.02088	0.01042	0.51418	0.01459	0.01112	0.01583	0.00953	0.01221	0.00740	0.00397	0.00506	0.00134	0.00669	0.00481	0.00263	0.29785
6	0.08030	0.13161	0.25329	0.01277	0.04491	0.01203	0.14043	0.01624	0.13002	0.01682	0.10258	0.01469	0.01249	0.00543	0.00470	0.00151	0.00572	0.00471	0.00308	0.00665
7	0.01147	0.05599	0.52000	0.01227	0.01830	0.01145	0.01437	0.08016	0.07503	0.04939	0.01032	0.01128	0.00748	0.00486	0.00455	0.00145	0.00623	0.00379	0.00281	0.09882
8	0.03064	0.36802	0.09687	0.01031	0.01434	0.12507	0.06228	0.06045	0.02897	0.01486	0.06859	0.01151	0.00983	0.00493	0.00405	0.00123	0.00576	0.00370	0.00276	0.07583

[dist]
# distance from previous block
# <min> <max>
10	24

[block]
# block no. 10 follows, 51 sequences, length 20
# corresponding to MSA columns:
# 837-856
name=unknown_K
#
# <colnr> <probs for GDERKNQSTAVLIFYWHMCP>
#	G	D	E	R	K	N	Q	S	T	A	V	L	I	F	Y	W	H	M	C	P
0	0.63916	0.01054	0.03695	0.00802	0.01140	0.03599	0.04774	0.01608	0.00960	0.13275	0.00890	0.00963	0.00648	0.00478	0.00356	0.00152	0.00438	0.00321	0.00340	0.00591
1	0.17683	0.21158	0.05895	0.01112	0.01465	0.29066	0.08281	0.01734	0.06726	0.01499	0.00845	0.00965	0.00686	0.00477	0.00405	0.00135	0.00653	0.00339	0.00268	0.00609
2	0.00609	0.00435	0.00582	0.00696	0.00729	0.00408	0.00474	0.00702	0.00951	0.01266	0.02703	0.78280	0.03228	0.01530	0.00630	0.00201	0.00294	0.05423	0.00456	0.00402
3	0.01209	0.01006	0.01603	0.01152	0.01600	0.00841	0.23981	0.01483	0.01110	0.11312	0.01042	0.01193	0.00794	0.00409	0.00445	0.00111	0.00511	0.00404	0.00318	0.49477
4	0.00753	0.03386	0.00648	0.00570	0.00618	0.00541	0.00349	0.00780	0.00755	0.01019	0.01503	0.05478	0.01707	0.69766	0.03943	0.00433	0.00483	0.00687	0.00299	0.06283
5	0.00697	0.00483	0.00613	0.00680	0.00718	0.00474	0.00477	0.00783	0.00896	0.01185	0.02201	0.29765	0.02535	0.35117	0.01417	0.00321	0.00408	0.20468	0.00390	0.00371
6	0.01216	0.01168	0.01995	0.03016	0.79664	0.01168	0.01508	0.01508	0.01119	0.01605	0.00924	0.01216	0.00778	0.00438	0.00487	0.00146	0.00584	0.00438	0.00243	0.00778
7	0.01229	0.00928	0.03463	0.00840	0.01247	0.00738	0.03549	0.01554	0.07279	0.15318	0.05371	0.01352	0.01082	0.00470	0.00420	0.00104	0.00397	0.00393	0.00372	0.53894
8	0.01044	0.16862	0.66375	0.01301	0.01973	0.01284	0.01642	0.01541	0.01031	0.01485	0.00847	0.00993	0.00624	0.00459	0.00440	0.00147	0.00691	0.00345	0.00208	0.00709
9	0.01314	0.83025	0.02575	0.00841	0.01261	0.01945	0.00841	0.01472	0.00999	0.01156	0.00683	0.00788	0.00631	0.00420	0.00315	0.00105	0.00526	0.00263	0.00210	0.00631
10	0.01072	0.00710	0.01024	0.00921	0.01136	0.00694	0.07718	0.01398	0.08601	0.15671	0.07970	0.04688	0.12765	0.01312	0.10220	0.00255	0.00532	0.22299	0.00451	0.00565
11	0.01363	0.01191	0.02417	0.01839	0.06890	0.01108	0.55138	0.01718	0.01215	0.17635	0.03565	0.01461	0.00962	0.00473	0.00557	0.00161	0.00712	0.00563	0.00331	0.00699
12	0.00727	0.00560	0.00823	0.00808	0.00885	0.00665	0.00627	0.00888	0.00783	0.01133	0.01285	0.01947	0.01222	0.07967	0.71134	0.00734	0.06582	0.00531	0.00262	0.00437
13	0.00715	0.00476	0.00536	0.00536	0.00536	0.00476	0.00298	0.00715	0.00715	0.00953	0.01548	0.03216	0.01787	0.82729	0.02501	0.00476	0.00476	0.00715	0.00298	0.00298
14	0.40279	0.27566	0.01492	0.00903	0.05573	0.01389	0.00737	0.08405	0.01078	0.07525	0.00833	0.00916	0.00655	0.00467	0.00349	0.00136	0.00456	0.00307	0.00309	0.00627
15	0.01248	0.01136	0.01883	0.02761	0.70236	0.01140	0.01412	0.03251	0.03644	0.04339	0.03503	0.01329	0.00941	0.00472	0.00490	0.00147	0.00560	0.00458	0.00279	0.00772
16	0.00601	0.00438	0.00566	0.00661	0.00708	0.00404	0.00447	0.00697	0.00979	0.01293	0.06192	0.70588	0.11649	0.01485	0.00620	0.00194	0.00279	0.01336	0.00460	0.00404
17	0.00680	0.00506	0.00643	0.00725	0.00789	0.00499	0.00506	0.00921	0.09467	0.01387	0.06424	0.66441	0.03110	0.01410	0.00613	0.00195	0.00301	0.04473	0.00465	0.00446
18	0.04793	0.21512	0.07381	0.01059	0.03662	0.16097	0.06416	0.03179	0.01220	0.02813	0.18752	0.01917	0.03913	0.00654	0.00468	0.00142	0.00546	0.04558	0.00333	0.00584
19	0.18318	0.29987	0.29682	0.01089	0.04339	0.01418	0.01145	0.01566	0.05641	0.01580	0.00842	0.00957	0.00665	0.00460	0.00384	0.00138	0.00561	0.00323	0.00247	0.00659

[dist]
# distance from previous block
# <min> <max>
0	4

[block]
# block no. 11 follows, 51 sequences, length 426
# corresponding to MSA columns:
# 861-889,891-905,907-961,993-1000,1004-1075,1077-1092,1097-1178,1184-1250,1256-1260,1262-1293,1297-1316,1319-1343
name=unknown_L
#
# <colnr> <probs for GDERKNQSTAVLIFYWHMCP>
#	G	D	E	R	K	N	Q	S	T	A	V	L	I	F	Y	W	H	M	C	P
0	0.05929	0.02499	0.11118	0.04627	0.05580	0.00811	0.05155	0.05318	0.02762	0.07276	0.36614	0.02489	0.06291	0.00762	0.00523	0.00154	0.00414	0.00662	0.00429	0.00585
1	0.01354	0.67641	0.07872	0.00931	0.01353	0.11406	0.00922	0.01537	0.01049	0.01190	0.00706	0.00818	0.00630	0.00434	0.00341	0.00111	0.00583	0.00276	0.00215	0.00630
2	0.01018	0.10356	0.72649	0.01346	0.02043	0.01219	0.01721	0.01548	0.01034	0.01517	0.00863	0.01013	0.00623	0.00462	0.00452	0.00151	0.00707	0.00353	0.00208	0.00717
3	0.06186	0.09644	0.21027	0.01137	0.01582	0.13184	0.01099	0.26083	0.05974	0.07904	0.01072	0.01116	0.00783	0.00529	0.00452	0.00144	0.00610	0.00387	0.00357	0.00729
4	0.01323	0.05611	0.22421	0.01225	0.04401	0.01201	0.05735	0.12906	0.25204	0.09424	0.02919	0.01503	0.02745	0.00580	0.00488	0.00155	0.00538	0.00481	0.00392	0.00750
5	0.00630	0.00451	0.00609	0.00719	0.00762	0.00430	0.00509	0.00738	0.00964	0.01282	0.02651	0.68919	0.03129	0.01578	0.03038	0.00221	0.00340	0.12172	0.00450	0.00408
6	0.03047	0.01334	0.01407	0.01098	0.01476	0.02720	0.00899	0.64804	0.10693	0.02889	0.01246	0.01236	0.00898	0.00588	0.00485	0.00147	0.00521	0.00445	0.00479	0.03587
7	0.03826	0.00729	0.00909	0.00827	0.05984	0.00619	0.00591	0.01176	0.01170	0.06543	0.27295	0.05105	0.07303	0.00699	0.00473	0.00123	0.00328	0.00599	0.00408	0.35295
8	0.01085	0.13403	0.66077	0.01301	0.01970	0.01232	0.01634	0.01583	0.01049	0.05034	0.00902	0.01032	0.00650	0.00467	0.00448	0.00149	0.00685	0.00355	0.00226	0.00718
9	0.00989	0.02516	0.78545	0.01415	0.02136	0.01143	0.03427	0.01557	0.01040	0.01557	0.00884	0.01044	0.00625	0.00466	0.00469	0.00156	0.00728	0.00368	0.00208	0.00725
10	0.00905	0.00836	0.01587	0.01319	0.03364	0.00782	0.32325	0.01142	0.01065	0.04035	0.02008	0.38566	0.04647	0.01002	0.00601	0.00183	0.00526	0.04202	0.00371	0.00534
11	0.01192	0.01155	0.01897	0.06410	0.71204	0.03008	0.01443	0.01475	0.01119	0.01569	0.01082	0.01354	0.03942	0.00474	0.00490	0.00147	0.00581	0.00459	0.00251	0.00748
12	0.00990	0.02510	0.78144	0.01418	0.02139	0.01144	0.03823	0.01557	0.01041	0.01557	0.00885	0.01045	0.00626	0.00466	0.00470	0.00156	0.00729	0.00369	0.00209	0.00725
13	0.00928	0.00873	0.01474	0.81548	0.03385	0.01092	0.01365	0.01256	0.00983	0.01256	0.00873	0.01310	0.00655	0.00491	0.00491	0.00164	0.00655	0.00437	0.00218	0.00546
14	0.01166	0.01271	0.09484	0.10585	0.64682	0.01158	0.01524	0.01488	0.01098	0.01566	0.00915	0.01208	0.00751	0.00446	0.00485	0.00149	0.00605	0.00431	0.00237	0.00751
15	0.00581	0.00498	0.00498	0.00498	0.00664	0.00415	0.00373	0.00705	0.01120	0.01328	0.04978	0.04729	0.79464	0.01245	0.00581	0.00166	0.00249	0.01037	0.00456	0.00415
16	0.00783	0.00559	0.00782	0.00895	0.01004	0.00558	0.00777	0.01003	0.01123	0.01461	0.02607	0.09004	0.02847	0.01366	0.00676	0.00225	0.00445	0.72981	0.00453	0.00450
17	0.01077	0.01057	0.03545	0.39443	0.38034	0.01135	0.01409	0.01452	0.05292	0.01466	0.00958	0.01289	0.00757	0.00476	0.00489	0.00156	0.00610	0.00442	0.00245	0.00669
18	0.00620	0.00451	0.00608	0.00710	0.00743	0.00439	0.00488	0.00715	0.00937	0.01255	0.02600	0.74744	0.03094	0.01604	0.03883	0.00225	0.02252	0.03782	0.00443	0.00406
19	0.00599	0.00428	0.00570	0.00684	0.00713	0.00399	0.00456	0.00684	0.00941	0.01254	0.02709	0.82409	0.03250	0.01540	0.00627	0.00200	0.00285	0.01397	0.00456	0.00399
20	0.00599	0.00428	0.00570	0.00684	0.00713	0.00399	0.00456	0.00684	0.00941	0.01254	0.02709	0.82409	0.03250	0.01540	0.00627	0.00200	0.00285	0.01397	0.00456	0.00399
21	0.01216	0.01164	0.01967	0.02953	0.77202	0.01169	0.01485	0.01543	0.03558	0.01620	0.00958	0.01236	0.00801	0.00445	0.00487	0.00147	0.00578	0.00442	0.00251	0.00778
22	0.00624	0.00500	0.00558	0.00544	0.00691	0.00433	0.00408	0.00790	0.01223	0.01572	0.33309	0.04326	0.50981	0.01153	0.00580	0.00162	0.00242	0.00981	0.00489	0.00433
23	0.01216	0.01168	0.01995	0.03016	0.79664	0.01168	0.01508	0.01508	0.01119	0.01605	0.00924	0.01216	0.00778	0.00438	0.00487	0.00146	0.00584	0.00438	0.00243	0.00778
24	0.01836	0.02342	0.01393	0.01266	0.01519	0.80756	0.00950	0.01962	0.01393	0.01203	0.00760	0.00886	0.00633	0.00506	0.00443	0.00127	0.00886	0.00317	0.00253	0.00570
25	0.86201	0.00950	0.00722	0.00646	0.00950	0.01102	0.00532	0.01445	0.00836	0.02205	0.00684	0.00798	0.00532	0.00456	0.00304	0.00152	0.00380	0.00266	0.00304	0.00532
26	0.01263	0.01061	0.01123	0.01002	0.01285	0.01222	0.00782	0.04976	0.74785	0.03690	0.01973	0.01810	0.01473	0.00663	0.00500	0.00166	0.00394	0.00551	0.00502	0.00781
27	0.01019	0.00873	0.01019	0.00728	0.01165	0.00655	0.00582	0.01237	0.01019	0.01601	0.00873	0.01019	0.00728	0.00364	0.00364	0.00073	0.00364	0.00291	0.00291	0.85734
28	0.01064	0.00881	0.01058	0.00758	0.01194	0.00668	0.02022	0.01285	0.01036	0.04412	0.00914	0.01048	0.00746	0.00374	0.00373	0.00077	0.00375	0.00304	0.00302	0.81110
29	0.00858	0.00703	0.01143	0.01082	0.01263	0.00692	0.13698	0.01153	0.03927	0.01528	0.06274	0.07198	0.02539	0.01162	0.00649	0.00209	0.00496	0.54505	0.00425	0.00498
30	0.00928	0.00866	0.01456	0.80118	0.03335	0.01081	0.01347	0.01254	0.00983	0.01266	0.00886	0.01319	0.00666	0.00493	0.00489	0.00163	0.00648	0.00437	0.01722	0.00544
31	0.01216	0.01168	0.01995	0.03016	0.79664	0.01168	0.01508	0.01508	0.01119	0.01605	0.00924	0.01216	0.00778	0.00438	0.00487	0.00146	0.00584	0.00438	0.00243	0.00778
32	0.03490	0.01062	0.01199	0.00985	0.01323	0.01136	0.00793	0.20563	0.34666	0.26646	0.01757	0.01605	0.01232	0.00626	0.00492	0.00157	0.00434	0.00503	0.00528	0.00805
33	0.07558	0.00862	0.01125	0.00868	0.01244	0.00774	0.00717	0.04885	0.01401	0.72442	0.01833	0.01600	0.01160	0.00598	0.00482	0.00152	0.00420	0.00478	0.00585	0.00817
34	0.00599	0.00428	0.00570	0.00684	0.00713	0.00399	0.00456	0.00684	0.00941	0.01254	0.02709	0.82409	0.03250	0.01540	0.00627	0.00200	0.00285	0.01397	0.00456	0.00399
35	0.00928	0.00873	0.01474	0.81548	0.03385	0.01092	0.01365	0.01256	0.00983	0.01256	0.00873	0.01310	0.00655	0.00491	0.00491	0.00164	0.00655	0.00437	0.00218	0.00546
36	0.01198	0.01289	0.02724	0.02106	0.09933	0.01224	0.66305	0.01587	0.01156	0.04187	0.01012	0.01321	0.00762	0.00432	0.00590	0.00164	0.02513	0.00560	0.00259	0.00677
37	0.00590	0.00471	0.00528	0.00571	0.00684	0.00410	0.00407	0.00701	0.01057	0.01312	0.05510	0.34278	0.49050	0.01352	0.00598	0.00179	0.00262	0.01171	0.00458	0.00410
38	0.01222	0.01056	0.01111	0.01000	0.01278	0.01222	0.00778	0.02611	0.78776	0.02056	0.02000	0.01833	0.01500	0.00667	0.00500	0.00167	0.00389	0.00556	0.00500	0.00778
39	0.01293	0.77885	0.07531	0.00877	0.01317	0.01893	0.00903	0.01477	0.01001	0.01182	0.00696	0.00804	0.00630	0.00423	0.00325	0.00108	0.00538	0.00269	0.00210	0.00637
40	0.01364	0.01485	0.01810	0.10197	0.46098	0.24168	0.04771	0.01618	0.01186	0.01453	0.00875	0.01135	0.00723	0.00462	0.00479	0.00143	0.00689	0.00409	0.00244	0.00690
41	0.02200	0.00844	0.01145	0.00878	0.01258	0.00734	0.00725	0.03508	0.01420	0.78872	0.01928	0.01665	0.01211	0.00608	0.00494	0.00152	0.00420	0.00493	0.00607	0.00836
