[name]
unknown

[dist]
# distance from previous block
# <min> <max>
14	205

[block]
# block no. 0 follows, 51 sequences, length 8
# corresponding to MSA columns:
# 303-310
name=unknown_A
#
# <colnr> <probs for GDERKNQSTAVLIFYWHMCP>
#	G	D	E	R	K	N	Q	S	T	A	V	L	I	F	Y	W	H	M	C	P
0	0.06114	0.29397	0.12573	0.01082	0.05537	0.01348	0.03412	0.07846	0.05832	0.06495	0.04191	0.04068	0.01031	0.02938	0.00512	0.00147	0.02714	0.00427	0.00311	0.04024
1	0.03628	0.13083	0.18673	0.04783	0.03548	0.04705	0.10096	0.04383	0.03076	0.11459	0.05992	0.05996	0.07227	0.00633	0.00484	0.00151	0.00557	0.00538	0.00339	0.00648
2	0.04814	0.01390	0.16740	0.03826	0.05964	0.08117	0.06507	0.10261	0.10439	0.06558	0.04596	0.05736	0.04158	0.00639	0.00527	0.00156	0.03387	0.00525	0.04999	0.00661
3	0.01167	0.09618	0.15005	0.02855	0.04340	0.04978	0.07172	0.07769	0.06658	0.07048	0.05674	0.10239	0.04910	0.02882	0.02184	0.00177	0.02330	0.02453	0.00353	0.02188
4	0.04834	0.05450	0.03963	0.00981	0.04079	0.02111	0.00779	0.19094	0.16373	0.08755	0.03792	0.10115	0.05495	0.00742	0.00512	0.00156	0.02253	0.02208	0.06364	0.01944
5	0.01255	0.04236	0.10459	0.05086	0.06246	0.10432	0.13331	0.14389	0.12047	0.01769	0.01454	0.07091	0.05353	0.00755	0.03726	0.00181	0.00632	0.00552	0.00343	0.00663
6	0.01390	0.56146	0.04617	0.04556	0.01416	0.08670	0.00899	0.11507	0.01206	0.01455	0.00802	0.00916	0.00681	0.00460	0.00363	0.00117	0.00561	0.00309	0.03282	0.00645
7	0.03245	0.01032	0.01103	0.00862	0.01226	0.05729	0.00691	0.17767	0.03587	0.04090	0.02729	0.03199	0.01007	0.00668	0.04236	0.00142	0.00480	0.02827	0.00360	0.45018

[dist]
# distance from previous block
# <min> <max>
0	4

[block]
# block no. 1 follows, 51 sequences, length 10
# corresponding to MSA columns:
# 315-324
name=unknown_B
#
# <colnr> <probs for GDERKNQSTAVLIFYWHMCP>
#	G	D	E	R	K	N	Q	S	T	A	V	L	I	F	Y	W	H	M	C	P
0	0.00792	0.00490	0.00585	0.00573	0.00601	0.00489	0.00350	0.00806	0.00772	0.04262	0.03999	0.02911	0.01730	0.63103	0.06661	0.07521	0.00502	0.00669	0.02851	0.00331
1	0.03631	0.07435	0.16967	0.01203	0.06086	0.04362	0.05551	0.13269	0.02531	0.01743	0.09974	0.03970	0.01382	0.01058	0.11254	0.00241	0.04893	0.03494	0.00328	0.00626
2	0.01221	0.01138	0.08747	0.08670	0.10914	0.02548	0.13811	0.08751	0.08251	0.10819	0.04151	0.10372	0.05621	0.00734	0.01860	0.00172	0.00559	0.00623	0.00373	0.00664
3	0.01092	0.01180	0.05648	0.07488	0.07992	0.03641	0.01168	0.01256	0.00833	0.01243	0.00701	0.01097	0.00655	0.00767	0.01342	0.00200	0.62484	0.00425	0.00218	0.00569
4	0.00728	0.00548	0.00746	0.00719	0.00797	0.00533	0.05305	0.00882	0.04018	0.01311	0.14205	0.24853	0.04884	0.33453	0.01354	0.00299	0.00397	0.04170	0.00395	0.00403
5	0.08443	0.19146	0.12506	0.03708	0.01514	0.07716	0.03519	0.14335	0.03942	0.13832	0.03982	0.01217	0.00929	0.00537	0.00466	0.00143	0.02621	0.00400	0.00353	0.00691
6	0.01178	0.03318	0.11073	0.08587	0.05616	0.08765	0.06172	0.08411	0.02513	0.06116	0.04447	0.05298	0.02779	0.09297	0.05625	0.00231	0.09128	0.00535	0.00316	0.00595
7	0.05558	0.12735	0.14566	0.01206	0.09106	0.05460	0.06915	0.01461	0.05474	0.03896	0.05257	0.04946	0.06837	0.00584	0.00454	0.00137	0.00519	0.00489	0.00309	0.14092
8	0.04239	0.13487	0.02539	0.00732	0.00898	0.00739	0.00584	0.02601	0.01035	0.01401	0.06339	0.42135	0.08953	0.01155	0.00544	0.00172	0.00353	0.07137	0.00404	0.04553
9	0.04497	0.12763	0.12687	0.01127	0.05346	0.04786	0.00977	0.24323	0.07471	0.01976	0.01219	0.08783	0.01059	0.00630	0.00483	0.00145	0.02108	0.02009	0.00358	0.07252

[dist]
# distance from previous block
# <min> <max>
1	2

[block]
# block no. 2 follows, 51 sequences, length 6
# corresponding to MSA columns:
# 327-332
name=unknown_C
#
# <colnr> <probs for GDERKNQSTAVLIFYWHMCP>
#	G	D	E	R	K	N	Q	S	T	A	V	L	I	F	Y	W	H	M	C	P
0	0.00949	0.08287	0.17699	0.00970	0.03255	0.05562	0.00881	0.01216	0.03465	0.03235	0.07547	0.21093	0.06459	0.05077	0.00681	0.00181	0.05209	0.03641	0.04049	0.00544
1	0.01125	0.00739	0.00904	0.00793	0.01003	0.03244	0.03405	0.07332	0.04685	0.17055	0.21583	0.14830	0.16518	0.01057	0.03269	0.00184	0.00390	0.00823	0.00491	0.00571
2	0.03015	0.14566	0.21295	0.04634	0.11610	0.05738	0.10768	0.09318	0.03336	0.05656	0.01116	0.01316	0.02799	0.00517	0.00468	0.00147	0.00626	0.02090	0.00291	0.00694
3	0.03270	0.04069	0.07740	0.16015	0.09926	0.05642	0.04382	0.10401	0.07937	0.12747	0.05237	0.06229	0.03015	0.00625	0.00495	0.00155	0.00542	0.00531	0.00371	0.00672
4	0.00879	0.00664	0.03045	0.00837	0.03093	0.00588	0.03918	0.05472	0.01176	0.08201	0.12850	0.35608	0.16347	0.01166	0.00585	0.00178	0.00349	0.04078	0.00460	0.00506
5	0.03603	0.01091	0.02834	0.08158	0.13938	0.05306	0.02683	0.18465	0.06126	0.09552	0.01556	0.08948	0.05078	0.00683	0.00501	0.00153	0.00507	0.03648	0.00391	0.06780

[dist]
# distance from previous block
# <min> <max>
30	66

[block]
# block no. 3 follows, 51 sequences, length 13
# corresponding to MSA columns:
# 419-431
name=unknown_D
#
# <colnr> <probs for GDERKNQSTAVLIFYWHMCP>
#	G	D	E	R	K	N	Q	S	T	A	V	L	I	F	Y	W	H	M	C	P
0	0.00984	0.05940	0.04221	0.00779	0.00977	0.06169	0.00622	0.02404	0.06187	0.05918	0.07742	0.18507	0.10206	0.06194	0.00789	0.08778	0.00413	0.04623	0.00386	0.08159
1	0.05194	0.04395	0.05917	0.04465	0.20518	0.04238	0.08783	0.16963	0.01348	0.11164	0.01114	0.03330	0.00871	0.00622	0.02584	0.00167	0.04526	0.00459	0.00342	0.02998
2	0.09696	0.08586	0.10668	0.01246	0.10746	0.08964	0.05073	0.06961	0.04799	0.05571	0.01239	0.10842	0.01108	0.02756	0.00536	0.00157	0.02398	0.00518	0.05111	0.03025
3	0.00741	0.00574	0.00750	0.02977	0.00893	0.00591	0.00552	0.00912	0.04280	0.01290	0.04821	0.37270	0.02274	0.13250	0.11653	0.00304	0.05446	0.02874	0.00376	0.08172
4	0.17458	0.07434	0.03221	0.04674	0.09079	0.02738	0.06909	0.02422	0.02801	0.05596	0.02696	0.01495	0.02225	0.03055	0.10379	0.00242	0.10672	0.02769	0.00297	0.03837
5	0.00633	0.00456	0.00574	0.00627	0.00696	0.00418	0.00434	0.00728	0.01028	0.01356	0.16233	0.44865	0.18915	0.03913	0.00757	0.06089	0.00284	0.01148	0.00449	0.00398
6	0.01216	0.01220	0.01817	0.06222	0.47829	0.07826	0.06058	0.01526	0.04453	0.01517	0.00936	0.01219	0.00783	0.00568	0.02363	0.00166	0.09327	0.00437	0.00254	0.04264
7	0.05334	0.02956	0.08437	0.06891	0.25893	0.01059	0.07631	0.09462	0.01207	0.06377	0.01154	0.07306	0.00990	0.00560	0.00481	0.00146	0.00544	0.02030	0.00315	0.11228
8	0.04191	0.01065	0.01625	0.19113	0.25962	0.02535	0.09116	0.08310	0.05286	0.01701	0.04326	0.04038	0.01019	0.00528	0.00487	0.00148	0.00562	0.00487	0.00301	0.09199
9	0.00605	0.00448	0.00566	0.00644	0.00706	0.00408	0.00442	0.00713	0.01018	0.01340	0.10846	0.60614	0.16984	0.01433	0.00614	0.00189	0.00273	0.01282	0.00465	0.00408
10	0.01112	0.01033	0.11760	0.04823	0.10266	0.00881	0.02574	0.08748	0.01162	0.10242	0.05057	0.18847	0.03171	0.02233	0.05068	0.01783	0.06472	0.00684	0.03480	0.00602
11	0.07199	0.09388	0.15477	0.04545	0.15382	0.07110	0.01109	0.11450	0.06373	0.08138	0.04767	0.01274	0.00975	0.00522	0.00452	0.00143	0.00557	0.00415	0.00332	0.04393
12	0.01430	0.01423	0.01362	0.05197	0.01486	0.26516	0.04454	0.06790	0.10427	0.07406	0.03892	0.03836	0.02465	0.00664	0.00716	0.00158	0.17285	0.00473	0.00336	0.03682

[dist]
# distance from previous block
# <min> <max>
6	23

[block]
# block no. 4 follows, 51 sequences, length 13
# corresponding to MSA columns:
# 455-467
name=unknown_E
#
# <colnr> <probs for GDERKNQSTAVLIFYWHMCP>
#	G	D	E	R	K	N	Q	S	T	A	V	L	I	F	Y	W	H	M	C	P
0	0.15994	0.04236	0.05821	0.01058	0.04910	0.03718	0.06445	0.08455	0.04857	0.19218	0.01158	0.01198	0.00839	0.00488	0.00428	0.00133	0.00484	0.00389	0.00377	0.19795
1	0.00952	0.00817	0.04766	0.08660	0.06229	0.03738	0.00779	0.05063	0.01115	0.06147	0.08970	0.35918	0.02251	0.01041	0.00623	0.00177	0.05435	0.03129	0.03664	0.00526
2	0.07305	0.02957	0.16798	0.09101	0.02141	0.01100	0.36518	0.01454	0.01078	0.03800	0.03996	0.04207	0.00974	0.00705	0.05505	0.00201	0.00731	0.00531	0.00271	0.00628
3	0.06027	0.00958	0.01474	0.14994	0.13727	0.02014	0.12740	0.08410	0.03456	0.04623	0.01405	0.12415	0.01327	0.05809	0.00674	0.00188	0.02234	0.06585	0.00335	0.00602
4	0.06078	0.04821	0.16552	0.01294	0.09323	0.06917	0.07606	0.10159	0.06925	0.08464	0.03841	0.04906	0.01129	0.01751	0.00503	0.00155	0.00553	0.01766	0.06586	0.00672
5	0.00654	0.00481	0.00586	0.00637	0.00700	0.00459	0.00435	0.00781	0.03125	0.01270	0.07156	0.39644	0.16093	0.18856	0.03833	0.00271	0.00362	0.03838	0.00421	0.00398
6	0.01139	0.00647	0.00784	0.00711	0.00860	0.00635	0.00517	0.09617	0.01135	0.17536	0.03941	0.14406	0.04779	0.28689	0.04406	0.00294	0.00446	0.03237	0.05711	0.00512
7	0.03768	0.03320	0.06198	0.07027	0.07589	0.05716	0.00919	0.18960	0.07088	0.11597	0.01207	0.02904	0.00921	0.00594	0.02006	0.00147	0.00522	0.00427	0.02249	0.16842
8	0.00982	0.00645	0.00799	0.00733	0.00901	0.00625	0.00556	0.05009	0.01103	0.12969	0.04334	0.22075	0.20014	0.07165	0.06083	0.00231	0.05682	0.02208	0.00429	0.07455
9	0.00758	0.00526	0.00627	0.00666	0.00787	0.00495	0.00506	0.00961	0.04807	0.04559	0.03182	0.27499	0.26040	0.03028	0.00625	0.00189	0.00315	0.15192	0.08787	0.00453
10	0.11397	0.01194	0.01056	0.00927	0.01124	0.23392	0.05419	0.05616	0.02729	0.05255	0.06940	0.04939	0.01411	0.23376	0.02984	0.00253	0.00597	0.00545	0.00336	0.00510
11	0.05802	0.06999	0.06999	0.04428	0.01658	0.21051	0.09097	0.20085	0.13393	0.04101	0.01113	0.01187	0.00838	0.00533	0.00467	0.00146	0.00638	0.00418	0.00353	0.00695
12	0.00786	0.00654	0.01090	0.01082	0.06822	0.00718	0.08441	0.00994	0.00851	0.01218	0.01255	0.01817	0.01147	0.03119	0.66840	0.00680	0.01214	0.00525	0.00260	0.00486

[dist]
# distance from previous block
# <min> <max>
0	1

[block]
# block no. 5 follows, 51 sequences, length 9
# corresponding to MSA columns:
# 469-477
name=unknown_F
#
# <colnr> <probs for GDERKNQSTAVLIFYWHMCP>
#	G	D	E	R	K	N	Q	S	T	A	V	L	I	F	Y	W	H	M	C	P
0	0.01357	0.76716	0.02490	0.00863	0.01282	0.01912	0.00848	0.07387	0.01100	0.01306	0.00722	0.00819	0.00646	0.00434	0.00329	0.00108	0.00527	0.00277	0.00232	0.00646
1	0.00650	0.00492	0.00611	0.00644	0.00741	0.00461	0.00466	0.00832	0.03377	0.01493	0.24380	0.34056	0.20850	0.01411	0.05000	0.00212	0.00326	0.03091	0.00470	0.00435
2	0.00735	0.00572	0.00706	0.00749	0.00808	0.03722	0.00544	0.00857	0.00906	0.01239	0.01994	0.38405	0.02220	0.08515	0.22847	0.00378	0.04149	0.04832	0.05399	0.00421
3	0.00904	0.00614	0.00847	0.00800	0.00884	0.00692	0.00604	0.01030	0.00880	0.09526	0.05050	0.11155	0.01637	0.17951	0.33365	0.00486	0.12117	0.00660	0.00334	0.00464
4	0.05085	0.00934	0.03794	0.00882	0.01175	0.00901	0.03761	0.08585	0.11979	0.10862	0.01535	0.04244	0.04752	0.00622	0.00540	0.00140	0.07270	0.00490	0.14752	0.17695
5	0.06379	0.10804	0.18465	0.01212	0.04896	0.15387	0.05534	0.05853	0.04819	0.08400	0.01049	0.01192	0.00810	0.00747	0.06451	0.00192	0.03060	0.00396	0.03698	0.00655
6	0.04944	0.03707	0.01481	0.33107	0.14234	0.00979	0.09391	0.01228	0.01035	0.01431	0.03665	0.12292	0.04373	0.00686	0.00512	0.00164	0.00551	0.03252	0.02404	0.00564
7	0.01411	0.14943	0.01589	0.03083	0.14581	0.13805	0.00955	0.15538	0.17858	0.01816	0.01163	0.01254	0.00919	0.00625	0.02944	0.00158	0.00579	0.00414	0.02838	0.03527
8	0.05686	0.00775	0.01016	0.00841	0.01072	0.00767	0.06123	0.05479	0.03235	0.06927	0.09365	0.02101	0.07586	0.11730	0.12448	0.00277	0.05159	0.00559	0.02193	0.16661

[dist]
# distance from previous block
# <min> <max>
0	15

[block]
# block no. 6 follows, 51 sequences, length 21
# corresponding to MSA columns:
# 494-514
name=unknown_G
#
# <colnr> <probs for GDERKNQSTAVLIFYWHMCP>
#	G	D	E	R	K	N	Q	S	T	A	V	L	I	F	Y	W	H	M	C	P
0	0.04689	0.10954	0.24142	0.05310	0.03258	0.04039	0.04440	0.12707	0.01224	0.04155	0.01150	0.09359	0.00998	0.02224	0.00498	0.00152	0.00564	0.00486	0.03140	0.06512
1	0.00784	0.00713	0.06177	0.00743	0.00906	0.00626	0.00623	0.00996	0.03484	0.04086	0.08712	0.13209	0.28787	0.03627	0.06852	0.00231	0.07277	0.07141	0.04548	0.00478
2	0.00864	0.00745	0.01164	0.48506	0.02361	0.00879	0.01055	0.01184	0.04785	0.01351	0.02798	0.14408	0.01491	0.00862	0.02340	0.00190	0.00552	0.11042	0.02907	0.00515
3	0.01170	0.25139	0.09062	0.08975	0.03952	0.05767	0.01885	0.08729	0.02434	0.01463	0.02760	0.04697	0.00981	0.04454	0.07366	0.00208	0.05496	0.00440	0.00277	0.04746
4	0.01202	0.00623	0.00794	0.00716	0.00926	0.00556	0.00558	0.01396	0.02926	0.29129	0.17015	0.15652	0.20200	0.01017	0.00561	0.00168	0.00326	0.05132	0.00526	0.00580
5	0.00812	0.00570	0.00784	0.00761	0.00885	0.00618	0.00588	0.01069	0.06136	0.05997	0.12019	0.06109	0.07177	0.02680	0.50812	0.00556	0.00936	0.00650	0.00358	0.00485
6	0.01086	0.00543	0.00627	0.00585	0.00747	0.00513	0.00445	0.01306	0.02666	0.16288	0.07085	0.11265	0.07834	0.00771	0.00441	0.00139	0.00275	0.00646	0.46212	0.00525
7	0.00898	0.00522	0.00697	0.00734	0.00844	0.00480	0.00543	0.01030	0.01076	0.14531	0.06283	0.50546	0.06892	0.01318	0.00607	0.00191	0.00326	0.11513	0.00485	0.00484
8	0.01037	0.01020	0.01444	0.04646	0.01344	0.01413	0.01049	0.01160	0.00765	0.01182	0.00711	0.01157	0.00695	0.01083	0.08239	0.00261	0.71605	0.00438	0.00219	0.00530
9	0.01573	0.00819	0.00993	0.00816	0.01112	0.00783	0.00655	0.11680	0.09068	0.37856	0.08378	0.04808	0.15949	0.00787	0.00518	0.00156	0.00378	0.00651	0.02316	0.00703
10	0.00652	0.00470	0.00574	0.00632	0.00711	0.00439	0.00442	0.00813	0.03269	0.01430	0.12774	0.49358	0.16862	0.01312	0.00585	0.00180	0.00270	0.01165	0.07634	0.00426
11	0.01793	0.02103	0.01537	0.01322	0.01612	0.65268	0.09388	0.01956	0.01368	0.07887	0.00885	0.01001	0.00695	0.00505	0.00462	0.00133	0.00840	0.00360	0.00283	0.00602
12	0.01075	0.01075	0.01505	0.01290	0.01290	0.01505	0.01075	0.01183	0.00753	0.01183	0.00645	0.01075	0.00645	0.00860	0.01613	0.00215	0.81830	0.00430	0.00215	0.00538
13	0.00664	0.00492	0.00583	0.00581	0.00706	0.00443	0.00434	0.00842	0.01216	0.01644	0.37331	0.11731	0.30901	0.01125	0.00572	0.00163	0.00251	0.03538	0.06346	0.00439
14	0.00787	0.00527	0.00668	0.00696	0.00768	0.00522	0.00484	0.00942	0.04746	0.06704	0.07222	0.44194	0.05838	0.17296	0.02255	0.00255	0.02886	0.02339	0.00433	0.00438
15	0.01191	0.01139	0.01958	0.15693	0.49560	0.01172	0.11572	0.06724	0.01184	0.01640	0.01038	0.01326	0.02605	0.00473	0.00502	0.00152	0.00617	0.00471	0.00262	0.00720
16	0.04964	0.01169	0.01160	0.00990	0.01296	0.09871	0.00782	0.12316	0.38478	0.17924	0.03225	0.01606	0.01279	0.00624	0.00482	0.00155	0.00463	0.00495	0.01969	0.00753
17	0.02793	0.01051	0.01558	0.53293	0.07611	0.08248	0.07700	0.01435	0.01081	0.06760	0.03188	0.01350	0.00818	0.00505	0.00493	0.00158	0.00652	0.00452	0.00263	0.00590
18	0.01586	0.37462	0.04244	0.03462	0.01396	0.10047	0.00871	0.09500	0.04366	0.19151	0.01133	0.02872	0.00875	0.00527	0.00411	0.00130	0.00541	0.00384	0.00350	0.00692
19	0.00894	0.00844	0.02798	0.35019	0.11552	0.00894	0.07262	0.01193	0.03100	0.01422	0.07307	0.14777	0.07355	0.00748	0.00529	0.00166	0.00523	0.00683	0.02382	0.00551
20	0.00701	0.00618	0.02724	0.00730	0.00906	0.00529	0.07001	0.00914	0.01244	0.01663	0.40061	0.07158	0.29623	0.01056	0.00582	0.00163	0.00309	0.03077	0.00473	0.00467

[dist]
# distance from previous block
# <min> <max>
0	1

[block]
# block no. 7 follows, 51 sequences, length 8
# corresponding to MSA columns:
# 516-523
name=unknown_H
#
# <colnr> <probs for GDERKNQSTAVLIFYWHMCP>
#	G	D	E	R	K	N	Q	S	T	A	V	L	I	F	Y	W	H	M	C	P
0	0.09115	0.01112	0.01645	0.12394	0.37351	0.04049	0.03969	0.04634	0.01103	0.04768	0.02465	0.03016	0.00865	0.00550	0.00619	0.00159	0.10779	0.00454	0.00278	0.00674
1	0.01566	0.01892	0.01433	0.01275	0.01438	0.52608	0.00994	0.01685	0.01165	0.01196	0.00719	0.00953	0.00637	0.00632	0.00859	0.00158	0.29636	0.00357	0.00240	0.00558
2	0.01637	0.11218	0.04529	0.01381	0.09938	0.47540	0.01016	0.08610	0.06910	0.01482	0.00899	0.01010	0.00728	0.00507	0.00443	0.00132	0.00741	0.00353	0.00284	0.00643
3	0.04376	0.01144	0.06264	0.05095	0.01553	0.04569	0.08404	0.15847	0.05611	0.32038	0.06236	0.01567	0.01213	0.00685	0.02986	0.00173	0.00546	0.00495	0.00461	0.00738
4	0.01078	0.01026	0.01779	0.19160	0.45371	0.01063	0.08536	0.01361	0.01063	0.01470	0.01096	0.05154	0.00992	0.05314	0.00627	0.00176	0.00598	0.03216	0.00259	0.00662
5	0.00683	0.00536	0.00762	0.09851	0.05687	0.00533	0.00625	0.00825	0.01005	0.01333	0.07397	0.54915	0.08934	0.01294	0.00599	0.00188	0.00343	0.03624	0.00422	0.00445
6	0.01415	0.01140	0.05579	0.19400	0.14848	0.01123	0.11259	0.14168	0.02997	0.17123	0.01272	0.01418	0.02696	0.00542	0.00534	0.00157	0.02774	0.00481	0.00359	0.00715
7	0.01321	0.13007	0.07284	0.04157	0.25249	0.03550	0.08409	0.07555	0.02798	0.10064	0.01278	0.03638	0.04790	0.00563	0.00528	0.00149	0.04159	0.00483	0.00316	0.00701

[dist]
# distance from previous block
# <min> <max>
4	33

[block]
# block no. 8 follows, 51 sequences, length 36
# corresponding to MSA columns:
# 560-595
name=unknown_I
#
# <colnr> <probs for GDERKNQSTAVLIFYWHMCP>
#	G	D	E	R	K	N	Q	S	T	A	V	L	I	F	Y	W	H	M	C	P
0	0.03489	0.18204	0.29947	0.03219	0.01732	0.05234	0.06501	0.08694	0.05689	0.03069	0.00999	0.01200	0.00785	0.00500	0.00443	0.00141	0.00614	0.02574	0.00280	0.06686
1	0.00819	0.00565	0.00704	0.00679	0.00782	0.00575	0.00487	0.00998	0.04438	0.03570	0.04297	0.13025	0.01774	0.25496	0.19543	0.00393	0.02292	0.02331	0.09713	0.07521
2	0.00900	0.00830	0.01380	0.65002	0.07970	0.00999	0.01246	0.01191	0.00986	0.01278	0.01136	0.12774	0.01030	0.00636	0.00510	0.00168	0.00598	0.00573	0.00254	0.00540
3	0.01314	0.83025	0.02575	0.00841	0.01261	0.01945	0.00841	0.01472	0.00999	0.01156	0.00683	0.00788	0.00631	0.00420	0.00315	0.00105	0.00526	0.00263	0.00210	0.00631
4	0.01149	0.01250	0.02583	0.10443	0.02522	0.01228	0.61928	0.04702	0.01169	0.01582	0.01017	0.03205	0.00795	0.00472	0.00605	0.00167	0.03704	0.00573	0.00259	0.00647
5	0.80443	0.00956	0.00748	0.00662	0.00965	0.01104	0.00545	0.04702	0.00904	0.02233	0.00729	0.00841	0.00564	0.00465	0.00313	0.00151	0.00383	0.00278	0.02471	0.00543
6	0.00664	0.00456	0.00557	0.00607	0.00621	0.00446	0.00374	0.00705	0.00815	0.01088	0.02047	0.37602	0.02409	0.45541	0.03572	0.00364	0.00414	0.01007	0.00366	0.00345
7	0.01146	0.00944	0.01053	0.00977	0.03957	0.01045	0.00732	0.10554	0.46294	0.02106	0.19826	0.02285	0.05447	0.00752	0.00520	0.00161	0.00371	0.00636	0.00497	0.00697
8	0.00944	0.00904	0.01571	0.76146	0.03329	0.01102	0.06565	0.01277	0.00995	0.01277	0.00882	0.01311	0.00661	0.00486	0.00497	0.00164	0.00667	0.00446	0.00220	0.00554
9	0.01075	0.00860	0.01017	0.00742	0.01164	0.00656	0.00597	0.01292	0.01044	0.05847	0.00993	0.01216	0.00829	0.00413	0.00382	0.00083	0.00370	0.03022	0.00314	0.78082
10	0.01163	0.01100	0.01826	0.11542	0.63033	0.01133	0.01404	0.01524	0.05902	0.01610	0.04266	0.01367	0.00970	0.00482	0.00492	0.00150	0.00565	0.00464	0.00269	0.00739
11	0.00690	0.00502	0.00650	0.00613	0.00731	0.00461	0.00460	0.00917	0.01379	0.01941	0.75963	0.03720	0.08097	0.01016	0.00580	0.00155	0.00233	0.00896	0.00537	0.00461
12	0.00606	0.00432	0.00572	0.00677	0.00708	0.00404	0.00451	0.00694	0.00949	0.01270	0.05411	0.76919	0.03250	0.04263	0.00689	0.00207	0.00290	0.01356	0.00454	0.00398
13	0.00647	0.00498	0.00562	0.00568	0.00682	0.00451	0.00412	0.00770	0.01066	0.01355	0.15667	0.06418	0.41394	0.18592	0.02516	0.00248	0.00332	0.06989	0.00432	0.00401
14	0.00625	0.00460	0.00578	0.00638	0.00708	0.00423	0.00445	0.00743	0.01045	0.01383	0.16386	0.48088	0.17018	0.05789	0.00714	0.00202	0.00285	0.03600	0.00462	0.00409
15	0.00911	0.00538	0.00689	0.00683	0.00803	0.00504	0.00498	0.03668	0.01187	0.11833	0.24586	0.38361	0.03105	0.01135	0.00563	0.00170	0.00290	0.01007	0.08974	0.00495
16	0.01067	0.00959	0.05176	0.00769	0.01219	0.00683	0.00653	0.01303	0.01036	0.04877	0.00918	0.01047	0.00743	0.00380	0.00375	0.00080	0.00385	0.00303	0.00300	0.77726
17	0.00879	0.00679	0.00763	0.00750	0.00864	0.00732	0.00532	0.01397	0.28005	0.01433	0.02034	0.14370	0.03593	0.33767	0.01338	0.00301	0.00412	0.07249	0.00408	0.00495
18	0.01111	0.00933	0.01553	0.57074	0.19485	0.01073	0.01334	0.01418	0.01052	0.08837	0.00986	0.01325	0.00735	0.00491	0.00491	0.00159	0.00617	0.00442	0.00261	0.00623
19	0.05279	0.05104	0.18181	0.03469	0.09578	0.10555	0.14182	0.17137	0.01344	0.01816	0.01076	0.01241	0.03658	0.00532	0.00539	0.00153	0.04736	0.00440	0.00296	0.00686
20	0.03492	0.11848	0.01256	0.00921	0.03821	0.01039	0.00731	0.22380	0.01478	0.16686	0.09052	0.05581	0.08677	0.03729	0.00567	0.00163	0.00432	0.05081	0.02408	0.00656
21	0.01744	0.00710	0.00923	0.00745	0.01034	0.00632	0.00602	0.01948	0.01308	0.53194	0.08297	0.01880	0.01512	0.00632	0.00462	0.00143	0.00354	0.00518	0.22655	0.00707
22	0.00737	0.00528	0.00724	0.03649	0.00872	0.00555	0.00543	0.00869	0.00963	0.03792	0.14913	0.32761	0.02583	0.11913	0.17914	0.00350	0.04575	0.00931	0.00394	0.00432
23	0.01144	0.04485	0.07399	0.40729	0.10928	0.01077	0.05128	0.04683	0.01099	0.08184	0.00999	0.01284	0.00749	0.00515	0.00511	0.02246	0.00598	0.00428	0.02264	0.05550
24	0.00704	0.00513	0.00612	0.00611	0.00741	0.00471	0.00464	0.00861	0.01130	0.03654	0.21746	0.06726	0.34988	0.07738	0.06686	0.00240	0.00369	0.09017	0.02294	0.00435
25	0.00712	0.00508	0.00632	0.00603	0.00734	0.00458	0.00451	0.00911	0.01307	0.04251	0.56269	0.08111	0.21076	0.01074	0.00580	0.00159	0.00244	0.00937	0.00520	0.00461
26	0.01383	0.07441	0.16256	0.01752	0.20369	0.20883	0.09850	0.08737	0.02946	0.01595	0.00904	0.01090	0.00716	0.00490	0.00511	0.00145	0.03575	0.00401	0.00265	0.00691
27	0.01156	0.00954	0.01220	0.18427	0.04805	0.05558	0.04727	0.05575	0.18135	0.08353	0.03598	0.06540	0.08534	0.00775	0.00534	0.00169	0.00501	0.09418	0.00400	0.00621
28	0.00648	0.00491	0.00599	0.00641	0.00706	0.00474	0.00447	0.00743	0.00970	0.01263	0.07140	0.37655	0.22258	0.16018	0.00994	0.00240	0.03791	0.04101	0.00422	0.00396
29	0.03855	0.00668	0.01947	0.09608	0.02798	0.01642	0.00607	0.01066	0.05986	0.05110	0.05754	0.12345	0.39820	0.01035	0.00546	0.00167	0.00346	0.02958	0.03249	0.00493
30	0.02368	0.09723	0.07000	0.14011	0.08436	0.01260	0.11783	0.22328	0.03771	0.04356	0.01157	0.03762	0.00951	0.04064	0.00577	0.00167	0.00590	0.02679	0.00337	0.00680
31	0.00653	0.00490	0.00645	0.00735	0.02407	0.00459	0.00508	0.00771	0.00973	0.01297	0.03987	0.54148	0.11211	0.03117	0.06922	0.00242	0.00386	0.06568	0.00428	0.04053
32	0.00908	0.00639	0.00757	0.00754	0.00881	0.00653	0.00551	0.08573	0.10905	0.05052	0.02401	0.37677	0.07946	0.09805	0.02741	0.00228	0.00379	0.05245	0.03399	0.00505
33	0.06306	0.01210	0.16527	0.00981	0.01323	0.05156	0.05854	0.01392	0.02661	0.10312	0.03338	0.09648	0.02240	0.11408	0.00784	0.00189	0.03909	0.00549	0.00333	0.15881
34	0.19020	0.00969	0.02107	0.00788	0.01136	0.03582	0.00638	0.09260	0.03698	0.09478	0.04516	0.04267	0.02690	0.02256	0.00454	0.00129	0.00406	0.00422	0.00370	0.33816
35	0.05478	0.16160	0.17514	0.05642	0.09996	0.09945	0.02467	0.07430	0.01233	0.14948	0.02509	0.01172	0.00836	0.00501	0.00442	0.00140	0.00592	0.00388	0.00320	0.02289

[dist]
# distance from previous block
# <min> <max>
1	9

[block]
# block no. 9 follows, 51 sequences, length 15
# corresponding to MSA columns:
# 605-619
name=unknown_J
#
# <colnr> <probs for GDERKNQSTAVLIFYWHMCP>
#	G	D	E	R	K	N	Q	S	T	A	V	L	I	F	Y	W	H	M	C	P
0	0.00835	0.03463	0.01188	0.01000	0.04768	0.00688	0.15114	0.01080	0.01267	0.03158	0.43190	0.05532	0.14936	0.00893	0.00567	0.00158	0.00378	0.00819	0.00447	0.00519
1	0.06337	0.04962	0.31995	0.01178	0.01651	0.04335	0.05931	0.14702	0.03166	0.07844	0.01305	0.04290	0.03623	0.00631	0.00515	0.01990	0.00596	0.03934	0.00333	0.00684
2	0.01586	0.01839	0.03950	0.03731	0.04652	0.48807	0.01002	0.01739	0.01209	0.06325	0.00856	0.01072	0.00715	0.02119	0.02691	0.00171	0.16310	0.00372	0.00267	0.00586
3	0.01046	0.00929	0.01555	0.22948	0.31434	0.00995	0.05218	0.01311	0.01050	0.03720	0.01281	0.03539	0.02636	0.00837	0.05156	0.02223	0.03255	0.09969	0.00282	0.00617
4	0.10170	0.10552	0.05955	0.10920	0.35919	0.02915	0.03460	0.01535	0.02568	0.06401	0.00973	0.02746	0.00795	0.00493	0.00480	0.00148	0.02583	0.00422	0.00273	0.00689
5	0.01012	0.00950	0.01603	0.66679	0.08593	0.01130	0.06307	0.05309	0.01073	0.01397	0.00901	0.01298	0.00679	0.00488	0.00497	0.00162	0.00655	0.00446	0.00236	0.00585
6	0.00707	0.00473	0.00538	0.00545	0.00547	0.00472	0.00308	0.00713	0.00729	0.00972	0.01620	0.08109	0.01877	0.77713	0.02385	0.00459	0.00465	0.00757	0.00308	0.00304
7	0.01125	0.09008	0.11966	0.03069	0.14773	0.06639	0.09047	0.07924	0.03018	0.01584	0.05370	0.05373	0.03382	0.02111	0.09482	0.00229	0.00669	0.04296	0.00308	0.00627
8	0.10080	0.29922	0.19121	0.05167	0.13106	0.01452	0.01150	0.07452	0.05448	0.01624	0.00883	0.01021	0.00706	0.00467	0.00405	0.00137	0.00563	0.00350	0.00263	0.00683
9	0.03504	0.11495	0.42037	0.01331	0.03420	0.01267	0.08625	0.10268	0.02578	0.07513	0.00991	0.01111	0.00720	0.00493	0.00489	0.00151	0.02609	0.00394	0.00282	0.00722
10	0.00710	0.00495	0.00630	0.00630	0.00662	0.00527	0.00415	0.00775	0.00742	0.01022	0.01463	0.02741	0.01580	0.53527	0.31422	0.00592	0.00787	0.00645	0.00285	0.00350
11	0.44203	0.01103	0.05838	0.04089	0.01236	0.02898	0.00745	0.12804	0.07970	0.02147	0.07245	0.01255	0.01029	0.00648	0.02832	0.00174	0.02433	0.00393	0.00354	0.00604
12	0.12868	0.16437	0.12103	0.02817	0.01282	0.01100	0.00831	0.08112	0.05210	0.08707	0.08469	0.05753	0.04258	0.01618	0.00461	0.00145	0.00453	0.00490	0.02065	0.06820
13	0.07860	0.15325	0.16967	0.02537	0.07635	0.05579	0.02754	0.08990	0.08756	0.05954	0.01025	0.01116	0.00786	0.00482	0.00425	0.00133	0.00547	0.00371	0.00311	0.12445
14	0.05897	0.11316	0.25817	0.03176	0.04775	0.01165	0.05139	0.10367	0.05939	0.06405	0.05223	0.03327	0.02290	0.00552	0.00458	0.00145	0.00551	0.00449	0.00325	0.06685

[dist]
# distance from previous block
# <min> <max>
1	31

[block]
# block no. 10 follows, 51 sequences, length 18
# corresponding to MSA columns:
# 651-668
name=unknown_K
#
# <colnr> <probs for GDERKNQSTAVLIFYWHMCP>
#	G	D	E	R	K	N	Q	S	T	A	V	L	I	F	Y	W	H	M	C	P
0	0.01207	0.01206	0.10784	0.03878	0.14073	0.04581	0.04456	0.06225	0.06051	0.08082	0.01221	0.01530	0.02814	0.09413	0.02040	0.00189	0.07031	0.00463	0.00318	0.14438
1	0.03593	0.02588	0.01504	0.15335	0.25553	0.09529	0.01111	0.13236	0.02794	0.01685	0.01035	0.03968	0.00888	0.00614	0.00588	0.04143	0.03614	0.02466	0.00297	0.05459
2	0.01431	0.06379	0.07299	0.08172	0.06189	0.11727	0.00973	0.15988	0.02564	0.12708	0.01280	0.10971	0.01097	0.00669	0.00564	0.00153	0.06448	0.00524	0.00366	0.04498
3	0.01367	0.16212	0.01769	0.04078	0.16221	0.04153	0.07371	0.15980	0.09004	0.04719	0.01069	0.01192	0.00837	0.00532	0.01619	0.00142	0.00554	0.00409	0.00330	0.12441
4	0.01060	0.00976	0.01619	0.14111	0.51154	0.01004	0.01261	0.01322	0.01082	0.01513	0.06215	0.05760	0.01280	0.05797	0.00636	0.00176	0.00544	0.03546	0.00281	0.00661
5	0.01047	0.00886	0.01028	0.00746	0.01168	0.00696	0.00597	0.04263	0.02790	0.01681	0.03266	0.01123	0.00866	0.00399	0.00378	0.00080	0.00367	0.00321	0.00311	0.77987
6	0.03620	0.07739	0.28622	0.02919	0.04680	0.01049	0.02161	0.09311	0.02620	0.14666	0.04427	0.05563	0.03581	0.00616	0.00476	0.00151	0.00538	0.01995	0.01774	0.03491
7	0.01309	0.73089	0.08976	0.00899	0.01344	0.01861	0.00926	0.04529	0.01054	0.01267	0.00719	0.00825	0.00638	0.00431	0.00335	0.00111	0.00543	0.00278	0.00221	0.00647
8	0.00784	0.00596	0.00796	0.00757	0.00785	0.00701	0.00544	0.00845	0.00740	0.01047	0.01271	0.02322	0.01349	0.38206	0.26933	0.05802	0.15288	0.00587	0.00267	0.00380
9	0.01001	0.04413	0.20172	0.25345	0.08765	0.01115	0.17893	0.01369	0.01026	0.01410	0.01013	0.05127	0.00840	0.00741	0.06125	0.00205	0.02084	0.00496	0.00238	0.00621
10	0.01269	0.06962	0.18000	0.02120	0.03386	0.00917	0.02483	0.03245	0.02451	0.22315	0.06282	0.14121	0.04637	0.00822	0.01612	0.00172	0.05504	0.02651	0.00402	0.00649
11	0.00836	0.00678	0.00819	0.00809	0.00937	0.04897	0.04411	0.01110	0.09776	0.04484	0.09390	0.46351	0.09777	0.01216	0.00588	0.00182	0.00357	0.02442	0.00453	0.00489
12	0.00713	0.00480	0.00555	0.00568	0.00577	0.00478	0.00339	0.00733	0.00754	0.01003	0.01681	0.07709	0.01935	0.72987	0.02280	0.00445	0.00464	0.05670	0.00317	0.00313
13	0.17534	0.04079	0.06986	0.06874	0.06288	0.01106	0.07277	0.15261	0.03859	0.19217	0.03333	0.03914	0.01017	0.00567	0.00463	0.00153	0.00509	0.00465	0.00397	0.00699
14	0.78631	0.00940	0.00760	0.00667	0.00978	0.01068	0.00549	0.01530	0.00888	0.09216	0.00797	0.00877	0.00594	0.00470	0.00321	0.00152	0.00384	0.00287	0.00332	0.00560
15	0.05596	0.05235	0.01412	0.01219	0.01478	0.69946	0.00930	0.03979	0.01361	0.01297	0.00762	0.00892	0.00634	0.00513	0.00465	0.00130	0.02998	0.00319	0.00259	0.00577
16	0.01185	0.12663	0.01224	0.04921	0.01247	0.15190	0.00734	0.06097	0.18951	0.02947	0.03464	0.02228	0.20620	0.02135	0.04130	0.00182	0.00525	0.00585	0.00379	0.00595
17	0.01404	0.60613	0.05804	0.01010	0.03516	0.16293	0.00925	0.03237	0.01104	0.01237	0.00724	0.00838	0.00639	0.00442	0.00354	0.00113	0.00602	0.00286	0.00225	0.00632

[dist]
# distance from previous block
# <min> <max>
0	1

[block]
# block no. 11 follows, 51 sequences, length 18
# corresponding to MSA columns:
# 670-687
name=unknown_L
#
# <colnr> <probs for GDERKNQSTAVLIFYWHMCP>
#	G	D	E	R	K	N	Q	S	T	A	V	L	I	F	Y	W	H	M	C	P
0	0.01321	0.68576	0.10372	0.00931	0.01369	0.07986	0.00948	0.01518	0.01033	0.01200	0.00709	0.00821	0.00630	0.00432	0.00341	0.00112	0.00574	0.00277	0.00213	0.00636
1	0.01248	0.12542	0.05446	0.01101	0.02626	0.12473	0.00929	0.06709	0.03423	0.04078	0.01138	0.03019	0.01062	0.04372	0.00902	0.00183	0.25055	0.08697	0.04416	0.00581
2	0.00715	0.00476	0.00536	0.00536	0.00536	0.00476	0.00298	0.00715	0.00715	0.00953	0.01548	0.03216	0.01787	0.82729	0.02501	0.00476	0.00476	0.00715	0.00298	0.00298
3	0.00925	0.00834	0.01373	0.52285	0.14113	0.00969	0.01215	0.01213	0.01024	0.01355	0.03163	0.08632	0.01198	0.00664	0.00518	0.00169	0.00576	0.07291	0.01927	0.00556
4	0.00642	0.00506	0.00567	0.00591	0.00703	0.00463	0.00418	0.00818	0.05163	0.01358	0.09515	0.26575	0.40248	0.09221	0.00777	0.00205	0.00288	0.01072	0.00450	0.00422
5	0.78474	0.00961	0.00774	0.00677	0.00989	0.01099	0.00558	0.04472	0.00924	0.06360	0.00770	0.00859	0.00580	0.00469	0.00321	0.00152	0.00388	0.00285	0.00328	0.00560
6	0.00633	0.00482	0.00585	0.00623	0.00727	0.00435	0.00458	0.00780	0.01129	0.01473	0.22249	0.29741	0.29884	0.01291	0.00604	0.00179	0.00274	0.07551	0.00477	0.00425
7	0.01496	0.01046	0.01585	0.13485	0.35616	0.01070	0.01178	0.08177	0.06598	0.22842	0.01285	0.01392	0.00933	0.00520	0.00491	0.00152	0.00533	0.00461	0.00376	0.00765
8	0.00658	0.00497	0.00568	0.00572	0.00651	0.00469	0.00388	0.00748	0.00982	0.01269	0.13178	0.13964	0.30690	0.29608	0.01282	0.00278	0.02475	0.00936	0.00406	0.00382
9	0.01262	0.01063	0.03640	0.01039	0.01322	0.04147	0.05877	0.04711	0.45474	0.09700	0.03549	0.11108	0.01637	0.00753	0.00522	0.00168	0.00442	0.02405	0.00470	0.00710
10	0.01088	0.01100	0.01777	0.46958	0.21737	0.06403	0.11141	0.01405	0.01066	0.01378	0.00894	0.01261	0.00695	0.00469	0.00498	0.00157	0.00675	0.00447	0.00231	0.00619
11	0.06199	0.01221	0.06991	0.12004	0.54294	0.01182	0.01410	0.06063	0.01144	0.01675	0.00910	0.01186	0.00739	0.00466	0.00501	0.00151	0.02454	0.00423	0.00256	0.00731
12	0.03795	0.01132	0.01287	0.03122	0.04171	0.01272	0.00873	0.29899	0.29265	0.09390	0.04113	0.01529	0.01208	0.00639	0.00567	0.00160	0.05847	0.00497	0.00468	0.00765
13	0.00656	0.00482	0.00603	0.00657	0.00751	0.00443	0.00491	0.00776	0.01061	0.01372	0.12114	0.30912	0.26039	0.01368	0.00702	0.05787	0.00307	0.14623	0.00449	0.00409
14	0.01139	0.01077	0.01774	0.26509	0.45181	0.01169	0.03302	0.03311	0.06237	0.01551	0.00979	0.01283	0.00785	0.00485	0.00526	0.00155	0.03129	0.00449	0.00258	0.00699
15	0.00630	0.00448	0.00589	0.00667	0.00702	0.00432	0.00446	0.00720	0.00925	0.01249	0.07450	0.59316	0.02967	0.13445	0.07329	0.00284	0.00392	0.01195	0.00423	0.00392
16	0.00705	0.00511	0.00710	0.00707	0.00772	0.00566	0.00515	0.00835	0.00808	0.01142	0.06494	0.02406	0.01609	0.25741	0.53514	0.00660	0.01009	0.00603	0.00291	0.00401
17	0.05171	0.01153	0.03910	0.01014	0.01374	0.01170	0.00856	0.38009	0.10323	0.22267	0.03338	0.01700	0.01205	0.00653	0.00499	0.00157	0.00480	0.05439	0.00504	0.00780

[dist]
# distance from previous block
# <min> <max>
0	6

[block]
# block no. 12 follows, 51 sequences, length 20
# corresponding to MSA columns:
# 694-713
name=unknown_M
#
# <colnr> <probs for GDERKNQSTAVLIFYWHMCP>
#	G	D	E	R	K	N	Q	S	T	A	V	L	I	F	Y	W	H	M	C	P
0	0.04462	0.30859	0.05232	0.01351	0.11736	0.09018	0.11339	0.04375	0.02304	0.05088	0.00887	0.01031	0.00719	0.00446	0.00414	0.00126	0.00588	0.00362	0.00268	0.09394
1	0.00708	0.00477	0.00553	0.00565	0.00573	0.00477	0.00333	0.00726	0.00747	0.00997	0.01666	0.09126	0.01919	0.72197	0.03986	0.00454	0.00480	0.03387	0.00314	0.00314
2	0.00888	0.03378	0.03738	0.00865	0.01005	0.03542	0.00712	0.01065	0.00882	0.05754	0.01498	0.01929	0.06892	0.02703	0.53718	0.00579	0.09538	0.00531	0.00289	0.00491
3	0.01566	0.12176	0.04147	0.01332	0.11013	0.10194	0.03081	0.27551	0.14210	0.06994	0.01222	0.01294	0.00928	0.00555	0.00468	0.00145	0.00563	0.01423	0.00390	0.00749
4	0.01834	0.01251	0.01364	0.01054	0.01425	0.01359	0.00868	0.64246	0.02119	0.11233	0.01292	0.01281	0.00908	0.00591	0.00481	0.00146	0.00505	0.00449	0.06789	0.00808
5	0.01314	0.83025	0.02575	0.00841	0.01261	0.01945	0.00841	0.01472	0.00999	0.01156	0.00683	0.00788	0.00631	0.00420	0.00315	0.00105	0.00526	0.00263	0.00210	0.00631
6	0.00626	0.00504	0.00554	0.00572	0.00713	0.00442	0.00437	0.00763	0.01108	0.01363	0.08853	0.07365	0.56890	0.05986	0.00708	0.00193	0.00291	0.11764	0.00452	0.00416
7	0.00593	0.00478	0.00528	0.00559	0.00682	0.00413	0.00403	0.00712	0.01083	0.01343	0.08634	0.27404	0.52814	0.01317	0.00594	0.00175	0.00259	0.01134	0.00461	0.00413
8	0.00631	0.00492	0.00563	0.00564	0.00690	0.00435	0.00413	0.00779	0.01163	0.01503	0.27988	0.12243	0.42002	0.06140	0.00703	0.00186	0.00265	0.02344	0.00473	0.00422
9	0.03598	0.00852	0.01097	0.00856	0.01204	0.00782	0.00702	0.10170	0.01466	0.61018	0.06311	0.01730	0.01365	0.00624	0.00486	0.00149	0.00408	0.00505	0.05891	0.00785
10	0.01780	0.01311	0.01412	0.01100	0.01468	0.01446	0.00901	0.72656	0.02215	0.02969	0.01286	0.06819	0.01003	0.00656	0.00501	0.00151	0.00523	0.00509	0.00489	0.00805
11	0.01123	0.00878	0.01032	0.00753	0.01172	0.00688	0.00603	0.04471	0.01097	0.07095	0.01017	0.03613	0.00845	0.00427	0.00386	0.00085	0.00373	0.00346	0.00327	0.73669
12	0.00604	0.00434	0.00572	0.00674	0.00712	0.00403	0.00454	0.00699	0.00973	0.01297	0.07100	0.75145	0.06115	0.01499	0.00623	0.00196	0.00281	0.01355	0.00461	0.00403
13	0.71481	0.00921	0.00773	0.00710	0.02719	0.01042	0.00560	0.02871	0.00919	0.07154	0.00843	0.00942	0.00637	0.00476	0.00326	0.00149	0.00380	0.00301	0.06237	0.00558
14	0.00670	0.00453	0.00591	0.00677	0.00725	0.00421	0.00458	0.00758	0.00954	0.04130	0.02694	0.68275	0.06487	0.07493	0.00760	0.00217	0.00306	0.03070	0.00450	0.00410
15	0.01019	0.00908	0.01514	0.47655	0.10588	0.01031	0.07733	0.04091	0.01101	0.04199	0.06587	0.04922	0.03527	0.00597	0.00538	0.00163	0.02413	0.00541	0.00287	0.00585
16	0.01039	0.00911	0.01070	0.11899	0.04685	0.06426	0.00883	0.03506	0.22468	0.01634	0.03377	0.04159	0.04278	0.00910	0.00565	0.00183	0.00486	0.29062	0.00411	0.02049
17	0.01121	0.00707	0.01000	0.01162	0.17073	0.00651	0.00726	0.01308	0.01202	0.20090	0.14280	0.14938	0.19946	0.00940	0.00550	0.00163	0.00366	0.02720	0.00461	0.00595
18	0.00732	0.00510	0.00600	0.00611	0.00749	0.00449	0.00456	0.00870	0.01129	0.07213	0.12752	0.23615	0.41430	0.01249	0.00592	0.00176	0.00281	0.05660	0.00477	0.00450
19	0.39017	0.14474	0.19890	0.00936	0.01361	0.04049	0.02319	0.01612	0.06396	0.04682	0.00877	0.00970	0.00669	0.00474	0.00375	0.00146	0.00513	0.00325	0.00288	0.00626

[dist]
# distance from previous block
# <min> <max>
3	12

[block]
# block no. 13 follows, 51 sequences, length 31
# corresponding to MSA columns:
# 726-756
name=unknown_N
#
# <colnr> <probs for GDERKNQSTAVLIFYWHMCP>
#	G	D	E	R	K	N	Q	S	T	A	V	L	I	F	Y	W	H	M	C	P
0	0.01297	0.77207	0.02499	0.00873	0.01263	0.01913	0.00857	0.01451	0.00981	0.01158	0.00680	0.00809	0.00632	0.00452	0.00407	0.00113	0.06298	0.00275	0.00211	0.00624
1	0.00716	0.00496	0.00592	0.00589	0.00623	0.00493	0.00363	0.00755	0.00760	0.01036	0.01606	0.10898	0.01819	0.61628	0.11138	0.00465	0.00548	0.00741	0.00309	0.04424
2	0.00597	0.00433	0.00565	0.00671	0.00709	0.00400	0.00450	0.00686	0.00954	0.01260	0.02870	0.76894	0.08661	0.01519	0.00624	0.00197	0.00283	0.01371	0.00456	0.00400
3	0.01888	0.01325	0.01411	0.01091	0.01472	0.04013	0.00897	0.64852	0.02145	0.12264	0.01266	0.01243	0.00884	0.00589	0.00487	0.00147	0.00531	0.00445	0.02232	0.00819
4	0.01868	0.01376	0.01475	0.01131	0.01524	0.01524	0.00934	0.78025	0.02311	0.03097	0.01180	0.01180	0.00836	0.00590	0.00492	0.00147	0.00541	0.00442	0.00492	0.00836
5	0.00591	0.00491	0.00517	0.00525	0.00674	0.00417	0.00388	0.00720	0.01123	0.01370	0.10491	0.12246	0.66244	0.01255	0.00585	0.00168	0.00251	0.01061	0.00463	0.00417
6	0.01059	0.05673	0.71556	0.01369	0.02050	0.06825	0.01716	0.01582	0.01061	0.01516	0.00865	0.01017	0.00624	0.00468	0.00459	0.00152	0.00730	0.00356	0.00211	0.00711
7	0.00652	0.00487	0.00613	0.00657	0.00755	0.00447	0.00492	0.00811	0.01140	0.01509	0.25057	0.29955	0.21220	0.01290	0.00611	0.00183	0.00288	0.12922	0.00480	0.00430
8	0.00813	0.00544	0.00685	0.00708	0.00806	0.00530	0.00508	0.02793	0.06617	0.06184	0.18576	0.43010	0.03074	0.06278	0.00707	0.00200	0.00312	0.04224	0.02958	0.00473
9	0.00614	0.00496	0.00546	0.00540	0.00686	0.00428	0.00402	0.00768	0.01191	0.01509	0.26182	0.07463	0.55078	0.01187	0.00582	0.00164	0.00245	0.01009	0.00481	0.00428
10	0.00710	0.00511	0.00624	0.00625	0.00753	0.00463	0.00475	0.00881	0.01202	0.04092	0.32852	0.11532	0.28680	0.04358	0.00669	0.00184	0.00285	0.10172	0.00487	0.00446
11	0.01268	0.76236	0.05203	0.00853	0.01265	0.01842	0.00857	0.01437	0.00997	0.01175	0.00787	0.04714	0.00756	0.00476	0.00336	0.00111	0.00521	0.00321	0.00222	0.00623
12	0.05689	0.01188	0.03473	0.16904	0.06992	0.01245	0.40560	0.01437	0.01036	0.01484	0.00890	0.01241	0.00700	0.00508	0.00715	0.00172	0.14409	0.00499	0.00239	0.00620
13	0.01681	0.00838	0.01042	0.00860	0.01160	0.00810	0.00687	0.08674	0.13988	0.43472	0.08004	0.09182	0.03387	0.00744	0.00511	0.00158	0.00388	0.00623	0.03055	0.00738
14	0.01279	0.66213	0.09264	0.00943	0.01348	0.04154	0.00951	0.01467	0.00991	0.01195	0.00699	0.00839	0.00631	0.00467	0.00449	0.00120	0.07860	0.00288	0.00212	0.00629
15	0.02550	0.00633	0.00802	0.00719	0.00909	0.00590	0.02802	0.06098	0.01314	0.12616	0.30179	0.10419	0.22781	0.01021	0.00566	0.00164	0.00318	0.04489	0.00501	0.00528
16	0.00713	0.00542	0.00637	0.00675	0.00760	0.02136	0.00494	0.00860	0.02748	0.01291	0.05989	0.20975	0.17640	0.19351	0.07510	0.00300	0.00445	0.14534	0.01988	0.00409
17	0.00833	0.02643	0.06484	0.00833	0.00989	0.00669	0.02892	0.08822	0.03003	0.01544	0.05918	0.48289	0.02523	0.02640	0.03740	0.00211	0.00412	0.03910	0.03149	0.00496
18	0.00908	0.00686	0.01024	0.01006	0.01176	0.02128	0.08706	0.01143	0.01138	0.05501	0.02429	0.04632	0.06143	0.01298	0.04004	0.00235	0.00524	0.56396	0.00428	0.00494
19	0.01160	0.01326	0.02900	0.02071	0.02568	0.01243	0.77879	0.01574	0.01160	0.01574	0.00994	0.01326	0.00746	0.00414	0.00580	0.00166	0.00829	0.00580	0.00249	0.00663
20	0.01836	0.02342	0.01393	0.01266	0.01519	0.80756	0.00950	0.01962	0.01393	0.01203	0.00760	0.00886	0.00633	0.00506	0.00443	0.00127	0.00886	0.00317	0.00253	0.00570
21	0.00850	0.00451	0.00653	0.00638	0.00667	0.00437	0.00432	0.00672	0.00679	0.00910	0.01027	0.01606	0.04139	0.01623	0.01789	0.77963	0.00416	0.00446	0.00227	0.04374
22	0.01188	0.21279	0.40818	0.01188	0.02920	0.03252	0.01321	0.09725	0.03682	0.02828	0.04738	0.01176	0.00896	0.00577	0.02266	0.00157	0.00634	0.00385	0.00273	0.00696
23	0.01156	0.01210	0.01429	0.01240	0.01274	0.12214	0.01009	0.01259	0.00837	0.01171	0.00717	0.01184	0.00715	0.05940	0.01509	0.00219	0.65731	0.00432	0.00225	0.00527
24	0.00742	0.00497	0.00639	0.00649	0.00756	0.00453	0.00473	0.00905	0.01193	0.06414	0.36718	0.32074	0.12714	0.01208	0.00594	0.00173	0.00269	0.02569	0.00503	0.00457
25	0.05101	0.02064	0.12898	0.01104	0.03224	0.06878	0.11545	0.02466	0.03562	0.02947	0.05452	0.24240	0.06451	0.04378	0.02398	0.00196	0.02378	0.01817	0.00352	0.00547
26	0.01092	0.00966	0.01227	0.04929	0.01287	0.03535	0.02535	0.04400	0.16339	0.03583	0.01276	0.07274	0.01167	0.07438	0.06445	0.00250	0.32836	0.00555	0.02294	0.00572
27	0.00678	0.00517	0.00614	0.00604	0.00732	0.00471	0.00447	0.03346	0.01252	0.01664	0.38084	0.17194	0.30270	0.01164	0.00585	0.00166	0.00257	0.01011	0.00496	0.00448
