[name]
unknown

[dist]
# distance from previous block
# <min> <max>
1	96

[block]
# block no. 0 follows, 56 sequences, length 14
# corresponding to MSA columns:
# 432-445
name=unknown_A
#
# <colnr> <probs for GDERKNQSTAVLIFYWHMCP>
#	G	D	E	R	K	N	Q	S	T	A	V	L	I	F	Y	W	H	M	C	P
0	0.08159	0.00905	0.01099	0.02536	0.13108	0.03507	0.00768	0.04497	0.16639	0.14049	0.02625	0.10019	0.01998	0.00626	0.00490	0.00141	0.03968	0.01367	0.00375	0.13123
1	0.10992	0.01031	0.01352	0.31711	0.21889	0.07972	0.01083	0.09676	0.01097	0.01537	0.00951	0.06940	0.00816	0.00523	0.00443	0.00145	0.00548	0.00445	0.00265	0.00584
2	0.01381	0.03227	0.01443	0.08302	0.33690	0.00972	0.01026	0.05698	0.08294	0.23805	0.04501	0.01391	0.01038	0.00504	0.00455	0.00139	0.00469	0.00443	0.00365	0.02858
3	0.01173	0.01203	0.09782	0.17124	0.26817	0.01165	0.05759	0.16681	0.08333	0.01721	0.00978	0.01180	0.00753	0.00487	0.00515	0.00147	0.04803	0.00420	0.00285	0.00674
4	0.01126	0.08469	0.01458	0.01251	0.11448	0.07890	0.13918	0.01523	0.13482	0.08176	0.14946	0.03403	0.02973	0.00715	0.03518	0.00164	0.00513	0.02582	0.00354	0.02091
5	0.01079	0.01061	0.01629	0.33607	0.12690	0.07973	0.17488	0.02642	0.08165	0.03404	0.01083	0.01332	0.02977	0.00479	0.00472	0.00147	0.00607	0.00454	0.02123	0.00589
6	0.00856	0.00658	0.00822	0.00851	0.08022	0.00651	0.00579	0.14649	0.01310	0.01777	0.34045	0.14068	0.15706	0.03214	0.00575	0.00158	0.00313	0.00803	0.00442	0.00501
7	0.01517	0.01241	0.01328	0.01051	0.01393	0.08504	0.05371	0.42033	0.18232	0.05086	0.01217	0.01216	0.00892	0.00531	0.00451	0.00135	0.00501	0.00421	0.00415	0.08464
8	0.00763	0.00495	0.00660	0.00652	0.00738	0.00512	0.00476	0.00875	0.00820	0.07927	0.01805	0.09817	0.08676	0.24147	0.36260	0.00488	0.00744	0.03423	0.00321	0.00402
9	0.00870	0.00725	0.00758	0.00703	0.00851	0.07556	0.00530	0.10032	0.05220	0.01759	0.43319	0.14804	0.09209	0.00930	0.00524	0.00149	0.00318	0.00802	0.00457	0.00484
10	0.00761	0.00719	0.00888	0.00927	0.07744	0.07863	0.07617	0.00895	0.00991	0.01228	0.02695	0.31635	0.27224	0.05875	0.00643	0.00178	0.00386	0.00924	0.00366	0.00439
11	0.01030	0.04176	0.06641	0.27506	0.10877	0.07852	0.00994	0.02590	0.01002	0.01370	0.00824	0.01060	0.00657	0.00413	0.00404	0.00116	0.00521	0.00342	0.01868	0.29755
12	0.01179	0.33680	0.13733	0.05645	0.01365	0.02625	0.00889	0.04390	0.08164	0.09682	0.02944	0.09305	0.01058	0.00565	0.00403	0.00129	0.00478	0.00443	0.00302	0.03021
13	0.01311	0.15960	0.24382	0.00975	0.01395	0.04093	0.00991	0.10243	0.04375	0.18151	0.01219	0.08524	0.00980	0.00563	0.00428	0.00135	0.00505	0.00446	0.00339	0.04985

[dist]
# distance from previous block
# <min> <max>
1	4

[block]
# block no. 1 follows, 56 sequences, length 15
# corresponding to MSA columns:
# 482-496
name=unknown_B
#
# <colnr> <probs for GDERKNQSTAVLIFYWHMCP>
#	G	D	E	R	K	N	Q	S	T	A	V	L	I	F	Y	W	H	M	C	P
0	0.04797	0.13088	0.38467	0.01180	0.06253	0.01146	0.01220	0.01477	0.05992	0.05308	0.00886	0.01015	0.00678	0.00472	0.00505	0.00137	0.08256	0.00344	0.00243	0.08537
1	0.12429	0.00951	0.01210	0.10810	0.19727	0.04449	0.02362	0.03371	0.12242	0.01571	0.01081	0.06039	0.00924	0.00660	0.04672	0.00163	0.00500	0.00434	0.00293	0.16111
2	0.19104	0.00880	0.01302	0.12651	0.17682	0.00955	0.10228	0.04342	0.03352	0.01533	0.00965	0.01350	0.00818	0.03105	0.10390	0.04088	0.01927	0.02341	0.02443	0.00545
3	0.01162	0.01267	0.01383	0.01200	0.01253	0.19300	0.00978	0.01267	0.00836	0.01109	0.00626	0.00965	0.00600	0.00730	0.01264	0.00183	0.64780	0.00378	0.00209	0.00509
4	0.00995	0.00807	0.01207	0.50636	0.06658	0.00947	0.01034	0.07979	0.04588	0.03355	0.01039	0.01328	0.00784	0.00488	0.00434	0.00142	0.00510	0.00418	0.16104	0.00546
5	0.05279	0.01005	0.01017	0.00874	0.01119	0.11067	0.00681	0.25205	0.01418	0.20332	0.01615	0.25305	0.01487	0.00799	0.00483	0.00151	0.00443	0.00664	0.00439	0.00618
6	0.75335	0.00956	0.00743	0.00655	0.00942	0.05789	0.00534	0.01448	0.00854	0.08272	0.00736	0.00815	0.00553	0.00440	0.00306	0.00141	0.00386	0.00268	0.00304	0.00522
7	0.00617	0.00468	0.00568	0.00543	0.00666	0.00419	0.00407	0.00803	0.01222	0.01656	0.57351	0.03734	0.27856	0.01007	0.00542	0.00148	0.00221	0.00873	0.00481	0.00419
8	0.01718	0.02094	0.01309	0.01170	0.01420	0.73653	0.00886	0.09895	0.01390	0.01307	0.00750	0.00856	0.00611	0.00481	0.00419	0.00120	0.00794	0.00308	0.00260	0.00558
9	0.15501	0.00815	0.00929	0.05808	0.01145	0.00841	0.00637	0.16862	0.01283	0.28933	0.01344	0.01354	0.00940	0.00527	0.00398	0.00133	0.00378	0.00406	0.21133	0.00633
10	0.00565	0.00404	0.00538	0.00635	0.00667	0.00377	0.00427	0.00653	0.00905	0.01213	0.07373	0.78606	0.03117	0.01407	0.00583	0.00184	0.00263	0.01276	0.00431	0.00377
11	0.01494	0.03119	0.03525	0.01270	0.03720	0.00873	0.29247	0.01749	0.01165	0.38888	0.01479	0.08968	0.01114	0.00571	0.00497	0.00150	0.00532	0.00559	0.00406	0.00676
12	0.00648	0.00456	0.00594	0.00617	0.00697	0.00440	0.00443	0.00778	0.00971	0.03703	0.20498	0.31741	0.13130	0.06989	0.15820	0.00291	0.00445	0.00933	0.00406	0.00402
13	0.06190	0.62473	0.01926	0.00735	0.01051	0.01484	0.00691	0.01244	0.00909	0.01170	0.00926	0.11550	0.00933	0.00569	0.00373	0.02430	0.00439	0.00395	0.03974	0.00538
14	0.03311	0.04558	0.01232	0.09339	0.11685	0.04541	0.02079	0.09958	0.07943	0.07480	0.01180	0.07449	0.01013	0.01699	0.00456	0.00131	0.00452	0.02383	0.00329	0.22780

[dist]
# distance from previous block
# <min> <max>
0	33

[block]
# block no. 2 follows, 56 sequences, length 17
# corresponding to MSA columns:
# 530-546
name=unknown_C
#
# <colnr> <probs for GDERKNQSTAVLIFYWHMCP>
#	G	D	E	R	K	N	Q	S	T	A	V	L	I	F	Y	W	H	M	C	P
0	0.04932	0.01171	0.01246	0.07388	0.03626	0.18818	0.09709	0.13840	0.09859	0.01615	0.01414	0.16874	0.03151	0.00699	0.00477	0.00149	0.00535	0.01726	0.02203	0.00568
1	0.24712	0.18624	0.05042	0.00993	0.03995	0.14297	0.02841	0.12463	0.01132	0.04968	0.00785	0.00896	0.00622	0.00476	0.00445	0.00133	0.06386	0.00316	0.00281	0.00593
2	0.00828	0.00679	0.00999	0.31044	0.05756	0.00755	0.00833	0.04997	0.00990	0.03900	0.01927	0.08127	0.18753	0.01291	0.16831	0.00271	0.00610	0.00618	0.00304	0.00486
3	0.00565	0.00404	0.00537	0.00636	0.00667	0.00376	0.00427	0.00653	0.00904	0.01211	0.07132	0.78852	0.03113	0.01409	0.00583	0.00184	0.00263	0.01277	0.00431	0.00376
4	0.00662	0.00465	0.00635	0.00642	0.00687	0.00508	0.00452	0.00744	0.00714	0.00997	0.01360	0.07014	0.01424	0.31445	0.45189	0.04993	0.00855	0.00597	0.00265	0.00351
5	0.01454	0.01141	0.01214	0.00997	0.01313	0.01288	0.00802	0.42247	0.39858	0.02423	0.01473	0.01397	0.01081	0.00586	0.00463	0.00146	0.00437	0.00464	0.00463	0.00755
6	0.34376	0.00839	0.00928	0.00744	0.01073	0.00836	0.00614	0.04563	0.01141	0.48489	0.01341	0.01236	0.00881	0.00514	0.00394	0.00142	0.00381	0.00379	0.00456	0.00673
7	0.66770	0.00957	0.00813	0.00692	0.00988	0.01094	0.00570	0.17568	0.01073	0.02222	0.00761	0.00849	0.00577	0.00455	0.00322	0.00140	0.00382	0.00288	0.02924	0.00554
8	0.00940	0.00860	0.01394	0.74005	0.05821	0.01052	0.01251	0.06833	0.01012	0.01309	0.00838	0.01212	0.00628	0.00464	0.00459	0.00151	0.00602	0.00408	0.00223	0.00537
9	0.01227	0.84142	0.02406	0.00786	0.01178	0.01817	0.00786	0.01375	0.00933	0.01080	0.00638	0.00736	0.00589	0.00393	0.00295	0.00098	0.00491	0.00245	0.00196	0.00589
10	0.42919	0.01053	0.01002	0.00820	0.01139	0.01185	0.00673	0.33275	0.07093	0.05393	0.00961	0.00992	0.00702	0.00497	0.00375	0.00141	0.00418	0.00343	0.00379	0.00640
11	0.00752	0.00585	0.00693	0.02491	0.00857	0.00560	0.03051	0.01074	0.12769	0.04773	0.11271	0.08138	0.43090	0.00981	0.00519	0.00154	0.00289	0.02653	0.04830	0.00471
12	0.00563	0.00450	0.00505	0.00525	0.00641	0.00391	0.00381	0.00687	0.01046	0.01318	0.16026	0.23300	0.50165	0.01194	0.00553	0.00161	0.00238	0.01028	0.00439	0.00391
13	0.02939	0.00803	0.01213	0.43851	0.14575	0.02480	0.01026	0.01233	0.00970	0.06073	0.01185	0.01499	0.04869	0.03240	0.00501	0.00152	0.00508	0.00445	0.11901	0.00535
14	0.01089	0.00697	0.00920	0.20412	0.01438	0.00715	0.00708	0.07745	0.03283	0.18524	0.09203	0.03630	0.22416	0.00754	0.00486	0.00148	0.00385	0.01846	0.05052	0.00549
15	0.00792	0.00402	0.00604	0.00604	0.00607	0.00406	0.00406	0.00607	0.00604	0.00808	0.00815	0.01412	0.00811	0.01668	0.04987	0.83226	0.00432	0.00402	0.00201	0.00208
16	0.01457	0.22350	0.13503	0.01150	0.06355	0.24772	0.00991	0.12782	0.03295	0.07936	0.00893	0.00966	0.00690	0.00466	0.00402	0.00124	0.00611	0.00333	0.00284	0.00641

[dist]
# distance from previous block
# <min> <max>
3	174

[block]
# block no. 3 follows, 56 sequences, length 20
# corresponding to MSA columns:
# 740-747,749-751,756-761,786-788
name=unknown_D
#
# <colnr> <probs for GDERKNQSTAVLIFYWHMCP>
#	G	D	E	R	K	N	Q	S	T	A	V	L	I	F	Y	W	H	M	C	P
0	0.00730	0.00513	0.00639	0.00604	0.00690	0.00526	0.00426	0.00836	0.00762	0.01129	0.01293	0.02171	0.01301	0.35773	0.27032	0.00444	0.02748	0.00529	0.11894	0.09961
1	0.00854	0.00714	0.00985	0.26056	0.01599	0.00774	0.03531	0.08816	0.06229	0.01440	0.04960	0.11110	0.18585	0.05700	0.00625	0.01306	0.00428	0.02357	0.01926	0.02006
2	0.04367	0.00968	0.01498	0.03811	0.01538	0.03897	0.23291	0.08558	0.03489	0.26106	0.03177	0.10887	0.01243	0.00635	0.00519	0.00153	0.02221	0.02612	0.00396	0.00636
3	0.03229	0.01138	0.01530	0.01173	0.01527	0.01209	0.18171	0.37786	0.15917	0.07432	0.01259	0.01295	0.00911	0.00526	0.00469	0.00144	0.00514	0.00461	0.04596	0.00712
4	0.00817	0.00575	0.00693	0.00696	0.00818	0.00583	0.00541	0.04965	0.08708	0.03740	0.08533	0.09588	0.10905	0.15050	0.03453	0.00236	0.00387	0.23256	0.06008	0.00449
5	0.00972	0.01811	0.45938	0.01567	0.07175	0.01078	0.25502	0.01410	0.00997	0.01438	0.00925	0.04612	0.00733	0.00474	0.00512	0.00151	0.03393	0.00450	0.00218	0.00644
6	0.07050	0.01002	0.01297	0.01049	0.01268	0.01166	0.04098	0.17155	0.05165	0.23047	0.01105	0.01202	0.00818	0.00639	0.00846	0.00165	0.31485	0.00422	0.00371	0.00648
7	0.01004	0.01004	0.01406	0.01205	0.01205	0.01406	0.01004	0.01105	0.00703	0.01105	0.00603	0.01004	0.00603	0.00804	0.01507	0.00201	0.83025	0.00402	0.00201	0.00502
8	0.01143	0.00988	0.01009	0.00901	0.01143	0.05398	0.00704	0.09794	0.53626	0.01932	0.12034	0.01999	0.03417	0.00681	0.00480	0.00152	0.00383	0.03095	0.00457	0.00666
9	0.03794	0.59393	0.02085	0.00886	0.01187	0.01684	0.00829	0.04923	0.00934	0.01199	0.00652	0.00813	0.00598	0.00492	0.00570	0.00124	0.18762	0.00288	0.00212	0.00576
10	0.00797	0.00399	0.00598	0.00598	0.00598	0.00399	0.00399	0.00598	0.00598	0.00797	0.00797	0.01396	0.00797	0.01595	0.01794	0.86643	0.00399	0.00399	0.00199	0.00199
11	0.00624	0.00468	0.00577	0.00550	0.00670	0.00422	0.00413	0.00816	0.01238	0.01694	0.62142	0.03671	0.23041	0.00993	0.00542	0.00147	0.00220	0.00864	0.00486	0.00422
12	0.01715	0.02188	0.01301	0.01183	0.01419	0.82022	0.00887	0.01833	0.01301	0.01124	0.00710	0.00828	0.00591	0.00473	0.00414	0.00118	0.00828	0.00296	0.00237	0.00532
13	0.01242	0.77320	0.02321	0.03421	0.01254	0.01771	0.00806	0.05286	0.00994	0.01174	0.00667	0.00770	0.00600	0.00403	0.00308	0.00102	0.00496	0.00259	0.00210	0.00596
14	0.00799	0.00507	0.00601	0.00590	0.00745	0.00443	0.00451	0.00932	0.01073	0.13372	0.08455	0.18379	0.43050	0.01118	0.00546	0.00163	0.00278	0.07595	0.00452	0.00450
15	0.00961	0.00533	0.00686	0.00618	0.00781	0.00478	0.00474	0.01147	0.01229	0.19789	0.45137	0.09223	0.11641	0.00900	0.00517	0.00147	0.00262	0.00781	0.04195	0.00503
16	0.00605	0.00418	0.00550	0.00631	0.00679	0.00386	0.00430	0.00699	0.00929	0.03337	0.08365	0.71850	0.06676	0.01366	0.00577	0.00181	0.00264	0.01232	0.00436	0.00389
17	0.01103	0.00560	0.00645	0.00587	0.00756	0.00549	0.00452	0.01411	0.09102	0.18473	0.07830	0.07142	0.01557	0.00641	0.00400	0.00127	0.00270	0.00533	0.47331	0.00529
18	0.16198	0.04569	0.01227	0.02814	0.06475	0.10332	0.12125	0.04934	0.01034	0.01630	0.00977	0.01172	0.00777	0.00471	0.00428	0.00127	0.04092	0.00376	0.24102	0.06142
19	0.20591	0.13375	0.07213	0.03195	0.01337	0.28887	0.02619	0.07088	0.01098	0.01484	0.00749	0.00904	0.00614	0.00616	0.04523	0.00161	0.04427	0.00313	0.00252	0.00555

[dist]
# distance from previous block
# <min> <max>
0	3

[block]
# block no. 4 follows, 56 sequences, length 17
# corresponding to MSA columns:
# 811-820,822-828
name=unknown_E
#
# <colnr> <probs for GDERKNQSTAVLIFYWHMCP>
#	G	D	E	R	K	N	Q	S	T	A	V	L	I	F	Y	W	H	M	C	P
0	0.00574	0.00415	0.00537	0.00614	0.00659	0.00384	0.00416	0.00670	0.00935	0.01250	0.12497	0.64899	0.08446	0.04598	0.00646	0.00189	0.00265	0.01197	0.00430	0.00378
1	0.00691	0.00487	0.00573	0.00556	0.00698	0.00428	0.00423	0.00847	0.01138	0.06803	0.29343	0.09037	0.41284	0.01072	0.00544	0.00156	0.00250	0.04780	0.00462	0.00430
2	0.01697	0.01262	0.01351	0.01047	0.01405	0.01401	0.00861	0.73318	0.08390	0.02816	0.01163	0.01151	0.00830	0.00557	0.00460	0.00139	0.00494	0.00422	0.00460	0.00776
3	0.05413	0.00685	0.00873	0.00703	0.00982	0.00618	0.00570	0.01841	0.01210	0.54443	0.06975	0.01686	0.01332	0.00579	0.00427	0.00134	0.00337	0.00469	0.20056	0.00665
4	0.01745	0.01286	0.01378	0.01056	0.01424	0.01424	0.00873	0.79471	0.02159	0.02893	0.01102	0.01102	0.00781	0.00551	0.00459	0.00138	0.00505	0.00413	0.00459	0.00781
5	0.01731	0.01250	0.01317	0.01020	0.01372	0.04166	0.00838	0.68522	0.02025	0.08037	0.01151	0.01147	0.00813	0.00549	0.00452	0.00136	0.00498	0.00413	0.03803	0.00758
6	0.01227	0.84142	0.02406	0.00786	0.01178	0.01817	0.00786	0.01375	0.00933	0.01080	0.00638	0.00736	0.00589	0.00393	0.00295	0.00098	0.00491	0.00245	0.00196	0.00589
7	0.00968	0.00835	0.01013	0.18728	0.01521	0.00964	0.00790	0.01808	0.46964	0.01613	0.01825	0.14510	0.03556	0.00741	0.00489	0.00161	0.00400	0.02103	0.00401	0.00610
8	0.01181	0.00977	0.01040	0.00928	0.01188	0.01119	0.00723	0.06252	0.71475	0.04296	0.01849	0.04197	0.01413	0.00643	0.00470	0.00155	0.00368	0.00536	0.00468	0.00720
9	0.00617	0.00454	0.00578	0.00576	0.00673	0.00415	0.00421	0.00793	0.01180	0.01626	0.54823	0.20101	0.13898	0.01071	0.00551	0.00154	0.00229	0.00946	0.00479	0.00415
10	0.01051	0.00998	0.01693	0.18073	0.61368	0.01036	0.01326	0.01319	0.01011	0.01418	0.00951	0.05932	0.00839	0.00478	0.00463	0.00142	0.00542	0.00461	0.00234	0.00665
11	0.00794	0.00533	0.00681	0.00654	0.00782	0.00512	0.00495	0.01084	0.08375	0.07839	0.50560	0.15953	0.03516	0.00980	0.00541	0.00156	0.00263	0.05317	0.00489	0.00476
12	0.00797	0.00399	0.00598	0.00598	0.00598	0.00399	0.00399	0.00598	0.00598	0.00797	0.00797	0.01396	0.00797	0.01595	0.01794	0.86643	0.00399	0.00399	0.00199	0.00199
13	0.01343	0.19402	0.01565	0.22290	0.04309	0.34934	0.00973	0.03543	0.05220	0.01225	0.00797	0.00973	0.00647	0.00460	0.00405	0.00126	0.00658	0.00332	0.00237	0.00561
14	0.03852	0.00740	0.00878	0.00699	0.01001	0.00657	0.00558	0.04594	0.05700	0.26319	0.01522	0.05583	0.03875	0.00553	0.00404	0.00116	0.00336	0.00451	0.14249	0.27911
15	0.01048	0.06512	0.04139	0.01052	0.01184	0.01148	0.04583	0.05117	0.02895	0.06493	0.03186	0.12374	0.01135	0.03612	0.01058	0.00185	0.41817	0.00544	0.00288	0.01630
16	0.06108	0.02502	0.08083	0.16531	0.20442	0.01155	0.01089	0.23645	0.08427	0.03368	0.03521	0.01232	0.00875	0.00500	0.00447	0.00142	0.00516	0.00417	0.00325	0.00675

[dist]
# distance from previous block
# <min> <max>
1	15

[block]
# block no. 5 follows, 56 sequences, length 20
# corresponding to MSA columns:
# 846-865
name=unknown_F
#
# <colnr> <probs for GDERKNQSTAVLIFYWHMCP>
#	G	D	E	R	K	N	Q	S	T	A	V	L	I	F	Y	W	H	M	C	P
0	0.04358	0.03194	0.05216	0.00855	0.03724	0.02420	0.03360	0.10046	0.09225	0.05630	0.09458	0.09763	0.01612	0.19076	0.02069	0.00216	0.00431	0.00591	0.02950	0.05803
1	0.01054	0.03584	0.05946	0.04538	0.00972	0.00709	0.00584	0.12144	0.01155	0.06429	0.05874	0.01623	0.01209	0.03775	0.00454	0.00131	0.00339	0.00439	0.44084	0.04957
2	0.01026	0.00753	0.00951	0.00834	0.02243	0.00698	0.03002	0.03666	0.13209	0.09773	0.05484	0.06852	0.04690	0.00741	0.00479	0.00140	0.00374	0.17592	0.00395	0.27098
3	0.07212	0.06804	0.09481	0.08963	0.02719	0.01135	0.04741	0.25378	0.07328	0.08597	0.07307	0.01432	0.03775	0.00564	0.00473	0.00143	0.02478	0.00451	0.00369	0.00652
4	0.01044	0.00878	0.00976	0.00933	0.03875	0.00975	0.00700	0.02026	0.57581	0.01788	0.03745	0.06946	0.01584	0.00698	0.00474	0.00154	0.00357	0.05879	0.03782	0.05605
5	0.00568	0.00437	0.00520	0.00561	0.00651	0.00389	0.00397	0.00684	0.01014	0.01309	0.16260	0.39309	0.33757	0.01248	0.00562	0.00167	0.00245	0.01095	0.00439	0.00389
6	0.41791	0.00892	0.01045	0.31085	0.05050	0.01049	0.00856	0.07990	0.00960	0.01751	0.00771	0.01001	0.00593	0.00539	0.02831	0.00163	0.00497	0.00336	0.00266	0.00533
7	0.01107	0.01162	0.12332	0.01248	0.06079	0.01014	0.16587	0.01836	0.33520	0.07143	0.03534	0.06408	0.01237	0.00580	0.00481	0.00150	0.00490	0.00534	0.00367	0.04190
8	0.01004	0.01004	0.01406	0.01205	0.01205	0.01406	0.01004	0.01105	0.00703	0.01105	0.00603	0.01004	0.00603	0.00804	0.01507	0.00201	0.83025	0.00402	0.00201	0.00502
9	0.01474	0.08512	0.01484	0.07675	0.21504	0.05564	0.00974	0.17682	0.10273	0.18483	0.01193	0.01238	0.00872	0.00502	0.00442	0.00137	0.00500	0.00413	0.00369	0.00710
10	0.01227	0.84142	0.02406	0.00786	0.01178	0.01817	0.00786	0.01375	0.00933	0.01080	0.00638	0.00736	0.00589	0.00393	0.00295	0.00098	0.00491	0.00245	0.00196	0.00589
11	0.00657	0.00489	0.00723	0.00723	0.00800	0.00566	0.00556	0.00810	0.00734	0.01055	0.01243	0.01877	0.01180	0.08372	0.77161	0.00720	0.01182	0.00503	0.00248	0.00402
12	0.00638	0.00469	0.00597	0.00565	0.00679	0.00428	0.00424	0.00844	0.01272	0.01775	0.72407	0.03538	0.12725	0.00963	0.00542	0.00146	0.00218	0.00845	0.00497	0.00428
13	0.01122	0.01060	0.01721	0.07343	0.51793	0.01093	0.07939	0.04567	0.13121	0.01587	0.01138	0.01332	0.03146	0.00470	0.00467	0.00143	0.00531	0.00454	0.00277	0.00696
14	0.01412	0.00729	0.00895	0.08040	0.01145	0.00734	0.00625	0.12545	0.04243	0.29757	0.02670	0.01555	0.01111	0.00551	0.00411	0.00130	0.00358	0.00445	0.32023	0.00620
15	0.00571	0.00408	0.00543	0.00632	0.00668	0.00380	0.00427	0.00668	0.00932	0.01256	0.12348	0.73509	0.03199	0.01376	0.00580	0.00181	0.00260	0.01246	0.00436	0.00380
16	0.01999	0.00819	0.01081	0.00835	0.01187	0.00738	0.00688	0.06472	0.05102	0.73262	0.01775	0.01545	0.01130	0.00570	0.00462	0.00142	0.00396	0.00462	0.00557	0.00779
17	0.00960	0.00677	0.00844	0.00778	0.00927	0.00756	0.00602	0.06418	0.17168	0.07645	0.04901	0.06295	0.01425	0.06848	0.31629	0.00392	0.04381	0.00551	0.06281	0.00524
18	0.01684	0.00899	0.01101	0.00830	0.01203	0.00818	0.00681	0.18545	0.01395	0.42250	0.01382	0.01294	0.00933	0.00501	0.00427	0.00121	0.00401	0.00399	0.00462	0.24673
19	0.07778	0.03371	0.13814	0.04898	0.22811	0.02890	0.01026	0.09305	0.01126	0.03085	0.06358	0.01188	0.00926	0.00457	0.00415	0.00123	0.00486	0.00379	0.00283	0.19280

[dist]
# distance from previous block
# <min> <max>
0	3

[block]
# block no. 6 follows, 56 sequences, length 25
# corresponding to MSA columns:
# 898-922
name=unknown_G
#
# <colnr> <probs for GDERKNQSTAVLIFYWHMCP>
#	G	D	E	R	K	N	Q	S	T	A	V	L	I	F	Y	W	H	M	C	P
0	0.08064	0.21358	0.04193	0.01107	0.07430	0.12135	0.05208	0.13371	0.02834	0.02922	0.03242	0.01278	0.06615	0.00544	0.00490	0.00133	0.06873	0.00402	0.01203	0.00598
1	0.01379	0.00992	0.01245	0.10638	0.13653	0.03845	0.00878	0.22565	0.05982	0.15658	0.09757	0.01480	0.01228	0.00550	0.00456	0.00136	0.00459	0.00458	0.02188	0.06452
2	0.15788	0.11800	0.28177	0.01029	0.01458	0.20099	0.01050	0.03149	0.03363	0.04782	0.00820	0.00918	0.00626	0.00446	0.00386	0.00129	0.00595	0.00311	0.00252	0.04822
3	0.00792	0.00611	0.00951	0.00945	0.06743	0.00625	0.08025	0.00926	0.04399	0.01235	0.12204	0.11979	0.05706	0.03686	0.09123	0.23746	0.04256	0.03329	0.00312	0.00408
4	0.00741	0.00482	0.00631	0.00600	0.00711	0.00443	0.00443	0.00927	0.01217	0.07510	0.61047	0.14196	0.03812	0.04421	0.00616	0.00162	0.00246	0.00861	0.00490	0.00444
5	0.01668	0.00688	0.00936	0.00750	0.01028	0.00604	0.00604	0.01829	0.01263	0.58606	0.18934	0.01958	0.01809	0.00718	0.00569	0.05951	0.00353	0.00538	0.00530	0.00666
6	0.01745	0.01286	0.01378	0.01056	0.01424	0.01424	0.00873	0.79471	0.02159	0.02893	0.01102	0.01102	0.00781	0.00551	0.00459	0.00138	0.00505	0.00413	0.00459	0.00781
7	0.48665	0.00861	0.00864	0.00710	0.01027	0.00901	0.00586	0.04956	0.01057	0.34619	0.01139	0.01096	0.00771	0.00490	0.00364	0.00142	0.00376	0.00343	0.00408	0.00626
8	0.75148	0.00944	0.00773	0.00667	0.00963	0.01085	0.00550	0.12296	0.00974	0.02177	0.00704	0.00796	0.00537	0.00444	0.00309	0.00141	0.00376	0.00272	0.00309	0.00537
9	0.00582	0.00410	0.00532	0.00615	0.00638	0.00392	0.00401	0.00649	0.00835	0.01116	0.02292	0.66210	0.02730	0.17241	0.02872	0.00249	0.00324	0.01164	0.00394	0.00356
10	0.12744	0.67194	0.02102	0.06427	0.01276	0.01656	0.00781	0.01357	0.00911	0.01218	0.00651	0.00771	0.00578	0.00402	0.00305	0.00108	0.00481	0.00257	0.00209	0.00571
11	0.18555	0.00977	0.01468	0.26304	0.17168	0.01127	0.09039	0.05109	0.00960	0.01521	0.00783	0.01073	0.00626	0.00491	0.00587	0.00154	0.12856	0.00389	0.00240	0.00572
12	0.07097	0.01306	0.14484	0.10356	0.20762	0.08064	0.14685	0.02927	0.01060	0.06954	0.00997	0.04680	0.00802	0.00484	0.00454	0.00143	0.00591	0.00443	0.03088	0.00624
13	0.00569	0.00460	0.00506	0.00508	0.00640	0.00397	0.00376	0.00705	0.01089	0.01374	0.22176	0.11771	0.55548	0.01137	0.00546	0.00156	0.00232	0.00969	0.00445	0.00397
14	0.00727	0.00527	0.00621	0.00653	0.03276	0.02871	0.00432	0.00834	0.00834	0.01176	0.07068	0.05906	0.05559	0.34715	0.18850	0.00391	0.00562	0.02034	0.12593	0.00373
15	0.00597	0.00451	0.00600	0.06281	0.00837	0.00432	0.00477	0.00726	0.00990	0.01321	0.19065	0.51323	0.12732	0.01232	0.00563	0.00171	0.00276	0.01102	0.00427	0.00397
16	0.00787	0.00406	0.00608	0.00608	0.00614	0.00412	0.00412	0.00614	0.00608	0.00817	0.00829	0.01425	0.00823	0.01730	0.07650	0.80375	0.00459	0.00406	0.00203	0.00215
17	0.01227	0.84142	0.02406	0.00786	0.01178	0.01817	0.00786	0.01375	0.00933	0.01080	0.00638	0.00736	0.00589	0.00393	0.00295	0.00098	0.00491	0.00245	0.00196	0.00589
18	0.00607	0.00466	0.00565	0.00589	0.00687	0.00435	0.00425	0.00787	0.04310	0.01391	0.23339	0.31947	0.26270	0.01292	0.04547	0.00192	0.00295	0.01010	0.00440	0.00409
19	0.01470	0.04642	0.15081	0.04725	0.01648	0.43304	0.08502	0.03212	0.04486	0.07386	0.00892	0.01003	0.00679	0.00470	0.00435	0.00131	0.00718	0.00354	0.00265	0.00598
20	0.17598	0.01032	0.09322	0.06581	0.01392	0.00952	0.06066	0.01820	0.23199	0.19159	0.07133	0.01480	0.01200	0.00550	0.00438	0.00148	0.00434	0.00453	0.00395	0.00646
21	0.16602	0.00827	0.00829	0.00762	0.00962	0.08983	0.00579	0.06779	0.01102	0.21472	0.01727	0.34076	0.01701	0.00880	0.00475	0.00157	0.00387	0.00740	0.00419	0.00542
22	0.15991	0.00814	0.00970	0.09224	0.01258	0.00905	0.04518	0.06709	0.23896	0.01706	0.06140	0.11482	0.01555	0.06788	0.00604	0.00180	0.00407	0.05925	0.00377	0.00550
23	0.07298	0.01050	0.08320	0.01302	0.16748	0.00905	0.04837	0.08300	0.03841	0.34782	0.01340	0.03619	0.00958	0.00523	0.00449	0.00140	0.00466	0.00444	0.00405	0.04274
24	0.00967	0.06375	0.01042	0.02484	0.07537	0.04134	0.01984	0.06608	0.09701	0.04117	0.07193	0.28644	0.04148	0.00839	0.00482	0.00145	0.00379	0.00733	0.00375	0.12112

[dist]
# distance from previous block
# <min> <max>
5	53

[block]
# block no. 7 follows, 56 sequences, length 12
# corresponding to MSA columns:
# 981-991,1003
name=unknown_H
#
# <colnr> <probs for GDERKNQSTAVLIFYWHMCP>
#	G	D	E	R	K	N	Q	S	T	A	V	L	I	F	Y	W	H	M	C	P
0	0.42178	0.00907	0.00874	0.02492	0.03083	0.03291	0.00616	0.10881	0.07463	0.08627	0.14071	0.01398	0.01298	0.00555	0.00389	0.00142	0.00378	0.00412	0.00375	0.00570
1	0.01124	0.01295	0.14963	0.01059	0.01398	0.12120	0.09744	0.05539	0.01084	0.05568	0.05746	0.01266	0.00955	0.00745	0.07289	0.00179	0.07648	0.00404	0.03953	0.17922
2	0.11433	0.01081	0.01592	0.06930	0.56568	0.04925	0.01196	0.01388	0.01011	0.01530	0.00823	0.01065	0.00683	0.00411	0.00423	0.00132	0.00523	0.00373	0.00237	0.07677
3	0.29954	0.21818	0.07035	0.00901	0.04949	0.06566	0.00769	0.06670	0.03938	0.05494	0.00814	0.00899	0.00641	0.00436	0.00346	0.00124	0.00463	0.00298	0.00281	0.07605
4	0.12514	0.01236	0.01289	0.00999	0.01356	0.01374	0.00825	0.69616	0.01985	0.02788	0.01044	0.01057	0.00745	0.00535	0.00437	0.00138	0.00486	0.00393	0.00437	0.00745
5	0.00609	0.00466	0.00547	0.00527	0.00645	0.00416	0.00388	0.00769	0.01149	0.01529	0.44618	0.03780	0.33943	0.07780	0.00688	0.00173	0.00241	0.00871	0.00456	0.00403
6	0.00656	0.00492	0.00738	0.00738	0.00820	0.00574	0.00574	0.00820	0.00738	0.01066	0.01230	0.01804	0.01148	0.03443	0.82046	0.00738	0.01230	0.00492	0.00246	0.00410
7	0.01825	0.01053	0.01221	0.00947	0.01301	0.01091	0.00779	0.41232	0.08280	0.35156	0.01458	0.01343	0.00979	0.00564	0.00461	0.00141	0.00446	0.00442	0.00505	0.00776
8	0.00565	0.00408	0.00535	0.00626	0.00665	0.00378	0.00423	0.00657	0.00918	0.01225	0.08416	0.73767	0.06941	0.01388	0.00581	0.00182	0.00261	0.01254	0.00432	0.00378
9	0.12074	0.04797	0.01119	0.03375	0.01224	0.00859	0.00696	0.08951	0.03033	0.56815	0.01523	0.01378	0.00992	0.00539	0.00432	0.00140	0.00408	0.00421	0.00493	0.00729
10	0.00875	0.00568	0.00712	0.00714	0.00865	0.00551	0.00578	0.01163	0.08791	0.10575	0.14234	0.10267	0.15001	0.01039	0.00551	0.00172	0.00330	0.27946	0.04584	0.00485
11	0.08398	0.17579	0.01402	0.00996	0.01268	0.45064	0.00794	0.03829	0.07414	0.03605	0.04932	0.01035	0.00860	0.00494	0.00394	0.00122	0.00636	0.00335	0.00280	0.00564

[dist]
# distance from previous block
# <min> <max>
0	2

[block]
# block no. 8 follows, 56 sequences, length 17
# corresponding to MSA columns:
# 1006-1022
name=unknown_I
#
# <colnr> <probs for GDERKNQSTAVLIFYWHMCP>
#	G	D	E	R	K	N	Q	S	T	A	V	L	I	F	Y	W	H	M	C	P
0	0.49426	0.00963	0.00863	0.05009	0.01109	0.07439	0.00621	0.05315	0.02338	0.09841	0.00967	0.07293	0.00810	0.00543	0.00397	0.00144	0.03008	0.00382	0.00325	0.03209
1	0.11253	0.01248	0.01258	0.03573	0.01395	0.12940	0.05672	0.24777	0.27395	0.02037	0.01213	0.01232	0.00910	0.00542	0.00465	0.00144	0.02476	0.00420	0.00381	0.00669
2	0.00610	0.00470	0.00562	0.00586	0.00689	0.00433	0.00427	0.00797	0.04502	0.01417	0.24674	0.29997	0.28241	0.01172	0.00556	0.00164	0.00251	0.03591	0.00450	0.00411
3	0.00726	0.00479	0.00583	0.00588	0.00713	0.00425	0.00434	0.00859	0.01067	0.09394	0.17528	0.29110	0.31655	0.01153	0.00551	0.00164	0.00262	0.03424	0.00455	0.00432
4	0.01350	0.00621	0.00823	0.00695	0.00926	0.00547	0.00548	0.01525	0.01245	0.42223	0.26463	0.09972	0.09458	0.00816	0.00505	0.00148	0.00311	0.00699	0.00523	0.00601
5	0.08394	0.01185	0.01226	0.00965	0.01309	0.07630	0.00788	0.44809	0.03458	0.23740	0.01242	0.01190	0.00853	0.00541	0.00443	0.00138	0.00486	0.00407	0.00457	0.00738
6	0.80552	0.00880	0.00705	0.00620	0.00910	0.01003	0.00511	0.01418	0.00822	0.08170	0.00730	0.00809	0.00546	0.00437	0.00298	0.00142	0.00358	0.00265	0.00306	0.00519
7	0.38850	0.01095	0.01191	0.00942	0.01278	0.01213	0.08601	0.34227	0.04843	0.02345	0.00916	0.00987	0.00676	0.00483	0.00392	0.00142	0.00461	0.00359	0.00360	0.00639
8	0.01130	0.00873	0.00969	0.00809	0.01114	0.00876	0.00637	0.01894	0.42250	0.09732	0.01771	0.01687	0.07508	0.00576	0.00435	0.00128	0.00349	0.00475	0.00416	0.26371
9	0.01042	0.12294	0.60417	0.01263	0.01869	0.01142	0.07727	0.01494	0.00995	0.06369	0.00871	0.00999	0.00626	0.00435	0.00429	0.00140	0.00645	0.00351	0.00220	0.00669
10	0.09864	0.01129	0.01676	0.11001	0.43156	0.04756	0.08186	0.11811	0.01168	0.01687	0.00867	0.01097	0.00690	0.00436	0.00444	0.00140	0.00561	0.00400	0.00262	0.00669
11	0.09669	0.07323	0.00869	0.00671	0.00874	0.00749	0.00538	0.03698	0.08346	0.12003	0.23259	0.05377	0.13405	0.00774	0.00489	0.00144	0.02577	0.01648	0.07060	0.00527
12	0.00584	0.00445	0.00537	0.00559	0.00657	0.00398	0.00402	0.00722	0.01077	0.01419	0.29357	0.29700	0.30129	0.01177	0.00556	0.00162	0.00238	0.01031	0.00453	0.00398
13	0.06252	0.00866	0.01461	0.67695	0.06370	0.01035	0.07473	0.01218	0.00928	0.01266	0.00816	0.01192	0.00617	0.00449	0.00455	0.00152	0.00606	0.00409	0.00212	0.00527
14	0.00597	0.00433	0.00564	0.00603	0.00672	0.00400	0.00425	0.00738	0.01070	0.01465	0.36398	0.44431	0.08084	0.01207	0.00564	0.00166	0.00243	0.01081	0.00460	0.00400
15	0.00741	0.00416	0.00601	0.00611	0.00625	0.00425	0.00413	0.00640	0.00653	0.00882	0.01099	0.09891	0.01162	0.10416	0.12732	0.57169	0.00504	0.00531	0.00237	0.00254
16	0.01227	0.84142	0.02406	0.00786	0.01178	0.01817	0.00786	0.01375	0.00933	0.01080	0.00638	0.00736	0.00589	0.00393	0.00295	0.00098	0.00491	0.00245	0.00196	0.00589

[dist]
# distance from previous block
# <min> <max>
4	7

[block]
# block no. 9 follows, 56 sequences, length 41
# corresponding to MSA columns:
# 1032-1072
name=unknown_J
#
# <colnr> <probs for GDERKNQSTAVLIFYWHMCP>
#	G	D	E	R	K	N	Q	S	T	A	V	L	I	F	Y	W	H	M	C	P
0	0.03730	0.06324	0.06537	0.05382	0.13292	0.04424	0.15912	0.12290	0.05387	0.15646	0.01160	0.01374	0.00882	0.00512	0.00479	0.00145	0.01748	0.03769	0.00337	0.00671
1	0.01119	0.01001	0.01616	0.23065	0.43465	0.01065	0.03527	0.07979	0.04151	0.03706	0.01004	0.04453	0.00829	0.00487	0.00465	0.00144	0.00544	0.00454	0.00267	0.00660
2	0.00738	0.00591	0.00693	0.03919	0.02025	0.01663	0.00529	0.03759	0.11674	0.01459	0.12490	0.29341	0.21656	0.01072	0.00536	0.00164	0.00304	0.04307	0.02618	0.00462
3	0.05164	0.00718	0.00868	0.03996	0.01104	0.01753	0.00722	0.04145	0.18902	0.07722	0.02024	0.07397	0.01973	0.02672	0.00583	0.00188	0.00411	0.38697	0.00425	0.00534
4	0.01175	0.03158	0.03817	0.04858	0.64962	0.04019	0.01331	0.01435	0.01040	0.04516	0.00874	0.01124	0.00722	0.00438	0.00500	0.00139	0.04555	0.00401	0.00237	0.00700
5	0.00578	0.00408	0.00527	0.00615	0.00637	0.00386	0.00400	0.00644	0.00842	0.01122	0.02340	0.69398	0.02796	0.15935	0.00894	0.00232	0.00298	0.01193	0.00400	0.00356
6	0.00867	0.00777	0.01267	0.23929	0.25320	0.00815	0.03794	0.01128	0.01104	0.01526	0.29994	0.02088	0.04216	0.00635	0.00493	0.00145	0.00444	0.00582	0.00328	0.00547
7	0.87108	0.00888	0.00675	0.00604	0.00888	0.01030	0.00497	0.01350	0.00781	0.02060	0.00639	0.00746	0.00497	0.00426	0.00284	0.00142	0.00355	0.00249	0.00284	0.00497
8	0.01004	0.01004	0.01406	0.01205	0.01205	0.01406	0.01004	0.01105	0.00703	0.01105	0.00603	0.01004	0.00603	0.00804	0.01507	0.00201	0.83025	0.00402	0.00201	0.00502
9	0.01115	0.01002	0.04903	0.00922	0.01189	0.01064	0.00752	0.03487	0.65580	0.03513	0.04582	0.03594	0.01513	0.00656	0.00473	0.00156	0.00373	0.02551	0.01881	0.00696
10	0.01207	0.78783	0.07589	0.00820	0.01231	0.01767	0.00845	0.01380	0.00935	0.01105	0.00650	0.00752	0.00589	0.00396	0.00304	0.00101	0.00503	0.00252	0.00196	0.00595
11	0.01619	0.02026	0.01272	0.05111	0.01470	0.72989	0.00885	0.01779	0.03200	0.01173	0.03821	0.00969	0.00756	0.00494	0.00422	0.00122	0.00783	0.00327	0.00251	0.00532
12	0.00624	0.00468	0.00578	0.00551	0.00670	0.00422	0.00413	0.00817	0.01239	0.01698	0.62656	0.03665	0.22524	0.00992	0.00542	0.00147	0.00220	0.00863	0.00487	0.00422
13	0.00968	0.00919	0.01559	0.52805	0.32330	0.01047	0.01325	0.01261	0.00966	0.01295	0.00834	0.01191	0.00655	0.00440	0.00457	0.00147	0.00587	0.00408	0.00213	0.00591
14	0.04975	0.13182	0.01256	0.00828	0.01160	0.01012	0.00698	0.17125	0.06405	0.38927	0.03556	0.01388	0.01066	0.00545	0.00423	0.00134	0.00409	0.00424	0.05779	0.00707
15	0.00575	0.00436	0.00531	0.00584	0.00667	0.00393	0.00417	0.00691	0.00998	0.01292	0.13547	0.43383	0.28540	0.01274	0.00568	0.00172	0.00256	0.04849	0.00437	0.00388
16	0.00616	0.00430	0.00567	0.00625	0.00684	0.00399	0.00437	0.00733	0.01001	0.02652	0.22767	0.54987	0.06156	0.01283	0.00594	0.01715	0.00261	0.03256	0.00445	0.00394
17	0.00593	0.00440	0.00546	0.00574	0.00655	0.00401	0.00405	0.00726	0.01054	0.01412	0.30922	0.34335	0.19788	0.05200	0.00646	0.00177	0.00250	0.01034	0.00447	0.00393
18	0.01631	0.14283	0.01512	0.01110	0.03112	0.36094	0.00879	0.31554	0.01561	0.01804	0.00852	0.00928	0.00667	0.00494	0.00428	0.00124	0.01675	0.00337	0.00315	0.00640
19	0.02996	0.12969	0.18921	0.26809	0.03047	0.01188	0.05011	0.13483	0.02623	0.03767	0.00887	0.01077	0.00664	0.00455	0.00426	0.00137	0.00572	0.00372	0.00262	0.04335
20	0.01321	0.59150	0.04301	0.00862	0.01248	0.01580	0.02881	0.05984	0.08049	0.09437	0.00905	0.00947	0.00730	0.00441	0.00347	0.00113	0.00483	0.00312	0.00274	0.00635
21	0.83461	0.00896	0.00699	0.00619	0.00906	0.01034	0.00510	0.03338	0.00825	0.03470	0.00671	0.00769	0.00516	0.00432	0.00292	0.00142	0.00360	0.00256	0.00294	0.00509
22	0.01170	0.16383	0.01471	0.19546	0.05556	0.06885	0.02126	0.06403	0.32482	0.01571	0.01215	0.01289	0.00937	0.00515	0.00430	0.00140	0.00499	0.00417	0.00326	0.00640
23	0.00949	0.00959	0.04475	0.09097	0.03904	0.00944	0.28121	0.01422	0.16246	0.01415	0.01341	0.01793	0.03167	0.04194	0.11834	0.03363	0.00670	0.05254	0.00293	0.00559
24	0.00757	0.00455	0.00512	0.00513	0.00629	0.00427	0.00387	0.00938	0.01047	0.03792	0.16629	0.10354	0.17792	0.00853	0.00449	0.00137	0.00238	0.04450	0.39216	0.00425
25	0.00601	0.00435	0.00574	0.00657	0.00715	0.00408	0.00477	0.00722	0.00971	0.01292	0.12080	0.55214	0.08053	0.01331	0.00586	0.00184	0.00285	0.14589	0.00435	0.00390
26	0.01609	0.01218	0.01301	0.01029	0.01372	0.01360	0.00840	0.62121	0.19730	0.02674	0.01275	0.01240	0.00921	0.00567	0.00461	0.00142	0.00473	0.00437	0.00461	0.00769
27	0.44050	0.00848	0.00881	0.00718	0.01039	0.00871	0.00592	0.03899	0.01074	0.40047	0.01213	0.01147	0.00811	0.00498	0.00374	0.00142	0.00376	0.00355	0.00425	0.00641
28	0.04123	0.01275	0.01358	0.01044	0.01409	0.01413	0.00862	0.77295	0.02120	0.02870	0.01089	0.01092	0.00773	0.00548	0.00454	0.00138	0.00501	0.00409	0.00454	0.00773
29	0.01776	0.01237	0.01348	0.01033	0.01399	0.01352	0.00854	0.72026	0.02077	0.10453	0.01171	0.01147	0.00815	0.00553	0.00459	0.00138	0.00494	0.00418	0.00470	0.00781
30	0.01227	0.84142	0.02406	0.00786	0.01178	0.01817	0.00786	0.01375	0.00933	0.01080	0.00638	0.00736	0.00589	0.00393	0.00295	0.00098	0.00491	0.00245	0.00196	0.00589
31	0.41816	0.01025	0.01192	0.03037	0.04087	0.01116	0.10291	0.20144	0.03307	0.08598	0.00926	0.01009	0.00676	0.00468	0.00387	0.00143	0.00458	0.00358	0.00344	0.00617
32	0.01163	0.00962	0.01053	0.00975	0.02975	0.01093	0.00754	0.08303	0.62948	0.03207	0.01842	0.02003	0.01460	0.00677	0.00483	0.00159	0.00385	0.08398	0.00458	0.00701
33	0.00585	0.00463	0.00527	0.00525	0.00653	0.00405	0.00392	0.00736	0.01123	0.01449	0.31202	0.09978	0.46681	0.01106	0.00547	0.00155	0.00233	0.02383	0.00454	0.00403
34	0.01017	0.00969	0.01648	0.38151	0.46598	0.01060	0.01350	0.01305	0.00989	0.01355	0.00843	0.01175	0.00676	0.00431	0.00456	0.00144	0.00575	0.00409	0.00217	0.00631
35	0.00592	0.00427	0.00564	0.00639	0.00694	0.00399	0.00453	0.00711	0.00981	0.01320	0.17412	0.58157	0.06322	0.01317	0.00580	0.00180	0.00270	0.08152	0.00441	0.00389
36	0.00797	0.00399	0.00598	0.00598	0.00598	0.00399	0.00399	0.00598	0.00598	0.00797	0.00797	0.01396	0.00797	0.01595	0.01794	0.86643	0.00399	0.00399	0.00199	0.00199
37	0.01631	0.17708	0.01576	0.01013	0.01372	0.06638	0.00858	0.58002	0.01841	0.02397	0.00979	0.01011	0.00728	0.00518	0.00438	0.00130	0.01674	0.00373	0.00390	0.00723
38	0.00589	0.00442	0.00549	0.00606	0.00679	0.00408	0.00426	0.00731	0.02971	0.01314	0.15200	0.50737	0.19349	0.01278	0.00568	0.00173	0.00258	0.02889	0.00440	0.00395
39	0.48155	0.00889	0.00882	0.05179	0.03906	0.00989	0.00640	0.02944	0.14869	0.13727	0.01155	0.01174	0.02783	0.00504	0.00367	0.00145	0.00382	0.00363	0.00359	0.00590
40	0.04662	0.01115	0.03974	0.01435	0.01836	0.03804	0.43293	0.03253	0.01160	0.23358	0.01316	0.01519	0.03222	0.00500	0.00504	0.00151	0.00618	0.03290	0.00343	0.00647

[dist]
# distance from previous block
# <min> <max>
0	1

[block]
# block no. 10 follows, 56 sequences, length 19
# corresponding to MSA columns:
# 1074-1080,1089,1091-1101
name=unknown_K
#
# <colnr> <probs for GDERKNQSTAVLIFYWHMCP>
#	G	D	E	R	K	N	Q	S	T	A	V	L	I	F	Y	W	H	M	C	P
0	0.15860	0.01171	0.02208	0.01612	0.02018	0.01168	0.56759	0.06984	0.01091	0.01656	0.00877	0.01134	0.00664	0.00424	0.00535	0.00153	0.04348	0.00476	0.00256	0.00605
1	0.00878	0.00809	0.01351	0.75491	0.06258	0.00994	0.01235	0.01178	0.00925	0.01212	0.00851	0.01244	0.00644	0.00461	0.00452	0.00150	0.00590	0.00409	0.04353	0.00515
2	0.00886	0.00491	0.00459	0.00455	0.00566	0.03338	0.00341	0.01097	0.00975	0.01691	0.01470	0.01680	0.01156	0.00533	0.00324	0.00107	0.00236	0.00423	0.83341	0.00432
3	0.00619	0.00468	0.00562	0.00576	0.00693	0.00431	0.00441	0.00777	0.01072	0.01416	0.23667	0.11496	0.34504	0.01278	0.06347	0.00202	0.00325	0.10441	0.04279	0.00406
4	0.05226	0.00976	0.03418	0.01054	0.01302	0.01039	0.09357	0.09366	0.08761	0.24755	0.01235	0.01394	0.00934	0.05427	0.03101	0.00193	0.21002	0.00456	0.00372	0.00635
5	0.01206	0.01004	0.01063	0.00930	0.01200	0.01146	0.00731	0.14386	0.63634	0.02049	0.03681	0.01743	0.03884	0.00636	0.00470	0.00153	0.00378	0.00524	0.00466	0.00718
6	0.00639	0.00456	0.00598	0.00619	0.00681	0.00471	0.00442	0.00732	0.00798	0.01084	0.01998	0.17482	0.12591	0.19571	0.31528	0.04308	0.00668	0.02292	0.02679	0.00363
7	0.01159	0.00898	0.01265	0.27965	0.13204	0.01006	0.00991	0.06028	0.20222	0.11918	0.01392	0.04856	0.03201	0.00582	0.00503	0.00152	0.03180	0.00495	0.00348	0.00635
8	0.00851	0.00635	0.00790	0.00731	0.00859	0.02697	0.00583	0.01030	0.01107	0.07017	0.32634	0.05140	0.10583	0.00918	0.00674	0.00159	0.12800	0.11916	0.04558	0.04319
9	0.00980	0.00965	0.01342	0.01155	0.01155	0.01338	0.00953	0.01074	0.00701	0.01090	0.00663	0.01147	0.00679	0.06714	0.01566	0.00218	0.77149	0.00421	0.00206	0.00486
10	0.01353	0.27335	0.08588	0.01103	0.06428	0.11314	0.02395	0.13728	0.16735	0.05184	0.01048	0.01088	0.00813	0.00485	0.00403	0.00128	0.00530	0.00365	0.00314	0.00664
11	0.09448	0.32250	0.31806	0.00979	0.01457	0.01319	0.01089	0.04961	0.02852	0.07266	0.02201	0.00970	0.00708	0.00447	0.00375	0.00127	0.00534	0.00321	0.00254	0.00637
12	0.39823	0.01041	0.01016	0.00816	0.01146	0.01143	0.00672	0.34014	0.01413	0.09682	0.00948	0.00979	0.00683	0.00488	0.00376	0.00137	0.00420	0.00338	0.00383	0.04482
13	0.00646	0.00469	0.00608	0.00573	0.00683	0.00432	0.00430	0.00859	0.01290	0.01819	0.77954	0.03466	0.07151	0.00947	0.00542	0.00145	0.00217	0.00835	0.00502	0.00432
14	0.00797	0.00399	0.00598	0.00598	0.00598	0.00399	0.00399	0.00598	0.00598	0.00797	0.00797	0.01396	0.00797	0.01595	0.01794	0.86643	0.00399	0.00399	0.00199	0.00199
15	0.01742	0.00918	0.01092	0.00864	0.01187	0.00924	0.00705	0.23947	0.11699	0.41643	0.01590	0.01466	0.01074	0.00567	0.00449	0.00139	0.00403	0.00452	0.08398	0.00742
16	0.00559	0.00402	0.00530	0.00633	0.00664	0.00373	0.00423	0.00640	0.00885	0.01175	0.02610	0.80600	0.05951	0.01428	0.00584	0.00185	0.00265	0.01293	0.00426	0.00373
17	0.01121	0.00814	0.03413	0.02586	0.01320	0.00765	0.20080	0.01321	0.01010	0.20324	0.04038	0.13485	0.03075	0.10755	0.05806	0.00228	0.06117	0.00642	0.02557	0.00545
18	0.01462	0.00938	0.01079	0.00880	0.01165	0.00985	0.00715	0.34269	0.10868	0.18421	0.16466	0.01936	0.01703	0.00674	0.00483	0.00145	0.00401	0.04645	0.02083	0.00683

[dist]
# distance from previous block
# <min> <max>
0	3

[block]
# block no. 11 follows, 56 sequences, length 23
# corresponding to MSA columns:
# 1106-1128
name=unknown_L
#
# <colnr> <probs for GDERKNQSTAVLIFYWHMCP>
#	G	D	E	R	K	N	Q	S	T	A	V	L	I	F	Y	W	H	M	C	P
0	0.03745	0.22553	0.01527	0.00998	0.01247	0.21591	0.00830	0.10242	0.12312	0.01442	0.00904	0.01034	0.00752	0.00679	0.04511	0.00165	0.14245	0.00353	0.00280	0.00590
1	0.01141	0.14111	0.21021	0.00905	0.01370	0.01016	0.00912	0.11286	0.01124	0.05450	0.00875	0.00972	0.00677	0.00410	0.00378	0.00104	0.00470	0.00312	0.00279	0.37188
2	0.04666	0.09303	0.04055	0.04111	0.01413	0.21510	0.02244	0.20592	0.16323	0.09612	0.01134	0.01148	0.00842	0.00517	0.00428	0.00134	0.00556	0.00386	0.00361	0.00663
3	0.00628	0.00428	0.00513	0.00552	0.00562	0.00418	0.00333	0.00657	0.00746	0.00994	0.01846	0.32724	0.02173	0.53458	0.01691	0.00350	0.00379	0.00903	0.00333	0.00313
4	0.11487	0.05447	0.09969	0.01125	0.04920	0.04698	0.07120	0.20373	0.22695	0.05818	0.01194	0.01215	0.00884	0.00514	0.00434	0.00143	0.00499	0.00413	0.00366	0.00686
5	0.00978	0.00874	0.02770	0.02785	0.01096	0.03230	0.00738	0.09192	0.16744	0.01612	0.16507	0.04953	0.04185	0.01083	0.10325	0.00229	0.19439	0.00567	0.02147	0.00546
6	0.00693	0.00468	0.00565	0.00546	0.00613	0.00445	0.00367	0.00799	0.00977	0.03624	0.33804	0.03279	0.08272	0.40419	0.01396	0.00290	0.00336	0.02352	0.00392	0.00366
7	0.00689	0.00528	0.00739	0.00721	0.00788	0.00608	0.00550	0.00795	0.00757	0.01056	0.01582	0.03760	0.10697	0.09035	0.49097	0.07969	0.09413	0.00562	0.00265	0.00388
8	0.01746	0.01224	0.01332	0.01028	0.01389	0.01340	0.00847	0.68517	0.05843	0.10196	0.01206	0.01175	0.00844	0.00556	0.00460	0.00139	0.00488	0.00423	0.00470	0.00778
