[name]
unknown

[dist]
# distance from previous block
# <min> <max>
0	80

[block]
# block no. 0 follows, 45 sequences, length 15
# corresponding to MSA columns:
# 100-114
name=unknown_A
#
# <colnr> <probs for GDERKNQSTAVLIFYWHMCP>
#	G	D	E	R	K	N	Q	S	T	A	V	L	I	F	Y	W	H	M	C	P
0	0.00761	0.00559	0.00803	0.00812	0.00889	0.00632	0.00606	0.00917	0.00861	0.01223	0.01581	0.07718	0.01587	0.15756	0.61876	0.00766	0.01219	0.00672	0.00308	0.00453
1	0.00812	0.00514	0.00662	0.00684	0.00716	0.00512	0.00458	0.00796	0.00855	0.01129	0.01912	0.09600	0.06689	0.34361	0.06447	0.24766	0.00522	0.07886	0.00338	0.00341
2	0.01199	0.00912	0.01192	0.00898	0.01304	0.00729	0.05779	0.01422	0.01145	0.09913	0.01337	0.09895	0.01202	0.04198	0.00565	0.00131	0.00435	0.00514	0.00372	0.56858
3	0.01156	0.09869	0.01196	0.00908	0.01134	0.07436	0.00726	0.07715	0.10965	0.03788	0.15229	0.05996	0.14962	0.01350	0.11373	0.00264	0.04163	0.00720	0.00439	0.00613
4	0.72996	0.06208	0.00984	0.00762	0.01110	0.01300	0.00638	0.07508	0.01053	0.02413	0.00790	0.00905	0.00615	0.00507	0.00349	0.00162	0.00439	0.00306	0.00342	0.00615
5	0.01264	0.00748	0.00964	0.05862	0.01147	0.00779	0.00665	0.12195	0.05897	0.09603	0.04148	0.01874	0.04615	0.01291	0.01303	0.41493	0.00470	0.00535	0.04646	0.00499
6	0.01222	0.01152	0.09679	0.00890	0.01397	0.00781	0.00799	0.01501	0.01152	0.08419	0.01057	0.01178	0.00829	0.00433	0.00422	0.00097	0.00447	0.00346	0.00338	0.67861
7	0.01256	0.01287	0.05852	0.21767	0.21339	0.02868	0.12765	0.08959	0.01262	0.01725	0.01073	0.03998	0.00893	0.00704	0.02993	0.00199	0.09527	0.00532	0.00290	0.00712
8	0.01034	0.00952	0.01085	0.19405	0.01658	0.09478	0.00848	0.04309	0.05855	0.01763	0.27539	0.04336	0.11414	0.01078	0.05244	0.00213	0.02046	0.00742	0.00431	0.00569
9	0.00703	0.00538	0.00705	0.00765	0.00837	0.00540	0.00552	0.00831	0.01052	0.01399	0.06013	0.46549	0.15857	0.01928	0.12939	0.00312	0.04193	0.03372	0.00457	0.00457
10	0.03498	0.06363	0.01523	0.09880	0.03983	0.04858	0.06708	0.09153	0.04743	0.14992	0.03714	0.09996	0.01333	0.00706	0.00587	0.00161	0.04604	0.00589	0.00412	0.12198
11	0.03694	0.00632	0.00763	0.00779	0.00900	0.00642	0.00570	0.01209	0.09489	0.05831	0.09873	0.39098	0.08549	0.01278	0.00678	0.01652	0.03230	0.02553	0.08052	0.00530
12	0.03823	0.09495	0.08896	0.03677	0.03785	0.04995	0.00934	0.16250	0.01434	0.06056	0.01216	0.01324	0.02826	0.00534	0.00454	0.00129	0.00529	0.00410	0.05577	0.27656
13	0.16364	0.03299	0.05474	0.04696	0.07964	0.03407	0.06639	0.16965	0.01408	0.03415	0.02377	0.09506	0.02652	0.00662	0.00497	0.00157	0.00543	0.00550	0.00378	0.13046
14	0.15012	0.05597	0.08770	0.03034	0.03189	0.03259	0.02610	0.11050	0.04015	0.03441	0.03811	0.01356	0.01001	0.00608	0.00617	0.00156	0.10778	0.00434	0.09623	0.11639

[dist]
# distance from previous block
# <min> <max>
5	114

[block]
# block no. 1 follows, 45 sequences, length 20
# corresponding to MSA columns:
# 253-272
name=unknown_B
#
# <colnr> <probs for GDERKNQSTAVLIFYWHMCP>
#	G	D	E	R	K	N	Q	S	T	A	V	L	I	F	Y	W	H	M	C	P
0	0.05874	0.00808	0.01012	0.11384	0.03459	0.00814	0.00748	0.06660	0.04406	0.09929	0.08546	0.14114	0.06719	0.00849	0.00529	0.00163	0.00416	0.01859	0.11624	0.10086
1	0.01669	0.16093	0.01844	0.05134	0.09676	0.22653	0.04462	0.19414	0.01603	0.04397	0.03315	0.01431	0.04819	0.00604	0.00499	0.00149	0.00686	0.00464	0.00359	0.00729
2	0.01228	0.00911	0.01330	0.39851	0.02420	0.00985	0.01076	0.06482	0.01291	0.11232	0.10978	0.03710	0.01458	0.00643	0.00530	0.00161	0.00551	0.00553	0.02490	0.12120
3	0.03811	0.17740	0.04064	0.05568	0.05447	0.06564	0.08020	0.05016	0.09063	0.03006	0.07356	0.05546	0.07510	0.00766	0.01929	0.00171	0.02977	0.00585	0.00363	0.04497
4	0.22580	0.01216	0.01416	0.25369	0.18213	0.11426	0.01133	0.01539	0.01153	0.01753	0.04997	0.01507	0.04441	0.00583	0.00486	0.00166	0.00612	0.00468	0.00303	0.00639
5	0.07327	0.01054	0.01186	0.13987	0.01615	0.06674	0.00887	0.07135	0.10065	0.06011	0.02013	0.02316	0.14003	0.04091	0.02561	0.00207	0.09840	0.03744	0.00393	0.04891
6	0.00723	0.00515	0.00661	0.00744	0.00789	0.00502	0.00508	0.00857	0.03132	0.01367	0.04900	0.52041	0.03119	0.18135	0.03014	0.00296	0.00399	0.07402	0.00461	0.00433
7	0.00749	0.00514	0.00598	0.00617	0.00644	0.00498	0.00375	0.00784	0.00897	0.01187	0.06130	0.16603	0.09001	0.54635	0.02080	0.02559	0.00448	0.00938	0.00381	0.00362
8	0.01772	0.00780	0.01038	0.00865	0.01152	0.00698	0.00679	0.03976	0.01440	0.47726	0.14402	0.14286	0.02296	0.05468	0.00702	0.00194	0.00409	0.00772	0.00604	0.00741
9	0.01124	0.00822	0.05279	0.00819	0.01061	0.00709	0.00678	0.01561	0.12220	0.14752	0.43610	0.03296	0.09962	0.00962	0.00598	0.00171	0.00344	0.00828	0.00568	0.00635
10	0.00758	0.00527	0.00669	0.00700	0.00803	0.00480	0.00505	0.00903	0.01224	0.03993	0.25953	0.33701	0.18254	0.01410	0.00722	0.04043	0.00305	0.04064	0.00519	0.00469
11	0.05869	0.01161	0.01271	0.05545	0.01529	0.01306	0.00882	0.18786	0.41956	0.09122	0.01816	0.01738	0.01331	0.00676	0.00524	0.00172	0.00472	0.00545	0.04473	0.00824
12	0.01489	0.10501	0.14497	0.03512	0.01653	0.03614	0.03082	0.11903	0.08789	0.12750	0.01324	0.03747	0.01017	0.00577	0.00486	0.00144	0.00560	0.00461	0.00394	0.19499
13	0.01593	0.13521	0.01717	0.01183	0.01548	0.01470	0.06822	0.18479	0.28824	0.10379	0.03310	0.01607	0.01261	0.00660	0.00591	0.00168	0.05058	0.00526	0.00470	0.00813
14	0.01520	0.01393	0.12163	0.04819	0.01740	0.01275	0.08060	0.24032	0.06865	0.10892	0.01571	0.01739	0.05310	0.04839	0.00787	0.00194	0.08956	0.00551	0.02534	0.00759
15	0.00675	0.00501	0.00620	0.00701	0.00774	0.00460	0.00488	0.00786	0.01083	0.01403	0.05708	0.50487	0.20615	0.07423	0.00826	0.00232	0.00327	0.05963	0.00488	0.00438
16	0.07016	0.01257	0.09339	0.01097	0.01426	0.01219	0.00957	0.17289	0.18929	0.11835	0.02842	0.01714	0.01238	0.05124	0.08881	0.00266	0.07843	0.00529	0.00446	0.00752
17	0.00673	0.00529	0.00608	0.00622	0.00757	0.00464	0.00454	0.00832	0.01264	0.01625	0.24588	0.20582	0.42385	0.01355	0.00645	0.00186	0.00275	0.01170	0.00524	0.00464
18	0.00915	0.00478	0.00717	0.00717	0.00727	0.00488	0.00488	0.00727	0.00717	0.00966	0.00987	0.01683	0.00976	0.02096	0.10332	0.75441	0.00570	0.00478	0.00239	0.00259
19	0.01223	0.01129	0.01753	0.01399	0.01682	0.04683	0.23596	0.14584	0.01319	0.01780	0.01364	0.08548	0.01242	0.04478	0.22374	0.00383	0.06836	0.00648	0.00342	0.00636

[dist]
# distance from previous block
# <min> <max>
6	7

[block]
# block no. 2 follows, 45 sequences, length 12
# corresponding to MSA columns:
# 301-312
name=unknown_C
#
# <colnr> <probs for GDERKNQSTAVLIFYWHMCP>
#	G	D	E	R	K	N	Q	S	T	A	V	L	I	F	Y	W	H	M	C	P
0	0.00658	0.00511	0.00599	0.00648	0.00758	0.00452	0.00459	0.00790	0.01175	0.01502	0.13191	0.37844	0.36560	0.01467	0.00656	0.00196	0.00287	0.01284	0.00510	0.00452
1	0.08157	0.00815	0.00979	0.00816	0.01092	0.00789	0.00652	0.10193	0.01545	0.28156	0.28118	0.02471	0.02528	0.00795	0.00536	0.00162	0.00373	0.00659	0.10467	0.00697
2	0.01439	0.01055	0.01339	0.04303	0.13260	0.01132	0.00936	0.20670	0.12540	0.09172	0.09953	0.04250	0.01674	0.06278	0.03833	0.00220	0.02813	0.00613	0.03779	0.00741
3	0.00850	0.00656	0.00893	0.00835	0.00948	0.00708	0.02334	0.04500	0.01137	0.01584	0.21032	0.07142	0.07749	0.12847	0.28657	0.00469	0.05978	0.00784	0.00404	0.00495
4	0.06705	0.04067	0.01593	0.18803	0.22501	0.01158	0.04098	0.06985	0.07412	0.03629	0.10478	0.01971	0.07022	0.00665	0.00538	0.00168	0.00551	0.00583	0.00370	0.00702
5	0.01021	0.01234	0.13603	0.51856	0.06934	0.01140	0.04991	0.01406	0.01127	0.01510	0.06062	0.04532	0.01113	0.00605	0.00549	0.00177	0.00687	0.00544	0.00273	0.00634
6	0.01667	0.06592	0.01458	0.01072	0.01450	0.01414	0.00880	0.46759	0.09951	0.02736	0.01677	0.04686	0.06115	0.00708	0.00520	0.00156	0.00512	0.00554	0.03807	0.07286
7	0.01562	0.13493	0.07735	0.01339	0.06731	0.01311	0.09045	0.11407	0.06489	0.16068	0.02674	0.01399	0.01020	0.00579	0.00580	0.00153	0.05744	0.00468	0.00396	0.11807
8	0.05788	0.22315	0.08176	0.03329	0.21073	0.03459	0.03392	0.08768	0.03237	0.07823	0.01190	0.01335	0.03036	0.00616	0.01857	0.00166	0.02911	0.00442	0.00327	0.00760
9	0.01939	0.05691	0.01558	0.01173	0.01560	0.09498	0.00958	0.49498	0.05680	0.10693	0.01427	0.05393	0.01091	0.00684	0.00530	0.00161	0.00593	0.00524	0.00506	0.00844
10	0.00892	0.00598	0.00740	0.00753	0.00873	0.00568	0.00542	0.04893	0.02836	0.06967	0.15272	0.39828	0.12914	0.06606	0.00785	0.00219	0.00343	0.03343	0.00517	0.00511
11	0.01501	0.01242	0.07904	0.03463	0.18387	0.01117	0.10530	0.11758	0.04222	0.17160	0.08493	0.05118	0.03693	0.00689	0.00588	0.00171	0.02135	0.00616	0.00434	0.00780

[dist]
# distance from previous block
# <min> <max>
0	1

[block]
# block no. 3 follows, 45 sequences, length 15
# corresponding to MSA columns:
# 314-328
name=unknown_D
#
# <colnr> <probs for GDERKNQSTAVLIFYWHMCP>
#	G	D	E	R	K	N	Q	S	T	A	V	L	I	F	Y	W	H	M	C	P
0	0.01319	0.02867	0.05733	0.18078	0.10887	0.01267	0.15011	0.09307	0.17153	0.05152	0.06584	0.01695	0.01284	0.00606	0.00558	0.00173	0.00627	0.00563	0.00383	0.00753
1	0.00905	0.00904	0.07164	0.04334	0.05503	0.00910	0.00877	0.01084	0.00936	0.01339	0.04234	0.12823	0.01649	0.16080	0.21882	0.00435	0.17395	0.00710	0.00315	0.00520
2	0.84927	0.01038	0.00789	0.00706	0.01038	0.01204	0.00581	0.01578	0.00914	0.02408	0.00747	0.00872	0.00581	0.00498	0.00332	0.00166	0.00415	0.00291	0.00332	0.00581
3	0.01304	0.03213	0.17642	0.01527	0.12366	0.03825	0.06311	0.07005	0.15728	0.03669	0.03388	0.01505	0.01102	0.02684	0.00618	0.00166	0.03551	0.00487	0.00357	0.13553
4	0.01668	0.02005	0.01337	0.01238	0.01469	0.56261	0.00932	0.01881	0.04948	0.01347	0.01104	0.04522	0.00985	0.01309	0.16344	0.00290	0.01010	0.00453	0.00301	0.00597
5	0.01180	0.02366	0.05858	0.07687	0.23059	0.01023	0.04791	0.03596	0.06595	0.06613	0.11244	0.09642	0.04738	0.02319	0.00647	0.00183	0.02878	0.02896	0.01995	0.00691
6	0.01322	0.10949	0.06470	0.04854	0.17137	0.01223	0.12225	0.07341	0.02465	0.07941	0.01414	0.11849	0.01267	0.02316	0.00631	0.00176	0.03927	0.00625	0.05155	0.00712
7	0.01325	0.00676	0.00868	0.00778	0.01002	0.00603	0.00597	0.01534	0.03077	0.29442	0.18725	0.20186	0.16769	0.01108	0.00609	0.00181	0.00347	0.00958	0.00579	0.00637
8	0.01063	0.01288	0.22637	0.01209	0.05093	0.00838	0.05854	0.01393	0.01217	0.09676	0.16031	0.17504	0.02274	0.01226	0.08226	0.00248	0.00618	0.02552	0.00411	0.00643
9	0.00849	0.00490	0.00680	0.00706	0.00746	0.00473	0.00494	0.00749	0.00860	0.01117	0.01997	0.12367	0.12642	0.01737	0.01599	0.54819	0.00421	0.06617	0.00326	0.00312
10	0.09998	0.01116	0.01668	0.40587	0.21771	0.01284	0.01369	0.10483	0.01262	0.01817	0.00980	0.01322	0.00759	0.00542	0.00548	0.00172	0.02872	0.00458	0.00291	0.00697
11	0.01219	0.01042	0.01270	0.00929	0.01377	0.00891	0.03453	0.09169	0.01250	0.01893	0.00980	0.01147	0.00803	0.00456	0.00498	0.00100	0.04928	0.00355	0.00335	0.67905
12	0.01398	0.73229	0.10714	0.00982	0.01477	0.02032	0.01030	0.01617	0.01095	0.01309	0.00769	0.00890	0.00688	0.00465	0.00362	0.00121	0.00597	0.00298	0.00229	0.00700
13	0.06989	0.03321	0.01475	0.01127	0.01506	0.01326	0.04445	0.40048	0.04633	0.16288	0.01442	0.01489	0.01041	0.00981	0.08727	0.00235	0.00643	0.00498	0.02970	0.00818
14	0.10338	0.01199	0.01459	0.04571	0.12413	0.01302	0.02852	0.21578	0.22465	0.10475	0.01578	0.03339	0.01206	0.00662	0.00527	0.00172	0.00524	0.02053	0.00473	0.00815

[dist]
# distance from previous block
# <min> <max>
5	26

[block]
# block no. 4 follows, 45 sequences, length 14
# corresponding to MSA columns:
# 365-378
name=unknown_E
#
# <colnr> <probs for GDERKNQSTAVLIFYWHMCP>
#	G	D	E	R	K	N	Q	S	T	A	V	L	I	F	Y	W	H	M	C	P
0	0.01335	0.01153	0.01214	0.01092	0.01396	0.01335	0.00850	0.02852	0.76817	0.02245	0.02185	0.02003	0.01639	0.00728	0.00546	0.00182	0.00425	0.00607	0.00546	0.00850
1	0.01811	0.04818	0.06821	0.01166	0.01575	0.05019	0.02487	0.35743	0.11433	0.15441	0.05494	0.03065	0.01304	0.00676	0.00536	0.00164	0.00562	0.00536	0.00510	0.00839
2	0.07260	0.05401	0.07166	0.01537	0.11064	0.27374	0.06802	0.13898	0.01495	0.03689	0.01175	0.08501	0.01028	0.00647	0.00515	0.00159	0.00720	0.00518	0.00345	0.00708
3	0.48092	0.01186	0.00945	0.00841	0.01103	0.11552	0.00656	0.07397	0.01110	0.02082	0.00979	0.01353	0.00857	0.11840	0.00765	0.00213	0.03771	0.00399	0.04284	0.00574
4	0.00971	0.00712	0.00997	0.00999	0.04594	0.00819	0.00722	0.02828	0.00950	0.05355	0.01464	0.05137	0.01412	0.16148	0.39918	0.00581	0.11708	0.00621	0.03550	0.00517
5	0.00656	0.00496	0.00606	0.00681	0.00764	0.00446	0.00471	0.00773	0.01122	0.01450	0.08958	0.52443	0.26109	0.01543	0.00666	0.00203	0.00295	0.01368	0.00505	0.00446
6	0.00846	0.00602	0.00794	0.00814	0.00898	0.00622	0.00596	0.00971	0.01083	0.06722	0.07163	0.46611	0.12977	0.01592	0.05617	0.00248	0.09683	0.01191	0.00471	0.00496
7	0.00810	0.00616	0.00705	0.00709	0.00811	0.00620	0.00487	0.01122	0.12873	0.01485	0.09757	0.20760	0.16202	0.26836	0.03550	0.00316	0.00416	0.00995	0.00453	0.00476
8	0.00761	0.00551	0.00765	0.00775	0.00839	0.00609	0.00559	0.00891	0.00853	0.01199	0.01636	0.09048	0.01697	0.25511	0.51047	0.00713	0.01086	0.00712	0.00316	0.00432
9	0.01375	0.07878	0.04801	0.12803	0.19893	0.08533	0.06575	0.10554	0.06256	0.01767	0.01081	0.01353	0.00875	0.00813	0.06057	0.00215	0.07660	0.00473	0.00309	0.00728
10	0.00687	0.00510	0.00628	0.00672	0.00760	0.00465	0.00469	0.00826	0.01187	0.01576	0.23511	0.38008	0.20232	0.06950	0.00802	0.00218	0.00301	0.01238	0.00511	0.00451
11	0.01338	0.10335	0.13902	0.03518	0.01745	0.01173	0.14163	0.03565	0.04973	0.13646	0.07038	0.04288	0.06295	0.00691	0.00624	0.00167	0.06090	0.00588	0.00385	0.05476
12	0.03777	0.04575	0.02863	0.00944	0.01175	0.01001	0.02932	0.12254	0.11845	0.04405	0.03898	0.14556	0.09933	0.10666	0.05928	0.00264	0.04870	0.00770	0.00435	0.02909
13	0.04153	0.22389	0.07662	0.06873	0.01652	0.12765	0.01018	0.13172	0.08362	0.06467	0.03312	0.04067	0.01118	0.00629	0.00480	0.00152	0.00612	0.02062	0.00369	0.02684

[dist]
# distance from previous block
# <min> <max>
1	5

[block]
# block no. 5 follows, 45 sequences, length 11
# corresponding to MSA columns:
# 384-394
name=unknown_F
#
# <colnr> <probs for GDERKNQSTAVLIFYWHMCP>
#	G	D	E	R	K	N	Q	S	T	A	V	L	I	F	Y	W	H	M	C	P
0	0.15410	0.19949	0.07148	0.03535	0.16728	0.06777	0.04828	0.08649	0.01244	0.01831	0.00914	0.01116	0.00748	0.00538	0.00543	0.00156	0.06467	0.00396	0.02309	0.00714
1	0.08015	0.01274	0.08787	0.09007	0.16841	0.01173	0.06474	0.10304	0.04902	0.15239	0.01380	0.04480	0.01086	0.00637	0.00575	0.00172	0.03315	0.02706	0.00395	0.03239
2	0.08887	0.00935	0.01321	0.17882	0.04084	0.01042	0.07397	0.06825	0.04751	0.01738	0.01771	0.06211	0.10457	0.01127	0.09431	0.00253	0.06802	0.00624	0.05312	0.03150
3	0.01100	0.00789	0.00999	0.00898	0.01084	0.03261	0.04889	0.08523	0.01381	0.09633	0.18859	0.27434	0.10860	0.01143	0.00653	0.00185	0.03038	0.00997	0.03694	0.00579
4	0.00766	0.00574	0.00780	0.00788	0.00887	0.00617	0.00592	0.00977	0.03502	0.01394	0.09751	0.10582	0.09003	0.10519	0.43702	0.00591	0.00948	0.03176	0.00377	0.00473
5	0.17406	0.01486	0.14139	0.05081	0.10800	0.10135	0.09109	0.03830	0.01217	0.03737	0.07112	0.01592	0.01189	0.00921	0.08112	0.00234	0.00729	0.02176	0.00324	0.00670
6	0.16015	0.01208	0.04213	0.01206	0.01604	0.04743	0.17875	0.05284	0.06648	0.03057	0.01209	0.05227	0.01026	0.03751	0.03484	0.00189	0.00609	0.00508	0.00345	0.21800
7	0.03188	0.00995	0.01489	0.07501	0.18510	0.01103	0.05809	0.01536	0.11088	0.03679	0.10311	0.06506	0.03911	0.03348	0.05937	0.00239	0.13169	0.00653	0.00369	0.00661
8	0.03988	0.13613	0.08190	0.01245	0.01605	0.01118	0.22158	0.01342	0.01064	0.01476	0.01413	0.03956	0.04911	0.15800	0.09106	0.00296	0.00726	0.00592	0.00296	0.07105
9	0.04204	0.09049	0.01313	0.00894	0.01291	0.01053	0.00732	0.16345	0.04227	0.05264	0.05105	0.06561	0.03485	0.00625	0.00466	0.00126	0.00442	0.00501	0.00407	0.37913
10	0.07374	0.05136	0.05081	0.05921	0.12317	0.05816	0.03053	0.15764	0.09410	0.04982	0.01165	0.01290	0.00897	0.00548	0.00515	0.00148	0.02539	0.00434	0.00372	0.17241

[dist]
# distance from previous block
# <min> <max>
4	44

[block]
# block no. 6 follows, 45 sequences, length 10
# corresponding to MSA columns:
# 439-448
name=unknown_G
#
# <colnr> <probs for GDERKNQSTAVLIFYWHMCP>
#	G	D	E	R	K	N	Q	S	T	A	V	L	I	F	Y	W	H	M	C	P
0	0.01286	0.01085	0.07551	0.11383	0.01676	0.00849	0.00890	0.01559	0.01174	0.13969	0.01337	0.01456	0.04317	0.00527	0.00497	0.00123	0.02732	0.00422	0.00361	0.46806
1	0.01614	0.09304	0.06254	0.08997	0.04411	0.03701	0.04675	0.12338	0.11949	0.19693	0.01561	0.04259	0.01201	0.00659	0.00527	0.00164	0.00567	0.03195	0.00445	0.04487
2	0.00856	0.00561	0.00685	0.00702	0.00825	0.00522	0.00505	0.01064	0.04306	0.07160	0.17560	0.35121	0.17009	0.03204	0.00674	0.00196	0.00308	0.01139	0.07094	0.00507
3	0.01776	0.01498	0.04118	0.03802	0.09880	0.12086	0.01079	0.34058	0.04461	0.10286	0.04053	0.01532	0.03326	0.00664	0.00600	0.00165	0.04854	0.00506	0.00450	0.00805
4	0.00826	0.00565	0.00777	0.00784	0.00902	0.00514	0.03579	0.00973	0.01181	0.07342	0.14756	0.48544	0.14370	0.01416	0.00656	0.00200	0.00332	0.01271	0.00516	0.00497
5	0.01135	0.01328	0.13868	0.18924	0.05154	0.04913	0.04544	0.07772	0.07367	0.01712	0.04061	0.07136	0.07736	0.01002	0.06573	0.00231	0.04916	0.00625	0.00345	0.00658
6	0.00795	0.00677	0.04110	0.00836	0.03399	0.00592	0.00597	0.00948	0.02385	0.01348	0.02370	0.26432	0.08615	0.26129	0.07659	0.00351	0.00517	0.06921	0.00399	0.04920
7	0.03651	0.01270	0.05947	0.17905	0.16729	0.05407	0.01180	0.14824	0.11346	0.02010	0.05849	0.05181	0.05017	0.00690	0.00544	0.00171	0.00584	0.00584	0.00385	0.00728
8	0.03413	0.01162	0.14749	0.01360	0.11656	0.00906	0.03535	0.01440	0.02937	0.07757	0.07683	0.07778	0.05937	0.01039	0.03497	0.00215	0.04447	0.15803	0.04040	0.00645
9	0.01272	0.01206	0.10626	0.01234	0.06205	0.03320	0.08313	0.09162	0.07929	0.10171	0.24607	0.02508	0.08072	0.00792	0.00576	0.00168	0.00503	0.00693	0.00472	0.02170

[dist]
# distance from previous block
# <min> <max>
4	7

[block]
# block no. 7 follows, 45 sequences, length 10
# corresponding to MSA columns:
# 457-461,474-478
name=unknown_H
#
# <colnr> <probs for GDERKNQSTAVLIFYWHMCP>
#	G	D	E	R	K	N	Q	S	T	A	V	L	I	F	Y	W	H	M	C	P
0	0.20963	0.05795	0.05434	0.00947	0.01322	0.01085	0.00815	0.11439	0.04629	0.31098	0.01646	0.09872	0.01281	0.00714	0.00494	0.00169	0.00473	0.00561	0.00500	0.00764
1	0.30469	0.04521	0.05326	0.00993	0.05754	0.01099	0.00784	0.09131	0.06324	0.03879	0.05332	0.05284	0.09034	0.00691	0.00463	0.00159	0.00446	0.00533	0.00397	0.09378
2	0.00857	0.00643	0.00721	0.00678	0.00883	0.00580	0.00519	0.01148	0.08049	0.06080	0.16408	0.08262	0.43549	0.01184	0.00613	0.00177	0.00310	0.03386	0.00517	0.05438
3	0.03106	0.01345	0.05985	0.05340	0.03780	0.03067	0.01018	0.28434	0.27385	0.07110	0.04230	0.01787	0.01356	0.00692	0.00543	0.00172	0.00537	0.02788	0.00497	0.00827
4	0.04254	0.01230	0.01161	0.04637	0.04842	0.14223	0.00805	0.21745	0.05283	0.02201	0.04805	0.01709	0.01264	0.04858	0.00594	0.00168	0.00531	0.00502	0.24523	0.00664
5	0.01070	0.00595	0.00755	0.00748	0.00902	0.00544	0.00563	0.01233	0.01217	0.16720	0.09044	0.28998	0.13183	0.04792	0.00711	0.00206	0.00353	0.08830	0.08991	0.00546
6	0.01100	0.00840	0.05121	0.00985	0.01235	0.00715	0.11574	0.01399	0.03300	0.12189	0.26114	0.15616	0.04504	0.00944	0.00586	0.00173	0.00418	0.00857	0.11727	0.00603
7	0.01471	0.00896	0.01008	0.00835	0.01120	0.00898	0.00663	0.21069	0.04481	0.13396	0.05598	0.06116	0.01508	0.00699	0.00481	0.00145	0.00395	0.00567	0.29349	0.09305
8	0.01009	0.12941	0.01227	0.00882	0.01095	0.00959	0.04515	0.05665	0.11475	0.01669	0.10014	0.18793	0.12896	0.10467	0.00834	0.00219	0.00434	0.03890	0.00444	0.00572
9	0.05618	0.12922	0.05646	0.15174	0.07007	0.06511	0.02285	0.11410	0.03840	0.01810	0.04705	0.07333	0.02522	0.00692	0.00563	0.00163	0.04127	0.02067	0.00345	0.05260

[dist]
# distance from previous block
# <min> <max>
0	1

[block]
# block no. 8 follows, 45 sequences, length 8
# corresponding to MSA columns:
# 501-508
name=unknown_I
#
# <colnr> <probs for GDERKNQSTAVLIFYWHMCP>
#	G	D	E	R	K	N	Q	S	T	A	V	L	I	F	Y	W	H	M	C	P
0	0.07719	0.38783	0.12373	0.01437	0.14506	0.03924	0.01169	0.08565	0.03978	0.01724	0.00924	0.01061	0.00762	0.00502	0.00426	0.00141	0.00609	0.00366	0.00284	0.00747
1	0.01340	0.14723	0.32291	0.01416	0.01917	0.03874	0.07043	0.12818	0.01299	0.01797	0.00934	0.01140	0.00732	0.00600	0.00732	0.00172	0.15725	0.00422	0.00280	0.00745
2	0.00699	0.00513	0.00657	0.00755	0.00829	0.00480	0.00550	0.00827	0.01091	0.01416	0.03286	0.49613	0.15602	0.05212	0.00782	0.00232	0.00352	0.16169	0.00490	0.00446
3	0.00728	0.00524	0.00688	0.00759	0.00837	0.00495	0.00559	0.00887	0.01184	0.01592	0.21017	0.39229	0.07464	0.05881	0.00795	0.00227	0.00343	0.15820	0.00510	0.00459
4	0.00730	0.00538	0.00698	0.00691	0.00805	0.00506	0.00511	0.00938	0.01342	0.01859	0.49991	0.16396	0.12385	0.01511	0.08410	0.00247	0.00382	0.01039	0.00536	0.00487
5	0.18920	0.00987	0.01088	0.00877	0.01223	0.01008	0.00717	0.18026	0.01544	0.31865	0.01588	0.01549	0.01095	0.00619	0.00465	0.00157	0.00438	0.00469	0.16598	0.00766
6	0.01301	0.00949	0.01072	0.00984	0.01226	0.01030	0.00750	0.10116	0.37118	0.09615	0.02327	0.27016	0.02138	0.01017	0.00589	0.00190	0.00410	0.00880	0.00542	0.00731
7	0.05323	0.07218	0.03771	0.05827	0.04350	0.01274	0.12139	0.18755	0.08361	0.08209	0.06847	0.01665	0.01294	0.00962	0.08331	0.00235	0.02108	0.00539	0.02055	0.00737

[dist]
# distance from previous block
# <min> <max>
1	11

[block]
# block no. 9 follows, 45 sequences, length 13
# corresponding to MSA columns:
# 520-532
name=unknown_J
#
# <colnr> <probs for GDERKNQSTAVLIFYWHMCP>
#	G	D	E	R	K	N	Q	S	T	A	V	L	I	F	Y	W	H	M	C	P
0	0.45307	0.01035	0.00985	0.00812	0.01167	0.01105	0.00664	0.12713	0.01280	0.13325	0.01130	0.01190	0.00826	0.00544	0.00403	0.00153	0.00432	0.00375	0.07475	0.09079
1	0.01345	0.01060	0.07740	0.03617	0.01418	0.00996	0.04990	0.05521	0.08677	0.17850	0.01819	0.12436	0.04111	0.09117	0.02826	0.02703	0.11983	0.00699	0.00429	0.00660
2	0.00758	0.06058	0.00809	0.00732	0.00845	0.00609	0.00532	0.00960	0.04556	0.01580	0.19047	0.45242	0.13517	0.01387	0.00638	0.00194	0.00317	0.01229	0.00502	0.00489
3	0.01069	0.01112	0.04189	0.03330	0.04881	0.03637	0.20768	0.01329	0.01093	0.01517	0.03678	0.12223	0.03554	0.01198	0.09655	0.00266	0.16676	0.03176	0.00320	0.06328
4	0.01046	0.00854	0.01180	0.28092	0.07125	0.02469	0.00975	0.04782	0.03657	0.01709	0.06393	0.08672	0.05708	0.00787	0.00586	0.00172	0.04064	0.03008	0.18134	0.00586
5	0.00710	0.00573	0.00694	0.00701	0.00824	0.00556	0.00528	0.00865	0.01168	0.01514	0.15042	0.18218	0.37620	0.01668	0.09803	0.00270	0.04986	0.03317	0.00473	0.00470
6	0.04168	0.01168	0.01674	0.18826	0.11104	0.01319	0.08471	0.18647	0.09034	0.02027	0.01328	0.08795	0.01138	0.00714	0.00683	0.00182	0.09033	0.00598	0.00371	0.00721
7	0.00932	0.00466	0.00699	0.00699	0.00699	0.00466	0.00466	0.00699	0.00699	0.00932	0.00932	0.01632	0.00932	0.01865	0.02098	0.84382	0.00466	0.00466	0.00233	0.00233
8	0.01399	0.19544	0.11952	0.01472	0.14277	0.07007	0.01145	0.06583	0.18988	0.03500	0.03530	0.01485	0.02651	0.00589	0.00487	0.00153	0.00584	0.00468	0.00360	0.03826
9	0.45016	0.01106	0.04160	0.00880	0.01265	0.01085	0.04013	0.07413	0.01183	0.07409	0.06187	0.01263	0.01017	0.00542	0.00415	0.00151	0.00454	0.00393	0.00379	0.15667
10	0.01218	0.18387	0.15511	0.01048	0.01428	0.03810	0.01008	0.10210	0.11702	0.01835	0.06705	0.08873	0.08390	0.00838	0.00535	0.00169	0.00532	0.06713	0.00401	0.00684
11	0.05168	0.04152	0.10371	0.04381	0.03928	0.04328	0.02619	0.13896	0.07759	0.03280	0.07029	0.04217	0.04968	0.13460	0.00881	0.00224	0.00545	0.03625	0.03236	0.01935
12	0.03845	0.08010	0.01461	0.05775	0.06710	0.21365	0.00953	0.09574	0.09094	0.01744	0.01400	0.04986	0.04459	0.00839	0.04240	0.00191	0.06397	0.00511	0.04723	0.03721

[dist]
# distance from previous block
# <min> <max>
16	49

[block]
# block no. 10 follows, 45 sequences, length 31
# corresponding to MSA columns:
# 661-665,672-697
name=unknown_K
#
# <colnr> <probs for GDERKNQSTAVLIFYWHMCP>
#	G	D	E	R	K	N	Q	S	T	A	V	L	I	F	Y	W	H	M	C	P
0	0.00846	0.00575	0.00664	0.00625	0.00788	0.00507	0.00462	0.01008	0.01289	0.08326	0.26971	0.04318	0.39420	0.10790	0.00877	0.00217	0.00312	0.00989	0.00521	0.00495
1	0.01060	0.00866	0.01052	0.11542	0.06163	0.05108	0.00802	0.01492	0.13155	0.05532	0.25280	0.08670	0.08465	0.03446	0.00656	0.00187	0.00438	0.03334	0.02145	0.00605
2	0.01373	0.28547	0.14415	0.03340	0.01880	0.04347	0.15143	0.09172	0.01255	0.01656	0.00922	0.01141	0.00750	0.00559	0.00649	0.00160	0.11607	0.00425	0.01946	0.00712
3	0.00828	0.00591	0.00749	0.00806	0.00939	0.00558	0.00644	0.02828	0.01243	0.03984	0.07983	0.22668	0.22210	0.01428	0.00683	0.00214	0.00382	0.30257	0.00508	0.00495
4	0.01120	0.01759	0.37484	0.01231	0.02960	0.01063	0.01314	0.04503	0.13656	0.04913	0.14070	0.04679	0.03330	0.00888	0.04480	0.00208	0.00625	0.00600	0.00387	0.00730
5	0.00840	0.00674	0.00913	0.00897	0.00968	0.02358	0.00685	0.00994	0.00901	0.01287	0.01592	0.14361	0.01630	0.08348	0.46401	0.00610	0.11888	0.00716	0.03455	0.00480
6	0.01721	0.24747	0.01758	0.01004	0.01392	0.01549	0.00870	0.36899	0.01808	0.07835	0.01263	0.01317	0.00951	0.00588	0.00455	0.00142	0.00521	0.00432	0.13968	0.00781
7	0.01162	0.00931	0.01218	0.26573	0.01986	0.03800	0.00932	0.05315	0.01247	0.07320	0.08759	0.10108	0.01599	0.02656	0.00582	0.00163	0.00519	0.02418	0.00378	0.22334
8	0.01089	0.05184	0.04057	0.06265	0.05957	0.00888	0.00799	0.01482	0.11922	0.04854	0.01758	0.18293	0.03483	0.06732	0.00682	0.00179	0.00452	0.00698	0.00392	0.24834
9	0.00710	0.00524	0.00676	0.00769	0.00856	0.00490	0.00577	0.00860	0.01143	0.01488	0.07406	0.43741	0.16886	0.01541	0.00688	0.00216	0.00348	0.20122	0.00502	0.00458
10	0.22351	0.16806	0.03511	0.14855	0.01793	0.21728	0.00995	0.04250	0.01208	0.01690	0.02804	0.01106	0.00788	0.00549	0.00483	0.00154	0.03640	0.00371	0.00289	0.00630
11	0.38309	0.00767	0.00732	0.00730	0.00920	0.00833	0.00546	0.01248	0.04813	0.01936	0.08312	0.30480	0.04056	0.03379	0.00575	0.00197	0.00364	0.00850	0.00429	0.00525
12	0.00984	0.00687	0.00802	0.00769	0.00870	0.00717	0.00536	0.14100	0.01183	0.01613	0.01936	0.21732	0.02102	0.35054	0.08374	0.00388	0.00549	0.02628	0.04494	0.00482
13	0.02762	0.00833	0.01007	0.00851	0.01118	0.00814	0.00659	0.05471	0.13780	0.31024	0.13758	0.02582	0.06051	0.12532	0.00871	0.00220	0.00417	0.00676	0.03865	0.00709
14	0.00973	0.00557	0.00731	0.00690	0.00806	0.00514	0.00498	0.01025	0.01150	0.09858	0.26035	0.05829	0.14864	0.05598	0.01213	0.27610	0.00364	0.00795	0.00450	0.00441
15	0.00732	0.00550	0.00682	0.00686	0.00811	0.00507	0.00510	0.00960	0.03096	0.01835	0.43041	0.18334	0.20068	0.01271	0.00646	0.00185	0.00284	0.04765	0.00548	0.00490
16	0.00988	0.00770	0.00890	0.00867	0.01009	0.00841	0.00627	0.05243	0.25920	0.01674	0.02159	0.24623	0.02170	0.18033	0.11358	0.00351	0.00554	0.00893	0.00453	0.00579
17	0.01963	0.04409	0.01608	0.03152	0.01682	0.15046	0.01017	0.53232	0.05961	0.04770	0.01248	0.01271	0.00909	0.00624	0.00522	0.00157	0.00647	0.00460	0.00478	0.00844
18	0.08702	0.57997	0.05613	0.00989	0.01431	0.08888	0.00950	0.06079	0.02495	0.01527	0.00820	0.00928	0.00709	0.00489	0.00378	0.00128	0.00604	0.00314	0.00266	0.00694
19	0.75759	0.01001	0.00812	0.04555	0.01143	0.01161	0.00613	0.01548	0.00934	0.02333	0.00818	0.00968	0.00636	0.00508	0.00345	0.00164	0.00420	0.00312	0.05391	0.00577
20	0.01133	0.01148	0.04134	0.40341	0.21721	0.01242	0.09667	0.01525	0.04114	0.01545	0.01073	0.03600	0.00873	0.00573	0.00617	0.00178	0.05036	0.00526	0.00268	0.00685
21	0.04379	0.00793	0.01031	0.00861	0.01163	0.00715	0.00683	0.02007	0.04246	0.47445	0.12823	0.12947	0.06741	0.00901	0.00572	0.00175	0.00395	0.00763	0.00607	0.00752
22	0.12602	0.00752	0.00955	0.00841	0.01071	0.00764	0.00663	0.01596	0.01173	0.27491	0.10361	0.04864	0.01763	0.06219	0.24673	0.00402	0.02098	0.00613	0.00464	0.00635
23	0.01232	0.00666	0.00826	0.00755	0.00910	0.00628	0.00536	0.05282	0.01196	0.21279	0.07330	0.19899	0.06293	0.29147	0.01351	0.00302	0.00431	0.00896	0.00489	0.00552
24	0.00962	0.00649	0.00720	0.00710	0.00848	0.04435	0.00521	0.01148	0.01284	0.08271	0.25621	0.24599	0.11312	0.01140	0.00587	0.00174	0.00324	0.00991	0.15182	0.00521
25	0.01337	0.01239	0.01688	0.01350	0.01696	0.03795	0.19072	0.12473	0.31444	0.02091	0.02104	0.02113	0.11406	0.00739	0.00640	0.00180	0.04781	0.00651	0.00447	0.00754
26	0.08611	0.00899	0.01171	0.17943	0.03823	0.00915	0.00886	0.07999	0.01340	0.13589	0.10897	0.04822	0.05766	0.00764	0.00537	0.00165	0.00481	0.06322	0.00435	0.12635
27	0.07281	0.03750	0.04468	0.03826	0.04274	0.07249	0.04836	0.11793	0.04859	0.04083	0.12361	0.06654	0.08112	0.00866	0.02452	0.00179	0.00536	0.02964	0.00421	0.09038
28	0.01577	0.03829	0.01640	0.01574	0.16100	0.05186	0.02935	0.33803	0.05460	0.02403	0.04944	0.04039	0.01210	0.00841	0.04746	0.00199	0.04512	0.00534	0.00421	0.04046
29	0.04597	0.01240	0.08880	0.05179	0.13000	0.03520	0.01063	0.12190	0.04026	0.17193	0.01591	0.14321	0.01375	0.00767	0.00591	0.00171	0.03761	0.00638	0.00431	0.05466
30	0.21401	0.03283	0.03693	0.16708	0.16659	0.07571	0.05084	0.04491	0.04510	0.06966	0.01078	0.02537	0.00845	0.00559	0.00513	0.00168	0.02456	0.00450	0.00328	0.00700

[dist]
# distance from previous block
# <min> <max>
9	102

[block]
# block no. 11 follows, 45 sequences, length 35
# corresponding to MSA columns:
# 818-852
name=unknown_L
#
# <colnr> <probs for GDERKNQSTAVLIFYWHMCP>
#	G	D	E	R	K	N	Q	S	T	A	V	L	I	F	Y	W	H	M	C	P
0	0.12121	0.32094	0.13273	0.01145	0.03250	0.06014	0.04484	0.03318	0.01148	0.03731	0.00929	0.01162	0.00782	0.00532	0.00486	0.00144	0.04401	0.02371	0.00282	0.08332
1	0.07976	0.02766	0.05782	0.01052	0.06434	0.02475	0.02367	0.06501	0.09503	0.03679	0.18633	0.11510	0.10626	0.02730	0.00616	0.00184	0.00431	0.03348	0.02768	0.00621
2	0.12822	0.13051	0.17564	0.01308	0.07690	0.08278	0.03979	0.06195	0.09494	0.01880	0.05024	0.02437	0.02941	0.00592	0.00478	0.00156	0.00600	0.00463	0.00337	0.04712
3	0.01414	0.42586	0.02241	0.04458	0.05221	0.05307	0.05196	0.01663	0.04175	0.06794	0.01057	0.04735	0.00935	0.00687	0.02463	0.00167	0.09482	0.00440	0.00294	0.00686
4	0.13535	0.00958	0.01192	0.00935	0.01334	0.00895	0.00770	0.04488	0.05071	0.62227	0.01913	0.01691	0.01231	0.00644	0.00512	0.00167	0.00453	0.00508	0.00610	0.00865
5	0.05082	0.00926	0.02631	0.02704	0.02942	0.00962	0.00747	0.06210	0.29469	0.02095	0.19766	0.04937	0.12541	0.00923	0.00575	0.00179	0.00390	0.04007	0.02246	0.00668
6	0.01243	0.00800	0.00988	0.08739	0.10385	0.02950	0.00743	0.04378	0.04200	0.09033	0.04628	0.01873	0.01365	0.00624	0.00451	0.00144	0.00402	0.00517	0.45913	0.00623
7	0.01244	0.00695	0.00857	0.00759	0.00972	0.00663	0.00588	0.03224	0.07998	0.19586	0.33662	0.06490	0.06594	0.00923	0.00565	0.00165	0.00326	0.00790	0.13267	0.00632
8	0.02070	0.03860	0.01341	0.01004	0.01394	0.01064	0.00828	0.21744	0.05336	0.45131	0.06758	0.01896	0.03661	0.00703	0.00541	0.00164	0.00476	0.00564	0.00601	0.00863
9	0.00817	0.00592	0.00703	0.00665	0.00833	0.00539	0.00506	0.01081	0.04805	0.05378	0.42095	0.04295	0.31758	0.01167	0.00628	0.00176	0.00283	0.02602	0.00556	0.00521
10	0.02069	0.02297	0.01477	0.01315	0.01614	0.66556	0.00998	0.02219	0.01524	0.13524	0.01034	0.01105	0.00793	0.00571	0.00493	0.00143	0.00887	0.00377	0.00338	0.00669
11	0.01809	0.01255	0.01409	0.01156	0.01424	0.11954	0.02385	0.10279	0.01397	0.29889	0.01434	0.03707	0.01100	0.04569	0.00942	0.00194	0.20428	0.00522	0.00448	0.03700
12	0.01166	0.04596	0.10923	0.32340	0.35044	0.01253	0.01564	0.01527	0.01158	0.01592	0.03190	0.01404	0.00894	0.00522	0.00526	0.00167	0.00672	0.00475	0.00259	0.00729
13	0.00853	0.00686	0.01087	0.00943	0.01060	0.00703	0.12437	0.00988	0.00885	0.01216	0.01512	0.02725	0.01571	0.43061	0.27380	0.00579	0.00882	0.00690	0.00304	0.00439
14	0.01485	0.01291	0.01820	0.30718	0.02573	0.04132	0.13066	0.31108	0.01695	0.02225	0.01174	0.04133	0.00908	0.00607	0.00556	0.00172	0.00691	0.00536	0.00373	0.00738
15	0.00651	0.00478	0.00612	0.00719	0.00771	0.00438	0.00486	0.00751	0.01055	0.01381	0.03305	0.70232	0.13880	0.01637	0.00678	0.00213	0.00306	0.01471	0.00498	0.00438
16	0.00681	0.00528	0.00625	0.00675	0.00795	0.00472	0.00500	0.00829	0.01195	0.01523	0.12677	0.29700	0.36820	0.01448	0.00663	0.00199	0.00307	0.09396	0.00509	0.00458
17	0.01947	0.00867	0.01139	0.00926	0.01265	0.00801	0.00746	0.02310	0.10336	0.53879	0.11248	0.04883	0.01896	0.00912	0.04102	0.00202	0.00468	0.00636	0.00619	0.00820
18	0.00761	0.00540	0.00679	0.00663	0.00754	0.00524	0.00469	0.00928	0.01195	0.01670	0.37934	0.06598	0.08885	0.21743	0.11066	0.00347	0.00474	0.00889	0.03430	0.00450
19	0.76271	0.01084	0.00854	0.00751	0.01088	0.03184	0.00616	0.03717	0.01006	0.06290	0.00835	0.00935	0.00632	0.00512	0.00352	0.00165	0.00436	0.00310	0.00353	0.00609
20	0.01037	0.00721	0.00909	0.11344	0.01289	0.00779	0.03654	0.01535	0.15300	0.01909	0.05407	0.08141	0.01660	0.00731	0.00476	0.00155	0.00376	0.00625	0.43369	0.00583
21	0.01743	0.01191	0.06729	0.06830	0.12893	0.02765	0.06764	0.10139	0.01472	0.32088	0.03811	0.04825	0.01287	0.02576	0.00600	0.00176	0.00570	0.00570	0.02172	0.00800
22	0.03122	0.20136	0.01803	0.13701	0.01889	0.36373	0.01064	0.09250	0.02839	0.01562	0.00955	0.01206	0.00798	0.00566	0.00471	0.00146	0.00767	0.02390	0.00298	0.00662
23	0.71413	0.01085	0.00891	0.00771	0.01110	0.01246	0.00634	0.11550	0.01136	0.02527	0.00849	0.00960	0.00648	0.00522	0.00361	0.00164	0.00434	0.00322	0.02752	0.00623
24	0.01368	0.09822	0.06742	0.03420	0.01602	0.05647	0.10289	0.15707	0.11500	0.05112	0.11688	0.04825	0.07369	0.00745	0.00548	0.00166	0.00557	0.00636	0.01544	0.00713
25	0.11556	0.00608	0.00668	0.00635	0.00803	0.00581	0.00483	0.01029	0.01341	0.01983	0.44092	0.03833	0.24431	0.01071	0.00583	0.00170	0.00279	0.00906	0.04447	0.00501
26	0.01158	0.12007	0.13750	0.06980	0.03159	0.02623	0.09392	0.01444	0.01166	0.07990	0.05499	0.07510	0.08901	0.04772	0.04209	0.00215	0.02383	0.00641	0.05568	0.00632
27	0.01009	0.00611	0.00799	0.00743	0.00904	0.00567	0.00559	0.01275	0.04107	0.13354	0.51764	0.15813	0.04146	0.01113	0.00624	0.00177	0.00299	0.00982	0.00586	0.00568
28	0.00769	0.00568	0.00826	0.00826	0.00909	0.00651	0.00625	0.00935	0.00852	0.01219	0.01471	0.02294	0.01422	0.14210	0.68934	0.00817	0.01317	0.00602	0.00293	0.00459
29	0.03831	0.14056	0.04996	0.01082	0.01426	0.07578	0.00925	0.12386	0.23261	0.10266	0.03239	0.01617	0.01240	0.00821	0.04334	0.00197	0.04243	0.01465	0.02274	0.00762
30	0.00987	0.00592	0.00737	0.00710	0.00879	0.00528	0.00530	0.01150	0.01271	0.15323	0.18038	0.24538	0.26984	0.01372	0.03633	0.00212	0.00357	0.01079	0.00538	0.00543
31	0.01538	0.36752	0.02257	0.11488	0.15293	0.01586	0.04489	0.05299	0.01259	0.13704	0.01079	0.01217	0.00839	0.00514	0.00455	0.00144	0.00600	0.00410	0.00323	0.00754
32	0.05390	0.38309	0.26653	0.01157	0.01691	0.08862	0.01246	0.01781	0.04633	0.04453	0.00942	0.01048	0.00749	0.00506	0.00427	0.00142	0.00662	0.00352	0.00269	0.00727
33	0.01374	0.00992	0.01120	0.00972	0.01227	0.04435	0.00762	0.16869	0.13722	0.10924	0.06853	0.04801	0.03053	0.05265	0.21554	0.00367	0.00741	0.00617	0.00459	0.03894
34	0.08595	0.03092	0.01206	0.01007	0.01316	0.09166	0.00793	0.07948	0.27095	0.19386	0.06993	0.06057	0.01647	0.02578	0.00578	0.00178	0.00488	0.00599	0.00514	0.00762

[dist]
# distance from previous block
# <min> <max>
0	3

[block]
# block no. 12 follows, 45 sequences, length 9
# corresponding to MSA columns:
# 863-871
name=unknown_M
#
# <colnr> <probs for GDERKNQSTAVLIFYWHMCP>
#	G	D	E	R	K	N	Q	S	T	A	V	L	I	F	Y	W	H	M	C	P
0	0.01222	0.01322	0.10181	0.04993	0.01584	0.08193	0.05610	0.10758	0.04478	0.01889	0.09980	0.08405	0.05228	0.00733	0.00577	0.00153	0.03551	0.00609	0.00385	0.20149
1	0.01006	0.00848	0.01105	0.01094	0.05526	0.04571	0.04435	0.02630	0.01133	0.03314	0.06650	0.25910	0.05430	0.04483	0.03570	0.00227	0.11772	0.05114	0.05638	0.05544
2	0.01661	0.01246	0.01346	0.01094	0.01441	0.01358	0.00886	0.52013	0.08841	0.02831	0.02033	0.08645	0.09954	0.00849	0.00568	0.00173	0.00513	0.03219	0.00529	0.00801
3	0.01140	0.01125	0.01484	0.14970	0.01708	0.05877	0.01104	0.01284	0.00901	0.01272	0.00892	0.01531	0.00879	0.11963	0.01609	0.00259	0.50690	0.00507	0.00250	0.00555
4	0.01271	0.01116	0.01471	0.17269	0.13473	0.04513	0.03895	0.07844	0.22096	0.03979	0.07349	0.01958	0.04870	0.00888	0.05458	0.00215	0.00615	0.00588	0.00407	0.00724
5	0.00804	0.00648	0.00910	0.05778	0.01102	0.00687	0.03155	0.00983	0.01169	0.01621	0.23125	0.32573	0.09393	0.01245	0.00775	0.00196	0.10196	0.01071	0.04072	0.00498
6	0.01512	0.04073	0.07333	0.07446	0.01802	0.05793	0.08729	0.22834	0.10024	0.07676	0.04526	0.01815	0.07615	0.00702	0.00625	0.00172	0.05575	0.00568	0.00428	0.00754
7	0.00887	0.00599	0.00760	0.00780	0.00912	0.00551	0.00554	0.01099	0.05692	0.07693	0.06542	0.55598	0.05263	0.01376	0.00632	0.00194	0.00334	0.01231	0.00502	0.08801
8	0.01370	0.01152	0.01562	0.03676	0.05384	0.01205	0.10193	0.22565	0.10866	0.02153	0.01296	0.01510	0.01028	0.01174	0.14247	0.00277	0.03397	0.00502	0.00389	0.16053

[dist]
# distance from previous block
# <min> <max>
1	15

[block]
# block no. 13 follows, 45 sequences, length 12
# corresponding to MSA columns:
# 887-898
name=unknown_N
#
# <colnr> <probs for GDERKNQSTAVLIFYWHMCP>
#	G	D	E	R	K	N	Q	S	T	A	V	L	I	F	Y	W	H	M	C	P
0	0.01449	0.07005	0.03769	0.19348	0.08067	0.11035	0.03005	0.11293	0.14196	0.06014	0.02812	0.01562	0.02409	0.00609	0.00514	0.00162	0.00617	0.00497	0.04909	0.00726
1	0.07177	0.00926	0.01045	0.00928	0.01194	0.00965	0.00729	0.12907	0.19316	0.09403	0.09295	0.16245	0.02129	0.00925	0.00561	0.00177	0.00414	0.06028	0.02369	0.07267
2	0.67524	0.06956	0.01150	0.00876	0.01228	0.06459	0.05920	0.01628	0.00992	0.02205	0.00777	0.00918	0.00613	0.00496	0.00364	0.00162	0.00498	0.00318	0.00317	0.00602
3	0.01506	0.03508	0.01605	0.11193	0.08599	0.02893	0.08371	0.14407	0.01489	0.14586	0.08020	0.01600	0.01274	0.00582	0.00519	0.00148	0.00557	0.00506	0.00414	0.18222
4	0.00777	0.00563	0.00720	0.00698	0.00816	0.00528	0.00513	0.03239	0.01436	0.02003	0.58033	0.17208	0.06778	0.03407	0.00697	0.00187	0.00282	0.01051	0.00563	0.00500
5	0.04117	0.01325	0.01501	0.15017	0.08795	0.11380	0.02987	0.11726	0.22102	0.03739	0.01436	0.03964	0.01156	0.00683	0.00618	0.00176	0.05884	0.02259	0.00397	0.00736
6	0.01099	0.00956	0.03566	0.06347	0.06054	0.01047	0.02513	0.04163	0.14786	0.01704	0.01639	0.08223	0.03028	0.10700	0.01032	0.00224	0.15909	0.00640	0.15762	0.00610
7	0.00715	0.00524	0.00634	0.00679	0.00789	0.00478	0.00500	0.00881	0.01216	0.01626	0.19406	0.29786	0.25228	0.01371	0.00643	0.00193	0.00301	0.08175	0.06389	0.00466
8	0.01523	0.03757	0.12191	0.12367	0.07240	0.01227	0.04454	0.17226	0.10600	0.14308	0.03628	0.04101	0.01208	0.00644	0.00536	0.00168	0.00583	0.00542	0.02913	0.00786
9	0.01026	0.00562	0.00772	0.00746	0.00829	0.00585	0.00541	0.01079	0.05061	0.06342	0.01304	0.01821	0.01149	0.02022	0.18460	0.44234	0.00645	0.00507	0.11912	0.00403
10	0.01572	0.01164	0.01297	0.01091	0.01408	0.01294	0.00871	0.33679	0.25372	0.06735	0.01746	0.06927	0.01397	0.01209	0.11421	0.00269	0.00630	0.00607	0.00510	0.00801
11	0.01515	0.01027	0.01213	0.00893	0.01350	0.00870	0.00724	0.12585	0.01407	0.17641	0.01242	0.01285	0.00922	0.00488	0.00447	0.00109	0.00438	0.00388	0.00421	0.55035

[dist]
# distance from previous block
# <min> <max>
0	1

[block]
# block no. 14 follows, 45 sequences, length 10
# corresponding to MSA columns:
# 900-909
name=unknown_O
#
# <colnr> <probs for GDERKNQSTAVLIFYWHMCP>
#	G	D	E	R	K	N	Q	S	T	A	V	L	I	F	Y	W	H	M	C	P
0	0.01443	0.65433	0.06950	0.01087	0.01559	0.07438	0.06683	0.01659	0.01137	0.01326	0.00790	0.00928	0.00698	0.00468	0.00385	0.00125	0.00639	0.00324	0.00236	0.00693
1	0.59140	0.01233	0.00942	0.00837	0.01147	0.11805	0.00672	0.07338	0.01128	0.02259	0.00882	0.01031	0.00697	0.00691	0.04124	0.00193	0.00545	0.00337	0.04395	0.00604
2	0.01284	0.00913	0.01046	0.00911	0.01124	0.01025	0.00721	0.23496	0.08502	0.02174	0.01522	0.01840	0.01246	0.05074	0.19428	0.00341	0.04805	0.00534	0.23367	0.00647
3	0.07576	0.00854	0.01105	0.00894	0.01205	0.00813	0.04032	0.06445	0.03733	0.35794	0.17942	0.02205	0.02040	0.00731	0.00526	0.00162	0.00409	0.00611	0.12186	0.00736
4	0.00788	0.00522	0.00665	0.00719	0.00794	0.00485	0.00497	0.00902	0.01100	0.05601	0.11260	0.46333	0.09934	0.13395	0.00975	0.00253	0.00349	0.04479	0.00492	0.00457
5	0.07488	0.00793	0.00985	0.00856	0.01122	0.00748	0.00686	0.05035	0.01338	0.35241	0.04318	0.03101	0.08412	0.13251	0.00909	0.00236	0.00455	0.13815	0.00536	0.00674
6	0.01285	0.00658	0.00884	0.00794	0.00998	0.00596	0.00614	0.01495	0.01416	0.26811	0.36094	0.15688	0.03419	0.01156	0.03122	0.00201	0.00375	0.03180	0.00587	0.00627
