[name]
unknown

[dist]
# distance from previous block
# <min> <max>
0	45

[block]
# block no. 0 follows, 44 sequences, length 34
# corresponding to MSA columns:
# 47-80
name=unknown_A
#
# <colnr> <probs for GDERKNQSTAVLIFYWHMCP>
#	G	D	E	R	K	N	Q	S	T	A	V	L	I	F	Y	W	H	M	C	P
0	0.00732	0.00513	0.00622	0.00678	0.00714	0.00492	0.00437	0.00799	0.00970	0.01280	0.04522	0.35213	0.08730	0.36847	0.01617	0.00355	0.00414	0.04236	0.00430	0.00399
1	0.02970	0.00558	0.00679	0.00715	0.00810	0.00528	0.00500	0.00959	0.02675	0.04383	0.14544	0.36686	0.13985	0.13797	0.00988	0.00253	0.00351	0.03654	0.00496	0.00471
2	0.03892	0.00682	0.00816	0.00762	0.00952	0.00644	0.00573	0.04635	0.04369	0.14220	0.21588	0.21195	0.19089	0.03218	0.00676	0.00194	0.00343	0.01014	0.00551	0.00584
3	0.00938	0.00580	0.00720	0.00730	0.00871	0.00524	0.00529	0.01112	0.02714	0.12001	0.12487	0.38791	0.21209	0.01370	0.00646	0.00196	0.00320	0.01204	0.02523	0.00532
4	0.47077	0.01115	0.01074	0.04213	0.01347	0.03924	0.00748	0.08922	0.01291	0.23781	0.01217	0.01228	0.00847	0.00572	0.00431	0.00168	0.00484	0.00395	0.00446	0.00720
5	0.00722	0.00530	0.00664	0.00686	0.00784	0.00487	0.00489	0.00890	0.01276	0.01728	0.35453	0.27805	0.15842	0.07635	0.00830	0.00219	0.00305	0.02654	0.00533	0.00469
6	0.00926	0.00590	0.00741	0.00741	0.00864	0.00553	0.00528	0.01137	0.04720	0.09726	0.22656	0.32691	0.10720	0.09776	0.00876	0.00230	0.00340	0.01131	0.00533	0.00522
7	0.00748	0.00533	0.00640	0.00645	0.00716	0.00502	0.00430	0.00866	0.01140	0.01540	0.27777	0.15724	0.12614	0.32045	0.01475	0.00319	0.00373	0.01018	0.00470	0.00426
8	0.01193	0.01193	0.01670	0.01431	0.01431	0.01670	0.01193	0.01312	0.00835	0.01312	0.00716	0.01193	0.00716	0.00954	0.01789	0.00239	0.79843	0.00477	0.00239	0.00596
9	0.01001	0.00598	0.00730	0.00718	0.00860	0.00548	0.00514	0.01169	0.03144	0.13586	0.10192	0.28995	0.18811	0.12375	0.00931	0.00239	0.00356	0.01084	0.03622	0.00528
10	0.00875	0.00589	0.00747	0.00714	0.00859	0.00544	0.00535	0.01124	0.03345	0.07047	0.50186	0.12597	0.12874	0.02940	0.00690	0.00188	0.00296	0.02742	0.00574	0.00532
11	0.00757	0.00542	0.00733	0.00762	0.00814	0.00580	0.00532	0.00869	0.00888	0.01229	0.01888	0.20189	0.02061	0.27613	0.37367	0.00620	0.00911	0.00866	0.00352	0.00428
12	0.00755	0.00534	0.00652	0.00709	0.00792	0.00496	0.00499	0.00867	0.01092	0.03200	0.05754	0.34961	0.20158	0.17421	0.01102	0.00275	0.00372	0.09439	0.00478	0.00445
13	0.01019	0.00659	0.00892	0.00919	0.03503	0.00672	0.00657	0.03841	0.03400	0.09885	0.05408	0.24628	0.03810	0.09005	0.23528	0.02276	0.00716	0.04196	0.00440	0.00545
14	0.02062	0.01477	0.01593	0.01224	0.01652	0.01624	0.01010	0.70736	0.02486	0.06511	0.01356	0.01350	0.00956	0.00655	0.00541	0.00163	0.00586	0.00494	0.02607	0.00917
15	0.00661	0.00553	0.00575	0.00570	0.00747	0.00467	0.00427	0.00815	0.01282	0.01567	0.14945	0.05092	0.67737	0.01346	0.00644	0.00182	0.00274	0.01129	0.00519	0.00467
16	0.00793	0.00529	0.00595	0.00595	0.00595	0.00529	0.00330	0.00793	0.00793	0.01057	0.01718	0.03568	0.01982	0.80840	0.02775	0.00529	0.00529	0.00793	0.00330	0.00330
17	0.01410	0.75519	0.02718	0.00929	0.01369	0.02054	0.00915	0.01586	0.01092	0.01281	0.00807	0.00963	0.00746	0.00720	0.05841	0.00170	0.00645	0.00312	0.00237	0.00685
18	0.00673	0.00551	0.00571	0.00566	0.00742	0.00468	0.00425	0.00830	0.01274	0.01578	0.13825	0.04988	0.65897	0.01322	0.00634	0.00180	0.00273	0.01107	0.03626	0.00468
19	0.00808	0.00627	0.00932	0.00915	0.01006	0.00751	0.00717	0.00997	0.00873	0.01269	0.01408	0.02075	0.01318	0.03869	0.73290	0.00831	0.06955	0.00577	0.00288	0.00494
20	0.00792	0.00532	0.00614	0.00614	0.00620	0.00539	0.00354	0.00805	0.00799	0.01071	0.01700	0.03470	0.01940	0.75602	0.07955	0.00552	0.00592	0.00779	0.00328	0.00341
21	0.01296	0.01068	0.01443	0.01482	0.15181	0.01119	0.06152	0.10078	0.25026	0.05038	0.20112	0.02422	0.05621	0.00782	0.00582	0.00174	0.00476	0.00692	0.00496	0.00761
22	0.02003	0.01493	0.01597	0.01240	0.01664	0.01658	0.01019	0.68586	0.09712	0.03324	0.01397	0.01379	0.00998	0.00663	0.00546	0.00166	0.00584	0.00503	0.00546	0.00921
23	0.01130	0.00969	0.01130	0.00807	0.01292	0.00727	0.00646	0.01373	0.01130	0.01776	0.00969	0.01130	0.00807	0.00404	0.00404	0.00081	0.00404	0.00323	0.00323	0.84173
24	0.00670	0.00521	0.00609	0.00656	0.00770	0.00460	0.00466	0.00806	0.01200	0.01535	0.14100	0.36434	0.36864	0.01481	0.00666	0.00198	0.00290	0.01295	0.00519	0.00460
25	0.00848	0.03989	0.02712	0.00723	0.00889	0.00602	0.00571	0.01089	0.01460	0.04544	0.59483	0.09231	0.09565	0.01118	0.00628	0.00173	0.00297	0.00979	0.00565	0.00534
26	0.01311	0.01226	0.01690	0.06517	0.10163	0.01576	0.01223	0.09766	0.07077	0.01683	0.00952	0.01306	0.00832	0.00825	0.01334	0.00214	0.50826	0.00491	0.00302	0.00685
27	0.74394	0.01094	0.00841	0.00748	0.01079	0.04463	0.00609	0.01593	0.00989	0.02363	0.04219	0.01042	0.00809	0.00532	0.00360	0.00164	0.00438	0.00330	0.00346	0.03586
28	0.00853	0.00697	0.03600	0.00942	0.01103	0.00618	0.00820	0.01092	0.01234	0.01627	0.06009	0.13579	0.08514	0.01417	0.00710	0.00229	0.00462	0.51723	0.00489	0.04282
29	0.04043	0.11921	0.01680	0.12092	0.05116	0.01301	0.06620	0.01852	0.19716	0.04267	0.01443	0.01573	0.03850	0.00615	0.00600	0.00159	0.06870	0.00495	0.00363	0.15423
30	0.01179	0.06718	0.05069	0.07392	0.01665	0.01005	0.07087	0.06223	0.01219	0.01770	0.01160	0.08115	0.01040	0.00572	0.00502	0.00126	0.02262	0.00486	0.00330	0.46081
31	0.06793	0.00833	0.01265	0.02304	0.01270	0.00905	0.12757	0.01143	0.01040	0.01520	0.10268	0.05845	0.08216	0.17675	0.14065	0.00375	0.12121	0.00733	0.00354	0.00519
32	0.09193	0.01214	0.04285	0.07667	0.15623	0.03063	0.03660	0.10900	0.07839	0.12362	0.01392	0.01609	0.02360	0.05633	0.00694	0.00186	0.02986	0.00503	0.00399	0.08432
33	0.01204	0.01089	0.06453	0.00934	0.01273	0.02762	0.00786	0.10540	0.14376	0.04629	0.19301	0.05317	0.08572	0.00808	0.00548	0.00154	0.00428	0.00676	0.00480	0.19668

[dist]
# distance from previous block
# <min> <max>
1	15

[block]
# block no. 1 follows, 44 sequences, length 24
# corresponding to MSA columns:
# 96-119
name=unknown_B
#
# <colnr> <probs for GDERKNQSTAVLIFYWHMCP>
#	G	D	E	R	K	N	Q	S	T	A	V	L	I	F	Y	W	H	M	C	P
0	0.03164	0.08637	0.17816	0.01594	0.14693	0.01296	0.05606	0.11650	0.03485	0.06289	0.01105	0.01257	0.00848	0.00530	0.00537	0.00149	0.03292	0.00432	0.00338	0.17282
1	0.05935	0.00947	0.01159	0.00867	0.01309	0.00778	0.00704	0.01903	0.01306	0.33019	0.03254	0.01485	0.01122	0.00537	0.00465	0.00123	0.00426	0.00430	0.00475	0.43755
2	0.01065	0.01007	0.05466	0.00839	0.01280	0.00720	0.00704	0.01317	0.01147	0.01762	0.05457	0.08556	0.01302	0.00570	0.00451	0.00104	0.00410	0.00477	0.00350	0.67016
3	0.02425	0.00962	0.01286	0.00986	0.01409	0.00852	0.00815	0.06836	0.01618	0.73557	0.02103	0.01824	0.01325	0.00674	0.00548	0.00168	0.00472	0.00545	0.00667	0.00928
4	0.01426	0.17622	0.02330	0.06223	0.44626	0.04474	0.07189	0.06626	0.01311	0.01752	0.00986	0.01250	0.00819	0.00497	0.00508	0.00155	0.00669	0.00454	0.00280	0.00803
5	0.01030	0.00969	0.01635	0.79530	0.03755	0.01211	0.01514	0.01393	0.01090	0.01393	0.00969	0.01453	0.00727	0.00545	0.00545	0.00182	0.00727	0.00484	0.00242	0.00606
6	0.00667	0.00484	0.00630	0.00741	0.00788	0.00447	0.00500	0.00772	0.01079	0.01430	0.06184	0.71753	0.09196	0.01659	0.00690	0.00217	0.00311	0.01497	0.00510	0.00447
7	0.00767	0.00552	0.00695	0.00662	0.00773	0.00513	0.00477	0.00974	0.01400	0.01953	0.59957	0.04067	0.09412	0.14274	0.00995	0.00231	0.00303	0.00965	0.00549	0.00480
8	0.00662	0.00484	0.00622	0.00733	0.00784	0.00445	0.00494	0.00762	0.01069	0.01402	0.03323	0.70986	0.12899	0.01667	0.00689	0.00217	0.00311	0.01499	0.00506	0.00445
9	0.00725	0.00531	0.00598	0.00616	0.00684	0.00500	0.00397	0.00792	0.00979	0.01249	0.03135	0.15220	0.26721	0.40392	0.04805	0.00386	0.00453	0.01011	0.00412	0.00395
10	0.00932	0.00680	0.00838	0.00754	0.00923	0.00661	0.00577	0.10438	0.01663	0.02322	0.65362	0.03760	0.06840	0.01065	0.00631	0.00171	0.00301	0.00929	0.00590	0.00565
11	0.28343	0.00976	0.01106	0.00888	0.01267	0.00961	0.00730	0.05752	0.01408	0.46122	0.05904	0.01648	0.01303	0.00645	0.00487	0.00169	0.00445	0.00490	0.00558	0.00798
12	0.01458	0.81168	0.02857	0.00933	0.01399	0.02157	0.00933	0.01632	0.01108	0.01283	0.00758	0.00875	0.00700	0.00466	0.00350	0.00117	0.00583	0.00292	0.00233	0.00700
13	0.84691	0.01054	0.00801	0.00717	0.01054	0.01223	0.00590	0.01603	0.00928	0.02446	0.00759	0.00886	0.00590	0.00506	0.00337	0.00169	0.00422	0.00295	0.00337	0.00590
14	0.00664	0.00474	0.00633	0.00759	0.00791	0.00443	0.00506	0.00759	0.01044	0.01392	0.03005	0.80485	0.03606	0.01708	0.00696	0.00221	0.00316	0.01550	0.00506	0.00443
15	0.01030	0.00969	0.01635	0.79530	0.03755	0.01211	0.01514	0.01393	0.01090	0.01393	0.00969	0.01453	0.00727	0.00545	0.00545	0.00182	0.00727	0.00484	0.00242	0.00606
16	0.02270	0.00904	0.01231	0.00957	0.01356	0.00789	0.00786	0.02481	0.01492	0.69144	0.02054	0.01849	0.01330	0.00921	0.06410	0.00218	0.00536	0.00542	0.00632	0.04095
17	0.01413	0.71552	0.12081	0.01009	0.01517	0.02048	0.01066	0.01644	0.01113	0.01337	0.00785	0.00908	0.00699	0.00473	0.00370	0.00123	0.00610	0.00305	0.00233	0.00713
18	0.01564	0.01232	0.01805	0.02313	0.42724	0.01264	0.01306	0.14711	0.09724	0.10954	0.01450	0.06009	0.01176	0.00635	0.00552	0.00169	0.00575	0.00569	0.00410	0.00858
19	0.01019	0.00589	0.00727	0.00719	0.00808	0.00564	0.00479	0.01138	0.03152	0.12725	0.04662	0.27998	0.02490	0.36703	0.01586	0.00345	0.00433	0.00995	0.02385	0.00481
20	0.00876	0.00694	0.00732	0.00726	0.00776	0.06421	0.00475	0.00945	0.00922	0.01201	0.05926	0.07117	0.02024	0.50717	0.17680	0.00533	0.00724	0.00768	0.00343	0.00401
21	0.01331	0.01931	0.25496	0.04555	0.10592	0.09635	0.25174	0.04795	0.05618	0.01783	0.01144	0.01457	0.00886	0.00546	0.00568	0.00174	0.00803	0.02454	0.00293	0.00764
22	0.01179	0.00949	0.01254	0.01181	0.07390	0.00975	0.02093	0.11240	0.01290	0.04183	0.06149	0.17258	0.01707	0.01184	0.08152	0.00234	0.11767	0.00702	0.00397	0.20715
23	0.01265	0.27289	0.04219	0.01046	0.02570	0.08991	0.00879	0.01507	0.05332	0.01418	0.01198	0.08494	0.01182	0.09308	0.02239	0.00203	0.10867	0.00522	0.00304	0.11167

[dist]
# distance from previous block
# <min> <max>
0	64

[block]
# block no. 2 follows, 44 sequences, length 9
# corresponding to MSA columns:
# 184-192
name=unknown_C
#
# <colnr> <probs for GDERKNQSTAVLIFYWHMCP>
#	G	D	E	R	K	N	Q	S	T	A	V	L	I	F	Y	W	H	M	C	P
0	0.01120	0.00991	0.01485	0.33554	0.10318	0.04036	0.04772	0.01454	0.04460	0.04876	0.05719	0.15156	0.01598	0.00806	0.00619	0.00184	0.03166	0.02073	0.00353	0.03259
1	0.01998	0.00998	0.01228	0.00991	0.01363	0.00965	0.00809	0.12837	0.12124	0.45979	0.02398	0.02317	0.08725	0.00785	0.00567	0.00175	0.00462	0.03807	0.00616	0.00855
2	0.01136	0.00989	0.01180	0.00865	0.01305	0.00813	0.00696	0.01367	0.01103	0.01734	0.00946	0.01136	0.00799	0.00454	0.00530	0.00095	0.07665	0.00337	0.00315	0.76533
3	0.00811	0.00583	0.00742	0.00729	0.00759	0.00640	0.00487	0.00878	0.00821	0.01136	0.01582	0.02993	0.01719	0.52568	0.26260	0.00620	0.05255	0.00710	0.00313	0.00394
4	0.00662	0.00482	0.00625	0.00739	0.00785	0.00445	0.00497	0.00761	0.01064	0.01400	0.03255	0.72995	0.10933	0.01675	0.00691	0.00218	0.00312	0.01510	0.00506	0.00445
5	0.01145	0.01043	0.01638	0.65080	0.03350	0.01298	0.01440	0.08541	0.01210	0.01583	0.00979	0.01416	0.00745	0.00592	0.00655	0.00185	0.07709	0.00484	0.00271	0.00636
6	0.05374	0.01767	0.06580	0.01371	0.01794	0.17678	0.08248	0.39442	0.01971	0.06779	0.01180	0.01256	0.00860	0.00610	0.00564	0.00164	0.02647	0.00465	0.00435	0.00817
7	0.00802	0.00683	0.00838	0.09019	0.04860	0.00667	0.00652	0.01113	0.08125	0.01641	0.13782	0.10326	0.43111	0.01183	0.00625	0.00184	0.00356	0.01011	0.00484	0.00538
8	0.01099	0.00711	0.00919	0.00985	0.08310	0.00649	0.00671	0.03467	0.01345	0.14970	0.12728	0.15533	0.30601	0.01173	0.00628	0.00186	0.00369	0.04531	0.00525	0.00601

[dist]
# distance from previous block
# <min> <max>
0	2

[block]
# block no. 3 follows, 44 sequences, length 70
# corresponding to MSA columns:
# 195-209,218-272
name=unknown_D
#
# <colnr> <probs for GDERKNQSTAVLIFYWHMCP>
#	G	D	E	R	K	N	Q	S	T	A	V	L	I	F	Y	W	H	M	C	P
0	0.09175	0.01961	0.23152	0.09534	0.07854	0.18989	0.01356	0.08309	0.06631	0.01858	0.02699	0.01276	0.00888	0.00583	0.00552	0.00167	0.03537	0.00434	0.00315	0.00731
1	0.02601	0.02953	0.09068	0.12218	0.22589	0.07276	0.11627	0.05432	0.05708	0.01746	0.02357	0.01382	0.00910	0.00595	0.00710	0.00178	0.11112	0.00498	0.00297	0.00744
2	0.76840	0.01074	0.00865	0.00756	0.01102	0.01230	0.00623	0.05574	0.01041	0.05677	0.00847	0.00949	0.00640	0.00521	0.00357	0.00168	0.00433	0.00316	0.00363	0.00623
3	0.01402	0.01068	0.01274	0.16543	0.01791	0.01192	0.00937	0.21411	0.21280	0.05505	0.08830	0.02106	0.06220	0.00742	0.00550	0.00172	0.00496	0.00613	0.07123	0.00746
4	0.00898	0.00494	0.00691	0.00691	0.00697	0.00500	0.00450	0.00747	0.00741	0.00994	0.01173	0.02169	0.01234	0.21949	0.07004	0.57918	0.00548	0.00561	0.00264	0.00276
5	0.84691	0.01054	0.00801	0.00717	0.01054	0.01223	0.00590	0.01603	0.00928	0.02446	0.00759	0.00886	0.00590	0.00506	0.00337	0.00169	0.00422	0.00295	0.00337	0.00590
6	0.00728	0.00548	0.00673	0.00657	0.00791	0.00493	0.00487	0.00938	0.01417	0.01923	0.51237	0.11321	0.24310	0.01240	0.00648	0.00179	0.00268	0.01081	0.00566	0.00493
7	0.02095	0.01492	0.01614	0.01238	0.01673	0.01638	0.01022	0.71301	0.02504	0.07840	0.01359	0.01341	0.00952	0.00656	0.00546	0.00164	0.00592	0.00494	0.00553	0.00927
8	0.01211	0.01231	0.01608	0.09735	0.01664	0.06830	0.01182	0.01365	0.00948	0.01369	0.04807	0.01359	0.00951	0.00892	0.01507	0.00222	0.61767	0.00496	0.00261	0.00595
9	0.01604	0.01175	0.01284	0.01105	0.01445	0.01310	0.00873	0.11194	0.56557	0.13941	0.02104	0.01924	0.01532	0.00720	0.00553	0.00180	0.00456	0.00592	0.00572	0.00880
10	0.01060	0.01017	0.01711	0.67080	0.03448	0.01271	0.04828	0.01400	0.01070	0.01400	0.00946	0.01424	0.00730	0.00588	0.00692	0.00188	0.09802	0.00491	0.00243	0.00610
11	0.00821	0.00622	0.00783	0.00705	0.00891	0.00547	0.00538	0.01069	0.01454	0.02065	0.59115	0.03752	0.08863	0.01033	0.00610	0.00161	0.00287	0.02858	0.00549	0.13279
12	0.01130	0.00969	0.01130	0.00807	0.01292	0.00727	0.00646	0.01373	0.01130	0.01776	0.00969	0.01130	0.00807	0.00404	0.00404	0.00081	0.00404	0.00323	0.00323	0.84173
13	0.01356	0.01171	0.01233	0.01109	0.01418	0.01356	0.00863	0.02897	0.76455	0.02281	0.02219	0.02034	0.01664	0.00740	0.00555	0.00185	0.00431	0.00616	0.00555	0.00863
14	0.01093	0.02820	0.78016	0.01554	0.02360	0.01266	0.02014	0.01727	0.01151	0.01727	0.00978	0.01151	0.00691	0.00518	0.00518	0.00173	0.00806	0.00403	0.00230	0.00806
15	0.02032	0.01507	0.01613	0.01246	0.01675	0.01672	0.01026	0.71478	0.06773	0.03370	0.01361	0.01350	0.00969	0.00659	0.00546	0.00165	0.00590	0.00498	0.00546	0.00923
16	0.01030	0.00969	0.01635	0.79530	0.03755	0.01211	0.01514	0.01393	0.01090	0.01393	0.00969	0.01453	0.00727	0.00545	0.00545	0.00182	0.00727	0.00484	0.00242	0.00606
17	0.01130	0.00969	0.01130	0.00807	0.01292	0.00727	0.00646	0.01373	0.01130	0.01776	0.00969	0.01130	0.00807	0.00404	0.00404	0.00081	0.00404	0.00323	0.00323	0.84173
18	0.84691	0.01054	0.00801	0.00717	0.01054	0.01223	0.00590	0.01603	0.00928	0.02446	0.00759	0.00886	0.00590	0.00506	0.00337	0.00169	0.00422	0.00295	0.00337	0.00590
19	0.01193	0.01193	0.01670	0.01431	0.01431	0.01670	0.01193	0.01312	0.00835	0.01312	0.00716	0.01193	0.00716	0.00954	0.01789	0.00239	0.79843	0.00477	0.00239	0.00596
20	0.00841	0.00573	0.00751	0.00698	0.00838	0.00526	0.00526	0.01096	0.01544	0.05325	0.74040	0.03980	0.04987	0.01096	0.00639	0.00171	0.00266	0.00968	0.00603	0.00532
21	0.02422	0.00966	0.01289	0.00988	0.01411	0.00857	0.00816	0.07255	0.01624	0.73130	0.02098	0.01821	0.01323	0.00673	0.00548	0.00168	0.00472	0.00545	0.00667	0.00928
22	0.00681	0.00518	0.00632	0.00715	0.00809	0.00469	0.00515	0.00808	0.01135	0.01446	0.03855	0.46563	0.28798	0.01574	0.00684	0.00212	0.00323	0.09302	0.00506	0.00455
23	0.00738	0.00556	0.00600	0.00606	0.00766	0.00477	0.00441	0.00864	0.01199	0.04894	0.04749	0.16559	0.57831	0.06289	0.00779	0.00210	0.00306	0.01163	0.00503	0.00471
24	0.04483	0.00931	0.01254	0.00964	0.01383	0.00812	0.00796	0.02631	0.01545	0.75950	0.02116	0.01832	0.01331	0.00671	0.00543	0.00169	0.00463	0.00542	0.00666	0.00919
25	0.84691	0.01054	0.00801	0.00717	0.01054	0.01223	0.00590	0.01603	0.00928	0.02446	0.00759	0.00886	0.00590	0.00506	0.00337	0.00169	0.00422	0.00295	0.00337	0.00590
26	0.00760	0.00534	0.00627	0.00656	0.00703	0.00515	0.00427	0.00828	0.00967	0.01265	0.05675	0.15574	0.12845	0.47296	0.01892	0.00394	0.00448	0.07797	0.00408	0.00389
27	0.00815	0.00617	0.00883	0.00876	0.00981	0.00715	0.00674	0.01082	0.05522	0.01317	0.01521	0.02211	0.01414	0.07955	0.69845	0.00815	0.01348	0.00597	0.00310	0.00502
28	0.01093	0.02820	0.78016	0.01554	0.02360	0.01266	0.02014	0.01727	0.01151	0.01727	0.00978	0.01151	0.00691	0.00518	0.00518	0.00173	0.00806	0.00403	0.00230	0.00806
29	0.01458	0.81168	0.02857	0.00933	0.01399	0.02157	0.00933	0.01632	0.01108	0.01283	0.00758	0.00875	0.00700	0.00466	0.00350	0.00117	0.00583	0.00292	0.00233	0.00700
30	0.00871	0.00680	0.00838	0.00714	0.00952	0.00574	0.00548	0.01116	0.01401	0.02020	0.49992	0.03266	0.08284	0.00919	0.00572	0.00145	0.00302	0.00798	0.00512	0.25495
31	0.02081	0.01513	0.01628	0.01248	0.01684	0.01670	0.01031	0.73964	0.02540	0.05126	0.01328	0.01321	0.00937	0.00655	0.00545	0.00164	0.00597	0.00492	0.00548	0.00927
32	0.02446	0.00928	0.01265	0.00970	0.01392	0.00801	0.00801	0.02657	0.01560	0.77817	0.02151	0.01856	0.01350	0.00675	0.00548	0.00169	0.00464	0.00548	0.00675	0.00928
33	0.00761	0.00557	0.00714	0.00675	0.00808	0.00510	0.00506	0.01009	0.01519	0.02128	0.71347	0.04168	0.10985	0.01136	0.00643	0.00172	0.00259	0.00999	0.00593	0.00510
34	0.01627	0.00953	0.01132	0.00983	0.01282	0.00983	0.00769	0.02404	0.34281	0.29518	0.05656	0.09674	0.01931	0.04163	0.00665	0.00197	0.00430	0.01965	0.00585	0.00802
35	0.01307	0.01231	0.01973	0.13208	0.54965	0.01294	0.01518	0.01838	0.13665	0.01812	0.01215	0.01477	0.00978	0.00536	0.00543	0.00168	0.00623	0.00507	0.00313	0.00829
36	0.84691	0.01054	0.00801	0.00717	0.01054	0.01223	0.00590	0.01603	0.00928	0.02446	0.00759	0.00886	0.00590	0.00506	0.00337	0.00169	0.00422	0.00295	0.00337	0.00590
37	0.00947	0.00473	0.00710	0.00710	0.00710	0.00473	0.00473	0.00710	0.00710	0.00947	0.00947	0.01657	0.00947	0.01894	0.02131	0.84138	0.00473	0.00473	0.00237	0.00237
38	0.01339	0.01354	0.04969	0.03262	0.73341	0.01296	0.03058	0.01676	0.01239	0.01778	0.01025	0.01344	0.00857	0.00486	0.00541	0.00163	0.00658	0.00486	0.00269	0.00859
39	0.01233	0.01639	0.32630	0.01338	0.06326	0.01009	0.01317	0.01666	0.04632	0.13315	0.06149	0.14238	0.01719	0.00856	0.00643	0.00188	0.04793	0.05185	0.00398	0.00726
40	0.02037	0.02598	0.01545	0.01404	0.01685	0.78652	0.01053	0.02177	0.01545	0.01334	0.00843	0.00983	0.00702	0.00562	0.00492	0.00140	0.00983	0.00351	0.00281	0.00632
41	0.01130	0.00969	0.01130	0.00807	0.01292	0.00727	0.00646	0.01373	0.01130	0.01776	0.00969	0.01130	0.00807	0.00404	0.00404	0.00081	0.00404	0.00323	0.00323	0.84173
42	0.00763	0.00557	0.00717	0.00677	0.00809	0.00511	0.00508	0.01013	0.01524	0.02140	0.72473	0.04149	0.09852	0.01132	0.00643	0.00172	0.00258	0.00997	0.00594	0.00511
43	0.01352	0.11255	0.39196	0.01404	0.01983	0.16315	0.06038	0.01768	0.01226	0.03799	0.00997	0.01185	0.00768	0.00727	0.05125	0.00197	0.00829	0.00406	0.00265	0.05164
44	0.00793	0.00529	0.00595	0.00595	0.00595	0.00529	0.00330	0.00793	0.00793	0.01057	0.01718	0.03568	0.01982	0.80840	0.02775	0.00529	0.00529	0.00793	0.00330	0.00330
45	0.01492	0.76516	0.02779	0.00961	0.01416	0.06687	0.00940	0.01665	0.01134	0.01286	0.00763	0.00881	0.00700	0.00472	0.00358	0.00118	0.00607	0.00295	0.00236	0.00696
46	0.02072	0.01527	0.01636	0.01254	0.01691	0.01691	0.01036	0.75622	0.02563	0.03436	0.01309	0.01309	0.00927	0.00654	0.00545	0.00164	0.00600	0.00491	0.00545	0.00927
47	0.00785	0.00572	0.00726	0.00698	0.00824	0.00534	0.00515	0.02948	0.01470	0.02046	0.59412	0.13097	0.09731	0.03341	0.00704	0.00188	0.00282	0.01046	0.00574	0.00508
48	0.00764	0.00526	0.00593	0.00605	0.00628	0.00513	0.00356	0.00789	0.00866	0.01134	0.02262	0.10729	0.10576	0.64745	0.02347	0.00462	0.00481	0.00902	0.00366	0.00355
49	0.02039	0.02535	0.01550	0.01396	0.01686	0.74095	0.01052	0.06526	0.01605	0.01459	0.00870	0.01002	0.00716	0.00567	0.00495	0.00142	0.00960	0.00359	0.00297	0.00649
50	0.01138	0.01596	0.21021	0.33117	0.05785	0.01281	0.25008	0.01597	0.01173	0.01601	0.01016	0.01380	0.00755	0.00509	0.00569	0.00179	0.00804	0.00515	0.00251	0.00705
51	0.02053	0.01518	0.01625	0.01251	0.01683	0.01682	0.01032	0.73697	0.04519	0.03405	0.01333	0.01328	0.00947	0.00657	0.00546	0.00164	0.00595	0.00494	0.00546	0.00925
52	0.01360	0.01191	0.01820	0.44116	0.12209	0.01359	0.06717	0.20895	0.01509	0.02001	0.01075	0.01404	0.00803	0.00560	0.00552	0.00175	0.00698	0.00498	0.00327	0.00731
53	0.01123	0.01184	0.05376	0.02405	0.01325	0.08595	0.00989	0.01312	0.02606	0.01355	0.04216	0.01783	0.01196	0.11130	0.16564	0.00380	0.37071	0.00544	0.00286	0.00560
54	0.01590	0.01199	0.01299	0.01116	0.01457	0.01346	0.00883	0.14224	0.56510	0.10942	0.02069	0.01901	0.01514	0.00719	0.00553	0.00180	0.00461	0.00589	0.00567	0.00880
55	0.00877	0.00500	0.00683	0.00683	0.00704	0.00499	0.00451	0.00753	0.00782	0.01035	0.01516	0.02404	0.07215	0.19797	0.07399	0.52982	0.00538	0.00606	0.00283	0.00293
56	0.01859	0.01180	0.01317	0.01055	0.01412	0.01256	0.00866	0.43666	0.03825	0.15783	0.01655	0.01846	0.01236	0.00709	0.00530	0.00164	0.00505	0.05016	0.15295	0.00825
57	0.00895	0.00496	0.00694	0.00694	0.00702	0.00504	0.00454	0.00752	0.00744	0.01000	0.01182	0.02178	0.01241	0.22029	0.08282	0.56482	0.00565	0.00563	0.00265	0.00280
58	0.84691	0.01054	0.00801	0.00717	0.01054	0.01223	0.00590	0.01603	0.00928	0.02446	0.00759	0.00886	0.00590	0.00506	0.00337	0.00169	0.00422	0.00295	0.00337	0.00590
59	0.02089	0.01500	0.01619	0.01241	0.01677	0.01650	0.01026	0.72315	0.02518	0.06807	0.01347	0.01334	0.00946	0.00655	0.00546	0.00164	0.00594	0.00493	0.00551	0.00927
60	0.01114	0.00990	0.02703	0.00826	0.01300	0.00736	0.00676	0.01362	0.01119	0.01752	0.00991	0.01177	0.00830	0.00573	0.03953	0.00119	0.00460	0.00336	0.00320	0.78663
61	0.01458	0.81168	0.02857	0.00933	0.01399	0.02157	0.00933	0.01632	0.01108	0.01283	0.00758	0.00875	0.00700	0.00466	0.00350	0.00117	0.00583	0.00292	0.00233	0.00700
62	0.00652	0.00553	0.00562	0.00560	0.00741	0.00463	0.00420	0.00796	0.01260	0.01513	0.09604	0.05180	0.73112	0.01366	0.00644	0.00183	0.00275	0.01141	0.00512	0.00463
63	0.00698	0.00512	0.00655	0.00709	0.00792	0.00469	0.00498	0.00854	0.01238	0.01671	0.28483	0.45296	0.13180	0.01466	0.00672	0.00200	0.00291	0.01309	0.00538	0.00469
64	0.01278	0.01234	0.01205	0.00939	0.01344	0.13711	0.00737	0.02953	0.01211	0.01696	0.01052	0.05323	0.00937	0.00527	0.00494	0.00106	0.03796	0.00403	0.00327	0.60728
65	0.00799	0.00589	0.00775	0.00876	0.00999	0.00565	0.00728	0.01003	0.01219	0.01562	0.03427	0.17631	0.17874	0.01513	0.00723	0.00233	0.00428	0.48068	0.00503	0.00484
66	0.00793	0.00529	0.00595	0.00595	0.00595	0.00529	0.00330	0.00793	0.00793	0.01057	0.01718	0.03568	0.01982	0.80840	0.02775	0.00529	0.00529	0.00793	0.00330	0.00330
67	0.01759	0.06147	0.04076	0.01289	0.07557	0.05737	0.06552	0.13212	0.08928	0.24022	0.01603	0.01613	0.01146	0.00616	0.00513	0.00159	0.00548	0.00510	0.13213	0.00802
68	0.05852	0.06241	0.05717	0.11743	0.27348	0.05422	0.03577	0.07424	0.02988	0.03316	0.03328	0.03862	0.01064	0.02780	0.00685	0.00181	0.06902	0.00516	0.00319	0.00735
69	0.55481	0.13675	0.01190	0.00803	0.01150	0.02932	0.00678	0.03280	0.01069	0.08949	0.01036	0.05880	0.00871	0.00593	0.00388	0.00163	0.00460	0.00400	0.00365	0.00637

[dist]
# distance from previous block
# <min> <max>
0	5

[block]
# block no. 4 follows, 44 sequences, length 17
# corresponding to MSA columns:
# 279-295
name=unknown_E
#
# <colnr> <probs for GDERKNQSTAVLIFYWHMCP>
#	G	D	E	R	K	N	Q	S	T	A	V	L	I	F	Y	W	H	M	C	P
0	0.22668	0.24679	0.01825	0.01120	0.04160	0.05658	0.05482	0.08091	0.01230	0.04531	0.00912	0.01059	0.00742	0.00528	0.00499	0.00146	0.05473	0.00366	0.00320	0.10513
1	0.01204	0.01214	0.01631	0.27711	0.02231	0.06855	0.01277	0.01468	0.04237	0.01383	0.00875	0.01302	0.00759	0.00780	0.01227	0.00210	0.44291	0.00477	0.00256	0.00613
2	0.01021	0.00692	0.00843	0.00754	0.00947	0.00661	0.00581	0.07587	0.04294	0.08293	0.51917	0.03747	0.14398	0.01063	0.00624	0.00173	0.00312	0.00918	0.00587	0.00588
3	0.01141	0.21217	0.04154	0.03605	0.01330	0.01353	0.00891	0.01567	0.15080	0.01470	0.01354	0.04553	0.01249	0.09749	0.15882	0.00345	0.13564	0.00546	0.00326	0.00625
4	0.03310	0.02342	0.01055	0.00903	0.01164	0.00916	0.00707	0.05381	0.23518	0.18928	0.07552	0.05931	0.11804	0.01024	0.00765	0.10407	0.00419	0.02658	0.00525	0.00690
5	0.02893	0.07896	0.01274	0.01044	0.02409	0.14582	0.00797	0.04146	0.01105	0.05289	0.01271	0.02030	0.01224	0.16876	0.10717	0.07112	0.12774	0.03956	0.02060	0.00544
6	0.01465	0.07804	0.01276	0.00989	0.01286	0.01173	0.00815	0.17506	0.22012	0.09089	0.05450	0.02477	0.01743	0.00809	0.00543	0.00174	0.00459	0.11482	0.12701	0.00746
7	0.00780	0.00579	0.00852	0.00852	0.00941	0.00668	0.00652	0.00958	0.00869	0.01248	0.01482	0.02263	0.01415	0.10600	0.72240	0.00847	0.01381	0.00602	0.00295	0.00473
8	0.12585	0.12013	0.05262	0.01096	0.03042	0.07901	0.00925	0.16680	0.02749	0.06541	0.01048	0.01155	0.00816	0.00553	0.00529	0.00142	0.05469	0.00387	0.00368	0.20737
9	0.06845	0.03170	0.07871	0.01151	0.01529	0.01196	0.03438	0.10952	0.01370	0.24993	0.01304	0.01377	0.00943	0.00651	0.00765	0.00168	0.17026	0.00459	0.00429	0.14364
10	0.02912	0.12437	0.41832	0.01480	0.06731	0.05180	0.03516	0.01734	0.02682	0.05965	0.01071	0.01266	0.00820	0.00836	0.07160	0.00225	0.02694	0.00425	0.00276	0.00757
11	0.01291	0.07271	0.09842	0.03310	0.01411	0.05821	0.02448	0.15425	0.06053	0.04734	0.04217	0.09271	0.04843	0.14068	0.05971	0.00276	0.00631	0.02062	0.00406	0.00650
12	0.01122	0.02622	0.67036	0.01663	0.02431	0.01283	0.12795	0.01729	0.01171	0.01729	0.00997	0.01198	0.00711	0.00509	0.00536	0.00174	0.00822	0.00438	0.00237	0.00795
13	0.01568	0.66854	0.02637	0.00991	0.01452	0.02073	0.00951	0.14931	0.01369	0.01670	0.00857	0.00953	0.00741	0.00500	0.00385	0.00125	0.00586	0.00327	0.00289	0.00741
14	0.00849	0.00573	0.00641	0.00624	0.00643	0.00580	0.00362	0.04103	0.00871	0.01162	0.01700	0.03468	0.01935	0.77293	0.02676	0.00512	0.00532	0.00779	0.00340	0.00357
15	0.12260	0.01159	0.01395	0.01094	0.01502	0.01185	0.04351	0.22062	0.10776	0.35948	0.01713	0.01593	0.01157	0.00646	0.00527	0.00170	0.00513	0.00514	0.00565	0.00869
16	0.08237	0.05522	0.01786	0.01604	0.14362	0.01314	0.11429	0.13120	0.17013	0.15916	0.01536	0.01641	0.01143	0.00618	0.00538	0.00171	0.00576	0.02193	0.00453	0.00828

[dist]
# distance from previous block
# <min> <max>
0	101

[block]
# block no. 5 follows, 44 sequences, length 7
# corresponding to MSA columns:
# 397-403
name=unknown_F
#
# <colnr> <probs for GDERKNQSTAVLIFYWHMCP>
#	G	D	E	R	K	N	Q	S	T	A	V	L	I	F	Y	W	H	M	C	P
0	0.01658	0.50582	0.02332	0.01048	0.01478	0.09584	0.00951	0.14221	0.06704	0.05340	0.01027	0.01086	0.00836	0.00536	0.00420	0.00134	0.00609	0.00366	0.00334	0.00753
1	0.11996	0.00993	0.01191	0.00967	0.01330	0.00977	0.00790	0.08372	0.08955	0.40179	0.03759	0.04048	0.01431	0.00723	0.00563	0.00171	0.02709	0.03616	0.00560	0.06671
2	0.04754	0.01040	0.01192	0.04295	0.01389	0.01131	0.00825	0.18857	0.17734	0.12815	0.04422	0.07637	0.14188	0.00892	0.00656	0.00183	0.06021	0.00713	0.00515	0.00741
3	0.01115	0.01223	0.10670	0.07724	0.12206	0.04641	0.06935	0.01379	0.01162	0.04083	0.11746	0.12029	0.01857	0.08260	0.00966	0.00220	0.12088	0.00716	0.00354	0.00627
4	0.00748	0.00559	0.00705	0.00802	0.00867	0.00554	0.00549	0.01018	0.10190	0.01500	0.02909	0.70970	0.03370	0.01591	0.00679	0.00217	0.00330	0.01437	0.00512	0.00494
5	0.01458	0.81168	0.02857	0.00933	0.01399	0.02157	0.00933	0.01632	0.01108	0.01283	0.00758	0.00875	0.00700	0.00466	0.00350	0.00117	0.00583	0.00292	0.00233	0.00700
6	0.01121	0.04169	0.21035	0.02950	0.03438	0.01055	0.01098	0.03255	0.17496	0.05294	0.04672	0.09544	0.11505	0.01045	0.04466	0.00219	0.02853	0.03670	0.00417	0.00697

[dist]
# distance from previous block
# <min> <max>
9	26

[block]
# block no. 6 follows, 44 sequences, length 15
# corresponding to MSA columns:
# 433-447
name=unknown_G
#
# <colnr> <probs for GDERKNQSTAVLIFYWHMCP>
#	G	D	E	R	K	N	Q	S	T	A	V	L	I	F	Y	W	H	M	C	P
0	0.01224	0.01114	0.03001	0.18291	0.08719	0.07404	0.02800	0.06624	0.01187	0.05417	0.01307	0.08290	0.01178	0.01535	0.19014	0.00348	0.10995	0.00593	0.00325	0.00634
1	0.04707	0.01578	0.20350	0.01739	0.07712	0.01188	0.27954	0.08320	0.01306	0.01861	0.01437	0.16526	0.01330	0.00735	0.00594	0.00184	0.00706	0.00719	0.00336	0.00717
2	0.10768	0.37400	0.07755	0.01033	0.03089	0.05558	0.03297	0.03161	0.01239	0.01717	0.15494	0.01566	0.01557	0.00606	0.00445	0.00141	0.00546	0.00458	0.00330	0.03840
3	0.08673	0.01231	0.01758	0.05976	0.41164	0.07269	0.06435	0.01527	0.01234	0.01725	0.01854	0.02041	0.15487	0.00667	0.00545	0.00168	0.00606	0.00597	0.00321	0.00722
4	0.00928	0.00821	0.00812	0.00787	0.00942	0.09146	0.00582	0.03516	0.04541	0.01826	0.33144	0.19025	0.19466	0.01198	0.00630	0.00181	0.00371	0.01032	0.00523	0.00529
5	0.16925	0.00658	0.00734	0.00689	0.00862	0.00651	0.00523	0.01144	0.01359	0.04105	0.49377	0.06701	0.10009	0.03199	0.00642	0.00184	0.00306	0.00874	0.00533	0.00527
6	0.00770	0.00528	0.00610	0.00617	0.00643	0.00515	0.00370	0.00813	0.00918	0.01227	0.09748	0.10958	0.06554	0.60919	0.02245	0.00444	0.00467	0.00903	0.00384	0.00367
7	0.00764	0.00533	0.00586	0.00586	0.00622	0.00515	0.00346	0.00791	0.00879	0.01137	0.02449	0.03890	0.16437	0.65574	0.02366	0.00462	0.00480	0.00862	0.00364	0.00355
8	0.00674	0.00482	0.00644	0.00770	0.00806	0.00451	0.00523	0.00776	0.01054	0.01403	0.02999	0.77030	0.03584	0.01699	0.00699	0.00223	0.00325	0.04907	0.00506	0.00446
9	0.01193	0.01193	0.01670	0.01431	0.01431	0.01670	0.01193	0.01312	0.00835	0.01312	0.00716	0.01193	0.00716	0.00954	0.01789	0.00239	0.79843	0.00477	0.00239	0.00596
10	0.00664	0.00474	0.00633	0.00759	0.00791	0.00443	0.00506	0.00759	0.01044	0.01392	0.03005	0.80485	0.03606	0.01708	0.00696	0.00221	0.00316	0.01550	0.00506	0.00443
11	0.00660	0.00489	0.00617	0.00719	0.00780	0.00446	0.00488	0.00764	0.01082	0.01407	0.03489	0.66029	0.17749	0.01645	0.00686	0.00214	0.00309	0.01473	0.00506	0.00446
12	0.68547	0.00943	0.00769	0.00725	0.01004	0.01073	0.00574	0.01441	0.00950	0.02243	0.01191	0.16179	0.01170	0.00737	0.00406	0.00179	0.00401	0.00536	0.00370	0.00562
13	0.00775	0.00546	0.00620	0.00650	0.00753	0.00511	0.00451	0.00936	0.03162	0.01490	0.03164	0.27254	0.22494	0.16592	0.01023	0.00252	0.00347	0.02967	0.13518	0.02496
14	0.01647	0.65752	0.02551	0.00940	0.01398	0.01897	0.00908	0.01829	0.01195	0.15987	0.01026	0.01063	0.00824	0.00506	0.00388	0.00127	0.00560	0.00341	0.00318	0.00743

[dist]
# distance from previous block
# <min> <max>
0	9

[block]
# block no. 7 follows, 44 sequences, length 8
# corresponding to MSA columns:
# 457-464
name=unknown_H
#
# <colnr> <probs for GDERKNQSTAVLIFYWHMCP>
#	G	D	E	R	K	N	Q	S	T	A	V	L	I	F	Y	W	H	M	C	P
0	0.01351	0.01140	0.01220	0.01043	0.01388	0.01235	0.00820	0.09591	0.52498	0.02265	0.02080	0.01968	0.05222	0.00705	0.00532	0.00165	0.00435	0.00580	0.00511	0.15249
1	0.01613	0.01528	0.01232	0.01111	0.01376	0.29007	0.00845	0.09982	0.14403	0.09589	0.02027	0.15384	0.07823	0.00880	0.00562	0.00171	0.00619	0.00706	0.00455	0.00687
2	0.70186	0.00968	0.00789	0.00712	0.01013	0.01101	0.00577	0.01503	0.01034	0.02401	0.13963	0.01436	0.01377	0.00611	0.00390	0.00169	0.00393	0.00415	0.00383	0.00577
3	0.01193	0.01193	0.01670	0.01431	0.01431	0.01670	0.01193	0.01312	0.00835	0.01312	0.00716	0.01193	0.00716	0.00954	0.01789	0.00239	0.79843	0.00477	0.00239	0.00596
4	0.24892	0.01211	0.01198	0.00985	0.01350	0.07582	0.00797	0.15430	0.07615	0.27324	0.05267	0.01542	0.01225	0.00642	0.00490	0.00167	0.00507	0.00479	0.00512	0.00784
5	0.01051	0.00963	0.01366	0.01359	0.07598	0.03650	0.03796	0.01239	0.00991	0.01399	0.01385	0.02433	0.01385	0.05398	0.22611	0.00417	0.28891	0.13192	0.00308	0.00567
6	0.01196	0.01122	0.01735	0.35475	0.24206	0.01311	0.01411	0.01724	0.14131	0.01649	0.01173	0.01495	0.00927	0.00607	0.00683	0.00183	0.09437	0.00507	0.00304	0.00723
7	0.01130	0.00969	0.01130	0.00807	0.01292	0.00727	0.00646	0.01373	0.01130	0.01776	0.00969	0.01130	0.00807	0.00404	0.00404	0.00081	0.00404	0.00323	0.00323	0.84173

[dist]
# distance from previous block
# <min> <max>
0	4

[block]
# block no. 8 follows, 44 sequences, length 19
# corresponding to MSA columns:
# 469-487
name=unknown_I
#
# <colnr> <probs for GDERKNQSTAVLIFYWHMCP>
#	G	D	E	R	K	N	Q	S	T	A	V	L	I	F	Y	W	H	M	C	P
0	0.03996	0.14230	0.01558	0.01109	0.01325	0.05474	0.07718	0.04085	0.02251	0.01468	0.01303	0.02053	0.01244	0.09044	0.25380	0.00429	0.10326	0.06120	0.00308	0.00579
1	0.01910	0.01656	0.10584	0.01280	0.01751	0.01619	0.01140	0.62154	0.07260	0.03159	0.01330	0.01338	0.00948	0.00644	0.00543	0.00166	0.00613	0.00489	0.00509	0.00909
2	0.01356	0.04364	0.06583	0.13843	0.17336	0.01162	0.07012	0.10530	0.01367	0.07248	0.01368	0.03169	0.04561	0.00580	0.00522	0.00152	0.00597	0.00512	0.00351	0.17388
3	0.01187	0.07098	0.37812	0.01316	0.03845	0.08282	0.03947	0.01591	0.01207	0.03707	0.01621	0.04908	0.10110	0.00660	0.00520	0.00159	0.00667	0.00534	0.00306	0.10524
4	0.00983	0.00616	0.00881	0.00846	0.00972	0.00674	0.00649	0.01161	0.00955	0.10260	0.01578	0.02257	0.01429	0.11794	0.59104	0.00734	0.01208	0.00600	0.02775	0.00522
5	0.00867	0.00701	0.01009	0.01293	0.16340	0.00690	0.00779	0.01097	0.04235	0.01576	0.09024	0.36552	0.07564	0.05347	0.04818	0.00253	0.00464	0.06390	0.00448	0.00554
6	0.04978	0.06426	0.15743	0.16411	0.06260	0.16912	0.04870	0.04914	0.07898	0.01676	0.01046	0.01276	0.00820	0.00634	0.01748	0.00180	0.06762	0.00444	0.00295	0.00706
7	0.01831	0.02255	0.01417	0.01309	0.01563	0.64376	0.00977	0.02058	0.06415	0.01403	0.01187	0.10393	0.01107	0.00708	0.00520	0.00153	0.00868	0.00509	0.00325	0.00625
8	0.00716	0.00572	0.00645	0.00650	0.00803	0.00515	0.00483	0.00942	0.04527	0.01681	0.23016	0.14871	0.44018	0.01333	0.00650	0.00188	0.00289	0.03081	0.00532	0.00490
9	0.05179	0.01203	0.07835	0.12348	0.28286	0.01088	0.10844	0.01525	0.01202	0.06394	0.01692	0.10998	0.07589	0.00724	0.00570	0.00178	0.00613	0.00675	0.00340	0.00716
10	0.00848	0.00624	0.00828	0.00892	0.05818	0.00618	0.00588	0.01077	0.04292	0.02939	0.30924	0.13087	0.05929	0.17791	0.11003	0.00341	0.00510	0.00917	0.00468	0.00506
11	0.00759	0.00557	0.00711	0.00673	0.00807	0.00509	0.00504	0.01004	0.01513	0.02115	0.69997	0.04190	0.12344	0.01141	0.00643	0.00173	0.00259	0.01002	0.00591	0.00509
12	0.11237	0.71756	0.02615	0.00907	0.01359	0.02047	0.00893	0.01629	0.01087	0.01419	0.00758	0.00876	0.00687	0.00471	0.00348	0.00123	0.00564	0.00292	0.00245	0.00687
13	0.01473	0.14397	0.17229	0.09611	0.11402	0.02516	0.10886	0.07915	0.04341	0.11007	0.01173	0.01336	0.00874	0.00553	0.00556	0.00165	0.02974	0.00469	0.00336	0.00785
14	0.61202	0.00953	0.00823	0.00820	0.04962	0.01055	0.00610	0.01426	0.01025	0.02210	0.03932	0.01870	0.15981	0.00697	0.00418	0.00171	0.00400	0.00495	0.00375	0.00577
15	0.00965	0.00619	0.00745	0.00708	0.00888	0.00559	0.00532	0.01201	0.04575	0.12249	0.25512	0.17054	0.29853	0.01233	0.00636	0.00185	0.00310	0.01064	0.00559	0.00555
16	0.01283	0.01698	0.26681	0.19379	0.25516	0.01249	0.03944	0.02950	0.01216	0.07347	0.01081	0.01345	0.00809	0.00537	0.00569	0.00173	0.02687	0.00468	0.00285	0.00783
17	0.03269	0.12059	0.24951	0.07574	0.10187	0.05732	0.02736	0.09078	0.01365	0.10736	0.01414	0.01519	0.05851	0.00600	0.00512	0.00163	0.00662	0.00478	0.00344	0.00770
18	0.00889	0.10081	0.00956	0.00711	0.00918	0.00760	0.00566	0.01183	0.07328	0.03448	0.24852	0.07620	0.32591	0.01134	0.00600	0.00175	0.00331	0.03063	0.02245	0.00548

[dist]
# distance from previous block
# <min> <max>
0	2

[block]
# block no. 9 follows, 44 sequences, length 9
# corresponding to MSA columns:
# 490-498
name=unknown_J
#
# <colnr> <probs for GDERKNQSTAVLIFYWHMCP>
#	G	D	E	R	K	N	Q	S	T	A	V	L	I	F	Y	W	H	M	C	P
0	0.01055	0.00943	0.07610	0.00979	0.01229	0.00842	0.04149	0.03038	0.11550	0.07333	0.26587	0.02742	0.06349	0.01660	0.19238	0.00344	0.02531	0.00729	0.00465	0.00628
1	0.07059	0.01874	0.22977	0.07893	0.06310	0.12883	0.08077	0.10725	0.04280	0.01901	0.01075	0.02895	0.00845	0.00582	0.00575	0.00167	0.04171	0.00463	0.00314	0.04934
2	0.00751	0.00581	0.00851	0.00941	0.03723	0.00547	0.04349	0.00906	0.01139	0.01524	0.09651	0.55906	0.06517	0.01512	0.00686	0.00214	0.00371	0.08850	0.00494	0.00486
3	0.00762	0.00593	0.00748	0.00850	0.06219	0.00548	0.00556	0.00915	0.01198	0.01571	0.18721	0.18290	0.27228	0.13793	0.00987	0.00245	0.00359	0.05459	0.00481	0.00479
4	0.01409	0.10157	0.39919	0.04067	0.06503	0.20336	0.04513	0.03985	0.01293	0.01631	0.00941	0.01121	0.00718	0.00524	0.00503	0.00159	0.00814	0.00399	0.00257	0.00751
5	0.04773	0.26670	0.13852	0.08185	0.10089	0.07227	0.01230	0.07365	0.07093	0.05102	0.01061	0.01202	0.00835	0.00549	0.00499	0.00154	0.02640	0.00407	0.00313	0.00754
6	0.06901	0.00656	0.00778	0.00739	0.00822	0.00706	0.00507	0.01113	0.03984	0.06154	0.01606	0.02820	0.01653	0.47903	0.17801	0.00525	0.03850	0.00679	0.00351	0.00451
7	0.00848	0.00628	0.00811	0.00797	0.00882	0.00699	0.00571	0.01119	0.09217	0.01300	0.01640	0.02661	0.01627	0.32318	0.41742	0.00670	0.00999	0.00665	0.00335	0.00470
8	0.31881	0.04468	0.06116	0.06577	0.16028	0.09783	0.03246	0.06985	0.01251	0.05827	0.01010	0.01245	0.00797	0.00549	0.00461	0.00165	0.00607	0.01960	0.00335	0.00708

[dist]
# distance from previous block
# <min> <max>
0	1

[block]
# block no. 10 follows, 44 sequences, length 9
# corresponding to MSA columns:
# 500-508
name=unknown_K
#
# <colnr> <probs for GDERKNQSTAVLIFYWHMCP>
#	G	D	E	R	K	N	Q	S	T	A	V	L	I	F	Y	W	H	M	C	P
0	0.01643	0.66145	0.02559	0.00940	0.01398	0.01903	0.00908	0.01824	0.01192	0.15612	0.01019	0.01058	0.00821	0.00505	0.00387	0.00126	0.00561	0.00340	0.00316	0.00742
1	0.24707	0.16304	0.05225	0.01007	0.01395	0.18659	0.00869	0.01726	0.01167	0.04489	0.00876	0.01012	0.00714	0.00517	0.00462	0.00139	0.03801	0.00334	0.00306	0.16292
2	0.01314	0.01226	0.04321	0.15670	0.23323	0.04623	0.12951	0.05495	0.01256	0.07028	0.01194	0.01546	0.00952	0.01193	0.15185	0.00303	0.00861	0.00525	0.00312	0.00723
3	0.01277	0.01066	0.01149	0.01054	0.01319	0.01209	0.00808	0.07615	0.57136	0.02195	0.02302	0.16671	0.01976	0.00915	0.00580	0.00190	0.00422	0.00782	0.00545	0.00789
4	0.02070	0.01021	0.01376	0.15721	0.01871	0.01017	0.00966	0.11047	0.06163	0.50118	0.01834	0.01727	0.01202	0.00652	0.00548	0.00172	0.00527	0.00534	0.00571	0.00863
5	0.00807	0.00549	0.00754	0.00754	0.00803	0.00599	0.00528	0.00873	0.00824	0.01148	0.01481	0.02581	0.01526	0.31018	0.41287	0.12135	0.00995	0.00643	0.00298	0.00397
6	0.00697	0.00528	0.00643	0.00669	0.00783	0.00474	0.00481	0.00865	0.01286	0.01706	0.30816	0.29704	0.26582	0.01392	0.00661	0.00192	0.00283	0.01223	0.00540	0.00474
7	0.00762	0.00540	0.00628	0.00659	0.00713	0.00519	0.00438	0.00831	0.00966	0.01248	0.02728	0.12913	0.16403	0.46656	0.01877	0.00393	0.00454	0.10478	0.00406	0.00390
8	0.01410	0.01198	0.01263	0.01120	0.01438	0.01381	0.00876	0.08349	0.70915	0.02367	0.02151	0.01980	0.01609	0.00733	0.00554	0.00183	0.00444	0.00607	0.00554	0.00868

[dist]
# distance from previous block
# <min> <max>
0	2

[block]
# block no. 11 follows, 44 sequences, length 34
# corresponding to MSA columns:
# 511-519,616-640
name=unknown_L
#
# <colnr> <probs for GDERKNQSTAVLIFYWHMCP>
#	G	D	E	R	K	N	Q	S	T	A	V	L	I	F	Y	W	H	M	C	P
0	0.02150	0.01105	0.01320	0.01025	0.01420	0.01100	0.00843	0.29674	0.01888	0.41779	0.01796	0.01671	0.01198	0.00663	0.00529	0.00162	0.00491	0.00522	0.09783	0.00881
1	0.01446	0.72363	0.02678	0.00952	0.01401	0.02069	0.00925	0.01772	0.09401	0.01392	0.00919	0.01002	0.00806	0.00496	0.00372	0.00124	0.00566	0.00327	0.00269	0.00718
2	0.01331	0.01164	0.01625	0.01381	0.01427	0.01574	0.01150	0.01460	0.00915	0.09733	0.00874	0.01266	0.00785	0.00923	0.01653	0.00231	0.71106	0.00485	0.00287	0.00633
3	0.75443	0.00990	0.00783	0.00722	0.01025	0.01137	0.00581	0.01510	0.00941	0.02330	0.01006	0.09647	0.00922	0.00638	0.00377	0.00174	0.00410	0.00433	0.00356	0.00574
4	0.00931	0.00687	0.00918	0.01016	0.01161	0.00708	0.00877	0.01324	0.09532	0.01703	0.02813	0.05697	0.02975	0.01422	0.00731	0.00244	0.00494	0.65718	0.00508	0.00542
