[name]
unknown

[dist]
# distance from previous block
# <min> <max>
3	273

[block]
# block no. 0 follows, 54 sequences, length 22
# corresponding to MSA columns:
# 457-478
name=unknown_A
#
# <colnr> <probs for GDERKNQSTAVLIFYWHMCP>
#	G	D	E	R	K	N	Q	S	T	A	V	L	I	F	Y	W	H	M	C	P
0	0.17259	0.00956	0.05931	0.35370	0.02913	0.00962	0.02880	0.03991	0.01031	0.13575	0.01085	0.01292	0.02788	0.01776	0.00463	0.00151	0.00517	0.00406	0.00303	0.06353
1	0.06479	0.02926	0.04094	0.21650	0.26125	0.01045	0.01099	0.08664	0.03324	0.06035	0.03752	0.02277	0.03769	0.00522	0.00469	0.00144	0.01547	0.00447	0.00299	0.05331
2	0.04284	0.07744	0.06832	0.19375	0.18337	0.02908	0.07212	0.02221	0.01057	0.10950	0.01847	0.03932	0.00848	0.00494	0.00464	0.00139	0.01775	0.00432	0.00284	0.08866
3	0.04048	0.01127	0.06026	0.08397	0.10669	0.08593	0.06004	0.12134	0.03757	0.03387	0.02638	0.10621	0.04543	0.00670	0.00517	0.00148	0.03241	0.04162	0.00330	0.08988
4	0.03923	0.06789	0.16543	0.14398	0.22061	0.01084	0.03081	0.07491	0.04402	0.01629	0.09484	0.01468	0.03177	0.00530	0.00460	0.00144	0.00533	0.00457	0.00289	0.02057
5	0.06054	0.00673	0.00940	0.00916	0.06499	0.00623	0.06731	0.01016	0.03052	0.01498	0.13994	0.29997	0.05637	0.00976	0.02614	0.00165	0.00374	0.00809	0.00377	0.17056
6	0.05384	0.05755	0.01193	0.00953	0.05298	0.03986	0.00724	0.22308	0.04081	0.07614	0.01206	0.10304	0.01043	0.00578	0.00428	0.00122	0.00430	0.00466	0.00370	0.27757
7	0.03022	0.04105	0.05429	0.09800	0.14032	0.00950	0.03549	0.04356	0.04515	0.08948	0.04169	0.03682	0.01006	0.02677	0.00564	0.00140	0.06172	0.00436	0.00310	0.22141
8	0.02795	0.10742	0.29741	0.03850	0.05856	0.02108	0.01133	0.01583	0.10197	0.10017	0.08011	0.01510	0.01181	0.00602	0.01557	0.00154	0.02833	0.02982	0.00316	0.02835
9	0.00661	0.00459	0.00569	0.00600	0.00672	0.00426	0.00412	0.00766	0.00978	0.03926	0.16005	0.36555	0.16205	0.15710	0.03639	0.00243	0.00329	0.01026	0.00424	0.00394
10	0.01115	0.06027	0.07946	0.22009	0.15812	0.02860	0.12675	0.02865	0.06502	0.06387	0.01163	0.04485	0.03063	0.00542	0.00530	0.00153	0.04476	0.00484	0.00279	0.00627
11	0.22818	0.04845	0.01181	0.10724	0.07544	0.02388	0.05084	0.08096	0.01097	0.07723	0.04907	0.07196	0.04759	0.00654	0.02199	0.00156	0.00466	0.00484	0.00333	0.07345
12	0.00872	0.00671	0.00994	0.09596	0.07445	0.02511	0.05931	0.01070	0.02917	0.07579	0.04154	0.41879	0.02177	0.01176	0.04417	0.00203	0.00449	0.05077	0.00385	0.00496
13	0.00690	0.00520	0.00694	0.00717	0.00806	0.00507	0.02155	0.00798	0.00949	0.01249	0.04768	0.29169	0.16110	0.06464	0.00852	0.07001	0.04309	0.18582	0.00391	0.03271
14	0.54158	0.03250	0.00875	0.03847	0.01072	0.01018	0.00598	0.09627	0.01066	0.09674	0.07251	0.01248	0.03597	0.00533	0.00365	0.00145	0.00383	0.00373	0.00356	0.00564
15	0.07883	0.08780	0.32703	0.05265	0.05276	0.01153	0.20326	0.03665	0.01064	0.06344	0.00995	0.01160	0.02363	0.00458	0.00456	0.00147	0.00636	0.00414	0.00254	0.00656
16	0.05097	0.00824	0.01107	0.00862	0.01196	0.00766	0.00713	0.02173	0.01280	0.71672	0.01719	0.01529	0.01100	0.00597	0.00552	0.00151	0.06887	0.00461	0.00543	0.00769
17	0.01504	0.01730	0.01245	0.03711	0.01413	0.49616	0.00855	0.05500	0.13807	0.01404	0.01018	0.04221	0.00855	0.00555	0.00483	0.00132	0.03906	0.00392	0.00300	0.07354
18	0.02786	0.00878	0.06629	0.02844	0.11154	0.03040	0.05305	0.06860	0.03626	0.02950	0.06612	0.25986	0.08784	0.05842	0.00644	0.00183	0.00432	0.04544	0.00372	0.00528
19	0.01273	0.00777	0.01088	0.11112	0.02579	0.00848	0.02292	0.03366	0.03267	0.26032	0.01619	0.15592	0.03369	0.00778	0.00694	0.00165	0.16248	0.00617	0.07691	0.00593
20	0.00735	0.00501	0.00655	0.00650	0.00701	0.00537	0.00453	0.00826	0.00791	0.03747	0.04146	0.12143	0.01720	0.35781	0.27999	0.00482	0.03858	0.00685	0.03213	0.00379
21	0.01486	0.03327	0.00922	0.00732	0.00986	0.00620	0.00580	0.01646	0.01222	0.46413	0.12814	0.12199	0.09359	0.04745	0.00595	0.00166	0.00352	0.00684	0.00517	0.00633

[dist]
# distance from previous block
# <min> <max>
0	1

[block]
# block no. 1 follows, 54 sequences, length 37
# corresponding to MSA columns:
# 480-516
name=unknown_B
#
# <colnr> <probs for GDERKNQSTAVLIFYWHMCP>
#	G	D	E	R	K	N	Q	S	T	A	V	L	I	F	Y	W	H	M	C	P
0	0.01119	0.08659	0.12908	0.25898	0.10081	0.02998	0.01139	0.03401	0.01028	0.09045	0.02874	0.01361	0.00871	0.02510	0.02626	0.00173	0.08744	0.01877	0.02086	0.00600
1	0.53933	0.03906	0.05906	0.05127	0.07726	0.05441	0.05118	0.03418	0.00943	0.03669	0.00756	0.00898	0.00583	0.00444	0.00356	0.00144	0.00474	0.00311	0.00280	0.00568
2	0.01162	0.28707	0.13411	0.17355	0.10813	0.08886	0.05727	0.02515	0.02606	0.01311	0.00850	0.01120	0.00706	0.00463	0.00417	0.00134	0.00608	0.02363	0.00228	0.00616
3	0.00788	0.03228	0.00862	0.02440	0.03168	0.02315	0.00605	0.01585	0.05450	0.01205	0.02763	0.15393	0.04088	0.14357	0.30064	0.00425	0.07815	0.00667	0.02339	0.00444
4	0.03900	0.25935	0.25204	0.01207	0.07137	0.02781	0.07514	0.02857	0.04527	0.03809	0.01008	0.01132	0.03191	0.00524	0.02069	0.00143	0.00580	0.00371	0.00252	0.05861
5	0.02485	0.11306	0.38855	0.09770	0.03664	0.03667	0.04036	0.01362	0.02981	0.01434	0.06836	0.06734	0.03758	0.00579	0.00457	0.00147	0.00581	0.00479	0.00260	0.00611
6	0.02115	0.00802	0.01094	0.00839	0.01204	0.00693	0.00693	0.02298	0.01350	0.80815	0.01860	0.01605	0.01167	0.00584	0.00474	0.00146	0.00401	0.00474	0.00584	0.00802
7	0.00870	0.00791	0.07609	0.02855	0.07052	0.00635	0.05011	0.01110	0.03838	0.09423	0.05034	0.12880	0.34892	0.00965	0.00539	0.00162	0.00377	0.05033	0.00404	0.00520
8	0.01090	0.07626	0.15009	0.07454	0.13639	0.02486	0.09381	0.04343	0.03665	0.05741	0.02952	0.10194	0.01100	0.00575	0.00464	0.00140	0.00530	0.01315	0.00297	0.11999
9	0.00717	0.00524	0.00654	0.00703	0.02406	0.00493	0.00528	0.02697	0.01068	0.03685	0.09121	0.19220	0.27841	0.05625	0.03546	0.00214	0.00358	0.19740	0.00430	0.00431
10	0.00913	0.00508	0.00619	0.00610	0.00725	0.00488	0.00447	0.03082	0.01057	0.10908	0.11860	0.25443	0.02225	0.06945	0.02688	0.00188	0.00314	0.02731	0.27786	0.00465
11	0.00946	0.00967	0.08731	0.11854	0.10791	0.02837	0.08228	0.03047	0.02189	0.03096	0.04073	0.09700	0.03134	0.00876	0.02117	0.00184	0.03521	0.21013	0.02146	0.00547
12	0.03771	0.05616	0.60888	0.05858	0.02061	0.01125	0.09457	0.01490	0.01004	0.03232	0.00865	0.01034	0.00621	0.00445	0.00450	0.00148	0.00678	0.00369	0.00215	0.00673
13	0.00831	0.00539	0.00642	0.00589	0.00759	0.00480	0.00451	0.01038	0.03515	0.12258	0.36110	0.03634	0.35375	0.00999	0.00543	0.00153	0.00258	0.00851	0.00493	0.00482
14	0.00577	0.00478	0.00505	0.00499	0.00649	0.00407	0.00374	0.00715	0.01122	0.01386	0.18468	0.04353	0.66535	0.01152	0.00557	0.00157	0.00236	0.00969	0.00453	0.00407
15	0.03871	0.00944	0.01611	0.48969	0.16588	0.01076	0.10781	0.01329	0.03520	0.01370	0.00903	0.01251	0.00697	0.00468	0.00496	0.00154	0.02485	0.00435	0.02472	0.00581
16	0.00878	0.03590	0.03428	0.01274	0.05448	0.02930	0.30788	0.01124	0.01071	0.01382	0.03908	0.14194	0.23587	0.00826	0.00548	0.00162	0.00517	0.03487	0.00334	0.00525
17	0.01587	0.12613	0.10725	0.02480	0.01360	0.19701	0.00886	0.02956	0.01235	0.29858	0.08233	0.01381	0.01153	0.00560	0.00478	0.00137	0.03198	0.00420	0.00381	0.00657
18	0.01114	0.00883	0.01015	0.00745	0.01140	0.03084	0.00598	0.01315	0.01016	0.09244	0.00927	0.01037	0.00739	0.00391	0.00402	0.00083	0.03016	0.00303	0.00306	0.72641
19	0.03182	0.03234	0.17789	0.09490	0.07694	0.20798	0.01082	0.05620	0.01138	0.05367	0.01960	0.08564	0.01034	0.00726	0.03263	0.00171	0.04042	0.03968	0.00287	0.00591
20	0.01215	0.00783	0.00863	0.00774	0.00970	0.06766	0.00603	0.05664	0.06090	0.21341	0.13358	0.12609	0.09154	0.03450	0.00603	0.00166	0.03020	0.05709	0.06297	0.00564
21	0.03063	0.03347	0.01002	0.02728	0.02670	0.00771	0.02096	0.07133	0.01019	0.10639	0.02329	0.01817	0.04865	0.17196	0.13358	0.00286	0.05039	0.00486	0.00328	0.19828
22	0.01223	0.12759	0.32740	0.01099	0.01589	0.01072	0.06661	0.07242	0.01152	0.14581	0.01327	0.02505	0.05869	0.00544	0.00450	0.00140	0.00554	0.02239	0.00314	0.05941
23	0.01609	0.00838	0.01053	0.00795	0.01170	0.00715	0.00648	0.06259	0.02895	0.42842	0.04218	0.01419	0.01096	0.00511	0.00431	0.00118	0.00382	0.00415	0.00461	0.32124
24	0.00767	0.00537	0.00751	0.00723	0.00752	0.00621	0.00525	0.00778	0.00694	0.00978	0.01101	0.01914	0.01127	0.21598	0.28975	0.25307	0.11767	0.00508	0.00240	0.00339
25	0.03775	0.01270	0.05260	0.03431	0.09561	0.11619	0.11827	0.16866	0.04685	0.03211	0.02900	0.02707	0.00910	0.00844	0.08132	0.00210	0.11400	0.00456	0.00308	0.00628
26	0.00953	0.00800	0.00952	0.00878	0.01072	0.02720	0.05111	0.01636	0.36380	0.03637	0.05762	0.22482	0.08853	0.01004	0.03070	0.00186	0.00396	0.03083	0.00442	0.00582
27	0.00657	0.00438	0.00579	0.00662	0.00714	0.00406	0.00455	0.00751	0.00942	0.04954	0.04581	0.70769	0.05507	0.02882	0.00627	0.00193	0.00286	0.03751	0.00444	0.00405
28	0.31664	0.00992	0.01047	0.00834	0.01177	0.01045	0.00688	0.24310	0.01411	0.30565	0.01226	0.01173	0.00831	0.00527	0.00410	0.00145	0.00423	0.00383	0.00449	0.00700
29	0.01018	0.05270	0.20054	0.03536	0.01361	0.00862	0.02942	0.07510	0.05049	0.07590	0.01726	0.15475	0.01695	0.02802	0.00574	0.00179	0.00491	0.20921	0.00368	0.00575
30	0.00615	0.00472	0.00509	0.00505	0.00644	0.00412	0.00377	0.00766	0.01116	0.01455	0.20730	0.06803	0.52985	0.01088	0.00535	0.00153	0.00235	0.00919	0.09269	0.00412
31	0.00782	0.00604	0.00841	0.00801	0.00879	0.00717	0.00618	0.05288	0.00830	0.01184	0.01237	0.04575	0.01206	0.11670	0.54112	0.02536	0.10884	0.00535	0.00268	0.00433
32	0.01083	0.11035	0.35676	0.08347	0.12070	0.08506	0.05083	0.02821	0.02715	0.01418	0.00966	0.06411	0.00813	0.00516	0.00450	0.00144	0.00633	0.00429	0.00237	0.00644
33	0.01265	0.19623	0.26873	0.01204	0.04264	0.06097	0.08398	0.06018	0.02350	0.11314	0.01101	0.03328	0.00889	0.00534	0.00446	0.00142	0.00592	0.04607	0.00294	0.00661
34	0.00871	0.04207	0.01446	0.08858	0.05338	0.01815	0.22411	0.01143	0.04398	0.01362	0.03362	0.29399	0.03312	0.02382	0.00586	0.00176	0.00502	0.07577	0.00339	0.00515
35	0.67738	0.05278	0.06985	0.00781	0.01117	0.04708	0.04683	0.01424	0.00865	0.01943	0.00689	0.00813	0.00537	0.00437	0.00324	0.00143	0.00441	0.00280	0.00275	0.00538
36	0.01217	0.33403	0.17577	0.08000	0.05566	0.14031	0.06872	0.01480	0.01036	0.01264	0.00758	0.00932	0.00624	0.00439	0.00421	0.00126	0.02480	0.00328	0.00215	0.03230

[dist]
# distance from previous block
# <min> <max>
2	7

[block]
# block no. 2 follows, 54 sequences, length 13
# corresponding to MSA columns:
# 525-537
name=unknown_C
#
# <colnr> <probs for GDERKNQSTAVLIFYWHMCP>
#	G	D	E	R	K	N	Q	S	T	A	V	L	I	F	Y	W	H	M	C	P
0	0.01663	0.00903	0.01068	0.00855	0.01155	0.00912	0.00690	0.27868	0.04225	0.33654	0.03458	0.05190	0.01241	0.03365	0.01737	0.00162	0.00424	0.00510	0.10212	0.00709
1	0.00682	0.00503	0.00636	0.03308	0.00825	0.00497	0.00502	0.02341	0.06169	0.01412	0.11607	0.49666	0.09067	0.01234	0.00567	0.00177	0.00294	0.05355	0.04724	0.00433
2	0.01173	0.03824	0.08624	0.01570	0.04630	0.13245	0.39572	0.01515	0.03745	0.03768	0.01205	0.06814	0.02899	0.00558	0.00537	0.00155	0.02278	0.03005	0.00277	0.00608
3	0.01213	0.00679	0.00832	0.00733	0.00909	0.00682	0.00558	0.09619	0.03806	0.22372	0.01796	0.06995	0.04986	0.21774	0.07243	0.00277	0.02445	0.05017	0.07523	0.00541
4	0.05900	0.00734	0.03612	0.10794	0.05175	0.00726	0.03628	0.07659	0.01002	0.05277	0.01544	0.27783	0.01593	0.04887	0.08213	0.09411	0.00511	0.00731	0.00337	0.00482
5	0.00687	0.00523	0.00682	0.04785	0.03525	0.00518	0.00544	0.00864	0.05525	0.01252	0.02562	0.37492	0.14852	0.09815	0.00820	0.03650	0.00346	0.10747	0.00396	0.00415
6	0.00748	0.00561	0.00641	0.00631	0.00773	0.00534	0.00474	0.07167	0.03649	0.03409	0.09609	0.20248	0.36995	0.04521	0.03401	0.00199	0.00330	0.05219	0.00439	0.00451
7	0.21212	0.00861	0.01074	0.00841	0.01184	0.00828	0.04523	0.05859	0.01241	0.51571	0.01491	0.01381	0.00979	0.00539	0.00430	0.00145	0.00410	0.00425	0.04295	0.00712
8	0.02053	0.00807	0.01088	0.00838	0.01194	0.00709	0.00691	0.04699	0.01377	0.75488	0.04653	0.01659	0.01273	0.00597	0.00477	0.00146	0.00399	0.00486	0.00578	0.00790
9	0.01018	0.00966	0.01223	0.01063	0.01149	0.06027	0.02716	0.04997	0.03604	0.01261	0.01056	0.03515	0.04030	0.03849	0.12959	0.03037	0.43748	0.00480	0.00259	0.03042
10	0.00709	0.00505	0.00630	0.00679	0.00761	0.00493	0.00476	0.00946	0.10298	0.03888	0.08526	0.56087	0.08630	0.01294	0.00619	0.03163	0.00288	0.01122	0.00446	0.00439
11	0.02897	0.10293	0.01488	0.15649	0.13550	0.13926	0.02920	0.11731	0.07294	0.03630	0.01251	0.01389	0.06491	0.00548	0.00476	0.00141	0.02809	0.00436	0.02460	0.00622
12	0.04810	0.03562	0.01216	0.08589	0.08675	0.00823	0.04205	0.03195	0.01014	0.03332	0.00926	0.03128	0.00775	0.00430	0.00412	0.00103	0.02062	0.00358	0.03015	0.49369

[dist]
# distance from previous block
# <min> <max>
0	3

[block]
# block no. 3 follows, 54 sequences, length 14
# corresponding to MSA columns:
# 541-554
name=unknown_D
#
# <colnr> <probs for GDERKNQSTAVLIFYWHMCP>
#	G	D	E	R	K	N	Q	S	T	A	V	L	I	F	Y	W	H	M	C	P
0	0.01317	0.53808	0.06377	0.00986	0.03993	0.10309	0.00895	0.05414	0.01066	0.03058	0.00738	0.00856	0.00637	0.00449	0.00413	0.00115	0.05111	0.00292	0.00233	0.03934
1	0.03694	0.00862	0.01034	0.05077	0.01237	0.00840	0.00683	0.12435	0.11708	0.21165	0.03137	0.01540	0.04527	0.00722	0.03782	0.03942	0.00434	0.00448	0.01405	0.21327
2	0.05976	0.22691	0.24214	0.04118	0.01585	0.03166	0.04914	0.10780	0.04876	0.04630	0.03088	0.01085	0.00799	0.00472	0.00410	0.00131	0.00553	0.00363	0.00282	0.05867
3	0.00796	0.05131	0.17894	0.00922	0.01180	0.00743	0.06231	0.01027	0.00976	0.01346	0.07208	0.25782	0.05705	0.07141	0.00707	0.00187	0.03541	0.07880	0.00338	0.05265
4	0.00819	0.00410	0.00614	0.00614	0.00614	0.00410	0.00410	0.00614	0.00614	0.00819	0.00819	0.01433	0.00819	0.01638	0.01843	0.86282	0.00410	0.00410	0.00205	0.00205
5	0.02576	0.02399	0.04142	0.05040	0.18158	0.02737	0.02149	0.01213	0.02061	0.07979	0.16116	0.11553	0.06551	0.00947	0.05056	0.00190	0.03522	0.04680	0.02374	0.00557
6	0.03674	0.04883	0.06208	0.15472	0.12356	0.04031	0.03728	0.06029	0.06374	0.05923	0.04326	0.10448	0.04704	0.00678	0.00545	0.00155	0.05372	0.02422	0.00324	0.02350
7	0.00792	0.00488	0.00624	0.00640	0.00739	0.00456	0.00459	0.00954	0.03425	0.09030	0.19741	0.40949	0.07882	0.01172	0.00601	0.03500	0.00276	0.01000	0.06827	0.00446
8	0.07281	0.00743	0.00938	0.00765	0.01046	0.00688	0.00611	0.05818	0.01252	0.49446	0.06435	0.06467	0.06657	0.06140	0.03366	0.00190	0.00410	0.00576	0.00506	0.00666
9	0.07518	0.17595	0.15275	0.06485	0.04394	0.02827	0.07507	0.04104	0.06286	0.03391	0.01109	0.05373	0.02659	0.00779	0.06813	0.00190	0.03914	0.00442	0.00275	0.03065
10	0.00786	0.00747	0.08023	0.10123	0.05620	0.00658	0.00786	0.02524	0.00941	0.01273	0.03681	0.21787	0.02824	0.07205	0.06116	0.08988	0.02052	0.15087	0.00330	0.00447
11	0.01504	0.00946	0.01035	0.00847	0.01114	0.04176	0.00669	0.30375	0.03442	0.21177	0.04568	0.06036	0.04898	0.08889	0.00664	0.00174	0.00432	0.00551	0.07847	0.00654
12	0.00853	0.00871	0.08227	0.05090	0.07559	0.06690	0.00732	0.01077	0.04256	0.04608	0.06416	0.35326	0.14383	0.01028	0.00537	0.00166	0.00399	0.00900	0.00385	0.00499
13	0.02994	0.08240	0.34592	0.04559	0.13190	0.07179	0.07224	0.04628	0.01080	0.04938	0.00897	0.01082	0.00684	0.00579	0.03536	0.00167	0.03145	0.00381	0.00243	0.00663

[dist]
# distance from previous block
# <min> <max>
3	16

[block]
# block no. 4 follows, 54 sequences, length 17
# corresponding to MSA columns:
# 578-594
name=unknown_E
#
# <colnr> <probs for GDERKNQSTAVLIFYWHMCP>
#	G	D	E	R	K	N	Q	S	T	A	V	L	I	F	Y	W	H	M	C	P
0	0.00848	0.00716	0.02598	0.02181	0.04944	0.06419	0.00594	0.01035	0.04476	0.06377	0.05855	0.32383	0.19923	0.01181	0.03182	0.02027	0.00388	0.02749	0.00405	0.01720
1	0.02579	0.07206	0.11349	0.04966	0.21081	0.04394	0.05458	0.10447	0.05260	0.07649	0.01218	0.01349	0.05407	0.00542	0.00541	0.00146	0.06897	0.00440	0.00305	0.02768
2	0.01062	0.06082	0.05321	0.06674	0.06691	0.01085	0.37943	0.07762	0.02900	0.01583	0.05944	0.08890	0.04667	0.00591	0.00521	0.00155	0.00611	0.00609	0.00300	0.00608
3	0.05706	0.00813	0.01057	0.00827	0.01169	0.00738	0.00678	0.04437	0.04873	0.66762	0.06503	0.01676	0.01337	0.00602	0.00471	0.00147	0.00391	0.00488	0.00559	0.00766
4	0.02013	0.02484	0.04466	0.13063	0.03232	0.00668	0.05237	0.02207	0.01086	0.04750	0.14693	0.17521	0.22882	0.00943	0.00534	0.00161	0.00385	0.02800	0.00388	0.00487
5	0.00923	0.02872	0.02732	0.03820	0.01072	0.03075	0.04089	0.03665	0.04444	0.06411	0.03434	0.06345	0.02134	0.10620	0.32998	0.04957	0.03860	0.01763	0.00308	0.00477
6	0.00929	0.00465	0.00490	0.00475	0.00601	0.00457	0.00361	0.01140	0.01006	0.06326	0.01702	0.01885	0.04981	0.00681	0.03031	0.00136	0.00266	0.00470	0.74140	0.00458
7	0.00786	0.00513	0.00717	0.00708	0.00806	0.00545	0.00532	0.00923	0.00845	0.08387	0.01752	0.12867	0.06776	0.11120	0.49844	0.00556	0.00902	0.00664	0.00323	0.00435
8	0.06109	0.05312	0.03397	0.07948	0.05789	0.09726	0.06706	0.26032	0.14906	0.03256	0.01204	0.05420	0.00961	0.00571	0.00462	0.00146	0.00541	0.00468	0.00367	0.00677
9	0.01101	0.01117	0.05148	0.21423	0.41421	0.01107	0.11778	0.05283	0.01103	0.01522	0.00955	0.01347	0.00784	0.00470	0.00486	0.00150	0.00607	0.03283	0.00246	0.00668
10	0.01759	0.00723	0.00972	0.00775	0.01079	0.00629	0.00628	0.01941	0.01319	0.61823	0.14089	0.04352	0.06343	0.00703	0.00495	0.00148	0.00361	0.00587	0.00561	0.00712
11	0.00621	0.00476	0.00546	0.00572	0.00685	0.00436	0.00419	0.01973	0.01020	0.01310	0.06358	0.24581	0.41469	0.03774	0.06451	0.00219	0.00338	0.03854	0.04495	0.00404
12	0.01161	0.02823	0.04791	0.20528	0.30900	0.02304	0.08595	0.06080	0.04103	0.06164	0.01062	0.05292	0.00874	0.00521	0.00508	0.00151	0.02725	0.00478	0.00280	0.00659
13	0.02891	0.00613	0.00796	0.00709	0.00905	0.00569	0.00549	0.01355	0.01105	0.30411	0.09385	0.15932	0.11064	0.04871	0.08854	0.00231	0.01747	0.02544	0.02982	0.02487
14	0.01301	0.45796	0.05868	0.03360	0.04133	0.19928	0.00887	0.02533	0.03800	0.01218	0.00883	0.06680	0.00820	0.00513	0.00378	0.00120	0.00578	0.00368	0.00242	0.00591
15	0.01139	0.01005	0.01260	0.01158	0.12618	0.04598	0.04515	0.09598	0.01145	0.03147	0.01020	0.03147	0.02572	0.00460	0.00450	0.00106	0.03484	0.00380	0.00300	0.47896
16	0.04507	0.12683	0.09287	0.01421	0.14707	0.08415	0.08287	0.12875	0.12520	0.05891	0.01095	0.01240	0.00853	0.00511	0.00469	0.00142	0.02224	0.01867	0.00321	0.00686

[dist]
# distance from previous block
# <min> <max>
2	6

[block]
# block no. 5 follows, 54 sequences, length 14
# corresponding to MSA columns:
# 601-614
name=unknown_F
#
# <colnr> <probs for GDERKNQSTAVLIFYWHMCP>
#	G	D	E	R	K	N	Q	S	T	A	V	L	I	F	Y	W	H	M	C	P
0	0.07351	0.16466	0.16205	0.05692	0.07145	0.07824	0.06428	0.07352	0.05059	0.01560	0.02257	0.02318	0.00829	0.02696	0.00481	0.00142	0.01473	0.00391	0.03344	0.04988
1	0.00993	0.00622	0.00747	0.00717	0.00861	0.02641	0.00531	0.04915	0.04410	0.15681	0.03521	0.32048	0.10406	0.06712	0.11029	0.00262	0.00460	0.00867	0.02076	0.00501
2	0.00795	0.00692	0.01092	0.23947	0.10639	0.00759	0.03647	0.00986	0.00942	0.01257	0.04098	0.20885	0.09499	0.01168	0.08673	0.03496	0.04230	0.02407	0.00308	0.00481
3	0.00864	0.00790	0.08750	0.03246	0.03984	0.02713	0.00678	0.04758	0.02518	0.01191	0.01309	0.11253	0.03241	0.10315	0.11864	0.27270	0.02542	0.00572	0.01735	0.00408
4	0.06736	0.16322	0.20171	0.06730	0.06367	0.03450	0.10021	0.04444	0.04170	0.05419	0.01123	0.05891	0.03180	0.00548	0.00480	0.00145	0.03449	0.00452	0.00276	0.00626
5	0.00937	0.00875	0.01379	0.48829	0.17094	0.03362	0.02928	0.01212	0.00985	0.01305	0.01168	0.04934	0.04744	0.00626	0.02651	0.00168	0.00585	0.00490	0.05178	0.00549
6	0.08948	0.00820	0.00975	0.00787	0.01086	0.00792	0.00636	0.15080	0.01365	0.42418	0.01885	0.05780	0.07912	0.02778	0.00511	0.00154	0.00387	0.00537	0.06466	0.00684
7	0.03329	0.11373	0.14362	0.05840	0.03841	0.06854	0.03006	0.15346	0.04059	0.08068	0.01295	0.05061	0.04650	0.01771	0.02310	0.00163	0.04417	0.01702	0.01921	0.00632
8	0.00674	0.00464	0.00591	0.00651	0.00737	0.00425	0.00475	0.00795	0.01010	0.05085	0.08041	0.48179	0.18823	0.01321	0.00590	0.00183	0.00290	0.10800	0.00450	0.00417
9	0.00779	0.02057	0.04777	0.00815	0.00937	0.02902	0.02321	0.00952	0.00888	0.02711	0.01658	0.22891	0.01719	0.02045	0.32846	0.00407	0.05069	0.07358	0.06417	0.00451
10	0.00995	0.05417	0.20742	0.15546	0.08944	0.00920	0.06497	0.01295	0.01019	0.07789	0.03075	0.06457	0.05891	0.05487	0.02121	0.00185	0.00562	0.06182	0.00296	0.00581
11	0.02722	0.09229	0.21755	0.11572	0.10679	0.07976	0.20141	0.05284	0.01110	0.01481	0.00968	0.01180	0.02867	0.00461	0.00465	0.00145	0.00665	0.00423	0.00239	0.00638
12	0.00869	0.00681	0.00879	0.04821	0.03893	0.03838	0.02818	0.02278	0.07528	0.05489	0.09336	0.36192	0.03449	0.01097	0.00593	0.00179	0.02688	0.12463	0.00418	0.00491
13	0.62245	0.03096	0.00996	0.05411	0.04711	0.03739	0.05216	0.04338	0.00922	0.01967	0.00742	0.00888	0.00578	0.00445	0.00338	0.00144	0.00434	0.00303	0.02944	0.00542

[dist]
# distance from previous block
# <min> <max>
0	1

[block]
# block no. 6 follows, 54 sequences, length 15
# corresponding to MSA columns:
# 616-618,628-639
name=unknown_G
#
# <colnr> <probs for GDERKNQSTAVLIFYWHMCP>
#	G	D	E	R	K	N	Q	S	T	A	V	L	I	F	Y	W	H	M	C	P
0	0.01153	0.18219	0.17556	0.04099	0.05597	0.08238	0.13946	0.05352	0.01071	0.02842	0.00987	0.07959	0.00875	0.00626	0.02234	0.00159	0.07757	0.00464	0.00255	0.00611
1	0.01064	0.00959	0.01092	0.03335	0.10590	0.11888	0.02123	0.06103	0.07470	0.04132	0.07167	0.12113	0.02960	0.06312	0.14530	0.00276	0.05481	0.00606	0.00337	0.01461
2	0.07197	0.01139	0.03224	0.11054	0.29027	0.06811	0.05917	0.07830	0.04406	0.06253	0.03401	0.02733	0.00907	0.00519	0.00522	0.00147	0.05189	0.00441	0.00297	0.02986
3	0.04084	0.01034	0.05432	0.11313	0.30566	0.03744	0.05798	0.01425	0.03362	0.10194	0.01247	0.10022	0.01115	0.04794	0.00601	0.00169	0.02007	0.02158	0.00305	0.00630
4	0.05376	0.00800	0.01023	0.00810	0.01133	0.00741	0.00662	0.07342	0.03305	0.58733	0.04246	0.01688	0.03094	0.00716	0.03588	0.00168	0.00422	0.00487	0.04930	0.00735
5	0.00994	0.00576	0.00777	0.07251	0.01059	0.00549	0.00623	0.01169	0.01105	0.18561	0.08742	0.21103	0.12415	0.01047	0.00554	0.00174	0.00356	0.18436	0.04004	0.00506
6	0.01167	0.19687	0.21179	0.10094	0.05848	0.06256	0.02394	0.01483	0.03992	0.09301	0.03963	0.05386	0.01008	0.03241	0.00531	0.00151	0.02979	0.00441	0.00282	0.00618
7	0.28484	0.05238	0.08255	0.00876	0.01195	0.01047	0.05574	0.10428	0.12481	0.04333	0.04560	0.03591	0.04589	0.00642	0.02230	0.00160	0.00447	0.00451	0.04818	0.00600
8	0.03616	0.00519	0.00712	0.05374	0.00892	0.00580	0.00545	0.00851	0.00785	0.01148	0.01406	0.08271	0.01416	0.19146	0.46004	0.00554	0.00886	0.02275	0.04620	0.00401
9	0.00917	0.01171	0.17220	0.13332	0.09671	0.03548	0.10846	0.01255	0.05220	0.01385	0.05281	0.17114	0.01440	0.07111	0.00675	0.00183	0.02134	0.00643	0.00294	0.00558
10	0.01194	0.07123	0.01623	0.15514	0.15238	0.06248	0.13397	0.01515	0.06208	0.10848	0.03131	0.01698	0.05909	0.00582	0.00530	0.00152	0.03926	0.04230	0.00314	0.00621
11	0.00749	0.00507	0.00603	0.00609	0.00754	0.00451	0.00468	0.00888	0.01080	0.09134	0.08339	0.17775	0.42417	0.01254	0.03036	0.00188	0.00315	0.10537	0.00451	0.00443
12	0.00745	0.00538	0.00678	0.04753	0.00888	0.02167	0.00531	0.01873	0.00996	0.05677	0.07044	0.47480	0.11624	0.04007	0.02708	0.00204	0.01936	0.05300	0.00421	0.00431
13	0.05432	0.01156	0.04503	0.11384	0.33676	0.05142	0.13604	0.03418	0.01058	0.01502	0.00914	0.01263	0.00760	0.00575	0.03203	0.00168	0.05089	0.02371	0.00246	0.04536
14	0.00893	0.03544	0.02662	0.06100	0.01165	0.04771	0.07376	0.04391	0.01060	0.05420	0.03645	0.31662	0.12847	0.01112	0.03900	0.00191	0.02035	0.03384	0.03356	0.00487

[dist]
# distance from previous block
# <min> <max>
3	12

[block]
# block no. 7 follows, 54 sequences, length 15
# corresponding to MSA columns:
# 658-672
name=unknown_H
#
# <colnr> <probs for GDERKNQSTAVLIFYWHMCP>
#	G	D	E	R	K	N	Q	S	T	A	V	L	I	F	Y	W	H	M	C	P
0	0.02972	0.18222	0.01283	0.03236	0.03757	0.22797	0.00705	0.02599	0.01007	0.01187	0.01157	0.03489	0.04168	0.17812	0.06805	0.00241	0.03806	0.00456	0.03808	0.00490
1	0.00844	0.00614	0.00756	0.03770	0.00944	0.00618	0.00578	0.03068	0.09902	0.05923	0.14382	0.13062	0.16647	0.08264	0.00739	0.00196	0.02145	0.14540	0.00432	0.02577
2	0.02839	0.15902	0.16969	0.07679	0.06636	0.09581	0.12813	0.09762	0.04228	0.04235	0.02554	0.01125	0.00781	0.00480	0.00469	0.00140	0.02487	0.00398	0.00274	0.00650
3	0.00880	0.00548	0.00705	0.00680	0.00814	0.00527	0.00510	0.01112	0.06223	0.12783	0.25333	0.21940	0.09305	0.04824	0.08509	0.00235	0.00390	0.03732	0.00461	0.00487
4	0.01074	0.00618	0.00788	0.03452	0.00965	0.00579	0.00560	0.05597	0.02621	0.21312	0.15717	0.25605	0.14037	0.00998	0.00537	0.00161	0.00324	0.02279	0.00480	0.02297
5	0.01103	0.01058	0.01628	0.33319	0.36998	0.04927	0.02907	0.04720	0.04038	0.01477	0.02751	0.01264	0.00808	0.00470	0.00471	0.00147	0.00589	0.00431	0.00251	0.00644
6	0.01035	0.11277	0.22736	0.04099	0.03173	0.06286	0.02847	0.03111	0.11680	0.02656	0.04145	0.05728	0.07774	0.00762	0.02581	0.02626	0.03107	0.03477	0.00307	0.00594
7	0.05113	0.00558	0.00697	0.00699	0.00832	0.00535	0.00531	0.01101	0.03994	0.13715	0.11272	0.28950	0.08479	0.07402	0.00699	0.00198	0.00335	0.13962	0.00452	0.00477
8	0.01770	0.00812	0.01066	0.02977	0.01198	0.00772	0.00697	0.07773	0.03958	0.55369	0.08439	0.01824	0.03157	0.03741	0.00601	0.00161	0.03918	0.00520	0.00526	0.00722
9	0.02074	0.05870	0.10171	0.08709	0.21995	0.04088	0.12393	0.04958	0.03912	0.01527	0.02670	0.04104	0.02503	0.00530	0.00495	0.00143	0.02569	0.02567	0.00273	0.08451
10	0.00893	0.00727	0.03857	0.04077	0.01061	0.00711	0.02316	0.06039	0.07984	0.06091	0.05530	0.21261	0.12534	0.05659	0.06491	0.00231	0.05295	0.08342	0.00398	0.00504
11	0.03154	0.00560	0.00757	0.00736	0.00833	0.00627	0.00561	0.03532	0.00857	0.04840	0.01427	0.10801	0.01387	0.09675	0.48789	0.00541	0.04209	0.00594	0.05679	0.00442
12	0.00964	0.02431	0.01068	0.05452	0.04960	0.00913	0.00769	0.05969	0.03204	0.06031	0.10915	0.06497	0.14049	0.01119	0.08220	0.00225	0.22628	0.03708	0.00352	0.00524
13	0.01270	0.10463	0.21054	0.05259	0.12793	0.04641	0.06327	0.14479	0.07847	0.06284	0.04313	0.01244	0.00926	0.00503	0.00455	0.00142	0.00573	0.00420	0.00313	0.00692
14	0.03105	0.00913	0.05974	0.01012	0.04453	0.03532	0.07390	0.08894	0.08933	0.07364	0.02552	0.18465	0.03031	0.02600	0.02157	0.00181	0.00459	0.10495	0.07923	0.00566

[dist]
# distance from previous block
# <min> <max>
0	3

[block]
# block no. 8 follows, 54 sequences, length 16
# corresponding to MSA columns:
# 676-691
name=unknown_I
#
# <colnr> <probs for GDERKNQSTAVLIFYWHMCP>
#	G	D	E	R	K	N	Q	S	T	A	V	L	I	F	Y	W	H	M	C	P
0	0.29403	0.08178	0.06497	0.13907	0.04479	0.22887	0.00899	0.04345	0.01059	0.01579	0.00783	0.02602	0.00642	0.00479	0.00387	0.00138	0.00582	0.00335	0.00259	0.00559
1	0.01145	0.23590	0.18635	0.08024	0.08510	0.05305	0.15411	0.03280	0.01060	0.03677	0.00966	0.06554	0.00828	0.00504	0.00443	0.00139	0.00612	0.00443	0.00247	0.00628
2	0.02535	0.05109	0.04079	0.03952	0.03270	0.03298	0.00690	0.03155	0.09879	0.04397	0.13403	0.10379	0.15289	0.00983	0.04980	0.00186	0.06188	0.01812	0.00379	0.06038
3	0.06921	0.10464	0.23273	0.07174	0.10420	0.03798	0.05980	0.05284	0.03573	0.06816	0.02635	0.03156	0.00874	0.00503	0.00438	0.00140	0.00560	0.01672	0.00283	0.06035
4	0.01058	0.06205	0.08740	0.12910	0.19295	0.00987	0.05993	0.07893	0.01119	0.05263	0.03560	0.15495	0.03758	0.00725	0.01694	0.00162	0.02207	0.00605	0.01727	0.00605
5	0.04432	0.00921	0.01114	0.00874	0.01206	0.03670	0.00716	0.13382	0.01417	0.54103	0.04589	0.01522	0.01167	0.00589	0.00503	0.00144	0.03488	0.00460	0.02587	0.03115
6	0.00832	0.00557	0.00690	0.04374	0.02778	0.00511	0.00526	0.01006	0.02725	0.11920	0.09577	0.16502	0.39088	0.01085	0.00552	0.00165	0.00306	0.05884	0.00449	0.00477
7	0.08805	0.12398	0.28070	0.03542	0.08232	0.09379	0.06843	0.07550	0.01128	0.03068	0.02815	0.01127	0.02382	0.00487	0.00453	0.00141	0.02297	0.00381	0.00259	0.00642
8	0.01043	0.00634	0.00821	0.02730	0.03908	0.00614	0.00595	0.02809	0.05677	0.19339	0.09814	0.18970	0.17483	0.03803	0.04000	0.00199	0.02146	0.04426	0.00450	0.00537
9	0.00738	0.00514	0.00670	0.00708	0.00796	0.00521	0.00529	0.00928	0.06057	0.04032	0.02272	0.28604	0.08977	0.09067	0.15718	0.04277	0.00515	0.14270	0.00387	0.00422
10	0.01036	0.06957	0.42311	0.07149	0.04642	0.02155	0.08493	0.04797	0.01085	0.04356	0.03291	0.04457	0.03134	0.00558	0.00472	0.00151	0.00616	0.03431	0.00265	0.00644
11	0.06134	0.16045	0.15409	0.09431	0.09169	0.05416	0.03591	0.04135	0.08120	0.10316	0.03438	0.03492	0.02277	0.00531	0.00435	0.00141	0.00534	0.00430	0.00309	0.00646
12	0.04780	0.00771	0.00971	0.00805	0.01062	0.00758	0.00642	0.11238	0.03449	0.38046	0.07681	0.05542	0.03892	0.04252	0.09603	0.02808	0.02027	0.00554	0.00473	0.00645
13	0.00681	0.00477	0.00594	0.03030	0.00729	0.00467	0.00428	0.00776	0.00903	0.02484	0.10186	0.17495	0.15887	0.27123	0.08905	0.02817	0.00435	0.03353	0.02855	0.00374
14	0.01304	0.15062	0.14486	0.07196	0.14305	0.09914	0.02998	0.12199	0.05138	0.06609	0.02484	0.04330	0.00903	0.00524	0.00443	0.00138	0.00573	0.00425	0.00302	0.00666
15	0.01121	0.06722	0.01378	0.09287	0.17806	0.04907	0.00965	0.07811	0.03183	0.05044	0.03812	0.01702	0.03523	0.02583	0.10329	0.00235	0.13487	0.05219	0.00299	0.00589

[dist]
# distance from previous block
# <min> <max>
3	60

[block]
# block no. 9 follows, 54 sequences, length 15
# corresponding to MSA columns:
# 757-771
name=unknown_J
#
# <colnr> <probs for GDERKNQSTAVLIFYWHMCP>
#	G	D	E	R	K	N	Q	S	T	A	V	L	I	F	Y	W	H	M	C	P
0	0.06371	0.02764	0.12704	0.12153	0.06759	0.02873	0.02625	0.01272	0.04129	0.05875	0.09101	0.15511	0.01529	0.02227	0.00582	0.00160	0.05890	0.00602	0.02270	0.04604
1	0.00972	0.07981	0.04064	0.00740	0.03104	0.00691	0.00564	0.04419	0.01053	0.11472	0.13638	0.07401	0.10075	0.26696	0.01097	0.00247	0.00400	0.04520	0.00386	0.00480
2	0.15075	0.22708	0.03345	0.00955	0.04219	0.04120	0.00792	0.11921	0.15448	0.10386	0.01101	0.01121	0.00838	0.00504	0.00415	0.00133	0.02132	0.00365	0.00349	0.04072
3	0.00846	0.04901	0.04485	0.00745	0.00883	0.00667	0.00591	0.04721	0.04262	0.01284	0.06483	0.18073	0.02588	0.05281	0.07304	0.22736	0.03044	0.04301	0.00322	0.06485
4	0.01215	0.08172	0.35096	0.02951	0.01640	0.01185	0.01195	0.22933	0.06256	0.03151	0.01155	0.04187	0.02783	0.00542	0.00449	0.00141	0.00559	0.00426	0.00318	0.05647
5	0.01145	0.27149	0.14742	0.01006	0.01361	0.04138	0.07765	0.04403	0.01105	0.06699	0.12377	0.01579	0.03383	0.02403	0.00551	0.00145	0.06064	0.01861	0.01530	0.00595
6	0.00757	0.00546	0.00687	0.00658	0.00773	0.00539	0.00496	0.00935	0.02663	0.06595	0.33041	0.19515	0.21563	0.01080	0.00646	0.00165	0.07508	0.00916	0.00459	0.00456
7	0.01405	0.13798	0.05138	0.05102	0.04838	0.42295	0.03111	0.01619	0.04011	0.01235	0.02439	0.04045	0.00835	0.00638	0.03228	0.00154	0.04906	0.00385	0.00252	0.00565
8	0.00761	0.00575	0.00676	0.00695	0.00838	0.00564	0.00540	0.01097	0.13821	0.04115	0.06035	0.20830	0.28820	0.01159	0.00572	0.00178	0.00315	0.17484	0.00452	0.00475
9	0.01920	0.00484	0.00652	0.00691	0.00773	0.00475	0.00501	0.00880	0.00936	0.08469	0.05533	0.46577	0.03904	0.05184	0.16449	0.00307	0.00492	0.04931	0.00410	0.00432
10	0.04266	0.00656	0.00807	0.00703	0.00926	0.00610	0.00549	0.04412	0.04437	0.31072	0.14402	0.14894	0.14614	0.00872	0.00507	0.00154	0.00322	0.00740	0.04468	0.00589
11	0.04966	0.12372	0.48146	0.06865	0.01815	0.01166	0.01359	0.05852	0.03819	0.03645	0.02752	0.03445	0.00813	0.00502	0.00434	0.00145	0.00600	0.00391	0.00254	0.00660
12	0.00661	0.03490	0.00660	0.00668	0.00739	0.00490	0.00478	0.02985	0.00997	0.01323	0.09921	0.56541	0.07279	0.04971	0.00664	0.00195	0.00302	0.06797	0.00431	0.00409
13	0.00708	0.00555	0.00738	0.00739	0.00807	0.02339	0.02238	0.00828	0.00836	0.01150	0.01794	0.24665	0.04928	0.14337	0.30663	0.00434	0.05525	0.02915	0.03397	0.00403
14	0.04398	0.02137	0.00717	0.00709	0.00846	0.03541	0.00555	0.02610	0.03860	0.04252	0.05209	0.21991	0.20754	0.02576	0.03806	0.00204	0.00386	0.19098	0.01897	0.00454

[dist]
# distance from previous block
# <min> <max>
2	25

[block]
# block no. 10 follows, 54 sequences, length 9
# corresponding to MSA columns:
# 798-804,811,812
name=unknown_K
#
# <colnr> <probs for GDERKNQSTAVLIFYWHMCP>
#	G	D	E	R	K	N	Q	S	T	A	V	L	I	F	Y	W	H	M	C	P
0	0.13517	0.04471	0.07709	0.10518	0.18749	0.13015	0.05236	0.06736	0.01102	0.01577	0.03882	0.01124	0.00794	0.00511	0.00549	0.00148	0.09098	0.00391	0.00262	0.00611
1	0.01201	0.07774	0.11513	0.07848	0.12148	0.03326	0.25445	0.06736	0.01154	0.07717	0.04035	0.03427	0.00930	0.00510	0.00533	0.00150	0.04137	0.00483	0.00285	0.00649
2	0.00793	0.00659	0.03919	0.00785	0.00890	0.00681	0.00624	0.00909	0.00786	0.03119	0.01330	0.05267	0.04202	0.12903	0.36955	0.08028	0.11913	0.00541	0.00269	0.05426
3	0.01161	0.12466	0.19090	0.10431	0.10386	0.02751	0.02912	0.09658	0.03254	0.07408	0.08825	0.02837	0.01173	0.02523	0.02991	0.00168	0.00562	0.00457	0.00310	0.00638
4	0.01135	0.17670	0.14413	0.10035	0.19855	0.05027	0.12283	0.04170	0.01064	0.01413	0.00888	0.01201	0.00738	0.00550	0.02564	0.00158	0.03327	0.02634	0.00234	0.00640
5	0.19480	0.00792	0.00911	0.00749	0.01042	0.00781	0.00607	0.04938	0.06176	0.41123	0.06663	0.03321	0.01292	0.00596	0.00429	0.00144	0.00363	0.00470	0.09455	0.00668
6	0.04371	0.00497	0.00593	0.00631	0.00727	0.00467	0.00445	0.03138	0.01011	0.05071	0.06719	0.50143	0.19422	0.03701	0.00620	0.00185	0.00286	0.01108	0.00439	0.00424
7	0.01261	0.06348	0.10177	0.04775	0.19987	0.06083	0.11165	0.06849	0.04163	0.10421	0.02429	0.01483	0.00963	0.03721	0.00610	0.02381	0.02498	0.03726	0.00307	0.00652
8	0.02254	0.00770	0.05298	0.02921	0.01069	0.00724	0.03909	0.06815	0.07584	0.06696	0.13958	0.21845	0.04489	0.04209	0.03797	0.02224	0.04116	0.03691	0.03114	0.00517

[dist]
# distance from previous block
# <min> <max>
8	81

[block]
# block no. 11 follows, 54 sequences, length 22
# corresponding to MSA columns:
# 916-937
name=unknown_L
#
# <colnr> <probs for GDERKNQSTAVLIFYWHMCP>
#	G	D	E	R	K	N	Q	S	T	A	V	L	I	F	Y	W	H	M	C	P
0	0.03499	0.04354	0.08875	0.00915	0.06369	0.03169	0.00729	0.06755	0.04359	0.03990	0.15689	0.04837	0.16267	0.02811	0.11705	0.00235	0.00518	0.00626	0.00368	0.03927
1	0.25757	0.00945	0.01002	0.03282	0.01182	0.04037	0.03574	0.06438	0.07126	0.01809	0.05834	0.03619	0.01005	0.00504	0.00410	0.00123	0.02063	0.00387	0.00324	0.30579
2	0.01067	0.17285	0.12230	0.02906	0.11068	0.06211	0.06209	0.04457	0.01025	0.01365	0.03894	0.02432	0.02348	0.05185	0.11094	0.00232	0.05588	0.00435	0.00255	0.04714
3	0.17052	0.11502	0.13165	0.01112	0.08429	0.05424	0.02533	0.08006	0.07375	0.06361	0.04031	0.04568	0.00979	0.00541	0.00443	0.00140	0.02572	0.00416	0.01333	0.04018
4	0.00622	0.00450	0.00587	0.00657	0.00711	0.00431	0.00460	0.00758	0.02550	0.01313	0.13614	0.54520	0.05904	0.06180	0.03615	0.00221	0.00324	0.06251	0.00434	0.00399
5	0.01099	0.08460	0.01122	0.00735	0.01125	0.00786	0.00603	0.03884	0.04170	0.06988	0.05245	0.01174	0.00958	0.00422	0.00374	0.00088	0.00367	0.00336	0.00320	0.61745
6	0.00746	0.00615	0.00676	0.00649	0.00798	0.03709	0.00484	0.03492	0.04808	0.01534	0.24911	0.20368	0.23872	0.01114	0.02594	0.00170	0.00318	0.01945	0.00440	0.06755
7	0.03292	0.35636	0.23768	0.01030	0.01472	0.06627	0.03989	0.07223	0.02775	0.01436	0.00973	0.03119	0.03029	0.00497	0.00408	0.00129	0.01634	0.00368	0.01967	0.00627
8	0.00642	0.00453	0.00568	0.00632	0.00708	0.00415	0.00449	0.00748	0.00977	0.03633	0.05906	0.49773	0.20139	0.05109	0.00673	0.00196	0.00290	0.07848	0.00438	0.00401
9	0.00978	0.00930	0.01470	0.47148	0.11735	0.02733	0.06026	0.02870	0.06050	0.01356	0.02606	0.06133	0.00926	0.00568	0.00562	0.00160	0.06430	0.00495	0.00257	0.00567
10	0.03057	0.00643	0.00788	0.00691	0.00882	0.00628	0.00540	0.02895	0.05677	0.21827	0.24276	0.05702	0.15819	0.03078	0.00613	0.00160	0.04786	0.00700	0.06686	0.00551
11	0.01069	0.01006	0.01688	0.21210	0.53632	0.01076	0.01331	0.01343	0.01013	0.01434	0.00899	0.01227	0.00745	0.00576	0.03713	0.00170	0.04007	0.00423	0.02775	0.00663
12	0.00769	0.00613	0.05348	0.00773	0.00894	0.00508	0.03149	0.00930	0.02142	0.07534	0.04721	0.54956	0.02666	0.04158	0.00647	0.00195	0.00348	0.08771	0.00426	0.00451
13	0.37379	0.00727	0.00743	0.00671	0.00906	0.00758	0.00541	0.01371	0.01026	0.17872	0.10962	0.07461	0.05819	0.00775	0.02091	0.00167	0.00361	0.06339	0.03495	0.00537
14	0.00640	0.00510	0.00639	0.00669	0.03697	0.00458	0.02042	0.00800	0.01121	0.01470	0.25466	0.15934	0.38035	0.01112	0.00557	0.00161	0.00268	0.03229	0.02762	0.00429
15	0.02838	0.00624	0.00700	0.00634	0.00796	0.00641	0.00481	0.09611	0.05474	0.11505	0.01595	0.07852	0.01354	0.09888	0.05324	0.00203	0.00376	0.00541	0.39044	0.00520
16	0.00790	0.00684	0.01040	0.32605	0.01780	0.00823	0.00883	0.00962	0.00883	0.01183	0.01504	0.29574	0.01618	0.03358	0.00794	0.02745	0.13626	0.04393	0.00300	0.00454
17	0.00754	0.00496	0.00609	0.00622	0.00742	0.00448	0.00463	0.00886	0.01064	0.08771	0.13463	0.25595	0.27910	0.06487	0.00691	0.00191	0.00297	0.09623	0.00452	0.00435
18	0.03329	0.00998	0.04180	0.16896	0.14046	0.02941	0.02362	0.05303	0.00950	0.01359	0.00922	0.01386	0.00817	0.01099	0.13932	0.00266	0.25106	0.03303	0.00245	0.00559
19	0.00653	0.00488	0.00648	0.03115	0.00832	0.00477	0.01802	0.01769	0.04527	0.01299	0.02572	0.62864	0.07824	0.01323	0.00581	0.00185	0.00305	0.05181	0.03138	0.00419
20	0.39997	0.12661	0.03928	0.07470	0.05256	0.10824	0.04205	0.03737	0.00974	0.01693	0.00726	0.00887	0.00584	0.00455	0.00401	0.00139	0.03492	0.00309	0.00261	0.02001
21	0.01106	0.15920	0.15746	0.03436	0.03844	0.09362	0.07222	0.01351	0.01030	0.06527	0.03680	0.04069	0.05714	0.04394	0.06087	0.00198	0.04251	0.02220	0.03274	0.00569

[dist]
# distance from previous block
# <min> <max>
2	4

[block]
# block no. 12 follows, 54 sequences, length 7
# corresponding to MSA columns:
# 942-948
name=unknown_M
#
# <colnr> <probs for GDERKNQSTAVLIFYWHMCP>
#	G	D	E	R	K	N	Q	S	T	A	V	L	I	F	Y	W	H	M	C	P
0	0.00918	0.01079	0.16642	0.03054	0.05252	0.00783	0.07310	0.03044	0.01034	0.03970	0.07986	0.16192	0.04417	0.02435	0.03364	0.00171	0.03783	0.00621	0.00321	0.17623
1	0.04707	0.00725	0.00933	0.00828	0.03413	0.00680	0.00628	0.05982	0.04405	0.39098	0.14793	0.15240	0.04908	0.00805	0.00504	0.00154	0.00354	0.00686	0.00512	0.00646
2	0.04544	0.05605	0.24098	0.03941	0.12345	0.07287	0.07465	0.05800	0.03100	0.05507	0.02847	0.06416	0.01032	0.00622	0.01847	0.00158	0.00594	0.03809	0.00291	0.02695
3	0.01052	0.03280	0.08006	0.05715	0.06340	0.04744	0.03420	0.07398	0.06241	0.04480	0.05997	0.03940	0.08394	0.00805	0.03743	0.00170	0.03822	0.08260	0.01787	0.12407
4	0.00746	0.00645	0.00796	0.00780	0.00839	0.02820	0.00591	0.00855	0.00926	0.01252	0.07532	0.32056	0.16821	0.04454	0.00899	0.00194	0.21810	0.02909	0.02647	0.00428
5	0.00772	0.00679	0.07934	0.00692	0.00825	0.00541	0.00545	0.00972	0.05830	0.06022	0.07576	0.32648	0.08636	0.22924	0.01042	0.00248	0.00368	0.00913	0.00393	0.00439
6	0.04506	0.10687	0.05281	0.07514	0.01559	0.07056	0.09258	0.13673	0.12774	0.06264	0.04244	0.01300	0.00978	0.00647	0.03369	0.00166	0.06136	0.00432	0.00335	0.03820

[dist]
# distance from previous block
# <min> <max>
5	13

[block]
# block no. 13 follows, 54 sequences, length 33
# corresponding to MSA columns:
# 965-982,1015-1029
name=unknown_N
#
# <colnr> <probs for GDERKNQSTAVLIFYWHMCP>
#	G	D	E	R	K	N	Q	S	T	A	V	L	I	F	Y	W	H	M	C	P
0	0.03077	0.07263	0.24466	0.01235	0.09372	0.05002	0.05118	0.07638	0.03040	0.04410	0.02930	0.06053	0.01005	0.03061	0.06141	0.02224	0.00605	0.00460	0.01863	0.05040
1	0.03088	0.34010	0.26408	0.01041	0.02995	0.01358	0.02392	0.03814	0.05946	0.01384	0.01019	0.01240	0.03038	0.03177	0.03305	0.00164	0.02845	0.01910	0.00246	0.00621
2	0.00902	0.06142	0.01073	0.04386	0.01108	0.06659	0.04103	0.03302	0.03452	0.01342	0.11778	0.03041	0.10207	0.07238	0.17442	0.00305	0.10529	0.06185	0.00326	0.00480
3	0.29668	0.00966	0.05377	0.00814	0.01136	0.00917	0.03234	0.08691	0.02808	0.07847	0.04579	0.01425	0.04549	0.00660	0.03541	0.00160	0.03248	0.02520	0.00342	0.17519
4	0.08465	0.52580	0.13699	0.00954	0.01378	0.01577	0.05279	0.01486	0.03973	0.03507	0.00781	0.00890	0.00650	0.00438	0.00381	0.00121	0.02684	0.00305	0.00232	0.00621
5	0.00606	0.00434	0.00563	0.00637	0.00690	0.00408	0.00442	0.00716	0.00961	0.01297	0.11598	0.57777	0.08570	0.04038	0.03741	0.00213	0.00313	0.03781	0.02823	0.00393
6	0.00713	0.00508	0.00643	0.00637	0.00711	0.00527	0.00457	0.00816	0.00857	0.03612	0.05006	0.10966	0.15996	0.26166	0.22904	0.00413	0.04358	0.01894	0.02426	0.00391
