[name]
unknown

[dist]
# distance from previous block
# <min> <max>
3	414

[block]
# block no. 0 follows, 55 sequences, length 17
# corresponding to MSA columns:
# 418-434
name=unknown_A
#
# <colnr> <probs for GDERKNQSTAVLIFYWHMCP>
#	G	D	E	R	K	N	Q	S	T	A	V	L	I	F	Y	W	H	M	C	P
0	0.01674	0.02054	0.01292	0.01149	0.01410	0.70910	0.00869	0.05679	0.01332	0.01260	0.00748	0.00863	0.00616	0.00472	0.00415	0.00117	0.00781	0.00304	0.00254	0.07800
1	0.07904	0.00491	0.00585	0.00656	0.00727	0.00492	0.00455	0.00858	0.06441	0.01351	0.03873	0.65919	0.02697	0.01268	0.00548	0.00179	0.00281	0.01133	0.03724	0.00417
2	0.00714	0.00518	0.00653	0.07531	0.00916	0.00520	0.00510	0.06263	0.01015	0.01381	0.03941	0.47866	0.11740	0.04120	0.00602	0.00179	0.00312	0.01012	0.09784	0.00424
3	0.73666	0.00901	0.00733	0.00642	0.00939	0.01016	0.00524	0.01429	0.06360	0.02029	0.00750	0.00842	0.00584	0.00438	0.00306	0.00139	0.00359	0.00273	0.00300	0.07771
4	0.01340	0.00882	0.01017	0.00878	0.01135	0.00960	0.00697	0.02126	0.43886	0.23326	0.02014	0.01875	0.07956	0.00672	0.00548	0.00156	0.06146	0.00537	0.03153	0.00697
5	0.00752	0.00541	0.00667	0.00597	0.00765	0.00470	0.00450	0.00941	0.01170	0.04507	0.45547	0.08616	0.11501	0.03154	0.00556	0.00144	0.00259	0.00761	0.03126	0.15475
6	0.00665	0.00496	0.00735	0.00735	0.00814	0.00575	0.00566	0.00823	0.00744	0.01071	0.01258	0.01891	0.01191	0.07691	0.77642	0.00732	0.01204	0.00508	0.00251	0.00408
7	0.00970	0.00879	0.01348	0.54844	0.09961	0.03491	0.02828	0.04000	0.01001	0.01353	0.00921	0.01270	0.00710	0.00484	0.00483	0.00148	0.03284	0.00415	0.11069	0.00540
8	0.17950	0.08383	0.01668	0.16128	0.21106	0.03804	0.15902	0.01396	0.02312	0.01534	0.00859	0.01103	0.00682	0.00434	0.00422	0.00141	0.00555	0.00392	0.04631	0.00596
9	0.86937	0.00900	0.00684	0.00612	0.00900	0.01044	0.00504	0.01368	0.00792	0.02087	0.00648	0.00756	0.00504	0.00432	0.00288	0.00144	0.00360	0.00252	0.00288	0.00504
10	0.01656	0.08558	0.01457	0.01180	0.01449	0.65302	0.03890	0.05956	0.04021	0.01272	0.00783	0.00893	0.00642	0.00479	0.00419	0.00122	0.00776	0.00319	0.00256	0.00567
11	0.00735	0.00471	0.00605	0.00622	0.00723	0.00427	0.00447	0.00871	0.01078	0.09001	0.25030	0.41572	0.14275	0.01189	0.00563	0.00168	0.00263	0.01055	0.00468	0.00437
12	0.00936	0.00686	0.00733	0.00695	0.00849	0.06801	0.00519	0.03283	0.06205	0.11282	0.23581	0.24195	0.16382	0.01011	0.00534	0.00158	0.00323	0.00874	0.00460	0.00494
13	0.00665	0.00456	0.00520	0.00518	0.00541	0.00451	0.00308	0.00693	0.00747	0.00993	0.06274	0.03137	0.08178	0.69109	0.05220	0.00421	0.00451	0.00704	0.00306	0.00305
14	0.01460	0.01148	0.01259	0.01028	0.01346	0.02940	0.03481	0.36558	0.35978	0.05243	0.03569	0.01465	0.01167	0.00594	0.00473	0.00148	0.00453	0.00481	0.00462	0.00747
15	0.05713	0.03435	0.03771	0.01217	0.14752	0.11307	0.02474	0.07637	0.05081	0.03337	0.00918	0.01050	0.00734	0.00431	0.00413	0.00111	0.01729	0.00341	0.01964	0.33585
16	0.03880	0.57380	0.02056	0.00910	0.01258	0.25431	0.00818	0.01530	0.01051	0.01136	0.00668	0.00774	0.00595	0.00423	0.00334	0.00107	0.00594	0.00264	0.00214	0.00577

[dist]
# distance from previous block
# <min> <max>
0	2

[block]
# block no. 1 follows, 55 sequences, length 17
# corresponding to MSA columns:
# 437-453
name=unknown_B
#
# <colnr> <probs for GDERKNQSTAVLIFYWHMCP>
#	G	D	E	R	K	N	Q	S	T	A	V	L	I	F	Y	W	H	M	C	P
0	0.04167	0.01094	0.08061	0.03743	0.03848	0.01067	0.04107	0.33343	0.02965	0.02125	0.08141	0.05815	0.02487	0.00635	0.00520	0.00145	0.05242	0.00509	0.11353	0.00633
1	0.00593	0.00433	0.00558	0.00610	0.00676	0.00398	0.00426	0.00720	0.01038	0.01401	0.26536	0.50763	0.11580	0.01274	0.00575	0.00173	0.00251	0.01140	0.00456	0.00398
2	0.00577	0.00447	0.00519	0.00558	0.00646	0.00405	0.00390	0.00675	0.00948	0.01199	0.04959	0.33044	0.38303	0.09572	0.05369	0.00231	0.00327	0.01046	0.00408	0.00379
3	0.01736	0.01263	0.01360	0.01053	0.01417	0.01395	0.00867	0.70970	0.07753	0.05606	0.01198	0.01178	0.00849	0.00564	0.00466	0.00141	0.00497	0.00428	0.00470	0.00787
4	0.01083	0.00849	0.00994	0.00722	0.01126	0.00674	0.00580	0.04672	0.02996	0.07185	0.00937	0.01034	0.00744	0.00377	0.00362	0.00079	0.00356	0.00302	0.00310	0.74618
5	0.00651	0.00475	0.00611	0.00577	0.00690	0.00436	0.00433	0.00863	0.01298	0.01822	0.75046	0.03547	0.09874	0.00967	0.00549	0.00147	0.00221	0.00851	0.00506	0.00436
6	0.86937	0.00900	0.00684	0.00612	0.00900	0.01044	0.00504	0.01368	0.00792	0.02087	0.00648	0.00756	0.00504	0.00432	0.00288	0.00144	0.00360	0.00252	0.00288	0.00504
7	0.01738	0.02217	0.01318	0.01199	0.01438	0.81783	0.00899	0.01858	0.01318	0.01139	0.00719	0.00839	0.00599	0.00479	0.00419	0.00120	0.00839	0.00300	0.00240	0.00539
8	0.00916	0.00872	0.01495	0.71098	0.11638	0.01046	0.03953	0.01225	0.00950	0.01235	0.00836	0.01231	0.00636	0.00457	0.00467	0.00153	0.00618	0.00418	0.00210	0.00545
9	0.00613	0.00468	0.00563	0.00552	0.00671	0.00418	0.00409	0.00786	0.01192	0.01598	0.47806	0.11019	0.30066	0.01074	0.00553	0.00154	0.00230	0.00932	0.00478	0.00418
10	0.07688	0.01089	0.01167	0.00958	0.01278	0.01207	0.00773	0.33087	0.33792	0.11719	0.01486	0.01399	0.01071	0.00581	0.00456	0.00148	0.00428	0.00456	0.00469	0.00748
11	0.00781	0.00621	0.00871	0.00795	0.03735	0.00589	0.07415	0.06429	0.01280	0.01766	0.46187	0.04537	0.17479	0.00887	0.00531	0.00147	0.00305	0.00786	0.04379	0.00481
12	0.00774	0.00577	0.00668	0.00641	0.00709	0.00623	0.00431	0.01067	0.16135	0.01199	0.07197	0.02641	0.01751	0.50774	0.10809	0.00400	0.02241	0.00633	0.00330	0.00401
13	0.01344	0.67306	0.02210	0.00878	0.01244	0.18104	0.00817	0.01488	0.01021	0.01103	0.00661	0.00765	0.00597	0.00415	0.00323	0.00104	0.00567	0.00259	0.00207	0.00585
14	0.00567	0.00405	0.00540	0.00648	0.00675	0.00378	0.00432	0.00648	0.00891	0.01188	0.02564	0.83347	0.03077	0.01457	0.00594	0.00189	0.00270	0.01323	0.00432	0.00378
15	0.03996	0.00823	0.01219	0.04898	0.33791	0.00829	0.00912	0.02711	0.06802	0.04417	0.19985	0.06982	0.09301	0.00701	0.00493	0.00147	0.00405	0.00626	0.00362	0.00599
16	0.01492	0.05174	0.10239	0.04273	0.15342	0.41925	0.03530	0.03107	0.01208	0.06909	0.00851	0.00992	0.00669	0.00471	0.00452	0.00131	0.02012	0.00350	0.00258	0.00616

[dist]
# distance from previous block
# <min> <max>
0	10

[block]
# block no. 2 follows, 55 sequences, length 24
# corresponding to MSA columns:
# 464-485,488,489
name=unknown_C
#
# <colnr> <probs for GDERKNQSTAVLIFYWHMCP>
#	G	D	E	R	K	N	Q	S	T	A	V	L	I	F	Y	W	H	M	C	P
0	0.01681	0.07700	0.01420	0.01141	0.01413	0.53819	0.00893	0.20178	0.01474	0.01561	0.00804	0.00906	0.00645	0.00506	0.00467	0.00126	0.04045	0.00329	0.00289	0.00602
1	0.01131	0.01296	0.13447	0.03393	0.42674	0.01146	0.08469	0.04994	0.11141	0.01600	0.01000	0.01203	0.00793	0.00474	0.00527	0.00148	0.05163	0.00430	0.00265	0.00706
2	0.01645	0.01180	0.01285	0.01008	0.01349	0.01294	0.00824	0.60646	0.10346	0.07701	0.06830	0.01378	0.01134	0.00595	0.00472	0.00142	0.00469	0.00463	0.00477	0.00761
3	0.01064	0.02144	0.11704	0.05506	0.07478	0.11968	0.03543	0.01352	0.06144	0.06930	0.04461	0.05392	0.06349	0.08003	0.08530	0.00233	0.04901	0.01651	0.02100	0.00547
4	0.01187	0.00995	0.01048	0.00932	0.01196	0.01145	0.00728	0.07807	0.70880	0.02006	0.01822	0.01692	0.01366	0.00622	0.00466	0.00154	0.00371	0.00514	0.04341	0.00727
5	0.00583	0.00423	0.00532	0.00612	0.00654	0.00393	0.00410	0.00662	0.00891	0.01166	0.02710	0.60781	0.13251	0.11781	0.00813	0.00218	0.00292	0.03047	0.00413	0.00369
6	0.02745	0.12248	0.03521	0.00763	0.01170	0.02814	0.00653	0.05689	0.01060	0.06577	0.00877	0.00976	0.00703	0.00386	0.00356	0.00087	0.00400	0.00294	0.00292	0.58387
7	0.00695	0.00509	0.00577	0.00569	0.00655	0.00500	0.00389	0.03081	0.04858	0.01267	0.10292	0.10185	0.21958	0.32615	0.06281	0.00305	0.00396	0.00791	0.03691	0.00386
8	0.01233	0.04467	0.41969	0.01327	0.01874	0.01113	0.16312	0.10613	0.02617	0.12460	0.01037	0.01138	0.00727	0.00466	0.00465	0.00146	0.00634	0.00409	0.00292	0.00700
9	0.01497	0.01326	0.01281	0.01067	0.01317	0.16570	0.00857	0.33559	0.13206	0.03616	0.01100	0.01178	0.00843	0.00600	0.00643	0.00149	0.15420	0.00412	0.04694	0.00666
10	0.02699	0.01119	0.01385	0.35388	0.05430	0.10294	0.04135	0.21303	0.03668	0.01705	0.02523	0.04909	0.00874	0.00550	0.00486	0.00149	0.02021	0.00457	0.00304	0.00602
11	0.01074	0.00913	0.01334	0.01576	0.28172	0.00994	0.02995	0.09190	0.10309	0.03195	0.01175	0.01603	0.01028	0.08703	0.16593	0.00296	0.07926	0.02012	0.00300	0.00610
12	0.01644	0.09844	0.01482	0.01178	0.01452	0.66183	0.04405	0.04046	0.01290	0.01212	0.00737	0.00860	0.00612	0.00467	0.00413	0.00119	0.00782	0.00309	0.00243	0.02723
13	0.00586	0.00473	0.00533	0.00529	0.00662	0.00423	0.00395	0.00726	0.01065	0.01348	0.19137	0.06255	0.53293	0.03136	0.09138	0.00224	0.00344	0.00907	0.00425	0.00401
14	0.01340	0.02076	0.02727	0.07269	0.12070	0.02130	0.03499	0.12878	0.18167	0.16379	0.03266	0.01477	0.01996	0.00706	0.04198	0.00177	0.06295	0.00469	0.02198	0.00681
15	0.01043	0.00788	0.01087	0.35168	0.01879	0.03421	0.00893	0.02109	0.04754	0.09599	0.04746	0.04316	0.01081	0.00607	0.00570	0.01208	0.08850	0.00475	0.16875	0.00530
16	0.00582	0.00449	0.00526	0.00556	0.00653	0.00399	0.00395	0.00703	0.01039	0.01341	0.18836	0.31335	0.36104	0.04130	0.00629	0.00176	0.00252	0.01060	0.00443	0.00393
17	0.12835	0.14042	0.01198	0.00780	0.01107	0.00959	0.00659	0.04435	0.07813	0.42225	0.01446	0.01352	0.00993	0.00530	0.00406	0.00135	0.00394	0.00405	0.07596	0.00689
18	0.00761	0.00496	0.00630	0.00653	0.00752	0.00464	0.00467	0.02547	0.03370	0.08508	0.17547	0.49088	0.10508	0.01212	0.00563	0.00172	0.00276	0.01079	0.00462	0.00447
19	0.01681	0.03320	0.01386	0.01071	0.01397	0.08798	0.00878	0.57072	0.05536	0.06081	0.01098	0.01125	0.00800	0.00571	0.00540	0.00143	0.06932	0.00410	0.00423	0.00739
20	0.01026	0.00880	0.01006	0.00772	0.03419	0.03335	0.00592	0.01231	0.00989	0.03610	0.00851	0.00982	0.00700	0.00357	0.00354	0.00075	0.00368	0.00286	0.00281	0.78887
21	0.01423	0.30235	0.01892	0.08285	0.03496	0.17299	0.09277	0.17878	0.01308	0.03567	0.00843	0.00971	0.00669	0.00458	0.00407	0.00125	0.00608	0.00351	0.00278	0.00631
22	0.67655	0.00968	0.00753	0.00667	0.00948	0.07091	0.00540	0.02586	0.00906	0.07065	0.01023	0.01083	0.06189	0.00499	0.00331	0.00143	0.00392	0.00323	0.00316	0.00522
23	0.01297	0.04848	0.01205	0.05834	0.01348	0.19185	0.03881	0.12552	0.16457	0.05870	0.05664	0.03323	0.03192	0.00737	0.03117	0.00164	0.00546	0.06042	0.04137	0.00602

[dist]
# distance from previous block
# <min> <max>
0	1

[block]
# block no. 3 follows, 55 sequences, length 16
# corresponding to MSA columns:
# 491-506
name=unknown_D
#
# <colnr> <probs for GDERKNQSTAVLIFYWHMCP>
#	G	D	E	R	K	N	Q	S	T	A	V	L	I	F	Y	W	H	M	C	P
0	0.00689	0.00536	0.00675	0.00704	0.00762	0.00568	0.00507	0.00871	0.06834	0.01244	0.05591	0.40718	0.09270	0.13823	0.00947	0.00225	0.08540	0.06692	0.00392	0.00411
1	0.00809	0.00480	0.00633	0.00677	0.00771	0.00442	0.00494	0.00929	0.00999	0.12259	0.05322	0.53511	0.07094	0.01254	0.00569	0.00180	0.00299	0.09620	0.03212	0.00445
2	0.00584	0.00442	0.00531	0.00571	0.00655	0.00398	0.00400	0.00699	0.01015	0.01323	0.17822	0.38493	0.28650	0.05398	0.00660	0.00184	0.00258	0.01088	0.00439	0.00389
3	0.01475	0.00811	0.00981	0.00818	0.01086	0.00801	0.00649	0.18032	0.08857	0.32840	0.07855	0.14841	0.07307	0.00788	0.00500	0.00153	0.00373	0.00663	0.00505	0.00666
4	0.00778	0.00538	0.00641	0.00587	0.00744	0.00490	0.00449	0.04781	0.01271	0.07407	0.44459	0.03572	0.30563	0.00984	0.00539	0.00150	0.00252	0.00843	0.00486	0.00466
5	0.01355	0.60467	0.02104	0.00898	0.01252	0.20601	0.00817	0.01558	0.05081	0.01149	0.00728	0.00819	0.00640	0.00429	0.00336	0.00107	0.00571	0.00275	0.00223	0.00591
6	0.03372	0.09768	0.62338	0.01318	0.04155	0.01142	0.05770	0.01491	0.00994	0.04277	0.00855	0.00995	0.00618	0.00439	0.00432	0.00143	0.00652	0.00350	0.00216	0.00676
7	0.10958	0.32665	0.09040	0.07473	0.04412	0.10692	0.03036	0.01475	0.03147	0.05349	0.02853	0.01083	0.02708	0.00475	0.00396	0.00126	0.01794	0.00345	0.00257	0.01716
8	0.70598	0.00965	0.00768	0.00694	0.00962	0.05601	0.00570	0.04167	0.00891	0.01989	0.00803	0.01113	0.00684	0.00512	0.00357	0.00149	0.02353	0.06013	0.00300	0.00511
9	0.01020	0.06793	0.15818	0.27871	0.06836	0.02351	0.04992	0.01352	0.03513	0.06092	0.04875	0.01321	0.00908	0.00740	0.06589	0.00195	0.07466	0.00428	0.00256	0.00584
10	0.01757	0.00766	0.00989	0.00776	0.01097	0.00684	0.00632	0.04772	0.04079	0.57077	0.05596	0.01636	0.01278	0.00575	0.00447	0.00135	0.00367	0.00469	0.09763	0.07102
11	0.00822	0.02878	0.01167	0.00975	0.01148	0.00788	0.15134	0.02969	0.06871	0.01385	0.05576	0.26178	0.15741	0.00991	0.00671	0.00173	0.10321	0.05352	0.00369	0.00491
12	0.00648	0.00486	0.00658	0.00788	0.06617	0.00472	0.00499	0.00748	0.00884	0.01182	0.04295	0.43987	0.08493	0.16549	0.07930	0.00279	0.00411	0.04303	0.00376	0.00395
13	0.00793	0.00566	0.00637	0.00596	0.00760	0.00545	0.00455	0.03162	0.09350	0.06000	0.17758	0.03273	0.36739	0.02624	0.06584	0.00199	0.00340	0.00772	0.08373	0.00474
14	0.01684	0.01712	0.01362	0.01146	0.01420	0.39704	0.00904	0.35056	0.01635	0.01908	0.00880	0.00975	0.00683	0.00545	0.00543	0.00136	0.08368	0.00361	0.00333	0.00645
15	0.00641	0.00464	0.00600	0.02989	0.00759	0.00457	0.00465	0.00777	0.03713	0.01219	0.07345	0.49841	0.02719	0.17909	0.00945	0.00239	0.00331	0.07801	0.00402	0.00384

[dist]
# distance from previous block
# <min> <max>
0	1

[block]
# block no. 4 follows, 55 sequences, length 42
# corresponding to MSA columns:
# 508-519,521-541,574-582
name=unknown_E
#
# <colnr> <probs for GDERKNQSTAVLIFYWHMCP>
#	G	D	E	R	K	N	Q	S	T	A	V	L	I	F	Y	W	H	M	C	P
0	0.01234	0.01002	0.01323	0.33472	0.03519	0.01165	0.02088	0.24504	0.15065	0.03893	0.01142	0.01306	0.00846	0.00539	0.00505	0.00151	0.03814	0.00438	0.03348	0.00645
1	0.06165	0.01076	0.07044	0.40565	0.13539	0.03279	0.08454	0.05076	0.01022	0.01435	0.00858	0.01172	0.00662	0.00471	0.00503	0.00151	0.04413	0.00409	0.03125	0.00580
2	0.01107	0.00808	0.00876	0.00771	0.00989	0.02861	0.00598	0.12682	0.21997	0.10255	0.10959	0.03952	0.19270	0.06619	0.02847	0.00189	0.00387	0.01798	0.00452	0.00585
3	0.00803	0.00587	0.00789	0.00842	0.08477	0.00563	0.00565	0.03025	0.04553	0.05004	0.56039	0.08955	0.06157	0.00906	0.00535	0.00149	0.00277	0.00801	0.00476	0.00497
4	0.00577	0.00440	0.00529	0.00597	0.00669	0.00402	0.00411	0.00696	0.02736	0.01221	0.03205	0.55259	0.27372	0.02824	0.00609	0.00183	0.00265	0.01186	0.00430	0.00389
5	0.02771	0.03161	0.01276	0.01075	0.01134	0.01217	0.00890	0.03219	0.00792	0.04341	0.00812	0.01205	0.00754	0.01357	0.18756	0.00313	0.55756	0.00422	0.00237	0.00510
6	0.01035	0.00992	0.01464	0.20757	0.08880	0.02835	0.07119	0.04434	0.08270	0.01364	0.03042	0.01306	0.00856	0.02941	0.02520	0.00190	0.30724	0.00450	0.00257	0.00564
7	0.00715	0.00551	0.00690	0.00663	0.00698	0.00615	0.00467	0.00780	0.00767	0.01044	0.03620	0.04209	0.09972	0.45255	0.11822	0.00397	0.13381	0.03703	0.00295	0.00357
8	0.01411	0.03334	0.01414	0.12152	0.08211	0.21531	0.00987	0.23052	0.06026	0.01728	0.00912	0.01076	0.00719	0.00546	0.00600	0.00144	0.12517	0.00385	0.00306	0.02948
9	0.00749	0.00509	0.00570	0.00551	0.00578	0.00517	0.00329	0.06113	0.00788	0.01052	0.01478	0.05535	0.01674	0.75210	0.02178	0.00421	0.00449	0.00680	0.00299	0.00320
10	0.01140	0.01157	0.01783	0.16348	0.48604	0.08013	0.07167	0.01404	0.01036	0.01397	0.00838	0.01138	0.00693	0.00457	0.00545	0.00146	0.06837	0.00414	0.00225	0.00656
11	0.18292	0.02072	0.04574	0.08259	0.14478	0.03395	0.09152	0.12387	0.06812	0.08835	0.01051	0.02619	0.00806	0.00506	0.00466	0.00147	0.03002	0.00418	0.02085	0.00644
12	0.04023	0.00966	0.04386	0.10453	0.19346	0.00865	0.02855	0.04971	0.02433	0.08753	0.03123	0.01203	0.00855	0.00439	0.00415	0.00117	0.00453	0.00379	0.02607	0.31359
13	0.00657	0.00486	0.00606	0.00571	0.00698	0.00437	0.00428	0.00855	0.01238	0.01729	0.60658	0.06634	0.15527	0.00969	0.00536	0.00145	0.00229	0.00847	0.02666	0.04084
14	0.09893	0.01110	0.03134	0.06805	0.05961	0.07539	0.03506	0.16618	0.10834	0.05648	0.01118	0.04753	0.00919	0.00828	0.06867	0.00201	0.12862	0.00453	0.00333	0.00616
15	0.01615	0.18041	0.01369	0.02341	0.01211	0.02280	0.00733	0.18243	0.03511	0.31748	0.01335	0.01309	0.00945	0.00606	0.02435	0.00146	0.01961	0.00407	0.09073	0.00691
16	0.00795	0.00494	0.00623	0.00612	0.00739	0.00442	0.00450	0.00942	0.01125	0.12074	0.28064	0.29018	0.20619	0.01114	0.00553	0.00162	0.00263	0.00977	0.00477	0.00456
17	0.01234	0.01096	0.04649	0.12434	0.29396	0.01083	0.12087	0.16450	0.01275	0.05748	0.02484	0.01276	0.00847	0.00475	0.00465	0.00142	0.00550	0.00443	0.07192	0.00674
18	0.00685	0.00451	0.00530	0.00530	0.00535	0.00456	0.00310	0.00682	0.00676	0.00907	0.01406	0.02854	0.01596	0.72839	0.07414	0.06427	0.00499	0.00646	0.00274	0.00285
19	0.01781	0.01282	0.01383	0.01061	0.01432	0.01412	0.00876	0.76078	0.02153	0.06100	0.01146	0.01136	0.00806	0.00559	0.00465	0.00140	0.00507	0.00421	0.00470	0.00791
20	0.00984	0.00867	0.00968	0.00718	0.01109	0.03826	0.00575	0.01188	0.00984	0.01495	0.00907	0.01180	0.00788	0.00398	0.00363	0.00078	0.00368	0.04261	0.00282	0.78661
21	0.01550	0.52087	0.03540	0.01028	0.01398	0.13447	0.00909	0.14180	0.01308	0.01586	0.00929	0.01091	0.00805	0.00564	0.00449	0.00145	0.02230	0.00352	0.01697	0.00705
22	0.74682	0.00915	0.00760	0.00657	0.00956	0.01037	0.00542	0.06097	0.00921	0.08805	0.00776	0.00847	0.00576	0.00452	0.00314	0.00144	0.00372	0.00280	0.00323	0.00545
23	0.01109	0.01013	0.01621	0.34219	0.32616	0.02565	0.05442	0.04779	0.06533	0.04156	0.00970	0.01240	0.00750	0.00461	0.00468	0.00147	0.00577	0.00429	0.00260	0.00644
24	0.00834	0.00727	0.01088	0.10995	0.12968	0.00862	0.00829	0.00985	0.00811	0.01150	0.01159	0.09413	0.01176	0.14352	0.22019	0.00366	0.18983	0.00561	0.00254	0.00472
25	0.00627	0.00452	0.00513	0.00525	0.00579	0.00425	0.00335	0.00688	0.00862	0.01119	0.09471	0.14820	0.22354	0.43520	0.01489	0.00311	0.00350	0.00861	0.00362	0.00338
26	0.01877	0.00744	0.01009	0.00792	0.01115	0.00646	0.00647	0.02058	0.01316	0.69599	0.10263	0.03754	0.02699	0.00645	0.00481	0.00145	0.00372	0.00535	0.00564	0.00739
27	0.00774	0.00500	0.00642	0.00598	0.00732	0.00453	0.00451	0.00969	0.01263	0.09138	0.59721	0.08113	0.12920	0.00972	0.00544	0.00150	0.00241	0.00851	0.00504	0.00463
28	0.16228	0.00815	0.00865	0.00751	0.01009	0.00874	0.00596	0.03246	0.29272	0.20358	0.01568	0.01519	0.01138	0.00563	0.00407	0.00141	0.00343	0.00443	0.19221	0.00644
29	0.00932	0.00768	0.01143	0.13997	0.18486	0.00840	0.00886	0.03135	0.03326	0.04757	0.13891	0.09850	0.06134	0.00939	0.06042	0.00198	0.09217	0.02438	0.02477	0.00545
30	0.50741	0.10053	0.18340	0.00846	0.01237	0.01116	0.03676	0.01420	0.00881	0.04928	0.00760	0.00880	0.00581	0.00507	0.02267	0.00155	0.00483	0.00297	0.00267	0.00567
31	0.07297	0.01428	0.01399	0.23864	0.16280	0.31074	0.01076	0.04260	0.03063	0.01370	0.00810	0.01040	0.00651	0.00481	0.00480	0.00140	0.04100	0.00363	0.00244	0.00579
32	0.04944	0.10925	0.01278	0.05587	0.06543	0.07229	0.05917	0.05834	0.03694	0.03404	0.08903	0.15346	0.04357	0.04213	0.00636	0.00166	0.06549	0.03608	0.00334	0.00531
33	0.00794	0.00502	0.00624	0.00595	0.00736	0.00446	0.00445	0.00956	0.01172	0.11670	0.35582	0.17532	0.25071	0.01056	0.00547	0.00157	0.00255	0.00918	0.00484	0.00460
34	0.00952	0.02921	0.15646	0.01490	0.04936	0.00974	0.38812	0.01272	0.01006	0.01387	0.03067	0.09503	0.01187	0.09718	0.00742	0.00191	0.01640	0.03724	0.00266	0.00566
35	0.00617	0.00472	0.00567	0.00567	0.00686	0.00424	0.00427	0.00784	0.01159	0.01533	0.38778	0.10571	0.32715	0.02197	0.00584	0.00163	0.00248	0.06629	0.00466	0.00414
36	0.00771	0.00475	0.00669	0.00658	0.00674	0.00517	0.00459	0.00702	0.00663	0.00908	0.01043	0.01885	0.01081	0.18727	0.15012	0.46584	0.06258	0.02401	0.00232	0.00280
37	0.00981	0.01044	0.06873	0.17550	0.13976	0.05187	0.03760	0.01227	0.02891	0.01304	0.02972	0.08905	0.01034	0.02902	0.00809	0.00172	0.22815	0.00512	0.04539	0.00546
38	0.01441	0.00904	0.01021	0.00853	0.01121	0.02814	0.00673	0.15529	0.24414	0.24786	0.12272	0.01887	0.01628	0.06390	0.00608	0.00168	0.00396	0.00536	0.01879	0.00681
39	0.06976	0.00830	0.00951	0.00691	0.01093	0.00653	0.00555	0.01241	0.00972	0.05653	0.00866	0.00982	0.00700	0.00362	0.00347	0.00078	0.00348	0.00284	0.00292	0.76125
40	0.42150	0.04504	0.02673	0.00948	0.06641	0.02332	0.01837	0.22230	0.02525	0.05008	0.02870	0.01025	0.00756	0.00487	0.00373	0.00140	0.00434	0.00345	0.02104	0.00618
41	0.01051	0.00987	0.07372	0.04884	0.05893	0.00965	0.00815	0.11228	0.17638	0.03189	0.03481	0.05756	0.05303	0.11025	0.01742	0.00195	0.09943	0.00540	0.00349	0.07643

[dist]
# distance from previous block
# <min> <max>
1	14

[block]
# block no. 5 follows, 55 sequences, length 45
# corresponding to MSA columns:
# 597-641
name=unknown_F
#
# <colnr> <probs for GDERKNQSTAVLIFYWHMCP>
#	G	D	E	R	K	N	Q	S	T	A	V	L	I	F	Y	W	H	M	C	P
0	0.10020	0.00808	0.01214	0.27922	0.21884	0.00874	0.00978	0.01189	0.00952	0.04562	0.02881	0.13823	0.01184	0.05868	0.00582	0.00170	0.00484	0.00558	0.00284	0.03761
1	0.01068	0.07163	0.48054	0.01387	0.03624	0.01137	0.16609	0.06955	0.01112	0.03658	0.04230	0.01154	0.00804	0.00462	0.00461	0.00145	0.00652	0.00409	0.00247	0.00671
2	0.00665	0.00463	0.00572	0.00582	0.00615	0.00475	0.00381	0.00724	0.00753	0.01017	0.03722	0.08019	0.04730	0.52786	0.18894	0.00468	0.00593	0.03907	0.00302	0.00331
3	0.04999	0.01408	0.01129	0.02890	0.01269	0.37343	0.02427	0.01775	0.05068	0.22127	0.02688	0.03541	0.01036	0.09500	0.00650	0.00169	0.00606	0.00438	0.00355	0.00581
4	0.01155	0.00846	0.01009	0.00736	0.01131	0.00681	0.00594	0.04435	0.01059	0.12700	0.00974	0.01059	0.00756	0.00397	0.00395	0.00085	0.02329	0.00311	0.00323	0.69024
5	0.00671	0.00451	0.00520	0.00533	0.00540	0.00449	0.00313	0.00686	0.00710	0.00945	0.01594	0.09490	0.01842	0.73709	0.02155	0.00420	0.00436	0.03939	0.00300	0.00296
6	0.00852	0.00892	0.10579	0.00848	0.01067	0.01744	0.03984	0.04404	0.06991	0.03038	0.31101	0.04053	0.14590	0.00865	0.00618	0.00159	0.07729	0.05558	0.00409	0.00519
7	0.00662	0.00515	0.00751	0.13449	0.04314	0.00527	0.00634	0.00808	0.00952	0.01271	0.08242	0.54303	0.02668	0.01207	0.00569	0.00181	0.00346	0.07781	0.00395	0.00423
8	0.00953	0.06969	0.10834	0.02523	0.04492	0.02517	0.00940	0.04379	0.00933	0.01323	0.07222	0.09668	0.02804	0.01027	0.08036	0.00223	0.32403	0.01953	0.00275	0.00528
9	0.00942	0.00896	0.01470	0.59051	0.14972	0.01094	0.01271	0.01237	0.02149	0.01243	0.00825	0.01207	0.00650	0.00502	0.00593	0.00158	0.10556	0.00415	0.00214	0.00553
10	0.01109	0.02510	0.05835	0.05474	0.04726	0.01011	0.01691	0.07935	0.39763	0.05039	0.16055	0.01941	0.03569	0.00658	0.00483	0.00151	0.00398	0.00557	0.00434	0.00662
11	0.00718	0.00548	0.00730	0.00704	0.00743	0.00636	0.00510	0.00807	0.00726	0.01031	0.01335	0.03744	0.02699	0.35150	0.34483	0.00521	0.12115	0.00580	0.01845	0.00374
12	0.05762	0.00937	0.04290	0.01120	0.11346	0.02738	0.00803	0.02610	0.17748	0.16121	0.03453	0.05913	0.01223	0.04569	0.07419	0.00213	0.07195	0.00504	0.00373	0.05663
13	0.48886	0.06731	0.00980	0.00780	0.02872	0.03077	0.05831	0.01285	0.00921	0.04040	0.07241	0.04788	0.06050	0.02448	0.00417	0.00149	0.00396	0.00430	0.00316	0.02363
14	0.07639	0.00852	0.01043	0.00889	0.01058	0.00982	0.00719	0.08424	0.06005	0.12768	0.01202	0.01639	0.01031	0.08790	0.00958	0.00188	0.26019	0.04983	0.07934	0.06874
15	0.00985	0.07117	0.00977	0.00784	0.00908	0.02394	0.00607	0.04382	0.04034	0.09182	0.01300	0.03860	0.01244	0.23616	0.24743	0.00407	0.10879	0.01802	0.00306	0.00473
16	0.04553	0.62907	0.04841	0.00853	0.01249	0.04106	0.02125	0.04741	0.01043	0.08741	0.00792	0.00860	0.00655	0.00427	0.00334	0.00110	0.00505	0.00286	0.00251	0.00622
17	0.04348	0.23122	0.23609	0.02856	0.11670	0.04951	0.02465	0.04817	0.09681	0.03352	0.02433	0.01123	0.01662	0.00479	0.00424	0.00134	0.01582	0.00370	0.00267	0.00654
18	0.00900	0.00666	0.00776	0.00716	0.00893	0.00686	0.00549	0.01462	0.27166	0.06801	0.37413	0.06262	0.10733	0.00872	0.00522	0.00154	0.00287	0.02100	0.00491	0.00552
19	0.00993	0.00891	0.01196	0.06000	0.11120	0.02118	0.07661	0.01703	0.36046	0.01668	0.10492	0.12436	0.04190	0.00731	0.00503	0.00157	0.00416	0.00657	0.00401	0.00621
20	0.01279	0.04437	0.01007	0.00814	0.01018	0.11124	0.00646	0.20095	0.04589	0.05858	0.01218	0.01406	0.00964	0.03087	0.03824	0.03211	0.05959	0.00418	0.28486	0.00563
21	0.00571	0.00449	0.00510	0.00542	0.00646	0.00395	0.00385	0.00683	0.01016	0.01282	0.11473	0.30141	0.44650	0.04305	0.00632	0.00177	0.00253	0.01068	0.00434	0.00388
22	0.01247	0.44564	0.18755	0.03513	0.02513	0.03822	0.01012	0.08260	0.03563	0.04723	0.00845	0.00942	0.00677	0.00449	0.00383	0.00121	0.01609	0.00316	0.02045	0.00639
23	0.00808	0.00404	0.00606	0.00606	0.00606	0.00404	0.00404	0.00606	0.00606	0.00808	0.00808	0.01414	0.00808	0.01616	0.01818	0.86465	0.00404	0.00404	0.00202	0.00202
24	0.01676	0.01257	0.01344	0.01052	0.01407	0.01399	0.00862	0.67536	0.13999	0.02782	0.01235	0.01211	0.00887	0.00570	0.00467	0.00142	0.00490	0.00435	0.00467	0.00783
25	0.03567	0.15111	0.01346	0.01900	0.04329	0.01098	0.02041	0.21031	0.03181	0.02598	0.01026	0.04327	0.00877	0.02096	0.06988	0.02036	0.03094	0.00402	0.02370	0.20581
26	0.01244	0.76158	0.02287	0.00790	0.01168	0.03245	0.00774	0.03010	0.00980	0.01168	0.00705	0.00809	0.00633	0.00411	0.00306	0.00101	0.00489	0.00263	0.04867	0.00591
27	0.05318	0.04090	0.01386	0.01036	0.01401	0.03765	0.00857	0.67819	0.02026	0.06058	0.01100	0.01101	0.00782	0.00546	0.00451	0.00138	0.00510	0.00405	0.00447	0.00765
28	0.02807	0.03182	0.01453	0.50263	0.14613	0.08049	0.01188	0.04095	0.01057	0.07608	0.00906	0.01192	0.00681	0.00468	0.00453	0.00146	0.00599	0.00401	0.00253	0.00586
29	0.00695	0.00456	0.00554	0.00567	0.00617	0.00451	0.00375	0.00780	0.00841	0.02892	0.07800	0.18619	0.06316	0.37142	0.10886	0.00354	0.00455	0.00782	0.09058	0.00361
30	0.00619	0.00434	0.00530	0.00574	0.00606	0.00414	0.00367	0.00682	0.00852	0.01138	0.09443	0.38599	0.07111	0.34974	0.01312	0.00290	0.00337	0.00994	0.00378	0.00345
31	0.01135	0.00565	0.00741	0.00681	0.00858	0.00503	0.00517	0.01283	0.01144	0.29964	0.15853	0.29254	0.10747	0.01003	0.00531	0.00161	0.00304	0.01862	0.02355	0.00540
32	0.01176	0.00758	0.00886	0.00755	0.00987	0.00763	0.00596	0.14302	0.14498	0.16724	0.29506	0.02579	0.12919	0.00794	0.00508	0.00148	0.00327	0.00668	0.00499	0.00606
33	0.54135	0.00927	0.00858	0.00730	0.01034	0.01029	0.00596	0.07955	0.11457	0.15710	0.01054	0.01057	0.00759	0.00493	0.00358	0.00145	0.00379	0.00339	0.00376	0.00607
34	0.08781	0.01194	0.01260	0.00980	0.01326	0.01318	0.00807	0.65232	0.01963	0.04655	0.01124	0.01143	0.00805	0.00547	0.00441	0.00138	0.00475	0.00407	0.06662	0.00741
35	0.01075	0.01195	0.11819	0.18953	0.48668	0.01064	0.03782	0.01392	0.01036	0.03258	0.02787	0.01217	0.00790	0.00444	0.00464	0.00144	0.00579	0.00421	0.00236	0.00676
36	0.01244	0.83930	0.02438	0.00796	0.01194	0.01841	0.00796	0.01393	0.00945	0.01095	0.00647	0.00746	0.00597	0.00398	0.00299	0.00100	0.00498	0.00249	0.00199	0.00597
37	0.00845	0.00679	0.00855	0.04363	0.06064	0.03864	0.00723	0.06851	0.02955	0.01446	0.02233	0.26674	0.05580	0.01139	0.00580	0.00187	0.00412	0.33673	0.00404	0.00474
38	0.01329	0.01075	0.01229	0.01025	0.01320	0.02914	0.05712	0.19023	0.47297	0.06613	0.04911	0.01604	0.01317	0.00610	0.00494	0.00152	0.01688	0.00507	0.00455	0.00724
39	0.01335	0.00760	0.00917	0.00781	0.01025	0.00763	0.00616	0.07638	0.20072	0.27696	0.22269	0.05498	0.02113	0.00720	0.00487	0.00147	0.00336	0.00609	0.05570	0.00648
40	0.00914	0.00828	0.01391	0.57593	0.17081	0.00974	0.01211	0.01167	0.00918	0.01211	0.00850	0.01261	0.00679	0.00671	0.03628	0.07856	0.00612	0.00416	0.00212	0.00525
41	0.00602	0.00458	0.00555	0.00571	0.00676	0.00411	0.00418	0.00752	0.01116	0.01476	0.33019	0.24024	0.29549	0.01165	0.00563	0.00163	0.00244	0.03369	0.00462	0.00408
42	0.00719	0.00518	0.00732	0.00691	0.00753	0.00548	0.03585	0.00790	0.00811	0.01127	0.11120	0.06305	0.04671	0.24854	0.21648	0.13483	0.04835	0.00630	0.01821	0.00359
43	0.20034	0.01073	0.01066	0.00863	0.01178	0.04330	0.00701	0.34368	0.08398	0.09132	0.01153	0.01174	0.00841	0.00523	0.00406	0.00135	0.00432	0.00386	0.08722	0.05084
44	0.00936	0.00549	0.00702	0.00669	0.00817	0.00505	0.00501	0.02779	0.02837	0.15996	0.23119	0.31066	0.07181	0.01032	0.00534	0.00160	0.00290	0.03232	0.03686	0.03407

[dist]
# distance from previous block
# <min> <max>
2	9

[block]
# block no. 6 follows, 55 sequences, length 22
# corresponding to MSA columns:
# 651-672
name=unknown_G
#
# <colnr> <probs for GDERKNQSTAVLIFYWHMCP>
#	G	D	E	R	K	N	Q	S	T	A	V	L	I	F	Y	W	H	M	C	P
0	0.28607	0.04550	0.01212	0.01141	0.08773	0.34580	0.02159	0.04175	0.02029	0.01550	0.00792	0.03011	0.00673	0.00539	0.01638	0.00144	0.03269	0.00337	0.00267	0.00554
1	0.02192	0.02351	0.00677	0.00673	0.02332	0.04371	0.00444	0.02972	0.02712	0.01150	0.01950	0.24346	0.08754	0.35676	0.07080	0.00326	0.00460	0.00814	0.00338	0.00383
2	0.01028	0.00933	0.06812	0.20412	0.13376	0.00885	0.03196	0.06839	0.06716	0.06977	0.06975	0.01922	0.08556	0.10406	0.00702	0.00183	0.00488	0.00535	0.00326	0.02734
3	0.03097	0.00730	0.00915	0.00783	0.03575	0.00637	0.01683	0.01162	0.03028	0.06652	0.08436	0.05924	0.07481	0.00898	0.08732	0.00176	0.02140	0.02143	0.00339	0.41471
4	0.00871	0.00696	0.00911	0.03220	0.07522	0.00765	0.00652	0.01210	0.14390	0.02981	0.06403	0.02176	0.04681	0.19555	0.17663	0.00341	0.07835	0.02187	0.01748	0.04191
5	0.01197	0.00944	0.01003	0.00882	0.01116	0.07375	0.01933	0.12141	0.27030	0.09199	0.13081	0.13693	0.01904	0.00771	0.00496	0.00152	0.00399	0.02442	0.00450	0.03794
6	0.00595	0.00418	0.00536	0.00614	0.00639	0.00397	0.00399	0.00664	0.00863	0.01155	0.05835	0.62072	0.02831	0.19526	0.00982	0.00245	0.00307	0.01159	0.00402	0.00359
7	0.26459	0.00851	0.00880	0.00760	0.01025	0.02302	0.00602	0.09458	0.10718	0.20103	0.01465	0.14098	0.01235	0.00665	0.00424	0.00148	0.00372	0.00529	0.04114	0.03793
8	0.75225	0.00951	0.00764	0.00666	0.00961	0.02947	0.00546	0.06328	0.00920	0.06162	0.00740	0.00823	0.00557	0.00448	0.00311	0.00143	0.00383	0.00275	0.00313	0.00538
9	0.01021	0.01029	0.01382	0.01195	0.01204	0.03974	0.00988	0.01122	0.00740	0.01123	0.00702	0.04722	0.00721	0.00832	0.01449	0.00200	0.76431	0.00445	0.00215	0.00504
10	0.01081	0.01014	0.01545	0.34959	0.33657	0.03124	0.01248	0.04653	0.11233	0.01488	0.00993	0.01254	0.00776	0.00471	0.00463	0.00147	0.00562	0.00426	0.00262	0.00644
11	0.05663	0.50962	0.05962	0.00937	0.01335	0.03973	0.06111	0.09388	0.02669	0.07894	0.00847	0.00920	0.00680	0.00439	0.00360	0.00117	0.00520	0.00316	0.00270	0.00635
12	0.08718	0.00945	0.08132	0.00881	0.02848	0.00834	0.00749	0.08742	0.07876	0.27415	0.10961	0.01737	0.04229	0.00837	0.06650	0.00190	0.02614	0.00495	0.01919	0.03229
13	0.00606	0.00471	0.00552	0.00538	0.00665	0.00416	0.00401	0.00775	0.01185	0.01567	0.43650	0.07355	0.38000	0.01073	0.00551	0.00153	0.00229	0.00924	0.00473	0.00416
14	0.00682	0.00485	0.00624	0.00630	0.01875	0.00448	0.00464	0.00869	0.01190	0.03266	0.49290	0.13328	0.13905	0.01084	0.02146	0.00167	0.00269	0.05489	0.03352	0.00436
15	0.55208	0.01012	0.00852	0.00743	0.01022	0.08866	0.00599	0.03971	0.03065	0.14108	0.00955	0.03997	0.00744	0.00516	0.00383	0.00145	0.02566	0.00346	0.00341	0.00562
16	0.01425	0.00705	0.00844	0.00698	0.00940	0.00683	0.00559	0.12372	0.03012	0.31343	0.11530	0.01812	0.01529	0.00610	0.00429	0.00132	0.00328	0.00498	0.29930	0.00623
17	0.00738	0.00504	0.00662	0.00623	0.00649	0.00526	0.03263	0.00741	0.00697	0.00959	0.01286	0.02499	0.01410	0.55839	0.06070	0.14483	0.04703	0.00596	0.03448	0.00306
18	0.00665	0.00449	0.00507	0.00513	0.00522	0.00444	0.00294	0.00675	0.00706	0.00935	0.01680	0.07532	0.05494	0.75230	0.02184	0.00423	0.00431	0.00727	0.00297	0.00292
19	0.10341	0.05097	0.23598	0.00984	0.01380	0.01079	0.00983	0.21621	0.07435	0.07744	0.01252	0.07076	0.01022	0.00601	0.00442	0.00147	0.00490	0.03297	0.04756	0.00658
20	0.03578	0.01203	0.13529	0.05952	0.23177	0.01070	0.05210	0.08761	0.04689	0.07922	0.06470	0.01451	0.02890	0.00570	0.00598	0.00153	0.10411	0.01403	0.00309	0.00655
21	0.04355	0.36836	0.01816	0.03288	0.08739	0.29557	0.00886	0.03636	0.01115	0.01254	0.00718	0.00849	0.00617	0.00433	0.00366	0.00113	0.00614	0.00292	0.00230	0.04286

[dist]
# distance from previous block
# <min> <max>
0	12

[block]
# block no. 7 follows, 55 sequences, length 23
# corresponding to MSA columns:
# 685-707
name=unknown_H
#
# <colnr> <probs for GDERKNQSTAVLIFYWHMCP>
#	G	D	E	R	K	N	Q	S	T	A	V	L	I	F	Y	W	H	M	C	P
0	0.02971	0.01204	0.06020	0.01152	0.01494	0.06217	0.16404	0.30870	0.03473	0.07249	0.13599	0.04547	0.01432	0.00609	0.00493	0.00146	0.00528	0.00535	0.00400	0.00660
1	0.00802	0.00933	0.14385	0.01034	0.08558	0.02808	0.03732	0.01028	0.00956	0.01357	0.04519	0.30605	0.01802	0.01198	0.10043	0.00225	0.00518	0.02653	0.06871	0.05974
2	0.03978	0.30437	0.01626	0.07910	0.05595	0.12026	0.00844	0.05135	0.17381	0.01452	0.01098	0.01184	0.02812	0.00509	0.00422	0.00129	0.02780	0.00373	0.03700	0.00611
3	0.00736	0.00483	0.00591	0.00605	0.00726	0.00432	0.00448	0.00870	0.01064	0.08916	0.14700	0.31210	0.28709	0.01177	0.00558	0.00168	0.00271	0.05629	0.02273	0.00435
4	0.00723	0.00597	0.00728	0.00728	0.00831	0.04776	0.00559	0.00910	0.03580	0.01150	0.01866	0.05411	0.12631	0.07156	0.51061	0.00542	0.00923	0.05104	0.00301	0.00422
5	0.01280	0.01060	0.01121	0.00972	0.01256	0.01214	0.00766	0.17855	0.64325	0.02144	0.01738	0.01612	0.01294	0.00617	0.00472	0.00154	0.00397	0.00504	0.00472	0.00747
6	0.00632	0.00471	0.00589	0.00582	0.00694	0.00429	0.00438	0.00816	0.01206	0.01642	0.52127	0.11386	0.20657	0.01068	0.00559	0.00157	0.00240	0.05403	0.00482	0.00423
7	0.05149	0.04970	0.01352	0.01003	0.01359	0.01362	0.00831	0.61701	0.06984	0.06729	0.01173	0.01164	0.00840	0.00551	0.00448	0.00139	0.00483	0.00414	0.02590	0.00758
8	0.01033	0.01127	0.09312	0.30451	0.33113	0.01070	0.08076	0.04187	0.01062	0.01462	0.04031	0.01266	0.00826	0.00460	0.00472	0.00147	0.00595	0.00436	0.00239	0.00636
9	0.01229	0.59729	0.03528	0.06622	0.01381	0.11395	0.02812	0.01396	0.00991	0.01129	0.00791	0.05635	0.00746	0.00475	0.00351	0.00113	0.00545	0.00339	0.00219	0.00574
10	0.78247	0.00885	0.00694	0.00617	0.00897	0.01019	0.00507	0.04247	0.00855	0.02096	0.00721	0.00832	0.00559	0.00444	0.00297	0.00142	0.00356	0.00270	0.05806	0.00510
11	0.03306	0.00931	0.07852	0.02035	0.04246	0.00792	0.07390	0.04771	0.06042	0.34858	0.02990	0.12255	0.01343	0.00928	0.07864	0.00207	0.00521	0.00580	0.00431	0.00659
12	0.00772	0.00484	0.00610	0.00625	0.00732	0.00444	0.00450	0.00929	0.02700	0.09965	0.18393	0.41343	0.14657	0.01161	0.00550	0.00167	0.00268	0.01027	0.04276	0.00447
13	0.00896	0.00630	0.00632	0.00600	0.00677	0.06237	0.00413	0.02901	0.00900	0.04234	0.03477	0.02438	0.02977	0.40875	0.01396	0.00286	0.03673	0.02442	0.23926	0.00392
14	0.01005	0.04079	0.04820	0.03046	0.02084	0.00837	0.03431	0.12371	0.07163	0.06453	0.17177	0.15105	0.09146	0.03897	0.00645	0.00168	0.05562	0.02054	0.00409	0.00548
15	0.00800	0.00410	0.00614	0.00614	0.00619	0.00414	0.00414	0.00619	0.00614	0.00824	0.00834	0.01438	0.00829	0.01726	0.06492	0.81456	0.00453	0.00410	0.00205	0.00214
16	0.09936	0.01493	0.26387	0.05140	0.12572	0.03651	0.14115	0.01598	0.10214	0.05807	0.02766	0.01210	0.00833	0.00477	0.00470	0.00149	0.01828	0.00419	0.00278	0.00656
17	0.02791	0.00669	0.00776	0.03060	0.00915	0.02613	0.00552	0.11876	0.01087	0.07872	0.01386	0.05939	0.01191	0.05982	0.21672	0.01898	0.00590	0.00500	0.26504	0.02126
18	0.03376	0.17893	0.01398	0.02527	0.07223	0.06135	0.00793	0.14793	0.11953	0.08487	0.09072	0.03719	0.02352	0.00673	0.02192	0.00151	0.02857	0.02185	0.01588	0.00632
19	0.04618	0.06696	0.11398	0.03083	0.05311	0.00935	0.00829	0.04293	0.19024	0.09174	0.06059	0.11528	0.06245	0.00716	0.00491	0.00150	0.02100	0.02458	0.00380	0.04511
20	0.07487	0.13357	0.13494	0.08967	0.10009	0.08317	0.03407	0.08797	0.01121	0.03731	0.01016	0.02902	0.00875	0.02362	0.00470	0.00144	0.00548	0.05775	0.01777	0.05443
21	0.00998	0.12595	0.04360	0.00847	0.02088	0.03397	0.04909	0.04510	0.01047	0.06612	0.04443	0.22806	0.04330	0.02400	0.02765	0.00158	0.00434	0.02106	0.00343	0.18851
22	0.12783	0.16963	0.20263	0.02070	0.05544	0.10878	0.03947	0.10277	0.01151	0.05961	0.02970	0.01040	0.00754	0.00502	0.00444	0.02636	0.00566	0.00351	0.00277	0.00623

[dist]
# distance from previous block
# <min> <max>
4	88

[block]
# block no. 8 follows, 55 sequences, length 17
# corresponding to MSA columns:
# 797-809,811-814
name=unknown_I
#
# <colnr> <probs for GDERKNQSTAVLIFYWHMCP>
#	G	D	E	R	K	N	Q	S	T	A	V	L	I	F	Y	W	H	M	C	P
0	0.07337	0.12305	0.16400	0.02342	0.11354	0.09599	0.04848	0.02994	0.07120	0.05845	0.04443	0.04112	0.02548	0.01680	0.00477	0.00142	0.02072	0.00433	0.00292	0.03660
1	0.08836	0.18447	0.06400	0.08419	0.11332	0.03377	0.03120	0.09003	0.08761	0.05423	0.01036	0.02658	0.00845	0.01984	0.07108	0.00190	0.00570	0.00401	0.00295	0.01797
2	0.02193	0.14062	0.05493	0.04645	0.05034	0.07180	0.01858	0.03597	0.03510	0.04337	0.17401	0.13299	0.09381	0.00794	0.00480	0.00145	0.00421	0.03828	0.00363	0.01979
3	0.10676	0.07762	0.10068	0.06153	0.19411	0.03838	0.01046	0.08048	0.01067	0.06901	0.00926	0.04065	0.00770	0.00539	0.00581	0.00146	0.12486	0.00401	0.00278	0.04838
4	0.06248	0.09377	0.03496	0.08237	0.19520	0.06102	0.02445	0.02917	0.09531	0.01469	0.01338	0.06189	0.04934	0.00720	0.03469	0.00166	0.01716	0.05834	0.00297	0.05998
5	0.07803	0.00715	0.03494	0.02464	0.03130	0.00692	0.00644	0.04998	0.06057	0.10263	0.13499	0.18496	0.06017	0.04835	0.03184	0.00198	0.02963	0.09617	0.00414	0.00515
6	0.04930	0.00848	0.01334	0.20006	0.27061	0.00909	0.04488	0.03520	0.00972	0.02450	0.01213	0.06803	0.03518	0.10553	0.02066	0.03150	0.02753	0.02610	0.00269	0.00548
7	0.00763	0.00466	0.00667	0.00662	0.00702	0.00502	0.00471	0.00770	0.04061	0.00959	0.01057	0.01696	0.01025	0.08504	0.29600	0.46392	0.00699	0.00463	0.00236	0.00305
8	0.07264	0.03999	0.13928	0.22566	0.20412	0.01070	0.01175	0.06541	0.07376	0.01573	0.03310	0.02939	0.00938	0.00576	0.01886	0.00159	0.00551	0.02837	0.00275	0.00623
9	0.00825	0.00725	0.01065	0.11439	0.20161	0.00729	0.03257	0.03156	0.04438	0.01420	0.06222	0.16326	0.24989	0.00866	0.00515	0.00156	0.00395	0.00768	0.02025	0.00524
10	0.01070	0.00873	0.02547	0.06342	0.06538	0.02312	0.04307	0.12742	0.14381	0.06781	0.07439	0.19832	0.08374	0.00832	0.00547	0.00159	0.03215	0.00718	0.00406	0.00588
11	0.06912	0.01260	0.12451	0.07970	0.12854	0.09452	0.03132	0.09056	0.02646	0.21035	0.06087	0.01348	0.01031	0.00523	0.00451	0.00142	0.00528	0.00428	0.02026	0.00667
12	0.01044	0.00990	0.01655	0.34314	0.46377	0.01079	0.01342	0.01381	0.04646	0.01408	0.00903	0.01214	0.00722	0.00445	0.00463	0.00146	0.00571	0.00419	0.00232	0.00650
13	0.01060	0.11085	0.01402	0.01059	0.01154	0.05164	0.00881	0.05965	0.00865	0.01214	0.00782	0.01191	0.00748	0.04934	0.12739	0.00272	0.48331	0.00409	0.00231	0.00515
14	0.04536	0.00592	0.00738	0.04730	0.02728	0.03688	0.00539	0.00865	0.00764	0.01079	0.01259	0.03859	0.01280	0.29056	0.39345	0.02907	0.00841	0.00547	0.00261	0.00386
15	0.00684	0.00478	0.00564	0.00586	0.00622	0.00483	0.00376	0.00805	0.05431	0.01087	0.01852	0.21143	0.04117	0.48802	0.05580	0.00363	0.00431	0.03437	0.02809	0.00349
16	0.04810	0.01187	0.01061	0.02908	0.03406	0.24564	0.00778	0.08252	0.06480	0.09856	0.01444	0.05833	0.01335	0.04825	0.04540	0.00198	0.01861	0.15746	0.00359	0.00556

[dist]
# distance from previous block
# <min> <max>
2	13

[block]
# block no. 9 follows, 55 sequences, length 30
# corresponding to MSA columns:
# 828-857
name=unknown_J
#
# <colnr> <probs for GDERKNQSTAVLIFYWHMCP>
#	G	D	E	R	K	N	Q	S	T	A	V	L	I	F	Y	W	H	M	C	P
0	0.04410	0.06970	0.01094	0.00815	0.01107	0.06931	0.00663	0.05488	0.09837	0.37922	0.13990	0.01874	0.05581	0.00645	0.00463	0.00141	0.00402	0.00520	0.00480	0.00668
1	0.01149	0.04034	0.03994	0.09507	0.33004	0.10059	0.06728	0.03386	0.04706	0.02381	0.02939	0.01268	0.01835	0.00652	0.05128	0.00174	0.03991	0.00425	0.00260	0.04380
2	0.00628	0.00456	0.00594	0.00624	0.00699	0.00429	0.00443	0.00811	0.03188	0.01548	0.41651	0.41121	0.03692	0.01182	0.00568	0.00167	0.00247	0.01060	0.00473	0.00418
3	0.01184	0.01041	0.01165	0.06917	0.08938	0.04996	0.00837	0.10563	0.47127	0.01903	0.07538	0.01711	0.02782	0.00617	0.00475	0.00151	0.00429	0.00516	0.00421	0.00689
4	0.01527	0.00755	0.00890	0.00729	0.00991	0.00744	0.00587	0.14399	0.06107	0.34116	0.01604	0.01572	0.01124	0.00564	0.00415	0.00131	0.00347	0.00451	0.32293	0.00656
5	0.01631	0.00721	0.00929	0.00752	0.01030	0.00668	0.00608	0.05778	0.03933	0.49857	0.09712	0.01793	0.01478	0.00747	0.04282	0.00167	0.00394	0.00501	0.14340	0.00679
