[name]
unknown

[dist]
# distance from previous block
# <min> <max>
9	1017

[block]
# block no. 0 follows, 53 sequences, length 24
# corresponding to MSA columns:
# 1026-1049
name=unknown_A
#
# <colnr> <probs for GDERKNQSTAVLIFYWHMCP>
#	G	D	E	R	K	N	Q	S	T	A	V	L	I	F	Y	W	H	M	C	P
0	0.01010	0.22415	0.34074	0.01231	0.05034	0.01195	0.09642	0.01364	0.01042	0.01425	0.06918	0.05427	0.03464	0.00578	0.00456	0.00144	0.00582	0.03114	0.00259	0.00626
1	0.04310	0.12701	0.26112	0.00976	0.01336	0.04925	0.04894	0.01212	0.01021	0.01404	0.09426	0.09862	0.08101	0.06233	0.04240	0.00198	0.00555	0.01647	0.00299	0.00549
2	0.05770	0.15945	0.23052	0.01183	0.05858	0.11314	0.03648	0.03578	0.10955	0.08493	0.04961	0.01237	0.00972	0.00513	0.00434	0.00140	0.00574	0.00398	0.00309	0.00667
3	0.04472	0.21645	0.07788	0.04248	0.04121	0.16910	0.01959	0.09900	0.01210	0.05283	0.00861	0.00973	0.00685	0.00449	0.00394	0.00117	0.00566	0.00325	0.00282	0.17812
4	0.00612	0.00474	0.00555	0.00560	0.00677	0.00420	0.00408	0.00763	0.01150	0.01505	0.32506	0.17543	0.36982	0.02922	0.00612	0.00169	0.00247	0.01008	0.00471	0.00416
5	0.00684	0.00508	0.00748	0.00748	0.00826	0.00586	0.00572	0.00840	0.00762	0.01094	0.01299	0.01981	0.01240	0.10193	0.74761	0.00743	0.01212	0.00527	0.00259	0.00415
6	0.01170	0.56174	0.28877	0.01001	0.01511	0.01628	0.01137	0.01459	0.00984	0.01256	0.00730	0.00848	0.00611	0.00424	0.00356	0.00119	0.00577	0.00288	0.00204	0.00645
7	0.00991	0.01747	0.45103	0.01171	0.03248	0.01028	0.01282	0.04247	0.18779	0.01700	0.09426	0.04922	0.03048	0.00615	0.00483	0.00155	0.00546	0.00508	0.00325	0.00676
8	0.00664	0.00486	0.00623	0.00593	0.00707	0.00445	0.00443	0.00877	0.01318	0.01843	0.71270	0.05787	0.11134	0.01012	0.00565	0.00152	0.00228	0.00890	0.00517	0.00445
9	0.03113	0.57951	0.04438	0.00870	0.01265	0.03132	0.00828	0.06830	0.09744	0.03283	0.00882	0.00943	0.00735	0.00452	0.00351	0.00114	0.00498	0.00309	0.00269	0.03990
10	0.01016	0.16924	0.66774	0.01265	0.01918	0.01249	0.01597	0.01499	0.01002	0.01444	0.00823	0.00966	0.00607	0.00446	0.00428	0.00143	0.00672	0.00336	0.00202	0.00690
11	0.01146	0.33215	0.31402	0.06111	0.12318	0.02713	0.01287	0.01496	0.02336	0.02725	0.00823	0.00977	0.00655	0.00441	0.00402	0.00131	0.00601	0.00334	0.00220	0.00667
12	0.07874	0.03875	0.45814	0.01431	0.03541	0.02914	0.17928	0.04638	0.04603	0.01633	0.00920	0.01085	0.00674	0.00455	0.00464	0.00151	0.00675	0.00400	0.00243	0.00680
13	0.00683	0.00512	0.00768	0.00768	0.00853	0.00597	0.00597	0.00853	0.00768	0.01110	0.01280	0.01878	0.01195	0.03585	0.81308	0.00768	0.01280	0.00512	0.00256	0.00427
14	0.01452	0.06662	0.02787	0.13332	0.20103	0.12547	0.01063	0.17247	0.04364	0.11093	0.02355	0.02913	0.00906	0.00531	0.00463	0.00142	0.00572	0.00435	0.00341	0.00690
15	0.01344	0.06257	0.06057	0.03242	0.37523	0.02710	0.07139	0.07902	0.05092	0.12171	0.02957	0.01290	0.00915	0.00496	0.00502	0.00145	0.02769	0.00443	0.00318	0.00728
16	0.00682	0.00563	0.00724	0.11192	0.01074	0.00576	0.00581	0.00885	0.04378	0.01367	0.12592	0.25746	0.29630	0.01130	0.00611	0.00173	0.04008	0.03230	0.00415	0.00443
17	0.00838	0.00645	0.00800	0.00840	0.07499	0.04525	0.00569	0.01054	0.01311	0.05556	0.61126	0.05381	0.06171	0.00910	0.00547	0.00150	0.00297	0.00800	0.00486	0.00496
18	0.04079	0.00940	0.01499	0.40239	0.08741	0.02727	0.10451	0.04017	0.01099	0.13599	0.01211	0.05490	0.02712	0.00553	0.00490	0.00156	0.00581	0.00503	0.00306	0.00606
19	0.07591	0.13772	0.14491	0.12963	0.15056	0.07182	0.10339	0.06419	0.02568	0.03989	0.00894	0.01087	0.00692	0.00457	0.00441	0.00142	0.00615	0.00388	0.00259	0.00654
20	0.00974	0.00971	0.04659	0.67475	0.06782	0.01095	0.04804	0.05096	0.01036	0.01352	0.00872	0.01254	0.00654	0.00476	0.00481	0.00157	0.00639	0.00429	0.00228	0.00568
21	0.00873	0.00852	0.01475	0.18177	0.03693	0.03549	0.23530	0.01113	0.01007	0.01319	0.01662	0.29477	0.03812	0.00992	0.04403	0.00201	0.00584	0.02456	0.00316	0.00511
22	0.05220	0.21542	0.22475	0.02751	0.06479	0.09965	0.03187	0.03207	0.01064	0.02952	0.01096	0.08583	0.01019	0.00614	0.00467	0.00146	0.02347	0.06010	0.00268	0.00609
23	0.01189	0.33447	0.24172	0.03437	0.01775	0.05041	0.16121	0.01505	0.01031	0.03668	0.00820	0.00990	0.00651	0.00448	0.00463	0.00135	0.03877	0.00362	0.00225	0.00643

[dist]
# distance from previous block
# <min> <max>
0	2

[block]
# block no. 1 follows, 53 sequences, length 6
# corresponding to MSA columns:
# 1052-1057
name=unknown_B
#
# <colnr> <probs for GDERKNQSTAVLIFYWHMCP>
#	G	D	E	R	K	N	Q	S	T	A	V	L	I	F	Y	W	H	M	C	P
0	0.08094	0.58189	0.06844	0.00864	0.01271	0.04557	0.00847	0.04364	0.01060	0.08944	0.00814	0.00882	0.00668	0.00441	0.00342	0.00115	0.00515	0.00292	0.00260	0.00636
1	0.00738	0.00448	0.00554	0.00554	0.00554	0.00448	0.00330	0.00672	0.00672	0.00896	0.01290	0.02593	0.01448	0.57144	0.02252	0.27828	0.00448	0.00606	0.00263	0.00263
2	0.00601	0.00486	0.00535	0.00522	0.00668	0.00419	0.00392	0.00756	0.01175	0.01495	0.29317	0.04264	0.55425	0.01134	0.00565	0.00158	0.00237	0.00962	0.00471	0.00419
3	0.00697	0.00848	0.15166	0.00708	0.00942	0.00558	0.00666	0.00954	0.01219	0.01673	0.45127	0.03385	0.24355	0.00945	0.00544	0.00154	0.00317	0.00811	0.00445	0.00485
4	0.10212	0.62954	0.09297	0.00870	0.01285	0.06223	0.00878	0.01463	0.00980	0.01269	0.00686	0.00795	0.00603	0.00421	0.00326	0.00113	0.00534	0.00268	0.00216	0.00608
5	0.01208	0.67050	0.10594	0.08694	0.01514	0.01730	0.00966	0.01420	0.00974	0.01175	0.00703	0.00841	0.00615	0.00420	0.00339	0.00113	0.00544	0.00282	0.00205	0.00615

[dist]
# distance from previous block
# <min> <max>
0	4

[block]
# block no. 2 follows, 53 sequences, length 10
# corresponding to MSA columns:
# 1062,1064-1072
name=unknown_C
#
# <colnr> <probs for GDERKNQSTAVLIFYWHMCP>
#	G	D	E	R	K	N	Q	S	T	A	V	L	I	F	Y	W	H	M	C	P
0	0.66780	0.09881	0.04912	0.00684	0.00999	0.01117	0.00608	0.01376	0.00880	0.01986	0.06484	0.00992	0.00825	0.00480	0.00325	0.00143	0.00391	0.00308	0.00298	0.00533
1	0.15041	0.03058	0.14805	0.00936	0.01266	0.00992	0.03108	0.15918	0.09354	0.05133	0.05371	0.13900	0.05787	0.00744	0.00477	0.00158	0.00449	0.02496	0.00387	0.00618
2	0.75051	0.12083	0.00946	0.00654	0.00965	0.01183	0.00558	0.01409	0.00835	0.02007	0.00665	0.00775	0.00531	0.00439	0.00297	0.00142	0.00389	0.00258	0.00283	0.00531
3	0.00683	0.00512	0.00768	0.00768	0.00853	0.00597	0.00597	0.00853	0.00768	0.01110	0.01280	0.01878	0.01195	0.03585	0.81308	0.00768	0.01280	0.00512	0.00256	0.00427
4	0.09834	0.00615	0.00753	0.00677	0.00873	0.00579	0.00535	0.01299	0.01237	0.21586	0.35966	0.06030	0.08530	0.00877	0.00518	0.00156	0.00305	0.06301	0.02787	0.00542
5	0.01196	0.52108	0.28759	0.01022	0.01523	0.05665	0.01142	0.01483	0.01003	0.01258	0.00733	0.00853	0.00611	0.00428	0.00363	0.00120	0.00595	0.00291	0.00206	0.00642
6	0.01290	0.38182	0.11222	0.03232	0.01503	0.20024	0.06336	0.01502	0.01058	0.01216	0.00844	0.01005	0.02499	0.00571	0.02821	0.00145	0.05389	0.00339	0.00224	0.00595
7	0.81249	0.00893	0.00693	0.00631	0.00910	0.01030	0.00513	0.01359	0.00820	0.02087	0.00788	0.05865	0.00681	0.00509	0.00315	0.00151	0.00364	0.00327	0.00305	0.00510
8	0.00880	0.00963	0.11401	0.38425	0.02219	0.00874	0.05491	0.01185	0.01035	0.03345	0.10744	0.09055	0.01550	0.00789	0.02831	0.00183	0.00569	0.07627	0.00302	0.00533
9	0.01105	0.25026	0.53447	0.01202	0.01793	0.06874	0.01444	0.01518	0.01022	0.01381	0.00796	0.00931	0.00608	0.00444	0.00411	0.00136	0.00663	0.00323	0.00206	0.00670

[dist]
# distance from previous block
# <min> <max>
1	2

[block]
# block no. 3 follows, 53 sequences, length 8
# corresponding to MSA columns:
# 1075-1082
name=unknown_D
#
# <colnr> <probs for GDERKNQSTAVLIFYWHMCP>
#	G	D	E	R	K	N	Q	S	T	A	V	L	I	F	Y	W	H	M	C	P
0	0.00801	0.00549	0.05309	0.00638	0.00680	0.00469	0.00460	0.00695	0.00665	0.00897	0.01017	0.01886	0.01066	0.23923	0.01939	0.57583	0.00445	0.00488	0.00230	0.00259
1	0.01351	0.48586	0.06117	0.03809	0.01400	0.05698	0.00898	0.14239	0.10886	0.01568	0.00922	0.00990	0.00751	0.00475	0.00377	0.00122	0.00530	0.00333	0.00286	0.00663
2	0.04572	0.33899	0.11240	0.13289	0.06141	0.01380	0.05887	0.01336	0.00989	0.01334	0.06067	0.03684	0.00966	0.00531	0.00498	0.00139	0.06803	0.00409	0.00242	0.00594
3	0.04380	0.24483	0.09538	0.05800	0.01395	0.04163	0.02778	0.05420	0.01143	0.15921	0.07499	0.03446	0.01150	0.00722	0.05181	0.00169	0.00543	0.00430	0.00335	0.05506
4	0.17597	0.08882	0.09942	0.01067	0.05300	0.01025	0.08349	0.06475	0.01060	0.07231	0.01280	0.12545	0.02947	0.00763	0.03526	0.00174	0.03934	0.01793	0.00322	0.05789
5	0.06347	0.18593	0.08602	0.08998	0.01496	0.07174	0.07067	0.03676	0.01064	0.04493	0.09068	0.06385	0.01257	0.03874	0.01921	0.00167	0.06483	0.00487	0.00294	0.02553
6	0.08637	0.20570	0.10243	0.03912	0.01353	0.06185	0.02823	0.08851	0.01090	0.03648	0.00965	0.03346	0.00822	0.01008	0.14134	0.00234	0.00659	0.00384	0.00278	0.10858
7	0.07451	0.14098	0.12399	0.01026	0.02598	0.03283	0.05162	0.15706	0.01173	0.01657	0.01104	0.04472	0.02558	0.03553	0.14065	0.00255	0.04151	0.00446	0.00295	0.04546

[dist]
# distance from previous block
# <min> <max>
42	89

[block]
# block no. 4 follows, 53 sequences, length 20
# corresponding to MSA columns:
# 1191-1210
name=unknown_E
#
# <colnr> <probs for GDERKNQSTAVLIFYWHMCP>
#	G	D	E	R	K	N	Q	S	T	A	V	L	I	F	Y	W	H	M	C	P
0	0.04214	0.11961	0.05454	0.01428	0.21337	0.02574	0.00971	0.09756	0.15444	0.08026	0.03285	0.05434	0.01151	0.00583	0.00456	0.00143	0.00478	0.02444	0.00357	0.04506
1	0.05215	0.00924	0.09592	0.01043	0.09887	0.03330	0.01719	0.04726	0.02477	0.09226	0.10994	0.24859	0.08040	0.05026	0.00617	0.00177	0.00413	0.00787	0.00397	0.00550
2	0.01451	0.12779	0.15523	0.01313	0.11378	0.05264	0.06236	0.14273	0.01329	0.18362	0.03004	0.01381	0.04508	0.00537	0.00459	0.00141	0.00552	0.00441	0.00357	0.00709
3	0.04482	0.32257	0.09295	0.01074	0.07927	0.04770	0.01836	0.10158	0.03041	0.04420	0.02587	0.04133	0.00909	0.00578	0.02181	0.00139	0.00523	0.00390	0.04749	0.04549
4	0.01145	0.54672	0.19180	0.00920	0.01361	0.01559	0.00984	0.01443	0.04860	0.01277	0.02512	0.02929	0.04417	0.00502	0.00371	0.00121	0.00524	0.00361	0.00240	0.00623
5	0.05978	0.32305	0.12945	0.02141	0.03206	0.07908	0.00943	0.11215	0.04105	0.07707	0.01010	0.05036	0.00839	0.00522	0.00401	0.00130	0.00537	0.00385	0.00302	0.02385
6	0.00793	0.00754	0.04641	0.00679	0.00797	0.08810	0.00506	0.00898	0.00970	0.02619	0.06164	0.21521	0.19510	0.26259	0.01129	0.00257	0.00412	0.02505	0.00371	0.00406
7	0.00637	0.00457	0.00603	0.00678	0.00739	0.00432	0.00492	0.00767	0.01022	0.01371	0.16510	0.48541	0.06125	0.05100	0.00692	0.00202	0.00304	0.14472	0.00451	0.00405
8	0.20933	0.29684	0.06757	0.00963	0.05192	0.06560	0.00832	0.05209	0.01107	0.17317	0.00959	0.01001	0.00721	0.00470	0.00373	0.00130	0.00497	0.00328	0.00319	0.00650
9	0.06494	0.54987	0.07322	0.00953	0.01353	0.12974	0.03406	0.05316	0.01086	0.01324	0.00721	0.00832	0.00621	0.00434	0.00350	0.00115	0.00575	0.00288	0.00230	0.00616
10	0.00594	0.00463	0.00542	0.00584	0.00688	0.00411	0.00423	0.00718	0.01056	0.01344	0.12543	0.33350	0.39182	0.01295	0.00586	0.00175	0.00263	0.04923	0.00453	0.00405
11	0.00594	0.00439	0.00559	0.00648	0.00708	0.00404	0.00455	0.00695	0.00963	0.01250	0.03042	0.61979	0.17602	0.01429	0.00606	0.00190	0.00284	0.07316	0.00443	0.00395
12	0.28963	0.07244	0.08464	0.01034	0.01416	0.08794	0.10639	0.10167	0.01194	0.16354	0.01005	0.01067	0.00723	0.00483	0.00412	0.00144	0.00536	0.00370	0.00344	0.00648
13	0.09346	0.15074	0.41834	0.01254	0.01801	0.05222	0.10173	0.07204	0.01106	0.01607	0.00836	0.00983	0.00628	0.00451	0.00429	0.00142	0.00649	0.00356	0.00238	0.00667
14	0.00634	0.00458	0.00563	0.00601	0.00663	0.00428	0.00411	0.00738	0.00988	0.01315	0.18684	0.32755	0.14588	0.20496	0.01023	0.00244	0.00312	0.04292	0.00424	0.00383
15	0.12374	0.26382	0.08488	0.01084	0.07300	0.06840	0.00911	0.03396	0.08511	0.13624	0.01021	0.01082	0.00784	0.00506	0.00468	0.00137	0.05762	0.00357	0.00314	0.00659
16	0.01481	0.08389	0.08753	0.01081	0.02969	0.05614	0.05161	0.22455	0.09787	0.14525	0.01277	0.03413	0.00974	0.00556	0.00458	0.00138	0.00514	0.01913	0.00394	0.10148
17	0.05252	0.26007	0.13893	0.01061	0.03020	0.13543	0.03810	0.08486	0.06117	0.06718	0.04945	0.01237	0.02933	0.00520	0.00418	0.00132	0.00566	0.00391	0.00306	0.00645
18	0.03203	0.09250	0.13160	0.02995	0.05877	0.04054	0.02369	0.14702	0.07467	0.02870	0.08817	0.07232	0.05617	0.00640	0.00462	0.00140	0.00478	0.00526	0.00354	0.09789
19	0.03974	0.04175	0.08748	0.04758	0.03958	0.05396	0.05662	0.10617	0.05722	0.11113	0.07188	0.07424	0.01343	0.00627	0.00467	0.00141	0.00480	0.02995	0.03786	0.11425

[dist]
# distance from previous block
# <min> <max>
85	239

[block]
# block no. 5 follows, 53 sequences, length 11
# corresponding to MSA columns:
# 1562-1572
name=unknown_F
#
# <colnr> <probs for GDERKNQSTAVLIFYWHMCP>
#	G	D	E	R	K	N	Q	S	T	A	V	L	I	F	Y	W	H	M	C	P
0	0.04860	0.02111	0.06809	0.07143	0.04006	0.02588	0.00761	0.12890	0.01276	0.11741	0.11334	0.07441	0.12319	0.02394	0.00521	0.00151	0.00419	0.00605	0.02476	0.08156
1	0.06383	0.16233	0.01278	0.00848	0.01131	0.06657	0.00695	0.15863	0.06290	0.13953	0.06947	0.12009	0.03651	0.02965	0.00509	0.00151	0.00442	0.00564	0.00406	0.03027
2	0.04211	0.03982	0.06164	0.00956	0.05462	0.02048	0.00757	0.05989	0.18130	0.12857	0.09017	0.08464	0.06113	0.00725	0.00483	0.00149	0.00401	0.03876	0.02157	0.08059
3	0.04185	0.01182	0.07416	0.01022	0.03855	0.04208	0.00850	0.29630	0.09183	0.14680	0.04851	0.01724	0.07441	0.00636	0.00478	0.00146	0.00470	0.02332	0.00441	0.05271
4	0.22672	0.05913	0.08302	0.00839	0.01151	0.06337	0.00743	0.11588	0.05065	0.09155	0.04076	0.01387	0.04492	0.00564	0.00439	0.00140	0.03080	0.00411	0.10637	0.03010
5	0.00815	0.04159	0.00701	0.00625	0.00660	0.00495	0.00434	0.00682	0.00683	0.00898	0.01163	0.01762	0.06272	0.06537	0.06693	0.65997	0.00464	0.00471	0.00231	0.00258
6	0.01205	0.13172	0.17454	0.01396	0.13230	0.10948	0.06748	0.04097	0.11214	0.03506	0.01186	0.07621	0.01026	0.00578	0.00462	0.00144	0.00580	0.02397	0.00298	0.02738
7	0.07939	0.12545	0.08483	0.03494	0.10437	0.03815	0.03773	0.15085	0.10438	0.09871	0.01243	0.01308	0.03848	0.00552	0.00505	0.00146	0.05059	0.00426	0.00348	0.00686
8	0.03650	0.03906	0.07354	0.03070	0.01063	0.00654	0.07263	0.00982	0.01072	0.02943	0.17831	0.11926	0.22834	0.08250	0.00709	0.00189	0.00388	0.05054	0.00391	0.00471
9	0.05643	0.04748	0.09143	0.06429	0.07983	0.04913	0.07937	0.06923	0.13400	0.05794	0.01376	0.01653	0.03910	0.04717	0.04545	0.00196	0.02101	0.02771	0.05197	0.00622
10	0.11401	0.10076	0.20104	0.01123	0.01550	0.15901	0.05655	0.14523	0.06013	0.04269	0.00947	0.01036	0.00714	0.00484	0.00425	0.00137	0.00607	0.00362	0.00303	0.04372

[dist]
# distance from previous block
# <min> <max>
7	58

[block]
# block no. 6 follows, 53 sequences, length 20
# corresponding to MSA columns:
# 1631-1650
name=unknown_G
#
# <colnr> <probs for GDERKNQSTAVLIFYWHMCP>
#	G	D	E	R	K	N	Q	S	T	A	V	L	I	F	Y	W	H	M	C	P
0	0.09231	0.15780	0.12979	0.03274	0.06221	0.03905	0.05749	0.04916	0.05911	0.01648	0.14094	0.04235	0.01423	0.00573	0.00438	0.00136	0.00487	0.00473	0.00317	0.08209
1	0.03587	0.14974	0.12904	0.01112	0.06799	0.07779	0.02279	0.08286	0.17962	0.01636	0.03842	0.06093	0.01172	0.05882	0.00572	0.00162	0.00515	0.00481	0.00330	0.03634
2	0.11275	0.07699	0.07868	0.00860	0.01167	0.08425	0.00752	0.07104	0.05475	0.17961	0.12569	0.03021	0.04722	0.03282	0.00521	0.00155	0.00454	0.03545	0.00406	0.02738
3	0.00921	0.06119	0.16655	0.00946	0.04756	0.03560	0.02240	0.03835	0.01103	0.04877	0.10006	0.17105	0.15338	0.04586	0.00599	0.00169	0.00438	0.02742	0.00365	0.03641
4	0.01209	0.22908	0.31772	0.01067	0.01536	0.09075	0.01146	0.10414	0.02462	0.01572	0.00951	0.03616	0.00773	0.00500	0.00411	0.00131	0.00587	0.00372	0.06012	0.03486
5	0.15761	0.08617	0.19601	0.01295	0.10981	0.01247	0.04842	0.19235	0.06439	0.03875	0.00981	0.01080	0.00736	0.00483	0.00428	0.00142	0.00541	0.00379	0.00318	0.03018
6	0.07211	0.44826	0.14088	0.00994	0.02952	0.03505	0.02031	0.06413	0.11136	0.01501	0.00900	0.00977	0.00731	0.00462	0.00372	0.00125	0.00529	0.00327	0.00266	0.00654
7	0.37476	0.07207	0.12324	0.01247	0.08727	0.06761	0.14170	0.02892	0.00999	0.01763	0.00808	0.01018	0.00641	0.00454	0.00399	0.00146	0.00557	0.01547	0.00264	0.00601
8	0.01337	0.00974	0.01209	0.03779	0.01320	0.01027	0.06334	0.31844	0.09470	0.08903	0.19397	0.02063	0.05721	0.03718	0.00581	0.00162	0.00440	0.00592	0.00465	0.00663
9	0.00624	0.00442	0.00564	0.00642	0.00678	0.00420	0.00433	0.00705	0.00900	0.01192	0.04203	0.53572	0.06481	0.19376	0.01011	0.00253	0.00329	0.07393	0.00411	0.00373
10	0.01006	0.00979	0.01464	0.41628	0.14814	0.06023	0.05356	0.01274	0.00993	0.01311	0.00930	0.03261	0.00782	0.03155	0.03390	0.00178	0.02863	0.00444	0.00237	0.09913
11	0.00708	0.00481	0.00580	0.00609	0.00636	0.00480	0.00406	0.00762	0.00797	0.01054	0.01786	0.06821	0.02026	0.61189	0.01954	0.00397	0.00451	0.18207	0.00330	0.00328
12	0.00708	0.00479	0.00647	0.00647	0.00685	0.00517	0.00446	0.00757	0.00718	0.00996	0.01310	0.02330	0.01366	0.35879	0.37977	0.12536	0.00826	0.00573	0.00263	0.00340
13	0.00776	0.00436	0.00617	0.00622	0.00647	0.00435	0.00425	0.00662	0.00699	0.00924	0.01360	0.03981	0.08322	0.07266	0.08967	0.61078	0.00478	0.01797	0.00249	0.00259
14	0.00684	0.00476	0.00596	0.00645	0.00698	0.00466	0.00436	0.00809	0.06937	0.01186	0.02375	0.44405	0.10872	0.11168	0.01031	0.15112	0.00327	0.01014	0.00388	0.00375
15	0.01255	0.77644	0.08148	0.00857	0.01287	0.01835	0.00886	0.01437	0.00974	0.01153	0.00678	0.00784	0.00613	0.00412	0.00317	0.00106	0.00525	0.00263	0.00204	0.00620
16	0.01578	0.00700	0.00963	0.00803	0.01056	0.00670	0.00648	0.01755	0.01139	0.48513	0.01648	0.01727	0.01187	0.03261	0.23881	0.00333	0.02806	0.00490	0.06185	0.00658
17	0.00862	0.00646	0.00892	0.00836	0.00946	0.00727	0.03310	0.01160	0.12962	0.03420	0.03384	0.10875	0.01476	0.04924	0.29477	0.10744	0.07671	0.02056	0.03161	0.00470
18	0.01014	0.02459	0.75390	0.01353	0.02029	0.06500	0.01709	0.01540	0.01032	0.01491	0.00850	0.00999	0.00606	0.00457	0.00453	0.00149	0.00717	0.00350	0.00205	0.00696
19	0.02689	0.36810	0.13227	0.00987	0.04419	0.02814	0.02943	0.02844	0.01097	0.06292	0.13629	0.02666	0.04357	0.00581	0.00447	0.00131	0.02708	0.00449	0.00302	0.00607

[dist]
# distance from previous block
# <min> <max>
0	5

[block]
# block no. 7 follows, 53 sequences, length 12
# corresponding to MSA columns:
# 1656-1667
name=unknown_H
#
# <colnr> <probs for GDERKNQSTAVLIFYWHMCP>
#	G	D	E	R	K	N	Q	S	T	A	V	L	I	F	Y	W	H	M	C	P
0	0.07588	0.04676	0.07215	0.02319	0.03524	0.16191	0.04022	0.04595	0.01118	0.05474	0.01012	0.01273	0.02032	0.01827	0.00483	0.00126	0.03145	0.03443	0.00294	0.29643
1	0.77282	0.01073	0.00774	0.00695	0.00985	0.09866	0.00562	0.01460	0.00873	0.02038	0.00674	0.00786	0.00528	0.00449	0.00311	0.00145	0.00424	0.00264	0.00290	0.00522
2	0.01146	0.01120	0.09028	0.01063	0.07072	0.04109	0.00842	0.17815	0.21363	0.02013	0.19413	0.02164	0.09365	0.00719	0.00503	0.00151	0.00428	0.00599	0.00433	0.00653
3	0.00625	0.00457	0.00588	0.00617	0.00698	0.00420	0.00439	0.00780	0.01140	0.01558	0.39587	0.37461	0.11413	0.01222	0.00584	0.00170	0.00249	0.01089	0.00483	0.00420
4	0.00719	0.00503	0.00653	0.00651	0.00712	0.00551	0.00469	0.00837	0.00803	0.01169	0.01617	0.07144	0.05407	0.25856	0.34956	0.00500	0.04119	0.00627	0.12317	0.00390
5	0.00597	0.00424	0.00560	0.00662	0.00691	0.00400	0.00444	0.00679	0.00905	0.01206	0.02547	0.74215	0.03041	0.07557	0.00747	0.00215	0.00297	0.03997	0.00432	0.00383
6	0.00681	0.00465	0.00527	0.00528	0.00548	0.00456	0.00310	0.00707	0.00773	0.01025	0.06738	0.05715	0.07769	0.69419	0.02120	0.00413	0.00426	0.00749	0.00321	0.00311
7	0.86579	0.00924	0.00702	0.00629	0.00924	0.01072	0.00518	0.01405	0.00813	0.02144	0.00666	0.00776	0.00518	0.00444	0.00296	0.00148	0.00370	0.00259	0.00296	0.00518
8	0.01147	0.01099	0.01875	0.13127	0.70310	0.01126	0.01449	0.01435	0.01071	0.01518	0.00893	0.01195	0.00742	0.00433	0.00474	0.00144	0.00577	0.00426	0.00233	0.00728
9	0.00712	0.00540	0.00663	0.00627	0.00759	0.00518	0.00471	0.01034	0.09185	0.01829	0.60789	0.06103	0.12976	0.00988	0.00558	0.00154	0.00245	0.00865	0.00510	0.00474
10	0.00970	0.00763	0.03331	0.02654	0.19399	0.00725	0.02269	0.04272	0.00980	0.05965	0.01447	0.15675	0.01453	0.08573	0.10400	0.12091	0.00557	0.05169	0.00318	0.02989
11	0.01193	0.26533	0.01412	0.00819	0.01099	0.07925	0.02014	0.03597	0.10124	0.10051	0.08792	0.06151	0.15264	0.00734	0.00457	0.00140	0.00434	0.02297	0.00378	0.00586

[dist]
# distance from previous block
# <min> <max>
1	15

[block]
# block no. 8 follows, 53 sequences, length 23
# corresponding to MSA columns:
# 1683-1705
name=unknown_I
#
# <colnr> <probs for GDERKNQSTAVLIFYWHMCP>
#	G	D	E	R	K	N	Q	S	T	A	V	L	I	F	Y	W	H	M	C	P
0	0.00941	0.00787	0.05089	0.01002	0.05494	0.00713	0.09534	0.01190	0.01214	0.08623	0.42515	0.02629	0.02828	0.02090	0.00646	0.00160	0.06854	0.02543	0.04611	0.00537
1	0.01796	0.01305	0.01406	0.01085	0.01461	0.01441	0.00894	0.72193	0.06098	0.05608	0.01213	0.01196	0.00858	0.00578	0.00479	0.00145	0.00514	0.00438	0.00482	0.00810
2	0.03365	0.00555	0.00599	0.00547	0.00713	0.00547	0.00424	0.03885	0.02977	0.12261	0.05001	0.01941	0.05614	0.00614	0.00383	0.00124	0.00266	0.00495	0.59176	0.00514
3	0.00892	0.00499	0.00526	0.00512	0.00617	0.00505	0.00374	0.04929	0.01022	0.01680	0.03666	0.02176	0.01442	0.15563	0.00740	0.00182	0.00290	0.03349	0.60600	0.00436
4	0.00719	0.00494	0.00631	0.00616	0.00734	0.00449	0.00460	0.00905	0.01240	0.05432	0.51331	0.16513	0.14177	0.01085	0.00570	0.00161	0.00251	0.03279	0.00502	0.00451
5	0.01079	0.00866	0.01234	0.07488	0.17699	0.00909	0.03763	0.07807	0.09945	0.06979	0.17342	0.02362	0.10080	0.00744	0.00578	0.00159	0.04883	0.05072	0.00396	0.00614
6	0.00652	0.00488	0.00605	0.00576	0.00699	0.00441	0.00432	0.00855	0.01296	0.01781	0.63709	0.03793	0.20854	0.01028	0.00564	0.00153	0.00229	0.00896	0.00508	0.00441
7	0.01198	0.18391	0.06645	0.05278	0.37374	0.05735	0.08648	0.01495	0.03288	0.01418	0.00857	0.01091	0.00715	0.00458	0.00509	0.00140	0.05451	0.00396	0.00233	0.00679
8	0.20458	0.04751	0.01223	0.01060	0.01319	0.58347	0.00812	0.01757	0.01211	0.01402	0.00745	0.00868	0.00613	0.00481	0.00394	0.00128	0.00722	0.00299	0.02867	0.00545
9	0.00606	0.00485	0.00547	0.00573	0.00706	0.00427	0.00439	0.00746	0.01093	0.01357	0.10904	0.14423	0.52776	0.01241	0.00584	0.00173	0.00273	0.11785	0.00451	0.00411
10	0.01002	0.08009	0.22456	0.01203	0.01595	0.05551	0.19370	0.01323	0.01040	0.01449	0.01265	0.12311	0.01164	0.00681	0.01849	0.00159	0.00590	0.04163	0.10056	0.04765
11	0.00913	0.00860	0.01452	0.79248	0.06020	0.01065	0.01332	0.01230	0.00960	0.01233	0.00851	0.01271	0.00641	0.00476	0.00478	0.00159	0.00635	0.00425	0.00213	0.00539
12	0.01120	0.01103	0.06309	0.10376	0.16875	0.09928	0.03329	0.04935	0.08014	0.01636	0.05266	0.01509	0.01964	0.00551	0.00481	0.00140	0.03397	0.00456	0.22011	0.00598
13	0.00613	0.00457	0.00573	0.00628	0.00710	0.00417	0.00452	0.00745	0.01061	0.01398	0.19269	0.42463	0.20904	0.01310	0.00594	0.00180	0.00271	0.07087	0.00461	0.00409
14	0.00687	0.00494	0.00678	0.00678	0.00732	0.00549	0.00485	0.00796	0.00741	0.01043	0.01363	0.02334	0.01393	0.32624	0.52540	0.00657	0.00982	0.00579	0.00268	0.00377
15	0.00870	0.00505	0.00637	0.00631	0.00719	0.00470	0.00431	0.00963	0.00981	0.13354	0.12921	0.30635	0.05615	0.27695	0.01171	0.00267	0.00349	0.00928	0.00428	0.00431
16	0.00614	0.00456	0.00604	0.00717	0.02978	0.00424	0.00482	0.00725	0.00981	0.01302	0.08803	0.62348	0.11188	0.01388	0.00600	0.00187	0.00286	0.05064	0.00444	0.00408
17	0.01054	0.00848	0.00998	0.00716	0.01137	0.00641	0.00574	0.01265	0.01012	0.05854	0.00906	0.01026	0.00734	0.00367	0.00361	0.00075	0.00357	0.00294	0.00300	0.81485
18	0.01065	0.03529	0.01448	0.66956	0.02937	0.08575	0.01241	0.03567	0.01045	0.03926	0.00877	0.01228	0.00658	0.00484	0.00468	0.00153	0.00643	0.00411	0.00236	0.00553
19	0.02831	0.07906	0.32277	0.02628	0.10197	0.01151	0.05667	0.08944	0.07815	0.03938	0.02504	0.03536	0.00890	0.00516	0.00472	0.00144	0.01862	0.00427	0.00290	0.06005
20	0.04405	0.03417	0.01273	0.01196	0.09812	0.04588	0.02698	0.19259	0.18984	0.01855	0.01293	0.01564	0.01067	0.03053	0.16601	0.00283	0.05044	0.02602	0.00360	0.00648
21	0.00967	0.00968	0.04091	0.24697	0.11872	0.07620	0.02375	0.03875	0.01123	0.01468	0.15076	0.08729	0.06627	0.00740	0.00571	0.00159	0.04958	0.03220	0.00324	0.00543
22	0.00864	0.00699	0.00917	0.01878	0.06055	0.00735	0.02478	0.05899	0.08240	0.01520	0.15573	0.15810	0.07173	0.14337	0.03970	0.00236	0.06820	0.02932	0.00387	0.03475

[dist]
# distance from previous block
# <min> <max>
0	45

[block]
# block no. 9 follows, 53 sequences, length 10
# corresponding to MSA columns:
# 1752-1761
name=unknown_J
#
# <colnr> <probs for GDERKNQSTAVLIFYWHMCP>
#	G	D	E	R	K	N	Q	S	T	A	V	L	I	F	Y	W	H	M	C	P
0	0.01068	0.00774	0.06245	0.00905	0.01137	0.00636	0.06730	0.01283	0.01117	0.18159	0.07232	0.13669	0.04996	0.05611	0.00671	0.00193	0.00434	0.24473	0.00432	0.04233
1	0.01254	0.04696	0.06546	0.01260	0.12563	0.01053	0.02594	0.22955	0.08265	0.06040	0.05736	0.04313	0.04368	0.00753	0.00517	0.00161	0.00481	0.15372	0.00408	0.00664
2	0.10444	0.49702	0.06672	0.04531	0.04180	0.04482	0.02343	0.03328	0.01041	0.04099	0.04689	0.01011	0.00829	0.00460	0.00360	0.00121	0.00516	0.00325	0.00254	0.00612
3	0.00645	0.00474	0.00606	0.00611	0.00710	0.00434	0.00449	0.00826	0.01215	0.01671	0.51324	0.21763	0.12832	0.01133	0.00577	0.00164	0.00246	0.03393	0.00495	0.00431
4	0.00868	0.00729	0.01107	0.01312	0.19292	0.00819	0.00830	0.03653	0.00894	0.01281	0.01213	0.06418	0.01166	0.06243	0.43370	0.00498	0.08986	0.00539	0.00267	0.00517
5	0.01310	0.22185	0.19983	0.01411	0.13129	0.13330	0.05465	0.05318	0.03617	0.05373	0.00933	0.01120	0.00748	0.00485	0.00451	0.00136	0.02146	0.01930	0.00263	0.00667
6	0.00985	0.09241	0.74191	0.01317	0.01998	0.01175	0.01687	0.01507	0.01006	0.01481	0.00842	0.00989	0.00606	0.00450	0.00442	0.00147	0.00690	0.00345	0.00202	0.00699
7	0.00682	0.00494	0.00551	0.00547	0.00627	0.00472	0.00365	0.00822	0.04401	0.01274	0.13631	0.08310	0.23530	0.36473	0.01358	0.00290	0.00342	0.00826	0.04628	0.00378
8	0.04321	0.24203	0.06878	0.10252	0.01567	0.15867	0.03734	0.04249	0.01149	0.13974	0.01136	0.01226	0.04156	0.00520	0.00447	0.00134	0.02759	0.00386	0.02422	0.00620
9	0.05247	0.16530	0.11734	0.04739	0.07586	0.11697	0.08582	0.08401	0.05086	0.06677	0.02065	0.01112	0.00790	0.00473	0.00429	0.00132	0.00585	0.00380	0.00294	0.07461

[dist]
# distance from previous block
# <min> <max>
0	1

[block]
# block no. 10 follows, 53 sequences, length 22
# corresponding to MSA columns:
# 1763-1776,1791-1798
name=unknown_K
#
# <colnr> <probs for GDERKNQSTAVLIFYWHMCP>
#	G	D	E	R	K	N	Q	S	T	A	V	L	I	F	Y	W	H	M	C	P
0	0.00732	0.00600	0.01915	0.00770	0.04087	0.01858	0.01848	0.00877	0.01051	0.03495	0.15976	0.23368	0.24446	0.07048	0.03135	0.00210	0.03480	0.04243	0.00417	0.00443
1	0.01191	0.00721	0.00960	0.11572	0.01327	0.00735	0.00747	0.09950	0.04103	0.20299	0.02069	0.23549	0.04020	0.00971	0.00551	0.00176	0.00418	0.15609	0.00453	0.00579
2	0.01423	0.08358	0.08309	0.03438	0.03503	0.16558	0.04115	0.16735	0.12398	0.08484	0.04247	0.06250	0.01134	0.00599	0.00466	0.00143	0.00560	0.00480	0.00369	0.02431
3	0.02833	0.04700	0.05272	0.10042	0.39862	0.10438	0.08325	0.01519	0.01093	0.04935	0.00898	0.01142	0.00722	0.00458	0.00503	0.00143	0.03564	0.00410	0.00250	0.02893
4	0.00760	0.00620	0.00793	0.00796	0.00853	0.02822	0.00597	0.00911	0.02890	0.01240	0.05656	0.30522	0.02075	0.08590	0.18774	0.00340	0.13798	0.04733	0.02800	0.00432
5	0.18982	0.01458	0.03047	0.05495	0.30239	0.25099	0.03900	0.03684	0.01137	0.01586	0.00809	0.01007	0.00657	0.00456	0.00427	0.00139	0.00628	0.00360	0.00257	0.00633
6	0.00682	0.00519	0.00596	0.00590	0.00728	0.00475	0.00437	0.00911	0.06366	0.03539	0.26028	0.16857	0.38249	0.01136	0.00565	0.00163	0.00256	0.00979	0.00474	0.00449
7	0.12063	0.09541	0.06465	0.01181	0.08954	0.04331	0.03034	0.14590	0.07467	0.01791	0.01316	0.04182	0.01212	0.00707	0.00549	0.00162	0.05963	0.15529	0.00344	0.00619
8	0.02688	0.02977	0.22865	0.01538	0.18109	0.10517	0.04880	0.08911	0.08340	0.01633	0.01145	0.02863	0.00977	0.05151	0.00586	0.00168	0.00607	0.05091	0.00294	0.00661
9	0.00737	0.00536	0.00669	0.00650	0.00669	0.00590	0.00437	0.00766	0.00735	0.01002	0.01539	0.05317	0.04825	0.52806	0.09723	0.05565	0.10284	0.02527	0.00287	0.00337
10	0.01147	0.01066	0.01612	0.23863	0.41410	0.04399	0.01262	0.08998	0.01186	0.01604	0.05181	0.04126	0.01007	0.00524	0.00483	0.00148	0.00566	0.00477	0.00277	0.00664
11	0.05464	0.00895	0.00986	0.00843	0.01104	0.00949	0.00690	0.29944	0.07111	0.09769	0.01882	0.02300	0.08741	0.00746	0.00482	0.00153	0.00406	0.12155	0.14741	0.00638
12	0.01204	0.01034	0.01689	0.20626	0.49814	0.01084	0.01318	0.03052	0.04689	0.08014	0.01047	0.01332	0.00829	0.00478	0.00478	0.00149	0.00559	0.01618	0.00280	0.00706
13	0.01011	0.00862	0.03503	0.03506	0.20008	0.00750	0.00834	0.01248	0.02899	0.05347	0.06088	0.05859	0.02600	0.02378	0.02656	0.04121	0.00448	0.05580	0.00320	0.29985
14	0.00832	0.00661	0.03334	0.00715	0.00888	0.00603	0.03769	0.07219	0.03224	0.01962	0.57163	0.02956	0.03490	0.00849	0.00526	0.00146	0.00292	0.00746	0.10123	0.00503
15	0.01133	0.01256	0.14215	0.04100	0.23948	0.02457	0.01115	0.08364	0.23347	0.01754	0.03861	0.07845	0.01241	0.00640	0.00519	0.02132	0.00503	0.00532	0.00347	0.00691
16	0.01036	0.00975	0.01648	0.35070	0.43052	0.01064	0.01354	0.01328	0.01025	0.01403	0.00959	0.01417	0.00805	0.00583	0.03008	0.00172	0.00613	0.03613	0.00236	0.00641
17	0.01312	0.02381	0.06999	0.07747	0.35436	0.16796	0.05356	0.09525	0.01222	0.01572	0.00883	0.01120	0.00716	0.00544	0.02187	0.00157	0.04705	0.00405	0.00258	0.00678
18	0.00677	0.00501	0.00730	0.00737	0.00810	0.00570	0.00557	0.00825	0.00771	0.01099	0.01393	0.07406	0.01380	0.11309	0.68135	0.00700	0.01133	0.00587	0.00272	0.00411
19	0.04250	0.00805	0.01031	0.00808	0.01144	0.00730	0.00663	0.07541	0.01370	0.61839	0.01973	0.01779	0.06401	0.00625	0.00470	0.00146	0.00390	0.00504	0.06781	0.00751
20	0.00753	0.00565	0.00647	0.06015	0.00771	0.02997	0.00414	0.00788	0.00736	0.00968	0.01402	0.02823	0.01575	0.69637	0.05035	0.00435	0.03185	0.00650	0.00279	0.00326
21	0.01055	0.12225	0.59100	0.01268	0.01854	0.05495	0.01524	0.01538	0.03808	0.01442	0.00852	0.01002	0.00639	0.00482	0.00506	0.00148	0.05821	0.00350	0.00215	0.00677

[dist]
# distance from previous block
# <min> <max>
5	10

[block]
# block no. 11 follows, 53 sequences, length 12
# corresponding to MSA columns:
# 1810-1821
name=unknown_L
#
# <colnr> <probs for GDERKNQSTAVLIFYWHMCP>
#	G	D	E	R	K	N	Q	S	T	A	V	L	I	F	Y	W	H	M	C	P
0	0.02444	0.01878	0.47215	0.03684	0.09095	0.03214	0.04021	0.05081	0.07863	0.01624	0.01105	0.01244	0.02885	0.00505	0.00476	0.00150	0.01919	0.00409	0.04507	0.00682
1	0.13905	0.05346	0.01370	0.01030	0.01371	0.10302	0.06492	0.35183	0.03820	0.09250	0.01110	0.01156	0.00810	0.00528	0.00435	0.00140	0.00526	0.00402	0.06131	0.00693
2	0.01054	0.28978	0.28033	0.01110	0.03085	0.03054	0.06469	0.01351	0.00963	0.01292	0.00870	0.01126	0.00735	0.02777	0.11449	0.02657	0.00700	0.00364	0.00220	0.03714
3	0.00734	0.00505	0.00737	0.00728	0.00816	0.00554	0.00556	0.00877	0.00870	0.03555	0.13676	0.05046	0.01755	0.02841	0.56309	0.08142	0.00976	0.00589	0.00311	0.00421
4	0.00628	0.00460	0.00640	0.00718	0.00768	0.00435	0.02456	0.00737	0.00947	0.01262	0.04932	0.64639	0.03019	0.05489	0.00704	0.00209	0.00319	0.10808	0.00433	0.00398
5	0.01081	0.01743	0.37736	0.02220	0.44713	0.01124	0.01603	0.01488	0.01052	0.01540	0.00880	0.01104	0.00688	0.00439	0.00465	0.00146	0.00631	0.00393	0.00221	0.00734
6	0.00649	0.00476	0.00588	0.00581	0.00691	0.00432	0.00428	0.00833	0.01225	0.01688	0.50984	0.14804	0.19481	0.01081	0.00562	0.00157	0.00236	0.00947	0.03724	0.00432
7	0.00953	0.00938	0.01104	0.25897	0.05831	0.13526	0.00902	0.01148	0.01047	0.01306	0.09258	0.23156	0.01801	0.00864	0.00596	0.00167	0.06002	0.04685	0.00323	0.00496
8	0.00676	0.00505	0.00753	0.00761	0.00842	0.00583	0.00587	0.00840	0.00778	0.01117	0.01374	0.07513	0.01332	0.03440	0.75695	0.00728	0.01210	0.00571	0.00269	0.00424
9	0.10897	0.06576	0.01198	0.00845	0.01223	0.03382	0.00695	0.24512	0.01375	0.06100	0.01004	0.03197	0.00799	0.00480	0.00397	0.00112	0.00433	0.00362	0.00357	0.36057
10	0.06998	0.00661	0.00847	0.00741	0.00930	0.00663	0.00567	0.03843	0.01013	0.29198	0.01501	0.01984	0.01260	0.20815	0.26400	0.00417	0.00697	0.00524	0.00392	0.00549
11	0.01244	0.14981	0.17007	0.03936	0.20219	0.06452	0.04045	0.09321	0.12902	0.01643	0.01018	0.01150	0.00798	0.00493	0.00475	0.00142	0.02792	0.00399	0.00285	0.00699

[dist]
# distance from previous block
# <min> <max>
6	22

[block]
# block no. 12 follows, 53 sequences, length 40
# corresponding to MSA columns:
# 1855-1894
name=unknown_M
#
# <colnr> <probs for GDERKNQSTAVLIFYWHMCP>
#	G	D	E	R	K	N	Q	S	T	A	V	L	I	F	Y	W	H	M	C	P
0	0.00790	0.00648	0.01931	0.03808	0.06420	0.00651	0.03734	0.02803	0.05516	0.03008	0.03189	0.49046	0.04479	0.03179	0.04067	0.00213	0.04629	0.01014	0.00394	0.00481
1	0.01248	0.01206	0.05276	0.09584	0.37274	0.03060	0.06173	0.13693	0.11249	0.01804	0.01077	0.01262	0.00840	0.00485	0.00475	0.00146	0.00562	0.00442	0.01877	0.02268
2	0.70964	0.00907	0.00762	0.00672	0.00959	0.01036	0.00551	0.05540	0.00902	0.03702	0.00774	0.00915	0.00610	0.00727	0.07399	0.00200	0.00458	0.00295	0.00308	0.02318
3	0.01206	0.12547	0.33635	0.05894	0.08536	0.05756	0.03322	0.06443	0.02188	0.07687	0.01014	0.04265	0.00799	0.00505	0.00445	0.00141	0.00605	0.00407	0.00274	0.04333
4	0.01329	0.01066	0.01143	0.00996	0.01269	0.02884	0.00786	0.09417	0.59765	0.08407	0.01766	0.01650	0.01312	0.00645	0.00546	0.00161	0.05124	0.00513	0.00473	0.00749
5	0.00677	0.00468	0.00527	0.00527	0.00553	0.00461	0.00313	0.00701	0.00752	0.00985	0.01954	0.03275	0.12457	0.68470	0.05624	0.00435	0.00469	0.00730	0.00309	0.00311
6	0.01670	0.01202	0.04640	0.03265	0.01428	0.01248	0.00883	0.52180	0.01850	0.13120	0.01240	0.01274	0.00884	0.00676	0.03175	0.00166	0.03519	0.00437	0.06390	0.00752
7	0.01264	0.01010	0.01350	0.10455	0.04538	0.05123	0.00984	0.01422	0.00935	0.15795	0.00954	0.01218	0.00770	0.00701	0.01074	0.00180	0.45980	0.00427	0.05237	0.00583
8	0.00738	0.00529	0.00633	0.00610	0.00750	0.00488	0.00456	0.00983	0.06144	0.05685	0.38421	0.13764	0.26858	0.01073	0.00561	0.00160	0.00256	0.00931	0.00492	0.00467
9	0.00679	0.00457	0.00526	0.00542	0.00546	0.00453	0.00312	0.00691	0.00727	0.00969	0.01669	0.14629	0.01943	0.71421	0.02170	0.00425	0.00437	0.00791	0.00312	0.00304
10	0.82418	0.00991	0.00734	0.00658	0.00951	0.05008	0.00538	0.01430	0.00840	0.02097	0.00669	0.00781	0.00522	0.00446	0.00302	0.00147	0.00394	0.00261	0.00293	0.00519
11	0.04227	0.01020	0.01108	0.00954	0.01253	0.01135	0.00755	0.10072	0.56288	0.14968	0.01814	0.01661	0.01318	0.00625	0.00478	0.00157	0.00397	0.00510	0.00496	0.00764
12	0.05910	0.01905	0.01347	0.03098	0.01479	0.55842	0.02223	0.08839	0.06104	0.01443	0.00844	0.00971	0.00683	0.00531	0.00521	0.00137	0.06909	0.00346	0.00281	0.00587
13	0.01217	0.01022	0.01127	0.01003	0.02684	0.04022	0.03803	0.07633	0.53109	0.04168	0.08879	0.01832	0.01599	0.00647	0.00485	0.00155	0.00406	0.00546	0.04957	0.00706
14	0.06530	0.01403	0.01319	0.02977	0.01449	0.15483	0.00867	0.45871	0.09719	0.06623	0.01157	0.01167	0.00841	0.00555	0.00459	0.00141	0.00555	0.00410	0.00424	0.02051
15	0.01350	0.00770	0.00941	0.00796	0.01046	0.00735	0.00623	0.16417	0.01335	0.25387	0.04764	0.19291	0.05394	0.04756	0.02284	0.00179	0.00401	0.02805	0.01905	0.08820
16	0.00640	0.00449	0.00563	0.00628	0.00657	0.00435	0.00410	0.00726	0.02120	0.01168	0.05056	0.49183	0.02693	0.28692	0.01216	0.00283	0.00345	0.03974	0.00396	0.00365
17	0.00959	0.02472	0.80726	0.01362	0.02069	0.01110	0.01766	0.01514	0.01009	0.01514	0.00858	0.01009	0.00605	0.00454	0.00454	0.00151	0.00706	0.00353	0.00202	0.00706
18	0.00958	0.00855	0.01325	0.08139	0.01473	0.04138	0.18218	0.05797	0.01074	0.04525	0.01811	0.36229	0.04483	0.00963	0.00648	0.00176	0.07440	0.00872	0.00358	0.00520
19	0.00655	0.00446	0.00533	0.00573	0.00583	0.00436	0.00345	0.00684	0.00774	0.01032	0.01910	0.31659	0.02247	0.53977	0.01781	0.00367	0.00397	0.00932	0.00345	0.00325
20	0.00639	0.00467	0.00598	0.00646	0.00715	0.00443	0.00451	0.00816	0.04152	0.01467	0.27217	0.49044	0.06602	0.03626	0.00641	0.00185	0.00269	0.01136	0.00467	0.00420
21	0.00601	0.00450	0.00561	0.00635	0.00709	0.00411	0.00453	0.00715	0.01003	0.01301	0.08030	0.51084	0.22729	0.01376	0.00600	0.00185	0.00280	0.08029	0.00449	0.00401
22	0.01184	0.09765	0.18134	0.01599	0.22538	0.09712	0.05846	0.06491	0.02259	0.01461	0.00917	0.02531	0.00767	0.00643	0.00650	0.12220	0.00599	0.00406	0.01660	0.00618
23	0.00997	0.00972	0.01593	0.55528	0.20178	0.03716	0.05349	0.01300	0.01006	0.01311	0.00910	0.03387	0.00734	0.00490	0.00483	0.00155	0.00629	0.00453	0.00226	0.00584
24	0.01271	0.01325	0.01752	0.15383	0.48067	0.17004	0.03347	0.03494	0.01150	0.01465	0.00867	0.01136	0.00710	0.00451	0.00468	0.00142	0.00643	0.00406	0.00241	0.00679
25	0.00591	0.00475	0.00521	0.00537	0.00664	0.00413	0.00393	0.00714	0.01070	0.01329	0.11706	0.16443	0.54589	0.05258	0.00666	0.00182	0.00263	0.03341	0.00444	0.00401
26	0.00964	0.00838	0.01364	0.06452	0.35226	0.00848	0.03315	0.01217	0.01078	0.01466	0.01664	0.03175	0.01690	0.02764	0.00608	0.00187	0.00517	0.35711	0.00330	0.00584
27	0.86579	0.00924	0.00702	0.00629	0.00924	0.01072	0.00518	0.01405	0.00813	0.02144	0.00666	0.00776	0.00518	0.00444	0.00296	0.00148	0.00370	0.00259	0.00296	0.00518
28	0.00991	0.00850	0.00991	0.00708	0.01133	0.00637	0.00566	0.01203	0.00991	0.01557	0.00850	0.00991	0.00708	0.00354	0.00354	0.00071	0.00354	0.00283	0.00283	0.86124
29	0.12961	0.00712	0.00708	0.00624	0.00820	0.00767	0.00493	0.18431	0.01249	0.02092	0.01338	0.01503	0.01035	0.00610	0.02095	0.00138	0.00333	0.00418	0.53136	0.00537
30	0.00830	0.00415	0.00623	0.00623	0.00623	0.00415	0.00415	0.00623	0.00623	0.00830	0.00830	0.01453	0.00830	0.01660	0.01868	0.86094	0.00415	0.00415	0.00208	0.00208
31	0.00589	0.00429	0.00557	0.00654	0.00700	0.00397	0.00448	0.00683	0.00947	0.01246	0.04108	0.70854	0.10956	0.01453	0.00607	0.00191	0.00279	0.04066	0.00445	0.00393
32	0.01290	0.21137	0.23192	0.02983	0.15234	0.03591	0.07321	0.13594	0.01240	0.04770	0.00910	0.01050	0.00699	0.00460	0.00436	0.00137	0.00607	0.00376	0.00272	0.00702
33	0.00594	0.00474	0.00529	0.00538	0.00665	0.00412	0.00393	0.00729	0.01111	0.01407	0.20546	0.16625	0.50333	0.02723	0.00606	0.00170	0.00248	0.01027	0.00459	0.00409
34	0.02743	0.02260	0.12099	0.07026	0.32778	0.01169	0.03610	0.17508	0.05440	0.04957	0.01050	0.01233	0.00810	0.00636	0.04437	0.00177	0.00604	0.00429	0.00309	0.00724
35	0.15146	0.13848	0.01393	0.01202	0.12065	0.25636	0.00844	0.04335	0.05240	0.04628	0.01005	0.02556	0.00870	0.04280	0.00502	0.00150	0.00578	0.02971	0.02157	0.00594
36	0.05807	0.00747	0.00895	0.00714	0.01005	0.00656	0.00553	0.01459	0.03881	0.24487	0.01497	0.01785	0.04557	0.15711	0.04752	0.00210	0.00432	0.00467	0.00388	0.29999
37	0.01291	0.17077	0.04967	0.04513	0.06494	0.03796	0.19029	0.18944	0.04207	0.03665	0.07282	0.03159	0.02357	0.00547	0.00474	0.00143	0.00571	0.00489	0.00332	0.00662
38	0.00947	0.04759	0.00965	0.02475	0.03433	0.00727	0.02613	0.06733	0.05253	0.04595	0.08830	0.15199	0.04033	0.19318	0.02992	0.00228	0.00423	0.00676	0.00366	0.15433
39	0.07157	0.05940	0.02756	0.06737	0.01262	0.03595	0.00716	0.15716	0.07157	0.04904	0.10971	0.04184	0.02223	0.00612	0.00439	0.00133	0.00415	0.02053	0.08269	0.14760

[dist]
# distance from previous block
# <min> <max>
0	2

[block]
# block no. 13 follows, 53 sequences, length 16
# corresponding to MSA columns:
# 1897-1912
name=unknown_N
#
# <colnr> <probs for GDERKNQSTAVLIFYWHMCP>
#	G	D	E	R	K	N	Q	S	T	A	V	L	I	F	Y	W	H	M	C	P
0	0.02486	0.01182	0.05169	0.01129	0.06660	0.13645	0.06506	0.12478	0.05768	0.04976	0.12792	0.08062	0.05450	0.00695	0.00509	0.00145	0.01767	0.01997	0.00377	0.08207
1	0.09153	0.01163	0.04606	0.07613	0.08333	0.06815	0.21530	0.01636	0.08479	0.11157	0.01246	0.01377	0.03984	0.00503	0.00488	0.00145	0.01800	0.00462	0.00320	0.09190
2	0.04840	0.01220	0.01535	0.14021	0.11215	0.15201	0.13203	0.03922	0.01132	0.05618	0.00991	0.01190	0.02396	0.00466	0.00473	0.00131	0.02339	0.00403	0.00278	0.19427
3	0.01088	0.00661	0.00797	0.00711	0.00906	0.00636	0.00551	0.06294	0.08790	0.18115	0.23518	0.05856	0.17000	0.07651	0.00694	0.00184	0.00334	0.05171	0.00490	0.00554
4	0.01812	0.01280	0.01390	0.01073	0.01449	0.01403	0.00884	0.68486	0.06125	0.09307	0.01249	0.01219	0.00876	0.00579	0.00479	0.00145	0.00509	0.00440	0.00488	0.00810
