[name]
unknown

[dist]
# distance from previous block
# <min> <max>
0	79

[block]
# block no. 0 follows, 53 sequences, length 35
# corresponding to MSA columns:
# 80-82,84-115
name=unknown_A
#
# <colnr> <probs for GDERKNQSTAVLIFYWHMCP>
#	G	D	E	R	K	N	Q	S	T	A	V	L	I	F	Y	W	H	M	C	P
0	0.05490	0.00780	0.01065	0.00925	0.02694	0.01713	0.08552	0.06859	0.01223	0.03691	0.26013	0.02738	0.02322	0.03330	0.00601	0.00161	0.02190	0.14890	0.00404	0.14357
1	0.00952	0.00903	0.01550	0.55859	0.19379	0.01039	0.05105	0.01251	0.00990	0.01309	0.00986	0.06751	0.00837	0.00532	0.00490	0.00158	0.00607	0.00495	0.00235	0.00575
2	0.01175	0.01130	0.01927	0.04723	0.73492	0.01138	0.03753	0.01498	0.03631	0.01567	0.00934	0.01208	0.00776	0.00434	0.00476	0.00144	0.00570	0.00434	0.00244	0.00748
3	0.01350	0.01095	0.04753	0.02195	0.47735	0.01009	0.08969	0.01631	0.01165	0.18790	0.05623	0.01420	0.01055	0.00492	0.00488	0.00146	0.00542	0.00474	0.00330	0.00739
4	0.00618	0.00473	0.00567	0.00573	0.00686	0.00422	0.00418	0.00779	0.01173	0.01557	0.38033	0.19722	0.30922	0.01163	0.00573	0.00163	0.00242	0.01014	0.00481	0.00422
5	0.01278	0.83490	0.02505	0.00818	0.01227	0.01891	0.00818	0.01431	0.00971	0.01125	0.00664	0.00767	0.00613	0.00409	0.00307	0.00102	0.00511	0.00256	0.00204	0.00613
6	0.01629	0.01724	0.06979	0.01211	0.04467	0.34241	0.02606	0.27270	0.01582	0.04582	0.01054	0.01127	0.02922	0.00527	0.00453	0.00132	0.00662	0.00385	0.00339	0.06109
7	0.00903	0.00850	0.01434	0.82054	0.03292	0.01062	0.01327	0.01221	0.00956	0.01221	0.00850	0.01274	0.00637	0.00478	0.00478	0.00159	0.00637	0.00425	0.00212	0.00531
8	0.00572	0.00482	0.00491	0.00492	0.00645	0.00406	0.00365	0.00692	0.01083	0.01297	0.06776	0.05974	0.74354	0.03490	0.00618	0.00170	0.00248	0.01002	0.00442	0.00401
9	0.00951	0.00866	0.01295	0.45375	0.07009	0.00927	0.01050	0.01240	0.02334	0.01363	0.00901	0.02809	0.00732	0.00467	0.00470	0.00131	0.02777	0.00399	0.00246	0.28657
10	0.01259	0.00770	0.00910	0.00782	0.01028	0.00772	0.00616	0.06379	0.22276	0.22868	0.23502	0.02565	0.12644	0.00793	0.00516	0.00154	0.00335	0.00668	0.00519	0.00645
11	0.00676	0.00480	0.00694	0.00750	0.00816	0.00449	0.04053	0.00788	0.00954	0.04032	0.02524	0.70555	0.02950	0.01402	0.00607	0.00193	0.00318	0.06901	0.00439	0.00419
12	0.00574	0.00485	0.00496	0.00493	0.00651	0.00407	0.00370	0.00703	0.01110	0.01340	0.10669	0.04520	0.74169	0.01192	0.00565	0.00161	0.00241	0.00998	0.00450	0.00407
13	0.01042	0.01922	0.48453	0.19523	0.07069	0.05030	0.04749	0.02610	0.01049	0.02904	0.00880	0.01097	0.00641	0.00462	0.00465	0.00151	0.00686	0.00384	0.00221	0.00664
14	0.01740	0.02196	0.01396	0.01249	0.01505	0.75446	0.03637	0.01919	0.04297	0.01214	0.00792	0.00912	0.00651	0.00495	0.00438	0.00126	0.00842	0.00326	0.00255	0.00565
15	0.71902	0.00967	0.00741	0.00663	0.00942	0.05365	0.00538	0.03515	0.00911	0.02087	0.03514	0.00945	0.00710	0.00475	0.00320	0.00144	0.00387	0.00298	0.05055	0.00521
16	0.00748	0.00506	0.00646	0.00618	0.00747	0.00462	0.00472	0.00951	0.01278	0.06101	0.56307	0.07546	0.13545	0.01025	0.00564	0.00157	0.00254	0.05671	0.01941	0.00461
17	0.03870	0.01113	0.04400	0.07360	0.19605	0.01045	0.28206	0.02733	0.04401	0.16821	0.02605	0.01455	0.03106	0.00497	0.00506	0.00153	0.00600	0.00506	0.00330	0.00690
18	0.01080	0.01530	0.29813	0.01172	0.01584	0.04533	0.08213	0.06230	0.19848	0.03589	0.01486	0.14754	0.01305	0.00695	0.00502	0.00161	0.00551	0.01950	0.00345	0.00658
19	0.20720	0.01147	0.01481	0.20607	0.32883	0.09906	0.02443	0.01440	0.01018	0.01565	0.00813	0.01075	0.00656	0.00456	0.00449	0.00147	0.01950	0.00377	0.00245	0.00622
20	0.01092	0.01112	0.01844	0.03230	0.20244	0.01329	0.16412	0.01302	0.00898	0.01324	0.00763	0.01130	0.00678	0.00647	0.01092	0.00183	0.45448	0.00449	0.00222	0.00602
21	0.00903	0.00850	0.01434	0.82054	0.03292	0.01062	0.01327	0.01221	0.00956	0.01221	0.00850	0.01274	0.00637	0.00478	0.00478	0.00159	0.00637	0.00425	0.00212	0.00531
22	0.03730	0.01305	0.01358	0.01072	0.01430	0.03612	0.00875	0.62481	0.14561	0.02779	0.01253	0.01233	0.00904	0.00580	0.00474	0.00146	0.00508	0.00441	0.00469	0.00790
23	0.00692	0.00483	0.00615	0.00679	0.00728	0.00475	0.00495	0.00791	0.00897	0.01180	0.02208	0.22521	0.04347	0.33613	0.01344	0.00308	0.00407	0.27468	0.00382	0.00368
24	0.00685	0.00466	0.00525	0.00525	0.00540	0.00463	0.00304	0.00699	0.00727	0.00959	0.01752	0.03204	0.07638	0.74779	0.04499	0.00449	0.00470	0.00714	0.00300	0.00302
25	0.00664	0.00483	0.00617	0.00592	0.00699	0.00445	0.00436	0.00864	0.01281	0.01788	0.66649	0.07581	0.10376	0.04634	0.00648	0.00167	0.00240	0.00893	0.00505	0.00437
26	0.00632	0.00483	0.00582	0.00572	0.00695	0.00432	0.00428	0.00810	0.01221	0.01632	0.45829	0.10133	0.30739	0.01107	0.00570	0.00159	0.00241	0.02816	0.00489	0.00429
27	0.00660	0.00486	0.00618	0.00589	0.00705	0.00443	0.00440	0.00869	0.01308	0.01820	0.68600	0.06199	0.13439	0.01021	0.00565	0.00153	0.00229	0.00897	0.00514	0.00443
28	0.86579	0.00924	0.00702	0.00629	0.00924	0.01072	0.00518	0.01405	0.00813	0.02144	0.00666	0.00776	0.00518	0.00444	0.00296	0.00148	0.00370	0.00259	0.00296	0.00518
29	0.01268	0.76465	0.07565	0.00862	0.01287	0.03559	0.00882	0.01447	0.00982	0.01151	0.00679	0.00785	0.00613	0.00414	0.00319	0.00106	0.00531	0.00263	0.00205	0.00618
30	0.01081	0.01047	0.01769	0.25989	0.44380	0.01158	0.04680	0.01358	0.01007	0.01409	0.00854	0.01197	0.00704	0.00491	0.00615	0.00156	0.10792	0.00431	0.00226	0.00656
31	0.43843	0.00964	0.01004	0.00815	0.01146	0.01032	0.03471	0.13934	0.02877	0.22854	0.01123	0.01124	0.00785	0.00509	0.00388	0.00147	0.00417	0.00366	0.02549	0.00650
32	0.01038	0.00995	0.01715	0.43315	0.37984	0.01101	0.04308	0.01344	0.01022	0.01387	0.00876	0.01234	0.00695	0.00452	0.00479	0.00152	0.00612	0.00431	0.00224	0.00637
33	0.01303	0.75623	0.04730	0.00862	0.01268	0.07227	0.00853	0.01466	0.00998	0.01139	0.00675	0.00780	0.00613	0.00416	0.00319	0.00105	0.00541	0.00262	0.00207	0.00612
34	0.01111	0.01120	0.02299	0.01719	0.04434	0.01054	0.57135	0.01457	0.01158	0.06378	0.10392	0.01724	0.04945	0.00529	0.00576	0.00159	0.02274	0.00608	0.00305	0.00622

[dist]
# distance from previous block
# <min> <max>
0	5

[block]
# block no. 1 follows, 53 sequences, length 11
# corresponding to MSA columns:
# 121-123,126-133
name=unknown_B
#
# <colnr> <probs for GDERKNQSTAVLIFYWHMCP>
#	G	D	E	R	K	N	Q	S	T	A	V	L	I	F	Y	W	H	M	C	P
0	0.00643	0.00508	0.00583	0.00570	0.00707	0.00461	0.00425	0.00866	0.05077	0.01580	0.35643	0.09702	0.39290	0.01107	0.00564	0.00159	0.00245	0.00951	0.00480	0.00440
1	0.00800	0.00570	0.00725	0.00632	0.00814	0.00497	0.00483	0.01021	0.01287	0.05375	0.61901	0.03008	0.03661	0.00845	0.00521	0.00136	0.00257	0.00740	0.00484	0.16242
2	0.01172	0.01349	0.01061	0.03397	0.01208	0.35133	0.03098	0.01334	0.02925	0.01246	0.02354	0.04015	0.30670	0.00816	0.00596	0.00150	0.08033	0.00621	0.00326	0.00498
3	0.00582	0.00416	0.00555	0.00666	0.00693	0.00388	0.00444	0.00666	0.00915	0.01220	0.02634	0.82891	0.03161	0.01497	0.00610	0.00194	0.00277	0.01359	0.00444	0.00388
4	0.00996	0.00980	0.01292	0.01138	0.01170	0.05270	0.00933	0.01118	0.00772	0.01142	0.00789	0.01235	0.00762	0.01475	0.20536	0.00338	0.58896	0.00435	0.00222	0.00501
5	0.00945	0.08070	0.01217	0.00978	0.01057	0.05064	0.00795	0.01062	0.00791	0.01111	0.00925	0.01434	0.00895	0.05917	0.30500	0.03686	0.34402	0.00446	0.00232	0.00474
6	0.00642	0.00494	0.00600	0.00658	0.00775	0.00452	0.00521	0.00793	0.01067	0.01344	0.05867	0.19911	0.36470	0.01296	0.00606	0.00187	0.00316	0.27139	0.00445	0.00415
7	0.00648	0.00473	0.00654	0.04604	0.00897	0.00464	0.00573	0.00779	0.00967	0.01277	0.02521	0.58189	0.02931	0.01401	0.00617	0.00199	0.00338	0.21626	0.00432	0.00409
8	0.06687	0.01118	0.01204	0.00988	0.01296	0.01235	0.00804	0.49927	0.11894	0.02552	0.05334	0.06564	0.01344	0.00705	0.00493	0.00155	0.00461	0.06055	0.00466	0.00717
9	0.01340	0.01320	0.01981	0.02255	0.42433	0.09447	0.17599	0.14524	0.01319	0.01759	0.00939	0.01166	0.00745	0.00453	0.00489	0.00144	0.00641	0.00444	0.00279	0.00722
10	0.01603	0.00878	0.02928	0.00874	0.01161	0.00836	0.00719	0.15024	0.06320	0.38256	0.07672	0.04774	0.01580	0.07137	0.00681	0.00181	0.02359	0.05822	0.00503	0.00692

[dist]
# distance from previous block
# <min> <max>
0	1

[block]
# block no. 2 follows, 53 sequences, length 14
# corresponding to MSA columns:
# 135-148
name=unknown_C
#
# <colnr> <probs for GDERKNQSTAVLIFYWHMCP>
#	G	D	E	R	K	N	Q	S	T	A	V	L	I	F	Y	W	H	M	C	P
0	0.03039	0.19197	0.03826	0.11133	0.05319	0.04282	0.05797	0.04880	0.18907	0.04303	0.08414	0.01442	0.01214	0.00540	0.00441	0.00138	0.00495	0.00447	0.00336	0.05850
1	0.00673	0.00502	0.00659	0.00694	0.03034	0.00466	0.00502	0.00865	0.01220	0.01672	0.48405	0.15770	0.13407	0.01105	0.00579	0.00166	0.00268	0.09085	0.00486	0.00443
2	0.01259	0.01110	0.01868	0.07808	0.58398	0.01120	0.07018	0.04823	0.02941	0.07495	0.01009	0.01242	0.00797	0.00451	0.00481	0.00145	0.00572	0.00443	0.00278	0.00740
3	0.01604	0.01024	0.01482	0.01133	0.01487	0.01012	0.15678	0.22576	0.01476	0.28497	0.01445	0.04662	0.01084	0.00608	0.00539	0.00151	0.03641	0.03528	0.02449	0.05925
4	0.01197	0.01320	0.01375	0.46129	0.02447	0.27683	0.01147	0.01433	0.01082	0.01211	0.00886	0.01336	0.00738	0.00548	0.00538	0.00153	0.05676	0.04331	0.00235	0.00533
5	0.01050	0.00938	0.01284	0.01394	0.25524	0.00791	0.00844	0.01285	0.01021	0.01559	0.00865	0.01050	0.00723	0.00376	0.00391	0.00093	0.00420	0.00327	0.00269	0.59797
6	0.01697	0.01443	0.05472	0.01110	0.01484	0.08367	0.00936	0.59140	0.11069	0.02657	0.01190	0.01189	0.00860	0.00569	0.00474	0.00144	0.00547	0.00428	0.00445	0.00778
7	0.00676	0.00489	0.00639	0.00601	0.00714	0.00451	0.00451	0.00902	0.01353	0.01917	0.79969	0.03570	0.04510	0.00977	0.00564	0.00150	0.00225	0.00864	0.00526	0.00451
8	0.00601	0.00429	0.00576	0.00686	0.00722	0.00404	0.00475	0.00697	0.00933	0.01241	0.02624	0.75339	0.03121	0.01480	0.00615	0.00197	0.00293	0.08729	0.00443	0.00393
9	0.00830	0.00415	0.00623	0.00623	0.00623	0.00415	0.00415	0.00623	0.00623	0.00830	0.00830	0.01453	0.00830	0.01660	0.01868	0.86094	0.00415	0.00415	0.00208	0.00208
10	0.01336	0.00583	0.00700	0.00612	0.00816	0.00543	0.00488	0.01545	0.01139	0.30117	0.01723	0.01898	0.01283	0.00606	0.00402	0.00130	0.00299	0.04109	0.51093	0.00578
11	0.00683	0.00512	0.00768	0.00768	0.00853	0.00597	0.00597	0.00853	0.00768	0.01110	0.01280	0.01878	0.01195	0.03585	0.81308	0.00768	0.01280	0.00512	0.00256	0.00427
12	0.01166	0.01119	0.01910	0.07663	0.75622	0.01131	0.01459	0.01452	0.01080	0.01541	0.00896	0.01188	0.00750	0.00429	0.00473	0.00143	0.00572	0.00426	0.00235	0.00744
13	0.01331	0.13077	0.01877	0.02182	0.48513	0.14155	0.01236	0.06672	0.01180	0.01520	0.00848	0.01065	0.00713	0.00457	0.00478	0.00136	0.03227	0.00383	0.00249	0.00700

[dist]
# distance from previous block
# <min> <max>
1	2

[block]
# block no. 3 follows, 53 sequences, length 16
# corresponding to MSA columns:
# 151-166
name=unknown_D
#
# <colnr> <probs for GDERKNQSTAVLIFYWHMCP>
#	G	D	E	R	K	N	Q	S	T	A	V	L	I	F	Y	W	H	M	C	P
0	0.00645	0.00759	0.13927	0.00782	0.00923	0.00509	0.00664	0.00807	0.00931	0.01269	0.02338	0.69233	0.02735	0.01323	0.00584	0.00187	0.00349	0.01191	0.00403	0.00441
1	0.54865	0.04229	0.10527	0.00779	0.01135	0.02938	0.00722	0.01572	0.00947	0.15060	0.00909	0.00974	0.00661	0.00545	0.02285	0.00161	0.00455	0.00314	0.00328	0.00592
2	0.00651	0.00464	0.00516	0.00527	0.00570	0.00441	0.00324	0.00690	0.00815	0.01047	0.02442	0.11761	0.21110	0.54595	0.01785	0.00361	0.00390	0.00841	0.00343	0.00328
3	0.01646	0.01254	0.01338	0.01065	0.01417	0.01403	0.00867	0.57966	0.23187	0.02737	0.01364	0.01320	0.00988	0.00594	0.00480	0.00149	0.00486	0.00460	0.00480	0.00798
4	0.01745	0.01463	0.01384	0.01108	0.01456	0.14762	0.00895	0.57812	0.10225	0.02598	0.01163	0.01167	0.00848	0.00568	0.00471	0.00142	0.00566	0.00421	0.00440	0.00764
5	0.01149	0.01218	0.01449	0.01252	0.01286	0.12640	0.01029	0.01256	0.00819	0.01153	0.00643	0.01020	0.00626	0.00788	0.01409	0.00197	0.70922	0.00403	0.00214	0.00527
6	0.15237	0.00907	0.01392	0.55926	0.15097	0.01075	0.01214	0.01291	0.00953	0.01429	0.00827	0.01177	0.00636	0.00464	0.00447	0.00155	0.00582	0.00397	0.00230	0.00565
7	0.01155	0.01133	0.02011	0.08815	0.64711	0.01139	0.11049	0.01456	0.01083	0.01532	0.00904	0.01203	0.00744	0.00427	0.00485	0.00146	0.00603	0.00443	0.00235	0.00726
8	0.01183	0.01136	0.01940	0.02934	0.80221	0.01136	0.01467	0.01467	0.01088	0.01562	0.00899	0.01183	0.00757	0.00426	0.00473	0.00142	0.00568	0.00426	0.00237	0.00757
9	0.00923	0.00871	0.01471	0.76247	0.08938	0.01067	0.01338	0.01239	0.00965	0.01246	0.00853	0.01268	0.00646	0.00474	0.00478	0.00158	0.00632	0.00425	0.00214	0.00548
10	0.03278	0.01215	0.23571	0.01035	0.01402	0.00808	0.03381	0.04397	0.01174	0.19965	0.01825	0.02855	0.03707	0.00825	0.00539	0.00176	0.00515	0.28309	0.00400	0.00624
11	0.02933	0.01146	0.02998	0.15509	0.41394	0.06362	0.07388	0.01570	0.03863	0.09299	0.01043	0.02556	0.00824	0.00479	0.00478	0.00148	0.00589	0.00449	0.00281	0.00691
12	0.01111	0.01196	0.04596	0.04537	0.37080	0.01124	0.35380	0.01445	0.01090	0.01518	0.01023	0.05753	0.00868	0.00477	0.00520	0.00154	0.00663	0.00536	0.00249	0.00679
13	0.00623	0.00507	0.00611	0.00700	0.05093	0.00453	0.00478	0.00756	0.01058	0.01328	0.07608	0.24773	0.46567	0.01238	0.00578	0.00172	0.00282	0.06315	0.00436	0.00424
14	0.01329	0.01148	0.02051	0.02298	0.43483	0.01118	0.23096	0.05873	0.01201	0.12048	0.01062	0.01270	0.00807	0.00449	0.00500	0.00148	0.00611	0.00472	0.00298	0.00736
15	0.01203	0.01070	0.01704	0.09792	0.53652	0.02979	0.03037	0.05327	0.01174	0.05816	0.07206	0.02777	0.01103	0.00509	0.00485	0.00145	0.00544	0.00479	0.00292	0.00704

[dist]
# distance from previous block
# <min> <max>
2	8

[block]
# block no. 4 follows, 53 sequences, length 90
# corresponding to MSA columns:
# 176-265
name=unknown_E
#
# <colnr> <probs for GDERKNQSTAVLIFYWHMCP>
#	G	D	E	R	K	N	Q	S	T	A	V	L	I	F	Y	W	H	M	C	P
0	0.01239	0.48730	0.26116	0.01025	0.01504	0.07410	0.01116	0.02531	0.01032	0.02935	0.00760	0.00875	0.00626	0.00442	0.00388	0.00122	0.01988	0.00299	0.00219	0.00643
1	0.02742	0.00689	0.00857	0.00782	0.04112	0.00603	0.00576	0.01271	0.04462	0.14952	0.16064	0.12462	0.12088	0.00805	0.00491	0.00138	0.00328	0.02897	0.00431	0.23249
2	0.04862	0.07254	0.15677	0.01493	0.15290	0.37270	0.02244	0.06340	0.01251	0.01465	0.02140	0.01004	0.00713	0.00478	0.00436	0.00133	0.00708	0.00352	0.00255	0.00634
3	0.01160	0.13947	0.24879	0.01722	0.20309	0.02662	0.15289	0.04847	0.07727	0.01568	0.00960	0.01133	0.00745	0.00454	0.00460	0.00144	0.00630	0.00412	0.00254	0.00699
4	0.04650	0.23273	0.26486	0.01070	0.01519	0.05149	0.05693	0.03588	0.01106	0.11238	0.04414	0.05013	0.01045	0.00561	0.00437	0.00141	0.00564	0.03109	0.00300	0.00645
5	0.01318	0.77171	0.02419	0.00844	0.01246	0.04785	0.00825	0.04589	0.01037	0.01203	0.00687	0.00786	0.00622	0.00419	0.00318	0.00105	0.00525	0.00265	0.00217	0.00619
6	0.00999	0.00801	0.00949	0.00710	0.01089	0.00613	0.00559	0.01196	0.01000	0.05115	0.01092	0.09964	0.00997	0.00490	0.00388	0.00088	0.00348	0.00410	0.00315	0.72880
7	0.00695	0.00463	0.00521	0.00521	0.00521	0.00463	0.00290	0.00695	0.00695	0.00927	0.01506	0.03128	0.01738	0.83203	0.02433	0.00463	0.00463	0.00695	0.00290	0.00290
8	0.01139	0.14809	0.56506	0.01238	0.01849	0.01288	0.01488	0.13309	0.01193	0.01683	0.00872	0.00993	0.00638	0.00465	0.00435	0.00143	0.00649	0.00350	0.00245	0.00708
9	0.00826	0.00533	0.00696	0.04400	0.00907	0.00514	0.00531	0.05227	0.01050	0.09506	0.02545	0.60824	0.08011	0.01286	0.00580	0.00183	0.00319	0.01150	0.00450	0.00463
10	0.00690	0.00461	0.00523	0.00528	0.00529	0.00460	0.00297	0.00694	0.00705	0.00940	0.01557	0.06757	0.01802	0.79485	0.02350	0.00451	0.00455	0.00725	0.00297	0.00294
11	0.00670	0.00521	0.00672	0.09470	0.00976	0.00501	0.00524	0.00864	0.01184	0.01592	0.39854	0.10075	0.25322	0.01027	0.00554	0.00158	0.00284	0.02450	0.02862	0.00441
12	0.03696	0.04879	0.07739	0.00957	0.01309	0.01101	0.00835	0.27308	0.13733	0.20691	0.10019	0.02916	0.01409	0.00628	0.00477	0.00148	0.00448	0.00503	0.00471	0.00733
13	0.01435	0.00869	0.01003	0.00855	0.01110	0.03162	0.00671	0.17531	0.11457	0.25939	0.10537	0.17573	0.04095	0.00828	0.00516	0.00158	0.00391	0.00700	0.00505	0.00665
14	0.10869	0.01109	0.01254	0.01068	0.01343	0.04781	0.07922	0.05216	0.50717	0.01911	0.01524	0.01501	0.01158	0.00607	0.00552	0.00162	0.06714	0.00487	0.00410	0.00695
15	0.07217	0.14008	0.01593	0.04880	0.04113	0.32871	0.06923	0.06912	0.11629	0.01505	0.00935	0.01052	0.00749	0.00504	0.00463	0.00136	0.03239	0.00368	0.00287	0.00616
16	0.00575	0.00482	0.00500	0.00502	0.00654	0.00407	0.00374	0.00704	0.01105	0.01342	0.11221	0.07816	0.70276	0.01202	0.00567	0.00162	0.00242	0.01011	0.00451	0.00407
17	0.00978	0.00906	0.01392	0.60844	0.02762	0.01133	0.01213	0.03335	0.10965	0.01358	0.00973	0.01311	0.00745	0.00541	0.00598	0.00165	0.09523	0.00439	0.00254	0.00566
18	0.10080	0.00581	0.00793	0.00775	0.00879	0.00689	0.00609	0.00927	0.00771	0.01224	0.01183	0.01720	0.01095	0.03117	0.68833	0.00675	0.04869	0.00480	0.00258	0.00441
19	0.00915	0.00547	0.00655	0.09435	0.00953	0.00568	0.00505	0.01214	0.05726	0.04751	0.17099	0.02076	0.01826	0.00638	0.00410	0.00129	0.00285	0.00533	0.51248	0.00488
20	0.00668	0.00496	0.00730	0.00747	0.00821	0.00562	0.00567	0.00821	0.00789	0.01122	0.01493	0.14286	0.01508	0.05159	0.67102	0.00673	0.01108	0.00646	0.00286	0.00418
21	0.00683	0.00512	0.00768	0.00768	0.00853	0.00597	0.00597	0.00853	0.00768	0.01110	0.01280	0.01878	0.01195	0.03585	0.81308	0.00768	0.01280	0.00512	0.00256	0.00427
22	0.03437	0.01325	0.04238	0.07269	0.40235	0.11543	0.01218	0.16515	0.02461	0.05747	0.00981	0.01156	0.00762	0.00479	0.00465	0.00142	0.00591	0.00409	0.00305	0.00722
23	0.01043	0.23934	0.60005	0.01218	0.01846	0.01317	0.01515	0.01492	0.00999	0.01411	0.00807	0.00945	0.00608	0.00442	0.00415	0.00138	0.00655	0.00327	0.00203	0.00682
24	0.01365	0.01114	0.01180	0.01008	0.01310	0.01271	0.00799	0.23893	0.57717	0.02284	0.01721	0.01605	0.01278	0.00627	0.00484	0.00157	0.00420	0.00509	0.00484	0.00772
25	0.01044	0.05130	0.30726	0.01243	0.01557	0.01274	0.02792	0.01327	0.00878	0.03321	0.00780	0.01081	0.00661	0.02368	0.01025	0.00180	0.39980	0.00392	0.00221	0.04020
26	0.01226	0.01079	0.01749	0.16345	0.56744	0.02676	0.01350	0.01533	0.03187	0.08021	0.00997	0.01245	0.00787	0.00456	0.00474	0.00146	0.00567	0.00431	0.00269	0.00719
27	0.00590	0.00488	0.00519	0.00518	0.00670	0.00417	0.00393	0.00731	0.01130	0.01391	0.16071	0.04477	0.65502	0.01180	0.00569	0.00162	0.00248	0.04079	0.00456	0.00412
28	0.00582	0.00416	0.00555	0.00666	0.00693	0.00388	0.00444	0.00666	0.00915	0.01220	0.02634	0.82891	0.03161	0.01497	0.00610	0.00194	0.00277	0.01359	0.00444	0.00388
29	0.86579	0.00924	0.00702	0.00629	0.00924	0.01072	0.00518	0.01405	0.00813	0.02144	0.00666	0.00776	0.00518	0.00444	0.00296	0.00148	0.00370	0.00259	0.00296	0.00518
30	0.01599	0.01902	0.01545	0.07383	0.03831	0.54530	0.10307	0.06889	0.04962	0.01388	0.00862	0.01014	0.00686	0.00491	0.00457	0.00134	0.00786	0.00369	0.00269	0.00595
31	0.01189	0.01027	0.01081	0.00973	0.01243	0.01189	0.00757	0.02540	0.79357	0.01999	0.01945	0.01783	0.01459	0.00648	0.00486	0.00162	0.00378	0.00540	0.00486	0.00757
32	0.00689	0.00489	0.00649	0.00649	0.00694	0.00533	0.00449	0.00777	0.00733	0.01022	0.01389	0.02479	0.01456	0.41885	0.43365	0.00622	0.00887	0.00600	0.00272	0.00361
33	0.86579	0.00924	0.00702	0.00629	0.00924	0.01072	0.00518	0.01405	0.00813	0.02144	0.00666	0.00776	0.00518	0.00444	0.00296	0.00148	0.00370	0.00259	0.00296	0.00518
34	0.00760	0.00543	0.00756	0.00850	0.00960	0.00539	0.00735	0.00981	0.01128	0.01483	0.10988	0.05193	0.02943	0.01283	0.00650	0.00212	0.00417	0.68689	0.00450	0.00441
35	0.00830	0.00440	0.00467	0.00489	0.00584	0.00434	0.00356	0.01025	0.00985	0.01671	0.01772	0.17815	0.01608	0.00743	0.00389	0.00128	0.00234	0.00626	0.68972	0.00434
36	0.00623	0.00486	0.00564	0.00545	0.00681	0.00428	0.00409	0.00798	0.01226	0.01615	0.43736	0.04067	0.40930	0.01090	0.00564	0.00156	0.00234	0.00934	0.00486	0.00428
37	0.00582	0.00418	0.00552	0.00660	0.00692	0.00389	0.00441	0.00666	0.00921	0.01222	0.02707	0.80319	0.05686	0.01488	0.00609	0.00193	0.00276	0.01347	0.00444	0.00389
38	0.01128	0.01289	0.02820	0.02015	0.02498	0.01209	0.78485	0.01531	0.01128	0.01531	0.00967	0.01289	0.00725	0.00403	0.00564	0.00161	0.00806	0.00564	0.00242	0.00645
39	0.01278	0.83490	0.02505	0.00818	0.01227	0.01891	0.00818	0.01431	0.00971	0.01125	0.00664	0.00767	0.00613	0.00409	0.00307	0.00102	0.00511	0.00256	0.00204	0.00613
40	0.00695	0.00465	0.00528	0.00528	0.00530	0.00467	0.00297	0.00699	0.00697	0.00931	0.01500	0.03096	0.01724	0.81178	0.04438	0.00471	0.00484	0.00690	0.00289	0.00293
41	0.00959	0.02472	0.80726	0.01362	0.02069	0.01110	0.01766	0.01514	0.01009	0.01514	0.00858	0.01009	0.00605	0.00454	0.00454	0.00151	0.00706	0.00353	0.00202	0.00706
42	0.04912	0.00826	0.01101	0.00847	0.01215	0.00728	0.00700	0.03583	0.01365	0.76672	0.01833	0.01591	0.01155	0.00586	0.00475	0.00148	0.00407	0.00473	0.00580	0.00804
43	0.00591	0.00444	0.00550	0.00622	0.00694	0.00403	0.00436	0.00699	0.00995	0.01289	0.07811	0.54016	0.23738	0.01382	0.00597	0.00184	0.00272	0.04429	0.00448	0.00398
44	0.01189	0.01027	0.01081	0.00973	0.01243	0.01189	0.00757	0.02540	0.79357	0.01999	0.01945	0.01783	0.01459	0.00648	0.00486	0.00162	0.00378	0.00540	0.00486	0.00757
45	0.00991	0.00850	0.00991	0.00708	0.01133	0.00637	0.00566	0.01203	0.00991	0.01557	0.00850	0.00991	0.00708	0.00354	0.00354	0.00071	0.00354	0.00283	0.00283	0.86124
46	0.01785	0.02278	0.01354	0.01231	0.01478	0.81284	0.00924	0.01909	0.01354	0.01170	0.00739	0.00862	0.00616	0.00493	0.00431	0.00123	0.00862	0.00308	0.00246	0.00554
47	0.00599	0.00445	0.00562	0.00650	0.00708	0.00413	0.00450	0.00719	0.02505	0.01256	0.02980	0.65306	0.15758	0.01426	0.00602	0.00189	0.00280	0.04308	0.00444	0.00400
48	0.00595	0.00425	0.00569	0.00680	0.00713	0.00399	0.00466	0.00687	0.00928	0.01234	0.02627	0.77666	0.03134	0.01485	0.00613	0.00196	0.00288	0.06459	0.00443	0.00392
49	0.02144	0.00813	0.01109	0.00850	0.01220	0.00702	0.00702	0.02329	0.01368	0.80552	0.01886	0.01627	0.01183	0.00592	0.00481	0.00148	0.00407	0.00481	0.00592	0.00813
50	0.00913	0.00860	0.01452	0.79139	0.06126	0.01065	0.01333	0.01230	0.00961	0.01234	0.00851	0.01271	0.00642	0.00476	0.00478	0.00159	0.00635	0.00425	0.00213	0.00539
51	0.01189	0.01027	0.01081	0.00973	0.01243	0.01189	0.00757	0.02540	0.79357	0.01999	0.01945	0.01783	0.01459	0.00648	0.00486	0.00162	0.00378	0.00540	0.00486	0.00757
52	0.00602	0.00488	0.00536	0.00531	0.00677	0.00422	0.00402	0.00755	0.01160	0.01463	0.24771	0.04356	0.56951	0.01153	0.00568	0.00161	0.00245	0.03876	0.00466	0.00418
53	0.00959	0.02472	0.80726	0.01362	0.02069	0.01110	0.01766	0.01514	0.01009	0.01514	0.00858	0.01009	0.00605	0.00454	0.00454	0.00151	0.00706	0.00353	0.00202	0.00706
54	0.01189	0.01027	0.01081	0.00973	0.01243	0.01189	0.00757	0.02540	0.79357	0.01999	0.01945	0.01783	0.01459	0.00648	0.00486	0.00162	0.00378	0.00540	0.00486	0.00757
55	0.00673	0.00488	0.00635	0.00598	0.00712	0.00450	0.00449	0.00896	0.01346	0.01899	0.77854	0.03599	0.06636	0.00984	0.00564	0.00151	0.00226	0.00868	0.00524	0.00450
56	0.00987	0.02435	0.78122	0.01354	0.02049	0.01122	0.01738	0.04046	0.01050	0.01563	0.00867	0.01014	0.00612	0.00458	0.00455	0.00151	0.00700	0.00356	0.00211	0.00710
57	0.86579	0.00924	0.00702	0.00629	0.00924	0.01072	0.00518	0.01405	0.00813	0.02144	0.00666	0.00776	0.00518	0.00444	0.00296	0.00148	0.00370	0.00259	0.00296	0.00518
58	0.86579	0.00924	0.00702	0.00629	0.00924	0.01072	0.00518	0.01405	0.00813	0.02144	0.00666	0.00776	0.00518	0.00444	0.00296	0.00148	0.00370	0.00259	0.00296	0.00518
59	0.86579	0.00924	0.00702	0.00629	0.00924	0.01072	0.00518	0.01405	0.00813	0.02144	0.00666	0.00776	0.00518	0.00444	0.00296	0.00148	0.00370	0.00259	0.00296	0.00518
60	0.00649	0.00464	0.00580	0.00641	0.00722	0.00429	0.00458	0.00788	0.02306	0.02920	0.09606	0.49845	0.18694	0.01327	0.00589	0.00182	0.00280	0.06467	0.02638	0.00416
61	0.00631	0.00486	0.00577	0.00557	0.00687	0.00431	0.00416	0.00814	0.01243	0.01660	0.49298	0.05275	0.34043	0.01077	0.00565	0.00155	0.00233	0.00929	0.00493	0.00431
62	0.00660	0.00487	0.00576	0.00556	0.00688	0.00434	0.00416	0.00841	0.01226	0.02734	0.44919	0.06346	0.32925	0.01060	0.00555	0.00154	0.00236	0.00913	0.03837	0.00436
63	0.00593	0.00438	0.00542	0.00617	0.00675	0.00401	0.00420	0.00683	0.00949	0.01233	0.04859	0.56739	0.19613	0.07715	0.00740	0.00207	0.00286	0.02468	0.00434	0.00386
64	0.00582	0.00419	0.00551	0.00657	0.00691	0.00389	0.00440	0.00666	0.00923	0.01223	0.02735	0.79328	0.06659	0.01484	0.00608	0.00193	0.00276	0.01343	0.00444	0.00389
65	0.00582	0.00416	0.00555	0.00666	0.00693	0.00388	0.00444	0.00666	0.00915	0.01220	0.02634	0.82891	0.03161	0.01497	0.00610	0.00194	0.00277	0.01359	0.00444	0.00388
66	0.01080	0.01030	0.01748	0.34653	0.41613	0.01127	0.04753	0.03335	0.01056	0.01449	0.00881	0.01220	0.00705	0.00461	0.00510	0.00152	0.02907	0.00431	0.00232	0.00656
67	0.15717	0.01174	0.01167	0.01028	0.03494	0.05945	0.00796	0.23644	0.35747	0.02226	0.01373	0.01346	0.01029	0.00582	0.00476	0.00153	0.02520	0.00442	0.00424	0.00715
68	0.00704	0.00509	0.00688	0.00775	0.00871	0.00493	0.00635	0.00888	0.01086	0.01426	0.11016	0.22202	0.08529	0.01315	0.00632	0.00203	0.00367	0.46783	0.00450	0.00427
69	0.01577	0.08245	0.03541	0.01225	0.05312	0.25553	0.04167	0.25902	0.15128	0.03047	0.01107	0.01152	0.00843	0.00532	0.00454	0.00138	0.00617	0.00402	0.00360	0.00696
70	0.01817	0.01339	0.01434	0.01100	0.01482	0.01482	0.00908	0.78627	0.02247	0.03012	0.01148	0.01148	0.00813	0.00574	0.00478	0.00143	0.00526	0.00430	0.00478	0.00813
71	0.00582	0.00416	0.00555	0.00666	0.00693	0.00388	0.00444	0.00666	0.00915	0.01220	0.02634	0.82891	0.03161	0.01497	0.00610	0.00194	0.00277	0.01359	0.00444	0.00388
72	0.01163	0.01087	0.01730	0.12932	0.56082	0.01143	0.01326	0.03572	0.13060	0.01621	0.01059	0.01286	0.00850	0.00470	0.00476	0.00147	0.00547	0.00443	0.00278	0.00729
73	0.01236	0.01309	0.02555	0.01932	0.06906	0.03050	0.62110	0.11574	0.01277	0.01718	0.00981	0.01255	0.00736	0.00429	0.00545	0.00157	0.00757	0.00533	0.00272	0.00671
74	0.00582	0.00416	0.00555	0.00666	0.00693	0.00388	0.00444	0.00666	0.00915	0.01220	0.02634	0.82891	0.03161	0.01497	0.00610	0.00194	0.00277	0.01359	0.00444	0.00388
75	0.00714	0.00537	0.00782	0.00770	0.00848	0.00634	0.00597	0.00875	0.00773	0.01134	0.01266	0.01884	0.01189	0.06968	0.69440	0.00692	0.05810	0.00512	0.04150	0.00427
76	0.01333	0.01078	0.01131	0.00986	0.01275	0.02871	0.00775	0.11695	0.63839	0.06720	0.01820	0.01678	0.01347	0.00633	0.00484	0.00158	0.00408	0.00519	0.00487	0.00762
77	0.00715	0.00513	0.00701	0.00802	0.00893	0.00503	0.00663	0.00894	0.01052	0.01372	0.03707	0.23418	0.05994	0.03068	0.00680	0.00216	0.00391	0.53554	0.00439	0.00423
78	0.04828	0.01033	0.01125	0.00940	0.01237	0.01137	0.00751	0.26574	0.34197	0.09808	0.11586	0.01753	0.01578	0.00653	0.00485	0.00153	0.00408	0.00530	0.00491	0.00731
79	0.00770	0.00550	0.00770	0.00880	0.00990	0.00550	0.00770	0.00990	0.01100	0.01430	0.02531	0.05391	0.02751	0.01320	0.00660	0.00220	0.00440	0.77004	0.00440	0.00440
80	0.01278	0.83490	0.02505	0.00818	0.01227	0.01891	0.00818	0.01431	0.00971	0.01125	0.00664	0.00767	0.00613	0.00409	0.00307	0.00102	0.00511	0.00256	0.00204	0.00613
81	0.00687	0.00494	0.00624	0.00588	0.00713	0.00448	0.00442	0.00896	0.01314	0.03252	0.67366	0.03688	0.15692	0.01005	0.00562	0.00152	0.00231	0.00879	0.00515	0.00450
82	0.01046	0.01046	0.01464	0.01255	0.01255	0.01464	0.01046	0.01150	0.00732	0.01150	0.00627	0.01046	0.00627	0.00837	0.01569	0.00209	0.82328	0.00418	0.00209	0.00523
83	0.01618	0.06868	0.06188	0.05885	0.06944	0.01317	0.00977	0.47273	0.02869	0.10754	0.01201	0.03868	0.00898	0.00573	0.00469	0.00144	0.00522	0.00451	0.00422	0.00758
84	0.00938	0.00907	0.01430	0.78824	0.03219	0.04268	0.01311	0.01249	0.00972	0.01219	0.00845	0.01258	0.00636	0.00478	0.00476	0.00158	0.00646	0.00420	0.00214	0.00532
85	0.00684	0.00495	0.00689	0.00692	0.00751	0.00552	0.00502	0.00802	0.00750	0.01058	0.01382	0.04320	0.01406	0.27181	0.55816	0.00663	0.01012	0.00588	0.00271	0.00385
86	0.00914	0.00861	0.01454	0.78835	0.06421	0.01065	0.01333	0.01231	0.00961	0.01235	0.00852	0.01271	0.00642	0.00476	0.00478	0.00159	0.00634	0.00425	0.00213	0.00540
87	0.01214	0.01039	0.01095	0.00978	0.01252	0.01201	0.00763	0.05581	0.76276	0.02040	0.01913	0.01758	0.01433	0.00645	0.00486	0.00161	0.00384	0.00536	0.00486	0.00759
88	0.01016	0.04503	0.74026	0.01338	0.02012	0.04341	0.01692	0.03024	0.01046	0.01519	0.00854	0.01000	0.00610	0.00457	0.00450	0.00149	0.00704	0.00350	0.00209	0.00700
89	0.02019	0.01015	0.01234	0.00946	0.01321	0.01001	0.00781	0.31581	0.01705	0.50824	0.01603	0.01443	0.01041	0.00585	0.00480	0.00146	0.00452	0.00461	0.00548	0.00813

[dist]
# distance from previous block
# <min> <max>
0	1

[block]
# block no. 5 follows, 53 sequences, length 37
# corresponding to MSA columns:
# 267-303
name=unknown_F
#
# <colnr> <probs for GDERKNQSTAVLIFYWHMCP>
#	G	D	E	R	K	N	Q	S	T	A	V	L	I	F	Y	W	H	M	C	P
0	0.01041	0.04925	0.01483	0.01213	0.01236	0.01447	0.01016	0.01151	0.00745	0.01147	0.00657	0.01069	0.00651	0.00935	0.04960	0.00228	0.74947	0.00415	0.00211	0.00523
1	0.04820	0.19254	0.02232	0.01421	0.01841	0.02859	0.35473	0.17779	0.06489	0.01803	0.00987	0.01149	0.00757	0.00460	0.00471	0.00143	0.00637	0.00450	0.00302	0.00674
2	0.01225	0.50534	0.11012	0.01059	0.02948	0.04152	0.07347	0.03030	0.06820	0.01310	0.00841	0.00998	0.00719	0.02437	0.00469	0.00132	0.03762	0.00338	0.00238	0.00630
3	0.00820	0.00556	0.00709	0.00637	0.00796	0.00507	0.00486	0.01080	0.04150	0.07544	0.64552	0.03214	0.05542	0.00900	0.00541	0.00145	0.00253	0.00789	0.00511	0.06266
4	0.00888	0.00643	0.00833	0.00789	0.03743	0.00630	0.02418	0.01294	0.14159	0.07585	0.50696	0.03076	0.09569	0.00880	0.00542	0.00153	0.00291	0.00772	0.00501	0.00540
5	0.38561	0.00862	0.00853	0.00707	0.01014	0.03102	0.00575	0.01676	0.01058	0.28468	0.02441	0.01233	0.00898	0.00508	0.00375	0.00137	0.00377	0.00366	0.09439	0.07351
6	0.00903	0.00850	0.01434	0.82054	0.03292	0.01062	0.01327	0.01221	0.00956	0.01221	0.00850	0.01274	0.00637	0.00478	0.00478	0.00159	0.00637	0.00425	0.00212	0.00531
7	0.00695	0.00463	0.00521	0.00521	0.00521	0.00463	0.00290	0.00695	0.00695	0.00927	0.01506	0.03128	0.01738	0.83203	0.02433	0.00463	0.00463	0.00695	0.00290	0.00290
8	0.01785	0.02278	0.01354	0.01231	0.01478	0.81284	0.00924	0.01909	0.01354	0.01170	0.00739	0.00862	0.00616	0.00493	0.00431	0.00123	0.00862	0.00308	0.00246	0.00554
9	0.00959	0.02472	0.80726	0.01362	0.02069	0.01110	0.01766	0.01514	0.01009	0.01514	0.00858	0.01009	0.00605	0.00454	0.00454	0.00151	0.00706	0.00353	0.00202	0.00706
10	0.00903	0.00850	0.01434	0.82054	0.03292	0.01062	0.01327	0.01221	0.00956	0.01221	0.00850	0.01274	0.00637	0.00478	0.00478	0.00159	0.00637	0.00425	0.00212	0.00531
11	0.00682	0.00458	0.00525	0.00538	0.00541	0.00455	0.00307	0.00692	0.00720	0.00960	0.01634	0.12204	0.01900	0.73905	0.02225	0.00433	0.00442	0.00771	0.00307	0.00301
12	0.00579	0.00468	0.00517	0.00548	0.00670	0.00405	0.00399	0.00697	0.01053	0.01299	0.06897	0.25518	0.54591	0.01282	0.00580	0.00171	0.00256	0.03222	0.00447	0.00402
13	0.00582	0.00416	0.00555	0.00666	0.00693	0.00388	0.00444	0.00666	0.00915	0.01220	0.02634	0.82891	0.03161	0.01497	0.00610	0.00194	0.00277	0.01359	0.00444	0.00388
14	0.01817	0.01339	0.01434	0.01100	0.01482	0.01482	0.00908	0.78627	0.02247	0.03012	0.01148	0.01148	0.00813	0.00574	0.00478	0.00143	0.00526	0.00430	0.00478	0.00813
15	0.00584	0.00422	0.00553	0.00653	0.00691	0.00391	0.00439	0.00674	0.00939	0.01246	0.05146	0.75891	0.07675	0.01465	0.00606	0.00191	0.00274	0.01323	0.00446	0.00391
16	0.29556	0.00891	0.00997	0.00796	0.01138	0.00888	0.00656	0.08884	0.01267	0.46582	0.02880	0.01343	0.00995	0.00549	0.00422	0.00148	0.00402	0.00411	0.00484	0.00710
17	0.04708	0.13217	0.01569	0.01136	0.05972	0.02648	0.00901	0.53942	0.03434	0.06246	0.01091	0.01112	0.00798	0.00538	0.00446	0.00138	0.00517	0.00401	0.00420	0.00765
18	0.01005	0.00678	0.00575	0.00556	0.00689	0.09737	0.00418	0.01261	0.04111	0.01720	0.01480	0.01677	0.01164	0.00553	0.00351	0.00115	0.00302	0.00433	0.72704	0.00470
19	0.01192	0.05675	0.13851	0.05252	0.35343	0.07204	0.03041	0.03927	0.01111	0.03079	0.00886	0.01091	0.00711	0.00432	0.00440	0.00129	0.00576	0.00377	0.00252	0.15430
20	0.03369	0.08803	0.01459	0.12794	0.04655	0.18063	0.03092	0.21333	0.07773	0.09093	0.01099	0.01189	0.00820	0.00522	0.00446	0.00139	0.00582	0.00402	0.03701	0.00668
21	0.00905	0.00473	0.00476	0.00470	0.00589	0.00481	0.00354	0.01181	0.04711	0.01792	0.01577	0.01782	0.01236	0.00561	0.00341	0.00114	0.00230	0.00450	0.81815	0.00460
22	0.00644	0.00454	0.00592	0.00664	0.00731	0.00420	0.00474	0.00766	0.01019	0.02988	0.13397	0.55363	0.10642	0.01363	0.00602	0.00187	0.00285	0.08542	0.00458	0.00412
23	0.00658	0.00478	0.00619	0.00605	0.00708	0.00440	0.00446	0.00858	0.01277	0.01786	0.65209	0.14920	0.08081	0.01063	0.00570	0.00157	0.00234	0.00942	0.00510	0.00440
24	0.00667	0.00495	0.00600	0.00622	0.00748	0.00447	0.00482	0.00828	0.01135	0.03123	0.21764	0.15378	0.34717	0.01204	0.00588	0.00175	0.00285	0.15848	0.00466	0.00428
25	0.01331	0.74971	0.02384	0.00861	0.01253	0.10220	0.00829	0.01481	0.01011	0.01129	0.00672	0.00777	0.00614	0.00418	0.00320	0.00104	0.00548	0.00261	0.00209	0.00607
26	0.01278	0.83490	0.02505	0.00818	0.01227	0.01891	0.00818	0.01431	0.00971	0.01125	0.00664	0.00767	0.00613	0.00409	0.00307	0.00102	0.00511	0.00256	0.00204	0.00613
27	0.01081	0.08246	0.41274	0.04915	0.03727	0.01218	0.25907	0.05221	0.01103	0.01550	0.00892	0.01100	0.00658	0.00441	0.00480	0.00150	0.00708	0.00421	0.00229	0.00678
28	0.00599	0.00426	0.00565	0.00670	0.00701	0.00401	0.00454	0.00685	0.00914	0.01217	0.02571	0.74503	0.03065	0.05679	0.00706	0.00209	0.00296	0.05518	0.00436	0.00386
29	0.01669	0.03380	0.01357	0.02857	0.03621	0.66229	0.00924	0.01954	0.11055	0.01284	0.00895	0.00992	0.00725	0.00509	0.00438	0.00129	0.00783	0.00342	0.00275	0.00585
30	0.00628	0.00487	0.00572	0.00550	0.00684	0.00430	0.00413	0.00808	0.01239	0.01645	0.47355	0.04017	0.37294	0.01078	0.00564	0.00155	0.00233	0.00927	0.00490	0.00430
31	0.00582	0.00419	0.00552	0.00658	0.00691	0.00389	0.00441	0.00666	0.00922	0.01223	0.02721	0.79825	0.06171	0.01486	0.00608	0.00193	0.00276	0.01345	0.00444	0.00389
32	0.00991	0.00850	0.00991	0.00708	0.01133	0.00637	0.00566	0.01203	0.00991	0.01557	0.00850	0.00991	0.00708	0.00354	0.00354	0.00071	0.00354	0.00283	0.00283	0.86124
33	0.00612	0.00495	0.00565	0.00592	0.00704	0.00458	0.00428	0.00769	0.03855	0.01319	0.07528	0.31713	0.44476	0.01269	0.00605	0.00174	0.02490	0.01091	0.00443	0.00416
34	0.01801	0.01331	0.01425	0.01096	0.01476	0.01475	0.00905	0.76672	0.04229	0.02986	0.01168	0.01164	0.00829	0.00576	0.00478	0.00144	0.00522	0.00433	0.00478	0.00811
35	0.17978	0.01184	0.01284	0.01154	0.08490	0.01309	0.00862	0.45904	0.09888	0.04170	0.01155	0.01229	0.00860	0.00556	0.00447	0.00148	0.00480	0.01740	0.00424	0.00739
36	0.21683	0.01040	0.01323	0.03776	0.07162	0.03662	0.05237	0.05261	0.00983	0.11155	0.00911	0.02993	0.00752	0.00639	0.00849	0.00172	0.31093	0.00416	0.00300	0.00593

[dist]
# distance from previous block
# <min> <max>
1	2

[block]
# block no. 6 follows, 53 sequences, length 8
# corresponding to MSA columns:
# 306-313
name=unknown_G
#
# <colnr> <probs for GDERKNQSTAVLIFYWHMCP>
#	G	D	E	R	K	N	Q	S	T	A	V	L	I	F	Y	W	H	M	C	P
0	0.04276	0.12858	0.05523	0.02755	0.04728	0.24680	0.03258	0.17677	0.06185	0.03449	0.00981	0.01168	0.00799	0.05068	0.01969	0.00165	0.03127	0.00388	0.00311	0.00634
1	0.00621	0.00492	0.00563	0.00562	0.00702	0.00434	0.00432	0.00786	0.01175	0.01505	0.28645	0.04351	0.48037	0.01147	0.00574	0.00164	0.00257	0.08660	0.00470	0.00422
2	0.01101	0.06778	0.13442	0.01697	0.24628	0.01095	0.12563	0.01547	0.10737	0.03324	0.09103	0.01455	0.01192	0.00519	0.00505	0.00144	0.02784	0.00474	0.00301	0.06607
3	0.01239	0.00989	0.07470	0.00938	0.03880	0.00747	0.05343	0.01527	0.04284	0.19134	0.01400	0.01431	0.06129	0.00489	0.00426	0.00112	0.00421	0.00413	0.00360	0.43268
4	0.06474	0.00591	0.00734	0.00797	0.05349	0.00581	0.00551	0.06256	0.01166	0.01646	0.24845	0.31264	0.11504	0.01110	0.00557	0.00170	0.00308	0.05179	0.00448	0.00470
5	0.01186	0.05125	0.04043	0.01072	0.06605	0.03430	0.07542	0.08894	0.05425	0.05377	0.01043	0.03631	0.00851	0.00457	0.00417	0.00109	0.00461	0.00390	0.00318	0.43624
6	0.01282	0.01000	0.06436	0.04250	0.01279	0.05142	0.00744	0.01609	0.08410	0.21049	0.07969	0.01650	0.05748	0.00575	0.00479	0.00126	0.02867	0.00462	0.00395	0.28528
7	0.07068	0.01177	0.05947	0.02781	0.15403	0.06944	0.06909	0.11001	0.05055	0.14129	0.05218	0.01375	0.02236	0.00518	0.00456	0.00136	0.00513	0.00439	0.00361	0.12334

[dist]
# distance from previous block
# <min> <max>
1	26

[block]
# block no. 7 follows, 53 sequences, length 9
# corresponding to MSA columns:
# 356-364
name=unknown_H
#
# <colnr> <probs for GDERKNQSTAVLIFYWHMCP>
#	G	D	E	R	K	N	Q	S	T	A	V	L	I	F	Y	W	H	M	C	P
0	0.01105	0.01219	0.13549	0.09284	0.13272	0.07829	0.05391	0.05986	0.01170	0.06682	0.04918	0.07202	0.11939	0.00671	0.00494	0.00148	0.00527	0.01901	0.00328	0.06385
1	0.01044	0.05944	0.59875	0.01579	0.13295	0.01167	0.04538	0.04355	0.01069	0.01559	0.00870	0.01039	0.00640	0.00450	0.00455	0.00148	0.00674	0.00370	0.00219	0.00711
2	0.00581	0.00422	0.00549	0.00650	0.00689	0.00390	0.00437	0.00667	0.00930	0.01226	0.02825	0.76122	0.09807	0.01473	0.00606	0.00191	0.00274	0.01329	0.00444	0.00390
3	0.01174	0.09416	0.11434	0.06499	0.37334	0.01129	0.06017	0.01535	0.05608	0.07014	0.03655	0.02745	0.01008	0.00516	0.00472	0.00146	0.00556	0.02761	0.00286	0.00695
4	0.03400	0.21316	0.33518	0.01268	0.08034	0.06534	0.01253	0.12546	0.01217	0.03712	0.02474	0.01038	0.00742	0.00475	0.00422	0.00136	0.00607	0.00355	0.00267	0.00687
5	0.00636	0.00470	0.00603	0.00686	0.00751	0.00449	0.00490	0.00805	0.04532	0.01328	0.07399	0.58558	0.09664	0.01382	0.00604	0.00190	0.00295	0.10291	0.00450	0.00416
6	0.01124	0.01091	0.01884	0.02527	0.60568	0.01082	0.10522	0.01455	0.04278	0.01572	0.03750	0.01495	0.05482	0.00495	0.00493	0.00146	0.00559	0.00495	0.00269	0.00713
7	0.01166	0.15238	0.49964	0.01195	0.01759	0.04348	0.01393	0.10638	0.01170	0.04075	0.00960	0.04281	0.00752	0.00509	0.00439	0.00143	0.00633	0.00389	0.00259	0.00689
8	0.01601	0.05134	0.05215	0.01292	0.06014	0.04974	0.09528	0.48752	0.03911	0.04632	0.01144	0.01287	0.00859	0.00555	0.00482	0.00146	0.00572	0.02744	0.00405	0.00753

[dist]
# distance from previous block
# <min> <max>
2	5

[block]
# block no. 8 follows, 53 sequences, length 62
# corresponding to MSA columns:
# 370-401,438-467
name=unknown_I
#
# <colnr> <probs for GDERKNQSTAVLIFYWHMCP>
#	G	D	E	R	K	N	Q	S	T	A	V	L	I	F	Y	W	H	M	C	P
0	0.05533	0.54248	0.23068	0.00965	0.01440	0.03373	0.01055	0.01487	0.02705	0.01300	0.00746	0.00856	0.00625	0.00430	0.00352	0.00119	0.00560	0.00289	0.00216	0.00635
1	0.01226	0.11393	0.01261	0.02694	0.02690	0.01188	0.00763	0.07967	0.47822	0.05524	0.10732	0.01785	0.01614	0.00640	0.00471	0.00151	0.00399	0.00526	0.00449	0.00705
2	0.01119	0.03591	0.03594	0.01753	0.12458	0.03212	0.43918	0.04327	0.01103	0.01501	0.01001	0.01427	0.00841	0.10030	0.00735	0.00183	0.00677	0.00513	0.00257	0.07763
3	0.00939	0.00795	0.00933	0.00694	0.01072	0.00606	0.00548	0.01141	0.01005	0.01543	0.04498	0.06480	0.03351	0.00480	0.00386	0.00085	0.00340	0.00399	0.00309	0.74398
4	0.00969	0.00551	0.00721	0.00649	0.00814	0.00496	0.00497	0.01170	0.01311	0.18223	0.53824	0.08136	0.08849	0.00945	0.00549	0.00153	0.00268	0.00825	0.00529	0.00519
5	0.75021	0.00954	0.00773	0.00673	0.00973	0.01097	0.00554	0.09612	0.00972	0.02226	0.00743	0.00846	0.00570	0.00461	0.00316	0.00146	0.00382	0.00283	0.02852	0.00547
6	0.01308	0.03110	0.04550	0.00912	0.01235	0.00964	0.04082	0.24670	0.01437	0.10088	0.11804	0.01626	0.01378	0.05683	0.00619	0.00151	0.03541	0.00478	0.03863	0.18502
7	0.00587	0.00424	0.00557	0.00654	0.00692	0.00393	0.00441	0.00681	0.00950	0.01267	0.07582	0.74470	0.06629	0.01452	0.00605	0.00190	0.00273	0.01312	0.00449	0.00393
8	0.00702	0.00492	0.00610	0.00592	0.00717	0.00442	0.00439	0.00880	0.01227	0.05237	0.46842	0.14567	0.23298	0.01090	0.00567	0.00159	0.00245	0.00951	0.00497	0.00447
9	0.13398	0.09046	0.02456	0.05977	0.13616	0.25084	0.03097	0.07343	0.04675	0.09574	0.00960	0.01067	0.00737	0.00487	0.00425	0.00137	0.00607	0.00365	0.00308	0.00643
10	0.02911	0.00714	0.00964	0.04200	0.15040	0.03140	0.02843	0.03128	0.01017	0.01467	0.01872	0.33697	0.05329	0.00935	0.00549	0.00161	0.03915	0.00820	0.16792	0.00503
