[name]
unknown

[dist]
# distance from previous block
# <min> <max>
1	128

[block]
# block no. 0 follows, 47 sequences, length 16
# corresponding to MSA columns:
# 310-315,318-327
name=unknown_A
#
# <colnr> <probs for GDERKNQSTAVLIFYWHMCP>
#	G	D	E	R	K	N	Q	S	T	A	V	L	I	F	Y	W	H	M	C	P
0	0.00744	0.00558	0.00837	0.00837	0.00930	0.00651	0.00651	0.00930	0.00837	0.01209	0.01395	0.02046	0.01302	0.03906	0.79635	0.00837	0.01395	0.00558	0.00279	0.00465
1	0.00885	0.00588	0.00780	0.00846	0.00952	0.00579	0.00691	0.01060	0.01103	0.05224	0.02528	0.05032	0.05084	0.21305	0.01185	0.00300	0.00477	0.50475	0.00447	0.00458
2	0.01479	0.03271	0.07848	0.21384	0.12612	0.02713	0.04253	0.05149	0.03011	0.22210	0.05354	0.01556	0.01123	0.00598	0.00588	0.00166	0.05070	0.00500	0.00384	0.00732
3	0.01692	0.01183	0.06035	0.18629	0.05503	0.08059	0.01057	0.06113	0.01373	0.33469	0.06670	0.01636	0.01240	0.00630	0.00577	0.00164	0.04279	0.00505	0.00445	0.00742
4	0.01289	0.01237	0.02114	0.03196	0.78450	0.01237	0.01598	0.01598	0.01186	0.01701	0.00980	0.01289	0.00825	0.00464	0.00516	0.00155	0.00619	0.00464	0.00258	0.00825
5	0.01182	0.01358	0.08050	0.18957	0.22527	0.13910	0.05699	0.01482	0.01236	0.01575	0.11714	0.01868	0.06959	0.00633	0.00534	0.00160	0.00639	0.00556	0.00310	0.00650
6	0.01310	0.01024	0.04649	0.11051	0.04120	0.00979	0.10970	0.11438	0.03202	0.15568	0.04026	0.09229	0.15566	0.00821	0.00609	0.00174	0.03449	0.00713	0.00432	0.00670
7	0.01289	0.01237	0.02114	0.03196	0.78450	0.01237	0.01598	0.01598	0.01186	0.01701	0.00980	0.01289	0.00825	0.00464	0.00516	0.00155	0.00619	0.00464	0.00258	0.00825
8	0.00673	0.00510	0.00747	0.00804	0.00866	0.00476	0.04736	0.00790	0.01032	0.01384	0.06299	0.73258	0.03365	0.01538	0.00660	0.00207	0.00332	0.01407	0.00475	0.00442
9	0.01223	0.05343	0.22189	0.08000	0.05939	0.01299	0.35195	0.01644	0.01154	0.05575	0.01019	0.01293	0.00763	0.00506	0.00634	0.00172	0.06568	0.00505	0.00265	0.00714
10	0.01543	0.07729	0.21276	0.01433	0.07727	0.31297	0.04371	0.01837	0.01311	0.09047	0.04677	0.01347	0.03024	0.00566	0.00492	0.00149	0.00743	0.00433	0.00308	0.00690
11	0.01150	0.01219	0.02498	0.05066	0.02352	0.01166	0.56241	0.05185	0.01240	0.01674	0.01381	0.15626	0.01263	0.00664	0.00615	0.00181	0.00753	0.00755	0.00314	0.00657
12	0.01098	0.27211	0.05086	0.00861	0.01090	0.08127	0.03443	0.01221	0.00957	0.01170	0.01199	0.02085	0.01251	0.36266	0.06649	0.00339	0.00645	0.00529	0.00273	0.00500
13	0.03194	0.06782	0.11224	0.14394	0.05679	0.02950	0.05267	0.02003	0.05306	0.33663	0.01496	0.03451	0.01059	0.00593	0.00510	0.00162	0.00572	0.00500	0.00429	0.00765
14	0.03194	0.07819	0.17062	0.03290	0.08730	0.05706	0.04254	0.16022	0.04648	0.13650	0.01239	0.03818	0.00949	0.00613	0.00592	0.00163	0.06639	0.00476	0.00374	0.00762
15	0.02738	0.20539	0.09821	0.01000	0.02989	0.04368	0.04051	0.03263	0.03262	0.03585	0.04323	0.17328	0.12309	0.01061	0.04942	0.00201	0.00547	0.02717	0.00364	0.00594

[dist]
# distance from previous block
# <min> <max>
0	33

[block]
# block no. 1 follows, 47 sequences, length 22
# corresponding to MSA columns:
# 361-382
name=unknown_B
#
# <colnr> <probs for GDERKNQSTAVLIFYWHMCP>
#	G	D	E	R	K	N	Q	S	T	A	V	L	I	F	Y	W	H	M	C	P
0	0.26481	0.06661	0.05902	0.01082	0.06032	0.08082	0.00860	0.13973	0.05946	0.06852	0.01167	0.01317	0.02299	0.03836	0.03231	0.00188	0.00561	0.00413	0.00367	0.04751
1	0.04448	0.12107	0.07156	0.04563	0.13082	0.06800	0.06894	0.12267	0.11816	0.05140	0.01362	0.09642	0.01171	0.00655	0.00506	0.00160	0.00583	0.00556	0.00367	0.00725
2	0.06020	0.05959	0.03447	0.09732	0.17517	0.03501	0.05164	0.14966	0.04429	0.06422	0.01322	0.09055	0.01127	0.00639	0.00501	0.00158	0.00551	0.00549	0.05348	0.03594
3	0.05187	0.01239	0.01450	0.04127	0.09857	0.01271	0.00949	0.40633	0.01805	0.04531	0.01121	0.01210	0.00838	0.00535	0.00476	0.00136	0.00522	0.00419	0.00420	0.23275
4	0.09097	0.09480	0.03251	0.02901	0.05268	0.13126	0.16169	0.11018	0.05648	0.02892	0.01092	0.03144	0.00880	0.00531	0.00477	0.00145	0.00631	0.00453	0.03054	0.10743
5	0.00768	0.00561	0.00628	0.00614	0.00791	0.00475	0.00455	0.00907	0.01173	0.06679	0.07047	0.19992	0.50506	0.01272	0.00606	0.00176	0.00290	0.01084	0.00487	0.05489
6	0.00754	0.00507	0.00587	0.00602	0.00611	0.00505	0.00358	0.00774	0.00800	0.01064	0.01791	0.08837	0.02064	0.71501	0.02401	0.00469	0.00490	0.05217	0.00337	0.00333
7	0.01445	0.02944	0.06729	0.16280	0.26752	0.06676	0.07141	0.12214	0.01370	0.08808	0.01096	0.01316	0.00830	0.00530	0.00541	0.00160	0.02378	0.00464	0.01576	0.00752
8	0.75978	0.01117	0.02490	0.00803	0.02993	0.04128	0.00647	0.03731	0.00965	0.02294	0.00754	0.00877	0.00586	0.00489	0.00342	0.00160	0.00441	0.00296	0.00322	0.00586
9	0.00725	0.00515	0.00633	0.00626	0.00745	0.00472	0.00461	0.00929	0.01318	0.01848	0.47142	0.15075	0.16760	0.01143	0.00596	0.00168	0.00257	0.01000	0.09115	0.00472
10	0.01649	0.00987	0.01142	0.00922	0.01231	0.01016	0.00744	0.30363	0.04607	0.21129	0.17822	0.02049	0.01919	0.00724	0.00522	0.00155	0.00424	0.00589	0.11257	0.00749
11	0.00919	0.00595	0.00673	0.00632	0.00829	0.00521	0.00488	0.01101	0.02742	0.12942	0.10909	0.04299	0.50536	0.03933	0.00670	0.00186	0.00311	0.04928	0.02267	0.00517
12	0.00909	0.00663	0.00888	0.00832	0.00891	0.00775	0.00617	0.02760	0.00860	0.03537	0.01349	0.02274	0.01355	0.28201	0.30186	0.05562	0.14567	0.00594	0.02736	0.00443
13	0.00717	0.00532	0.00668	0.00634	0.00765	0.00483	0.00475	0.00943	0.01426	0.01974	0.65916	0.04079	0.17245	0.01107	0.00614	0.00166	0.00249	0.00968	0.00558	0.00483
14	0.01770	0.18393	0.01692	0.01221	0.01520	0.57333	0.00964	0.03467	0.03096	0.01333	0.00911	0.02698	0.00801	0.00565	0.00454	0.00135	0.00820	0.01926	0.00279	0.00621
15	0.85377	0.01007	0.00765	0.00685	0.01007	0.01168	0.00564	0.01531	0.00886	0.02336	0.00725	0.00846	0.00564	0.00483	0.00322	0.00161	0.00403	0.00282	0.00322	0.00564
16	0.00858	0.00715	0.01043	0.07112	0.01230	0.03441	0.05826	0.01020	0.00884	0.01212	0.01328	0.03688	0.01280	0.13584	0.46492	0.05147	0.03812	0.00584	0.00278	0.00464
17	0.01295	0.01119	0.01178	0.01060	0.01354	0.01295	0.00824	0.02767	0.77509	0.02178	0.02120	0.01943	0.01590	0.00707	0.00530	0.00177	0.00412	0.00589	0.00530	0.00824
18	0.01307	0.17554	0.07296	0.01367	0.03156	0.15977	0.19349	0.04366	0.01265	0.01550	0.07859	0.01704	0.08282	0.00637	0.00592	0.00156	0.06103	0.00534	0.00307	0.00640
19	0.01080	0.00926	0.01080	0.00771	0.01234	0.00694	0.00617	0.01311	0.01080	0.01697	0.00926	0.01080	0.00771	0.00386	0.00386	0.00077	0.00386	0.00309	0.00309	0.84882
20	0.01740	0.01324	0.01432	0.01105	0.01517	0.01411	0.00903	0.54833	0.10287	0.02871	0.01284	0.01294	0.00940	0.00590	0.00497	0.00144	0.00521	0.00452	0.00483	0.16373
21	0.01463	0.00889	0.01096	0.05655	0.01317	0.02903	0.00774	0.16174	0.01444	0.23506	0.04751	0.18849	0.04426	0.01231	0.08333	0.00242	0.02491	0.03297	0.00492	0.00670

[dist]
# distance from previous block
# <min> <max>
0	3

[block]
# block no. 2 follows, 47 sequences, length 20
# corresponding to MSA columns:
# 386-405
name=unknown_C
#
# <colnr> <probs for GDERKNQSTAVLIFYWHMCP>
#	G	D	E	R	K	N	Q	S	T	A	V	L	I	F	Y	W	H	M	C	P
0	0.01404	0.24025	0.15342	0.01381	0.01861	0.06875	0.18768	0.12210	0.04893	0.03173	0.01111	0.01251	0.02585	0.00530	0.00512	0.00151	0.02451	0.00448	0.00305	0.00723
1	0.01097	0.18691	0.47449	0.01327	0.01933	0.01311	0.08097	0.01554	0.01146	0.01615	0.09927	0.01398	0.01170	0.00546	0.00486	0.00155	0.00674	0.00448	0.00266	0.00710
2	0.00633	0.00459	0.00598	0.00709	0.00751	0.00424	0.00476	0.00727	0.01012	0.01336	0.03064	0.75217	0.09461	0.01606	0.00661	0.00209	0.00299	0.01450	0.00483	0.00424
3	0.01112	0.01074	0.01717	0.35620	0.22605	0.01314	0.01391	0.01377	0.01004	0.01404	0.00865	0.01285	0.00725	0.00627	0.00887	0.00185	0.25467	0.00461	0.00237	0.00641
4	0.07236	0.04499	0.04435	0.34698	0.13811	0.02395	0.04121	0.03112	0.09293	0.01600	0.01024	0.01327	0.00804	0.00565	0.00623	0.00172	0.08887	0.00456	0.00280	0.00661
5	0.00689	0.00651	0.06505	0.00778	0.00894	0.00516	0.00615	0.00840	0.01030	0.01366	0.02914	0.51693	0.13253	0.03432	0.06247	0.00256	0.00427	0.06992	0.00445	0.00456
6	0.00737	0.00546	0.00707	0.00782	0.00896	0.00516	0.00630	0.00924	0.01188	0.01541	0.12174	0.20577	0.19833	0.01407	0.00673	0.00211	0.00369	0.35334	0.00492	0.00461
7	0.00812	0.00602	0.00816	0.02536	0.01000	0.00580	0.02786	0.01070	0.04441	0.03566	0.25333	0.19012	0.12929	0.01251	0.00645	0.00196	0.00362	0.21062	0.00503	0.00500
8	0.01117	0.01102	0.04487	0.07159	0.09561	0.05150	0.20088	0.05983	0.03719	0.03329	0.07666	0.22159	0.01896	0.00867	0.00592	0.00180	0.00584	0.03353	0.00380	0.00627
9	0.01243	0.01228	0.01504	0.07041	0.01522	0.10718	0.01092	0.01386	0.00928	0.04506	0.00828	0.01230	0.00756	0.01060	0.07467	0.00257	0.55948	0.00453	0.00254	0.00579
10	0.85377	0.01007	0.00765	0.00685	0.01007	0.01168	0.00564	0.01531	0.00886	0.02336	0.00725	0.00846	0.00564	0.00483	0.00322	0.00161	0.00403	0.00282	0.00322	0.00564
11	0.77540	0.00996	0.00807	0.00708	0.01038	0.01130	0.00583	0.01626	0.00943	0.09554	0.00851	0.00933	0.00632	0.00499	0.00341	0.00161	0.00407	0.00305	0.00353	0.00594
12	0.18424	0.03686	0.01446	0.13952	0.05814	0.01096	0.12935	0.01518	0.09790	0.01789	0.06516	0.02026	0.07989	0.00683	0.00554	0.00172	0.03600	0.04191	0.03205	0.00613
13	0.00765	0.00538	0.00697	0.00692	0.00731	0.00576	0.00469	0.00838	0.00840	0.01164	0.07099	0.05481	0.01903	0.43108	0.26557	0.04065	0.03063	0.00711	0.00322	0.00382
14	0.00939	0.03370	0.11655	0.01104	0.01286	0.01019	0.03733	0.01199	0.03226	0.01488	0.10957	0.17763	0.02013	0.01241	0.06662	0.00247	0.24223	0.06964	0.00354	0.00558
15	0.01309	0.01263	0.01759	0.01379	0.01678	0.11212	0.22627	0.05078	0.04450	0.06137	0.10600	0.03144	0.01409	0.02997	0.00814	0.00178	0.14766	0.00570	0.00351	0.08280
16	0.00743	0.00556	0.00827	0.00824	0.00919	0.00639	0.00639	0.00934	0.00883	0.01273	0.06965	0.02180	0.01564	0.03700	0.73902	0.00788	0.01312	0.00586	0.00300	0.00467
17	0.00738	0.00610	0.03558	0.00829	0.02425	0.00555	0.00612	0.00883	0.00972	0.01332	0.04071	0.37672	0.02534	0.12293	0.18392	0.00383	0.00612	0.08271	0.00399	0.02858
18	0.04939	0.25298	0.01807	0.15770	0.01798	0.05127	0.00999	0.24321	0.01490	0.01959	0.04554	0.01269	0.00957	0.00695	0.03418	0.00174	0.03973	0.00422	0.00340	0.00691
19	0.17392	0.01244	0.01484	0.28042	0.11317	0.10547	0.03642	0.09874	0.01241	0.01812	0.00914	0.01178	0.00712	0.00517	0.00496	0.00157	0.02370	0.00408	0.00295	0.06359

[dist]
# distance from previous block
# <min> <max>
0	2

[block]
# block no. 3 follows, 47 sequences, length 16
# corresponding to MSA columns:
# 408-423
name=unknown_D
#
# <colnr> <probs for GDERKNQSTAVLIFYWHMCP>
#	G	D	E	R	K	N	Q	S	T	A	V	L	I	F	Y	W	H	M	C	P
0	0.01277	0.01101	0.01375	0.04688	0.12545	0.06925	0.04181	0.13845	0.08593	0.03916	0.01695	0.12598	0.02656	0.00928	0.02315	0.00194	0.06492	0.10509	0.01890	0.02277
1	0.01136	0.00767	0.00906	0.00809	0.01032	0.00778	0.00627	0.01748	0.25205	0.13409	0.36008	0.03078	0.10514	0.00915	0.00575	0.00169	0.00329	0.00785	0.00561	0.00649
2	0.01343	0.05385	0.01318	0.01141	0.04296	0.01353	0.00867	0.07276	0.65918	0.02179	0.01949	0.01817	0.01468	0.00679	0.00519	0.00171	0.00438	0.00560	0.00503	0.00820
3	0.01056	0.01009	0.01406	0.01227	0.01237	0.01378	0.01001	0.01167	0.00798	0.01224	0.00861	0.01470	0.00876	0.09363	0.10690	0.00325	0.63641	0.00498	0.00242	0.00532
4	0.00668	0.00549	0.00593	0.00594	0.00756	0.00485	0.00447	0.00870	0.04206	0.01534	0.15184	0.09531	0.57570	0.01283	0.00619	0.00179	0.00277	0.03697	0.00498	0.00462
5	0.00639	0.00528	0.00560	0.00552	0.00718	0.00450	0.00414	0.00793	0.01243	0.01539	0.19449	0.04794	0.63982	0.01269	0.00615	0.00174	0.00260	0.01068	0.00501	0.00450
6	0.01998	0.00809	0.01051	0.00837	0.01174	0.00727	0.00681	0.02261	0.04573	0.58989	0.01980	0.01816	0.01312	0.00639	0.00489	0.00153	0.00398	0.00518	0.18797	0.00797
7	0.01669	0.03926	0.01405	0.01092	0.01459	0.03098	0.00887	0.41621	0.25056	0.04177	0.01505	0.01471	0.01109	0.00629	0.00503	0.00155	0.00505	0.00490	0.04004	0.05240
8	0.01582	0.01642	0.01322	0.04988	0.01495	0.35338	0.00911	0.12775	0.06708	0.04249	0.07017	0.01656	0.04221	0.05735	0.00750	0.00179	0.07937	0.00497	0.00365	0.00633
9	0.00654	0.00467	0.00608	0.00714	0.00750	0.00438	0.00480	0.00744	0.00990	0.01313	0.02837	0.68471	0.05855	0.08858	0.00845	0.00238	0.00327	0.04527	0.00468	0.00416
10	0.01322	0.00980	0.01118	0.00889	0.01275	0.00916	0.00706	0.01997	0.28696	0.12135	0.01524	0.01503	0.01149	0.00541	0.00456	0.00125	0.00400	0.00442	0.02409	0.41418
11	0.01249	0.19251	0.01571	0.02797	0.08297	0.12422	0.00848	0.02457	0.02194	0.01485	0.01095	0.08997	0.01034	0.00721	0.03795	0.00153	0.02367	0.00458	0.00297	0.28510
12	0.09182	0.01167	0.01480	0.06350	0.22972	0.04424	0.01052	0.20738	0.01551	0.14256	0.08882	0.01604	0.01302	0.02099	0.00548	0.00164	0.00539	0.00506	0.00423	0.00760
13	0.01261	0.01209	0.02064	0.10187	0.71676	0.01230	0.01584	0.01574	0.01173	0.01668	0.00975	0.01298	0.00813	0.00469	0.00516	0.00156	0.00626	0.00464	0.00255	0.00803
14	0.01255	0.00764	0.00997	0.05901	0.04947	0.00743	0.00719	0.05069	0.01346	0.22441	0.14982	0.03198	0.26758	0.00954	0.00636	0.00173	0.04595	0.03394	0.00503	0.00625
15	0.01105	0.01155	0.10006	0.12983	0.28681	0.01006	0.04225	0.04580	0.01247	0.04342	0.09480	0.03948	0.13611	0.00710	0.00548	0.00165	0.00547	0.00635	0.00347	0.00680

[dist]
# distance from previous block
# <min> <max>
1	13

[block]
# block no. 4 follows, 47 sequences, length 34
# corresponding to MSA columns:
# 437-470
name=unknown_E
#
# <colnr> <probs for GDERKNQSTAVLIFYWHMCP>
#	G	D	E	R	K	N	Q	S	T	A	V	L	I	F	Y	W	H	M	C	P
0	0.04022	0.00708	0.00922	0.00916	0.04465	0.00715	0.04509	0.09188	0.01110	0.01516	0.02112	0.17681	0.08487	0.28672	0.03300	0.02978	0.00493	0.07343	0.00389	0.00476
1	0.07378	0.01348	0.01702	0.18043	0.36081	0.14080	0.01304	0.04091	0.03884	0.03958	0.01001	0.01251	0.00796	0.00506	0.00493	0.00155	0.00652	0.00433	0.00289	0.02554
2	0.19444	0.13043	0.03286	0.12316	0.04962	0.13410	0.02255	0.04243	0.04413	0.04515	0.01018	0.04708	0.00859	0.00578	0.00503	0.00153	0.04552	0.00424	0.00310	0.05008
3	0.00974	0.01121	0.15231	0.02668	0.05257	0.00918	0.03426	0.07774	0.01129	0.01586	0.01715	0.13629	0.05461	0.01707	0.21532	0.00357	0.06890	0.05371	0.02666	0.00587
4	0.01171	0.01121	0.01706	0.20074	0.41699	0.03962	0.01314	0.01459	0.01147	0.01584	0.01203	0.01482	0.05303	0.00517	0.00500	0.00147	0.00589	0.00471	0.00274	0.14278
5	0.00701	0.00531	0.00636	0.00615	0.00747	0.00478	0.00457	0.00893	0.01324	0.01779	0.47276	0.04272	0.28572	0.06699	0.00757	0.00193	0.00275	0.02810	0.00524	0.00462
6	0.00731	0.00531	0.00659	0.00632	0.00764	0.00485	0.00477	0.00956	0.01397	0.01948	0.59536	0.04036	0.17474	0.01095	0.00604	0.00166	0.00255	0.02860	0.04914	0.00482
7	0.01305	0.01165	0.01789	0.18474	0.42903	0.01245	0.01374	0.13523	0.05554	0.01885	0.01165	0.05178	0.00976	0.00571	0.00525	0.00163	0.00600	0.00520	0.00320	0.00765
8	0.01302	0.00998	0.04599	0.00831	0.01297	0.00730	0.00702	0.01545	0.01154	0.15445	0.01127	0.01204	0.00859	0.00437	0.00415	0.00096	0.00413	0.00350	0.00364	0.66131
9	0.09292	0.03648	0.23613	0.04167	0.05358	0.01153	0.14412	0.04414	0.05731	0.21200	0.01294	0.01365	0.00903	0.00537	0.00508	0.00164	0.00630	0.00469	0.00374	0.00768
10	0.00898	0.00457	0.00685	0.00685	0.00689	0.00461	0.00461	0.00689	0.00685	0.00918	0.00926	0.01603	0.00922	0.01899	0.05355	0.81254	0.00493	0.00457	0.00228	0.00236
11	0.00662	0.00526	0.00594	0.00584	0.00734	0.00458	0.00435	0.00834	0.01286	0.01658	0.32419	0.08047	0.47443	0.01238	0.00617	0.00173	0.00259	0.01058	0.00517	0.00458
12	0.00783	0.00591	0.00733	0.00714	0.00847	0.00575	0.00535	0.01141	0.10174	0.01929	0.51429	0.14830	0.08913	0.01133	0.00615	0.00175	0.00282	0.03538	0.00547	0.00516
13	0.01279	0.56097	0.27648	0.01085	0.01636	0.01783	0.01229	0.01589	0.01072	0.01364	0.00793	0.00922	0.00665	0.00462	0.00387	0.00129	0.00626	0.00313	0.00222	0.00701
14	0.01824	0.01309	0.01397	0.01088	0.01460	0.01441	0.00893	0.65091	0.02240	0.03076	0.01319	0.01357	0.00955	0.00622	0.00497	0.00151	0.00522	0.00471	0.13463	0.00824
15	0.00751	0.00531	0.00623	0.00623	0.00765	0.00471	0.00462	0.00916	0.01241	0.05109	0.24432	0.18312	0.36125	0.01246	0.00611	0.00177	0.00277	0.02565	0.04289	0.00474
16	0.01519	0.01354	0.12201	0.10889	0.30296	0.02304	0.02821	0.07617	0.04794	0.19121	0.01280	0.01407	0.00929	0.00539	0.00517	0.00161	0.00605	0.00474	0.00369	0.00802
17	0.01937	0.01181	0.06896	0.01220	0.04993	0.05860	0.08769	0.05560	0.01434	0.48509	0.01741	0.05408	0.01219	0.00644	0.00531	0.00162	0.00546	0.00552	0.02031	0.00809
18	0.55809	0.04894	0.01225	0.01105	0.08012	0.11669	0.05232	0.03742	0.01063	0.02077	0.00792	0.00941	0.00628	0.00488	0.00382	0.00155	0.00533	0.00330	0.00307	0.00614
19	0.01153	0.01061	0.01718	0.34425	0.31406	0.01180	0.02858	0.04895	0.04943	0.01629	0.02418	0.01541	0.00949	0.00635	0.02504	0.00184	0.02169	0.02258	0.01379	0.00692
20	0.00703	0.00540	0.00729	0.00838	0.04525	0.00496	0.01689	0.00834	0.01072	0.01436	0.07726	0.56060	0.13133	0.01417	0.00634	0.00195	0.00323	0.02470	0.01625	0.03555
21	0.00721	0.00478	0.00637	0.00732	0.00784	0.00442	0.00497	0.00824	0.01042	0.05078	0.06213	0.74063	0.03407	0.01559	0.00656	0.00207	0.00306	0.01410	0.00495	0.00448
22	0.03057	0.22842	0.01707	0.00987	0.01414	0.09239	0.02562	0.18205	0.01418	0.01892	0.00931	0.01041	0.00756	0.00473	0.00414	0.00113	0.00540	0.00345	0.00328	0.31735
23	0.00900	0.01749	0.03659	0.00770	0.00852	0.00636	0.00589	0.01940	0.02640	0.01190	0.03060	0.01890	0.02845	0.06175	0.19158	0.41574	0.04039	0.00518	0.05439	0.00375
24	0.02345	0.08050	0.01556	0.10109	0.13655	0.02336	0.08041	0.05582	0.07605	0.05484	0.08969	0.03636	0.09417	0.00762	0.00618	0.03273	0.02419	0.02941	0.00374	0.02828
25	0.01310	0.07817	0.04036	0.04106	0.13251	0.12693	0.03533	0.06742	0.01249	0.01677	0.01009	0.04504	0.00872	0.00504	0.00451	0.00121	0.00566	0.00413	0.00303	0.34843
26	0.00759	0.00546	0.00813	0.00813	0.00894	0.00627	0.00621	0.00900	0.00819	0.01174	0.01358	0.02052	0.01286	0.06489	0.69684	0.08622	0.01276	0.00555	0.00275	0.00437
27	0.00987	0.00932	0.01656	0.27115	0.05586	0.00979	0.20342	0.04009	0.01151	0.01519	0.01736	0.21253	0.05027	0.00854	0.00594	0.00185	0.00608	0.04547	0.00337	0.00583
28	0.00772	0.00521	0.00664	0.00707	0.00790	0.00492	0.00497	0.02970	0.01161	0.04010	0.19305	0.48387	0.06100	0.05008	0.00720	0.00206	0.00309	0.02383	0.04534	0.00465
29	0.00903	0.13545	0.01227	0.04469	0.01157	0.02258	0.04081	0.02432	0.01035	0.01382	0.09638	0.13155	0.03962	0.05566	0.32350	0.00447	0.00842	0.00699	0.00338	0.00513
30	0.01463	0.19737	0.01858	0.03127	0.01614	0.01405	0.11510	0.10512	0.22242	0.09888	0.01373	0.01406	0.01038	0.00564	0.00509	0.00150	0.02389	0.00469	0.00398	0.08348
31	0.07123	0.07912	0.17945	0.03401	0.11456	0.19213	0.03793	0.01606	0.01187	0.02948	0.03898	0.07163	0.01093	0.00620	0.00521	0.00154	0.02923	0.01449	0.00294	0.05302
32	0.19941	0.06830	0.03474	0.04122	0.01643	0.02728	0.17008	0.10482	0.04935	0.08625	0.04610	0.03277	0.01073	0.00594	0.00548	0.00164	0.04875	0.00494	0.02746	0.01828
33	0.05433	0.02758	0.04981	0.07946	0.15012	0.03246	0.03535	0.16359	0.10047	0.06601	0.05060	0.01477	0.01123	0.00637	0.01911	0.00166	0.02542	0.00479	0.01653	0.09034

[dist]
# distance from previous block
# <min> <max>
40	422

[block]
# block no. 5 follows, 47 sequences, length 48
# corresponding to MSA columns:
# 950-997
name=unknown_F
#
# <colnr> <probs for GDERKNQSTAVLIFYWHMCP>
#	G	D	E	R	K	N	Q	S	T	A	V	L	I	F	Y	W	H	M	C	P
0	0.04513	0.05857	0.02503	0.00919	0.01182	0.00870	0.06072	0.08338	0.06848	0.07289	0.07401	0.23303	0.09361	0.02206	0.00587	0.00174	0.00423	0.02749	0.00445	0.08960
1	0.01390	0.03095	0.05004	0.01074	0.04691	0.02554	0.02186	0.16025	0.07111	0.15852	0.03665	0.19710	0.07673	0.00902	0.00595	0.00171	0.03257	0.00758	0.00472	0.03814
2	0.06885	0.01253	0.02937	0.03273	0.18120	0.08863	0.00995	0.14818	0.10917	0.08547	0.03003	0.03945	0.01122	0.02047	0.00588	0.03175	0.00546	0.00493	0.00393	0.08079
3	0.04554	0.13556	0.01487	0.05923	0.02579	0.08532	0.03213	0.13039	0.07052	0.07942	0.06644	0.03001	0.06102	0.00647	0.00507	0.00146	0.02352	0.00509	0.02156	0.10060
4	0.03377	0.04584	0.03363	0.03134	0.03876	0.08320	0.00889	0.18081	0.08169	0.11584	0.02713	0.01553	0.01093	0.00603	0.00515	0.00143	0.02622	0.04070	0.00414	0.20897
5	0.03093	0.01399	0.01546	0.09786	0.11967	0.17392	0.05345	0.14157	0.06867	0.05693	0.01098	0.01280	0.00855	0.00620	0.00624	0.04927	0.03384	0.00439	0.00344	0.09185
6	0.05331	0.03624	0.01495	0.14114	0.12534	0.05605	0.07578	0.09464	0.04182	0.03531	0.03199	0.05752	0.07383	0.00734	0.00538	0.00167	0.00564	0.08133	0.00364	0.05706
7	0.04403	0.02656	0.05715	0.18813	0.05564	0.03178	0.03949	0.08672	0.05489	0.05719	0.07655	0.09717	0.01465	0.00819	0.03295	0.01303	0.00562	0.00593	0.01966	0.08465
8	0.03532	0.01058	0.01387	0.07594	0.09904	0.06710	0.04689	0.03504	0.01232	0.17239	0.06369	0.04834	0.03371	0.00740	0.00696	0.00169	0.11684	0.05818	0.00394	0.09075
9	0.03464	0.01259	0.04160	0.04551	0.05517	0.05146	0.03047	0.34453	0.01744	0.11623	0.01558	0.09227	0.03085	0.00739	0.00564	0.00166	0.02624	0.02917	0.01993	0.02163
10	0.01497	0.04036	0.01597	0.06607	0.15605	0.01360	0.03744	0.25880	0.24735	0.04282	0.01497	0.04344	0.01167	0.00637	0.00525	0.00164	0.00538	0.00540	0.00440	0.00806
11	0.04536	0.00910	0.01107	0.04796	0.01334	0.00908	0.00753	0.08924	0.16168	0.27535	0.07027	0.12853	0.01752	0.00785	0.00531	0.00164	0.00422	0.00661	0.00522	0.08312
12	0.13152	0.01183	0.08290	0.03947	0.06803	0.03822	0.05263	0.07474	0.10305	0.17533	0.10150	0.04961	0.03517	0.00686	0.00514	0.00165	0.00504	0.00573	0.00443	0.00714
13	0.01542	0.41495	0.06067	0.01074	0.01453	0.18177	0.00975	0.04109	0.07669	0.06174	0.00965	0.01055	0.00792	0.00538	0.00496	0.00137	0.05946	0.00355	0.00294	0.00687
14	0.04311	0.03128	0.03514	0.00837	0.01267	0.00863	0.00702	0.10394	0.01276	0.09441	0.01121	0.01219	0.00864	0.00464	0.00413	0.00105	0.00420	0.00363	0.06721	0.52577
15	0.17756	0.19649	0.08254	0.01157	0.03348	0.33406	0.00983	0.05345	0.01278	0.03328	0.00836	0.00954	0.00676	0.00508	0.00418	0.00139	0.00701	0.00330	0.00285	0.00649
16	0.00749	0.00504	0.00568	0.00573	0.00578	0.00500	0.00324	0.00756	0.00777	0.01031	0.01777	0.06235	0.03894	0.76788	0.02528	0.00486	0.00491	0.00792	0.00326	0.00323
17	0.00652	0.00496	0.00600	0.00644	0.00744	0.00444	0.00457	0.00792	0.01170	0.01530	0.21081	0.38435	0.28276	0.01398	0.00637	0.00189	0.00277	0.01231	0.00504	0.00444
18	0.01562	0.06509	0.16113	0.05347	0.08777	0.01375	0.08855	0.29989	0.03591	0.08163	0.01172	0.01274	0.00851	0.00547	0.00509	0.00156	0.00629	0.00457	0.00385	0.03738
19	0.09058	0.09836	0.31186	0.01510	0.05175	0.16148	0.14456	0.01743	0.03287	0.01621	0.00926	0.01105	0.00709	0.00492	0.00481	0.00155	0.00750	0.00405	0.00256	0.00702
20	0.00753	0.00521	0.00650	0.00650	0.00679	0.00549	0.00418	0.00810	0.00782	0.01071	0.01566	0.02992	0.01713	0.57942	0.26160	0.00606	0.00777	0.00696	0.00304	0.00361
21	0.00749	0.00540	0.00744	0.00744	0.00805	0.00600	0.00535	0.00870	0.00809	0.01140	0.01480	0.02517	0.01507	0.30825	0.52995	0.00722	0.01087	0.00627	0.00292	0.00413
22	0.06286	0.07967	0.01732	0.02958	0.21963	0.07009	0.03773	0.21009	0.03202	0.17208	0.01238	0.01307	0.00906	0.00551	0.00494	0.00153	0.00585	0.00450	0.00408	0.00801
23	0.01420	0.01820	0.13626	0.11216	0.04296	0.28033	0.06331	0.06215	0.01250	0.01494	0.00903	0.01176	0.00736	0.00778	0.05206	0.00204	0.13966	0.00422	0.00265	0.00643
24	0.01980	0.01459	0.01563	0.01198	0.01615	0.01615	0.00990	0.76713	0.02448	0.03282	0.01250	0.01250	0.00886	0.00625	0.00521	0.00156	0.00573	0.00469	0.00521	0.00886
25	0.00983	0.00926	0.01562	0.80447	0.03587	0.01157	0.01446	0.01331	0.01041	0.01331	0.00926	0.01388	0.00694	0.00521	0.00521	0.00174	0.00694	0.00463	0.00231	0.00579
26	0.00634	0.00453	0.00604	0.00725	0.00755	0.00423	0.00483	0.00725	0.00997	0.01329	0.02870	0.81358	0.03444	0.01632	0.00665	0.00211	0.00302	0.01480	0.00483	0.00423
27	0.01139	0.01139	0.01595	0.01367	0.01367	0.01595	0.01139	0.01253	0.00798	0.01253	0.00684	0.01139	0.00684	0.00911	0.01709	0.00228	0.80745	0.00456	0.00228	0.00570
28	0.01044	0.00995	0.01409	0.01219	0.01242	0.01322	0.03653	0.01152	0.00817	0.01230	0.00981	0.05469	0.01039	0.14329	0.03930	0.00288	0.58538	0.00564	0.00257	0.00522
29	0.00623	0.00499	0.00557	0.00604	0.00724	0.00433	0.00430	0.00739	0.01113	0.01377	0.04344	0.34583	0.49268	0.01440	0.00635	0.00190	0.00279	0.01247	0.00484	0.00433
30	0.17686	0.01323	0.01381	0.01078	0.01475	0.01455	0.00890	0.55985	0.02070	0.09822	0.01223	0.01221	0.00861	0.00600	0.00484	0.00158	0.00530	0.00439	0.00495	0.00825
31	0.01332	0.01126	0.01191	0.01062	0.01347	0.02836	0.00834	0.07331	0.62732	0.03559	0.04673	0.02056	0.01662	0.00739	0.00566	0.00177	0.02380	0.03082	0.00519	0.00796
32	0.03531	0.00483	0.00683	0.00697	0.00718	0.00486	0.00480	0.00742	0.00749	0.01031	0.01204	0.07345	0.01267	0.05633	0.01822	0.66134	0.00445	0.06007	0.00270	0.00273
33	0.20890	0.01099	0.01649	0.23550	0.40027	0.01199	0.01315	0.01510	0.01077	0.01750	0.00905	0.01212	0.00728	0.00484	0.00472	0.00161	0.00589	0.00421	0.00266	0.00697
34	0.01906	0.01368	0.05077	0.01070	0.01428	0.18697	0.03238	0.07770	0.06755	0.35941	0.01592	0.01531	0.01098	0.00605	0.00496	0.00152	0.00571	0.00474	0.09466	0.00764
35	0.06862	0.11416	0.34647	0.12272	0.02072	0.01323	0.04209	0.06680	0.10184	0.01780	0.01079	0.01234	0.00806	0.00526	0.00475	0.00160	0.00644	0.00417	0.02493	0.00721
36	0.00700	0.00489	0.00638	0.00696	0.00728	0.00492	0.00461	0.00773	0.00884	0.01197	0.02162	0.40155	0.02497	0.27201	0.16162	0.02355	0.00575	0.01057	0.00386	0.00393
37	0.01290	0.01256	0.05671	0.15957	0.39769	0.01246	0.06932	0.06330	0.10899	0.03776	0.01162	0.01398	0.00904	0.00519	0.00525	0.00163	0.00625	0.00489	0.00312	0.00776
38	0.05531	0.10031	0.19460	0.06048	0.12479	0.03274	0.06316	0.11083	0.01342	0.11919	0.03917	0.04122	0.01049	0.00579	0.00498	0.00158	0.00613	0.00485	0.00350	0.00745
39	0.00875	0.00816	0.04418	0.16120	0.09895	0.00812	0.04752	0.01095	0.00972	0.01324	0.01620	0.08843	0.05173	0.15378	0.22933	0.00417	0.00801	0.02932	0.00304	0.00521
40	0.00732	0.00521	0.00659	0.00659	0.00745	0.00492	0.00471	0.00898	0.01222	0.01686	0.43472	0.12969	0.06961	0.19709	0.01096	0.00254	0.00329	0.06191	0.00493	0.00440
41	0.01404	0.01453	0.01755	0.11486	0.03638	0.21330	0.19644	0.06683	0.05052	0.03599	0.01182	0.06152	0.00987	0.00591	0.00547	0.00155	0.02346	0.00526	0.03864	0.07608
42	0.04536	0.06563	0.13603	0.12046	0.13236	0.06544	0.02559	0.14140	0.06494	0.07245	0.02924	0.01439	0.02635	0.00676	0.02988	0.00180	0.00641	0.00468	0.00351	0.00734
43	0.00965	0.00611	0.00814	0.03614	0.02395	0.00593	0.00626	0.05806	0.01171	0.10979	0.02604	0.55846	0.04247	0.01369	0.00633	0.00201	0.00367	0.06142	0.00492	0.00526
44	0.01389	0.01098	0.01865	0.12580	0.02080	0.01104	0.27075	0.09644	0.04094	0.15613	0.01659	0.07012	0.06213	0.00670	0.00609	0.00173	0.03489	0.00638	0.00393	0.02601
45	0.05117	0.02959	0.10810	0.16376	0.08334	0.06595	0.08851	0.11681	0.05730	0.08578	0.04869	0.01552	0.03051	0.00586	0.00515	0.00162	0.00620	0.00501	0.02404	0.00709
46	0.08215	0.05538	0.22635	0.11438	0.18843	0.03249	0.07640	0.05646	0.01213	0.07773	0.01060	0.02616	0.00813	0.00523	0.00496	0.00161	0.00656	0.00450	0.00297	0.00736
47	0.06598	0.01312	0.04130	0.06333	0.16325	0.11651	0.02071	0.16236	0.04696	0.09141	0.01319	0.07010	0.01130	0.07335	0.00711	0.00190	0.02187	0.00541	0.00379	0.00703

[dist]
# distance from previous block
# <min> <max>
6	62

[block]
# block no. 6 follows, 47 sequences, length 41
# corresponding to MSA columns:
# 1073-1099,1106-1119
name=unknown_G
#
# <colnr> <probs for GDERKNQSTAVLIFYWHMCP>
#	G	D	E	R	K	N	Q	S	T	A	V	L	I	F	Y	W	H	M	C	P
0	0.01331	0.05574	0.02728	0.11625	0.08309	0.07857	0.00970	0.15535	0.04944	0.05716	0.06132	0.04582	0.08206	0.00763	0.00616	0.01803	0.04583	0.03665	0.00390	0.04672
1	0.03145	0.13192	0.03798	0.05920	0.08912	0.06745	0.00966	0.12807	0.02765	0.09600	0.05017	0.08595	0.01265	0.00685	0.00592	0.00155	0.07365	0.00533	0.00373	0.07571
2	0.05596	0.04840	0.02550	0.01073	0.06238	0.02513	0.02407	0.15435	0.04259	0.07923	0.03044	0.07503	0.04024	0.00652	0.00481	0.00138	0.00466	0.02669	0.00402	0.27787
3	0.30649	0.04151	0.01301	0.08274	0.09564	0.06811	0.03416	0.08312	0.01214	0.09580	0.02711	0.03181	0.00928	0.00574	0.00478	0.00159	0.02971	0.00432	0.04638	0.00656
4	0.01490	0.02753	0.09584	0.04699	0.07694	0.07133	0.09803	0.16192	0.01447	0.12359	0.03728	0.03037	0.03636	0.00632	0.00620	0.00161	0.07296	0.00516	0.01706	0.05512
5	0.03269	0.02888	0.11216	0.22113	0.19152	0.05313	0.14414	0.05139	0.01221	0.02905	0.03022	0.01417	0.02440	0.00523	0.00523	0.00162	0.00684	0.00488	0.00282	0.02830
6	0.01276	0.01136	0.01536	0.35037	0.13885	0.05099	0.01226	0.14918	0.07141	0.01822	0.01152	0.03406	0.00915	0.00597	0.00571	0.00167	0.04480	0.00494	0.04462	0.00681
7	0.00849	0.00581	0.00754	0.00728	0.00855	0.00605	0.00556	0.01141	0.05975	0.03657	0.28763	0.02833	0.03913	0.04428	0.28133	0.00405	0.00673	0.02116	0.12528	0.00506
8	0.00643	0.00528	0.00560	0.00553	0.00713	0.00451	0.00411	0.00792	0.01227	0.01521	0.18757	0.04752	0.62144	0.03818	0.00680	0.00184	0.00268	0.01059	0.00495	0.00445
9	0.00767	0.00564	0.00736	0.00825	0.00940	0.00542	0.00683	0.00956	0.01151	0.01474	0.03224	0.14096	0.18239	0.05500	0.00790	0.00237	0.00417	0.47930	0.00472	0.00457
10	0.01139	0.01139	0.01595	0.01367	0.01367	0.01595	0.01139	0.01253	0.00798	0.01253	0.00684	0.01139	0.00684	0.00911	0.01709	0.00228	0.80745	0.00456	0.00228	0.00570
11	0.00699	0.00529	0.00628	0.00616	0.00755	0.00473	0.00464	0.00896	0.01325	0.01778	0.42469	0.07243	0.32163	0.01181	0.00612	0.00172	0.00264	0.03901	0.03362	0.00469
12	0.01392	0.82012	0.02729	0.00891	0.01337	0.02061	0.00891	0.01559	0.01058	0.01225	0.00724	0.00835	0.00668	0.00446	0.00334	0.00111	0.00557	0.00278	0.00223	0.00668
13	0.00800	0.00557	0.00724	0.00796	0.00865	0.00556	0.00619	0.00940	0.01016	0.01332	0.02313	0.07069	0.02568	0.33618	0.01492	0.00345	0.00485	0.43080	0.00414	0.00412
14	0.01392	0.82012	0.02729	0.00891	0.01337	0.02061	0.00891	0.01559	0.01058	0.01225	0.00724	0.00835	0.00668	0.00446	0.00334	0.00111	0.00557	0.00278	0.00223	0.00668
15	0.01269	0.00713	0.00756	0.00662	0.00863	0.00738	0.00520	0.16960	0.01399	0.07222	0.01629	0.01787	0.01239	0.00613	0.00407	0.00131	0.00324	0.00484	0.61689	0.00594
16	0.00757	0.00505	0.00568	0.00568	0.00568	0.00505	0.00316	0.00757	0.00757	0.01010	0.01641	0.03408	0.01893	0.81698	0.02651	0.00505	0.00505	0.00757	0.00316	0.00316
17	0.00757	0.00505	0.00568	0.00568	0.00568	0.00505	0.00316	0.00757	0.00757	0.01010	0.01641	0.03408	0.01893	0.81698	0.02651	0.00505	0.00505	0.00757	0.00316	0.00316
18	0.01101	0.00598	0.00769	0.00685	0.00865	0.00547	0.00528	0.01337	0.01419	0.17808	0.50832	0.03157	0.03621	0.00908	0.00557	0.00157	0.00286	0.00786	0.13468	0.00571
19	0.02013	0.01302	0.01454	0.01126	0.01531	0.01396	0.00926	0.54348	0.07566	0.20622	0.01498	0.01420	0.01029	0.00635	0.00522	0.00159	0.00532	0.00490	0.00550	0.00881
20	0.00913	0.00568	0.00743	0.00678	0.00830	0.00520	0.00516	0.01154	0.01463	0.10123	0.67557	0.03601	0.04410	0.01005	0.00596	0.00162	0.00266	0.00882	0.03483	0.00533
21	0.35848	0.01107	0.01091	0.00894	0.01228	0.01220	0.00730	0.30756	0.01614	0.07016	0.12318	0.01501	0.01366	0.00633	0.00454	0.00160	0.00448	0.00465	0.00455	0.00697
22	0.00784	0.00561	0.00650	0.00683	0.00808	0.00530	0.00490	0.01035	0.08352	0.04644	0.03473	0.39826	0.27612	0.01328	0.00609	0.00188	0.00302	0.01161	0.06476	0.00490
23	0.01045	0.00869	0.01414	0.45111	0.14662	0.00982	0.01210	0.01324	0.01100	0.06457	0.03980	0.16767	0.01421	0.00750	0.00551	0.00177	0.00576	0.00678	0.00322	0.00605
24	0.01623	0.09199	0.01773	0.03645	0.23909	0.29890	0.01165	0.12174	0.06856	0.01735	0.01003	0.01160	0.00811	0.00539	0.00509	0.00147	0.02414	0.00409	0.00313	0.00727
25	0.01165	0.00979	0.01431	0.41071	0.05588	0.04542	0.01188	0.01429	0.01085	0.09255	0.05488	0.01640	0.01088	0.00906	0.06916	0.00231	0.13255	0.01835	0.00303	0.00604
26	0.01087	0.00925	0.01088	0.03255	0.01299	0.00744	0.00654	0.03254	0.04231	0.01728	0.01075	0.04945	0.00932	0.00468	0.00412	0.00093	0.00397	0.00385	0.00329	0.72699
27	0.03172	0.24720	0.37720	0.04523	0.01909	0.03103	0.03963	0.03954	0.01103	0.01535	0.00855	0.01047	0.00676	0.00529	0.00579	0.00156	0.09143	0.00372	0.00236	0.00705
28	0.00668	0.00466	0.00628	0.00727	0.00767	0.00452	0.00497	0.00767	0.00975	0.01330	0.02604	0.67041	0.03049	0.01854	0.09704	0.02419	0.00428	0.01308	0.03889	0.00425
29	0.01112	0.08325	0.04955	0.16153	0.26187	0.02735	0.07248	0.01394	0.01138	0.01533	0.06701	0.03323	0.05934	0.02230	0.00647	0.00174	0.05667	0.03591	0.00297	0.00656
30	0.48648	0.23119	0.01462	0.00855	0.01216	0.03195	0.03795	0.06879	0.01075	0.02019	0.00844	0.03386	0.00716	0.00518	0.00365	0.00149	0.00485	0.00346	0.00311	0.00617
31	0.01262	0.01146	0.01841	0.06399	0.51466	0.01171	0.04133	0.09905	0.02600	0.01834	0.03013	0.10404	0.01226	0.00634	0.00539	0.00164	0.00579	0.00598	0.00323	0.00762
32	0.01095	0.00948	0.01153	0.00944	0.06726	0.00733	0.00687	0.01332	0.01087	0.01697	0.00929	0.01095	0.00775	0.00391	0.00395	0.00083	0.00402	0.00320	0.00305	0.78904
33	0.01005	0.00655	0.00848	0.00759	0.00922	0.00648	0.00588	0.01298	0.05562	0.12305	0.55056	0.03354	0.07204	0.00989	0.00675	0.00169	0.06007	0.00839	0.00552	0.00566
34	0.03536	0.00816	0.01081	0.00853	0.01198	0.00710	0.00692	0.02099	0.01446	0.55430	0.18214	0.02158	0.02013	0.00713	0.00529	0.00156	0.00396	0.00593	0.00599	0.06769
35	0.00717	0.00532	0.00668	0.00634	0.00765	0.00483	0.00475	0.00943	0.01426	0.01973	0.65853	0.04080	0.17307	0.01108	0.00614	0.00166	0.00249	0.00968	0.00558	0.00483
36	0.01560	0.00876	0.01008	0.00866	0.01152	0.00907	0.00685	0.02287	0.32145	0.27831	0.01988	0.01885	0.01423	0.00660	0.00485	0.00157	0.00379	0.00540	0.22410	0.00757
37	0.01231	0.01142	0.01527	0.01292	0.01361	0.01519	0.01072	0.12074	0.01083	0.01604	0.06276	0.01351	0.01013	0.00881	0.01460	0.00213	0.63503	0.00492	0.00295	0.00609
38	0.21822	0.01439	0.01330	0.01076	0.01438	0.12636	0.00874	0.39630	0.01811	0.09486	0.01120	0.01154	0.00809	0.00587	0.00495	0.00156	0.02524	0.00410	0.00441	0.00761
39	0.03927	0.10003	0.01703	0.16668	0.14630	0.11852	0.03661	0.10462	0.07036	0.01714	0.01238	0.01432	0.04946	0.00596	0.00578	0.00158	0.06326	0.00466	0.00315	0.02288
40	0.59825	0.01254	0.00986	0.03304	0.01244	0.12211	0.00704	0.09388	0.01154	0.04676	0.00839	0.00947	0.00639	0.00512	0.00376	0.00157	0.00506	0.00322	0.00343	0.00613

[dist]
# distance from previous block
# <min> <max>
1	120

[block]
# block no. 7 follows, 47 sequences, length 27
# corresponding to MSA columns:
# 1248-1274
name=unknown_H
#
# <colnr> <probs for GDERKNQSTAVLIFYWHMCP>
#	G	D	E	R	K	N	Q	S	T	A	V	L	I	F	Y	W	H	M	C	P
0	0.02130	0.01218	0.01414	0.01084	0.01495	0.01257	0.00895	0.45491	0.02045	0.35074	0.01589	0.01470	0.01055	0.00633	0.00522	0.00158	0.00518	0.00492	0.00573	0.00886
1	0.01061	0.06388	0.75448	0.01457	0.02211	0.01249	0.01876	0.01645	0.01098	0.01629	0.00925	0.01087	0.00660	0.00492	0.00487	0.00162	0.00760	0.00380	0.00220	0.00765
2	0.00620	0.00528	0.00533	0.00532	0.00706	0.00441	0.00399	0.00755	0.01197	0.01430	0.07753	0.04974	0.75746	0.01310	0.00615	0.00175	0.00263	0.01094	0.00487	0.00441
3	0.02254	0.01019	0.01291	0.00990	0.01396	0.00963	0.00818	0.19769	0.01713	0.61265	0.01868	0.01651	0.01195	0.00640	0.00523	0.00160	0.00473	0.00511	0.00616	0.00886
4	0.01980	0.01459	0.01563	0.01198	0.01615	0.01615	0.00990	0.76713	0.02448	0.03282	0.01250	0.01250	0.00886	0.00625	0.00521	0.00156	0.00573	0.00469	0.00521	0.00886
5	0.01324	0.00589	0.00673	0.00600	0.00794	0.00558	0.00468	0.01556	0.01195	0.21845	0.01791	0.01898	0.01323	0.00617	0.00405	0.00132	0.00295	0.00495	0.62854	0.00589
6	0.01962	0.01986	0.01518	0.01272	0.01612	0.41803	0.00998	0.38256	0.01947	0.02248	0.01021	0.01090	0.00775	0.00580	0.00494	0.00145	0.00762	0.00400	0.00391	0.00740
7	0.00744	0.00558	0.00837	0.00837	0.00930	0.00651	0.00651	0.00930	0.00837	0.01209	0.01395	0.02046	0.01302	0.03906	0.79635	0.00837	0.01395	0.00558	0.00279	0.00465
8	0.01139	0.01696	0.36042	0.01158	0.03698	0.00931	0.01231	0.01539	0.01150	0.07480	0.06479	0.01345	0.01054	0.00504	0.00465	0.00131	0.00558	0.00408	0.00311	0.32680
9	0.02323	0.00908	0.01222	0.00937	0.01340	0.00797	0.00774	0.05317	0.01526	0.75981	0.02024	0.01753	0.01274	0.00644	0.00524	0.00161	0.00448	0.00522	0.00640	0.00886
10	0.00983	0.00926	0.01562	0.80447	0.03587	0.01157	0.01446	0.01331	0.01041	0.01331	0.00926	0.01388	0.00694	0.00521	0.00521	0.00174	0.00694	0.00463	0.00231	0.00579
11	0.04221	0.07947	0.09261	0.01833	0.22654	0.04945	0.13631	0.08522	0.01358	0.16862	0.02981	0.01374	0.00966	0.00529	0.00511	0.00156	0.00632	0.00478	0.00361	0.00778
12	0.01243	0.00722	0.00992	0.04376	0.05024	0.00745	0.00689	0.03197	0.01083	0.21174	0.05034	0.03670	0.01566	0.22790	0.19838	0.00415	0.04255	0.00618	0.01995	0.00572
13	0.85377	0.01007	0.00765	0.00685	0.01007	0.01168	0.00564	0.01531	0.00886	0.02336	0.00725	0.00846	0.00564	0.00483	0.00322	0.00161	0.00403	0.00282	0.00322	0.00564
14	0.00686	0.00526	0.00628	0.00613	0.00749	0.00468	0.00456	0.00880	0.01338	0.01790	0.46609	0.09196	0.31787	0.01194	0.00618	0.00171	0.00256	0.01034	0.00535	0.00468
15	0.01227	0.01160	0.01953	0.19797	0.58723	0.01216	0.01530	0.03292	0.01176	0.01647	0.00984	0.01326	0.00809	0.00557	0.02288	0.00174	0.00651	0.00466	0.00259	0.00765
16	0.02036	0.02111	0.01414	0.01245	0.01545	0.61292	0.00950	0.02186	0.01479	0.19287	0.01095	0.01133	0.00814	0.00562	0.00482	0.00140	0.00824	0.00379	0.00356	0.00669
17	0.81760	0.01071	0.00796	0.00713	0.01033	0.04569	0.00583	0.01555	0.00912	0.02290	0.00729	0.00850	0.00569	0.00486	0.00329	0.00160	0.00426	0.00284	0.00320	0.00566
18	0.00830	0.00597	0.00827	0.00942	0.01064	0.00593	0.00822	0.01066	0.01198	0.01552	0.02857	0.05840	0.05973	0.01434	0.00715	0.00237	0.00471	0.72024	0.00480	0.00478
19	0.00892	0.00560	0.00675	0.00648	0.00679	0.00571	0.00407	0.06354	0.00859	0.01146	0.01389	0.02697	0.01520	0.51557	0.02307	0.25967	0.00494	0.00644	0.00304	0.00331
20	0.00756	0.00535	0.00706	0.00758	0.00838	0.00521	0.00577	0.00922	0.01140	0.01541	0.22288	0.19124	0.03333	0.16636	0.02980	0.00279	0.00412	0.25745	0.00469	0.00440
21	0.39746	0.01053	0.01345	0.16464	0.21353	0.01172	0.03041	0.03307	0.01054	0.01953	0.00944	0.01321	0.00782	0.00532	0.00440	0.00166	0.00533	0.03853	0.00299	0.00641
22	0.08733	0.12905	0.11928	0.12158	0.04320	0.06304	0.18985	0.02896	0.02973	0.03055	0.00961	0.01213	0.00756	0.00615	0.02997	0.00180	0.05314	0.00441	0.00271	0.02995
23	0.02336	0.00886	0.01209	0.00927	0.01329	0.00765	0.00765	0.02538	0.01491	0.78810	0.02055	0.01773	0.01289	0.00645	0.00524	0.00161	0.00443	0.00524	0.00645	0.00886
24	0.01001	0.00896	0.01431	0.06962	0.36466	0.00903	0.02575	0.01286	0.04676	0.01576	0.04690	0.29762	0.03730	0.00933	0.00577	0.00178	0.00485	0.00864	0.00366	0.00644
25	0.01383	0.03491	0.15431	0.10164	0.26796	0.01219	0.15683	0.05916	0.01272	0.11902	0.01131	0.01338	0.00837	0.00503	0.00528	0.00162	0.00674	0.00482	0.00314	0.00774
26	0.00763	0.00530	0.00732	0.09221	0.01083	0.00523	0.00600	0.00895	0.01038	0.04860	0.02670	0.62455	0.05575	0.01421	0.00633	0.00202	0.00351	0.02847	0.03136	0.00464

[dist]
# distance from previous block
# <min> <max>
0	1

[block]
# block no. 8 follows, 47 sequences, length 28
# corresponding to MSA columns:
# 1276-1278,1282-1306
name=unknown_I
#
# <colnr> <probs for GDERKNQSTAVLIFYWHMCP>
#	G	D	E	R	K	N	Q	S	T	A	V	L	I	F	Y	W	H	M	C	P
0	0.05759	0.00515	0.00501	0.00497	0.00629	0.00524	0.00375	0.01231	0.01080	0.01964	0.01644	0.01879	0.01291	0.00600	0.00362	0.00124	0.00252	0.00474	0.79808	0.00490
1	0.01130	0.00955	0.01107	0.00795	0.01255	0.00745	0.00638	0.05490	0.01156	0.01785	0.00944	0.01089	0.00778	0.00399	0.00393	0.00082	0.00396	0.00317	0.00320	0.80227
2	0.03553	0.30189	0.11344	0.01239	0.03417	0.15906	0.03592	0.05011	0.05222	0.01486	0.00872	0.01043	0.00734	0.00567	0.00634	0.00151	0.13729	0.00371	0.00266	0.00673
3	0.00638	0.00464	0.00603	0.00704	0.00752	0.00428	0.00476	0.00741	0.01040	0.01378	0.07255	0.70350	0.10105	0.01573	0.00658	0.00206	0.00296	0.01417	0.00488	0.00428
4	0.01061	0.01134	0.07227	0.05057	0.28904	0.01005	0.17152	0.01390	0.01247	0.01740	0.19165	0.03589	0.06281	0.00689	0.00570	0.00166	0.00572	0.02029	0.00349	0.00673
5	0.01249	0.00803	0.00938	0.00843	0.01085	0.00814	0.00659	0.03059	0.25641	0.17754	0.15444	0.08319	0.14122	0.00940	0.00569	0.00175	0.00361	0.03972	0.02580	0.00672
6	0.00670	0.00511	0.00611	0.00641	0.00753	0.00460	0.00466	0.00820	0.01191	0.01552	0.22840	0.25955	0.31567	0.04472	0.00714	0.00199	0.00291	0.05341	0.00500	0.00446
