[name]
unknown

[dist]
# distance from previous block
# <min> <max>
3	120

[block]
# block no. 0 follows, 51 sequences, length 23
# corresponding to MSA columns:
# 142-164
name=unknown_A
#
# <colnr> <probs for GDERKNQSTAVLIFYWHMCP>
#	G	D	E	R	K	N	Q	S	T	A	V	L	I	F	Y	W	H	M	C	P
0	0.08315	0.01064	0.01116	0.00931	0.01208	0.10507	0.03108	0.18206	0.04499	0.18876	0.19031	0.06628	0.01898	0.00759	0.01504	0.00160	0.00471	0.00591	0.00472	0.00657
1	0.00711	0.00513	0.00589	0.00576	0.00709	0.00476	0.00429	0.00949	0.04583	0.01702	0.35189	0.08732	0.27620	0.01033	0.00542	0.00155	0.00247	0.00886	0.13901	0.00457
2	0.02483	0.00738	0.01109	0.00914	0.01139	0.00716	0.14178	0.03377	0.04896	0.11226	0.17866	0.10440	0.06633	0.00784	0.00530	0.00154	0.01910	0.00703	0.19642	0.00561
3	0.00978	0.00837	0.01327	0.46380	0.14390	0.00985	0.01139	0.01265	0.01001	0.01435	0.01033	0.01400	0.00810	0.00523	0.00524	0.00153	0.05351	0.00441	0.19466	0.00561
4	0.11033	0.01001	0.01106	0.00886	0.01226	0.06997	0.02738	0.08926	0.02822	0.28202	0.01434	0.07281	0.01129	0.01909	0.00487	0.00142	0.00452	0.01900	0.00434	0.19895
5	0.19924	0.00548	0.00602	0.00669	0.00765	0.00559	0.00470	0.00857	0.00924	0.01472	0.02338	0.61014	0.05550	0.01284	0.00553	0.00188	0.00305	0.01128	0.00422	0.00430
6	0.24198	0.01394	0.01210	0.01036	0.01321	0.24051	0.05882	0.11107	0.10378	0.03975	0.03180	0.04811	0.00993	0.00586	0.00461	0.00149	0.02094	0.00438	0.02119	0.00617
7	0.01279	0.59670	0.02181	0.00903	0.01267	0.01755	0.00841	0.01712	0.18543	0.01361	0.00978	0.01041	0.00828	0.00502	0.00434	0.00126	0.05305	0.00339	0.00276	0.00658
8	0.20390	0.01105	0.01684	0.06001	0.58474	0.01150	0.01281	0.01483	0.01049	0.01725	0.00868	0.01126	0.00717	0.00444	0.00446	0.00148	0.00541	0.00399	0.00256	0.00712
9	0.00678	0.00492	0.00628	0.00691	0.00758	0.00471	0.00482	0.03717	0.02254	0.01447	0.14262	0.59216	0.06357	0.03264	0.00656	0.00196	0.00296	0.03235	0.00467	0.00431
10	0.01041	0.00596	0.00869	0.00809	0.00963	0.00639	0.00639	0.01220	0.00929	0.18945	0.01457	0.01872	0.01226	0.02991	0.62656	0.00646	0.01114	0.00519	0.00341	0.00529
11	0.01063	0.28417	0.36814	0.01046	0.01508	0.01243	0.01183	0.01322	0.00935	0.01267	0.00810	0.01059	0.00677	0.00732	0.00745	0.19453	0.00593	0.00345	0.00210	0.00579
12	0.01146	0.01075	0.01729	0.09409	0.55231	0.01045	0.01287	0.01425	0.01084	0.01574	0.00908	0.01180	0.00756	0.00426	0.00459	0.00131	0.00540	0.00405	0.00252	0.19938
13	0.00877	0.00795	0.01319	0.63316	0.02819	0.00984	0.01195	0.01170	0.00939	0.01230	0.00973	0.01450	0.00785	0.01212	0.18618	0.00305	0.00804	0.00457	0.00229	0.00522
14	0.01149	0.01007	0.01648	0.02439	0.61808	0.01007	0.01245	0.01426	0.01099	0.01657	0.01078	0.01355	0.00887	0.00468	0.00454	0.00139	0.00504	0.00442	0.19482	0.00706
15	0.04187	0.00848	0.00967	0.00860	0.01061	0.06899	0.02684	0.07094	0.04730	0.17265	0.15759	0.24549	0.04325	0.00947	0.00587	0.00166	0.03935	0.00805	0.00467	0.01865
16	0.15355	0.00876	0.01147	0.19059	0.01688	0.00896	0.00840	0.01998	0.05797	0.45112	0.01500	0.01460	0.00997	0.00561	0.00463	0.00156	0.00464	0.00448	0.00465	0.00718
17	0.22853	0.00897	0.01050	0.00834	0.01192	0.00872	0.00687	0.05342	0.04772	0.54106	0.01600	0.01444	0.01045	0.00573	0.00447	0.00153	0.00413	0.00439	0.00524	0.00759
18	0.00637	0.00477	0.00681	0.00736	0.00792	0.00453	0.03704	0.00743	0.00951	0.01275	0.05299	0.66389	0.04575	0.05124	0.05447	0.00243	0.00375	0.01256	0.00432	0.00411
19	0.01033	0.15921	0.45496	0.01121	0.01699	0.01137	0.01310	0.01432	0.01022	0.01485	0.00925	0.04528	0.00762	0.00482	0.00425	0.00130	0.00591	0.00375	0.00238	0.19887
20	0.00696	0.00560	0.00653	0.00622	0.00799	0.00468	0.00456	0.00838	0.01062	0.01421	0.09809	0.29466	0.29964	0.01122	0.00547	0.00155	0.00285	0.00975	0.00426	0.19676
21	0.01006	0.02211	0.62420	0.01376	0.01938	0.01223	0.01648	0.01472	0.00973	0.01472	0.00828	0.01046	0.00628	0.00556	0.00726	0.00169	0.19037	0.00378	0.00209	0.00684
22	0.06151	0.01042	0.01643	0.35491	0.34101	0.02604	0.02508	0.03225	0.01096	0.06129	0.00953	0.01253	0.00736	0.00476	0.00479	0.00154	0.00600	0.00431	0.00264	0.00666

[dist]
# distance from previous block
# <min> <max>
0	5

[block]
# block no. 1 follows, 51 sequences, length 23
# corresponding to MSA columns:
# 170-192
name=unknown_B
#
# <colnr> <probs for GDERKNQSTAVLIFYWHMCP>
#	G	D	E	R	K	N	Q	S	T	A	V	L	I	F	Y	W	H	M	C	P
0	0.00814	0.00641	0.00967	0.00897	0.01056	0.00613	0.10310	0.02399	0.04433	0.03818	0.14179	0.30266	0.11137	0.01170	0.00607	0.00186	0.00386	0.15182	0.00449	0.00490
1	0.00673	0.00505	0.00625	0.00605	0.00733	0.00457	0.00460	0.00878	0.01310	0.01784	0.56751	0.04037	0.22935	0.01084	0.00586	0.00161	0.00249	0.05202	0.00515	0.00451
2	0.01047	0.00988	0.01636	0.49106	0.30163	0.01126	0.01381	0.01425	0.05613	0.01426	0.00958	0.01308	0.00748	0.00483	0.00490	0.00158	0.00614	0.00444	0.00244	0.00642
3	0.01227	0.36326	0.28665	0.01190	0.01692	0.08508	0.07865	0.01598	0.04563	0.01373	0.00843	0.00981	0.00678	0.00463	0.00434	0.00134	0.02222	0.00345	0.00230	0.00665
4	0.00972	0.00545	0.00697	0.00683	0.00778	0.00534	0.00481	0.01073	0.00956	0.15363	0.01990	0.30720	0.02078	0.23437	0.06276	0.00296	0.03108	0.00871	0.08677	0.00463
5	0.01070	0.00775	0.00920	0.00871	0.02949	0.05380	0.02153	0.03588	0.09330	0.12220	0.25817	0.19112	0.04118	0.04194	0.00669	0.00180	0.03044	0.02580	0.00473	0.00557
6	0.01546	0.02140	0.03196	0.02942	0.05838	0.07787	0.08170	0.10137	0.04945	0.27673	0.08796	0.03396	0.02997	0.04122	0.00616	0.00169	0.01953	0.02441	0.00446	0.00690
7	0.02664	0.01311	0.05363	0.03102	0.15818	0.14038	0.10867	0.07563	0.03117	0.16776	0.08182	0.02800	0.01222	0.00587	0.00553	0.00153	0.04327	0.00500	0.00368	0.00689
8	0.26324	0.03632	0.03662	0.04025	0.13850	0.35580	0.03281	0.01680	0.01146	0.01582	0.00776	0.00942	0.00630	0.00474	0.00413	0.00140	0.00667	0.00333	0.00263	0.00600
9	0.01439	0.40346	0.11560	0.01102	0.01498	0.23953	0.04040	0.03416	0.01151	0.03065	0.00780	0.00908	0.00653	0.00476	0.00439	0.00126	0.03859	0.00319	0.00239	0.00632
10	0.01108	0.02641	0.01253	0.02780	0.03095	0.01055	0.05581	0.05738	0.17260	0.06808	0.04478	0.08167	0.03151	0.03512	0.10965	0.00265	0.18680	0.02491	0.00370	0.00602
11	0.08434	0.21108	0.18285	0.03769	0.04521	0.02746	0.05097	0.08104	0.04019	0.12269	0.05259	0.01312	0.01004	0.00530	0.00440	0.00143	0.00550	0.01394	0.00331	0.00685
12	0.01095	0.05435	0.06915	0.19965	0.18251	0.01181	0.27885	0.01507	0.05506	0.01534	0.05106	0.01406	0.00966	0.00485	0.00516	0.00157	0.00661	0.00504	0.00266	0.00658
13	0.00600	0.00493	0.00528	0.00531	0.00679	0.00421	0.00394	0.00738	0.01148	0.01421	0.16307	0.10688	0.61888	0.01231	0.00584	0.00167	0.00249	0.01043	0.00469	0.00421
14	0.01273	0.10633	0.04723	0.13333	0.26844	0.07080	0.08465	0.07111	0.04714	0.03955	0.00998	0.01226	0.00792	0.00563	0.02378	0.00162	0.02550	0.00429	0.02086	0.00685
15	0.01268	0.03042	0.06116	0.15248	0.35034	0.01103	0.03780	0.01540	0.01092	0.13657	0.01122	0.04954	0.00912	0.00564	0.00600	0.00159	0.08326	0.00485	0.00300	0.00698
16	0.00634	0.00480	0.00564	0.00580	0.00694	0.00428	0.00421	0.00787	0.01157	0.01531	0.27568	0.23621	0.33991	0.01216	0.00583	0.00169	0.00252	0.01057	0.03838	0.00428
17	0.00631	0.00499	0.00572	0.00598	0.00716	0.00451	0.00431	0.00812	0.04323	0.01434	0.15710	0.29644	0.39855	0.01279	0.00592	0.00175	0.00264	0.01111	0.00471	0.00432
18	0.01333	0.16103	0.10133	0.03280	0.11842	0.10995	0.14198	0.10346	0.04302	0.03451	0.02643	0.02278	0.00868	0.00550	0.00546	0.02644	0.03095	0.00437	0.00290	0.00669
19	0.00854	0.00912	0.07109	0.01130	0.01407	0.00764	0.24044	0.01175	0.03759	0.01655	0.28089	0.11453	0.11647	0.00872	0.00577	0.00167	0.00468	0.02973	0.00405	0.00540
20	0.00604	0.00432	0.00575	0.00681	0.00714	0.00403	0.00457	0.00698	0.00966	0.01295	0.07055	0.77947	0.03329	0.01509	0.00625	0.00197	0.00282	0.01368	0.00461	0.00403
21	0.20211	0.00857	0.00905	0.00824	0.04089	0.00913	0.00625	0.14499	0.08420	0.12250	0.04029	0.01590	0.03367	0.00591	0.00414	0.00142	0.00369	0.00456	0.24819	0.00628
22	0.04725	0.07771	0.11854	0.05843	0.04006	0.15426	0.13442	0.10221	0.05693	0.05305	0.00975	0.01145	0.00752	0.00540	0.00605	0.00155	0.10163	0.00418	0.00296	0.00663

[dist]
# distance from previous block
# <min> <max>
5	8

[block]
# block no. 2 follows, 51 sequences, length 6
# corresponding to MSA columns:
# 201-206
name=unknown_C
#
# <colnr> <probs for GDERKNQSTAVLIFYWHMCP>
#	G	D	E	R	K	N	Q	S	T	A	V	L	I	F	Y	W	H	M	C	P
0	0.11213	0.08339	0.01632	0.01240	0.01543	0.34691	0.14965	0.01650	0.01178	0.03342	0.03075	0.03051	0.00838	0.00536	0.00531	0.00142	0.06489	0.00408	0.00276	0.04860
1	0.03564	0.00930	0.01070	0.00834	0.01197	0.00859	0.00668	0.14327	0.09655	0.14659	0.03649	0.05499	0.03327	0.00578	0.00445	0.00122	0.00394	0.00470	0.00419	0.37335
2	0.01528	0.01647	0.01418	0.01233	0.01417	0.35378	0.00983	0.15137	0.01321	0.01544	0.00882	0.01224	0.00777	0.00684	0.00869	0.00166	0.28921	0.03979	0.00292	0.00600
3	0.03140	0.00877	0.01134	0.04147	0.04647	0.02426	0.02529	0.10428	0.05454	0.29532	0.01855	0.10518	0.06283	0.00847	0.00677	0.06147	0.04784	0.03461	0.00457	0.00657
4	0.00956	0.00886	0.01478	0.57457	0.17449	0.01034	0.01288	0.01265	0.01055	0.01404	0.09906	0.01564	0.01136	0.00540	0.00501	0.00159	0.00593	0.00489	0.00260	0.00580
5	0.01295	0.01370	0.01489	0.10457	0.32527	0.25803	0.01104	0.01471	0.01110	0.01315	0.00934	0.01373	0.00841	0.10008	0.00805	0.06163	0.00662	0.00431	0.00248	0.00594

[dist]
# distance from previous block
# <min> <max>
0	18

[block]
# block no. 3 follows, 51 sequences, length 16
# corresponding to MSA columns:
# 225-240
name=unknown_D
#
# <colnr> <probs for GDERKNQSTAVLIFYWHMCP>
#	G	D	E	R	K	N	Q	S	T	A	V	L	I	F	Y	W	H	M	C	P
0	0.80975	0.00943	0.00748	0.00660	0.00969	0.01079	0.00544	0.01504	0.00872	0.07045	0.00762	0.00853	0.00575	0.00466	0.00316	0.00152	0.00383	0.00280	0.00323	0.00551
1	0.73053	0.00933	0.00788	0.00682	0.00998	0.01043	0.00562	0.01593	0.00926	0.14383	0.00881	0.00935	0.00639	0.00480	0.00334	0.00152	0.00386	0.00302	0.00352	0.00580
2	0.00604	0.00431	0.00575	0.00681	0.00714	0.00402	0.00457	0.00697	0.00964	0.01291	0.06596	0.78418	0.03321	0.01512	0.00625	0.00197	0.00282	0.01371	0.00460	0.00402
3	0.00623	0.00511	0.00557	0.00580	0.00735	0.00445	0.00458	0.00768	0.01122	0.01356	0.04500	0.04893	0.64055	0.01267	0.00601	0.00178	0.00290	0.16182	0.00456	0.00422
4	0.82800	0.00946	0.00739	0.00655	0.00963	0.01087	0.00540	0.01483	0.00859	0.05354	0.00735	0.00834	0.00560	0.00462	0.00312	0.00152	0.00382	0.00275	0.00316	0.00545
5	0.00608	0.00434	0.00581	0.00695	0.00728	0.00407	0.00472	0.00700	0.00950	0.01265	0.02703	0.78699	0.03230	0.01531	0.00630	0.00201	0.00293	0.05015	0.00456	0.00402
6	0.02175	0.00884	0.01170	0.00897	0.01278	0.00793	0.00741	0.09064	0.01486	0.73222	0.01872	0.01629	0.01183	0.00607	0.00494	0.00152	0.00429	0.00490	0.00598	0.00836
7	0.06116	0.00861	0.01118	0.00875	0.01242	0.00784	0.00718	0.02369	0.08202	0.69428	0.01884	0.01645	0.01209	0.00606	0.00486	0.00153	0.00414	0.00489	0.00584	0.00817
8	0.01264	0.00718	0.00859	0.00762	0.00987	0.00712	0.00600	0.02967	0.17952	0.22958	0.16139	0.06371	0.06862	0.00807	0.00507	0.00156	0.00335	0.04304	0.14109	0.00630
9	0.08903	0.01032	0.01200	0.00947	0.01311	0.01053	0.00776	0.24406	0.11734	0.40971	0.01622	0.01478	0.01086	0.00598	0.00479	0.00153	0.00447	0.00468	0.00535	0.00803
10	0.00627	0.00509	0.00558	0.00553	0.00700	0.00447	0.00412	0.00808	0.03210	0.01499	0.23008	0.09703	0.53850	0.01191	0.00582	0.00165	0.00251	0.01013	0.00478	0.00435
11	0.35753	0.00882	0.00973	0.00783	0.01133	0.00874	0.00646	0.02015	0.01179	0.48931	0.01438	0.01323	0.00943	0.00548	0.00418	0.00152	0.00403	0.00403	0.00487	0.00715
12	0.00608	0.00434	0.00581	0.00695	0.00728	0.00407	0.00472	0.00700	0.00950	0.01265	0.02703	0.78684	0.03230	0.01531	0.00630	0.00201	0.00293	0.05029	0.00456	0.00402
13	0.75120	0.00977	0.00787	0.00698	0.01003	0.01130	0.00570	0.04527	0.08051	0.02226	0.00824	0.00908	0.00633	0.00481	0.00329	0.00153	0.00387	0.00300	0.00329	0.00567
14	0.01285	0.01161	0.01536	0.01915	0.38634	0.06732	0.01096	0.12918	0.05343	0.03116	0.05004	0.01538	0.05893	0.00548	0.00480	0.00139	0.00521	0.00477	0.00334	0.11331
15	0.01305	0.29471	0.33086	0.01266	0.06658	0.07422	0.03027	0.01642	0.01097	0.09431	0.00919	0.01025	0.00700	0.00466	0.00420	0.00136	0.00632	0.00349	0.00256	0.00695

[dist]
# distance from previous block
# <min> <max>
2	3

[block]
# block no. 4 follows, 51 sequences, length 74
# corresponding to MSA columns:
# 244,253-294,296-326
name=unknown_E
#
# <colnr> <probs for GDERKNQSTAVLIFYWHMCP>
#	G	D	E	R	K	N	Q	S	T	A	V	L	I	F	Y	W	H	M	C	P
0	0.03743	0.07257	0.01577	0.12601	0.11031	0.02184	0.13909	0.06034	0.01128	0.03483	0.01342	0.11360	0.03792	0.02109	0.00526	0.00152	0.00533	0.02453	0.00312	0.14472
1	0.00761	0.00610	0.00886	0.00853	0.00921	0.00746	0.00667	0.00915	0.00779	0.01136	0.01225	0.01876	0.01172	0.08154	0.63479	0.00680	0.13913	0.00523	0.00258	0.00446
2	0.00705	0.00510	0.00640	0.00698	0.00785	0.00488	0.00501	0.00919	0.06710	0.03345	0.10912	0.51416	0.12448	0.01348	0.00608	0.00189	0.00298	0.06557	0.00472	0.00450
3	0.02260	0.09931	0.25405	0.05153	0.14033	0.04162	0.04739	0.05862	0.01165	0.09588	0.01033	0.03053	0.00801	0.00493	0.00454	0.00139	0.00593	0.00409	0.00291	0.10437
4	0.03549	0.11413	0.34364	0.01538	0.10507	0.04058	0.14085	0.06264	0.02228	0.03491	0.01944	0.01146	0.00761	0.00473	0.00466	0.00148	0.00661	0.00410	0.01792	0.00701
5	0.00601	0.00464	0.00544	0.00604	0.00693	0.00413	0.00424	0.00704	0.01016	0.01281	0.03651	0.43504	0.36379	0.04425	0.00678	0.00196	0.00281	0.03290	0.00450	0.00404
6	0.00731	0.00539	0.00632	0.00602	0.00753	0.00491	0.00453	0.00973	0.05266	0.04697	0.39810	0.06703	0.34360	0.01087	0.00574	0.00161	0.00256	0.00934	0.00504	0.00472
7	0.01130	0.05277	0.13764	0.06284	0.07296	0.08380	0.04808	0.02830	0.04841	0.01532	0.01013	0.02976	0.00859	0.00510	0.00490	0.00128	0.03955	0.02973	0.00280	0.30672
8	0.01051	0.00892	0.01036	0.00743	0.01178	0.00687	0.00595	0.04093	0.01067	0.01657	0.00885	0.01025	0.00732	0.00372	0.00369	0.00076	0.00371	0.00297	0.00299	0.82577
9	0.00690	0.00522	0.00631	0.00608	0.00743	0.00477	0.00461	0.02776	0.01306	0.01760	0.49327	0.06926	0.26894	0.01100	0.00583	0.00162	0.00255	0.03815	0.00508	0.00455
10	0.00615	0.00450	0.00581	0.00672	0.00729	0.00416	0.00469	0.00722	0.01000	0.01316	0.06956	0.63086	0.13081	0.01462	0.00622	0.00195	0.00289	0.06471	0.00460	0.00408
11	0.03732	0.02322	0.01150	0.00923	0.01237	0.08209	0.00742	0.09299	0.12817	0.32809	0.05875	0.01671	0.03406	0.00732	0.03252	0.00169	0.03239	0.00492	0.00477	0.07447
12	0.01007	0.00545	0.00555	0.00522	0.00663	0.00559	0.00400	0.08461	0.01152	0.01952	0.01563	0.01770	0.01219	0.00574	0.00358	0.00118	0.00259	0.00457	0.77373	0.00494
13	0.00738	0.00499	0.00571	0.00575	0.00591	0.00500	0.00341	0.02828	0.00789	0.01051	0.01668	0.10292	0.01917	0.71238	0.02234	0.00437	0.00461	0.02625	0.00321	0.00325
14	0.06642	0.01317	0.01258	0.01095	0.03756	0.15154	0.00845	0.30967	0.09906	0.06148	0.01383	0.03870	0.04178	0.00686	0.01633	0.00160	0.05853	0.00479	0.03976	0.00692
15	0.01292	0.77301	0.06565	0.00878	0.01307	0.01895	0.00896	0.01470	0.00996	0.01177	0.00693	0.00807	0.00631	0.00431	0.00348	0.00110	0.02089	0.00271	0.00210	0.00634
16	0.01426	0.01180	0.01866	0.01365	0.01803	0.04308	0.31332	0.12692	0.01341	0.14698	0.01136	0.01266	0.00827	0.00463	0.00493	0.00136	0.00604	0.00462	0.00354	0.22249
17	0.01303	0.73026	0.09430	0.00906	0.01347	0.04654	0.00931	0.01496	0.01016	0.01193	0.00704	0.00814	0.00630	0.00428	0.00333	0.00110	0.00556	0.00274	0.00211	0.00637
18	0.01681	0.04108	0.01300	0.01016	0.01331	0.09364	0.00819	0.40851	0.01773	0.15455	0.01549	0.12286	0.03371	0.00730	0.00521	0.00153	0.01923	0.00577	0.00466	0.00725
19	0.00970	0.00934	0.01634	0.68740	0.09334	0.01110	0.07742	0.01302	0.01008	0.01310	0.00888	0.01304	0.00672	0.00481	0.00498	0.00163	0.00664	0.00449	0.00223	0.00574
20	0.00702	0.00527	0.00655	0.00637	0.00760	0.00496	0.00477	0.00969	0.05616	0.01803	0.55265	0.11249	0.14781	0.01080	0.00583	0.00163	0.00254	0.02998	0.00516	0.00468
21	0.00928	0.00873	0.01474	0.81548	0.03385	0.01092	0.01365	0.01256	0.00983	0.01256	0.00873	0.01310	0.00655	0.00491	0.00491	0.00164	0.00655	0.00437	0.00218	0.00546
22	0.00703	0.00523	0.00770	0.00770	0.00851	0.00604	0.00590	0.00865	0.00784	0.01126	0.01334	0.02029	0.01271	0.09714	0.74811	0.00766	0.01252	0.00541	0.00266	0.00428
23	0.00725	0.00554	0.00835	0.00796	0.00884	0.00609	0.04532	0.00871	0.00797	0.01125	0.01395	0.04691	0.01391	0.21095	0.56668	0.00669	0.01072	0.00598	0.00276	0.00418
24	0.03696	0.00871	0.01153	0.00886	0.01265	0.00778	0.00732	0.06980	0.01451	0.73925	0.01870	0.01627	0.01181	0.00604	0.00491	0.00152	0.00425	0.00487	0.00596	0.00831
25	0.01106	0.00564	0.00599	0.00548	0.00708	0.00566	0.00424	0.07335	0.01165	0.08879	0.01599	0.01766	0.01222	0.00577	0.00369	0.00120	0.00270	0.00460	0.71200	0.00522
26	0.00986	0.02542	0.80183	0.01401	0.02127	0.01141	0.01816	0.01556	0.01038	0.01556	0.00882	0.01038	0.00623	0.00467	0.00467	0.00156	0.00726	0.00363	0.00208	0.00726
27	0.03958	0.01090	0.01265	0.00980	0.01352	0.01119	0.00807	0.38654	0.03741	0.36379	0.01534	0.01425	0.01026	0.00596	0.00483	0.00149	0.00468	0.00464	0.03697	0.00813
28	0.00638	0.00455	0.00612	0.00723	0.00767	0.00433	0.00517	0.00749	0.00972	0.01289	0.02664	0.66040	0.03139	0.03223	0.00677	0.00211	0.00321	0.15710	0.00452	0.00407
29	0.00703	0.00524	0.00777	0.00777	0.00860	0.00607	0.00598	0.00869	0.00786	0.01131	0.01328	0.01997	0.01257	0.07771	0.76736	0.00774	0.01273	0.00536	0.00265	0.00431
30	0.01836	0.02342	0.01393	0.01266	0.01519	0.80756	0.00950	0.01962	0.01393	0.01203	0.00760	0.00886	0.00633	0.00506	0.00443	0.00127	0.00886	0.00317	0.00253	0.00570
31	0.00614	0.00499	0.00544	0.00533	0.00684	0.00429	0.00400	0.00770	0.01199	0.01514	0.26599	0.04422	0.57727	0.01175	0.00580	0.00163	0.00244	0.00994	0.00481	0.00429
32	0.04285	0.00661	0.00863	0.00731	0.00967	0.00597	0.00577	0.01596	0.01342	0.36778	0.35209	0.06680	0.02770	0.00820	0.00526	0.00154	0.00323	0.00701	0.03793	0.00629
33	0.01216	0.01168	0.01995	0.03016	0.79664	0.01168	0.01508	0.01508	0.01119	0.01605	0.00924	0.01216	0.00778	0.00438	0.00487	0.00146	0.00584	0.00438	0.00243	0.00778
34	0.00674	0.00501	0.00628	0.00596	0.00721	0.00455	0.00447	0.00886	0.01341	0.01852	0.65673	0.03866	0.18442	0.01049	0.00580	0.00157	0.00235	0.00916	0.00525	0.00455
35	0.03561	0.00803	0.01017	0.00815	0.01123	0.00750	0.00661	0.08755	0.03845	0.48912	0.14533	0.01958	0.01742	0.00667	0.00490	0.00149	0.00379	0.00548	0.08560	0.00731
36	0.01028	0.00975	0.01654	0.54343	0.29809	0.01118	0.01414	0.01343	0.01030	0.01377	0.00891	0.01278	0.00698	0.00473	0.00490	0.00158	0.00630	0.00437	0.00227	0.00626
37	0.65752	0.01033	0.00863	0.00745	0.01060	0.03604	0.00609	0.09081	0.04770	0.07339	0.00880	0.00945	0.00656	0.00491	0.00349	0.00152	0.00415	0.00314	0.00350	0.00595
38	0.01629	0.11536	0.24984	0.01085	0.01573	0.01192	0.01110	0.20773	0.01465	0.26702	0.01276	0.01255	0.00874	0.00538	0.00461	0.00146	0.00551	0.00413	0.01665	0.00773
39	0.00786	0.00579	0.00672	0.00624	0.00774	0.00548	0.00466	0.04941	0.05047	0.03688	0.39159	0.03688	0.27156	0.08808	0.00752	0.00189	0.00289	0.00869	0.00489	0.00477
40	0.00600	0.00439	0.00559	0.00652	0.00700	0.00404	0.00439	0.00688	0.00959	0.01255	0.02995	0.68564	0.14138	0.04263	0.00684	0.00204	0.00286	0.01322	0.00451	0.00398
41	0.01037	0.00783	0.00969	0.03576	0.04630	0.00686	0.00635	0.07071	0.01234	0.07162	0.18319	0.06415	0.09351	0.00692	0.00474	0.00124	0.00357	0.00588	0.00402	0.35494
42	0.00849	0.00734	0.01102	0.00967	0.01042	0.00871	0.07873	0.00975	0.00791	0.01135	0.01177	0.02039	0.01198	0.26915	0.27879	0.00480	0.22709	0.00563	0.00259	0.00443
43	0.00714	0.00477	0.00541	0.00541	0.00542	0.00479	0.00303	0.00718	0.00716	0.00956	0.01544	0.03193	0.01777	0.81307	0.03910	0.00482	0.00492	0.00711	0.00297	0.00300
44	0.01622	0.04022	0.05128	0.01154	0.01473	0.54240	0.00919	0.05780	0.04595	0.01419	0.00856	0.00968	0.00695	0.00490	0.00433	0.00121	0.00744	0.00330	0.00279	0.14732
45	0.01132	0.19841	0.25987	0.01172	0.05163	0.02145	0.05682	0.05619	0.03080	0.04604	0.11667	0.05096	0.01370	0.00628	0.01485	0.00151	0.00559	0.00488	0.00311	0.03820
46	0.00613	0.00486	0.00552	0.00574	0.00699	0.00425	0.00422	0.00751	0.01130	0.01432	0.17823	0.21602	0.46644	0.01270	0.00594	0.00173	0.00261	0.03655	0.00471	0.00422
47	0.00715	0.00476	0.00536	0.00536	0.00536	0.00476	0.00298	0.00715	0.00715	0.00953	0.01548	0.03216	0.01787	0.82729	0.02501	0.00476	0.00476	0.00715	0.00298	0.00298
48	0.04980	0.62959	0.03297	0.00888	0.01285	0.09413	0.00842	0.01611	0.02973	0.06720	0.00813	0.00889	0.00689	0.00450	0.00346	0.00115	0.00546	0.00293	0.00253	0.00640
49	0.13757	0.00836	0.01039	0.00831	0.01154	0.00794	0.01704	0.06031	0.03303	0.48406	0.15111	0.01868	0.01692	0.00653	0.00483	0.00153	0.00392	0.00530	0.00540	0.00725
50	0.00599	0.00428	0.00570	0.00684	0.00713	0.00399	0.00456	0.00684	0.00941	0.01254	0.02709	0.82409	0.03250	0.01540	0.00627	0.00200	0.00285	0.01397	0.00456	0.00399
51	0.05357	0.00959	0.01031	0.00841	0.01106	0.01034	0.00672	0.39712	0.01644	0.06425	0.01310	0.01468	0.00998	0.03217	0.00606	0.06387	0.00424	0.00449	0.25713	0.00647
52	0.01139	0.01089	0.01867	0.19287	0.59411	0.01132	0.03325	0.01439	0.01100	0.01543	0.03358	0.01315	0.00872	0.00466	0.00493	0.00150	0.00594	0.00455	0.00247	0.00717
53	0.00602	0.00435	0.00570	0.00670	0.00711	0.00403	0.00452	0.00697	0.00973	0.01293	0.06519	0.73988	0.07877	0.01496	0.00622	0.00195	0.00280	0.01351	0.00460	0.00403
54	0.08918	0.00952	0.01126	0.00892	0.01228	0.00951	0.00725	0.21426	0.05271	0.40479	0.08550	0.01713	0.01401	0.03426	0.00554	0.00163	0.00430	0.00508	0.00531	0.00756
55	0.01990	0.00853	0.01106	0.00870	0.01221	0.00783	0.00711	0.05839	0.08344	0.63200	0.04845	0.01747	0.01356	0.00626	0.00492	0.00152	0.00406	0.00511	0.04147	0.00801
56	0.01314	0.83025	0.02575	0.00841	0.01261	0.01945	0.00841	0.01472	0.00999	0.01156	0.00683	0.00788	0.00631	0.00420	0.00315	0.00105	0.00526	0.00263	0.00210	0.00631
57	0.01409	0.01125	0.01295	0.00980	0.01384	0.01109	0.03697	0.34210	0.09806	0.02288	0.01128	0.01186	0.00856	0.00494	0.00441	0.00118	0.00460	0.00395	0.00397	0.37221
58	0.01175	0.48911	0.35471	0.01078	0.01628	0.01604	0.01254	0.01507	0.01015	0.01326	0.00767	0.00894	0.00627	0.00440	0.00380	0.00127	0.00611	0.00305	0.00209	0.00671
59	0.01124	0.00941	0.01507	0.01177	0.01493	0.03626	0.25227	0.04249	0.01162	0.10842	0.01865	0.21493	0.08481	0.00790	0.00540	0.00156	0.00514	0.00752	0.00377	0.13685
60	0.01707	0.01757	0.01441	0.01221	0.01521	0.39586	0.04897	0.24630	0.07436	0.03728	0.01105	0.01315	0.00885	0.00590	0.00506	0.00145	0.02432	0.04069	0.00360	0.00669
61	0.00688	0.00502	0.00647	0.00611	0.00730	0.00461	0.00458	0.00913	0.01374	0.01930	0.74682	0.03738	0.09385	0.01020	0.00580	0.00155	0.00233	0.00898	0.00536	0.00461
62	0.01172	0.01143	0.02010	0.13566	0.61993	0.01165	0.08756	0.01480	0.01104	0.01555	0.00924	0.01239	0.00759	0.00443	0.00496	0.00150	0.00617	0.00451	0.00240	0.00736
63	0.08799	0.05817	0.01421	0.01161	0.01449	0.46156	0.00912	0.21119	0.01527	0.01763	0.00850	0.00958	0.00676	0.00538	0.00498	0.00138	0.04922	0.00347	0.00314	0.00635
64	0.65320	0.00922	0.00826	0.00703	0.01026	0.01008	0.00579	0.01681	0.00978	0.21545	0.00996	0.01016	0.00702	0.00494	0.00351	0.00152	0.00390	0.00323	0.00380	0.00608
65	0.02045	0.01036	0.01257	0.00970	0.01351	0.01026	0.00799	0.29092	0.04969	0.49599	0.01674	0.01506	0.01094	0.00604	0.00494	0.00151	0.00460	0.00479	0.00563	0.00834
66	0.04248	0.04537	0.67554	0.01346	0.01979	0.01196	0.01670	0.01514	0.01002	0.01535	0.00846	0.01025	0.00621	0.00503	0.00566	0.00160	0.08425	0.00363	0.00212	0.00698
67	0.00598	0.00431	0.00567	0.00677	0.00711	0.00400	0.00453	0.00685	0.00948	0.01257	0.02802	0.79225	0.06374	0.01528	0.00625	0.00198	0.00284	0.01382	0.00456	0.00400
68	0.00601	0.00430	0.00572	0.00683	0.00713	0.00401	0.00456	0.00690	0.00952	0.01272	0.04619	0.80447	0.03285	0.01526	0.00626	0.00198	0.00284	0.01384	0.00458	0.00401
69	0.01339	0.79159	0.02518	0.00861	0.01274	0.05721	0.00846	0.01495	0.01017	0.01158	0.00687	0.00793	0.00631	0.00425	0.00321	0.00106	0.00543	0.00265	0.00212	0.00628
70	0.00928	0.00873	0.01474	0.81548	0.03385	0.01092	0.01365	0.01256	0.00983	0.01256	0.00873	0.01310	0.00655	0.00491	0.00491	0.00164	0.00655	0.00437	0.00218	0.00546
71	0.00598	0.00430	0.00567	0.00677	0.00711	0.00400	0.00453	0.00685	0.00948	0.01257	0.02795	0.79450	0.06153	0.01528	0.00625	0.00198	0.00284	0.01383	0.00456	0.00400
72	0.00643	0.00479	0.00603	0.00654	0.00746	0.00440	0.00482	0.00791	0.01116	0.01474	0.21956	0.35827	0.20739	0.01319	0.00612	0.00184	0.00285	0.10748	0.00476	0.00425
73	0.01217	0.01162	0.01952	0.02920	0.75908	0.01170	0.01473	0.01561	0.04840	0.01627	0.00976	0.01246	0.00813	0.00449	0.00487	0.00147	0.00574	0.00444	0.00256	0.00778

[dist]
# distance from previous block
# <min> <max>
0	1

[block]
# block no. 5 follows, 51 sequences, length 7
# corresponding to MSA columns:
# 328-334
name=unknown_F
#
# <colnr> <probs for GDERKNQSTAVLIFYWHMCP>
#	G	D	E	R	K	N	Q	S	T	A	V	L	I	F	Y	W	H	M	C	P
0	0.01266	0.71324	0.13858	0.00922	0.01387	0.01828	0.00983	0.01484	0.01004	0.01214	0.00712	0.00825	0.00629	0.00427	0.00337	0.00112	0.00555	0.00277	0.00210	0.00645
1	0.00590	0.00498	0.00510	0.00507	0.00669	0.00419	0.00381	0.00723	0.01142	0.01378	0.10865	0.04646	0.73546	0.01226	0.00581	0.00165	0.00248	0.01025	0.00463	0.00419
2	0.00696	0.00502	0.00657	0.00618	0.00734	0.00464	0.00464	0.00927	0.01391	0.01971	0.79405	0.03671	0.04637	0.01005	0.00580	0.00155	0.00232	0.00889	0.00541	0.00464
3	0.01155	0.00857	0.00949	0.00862	0.01087	0.00927	0.00662	0.10703	0.35887	0.07374	0.05461	0.18104	0.07776	0.00881	0.00525	0.00167	0.00363	0.00751	0.04853	0.00656
4	0.04822	0.02143	0.56673	0.01339	0.01967	0.01178	0.05919	0.12715	0.01241	0.06042	0.00980	0.01099	0.00689	0.00489	0.00471	0.00155	0.00674	0.00390	0.00277	0.00736
5	0.01598	0.01461	0.12975	0.04890	0.01739	0.01357	0.06964	0.46407	0.09277	0.06516	0.01226	0.01264	0.00873	0.00562	0.00496	0.00153	0.00574	0.00455	0.00426	0.00788
6	0.04800	0.05505	0.03273	0.01153	0.01537	0.11186	0.13147	0.15160	0.04650	0.25400	0.01322	0.03064	0.00957	0.00550	0.00479	0.00144	0.00568	0.00462	0.00417	0.06227

[dist]
# distance from previous block
# <min> <max>
0	74

[block]
# block no. 6 follows, 51 sequences, length 81
# corresponding to MSA columns:
# 409-469,471-490
name=unknown_G
#
# <colnr> <probs for GDERKNQSTAVLIFYWHMCP>
#	G	D	E	R	K	N	Q	S	T	A	V	L	I	F	Y	W	H	M	C	P
0	0.03699	0.01226	0.06870	0.01246	0.07127	0.05032	0.07758	0.18580	0.12377	0.23801	0.03297	0.04318	0.01165	0.00607	0.00499	0.00155	0.00524	0.00513	0.00450	0.00756
1	0.00714	0.00478	0.00541	0.00540	0.00545	0.00476	0.00305	0.00724	0.00744	0.00997	0.04902	0.03236	0.01909	0.79209	0.02418	0.00463	0.00466	0.00722	0.00308	0.00305
2	0.01542	0.37664	0.08898	0.01039	0.01461	0.08923	0.00972	0.30478	0.01534	0.01930	0.00896	0.00967	0.00708	0.00497	0.00407	0.00128	0.00582	0.00344	0.00320	0.00711
3	0.00599	0.00446	0.00559	0.00642	0.00704	0.00405	0.00439	0.00700	0.00999	0.01302	0.06655	0.62643	0.19208	0.01454	0.00615	0.00191	0.00275	0.01299	0.00460	0.00405
4	0.01290	0.04176	0.10580	0.01054	0.05742	0.02591	0.03996	0.08307	0.04837	0.16978	0.19196	0.01901	0.03534	0.00635	0.00489	0.00140	0.00450	0.00537	0.00422	0.13143
5	0.10730	0.01073	0.06866	0.15580	0.09554	0.02824	0.00970	0.10300	0.01270	0.22779	0.01642	0.01685	0.09837	0.00616	0.00500	0.00155	0.02053	0.00495	0.00393	0.00677
6	0.00693	0.00467	0.00542	0.00564	0.00569	0.00462	0.00327	0.00709	0.00757	0.01009	0.01765	0.18013	0.02060	0.67559	0.02151	0.00425	0.00441	0.00842	0.00327	0.00317
7	0.00646	0.00511	0.00590	0.00609	0.00752	0.00455	0.00479	0.00811	0.01168	0.01475	0.18267	0.06591	0.47801	0.01231	0.00602	0.00177	0.00289	0.16644	0.00471	0.00431
8	0.04841	0.00988	0.01087	0.00800	0.01220	0.02523	0.00644	0.13523	0.01225	0.01858	0.00912	0.01032	0.00735	0.00407	0.00383	0.00089	0.00404	0.00315	0.00323	0.66689
9	0.00604	0.00432	0.00576	0.00690	0.00721	0.00404	0.00466	0.00694	0.00946	0.01261	0.02706	0.80241	0.03238	0.01534	0.00629	0.00200	0.00290	0.03511	0.00456	0.00401
10	0.00608	0.00441	0.00575	0.00664	0.00712	0.00407	0.00451	0.00712	0.01002	0.01337	0.11171	0.68505	0.08677	0.01461	0.00619	0.00192	0.00277	0.01317	0.00465	0.00407
11	0.01072	0.00989	0.03469	0.57057	0.10169	0.01112	0.05080	0.03699	0.06185	0.04936	0.01015	0.01342	0.00756	0.00502	0.00495	0.00161	0.00627	0.00453	0.00266	0.00615
12	0.01043	0.16706	0.66525	0.01302	0.01975	0.01283	0.01644	0.01541	0.01031	0.01486	0.00847	0.00994	0.00624	0.00459	0.00440	0.00147	0.00691	0.00345	0.00208	0.00709
13	0.00935	0.00883	0.01475	0.77872	0.03289	0.01111	0.01352	0.01252	0.00972	0.01252	0.00863	0.01299	0.00655	0.00508	0.00543	0.00166	0.04373	0.00436	0.00218	0.00546
14	0.00619	0.00510	0.00552	0.00572	0.00729	0.00442	0.00450	0.00763	0.01122	0.01354	0.04543	0.04878	0.65428	0.01265	0.00599	0.00177	0.00286	0.14832	0.00456	0.00422
15	0.00872	0.00773	0.00898	0.00868	0.00962	0.09803	0.00672	0.01020	0.00859	0.01153	0.01223	0.01849	0.01156	0.05965	0.56902	0.03206	0.07761	0.02019	0.01591	0.00450
16	0.01163	0.00862	0.00975	0.00850	0.01085	0.00924	0.00665	0.13911	0.29788	0.06622	0.32009	0.02475	0.03676	0.00789	0.00528	0.00157	0.00349	0.00669	0.01846	0.00658
17	0.01061	0.01015	0.01420	0.04919	0.16826	0.08046	0.12710	0.02854	0.07449	0.03311	0.06861	0.14890	0.12474	0.00806	0.00574	0.00164	0.02939	0.00725	0.00360	0.00596
18	0.01733	0.05721	0.01461	0.01281	0.05025	0.54302	0.00952	0.13533	0.08510	0.01584	0.00940	0.01027	0.00749	0.00527	0.00452	0.00133	0.00758	0.00360	0.00309	0.00641
19	0.01338	0.01045	0.01415	0.01039	0.01465	0.00943	0.12602	0.16520	0.04116	0.10050	0.01103	0.01195	0.00830	0.00452	0.00441	0.00113	0.00477	0.00396	0.00364	0.44095
20	0.00963	0.04222	0.00879	0.00735	0.00849	0.03101	0.00528	0.09737	0.00973	0.02975	0.01342	0.02344	0.01380	0.43303	0.17149	0.00438	0.04077	0.00581	0.00311	0.04111
21	0.06512	0.01063	0.01082	0.00925	0.01218	0.10060	0.00730	0.03278	0.29198	0.28182	0.10835	0.01817	0.01608	0.00655	0.00489	0.00155	0.00439	0.00528	0.00501	0.00723
22	0.02763	0.00890	0.01484	0.75822	0.07216	0.01096	0.01354	0.01272	0.00986	0.01294	0.00872	0.01294	0.00659	0.00488	0.00487	0.00163	0.00646	0.00433	0.00221	0.00557
23	0.01121	0.01164	0.02115	0.14421	0.02279	0.03944	0.43109	0.04850	0.07642	0.01618	0.04656	0.01777	0.04547	0.00561	0.00555	0.00165	0.00686	0.03852	0.00306	0.00629
24	0.00708	0.00480	0.00567	0.00572	0.00584	0.00489	0.00342	0.00733	0.00733	0.00988	0.01571	0.06476	0.01784	0.69900	0.11663	0.00502	0.00567	0.00722	0.00301	0.00319
25	0.00677	0.00473	0.00589	0.00637	0.00727	0.00426	0.00448	0.00798	0.01070	0.04768	0.14263	0.48263	0.22350	0.01349	0.00603	0.00183	0.00274	0.01195	0.00475	0.00431
26	0.00656	0.00493	0.00608	0.00597	0.00715	0.00444	0.00441	0.00845	0.01273	0.01732	0.52461	0.12996	0.22685	0.01125	0.00585	0.00163	0.00242	0.00983	0.00511	0.00444
27	0.15557	0.04850	0.06928	0.01109	0.01519	0.01393	0.06042	0.48602	0.01810	0.05942	0.01077	0.01122	0.00773	0.00541	0.00458	0.00148	0.00541	0.00412	0.00418	0.00758
28	0.00854	0.00427	0.00640	0.00640	0.00640	0.00427	0.00427	0.00640	0.00640	0.00854	0.00854	0.01494	0.00854	0.01707	0.01921	0.85702	0.00427	0.00427	0.00213	0.00213
29	0.00606	0.00477	0.00547	0.00576	0.00691	0.00418	0.00414	0.00736	0.01110	0.01413	0.16773	0.28790	0.43113	0.01296	0.00595	0.00175	0.00257	0.01125	0.00471	0.00418
30	0.02842	0.01149	0.01311	0.05417	0.08334	0.06685	0.03189	0.17778	0.30031	0.05384	0.02508	0.06915	0.01274	0.00728	0.02239	0.00173	0.02354	0.00549	0.00424	0.00716
31	0.00854	0.00577	0.00712	0.00692	0.00827	0.00562	0.00512	0.01190	0.11363	0.07479	0.36169	0.24293	0.06880	0.01066	0.00565	0.00167	0.00281	0.00939	0.04360	0.00512
32	0.00606	0.00439	0.00573	0.00665	0.00711	0.00406	0.00451	0.00708	0.00994	0.01324	0.09802	0.69910	0.08652	0.01471	0.00620	0.00193	0.00278	0.01326	0.00464	0.00406
33	0.03260	0.50023	0.08210	0.00932	0.01299	0.12499	0.00888	0.03083	0.01085	0.01292	0.01809	0.08249	0.01004	0.00587	0.00395	0.00128	0.00561	0.03834	0.00260	0.00602
34	0.01865	0.01274	0.01394	0.01088	0.01464	0.04710	0.02273	0.50654	0.09060	0.18991	0.01392	0.01333	0.00966	0.00594	0.00492	0.00150	0.00521	0.00461	0.00502	0.00816
35	0.00860	0.00598	0.02074	0.00640	0.00819	0.00522	0.00502	0.01109	0.04609	0.10692	0.42598	0.03649	0.27429	0.01010	0.00565	0.00158	0.00274	0.00867	0.00515	0.00509
36	0.01019	0.00873	0.01019	0.00728	0.01165	0.00655	0.00582	0.01237	0.01019	0.01601	0.00873	0.01019	0.00728	0.00364	0.00364	0.00073	0.00364	0.00291	0.00291	0.85734
37	0.04838	0.50854	0.20431	0.00964	0.01410	0.04396	0.01025	0.01451	0.00991	0.01282	0.00792	0.01023	0.00705	0.06141	0.00527	0.00147	0.01858	0.00322	0.00221	0.00622
38	0.00611	0.00465	0.00553	0.00610	0.00694	0.00419	0.00427	0.00717	0.01019	0.01301	0.06940	0.41831	0.31467	0.07020	0.00739	0.00205	0.00288	0.03841	0.00449	0.00403
39	0.01442	0.21358	0.27097	0.01194	0.01655	0.27392	0.01201	0.10416	0.01290	0.01522	0.00829	0.00945	0.00652	0.00483	0.00426	0.00133	0.00710	0.00333	0.00256	0.00665
40	0.00660	0.00476	0.00612	0.00691	0.00754	0.00452	0.00502	0.00777	0.00993	0.01302	0.06079	0.42550	0.11279	0.12318	0.00883	0.00237	0.00343	0.18253	0.00438	0.00402
41	0.00703	0.00512	0.00613	0.00625	0.00735	0.00477	0.00453	0.04287	0.01187	0.01612	0.26317	0.31063	0.21339	0.01198	0.00576	0.00170	0.00268	0.01050	0.06368	0.00446
42	0.07460	0.07635	0.01982	0.00900	0.01183	0.12016	0.00731	0.17367	0.09523	0.10061	0.19676	0.01974	0.06068	0.00697	0.00484	0.00147	0.00461	0.00551	0.00443	0.00644
43	0.00756	0.00590	0.00823	0.00795	0.00847	0.00702	0.00597	0.00876	0.00768	0.01101	0.01304	0.03537	0.01322	0.23204	0.48408	0.00619	0.12491	0.00576	0.00269	0.00416
44	0.00597	0.00433	0.00565	0.00671	0.00709	0.00400	0.00450	0.00686	0.00953	0.01260	0.02866	0.77031	0.08527	0.01519	0.00624	0.00197	0.00283	0.01372	0.00456	0.00400
45	0.01087	0.00917	0.01055	0.00768	0.01195	0.00741	0.00616	0.06617	0.04670	0.01726	0.00946	0.01067	0.00771	0.00393	0.00379	0.00082	0.00377	0.00314	0.00315	0.75964
46	0.02644	0.18210	0.52553	0.03185	0.01878	0.01315	0.01480	0.07951	0.01125	0.01599	0.00877	0.01029	0.00659	0.00563	0.02797	0.00164	0.00680	0.00355	0.00236	0.00700
47	0.00650	0.00480	0.00531	0.00543	0.00613	0.00444	0.00352	0.00717	0.00923	0.01174	0.06477	0.13125	0.31005	0.39144	0.01479	0.00314	0.00358	0.00923	0.00386	0.00361
48	0.00692	0.00495	0.00631	0.00709	0.00761	0.00480	0.00483	0.06040	0.01026	0.01369	0.02554	0.73426	0.03021	0.04917	0.00697	0.00208	0.00311	0.01302	0.00452	0.00425
49	0.13985	0.62589	0.04008	0.00888	0.03142	0.01732	0.00834	0.01495	0.00987	0.03929	0.00734	0.00841	0.00639	0.00442	0.00353	0.00118	0.02137	0.00281	0.00238	0.00627
50	0.82343	0.00947	0.00736	0.00650	0.00960	0.01082	0.00534	0.01435	0.00845	0.02178	0.00693	0.00808	0.00541	0.00452	0.00307	0.00148	0.00379	0.00267	0.00304	0.04391
51	0.00607	0.00433	0.00579	0.00693	0.00725	0.00406	0.00470	0.00698	0.00949	0.01263	0.02704	0.79307	0.03233	0.01532	0.00629	0.00201	0.00292	0.04422	0.00456	0.00401
52	0.00690	0.00472	0.00547	0.00569	0.00586	0.00463	0.00343	0.00718	0.00788	0.01039	0.01970	0.16282	0.06617	0.62320	0.02029	0.00406	0.00431	0.03068	0.00337	0.00326
53	0.01160	0.01196	0.01707	0.10835	0.24062	0.11366	0.14331	0.01503	0.06768	0.01517	0.07719	0.05181	0.02596	0.00611	0.00606	0.00159	0.07202	0.00546	0.00297	0.00636
54	0.00685	0.00514	0.00618	0.00649	0.00751	0.00492	0.00494	0.00811	0.00988	0.01254	0.03093	0.04289	0.30979	0.21958	0.09242	0.00324	0.00470	0.21596	0.00396	0.00398
55	0.00605	0.00430	0.00568	0.00677	0.00704	0.00403	0.00448	0.00686	0.00929	0.01239	0.02649	0.78377	0.03176	0.05673	0.00723	0.00214	0.00295	0.01362	0.00448	0.00394
56	0.34971	0.06228	0.09204	0.03247	0.03157	0.01285	0.00874	0.27827	0.01412	0.06176	0.00947	0.01020	0.00694	0.00509	0.00405	0.00148	0.00493	0.00356	0.00364	0.00683
57	0.01303	0.75590	0.07921	0.00889	0.01327	0.03709	0.00911	0.01489	0.01010	0.01185	0.00699	0.00808	0.00630	0.00426	0.00329	0.00109	0.00548	0.00271	0.00211	0.00636
58	0.01381	0.01263	0.01455	0.02975	0.03742	0.11001	0.09952	0.22468	0.04195	0.01967	0.00999	0.01124	0.00775	0.00465	0.00446	0.00118	0.00546	0.00387	0.00341	0.34400
59	0.06594	0.01527	0.01351	0.01135	0.01431	0.27645	0.04335	0.22754	0.10816	0.07373	0.02992	0.04129	0.01018	0.00612	0.00524	0.00149	0.04090	0.00457	0.00388	0.00678
60	0.05490	0.01118	0.06682	0.10391	0.21713	0.03375	0.04334	0.02360	0.02883	0.04572	0.02755	0.04567	0.02304	0.00546	0.00543	0.00142	0.06331	0.00458	0.00292	0.19146
61	0.05040	0.25914	0.46056	0.01158	0.01742	0.01357	0.01370	0.03832	0.01080	0.06945	0.00897	0.01002	0.00668	0.00466	0.00418	0.00140	0.00625	0.00341	0.00249	0.00700
62	0.00644	0.00511	0.00581	0.00561	0.00707	0.00452	0.00422	0.00841	0.02750	0.01629	0.38146	0.04201	0.44544	0.01126	0.00579	0.00161	0.00244	0.00962	0.00495	0.00444
63	0.01009	0.00998	0.01657	0.55243	0.08498	0.03440	0.10014	0.01315	0.00999	0.01306	0.00878	0.01287	0.00687	0.00590	0.02555	0.00182	0.08092	0.00451	0.00225	0.00573
64	0.01088	0.10418	0.03129	0.12125	0.22357	0.04703	0.06520	0.01497	0.11207	0.01586	0.14034	0.04177	0.03844	0.00624	0.00496	0.00151	0.00519	0.00556	0.00331	0.00639
65	0.01214	0.00698	0.01021	0.00933	0.01150	0.00657	0.06217	0.02822	0.02170	0.23762	0.09265	0.10501	0.03672	0.01038	0.00599	0.00189	0.00433	0.32586	0.00492	0.00583
66	0.01125	0.00727	0.00776	0.00711	0.00910	0.00785	0.00549	0.01819	0.32403	0.07512	0.04109	0.01876	0.01454	0.00626	0.00424	0.00139	0.00307	0.00513	0.42619	0.00614
67	0.01143	0.14078	0.37720	0.01470	0.03404	0.01293	0.20531	0.04656	0.01110	0.03373	0.00947	0.02834	0.00737	0.00494	0.00527	0.00153	0.04161	0.00435	0.00245	0.00689
68	0.06768	0.01169	0.01129	0.00963	0.01231	0.14287	0.02509	0.13827	0.20031	0.12555	0.11588	0.02674	0.01583	0.06738	0.00638	0.00176	0.00494	0.00536	0.00444	0.00662
69	0.01103	0.00658	0.00863	0.00764	0.00959	0.00631	0.03869	0.02248	0.09665	0.17834	0.24645	0.15595	0.06126	0.00898	0.00529	0.00158	0.00325	0.00786	0.11769	0.00573
70	0.00606	0.00438	0.00576	0.00683	0.00723	0.00407	0.00466	0.00700	0.00959	0.01268	0.02834	0.74665	0.07607	0.01515	0.00627	0.00199	0.00290	0.04580	0.00456	0.00402
71	0.36913	0.17491	0.05882	0.00847	0.01202	0.06114	0.00758	0.09595	0.02100	0.09395	0.02586	0.01047	0.00781	0.00591	0.02736	0.00160	0.00505	0.00339	0.00332	0.00625
72	0.03116	0.10199	0.38286	0.09076	0.07436	0.06768	0.09951	0.04802	0.01115	0.01540	0.00870	0.01073	0.00659	0.00474	0.00492	0.00151	0.02689	0.00389	0.00234	0.00681
73	0.00712	0.00477	0.00545	0.00553	0.00558	0.00476	0.00319	0.00722	0.00737	0.00981	0.01629	0.06670	0.01880	0.76831	0.02367	0.00457	0.00468	0.03002	0.00309	0.00307
74	0.00635	0.00476	0.00688	0.00759	0.00813	0.00446	0.03981	0.00743	0.00961	0.01281	0.02625	0.74553	0.03114	0.01479	0.00628	0.00199	0.00319	0.05440	0.00447	0.00414
75	0.01149	0.01149	0.06499	0.20174	0.19195	0.03520	0.08531	0.05354	0.11837	0.03917	0.03641	0.02828	0.04344	0.00584	0.00552	0.00160	0.04046	0.00515	0.01342	0.00663
76	0.04527	0.05681	0.45373	0.04840	0.01851	0.01173	0.01394	0.15067	0.01282	0.07244	0.01151	0.01376	0.02381	0.00553	0.00473	0.00155	0.00624	0.03836	0.00306	0.00714
77	0.00592	0.00497	0.00515	0.00521	0.00678	0.00420	0.00391	0.00721	0.01124	0.01355	0.07998	0.08212	0.70941	0.01250	0.00585	0.00168	0.00255	0.02898	0.00460	0.00417
78	0.01120	0.07019	0.01885	0.21148	0.42086	0.01199	0.07052	0.01427	0.02573	0.01467	0.01064	0.01356	0.03759	0.00502	0.00537	0.00153	0.04267	0.00460	0.00247	0.00679
79	0.01316	0.02933	0.09654	0.17369	0.29197	0.10493	0.03179	0.08189	0.01225	0.06698	0.01006	0.02824	0.00798	0.00515	0.00509	0.00151	0.02528	0.00439	0.00284	0.00694
80	0.01238	0.08057	0.04685	0.01093	0.06667	0.15878	0.04279	0.14557	0.02307	0.03509	0.05966	0.06038	0.22162	0.00779	0.00505	0.00149	0.00518	0.00636	0.00377	0.00600

[dist]
# distance from previous block
# <min> <max>
9	140

[block]
# block no. 7 follows, 51 sequences, length 6
# corresponding to MSA columns:
# 646-651
name=unknown_H
#
# <colnr> <probs for GDERKNQSTAVLIFYWHMCP>
#	G	D	E	R	K	N	Q	S	T	A	V	L	I	F	Y	W	H	M	C	P
0	0.01421	0.08710	0.26495	0.01342	0.01784	0.36550	0.09102	0.01792	0.05682	0.01398	0.00888	0.01026	0.00691	0.00487	0.00458	0.00140	0.00772	0.00368	0.00249	0.00646
1	0.00708	0.00641	0.00608	0.00589	0.00760	0.05253	0.00443	0.00921	0.05735	0.01446	0.14175	0.04193	0.60514	0.01136	0.00568	0.00162	0.00293	0.00947	0.00458	0.00452
