[name]
unknown

[dist]
# distance from previous block
# <min> <max>
0	144

[block]
# block no. 0 follows, 51 sequences, length 10
# corresponding to MSA columns:
# 150-159
name=unknown_A
#
# <colnr> <probs for GDERKNQSTAVLIFYWHMCP>
#	G	D	E	R	K	N	Q	S	T	A	V	L	I	F	Y	W	H	M	C	P
0	0.00832	0.00610	0.00777	0.00773	0.00933	0.00563	0.00591	0.03180	0.03462	0.03742	0.02168	0.38957	0.02382	0.01268	0.03844	0.00200	0.00393	0.17103	0.00421	0.17801
1	0.00611	0.00437	0.00581	0.00676	0.00715	0.00407	0.00457	0.00715	0.00998	0.01345	0.12408	0.72451	0.03426	0.01472	0.00621	0.00194	0.00278	0.01333	0.00467	0.00407
2	0.01251	0.06049	0.31196	0.01406	0.07381	0.01118	0.12906	0.06893	0.04252	0.10602	0.02965	0.01255	0.00877	0.00489	0.00476	0.00145	0.00611	0.00429	0.00310	0.09391
3	0.00732	0.00536	0.00710	0.00696	0.00735	0.00602	0.00487	0.00816	0.00750	0.01051	0.01389	0.02510	0.01467	0.42409	0.37300	0.00600	0.05944	0.00613	0.00277	0.00376
4	0.01073	0.04482	0.32778	0.01551	0.01997	0.01299	0.24198	0.01455	0.00994	0.01445	0.00843	0.01125	0.00666	0.00559	0.00813	0.00173	0.23233	0.00443	0.00222	0.00652
5	0.04187	0.01541	0.14731	0.10826	0.15727	0.11948	0.21269	0.05921	0.03949	0.01622	0.00969	0.01203	0.00743	0.00473	0.00493	0.00152	0.00694	0.00445	0.02436	0.00672
6	0.01240	0.06961	0.15242	0.01706	0.10334	0.08880	0.27740	0.04009	0.02760	0.03164	0.00955	0.01243	0.00762	0.00522	0.00646	0.00161	0.10981	0.01768	0.00259	0.00667
7	0.00703	0.00531	0.00657	0.00652	0.00800	0.00472	0.02574	0.00859	0.01141	0.04387	0.13990	0.16658	0.42746	0.01227	0.00597	0.00177	0.00300	0.10616	0.00467	0.00446
8	0.00675	0.00484	0.00566	0.00578	0.00636	0.00461	0.00381	0.00755	0.00930	0.01224	0.12896	0.12572	0.17622	0.41081	0.03803	0.00340	0.00400	0.03847	0.00385	0.00365
9	0.01083	0.01108	0.09246	0.04393	0.04089	0.07244	0.06928	0.08533	0.10915	0.04519	0.03108	0.31454	0.01836	0.00923	0.00567	0.00172	0.02081	0.00813	0.00392	0.00594

[dist]
# distance from previous block
# <min> <max>
3	14

[block]
# block no. 1 follows, 51 sequences, length 26
# corresponding to MSA columns:
# 175-197,200-202
name=unknown_B
#
# <colnr> <probs for GDERKNQSTAVLIFYWHMCP>
#	G	D	E	R	K	N	Q	S	T	A	V	L	I	F	Y	W	H	M	C	P
0	0.04818	0.05365	0.10330	0.01261	0.04379	0.08696	0.08207	0.12098	0.10198	0.07251	0.01096	0.01267	0.00856	0.00624	0.01637	0.00165	0.14520	0.01440	0.00332	0.05461
1	0.06448	0.11274	0.25312	0.01318	0.07182	0.14763	0.05596	0.05452	0.08943	0.05363	0.01122	0.01214	0.02882	0.00516	0.00452	0.00145	0.00635	0.00403	0.00295	0.00684
2	0.14597	0.65980	0.02229	0.00825	0.01226	0.01791	0.00797	0.05433	0.01041	0.01420	0.00709	0.00810	0.00626	0.00435	0.00323	0.00115	0.00504	0.00273	0.00239	0.00626
3	0.57777	0.03234	0.11334	0.00814	0.01180	0.01063	0.03234	0.01518	0.00956	0.09023	0.04154	0.01099	0.01894	0.00503	0.00367	0.00152	0.00439	0.00346	0.00326	0.00587
4	0.00599	0.00428	0.00570	0.00684	0.00713	0.00399	0.00456	0.00684	0.00941	0.01254	0.02709	0.82409	0.03250	0.01540	0.00627	0.00200	0.00285	0.01397	0.00456	0.00399
5	0.00691	0.00496	0.00627	0.00633	0.00725	0.00469	0.00453	0.00901	0.03670	0.01685	0.45447	0.24960	0.06842	0.06148	0.00699	0.00186	0.00267	0.00995	0.03662	0.00444
6	0.00632	0.00497	0.00571	0.00558	0.00697	0.00436	0.00416	0.00802	0.01232	0.01607	0.37618	0.07364	0.43516	0.01151	0.00582	0.00162	0.00243	0.00986	0.00494	0.00436
7	0.00848	0.00569	0.00691	0.00714	0.00837	0.00560	0.00539	0.01145	0.10292	0.06353	0.08054	0.29044	0.10935	0.04536	0.00651	0.00192	0.00327	0.13455	0.09768	0.00488
8	0.08943	0.00944	0.01167	0.00903	0.01279	0.00899	0.00745	0.16073	0.01525	0.59719	0.01699	0.01512	0.01092	0.00593	0.00478	0.00151	0.00437	0.00466	0.00562	0.00812
9	0.01252	0.01157	0.05450	0.28280	0.22715	0.01187	0.03688	0.20515	0.01362	0.01867	0.00995	0.01249	0.00759	0.00497	0.00481	0.00149	0.00590	0.00435	0.03510	0.03862
10	0.86201	0.00950	0.00722	0.00646	0.00950	0.01102	0.00532	0.01445	0.00836	0.02205	0.00684	0.00798	0.00532	0.00456	0.00304	0.00152	0.00380	0.00266	0.00304	0.00532
11	0.00612	0.00438	0.00569	0.00670	0.00711	0.00409	0.00454	0.00704	0.00952	0.01265	0.02797	0.71108	0.08132	0.04182	0.00683	0.00206	0.00293	0.03573	0.01841	0.00399
12	0.59725	0.00975	0.00858	0.00732	0.01037	0.01100	0.00600	0.10958	0.03198	0.03867	0.00870	0.00971	0.00666	0.00494	0.00378	0.00147	0.02610	0.00317	0.05131	0.05366
13	0.00700	0.00488	0.00622	0.00672	0.00759	0.00460	0.00482	0.00832	0.02468	0.04343	0.06675	0.44305	0.19026	0.01584	0.07628	0.03464	0.00384	0.04239	0.00441	0.00428
14	0.01145	0.21234	0.17512	0.07390	0.01558	0.03336	0.03468	0.04430	0.01089	0.07081	0.01295	0.14670	0.01229	0.00706	0.00524	0.00153	0.04344	0.04256	0.00309	0.04272
15	0.01045	0.02971	0.03080	0.48422	0.12406	0.01132	0.04103	0.06790	0.04503	0.01481	0.01149	0.03626	0.03764	0.00562	0.00529	0.00162	0.02908	0.00491	0.00269	0.00607
16	0.00690	0.00487	0.00590	0.00624	0.00729	0.00438	0.00449	0.00815	0.01078	0.04925	0.12960	0.35830	0.29270	0.04686	0.00679	0.00193	0.00287	0.04372	0.00467	0.00430
17	0.00851	0.00545	0.00666	0.00651	0.00782	0.00503	0.00477	0.01037	0.04057	0.10598	0.21201	0.20406	0.20418	0.11297	0.00820	0.00210	0.00315	0.04216	0.00476	0.00473
18	0.01307	0.00794	0.00947	0.00830	0.01059	0.01834	0.01560	0.11114	0.12733	0.21680	0.06331	0.18718	0.07650	0.03214	0.03361	0.00193	0.00413	0.00749	0.04882	0.00632
19	0.01671	0.01663	0.01431	0.02471	0.03572	0.35572	0.03240	0.16374	0.09893	0.08450	0.01076	0.01162	0.00825	0.00584	0.00601	0.00149	0.09839	0.00407	0.00351	0.00670
20	0.00649	0.00479	0.00600	0.00650	0.00694	0.00469	0.00438	0.00733	0.00941	0.01252	0.08703	0.46556	0.11909	0.18979	0.01064	0.00253	0.03696	0.01127	0.00419	0.00390
21	0.00621	0.00450	0.00587	0.00684	0.00733	0.00420	0.00477	0.00725	0.00980	0.01293	0.04959	0.64293	0.09654	0.03663	0.00677	0.00205	0.00302	0.08419	0.00454	0.00405
22	0.01073	0.01009	0.03625	0.10660	0.27740	0.01081	0.05240	0.02727	0.01022	0.04348	0.01293	0.11603	0.03992	0.00836	0.03785	0.00196	0.18270	0.00590	0.00287	0.00622
23	0.01030	0.00702	0.00906	0.00844	0.02311	0.00698	0.03148	0.09997	0.07072	0.10604	0.16221	0.24197	0.09898	0.02882	0.05451	0.00214	0.00417	0.02382	0.00471	0.00557
24	0.00780	0.00629	0.00887	0.00853	0.00908	0.00767	0.00659	0.00915	0.00800	0.01168	0.01364	0.11361	0.01391	0.09926	0.44226	0.00544	0.18760	0.00623	0.02994	0.00444
25	0.01371	0.16826	0.03415	0.00890	0.01170	0.03034	0.00767	0.21538	0.05493	0.06755	0.01277	0.01379	0.02200	0.00590	0.00531	0.00139	0.08601	0.00425	0.22955	0.00647

[dist]
# distance from previous block
# <min> <max>
1	11

[block]
# block no. 2 follows, 51 sequences, length 11
# corresponding to MSA columns:
# 214-224
name=unknown_C
#
# <colnr> <probs for GDERKNQSTAVLIFYWHMCP>
#	G	D	E	R	K	N	Q	S	T	A	V	L	I	F	Y	W	H	M	C	P
0	0.19420	0.01031	0.02861	0.01167	0.07648	0.00943	0.14218	0.03044	0.03885	0.07509	0.02452	0.01172	0.00830	0.00446	0.00422	0.00126	0.00479	0.00388	0.00321	0.31639
1	0.34561	0.02829	0.05369	0.09106	0.06303	0.12420	0.04706	0.04357	0.02290	0.07564	0.00883	0.01037	0.00674	0.00507	0.00479	0.00153	0.05490	0.00359	0.00302	0.00610
2	0.04249	0.03413	0.01210	0.01029	0.01302	0.31496	0.00798	0.13229	0.17687	0.04989	0.01282	0.04215	0.01024	0.00593	0.00452	0.00139	0.00585	0.00442	0.08611	0.03254
3	0.00606	0.00431	0.00568	0.00675	0.00702	0.00404	0.00446	0.00686	0.00927	0.01236	0.02638	0.77565	0.03161	0.06505	0.00742	0.00217	0.00297	0.01355	0.00446	0.00393
4	0.00660	0.00488	0.00618	0.00625	0.00730	0.00446	0.00462	0.00842	0.01238	0.01688	0.47192	0.20748	0.16748	0.01175	0.00594	0.00169	0.00256	0.04374	0.00505	0.00441
5	0.00617	0.00454	0.00561	0.00626	0.00688	0.00417	0.00425	0.00716	0.01000	0.01313	0.10943	0.51132	0.18293	0.09455	0.00798	0.00216	0.00291	0.01206	0.00449	0.00399
6	0.00645	0.00472	0.00605	0.00633	0.00718	0.00433	0.00451	0.00806	0.01181	0.01615	0.40706	0.35692	0.11729	0.01246	0.00599	0.00174	0.00255	0.01110	0.00498	0.00433
7	0.00852	0.00632	0.00745	0.00719	0.00859	0.00624	0.00532	0.14978	0.01330	0.01777	0.21097	0.35615	0.15962	0.01188	0.00583	0.00174	0.00313	0.01040	0.00483	0.00498
8	0.21978	0.01695	0.01225	0.01059	0.01361	0.42796	0.02612	0.05948	0.01284	0.09723	0.00898	0.00980	0.00688	0.00499	0.00417	0.00134	0.00668	0.00334	0.00317	0.05382
9	0.04145	0.00996	0.01121	0.00923	0.01237	0.03418	0.00740	0.10749	0.24789	0.27914	0.05099	0.01638	0.01317	0.00622	0.00514	0.00150	0.03154	0.00493	0.03569	0.07414
10	0.01433	0.11538	0.07860	0.01173	0.03426	0.05316	0.07811	0.25166	0.15522	0.04359	0.01206	0.01290	0.00921	0.02122	0.01861	0.00158	0.00565	0.00436	0.00376	0.07462

[dist]
# distance from previous block
# <min> <max>
0	2

[block]
# block no. 3 follows, 51 sequences, length 11
# corresponding to MSA columns:
# 227-237
name=unknown_D
#
# <colnr> <probs for GDERKNQSTAVLIFYWHMCP>
#	G	D	E	R	K	N	Q	S	T	A	V	L	I	F	Y	W	H	M	C	P
0	0.06305	0.07306	0.05341	0.12229	0.04208	0.04066	0.08746	0.15163	0.01264	0.07871	0.02309	0.01345	0.02274	0.02139	0.03324	0.04278	0.03274	0.00439	0.00325	0.07795
1	0.01008	0.17715	0.42823	0.05335	0.01832	0.01195	0.07386	0.01395	0.01009	0.01401	0.01064	0.08939	0.00953	0.05200	0.00578	0.00169	0.00635	0.00483	0.00241	0.00638
2	0.01173	0.03957	0.30580	0.01743	0.22716	0.15049	0.04636	0.01521	0.01109	0.01457	0.01046	0.04609	0.02213	0.00711	0.05207	0.00186	0.00723	0.00447	0.00245	0.00671
3	0.07476	0.05807	0.19543	0.01285	0.03577	0.01225	0.14156	0.19730	0.06010	0.07143	0.03454	0.01413	0.04215	0.00560	0.00507	0.00154	0.02208	0.00473	0.00354	0.00710
4	0.06243	0.00702	0.01050	0.17444	0.03834	0.00774	0.05099	0.03917	0.00933	0.02677	0.01388	0.07019	0.05131	0.06012	0.23564	0.12152	0.00739	0.00567	0.00287	0.00469
5	0.00633	0.00481	0.00566	0.00598	0.00687	0.00448	0.00421	0.00735	0.00974	0.01242	0.05144	0.24048	0.33336	0.16847	0.08533	0.00294	0.00409	0.03801	0.00410	0.00394
6	0.16631	0.00829	0.01056	0.13841	0.05184	0.03490	0.06817	0.01231	0.07234	0.01561	0.03632	0.21043	0.13820	0.00868	0.00511	0.00169	0.00441	0.00753	0.00362	0.00526
7	0.03091	0.10770	0.27930	0.10263	0.01881	0.04686	0.05770	0.13182	0.02933	0.01664	0.00939	0.01179	0.00739	0.03098	0.02862	0.00182	0.07494	0.00406	0.00270	0.00662
8	0.04977	0.01437	0.17717	0.07678	0.08540	0.09936	0.06841	0.02717	0.05658	0.09107	0.01144	0.05408	0.00949	0.03422	0.02903	0.00190	0.09948	0.00484	0.00302	0.00641
9	0.00648	0.00476	0.00614	0.00680	0.00751	0.00441	0.00477	0.00760	0.00978	0.01313	0.07165	0.55495	0.08356	0.06077	0.03734	0.00228	0.00344	0.06250	0.00436	0.04778
10	0.06761	0.07330	0.14659	0.07685	0.13846	0.08580	0.04022	0.06327	0.02454	0.10907	0.01045	0.01196	0.00789	0.00516	0.00513	0.00147	0.05167	0.00402	0.05318	0.02335

[dist]
# distance from previous block
# <min> <max>
6	33

[block]
# block no. 4 follows, 51 sequences, length 68
# corresponding to MSA columns:
# 271-286,291-305,316-351,357
name=unknown_E
#
# <colnr> <probs for GDERKNQSTAVLIFYWHMCP>
#	G	D	E	R	K	N	Q	S	T	A	V	L	I	F	Y	W	H	M	C	P
0	0.05134	0.13694	0.06416	0.00969	0.01312	0.10694	0.00846	0.12031	0.05151	0.17759	0.03448	0.01302	0.00987	0.00720	0.04750	0.00172	0.04673	0.00409	0.02263	0.07270
1	0.01193	0.29544	0.29550	0.02409	0.01581	0.02717	0.02725	0.06412	0.02771	0.05155	0.03088	0.06550	0.00998	0.02708	0.00488	0.00149	0.00579	0.00441	0.00281	0.00660
2	0.00950	0.00677	0.00819	0.00816	0.02318	0.01820	0.01635	0.05617	0.11059	0.06293	0.07709	0.23593	0.09566	0.02635	0.04143	0.00207	0.00400	0.10490	0.08724	0.00530
3	0.05804	0.01247	0.01459	0.01131	0.01505	0.06017	0.10020	0.33392	0.10811	0.04962	0.01186	0.02192	0.00896	0.00544	0.00491	0.00140	0.02024	0.00443	0.00404	0.15331
4	0.01499	0.02279	0.01087	0.00887	0.02723	0.01813	0.00696	0.16947	0.06411	0.27340	0.20289	0.02177	0.06846	0.00719	0.00508	0.00147	0.00393	0.00596	0.00514	0.06130
5	0.11324	0.04910	0.03746	0.01339	0.10975	0.14103	0.08453	0.09522	0.06148	0.09490	0.01211	0.04713	0.02525	0.00587	0.00537	0.00151	0.05790	0.00466	0.01787	0.02223
6	0.02237	0.13311	0.22646	0.04889	0.08418	0.01288	0.14895	0.03848	0.09814	0.05580	0.01075	0.01280	0.00832	0.00523	0.00551	0.00156	0.05989	0.01690	0.00286	0.00693
7	0.00928	0.00873	0.01474	0.81548	0.03385	0.01092	0.01365	0.01256	0.00983	0.01256	0.00873	0.01310	0.00655	0.00491	0.00491	0.00164	0.00655	0.00437	0.00218	0.00546
8	0.02655	0.01600	0.33085	0.04853	0.05096	0.02697	0.06982	0.03039	0.01994	0.12307	0.01111	0.02749	0.00854	0.00916	0.09861	0.00235	0.08555	0.00449	0.00291	0.00670
9	0.01371	0.05116	0.16587	0.11411	0.18981	0.05887	0.01250	0.20526	0.02875	0.06046	0.02861	0.01330	0.00901	0.00537	0.00481	0.00150	0.00601	0.02035	0.00329	0.00724
10	0.00727	0.00506	0.00652	0.00706	0.00805	0.00474	0.00534	0.00893	0.02173	0.04480	0.13958	0.36066	0.15079	0.02423	0.00643	0.00195	0.00320	0.18449	0.00472	0.00444
11	0.00702	0.00525	0.00782	0.00782	0.00867	0.00610	0.00604	0.00872	0.00787	0.01135	0.01324	0.01970	0.01246	0.06139	0.78352	0.00780	0.01290	0.00532	0.00264	0.00434
12	0.01245	0.00796	0.01073	0.03729	0.08658	0.00801	0.02395	0.02939	0.17699	0.20845	0.02132	0.22920	0.04114	0.00922	0.00550	0.00174	0.00410	0.07481	0.00471	0.00646
13	0.03521	0.03335	0.21794	0.03922	0.07019	0.02454	0.19815	0.23086	0.01432	0.04672	0.01013	0.01176	0.00743	0.00505	0.00534	0.00156	0.03332	0.00446	0.00317	0.00728
14	0.82019	0.00960	0.00753	0.00665	0.00973	0.01106	0.00548	0.03645	0.00890	0.03880	0.00725	0.00828	0.00555	0.00463	0.00313	0.00152	0.00386	0.00276	0.00316	0.00547
15	0.71348	0.01029	0.00825	0.00718	0.01030	0.04825	0.00587	0.05536	0.00983	0.08230	0.00811	0.00890	0.00606	0.00477	0.00335	0.00151	0.00415	0.00295	0.00335	0.00573
16	0.00802	0.00537	0.00653	0.00613	0.00772	0.00472	0.00461	0.00979	0.01243	0.09145	0.36549	0.11744	0.29235	0.01081	0.00570	0.00160	0.00265	0.00933	0.00502	0.03283
17	0.00709	0.00546	0.00766	0.00736	0.00811	0.00531	0.06680	0.00802	0.00897	0.01196	0.03344	0.30752	0.10346	0.31940	0.02665	0.00306	0.02224	0.02440	0.01916	0.00391
18	0.01173	0.00794	0.00875	0.00748	0.00900	0.00839	0.00531	0.26804	0.01292	0.05075	0.01443	0.02418	0.01424	0.48780	0.01666	0.00340	0.00487	0.00605	0.03300	0.00507
19	0.00710	0.00524	0.00606	0.00588	0.00737	0.00465	0.00443	0.02234	0.01231	0.04517	0.30012	0.10225	0.41891	0.01152	0.00581	0.00165	0.00262	0.02709	0.00491	0.00454
20	0.01378	0.01133	0.01199	0.01032	0.01337	0.01295	0.00816	0.20838	0.60295	0.02307	0.01802	0.01676	0.01340	0.00648	0.00498	0.00162	0.00426	0.00528	0.00498	0.00792
21	0.05152	0.01226	0.01316	0.01017	0.01403	0.01303	0.00831	0.51859	0.09797	0.02656	0.01182	0.01199	0.00869	0.00547	0.00459	0.00135	0.00483	0.00417	0.00445	0.17704
22	0.00948	0.00899	0.01530	0.74387	0.05813	0.01089	0.03978	0.01274	0.00994	0.01286	0.00879	0.01301	0.00664	0.00484	0.00491	0.00161	0.00652	0.00438	0.00222	0.02510
23	0.00711	0.00524	0.00554	0.00532	0.00713	0.00441	0.00404	0.00846	0.01154	0.07449	0.07916	0.04448	0.70213	0.01185	0.00574	0.00164	0.00261	0.00989	0.00472	0.00450
24	0.00599	0.00428	0.00570	0.00684	0.00713	0.00399	0.00456	0.00684	0.00941	0.01254	0.02709	0.82409	0.03250	0.01540	0.00627	0.00200	0.00285	0.01397	0.00456	0.00399
25	0.00789	0.00529	0.00662	0.00620	0.00768	0.00476	0.00474	0.00992	0.01320	0.07846	0.53301	0.03829	0.21872	0.01042	0.00577	0.00160	0.00258	0.03483	0.00523	0.00481
26	0.00863	0.00603	0.00732	0.00681	0.00823	0.03144	0.00518	0.01114	0.03382	0.07950	0.63634	0.06142	0.04051	0.00979	0.00571	0.00158	0.00281	0.03343	0.00530	0.00502
27	0.01314	0.83025	0.02575	0.00841	0.01261	0.01945	0.00841	0.01472	0.00999	0.01156	0.00683	0.00788	0.00631	0.00420	0.00315	0.00105	0.00526	0.00263	0.00210	0.00631
28	0.00658	0.00469	0.00617	0.00715	0.00765	0.00449	0.00517	0.00769	0.00968	0.01275	0.02630	0.52299	0.05600	0.10601	0.00848	0.00236	0.00346	0.19400	0.00438	0.00401
29	0.00599	0.00428	0.00570	0.00684	0.00713	0.00399	0.00456	0.00684	0.00941	0.01254	0.02709	0.82409	0.03250	0.01540	0.00627	0.00200	0.00285	0.01397	0.00456	0.00399
30	0.01346	0.01222	0.01415	0.01420	0.14292	0.07978	0.05124	0.13942	0.39585	0.02032	0.03902	0.01645	0.01283	0.00612	0.00502	0.00158	0.00507	0.01866	0.00422	0.00748
31	0.11301	0.15810	0.04438	0.01494	0.18168	0.08931	0.05779	0.18265	0.01330	0.01849	0.00962	0.04509	0.00815	0.00540	0.00487	0.00144	0.03766	0.00423	0.00307	0.00682
32	0.00882	0.02439	0.01267	0.42246	0.12117	0.00912	0.01064	0.01170	0.03576	0.01355	0.04324	0.16540	0.08600	0.00768	0.00524	0.00167	0.00515	0.00684	0.00307	0.00543
33	0.00631	0.00478	0.00584	0.00616	0.00717	0.00431	0.00448	0.00779	0.01140	0.01502	0.26468	0.31286	0.27268	0.01279	0.00601	0.00177	0.00265	0.04424	0.00482	0.00426
34	0.01158	0.09406	0.03705	0.00859	0.01243	0.06236	0.00724	0.05749	0.01101	0.02722	0.00930	0.03945	0.00807	0.00476	0.00474	0.00102	0.06144	0.00354	0.00295	0.53571
35	0.01033	0.00741	0.00855	0.00727	0.00989	0.00682	0.00565	0.04529	0.13101	0.09656	0.14719	0.08325	0.17438	0.00814	0.00500	0.00140	0.00327	0.00688	0.02664	0.21508
36	0.03062	0.13328	0.16018	0.01305	0.06827	0.11495	0.04662	0.18718	0.04104	0.03229	0.02009	0.01114	0.00788	0.00541	0.00562	0.00147	0.08480	0.00395	0.00309	0.02908
37	0.02652	0.04387	0.01245	0.07752	0.09143	0.05324	0.06456	0.05844	0.07175	0.02920	0.01745	0.33117	0.01823	0.01006	0.02239	0.00187	0.03856	0.02197	0.00370	0.00561
38	0.00621	0.00497	0.00555	0.00546	0.00690	0.00431	0.00407	0.00781	0.01208	0.01547	0.30612	0.06921	0.51109	0.01171	0.00582	0.00163	0.00244	0.00998	0.00486	0.00431
39	0.01430	0.01057	0.01180	0.07234	0.01462	0.02784	0.00830	0.08601	0.51943	0.15149	0.01810	0.01693	0.01315	0.00634	0.00497	0.00162	0.00437	0.00522	0.00491	0.00770
40	0.79695	0.00942	0.00755	0.00664	0.00974	0.01073	0.00547	0.01518	0.00880	0.08230	0.00781	0.00866	0.00585	0.00468	0.00319	0.00152	0.00383	0.00284	0.00328	0.00556
41	0.00624	0.00482	0.00566	0.00611	0.00717	0.00432	0.00448	0.00750	0.01068	0.01354	0.09790	0.29425	0.37768	0.04866	0.00689	0.00196	0.00290	0.09055	0.00456	0.00413
42	0.00637	0.00471	0.00580	0.00610	0.00693	0.00431	0.00427	0.00771	0.01104	0.01476	0.28165	0.33135	0.19397	0.08869	0.00777	0.00204	0.00278	0.01092	0.00469	0.00414
43	0.00681	0.00499	0.00615	0.00599	0.00723	0.00448	0.00444	0.00868	0.01271	0.03075	0.50283	0.12742	0.23702	0.01120	0.00584	0.00163	0.00245	0.00977	0.00511	0.00450
44	0.00754	0.00527	0.00739	0.00759	0.00840	0.00528	0.02114	0.00874	0.00934	0.05564	0.03526	0.50005	0.02475	0.05299	0.17093	0.00325	0.03323	0.01050	0.00403	0.02868
45	0.01242	0.01265	0.01513	0.23557	0.09765	0.14676	0.01158	0.07359	0.03302	0.01422	0.00835	0.01152	0.00698	0.00630	0.00876	0.00173	0.29105	0.00418	0.00255	0.00599
46	0.02153	0.00841	0.01135	0.00874	0.01247	0.00736	0.00720	0.04321	0.01430	0.75782	0.04124	0.01717	0.01304	0.00619	0.00497	0.00152	0.00416	0.00504	0.00603	0.00826
47	0.01105	0.17339	0.16176	0.01223	0.01438	0.01524	0.01166	0.01308	0.00853	0.01246	0.00696	0.01012	0.00638	0.00702	0.01149	0.00183	0.51053	0.00385	0.00213	0.00590
48	0.01209	0.01181	0.05396	0.35547	0.17453	0.05352	0.03884	0.13891	0.05242	0.01706	0.01014	0.01281	0.00773	0.00506	0.00485	0.00154	0.00616	0.00440	0.03210	0.00661
49	0.00719	0.00558	0.00635	0.00622	0.00769	0.00516	0.00468	0.06756	0.01249	0.01614	0.22233	0.16944	0.39826	0.01188	0.00585	0.00170	0.00281	0.03927	0.00479	0.00458
50	0.01047	0.00796	0.00951	0.05956	0.04487	0.00825	0.00683	0.16101	0.10745	0.04909	0.15571	0.10106	0.20875	0.02737	0.00589	0.00170	0.00378	0.02029	0.00461	0.00585
51	0.01372	0.13618	0.36378	0.01151	0.01665	0.04514	0.01259	0.05936	0.01174	0.17478	0.01064	0.01133	0.00763	0.00516	0.00516	0.00145	0.05606	0.00378	0.00312	0.05020
52	0.07117	0.01141	0.01165	0.00995	0.01300	0.03529	0.00789	0.23827	0.43912	0.03762	0.01758	0.03268	0.03928	0.00662	0.00488	0.00159	0.00439	0.00529	0.00477	0.00753
53	0.06118	0.01061	0.01129	0.00910	0.01203	0.01167	0.00737	0.48982	0.01791	0.02567	0.01270	0.01424	0.00972	0.03591	0.05514	0.00192	0.00507	0.00451	0.19726	0.00690
54	0.01180	0.01174	0.01792	0.01403	0.01739	0.06782	0.32239	0.07642	0.21678	0.01751	0.03132	0.12014	0.03785	0.00683	0.00548	0.00166	0.00595	0.00670	0.00373	0.00654
55	0.01025	0.12207	0.70863	0.01333	0.02023	0.01238	0.01699	0.01546	0.01033	0.01508	0.00858	0.01008	0.00623	0.00461	0.00449	0.00150	0.00702	0.00351	0.00208	0.00715
56	0.02118	0.00967	0.03785	0.00927	0.01320	0.00847	0.00788	0.12841	0.01520	0.66775	0.01799	0.01584	0.01144	0.00601	0.00493	0.00152	0.00445	0.00483	0.00579	0.00833
57	0.00715	0.00476	0.00536	0.00536	0.00536	0.00476	0.00298	0.00715	0.00715	0.00953	0.01548	0.03216	0.01787	0.82729	0.02501	0.00476	0.00476	0.00715	0.00298	0.00298
58	0.00780	0.00539	0.00579	0.00546	0.00737	0.00453	0.00418	0.00915	0.01161	0.10883	0.06260	0.04335	0.68316	0.01162	0.00570	0.00164	0.00269	0.00968	0.00477	0.00467
59	0.00788	0.00508	0.00646	0.00672	0.00778	0.00466	0.00483	0.00946	0.02694	0.09053	0.17287	0.44151	0.14498	0.02308	0.00621	0.00185	0.00291	0.02678	0.00486	0.00464
60	0.00968	0.00984	0.03729	0.75825	0.03269	0.04490	0.01360	0.01294	0.01002	0.01262	0.00869	0.01284	0.00653	0.00491	0.00489	0.00162	0.00667	0.00429	0.00220	0.00552
61	0.00604	0.00461	0.00557	0.00624	0.00707	0.00413	0.00439	0.00714	0.01031	0.01320	0.06913	0.48873	0.30072	0.01406	0.00611	0.00187	0.00276	0.03925	0.00460	0.00409
62	0.00691	0.00503	0.00701	0.00712	0.00777	0.00552	0.00519	0.00819	0.00817	0.01144	0.04163	0.11336	0.03191	0.20226	0.50864	0.00624	0.00965	0.00686	0.00305	0.00405
63	0.00938	0.00883	0.01491	0.78963	0.05896	0.01094	0.01369	0.01264	0.00987	0.01267	0.00875	0.01307	0.00659	0.00490	0.00491	0.00163	0.00653	0.00437	0.00219	0.00554
64	0.01256	0.07720	0.10812	0.04332	0.04589	0.02646	0.42232	0.13937	0.01313	0.01763	0.01039	0.03002	0.00819	0.00492	0.00527	0.00157	0.00718	0.01673	0.00287	0.00685
65	0.01204	0.01311	0.08374	0.14796	0.31449	0.12122	0.02357	0.05411	0.02579	0.02859	0.01214	0.10624	0.02338	0.00614	0.00499	0.00154	0.00605	0.00540	0.00289	0.00660
66	0.01783	0.02249	0.01418	0.01327	0.04192	0.74744	0.00974	0.01914	0.01357	0.01216	0.00761	0.00905	0.00639	0.00519	0.00493	0.00131	0.04226	0.00325	0.00251	0.00576
67	0.01241	0.01143	0.01711	0.07357	0.44904	0.05698	0.05739	0.07122	0.03439	0.04336	0.01263	0.07634	0.03433	0.00576	0.00502	0.00151	0.00568	0.00535	0.00305	0.02343

[dist]
# distance from previous block
# <min> <max>
0	1

[block]
# block no. 5 follows, 51 sequences, length 13
# corresponding to MSA columns:
# 359-371
name=unknown_F
#
# <colnr> <probs for GDERKNQSTAVLIFYWHMCP>
#	G	D	E	R	K	N	Q	S	T	A	V	L	I	F	Y	W	H	M	C	P
0	0.64196	0.00892	0.00774	0.00687	0.00970	0.00996	0.00555	0.04408	0.00984	0.09136	0.05475	0.07068	0.01041	0.00586	0.00368	0.00156	0.00374	0.00412	0.00363	0.00558
1	0.00744	0.00524	0.00620	0.00591	0.00647	0.00514	0.00371	0.00791	0.00756	0.01045	0.01447	0.02814	0.01601	0.63403	0.13084	0.00478	0.00581	0.00645	0.00292	0.09051
2	0.00632	0.00485	0.00558	0.00567	0.00691	0.00428	0.00415	0.00786	0.01166	0.01528	0.26957	0.18559	0.39813	0.01200	0.00580	0.00167	0.00250	0.01036	0.03756	0.00428
3	0.01115	0.01053	0.01784	0.15980	0.58797	0.01098	0.01393	0.01401	0.01062	0.01499	0.00956	0.01305	0.00804	0.00779	0.08696	0.00215	0.00671	0.00447	0.00241	0.00705
4	0.02205	0.00836	0.01140	0.00874	0.01254	0.00722	0.00722	0.02395	0.01407	0.80004	0.01939	0.01673	0.01216	0.00608	0.00494	0.00152	0.00418	0.00494	0.00608	0.00836
5	0.00704	0.00475	0.00536	0.00542	0.00550	0.00470	0.00309	0.00713	0.00742	0.00983	0.01740	0.07255	0.04889	0.75472	0.02332	0.00450	0.00458	0.00762	0.00312	0.00307
6	0.01755	0.01321	0.01411	0.01108	0.01481	0.01471	0.00907	0.64873	0.15647	0.02915	0.01323	0.01294	0.00952	0.00603	0.00493	0.00151	0.00514	0.00462	0.00493	0.00826
7	0.01369	0.60339	0.07477	0.04288	0.01452	0.07568	0.00944	0.09054	0.01159	0.01382	0.00759	0.00872	0.00652	0.00449	0.00359	0.00117	0.00572	0.00298	0.00241	0.00649
8	0.01490	0.04131	0.06043	0.09324	0.12176	0.24789	0.06432	0.15715	0.02604	0.04766	0.01014	0.01180	0.00782	0.00566	0.01892	0.00153	0.00679	0.00410	0.05187	0.00666
9	0.01192	0.00881	0.01043	0.00762	0.01177	0.00702	0.00613	0.05509	0.01150	0.10966	0.04276	0.01215	0.00954	0.00432	0.00395	0.00090	0.00374	0.00348	0.00350	0.67572
10	0.03863	0.04087	0.27928	0.01171	0.01533	0.01141	0.05388	0.05815	0.04933	0.01611	0.06228	0.05035	0.02498	0.00712	0.01875	0.00175	0.18925	0.00495	0.03586	0.03000
11	0.01770	0.00923	0.01163	0.02524	0.01284	0.00904	0.00755	0.14151	0.04446	0.43011	0.04567	0.01568	0.01199	0.00612	0.00556	0.00147	0.06142	0.00475	0.04314	0.09490
12	0.00726	0.00499	0.00602	0.00635	0.00671	0.00495	0.00434	0.00792	0.00844	0.01110	0.01977	0.06495	0.04759	0.56149	0.01901	0.00392	0.00456	0.20368	0.00349	0.00345

[dist]
# distance from previous block
# <min> <max>
0	1

[block]
# block no. 6 follows, 51 sequences, length 35
# corresponding to MSA columns:
# 373-407
name=unknown_G
#
# <colnr> <probs for GDERKNQSTAVLIFYWHMCP>
#	G	D	E	R	K	N	Q	S	T	A	V	L	I	F	Y	W	H	M	C	P
0	0.03451	0.00958	0.01106	0.03383	0.01247	0.01070	0.00781	0.24339	0.16476	0.04671	0.09526	0.02322	0.06781	0.03395	0.03845	0.00203	0.07161	0.08193	0.00445	0.00648
1	0.79221	0.01041	0.05342	0.02630	0.01077	0.01104	0.00627	0.01447	0.00851	0.02145	0.00700	0.00824	0.00540	0.00458	0.00318	0.00153	0.00407	0.00276	0.00296	0.00544
2	0.00714	0.00496	0.00600	0.00615	0.00653	0.00501	0.00410	0.00775	0.00810	0.01074	0.01911	0.03479	0.07495	0.55910	0.11923	0.00459	0.00562	0.10942	0.00326	0.00345
3	0.09910	0.01034	0.01133	0.00910	0.01230	0.03636	0.02326	0.29319	0.03977	0.22461	0.01436	0.01473	0.01026	0.00587	0.00450	0.00145	0.00447	0.01660	0.16122	0.00717
4	0.01115	0.01012	0.01553	0.01468	0.17062	0.00959	0.12808	0.01395	0.03071	0.04136	0.04718	0.01283	0.00955	0.00493	0.00591	0.00128	0.10355	0.00424	0.00294	0.36179
5	0.00805	0.00510	0.00663	0.00684	0.00786	0.00472	0.00490	0.00978	0.03121	0.09495	0.24430	0.46182	0.06977	0.01257	0.00595	0.00180	0.00285	0.01123	0.00497	0.00472
6	0.02853	0.01739	0.37239	0.08244	0.04344	0.01112	0.11474	0.07545	0.04185	0.12860	0.01110	0.01231	0.00782	0.00496	0.00486	0.00155	0.00643	0.00429	0.00309	0.02765
7	0.01155	0.05839	0.01450	0.42367	0.05337	0.11362	0.01132	0.01727	0.21639	0.01468	0.01148	0.01361	0.00879	0.00534	0.00477	0.00156	0.00604	0.00443	0.00298	0.00624
8	0.00907	0.00664	0.00852	0.00893	0.05548	0.00662	0.00657	0.03038	0.11869	0.05669	0.30608	0.07429	0.10137	0.01024	0.00582	0.00175	0.00345	0.17912	0.00488	0.00542
9	0.00737	0.00526	0.00729	0.00842	0.00931	0.00518	0.00696	0.00923	0.01077	0.01409	0.02632	0.27397	0.02948	0.01409	0.00664	0.00219	0.00405	0.55045	0.00454	0.00437
10	0.01144	0.01087	0.01643	0.32907	0.36493	0.04950	0.01321	0.06762	0.01163	0.01540	0.01148	0.01436	0.05247	0.00519	0.00492	0.00153	0.00604	0.00466	0.00264	0.00662
11	0.01495	0.01651	0.05932	0.05056	0.01582	0.35982	0.08612	0.08884	0.06197	0.04862	0.03141	0.03753	0.00990	0.00568	0.00470	0.00141	0.00675	0.00448	0.08945	0.00617
12	0.00615	0.00440	0.00589	0.00703	0.00739	0.00414	0.00485	0.00713	0.00957	0.01273	0.02699	0.75749	0.03214	0.01524	0.00632	0.00202	0.00300	0.07891	0.00456	0.00404
13	0.00832	0.00686	0.00848	0.08748	0.03400	0.05230	0.02842	0.00923	0.00818	0.01070	0.01349	0.02533	0.01438	0.50668	0.14992	0.00454	0.01885	0.00617	0.00277	0.00390
14	0.00640	0.00472	0.00601	0.00645	0.00730	0.00433	0.00465	0.00790	0.01134	0.01523	0.29266	0.38749	0.15811	0.01299	0.00607	0.00180	0.00271	0.05471	0.00485	0.00427
15	0.01055	0.00985	0.01610	0.50986	0.22806	0.01127	0.02991	0.03765	0.05531	0.01462	0.00963	0.01307	0.00744	0.00487	0.00490	0.00157	0.00616	0.00444	0.00251	0.02222
16	0.01335	0.01429	0.05547	0.12802	0.34168	0.16094	0.02993	0.09033	0.03544	0.01611	0.00925	0.01166	0.00744	0.00508	0.00555	0.00151	0.06014	0.00418	0.00270	0.00693
17	0.00832	0.00528	0.00690	0.00682	0.00808	0.00475	0.00498	0.00993	0.01165	0.09981	0.30209	0.37521	0.05337	0.01170	0.00581	0.00171	0.00286	0.02283	0.00494	0.05297
18	0.01010	0.00844	0.04157	0.04774	0.01145	0.00908	0.00746	0.14285	0.01089	0.03197	0.02954	0.08776	0.01377	0.18572	0.20855	0.00390	0.13469	0.00606	0.00328	0.00516
19	0.00599	0.00446	0.00552	0.00634	0.00695	0.00406	0.00431	0.00690	0.00975	0.01261	0.03205	0.60984	0.21318	0.04498	0.00686	0.00202	0.00284	0.01286	0.00450	0.00399
20	0.00828	0.00451	0.00677	0.03077	0.00751	0.00465	0.00476	0.00686	0.00681	0.00915	0.00992	0.05428	0.01002	0.01870	0.10071	0.70141	0.00520	0.00484	0.00230	0.00256
21	0.01019	0.00873	0.01019	0.00728	0.01165	0.00655	0.00582	0.01237	0.01019	0.01601	0.00873	0.01019	0.00728	0.00364	0.00364	0.00073	0.00364	0.00291	0.00291	0.85734
22	0.00928	0.00873	0.01474	0.81548	0.03385	0.01092	0.01365	0.01256	0.00983	0.01256	0.00873	0.01310	0.00655	0.00491	0.00491	0.00164	0.00655	0.00437	0.00218	0.00546
23	0.00714	0.00478	0.00545	0.00545	0.00549	0.00482	0.00310	0.00721	0.00717	0.00960	0.01540	0.03168	0.01766	0.79781	0.05421	0.00488	0.00508	0.00708	0.00296	0.00303
24	0.01132	0.05115	0.01771	0.08064	0.01681	0.06002	0.13388	0.01310	0.00886	0.01251	0.00728	0.01110	0.00661	0.00717	0.01224	0.00192	0.53540	0.00440	0.00223	0.00565
25	0.01084	0.00887	0.09401	0.00853	0.01119	0.00708	0.03789	0.05500	0.05636	0.15010	0.37919	0.04855	0.07611	0.00853	0.00548	0.00159	0.00373	0.02611	0.00490	0.00595
26	0.02401	0.15095	0.06006	0.00994	0.01300	0.02249	0.04926	0.09472	0.23298	0.06309	0.07056	0.09526	0.01555	0.00829	0.03611	0.00181	0.01589	0.02537	0.00404	0.00663
27	0.00742	0.00535	0.00657	0.00616	0.00758	0.00492	0.00465	0.00995	0.04424	0.04420	0.57697	0.03760	0.20535	0.01030	0.00574	0.00157	0.00248	0.00894	0.00523	0.00478
28	0.01599	0.01197	0.01529	0.04902	0.17944	0.08827	0.07060	0.17615	0.06428	0.20715	0.02303	0.01501	0.02881	0.02599	0.00547	0.00158	0.00560	0.00486	0.00409	0.00741
29	0.04370	0.03384	0.13150	0.07579	0.09405	0.03577	0.15312	0.15532	0.03777	0.12512	0.05633	0.01398	0.01037	0.00534	0.00497	0.00153	0.00599	0.00477	0.00358	0.00713
30	0.01441	0.15352	0.07873	0.00945	0.01290	0.03156	0.00840	0.28744	0.07375	0.07638	0.05159	0.02594	0.01168	0.04325	0.00540	0.00155	0.00485	0.00464	0.09766	0.00690
31	0.00618	0.00437	0.00570	0.00668	0.00694	0.00413	0.00440	0.00695	0.00913	0.01216	0.02544	0.69924	0.03038	0.12885	0.00890	0.00239	0.00315	0.02682	0.00434	0.00386
32	0.04573	0.12074	0.45888	0.01455	0.08744	0.05952	0.05859	0.07057	0.01151	0.01628	0.00874	0.01031	0.00657	0.00466	0.00450	0.00147	0.00677	0.00369	0.00240	0.00706
33	0.17121	0.01092	0.05123	0.16661	0.16371	0.01070	0.07505	0.08132	0.02250	0.06346	0.01089	0.01274	0.03153	0.00494	0.00450	0.00146	0.00535	0.00421	0.00307	0.10460
34	0.01146	0.06695	0.03445	0.14967	0.14604	0.03402	0.01031	0.03691	0.05734	0.05090	0.01085	0.01477	0.00918	0.02774	0.02804	0.03796	0.16889	0.02740	0.07114	0.00598

[dist]
# distance from previous block
# <min> <max>
1	7

[block]
# block no. 7 follows, 51 sequences, length 37
# corresponding to MSA columns:
# 429-465
name=unknown_H
#
# <colnr> <probs for GDERKNQSTAVLIFYWHMCP>
#	G	D	E	R	K	N	Q	S	T	A	V	L	I	F	Y	W	H	M	C	P
0	0.01350	0.00897	0.01041	0.00858	0.04067	0.04501	0.00653	0.03741	0.01212	0.23251	0.04823	0.01770	0.10753	0.00582	0.00447	0.00117	0.00398	0.00474	0.00411	0.38652
1	0.05205	0.28119	0.29478	0.04244	0.05485	0.01429	0.08039	0.04335	0.01067	0.01496	0.02194	0.01043	0.00720	0.00480	0.00483	0.00143	0.04771	0.00367	0.00236	0.00666
2	0.00750	0.00546	0.00700	0.00662	0.00788	0.00521	0.00504	0.03759	0.03002	0.01961	0.68205	0.06540	0.04290	0.01020	0.00582	0.00160	0.00260	0.04739	0.00531	0.00481
3	0.00664	0.00522	0.00603	0.00583	0.00729	0.00472	0.00441	0.00889	0.04146	0.01661	0.39797	0.04144	0.39477	0.01113	0.00580	0.00162	0.00251	0.02818	0.00498	0.00452
4	0.01032	0.13824	0.69305	0.01322	0.02006	0.01254	0.01679	0.01544	0.01032	0.01500	0.00854	0.01003	0.00624	0.00460	0.00446	0.00149	0.00698	0.00349	0.00208	0.00713
5	0.00623	0.00469	0.00576	0.00641	0.00724	0.00427	0.00460	0.00743	0.01043	0.01349	0.09907	0.43718	0.25315	0.03736	0.00669	0.00196	0.00291	0.08243	0.00459	0.00411
6	0.05082	0.01248	0.11961	0.16823	0.05582	0.03978	0.05877	0.04234	0.04953	0.01454	0.00938	0.02724	0.00792	0.00857	0.06690	0.00222	0.25278	0.00452	0.00256	0.00598
7	0.00724	0.00572	0.00806	0.00715	0.00873	0.00517	0.05796	0.00945	0.01293	0.01801	0.56111	0.09096	0.12537	0.00996	0.00572	0.00156	0.00285	0.00890	0.00492	0.04822
8	0.01172	0.08016	0.01378	0.04290	0.06129	0.00978	0.04375	0.10687	0.02012	0.02738	0.03069	0.01157	0.00857	0.00452	0.00451	0.00107	0.03330	0.00364	0.01200	0.47238
9	0.00716	0.00517	0.00695	0.00796	0.00885	0.00502	0.00644	0.00886	0.01060	0.01378	0.02780	0.27913	0.08817	0.04227	0.00719	0.00222	0.00389	0.45975	0.00449	0.00429
10	0.01354	0.01145	0.01185	0.01019	0.01326	0.03548	0.00803	0.17049	0.57841	0.02208	0.01749	0.01639	0.01308	0.00632	0.00490	0.00157	0.00431	0.00513	0.00481	0.05122
11	0.02884	0.14866	0.10780	0.06385	0.04128	0.06033	0.10692	0.02985	0.02304	0.05002	0.03211	0.01273	0.00883	0.00520	0.00546	0.00138	0.07755	0.02279	0.00280	0.17057
12	0.01556	0.01136	0.01317	0.01189	0.07695	0.10662	0.03686	0.17244	0.01395	0.21484	0.01359	0.07443	0.01093	0.00904	0.07436	0.00205	0.06291	0.00512	0.00406	0.06986
13	0.00797	0.00590	0.00854	0.00931	0.01059	0.00584	0.03453	0.01026	0.01132	0.01469	0.02632	0.05367	0.05540	0.01321	0.00672	0.00222	0.00458	0.70989	0.00446	0.00458
14	0.01026	0.01014	0.04530	0.22273	0.15457	0.04878	0.04336	0.05027	0.09196	0.01586	0.09187	0.10450	0.07530	0.00721	0.00522	0.00161	0.00519	0.00640	0.00343	0.00604
15	0.13318	0.10442	0.11336	0.01313	0.11836	0.04230	0.04675	0.14295	0.04869	0.10756	0.01139	0.05015	0.00907	0.00565	0.00488	0.00150	0.03175	0.00445	0.00348	0.00698
16	0.00639	0.00530	0.00525	0.00531	0.00687	0.02010	0.00399	0.00772	0.01110	0.01365	0.04455	0.08152	0.65947	0.01196	0.00565	0.00165	0.00268	0.03252	0.07012	0.00422
17	0.01156	0.01315	0.02843	0.02040	0.02516	0.01253	0.74759	0.01558	0.01143	0.01558	0.00980	0.01315	0.00742	0.00432	0.00622	0.00168	0.04119	0.00574	0.00247	0.00658
18	0.01375	0.03815	0.01290	0.01193	0.09253	0.08097	0.00855	0.20412	0.24413	0.04987	0.04477	0.03928	0.05052	0.04587	0.00636	0.00171	0.03791	0.00544	0.00422	0.00699
19	0.05893	0.00964	0.01135	0.00915	0.01224	0.04692	0.00744	0.12195	0.02586	0.46659	0.01646	0.05618	0.01173	0.00659	0.00564	0.00155	0.06491	0.00508	0.05435	0.00742
20	0.00604	0.00475	0.00546	0.00579	0.00691	0.00417	0.00415	0.00731	0.01100	0.01399	0.15346	0.30699	0.42638	0.01308	0.00596	0.00176	0.00259	0.01136	0.00469	0.00417
21	0.00665	0.00490	0.00626	0.00695	0.00773	0.00466	0.00508	0.00839	0.03577	0.01421	0.14092	0.45031	0.12274	0.03271	0.00663	0.00199	0.00308	0.13209	0.00466	0.00429
22	0.01232	0.35049	0.34964	0.01153	0.01693	0.03317	0.04378	0.04258	0.03994	0.04453	0.00895	0.01003	0.00694	0.00464	0.00412	0.00135	0.00622	0.00345	0.00247	0.00691
23	0.00770	0.00485	0.00538	0.00551	0.00669	0.00455	0.00403	0.00964	0.02594	0.03059	0.10655	0.19785	0.22155	0.00996	0.00494	0.00152	0.00253	0.00852	0.33722	0.00448
24	0.00691	0.00518	0.00659	0.00721	0.00837	0.00486	0.00583	0.00868	0.01131	0.01458	0.12549	0.16415	0.25056	0.01310	0.00631	0.00196	0.00343	0.34646	0.00465	0.00435
25	0.01340	0.17965	0.20761	0.05409	0.05444	0.25269	0.04049	0.02583	0.04296	0.01370	0.00856	0.01029	0.00692	0.00557	0.01980	0.00152	0.05005	0.00360	0.00242	0.00639
26	0.01438	0.00849	0.03931	0.00942	0.04854	0.00782	0.00723	0.04635	0.12319	0.32358	0.10799	0.04417	0.03759	0.08096	0.07611	0.00239	0.00491	0.00601	0.00483	0.00673
27	0.01084	0.00711	0.00762	0.00698	0.00879	0.00755	0.00541	0.15502	0.11827	0.02015	0.03349	0.10373	0.03371	0.00740	0.00443	0.00142	0.00322	0.03050	0.42870	0.00564
28	0.00627	0.00468	0.00584	0.00622	0.00709	0.00424	0.00441	0.00770	0.01129	0.01509	0.28741	0.39596	0.19983	0.01298	0.00601	0.00177	0.00260	0.01151	0.00484	0.00424
29	0.09234	0.01053	0.01618	0.12878	0.38515	0.01113	0.03979	0.07434	0.01175	0.07367	0.03589	0.04290	0.00984	0.00547	0.00531	0.00155	0.04055	0.00481	0.00308	0.00694
30	0.01028	0.02486	0.76436	0.01388	0.02098	0.01160	0.01774	0.05197	0.01098	0.01630	0.00896	0.01044	0.00633	0.00473	0.00468	0.00155	0.00717	0.00367	0.00221	0.00731
31	0.00619	0.00456	0.00584	0.00674	0.00737	0.00421	0.00477	0.00731	0.01006	0.01315	0.05891	0.59101	0.15587	0.01454	0.00623	0.00195	0.00294	0.08966	0.00459	0.00410
32	0.01179	0.01108	0.01846	0.21622	0.57777	0.01167	0.01447	0.05098	0.01143	0.01593	0.00924	0.01237	0.00752	0.00458	0.00488	0.00150	0.00599	0.00438	0.00249	0.00726
33	0.01043	0.00993	0.01683	0.46264	0.24546	0.01127	0.06773	0.01409	0.04732	0.01425	0.00960	0.01315	0.00749	0.00490	0.00521	0.00159	0.02639	0.00453	0.02089	0.00628
34	0.08582	0.03536	0.02018	0.00946	0.04823	0.00953	0.00717	0.12180	0.12099	0.10949	0.01935	0.11795	0.10330	0.02007	0.06453	0.00212	0.05269	0.00637	0.03939	0.00620
35	0.01751	0.02144	0.01377	0.01237	0.01480	0.68399	0.00939	0.05790	0.03073	0.01338	0.02945	0.01008	0.00772	0.00547	0.00516	0.00134	0.05341	0.00350	0.00276	0.00583
36	0.01203	0.01051	0.03447	0.09710	0.15500	0.02349	0.00932	0.10713	0.10821	0.04708	0.01241	0.05430	0.01942	0.00540	0.00457	0.00130	0.00474	0.00459	0.00344	0.28549

[dist]
# distance from previous block
# <min> <max>
0	3

[block]
# block no. 8 follows, 51 sequences, length 14
# corresponding to MSA columns:
# 469-482
name=unknown_I
#
# <colnr> <probs for GDERKNQSTAVLIFYWHMCP>
#	G	D	E	R	K	N	Q	S	T	A	V	L	I	F	Y	W	H	M	C	P
0	0.00846	0.00503	0.00670	0.00701	0.00800	0.00461	0.00502	0.00976	0.01093	0.12430	0.15808	0.53484	0.05044	0.01305	0.00601	0.00185	0.00299	0.03327	0.00492	0.00473
1	0.01337	0.46967	0.26158	0.01017	0.01526	0.01529	0.01123	0.01626	0.01067	0.12211	0.00918	0.00987	0.00709	0.00461	0.00387	0.00127	0.00572	0.00326	0.00265	0.00688
2	0.01100	0.00906	0.00903	0.00870	0.01047	0.11911	0.00674	0.04406	0.13650	0.07978	0.14647	0.18869	0.05685	0.01012	0.00565	0.00174	0.00426	0.14158	0.00461	0.00556
3	0.01117	0.26768	0.33535	0.01087	0.01591	0.01298	0.04234	0.04712	0.04119	0.03640	0.01485	0.01545	0.11747	0.00576	0.00444	0.00142	0.00572	0.00450	0.00279	0.00660
4	0.01185	0.43708	0.16770	0.00918	0.01354	0.01402	0.00948	0.01410	0.00993	0.04370	0.00842	0.01007	0.00712	0.00684	0.04902	0.05106	0.00575	0.00319	0.00240	0.12558
5	0.00792	0.12028	0.00874	0.00669	0.00758	0.00639	0.00490	0.00810	0.00889	0.01158	0.07333	0.29240	0.06540	0.08789	0.01117	0.24475	0.00374	0.02305	0.00344	0.00376
6	0.01444	0.06167	0.12434	0.01201	0.04517	0.21711	0.01014	0.15529	0.23802	0.01881	0.04540	0.01358	0.01093	0.00576	0.00472	0.00147	0.00600	0.00440	0.00370	0.00706
7	0.00703	0.00774	0.11775	0.00742	0.00931	0.00543	0.00657	0.00932	0.01182	0.01624	0.35287	0.21886	0.14516	0.01109	0.00581	0.00171	0.00329	0.05324	0.00457	0.00478
8	0.01175	0.19035	0.50049	0.04274	0.01910	0.01360	0.01472	0.12252	0.01206	0.01678	0.00882	0.01016	0.00655	0.00475	0.00440	0.00144	0.00656	0.00356	0.00248	0.00715
9	0.01617	0.01766	0.01331	0.03265	0.03572	0.46084	0.00941	0.16980	0.01494	0.01627	0.01121	0.01664	0.01007	0.02107	0.00554	0.00155	0.02760	0.11022	0.00328	0.00606
10	0.08089	0.00881	0.01255	0.00976	0.01309	0.00837	0.11478	0.06997	0.03485	0.39288	0.10399	0.01771	0.01472	0.00611	0.00487	0.00151	0.00441	0.00528	0.08837	0.00708
11	0.00719	0.00582	0.00781	0.00758	0.00889	0.00545	0.03439	0.00858	0.01007	0.01371	0.07109	0.43163	0.13311	0.01254	0.02143	0.00186	0.04845	0.04233	0.00413	0.12394
12	0.10456	0.10164	0.01175	0.00856	0.01081	0.01066	0.00685	0.07215	0.12242	0.16396	0.01458	0.04339	0.02683	0.16770	0.00995	0.00222	0.10679	0.00523	0.00388	0.00607
13	0.01243	0.01162	0.01745	0.16641	0.40877	0.04619	0.05549	0.12196	0.03027	0.01726	0.01207	0.01437	0.05328	0.00522	0.00497	0.00151	0.00594	0.00478	0.00292	0.00708

[dist]
# distance from previous block
# <min> <max>
0	1

[block]
# block no. 9 follows, 51 sequences, length 58
# corresponding to MSA columns:
# 484-495,497-542
name=unknown_J
#
# <colnr> <probs for GDERKNQSTAVLIFYWHMCP>
#	G	D	E	R	K	N	Q	S	T	A	V	L	I	F	Y	W	H	M	C	P
0	0.01613	0.05620	0.01483	0.01325	0.11234	0.17911	0.02894	0.31207	0.01635	0.07857	0.01216	0.07881	0.01009	0.00615	0.00479	0.00144	0.00584	0.00490	0.02399	0.02404
1	0.00703	0.00471	0.00539	0.00551	0.00554	0.00469	0.00314	0.00712	0.00738	0.00983	0.01666	0.11259	0.01935	0.74483	0.02311	0.00448	0.00457	0.00784	0.00314	0.00308
2	0.01157	0.47227	0.05183	0.00956	0.03085	0.01544	0.00871	0.01332	0.00987	0.01277	0.05018	0.01253	0.05339	0.00575	0.00593	0.00131	0.15196	0.00380	0.00250	0.07647
3	0.05582	0.01165	0.07001	0.10248	0.29422	0.02660	0.05142	0.10889	0.05314	0.02874	0.08728	0.01704	0.03457	0.00587	0.00500	0.00155	0.00544	0.03010	0.00332	0.00684
