[name]
unknown

[dist]
# distance from previous block
# <min> <max>
0	114

[block]
# block no. 0 follows, 47 sequences, length 11
# corresponding to MSA columns:
# 905-914,916
name=unknown_A
#
# <colnr> <probs for GDERKNQSTAVLIFYWHMCP>
#	G	D	E	R	K	N	Q	S	T	A	V	L	I	F	Y	W	H	M	C	P
0	0.01257	0.14047	0.18096	0.01901	0.29155	0.01369	0.01363	0.06651	0.07033	0.01738	0.03974	0.01436	0.01030	0.00576	0.00576	0.00160	0.06160	0.02425	0.00298	0.00754
1	0.03247	0.01476	0.14177	0.07967	0.18006	0.10092	0.01206	0.10159	0.03652	0.13411	0.01321	0.01513	0.02827	0.03672	0.04826	0.00207	0.00673	0.00477	0.00357	0.00734
2	0.00843	0.00649	0.00731	0.00703	0.00879	0.00631	0.00528	0.01264	0.16301	0.04516	0.21682	0.13680	0.33313	0.01152	0.00601	0.00177	0.00300	0.00988	0.00520	0.00542
3	0.00740	0.00500	0.00658	0.00688	0.00720	0.00516	0.00459	0.00784	0.00828	0.01128	0.01798	0.22164	0.02013	0.32805	0.21780	0.10184	0.00676	0.00851	0.00338	0.00370
4	0.02159	0.00892	0.01190	0.00905	0.01316	0.00755	0.00744	0.02365	0.01433	0.67925	0.01895	0.01675	0.01216	0.00608	0.00504	0.00149	0.00435	0.00493	0.00597	0.12744
5	0.07459	0.00982	0.01099	0.00879	0.01222	0.00985	0.00711	0.19994	0.08972	0.21672	0.01545	0.01535	0.01107	0.00591	0.00459	0.00142	0.00421	0.00462	0.17207	0.12558
6	0.01206	0.00892	0.01011	0.00926	0.01122	0.06244	0.02961	0.13595	0.07105	0.10253	0.08852	0.37184	0.04236	0.01122	0.00595	0.00183	0.00426	0.00983	0.00497	0.00606
7	0.01080	0.00926	0.01080	0.00771	0.01234	0.00694	0.00617	0.01311	0.01080	0.01697	0.00926	0.01080	0.00771	0.00386	0.00386	0.00077	0.00386	0.00309	0.00309	0.84882
8	0.01598	0.01144	0.01671	0.18159	0.07707	0.01221	0.10508	0.21093	0.05982	0.18530	0.03470	0.01523	0.01061	0.00599	0.00576	0.00167	0.03280	0.00517	0.00427	0.00768
9	0.01158	0.00979	0.01059	0.00971	0.01226	0.01102	0.00757	0.02324	0.58902	0.02090	0.12575	0.02589	0.06256	0.00829	0.00556	0.00178	0.00385	0.04793	0.00530	0.00739
10	0.03278	0.01727	0.28904	0.01396	0.04121	0.05396	0.11705	0.01959	0.20995	0.06436	0.07606	0.01619	0.01306	0.00598	0.00527	0.00167	0.00626	0.00520	0.00367	0.00747

[dist]
# distance from previous block
# <min> <max>
0	6

[block]
# block no. 1 follows, 47 sequences, length 35
# corresponding to MSA columns:
# 927,936-969
name=unknown_B
#
# <colnr> <probs for GDERKNQSTAVLIFYWHMCP>
#	G	D	E	R	K	N	Q	S	T	A	V	L	I	F	Y	W	H	M	C	P
0	0.03754	0.00905	0.01489	0.73901	0.03363	0.01121	0.01370	0.01307	0.01034	0.01364	0.01014	0.05293	0.00825	0.00574	0.00521	0.00175	0.00665	0.00507	0.00247	0.00570
1	0.69166	0.00997	0.00849	0.00738	0.01065	0.01120	0.00605	0.05305	0.01034	0.10933	0.00971	0.03629	0.00756	0.00546	0.00366	0.00163	0.00412	0.00358	0.00374	0.00611
2	0.01089	0.01055	0.01882	0.25660	0.05512	0.01113	0.26049	0.03123	0.09359	0.01704	0.11512	0.02064	0.01539	0.00644	0.00578	0.00176	0.00646	0.05309	0.00342	0.00644
3	0.17269	0.01013	0.01121	0.00852	0.01269	0.00937	0.00694	0.12952	0.01336	0.18326	0.01175	0.01208	0.00859	0.00495	0.00423	0.00122	0.00429	0.00373	0.00414	0.38732
4	0.00936	0.00767	0.00927	0.01028	0.09828	0.00785	0.00674	0.02906	0.21049	0.01737	0.10131	0.14932	0.21786	0.05212	0.00681	0.00192	0.00365	0.00876	0.04596	0.00591
5	0.03647	0.00904	0.01278	0.01234	0.09323	0.04895	0.11774	0.03569	0.01256	0.01722	0.21639	0.17339	0.10962	0.00955	0.00633	0.00173	0.03935	0.00852	0.00418	0.03491
6	0.00634	0.00476	0.00582	0.00664	0.00733	0.00431	0.00452	0.00733	0.01040	0.01338	0.03488	0.57042	0.24120	0.04779	0.00731	0.00213	0.00300	0.01346	0.00477	0.00423
7	0.30660	0.04529	0.01315	0.01009	0.01362	0.03143	0.00837	0.37111	0.02686	0.05993	0.01049	0.01112	0.00776	0.00587	0.00519	0.00161	0.05593	0.00397	0.00422	0.00739
8	0.38934	0.01091	0.00966	0.00834	0.01137	0.08546	0.00668	0.06982	0.06813	0.14365	0.08752	0.01475	0.01260	0.00605	0.00428	0.00157	0.00448	0.00438	0.05452	0.00648
9	0.01434	0.64643	0.02418	0.00937	0.01353	0.04915	0.00886	0.06450	0.08481	0.01462	0.00912	0.00991	0.00782	0.00488	0.00370	0.00122	0.00553	0.00326	0.01785	0.00691
10	0.01262	0.00982	0.01164	0.04742	0.01398	0.00832	0.00712	0.08985	0.03458	0.07437	0.01074	0.01187	0.00840	0.00444	0.00420	0.00099	0.00424	0.00356	0.00357	0.63827
11	0.01411	0.06351	0.02051	0.02789	0.64339	0.03124	0.01460	0.01697	0.01214	0.09042	0.01062	0.01298	0.00856	0.00482	0.00504	0.00152	0.00606	0.00455	0.00293	0.00816
12	0.68375	0.01095	0.00903	0.00783	0.01115	0.02492	0.00641	0.11147	0.05730	0.02430	0.00877	0.00965	0.00669	0.00516	0.00362	0.00161	0.00434	0.00325	0.00359	0.00621
13	0.01352	0.19180	0.25285	0.01758	0.18039	0.15772	0.08357	0.01700	0.01190	0.01503	0.00886	0.01082	0.00710	0.00480	0.00471	0.00147	0.00733	0.00391	0.00241	0.00723
14	0.01454	0.01523	0.01664	0.25097	0.20305	0.25280	0.02744	0.04994	0.05885	0.03527	0.01015	0.01261	0.00797	0.00535	0.00523	0.00157	0.01829	0.00436	0.00291	0.00683
15	0.00661	0.00502	0.00559	0.00589	0.00678	0.00454	0.00395	0.00745	0.01016	0.01274	0.03629	0.24011	0.37479	0.24246	0.01206	0.00278	0.00342	0.01099	0.00436	0.00400
16	0.01230	0.00693	0.01028	0.00905	0.01120	0.00622	0.07846	0.01403	0.01222	0.25770	0.07089	0.36241	0.10358	0.01142	0.00608	0.00186	0.00394	0.01026	0.00518	0.00601
17	0.00756	0.00554	0.00819	0.00819	0.00913	0.00642	0.00636	0.00945	0.00850	0.01247	0.01411	0.02040	0.01304	0.03734	0.75515	0.00800	0.01335	0.00554	0.04660	0.00466
18	0.01457	0.00846	0.00965	0.00832	0.01104	0.00871	0.00656	0.03486	0.28134	0.22321	0.04999	0.01939	0.01532	0.00664	0.00478	0.00152	0.00366	0.00545	0.25489	0.03162
19	0.01757	0.01866	0.01480	0.01271	0.01563	0.41079	0.03703	0.16677	0.13005	0.03336	0.01141	0.01225	0.00887	0.00603	0.00570	0.00152	0.05762	0.00425	0.02804	0.00695
20	0.68038	0.05446	0.00978	0.00798	0.01118	0.13413	0.00650	0.01618	0.00987	0.02114	0.00737	0.00860	0.00586	0.00490	0.00346	0.00154	0.00494	0.00290	0.00309	0.00576
21	0.01306	0.01335	0.01666	0.19704	0.33280	0.15829	0.01289	0.01696	0.08522	0.01604	0.05067	0.01456	0.01062	0.00553	0.00526	0.00158	0.01628	0.00477	0.02142	0.00701
22	0.01875	0.01390	0.01445	0.01136	0.01509	0.05527	0.00929	0.59077	0.04935	0.06695	0.01320	0.01335	0.00950	0.00629	0.00533	0.00155	0.02309	0.00470	0.06948	0.00831
23	0.00702	0.00531	0.00648	0.00619	0.00757	0.00477	0.00464	0.00915	0.01392	0.01893	0.57251	0.04212	0.25960	0.01138	0.00615	0.00167	0.00251	0.00987	0.00548	0.00477
24	0.00695	0.00525	0.00607	0.00603	0.00702	0.00500	0.00419	0.00804	0.01018	0.01313	0.10837	0.03894	0.33232	0.28383	0.13861	0.00389	0.00522	0.00884	0.00404	0.00408
25	0.00725	0.00593	0.00650	0.00653	0.00810	0.00557	0.00482	0.01042	0.11427	0.01577	0.13068	0.19304	0.44681	0.01267	0.00613	0.00181	0.00289	0.01086	0.00500	0.00494
26	0.00943	0.00863	0.01426	0.67997	0.03154	0.01053	0.01304	0.01268	0.01084	0.01408	0.08435	0.04804	0.01254	0.00636	0.00540	0.00176	0.00631	0.02182	0.00279	0.00562
27	0.01681	0.11500	0.01598	0.04607	0.01587	0.20194	0.00949	0.32500	0.03407	0.02152	0.01049	0.01165	0.00819	0.00714	0.04186	0.00172	0.02149	0.00404	0.00374	0.08792
28	0.00631	0.00514	0.00558	0.00577	0.00720	0.00441	0.00421	0.00766	0.01179	0.01458	0.11803	0.19204	0.57210	0.01353	0.00625	0.00181	0.00269	0.01155	0.00492	0.00441
29	0.09385	0.38832	0.18275	0.01157	0.01640	0.04657	0.07542	0.05327	0.03917	0.01596	0.00875	0.01012	0.00712	0.00493	0.00447	0.00141	0.02679	0.00357	0.00263	0.00694
30	0.01791	0.14882	0.05966	0.02957	0.03601	0.48401	0.01051	0.09109	0.01466	0.04886	0.00904	0.01016	0.00722	0.00531	0.00459	0.00137	0.00799	0.00356	0.00298	0.00668
31	0.01037	0.00880	0.01034	0.00767	0.01188	0.00668	0.00604	0.01255	0.01072	0.01662	0.01112	0.08764	0.01027	0.00505	0.00412	0.00090	0.00378	0.00421	0.00325	0.76797
32	0.01642	0.01192	0.10777	0.01191	0.06313	0.01005	0.02453	0.15312	0.08783	0.29163	0.01829	0.14913	0.01491	0.00779	0.00545	0.00171	0.00499	0.00661	0.00501	0.00781
33	0.00991	0.19762	0.12204	0.01137	0.08739	0.01072	0.05135	0.02705	0.01173	0.01517	0.07616	0.10286	0.23931	0.00871	0.00527	0.00160	0.00479	0.00737	0.00360	0.00601
34	0.01547	0.00902	0.01004	0.00837	0.01116	0.04007	0.00665	0.12434	0.08783	0.24213	0.12689	0.02003	0.01749	0.00685	0.00489	0.00148	0.00397	0.00557	0.22017	0.03758

[dist]
# distance from previous block
# <min> <max>
0	1

[block]
# block no. 2 follows, 47 sequences, length 8
# corresponding to MSA columns:
# 974-981
name=unknown_C
#
# <colnr> <probs for GDERKNQSTAVLIFYWHMCP>
#	G	D	E	R	K	N	Q	S	T	A	V	L	I	F	Y	W	H	M	C	P
0	0.01271	0.28316	0.07475	0.06563	0.17119	0.01353	0.01064	0.04391	0.04064	0.05483	0.04499	0.03906	0.01095	0.00775	0.02992	0.07631	0.00577	0.00459	0.00301	0.00666
1	0.01078	0.00950	0.04016	0.01225	0.01550	0.00835	0.26209	0.01399	0.03451	0.10234	0.17375	0.05367	0.19779	0.00868	0.00604	0.00175	0.00516	0.03323	0.00438	0.00610
2	0.00744	0.00558	0.00837	0.00837	0.00930	0.00651	0.00651	0.00930	0.00837	0.01209	0.01395	0.02046	0.01302	0.03906	0.79635	0.00837	0.01395	0.00558	0.00279	0.00465
3	0.07520	0.01186	0.01277	0.01095	0.01405	0.05989	0.05814	0.07950	0.48702	0.04593	0.04261	0.01773	0.01442	0.00662	0.00512	0.00168	0.00475	0.00549	0.03862	0.00766
4	0.15083	0.09480	0.44764	0.01360	0.01972	0.01322	0.10182	0.06964	0.01171	0.01842	0.00917	0.01079	0.00676	0.00491	0.00467	0.00160	0.00688	0.00391	0.00264	0.00727
5	0.01139	0.01139	0.01595	0.01367	0.01367	0.01595	0.01139	0.01253	0.00798	0.01253	0.00684	0.01139	0.00684	0.00911	0.01709	0.00228	0.80745	0.00456	0.00228	0.00570
6	0.01757	0.01107	0.01345	0.01229	0.08743	0.01146	0.00899	0.20211	0.22540	0.26594	0.05049	0.01719	0.01372	0.00650	0.00524	0.00161	0.00472	0.00534	0.00533	0.03416
7	0.01398	0.00969	0.01272	0.01109	0.03594	0.05766	0.06472	0.04523	0.04871	0.19983	0.07787	0.01826	0.01423	0.01315	0.15927	0.00297	0.11567	0.00546	0.08700	0.00654

[dist]
# distance from previous block
# <min> <max>
0	1

[block]
# block no. 3 follows, 47 sequences, length 30
# corresponding to MSA columns:
# 983-992,995-1014
name=unknown_D
#
# <colnr> <probs for GDERKNQSTAVLIFYWHMCP>
#	G	D	E	R	K	N	Q	S	T	A	V	L	I	F	Y	W	H	M	C	P
0	0.01267	0.01231	0.05976	0.01444	0.01920	0.01050	0.32007	0.01692	0.06966	0.08465	0.01163	0.01342	0.00879	0.00472	0.00538	0.00141	0.02422	0.00482	0.00330	0.30214
1	0.01227	0.00871	0.01004	0.00893	0.01138	0.00929	0.00694	0.02078	0.39400	0.12260	0.30193	0.02639	0.02777	0.00831	0.00560	0.00170	0.00355	0.00711	0.00561	0.00710
2	0.01374	0.01279	0.01202	0.01116	0.03629	0.14245	0.00836	0.05104	0.48067	0.03689	0.09862	0.02015	0.03855	0.00721	0.00530	0.00166	0.00491	0.00588	0.00484	0.00746
3	0.00729	0.00532	0.00685	0.00647	0.00773	0.00488	0.00485	0.00967	0.01455	0.02043	0.73288	0.03965	0.09829	0.01082	0.00614	0.00165	0.00247	0.00952	0.00567	0.00488
4	0.02336	0.00886	0.01209	0.00927	0.01329	0.00765	0.00765	0.02538	0.01491	0.78810	0.02055	0.01773	0.01289	0.00645	0.00524	0.00161	0.00443	0.00524	0.00645	0.00886
5	0.01124	0.01077	0.01852	0.44263	0.36130	0.01197	0.03983	0.01458	0.01110	0.01503	0.00953	0.01346	0.00754	0.00493	0.00522	0.00165	0.00667	0.00468	0.00244	0.00690
6	0.00761	0.00551	0.00719	0.00716	0.00780	0.00599	0.00503	0.00905	0.03196	0.01164	0.01706	0.02758	0.05228	0.36490	0.40951	0.00645	0.00935	0.00669	0.00312	0.00412
7	0.02041	0.01288	0.01444	0.01110	0.01515	0.01370	0.00916	0.55992	0.02170	0.22211	0.01465	0.01401	0.00999	0.00630	0.00517	0.00157	0.00531	0.00483	0.02885	0.00875
8	0.01080	0.00926	0.01080	0.00771	0.01234	0.00694	0.00617	0.01311	0.01080	0.01697	0.00926	0.01080	0.00771	0.00386	0.00386	0.00077	0.00386	0.00309	0.00309	0.84882
9	0.01941	0.01635	0.01528	0.01219	0.01602	0.16238	0.00985	0.59180	0.05844	0.02853	0.01208	0.01225	0.00879	0.00612	0.00512	0.00153	0.00634	0.00450	0.00474	0.00830
10	0.82222	0.01003	0.00782	0.00694	0.01019	0.01153	0.00572	0.01569	0.00909	0.05242	0.00776	0.00881	0.00592	0.00490	0.00330	0.00161	0.00404	0.00291	0.00335	0.00576
11	0.00810	0.00922	0.15323	0.00774	0.00930	0.00656	0.00660	0.00947	0.00832	0.01155	0.01477	0.02802	0.01587	0.56623	0.11978	0.00483	0.00667	0.00662	0.00293	0.00420
12	0.00809	0.00577	0.00881	0.00945	0.05509	0.00645	0.00667	0.00918	0.00825	0.01176	0.01270	0.01906	0.01192	0.03271	0.59031	0.17986	0.01156	0.00531	0.00267	0.00438
13	0.00683	0.00526	0.00579	0.00566	0.00720	0.00460	0.00424	0.00860	0.01272	0.01669	0.28591	0.04407	0.48454	0.01181	0.00595	0.00168	0.00256	0.01000	0.07129	0.00460
14	0.02336	0.00886	0.01209	0.00927	0.01329	0.00765	0.00765	0.02538	0.01491	0.78810	0.02055	0.01773	0.01289	0.00645	0.00524	0.00161	0.00443	0.00524	0.00645	0.00886
15	0.01980	0.01459	0.01563	0.01198	0.01615	0.01615	0.00990	0.76713	0.02448	0.03282	0.01250	0.01250	0.00886	0.00625	0.00521	0.00156	0.00573	0.00469	0.00521	0.00886
16	0.62987	0.00975	0.00885	0.00750	0.01094	0.01060	0.00618	0.01802	0.01049	0.22956	0.01084	0.01096	0.00759	0.00527	0.00377	0.00161	0.00414	0.00347	0.00409	0.00651
17	0.01392	0.82012	0.02729	0.00891	0.01337	0.02061	0.00891	0.01559	0.01058	0.01225	0.00724	0.00835	0.00668	0.00446	0.00334	0.00111	0.00557	0.00278	0.00223	0.00668
18	0.01231	0.00912	0.02954	0.03958	0.01374	0.02791	0.11245	0.07576	0.02801	0.15596	0.29580	0.04505	0.11534	0.00857	0.00581	0.00167	0.00447	0.00762	0.00497	0.00634
19	0.01846	0.01364	0.01469	0.01164	0.01531	0.03458	0.00950	0.54948	0.11596	0.08189	0.01410	0.03124	0.01042	0.00671	0.00585	0.00163	0.04631	0.00506	0.00509	0.00845
20	0.85377	0.01007	0.00765	0.00685	0.01007	0.01168	0.00564	0.01531	0.00886	0.02336	0.00725	0.00846	0.00564	0.00483	0.00322	0.00161	0.00403	0.00282	0.00322	0.00564
21	0.01286	0.01166	0.01512	0.03625	0.31928	0.08799	0.02504	0.03361	0.14744	0.04617	0.03048	0.05289	0.04286	0.00703	0.00537	0.00166	0.00549	0.06620	0.04543	0.00717
22	0.00703	0.00517	0.00658	0.00651	0.00764	0.00472	0.00477	0.00905	0.01350	0.01862	0.55038	0.18071	0.14196	0.01200	0.00624	0.00174	0.00258	0.01060	0.00545	0.00472
23	0.01030	0.00973	0.01646	0.68741	0.14930	0.01169	0.01469	0.01371	0.01063	0.01387	0.00934	0.01373	0.00714	0.00512	0.00520	0.00171	0.00683	0.00463	0.00235	0.00616
24	0.00663	0.00529	0.00593	0.00577	0.00732	0.00460	0.00433	0.00838	0.01298	0.01671	0.33484	0.04578	0.49865	0.01221	0.00615	0.00171	0.00257	0.01038	0.00518	0.00460
25	0.00905	0.00452	0.00678	0.00678	0.00678	0.00452	0.00452	0.00678	0.00678	0.00905	0.00905	0.01583	0.00905	0.01809	0.02035	0.84848	0.00452	0.00452	0.00226	0.00226
26	0.17135	0.62070	0.06916	0.00888	0.01330	0.01842	0.00891	0.01559	0.01028	0.01459	0.00737	0.00853	0.00648	0.00456	0.00342	0.00124	0.00541	0.00285	0.00241	0.00655
27	0.01426	0.00949	0.01098	0.04868	0.01345	0.01012	0.00766	0.02300	0.41102	0.18594	0.01967	0.05613	0.01493	0.00698	0.00509	0.00163	0.00408	0.00583	0.09313	0.05792
28	0.00959	0.00905	0.05620	0.00916	0.01114	0.00906	0.00762	0.01552	0.23188	0.01874	0.30999	0.02823	0.07488	0.01131	0.06210	0.00224	0.09922	0.02328	0.00471	0.00608
29	0.23497	0.01747	0.10073	0.01422	0.01841	0.23459	0.22733	0.06229	0.01268	0.01826	0.00896	0.01085	0.00689	0.00495	0.00478	0.00158	0.00741	0.00415	0.00291	0.00656

[dist]
# distance from previous block
# <min> <max>
4	16

[block]
# block no. 4 follows, 47 sequences, length 32
# corresponding to MSA columns:
# 1037-1055,1058-1070
name=unknown_E
#
# <colnr> <probs for GDERKNQSTAVLIFYWHMCP>
#	G	D	E	R	K	N	Q	S	T	A	V	L	I	F	Y	W	H	M	C	P
0	0.01307	0.01212	0.02061	0.06656	0.72691	0.01219	0.01566	0.01614	0.01188	0.04023	0.01010	0.01308	0.00833	0.00472	0.00516	0.00156	0.00617	0.00466	0.00268	0.00815
1	0.23495	0.01306	0.01123	0.01068	0.04381	0.22227	0.00800	0.01647	0.04049	0.08203	0.01196	0.01405	0.03073	0.01309	0.17670	0.00305	0.05386	0.00429	0.00330	0.00598
2	0.01098	0.05031	0.70828	0.01445	0.02168	0.04136	0.01817	0.01705	0.04051	0.01643	0.00969	0.01118	0.00696	0.00503	0.00490	0.00163	0.00756	0.00388	0.00234	0.00763
3	0.00740	0.00535	0.00722	0.00723	0.00788	0.00579	0.00517	0.00863	0.00865	0.01204	0.06000	0.04961	0.04721	0.29200	0.44545	0.00646	0.00962	0.00692	0.00321	0.00415
4	0.03637	0.01292	0.05764	0.10180	0.07939	0.02956	0.27628	0.05814	0.04021	0.05217	0.01066	0.01359	0.00832	0.02103	0.00717	0.00174	0.10255	0.00503	0.00302	0.08243
5	0.00915	0.00720	0.00839	0.00692	0.00990	0.00580	0.00545	0.01118	0.01202	0.04522	0.15904	0.03015	0.24970	0.00846	0.00516	0.00133	0.00331	0.04272	0.00428	0.37461
6	0.00663	0.00503	0.00567	0.00595	0.00687	0.00455	0.00403	0.00758	0.01049	0.01329	0.08148	0.23693	0.35874	0.21583	0.01139	0.00267	0.00333	0.01099	0.00447	0.00407
7	0.12646	0.01225	0.01311	0.01045	0.01422	0.04442	0.00861	0.37833	0.01855	0.25280	0.01489	0.01606	0.01076	0.00656	0.00506	0.00162	0.00523	0.04733	0.00519	0.00810
8	0.85377	0.01007	0.00765	0.00685	0.01007	0.01168	0.00564	0.01531	0.00886	0.02336	0.00725	0.00846	0.00564	0.00483	0.00322	0.00161	0.00403	0.00282	0.00322	0.00564
9	0.01134	0.00976	0.01468	0.35501	0.15253	0.00988	0.01147	0.01427	0.01101	0.05266	0.00989	0.01281	0.00772	0.00470	0.00472	0.00136	0.00561	0.00412	0.00283	0.30363
10	0.00629	0.00525	0.00549	0.00550	0.00714	0.00444	0.00410	0.00771	0.01209	0.01475	0.12858	0.08381	0.67085	0.01306	0.00618	0.00176	0.00264	0.01100	0.00493	0.00444
11	0.01538	0.14919	0.01956	0.05122	0.34357	0.30500	0.01256	0.01760	0.01267	0.01450	0.00871	0.01088	0.00737	0.00490	0.00469	0.00141	0.00731	0.00386	0.00255	0.00707
12	0.01392	0.82012	0.02729	0.00891	0.01337	0.02061	0.00891	0.01559	0.01058	0.01225	0.00724	0.00835	0.00668	0.00446	0.00334	0.00111	0.00557	0.00278	0.00223	0.00668
13	0.00627	0.00493	0.00568	0.00624	0.00730	0.00433	0.00439	0.00742	0.01104	0.01385	0.05762	0.41073	0.41253	0.01461	0.00639	0.00192	0.00282	0.01276	0.00486	0.00433
14	0.01996	0.03987	0.01510	0.04786	0.01600	0.00967	0.09701	0.09650	0.01518	0.52068	0.05434	0.01727	0.01315	0.00626	0.00531	0.00161	0.00513	0.00537	0.00549	0.00823
15	0.00905	0.00452	0.00678	0.00678	0.00678	0.00452	0.00452	0.00678	0.00678	0.00905	0.00905	0.01583	0.00905	0.01809	0.02035	0.84848	0.00452	0.00452	0.00226	0.00226
16	0.01639	0.30195	0.01906	0.01062	0.01466	0.01713	0.00923	0.35706	0.16301	0.02336	0.01228	0.01234	0.00943	0.00576	0.00456	0.00144	0.00537	0.00424	0.00416	0.00796
17	0.30842	0.04367	0.11516	0.00905	0.01330	0.01075	0.02072	0.08721	0.01164	0.06181	0.02150	0.01176	0.00822	0.03405	0.00485	0.00150	0.00481	0.00366	0.00340	0.22451
18	0.01346	0.71567	0.12772	0.00969	0.01457	0.01949	0.01027	0.01571	0.01064	0.01281	0.00752	0.00870	0.00667	0.00452	0.00355	0.00118	0.00585	0.00292	0.00222	0.00682
19	0.14058	0.01600	0.01430	0.01153	0.01526	0.17285	0.00931	0.50762	0.02026	0.02740	0.01084	0.01129	0.00796	0.00587	0.00482	0.00153	0.00622	0.00415	0.00441	0.00782
20	0.01176	0.01190	0.02255	0.02254	0.28209	0.01159	0.34189	0.01588	0.05577	0.01676	0.01376	0.07065	0.01239	0.00639	0.00589	0.00177	0.00686	0.07933	0.00312	0.00711
21	0.00993	0.00936	0.01580	0.77956	0.06001	0.01160	0.01451	0.01339	0.01046	0.01343	0.00927	0.01385	0.00698	0.00519	0.00520	0.00173	0.00692	0.00463	0.00232	0.00586
22	0.00665	0.00537	0.00598	0.00620	0.00775	0.00470	0.00482	0.00823	0.01207	0.01492	0.11529	0.08500	0.55611	0.01329	0.00635	0.00187	0.00299	0.13301	0.00491	0.00450
23	0.01162	0.00630	0.00788	0.00698	0.00915	0.00551	0.00541	0.01350	0.01360	0.24376	0.28218	0.08075	0.27160	0.01055	0.00591	0.00170	0.00313	0.00900	0.00560	0.00587
24	0.01532	0.00710	0.00942	0.00783	0.01050	0.00625	0.00623	0.01748	0.01463	0.40540	0.35159	0.02902	0.07945	0.00871	0.00569	0.00163	0.00346	0.00742	0.00603	0.00686
25	0.08541	0.00692	0.00798	0.00712	0.00895	0.00696	0.00552	0.10437	0.01501	0.03927	0.51801	0.03034	0.03560	0.00900	0.00548	0.00158	0.00304	0.00766	0.09625	0.00555
26	0.85377	0.01007	0.00765	0.00685	0.01007	0.01168	0.00564	0.01531	0.00886	0.02336	0.00725	0.00846	0.00564	0.00483	0.00322	0.00161	0.00403	0.00282	0.00322	0.00564
27	0.01261	0.32584	0.41671	0.01281	0.03691	0.03756	0.01446	0.05937	0.01174	0.01573	0.00870	0.01008	0.00680	0.00484	0.00435	0.00143	0.00679	0.00350	0.00241	0.00735
28	0.85377	0.01007	0.00765	0.00685	0.01007	0.01168	0.00564	0.01531	0.00886	0.02336	0.00725	0.00846	0.00564	0.00483	0.00322	0.00161	0.00403	0.00282	0.00322	0.00564
29	0.01190	0.01044	0.01725	0.46800	0.28212	0.01181	0.01441	0.03307	0.01144	0.05949	0.01012	0.01369	0.00776	0.00519	0.00542	0.00167	0.02200	0.00467	0.00271	0.00685
30	0.14968	0.02209	0.53424	0.01366	0.02010	0.01252	0.06096	0.09569	0.01215	0.01936	0.00941	0.01092	0.00676	0.00503	0.00476	0.00164	0.00695	0.00391	0.00271	0.00744
31	0.01121	0.04962	0.01844	0.40617	0.31146	0.01206	0.04858	0.01443	0.01108	0.01497	0.01041	0.01405	0.02136	0.00509	0.00511	0.00162	0.00647	0.00473	0.02638	0.00675

[dist]
# distance from previous block
# <min> <max>
0	1

[block]
# block no. 5 follows, 47 sequences, length 60
# corresponding to MSA columns:
# 1072-1090,1092-1102,1115-1128,1154-1169
name=unknown_F
#
# <colnr> <probs for GDERKNQSTAVLIFYWHMCP>
#	G	D	E	R	K	N	Q	S	T	A	V	L	I	F	Y	W	H	M	C	P
0	0.00747	0.00505	0.00592	0.00601	0.00610	0.00510	0.00354	0.00769	0.00781	0.01049	0.01711	0.08975	0.01960	0.69766	0.08547	0.00510	0.00560	0.00794	0.00325	0.00335
1	0.63863	0.00946	0.00818	0.00718	0.01021	0.01057	0.00584	0.04279	0.01074	0.08147	0.11965	0.01368	0.01255	0.00584	0.00387	0.00161	0.00390	0.00402	0.00390	0.00590
2	0.01406	0.01075	0.01522	0.16548	0.04624	0.01333	0.01126	0.06774	0.02720	0.16348	0.01074	0.01339	0.00840	0.00745	0.01102	0.00196	0.39748	0.00474	0.00336	0.00669
3	0.01148	0.00599	0.00759	0.00674	0.00859	0.00551	0.00521	0.01384	0.01385	0.19076	0.42778	0.02949	0.03243	0.00861	0.00534	0.00153	0.00289	0.00739	0.20921	0.00578
4	0.00727	0.00510	0.00559	0.00559	0.00597	0.00491	0.00332	0.00755	0.00848	0.01094	0.02408	0.03746	0.18000	0.64741	0.02221	0.00435	0.00454	0.00829	0.00351	0.00342
5	0.00942	0.00727	0.00880	0.00909	0.01060	0.00769	0.00713	0.04850	0.21565	0.01744	0.05034	0.29524	0.02736	0.01258	0.00638	0.00207	0.00399	0.24974	0.00499	0.00572
6	0.01346	0.00652	0.00871	0.00765	0.00915	0.00625	0.00560	0.06042	0.01092	0.23249	0.07238	0.02036	0.01450	0.12047	0.01485	0.37738	0.00449	0.00552	0.00402	0.00487
7	0.01345	0.71306	0.13023	0.00971	0.01460	0.01946	0.01030	0.01571	0.01064	0.01282	0.00752	0.00871	0.00667	0.00452	0.00356	0.00119	0.00586	0.00293	0.00222	0.00682
8	0.01643	0.01292	0.01374	0.01130	0.01487	0.01458	0.00908	0.40379	0.39331	0.02740	0.01677	0.01591	0.01232	0.00665	0.00525	0.00166	0.00494	0.00528	0.00525	0.00855
9	0.85377	0.01007	0.00765	0.00685	0.01007	0.01168	0.00564	0.01531	0.00886	0.02336	0.00725	0.00846	0.00564	0.00483	0.00322	0.00161	0.00403	0.00282	0.00322	0.00564
10	0.01740	0.01646	0.01408	0.01194	0.01526	0.24476	0.00939	0.29885	0.27386	0.02320	0.01411	0.01391	0.01059	0.00626	0.00509	0.00157	0.00627	0.00470	0.00450	0.00782
11	0.01834	0.01443	0.01477	0.01177	0.01560	0.05775	0.00956	0.57145	0.18153	0.02942	0.01409	0.01379	0.01022	0.00637	0.00520	0.00159	0.00559	0.00487	0.00509	0.00857
12	0.00873	0.00751	0.00784	0.00732	0.00872	0.09383	0.00549	0.01106	0.01474	0.01997	0.69479	0.03558	0.04437	0.01005	0.00598	0.00160	0.00324	0.00874	0.00539	0.00504
13	0.85377	0.01007	0.00765	0.00685	0.01007	0.01168	0.00564	0.01531	0.00886	0.02336	0.00725	0.00846	0.00564	0.00483	0.00322	0.00161	0.00403	0.00282	0.00322	0.00564
14	0.01203	0.07597	0.55282	0.01482	0.05827	0.10430	0.01650	0.01776	0.06967	0.01621	0.00998	0.01137	0.00741	0.00511	0.00485	0.00158	0.00741	0.00392	0.00251	0.00751
15	0.00656	0.00514	0.00569	0.00580	0.00702	0.00454	0.00411	0.00780	0.01140	0.01439	0.15129	0.15553	0.45781	0.12867	0.00915	0.00226	0.00301	0.01082	0.00473	0.00427
16	0.04166	0.16742	0.01500	0.00993	0.01326	0.01397	0.00826	0.25530	0.22123	0.04242	0.02886	0.03976	0.04528	0.03513	0.02372	0.00185	0.00506	0.01999	0.00448	0.00742
17	0.75978	0.01041	0.00806	0.00716	0.01035	0.04000	0.00585	0.01592	0.00943	0.06077	0.00820	0.00924	0.00624	0.00497	0.00339	0.00159	0.00420	0.00301	0.02564	0.00579
18	0.01200	0.01205	0.01844	0.01491	0.01645	0.02991	0.16551	0.05088	0.01008	0.01467	0.00889	0.01402	0.00820	0.00799	0.01316	0.00207	0.52731	0.03761	0.00264	0.03321
19	0.01864	0.01466	0.01491	0.01183	0.01556	0.07924	0.00964	0.57523	0.09323	0.04813	0.01374	0.01373	0.02449	0.00650	0.00563	0.00160	0.03511	0.00482	0.00493	0.00837
20	0.04142	0.01208	0.02007	0.16869	0.48354	0.01262	0.08391	0.08292	0.01267	0.01794	0.00992	0.01299	0.00795	0.00487	0.00520	0.00160	0.00645	0.00472	0.00279	0.00765
21	0.01262	0.00996	0.01357	0.14912	0.01750	0.01054	0.07013	0.14403	0.10329	0.07536	0.14251	0.02052	0.06395	0.00707	0.00595	0.00161	0.04470	0.00597	0.00428	0.09732
22	0.00688	0.00533	0.00601	0.00598	0.00751	0.00470	0.00458	0.00868	0.01270	0.01651	0.26828	0.04591	0.46331	0.01217	0.00611	0.00175	0.00275	0.06946	0.04678	0.00461
23	0.01759	0.02134	0.01355	0.01245	0.01488	0.63954	0.00930	0.05985	0.01460	0.01393	0.01126	0.12502	0.01081	0.00699	0.00500	0.00146	0.00828	0.00507	0.00313	0.00593
24	0.02021	0.01312	0.01457	0.01121	0.01526	0.01407	0.00925	0.59284	0.02212	0.18601	0.01428	0.01378	0.00982	0.00629	0.00517	0.00156	0.00536	0.00481	0.03155	0.00873
25	0.00848	0.00537	0.00656	0.00617	0.00757	0.00497	0.00466	0.01081	0.01363	0.05343	0.51136	0.03466	0.10669	0.00968	0.00555	0.00155	0.00255	0.00836	0.19292	0.00503
26	0.01751	0.45131	0.02107	0.00962	0.01391	0.01640	0.00879	0.16875	0.01447	0.21465	0.01170	0.01158	0.00871	0.00532	0.00420	0.00133	0.00531	0.00379	0.00390	0.00768
27	0.00702	0.00523	0.00585	0.00597	0.00684	0.00491	0.00407	0.00785	0.00976	0.01231	0.03239	0.05732	0.33546	0.37063	0.05441	0.00360	0.00443	0.06408	0.00399	0.00389
28	0.01102	0.01047	0.01776	0.50433	0.32673	0.01188	0.01505	0.01435	0.01097	0.01475	0.00947	0.01350	0.00745	0.00499	0.00519	0.00166	0.00665	0.00463	0.00242	0.00674
29	0.01197	0.01165	0.01973	0.01561	0.08577	0.01027	0.30505	0.04844	0.01209	0.01757	0.00995	0.01233	0.00789	0.00424	0.00493	0.00126	0.00607	0.00449	0.00296	0.40773
30	0.01484	0.03276	0.01782	0.01398	0.03763	0.01258	0.21038	0.12283	0.29791	0.12143	0.04992	0.01724	0.01345	0.00619	0.00549	0.00169	0.00564	0.00575	0.00459	0.00789
31	0.00983	0.00926	0.01562	0.80447	0.03587	0.01157	0.01446	0.01331	0.01041	0.01331	0.00926	0.01388	0.00694	0.00521	0.00521	0.00174	0.00694	0.00463	0.00231	0.00579
32	0.01080	0.00926	0.01080	0.00771	0.01234	0.00694	0.00617	0.01311	0.01080	0.01697	0.00926	0.01080	0.00771	0.00386	0.00386	0.00077	0.00386	0.00309	0.00309	0.84882
33	0.00723	0.00510	0.00652	0.00678	0.00717	0.00528	0.00451	0.00800	0.00845	0.01148	0.01946	0.19769	0.04424	0.39548	0.24425	0.00528	0.00711	0.00865	0.00346	0.00386
34	0.00993	0.00925	0.01553	0.75964	0.05920	0.01143	0.01424	0.01336	0.01047	0.01358	0.00947	0.01399	0.00714	0.00521	0.00517	0.00172	0.00680	0.00463	0.02341	0.00584
35	0.01249	0.00641	0.00797	0.00722	0.00945	0.00555	0.00553	0.01399	0.01258	0.29603	0.04942	0.21932	0.31030	0.01142	0.00594	0.00179	0.00338	0.00977	0.00544	0.00599
36	0.01387	0.00693	0.00888	0.00753	0.01007	0.00617	0.00595	0.01627	0.03545	0.33545	0.30519	0.03182	0.17607	0.00931	0.00575	0.00165	0.00335	0.00790	0.00584	0.00653
37	0.01397	0.01095	0.01182	0.01044	0.01344	0.01237	0.00816	0.08581	0.61863	0.08104	0.02082	0.05810	0.01602	0.00741	0.00535	0.00176	0.00422	0.00618	0.00536	0.00814
38	0.40186	0.00847	0.00846	0.00723	0.01019	0.00881	0.00586	0.01719	0.01153	0.24426	0.09482	0.01595	0.01347	0.00610	0.00418	0.00156	0.00375	0.00451	0.12541	0.00638
39	0.24192	0.01368	0.01337	0.01060	0.01445	0.04906	0.00871	0.51364	0.01963	0.05026	0.01113	0.01143	0.00802	0.00584	0.00466	0.00157	0.00540	0.00415	0.00460	0.00788
40	0.01239	0.46996	0.36400	0.01153	0.01742	0.01685	0.01347	0.01599	0.01076	0.01412	0.00817	0.00952	0.00664	0.00467	0.00405	0.00135	0.00651	0.00325	0.00221	0.00713
41	0.01377	0.78519	0.06087	0.00917	0.01377	0.02023	0.00937	0.01563	0.01060	0.01244	0.00733	0.00847	0.00668	0.00448	0.00341	0.00114	0.00566	0.00283	0.00223	0.00673
42	0.15965	0.01581	0.01195	0.01187	0.07074	0.35619	0.00827	0.03533	0.03683	0.01545	0.01066	0.01558	0.00981	0.15180	0.00880	0.00213	0.02916	0.01798	0.02629	0.00569
43	0.01421	0.01147	0.01112	0.00986	0.01240	0.10441	0.00761	0.19416	0.23334	0.05938	0.01845	0.16551	0.01617	0.00825	0.00525	0.00166	0.00473	0.00682	0.10822	0.00698
44	0.01020	0.00638	0.00794	0.00753	0.00930	0.00606	0.00588	0.02875	0.06342	0.12649	0.29209	0.12051	0.13809	0.01098	0.00602	0.00179	0.00331	0.10678	0.04287	0.00561
45	0.07005	0.01112	0.01051	0.00909	0.01184	0.14794	0.00711	0.03899	0.12212	0.23284	0.16958	0.02193	0.06395	0.00744	0.00516	0.00158	0.00467	0.00597	0.05130	0.00680
46	0.00743	0.00510	0.00603	0.00604	0.00633	0.00506	0.00372	0.00797	0.00885	0.01198	0.12281	0.07713	0.04287	0.59419	0.06951	0.00454	0.00507	0.00819	0.00362	0.00358
47	0.00758	0.00534	0.00684	0.00697	0.00742	0.00563	0.00469	0.02408	0.00860	0.01178	0.01758	0.16055	0.01937	0.40688	0.27806	0.00558	0.00767	0.00807	0.00336	0.00395
48	0.01109	0.03828	0.51121	0.01432	0.01941	0.03779	0.01632	0.01538	0.01017	0.01507	0.00849	0.01101	0.00668	0.00624	0.00866	0.00182	0.25479	0.00403	0.00224	0.00701
49	0.85377	0.01007	0.00765	0.00685	0.01007	0.01168	0.00564	0.01531	0.00886	0.02336	0.00725	0.00846	0.00564	0.00483	0.00322	0.00161	0.00403	0.00282	0.00322	0.00564
50	0.01360	0.00909	0.01099	0.00811	0.01244	0.00720	0.00652	0.01620	0.03318	0.19265	0.03836	0.01357	0.01052	0.00477	0.00429	0.00102	0.00395	0.00387	0.00400	0.60569
51	0.01080	0.00926	0.01080	0.00771	0.01234	0.00694	0.00617	0.01311	0.01080	0.01697	0.00926	0.01080	0.00771	0.00386	0.00386	0.00077	0.00386	0.00309	0.00309	0.84882
52	0.00756	0.00509	0.00590	0.00590	0.00597	0.00517	0.00343	0.00771	0.00764	0.01026	0.01621	0.03298	0.01845	0.75398	0.08886	0.00532	0.00577	0.00741	0.00313	0.00328
53	0.01309	0.01237	0.02071	0.05728	0.72528	0.01251	0.01566	0.04896	0.01236	0.01758	0.00990	0.01291	0.00823	0.00473	0.00516	0.00155	0.00619	0.00464	0.00268	0.00819
54	0.00813	0.00522	0.00632	0.00627	0.00655	0.00528	0.00388	0.00841	0.00803	0.03893	0.01654	0.06543	0.01830	0.62460	0.12539	0.03235	0.00608	0.00745	0.00327	0.00358
55	0.01535	0.01529	0.01788	0.02283	0.42682	0.22777	0.02764	0.05468	0.01339	0.06668	0.01120	0.05623	0.00959	0.00567	0.00514	0.00153	0.00681	0.00492	0.00311	0.00746
56	0.01241	0.04810	0.01277	0.02751	0.09208	0.09042	0.02175	0.08876	0.13673	0.03154	0.01627	0.06649	0.01543	0.14755	0.00966	0.00232	0.04656	0.09812	0.02934	0.00619
57	0.05228	0.05247	0.01442	0.01332	0.10995	0.04228	0.00948	0.23447	0.32415	0.02314	0.01592	0.05887	0.01271	0.00675	0.00512	0.00165	0.00504	0.00550	0.00457	0.00792
58	0.00981	0.00769	0.01032	0.01135	0.11581	0.00783	0.02129	0.05551	0.03548	0.05038	0.05338	0.13507	0.21294	0.11097	0.00939	0.00226	0.06314	0.07765	0.00423	0.00553
59	0.12949	0.01139	0.01679	0.27167	0.07032	0.03258	0.13842	0.06347	0.09015	0.06450	0.01117	0.01356	0.00839	0.00553	0.00574	0.00171	0.05033	0.00477	0.00325	0.00676

[dist]
# distance from previous block
# <min> <max>
0	1

[block]
# block no. 6 follows, 47 sequences, length 26
# corresponding to MSA columns:
# 1179,1180,1183-1195,1197-1207
name=unknown_G
#
# <colnr> <probs for GDERKNQSTAVLIFYWHMCP>
#	G	D	E	R	K	N	Q	S	T	A	V	L	I	F	Y	W	H	M	C	P
0	0.03614	0.19849	0.25457	0.01522	0.11605	0.07849	0.08375	0.01628	0.03504	0.01553	0.01014	0.04029	0.00848	0.00544	0.00510	0.00153	0.03445	0.00438	0.03365	0.00700
1	0.01139	0.01139	0.01595	0.01367	0.01367	0.01595	0.01139	0.01253	0.00798	0.01253	0.00684	0.01139	0.00684	0.00911	0.01709	0.00228	0.80745	0.00456	0.00228	0.00570
2	0.01549	0.03742	0.01468	0.01310	0.07554	0.11581	0.02687	0.22710	0.34378	0.02282	0.04217	0.01594	0.01288	0.00642	0.00518	0.00161	0.00550	0.00517	0.00458	0.00793
3	0.12564	0.01408	0.01535	0.36717	0.12432	0.22390	0.02789	0.01602	0.01161	0.01505	0.00876	0.01182	0.00689	0.00511	0.00482	0.00159	0.00716	0.00407	0.00258	0.00618
4	0.00776	0.00547	0.00662	0.00650	0.00663	0.00585	0.00408	0.00809	0.00771	0.01051	0.01554	0.03091	0.01743	0.66234	0.13564	0.00537	0.04986	0.00713	0.00306	0.00351
5	0.00759	0.00540	0.00686	0.00645	0.00781	0.00491	0.00485	0.00989	0.01436	0.03845	0.66562	0.03989	0.14663	0.01089	0.00612	0.00165	0.00253	0.00953	0.00563	0.00494
6	0.01276	0.01419	0.01570	0.01326	0.01571	0.27277	0.17554	0.01523	0.02987	0.01364	0.01193	0.05833	0.01078	0.01695	0.26441	0.00382	0.04107	0.00543	0.00287	0.00574
7	0.23221	0.10746	0.01046	0.00731	0.01010	0.01019	0.00606	0.07300	0.05304	0.11369	0.04062	0.01518	0.01154	0.00582	0.00398	0.00142	0.00381	0.00432	0.28352	0.00625
8	0.00847	0.00621	0.00765	0.00717	0.00869	0.00607	0.00541	0.01252	0.12270	0.04018	0.57758	0.07624	0.07997	0.01045	0.00603	0.00169	0.00278	0.00917	0.00560	0.00543
9	0.05086	0.00961	0.01575	0.53072	0.02909	0.01086	0.07523	0.01630	0.01148	0.18229	0.01172	0.01449	0.00826	0.00539	0.00520	0.00170	0.00642	0.00481	0.00328	0.00655
10	0.00751	0.00529	0.00689	0.00689	0.00731	0.00570	0.00466	0.00835	0.00793	0.01099	0.01530	0.02796	0.01628	0.46763	0.37223	0.00654	0.00905	0.00668	0.00299	0.00383
11	0.02012	0.01514	0.01517	0.01186	0.01585	0.10170	0.00969	0.60870	0.02243	0.10772	0.01283	0.01269	0.00903	0.00617	0.00516	0.00154	0.00600	0.00460	0.00506	0.00854
12	0.01105	0.00895	0.01057	0.00773	0.01207	0.00681	0.00615	0.01331	0.01106	0.04881	0.03429	0.04034	0.01015	0.00461	0.00408	0.00088	0.00381	0.00378	0.00337	0.75818
13	0.01505	0.63969	0.02467	0.01023	0.03111	0.11806	0.00929	0.07405	0.01221	0.01400	0.00780	0.00890	0.00689	0.00471	0.00370	0.00119	0.00608	0.00304	0.00252	0.00680
14	0.78838	0.04010	0.00871	0.00714	0.01044	0.01220	0.00594	0.04637	0.00957	0.02335	0.00747	0.00862	0.00581	0.00488	0.00331	0.00159	0.00416	0.00290	0.00327	0.00581
15	0.01764	0.07864	0.09089	0.01256	0.03791	0.18650	0.01060	0.29747	0.09423	0.08991	0.01222	0.01251	0.00901	0.00590	0.00515	0.00153	0.02106	0.00433	0.00412	0.00782
16	0.01016	0.00920	0.01263	0.09423	0.19031	0.03708	0.00958	0.01344	0.09779	0.01485	0.03132	0.20779	0.03866	0.08231	0.03161	0.00232	0.09955	0.00770	0.00355	0.00594
17	0.00714	0.00492	0.00582	0.00617	0.00637	0.00480	0.00376	0.00751	0.00852	0.01129	0.02192	0.26218	0.06477	0.52433	0.03480	0.00408	0.00450	0.00983	0.00373	0.00357
18	0.01480	0.00700	0.00918	0.00768	0.01030	0.00615	0.00609	0.01691	0.01445	0.38409	0.32713	0.03029	0.12588	0.00898	0.00571	0.00164	0.00342	0.00764	0.00596	0.00672
19	0.01715	0.01327	0.01414	0.01145	0.01514	0.01492	0.00926	0.48156	0.31436	0.02856	0.01586	0.01518	0.01158	0.00657	0.00524	0.00164	0.00511	0.00515	0.00524	0.00862
20	0.12032	0.00790	0.00943	0.00797	0.01059	0.00773	0.00633	0.07066	0.04410	0.25742	0.36553	0.02590	0.02833	0.00817	0.00540	0.00163	0.00356	0.00682	0.00558	0.00663
21	0.67176	0.01106	0.00939	0.00797	0.01140	0.01266	0.00657	0.17939	0.01227	0.02543	0.00840	0.00934	0.00634	0.00514	0.00366	0.00160	0.00440	0.00323	0.00366	0.00634
22	0.07960	0.00987	0.01194	0.00952	0.01277	0.00992	0.02906	0.20070	0.05600	0.33252	0.05808	0.01927	0.01423	0.12311	0.00822	0.00211	0.00481	0.00555	0.00523	0.00750
23	0.01392	0.82012	0.02729	0.00891	0.01337	0.02061	0.00891	0.01559	0.01058	0.01225	0.00724	0.00835	0.00668	0.00446	0.00334	0.00111	0.00557	0.00278	0.00223	0.00668
24	0.43349	0.01054	0.01306	0.21469	0.16320	0.01196	0.02939	0.03838	0.01040	0.01974	0.00849	0.01094	0.00662	0.00492	0.00423	0.00163	0.00535	0.00377	0.00292	0.00630
25	0.01194	0.01143	0.01977	0.17899	0.43058	0.01186	0.11317	0.02913	0.04140	0.01674	0.03298	0.01670	0.01058	0.00554	0.00544	0.00167	0.00641	0.04544	0.00290	0.00733

[dist]
# distance from previous block
# <min> <max>
0	53

[block]
# block no. 7 follows, 47 sequences, length 16
# corresponding to MSA columns:
# 1261-1276
name=unknown_H
#
# <colnr> <probs for GDERKNQSTAVLIFYWHMCP>
#	G	D	E	R	K	N	Q	S	T	A	V	L	I	F	Y	W	H	M	C	P
0	0.15367	0.00611	0.00621	0.00594	0.00777	0.00584	0.00454	0.00972	0.01223	0.01800	0.27471	0.03841	0.39220	0.01072	0.00557	0.00168	0.00282	0.00889	0.03018	0.00479
1	0.00798	0.00612	0.00831	0.00766	0.00857	0.00620	0.05460	0.00894	0.00972	0.01309	0.08212	0.09290	0.17026	0.29040	0.03770	0.06105	0.06334	0.02640	0.04049	0.00415
2	0.00653	0.00494	0.00606	0.00671	0.00762	0.00447	0.00479	0.00784	0.01124	0.01457	0.12525	0.44172	0.26502	0.01457	0.00647	0.00197	0.00295	0.05795	0.00494	0.00440
3	0.00769	0.00577	0.00836	0.00826	0.00908	0.00674	0.00634	0.00937	0.00835	0.01214	0.01394	0.02124	0.01328	0.10594	0.67128	0.00760	0.04748	0.00569	0.02685	0.00457
4	0.01419	0.65360	0.06675	0.00976	0.01413	0.09162	0.00954	0.01686	0.05777	0.01311	0.00828	0.00927	0.00724	0.00473	0.00367	0.00120	0.00595	0.00309	0.00246	0.00677
5	0.79567	0.00999	0.00796	0.00702	0.01030	0.01140	0.00578	0.01601	0.00929	0.07687	0.00818	0.00911	0.00615	0.00495	0.00336	0.00161	0.00406	0.00299	0.00345	0.00587
6	0.01291	0.01229	0.05164	0.02438	0.51693	0.01188	0.01354	0.07187	0.10124	0.03262	0.06312	0.01649	0.03627	0.00574	0.00526	0.00159	0.00559	0.00528	0.00341	0.00794
7	0.01409	0.06577	0.06107	0.01104	0.01455	0.03858	0.00926	0.13598	0.54291	0.02220	0.01785	0.01685	0.01339	0.00659	0.00512	0.00167	0.00484	0.00530	0.00481	0.00813
8	0.63264	0.01058	0.00921	0.00781	0.01120	0.01194	0.00643	0.13974	0.01193	0.08046	0.00935	0.01010	0.00691	0.00522	0.00371	0.00159	0.00429	0.00336	0.02714	0.00638
9	0.01184	0.18207	0.48428	0.01335	0.01956	0.02818	0.05773	0.01717	0.06105	0.03739	0.03386	0.01221	0.00878	0.00518	0.00476	0.00155	0.00688	0.00410	0.00267	0.00741
10	0.01115	0.00980	0.01477	0.01884	0.34839	0.02169	0.03391	0.01385	0.03755	0.04317	0.02903	0.17464	0.05779	0.02713	0.00622	0.00169	0.02631	0.00705	0.00350	0.11352
11	0.00884	0.00897	0.07812	0.02387	0.10892	0.00759	0.02826	0.01279	0.10193	0.01761	0.25665	0.14485	0.14832	0.01001	0.00589	0.00175	0.00397	0.02126	0.00455	0.00586
12	0.47085	0.00947	0.00938	0.03026	0.06030	0.01047	0.00696	0.06624	0.03765	0.05635	0.06949	0.01684	0.02733	0.00634	0.00424	0.00164	0.00418	0.05033	0.05558	0.00608
13	0.04783	0.02028	0.45982	0.01401	0.02004	0.02260	0.10954	0.05629	0.03357	0.09557	0.06131	0.01406	0.01050	0.00553	0.00515	0.00165	0.00683	0.00469	0.00320	0.00751
14	0.00660	0.00491	0.00586	0.00637	0.00713	0.00448	0.00432	0.00764	0.01062	0.01380	0.11284	0.39042	0.24459	0.14431	0.00967	0.00244	0.00318	0.01199	0.00466	0.00418
15	0.48136	0.01243	0.06141	0.01030	0.05975	0.03662	0.00829	0.17098	0.01299	0.04215	0.03010	0.01230	0.00862	0.00562	0.00415	0.00162	0.00491	0.02606	0.00370	0.00664

[dist]
# distance from previous block
# <min> <max>
0	7

[block]
# block no. 8 follows, 47 sequences, length 35
# corresponding to MSA columns:
# 1316-1331,1333-1351
name=unknown_I
#
# <colnr> <probs for GDERKNQSTAVLIFYWHMCP>
#	G	D	E	R	K	N	Q	S	T	A	V	L	I	F	Y	W	H	M	C	P
0	0.15278	0.01219	0.14550	0.00981	0.01418	0.00925	0.00927	0.03522	0.03536	0.46179	0.05097	0.01600	0.01231	0.00613	0.00491	0.00162	0.00486	0.00481	0.00511	0.00795
1	0.01139	0.01139	0.01595	0.01367	0.01367	0.01595	0.01139	0.01253	0.00798	0.01253	0.00684	0.01139	0.00684	0.00911	0.01709	0.00228	0.80745	0.00456	0.00228	0.00570
2	0.01370	0.09845	0.07550	0.04156	0.28560	0.05682	0.05509	0.05232	0.10917	0.07405	0.07545	0.01547	0.01252	0.00569	0.00509	0.00156	0.00587	0.00500	0.00352	0.00757
3	0.81555	0.00989	0.00769	0.00697	0.01010	0.01143	0.00576	0.01510	0.00900	0.02301	0.00817	0.01073	0.00674	0.00527	0.00340	0.00165	0.00406	0.03657	0.00329	0.00560
4	0.45152	0.01205	0.01128	0.00924	0.01285	0.01365	0.00760	0.33571	0.05889	0.02730	0.01027	0.01080	0.00759	0.00556	0.00419	0.00160	0.00476	0.00379	0.00419	0.00715
5	0.00660	0.00529	0.00589	0.00574	0.00731	0.00458	0.00430	0.00833	0.01291	0.01655	0.31805	0.04604	0.51554	0.01226	0.00615	0.00171	0.00257	0.01042	0.00516	0.00458
6	0.00742	0.00537	0.00746	0.00753	0.00815	0.00596	0.00544	0.00869	0.00823	0.01158	0.01546	0.06746	0.01590	0.26368	0.52997	0.00707	0.01077	0.00666	0.00301	0.00419
7	0.27967	0.00977	0.01105	0.00877	0.01256	0.00969	0.00724	0.09147	0.01393	0.48130	0.01569	0.01437	0.01027	0.00593	0.00461	0.00161	0.00443	0.00444	0.00533	0.00787
8	0.00690	0.00519	0.00639	0.00633	0.00756	0.00468	0.00466	0.00883	0.01328	0.01799	0.48102	0.15973	0.23404	0.01216	0.00622	0.00174	0.00259	0.01064	0.00537	0.00468
9	0.01873	0.05856	0.01482	0.01087	0.01475	0.01432	0.00901	0.52573	0.07509	0.12567	0.01415	0.01390	0.01006	0.00622	0.00501	0.00153	0.00521	0.00475	0.06321	0.00841
10	0.00874	0.00464	0.00662	0.00662	0.00664	0.00467	0.00432	0.00699	0.00697	0.00931	0.01051	0.01927	0.01095	0.16422	0.04058	0.67408	0.00485	0.00510	0.00244	0.00248
11	0.01990	0.01335	0.01542	0.01310	0.07764	0.01428	0.00998	0.57001	0.02170	0.17053	0.01376	0.01350	0.00955	0.00616	0.00521	0.00157	0.00553	0.00479	0.00522	0.00881
12	0.01194	0.01047	0.01365	0.05527	0.11206	0.02446	0.04314	0.05539	0.01188	0.02976	0.00972	0.01156	0.00787	0.00426	0.00431	0.00104	0.00477	0.00363	0.00312	0.58171
