[name]
unknown

[dist]
# distance from previous block
# <min> <max>
0	63

[block]
# block no. 0 follows, 50 sequences, length 38
# corresponding to MSA columns:
# 73-110
name=unknown_A
#
# <colnr> <probs for GDERKNQSTAVLIFYWHMCP>
#	G	D	E	R	K	N	Q	S	T	A	V	L	I	F	Y	W	H	M	C	P
0	0.03897	0.00593	0.02382	0.00753	0.00865	0.00558	0.00569	0.02360	0.03965	0.06016	0.03832	0.41689	0.06880	0.02752	0.07517	0.05887	0.00433	0.08159	0.00429	0.00462
1	0.04233	0.28547	0.11239	0.00937	0.02881	0.01220	0.00853	0.07457	0.03859	0.06257	0.01397	0.18184	0.01359	0.03673	0.03313	0.00182	0.00511	0.00594	0.02691	0.00613
2	0.05290	0.00590	0.00759	0.00736	0.00864	0.00570	0.02777	0.03510	0.01081	0.05184	0.12960	0.35202	0.09602	0.03999	0.02429	0.04954	0.01476	0.02390	0.02090	0.03538
3	0.00810	0.00570	0.00691	0.00712	0.00827	0.00549	0.00520	0.07089	0.02938	0.04338	0.09650	0.42961	0.16181	0.02700	0.00635	0.00190	0.00318	0.05495	0.02350	0.00477
4	0.00663	0.00494	0.00609	0.00641	0.00732	0.00451	0.00450	0.00784	0.01043	0.01390	0.15258	0.37231	0.17707	0.10883	0.02595	0.00229	0.00329	0.03561	0.00445	0.04506
5	0.15186	0.00644	0.00693	0.00634	0.00830	0.00608	0.00473	0.01053	0.01033	0.05979	0.10275	0.13104	0.19269	0.10903	0.02893	0.00209	0.00361	0.00745	0.02508	0.12597
6	0.01307	0.00800	0.00944	0.00812	0.01055	0.00795	0.00636	0.16855	0.08005	0.19347	0.17931	0.13324	0.12697	0.00914	0.00546	0.00163	0.00364	0.00774	0.02090	0.00642
7	0.03077	0.00608	0.00715	0.00695	0.00837	0.00608	0.00519	0.04440	0.09882	0.01747	0.30102	0.19661	0.16450	0.01260	0.05438	0.00208	0.00352	0.00930	0.01972	0.00501
8	0.03671	0.00786	0.00963	0.00815	0.01094	0.00747	0.00658	0.06293	0.09865	0.32186	0.15819	0.02698	0.11533	0.00822	0.00534	0.00161	0.00374	0.06835	0.00535	0.03612
9	0.01179	0.00651	0.00804	0.00741	0.00914	0.00622	0.00551	0.04653	0.06371	0.22140	0.03948	0.22117	0.09879	0.14717	0.00928	0.02462	0.00379	0.03633	0.02758	0.00552
10	0.00878	0.00573	0.00696	0.00674	0.00794	0.00554	0.00481	0.01112	0.08460	0.08993	0.18377	0.18783	0.13587	0.17343	0.03168	0.03339	0.00368	0.00892	0.00454	0.00474
11	0.01007	0.00973	0.01426	0.04129	0.01351	0.01299	0.04371	0.01150	0.00812	0.01223	0.00906	0.04278	0.00899	0.01311	0.13462	0.00302	0.57961	0.02368	0.00242	0.00529
12	0.00737	0.00500	0.00636	0.00681	0.00769	0.00467	0.00480	0.00912	0.03890	0.05520	0.17388	0.51392	0.10512	0.01331	0.00606	0.00185	0.00285	0.01189	0.02064	0.00457
13	0.00812	0.03394	0.00745	0.00678	0.00779	0.00582	0.00489	0.02799	0.03319	0.04051	0.23737	0.17952	0.05733	0.20808	0.06996	0.02529	0.00428	0.03300	0.00426	0.00444
14	0.00871	0.00602	0.00773	0.00744	0.00896	0.00587	0.02073	0.03847	0.05112	0.07029	0.18538	0.18369	0.16611	0.01408	0.09301	0.00244	0.00435	0.08260	0.03796	0.00505
15	0.01476	0.00745	0.00866	0.00728	0.00978	0.00735	0.00580	0.10416	0.07362	0.27368	0.04055	0.01838	0.02752	0.00627	0.00439	0.00139	0.00344	0.00506	0.37385	0.00658
16	0.01034	0.00886	0.01034	0.00738	0.01181	0.00664	0.00591	0.01255	0.01034	0.01624	0.00886	0.01034	0.00738	0.00369	0.00369	0.00074	0.00369	0.00295	0.00295	0.85530
17	0.03972	0.00534	0.00713	0.00710	0.00778	0.00595	0.00513	0.00857	0.00778	0.01135	0.01389	0.02348	0.01407	0.29808	0.51508	0.00671	0.01015	0.00587	0.00280	0.00401
18	0.01275	0.01088	0.01147	0.01021	0.01309	0.01256	0.00797	0.06638	0.74427	0.02141	0.01985	0.01824	0.01486	0.00672	0.00507	0.00168	0.00403	0.00557	0.00507	0.00792
19	0.01234	0.01184	0.02023	0.03059	0.79373	0.01184	0.01530	0.01530	0.01135	0.01628	0.00938	0.01234	0.00790	0.00444	0.00493	0.00148	0.00592	0.00444	0.00247	0.00790
20	0.00705	0.00510	0.00666	0.00627	0.00745	0.00470	0.00470	0.00941	0.01411	0.01999	0.79110	0.03723	0.04703	0.01019	0.00588	0.00157	0.00235	0.00901	0.00549	0.00470
21	0.01000	0.02578	0.79900	0.01421	0.02157	0.01158	0.01842	0.01579	0.01052	0.01579	0.00895	0.01052	0.00631	0.00474	0.00474	0.00158	0.00737	0.00368	0.00210	0.00737
22	0.01000	0.02578	0.79900	0.01421	0.02157	0.01158	0.01842	0.01579	0.01052	0.01579	0.00895	0.01052	0.00631	0.00474	0.00474	0.00158	0.00737	0.00368	0.00210	0.00737
23	0.01895	0.01396	0.01496	0.01147	0.01546	0.01546	0.00947	0.77711	0.02344	0.03141	0.01197	0.01197	0.00848	0.00598	0.00499	0.00150	0.00548	0.00449	0.00499	0.00848
24	0.00725	0.00483	0.00544	0.00544	0.00544	0.00483	0.00302	0.00725	0.00725	0.00966	0.01571	0.03262	0.01812	0.82483	0.02537	0.00483	0.00483	0.00725	0.00302	0.00302
25	0.04786	0.02100	0.01376	0.01239	0.01482	0.63505	0.00944	0.03426	0.07563	0.01362	0.00868	0.00994	0.00714	0.00555	0.00543	0.00140	0.07177	0.00350	0.00280	0.00596
26	0.00663	0.00501	0.00619	0.00665	0.00762	0.00466	0.00484	0.00850	0.03804	0.01499	0.20502	0.37867	0.20737	0.01325	0.00614	0.00185	0.00286	0.07244	0.00483	0.00441
27	0.01168	0.01320	0.02803	0.02023	0.02478	0.01287	0.70067	0.01558	0.01136	0.01558	0.00974	0.01320	0.00746	0.00464	0.00691	0.00173	0.08753	0.00573	0.00249	0.00660
28	0.02228	0.00862	0.01165	0.00893	0.01279	0.00753	0.00738	0.04339	0.01450	0.77776	0.01947	0.01684	0.01224	0.00616	0.00501	0.00154	0.00427	0.00500	0.00614	0.00848
29	0.00953	0.00720	0.00827	0.00793	0.00992	0.00735	0.00636	0.04189	0.21662	0.05563	0.12678	0.03797	0.24861	0.01048	0.00583	0.00180	0.00355	0.18364	0.00493	0.00570
30	0.01091	0.01091	0.01527	0.01309	0.01309	0.01527	0.01091	0.01200	0.00763	0.01200	0.00654	0.01091	0.00654	0.00872	0.01636	0.00218	0.81570	0.00436	0.00218	0.00545
31	0.01333	0.82783	0.02612	0.00853	0.01279	0.01972	0.00853	0.01493	0.01013	0.01173	0.00693	0.00800	0.00640	0.00426	0.00320	0.00107	0.00533	0.00267	0.00213	0.00640
32	0.00619	0.00487	0.00551	0.00573	0.00691	0.00428	0.00411	0.00748	0.01119	0.01420	0.16622	0.23323	0.44998	0.04874	0.00686	0.00189	0.00269	0.01101	0.00470	0.00420
33	0.00628	0.00507	0.02498	0.00686	0.00763	0.00436	0.00496	0.00748	0.01023	0.01347	0.08039	0.59944	0.15293	0.01446	0.00624	0.00194	0.00297	0.04148	0.00462	0.00422
34	0.00944	0.00731	0.00960	0.00940	0.04101	0.02480	0.00696	0.07374	0.04113	0.03596	0.06304	0.02003	0.01425	0.09631	0.46421	0.00556	0.06332	0.00553	0.00322	0.00515
35	0.00954	0.00893	0.01298	0.01142	0.01195	0.01166	0.04268	0.01119	0.02452	0.01224	0.01049	0.07121	0.01047	0.03525	0.22480	0.00375	0.47372	0.00547	0.00258	0.00514
36	0.37175	0.00987	0.01214	0.24090	0.04573	0.02712	0.06607	0.01479	0.05323	0.03227	0.00968	0.04206	0.00785	0.00523	0.00423	0.00157	0.00514	0.00416	0.00298	0.04324
37	0.02823	0.00894	0.01002	0.00927	0.02996	0.05609	0.01830	0.06959	0.12656	0.01625	0.08115	0.15132	0.08596	0.08182	0.03331	0.00212	0.08976	0.00714	0.00392	0.09029

[dist]
# distance from previous block
# <min> <max>
2	10

[block]
# block no. 1 follows, 50 sequences, length 35
# corresponding to MSA columns:
# 123,133-154,158-169
name=unknown_B
#
# <colnr> <probs for GDERKNQSTAVLIFYWHMCP>
#	G	D	E	R	K	N	Q	S	T	A	V	L	I	F	Y	W	H	M	C	P
0	0.01494	0.12700	0.11050	0.01247	0.01637	0.05056	0.10829	0.21148	0.09011	0.09718	0.01143	0.01233	0.00854	0.00574	0.00613	0.00156	0.10003	0.00441	0.00362	0.00730
1	0.01311	0.01372	0.11682	0.04581	0.16676	0.11901	0.07518	0.07502	0.04995	0.09047	0.03093	0.10693	0.01321	0.00694	0.00525	0.00162	0.00597	0.05301	0.00354	0.00674
2	0.05720	0.00552	0.00776	0.00772	0.00865	0.00636	0.00592	0.00904	0.00793	0.01197	0.01291	0.01946	0.01221	0.07943	0.68073	0.04297	0.01193	0.00525	0.00269	0.00433
3	0.01333	0.82783	0.02612	0.00853	0.01279	0.01972	0.00853	0.01493	0.01013	0.01173	0.00693	0.00800	0.00640	0.00426	0.00320	0.00107	0.00533	0.00267	0.00213	0.00640
4	0.01091	0.01091	0.01527	0.01309	0.01309	0.01527	0.01091	0.01200	0.00763	0.01200	0.00654	0.01091	0.00654	0.00872	0.01636	0.00218	0.81570	0.00436	0.00218	0.00545
5	0.00907	0.00795	0.01021	0.03711	0.06785	0.03765	0.00738	0.02482	0.03185	0.01328	0.07113	0.24830	0.01962	0.17094	0.01235	0.00249	0.21166	0.00806	0.00345	0.00484
6	0.01119	0.06709	0.36978	0.01271	0.02933	0.01115	0.08473	0.03319	0.12727	0.06207	0.05429	0.06020	0.01211	0.00717	0.03423	0.00183	0.00628	0.00517	0.00324	0.00698
7	0.00724	0.00485	0.00554	0.00554	0.00557	0.00489	0.00315	0.00731	0.00728	0.00974	0.01561	0.03210	0.01790	0.79346	0.05643	0.00496	0.00517	0.00717	0.00301	0.00308
8	0.01064	0.00904	0.01050	0.00753	0.01194	0.00696	0.00603	0.03961	0.01080	0.01678	0.00897	0.01039	0.00742	0.00377	0.00374	0.00077	0.00375	0.00301	0.00303	0.82532
9	0.86003	0.00964	0.00733	0.00655	0.00964	0.01118	0.00540	0.01465	0.00848	0.02236	0.00694	0.00810	0.00540	0.00463	0.00308	0.00154	0.00386	0.00270	0.00308	0.00540
10	0.01139	0.00659	0.00849	0.00716	0.00943	0.00586	0.00560	0.03587	0.01398	0.20312	0.49593	0.02860	0.03314	0.00837	0.00540	0.00146	0.00304	0.00724	0.00534	0.10398
11	0.00700	0.00505	0.00661	0.00631	0.00743	0.00466	0.00470	0.00926	0.01384	0.01956	0.74633	0.08322	0.04621	0.01051	0.00591	0.00159	0.00238	0.00932	0.00544	0.00466
12	0.01045	0.00903	0.01090	0.00870	0.05631	0.00694	0.00644	0.01271	0.01039	0.01624	0.00889	0.01045	0.00741	0.00373	0.00376	0.00078	0.00382	0.00304	0.00293	0.80707
13	0.00941	0.00886	0.01495	0.81285	0.03433	0.01107	0.01384	0.01274	0.00997	0.01274	0.00886	0.01329	0.00664	0.00498	0.00498	0.00166	0.00664	0.00443	0.00221	0.00554
14	0.01368	0.01134	0.01199	0.01040	0.01345	0.01299	0.00820	0.17294	0.63619	0.02291	0.01866	0.01730	0.01390	0.00661	0.00506	0.00165	0.00425	0.00541	0.00506	0.00800
15	0.00725	0.00483	0.00544	0.00544	0.00544	0.00483	0.00302	0.00725	0.00725	0.00966	0.01571	0.03262	0.01812	0.82483	0.02537	0.00483	0.00483	0.00725	0.00302	0.00302
16	0.00677	0.00503	0.00593	0.00622	0.00733	0.00456	0.00443	0.00841	0.03453	0.03375	0.14384	0.34432	0.32660	0.03651	0.00659	0.00189	0.00280	0.01134	0.00476	0.00440
17	0.79778	0.00957	0.00759	0.00666	0.00983	0.01087	0.00548	0.01487	0.00874	0.04673	0.00743	0.00847	0.00570	0.00464	0.00317	0.00151	0.00386	0.00278	0.00318	0.04114
18	0.01475	0.00894	0.01084	0.00804	0.01214	0.00740	0.00652	0.06959	0.01251	0.26740	0.01281	0.01287	0.00924	0.00472	0.00420	0.00106	0.00394	0.00378	0.03518	0.49405
19	0.00726	0.00486	0.00615	0.00663	0.00750	0.00443	0.00466	0.00842	0.01063	0.06213	0.11863	0.49301	0.16688	0.04918	0.00698	0.00201	0.00297	0.02854	0.00475	0.00439
20	0.00854	0.00591	0.00715	0.00694	0.00813	0.00573	0.00502	0.08995	0.01238	0.04748	0.23834	0.27190	0.11458	0.12804	0.00871	0.00219	0.00334	0.02618	0.00473	0.00476
21	0.00630	0.00476	0.00582	0.00620	0.00715	0.00428	0.00440	0.00770	0.01136	0.01499	0.25008	0.37539	0.25703	0.01321	0.00609	0.00180	0.00263	0.01165	0.00487	0.00428
22	0.10361	0.01046	0.01200	0.00947	0.01295	0.01081	0.00773	0.31786	0.04133	0.32019	0.04295	0.01480	0.01127	0.00674	0.00567	0.05010	0.00462	0.00470	0.00511	0.00765
23	0.23738	0.00699	0.00744	0.00697	0.00891	0.00715	0.00531	0.02667	0.04408	0.12272	0.06083	0.16364	0.12843	0.05777	0.00721	0.06328	0.00362	0.03225	0.00422	0.00514
24	0.00683	0.00507	0.00622	0.00664	0.00747	0.00480	0.00463	0.02822	0.03450	0.01476	0.17370	0.45557	0.15417	0.06438	0.00731	0.00204	0.00295	0.01167	0.00471	0.00437
25	0.05351	0.01176	0.01312	0.01025	0.01392	0.01252	0.00841	0.48479	0.05320	0.20838	0.06715	0.01499	0.01218	0.00629	0.00498	0.00152	0.00485	0.00490	0.00522	0.00807
26	0.01447	0.01028	0.01427	0.08292	0.06825	0.01085	0.08593	0.25004	0.06671	0.13711	0.01412	0.06117	0.01133	0.00978	0.07622	0.05048	0.00608	0.01895	0.00412	0.00693
27	0.01104	0.00884	0.01041	0.00747	0.01187	0.00668	0.00599	0.01324	0.01057	0.06203	0.00949	0.01072	0.00767	0.00384	0.00377	0.00079	0.00372	0.00307	0.00314	0.80565
28	0.00848	0.00556	0.00672	0.00659	0.00776	0.00527	0.00474	0.02402	0.03443	0.08365	0.15217	0.18252	0.18060	0.20350	0.03141	0.00265	0.00375	0.04713	0.00449	0.00458
29	0.00891	0.00627	0.00752	0.00705	0.00866	0.00610	0.00531	0.05791	0.09053	0.06680	0.36633	0.16845	0.15938	0.01067	0.00577	0.00167	0.00294	0.00928	0.00517	0.00529
30	0.01115	0.00744	0.00944	0.00839	0.01019	0.02261	0.03665	0.05220	0.08100	0.12927	0.04999	0.19254	0.01800	0.09770	0.07553	0.04076	0.03356	0.00725	0.06107	0.05528
31	0.00775	0.00542	0.00665	0.00668	0.00793	0.00496	0.00479	0.00967	0.04609	0.05933	0.18053	0.36078	0.16563	0.05368	0.00687	0.00190	0.00299	0.01060	0.00473	0.05302
32	0.01095	0.00822	0.00878	0.00853	0.02915	0.06923	0.00620	0.10421	0.06455	0.07640	0.10735	0.21227	0.07172	0.09735	0.00764	0.00202	0.00411	0.05060	0.05527	0.00545
33	0.09953	0.04400	0.06994	0.14341	0.02928	0.08891	0.04214	0.18480	0.06202	0.01905	0.05458	0.05940	0.01138	0.00724	0.02962	0.00178	0.03801	0.00500	0.00347	0.00643
34	0.03428	0.02697	0.00859	0.00769	0.00906	0.00700	0.01560	0.03407	0.05654	0.09932	0.05902	0.23952	0.05465	0.17740	0.04545	0.00267	0.05046	0.02922	0.01914	0.02336

[dist]
# distance from previous block
# <min> <max>
1	16

[block]
# block no. 2 follows, 50 sequences, length 27
# corresponding to MSA columns:
# 200-226
name=unknown_C
#
# <colnr> <probs for GDERKNQSTAVLIFYWHMCP>
#	G	D	E	R	K	N	Q	S	T	A	V	L	I	F	Y	W	H	M	C	P
0	0.03262	0.06868	0.03161	0.00838	0.01007	0.02097	0.02128	0.01174	0.02037	0.10219	0.04644	0.02037	0.08164	0.07068	0.25661	0.10671	0.07590	0.00549	0.00326	0.00498
1	0.05990	0.01065	0.04150	0.03468	0.01420	0.01037	0.04360	0.25681	0.04471	0.26684	0.05147	0.04004	0.02775	0.03180	0.00574	0.00170	0.00486	0.04112	0.00489	0.00737
2	0.01047	0.01134	0.02394	0.01774	0.02169	0.01069	0.59350	0.01393	0.01116	0.01514	0.01347	0.16335	0.01252	0.00801	0.04690	0.00207	0.00764	0.00739	0.00292	0.00611
3	0.00710	0.00541	0.00732	0.00789	0.02932	0.00564	0.00560	0.00912	0.04607	0.01315	0.06991	0.26554	0.09626	0.06735	0.31997	0.00444	0.00719	0.02443	0.00379	0.00450
4	0.00849	0.00561	0.00671	0.00667	0.00808	0.00519	0.00486	0.01072	0.06804	0.10284	0.13000	0.30273	0.26618	0.04211	0.00661	0.00188	0.00301	0.01047	0.00488	0.00493
5	0.00805	0.00531	0.00679	0.00629	0.00769	0.00483	0.00476	0.01027	0.01376	0.07211	0.64734	0.03634	0.11367	0.01002	0.00575	0.00157	0.00250	0.00876	0.02929	0.00491
6	0.00939	0.00871	0.01468	0.78679	0.03343	0.01086	0.01354	0.01253	0.00985	0.01260	0.00885	0.01335	0.00671	0.00538	0.00545	0.02923	0.00657	0.00443	0.00221	0.00543
7	0.22193	0.00713	0.00784	0.00724	0.00940	0.00718	0.00561	0.01465	0.04509	0.21365	0.01981	0.20651	0.05604	0.04531	0.00578	0.00182	0.00362	0.04431	0.07138	0.00571
8	0.01015	0.00628	0.00745	0.00685	0.00858	0.00611	0.00526	0.06487	0.06154	0.10566	0.26454	0.10172	0.12264	0.00946	0.00557	0.01819	0.00304	0.02684	0.15983	0.00540
9	0.00606	0.00437	0.00575	0.00686	0.00721	0.00406	0.00459	0.00695	0.00962	0.01276	0.02850	0.78718	0.06670	0.01548	0.00634	0.00201	0.00288	0.01401	0.00463	0.00406
10	0.55068	0.00939	0.00890	0.00757	0.01081	0.01015	0.00627	0.06064	0.01099	0.22368	0.01153	0.01309	0.00857	0.00557	0.00389	0.00158	0.00409	0.04220	0.00407	0.00633
11	0.08360	0.00690	0.00799	0.00761	0.00931	0.00696	0.00573	0.12837	0.01235	0.11580	0.02189	0.38072	0.04992	0.02853	0.00585	0.00182	0.00358	0.03623	0.08136	0.00546
12	0.03073	0.00600	0.00718	0.00683	0.00833	0.00578	0.00508	0.03508	0.04245	0.13255	0.08543	0.16296	0.14079	0.10573	0.02499	0.04588	0.00368	0.04643	0.09912	0.00500
13	0.05468	0.01151	0.00925	0.00861	0.01051	0.24393	0.00653	0.01440	0.09888	0.01665	0.29531	0.02712	0.11716	0.02989	0.00579	0.00162	0.00475	0.03386	0.00425	0.00531
14	0.01216	0.00688	0.00848	0.00761	0.00964	0.00650	0.00580	0.10928	0.01344	0.22392	0.13765	0.25753	0.14105	0.02858	0.00611	0.00177	0.00349	0.00907	0.00517	0.00588
15	0.08094	0.00779	0.00947	0.00915	0.05000	0.00817	0.00663	0.14715	0.01225	0.10860	0.03107	0.13559	0.05839	0.10159	0.11636	0.02640	0.02374	0.03312	0.02795	0.00564
16	0.12481	0.01062	0.01183	0.00950	0.01303	0.01112	0.00777	0.26990	0.13026	0.27355	0.01543	0.01535	0.01093	0.00613	0.00475	0.00154	0.00451	0.02496	0.02286	0.03116
17	0.00658	0.00455	0.00578	0.00648	0.00679	0.00432	0.00424	0.00714	0.00903	0.01199	0.04407	0.50193	0.06401	0.21933	0.01189	0.05234	0.00347	0.02825	0.00410	0.00372
18	0.02182	0.00823	0.00976	0.13911	0.03516	0.08819	0.02423	0.04178	0.01088	0.03760	0.05889	0.22093	0.11732	0.01195	0.04284	0.11003	0.00506	0.00781	0.00360	0.00480
19	0.01091	0.02754	0.01182	0.09706	0.11184	0.03993	0.00847	0.09939	0.11642	0.02823	0.04944	0.12991	0.01568	0.11372	0.08116	0.00264	0.03979	0.00652	0.00364	0.00589
20	0.00672	0.00472	0.00596	0.00650	0.00682	0.00467	0.00428	0.00742	0.00860	0.01150	0.02192	0.36910	0.04784	0.33508	0.10448	0.00380	0.00489	0.03821	0.00377	0.00372
21	0.04438	0.01021	0.01584	0.27432	0.14829	0.01111	0.09069	0.08081	0.05976	0.12880	0.01179	0.01387	0.00869	0.00533	0.00532	0.00159	0.03341	0.00469	0.04427	0.00681
22	0.04740	0.08666	0.03368	0.12636	0.19339	0.05446	0.05544	0.07739	0.02868	0.01609	0.02947	0.07919	0.04314	0.00650	0.00589	0.00159	0.07758	0.00537	0.02538	0.00634
23	0.06962	0.01282	0.09945	0.03406	0.01654	0.04839	0.15300	0.14988	0.06784	0.19599	0.01398	0.01446	0.02244	0.00555	0.00489	0.00154	0.00564	0.00480	0.07192	0.00720
24	0.00785	0.00543	0.00669	0.00655	0.00784	0.00506	0.00481	0.01024	0.05574	0.06348	0.37718	0.21106	0.17520	0.03205	0.00639	0.00178	0.00277	0.00996	0.00509	0.00483
25	0.04678	0.01176	0.07661	0.29762	0.15207	0.04673	0.07447	0.03742	0.07016	0.04998	0.01110	0.03428	0.00897	0.04153	0.00604	0.00175	0.01854	0.00485	0.00290	0.00642
26	0.03013	0.05396	0.03810	0.16398	0.29512	0.08080	0.02179	0.06987	0.05229	0.01575	0.01007	0.02679	0.00853	0.03581	0.00660	0.02090	0.05554	0.00453	0.00277	0.00664

[dist]
# distance from previous block
# <min> <max>
0	14

[block]
# block no. 3 follows, 50 sequences, length 49
# corresponding to MSA columns:
# 245-276,278-294
name=unknown_D
#
# <colnr> <probs for GDERKNQSTAVLIFYWHMCP>
#	G	D	E	R	K	N	Q	S	T	A	V	L	I	F	Y	W	H	M	C	P
0	0.03287	0.01015	0.03126	0.08919	0.21122	0.02691	0.11163	0.01574	0.05601	0.13863	0.08433	0.02034	0.07422	0.00722	0.02353	0.00176	0.01824	0.03635	0.00371	0.00668
1	0.00798	0.04196	0.00756	0.03598	0.00786	0.00627	0.00459	0.00856	0.00791	0.02884	0.01528	0.07903	0.01681	0.54591	0.13480	0.00466	0.03221	0.00697	0.00305	0.00374
2	0.73670	0.02953	0.04377	0.00809	0.03924	0.04465	0.00659	0.01495	0.00895	0.02118	0.00715	0.00840	0.00560	0.00464	0.00329	0.00152	0.00434	0.00283	0.00298	0.00562
3	0.04318	0.03473	0.01409	0.15891	0.07183	0.02198	0.07307	0.11613	0.06160	0.07627	0.09395	0.09234	0.03322	0.00715	0.00597	0.00164	0.06345	0.00605	0.00377	0.02070
4	0.06706	0.03745	0.07959	0.04821	0.01565	0.01097	0.13118	0.10322	0.18511	0.03676	0.04273	0.11919	0.03909	0.00717	0.00543	0.00164	0.02550	0.00628	0.00388	0.03389
5	0.00965	0.00659	0.00789	0.00718	0.00894	0.00653	0.00545	0.01409	0.17597	0.09727	0.41136	0.03174	0.11820	0.04984	0.00689	0.02074	0.00307	0.00787	0.00518	0.00556
6	0.20701	0.01178	0.09831	0.06639	0.03181	0.01078	0.00905	0.17187	0.05200	0.23350	0.01319	0.03089	0.00944	0.00573	0.00453	0.00155	0.00486	0.00441	0.02566	0.00722
7	0.03845	0.00832	0.01103	0.12942	0.08254	0.02197	0.02515	0.03800	0.11553	0.10727	0.10405	0.11603	0.09763	0.03831	0.00627	0.00180	0.01609	0.03194	0.00420	0.00599
8	0.00826	0.00496	0.00683	0.02703	0.00777	0.00506	0.00486	0.03085	0.00823	0.01109	0.02402	0.13129	0.03234	0.11991	0.06755	0.43943	0.00478	0.04038	0.02216	0.00320
9	0.00714	0.00487	0.00613	0.00643	0.00670	0.00495	0.00423	0.00764	0.00805	0.01085	0.01791	0.17261	0.02025	0.46236	0.13983	0.04374	0.00575	0.06373	0.00333	0.00350
10	0.00871	0.00599	0.00734	0.03355	0.00922	0.00598	0.00555	0.01230	0.11344	0.05525	0.28405	0.15046	0.09379	0.01006	0.00552	0.00166	0.00306	0.06654	0.12235	0.00518
11	0.00819	0.00525	0.00659	0.00682	0.00791	0.00486	0.00489	0.00978	0.03913	0.09329	0.10866	0.41848	0.16982	0.04034	0.00710	0.02841	0.00309	0.02797	0.00476	0.00466
12	0.00641	0.00494	0.00577	0.00618	0.00716	0.00453	0.00438	0.00781	0.02727	0.01342	0.08204	0.31977	0.33740	0.09110	0.02657	0.00227	0.00323	0.04108	0.00449	0.00417
13	0.01240	0.01034	0.01286	0.01084	0.01374	0.01131	0.09705	0.14047	0.41198	0.02099	0.03612	0.04948	0.03098	0.00717	0.00522	0.00166	0.00452	0.04730	0.06844	0.00713
14	0.01429	0.00676	0.00874	0.00760	0.00992	0.00618	0.00596	0.03802	0.02580	0.36030	0.15099	0.16658	0.04445	0.00889	0.00530	0.00162	0.00346	0.02749	0.10128	0.00639
15	0.01480	0.01134	0.01219	0.01014	0.01329	0.01256	0.00810	0.36505	0.31520	0.04535	0.03069	0.05643	0.06773	0.00728	0.00516	0.00161	0.00448	0.00590	0.00502	0.00768
16	0.01207	0.01347	0.02881	0.02061	0.02561	0.01272	0.74354	0.04784	0.01225	0.01661	0.01016	0.01338	0.00760	0.00428	0.00584	0.00167	0.00828	0.00582	0.00262	0.00680
17	0.00788	0.00535	0.00608	0.00589	0.00615	0.00548	0.00353	0.04921	0.00817	0.01094	0.01539	0.03085	0.01732	0.74128	0.06288	0.00481	0.00529	0.00700	0.00311	0.00339
18	0.01091	0.01091	0.01527	0.01309	0.01309	0.01527	0.01091	0.01200	0.00763	0.01200	0.00654	0.01091	0.00654	0.00872	0.01636	0.00218	0.81570	0.00436	0.00218	0.00545
19	0.00673	0.00479	0.00578	0.00602	0.00653	0.00457	0.00394	0.00757	0.00955	0.01276	0.15411	0.24917	0.11983	0.34358	0.04033	0.00324	0.00389	0.00976	0.00406	0.00377
20	0.00928	0.00657	0.00780	0.00799	0.00948	0.04390	0.00626	0.01092	0.01123	0.09266	0.05260	0.30147	0.09207	0.01224	0.00605	0.00189	0.00388	0.25135	0.00458	0.06782
21	0.00722	0.00496	0.00609	0.00609	0.00632	0.00519	0.00384	0.00767	0.00744	0.01015	0.01511	0.02930	0.01668	0.62463	0.22360	0.00564	0.00700	0.00676	0.00293	0.00338
22	0.00729	0.00523	0.00785	0.00785	0.00864	0.00602	0.00602	0.00864	0.00785	0.01125	0.01284	0.01910	0.01205	0.03520	0.71944	0.10034	0.01237	0.00523	0.00262	0.00420
23	0.04135	0.00719	0.00883	0.00787	0.01021	0.00689	0.00634	0.08873	0.01306	0.28627	0.02216	0.12898	0.07104	0.00892	0.00522	0.00167	0.00379	0.12711	0.14812	0.00624
24	0.07929	0.01268	0.01330	0.01071	0.01429	0.01424	0.00870	0.49880	0.24734	0.02762	0.01405	0.01364	0.01024	0.00611	0.00487	0.00156	0.00491	0.00469	0.00487	0.00808
25	0.00941	0.00886	0.01495	0.81285	0.03433	0.01107	0.01384	0.01274	0.00997	0.01274	0.00886	0.01329	0.00664	0.00498	0.00498	0.00166	0.00664	0.00443	0.00221	0.00554
26	0.01159	0.00998	0.01090	0.00906	0.01251	0.01015	0.00711	0.02103	0.48159	0.01905	0.01581	0.01536	0.01215	0.00556	0.00453	0.00132	0.00385	0.00459	0.00424	0.33961
27	0.00606	0.00437	0.00575	0.00686	0.00721	0.00406	0.00459	0.00695	0.00962	0.01276	0.02850	0.78711	0.06677	0.01548	0.00634	0.00201	0.00288	0.01401	0.00463	0.00406
28	0.01107	0.00931	0.01072	0.00777	0.01213	0.00748	0.00624	0.07330	0.02973	0.01755	0.00938	0.01066	0.00765	0.00395	0.00383	0.00082	0.00384	0.00314	0.00316	0.76829
29	0.01862	0.02376	0.01413	0.01284	0.01541	0.80482	0.00963	0.01990	0.01413	0.01220	0.00770	0.00899	0.00642	0.00514	0.00449	0.00128	0.00899	0.00321	0.00257	0.00578
30	0.00846	0.00657	0.00766	0.00751	0.00912	0.00664	0.00592	0.04602	0.14436	0.01696	0.19074	0.03991	0.21927	0.07490	0.00748	0.00205	0.00355	0.19299	0.00476	0.00513
31	0.00712	0.00492	0.00598	0.00633	0.00665	0.00488	0.00419	0.00773	0.00842	0.01116	0.02033	0.16268	0.05016	0.50902	0.05555	0.00404	0.00480	0.11895	0.00355	0.00353
32	0.02202	0.00866	0.01163	0.00896	0.01279	0.00763	0.00739	0.03981	0.03528	0.76047	0.01952	0.01691	0.01234	0.00618	0.00501	0.00155	0.00426	0.00502	0.00612	0.00847
33	0.00648	0.00454	0.00582	0.00666	0.00694	0.00434	0.00440	0.00723	0.00915	0.01220	0.03832	0.57237	0.02930	0.21757	0.01113	0.00273	0.00345	0.04930	0.00424	0.00383
34	0.21222	0.00799	0.00843	0.00681	0.00997	0.00729	0.00540	0.02360	0.01076	0.08352	0.07919	0.01855	0.11411	0.03234	0.00483	0.00135	0.00353	0.00478	0.03516	0.33018
35	0.06495	0.00513	0.00619	0.00671	0.00758	0.00484	0.00466	0.00809	0.00987	0.01402	0.08456	0.53370	0.07993	0.07215	0.00731	0.00207	0.00312	0.02907	0.00438	0.05170
36	0.00918	0.00651	0.00794	0.00722	0.00888	0.00652	0.00549	0.03121	0.15538	0.06379	0.56320	0.03194	0.03741	0.03555	0.00629	0.00169	0.00290	0.00801	0.00536	0.00553
37	0.01049	0.01028	0.00969	0.00952	0.01108	0.17571	0.03024	0.01466	0.18706	0.01473	0.02104	0.38387	0.02221	0.01090	0.00570	0.00180	0.00472	0.06667	0.00423	0.00541
38	0.00699	0.00510	0.00636	0.01918	0.00774	0.00501	0.00469	0.00854	0.05652	0.01267	0.03949	0.42871	0.09305	0.17956	0.04225	0.03847	0.00388	0.02059	0.00410	0.01711
39	0.02142	0.00907	0.01184	0.00912	0.01290	0.00828	0.00751	0.12011	0.01543	0.67354	0.04417	0.01700	0.01299	0.00628	0.00504	0.00154	0.00434	0.00508	0.00600	0.00836
40	0.00741	0.00534	0.00671	0.00703	0.00787	0.00532	0.00496	0.04363	0.03071	0.02658	0.05215	0.42191	0.11110	0.10780	0.13419	0.00319	0.00487	0.01060	0.00422	0.00442
41	0.13433	0.02298	0.05545	0.05786	0.02999	0.01116	0.00865	0.17339	0.11463	0.19387	0.01357	0.01476	0.01012	0.05204	0.04161	0.00205	0.04766	0.00461	0.00422	0.00706
42	0.07234	0.00970	0.04115	0.03672	0.04088	0.03626	0.03128	0.16270	0.01215	0.04149	0.01400	0.12194	0.01338	0.09950	0.12607	0.00295	0.07229	0.02249	0.03700	0.00571
43	0.00780	0.00469	0.00639	0.00658	0.00698	0.00458	0.00450	0.02278	0.00857	0.01140	0.06902	0.22110	0.07926	0.04734	0.03817	0.44261	0.00402	0.00773	0.00330	0.00320
44	0.00700	0.00541	0.00624	0.00692	0.00777	0.03020	0.00506	0.00828	0.01048	0.01359	0.05530	0.40626	0.18863	0.05187	0.00704	0.00205	0.00335	0.13805	0.04228	0.00423
45	0.02635	0.01146	0.04165	0.19587	0.12249	0.05810	0.11847	0.06072	0.06371	0.04924	0.01260	0.03997	0.03316	0.00558	0.00497	0.00149	0.00587	0.01950	0.00315	0.12564
46	0.19168	0.04367	0.06329	0.13418	0.03294	0.11672	0.15556	0.04112	0.03514	0.08930	0.02499	0.01214	0.00815	0.00512	0.00491	0.00155	0.02582	0.00425	0.00310	0.00637
47	0.01334	0.07290	0.04376	0.14839	0.10976	0.10119	0.07735	0.12279	0.01310	0.05913	0.04518	0.01435	0.01000	0.00557	0.00529	0.00148	0.03854	0.02748	0.01572	0.07469
48	0.06402	0.02979	0.03262	0.01102	0.03622	0.03887	0.07377	0.11480	0.01133	0.01619	0.04303	0.09728	0.04531	0.06509	0.06541	0.02883	0.17614	0.00596	0.01620	0.02812

[dist]
# distance from previous block
# <min> <max>
1	17

[block]
# block no. 4 follows, 50 sequences, length 25
# corresponding to MSA columns:
# 323-337,357-366
name=unknown_E
#
# <colnr> <probs for GDERKNQSTAVLIFYWHMCP>
#	G	D	E	R	K	N	Q	S	T	A	V	L	I	F	Y	W	H	M	C	P
0	0.08480	0.00773	0.00919	0.00776	0.01009	0.00764	0.00586	0.04761	0.09184	0.33851	0.01688	0.02144	0.01382	0.27650	0.03633	0.00284	0.00470	0.00561	0.00461	0.00624
1	0.00626	0.00483	0.00552	0.00580	0.00694	0.00426	0.00416	0.00757	0.01113	0.01433	0.15740	0.27600	0.40958	0.03057	0.00638	0.00182	0.00265	0.01113	0.02946	0.00422
2	0.02330	0.00856	0.01052	0.04603	0.02597	0.05972	0.05284	0.12020	0.04235	0.05353	0.03688	0.08818	0.05950	0.05926	0.06128	0.21375	0.00543	0.00604	0.02165	0.00502
3	0.00952	0.00589	0.00731	0.00713	0.00834	0.00577	0.01436	0.06057	0.03633	0.09415	0.02275	0.34183	0.07476	0.10953	0.03566	0.03629	0.00385	0.00925	0.11186	0.00485
4	0.01177	0.00817	0.00949	0.00866	0.01054	0.00850	0.00655	0.29169	0.01490	0.06096	0.02136	0.41210	0.03924	0.04470	0.00657	0.00192	0.00403	0.02817	0.00477	0.00589
5	0.12718	0.00826	0.00928	0.00800	0.01074	0.00843	0.00634	0.01897	0.22857	0.24743	0.15226	0.02352	0.11509	0.00761	0.00503	0.00161	0.00357	0.00624	0.00514	0.00673
6	0.01055	0.00580	0.00705	0.00650	0.00781	0.00541	0.00456	0.01176	0.02526	0.18994	0.07444	0.08818	0.12428	0.36305	0.01413	0.00304	0.00401	0.02788	0.02157	0.00477
7	0.06376	0.00898	0.01118	0.00894	0.01239	0.00861	0.00726	0.09257	0.10121	0.53259	0.04865	0.05311	0.01421	0.00672	0.00501	0.00158	0.00417	0.00548	0.00568	0.00791
8	0.20053	0.00761	0.00803	0.00704	0.00964	0.00761	0.00559	0.01571	0.11173	0.20351	0.09037	0.02625	0.24802	0.00817	0.00489	0.00160	0.00339	0.00656	0.02774	0.00602
9	0.00759	0.00550	0.00643	0.00630	0.00778	0.00505	0.00468	0.01002	0.06514	0.05715	0.26285	0.18044	0.33916	0.01170	0.00587	0.00170	0.00273	0.01010	0.00500	0.00481
10	0.02778	0.00520	0.00595	0.00577	0.00724	0.00464	0.00432	0.00859	0.01242	0.02988	0.36489	0.08237	0.40023	0.01143	0.00583	0.00165	0.00253	0.00978	0.00498	0.00451
11	0.00718	0.00484	0.00559	0.00562	0.00571	0.00484	0.00327	0.00738	0.00768	0.01032	0.05094	0.06714	0.01990	0.72829	0.04780	0.00466	0.00490	0.00757	0.00319	0.00319
12	0.00941	0.00886	0.01495	0.81285	0.03433	0.01107	0.01384	0.01274	0.00997	0.01274	0.00886	0.01329	0.00664	0.00498	0.00498	0.00166	0.00664	0.00443	0.00221	0.00554
13	0.02663	0.00876	0.00992	0.00838	0.01087	0.00910	0.00656	0.26797	0.05042	0.16518	0.01725	0.14356	0.01479	0.05829	0.00614	0.00174	0.00407	0.00634	0.17744	0.00659
14	0.01056	0.16167	0.66805	0.01324	0.02009	0.01296	0.01674	0.01564	0.01046	0.01510	0.00860	0.01010	0.00633	0.00466	0.00448	0.00149	0.00702	0.00351	0.00211	0.00720
15	0.00649	0.00484	0.00608	0.00673	0.00752	0.00450	0.00479	0.00810	0.03070	0.01439	0.15688	0.49167	0.16447	0.01387	0.00620	0.00190	0.00287	0.05891	0.00478	0.00432
16	0.04833	0.00719	0.00892	0.00761	0.01011	0.00674	0.00604	0.07043	0.01347	0.34177	0.14846	0.10606	0.06591	0.00827	0.00513	0.00157	0.00354	0.02623	0.10776	0.00646
17	0.02161	0.00501	0.00617	0.00670	0.00773	0.00456	0.00482	0.00861	0.01049	0.07062	0.03274	0.49112	0.23656	0.01381	0.00611	0.00191	0.00301	0.05922	0.00471	0.00447
18	0.00679	0.00490	0.00611	0.00674	0.00722	0.00470	0.00444	0.00808	0.04313	0.01248	0.02366	0.56821	0.02770	0.20761	0.01074	0.00263	0.00343	0.01173	0.00420	0.03549
19	0.04113	0.00491	0.00624	0.00688	0.00760	0.00467	0.00475	0.00844	0.00989	0.05821	0.06044	0.60773	0.06368	0.05443	0.03422	0.00228	0.00342	0.01216	0.00455	0.00436
20	0.50423	0.00821	0.00754	0.00668	0.00931	0.00885	0.00531	0.01469	0.00989	0.14804	0.04746	0.04727	0.04604	0.06013	0.00528	0.00176	0.00373	0.00458	0.05542	0.00557
21	0.00949	0.00757	0.00879	0.00765	0.01031	0.00681	0.00584	0.02968	0.13585	0.03554	0.02072	0.23770	0.09420	0.00871	0.00501	0.00141	0.00348	0.02778	0.00409	0.33939
22	0.00817	0.00716	0.02763	0.00780	0.00943	0.03914	0.03846	0.01055	0.05821	0.03375	0.07354	0.21495	0.27795	0.03054	0.01875	0.00195	0.02210	0.08149	0.03359	0.00484
23	0.20498	0.00675	0.00743	0.00719	0.00897	0.00686	0.00535	0.01299	0.06357	0.14385	0.04394	0.34533	0.06261	0.05002	0.00619	0.00192	0.00346	0.00877	0.00450	0.00532
24	0.00715	0.00475	0.00619	0.00688	0.00758	0.00438	0.00480	0.00826	0.01034	0.05722	0.09134	0.60032	0.09353	0.03601	0.00674	0.00202	0.00301	0.04037	0.00474	0.00436

[dist]
# distance from previous block
# <min> <max>
2	3

[block]
# block no. 5 follows, 50 sequences, length 9
# corresponding to MSA columns:
# 371-379
name=unknown_F
#
# <colnr> <probs for GDERKNQSTAVLIFYWHMCP>
#	G	D	E	R	K	N	Q	S	T	A	V	L	I	F	Y	W	H	M	C	P
0	0.00632	0.00454	0.00579	0.00670	0.00710	0.00426	0.00451	0.00718	0.00947	0.01247	0.02760	0.61045	0.09063	0.12804	0.00900	0.00240	0.00322	0.05197	0.00440	0.00395
1	0.06976	0.06259	0.00815	0.00686	0.00838	0.00641	0.00520	0.01075	0.01069	0.10250	0.13843	0.24024	0.11308	0.09325	0.05846	0.00241	0.00406	0.03221	0.02169	0.00488
2	0.01403	0.01083	0.01267	0.05852	0.06964	0.08259	0.04374	0.12977	0.18072	0.13657	0.04591	0.08984	0.01445	0.04171	0.02747	0.00190	0.00528	0.00595	0.02155	0.00685
3	0.17324	0.01004	0.01514	0.25071	0.11182	0.01050	0.12449	0.03292	0.01054	0.03683	0.00931	0.01239	0.00736	0.03021	0.00518	0.00156	0.00566	0.00418	0.00277	0.14515
4	0.01155	0.01075	0.01687	0.40411	0.15295	0.03220	0.08900	0.10955	0.01215	0.01606	0.01030	0.01516	0.00839	0.00560	0.00566	0.00166	0.04221	0.04668	0.00278	0.00636
5	0.00775	0.00607	0.00716	0.00712	0.00859	0.00592	0.00533	0.04197	0.09620	0.01566	0.12216	0.26653	0.22907	0.01367	0.06123	0.00219	0.00381	0.05172	0.00458	0.04327
6	0.07187	0.01302	0.01383	0.04721	0.05388	0.07414	0.00933	0.38025	0.12129	0.04432	0.01182	0.01242	0.00882	0.00588	0.00555	0.00152	0.06151	0.00434	0.00416	0.05483
7	0.00690	0.00519	0.00628	0.00626	0.00736	0.00469	0.00438	0.00813	0.01033	0.01394	0.16957	0.26478	0.17704	0.16363	0.04550	0.00254	0.00363	0.00974	0.00424	0.08587
8	0.08972	0.03310	0.04235	0.04816	0.07379	0.00816	0.10596	0.01206	0.03927	0.04384	0.04932	0.17892	0.06977	0.07527	0.00788	0.06398	0.00467	0.00718	0.01849	0.02810

[dist]
# distance from previous block
# <min> <max>
0	3

[block]
# block no. 6 follows, 50 sequences, length 6
# corresponding to MSA columns:
# 383-388
name=unknown_G
#
# <colnr> <probs for GDERKNQSTAVLIFYWHMCP>
#	G	D	E	R	K	N	Q	S	T	A	V	L	I	F	Y	W	H	M	C	P
0	0.08717	0.01300	0.11588	0.13538	0.20185	0.03813	0.09154	0.07282	0.05312	0.07184	0.01116	0.01399	0.00870	0.00645	0.03550	0.00183	0.00638	0.02524	0.00310	0.00693
1	0.03345	0.00682	0.00778	0.00745	0.00912	0.03753	0.00557	0.03059	0.04811	0.16020	0.08724	0.29007	0.15624	0.03966	0.03693	0.00210	0.00392	0.02714	0.00476	0.00534
2	0.00625	0.00468	0.00562	0.00614	0.00690	0.00425	0.00420	0.00729	0.01027	0.01332	0.10981	0.42337	0.25613	0.10790	0.00838	0.00220	0.00295	0.01177	0.00453	0.00404
3	0.03307	0.00927	0.01294	0.05421	0.22181	0.00924	0.03177	0.09275	0.06444	0.03696	0.04350	0.09376	0.08774	0.00798	0.03350	0.00171	0.00486	0.00604	0.03211	0.12234
4	0.03375	0.00753	0.00932	0.03326	0.01038	0.02361	0.00666	0.01261	0.08876	0.06716	0.08284	0.02158	0.08946	0.06720	0.14856	0.06557	0.14454	0.00580	0.05451	0.02689
5	0.35259	0.00807	0.00801	0.00698	0.00951	0.00850	0.00549	0.06493	0.01098	0.18242	0.01475	0.07055	0.03575	0.08308	0.00607	0.00183	0.00383	0.00501	0.11585	0.00579

[dist]
# distance from previous block
# <min> <max>
0	20

[block]
# block no. 7 follows, 50 sequences, length 20
# corresponding to MSA columns:
# 409-428
name=unknown_H
#
# <colnr> <probs for GDERKNQSTAVLIFYWHMCP>
#	G	D	E	R	K	N	Q	S	T	A	V	L	I	F	Y	W	H	M	C	P
0	0.00872	0.00588	0.00684	0.00649	0.00813	0.00544	0.00484	0.02833	0.06229	0.09944	0.19372	0.15218	0.33290	0.05365	0.00680	0.00185	0.00301	0.00952	0.00493	0.00502
1	0.05590	0.00781	0.00980	0.03612	0.03363	0.00718	0.01907	0.07359	0.01208	0.09554	0.11231	0.19067	0.03555	0.00814	0.00501	0.00144	0.00381	0.03301	0.00416	0.25517
2	0.17333	0.00989	0.01078	0.00881	0.01211	0.02920	0.00717	0.15910	0.08878	0.32643	0.04967	0.01712	0.03904	0.00642	0.00471	0.00155	0.00431	0.01981	0.02446	0.00732
3	0.36226	0.00884	0.00901	0.00770	0.01065	0.00935	0.00618	0.05007	0.09518	0.23887	0.04884	0.04949	0.03123	0.02617	0.00480	0.00165	0.00389	0.00485	0.02449	0.00647
4	0.00758	0.00541	0.00646	0.00650	0.00761	0.00511	0.00463	0.03088	0.04270	0.04200	0.20913	0.28667	0.20284	0.10934	0.00827	0.00213	0.00308	0.01038	0.00472	0.00455
5	0.05482	0.00583	0.00699	0.00680	0.00817	0.00556	0.00495	0.02674	0.02343	0.13008	0.09670	0.26249	0.13108	0.12897	0.00885	0.02472	0.00347	0.03492	0.03057	0.00485
6	0.11665	0.00842	0.00924	0.00786	0.01027	0.00880	0.00619	0.21298	0.02622	0.14752	0.01593	0.05690	0.03611	0.06533	0.00706	0.06087	0.00408	0.02519	0.16830	0.00608
7	0.03592	0.00497	0.00641	0.00689	0.00775	0.00462	0.02591	0.00769	0.01028	0.01385	0.08887	0.55702	0.18369	0.01391	0.00610	0.00190	0.00296	0.01242	0.00458	0.00425
8	0.33864	0.00915	0.03091	0.00780	0.01070	0.00917	0.00640	0.08919	0.02500	0.21342	0.04747	0.06286	0.03027	0.07807	0.00621	0.00187	0.00416	0.01821	0.00429	0.00620
9	0.00814	0.00562	0.00683	0.00707	0.00825	0.00538	0.00513	0.02787	0.07118	0.06721	0.08549	0.41183	0.17675	0.04280	0.00674	0.00197	0.00317	0.04898	0.00478	0.00482
10	0.01429	0.01165	0.01234	0.01053	0.01368	0.01328	0.00835	0.24379	0.56434	0.02391	0.01788	0.01668	0.01326	0.00654	0.00505	0.00163	0.00439	0.00530	0.00505	0.00806
11	0.00817	0.00592	0.00709	0.00665	0.00807	0.00570	0.00497	0.05098	0.05850	0.03760	0.42743	0.07978	0.16852	0.08341	0.00756	0.00192	0.00299	0.02481	0.00502	0.00491
12	0.01067	0.00678	0.00830	0.00741	0.00960	0.00612	0.00563	0.03665	0.05255	0.13427	0.08483	0.25226	0.03714	0.03515	0.00580	0.00162	0.00344	0.03663	0.07013	0.19502
13	0.00671	0.00515	0.00611	0.00595	0.00726	0.00466	0.00441	0.00878	0.03010	0.01697	0.44323	0.09207	0.30700	0.03161	0.00638	0.00172	0.00255	0.00976	0.00506	0.00452
14	0.01333	0.82783	0.02612	0.00853	0.01279	0.01972	0.00853	0.01493	0.01013	0.01173	0.00693	0.00800	0.00640	0.00426	0.00320	0.00107	0.00533	0.00267	0.00213	0.00640
15	0.01793	0.01331	0.01437	0.01121	0.01496	0.01479	0.00921	0.69202	0.06740	0.02973	0.01253	0.01276	0.00909	0.00770	0.04762	0.00185	0.00581	0.00460	0.00487	0.00823
16	0.00703	0.00537	0.00708	0.00705	0.00787	0.00575	0.00522	0.00839	0.00923	0.01264	0.09148	0.11491	0.15721	0.14137	0.33557	0.00477	0.05063	0.00777	0.01642	0.00423
17	0.00722	0.00490	0.00584	0.00613	0.00639	0.00486	0.00395	0.00774	0.00825	0.01103	0.01922	0.13088	0.03767	0.57087	0.03497	0.00408	0.00463	0.10534	0.02260	0.00344
18	0.00866	0.00433	0.00649	0.00649	0.00649	0.00433	0.00433	0.00649	0.00649	0.00866	0.00866	0.01515	0.00866	0.01732	0.01948	0.85498	0.00433	0.00433	0.00216	0.00216
19	0.12254	0.05055	0.01920	0.17637	0.15113	0.04510	0.25336	0.01466	0.01084	0.02783	0.01056	0.05632	0.00903	0.00539	0.00503	0.00161	0.00646	0.02500	0.00273	0.00628

[dist]
# distance from previous block
# <min> <max>
2	29

[block]
# block no. 8 follows, 50 sequences, length 45
# corresponding to MSA columns:
# 458-479,490-512
name=unknown_I
#
# <colnr> <probs for GDERKNQSTAVLIFYWHMCP>
#	G	D	E	R	K	N	Q	S	T	A	V	L	I	F	Y	W	H	M	C	P
0	0.00652	0.00475	0.00610	0.00676	0.00736	0.00449	0.00464	0.00810	0.03524	0.01439	0.18561	0.56814	0.06701	0.04758	0.00699	0.00202	0.00288	0.01239	0.00475	0.00427
1	0.00846	0.00438	0.00639	0.00639	0.00651	0.00432	0.00429	0.00654	0.00684	0.00900	0.01168	0.01752	0.06518	0.01698	0.01850	0.79339	0.00420	0.00478	0.00234	0.00231
2	0.01034	0.00886	0.01034	0.00738	0.01181	0.00664	0.00591	0.01255	0.01034	0.01624	0.00886	0.01034	0.00738	0.00369	0.00369	0.00074	0.00369	0.00295	0.00295	0.85530
3	0.01000	0.02578	0.79900	0.01421	0.02157	0.01158	0.01842	0.01579	0.01052	0.01579	0.00895	0.01052	0.00631	0.00474	0.00474	0.00158	0.00737	0.00368	0.00210	0.00737
4	0.32839	0.00663	0.00647	0.00647	0.00795	0.00705	0.00472	0.01038	0.00889	0.03003	0.01828	0.22536	0.07307	0.17838	0.00937	0.02477	0.00377	0.04192	0.00368	0.00441
5	0.01235	0.07592	0.35772	0.01276	0.04400	0.03531	0.06044	0.04751	0.04437	0.10412	0.04077	0.01317	0.00942	0.00654	0.00658	0.08572	0.02923	0.00432	0.00300	0.00675
6	0.19640	0.00780	0.00860	0.00740	0.00972	0.00802	0.00587	0.12736	0.01430	0.10973	0.41656	0.02481	0.02827	0.00789	0.00504	0.00155	0.00336	0.00651	0.00497	0.00585
7	0.00683	0.00466	0.00575	0.00629	0.00647	0.00454	0.00399	0.00726	0.00841	0.01120	0.02101	0.36509	0.02465	0.41975	0.01625	0.02732	0.00399	0.04927	0.00375	0.00351
8	0.00834	0.00535	0.00748	0.00771	0.03134	0.00551	0.00544	0.00835	0.00841	0.03558	0.01857	0.04687	0.14313	0.04744	0.18134	0.35588	0.03592	0.04063	0.00303	0.00368
9	0.00721	0.00501	0.00631	0.00631	0.00661	0.00531	0.00411	0.00781	0.00751	0.01031	0.01490	0.02818	0.01620	0.55695	0.29061	0.00591	0.00773	0.00660	0.00290	0.00351
10	0.01862	0.02376	0.01413	0.01284	0.01541	0.80482	0.00963	0.01990	0.01413	0.01220	0.00770	0.00899	0.00642	0.00514	0.00449	0.00128	0.00899	0.00321	0.00257	0.00578
11	0.01251	0.00833	0.00962	0.00831	0.01081	0.00857	0.00653	0.10283	0.24141	0.15706	0.25562	0.02662	0.11401	0.00829	0.00539	0.00160	0.00352	0.00699	0.00533	0.00667
12	0.00696	0.00510	0.00618	0.00598	0.00728	0.00459	0.00444	0.00878	0.01264	0.03382	0.45376	0.08943	0.28118	0.03655	0.01952	0.00184	0.00274	0.00962	0.00505	0.00453
13	0.00899	0.02302	0.09927	0.03729	0.01549	0.00818	0.22929	0.01149	0.01044	0.03760	0.01881	0.41027	0.02023	0.01017	0.00615	0.00184	0.02362	0.01881	0.00362	0.00544
14	0.38397	0.06625	0.01190	0.00985	0.01274	0.41243	0.00772	0.01732	0.01143	0.01659	0.00733	0.00854	0.00597	0.00486	0.00380	0.00138	0.00654	0.00296	0.00277	0.00565
15	0.03877	0.01177	0.01874	0.13870	0.49930	0.03478	0.05414	0.04435	0.01131	0.01605	0.00907	0.01216	0.00748	0.00497	0.00592	0.00157	0.07680	0.00442	0.00253	0.00717
16	0.01916	0.01362	0.01475	0.01131	0.01529	0.01496	0.00934	0.73086	0.02287	0.07847	0.01244	0.01227	0.00871	0.00599	0.00499	0.00150	0.00541	0.00452	0.00506	0.00848
17	0.06215	0.01241	0.01370	0.01078	0.01436	0.01370	0.00886	0.50524	0.09788	0.14344	0.01340	0.01313	0.00947	0.00617	0.00554	0.00156	0.05062	0.00458	0.00492	0.00809
18	0.01331	0.11136	0.42812	0.01334	0.01884	0.20306	0.05912	0.02746	0.01179	0.05594	0.00910	0.01041	0.00677	0.00484	0.00459	0.00145	0.00740	0.00367	0.00250	0.00691
19	0.00860	0.00436	0.00655	0.00655	0.00658	0.00439	0.00439	0.00658	0.00655	0.00876	0.00882	0.01530	0.00879	0.01801	0.04666	0.82568	0.00464	0.00436	0.00218	0.00224
20	0.86003	0.00964	0.00733	0.00655	0.00964	0.01118	0.00540	0.01465	0.00848	0.02236	0.00694	0.00810	0.00540	0.00463	0.00308	0.00154	0.00386	0.00270	0.00308	0.00540
21	0.01093	0.00927	0.00996	0.00905	0.01149	0.01039	0.00700	0.02194	0.58825	0.02006	0.15139	0.02429	0.08886	0.00785	0.00528	0.00167	0.00355	0.00663	0.00510	0.00703
