[name]
unknown

[dist]
# distance from previous block
# <min> <max>
5	277

[block]
# block no. 0 follows, 49 sequences, length 15
# corresponding to MSA columns:
# 569-583
name=unknown_A
#
# <colnr> <probs for GDERKNQSTAVLIFYWHMCP>
#	G	D	E	R	K	N	Q	S	T	A	V	L	I	F	Y	W	H	M	C	P
0	0.01558	0.46191	0.02029	0.00985	0.01346	0.26024	0.00863	0.01711	0.01196	0.08032	0.01078	0.01140	0.04909	0.00522	0.00396	0.00123	0.00631	0.00351	0.00279	0.00636
1	0.04639	0.00630	0.00764	0.00733	0.00908	0.00593	0.00565	0.01137	0.06734	0.04250	0.26291	0.19254	0.08716	0.01068	0.00571	0.00170	0.00324	0.11156	0.00476	0.11019
2	0.01215	0.25898	0.40198	0.03268	0.01851	0.05509	0.03362	0.04587	0.06769	0.01553	0.00940	0.01065	0.00722	0.00488	0.00440	0.00144	0.00663	0.00366	0.00251	0.00712
3	0.06236	0.01024	0.05379	0.00948	0.01326	0.00908	0.00809	0.13738	0.04390	0.50998	0.01811	0.07436	0.01287	0.00680	0.00507	0.00160	0.00454	0.00552	0.00554	0.00803
4	0.01094	0.00526	0.00751	0.00712	0.00785	0.00510	0.00501	0.01012	0.03087	0.13591	0.01233	0.07458	0.01139	0.01531	0.01600	0.62852	0.00426	0.00527	0.00312	0.00354
5	0.06697	0.01382	0.17232	0.01013	0.01322	0.11605	0.00925	0.15458	0.01313	0.01766	0.01780	0.26253	0.06144	0.01024	0.03598	0.00194	0.00565	0.00751	0.00377	0.00599
6	0.02486	0.01012	0.07174	0.04984	0.01334	0.02331	0.03091	0.17576	0.01475	0.15884	0.12381	0.09633	0.16780	0.00862	0.00546	0.00164	0.00444	0.00725	0.00472	0.00646
7	0.00625	0.00451	0.00594	0.00704	0.00746	0.00420	0.00481	0.00722	0.00989	0.01306	0.02920	0.73614	0.07788	0.01557	0.00645	0.00205	0.00300	0.05051	0.00469	0.00414
8	0.00958	0.00569	0.00689	0.00657	0.00821	0.00505	0.00491	0.01097	0.01169	0.16261	0.12123	0.16599	0.31502	0.09424	0.00795	0.00208	0.00328	0.04811	0.00492	0.00502
9	0.01378	0.01497	0.09702	0.29718	0.16012	0.19674	0.01298	0.03315	0.02659	0.08511	0.01009	0.01240	0.00760	0.00513	0.00491	0.00154	0.00695	0.00420	0.00284	0.00667
10	0.01060	0.09433	0.53084	0.05551	0.01929	0.01152	0.01510	0.01480	0.01029	0.04240	0.01012	0.05227	0.00821	0.00646	0.00627	0.06390	0.03462	0.00434	0.00243	0.00670
11	0.03551	0.00863	0.01190	0.01032	0.05239	0.00831	0.00793	0.03536	0.01304	0.55641	0.01751	0.03945	0.01223	0.01005	0.09273	0.00234	0.06769	0.00525	0.00524	0.00770
12	0.04272	0.01123	0.07849	0.15970	0.02138	0.01039	0.30246	0.03522	0.01130	0.01582	0.06948	0.13808	0.01436	0.00803	0.03357	0.00196	0.02991	0.00682	0.00310	0.00597
13	0.02502	0.04054	0.01594	0.07668	0.06530	0.08759	0.09277	0.17471	0.06716	0.08256	0.01347	0.05595	0.03361	0.00684	0.00688	0.00168	0.12679	0.01597	0.00369	0.00684
14	0.01138	0.01065	0.01641	0.26371	0.20045	0.05097	0.09960	0.06815	0.01173	0.02821	0.01259	0.13967	0.01172	0.01904	0.00603	0.00173	0.03242	0.00621	0.00302	0.00631

[dist]
# distance from previous block
# <min> <max>
0	1

[block]
# block no. 1 follows, 49 sequences, length 49
# corresponding to MSA columns:
# 585-604,608-619,646-650,670-681
name=unknown_B
#
# <colnr> <probs for GDERKNQSTAVLIFYWHMCP>
#	G	D	E	R	K	N	Q	S	T	A	V	L	I	F	Y	W	H	M	C	P
0	0.01197	0.13228	0.07626	0.01480	0.17407	0.05420	0.06868	0.01487	0.02909	0.01538	0.00898	0.01097	0.00746	0.00457	0.00505	0.00123	0.05524	0.00371	0.00266	0.30852
1	0.00663	0.00524	0.00631	0.00646	0.00756	0.00499	0.00478	0.00802	0.01101	0.01426	0.15715	0.21378	0.35906	0.04324	0.06834	0.00241	0.03575	0.03612	0.00453	0.00435
2	0.01349	0.30816	0.20929	0.01158	0.01626	0.05988	0.06958	0.06381	0.05903	0.07206	0.03690	0.01228	0.01723	0.00529	0.00470	0.00142	0.02498	0.00405	0.00301	0.00699
3	0.09674	0.19691	0.23827	0.03423	0.13436	0.01337	0.12018	0.01630	0.01098	0.07995	0.00954	0.01116	0.00726	0.00469	0.00451	0.00148	0.00631	0.00397	0.00270	0.00709
4	0.02860	0.00802	0.02017	0.00832	0.01134	0.00720	0.00674	0.03745	0.06592	0.46690	0.13568	0.08061	0.06321	0.00792	0.00530	0.00161	0.00381	0.00666	0.02729	0.00726
5	0.01058	0.00929	0.01525	0.62096	0.12422	0.01100	0.01338	0.01423	0.04001	0.05157	0.03438	0.01451	0.00879	0.00528	0.00508	0.00166	0.00629	0.00472	0.00269	0.00612
6	0.01473	0.11510	0.13019	0.01183	0.06763	0.02393	0.05258	0.07272	0.04120	0.20935	0.04189	0.01405	0.01906	0.00533	0.00465	0.00137	0.00523	0.00439	0.00385	0.16095
7	0.00900	0.00632	0.00764	0.00731	0.00875	0.00635	0.00542	0.01290	0.16221	0.06148	0.28049	0.13709	0.10736	0.06521	0.02600	0.05750	0.00350	0.02540	0.00485	0.00519
8	0.00724	0.00537	0.00790	0.00790	0.00872	0.00620	0.00603	0.00888	0.00806	0.01157	0.01376	0.02103	0.01315	0.10707	0.73380	0.00784	0.01278	0.00559	0.00274	0.00439
9	0.01090	0.09628	0.58958	0.06689	0.08072	0.01262	0.01692	0.04101	0.01110	0.01601	0.00902	0.01082	0.00663	0.00480	0.00470	0.00155	0.00706	0.00378	0.00227	0.00734
10	0.01166	0.01016	0.01686	0.39156	0.13486	0.01130	0.10767	0.07743	0.01210	0.06016	0.06109	0.02976	0.01067	0.00572	0.00569	0.00166	0.03697	0.00520	0.00304	0.00644
11	0.00747	0.00485	0.00613	0.00670	0.00714	0.00461	0.00442	0.00818	0.00927	0.05162	0.02391	0.47739	0.04019	0.27951	0.01272	0.00297	0.00371	0.04098	0.00424	0.00402
12	0.00766	0.00502	0.00643	0.00665	0.00752	0.00463	0.00465	0.00900	0.01127	0.06574	0.25904	0.38565	0.08899	0.10368	0.00834	0.00218	0.00305	0.01113	0.00488	0.00450
13	0.04073	0.01129	0.07673	0.05597	0.10326	0.02015	0.03523	0.07975	0.13443	0.21533	0.09222	0.03201	0.01451	0.00654	0.00570	0.00163	0.04590	0.00541	0.01590	0.00732
14	0.01059	0.06186	0.01496	0.06311	0.01520	0.00935	0.17969	0.01442	0.08891	0.07055	0.26858	0.05371	0.05157	0.00759	0.00587	0.00161	0.03171	0.00694	0.00418	0.03961
15	0.00809	0.00619	0.00629	0.00620	0.00644	0.05691	0.00375	0.00832	0.00787	0.01012	0.01522	0.03052	0.01717	0.70936	0.08349	0.00491	0.00584	0.00694	0.00301	0.00336
16	0.01055	0.00910	0.01082	0.00777	0.01224	0.00695	0.01871	0.01305	0.02468	0.01656	0.00922	0.01069	0.00764	0.00381	0.00381	0.00078	0.00383	0.00310	0.00303	0.82367
17	0.01431	0.04061	0.01419	0.01165	0.01456	0.16086	0.06648	0.09996	0.34797	0.04603	0.02835	0.01638	0.01238	0.00772	0.03725	0.00188	0.04580	0.02231	0.00416	0.00715
18	0.06232	0.00984	0.01244	0.00976	0.01346	0.00961	0.03393	0.14053	0.10721	0.48623	0.04828	0.01685	0.01313	0.00631	0.00505	0.00158	0.00451	0.00515	0.00562	0.00816
19	0.24419	0.00907	0.01040	0.00829	0.01182	0.00883	0.00680	0.07365	0.01339	0.44343	0.07446	0.01576	0.01286	0.00604	0.00457	0.00153	0.00412	0.00465	0.00515	0.04097
20	0.02888	0.10508	0.05672	0.36183	0.12792	0.03951	0.07530	0.11577	0.01243	0.01641	0.00928	0.01219	0.00716	0.00495	0.00485	0.00155	0.00654	0.00431	0.00270	0.00663
21	0.00867	0.00655	0.00990	0.00879	0.01055	0.00644	0.08445	0.01056	0.01013	0.05779	0.07034	0.06781	0.11212	0.09758	0.29804	0.00434	0.00775	0.06449	0.00363	0.06009
22	0.00879	0.00492	0.00786	0.00745	0.00776	0.00485	0.04795	0.00716	0.00709	0.00947	0.01011	0.06760	0.01033	0.01670	0.01811	0.74922	0.00453	0.00513	0.00238	0.00258
23	0.00935	0.00828	0.01296	0.09741	0.33132	0.00826	0.00999	0.01180	0.01193	0.01643	0.22249	0.10405	0.11859	0.00827	0.00553	0.00162	0.00439	0.00749	0.00378	0.00606
24	0.01326	0.04180	0.05767	0.01198	0.07322	0.00849	0.11734	0.04194	0.01249	0.23758	0.03253	0.15679	0.11598	0.00860	0.00557	0.00170	0.00484	0.04719	0.00445	0.00658
25	0.00721	0.00531	0.00790	0.00797	0.00879	0.00609	0.00611	0.00880	0.00817	0.01169	0.01435	0.07192	0.01394	0.04558	0.71445	0.03608	0.01244	0.00599	0.00283	0.00439
26	0.00769	0.00546	0.00613	0.00597	0.00764	0.00477	0.00447	0.00944	0.03026	0.07862	0.14592	0.13890	0.51208	0.01216	0.00594	0.00172	0.00276	0.01034	0.00495	0.00476
27	0.01249	0.13785	0.43468	0.01501	0.07261	0.15413	0.07329	0.01662	0.01143	0.01483	0.00868	0.01039	0.00664	0.00475	0.00464	0.00148	0.00745	0.00373	0.00228	0.00703
28	0.01242	0.00842	0.01332	0.01141	0.01347	0.00877	0.12650	0.01446	0.01127	0.20261	0.01900	0.17615	0.01839	0.01000	0.00806	0.00197	0.15589	0.17760	0.00427	0.00601
29	0.00981	0.02203	0.61992	0.01365	0.01975	0.01098	0.05522	0.01472	0.01032	0.01525	0.01054	0.05340	0.00873	0.05287	0.03197	0.00205	0.03491	0.00467	0.00236	0.00686
30	0.00779	0.00648	0.00719	0.00800	0.00895	0.06594	0.00612	0.00925	0.01098	0.01380	0.03899	0.39696	0.12573	0.01395	0.00642	0.00204	0.00392	0.25851	0.00453	0.00445
31	0.06299	0.03968	0.10926	0.12586	0.21565	0.01111	0.01188	0.09704	0.01316	0.23201	0.02502	0.01370	0.00940	0.00536	0.00487	0.00155	0.00557	0.00449	0.00380	0.00759
32	0.02633	0.01035	0.05111	0.00994	0.01240	0.05254	0.03585	0.12155	0.04540	0.12049	0.06825	0.15001	0.03450	0.04220	0.04561	0.00213	0.09076	0.02220	0.00416	0.05421
33	0.11167	0.11140	0.03560	0.15122	0.14035	0.18265	0.06063	0.09129	0.01263	0.01662	0.00935	0.01242	0.00770	0.00522	0.00462	0.00149	0.00660	0.02918	0.00283	0.00652
34	0.01715	0.05342	0.10177	0.01242	0.01563	0.53400	0.01041	0.06175	0.01385	0.05365	0.00909	0.01038	0.00722	0.00614	0.02364	0.00154	0.03514	0.00358	0.02292	0.00629
35	0.00830	0.08804	0.00946	0.06865	0.00992	0.00770	0.00571	0.00975	0.03418	0.01131	0.01427	0.05214	0.01496	0.39440	0.23166	0.00490	0.02119	0.00628	0.00293	0.00424
36	0.06049	0.19762	0.26043	0.04250	0.01657	0.01243	0.03792	0.03441	0.05222	0.09344	0.03033	0.01248	0.00902	0.02382	0.00486	0.00147	0.00568	0.00396	0.00306	0.09728
37	0.01467	0.01470	0.17040	0.11578	0.13427	0.10559	0.05561	0.01775	0.01197	0.21514	0.01201	0.01350	0.00871	0.00720	0.05059	0.00195	0.03515	0.00448	0.00338	0.00714
38	0.01176	0.00672	0.00858	0.00750	0.00958	0.00637	0.00583	0.01544	0.10456	0.21818	0.50153	0.03030	0.03492	0.00889	0.00564	0.00160	0.00307	0.00770	0.00569	0.00613
39	0.01019	0.02288	0.64432	0.01575	0.11118	0.01124	0.01724	0.01546	0.01105	0.01640	0.06892	0.01297	0.00976	0.00519	0.00492	0.00159	0.00691	0.00424	0.00244	0.00733
40	0.03291	0.01150	0.01883	0.04816	0.30952	0.02697	0.16227	0.02950	0.05568	0.14007	0.04253	0.01460	0.01043	0.00550	0.00610	0.00163	0.06795	0.00507	0.00341	0.00738
41	0.00624	0.00498	0.00598	0.04686	0.00849	0.00455	0.00476	0.00744	0.01058	0.01327	0.03805	0.41086	0.39218	0.01385	0.00616	0.00187	0.00295	0.01211	0.00457	0.00426
42	0.00726	0.00486	0.00554	0.00563	0.00565	0.00484	0.00319	0.00733	0.00753	0.01004	0.01685	0.09341	0.01954	0.76039	0.02426	0.00468	0.00475	0.00789	0.00319	0.00314
43	0.17163	0.01257	0.01893	0.01507	0.06209	0.03945	0.29146	0.17159	0.02304	0.12822	0.01137	0.01267	0.00819	0.00506	0.00502	0.00160	0.00631	0.00478	0.00371	0.00723
44	0.01049	0.01093	0.07580	0.54909	0.10879	0.01145	0.03993	0.06289	0.01115	0.01481	0.00953	0.01341	0.00730	0.00669	0.04549	0.00198	0.00705	0.00454	0.00248	0.00619
45	0.01251	0.00756	0.00804	0.00698	0.00902	0.00798	0.00544	0.19406	0.06395	0.06090	0.01587	0.01798	0.01237	0.05229	0.00534	0.00152	0.00347	0.00491	0.50384	0.00595
46	0.00624	0.00446	0.00594	0.00699	0.00735	0.00416	0.00470	0.00723	0.01004	0.01347	0.08622	0.75903	0.03454	0.01542	0.00642	0.00202	0.00289	0.01397	0.00476	0.00416
47	0.00802	0.00632	0.00902	0.10908	0.06297	0.00632	0.00766	0.01008	0.01115	0.01493	0.12207	0.20843	0.06661	0.03990	0.00681	0.00202	0.00419	0.25238	0.00420	0.04785
48	0.06873	0.03232	0.01536	0.06878	0.26015	0.11777	0.01102	0.07389	0.25106	0.01850	0.01261	0.01366	0.00985	0.00556	0.00502	0.00156	0.01872	0.00456	0.00353	0.00737

[dist]
# distance from previous block
# <min> <max>
0	6

[block]
# block no. 2 follows, 49 sequences, length 20
# corresponding to MSA columns:
# 688,690-708
name=unknown_C
#
# <colnr> <probs for GDERKNQSTAVLIFYWHMCP>
#	G	D	E	R	K	N	Q	S	T	A	V	L	I	F	Y	W	H	M	C	P
0	0.00969	0.00621	0.00721	0.00655	0.00829	0.00602	0.00503	0.06045	0.05864	0.07524	0.34822	0.03093	0.14779	0.00894	0.00524	0.00152	0.00284	0.00759	0.19822	0.00539
1	0.00889	0.00618	0.00786	0.00745	0.00916	0.00554	0.00544	0.03135	0.01054	0.07036	0.04585	0.42622	0.02327	0.03764	0.08150	0.00234	0.00434	0.00956	0.00421	0.20230
2	0.01607	0.09813	0.01748	0.01314	0.01607	0.32414	0.10067	0.17810	0.01455	0.01692	0.00939	0.03530	0.00794	0.00605	0.00650	0.00153	0.12410	0.00431	0.00309	0.00652
3	0.00660	0.00517	0.00599	0.00584	0.00729	0.00456	0.00442	0.00844	0.01284	0.01682	0.39725	0.04381	0.41486	0.01168	0.00600	0.00167	0.00255	0.03457	0.00510	0.00452
4	0.01313	0.33057	0.21974	0.01146	0.01659	0.03746	0.07242	0.09766	0.01220	0.03221	0.00889	0.01015	0.00704	0.00463	0.00419	0.00129	0.00609	0.00353	0.00270	0.10807
5	0.00615	0.00445	0.00581	0.00690	0.00730	0.00412	0.00463	0.00706	0.00981	0.01296	0.02955	0.76373	0.08762	0.01562	0.00642	0.00203	0.00291	0.01411	0.00469	0.00412
6	0.00883	0.00441	0.00645	0.00645	0.00654	0.00441	0.00433	0.00696	0.00688	0.00951	0.00934	0.01562	0.00909	0.01672	0.01859	0.79127	0.00424	0.00441	0.06354	0.00238
7	0.01361	0.01144	0.01853	0.14153	0.38108	0.01184	0.09394	0.07728	0.08350	0.09905	0.01183	0.01383	0.00899	0.00509	0.00514	0.00158	0.00599	0.00484	0.00331	0.00763
8	0.00944	0.00588	0.00740	0.03002	0.00903	0.00587	0.02219	0.02579	0.05796	0.07216	0.08467	0.24021	0.03615	0.06167	0.03087	0.00203	0.00364	0.02486	0.26512	0.00506
9	0.00722	0.00542	0.00813	0.00813	0.00903	0.00632	0.00632	0.00903	0.00813	0.01174	0.01354	0.01987	0.01264	0.03792	0.80225	0.00813	0.01354	0.00542	0.00271	0.00451
10	0.00616	0.00460	0.00574	0.00658	0.00723	0.00417	0.00450	0.00720	0.01031	0.01341	0.06735	0.60928	0.20524	0.01491	0.00632	0.00195	0.00282	0.01330	0.00473	0.00417
11	0.01478	0.10782	0.01590	0.10698	0.01682	0.17303	0.02397	0.17803	0.10153	0.03185	0.01051	0.01246	0.00845	0.02684	0.00732	0.00168	0.14773	0.00429	0.00333	0.00667
12	0.00743	0.00561	0.00807	0.00797	0.00869	0.00654	0.00604	0.00892	0.00799	0.01146	0.01358	0.02150	0.01325	0.15880	0.64336	0.00734	0.05070	0.00567	0.00274	0.00434
13	0.00669	0.00526	0.00606	0.00594	0.00736	0.00472	0.00442	0.00880	0.03562	0.01663	0.36052	0.09888	0.39727	0.01180	0.00598	0.00168	0.00256	0.01015	0.00508	0.00458
14	0.01020	0.00959	0.01616	0.59695	0.21643	0.01123	0.01406	0.01337	0.01036	0.01369	0.00933	0.01386	0.00741	0.03039	0.00569	0.00174	0.00651	0.00459	0.00233	0.00612
15	0.01042	0.03215	0.30237	0.35120	0.11829	0.01179	0.01538	0.01542	0.06629	0.01506	0.00988	0.01262	0.00739	0.00501	0.00493	0.00162	0.00670	0.00427	0.00244	0.00677
16	0.01062	0.00866	0.01151	0.11476	0.01494	0.00934	0.06245	0.01779	0.31037	0.05616	0.23905	0.02554	0.06616	0.00788	0.00551	0.00168	0.00417	0.02226	0.00472	0.00644
17	0.01495	0.01696	0.01656	0.02085	0.37108	0.37343	0.01205	0.01703	0.01260	0.01428	0.00976	0.05005	0.00871	0.00652	0.03216	0.00166	0.00754	0.00444	0.00266	0.00672
18	0.16538	0.21997	0.03886	0.01057	0.06921	0.03033	0.03339	0.08391	0.03540	0.05133	0.02677	0.01115	0.00842	0.00480	0.00398	0.00127	0.00489	0.00359	0.01903	0.17774
19	0.07327	0.00939	0.02755	0.01427	0.19295	0.00937	0.03271	0.10352	0.05501	0.08940	0.04272	0.25805	0.01803	0.00890	0.00572	0.00174	0.02506	0.02175	0.00413	0.00649

[dist]
# distance from previous block
# <min> <max>
3	17

[block]
# block no. 3 follows, 49 sequences, length 35
# corresponding to MSA columns:
# 729-743,745-761,788-790
name=unknown_D
#
# <colnr> <probs for GDERKNQSTAVLIFYWHMCP>
#	G	D	E	R	K	N	Q	S	T	A	V	L	I	F	Y	W	H	M	C	P
0	0.01089	0.01261	0.16076	0.01788	0.30968	0.01000	0.01198	0.01580	0.12252	0.03823	0.17831	0.03315	0.04307	0.00664	0.00525	0.00159	0.00502	0.00590	0.00367	0.00705
1	0.00775	0.00596	0.00732	0.00774	0.00909	0.00588	0.00615	0.01108	0.10596	0.01588	0.13481	0.17462	0.19706	0.01266	0.00631	0.00197	0.00352	0.27647	0.00485	0.00491
2	0.03268	0.01042	0.04040	0.08759	0.07795	0.03281	0.00895	0.08501	0.14788	0.28083	0.02080	0.02001	0.11851	0.00688	0.00514	0.00161	0.00474	0.00567	0.00474	0.00738
3	0.04319	0.08357	0.05921	0.02079	0.18712	0.04854	0.42562	0.04066	0.01202	0.01646	0.00959	0.01235	0.00749	0.00446	0.00528	0.00157	0.00744	0.00499	0.00260	0.00704
4	0.02210	0.00899	0.01187	0.00913	0.01299	0.00808	0.00753	0.08843	0.01518	0.71185	0.01921	0.01681	0.01219	0.00623	0.00505	0.00155	0.00437	0.00503	0.02489	0.00852
5	0.00726	0.00529	0.00748	0.00748	0.00816	0.00597	0.00552	0.00862	0.00794	0.01126	0.01414	0.02314	0.01406	0.23191	0.61020	0.00733	0.01141	0.00590	0.00280	0.00416
6	0.01219	0.51140	0.32881	0.01092	0.01648	0.01676	0.01259	0.01548	0.01043	0.01351	0.00783	0.00912	0.00646	0.00451	0.00386	0.00129	0.00622	0.00311	0.00215	0.00688
7	0.00733	0.00496	0.00579	0.00577	0.00590	0.00502	0.00341	0.00758	0.00769	0.01038	0.04612	0.03214	0.01905	0.72328	0.09134	0.00505	0.00554	0.00726	0.00313	0.00326
8	0.01552	0.00805	0.01018	0.00867	0.01147	0.00773	0.00704	0.06564	0.11315	0.36126	0.18311	0.02746	0.05024	0.00836	0.00554	0.00169	0.00392	0.09825	0.00564	0.00708
9	0.00669	0.00505	0.00625	0.00707	0.00777	0.00485	0.00487	0.00876	0.07591	0.01371	0.03030	0.64993	0.13060	0.01468	0.00628	0.00198	0.00298	0.01315	0.00473	0.00446
10	0.01519	0.32428	0.14788	0.07476	0.01683	0.18824	0.01084	0.03249	0.01206	0.11981	0.00956	0.01051	0.00736	0.00496	0.00422	0.00134	0.00652	0.00350	0.00288	0.00677
11	0.01213	0.01316	0.04910	0.02798	0.29793	0.16912	0.01124	0.01459	0.03346	0.01414	0.01151	0.08263	0.01092	0.05442	0.09012	0.00247	0.09065	0.00534	0.00279	0.00630
12	0.00678	0.00514	0.00605	0.00616	0.00749	0.00462	0.00471	0.00856	0.01225	0.01615	0.28492	0.11063	0.36033	0.01209	0.00602	0.00175	0.00277	0.09700	0.04208	0.00448
13	0.78556	0.00971	0.00769	0.00672	0.00997	0.01095	0.00552	0.01468	0.00877	0.02216	0.00721	0.00841	0.00565	0.00461	0.00318	0.00149	0.00390	0.00276	0.00312	0.07794
14	0.00937	0.00719	0.00841	0.00845	0.00993	0.06345	0.02661	0.01132	0.02408	0.06805	0.02673	0.15566	0.15095	0.04979	0.07507	0.00260	0.00514	0.26320	0.02908	0.00490
15	0.01301	0.70500	0.14237	0.00952	0.01432	0.01876	0.01016	0.01527	0.01034	0.01252	0.00734	0.00850	0.00648	0.00440	0.00348	0.00116	0.00572	0.00286	0.00216	0.00664
16	0.00884	0.00723	0.01004	0.14829	0.11242	0.00702	0.00773	0.01082	0.01087	0.04269	0.05753	0.09879	0.24179	0.06245	0.02291	0.00193	0.00440	0.02948	0.00373	0.11106
17	0.01411	0.17383	0.12771	0.01165	0.01529	0.06741	0.08247	0.03195	0.01163	0.17635	0.01269	0.01670	0.01041	0.00843	0.05690	0.00203	0.09566	0.07468	0.00341	0.00670
18	0.01974	0.01334	0.01467	0.01124	0.01527	0.01446	0.00929	0.66300	0.02240	0.14469	0.01330	0.01289	0.00918	0.00610	0.00506	0.00152	0.00538	0.00463	0.00524	0.00860
19	0.40533	0.00817	0.00834	0.00760	0.00993	0.00922	0.00606	0.03318	0.04386	0.08459	0.01143	0.01447	0.00953	0.04689	0.27704	0.00393	0.00732	0.00421	0.00339	0.00552
20	0.01370	0.04790	0.03760	0.03710	0.09086	0.01207	0.13547	0.26214	0.01514	0.02096	0.01181	0.01324	0.03857	0.00520	0.00502	0.00136	0.01990	0.00452	0.00352	0.22393
21	0.00614	0.00500	0.00543	0.00560	0.00700	0.00429	0.00409	0.00746	0.01150	0.01424	0.12629	0.18525	0.57395	0.01308	0.00606	0.00176	0.00261	0.01117	0.00479	0.00429
22	0.00870	0.00443	0.00661	0.00661	0.00663	0.00446	0.00441	0.00668	0.00665	0.00890	0.00911	0.01596	0.00914	0.03883	0.04287	0.80632	0.00467	0.00450	0.00223	0.00229
23	0.01373	0.04789	0.01328	0.04297	0.04235	0.17906	0.05019	0.06870	0.10680	0.09226	0.06621	0.06181	0.01644	0.00789	0.00559	0.00167	0.02182	0.13375	0.02125	0.00633
24	0.01212	0.49356	0.34598	0.01104	0.01668	0.01658	0.01282	0.01550	0.01044	0.01361	0.00788	0.00918	0.00645	0.00452	0.00389	0.00130	0.00627	0.00313	0.00215	0.00690
25	0.00728	0.00537	0.00799	0.00799	0.00884	0.00621	0.00616	0.00889	0.00805	0.01157	0.01344	0.02009	0.01267	0.06017	0.75112	0.03867	0.01296	0.00544	0.00270	0.00439
26	0.00608	0.00506	0.00531	0.00539	0.00693	0.00429	0.00399	0.00740	0.01155	0.01407	0.10256	0.12061	0.66354	0.01291	0.00602	0.00173	0.00258	0.01091	0.00476	0.00429
27	0.01561	0.10540	0.01778	0.01342	0.05005	0.15044	0.15971	0.06495	0.07476	0.17533	0.01332	0.04338	0.01054	0.00680	0.02431	0.00171	0.03869	0.02305	0.00375	0.00698
28	0.00716	0.00486	0.00559	0.00574	0.00585	0.00481	0.00335	0.00734	0.00779	0.01034	0.01848	0.12888	0.04509	0.68318	0.03742	0.00451	0.00475	0.00828	0.00331	0.00326
29	0.00627	0.00463	0.00587	0.00662	0.00728	0.00423	0.00456	0.00744	0.01066	0.01410	0.14196	0.57636	0.16239	0.01453	0.00630	0.00193	0.00279	0.01300	0.00482	0.00423
30	0.01220	0.01118	0.01758	0.20538	0.48256	0.04644	0.01394	0.01510	0.01146	0.04952	0.01125	0.01660	0.00965	0.00555	0.00517	0.00161	0.00612	0.06877	0.00280	0.00711
31	0.13563	0.04479	0.04181	0.01077	0.03399	0.03892	0.00885	0.40225	0.01774	0.15942	0.01273	0.03301	0.00942	0.02188	0.00513	0.00159	0.00523	0.00455	0.00458	0.00771
32	0.23767	0.00811	0.04343	0.03648	0.01084	0.00768	0.00654	0.01394	0.02904	0.13854	0.28750	0.07714	0.02466	0.00870	0.01992	0.00177	0.00384	0.03387	0.00459	0.00572
33	0.01086	0.04180	0.29817	0.01061	0.01611	0.04469	0.02792	0.01442	0.01075	0.01597	0.00893	0.01049	0.00702	0.00423	0.00420	0.00112	0.00550	0.00333	0.00263	0.46124
34	0.18725	0.00873	0.01013	0.00818	0.01155	0.00845	0.00668	0.06908	0.03604	0.44847	0.05082	0.01870	0.07873	0.00667	0.00476	0.00157	0.00402	0.00523	0.02760	0.00733

[dist]
# distance from previous block
# <min> <max>
0	3

[block]
# block no. 4 follows, 49 sequences, length 51
# corresponding to MSA columns:
# 794-837,839-845
name=unknown_E
#
# <colnr> <probs for GDERKNQSTAVLIFYWHMCP>
#	G	D	E	R	K	N	Q	S	T	A	V	L	I	F	Y	W	H	M	C	P
0	0.16971	0.00846	0.01155	0.09539	0.02583	0.00881	0.09723	0.03766	0.07011	0.05844	0.25880	0.05987	0.04833	0.00753	0.00517	0.00163	0.00429	0.00658	0.00422	0.02037
1	0.44338	0.01327	0.01131	0.00959	0.01285	0.15872	0.04576	0.11245	0.08894	0.02125	0.00940	0.01028	0.00723	0.00513	0.00400	0.00151	0.00532	0.00353	0.00344	0.03264
2	0.08039	0.05340	0.01516	0.01125	0.01505	0.03665	0.07939	0.34741	0.10528	0.12976	0.01357	0.03691	0.01012	0.00601	0.00490	0.00153	0.00532	0.00486	0.00455	0.03851
3	0.00888	0.00692	0.01042	0.00942	0.01035	0.03067	0.07176	0.00949	0.00809	0.01121	0.01082	0.01664	0.01015	0.02442	0.37332	0.28375	0.09215	0.00496	0.00247	0.00410
4	0.06735	0.10981	0.16336	0.01302	0.03545	0.01123	0.17639	0.01927	0.01229	0.32237	0.01325	0.01348	0.00908	0.00519	0.00489	0.00154	0.00596	0.00459	0.00392	0.00755
5	0.08225	0.19778	0.50751	0.01262	0.01879	0.01358	0.04238	0.01611	0.03696	0.01586	0.00890	0.01030	0.00670	0.00474	0.00438	0.00149	0.00664	0.00358	0.00234	0.00709
6	0.03600	0.01701	0.01732	0.01400	0.01735	0.35542	0.20286	0.11137	0.01439	0.08172	0.01157	0.07607	0.00970	0.00600	0.00514	0.00152	0.00751	0.00514	0.00338	0.00652
7	0.01188	0.01269	0.02656	0.01935	0.02370	0.01230	0.63558	0.01559	0.01153	0.04241	0.01133	0.06239	0.00932	0.00542	0.00686	0.00176	0.07561	0.00632	0.00279	0.00661
8	0.01120	0.01067	0.01815	0.37675	0.45532	0.01167	0.01486	0.01437	0.01089	0.01492	0.00928	0.01294	0.00745	0.00475	0.00503	0.00158	0.00633	0.00450	0.00239	0.00695
9	0.00848	0.00774	0.00780	0.00841	0.03228	0.09946	0.00641	0.01018	0.01189	0.01435	0.07215	0.10801	0.32614	0.01216	0.00615	0.00188	0.00414	0.25325	0.00441	0.00471
10	0.01339	0.27809	0.01807	0.07762	0.01585	0.01494	0.05515	0.09419	0.30937	0.03798	0.01423	0.01439	0.02422	0.00573	0.00457	0.00148	0.00510	0.00460	0.00378	0.00724
11	0.01753	0.02952	0.01546	0.01173	0.01542	0.03708	0.15352	0.11713	0.05639	0.37506	0.01725	0.08386	0.01309	0.00681	0.00536	0.00163	0.00534	0.02526	0.00494	0.00761
12	0.00689	0.00503	0.00654	0.00693	0.00781	0.00473	0.00507	0.00884	0.02674	0.01650	0.35757	0.35598	0.07600	0.01296	0.00624	0.00186	0.00286	0.08184	0.00508	0.00453
13	0.00955	0.00899	0.01517	0.81013	0.03483	0.01123	0.01404	0.01292	0.01011	0.01292	0.00899	0.01348	0.00674	0.00506	0.00506	0.00169	0.00674	0.00449	0.00225	0.00562
14	0.01237	0.01147	0.01879	0.21611	0.54449	0.01214	0.01467	0.07861	0.01221	0.01695	0.00961	0.01272	0.00776	0.00477	0.00502	0.00155	0.00615	0.00451	0.00266	0.00749
15	0.01002	0.00617	0.00779	0.00702	0.00882	0.00578	0.00539	0.01316	0.07661	0.14715	0.50864	0.05702	0.10676	0.00977	0.00577	0.00162	0.00287	0.00849	0.00554	0.00560
16	0.00714	0.00530	0.00778	0.00788	0.00867	0.00605	0.00599	0.00876	0.00821	0.01172	0.01489	0.08780	0.01474	0.08364	0.68830	0.00742	0.01213	0.00629	0.00290	0.00439
17	0.01186	0.01314	0.02734	0.01986	0.02428	0.01292	0.65326	0.03325	0.01171	0.01605	0.01035	0.03409	0.00825	0.00509	0.00710	0.00176	0.09442	0.00599	0.00263	0.00665
18	0.00987	0.00925	0.01555	0.62335	0.16713	0.01094	0.01374	0.01302	0.01033	0.01356	0.01023	0.06216	0.00859	0.00561	0.00513	0.00168	0.00638	0.00510	0.00244	0.00595
19	0.21280	0.00887	0.01076	0.00846	0.01220	0.00832	0.00699	0.02242	0.01314	0.61865	0.01701	0.01516	0.01091	0.00590	0.00464	0.00156	0.00421	0.00455	0.00555	0.00789
20	0.00731	0.00538	0.00629	0.00605	0.00745	0.00500	0.00453	0.00994	0.05173	0.01809	0.43766	0.05699	0.25496	0.01054	0.00568	0.00160	0.00253	0.00907	0.09446	0.00477
21	0.01076	0.00780	0.00961	0.00921	0.04942	0.02316	0.03037	0.04819	0.13740	0.08465	0.23098	0.07899	0.10144	0.00871	0.00562	0.00161	0.02250	0.01866	0.11497	0.00595
22	0.01175	0.01133	0.01000	0.00929	0.01139	0.17616	0.00705	0.06279	0.24468	0.01773	0.14427	0.13115	0.10795	0.00904	0.00545	0.00165	0.00463	0.02307	0.00455	0.00606
23	0.01049	0.00899	0.01049	0.00749	0.01198	0.00674	0.00599	0.01273	0.01049	0.01648	0.00899	0.01049	0.00749	0.00374	0.00374	0.00075	0.00374	0.00300	0.00300	0.85320
24	0.00838	0.00671	0.00874	0.00979	0.05702	0.00696	0.00727	0.01182	0.11404	0.01528	0.04355	0.21274	0.13609	0.01235	0.00682	0.00202	0.04471	0.28601	0.00450	0.00518
25	0.01126	0.03474	0.03642	0.01000	0.01197	0.06651	0.02401	0.13945	0.04315	0.01758	0.13437	0.06130	0.15187	0.00965	0.02479	0.00189	0.18996	0.02130	0.00394	0.00584
26	0.11316	0.01948	0.05306	0.01214	0.01483	0.47880	0.00979	0.06428	0.02823	0.03939	0.00852	0.00998	0.00689	0.00574	0.00608	0.00150	0.11551	0.00356	0.00290	0.00615
27	0.00705	0.00550	0.00627	0.00623	0.00768	0.00500	0.00467	0.04659	0.01253	0.01612	0.22292	0.16708	0.41861	0.01240	0.00604	0.00175	0.00282	0.04121	0.00492	0.00460
28	0.01110	0.09158	0.60017	0.01328	0.01961	0.07986	0.01604	0.01631	0.03512	0.01573	0.04846	0.01195	0.00879	0.00514	0.00472	0.00154	0.00708	0.00394	0.00244	0.00713
29	0.01366	0.01220	0.05836	0.01709	0.09898	0.01123	0.34546	0.03579	0.09478	0.15647	0.02585	0.04711	0.02288	0.00580	0.00587	0.00168	0.02996	0.00590	0.00368	0.00725
30	0.00634	0.00459	0.00579	0.00659	0.00708	0.00426	0.00441	0.00725	0.00992	0.01309	0.07546	0.58729	0.12492	0.10763	0.00858	0.00231	0.00308	0.01280	0.00456	0.00405
31	0.00878	0.00439	0.00659	0.00659	0.00659	0.00439	0.00439	0.00659	0.00659	0.00878	0.00878	0.01537	0.00878	0.01757	0.01976	0.85288	0.00439	0.00439	0.00220	0.00220
32	0.01214	0.01137	0.01838	0.27162	0.49868	0.03105	0.01459	0.03876	0.01158	0.02985	0.00958	0.01281	0.00768	0.00477	0.00501	0.00156	0.00627	0.00448	0.00257	0.00724
33	0.01243	0.44968	0.28212	0.01195	0.01739	0.01638	0.08942	0.04162	0.01104	0.01439	0.00821	0.00966	0.00665	0.00454	0.00410	0.00133	0.00642	0.00344	0.00229	0.00692
34	0.00720	0.00534	0.00784	0.00787	0.00868	0.00613	0.00600	0.00883	0.00811	0.01161	0.01419	0.04602	0.01378	0.10313	0.71207	0.00767	0.01249	0.00586	0.00280	0.00438
35	0.01235	0.21607	0.24949	0.01039	0.01476	0.08246	0.01082	0.11091	0.01273	0.01685	0.02893	0.01598	0.07708	0.00604	0.00448	0.00142	0.00572	0.02342	0.09356	0.00653
36	0.04179	0.01430	0.01735	0.01482	0.07459	0.21116	0.19398	0.03239	0.07164	0.22265	0.01310	0.01434	0.00962	0.00558	0.00541	0.00157	0.02558	0.01914	0.00384	0.00715
37	0.00732	0.00503	0.00618	0.00618	0.00641	0.00526	0.00389	0.00778	0.00755	0.01029	0.01533	0.02974	0.01693	0.62358	0.22245	0.00572	0.00709	0.00686	0.00297	0.00343
38	0.01014	0.02616	0.79609	0.01441	0.02189	0.01174	0.01868	0.01601	0.01068	0.01601	0.00907	0.01068	0.00641	0.00480	0.00480	0.00160	0.00747	0.00374	0.00214	0.00747
39	0.01412	0.01617	0.07427	0.01460	0.06286	0.26363	0.14407	0.10617	0.04190	0.01660	0.01297	0.05372	0.01179	0.00696	0.00572	0.00165	0.03105	0.11200	0.00331	0.00642
40	0.31779	0.01267	0.01204	0.00996	0.01335	0.09100	0.03054	0.29726	0.03821	0.06549	0.01139	0.01368	0.00890	0.00595	0.00447	0.00158	0.00525	0.04950	0.00409	0.00690
41	0.00784	0.00588	0.00821	0.00761	0.00923	0.00528	0.06917	0.00954	0.01177	0.06234	0.18189	0.25546	0.30011	0.01209	0.00608	0.00179	0.00330	0.03281	0.00478	0.00481
42	0.08903	0.02091	0.01392	0.01232	0.01503	0.59057	0.00945	0.12028	0.01478	0.01584	0.00827	0.00955	0.00671	0.00547	0.00511	0.00140	0.04877	0.00345	0.00296	0.00618
43	0.01129	0.01017	0.01569	0.14302	0.39175	0.00994	0.01175	0.02865	0.01142	0.03018	0.03034	0.01561	0.06804	0.00524	0.00483	0.00138	0.00523	0.00475	0.00293	0.19780
44	0.01178	0.00840	0.01086	0.00940	0.01169	0.00865	0.05680	0.12362	0.08707	0.12240	0.04602	0.14264	0.19660	0.01000	0.00659	0.00180	0.06419	0.07066	0.00470	0.00612
45	0.07979	0.00714	0.00765	0.00764	0.00933	0.00753	0.00565	0.01425	0.26312	0.01660	0.02905	0.31306	0.19722	0.01127	0.00564	0.00182	0.00328	0.00972	0.00471	0.00554
46	0.16201	0.00951	0.01145	0.00894	0.01274	0.00913	0.00738	0.11790	0.01467	0.56861	0.01680	0.01506	0.01084	0.00597	0.00475	0.00156	0.00440	0.00463	0.00558	0.00808
47	0.01205	0.02991	0.15747	0.18900	0.41515	0.01227	0.01515	0.07877	0.01208	0.01688	0.00950	0.01227	0.00748	0.00480	0.00495	0.00155	0.00637	0.00433	0.00259	0.00743
48	0.12543	0.01164	0.01856	0.03823	0.58530	0.01223	0.03733	0.01513	0.01080	0.01691	0.00895	0.01187	0.00753	0.00490	0.00576	0.00158	0.07361	0.00431	0.00256	0.00739
49	0.00876	0.00572	0.00762	0.00785	0.00870	0.00582	0.00596	0.01011	0.01018	0.07880	0.06823	0.21394	0.02512	0.20000	0.06514	0.00313	0.04555	0.22059	0.00424	0.00454
50	0.00921	0.00678	0.00828	0.00776	0.00948	0.00660	0.02720	0.11835	0.03962	0.04920	0.12070	0.29600	0.23386	0.01189	0.00597	0.00180	0.00345	0.03370	0.00487	0.00528

[dist]
# distance from previous block
# <min> <max>
0	3

[block]
# block no. 5 follows, 49 sequences, length 30
# corresponding to MSA columns:
# 849-866,868-875,879-882
name=unknown_F
#
# <colnr> <probs for GDERKNQSTAVLIFYWHMCP>
#	G	D	E	R	K	N	Q	S	T	A	V	L	I	F	Y	W	H	M	C	P
0	0.01487	0.09481	0.12259	0.01352	0.01786	0.04359	0.20862	0.15150	0.01403	0.15402	0.02291	0.03208	0.03102	0.00591	0.00566	0.00159	0.04152	0.01296	0.00370	0.00723
1	0.01096	0.21666	0.48707	0.01286	0.04997	0.01310	0.01461	0.01528	0.01074	0.01524	0.03951	0.01119	0.00821	0.00482	0.00440	0.00141	0.00643	0.00368	0.00236	0.07151
2	0.00969	0.00896	0.01529	0.38713	0.17720	0.01005	0.07178	0.01249	0.01003	0.01349	0.01113	0.04883	0.00987	0.07211	0.11806	0.00281	0.00739	0.00537	0.00255	0.00578
3	0.05330	0.01373	0.01615	0.01264	0.01613	0.07054	0.11567	0.42723	0.08726	0.02460	0.01182	0.01326	0.00901	0.03628	0.00672	0.00173	0.06744	0.00478	0.00417	0.00753
4	0.07568	0.00964	0.01322	0.22697	0.13743	0.00938	0.00972	0.03466	0.01090	0.04218	0.00937	0.01170	0.00741	0.00443	0.00432	0.00123	0.00498	0.00372	0.00289	0.38016
5	0.04923	0.19157	0.13847	0.01358	0.12328	0.02612	0.03614	0.09274	0.01261	0.15831	0.01216	0.04536	0.00984	0.00594	0.00513	0.00152	0.03718	0.03011	0.00349	0.00722
6	0.00725	0.00532	0.00762	0.00762	0.00835	0.00605	0.00569	0.00871	0.00798	0.01137	0.01400	0.02241	0.01375	0.18873	0.65295	0.00751	0.01188	0.00579	0.00278	0.00424
7	0.01042	0.00953	0.01130	0.01084	0.01271	0.11814	0.08306	0.04298	0.04103	0.01569	0.04146	0.10028	0.03190	0.01125	0.00632	0.00202	0.00546	0.43609	0.00422	0.00527
8	0.01606	0.01666	0.01500	0.07328	0.01722	0.32108	0.07074	0.18679	0.16990	0.01904	0.03636	0.01335	0.01018	0.00581	0.00498	0.00150	0.00686	0.00454	0.00372	0.00692
9	0.02224	0.00881	0.01180	0.00910	0.01298	0.00780	0.00750	0.04046	0.04315	0.74953	0.01981	0.01717	0.01254	0.00628	0.00509	0.00157	0.00432	0.00510	0.00619	0.00858
10	0.01020	0.00966	0.01635	0.63830	0.20155	0.01141	0.01437	0.01349	0.01042	0.01371	0.00910	0.01327	0.00702	0.00493	0.00504	0.00164	0.00658	0.00450	0.00230	0.00615
11	0.07159	0.00980	0.01336	0.36052	0.02269	0.01095	0.01054	0.11477	0.09366	0.22155	0.01334	0.01450	0.00932	0.00567	0.00494	0.00163	0.00547	0.00467	0.00402	0.00702
12	0.01294	0.00798	0.06849	0.00787	0.01052	0.00625	0.00677	0.01540	0.01382	0.29351	0.39123	0.02854	0.05404	0.00848	0.00550	0.00159	0.00350	0.02291	0.03432	0.00631
13	0.01507	0.00984	0.02876	0.04067	0.01290	0.07692	0.00783	0.12867	0.01385	0.26945	0.05116	0.13814	0.01649	0.01244	0.11666	0.00257	0.00609	0.04117	0.00468	0.00663
14	0.01064	0.00982	0.01579	0.29353	0.34297	0.01074	0.01286	0.01452	0.07757	0.01519	0.01330	0.04977	0.03690	0.00734	0.03685	0.00191	0.00609	0.03467	0.00290	0.00663
15	0.07636	0.08768	0.48668	0.01365	0.01981	0.01237	0.10702	0.04070	0.02489	0.07053	0.00994	0.01128	0.00715	0.00487	0.00472	0.00156	0.00682	0.00400	0.00269	0.00728
16	0.00736	0.00589	0.00893	0.15899	0.01366	0.00632	0.02815	0.00914	0.00975	0.01298	0.02169	0.37238	0.05582	0.01790	0.17602	0.00328	0.00621	0.07716	0.00375	0.00461
17	0.01151	0.05280	0.42755	0.09754	0.16797	0.01247	0.06471	0.07650	0.01189	0.01692	0.00938	0.01151	0.00700	0.00482	0.00490	0.00157	0.00695	0.00412	0.00248	0.00740
18	0.01471	0.01205	0.01475	0.09248	0.12465	0.14697	0.08101	0.04275	0.06317	0.18253	0.08189	0.05150	0.02344	0.00715	0.02284	0.00172	0.02004	0.00556	0.00395	0.00682
19	0.00852	0.00731	0.00967	0.07078	0.07364	0.03657	0.01605	0.01083	0.03092	0.01538	0.21948	0.10539	0.11192	0.03260	0.11259	0.00267	0.05622	0.05952	0.01485	0.00509
20	0.01081	0.00902	0.01024	0.07006	0.01321	0.01004	0.00762	0.06581	0.42073	0.01915	0.07011	0.08970	0.10956	0.00883	0.00552	0.00176	0.00400	0.06232	0.00482	0.00667
21	0.08132	0.20148	0.09362	0.26418	0.16569	0.05024	0.01248	0.01468	0.01043	0.01440	0.00832	0.01104	0.00677	0.00490	0.00492	0.00150	0.04141	0.00380	0.00235	0.00644
22	0.52067	0.04824	0.07148	0.00846	0.01189	0.05904	0.00750	0.03419	0.00972	0.01979	0.00757	0.00903	0.00606	0.00496	0.00450	0.00148	0.06616	0.00305	0.00294	0.10329
23	0.00617	0.00458	0.00569	0.00657	0.00715	0.00418	0.00444	0.00710	0.00997	0.01293	0.03232	0.62092	0.19337	0.05037	0.00719	0.00210	0.00294	0.01328	0.00462	0.00410
24	0.01321	0.22101	0.01718	0.07517	0.01562	0.25555	0.08602	0.02316	0.01214	0.01380	0.09494	0.05507	0.02944	0.03972	0.00554	0.00153	0.00640	0.00502	0.00298	0.02648
25	0.00944	0.00816	0.01328	0.47957	0.11105	0.00934	0.01139	0.01171	0.00995	0.01323	0.04649	0.07593	0.01113	0.00775	0.00720	0.12050	0.00572	0.00539	0.00264	0.04013
26	0.06582	0.04300	0.01520	0.04331	0.01611	0.27853	0.10836	0.06313	0.11928	0.02640	0.01132	0.04909	0.00941	0.00573	0.00505	0.00145	0.02712	0.00456	0.00328	0.10384
27	0.01438	0.04730	0.01145	0.03567	0.01271	0.06222	0.00766	0.12341	0.08144	0.20532	0.08280	0.06539	0.07027	0.00835	0.00538	0.00165	0.00459	0.11366	0.00482	0.04152
28	0.00859	0.00648	0.00799	0.00731	0.00939	0.00561	0.00541	0.01069	0.04117	0.04405	0.08793	0.35359	0.05315	0.01154	0.04220	0.00182	0.00372	0.00889	0.00419	0.28628
29	0.01762	0.01067	0.01252	0.00951	0.01359	0.01023	0.00778	0.27172	0.05194	0.28457	0.01428	0.01370	0.00993	0.00552	0.00470	0.00133	0.00455	0.00435	0.00489	0.24661

[dist]
# distance from previous block
# <min> <max>
3	18

[block]
# block no. 6 follows, 49 sequences, length 21
# corresponding to MSA columns:
# 905-925
name=unknown_G
#
# <colnr> <probs for GDERKNQSTAVLIFYWHMCP>
#	G	D	E	R	K	N	Q	S	T	A	V	L	I	F	Y	W	H	M	C	P
0	0.01317	0.02694	0.10869	0.07465	0.08903	0.01149	0.10967	0.05720	0.26793	0.10378	0.01457	0.01534	0.01081	0.00625	0.00579	0.04168	0.00551	0.00504	0.02516	0.00732
1	0.43843	0.01123	0.01066	0.05937	0.04927	0.11550	0.04053	0.01429	0.00978	0.01798	0.03063	0.04358	0.00932	0.07501	0.00658	0.00188	0.05324	0.00426	0.00302	0.00544
2	0.06644	0.11998	0.04459	0.04792	0.01442	0.09145	0.00890	0.12656	0.25233	0.05413	0.01332	0.02586	0.01044	0.00727	0.02272	0.03878	0.03956	0.00457	0.00385	0.00692
3	0.01278	0.04302	0.06590	0.02469	0.07263	0.05637	0.08833	0.05490	0.03364	0.12445	0.06523	0.02764	0.06258	0.02276	0.04844	0.00181	0.00565	0.00520	0.00369	0.18029
4	0.07498	0.04789	0.31605	0.05009	0.11571	0.01168	0.10515	0.05235	0.02931	0.10529	0.01087	0.01269	0.00804	0.02277	0.01426	0.00172	0.00653	0.00435	0.00301	0.00726
5	0.00965	0.09402	0.49925	0.01194	0.01730	0.01084	0.02983	0.01383	0.01013	0.01445	0.01264	0.01588	0.05668	0.08012	0.09981	0.00261	0.00749	0.00463	0.00245	0.00644
6	0.04446	0.01046	0.10894	0.12347	0.06176	0.02536	0.00989	0.03277	0.02810	0.12633	0.09307	0.07895	0.04605	0.02699	0.00647	0.00184	0.04303	0.12201	0.00396	0.00609
7	0.01264	0.01440	0.14574	0.05456	0.27077	0.04251	0.16746	0.03061	0.07360	0.06404	0.01183	0.01523	0.00942	0.00542	0.00551	0.00163	0.02372	0.04054	0.00303	0.00733
8	0.01213	0.01259	0.02677	0.01934	0.02401	0.01176	0.66168	0.01604	0.01210	0.06256	0.04664	0.04694	0.01079	0.00512	0.00593	0.00171	0.00777	0.00639	0.00300	0.00673
9	0.00902	0.00552	0.00746	0.00731	0.02474	0.00519	0.00528	0.01077	0.01255	0.09944	0.45821	0.12296	0.03469	0.01252	0.05440	0.07543	0.00357	0.00843	0.03758	0.00493
10	0.10457	0.16027	0.31218	0.01257	0.06422	0.03387	0.03880	0.01540	0.01095	0.06219	0.02759	0.03622	0.01073	0.00611	0.00470	0.00158	0.00601	0.08241	0.00294	0.00668
11	0.01133	0.00715	0.01045	0.10679	0.04380	0.00703	0.04331	0.04308	0.01181	0.18110	0.04193	0.30602	0.07010	0.03064	0.00633	0.00190	0.00431	0.06264	0.00454	0.00575
12	0.00878	0.00439	0.00659	0.00659	0.00659	0.00439	0.00439	0.00659	0.00659	0.00878	0.00878	0.01537	0.00878	0.01757	0.01976	0.85288	0.00439	0.00439	0.00220	0.00220
13	0.01223	0.01084	0.01826	0.11832	0.54705	0.01096	0.03987	0.01514	0.01156	0.06407	0.01297	0.01718	0.04339	0.00560	0.00521	0.00159	0.00584	0.04963	0.00293	0.00736
14	0.01325	0.01226	0.05228	0.13618	0.47866	0.02975	0.03498	0.04618	0.04832	0.08273	0.01091	0.01321	0.00847	0.00493	0.00504	0.00155	0.00606	0.00459	0.00300	0.00764
15	0.00762	0.00496	0.00712	0.00725	0.00779	0.00539	0.00526	0.00816	0.00795	0.01127	0.01420	0.10882	0.01439	0.08729	0.41328	0.22931	0.00880	0.00626	0.04111	0.00376
16	0.00607	0.00488	0.00542	0.00581	0.00702	0.00423	0.00416	0.00725	0.01098	0.01360	0.06548	0.30966	0.51018	0.01376	0.00614	0.00182	0.00268	0.01188	0.00472	0.00423
17	0.01527	0.03299	0.09338	0.09990	0.10629	0.04058	0.11876	0.08135	0.05998	0.23562	0.02923	0.02709	0.01070	0.01935	0.00549	0.00164	0.00591	0.00507	0.00397	0.00742
18	0.06113	0.00484	0.00654	0.00649	0.00672	0.00497	0.00434	0.00731	0.00689	0.00991	0.00992	0.01772	0.01015	0.13666	0.04991	0.64192	0.00479	0.00477	0.00240	0.00262
19	0.01014	0.02616	0.79609	0.01441	0.02189	0.01174	0.01868	0.01601	0.01068	0.01601	0.00907	0.01068	0.00641	0.00480	0.00480	0.00160	0.00747	0.00374	0.00214	0.00747
20	0.01175	0.01532	0.20504	0.06858	0.51525	0.01196	0.06770	0.01554	0.01127	0.01618	0.00943	0.01221	0.00754	0.00459	0.00503	0.00155	0.00657	0.00442	0.00241	0.00767

[dist]
# distance from previous block
# <min> <max>
0	1

[block]
# block no. 7 follows, 49 sequences, length 9
# corresponding to MSA columns:
# 927-935
name=unknown_H
#
# <colnr> <probs for GDERKNQSTAVLIFYWHMCP>
#	G	D	E	R	K	N	Q	S	T	A	V	L	I	F	Y	W	H	M	C	P
0	0.17245	0.04146	0.15449	0.01164	0.03880	0.05737	0.02756	0.26554	0.06648	0.09990	0.01145	0.01185	0.00825	0.00547	0.00460	0.00154	0.00565	0.00410	0.00393	0.00750
1	0.01733	0.25705	0.01787	0.01176	0.01486	0.57463	0.00945	0.01872	0.01315	0.01224	0.00759	0.00883	0.00651	0.00495	0.00418	0.00124	0.00804	0.00310	0.00248	0.00604
2	0.01049	0.00899	0.01049	0.00749	0.01198	0.00674	0.00599	0.01273	0.01049	0.01648	0.00899	0.01049	0.00749	0.00374	0.00374	0.00075	0.00374	0.00300	0.00300	0.85320
3	0.00782	0.00652	0.01009	0.00955	0.01068	0.00654	0.10857	0.03224	0.03716	0.01417	0.02361	0.61458	0.02715	0.01330	0.00685	0.00199	0.04796	0.01211	0.00430	0.00482
4	0.03186	0.09521	0.09573	0.34172	0.07776	0.01067	0.03558	0.01285	0.01108	0.01516	0.16831	0.03656	0.01581	0.00649	0.00535	0.02004	0.00558	0.00541	0.00301	0.00582
5	0.00940	0.00715	0.00799	0.00772	0.00940	0.00738	0.00568	0.05569	0.22982	0.04707	0.02915	0.27371	0.20163	0.07532	0.00736	0.00205	0.00350	0.00959	0.00478	0.00559
6	0.01287	0.16076	0.36840	0.04627	0.08223	0.01319	0.03985	0.05773	0.01166	0.10029	0.01000	0.01140	0.00740	0.00514	0.00530	0.00153	0.05189	0.00395	0.00280	0.00732
7	0.04702	0.42473	0.07985	0.01044	0.03891	0.04562	0.00950	0.06420	0.05870	0.09679	0.02836	0.01123	0.00879	0.00528	0.00470	0.00135	0.05087	0.00366	0.00310	0.00690
8	0.07727	0.11186	0.07280	0.04380	0.05361	0.03983	0.11772	0.01712	0.12998	0.10118	0.04985	0.03470	0.03690	0.00799	0.05142	0.00196	0.03658	0.00520	0.00357	0.00665

[dist]
# distance from previous block
# <min> <max>
0	5

[block]
# block no. 8 follows, 49 sequences, length 36
# corresponding to MSA columns:
# 941-976
name=unknown_I
#
# <colnr> <probs for GDERKNQSTAVLIFYWHMCP>
#	G	D	E	R	K	N	Q	S	T	A	V	L	I	F	Y	W	H	M	C	P
0	0.01062	0.00874	0.05592	0.00909	0.01128	0.00815	0.02759	0.08367	0.18944	0.08013	0.06268	0.33652	0.05472	0.01124	0.02400	0.00195	0.00415	0.00926	0.00475	0.00610
