[name]
unknown

[dist]
# distance from previous block
# <min> <max>
28	277

[block]
# block no. 0 follows, 59 sequences, length 22
# corresponding to MSA columns:
# 467-488
name=unknown_A
#
# <colnr> <probs for GDERKNQSTAVLIFYWHMCP>
#	G	D	E	R	K	N	Q	S	T	A	V	L	I	F	Y	W	H	M	C	P
0	0.06063	0.11643	0.07059	0.05238	0.26053	0.06820	0.00972	0.04165	0.04045	0.03767	0.02689	0.03272	0.03388	0.01935	0.00486	0.00137	0.03866	0.03374	0.00267	0.04762
1	0.00861	0.04900	0.16132	0.04124	0.08733	0.02158	0.03741	0.01167	0.05650	0.03264	0.12781	0.12602	0.04224	0.02340	0.02102	0.00160	0.01767	0.06390	0.00319	0.06585
2	0.00990	0.01032	0.08458	0.16910	0.09497	0.10316	0.00871	0.07270	0.02991	0.03831	0.15452	0.04778	0.09658	0.00628	0.00454	0.00135	0.00462	0.00529	0.00321	0.05417
3	0.04965	0.15060	0.09579	0.02885	0.03529	0.09852	0.03750	0.04537	0.13805	0.08435	0.01075	0.01329	0.00883	0.02237	0.00568	0.00145	0.10289	0.04742	0.00297	0.02039
4	0.03784	0.00651	0.00988	0.23787	0.13251	0.00688	0.00808	0.01060	0.00931	0.09752	0.02923	0.34588	0.01690	0.00846	0.00489	0.00157	0.00405	0.02375	0.00334	0.00493
5	0.00538	0.00384	0.00512	0.00615	0.00641	0.00359	0.00410	0.00615	0.00846	0.01127	0.02434	0.84190	0.02921	0.01384	0.00564	0.00179	0.00256	0.01256	0.00410	0.00359
6	0.00907	0.00773	0.00907	0.00661	0.01041	0.00585	0.00531	0.01104	0.00920	0.01434	0.00850	0.01085	0.00733	0.00364	0.00339	0.00071	0.00330	0.03528	0.00268	0.83567
7	0.00552	0.00458	0.00479	0.00472	0.00612	0.00396	0.00351	0.00696	0.02755	0.01267	0.13981	0.04023	0.67046	0.04243	0.00586	0.00158	0.00232	0.00895	0.00415	0.00381
8	0.01051	0.01003	0.01707	0.10039	0.71770	0.01020	0.01312	0.01310	0.00989	0.01403	0.00881	0.03909	0.00765	0.00431	0.00442	0.00134	0.00521	0.00423	0.00223	0.00669
9	0.05968	0.08296	0.01083	0.00916	0.05020	0.02817	0.00690	0.04119	0.38476	0.01657	0.12615	0.07620	0.01615	0.00665	0.00512	0.00146	0.06272	0.00537	0.00384	0.00593
10	0.05929	0.02589	0.02787	0.08748	0.22685	0.03598	0.02534	0.07224	0.01083	0.14464	0.03454	0.14370	0.01180	0.00602	0.00441	0.00136	0.00443	0.00526	0.00329	0.06877
11	0.10479	0.23600	0.17419	0.03382	0.04435	0.04121	0.07725	0.07084	0.09535	0.03062	0.00867	0.00978	0.00678	0.00450	0.00430	0.00130	0.04424	0.00341	0.00256	0.00604
12	0.74881	0.00869	0.00792	0.05205	0.08526	0.00996	0.00600	0.01295	0.00782	0.01886	0.00644	0.00777	0.00505	0.00410	0.00298	0.00137	0.00372	0.00262	0.00264	0.00500
13	0.02741	0.00812	0.09115	0.07901	0.12170	0.00688	0.03127	0.01052	0.06856	0.01334	0.09637	0.13789	0.14073	0.05608	0.00639	0.04325	0.00395	0.01929	0.00321	0.03488
14	0.00608	0.00629	0.08062	0.00639	0.00805	0.00468	0.03318	0.00771	0.01002	0.01308	0.18328	0.20227	0.35825	0.01056	0.00558	0.02704	0.00294	0.02596	0.00391	0.00407
15	0.00906	0.00958	0.08925	0.06858	0.03074	0.03688	0.14608	0.03899	0.04326	0.03599	0.06486	0.08328	0.09833	0.04159	0.04459	0.00180	0.04220	0.02006	0.00303	0.09185
16	0.04557	0.00949	0.02905	0.14579	0.08635	0.02781	0.27022	0.01291	0.05781	0.02763	0.05282	0.02853	0.01002	0.00793	0.09326	0.00204	0.02707	0.02062	0.00263	0.04244
17	0.01123	0.02703	0.05756	0.12430	0.02567	0.09775	0.09447	0.06278	0.08502	0.10970	0.11532	0.05663	0.01356	0.03449	0.00564	0.03385	0.00488	0.00504	0.00335	0.03172
18	0.04210	0.05504	0.12782	0.04588	0.03591	0.03079	0.05141	0.03848	0.12522	0.06523	0.04006	0.02757	0.05013	0.00566	0.00458	0.00132	0.03237	0.05066	0.03536	0.13440
19	0.03824	0.02419	0.20057	0.08624	0.08245	0.04246	0.02364	0.02808	0.05720	0.13444	0.08368	0.03806	0.05751	0.04665	0.00528	0.00151	0.00472	0.00479	0.00321	0.03709
20	0.01104	0.05488	0.14138	0.04791	0.18615	0.04012	0.04646	0.05604	0.02982	0.09204	0.05178	0.05345	0.01027	0.00506	0.00426	0.00126	0.00482	0.01739	0.00294	0.14292
21	0.04369	0.21689	0.10370	0.01156	0.14430	0.01088	0.03534	0.06629	0.05701	0.05606	0.05385	0.07095	0.02182	0.00524	0.00400	0.00123	0.00447	0.00434	0.00290	0.08550

[dist]
# distance from previous block
# <min> <max>
23	131

[block]
# block no. 1 follows, 59 sequences, length 22
# corresponding to MSA columns:
# 634-655
name=unknown_B
#
# <colnr> <probs for GDERKNQSTAVLIFYWHMCP>
#	G	D	E	R	K	N	Q	S	T	A	V	L	I	F	Y	W	H	M	C	P
0	0.03209	0.09254	0.08950	0.02944	0.05227	0.02434	0.04359	0.02221	0.03115	0.02746	0.04350	0.23892	0.04968	0.08391	0.06002	0.00206	0.01661	0.00665	0.00306	0.05101
1	0.02524	0.00634	0.01911	0.00871	0.07624	0.00571	0.04176	0.01159	0.02449	0.18968	0.12804	0.20951	0.12737	0.02145	0.00556	0.02539	0.00338	0.03432	0.00408	0.03204
2	0.01110	0.03562	0.03212	0.04617	0.11281	0.02972	0.05399	0.13991	0.10063	0.05727	0.02746	0.08643	0.02749	0.00657	0.03084	0.00148	0.03589	0.00482	0.00328	0.15642
3	0.01016	0.03010	0.05287	0.38940	0.04591	0.03115	0.04051	0.01309	0.04364	0.11043	0.01115	0.04223	0.02063	0.02913	0.01667	0.00154	0.00519	0.01381	0.02583	0.06660
4	0.00996	0.03182	0.16084	0.18868	0.28166	0.02534	0.07691	0.01299	0.00968	0.03963	0.03094	0.01260	0.00806	0.00544	0.02947	0.00157	0.02798	0.02371	0.00231	0.02042
5	0.00993	0.06220	0.30258	0.06971	0.08918	0.03329	0.23217	0.01353	0.00986	0.03935	0.02891	0.03090	0.00825	0.00534	0.02525	0.00155	0.00635	0.02334	0.00232	0.00600
6	0.01040	0.01020	0.06156	0.08925	0.20289	0.02384	0.17856	0.02480	0.09348	0.06806	0.04330	0.05986	0.04020	0.00603	0.01945	0.00156	0.05252	0.00514	0.00292	0.00597
7	0.00600	0.00456	0.00522	0.00560	0.00646	0.01802	0.00396	0.00700	0.00939	0.02784	0.09127	0.38309	0.30538	0.07287	0.00665	0.00183	0.00270	0.03438	0.00405	0.00373
8	0.00942	0.01253	0.22970	0.10370	0.01742	0.02882	0.20285	0.05174	0.02683	0.04003	0.04141	0.08680	0.05410	0.02739	0.00527	0.00156	0.00557	0.04648	0.00282	0.00555
9	0.02857	0.06528	0.30594	0.07013	0.06947	0.04592	0.10183	0.08435	0.01074	0.07321	0.01029	0.05177	0.01894	0.00504	0.00445	0.01106	0.00563	0.00421	0.02708	0.00609
10	0.01337	0.02314	0.01286	0.09382	0.25789	0.00808	0.03530	0.01558	0.02204	0.32090	0.01371	0.07398	0.01089	0.03167	0.00507	0.00149	0.00445	0.02410	0.02526	0.00641
11	0.01061	0.01040	0.01845	0.10766	0.64045	0.01051	0.10986	0.01340	0.00998	0.01408	0.00834	0.01114	0.00685	0.00396	0.00448	0.00135	0.00558	0.00409	0.00217	0.00666
12	0.00978	0.06024	0.30757	0.03603	0.01406	0.06874	0.03218	0.05738	0.03826	0.04883	0.02186	0.10600	0.03447	0.05551	0.03305	0.00180	0.01645	0.04942	0.00284	0.00553
13	0.00959	0.03840	0.19513	0.13790	0.18051	0.01041	0.11923	0.03647	0.03444	0.01359	0.02376	0.05855	0.00863	0.02523	0.00593	0.00153	0.08792	0.00456	0.00236	0.00585
14	0.00536	0.00431	0.00479	0.00510	0.00620	0.00374	0.00370	0.00644	0.00972	0.01205	0.07570	0.27530	0.53091	0.01188	0.00536	0.00159	0.00237	0.02765	0.00414	0.00372
15	0.15117	0.00803	0.00989	0.00771	0.01103	0.00755	0.00637	0.07814	0.01246	0.63848	0.01519	0.01350	0.00973	0.00524	0.00418	0.00136	0.00379	0.00409	0.00497	0.00710
16	0.04949	0.05869	0.12438	0.06382	0.13325	0.06820	0.05885	0.16014	0.07509	0.07031	0.01222	0.04715	0.04844	0.00532	0.00434	0.00136	0.00511	0.00444	0.00313	0.00626
17	0.00637	0.00468	0.00569	0.00604	0.00686	0.00454	0.00430	0.02309	0.03694	0.03239	0.02761	0.48073	0.23090	0.03368	0.02626	0.00186	0.02878	0.01025	0.02507	0.00396
18	0.16128	0.00792	0.00909	0.00728	0.01018	0.00788	0.00595	0.15173	0.01266	0.40582	0.03874	0.01372	0.01033	0.00527	0.00397	0.00131	0.00359	0.00408	0.13276	0.00645
19	0.02471	0.01055	0.02375	0.03009	0.01314	0.04687	0.06042	0.32419	0.14446	0.07322	0.01394	0.03762	0.04260	0.00693	0.02977	0.00160	0.04174	0.04250	0.00389	0.02800
20	0.08959	0.04553	0.07358	0.07739	0.07463	0.04147	0.07321	0.06072	0.02277	0.19797	0.01363	0.14186	0.01196	0.00646	0.00452	0.00146	0.00463	0.04929	0.00350	0.00583
21	0.00598	0.00439	0.00525	0.00560	0.00658	0.00393	0.00410	0.00715	0.00976	0.03517	0.11738	0.32609	0.34620	0.02937	0.00578	0.00169	0.00258	0.07498	0.00419	0.00384

[dist]
# distance from previous block
# <min> <max>
0	1

[block]
# block no. 2 follows, 59 sequences, length 6
# corresponding to MSA columns:
# 657,658,660-663
name=unknown_C
#
# <colnr> <probs for GDERKNQSTAVLIFYWHMCP>
#	G	D	E	R	K	N	Q	S	T	A	V	L	I	F	Y	W	H	M	C	P
0	0.00698	0.00659	0.04908	0.00724	0.00842	0.05174	0.02542	0.04128	0.00979	0.01264	0.05188	0.50147	0.11460	0.01157	0.00539	0.00168	0.00338	0.08285	0.00387	0.00413
1	0.01407	0.07131	0.32286	0.01019	0.01473	0.05255	0.01071	0.11916	0.05172	0.27200	0.01161	0.01144	0.00794	0.00482	0.00421	0.00134	0.00523	0.00373	0.00349	0.00686
2	0.11074	0.41380	0.13779	0.00952	0.04287	0.11182	0.00893	0.06727	0.03723	0.01365	0.00727	0.00823	0.00600	0.00415	0.00338	0.00114	0.00522	0.00281	0.00230	0.00585
3	0.10799	0.00793	0.00885	0.00646	0.01025	0.00635	0.00518	0.01133	0.00897	0.01501	0.00766	0.00893	0.00634	0.00337	0.00321	0.00074	0.00329	0.00259	0.00263	0.77293
4	0.00980	0.08230	0.56321	0.01280	0.01828	0.01100	0.12566	0.01403	0.00942	0.04595	0.00818	0.00977	0.00598	0.00438	0.00492	0.00141	0.06097	0.00356	0.00207	0.00631
5	0.03539	0.06217	0.26190	0.01048	0.03489	0.08448	0.03956	0.09632	0.05801	0.04681	0.05884	0.13437	0.01254	0.00639	0.00466	0.00143	0.02099	0.02191	0.00307	0.00580

[dist]
# distance from previous block
# <min> <max>
6	10

[block]
# block no. 3 follows, 59 sequences, length 6
# corresponding to MSA columns:
# 677-682
name=unknown_D
#
# <colnr> <probs for GDERKNQSTAVLIFYWHMCP>
#	G	D	E	R	K	N	Q	S	T	A	V	L	I	F	Y	W	H	M	C	P
0	0.01117	0.08366	0.17116	0.11185	0.05037	0.00910	0.02965	0.07133	0.04904	0.15796	0.05375	0.09413	0.02987	0.00633	0.00453	0.00144	0.00467	0.05067	0.00339	0.00593
1	0.00778	0.00465	0.00606	0.00635	0.00738	0.00423	0.00467	0.00894	0.00969	0.13566	0.06318	0.48208	0.13942	0.01178	0.00542	0.00169	0.00283	0.08957	0.00434	0.00428
2	0.00919	0.04426	0.09816	0.12176	0.02743	0.00724	0.00753	0.02881	0.00936	0.11162	0.03259	0.20674	0.02850	0.07012	0.05200	0.00202	0.04667	0.02613	0.06497	0.00490
3	0.01048	0.07004	0.17280	0.02962	0.11347	0.02804	0.06683	0.08991	0.04479	0.06863	0.03701	0.07011	0.04687	0.00664	0.00470	0.00148	0.00492	0.12462	0.00320	0.00585
4	0.00633	0.00489	0.00642	0.00743	0.06578	0.00463	0.00507	0.00770	0.00963	0.01268	0.14740	0.20588	0.21803	0.09825	0.03678	0.00212	0.00339	0.14976	0.00386	0.00396
5	0.07951	0.05096	0.00902	0.00746	0.00939	0.05563	0.00593	0.17788	0.01175	0.09028	0.03467	0.12346	0.01423	0.07013	0.06393	0.00203	0.00453	0.08926	0.09479	0.00515

[dist]
# distance from previous block
# <min> <max>
4	38

[block]
# block no. 4 follows, 59 sequences, length 28
# corresponding to MSA columns:
# 721-748
name=unknown_E
#
# <colnr> <probs for GDERKNQSTAVLIFYWHMCP>
#	G	D	E	R	K	N	Q	S	T	A	V	L	I	F	Y	W	H	M	C	P
0	0.00799	0.01593	0.05673	0.02928	0.03021	0.00612	0.02767	0.05870	0.02589	0.04514	0.25466	0.11576	0.14060	0.04616	0.02090	0.00169	0.01247	0.05448	0.00390	0.04573
1	0.01258	0.03160	0.01135	0.02490	0.03510	0.03206	0.03273	0.12701	0.38210	0.12213	0.01586	0.01611	0.03703	0.00577	0.00443	0.00139	0.00405	0.03209	0.00414	0.06758
2	0.05291	0.00601	0.03753	0.00589	0.00755	0.00537	0.00473	0.00992	0.10508	0.01586	0.39176	0.03191	0.29120	0.00894	0.00496	0.00143	0.00254	0.00760	0.00434	0.00448
3	0.02536	0.00874	0.03426	0.33305	0.20277	0.00922	0.06457	0.03971	0.02141	0.03473	0.05650	0.01490	0.03910	0.04971	0.00564	0.00157	0.02286	0.00457	0.02587	0.00546
4	0.02694	0.00997	0.01697	0.02425	0.68113	0.00993	0.05316	0.01306	0.01010	0.01449	0.03105	0.01414	0.02659	0.00464	0.00451	0.00136	0.00512	0.04358	0.00241	0.00661
5	0.00599	0.00416	0.00540	0.00617	0.00661	0.00395	0.00420	0.00706	0.02677	0.03208	0.02389	0.68643	0.05757	0.06697	0.02146	0.00202	0.00291	0.02859	0.00402	0.00373
6	0.05073	0.00705	0.00887	0.00720	0.00987	0.00652	0.00580	0.08855	0.01274	0.46745	0.15944	0.05156	0.07652	0.00677	0.00459	0.00139	0.00336	0.00561	0.01967	0.00632
7	0.00699	0.00525	0.00627	0.00657	0.00772	0.00517	0.00509	0.05097	0.07222	0.01367	0.04418	0.26443	0.21975	0.02708	0.00571	0.00174	0.00307	0.21225	0.03762	0.00424
8	0.03653	0.00524	0.00690	0.00650	0.00798	0.00479	0.02559	0.01025	0.01059	0.16927	0.21105	0.27025	0.15405	0.01000	0.00516	0.00156	0.00287	0.05235	0.00445	0.00463
9	0.01581	0.01120	0.01221	0.00963	0.01291	0.01229	0.00786	0.56524	0.16566	0.10492	0.02811	0.01256	0.00961	0.00552	0.00445	0.00136	0.00444	0.00429	0.00455	0.00735
10	0.00723	0.00625	0.02485	0.00891	0.01036	0.00577	0.15172	0.02928	0.03133	0.02525	0.06030	0.50842	0.02366	0.01085	0.00547	0.00170	0.00374	0.07670	0.00379	0.00440
11	0.00714	0.00472	0.00613	0.00654	0.00744	0.00451	0.00486	0.00901	0.05005	0.07028	0.14503	0.44784	0.05573	0.01160	0.00544	0.00170	0.00284	0.13450	0.02044	0.00422
12	0.01223	0.01446	0.35438	0.01076	0.02944	0.00899	0.04698	0.03057	0.07335	0.23385	0.03214	0.01235	0.00887	0.00490	0.00469	0.00137	0.03727	0.00395	0.01911	0.06035
13	0.00590	0.00443	0.00546	0.00535	0.00642	0.00400	0.00396	0.00760	0.01146	0.01558	0.53780	0.12327	0.23240	0.01009	0.00526	0.00146	0.00217	0.00881	0.00459	0.00400
14	0.00633	0.00437	0.00526	0.00529	0.00551	0.00449	0.00330	0.00670	0.00675	0.00910	0.01493	0.04922	0.04522	0.63018	0.18096	0.00467	0.00566	0.00636	0.00271	0.00299
15	0.01027	0.00958	0.01595	0.07532	0.60563	0.00969	0.03218	0.04308	0.01041	0.01464	0.04976	0.06883	0.02492	0.00507	0.00454	0.00137	0.00494	0.00485	0.00256	0.00643
16	0.03987	0.76869	0.02200	0.00766	0.01139	0.01700	0.00752	0.06219	0.00966	0.01178	0.00642	0.00731	0.00575	0.00388	0.00293	0.00098	0.00469	0.00246	0.00207	0.00575
17	0.00539	0.00432	0.00483	0.00504	0.00616	0.00375	0.00365	0.00655	0.00998	0.01252	0.13973	0.24393	0.51548	0.01158	0.00532	0.00155	0.00230	0.00997	0.00420	0.00375
18	0.00787	0.00506	0.00591	0.00570	0.00722	0.00454	0.00426	0.00967	0.05269	0.13592	0.09250	0.22347	0.40752	0.01050	0.00516	0.00154	0.00260	0.00900	0.00439	0.00448
19	0.00916	0.00785	0.00916	0.00654	0.01047	0.00589	0.00523	0.01112	0.00916	0.01439	0.00785	0.00916	0.00654	0.00327	0.00327	0.00065	0.00327	0.00262	0.00262	0.87178
20	0.58339	0.01040	0.06779	0.00737	0.01057	0.01068	0.00650	0.18209	0.03195	0.04231	0.00784	0.00852	0.00582	0.00445	0.00329	0.00136	0.00396	0.00292	0.00315	0.00562
21	0.00632	0.00471	0.00698	0.00698	0.00772	0.00545	0.00537	0.00781	0.00706	0.01016	0.01194	0.01797	0.01131	0.07637	0.78440	0.00695	0.01143	0.00482	0.00238	0.00388
22	0.00945	0.00950	0.07068	0.51196	0.13243	0.02238	0.03048	0.01251	0.02404	0.04609	0.02332	0.01197	0.00714	0.00451	0.00455	0.00141	0.02103	0.00396	0.01483	0.03776
23	0.00528	0.00445	0.00457	0.00459	0.00601	0.00375	0.00342	0.00643	0.01013	0.01220	0.08277	0.07182	0.74717	0.01118	0.00523	0.00150	0.00224	0.00937	0.00414	0.00375
24	0.07199	0.00807	0.01290	0.66214	0.08301	0.00988	0.01151	0.01142	0.00873	0.01210	0.00806	0.03101	0.00644	0.00472	0.00474	0.00148	0.04069	0.00402	0.00208	0.00501
25	0.00988	0.02150	0.08281	0.00959	0.02748	0.00781	0.10847	0.06876	0.02525	0.06423	0.02984	0.12013	0.03001	0.00609	0.00482	0.00126	0.04082	0.04670	0.00314	0.29141
26	0.00755	0.00603	0.00867	0.05328	0.01030	0.00591	0.07214	0.00977	0.06571	0.04210	0.07778	0.39537	0.06980	0.00973	0.00561	0.01270	0.03758	0.00856	0.00368	0.09775
27	0.04106	0.07277	0.07212	0.00957	0.01285	0.03424	0.02913	0.22118	0.37533	0.04494	0.01328	0.01287	0.00987	0.00528	0.00425	0.00137	0.00439	0.00420	0.00390	0.02740

[dist]
# distance from previous block
# <min> <max>
1	4

[block]
# block no. 5 follows, 59 sequences, length 13
# corresponding to MSA columns:
# 753-765
name=unknown_F
#
# <colnr> <probs for GDERKNQSTAVLIFYWHMCP>
#	G	D	E	R	K	N	Q	S	T	A	V	L	I	F	Y	W	H	M	C	P
0	0.08726	0.03479	0.14174	0.06535	0.08350	0.04288	0.04795	0.17137	0.05048	0.14270	0.02275	0.01346	0.00891	0.00523	0.00450	0.00140	0.01991	0.04608	0.00336	0.00638
1	0.01107	0.01160	0.18756	0.01113	0.03249	0.02973	0.13785	0.01516	0.10435	0.16125	0.09776	0.01948	0.03173	0.00626	0.00512	0.00150	0.03194	0.09450	0.00352	0.00600
2	0.01062	0.01081	0.04442	0.12256	0.55368	0.04159	0.04051	0.01400	0.06408	0.01411	0.00935	0.01254	0.00779	0.00443	0.00445	0.00137	0.00539	0.02942	0.00237	0.00652
3	0.00623	0.00471	0.00631	0.00624	0.00722	0.00443	0.02633	0.00826	0.04036	0.01506	0.43350	0.28580	0.09072	0.01054	0.00535	0.00155	0.00251	0.03632	0.00446	0.00410
4	0.04174	0.01037	0.01359	0.10473	0.24150	0.01128	0.00971	0.37636	0.03252	0.01992	0.00941	0.01110	0.00725	0.00571	0.00552	0.08076	0.00491	0.00392	0.00324	0.00647
5	0.01071	0.02897	0.01809	0.05059	0.64217	0.01095	0.07092	0.01325	0.00972	0.01387	0.00806	0.01083	0.00680	0.00428	0.00533	0.00138	0.08130	0.00399	0.00215	0.00663
6	0.03869	0.18373	0.42178	0.01415	0.01929	0.01413	0.01412	0.01858	0.03510	0.10562	0.01559	0.01999	0.01313	0.00867	0.00658	0.00242	0.00738	0.04727	0.00455	0.00924
7	0.00791	0.00633	0.00741	0.00688	0.00845	0.00673	0.00527	0.01365	0.29984	0.01699	0.41147	0.02612	0.07099	0.01025	0.07998	0.00196	0.00349	0.00668	0.00446	0.00514
8	0.01053	0.00868	0.03235	0.16933	0.29500	0.00859	0.06539	0.03816	0.00997	0.11223	0.01198	0.11776	0.01086	0.08224	0.00626	0.00169	0.00493	0.00538	0.00290	0.00578
9	0.01062	0.03443	0.06039	0.17044	0.37635	0.03221	0.06194	0.01348	0.02272	0.05972	0.03029	0.01227	0.00824	0.00440	0.00428	0.00132	0.00515	0.00407	0.08156	0.00612
10	0.00671	0.00533	0.00750	0.09444	0.03183	0.00546	0.03029	0.00890	0.07374	0.01232	0.06801	0.44156	0.04788	0.08699	0.00690	0.00192	0.00343	0.05894	0.00371	0.00415
11	0.00879	0.00757	0.01195	0.47235	0.02171	0.00877	0.05304	0.08285	0.02252	0.01361	0.10351	0.02940	0.01177	0.00761	0.05009	0.05128	0.00549	0.03011	0.00270	0.00488
12	0.07160	0.11426	0.18107	0.01080	0.03172	0.13855	0.10398	0.03890	0.06049	0.03544	0.03557	0.02404	0.00904	0.03594	0.07709	0.00193	0.00624	0.01513	0.00262	0.00560

[dist]
# distance from previous block
# <min> <max>
0	2

[block]
# block no. 6 follows, 59 sequences, length 7
# corresponding to MSA columns:
# 768-774
name=unknown_G
#
# <colnr> <probs for GDERKNQSTAVLIFYWHMCP>
#	G	D	E	R	K	N	Q	S	T	A	V	L	I	F	Y	W	H	M	C	P
0	0.13064	0.00585	0.00645	0.00630	0.00713	0.04402	0.00454	0.00849	0.00713	0.01097	0.01131	0.01916	0.01143	0.29802	0.36856	0.04148	0.00759	0.00484	0.00250	0.00361
1	0.09738	0.02139	0.73866	0.01190	0.01804	0.01022	0.01514	0.01388	0.00914	0.01458	0.00774	0.00911	0.00551	0.00419	0.00405	0.00140	0.00621	0.00317	0.00195	0.00635
2	0.09987	0.03879	0.16826	0.02925	0.06081	0.09756	0.25054	0.05551	0.03814	0.06268	0.00914	0.01087	0.00690	0.00569	0.04534	0.00166	0.00641	0.00398	0.00259	0.00599
3	0.32718	0.00951	0.01001	0.06024	0.03715	0.05614	0.04195	0.09311	0.13198	0.10224	0.01235	0.01373	0.04497	0.00532	0.00393	0.00141	0.00423	0.03534	0.00346	0.00575
4	0.00558	0.00397	0.00524	0.00614	0.00645	0.00374	0.00416	0.00642	0.00858	0.01147	0.05844	0.70910	0.02866	0.07071	0.00680	0.00196	0.00274	0.05224	0.00403	0.00358
5	0.00565	0.00410	0.00533	0.00585	0.00644	0.00379	0.00407	0.00687	0.00988	0.01341	0.28240	0.52618	0.08544	0.01210	0.00547	0.00164	0.00239	0.01086	0.00435	0.00379
6	0.04683	0.00991	0.01365	0.11445	0.18072	0.01075	0.06326	0.24161	0.09629	0.06406	0.01169	0.03245	0.02656	0.02106	0.02098	0.00157	0.02991	0.00449	0.00335	0.00640

[dist]
# distance from previous block
# <min> <max>
0	3

[block]
# block no. 7 follows, 59 sequences, length 16
# corresponding to MSA columns:
# 778-793
name=unknown_H
#
# <colnr> <probs for GDERKNQSTAVLIFYWHMCP>
#	G	D	E	R	K	N	Q	S	T	A	V	L	I	F	Y	W	H	M	C	P
0	0.20806	0.00901	0.01084	0.00902	0.01129	0.08094	0.12673	0.07084	0.02421	0.04663	0.09412	0.02951	0.03022	0.01036	0.14834	0.00238	0.03671	0.00457	0.04115	0.00505
1	0.00669	0.00515	0.00738	0.00726	0.00810	0.00604	0.00563	0.00884	0.05460	0.01069	0.01209	0.01749	0.01121	0.06067	0.72447	0.00651	0.03581	0.00478	0.00249	0.00410
2	0.01015	0.02596	0.03388	0.05086	0.39339	0.01017	0.17291	0.02960	0.05735	0.01424	0.02471	0.05820	0.00950	0.00611	0.03692	0.00165	0.03769	0.01799	0.00254	0.00619
3	0.05288	0.02532	0.01289	0.07595	0.15018	0.07540	0.09200	0.03417	0.03369	0.13119	0.01212	0.06660	0.02367	0.10187	0.01821	0.00184	0.06595	0.01749	0.00303	0.00552
4	0.00644	0.00479	0.00681	0.00681	0.00753	0.00546	0.00513	0.00812	0.03226	0.01032	0.01275	0.04769	0.01244	0.14252	0.66275	0.00635	0.01021	0.00524	0.00254	0.00385
5	0.00581	0.00440	0.00540	0.00589	0.00665	0.00414	0.00413	0.00754	0.05683	0.01278	0.14477	0.51241	0.18865	0.01213	0.00542	0.00166	0.00248	0.01078	0.00424	0.00390
6	0.03010	0.03181	0.18455	0.03291	0.18623	0.02640	0.34309	0.04236	0.02954	0.01463	0.00909	0.03238	0.00721	0.00427	0.00465	0.00141	0.00632	0.00449	0.00233	0.00624
7	0.00977	0.04538	0.06387	0.10822	0.18215	0.06865	0.02995	0.03797	0.02345	0.02803	0.01347	0.11488	0.07044	0.02113	0.00640	0.00156	0.12809	0.03850	0.00273	0.00536
8	0.00562	0.00396	0.00505	0.00590	0.00635	0.00368	0.00404	0.00655	0.00871	0.01176	0.02552	0.68465	0.10186	0.01292	0.00543	0.00172	0.00254	0.03394	0.06613	0.00365
9	0.06602	0.01594	0.39337	0.01060	0.01502	0.07446	0.04790	0.03180	0.06578	0.10528	0.02922	0.03485	0.04753	0.00594	0.02224	0.00153	0.00560	0.01795	0.00289	0.00608
10	0.06020	0.04851	0.05699	0.07510	0.21704	0.01017	0.14426	0.10742	0.02952	0.12608	0.04285	0.01338	0.03887	0.00484	0.00443	0.00137	0.00508	0.00442	0.00312	0.00636
11	0.00751	0.00685	0.06494	0.05596	0.00961	0.02684	0.00596	0.02183	0.06430	0.04370	0.04271	0.33660	0.12122	0.07430	0.04066	0.00204	0.01597	0.03556	0.01907	0.00439
12	0.01121	0.00821	0.07788	0.00779	0.01029	0.00700	0.02434	0.10328	0.08968	0.20511	0.15655	0.14142	0.10570	0.00781	0.00481	0.00145	0.00352	0.00668	0.02156	0.00571
13	0.03905	0.01016	0.01480	0.13158	0.37808	0.05659	0.04576	0.08339	0.02405	0.06765	0.04748	0.01324	0.00923	0.02145	0.00500	0.00143	0.02308	0.01895	0.00279	0.00624
14	0.06814	0.07431	0.01419	0.03207	0.14388	0.07193	0.11194	0.11385	0.02971	0.10184	0.04162	0.04684	0.03655	0.00596	0.02408	0.00145	0.00505	0.01585	0.00319	0.05756
15	0.08552	0.04458	0.00993	0.03066	0.06097	0.06180	0.03128	0.09954	0.01022	0.03958	0.04224	0.10841	0.04004	0.02931	0.06134	0.10116	0.01889	0.03421	0.02799	0.06232

[dist]
# distance from previous block
# <min> <max>
0	34

[block]
# block no. 8 follows, 59 sequences, length 10
# corresponding to MSA columns:
# 828-837
name=unknown_I
#
# <colnr> <probs for GDERKNQSTAVLIFYWHMCP>
#	G	D	E	R	K	N	Q	S	T	A	V	L	I	F	Y	W	H	M	C	P
0	0.14920	0.03094	0.07448	0.07043	0.08677	0.03859	0.06404	0.21115	0.02440	0.07486	0.05056	0.02606	0.00898	0.00498	0.00436	0.00134	0.02281	0.00401	0.00324	0.04880
1	0.00576	0.00420	0.00550	0.02834	0.00705	0.00408	0.00432	0.00667	0.00844	0.01117	0.04446	0.52724	0.09000	0.12642	0.06080	0.00244	0.00352	0.05224	0.00376	0.00358
2	0.19025	0.01041	0.05608	0.01037	0.06966	0.06038	0.08097	0.13084	0.01144	0.16766	0.01078	0.03338	0.00834	0.01888	0.04542	0.00166	0.00504	0.01332	0.01652	0.05860
3	0.02873	0.02337	0.17560	0.04838	0.06678	0.04382	0.03612	0.10360	0.06596	0.05446	0.05351	0.06140	0.10919	0.00651	0.00528	0.00145	0.06580	0.02236	0.00320	0.02450
4	0.00698	0.00479	0.00574	0.00553	0.00669	0.00445	0.00407	0.00887	0.04203	0.05872	0.35326	0.09444	0.22098	0.10545	0.00711	0.00178	0.00261	0.02834	0.03401	0.00414
5	0.04122	0.00774	0.00981	0.00768	0.01077	0.00720	0.00630	0.12043	0.01329	0.58736	0.06518	0.01546	0.01225	0.00560	0.00434	0.00134	0.00366	0.00452	0.06888	0.00698
6	0.00656	0.00509	0.00586	0.00590	0.00690	0.03217	0.00428	0.00831	0.03538	0.02871	0.33528	0.25864	0.18170	0.03047	0.03271	0.00177	0.00289	0.00904	0.00428	0.00406
7	0.01052	0.01011	0.01605	0.24134	0.30915	0.05213	0.12473	0.04420	0.05408	0.02739	0.00994	0.04448	0.00831	0.00483	0.00458	0.00142	0.00561	0.02262	0.00252	0.00601
8	0.00958	0.00494	0.00538	0.00500	0.00637	0.00490	0.00383	0.05967	0.01042	0.09073	0.05886	0.05419	0.01353	0.00579	0.00353	0.00113	0.00241	0.00473	0.65038	0.00462
9	0.00924	0.00537	0.00733	0.00733	0.02627	0.00500	0.02061	0.01060	0.00984	0.18909	0.03693	0.24266	0.12567	0.08121	0.04392	0.00213	0.00379	0.16425	0.00413	0.00463

[dist]
# distance from previous block
# <min> <max>
0	1

[block]
# block no. 9 follows, 59 sequences, length 26
# corresponding to MSA columns:
# 839-864
name=unknown_J
#
# <colnr> <probs for GDERKNQSTAVLIFYWHMCP>
#	G	D	E	R	K	N	Q	S	T	A	V	L	I	F	Y	W	H	M	C	P
0	0.05285	0.00635	0.03222	0.00605	0.02776	0.00615	0.00473	0.10470	0.02854	0.05560	0.01341	0.01488	0.01029	0.00509	0.00339	0.00113	0.00279	0.00402	0.61515	0.00492
1	0.04288	0.16349	0.22139	0.09991	0.01590	0.04967	0.04923	0.05088	0.15338	0.05769	0.01094	0.03785	0.01827	0.00497	0.00410	0.00134	0.00519	0.00400	0.00283	0.00609
2	0.00552	0.00393	0.00511	0.00602	0.00640	0.00365	0.00408	0.00640	0.00870	0.01166	0.04382	0.73786	0.07202	0.01327	0.00553	0.00175	0.00254	0.02632	0.03177	0.00363
3	0.00661	0.00452	0.00576	0.00628	0.00699	0.00427	0.00444	0.04029	0.00955	0.04596	0.07065	0.59551	0.09395	0.03473	0.00595	0.00179	0.00278	0.05184	0.00417	0.00396
4	0.00953	0.07318	0.07704	0.01051	0.12036	0.02657	0.02338	0.05822	0.13892	0.04531	0.19678	0.11842	0.06910	0.00722	0.00467	0.00141	0.00383	0.00624	0.00371	0.00559
5	0.01560	0.01038	0.02730	0.04344	0.02582	0.03235	0.00803	0.33053	0.10063	0.25434	0.03248	0.01375	0.01007	0.00569	0.00504	0.00141	0.05202	0.01982	0.00435	0.00696
6	0.00961	0.00680	0.00920	0.04487	0.07774	0.02573	0.00673	0.01152	0.03167	0.14228	0.24048	0.19303	0.02236	0.00853	0.00644	0.00156	0.12895	0.02352	0.00392	0.00504
7	0.00980	0.00818	0.00982	0.03384	0.01134	0.00735	0.02148	0.09666	0.07563	0.01564	0.02758	0.01230	0.00881	0.04168	0.03898	0.00132	0.01593	0.01341	0.00299	0.54726
8	0.00952	0.00983	0.05271	0.01103	0.01161	0.01240	0.00943	0.04469	0.00754	0.01149	0.00685	0.01062	0.00650	0.01055	0.11271	0.00251	0.65904	0.00395	0.00209	0.00492
9	0.00694	0.00468	0.00523	0.00508	0.00526	0.00475	0.00296	0.04580	0.00713	0.00952	0.01375	0.02800	0.01563	0.80326	0.02159	0.00414	0.00431	0.00630	0.00276	0.00292
10	0.01650	0.02105	0.01252	0.01138	0.01365	0.82705	0.00853	0.01764	0.01252	0.01081	0.00683	0.00796	0.00569	0.00455	0.00398	0.00114	0.00796	0.00284	0.00228	0.00512
11	0.00638	0.00444	0.00561	0.00561	0.00588	0.00471	0.00366	0.00693	0.00666	0.00915	0.01319	0.02489	0.01431	0.56280	0.30208	0.00526	0.00690	0.00584	0.00257	0.00312
12	0.01086	0.00876	0.01247	0.39747	0.02036	0.01059	0.00993	0.16192	0.01100	0.07225	0.03649	0.01285	0.00820	0.04177	0.00715	0.00164	0.16381	0.00421	0.00280	0.00545
13	0.05927	0.05631	0.14498	0.04628	0.04611	0.12026	0.04461	0.10612	0.17231	0.03003	0.03097	0.04519	0.02551	0.00539	0.00445	0.00136	0.02164	0.00430	0.00312	0.03178
14	0.01410	0.11785	0.15724	0.04584	0.03952	0.48097	0.01010	0.06119	0.01178	0.01243	0.00724	0.00850	0.00582	0.00442	0.00394	0.00119	0.00698	0.00300	0.00226	0.00562
15	0.00529	0.00420	0.00476	0.00521	0.00616	0.00367	0.00368	0.00626	0.00935	0.01164	0.03572	0.39589	0.46788	0.01236	0.00540	0.00163	0.00238	0.01075	0.00410	0.00367
16	0.00780	0.00488	0.00597	0.00596	0.00717	0.00447	0.00441	0.00924	0.03115	0.12393	0.09050	0.26359	0.25392	0.09342	0.00699	0.00187	0.00291	0.07336	0.00422	0.00426
17	0.07060	0.02971	0.01260	0.02625	0.11875	0.11461	0.07277	0.08629	0.11635	0.05761	0.09320	0.04886	0.02198	0.02918	0.00583	0.00150	0.08005	0.00483	0.00327	0.00574
18	0.00820	0.00546	0.00687	0.00700	0.04242	0.00518	0.00497	0.06007	0.01091	0.09472	0.20023	0.18174	0.19340	0.06894	0.02621	0.00185	0.00319	0.05333	0.02078	0.00452
19	0.00616	0.00441	0.00548	0.00580	0.00668	0.00405	0.00415	0.00765	0.02838	0.03784	0.22302	0.41036	0.20115	0.01161	0.00539	0.00161	0.00246	0.02548	0.00434	0.00397
20	0.00664	0.00461	0.00586	0.00558	0.00675	0.00419	0.00421	0.00850	0.01188	0.04986	0.60662	0.07412	0.15620	0.00952	0.00522	0.00144	0.00225	0.02761	0.00471	0.00421
21	0.05240	0.00916	0.02637	0.16879	0.09582	0.03783	0.03240	0.05267	0.02724	0.05975	0.00906	0.02588	0.00732	0.00536	0.03248	0.00135	0.03946	0.00362	0.00270	0.31033
22	0.04471	0.00807	0.01023	0.15865	0.09692	0.08976	0.05454	0.02979	0.00949	0.01239	0.02516	0.19605	0.07613	0.10512	0.02119	0.00194	0.00478	0.04754	0.00298	0.00457
23	0.00760	0.00493	0.00623	0.00654	0.00758	0.00470	0.00488	0.03134	0.04067	0.08842	0.04903	0.44660	0.12493	0.01156	0.00538	0.00169	0.00293	0.12330	0.02738	0.00432
24	0.07000	0.11725	0.01254	0.00906	0.01187	0.18491	0.02685	0.22575	0.09821	0.07250	0.01242	0.04987	0.04363	0.00556	0.00408	0.00128	0.00492	0.00423	0.03906	0.00602
25	0.01252	0.16078	0.01498	0.09212	0.09806	0.06330	0.02469	0.21616	0.05532	0.03911	0.02369	0.01099	0.00782	0.00550	0.01587	0.00142	0.11527	0.00377	0.03254	0.00609

[dist]
# distance from previous block
# <min> <max>
2	7

[block]
# block no. 10 follows, 59 sequences, length 17
# corresponding to MSA columns:
# 873-889
name=unknown_K
#
# <colnr> <probs for GDERKNQSTAVLIFYWHMCP>
#	G	D	E	R	K	N	Q	S	T	A	V	L	I	F	Y	W	H	M	C	P
0	0.10265	0.30084	0.13579	0.04330	0.12588	0.04521	0.03174	0.03020	0.00948	0.03250	0.00758	0.00912	0.00622	0.00512	0.03533	0.00139	0.00533	0.00307	0.00225	0.06698
1	0.02676	0.10408	0.17350	0.01000	0.04536	0.06367	0.05835	0.04909	0.05954	0.10106	0.09525	0.03203	0.04397	0.02245	0.00462	0.00134	0.00472	0.01540	0.00317	0.08562
2	0.02959	0.11815	0.01896	0.00660	0.00851	0.01766	0.00539	0.07911	0.04717	0.04860	0.23953	0.12165	0.18857	0.00864	0.00477	0.00142	0.00315	0.04368	0.00403	0.00482
3	0.02429	0.00845	0.04881	0.25043	0.01577	0.00871	0.00791	0.18778	0.03848	0.05581	0.01335	0.01767	0.06387	0.18693	0.02407	0.00213	0.00486	0.00487	0.03064	0.00516
4	0.00986	0.16412	0.20404	0.03521	0.10536	0.06262	0.04390	0.01290	0.04457	0.04141	0.09943	0.03860	0.09367	0.02023	0.00460	0.00137	0.00488	0.00480	0.00282	0.00563
5	0.00953	0.00778	0.04381	0.03983	0.18843	0.00732	0.03189	0.04951	0.04809	0.09104	0.01749	0.24236	0.04709	0.00890	0.02112	0.00169	0.01637	0.10515	0.01721	0.00540
6	0.00795	0.00454	0.00487	0.00468	0.00579	0.00448	0.00350	0.04014	0.01028	0.01663	0.17549	0.02125	0.05543	0.03873	0.00441	0.00126	0.00227	0.00522	0.58888	0.00418
7	0.00856	0.00624	0.00797	0.12213	0.07721	0.02531	0.00624	0.02939	0.03120	0.03137	0.02481	0.11021	0.06773	0.01967	0.04423	0.00165	0.03784	0.01843	0.32516	0.00463
8	0.02480	0.12082	0.22511	0.07114	0.05190	0.06291	0.14224	0.12667	0.05774	0.03392	0.00949	0.03678	0.00747	0.00469	0.00428	0.00135	0.00579	0.00403	0.00266	0.00621
9	0.01441	0.00860	0.00963	0.00805	0.01074	0.03449	0.00642	0.10564	0.28306	0.30461	0.04693	0.01569	0.01249	0.00569	0.00430	0.00136	0.00365	0.00462	0.11292	0.00671
10	0.00572	0.00426	0.00500	0.00527	0.00600	0.00390	0.00361	0.00664	0.00914	0.01185	0.14100	0.27266	0.28368	0.19489	0.00915	0.00219	0.00280	0.02484	0.00390	0.00352
11	0.02727	0.04304	0.18934	0.16397	0.15585	0.02057	0.06059	0.11981	0.06378	0.01567	0.03951	0.01298	0.04233	0.00495	0.00458	0.00139	0.02132	0.00421	0.00271	0.00612
12	0.01178	0.05571	0.08036	0.04396	0.14709	0.01050	0.11349	0.11159	0.19602	0.08508	0.03663	0.01338	0.00996	0.00537	0.01696	0.00145	0.00491	0.00440	0.04486	0.00651
13	0.00565	0.00415	0.00532	0.00585	0.00650	0.00381	0.00413	0.00687	0.00981	0.01316	0.24024	0.49612	0.13129	0.01215	0.00549	0.00165	0.00244	0.03730	0.00430	0.00378
14	0.00629	0.00425	0.00497	0.00513	0.00524	0.00420	0.00307	0.00655	0.00710	0.00951	0.05400	0.14261	0.01937	0.66667	0.01887	0.00374	0.00393	0.02857	0.00302	0.00291
15	0.01090	0.01017	0.04316	0.12681	0.39593	0.03427	0.05194	0.05416	0.03639	0.06397	0.01147	0.06797	0.03668	0.00528	0.00484	0.00141	0.03092	0.00477	0.00273	0.00624
16	0.04796	0.12496	0.21945	0.03339	0.03745	0.22981	0.08251	0.06832	0.06196	0.04152	0.00857	0.00966	0.00655	0.00442	0.00405	0.00128	0.00618	0.00341	0.00252	0.00602

[dist]
# distance from previous block
# <min> <max>
4	6

[block]
# block no. 11 follows, 59 sequences, length 19
# corresponding to MSA columns:
# 897-915
name=unknown_L
#
# <colnr> <probs for GDERKNQSTAVLIFYWHMCP>
#	G	D	E	R	K	N	Q	S	T	A	V	L	I	F	Y	W	H	M	C	P
0	0.02432	0.10813	0.27591	0.10482	0.05796	0.04538	0.09072	0.06628	0.03988	0.03652	0.02647	0.01177	0.02186	0.02261	0.02092	0.00154	0.03258	0.00390	0.00246	0.00595
1	0.01094	0.02542	0.00826	0.00677	0.00902	0.00619	0.00539	0.07620	0.02195	0.22448	0.15816	0.08817	0.17958	0.00826	0.01584	0.00145	0.01753	0.03532	0.00435	0.09671
2	0.01451	0.01077	0.01161	0.00937	0.01245	0.01191	0.00759	0.47806	0.25891	0.06506	0.03358	0.01431	0.03971	0.00582	0.00449	0.00139	0.00423	0.00460	0.00449	0.00714
3	0.00697	0.00558	0.02512	0.00722	0.00823	0.01831	0.05375	0.03303	0.00950	0.03533	0.08074	0.52699	0.04737	0.05989	0.00640	0.00183	0.00327	0.04861	0.01778	0.00408
4	0.06637	0.20548	0.28480	0.01026	0.03511	0.01137	0.04795	0.01416	0.08221	0.06111	0.01006	0.01201	0.02471	0.06723	0.00579	0.00155	0.04771	0.00373	0.00252	0.00587
5	0.01316	0.00628	0.00805	0.00684	0.00916	0.00569	0.00541	0.01552	0.06653	0.41564	0.15279	0.09562	0.13349	0.00774	0.00478	0.00144	0.00311	0.01771	0.02514	0.00591
6	0.00754	0.00487	0.00625	0.00580	0.00709	0.00447	0.00438	0.00965	0.02903	0.09499	0.61148	0.07768	0.10157	0.00907	0.00514	0.00142	0.00232	0.00795	0.00481	0.00448
7	0.03488	0.00936	0.01532	0.40030	0.26595	0.02301	0.08024	0.04232	0.02081	0.04129	0.00881	0.02260	0.00691	0.00442	0.00444	0.00141	0.00560	0.00413	0.00236	0.00583
8	0.00829	0.00601	0.00853	0.05048	0.03873	0.00602	0.04879	0.06130	0.01034	0.07881	0.10755	0.31719	0.10149	0.03053	0.03194	0.00185	0.02973	0.05394	0.00388	0.00461
9	0.00544	0.00435	0.00484	0.00514	0.00624	0.00380	0.00375	0.00652	0.00964	0.01193	0.06287	0.23967	0.52773	0.03713	0.00590	0.00168	0.00248	0.05313	0.00408	0.00369
10	0.03010	0.01227	0.01147	0.00949	0.01234	0.19006	0.00756	0.26416	0.14709	0.19248	0.04823	0.01287	0.01028	0.00549	0.00459	0.00134	0.02526	0.00415	0.00412	0.00664
11	0.08685	0.07874	0.01544	0.13771	0.28730	0.04975	0.06067	0.08760	0.04047	0.01502	0.00880	0.01175	0.00731	0.00512	0.01657	0.00146	0.05266	0.02822	0.00253	0.00602
12	0.00682	0.00516	0.00670	0.00701	0.00779	0.00539	0.00543	0.03004	0.02735	0.01252	0.06860	0.24554	0.10040	0.09447	0.07154	0.00245	0.05848	0.23659	0.00374	0.00398
13	0.00695	0.00502	0.00617	0.00612	0.00735	0.00475	0.00475	0.03738	0.03077	0.03668	0.33200	0.11523	0.21226	0.02977	0.00575	0.00163	0.00275	0.14603	0.00441	0.00424
14	0.01107	0.01089	0.01695	0.08660	0.67936	0.05929	0.01291	0.01400	0.04010	0.01413	0.00855	0.01103	0.00708	0.00409	0.00436	0.00132	0.00539	0.00391	0.00226	0.00673
15	0.10384	0.03417	0.08490	0.01204	0.13455	0.04781	0.05130	0.13638	0.06565	0.17570	0.02449	0.05319	0.02613	0.00544	0.00453	0.00139	0.02410	0.00446	0.00353	0.00639
16	0.00977	0.00937	0.01470	0.39953	0.30661	0.03321	0.01205	0.02536	0.03084	0.01277	0.00820	0.01141	0.00660	0.00519	0.02230	0.00156	0.07870	0.00394	0.00216	0.00573
17	0.12349	0.11550	0.03620	0.05929	0.16522	0.24824	0.06323	0.01457	0.01011	0.04010	0.00749	0.00920	0.00610	0.00440	0.00450	0.00127	0.05575	0.00327	0.00233	0.02973
18	0.09230	0.00665	0.00820	0.03316	0.00907	0.03735	0.02695	0.00954	0.00763	0.01194	0.01054	0.01617	0.00994	0.15655	0.29936	0.00390	0.12302	0.00444	0.09761	0.03566

[dist]
# distance from previous block
# <min> <max>
0	2

[block]
# block no. 12 follows, 59 sequences, length 26
# corresponding to MSA columns:
# 918-943
name=unknown_M
#
# <colnr> <probs for GDERKNQSTAVLIFYWHMCP>
#	G	D	E	R	K	N	Q	S	T	A	V	L	I	F	Y	W	H	M	C	P
0	0.00645	0.00466	0.00572	0.00564	0.00674	0.00430	0.00417	0.00841	0.03869	0.03803	0.42726	0.16722	0.20776	0.03110	0.00569	0.00157	0.00239	0.02556	0.00450	0.00413
1	0.00987	0.09892	0.03767	0.14713	0.07930	0.03406	0.05036	0.04429	0.00894	0.01238	0.00819	0.04064	0.00747	0.04199	0.02363	0.00166	0.24207	0.00404	0.00228	0.10513
2	0.02278	0.02171	0.15173	0.02708	0.01246	0.00734	0.00753	0.05626	0.01007	0.04184	0.04393	0.01052	0.00807	0.00392	0.00363	0.00091	0.00398	0.00313	0.00276	0.56036
3	0.01239	0.16052	0.27657	0.05830	0.07110	0.05892	0.03860	0.15181	0.01187	0.09397	0.02030	0.01030	0.00712	0.00451	0.00408	0.00129	0.00558	0.00354	0.00277	0.00645
4	0.00789	0.00542	0.00664	0.00629	0.00759	0.00529	0.00485	0.09477	0.01212	0.04176	0.39522	0.11845	0.08320	0.03693	0.00568	0.00158	0.00280	0.09659	0.06247	0.00448
5	0.00549	0.00413	0.00513	0.00572	0.00641	0.00377	0.00402	0.00653	0.00929	0.01210	0.10773	0.50747	0.23944	0.01315	0.02822	0.00183	0.00272	0.02902	0.00413	0.00370
6	0.01238	0.17454	0.15224	0.08458	0.06568	0.20429	0.06406	0.06042	0.05726	0.04674	0.00881	0.01056	0.00700	0.02009	0.00438	0.00132	0.00600	0.01124	0.00251	0.00591
7	0.00916	0.00648	0.00741	0.00684	0.00854	0.00678	0.00527	0.03820	0.27162	0.06821	0.25871	0.08527	0.05632	0.00773	0.00468	0.00143	0.00283	0.02921	0.12000	0.00533
8	0.00599	0.00413	0.00508	0.00555	0.00571	0.00405	0.00349	0.00642	0.00741	0.00990	0.01857	0.37720	0.02178	0.44106	0.04035	0.00325	0.00378	0.02981	0.00331	0.00314
9	0.00579	0.00427	0.00586	0.00721	0.04139	0.00404	0.00479	0.00677	0.00873	0.01162	0.02403	0.70877	0.04585	0.01319	0.00562	0.00179	0.00282	0.08968	0.00401	0.00378
10	0.05125	0.01086	0.03539	0.01094	0.06487	0.04659	0.00856	0.31154	0.01314	0.06454	0.00999	0.01167	0.02287	0.01920	0.03825	0.00174	0.23286	0.00400	0.03565	0.00609
11	0.00542	0.00392	0.00514	0.00610	0.00646	0.00364	0.00414	0.00625	0.00861	0.01138	0.02569	0.76475	0.08195	0.01361	0.00562	0.00178	0.00258	0.03524	0.00410	0.00361
12	0.03089	0.03494	0.01500	0.39718	0.17907	0.10347	0.06693	0.06683	0.03840	0.01359	0.00835	0.01103	0.00648	0.00438	0.00433	0.00138	0.00586	0.00385	0.00233	0.00568
13	0.00552	0.00424	0.00487	0.00519	0.00602	0.00379	0.00359	0.00646	0.00926	0.01179	0.10256	0.31346	0.37373	0.11986	0.00760	0.00195	0.00260	0.00993	0.00398	0.00358
14	0.00965	0.11756	0.01445	0.07511	0.31237	0.05599	0.03682	0.01184	0.03309	0.01262	0.01295	0.20252	0.03754	0.00671	0.00494	0.00142	0.04029	0.00589	0.00270	0.00555
15	0.03139	0.20244	0.31962	0.05845	0.01617	0.06112	0.03761	0.12304	0.03105	0.01480	0.00794	0.00930	0.00613	0.00454	0.00459	0.00131	0.05871	0.00330	0.00236	0.00614
16	0.00836	0.18170	0.20488	0.00770	0.01072	0.00841	0.00785	0.01095	0.01078	0.03907	0.35327	0.02261	0.08450	0.00693	0.00448	0.00132	0.00380	0.02409	0.00348	0.00510
17	0.00966	0.10857	0.11696	0.03339	0.07568	0.15228	0.00793	0.01138	0.00939	0.03020	0.01376	0.17431	0.03899	0.11481	0.04601	0.00204	0.00534	0.04169	0.00278	0.00481
18	0.11711	0.09737	0.06127	0.03263	0.06272	0.00877	0.02095	0.11158	0.01092	0.07335	0.09048	0.16688	0.01539	0.00797	0.03162	0.00161	0.00424	0.05008	0.00345	0.03160
19	0.08420	0.10288	0.11384	0.06307	0.12810	0.05590	0.02935	0.06951	0.01019	0.01459	0.04305	0.09135	0.01026	0.00561	0.00451	0.01123	0.02558	0.02121	0.00269	0.11288
20	0.01108	0.09761	0.06022	0.05854	0.30181	0.07209	0.02442	0.03179	0.01043	0.07740	0.05066	0.04172	0.05976	0.00541	0.00461	0.00132	0.02847	0.01904	0.00280	0.04082
21	0.04549	0.14943	0.21248	0.04167	0.08120	0.07109	0.00988	0.06214	0.04532	0.14501	0.01182	0.03156	0.04677	0.00503	0.00406	0.00129	0.00504	0.00394	0.00299	0.02380
22	0.01292	0.05118	0.09444	0.10953	0.20853	0.09586	0.03807	0.19569	0.07004	0.06649	0.00977	0.01100	0.00735	0.00462	0.00430	0.00133	0.00547	0.00384	0.00301	0.00657
23	0.05329	0.06510	0.24384	0.05727	0.04198	0.03651	0.06267	0.11070	0.06678	0.02766	0.01208	0.07646	0.05045	0.00607	0.01582	0.00149	0.04175	0.00463	0.00283	0.02260
24	0.11073	0.28289	0.14181	0.01105	0.09647	0.13670	0.02446	0.04524	0.02520	0.03914	0.00834	0.04438	0.00711	0.00460	0.00368	0.00122	0.00531	0.00341	0.00243	0.00583
25	0.09064	0.07043	0.18361	0.04118	0.13868	0.09900	0.02031	0.02952	0.06031	0.04597	0.02793	0.02203	0.05981	0.00533	0.00453	0.00135	0.03563	0.02773	0.00273	0.03329

[dist]
# distance from previous block
# <min> <max>
5	47

[block]
# block no. 13 follows, 59 sequences, length 8
# corresponding to MSA columns:
# 991-998
name=unknown_N
#
# <colnr> <probs for GDERKNQSTAVLIFYWHMCP>
#	G	D	E	R	K	N	Q	S	T	A	V	L	I	F	Y	W	H	M	C	P
0	0.01016	0.06747	0.07285	0.14370	0.23518	0.04885	0.07772	0.04252	0.01022	0.03774	0.03942	0.08376	0.01073	0.00624	0.02516	0.00152	0.00536	0.04073	0.00266	0.03801
1	0.00980	0.00774	0.01215	0.16373	0.20424	0.00776	0.06144	0.04104	0.01025	0.09192	0.05916	0.10668	0.08501	0.00680	0.00515	0.03354	0.00441	0.02464	0.00314	0.06140
2	0.03519	0.01176	0.21534	0.01393	0.21872	0.00839	0.05749	0.01275	0.05238	0.04524	0.08235	0.08471	0.07026	0.00591	0.00450	0.00137	0.00464	0.00524	0.00293	0.06691
3	0.01130	0.01112	0.02720	0.07713	0.15871	0.17677	0.02362	0.06794	0.07299	0.03608	0.03594	0.01470	0.03008	0.10550	0.03261	0.03354	0.07228	0.00439	0.00278	0.00534
4	0.04794	0.09533	0.06955	0.09133	0.05016	0.00726	0.00737	0.01008	0.00947	0.04828	0.05948	0.24973	0.05870	0.00911	0.00492	0.00159	0.00391	0.16768	0.00343	0.00468
