[name]
unknown

[dist]
# distance from previous block
# <min> <max>
1	177

[block]
# block no. 0 follows, 56 sequences, length 28
# corresponding to MSA columns:
# 218-245
name=unknown_A
#
# <colnr> <probs for GDERKNQSTAVLIFYWHMCP>
#	G	D	E	R	K	N	Q	S	T	A	V	L	I	F	Y	W	H	M	C	P
0	0.05262	0.16254	0.01742	0.28694	0.33912	0.01189	0.02741	0.01315	0.00974	0.01347	0.02006	0.01109	0.00706	0.00431	0.00421	0.00136	0.00548	0.00380	0.00221	0.00612
1	0.00731	0.00564	0.00679	0.00634	0.00774	0.00560	0.00480	0.01138	0.15781	0.01806	0.59963	0.03195	0.10115	0.00899	0.00528	0.00147	0.00245	0.00785	0.00492	0.00483
2	0.01035	0.00978	0.01598	0.04088	0.63108	0.02449	0.01216	0.01270	0.01017	0.01426	0.01166	0.16288	0.01147	0.00601	0.00478	0.00146	0.00501	0.00572	0.00264	0.00654
3	0.01569	0.02222	0.16044	0.01206	0.01524	0.67137	0.01036	0.01763	0.01240	0.01184	0.00731	0.00854	0.00590	0.00466	0.00418	0.00123	0.00800	0.00304	0.00229	0.00559
4	0.01079	0.01017	0.01654	0.09237	0.59676	0.00997	0.01239	0.01342	0.01017	0.01471	0.00851	0.01110	0.00709	0.00401	0.00434	0.00125	0.00513	0.00384	0.00233	0.16511
5	0.04414	0.00922	0.01083	0.00910	0.01202	0.05960	0.03743	0.02066	0.24811	0.38068	0.01755	0.03476	0.01315	0.00647	0.00475	0.00152	0.00424	0.07403	0.00479	0.00693
6	0.01375	0.00803	0.00995	0.00732	0.01120	0.00636	0.00594	0.01569	0.01090	0.32008	0.01196	0.01185	0.00854	0.00427	0.00387	0.00096	0.00359	0.00345	0.00385	0.53841
7	0.01780	0.00756	0.01002	0.00788	0.01099	0.00679	0.00643	0.06952	0.01366	0.61663	0.16281	0.01876	0.01701	0.00635	0.00476	0.00142	0.00366	0.00526	0.00550	0.00717
8	0.01168	0.18862	0.21948	0.00923	0.01378	0.01044	0.02186	0.01534	0.07521	0.12126	0.01002	0.01060	0.00756	0.00430	0.00385	0.00113	0.00474	0.00334	0.00291	0.26464
9	0.00751	0.00623	0.00813	0.00762	0.03091	0.00612	0.05155	0.01150	0.15707	0.01660	0.38811	0.06198	0.21054	0.00904	0.00527	0.00151	0.00291	0.00794	0.00453	0.00493
10	0.01069	0.01195	0.02469	0.01801	0.02180	0.01206	0.64932	0.01403	0.01014	0.01403	0.00869	0.01195	0.00679	0.00464	0.00719	0.00163	0.15897	0.00516	0.00226	0.00598
11	0.00562	0.00466	0.00492	0.00486	0.00632	0.00396	0.00364	0.00697	0.01093	0.01351	0.18644	0.04236	0.66753	0.01121	0.00542	0.00153	0.00230	0.00943	0.00441	0.00396
12	0.01416	0.01122	0.01192	0.00990	0.01298	0.01270	0.00793	0.37406	0.44759	0.02362	0.01521	0.01436	0.01120	0.00590	0.00464	0.00148	0.00428	0.00471	0.00464	0.00751
13	0.02060	0.00781	0.01065	0.00817	0.01172	0.00675	0.00675	0.02237	0.01314	0.81320	0.01811	0.01563	0.01136	0.00568	0.00462	0.00142	0.00391	0.00462	0.00568	0.00781
14	0.00921	0.02375	0.81487	0.01309	0.01987	0.01066	0.01696	0.01454	0.00969	0.01454	0.00824	0.00969	0.00582	0.00436	0.00436	0.00145	0.00678	0.00339	0.00194	0.00678
15	0.01084	0.01238	0.02709	0.01935	0.02399	0.01161	0.79334	0.01471	0.01084	0.01471	0.00929	0.01238	0.00697	0.00387	0.00542	0.00155	0.00774	0.00542	0.00232	0.00619
16	0.00554	0.00421	0.00510	0.00582	0.00651	0.00378	0.00401	0.00646	0.00934	0.01195	0.03231	0.57396	0.28753	0.01347	0.00572	0.00176	0.00255	0.01194	0.00426	0.00378
17	0.00559	0.00400	0.00533	0.00639	0.00666	0.00373	0.00426	0.00639	0.00879	0.01172	0.02530	0.83566	0.03036	0.01438	0.00586	0.00186	0.00266	0.01305	0.00426	0.00373
18	0.00891	0.00851	0.01470	0.74735	0.06765	0.01031	0.05420	0.01200	0.00933	0.01204	0.00824	0.01221	0.00622	0.00453	0.00463	0.00152	0.00617	0.00415	0.00207	0.00526
19	0.00977	0.17409	0.66947	0.01212	0.01838	0.01204	0.01529	0.01439	0.00963	0.01385	0.00790	0.00926	0.00583	0.00428	0.00410	0.00137	0.00644	0.00322	0.00194	0.00662
20	0.01785	0.00749	0.00998	0.00785	0.01095	0.00667	0.00640	0.05764	0.01353	0.62869	0.16292	0.01883	0.01707	0.00635	0.00476	0.00142	0.00364	0.00527	0.00551	0.00717
21	0.00946	0.00966	0.05131	0.09716	0.27063	0.05162	0.08150	0.01214	0.02201	0.01402	0.13346	0.01679	0.01377	0.03843	0.15538	0.00262	0.00663	0.00503	0.00276	0.00564
22	0.01107	0.14573	0.46676	0.01468	0.16321	0.01182	0.01411	0.05127	0.01052	0.05707	0.00868	0.01002	0.00648	0.00437	0.00420	0.00136	0.00602	0.00348	0.00233	0.00684
23	0.00931	0.00868	0.01449	0.53638	0.17142	0.01000	0.05340	0.01272	0.04666	0.01312	0.01020	0.01344	0.02925	0.00477	0.00459	0.00148	0.00567	0.00437	0.04446	0.00558
24	0.16876	0.10887	0.13405	0.09253	0.06161	0.01182	0.33026	0.01403	0.00976	0.01504	0.00813	0.01044	0.00625	0.00410	0.00438	0.00143	0.00623	0.00405	0.00229	0.00597
25	0.00819	0.04434	0.32099	0.01131	0.01509	0.00839	0.15432	0.01133	0.00962	0.01335	0.01622	0.29418	0.05696	0.00806	0.00507	0.00160	0.00525	0.00736	0.00293	0.00544
26	0.01098	0.03281	0.34259	0.01502	0.19939	0.00996	0.03871	0.05267	0.02395	0.07309	0.05150	0.01201	0.00892	0.00461	0.00439	0.00133	0.00549	0.00394	0.00273	0.10594
27	0.13128	0.03229	0.08950	0.05154	0.02849	0.03221	0.00723	0.02415	0.01060	0.23546	0.02799	0.12123	0.11072	0.01618	0.00468	0.00147	0.00407	0.00570	0.00384	0.06138

[dist]
# distance from previous block
# <min> <max>
0	1

[block]
# block no. 1 follows, 56 sequences, length 32
# corresponding to MSA columns:
# 247-260,262-279
name=unknown_B
#
# <colnr> <probs for GDERKNQSTAVLIFYWHMCP>
#	G	D	E	R	K	N	Q	S	T	A	V	L	I	F	Y	W	H	M	C	P
0	0.00946	0.00667	0.00864	0.07284	0.01099	0.00600	0.01724	0.01103	0.00960	0.11813	0.02726	0.15791	0.09573	0.08773	0.02869	0.00174	0.02704	0.00615	0.00348	0.29366
1	0.07954	0.00940	0.01416	0.11459	0.07615	0.00915	0.15732	0.05894	0.01050	0.02624	0.05385	0.01198	0.00879	0.00448	0.00474	0.00122	0.04471	0.00398	0.00278	0.30749
2	0.01391	0.00867	0.01126	0.04251	0.03761	0.00755	0.03125	0.07848	0.02411	0.27970	0.01189	0.01204	0.00849	0.00445	0.00407	0.00108	0.00402	0.00368	0.00383	0.41140
3	0.00967	0.00830	0.00959	0.00700	0.01096	0.00655	0.00559	0.01259	0.07321	0.01530	0.00901	0.01013	0.00738	0.00363	0.00350	0.00075	0.00342	0.00292	0.00288	0.79762
4	0.01145	0.01135	0.01676	0.07752	0.45872	0.07587	0.08059	0.01595	0.14864	0.01528	0.03527	0.01299	0.00936	0.00470	0.00464	0.00141	0.00551	0.00444	0.00277	0.00678
5	0.01016	0.01114	0.02303	0.07640	0.02214	0.01069	0.61733	0.01412	0.04622	0.01460	0.03310	0.01570	0.07257	0.00479	0.00532	0.00154	0.00686	0.00573	0.00263	0.00593
6	0.01068	0.07680	0.01722	0.24721	0.48777	0.01119	0.01279	0.03323	0.01030	0.01404	0.00941	0.01216	0.02852	0.00446	0.00445	0.00138	0.00550	0.00411	0.00230	0.00648
7	0.00582	0.00462	0.00496	0.00490	0.00610	0.00405	0.00350	0.00694	0.01022	0.01277	0.16504	0.04010	0.54543	0.15546	0.00855	0.00204	0.00267	0.00894	0.00413	0.00376
8	0.01369	0.01101	0.10167	0.00972	0.01307	0.00995	0.04008	0.18685	0.23809	0.19244	0.01722	0.08157	0.05056	0.00656	0.00477	0.00150	0.00438	0.00549	0.00442	0.00696
9	0.01246	0.81091	0.02368	0.00796	0.01187	0.01802	0.00789	0.04250	0.00978	0.01147	0.00655	0.00750	0.00596	0.00399	0.00301	0.00100	0.00491	0.00252	0.00206	0.00596
10	0.00889	0.00775	0.05399	0.00840	0.05167	0.00636	0.00630	0.07647	0.01027	0.03561	0.02530	0.30716	0.01651	0.05053	0.03110	0.00167	0.00390	0.00703	0.00347	0.28764
11	0.01066	0.07275	0.56021	0.01212	0.01771	0.01127	0.03348	0.04450	0.08698	0.06195	0.00976	0.01074	0.00705	0.00476	0.00475	0.00145	0.03686	0.00368	0.00253	0.00679
12	0.00921	0.02375	0.81487	0.01309	0.01987	0.01066	0.01696	0.01454	0.00969	0.01454	0.00824	0.00969	0.00582	0.00436	0.00436	0.00145	0.00678	0.00339	0.00194	0.00678
13	0.00559	0.00400	0.00533	0.00639	0.00666	0.00373	0.00426	0.00639	0.00879	0.01172	0.02530	0.83566	0.03036	0.01438	0.00586	0.00186	0.00266	0.01305	0.00426	0.00373
14	0.01428	0.03709	0.05846	0.13961	0.04205	0.08384	0.02644	0.07720	0.01129	0.25240	0.01075	0.01196	0.00781	0.00574	0.00697	0.00154	0.19881	0.00407	0.00336	0.00634
15	0.01079	0.34607	0.44457	0.01116	0.01663	0.01366	0.04510	0.02690	0.00984	0.02554	0.00774	0.00900	0.00601	0.00421	0.00385	0.00127	0.00601	0.00314	0.00206	0.00644
16	0.00662	0.00493	0.00707	0.00707	0.00771	0.00564	0.00530	0.00795	0.00732	0.01043	0.01304	0.05352	0.01297	0.16275	0.63922	0.00655	0.02995	0.00552	0.00258	0.00389
17	0.01028	0.01099	0.02221	0.25258	0.12394	0.01112	0.47225	0.01377	0.01031	0.01389	0.00888	0.01222	0.00676	0.00410	0.00507	0.00152	0.00699	0.00487	0.00223	0.00601
18	0.25058	0.00668	0.00824	0.11002	0.01160	0.00734	0.03122	0.01042	0.00887	0.04705	0.02527	0.33484	0.01725	0.00946	0.01676	0.00176	0.03995	0.05463	0.00346	0.00459
19	0.03615	0.00878	0.01440	0.65060	0.08433	0.01048	0.04997	0.03380	0.04234	0.01315	0.00870	0.01220	0.00658	0.00460	0.00458	0.00151	0.00594	0.00414	0.00227	0.00546
20	0.01100	0.01053	0.01797	0.13712	0.70394	0.01081	0.01391	0.01377	0.01028	0.01455	0.00857	0.01148	0.00712	0.00416	0.00455	0.00139	0.00554	0.00409	0.00224	0.00698
21	0.00867	0.00816	0.01377	0.82762	0.03162	0.01020	0.01275	0.01173	0.00918	0.01173	0.00816	0.01224	0.00612	0.00459	0.00459	0.00153	0.00612	0.00408	0.00204	0.00510
22	0.01147	0.01085	0.01778	0.04380	0.63220	0.01109	0.05070	0.03971	0.10656	0.01585	0.00995	0.01212	0.00806	0.00439	0.00461	0.00140	0.00535	0.00429	0.00263	0.00718
23	0.04300	0.06089	0.44754	0.01126	0.01623	0.01039	0.04302	0.04002	0.10131	0.08983	0.01140	0.02283	0.00888	0.03561	0.00513	0.00158	0.00568	0.03596	0.00289	0.00654
24	0.00666	0.00452	0.00534	0.00534	0.00546	0.00463	0.00320	0.00689	0.00678	0.00915	0.01416	0.02834	0.01595	0.72450	0.13651	0.00487	0.00556	0.00643	0.00274	0.00297
25	0.00921	0.02375	0.81487	0.01309	0.01987	0.01066	0.01696	0.01454	0.00969	0.01454	0.00824	0.00969	0.00582	0.00436	0.00436	0.00145	0.00678	0.00339	0.00194	0.00678
26	0.08154	0.67405	0.06152	0.00817	0.01213	0.01688	0.00814	0.06984	0.01010	0.01308	0.00681	0.00775	0.00595	0.00409	0.00313	0.00107	0.00490	0.00262	0.00222	0.00600
27	0.02653	0.01173	0.01048	0.08614	0.01304	0.29887	0.02609	0.01359	0.01063	0.08847	0.04573	0.09638	0.02254	0.01360	0.21244	0.00291	0.00769	0.00510	0.00301	0.00502
28	0.00606	0.00477	0.00535	0.00544	0.00667	0.00432	0.00399	0.00796	0.04883	0.01395	0.19322	0.19714	0.43660	0.01127	0.00540	0.00158	0.00242	0.00969	0.03124	0.00411
29	0.00898	0.00839	0.01431	0.68668	0.09258	0.01004	0.04803	0.01201	0.00938	0.01239	0.00858	0.01241	0.00652	0.00455	0.00456	0.00150	0.00595	0.00415	0.04371	0.00528
30	0.00983	0.00930	0.01576	0.42450	0.39072	0.01035	0.01308	0.01268	0.00970	0.01320	0.00855	0.01207	0.00687	0.00557	0.03773	0.00169	0.00606	0.00412	0.00216	0.00606
31	0.01575	0.01833	0.01209	0.01083	0.01319	0.60926	0.00821	0.07338	0.05312	0.03279	0.09972	0.01207	0.01086	0.00542	0.00436	0.00125	0.00701	0.00380	0.00303	0.00554

[dist]
# distance from previous block
# <min> <max>
0	1

[block]
# block no. 2 follows, 56 sequences, length 136
# corresponding to MSA columns:
# 281-296,298-315,319-384,394-406,410-432
name=unknown_C
#
# <colnr> <probs for GDERKNQSTAVLIFYWHMCP>
#	G	D	E	R	K	N	Q	S	T	A	V	L	I	F	Y	W	H	M	C	P
0	0.05752	0.00820	0.01337	0.78109	0.03033	0.01021	0.01231	0.01183	0.00910	0.01223	0.00806	0.01197	0.00605	0.00457	0.00449	0.00152	0.00597	0.00399	0.00209	0.00509
1	0.04092	0.02811	0.00890	0.00785	0.00960	0.01760	0.02960	0.10421	0.17399	0.02955	0.06425	0.17574	0.09490	0.05457	0.00713	0.07246	0.00374	0.06777	0.00399	0.00509
2	0.01287	0.09545	0.01304	0.03753	0.01292	0.25724	0.06936	0.09285	0.02611	0.06964	0.20591	0.03053	0.03465	0.00633	0.00475	0.01133	0.00535	0.00505	0.00353	0.00555
3	0.02982	0.00486	0.00588	0.00628	0.00744	0.00452	0.00496	0.00796	0.01056	0.01388	0.15710	0.16841	0.30702	0.01182	0.00570	0.00175	0.00296	0.24069	0.00434	0.00406
4	0.22053	0.01225	0.01234	0.03547	0.05444	0.13931	0.05324	0.25121	0.05069	0.09129	0.01033	0.03117	0.00787	0.00516	0.00418	0.00140	0.00518	0.00394	0.00359	0.00641
5	0.03900	0.01699	0.03258	0.01124	0.01380	0.50143	0.06303	0.01727	0.03578	0.09785	0.07844	0.01197	0.01004	0.00536	0.00490	0.00132	0.04649	0.00389	0.00300	0.00563
6	0.00794	0.00400	0.00595	0.00595	0.00595	0.00400	0.00395	0.00600	0.00600	0.00800	0.00815	0.01440	0.00821	0.03864	0.01809	0.84265	0.00400	0.00406	0.00202	0.00202
7	0.00640	0.00504	0.00587	0.00610	0.00732	0.00474	0.00464	0.00870	0.07357	0.01378	0.14026	0.19180	0.35994	0.02525	0.00588	0.00173	0.00280	0.12759	0.00437	0.00422
8	0.01060	0.01030	0.01805	0.24162	0.53433	0.01078	0.08029	0.01351	0.01014	0.01410	0.00856	0.01168	0.00694	0.00421	0.00463	0.00142	0.00583	0.00420	0.00221	0.00660
9	0.00656	0.00492	0.00738	0.00738	0.00820	0.00574	0.00574	0.00820	0.00738	0.01066	0.01230	0.01804	0.01148	0.03443	0.82046	0.00738	0.01230	0.00492	0.00246	0.00410
10	0.06092	0.00786	0.01047	0.00807	0.01158	0.00692	0.00666	0.02195	0.01289	0.77562	0.01756	0.01524	0.01106	0.00561	0.00453	0.00142	0.00389	0.00452	0.00555	0.00768
11	0.02279	0.03035	0.02184	0.03507	0.09751	0.03132	0.47454	0.09044	0.05748	0.07627	0.01042	0.01240	0.00772	0.00436	0.00502	0.00148	0.00660	0.00490	0.00292	0.00657
12	0.00784	0.00403	0.00588	0.00588	0.00588	0.00403	0.00386	0.00605	0.00605	0.00807	0.00863	0.01559	0.00886	0.09941	0.01849	0.77898	0.00403	0.00426	0.00207	0.00207
13	0.00921	0.02375	0.81487	0.01309	0.01987	0.01066	0.01696	0.01454	0.00969	0.01454	0.00824	0.00969	0.00582	0.00436	0.00436	0.00145	0.00678	0.00339	0.00194	0.00678
14	0.00932	0.02982	0.44526	0.01039	0.01482	0.00842	0.02717	0.03178	0.01017	0.08189	0.01640	0.19492	0.08555	0.00736	0.00481	0.00154	0.00517	0.00624	0.00305	0.00593
15	0.01416	0.02846	0.23492	0.01205	0.01656	0.05391	0.08563	0.41572	0.05658	0.02196	0.01022	0.01091	0.00737	0.00501	0.00456	0.00141	0.00587	0.00402	0.00350	0.00719
16	0.01011	0.01123	0.02308	0.01692	0.02086	0.02831	0.64193	0.01344	0.01066	0.01420	0.01315	0.09367	0.05502	0.00549	0.00545	0.00158	0.00690	0.01960	0.00265	0.00577
17	0.09837	0.03562	0.02698	0.05195	0.44734	0.07578	0.07377	0.01393	0.01002	0.01460	0.00842	0.01163	0.00719	0.00474	0.00536	0.00144	0.08004	0.02407	0.00235	0.00639
18	0.01013	0.19174	0.60948	0.01211	0.01817	0.01216	0.04028	0.01454	0.00973	0.03013	0.00809	0.00942	0.00598	0.00428	0.00411	0.00136	0.00637	0.00329	0.00203	0.00660
19	0.00630	0.00464	0.00562	0.00586	0.00660	0.00451	0.00419	0.00726	0.00870	0.01127	0.04439	0.11737	0.23558	0.28539	0.12629	0.00342	0.00471	0.11077	0.00354	0.00359
20	0.01216	0.08055	0.10016	0.15729	0.07191	0.02355	0.27995	0.01526	0.01061	0.14984	0.01009	0.01197	0.00735	0.00444	0.00484	0.00143	0.01906	0.00437	0.00278	0.03242
21	0.00884	0.00844	0.01375	0.81092	0.03126	0.02679	0.01267	0.01187	0.00926	0.01172	0.00814	0.01216	0.00612	0.00459	0.00458	0.00152	0.00616	0.00406	0.00205	0.00510
22	0.01992	0.00821	0.01078	0.00829	0.01178	0.00743	0.00684	0.09961	0.01388	0.71078	0.01731	0.01521	0.01102	0.00566	0.00457	0.00141	0.00397	0.00456	0.03107	0.00771
23	0.00868	0.00848	0.03041	0.81070	0.03138	0.01021	0.01284	0.01179	0.00919	0.01179	0.00816	0.01219	0.00611	0.00459	0.00459	0.00153	0.00613	0.00407	0.00204	0.00513
24	0.01745	0.01286	0.01378	0.01056	0.01424	0.01424	0.00873	0.79471	0.02159	0.02893	0.01102	0.01102	0.00781	0.00551	0.00459	0.00138	0.00505	0.00413	0.00459	0.00781
25	0.00598	0.00467	0.00541	0.00523	0.00654	0.00411	0.00392	0.00765	0.01176	0.01549	0.43705	0.03911	0.41569	0.01048	0.00542	0.00150	0.00224	0.00898	0.00467	0.00411
26	0.00686	0.00452	0.00594	0.00594	0.00621	0.00479	0.00394	0.00705	0.00678	0.00931	0.01264	0.02338	0.01350	0.43659	0.27963	0.15476	0.00690	0.00564	0.00254	0.00307
27	0.00921	0.02375	0.81487	0.01309	0.01987	0.01066	0.01696	0.01454	0.00969	0.01454	0.00824	0.00969	0.00582	0.00436	0.00436	0.00145	0.00678	0.00339	0.00194	0.00678
28	0.00867	0.00816	0.01377	0.82762	0.03162	0.01020	0.01275	0.01173	0.00918	0.01173	0.00816	0.01224	0.00612	0.00459	0.00459	0.00153	0.00612	0.00408	0.00204	0.00510
29	0.04880	0.00796	0.01048	0.00809	0.01155	0.00711	0.00667	0.05351	0.01321	0.73253	0.01734	0.01520	0.01101	0.00562	0.00452	0.00141	0.00389	0.00452	0.02895	0.00762
30	0.00561	0.00402	0.00530	0.00632	0.00661	0.00375	0.00421	0.00640	0.00879	0.01168	0.02568	0.79747	0.05186	0.03072	0.00620	0.00191	0.00269	0.01283	0.00423	0.00371
31	0.01187	0.64391	0.09101	0.00889	0.03421	0.03760	0.00857	0.01367	0.00956	0.03320	0.00826	0.06566	0.00778	0.00477	0.00339	0.00111	0.00500	0.00339	0.00224	0.00589
32	0.02979	0.00561	0.00651	0.00611	0.00735	0.03299	0.00457	0.00973	0.03905	0.03404	0.63852	0.05363	0.07182	0.03319	0.00580	0.00154	0.00259	0.00793	0.00478	0.00447
33	0.01211	0.53785	0.15213	0.00922	0.01311	0.02886	0.00948	0.01418	0.00947	0.06711	0.00772	0.01930	0.00659	0.00470	0.00461	0.00121	0.09098	0.00307	0.00226	0.00604
34	0.01085	0.00894	0.01146	0.00945	0.01135	0.01020	0.00772	0.13274	0.01024	0.04863	0.00904	0.01181	0.00775	0.01136	0.16231	0.00257	0.30366	0.00390	0.00283	0.22318
35	0.01062	0.01026	0.01338	0.53654	0.04442	0.09498	0.01131	0.06867	0.11272	0.01390	0.00956	0.01229	0.00726	0.00497	0.00486	0.00150	0.03041	0.00411	0.00260	0.00564
36	0.01574	0.03468	0.01262	0.01102	0.03445	0.45728	0.00828	0.17960	0.01384	0.05218	0.00922	0.01124	0.00761	0.06387	0.02576	0.00164	0.03137	0.00366	0.02016	0.00579
37	0.00687	0.00630	0.03168	0.00681	0.00829	0.00595	0.02802	0.00914	0.05086	0.01471	0.29188	0.05732	0.35435	0.00985	0.00642	0.00157	0.09316	0.00816	0.00417	0.00448
38	0.02460	0.03067	0.01262	0.01035	0.03715	0.01055	0.08249	0.08545	0.41478	0.06555	0.02633	0.01450	0.01136	0.00534	0.00446	0.00136	0.00419	0.00458	0.00401	0.14966
39	0.00565	0.00413	0.00533	0.00623	0.00669	0.00381	0.00426	0.00656	0.00915	0.01204	0.04972	0.70035	0.12045	0.01388	0.00581	0.00182	0.00265	0.03342	0.00428	0.00378
40	0.00797	0.00399	0.00598	0.00598	0.00598	0.00399	0.00399	0.00598	0.00598	0.00797	0.00797	0.01396	0.00797	0.01595	0.01794	0.86643	0.00399	0.00399	0.00199	0.00199
41	0.00569	0.00433	0.00539	0.00606	0.00667	0.00402	0.00420	0.00665	0.00937	0.01219	0.06680	0.58238	0.22438	0.01332	0.00594	0.00177	0.02098	0.01179	0.00425	0.00382
42	0.01063	0.01014	0.01720	0.28015	0.47491	0.01082	0.05758	0.03280	0.03432	0.01441	0.00888	0.01187	0.00711	0.00434	0.00461	0.00143	0.00573	0.00420	0.00233	0.00653
43	0.00656	0.00492	0.00738	0.00738	0.00820	0.00574	0.00574	0.00820	0.00738	0.01066	0.01230	0.01804	0.01148	0.03443	0.82046	0.00738	0.01230	0.00492	0.00246	0.00410
44	0.01417	0.00710	0.00872	0.00726	0.00993	0.00662	0.00580	0.02698	0.13235	0.40981	0.09429	0.02387	0.19236	0.00741	0.00483	0.00146	0.00332	0.00615	0.03115	0.00644
45	0.00969	0.13686	0.67832	0.01257	0.01889	0.01174	0.04208	0.01443	0.00968	0.01403	0.00802	0.00946	0.00587	0.00428	0.00420	0.00139	0.00656	0.00333	0.00196	0.00664
46	0.01113	0.00628	0.00876	0.00838	0.01021	0.00602	0.03014	0.03853	0.01144	0.21774	0.04761	0.04985	0.02121	0.04977	0.00652	0.00196	0.00414	0.43963	0.02544	0.00524
47	0.00921	0.02375	0.81487	0.01309	0.01987	0.01066	0.01696	0.01454	0.00969	0.01454	0.00824	0.00969	0.00582	0.00436	0.00436	0.00145	0.00678	0.00339	0.00194	0.00678
48	0.00696	0.00500	0.00688	0.00790	0.00881	0.00492	0.00662	0.00877	0.01020	0.01328	0.02527	0.21310	0.05380	0.01300	0.00621	0.00204	0.00384	0.59507	0.00424	0.00411
49	0.01062	0.01015	0.01729	0.24856	0.59543	0.01071	0.01372	0.01344	0.01010	0.01410	0.00850	0.01160	0.00695	0.00423	0.00456	0.00141	0.00564	0.00409	0.00221	0.00667
50	0.01483	0.01531	0.02533	0.01060	0.01282	0.38943	0.00840	0.11111	0.05304	0.08041	0.06543	0.01324	0.01037	0.00601	0.00591	0.00141	0.12051	0.02696	0.02309	0.00578
51	0.00952	0.00903	0.01531	0.57429	0.27828	0.01042	0.01317	0.01248	0.00958	0.01277	0.00831	0.01196	0.00649	0.00443	0.00458	0.00148	0.00591	0.00408	0.00211	0.00579
52	0.01252	0.01421	0.01714	0.01346	0.01637	0.30545	0.33180	0.02659	0.01114	0.01303	0.00962	0.01361	0.00826	0.11834	0.00724	0.00178	0.00706	0.00459	0.06251	0.00530
53	0.00583	0.00467	0.00521	0.00507	0.00645	0.00405	0.00381	0.00737	0.01142	0.01466	0.33252	0.04047	0.52073	0.01078	0.00542	0.00151	0.00227	0.00917	0.00456	0.00405
54	0.01662	0.02108	0.01420	0.01246	0.01502	0.75191	0.07514	0.01803	0.01283	0.01153	0.00728	0.00863	0.00600	0.00466	0.00425	0.00121	0.00823	0.00316	0.00236	0.00540
55	0.01021	0.01005	0.01351	0.03527	0.01235	0.03443	0.00968	0.02718	0.00761	0.01155	0.00669	0.01082	0.00651	0.03010	0.01416	0.00200	0.72294	0.00407	0.02587	0.00501
56	0.02056	0.00788	0.01070	0.00820	0.01175	0.00685	0.00677	0.03260	0.01325	0.80281	0.01802	0.01557	0.01132	0.00568	0.00462	0.00142	0.00392	0.00461	0.00567	0.00781
57	0.00867	0.00816	0.01377	0.82762	0.03162	0.01020	0.01275	0.01173	0.00918	0.01173	0.00816	0.01224	0.00612	0.00459	0.00459	0.00153	0.00612	0.00408	0.00204	0.00510
58	0.01715	0.02188	0.01301	0.01183	0.01419	0.82022	0.00887	0.01833	0.01301	0.01124	0.00710	0.00828	0.00591	0.00473	0.00414	0.00118	0.00828	0.00296	0.00237	0.00532
59	0.00574	0.00430	0.00534	0.00585	0.00659	0.00389	0.00409	0.00691	0.01006	0.01328	0.19391	0.48166	0.21625	0.01269	0.00566	0.00170	0.00248	0.01127	0.00443	0.00389
60	0.00714	0.00417	0.00584	0.00617	0.00634	0.00412	0.00419	0.00648	0.00712	0.00950	0.01434	0.22145	0.01600	0.12052	0.03868	0.45777	0.00398	0.06062	0.00282	0.00274
61	0.01261	0.78429	0.02329	0.00813	0.01195	0.07407	0.00793	0.01407	0.00958	0.01083	0.00643	0.00743	0.00589	0.00398	0.00303	0.00100	0.00514	0.00249	0.00199	0.00585
62	0.00867	0.00816	0.01377	0.82762	0.03162	0.01020	0.01275	0.01173	0.00918	0.01173	0.00816	0.01224	0.00612	0.00459	0.00459	0.00153	0.00612	0.00408	0.00204	0.00510
63	0.02011	0.00785	0.01060	0.00816	0.01164	0.00687	0.00673	0.04210	0.01336	0.76971	0.04083	0.01605	0.01220	0.00579	0.00464	0.00142	0.00389	0.00471	0.00564	0.00771
64	0.00621	0.00468	0.00573	0.00547	0.00668	0.00421	0.00410	0.00810	0.01231	0.01678	0.60084	0.03698	0.25109	0.00999	0.00542	0.00147	0.00221	0.00868	0.00484	0.00421
65	0.01308	0.01035	0.01106	0.00952	0.01238	0.01173	0.00753	0.17600	0.60764	0.06183	0.01715	0.01585	0.01266	0.00606	0.00465	0.00151	0.00393	0.00495	0.00471	0.00740
66	0.00665	0.00556	0.00653	0.06931	0.00915	0.00559	0.00505	0.00936	0.11219	0.01293	0.03253	0.24415	0.39908	0.03114	0.00607	0.00171	0.02523	0.00933	0.00405	0.00437
67	0.00579	0.00421	0.00581	0.00673	0.00712	0.00395	0.01750	0.00672	0.00893	0.01189	0.02498	0.77388	0.02974	0.01410	0.00588	0.00187	0.00284	0.06000	0.00423	0.00380
68	0.00952	0.00816	0.00952	0.00680	0.01088	0.00612	0.00544	0.01156	0.00952	0.01496	0.00816	0.00952	0.00680	0.00340	0.00340	0.00068	0.00340	0.00272	0.00272	0.86672
69	0.00867	0.00816	0.01377	0.82762	0.03162	0.01020	0.01275	0.01173	0.00918	0.01173	0.00816	0.01224	0.00612	0.00459	0.00459	0.00153	0.00612	0.00408	0.00204	0.00510
70	0.00947	0.00538	0.00692	0.00614	0.00784	0.00480	0.00474	0.01140	0.01264	0.19435	0.51612	0.03164	0.15258	0.00890	0.00524	0.00145	0.00258	0.00769	0.00507	0.00504
71	0.01393	0.44851	0.01856	0.00967	0.02226	0.29572	0.00826	0.03739	0.06463	0.01214	0.00803	0.00952	0.00699	0.00461	0.00362	0.00113	0.00599	0.02080	0.00241	0.00582
72	0.01130	0.01163	0.02325	0.02085	0.24115	0.01115	0.50771	0.04099	0.01109	0.03514	0.00985	0.03601	0.00787	0.00434	0.00514	0.00150	0.00677	0.00521	0.00253	0.00652
73	0.00609	0.00424	0.00522	0.00580	0.00601	0.00407	0.00368	0.00659	0.00798	0.01059	0.02132	0.45178	0.04803	0.36464	0.01330	0.00296	0.00345	0.02730	0.00363	0.00334
74	0.00797	0.00399	0.00598	0.00598	0.00598	0.00399	0.00399	0.00598	0.00598	0.00797	0.00797	0.01396	0.00797	0.01595	0.01794	0.86643	0.00399	0.00399	0.00199	0.00199
75	0.00658	0.00535	0.02826	0.00742	0.00835	0.00573	0.00589	0.00823	0.00750	0.01078	0.01297	0.06449	0.01251	0.04853	0.73706	0.00685	0.01145	0.00538	0.00255	0.00412
76	0.01134	0.01096	0.01892	0.02788	0.78330	0.01093	0.04057	0.01411	0.01047	0.01499	0.00866	0.01140	0.00726	0.00408	0.00457	0.00137	0.00553	0.00414	0.00227	0.00724
77	0.00656	0.00492	0.00738	0.00738	0.00820	0.00574	0.00574	0.00820	0.00738	0.01066	0.01230	0.01804	0.01148	0.03443	0.82046	0.00738	0.01230	0.00492	0.00246	0.00410
78	0.00910	0.00698	0.00789	0.00726	0.00908	0.00732	0.00554	0.05875	0.28743	0.04435	0.26389	0.11055	0.13267	0.00870	0.00510	0.00153	0.00297	0.00748	0.01788	0.00554
79	0.00701	0.00559	0.00809	0.00781	0.00854	0.00673	0.00614	0.00843	0.00751	0.01076	0.01369	0.01863	0.06615	0.02864	0.62908	0.02936	0.12609	0.00510	0.00251	0.00416
80	0.00708	0.00507	0.00701	0.00788	0.00885	0.00499	0.00665	0.00906	0.01069	0.01413	0.12674	0.13531	0.02906	0.01244	0.00617	0.00200	0.00379	0.59456	0.00434	0.00419
81	0.00915	0.02312	0.78743	0.01293	0.01952	0.01048	0.01664	0.01437	0.00972	0.01451	0.00878	0.01112	0.00652	0.00464	0.00443	0.00148	0.00670	0.02976	0.00202	0.00670
82	0.00921	0.02375	0.81487	0.01309	0.01987	0.01066	0.01696	0.01454	0.00969	0.01454	0.00824	0.00969	0.00582	0.00436	0.00436	0.00145	0.00678	0.00339	0.00194	0.00678
83	0.00809	0.00603	0.00786	0.00862	0.03016	0.00617	0.00684	0.06483	0.07545	0.01493	0.04120	0.21274	0.03893	0.01170	0.00590	0.00192	0.00385	0.44583	0.00427	0.00469
84	0.00558	0.00404	0.00528	0.00626	0.00662	0.00374	0.00420	0.00641	0.00891	0.01177	0.02689	0.77646	0.08854	0.01418	0.00583	0.00184	0.00264	0.01280	0.00426	0.00374
85	0.63502	0.03558	0.10064	0.00766	0.01094	0.06685	0.02601	0.01392	0.00860	0.02824	0.00734	0.02868	0.00592	0.00456	0.00327	0.00141	0.00437	0.00298	0.00274	0.00526
86	0.01706	0.04942	0.01333	0.01161	0.01406	0.77514	0.00879	0.01827	0.01289	0.02880	0.00731	0.00841	0.00603	0.00472	0.00411	0.00118	0.00807	0.00298	0.00242	0.00540
87	0.00645	0.00482	0.00562	0.00537	0.00679	0.00422	0.00407	0.00811	0.01168	0.03843	0.39131	0.03857	0.41064	0.01035	0.00539	0.00150	0.00235	0.02458	0.00464	0.01511
88	0.01494	0.02271	0.06656	0.00811	0.01205	0.00739	0.00706	0.03700	0.05142	0.38321	0.01332	0.01273	0.00921	0.00472	0.00411	0.00114	0.00395	0.00380	0.00416	0.33240
89	0.74674	0.00933	0.00703	0.00631	0.00905	0.05714	0.00513	0.01344	0.00839	0.03260	0.00942	0.01020	0.06112	0.00483	0.00313	0.00142	0.00375	0.00305	0.00296	0.00496
90	0.02890	0.00775	0.00946	0.00782	0.01061	0.00760	0.00627	0.03691	0.20483	0.42630	0.09387	0.01773	0.01496	0.00611	0.00452	0.00142	0.00350	0.00503	0.09949	0.00691
91	0.00867	0.00816	0.01377	0.82762	0.03162	0.01020	0.01275	0.01173	0.00918	0.01173	0.00816	0.01224	0.00612	0.00459	0.00459	0.00153	0.00612	0.00408	0.00204	0.00510
92	0.01148	0.01228	0.02548	0.03455	0.02316	0.01175	0.70070	0.08167	0.01175	0.02579	0.00952	0.01230	0.00708	0.00405	0.00532	0.00153	0.00743	0.00527	0.00255	0.00633
93	0.00627	0.00464	0.00586	0.00565	0.00675	0.00422	0.00420	0.00819	0.01232	0.01704	0.63802	0.09165	0.15802	0.01007	0.00545	0.00149	0.00222	0.00884	0.00488	0.00422
94	0.00667	0.00449	0.00522	0.00522	0.00529	0.00456	0.00304	0.00681	0.00674	0.00906	0.01428	0.02899	0.01623	0.76811	0.09328	0.00471	0.00514	0.00652	0.00275	0.00290
95	0.00964	0.09557	0.68839	0.01236	0.01860	0.01138	0.01548	0.01516	0.06487	0.01453	0.00880	0.01000	0.00639	0.00445	0.00426	0.00142	0.00640	0.00343	0.00213	0.00674
96	0.00886	0.00835	0.01411	0.77190	0.08588	0.01025	0.01284	0.01189	0.00927	0.01196	0.00819	0.01218	0.00620	0.00456	0.00459	0.00152	0.00607	0.00408	0.00206	0.00525
97	0.00797	0.00399	0.00598	0.00598	0.00598	0.00399	0.00399	0.00598	0.00598	0.00797	0.00797	0.01396	0.00797	0.01595	0.01794	0.86643	0.00399	0.00399	0.00199	0.00199
98	0.00739	0.00517	0.00707	0.00803	0.00908	0.00514	0.00694	0.00945	0.01046	0.01389	0.02419	0.06828	0.04353	0.01219	0.00609	0.00202	0.00400	0.68871	0.06417	0.00421
99	0.02231	0.04359	0.33361	0.03673	0.10124	0.04717	0.12876	0.15291	0.02473	0.04119	0.00934	0.01080	0.00687	0.00455	0.00451	0.00142	0.00623	0.00393	0.01333	0.00678
100	0.00777	0.00400	0.00591	0.00598	0.00600	0.00398	0.00397	0.00603	0.00620	0.00826	0.00936	0.07167	0.00977	0.03827	0.01725	0.78266	0.00391	0.00469	0.00217	0.00214
101	0.00976	0.01922	0.53029	0.03205	0.02012	0.01096	0.18838	0.03448	0.01013	0.01467	0.00896	0.01182	0.00684	0.00477	0.00526	0.00153	0.05201	0.03010	0.00218	0.00646
102	0.00952	0.00816	0.00952	0.00680	0.01088	0.00612	0.00544	0.01156	0.00952	0.01496	0.00816	0.00952	0.00680	0.00340	0.00340	0.00068	0.00340	0.00272	0.00272	0.86672
103	0.07126	0.42542	0.27884	0.00955	0.01429	0.03442	0.01053	0.03663	0.00980	0.01347	0.00724	0.00838	0.00591	0.00413	0.00350	0.00117	0.00543	0.00284	0.00215	0.05505
104	0.00938	0.06120	0.61104	0.01275	0.01854	0.01078	0.08309	0.01423	0.02729	0.01465	0.06413	0.01170	0.00872	0.00479	0.00476	0.00146	0.02884	0.00392	0.00225	0.00648
105	0.03424	0.01192	0.04300	0.03920	0.12659	0.06679	0.38660	0.01629	0.04489	0.14687	0.03020	0.01303	0.00874	0.00454	0.00493	0.00147	0.00635	0.00483	0.00303	0.00650
106	0.11461	0.00793	0.01022	0.00793	0.01141	0.00714	0.00655	0.02139	0.01255	0.72558	0.01682	0.01472	0.01066	0.00553	0.00442	0.00142	0.00387	0.00438	0.00537	0.00750
107	0.00797	0.00399	0.00598	0.00598	0.00598	0.00399	0.00399	0.00598	0.00598	0.00797	0.00797	0.01396	0.00797	0.01595	0.01794	0.86643	0.00399	0.00399	0.00199	0.00199
108	0.01179	0.01087	0.01456	0.01184	0.01412	0.08490	0.17697	0.20598	0.01260	0.01673	0.01255	0.12684	0.01195	0.02113	0.00724	0.00168	0.15751	0.06802	0.02703	0.00569
109	0.01712	0.01056	0.01197	0.00945	0.01283	0.01119	0.00772	0.40172	0.15626	0.26728	0.01465	0.01367	0.01010	0.00569	0.00458	0.00141	0.00437	0.00447	0.02734	0.00762
110	0.00658	0.00482	0.00690	0.00690	0.00755	0.00548	0.00514	0.00789	0.00724	0.01030	0.01274	0.02048	0.01254	0.19804	0.65831	0.00678	0.01070	0.00528	0.00253	0.00383
111	0.00558	0.00466	0.00486	0.00481	0.00629	0.00394	0.00361	0.00688	0.01082	0.01324	0.15270	0.04280	0.70144	0.01131	0.00542	0.00154	0.00230	0.00950	0.00437	0.00394
112	0.01311	0.07261	0.03884	0.06759	0.42517	0.27781	0.01194	0.01534	0.01112	0.01326	0.00793	0.01007	0.00662	0.00433	0.00430	0.00129	0.00642	0.00358	0.00226	0.00639
113	0.00646	0.00444	0.00545	0.00591	0.00614	0.00436	0.00388	0.00700	0.00786	0.01043	0.01909	0.27219	0.02214	0.47549	0.01573	0.00335	0.00389	0.11949	0.00343	0.00327
114	0.00921	0.02375	0.81487	0.01309	0.01987	0.01066	0.01696	0.01454	0.00969	0.01454	0.00824	0.00969	0.00582	0.00436	0.00436	0.00145	0.00678	0.00339	0.00194	0.00678
115	0.00772	0.00701	0.04922	0.03174	0.18503	0.00614	0.02853	0.00941	0.00966	0.03720	0.04477	0.45516	0.08914	0.01046	0.00537	0.00166	0.00370	0.00950	0.00367	0.00491
116	0.00867	0.00816	0.01377	0.82762	0.03162	0.01020	0.01275	0.01173	0.00918	0.01173	0.00816	0.01224	0.00612	0.00459	0.00459	0.00153	0.00612	0.00408	0.00204	0.00510
117	0.00691	0.00552	0.00886	0.00829	0.00936	0.00628	0.06071	0.00870	0.00761	0.01095	0.01199	0.01751	0.01108	0.03188	0.75068	0.00689	0.02515	0.00494	0.00244	0.00426
118	0.18433	0.04996	0.01542	0.01862	0.39759	0.18773	0.03436	0.01483	0.01036	0.01500	0.00771	0.00973	0.00642	0.00435	0.00433	0.00134	0.02581	0.00349	0.00239	0.00624
119	0.00976	0.02362	0.75897	0.01300	0.01947	0.06709	0.01640	0.01480	0.00992	0.01431	0.00816	0.00959	0.00582	0.00439	0.00435	0.00144	0.00689	0.00336	0.00197	0.00668
120	0.00677	0.00526	0.00626	0.00621	0.00698	0.02469	0.00449	0.00776	0.00959	0.01271	0.21245	0.14975	0.19072	0.14560	0.05629	0.06269	0.05266	0.03156	0.00377	0.00378
121	0.01189	0.46287	0.25798	0.01039	0.01505	0.09432	0.05089	0.01461	0.00993	0.02412	0.00733	0.00853	0.00601	0.00416	0.00364	0.00118	0.00593	0.00297	0.00207	0.00615
122	0.06907	0.00856	0.01354	0.68019	0.08830	0.01998	0.01213	0.01204	0.00920	0.01258	0.00824	0.02165	0.00641	0.00469	0.00460	0.00152	0.01586	0.00406	0.00214	0.00524
123	0.01957	0.00767	0.01039	0.00804	0.01142	0.00670	0.00661	0.03349	0.01326	0.74554	0.07303	0.01686	0.01354	0.00594	0.00467	0.00142	0.00380	0.00487	0.00562	0.00757
124	0.00963	0.00867	0.01377	0.73818	0.02972	0.01064	0.01231	0.09744	0.01054	0.01361	0.00847	0.01211	0.00630	0.00469	0.00459	0.00151	0.00600	0.00409	0.00232	0.00540
125	0.04789	0.04277	0.17558	0.03421	0.01489	0.05715	0.07224	0.11491	0.12080	0.18261	0.04881	0.03599	0.02039	0.00559	0.00455	0.00144	0.00511	0.00463	0.00375	0.00668
126	0.00553	0.00462	0.00482	0.00484	0.00628	0.00391	0.00360	0.00676	0.01060	0.01290	0.11300	0.08349	0.70076	0.01157	0.00545	0.00156	0.00233	0.00974	0.00433	0.00391
127	0.00678	0.00485	0.00670	0.00664	0.00712	0.00543	0.00478	0.00764	0.00705	0.00992	0.01256	0.02150	0.01282	0.29641	0.48582	0.06075	0.03176	0.00541	0.00252	0.00356
128	0.01031	0.01946	0.54377	0.07631	0.02054	0.01103	0.12268	0.08104	0.03221	0.02652	0.00903	0.01065	0.00646	0.00448	0.00456	0.00147	0.00659	0.00385	0.00235	0.00669
129	0.00950	0.00861	0.01411	0.67254	0.10561	0.01934	0.02164	0.01266	0.02599	0.03950	0.00903	0.01299	0.00692	0.00474	0.00462	0.00152	0.00594	0.01701	0.00228	0.00545
130	0.00681	0.00449	0.00534	0.00537	0.00551	0.00457	0.00328	0.00699	0.00692	0.00942	0.01425	0.02836	0.01590	0.67019	0.09928	0.04721	0.00511	0.02970	0.02834	0.00296
131	0.00722	0.00564	0.00668	0.00636	0.00774	0.00560	0.00477	0.01124	0.16638	0.01710	0.47387	0.10003	0.15063	0.00952	0.00531	0.00152	0.00252	0.00830	0.00479	0.00479
132	0.00975	0.00704	0.01081	0.00936	0.01135	0.00700	0.12675	0.01243	0.06232	0.13442	0.06660	0.10941	0.13055	0.01118	0.07180	0.00216	0.05169	0.15619	0.00397	0.00521
133	0.00790	0.00527	0.02372	0.00580	0.00719	0.00466	0.00453	0.01011	0.02168	0.07276	0.47797	0.06931	0.08211	0.00856	0.00491	0.00140	0.00244	0.00742	0.17766	0.00459
134	0.00973	0.00961	0.01356	0.05208	0.01272	0.01329	0.00985	0.01082	0.00724	0.01112	0.00722	0.05661	0.00740	0.00822	0.01403	0.00198	0.74291	0.00453	0.00214	0.00495
135	0.05847	0.00816	0.00932	0.00681	0.01071	0.00643	0.00544	0.02455	0.00960	0.01542	0.00858	0.03222	0.00736	0.00379	0.00346	0.00077	0.00342	0.00302	0.00280	0.77970

[dist]
# distance from previous block
# <min> <max>
0	1

[block]
# block no. 3 follows, 56 sequences, length 9
# corresponding to MSA columns:
# 434-442
name=unknown_D
#
# <colnr> <probs for GDERKNQSTAVLIFYWHMCP>
#	G	D	E	R	K	N	Q	S	T	A	V	L	I	F	Y	W	H	M	C	P
0	0.01055	0.21198	0.27142	0.05934	0.11342	0.04084	0.07950	0.01402	0.03242	0.02612	0.03036	0.01263	0.05513	0.00482	0.00423	0.00133	0.00571	0.00401	0.00240	0.01976
1	0.00797	0.00628	0.00760	0.00647	0.00870	0.00546	0.00507	0.03554	0.03228	0.01690	0.39036	0.02675	0.08117	0.00757	0.00476	0.00124	0.00286	0.05857	0.00414	0.29031
2	0.04857	0.07550	0.01774	0.16940	0.43416	0.01138	0.07934	0.05759	0.01075	0.01518	0.03184	0.01178	0.00791	0.00439	0.00446	0.00139	0.00553	0.00413	0.00245	0.00652
3	0.01566	0.01654	0.01297	0.01123	0.01380	0.47816	0.05711	0.01904	0.14158	0.11586	0.03653	0.01183	0.00922	0.00531	0.00480	0.00133	0.03590	0.00390	0.00324	0.00597
4	0.00783	0.00404	0.00587	0.00587	0.00587	0.00404	0.00385	0.00606	0.00606	0.00808	0.00871	0.01577	0.00896	0.10900	0.01856	0.76894	0.00404	0.00429	0.00208	0.00208
5	0.00584	0.00477	0.00519	0.00526	0.00660	0.00422	0.00388	0.00757	0.04285	0.01340	0.14698	0.16194	0.55226	0.01152	0.00546	0.00158	0.00241	0.00983	0.00439	0.00405
6	0.01034	0.00979	0.01628	0.33301	0.46464	0.01067	0.01317	0.01380	0.05705	0.01400	0.00905	0.01204	0.00723	0.00441	0.00457	0.00144	0.00560	0.00415	0.00233	0.00644
7	0.00712	0.00451	0.00663	0.00663	0.00706	0.00494	0.00480	0.00720	0.00677	0.00946	0.01079	0.01747	0.01055	0.09581	0.43880	0.34289	0.00838	0.00470	0.00230	0.00316
8	0.04299	0.00793	0.01038	0.00810	0.01144	0.00718	0.00664	0.05797	0.03695	0.67617	0.07097	0.01649	0.01326	0.00590	0.00462	0.00142	0.00382	0.00480	0.00548	0.00748

[dist]
# distance from previous block
# <min> <max>
0	15

[block]
# block no. 4 follows, 56 sequences, length 7
# corresponding to MSA columns:
# 461-467
name=unknown_E
#
# <colnr> <probs for GDERKNQSTAVLIFYWHMCP>
#	G	D	E	R	K	N	Q	S	T	A	V	L	I	F	Y	W	H	M	C	P
0	0.01046	0.00973	0.01585	0.39704	0.36106	0.01094	0.01293	0.06475	0.01045	0.01424	0.00846	0.01169	0.00672	0.00459	0.00503	0.00147	0.04201	0.00409	0.00231	0.00620
1	0.00668	0.00445	0.00501	0.00501	0.00501	0.00445	0.00278	0.00668	0.00668	0.00890	0.01447	0.03004	0.01669	0.83866	0.02337	0.00445	0.00445	0.00668	0.00278	0.00278
2	0.00921	0.02375	0.81487	0.01309	0.01987	0.01066	0.01696	0.01454	0.00969	0.01454	0.00824	0.00969	0.00582	0.00436	0.00436	0.00145	0.00678	0.00339	0.00194	0.00678
3	0.00946	0.02162	0.68085	0.01251	0.01841	0.05621	0.01546	0.01421	0.00998	0.01426	0.00993	0.01422	0.00807	0.00529	0.00457	0.00151	0.00659	0.08821	0.00221	0.00642
4	0.01111	0.06709	0.14983	0.13401	0.26558	0.03589	0.05650	0.06631	0.01084	0.03908	0.03992	0.02971	0.00869	0.00504	0.00522	0.00144	0.06051	0.00428	0.00256	0.00638
5	0.04425	0.01152	0.01267	0.10449	0.01425	0.19072	0.04656	0.01246	0.00891	0.01172	0.00805	0.01204	0.00733	0.05439	0.09684	0.00241	0.32731	0.00404	0.02513	0.00491
6	0.64734	0.01020	0.00873	0.00788	0.03374	0.08260	0.03347	0.04492	0.00926	0.05022	0.00751	0.00856	0.00575	0.00442	0.00325	0.00139	0.00421	0.00288	0.02836	0.00531

[dist]
# distance from previous block
# <min> <max>
0	1

[block]
# block no. 5 follows, 56 sequences, length 16
# corresponding to MSA columns:
# 470-485
name=unknown_F
#
# <colnr> <probs for GDERKNQSTAVLIFYWHMCP>
#	G	D	E	R	K	N	Q	S	T	A	V	L	I	F	Y	W	H	M	C	P
0	0.03075	0.03021	0.08242	0.01015	0.04689	0.16590	0.03798	0.01471	0.17889	0.01325	0.01210	0.01615	0.01064	0.14604	0.18089	0.00316	0.00705	0.00461	0.00290	0.00532
1	0.00924	0.00734	0.02876	0.00684	0.00896	0.00692	0.00547	0.17536	0.05963	0.04304	0.15988	0.06721	0.33066	0.04365	0.00587	0.00161	0.00325	0.00756	0.00438	0.02436
2	0.08637	0.28643	0.12538	0.00962	0.04439	0.04978	0.00880	0.06198	0.01103	0.15643	0.05982	0.01207	0.02437	0.00512	0.00436	0.00129	0.03967	0.00373	0.00312	0.00625
3	0.11516	0.01050	0.02985	0.13460	0.08558	0.12989	0.00857	0.08435	0.03233	0.01482	0.01220	0.12820	0.01193	0.05597	0.00648	0.00173	0.06486	0.06470	0.00303	0.00526
4	0.03371	0.00768	0.00975	0.00784	0.01072	0.00723	0.00634	0.09446	0.06025	0.47780	0.21162	0.01969	0.01891	0.00658	0.00478	0.00143	0.00357	0.00547	0.00530	0.00686
5	0.00867	0.00816	0.01377	0.82762	0.03162	0.01020	0.01275	0.01173	0.00918	0.01173	0.00816	0.01224	0.00612	0.00459	0.00459	0.00153	0.00612	0.00408	0.00204	0.00510
6	0.02427	0.02834	0.27865	0.09464	0.12410	0.08887	0.02802	0.10270	0.05694	0.05375	0.01154	0.02418	0.03891	0.00524	0.00452	0.00143	0.00584	0.01873	0.00285	0.00648
7	0.00696	0.00477	0.00598	0.00562	0.00685	0.00435	0.00423	0.00897	0.01245	0.04533	0.62832	0.03402	0.14670	0.00933	0.00526	0.00144	0.00225	0.00813	0.05464	0.00439
8	0.00660	0.00476	0.00655	0.00655	0.00708	0.00529	0.00471	0.00767	0.00713	0.01004	0.01305	0.02223	0.01330	0.31548	0.54191	0.00636	0.00956	0.00553	0.00257	0.00364
9	0.11434	0.01892	0.50521	0.01256	0.01801	0.03315	0.10837	0.06057	0.03119	0.01614	0.00907	0.01134	0.00685	0.00468	0.00439	0.00147	0.00628	0.02860	0.00241	0.00644
10	0.00957	0.02262	0.01280	0.44262	0.05014	0.00930	0.04885	0.02779	0.08576	0.05615	0.01314	0.09672	0.01174	0.00655	0.00492	0.00160	0.00525	0.08605	0.00300	0.00542
11	0.05619	0.00789	0.01030	0.00798	0.01139	0.00708	0.00658	0.05305	0.01309	0.70803	0.01717	0.01516	0.01097	0.00560	0.00447	0.00140	0.00385	0.00449	0.04780	0.00752
12	0.00679	0.00488	0.00609	0.00608	0.00725	0.00452	0.00465	0.00875	0.02689	0.03741	0.40260	0.11222	0.20408	0.03175	0.00601	0.00168	0.00267	0.11676	0.00464	0.00428
13	0.01078	0.24972	0.47711	0.01195	0.01752	0.03216	0.07236	0.05284	0.01034	0.01414	0.00791	0.00928	0.00602	0.00427	0.00405	0.00132	0.00629	0.00331	0.00212	0.00651
14	0.00954	0.00744	0.05427	0.00833	0.05371	0.00696	0.00601	0.01307	0.16810	0.10340	0.01592	0.04456	0.03497	0.33684	0.11393	0.00340	0.00529	0.00584	0.00345	0.00496
15	0.00615	0.00437	0.00555	0.00595	0.00633	0.00433	0.00395	0.00691	0.00820	0.01104	0.06687	0.34821	0.06615	0.29396	0.13755	0.00354	0.00470	0.00919	0.00353	0.00351

[dist]
# distance from previous block
# <min> <max>
2	11

[block]
# block no. 6 follows, 56 sequences, length 37
# corresponding to MSA columns:
# 497-531,538,539
name=unknown_G
#
# <colnr> <probs for GDERKNQSTAVLIFYWHMCP>
#	G	D	E	R	K	N	Q	S	T	A	V	L	I	F	Y	W	H	M	C	P
0	0.04147	0.03503	0.16190	0.00958	0.01169	0.08906	0.01901	0.01200	0.01740	0.05090	0.01156	0.04217	0.01133	0.19580	0.03078	0.00242	0.17753	0.07270	0.00272	0.00495
1	0.00808	0.03621	0.11066	0.03252	0.06184	0.00675	0.04575	0.01038	0.01029	0.03728	0.08031	0.17451	0.10609	0.00967	0.00540	0.00169	0.00420	0.22940	0.00367	0.02530
2	0.01341	0.35889	0.10611	0.00911	0.01283	0.08091	0.02702	0.04340	0.06086	0.15575	0.08009	0.01239	0.01075	0.00503	0.00394	0.00123	0.00497	0.00380	0.00320	0.00631
3	0.01097	0.02019	0.60922	0.01317	0.01925	0.01024	0.10927	0.01564	0.01030	0.12436	0.00972	0.01083	0.00672	0.00448	0.00452	0.00146	0.00650	0.00381	0.00250	0.00685
4	0.01180	0.01132	0.04180	0.19999	0.25175	0.06992	0.07280	0.09032	0.07157	0.05074	0.02418	0.01303	0.02616	0.00503	0.00507	0.00146	0.03942	0.00439	0.00286	0.00640
5	0.00580	0.00418	0.00540	0.00618	0.00663	0.00389	0.00421	0.00675	0.00927	0.01234	0.10697	0.62184	0.08693	0.06533	0.00690	0.00197	0.00275	0.03467	0.00425	0.00376
