[name]
unknown

[dist]
# distance from previous block
# <min> <max>
19	100

[block]
# block no. 0 follows, 56 sequences, length 46
# corresponding to MSA columns:
# 1713-1715,1717-1751,1756-1763
name=unknown_A
#
# <colnr> <probs for GDERKNQSTAVLIFYWHMCP>
#	G	D	E	R	K	N	Q	S	T	A	V	L	I	F	Y	W	H	M	C	P
0	0.04217	0.18660	0.30619	0.01094	0.04558	0.07168	0.02599	0.02924	0.05595	0.01402	0.03626	0.08870	0.03623	0.00583	0.00452	0.00139	0.02550	0.00460	0.00263	0.00598
1	0.05613	0.00901	0.01447	0.22612	0.22111	0.00967	0.10846	0.01353	0.09230	0.03346	0.01266	0.06527	0.04294	0.05469	0.00599	0.00169	0.01867	0.00523	0.00281	0.00580
2	0.01032	0.00847	0.01000	0.00756	0.03044	0.00669	0.00587	0.05403	0.01030	0.03973	0.00862	0.00983	0.00700	0.00360	0.00353	0.00076	0.00355	0.00289	0.00290	0.77390
3	0.00952	0.00886	0.04296	0.48096	0.12924	0.00957	0.01141	0.03303	0.05244	0.03192	0.03416	0.02813	0.00937	0.00571	0.00517	0.03348	0.00544	0.03967	0.00260	0.02637
4	0.05084	0.00577	0.00683	0.00596	0.00791	0.00544	0.00468	0.01392	0.03019	0.25161	0.18448	0.02145	0.06501	0.00664	0.00424	0.00131	0.00278	0.00549	0.32007	0.00541
5	0.00564	0.00402	0.00531	0.00633	0.00658	0.00376	0.00419	0.00641	0.00869	0.01159	0.02481	0.79896	0.02974	0.05193	0.00666	0.00198	0.00274	0.01276	0.00419	0.00369
6	0.00587	0.00422	0.00556	0.00652	0.00695	0.00397	0.00458	0.00683	0.00902	0.01190	0.02574	0.65851	0.06702	0.04911	0.00665	0.00199	0.00293	0.11468	0.00419	0.00376
7	0.01002	0.00938	0.04647	0.00736	0.01151	0.02477	0.00619	0.04620	0.01013	0.01547	0.00827	0.00957	0.00678	0.00357	0.00351	0.00076	0.00374	0.00282	0.00276	0.77074
8	0.00581	0.00424	0.00548	0.00613	0.00672	0.00391	0.00427	0.00697	0.00990	0.01325	0.19202	0.56392	0.11580	0.01300	0.00573	0.00175	0.00256	0.03025	0.00443	0.00388
9	0.06251	0.00623	0.00780	0.00661	0.00888	0.00567	0.00524	0.01491	0.01204	0.36576	0.24016	0.05316	0.08536	0.00740	0.00470	0.00142	0.00304	0.00621	0.09709	0.00583
10	0.11559	0.01973	0.01234	0.01112	0.01352	0.67600	0.00845	0.04486	0.01255	0.01293	0.00712	0.00833	0.00587	0.00480	0.00431	0.00124	0.03042	0.00297	0.00249	0.00536
11	0.04079	0.00688	0.00873	0.07100	0.03313	0.00718	0.02894	0.01353	0.20135	0.04492	0.31325	0.02699	0.11002	0.00792	0.00501	0.00151	0.00330	0.04316	0.02705	0.00532
12	0.01061	0.00806	0.00968	0.03151	0.01143	0.00646	0.00582	0.03927	0.01049	0.09071	0.06126	0.01184	0.00962	0.00411	0.00372	0.00085	0.00351	0.00335	0.00319	0.67450
13	0.00623	0.00448	0.00602	0.00694	0.00757	0.00427	0.00524	0.00756	0.00973	0.01289	0.08426	0.49845	0.05730	0.01337	0.00596	0.00190	0.00311	0.25646	0.00431	0.00394
14	0.00549	0.00441	0.00490	0.00529	0.00637	0.00382	0.00377	0.00652	0.00985	0.01215	0.03871	0.33538	0.52199	0.01264	0.00559	0.00167	0.00245	0.01093	0.00426	0.00382
15	0.01210	0.49733	0.25739	0.00968	0.01439	0.03237	0.01060	0.06587	0.01046	0.04131	0.00767	0.00861	0.00619	0.00424	0.00356	0.00117	0.00551	0.00293	0.00227	0.00634
16	0.00673	0.00479	0.00712	0.00712	0.00781	0.00548	0.00542	0.00788	0.00718	0.01027	0.01186	0.01800	0.01125	0.06218	0.69479	0.11001	0.01101	0.00487	0.00242	0.00380
17	0.01180	0.00908	0.00989	0.00881	0.01133	0.01013	0.00686	0.03366	0.61880	0.09925	0.05570	0.04556	0.04511	0.00678	0.00477	0.00155	0.00353	0.00568	0.00476	0.00695
18	0.00571	0.00412	0.00532	0.00617	0.00657	0.00383	0.00416	0.00657	0.00901	0.01194	0.06301	0.67787	0.09061	0.06364	0.00687	0.00198	0.00274	0.02195	0.00421	0.00372
19	0.01046	0.06987	0.56967	0.01208	0.01769	0.02274	0.04326	0.01517	0.04100	0.07915	0.01071	0.01249	0.02641	0.00500	0.00464	0.00146	0.02220	0.02690	0.00250	0.00661
20	0.01032	0.00708	0.00789	0.00703	0.00830	0.02593	0.00502	0.16601	0.07011	0.05739	0.03288	0.03713	0.01374	0.35724	0.05539	0.10113	0.00477	0.00558	0.02255	0.00451
21	0.00559	0.00400	0.00533	0.00639	0.00666	0.00373	0.00426	0.00639	0.00879	0.01172	0.02530	0.83566	0.03036	0.01438	0.00586	0.00186	0.00266	0.01305	0.00426	0.00373
22	0.04985	0.01123	0.11610	0.00949	0.03329	0.06516	0.00823	0.08358	0.09521	0.35158	0.03218	0.05141	0.05970	0.00620	0.00460	0.00145	0.00450	0.00501	0.00440	0.00683
23	0.02763	0.00938	0.04027	0.06724	0.07137	0.07082	0.00787	0.12370	0.03764	0.15212	0.02833	0.18416	0.05333	0.02447	0.00557	0.00162	0.02411	0.06064	0.00393	0.00580
24	0.08761	0.01177	0.03406	0.00951	0.01283	0.10923	0.02194	0.25195	0.09744	0.27218	0.01321	0.01265	0.00916	0.00538	0.00438	0.00139	0.00482	0.00412	0.02931	0.00706
25	0.69178	0.04633	0.04971	0.05582	0.03917	0.02650	0.00657	0.01357	0.00825	0.01896	0.00668	0.00800	0.00522	0.00427	0.00311	0.00140	0.00409	0.00269	0.00268	0.00520
26	0.00627	0.00468	0.00582	0.00554	0.00672	0.00424	0.00415	0.00823	0.01246	0.01715	0.64736	0.03638	0.20434	0.00986	0.00542	0.00147	0.00220	0.00859	0.00489	0.00424
27	0.04994	0.02767	0.25765	0.03252	0.09581	0.03710	0.34554	0.01456	0.01025	0.03786	0.00898	0.01154	0.00685	0.02461	0.00537	0.00155	0.01918	0.00439	0.00232	0.00631
28	0.00960	0.07698	0.66629	0.01345	0.03495	0.01134	0.07208	0.01439	0.00969	0.01421	0.00813	0.00977	0.00594	0.00440	0.00466	0.00144	0.03056	0.00351	0.00198	0.00664
29	0.00806	0.00572	0.00680	0.00630	0.00788	0.00553	0.00480	0.01168	0.13970	0.07525	0.43023	0.05864	0.20303	0.00926	0.00525	0.00150	0.00258	0.00799	0.00484	0.00494
30	0.00661	0.00472	0.00555	0.00548	0.00578	0.00486	0.00347	0.00699	0.00727	0.00964	0.01814	0.02981	0.11988	0.60711	0.11393	0.00433	0.03357	0.00678	0.00291	0.00316
31	0.00600	0.00452	0.00556	0.00563	0.00664	0.00407	0.00409	0.00758	0.01133	0.01525	0.42277	0.22747	0.23998	0.01116	0.00552	0.00157	0.00233	0.00979	0.00466	0.00407
32	0.00656	0.00464	0.00596	0.00598	0.00642	0.00488	0.00407	0.00738	0.00756	0.01037	0.06212	0.04555	0.04803	0.43576	0.30724	0.00511	0.00701	0.01900	0.00292	0.00343
33	0.03080	0.00494	0.00520	0.00489	0.00632	0.00487	0.00374	0.01200	0.03363	0.08524	0.03150	0.01797	0.04161	0.00566	0.00349	0.00114	0.00240	0.00454	0.68228	0.01778
34	0.16169	0.00734	0.00755	0.05660	0.00973	0.00806	0.00544	0.17317	0.04684	0.01995	0.02801	0.01421	0.01014	0.00526	0.00362	0.00125	0.00330	0.00404	0.42849	0.00531
35	0.01522	0.03988	0.01221	0.02872	0.03857	0.03181	0.04315	0.18987	0.02769	0.30016	0.04140	0.05806	0.01136	0.00718	0.00652	0.09190	0.04080	0.00489	0.00420	0.00643
36	0.05745	0.00986	0.01238	0.01162	0.05885	0.07836	0.02308	0.01145	0.00813	0.01210	0.00864	0.02577	0.00839	0.03352	0.10044	0.00249	0.46620	0.03902	0.02728	0.00496
37	0.09106	0.00922	0.01026	0.04435	0.01210	0.03925	0.00695	0.19306	0.10199	0.27137	0.06142	0.05925	0.04641	0.00641	0.00455	0.00144	0.00409	0.00516	0.02505	0.00662
38	0.01255	0.39808	0.12233	0.01113	0.05885	0.06218	0.06399	0.06163	0.02494	0.06089	0.00833	0.00981	0.00685	0.02106	0.00488	0.00131	0.05913	0.00337	0.00248	0.00621
39	0.01117	0.03219	0.08235	0.04754	0.14426	0.01021	0.36487	0.03745	0.01090	0.08414	0.01187	0.09132	0.01020	0.00550	0.00509	0.00153	0.00615	0.03414	0.00288	0.00624
40	0.00584	0.00461	0.00526	0.00521	0.00649	0.00404	0.00387	0.00735	0.01128	0.01461	0.33161	0.10344	0.45806	0.01100	0.00546	0.00154	0.00229	0.00943	0.00456	0.00404
41	0.00993	0.01208	0.15134	0.20969	0.36593	0.02231	0.04087	0.01330	0.02888	0.01395	0.01154	0.02962	0.06053	0.00501	0.00464	0.00145	0.00565	0.00457	0.00239	0.00632
42	0.02426	0.15681	0.22054	0.03725	0.13441	0.03096	0.05711	0.12211	0.06184	0.08482	0.00984	0.01088	0.00738	0.00468	0.00442	0.00136	0.01784	0.00378	0.00290	0.00679
43	0.00817	0.00684	0.00981	0.00902	0.00957	0.00875	0.00723	0.00953	0.00737	0.03026	0.01023	0.01549	0.00967	0.05239	0.47946	0.00518	0.30953	0.00465	0.00239	0.00448
44	0.00579	0.00443	0.00526	0.00565	0.00657	0.00397	0.00404	0.00697	0.01010	0.01301	0.15585	0.33578	0.33658	0.04420	0.00631	0.00179	0.00259	0.04291	0.00433	0.00387
45	0.01140	0.02287	0.16380	0.07296	0.16424	0.11964	0.11783	0.07859	0.04080	0.02784	0.01119	0.11579	0.00996	0.00581	0.00488	0.00147	0.01679	0.00516	0.00280	0.00618

[dist]
# distance from previous block
# <min> <max>
0	2

[block]
# block no. 1 follows, 56 sequences, length 6
# corresponding to MSA columns:
# 1766-1771
name=unknown_B
#
# <colnr> <probs for GDERKNQSTAVLIFYWHMCP>
#	G	D	E	R	K	N	Q	S	T	A	V	L	I	F	Y	W	H	M	C	P
0	0.07103	0.03823	0.03091	0.05694	0.09818	0.01270	0.00917	0.43332	0.05964	0.04325	0.01044	0.01124	0.00776	0.00529	0.00497	0.00140	0.05302	0.00398	0.02236	0.02617
1	0.07701	0.02799	0.06512	0.11641	0.23514	0.04129	0.09646	0.06067	0.01068	0.01506	0.01406	0.01575	0.12681	0.00551	0.00491	0.00142	0.03466	0.00477	0.00272	0.04357
2	0.00970	0.05364	0.00817	0.04663	0.00855	0.00567	0.00519	0.00905	0.00740	0.11099	0.00967	0.01417	0.00859	0.01550	0.10635	0.56568	0.00508	0.00409	0.00252	0.00335
3	0.01268	0.02468	0.01103	0.08399	0.05167	0.09601	0.00773	0.16601	0.11400	0.10693	0.04214	0.07292	0.01281	0.04759	0.03435	0.00180	0.02004	0.03128	0.05635	0.00600
4	0.06952	0.04066	0.04712	0.08498	0.16229	0.08187	0.02719	0.09506	0.04777	0.08002	0.01094	0.06713	0.00920	0.00698	0.05047	0.00169	0.01846	0.00444	0.00308	0.09115
5	0.01200	0.04619	0.03911	0.04085	0.13235	0.00952	0.06977	0.15161	0.02694	0.10066	0.02811	0.05513	0.05572	0.00600	0.00484	0.00137	0.02651	0.03869	0.03358	0.12104

[dist]
# distance from previous block
# <min> <max>
7	14

[block]
# block no. 2 follows, 56 sequences, length 17
# corresponding to MSA columns:
# 1790-1806
name=unknown_C
#
# <colnr> <probs for GDERKNQSTAVLIFYWHMCP>
#	G	D	E	R	K	N	Q	S	T	A	V	L	I	F	Y	W	H	M	C	P
0	0.01182	0.14276	0.17781	0.02474	0.04259	0.02905	0.06634	0.13441	0.11127	0.03161	0.01057	0.01167	0.02588	0.00521	0.00545	0.00139	0.09675	0.00395	0.00293	0.06382
1	0.10124	0.17786	0.10402	0.02629	0.01300	0.16163	0.03187	0.03458	0.10919	0.06547	0.02271	0.07467	0.01011	0.00565	0.00410	0.00135	0.00519	0.01469	0.03052	0.00586
2	0.01323	0.00768	0.00886	0.00744	0.00972	0.00796	0.00591	0.23435	0.04095	0.18209	0.03386	0.04479	0.01219	0.03510	0.07835	0.00196	0.00438	0.00488	0.26030	0.00602
3	0.00882	0.00759	0.01113	0.32185	0.01828	0.00864	0.04443	0.04108	0.09752	0.02783	0.05131	0.12360	0.07562	0.05646	0.00667	0.00177	0.05541	0.02034	0.00319	0.01846
4	0.01657	0.01217	0.01301	0.01011	0.01356	0.01347	0.00831	0.70352	0.06449	0.02766	0.01169	0.01174	0.00840	0.00554	0.00451	0.00137	0.00479	0.00420	0.05733	0.00756
5	0.00874	0.00549	0.00702	0.00657	0.00815	0.00498	0.00500	0.01064	0.02974	0.12947	0.26924	0.19239	0.08618	0.04164	0.03042	0.00181	0.00323	0.06882	0.00447	0.08600
6	0.87108	0.00888	0.00675	0.00604	0.00888	0.01030	0.00497	0.01350	0.00781	0.02060	0.00639	0.00746	0.00497	0.00426	0.00284	0.00142	0.00355	0.00249	0.00284	0.00497
7	0.01203	0.77598	0.08735	0.00827	0.01243	0.01757	0.00858	0.01381	0.00936	0.01110	0.00653	0.00755	0.00589	0.00396	0.00306	0.00102	0.00506	0.00253	0.00196	0.00596
8	0.01462	0.00672	0.00874	0.00717	0.00966	0.00610	0.00569	0.04100	0.03089	0.44724	0.24435	0.02254	0.04614	0.04803	0.00574	0.00157	0.00335	0.00592	0.03824	0.00629
9	0.00629	0.00453	0.00610	0.00711	0.00775	0.00434	0.00544	0.00761	0.00956	0.01253	0.02589	0.49508	0.06454	0.01360	0.00603	0.00195	0.00326	0.31023	0.00425	0.00393
10	0.00867	0.00816	0.01377	0.82762	0.03162	0.01020	0.01275	0.01173	0.00918	0.01173	0.00816	0.01224	0.00612	0.00459	0.00459	0.00153	0.00612	0.00408	0.00204	0.00510
11	0.01030	0.47085	0.21271	0.00886	0.01284	0.01352	0.00947	0.01274	0.00966	0.01246	0.07165	0.07281	0.01136	0.00620	0.02257	0.00138	0.00513	0.02732	0.00245	0.00574
12	0.00581	0.00441	0.00538	0.00588	0.00675	0.00398	0.00425	0.00703	0.01010	0.01310	0.15039	0.39829	0.28587	0.01260	0.00569	0.00172	0.00259	0.06786	0.00438	0.00390
13	0.01101	0.61502	0.06667	0.00824	0.01163	0.01539	0.00810	0.01271	0.00892	0.01100	0.00752	0.00948	0.00687	0.00947	0.14713	0.00217	0.03803	0.00300	0.00205	0.00560
14	0.06940	0.05472	0.10254	0.05761	0.05973	0.10828	0.02477	0.15379	0.07260	0.23374	0.01188	0.01196	0.00837	0.00507	0.00434	0.00138	0.00525	0.00395	0.00377	0.00686
15	0.01030	0.00986	0.03217	0.36542	0.33502	0.01052	0.07160	0.01320	0.00989	0.03857	0.00901	0.01271	0.00722	0.00466	0.00503	0.00149	0.03447	0.02042	0.00231	0.00613
16	0.22815	0.06054	0.04411	0.01010	0.01334	0.10953	0.08434	0.16625	0.01239	0.15212	0.00966	0.01037	0.00707	0.00503	0.00487	0.00142	0.06736	0.00365	0.00340	0.00628

[dist]
# distance from previous block
# <min> <max>
3	12

[block]
# block no. 3 follows, 56 sequences, length 31
# corresponding to MSA columns:
# 1823-1829,1831-1852,1854,1855
name=unknown_D
#
# <colnr> <probs for GDERKNQSTAVLIFYWHMCP>
#	G	D	E	R	K	N	Q	S	T	A	V	L	I	F	Y	W	H	M	C	P
0	0.48779	0.01076	0.00957	0.00801	0.01108	0.04382	0.00653	0.26551	0.08195	0.02278	0.00898	0.00948	0.00671	0.00485	0.00362	0.00141	0.00423	0.00327	0.00354	0.00610
1	0.01188	0.56256	0.01977	0.00847	0.01171	0.03407	0.00783	0.05086	0.06722	0.01246	0.00795	0.00930	0.00700	0.00657	0.05914	0.00155	0.07619	0.00305	0.00236	0.04005
2	0.00667	0.00446	0.00506	0.00504	0.00509	0.00445	0.00286	0.00677	0.00698	0.00935	0.05197	0.03024	0.01795	0.79944	0.02252	0.00431	0.00434	0.00675	0.00289	0.00286
3	0.00582	0.00453	0.00529	0.00539	0.00652	0.00400	0.00393	0.00723	0.01095	0.01424	0.29372	0.20892	0.39009	0.01147	0.00551	0.00158	0.00234	0.00994	0.00452	0.00400
4	0.00572	0.00406	0.00536	0.00634	0.00669	0.00380	0.00430	0.00663	0.00900	0.01208	0.04621	0.76055	0.04690	0.01395	0.00579	0.00183	0.00267	0.03065	0.02370	0.00377
5	0.00787	0.00515	0.00639	0.00603	0.00747	0.00470	0.00460	0.01000	0.03809	0.10103	0.42387	0.10121	0.21762	0.00995	0.00538	0.00153	0.00256	0.03708	0.00483	0.00464
6	0.11849	0.00984	0.01136	0.12455	0.01434	0.04762	0.00832	0.17659	0.09297	0.03340	0.01036	0.01305	0.00845	0.00954	0.11199	0.00229	0.14279	0.02325	0.00316	0.03765
7	0.61908	0.00825	0.00714	0.00624	0.00893	0.00916	0.00509	0.04474	0.00936	0.09966	0.04762	0.01164	0.03534	0.00503	0.00332	0.00140	0.00344	0.00341	0.06590	0.00525
8	0.07466	0.63963	0.07292	0.00829	0.01222	0.07050	0.00821	0.01400	0.00950	0.01195	0.00662	0.00767	0.00586	0.00401	0.00313	0.00105	0.00510	0.00256	0.00208	0.04002
9	0.00909	0.00636	0.00768	0.00719	0.00870	0.00652	0.00541	0.09666	0.12538	0.07107	0.24371	0.23800	0.05475	0.03096	0.06490	0.00207	0.00374	0.00817	0.00451	0.00514
10	0.00618	0.00462	0.00563	0.00547	0.00655	0.00419	0.00401	0.00787	0.01167	0.01584	0.51358	0.08319	0.23613	0.06677	0.00667	0.00170	0.00239	0.00882	0.00465	0.00407
11	0.07779	0.01109	0.01180	0.00943	0.01270	0.01217	0.00769	0.48799	0.15863	0.08495	0.01501	0.01446	0.06353	0.00598	0.00454	0.00143	0.00442	0.00462	0.00454	0.00724
12	0.01702	0.02133	0.01297	0.01173	0.01414	0.77794	0.00883	0.03988	0.03282	0.01192	0.00749	0.00857	0.00617	0.00479	0.00417	0.00120	0.00807	0.00304	0.00248	0.00544
13	0.00814	0.00524	0.00657	0.00665	0.00803	0.00489	0.00520	0.00999	0.03673	0.11336	0.08696	0.20174	0.24737	0.02480	0.03823	0.00199	0.00348	0.18167	0.00441	0.00456
14	0.01312	0.29494	0.02874	0.02501	0.06180	0.17913	0.03597	0.10264	0.01170	0.02637	0.00854	0.02349	0.00730	0.00459	0.00382	0.00112	0.00547	0.01686	0.01378	0.13561
15	0.00569	0.00418	0.00523	0.00599	0.00650	0.00385	0.00406	0.00655	0.00906	0.01182	0.04665	0.60288	0.17016	0.07419	0.00706	0.00199	0.00275	0.02348	0.00417	0.00371
16	0.06011	0.07262	0.08175	0.07421	0.09268	0.02580	0.06008	0.21794	0.08918	0.12305	0.01252	0.01304	0.03642	0.00521	0.00442	0.00140	0.00504	0.00427	0.01346	0.00679
17	0.04684	0.07719	0.06663	0.04537	0.18025	0.08604	0.08468	0.10061	0.04690	0.07111	0.02670	0.01138	0.00813	0.00454	0.00426	0.00127	0.00534	0.00387	0.00297	0.12593
18	0.01221	0.00592	0.00764	0.00674	0.00884	0.00519	0.00525	0.01374	0.01167	0.35918	0.13407	0.17258	0.19915	0.00927	0.00518	0.00155	0.00310	0.02810	0.00498	0.00562
19	0.00677	0.00444	0.00574	0.00633	0.00708	0.00405	0.00446	0.00780	0.00959	0.07040	0.06308	0.60146	0.13630	0.01308	0.00571	0.00178	0.00274	0.04069	0.00440	0.00409
20	0.01159	0.09930	0.28061	0.02788	0.05021	0.04824	0.19032	0.03295	0.04429	0.09340	0.01120	0.02103	0.03543	0.00491	0.00485	0.00144	0.02886	0.00434	0.00272	0.00644
21	0.02531	0.02393	0.26560	0.08245	0.05117	0.03756	0.13219	0.01489	0.02077	0.15800	0.03870	0.01509	0.04022	0.03819	0.00569	0.01974	0.00572	0.01558	0.00302	0.00618
22	0.00980	0.00964	0.01340	0.01154	0.01154	0.01336	0.00952	0.01073	0.00701	0.01089	0.00664	0.01150	0.00680	0.06836	0.01567	0.00219	0.77028	0.00421	0.00206	0.00486
23	0.00993	0.00917	0.01495	0.35917	0.36223	0.01013	0.01229	0.01346	0.06733	0.01391	0.01012	0.03014	0.00839	0.00492	0.00460	0.00147	0.00540	0.02372	0.03259	0.00611
24	0.01241	0.05283	0.09734	0.11998	0.14243	0.05135	0.09368	0.07193	0.05839	0.14239	0.01229	0.09267	0.01014	0.00572	0.00480	0.00146	0.01546	0.00505	0.00325	0.00641
25	0.00878	0.00813	0.01344	0.58624	0.11408	0.00957	0.02748	0.01193	0.03637	0.01252	0.01126	0.06611	0.02587	0.00573	0.00479	0.00156	0.00561	0.04280	0.00245	0.00528
26	0.00985	0.00800	0.01304	0.49365	0.11662	0.00917	0.02728	0.01246	0.00980	0.08493	0.05467	0.04313	0.01018	0.03093	0.00550	0.00159	0.02698	0.00479	0.03198	0.00543
27	0.01112	0.04517	0.13866	0.02905	0.45052	0.01048	0.05535	0.03024	0.04130	0.05466	0.01881	0.05426	0.01916	0.00536	0.01477	0.00149	0.00548	0.00464	0.00268	0.00681
28	0.01147	0.03796	0.10022	0.01552	0.26715	0.01728	0.05729	0.03100	0.09915	0.11860	0.08860	0.05704	0.01373	0.04161	0.00554	0.00158	0.00481	0.02157	0.00341	0.00646
29	0.01244	0.66334	0.11286	0.00882	0.01295	0.07331	0.00899	0.04033	0.01004	0.01186	0.00680	0.00782	0.00595	0.00409	0.00325	0.00106	0.00536	0.00265	0.00208	0.00602
30	0.07414	0.01076	0.02733	0.08266	0.59828	0.01991	0.01264	0.04393	0.01068	0.04239	0.00881	0.01117	0.00713	0.00424	0.00439	0.00136	0.00530	0.00394	0.00251	0.02843

[dist]
# distance from previous block
# <min> <max>
0	1

[block]
# block no. 4 follows, 56 sequences, length 13
# corresponding to MSA columns:
# 1857-1869
name=unknown_E
#
# <colnr> <probs for GDERKNQSTAVLIFYWHMCP>
#	G	D	E	R	K	N	Q	S	T	A	V	L	I	F	Y	W	H	M	C	P
0	0.16482	0.15696	0.01186	0.00883	0.03819	0.17237	0.00683	0.04935	0.05529	0.04985	0.05949	0.13830	0.03559	0.00680	0.00422	0.00139	0.00466	0.02652	0.00330	0.00539
1	0.01514	0.00918	0.01068	0.00859	0.01149	0.03484	0.00690	0.16247	0.08882	0.30974	0.01526	0.04589	0.03334	0.03681	0.00592	0.00149	0.06214	0.00478	0.02087	0.11567
2	0.00805	0.00515	0.00596	0.00559	0.00714	0.00469	0.00424	0.01019	0.04515	0.10084	0.25952	0.07006	0.32338	0.00940	0.00503	0.00146	0.00250	0.00798	0.11907	0.00462
3	0.00846	0.00561	0.00752	0.00808	0.00937	0.00552	0.00684	0.04312	0.01102	0.07160	0.02472	0.13045	0.07121	0.01199	0.00604	0.00197	0.00396	0.56359	0.00435	0.00456
4	0.01206	0.01018	0.01074	0.00947	0.01218	0.01172	0.00742	0.10639	0.71869	0.02024	0.01787	0.01648	0.01335	0.00615	0.00466	0.00154	0.00378	0.00508	0.00466	0.00732
5	0.09945	0.00643	0.00721	0.00768	0.00890	0.05059	0.00630	0.00971	0.01022	0.01419	0.07997	0.15650	0.08697	0.01114	0.00588	0.00186	0.02726	0.40145	0.00398	0.00430
6	0.03840	0.00474	0.00570	0.00553	0.00668	0.00443	0.00412	0.00854	0.01175	0.01693	0.52525	0.10273	0.14700	0.00956	0.00515	0.00146	0.00228	0.00831	0.08719	0.00423
7	0.00666	0.00490	0.00620	0.00658	0.00728	0.00498	0.00475	0.00858	0.06637	0.01220	0.06625	0.28630	0.07570	0.18881	0.12981	0.00319	0.00468	0.10905	0.00376	0.00395
8	0.01090	0.01170	0.10082	0.24512	0.37085	0.03336	0.01302	0.08591	0.01113	0.01517	0.00948	0.01348	0.00784	0.00487	0.00463	0.00146	0.00576	0.04556	0.00250	0.00645
9	0.03225	0.01446	0.21440	0.07377	0.18905	0.04576	0.06777	0.16629	0.02638	0.03126	0.00923	0.01097	0.00702	0.00518	0.02026	0.00150	0.02489	0.00390	0.00277	0.05289
10	0.14119	0.01839	0.01028	0.09519	0.01298	0.00891	0.01915	0.16634	0.03384	0.23998	0.05677	0.03561	0.02902	0.02388	0.00481	0.00151	0.00413	0.03397	0.05783	0.00621
11	0.26875	0.00996	0.04047	0.00947	0.06443	0.01028	0.00724	0.19513	0.11904	0.08586	0.01188	0.05584	0.00966	0.04588	0.02323	0.00171	0.00437	0.00437	0.00372	0.02870
12	0.01137	0.04718	0.03805	0.08322	0.05628	0.02815	0.00770	0.15714	0.04538	0.03971	0.01159	0.03478	0.04520	0.00518	0.00441	0.02135	0.00432	0.00399	0.00318	0.35183

[dist]
# distance from previous block
# <min> <max>
4	12

[block]
# block no. 5 follows, 56 sequences, length 8
# corresponding to MSA columns:
# 1885-1892
name=unknown_F
#
# <colnr> <probs for GDERKNQSTAVLIFYWHMCP>
#	G	D	E	R	K	N	Q	S	T	A	V	L	I	F	Y	W	H	M	C	P
0	0.01214	0.20140	0.16213	0.04352	0.01443	0.06536	0.02479	0.14163	0.11414	0.03904	0.04332	0.04559	0.01002	0.00531	0.00419	0.00130	0.00511	0.00416	0.00314	0.05926
1	0.03167	0.00707	0.02533	0.00683	0.00916	0.00633	0.00545	0.07186	0.06496	0.07564	0.13588	0.10231	0.14635	0.03147	0.00521	0.00144	0.00323	0.03773	0.04799	0.18408
2	0.00740	0.00512	0.00616	0.00597	0.00716	0.00484	0.00433	0.00966	0.07069	0.06475	0.31356	0.16917	0.19338	0.10801	0.00750	0.00190	0.00277	0.00874	0.00450	0.00439
3	0.00692	0.00486	0.00599	0.00603	0.00675	0.00474	0.00431	0.00798	0.00948	0.03503	0.18857	0.13171	0.13916	0.29241	0.01199	0.00263	0.03101	0.10278	0.00389	0.00377
4	0.03749	0.00635	0.00822	0.00700	0.00921	0.00579	0.00547	0.01529	0.03902	0.38265	0.27170	0.09915	0.04228	0.04210	0.00573	0.00160	0.00320	0.00675	0.00508	0.00592
5	0.00809	0.00633	0.00694	0.00665	0.00814	0.03892	0.00508	0.03905	0.07991	0.05298	0.21560	0.14766	0.28058	0.01022	0.00556	0.00159	0.02100	0.05657	0.00444	0.00469
6	0.04217	0.55655	0.12163	0.00916	0.01308	0.11057	0.00913	0.04108	0.01010	0.01229	0.00685	0.00799	0.00592	0.00428	0.00373	0.00113	0.03351	0.00274	0.00213	0.00594
7	0.02975	0.01004	0.04967	0.04336	0.10368	0.00906	0.00806	0.17593	0.06642	0.05831	0.01107	0.06260	0.00915	0.00502	0.00416	0.00116	0.00425	0.00416	0.00338	0.34076

[dist]
# distance from previous block
# <min> <max>
0	1

[block]
# block no. 6 follows, 56 sequences, length 12
# corresponding to MSA columns:
# 1894-1905
name=unknown_G
#
# <colnr> <probs for GDERKNQSTAVLIFYWHMCP>
#	G	D	E	R	K	N	Q	S	T	A	V	L	I	F	Y	W	H	M	C	P
0	0.01364	0.01254	0.03565	0.01172	0.08603	0.10831	0.00870	0.24322	0.37156	0.02038	0.01447	0.01415	0.02732	0.00571	0.00458	0.00144	0.00482	0.00456	0.00407	0.00710
1	0.13275	0.08339	0.01433	0.07889	0.18193	0.21908	0.02274	0.11188	0.01195	0.03688	0.02397	0.02643	0.00769	0.00492	0.00438	0.00134	0.02488	0.00374	0.00280	0.00605
2	0.00924	0.00995	0.06386	0.49790	0.11752	0.01022	0.15404	0.01242	0.00964	0.01281	0.00933	0.05543	0.00767	0.00491	0.00479	0.00153	0.00619	0.00476	0.00223	0.00557
3	0.00656	0.00431	0.00497	0.00531	0.00620	0.00400	0.00379	0.00801	0.00993	0.01433	0.12690	0.32043	0.19180	0.01046	0.00492	0.00151	0.00237	0.00911	0.26109	0.00400
4	0.00631	0.00473	0.00627	0.02467	0.00765	0.00478	0.00482	0.02374	0.00940	0.01272	0.11720	0.56599	0.05505	0.04390	0.04975	0.00218	0.04192	0.01090	0.00406	0.00397
5	0.00902	0.00837	0.01176	0.01077	0.03967	0.02914	0.04264	0.02832	0.00819	0.01185	0.03920	0.06889	0.01111	0.07143	0.19617	0.00329	0.39772	0.00520	0.00252	0.00475
6	0.00719	0.00568	0.00798	0.00765	0.00826	0.00685	0.00591	0.00851	0.00741	0.01078	0.01278	0.01913	0.03807	0.13407	0.52489	0.00568	0.14735	0.00514	0.03261	0.00408
7	0.01117	0.08931	0.27875	0.01512	0.04868	0.03020	0.31854	0.03211	0.05232	0.04843	0.00946	0.01125	0.00704	0.00438	0.00490	0.00145	0.02361	0.00429	0.00247	0.00651
8	0.01093	0.13091	0.18703	0.16281	0.20479	0.01145	0.05790	0.05900	0.01060	0.03815	0.00897	0.01169	0.00715	0.00451	0.00432	0.00135	0.00569	0.02344	0.00243	0.05686
9	0.00902	0.00742	0.00926	0.12874	0.04263	0.03160	0.00721	0.05853	0.11917	0.02768	0.11806	0.10549	0.08101	0.04257	0.03606	0.00191	0.02302	0.09938	0.01601	0.03523
10	0.03583	0.05018	0.09215	0.16166	0.01721	0.15669	0.07784	0.01497	0.06240	0.08280	0.02786	0.01326	0.04906	0.00525	0.00501	0.00137	0.05439	0.00417	0.00286	0.08502
11	0.15684	0.07105	0.04131	0.03536	0.12058	0.08720	0.02691	0.04864	0.01033	0.04377	0.00980	0.04424	0.00854	0.00512	0.00427	0.00126	0.02800	0.03986	0.03182	0.18507

[dist]
# distance from previous block
# <min> <max>
1	15

[block]
# block no. 7 follows, 56 sequences, length 11
# corresponding to MSA columns:
# 1921-1931
name=unknown_H
#
# <colnr> <probs for GDERKNQSTAVLIFYWHMCP>
#	G	D	E	R	K	N	Q	S	T	A	V	L	I	F	Y	W	H	M	C	P
0	0.14340	0.00976	0.01327	0.21049	0.23622	0.02906	0.01031	0.05087	0.09371	0.03431	0.00982	0.03677	0.00804	0.00521	0.00519	0.00149	0.07335	0.00419	0.00280	0.02174
1	0.03826	0.02754	0.03383	0.21841	0.19783	0.02524	0.01001	0.05352	0.05107	0.05097	0.01118	0.01419	0.02747	0.02515	0.16145	0.00263	0.02501	0.00438	0.01612	0.00576
2	0.00726	0.00491	0.00606	0.00612	0.00715	0.00463	0.00444	0.00890	0.03782	0.06800	0.18325	0.24219	0.18811	0.11994	0.04536	0.00228	0.00338	0.05174	0.00425	0.00420
3	0.01233	0.03532	0.08367	0.04085	0.08380	0.05669	0.07342	0.22260	0.09895	0.02934	0.04422	0.05555	0.01069	0.00678	0.02862	0.00165	0.08178	0.00483	0.02252	0.00640
4	0.00597	0.00438	0.00529	0.00579	0.00640	0.00407	0.00398	0.00684	0.00905	0.01174	0.06884	0.37437	0.20659	0.19882	0.00971	0.00237	0.00307	0.06514	0.00397	0.00362
5	0.01139	0.30193	0.08351	0.00800	0.01218	0.03084	0.00751	0.03649	0.01008	0.05069	0.00806	0.00908	0.00662	0.00387	0.00343	0.00092	0.00441	0.00282	0.00257	0.40561
6	0.00973	0.00778	0.02532	0.05552	0.13273	0.00709	0.00749	0.05085	0.04237	0.06930	0.04680	0.22142	0.01612	0.00757	0.00474	0.00139	0.00387	0.05737	0.00355	0.22900
7	0.01294	0.17414	0.26631	0.03204	0.01539	0.10078	0.01092	0.16952	0.05003	0.06576	0.01030	0.03448	0.00818	0.00521	0.00424	0.00135	0.00572	0.02313	0.00300	0.00655
8	0.00652	0.00448	0.00559	0.00595	0.00684	0.00404	0.00424	0.00758	0.00998	0.04983	0.14749	0.41523	0.23502	0.01253	0.00616	0.03962	0.00265	0.02790	0.00435	0.00398
9	0.00620	0.00432	0.00516	0.00551	0.00577	0.00415	0.00343	0.00667	0.00801	0.01063	0.06164	0.31717	0.07591	0.44766	0.01502	0.00318	0.00356	0.00923	0.00352	0.00327
10	0.01112	0.09840	0.13913	0.01307	0.13449	0.04825	0.07731	0.06131	0.07082	0.07008	0.01310	0.17057	0.01221	0.02088	0.00541	0.00154	0.03731	0.00577	0.00314	0.00609

[dist]
# distance from previous block
# <min> <max>
0	18

[block]
# block no. 8 follows, 56 sequences, length 32
# corresponding to MSA columns:
# 1950-1981
name=unknown_I
#
# <colnr> <probs for GDERKNQSTAVLIFYWHMCP>
#	G	D	E	R	K	N	Q	S	T	A	V	L	I	F	Y	W	H	M	C	P
0	0.04409	0.11381	0.39053	0.05067	0.03531	0.02030	0.03860	0.14575	0.02878	0.01682	0.00928	0.02143	0.00706	0.00472	0.00419	0.00137	0.00575	0.00370	0.05133	0.00651
1	0.00691	0.00512	0.00612	0.00601	0.00706	0.00490	0.00433	0.05731	0.02837	0.01537	0.33159	0.21927	0.17242	0.10526	0.00750	0.00190	0.00278	0.00914	0.00443	0.00421
2	0.01227	0.11444	0.28476	0.01177	0.03196	0.03460	0.09955	0.14245	0.02151	0.09371	0.05003	0.03408	0.00959	0.00519	0.00460	0.00139	0.01733	0.00430	0.01988	0.00657
3	0.00668	0.00561	0.00597	0.00615	0.00719	0.05542	0.00451	0.00806	0.01077	0.01381	0.25031	0.25137	0.25500	0.03913	0.00612	0.00172	0.00294	0.06088	0.00431	0.00404
4	0.00943	0.00909	0.01386	0.46996	0.02337	0.04740	0.06893	0.01181	0.00896	0.01203	0.00848	0.02761	0.00701	0.00578	0.00713	0.02162	0.18304	0.00430	0.05519	0.00503
5	0.08719	0.01206	0.03751	0.01007	0.01203	0.19219	0.03466	0.09510	0.07571	0.01474	0.00976	0.01235	0.00825	0.02125	0.18761	0.00283	0.15278	0.00402	0.02449	0.00541
6	0.10100	0.60215	0.03792	0.00809	0.01166	0.11147	0.00767	0.01414	0.00963	0.01223	0.00690	0.00798	0.00607	0.00413	0.00312	0.00107	0.00508	0.00262	0.04138	0.00568
7	0.00626	0.00468	0.00642	0.00760	0.04320	0.00463	0.00508	0.00729	0.00884	0.01188	0.03538	0.57541	0.04447	0.07129	0.05849	0.00238	0.02449	0.07438	0.00391	0.00393
8	0.00693	0.00639	0.04698	0.05902	0.01047	0.00549	0.06810	0.00891	0.02532	0.02896	0.12122	0.29597	0.24188	0.01068	0.00547	0.00166	0.00344	0.04468	0.00398	0.00444
9	0.01258	0.73856	0.04380	0.00828	0.01214	0.04062	0.00818	0.03491	0.00979	0.02707	0.00680	0.00777	0.00605	0.00413	0.00338	0.00104	0.02420	0.00262	0.00212	0.00597
10	0.01017	0.00640	0.00706	0.00622	0.00824	0.00630	0.00481	0.04250	0.14607	0.07585	0.03652	0.06756	0.01323	0.00591	0.00387	0.00119	0.00286	0.00488	0.41298	0.13739
11	0.24060	0.01026	0.03706	0.03402	0.01366	0.03741	0.14339	0.05761	0.00913	0.01534	0.00808	0.01101	0.00683	0.00984	0.13025	0.00249	0.22127	0.00394	0.00251	0.00530
12	0.00563	0.00464	0.00489	0.00486	0.00626	0.00396	0.00360	0.00689	0.01068	0.01315	0.15591	0.05532	0.65739	0.03911	0.00603	0.00164	0.00238	0.00944	0.00433	0.00390
13	0.01394	0.44805	0.01788	0.00830	0.01174	0.01417	0.00753	0.18065	0.01228	0.12708	0.00972	0.01047	0.00768	0.00697	0.06260	0.01814	0.00523	0.00337	0.02788	0.00632
14	0.00557	0.00460	0.00489	0.00495	0.00632	0.00392	0.00366	0.00682	0.01062	0.01307	0.13699	0.11620	0.64330	0.01161	0.00546	0.00157	0.00234	0.00983	0.00436	0.00392
15	0.05736	0.00454	0.00442	0.00438	0.00555	0.00462	0.00331	0.01086	0.00953	0.01731	0.01449	0.01657	0.01138	0.00529	0.00319	0.00109	0.00222	0.00418	0.81541	0.00432
16	0.01565	0.01265	0.06324	0.01034	0.01396	0.01306	0.00883	0.53543	0.20278	0.05646	0.01292	0.01255	0.00927	0.00561	0.00460	0.00143	0.00478	0.00435	0.00449	0.00762
17	0.01031	0.00830	0.01010	0.00751	0.01119	0.01674	0.03713	0.03469	0.03627	0.06590	0.08023	0.01309	0.02483	0.00440	0.00385	0.00090	0.00359	0.00369	0.00324	0.62404
18	0.01174	0.19900	0.24600	0.05408	0.01691	0.02530	0.12335	0.09420	0.02713	0.06542	0.02014	0.02943	0.00788	0.00493	0.00478	0.00138	0.04364	0.00402	0.01432	0.00635
19	0.00711	0.00485	0.00639	0.00602	0.00720	0.00448	0.00460	0.00926	0.01286	0.04996	0.73167	0.03454	0.04108	0.00942	0.00544	0.00148	0.00235	0.05177	0.00503	0.00447
20	0.00921	0.00647	0.00791	0.00701	0.00919	0.00564	0.00524	0.04716	0.03971	0.09200	0.01764	0.39519	0.01853	0.00894	0.00477	0.00137	0.00319	0.00787	0.00389	0.30906
21	0.01409	0.01101	0.09236	0.01058	0.01461	0.00914	0.13418	0.17063	0.01313	0.23259	0.01251	0.03644	0.00934	0.00516	0.00453	0.00130	0.00490	0.02475	0.00383	0.19491
22	0.00575	0.00431	0.00600	0.00671	0.00720	0.00399	0.02988	0.00667	0.00895	0.01186	0.02602	0.76255	0.07514	0.01388	0.00582	0.00184	0.00281	0.01261	0.00420	0.00382
23	0.00698	0.00440	0.00524	0.00524	0.00535	0.00444	0.00315	0.00691	0.00680	0.00938	0.01340	0.02615	0.01478	0.61834	0.06521	0.13390	0.00467	0.00602	0.05682	0.00283
24	0.01400	0.01104	0.02963	0.01017	0.01331	0.03590	0.05796	0.24134	0.35858	0.11070	0.05627	0.01538	0.01260	0.00589	0.00471	0.00147	0.00446	0.00490	0.00450	0.00719
25	0.01127	0.57430	0.28240	0.00956	0.01442	0.01571	0.01083	0.01401	0.00945	0.01202	0.00699	0.00813	0.00587	0.00407	0.00341	0.00114	0.00552	0.00276	0.00196	0.00618
26	0.01719	0.02062	0.01312	0.01165	0.01420	0.70805	0.00885	0.12639	0.01420	0.01370	0.00764	0.00866	0.00618	0.00484	0.00420	0.00121	0.00783	0.00312	0.00268	0.00567
27	0.00668	0.00445	0.00501	0.00501	0.00501	0.00445	0.00278	0.00668	0.00668	0.00890	0.01447	0.03004	0.01669	0.83866	0.02337	0.00445	0.00445	0.00668	0.00278	0.00278
28	0.01227	0.84142	0.02406	0.00786	0.01178	0.01817	0.00786	0.01375	0.00933	0.01080	0.00638	0.00736	0.00589	0.00393	0.00295	0.00098	0.00491	0.00245	0.00196	0.00589
29	0.00702	0.00484	0.00690	0.00684	0.00751	0.00539	0.00507	0.00810	0.00729	0.03005	0.01258	0.02007	0.01227	0.19057	0.59050	0.06343	0.01000	0.00520	0.00257	0.00379
30	0.01056	0.01314	0.11663	0.01744	0.02185	0.01125	0.60812	0.01426	0.01042	0.02872	0.00976	0.04494	0.00779	0.00464	0.00591	0.00158	0.05908	0.00539	0.00240	0.00612
31	0.01128	0.10231	0.01217	0.03709	0.03181	0.06705	0.00766	0.05737	0.33741	0.03653	0.02760	0.10810	0.02828	0.00748	0.02002	0.00163	0.09086	0.00550	0.00372	0.00614

[dist]
# distance from previous block
# <min> <max>
0	1

[block]
# block no. 9 follows, 56 sequences, length 11
# corresponding to MSA columns:
# 1983-1993
name=unknown_J
#
# <colnr> <probs for GDERKNQSTAVLIFYWHMCP>
#	G	D	E	R	K	N	Q	S	T	A	V	L	I	F	Y	W	H	M	C	P
0	0.00840	0.00760	0.01269	0.58793	0.04364	0.00897	0.04055	0.01111	0.00958	0.01243	0.05777	0.03412	0.03032	0.00633	0.00525	0.02446	0.00552	0.08583	0.00256	0.00492
1	0.03415	0.19410	0.03740	0.14407	0.15892	0.05374	0.00980	0.10058	0.05920	0.01470	0.00937	0.02623	0.00787	0.00769	0.08326	0.00191	0.02986	0.00390	0.00264	0.02063
2	0.06535	0.55251	0.02111	0.00951	0.01272	0.05324	0.07034	0.01358	0.00915	0.01178	0.00659	0.00824	0.00594	0.00464	0.00514	0.00123	0.13820	0.00297	0.00207	0.00569
3	0.00652	0.00438	0.00505	0.00521	0.00525	0.00435	0.00300	0.00664	0.00698	0.00931	0.01604	0.14719	0.01868	0.71879	0.02082	0.00407	0.00419	0.00760	0.00300	0.00292
4	0.00594	0.00448	0.00550	0.00565	0.00662	0.00403	0.00408	0.00744	0.01109	0.01484	0.37371	0.26984	0.24714	0.01145	0.00555	0.00159	0.00235	0.01006	0.00461	0.00403
5	0.01024	0.00984	0.01442	0.30328	0.21760	0.04992	0.01149	0.04623	0.00963	0.01306	0.00859	0.03542	0.00744	0.00717	0.05071	0.00190	0.19078	0.00432	0.00230	0.00566
6	0.75296	0.05810	0.00829	0.00655	0.00947	0.04247	0.00544	0.04552	0.00866	0.02000	0.00661	0.00763	0.00518	0.00431	0.00297	0.00138	0.00388	0.00257	0.00284	0.00515
7	0.00621	0.00480	0.00569	0.00570	0.00685	0.00441	0.00418	0.00830	0.05027	0.01514	0.36176	0.19421	0.29372	0.01096	0.00547	0.00157	0.00239	0.00954	0.00462	0.00421
8	0.00558	0.00404	0.00528	0.00626	0.00662	0.00374	0.00420	0.00641	0.00891	0.01177	0.02688	0.77685	0.08816	0.01418	0.00583	0.00184	0.00264	0.01280	0.00426	0.00374
9	0.00887	0.00780	0.02760	0.01145	0.18412	0.00752	0.00734	0.07669	0.11014	0.01674	0.21567	0.02795	0.23951	0.00812	0.00507	0.00149	0.00352	0.03080	0.00405	0.00555
10	0.01512	0.27950	0.05163	0.01034	0.01362	0.32464	0.00890	0.19279	0.01347	0.01526	0.00778	0.00872	0.00634	0.00473	0.00418	0.00120	0.02981	0.00311	0.00272	0.00612

[dist]
# distance from previous block
# <min> <max>
1	4

[block]
# block no. 10 follows, 56 sequences, length 11
# corresponding to MSA columns:
# 1998-2008
name=unknown_K
#
# <colnr> <probs for GDERKNQSTAVLIFYWHMCP>
#	G	D	E	R	K	N	Q	S	T	A	V	L	I	F	Y	W	H	M	C	P
0	0.00615	0.00527	0.02575	0.00596	0.00717	0.00460	0.00445	0.00821	0.06813	0.01315	0.10236	0.33422	0.35456	0.03100	0.00592	0.00172	0.00269	0.01026	0.00427	0.00416
1	0.00819	0.00803	0.03283	0.00782	0.00883	0.13877	0.00589	0.00984	0.04257	0.01208	0.02026	0.45701	0.02292	0.07298	0.02574	0.00208	0.00432	0.11188	0.00374	0.00424
2	0.58445	0.07134	0.01047	0.00828	0.02914	0.06115	0.06382	0.01451	0.03551	0.04891	0.00809	0.00990	0.00648	0.00460	0.00339	0.00141	0.00433	0.02593	0.00291	0.00537
3	0.01315	0.05228	0.01463	0.01617	0.27893	0.21417	0.01003	0.15600	0.01258	0.01568	0.00995	0.07136	0.00891	0.00757	0.06258	0.00179	0.04068	0.00445	0.00285	0.00624
4	0.01132	0.01040	0.01549	0.09430	0.14918	0.03465	0.17032	0.07591	0.23255	0.03587	0.01381	0.03500	0.03275	0.00638	0.02581	0.00167	0.02006	0.02473	0.00335	0.00646
5	0.00671	0.00482	0.00536	0.00532	0.00677	0.00415	0.00398	0.00794	0.01052	0.07152	0.08768	0.14334	0.56240	0.02946	0.00584	0.00165	0.00258	0.03142	0.00438	0.00416
6	0.00838	0.00681	0.00943	0.00864	0.00923	0.00854	0.00683	0.03149	0.00784	0.02669	0.01090	0.03351	0.01049	0.10423	0.37587	0.00459	0.28399	0.00491	0.04320	0.00445
7	0.01013	0.00639	0.00768	0.00709	0.00887	0.00650	0.00553	0.01451	0.20280	0.14102	0.17766	0.05330	0.08901	0.00989	0.04999	0.03998	0.00361	0.06593	0.09470	0.00540
8	0.01043	0.03208	0.13304	0.01184	0.02589	0.03129	0.04484	0.01282	0.03872	0.05495	0.00841	0.01147	0.00725	0.00982	0.10145	0.00240	0.45128	0.00410	0.00237	0.00553
9	0.00726	0.00744	0.08506	0.03532	0.02868	0.00588	0.05347	0.00984	0.04389	0.02959	0.26501	0.10040	0.27034	0.03032	0.00572	0.00160	0.00340	0.00802	0.00405	0.00473
10	0.00937	0.00601	0.00730	0.00695	0.00853	0.00587	0.00531	0.06055	0.09495	0.12622	0.16917	0.25436	0.13078	0.01012	0.00531	0.00162	0.00305	0.06291	0.02651	0.00510

[dist]
# distance from previous block
# <min> <max>
0	26

[block]
# block no. 11 follows, 56 sequences, length 16
# corresponding to MSA columns:
# 2035-2050
name=unknown_L
#
# <colnr> <probs for GDERKNQSTAVLIFYWHMCP>
#	G	D	E	R	K	N	Q	S	T	A	V	L	I	F	Y	W	H	M	C	P
0	0.12549	0.13313	0.21412	0.04800	0.07770	0.03204	0.01024	0.13832	0.03440	0.05104	0.08420	0.01227	0.01016	0.00505	0.00413	0.00136	0.00507	0.00390	0.00305	0.00633
1	0.17501	0.11925	0.16352	0.10127	0.09105	0.03768	0.06931	0.04736	0.00977	0.01520	0.00785	0.00991	0.00626	0.00521	0.02275	0.00152	0.06365	0.00348	0.01292	0.03704
2	0.00669	0.00483	0.00725	0.00725	0.00799	0.00557	0.00557	0.00799	0.00725	0.01040	0.01189	0.01765	0.01115	0.03269	0.74484	0.08833	0.01151	0.00483	0.00242	0.00390
3	0.13242	0.00768	0.00942	0.00760	0.01057	0.00726	0.00617	0.07118	0.01262	0.50952	0.08673	0.06371	0.01423	0.00631	0.00447	0.00143	0.00365	0.00511	0.03315	0.00677
4	0.04965	0.00935	0.07185	0.00873	0.01191	0.00822	0.00756	0.08285	0.08705	0.44954	0.04248	0.07583	0.01312	0.00654	0.00512	0.00150	0.03883	0.01810	0.00480	0.00698
5	0.00997	0.00878	0.01265	0.47196	0.06614	0.03272	0.01052	0.07222	0.04135	0.03407	0.01059	0.08955	0.00909	0.00566	0.00493	0.00147	0.03130	0.00484	0.00272	0.07948
6	0.00741	0.00496	0.00618	0.00579	0.00719	0.00445	0.00444	0.00929	0.01227	0.08169	0.51916	0.03596	0.23423	0.00978	0.00539	0.00150	0.00243	0.03852	0.00487	0.00450
7	0.09352	0.07975	0.04589	0.12236	0.05302	0.07633	0.03723	0.21831	0.09351	0.01839	0.04745	0.01265	0.00946	0.01828	0.03135	0.00163	0.01368	0.00412	0.01689	0.00619
8	0.01592	0.20094	0.01550	0.01063	0.01359	0.46695	0.00856	0.15867	0.04251	0.01465	0.00807	0.00890	0.00655	0.00475	0.00398	0.00119	0.00678	0.00314	0.00277	0.00597
9	0.00719	0.00567	0.03559	0.00668	0.00767	0.00508	0.00492	0.00896	0.08382	0.01249	0.10442	0.34155	0.02201	0.09276	0.02390	0.16267	0.00349	0.00832	0.00361	0.05919
10	0.01081	0.00991	0.01542	0.19508	0.16516	0.04780	0.13900	0.02557	0.01009	0.05955	0.00997	0.05964	0.00843	0.00528	0.00570	0.00144	0.09294	0.00464	0.02713	0.10644
11	0.02590	0.02600	0.01029	0.00892	0.01132	0.00898	0.01847	0.16013	0.20424	0.15139	0.01845	0.09503	0.01649	0.00872	0.01966	0.00176	0.00424	0.19923	0.00452	0.00625
12	0.00657	0.00488	0.00720	0.00720	0.00795	0.00564	0.00551	0.00808	0.00732	0.01052	0.01246	0.01896	0.01188	0.09600	0.75944	0.00715	0.01170	0.00505	0.00248	0.00400
13	0.07801	0.44194	0.08786	0.00984	0.01331	0.06143	0.06175	0.03274	0.00964	0.03696	0.00720	0.00868	0.00612	0.00471	0.00510	0.00127	0.12224	0.00309	0.00226	0.00587
14	0.01354	0.00965	0.08949	0.08582	0.01366	0.00856	0.00807	0.10417	0.15145	0.27391	0.04317	0.08646	0.05043	0.00666	0.00472	0.00149	0.00418	0.00556	0.03240	0.00660
15	0.00743	0.00492	0.00605	0.00570	0.00710	0.00438	0.00430	0.00916	0.01193	0.09099	0.44454	0.09440	0.27170	0.01008	0.00538	0.00150	0.00241	0.00873	0.00481	0.00448

[dist]
# distance from previous block
# <min> <max>
0	2

[block]
# block no. 12 follows, 56 sequences, length 18
# corresponding to MSA columns:
# 2053-2070
name=unknown_M
#
# <colnr> <probs for GDERKNQSTAVLIFYWHMCP>
#	G	D	E	R	K	N	Q	S	T	A	V	L	I	F	Y	W	H	M	C	P
0	0.01605	0.01145	0.01202	0.00953	0.01272	0.04042	0.00776	0.54332	0.08583	0.08641	0.01258	0.01257	0.00904	0.00554	0.00441	0.00135	0.00459	0.00424	0.11294	0.00723
1	0.05341	0.00994	0.01523	0.28206	0.26201	0.02684	0.05915	0.09191	0.01098	0.04366	0.00964	0.03614	0.00796	0.00515	0.00516	0.00150	0.04914	0.02131	0.00267	0.00613
2	0.07836	0.74899	0.02238	0.00786	0.01157	0.01742	0.00771	0.01364	0.00913	0.01156	0.00637	0.00746	0.00583	0.00409	0.00335	0.00105	0.03288	0.00251	0.00203	0.00579
3	0.00584	0.00463	0.00521	0.00520	0.00646	0.00405	0.00386	0.00725	0.01096	0.01401	0.26360	0.09725	0.48737	0.03786	0.00605	0.00165	0.00242	0.02792	0.00444	0.00397
4	0.00580	0.00447	0.00535	0.00588	0.00683	0.00402	0.00433	0.00700	0.00997	0.01266	0.08211	0.35923	0.35582	0.01271	0.00571	0.00174	0.00268	0.10549	0.00431	0.00389
5	0.11875	0.02553	0.05304	0.11984	0.03339	0.11214	0.08967	0.07659	0.01094	0.13548	0.00953	0.01122	0.00718	0.00573	0.01877	0.00159	0.13685	0.00391	0.02389	0.00594
6	0.00902	0.00871	0.01529	0.70782	0.07371	0.01037	0.08606	0.01214	0.00941	0.01219	0.00829	0.01221	0.00626	0.00449	0.00467	0.00152	0.00624	0.00421	0.00208	0.00532
7	0.00804	0.00467	0.00704	0.06967	0.00836	0.00506	0.00504	0.00675	0.00643	0.00863	0.00872	0.05394	0.00881	0.01452	0.01615	0.70512	0.05400	0.00444	0.00211	0.00250
8	0.01246	0.00813	0.00932	0.00798	0.01042	0.00849	0.00629	0.13655	0.26176	0.17445	0.17216	0.05216	0.06726	0.00723	0.00482	0.00147	0.00344	0.00605	0.04313	0.00641
9	0.00702	0.00555	0.00856	0.00792	0.00880	0.00616	0.06587	0.00842	0.00751	0.01061	0.01262	0.03837	0.01253	0.21077	0.53200	0.00596	0.03930	0.00550	0.00255	0.00399
10	0.00952	0.00816	0.00952	0.00680	0.01088	0.00612	0.00544	0.01156	0.00952	0.01496	0.00816	0.00952	0.00680	0.00340	0.00340	0.00068	0.00340	0.00272	0.00272	0.86672
