[name]
unknown

[dist]
# distance from previous block
# <min> <max>
0	114

[block]
# block no. 0 follows, 55 sequences, length 8
# corresponding to MSA columns:
# 121-128
name=unknown_A
#
# <colnr> <probs for GDERKNQSTAVLIFYWHMCP>
#	G	D	E	R	K	N	Q	S	T	A	V	L	I	F	Y	W	H	M	C	P
0	0.07055	0.08445	0.03796	0.06002	0.01279	0.04318	0.00751	0.13785	0.04227	0.13387	0.03804	0.05860	0.04368	0.00648	0.00448	0.00138	0.00440	0.07869	0.00379	0.12999
1	0.09473	0.07055	0.08612	0.05318	0.06082	0.08332	0.00876	0.11084	0.07024	0.16938	0.02792	0.04094	0.02593	0.00560	0.00462	0.00139	0.02763	0.00433	0.00361	0.05005
2	0.04516	0.06380	0.03000	0.10773	0.15789	0.09775	0.09893	0.08138	0.07309	0.07250	0.03280	0.04192	0.02586	0.00529	0.00455	0.00139	0.00545	0.00461	0.00313	0.04675
3	0.00687	0.00519	0.00684	0.06576	0.02919	0.00526	0.00545	0.00902	0.06321	0.01328	0.08032	0.41539	0.08345	0.05176	0.04051	0.00210	0.00358	0.05351	0.05501	0.00430
4	0.01077	0.00993	0.01542	0.37444	0.21866	0.06358	0.08307	0.01354	0.01056	0.06386	0.05759	0.01447	0.03378	0.00505	0.00476	0.00148	0.00583	0.00465	0.00266	0.00592
5	0.04823	0.01093	0.01417	0.08260	0.14436	0.08681	0.10194	0.12906	0.03553	0.04842	0.04094	0.06405	0.01024	0.00531	0.00453	0.00133	0.00520	0.00468	0.00319	0.15850
6	0.03525	0.03172	0.06393	0.06626	0.21840	0.03923	0.03076	0.02685	0.06874	0.03839	0.06962	0.06652	0.11840	0.00757	0.00561	0.04767	0.00461	0.05150	0.00328	0.00568
7	0.00895	0.00599	0.00688	0.00625	0.00812	0.00560	0.00481	0.05276	0.07654	0.12170	0.21459	0.07250	0.37778	0.00981	0.00530	0.00153	0.00280	0.00830	0.00475	0.00505

[dist]
# distance from previous block
# <min> <max>
0	1

[block]
# block no. 1 follows, 55 sequences, length 28
# corresponding to MSA columns:
# 130-157
name=unknown_B
#
# <colnr> <probs for GDERKNQSTAVLIFYWHMCP>
#	G	D	E	R	K	N	Q	S	T	A	V	L	I	F	Y	W	H	M	C	P
0	0.01025	0.01003	0.01440	0.23095	0.04530	0.07970	0.15246	0.06119	0.06799	0.01494	0.10942	0.07072	0.04650	0.00646	0.00567	0.00155	0.05806	0.00573	0.00312	0.00555
1	0.01265	0.04465	0.01281	0.07409	0.13267	0.05059	0.00874	0.24424	0.10834	0.04772	0.12148	0.01808	0.06404	0.00639	0.00491	0.00145	0.01574	0.02096	0.00393	0.00651
2	0.06949	0.00858	0.01056	0.02669	0.11417	0.04302	0.03010	0.03787	0.15526	0.15920	0.01549	0.10023	0.01385	0.16250	0.00831	0.00209	0.00446	0.02841	0.00384	0.00586
3	0.00883	0.00639	0.00699	0.00645	0.00755	0.00671	0.00440	0.07356	0.16391	0.01384	0.01545	0.05706	0.01535	0.46123	0.01496	0.00310	0.00406	0.00613	0.08402	0.04000
4	0.05382	0.01077	0.01699	0.11541	0.50569	0.01142	0.04230	0.08115	0.05338	0.01636	0.00925	0.01169	0.00747	0.00461	0.00501	0.00145	0.03952	0.00418	0.00263	0.00691
5	0.00859	0.00691	0.00983	0.01294	0.22862	0.02764	0.00771	0.01023	0.01013	0.05241	0.02208	0.35274	0.09759	0.01048	0.00549	0.00172	0.00389	0.12211	0.00378	0.00510
6	0.02780	0.01014	0.01222	0.18174	0.01570	0.10349	0.00922	0.05882	0.00959	0.05198	0.00901	0.01278	0.00777	0.04419	0.10912	0.00250	0.29571	0.00420	0.02882	0.00521
7	0.57357	0.02877	0.00863	0.03110	0.01044	0.05104	0.00590	0.10255	0.00992	0.04991	0.00797	0.00974	0.00636	0.03959	0.00488	0.04397	0.00420	0.00311	0.00308	0.00528
8	0.00697	0.00466	0.00609	0.00644	0.00706	0.00450	0.00440	0.00784	0.00847	0.05049	0.02016	0.46003	0.02288	0.19346	0.13569	0.00325	0.00470	0.00970	0.00372	0.03950
9	0.01239	0.01170	0.04211	0.01039	0.03599	0.11781	0.03893	0.15584	0.27541	0.03241	0.05786	0.08674	0.03511	0.00673	0.00479	0.00147	0.00471	0.01689	0.00402	0.04869
10	0.00590	0.00445	0.00581	0.04644	0.00801	0.00421	0.00470	0.00701	0.00954	0.01247	0.07634	0.58383	0.16515	0.01324	0.00578	0.00180	0.00283	0.03430	0.00426	0.00393
11	0.01165	0.01105	0.03664	0.26881	0.17962	0.05012	0.04697	0.15736	0.06992	0.01663	0.01122	0.01328	0.04048	0.00518	0.00500	0.00146	0.03234	0.00440	0.00293	0.03495
12	0.07607	0.01027	0.01194	0.10594	0.05968	0.03203	0.00829	0.33193	0.03517	0.11659	0.07255	0.03686	0.02011	0.02777	0.00509	0.00150	0.00468	0.00476	0.00408	0.03468
13	0.01173	0.27095	0.38253	0.01129	0.03689	0.02747	0.01233	0.09297	0.03379	0.03854	0.00864	0.00964	0.00660	0.00446	0.00399	0.00129	0.00582	0.00330	0.00248	0.03530
14	0.03689	0.00826	0.01033	0.00820	0.01136	0.03184	0.00662	0.06707	0.01321	0.62564	0.03837	0.06001	0.01310	0.04020	0.00549	0.00158	0.00407	0.00519	0.00531	0.00726
15	0.00895	0.00656	0.00759	0.02935	0.00919	0.00680	0.00548	0.15825	0.08177	0.01713	0.09104	0.33775	0.10655	0.01011	0.00517	0.00160	0.00320	0.00878	0.09968	0.00505
16	0.01219	0.06751	0.04163	0.05545	0.28752	0.02489	0.13651	0.05408	0.06564	0.09572	0.03319	0.01413	0.03033	0.02691	0.00555	0.00152	0.03285	0.00467	0.00304	0.00666
17	0.00869	0.00988	0.18001	0.00914	0.02119	0.00736	0.02885	0.05817	0.01952	0.05121	0.02251	0.10101	0.03286	0.09564	0.32794	0.00417	0.00799	0.00576	0.00298	0.00511
18	0.00627	0.00436	0.00543	0.00604	0.00677	0.00396	0.00419	0.00732	0.00970	0.03701	0.07794	0.55961	0.19554	0.01305	0.00568	0.00175	0.00261	0.01160	0.03717	0.00400
19	0.01239	0.00798	0.03559	0.02148	0.01059	0.03036	0.00649	0.03216	0.14312	0.26277	0.10752	0.18065	0.07816	0.00841	0.00532	0.00157	0.02499	0.00713	0.01728	0.00604
20	0.03922	0.09724	0.31792	0.01305	0.08897	0.01168	0.06407	0.12824	0.06818	0.08948	0.03129	0.01179	0.00848	0.00487	0.00443	0.00142	0.00566	0.00400	0.00307	0.00695
21	0.00971	0.00765	0.03103	0.00916	0.04265	0.03009	0.09095	0.01252	0.09533	0.09995	0.14677	0.09236	0.01952	0.26021	0.02952	0.00258	0.00458	0.00672	0.00374	0.00498
22	0.00679	0.00503	0.02777	0.00633	0.00723	0.00433	0.00465	0.00805	0.00986	0.04791	0.13396	0.45960	0.12062	0.06798	0.00683	0.00191	0.00291	0.03472	0.03939	0.00412
23	0.17249	0.04705	0.10925	0.03111	0.01339	0.03389	0.07007	0.14909	0.06525	0.05757	0.02719	0.09931	0.05890	0.00641	0.00446	0.00147	0.00470	0.01415	0.00352	0.03073
24	0.01183	0.08438	0.06311	0.17232	0.09265	0.06431	0.04215	0.15859	0.03813	0.01635	0.01019	0.01200	0.03010	0.00562	0.02517	0.00146	0.02898	0.00395	0.00286	0.13584
25	0.00860	0.00840	0.04147	0.02081	0.04780	0.08020	0.00661	0.03214	0.00989	0.01292	0.11450	0.14281	0.11836	0.17345	0.01045	0.00222	0.12978	0.03174	0.00338	0.00448
26	0.07536	0.10462	0.11800	0.02117	0.01240	0.11068	0.01949	0.10165	0.04673	0.01615	0.01104	0.03635	0.02552	0.02632	0.00500	0.00137	0.04543	0.00402	0.12884	0.08987
27	0.21615	0.11207	0.20185	0.02234	0.05981	0.03257	0.03050	0.04631	0.01029	0.05106	0.06603	0.02970	0.03631	0.02967	0.00461	0.00147	0.00488	0.00412	0.00291	0.03737

[dist]
# distance from previous block
# <min> <max>
1	8

[block]
# block no. 2 follows, 55 sequences, length 9
# corresponding to MSA columns:
# 166-174
name=unknown_C
#
# <colnr> <probs for GDERKNQSTAVLIFYWHMCP>
#	G	D	E	R	K	N	Q	S	T	A	V	L	I	F	Y	W	H	M	C	P
0	0.02830	0.02742	0.06252	0.20614	0.01576	0.00814	0.04862	0.03178	0.03671	0.07925	0.05262	0.13639	0.04218	0.06504	0.00752	0.06098	0.04098	0.00606	0.01990	0.02368
1	0.03104	0.15832	0.30684	0.03360	0.07366	0.09576	0.03182	0.01467	0.03106	0.04893	0.02479	0.01386	0.03563	0.00579	0.01734	0.00150	0.02384	0.04278	0.00258	0.00620
2	0.02979	0.19537	0.16472	0.04237	0.16042	0.07306	0.05298	0.03464	0.03389	0.05012	0.04959	0.04094	0.00964	0.00501	0.00425	0.00132	0.00550	0.00414	0.00270	0.03954
3	0.05353	0.00661	0.00770	0.00708	0.01905	0.03705	0.00518	0.06525	0.01050	0.10585	0.16772	0.04742	0.08454	0.05978	0.00991	0.24485	0.01806	0.00578	0.01603	0.02811
4	0.00614	0.00461	0.00574	0.00632	0.00707	0.00435	0.00445	0.00791	0.05091	0.01350	0.15116	0.51995	0.15332	0.01286	0.00575	0.00176	0.00266	0.03297	0.00447	0.00410
5	0.02964	0.26569	0.32405	0.03604	0.06337	0.07015	0.04052	0.03542	0.06786	0.01416	0.00857	0.00982	0.00670	0.00445	0.00403	0.00132	0.00600	0.00339	0.00233	0.00648
6	0.04796	0.06031	0.13413	0.10106	0.22089	0.02689	0.05036	0.03562	0.01018	0.02871	0.03971	0.10291	0.03337	0.06340	0.00619	0.00169	0.02260	0.00539	0.00277	0.00585
7	0.00661	0.00468	0.00568	0.00579	0.00684	0.00422	0.00423	0.00782	0.01059	0.03952	0.23290	0.20801	0.29902	0.05117	0.00712	0.04534	0.00273	0.04936	0.00438	0.00401
8	0.01065	0.00584	0.00703	0.00639	0.00834	0.00528	0.00490	0.01281	0.05950	0.24726	0.07764	0.16440	0.30157	0.00964	0.00515	0.00155	0.00294	0.00819	0.05557	0.00533

[dist]
# distance from previous block
# <min> <max>
28	102

[block]
# block no. 3 follows, 55 sequences, length 31
# corresponding to MSA columns:
# 311-333,338-345
name=unknown_D
#
# <colnr> <probs for GDERKNQSTAVLIFYWHMCP>
#	G	D	E	R	K	N	Q	S	T	A	V	L	I	F	Y	W	H	M	C	P
0	0.02115	0.10518	0.05694	0.00856	0.02288	0.02346	0.00709	0.14127	0.06746	0.07918	0.09133	0.18079	0.04093	0.02696	0.02794	0.00168	0.02384	0.00640	0.00387	0.06309
1	0.01121	0.18854	0.14519	0.04123	0.03863	0.07467	0.08422	0.10404	0.04366	0.01543	0.06589	0.06184	0.07065	0.00597	0.00447	0.00136	0.00530	0.00496	0.00303	0.02970
2	0.04237	0.27321	0.21851	0.03288	0.01485	0.10500	0.01047	0.07525	0.08082	0.03005	0.00958	0.01054	0.02320	0.00496	0.00456	0.00133	0.05001	0.00349	0.00263	0.00630
3	0.07105	0.03652	0.03015	0.03433	0.01172	0.04303	0.02536	0.08966	0.13725	0.09920	0.05478	0.01763	0.11280	0.00697	0.00574	0.06349	0.02696	0.00492	0.00373	0.12472
4	0.07740	0.11554	0.20590	0.20982	0.02831	0.04687	0.04158	0.05677	0.02810	0.07446	0.00960	0.03325	0.00747	0.00501	0.00458	0.00144	0.02839	0.00396	0.01545	0.00610
5	0.01285	0.11861	0.03753	0.11969	0.11947	0.04414	0.05384	0.18315	0.11056	0.05004	0.02836	0.02542	0.00916	0.00541	0.00522	0.00144	0.06090	0.00435	0.00326	0.00661
6	0.00881	0.02256	0.00777	0.00697	0.00813	0.00602	0.00536	0.02389	0.01016	0.09843	0.20733	0.10465	0.10980	0.01390	0.12082	0.11690	0.07533	0.01853	0.03018	0.00446
7	0.00624	0.00436	0.00527	0.00576	0.00602	0.00419	0.00366	0.00674	0.00806	0.01063	0.02180	0.36967	0.07597	0.40690	0.01440	0.00313	0.00360	0.03665	0.00360	0.00335
8	0.03753	0.01382	0.01437	0.13152	0.26561	0.27440	0.01067	0.07252	0.01212	0.06454	0.00944	0.02768	0.00762	0.00489	0.00442	0.00135	0.00621	0.00395	0.03109	0.00625
9	0.00622	0.00471	0.00570	0.00551	0.00670	0.00423	0.00409	0.00801	0.01212	0.01637	0.52967	0.06471	0.27905	0.02521	0.00583	0.00157	0.00230	0.00898	0.00480	0.00420
10	0.00608	0.00500	0.00543	0.00528	0.00663	0.00455	0.00392	0.00767	0.03209	0.01352	0.17702	0.04020	0.56648	0.07451	0.00714	0.00179	0.02530	0.00905	0.00429	0.00405
11	0.13929	0.46298	0.01849	0.00873	0.01224	0.11713	0.00785	0.14425	0.01173	0.01552	0.00734	0.00826	0.00616	0.00447	0.00361	0.00117	0.01923	0.00287	0.00262	0.00607
12	0.05374	0.00809	0.01035	0.00808	0.01144	0.00737	0.00662	0.07551	0.03066	0.60094	0.07139	0.01693	0.03195	0.00601	0.00463	0.00141	0.00384	0.00487	0.00534	0.04081
13	0.00760	0.00566	0.00625	0.03453	0.00703	0.03684	0.00393	0.03351	0.00768	0.01007	0.01380	0.02703	0.01526	0.66299	0.10541	0.00449	0.00558	0.00625	0.00280	0.00331
14	0.01204	0.23714	0.15207	0.01170	0.07349	0.08226	0.05483	0.12111	0.08075	0.01569	0.02676	0.07436	0.02721	0.00564	0.00431	0.00135	0.00542	0.00456	0.00296	0.00634
15	0.00841	0.00716	0.01179	0.00969	0.01186	0.00677	0.20345	0.01143	0.06604	0.04788	0.25589	0.11059	0.14802	0.03171	0.00600	0.00168	0.00405	0.04846	0.00410	0.00503
16	0.00980	0.00863	0.01105	0.00800	0.01199	0.00691	0.06610	0.02826	0.00998	0.01526	0.00965	0.01107	0.03314	0.00391	0.00397	0.00083	0.02268	0.00326	0.00280	0.73271
17	0.01049	0.00948	0.01505	0.38239	0.26968	0.01076	0.01221	0.02718	0.05276	0.03898	0.00917	0.01216	0.00722	0.00490	0.00555	0.00150	0.07998	0.00415	0.00247	0.04393
18	0.00713	0.00522	0.00662	0.02662	0.00765	0.00545	0.00469	0.03806	0.00849	0.01151	0.03013	0.20947	0.04263	0.34183	0.15281	0.00383	0.03065	0.04044	0.00327	0.02348
19	0.02561	0.05331	0.01078	0.13792	0.07118	0.00881	0.00768	0.05124	0.14920	0.07247	0.11433	0.05044	0.12179	0.00797	0.02438	0.00166	0.02261	0.03139	0.03155	0.00569
20	0.00666	0.00492	0.00714	0.00714	0.00786	0.00563	0.00540	0.00809	0.00738	0.01055	0.01276	0.01996	0.01236	0.14566	0.70830	0.00707	0.01136	0.00523	0.00254	0.00397
21	0.01504	0.31629	0.01690	0.01018	0.01305	0.44828	0.00838	0.04243	0.01174	0.01183	0.00721	0.00851	0.00622	0.00494	0.00438	0.02763	0.02121	0.00293	0.01728	0.00556
22	0.01180	0.00879	0.01022	0.00881	0.04186	0.04198	0.02055	0.10787	0.09481	0.12190	0.11354	0.03042	0.07057	0.03609	0.02934	0.00156	0.01317	0.00514	0.00396	0.22763
23	0.03390	0.18987	0.23220	0.03764	0.04184	0.04952	0.01007	0.04889	0.04155	0.05973	0.07043	0.02795	0.09841	0.00600	0.00469	0.00139	0.03224	0.00464	0.00300	0.00604
24	0.00997	0.00922	0.01481	0.40070	0.30406	0.01030	0.01223	0.03875	0.05934	0.01413	0.01127	0.04957	0.03521	0.00528	0.00473	0.00150	0.00549	0.00480	0.00258	0.00607
25	0.06021	0.01086	0.01737	0.06086	0.66471	0.02303	0.01322	0.03865	0.01078	0.01572	0.00918	0.01262	0.00782	0.00452	0.00457	0.00142	0.00544	0.02954	0.00247	0.00703
26	0.03756	0.01008	0.01565	0.04133	0.37530	0.04071	0.09004	0.01308	0.02975	0.01476	0.09122	0.01673	0.04403	0.02440	0.01809	0.00167	0.10036	0.02635	0.00279	0.00611
27	0.00681	0.00459	0.00536	0.00544	0.00556	0.00463	0.00330	0.00704	0.00708	0.00945	0.01525	0.03138	0.01734	0.73872	0.06219	0.00449	0.00489	0.06058	0.00291	0.00299
28	0.00824	0.10475	0.14724	0.00798	0.01032	0.02226	0.00740	0.01060	0.03132	0.03405	0.12075	0.18894	0.11024	0.04724	0.08578	0.00226	0.02285	0.02938	0.00347	0.00493
29	0.00971	0.00989	0.10519	0.07723	0.11058	0.00811	0.03335	0.08136	0.03701	0.03619	0.04008	0.09626	0.11699	0.03425	0.00538	0.00150	0.00445	0.02980	0.00333	0.15937
30	0.03146	0.14189	0.03293	0.04427	0.01149	0.05034	0.00725	0.12067	0.04530	0.05172	0.12829	0.06844	0.07980	0.02598	0.00657	0.02989	0.09252	0.00554	0.02018	0.00547

[dist]
# distance from previous block
# <min> <max>
0	20

[block]
# block no. 4 follows, 55 sequences, length 37
# corresponding to MSA columns:
# 366-402
name=unknown_E
#
# <colnr> <probs for GDERKNQSTAVLIFYWHMCP>
#	G	D	E	R	K	N	Q	S	T	A	V	L	I	F	Y	W	H	M	C	P
0	0.01178	0.02611	0.05127	0.07734	0.24375	0.03971	0.03705	0.11262	0.05119	0.06663	0.06483	0.03922	0.05183	0.00558	0.00462	0.00136	0.00488	0.00487	0.00330	0.10206
1	0.01127	0.03056	0.04031	0.09286	0.03086	0.02661	0.00734	0.05614	0.06833	0.12108	0.03380	0.11704	0.02163	0.00597	0.00435	0.00123	0.00409	0.00503	0.00354	0.31795
2	0.04825	0.02965	0.04408	0.01101	0.04977	0.12293	0.04226	0.32788	0.06435	0.05755	0.03147	0.01233	0.00911	0.00524	0.00439	0.00132	0.00522	0.01155	0.03972	0.08193
3	0.00608	0.00450	0.00570	0.00639	0.00706	0.00418	0.00448	0.00734	0.02414	0.01257	0.06662	0.56953	0.12659	0.04555	0.00650	0.00191	0.00285	0.06741	0.00427	0.02633
4	0.00912	0.00660	0.00830	0.00781	0.00853	0.03093	0.00583	0.01011	0.00883	0.10015	0.04716	0.23949	0.03834	0.17149	0.07655	0.00276	0.18895	0.00749	0.02710	0.00447
5	0.30789	0.02855	0.01019	0.00864	0.06131	0.00917	0.00651	0.07997	0.02887	0.15688	0.00989	0.01038	0.00732	0.00445	0.00366	0.00121	0.00390	0.00327	0.00348	0.25445
6	0.02267	0.19001	0.13374	0.00997	0.01365	0.10095	0.06065	0.07497	0.08432	0.05822	0.02953	0.06407	0.01009	0.02603	0.00484	0.01014	0.00526	0.00436	0.00305	0.09345
7	0.01661	0.00821	0.01034	0.00803	0.01149	0.00730	0.00651	0.07783	0.05424	0.48124	0.01714	0.04703	0.04222	0.00587	0.00450	0.00131	0.00381	0.00480	0.00488	0.18666
8	0.03727	0.11688	0.06986	0.10169	0.06593	0.01231	0.11265	0.26542	0.02215	0.03118	0.03036	0.01205	0.00838	0.02248	0.02177	0.00155	0.00562	0.00416	0.00319	0.05513
9	0.03495	0.17544	0.01402	0.00913	0.01187	0.01169	0.02386	0.20188	0.04623	0.14859	0.05480	0.01499	0.01115	0.00848	0.06071	0.04091	0.08369	0.03764	0.00371	0.00626
10	0.01138	0.01053	0.01726	0.11347	0.62532	0.01085	0.01314	0.06625	0.01101	0.01546	0.00918	0.01261	0.00779	0.04934	0.00565	0.00157	0.00552	0.00429	0.00246	0.00692
11	0.01629	0.00952	0.01108	0.00889	0.01206	0.00977	0.00721	0.26820	0.15555	0.31669	0.07148	0.01765	0.06126	0.00642	0.00479	0.00146	0.00406	0.00519	0.00509	0.00733
12	0.01311	0.12803	0.16434	0.03249	0.06153	0.05197	0.09031	0.05787	0.07933	0.16498	0.01196	0.05810	0.00942	0.00557	0.00510	0.00145	0.04998	0.00457	0.00329	0.00662
13	0.00774	0.00513	0.00670	0.00704	0.00798	0.00501	0.00530	0.03894	0.01013	0.06521	0.07318	0.35029	0.06562	0.08529	0.07783	0.00256	0.00417	0.17339	0.00418	0.00431
14	0.00776	0.00484	0.00605	0.00604	0.00658	0.00483	0.00403	0.00839	0.00796	0.07580	0.01733	0.13611	0.03751	0.47943	0.14024	0.00419	0.00538	0.04056	0.00331	0.00366
15	0.00910	0.00874	0.01371	0.44463	0.14428	0.04062	0.05230	0.01167	0.00981	0.01275	0.03585	0.11085	0.04970	0.00630	0.00520	0.00156	0.02938	0.00564	0.00260	0.00532
16	0.01178	0.20686	0.29043	0.03592	0.01732	0.15222	0.10965	0.01551	0.05248	0.01331	0.00830	0.00987	0.00654	0.00461	0.00474	0.00136	0.04706	0.00355	0.00225	0.00623
17	0.00879	0.00827	0.01395	0.82532	0.03204	0.01034	0.01292	0.01189	0.00930	0.01189	0.00827	0.01240	0.00620	0.00465	0.00465	0.00155	0.00620	0.00413	0.00207	0.00517
18	0.00673	0.00482	0.00677	0.00677	0.00734	0.00540	0.00493	0.00781	0.00723	0.01022	0.01291	0.02147	0.01296	0.25431	0.57213	0.03651	0.00999	0.00544	0.00257	0.00371
19	0.01202	0.03379	0.09016	0.01033	0.03289	0.16128	0.03058	0.05005	0.11843	0.08594	0.03209	0.06650	0.03142	0.05395	0.07015	0.02354	0.06842	0.01941	0.00332	0.00572
20	0.00636	0.00501	0.00618	0.00638	0.00750	0.00468	0.01854	0.00844	0.05938	0.01386	0.15439	0.31564	0.29079	0.01200	0.00568	0.00171	0.00279	0.07203	0.00443	0.00423
21	0.00652	0.00471	0.00569	0.00606	0.00703	0.00431	0.00430	0.00812	0.04099	0.04283	0.12400	0.43878	0.26450	0.01248	0.00566	0.00171	0.00262	0.01100	0.00448	0.00419
22	0.01015	0.00886	0.01268	0.05186	0.12592	0.04104	0.06891	0.07151	0.00961	0.02731	0.01114	0.11041	0.01097	0.07739	0.06639	0.09321	0.18929	0.00553	0.00275	0.00507
23	0.03500	0.07702	0.05241	0.01719	0.02157	0.03525	0.61314	0.01451	0.01060	0.01442	0.00917	0.01213	0.00711	0.00575	0.05171	0.00184	0.00775	0.00500	0.00234	0.00609
24	0.00887	0.00828	0.01380	0.67327	0.11156	0.00992	0.01239	0.01182	0.00962	0.01249	0.03231	0.01488	0.03563	0.00515	0.00474	0.00154	0.00585	0.02027	0.00230	0.00532
25	0.00914	0.00705	0.00791	0.00757	0.00933	0.00746	0.00568	0.01563	0.35919	0.05908	0.08451	0.24292	0.14628	0.00962	0.00523	0.00164	0.00311	0.00834	0.00464	0.00566
26	0.00994	0.00731	0.00930	0.00910	0.03873	0.00768	0.01930	0.18912	0.01252	0.04975	0.03909	0.33376	0.06724	0.01064	0.00617	0.00175	0.05711	0.12202	0.00422	0.00525
27	0.00883	0.00833	0.01396	0.80124	0.03145	0.01045	0.01284	0.01187	0.00924	0.01187	0.00820	0.01234	0.00620	0.00475	0.00497	0.00156	0.03054	0.00413	0.00207	0.00517
28	0.01313	0.07231	0.01384	0.03135	0.01311	0.31212	0.00913	0.01474	0.03344	0.02671	0.00769	0.01009	0.00671	0.00627	0.00887	0.00156	0.36106	0.00362	0.04888	0.00535
29	0.01122	0.09515	0.41709	0.03467	0.11087	0.03944	0.03183	0.05951	0.01078	0.05798	0.00913	0.01102	0.00699	0.03454	0.00500	0.00148	0.00607	0.00368	0.00247	0.05109
30	0.01107	0.02658	0.01022	0.02348	0.01106	0.14499	0.03569	0.09814	0.04243	0.07485	0.03639	0.32304	0.05003	0.01010	0.02893	0.00178	0.05433	0.00783	0.00382	0.00524
31	0.00683	0.00469	0.00542	0.00541	0.00542	0.00482	0.00317	0.00691	0.00689	0.00925	0.01494	0.07317	0.01727	0.76206	0.02241	0.00428	0.03420	0.00702	0.00287	0.00295
32	0.01305	0.01053	0.01559	0.05152	0.08757	0.01097	0.18994	0.19588	0.17717	0.08948	0.01411	0.04476	0.02636	0.00564	0.00486	0.00149	0.00515	0.00521	0.04389	0.00684
33	0.01180	0.01061	0.01196	0.02628	0.10597	0.12170	0.04508	0.06005	0.06679	0.06663	0.06025	0.03581	0.05605	0.00537	0.00435	0.00118	0.00464	0.00451	0.00333	0.29765
34	0.01213	0.00970	0.02998	0.02947	0.04332	0.00879	0.02740	0.22340	0.01319	0.06003	0.04347	0.02741	0.00990	0.04977	0.00521	0.00127	0.00426	0.00406	0.00349	0.39375
35	0.02958	0.07102	0.01195	0.01046	0.09968	0.00922	0.00754	0.15085	0.06484	0.24574	0.13675	0.07494	0.01677	0.00743	0.02269	0.00159	0.00422	0.02364	0.00447	0.00662
36	0.01830	0.02104	0.00759	0.02687	0.00851	0.00597	0.02877	0.03793	0.05210	0.05509	0.05948	0.13064	0.14462	0.30046	0.01171	0.00261	0.00387	0.04573	0.00371	0.03498

[dist]
# distance from previous block
# <min> <max>
0	28

[block]
# block no. 5 follows, 55 sequences, length 10
# corresponding to MSA columns:
# 431-440
name=unknown_F
#
# <colnr> <probs for GDERKNQSTAVLIFYWHMCP>
#	G	D	E	R	K	N	Q	S	T	A	V	L	I	F	Y	W	H	M	C	P
0	0.01176	0.01037	0.01459	0.08433	0.17775	0.01109	0.09852	0.14491	0.26558	0.01867	0.05498	0.01576	0.03711	0.00560	0.00480	0.00148	0.00486	0.00503	0.00368	0.02914
1	0.01120	0.00901	0.01058	0.00948	0.06838	0.00870	0.00683	0.11679	0.20344	0.04059	0.01305	0.06480	0.01107	0.05572	0.00542	0.00138	0.00390	0.00461	0.00364	0.35142
2	0.00709	0.00505	0.00571	0.00552	0.00705	0.00450	0.00421	0.00896	0.03326	0.06284	0.22141	0.05935	0.46494	0.01054	0.00537	0.00155	0.00253	0.03992	0.04580	0.00440
3	0.01112	0.06846	0.41748	0.03983	0.07996	0.01089	0.14407	0.03496	0.01071	0.09112	0.01096	0.01230	0.03756	0.00474	0.00460	0.00145	0.00630	0.00418	0.00258	0.00672
4	0.01374	0.01398	0.01113	0.01000	0.01207	0.35875	0.00774	0.10505	0.05290	0.05786	0.01263	0.01563	0.04752	0.03374	0.15780	0.00261	0.04270	0.03551	0.00315	0.00550
5	0.00577	0.00416	0.00549	0.00651	0.00690	0.00388	0.00447	0.00668	0.00910	0.01203	0.02669	0.74578	0.07056	0.01433	0.00594	0.00189	0.00278	0.05891	0.00432	0.00382
6	0.04822	0.00586	0.00691	0.00833	0.07045	0.04694	0.00532	0.00817	0.00951	0.01286	0.05370	0.59454	0.08705	0.01234	0.00554	0.00175	0.00321	0.01102	0.00402	0.00424
7	0.52823	0.00950	0.00871	0.00735	0.01026	0.01067	0.00599	0.18956	0.03971	0.06983	0.00901	0.00982	0.00674	0.00541	0.00426	0.04620	0.00395	0.00325	0.02577	0.00577
8	0.01170	0.01090	0.05008	0.21587	0.04943	0.03542	0.10274	0.19330	0.14129	0.01798	0.01250	0.06688	0.01022	0.00584	0.00480	0.00151	0.00538	0.01863	0.03920	0.00631
9	0.02575	0.05187	0.01343	0.03018	0.01382	0.03219	0.05988	0.27513	0.29561	0.03729	0.04094	0.04054	0.01183	0.00614	0.00518	0.00150	0.04264	0.00496	0.00416	0.00696

[dist]
# distance from previous block
# <min> <max>
0	4

[block]
# block no. 6 follows, 55 sequences, length 30
# corresponding to MSA columns:
# 445-474
name=unknown_G
#
# <colnr> <probs for GDERKNQSTAVLIFYWHMCP>
#	G	D	E	R	K	N	Q	S	T	A	V	L	I	F	Y	W	H	M	C	P
0	0.34366	0.09708	0.01486	0.03063	0.04788	0.03158	0.16373	0.11300	0.08481	0.01889	0.00898	0.01022	0.00691	0.00456	0.00396	0.00142	0.00505	0.00370	0.00302	0.00607
1	0.01219	0.11017	0.14750	0.15207	0.10784	0.13367	0.01132	0.12661	0.01177	0.01507	0.00894	0.04455	0.00750	0.00531	0.00523	0.00142	0.07195	0.00402	0.00260	0.02027
2	0.00815	0.00645	0.00857	0.09027	0.02277	0.00726	0.00624	0.00983	0.03188	0.04426	0.19805	0.05384	0.12134	0.19891	0.01143	0.00231	0.16368	0.00680	0.00352	0.00443
3	0.00647	0.00461	0.00581	0.00619	0.00702	0.00434	0.00454	0.00771	0.02692	0.01312	0.14832	0.29407	0.20523	0.01327	0.02728	0.10261	0.00312	0.09142	0.02409	0.00386
4	0.00616	0.00448	0.00559	0.00582	0.00670	0.00409	0.00417	0.00768	0.01107	0.01514	0.36562	0.32183	0.16697	0.01154	0.00556	0.00162	0.00240	0.01021	0.03924	0.00409
5	0.00625	0.00438	0.00566	0.00646	0.00680	0.00423	0.00446	0.00707	0.00866	0.01148	0.02266	0.49913	0.02656	0.22477	0.01056	0.00260	0.00342	0.13729	0.00393	0.00362
6	0.86937	0.00900	0.00684	0.00612	0.00900	0.01044	0.00504	0.01368	0.00792	0.02087	0.00648	0.00756	0.00504	0.00432	0.00288	0.00144	0.00360	0.00252	0.00288	0.00504
7	0.00706	0.00508	0.00680	0.00757	0.00849	0.00497	0.00609	0.03063	0.01071	0.01417	0.10660	0.29384	0.05313	0.01280	0.00610	0.00195	0.00353	0.41184	0.00439	0.00423
8	0.00564	0.00427	0.00521	0.00592	0.00661	0.00384	0.00408	0.00661	0.00955	0.01229	0.05530	0.57057	0.26614	0.01358	0.00579	0.00178	0.00258	0.01205	0.00434	0.00384
9	0.04269	0.01033	0.01082	0.00923	0.01199	0.03311	0.00731	0.23983	0.38932	0.05471	0.09001	0.04010	0.02670	0.00659	0.00475	0.00150	0.00404	0.00536	0.00464	0.00698
10	0.00974	0.01024	0.03840	0.07663	0.07438	0.00968	0.39318	0.03216	0.04845	0.01531	0.10535	0.01947	0.09794	0.00659	0.02585	0.00170	0.00608	0.01997	0.00305	0.00582
11	0.01010	0.00821	0.00882	0.00838	0.00985	0.09736	0.02574	0.13774	0.01204	0.05686	0.04275	0.42734	0.04848	0.01080	0.00565	0.00170	0.02104	0.05798	0.00416	0.00500
12	0.01096	0.01194	0.14064	0.03965	0.22075	0.00954	0.06097	0.03712	0.10898	0.04993	0.01088	0.01326	0.00872	0.02728	0.00494	0.00138	0.00504	0.02198	0.00293	0.21310
13	0.01158	0.15465	0.39851	0.01148	0.03764	0.04647	0.01235	0.04319	0.11522	0.06918	0.02525	0.01133	0.00825	0.00480	0.00424	0.00137	0.00572	0.00371	0.00280	0.03228
14	0.75024	0.09582	0.00892	0.03438	0.01009	0.01127	0.00561	0.01364	0.00813	0.01953	0.00654	0.00771	0.00518	0.00429	0.00295	0.00140	0.00383	0.00257	0.00276	0.00514
15	0.04217	0.05226	0.06247	0.07220	0.30887	0.05317	0.08427	0.05131	0.06821	0.01535	0.02017	0.04014	0.00877	0.00522	0.00543	0.00147	0.07338	0.00448	0.02423	0.00644
16	0.00642	0.00448	0.00596	0.00632	0.00668	0.00464	0.00430	0.00710	0.00770	0.01050	0.01766	0.28805	0.03011	0.26785	0.26061	0.05039	0.00630	0.00822	0.00319	0.00351
17	0.01067	0.00737	0.03180	0.00817	0.00974	0.00776	0.00659	0.07184	0.04368	0.14510	0.01412	0.01810	0.03842	0.10579	0.29183	0.03038	0.10925	0.00503	0.03918	0.00519
18	0.00570	0.00417	0.00536	0.00623	0.00670	0.00383	0.00423	0.00663	0.00935	0.01233	0.07137	0.69437	0.12471	0.01396	0.00586	0.00183	0.00263	0.01255	0.00436	0.00383
19	0.01051	0.02143	0.62936	0.01252	0.01845	0.04136	0.01506	0.09833	0.05023	0.01630	0.00973	0.03867	0.00738	0.00500	0.00450	0.00147	0.00644	0.00393	0.00249	0.00685
20	0.01244	0.83930	0.02438	0.00796	0.01194	0.01841	0.00796	0.01393	0.00945	0.01095	0.00647	0.00746	0.00597	0.00398	0.00299	0.00100	0.00498	0.00249	0.00199	0.00597
21	0.04425	0.00731	0.04227	0.00714	0.00959	0.00600	0.00568	0.01105	0.07321	0.03693	0.01834	0.30840	0.06521	0.00855	0.00470	0.00137	0.00332	0.02677	0.00367	0.31625
22	0.03398	0.08027	0.04570	0.00965	0.01279	0.01263	0.00805	0.17050	0.53144	0.02048	0.01565	0.01479	0.01173	0.00585	0.00451	0.00149	0.00420	0.00468	0.00433	0.00727
23	0.68025	0.04487	0.00853	0.00676	0.00982	0.01068	0.00563	0.07096	0.00957	0.10544	0.00809	0.00870	0.00598	0.00455	0.00320	0.00142	0.00381	0.00287	0.00328	0.00559
24	0.01346	0.00996	0.03892	0.04333	0.01291	0.01024	0.03156	0.25411	0.15711	0.13603	0.05292	0.01782	0.05109	0.09144	0.00715	0.00180	0.03987	0.00520	0.01853	0.00655
25	0.00621	0.00475	0.00575	0.00552	0.00677	0.00429	0.00415	0.00803	0.01205	0.01622	0.50964	0.03757	0.30736	0.01132	0.03824	0.00174	0.00266	0.00876	0.00474	0.00422
26	0.03575	0.01250	0.18417	0.01367	0.11427	0.00924	0.16672	0.04423	0.02541	0.11472	0.12637	0.01506	0.01286	0.00516	0.00471	0.00139	0.00527	0.00478	0.00328	0.10043
27	0.00579	0.00428	0.00546	0.00622	0.00681	0.00395	0.00433	0.00683	0.00953	0.01254	0.08865	0.59645	0.16039	0.01419	0.02678	0.00196	0.00290	0.03473	0.00433	0.00388
28	0.01313	0.61207	0.07420	0.00956	0.03344	0.14594	0.00892	0.03441	0.01042	0.01184	0.00689	0.00797	0.00605	0.00418	0.00336	0.00108	0.00567	0.00272	0.00213	0.00602
29	0.00638	0.00465	0.00577	0.00638	0.00702	0.00442	0.00445	0.03845	0.00968	0.01270	0.04612	0.53841	0.13834	0.09452	0.00759	0.00209	0.00302	0.06188	0.00420	0.00392

[dist]
# distance from previous block
# <min> <max>
0	21

[block]
# block no. 7 follows, 55 sequences, length 17
# corresponding to MSA columns:
# 501-517
name=unknown_H
#
# <colnr> <probs for GDERKNQSTAVLIFYWHMCP>
#	G	D	E	R	K	N	Q	S	T	A	V	L	I	F	Y	W	H	M	C	P
0	0.15572	0.14160	0.01580	0.01153	0.04246	0.02932	0.10070	0.06100	0.11485	0.01555	0.00875	0.01062	0.00725	0.00574	0.00745	0.00158	0.25756	0.00388	0.00274	0.00592
1	0.22787	0.07826	0.05103	0.00889	0.02171	0.02639	0.00749	0.16955	0.12707	0.06716	0.01056	0.01168	0.00823	0.04085	0.00536	0.00151	0.04902	0.00374	0.00348	0.08014
2	0.56072	0.00896	0.00840	0.00716	0.01008	0.00992	0.00586	0.06041	0.04547	0.18306	0.01022	0.03095	0.00763	0.00515	0.00387	0.00147	0.02763	0.00350	0.00367	0.00587
3	0.00672	0.00455	0.00606	0.00647	0.00673	0.00464	0.00444	0.00694	0.00789	0.01058	0.01892	0.35385	0.04598	0.18611	0.05920	0.17370	0.03947	0.05107	0.00335	0.00334
4	0.00664	0.00470	0.00558	0.00555	0.00587	0.00478	0.00352	0.00710	0.00751	0.01003	0.04051	0.04653	0.10207	0.57942	0.13269	0.00443	0.01984	0.00698	0.00302	0.00323
5	0.01075	0.00803	0.00904	0.00817	0.01018	0.00896	0.00643	0.04527	0.39660	0.06100	0.14222	0.02128	0.01841	0.00707	0.00527	0.00152	0.04797	0.04618	0.13946	0.00618
6	0.00989	0.01806	0.50837	0.05594	0.01787	0.00931	0.01323	0.01407	0.00989	0.04893	0.00875	0.01017	0.00643	0.00422	0.00417	0.00126	0.00575	0.00334	0.00236	0.24800
7	0.39972	0.01416	0.01027	0.00907	0.01166	0.31124	0.00714	0.07404	0.01104	0.04178	0.00755	0.00873	0.00599	0.00540	0.01902	0.00149	0.05034	0.00302	0.00287	0.00546
8	0.01054	0.00740	0.00774	0.00725	0.00903	0.03707	0.00584	0.14060	0.11738	0.01854	0.01739	0.02404	0.03065	0.00725	0.00444	0.00144	0.00354	0.16879	0.37571	0.00535
9	0.00628	0.00463	0.00515	0.00521	0.00593	0.00430	0.00347	0.00701	0.00892	0.01138	0.08801	0.06292	0.30965	0.40563	0.01424	0.00300	0.00347	0.04370	0.00366	0.00345
10	0.00731	0.00490	0.00624	0.00598	0.00722	0.00449	0.00455	0.00929	0.01237	0.06017	0.55654	0.08016	0.12770	0.00988	0.00543	0.00152	0.00245	0.05073	0.03859	0.00448
11	0.00574	0.00423	0.00538	0.00613	0.00670	0.00387	0.00420	0.00676	0.00965	0.01274	0.11537	0.62114	0.15388	0.01358	0.00582	0.00179	0.00259	0.01216	0.00441	0.00387
12	0.03035	0.00606	0.00782	0.00674	0.00882	0.00544	0.00526	0.01398	0.01229	0.33019	0.31019	0.05919	0.10582	0.05323	0.00614	0.00166	0.00313	0.02300	0.00507	0.00564
13	0.02908	0.20687	0.43933	0.01206	0.01733	0.10617	0.07244	0.01479	0.01010	0.01351	0.00796	0.00954	0.00617	0.00527	0.02928	0.00153	0.00680	0.00336	0.00209	0.00633
14	0.86937	0.00900	0.00684	0.00612	0.00900	0.01044	0.00504	0.01368	0.00792	0.02087	0.00648	0.00756	0.00504	0.00432	0.00288	0.00144	0.00360	0.00252	0.00288	0.00504
15	0.00965	0.05629	0.15671	0.00936	0.03611	0.04960	0.04158	0.03287	0.07310	0.04539	0.11676	0.02018	0.11351	0.04005	0.05555	0.10627	0.00507	0.00543	0.02130	0.00521
16	0.00720	0.00530	0.00736	0.00756	0.02460	0.00585	0.00553	0.03694	0.00821	0.01146	0.01421	0.05592	0.01439	0.20152	0.51061	0.00588	0.00937	0.06117	0.00284	0.00407

[dist]
# distance from previous block
# <min> <max>
2	24

[block]
# block no. 8 follows, 55 sequences, length 18
# corresponding to MSA columns:
# 542-559
name=unknown_I
#
# <colnr> <probs for GDERKNQSTAVLIFYWHMCP>
#	G	D	E	R	K	N	Q	S	T	A	V	L	I	F	Y	W	H	M	C	P
0	0.45184	0.06558	0.11822	0.02462	0.08678	0.03761	0.05896	0.07906	0.01007	0.01875	0.00757	0.00895	0.00585	0.00440	0.00364	0.00141	0.00490	0.00316	0.00273	0.00589
1	0.00785	0.00649	0.00904	0.08443	0.14013	0.00651	0.00686	0.01091	0.07561	0.01637	0.37981	0.05200	0.14864	0.00833	0.00517	0.00149	0.00326	0.00733	0.02466	0.00510
2	0.00645	0.00441	0.00518	0.00544	0.00559	0.00431	0.00327	0.00676	0.00764	0.01017	0.04544	0.23097	0.04649	0.57725	0.01806	0.00366	0.00391	0.00853	0.00332	0.00315
3	0.00991	0.00978	0.01459	0.07918	0.07535	0.03346	0.12055	0.01297	0.08714	0.01359	0.07576	0.02983	0.05307	0.00773	0.02854	0.00187	0.33317	0.00521	0.00280	0.00551
4	0.17230	0.00567	0.00634	0.00587	0.00744	0.00559	0.00451	0.00998	0.01191	0.04573	0.54826	0.02990	0.11239	0.00862	0.00496	0.00147	0.00254	0.00730	0.00463	0.00459
5	0.01215	0.06060	0.06657	0.02133	0.06050	0.18527	0.00798	0.12161	0.10010	0.03035	0.04562	0.05545	0.02423	0.15758	0.00807	0.00197	0.00539	0.02630	0.00333	0.00562
6	0.10093	0.01163	0.10869	0.00922	0.01243	0.07647	0.00815	0.07622	0.15594	0.24850	0.03639	0.01618	0.01160	0.05369	0.00585	0.00166	0.02273	0.03299	0.00413	0.00660
7	0.00639	0.00462	0.00532	0.00551	0.00650	0.00424	0.00401	0.00769	0.01013	0.01349	0.15099	0.14445	0.31333	0.13426	0.00813	0.00204	0.00286	0.08166	0.09049	0.00389
8	0.67353	0.00884	0.00722	0.00642	0.00912	0.03192	0.00521	0.01423	0.03443	0.06604	0.06330	0.01067	0.00871	0.00488	0.00328	0.00142	0.00360	0.00323	0.03872	0.00522
9	0.09407	0.00666	0.00886	0.00806	0.00894	0.00738	0.06739	0.00963	0.03721	0.01220	0.01468	0.14199	0.01601	0.34542	0.01422	0.00292	0.12906	0.06816	0.00308	0.00408
10	0.00947	0.00807	0.00945	0.00683	0.01079	0.00610	0.00545	0.01154	0.00985	0.01536	0.05444	0.01110	0.00904	0.00380	0.00356	0.00073	0.00337	0.00308	0.00289	0.81507
11	0.00934	0.00788	0.00918	0.00685	0.01059	0.00611	0.00546	0.01160	0.02788	0.01508	0.01109	0.03571	0.03800	0.00446	0.00371	0.00083	0.00339	0.02700	0.02164	0.74419
12	0.07515	0.00745	0.00840	0.00707	0.00964	0.00717	0.00555	0.08410	0.09701	0.14516	0.07578	0.09522	0.06266	0.00669	0.00434	0.00131	0.00330	0.00552	0.12510	0.17339
13	0.00933	0.02406	0.81240	0.01326	0.02014	0.01080	0.01719	0.01473	0.00982	0.01473	0.00835	0.00982	0.00589	0.00442	0.00442	0.00147	0.00688	0.00344	0.00196	0.00688
14	0.02447	0.06808	0.04703	0.23127	0.10448	0.02322	0.00980	0.13660	0.05991	0.02957	0.00996	0.03635	0.00802	0.00485	0.00428	0.00129	0.00501	0.00402	0.00295	0.18885
15	0.01329	0.00895	0.01293	0.44035	0.02286	0.01008	0.01039	0.16231	0.01257	0.20703	0.01142	0.01324	0.00803	0.00636	0.03865	0.00174	0.00572	0.00431	0.00346	0.00631
16	0.01293	0.08980	0.28289	0.04976	0.12149	0.06411	0.01221	0.09270	0.04798	0.12305	0.01015	0.01117	0.00747	0.00496	0.00496	0.00143	0.04933	0.00381	0.00295	0.00686
17	0.01224	0.04532	0.07763	0.01026	0.05639	0.04753	0.03303	0.11137	0.20304	0.11652	0.11748	0.02012	0.08519	0.01884	0.00509	0.00152	0.00439	0.02342	0.00416	0.00645

[dist]
# distance from previous block
# <min> <max>
2	17

[block]
# block no. 9 follows, 55 sequences, length 17
# corresponding to MSA columns:
# 577-593
name=unknown_J
#
# <colnr> <probs for GDERKNQSTAVLIFYWHMCP>
#	G	D	E	R	K	N	Q	S	T	A	V	L	I	F	Y	W	H	M	C	P
0	0.10615	0.04020	0.10014	0.03287	0.07440	0.01105	0.04335	0.22466	0.04405	0.19849	0.03116	0.01244	0.00906	0.00527	0.00476	0.00143	0.03090	0.00415	0.00388	0.02157
1	0.10050	0.04597	0.00845	0.00724	0.00863	0.00729	0.01509	0.04788	0.04161	0.06317	0.06076	0.12330	0.01631	0.18511	0.19560	0.00354	0.02759	0.03392	0.00341	0.00463
2	0.03685	0.00550	0.00657	0.00639	0.00685	0.00594	0.00433	0.04168	0.00817	0.01142	0.03152	0.15186	0.04972	0.45421	0.08661	0.00373	0.07456	0.00729	0.00315	0.00365
3	0.52463	0.00979	0.00879	0.00737	0.01048	0.03784	0.00605	0.13540	0.01099	0.08756	0.00904	0.01063	0.00701	0.00487	0.00353	0.00138	0.00404	0.03044	0.00342	0.08673
4	0.12863	0.05653	0.03367	0.01051	0.01284	0.39669	0.03598	0.03625	0.05946	0.01345	0.00800	0.00980	0.00669	0.00625	0.00646	0.09331	0.07427	0.00338	0.00256	0.00525
5	0.00781	0.00643	0.04191	0.00692	0.00832	0.00588	0.00545	0.02921	0.06790	0.05090	0.19793	0.19386	0.17799	0.08887	0.02907	0.00207	0.04311	0.02757	0.00420	0.00462
6	0.01412	0.42435	0.01788	0.00928	0.01233	0.34608	0.00794	0.01555	0.01102	0.01173	0.00759	0.00878	0.00654	0.00445	0.00351	0.00109	0.00612	0.00287	0.08322	0.00558
7	0.00926	0.00591	0.00691	0.00643	0.00738	0.00603	0.00437	0.06863	0.07813	0.08751	0.03076	0.09614	0.03479	0.45654	0.04136	0.04091	0.00441	0.00674	0.00356	0.00422
8	0.00710	0.00496	0.00581	0.00596	0.00632	0.00507	0.00376	0.00861	0.09361	0.01081	0.01746	0.22835	0.01953	0.49049	0.01685	0.05647	0.00394	0.00805	0.00335	0.00350
9	0.78836	0.00893	0.00710	0.00619	0.00919	0.01004	0.00508	0.01349	0.00808	0.02033	0.00665	0.00775	0.00521	0.00424	0.00293	0.00137	0.00358	0.00254	0.00287	0.08606
10	0.49212	0.00833	0.00750	0.00661	0.00913	0.02823	0.01654	0.05875	0.01001	0.03923	0.08396	0.01482	0.04338	0.00560	0.00363	0.00140	0.00355	0.03032	0.10081	0.03607
11	0.27992	0.04658	0.04695	0.00800	0.01129	0.05228	0.00681	0.08520	0.01021	0.01746	0.00823	0.03504	0.00697	0.00476	0.00441	0.00120	0.06617	0.00328	0.00288	0.30235
12	0.04842	0.04633	0.01262	0.06560	0.01387	0.01173	0.03609	0.30529	0.18160	0.05477	0.06066	0.04420	0.02380	0.02816	0.00567	0.00157	0.04378	0.00506	0.00411	0.00666
13	0.01067	0.05225	0.09503	0.01029	0.07227	0.06462	0.03469	0.08593	0.12412	0.05234	0.03698	0.10125	0.14817	0.05629	0.00593	0.00165	0.00452	0.00622	0.00364	0.03313
14	0.01157	0.00988	0.01083	0.11801	0.05034	0.08538	0.00785	0.11183	0.21485	0.05822	0.06643	0.07416	0.08607	0.00680	0.00476	0.00145	0.00444	0.00567	0.00391	0.06754
15	0.02523	0.05974	0.03921	0.02364	0.06475	0.10308	0.00808	0.23784	0.03974	0.15131	0.01437	0.09590	0.03940	0.00634	0.00454	0.00139	0.00480	0.00509	0.04186	0.03370
16	0.00914	0.03828	0.12030	0.03526	0.03001	0.04113	0.06571	0.02693	0.01017	0.04255	0.10863	0.20002	0.03236	0.06621	0.00733	0.00180	0.08212	0.03235	0.01512	0.03458

[dist]
# distance from previous block
# <min> <max>
9	38

[block]
# block no. 10 follows, 55 sequences, length 9
# corresponding to MSA columns:
# 665-673
name=unknown_K
#
# <colnr> <probs for GDERKNQSTAVLIFYWHMCP>
#	G	D	E	R	K	N	Q	S	T	A	V	L	I	F	Y	W	H	M	C	P
0	0.03399	0.06313	0.01243	0.01015	0.02676	0.30136	0.02381	0.05599	0.04480	0.12481	0.01172	0.09368	0.01023	0.00606	0.00484	0.00132	0.04101	0.01951	0.00332	0.11109
1	0.04666	0.02910	0.18375	0.08314	0.09720	0.04011	0.03682	0.11139	0.10406	0.01703	0.08959	0.01584	0.05183	0.00732	0.05008	0.00178	0.00557	0.00476	0.00321	0.02078
2	0.03247	0.25775	0.05883	0.16665	0.05525	0.14171	0.02714	0.08553	0.01110	0.01395	0.00806	0.01001	0.00658	0.00476	0.00466	0.00131	0.05845	0.00343	0.04649	0.00586
3	0.18992	0.06933	0.05150	0.00935	0.04337	0.02298	0.03990	0.03999	0.06629	0.17647	0.06473	0.05208	0.04185	0.02479	0.00538	0.00158	0.04636	0.04440	0.00377	0.00596
4	0.00982	0.00830	0.01173	0.13420	0.18502	0.02508	0.00965	0.06850	0.04027	0.01522	0.01610	0.02792	0.03152	0.00801	0.00561	0.00169	0.03536	0.29271	0.04029	0.03299
5	0.00702	0.00498	0.00580	0.00578	0.00672	0.00477	0.00406	0.00845	0.04213	0.04068	0.08876	0.10112	0.25857	0.29322	0.06370	0.00299	0.00397	0.04957	0.00382	0.00390
6	0.00770	0.00501	0.00645	0.00611	0.00743	0.00456	0.00465	0.00965	0.01248	0.08726	0.55489	0.08629	0.13131	0.00995	0.00549	0.00154	0.00251	0.04712	0.00499	0.00460
7	0.00616	0.00460	0.00499	0.00501	0.00578	0.00422	0.00328	0.00684	0.00892	0.01127	0.07694	0.06498	0.36779	0.39345	0.01393	0.00294	0.00336	0.00844	0.00367	0.00344
8	0.00605	0.00443	0.00559	0.00625	0.00689	0.00412	0.00445	0.00714	0.00961	0.01261	0.10041	0.45467	0.16075	0.09004	0.00754	0.00207	0.00296	0.10634	0.00425	0.00383

[dist]
# distance from previous block
# <min> <max>
0	1

[block]
# block no. 11 follows, 55 sequences, length 24
# corresponding to MSA columns:
# 675-693,706-710
name=unknown_L
#
# <colnr> <probs for GDERKNQSTAVLIFYWHMCP>
#	G	D	E	R	K	N	Q	S	T	A	V	L	I	F	Y	W	H	M	C	P
0	0.14778	0.01189	0.01248	0.00977	0.01330	0.01312	0.00804	0.58074	0.05415	0.08619	0.01134	0.01125	0.00803	0.00544	0.00439	0.00141	0.00474	0.00402	0.00447	0.00745
1	0.01180	0.57774	0.24119	0.00960	0.01431	0.05226	0.01055	0.01436	0.00972	0.01201	0.00702	0.00815	0.00595	0.00414	0.00344	0.00114	0.00565	0.00277	0.00200	0.00619
2	0.00624	0.00455	0.00575	0.00584	0.00677	0.00416	0.00423	0.00792	0.01158	0.01597	0.47390	0.25513	0.13891	0.01110	0.00556	0.00159	0.00235	0.00983	0.02445	0.00416
3	0.00949	0.00792	0.02996	0.03327	0.00911	0.11507	0.00590	0.00953	0.04334	0.00979	0.00913	0.01463	0.00875	0.07870	0.06507	0.48210	0.05839	0.00422	0.00229	0.00334
4	0.00571	0.00410	0.00535	0.00632	0.00664	0.00382	0.00421	0.00650	0.00889	0.01177	0.02617	0.75608	0.06827	0.05389	0.00677	0.00200	0.00277	0.01275	0.00425	0.00374
5	0.01244	0.83930	0.02438	0.00796	0.01194	0.01841	0.00796	0.01393	0.00945	0.01095	0.00647	0.00746	0.00597	0.00398	0.00299	0.00100	0.00498	0.00249	0.00199	0.00597
6	0.03540	0.19411	0.03272	0.01273	0.03152	0.16205	0.22965	0.03209	0.02847	0.01352	0.03306	0.03803	0.04281	0.00547	0.00555	0.00142	0.08850	0.00456	0.00259	0.00575
7	0.00923	0.00882	0.07572	0.00875	0.05899	0.01699	0.00681	0.02946	0.05630	0.03326	0.13746	0.09855	0.03005	0.05617	0.00560	0.00139	0.00377	0.01720	0.00346	0.34200
8	0.03377	0.02959	0.17615	0.14262	0.27949	0.03477	0.04469	0.03705	0.03986	0.01490	0.03548	0.05218	0.02755	0.00536	0.00491	0.00148	0.02652	0.00468	0.00260	0.00635
9	0.00870	0.00654	0.00758	0.00692	0.00866	0.00671	0.00531	0.02903	0.24080	0.04742	0.43163	0.02926	0.11645	0.00853	0.00517	0.00150	0.00276	0.00734	0.02430	0.00540
10	0.00686	0.00561	0.03007	0.03361	0.00933	0.00517	0.02186	0.00877	0.03173	0.01320	0.07077	0.38216	0.04161	0.05204	0.00679	0.00203	0.00364	0.26642	0.00412	0.00422
11	0.08252	0.12010	0.26652	0.06503	0.05776	0.02995	0.16736	0.04916	0.04609	0.03098	0.02478	0.01110	0.00750	0.00452	0.00438	0.00141	0.00606	0.00395	0.00255	0.01829
