[name]
unknown

[dist]
# distance from previous block
# <min> <max>
0	75

[block]
# block no. 0 follows, 59 sequences, length 26
# corresponding to MSA columns:
# 75-98,101,102
name=unknown_A
#
# <colnr> <probs for GDERKNQSTAVLIFYWHMCP>
#	G	D	E	R	K	N	Q	S	T	A	V	L	I	F	Y	W	H	M	C	P
0	0.05510	0.01003	0.01052	0.00913	0.01174	0.03347	0.00738	0.29188	0.34294	0.02070	0.01541	0.03411	0.01277	0.00666	0.00462	0.00150	0.00416	0.11712	0.00425	0.00653
1	0.00564	0.00438	0.00499	0.00515	0.00627	0.00383	0.00373	0.00688	0.00998	0.01295	0.16629	0.25702	0.42207	0.01113	0.00521	0.00152	0.00232	0.00962	0.03629	0.02472
2	0.00541	0.00400	0.00505	0.00582	0.00631	0.00369	0.00395	0.00624	0.00864	0.01127	0.02732	0.64578	0.17046	0.04378	0.02836	0.00197	0.00282	0.01154	0.00400	0.00359
3	0.00900	0.06345	0.78256	0.01234	0.01873	0.01061	0.01589	0.01395	0.00931	0.01381	0.00784	0.00921	0.00560	0.00418	0.00413	0.00138	0.00644	0.00322	0.00187	0.00648
4	0.00952	0.13839	0.12222	0.01142	0.03663	0.00981	0.23442	0.01319	0.08181	0.03998	0.15725	0.03699	0.07750	0.00583	0.00461	0.00138	0.00489	0.00544	0.00310	0.00561
5	0.01049	0.01093	0.02001	0.01491	0.01844	0.04948	0.51863	0.01480	0.11305	0.03905	0.05747	0.03708	0.04021	0.00507	0.00531	0.00148	0.02936	0.00552	0.00288	0.00582
6	0.00834	0.00785	0.01325	0.83417	0.03042	0.00981	0.01227	0.01128	0.00883	0.01128	0.00785	0.01178	0.00589	0.00442	0.00442	0.00147	0.00589	0.00393	0.00196	0.00491
7	0.11789	0.00897	0.01261	0.29128	0.03110	0.03976	0.10045	0.11031	0.01053	0.08805	0.00967	0.01271	0.00758	0.05400	0.08467	0.00212	0.00599	0.00411	0.00281	0.00540
8	0.03403	0.00624	0.00727	0.00699	0.00846	0.02244	0.00528	0.04069	0.14743	0.09308	0.03604	0.25667	0.10677	0.01417	0.17039	0.00267	0.00486	0.00743	0.02422	0.00488
9	0.00964	0.00953	0.01382	0.01165	0.01197	0.01292	0.05703	0.01082	0.00711	0.01113	0.00641	0.01013	0.00612	0.00736	0.01337	0.00186	0.74563	0.00396	0.04466	0.00486
10	0.00895	0.02223	0.77691	0.01293	0.01934	0.01031	0.06069	0.01400	0.00939	0.01400	0.00798	0.00947	0.00566	0.00417	0.00425	0.00140	0.00658	0.00337	0.00189	0.00650
11	0.00995	0.24539	0.57584	0.01114	0.01681	0.01234	0.01365	0.04315	0.00966	0.01353	0.00754	0.00877	0.00569	0.00412	0.00384	0.00127	0.00598	0.00305	0.00197	0.00633
12	0.00733	0.00587	0.00869	0.23704	0.09144	0.00616	0.00720	0.00911	0.00946	0.03706	0.08667	0.28701	0.14094	0.00890	0.00495	0.00154	0.00367	0.00791	0.03457	0.00449
13	0.00922	0.12365	0.72425	0.01197	0.01816	0.01114	0.01525	0.01389	0.00928	0.01355	0.00771	0.00905	0.00560	0.00415	0.00403	0.00134	0.00631	0.00315	0.00187	0.00642
14	0.00844	0.00805	0.01386	0.79490	0.03007	0.00988	0.05025	0.01142	0.00891	0.01142	0.00790	0.01178	0.00593	0.00438	0.00445	0.00147	0.00596	0.00399	0.00198	0.00496
15	0.00564	0.00412	0.00543	0.00620	0.00664	0.00400	0.00426	0.00677	0.02509	0.01143	0.04130	0.65510	0.06672	0.03140	0.10110	0.00242	0.00366	0.01111	0.00390	0.00370
16	0.00823	0.01460	0.42121	0.01005	0.01417	0.00818	0.03517	0.03422	0.05544	0.01466	0.10653	0.03551	0.11152	0.00688	0.00475	0.00150	0.00494	0.10380	0.00302	0.00560
17	0.01080	0.28785	0.03085	0.15766	0.03620	0.02659	0.26548	0.05767	0.01022	0.01314	0.00850	0.01157	0.00702	0.00432	0.00417	0.00129	0.00582	0.03201	0.02317	0.00567
18	0.11533	0.00714	0.02231	0.00726	0.00982	0.00660	0.00589	0.04991	0.02083	0.42791	0.06092	0.14019	0.04428	0.00851	0.05100	0.00176	0.00394	0.00578	0.00456	0.00606
19	0.00691	0.00492	0.00618	0.00677	0.02218	0.00468	0.00522	0.00883	0.03956	0.03877	0.06505	0.20437	0.23294	0.01110	0.00541	0.00170	0.00305	0.27152	0.05670	0.00416
20	0.01118	0.00680	0.00841	0.02097	0.00963	0.00684	0.00580	0.07673	0.15239	0.20931	0.33375	0.02355	0.04158	0.00856	0.04443	0.00169	0.00353	0.02441	0.00470	0.00571
21	0.01142	0.26536	0.10701	0.06237	0.32979	0.01294	0.01125	0.09609	0.02472	0.01439	0.00795	0.00968	0.00653	0.00418	0.00406	0.00123	0.01885	0.00341	0.00232	0.00644
22	0.00839	0.07156	0.41040	0.19853	0.01863	0.00946	0.01230	0.01222	0.03131	0.01299	0.04053	0.13291	0.01069	0.00586	0.00441	0.00144	0.00543	0.00494	0.00240	0.00559
23	0.00761	0.00600	0.00782	0.00830	0.05096	0.02407	0.02787	0.03795	0.05573	0.03228	0.08748	0.32320	0.09854	0.02521	0.05299	0.00202	0.02210	0.12153	0.00386	0.00446
24	0.00830	0.02044	0.00961	0.03498	0.01063	0.00616	0.10759	0.06293	0.01053	0.06756	0.08874	0.35225	0.06285	0.01013	0.00535	0.00166	0.00374	0.12801	0.00393	0.00463
25	0.01058	0.06678	0.13704	0.11437	0.03089	0.04290	0.03883	0.06159	0.07679	0.07217	0.01141	0.02657	0.03740	0.03781	0.03905	0.00176	0.11954	0.01710	0.00281	0.05462

[dist]
# distance from previous block
# <min> <max>
4	21

[block]
# block no. 1 follows, 59 sequences, length 29
# corresponding to MSA columns:
# 144-166,172-177
name=unknown_B
#
# <colnr> <probs for GDERKNQSTAVLIFYWHMCP>
#	G	D	E	R	K	N	Q	S	T	A	V	L	I	F	Y	W	H	M	C	P
0	0.00950	0.00856	0.03599	0.00877	0.01024	0.04149	0.02130	0.07447	0.07178	0.05519	0.04940	0.11783	0.15503	0.00967	0.05160	0.00191	0.25114	0.00616	0.00332	0.01664
1	0.00918	0.00938	0.05154	0.53208	0.26951	0.01012	0.01279	0.01209	0.00918	0.01235	0.00795	0.01136	0.00621	0.00433	0.00462	0.00143	0.02434	0.00390	0.00203	0.00562
2	0.01058	0.28688	0.43699	0.01034	0.01534	0.05741	0.01198	0.03919	0.00987	0.03242	0.00928	0.01022	0.04273	0.00447	0.00381	0.00124	0.00571	0.00328	0.00217	0.00610
3	0.00955	0.00943	0.01596	0.40034	0.16794	0.03488	0.16821	0.02871	0.03269	0.01332	0.05369	0.01337	0.02302	0.00463	0.00461	0.00143	0.00578	0.00450	0.00239	0.00555
4	0.00544	0.00416	0.00499	0.00546	0.00627	0.00372	0.00384	0.00651	0.00958	0.01238	0.13808	0.44359	0.31561	0.01223	0.00543	0.00163	0.00238	0.01077	0.00420	0.00372
5	0.01289	0.01410	0.01182	0.07747	0.03838	0.41352	0.04410	0.02528	0.03285	0.05033	0.06734	0.03133	0.01032	0.05347	0.05860	0.00183	0.04439	0.00418	0.00273	0.00507
6	0.03811	0.01068	0.01430	0.24421	0.01918	0.04031	0.11777	0.33212	0.05059	0.05154	0.01030	0.03284	0.00777	0.00503	0.00450	0.00141	0.00541	0.00433	0.00334	0.00627
7	0.03985	0.43581	0.26220	0.00955	0.01410	0.01400	0.03132	0.07952	0.01024	0.05553	0.00771	0.00860	0.00607	0.00413	0.00352	0.00116	0.00526	0.00295	0.00232	0.00616
8	0.00940	0.00940	0.01414	0.05732	0.01337	0.01250	0.08086	0.01074	0.00727	0.01099	0.00700	0.03658	0.00682	0.00831	0.04258	0.00205	0.65946	0.00430	0.00205	0.00487
9	0.00879	0.03317	0.12928	0.49335	0.10554	0.00993	0.07918	0.01192	0.00910	0.01217	0.00864	0.04082	0.00699	0.00536	0.02642	0.00159	0.00605	0.00423	0.00208	0.00538
10	0.00908	0.00581	0.00769	0.00686	0.00859	0.00545	0.04337	0.03171	0.06439	0.15353	0.26006	0.16436	0.17293	0.00907	0.00507	0.00149	0.00295	0.02463	0.01803	0.00492
11	0.01279	0.03898	0.01474	0.26286	0.25747	0.01003	0.03619	0.10262	0.01143	0.19400	0.01040	0.01196	0.00754	0.00456	0.00438	0.00137	0.00512	0.00403	0.00309	0.00646
12	0.02969	0.03570	0.05829	0.03634	0.09958	0.06503	0.14800	0.01286	0.05466	0.06237	0.04295	0.06242	0.04385	0.02265	0.07614	0.00203	0.08412	0.05502	0.00291	0.00539
13	0.00604	0.00430	0.00557	0.00621	0.00670	0.00418	0.00446	0.00703	0.00859	0.01138	0.05846	0.38188	0.06871	0.19117	0.04986	0.00260	0.00366	0.17193	0.00374	0.00354
14	0.00602	0.00462	0.00625	0.00655	0.00730	0.00442	0.03070	0.02386	0.00938	0.01246	0.10213	0.54134	0.13667	0.01294	0.03166	0.00187	0.01813	0.03582	0.00402	0.00387
15	0.05913	0.56165	0.15236	0.00928	0.03368	0.04482	0.03057	0.01389	0.03753	0.01201	0.00701	0.00805	0.00595	0.00397	0.00326	0.00109	0.00511	0.00274	0.00206	0.00583
16	0.00881	0.00847	0.01478	0.55007	0.03934	0.00976	0.14791	0.02671	0.04314	0.01244	0.00979	0.07706	0.00823	0.00517	0.00482	0.00150	0.01967	0.00487	0.00233	0.00516
17	0.00720	0.00562	0.00680	0.00635	0.00765	0.00587	0.00492	0.05691	0.02688	0.03426	0.07098	0.02878	0.36952	0.05139	0.22840	0.00314	0.07067	0.00691	0.00351	0.00426
18	0.05726	0.02525	0.03378	0.03110	0.01253	0.00842	0.14328	0.05157	0.10527	0.05158	0.06956	0.05480	0.05390	0.03468	0.02593	0.00183	0.05572	0.17485	0.00349	0.00520
19	0.01170	0.17199	0.25529	0.01071	0.02527	0.03846	0.05179	0.19582	0.08225	0.02535	0.01997	0.04405	0.01925	0.00514	0.00438	0.00133	0.02392	0.00404	0.00292	0.00635
20	0.00983	0.02263	0.01209	0.09056	0.04212	0.02568	0.14161	0.08114	0.14154	0.04443	0.15245	0.08612	0.05121	0.00656	0.00470	0.00142	0.00422	0.00595	0.07024	0.00548
21	0.01371	0.01042	0.01152	0.05489	0.01330	0.01168	0.00779	0.40563	0.29525	0.04978	0.03035	0.01365	0.01052	0.00643	0.02977	0.00157	0.00451	0.00446	0.01781	0.00695
22	0.05863	0.05478	0.12681	0.07766	0.12338	0.01017	0.12948	0.10991	0.04132	0.10618	0.04767	0.02694	0.02412	0.00544	0.01444	0.00147	0.01610	0.01622	0.00309	0.00619
23	0.01011	0.01282	0.16562	0.19710	0.14118	0.11694	0.05367	0.03096	0.05876	0.01326	0.02416	0.03496	0.00871	0.00695	0.05923	0.00180	0.02800	0.02766	0.00244	0.00566
24	0.00584	0.00397	0.00528	0.00617	0.00655	0.00368	0.00416	0.00665	0.00862	0.03736	0.02454	0.79888	0.04472	0.01351	0.00559	0.00177	0.00259	0.01223	0.00414	0.00372
25	0.00852	0.03328	0.01980	0.16954	0.11127	0.04455	0.02840	0.03841	0.02276	0.03306	0.15027	0.21067	0.07890	0.00804	0.00487	0.00149	0.00407	0.02380	0.00340	0.00489
26	0.03453	0.28572	0.28359	0.03625	0.06419	0.07862	0.01085	0.06662	0.01028	0.03543	0.00815	0.03310	0.00668	0.00445	0.00376	0.00122	0.00550	0.00331	0.00230	0.02547
27	0.01490	0.00542	0.00694	0.00673	0.00794	0.00524	0.04835	0.05171	0.05989	0.01315	0.05179	0.36185	0.24420	0.06585	0.00644	0.00180	0.00308	0.03659	0.00396	0.00417
28	0.00639	0.00490	0.00755	0.00738	0.00825	0.00561	0.02717	0.00800	0.00723	0.01039	0.01215	0.04328	0.01150	0.03171	0.77888	0.00678	0.01142	0.00499	0.00242	0.00399

[dist]
# distance from previous block
# <min> <max>
0	6

[block]
# block no. 2 follows, 59 sequences, length 10
# corresponding to MSA columns:
# 184-193
name=unknown_C
#
# <colnr> <probs for GDERKNQSTAVLIFYWHMCP>
#	G	D	E	R	K	N	Q	S	T	A	V	L	I	F	Y	W	H	M	C	P
0	0.00822	0.00750	0.01253	0.68120	0.07464	0.00908	0.01130	0.01076	0.00874	0.01132	0.00925	0.08104	0.00798	0.00564	0.00506	0.03868	0.00548	0.00464	0.00215	0.00479
1	0.01204	0.04738	0.08806	0.03393	0.42669	0.01084	0.08146	0.11901	0.02656	0.07244	0.00934	0.01102	0.00722	0.00425	0.00435	0.00131	0.00530	0.00394	0.00273	0.03211
2	0.01072	0.16188	0.21020	0.07133	0.09501	0.01047	0.09856	0.04692	0.01034	0.09277	0.03822	0.06645	0.01042	0.00549	0.00437	0.00138	0.00524	0.05145	0.00279	0.00596
3	0.00903	0.07217	0.77412	0.01229	0.01865	0.01069	0.01579	0.01394	0.00930	0.01377	0.00782	0.00919	0.00560	0.00417	0.00411	0.00137	0.00642	0.00321	0.00187	0.00648
4	0.00553	0.00437	0.00501	0.00532	0.00641	0.00385	0.00395	0.00674	0.00993	0.01249	0.12006	0.24554	0.46626	0.01172	0.00540	0.00160	0.00246	0.07542	0.00418	0.00377
5	0.01342	0.12695	0.06726	0.08258	0.01702	0.09912	0.22819	0.03785	0.04934	0.20580	0.01062	0.01154	0.00765	0.00454	0.00453	0.00134	0.01885	0.00408	0.00308	0.00622
6	0.01554	0.00970	0.01165	0.03673	0.04580	0.08498	0.05037	0.11857	0.10785	0.37197	0.04199	0.06082	0.01183	0.00582	0.00453	0.00139	0.00447	0.00488	0.00440	0.00670
7	0.00578	0.00450	0.00564	0.00606	0.00677	0.00436	0.00440	0.00687	0.00932	0.01222	0.11403	0.44523	0.24174	0.01215	0.00603	0.00169	0.05184	0.05353	0.00405	0.00379
8	0.12288	0.01091	0.01154	0.00917	0.01234	0.01202	0.00749	0.56045	0.06776	0.07337	0.01174	0.05999	0.00904	0.00571	0.00429	0.00137	0.00439	0.00438	0.00426	0.00691
9	0.48350	0.00865	0.00871	0.03428	0.01070	0.00968	0.03844	0.06632	0.14600	0.06973	0.03978	0.04808	0.00939	0.00520	0.00363	0.00141	0.00370	0.00389	0.00341	0.00549

[dist]
# distance from previous block
# <min> <max>
1	7

[block]
# block no. 3 follows, 59 sequences, length 23
# corresponding to MSA columns:
# 201-223
name=unknown_D
#
# <colnr> <probs for GDERKNQSTAVLIFYWHMCP>
#	G	D	E	R	K	N	Q	S	T	A	V	L	I	F	Y	W	H	M	C	P
0	0.00956	0.08792	0.33943	0.01007	0.01454	0.00926	0.06516	0.04369	0.03846	0.03773	0.07322	0.06287	0.01067	0.00506	0.00416	0.00124	0.00495	0.00426	0.00271	0.17502
1	0.00625	0.00426	0.00510	0.00536	0.00550	0.00425	0.00332	0.00658	0.00705	0.00942	0.01635	0.18911	0.01888	0.60027	0.05662	0.00381	0.00429	0.04760	0.00301	0.00299
2	0.04629	0.07619	0.15729	0.06301	0.04729	0.06485	0.04787	0.19966	0.02047	0.20883	0.01960	0.01132	0.00789	0.00480	0.00422	0.00133	0.00520	0.00381	0.00347	0.00664
3	0.01081	0.01972	0.60130	0.01298	0.06708	0.04189	0.03218	0.05528	0.01043	0.09425	0.00901	0.01006	0.00634	0.00437	0.00426	0.00138	0.00617	0.00349	0.00240	0.00664
4	0.00642	0.00431	0.00496	0.00496	0.00501	0.00436	0.00285	0.00651	0.00646	0.00867	0.01379	0.02819	0.01575	0.79481	0.07203	0.00446	0.00475	0.00632	0.00266	0.00275
5	0.00652	0.00501	0.00761	0.07584	0.00982	0.00585	0.00616	0.00823	0.00740	0.01049	0.01209	0.01855	0.01135	0.02967	0.71683	0.00637	0.01094	0.04480	0.00242	0.00403
6	0.05952	0.08528	0.10120	0.07872	0.15035	0.09212	0.00986	0.17409	0.11252	0.07898	0.01016	0.01094	0.00761	0.00471	0.00413	0.00132	0.00515	0.00371	0.00314	0.00650
7	0.00879	0.01048	0.11724	0.58096	0.02765	0.01012	0.15783	0.01215	0.00919	0.01215	0.00806	0.01149	0.00600	0.00426	0.00453	0.00147	0.00625	0.00408	0.00200	0.00530
8	0.00556	0.00401	0.00515	0.00587	0.00626	0.00376	0.00394	0.00640	0.00864	0.01151	0.08497	0.61763	0.08655	0.09871	0.02733	0.00212	0.00290	0.01115	0.00397	0.00356
9	0.09530	0.06349	0.03504	0.06239	0.43474	0.08266	0.01080	0.03226	0.01045	0.09223	0.03388	0.01115	0.00796	0.00437	0.00412	0.00130	0.00509	0.00375	0.00266	0.00638
10	0.06535	0.03768	0.23886	0.09492	0.09963	0.00999	0.10007	0.08603	0.03022	0.10625	0.02697	0.02523	0.02822	0.00499	0.00446	0.00141	0.01211	0.01852	0.00290	0.00621
11	0.00539	0.00439	0.00478	0.00487	0.00612	0.00377	0.00358	0.00660	0.01019	0.01268	0.15377	0.15722	0.58874	0.01126	0.00528	0.00152	0.00226	0.00960	0.00421	0.00377
12	0.01029	0.01090	0.05432	0.23212	0.46631	0.06394	0.03717	0.01299	0.00988	0.01325	0.00955	0.01217	0.03891	0.00440	0.00441	0.00136	0.00560	0.00408	0.00220	0.00615
13	0.01004	0.25628	0.44812	0.01156	0.05401	0.01239	0.02754	0.02822	0.05598	0.01338	0.00836	0.02506	0.00665	0.00443	0.00407	0.00129	0.02088	0.00338	0.00214	0.00625
14	0.00780	0.00559	0.00740	0.00690	0.00734	0.00646	0.00501	0.00854	0.00706	0.05937	0.01205	0.02118	0.01241	0.40373	0.25564	0.00450	0.15731	0.00534	0.00262	0.00374
15	0.00887	0.00850	0.01201	0.01053	0.01072	0.01164	0.00869	0.00998	0.00684	0.01054	0.00722	0.01148	0.00704	0.01372	0.20632	0.00315	0.64202	0.00407	0.00203	0.00462
16	0.01147	0.03485	0.05696	0.39245	0.09273	0.07497	0.04317	0.12262	0.01117	0.07196	0.00880	0.01113	0.00656	0.00465	0.00475	0.00140	0.03810	0.00386	0.00260	0.00580
17	0.01020	0.01067	0.05226	0.39736	0.29616	0.06395	0.05003	0.04277	0.01004	0.01321	0.00810	0.01109	0.00634	0.00425	0.00440	0.00139	0.00587	0.00389	0.00216	0.00586
18	0.00939	0.00905	0.01100	0.00976	0.01069	0.11871	0.04363	0.01077	0.00799	0.03138	0.00908	0.01328	0.00836	0.03272	0.35713	0.00402	0.30196	0.00422	0.00228	0.00458
19	0.08315	0.00772	0.00898	0.00665	0.01025	0.00619	0.01982	0.01106	0.00914	0.01486	0.03782	0.03904	0.00847	0.00393	0.00341	0.00080	0.00329	0.00319	0.00275	0.71946
20	0.07836	0.14195	0.01343	0.00980	0.01239	0.40247	0.00787	0.08529	0.03161	0.09471	0.01996	0.00941	0.00703	0.00488	0.00456	0.00123	0.06339	0.00320	0.00283	0.00564
21	0.02482	0.07595	0.49311	0.01085	0.01581	0.04271	0.01253	0.01498	0.00989	0.16239	0.01070	0.01137	0.03621	0.00488	0.00476	0.00139	0.05499	0.00365	0.00265	0.00636
22	0.04143	0.00706	0.00919	0.12328	0.01220	0.03632	0.07010	0.00958	0.00972	0.01324	0.12181	0.05743	0.23612	0.04541	0.00572	0.00146	0.03079	0.00618	0.00323	0.15974

[dist]
# distance from previous block
# <min> <max>
1	2

[block]
# block no. 4 follows, 59 sequences, length 11
# corresponding to MSA columns:
# 226-234,238,239
name=unknown_E
#
# <colnr> <probs for GDERKNQSTAVLIFYWHMCP>
#	G	D	E	R	K	N	Q	S	T	A	V	L	I	F	Y	W	H	M	C	P
0	0.05455	0.07190	0.31414	0.06158	0.01350	0.00842	0.00961	0.04494	0.01063	0.01526	0.23683	0.01967	0.10870	0.00637	0.00444	0.00137	0.00439	0.00524	0.00312	0.00533
1	0.05854	0.15040	0.01362	0.00903	0.01242	0.23475	0.05778	0.06923	0.01086	0.01397	0.00746	0.00866	0.00615	0.00392	0.00357	0.00097	0.00519	0.00289	0.00251	0.32809
2	0.00884	0.00576	0.00711	0.00689	0.00825	0.00559	0.00523	0.05913	0.05664	0.10205	0.01980	0.23638	0.05015	0.16851	0.00848	0.00213	0.00358	0.17628	0.00391	0.06529
3	0.05094	0.01604	0.30978	0.01088	0.01510	0.10001	0.04779	0.23206	0.05468	0.01781	0.01199	0.01361	0.05927	0.00536	0.00437	0.00139	0.00560	0.03399	0.00304	0.00629
4	0.00971	0.07176	0.08007	0.08302	0.03733	0.08672	0.06200	0.01184	0.01064	0.09219	0.22075	0.10638	0.04822	0.02937	0.01926	0.00157	0.00451	0.01617	0.00345	0.00505
5	0.01043	0.11524	0.43734	0.07827	0.01661	0.01031	0.01221	0.01428	0.04357	0.11018	0.00984	0.04349	0.00762	0.00528	0.00498	0.02982	0.03807	0.00384	0.00252	0.00610
6	0.00634	0.00505	0.03379	0.00615	0.00672	0.00490	0.00445	0.00723	0.00703	0.00974	0.01410	0.11921	0.01524	0.39438	0.34101	0.00501	0.00717	0.00636	0.00269	0.00342
7	0.01117	0.17638	0.22625	0.08335	0.13588	0.05202	0.04838	0.03951	0.01024	0.08837	0.01078	0.03384	0.03921	0.00494	0.00416	0.00132	0.00541	0.02013	0.00257	0.00608
8	0.00995	0.02353	0.19869	0.09964	0.16482	0.00861	0.04602	0.01325	0.06505	0.08082	0.03496	0.01475	0.04116	0.03865	0.00607	0.06698	0.00495	0.01852	0.00274	0.06086
9	0.03471	0.00629	0.00856	0.09456	0.08740	0.00662	0.00682	0.07391	0.02758	0.01371	0.03277	0.34051	0.03818	0.04070	0.01662	0.00182	0.02163	0.12465	0.00355	0.01941
10	0.04709	0.06494	0.02938	0.06035	0.10522	0.04445	0.08532	0.02603	0.02983	0.09855	0.06567	0.19389	0.03284	0.02758	0.00521	0.00150	0.01728	0.02182	0.00331	0.03974

[dist]
# distance from previous block
# <min> <max>
2	26

[block]
# block no. 5 follows, 59 sequences, length 30
# corresponding to MSA columns:
# 269-298
name=unknown_F
#
# <colnr> <probs for GDERKNQSTAVLIFYWHMCP>
#	G	D	E	R	K	N	Q	S	T	A	V	L	I	F	Y	W	H	M	C	P
0	0.01084	0.05962	0.25958	0.01152	0.03476	0.05154	0.14887	0.06471	0.02193	0.08434	0.01146	0.02934	0.03431	0.06865	0.00577	0.00156	0.00556	0.02614	0.00277	0.06672
1	0.01012	0.07561	0.04474	0.00750	0.00981	0.19386	0.00612	0.02054	0.02020	0.05331	0.17107	0.07602	0.16206	0.00709	0.00441	0.00125	0.00416	0.00575	0.01611	0.11028
2	0.02571	0.21754	0.09134	0.02294	0.01068	0.00882	0.04524	0.03083	0.00957	0.01276	0.07415	0.27827	0.03728	0.01791	0.00482	0.00150	0.00400	0.08628	0.00320	0.01714
3	0.00879	0.00714	0.00791	0.06914	0.01008	0.06067	0.00576	0.10334	0.06111	0.03709	0.36936	0.06502	0.13878	0.00829	0.00496	0.00143	0.00331	0.02873	0.00425	0.00484
4	0.00871	0.11600	0.32866	0.01053	0.04858	0.00894	0.03335	0.01193	0.02182	0.03234	0.01523	0.10501	0.05864	0.00728	0.00469	0.00152	0.00499	0.17345	0.00285	0.00547
5	0.00642	0.00428	0.00482	0.00482	0.00482	0.00428	0.00268	0.00642	0.00642	0.00856	0.01392	0.02890	0.01606	0.84478	0.02248	0.00428	0.00428	0.00642	0.00268	0.00268
6	0.01319	0.01059	0.01164	0.04642	0.03361	0.01200	0.00795	0.33382	0.43868	0.02179	0.01434	0.01378	0.01060	0.00559	0.00446	0.00142	0.00419	0.00451	0.00429	0.00711
7	0.45597	0.41627	0.01458	0.00666	0.00990	0.01359	0.00613	0.01310	0.00822	0.01524	0.00615	0.00713	0.00521	0.00394	0.00278	0.00116	0.00405	0.00238	0.00232	0.00521
8	0.00874	0.02205	0.78632	0.01228	0.01857	0.00999	0.01579	0.01374	0.00946	0.01415	0.04312	0.01036	0.00717	0.00441	0.00424	0.00140	0.00633	0.00347	0.00200	0.00642
9	0.00886	0.02285	0.82190	0.01259	0.01912	0.01026	0.01632	0.01399	0.00932	0.01399	0.00793	0.00932	0.00559	0.00420	0.00420	0.00140	0.00653	0.00326	0.00186	0.00653
10	0.46962	0.00864	0.00810	0.00698	0.00969	0.04433	0.00569	0.05931	0.02337	0.21814	0.03216	0.03829	0.00941	0.00540	0.00366	0.00140	0.00375	0.04278	0.00368	0.00558
11	0.03677	0.00557	0.00709	0.00689	0.00775	0.02544	0.00515	0.03976	0.00788	0.03040	0.01274	0.07553	0.01265	0.18068	0.50257	0.00539	0.02562	0.00541	0.00270	0.00398
12	0.87598	0.00854	0.00649	0.00581	0.00854	0.00991	0.00478	0.01298	0.00752	0.01982	0.00615	0.00717	0.00478	0.00410	0.00273	0.00137	0.00342	0.00239	0.00273	0.00478
13	0.00938	0.00910	0.01598	0.49328	0.28749	0.01016	0.08668	0.01230	0.00938	0.01258	0.00810	0.01151	0.00633	0.00419	0.00448	0.00142	0.00582	0.00405	0.00206	0.00569
14	0.00645	0.00472	0.00648	0.00642	0.00691	0.00532	0.00464	0.00745	0.00685	0.00967	0.01239	0.02120	0.01266	0.31836	0.52020	0.00596	0.03305	0.00530	0.00246	0.00352
15	0.00561	0.00396	0.00516	0.00602	0.00627	0.00376	0.00400	0.00631	0.00821	0.01093	0.02269	0.68423	0.02702	0.14233	0.00826	0.00219	0.00289	0.04280	0.00388	0.00347
16	0.01181	0.84744	0.02314	0.00756	0.01134	0.01748	0.00756	0.01323	0.00897	0.01039	0.00614	0.00708	0.00567	0.00378	0.00283	0.00094	0.00472	0.00236	0.00189	0.00567
17	0.00543	0.00388	0.00518	0.00621	0.00648	0.00363	0.00419	0.00624	0.00851	0.01133	0.02432	0.81912	0.02910	0.01379	0.00565	0.00180	0.00261	0.03485	0.00410	0.00360
18	0.00998	0.00992	0.01205	0.01059	0.01124	0.07746	0.00861	0.01279	0.13135	0.01184	0.00886	0.03451	0.00813	0.00981	0.08964	0.00229	0.53912	0.00428	0.00246	0.00507
19	0.01071	0.12546	0.36320	0.01106	0.05949	0.01033	0.02277	0.05688	0.08059	0.09601	0.01276	0.05684	0.05072	0.00548	0.00427	0.00137	0.00512	0.01778	0.00290	0.00628
20	0.00919	0.00612	0.00675	0.00640	0.00767	0.04373	0.01653	0.08673	0.01057	0.06219	0.05002	0.25012	0.03086	0.02493	0.00495	0.00144	0.02296	0.02546	0.32880	0.00455
21	0.00753	0.00651	0.00936	0.00865	0.00913	0.00839	0.00693	0.00883	0.00695	0.01033	0.00971	0.01495	0.00931	0.05177	0.50427	0.00512	0.31133	0.00448	0.00222	0.00422
22	0.01065	0.17956	0.32069	0.01058	0.03202	0.13412	0.01972	0.05152	0.04162	0.01349	0.04019	0.08238	0.00980	0.00590	0.01870	0.00141	0.00573	0.01360	0.00251	0.00580
23	0.01148	0.05837	0.10485	0.04628	0.30566	0.04562	0.12923	0.02895	0.03531	0.10275	0.01121	0.05125	0.02319	0.00498	0.00450	0.00138	0.00540	0.02046	0.00277	0.00635
24	0.00637	0.00464	0.00662	0.00662	0.00728	0.00527	0.00496	0.00768	0.00702	0.01009	0.01226	0.01940	0.01195	0.17800	0.66494	0.00646	0.01026	0.00502	0.02143	0.00372
25	0.00633	0.00554	0.00557	0.00580	0.00686	0.06379	0.00417	0.00764	0.02396	0.01244	0.12881	0.32942	0.36102	0.01131	0.00527	0.00156	0.00278	0.00979	0.00407	0.00389
26	0.01650	0.02105	0.01252	0.01138	0.01365	0.82705	0.00853	0.01764	0.01252	0.01081	0.00683	0.00796	0.00569	0.00455	0.00398	0.00114	0.00796	0.00284	0.00228	0.00512
27	0.00698	0.00509	0.00623	0.00658	0.00740	0.00502	0.00465	0.11753	0.01038	0.01378	0.04130	0.65290	0.08046	0.01236	0.00543	0.00170	0.00285	0.01103	0.00416	0.00416
28	0.01037	0.00970	0.01544	0.07880	0.56146	0.00946	0.01145	0.01317	0.03464	0.01433	0.00848	0.01078	0.00702	0.00389	0.00414	0.00119	0.00481	0.00368	0.00234	0.19487
29	0.43947	0.01023	0.00830	0.02291	0.00994	0.14071	0.00572	0.10133	0.01005	0.06055	0.02536	0.01177	0.00793	0.12200	0.00606	0.00174	0.00447	0.00346	0.00302	0.00498

[dist]
# distance from previous block
# <min> <max>
2	7

[block]
# block no. 6 follows, 59 sequences, length 15
# corresponding to MSA columns:
# 309-323
name=unknown_G
#
# <colnr> <probs for GDERKNQSTAVLIFYWHMCP>
#	G	D	E	R	K	N	Q	S	T	A	V	L	I	F	Y	W	H	M	C	P
0	0.00917	0.00858	0.01352	0.43253	0.19929	0.00950	0.01100	0.01170	0.00901	0.01253	0.00779	0.01092	0.00625	0.00435	0.00497	0.00131	0.06953	0.00367	0.00214	0.17225
1	0.00605	0.00467	0.00594	0.02459	0.02474	0.00432	0.00478	0.00745	0.00989	0.01295	0.16102	0.28601	0.24756	0.02515	0.00569	0.00168	0.00281	0.13625	0.00408	0.02437
2	0.01195	0.40028	0.16472	0.00902	0.01315	0.01400	0.00909	0.16475	0.08286	0.01540	0.00850	0.00916	0.00677	0.00431	0.00357	0.00113	0.00486	0.00309	0.00265	0.07074
3	0.00631	0.00473	0.00710	0.00710	0.00789	0.00552	0.00552	0.00789	0.00710	0.01025	0.01183	0.01735	0.01104	0.03312	0.82728	0.00710	0.01183	0.00473	0.00237	0.00394
4	0.00746	0.00566	0.00658	0.00654	0.00780	0.00562	0.00488	0.12037	0.05744	0.01488	0.09663	0.36312	0.21825	0.01101	0.00529	0.00161	0.00291	0.05526	0.00423	0.00445
5	0.04487	0.01001	0.04213	0.02831	0.01462	0.00977	0.17763	0.07189	0.27319	0.25775	0.01439	0.01399	0.01012	0.00514	0.00455	0.00144	0.00467	0.00463	0.00409	0.00682
6	0.00632	0.00470	0.00696	0.00696	0.00770	0.00545	0.00535	0.00780	0.00706	0.01015	0.01196	0.01805	0.01135	0.08234	0.77848	0.00693	0.01137	0.00483	0.00238	0.00387
7	0.00544	0.00398	0.00512	0.00589	0.00637	0.00366	0.00402	0.00638	0.00903	0.01195	0.10030	0.66925	0.12624	0.01307	0.00555	0.00172	0.00248	0.01174	0.00417	0.00366
8	0.08065	0.24346	0.12927	0.00952	0.01316	0.09358	0.03442	0.20125	0.03982	0.04388	0.00960	0.03605	0.00797	0.00505	0.00390	0.00127	0.00515	0.03293	0.00296	0.00610
9	0.00928	0.02418	0.03586	0.03650	0.01016	0.09519	0.00628	0.07386	0.15638	0.01604	0.24449	0.05768	0.10471	0.02247	0.00509	0.00148	0.00373	0.05909	0.03247	0.00507
10	0.00630	0.00424	0.00492	0.00504	0.00510	0.00424	0.00293	0.00644	0.00668	0.00893	0.01507	0.12330	0.01744	0.72322	0.04503	0.00408	0.00431	0.00709	0.00283	0.00282
11	0.01253	0.56927	0.04430	0.00911	0.04711	0.03330	0.00814	0.17061	0.01144	0.01420	0.00788	0.03960	0.00698	0.00450	0.00339	0.00109	0.00482	0.00318	0.00250	0.00603
12	0.01133	0.09733	0.05767	0.12315	0.10382	0.04652	0.25286	0.02679	0.00999	0.09137	0.00961	0.01172	0.02581	0.00476	0.00572	0.00143	0.10748	0.00425	0.00250	0.00588
13	0.04525	0.00518	0.00604	0.00588	0.00689	0.00496	0.00405	0.00892	0.04961	0.04248	0.04845	0.25451	0.01903	0.31257	0.01116	0.00248	0.00341	0.03329	0.03262	0.10321
14	0.01118	0.06490	0.05151	0.00998	0.04672	0.05277	0.11302	0.03568	0.09180	0.14146	0.01230	0.01703	0.01070	0.23796	0.05199	0.00247	0.03526	0.00483	0.00312	0.00532

[dist]
# distance from previous block
# <min> <max>
6	13

[block]
# block no. 7 follows, 59 sequences, length 27
# corresponding to MSA columns:
# 363-389
name=unknown_H
#
# <colnr> <probs for GDERKNQSTAVLIFYWHMCP>
#	G	D	E	R	K	N	Q	S	T	A	V	L	I	F	Y	W	H	M	C	P
0	0.01061	0.00901	0.01408	0.01950	0.49893	0.00908	0.01061	0.07334	0.04237	0.05075	0.01294	0.14487	0.01236	0.00638	0.00471	0.00145	0.00457	0.06509	0.00304	0.00630
1	0.05263	0.01507	0.01150	0.03459	0.01318	0.39354	0.00791	0.10927	0.25352	0.04864	0.01106	0.01120	0.00843	0.00509	0.00416	0.00130	0.00583	0.00370	0.00333	0.00604
2	0.06594	0.15505	0.05998	0.17384	0.03465	0.02878	0.00864	0.07473	0.02309	0.19500	0.01139	0.03612	0.03120	0.00522	0.00461	0.00134	0.05157	0.00400	0.00316	0.03169
3	0.04679	0.09145	0.30770	0.03211	0.07667	0.01099	0.20653	0.06700	0.01062	0.09527	0.00909	0.01050	0.00661	0.00422	0.00432	0.00137	0.00597	0.00385	0.00255	0.00640
4	0.00631	0.00472	0.00702	0.00702	0.00778	0.00548	0.00542	0.00784	0.00707	0.01019	0.01190	0.01776	0.01122	0.06153	0.79911	0.00700	0.01157	0.00479	0.00238	0.00390
5	0.00898	0.00871	0.06028	0.28439	0.24285	0.00856	0.02875	0.02812	0.00922	0.02965	0.01153	0.06000	0.03368	0.14386	0.00751	0.00191	0.00513	0.01913	0.00249	0.00524
6	0.03674	0.06172	0.19659	0.10331	0.14798	0.08560	0.08879	0.02649	0.06994	0.08994	0.01055	0.01246	0.02230	0.00473	0.00432	0.00137	0.00563	0.02267	0.00270	0.00617
7	0.00631	0.00473	0.00710	0.00710	0.00789	0.00552	0.00552	0.00789	0.00710	0.01025	0.01183	0.01735	0.01104	0.03312	0.82728	0.00710	0.01183	0.00473	0.00237	0.00394
8	0.00559	0.00410	0.00526	0.00589	0.00649	0.00377	0.00413	0.00669	0.00948	0.01262	0.17136	0.55455	0.13790	0.01254	0.00552	0.00169	0.00249	0.04196	0.00424	0.00373
9	0.14895	0.03307	0.26091	0.05679	0.05430	0.08192	0.12520	0.03434	0.03095	0.02521	0.04201	0.03895	0.00873	0.00497	0.00439	0.00141	0.01874	0.02088	0.00254	0.00573
10	0.03317	0.06551	0.09949	0.00989	0.02505	0.07959	0.04501	0.12322	0.13899	0.11547	0.02949	0.05164	0.01124	0.02662	0.00552	0.00151	0.05941	0.05303	0.02012	0.00604
11	0.00576	0.00397	0.00526	0.00614	0.00652	0.00368	0.00415	0.00659	0.00869	0.03186	0.04214	0.78537	0.04645	0.01346	0.00559	0.00177	0.00257	0.01218	0.00415	0.00370
12	0.00858	0.00616	0.00819	0.06648	0.04424	0.03321	0.02029	0.02013	0.00960	0.11257	0.05178	0.38909	0.08366	0.01116	0.04115	0.00187	0.04816	0.03531	0.00379	0.00459
13	0.04760	0.28664	0.28749	0.04423	0.03325	0.03939	0.04610	0.01505	0.07978	0.06859	0.00882	0.00973	0.00674	0.00429	0.00379	0.00125	0.00539	0.00328	0.00243	0.00616
14	0.00631	0.00473	0.00710	0.00710	0.00789	0.00552	0.00552	0.00789	0.00710	0.01025	0.01183	0.01735	0.01104	0.03312	0.82728	0.00710	0.01183	0.00473	0.00237	0.00394
15	0.00544	0.00388	0.00519	0.00622	0.00650	0.00364	0.00420	0.00625	0.00851	0.01134	0.02431	0.81567	0.02909	0.01378	0.00565	0.00180	0.00261	0.03822	0.00410	0.00360
16	0.00863	0.04583	0.22305	0.01063	0.03974	0.00887	0.09572	0.03851	0.07113	0.01401	0.09214	0.10283	0.06299	0.02720	0.05546	0.00190	0.07053	0.02248	0.00297	0.00538
17	0.07083	0.21033	0.04504	0.00916	0.01229	0.04877	0.02212	0.31151	0.02521	0.06112	0.00921	0.01025	0.00718	0.00726	0.06873	0.01841	0.04969	0.00352	0.00319	0.00619
18	0.00639	0.00439	0.00537	0.00536	0.00557	0.00456	0.00337	0.00681	0.00673	0.00918	0.03305	0.02634	0.01553	0.63757	0.20723	0.00486	0.00596	0.00607	0.00266	0.00300
19	0.00691	0.00532	0.00639	0.00642	0.00732	0.00550	0.00473	0.02164	0.09694	0.01316	0.12598	0.23609	0.15609	0.13250	0.00833	0.00202	0.05296	0.07829	0.02931	0.00412
20	0.01129	0.07001	0.09539	0.20995	0.08225	0.02956	0.13609	0.10626	0.03437	0.08671	0.01009	0.03936	0.00793	0.00609	0.04107	0.00165	0.01885	0.00434	0.00278	0.00597
21	0.00856	0.00807	0.01364	0.76619	0.09669	0.00987	0.01237	0.01148	0.00893	0.01155	0.00789	0.01170	0.00598	0.00438	0.00441	0.00146	0.00583	0.00393	0.00198	0.00508
22	0.01037	0.00723	0.00832	0.00738	0.00946	0.00758	0.00574	0.03957	0.34470	0.13170	0.27633	0.03572	0.08243	0.00738	0.00479	0.00144	0.00301	0.00629	0.00471	0.00588
23	0.00969	0.01142	0.12649	0.24071	0.33589	0.01040	0.10262	0.01272	0.00942	0.01317	0.00839	0.02905	0.00688	0.00454	0.00514	0.00144	0.05972	0.00417	0.00211	0.00604
24	0.00939	0.00799	0.00928	0.00665	0.01056	0.00612	0.00533	0.03503	0.00951	0.01480	0.00793	0.00920	0.00657	0.00333	0.00331	0.00067	0.00332	0.00266	0.00267	0.84567
25	0.00543	0.00390	0.00517	0.00613	0.00646	0.00364	0.00414	0.00627	0.00864	0.01149	0.04399	0.78230	0.05209	0.01361	0.00562	0.00178	0.00257	0.02903	0.00412	0.00362
26	0.00779	0.00862	0.10993	0.01040	0.04050	0.00696	0.16317	0.04212	0.00991	0.01367	0.11172	0.30045	0.01982	0.03461	0.05106	0.00198	0.01758	0.04159	0.00333	0.00480

[dist]
# distance from previous block
# <min> <max>
0	1

[block]
# block no. 8 follows, 59 sequences, length 21
# corresponding to MSA columns:
# 391-411
name=unknown_I
#
# <colnr> <probs for GDERKNQSTAVLIFYWHMCP>
#	G	D	E	R	K	N	Q	S	T	A	V	L	I	F	Y	W	H	M	C	P
0	0.01252	0.62122	0.05817	0.00849	0.01213	0.15652	0.00809	0.03284	0.00989	0.01117	0.00650	0.00749	0.00574	0.00395	0.00315	0.00100	0.00533	0.00253	0.00204	0.03124
1	0.00637	0.00526	0.00780	0.00736	0.00859	0.00483	0.09646	0.01865	0.00960	0.01266	0.09329	0.42821	0.18385	0.02477	0.00569	0.00168	0.00318	0.05100	0.00389	0.02687
2	0.01263	0.29244	0.21700	0.01024	0.01433	0.15553	0.03585	0.10627	0.06437	0.04004	0.00846	0.00924	0.00659	0.00439	0.00379	0.00120	0.00573	0.00319	0.00254	0.00615
3	0.06391	0.04717	0.17491	0.10770	0.23628	0.02897	0.03669	0.05704	0.02535	0.08233	0.05128	0.01181	0.00861	0.00474	0.00473	0.00138	0.04428	0.00393	0.00269	0.00622
4	0.00759	0.06580	0.27353	0.00933	0.05247	0.00748	0.00893	0.01066	0.04706	0.01326	0.08135	0.23387	0.12725	0.00837	0.00479	0.00151	0.00415	0.03430	0.00321	0.00510
5	0.00656	0.00509	0.02486	0.02112	0.00710	0.00477	0.00443	0.02565	0.02652	0.01197	0.13390	0.22934	0.06397	0.31731	0.03238	0.00275	0.00369	0.07137	0.00357	0.00365
6	0.09791	0.04646	0.13928	0.01233	0.13514	0.04665	0.04931	0.15398	0.05164	0.10007	0.03467	0.06307	0.02031	0.00545	0.00451	0.00138	0.02387	0.00446	0.00325	0.00627
7	0.05911	0.01355	0.23331	0.05366	0.23273	0.04948	0.04678	0.06699	0.06516	0.03415	0.02655	0.03940	0.04966	0.00511	0.00437	0.00139	0.00527	0.00439	0.00272	0.00623
8	0.03704	0.00724	0.06457	0.00668	0.00847	0.04394	0.00546	0.01114	0.03149	0.14290	0.26223	0.08055	0.11185	0.10836	0.03158	0.02755	0.00367	0.00664	0.00399	0.00467
9	0.03298	0.13388	0.23572	0.01123	0.06551	0.05531	0.07622	0.05358	0.03901	0.03183	0.06015	0.06619	0.03458	0.00608	0.01696	0.00145	0.03195	0.01897	0.02264	0.00574
10	0.01189	0.04789	0.14673	0.04184	0.11013	0.04735	0.13110	0.07395	0.09173	0.13794	0.01314	0.08052	0.03463	0.00556	0.00455	0.00141	0.00517	0.00496	0.00324	0.00628
11	0.01040	0.31492	0.35840	0.03839	0.03434	0.03727	0.09167	0.01409	0.03853	0.01271	0.00773	0.00912	0.00606	0.00408	0.00383	0.00124	0.00586	0.00323	0.00203	0.00610
12	0.00641	0.00430	0.00490	0.00487	0.00495	0.00427	0.00279	0.00657	0.00688	0.00925	0.07369	0.02921	0.01797	0.78241	0.02119	0.00407	0.00412	0.00654	0.00284	0.00279
13	0.00965	0.18645	0.50217	0.01124	0.01634	0.05639	0.05492	0.01336	0.00944	0.01287	0.00936	0.06808	0.02147	0.00491	0.00408	0.00133	0.00594	0.00392	0.00211	0.00599
14	0.01071	0.05045	0.12772	0.09289	0.27848	0.03027	0.01065	0.04187	0.10550	0.07320	0.02829	0.04507	0.06173	0.00550	0.00444	0.00139	0.00483	0.01781	0.00298	0.00624
15	0.01178	0.02925	0.04985	0.03521	0.15456	0.00952	0.27860	0.03840	0.06918	0.15605	0.01272	0.07588	0.01048	0.00547	0.00481	0.00146	0.00539	0.04191	0.00322	0.00626
16	0.00756	0.00403	0.00597	0.03461	0.00659	0.00412	0.00408	0.00605	0.00595	0.00793	0.00827	0.01469	0.00835	0.08124	0.03583	0.75243	0.00413	0.00406	0.00199	0.00213
17	0.01143	0.07210	0.36259	0.01246	0.09487	0.01019	0.05360	0.09507	0.03899	0.12138	0.04757	0.04056	0.00945	0.00502	0.00434	0.00137	0.00534	0.00420	0.00296	0.00652
18	0.02612	0.06727	0.12298	0.03631	0.08034	0.13057	0.07957	0.10904	0.03625	0.18737	0.02336	0.04761	0.00932	0.00524	0.00436	0.00135	0.00538	0.01791	0.00333	0.00632
19	0.62095	0.10996	0.03302	0.00688	0.00980	0.06968	0.00595	0.04904	0.00878	0.01804	0.00696	0.00871	0.00572	0.00439	0.00305	0.00132	0.00408	0.02590	0.00269	0.00507
20	0.01069	0.02515	0.17106	0.02970	0.07527	0.06075	0.03504	0.04598	0.27485	0.06357	0.01672	0.04572	0.09599	0.00616	0.00454	0.00144	0.00463	0.02308	0.00348	0.00620

[dist]
# distance from previous block
# <min> <max>
0	1

[block]
# block no. 9 follows, 59 sequences, length 7
# corresponding to MSA columns:
# 413-419
name=unknown_J
#
# <colnr> <probs for GDERKNQSTAVLIFYWHMCP>
#	G	D	E	R	K	N	Q	S	T	A	V	L	I	F	Y	W	H	M	C	P
0	0.06150	0.03500	0.16866	0.00950	0.04951	0.00816	0.05699	0.05511	0.00998	0.01532	0.03938	0.01090	0.02350	0.00406	0.00375	0.00101	0.00432	0.00335	0.00263	0.43736
1	0.67268	0.00892	0.04439	0.04653	0.01022	0.00956	0.00590	0.01304	0.00786	0.06622	0.00705	0.00834	0.00541	0.00485	0.00407	0.04204	0.03253	0.00275	0.00275	0.00490
2	0.00766	0.00452	0.00730	0.00677	0.00715	0.00444	0.06836	0.00650	0.00636	0.00849	0.00928	0.07055	0.00956	0.06424	0.01581	0.68970	0.00407	0.00470	0.00214	0.00240
3	0.10851	0.07146	0.30695	0.02957	0.06507	0.01080	0.02559	0.11134	0.11183	0.01668	0.00924	0.01018	0.00695	0.00440	0.00394	0.00129	0.00505	0.00344	0.00272	0.09499
4	0.01134	0.04546	0.11328	0.08738	0.18250	0.21405	0.00975	0.01357	0.01063	0.06661	0.07674	0.05214	0.05923	0.00650	0.03064	0.00151	0.00568	0.00462	0.00278	0.00558
5	0.07978	0.13114	0.34461	0.01175	0.09248	0.01042	0.04809	0.04671	0.00988	0.01465	0.04828	0.04339	0.02274	0.00496	0.00407	0.00131	0.00519	0.02025	0.00246	0.05785
6	0.10697	0.07945	0.13059	0.02903	0.11165	0.04974	0.03881	0.09765	0.10702	0.09372	0.01273	0.06877	0.04414	0.00554	0.00420	0.00137	0.00471	0.00454	0.00322	0.00613

[dist]
# distance from previous block
# <min> <max>
8	33

[block]
# block no. 10 follows, 59 sequences, length 7
# corresponding to MSA columns:
# 459-465
name=unknown_K
#
# <colnr> <probs for GDERKNQSTAVLIFYWHMCP>
#	G	D	E	R	K	N	Q	S	T	A	V	L	I	F	Y	W	H	M	C	P
0	0.02864	0.03278	0.11516	0.00675	0.00913	0.00737	0.00619	0.13697	0.04942	0.03468	0.03589	0.01459	0.01062	0.00573	0.02086	0.00130	0.00351	0.00407	0.47110	0.00524
1	0.00949	0.10977	0.08573	0.00833	0.01072	0.00788	0.06972	0.05705	0.05258	0.09649	0.19174	0.24494	0.02121	0.00812	0.00479	0.00146	0.00378	0.00716	0.00382	0.00523
2	0.41054	0.12634	0.00981	0.00664	0.00945	0.00937	0.00561	0.01457	0.00944	0.22590	0.07503	0.01189	0.00986	0.00648	0.05087	0.00164	0.00407	0.00351	0.00348	0.00552
3	0.00764	0.00475	0.00535	0.00513	0.00650	0.00431	0.00377	0.00933	0.00903	0.01467	0.01583	0.23737	0.01523	0.00713	0.00381	0.00116	0.00243	0.00610	0.47113	0.16932
4	0.01116	0.19386	0.32483	0.01322	0.08341	0.04012	0.14907	0.01488	0.03734	0.07875	0.00883	0.01009	0.00663	0.00418	0.00412	0.00130	0.00592	0.00361	0.00236	0.00633
5	0.00977	0.00921	0.01558	0.31654	0.48457	0.00992	0.01270	0.01247	0.00962	0.01322	0.00906	0.01361	0.00772	0.00461	0.00449	0.00141	0.00541	0.05180	0.00222	0.00606
6	0.07823	0.05809	0.16429	0.00825	0.01043	0.07599	0.03570	0.00989	0.00888	0.01235	0.01607	0.42154	0.01783	0.05517	0.00574	0.00171	0.00424	0.00794	0.00313	0.00453

[dist]
# distance from previous block
# <min> <max>
0	2

[block]
# block no. 11 follows, 59 sequences, length 29
# corresponding to MSA columns:
# 468-496
name=unknown_L
#
# <colnr> <probs for GDERKNQSTAVLIFYWHMCP>
#	G	D	E	R	K	N	Q	S	T	A	V	L	I	F	Y	W	H	M	C	P
0	0.01266	0.01378	0.01624	0.02221	0.56705	0.26472	0.01199	0.01483	0.01082	0.01330	0.00785	0.01001	0.00659	0.00413	0.00425	0.00126	0.00609	0.00360	0.00221	0.00641
1	0.02667	0.03643	0.28853	0.01323	0.08457	0.05385	0.10533	0.25121	0.01312	0.03658	0.00894	0.01012	0.00656	0.00452	0.00448	0.00134	0.01908	0.00373	0.00284	0.02889
2	0.01707	0.01271	0.01135	0.00945	0.01239	0.26365	0.00747	0.13293	0.12924	0.33806	0.01322	0.01240	0.00918	0.00523	0.00430	0.00131	0.00519	0.00396	0.00418	0.00669
3	0.00590	0.00425	0.00559	0.00579	0.00652	0.00394	0.00414	0.00746	0.01088	0.01514	0.49878	0.35645	0.03669	0.01095	0.00538	0.00155	0.00228	0.00981	0.00456	0.00394
4	0.03686	0.00548	0.00791	0.00759	0.00874	0.00594	0.03485	0.00949	0.01885	0.06449	0.03674	0.06338	0.02768	0.06507	0.43449	0.00465	0.03088	0.12956	0.00306	0.00428
5	0.01463	0.25585	0.01596	0.03223	0.20153	0.01107	0.00866	0.02938	0.04770	0.32308	0.01164	0.01164	0.00840	0.00461	0.00395	0.00124	0.00445	0.00372	0.00349	0.00676
6	0.03858	0.00848	0.00911	0.03221	0.01054	0.13076	0.01665	0.01422	0.01055	0.30805	0.01729	0.29570	0.02900	0.00830	0.00527	0.00151	0.04731	0.00695	0.00408	0.00543
7	0.33165	0.00957	0.01089	0.00944	0.01052	0.03530	0.00782	0.01170	0.00721	0.01405	0.00596	0.00869	0.00542	0.00629	0.00983	0.00170	0.50362	0.00329	0.00224	0.00482
8	0.00549	0.00390	0.00517	0.00612	0.00639	0.00367	0.00410	0.00626	0.00845	0.01127	0.03458	0.77039	0.02861	0.05687	0.00652	0.00192	0.00268	0.03003	0.00404	0.00356
9	0.01146	0.01072	0.01374	0.01741	0.38613	0.08530	0.01001	0.01720	0.28253	0.03749	0.01217	0.03725	0.00983	0.00500	0.00437	0.00135	0.00469	0.00441	0.00315	0.04582
10	0.32100	0.00803	0.00769	0.00657	0.00898	0.00884	0.00530	0.18644	0.06049	0.06255	0.02832	0.01214	0.00892	0.00496	0.00346	0.00127	0.00334	0.00362	0.25264	0.00546
11	0.35651	0.00935	0.01259	0.10458	0.38492	0.01005	0.00966	0.01301	0.00888	0.01624	0.00738	0.00947	0.00598	0.00403	0.00369	0.00133	0.00452	0.00328	0.00239	0.03215
12	0.39144	0.00962	0.01316	0.04532	0.39286	0.01025	0.05054	0.01325	0.00892	0.01668	0.00737	0.00936	0.00597	0.00401	0.00370	0.00135	0.00458	0.00332	0.00242	0.00590
13	0.01019	0.00959	0.01211	0.01055	0.01155	0.01251	0.00859	0.01576	0.32766	0.01377	0.01067	0.01239	0.00887	0.00704	0.01050	0.00176	0.50352	0.00432	0.00296	0.00569
14	0.00653	0.00539	0.00747	0.00949	0.15504	0.00500	0.00567	0.00790	0.00964	0.01279	0.11211	0.36921	0.23722	0.01056	0.00520	0.00156	0.00293	0.00940	0.00380	0.02310
15	0.01005	0.02408	0.21340	0.12522	0.42379	0.01052	0.10240	0.01343	0.00975	0.01384	0.00820	0.01071	0.00646	0.00403	0.00441	0.00137	0.00588	0.00389	0.00208	0.00648
16	0.01532	0.02556	0.22126	0.01121	0.04713	0.00839	0.11026	0.01820	0.01135	0.46550	0.01336	0.01288	0.00878	0.00483	0.00445	0.00138	0.00501	0.00418	0.00394	0.00701
17	0.01268	0.00761	0.01173	0.33868	0.01907	0.00798	0.05040	0.01543	0.04244	0.32103	0.05044	0.01699	0.03879	0.00565	0.00461	0.00146	0.00468	0.04072	0.00372	0.00593
18	0.01545	0.03402	0.24415	0.01080	0.05651	0.00856	0.04640	0.04943	0.01168	0.45772	0.01327	0.01266	0.00873	0.00489	0.00436	0.00137	0.00487	0.00404	0.00398	0.00709
19	0.01135	0.03875	0.19012	0.09724	0.19064	0.00999	0.20571	0.01459	0.01027	0.13788	0.03386	0.01207	0.00811	0.00442	0.00465	0.00140	0.01567	0.00425	0.00268	0.00636
