[name]
unknown

[dist]
# distance from previous block
# <min> <max>
0	87

[block]
# block no. 0 follows, 56 sequences, length 15
# corresponding to MSA columns:
# 115-129
name=unknown_A
#
# <colnr> <probs for GDERKNQSTAVLIFYWHMCP>
#	G	D	E	R	K	N	Q	S	T	A	V	L	I	F	Y	W	H	M	C	P
0	0.01555	0.01160	0.01271	0.01050	0.03408	0.02651	0.00843	0.57124	0.06552	0.04687	0.01285	0.01583	0.01020	0.00619	0.00472	0.00143	0.00483	0.08824	0.00440	0.04833
1	0.13636	0.01044	0.04122	0.21751	0.16458	0.05941	0.04530	0.08597	0.01110	0.07543	0.04358	0.03723	0.00915	0.00517	0.00460	0.00145	0.02225	0.00432	0.01896	0.00597
2	0.00554	0.00439	0.00498	0.00538	0.00641	0.00384	0.00383	0.00660	0.00991	0.01238	0.06996	0.35545	0.46991	0.01262	0.00560	0.00167	0.00245	0.01096	0.00430	0.00384
3	0.00663	0.00449	0.00530	0.00533	0.00544	0.00458	0.00318	0.00685	0.00683	0.00920	0.01456	0.05473	0.01651	0.71638	0.11751	0.00471	0.00533	0.00667	0.00279	0.00297
4	0.01435	0.01068	0.12161	0.03554	0.01330	0.00889	0.02451	0.16820	0.08695	0.29043	0.06069	0.05910	0.06041	0.00645	0.00474	0.00146	0.00437	0.00535	0.01617	0.00681
5	0.24367	0.00840	0.00926	0.05242	0.02998	0.00776	0.00602	0.02890	0.00932	0.03360	0.00810	0.00960	0.00655	0.00484	0.03063	0.00120	0.00398	0.00291	0.00280	0.50004
6	0.00805	0.00656	0.00664	0.00641	0.00693	0.08577	0.00428	0.02630	0.00788	0.01023	0.01306	0.02420	0.01399	0.52975	0.18672	0.00453	0.02181	0.00576	0.02759	0.00351
7	0.00885	0.00835	0.01410	0.77320	0.08461	0.01025	0.01284	0.01189	0.00927	0.01195	0.00819	0.01218	0.00620	0.00456	0.00459	0.00152	0.00607	0.00408	0.00206	0.00525
8	0.04145	0.00807	0.01000	0.00807	0.01107	0.00777	0.00650	0.07718	0.13616	0.49335	0.08810	0.01805	0.03094	0.03527	0.00532	0.00155	0.00377	0.00511	0.00518	0.00708
9	0.00564	0.00420	0.00525	0.00595	0.00658	0.00382	0.00410	0.00664	0.00955	0.01248	0.10152	0.58647	0.20445	0.01331	0.00572	0.00176	0.00254	0.01187	0.00433	0.00382
10	0.87108	0.00888	0.00675	0.00604	0.00888	0.01030	0.00497	0.01350	0.00781	0.02060	0.00639	0.00746	0.00497	0.00426	0.00284	0.00142	0.00355	0.00249	0.00284	0.00497
11	0.00696	0.00609	0.03806	0.02960	0.00860	0.03515	0.00563	0.00836	0.00858	0.01184	0.05865	0.31768	0.01977	0.08646	0.26613	0.00372	0.03151	0.00800	0.04513	0.00408
12	0.00661	0.00508	0.00650	0.00616	0.00723	0.00508	0.00467	0.00864	0.02799	0.01573	0.49190	0.03217	0.16799	0.03713	0.11345	0.00236	0.04492	0.00777	0.00435	0.00427
13	0.01486	0.01140	0.01181	0.00959	0.01266	0.03692	0.00774	0.47888	0.23017	0.02450	0.01339	0.01324	0.00985	0.00566	0.00445	0.00139	0.00445	0.00440	0.09744	0.00720
14	0.04561	0.04922	0.01249	0.01009	0.01304	0.38043	0.00792	0.18523	0.06637	0.05824	0.00957	0.01016	0.00737	0.00488	0.00410	0.00121	0.00606	0.00342	0.02817	0.09643

[dist]
# distance from previous block
# <min> <max>
11	25

[block]
# block no. 1 follows, 56 sequences, length 19
# corresponding to MSA columns:
# 170-188
name=unknown_B
#
# <colnr> <probs for GDERKNQSTAVLIFYWHMCP>
#	G	D	E	R	K	N	Q	S	T	A	V	L	I	F	Y	W	H	M	C	P
0	0.01162	0.10090	0.37515	0.06203	0.01686	0.01144	0.01213	0.06626	0.17289	0.09584	0.01131	0.01182	0.00821	0.00498	0.00451	0.00143	0.01886	0.00389	0.00305	0.00683
1	0.00965	0.00859	0.00959	0.00847	0.00992	0.08140	0.04623	0.06862	0.13803	0.01388	0.05799	0.07767	0.04823	0.23210	0.06214	0.00268	0.08460	0.00603	0.00335	0.03084
2	0.00841	0.00725	0.00981	0.00864	0.00996	0.05091	0.09840	0.06416	0.00958	0.01280	0.06740	0.13024	0.03786	0.18938	0.23570	0.00380	0.04160	0.00660	0.00310	0.00440
3	0.00631	0.00466	0.00559	0.00549	0.00670	0.00414	0.00407	0.00793	0.01154	0.03339	0.41214	0.13694	0.32285	0.01075	0.00546	0.00153	0.00233	0.00932	0.00468	0.00417
4	0.00844	0.00645	0.00728	0.00690	0.00855	0.00663	0.00520	0.03835	0.24702	0.04219	0.19308	0.17679	0.19231	0.00949	0.00516	0.00156	0.00288	0.00818	0.02831	0.00522
5	0.01057	0.00851	0.00911	0.00822	0.01044	0.00958	0.00637	0.04933	0.55674	0.01918	0.12915	0.01932	0.01762	0.00653	0.00458	0.00147	0.00328	0.00547	0.11804	0.00648
6	0.01427	0.00882	0.00990	0.00785	0.01074	0.00894	0.00636	0.32939	0.01520	0.16039	0.04694	0.01426	0.01088	0.00542	0.00413	0.00123	0.00377	0.00427	0.23284	0.10441
7	0.00657	0.00479	0.00592	0.00575	0.00692	0.00438	0.00427	0.00861	0.03034	0.03259	0.52309	0.12974	0.19937	0.01029	0.00544	0.00152	0.00233	0.00900	0.00480	0.00431
8	0.75766	0.06812	0.05790	0.00660	0.00976	0.01087	0.00591	0.01358	0.00804	0.01954	0.00651	0.00759	0.00509	0.00424	0.00294	0.00139	0.00385	0.00254	0.00272	0.00515
9	0.02416	0.06840	0.01570	0.20859	0.31314	0.18014	0.02197	0.02860	0.01076	0.02921	0.00911	0.05298	0.00786	0.00492	0.00442	0.00137	0.00599	0.00421	0.00244	0.00605
10	0.05859	0.00958	0.02284	0.00846	0.01133	0.00992	0.00694	0.37049	0.04892	0.14920	0.12830	0.01590	0.01403	0.00632	0.00485	0.02522	0.00401	0.00478	0.09373	0.00659
11	0.00664	0.00436	0.00528	0.00537	0.00563	0.00423	0.00336	0.00670	0.00771	0.01025	0.09009	0.12249	0.08763	0.45813	0.01723	0.14759	0.00377	0.00738	0.00316	0.00300
12	0.01098	0.00966	0.01661	0.01309	0.01525	0.01072	0.26987	0.01311	0.00958	0.11166	0.01309	0.04675	0.05888	0.00714	0.00902	0.00176	0.31477	0.05954	0.00294	0.00558
13	0.00912	0.00798	0.01061	0.00928	0.01146	0.00841	0.10979	0.01598	0.35995	0.01623	0.09392	0.09197	0.12149	0.03121	0.00571	0.00170	0.00387	0.08139	0.00422	0.00571
14	0.00677	0.00476	0.00704	0.00704	0.00769	0.00541	0.00532	0.00779	0.00713	0.01016	0.01178	0.01810	0.01125	0.07654	0.65748	0.13411	0.01063	0.00488	0.00241	0.00371
15	0.11703	0.29757	0.04931	0.02321	0.01273	0.26409	0.00811	0.07328	0.03710	0.01397	0.00863	0.05961	0.00771	0.00509	0.00375	0.00123	0.00572	0.00355	0.00262	0.00568
16	0.16536	0.00605	0.00659	0.00602	0.00782	0.00606	0.00465	0.03969	0.01074	0.15459	0.13769	0.13330	0.03120	0.00722	0.00418	0.00138	0.00288	0.00595	0.26355	0.00506
17	0.07979	0.08682	0.10189	0.08391	0.18685	0.09926	0.04816	0.10975	0.02992	0.11642	0.00975	0.01094	0.00729	0.00464	0.00427	0.00136	0.00559	0.00378	0.00301	0.00660
18	0.01141	0.01100	0.01559	0.18125	0.39526	0.07334	0.01198	0.06612	0.06368	0.01483	0.00948	0.03434	0.00795	0.00511	0.00550	0.00147	0.07837	0.00432	0.00258	0.00643

[dist]
# distance from previous block
# <min> <max>
0	1

[block]
# block no. 2 follows, 56 sequences, length 8
# corresponding to MSA columns:
# 190-197
name=unknown_C
#
# <colnr> <probs for GDERKNQSTAVLIFYWHMCP>
#	G	D	E	R	K	N	Q	S	T	A	V	L	I	F	Y	W	H	M	C	P
0	0.00599	0.00425	0.00565	0.00648	0.00683	0.00415	0.00447	0.00687	0.00853	0.01142	0.02257	0.58357	0.02645	0.12683	0.08267	0.00274	0.00392	0.07901	0.00390	0.00368
1	0.18943	0.01239	0.01209	0.18200	0.01664	0.19047	0.03194	0.12977	0.08852	0.05614	0.00944	0.01076	0.00713	0.00502	0.00460	0.00143	0.03956	0.00368	0.00309	0.00589
2	0.00687	0.00470	0.00644	0.00674	0.00762	0.00428	0.03454	0.00792	0.00946	0.07094	0.02759	0.61575	0.15387	0.01289	0.00568	0.00177	0.00289	0.01159	0.00429	0.00415
3	0.00620	0.00452	0.00567	0.00594	0.00686	0.00416	0.00439	0.00778	0.01095	0.01487	0.33618	0.27182	0.17682	0.01140	0.00554	0.00163	0.00253	0.08020	0.03848	0.00406
4	0.07483	0.00769	0.00894	0.04467	0.01028	0.00826	0.00598	0.20966	0.01178	0.11433	0.01442	0.09371	0.03019	0.25680	0.05566	0.00271	0.03540	0.00581	0.00369	0.00521
5	0.00765	0.00527	0.00654	0.00622	0.00747	0.00502	0.00469	0.02896	0.04772	0.05784	0.46141	0.07479	0.11532	0.08544	0.00705	0.00180	0.00280	0.06484	0.00467	0.00450
6	0.23835	0.01116	0.01119	0.00911	0.01233	0.01259	0.00742	0.42026	0.19125	0.02460	0.01152	0.01145	0.00845	0.00535	0.00415	0.00143	0.00435	0.00394	0.00415	0.00695
7	0.10495	0.05321	0.09353	0.16894	0.03116	0.15607	0.02796	0.01393	0.03634	0.04171	0.00901	0.01196	0.00748	0.08059	0.00576	0.00154	0.00551	0.00366	0.00258	0.14410

[dist]
# distance from previous block
# <min> <max>
0	1

[block]
# block no. 3 follows, 56 sequences, length 11
# corresponding to MSA columns:
# 199-209
name=unknown_D
#
# <colnr> <probs for GDERKNQSTAVLIFYWHMCP>
#	G	D	E	R	K	N	Q	S	T	A	V	L	I	F	Y	W	H	M	C	P
0	0.01154	0.05174	0.08349	0.01172	0.03029	0.00929	0.22412	0.09112	0.02240	0.11265	0.04724	0.07972	0.02369	0.00636	0.02123	0.00151	0.00527	0.02670	0.02317	0.11675
1	0.00885	0.00732	0.00948	0.00886	0.00997	0.00848	0.02807	0.01316	0.22124	0.04085	0.04823	0.32759	0.01924	0.01064	0.03256	0.00194	0.18648	0.00802	0.00384	0.00520
2	0.07679	0.00997	0.08139	0.00774	0.01179	0.00769	0.00679	0.07733	0.04131	0.03874	0.00929	0.02600	0.00752	0.00411	0.00367	0.00094	0.00386	0.00323	0.00300	0.57885
3	0.08799	0.16362	0.15292	0.03402	0.07817	0.05208	0.07895	0.10841	0.04070	0.14569	0.01012	0.01084	0.00742	0.00465	0.00416	0.00134	0.00541	0.00373	0.00313	0.00664
4	0.01130	0.27609	0.08514	0.06064	0.12750	0.05761	0.07892	0.03961	0.04009	0.01386	0.03305	0.02324	0.00821	0.00446	0.00398	0.00119	0.00529	0.00369	0.00249	0.12364
5	0.00549	0.00465	0.00474	0.00472	0.00624	0.00390	0.00354	0.00672	0.01062	0.01278	0.09387	0.04357	0.76056	0.01149	0.00543	0.00154	0.00232	0.00960	0.00431	0.00390
6	0.03109	0.01122	0.03977	0.09382	0.01462	0.07329	0.02633	0.16174	0.36663	0.05015	0.04026	0.01476	0.01157	0.00570	0.00454	0.00146	0.00461	0.00464	0.03708	0.00671
7	0.05746	0.00702	0.00846	0.00699	0.00947	0.00680	0.00561	0.09200	0.02648	0.36911	0.03690	0.01577	0.01162	0.00691	0.03090	0.03314	0.00369	0.00446	0.26103	0.00618
8	0.00681	0.00517	0.00634	0.00671	0.00770	0.00507	0.00497	0.02608	0.09333	0.01433	0.15643	0.39597	0.13391	0.01193	0.00564	0.00174	0.00288	0.10618	0.00444	0.00437
9	0.01640	0.00802	0.00988	0.00839	0.03233	0.03666	0.00650	0.04448	0.07139	0.50446	0.06805	0.03665	0.05306	0.02615	0.01701	0.00158	0.00397	0.00528	0.04292	0.00683
10	0.04547	0.00863	0.01043	0.00849	0.01141	0.00868	0.00697	0.21232	0.05312	0.36269	0.08957	0.01951	0.03136	0.00671	0.00498	0.00149	0.02140	0.06938	0.02053	0.00686

[dist]
# distance from previous block
# <min> <max>
1	3

[block]
# block no. 4 follows, 56 sequences, length 10
# corresponding to MSA columns:
# 213-220,222,223
name=unknown_E
#
# <colnr> <probs for GDERKNQSTAVLIFYWHMCP>
#	G	D	E	R	K	N	Q	S	T	A	V	L	I	F	Y	W	H	M	C	P
0	0.08984	0.03998	0.07345	0.13126	0.17658	0.06648	0.02642	0.11716	0.04823	0.08123	0.02337	0.01193	0.00814	0.01840	0.00483	0.00143	0.02376	0.00395	0.01538	0.03819
1	0.02760	0.23795	0.04474	0.08308	0.03323	0.07936	0.02338	0.01226	0.04522	0.01182	0.01089	0.05419	0.01059	0.10735	0.10039	0.00244	0.05825	0.04964	0.00256	0.00507
2	0.00860	0.02790	0.01025	0.02949	0.08697	0.00776	0.03990	0.05322	0.06416	0.02981	0.03683	0.32199	0.01814	0.04667	0.11294	0.00254	0.08655	0.00786	0.00346	0.00496
3	0.00768	0.00584	0.00720	0.00668	0.00803	0.00596	0.00518	0.01100	0.11430	0.04097	0.47907	0.03204	0.15111	0.00925	0.00600	0.00154	0.05959	0.03911	0.00466	0.00479
4	0.00648	0.00456	0.00584	0.00592	0.00638	0.00470	0.00402	0.00722	0.00781	0.01063	0.07603	0.10879	0.07276	0.36881	0.25617	0.03408	0.00627	0.00704	0.00308	0.00343
5	0.01517	0.00785	0.00974	0.00804	0.01082	0.00768	0.00643	0.05539	0.20225	0.41326	0.19056	0.01986	0.01882	0.00661	0.00480	0.00146	0.00351	0.00554	0.00525	0.00692
6	0.09370	0.00864	0.01065	0.00834	0.01178	0.00827	0.00686	0.11039	0.07243	0.59489	0.01632	0.01450	0.01060	0.00558	0.00446	0.00143	0.00399	0.00442	0.00523	0.00752
7	0.01156	0.00732	0.00984	0.00822	0.01012	0.00766	0.06444	0.16288	0.01148	0.11964	0.02548	0.01585	0.02983	0.02616	0.12033	0.14412	0.04215	0.00465	0.17309	0.00516
8	0.54032	0.01084	0.06573	0.03151	0.05483	0.03999	0.04394	0.05612	0.00926	0.01872	0.02524	0.00921	0.00642	0.00473	0.00432	0.00146	0.06599	0.00317	0.00277	0.00544
9	0.07623	0.04543	0.02760	0.01169	0.08115	0.28214	0.00870	0.24615	0.04982	0.01825	0.00935	0.01037	0.00729	0.00509	0.00462	0.00132	0.04244	0.00360	0.06251	0.00625

[dist]
# distance from previous block
# <min> <max>
1	10

[block]
# block no. 5 follows, 56 sequences, length 11
# corresponding to MSA columns:
# 235-245
name=unknown_F
#
# <colnr> <probs for GDERKNQSTAVLIFYWHMCP>
#	G	D	E	R	K	N	Q	S	T	A	V	L	I	F	Y	W	H	M	C	P
0	0.00581	0.00459	0.00514	0.00513	0.00635	0.00402	0.00375	0.00715	0.01079	0.01379	0.25332	0.10897	0.48081	0.06192	0.00656	0.00173	0.00244	0.00941	0.00439	0.00392
1	0.04988	0.00704	0.00933	0.10224	0.04426	0.00776	0.00689	0.05102	0.09547	0.10652	0.02754	0.01729	0.04549	0.06994	0.18341	0.10267	0.04199	0.00486	0.02137	0.00505
2	0.04759	0.00820	0.05287	0.03142	0.04578	0.00720	0.00692	0.09779	0.01289	0.29858	0.18955	0.05185	0.11521	0.00728	0.00484	0.00146	0.00369	0.00610	0.00464	0.00616
3	0.00698	0.00484	0.00676	0.00642	0.00689	0.00487	0.04638	0.00723	0.00731	0.00985	0.03103	0.09304	0.03901	0.42035	0.13666	0.15444	0.00544	0.00654	0.00279	0.00317
4	0.01149	0.00995	0.07124	0.17308	0.22324	0.00968	0.03895	0.01455	0.05318	0.15002	0.01250	0.05807	0.03149	0.00666	0.03014	0.00171	0.08984	0.00489	0.00306	0.00626
5	0.00917	0.00788	0.01256	0.62948	0.02619	0.00957	0.01110	0.04286	0.00956	0.04176	0.00996	0.05825	0.00841	0.05158	0.02706	0.00186	0.03046	0.00475	0.00245	0.00508
6	0.44950	0.01079	0.00906	0.00777	0.01063	0.10937	0.00625	0.13192	0.07119	0.09297	0.00964	0.01010	0.00715	0.00484	0.00358	0.00138	0.00431	0.00329	0.05043	0.00583
7	0.01035	0.03080	0.04268	0.21942	0.34196	0.02794	0.03101	0.02456	0.06874	0.01438	0.04216	0.01356	0.02731	0.00507	0.00520	0.00145	0.05621	0.00441	0.02657	0.00620
8	0.00964	0.05967	0.28659	0.06396	0.13635	0.01047	0.15381	0.01358	0.03929	0.01458	0.08898	0.03300	0.02846	0.00531	0.00508	0.00147	0.03621	0.00479	0.00258	0.00618
9	0.00815	0.03035	0.05994	0.03551	0.03878	0.00624	0.00613	0.06808	0.01203	0.04969	0.32207	0.12883	0.19801	0.00921	0.00518	0.00150	0.00318	0.00794	0.00428	0.00490
10	0.03444	0.02408	0.04529	0.07559	0.18756	0.04598	0.00887	0.02747	0.02373	0.16013	0.14682	0.04283	0.05818	0.00679	0.00569	0.02047	0.05692	0.01964	0.00360	0.00592

[dist]
# distance from previous block
# <min> <max>
3	49

[block]
# block no. 6 follows, 56 sequences, length 18
# corresponding to MSA columns:
# 297-314
name=unknown_G
#
# <colnr> <probs for GDERKNQSTAVLIFYWHMCP>
#	G	D	E	R	K	N	Q	S	T	A	V	L	I	F	Y	W	H	M	C	P
0	0.05426	0.04042	0.01258	0.01064	0.03326	0.01079	0.05940	0.03757	0.05558	0.03606	0.01245	0.12074	0.03680	0.00789	0.00911	0.00171	0.35405	0.03740	0.02055	0.04875
1	0.15640	0.10741	0.11958	0.02380	0.06624	0.16708	0.05532	0.05591	0.06638	0.04156	0.02346	0.03972	0.03446	0.00528	0.00430	0.00137	0.01886	0.00406	0.00288	0.00592
2	0.06711	0.05879	0.15859	0.02539	0.14188	0.01043	0.04239	0.12216	0.05412	0.18588	0.01275	0.01320	0.03823	0.00516	0.00453	0.00140	0.01750	0.00422	0.02943	0.00682
3	0.01140	0.14299	0.07573	0.03915	0.14393	0.08454	0.03097	0.02700	0.13410	0.02790	0.01044	0.03192	0.00856	0.00471	0.00404	0.00120	0.00489	0.00385	0.03606	0.17662
4	0.00589	0.00459	0.00535	0.00533	0.00653	0.00405	0.00393	0.00742	0.01130	0.01479	0.35699	0.13781	0.39751	0.01105	0.00547	0.00155	0.00230	0.00953	0.00459	0.00405
5	0.04412	0.02496	0.05361	0.06793	0.13490	0.08443	0.05989	0.11600	0.01115	0.01550	0.07112	0.03936	0.01024	0.00620	0.00741	0.00157	0.22846	0.00456	0.01274	0.00583
6	0.04261	0.00885	0.04225	0.04894	0.01331	0.03441	0.15878	0.08777	0.02141	0.03085	0.01734	0.28099	0.06850	0.01847	0.00641	0.02186	0.06103	0.02773	0.00342	0.00508
7	0.00580	0.00429	0.00540	0.00617	0.00678	0.00395	0.00435	0.00681	0.00934	0.01215	0.05361	0.55054	0.18259	0.04446	0.00646	0.00191	0.00280	0.08455	0.00423	0.00379
8	0.00695	0.03264	0.00801	0.00740	0.00846	0.00561	0.05789	0.02313	0.03434	0.01310	0.06708	0.46164	0.08758	0.01355	0.07778	0.00220	0.01774	0.01855	0.05206	0.00429
9	0.00911	0.00673	0.00788	0.00657	0.00908	0.00587	0.00510	0.05872	0.04504	0.07284	0.18196	0.09757	0.17225	0.00763	0.00464	0.00125	0.00302	0.00648	0.00405	0.29423
10	0.00653	0.00443	0.00511	0.00528	0.00539	0.00437	0.00314	0.00673	0.00718	0.00951	0.01712	0.12963	0.04350	0.68496	0.02011	0.00397	0.00416	0.03285	0.00306	0.00298
11	0.82534	0.00895	0.00704	0.00621	0.00910	0.01030	0.00512	0.03387	0.00832	0.04295	0.00684	0.00778	0.00522	0.00433	0.00294	0.00142	0.00360	0.00259	0.00297	0.00512
12	0.01268	0.23529	0.17612	0.01098	0.04970	0.10134	0.02121	0.10896	0.11338	0.04097	0.00958	0.01034	0.00746	0.00473	0.00429	0.00127	0.02793	0.00349	0.00285	0.05743
13	0.04259	0.03982	0.01228	0.01003	0.01104	0.02239	0.08846	0.02036	0.02998	0.01151	0.00954	0.03974	0.02695	0.03121	0.07754	0.20006	0.31514	0.00461	0.00236	0.00439
14	0.00598	0.00452	0.00549	0.00587	0.00671	0.00416	0.00416	0.00748	0.03089	0.01349	0.20105	0.38542	0.23623	0.04366	0.00629	0.00179	0.00259	0.02587	0.00439	0.00397
15	0.00595	0.00451	0.00520	0.00531	0.00636	0.00403	0.00381	0.00727	0.01053	0.01383	0.24689	0.19385	0.36316	0.06994	0.00670	0.00177	0.00249	0.00956	0.03493	0.00391
16	0.16790	0.00960	0.01051	0.00837	0.01147	0.01010	0.00685	0.33809	0.01557	0.22653	0.11261	0.01467	0.01280	0.00582	0.00435	0.00140	0.00405	0.00450	0.02803	0.00677
17	0.00849	0.00522	0.00637	0.00602	0.00739	0.00490	0.00452	0.03800	0.02653	0.10100	0.33346	0.17167	0.12203	0.00934	0.00504	0.00147	0.00258	0.00811	0.13314	0.00471

[dist]
# distance from previous block
# <min> <max>
2	5

[block]
# block no. 7 follows, 56 sequences, length 10
# corresponding to MSA columns:
# 320-329
name=unknown_H
#
# <colnr> <probs for GDERKNQSTAVLIFYWHMCP>
#	G	D	E	R	K	N	Q	S	T	A	V	L	I	F	Y	W	H	M	C	P
0	0.15675	0.01367	0.03975	0.12333	0.03896	0.22528	0.00894	0.17094	0.09749	0.04778	0.00962	0.01064	0.00727	0.00503	0.00444	0.00139	0.02574	0.00364	0.00319	0.00613
1	0.05972	0.04748	0.01179	0.10723	0.05857	0.16718	0.02604	0.08466	0.10919	0.01588	0.08372	0.03770	0.03823	0.00600	0.00495	0.00140	0.05003	0.00470	0.07990	0.00560
2	0.00713	0.00479	0.00601	0.00620	0.00735	0.00434	0.00468	0.00858	0.01075	0.07430	0.20393	0.27355	0.24304	0.01163	0.00561	0.00169	0.00277	0.11483	0.00454	0.00428
3	0.00873	0.02447	0.07876	0.10318	0.14146	0.03235	0.03560	0.01073	0.02927	0.01204	0.01501	0.06966	0.09550	0.19476	0.01040	0.02768	0.08651	0.01630	0.00272	0.00486
4	0.00651	0.00507	0.00597	0.00582	0.00714	0.00473	0.00441	0.00908	0.07149	0.01589	0.41425	0.07228	0.30198	0.01030	0.00543	0.00154	0.00245	0.04661	0.00468	0.00437
5	0.00761	0.00419	0.00604	0.00607	0.00625	0.00424	0.00416	0.00640	0.00649	0.00867	0.01087	0.01801	0.03878	0.08515	0.09904	0.64911	0.00482	0.02943	0.00226	0.00241
6	0.01297	0.27455	0.04117	0.03909	0.19665	0.13797	0.02183	0.02906	0.01069	0.08364	0.01989	0.01108	0.02199	0.01812	0.00473	0.00129	0.03994	0.00361	0.00260	0.02912
7	0.00823	0.00703	0.00821	0.06998	0.05551	0.03490	0.00602	0.04879	0.11103	0.01412	0.10518	0.09110	0.23882	0.12530	0.02895	0.00210	0.02896	0.00728	0.00374	0.00476
8	0.02685	0.12504	0.06072	0.05043	0.20311	0.02652	0.06083	0.11020	0.09292	0.11926	0.03521	0.01295	0.00950	0.01757	0.02779	0.00158	0.00530	0.00424	0.00328	0.00671
9	0.13664	0.05538	0.07997	0.01031	0.04302	0.11559	0.00848	0.14861	0.29358	0.04471	0.01225	0.01219	0.00919	0.00526	0.00421	0.00141	0.00486	0.00399	0.00367	0.00668

[dist]
# distance from previous block
# <min> <max>
12	31

[block]
# block no. 8 follows, 56 sequences, length 23
# corresponding to MSA columns:
# 368-390
name=unknown_I
#
# <colnr> <probs for GDERKNQSTAVLIFYWHMCP>
#	G	D	E	R	K	N	Q	S	T	A	V	L	I	F	Y	W	H	M	C	P
0	0.13713	0.00875	0.09060	0.00695	0.00876	0.04763	0.00561	0.01147	0.08489	0.03091	0.05808	0.02130	0.01402	0.40468	0.01329	0.00285	0.00448	0.00526	0.00306	0.04030
1	0.03737	0.05667	0.20121	0.03714	0.05433	0.02439	0.04138	0.07531	0.07440	0.02787	0.02993	0.11737	0.05424	0.04213	0.03528	0.00176	0.00510	0.00545	0.00310	0.07557
2	0.00965	0.00783	0.00775	0.00694	0.00910	0.07228	0.00534	0.03320	0.17188	0.08359	0.10133	0.04810	0.33188	0.00846	0.00491	0.00143	0.00335	0.00701	0.01673	0.06922
3	0.24282	0.00991	0.01025	0.00918	0.04446	0.01108	0.00702	0.24867	0.22865	0.02221	0.10776	0.01455	0.01299	0.00578	0.00424	0.00145	0.00393	0.00448	0.00410	0.00646
4	0.13510	0.00845	0.00988	0.02511	0.01126	0.01859	0.03515	0.14290	0.07899	0.26520	0.01480	0.08026	0.01138	0.00605	0.00428	0.00141	0.00389	0.00492	0.13606	0.00635
5	0.00610	0.00456	0.00534	0.00566	0.00675	0.00405	0.00416	0.00736	0.01028	0.02949	0.12232	0.28885	0.39599	0.01209	0.00557	0.00167	0.00258	0.06528	0.01793	0.00399
6	0.00838	0.00616	0.00857	0.02192	0.00973	0.00604	0.07137	0.06215	0.03425	0.03830	0.23402	0.11604	0.09758	0.00926	0.00526	0.00159	0.00344	0.15307	0.10811	0.00478
7	0.01166	0.01188	0.01376	0.01180	0.01252	0.12446	0.00968	0.07468	0.03818	0.01279	0.00703	0.01014	0.00645	0.00732	0.01236	0.00183	0.62182	0.00392	0.00236	0.00537
8	0.00858	0.00703	0.00855	0.00710	0.01006	0.00564	0.00571	0.01048	0.00965	0.01430	0.01372	0.12210	0.01390	0.00674	0.00433	0.00113	0.00348	0.16813	0.00323	0.57614
9	0.01390	0.07170	0.01195	0.00832	0.01199	0.04559	0.00684	0.21386	0.03128	0.15242	0.03530	0.01165	0.00901	0.00467	0.00400	0.00107	0.00420	0.00362	0.00374	0.35490
10	0.01170	0.01000	0.01054	0.00940	0.01204	0.01155	0.00733	0.05981	0.76585	0.01965	0.01833	0.01685	0.01373	0.00620	0.00467	0.00155	0.00370	0.00514	0.00467	0.00729
11	0.00664	0.00491	0.00719	0.00728	0.00805	0.00560	0.00564	0.00818	0.00758	0.01077	0.01344	0.02172	0.01310	0.09657	0.69115	0.00672	0.01102	0.06780	0.00263	0.00400
12	0.00590	0.00440	0.00579	0.00693	0.02969	0.00413	0.00458	0.00706	0.02350	0.01221	0.04571	0.69115	0.10171	0.01354	0.00576	0.00181	0.00274	0.02525	0.00423	0.00393
13	0.01675	0.08829	0.01391	0.01151	0.01400	0.75523	0.00879	0.01796	0.01271	0.01120	0.00704	0.00821	0.00591	0.00467	0.00404	0.00117	0.00801	0.00292	0.00233	0.00537
14	0.01089	0.01033	0.01748	0.04914	0.72276	0.01036	0.01326	0.01358	0.01062	0.01518	0.07337	0.01325	0.01016	0.00453	0.00462	0.00137	0.00521	0.00443	0.00249	0.00697
15	0.00588	0.00461	0.00532	0.00526	0.00651	0.00405	0.00390	0.00743	0.01137	0.01483	0.35896	0.10640	0.42722	0.01093	0.00546	0.00153	0.00229	0.00940	0.00459	0.00405
16	0.00660	0.00475	0.00560	0.00592	0.00664	0.00464	0.00405	0.00856	0.07551	0.01299	0.10255	0.36471	0.12456	0.17167	0.00883	0.00219	0.00296	0.00955	0.07377	0.00397
17	0.00718	0.00470	0.00592	0.00590	0.00691	0.00428	0.00423	0.00857	0.01081	0.07663	0.32741	0.26672	0.15382	0.08704	0.00713	0.00186	0.00268	0.00946	0.00454	0.00421
18	0.69294	0.00840	0.00718	0.00628	0.00906	0.00936	0.00514	0.01419	0.00891	0.11894	0.07497	0.01072	0.00898	0.00487	0.00328	0.00142	0.00348	0.00324	0.00338	0.00527
19	0.01400	0.01092	0.01317	0.19624	0.01764	0.01234	0.02913	0.45810	0.11174	0.02261	0.01147	0.01271	0.00849	0.02375	0.00499	0.00150	0.00507	0.00434	0.03495	0.00685
20	0.01141	0.09473	0.09141	0.09825	0.20872	0.01167	0.19362	0.08255	0.05604	0.03814	0.00987	0.01240	0.00779	0.00568	0.03470	0.00165	0.01618	0.01604	0.00267	0.00649
21	0.02889	0.25452	0.11112	0.01449	0.04768	0.01358	0.35759	0.07985	0.02258	0.01494	0.00853	0.01045	0.00667	0.00413	0.00442	0.00135	0.00636	0.00411	0.00241	0.00634
22	0.76819	0.01011	0.00753	0.00669	0.00952	0.07829	0.00544	0.04260	0.00875	0.02012	0.00662	0.00766	0.00515	0.00435	0.00301	0.00140	0.00400	0.00259	0.00287	0.00511

[dist]
# distance from previous block
# <min> <max>
0	1

[block]
# block no. 9 follows, 56 sequences, length 18
# corresponding to MSA columns:
# 399-416
name=unknown_J
#
# <colnr> <probs for GDERKNQSTAVLIFYWHMCP>
#	G	D	E	R	K	N	Q	S	T	A	V	L	I	F	Y	W	H	M	C	P
0	0.00629	0.00450	0.00576	0.00634	0.00716	0.00415	0.00467	0.00760	0.01011	0.02971	0.14961	0.42873	0.17236	0.01267	0.00576	0.00177	0.00280	0.13159	0.00441	0.00401
1	0.01198	0.06266	0.10823	0.03707	0.10326	0.01042	0.36573	0.01510	0.01065	0.14435	0.01107	0.03817	0.00868	0.04478	0.00578	0.00161	0.00624	0.00500	0.00287	0.00635
2	0.00558	0.00426	0.00513	0.00575	0.00651	0.00381	0.00399	0.00657	0.00959	0.01228	0.07049	0.51650	0.30671	0.01317	0.00568	0.00173	0.00252	0.01163	0.00430	0.00381
3	0.00731	0.00418	0.00585	0.00589	0.00619	0.00409	0.00402	0.00648	0.00741	0.00991	0.10092	0.07953	0.07944	0.05469	0.04738	0.56165	0.00391	0.00576	0.00274	0.00265
4	0.01674	0.09074	0.01394	0.01149	0.01399	0.75284	0.00879	0.01795	0.01270	0.01120	0.00704	0.00820	0.00591	0.00466	0.00404	0.00117	0.00800	0.00291	0.00233	0.00537
5	0.00588	0.00459	0.00529	0.00535	0.00651	0.00405	0.00393	0.00729	0.01091	0.01411	0.28068	0.14739	0.41721	0.03908	0.00611	0.00167	0.00244	0.02909	0.00446	0.00397
6	0.01176	0.01048	0.01481	0.29370	0.23818	0.05547	0.04285	0.17345	0.01239	0.01670	0.00944	0.01195	0.00728	0.00468	0.00447	0.00140	0.00557	0.00410	0.07509	0.00624
7	0.01226	0.01022	0.01185	0.02517	0.07072	0.01179	0.00829	0.15955	0.46854	0.03253	0.01533	0.04365	0.01199	0.00638	0.00575	0.00156	0.08822	0.00505	0.00417	0.00698
8	0.34135	0.02623	0.01075	0.01013	0.08350	0.15074	0.02471	0.09711	0.04390	0.06947	0.02434	0.02937	0.00813	0.00505	0.00395	0.00137	0.01553	0.00366	0.04491	0.00579
9	0.01245	0.01062	0.01716	0.11382	0.54957	0.01090	0.03470	0.10167	0.01177	0.07856	0.00961	0.01178	0.00751	0.00442	0.00459	0.00139	0.00543	0.00417	0.00277	0.00710
10	0.00675	0.00516	0.00654	0.00769	0.05403	0.01846	0.00516	0.02580	0.00995	0.01329	0.08069	0.49338	0.12122	0.01215	0.00556	0.00173	0.00302	0.08006	0.04518	0.00419
11	0.00580	0.00444	0.00531	0.00556	0.00655	0.00396	0.00399	0.00713	0.01065	0.01394	0.26266	0.30613	0.32354	0.01189	0.00557	0.00162	0.00239	0.01041	0.00449	0.00396
12	0.00800	0.00683	0.01038	0.00919	0.01006	0.00823	0.07261	0.00955	0.00768	0.01142	0.01076	0.01643	0.01013	0.09436	0.40645	0.00473	0.22872	0.00483	0.06521	0.00442
13	0.01135	0.04159	0.12740	0.01168	0.09134	0.01110	0.02136	0.07962	0.43319	0.03188	0.01636	0.01701	0.04386	0.00604	0.00465	0.00151	0.00446	0.03480	0.00389	0.00693
14	0.00725	0.00511	0.00586	0.00579	0.00635	0.00513	0.00378	0.06875	0.00869	0.01146	0.01936	0.14618	0.10227	0.51228	0.04786	0.00358	0.00431	0.02915	0.00332	0.00352
15	0.06471	0.12146	0.02626	0.06301	0.14862	0.11413	0.08341	0.07434	0.04450	0.01482	0.01124	0.14020	0.01059	0.00595	0.00441	0.00137	0.00523	0.00512	0.00289	0.05773
16	0.30673	0.03034	0.07299	0.05407	0.03272	0.02074	0.00726	0.03652	0.00904	0.04703	0.00833	0.01101	0.00700	0.07463	0.00617	0.00156	0.07718	0.00336	0.00274	0.19058
17	0.01026	0.00743	0.03979	0.00773	0.00933	0.00714	0.00607	0.14073	0.01006	0.05896	0.01155	0.11679	0.01111	0.05185	0.03097	0.30268	0.06453	0.00517	0.00306	0.10478

[dist]
# distance from previous block
# <min> <max>
2	16

[block]
# block no. 10 follows, 56 sequences, length 40
# corresponding to MSA columns:
# 434-473
name=unknown_K
#
# <colnr> <probs for GDERKNQSTAVLIFYWHMCP>
#	G	D	E	R	K	N	Q	S	T	A	V	L	I	F	Y	W	H	M	C	P
0	0.07904	0.00969	0.02761	0.08553	0.05700	0.00934	0.05259	0.18393	0.01315	0.25055	0.01184	0.01221	0.00831	0.00483	0.00427	0.00129	0.00455	0.00397	0.03015	0.15014
1	0.00600	0.00467	0.00544	0.00525	0.00655	0.00412	0.00394	0.00770	0.01182	0.01561	0.45284	0.03890	0.39982	0.01043	0.00542	0.00149	0.00224	0.00895	0.00469	0.00412
2	0.01129	0.00953	0.01044	0.02975	0.03639	0.02034	0.00749	0.07892	0.58341	0.01898	0.04260	0.03340	0.01495	0.00666	0.00476	0.00156	0.00384	0.05158	0.02730	0.00681
3	0.01168	0.00716	0.00846	0.02779	0.00986	0.02295	0.02142	0.08082	0.10597	0.18819	0.17841	0.02239	0.10710	0.00700	0.00459	0.00138	0.00330	0.00586	0.17993	0.00573
4	0.00695	0.00472	0.00586	0.00641	0.00727	0.00450	0.00467	0.00870	0.04776	0.04524	0.03589	0.46513	0.13815	0.02491	0.00580	0.00179	0.00288	0.10477	0.07443	0.00418
5	0.01019	0.01598	0.37649	0.01324	0.04625	0.00999	0.17328	0.06871	0.04552	0.04037	0.14060	0.01494	0.01292	0.00528	0.00480	0.00147	0.00583	0.00481	0.00296	0.00640
6	0.01151	0.01158	0.05600	0.01394	0.01836	0.01012	0.40448	0.10983	0.01179	0.04306	0.00942	0.01136	0.00711	0.00402	0.00465	0.00126	0.00597	0.00435	0.00281	0.25837
7	0.01724	0.01000	0.01162	0.00926	0.01261	0.01041	0.00753	0.27920	0.21451	0.35299	0.01590	0.01448	0.01085	0.00576	0.00462	0.00144	0.00422	0.00460	0.00507	0.00767
8	0.00978	0.00833	0.00965	0.00698	0.01100	0.00650	0.00558	0.03111	0.03632	0.01544	0.00858	0.00981	0.00707	0.00355	0.00347	0.00073	0.00345	0.00284	0.00283	0.81699
9	0.01859	0.00758	0.01030	0.00828	0.02579	0.00667	0.00662	0.03590	0.01324	0.68309	0.11698	0.01780	0.01523	0.00611	0.00472	0.00142	0.00374	0.00506	0.00552	0.00737
10	0.00583	0.00430	0.00546	0.00595	0.00665	0.00393	0.00417	0.00708	0.01026	0.01377	0.25611	0.48452	0.15004	0.01252	0.00567	0.00170	0.00247	0.01117	0.00449	0.00393
11	0.01337	0.63825	0.02143	0.00847	0.01231	0.03468	0.00800	0.17181	0.01189	0.01457	0.00737	0.00817	0.00630	0.00425	0.00331	0.00106	0.00498	0.00281	0.00252	0.02443
12	0.00643	0.00486	0.00597	0.00589	0.00700	0.00455	0.00434	0.00880	0.05734	0.01619	0.48679	0.17599	0.17773	0.01049	0.00545	0.00154	0.00237	0.00921	0.00475	0.00431
13	0.00632	0.00466	0.00569	0.00567	0.00682	0.00419	0.00423	0.00798	0.01152	0.02931	0.41587	0.15122	0.27614	0.01086	0.00551	0.00156	0.00240	0.04121	0.00467	0.00416
14	0.13667	0.00785	0.00997	0.00780	0.01117	0.00715	0.00642	0.02070	0.01241	0.67799	0.04292	0.01513	0.01156	0.00561	0.00440	0.00142	0.00380	0.00445	0.00527	0.00731
15	0.00599	0.00467	0.00545	0.00539	0.00666	0.00413	0.00407	0.00762	0.01150	0.01505	0.37556	0.07217	0.40825	0.01081	0.00548	0.00154	0.00236	0.04462	0.00461	0.00408
16	0.65512	0.00861	0.00774	0.00658	0.00960	0.00940	0.00542	0.01575	0.00917	0.22187	0.00937	0.00953	0.00660	0.00462	0.00329	0.00142	0.00364	0.00303	0.00356	0.00569
17	0.00741	0.00525	0.00665	0.00681	0.00762	0.00561	0.00492	0.00995	0.10367	0.03162	0.01840	0.32370	0.01930	0.10944	0.21128	0.00341	0.02553	0.00809	0.08700	0.00432
18	0.03469	0.01144	0.13033	0.04293	0.03604	0.03283	0.00907	0.17010	0.03100	0.22325	0.07502	0.05159	0.03078	0.00644	0.00564	0.00150	0.08064	0.01620	0.00398	0.00653
19	0.01462	0.25461	0.06649	0.01047	0.02761	0.26578	0.00894	0.19048	0.08066	0.01608	0.00894	0.00963	0.00711	0.00477	0.00395	0.00122	0.00598	0.00333	0.01300	0.00632
20	0.84503	0.00928	0.00694	0.00621	0.00904	0.03501	0.00509	0.01364	0.00797	0.02031	0.00641	0.00748	0.00500	0.00428	0.00288	0.00141	0.00370	0.00250	0.00283	0.00498
21	0.01163	0.04716	0.10544	0.10816	0.09810	0.03736	0.08386	0.10808	0.05546	0.06268	0.01007	0.02939	0.00800	0.00588	0.02323	0.02330	0.05317	0.00415	0.00290	0.12201
22	0.00589	0.00452	0.00518	0.00532	0.00647	0.00400	0.00390	0.00727	0.01070	0.01394	0.22434	0.20089	0.41893	0.01139	0.00543	0.00158	0.00238	0.02251	0.04138	0.00398
23	0.00736	0.00597	0.00730	0.02672	0.00855	0.00631	0.00545	0.04679	0.04193	0.01427	0.16663	0.10105	0.29179	0.03888	0.04508	0.00200	0.10161	0.05969	0.01818	0.00444
24	0.00583	0.00444	0.00539	0.00581	0.00673	0.00400	0.00422	0.00710	0.01028	0.01336	0.18087	0.35991	0.29969	0.01238	0.00566	0.00169	0.00256	0.06176	0.00441	0.00393
25	0.00883	0.00858	0.02976	0.03347	0.01156	0.01063	0.04433	0.01035	0.02393	0.01144	0.02993	0.07947	0.01089	0.10022	0.10956	0.00283	0.46175	0.00531	0.00247	0.00469
26	0.01626	0.17102	0.01502	0.01110	0.01375	0.67426	0.00869	0.01750	0.01234	0.01116	0.00697	0.00811	0.00591	0.00458	0.00392	0.00115	0.00767	0.00287	0.00229	0.00543
27	0.00577	0.00454	0.00522	0.00542	0.00657	0.00400	0.00399	0.00710	0.01064	0.01358	0.20212	0.21480	0.44527	0.01180	0.00556	0.00162	0.00244	0.04117	0.00443	0.00395
28	0.04937	0.00961	0.03781	0.29138	0.39638	0.00995	0.02802	0.01255	0.00973	0.01382	0.01001	0.09223	0.00900	0.00528	0.00462	0.00148	0.00540	0.00490	0.00241	0.00606
29	0.00889	0.00688	0.00910	0.04716	0.08771	0.00754	0.00668	0.01295	0.19120	0.04590	0.04537	0.07028	0.01520	0.18427	0.19120	0.00347	0.02602	0.03172	0.00339	0.00508
30	0.17866	0.63035	0.03785	0.00769	0.01143	0.02787	0.00749	0.01399	0.00919	0.03188	0.00672	0.00764	0.00584	0.00406	0.00301	0.00109	0.00471	0.00254	0.00223	0.00577
31	0.01037	0.05657	0.35210	0.05624	0.23928	0.01106	0.10376	0.04988	0.01069	0.01521	0.04534	0.01167	0.00819	0.00450	0.00454	0.00142	0.00611	0.00407	0.00235	0.00666
32	0.01008	0.01043	0.14057	0.06077	0.01302	0.00873	0.00826	0.05390	0.27534	0.06549	0.09812	0.08246	0.09514	0.00718	0.00481	0.00150	0.00404	0.01408	0.00400	0.04210
33	0.00670	0.00480	0.00590	0.00608	0.00709	0.00443	0.00441	0.03658	0.01095	0.03700	0.24167	0.36694	0.20961	0.01179	0.00557	0.00165	0.00261	0.02750	0.00453	0.00420
34	0.03612	0.04393	0.00805	0.04045	0.00958	0.00605	0.02105	0.00966	0.03665	0.02340	0.10424	0.15847	0.11367	0.05105	0.00646	0.00192	0.00370	0.31717	0.00401	0.00437
35	0.01218	0.02180	0.10654	0.08457	0.17573	0.02595	0.13975	0.11029	0.13316	0.07975	0.01176	0.02946	0.00914	0.00519	0.00491	0.00148	0.01905	0.01934	0.00321	0.00675
36	0.00652	0.00468	0.00586	0.00641	0.03278	0.00459	0.00406	0.00726	0.00830	0.01111	0.08653	0.19561	0.08543	0.41420	0.06724	0.00341	0.00425	0.04483	0.00343	0.00350
37	0.01100	0.03302	0.06423	0.12043	0.16558	0.11174	0.05793	0.05484	0.07298	0.02656	0.02632	0.01686	0.04440	0.02573	0.05241	0.00189	0.04598	0.05940	0.00287	0.00584
38	0.04725	0.00965	0.01670	0.01295	0.01577	0.00997	0.32437	0.04338	0.04113	0.09126	0.01545	0.05624	0.08844	0.00680	0.00682	0.00166	0.13822	0.06499	0.00322	0.00572
39	0.17784	0.31692	0.09753	0.04670	0.02910	0.01336	0.02769	0.10844	0.03709	0.02625	0.02553	0.00963	0.00721	0.00445	0.00360	0.00123	0.00479	0.00320	0.00272	0.05673

[dist]
# distance from previous block
# <min> <max>
2	15

[block]
# block no. 11 follows, 56 sequences, length 12
# corresponding to MSA columns:
# 501-508,510-513
name=unknown_L
#
# <colnr> <probs for GDERKNQSTAVLIFYWHMCP>
#	G	D	E	R	K	N	Q	S	T	A	V	L	I	F	Y	W	H	M	C	P
0	0.00689	0.00520	0.00620	0.00576	0.00714	0.00483	0.00437	0.05812	0.01281	0.01735	0.53751	0.03566	0.26150	0.00978	0.00537	0.00147	0.00240	0.00844	0.00480	0.00442
1	0.06715	0.01081	0.01088	0.01027	0.05523	0.07987	0.00758	0.09499	0.50488	0.03947	0.01633	0.04443	0.02563	0.00616	0.00455	0.00150	0.00421	0.00501	0.00423	0.00684
2	0.07047	0.03330	0.01202	0.00918	0.01252	0.05320	0.00754	0.39282	0.03686	0.25633	0.01291	0.01242	0.00892	0.00541	0.00435	0.00136	0.00458	0.00410	0.05447	0.00723
3	0.00612	0.00475	0.00549	0.00575	0.00686	0.00430	0.00420	0.03495	0.01058	0.01350	0.12436	0.31484	0.39172	0.01214	0.00558	0.00166	0.00260	0.04220	0.00436	0.00403
4	0.04766	0.01126	0.01218	0.00961	0.01295	0.01231	0.00786	0.53481	0.11990	0.11450	0.01286	0.01255	0.00913	0.00557	0.00446	0.00139	0.00452	0.00427	0.05478	0.00743
5	0.00668	0.00445	0.00501	0.00501	0.00501	0.00445	0.00278	0.00668	0.00668	0.00890	0.01447	0.03004	0.01669	0.83866	0.02337	0.00445	0.00445	0.00668	0.00278	0.00278
6	0.00935	0.00868	0.01457	0.67232	0.02883	0.01036	0.07729	0.06644	0.01017	0.01318	0.00910	0.04306	0.00722	0.00496	0.00471	0.00153	0.00605	0.00453	0.00233	0.00533
7	0.01220	0.04327	0.01108	0.00922	0.01190	0.05847	0.00733	0.15928	0.48633	0.01936	0.01871	0.01882	0.07889	0.00664	0.00469	0.00150	0.00412	0.03704	0.00436	0.00679
8	0.01268	0.77303	0.02314	0.00819	0.01198	0.08510	0.00794	0.01413	0.00964	0.01084	0.00644	0.00744	0.00589	0.00399	0.00305	0.00100	0.00519	0.00250	0.00200	0.00584
9	0.70701	0.08775	0.04839	0.00671	0.00984	0.01111	0.00594	0.01409	0.04593	0.01931	0.00707	0.00802	0.00553	0.00433	0.00301	0.00139	0.00384	0.00266	0.00280	0.00526
10	0.01105	0.01026	0.06276	0.03279	0.08491	0.03127	0.09820	0.05528	0.09808	0.08138	0.04875	0.09100	0.01227	0.00643	0.00614	0.00148	0.11770	0.02567	0.00331	0.12125
11	0.14315	0.01014	0.02887	0.00839	0.01207	0.05569	0.05640	0.11694	0.01139	0.03232	0.04661	0.01081	0.00842	0.00427	0.00378	0.00104	0.00423	0.00337	0.00309	0.43901

[dist]
# distance from previous block
# <min> <max>
0	11

[block]
# block no. 12 follows, 56 sequences, length 16
# corresponding to MSA columns:
# 538-553
name=unknown_M
#
# <colnr> <probs for GDERKNQSTAVLIFYWHMCP>
#	G	D	E	R	K	N	Q	S	T	A	V	L	I	F	Y	W	H	M	C	P
0	0.00935	0.00531	0.00725	0.00749	0.00879	0.00498	0.00598	0.01096	0.01068	0.17248	0.08664	0.30462	0.02611	0.01159	0.00576	0.00184	0.00348	0.30731	0.00459	0.00478
1	0.01459	0.00761	0.00939	0.00784	0.01045	0.00743	0.00620	0.05561	0.18328	0.38786	0.14547	0.04739	0.04138	0.04704	0.00573	0.00162	0.00356	0.00584	0.00508	0.00664
2	0.01527	0.00977	0.01105	0.00901	0.01209	0.01036	0.00727	0.27154	0.26078	0.23329	0.05503	0.01697	0.05384	0.00628	0.00471	0.00146	0.00403	0.00508	0.00491	0.00727
3	0.45131	0.00876	0.00850	0.00714	0.01003	0.00949	0.00579	0.09872	0.06764	0.20530	0.01116	0.01183	0.00820	0.04516	0.00457	0.00156	0.00380	0.00361	0.03145	0.00597
4	0.09906	0.03591	0.01147	0.00906	0.01196	0.05430	0.00734	0.33416	0.13016	0.06456	0.01315	0.04103	0.03497	0.00593	0.00481	0.00139	0.04423	0.00445	0.04398	0.04806
5	0.02908	0.06756	0.04873	0.03063	0.03732	0.09572	0.00832	0.29526	0.04451	0.05587	0.03240	0.02548	0.02477	0.00550	0.00463	0.00129	0.02959	0.02194	0.00358	0.13783
6	0.04382	0.06496	0.02918	0.01010	0.01307	0.13795	0.06556	0.25644	0.07049	0.08634	0.05241	0.03515	0.02133	0.01910	0.02383	0.00158	0.02053	0.01880	0.02304	0.00633
7	0.87108	0.00888	0.00675	0.00604	0.00888	0.01030	0.00497	0.01350	0.00781	0.02060	0.00639	0.00746	0.00497	0.00426	0.00284	0.00142	0.00355	0.00249	0.00284	0.00497
8	0.01130	0.28771	0.01633	0.00971	0.01185	0.06683	0.03113	0.06728	0.04743	0.01342	0.08692	0.01239	0.01052	0.00781	0.05694	0.00180	0.24841	0.00401	0.00266	0.00554
9	0.00581	0.00458	0.00527	0.00549	0.00667	0.00404	0.00410	0.00717	0.01064	0.01352	0.18632	0.19394	0.45351	0.01181	0.00558	0.00163	0.00251	0.06902	0.00441	0.00396
10	0.07154	0.00855	0.00970	0.00805	0.01076	0.00892	0.00646	0.19580	0.15654	0.22206	0.11495	0.01815	0.05251	0.00735	0.03249	0.00163	0.00398	0.00516	0.05884	0.00655
11	0.00624	0.00460	0.00530	0.00550	0.00619	0.00433	0.00372	0.00728	0.02555	0.01168	0.09160	0.18946	0.24476	0.31945	0.01221	0.00271	0.00329	0.04879	0.00378	0.00357
12	0.00768	0.00416	0.00615	0.00615	0.00629	0.00429	0.00420	0.00637	0.00624	0.00845	0.00900	0.01544	0.00899	0.06154	0.14660	0.68434	0.00534	0.00428	0.00211	0.00237
13	0.01360	0.61933	0.02106	0.00893	0.01244	0.23552	0.00813	0.01499	0.01033	0.01092	0.00658	0.00761	0.00590	0.00415	0.00327	0.00104	0.00582	0.00259	0.00207	0.00574
14	0.00559	0.00400	0.00533	0.00639	0.00666	0.00373	0.00426	0.00639	0.00879	0.01172	0.02530	0.83566	0.03036	0.01438	0.00586	0.00186	0.00266	0.01305	0.00426	0.00373
15	0.01216	0.12352	0.45913	0.01197	0.01705	0.23106	0.01323	0.05542	0.01116	0.01392	0.00784	0.00909	0.00595	0.00447	0.00414	0.00132	0.00687	0.00320	0.00219	0.00633

[dist]
# distance from previous block
# <min> <max>
1	13

[block]
# block no. 13 follows, 56 sequences, length 7
# corresponding to MSA columns:
# 567-573
name=unknown_N
#
# <colnr> <probs for GDERKNQSTAVLIFYWHMCP>
#	G	D	E	R	K	N	Q	S	T	A	V	L	I	F	Y	W	H	M	C	P
0	0.17793	0.00951	0.01490	0.30499	0.23592	0.01029	0.09762	0.01303	0.00947	0.01490	0.00807	0.01090	0.00635	0.00423	0.00425	0.00141	0.00543	0.00383	0.00234	0.06465
1	0.00999	0.00995	0.05481	0.37179	0.14393	0.01042	0.08374	0.06044	0.08588	0.01459	0.01136	0.01459	0.03476	0.00521	0.00496	0.00151	0.02629	0.02542	0.02447	0.00590
2	0.00640	0.00500	0.00660	0.04716	0.04386	0.00485	0.00514	0.00825	0.04744	0.01342	0.15453	0.46337	0.15308	0.01181	0.00554	0.00169	0.00287	0.01053	0.00421	0.00424
3	0.00894	0.00791	0.04288	0.00998	0.05847	0.00746	0.09017	0.04437	0.07713	0.05493	0.13736	0.11157	0.18083	0.00889	0.00596	0.00163	0.05817	0.08420	0.00393	0.00525
4	0.24130	0.03179	0.01189	0.00957	0.01217	0.09214	0.05505	0.18962	0.06029	0.05686	0.00957	0.01091	0.00745	0.00729	0.06107	0.00186	0.10576	0.00375	0.02571	0.00594
5	0.00953	0.00922	0.03417	0.01269	0.05454	0.00874	0.28453	0.06626	0.08656	0.01679	0.22229	0.06315	0.04692	0.00703	0.00530	0.00155	0.00491	0.05646	0.00369	0.00566
6	0.00654	0.00528	0.00719	0.00731	0.00835	0.00516	0.04064	0.00797	0.00986	0.01277	0.05976	0.29404	0.25154	0.01211	0.00638	0.00181	0.05348	0.20163	0.00406	0.00411

[dist]
# distance from previous block
# <min> <max>
5	17

[block]
# block no. 14 follows, 56 sequences, length 18
# corresponding to MSA columns:
# 591-600,604-611
name=unknown_O
#
# <colnr> <probs for GDERKNQSTAVLIFYWHMCP>
#	G	D	E	R	K	N	Q	S	T	A	V	L	I	F	Y	W	H	M	C	P
0	0.26420	0.00997	0.05100	0.00811	0.01159	0.00953	0.00698	0.19393	0.01300	0.27350	0.02593	0.01184	0.00867	0.00506	0.00398	0.00135	0.00410	0.00375	0.02432	0.06919
1	0.00627	0.00480	0.00550	0.00537	0.00667	0.00436	0.00401	0.00832	0.04022	0.01539	0.36294	0.08116	0.37178	0.01030	0.00530	0.00150	0.00231	0.00884	0.05075	0.00420
2	0.04481	0.01002	0.01079	0.05285	0.01266	0.06134	0.00742	0.18326	0.22010	0.14913	0.04779	0.03197	0.04319	0.00624	0.00506	0.00145	0.04571	0.00489	0.03839	0.02292
3	0.31193	0.01012	0.01143	0.04204	0.17714	0.03637	0.00834	0.15558	0.05051	0.05624	0.01009	0.01264	0.00811	0.00520	0.00426	0.00145	0.02291	0.04517	0.02431	0.00617
