[name]
unknown

[dist]
# distance from previous block
# <min> <max>
2	229

[block]
# block no. 0 follows, 51 sequences, length 29
# corresponding to MSA columns:
# 267-295
name=unknown_A
#
# <colnr> <probs for GDERKNQSTAVLIFYWHMCP>
#	G	D	E	R	K	N	Q	S	T	A	V	L	I	F	Y	W	H	M	C	P
0	0.13381	0.04584	0.03166	0.09053	0.04158	0.04747	0.07737	0.08765	0.03864	0.06277	0.05937	0.07462	0.04645	0.00871	0.06222	0.00199	0.02863	0.00542	0.01685	0.03842
1	0.09357	0.01034	0.05206	0.08104	0.04142	0.04145	0.00834	0.12201	0.07960	0.16705	0.03565	0.03703	0.01151	0.03684	0.05802	0.00204	0.02792	0.00486	0.05917	0.03008
2	0.05728	0.08628	0.06158	0.06418	0.05810	0.01071	0.05716	0.16336	0.04683	0.08289	0.04471	0.11439	0.02542	0.04130	0.00567	0.00163	0.00491	0.00575	0.00376	0.06406
3	0.09208	0.04050	0.02942	0.03433	0.05124	0.03743	0.09794	0.07905	0.05533	0.11886	0.06377	0.06351	0.03939	0.03812	0.00677	0.00169	0.08781	0.00548	0.00371	0.05358
4	0.06563	0.01083	0.02734	0.06766	0.04889	0.08953	0.04731	0.11670	0.12357	0.12292	0.03592	0.05910	0.05713	0.07372	0.00655	0.00181	0.00504	0.00564	0.02834	0.00638
5	0.03018	0.05644	0.01376	0.24330	0.01895	0.04271	0.03983	0.16185	0.09650	0.05288	0.05091	0.01566	0.03300	0.03408	0.00614	0.02530	0.02350	0.00482	0.00351	0.04666
6	0.04471	0.04031	0.01331	0.16433	0.06601	0.02749	0.03670	0.14715	0.12093	0.03793	0.03460	0.05630	0.02448	0.03655	0.00568	0.00159	0.01786	0.00509	0.00358	0.11540
7	0.02606	0.03964	0.04138	0.03312	0.05631	0.02780	0.06075	0.06953	0.03445	0.12797	0.07945	0.04608	0.16226	0.00753	0.00561	0.00152	0.04566	0.02653	0.02096	0.08738
8	0.01240	0.06747	0.05094	0.02464	0.01226	0.02332	0.00762	0.22722	0.04646	0.06954	0.04676	0.11192	0.07637	0.04288	0.04476	0.00194	0.00493	0.03601	0.00411	0.08843
9	0.01075	0.08691	0.16432	0.06573	0.09080	0.01012	0.02607	0.06905	0.02909	0.05796	0.11965	0.07646	0.06589	0.03666	0.00622	0.00166	0.04356	0.00590	0.00346	0.02973
10	0.02710	0.08452	0.11712	0.07293	0.12051	0.06689	0.02593	0.18456	0.04659	0.06449	0.08832	0.02568	0.01205	0.00571	0.00474	0.00145	0.00551	0.00467	0.00357	0.03766
11	0.01040	0.00689	0.00896	0.04058	0.06610	0.00641	0.00636	0.06094	0.01222	0.13991	0.13292	0.21710	0.17268	0.00969	0.00542	0.00159	0.00351	0.00842	0.00454	0.08536
12	0.00708	0.02218	0.03375	0.00694	0.00762	0.00563	0.00500	0.00828	0.02649	0.01199	0.04764	0.35438	0.05131	0.27828	0.07614	0.00330	0.03665	0.00962	0.00371	0.00402
13	0.01294	0.03024	0.04351	0.04047	0.07759	0.03853	0.12276	0.01591	0.04323	0.15974	0.01223	0.05726	0.00980	0.00532	0.00505	0.00132	0.03444	0.00468	0.00345	0.28153
14	0.01150	0.03369	0.04204	0.12375	0.05951	0.04011	0.03887	0.05514	0.03916	0.05056	0.04792	0.01267	0.00955	0.00464	0.00431	0.00114	0.00480	0.00389	0.00314	0.41359
15	0.01010	0.00903	0.03838	0.05581	0.04069	0.00975	0.03585	0.14917	0.01175	0.01615	0.02814	0.29769	0.04585	0.01112	0.03957	0.00208	0.18160	0.00807	0.00367	0.00554
16	0.01314	0.64480	0.06771	0.00938	0.01352	0.01759	0.03673	0.04215	0.01069	0.03970	0.02997	0.00958	0.00776	0.00468	0.00401	0.00119	0.03534	0.00318	0.00245	0.00643
17	0.01334	0.24801	0.03180	0.00939	0.01261	0.04936	0.00801	0.06113	0.32734	0.08352	0.04705	0.04591	0.01322	0.00682	0.02024	0.00158	0.00476	0.00490	0.00403	0.00699
18	0.00715	0.00476	0.00536	0.00536	0.00536	0.00476	0.00298	0.00715	0.00715	0.00953	0.01548	0.03216	0.01787	0.82729	0.02501	0.00476	0.00476	0.00715	0.00298	0.00298
19	0.02993	0.00914	0.04275	0.00863	0.02968	0.00778	0.00700	0.10468	0.02391	0.20811	0.07347	0.03564	0.07428	0.00736	0.03541	0.00153	0.00432	0.00507	0.02122	0.27009
20	0.01131	0.13138	0.08782	0.33383	0.05240	0.01231	0.03220	0.11016	0.01168	0.01560	0.01000	0.01248	0.02938	0.00507	0.00493	0.00144	0.03349	0.00410	0.00267	0.09775
21	0.00928	0.00873	0.01474	0.81548	0.03385	0.01092	0.01365	0.01256	0.00983	0.01256	0.00873	0.01310	0.00655	0.00491	0.00491	0.00164	0.00655	0.00437	0.00218	0.00546
22	0.01075	0.01075	0.01505	0.01290	0.01290	0.01505	0.01075	0.01183	0.00753	0.01183	0.00645	0.01075	0.00645	0.00860	0.01613	0.00215	0.81830	0.00430	0.00215	0.00538
23	0.00848	0.00860	0.00703	0.00686	0.00856	0.15601	0.00510	0.01021	0.04140	0.01347	0.06437	0.12125	0.50868	0.01106	0.00557	0.00162	0.00378	0.00916	0.00423	0.00458
24	0.72703	0.01019	0.00843	0.00724	0.01042	0.01170	0.00597	0.13702	0.01072	0.02348	0.00764	0.00859	0.00581	0.00478	0.00334	0.00151	0.00406	0.00294	0.00334	0.00581
25	0.03136	0.00893	0.01035	0.00760	0.01174	0.00725	0.00611	0.06967	0.01151	0.09156	0.01166	0.01244	0.04094	0.00443	0.00393	0.00092	0.00378	0.00352	0.00343	0.65887
26	0.13517	0.11848	0.04189	0.20845	0.01835	0.05607	0.00969	0.15344	0.17718	0.01885	0.01109	0.01224	0.00843	0.00532	0.00440	0.00150	0.00537	0.00407	0.00340	0.00663
27	0.04255	0.16057	0.10539	0.04357	0.11518	0.07428	0.00956	0.01523	0.01098	0.09992	0.01098	0.01206	0.03643	0.00474	0.00414	0.00120	0.00518	0.00370	0.00296	0.24138
28	0.03627	0.05817	0.13211	0.05671	0.15963	0.03162	0.08840	0.07963	0.03968	0.12859	0.01152	0.04432	0.00907	0.00560	0.00561	0.00154	0.06393	0.00468	0.00327	0.03966

[dist]
# distance from previous block
# <min> <max>
0	1

[block]
# block no. 1 follows, 51 sequences, length 9
# corresponding to MSA columns:
# 297-305
name=unknown_B
#
# <colnr> <probs for GDERKNQSTAVLIFYWHMCP>
#	G	D	E	R	K	N	Q	S	T	A	V	L	I	F	Y	W	H	M	C	P
0	0.01208	0.19622	0.46936	0.01251	0.01842	0.01318	0.05408	0.06292	0.03506	0.06801	0.00967	0.01074	0.00710	0.00477	0.00444	0.00145	0.00646	0.00372	0.00263	0.00718
1	0.01147	0.01088	0.06609	0.05028	0.08267	0.02752	0.21634	0.03133	0.10352	0.10007	0.09358	0.02193	0.14860	0.00679	0.00537	0.00160	0.00536	0.00635	0.00381	0.00643
2	0.01230	0.05377	0.19706	0.09937	0.11118	0.03140	0.09896	0.07944	0.05319	0.09385	0.08275	0.01580	0.03770	0.00568	0.00497	0.00153	0.00584	0.00498	0.00335	0.00686
3	0.01265	0.07166	0.19274	0.01603	0.19059	0.01143	0.07957	0.08459	0.02976	0.10593	0.01171	0.05226	0.00949	0.00788	0.06378	0.00201	0.04290	0.00484	0.00314	0.00704
4	0.00819	0.00621	0.00945	0.00990	0.01131	0.00615	0.06399	0.01059	0.01133	0.01478	0.02485	0.05237	0.02677	0.01289	0.00672	0.00222	0.00480	0.70844	0.00438	0.00468
5	0.00872	0.00502	0.00661	0.00696	0.00794	0.00458	0.00493	0.00991	0.01058	0.13874	0.08399	0.58316	0.05542	0.01309	0.00591	0.00185	0.00299	0.01172	0.03313	0.00476
6	0.05109	0.10999	0.09883	0.04849	0.22974	0.03457	0.11910	0.14955	0.03109	0.06622	0.01016	0.01175	0.00775	0.00482	0.00470	0.00146	0.00605	0.00426	0.00310	0.00728
7	0.01251	0.00842	0.02506	0.00920	0.02859	0.00831	0.03563	0.06058	0.20987	0.18788	0.13632	0.07649	0.04463	0.09797	0.03417	0.00217	0.00436	0.00669	0.00474	0.00640
8	0.00691	0.00479	0.00581	0.00648	0.00724	0.00459	0.00457	0.00877	0.04780	0.01426	0.04823	0.51254	0.11246	0.01281	0.00569	0.00180	0.00282	0.04110	0.14701	0.00433

[dist]
# distance from previous block
# <min> <max>
3	5

[block]
# block no. 2 follows, 51 sequences, length 17
# corresponding to MSA columns:
# 312-328
name=unknown_C
#
# <colnr> <probs for GDERKNQSTAVLIFYWHMCP>
#	G	D	E	R	K	N	Q	S	T	A	V	L	I	F	Y	W	H	M	C	P
0	0.03903	0.15329	0.06288	0.01140	0.03661	0.05924	0.00970	0.46194	0.06431	0.02409	0.01074	0.01117	0.00804	0.00551	0.00473	0.00142	0.02031	0.00402	0.00397	0.00761
1	0.00671	0.00510	0.00621	0.00682	0.00772	0.00487	0.00494	0.00879	0.06577	0.01379	0.07074	0.43571	0.20151	0.04219	0.00677	0.00200	0.00308	0.09834	0.00458	0.00436
2	0.01305	0.51117	0.23556	0.01025	0.01517	0.05957	0.01110	0.03505	0.01081	0.04695	0.00808	0.00909	0.00659	0.00450	0.00376	0.00123	0.00596	0.00308	0.00236	0.00667
3	0.02917	0.10422	0.38947	0.01291	0.01854	0.01183	0.11371	0.07289	0.01212	0.17246	0.01104	0.01181	0.00772	0.00492	0.00470	0.00150	0.00637	0.00411	0.00315	0.00734
4	0.00653	0.00454	0.00571	0.00643	0.00667	0.00438	0.00419	0.00716	0.00870	0.01157	0.02277	0.48702	0.02688	0.31260	0.01317	0.00303	0.00365	0.05737	0.00398	0.00365
5	0.00691	0.00555	0.00627	0.00625	0.00771	0.00521	0.00470	0.00982	0.09768	0.01559	0.22050	0.14015	0.39718	0.01166	0.00582	0.00170	0.00274	0.04509	0.00481	0.00467
6	0.08794	0.23318	0.15698	0.02607	0.05186	0.12221	0.04050	0.07086	0.02393	0.12844	0.00991	0.01068	0.00745	0.00488	0.00421	0.00137	0.00598	0.00362	0.00308	0.00684
7	0.01330	0.12782	0.08792	0.05002	0.19662	0.04396	0.15128	0.03054	0.06800	0.12348	0.01201	0.05262	0.00963	0.00536	0.00485	0.00150	0.00595	0.00491	0.00320	0.00704
8	0.01150	0.00917	0.00979	0.00881	0.01110	0.04418	0.00680	0.03656	0.42726	0.07217	0.25035	0.05127	0.02425	0.00785	0.00525	0.00161	0.00365	0.00667	0.00507	0.00667
9	0.00652	0.00494	0.00601	0.00588	0.00711	0.00443	0.00436	0.00838	0.01267	0.01710	0.49808	0.11278	0.27129	0.01127	0.00584	0.00162	0.00242	0.00981	0.00508	0.00443
10	0.01069	0.00903	0.01046	0.00752	0.01186	0.00707	0.00603	0.05781	0.01095	0.01690	0.00892	0.01029	0.00734	0.00377	0.00371	0.00077	0.00374	0.00300	0.00303	0.80710
11	0.01486	0.03635	0.13211	0.03086	0.16541	0.04581	0.07369	0.11724	0.01314	0.19424	0.01156	0.01248	0.00836	0.00511	0.00519	0.00145	0.03685	0.00427	0.00356	0.08747
12	0.01641	0.14397	0.03920	0.01211	0.05103	0.16451	0.03561	0.31284	0.03194	0.07522	0.01115	0.01301	0.00876	0.00573	0.00490	0.00143	0.02410	0.03717	0.00375	0.00717
13	0.00598	0.00498	0.00521	0.00515	0.00674	0.00422	0.00387	0.00738	0.01160	0.01422	0.15855	0.04575	0.68530	0.01210	0.00581	0.00164	0.00246	0.01015	0.00469	0.00422
14	0.00898	0.00803	0.01349	0.46642	0.07967	0.00910	0.06241	0.01163	0.01014	0.02811	0.02966	0.20447	0.03243	0.00758	0.00533	0.00171	0.00553	0.00696	0.00297	0.00537
15	0.01054	0.00730	0.00877	0.03265	0.03756	0.02111	0.00629	0.12731	0.04198	0.10250	0.05256	0.32416	0.13066	0.05138	0.00661	0.00189	0.00380	0.02287	0.00457	0.00549
16	0.05189	0.06716	0.10081	0.07939	0.16215	0.10871	0.10136	0.07359	0.02797	0.12220	0.01052	0.01192	0.00785	0.00486	0.00467	0.00144	0.00617	0.00416	0.00315	0.05002

[dist]
# distance from previous block
# <min> <max>
9	24

[block]
# block no. 3 follows, 51 sequences, length 10
# corresponding to MSA columns:
# 376-385
name=unknown_D
#
# <colnr> <probs for GDERKNQSTAVLIFYWHMCP>
#	G	D	E	R	K	N	Q	S	T	A	V	L	I	F	Y	W	H	M	C	P
0	0.09979	0.06153	0.01199	0.00925	0.01222	0.04009	0.04131	0.16430	0.24456	0.04093	0.01442	0.04291	0.01134	0.00598	0.00442	0.00144	0.00435	0.00478	0.13443	0.04996
1	0.00986	0.02542	0.80183	0.01401	0.02127	0.01141	0.01816	0.01556	0.01038	0.01556	0.00882	0.01038	0.00623	0.00467	0.00467	0.00156	0.00726	0.00363	0.00208	0.00726
2	0.01537	0.01281	0.01387	0.05354	0.01523	0.11825	0.04761	0.34757	0.06313	0.06012	0.01183	0.03857	0.00936	0.00818	0.04668	0.03987	0.06082	0.00471	0.00391	0.02856
3	0.01107	0.11349	0.45878	0.01521	0.06874	0.01217	0.16269	0.01557	0.01087	0.04439	0.03549	0.01187	0.00813	0.00473	0.00477	0.00151	0.00686	0.00421	0.00244	0.00702
4	0.00712	0.00499	0.00616	0.00665	0.00760	0.00465	0.00496	0.00842	0.01037	0.03604	0.06634	0.26926	0.22249	0.11911	0.00858	0.00228	0.00339	0.18213	0.02528	0.00419
5	0.03540	0.00611	0.00734	0.03302	0.00930	0.00610	0.00557	0.06424	0.04340	0.05663	0.02905	0.39920	0.21025	0.01225	0.00603	0.00183	0.02087	0.04404	0.00451	0.00487
6	0.03444	0.06108	0.20259	0.08058	0.17290	0.02663	0.07180	0.07067	0.04930	0.11099	0.01199	0.06438	0.00962	0.00561	0.00485	0.00154	0.00588	0.00489	0.00321	0.00706
7	0.00991	0.01132	0.10652	0.29331	0.03585	0.05027	0.01123	0.03311	0.05575	0.01380	0.01405	0.08681	0.07246	0.00809	0.02945	0.00190	0.15202	0.00563	0.00284	0.00567
8	0.00917	0.00535	0.00688	0.00699	0.00826	0.00487	0.00518	0.01046	0.01086	0.15326	0.07072	0.36644	0.15637	0.06546	0.00721	0.00204	0.00332	0.09756	0.00477	0.00483
9	0.01104	0.04672	0.14984	0.17812	0.21180	0.03334	0.12544	0.04152	0.01098	0.01505	0.02518	0.03315	0.00863	0.00634	0.03384	0.00180	0.05345	0.00472	0.00251	0.00655

[dist]
# distance from previous block
# <min> <max>
6	8

[block]
# block no. 4 follows, 51 sequences, length 84
# corresponding to MSA columns:
# 396-479
name=unknown_E
#
# <colnr> <probs for GDERKNQSTAVLIFYWHMCP>
#	G	D	E	R	K	N	Q	S	T	A	V	L	I	F	Y	W	H	M	C	P
0	0.00885	0.02554	0.00815	0.00732	0.02653	0.00626	0.00549	0.06683	0.02814	0.05374	0.18939	0.12936	0.26056	0.01060	0.02476	0.00170	0.00342	0.03185	0.00450	0.10701
1	0.07187	0.00597	0.00764	0.02185	0.02776	0.02003	0.00538	0.00986	0.00893	0.07299	0.09634	0.07566	0.01612	0.10827	0.12938	0.27262	0.00543	0.01939	0.00326	0.02125
2	0.01108	0.01010	0.01677	0.42606	0.35490	0.01118	0.01383	0.03453	0.01087	0.03358	0.00929	0.01270	0.00727	0.00472	0.00487	0.00154	0.00610	0.00436	0.00247	0.02380
3	0.01788	0.01377	0.01406	0.01102	0.01474	0.06689	0.00900	0.62926	0.07454	0.04319	0.01224	0.01224	0.00881	0.00584	0.00483	0.00145	0.00540	0.00440	0.02190	0.02853
4	0.00714	0.00536	0.00772	0.00762	0.00830	0.00599	0.02028	0.00844	0.00794	0.01120	0.01478	0.09931	0.01522	0.20845	0.52056	0.00636	0.03185	0.00650	0.00288	0.00411
5	0.00581	0.00498	0.00498	0.00498	0.00664	0.00415	0.00373	0.00705	0.01120	0.01328	0.04978	0.04729	0.79464	0.01245	0.00581	0.00166	0.00249	0.01037	0.00456	0.00415
6	0.86201	0.00950	0.00722	0.00646	0.00950	0.01102	0.00532	0.01445	0.00836	0.02205	0.00684	0.00798	0.00532	0.00456	0.00304	0.00152	0.00380	0.00266	0.00304	0.00532
7	0.00948	0.00673	0.00990	0.01065	0.06372	0.00665	0.05337	0.01229	0.04315	0.06376	0.02291	0.06669	0.03765	0.01101	0.00609	0.00199	0.00450	0.48604	0.07824	0.00522
8	0.86201	0.00950	0.00722	0.00646	0.00950	0.01102	0.00532	0.01445	0.00836	0.02205	0.00684	0.00798	0.00532	0.00456	0.00304	0.00152	0.00380	0.00266	0.00304	0.00532
9	0.00702	0.00527	0.00790	0.00790	0.00878	0.00614	0.00614	0.00878	0.00790	0.01141	0.01316	0.01931	0.01229	0.03686	0.80782	0.00790	0.01316	0.00527	0.00263	0.00439
10	0.00967	0.00695	0.00999	0.00912	0.01041	0.00812	0.02248	0.03159	0.04115	0.09182	0.01303	0.01749	0.01137	0.02708	0.54570	0.00590	0.12477	0.00510	0.00307	0.00521
11	0.24555	0.09702	0.01313	0.01030	0.01326	0.45712	0.00810	0.04114	0.01217	0.01545	0.00750	0.00868	0.00616	0.00481	0.00391	0.00130	0.00682	0.00301	0.00272	0.04187
12	0.01194	0.00833	0.00896	0.00808	0.01039	0.00916	0.00628	0.02081	0.45353	0.08716	0.04444	0.01880	0.01505	0.00644	0.00454	0.00149	0.00337	0.00531	0.26921	0.00673
13	0.00968	0.00823	0.00983	0.05001	0.05195	0.04031	0.00717	0.12246	0.01211	0.01596	0.07902	0.13594	0.22144	0.01154	0.05498	0.02160	0.11600	0.00761	0.01892	0.00524
14	0.00766	0.00586	0.00715	0.00682	0.00823	0.00577	0.00518	0.01159	0.13195	0.01874	0.54266	0.07268	0.10353	0.01014	0.00574	0.00163	0.00270	0.04174	0.00520	0.00504
15	0.01019	0.00873	0.01019	0.00728	0.01165	0.00655	0.00582	0.01237	0.01019	0.01601	0.00873	0.01019	0.00728	0.00364	0.00364	0.00073	0.00364	0.00291	0.00291	0.85734
16	0.02677	0.01200	0.09963	0.02996	0.03530	0.03564	0.09903	0.04742	0.05542	0.05875	0.01053	0.03691	0.00857	0.00517	0.00557	0.00130	0.08382	0.00421	0.00309	0.34092
17	0.00994	0.00685	0.00824	0.00733	0.00931	0.00679	0.00565	0.01494	0.19650	0.09532	0.45935	0.02816	0.03203	0.00832	0.00531	0.00151	0.00294	0.00720	0.04011	0.05421
18	0.00585	0.00498	0.00503	0.00502	0.00666	0.00417	0.00377	0.00713	0.01130	0.01350	0.07586	0.04692	0.76843	0.01236	0.00581	0.00166	0.00248	0.01032	0.00459	0.00417
19	0.00917	0.00763	0.01263	0.03325	0.11376	0.00736	0.14447	0.04149	0.01125	0.04738	0.07430	0.36726	0.06077	0.01035	0.00583	0.00178	0.00446	0.03745	0.00399	0.00542
20	0.00943	0.00883	0.01456	0.77518	0.03279	0.01098	0.01335	0.01323	0.04875	0.01296	0.00930	0.01336	0.00697	0.00500	0.00492	0.00164	0.00642	0.00443	0.00232	0.00558
21	0.03998	0.02306	0.01375	0.01250	0.01505	0.78715	0.00939	0.01949	0.01378	0.01228	0.00758	0.00884	0.00630	0.00505	0.00440	0.00127	0.00873	0.00315	0.00255	0.00569
22	0.00640	0.00489	0.00591	0.00619	0.00732	0.00441	0.00463	0.00796	0.01156	0.01510	0.25600	0.23227	0.31655	0.01258	0.00602	0.00177	0.00274	0.08860	0.00480	0.00429
23	0.00651	0.00458	0.00597	0.00689	0.00724	0.00440	0.00476	0.00741	0.00925	0.01228	0.02464	0.55113	0.02898	0.17498	0.01004	0.00258	0.00348	0.12676	0.00424	0.00387
24	0.00997	0.02462	0.75097	0.01445	0.02156	0.01148	0.06822	0.01557	0.01046	0.01557	0.00889	0.01056	0.00631	0.00463	0.00474	0.00156	0.00733	0.00377	0.00210	0.00722
25	0.01840	0.02225	0.01403	0.01250	0.01520	0.71135	0.00948	0.11199	0.01504	0.01433	0.00811	0.00922	0.00658	0.00517	0.00449	0.00129	0.00844	0.00332	0.00282	0.00602
26	0.01157	0.00886	0.01037	0.00756	0.01175	0.00705	0.00608	0.06079	0.01137	0.08501	0.01149	0.01234	0.03917	0.00434	0.00392	0.00088	0.00375	0.00348	0.00338	0.69683
27	0.46167	0.01035	0.07292	0.00816	0.01180	0.00959	0.02171	0.01781	0.01064	0.29886	0.01192	0.02665	0.00839	0.00531	0.00396	0.00153	0.00428	0.00382	0.00407	0.00656
28	0.00854	0.00427	0.00640	0.00640	0.00640	0.00427	0.00427	0.00640	0.00640	0.00854	0.00854	0.01494	0.00854	0.01707	0.01921	0.85702	0.00427	0.00427	0.00213	0.00213
29	0.00802	0.00624	0.00810	0.00778	0.00916	0.00691	0.00604	0.04433	0.10794	0.01441	0.08964	0.02405	0.11661	0.02611	0.49515	0.00545	0.00929	0.00625	0.00353	0.00498
30	0.01248	0.01068	0.01126	0.01005	0.01288	0.01234	0.00784	0.05619	0.75726	0.02097	0.01967	0.01807	0.01474	0.00664	0.00500	0.00166	0.00395	0.00551	0.00500	0.00780
31	0.01401	0.01302	0.02315	0.01679	0.02138	0.01281	0.48128	0.24729	0.01509	0.04549	0.01074	0.01277	0.00787	0.00471	0.00539	0.00155	0.00704	0.00521	0.00336	0.05105
32	0.00702	0.00527	0.00790	0.00790	0.00878	0.00614	0.00614	0.00878	0.00790	0.01141	0.01316	0.01931	0.01229	0.03686	0.80782	0.00790	0.01316	0.00527	0.00263	0.00439
33	0.01222	0.01056	0.01111	0.01000	0.01278	0.01222	0.00778	0.02611	0.78776	0.02056	0.02000	0.01833	0.01500	0.00667	0.00500	0.00167	0.00389	0.00556	0.00500	0.00778
34	0.01019	0.00873	0.01019	0.00728	0.01165	0.00655	0.00582	0.01237	0.01019	0.01601	0.00873	0.01019	0.00728	0.00364	0.00364	0.00073	0.00364	0.00291	0.00291	0.85734
35	0.00702	0.00527	0.00790	0.00790	0.00878	0.00614	0.00614	0.00878	0.00790	0.01141	0.01316	0.01931	0.01229	0.03686	0.80782	0.00790	0.01316	0.00527	0.00263	0.00439
36	0.01183	0.01327	0.02854	0.02041	0.02535	0.01252	0.75414	0.04023	0.01197	0.01623	0.01000	0.01321	0.00749	0.00420	0.00577	0.00165	0.00819	0.00576	0.00256	0.00668
37	0.01465	0.00859	0.01065	0.00783	0.01198	0.00680	0.00635	0.01673	0.01165	0.31110	0.01274	0.01265	0.00912	0.00456	0.00413	0.00103	0.00384	0.00368	0.00410	0.53781
38	0.00986	0.02542	0.80183	0.01401	0.02127	0.01141	0.01816	0.01556	0.01038	0.01556	0.00882	0.01038	0.00623	0.00467	0.00467	0.00156	0.00726	0.00363	0.00208	0.00726
39	0.00624	0.00520	0.00612	0.00586	0.00742	0.00450	0.02880	0.00776	0.01162	0.01458	0.19524	0.10121	0.56418	0.01192	0.00584	0.00166	0.00267	0.01019	0.00467	0.00431
40	0.01957	0.01233	0.01386	0.01063	0.01453	0.01312	0.00878	0.57993	0.02071	0.23468	0.01381	0.01310	0.00937	0.00595	0.00492	0.00149	0.00508	0.00456	0.00522	0.00836
41	0.01160	0.01326	0.02900	0.02071	0.02568	0.01243	0.77879	0.01574	0.01160	0.01574	0.00994	0.01326	0.00746	0.00414	0.00580	0.00166	0.00829	0.00580	0.00249	0.00663
42	0.86201	0.00950	0.00722	0.00646	0.00950	0.01102	0.00532	0.01445	0.00836	0.02205	0.00684	0.00798	0.00532	0.00456	0.00304	0.00152	0.00380	0.00266	0.00304	0.00532
43	0.00928	0.00873	0.01474	0.81548	0.03385	0.01092	0.01365	0.01256	0.00983	0.01256	0.00873	0.01310	0.00655	0.00491	0.00491	0.00164	0.00655	0.00437	0.00218	0.00546
44	0.00599	0.00428	0.00570	0.00684	0.00713	0.00399	0.00456	0.00684	0.00941	0.01254	0.02709	0.82409	0.03250	0.01540	0.00627	0.00200	0.00285	0.01397	0.00456	0.00399
45	0.01018	0.02463	0.74014	0.01400	0.02096	0.03107	0.03499	0.01600	0.03471	0.01564	0.00916	0.01065	0.00653	0.00473	0.00470	0.00155	0.00722	0.00373	0.00219	0.00723
46	0.04512	0.01359	0.01433	0.01106	0.01493	0.03280	0.00911	0.70171	0.02199	0.06820	0.01192	0.01186	0.00840	0.00585	0.00485	0.00147	0.00538	0.00437	0.00486	0.00820
47	0.00605	0.00432	0.00578	0.00692	0.00723	0.00405	0.00467	0.00695	0.00947	0.01262	0.02705	0.79854	0.03236	0.01534	0.00629	0.00200	0.00291	0.03888	0.00456	0.00401
48	0.00613	0.00445	0.00576	0.00672	0.00721	0.00413	0.00462	0.00712	0.00977	0.01287	0.05085	0.66434	0.10938	0.03298	0.00666	0.00203	0.00293	0.05347	0.00455	0.00403
49	0.01805	0.02293	0.01373	0.01249	0.01498	0.78599	0.00936	0.01935	0.01393	0.01223	0.02873	0.00961	0.00741	0.00520	0.00447	0.00127	0.00869	0.00332	0.00261	0.00567
50	0.00708	0.00504	0.00676	0.00676	0.00724	0.00552	0.00472	0.00804	0.00756	0.01056	0.01421	0.02508	0.01479	0.39212	0.45598	0.00649	0.00939	0.00611	0.00279	0.00375
51	0.01160	0.01326	0.02900	0.02071	0.02568	0.01243	0.77879	0.01574	0.01160	0.01574	0.00994	0.01326	0.00746	0.00414	0.00580	0.00166	0.00829	0.00580	0.00249	0.00663
52	0.01222	0.01056	0.01111	0.01000	0.01278	0.01222	0.00778	0.02611	0.78776	0.02056	0.02000	0.01833	0.01500	0.00667	0.00500	0.00167	0.00389	0.00556	0.00500	0.00778
53	0.00763	0.00545	0.00757	0.00859	0.00963	0.00539	0.00730	0.00973	0.01127	0.01480	0.07926	0.14438	0.03003	0.01355	0.00666	0.00218	0.00418	0.62337	0.00459	0.00447
54	0.00742	0.00540	0.00639	0.00603	0.00752	0.00497	0.00456	0.01001	0.05509	0.04261	0.46017	0.03795	0.28646	0.01038	0.00566	0.00158	0.00252	0.00893	0.03159	0.00477
55	0.03062	0.00977	0.01136	0.00949	0.02780	0.01024	0.02537	0.26175	0.14354	0.19161	0.03470	0.01683	0.03704	0.00624	0.00470	0.00147	0.00420	0.00505	0.16099	0.00724
56	0.01366	0.67230	0.07350	0.00914	0.01351	0.01839	0.00915	0.11503	0.01173	0.01436	0.00761	0.00855	0.00657	0.00446	0.00348	0.00114	0.00540	0.00293	0.00247	0.00664
57	0.00624	0.00456	0.00593	0.00690	0.00748	0.00425	0.00491	0.00736	0.00996	0.01305	0.04273	0.61254	0.12500	0.01470	0.00628	0.00198	0.00302	0.11443	0.00457	0.00409
58	0.01222	0.01056	0.01111	0.01000	0.01278	0.01222	0.00778	0.02611	0.78776	0.02056	0.02000	0.01833	0.01500	0.00667	0.00500	0.00167	0.00389	0.00556	0.00500	0.00778
59	0.73277	0.00933	0.00787	0.00681	0.00997	0.01044	0.00561	0.01591	0.00924	0.14176	0.00877	0.00933	0.00637	0.00480	0.00333	0.00152	0.00386	0.00301	0.00351	0.00579
60	0.00638	0.00456	0.00616	0.00730	0.00776	0.00433	0.00525	0.00753	0.00980	0.01299	0.02687	0.66586	0.03163	0.01502	0.00638	0.00205	0.00320	0.16827	0.00455	0.00410
61	0.01291	0.28991	0.03152	0.00821	0.01250	0.01170	0.00732	0.06645	0.01137	0.09111	0.00932	0.01015	0.00747	0.00424	0.00371	0.00098	0.00443	0.00313	0.00306	0.41051
62	0.00690	0.00539	0.00644	0.02448	0.00833	0.00506	0.00517	0.00904	0.04241	0.01491	0.19060	0.08049	0.35464	0.05715	0.00705	0.00195	0.00317	0.16777	0.00460	0.00443
63	0.02073	0.00994	0.01232	0.00950	0.01330	0.00964	0.00783	0.23321	0.04742	0.55625	0.01731	0.01543	0.01122	0.00606	0.00494	0.00151	0.00451	0.00482	0.00572	0.00834
64	0.01836	0.02342	0.01393	0.01266	0.01519	0.80756	0.00950	0.01962	0.01393	0.01203	0.00760	0.00886	0.00633	0.00506	0.00443	0.00127	0.00886	0.00317	0.00253	0.00570
65	0.02182	0.00873	0.01163	0.00892	0.01273	0.00777	0.00737	0.07549	0.01468	0.74763	0.01887	0.01639	0.01191	0.00607	0.00494	0.00152	0.00427	0.00491	0.00600	0.00836
66	0.01868	0.01376	0.01475	0.01131	0.01524	0.01524	0.00934	0.78025	0.02311	0.03097	0.01180	0.01180	0.00836	0.00590	0.00492	0.00147	0.00541	0.00442	0.00492	0.00836
67	0.00606	0.00433	0.00576	0.00680	0.00714	0.00404	0.00457	0.00701	0.00972	0.01305	0.08076	0.76898	0.03347	0.01502	0.00624	0.00196	0.00281	0.01361	0.00462	0.00404
68	0.00599	0.00428	0.00570	0.00684	0.00713	0.00399	0.00456	0.00684	0.00941	0.01254	0.02709	0.82409	0.03250	0.01540	0.00627	0.00200	0.00285	0.01397	0.00456	0.00399
69	0.01314	0.83025	0.02575	0.00841	0.01261	0.01945	0.00841	0.01472	0.00999	0.01156	0.00683	0.00788	0.00631	0.00420	0.00315	0.00105	0.00526	0.00263	0.00210	0.00631
70	0.00986	0.02542	0.80183	0.01401	0.02127	0.01141	0.01816	0.01556	0.01038	0.01556	0.00882	0.01038	0.00623	0.00467	0.00467	0.00156	0.00726	0.00363	0.00208	0.00726
71	0.53210	0.00928	0.00895	0.00740	0.01077	0.00982	0.00610	0.04668	0.01081	0.26947	0.01109	0.01099	0.00768	0.00506	0.00374	0.00149	0.00398	0.00346	0.00407	0.03707
72	0.01222	0.01056	0.01111	0.01000	0.01278	0.01222	0.00778	0.02611	0.78776	0.02056	0.02000	0.01833	0.01500	0.00667	0.00500	0.00167	0.00389	0.00556	0.00500	0.00778
73	0.02205	0.00836	0.01140	0.00874	0.01254	0.00722	0.00722	0.02395	0.01407	0.80004	0.01939	0.01673	0.01216	0.00608	0.00494	0.00152	0.00418	0.00494	0.00608	0.00836
74	0.02184	0.00870	0.01161	0.00890	0.01271	0.00772	0.00735	0.07100	0.01463	0.75219	0.01892	0.01642	0.01193	0.00607	0.00494	0.00152	0.00426	0.00491	0.00601	0.00836
75	0.08951	0.00845	0.01107	0.00856	0.01230	0.00753	0.00707	0.02319	0.01361	0.73755	0.01838	0.01602	0.01162	0.00596	0.00479	0.00152	0.00415	0.00476	0.00584	0.00812
76	0.00986	0.02542	0.80183	0.01401	0.02127	0.01141	0.01816	0.01556	0.01038	0.01556	0.00882	0.01038	0.00623	0.00467	0.00467	0.00156	0.00726	0.00363	0.00208	0.00726
77	0.04591	0.00840	0.01129	0.00868	0.01246	0.00733	0.00717	0.02368	0.01390	0.77794	0.01903	0.01648	0.01197	0.00604	0.00489	0.00152	0.00417	0.00488	0.00600	0.00828
78	0.00776	0.00554	0.00772	0.00875	0.00984	0.00550	0.00754	0.00995	0.01138	0.01491	0.07447	0.09468	0.02964	0.01345	0.00670	0.00220	0.00430	0.67658	0.00458	0.00450
79	0.09090	0.00949	0.01234	0.01004	0.01310	0.00980	0.10199	0.10489	0.20785	0.19470	0.06505	0.06877	0.03031	0.00678	0.00496	0.00158	0.00438	0.00585	0.05027	0.00693
80	0.00667	0.00479	0.00648	0.00759	0.00821	0.00459	0.00574	0.00804	0.01013	0.01334	0.02724	0.53080	0.04890	0.01468	0.00645	0.00208	0.00344	0.28210	0.00455	0.00419
81	0.01415	0.00794	0.00882	0.00733	0.00976	0.00815	0.00587	0.23737	0.01482	0.16082	0.04125	0.01675	0.01241	0.00598	0.00421	0.00132	0.00353	0.00474	0.42841	0.00635
82	0.03004	0.00886	0.00969	0.00946	0.03453	0.09828	0.00704	0.04389	0.03464	0.05885	0.03347	0.07992	0.04331	0.14101	0.11393	0.03427	0.10837	0.10200	0.00347	0.00497
83	0.10243	0.01246	0.01332	0.32700	0.03642	0.20430	0.02403	0.01645	0.02968	0.12884	0.03236	0.01279	0.00856	0.00534	0.00492	0.00153	0.02631	0.00416	0.00309	0.00602

[dist]
# distance from previous block
# <min> <max>
1	8

[block]
# block no. 5 follows, 51 sequences, length 28
# corresponding to MSA columns:
# 488-515
name=unknown_F
#
# <colnr> <probs for GDERKNQSTAVLIFYWHMCP>
#	G	D	E	R	K	N	Q	S	T	A	V	L	I	F	Y	W	H	M	C	P
0	0.10404	0.03181	0.01575	0.17042	0.15140	0.19124	0.07268	0.03466	0.12099	0.01674	0.03352	0.01373	0.00974	0.00565	0.00499	0.00163	0.00648	0.00453	0.00323	0.00676
1	0.03585	0.02752	0.01716	0.04555	0.49777	0.06059	0.01243	0.04453	0.01180	0.09257	0.01023	0.01262	0.00822	0.00481	0.00493	0.00142	0.02221	0.01425	0.00295	0.07260
2	0.11141	0.01068	0.01540	0.39376	0.27613	0.06049	0.01270	0.01435	0.01047	0.03682	0.00890	0.01203	0.00695	0.00474	0.00465	0.00154	0.00607	0.00411	0.00250	0.00629
3	0.01226	0.01196	0.01676	0.12456	0.47168	0.09601	0.01278	0.05477	0.03041	0.01580	0.01090	0.06865	0.00971	0.00555	0.00493	0.00150	0.00591	0.01780	0.00280	0.02525
4	0.01133	0.00997	0.01379	0.11491	0.27198	0.01081	0.01043	0.03292	0.30751	0.03068	0.03782	0.04027	0.07324	0.00645	0.00506	0.00159	0.00471	0.00568	0.00379	0.00705
5	0.00707	0.00488	0.00594	0.00604	0.00632	0.00500	0.00387	0.00757	0.00770	0.01035	0.01716	0.06320	0.04406	0.58609	0.16577	0.00501	0.00613	0.04137	0.00310	0.00339
6	0.00665	0.00483	0.00637	0.00659	0.00730	0.00480	0.00469	0.00803	0.01008	0.01386	0.23339	0.25659	0.07886	0.13092	0.20042	0.00364	0.00541	0.00932	0.00411	0.00413
7	0.00676	0.00494	0.00620	0.00607	0.00722	0.00451	0.00452	0.00875	0.01286	0.01780	0.55784	0.11749	0.16398	0.01092	0.00580	0.00161	0.00245	0.02605	0.02971	0.00449
8	0.01608	0.46612	0.02038	0.00934	0.01340	0.01644	0.00852	0.24827	0.01454	0.12915	0.01012	0.01032	0.00776	0.00498	0.00394	0.00125	0.00515	0.00350	0.00352	0.00722
9	0.01349	0.03840	0.15010	0.08739	0.07115	0.09734	0.04379	0.16807	0.01329	0.06061	0.02826	0.01237	0.01811	0.00561	0.00607	0.00150	0.10283	0.00422	0.00315	0.07423
10	0.04524	0.03295	0.01498	0.20484	0.18338	0.17700	0.04326	0.07790	0.01207	0.03503	0.01107	0.09113	0.00994	0.03359	0.00553	0.00163	0.00624	0.00512	0.00294	0.00615
11	0.00789	0.00472	0.00537	0.00549	0.00656	0.00452	0.00409	0.00990	0.01111	0.01726	0.19688	0.13911	0.08633	0.00895	0.00471	0.00145	0.00249	0.04163	0.43706	0.00447
12	0.01123	0.01106	0.01368	0.01192	0.01229	0.08566	0.00969	0.01228	0.00834	0.03249	0.00844	0.04338	0.00847	0.06077	0.03738	0.00237	0.61806	0.00479	0.00245	0.00525
13	0.01025	0.00893	0.01102	0.00787	0.01226	0.00681	0.03978	0.01252	0.01025	0.01600	0.00879	0.01033	0.00729	0.00366	0.00373	0.00077	0.00384	0.00304	0.00289	0.81996
14	0.01160	0.01312	0.02720	0.01972	0.02430	0.03473	0.69886	0.01548	0.01153	0.01547	0.01050	0.01496	0.00834	0.00473	0.00612	0.00169	0.03270	0.03992	0.00257	0.00647
15	0.01311	0.01134	0.01142	0.01016	0.01300	0.05737	0.00792	0.05400	0.69203	0.04369	0.01897	0.01750	0.01417	0.00653	0.00496	0.00163	0.00424	0.00536	0.00489	0.00770
16	0.00630	0.00522	0.00618	0.02929	0.04227	0.00467	0.00476	0.00766	0.01093	0.01365	0.09217	0.22350	0.51113	0.01240	0.00585	0.00172	0.00282	0.01067	0.00446	0.00434
17	0.01885	0.13591	0.05902	0.01053	0.04904	0.03685	0.00882	0.15402	0.01469	0.44039	0.01471	0.01370	0.00989	0.00558	0.00463	0.00143	0.00496	0.00434	0.00477	0.00788
18	0.00696	0.00497	0.00633	0.00604	0.00720	0.00458	0.00451	0.00916	0.01340	0.01898	0.67924	0.06034	0.09501	0.01014	0.00569	0.00155	0.00234	0.00892	0.05006	0.00458
19	0.00693	0.00481	0.00614	0.00648	0.00740	0.00452	0.00482	0.00870	0.01161	0.01626	0.32609	0.28467	0.08789	0.01185	0.00581	0.00174	0.00276	0.10115	0.09599	0.00438
20	0.01096	0.01272	0.10576	0.19774	0.26296	0.01183	0.20192	0.01478	0.03576	0.01494	0.00948	0.01266	0.00747	0.00533	0.01820	0.00171	0.06198	0.00469	0.00242	0.00671
21	0.09447	0.01134	0.01175	0.01009	0.01312	0.04216	0.02510	0.14991	0.49909	0.04329	0.03596	0.01620	0.01318	0.00629	0.00481	0.00160	0.00439	0.00507	0.00469	0.00748
22	0.00928	0.00873	0.01474	0.81548	0.03385	0.01092	0.01365	0.01256	0.00983	0.01256	0.00873	0.01310	0.00655	0.00491	0.00491	0.00164	0.00655	0.00437	0.00218	0.00546
23	0.04072	0.00868	0.01140	0.00887	0.01257	0.00784	0.00733	0.06548	0.03288	0.70182	0.01885	0.01722	0.01225	0.00623	0.00494	0.00154	0.00424	0.02307	0.00588	0.00819
24	0.04114	0.16194	0.25402	0.06763	0.14214	0.05381	0.05248	0.06806	0.01168	0.05450	0.02904	0.01147	0.00801	0.00490	0.00468	0.00145	0.01951	0.00394	0.00270	0.00691
25	0.39003	0.00958	0.00903	0.00765	0.01071	0.05249	0.00613	0.05245	0.02090	0.10982	0.01067	0.05174	0.00878	0.00799	0.07239	0.00193	0.00492	0.00392	0.00350	0.16539
26	0.00777	0.00523	0.00631	0.03134	0.00765	0.00514	0.00438	0.00889	0.03478	0.05168	0.02291	0.20273	0.11672	0.41458	0.01534	0.00329	0.00406	0.04947	0.00380	0.00393
27	0.54684	0.14749	0.08177	0.00814	0.01173	0.08072	0.00746	0.03985	0.00976	0.01918	0.00724	0.00838	0.00575	0.00460	0.00338	0.00142	0.00483	0.00284	0.00282	0.00579

[dist]
# distance from previous block
# <min> <max>
0	2

[block]
# block no. 6 follows, 51 sequences, length 7
# corresponding to MSA columns:
# 518-524
name=unknown_G
#
# <colnr> <probs for GDERKNQSTAVLIFYWHMCP>
#	G	D	E	R	K	N	Q	S	T	A	V	L	I	F	Y	W	H	M	C	P
0	0.00635	0.00487	0.00583	0.00603	0.00718	0.00436	0.00446	0.00791	0.01169	0.01531	0.28812	0.21938	0.33295	0.01239	0.00596	0.00173	0.00263	0.05371	0.00484	0.00430
1	0.01156	0.11029	0.23124	0.04687	0.17614	0.07346	0.05625	0.04196	0.08213	0.01571	0.03530	0.05451	0.03205	0.00571	0.00477	0.00150	0.00602	0.00486	0.00287	0.00678
2	0.00752	0.00567	0.00668	0.00651	0.00797	0.00545	0.00487	0.01055	0.10161	0.04080	0.25709	0.14458	0.29776	0.01309	0.06529	0.00213	0.00350	0.00932	0.00477	0.00484
3	0.00786	0.01099	0.21999	0.05910	0.03380	0.00708	0.02803	0.01081	0.01147	0.01589	0.27684	0.10416	0.14459	0.04029	0.00620	0.00174	0.00431	0.00766	0.00386	0.00532
4	0.00805	0.00677	0.04241	0.00817	0.04473	0.00599	0.00603	0.01137	0.09971	0.04195	0.34973	0.22064	0.11411	0.01057	0.00570	0.00167	0.00308	0.00932	0.00481	0.00516
5	0.15566	0.02704	0.04034	0.01024	0.10195	0.00843	0.00731	0.04886	0.06265	0.11429	0.15630	0.06973	0.06156	0.06851	0.00642	0.00183	0.00405	0.04476	0.00417	0.00590
6	0.01269	0.33359	0.04810	0.06897	0.01403	0.14131	0.00846	0.03674	0.01112	0.04910	0.01140	0.14335	0.01105	0.00634	0.00424	0.00131	0.00542	0.00493	0.00292	0.08492

[dist]
# distance from previous block
# <min> <max>
7	17

[block]
# block no. 7 follows, 51 sequences, length 21
# corresponding to MSA columns:
# 542-562
name=unknown_H
#
# <colnr> <probs for GDERKNQSTAVLIFYWHMCP>
#	G	D	E	R	K	N	Q	S	T	A	V	L	I	F	Y	W	H	M	C	P
0	0.14921	0.25702	0.04923	0.09750	0.16135	0.02576	0.02535	0.05368	0.01092	0.06487	0.00875	0.01037	0.00698	0.00465	0.00422	0.00136	0.01955	0.00353	0.00276	0.04294
1	0.01268	0.59029	0.06471	0.02644	0.06428	0.04213	0.05791	0.01510	0.03143	0.01272	0.00842	0.01081	0.00753	0.00469	0.00377	0.00122	0.00566	0.03147	0.00233	0.00641
2	0.00730	0.00513	0.00634	0.00635	0.00736	0.00489	0.00458	0.00917	0.03246	0.03841	0.32016	0.24848	0.14725	0.07172	0.00739	0.00192	0.01912	0.00984	0.04765	0.00447
3	0.01314	0.00789	0.00895	0.00756	0.00988	0.00799	0.00596	0.21749	0.02627	0.15218	0.10482	0.02338	0.09403	0.07239	0.00641	0.00172	0.00375	0.02729	0.20279	0.00611
4	0.77762	0.00939	0.00764	0.00669	0.00981	0.01064	0.00551	0.01540	0.00894	0.10021	0.00810	0.00886	0.00601	0.00471	0.00323	0.00152	0.00384	0.00289	0.00335	0.00563
5	0.00891	0.00545	0.00699	0.00638	0.00793	0.00497	0.00488	0.01104	0.01327	0.12134	0.55112	0.03384	0.12035	0.01053	0.03341	0.00176	0.00296	0.00822	0.04159	0.00506
6	0.00618	0.00444	0.00590	0.00694	0.00737	0.00416	0.00481	0.00723	0.00982	0.01309	0.06516	0.70602	0.05059	0.01492	0.00628	0.00199	0.00295	0.07347	0.00460	0.00407
7	0.00799	0.00513	0.00645	0.00625	0.00734	0.00471	0.00446	0.00949	0.01165	0.08359	0.37090	0.17860	0.12017	0.15034	0.00909	0.00219	0.00301	0.00934	0.00480	0.00450
8	0.01160	0.01326	0.02900	0.02071	0.02568	0.01243	0.77879	0.01574	0.01160	0.01574	0.00994	0.01326	0.00746	0.00414	0.00580	0.00166	0.00829	0.00580	0.00249	0.00663
9	0.00713	0.00523	0.00773	0.00773	0.00862	0.00606	0.00600	0.00891	0.00802	0.01176	0.01331	0.01926	0.01230	0.03526	0.76647	0.00755	0.01260	0.00523	0.04642	0.00440
10	0.01019	0.00873	0.01019	0.00728	0.01165	0.00655	0.00582	0.01237	0.01019	0.01601	0.00873	0.01019	0.00728	0.00364	0.00364	0.00073	0.00364	0.00291	0.00291	0.85734
11	0.10803	0.49435	0.05961	0.00914	0.01308	0.13331	0.00860	0.01642	0.01084	0.09531	0.00836	0.00909	0.00681	0.00459	0.00359	0.00121	0.00562	0.00300	0.00268	0.00637
12	0.01204	0.04021	0.01223	0.05070	0.01397	0.01182	0.03661	0.02352	0.62098	0.04212	0.06632	0.01859	0.01583	0.00659	0.00501	0.00163	0.00415	0.00559	0.00471	0.00739
13	0.01113	0.19772	0.31154	0.12029	0.01834	0.10458	0.01240	0.01467	0.02926	0.01344	0.00987	0.05431	0.00856	0.03712	0.03539	0.00181	0.00672	0.00424	0.00241	0.00620
14	0.86201	0.00950	0.00722	0.00646	0.00950	0.01102	0.00532	0.01445	0.00836	0.02205	0.00684	0.00798	0.00532	0.00456	0.00304	0.00152	0.00380	0.00266	0.00304	0.00532
15	0.14006	0.08585	0.11255	0.09949	0.08806	0.08435	0.04134	0.16642	0.02725	0.03631	0.01024	0.05264	0.00841	0.00556	0.00472	0.00150	0.02111	0.00436	0.00316	0.00662
16	0.00637	0.00494	0.00580	0.00572	0.00702	0.00437	0.00424	0.00810	0.01234	0.01629	0.40421	0.10988	0.36994	0.01155	0.00584	0.00163	0.00244	0.00997	0.00497	0.00437
17	0.03444	0.04060	0.15706	0.03296	0.06650	0.05825	0.00951	0.02590	0.07427	0.04298	0.01352	0.13443	0.01281	0.06316	0.09254	0.03218	0.07714	0.00586	0.02018	0.00571
18	0.01346	0.67529	0.02410	0.00935	0.01347	0.07727	0.04620	0.03337	0.01068	0.01246	0.00724	0.00841	0.00646	0.00428	0.00344	0.00109	0.00561	0.00288	0.00226	0.04268
19	0.00771	0.03399	0.00774	0.00691	0.00761	0.00627	0.00494	0.00837	0.00769	0.01066	0.01374	0.02338	0.03118	0.34040	0.30799	0.08750	0.04524	0.00579	0.00273	0.04016
20	0.05665	0.08900	0.15932	0.10327	0.08048	0.01285	0.05027	0.17707	0.11648	0.07228	0.01139	0.01242	0.00843	0.00530	0.00491	0.00152	0.02343	0.00427	0.00345	0.00721

[dist]
# distance from previous block
# <min> <max>
1	4

[block]
# block no. 8 follows, 51 sequences, length 59
# corresponding to MSA columns:
# 569-578,599-647
name=unknown_I
#
# <colnr> <probs for GDERKNQSTAVLIFYWHMCP>
#	G	D	E	R	K	N	Q	S	T	A	V	L	I	F	Y	W	H	M	C	P
0	0.00627	0.00449	0.00571	0.00640	0.00685	0.00420	0.00427	0.00721	0.00976	0.01305	0.12443	0.54992	0.08494	0.13768	0.00902	0.00234	0.00305	0.01204	0.00443	0.00393
1	0.03462	0.00730	0.00901	0.00749	0.01010	0.00676	0.00598	0.09013	0.01426	0.32824	0.26074	0.02755	0.16035	0.00836	0.00531	0.00155	0.00342	0.00700	0.00542	0.00640
2	0.01361	0.23963	0.19821	0.02694	0.16003	0.05221	0.05411	0.06010	0.03288	0.10301	0.01001	0.01115	0.00763	0.00476	0.00440	0.00139	0.00603	0.00384	0.00288	0.00716
3	0.01321	0.08196	0.03390	0.12367	0.16453	0.11495	0.02609	0.06299	0.04971	0.11342	0.07386	0.06355	0.04452	0.00636	0.00489	0.00149	0.00546	0.00537	0.00355	0.00652
4	0.01574	0.00714	0.00927	0.00767	0.01045	0.00636	0.00612	0.01811	0.04729	0.46852	0.16325	0.06395	0.12064	0.00809	0.00524	0.00156	0.00351	0.00682	0.02343	0.00683
5	0.01106	0.01102	0.01649	0.01653	0.16553	0.01431	0.03836	0.01260	0.00838	0.01278	0.00711	0.01111	0.00674	0.00763	0.01358	0.00200	0.63231	0.00437	0.00222	0.00589
6	0.06606	0.03945	0.08683	0.01530	0.18072	0.01094	0.09566	0.11400	0.04333	0.27863	0.01316	0.01344	0.00922	0.00523	0.00482	0.00151	0.00542	0.00455	0.00405	0.00768
7	0.05627	0.01357	0.01346	0.01194	0.03952	0.22965	0.04505	0.06092	0.06226	0.08905	0.02536	0.02559	0.02502	0.02662	0.00821	0.00171	0.22226	0.00456	0.03291	0.00607
8	0.60165	0.01130	0.02389	0.01212	0.17805	0.07222	0.00794	0.01500	0.00943	0.01989	0.00745	0.00898	0.00594	0.00456	0.00356	0.00149	0.00468	0.00308	0.00286	0.00591
9	0.12704	0.00934	0.01038	0.00879	0.01171	0.00991	0.00706	0.13426	0.23770	0.20605	0.13995	0.01978	0.01748	0.00691	0.00490	0.00159	0.00395	0.03109	0.00503	0.00707
10	0.00800	0.00664	0.00963	0.05610	0.14372	0.00671	0.02116	0.01078	0.08753	0.01423	0.03890	0.48303	0.05244	0.01161	0.00581	0.00183	0.00378	0.02885	0.00409	0.00517
11	0.00968	0.00573	0.00736	0.00690	0.00830	0.00539	0.00511	0.01197	0.05030	0.15074	0.37988	0.16432	0.03271	0.10904	0.00804	0.00203	0.00316	0.02917	0.00504	0.00512
12	0.01203	0.00716	0.00849	0.00722	0.00945	0.00695	0.00570	0.14982	0.01477	0.16901	0.30829	0.02768	0.13309	0.00836	0.00519	0.00150	0.00325	0.00702	0.10912	0.00594
13	0.00951	0.00553	0.00677	0.00653	0.00799	0.00536	0.00516	0.01227	0.04620	0.09110	0.29341	0.03094	0.02725	0.00865	0.00504	0.00153	0.00292	0.13418	0.29457	0.00508
14	0.02116	0.00842	0.01130	0.00874	0.01242	0.00745	0.00719	0.04067	0.03526	0.73324	0.04719	0.01738	0.01339	0.00624	0.00497	0.00152	0.00413	0.00509	0.00600	0.00821
15	0.01269	0.01063	0.01120	0.00992	0.01275	0.01222	0.00776	0.09325	0.69109	0.02141	0.01912	0.01775	0.01432	0.00656	0.00494	0.00163	0.00397	0.00542	0.03566	0.00771
16	0.01303	0.80334	0.05170	0.00860	0.01290	0.01918	0.00873	0.01474	0.01000	0.01170	0.00690	0.00797	0.00630	0.00422	0.00320	0.00107	0.00532	0.00266	0.00210	0.00634
17	0.00613	0.00443	0.00586	0.00686	0.00729	0.00408	0.00461	0.00704	0.00944	0.01267	0.02645	0.79572	0.03162	0.01499	0.00618	0.00195	0.00288	0.01359	0.00450	0.03373
18	0.00618	0.00441	0.00592	0.00706	0.00742	0.00415	0.00489	0.00717	0.00959	0.01275	0.02698	0.74940	0.03209	0.01522	0.00632	0.00202	0.00301	0.08680	0.00456	0.00404
19	0.02185	0.00868	0.01160	0.00889	0.01270	0.00769	0.00735	0.06804	0.01459	0.75521	0.01895	0.01644	0.01194	0.00607	0.00494	0.00152	0.00425	0.00491	0.00601	0.00836
20	0.00599	0.00428	0.00570	0.00684	0.00713	0.00399	0.00456	0.00684	0.00941	0.01254	0.02709	0.82409	0.03250	0.01540	0.00627	0.00200	0.00285	0.01397	0.00456	0.00399
21	0.01303	0.00945	0.01031	0.00913	0.01182	0.01049	0.00714	0.02370	0.57577	0.12481	0.04752	0.01878	0.01551	0.00661	0.00486	0.00159	0.00371	0.00549	0.09284	0.00741
22	0.00699	0.00512	0.00657	0.00725	0.02085	0.00481	0.00527	0.00882	0.03300	0.02834	0.16686	0.37710	0.16606	0.01305	0.00610	0.00187	0.00306	0.12969	0.00471	0.00446
23	0.00609	0.00449	0.00567	0.00656	0.00713	0.00413	0.00452	0.00705	0.00975	0.01268	0.03075	0.62009	0.16963	0.04192	0.00684	0.00204	0.00293	0.04922	0.00451	0.00401
24	0.01163	0.01118	0.05110	0.23913	0.40157	0.01139	0.01338	0.01650	0.13617	0.04286	0.01117	0.01349	0.00870	0.00496	0.00489	0.00155	0.00572	0.00455	0.00289	0.00715
25	0.01180	0.00946	0.01087	0.00796	0.01220	0.00793	0.00641	0.11588	0.03842	0.04486	0.00989	0.01090	0.00785	0.00413	0.00390	0.00089	0.00390	0.00327	0.00336	0.68613
