[name]
unknown

[dist]
# distance from previous block
# <min> <max>
0	309

[block]
# block no. 0 follows, 65 sequences, length 39
# corresponding to MSA columns:
# 362-400
name=unknown_A
#
# <colnr> <probs for GDERKNQSTAVLIFYWHMCP>
#	G	D	E	R	K	N	Q	S	T	A	V	L	I	F	Y	W	H	M	C	P
0	0.04357	0.02242	0.10746	0.01919	0.04050	0.05181	0.03534	0.09735	0.04503	0.02557	0.01021	0.03055	0.02290	0.14077	0.10774	0.00239	0.13360	0.01770	0.00255	0.04337
1	0.13063	0.37219	0.24407	0.00848	0.01234	0.06863	0.00900	0.01314	0.00862	0.06285	0.00685	0.00776	0.00544	0.00392	0.00348	0.00111	0.03134	0.00263	0.00209	0.00542
2	0.04129	0.00737	0.00991	0.09938	0.17519	0.00787	0.00744	0.03400	0.23459	0.08734	0.08498	0.16539	0.01485	0.00647	0.00433	0.00138	0.00359	0.00569	0.00348	0.00548
3	0.00549	0.00414	0.00492	0.00479	0.00587	0.00370	0.00357	0.00704	0.01051	0.01419	0.47747	0.07874	0.31584	0.00922	0.00480	0.00133	0.00201	0.00797	0.03470	0.00370
4	0.00903	0.00468	0.00621	0.00596	0.00722	0.00422	0.00441	0.01029	0.00979	0.24359	0.18739	0.40443	0.03985	0.00944	0.00476	0.00145	0.00258	0.00836	0.03184	0.00449
5	0.00537	0.00443	0.00475	0.00466	0.00598	0.00395	0.00349	0.00722	0.05897	0.01250	0.19484	0.06184	0.59792	0.00979	0.00482	0.00138	0.00213	0.00827	0.00397	0.00373
6	0.00500	0.00357	0.00476	0.00572	0.00595	0.00333	0.00381	0.00572	0.00786	0.01048	0.02262	0.85306	0.02715	0.01286	0.00524	0.00167	0.00238	0.01167	0.00381	0.00333
7	0.01097	0.85821	0.02151	0.00702	0.01054	0.01624	0.00702	0.01229	0.00834	0.00966	0.00571	0.00658	0.00527	0.00351	0.00263	0.00088	0.00439	0.00219	0.00176	0.00527
8	0.01134	0.00537	0.00707	0.00613	0.00765	0.00508	0.00457	0.01233	0.00865	0.36487	0.01420	0.01987	0.01226	0.32719	0.15438	0.00321	0.00497	0.02259	0.00359	0.00466
9	0.88473	0.00794	0.00603	0.00540	0.00794	0.00921	0.00445	0.01207	0.00699	0.01842	0.00572	0.00667	0.00445	0.00381	0.00254	0.00127	0.00318	0.00222	0.00254	0.00445
10	0.01682	0.00955	0.01112	0.00852	0.01176	0.00984	0.00704	0.47329	0.01605	0.37362	0.01259	0.01163	0.00835	0.00499	0.00412	0.00125	0.00408	0.00388	0.00453	0.00698
11	0.00969	0.01107	0.02422	0.01730	0.02145	0.01038	0.81522	0.01315	0.00969	0.01315	0.00830	0.01107	0.00623	0.00346	0.00484	0.00138	0.00692	0.00484	0.00208	0.00554
12	0.00613	0.00464	0.00668	0.00662	0.00742	0.00539	0.00512	0.00814	0.05491	0.00992	0.01140	0.01647	0.01057	0.05929	0.76024	0.00619	0.01028	0.00447	0.00233	0.00379
13	0.43493	0.00875	0.00824	0.00705	0.00969	0.00992	0.00570	0.15176	0.24671	0.06438	0.01020	0.01013	0.00754	0.00458	0.00337	0.00130	0.00344	0.00328	0.00342	0.00561
14	0.00960	0.00948	0.01527	0.01816	0.40809	0.01107	0.06070	0.01140	0.00798	0.01179	0.00670	0.00968	0.00598	0.00525	0.00838	0.00149	0.38782	0.00370	0.00193	0.00553
15	0.00537	0.00387	0.00508	0.00542	0.00603	0.00358	0.00382	0.00665	0.00962	0.01324	0.39277	0.45516	0.05256	0.01075	0.00505	0.00149	0.00217	0.00965	0.00414	0.00358
16	0.00485	0.00416	0.00416	0.00416	0.00554	0.00347	0.00312	0.00589	0.00936	0.01109	0.04158	0.03950	0.82847	0.01040	0.00485	0.00139	0.00208	0.00866	0.00381	0.00347
17	0.01079	0.41939	0.01483	0.00734	0.01015	0.01216	0.00646	0.01563	0.28458	0.07964	0.05646	0.04576	0.01086	0.00498	0.00351	0.00114	0.00371	0.00385	0.00308	0.00567
18	0.00775	0.00730	0.01231	0.84587	0.02827	0.00912	0.01140	0.01049	0.00821	0.01049	0.00730	0.01094	0.00547	0.00410	0.00410	0.00137	0.00547	0.00365	0.00182	0.00456
19	0.00809	0.00764	0.01293	0.72996	0.14153	0.00921	0.01157	0.01079	0.00837	0.01090	0.00736	0.01083	0.00562	0.00404	0.00410	0.00135	0.00539	0.00365	0.00185	0.00483
20	0.00551	0.00402	0.00491	0.00498	0.00587	0.00365	0.00363	0.00696	0.01003	0.01376	0.40970	0.22597	0.21378	0.00968	0.00482	0.00138	0.00207	0.00849	0.05713	0.00365
21	0.00775	0.00730	0.01231	0.84587	0.02827	0.00912	0.01140	0.01049	0.00821	0.01049	0.00730	0.01094	0.00547	0.00410	0.00410	0.00137	0.00547	0.00365	0.00182	0.00456
22	0.00960	0.13207	0.59076	0.01099	0.01628	0.01087	0.04206	0.11571	0.01002	0.01420	0.00750	0.00863	0.00547	0.00396	0.00379	0.00124	0.00567	0.00307	0.00205	0.00606
23	0.00581	0.00414	0.00583	0.00617	0.00678	0.00385	0.04265	0.00671	0.00812	0.03929	0.02229	0.65459	0.07779	0.05897	0.00601	0.00175	0.00273	0.02739	0.01561	0.00354
24	0.17130	0.01187	0.00908	0.00841	0.03534	0.32011	0.00619	0.11878	0.01053	0.02474	0.00873	0.03384	0.00769	0.10483	0.00580	0.00150	0.02671	0.00353	0.08635	0.00468
25	0.00578	0.00420	0.00538	0.00513	0.00607	0.00388	0.00383	0.00756	0.01111	0.01555	0.71326	0.03141	0.08497	0.05547	0.00575	0.00146	0.00211	0.02898	0.00434	0.00377
26	0.00727	0.03842	0.14715	0.01824	0.02383	0.03054	0.09172	0.00916	0.00754	0.01042	0.01090	0.09553	0.01076	0.15672	0.28335	0.00354	0.04342	0.00500	0.00227	0.00421
27	0.01446	0.01021	0.01104	0.00870	0.01167	0.01121	0.00711	0.58840	0.12609	0.08271	0.01152	0.01132	0.00824	0.00501	0.00402	0.00123	0.00407	0.00386	0.07246	0.00667
28	0.00791	0.11230	0.54527	0.00977	0.01424	0.00904	0.01163	0.01143	0.00873	0.01249	0.07451	0.11505	0.02388	0.00548	0.00419	0.00131	0.02067	0.00445	0.00225	0.00539
29	0.00575	0.00416	0.00500	0.00545	0.00639	0.00386	0.00425	0.00706	0.00899	0.01184	0.04950	0.20238	0.30594	0.02928	0.00531	0.00160	0.00265	0.23828	0.09873	0.00356
30	0.00541	0.00404	0.00518	0.00569	0.00605	0.00400	0.00392	0.00618	0.00794	0.01061	0.07649	0.56197	0.09520	0.11885	0.00763	0.00192	0.04934	0.02265	0.00358	0.00335
31	0.00996	0.00829	0.00914	0.00671	0.01024	0.03929	0.00539	0.11136	0.01008	0.03934	0.00784	0.00880	0.00628	0.00338	0.00323	0.00072	0.00341	0.00265	0.00271	0.71117
32	0.16908	0.00452	0.00482	0.00511	0.00602	0.00468	0.00368	0.00805	0.00779	0.01314	0.01627	0.37549	0.03055	0.04056	0.05080	0.00175	0.00293	0.00710	0.24398	0.00367
33	0.01075	0.25564	0.15266	0.00905	0.01236	0.12032	0.02857	0.01667	0.32564	0.01328	0.01041	0.01055	0.00811	0.00447	0.00364	0.00119	0.00469	0.00341	0.00275	0.00582
34	0.01099	0.00884	0.01190	0.00962	0.01231	0.00941	0.15442	0.10158	0.42393	0.09700	0.05999	0.01567	0.03768	0.02183	0.00467	0.00141	0.00398	0.00483	0.00385	0.00610
35	0.05955	0.00936	0.01211	0.01293	0.25454	0.00926	0.01947	0.23601	0.04994	0.01732	0.00850	0.00963	0.00667	0.00392	0.00369	0.00105	0.00407	0.00327	0.00286	0.27586
36	0.01096	0.00560	0.00719	0.00633	0.00833	0.00491	0.00493	0.03003	0.01008	0.33747	0.03657	0.25101	0.13019	0.00818	0.00453	0.00137	0.00295	0.04953	0.00421	0.08561
37	0.01203	0.09534	0.11051	0.02230	0.08639	0.00854	0.00749	0.12884	0.03605	0.23519	0.01162	0.02752	0.00941	0.15928	0.03007	0.00187	0.00447	0.00416	0.00327	0.00564
38	0.01185	0.20909	0.08458	0.07805	0.04213	0.02598	0.03338	0.11390	0.10282	0.16023	0.03876	0.01256	0.03156	0.00485	0.00400	0.00122	0.01882	0.01727	0.00313	0.00584

[dist]
# distance from previous block
# <min> <max>
3	5

[block]
# block no. 1 follows, 65 sequences, length 28
# corresponding to MSA columns:
# 406-433
name=unknown_B
#
# <colnr> <probs for GDERKNQSTAVLIFYWHMCP>
#	G	D	E	R	K	N	Q	S	T	A	V	L	I	F	Y	W	H	M	C	P
0	0.29195	0.05422	0.01164	0.05719	0.21678	0.21366	0.02726	0.01336	0.02750	0.01398	0.00701	0.00852	0.00568	0.00394	0.00340	0.00119	0.00488	0.00293	0.02977	0.00514
1	0.00714	0.00565	0.00702	0.00591	0.00793	0.00496	0.00449	0.00858	0.00774	0.01163	0.03619	0.06784	0.01082	0.11435	0.23606	0.00277	0.00524	0.00419	0.02932	0.42219
2	0.00963	0.00866	0.01442	0.33087	0.45977	0.00934	0.01159	0.03396	0.00933	0.04350	0.02494	0.01101	0.00694	0.00401	0.00410	0.00128	0.00498	0.00375	0.00218	0.00575
3	0.31624	0.00677	0.00749	0.00623	0.00875	0.00672	0.00509	0.01490	0.00993	0.38908	0.12939	0.01464	0.01262	0.00525	0.00368	0.00128	0.00312	0.02253	0.03080	0.00549
4	0.00517	0.00411	0.00457	0.00457	0.00568	0.00359	0.00334	0.00636	0.00964	0.01226	0.24086	0.10613	0.51559	0.05288	0.00569	0.00152	0.00216	0.00846	0.00393	0.00351
5	0.00489	0.00416	0.00421	0.00420	0.00557	0.00348	0.00315	0.00597	0.00945	0.01131	0.07399	0.03914	0.79592	0.01031	0.00485	0.00138	0.00207	0.00861	0.00384	0.00348
6	0.00495	0.00387	0.00446	0.00493	0.00572	0.00341	0.00344	0.00581	0.00856	0.01073	0.03175	0.43686	0.42059	0.02849	0.00536	0.00158	0.00226	0.01008	0.00378	0.00338
7	0.01560	0.01150	0.01232	0.00944	0.01273	0.01273	0.00780	0.81645	0.01930	0.02587	0.00986	0.00986	0.00698	0.00493	0.00411	0.00123	0.00452	0.00370	0.00411	0.00698
8	0.88473	0.00794	0.00603	0.00540	0.00794	0.00921	0.00445	0.01207	0.00699	0.01842	0.00572	0.00667	0.00445	0.00381	0.00254	0.00127	0.00318	0.00222	0.00254	0.00445
9	0.70648	0.00867	0.00732	0.00623	0.00892	0.00993	0.00513	0.17704	0.00951	0.01995	0.00656	0.00732	0.00497	0.00404	0.00286	0.00126	0.00345	0.00252	0.00286	0.00497
10	0.06465	0.00734	0.00835	0.00604	0.00961	0.00571	0.00484	0.01045	0.00841	0.01370	0.00719	0.00839	0.00598	0.00309	0.00301	0.00065	0.00305	0.00242	0.00244	0.82469
11	0.03951	0.05473	0.01094	0.00908	0.01081	0.28906	0.00725	0.12460	0.02074	0.03724	0.00847	0.01121	0.00732	0.01039	0.17411	0.00236	0.14666	0.02810	0.00252	0.00488
12	0.01536	0.01126	0.01206	0.00927	0.01248	0.01245	0.00765	0.79146	0.01897	0.02554	0.00996	0.01002	0.00709	0.00492	0.00407	0.00122	0.00444	0.00370	0.03118	0.00688
13	0.00581	0.00420	0.00549	0.00516	0.00613	0.00387	0.00387	0.00775	0.01162	0.01646	0.82797	0.03066	0.03873	0.00839	0.00484	0.00129	0.00194	0.00742	0.00452	0.00387
14	0.00816	0.00796	0.00874	0.00814	0.00889	0.14356	0.00638	0.00936	0.00732	0.00962	0.00899	0.01352	0.00851	0.06150	0.46514	0.00442	0.20971	0.00400	0.00210	0.00398
15	0.01398	0.17089	0.13731	0.00887	0.01255	0.00942	0.07339	0.06718	0.04730	0.38422	0.02702	0.01165	0.00861	0.00455	0.00388	0.00121	0.00435	0.00371	0.00359	0.00632
16	0.03710	0.08100	0.34834	0.00978	0.04196	0.00936	0.02040	0.13385	0.01033	0.07422	0.00868	0.02592	0.00674	0.03088	0.00425	0.00123	0.00478	0.00333	0.00255	0.14530
17	0.19182	0.43682	0.07529	0.00749	0.01079	0.08735	0.00712	0.06451	0.00930	0.05455	0.01866	0.00776	0.00594	0.00391	0.00300	0.00105	0.00446	0.00257	0.00231	0.00529
18	0.01727	0.00783	0.00997	0.00762	0.01084	0.00722	0.00628	0.16502	0.01292	0.63288	0.01447	0.01287	0.00932	0.00492	0.00405	0.00122	0.00365	0.00394	0.00473	0.06297
19	0.00831	0.00692	0.00799	0.00592	0.00918	0.00538	0.00470	0.02982	0.00882	0.01356	0.01028	0.03364	0.05958	0.00391	0.00323	0.00072	0.00294	0.00318	0.04694	0.73497
20	0.02811	0.00938	0.06187	0.09126	0.05144	0.03611	0.01679	0.14320	0.08719	0.02743	0.03153	0.03186	0.02956	0.00655	0.00758	0.06843	0.23408	0.01457	0.01799	0.00505
21	0.00645	0.00433	0.00563	0.00548	0.00609	0.00448	0.00390	0.00745	0.00791	0.03806	0.20366	0.06021	0.03330	0.27198	0.22706	0.03139	0.02596	0.00590	0.04736	0.00342
22	0.01044	0.68122	0.01868	0.00677	0.01024	0.01396	0.00652	0.01186	0.00838	0.01048	0.00620	0.00717	0.00555	0.00346	0.00271	0.00083	0.00408	0.00228	0.02516	0.16399
23	0.01044	0.08476	0.05980	0.00707	0.01065	0.00756	0.00618	0.07717	0.00968	0.10794	0.00833	0.00910	0.00647	0.00365	0.00360	0.00084	0.03050	0.00278	0.00275	0.55073
24	0.20150	0.09837	0.10689	0.02689	0.05316	0.08558	0.02755	0.06016	0.02235	0.24722	0.00989	0.02727	0.00723	0.00446	0.00360	0.00122	0.00440	0.00338	0.00313	0.00575
25	0.00531	0.00409	0.00458	0.00461	0.00550	0.00370	0.00323	0.00624	0.00872	0.01112	0.15699	0.10051	0.42235	0.20326	0.03998	0.00218	0.00285	0.00794	0.00356	0.00330
26	0.00581	0.00395	0.00466	0.00476	0.00493	0.00390	0.00288	0.00608	0.00670	0.00897	0.06490	0.13530	0.04757	0.61753	0.04723	0.01863	0.00383	0.00681	0.00281	0.00275
27	0.01115	0.22726	0.13460	0.03906	0.06824	0.07113	0.03091	0.12048	0.20163	0.02386	0.00950	0.01008	0.00737	0.00442	0.00391	0.00120	0.02316	0.00340	0.00272	0.00593

[dist]
# distance from previous block
# <min> <max>
0	4

[block]
# block no. 2 follows, 65 sequences, length 21
# corresponding to MSA columns:
# 438-458
name=unknown_C
#
# <colnr> <probs for GDERKNQSTAVLIFYWHMCP>
#	G	D	E	R	K	N	Q	S	T	A	V	L	I	F	Y	W	H	M	C	P
0	0.00809	0.00620	0.00763	0.00739	0.02799	0.06129	0.05914	0.04427	0.00939	0.08377	0.02065	0.39013	0.13285	0.00927	0.00489	0.00146	0.02203	0.02883	0.07052	0.00423
1	0.73084	0.02535	0.03870	0.00706	0.05208	0.06473	0.00556	0.01242	0.00751	0.01722	0.00593	0.00698	0.00465	0.00383	0.00275	0.00125	0.00368	0.00236	0.00244	0.00465
2	0.00643	0.00470	0.00618	0.00670	0.07280	0.00429	0.00449	0.00804	0.01050	0.05169	0.45209	0.11765	0.22127	0.00881	0.00479	0.00135	0.00233	0.00771	0.00410	0.00407
3	0.00856	0.00733	0.00867	0.00643	0.00965	0.00606	0.00513	0.02534	0.02275	0.01321	0.00765	0.00943	0.00654	0.03063	0.02285	0.00094	0.05430	0.00272	0.00245	0.74935
4	0.00546	0.00418	0.00501	0.00488	0.00599	0.00374	0.00368	0.00703	0.01061	0.01418	0.48903	0.05513	0.33202	0.00935	0.00488	0.00136	0.00206	0.03351	0.00421	0.00370
5	0.00507	0.00360	0.00474	0.00563	0.00585	0.00338	0.00372	0.00573	0.00773	0.01031	0.02197	0.79744	0.02633	0.06961	0.00629	0.00182	0.00249	0.01129	0.00372	0.00328
6	0.88473	0.00794	0.00603	0.00540	0.00794	0.00921	0.00445	0.01207	0.00699	0.01842	0.00572	0.00667	0.00445	0.00381	0.00254	0.00127	0.00318	0.00222	0.00254	0.00445
7	0.00497	0.00416	0.00433	0.00429	0.00562	0.00352	0.00321	0.00613	0.00964	0.01177	0.14141	0.03838	0.72822	0.01014	0.00485	0.00137	0.00206	0.00851	0.00390	0.00352
8	0.00765	0.00383	0.00383	0.00383	0.00478	0.00383	0.00287	0.00956	0.00861	0.01530	0.01339	0.01530	0.01052	0.00478	0.00287	0.00096	0.00191	0.00383	0.87853	0.00383
9	0.00587	0.00438	0.00649	0.00649	0.00718	0.00507	0.00499	0.00726	0.00656	0.00945	0.01110	0.01669	0.01051	0.07412	0.79647	0.00646	0.01063	0.00448	0.00221	0.00360
10	0.88473	0.00794	0.00603	0.00540	0.00794	0.00921	0.00445	0.01207	0.00699	0.01842	0.00572	0.00667	0.00445	0.00381	0.00254	0.00127	0.00318	0.00222	0.00254	0.00445
11	0.00635	0.00483	0.00596	0.00669	0.00736	0.03712	0.00525	0.00765	0.00857	0.01120	0.02002	0.31353	0.02244	0.07390	0.05029	0.00216	0.00380	0.38456	0.02474	0.00357
12	0.00962	0.01088	0.02315	0.01670	0.02047	0.01058	0.74092	0.01285	0.00938	0.01285	0.00804	0.01088	0.00615	0.00380	0.00564	0.00142	0.08445	0.00473	0.00205	0.00544
13	0.00669	0.00987	0.27651	0.00823	0.01067	0.00600	0.00836	0.00948	0.04086	0.01206	0.01754	0.31435	0.03409	0.00919	0.00487	0.00159	0.00398	0.21805	0.00314	0.00447
14	0.00526	0.00408	0.00486	0.00534	0.00626	0.00368	0.00404	0.00639	0.00895	0.01126	0.05059	0.29953	0.39810	0.01132	0.00513	0.00157	0.00250	0.16382	0.00382	0.00349
15	0.01403	0.01144	0.00949	0.00817	0.01045	0.32656	0.00634	0.03938	0.04856	0.28003	0.15545	0.01532	0.04573	0.00556	0.00412	0.00120	0.00469	0.00432	0.00372	0.00542
16	0.00892	0.00811	0.01361	0.06376	0.30498	0.02587	0.13624	0.02331	0.00823	0.01137	0.00825	0.03173	0.00740	0.02603	0.07511	0.17133	0.06484	0.00410	0.00206	0.00477
17	0.00861	0.02523	0.11865	0.21766	0.04882	0.03770	0.03742	0.05226	0.03922	0.03065	0.09964	0.09307	0.03153	0.02621	0.00588	0.00146	0.11353	0.00494	0.00266	0.00487
18	0.00761	0.00624	0.00640	0.02358	0.00730	0.09586	0.00445	0.02406	0.02305	0.04235	0.01573	0.24375	0.04801	0.32726	0.05298	0.00268	0.03833	0.02381	0.00299	0.00355
19	0.73202	0.06190	0.00776	0.00630	0.02268	0.04260	0.00510	0.03994	0.00770	0.01753	0.00591	0.00691	0.00467	0.00392	0.00290	0.00125	0.02144	0.00234	0.00250	0.00463
20	0.66013	0.00812	0.00787	0.03977	0.10381	0.00904	0.00580	0.02763	0.00781	0.05452	0.00662	0.00770	0.00509	0.00385	0.00290	0.00124	0.00349	0.00257	0.00260	0.03942

[dist]
# distance from previous block
# <min> <max>
5	7

[block]
# block no. 3 follows, 65 sequences, length 13
# corresponding to MSA columns:
# 467-479
name=unknown_D
#
# <colnr> <probs for GDERKNQSTAVLIFYWHMCP>
#	G	D	E	R	K	N	Q	S	T	A	V	L	I	F	Y	W	H	M	C	P
0	0.01031	0.29782	0.17860	0.00861	0.01186	0.06438	0.00851	0.09598	0.09648	0.01348	0.07328	0.01221	0.02733	0.00498	0.00424	0.00119	0.05614	0.02650	0.00260	0.00546
1	0.05604	0.00876	0.06217	0.04450	0.14000	0.03700	0.00763	0.07123	0.13493	0.05374	0.16946	0.01760	0.05520	0.03002	0.00542	0.00142	0.06859	0.02774	0.00327	0.00528
2	0.05452	0.00781	0.01318	0.66832	0.07197	0.00934	0.07515	0.01089	0.00828	0.01127	0.00727	0.01064	0.00553	0.00409	0.00430	0.00137	0.02577	0.00367	0.00189	0.00474
3	0.00832	0.02060	0.78418	0.01205	0.01800	0.00959	0.06482	0.01301	0.00873	0.01301	0.00742	0.00882	0.00526	0.00387	0.00396	0.00131	0.00612	0.00315	0.00175	0.00603
4	0.00820	0.39352	0.01330	0.00670	0.00867	0.01014	0.00588	0.00953	0.00736	0.00952	0.00867	0.01225	0.00819	0.05436	0.42234	0.00388	0.00768	0.00346	0.00201	0.00434
5	0.88473	0.00794	0.00603	0.00540	0.00794	0.00921	0.00445	0.01207	0.00699	0.01842	0.00572	0.00667	0.00445	0.00381	0.00254	0.00127	0.00318	0.00222	0.00254	0.00445
6	0.00851	0.00887	0.07458	0.12311	0.07323	0.00847	0.17946	0.03180	0.00914	0.03415	0.11140	0.03090	0.06180	0.02566	0.02920	0.00158	0.13035	0.00480	0.00258	0.05042
7	0.01025	0.00553	0.00726	0.00653	0.00792	0.00538	0.02157	0.01186	0.05038	0.26074	0.02986	0.04179	0.01493	0.30419	0.02275	0.00242	0.02378	0.14177	0.02657	0.00449
8	0.01041	0.16289	0.18139	0.02387	0.10900	0.11073	0.07087	0.03403	0.08275	0.03222	0.02000	0.01179	0.00788	0.00445	0.00383	0.00118	0.00507	0.05027	0.00242	0.07495
9	0.00532	0.00420	0.00483	0.00504	0.00609	0.00378	0.00374	0.00678	0.03239	0.01207	0.16248	0.22878	0.43335	0.01058	0.00498	0.00147	0.00228	0.06430	0.00393	0.00361
10	0.02387	0.13263	0.23119	0.01179	0.11290	0.04280	0.08072	0.06981	0.12585	0.05863	0.01023	0.01101	0.03070	0.00443	0.00406	0.00124	0.02125	0.00364	0.01733	0.00592
11	0.00742	0.00456	0.00569	0.00531	0.00664	0.00409	0.00405	0.00901	0.01053	0.12287	0.40091	0.10609	0.18391	0.00850	0.00465	0.00132	0.00229	0.02989	0.05857	0.02371
12	0.00995	0.28201	0.15760	0.04629	0.05691	0.04238	0.06030	0.03115	0.06838	0.04093	0.04616	0.03747	0.02804	0.00477	0.00417	0.00119	0.04776	0.00375	0.02541	0.00538

[dist]
# distance from previous block
# <min> <max>
1	10

[block]
# block no. 4 follows, 65 sequences, length 7
# corresponding to MSA columns:
# 490-496
name=unknown_E
#
# <colnr> <probs for GDERKNQSTAVLIFYWHMCP>
#	G	D	E	R	K	N	Q	S	T	A	V	L	I	F	Y	W	H	M	C	P
0	0.03954	0.15575	0.02995	0.00768	0.01027	0.04515	0.05545	0.24205	0.01206	0.06156	0.06021	0.01211	0.00951	0.00545	0.02819	0.00127	0.00412	0.00370	0.21061	0.00536
1	0.08774	0.00853	0.06170	0.05127	0.12250	0.00781	0.03894	0.09203	0.02600	0.17951	0.05275	0.09740	0.02991	0.00552	0.00434	0.00127	0.03075	0.00465	0.00329	0.09411
2	0.00524	0.00384	0.00491	0.00556	0.00604	0.00350	0.00374	0.00599	0.00787	0.01052	0.02238	0.70578	0.07523	0.06364	0.00605	0.00173	0.00250	0.01063	0.00365	0.05117
3	0.00595	0.00404	0.00479	0.00479	0.00490	0.00415	0.00288	0.00617	0.00606	0.00819	0.01265	0.02528	0.01424	0.73395	0.14174	0.00437	0.00502	0.00574	0.00244	0.00266
4	0.20622	0.07339	0.14454	0.10142	0.23109	0.03928	0.00970	0.04138	0.00897	0.05242	0.00804	0.00957	0.02190	0.00415	0.00390	0.00125	0.03174	0.00321	0.00230	0.00553
5	0.45033	0.05257	0.06776	0.05223	0.01107	0.10997	0.00657	0.12879	0.00960	0.01679	0.00685	0.00823	0.00542	0.02909	0.00365	0.00129	0.00429	0.00274	0.00258	0.03020
6	0.00694	0.00623	0.08874	0.02984	0.05895	0.00489	0.00615	0.00842	0.00865	0.06990	0.05046	0.45504	0.05084	0.01021	0.00521	0.02269	0.00323	0.10595	0.00351	0.00414

[dist]
# distance from previous block
# <min> <max>
2	7

[block]
# block no. 5 follows, 65 sequences, length 12
# corresponding to MSA columns:
# 504-515
name=unknown_F
#
# <colnr> <probs for GDERKNQSTAVLIFYWHMCP>
#	G	D	E	R	K	N	Q	S	T	A	V	L	I	F	Y	W	H	M	C	P
0	0.00802	0.01118	0.23625	0.01108	0.01434	0.00776	0.27041	0.03640	0.00922	0.01293	0.06785	0.13985	0.01285	0.07933	0.00598	0.00162	0.00507	0.03456	0.03041	0.00490
1	0.01020	0.02457	0.06867	0.01124	0.08146	0.17106	0.10702	0.05902	0.11224	0.01332	0.06463	0.07338	0.03613	0.00593	0.00527	0.00135	0.09312	0.03947	0.00282	0.01911
2	0.00582	0.00418	0.00539	0.00510	0.00597	0.00388	0.00374	0.00758	0.01108	0.01565	0.75004	0.03030	0.03646	0.08940	0.00638	0.00155	0.00213	0.00728	0.00432	0.00374
3	0.00598	0.00362	0.00503	0.00548	0.00564	0.00349	0.00365	0.00566	0.00688	0.00921	0.05125	0.42353	0.01864	0.05179	0.01050	0.37333	0.00294	0.00779	0.00292	0.00266
4	0.00626	0.00426	0.00579	0.00659	0.00725	0.00412	0.00516	0.00753	0.00866	0.03795	0.02152	0.39814	0.02431	0.05291	0.00617	0.00187	0.00317	0.39093	0.00377	0.00363
5	0.01303	0.01022	0.01087	0.00892	0.01175	0.01153	0.00718	0.43782	0.40211	0.02173	0.01312	0.01246	0.00963	0.00523	0.00414	0.00131	0.00391	0.00415	0.00414	0.00675
6	0.00898	0.00898	0.01257	0.01078	0.01078	0.01257	0.00898	0.00988	0.00629	0.00988	0.00539	0.00898	0.00539	0.00718	0.01347	0.00180	0.84823	0.00359	0.00180	0.00449
7	0.72207	0.00776	0.00691	0.00721	0.08623	0.00879	0.00505	0.01157	0.00712	0.01700	0.00656	0.00882	0.00558	0.08043	0.00434	0.00151	0.00341	0.00270	0.00249	0.00447
8	0.01097	0.85821	0.02151	0.00702	0.01054	0.01624	0.00702	0.01229	0.00834	0.00966	0.00571	0.00658	0.00527	0.00351	0.00263	0.00088	0.00439	0.00219	0.00176	0.00527
9	0.01117	0.01104	0.10417	0.05418	0.23894	0.01033	0.06418	0.29697	0.01262	0.01723	0.01158	0.01273	0.08499	0.00496	0.00465	0.00129	0.04584	0.00416	0.00289	0.00608
10	0.00680	0.00426	0.00532	0.00530	0.00627	0.00397	0.00388	0.00848	0.02812	0.07541	0.32518	0.28271	0.08464	0.00909	0.00461	0.00137	0.00223	0.00800	0.13040	0.00396
11	0.04399	0.21193	0.03270	0.02446	0.02182	0.03148	0.01798	0.11785	0.05730	0.04615	0.26633	0.01678	0.04273	0.00585	0.00439	0.00121	0.04399	0.00464	0.00331	0.00508

[dist]
# distance from previous block
# <min> <max>
0	2

[block]
# block no. 6 follows, 65 sequences, length 13
# corresponding to MSA columns:
# 518-530
name=unknown_G
#
# <colnr> <probs for GDERKNQSTAVLIFYWHMCP>
#	G	D	E	R	K	N	Q	S	T	A	V	L	I	F	Y	W	H	M	C	P
0	0.04937	0.01111	0.12639	0.12440	0.27902	0.04502	0.04060	0.07371	0.10459	0.07443	0.00942	0.01100	0.00720	0.02086	0.00434	0.00133	0.00489	0.00370	0.00263	0.00598
1	0.00630	0.00417	0.00543	0.00555	0.00643	0.00383	0.00407	0.00768	0.00993	0.06692	0.36739	0.33659	0.09735	0.01016	0.00499	0.00147	0.00231	0.05140	0.00419	0.00384
2	0.10941	0.00723	0.00867	0.00653	0.00985	0.00612	0.00532	0.01464	0.00972	0.36266	0.01091	0.01063	0.00764	0.00399	0.00345	0.00096	0.00325	0.00313	0.00357	0.41233
3	0.01055	0.24694	0.24524	0.00956	0.03836	0.08054	0.02300	0.05937	0.07260	0.03388	0.00790	0.00878	0.00620	0.00397	0.00365	0.00108	0.02015	0.00294	0.00229	0.12299
4	0.42835	0.07195	0.07796	0.02762	0.06095	0.15968	0.00691	0.02891	0.03506	0.02846	0.00700	0.00804	0.00549	0.00400	0.00312	0.00120	0.00441	0.00268	0.03324	0.00496
5	0.00583	0.00397	0.00474	0.00486	0.00497	0.00402	0.00294	0.00608	0.00628	0.00845	0.01398	0.13253	0.01600	0.65824	0.10670	0.00396	0.00453	0.00654	0.00263	0.00272
6	0.00914	0.00998	0.10234	0.13810	0.33040	0.00947	0.04899	0.03954	0.04494	0.01319	0.06102	0.01287	0.00907	0.00544	0.02418	0.00148	0.10181	0.03012	0.00233	0.00559
7	0.00808	0.00618	0.00817	0.00697	0.00881	0.00610	0.07197	0.02948	0.18437	0.06559	0.38350	0.02422	0.11713	0.00707	0.00454	0.00130	0.00284	0.00623	0.02208	0.03540
8	0.08393	0.00617	0.00600	0.00562	0.00713	0.07404	0.00430	0.00953	0.05411	0.05403	0.30150	0.04567	0.30180	0.00817	0.00450	0.00133	0.00274	0.02142	0.00388	0.00414
9	0.19400	0.00709	0.00869	0.00685	0.00983	0.00661	0.00564	0.01802	0.01078	0.64265	0.03880	0.01300	0.00987	0.00492	0.00383	0.00127	0.00338	0.00384	0.00455	0.00637
10	0.00991	0.00895	0.02586	0.15764	0.13896	0.00947	0.14185	0.12619	0.18647	0.01490	0.03415	0.01247	0.00875	0.00614	0.03312	0.06768	0.00495	0.00419	0.00281	0.00554
11	0.01334	0.01034	0.01127	0.00910	0.01178	0.01177	0.00740	0.50751	0.24000	0.02185	0.01148	0.01144	0.00848	0.00529	0.00487	0.00132	0.07417	0.00395	0.02810	0.00655
12	0.30808	0.05971	0.04137	0.00927	0.06395	0.02027	0.07320	0.14740	0.09872	0.04557	0.02979	0.00982	0.00730	0.00436	0.00375	0.00124	0.02565	0.00332	0.00294	0.04430

[dist]
# distance from previous block
# <min> <max>
0	1

[block]
# block no. 7 follows, 65 sequences, length 9
# corresponding to MSA columns:
# 532-540
name=unknown_H
#
# <colnr> <probs for GDERKNQSTAVLIFYWHMCP>
#	G	D	E	R	K	N	Q	S	T	A	V	L	I	F	Y	W	H	M	C	P
0	0.16680	0.04447	0.05198	0.04444	0.04877	0.15103	0.00757	0.21657	0.01178	0.11330	0.00869	0.00944	0.00645	0.00456	0.00420	0.00123	0.05543	0.00321	0.04446	0.00562
1	0.00931	0.00767	0.05661	0.00661	0.00896	0.05534	0.00545	0.02790	0.03776	0.13945	0.04970	0.10516	0.17665	0.05419	0.00533	0.00134	0.02799	0.00549	0.00336	0.21575
2	0.00586	0.00431	0.00526	0.00512	0.00603	0.00423	0.00375	0.00749	0.03337	0.01253	0.29344	0.02797	0.20823	0.14432	0.16795	0.00274	0.00407	0.00661	0.05313	0.00360
3	0.01580	0.00718	0.00912	0.00726	0.01008	0.00676	0.00591	0.06975	0.11930	0.57978	0.06651	0.01500	0.01208	0.00533	0.00411	0.00127	0.00335	0.00436	0.05050	0.00656
4	0.25118	0.00730	0.00853	0.00678	0.00971	0.00705	0.00558	0.04615	0.01073	0.55246	0.04491	0.01251	0.00962	0.00486	0.00373	0.00127	0.00338	0.00373	0.00434	0.00618
5	0.00509	0.00416	0.00450	0.00452	0.00577	0.00358	0.00340	0.00631	0.00970	0.01206	0.17872	0.06961	0.62937	0.01017	0.00489	0.00140	0.00213	0.03714	0.00394	0.00354
6	0.03792	0.01036	0.20132	0.00838	0.01164	0.00764	0.00815	0.08895	0.01062	0.35591	0.03706	0.01271	0.00922	0.00792	0.10080	0.00190	0.04712	0.00387	0.03253	0.00599
7	0.05382	0.08041	0.01240	0.03361	0.01204	0.36088	0.00803	0.09305	0.01009	0.01193	0.00647	0.00833	0.00557	0.00575	0.02664	0.00143	0.25941	0.00305	0.00220	0.00489
8	0.00908	0.07703	0.37155	0.08855	0.08682	0.00974	0.06084	0.06029	0.07214	0.01358	0.00990	0.01111	0.04724	0.00430	0.00392	0.00124	0.00514	0.00360	0.00227	0.06167

[dist]
# distance from previous block
# <min> <max>
0	7

[block]
# block no. 8 follows, 65 sequences, length 27
# corresponding to MSA columns:
# 548-574
name=unknown_I
#
# <colnr> <probs for GDERKNQSTAVLIFYWHMCP>
#	G	D	E	R	K	N	Q	S	T	A	V	L	I	F	Y	W	H	M	C	P
0	0.01170	0.02270	0.16800	0.03379	0.10823	0.02337	0.04611	0.29581	0.11007	0.05446	0.02966	0.04454	0.02278	0.00503	0.00415	0.00129	0.00465	0.00420	0.00325	0.00623
1	0.00947	0.04904	0.02776	0.17166	0.42778	0.00915	0.08206	0.01186	0.00910	0.04518	0.00968	0.07188	0.00866	0.00481	0.00423	0.00131	0.00488	0.04352	0.00231	0.00565
2	0.00970	0.00918	0.01270	0.17839	0.29529	0.06852	0.00946	0.01176	0.00882	0.03134	0.00739	0.00965	0.00608	0.00400	0.00470	0.00113	0.08762	0.00326	0.00215	0.23885
3	0.00513	0.00394	0.00450	0.00481	0.00556	0.00355	0.00331	0.00591	0.00826	0.01042	0.04409	0.30968	0.38927	0.15323	0.02766	0.00204	0.00271	0.00910	0.00356	0.00327
4	0.00588	0.00434	0.00629	0.00629	0.00692	0.00496	0.00475	0.00713	0.00651	0.00930	0.01128	0.01769	0.01094	0.15069	0.72049	0.00622	0.00998	0.00463	0.00224	0.00349
5	0.85793	0.00791	0.00614	0.00546	0.00802	0.00911	0.00449	0.01231	0.00713	0.04362	0.00604	0.00689	0.00462	0.00385	0.00259	0.00127	0.00319	0.00228	0.00262	0.00452
6	0.00608	0.00427	0.00526	0.00522	0.00623	0.00391	0.00381	0.00769	0.03026	0.05079	0.37466	0.23016	0.21711	0.02913	0.00526	0.00147	0.00223	0.00848	0.00415	0.00382
7	0.00969	0.01107	0.02422	0.01730	0.02145	0.01038	0.81522	0.01315	0.00969	0.01315	0.00830	0.01107	0.00623	0.00346	0.00484	0.00138	0.00692	0.00484	0.00208	0.00554
8	0.00588	0.00401	0.00483	0.00490	0.00503	0.00411	0.00300	0.00616	0.00621	0.00840	0.01337	0.08804	0.01513	0.66312	0.14721	0.00421	0.00495	0.00616	0.00254	0.00274
9	0.00898	0.00898	0.01257	0.01078	0.01078	0.01257	0.00898	0.00988	0.00629	0.00988	0.00539	0.00898	0.00539	0.00718	0.01347	0.00180	0.84823	0.00359	0.00180	0.00449
10	0.00851	0.00730	0.00851	0.00608	0.00973	0.00547	0.00486	0.01034	0.00851	0.01338	0.00730	0.00851	0.00608	0.00304	0.00304	0.00061	0.00304	0.00243	0.00243	0.88083
11	0.00823	0.02123	0.83447	0.01170	0.01777	0.00953	0.01517	0.01300	0.00867	0.01300	0.00737	0.00867	0.00520	0.00390	0.00390	0.00130	0.00607	0.00303	0.00173	0.00607
12	0.00573	0.00417	0.00540	0.00514	0.00610	0.00383	0.00384	0.00758	0.01137	0.01598	0.76038	0.06317	0.07458	0.00866	0.00486	0.00131	0.00196	0.00765	0.00446	0.00383
13	0.04877	0.29995	0.01356	0.00778	0.01057	0.01221	0.00667	0.13286	0.33953	0.01577	0.04494	0.01250	0.01022	0.00494	0.00363	0.00119	0.00378	0.02196	0.00327	0.00589
14	0.00731	0.00671	0.00929	0.00865	0.00875	0.00869	0.00681	0.00813	0.00695	0.01013	0.01263	0.36350	0.01453	0.00957	0.01001	0.00174	0.49296	0.00698	0.00264	0.00400
15	0.01222	0.00982	0.01041	0.00876	0.01144	0.01115	0.00698	0.31766	0.52360	0.02041	0.01416	0.01328	0.01046	0.00533	0.00415	0.00133	0.00372	0.00429	0.00415	0.00668
16	0.00872	0.01158	0.28123	0.02435	0.03201	0.00729	0.02188	0.02541	0.08251	0.06312	0.10426	0.03814	0.05466	0.00503	0.00395	0.00115	0.00407	0.00421	0.00287	0.22356
17	0.01095	0.01301	0.07381	0.16663	0.10256	0.29735	0.07721	0.02467	0.00973	0.01157	0.00806	0.03005	0.00683	0.00471	0.00475	0.00127	0.07343	0.02269	0.05578	0.00497
18	0.88473	0.00794	0.00603	0.00540	0.00794	0.00921	0.00445	0.01207	0.00699	0.01842	0.00572	0.00667	0.00445	0.00381	0.00254	0.00127	0.00318	0.00222	0.00254	0.00445
19	0.02212	0.00796	0.01178	0.07788	0.33825	0.00831	0.01860	0.06768	0.11480	0.02622	0.03727	0.07130	0.04849	0.00621	0.00444	0.00140	0.00414	0.12460	0.00301	0.00553
20	0.00974	0.08359	0.29063	0.01299	0.11700	0.00954	0.17863	0.02451	0.05604	0.07574	0.04559	0.02658	0.02310	0.00458	0.00417	0.00130	0.00521	0.02276	0.00251	0.00581
21	0.00620	0.00478	0.00584	0.00615	0.00723	0.00468	0.00485	0.00880	0.10273	0.01290	0.15230	0.17949	0.21627	0.01026	0.00510	0.00158	0.00278	0.26015	0.00395	0.00395
22	0.00508	0.00376	0.00468	0.00537	0.00586	0.00345	0.00368	0.00586	0.00813	0.01052	0.02614	0.60238	0.20002	0.06121	0.00608	0.00175	0.00245	0.03653	0.00373	0.00333
23	0.02530	0.03430	0.06355	0.16223	0.35984	0.00995	0.06088	0.07687	0.00973	0.06721	0.00822	0.01053	0.00650	0.01913	0.00504	0.00135	0.06749	0.00370	0.00234	0.00586
24	0.01376	0.01641	0.01161	0.06072	0.02718	0.61258	0.00816	0.03800	0.01083	0.02561	0.00682	0.00842	0.00570	0.00577	0.04317	0.00142	0.09390	0.00296	0.00218	0.00480
25	0.00593	0.00396	0.00449	0.00453	0.00454	0.00395	0.00254	0.00596	0.00605	0.00806	0.01333	0.06084	0.01543	0.82108	0.02025	0.00388	0.00391	0.00620	0.00254	0.00252
26	0.00863	0.00453	0.00606	0.00601	0.00712	0.00411	0.00437	0.00974	0.00933	0.22396	0.11591	0.51834	0.02372	0.01012	0.00485	0.00150	0.00260	0.00903	0.02572	0.00435

[dist]
# distance from previous block
# <min> <max>
0	1

[block]
# block no. 9 follows, 65 sequences, length 28
# corresponding to MSA columns:
# 576-603
name=unknown_J
#
# <colnr> <probs for GDERKNQSTAVLIFYWHMCP>
#	G	D	E	R	K	N	Q	S	T	A	V	L	I	F	Y	W	H	M	C	P
0	0.18524	0.30948	0.11457	0.03849	0.10154	0.09458	0.04675	0.01305	0.00874	0.04415	0.00677	0.00797	0.00547	0.00378	0.00324	0.00112	0.00483	0.00276	0.00212	0.00534
1	0.00547	0.00423	0.00470	0.00457	0.00585	0.00365	0.00343	0.00679	0.01007	0.03247	0.27782	0.05229	0.55472	0.00971	0.00484	0.00136	0.00208	0.00824	0.00406	0.00367
2	0.01224	0.00550	0.00658	0.00554	0.00749	0.00519	0.00441	0.05909	0.01053	0.33478	0.03974	0.01496	0.01106	0.00502	0.00349	0.00110	0.00268	0.00405	0.46130	0.00524
3	0.60563	0.00921	0.04565	0.02830	0.04623	0.04113	0.03447	0.04201	0.02137	0.04891	0.00692	0.00796	0.00528	0.00402	0.00320	0.00127	0.02046	0.00269	0.02041	0.00488
4	0.00889	0.00459	0.00561	0.00529	0.00658	0.00430	0.00400	0.02265	0.00980	0.17350	0.16273	0.19370	0.04011	0.00742	0.00408	0.00126	0.00240	0.01872	0.32000	0.00438
5	0.02172	0.03119	0.08411	0.11150	0.15908	0.02787	0.04218	0.13411	0.14378	0.03068	0.01918	0.01163	0.02296	0.00470	0.00464	0.00128	0.06335	0.00383	0.03382	0.04840
6	0.41089	0.04207	0.01024	0.03122	0.01116	0.00897	0.10061	0.04699	0.05790	0.16465	0.00891	0.00942	0.00647	0.00409	0.00335	0.00123	0.00383	0.00314	0.00305	0.07183
7	0.12241	0.23442	0.01320	0.00867	0.02284	0.27864	0.00703	0.10032	0.13116	0.01377	0.00813	0.00876	0.00656	0.00484	0.02192	0.00123	0.00520	0.00293	0.00259	0.00535
8	0.00654	0.00386	0.00537	0.00537	0.00552	0.00401	0.00359	0.00594	0.00579	0.00787	0.00958	0.01729	0.00998	0.25401	0.19192	0.44923	0.00526	0.00442	0.00207	0.00238
9	0.01114	0.01060	0.02501	0.01074	0.10585	0.11578	0.00767	0.09519	0.48375	0.01612	0.01305	0.01296	0.01000	0.00610	0.03647	0.00152	0.02430	0.00412	0.00349	0.00616
10	0.00616	0.00447	0.00603	0.00672	0.00763	0.00434	0.00561	0.00785	0.00955	0.01253	0.13199	0.13635	0.09852	0.01103	0.00544	0.00174	0.00322	0.53323	0.00389	0.00371
11	0.11000	0.06809	0.24365	0.05872	0.04649	0.02967	0.13879	0.06046	0.04249	0.10226	0.02485	0.01082	0.02412	0.00433	0.00406	0.00128	0.01797	0.00366	0.00260	0.00569
12	0.04614	0.18374	0.04782	0.01856	0.05396	0.25836	0.03018	0.17960	0.03818	0.04614	0.00820	0.00899	0.00640	0.00425	0.00357	0.00111	0.00524	0.00308	0.05092	0.00556
13	0.00678	0.00563	0.00850	0.41918	0.01651	0.00647	0.00714	0.00845	0.00800	0.01058	0.13273	0.05381	0.01434	0.27421	0.00957	0.00219	0.00434	0.00528	0.00252	0.00375
14	0.00707	0.01045	0.26540	0.02354	0.04368	0.00664	0.07969	0.02267	0.02339	0.01289	0.12168	0.19883	0.12614	0.00752	0.00460	0.00141	0.00408	0.03257	0.00301	0.00474
15	0.03557	0.17660	0.27608	0.01015	0.01405	0.04874	0.12080	0.02355	0.06176	0.07614	0.01721	0.05885	0.00810	0.00470	0.00404	0.00125	0.02008	0.01574	0.00247	0.02414
16	0.04918	0.01370	0.30508	0.02716	0.14802	0.00964	0.15557	0.08529	0.06033	0.07569	0.00927	0.02668	0.00698	0.00424	0.00412	0.00131	0.00531	0.00384	0.00253	0.00607
17	0.00838	0.01183	0.37096	0.00781	0.01119	0.00661	0.03097	0.01158	0.00878	0.04571	0.01070	0.01221	0.00804	0.00437	0.00343	0.00113	0.00394	0.00352	0.43386	0.00498
18	0.00517	0.00428	0.00472	0.00499	0.02102	0.00371	0.00367	0.00636	0.00945	0.01160	0.09863	0.08565	0.64200	0.01034	0.00492	0.00143	0.00227	0.07238	0.00383	0.00357
19	0.01117	0.07079	0.06406	0.12454	0.18582	0.06506	0.14977	0.06897	0.05396	0.11164	0.01040	0.02445	0.03190	0.00443	0.00413	0.00127	0.00512	0.00404	0.00268	0.00580
20	0.00805	0.02485	0.18330	0.24248	0.08652	0.03268	0.02586	0.01150	0.07829	0.01195	0.05278	0.03375	0.00948	0.03069	0.14802	0.00229	0.00607	0.00416	0.00231	0.00497
21	0.00489	0.00416	0.00421	0.00420	0.00557	0.00348	0.00315	0.00596	0.00944	0.01130	0.07186	0.03916	0.79806	0.01032	0.00485	0.00138	0.00207	0.00862	0.00384	0.00348
22	0.00879	0.00857	0.01379	0.51452	0.22125	0.04030	0.05927	0.01176	0.04013	0.01173	0.02598	0.01123	0.00677	0.00411	0.00414	0.00132	0.00532	0.00381	0.00205	0.00516
23	0.03268	0.08170	0.29091	0.02588	0.16753	0.03357	0.04480	0.11073	0.03491	0.09448	0.00879	0.00982	0.00650	0.00418	0.00404	0.00124	0.02009	0.00340	0.01865	0.00611
24	0.00867	0.00690	0.00974	0.02506	0.13869	0.00705	0.06010	0.02755	0.18228	0.07263	0.06985	0.16993	0.10650	0.01835	0.00497	0.00147	0.01666	0.06497	0.00355	0.00509
25	0.00600	0.00436	0.00551	0.00519	0.00623	0.00409	0.00390	0.00826	0.04263	0.01617	0.72762	0.02997	0.07672	0.00826	0.00475	0.00129	0.00199	0.00725	0.03587	0.00395
26	0.75610	0.03290	0.00690	0.02317	0.00860	0.00918	0.00479	0.02970	0.00767	0.05431	0.03175	0.00789	0.00586	0.00403	0.00275	0.00126	0.00326	0.00253	0.00271	0.00462
27	0.01037	0.18177	0.13544	0.02298	0.09503	0.07896	0.02406	0.08203	0.03889	0.01351	0.00765	0.00881	0.00616	0.00374	0.00343	0.00098	0.00453	0.00290	0.02013	0.25866

[dist]
# distance from previous block
# <min> <max>
0	1

[block]
# block no. 10 follows, 65 sequences, length 25
# corresponding to MSA columns:
# 605-629
name=unknown_K
#
# <colnr> <probs for GDERKNQSTAVLIFYWHMCP>
#	G	D	E	R	K	N	Q	S	T	A	V	L	I	F	Y	W	H	M	C	P
0	0.16969	0.09264	0.06543	0.01047	0.10914	0.16227	0.00800	0.15821	0.01121	0.13088	0.00838	0.00903	0.00627	0.00435	0.00396	0.00120	0.03714	0.00311	0.00288	0.00575
1	0.00952	0.01026	0.05619	0.04084	0.39882	0.03170	0.16511	0.01188	0.00881	0.01239	0.00870	0.04183	0.02612	0.00478	0.00592	0.00138	0.15378	0.00423	0.00209	0.00566
2	0.00610	0.00427	0.00554	0.00518	0.00622	0.00391	0.00390	0.00799	0.01153	0.03720	0.77579	0.03059	0.06947	0.00839	0.00482	0.00129	0.00198	0.00739	0.00450	0.00394
3	0.00498	0.00379	0.00459	0.00518	0.00582	0.00340	0.00358	0.00585	0.00850	0.01090	0.05869	0.55161	0.29457	0.01187	0.00510	0.00156	0.00226	0.01051	0.00384	0.00340
4	0.28907	0.00574	0.00580	0.00551	0.00706	0.00608	0.00433	0.05391	0.00955	0.01635	0.24107	0.09771	0.05147	0.00700	0.00391	0.00133	0.00267	0.07049	0.11682	0.00415
5	0.01112	0.00516	0.00699	0.00651	0.00811	0.00461	0.00494	0.01228	0.00968	0.38139	0.01969	0.43895	0.01933	0.00929	0.00476	0.00150	0.00294	0.04336	0.00438	0.00500
6	0.00552	0.00399	0.00521	0.00532	0.00606	0.00368	0.00383	0.00702	0.01031	0.01433	0.54011	0.30450	0.05488	0.00993	0.00497	0.00142	0.00209	0.00887	0.00427	0.00368
7	0.01560	0.01150	0.01232	0.00944	0.01273	0.01273	0.00780	0.81645	0.01930	0.02587	0.00986	0.00986	0.00698	0.00493	0.00411	0.00123	0.00452	0.00370	0.00411	0.00698
8	0.88473	0.00794	0.00603	0.00540	0.00794	0.00921	0.00445	0.01207	0.00699	0.01842	0.00572	0.00667	0.00445	0.00381	0.00254	0.00127	0.00318	0.00222	0.00254	0.00445
9	0.88473	0.00794	0.00603	0.00540	0.00794	0.00921	0.00445	0.01207	0.00699	0.01842	0.00572	0.00667	0.00445	0.00381	0.00254	0.00127	0.00318	0.00222	0.00254	0.00445
10	0.00581	0.00420	0.00549	0.00516	0.00613	0.00387	0.00387	0.00775	0.01162	0.01646	0.82797	0.03066	0.03873	0.00839	0.00484	0.00129	0.00194	0.00742	0.00452	0.00387
11	0.01097	0.85821	0.02151	0.00702	0.01054	0.01624	0.00702	0.01229	0.00834	0.00966	0.00571	0.00658	0.00527	0.00351	0.00263	0.00088	0.00439	0.00219	0.00176	0.00527
12	0.01560	0.01150	0.01232	0.00944	0.01273	0.01273	0.00780	0.81645	0.01930	0.02587	0.00986	0.00986	0.00698	0.00493	0.00411	0.00123	0.00452	0.00370	0.00411	0.00698
13	0.01143	0.00894	0.00961	0.00838	0.01087	0.01013	0.00659	0.10272	0.67499	0.08423	0.01597	0.01465	0.01177	0.00546	0.00417	0.00137	0.00340	0.00450	0.00424	0.00659
14	0.00581	0.00420	0.00549	0.00516	0.00613	0.00387	0.00387	0.00775	0.01162	0.01646	0.82797	0.03066	0.03873	0.00839	0.00484	0.00129	0.00194	0.00742	0.00452	0.00387
15	0.03632	0.00549	0.00658	0.00556	0.00755	0.00515	0.00443	0.03743	0.01018	0.36186	0.01455	0.04033	0.01062	0.00514	0.00350	0.00113	0.00271	0.00415	0.43207	0.00526
16	0.01688	0.00754	0.00964	0.00760	0.01063	0.00710	0.00621	0.06322	0.14879	0.65204	0.01594	0.01398	0.01039	0.00515	0.00414	0.00129	0.00351	0.00419	0.00488	0.00690
17	0.01390	0.00787	0.01120	0.01242	0.24341	0.00759	0.00782	0.01729	0.14096	0.41701	0.01477	0.04477	0.03157	0.00518	0.00418	0.00129	0.00377	0.00447	0.00399	0.00654
18	0.00502	0.00362	0.00476	0.00562	0.00594	0.00336	0.00378	0.00580	0.00807	0.01072	0.05221	0.78336	0.06740	0.01258	0.00521	0.00164	0.00235	0.01137	0.00384	0.00336
19	0.00563	0.00400	0.00531	0.00599	0.00659	0.00380	0.00449	0.00689	0.00896	0.01210	0.15664	0.45988	0.05099	0.01140	0.00520	0.00163	0.00264	0.21325	0.03105	0.00356
20	0.01078	0.01073	0.01336	0.08969	0.09463	0.12619	0.06897	0.12338	0.03695	0.01300	0.00732	0.00977	0.00617	0.00623	0.03368	0.00162	0.33641	0.00364	0.00230	0.00520
21	0.00914	0.03426	0.19933	0.16644	0.39791	0.00977	0.02479	0.01221	0.02432	0.01255	0.00834	0.01058	0.02446	0.00414	0.00447	0.00129	0.04454	0.00362	0.00199	0.00585
22	0.01739	0.00707	0.00941	0.00731	0.01035	0.00631	0.00600	0.04540	0.04431	0.73457	0.05540	0.01470	0.01154	0.00526	0.00416	0.00127	0.00344	0.00429	0.00499	0.00682
23	0.00493	0.00383	0.00449	0.00502	0.00577	0.00339	0.00350	0.00579	0.00853	0.01075	0.03111	0.48892	0.38581	0.01176	0.00507	0.00154	0.00225	0.01032	0.00381	0.00339
24	0.52380	0.10990	0.00990	0.05097	0.04312	0.12091	0.02494	0.02508	0.00817	0.01537	0.00625	0.00756	0.00505	0.00469	0.02889	0.00137	0.00442	0.00256	0.00234	0.00471

[dist]
# distance from previous block
# <min> <max>
0	5

[block]
# block no. 11 follows, 65 sequences, length 26
# corresponding to MSA columns:
# 635-660
name=unknown_L
#
# <colnr> <probs for GDERKNQSTAVLIFYWHMCP>
#	G	D	E	R	K	N	Q	S	T	A	V	L	I	F	Y	W	H	M	C	P
0	0.01118	0.63778	0.09117	0.00797	0.01144	0.08053	0.00790	0.04465	0.02563	0.01079	0.00628	0.00722	0.00548	0.00383	0.00330	0.00099	0.03413	0.00246	0.00193	0.00536
1	0.00849	0.00866	0.01650	0.53789	0.05152	0.00957	0.28484	0.01146	0.00875	0.01149	0.00765	0.01096	0.00576	0.00387	0.00435	0.00137	0.00595	0.00406	0.00192	0.00495
2	0.00568	0.00402	0.00492	0.00493	0.00547	0.00380	0.00331	0.00668	0.00888	0.01214	0.36018	0.15113	0.08578	0.31284	0.01065	0.00232	0.00274	0.00762	0.00364	0.00327
3	0.00730	0.00688	0.00908	0.03641	0.00937	0.00839	0.02248	0.00900	0.05221	0.01116	0.06405	0.03714	0.30168	0.00823	0.00878	0.00158	0.39339	0.00584	0.00284	0.00420
4	0.04629	0.00655	0.00857	0.00673	0.00955	0.00582	0.00551	0.01820	0.01112	0.68479	0.01542	0.01392	0.01002	0.00499	0.00389	0.00122	0.00325	0.00402	0.13371	0.00643
