[name]
unknown

[dist]
# distance from previous block
# <min> <max>
1	62

[block]
# block no. 0 follows, 53 sequences, length 20
# corresponding to MSA columns:
# 72-91
name=unknown_A
#
# <colnr> <probs for GDERKNQSTAVLIFYWHMCP>
#	G	D	E	R	K	N	Q	S	T	A	V	L	I	F	Y	W	H	M	C	P
0	0.03662	0.00998	0.01243	0.09531	0.03562	0.04645	0.03871	0.19547	0.05140	0.24954	0.04849	0.07823	0.01263	0.00756	0.03312	0.00175	0.03012	0.00539	0.00437	0.00682
1	0.04698	0.10636	0.18678	0.09784	0.12971	0.04447	0.02353	0.05816	0.03100	0.06552	0.04328	0.10539	0.02862	0.00623	0.00465	0.00149	0.00536	0.00523	0.00308	0.00631
2	0.05407	0.05430	0.24361	0.02621	0.17415	0.01122	0.12420	0.09820	0.02299	0.03864	0.02646	0.04000	0.02328	0.03541	0.00545	0.00161	0.00593	0.00472	0.00286	0.00670
3	0.04953	0.01039	0.01693	0.35196	0.21779	0.03705	0.13269	0.01359	0.01026	0.01429	0.00868	0.01188	0.00682	0.00439	0.00467	0.00144	0.00612	0.00421	0.00235	0.09494
4	0.00770	0.00626	0.00941	0.10566	0.08508	0.00670	0.02754	0.00902	0.00915	0.01235	0.04432	0.28743	0.06402	0.07315	0.06582	0.06607	0.06364	0.04887	0.00335	0.00444
5	0.01042	0.01458	0.29377	0.09080	0.04044	0.04231	0.12381	0.01409	0.02650	0.08166	0.03110	0.15639	0.01255	0.00761	0.03084	0.00179	0.00616	0.00599	0.00302	0.00615
6	0.01110	0.01022	0.07898	0.24570	0.07641	0.02906	0.08989	0.02915	0.02508	0.11436	0.03386	0.05876	0.03487	0.00771	0.05366	0.00188	0.00597	0.02261	0.00316	0.06756
7	0.01221	0.00770	0.00947	0.07259	0.01193	0.00785	0.00667	0.13296	0.10355	0.18439	0.19865	0.09987	0.09971	0.00822	0.00518	0.00155	0.00367	0.00698	0.02074	0.00613
8	0.04038	0.01259	0.06985	0.17114	0.13357	0.12238	0.11873	0.09646	0.01177	0.02779	0.02544	0.05503	0.00908	0.00624	0.00598	0.06335	0.01671	0.00476	0.00279	0.00597
9	0.01186	0.03384	0.14943	0.08266	0.03392	0.00823	0.03890	0.07078	0.01135	0.18689	0.03577	0.18686	0.03008	0.03578	0.00658	0.05606	0.00478	0.00653	0.00378	0.00593
10	0.09767	0.04876	0.11645	0.02275	0.03899	0.18399	0.02558	0.05335	0.07874	0.18369	0.01443	0.01455	0.06780	0.00645	0.02495	0.00159	0.00576	0.00438	0.00362	0.00651
11	0.01229	0.39533	0.16589	0.02705	0.03047	0.14088	0.01006	0.01460	0.01038	0.01254	0.00908	0.01034	0.03954	0.00479	0.00425	0.00121	0.03811	0.00329	0.00227	0.06763
12	0.07316	0.04681	0.26382	0.07239	0.11121	0.02528	0.06813	0.07577	0.03076	0.07648	0.04031	0.04006	0.02625	0.00550	0.00489	0.00151	0.02343	0.00459	0.00301	0.00663
13	0.00613	0.00476	0.00561	0.00591	0.00706	0.00425	0.00442	0.00757	0.01104	0.01416	0.19287	0.22438	0.39054	0.01241	0.00585	0.00173	0.00267	0.08990	0.00460	0.00413
14	0.01205	0.64250	0.15230	0.00899	0.01358	0.01673	0.00955	0.01428	0.00979	0.01220	0.00710	0.00823	0.00619	0.00412	0.00334	0.00108	0.00532	0.00274	0.00210	0.06781
15	0.05703	0.03314	0.23618	0.11563	0.01801	0.02851	0.04164	0.20177	0.06145	0.09619	0.01220	0.04301	0.02290	0.00561	0.00468	0.00151	0.00566	0.00455	0.00346	0.00688
16	0.01213	0.01016	0.01523	0.19112	0.36099	0.04337	0.02167	0.06057	0.01171	0.09784	0.03004	0.04156	0.05224	0.00576	0.00491	0.00151	0.00541	0.02404	0.00312	0.00663
17	0.00797	0.00535	0.00742	0.00750	0.00838	0.00542	0.02289	0.00925	0.00914	0.06894	0.02022	0.22797	0.04073	0.18716	0.17852	0.00370	0.02191	0.15954	0.00373	0.00426
18	0.83416	0.00982	0.03658	0.00656	0.00967	0.01074	0.00564	0.01409	0.00821	0.02121	0.00673	0.00785	0.00521	0.00444	0.00302	0.00148	0.00382	0.00262	0.00292	0.00525
19	0.00683	0.00461	0.00539	0.00551	0.00558	0.00464	0.00323	0.00701	0.00722	0.00968	0.01608	0.11231	0.01852	0.70161	0.06869	0.00454	0.00492	0.00752	0.00303	0.00308

[dist]
# distance from previous block
# <min> <max>
7	21

[block]
# block no. 1 follows, 53 sequences, length 18
# corresponding to MSA columns:
# 113-130
name=unknown_B
#
# <colnr> <probs for GDERKNQSTAVLIFYWHMCP>
#	G	D	E	R	K	N	Q	S	T	A	V	L	I	F	Y	W	H	M	C	P
0	0.04388	0.01621	0.35187	0.06217	0.20877	0.01052	0.03932	0.01495	0.06958	0.01544	0.00944	0.01144	0.00728	0.00507	0.00515	0.03960	0.00592	0.00389	0.00244	0.07708
1	0.00975	0.00923	0.01553	0.55470	0.26324	0.01061	0.01336	0.01277	0.01000	0.01326	0.01002	0.01361	0.03401	0.00487	0.00479	0.00154	0.00603	0.00445	0.00228	0.00595
2	0.00913	0.02566	0.08830	0.01017	0.06760	0.04369	0.03071	0.01410	0.20058	0.01609	0.16746	0.18527	0.08683	0.00888	0.00528	0.00162	0.00402	0.02480	0.00411	0.00569
3	0.75559	0.00910	0.00756	0.00658	0.00963	0.01024	0.00542	0.01526	0.00886	0.12378	0.00825	0.00887	0.00604	0.00463	0.00320	0.00148	0.00375	0.00288	0.00334	0.00556
4	0.00806	0.00429	0.00633	0.00633	0.00642	0.00438	0.00428	0.00652	0.00643	0.00866	0.00918	0.01595	0.00922	0.06492	0.10645	0.71849	0.00513	0.00442	0.00218	0.00236
5	0.00590	0.00421	0.00563	0.00674	0.00705	0.00395	0.00456	0.00678	0.00922	0.01228	0.02630	0.79861	0.03145	0.01490	0.00612	0.00195	0.00284	0.04316	0.00444	0.00390
6	0.00639	0.00498	0.00572	0.00585	0.00706	0.00458	0.00427	0.00843	0.05316	0.01457	0.20193	0.22740	0.37140	0.01236	0.02479	0.00180	0.00278	0.01008	0.02813	0.00431
7	0.01697	0.02092	0.01314	0.01193	0.01443	0.69355	0.00899	0.02003	0.12972	0.01293	0.00919	0.00999	0.00741	0.00516	0.00439	0.00129	0.00790	0.00342	0.00282	0.00584
8	0.00707	0.00511	0.00668	0.00732	0.00828	0.00494	0.00590	0.00875	0.01064	0.01394	0.12614	0.12060	0.12205	0.11383	0.00850	0.00232	0.00376	0.41570	0.00433	0.00414
9	0.01233	0.01100	0.01681	0.01398	0.04392	0.01345	0.14319	0.08853	0.01014	0.08162	0.00853	0.01152	0.00714	0.00701	0.01157	0.00187	0.50409	0.00450	0.00274	0.00605
10	0.01488	0.01020	0.01218	0.00914	0.01310	0.00961	0.03255	0.26014	0.05010	0.17233	0.01197	0.01209	0.00867	0.00484	0.00431	0.00116	0.00434	0.00389	0.00412	0.36039
11	0.01475	0.01108	0.01165	0.00990	0.01296	0.04451	0.00785	0.17322	0.49794	0.13580	0.01732	0.01599	0.01258	0.00619	0.00482	0.00155	0.00431	0.00501	0.00490	0.00767
12	0.01192	0.09887	0.31581	0.01067	0.01507	0.01120	0.01120	0.17431	0.06860	0.06541	0.03885	0.13173	0.01246	0.00666	0.00474	0.00152	0.00529	0.00544	0.00349	0.00674
13	0.00645	0.00469	0.00556	0.00567	0.00676	0.00421	0.00416	0.00751	0.01065	0.01385	0.20389	0.13946	0.37683	0.01235	0.00729	0.10832	0.00273	0.04304	0.03269	0.00391
14	0.00848	0.02812	0.26096	0.03418	0.02909	0.00789	0.04846	0.04140	0.01064	0.01481	0.08177	0.23483	0.07350	0.03161	0.00572	0.00168	0.00476	0.02452	0.00336	0.05419
15	0.01296	0.66365	0.07118	0.00928	0.01350	0.03369	0.03928	0.06524	0.02972	0.01310	0.00752	0.00853	0.00651	0.00430	0.00344	0.00112	0.00539	0.00293	0.00231	0.00636
16	0.04115	0.17168	0.39938	0.01197	0.01750	0.01202	0.09037	0.03675	0.01074	0.08961	0.00930	0.01045	0.00684	0.00449	0.00428	0.00137	0.00609	0.00362	0.00260	0.06981
17	0.01294	0.38435	0.05447	0.05331	0.08928	0.14807	0.06221	0.01546	0.04154	0.03509	0.03463	0.03127	0.00877	0.00490	0.00404	0.00126	0.00587	0.00380	0.00256	0.00619

[dist]
# distance from previous block
# <min> <max>
2	21

[block]
# block no. 2 follows, 53 sequences, length 33
# corresponding to MSA columns:
# 152-157,171-177,180-199
name=unknown_C
#
# <colnr> <probs for GDERKNQSTAVLIFYWHMCP>
#	G	D	E	R	K	N	Q	S	T	A	V	L	I	F	Y	W	H	M	C	P
0	0.26393	0.00651	0.00669	0.00665	0.00834	0.00675	0.00503	0.02060	0.04927	0.02959	0.08044	0.30363	0.11034	0.00995	0.00492	0.00168	0.00318	0.04624	0.00405	0.03223
1	0.01802	0.00616	0.00840	0.13333	0.06288	0.00638	0.00664	0.03413	0.01079	0.01451	0.17223	0.08198	0.21900	0.04654	0.11971	0.00257	0.00494	0.02645	0.02064	0.00469
2	0.01952	0.01123	0.01301	0.00997	0.01374	0.01162	0.00824	0.47268	0.01886	0.34882	0.01451	0.01345	0.00965	0.00581	0.00479	0.00145	0.00477	0.00451	0.00525	0.00813
3	0.18730	0.00764	0.00906	0.00734	0.01036	0.00725	0.00598	0.01885	0.01205	0.48932	0.06539	0.01602	0.01267	0.00582	0.00429	0.00143	0.00362	0.00456	0.12427	0.00680
4	0.00666	0.00476	0.00619	0.00614	0.00712	0.00441	0.00454	0.00863	0.01253	0.01762	0.60260	0.17727	0.05755	0.01073	0.00569	0.00159	0.00241	0.03107	0.02811	0.00438
5	0.01278	0.83490	0.02505	0.00818	0.01227	0.01891	0.00818	0.01431	0.00971	0.01125	0.00664	0.00767	0.00613	0.00409	0.00307	0.00102	0.00511	0.00256	0.00204	0.00613
6	0.00681	0.00475	0.00643	0.00676	0.00736	0.00505	0.00490	0.00807	0.00829	0.01181	0.01749	0.23261	0.01868	0.16107	0.36378	0.00486	0.00752	0.04118	0.07863	0.00396
7	0.00684	0.00506	0.00739	0.00739	0.00814	0.00581	0.00561	0.00835	0.00759	0.01088	0.01307	0.02027	0.01260	0.13124	0.71858	0.00732	0.01182	0.00534	0.00260	0.00410
8	0.00695	0.00463	0.00521	0.00521	0.00521	0.00463	0.00290	0.00695	0.00695	0.00927	0.01506	0.03128	0.01738	0.83203	0.02433	0.00463	0.00463	0.00695	0.00290	0.00290
9	0.00601	0.00469	0.00547	0.00574	0.00687	0.00415	0.00420	0.00737	0.01097	0.01408	0.19827	0.25889	0.40126	0.01245	0.00581	0.00170	0.00256	0.04080	0.00461	0.00411
10	0.02967	0.07679	0.26473	0.01505	0.02017	0.02574	0.32541	0.10371	0.04609	0.01697	0.00975	0.01161	0.00725	0.00454	0.00486	0.00150	0.00684	0.00447	0.01806	0.00678
11	0.01070	0.29799	0.31494	0.01215	0.01707	0.01321	0.13218	0.01420	0.01026	0.01372	0.01025	0.01536	0.00904	0.00543	0.00447	0.00145	0.00620	0.10267	0.00240	0.00630
12	0.01251	0.74223	0.06899	0.00860	0.01271	0.03377	0.00873	0.01429	0.00986	0.01159	0.00745	0.00950	0.00691	0.00446	0.00330	0.00110	0.00527	0.03048	0.00214	0.00611
13	0.77554	0.03905	0.00780	0.00641	0.00939	0.01070	0.00532	0.01440	0.00849	0.05624	0.00743	0.00839	0.00569	0.00452	0.00305	0.00145	0.00373	0.00273	0.02434	0.00533
14	0.22464	0.03048	0.08714	0.01021	0.02706	0.03344	0.00883	0.38971	0.08826	0.03988	0.01066	0.01097	0.00778	0.00530	0.00427	0.00146	0.00498	0.00385	0.00395	0.00713
15	0.01161	0.00961	0.01313	0.40701	0.03539	0.01122	0.01076	0.16445	0.17027	0.03648	0.01281	0.01672	0.01012	0.00597	0.00493	0.00161	0.00542	0.06269	0.00346	0.00634
16	0.00695	0.00466	0.00532	0.00532	0.00536	0.00469	0.00303	0.00702	0.00698	0.00935	0.01496	0.03073	0.01714	0.79704	0.05899	0.00477	0.00499	0.00687	0.00288	0.00296
17	0.01162	0.01115	0.01903	0.08743	0.74573	0.01130	0.01457	0.01449	0.01079	0.01537	0.00895	0.01190	0.00748	0.00430	0.00474	0.00143	0.00573	0.00426	0.00235	0.00740
18	0.01236	0.00705	0.00852	0.00726	0.00954	0.00681	0.00573	0.09403	0.07990	0.23168	0.29538	0.02631	0.11530	0.00799	0.00509	0.00148	0.00320	0.00674	0.06956	0.00606
19	0.01497	0.01093	0.01299	0.01262	0.12325	0.01188	0.00888	0.22614	0.36364	0.13834	0.01578	0.01507	0.01148	0.00589	0.00481	0.00152	0.00448	0.00486	0.00465	0.00780
20	0.00640	0.00468	0.00636	0.00670	0.00746	0.00464	0.00490	0.00793	0.01022	0.01409	0.25309	0.33391	0.06635	0.01841	0.20566	0.00322	0.00513	0.03243	0.00422	0.00419
21	0.01031	0.01099	0.12951	0.01216	0.13447	0.00789	0.05510	0.01305	0.01058	0.06031	0.03670	0.03640	0.06997	0.00537	0.00444	0.00120	0.00457	0.02623	0.00307	0.36767
22	0.00688	0.00493	0.00672	0.00672	0.00724	0.00545	0.00477	0.00792	0.00740	0.01038	0.01369	0.02367	0.01407	0.34728	0.50455	0.00649	0.00961	0.00584	0.00269	0.00373
23	0.01188	0.12947	0.10914	0.19346	0.19160	0.04557	0.09951	0.02976	0.01080	0.06767	0.00965	0.01279	0.00772	0.00494	0.00499	0.00148	0.03243	0.02809	0.00258	0.00647
24	0.00991	0.00850	0.00991	0.00708	0.01133	0.00637	0.00566	0.01203	0.00991	0.01557	0.00850	0.00991	0.00708	0.00354	0.00354	0.00071	0.00354	0.00283	0.00283	0.86124
25	0.00683	0.00512	0.00768	0.00768	0.00853	0.00597	0.00597	0.00853	0.00768	0.01110	0.01280	0.01878	0.01195	0.03585	0.81308	0.00768	0.01280	0.00512	0.00256	0.00427
26	0.00678	0.00456	0.00526	0.00544	0.00548	0.00452	0.00313	0.00691	0.00729	0.00972	0.01680	0.15447	0.01958	0.70583	0.02151	0.00422	0.00435	0.00798	0.00313	0.00305
27	0.00647	0.00474	0.00677	0.00717	0.00776	0.00514	0.00524	0.00776	0.00817	0.01139	0.01784	0.31294	0.01938	0.07389	0.47559	0.00543	0.00870	0.00829	0.00326	0.00405
28	0.00795	0.00519	0.00618	0.00586	0.00743	0.00454	0.00442	0.00955	0.01192	0.11124	0.28919	0.12084	0.37613	0.01089	0.00559	0.00160	0.00260	0.00934	0.00489	0.00467
29	0.03882	0.03035	0.01050	0.05436	0.01235	0.00721	0.00693	0.01912	0.03011	0.54756	0.02028	0.10681	0.05789	0.00731	0.00495	0.00155	0.00399	0.02766	0.00521	0.00703
30	0.01157	0.00804	0.00906	0.00784	0.01026	0.00836	0.00614	0.07316	0.29897	0.10060	0.18976	0.02049	0.01959	0.00671	0.00468	0.00141	0.00332	0.00562	0.13592	0.07849
31	0.01050	0.03387	0.03941	0.25893	0.39092	0.03439	0.04491	0.01330	0.01041	0.01408	0.02139	0.08648	0.00979	0.00548	0.00486	0.00151	0.00578	0.00512	0.00251	0.00636
32	0.03080	0.24384	0.05642	0.07796	0.31179	0.01268	0.02388	0.02817	0.02314	0.01456	0.03381	0.01128	0.00824	0.00463	0.00436	0.01455	0.00526	0.00375	0.00247	0.08841

[dist]
# distance from previous block
# <min> <max>
0	1

[block]
# block no. 3 follows, 53 sequences, length 15
# corresponding to MSA columns:
# 202-216
name=unknown_D
#
# <colnr> <probs for GDERKNQSTAVLIFYWHMCP>
#	G	D	E	R	K	N	Q	S	T	A	V	L	I	F	Y	W	H	M	C	P
0	0.47861	0.12735	0.07529	0.00971	0.07008	0.08154	0.00793	0.07257	0.01026	0.01890	0.00740	0.00859	0.00586	0.00452	0.00348	0.00139	0.00485	0.00295	0.00281	0.00589
1	0.01009	0.00796	0.01001	0.08384	0.06254	0.03205	0.00771	0.01432	0.16660	0.04777	0.03100	0.04981	0.01446	0.05175	0.07165	0.00228	0.09491	0.09841	0.13733	0.00550
2	0.00932	0.04861	0.54859	0.01165	0.01691	0.01021	0.01390	0.03599	0.01052	0.01521	0.08063	0.01590	0.05246	0.02979	0.03441	0.00184	0.03657	0.01854	0.00260	0.00635
3	0.03759	0.01103	0.06419	0.13584	0.01742	0.06616	0.13310	0.07061	0.04483	0.12063	0.01331	0.09873	0.01151	0.02279	0.00568	0.00161	0.03099	0.04179	0.00344	0.06872
4	0.01041	0.12002	0.58695	0.01282	0.01893	0.01199	0.05450	0.05910	0.01086	0.01547	0.00993	0.01208	0.02439	0.00495	0.00452	0.00148	0.00660	0.02586	0.00232	0.00684
5	0.00811	0.00533	0.00692	0.00634	0.00773	0.00496	0.00482	0.01072	0.04025	0.08205	0.71056	0.03354	0.04139	0.00935	0.00554	0.00151	0.00245	0.00823	0.00530	0.00490
6	0.01281	0.03483	0.39847	0.01129	0.01632	0.01078	0.01237	0.18060	0.04069	0.12738	0.01371	0.06642	0.04095	0.00603	0.00475	0.00152	0.00564	0.00484	0.00350	0.00711
7	0.01330	0.04076	0.34420	0.04232	0.04056	0.01187	0.03329	0.22291	0.07637	0.09402	0.01153	0.02803	0.00843	0.00533	0.00469	0.00149	0.00585	0.00428	0.00343	0.00733
8	0.03794	0.00475	0.00628	0.00630	0.00671	0.00503	0.00434	0.00759	0.00720	0.01041	0.01246	0.05591	0.01288	0.24263	0.24209	0.28206	0.00656	0.00556	0.04010	0.00321
9	0.00669	0.00449	0.00579	0.00652	0.00717	0.00418	0.00460	0.00788	0.00993	0.03635	0.08587	0.57639	0.08666	0.01331	0.00583	0.00183	0.00282	0.06365	0.06590	0.00414
10	0.08432	0.01091	0.01414	0.17599	0.24754	0.05300	0.01074	0.18233	0.04594	0.02908	0.01220	0.04305	0.03677	0.00576	0.00472	0.00151	0.00536	0.02679	0.00326	0.00660
11	0.01062	0.01012	0.01721	0.37135	0.46966	0.01104	0.01407	0.01361	0.01031	0.01414	0.00878	0.01222	0.00705	0.00448	0.00475	0.00149	0.00598	0.00425	0.00226	0.00659
12	0.02820	0.00995	0.01503	0.17605	0.39541	0.04503	0.01172	0.03419	0.01116	0.04492	0.09045	0.01598	0.01206	0.00745	0.06002	0.00191	0.00593	0.02524	0.00290	0.00641
13	0.00763	0.00538	0.00705	0.00670	0.00771	0.00544	0.00479	0.00873	0.00798	0.03574	0.01419	0.07731	0.01460	0.30767	0.36055	0.00520	0.00789	0.00605	0.00294	0.10645
14	0.19910	0.03137	0.24573	0.01107	0.01559	0.01144	0.08437	0.15491	0.07301	0.08930	0.01160	0.01219	0.02956	0.00516	0.00439	0.00150	0.00541	0.00409	0.00339	0.00682

[dist]
# distance from previous block
# <min> <max>
3	5

[block]
# block no. 4 follows, 53 sequences, length 51
# corresponding to MSA columns:
# 222-239,241-273
name=unknown_E
#
# <colnr> <probs for GDERKNQSTAVLIFYWHMCP>
#	G	D	E	R	K	N	Q	S	T	A	V	L	I	F	Y	W	H	M	C	P
0	0.05709	0.09310	0.01580	0.06999	0.22676	0.02677	0.01030	0.26970	0.10375	0.06380	0.01113	0.01203	0.00842	0.00513	0.00451	0.00142	0.00518	0.00416	0.00362	0.00733
1	0.00665	0.00511	0.00586	0.00586	0.00721	0.00467	0.00433	0.00875	0.05502	0.03161	0.21217	0.18307	0.40902	0.01221	0.02494	0.00179	0.00281	0.00990	0.00464	0.00441
2	0.01069	0.10023	0.44225	0.11692	0.06332	0.01216	0.07705	0.05953	0.04530	0.01549	0.00913	0.01093	0.00678	0.00462	0.00455	0.00148	0.00654	0.00386	0.00237	0.00681
3	0.02564	0.00843	0.01143	0.24782	0.07521	0.01772	0.02204	0.03633	0.13078	0.01506	0.07159	0.02237	0.19701	0.00733	0.00588	0.00159	0.07035	0.00603	0.00343	0.02398
4	0.00706	0.04706	0.06832	0.00657	0.00838	0.00564	0.00563	0.00923	0.01210	0.01644	0.43884	0.06577	0.21686	0.00995	0.00546	0.00155	0.00294	0.04849	0.01906	0.00464
5	0.01052	0.04296	0.26646	0.08085	0.07264	0.02769	0.05638	0.08234	0.04893	0.01597	0.03843	0.01409	0.04291	0.00772	0.07015	0.00193	0.02364	0.00441	0.00281	0.08917
6	0.01168	0.01120	0.01913	0.07235	0.76039	0.01132	0.01459	0.01454	0.01081	0.01543	0.00896	0.01188	0.00751	0.00429	0.00473	0.00143	0.00572	0.00426	0.00235	0.00745
7	0.00969	0.06510	0.73304	0.01303	0.01964	0.01120	0.01660	0.01471	0.00991	0.01465	0.00847	0.01016	0.00616	0.00504	0.00507	0.03838	0.00684	0.00351	0.00202	0.00680
8	0.01264	0.79990	0.05884	0.00841	0.01263	0.01857	0.00859	0.01435	0.00973	0.01141	0.00673	0.00777	0.00613	0.00411	0.00313	0.00104	0.00520	0.00260	0.00204	0.00617
9	0.00582	0.00416	0.00555	0.00666	0.00693	0.00388	0.00444	0.00666	0.00915	0.01220	0.02634	0.82891	0.03161	0.01497	0.00610	0.00194	0.00277	0.01359	0.00444	0.00388
10	0.01296	0.41232	0.04388	0.01447	0.19846	0.06366	0.05283	0.07648	0.03909	0.01444	0.00843	0.00996	0.00711	0.00508	0.02105	0.00137	0.00580	0.00348	0.00249	0.00665
11	0.00621	0.00444	0.00599	0.00706	0.00752	0.00421	0.00508	0.00734	0.00960	0.01276	0.04223	0.66087	0.03109	0.01452	0.00619	0.00198	0.00308	0.16139	0.00445	0.00400
12	0.01095	0.03856	0.01269	0.01212	0.17498	0.00845	0.00797	0.04810	0.01067	0.03198	0.00919	0.01140	0.00772	0.00462	0.01536	0.00108	0.02692	0.01777	0.00286	0.54659
13	0.01768	0.05081	0.01394	0.01217	0.01469	0.78543	0.00920	0.01892	0.01341	0.01168	0.00736	0.00859	0.00616	0.00490	0.00427	0.00122	0.00850	0.00306	0.00245	0.00556
14	0.01046	0.01046	0.01464	0.01255	0.01255	0.01464	0.01046	0.01150	0.00732	0.01150	0.00627	0.01046	0.00627	0.00837	0.01569	0.00209	0.82328	0.00418	0.00209	0.00523
15	0.00582	0.00418	0.00552	0.00659	0.00692	0.00389	0.00441	0.00666	0.00921	0.01223	0.02709	0.80251	0.05753	0.01488	0.00609	0.00193	0.00276	0.01347	0.00444	0.00389
16	0.01055	0.00711	0.00850	0.00774	0.00951	0.00717	0.00591	0.19940	0.02802	0.08576	0.22537	0.28735	0.05859	0.01028	0.00552	0.00165	0.00340	0.02777	0.00487	0.00553
17	0.79620	0.00958	0.00763	0.00667	0.00970	0.01106	0.00550	0.07745	0.00931	0.02216	0.00705	0.00807	0.00542	0.00454	0.00311	0.00148	0.00383	0.00273	0.00311	0.00542
18	0.00737	0.00552	0.00714	0.00749	0.00812	0.02490	0.00544	0.00847	0.00906	0.04598	0.02200	0.50064	0.05709	0.01817	0.17992	0.00313	0.07115	0.01023	0.00386	0.00430
19	0.01078	0.01042	0.01798	0.25446	0.37678	0.01099	0.11737	0.01427	0.04424	0.01474	0.00944	0.01250	0.00752	0.00455	0.00501	0.00148	0.02179	0.00443	0.01794	0.04331
20	0.03479	0.00990	0.01749	0.44072	0.18305	0.01080	0.15728	0.01352	0.01019	0.02741	0.00894	0.01238	0.00687	0.00449	0.00483	0.00152	0.00631	0.00441	0.00235	0.04276
21	0.02075	0.01113	0.01274	0.04428	0.16535	0.09126	0.02144	0.09029	0.30531	0.01793	0.04896	0.08287	0.02713	0.00660	0.00500	0.00153	0.01342	0.00561	0.00387	0.02453
22	0.00684	0.00493	0.00679	0.00690	0.00747	0.00542	0.00500	0.00798	0.00766	0.01071	0.01475	0.07196	0.01535	0.27912	0.49328	0.00621	0.00939	0.03359	0.00284	0.00383
23	0.00587	0.00439	0.00536	0.00607	0.00671	0.00398	0.00414	0.00679	0.00961	0.01242	0.05370	0.55171	0.23558	0.06147	0.00702	0.00200	0.00277	0.01213	0.00437	0.00388
24	0.01136	0.01333	0.13514	0.05424	0.59921	0.01135	0.07606	0.01470	0.01075	0.01540	0.00897	0.01169	0.00728	0.00430	0.00478	0.00145	0.00609	0.00426	0.00231	0.00733
25	0.00600	0.00431	0.00561	0.00659	0.00705	0.00401	0.00455	0.00699	0.00950	0.01263	0.04414	0.69133	0.09049	0.01436	0.00603	0.00191	0.00282	0.05717	0.02056	0.00395
26	0.01470	0.02556	0.01355	0.11732	0.02971	0.01259	0.02817	0.46879	0.07661	0.03145	0.02732	0.01497	0.01019	0.04191	0.02114	0.00174	0.00532	0.02653	0.02536	0.00706
27	0.00695	0.00463	0.00521	0.00521	0.00521	0.00463	0.00290	0.00695	0.00695	0.00927	0.01506	0.03128	0.01738	0.83203	0.02433	0.00463	0.00463	0.00695	0.00290	0.00290
28	0.01223	0.11986	0.02413	0.06039	0.01296	0.11967	0.00815	0.04451	0.05145	0.10217	0.05336	0.11867	0.01368	0.00851	0.03596	0.00178	0.13476	0.03628	0.00341	0.03805
29	0.01650	0.01777	0.01304	0.01143	0.01414	0.46351	0.00882	0.14515	0.18468	0.03923	0.01098	0.01136	0.00848	0.00552	0.00484	0.00138	0.02940	0.00386	0.00345	0.00647
30	0.00818	0.00663	0.00919	0.00800	0.00976	0.00653	0.07824	0.03915	0.11930	0.01859	0.50876	0.07527	0.07499	0.00906	0.00553	0.00156	0.00315	0.00812	0.00483	0.00518
31	0.01360	0.12085	0.07034	0.01229	0.01598	0.13438	0.17380	0.12654	0.16236	0.05137	0.06151	0.01371	0.01098	0.00536	0.00472	0.00143	0.00594	0.00463	0.00348	0.00671
32	0.01243	0.53226	0.10436	0.01119	0.01554	0.02778	0.15380	0.01482	0.01013	0.03661	0.00777	0.00926	0.00651	0.00435	0.00423	0.00124	0.03580	0.00337	0.00224	0.00631
33	0.00605	0.00430	0.00573	0.00679	0.00713	0.00406	0.00467	0.00697	0.00923	0.01227	0.02576	0.72282	0.03062	0.05011	0.00693	0.00208	0.00300	0.08322	0.00437	0.00389
34	0.00805	0.00685	0.00878	0.00858	0.00993	0.04664	0.06552	0.01090	0.08973	0.01435	0.10005	0.29242	0.07738	0.04060	0.00655	0.00194	0.00397	0.19880	0.00424	0.00470
35	0.01388	0.02805	0.08932	0.08016	0.30013	0.02377	0.01173	0.11171	0.09934	0.15078	0.01189	0.01294	0.00881	0.00517	0.00505	0.00149	0.03055	0.00436	0.00347	0.00738
36	0.00994	0.00560	0.00727	0.00644	0.00816	0.00503	0.00495	0.01195	0.01318	0.19345	0.53982	0.03222	0.10593	0.02749	0.00587	0.00158	0.00273	0.00788	0.00528	0.00524
37	0.00968	0.00916	0.01552	0.63622	0.21213	0.01079	0.01360	0.01278	0.00987	0.01300	0.00861	0.01253	0.00665	0.00466	0.00477	0.00155	0.00621	0.00425	0.00218	0.00584
38	0.02537	0.01061	0.01671	0.38763	0.35755	0.04475	0.03474	0.03975	0.01075	0.01448	0.00876	0.01206	0.00694	0.00457	0.00473	0.00150	0.00614	0.00422	0.00235	0.00640
39	0.01196	0.42005	0.23613	0.00961	0.01408	0.01400	0.01030	0.02586	0.03911	0.07618	0.04411	0.05938	0.01010	0.00536	0.00399	0.00130	0.00526	0.00405	0.00277	0.00642
40	0.00591	0.00457	0.00539	0.00578	0.00676	0.00405	0.00411	0.00713	0.01062	0.01366	0.16431	0.36500	0.35981	0.01289	0.00583	0.00173	0.00254	0.01128	0.00457	0.00405
41	0.00946	0.00692	0.00942	0.03767	0.01120	0.00720	0.04053	0.11577	0.02701	0.04945	0.03440	0.24968	0.03465	0.02889	0.03817	0.00218	0.02717	0.26092	0.00422	0.00509
42	0.01155	0.00919	0.01137	0.05681	0.03396	0.00845	0.00725	0.07939	0.02579	0.07373	0.00950	0.01093	0.00755	0.00453	0.00507	0.00105	0.08506	0.00340	0.00313	0.55228
43	0.01194	0.00658	0.00835	0.00731	0.00931	0.00629	0.00574	0.03462	0.01195	0.28337	0.12487	0.13933	0.24171	0.00961	0.00625	0.00164	0.07268	0.00794	0.00485	0.00568
44	0.01092	0.00576	0.00746	0.00659	0.00846	0.00515	0.00510	0.01286	0.01291	0.24491	0.42275	0.07628	0.11012	0.00903	0.00534	0.00152	0.00282	0.00781	0.03874	0.00547
45	0.04374	0.02774	0.21823	0.26705	0.17871	0.03661	0.04061	0.01374	0.01034	0.03089	0.04370	0.04838	0.00940	0.00525	0.00472	0.00152	0.00603	0.00460	0.00251	0.00623
46	0.01228	0.05953	0.01752	0.17143	0.47551	0.01158	0.01282	0.08829	0.01183	0.05482	0.02105	0.02423	0.00841	0.00480	0.00468	0.00144	0.00556	0.00439	0.00278	0.00705
47	0.01758	0.02171	0.01366	0.01283	0.04551	0.74473	0.00936	0.01915	0.03022	0.03123	0.00799	0.00913	0.00653	0.00496	0.00435	0.00125	0.00829	0.00322	0.00259	0.00573
48	0.03313	0.01163	0.03706	0.12520	0.31327	0.05335	0.14118	0.06117	0.04984	0.04389	0.01193	0.03098	0.04245	0.00522	0.00507	0.00151	0.01867	0.00489	0.00288	0.00669
49	0.01207	0.04568	0.36326	0.01486	0.16248	0.07048	0.01322	0.04219	0.05343	0.09382	0.05430	0.03225	0.01021	0.00532	0.00466	0.00147	0.00595	0.00437	0.00298	0.00696
50	0.02849	0.01200	0.01666	0.30962	0.27781	0.14004	0.08513	0.01424	0.01066	0.01359	0.00881	0.01242	0.00722	0.03696	0.00550	0.00160	0.00655	0.00427	0.00233	0.00609

[dist]
# distance from previous block
# <min> <max>
4	60

[block]
# block no. 5 follows, 53 sequences, length 41
# corresponding to MSA columns:
# 347-387
name=unknown_F
#
# <colnr> <probs for GDERKNQSTAVLIFYWHMCP>
#	G	D	E	R	K	N	Q	S	T	A	V	L	I	F	Y	W	H	M	C	P
0	0.06102	0.04600	0.03974	0.17806	0.22577	0.01126	0.07653	0.10031	0.06987	0.09119	0.01143	0.03552	0.00903	0.00528	0.00473	0.00151	0.00548	0.01729	0.00321	0.00677
1	0.01057	0.04714	0.06552	0.00951	0.03509	0.07310	0.02925	0.02763	0.12260	0.06338	0.10901	0.04572	0.10238	0.04584	0.04176	0.00192	0.04773	0.04812	0.00374	0.07000
2	0.08621	0.04544	0.01384	0.03221	0.04931	0.00994	0.13483	0.09215	0.11028	0.14874	0.08150	0.05594	0.04618	0.02107	0.00550	0.00162	0.02109	0.03372	0.00405	0.00639
3	0.04877	0.60356	0.14148	0.00906	0.01333	0.04883	0.00939	0.01451	0.02096	0.01245	0.00783	0.03659	0.00708	0.00462	0.00347	0.00116	0.00539	0.00315	0.00222	0.00615
4	0.02741	0.00880	0.01425	0.01087	0.01401	0.00819	0.22156	0.01427	0.03432	0.15277	0.04698	0.01722	0.03300	0.09627	0.05927	0.00212	0.03285	0.00515	0.02350	0.17720
5	0.03282	0.00783	0.00946	0.00949	0.04907	0.00813	0.00723	0.21586	0.03333	0.03923	0.02244	0.18931	0.10009	0.01077	0.01760	0.00188	0.00425	0.23121	0.00440	0.00560
6	0.01203	0.52068	0.23340	0.00998	0.01457	0.06693	0.01077	0.01462	0.01008	0.01252	0.02667	0.00915	0.00708	0.00453	0.00398	0.00121	0.03031	0.00305	0.00214	0.00628
7	0.01203	0.01212	0.01035	0.00993	0.04445	0.28947	0.02810	0.04465	0.01081	0.01313	0.01138	0.04009	0.01058	0.14241	0.09596	0.03224	0.04245	0.00472	0.14030	0.00484
8	0.00578	0.00480	0.00506	0.00521	0.00666	0.00409	0.00390	0.00702	0.01079	0.01305	0.06294	0.12226	0.67596	0.01237	0.00573	0.00167	0.00253	0.04167	0.00446	0.00405
9	0.00700	0.02626	0.03068	0.00636	0.00797	0.00550	0.00508	0.00979	0.07541	0.01606	0.34562	0.09297	0.29892	0.01053	0.00556	0.00160	0.00278	0.04257	0.00467	0.00466
10	0.01257	0.78209	0.07604	0.00853	0.01282	0.01840	0.00880	0.01437	0.00974	0.01150	0.00677	0.00783	0.00613	0.00412	0.00316	0.00105	0.00524	0.00262	0.00204	0.00619
11	0.00602	0.00479	0.00537	0.00567	0.00690	0.00422	0.00424	0.00727	0.01056	0.01307	0.07438	0.17919	0.51349	0.04850	0.00665	0.00186	0.00279	0.09659	0.00440	0.00402
12	0.00903	0.00850	0.01434	0.82054	0.03292	0.01062	0.01327	0.01221	0.00956	0.01221	0.00850	0.01274	0.00637	0.00478	0.00478	0.00159	0.00637	0.00425	0.00212	0.00531
13	0.00959	0.02472	0.80726	0.01362	0.02069	0.01110	0.01766	0.01514	0.01009	0.01514	0.00858	0.01009	0.00605	0.00454	0.00454	0.00151	0.00706	0.00353	0.00202	0.00706
14	0.00748	0.00593	0.00863	0.00828	0.00892	0.00725	0.00646	0.00885	0.00753	0.01096	0.01171	0.01801	0.01121	0.07776	0.60852	0.03579	0.14490	0.00504	0.00249	0.00427
15	0.01278	0.83490	0.02505	0.00818	0.01227	0.01891	0.00818	0.01431	0.00971	0.01125	0.00664	0.00767	0.00613	0.00409	0.00307	0.00102	0.00511	0.00256	0.00204	0.00613
16	0.00661	0.00482	0.00622	0.00600	0.00708	0.00443	0.00445	0.00868	0.01298	0.01817	0.68594	0.10599	0.08999	0.01037	0.00568	0.00155	0.00231	0.00917	0.00514	0.00443
17	0.01043	0.00848	0.00996	0.00714	0.01137	0.00640	0.00572	0.01254	0.01008	0.05112	0.00896	0.01020	0.00729	0.00365	0.00360	0.00074	0.00356	0.00292	0.00297	0.82286
18	0.00700	0.00532	0.00778	0.00768	0.00842	0.00624	0.00590	0.00853	0.00760	0.01095	0.01271	0.01951	0.01217	0.10514	0.70741	0.00716	0.04848	0.00524	0.00257	0.00419
19	0.01018	0.01010	0.01462	0.01245	0.01273	0.01378	0.04323	0.01141	0.00752	0.01163	0.00699	0.01128	0.00681	0.01057	0.08460	0.00256	0.71788	0.00433	0.00215	0.00520
20	0.00724	0.00498	0.00642	0.00631	0.00749	0.00457	0.00478	0.00917	0.01245	0.05156	0.51487	0.14220	0.12447	0.01084	0.00574	0.00163	0.00260	0.07314	0.00502	0.00452
21	0.00903	0.00850	0.01434	0.82054	0.03292	0.01062	0.01327	0.01221	0.00956	0.01221	0.00850	0.01274	0.00637	0.00478	0.00478	0.00159	0.00637	0.00425	0.00212	0.00531
22	0.00691	0.00501	0.00634	0.00614	0.00710	0.00478	0.00443	0.00923	0.04638	0.01721	0.58447	0.11741	0.03881	0.11507	0.00804	0.00195	0.00268	0.00880	0.00486	0.00437
23	0.04118	0.00954	0.01120	0.00910	0.01222	0.00974	0.00747	0.32279	0.01626	0.30465	0.01642	0.06511	0.01284	0.00700	0.00490	0.00153	0.00437	0.07774	0.05872	0.00721
24	0.00565	0.00484	0.00484	0.00484	0.00646	0.00403	0.00363	0.00686	0.01089	0.01291	0.04842	0.04600	0.80027	0.01210	0.00565	0.00161	0.00242	0.01009	0.00444	0.00403
25	0.01292	0.81178	0.02472	0.00830	0.01234	0.04151	0.00821	0.01445	0.00982	0.01126	0.00667	0.00769	0.00613	0.00411	0.00310	0.00103	0.00521	0.00257	0.00206	0.00612
26	0.00939	0.00913	0.03284	0.03263	0.15226	0.10390	0.05365	0.01121	0.01051	0.02893	0.01917	0.36449	0.03404	0.01022	0.00557	0.00174	0.00474	0.10680	0.00361	0.00517
27	0.03408	0.32612	0.08686	0.07448	0.21761	0.15944	0.01114	0.01518	0.01069	0.01310	0.00768	0.00949	0.00649	0.00438	0.00397	0.00126	0.00612	0.00330	0.00223	0.00639
28	0.00599	0.00484	0.00535	0.00538	0.00679	0.00419	0.00405	0.00745	0.01137	0.01429	0.20922	0.09148	0.55511	0.01182	0.00572	0.00164	0.00249	0.04405	0.00462	0.00415
29	0.00901	0.00813	0.01198	0.44327	0.02161	0.02557	0.01000	0.01102	0.00867	0.01166	0.00979	0.01649	0.00899	0.18610	0.01100	0.00232	0.15736	0.00481	0.03747	0.00474
30	0.00800	0.00537	0.00646	0.00600	0.00735	0.00518	0.00455	0.04093	0.03974	0.03147	0.53171	0.03073	0.07436	0.00871	0.00510	0.00143	0.00246	0.00753	0.17815	0.00478
31	0.74431	0.00908	0.00761	0.00660	0.00967	0.01019	0.00544	0.01538	0.00893	0.13425	0.00841	0.00899	0.00613	0.00465	0.00322	0.00148	0.00375	0.00291	0.00338	0.00560
32	0.00992	0.00925	0.01418	0.02900	0.14437	0.02236	0.11836	0.04242	0.07968	0.01451	0.01481	0.22737	0.01507	0.00908	0.02103	0.00188	0.17724	0.04049	0.00326	0.00571
33	0.00830	0.00415	0.00623	0.00623	0.00623	0.00415	0.00415	0.00623	0.00623	0.00830	0.00830	0.01453	0.00830	0.01660	0.01868	0.86094	0.00415	0.00415	0.00208	0.00208
34	0.00683	0.00512	0.00768	0.00768	0.00853	0.00597	0.00597	0.00853	0.00768	0.01110	0.01280	0.01878	0.01195	0.03585	0.81308	0.00768	0.01280	0.00512	0.00256	0.00427
35	0.01336	0.14684	0.02564	0.04563	0.05957	0.18322	0.00858	0.06550	0.23204	0.04849	0.01320	0.02497	0.02985	0.03392	0.02138	0.01313	0.02046	0.00444	0.00341	0.00638
36	0.00692	0.00494	0.00631	0.00593	0.00716	0.00451	0.00446	0.00905	0.01324	0.03334	0.70274	0.03646	0.12708	0.00995	0.00562	0.00151	0.00231	0.00873	0.00518	0.00453
37	0.01249	0.03652	0.12033	0.16486	0.18608	0.02379	0.04349	0.15720	0.12520	0.04519	0.01117	0.01277	0.00844	0.00581	0.02458	0.00165	0.00588	0.00436	0.00320	0.00701
38	0.12797	0.00794	0.00901	0.00776	0.00990	0.03112	0.02907	0.09264	0.05070	0.14421	0.09707	0.02086	0.07597	0.11266	0.10124	0.00259	0.01590	0.00554	0.05230	0.00554
39	0.01091	0.01067	0.06329	0.37985	0.17129	0.01112	0.03539	0.11218	0.05256	0.01603	0.01088	0.01356	0.02920	0.00517	0.00503	0.00153	0.02607	0.00448	0.03449	0.00629
40	0.38907	0.06824	0.04676	0.00926	0.01217	0.02698	0.03453	0.11567	0.04589	0.05928	0.00862	0.00987	0.00670	0.00541	0.00570	0.00155	0.14163	0.00347	0.00315	0.00603

[dist]
# distance from previous block
# <min> <max>
0	7

[block]
# block no. 6 follows, 53 sequences, length 136
# corresponding to MSA columns:
# 396-428,430-443,445-533
name=unknown_G
#
# <colnr> <probs for GDERKNQSTAVLIFYWHMCP>
#	G	D	E	R	K	N	Q	S	T	A	V	L	I	F	Y	W	H	M	C	P
0	0.00592	0.00465	0.00507	0.00533	0.00644	0.00407	0.00376	0.00696	0.01012	0.01262	0.05237	0.23286	0.50624	0.09158	0.00750	0.00197	0.00271	0.01047	0.02545	0.00391
1	0.01109	0.01147	0.10827	0.06507	0.09051	0.02851	0.03902	0.03198	0.35007	0.04657	0.06584	0.01914	0.06016	0.00712	0.02287	0.00171	0.00488	0.02505	0.00393	0.00675
2	0.00918	0.00865	0.05028	0.33125	0.09773	0.00882	0.04727	0.01195	0.00998	0.01418	0.02656	0.05218	0.03034	0.00616	0.00518	0.00152	0.03974	0.05603	0.14147	0.05154
3	0.00929	0.04801	0.01240	0.39112	0.07916	0.06607	0.00992	0.01160	0.01012	0.01290	0.03366	0.09091	0.11768	0.00692	0.00524	0.00155	0.03478	0.00583	0.04768	0.00517
4	0.01092	0.23677	0.25472	0.01071	0.04797	0.02525	0.01061	0.01565	0.12888	0.01495	0.03505	0.01208	0.02327	0.00484	0.00408	0.00125	0.00518	0.00374	0.00276	0.15134
5	0.01164	0.54619	0.20567	0.03219	0.01463	0.01593	0.01037	0.01483	0.05543	0.01272	0.00857	0.03727	0.00749	0.00473	0.00367	0.00122	0.00544	0.00338	0.00229	0.00633
6	0.00733	0.00658	0.02898	0.23481	0.05269	0.00660	0.00784	0.00915	0.00960	0.01267	0.02162	0.39646	0.10765	0.01050	0.00565	0.00174	0.01682	0.02563	0.00354	0.03413
7	0.00640	0.00482	0.00590	0.00617	0.00716	0.00438	0.00440	0.02472	0.01099	0.01463	0.22863	0.40388	0.21403	0.01248	0.00578	0.00171	0.00263	0.01103	0.00462	0.02563
8	0.01173	0.19029	0.23409	0.01380	0.07431	0.01204	0.18867	0.01535	0.03291	0.08897	0.03722	0.03089	0.00953	0.03342	0.00528	0.00154	0.00606	0.00455	0.00278	0.00657
9	0.00935	0.00841	0.01287	0.55639	0.02570	0.00977	0.01107	0.03210	0.03253	0.01330	0.00994	0.01527	0.00830	0.04465	0.00600	0.00166	0.03385	0.04149	0.00252	0.12481
10	0.01562	0.00822	0.01041	0.00777	0.01165	0.00665	0.00632	0.01761	0.01190	0.41238	0.03484	0.01379	0.01048	0.00490	0.00423	0.00112	0.00377	0.00398	0.00445	0.40992
11	0.01176	0.55676	0.26600	0.01059	0.04209	0.01624	0.01132	0.01458	0.00987	0.01260	0.00732	0.00856	0.00616	0.00423	0.00358	0.00119	0.00573	0.00292	0.00205	0.00647
12	0.00939	0.00784	0.00917	0.00688	0.01049	0.00616	0.00544	0.01184	0.03316	0.01619	0.12106	0.01493	0.03396	0.00478	0.00392	0.00088	0.00330	0.00396	0.02529	0.67136
13	0.00747	0.00608	0.00793	0.02634	0.03591	0.00634	0.00576	0.00997	0.05017	0.01684	0.48155	0.05059	0.16081	0.00965	0.00674	0.00161	0.09886	0.00806	0.00454	0.00477
14	0.00667	0.00488	0.00625	0.00591	0.00708	0.00447	0.00443	0.00883	0.01329	0.01861	0.73253	0.03662	0.11261	0.00998	0.00564	0.00151	0.00227	0.00877	0.00519	0.00447
15	0.00686	0.00463	0.00608	0.00703	0.00769	0.00448	0.00532	0.00832	0.00986	0.01366	0.02450	0.46783	0.02759	0.01309	0.00587	0.00191	0.00322	0.25367	0.12425	0.00413
16	0.02144	0.00813	0.01109	0.00850	0.01220	0.00702	0.00702	0.02329	0.01368	0.80552	0.01886	0.01627	0.01183	0.00592	0.00481	0.00148	0.00407	0.00481	0.00592	0.00813
17	0.00690	0.00482	0.00613	0.00613	0.00645	0.00513	0.00404	0.00754	0.00722	0.00995	0.01422	0.02662	0.01535	0.53505	0.31853	0.00577	0.00768	0.00627	0.00277	0.00341
18	0.01278	0.83490	0.02505	0.00818	0.01227	0.01891	0.00818	0.01431	0.00971	0.01125	0.00664	0.00767	0.00613	0.00409	0.00307	0.00102	0.00511	0.00256	0.00204	0.00613
19	0.00565	0.00484	0.00484	0.00484	0.00646	0.00403	0.00363	0.00686	0.01089	0.01291	0.04842	0.04600	0.80027	0.01210	0.00565	0.00161	0.00242	0.01009	0.00444	0.00403
20	0.00959	0.02472	0.80726	0.01362	0.02069	0.01110	0.01766	0.01514	0.01009	0.01514	0.00858	0.01009	0.00605	0.00454	0.00454	0.00151	0.00706	0.00353	0.00202	0.00706
21	0.01170	0.01007	0.01065	0.00959	0.01224	0.01162	0.00745	0.02481	0.76538	0.01996	0.04766	0.01848	0.01569	0.00660	0.00489	0.00162	0.00373	0.00552	0.00488	0.00745
22	0.01201	0.01026	0.01084	0.00969	0.01240	0.01183	0.00755	0.05359	0.74667	0.02036	0.03712	0.01801	0.01505	0.00653	0.00488	0.00161	0.00380	0.00544	0.00487	0.00752
23	0.01183	0.01136	0.01940	0.02934	0.80221	0.01136	0.01467	0.01467	0.01088	0.01562	0.00899	0.01183	0.00757	0.00426	0.00473	0.00142	0.00568	0.00426	0.00237	0.00757
24	0.00747	0.00514	0.00753	0.00767	0.00860	0.00471	0.05434	0.00861	0.00965	0.07248	0.02422	0.69262	0.02788	0.01327	0.00590	0.00185	0.00323	0.01212	0.00438	0.02833
25	0.00991	0.00850	0.00991	0.00708	0.01133	0.00637	0.00566	0.01203	0.00991	0.01557	0.00850	0.00991	0.00708	0.00354	0.00354	0.00071	0.00354	0.00283	0.00283	0.86124
26	0.00582	0.00416	0.00555	0.00666	0.00693	0.00388	0.00444	0.00666	0.00915	0.01220	0.02634	0.82891	0.03161	0.01497	0.00610	0.00194	0.00277	0.01359	0.00444	0.00388
27	0.01176	0.01129	0.01928	0.04767	0.78438	0.01134	0.01464	0.01461	0.01085	0.01554	0.00898	0.01185	0.00754	0.00427	0.00473	0.00142	0.00569	0.00426	0.00236	0.00752
28	0.00695	0.00463	0.00521	0.00521	0.00521	0.00463	0.00290	0.00695	0.00695	0.00927	0.01506	0.03128	0.01738	0.83203	0.02433	0.00463	0.00463	0.00695	0.00290	0.00290
29	0.00991	0.00850	0.00991	0.00708	0.01133	0.00637	0.00566	0.01203	0.00991	0.01557	0.00850	0.00991	0.00708	0.00354	0.00354	0.00071	0.00354	0.00283	0.00283	0.86124
30	0.01278	0.83490	0.02505	0.00818	0.01227	0.01891	0.00818	0.01431	0.00971	0.01125	0.00664	0.00767	0.00613	0.00409	0.00307	0.00102	0.00511	0.00256	0.00204	0.00613
31	0.01847	0.00946	0.01254	0.03743	0.01391	0.00897	0.04634	0.18623	0.01501	0.48593	0.03647	0.01495	0.01112	0.00565	0.00476	0.00142	0.00451	0.00466	0.00510	0.07707
32	0.01439	0.03052	0.29791	0.01229	0.04440	0.02738	0.07624	0.08280	0.05153	0.25905	0.04660	0.01381	0.01026	0.00533	0.00477	0.00149	0.00565	0.00447	0.00378	0.00731
33	0.01030	0.00850	0.00905	0.00813	0.01024	0.02877	0.00627	0.12750	0.29248	0.01757	0.04511	0.02473	0.19244	0.07471	0.11991	0.00266	0.00510	0.00642	0.00423	0.00589
34	0.01278	0.83490	0.02505	0.00818	0.01227	0.01891	0.00818	0.01431	0.00971	0.01125	0.00664	0.00767	0.00613	0.00409	0.00307	0.00102	0.00511	0.00256	0.00204	0.00613
35	0.01174	0.01290	0.07867	0.01717	0.03855	0.02747	0.52633	0.05711	0.04166	0.05239	0.03115	0.06038	0.01004	0.00513	0.00543	0.00159	0.00700	0.00582	0.00296	0.00651
36	0.00585	0.00485	0.00513	0.00506	0.00658	0.00412	0.00379	0.00726	0.01138	0.01407	0.18716	0.04410	0.66081	0.01167	0.00565	0.00159	0.00239	0.00982	0.00459	0.00412
37	0.00759	0.00545	0.00751	0.00853	0.00962	0.00541	0.00739	0.00969	0.01088	0.01410	0.02599	0.05292	0.05999	0.03689	0.00708	0.00225	0.00432	0.71569	0.00436	0.00434
38	0.00770	0.00550	0.00770	0.00880	0.00990	0.00550	0.00770	0.00990	0.01100	0.01430	0.02531	0.05391	0.02751	0.01320	0.00660	0.00220	0.00440	0.77004	0.00440	0.00440
39	0.00572	0.00485	0.00493	0.00494	0.00653	0.00407	0.00372	0.00697	0.01098	0.01314	0.07245	0.04578	0.76422	0.01205	0.00566	0.00162	0.00245	0.02140	0.00446	0.00406
40	0.01817	0.01339	0.01434	0.01100	0.01482	0.01482	0.00908	0.78627	0.02247	0.03012	0.01148	0.01148	0.00813	0.00574	0.00478	0.00143	0.00526	0.00430	0.00478	0.00813
41	0.00683	0.00512	0.00768	0.00768	0.00853	0.00597	0.00597	0.00853	0.00768	0.01110	0.01280	0.01878	0.01195	0.03585	0.81308	0.00768	0.01280	0.00512	0.00256	0.00427
42	0.00770	0.00550	0.00770	0.00880	0.00990	0.00550	0.00770	0.00990	0.01100	0.01430	0.02531	0.05391	0.02751	0.01320	0.00660	0.00220	0.00440	0.77004	0.00440	0.00440
43	0.00626	0.00493	0.00532	0.00518	0.00674	0.00421	0.00390	0.00771	0.01153	0.03263	0.20978	0.04309	0.61911	0.01146	0.00563	0.00159	0.00242	0.00965	0.00465	0.00423
44	0.01296	0.80555	0.02463	0.00833	0.01236	0.04761	0.00822	0.01448	0.00985	0.01126	0.00667	0.00770	0.00613	0.00412	0.00311	0.00103	0.00524	0.00257	0.00206	0.00611
45	0.85099	0.00922	0.00710	0.00632	0.00930	0.01066	0.00521	0.01421	0.00823	0.03518	0.00687	0.00791	0.00529	0.00446	0.00299	0.00148	0.00370	0.00263	0.00301	0.00523
46	0.01154	0.01335	0.06324	0.04647	0.02382	0.04073	0.64335	0.01536	0.01122	0.03530	0.00996	0.01341	0.00760	0.00442	0.00571	0.00161	0.02432	0.01971	0.00251	0.00638
47	0.86579	0.00924	0.00702	0.00629	0.00924	0.01072	0.00518	0.01405	0.00813	0.02144	0.00666	0.00776	0.00518	0.00444	0.00296	0.00148	0.00370	0.00259	0.00296	0.00518
48	0.00689	0.00487	0.00640	0.00640	0.00682	0.00528	0.00438	0.00772	0.00730	0.01015	0.01397	0.02524	0.01476	0.44765	0.40512	0.00611	0.00858	0.00607	0.00273	0.00356
49	0.00582	0.00416	0.00555	0.00666	0.00693	0.00388	0.00444	0.00666	0.00915	0.01220	0.02634	0.82891	0.03161	0.01497	0.00610	0.00194	0.00277	0.01359	0.00444	0.00388
50	0.00565	0.00482	0.00486	0.00489	0.00647	0.00403	0.00365	0.00685	0.01085	0.01289	0.04787	0.06559	0.78104	0.01218	0.00566	0.00162	0.00243	0.01017	0.00444	0.00403
51	0.01035	0.00880	0.00920	0.00840	0.01079	0.00980	0.00650	0.02061	0.58408	0.01830	0.02586	0.02422	0.19259	0.00772	0.00498	0.00160	0.00341	0.00643	0.03972	0.00664
52	0.01785	0.02278	0.01354	0.01231	0.01478	0.81284	0.00924	0.01909	0.01354	0.01170	0.00739	0.00862	0.00616	0.00493	0.00431	0.00123	0.00862	0.00308	0.00246	0.00554
53	0.00903	0.00850	0.01434	0.82054	0.03292	0.01062	0.01327	0.01221	0.00956	0.01221	0.00850	0.01274	0.00637	0.00478	0.00478	0.00159	0.00637	0.00425	0.00212	0.00531
54	0.00983	0.06129	0.72587	0.01375	0.02055	0.01152	0.06196	0.01511	0.01014	0.01497	0.00855	0.01014	0.00613	0.00449	0.00454	0.00150	0.00703	0.00361	0.00204	0.00698
55	0.00618	0.00478	0.00486	0.00484	0.00633	0.00413	0.00361	0.00755	0.01080	0.01378	0.07412	0.04130	0.64171	0.02871	0.00573	0.00160	0.00243	0.00917	0.12427	0.00409
