[name]
unknown

[dist]
# distance from previous block
# <min> <max>
0	39

[block]
# block no. 0 follows, 56 sequences, length 8
# corresponding to MSA columns:
# 236-243
name=unknown_A
#
# <colnr> <probs for GDERKNQSTAVLIFYWHMCP>
#	G	D	E	R	K	N	Q	S	T	A	V	L	I	F	Y	W	H	M	C	P
0	0.08657	0.00953	0.01049	0.17203	0.01498	0.08870	0.00785	0.14383	0.06711	0.10076	0.10149	0.09475	0.01472	0.00674	0.00466	0.00148	0.00461	0.03854	0.00379	0.02737
1	0.01343	0.00914	0.01084	0.01016	0.08740	0.00947	0.00731	0.27229	0.11332	0.14804	0.01873	0.05417	0.12280	0.02446	0.02043	0.00160	0.00420	0.00556	0.04421	0.02245
2	0.00566	0.00443	0.00513	0.00545	0.00647	0.00390	0.00390	0.00686	0.01028	0.01314	0.16282	0.32242	0.40873	0.01224	0.00558	0.00164	0.00242	0.01065	0.00439	0.00390
3	0.01027	0.31973	0.25728	0.01117	0.08964	0.01211	0.01056	0.01297	0.00943	0.03834	0.01018	0.10190	0.00941	0.00808	0.07842	0.00186	0.00592	0.00437	0.00241	0.00595
4	0.00569	0.00462	0.00504	0.00503	0.00639	0.00397	0.00374	0.00706	0.01095	0.01377	0.22404	0.09403	0.57708	0.01128	0.00545	0.00155	0.00231	0.00958	0.00445	0.00397
5	0.10561	0.00903	0.04195	0.00721	0.01112	0.00728	0.00603	0.01312	0.08509	0.01598	0.00897	0.01002	0.00725	0.00381	0.00350	0.00088	0.00358	0.00296	0.00289	0.65373
6	0.00730	0.00526	0.00736	0.00857	0.09640	0.00492	0.00547	0.00894	0.01098	0.05233	0.34505	0.34280	0.06553	0.01066	0.00545	0.00160	0.00281	0.00957	0.00443	0.00457
7	0.17962	0.00898	0.01333	0.18688	0.06391	0.00958	0.14032	0.05859	0.02576	0.06895	0.08636	0.03833	0.01151	0.00552	0.00476	0.00148	0.02574	0.02473	0.00313	0.04252

[dist]
# distance from previous block
# <min> <max>
1	10

[block]
# block no. 1 follows, 56 sequences, length 8
# corresponding to MSA columns:
# 254-261
name=unknown_B
#
# <colnr> <probs for GDERKNQSTAVLIFYWHMCP>
#	G	D	E	R	K	N	Q	S	T	A	V	L	I	F	Y	W	H	M	C	P
0	0.00993	0.01948	0.57277	0.01286	0.01863	0.01022	0.11072	0.05037	0.01074	0.03921	0.07090	0.01217	0.00915	0.00476	0.00457	0.00144	0.00629	0.00408	0.00248	0.02924
1	0.00955	0.00905	0.13263	0.00849	0.01120	0.00671	0.06808	0.03495	0.04431	0.12445	0.36769	0.05904	0.08902	0.00783	0.00511	0.00148	0.00372	0.00689	0.00432	0.00548
2	0.00638	0.00504	0.00579	0.00561	0.00696	0.00466	0.00420	0.00888	0.07297	0.01555	0.38007	0.08147	0.36488	0.01037	0.00539	0.00152	0.00238	0.00891	0.00464	0.00433
3	0.04634	0.11521	0.49102	0.09906	0.01888	0.04759	0.01377	0.07005	0.03032	0.01505	0.00835	0.00982	0.00617	0.00448	0.00417	0.00139	0.00623	0.00340	0.00227	0.00645
4	0.00582	0.00439	0.00538	0.00571	0.00659	0.00395	0.00406	0.00714	0.01055	0.01395	0.26945	0.36672	0.25543	0.01208	0.00560	0.00165	0.00242	0.01065	0.00450	0.00395
5	0.01275	0.57767	0.02023	0.00883	0.03121	0.05991	0.02303	0.06104	0.01054	0.06088	0.03403	0.01014	0.00808	0.02200	0.04122	0.00144	0.00535	0.00320	0.00252	0.00594
6	0.00690	0.00501	0.00609	0.00627	0.00721	0.00466	0.00432	0.02898	0.03063	0.01278	0.02092	0.50642	0.04080	0.12350	0.00767	0.00198	0.00305	0.00978	0.06097	0.11206
7	0.01244	0.47607	0.18056	0.04398	0.01450	0.03323	0.00990	0.07509	0.04572	0.05775	0.00840	0.00923	0.00670	0.00438	0.00362	0.00119	0.00531	0.00309	0.00250	0.00634

[dist]
# distance from previous block
# <min> <max>
4	7

[block]
# block no. 2 follows, 56 sequences, length 43
# corresponding to MSA columns:
# 271-313
name=unknown_C
#
# <colnr> <probs for GDERKNQSTAVLIFYWHMCP>
#	G	D	E	R	K	N	Q	S	T	A	V	L	I	F	Y	W	H	M	C	P
0	0.34918	0.00792	0.00804	0.00650	0.00964	0.00761	0.00526	0.01386	0.00968	0.16572	0.03128	0.01326	0.06826	0.00498	0.00360	0.00120	0.00341	0.00368	0.02859	0.25832
1	0.01254	0.24194	0.16167	0.01057	0.01464	0.03874	0.06859	0.16244	0.17509	0.02929	0.01088	0.02484	0.00849	0.00499	0.00417	0.00133	0.00526	0.00395	0.00315	0.01743
2	0.00941	0.18334	0.52603	0.01125	0.03299	0.01123	0.01324	0.01340	0.00994	0.01395	0.07059	0.01341	0.06215	0.00513	0.00423	0.00136	0.00574	0.00401	0.00234	0.00624
3	0.00641	0.00471	0.00582	0.00589	0.00679	0.00440	0.00421	0.03211	0.01110	0.01505	0.36669	0.28479	0.14885	0.07357	0.00688	0.00182	0.00261	0.00974	0.00450	0.00407
4	0.00662	0.00474	0.00578	0.00642	0.03590	0.00431	0.00434	0.00795	0.00958	0.01347	0.05652	0.39814	0.19084	0.01081	0.00504	0.00154	0.00263	0.00950	0.16436	0.06152
5	0.07255	0.11678	0.14226	0.01046	0.01423	0.04393	0.08076	0.15748	0.18144	0.06116	0.06446	0.01322	0.01078	0.00528	0.00436	0.00140	0.00502	0.00429	0.00353	0.00661
6	0.00681	0.00475	0.00548	0.00565	0.00690	0.00417	0.00417	0.00792	0.01004	0.07241	0.03564	0.25428	0.44876	0.05229	0.00642	0.00180	0.00277	0.06134	0.00430	0.00410
7	0.00566	0.00403	0.00533	0.00632	0.00659	0.00377	0.00420	0.00645	0.00878	0.01173	0.04127	0.78255	0.03002	0.05138	0.00664	0.00197	0.00273	0.01266	0.00421	0.00370
8	0.01179	0.01266	0.17606	0.14343	0.26913	0.03246	0.03823	0.01583	0.07993	0.12805	0.03982	0.01306	0.00924	0.00484	0.00459	0.00144	0.00548	0.00429	0.00297	0.00672
9	0.03214	0.16195	0.07301	0.01275	0.01643	0.17403	0.26621	0.01539	0.01083	0.09480	0.00969	0.01208	0.00770	0.00680	0.06588	0.00180	0.00705	0.02286	0.00265	0.00594
10	0.04839	0.02126	0.68583	0.01269	0.01879	0.01036	0.05350	0.01408	0.00951	0.01456	0.00848	0.01028	0.00621	0.00634	0.05873	0.00185	0.00705	0.00355	0.00203	0.00649
11	0.05575	0.02608	0.08767	0.22551	0.05335	0.14610	0.20482	0.01394	0.00997	0.01312	0.00789	0.01075	0.00624	0.00482	0.00595	0.00151	0.11463	0.00405	0.00220	0.00564
12	0.01653	0.00854	0.01044	0.00824	0.01151	0.00816	0.00669	0.12965	0.12224	0.43581	0.05158	0.01544	0.01220	0.00564	0.00446	0.00134	0.00382	0.00458	0.04417	0.09896
13	0.04517	0.01161	0.13596	0.02459	0.06884	0.00894	0.15839	0.03767	0.04949	0.13560	0.03357	0.01223	0.00876	0.00445	0.00434	0.00125	0.00503	0.00405	0.00315	0.24692
14	0.00817	0.00652	0.00942	0.11536	0.15706	0.00672	0.00739	0.06821	0.01039	0.01429	0.05441	0.41006	0.03715	0.00970	0.00516	0.00161	0.00373	0.00873	0.06098	0.00493
15	0.01184	0.09639	0.04482	0.09274	0.07558	0.14067	0.08408	0.05280	0.10823	0.01363	0.00893	0.01112	0.00734	0.00595	0.00732	0.04093	0.18533	0.00396	0.00257	0.00579
16	0.00712	0.06116	0.00782	0.00670	0.00788	0.02034	0.00513	0.00903	0.05050	0.01231	0.09810	0.13551	0.19729	0.07159	0.25490	0.00352	0.03607	0.00732	0.00345	0.00427
17	0.00797	0.00399	0.00598	0.00598	0.00598	0.00399	0.00399	0.00598	0.00598	0.00797	0.00797	0.01396	0.00797	0.01595	0.01794	0.86643	0.00399	0.00399	0.00199	0.00199
18	0.00848	0.00714	0.00750	0.00726	0.00883	0.05747	0.00561	0.07011	0.13122	0.01584	0.17724	0.15431	0.20487	0.01005	0.00536	0.00162	0.00339	0.11445	0.00438	0.00489
19	0.01102	0.02794	0.02807	0.07167	0.07978	0.06302	0.02040	0.01655	0.27074	0.10583	0.02933	0.07453	0.15169	0.00767	0.01978	0.00161	0.00433	0.00604	0.00394	0.00606
20	0.00652	0.00454	0.00556	0.00579	0.00675	0.00408	0.00412	0.00773	0.01032	0.05232	0.20120	0.36175	0.25574	0.04407	0.00626	0.00176	0.00259	0.01039	0.00445	0.00406
21	0.05069	0.00822	0.01074	0.00827	0.01180	0.00743	0.00683	0.07895	0.01357	0.72716	0.01717	0.01500	0.01087	0.00562	0.00455	0.00142	0.00398	0.00451	0.00550	0.00771
22	0.04759	0.00673	0.00895	0.10586	0.01190	0.00719	0.04425	0.10020	0.07010	0.01490	0.03602	0.43072	0.04247	0.02977	0.00586	0.00176	0.01804	0.00901	0.00385	0.00482
23	0.05524	0.01591	0.37878	0.01198	0.01706	0.00968	0.12076	0.03534	0.01108	0.26742	0.01144	0.01187	0.00774	0.00480	0.00471	0.00146	0.02045	0.00405	0.00328	0.00693
24	0.00672	0.00519	0.00767	0.00762	0.00834	0.00614	0.00591	0.00825	0.00746	0.01076	0.01286	0.07904	0.01254	0.03116	0.70548	0.00661	0.06608	0.00547	0.00257	0.00413
25	0.01128	0.00658	0.00851	0.00758	0.00909	0.02379	0.00586	0.07075	0.00976	0.20049	0.01304	0.01711	0.01097	0.09932	0.32096	0.10107	0.03937	0.00476	0.03476	0.00495
26	0.01055	0.01035	0.01588	0.16250	0.53815	0.05661	0.01235	0.01307	0.01038	0.01392	0.01279	0.01508	0.09836	0.00507	0.00463	0.00140	0.00537	0.00466	0.00246	0.00640
27	0.00996	0.01272	0.13459	0.10352	0.04381	0.01097	0.45586	0.01345	0.01002	0.01385	0.00983	0.06894	0.00827	0.00511	0.00602	0.00159	0.07787	0.00536	0.00234	0.00592
28	0.46497	0.06740	0.01168	0.01188	0.17730	0.10861	0.01591	0.01402	0.00920	0.01711	0.02404	0.00910	0.00651	0.00453	0.00398	0.00138	0.04110	0.00310	0.00261	0.00556
29	0.01064	0.01057	0.01645	0.15414	0.45454	0.07216	0.07483	0.01317	0.01016	0.01363	0.00987	0.06686	0.00885	0.02070	0.04219	0.00175	0.00607	0.00479	0.00240	0.00622
30	0.00799	0.00638	0.02545	0.00694	0.00857	0.00604	0.02971	0.02471	0.15073	0.04285	0.16309	0.11390	0.24624	0.04295	0.02965	0.07484	0.00344	0.00772	0.00412	0.00469
31	0.01246	0.31699	0.21823	0.01120	0.05354	0.12795	0.04047	0.04517	0.01071	0.04814	0.00799	0.00913	0.00637	0.00425	0.00381	0.00118	0.00584	0.00313	0.00236	0.07106
32	0.01120	0.28759	0.17610	0.06509	0.01568	0.01268	0.10355	0.01424	0.04246	0.07427	0.01012	0.02934	0.02243	0.02528	0.00543	0.00144	0.07271	0.00401	0.02039	0.00599
33	0.04353	0.00621	0.00756	0.00649	0.00809	0.00594	0.00466	0.05091	0.01011	0.28926	0.06809	0.02343	0.01569	0.41379	0.02428	0.00298	0.00421	0.00577	0.00402	0.00497
34	0.00647	0.00664	0.07988	0.07269	0.01000	0.00521	0.00611	0.00841	0.01059	0.01387	0.20078	0.15989	0.31361	0.01043	0.00541	0.00162	0.00322	0.07679	0.00404	0.00435
35	0.01073	0.08943	0.18635	0.04910	0.29735	0.01137	0.14242	0.03874	0.05011	0.01473	0.00958	0.01273	0.00788	0.03685	0.00528	0.00153	0.00592	0.02093	0.00243	0.00656
36	0.00588	0.00456	0.00531	0.00557	0.00664	0.00407	0.00410	0.00716	0.01037	0.01325	0.17256	0.21566	0.39900	0.05223	0.00647	0.00179	0.00263	0.07453	0.00433	0.00390
37	0.00653	0.00429	0.00545	0.00612	0.00673	0.00397	0.00421	0.00750	0.00915	0.04864	0.02591	0.62136	0.10800	0.03322	0.01987	0.00191	0.00285	0.01137	0.06898	0.00396
38	0.02690	0.03198	0.45214	0.01206	0.01717	0.08903	0.07439	0.04607	0.05194	0.09439	0.02190	0.02420	0.02732	0.00502	0.00449	0.00143	0.00617	0.00409	0.00278	0.00657
39	0.01365	0.02523	0.11119	0.12233	0.12560	0.01020	0.06939	0.16005	0.03502	0.19974	0.02536	0.01512	0.00983	0.00545	0.00472	0.00147	0.00526	0.04996	0.00364	0.00681
40	0.31094	0.00887	0.00969	0.00776	0.01100	0.00906	0.00638	0.13864	0.01245	0.40093	0.01276	0.01208	0.00854	0.00542	0.00433	0.02225	0.00396	0.00380	0.00445	0.00670
41	0.08465	0.00696	0.00966	0.23469	0.01528	0.00755	0.03618	0.07367	0.01090	0.05133	0.15276	0.18927	0.05473	0.00870	0.02754	0.00171	0.00429	0.00690	0.01829	0.00495
42	0.05265	0.08016	0.05809	0.01121	0.05245	0.08587	0.09341	0.19664	0.14227	0.05563	0.02298	0.03764	0.07917	0.00589	0.00454	0.00141	0.00506	0.00488	0.00362	0.00645

[dist]
# distance from previous block
# <min> <max>
2	12

[block]
# block no. 3 follows, 56 sequences, length 23
# corresponding to MSA columns:
# 328-341,343-351
name=unknown_D
#
# <colnr> <probs for GDERKNQSTAVLIFYWHMCP>
#	G	D	E	R	K	N	Q	S	T	A	V	L	I	F	Y	W	H	M	C	P
0	0.04738	0.09282	0.01261	0.00999	0.04600	0.10989	0.04624	0.06374	0.04714	0.10361	0.13036	0.01658	0.01403	0.03502	0.06800	0.00197	0.09430	0.02465	0.00340	0.03228
1	0.01079	0.07221	0.22820	0.06526	0.08312	0.09258	0.02866	0.04527	0.10388	0.01477	0.01189	0.01383	0.05097	0.00521	0.00453	0.00134	0.02056	0.02794	0.00275	0.11625
2	0.01247	0.01124	0.08244	0.12963	0.22486	0.06356	0.06282	0.07267	0.01130	0.14807	0.01122	0.01318	0.01923	0.00847	0.10644	0.00216	0.00652	0.00431	0.00301	0.00641
3	0.01189	0.40049	0.32598	0.01028	0.01526	0.01468	0.01148	0.13387	0.01135	0.01502	0.00781	0.00882	0.00616	0.00434	0.00374	0.00122	0.00565	0.00307	0.00236	0.00653
4	0.01018	0.00997	0.01806	0.23253	0.18134	0.01037	0.26804	0.05526	0.04492	0.01461	0.01110	0.10176	0.00970	0.00544	0.00499	0.00153	0.00598	0.00555	0.00267	0.00599
5	0.00768	0.00546	0.00718	0.00808	0.06138	0.00506	0.00586	0.00935	0.01030	0.05321	0.06197	0.20054	0.18600	0.01080	0.00546	0.00169	0.00332	0.24961	0.05621	0.05083
6	0.07567	0.00962	0.01117	0.12745	0.03337	0.04122	0.00787	0.20054	0.08177	0.14907	0.03808	0.06309	0.01098	0.00579	0.00443	0.00137	0.00446	0.01355	0.00389	0.11661
7	0.00907	0.00534	0.00647	0.00629	0.00774	0.00492	0.00475	0.03833	0.01065	0.15165	0.04554	0.23845	0.23480	0.06572	0.00647	0.00181	0.00308	0.08020	0.07406	0.00466
8	0.00719	0.00723	0.06101	0.04318	0.00961	0.05501	0.00631	0.00854	0.00906	0.01202	0.05906	0.49078	0.03951	0.03560	0.05889	0.00219	0.07739	0.00961	0.00358	0.00423
9	0.11885	0.29219	0.01553	0.00886	0.01208	0.11458	0.00762	0.16326	0.08401	0.08448	0.00963	0.01005	0.00747	0.00488	0.00407	0.00126	0.03047	0.00336	0.02104	0.00630
10	0.01090	0.00737	0.00819	0.00796	0.02971	0.05579	0.00590	0.06753	0.10232	0.12563	0.01789	0.12745	0.03618	0.10517	0.00778	0.05146	0.00396	0.11437	0.10932	0.00511
11	0.00562	0.00412	0.00529	0.00614	0.00661	0.00378	0.00417	0.00655	0.00924	0.01219	0.07283	0.68908	0.13002	0.01375	0.00578	0.00180	0.00259	0.01235	0.00431	0.00378
12	0.12194	0.00700	0.00812	0.00677	0.00939	0.00675	0.00545	0.01741	0.07485	0.39449	0.01779	0.01701	0.06396	0.00586	0.00410	0.00135	0.00329	0.00465	0.22357	0.00625
13	0.01498	0.00824	0.00950	0.00803	0.01005	0.08844	0.00621	0.06235	0.01096	0.35849	0.03304	0.01430	0.01006	0.00926	0.00954	0.29634	0.03669	0.00428	0.00386	0.00538
14	0.00710	0.00501	0.00683	0.00702	0.00785	0.00528	0.00532	0.00839	0.00867	0.05112	0.02110	0.24938	0.10927	0.06445	0.30454	0.00399	0.04281	0.08422	0.00349	0.00414
15	0.00780	0.00600	0.00917	0.00849	0.00943	0.00693	0.04846	0.00927	0.00786	0.04567	0.01279	0.09823	0.01242	0.04341	0.51520	0.02724	0.11891	0.00564	0.00271	0.00438
16	0.02896	0.00549	0.00671	0.00671	0.00787	0.00542	0.00498	0.06249	0.05643	0.03659	0.28112	0.34003	0.07264	0.01095	0.00546	0.00165	0.00284	0.05451	0.00457	0.00458
17	0.01021	0.00993	0.05727	0.03363	0.10182	0.04905	0.20207	0.01233	0.02933	0.05546	0.01130	0.06120	0.02413	0.04625	0.07438	0.12027	0.08839	0.00516	0.00263	0.00519
18	0.00997	0.01073	0.06412	0.08999	0.19865	0.09760	0.14522	0.01232	0.01023	0.03148	0.01423	0.24297	0.02686	0.00735	0.00505	0.00155	0.00542	0.01774	0.00294	0.00556
19	0.20558	0.00850	0.00958	0.00772	0.01071	0.00860	0.00630	0.17080	0.01353	0.34575	0.13109	0.01571	0.01400	0.00588	0.00430	0.00141	0.00375	0.00459	0.02563	0.00658
20	0.00977	0.00960	0.01390	0.43738	0.19908	0.08206	0.01164	0.01233	0.00949	0.01224	0.00868	0.01243	0.00710	0.00876	0.11858	0.00229	0.03293	0.00410	0.00218	0.00546
21	0.05245	0.01158	0.14816	0.10361	0.29589	0.00989	0.03740	0.04314	0.02247	0.01497	0.04736	0.06908	0.06227	0.00593	0.00529	0.00150	0.05510	0.00510	0.00272	0.00611
22	0.07186	0.03604	0.33370	0.01064	0.01551	0.00941	0.04979	0.05148	0.01156	0.34658	0.01233	0.01213	0.00820	0.00492	0.00439	0.00143	0.00530	0.00395	0.00369	0.00708

[dist]
# distance from previous block
# <min> <max>
3	18

[block]
# block no. 4 follows, 56 sequences, length 17
# corresponding to MSA columns:
# 370-386
name=unknown_E
#
# <colnr> <probs for GDERKNQSTAVLIFYWHMCP>
#	G	D	E	R	K	N	Q	S	T	A	V	L	I	F	Y	W	H	M	C	P
0	0.01132	0.01088	0.08120	0.03859	0.14466	0.07821	0.03848	0.01632	0.20852	0.09577	0.06212	0.13228	0.01453	0.00664	0.00476	0.00147	0.00463	0.00579	0.00366	0.04017
1	0.01203	0.01031	0.01704	0.09782	0.62512	0.01046	0.01294	0.01515	0.04646	0.09306	0.00998	0.01212	0.00787	0.00439	0.00456	0.00139	0.00528	0.00419	0.00269	0.00713
2	0.01075	0.21222	0.28611	0.12728	0.19271	0.03152	0.01299	0.03122	0.02915	0.01372	0.00816	0.01003	0.00644	0.00431	0.00410	0.00133	0.00588	0.00347	0.00217	0.00645
3	0.01074	0.09888	0.27902	0.01304	0.09314	0.02468	0.08185	0.02953	0.00971	0.07508	0.00946	0.01217	0.00767	0.04298	0.09991	0.00226	0.09728	0.00403	0.00246	0.00610
4	0.00930	0.00969	0.12299	0.01003	0.01152	0.00860	0.02770	0.01040	0.00889	0.01280	0.01421	0.17578	0.01462	0.07948	0.22765	0.06546	0.17585	0.00665	0.00317	0.00523
5	0.00628	0.00475	0.00598	0.00608	0.00664	0.00473	0.01700	0.00703	0.00824	0.01081	0.02371	0.26747	0.18485	0.29826	0.09295	0.00323	0.03607	0.00888	0.00346	0.00356
6	0.05097	0.01027	0.01526	0.04552	0.13792	0.02276	0.18423	0.11746	0.16803	0.07210	0.01513	0.02605	0.06536	0.00583	0.00485	0.00151	0.00513	0.04156	0.00356	0.00650
7	0.01058	0.04354	0.12662	0.01674	0.23954	0.06355	0.17120	0.03247	0.01059	0.03653	0.01247	0.16872	0.01193	0.00640	0.00492	0.00151	0.00565	0.02816	0.00282	0.00607
8	0.01782	0.00782	0.01020	0.00811	0.01119	0.00717	0.00657	0.11005	0.01369	0.59031	0.07049	0.09664	0.01493	0.00676	0.00479	0.00146	0.00380	0.00563	0.00537	0.00718
9	0.01329	0.01165	0.04523	0.06413	0.01395	0.10394	0.00825	0.06828	0.48093	0.11596	0.01568	0.01492	0.01151	0.00576	0.00458	0.00148	0.00459	0.00465	0.00424	0.00698
10	0.02575	0.00855	0.01252	0.04960	0.01346	0.02704	0.16894	0.09862	0.09808	0.09389	0.04085	0.21878	0.01604	0.08912	0.00702	0.00187	0.01349	0.00709	0.00376	0.00554
11	0.00911	0.00753	0.00894	0.00972	0.08748	0.05532	0.00657	0.06585	0.12384	0.03501	0.01845	0.28649	0.05265	0.02720	0.18084	0.00290	0.00569	0.00761	0.00366	0.00514
12	0.00638	0.00496	0.00728	0.00717	0.00801	0.00503	0.05176	0.00765	0.00845	0.01145	0.04249	0.30332	0.09722	0.11520	0.29723	0.00406	0.00655	0.00851	0.00336	0.00393
13	0.01435	0.01654	0.06737	0.01257	0.04869	0.35637	0.08604	0.10869	0.21190	0.01600	0.01082	0.01145	0.00832	0.00506	0.00448	0.00136	0.00647	0.00397	0.00317	0.00636
14	0.01207	0.09919	0.11613	0.05719	0.10609	0.03048	0.05679	0.07419	0.17619	0.09972	0.01358	0.01752	0.01113	0.00595	0.00466	0.00149	0.00508	0.10253	0.00347	0.00654
15	0.09174	0.08968	0.01172	0.00802	0.01155	0.00837	0.00676	0.04176	0.01255	0.64617	0.01578	0.01400	0.01019	0.00539	0.00430	0.00138	0.00401	0.00421	0.00505	0.00738
16	0.01455	0.28641	0.04794	0.00955	0.01311	0.11644	0.00843	0.31045	0.06577	0.03439	0.01103	0.01131	0.04124	0.00516	0.00403	0.00125	0.00525	0.00372	0.00335	0.00662

[dist]
# distance from previous block
# <min> <max>
0	1

[block]
# block no. 5 follows, 56 sequences, length 6
# corresponding to MSA columns:
# 388-393
name=unknown_F
#
# <colnr> <probs for GDERKNQSTAVLIFYWHMCP>
#	G	D	E	R	K	N	Q	S	T	A	V	L	I	F	Y	W	H	M	C	P
0	0.08856	0.01031	0.09088	0.36236	0.17880	0.01022	0.01152	0.01410	0.11219	0.01481	0.05469	0.01326	0.00934	0.00492	0.00446	0.00148	0.00527	0.00425	0.00266	0.00592
1	0.00957	0.00610	0.00694	0.00630	0.00810	0.00571	0.00475	0.11115	0.01171	0.14297	0.03089	0.16510	0.37490	0.08616	0.00690	0.00183	0.00318	0.00843	0.00440	0.00489
2	0.01197	0.27111	0.01376	0.00824	0.01086	0.17123	0.00686	0.01480	0.11312	0.07744	0.01756	0.09666	0.13372	0.00696	0.00430	0.00134	0.00470	0.02650	0.00333	0.00555
3	0.01073	0.00868	0.04664	0.08777	0.01336	0.00779	0.00778	0.11334	0.01157	0.08233	0.01448	0.02214	0.03583	0.00673	0.00496	0.00137	0.02919	0.19822	0.00351	0.29358
4	0.01183	0.00910	0.06200	0.01054	0.08903	0.00878	0.00803	0.08412	0.11958	0.17698	0.01776	0.03651	0.11378	0.01144	0.14079	0.00250	0.08194	0.00536	0.00379	0.00614
5	0.01163	0.15306	0.12432	0.00906	0.01185	0.01134	0.00824	0.25248	0.01222	0.01643	0.01033	0.04723	0.00942	0.12872	0.03405	0.08133	0.06521	0.00448	0.00301	0.00559

[dist]
# distance from previous block
# <min> <max>
0	15

[block]
# block no. 6 follows, 56 sequences, length 15
# corresponding to MSA columns:
# 409-423
name=unknown_G
#
# <colnr> <probs for GDERKNQSTAVLIFYWHMCP>
#	G	D	E	R	K	N	Q	S	T	A	V	L	I	F	Y	W	H	M	C	P
0	0.00978	0.01039	0.10476	0.01023	0.01359	0.00863	0.14520	0.03588	0.12968	0.02960	0.06662	0.02982	0.07673	0.00624	0.00579	0.04323	0.04961	0.00497	0.00319	0.21607
1	0.10867	0.01053	0.02348	0.02010	0.03750	0.11599	0.00696	0.18796	0.01276	0.08569	0.01451	0.13717	0.06391	0.00697	0.01415	0.00141	0.00456	0.00533	0.00365	0.13869
2	0.01181	0.01189	0.01145	0.01028	0.01152	0.22492	0.00806	0.01439	0.10703	0.05478	0.04687	0.12474	0.02684	0.00780	0.00850	0.00165	0.30365	0.00543	0.00310	0.00530
3	0.00694	0.00505	0.00721	0.00716	0.00788	0.00504	0.04758	0.00827	0.04319	0.01190	0.08561	0.29964	0.02213	0.15580	0.09393	0.10893	0.00453	0.07193	0.00352	0.00377
4	0.00601	0.00441	0.00568	0.00644	0.00698	0.00421	0.00446	0.00760	0.04777	0.01290	0.11267	0.65630	0.06291	0.01328	0.00575	0.00180	0.00268	0.02981	0.00437	0.00398
5	0.30708	0.00844	0.00903	0.00754	0.01042	0.00877	0.00609	0.11515	0.05355	0.29552	0.05210	0.08334	0.01205	0.00613	0.00416	0.00146	0.00373	0.00476	0.00437	0.00630
6	0.00993	0.00914	0.01394	0.49422	0.13066	0.01098	0.01171	0.04719	0.12758	0.01395	0.00973	0.01261	0.00751	0.00510	0.00549	0.00155	0.07606	0.00424	0.00257	0.00582
7	0.49116	0.00815	0.00812	0.00679	0.00974	0.00852	0.00556	0.01632	0.01017	0.30814	0.07662	0.01263	0.01045	0.00520	0.00370	0.00142	0.00357	0.00374	0.00405	0.00595
8	0.00770	0.00781	0.07643	0.00887	0.01110	0.00647	0.15449	0.01013	0.03875	0.01389	0.14847	0.04508	0.20320	0.03825	0.08531	0.06947	0.00489	0.00671	0.05836	0.00461
9	0.00714	0.00511	0.00711	0.00686	0.00772	0.00490	0.04571	0.00808	0.00826	0.04017	0.01797	0.34858	0.02014	0.27473	0.11634	0.00328	0.00483	0.00860	0.00341	0.06107
10	0.06566	0.00650	0.00911	0.07786	0.01113	0.00709	0.07277	0.06207	0.00951	0.01456	0.01379	0.15005	0.01310	0.04083	0.19907	0.00297	0.03589	0.00589	0.19752	0.00464
11	0.00604	0.00454	0.00574	0.00633	0.00703	0.00439	0.00444	0.00774	0.05254	0.01271	0.09324	0.54278	0.13999	0.01477	0.07277	0.00222	0.00342	0.01107	0.00420	0.00402
12	0.01058	0.00617	0.00895	0.00801	0.00970	0.00584	0.07003	0.01256	0.05315	0.22941	0.02022	0.34568	0.03877	0.08807	0.06833	0.00235	0.00435	0.00842	0.00424	0.00518
13	0.00954	0.03790	0.26096	0.19932	0.15902	0.01054	0.01265	0.01393	0.09438	0.01390	0.01067	0.08191	0.00913	0.00565	0.00528	0.00152	0.06034	0.00470	0.00252	0.00614
14	0.44900	0.00983	0.00925	0.09025	0.01256	0.07870	0.00663	0.04860	0.01015	0.17579	0.00927	0.00992	0.00668	0.00461	0.00359	0.00136	0.00434	0.00319	0.00335	0.06292

[dist]
# distance from previous block
# <min> <max>
0	28

[block]
# block no. 7 follows, 56 sequences, length 9
# corresponding to MSA columns:
# 453-461
name=unknown_H
#
# <colnr> <probs for GDERKNQSTAVLIFYWHMCP>
#	G	D	E	R	K	N	Q	S	T	A	V	L	I	F	Y	W	H	M	C	P
0	0.01298	0.00923	0.01511	0.01155	0.01477	0.00890	0.26971	0.13203	0.03307	0.20086	0.01647	0.10555	0.06313	0.00637	0.00495	0.00149	0.00497	0.00605	0.07656	0.00626
1	0.00681	0.00594	0.06698	0.00580	0.00643	0.00493	0.00412	0.00745	0.00745	0.01016	0.07024	0.05728	0.01806	0.66145	0.04531	0.00401	0.00465	0.00671	0.00292	0.00327
2	0.01247	0.26408	0.18349	0.01419	0.16616	0.20294	0.02841	0.01494	0.01040	0.01257	0.00741	0.00906	0.00617	0.00443	0.00446	0.00126	0.04605	0.00322	0.00212	0.00617
3	0.03654	0.14728	0.06428	0.09581	0.01161	0.06362	0.00694	0.01038	0.00882	0.01146	0.04529	0.02072	0.10920	0.24305	0.04202	0.00250	0.06807	0.00525	0.00268	0.00447
4	0.00946	0.00607	0.00777	0.06914	0.00999	0.00588	0.00558	0.07863	0.01281	0.13365	0.39771	0.08579	0.14157	0.00882	0.00520	0.00149	0.00303	0.00761	0.00471	0.00509
5	0.00747	0.00544	0.00662	0.00680	0.00771	0.00542	0.00486	0.11920	0.01086	0.01448	0.07536	0.51365	0.08156	0.06871	0.03215	0.00210	0.00340	0.02566	0.00420	0.00432
6	0.10513	0.11426	0.01519	0.16427	0.11493	0.19655	0.08429	0.01467	0.03092	0.04703	0.00952	0.06586	0.00820	0.00512	0.00426	0.00137	0.00587	0.00424	0.00262	0.00568
7	0.07441	0.00996	0.06245	0.14602	0.01832	0.00933	0.24765	0.01495	0.08077	0.12378	0.06866	0.01806	0.04154	0.00577	0.00492	0.00154	0.00540	0.05722	0.00335	0.00593
8	0.04435	0.12579	0.01638	0.01258	0.09325	0.04386	0.12366	0.30536	0.01419	0.03696	0.02133	0.03355	0.00888	0.06055	0.00610	0.00158	0.03743	0.00445	0.00332	0.00646

[dist]
# distance from previous block
# <min> <max>
1	3

[block]
# block no. 8 follows, 56 sequences, length 7
# corresponding to MSA columns:
# 467-472,476
name=unknown_I
#
# <colnr> <probs for GDERKNQSTAVLIFYWHMCP>
#	G	D	E	R	K	N	Q	S	T	A	V	L	I	F	Y	W	H	M	C	P
0	0.01676	0.01976	0.01319	0.01165	0.01407	0.64588	0.00892	0.13790	0.01397	0.01396	0.00764	0.00881	0.00621	0.00506	0.00488	0.00126	0.05851	0.00320	0.00269	0.00569
1	0.00772	0.00491	0.00612	0.00616	0.00739	0.00450	0.00469	0.00930	0.01068	0.08284	0.20011	0.21682	0.16319	0.03253	0.00579	0.00168	0.00284	0.11938	0.08986	0.02349
2	0.00735	0.00567	0.00700	0.00660	0.00827	0.00489	0.00493	0.00871	0.00922	0.01296	0.04466	0.27293	0.04541	0.12540	0.00755	0.00186	0.00338	0.13455	0.00357	0.28510
3	0.01722	0.00764	0.00983	0.00772	0.01067	0.00692	0.00612	0.08278	0.01247	0.55961	0.01633	0.01753	0.01179	0.15657	0.00795	0.00193	0.00407	0.00485	0.00491	0.05311
4	0.00597	0.00437	0.00553	0.00617	0.00669	0.00418	0.00420	0.00720	0.03142	0.01212	0.07993	0.55425	0.10429	0.09912	0.04992	0.00235	0.00331	0.01109	0.00408	0.00381
5	0.00684	0.00557	0.00819	0.00803	0.00916	0.00539	0.08573	0.00920	0.07619	0.01319	0.05583	0.50370	0.08805	0.01202	0.00571	0.00179	0.00339	0.09353	0.00413	0.00437
6	0.73139	0.00840	0.00696	0.00624	0.00894	0.00948	0.00507	0.01368	0.00834	0.08657	0.00887	0.07336	0.00751	0.00518	0.00323	0.00146	0.00351	0.00350	0.00319	0.00511

[dist]
# distance from previous block
# <min> <max>
2	3

[block]
# block no. 9 follows, 56 sequences, length 7
# corresponding to MSA columns:
# 481-487
name=unknown_J
#
# <colnr> <probs for GDERKNQSTAVLIFYWHMCP>
#	G	D	E	R	K	N	Q	S	T	A	V	L	I	F	Y	W	H	M	C	P
0	0.01064	0.00799	0.01065	0.28612	0.06988	0.00900	0.00846	0.17344	0.03604	0.01769	0.03480	0.01433	0.00973	0.00519	0.00416	0.00133	0.00435	0.00431	0.28632	0.00558
1	0.00900	0.00552	0.00663	0.00607	0.00782	0.00499	0.00464	0.01125	0.05788	0.16676	0.27079	0.09374	0.31770	0.00970	0.00526	0.00152	0.00268	0.00829	0.00480	0.00495
2	0.01004	0.00841	0.05483	0.01027	0.01251	0.00767	0.16877	0.09022	0.01081	0.10541	0.01690	0.33370	0.01721	0.04312	0.05445	0.00211	0.03656	0.00803	0.00368	0.00531
3	0.00752	0.00610	0.00631	0.00627	0.00670	0.07787	0.00413	0.00807	0.00754	0.00971	0.01397	0.07582	0.01534	0.51993	0.21100	0.00469	0.00656	0.00632	0.00276	0.00338
4	0.03828	0.01371	0.01328	0.06369	0.08604	0.28696	0.06284	0.16432	0.01334	0.06508	0.01164	0.09293	0.01037	0.00620	0.00467	0.00143	0.00605	0.04997	0.00327	0.00594
5	0.00907	0.00806	0.01264	0.22779	0.27746	0.00868	0.01042	0.01238	0.08081	0.01377	0.01464	0.16268	0.01444	0.00748	0.00506	0.00162	0.00479	0.11950	0.00306	0.00564
6	0.34213	0.00956	0.01283	0.13349	0.32157	0.01054	0.00991	0.01373	0.00922	0.04958	0.00798	0.01011	0.00634	0.00447	0.00436	0.00144	0.04068	0.00349	0.00259	0.00600

[dist]
# distance from previous block
# <min> <max>
0	11

[block]
# block no. 10 follows, 56 sequences, length 17
# corresponding to MSA columns:
# 500-506,554-563
name=unknown_K
#
# <colnr> <probs for GDERKNQSTAVLIFYWHMCP>
#	G	D	E	R	K	N	Q	S	T	A	V	L	I	F	Y	W	H	M	C	P
0	0.04149	0.29313	0.06523	0.14139	0.14154	0.08178	0.04623	0.06344	0.01047	0.01355	0.00759	0.00960	0.00629	0.00451	0.00459	0.00130	0.05616	0.00340	0.00227	0.00604
1	0.00679	0.00519	0.00750	0.00738	0.00804	0.00611	0.00564	0.00819	0.00727	0.01046	0.01217	0.01904	0.01179	0.13408	0.66883	0.00667	0.06331	0.00508	0.00247	0.00399
2	0.01257	0.00951	0.04101	0.22947	0.15223	0.02486	0.00998	0.10399	0.01179	0.17820	0.01241	0.06642	0.01009	0.00573	0.00463	0.00143	0.00497	0.04026	0.00342	0.07702
3	0.16850	0.09698	0.18709	0.03980	0.03721	0.07737	0.08649	0.01595	0.09039	0.08523	0.00960	0.01061	0.00721	0.00463	0.00431	0.00137	0.02525	0.00361	0.00283	0.04556
4	0.01984	0.00903	0.01140	0.00874	0.01232	0.00855	0.00722	0.20793	0.01517	0.62478	0.01641	0.01452	0.01051	0.00564	0.00461	0.00141	0.00418	0.00450	0.00542	0.00781
5	0.00566	0.00413	0.00539	0.00631	0.00674	0.00386	0.00432	0.00656	0.00895	0.01180	0.02695	0.70439	0.10857	0.01480	0.03607	0.00204	0.00303	0.03247	0.00419	0.00377
6	0.03916	0.05887	0.15270	0.01315	0.14472	0.04757	0.07613	0.02543	0.02996	0.20187	0.06783	0.01410	0.01089	0.00804	0.08739	0.00200	0.00597	0.00442	0.00333	0.00646
7	0.07643	0.00554	0.00657	0.00658	0.00768	0.00579	0.00480	0.03726	0.05939	0.04663	0.01941	0.28283	0.07342	0.10646	0.18263	0.00317	0.00515	0.00780	0.05805	0.00439
8	0.00658	0.00483	0.00695	0.00695	0.00762	0.00550	0.00520	0.00792	0.00725	0.01034	0.01269	0.02022	0.01243	0.18081	0.67539	0.00685	0.01087	0.00524	0.00252	0.00386
9	0.01076	0.01124	0.02196	0.12987	0.33823	0.01114	0.37948	0.01407	0.01046	0.01443	0.00888	0.01196	0.00698	0.00405	0.00496	0.00147	0.00661	0.00471	0.00226	0.00648
10	0.01061	0.06556	0.14295	0.14047	0.36849	0.01137	0.08789	0.03518	0.01023	0.01428	0.00874	0.02935	0.00723	0.00462	0.00502	0.00144	0.04359	0.00420	0.00227	0.00652
11	0.01446	0.00640	0.00863	0.00721	0.00961	0.00565	0.00570	0.01625	0.01262	0.47179	0.27079	0.11144	0.02364	0.00782	0.00501	0.00148	0.00321	0.00672	0.00533	0.00625
12	0.00558	0.00406	0.00526	0.00622	0.00661	0.00374	0.00418	0.00641	0.00896	0.01179	0.02746	0.75526	0.10937	0.01410	0.00582	0.00183	0.00263	0.01271	0.00426	0.00374
13	0.03011	0.04042	0.05147	0.39002	0.02279	0.01031	0.13400	0.03098	0.08839	0.03168	0.05894	0.01550	0.02921	0.00538	0.00492	0.00152	0.02038	0.02559	0.00279	0.00561
14	0.00931	0.00796	0.01182	0.11956	0.11299	0.00833	0.08753	0.04336	0.16308	0.03463	0.14072	0.16032	0.06547	0.00768	0.00508	0.00155	0.00419	0.00698	0.00377	0.00564
15	0.01291	0.01128	0.01094	0.03909	0.04824	0.23153	0.03190	0.07687	0.01185	0.11224	0.01337	0.01972	0.01177	0.02670	0.08295	0.00208	0.02091	0.13937	0.09081	0.00546
16	0.00980	0.00820	0.00994	0.09027	0.01293	0.00680	0.00626	0.04548	0.01012	0.03042	0.01023	0.01156	0.04350	0.00403	0.00369	0.00085	0.00371	0.00327	0.00286	0.68608

[dist]
# distance from previous block
# <min> <max>
2	19

[block]
# block no. 11 follows, 56 sequences, length 23
# corresponding to MSA columns:
# 585-607
name=unknown_L
#
# <colnr> <probs for GDERKNQSTAVLIFYWHMCP>
#	G	D	E	R	K	N	Q	S	T	A	V	L	I	F	Y	W	H	M	C	P
0	0.06668	0.17488	0.01420	0.00903	0.04061	0.01007	0.07338	0.08407	0.01060	0.01556	0.00946	0.01094	0.03344	0.01958	0.00403	0.00105	0.00429	0.00336	0.00275	0.41202
1	0.08865	0.00805	0.00985	0.00742	0.01113	0.00679	0.00605	0.01711	0.01118	0.41279	0.01296	0.01238	0.00892	0.00461	0.00396	0.00111	0.00367	0.00364	0.00420	0.36554
2	0.04943	0.41427	0.10223	0.00883	0.01277	0.06633	0.00853	0.04821	0.04059	0.19410	0.00993	0.01006	0.00747	0.00459	0.00368	0.00120	0.00500	0.00325	0.00307	0.00648
3	0.00771	0.00610	0.00751	0.00623	0.00852	0.00505	0.00479	0.00975	0.01133	0.01663	0.43423	0.06513	0.02743	0.00715	0.00460	0.00115	0.00271	0.00622	0.00404	0.36372
4	0.00867	0.00816	0.01377	0.82762	0.03162	0.01020	0.01275	0.01173	0.00918	0.01173	0.00816	0.01224	0.00612	0.00459	0.00459	0.00153	0.00612	0.00408	0.00204	0.00510
5	0.00568	0.00434	0.00527	0.00577	0.00659	0.00393	0.00407	0.00680	0.00979	0.01269	0.12286	0.43858	0.29723	0.01367	0.03877	0.00193	0.00288	0.01102	0.00428	0.00386
6	0.87108	0.00888	0.00675	0.00604	0.00888	0.01030	0.00497	0.01350	0.00781	0.02060	0.00639	0.00746	0.00497	0.00426	0.00284	0.00142	0.00355	0.00249	0.00284	0.00497
7	0.00618	0.00485	0.00571	0.00609	0.00739	0.00438	0.00491	0.00772	0.01061	0.01323	0.08758	0.07147	0.46531	0.01193	0.00575	0.00175	0.00298	0.27383	0.00430	0.00402
8	0.79424	0.00878	0.00710	0.00623	0.00914	0.00998	0.00513	0.01430	0.00829	0.09222	0.00745	0.00820	0.00555	0.00439	0.00300	0.00142	0.00358	0.00268	0.00310	0.00523
9	0.00920	0.00717	0.00947	0.00890	0.00938	0.00858	0.00684	0.01011	0.00870	0.04968	0.01569	0.30737	0.01679	0.04155	0.02539	0.00211	0.33725	0.00762	0.11338	0.00483
10	0.00913	0.00484	0.00490	0.00469	0.00593	0.00492	0.00357	0.06156	0.01040	0.01788	0.01472	0.01672	0.01151	0.00536	0.00330	0.00109	0.00233	0.00427	0.80838	0.00451
11	0.00670	0.00473	0.00601	0.08934	0.00822	0.00489	0.00425	0.00734	0.00758	0.01026	0.01636	0.21878	0.01851	0.49976	0.03811	0.00347	0.00431	0.00777	0.04027	0.00334
12	0.00841	0.00494	0.00676	0.00672	0.00742	0.01753	0.00495	0.00852	0.00837	0.07432	0.09572	0.10496	0.01671	0.03197	0.14643	0.36309	0.00514	0.08138	0.00315	0.00351
13	0.06696	0.01066	0.01777	0.06818	0.43420	0.03221	0.15849	0.01386	0.01015	0.03798	0.00939	0.01321	0.00794	0.03437	0.00577	0.00157	0.04090	0.02751	0.00247	0.00641
14	0.00583	0.00417	0.00560	0.00667	0.00704	0.00394	0.00468	0.00681	0.00903	0.01199	0.02517	0.73147	0.02984	0.01416	0.00592	0.00190	0.00287	0.11488	0.00426	0.00380
15	0.54352	0.05134	0.01006	0.00907	0.06227	0.19444	0.00675	0.04941	0.00985	0.01802	0.00690	0.00805	0.00550	0.00440	0.00333	0.00134	0.00488	0.00277	0.00273	0.00537
16	0.01121	0.09183	0.01586	0.05312	0.18698	0.14554	0.09290	0.01305	0.00968	0.01229	0.00924	0.01464	0.00868	0.08374	0.02272	0.00189	0.16818	0.05060	0.00237	0.00550
17	0.00945	0.03799	0.02846	0.03965	0.21497	0.00850	0.04501	0.03426	0.04211	0.03312	0.04391	0.16264	0.03020	0.08207	0.00723	0.00179	0.05799	0.05559	0.00317	0.06191
18	0.03715	0.35977	0.34650	0.01169	0.08265	0.01354	0.01196	0.01462	0.00976	0.06217	0.00805	0.00917	0.00629	0.00424	0.00376	0.00125	0.00562	0.00311	0.00223	0.00647
19	0.01166	0.15300	0.01785	0.06560	0.46117	0.02854	0.03722	0.01404	0.01039	0.06561	0.01029	0.03602	0.00906	0.00504	0.00445	0.00138	0.00528	0.05423	0.00261	0.00658
20	0.02060	0.00781	0.01065	0.00817	0.01172	0.00675	0.00675	0.02237	0.01314	0.81320	0.01811	0.01563	0.01136	0.00568	0.00462	0.00142	0.00391	0.00462	0.00568	0.00781
21	0.00917	0.00855	0.01428	0.45897	0.26432	0.00959	0.02496	0.01178	0.00954	0.01266	0.01140	0.03531	0.05929	0.02766	0.00545	0.01892	0.00552	0.00476	0.00233	0.00554
22	0.00975	0.02517	0.01195	0.01141	0.10062	0.00748	0.12699	0.04573	0.06231	0.09618	0.06213	0.29653	0.04706	0.00998	0.03841	0.00185	0.00450	0.03267	0.00385	0.00544

[dist]
# distance from previous block
# <min> <max>
0	1

[block]
# block no. 12 follows, 56 sequences, length 27
# corresponding to MSA columns:
# 609-620,622,625-638
name=unknown_M
#
# <colnr> <probs for GDERKNQSTAVLIFYWHMCP>
#	G	D	E	R	K	N	Q	S	T	A	V	L	I	F	Y	W	H	M	C	P
0	0.04554	0.00810	0.01070	0.00823	0.01176	0.00723	0.00679	0.06090	0.01341	0.75042	0.01741	0.01515	0.01100	0.00563	0.00456	0.00142	0.00395	0.00453	0.00554	0.00773
1	0.00732	0.00422	0.00549	0.00549	0.00549	0.00422	0.00338	0.00633	0.00633	0.00844	0.01123	0.02203	0.01235	0.42884	0.02066	0.43383	0.00422	0.00534	0.00239	0.00239
2	0.03224	0.03058	0.44264	0.01438	0.08893	0.01093	0.13521	0.05437	0.08417	0.01583	0.00997	0.03009	0.00762	0.00473	0.00454	0.00146	0.00616	0.00417	0.01531	0.00666
3	0.00867	0.00816	0.01377	0.82762	0.03162	0.01020	0.01275	0.01173	0.00918	0.01173	0.00816	0.01224	0.00612	0.00459	0.00459	0.00153	0.00612	0.00408	0.00204	0.00510
4	0.01722	0.00776	0.00996	0.00789	0.01092	0.00720	0.00642	0.10277	0.03846	0.54213	0.13298	0.01800	0.01577	0.00621	0.00465	0.00140	0.00366	0.00510	0.05442	0.00708
5	0.00603	0.00450	0.00620	0.00773	0.05469	0.00425	0.00498	0.00703	0.00906	0.01205	0.02518	0.71016	0.06254	0.01356	0.00579	0.00183	0.00290	0.05342	0.00414	0.00397
6	0.01097	0.08320	0.43795	0.01413	0.01973	0.01137	0.24694	0.03810	0.01060	0.07040	0.00918	0.01077	0.00661	0.00431	0.00459	0.00144	0.00667	0.00403	0.00239	0.00664
7	0.00578	0.00433	0.00564	0.03893	0.00761	0.00407	0.00449	0.00687	0.00949	0.01250	0.10664	0.59874	0.15188	0.01306	0.00570	0.00176	0.00270	0.01169	0.00425	0.00387
8	0.01395	0.38208	0.11144	0.01017	0.01374	0.35446	0.00933	0.01601	0.02920	0.01161	0.00718	0.00825	0.00608	0.00437	0.00365	0.00113	0.00652	0.00284	0.00219	0.00579
9	0.03117	0.00917	0.02738	0.00874	0.04698	0.00774	0.02327	0.07070	0.01038	0.03198	0.00845	0.00988	0.00688	0.00396	0.00431	0.00091	0.05309	0.00307	0.00284	0.63912
10	0.04614	0.10641	0.12726	0.03974	0.15500	0.11833	0.16196	0.05052	0.06986	0.01490	0.02758	0.01155	0.00807	0.00570	0.03610	0.00160	0.00637	0.00407	0.00259	0.00626
11	0.01407	0.01384	0.03993	0.00919	0.01159	0.30898	0.00739	0.21434	0.01388	0.01772	0.01058	0.01184	0.00823	0.00519	0.00424	0.00123	0.02593	0.00371	0.27243	0.00568
12	0.00871	0.00667	0.00953	0.01094	0.16741	0.00675	0.00687	0.01127	0.06285	0.05095	0.44219	0.02495	0.03973	0.00842	0.00670	0.06784	0.05251	0.00654	0.00407	0.00511
13	0.31593	0.04331	0.06505	0.00825	0.04693	0.00934	0.00669	0.12707	0.01125	0.05337	0.13522	0.01646	0.05546	0.05634	0.02983	0.00177	0.00419	0.00457	0.00350	0.00547
14	0.05738	0.00785	0.01015	0.00792	0.01120	0.00713	0.00651	0.06907	0.01328	0.64912	0.06409	0.01614	0.01278	0.00581	0.00453	0.00141	0.00379	0.00470	0.03981	0.00734
15	0.00968	0.00967	0.00884	0.04639	0.01066	0.21069	0.00666	0.04979	0.01053	0.01256	0.01806	0.42338	0.03201	0.01044	0.00601	0.00168	0.06538	0.05952	0.00353	0.00453
16	0.00653	0.00504	0.00582	0.00571	0.00699	0.00473	0.00424	0.00913	0.08176	0.01549	0.34156	0.13189	0.31024	0.01035	0.00532	0.00153	0.00241	0.00893	0.03799	0.00436
17	0.31767	0.00637	0.00671	0.00652	0.00820	0.00667	0.00489	0.01136	0.00888	0.13005	0.01622	0.33526	0.01678	0.04874	0.05398	0.00209	0.00382	0.00728	0.00378	0.00474
18	0.00587	0.00429	0.00581	0.00700	0.03099	0.00402	0.00460	0.00686	0.00924	0.01241	0.08934	0.71830	0.04530	0.01358	0.00578	0.00181	0.00272	0.02391	0.00427	0.00390
19	0.35666	0.00886	0.00905	0.00748	0.01054	0.04580	0.00608	0.04395	0.01109	0.39531	0.01308	0.05308	0.00941	0.00551	0.00395	0.00143	0.00394	0.00410	0.00429	0.00637
20	0.00585	0.00458	0.00579	0.00597	0.00696	0.00410	0.02344	0.00713	0.01029	0.01340	0.19185	0.37199	0.30765	0.01213	0.00560	0.00166	0.00257	0.01071	0.00438	0.00396
21	0.05116	0.00592	0.03641	0.00718	0.00844	0.00555	0.00563	0.00991	0.04335	0.08148	0.01999	0.33379	0.05061	0.04981	0.20321	0.00322	0.00552	0.07057	0.00375	0.00451
22	0.01034	0.14590	0.23032	0.01238	0.11704	0.01128	0.01081	0.10618	0.01045	0.01456	0.00967	0.04352	0.00840	0.01130	0.17463	0.00265	0.06787	0.00416	0.00251	0.00602
23	0.00578	0.00416	0.00543	0.00627	0.00663	0.00396	0.00423	0.00660	0.00863	0.01146	0.02457	0.65133	0.06847	0.09484	0.05610	0.00243	0.00343	0.02799	0.00401	0.00368
24	0.01402	0.19902	0.01623	0.06570	0.01495	0.42680	0.05319	0.01553	0.01097	0.01133	0.00717	0.00908	0.00617	0.00580	0.03069	0.00147	0.10102	0.00324	0.00222	0.00541
25	0.01280	0.07060	0.07931	0.01006	0.01306	0.10662	0.08316	0.07573	0.14830	0.15400	0.03898	0.15944	0.01396	0.00690	0.00475	0.00148	0.00488	0.00591	0.00386	0.00621
26	0.03357	0.01178	0.03247	0.01401	0.17219	0.09996	0.06824	0.21494	0.07410	0.09790	0.04627	0.04788	0.01076	0.00673	0.03645	0.00165	0.01605	0.00475	0.00362	0.00667

[dist]
# distance from previous block
# <min> <max>
1	23

[block]
# block no. 13 follows, 56 sequences, length 7
# corresponding to MSA columns:
# 662-668
name=unknown_N
#
# <colnr> <probs for GDERKNQSTAVLIFYWHMCP>
#	G	D	E	R	K	N	Q	S	T	A	V	L	I	F	Y	W	H	M	C	P
0	0.04498	0.00840	0.05294	0.00909	0.04785	0.00745	0.03664	0.07452	0.02858	0.20326	0.04217	0.15904	0.13033	0.00778	0.00531	0.00148	0.04379	0.00654	0.00406	0.08580
1	0.03749	0.21352	0.20634	0.04797	0.07195	0.06450	0.07179	0.05980	0.02534	0.03440	0.01042	0.04195	0.03939	0.00523	0.00478	0.00137	0.05100	0.00410	0.00254	0.00610
2	0.12868	0.01010	0.00982	0.00855	0.01092	0.10304	0.00668	0.25682	0.03462	0.09824	0.01502	0.19675	0.03289	0.00925	0.05591	0.00186	0.00492	0.00604	0.00399	0.00588
3	0.00704	0.00675	0.04148	0.00683	0.00817	0.06126	0.00545	0.00849	0.00900	0.01144	0.02415	0.05819	0.27431	0.09399	0.32729	0.00411	0.00713	0.03765	0.00319	0.00410
4	0.06425	0.00940	0.01465	0.27865	0.37517	0.01031	0.01176	0.01406	0.10078	0.01461	0.01042	0.05739	0.00880	0.00507	0.00454	0.00147	0.00518	0.00461	0.00262	0.00624
5	0.01073	0.01273	0.12804	0.07697	0.20145	0.12029	0.02768	0.04030	0.09244	0.01459	0.05050	0.09023	0.03569	0.00637	0.00535	0.00150	0.05377	0.02243	0.00295	0.00600
6	0.49009	0.00802	0.00787	0.00663	0.00951	0.00843	0.00543	0.01597	0.01000	0.28217	0.06236	0.01238	0.00990	0.00512	0.00361	0.00140	0.00351	0.00366	0.04810	0.00583

[dist]
# distance from previous block
# <min> <max>
1	2

[block]
# block no. 14 follows, 56 sequences, length 29
# corresponding to MSA columns:
# 671-688,694-704
name=unknown_O
#
# <colnr> <probs for GDERKNQSTAVLIFYWHMCP>
#	G	D	E	R	K	N	Q	S	T	A	V	L	I	F	Y	W	H	M	C	P
0	0.07599	0.04093	0.22468	0.01420	0.06475	0.01167	0.24177	0.15571	0.04650	0.01778	0.03152	0.01194	0.01623	0.00475	0.00482	0.00146	0.02155	0.00436	0.00285	0.00655
1	0.00887	0.06193	0.05404	0.02880	0.10381	0.00818	0.00780	0.09116	0.01003	0.01370	0.01437	0.14053	0.01460	0.07763	0.22716	0.00339	0.02897	0.09693	0.00308	0.00503
2	0.00763	0.00568	0.00684	0.00710	0.00824	0.00578	0.00527	0.01140	0.18306	0.03794	0.08372	0.37530	0.09711	0.03852	0.00612	0.00184	0.00310	0.10624	0.00440	0.00471
3	0.05881	0.01326	0.05846	0.01564	0.04741	0.06457	0.41416	0.21629	0.01352	0.01845	0.00972	0.01227	0.00742	0.00461	0.00492	0.00148	0.00665	0.02289	0.00296	0.00651
4	0.01111	0.01161	0.08225	0.21731	0.36154	0.06287	0.04467	0.01441	0.04474	0.05468	0.01093	0.01313	0.04096	0.00476	0.00460	0.00143	0.00572	0.00432	0.00256	0.00642
