[name]
unknown

[dist]
# distance from previous block
# <min> <max>
0	152

[block]
# block no. 0 follows, 56 sequences, length 13
# corresponding to MSA columns:
# 168-180
name=unknown_A
#
# <colnr> <probs for GDERKNQSTAVLIFYWHMCP>
#	G	D	E	R	K	N	Q	S	T	A	V	L	I	F	Y	W	H	M	C	P
0	0.00772	0.00536	0.00739	0.00808	0.00929	0.00523	0.00696	0.00983	0.01091	0.03727	0.11792	0.04758	0.02753	0.01185	0.00611	0.00198	0.00395	0.64461	0.00433	0.02610
1	0.01083	0.01029	0.01746	0.10617	0.68818	0.01047	0.01341	0.01355	0.01047	0.01486	0.05303	0.01273	0.00916	0.00443	0.00460	0.00138	0.00534	0.00432	0.00240	0.00689
2	0.00597	0.00462	0.00544	0.00535	0.00656	0.00409	0.00397	0.00760	0.01159	0.01534	0.42327	0.10250	0.36569	0.01073	0.00546	0.00152	0.00227	0.00927	0.00466	0.00409
3	0.01217	0.01147	0.01795	0.02585	0.70284	0.03835	0.01337	0.09323	0.01167	0.01628	0.00883	0.01122	0.00728	0.00426	0.00454	0.00136	0.00551	0.00406	0.00251	0.00726
4	0.00979	0.00594	0.00749	0.00675	0.00850	0.00571	0.00528	0.01319	0.11118	0.16575	0.47164	0.02973	0.05981	0.00850	0.00518	0.00149	0.00280	0.05328	0.02266	0.00532
5	0.00553	0.00426	0.00506	0.00569	0.00648	0.00379	0.00395	0.00647	0.00946	0.01199	0.03382	0.51783	0.34270	0.01328	0.00569	0.00174	0.00253	0.01170	0.00426	0.00379
6	0.01496	0.01199	0.01405	0.01133	0.03316	0.03836	0.08767	0.48650	0.15807	0.02415	0.02582	0.01284	0.00954	0.00547	0.00463	0.00141	0.00500	0.00449	0.04332	0.00724
7	0.00881	0.00835	0.01380	0.74509	0.02964	0.01059	0.01248	0.01166	0.00896	0.01166	0.00794	0.01202	0.00611	0.00494	0.00565	0.00158	0.08952	0.00407	0.00204	0.00509
8	0.05534	0.01527	0.01253	0.01034	0.01347	0.32660	0.00818	0.31326	0.01588	0.12829	0.01012	0.01035	0.00738	0.00507	0.00428	0.00128	0.00600	0.00360	0.00370	0.04904
9	0.01105	0.00955	0.05943	0.00810	0.01160	0.00817	0.00682	0.11060	0.15903	0.06376	0.04225	0.06107	0.02897	0.00542	0.00418	0.00114	0.00377	0.00446	0.00365	0.39700
10	0.01322	0.40105	0.08136	0.00917	0.02756	0.03410	0.00842	0.18874	0.01251	0.07734	0.01131	0.06909	0.03709	0.00549	0.00391	0.00124	0.00486	0.00412	0.00310	0.00633
11	0.01247	0.27458	0.13820	0.02181	0.01352	0.06662	0.03683	0.05301	0.14071	0.10184	0.02653	0.04874	0.01006	0.03021	0.00469	0.00141	0.00506	0.00423	0.00316	0.00630
12	0.00936	0.00712	0.01098	0.00939	0.01081	0.00798	0.10443	0.01152	0.04366	0.09051	0.01212	0.01714	0.01076	0.11772	0.33831	0.00430	0.14395	0.00500	0.04009	0.00487

[dist]
# distance from previous block
# <min> <max>
1	5

[block]
# block no. 1 follows, 56 sequences, length 44
# corresponding to MSA columns:
# 186-229
name=unknown_B
#
# <colnr> <probs for GDERKNQSTAVLIFYWHMCP>
#	G	D	E	R	K	N	Q	S	T	A	V	L	I	F	Y	W	H	M	C	P
0	0.11619	0.04298	0.01516	0.11535	0.05202	0.10743	0.17292	0.11836	0.07002	0.01625	0.01049	0.07101	0.00896	0.01691	0.01758	0.00160	0.03324	0.00476	0.00295	0.00584
1	0.01309	0.62677	0.04390	0.00958	0.04311	0.03445	0.05189	0.02768	0.01013	0.09080	0.00793	0.00876	0.00657	0.00416	0.00340	0.00110	0.00512	0.00296	0.00241	0.00619
2	0.00699	0.00628	0.03981	0.03783	0.00943	0.00513	0.04256	0.00872	0.01041	0.03197	0.15181	0.19337	0.31864	0.00981	0.00518	0.00149	0.00311	0.00855	0.00397	0.10496
3	0.01117	0.01001	0.01530	0.01221	0.01434	0.05400	0.21787	0.03238	0.05957	0.09191	0.07476	0.03489	0.01164	0.02857	0.07633	0.00220	0.23903	0.00517	0.00306	0.00561
4	0.01011	0.00953	0.01574	0.28731	0.41126	0.00991	0.03084	0.01287	0.00998	0.01399	0.02668	0.01195	0.00765	0.00428	0.00445	0.00133	0.00538	0.00403	0.00232	0.12038
5	0.00827	0.00663	0.01043	0.00873	0.01071	0.00624	0.15281	0.02926	0.03925	0.05566	0.36513	0.09625	0.13120	0.00885	0.00542	0.00155	0.00359	0.05075	0.00433	0.00492
6	0.00966	0.00809	0.01031	0.00841	0.03887	0.00729	0.04522	0.07795	0.01015	0.01495	0.05051	0.01507	0.01063	0.16344	0.00820	0.00164	0.04969	0.00414	0.00294	0.46285
7	0.00890	0.00843	0.01406	0.73228	0.07328	0.01048	0.01265	0.01182	0.00911	0.01187	0.00805	0.01205	0.00618	0.00478	0.00525	0.00155	0.05791	0.00408	0.00205	0.00521
8	0.01715	0.02188	0.01301	0.01183	0.01419	0.82022	0.00887	0.01833	0.01301	0.01124	0.00710	0.00828	0.00591	0.00473	0.00414	0.00118	0.00828	0.00296	0.00237	0.00532
9	0.00631	0.00458	0.00618	0.00658	0.00707	0.00482	0.00462	0.00757	0.02671	0.01096	0.01809	0.34893	0.02011	0.17745	0.32322	0.00447	0.00674	0.00853	0.00330	0.00378
10	0.01334	0.65942	0.02169	0.00910	0.03982	0.12310	0.00815	0.01483	0.01006	0.05436	0.00719	0.00807	0.00624	0.00413	0.00325	0.00105	0.00532	0.00269	0.00223	0.00597
11	0.00976	0.00840	0.01027	0.02692	0.01185	0.00680	0.03312	0.03817	0.04005	0.01540	0.00924	0.03606	0.00784	0.00397	0.00366	0.00082	0.00366	0.00331	0.00288	0.72783
12	0.05192	0.01123	0.08197	0.00963	0.03144	0.06608	0.00810	0.16671	0.07887	0.25253	0.06537	0.04232	0.01190	0.00588	0.00487	0.00140	0.03435	0.00462	0.00419	0.06661
13	0.00696	0.00525	0.03196	0.00713	0.00808	0.00449	0.03002	0.00818	0.00944	0.06458	0.04337	0.63195	0.06708	0.01282	0.00571	0.00180	0.00308	0.04965	0.00424	0.00422
14	0.00999	0.06756	0.01471	0.13637	0.01502	0.01376	0.01031	0.01134	0.00752	0.01114	0.00638	0.01019	0.00603	0.00722	0.01262	0.00186	0.64696	0.00392	0.00201	0.00509
15	0.00986	0.00844	0.00993	0.00748	0.02596	0.00676	0.00584	0.03608	0.03186	0.01544	0.00851	0.00982	0.00703	0.00364	0.00371	0.00076	0.01902	0.00288	0.00281	0.78416
16	0.00731	0.00570	0.00829	0.00731	0.00794	0.00577	0.10296	0.00795	0.00745	0.01003	0.01433	0.07508	0.01604	0.62459	0.01923	0.00376	0.04259	0.02744	0.00281	0.00341
17	0.01045	0.06216	0.58874	0.04403	0.01963	0.01121	0.08860	0.06569	0.01066	0.04406	0.00878	0.01023	0.00627	0.00442	0.00442	0.00144	0.00654	0.00365	0.00229	0.00672
18	0.04919	0.00848	0.01289	0.23950	0.19909	0.00892	0.02878	0.06199	0.01163	0.15273	0.16465	0.01660	0.01455	0.00562	0.00469	0.00144	0.00468	0.00496	0.00350	0.00610
19	0.01663	0.00828	0.01142	0.00864	0.01229	0.00718	0.06111	0.01927	0.05818	0.51368	0.01517	0.01409	0.01016	0.00505	0.00437	0.00126	0.00401	0.00426	0.01780	0.20715
20	0.00825	0.00746	0.01219	0.62535	0.04517	0.00891	0.01091	0.01111	0.01006	0.01330	0.18589	0.01712	0.01442	0.00564	0.00477	0.00151	0.00522	0.00502	0.00272	0.00498
21	0.00921	0.02375	0.81487	0.01309	0.01987	0.01066	0.01696	0.01454	0.00969	0.01454	0.00824	0.00969	0.00582	0.00436	0.00436	0.00145	0.00678	0.00339	0.00194	0.00678
22	0.00663	0.00503	0.00760	0.03573	0.00901	0.00589	0.00598	0.00832	0.00744	0.01069	0.01215	0.01784	0.01129	0.03340	0.79226	0.00718	0.01208	0.00489	0.00244	0.00413
23	0.01011	0.00867	0.01024	0.00926	0.02552	0.00959	0.04485	0.01964	0.54425	0.01856	0.20230	0.02162	0.03051	0.00697	0.00491	0.00153	0.00352	0.01692	0.00459	0.00645
24	0.00885	0.00834	0.01409	0.77456	0.08328	0.01025	0.01284	0.01189	0.00926	0.01195	0.00819	0.01218	0.00620	0.00456	0.00459	0.00152	0.00608	0.00408	0.00206	0.00524
25	0.02011	0.00770	0.01050	0.00809	0.01155	0.00666	0.00666	0.02190	0.01314	0.78559	0.04553	0.01627	0.01247	0.00581	0.00464	0.00142	0.00385	0.00474	0.00566	0.00769
26	0.00575	0.00406	0.00536	0.00628	0.00664	0.00379	0.00424	0.00670	0.00916	0.01242	0.08972	0.74665	0.03092	0.01372	0.00575	0.00181	0.00261	0.01241	0.02821	0.00379
27	0.01661	0.02075	0.01276	0.01159	0.01398	0.74445	0.00872	0.01890	0.08691	0.01198	0.00818	0.00911	0.00667	0.00487	0.00419	0.00122	0.00784	0.00317	0.00258	0.00550
28	0.02047	0.00801	0.01078	0.00826	0.01182	0.00705	0.00683	0.05319	0.01348	0.78191	0.01783	0.01544	0.01122	0.00568	0.00462	0.00142	0.00395	0.00460	0.00564	0.00781
29	0.01224	0.00776	0.00911	0.00791	0.01031	0.00804	0.00621	0.01901	0.35875	0.22289	0.23177	0.02232	0.04934	0.00713	0.00488	0.00149	0.00326	0.00604	0.00502	0.00650
30	0.01136	0.01091	0.01863	0.02818	0.81002	0.01091	0.01409	0.01409	0.01045	0.01500	0.00864	0.01136	0.00727	0.00409	0.00455	0.00136	0.00545	0.00409	0.00227	0.00727
31	0.00580	0.00414	0.00557	0.00663	0.00699	0.00391	0.00462	0.00675	0.00899	0.01195	0.02519	0.74539	0.02991	0.01419	0.00592	0.00189	0.00284	0.10127	0.00426	0.00379
32	0.01042	0.21471	0.58010	0.01178	0.01763	0.06287	0.01433	0.01459	0.00981	0.01346	0.00773	0.00906	0.00584	0.00428	0.00402	0.00133	0.00644	0.00315	0.00197	0.00649
33	0.00920	0.00870	0.01472	0.67076	0.18436	0.01034	0.01301	0.01219	0.00943	0.01237	0.00825	0.01207	0.00635	0.00449	0.00458	0.00150	0.00599	0.00408	0.00209	0.00553
34	0.00641	0.00471	0.00608	0.00632	0.00734	0.00439	0.00490	0.00820	0.01142	0.01543	0.39667	0.16322	0.14919	0.01124	0.00570	0.00168	0.00274	0.18558	0.00463	0.00415
35	0.00680	0.00471	0.00546	0.00540	0.00541	0.00490	0.00319	0.00688	0.00677	0.00911	0.01443	0.05759	0.01665	0.76862	0.02234	0.00424	0.04499	0.00677	0.00280	0.00293
36	0.02060	0.00781	0.01065	0.00817	0.01172	0.00675	0.00675	0.02237	0.01314	0.81320	0.01811	0.01563	0.01136	0.00568	0.00462	0.00142	0.00391	0.00462	0.00568	0.00781
37	0.01223	0.00997	0.01671	0.14177	0.54797	0.01009	0.02966	0.01486	0.01065	0.13258	0.01025	0.02523	0.00807	0.00456	0.00460	0.00141	0.00533	0.00434	0.00278	0.00695
38	0.00952	0.00816	0.00952	0.00680	0.01088	0.00612	0.00544	0.01156	0.00952	0.01496	0.00816	0.00952	0.00680	0.00340	0.00340	0.00068	0.00340	0.00272	0.00272	0.86672
39	0.00668	0.00445	0.00501	0.00501	0.00501	0.00445	0.00278	0.00668	0.00668	0.00890	0.01447	0.03004	0.01669	0.83866	0.02337	0.00445	0.00445	0.00668	0.00278	0.00278
40	0.00598	0.00452	0.00554	0.00570	0.00671	0.00408	0.00418	0.00750	0.01109	0.01477	0.35583	0.24361	0.26362	0.01144	0.00557	0.00161	0.00241	0.03723	0.00459	0.00404
41	0.47813	0.03868	0.00900	0.00710	0.01003	0.00963	0.00589	0.06677	0.01022	0.23211	0.01030	0.01062	0.00737	0.00590	0.03270	0.00162	0.02373	0.00334	0.03097	0.00590
42	0.01625	0.01204	0.03722	0.01170	0.01542	0.07610	0.17686	0.29949	0.01545	0.23671	0.01235	0.01257	0.00856	0.00510	0.00467	0.00140	0.00550	0.00443	0.04107	0.00708
43	0.00602	0.00429	0.00571	0.00669	0.00712	0.00409	0.00479	0.00704	0.00905	0.01197	0.02486	0.61597	0.04321	0.06280	0.00699	0.00206	0.00308	0.16632	0.00417	0.00378

[dist]
# distance from previous block
# <min> <max>
0	2

[block]
# block no. 2 follows, 56 sequences, length 42
# corresponding to MSA columns:
# 232-271,278,279
name=unknown_C
#
# <colnr> <probs for GDERKNQSTAVLIFYWHMCP>
#	G	D	E	R	K	N	Q	S	T	A	V	L	I	F	Y	W	H	M	C	P
0	0.81881	0.00924	0.02802	0.00625	0.00924	0.01016	0.00530	0.01346	0.00792	0.02024	0.00650	0.00759	0.00506	0.00423	0.00290	0.00140	0.00363	0.00252	0.00281	0.03471
1	0.01004	0.01004	0.01406	0.01205	0.01205	0.01406	0.01004	0.01105	0.00703	0.01105	0.00603	0.01004	0.00603	0.00804	0.01507	0.00201	0.83025	0.00402	0.00201	0.00502
2	0.00903	0.00822	0.01179	0.31710	0.05106	0.04086	0.06800	0.01283	0.10854	0.03127	0.16436	0.02121	0.12356	0.00660	0.00491	0.00150	0.00469	0.00584	0.00335	0.00529
3	0.01216	0.79963	0.04609	0.00827	0.01229	0.01781	0.02619	0.01379	0.00937	0.01099	0.00650	0.00754	0.00591	0.00394	0.00304	0.00101	0.00503	0.00255	0.00197	0.00592
4	0.66704	0.00898	0.00786	0.00670	0.00968	0.01002	0.00552	0.07942	0.00979	0.13024	0.02348	0.00938	0.00681	0.00466	0.00328	0.00142	0.00370	0.00303	0.00342	0.00559
5	0.00624	0.00466	0.00580	0.00556	0.00672	0.00422	0.00415	0.00816	0.01233	0.01694	0.62316	0.06348	0.20161	0.01002	0.00543	0.00148	0.00222	0.00875	0.00486	0.00422
6	0.01222	0.01043	0.03632	0.00964	0.01195	0.08605	0.03893	0.25404	0.04021	0.04667	0.01135	0.01375	0.00920	0.01482	0.26744	0.00333	0.06332	0.00436	0.06011	0.00585
7	0.01079	0.00654	0.00710	0.00627	0.00808	0.00683	0.00490	0.13649	0.10322	0.06858	0.10985	0.01812	0.01515	0.00598	0.00395	0.00124	0.00288	0.00486	0.47375	0.00540
8	0.00634	0.00465	0.00604	0.00688	0.00768	0.00441	0.00535	0.00771	0.00973	0.01256	0.02823	0.34979	0.16431	0.04185	0.00659	0.00200	0.00330	0.32444	0.00420	0.00392
9	0.11163	0.00807	0.00986	0.03107	0.02335	0.00787	0.00657	0.09667	0.04431	0.46525	0.02340	0.03229	0.01104	0.01824	0.00460	0.00145	0.00385	0.00455	0.08908	0.00685
10	0.02970	0.01089	0.01772	0.10923	0.69062	0.03358	0.01361	0.01395	0.01034	0.01468	0.00850	0.01128	0.00707	0.00416	0.00450	0.00138	0.00556	0.00402	0.00226	0.00695
11	0.01220	0.24101	0.01664	0.01122	0.03729	0.15113	0.00923	0.04057	0.03619	0.01203	0.00699	0.00932	0.00634	0.00608	0.00884	0.00153	0.38213	0.00345	0.00224	0.00555
12	0.01010	0.00831	0.01014	0.02184	0.02977	0.00696	0.02281	0.04523	0.05293	0.03956	0.01014	0.01187	0.02060	0.03524	0.02746	0.00117	0.00396	0.00340	0.00298	0.63555
13	0.10202	0.04092	0.03187	0.07119	0.15241	0.20441	0.02973	0.06700	0.09342	0.07206	0.02728	0.04024	0.00921	0.01539	0.00478	0.00143	0.02325	0.00420	0.00309	0.00611
14	0.01326	0.01111	0.01471	0.17062	0.09332	0.03495	0.06376	0.34535	0.01454	0.03216	0.00986	0.02679	0.00773	0.00665	0.03771	0.00173	0.10159	0.00436	0.00329	0.00651
15	0.00631	0.00428	0.00563	0.00639	0.00694	0.00392	0.00436	0.00723	0.00916	0.04563	0.04718	0.73488	0.05787	0.01358	0.00573	0.00180	0.00270	0.01225	0.00431	0.01984
16	0.05107	0.05677	0.04546	0.01210	0.08727	0.10506	0.03837	0.37203	0.05203	0.06205	0.01148	0.01200	0.03451	0.00538	0.00479	0.00138	0.03355	0.00411	0.00368	0.00690
17	0.06990	0.03582	0.01014	0.11095	0.04465	0.00902	0.01973	0.02297	0.28231	0.03407	0.10817	0.07740	0.03780	0.00757	0.01914	0.03088	0.01655	0.00566	0.05162	0.00566
18	0.00637	0.00450	0.00543	0.00561	0.00653	0.00409	0.00397	0.00762	0.01029	0.03458	0.23240	0.29379	0.24232	0.08390	0.00704	0.00186	0.00261	0.00983	0.03327	0.00397
19	0.01241	0.00606	0.00787	0.00694	0.00874	0.00562	0.00520	0.03970	0.01085	0.33721	0.07748	0.18402	0.04485	0.17181	0.05760	0.00246	0.00413	0.00714	0.00451	0.00541
20	0.05290	0.01250	0.01327	0.01030	0.01387	0.01389	0.00848	0.71343	0.07012	0.02797	0.01131	0.01126	0.00808	0.00550	0.00452	0.00139	0.00490	0.00413	0.00452	0.00765
21	0.81798	0.00892	0.00706	0.00622	0.00911	0.01024	0.00512	0.03045	0.00832	0.05337	0.00697	0.00787	0.00530	0.00435	0.00295	0.00142	0.00360	0.00261	0.00300	0.00515
22	0.10671	0.01040	0.01164	0.00908	0.01254	0.01091	0.00748	0.40124	0.04384	0.30096	0.01336	0.01260	0.00905	0.00546	0.00439	0.00140	0.00439	0.00417	0.02296	0.00742
23	0.26173	0.00628	0.00678	0.03661	0.00873	0.00689	0.00524	0.01148	0.00878	0.06578	0.01259	0.01806	0.01101	0.04276	0.13125	0.02942	0.01703	0.08465	0.23034	0.00458
24	0.01227	0.84142	0.02406	0.00786	0.01178	0.01817	0.00786	0.01375	0.00933	0.01080	0.00638	0.00736	0.00589	0.00393	0.00295	0.00098	0.00491	0.00245	0.00196	0.00589
25	0.87108	0.00888	0.00675	0.00604	0.00888	0.01030	0.00497	0.01350	0.00781	0.02060	0.00639	0.00746	0.00497	0.00426	0.00284	0.00142	0.00355	0.00249	0.00284	0.00497
26	0.03646	0.14654	0.43310	0.01075	0.01563	0.01062	0.05272	0.01371	0.03247	0.03616	0.11647	0.01474	0.05089	0.00538	0.00436	0.00139	0.00544	0.00437	0.00270	0.00613
27	0.00611	0.00464	0.00562	0.00546	0.00664	0.00415	0.00406	0.00788	0.01197	0.01615	0.52477	0.08174	0.28332	0.01037	0.00544	0.00150	0.00224	0.00900	0.00476	0.00415
28	0.00963	0.00912	0.01526	0.41246	0.37538	0.01005	0.01267	0.01240	0.00984	0.01323	0.01118	0.01419	0.06530	0.00488	0.00463	0.00146	0.00555	0.00449	0.00231	0.00597
29	0.00610	0.00470	0.00598	0.00608	0.00710	0.00433	0.01772	0.00776	0.02486	0.01426	0.28331	0.29982	0.23747	0.01224	0.02856	0.00180	0.00282	0.02656	0.00444	0.00409
30	0.00809	0.00444	0.00655	0.00640	0.00640	0.00474	0.00440	0.00637	0.00608	0.00822	0.00801	0.01410	0.00807	0.03748	0.01788	0.78003	0.06444	0.00406	0.00202	0.00224
31	0.01432	0.43452	0.01845	0.00956	0.01276	0.32174	0.00823	0.07694	0.01162	0.01239	0.00724	0.00839	0.00626	0.00547	0.03336	0.00132	0.00647	0.00287	0.00234	0.00576
32	0.00626	0.00440	0.00557	0.00615	0.00691	0.00401	0.00437	0.00738	0.00981	0.03960	0.11129	0.52057	0.18847	0.01291	0.00571	0.00176	0.00267	0.05379	0.00439	0.00399
33	0.10351	0.00893	0.01038	0.00834	0.01161	0.00890	0.00678	0.11991	0.17259	0.37724	0.02893	0.01478	0.01114	0.00558	0.00437	0.00139	0.00389	0.01471	0.00476	0.08223
34	0.01341	0.06852	0.06257	0.04174	0.10249	0.09453	0.07703	0.18773	0.14557	0.08004	0.02195	0.06219	0.01028	0.00564	0.00459	0.00142	0.00529	0.00476	0.00357	0.00669
35	0.02544	0.00874	0.01507	0.67593	0.06865	0.01048	0.08189	0.01212	0.00930	0.01230	0.00819	0.01205	0.00623	0.00460	0.00494	0.00154	0.03097	0.00417	0.00209	0.00530
36	0.05940	0.11183	0.12781	0.21584	0.17341	0.03807	0.03149	0.04223	0.03966	0.03689	0.03598	0.01315	0.04532	0.00495	0.00433	0.00139	0.00541	0.00415	0.00262	0.00606
37	0.00964	0.01026	0.18848	0.00756	0.01055	0.00739	0.00739	0.06427	0.10477	0.01740	0.03984	0.01492	0.01104	0.00520	0.00383	0.00121	0.00367	0.00417	0.40219	0.08623
38	0.00790	0.00624	0.02004	0.03486	0.00958	0.00598	0.04202	0.03054	0.10679	0.04814	0.20352	0.24809	0.14598	0.03347	0.00589	0.00170	0.00325	0.03690	0.00432	0.00479
39	0.00933	0.00684	0.01017	0.30534	0.06666	0.00762	0.00834	0.05903	0.02146	0.04283	0.03439	0.06349	0.02375	0.00874	0.02404	0.17352	0.00474	0.03315	0.09191	0.00466
40	0.01359	0.02375	0.01543	0.05189	0.08184	0.08521	0.15064	0.19273	0.21341	0.07483	0.02868	0.01338	0.00985	0.00527	0.00487	0.00145	0.01801	0.00461	0.00370	0.00684
41	0.00755	0.00558	0.00629	0.00618	0.00725	0.01925	0.00437	0.01003	0.11413	0.04368	0.13267	0.18115	0.19187	0.19717	0.02648	0.02637	0.00343	0.00829	0.00401	0.00424

[dist]
# distance from previous block
# <min> <max>
0	1

[block]
# block no. 3 follows, 56 sequences, length 14
# corresponding to MSA columns:
# 281-294
name=unknown_D
#
# <colnr> <probs for GDERKNQSTAVLIFYWHMCP>
#	G	D	E	R	K	N	Q	S	T	A	V	L	I	F	Y	W	H	M	C	P
0	0.07116	0.07685	0.01526	0.01213	0.07118	0.10094	0.18356	0.06841	0.08384	0.03264	0.09718	0.05932	0.01267	0.00552	0.00452	0.00135	0.00517	0.00496	0.00322	0.09012
1	0.15197	0.00798	0.01005	0.00784	0.01128	0.00730	0.00647	0.02100	0.01232	0.69077	0.01630	0.01436	0.01038	0.00546	0.00434	0.00142	0.00385	0.00429	0.00524	0.00737
2	0.01004	0.01004	0.01406	0.01205	0.01205	0.01406	0.01004	0.01105	0.00703	0.01105	0.00603	0.01004	0.00603	0.00804	0.01507	0.00201	0.83025	0.00402	0.00201	0.00502
3	0.01126	0.11480	0.22273	0.12918	0.09468	0.06854	0.08909	0.07693	0.03779	0.03572	0.05144	0.01209	0.00882	0.00536	0.02102	0.00151	0.00608	0.00406	0.00263	0.00626
4	0.66969	0.01065	0.00767	0.00701	0.00959	0.14192	0.00556	0.01377	0.00873	0.01843	0.00786	0.06705	0.00695	0.00506	0.00327	0.00141	0.00426	0.00332	0.00287	0.00494
5	0.00878	0.00577	0.00733	0.00736	0.04645	0.00565	0.00506	0.00972	0.00918	0.12280	0.02358	0.09709	0.23270	0.22458	0.04388	0.03136	0.06324	0.02579	0.00363	0.02607
6	0.00730	0.00526	0.00651	0.00599	0.00729	0.00501	0.00455	0.06504	0.01331	0.01873	0.66949	0.03257	0.08870	0.00909	0.00527	0.00143	0.00238	0.00793	0.03961	0.00455
7	0.01068	0.06989	0.01597	0.42375	0.17368	0.05757	0.06005	0.05220	0.06580	0.01380	0.00901	0.01179	0.00700	0.00457	0.00449	0.00143	0.00590	0.00406	0.00242	0.00593
8	0.71869	0.05555	0.00845	0.00660	0.00960	0.01092	0.00551	0.07802	0.00924	0.05285	0.00725	0.00808	0.00551	0.00440	0.00306	0.00139	0.00376	0.00271	0.00305	0.00537
9	0.00586	0.00445	0.00545	0.00602	0.00690	0.00404	0.00442	0.00709	0.00999	0.01286	0.10872	0.39097	0.29063	0.01275	0.00573	0.00175	0.00271	0.11141	0.00434	0.00390
10	0.01288	0.00747	0.00834	0.00708	0.00935	0.00776	0.00562	0.16355	0.13652	0.17148	0.05427	0.01652	0.01284	0.00578	0.00408	0.00129	0.00326	0.00466	0.36117	0.00609
11	0.00877	0.00538	0.00667	0.00630	0.00732	0.00544	0.00456	0.02835	0.07020	0.08109	0.10690	0.02473	0.06294	0.22143	0.09430	0.14679	0.00450	0.03965	0.07057	0.00410
12	0.01338	0.09376	0.01333	0.14345	0.03022	0.06859	0.00866	0.20373	0.20817	0.08504	0.02767	0.03243	0.01019	0.00561	0.00464	0.00141	0.02064	0.00444	0.00375	0.02090
13	0.01130	0.01098	0.03347	0.08109	0.05181	0.09761	0.12533	0.07341	0.11058	0.03198	0.01086	0.02896	0.00909	0.08110	0.00630	0.00156	0.01837	0.00438	0.00300	0.20884

[dist]
# distance from previous block
# <min> <max>
1	64

[block]
# block no. 4 follows, 56 sequences, length 7
# corresponding to MSA columns:
# 359-365
name=unknown_E
#
# <colnr> <probs for GDERKNQSTAVLIFYWHMCP>
#	G	D	E	R	K	N	Q	S	T	A	V	L	I	F	Y	W	H	M	C	P
0	0.06828	0.12760	0.10426	0.13892	0.08769	0.06934	0.09720	0.08335	0.12889	0.03643	0.00997	0.01134	0.00762	0.00469	0.00429	0.00139	0.00561	0.00393	0.00285	0.00634
1	0.02622	0.04876	0.07430	0.13412	0.10146	0.02611	0.02482	0.13590	0.03926	0.01589	0.07338	0.03862	0.03915	0.07561	0.00724	0.00173	0.09294	0.00496	0.03387	0.00566
2	0.00686	0.00458	0.00580	0.00615	0.00672	0.00444	0.00427	0.00773	0.00868	0.04495	0.05830	0.30563	0.08084	0.27943	0.07416	0.00308	0.00414	0.08678	0.00374	0.00371
3	0.00700	0.00505	0.00609	0.00614	0.00699	0.00491	0.00434	0.06770	0.01026	0.01365	0.15763	0.28323	0.14925	0.16937	0.03286	0.03331	0.00342	0.03084	0.00401	0.00395
4	0.01435	0.01132	0.01203	0.00994	0.01305	0.01279	0.00797	0.39824	0.42311	0.02393	0.01497	0.01417	0.01100	0.00588	0.00463	0.00147	0.00432	0.00468	0.00463	0.00753
5	0.07474	0.00503	0.00564	0.00532	0.00670	0.00488	0.00405	0.01056	0.01100	0.06991	0.31331	0.05225	0.06589	0.00744	0.00431	0.00131	0.00240	0.00626	0.34445	0.00454
6	0.65350	0.00901	0.00800	0.00678	0.00981	0.01000	0.00559	0.07810	0.00986	0.15985	0.00882	0.00917	0.00632	0.00461	0.00329	0.00142	0.00373	0.00299	0.00348	0.00570

[dist]
# distance from previous block
# <min> <max>
1	3

[block]
# block no. 5 follows, 56 sequences, length 9
# corresponding to MSA columns:
# 372-380
name=unknown_F
#
# <colnr> <probs for GDERKNQSTAVLIFYWHMCP>
#	G	D	E	R	K	N	Q	S	T	A	V	L	I	F	Y	W	H	M	C	P
0	0.06331	0.03330	0.01562	0.09524	0.42694	0.05053	0.02834	0.11475	0.01174	0.04018	0.00939	0.01148	0.00744	0.00449	0.00431	0.00135	0.00524	0.00396	0.06575	0.00664
1	0.03459	0.00923	0.01146	0.01045	0.05605	0.02700	0.07593	0.07092	0.36545	0.06558	0.05648	0.04414	0.05580	0.00851	0.06515	0.00194	0.00474	0.00553	0.02467	0.00639
2	0.00651	0.00475	0.00553	0.00538	0.00673	0.00416	0.00402	0.00805	0.01139	0.04994	0.32998	0.10857	0.41682	0.01076	0.00542	0.00153	0.00236	0.00924	0.00462	0.00421
3	0.01119	0.01102	0.01690	0.14018	0.59556	0.07043	0.01314	0.01381	0.01047	0.01418	0.00932	0.01349	0.00806	0.00468	0.00462	0.00142	0.00569	0.04683	0.00235	0.00665
4	0.00772	0.00671	0.01027	0.00976	0.03720	0.00699	0.11289	0.01061	0.09990	0.01352	0.06921	0.38723	0.03937	0.01167	0.04632	0.00203	0.07274	0.04731	0.00375	0.00478
5	0.00773	0.00412	0.00604	0.00604	0.00612	0.00420	0.00406	0.00626	0.00618	0.00832	0.00893	0.01566	0.00903	0.08425	0.09843	0.71112	0.00485	0.00430	0.00210	0.00227
6	0.03514	0.26974	0.04561	0.12060	0.16237	0.15564	0.01019	0.12295	0.01184	0.01468	0.00787	0.00950	0.00642	0.00443	0.00394	0.00124	0.00581	0.00332	0.00249	0.00622
7	0.03232	0.00695	0.00857	0.00855	0.06827	0.00674	0.00608	0.07598	0.06800	0.05340	0.13108	0.09830	0.08496	0.05477	0.03443	0.00180	0.00381	0.08513	0.03713	0.13373
8	0.02973	0.06566	0.13784	0.00898	0.01204	0.06297	0.03249	0.02638	0.02626	0.04185	0.04927	0.03341	0.02270	0.03729	0.11961	0.00221	0.06693	0.00426	0.02815	0.19197

[dist]
# distance from previous block
# <min> <max>
3	62

[block]
# block no. 6 follows, 56 sequences, length 27
# corresponding to MSA columns:
# 445-449,451-461,463-473
name=unknown_G
#
# <colnr> <probs for GDERKNQSTAVLIFYWHMCP>
#	G	D	E	R	K	N	Q	S	T	A	V	L	I	F	Y	W	H	M	C	P
0	0.00926	0.00786	0.00919	0.00684	0.01052	0.00615	0.00541	0.01173	0.04427	0.01517	0.04993	0.05045	0.01009	0.00435	0.00367	0.00081	0.00331	0.00360	0.00300	0.74440
1	0.00938	0.02042	0.00814	0.00825	0.07226	0.00605	0.00565	0.04881	0.05281	0.13120	0.16460	0.21883	0.19881	0.02653	0.00558	0.00161	0.00314	0.00836	0.00442	0.00515
2	0.01461	0.01288	0.04749	0.04342	0.05400	0.22252	0.02330	0.08553	0.04685	0.19600	0.03731	0.03748	0.01070	0.00648	0.01415	0.00154	0.09396	0.04202	0.00357	0.00619
3	0.01153	0.00927	0.01050	0.00908	0.01161	0.01027	0.02899	0.14248	0.47007	0.03856	0.15047	0.02029	0.03203	0.00684	0.00486	0.00152	0.00373	0.02652	0.00466	0.00670
4	0.00636	0.00471	0.00583	0.00579	0.00669	0.00465	0.00423	0.00707	0.00861	0.01111	0.05444	0.04845	0.34840	0.10822	0.20479	0.13186	0.02466	0.00726	0.00331	0.00357
5	0.00803	0.03000	0.00828	0.00729	0.00896	0.00612	0.04487	0.04447	0.08545	0.04422	0.12881	0.30353	0.17113	0.01023	0.00528	0.00158	0.00318	0.03153	0.00422	0.05279
6	0.44510	0.00903	0.03368	0.00740	0.00999	0.00958	0.00615	0.13385	0.05579	0.05444	0.01036	0.04393	0.00883	0.00681	0.00533	0.09684	0.00396	0.05027	0.00336	0.00530
7	0.06508	0.08441	0.04011	0.07951	0.43152	0.05864	0.05065	0.06458	0.02137	0.01542	0.00882	0.01158	0.00733	0.00446	0.00434	0.00136	0.00554	0.02118	0.00250	0.02161
8	0.20675	0.01189	0.01053	0.00908	0.01167	0.16893	0.00719	0.13798	0.16723	0.10370	0.01158	0.01281	0.00900	0.03722	0.01832	0.00164	0.04823	0.01645	0.00365	0.00613
9	0.10709	0.00694	0.00835	0.00709	0.00951	0.00659	0.00568	0.07163	0.01244	0.27861	0.23503	0.06210	0.07153	0.00759	0.00478	0.00145	0.00331	0.04732	0.00473	0.04822
10	0.00692	0.00458	0.00575	0.00585	0.00628	0.00456	0.00384	0.00761	0.00806	0.04125	0.08246	0.20131	0.03112	0.42653	0.14014	0.00395	0.00504	0.00787	0.00337	0.00352
11	0.01147	0.01048	0.01174	0.05025	0.02927	0.11315	0.06022	0.05254	0.31570	0.03683	0.01424	0.05625	0.02850	0.00830	0.03693	0.07918	0.07055	0.00507	0.00350	0.00586
12	0.45985	0.05170	0.00987	0.00751	0.01067	0.01090	0.00626	0.20315	0.01212	0.14942	0.00964	0.00991	0.00693	0.00481	0.00356	0.00138	0.00400	0.00328	0.02891	0.00614
13	0.00654	0.00470	0.00553	0.00558	0.00684	0.00414	0.00414	0.00792	0.01081	0.05472	0.21096	0.21128	0.40290	0.01145	0.00550	0.00161	0.00250	0.03421	0.00451	0.00416
14	0.01399	0.47226	0.01915	0.00894	0.01265	0.01614	0.00810	0.28613	0.09104	0.01792	0.00920	0.00959	0.00735	0.00470	0.00369	0.00118	0.00483	0.00331	0.00314	0.00669
15	0.01037	0.00984	0.01331	0.01135	0.01181	0.01317	0.00940	0.07298	0.00838	0.01260	0.00786	0.01220	0.02149	0.03413	0.01379	0.00199	0.68189	0.01979	0.00235	0.03131
16	0.01028	0.01014	0.01468	0.01213	0.01314	0.03683	0.11998	0.04598	0.00872	0.01274	0.00945	0.04258	0.03799	0.00747	0.01160	0.00182	0.54851	0.00475	0.04602	0.00519
17	0.03460	0.00712	0.01117	0.37925	0.05946	0.00808	0.02626	0.03952	0.00907	0.04705	0.03948	0.01432	0.00890	0.02110	0.03058	0.23916	0.00530	0.01261	0.00248	0.00450
18	0.03052	0.09702	0.07789	0.03713	0.21616	0.11202	0.01034	0.16603	0.05893	0.03905	0.02343	0.01180	0.00829	0.03586	0.00565	0.00149	0.05499	0.00395	0.00297	0.00651
19	0.19795	0.14229	0.09133	0.05156	0.10410	0.09100	0.08931	0.08647	0.03586	0.02732	0.00868	0.02163	0.00704	0.02185	0.00438	0.00141	0.00545	0.00367	0.00269	0.00602
20	0.03899	0.09239	0.02728	0.00964	0.02995	0.18510	0.00777	0.12796	0.01233	0.13116	0.00943	0.01017	0.00721	0.00475	0.00468	0.00117	0.06131	0.00335	0.00320	0.23217
21	0.00948	0.06998	0.01005	0.02536	0.03839	0.02986	0.02827	0.08026	0.10700	0.04961	0.14355	0.14847	0.15329	0.02228	0.02937	0.00174	0.01868	0.02507	0.00401	0.00526
22	0.00663	0.00449	0.00530	0.00533	0.00544	0.00458	0.00318	0.00685	0.00682	0.00920	0.01454	0.05309	0.01649	0.71825	0.11735	0.00472	0.00533	0.00666	0.00279	0.00297
23	0.01831	0.00749	0.01005	0.00787	0.01105	0.00661	0.00644	0.04471	0.01339	0.66520	0.14022	0.01837	0.01620	0.00625	0.00474	0.00142	0.00367	0.00517	0.00555	0.00727
24	0.01306	0.00969	0.01057	0.00922	0.01201	0.01084	0.00725	0.05774	0.64939	0.13869	0.01826	0.01664	0.01335	0.00612	0.00466	0.00153	0.00374	0.00506	0.00482	0.00737
25	0.05630	0.00745	0.00835	0.00690	0.00932	0.00756	0.00555	0.19829	0.01337	0.22630	0.04092	0.01539	0.01145	0.00555	0.00395	0.00126	0.00335	0.00438	0.36828	0.00606
26	0.62920	0.01022	0.00872	0.00735	0.01040	0.03006	0.00604	0.21690	0.01152	0.02255	0.00761	0.00840	0.00573	0.00460	0.00333	0.00140	0.00405	0.00293	0.00329	0.00572

[dist]
# distance from previous block
# <min> <max>
1	3

[block]
# block no. 7 follows, 56 sequences, length 11
# corresponding to MSA columns:
# 477-486,488
name=unknown_H
#
# <colnr> <probs for GDERKNQSTAVLIFYWHMCP>
#	G	D	E	R	K	N	Q	S	T	A	V	L	I	F	Y	W	H	M	C	P
0	0.10101	0.04530	0.01479	0.04832	0.06505	0.04972	0.20849	0.07782	0.04664	0.06419	0.11722	0.05832	0.01403	0.00591	0.00469	0.00145	0.00502	0.02486	0.04138	0.00580
1	0.00644	0.00456	0.00515	0.00507	0.00630	0.00412	0.00378	0.00814	0.01115	0.01549	0.31782	0.07071	0.33729	0.00970	0.00501	0.00143	0.00225	0.00827	0.17320	0.00412
2	0.01270	0.28722	0.04835	0.03201	0.01499	0.04119	0.14698	0.11178	0.03372	0.06601	0.00889	0.01043	0.00709	0.00501	0.00572	0.00137	0.13053	0.00378	0.02608	0.00616
3	0.00599	0.00483	0.00538	0.00548	0.00679	0.00433	0.00410	0.00783	0.04516	0.01366	0.16599	0.15285	0.49854	0.01147	0.00550	0.00161	0.00250	0.04948	0.00441	0.00410
4	0.00774	0.00414	0.00621	0.00621	0.00634	0.00427	0.00427	0.00634	0.00621	0.00841	0.00868	0.01462	0.00854	0.01895	0.14821	0.72698	0.00534	0.00414	0.00207	0.00234
5	0.01235	0.57055	0.10750	0.01068	0.06220	0.10437	0.04990	0.01440	0.00992	0.01171	0.00695	0.00822	0.00603	0.00407	0.00345	0.00111	0.00566	0.00286	0.00204	0.00602
6	0.00892	0.01319	0.29192	0.01056	0.03734	0.02583	0.01034	0.02577	0.02975	0.02623	0.07222	0.18097	0.03129	0.00767	0.00644	0.00158	0.13490	0.01975	0.00299	0.06234
7	0.02480	0.02761	0.21248	0.03231	0.01586	0.12892	0.09034	0.10624	0.18341	0.03805	0.01163	0.03710	0.00909	0.00659	0.03961	0.00171	0.02029	0.00440	0.00315	0.00644
8	0.00904	0.00859	0.01422	0.67457	0.09595	0.01066	0.01258	0.01186	0.00906	0.01194	0.00798	0.01194	0.00621	0.00491	0.00568	0.00157	0.09184	0.00407	0.00206	0.00528
9	0.05167	0.07100	0.04736	0.01002	0.01307	0.13744	0.02654	0.27154	0.09299	0.06023	0.02766	0.03265	0.00930	0.02364	0.00545	0.00144	0.06057	0.00418	0.00358	0.04967
10	0.04998	0.09916	0.25261	0.01232	0.05614	0.05479	0.08552	0.13485	0.13653	0.05834	0.01061	0.01130	0.00785	0.00481	0.00435	0.00140	0.00565	0.00392	0.00308	0.00679

[dist]
# distance from previous block
# <min> <max>
8	25

[block]
# block no. 8 follows, 56 sequences, length 20
# corresponding to MSA columns:
# 519-538
name=unknown_I
#
# <colnr> <probs for GDERKNQSTAVLIFYWHMCP>
#	G	D	E	R	K	N	Q	S	T	A	V	L	I	F	Y	W	H	M	C	P
0	0.01197	0.66895	0.12247	0.00871	0.01282	0.05945	0.00899	0.01392	0.00951	0.01129	0.00684	0.00804	0.00606	0.00497	0.02862	0.00125	0.00555	0.00268	0.00200	0.00592
1	0.01376	0.01123	0.01226	0.01019	0.01320	0.04452	0.04397	0.27740	0.42987	0.04737	0.01541	0.03587	0.01166	0.00602	0.00469	0.00149	0.00446	0.00495	0.00447	0.00724
2	0.00649	0.00509	0.00584	0.00574	0.00697	0.00475	0.00424	0.04901	0.01114	0.01442	0.21680	0.18961	0.39655	0.03600	0.00622	0.00167	0.02145	0.00949	0.00437	0.00416
3	0.01111	0.00943	0.01170	0.01036	0.03930	0.05222	0.05748	0.09787	0.16350	0.06405	0.07616	0.07481	0.05586	0.00910	0.06287	0.00197	0.15734	0.00562	0.00364	0.03561
4	0.04579	0.11766	0.01283	0.00898	0.01186	0.03153	0.00741	0.31972	0.13866	0.07797	0.06525	0.01409	0.01143	0.03453	0.00542	0.00148	0.04066	0.00440	0.04372	0.00662
5	0.00626	0.00462	0.00559	0.00544	0.00659	0.00417	0.00404	0.00808	0.01188	0.01632	0.51424	0.08623	0.24439	0.01008	0.00533	0.00148	0.00224	0.00876	0.05008	0.00417
6	0.01134	0.00966	0.01535	0.24792	0.38535	0.01037	0.02126	0.06335	0.04746	0.06697	0.03470	0.01297	0.00876	0.00478	0.00475	0.00143	0.01909	0.00433	0.02363	0.00652
7	0.00746	0.00466	0.00549	0.00536	0.00565	0.00468	0.00326	0.00777	0.00718	0.05174	0.01449	0.02780	0.01579	0.69624	0.09140	0.00443	0.00503	0.00633	0.03203	0.00321
8	0.01687	0.07012	0.01370	0.01153	0.01405	0.73544	0.00880	0.05386	0.01319	0.01203	0.00724	0.00835	0.00600	0.00472	0.00409	0.00118	0.00793	0.00298	0.00244	0.00547
9	0.00951	0.00885	0.01359	0.00994	0.01381	0.00734	0.20257	0.01192	0.00973	0.01455	0.00963	0.06069	0.00843	0.00526	0.03231	0.00120	0.00475	0.00410	0.00270	0.56913
10	0.11585	0.00751	0.00797	0.00692	0.00901	0.02528	0.00544	0.16453	0.04106	0.05827	0.33396	0.02611	0.16418	0.00800	0.00485	0.00144	0.00320	0.00661	0.00451	0.00530
11	0.00952	0.07140	0.70564	0.01327	0.01972	0.01118	0.07780	0.01451	0.00976	0.01433	0.00821	0.00977	0.00591	0.00430	0.00436	0.00143	0.00675	0.00350	0.00197	0.00669
12	0.01089	0.00972	0.06173	0.03519	0.01224	0.00957	0.00746	0.04343	0.45472	0.04542	0.04319	0.01700	0.01326	0.00631	0.01587	0.00149	0.00392	0.02929	0.06534	0.11396
13	0.01492	0.08844	0.08007	0.01078	0.01377	0.36492	0.00908	0.21611	0.03457	0.01613	0.00889	0.01040	0.00719	0.02702	0.05268	0.00171	0.03080	0.00355	0.00293	0.00604
14	0.00588	0.00451	0.00546	0.00569	0.00670	0.00409	0.00415	0.00727	0.01054	0.01382	0.24953	0.26121	0.31754	0.01301	0.04887	0.00193	0.00295	0.02849	0.00439	0.00398
15	0.00574	0.00411	0.00523	0.00607	0.00649	0.00381	0.00407	0.00659	0.00896	0.01193	0.04550	0.66978	0.10790	0.06038	0.00673	0.00195	0.00271	0.01201	0.02631	0.00372
16	0.18698	0.00744	0.00879	0.00722	0.01007	0.00707	0.00584	0.04094	0.01186	0.45139	0.08667	0.06146	0.08155	0.00668	0.00447	0.00146	0.00352	0.00538	0.00483	0.00639
17	0.09033	0.01077	0.01157	0.00918	0.01243	0.01172	0.00751	0.46951	0.10551	0.13373	0.01278	0.01254	0.00908	0.00549	0.00434	0.00138	0.00436	0.00419	0.07637	0.00721
18	0.01210	0.00735	0.00810	0.00698	0.00915	0.00769	0.00551	0.14731	0.16666	0.13192	0.06589	0.01772	0.03605	0.00603	0.00413	0.00130	0.00318	0.00488	0.35208	0.00595
19	0.39199	0.00805	0.00851	0.05022	0.01095	0.00848	0.00602	0.02716	0.04293	0.28811	0.03293	0.05595	0.01018	0.00557	0.00387	0.00144	0.00370	0.00420	0.03376	0.00597

[dist]
# distance from previous block
# <min> <max>
0	2

[block]
# block no. 9 follows, 56 sequences, length 96
# corresponding to MSA columns:
# 541-636
name=unknown_J
#
# <colnr> <probs for GDERKNQSTAVLIFYWHMCP>
#	G	D	E	R	K	N	Q	S	T	A	V	L	I	F	Y	W	H	M	C	P
0	0.03478	0.01201	0.01246	0.00999	0.01323	0.06005	0.01973	0.50557	0.15088	0.05511	0.01428	0.02940	0.04935	0.00602	0.00462	0.00142	0.00478	0.00469	0.00442	0.00721
1	0.01253	0.79909	0.02349	0.00806	0.01191	0.05959	0.00791	0.01398	0.00952	0.01082	0.00642	0.00741	0.00589	0.00397	0.00301	0.00099	0.00508	0.00248	0.00198	0.00586
2	0.00894	0.00859	0.01375	0.80210	0.03107	0.03554	0.01263	0.01194	0.00930	0.01171	0.00813	0.01212	0.00611	0.00459	0.00458	0.00152	0.00619	0.00404	0.00205	0.00511
3	0.05154	0.01295	0.01280	0.01022	0.01358	0.09437	0.00829	0.54292	0.12305	0.06603	0.01182	0.01165	0.00851	0.00549	0.00449	0.00139	0.00507	0.00411	0.00436	0.00737
4	0.00568	0.00463	0.00499	0.00511	0.00644	0.00400	0.00382	0.00691	0.01041	0.01279	0.10452	0.10696	0.61069	0.04127	0.00615	0.00170	0.00252	0.05325	0.00427	0.00388
5	0.00902	0.00600	0.00711	0.02200	0.00857	0.00580	0.00503	0.02860	0.11588	0.12055	0.28619	0.03052	0.26153	0.00953	0.02810	0.00164	0.00306	0.00741	0.03834	0.00512
6	0.00567	0.00412	0.00530	0.00618	0.00661	0.00381	0.00419	0.00654	0.00904	0.01192	0.04920	0.69096	0.11072	0.04164	0.00640	0.00191	0.00270	0.02512	0.00423	0.00374
7	0.00652	0.00484	0.00709	0.00714	0.00787	0.00554	0.00543	0.00799	0.00739	0.01057	0.01312	0.05988	0.01283	0.09636	0.71734	0.00687	0.01120	0.00546	0.00257	0.00398
8	0.01227	0.84142	0.02406	0.00786	0.01178	0.01817	0.00786	0.01375	0.00933	0.01080	0.00638	0.00736	0.00589	0.00393	0.00295	0.00098	0.00491	0.00245	0.00196	0.00589
9	0.00700	0.00540	0.00737	0.00773	0.02505	0.00520	0.04261	0.00928	0.06835	0.02568	0.06454	0.39141	0.15080	0.01182	0.00566	0.00177	0.00324	0.14531	0.01740	0.00439
10	0.00867	0.00816	0.01377	0.82762	0.03162	0.01020	0.01275	0.01173	0.00918	0.01173	0.00816	0.01224	0.00612	0.00459	0.00459	0.00153	0.00612	0.00408	0.00204	0.00510
11	0.07263	0.01191	0.14186	0.01131	0.03085	0.01053	0.10862	0.09062	0.27085	0.04423	0.01439	0.05687	0.01194	0.00636	0.00509	0.00158	0.03025	0.07002	0.00364	0.00646
12	0.12764	0.03567	0.01230	0.00982	0.03015	0.11524	0.00781	0.35820	0.05406	0.14443	0.01105	0.01104	0.00793	0.00513	0.00421	0.00133	0.00494	0.00377	0.00403	0.05126
13	0.06449	0.00984	0.01226	0.01290	0.16961	0.02392	0.02963	0.19090	0.19530	0.05033	0.06026	0.03454	0.01328	0.03243	0.02308	0.00171	0.00466	0.06043	0.00388	0.00654
14	0.01096	0.00826	0.00975	0.00710	0.01101	0.00655	0.00571	0.05302	0.01062	0.09669	0.03389	0.01098	0.00844	0.00392	0.00365	0.00081	0.00350	0.00316	0.00319	0.70880
15	0.00775	0.00628	0.06674	0.00702	0.00842	0.00500	0.00558	0.00971	0.04744	0.09559	0.07277	0.50420	0.11118	0.01172	0.00550	0.00172	0.00310	0.02137	0.00430	0.00461
16	0.05501	0.00934	0.01404	0.40515	0.13895	0.02594	0.04730	0.03912	0.07311	0.05751	0.01060	0.01310	0.03004	0.00510	0.00520	0.00152	0.05614	0.00431	0.00269	0.00584
17	0.01098	0.01063	0.01844	0.13216	0.66773	0.01085	0.05416	0.01381	0.01031	0.01456	0.00861	0.01153	0.00711	0.00414	0.00460	0.00139	0.00566	0.00416	0.00224	0.00693
18	0.00701	0.00535	0.00644	0.00631	0.00753	0.00521	0.00470	0.02857	0.10029	0.01629	0.40009	0.18453	0.15244	0.02188	0.00568	0.00161	0.00262	0.03423	0.00467	0.00454
19	0.00654	0.00519	0.00591	0.00568	0.00708	0.00487	0.00426	0.00934	0.09449	0.01561	0.36792	0.06183	0.36102	0.02291	0.00563	0.00156	0.00244	0.00868	0.00462	0.00441
20	0.00712	0.00536	0.00745	0.00808	0.00906	0.00535	0.03078	0.00962	0.07009	0.01341	0.02379	0.34733	0.02637	0.01257	0.00600	0.00196	0.00369	0.40343	0.00421	0.00433
21	0.01210	0.06313	0.09677	0.09115	0.24393	0.11003	0.12207	0.04616	0.08471	0.04722	0.01017	0.01263	0.00808	0.00476	0.00458	0.00141	0.00600	0.02585	0.00272	0.00651
22	0.00733	0.00542	0.00685	0.00746	0.00835	0.00556	0.00578	0.01024	0.11892	0.01318	0.02233	0.26910	0.02437	0.13723	0.00855	0.00232	0.00373	0.33491	0.00408	0.00429
23	0.01146	0.00918	0.01395	0.46647	0.17717	0.03479	0.01157	0.03319	0.04144	0.12659	0.01022	0.01267	0.00752	0.00475	0.00455	0.00146	0.00555	0.00417	0.01723	0.00605
24	0.01429	0.01059	0.01148	0.00932	0.01241	0.01158	0.00751	0.39431	0.26823	0.06218	0.05500	0.01461	0.01193	0.00583	0.00454	0.00139	0.00417	0.00465	0.04572	0.05026
25	0.01715	0.02188	0.01301	0.01183	0.01419	0.82022	0.00887	0.01833	0.01301	0.01124	0.00710	0.00828	0.00591	0.00473	0.00414	0.00118	0.00828	0.00296	0.00237	0.00532
26	0.01488	0.02618	0.01225	0.06281	0.09451	0.00991	0.02418	0.18943	0.15114	0.25035	0.02942	0.01448	0.01074	0.00548	0.00448	0.00140	0.00431	0.00453	0.08248	0.00703
27	0.00634	0.00459	0.00532	0.00553	0.00669	0.00401	0.00399	0.00750	0.01026	0.05263	0.10832	0.31357	0.43058	0.01207	0.00553	0.00164	0.00251	0.01046	0.00441	0.00406
28	0.01519	0.00865	0.01036	0.00900	0.05204	0.00878	0.00684	0.26127	0.04373	0.26853	0.07655	0.01578	0.01272	0.00579	0.00438	0.00134	0.00383	0.00468	0.18378	0.00676
29	0.00787	0.00402	0.00590	0.00590	0.00590	0.00402	0.00389	0.00604	0.00604	0.00805	0.00849	0.01524	0.00867	0.08184	0.01838	0.79739	0.00402	0.00420	0.00206	0.00206
30	0.01683	0.02069	0.01271	0.01146	0.01385	0.74362	0.00864	0.06106	0.01335	0.01245	0.00762	0.00878	0.00625	0.00480	0.00413	0.00119	0.00786	0.00307	0.03623	0.00542
31	0.00952	0.00816	0.00952	0.00680	0.01088	0.00612	0.00544	0.01156	0.00952	0.01496	0.00816	0.00952	0.00680	0.00340	0.00340	0.00068	0.00340	0.00272	0.00272	0.86672
32	0.00777	0.00607	0.00860	0.03230	0.01076	0.00617	0.04772	0.01091	0.08569	0.01407	0.02414	0.08007	0.07895	0.01138	0.00600	0.00196	0.00420	0.55453	0.00411	0.00460
33	0.00916	0.02107	0.67293	0.01345	0.04341	0.01024	0.07188	0.01394	0.00966	0.01425	0.00922	0.04300	0.00729	0.03452	0.00518	0.00158	0.00657	0.00406	0.00210	0.00649
34	0.01667	0.00794	0.01025	0.00768	0.01142	0.00653	0.00628	0.01854	0.01186	0.53036	0.01459	0.01346	0.00975	0.00487	0.00419	0.00116	0.00373	0.00394	0.00463	0.31215
35	0.00764	0.00555	0.00658	0.00647	0.00721	0.00584	0.00454	0.04957	0.08381	0.01196	0.01721	0.06387	0.04998	0.43910	0.13634	0.00397	0.00539	0.08777	0.00329	0.00390
36	0.01201	0.01345	0.01003	0.00929	0.01109	0.37550	0.00702	0.01487	0.12168	0.01295	0.06979	0.05987	0.13108	0.03403	0.04324	0.00178	0.04861	0.01537	0.00327	0.00507
37	0.00651	0.00441	0.00517	0.00536	0.00548	0.00435	0.00321	0.00678	0.00736	0.00985	0.04488	0.16472	0.02019	0.64853	0.01933	0.00385	0.00407	0.02976	0.00315	0.00304
38	0.01229	0.00832	0.00948	0.00845	0.01086	0.00895	0.00656	0.02056	0.47782	0.18853	0.05789	0.12176	0.03336	0.00741	0.00486	0.00156	0.00347	0.00630	0.00485	0.00673
39	0.02347	0.00642	0.00827	0.00705	0.00928	0.00593	0.00554	0.02869	0.05257	0.36919	0.26151	0.10120	0.02308	0.00765	0.00486	0.00145	0.00312	0.00654	0.06814	0.00602
40	0.13160	0.00802	0.01019	0.00792	0.01138	0.00732	0.00654	0.03222	0.01256	0.69853	0.01648	0.01449	0.01048	0.00549	0.00438	0.00142	0.00388	0.00433	0.00530	0.00744
41	0.06133	0.01882	0.01289	0.01119	0.01393	0.56532	0.00863	0.22333	0.01501	0.01640	0.00810	0.00896	0.00637	0.00491	0.00419	0.00125	0.00718	0.00324	0.00298	0.00596
