[name]
unknown

[dist]
# distance from previous block
# <min> <max>
2	60

[block]
# block no. 0 follows, 47 sequences, length 41
# corresponding to MSA columns:
# 65-83,90-111
name=unknown_A
#
# <colnr> <probs for GDERKNQSTAVLIFYWHMCP>
#	G	D	E	R	K	N	Q	S	T	A	V	L	I	F	Y	W	H	M	C	P
0	0.01292	0.15321	0.11693	0.01230	0.09093	0.04136	0.01017	0.05887	0.04241	0.04908	0.01021	0.02441	0.00839	0.00518	0.00524	0.00129	0.06148	0.00389	0.00308	0.28864
1	0.01470	0.06469	0.06109	0.04846	0.01450	0.08610	0.00911	0.09062	0.13097	0.17491	0.01772	0.10458	0.02853	0.00920	0.03536	0.00197	0.03801	0.05806	0.00443	0.00698
2	0.01775	0.18514	0.01713	0.01195	0.01528	0.50505	0.00954	0.09325	0.01459	0.01493	0.00841	0.00959	0.00699	0.00516	0.00441	0.00128	0.00786	0.00335	0.00287	0.06546
3	0.00641	0.00463	0.00596	0.00699	0.00738	0.00430	0.00465	0.00729	0.00996	0.01314	0.02980	0.69920	0.09355	0.07048	0.00796	0.00229	0.00313	0.01401	0.00472	0.00417
4	0.07422	0.00930	0.01058	0.00805	0.01206	0.00797	0.00644	0.07872	0.02493	0.09086	0.03755	0.04410	0.04397	0.00551	0.00435	0.00112	0.00396	0.00443	0.00385	0.52803
5	0.01337	0.01302	0.07165	0.01395	0.01751	0.08085	0.24341	0.11993	0.03605	0.08618	0.04668	0.17497	0.01581	0.00792	0.00601	0.00176	0.02084	0.01939	0.00397	0.00673
6	0.00644	0.00460	0.00616	0.00736	0.00771	0.00431	0.00500	0.00742	0.01007	0.01340	0.02865	0.77739	0.03423	0.01622	0.00667	0.00213	0.00311	0.05003	0.00483	0.00426
7	0.01282	0.01409	0.02967	0.02125	0.02644	0.01338	0.71267	0.06923	0.01315	0.01781	0.01067	0.01394	0.00797	0.00452	0.00608	0.00174	0.00857	0.00604	0.00281	0.00715
8	0.01510	0.01724	0.09015	0.01200	0.01481	0.33374	0.02709	0.09117	0.01333	0.04675	0.01073	0.01316	0.00879	0.01224	0.15782	0.00283	0.07101	0.00428	0.05151	0.00626
9	0.00995	0.00802	0.01227	0.01620	0.27545	0.00808	0.00925	0.01176	0.01101	0.05936	0.04583	0.37455	0.05861	0.01089	0.00674	0.00187	0.06048	0.00968	0.00400	0.00601
10	0.00658	0.00528	0.00594	0.00624	0.00768	0.00464	0.00477	0.00808	0.01185	0.01469	0.10114	0.15253	0.52191	0.01358	0.00636	0.00189	0.00298	0.11448	0.00490	0.00447
11	0.01243	0.01211	0.01872	0.23118	0.49586	0.05222	0.01474	0.01635	0.06507	0.01616	0.01036	0.01343	0.00836	0.00499	0.00516	0.00160	0.00640	0.00466	0.00270	0.00749
12	0.01067	0.00985	0.01558	0.55577	0.17485	0.03318	0.01355	0.01391	0.01086	0.01460	0.01009	0.01412	0.00782	0.00519	0.00503	0.00164	0.00642	0.00462	0.08608	0.00617
13	0.01385	0.78624	0.02743	0.00946	0.01395	0.02029	0.04071	0.01564	0.01065	0.01244	0.00738	0.00859	0.00673	0.00445	0.00346	0.00114	0.00570	0.00293	0.00224	0.00670
14	0.01148	0.00937	0.01096	0.00787	0.01247	0.00719	0.00632	0.03174	0.01128	0.04613	0.00976	0.01110	0.00793	0.00401	0.00394	0.00082	0.00392	0.00320	0.00326	0.79723
15	0.01142	0.01868	0.40061	0.03385	0.13871	0.03073	0.03093	0.03706	0.03715	0.04354	0.03041	0.06915	0.01075	0.00722	0.03467	0.00187	0.00681	0.00510	0.00295	0.04839
16	0.15901	0.01346	0.01407	0.01095	0.01495	0.01485	0.00904	0.59294	0.02125	0.08104	0.01216	0.01217	0.00859	0.00603	0.00488	0.00157	0.00536	0.00441	0.00496	0.00832
17	0.00767	0.00591	0.00881	0.00867	0.00955	0.00705	0.00679	0.00949	0.00835	0.01211	0.01354	0.01994	0.01266	0.03734	0.75154	0.00802	0.05958	0.00552	0.00276	0.00471
18	0.01176	0.01314	0.14396	0.13011	0.23473	0.01131	0.05654	0.04554	0.05154	0.05224	0.06372	0.01720	0.05226	0.00744	0.03558	0.00193	0.05535	0.00537	0.00322	0.00708
19	0.01229	0.15164	0.46618	0.01303	0.01927	0.01343	0.03854	0.06988	0.06552	0.03977	0.01041	0.01154	0.00771	0.00507	0.00471	0.00152	0.00668	0.00395	0.00282	0.05603
20	0.01148	0.21115	0.59326	0.01343	0.02025	0.03384	0.01661	0.01639	0.01099	0.01541	0.00882	0.01034	0.00662	0.00484	0.00457	0.00152	0.00724	0.00359	0.00222	0.00742
21	0.00740	0.00498	0.00573	0.00590	0.00594	0.00493	0.00339	0.00753	0.00791	0.01054	0.01812	0.14291	0.02110	0.70520	0.02373	0.00464	0.00477	0.00858	0.00339	0.00331
22	0.00837	0.00830	0.07883	0.06584	0.01219	0.00742	0.00778	0.04230	0.06143	0.01496	0.02355	0.47018	0.05837	0.01353	0.03176	0.00220	0.05668	0.02684	0.00423	0.00524
23	0.09355	0.08447	0.05713	0.03056	0.03619	0.04742	0.30041	0.03755	0.03276	0.09296	0.01418	0.10633	0.03012	0.00645	0.00537	0.00168	0.00646	0.00621	0.00346	0.00673
24	0.01111	0.01292	0.06469	0.01858	0.02311	0.01142	0.57751	0.01504	0.01223	0.01668	0.07982	0.08587	0.03254	0.00620	0.00613	0.00177	0.00753	0.00718	0.00312	0.00657
25	0.00773	0.00556	0.00789	0.00795	0.00847	0.00627	0.00583	0.00860	0.00830	0.01166	0.01565	0.15334	0.01648	0.13509	0.41146	0.11562	0.05970	0.00718	0.00308	0.00413
26	0.06117	0.01707	0.10355	0.11684	0.02900	0.24653	0.10553	0.11456	0.01378	0.04704	0.01050	0.03718	0.00843	0.00682	0.03017	0.00181	0.03556	0.00463	0.00313	0.00668
27	0.01214	0.01327	0.06339	0.01517	0.01741	0.06832	0.21611	0.01446	0.01001	0.03817	0.00933	0.01374	0.00821	0.04993	0.05002	0.00245	0.38406	0.00509	0.00260	0.00612
28	0.00749	0.00537	0.00731	0.00731	0.00788	0.00593	0.00519	0.00862	0.00806	0.01131	0.01492	0.02582	0.01535	0.34516	0.49342	0.00706	0.01045	0.00636	0.00293	0.00406
29	0.01249	0.04141	0.19101	0.01561	0.09533	0.10253	0.17145	0.06801	0.01305	0.03879	0.06681	0.06747	0.06845	0.00673	0.00561	0.00165	0.01744	0.00602	0.00332	0.00682
30	0.01858	0.01357	0.01561	0.03279	0.03614	0.03325	0.04596	0.50316	0.11197	0.11371	0.01409	0.01396	0.00999	0.00619	0.00525	0.00160	0.00567	0.00493	0.00503	0.00853
31	0.01175	0.01072	0.01365	0.01160	0.01406	0.06969	0.12954	0.12016	0.15430	0.01850	0.05392	0.21421	0.07289	0.00955	0.00648	0.00183	0.04729	0.02916	0.00436	0.00634
32	0.00846	0.00699	0.01067	0.25550	0.08773	0.00751	0.00906	0.01052	0.01099	0.01454	0.10824	0.22459	0.08855	0.01082	0.00680	0.05055	0.00467	0.07489	0.00380	0.00511
33	0.01197	0.13725	0.31383	0.03645	0.05679	0.05807	0.16335	0.04718	0.01187	0.01590	0.01167	0.03111	0.03711	0.03818	0.00592	0.00172	0.00712	0.00487	0.00266	0.00696
34	0.00773	0.00601	0.00686	0.00691	0.00833	0.00572	0.00505	0.06205	0.05635	0.01644	0.13479	0.31296	0.32523	0.01312	0.00621	0.00185	0.00305	0.01139	0.00501	0.00494
35	0.00754	0.00522	0.00625	0.00630	0.00642	0.00540	0.00386	0.00784	0.00790	0.01067	0.01714	0.10937	0.01959	0.64303	0.09637	0.00499	0.02737	0.00802	0.00326	0.00347
36	0.01178	0.01059	0.05407	0.08358	0.11434	0.02286	0.11003	0.08690	0.02890	0.06812	0.01778	0.17032	0.04018	0.02494	0.00678	0.00190	0.04402	0.08116	0.01532	0.00641
37	0.01109	0.03855	0.01273	0.01068	0.02968	0.00862	0.11684	0.12642	0.01330	0.06581	0.07811	0.30547	0.05214	0.03818	0.00673	0.00192	0.01269	0.02531	0.03985	0.00588
38	0.01650	0.01570	0.07127	0.01646	0.05378	0.11825	0.28261	0.20955	0.02636	0.11926	0.01202	0.01332	0.00866	0.00534	0.00546	0.00162	0.00728	0.00506	0.00379	0.00771
39	0.03144	0.00916	0.01084	0.00801	0.01233	0.00728	0.00641	0.03501	0.01166	0.12505	0.01169	0.04549	0.00954	0.00483	0.00419	0.00099	0.00396	0.00392	0.00369	0.65451
40	0.06054	0.14178	0.08385	0.01081	0.01476	0.07213	0.00957	0.23027	0.17419	0.09246	0.03176	0.03170	0.01134	0.00623	0.00482	0.00155	0.00547	0.00475	0.00432	0.00771

[dist]
# distance from previous block
# <min> <max>
1	31

[block]
# block no. 1 follows, 47 sequences, length 39
# corresponding to MSA columns:
# 145-166,173-189
name=unknown_B
#
# <colnr> <probs for GDERKNQSTAVLIFYWHMCP>
#	G	D	E	R	K	N	Q	S	T	A	V	L	I	F	Y	W	H	M	C	P
0	0.10735	0.09814	0.08448	0.01023	0.01352	0.01110	0.06610	0.09812	0.01205	0.03052	0.09649	0.01647	0.01335	0.04218	0.13563	0.00275	0.05314	0.00491	0.00339	0.10008
1	0.03192	0.01319	0.03795	0.01001	0.01275	0.21084	0.00804	0.10728	0.06778	0.13210	0.08939	0.08316	0.10516	0.00935	0.03100	0.00185	0.00577	0.03149	0.00449	0.00648
2	0.01254	0.01442	0.14356	0.02202	0.35935	0.01213	0.11547	0.09051	0.06382	0.01889	0.05801	0.01598	0.03817	0.00563	0.00536	0.00162	0.00625	0.00531	0.00323	0.00772
3	0.01509	0.14485	0.14488	0.06691	0.08198	0.07507	0.02906	0.27268	0.04305	0.02095	0.01095	0.03378	0.00868	0.00581	0.00515	0.00154	0.02400	0.00449	0.00350	0.00759
4	0.00675	0.00471	0.00596	0.00676	0.00700	0.00450	0.00433	0.00743	0.00941	0.01258	0.04938	0.55497	0.03027	0.25602	0.01258	0.00298	0.00361	0.01246	0.00436	0.00393
5	0.10712	0.11993	0.06110	0.08495	0.01463	0.01159	0.00896	0.07057	0.01224	0.14665	0.09063	0.06182	0.04803	0.00740	0.00652	0.00167	0.11381	0.00556	0.02034	0.00648
6	0.01333	0.36525	0.31428	0.01174	0.01723	0.05232	0.01293	0.08378	0.05508	0.01625	0.00933	0.01040	0.00736	0.00499	0.00429	0.00140	0.00649	0.00356	0.00268	0.00732
7	0.00812	0.00633	0.00876	0.07248	0.03785	0.00639	0.02614	0.06511	0.02625	0.01516	0.02561	0.59674	0.05741	0.01367	0.00632	0.00199	0.00380	0.01234	0.00454	0.00499
8	0.00979	0.00598	0.00735	0.00672	0.00858	0.00532	0.00514	0.01194	0.02616	0.15033	0.37607	0.07314	0.27162	0.01092	0.00600	0.00169	0.00291	0.00938	0.00553	0.00545
9	0.06594	0.19882	0.01363	0.00935	0.01183	0.05529	0.00810	0.08710	0.03376	0.01692	0.03593	0.08384	0.04845	0.00994	0.00555	0.00183	0.00501	0.29886	0.00405	0.00581
10	0.00746	0.00500	0.00571	0.00583	0.00586	0.00497	0.00332	0.00754	0.00780	0.01040	0.01758	0.10817	0.02041	0.74088	0.02462	0.00477	0.00486	0.00826	0.00332	0.00326
11	0.00672	0.00501	0.00625	0.00687	0.00777	0.00459	0.00498	0.00813	0.01139	0.01493	0.16147	0.39988	0.21627	0.03321	0.00697	0.00205	0.00307	0.09107	0.00494	0.00442
12	0.02174	0.01041	0.01287	0.00995	0.01391	0.01008	0.00819	0.22777	0.04129	0.53966	0.01828	0.01639	0.01189	0.00640	0.00519	0.00159	0.00473	0.00510	0.02580	0.00875
13	0.04100	0.01298	0.02397	0.01795	0.02138	0.01406	0.43948	0.05778	0.01154	0.03311	0.00957	0.01300	0.00765	0.00607	0.00948	0.00190	0.26421	0.00542	0.00277	0.00669
14	0.00885	0.00593	0.00743	0.00696	0.00849	0.00560	0.00525	0.01192	0.06875	0.07805	0.52519	0.10343	0.10473	0.01068	0.00600	0.00169	0.00279	0.00935	0.02356	0.00535
15	0.05176	0.00995	0.01192	0.00947	0.01306	0.00986	0.00772	0.18437	0.09267	0.43043	0.05219	0.01747	0.01369	0.00657	0.00509	0.00159	0.00444	0.00525	0.06427	0.00822
16	0.01296	0.16581	0.03496	0.04916	0.04330	0.05103	0.14841	0.06693	0.06024	0.01612	0.00955	0.01187	0.00788	0.00571	0.00728	0.00156	0.17294	0.00433	0.00287	0.12711
17	0.00972	0.00598	0.00687	0.00652	0.00751	0.00662	0.00493	0.03503	0.01041	0.01728	0.01568	0.04063	0.01360	0.09964	0.06900	0.00235	0.09657	0.00543	0.54137	0.00486
18	0.00745	0.00552	0.00809	0.00809	0.00892	0.00636	0.00616	0.00912	0.00829	0.01188	0.01420	0.02187	0.01363	0.11960	0.71664	0.00803	0.01303	0.00579	0.00283	0.00449
19	0.01051	0.00899	0.01082	0.00890	0.05260	0.00712	0.00652	0.01303	0.03019	0.01674	0.02395	0.04217	0.03655	0.02596	0.00476	0.00104	0.00392	0.00414	0.00328	0.68879
20	0.01283	0.17009	0.22553	0.05163	0.22510	0.03403	0.08311	0.02949	0.04252	0.04519	0.01019	0.01218	0.00798	0.00563	0.02153	0.00167	0.00683	0.00427	0.00271	0.00749
21	0.01107	0.11504	0.28161	0.01205	0.02846	0.01204	0.03170	0.03136	0.01112	0.05172	0.06474	0.05119	0.08257	0.00863	0.03712	0.00198	0.15241	0.00556	0.00311	0.00653
22	0.03677	0.00795	0.00900	0.00875	0.01055	0.00857	0.00656	0.06050	0.29105	0.03843	0.06507	0.33042	0.02455	0.01096	0.00580	0.00188	0.00366	0.03644	0.03688	0.00621
23	0.01678	0.01266	0.11317	0.03411	0.20141	0.01064	0.02299	0.10040	0.06456	0.30155	0.05676	0.01627	0.01250	0.00601	0.00524	0.00161	0.00540	0.00513	0.00457	0.00821
24	0.04936	0.28490	0.18629	0.01150	0.01606	0.12039	0.03649	0.05282	0.07230	0.05070	0.01033	0.02664	0.00835	0.00541	0.00471	0.00144	0.02647	0.00394	0.00298	0.02893
25	0.00744	0.00509	0.00614	0.00625	0.00642	0.00520	0.00384	0.00782	0.00792	0.01070	0.01713	0.10252	0.01941	0.62192	0.14599	0.00531	0.00627	0.00791	0.00325	0.00349
26	0.03045	0.00961	0.01112	0.00823	0.01249	0.00807	0.00660	0.10325	0.01277	0.10052	0.01248	0.01365	0.03536	0.02590	0.00482	0.00112	0.00413	0.00389	0.00376	0.59180
27	0.05263	0.13581	0.05484	0.01661	0.10918	0.09807	0.24099	0.07565	0.04734	0.08020	0.01140	0.01382	0.00892	0.00528	0.00511	0.00157	0.00689	0.02517	0.00327	0.00726
28	0.01308	0.15192	0.19115	0.03055	0.05323	0.01479	0.23874	0.11732	0.02775	0.01771	0.00977	0.01201	0.00759	0.00532	0.00629	0.00164	0.08638	0.00463	0.00283	0.00728
29	0.00636	0.00475	0.00592	0.00675	0.00745	0.00431	0.00463	0.00746	0.01071	0.01394	0.08014	0.58778	0.21038	0.01524	0.00650	0.00200	0.00290	0.01358	0.00489	0.00431
30	0.03924	0.00939	0.01258	0.01491	0.22523	0.02130	0.00932	0.10052	0.02604	0.11068	0.07025	0.02918	0.15596	0.03581	0.00637	0.00185	0.00475	0.11558	0.00436	0.00669
31	0.08040	0.29710	0.19927	0.01395	0.07597	0.07069	0.10761	0.03309	0.02838	0.03559	0.00916	0.01068	0.00726	0.00482	0.00442	0.00144	0.00660	0.00381	0.00265	0.00709
32	0.00673	0.00513	0.00616	0.00678	0.00766	0.00477	0.00474	0.00844	0.04492	0.01415	0.07007	0.47175	0.24695	0.05196	0.00736	0.00212	0.00307	0.02798	0.00482	0.00445
33	0.00634	0.00457	0.00601	0.00716	0.00753	0.00424	0.00479	0.00726	0.01006	0.01333	0.02984	0.77745	0.06984	0.01617	0.00662	0.00210	0.00300	0.01462	0.00483	0.00424
34	0.01165	0.06414	0.03241	0.19203	0.08419	0.03587	0.06842	0.10887	0.10227	0.01735	0.01588	0.19645	0.01516	0.00813	0.00551	0.00175	0.00560	0.02412	0.00371	0.00650
35	0.04979	0.01456	0.10163	0.05907	0.05302	0.09611	0.12563	0.14149	0.16726	0.01994	0.02979	0.03182	0.01112	0.00741	0.03916	0.00192	0.00661	0.00519	0.03129	0.00719
36	0.03570	0.01233	0.01544	0.09308	0.01663	0.10494	0.06196	0.06216	0.02698	0.02760	0.00926	0.01298	0.00806	0.01128	0.10866	0.00275	0.37676	0.00466	0.00276	0.00601
37	0.07178	0.03836	0.03553	0.01164	0.01359	0.07524	0.00974	0.09378	0.01167	0.13142	0.01111	0.05737	0.00956	0.00853	0.02769	0.00203	0.36054	0.00495	0.00347	0.02200
38	0.05365	0.03132	0.03323	0.09664	0.03363	0.02709	0.04905	0.06443	0.26115	0.14321	0.04495	0.02988	0.01395	0.04283	0.00614	0.00181	0.00506	0.02116	0.00447	0.03633

[dist]
# distance from previous block
# <min> <max>
0	4

[block]
# block no. 2 follows, 47 sequences, length 38
# corresponding to MSA columns:
# 194-214,219-235
name=unknown_C
#
# <colnr> <probs for GDERKNQSTAVLIFYWHMCP>
#	G	D	E	R	K	N	Q	S	T	A	V	L	I	F	Y	W	H	M	C	P
0	0.18148	0.03546	0.02580	0.00898	0.01171	0.00984	0.05022	0.10284	0.11658	0.04337	0.28417	0.05228	0.04079	0.00795	0.00521	0.00165	0.00402	0.00666	0.00472	0.00628
1	0.00660	0.00473	0.00622	0.00727	0.00771	0.00444	0.00501	0.00764	0.01021	0.01356	0.05093	0.66356	0.05784	0.05799	0.00770	0.00227	0.00324	0.07405	0.00477	0.00425
2	0.01299	0.30032	0.09983	0.01040	0.01442	0.05160	0.00976	0.05728	0.05851	0.01561	0.00908	0.01060	0.00763	0.00531	0.00582	0.00133	0.11637	0.00354	0.00281	0.20681
3	0.03837	0.01111	0.01161	0.00898	0.01277	0.06995	0.00710	0.15343	0.02987	0.06077	0.03280	0.01393	0.01018	0.06218	0.00612	0.00140	0.01732	0.00409	0.00374	0.44427
4	0.13102	0.23802	0.38236	0.01173	0.01746	0.03920	0.01337	0.05647	0.01155	0.04238	0.00898	0.01017	0.00682	0.00493	0.00429	0.00148	0.00645	0.00349	0.00267	0.00718
5	0.00721	0.00537	0.00723	0.00805	0.00891	0.00514	0.01882	0.00905	0.03181	0.01452	0.05377	0.48019	0.09686	0.01488	0.00669	0.00213	0.00359	0.21638	0.00483	0.00458
6	0.01029	0.00937	0.01536	0.71607	0.05992	0.01148	0.01390	0.04025	0.01099	0.01439	0.00971	0.01403	0.00732	0.00526	0.00514	0.00170	0.00668	0.00464	0.03755	0.00594
7	0.01084	0.04693	0.21123	0.01181	0.06571	0.04232	0.01081	0.01396	0.01195	0.07485	0.07946	0.11388	0.02032	0.00934	0.00572	0.00183	0.00533	0.20742	0.05012	0.00617
8	0.09053	0.01110	0.01482	0.01687	0.24403	0.01240	0.01068	0.04047	0.21795	0.10428	0.01366	0.01474	0.01054	0.00635	0.00697	0.00173	0.13894	0.00487	0.03150	0.00756
9	0.00748	0.00514	0.00599	0.00609	0.00690	0.00478	0.00406	0.00843	0.01035	0.03630	0.12797	0.19391	0.21179	0.30853	0.01363	0.00300	0.00362	0.00995	0.02795	0.00412
10	0.00982	0.00575	0.00682	0.00651	0.00799	0.00555	0.00489	0.01278	0.06143	0.08838	0.27646	0.12783	0.05299	0.00923	0.00519	0.00156	0.00281	0.00795	0.30070	0.00536
11	0.16483	0.01194	0.01990	0.14365	0.29028	0.01255	0.20079	0.04161	0.01153	0.01793	0.00945	0.01247	0.00747	0.00488	0.00540	0.00166	0.02919	0.00468	0.00275	0.00704
12	0.04328	0.01060	0.01210	0.00958	0.01321	0.05411	0.00780	0.17449	0.03264	0.47055	0.03168	0.01652	0.01230	0.00636	0.00502	0.00155	0.00475	0.00501	0.08030	0.00817
13	0.00642	0.00457	0.00602	0.00715	0.00743	0.00428	0.00473	0.00727	0.00982	0.01309	0.02791	0.76331	0.03344	0.06795	0.00793	0.00230	0.00315	0.01434	0.00473	0.00416
14	0.00753	0.00594	0.00683	0.00665	0.00829	0.00554	0.00515	0.02435	0.06432	0.01755	0.30971	0.04419	0.37638	0.01185	0.00618	0.00178	0.00295	0.08467	0.00519	0.00496
15	0.00729	0.00565	0.00813	0.05963	0.01078	0.00558	0.03648	0.00916	0.03512	0.01403	0.02694	0.58324	0.04945	0.01448	0.00655	0.00209	0.00377	0.11238	0.00459	0.00465
16	0.00645	0.00461	0.00617	0.00738	0.00772	0.00432	0.00502	0.00744	0.01008	0.01342	0.02864	0.77363	0.03421	0.01621	0.00668	0.00213	0.00312	0.05369	0.00483	0.00426
17	0.01005	0.00915	0.01491	0.60531	0.09560	0.01088	0.01326	0.03433	0.01134	0.01482	0.06581	0.01836	0.03167	0.00617	0.00538	0.00174	0.00632	0.03615	0.00283	0.00594
18	0.01748	0.02131	0.01506	0.10986	0.06479	0.60347	0.01083	0.02004	0.06309	0.01365	0.00915	0.01079	0.00742	0.00541	0.00482	0.00143	0.00856	0.00375	0.00280	0.00628
19	0.01197	0.01151	0.01981	0.25982	0.53942	0.01216	0.03925	0.01521	0.01144	0.01591	0.00966	0.01322	0.00785	0.00480	0.00520	0.00161	0.00649	0.00468	0.00250	0.00748
20	0.06043	0.21848	0.09911	0.06076	0.14526	0.24418	0.01172	0.07404	0.01301	0.01585	0.00864	0.01033	0.00707	0.00500	0.00445	0.00141	0.00702	0.00362	0.00270	0.00692
21	0.00730	0.00521	0.00639	0.00670	0.00785	0.00470	0.00491	0.00880	0.01187	0.04295	0.20069	0.30876	0.26571	0.03095	0.00680	0.00197	0.00300	0.06578	0.00505	0.00461
22	0.00648	0.00520	0.00580	0.00584	0.00729	0.00451	0.00431	0.00804	0.01236	0.01569	0.23355	0.14172	0.50502	0.01293	0.00621	0.00177	0.00264	0.01107	0.00506	0.00451
23	0.01469	0.40340	0.05989	0.00998	0.01434	0.06188	0.00922	0.14388	0.07731	0.02960	0.00994	0.01067	0.00806	0.00500	0.00408	0.00125	0.00555	0.00353	0.00320	0.12453
24	0.01506	0.01001	0.01165	0.00908	0.01289	0.00931	0.00736	0.22706	0.01553	0.16798	0.01738	0.05626	0.07111	0.00678	0.00495	0.00136	0.00440	0.03619	0.00461	0.31102
25	0.11210	0.01202	0.12133	0.00958	0.01287	0.03221	0.00851	0.06018	0.24793	0.07440	0.02234	0.10101	0.12973	0.02574	0.00570	0.00180	0.00457	0.00675	0.00445	0.00678
26	0.03216	0.17309	0.14291	0.02058	0.01692	0.02846	0.11205	0.11531	0.11896	0.10222	0.02742	0.01618	0.03506	0.00607	0.00500	0.00158	0.00593	0.02888	0.00380	0.00742
27	0.00891	0.00659	0.00758	0.00792	0.00904	0.03858	0.00564	0.01180	0.10696	0.06507	0.10041	0.52879	0.05554	0.01341	0.00624	0.00195	0.00345	0.01194	0.00499	0.00518
28	0.00665	0.00484	0.00631	0.00726	0.00788	0.00450	0.00515	0.00790	0.01081	0.01431	0.09962	0.58779	0.10534	0.01529	0.00662	0.00207	0.00313	0.09525	0.00491	0.00437
29	0.03670	0.13311	0.20896	0.01470	0.04025	0.06724	0.18893	0.06980	0.08608	0.08745	0.01156	0.01273	0.00856	0.00519	0.00502	0.00157	0.00685	0.00457	0.00326	0.00748
30	0.00925	0.00721	0.00823	0.00828	0.00977	0.00760	0.00604	0.06069	0.23837	0.01731	0.02711	0.43413	0.09072	0.01231	0.00601	0.00191	0.00346	0.01085	0.03501	0.00575
31	0.00821	0.00513	0.00617	0.00637	0.00682	0.00493	0.00402	0.00874	0.00903	0.06166	0.02176	0.27983	0.04797	0.46378	0.01758	0.00369	0.00422	0.00975	0.02639	0.00395
32	0.00761	0.00511	0.00608	0.00630	0.00649	0.00507	0.00397	0.00795	0.00843	0.01123	0.03898	0.09713	0.02193	0.61937	0.02205	0.02820	0.00478	0.09236	0.00352	0.00345
33	0.01134	0.01676	0.29174	0.01346	0.06729	0.03091	0.07868	0.01618	0.07186	0.01705	0.01035	0.01194	0.00799	0.00464	0.00467	0.00132	0.00598	0.00396	0.00286	0.33104
34	0.00631	0.00466	0.00591	0.00692	0.00747	0.00426	0.00469	0.00729	0.01029	0.01342	0.03276	0.68479	0.16062	0.01579	0.00656	0.00205	0.00296	0.01416	0.00483	0.00426
35	0.00757	0.00630	0.01031	0.00954	0.01078	0.00599	0.13184	0.00914	0.01038	0.01396	0.06742	0.49195	0.05226	0.08526	0.05918	0.00268	0.00482	0.01170	0.00424	0.00467
36	0.01059	0.00905	0.01232	0.26162	0.07656	0.00978	0.00966	0.08272	0.11562	0.01814	0.14237	0.03965	0.10254	0.00741	0.00539	0.00162	0.00483	0.00638	0.00396	0.07978
37	0.01172	0.00755	0.00861	0.00841	0.04716	0.00781	0.00602	0.11916	0.10033	0.06177	0.06491	0.08267	0.05373	0.04132	0.00566	0.00164	0.00354	0.00641	0.35552	0.00604

[dist]
# distance from previous block
# <min> <max>
2	14

[block]
# block no. 3 follows, 47 sequences, length 40
# corresponding to MSA columns:
# 250-271,274-291
name=unknown_D
#
# <colnr> <probs for GDERKNQSTAVLIFYWHMCP>
#	G	D	E	R	K	N	Q	S	T	A	V	L	I	F	Y	W	H	M	C	P
0	0.01315	0.01184	0.01962	0.15442	0.59631	0.01223	0.01511	0.05172	0.01235	0.04826	0.01027	0.01323	0.00825	0.00488	0.00517	0.00158	0.00622	0.00466	0.00282	0.00791
1	0.01495	0.01195	0.05541	0.01096	0.01413	0.10135	0.07412	0.08279	0.12379	0.20231	0.12646	0.10102	0.01888	0.00865	0.02738	0.00186	0.00547	0.00666	0.00480	0.00706
2	0.00662	0.00472	0.00624	0.00715	0.00760	0.00443	0.00488	0.00776	0.01062	0.01433	0.13808	0.63933	0.03571	0.05315	0.00753	0.00219	0.00309	0.03740	0.00489	0.00430
3	0.01006	0.00949	0.01603	0.74732	0.09125	0.01163	0.01457	0.01350	0.01052	0.01358	0.00930	0.01381	0.00704	0.00516	0.00520	0.00172	0.00689	0.00463	0.00233	0.00597
4	0.01438	0.03572	0.06990	0.02227	0.40390	0.02818	0.05245	0.08815	0.13087	0.08332	0.01260	0.01401	0.00967	0.00533	0.00517	0.00159	0.00596	0.00484	0.00353	0.00817
5	0.00886	0.00697	0.00891	0.00847	0.00978	0.00720	0.04719	0.04251	0.15059	0.01526	0.03970	0.27408	0.06694	0.21379	0.04775	0.00301	0.00469	0.03489	0.00432	0.00510
6	0.00859	0.00532	0.00669	0.00700	0.00819	0.00475	0.00499	0.00981	0.01129	0.11622	0.06395	0.48778	0.21770	0.01401	0.00632	0.00194	0.00309	0.01238	0.00508	0.00491
7	0.00873	0.00771	0.03976	0.11201	0.04916	0.00764	0.07992	0.01076	0.00934	0.01320	0.01429	0.06191	0.01395	0.22840	0.24881	0.00457	0.00816	0.00634	0.07043	0.00490
8	0.08231	0.04432	0.05293	0.01321	0.03670	0.06651	0.11630	0.18019	0.18064	0.06115	0.01365	0.01438	0.02486	0.00624	0.00623	0.00168	0.08226	0.00494	0.00399	0.00747
9	0.01300	0.01207	0.01611	0.01600	0.14819	0.04245	0.04645	0.11407	0.12087	0.01734	0.01107	0.01447	0.00951	0.05232	0.03142	0.00223	0.31736	0.00500	0.00324	0.00683
10	0.00634	0.00518	0.00561	0.00573	0.00721	0.00444	0.00421	0.00775	0.01197	0.01485	0.14495	0.15782	0.57924	0.01330	0.00622	0.00179	0.00267	0.01133	0.00495	0.00444
11	0.00872	0.00675	0.00856	0.00914	0.07078	0.00655	0.00618	0.08375	0.03115	0.01894	0.33867	0.20344	0.16456	0.01132	0.00606	0.00175	0.00327	0.00993	0.00507	0.00540
12	0.03055	0.01201	0.01439	0.01174	0.01482	0.04913	0.05894	0.22245	0.16055	0.17685	0.01580	0.05369	0.01234	0.00734	0.00693	0.00176	0.11134	0.02695	0.00474	0.00768
13	0.01326	0.48126	0.05193	0.00963	0.01326	0.01664	0.00894	0.11415	0.04823	0.01576	0.01185	0.12961	0.01154	0.00684	0.00493	0.00143	0.04580	0.00511	0.00316	0.00667
14	0.00628	0.00503	0.00561	0.00600	0.00724	0.00436	0.00430	0.00751	0.01137	0.01413	0.07903	0.30579	0.49685	0.01412	0.00632	0.00187	0.00276	0.01220	0.00488	0.00436
15	0.01178	0.01124	0.01913	0.31314	0.51201	0.01208	0.01543	0.01501	0.01133	0.01566	0.00960	0.01325	0.00777	0.00485	0.00517	0.00162	0.00646	0.00464	0.00248	0.00735
16	0.01565	0.01668	0.03015	0.22981	0.09798	0.31445	0.01180	0.10861	0.07334	0.03696	0.01046	0.01236	0.00806	0.00551	0.00501	0.00154	0.00739	0.00424	0.00317	0.00681
17	0.01211	0.00781	0.00940	0.00864	0.01083	0.00778	0.00700	0.16403	0.02633	0.12053	0.12713	0.10699	0.13274	0.01081	0.00604	0.00186	0.00406	0.19385	0.03595	0.00610
18	0.01832	0.02275	0.01420	0.01293	0.01555	0.69339	0.00974	0.02076	0.07535	0.01344	0.00940	0.01076	0.00776	0.00721	0.04479	0.00173	0.00920	0.00367	0.00290	0.00614
19	0.01615	0.01105	0.01594	0.01491	0.12845	0.02592	0.10944	0.14115	0.06703	0.23847	0.01650	0.10136	0.01344	0.00731	0.00614	0.00173	0.04603	0.02674	0.00459	0.00766
20	0.03998	0.01239	0.02020	0.04872	0.60823	0.04060	0.07477	0.01591	0.01181	0.01707	0.01009	0.01309	0.00833	0.00475	0.00507	0.00154	0.00626	0.00467	0.04878	0.00773
21	0.06611	0.01163	0.01511	0.01323	0.05344	0.03487	0.07057	0.13068	0.12039	0.06943	0.01275	0.01477	0.02696	0.00973	0.07232	0.00238	0.26008	0.00503	0.00364	0.00687
22	0.01240	0.01177	0.01927	0.09032	0.59586	0.01211	0.02913	0.01679	0.09747	0.01714	0.01256	0.01504	0.03625	0.00525	0.00523	0.00160	0.00594	0.00503	0.00294	0.00789
23	0.01780	0.20602	0.01850	0.01285	0.01608	0.57595	0.05117	0.01938	0.01367	0.01285	0.00800	0.00941	0.00677	0.00510	0.00447	0.00131	0.00848	0.00338	0.00258	0.00624
24	0.01272	0.08817	0.08490	0.01322	0.01599	0.10549	0.12285	0.03047	0.05335	0.04371	0.07053	0.01775	0.02654	0.00744	0.00869	0.00181	0.23436	0.05240	0.00321	0.00638
25	0.01257	0.01133	0.01867	0.11916	0.52922	0.01146	0.03337	0.01611	0.04603	0.04995	0.02537	0.03462	0.01003	0.00525	0.00518	0.00156	0.00589	0.00502	0.00298	0.05622
26	0.00884	0.00636	0.00886	0.02961	0.05735	0.00623	0.02185	0.03029	0.04377	0.05784	0.09234	0.45605	0.04717	0.01309	0.00635	0.00199	0.00377	0.09822	0.00478	0.00524
27	0.01763	0.02196	0.01373	0.01292	0.02786	0.67944	0.00948	0.01894	0.01408	0.01289	0.01078	0.11456	0.01036	0.00679	0.00496	0.00145	0.00850	0.00487	0.00296	0.00584
28	0.05570	0.01063	0.01454	0.35106	0.10483	0.02612	0.01160	0.12686	0.10686	0.07002	0.02691	0.01473	0.00970	0.00624	0.00576	0.03739	0.00588	0.00481	0.00353	0.00684
29	0.01492	0.01053	0.01312	0.01368	0.15282	0.03122	0.00915	0.10577	0.22570	0.17752	0.15901	0.02093	0.01919	0.00711	0.00541	0.00164	0.00458	0.01493	0.00503	0.00772
30	0.00716	0.00543	0.00668	0.00708	0.00814	0.00516	0.00516	0.00960	0.06435	0.01613	0.22626	0.36186	0.18131	0.01349	0.00637	0.00192	0.00300	0.06107	0.00509	0.00475
31	0.01177	0.01314	0.02817	0.08384	0.02683	0.01255	0.66375	0.01589	0.01201	0.01623	0.01143	0.05782	0.00928	0.00511	0.00610	0.00177	0.00832	0.00650	0.00273	0.00677
32	0.05192	0.01722	0.01330	0.01162	0.01472	0.36711	0.00900	0.07978	0.22562	0.13673	0.01392	0.01365	0.01032	0.00605	0.00493	0.00153	0.00667	0.00442	0.00420	0.00728
33	0.00830	0.00543	0.00661	0.00652	0.00737	0.00519	0.00441	0.00965	0.02729	0.06302	0.20278	0.16815	0.09783	0.32751	0.03450	0.00324	0.00404	0.00932	0.00445	0.00438
34	0.00724	0.00496	0.00648	0.00752	0.00819	0.00475	0.00558	0.00871	0.01064	0.01459	0.02775	0.51042	0.05158	0.01458	0.00643	0.00207	0.00339	0.20038	0.10028	0.00445
35	0.00836	0.00599	0.00746	0.00716	0.00767	0.00654	0.00487	0.04989	0.00876	0.01204	0.01506	0.02786	0.01610	0.50470	0.25744	0.00575	0.04051	0.00669	0.00312	0.00402
36	0.10855	0.03357	0.02819	0.01352	0.11074	0.20283	0.00962	0.11599	0.21894	0.04910	0.01394	0.01422	0.02978	0.00597	0.00483	0.00155	0.00592	0.00457	0.00394	0.02424
37	0.00812	0.00623	0.00896	0.01131	0.11035	0.00609	0.00767	0.00991	0.01102	0.01462	0.02610	0.31930	0.05849	0.05467	0.00768	0.00230	0.00427	0.32353	0.00444	0.00495
38	0.00666	0.00487	0.00628	0.00698	0.00771	0.00449	0.00493	0.00804	0.01138	0.01522	0.20202	0.51063	0.12503	0.01457	0.00650	0.00198	0.00294	0.05030	0.00504	0.00443
39	0.01249	0.04374	0.13572	0.11937	0.24367	0.01273	0.15681	0.03274	0.13582	0.03766	0.01190	0.01397	0.00909	0.00518	0.00528	0.00165	0.00659	0.00496	0.00308	0.00759

[dist]
# distance from previous block
# <min> <max>
1	27

[block]
# block no. 4 follows, 47 sequences, length 22
# corresponding to MSA columns:
# 325-346
name=unknown_E
#
# <colnr> <probs for GDERKNQSTAVLIFYWHMCP>
#	G	D	E	R	K	N	Q	S	T	A	V	L	I	F	Y	W	H	M	C	P
0	0.06596	0.09454	0.05191	0.14899	0.04866	0.25195	0.01058	0.07659	0.08468	0.06494	0.02654	0.01256	0.00904	0.00554	0.00473	0.00149	0.00671	0.00414	0.00333	0.02712
1	0.06868	0.05395	0.15169	0.01263	0.07218	0.01306	0.01091	0.31571	0.04627	0.08239	0.05109	0.01369	0.01065	0.00582	0.00490	0.00151	0.00553	0.00454	0.00418	0.07063
2	0.04581	0.01103	0.05247	0.05139	0.06104	0.02939	0.00863	0.12373	0.19450	0.07647	0.04471	0.04698	0.14349	0.00758	0.00524	0.00161	0.00460	0.00625	0.00447	0.08061
3	0.01463	0.01114	0.07657	0.07512	0.16725	0.00974	0.06304	0.05961	0.03900	0.23148	0.15567	0.01916	0.01709	0.00644	0.00539	0.00160	0.00521	0.00573	0.00443	0.03169
4	0.21349	0.00868	0.01038	0.00835	0.01182	0.00822	0.00683	0.02100	0.01348	0.50981	0.11794	0.01838	0.01600	0.00663	0.00489	0.00161	0.00408	0.00523	0.00561	0.00760
5	0.01006	0.00908	0.01457	0.16509	0.35051	0.00936	0.01176	0.01264	0.01141	0.01541	0.03433	0.12909	0.10331	0.00850	0.00573	0.00178	0.00527	0.09234	0.00340	0.00636
6	0.00983	0.00717	0.03732	0.12332	0.01323	0.00701	0.00758	0.01179	0.08530	0.05140	0.03480	0.07147	0.06210	0.01297	0.01144	0.32466	0.00473	0.11579	0.00353	0.00456
7	0.02134	0.01056	0.01298	0.01002	0.01394	0.01031	0.00825	0.26935	0.01806	0.49812	0.05830	0.01713	0.01348	0.00660	0.00528	0.00160	0.00476	0.00528	0.00600	0.00865
8	0.00847	0.00807	0.08550	0.00842	0.01042	0.00629	0.04389	0.01130	0.04911	0.04722	0.26909	0.24646	0.10738	0.04922	0.00700	0.00195	0.00374	0.00983	0.02135	0.00529
9	0.01084	0.24351	0.01698	0.06208	0.21177	0.01203	0.00969	0.01348	0.04717	0.01473	0.03992	0.16565	0.08660	0.00824	0.00512	0.00160	0.00488	0.03598	0.00339	0.00632
10	0.00735	0.00574	0.00677	0.00692	0.00826	0.00544	0.00516	0.01026	0.08658	0.01658	0.23885	0.22834	0.27629	0.01274	0.00626	0.00186	0.00298	0.06359	0.00512	0.00490
11	0.00938	0.00681	0.00822	0.00843	0.00994	0.00704	0.00652	0.01432	0.20169	0.04811	0.08060	0.27393	0.06803	0.01209	0.00617	0.00198	0.00367	0.18088	0.04655	0.00564
12	0.00900	0.00717	0.01032	0.22678	0.06486	0.00737	0.03220	0.01135	0.01166	0.04653	0.08915	0.05858	0.28951	0.00899	0.00552	0.00167	0.00429	0.00776	0.10194	0.00537
13	0.01175	0.23215	0.51119	0.01333	0.03959	0.04572	0.01553	0.01626	0.01106	0.01536	0.00903	0.01060	0.00691	0.00487	0.00448	0.00148	0.00698	0.00361	0.03282	0.00728
14	0.09106	0.00534	0.00657	0.00738	0.00818	0.00519	0.00516	0.00904	0.01016	0.05257	0.02615	0.67298	0.03040	0.01464	0.00625	0.00205	0.00324	0.03429	0.00475	0.00461
15	0.00865	0.00592	0.00837	0.00804	0.00831	0.00685	0.00584	0.00849	0.00756	0.01063	0.01150	0.01990	0.01170	0.17025	0.24576	0.32716	0.12350	0.00540	0.00258	0.00361
16	0.01165	0.01157	0.01823	0.42504	0.30224	0.05889	0.04824	0.01484	0.01121	0.01473	0.00937	0.01320	0.00744	0.00508	0.00550	0.00166	0.02728	0.00462	0.00244	0.00674
17	0.01104	0.01048	0.01779	0.50076	0.33018	0.01189	0.01506	0.01436	0.01098	0.01476	0.00947	0.01349	0.00746	0.00498	0.00519	0.00166	0.00665	0.00463	0.00242	0.00675
18	0.19137	0.01560	0.01805	0.08525	0.14237	0.24055	0.18355	0.01709	0.01196	0.01661	0.00881	0.01126	0.00703	0.00498	0.00511	0.00158	0.02536	0.00422	0.00273	0.00651
19	0.00682	0.00525	0.00593	0.00579	0.00705	0.00469	0.00414	0.00830	0.01210	0.01571	0.29700	0.04342	0.39510	0.15459	0.00975	0.00230	0.00300	0.00984	0.00485	0.00435
20	0.00878	0.00452	0.00671	0.00683	0.00686	0.00449	0.00455	0.00683	0.00710	0.00947	0.01099	0.09474	0.01156	0.01792	0.01900	0.76477	0.00437	0.00554	0.00252	0.00246
21	0.03084	0.05351	0.01386	0.08072	0.09129	0.23871	0.00936	0.07563	0.17449	0.01667	0.03178	0.01672	0.01179	0.12320	0.00805	0.00204	0.00638	0.00495	0.00352	0.00650

[dist]
# distance from previous block
# <min> <max>
0	1

[block]
# block no. 5 follows, 47 sequences, length 9
# corresponding to MSA columns:
# 348,349,353-359
name=unknown_F
#
# <colnr> <probs for GDERKNQSTAVLIFYWHMCP>
#	G	D	E	R	K	N	Q	S	T	A	V	L	I	F	Y	W	H	M	C	P
0	0.01431	0.76483	0.02642	0.00922	0.01356	0.07451	0.00899	0.01596	0.01087	0.01229	0.00730	0.00843	0.00668	0.00452	0.00344	0.00113	0.00583	0.00282	0.00226	0.00664
1	0.01874	0.05803	0.14572	0.01081	0.01548	0.01037	0.03395	0.10985	0.03698	0.43339	0.01697	0.01585	0.02787	0.00607	0.00508	0.00157	0.00527	0.00490	0.00503	0.03807
2	0.01194	0.01140	0.01942	0.27238	0.55151	0.01212	0.01551	0.01515	0.01141	0.01586	0.00963	0.01320	0.00784	0.00482	0.00517	0.00161	0.00642	0.00464	0.00250	0.00748
3	0.01466	0.01100	0.01206	0.01026	0.01362	0.01196	0.00811	0.09115	0.53602	0.11950	0.01915	0.01774	0.01408	0.00659	0.00514	0.00163	0.00428	0.00542	0.00522	0.09241
4	0.01151	0.00647	0.00832	0.00733	0.00931	0.00603	0.00568	0.01461	0.06086	0.19734	0.51977	0.03181	0.03688	0.00922	0.00575	0.00162	0.00301	0.00800	0.05046	0.00602
5	0.01783	0.11448	0.12198	0.01271	0.01652	0.46681	0.01104	0.10737	0.01491	0.05653	0.00932	0.01030	0.00727	0.00537	0.00466	0.00140	0.00803	0.00361	0.00306	0.00682
6	0.01021	0.00599	0.00744	0.00674	0.00866	0.00528	0.00517	0.01214	0.01364	0.17540	0.36000	0.07710	0.27033	0.01087	0.00599	0.00169	0.00295	0.00933	0.00555	0.00553
7	0.00700	0.00542	0.00650	0.00694	0.00832	0.00493	0.00551	0.00873	0.01205	0.01524	0.12763	0.13008	0.39082	0.01358	0.00652	0.00198	0.00331	0.23596	0.00493	0.00456
8	0.01567	0.01020	0.04025	0.01428	0.19156	0.00966	0.00945	0.05574	0.14461	0.25999	0.05096	0.01762	0.01361	0.00620	0.00501	0.00156	0.00456	0.00526	0.13601	0.00777

[dist]
# distance from previous block
# <min> <max>
0	1

[block]
# block no. 6 follows, 47 sequences, length 26
# corresponding to MSA columns:
# 361-386
name=unknown_G
#
# <colnr> <probs for GDERKNQSTAVLIFYWHMCP>
#	G	D	E	R	K	N	Q	S	T	A	V	L	I	F	Y	W	H	M	C	P
0	0.01236	0.11478	0.15310	0.01141	0.01535	0.01204	0.07732	0.04035	0.26974	0.07040	0.05431	0.08585	0.04601	0.00727	0.00525	0.00167	0.00519	0.00622	0.00416	0.00724
1	0.14044	0.00901	0.01104	0.00879	0.01239	0.00850	0.00718	0.07304	0.01425	0.55024	0.01836	0.05816	0.01274	0.00671	0.00495	0.00162	0.00429	0.00534	0.04499	0.00797
2	0.01294	0.00680	0.00744	0.00652	0.00849	0.00685	0.00506	0.12052	0.01322	0.12859	0.01682	0.01898	0.01294	0.04898	0.00529	0.00152	0.00331	0.00503	0.56479	0.00589
3	0.00715	0.00481	0.00580	0.00632	0.00652	0.00468	0.00392	0.00767	0.00880	0.01199	0.02182	0.37477	0.02543	0.42341	0.01660	0.00356	0.00402	0.01060	0.04841	0.00372
4	0.03105	0.01196	0.01482	0.01301	0.05476	0.01431	0.01023	0.31589	0.01555	0.04691	0.03444	0.01573	0.01062	0.00781	0.00980	0.00188	0.31129	0.04586	0.02698	0.00711
5	0.05983	0.13905	0.04334	0.01795	0.28393	0.04921	0.05691	0.05462	0.01213	0.03832	0.00952	0.01143	0.00775	0.00461	0.00452	0.00132	0.00574	0.00393	0.00291	0.19299
6	0.01426	0.08454	0.01296	0.01013	0.01263	0.25917	0.00796	0.11124	0.06727	0.04081	0.16606	0.02136	0.09379	0.03379	0.00636	0.00165	0.03992	0.00584	0.00407	0.00620
7	0.01461	0.01394	0.09769	0.01215	0.05719	0.06943	0.00992	0.19573	0.26653	0.06198	0.09604	0.01739	0.01515	0.00660	0.00521	0.00160	0.00522	0.00535	0.00461	0.04367
8	0.01213	0.01160	0.01976	0.22450	0.59791	0.01217	0.01560	0.01532	0.01150	0.01609	0.00966	0.01314	0.00792	0.00478	0.00517	0.00159	0.00637	0.00464	0.00251	0.00763
9	0.00686	0.00530	0.00625	0.00601	0.00746	0.00470	0.00451	0.00883	0.01353	0.01800	0.47387	0.04364	0.35882	0.01172	0.00615	0.00169	0.00253	0.01008	0.00535	0.00470
10	0.00857	0.00685	0.01104	0.01011	0.01189	0.00652	0.12692	0.01084	0.01194	0.03637	0.14930	0.19892	0.09859	0.01362	0.05014	0.00236	0.00498	0.23135	0.00455	0.00512
11	0.07287	0.00685	0.00754	0.00705	0.00876	0.02508	0.00541	0.05717	0.03284	0.01984	0.44122	0.06290	0.18532	0.01055	0.00586	0.00169	0.00312	0.03551	0.00518	0.00519
12	0.15039	0.00995	0.01169	0.00924	0.01309	0.00974	0.00757	0.10676	0.09228	0.46359	0.01702	0.01549	0.01133	0.00609	0.00485	0.00158	0.00445	0.00475	0.00550	0.05465
13	0.26163	0.01008	0.01101	0.00884	0.01246	0.01036	0.00726	0.15491	0.03994	0.36080	0.01507	0.01427	0.01020	0.00594	0.00456	0.00158	0.00442	0.00444	0.05457	0.00767
14	0.00718	0.00520	0.00654	0.00695	0.00792	0.00483	0.00504	0.00862	0.01161	0.03580	0.19333	0.39906	0.20685	0.01389	0.00663	0.00194	0.01923	0.04977	0.00501	0.00459
15	0.01261	0.01148	0.01845	0.25343	0.24207	0.01258	0.10470	0.13514	0.03165	0.01811	0.01109	0.01526	0.00898	0.00680	0.03265	0.00193	0.04121	0.03168	0.00307	0.00711
16	0.00757	0.00505	0.00568	0.00568	0.00568	0.00505	0.00316	0.00757	0.00757	0.01010	0.01641	0.03408	0.01893	0.81698	0.02651	0.00505	0.00505	0.00757	0.00316	0.00316
17	0.00738	0.00497	0.00574	0.00593	0.00598	0.00492	0.00342	0.00752	0.00796	0.01061	0.01837	0.15876	0.02141	0.68892	0.02333	0.00458	0.00472	0.00873	0.00342	0.00333
18	0.00642	0.00458	0.00613	0.00733	0.00767	0.00429	0.00496	0.00738	0.01004	0.01338	0.02866	0.78663	0.03428	0.01625	0.00667	0.00213	0.00308	0.04104	0.00483	0.00425
19	0.72810	0.13128	0.01059	0.00716	0.01056	0.01302	0.00613	0.01535	0.00912	0.02170	0.00725	0.00844	0.00580	0.00478	0.00324	0.00154	0.00426	0.00281	0.00307	0.00580
20	0.12232	0.04499	0.01369	0.03452	0.12737	0.01178	0.00923	0.19197	0.06026	0.11415	0.04933	0.01545	0.01165	0.01134	0.13183	0.00268	0.03132	0.00486	0.00406	0.00718
21	0.01267	0.49771	0.22200	0.01047	0.01537	0.01670	0.01127	0.05655	0.01140	0.01458	0.00999	0.08117	0.00926	0.00574	0.00416	0.00137	0.00590	0.00424	0.00262	0.00685
22	0.01339	0.04989	0.20376	0.04813	0.25570	0.12636	0.07770	0.03965	0.03806	0.02793	0.00986	0.01205	0.00776	0.00514	0.00553	0.00157	0.04121	0.00433	0.00271	0.02927
23	0.01274	0.10205	0.40346	0.01329	0.04569	0.01212	0.05201	0.08792	0.01271	0.09556	0.01453	0.01576	0.07385	0.02913	0.00563	0.00169	0.00645	0.00482	0.00321	0.00740
24	0.02352	0.07678	0.29335	0.18489	0.06390	0.05036	0.07897	0.01555	0.01128	0.04815	0.01125	0.05755	0.00934	0.00584	0.00510	0.00164	0.00685	0.02521	0.00274	0.02772
25	0.03506	0.28079	0.30199	0.01555	0.11172	0.05130	0.10350	0.01633	0.01124	0.01521	0.00874	0.01059	0.00696	0.00470	0.00454	0.00146	0.00693	0.00382	0.00236	0.00722

[dist]
# distance from previous block
# <min> <max>
14	28

[block]
# block no. 7 follows, 47 sequences, length 31
# corresponding to MSA columns:
# 436-466
name=unknown_H
#
# <colnr> <probs for GDERKNQSTAVLIFYWHMCP>
#	G	D	E	R	K	N	Q	S	T	A	V	L	I	F	Y	W	H	M	C	P
0	0.00866	0.00631	0.00869	0.01032	0.10484	0.00598	0.00663	0.01079	0.03514	0.06045	0.18121	0.34585	0.12105	0.01236	0.00621	0.00188	0.00349	0.05996	0.00484	0.00531
1	0.03202	0.00896	0.04342	0.13222	0.17334	0.00851	0.01053	0.01432	0.01198	0.13151	0.06061	0.11345	0.01955	0.00923	0.00588	0.00189	0.00512	0.20698	0.00413	0.00634
2	0.01054	0.00972	0.01186	0.01085	0.01176	0.05791	0.00881	0.04564	0.03503	0.01546	0.11579	0.09832	0.06337	0.01062	0.01088	0.00207	0.34787	0.12427	0.00375	0.00548
3	0.07934	0.01158	0.01832	0.12309	0.06276	0.03192	0.20940	0.06458	0.01288	0.23514	0.01259	0.01410	0.00895	0.00574	0.00647	0.00172	0.08527	0.00503	0.00383	0.00729
4	0.02711	0.01070	0.01298	0.05373	0.09863	0.12139	0.05405	0.03589	0.01215	0.08812	0.07994	0.02385	0.04778	0.03857	0.14395	0.00299	0.04637	0.09211	0.00369	0.00601
5	0.27906	0.01240	0.06864	0.17723	0.18478	0.03444	0.05313	0.05263	0.02479	0.05298	0.00965	0.01183	0.00735	0.00505	0.00459	0.00163	0.00586	0.00410	0.00305	0.00681
6	0.00949	0.00738	0.00800	0.00739	0.00931	0.03141	0.00561	0.01414	0.17879	0.06077	0.31352	0.03572	0.25253	0.03479	0.00649	0.00179	0.00328	0.00864	0.00524	0.00568
7	0.14288	0.01845	0.01285	0.01133	0.01426	0.46134	0.00872	0.08873	0.01463	0.10231	0.03529	0.03080	0.02471	0.00606	0.00470	0.00147	0.00721	0.00421	0.00360	0.00644
8	0.01367	0.01158	0.01912	0.06894	0.61115	0.01160	0.01438	0.03587	0.01255	0.09334	0.04853	0.01468	0.01065	0.00518	0.00522	0.00157	0.00586	0.00493	0.00317	0.00803
9	0.04725	0.01252	0.01966	0.02791	0.63740	0.01283	0.01461	0.10964	0.03385	0.01936	0.01034	0.01284	0.00843	0.00491	0.00509	0.00156	0.00599	0.00461	0.00300	0.00822
10	0.02625	0.01189	0.01380	0.03413	0.14091	0.02516	0.00983	0.10357	0.52789	0.02184	0.01769	0.01716	0.01338	0.00647	0.00522	0.00170	0.00478	0.00544	0.00470	0.00817
11	0.03804	0.01180	0.01805	0.24625	0.42704	0.02899	0.01418	0.07653	0.05647	0.01762	0.01041	0.01331	0.00826	0.00509	0.00511	0.00161	0.00625	0.00463	0.00289	0.00748
12	0.05435	0.01234	0.01987	0.05239	0.66260	0.01262	0.01494	0.07609	0.01268	0.01848	0.00987	0.01267	0.00813	0.00480	0.00507	0.00156	0.00607	0.00455	0.00281	0.00810
13	0.07005	0.01170	0.01681	0.38768	0.28982	0.07026	0.01380	0.03122	0.03059	0.01586	0.00958	0.01294	0.00755	0.00507	0.00502	0.00163	0.00657	0.00445	0.00263	0.00677
14	0.05933	0.07342	0.18439	0.02027	0.27839	0.02798	0.14254	0.02757	0.03815	0.04954	0.02451	0.01398	0.00925	0.00519	0.00511	0.00160	0.00660	0.02174	0.00292	0.00752
15	0.01438	0.01293	0.06131	0.09792	0.51957	0.04824	0.01447	0.01743	0.01228	0.13436	0.01128	0.01345	0.00868	0.00502	0.00514	0.00157	0.00622	0.00463	0.00313	0.00798
16	0.02845	0.01281	0.05023	0.12395	0.33612	0.05577	0.13860	0.02817	0.02395	0.08974	0.01245	0.01567	0.02684	0.00545	0.00535	0.00164	0.00659	0.02768	0.00312	0.00741
