[name]
unknown

[dist]
# distance from previous block
# <min> <max>
15	396

[block]
# block no. 0 follows, 52 sequences, length 8
# corresponding to MSA columns:
# 485-492
name=unknown_A
#
# <colnr> <probs for GDERKNQSTAVLIFYWHMCP>
#	G	D	E	R	K	N	Q	S	T	A	V	L	I	F	Y	W	H	M	C	P
0	0.01434	0.00915	0.01129	0.04408	0.01321	0.03225	0.03214	0.09874	0.05857	0.25563	0.01622	0.06091	0.03614	0.00644	0.00477	0.00138	0.00437	0.06006	0.00435	0.23597
1	0.49840	0.05062	0.01133	0.04739	0.04734	0.04015	0.05534	0.06162	0.09225	0.02011	0.02948	0.01068	0.00787	0.00492	0.00377	0.00149	0.00455	0.00355	0.00321	0.00592
2	0.24993	0.15985	0.31086	0.00973	0.01447	0.01169	0.01071	0.01539	0.01021	0.10063	0.05757	0.01141	0.00897	0.00497	0.00399	0.00143	0.00524	0.00360	0.00294	0.00642
3	0.01304	0.01214	0.11591	0.03806	0.08329	0.01094	0.00964	0.17362	0.25134	0.08579	0.04863	0.04037	0.03654	0.00627	0.00487	0.00151	0.00470	0.00520	0.00419	0.05391
4	0.00833	0.00794	0.04689	0.04381	0.01168	0.00674	0.05475	0.01092	0.03876	0.01545	0.17002	0.09475	0.16557	0.00818	0.00552	0.00143	0.03840	0.02968	0.00378	0.23740
5	0.05083	0.01403	0.20659	0.26181	0.02169	0.06070	0.07795	0.08147	0.03910	0.01574	0.02623	0.03460	0.04703	0.02293	0.00542	0.00164	0.01855	0.00481	0.00280	0.00609
6	0.01120	0.00923	0.04298	0.00768	0.00971	0.07263	0.00631	0.14253	0.05840	0.01906	0.09195	0.01926	0.07077	0.00670	0.00502	0.00138	0.05414	0.00520	0.36030	0.00556
7	0.01422	0.02468	0.03167	0.06986	0.03499	0.01241	0.02415	0.41525	0.13099	0.02359	0.04404	0.09071	0.01271	0.00682	0.00517	0.00155	0.02008	0.00556	0.02439	0.00715

[dist]
# distance from previous block
# <min> <max>
6	77

[block]
# block no. 1 follows, 52 sequences, length 10
# corresponding to MSA columns:
# 635-644
name=unknown_B
#
# <colnr> <probs for GDERKNQSTAVLIFYWHMCP>
#	G	D	E	R	K	N	Q	S	T	A	V	L	I	F	Y	W	H	M	C	P
0	0.06054	0.04188	0.02482	0.04218	0.05210	0.03733	0.04196	0.20847	0.06235	0.06667	0.08257	0.05616	0.01375	0.06319	0.00629	0.00166	0.01803	0.01837	0.00389	0.09777
1	0.08184	0.06665	0.03235	0.05034	0.11245	0.04918	0.00859	0.12382	0.05702	0.08100	0.01489	0.09074	0.06694	0.03050	0.00600	0.00160	0.06112	0.00540	0.00357	0.05600
2	0.12601	0.02520	0.03771	0.02811	0.03730	0.08244	0.06122	0.11421	0.03359	0.07565	0.04885	0.13423	0.03356	0.00734	0.00568	0.00158	0.07056	0.01839	0.02480	0.03357
3	0.04630	0.00906	0.04629	0.04195	0.03667	0.00814	0.02175	0.11915	0.06248	0.01759	0.07125	0.10969	0.09151	0.03303	0.00540	0.00148	0.00406	0.02794	0.00376	0.24250
4	0.01002	0.07233	0.47788	0.01385	0.06163	0.01114	0.09972	0.01515	0.06119	0.01574	0.07986	0.01441	0.03514	0.00533	0.00479	0.00152	0.00628	0.00458	0.00266	0.00677
5	0.01262	0.03424	0.05660	0.08374	0.08310	0.04787	0.02655	0.12367	0.26436	0.06339	0.09145	0.01878	0.01490	0.00651	0.00500	0.00157	0.00489	0.04977	0.00412	0.00690
6	0.00594	0.00437	0.00557	0.00643	0.00697	0.00400	0.00438	0.00693	0.00983	0.01293	0.07982	0.66023	0.14600	0.01441	0.00609	0.00189	0.00272	0.01293	0.00455	0.00400
7	0.07489	0.00794	0.00963	0.00839	0.01100	0.00779	0.00679	0.12945	0.03765	0.31503	0.02137	0.14379	0.07077	0.00883	0.00527	0.00169	0.00401	0.12420	0.00502	0.00650
8	0.00871	0.00524	0.00700	0.00701	0.00751	0.00534	0.00508	0.06095	0.00863	0.01144	0.01366	0.02636	0.01436	0.17274	0.01645	0.45084	0.00444	0.16809	0.00296	0.00319
9	0.26653	0.01126	0.12082	0.00933	0.01330	0.00930	0.05077	0.04910	0.01193	0.35962	0.04308	0.01346	0.01009	0.00540	0.00436	0.00151	0.00464	0.00421	0.00430	0.00698

[dist]
# distance from previous block
# <min> <max>
0	3

[block]
# block no. 2 follows, 52 sequences, length 14
# corresponding to MSA columns:
# 648-657,664-667
name=unknown_C
#
# <colnr> <probs for GDERKNQSTAVLIFYWHMCP>
#	G	D	E	R	K	N	Q	S	T	A	V	L	I	F	Y	W	H	M	C	P
0	0.00699	0.00504	0.00593	0.00606	0.00729	0.00455	0.00445	0.00859	0.02804	0.04942	0.16419	0.23364	0.35094	0.05496	0.00682	0.00188	0.00284	0.04937	0.00463	0.00436
1	0.01084	0.01009	0.01509	0.05680	0.10122	0.01200	0.09237	0.09053	0.03001	0.01533	0.05986	0.01683	0.05477	0.00875	0.04573	0.00208	0.33899	0.02987	0.00296	0.00587
2	0.37319	0.00676	0.00594	0.00550	0.00755	0.00734	0.00435	0.01313	0.00952	0.05652	0.01211	0.01366	0.00935	0.00517	0.00329	0.00130	0.00298	0.00373	0.45360	0.00500
3	0.01096	0.01150	0.09515	0.01243	0.01562	0.01053	0.22223	0.15483	0.04213	0.01735	0.06115	0.03636	0.09472	0.06513	0.05337	0.00220	0.07890	0.00600	0.00339	0.00604
4	0.00830	0.00889	0.14311	0.15776	0.01349	0.00695	0.00774	0.01051	0.00899	0.01320	0.01420	0.02132	0.04167	0.27327	0.05300	0.00281	0.00523	0.00539	0.19960	0.00459
5	0.01175	0.01103	0.04362	0.05021	0.15736	0.02461	0.03912	0.11848	0.24093	0.01788	0.01603	0.04041	0.06742	0.02958	0.00677	0.00172	0.09453	0.01812	0.00367	0.00674
6	0.00864	0.00634	0.00754	0.00722	0.00883	0.00632	0.00539	0.01295	0.18772	0.06264	0.21529	0.23626	0.12932	0.01136	0.03613	0.00189	0.00336	0.00892	0.00475	0.03914
7	0.05215	0.40914	0.01935	0.07838	0.01509	0.11547	0.00897	0.21803	0.01366	0.01705	0.00828	0.00936	0.00673	0.00477	0.00387	0.00124	0.00571	0.00327	0.00291	0.00656
8	0.19906	0.01330	0.17582	0.00954	0.01354	0.02814	0.00913	0.18911	0.05317	0.07680	0.01293	0.01356	0.05597	0.00725	0.05012	0.00180	0.00539	0.00417	0.00358	0.07761
9	0.03956	0.01317	0.04570	0.03526	0.05148	0.07278	0.12310	0.32683	0.08685	0.12034	0.01258	0.02905	0.00926	0.00560	0.00491	0.00151	0.00575	0.00474	0.00412	0.00743
10	0.00889	0.00725	0.01087	0.11150	0.11323	0.00764	0.04809	0.04458	0.05451	0.01409	0.06870	0.19863	0.05759	0.04789	0.04020	0.10969	0.02495	0.02331	0.00342	0.00497
11	0.05339	0.00627	0.00710	0.00640	0.00814	0.00601	0.00483	0.08486	0.01250	0.06170	0.27794	0.05502	0.24650	0.09866	0.02151	0.00199	0.00331	0.00792	0.00456	0.03139
12	0.01442	0.11705	0.01467	0.03483	0.12373	0.12831	0.02037	0.11138	0.02881	0.14932	0.04206	0.04926	0.04229	0.02564	0.00561	0.00150	0.04185	0.00487	0.00363	0.04040
13	0.03212	0.00948	0.06387	0.06318	0.05491	0.00875	0.08465	0.06602	0.13816	0.04108	0.07462	0.17979	0.03932	0.02661	0.02794	0.00182	0.00476	0.00694	0.00382	0.07214

[dist]
# distance from previous block
# <min> <max>
4	79

[block]
# block no. 3 follows, 52 sequences, length 8
# corresponding to MSA columns:
# 787-794
name=unknown_D
#
# <colnr> <probs for GDERKNQSTAVLIFYWHMCP>
#	G	D	E	R	K	N	Q	S	T	A	V	L	I	F	Y	W	H	M	C	P
0	0.01161	0.04843	0.04817	0.06849	0.08883	0.01031	0.00865	0.03502	0.31346	0.05592	0.01443	0.05685	0.01161	0.00576	0.00456	0.00138	0.00435	0.00485	0.00378	0.20355
1	0.09967	0.12280	0.09498	0.04604	0.01339	0.01053	0.03000	0.12023	0.04682	0.12028	0.15775	0.01965	0.04489	0.00668	0.00472	0.00150	0.00454	0.04523	0.00401	0.00632
2	0.04033	0.04580	0.00960	0.04459	0.01074	0.00735	0.04205	0.06809	0.03239	0.03560	0.05766	0.16899	0.06119	0.16114	0.00901	0.00227	0.00427	0.15116	0.00388	0.04388
3	0.03878	0.03873	0.07215	0.12989	0.17604	0.02742	0.01000	0.06377	0.10737	0.08036	0.09399	0.04248	0.07145	0.02032	0.00523	0.00158	0.00485	0.00552	0.00363	0.00645
4	0.12038	0.01080	0.03332	0.10226	0.05387	0.06859	0.06550	0.05222	0.09610	0.09135	0.04459	0.03554	0.01044	0.00529	0.00445	0.00136	0.00494	0.00441	0.00346	0.19111
5	0.01202	0.09125	0.01217	0.13271	0.02737	0.04321	0.00794	0.12378	0.06932	0.09459	0.11674	0.02030	0.08552	0.02435	0.02174	0.03896	0.02921	0.02143	0.02149	0.00590
6	0.01225	0.00921	0.01240	0.17015	0.08702	0.04821	0.04252	0.06352	0.11392	0.13597	0.08900	0.07782	0.01566	0.00754	0.00580	0.04035	0.00493	0.05363	0.00394	0.00618
7	0.27963	0.05668	0.05254	0.04874	0.01507	0.10109	0.10418	0.16639	0.04825	0.01993	0.00926	0.01053	0.00706	0.00486	0.00414	0.00143	0.00549	0.00372	0.02742	0.03359

[dist]
# distance from previous block
# <min> <max>
0	2

[block]
# block no. 4 follows, 52 sequences, length 29
# corresponding to MSA columns:
# 797-803,810-825,828-833
name=unknown_E
#
# <colnr> <probs for GDERKNQSTAVLIFYWHMCP>
#	G	D	E	R	K	N	Q	S	T	A	V	L	I	F	Y	W	H	M	C	P
0	0.31294	0.04379	0.21950	0.00942	0.01369	0.01110	0.00949	0.11125	0.05419	0.09728	0.04237	0.01159	0.00880	0.00513	0.00407	0.00147	0.00487	0.00373	0.00344	0.03188
1	0.00966	0.03062	0.03941	0.05162	0.02917	0.00954	0.05385	0.06583	0.01058	0.03909	0.10646	0.12738	0.07771	0.05063	0.06846	0.00235	0.21219	0.00677	0.00341	0.00527
2	0.01037	0.00767	0.00884	0.00757	0.01019	0.00734	0.00600	0.05082	0.17700	0.06096	0.16069	0.02375	0.06717	0.00717	0.00477	0.00136	0.00339	0.06993	0.08414	0.23086
3	0.00672	0.00536	0.02279	0.00601	0.00700	0.00478	0.00431	0.00837	0.03740	0.01400	0.23673	0.17530	0.20997	0.22716	0.01074	0.00247	0.00321	0.00931	0.00428	0.00408
4	0.00637	0.00452	0.00583	0.00655	0.00695	0.00435	0.00446	0.00726	0.00916	0.01223	0.06251	0.50171	0.05416	0.18637	0.04584	0.00279	0.00374	0.06724	0.00413	0.00382
5	0.01569	0.18956	0.09487	0.01075	0.01475	0.03227	0.02524	0.40862	0.02904	0.06625	0.01108	0.03863	0.00861	0.00570	0.00480	0.00141	0.02722	0.00427	0.00386	0.00738
6	0.01249	0.00966	0.00981	0.00867	0.01116	0.04142	0.00678	0.11423	0.43147	0.04756	0.01832	0.01784	0.03956	0.00638	0.00457	0.00148	0.00381	0.00517	0.20281	0.00683
7	0.01235	0.01105	0.05557	0.09876	0.16228	0.01041	0.02074	0.16716	0.04121	0.04713	0.01073	0.04355	0.00874	0.00524	0.00504	0.00133	0.04237	0.00432	0.00327	0.24876
8	0.01173	0.00991	0.01393	0.03991	0.01512	0.00919	0.14567	0.05246	0.16803	0.06655	0.02780	0.01332	0.00984	0.00471	0.00447	0.00120	0.00465	0.00427	0.00352	0.39373
9	0.01353	0.01100	0.01428	0.02677	0.21483	0.03555	0.03633	0.19996	0.09433	0.07117	0.05004	0.03791	0.01124	0.00551	0.00472	0.00136	0.00490	0.00474	0.00377	0.15806
10	0.00912	0.00648	0.00720	0.00654	0.00848	0.00612	0.00503	0.13403	0.01326	0.07490	0.12506	0.12592	0.43779	0.01082	0.00557	0.00162	0.00306	0.00912	0.00476	0.00511
11	0.00593	0.00427	0.00563	0.00666	0.00702	0.00396	0.00447	0.00684	0.00950	0.01264	0.05422	0.77047	0.06067	0.01489	0.00615	0.00194	0.00278	0.01347	0.00453	0.00396
12	0.00791	0.00501	0.00599	0.00576	0.00648	0.00475	0.00380	0.00881	0.00973	0.06897	0.22165	0.07019	0.08712	0.44364	0.01567	0.00323	0.00373	0.00787	0.01578	0.00390
13	0.01160	0.00781	0.00809	0.00704	0.00901	0.04049	0.00551	0.19328	0.04129	0.04295	0.18368	0.02005	0.01846	0.00662	0.00437	0.00132	0.00336	0.00539	0.38402	0.00566
14	0.01388	0.47691	0.11043	0.01136	0.06333	0.22558	0.01008	0.01590	0.01099	0.01225	0.00731	0.00857	0.00631	0.00443	0.00372	0.00117	0.00638	0.00295	0.00220	0.00626
15	0.00744	0.00655	0.01135	0.00999	0.01161	0.00611	0.19279	0.00932	0.01049	0.01406	0.10831	0.45802	0.07189	0.01166	0.00602	0.00183	0.00411	0.04969	0.00409	0.00467
16	0.00949	0.00870	0.02343	0.16924	0.14038	0.00888	0.06288	0.06094	0.09975	0.01628	0.11884	0.02502	0.22107	0.00755	0.00525	0.00157	0.00454	0.00665	0.00371	0.00585
17	0.00601	0.00443	0.00563	0.00637	0.00698	0.00405	0.00438	0.00711	0.01017	0.01346	0.13689	0.59359	0.15518	0.01399	0.00605	0.00185	0.00268	0.01252	0.00461	0.00405
18	0.09854	0.06049	0.04076	0.01112	0.05160	0.09481	0.04720	0.19485	0.01427	0.22376	0.02032	0.02677	0.00917	0.00550	0.00481	0.00142	0.02710	0.00425	0.00403	0.05923
19	0.01204	0.03762	0.03977	0.00790	0.01199	0.00765	0.00663	0.05410	0.03220	0.12387	0.02800	0.03353	0.00952	0.00462	0.00400	0.00098	0.00389	0.00373	0.00349	0.57446
20	0.73271	0.03810	0.02151	0.05259	0.01129	0.01135	0.00621	0.05035	0.00910	0.02117	0.00711	0.00837	0.00551	0.00457	0.00322	0.00149	0.00408	0.00282	0.00299	0.00546
21	0.01303	0.03868	0.46505	0.03941	0.01941	0.01097	0.08921	0.07336	0.01198	0.17613	0.01109	0.01191	0.00761	0.00492	0.00476	0.00152	0.00644	0.00411	0.00310	0.00732
22	0.01371	0.01127	0.03950	0.04818	0.04570	0.01195	0.00865	0.33174	0.25573	0.02355	0.10182	0.01671	0.01448	0.00635	0.00489	0.00151	0.00451	0.00517	0.04729	0.00728
23	0.01149	0.01097	0.01889	0.16803	0.53512	0.01133	0.08232	0.04073	0.01124	0.01564	0.00984	0.01397	0.00827	0.00481	0.00497	0.00152	0.00603	0.03526	0.00253	0.00706
24	0.01327	0.01231	0.06913	0.01209	0.06859	0.03359	0.03335	0.20391	0.35286	0.03270	0.04361	0.01660	0.02632	0.00638	0.00541	0.00159	0.03839	0.01823	0.00429	0.00736
25	0.00694	0.00490	0.00641	0.00644	0.00687	0.00523	0.00439	0.00781	0.00776	0.01077	0.05155	0.05870	0.01720	0.42379	0.35427	0.00574	0.00800	0.00662	0.00297	0.00364
26	0.00991	0.01004	0.08665	0.04260	0.05440	0.03750	0.07929	0.11747	0.02844	0.01673	0.12143	0.07872	0.13844	0.03816	0.03377	0.02485	0.00506	0.06722	0.00378	0.00554
27	0.00809	0.00519	0.00703	0.00682	0.00780	0.00542	0.00507	0.00967	0.00949	0.06816	0.16661	0.05735	0.02034	0.15121	0.37681	0.00488	0.00771	0.00646	0.07147	0.00443
28	0.01189	0.03695	0.06466	0.35811	0.10834	0.03941	0.02739	0.09821	0.13170	0.04610	0.01114	0.01322	0.00835	0.00517	0.00476	0.00154	0.00582	0.00441	0.01629	0.00656

[dist]
# distance from previous block
# <min> <max>
0	1

[block]
# block no. 5 follows, 52 sequences, length 7
# corresponding to MSA columns:
# 835-840,842
name=unknown_F
#
# <colnr> <probs for GDERKNQSTAVLIFYWHMCP>
#	G	D	E	R	K	N	Q	S	T	A	V	L	I	F	Y	W	H	M	C	P
0	0.01015	0.04597	0.30605	0.01034	0.01429	0.00953	0.04413	0.06911	0.08788	0.04510	0.04376	0.04967	0.08407	0.13133	0.02589	0.00217	0.00555	0.00566	0.00328	0.00607
1	0.01007	0.00923	0.06503	0.07365	0.06888	0.00832	0.07361	0.03135	0.13690	0.05685	0.10318	0.04131	0.09687	0.09403	0.00708	0.00183	0.00449	0.00611	0.03669	0.07453
2	0.00594	0.00443	0.00554	0.00630	0.00694	0.00402	0.00433	0.00699	0.01002	0.01310	0.09433	0.59488	0.19726	0.01413	0.00605	0.00186	0.00269	0.01261	0.00457	0.00402
3	0.01145	0.00892	0.01044	0.00755	0.01179	0.00708	0.00608	0.06499	0.01118	0.07332	0.00957	0.01062	0.00760	0.00391	0.00377	0.00082	0.00374	0.00312	0.00323	0.74082
4	0.01299	0.01048	0.01331	0.16817	0.09815	0.04322	0.03832	0.23138	0.08637	0.06983	0.03574	0.06564	0.09161	0.00678	0.00506	0.00155	0.00510	0.00575	0.00393	0.00664
5	0.14559	0.26585	0.07098	0.00833	0.01166	0.12630	0.00755	0.03865	0.03390	0.01478	0.01713	0.01736	0.18463	0.00629	0.00409	0.00133	0.00491	0.00461	0.00302	0.03301
6	0.20358	0.00721	0.00763	0.00706	0.00913	0.00736	0.00542	0.09127	0.03772	0.11375	0.04880	0.24966	0.17385	0.00963	0.00502	0.00166	0.00339	0.00804	0.00442	0.00538

[dist]
# distance from previous block
# <min> <max>
0	1

[block]
# block no. 6 follows, 52 sequences, length 6
# corresponding to MSA columns:
# 844-849
name=unknown_G
#
# <colnr> <probs for GDERKNQSTAVLIFYWHMCP>
#	G	D	E	R	K	N	Q	S	T	A	V	L	I	F	Y	W	H	M	C	P
0	0.01061	0.00786	0.00914	0.00680	0.01050	0.00616	0.00541	0.01277	0.01031	0.06630	0.01056	0.01188	0.00842	0.00411	0.00363	0.00084	0.00339	0.00329	0.15484	0.65318
1	0.01139	0.00857	0.01019	0.00734	0.01159	0.00654	0.00590	0.01351	0.01049	0.10578	0.00981	0.01079	0.00773	0.00386	0.00374	0.00081	0.00365	0.00310	0.00323	0.76201
2	0.01776	0.01280	0.01384	0.01081	0.01452	0.01411	0.00886	0.63044	0.12739	0.07905	0.01323	0.01283	0.00938	0.00593	0.00486	0.00148	0.00505	0.00455	0.00493	0.00816
3	0.00814	0.00685	0.00958	0.00890	0.00931	0.00864	0.00692	0.00931	0.00752	0.01102	0.01128	0.01879	0.01133	0.18321	0.39850	0.00534	0.27322	0.00525	0.00251	0.00437
4	0.01164	0.01046	0.01637	0.41798	0.21252	0.01194	0.04491	0.15013	0.01232	0.01654	0.00922	0.01238	0.00710	0.00502	0.00534	0.00157	0.04102	0.00438	0.00270	0.00649
5	0.71362	0.01012	0.00844	0.00722	0.01038	0.01161	0.00595	0.15096	0.01083	0.02331	0.00762	0.00854	0.00578	0.00473	0.00333	0.00149	0.00403	0.00293	0.00333	0.00578

[dist]
# distance from previous block
# <min> <max>
0	1

[block]
# block no. 7 follows, 52 sequences, length 15
# corresponding to MSA columns:
# 851-855,865-874
name=unknown_H
#
# <colnr> <probs for GDERKNQSTAVLIFYWHMCP>
#	G	D	E	R	K	N	Q	S	T	A	V	L	I	F	Y	W	H	M	C	P
0	0.01289	0.01066	0.01667	0.09930	0.21451	0.01143	0.11831	0.10214	0.04024	0.10970	0.01282	0.01464	0.05273	0.00588	0.00674	0.00160	0.13513	0.00491	0.00326	0.02642
1	0.01533	0.02362	0.01086	0.00880	0.01166	0.02332	0.00703	0.21099	0.12389	0.26192	0.10043	0.09657	0.03821	0.00744	0.00502	0.00153	0.00405	0.00616	0.03612	0.00703
2	0.00804	0.00522	0.00632	0.00615	0.00758	0.00467	0.00464	0.00964	0.01171	0.09825	0.25509	0.13121	0.30123	0.04819	0.00656	0.00180	0.00286	0.06179	0.02442	0.00463
3	0.01104	0.01021	0.01669	0.42611	0.35391	0.01140	0.01373	0.07140	0.01124	0.01520	0.00905	0.01243	0.00710	0.00470	0.00483	0.00153	0.00608	0.00432	0.00246	0.00656
4	0.00669	0.00502	0.00676	0.00678	0.00765	0.00534	0.00504	0.00808	0.00869	0.01188	0.07179	0.06049	0.15013	0.14406	0.47288	0.00563	0.00886	0.00691	0.00323	0.00409
5	0.01236	0.00972	0.01033	0.00954	0.04369	0.06932	0.00695	0.29847	0.01505	0.03389	0.09940	0.16235	0.04140	0.13292	0.00822	0.00206	0.00461	0.02962	0.00427	0.00584
6	0.00753	0.00617	0.00811	0.00805	0.00900	0.05004	0.00624	0.00924	0.00811	0.01128	0.01268	0.01847	0.01179	0.03463	0.76640	0.00743	0.01275	0.00508	0.00259	0.00440
7	0.01042	0.04659	0.01400	0.06033	0.28684	0.04121	0.02194	0.03965	0.07694	0.01481	0.04506	0.07127	0.01261	0.03551	0.18480	0.00300	0.02050	0.00542	0.00300	0.00610
8	0.00603	0.00457	0.00556	0.00606	0.00692	0.00410	0.00426	0.00726	0.01064	0.01390	0.17677	0.44078	0.26897	0.01331	0.00596	0.00178	0.00260	0.01176	0.00465	0.00410
9	0.01068	0.01039	0.07213	0.14537	0.06801	0.01017	0.06237	0.03867	0.29842	0.03912	0.13253	0.01989	0.05796	0.00658	0.00509	0.00159	0.00469	0.00578	0.00398	0.00656
10	0.00849	0.00639	0.00729	0.00672	0.00838	0.00627	0.00511	0.13223	0.03972	0.01844	0.30616	0.13466	0.25571	0.01038	0.00555	0.00159	0.00294	0.00889	0.03005	0.00504
11	0.49001	0.00951	0.00945	0.00897	0.06471	0.01040	0.00667	0.05195	0.10648	0.15812	0.01212	0.01221	0.03078	0.00529	0.00385	0.00151	0.00400	0.00378	0.00385	0.00634
12	0.01043	0.00748	0.00862	0.00808	0.00995	0.00791	0.00617	0.06855	0.27846	0.07718	0.13314	0.22207	0.04701	0.00949	0.00536	0.00168	0.00339	0.03962	0.04945	0.00598
13	0.01273	0.07387	0.02064	0.01456	0.01838	0.04556	0.38186	0.18197	0.03420	0.01845	0.06466	0.01510	0.01098	0.05165	0.00626	0.00168	0.00646	0.00532	0.02918	0.00648
14	0.19915	0.00846	0.01179	0.36503	0.06784	0.01013	0.00989	0.01224	0.00960	0.01538	0.10329	0.01476	0.01137	0.00783	0.06082	0.00204	0.07778	0.00452	0.00277	0.00531

[dist]
# distance from previous block
# <min> <max>
3	18

[block]
# block no. 8 follows, 52 sequences, length 16
# corresponding to MSA columns:
# 893-908
name=unknown_I
#
# <colnr> <probs for GDERKNQSTAVLIFYWHMCP>
#	G	D	E	R	K	N	Q	S	T	A	V	L	I	F	Y	W	H	M	C	P
0	0.01094	0.01058	0.06576	0.03115	0.10431	0.00960	0.15080	0.04037	0.06718	0.05810	0.02526	0.01601	0.07140	0.00807	0.06999	0.00193	0.06772	0.00496	0.01336	0.17252
1	0.02607	0.03133	0.13669	0.00988	0.06233	0.00801	0.04136	0.07964	0.02933	0.04020	0.21088	0.02739	0.22740	0.00815	0.00520	0.00152	0.00411	0.01701	0.00403	0.02946
2	0.01069	0.01018	0.01569	0.07273	0.35751	0.04170	0.08433	0.01428	0.09292	0.01499	0.02938	0.11492	0.01314	0.05952	0.00667	0.00180	0.02504	0.02510	0.00306	0.00637
3	0.00987	0.03835	0.14359	0.06127	0.02586	0.00915	0.02011	0.12014	0.12417	0.01691	0.04089	0.26367	0.06239	0.00913	0.00531	0.00169	0.00450	0.03316	0.00393	0.00592
4	0.01064	0.00724	0.00781	0.00737	0.00912	0.06936	0.00556	0.01294	0.06514	0.17310	0.14990	0.24001	0.18311	0.01046	0.00554	0.00166	0.00350	0.02740	0.00480	0.00534
5	0.01128	0.02440	0.12521	0.37442	0.05206	0.03093	0.01236	0.11049	0.06333	0.03271	0.03619	0.01316	0.00865	0.00554	0.00579	0.00160	0.07836	0.00439	0.00286	0.00627
6	0.00681	0.00533	0.00622	0.00601	0.00741	0.00496	0.00450	0.00954	0.07453	0.01678	0.41859	0.08833	0.31149	0.01082	0.00569	0.00160	0.00250	0.00934	0.00495	0.00461
7	0.01072	0.00901	0.01041	0.00749	0.01177	0.00714	0.00602	0.07378	0.01107	0.01697	0.00885	0.01018	0.00726	0.00377	0.00369	0.00078	0.00373	0.00299	0.00303	0.79136
8	0.00630	0.00460	0.00535	0.00573	0.00630	0.00427	0.00374	0.00701	0.00914	0.01181	0.06014	0.31119	0.22865	0.29918	0.01251	0.00282	0.00336	0.01028	0.00399	0.00365
9	0.00962	0.00924	0.01613	0.56750	0.02882	0.01068	0.14162	0.01358	0.06040	0.01359	0.01089	0.01661	0.00886	0.00551	0.00514	0.00167	0.00642	0.06551	0.00257	0.00565
10	0.00649	0.00487	0.00602	0.00595	0.00711	0.00440	0.00442	0.00834	0.01246	0.01688	0.49853	0.13213	0.23281	0.01121	0.00580	0.00162	0.00245	0.02914	0.00500	0.00437
11	0.00786	0.00476	0.00635	0.02399	0.00766	0.00458	0.00468	0.00816	0.00882	0.06224	0.02145	0.34532	0.08610	0.10417	0.03281	0.20649	0.00380	0.03489	0.02211	0.00375
12	0.11947	0.00907	0.01030	0.00831	0.01125	0.05170	0.05679	0.08176	0.03904	0.04511	0.23431	0.01975	0.05784	0.00642	0.00461	0.00130	0.00395	0.00536	0.00397	0.22970
13	0.07934	0.00960	0.01008	0.03112	0.01151	0.05707	0.00703	0.23506	0.07480	0.01912	0.05232	0.13041	0.11684	0.01050	0.05799	0.03120	0.04965	0.00654	0.00403	0.00580
14	0.00985	0.03873	0.01392	0.01061	0.01339	0.00899	0.18887	0.05683	0.11595	0.01743	0.22806	0.02209	0.07006	0.00901	0.06277	0.00193	0.02407	0.00626	0.01689	0.08429
15	0.26025	0.10818	0.04595	0.01245	0.14425	0.14462	0.00888	0.08996	0.01147	0.01745	0.01021	0.04062	0.03777	0.00543	0.00438	0.00142	0.02801	0.00395	0.00294	0.02183

[dist]
# distance from previous block
# <min> <max>
5	73

[block]
# block no. 9 follows, 52 sequences, length 6
# corresponding to MSA columns:
# 1025-1030
name=unknown_J
#
# <colnr> <probs for GDERKNQSTAVLIFYWHMCP>
#	G	D	E	R	K	N	Q	S	T	A	V	L	I	F	Y	W	H	M	C	P
0	0.00821	0.05313	0.02718	0.00706	0.00855	0.00624	0.03680	0.02996	0.01006	0.03010	0.13663	0.19817	0.05965	0.25741	0.01108	0.00248	0.00388	0.00798	0.03058	0.07484
1	0.01203	0.00864	0.01267	0.05236	0.01394	0.00877	0.12982	0.11772	0.08790	0.14613	0.09660	0.19981	0.05288	0.00846	0.00572	0.00166	0.02672	0.00757	0.00440	0.00617
2	0.07378	0.01017	0.05568	0.05703	0.06448	0.00912	0.00805	0.15081	0.04282	0.08309	0.04033	0.06834	0.03293	0.00579	0.00445	0.00129	0.00434	0.00475	0.00369	0.27905
3	0.01206	0.00876	0.01056	0.06154	0.01262	0.03725	0.00756	0.19025	0.08775	0.09561	0.05625	0.01717	0.01273	0.01888	0.34365	0.00415	0.00831	0.00506	0.00379	0.00606
4	0.06292	0.01485	0.01116	0.00988	0.01235	0.37471	0.00756	0.05643	0.09067	0.06870	0.18894	0.01657	0.01652	0.00629	0.00468	0.00137	0.00581	0.00478	0.00378	0.04205
5	0.01088	0.12742	0.05950	0.01041	0.09536	0.05921	0.00792	0.01308	0.01031	0.01467	0.00954	0.06417	0.00863	0.00466	0.00393	0.00100	0.00452	0.00377	0.00274	0.48827

[dist]
# distance from previous block
# <min> <max>
24	204

[block]
# block no. 10 follows, 52 sequences, length 9
# corresponding to MSA columns:
# 1291-1299
name=unknown_K
#
# <colnr> <probs for GDERKNQSTAVLIFYWHMCP>
#	G	D	E	R	K	N	Q	S	T	A	V	L	I	F	Y	W	H	M	C	P
0	0.04476	0.01161	0.01326	0.08376	0.08751	0.05932	0.00919	0.34535	0.03732	0.08327	0.01282	0.04838	0.02817	0.00614	0.00530	0.00149	0.04639	0.00478	0.03092	0.04028
1	0.17920	0.00938	0.01150	0.04193	0.08534	0.00939	0.04101	0.10669	0.05991	0.07228	0.02764	0.05737	0.01020	0.00633	0.02858	0.00152	0.00457	0.00445	0.02474	0.21795
2	0.01283	0.04381	0.01241	0.09654	0.06418	0.19970	0.00863	0.08125	0.01256	0.08198	0.12867	0.01779	0.06233	0.00949	0.08238	0.00208	0.06899	0.00512	0.00346	0.00580
3	0.01320	0.00996	0.01278	0.08727	0.02719	0.03424	0.07759	0.25359	0.03568	0.10183	0.03714	0.06452	0.08493	0.07396	0.01909	0.00193	0.02467	0.03000	0.00409	0.00632
4	0.00716	0.00536	0.00770	0.08007	0.00994	0.00610	0.00585	0.00854	0.00775	0.01083	0.01323	0.02203	0.01314	0.25500	0.51853	0.00637	0.01008	0.00563	0.00265	0.00403
5	0.01462	0.06865	0.13990	0.04094	0.05945	0.31478	0.11395	0.05128	0.05159	0.06330	0.01005	0.01208	0.00789	0.00511	0.00469	0.00142	0.00717	0.02380	0.00287	0.00647
6	0.00601	0.00489	0.00535	0.00555	0.00696	0.00424	0.00420	0.00735	0.01103	0.01354	0.09237	0.13393	0.59441	0.01255	0.00586	0.00172	0.00266	0.07868	0.00455	0.00414
7	0.01440	0.01140	0.03993	0.08475	0.05725	0.04605	0.00903	0.19758	0.27812	0.12432	0.04922	0.01569	0.01237	0.00602	0.00484	0.00153	0.00478	0.00492	0.03046	0.00733
8	0.01424	0.04463	0.01407	0.15731	0.08962	0.28259	0.01003	0.11829	0.01306	0.05450	0.01158	0.05859	0.03310	0.00621	0.00544	0.00149	0.05682	0.01925	0.00309	0.00609

[dist]
# distance from previous block
# <min> <max>
0	2

[block]
# block no. 11 follows, 52 sequences, length 11
# corresponding to MSA columns:
# 1303-1313
name=unknown_L
#
# <colnr> <probs for GDERKNQSTAVLIFYWHMCP>
#	G	D	E	R	K	N	Q	S	T	A	V	L	I	F	Y	W	H	M	C	P
0	0.16132	0.14663	0.02900	0.01094	0.05240	0.19617	0.02444	0.16828	0.04917	0.06031	0.02262	0.02743	0.00874	0.00541	0.00423	0.00139	0.00569	0.01597	0.00338	0.00649
1	0.25491	0.10553	0.02619	0.15307	0.04918	0.09810	0.01888	0.03170	0.05520	0.08137	0.00951	0.01150	0.00750	0.03191	0.00532	0.01848	0.02903	0.00371	0.00299	0.00589
2	0.35364	0.01208	0.11356	0.09033	0.06608	0.01116	0.12808	0.04107	0.01023	0.08341	0.00897	0.01068	0.00666	0.00481	0.00468	0.00156	0.04003	0.00380	0.00295	0.00621
3	0.08068	0.00860	0.01248	0.23004	0.20347	0.00938	0.00986	0.03253	0.04963	0.01616	0.12749	0.05979	0.01484	0.02635	0.00557	0.00160	0.02769	0.00541	0.03810	0.04033
4	0.00705	0.00495	0.00631	0.00630	0.00743	0.00452	0.00470	0.00888	0.01229	0.04299	0.45992	0.19461	0.15404	0.01138	0.00584	0.00167	0.00261	0.05500	0.00501	0.00449
5	0.29520	0.00784	0.00880	0.00743	0.01029	0.00775	0.00596	0.01723	0.01148	0.38148	0.08933	0.10857	0.01527	0.00693	0.00449	0.00156	0.00368	0.00552	0.00478	0.00642
6	0.00969	0.00910	0.03227	0.24086	0.11131	0.03469	0.03116	0.04239	0.06783	0.01622	0.20221	0.04720	0.05106	0.00670	0.00504	0.00149	0.00475	0.00590	0.00351	0.07661
7	0.00670	0.00470	0.00576	0.00592	0.00634	0.00460	0.00385	0.00749	0.00897	0.01215	0.15964	0.19660	0.06341	0.40792	0.08175	0.00367	0.00445	0.00875	0.00374	0.00361
8	0.04351	0.00780	0.00851	0.00767	0.00971	0.00835	0.00606	0.17357	0.15347	0.02067	0.14093	0.06298	0.04331	0.00781	0.00481	0.00152	0.00346	0.07059	0.21944	0.00585
9	0.00672	0.00521	0.00689	0.07401	0.00976	0.00487	0.00539	0.00804	0.00979	0.01317	0.05669	0.54268	0.09837	0.01247	0.00573	0.00175	0.00319	0.02876	0.00415	0.10237
10	0.01169	0.00946	0.01144	0.02770	0.08550	0.10198	0.07105	0.03769	0.03114	0.10982	0.06009	0.05700	0.01501	0.25224	0.01085	0.00242	0.00521	0.02707	0.00351	0.06912

[dist]
# distance from previous block
# <min> <max>
0	2

[block]
# block no. 12 follows, 52 sequences, length 9
# corresponding to MSA columns:
# 1316-1324
name=unknown_M
#
# <colnr> <probs for GDERKNQSTAVLIFYWHMCP>
#	G	D	E	R	K	N	Q	S	T	A	V	L	I	F	Y	W	H	M	C	P
0	0.01204	0.14261	0.05103	0.30197	0.28972	0.01202	0.01266	0.01484	0.01062	0.09374	0.00955	0.01203	0.00739	0.00466	0.00454	0.00145	0.00581	0.00406	0.00261	0.00667
1	0.01342	0.01105	0.01303	0.10220	0.04122	0.04096	0.02894	0.24621	0.10997	0.04515	0.01191	0.01282	0.02288	0.00522	0.00480	0.00130	0.02595	0.00417	0.00371	0.25511
2	0.13942	0.00970	0.01031	0.02569	0.01185	0.05425	0.00687	0.11673	0.13689	0.27289	0.06610	0.01719	0.01332	0.08960	0.00664	0.00183	0.00442	0.00494	0.00461	0.00673
3	0.00890	0.00645	0.00881	0.00824	0.00944	0.00740	0.00643	0.09714	0.00963	0.04015	0.01291	0.01863	0.01181	0.08655	0.60142	0.00639	0.04671	0.00518	0.00297	0.00485
4	0.00917	0.00828	0.01367	0.32874	0.25167	0.00926	0.01136	0.01172	0.00965	0.01317	0.01170	0.10627	0.01087	0.01225	0.16836	0.00286	0.00716	0.00556	0.00258	0.00568
5	0.00703	0.00536	0.00665	0.00676	0.00753	0.00527	0.02753	0.00906	0.08817	0.01242	0.02494	0.36178	0.12989	0.27124	0.01183	0.00274	0.00362	0.01008	0.00399	0.00410
6	0.63609	0.01018	0.00875	0.00753	0.01065	0.01169	0.00616	0.14402	0.09007	0.02306	0.00888	0.00954	0.00672	0.00493	0.00350	0.00151	0.00402	0.00320	0.00350	0.00599
7	0.01123	0.33493	0.41499	0.01349	0.10608	0.01434	0.01385	0.01497	0.01017	0.01388	0.00799	0.00948	0.00634	0.00439	0.00405	0.00133	0.00624	0.00328	0.00210	0.00686
8	0.01140	0.35197	0.04164	0.00883	0.01195	0.01270	0.02247	0.04069	0.11853	0.04036	0.11240	0.02187	0.01658	0.00699	0.00456	0.00145	0.00456	0.14171	0.00355	0.02580

[dist]
# distance from previous block
# <min> <max>
0	30

[block]
# block no. 13 follows, 52 sequences, length 9
# corresponding to MSA columns:
# 1357-1365
name=unknown_N
#
# <colnr> <probs for GDERKNQSTAVLIFYWHMCP>
#	G	D	E	R	K	N	Q	S	T	A	V	L	I	F	Y	W	H	M	C	P
0	0.00629	0.00492	0.00564	0.00560	0.00692	0.00435	0.00419	0.00787	0.01177	0.01523	0.31232	0.07414	0.43199	0.04552	0.00657	0.00176	0.00259	0.04338	0.00473	0.00422
1	0.11286	0.00801	0.00783	0.00720	0.00927	0.04975	0.00554	0.04802	0.17470	0.04156	0.16886	0.06360	0.23454	0.00872	0.00502	0.00156	0.00339	0.00719	0.03691	0.00547
2	0.52043	0.00832	0.00797	0.00710	0.00986	0.00893	0.00581	0.01528	0.01003	0.19021	0.04789	0.05837	0.01198	0.00643	0.00403	0.00159	0.00378	0.07230	0.00397	0.00573
3	0.01070	0.00773	0.00900	0.03792	0.01084	0.00814	0.00632	0.04792	0.29272	0.09932	0.27304	0.02666	0.10121	0.03935	0.00600	0.00170	0.00342	0.00692	0.00495	0.00613
4	0.00644	0.00465	0.00541	0.00567	0.00642	0.00429	0.00383	0.00746	0.00988	0.01312	0.13971	0.25826	0.23822	0.21913	0.01052	0.00246	0.00309	0.00992	0.04769	0.00385
5	0.01333	0.37524	0.13100	0.01011	0.01402	0.19570	0.00962	0.03635	0.10170	0.01367	0.01098	0.01162	0.04762	0.00514	0.00400	0.00127	0.00598	0.00362	0.00269	0.00633
6	0.00693	0.00463	0.00528	0.00544	0.00560	0.00456	0.00321	0.00722	0.00768	0.01040	0.01826	0.14242	0.05098	0.64146	0.02025	0.00401	0.00422	0.00799	0.04627	0.00320
7	0.06158	0.16134	0.03430	0.04347	0.02980	0.09744	0.00836	0.19496	0.12920	0.08631	0.01185	0.01338	0.00937	0.07075	0.00593	0.00164	0.00526	0.00418	0.00367	0.02721
8	0.08670	0.19184	0.10897	0.01152	0.07528	0.11056	0.02728	0.05342	0.01107	0.04777	0.02695	0.05160	0.00891	0.00548	0.00507	0.00136	0.07022	0.00403	0.00283	0.09915

[dist]
# distance from previous block
# <min> <max>
1	39

[block]
# block no. 14 follows, 52 sequences, length 18
# corresponding to MSA columns:
# 1405-1422
name=unknown_O
#
# <colnr> <probs for GDERKNQSTAVLIFYWHMCP>
#	G	D	E	R	K	N	Q	S	T	A	V	L	I	F	Y	W	H	M	C	P
0	0.04363	0.07102	0.04283	0.03922	0.06250	0.02363	0.04375	0.04874	0.23051	0.12766	0.04520	0.09219	0.01370	0.00652	0.00491	0.00150	0.01618	0.00550	0.00404	0.07675
1	0.00805	0.00615	0.00841	0.09079	0.01104	0.00619	0.03386	0.01048	0.04613	0.05392	0.32434	0.10668	0.18283	0.05002	0.00692	0.00178	0.03477	0.00837	0.00443	0.00483
2	0.01143	0.00941	0.01218	0.20798	0.07420	0.03212	0.00870	0.05552	0.03312	0.07161	0.03838	0.01257	0.00902	0.00459	0.00428	0.00116	0.00469	0.00384	0.00313	0.40208
3	0.00869	0.00472	0.00491	0.00484	0.00604	0.00468	0.00364	0.01116	0.02856	0.01804	0.10945	0.02159	0.05452	0.00649	0.00381	0.00121	0.00231	0.00532	0.69545	0.00458
4	0.00776	0.00534	0.00721	0.00736	0.00832	0.00545	0.00553	0.00964	0.03374	0.06246	0.17045	0.31593	0.05024	0.01760	0.18469	0.00315	0.03211	0.06415	0.00426	0.00461
5	0.01336	0.04016	0.10329	0.05598	0.07267	0.01167	0.39485	0.06894	0.01223	0.14353	0.01104	0.01293	0.00796	0.00472	0.00544	0.00157	0.02461	0.00497	0.00311	0.00698
6	0.00721	0.00495	0.00639	0.00637	0.00716	0.00486	0.00455	0.00857	0.01028	0.03570	0.28503	0.12694	0.06511	0.23047	0.13484	0.00342	0.00480	0.04513	0.00412	0.00410
7	0.01563	0.01227	0.01354	0.05133	0.01487	0.04237	0.00912	0.47612	0.10133	0.04134	0.05068	0.01447	0.01094	0.00650	0.00618	0.00157	0.09781	0.02221	0.00437	0.00734
8	0.03131	0.00599	0.00761	0.00671	0.00864	0.00546	0.00520	0.01321	0.02633	0.22833	0.43707	0.05893	0.10133	0.00895	0.00536	0.00153	0.00287	0.00770	0.03191	0.00556
9	0.01413	0.01032	0.01180	0.01069	0.05613	0.01132	0.00799	0.24224	0.32818	0.10121	0.03033	0.04306	0.01323	0.03060	0.04503	0.00195	0.00478	0.00537	0.02432	0.00735
10	0.00590	0.00425	0.00559	0.00667	0.00701	0.00394	0.00446	0.00676	0.00936	0.01240	0.02770	0.79197	0.06597	0.01505	0.00617	0.00195	0.00280	0.01362	0.00450	0.00394
11	0.01008	0.01829	0.42071	0.01549	0.02108	0.01093	0.31026	0.01465	0.01074	0.01536	0.05499	0.01388	0.00946	0.04524	0.00608	0.00173	0.00715	0.00487	0.00244	0.00656
12	0.01435	0.01126	0.01293	0.01050	0.01372	0.01238	0.05095	0.37261	0.26977	0.02392	0.01531	0.01590	0.02507	0.00734	0.03585	0.00175	0.00502	0.02079	0.04926	0.03132
13	0.01187	0.01528	0.29019	0.01195	0.03385	0.01088	0.06558	0.18701	0.04798	0.05167	0.04337	0.02732	0.06232	0.07093	0.00704	0.00181	0.04574	0.00514	0.00340	0.00667
14	0.00972	0.02507	0.80458	0.01381	0.02097	0.01125	0.01790	0.01535	0.01023	0.01535	0.00870	0.01023	0.00614	0.00460	0.00460	0.00153	0.00716	0.00358	0.00205	0.00716
15	0.00992	0.01101	0.10516	0.07807	0.09889	0.04709	0.02231	0.02970	0.15647	0.01585	0.11562	0.10409	0.08646	0.00785	0.00627	0.00165	0.08752	0.00649	0.00361	0.00598
16	0.00682	0.00531	0.00618	0.00604	0.00743	0.00484	0.00447	0.02957	0.03492	0.01601	0.31104	0.17686	0.32605	0.01134	0.00570	0.00162	0.00261	0.00982	0.00478	0.02862
17	0.01318	0.12192	0.03717	0.01119	0.03609	0.12399	0.11227	0.11970	0.06313	0.07231	0.06251	0.03527	0.08970	0.00616	0.00473	0.00139	0.00539	0.00517	0.00359	0.07516

[dist]
# distance from previous block
# <min> <max>
10	61

[block]
# block no. 15 follows, 52 sequences, length 9
# corresponding to MSA columns:
# 1487-1495
name=unknown_P
#
# <colnr> <probs for GDERKNQSTAVLIFYWHMCP>
#	G	D	E	R	K	N	Q	S	T	A	V	L	I	F	Y	W	H	M	C	P
0	0.01162	0.01009	0.01417	0.11992	0.29213	0.01084	0.01070	0.12131	0.17716	0.01841	0.07416	0.01879	0.05872	0.00629	0.00503	0.00155	0.00488	0.03368	0.00366	0.00690
1	0.04269	0.00834	0.00970	0.00853	0.01067	0.03191	0.04502	0.11661	0.17508	0.03620	0.24357	0.10350	0.07577	0.00855	0.00526	0.00159	0.00372	0.02898	0.03849	0.00584
2	0.00893	0.00827	0.01215	0.01058	0.01129	0.01041	0.05688	0.01042	0.00860	0.01260	0.09146	0.04092	0.04933	0.04788	0.19575	0.00340	0.40777	0.00567	0.00279	0.00489
3	0.07773	0.01051	0.04104	0.00897	0.01216	0.07466	0.00750	0.15714	0.01437	0.35732	0.06401	0.01779	0.01322	0.03480	0.00543	0.00160	0.00464	0.04141	0.04873	0.00699
4	0.01276	0.07046	0.09930	0.13498	0.19236	0.01246	0.12868	0.13803	0.09663	0.05064	0.01090	0.01260	0.00822	0.00493	0.00483	0.00150	0.00599	0.00449	0.00312	0.00712
5	0.01119	0.01070	0.05221	0.03976	0.01421	0.01222	0.08047	0.09364	0.06942	0.03429	0.02715	0.04603	0.01013	0.04347	0.03950	0.00217	0.37508	0.00510	0.02741	0.00584
6	0.01211	0.01085	0.04841	0.01163	0.01361	0.01206	0.08736	0.16456	0.05072	0.05695	0.01197	0.04566	0.02818	0.08811	0.03093	0.00223	0.31011	0.00528	0.00326	0.00602
7	0.00980	0.04434	0.48703	0.04547	0.05826	0.01064	0.07634	0.01472	0.04582	0.01542	0.04471	0.01428	0.05770	0.00528	0.00475	0.00149	0.00625	0.00447	0.00256	0.05066
8	0.01208	0.00920	0.00939	0.00822	0.01028	0.08453	0.00635	0.20519	0.03884	0.07504	0.20169	0.06186	0.07520	0.09859	0.00735	0.00188	0.00426	0.04726	0.03708	0.00570

[dist]
# distance from previous block
# <min> <max>
0	1

[block]
# block no. 16 follows, 52 sequences, length 12
# corresponding to MSA columns:
# 1497-1508
name=unknown_Q
#
# <colnr> <probs for GDERKNQSTAVLIFYWHMCP>
#	G	D	E	R	K	N	Q	S	T	A	V	L	I	F	Y	W	H	M	C	P
0	0.01068	0.00641	0.00710	0.00646	0.00821	0.00657	0.00493	0.03739	0.16360	0.09991	0.12682	0.02204	0.04466	0.05566	0.00556	0.00156	0.00301	0.00568	0.37822	0.00553
1	0.00960	0.05489	0.00844	0.00748	0.00891	0.00635	0.00561	0.02564	0.06200	0.12973	0.02253	0.42762	0.04220	0.05417	0.04537	0.00221	0.00395	0.05607	0.00440	0.02281
2	0.08454	0.14178	0.05957	0.02868	0.01145	0.05933	0.00774	0.03854	0.00928	0.05098	0.01029	0.01583	0.00974	0.18977	0.11147	0.00301	0.15560	0.00450	0.00273	0.00518
3	0.03027	0.00804	0.00959	0.00896	0.03648	0.00840	0.00667	0.15774	0.14199	0.12641	0.06933	0.17049	0.01804	0.02960	0.02319	0.05284	0.00409	0.03660	0.05521	0.00607
4	0.03955	0.03583	0.01378	0.16810	0.13044	0.04392	0.06226	0.03473	0.12930	0.06689	0.06491	0.10394	0.02611	0.00668	0.00524	0.00156	0.02580	0.00583	0.00351	0.03162
5	0.01039	0.03575	0.08939	0.29811	0.06896	0.01107	0.18783	0.07460	0.01115	0.01495	0.01165	0.05469	0.03727	0.00709	0.04465	0.00190	0.02661	0.00525	0.00266	0.00602
6	0.01238	0.00906	0.01014	0.00887	0.01136	0.00980	0.00693	0.15159	0.35348	0.09342	0.15168	0.09870	0.04553	0.00797	0.00519	0.00161	0.00372	0.00674	0.00503	0.00682
7	0.01326	0.01047	0.01419	0.01141	0.01376	0.01190	0.09461	0.21677	0.08791	0.09069	0.14429	0.01672	0.01493	0.00713	0.00810	0.00169	0.22617	0.00538	0.00403	0.00658
8	0.00674	0.00476	0.00571	0.00588	0.00637	0.00460	0.00389	0.00754	0.00910	0.01212	0.13860	0.15187	0.11359	0.41775	0.04459	0.00344	0.00409	0.05200	0.00378	0.00360
9	0.01269	0.00940	0.01170	0.08280	0.07474	0.02224	0.02397	0.22359	0.09683	0.09706	0.11648	0.10574	0.08629	0.00775	0.00519	0.00157	0.00439	0.00661	0.00445	0.00652
10	0.00711	0.00535	0.00658	0.00661	0.00778	0.00479	0.00462	0.02845	0.00997	0.01366	0.07918	0.47549	0.07738	0.09901	0.00762	0.00198	0.00315	0.01039	0.00413	0.14676
11	0.01225	0.03763	0.01144	0.00866	0.01201	0.00971	0.00698	0.15822	0.13866	0.05011	0.01251	0.06065	0.01037	0.00565	0.00496	0.00122	0.05257	0.00443	0.03201	0.36997

[dist]
# distance from previous block
# <min> <max>
3	7

[block]
# block no. 17 follows, 52 sequences, length 8
# corresponding to MSA columns:
# 1517-1524
name=unknown_R
#
# <colnr> <probs for GDERKNQSTAVLIFYWHMCP>
#	G	D	E	R	K	N	Q	S	T	A	V	L	I	F	Y	W	H	M	C	P
0	0.04127	0.14841	0.01592	0.01098	0.01385	0.04591	0.06455	0.18128	0.21011	0.03438	0.01173	0.01257	0.00917	0.00600	0.00649	0.00155	0.14967	0.00434	0.02502	0.00682
1	0.10403	0.00730	0.00878	0.00742	0.00999	0.00690	0.00589	0.07070	0.01314	0.33479	0.18558	0.09547	0.11343	0.00822	0.00507	0.00156	0.00347	0.00685	0.00515	0.00627
2	0.01297	0.00991	0.01079	0.00929	0.01228	0.01080	0.00730	0.06251	0.55907	0.09547	0.01790	0.01675	0.01328	0.00612	0.00471	0.00150	0.00384	0.00504	0.04288	0.09760
3	0.07270	0.00887	0.01120	0.00851	0.01238	0.00751	0.06261	0.04604	0.01088	0.05747	0.01104	0.01523	0.00953	0.00495	0.00415	0.00107	0.00413	0.08395	0.00326	0.56451
4	0.15596	0.07581	0.12697	0.01070	0.01474	0.03167	0.06515	0.18989	0.15366	0.11069	0.01211	0.01227	0.00879	0.00531	0.00444	0.00149	0.00520	0.00416	0.00385	0.00715
5	0.00723	0.00500	0.00555	0.00550	0.00573	0.00504	0.00322	0.00799	0.04708	0.01016	0.01745	0.03188	0.06263	0.74056	0.02257	0.00437	0.00452	0.00715	0.00313	0.00324
6	0.01112	0.02384	0.06712	0.03519	0.06968	0.04981	0.04818	0.17678	0.06844	0.01849	0.10476	0.10482	0.10706	0.00898	0.03966	0.00181	0.00497	0.00656	0.04667	0.00605
7	0.01226	0.07004	0.01195	0.00958	0.01237	0.01221	0.00760	0.09655	0.59439	0.02028	0.05451	0.04774	0.01562	0.00680	0.00487	0.00159	0.00397	0.00562	0.00472	0.00734

[dist]
# distance from previous block
# <min> <max>
0	5

[block]
# block no. 18 follows, 52 sequences, length 21
# corresponding to MSA columns:
# 1536,1544-1563
name=unknown_S
#
# <colnr> <probs for GDERKNQSTAVLIFYWHMCP>
#	G	D	E	R	K	N	Q	S	T	A	V	L	I	F	Y	W	H	M	C	P
0	0.01460	0.29090	0.06974	0.01038	0.02655	0.04271	0.02158	0.27653	0.05888	0.03896	0.00985	0.01049	0.00766	0.00499	0.00433	0.00127	0.01991	0.00363	0.00337	0.08366
1	0.24693	0.01923	0.00909	0.02451	0.07154	0.00870	0.00664	0.03442	0.07782	0.04713	0.07077	0.11356	0.13958	0.00878	0.01978	0.00176	0.04771	0.04280	0.00384	0.00543
2	0.05316	0.00519	0.00646	0.00611	0.00728	0.00494	0.00457	0.00930	0.01293	0.01880	0.68752	0.03474	0.04134	0.06370	0.00684	0.00175	0.00257	0.02329	0.00503	0.00450
3	0.07896	0.03400	0.01458	0.01260	0.09175	0.05577	0.08126	0.31018	0.06218	0.08082	0.01180	0.01264	0.00876	0.00544	0.00490	0.00145	0.02983	0.00436	0.09162	0.00710
4	0.00663	0.00495	0.00661	0.00716	0.00762	0.00505	0.00512	0.00784	0.01001	0.01381	0.16166	0.56503	0.03161	0.01334	0.00687	0.00189	0.07200	0.04047	0.02813	0.00420
5	0.01157	0.04991	0.13108	0.09827	0.27177	0.04582	0.15361	0.01454	0.01045	0.03615	0.00894	0.01182	0.00718	0.00539	0.00654	0.04032	0.08334	0.00434	0.00238	0.00656
6	0.00835	0.00425	0.00638	0.00638	0.00642	0.00429	0.00429	0.00642	0.00638	0.00855	0.00862	0.01493	0.00858	0.01772	0.05473	0.82052	0.00461	0.00425	0.00213	0.00220
7	0.01079	0.01048	0.09515	0.30908	0.14866	0.00999	0.01182	0.06116	0.01133	0.07170	0.06004	0.05209	0.02710	0.00649	0.00556	0.00163	0.04238	0.05530	0.00311	0.00612
8	0.00594	0.00445	0.00551	0.00623	0.00692	0.00403	0.00430	0.00700	0.01009	0.01314	0.09624	0.56335	0.22718	0.01401	0.00603	0.00185	0.00268	0.01246	0.00457	0.00403
9	0.06615	0.00961	0.01498	0.38810	0.06514	0.01207	0.05506	0.01243	0.00900	0.01312	0.00832	0.03367	0.00715	0.00624	0.00847	0.00178	0.27642	0.00451	0.00229	0.00550
10	0.00670	0.00464	0.00546	0.00565	0.00595	0.00448	0.00349	0.00721	0.00854	0.01139	0.10703	0.19506	0.08165	0.51202	0.01739	0.00356	0.00388	0.00884	0.00364	0.00341
