[name]
unknown

[dist]
# distance from previous block
# <min> <max>
0	165

[block]
# block no. 0 follows, 54 sequences, length 21
# corresponding to MSA columns:
# 172-192
name=unknown_A
#
# <colnr> <probs for GDERKNQSTAVLIFYWHMCP>
#	G	D	E	R	K	N	Q	S	T	A	V	L	I	F	Y	W	H	M	C	P
0	0.04647	0.29375	0.01590	0.00903	0.01229	0.05196	0.04454	0.07154	0.11316	0.07042	0.01245	0.06370	0.01105	0.00597	0.00419	0.00132	0.00470	0.06806	0.00333	0.09616
1	0.03002	0.01232	0.06240	0.13543	0.13739	0.12983	0.01002	0.12030	0.11807	0.06508	0.01406	0.01555	0.06694	0.00714	0.04251	0.00175	0.00585	0.01558	0.00336	0.00641
2	0.01226	0.13741	0.30960	0.01057	0.01521	0.03011	0.01116	0.20825	0.01312	0.04714	0.01193	0.07471	0.03583	0.00576	0.00443	0.00138	0.00547	0.00451	0.00314	0.05800
3	0.00806	0.00511	0.00621	0.00594	0.00735	0.00457	0.00440	0.00949	0.01117	0.11842	0.23580	0.15271	0.30713	0.06635	0.03401	0.00199	0.00310	0.00903	0.00462	0.00455
4	0.00967	0.00788	0.01262	0.14093	0.06744	0.00768	0.13213	0.01243	0.04829	0.07435	0.02938	0.25335	0.01556	0.00761	0.00503	0.00151	0.00456	0.00709	0.02893	0.13356
5	0.01049	0.01132	0.09774	0.43793	0.18057	0.01115	0.06310	0.07867	0.03579	0.01493	0.00915	0.01219	0.00694	0.00467	0.00474	0.00152	0.00616	0.00425	0.00246	0.00623
6	0.00992	0.07603	0.13602	0.07714	0.09084	0.00935	0.06064	0.02644	0.07681	0.06169	0.01467	0.18435	0.01399	0.01024	0.08460	0.00218	0.01834	0.03770	0.00322	0.00583
7	0.00648	0.00506	0.00593	0.00595	0.00717	0.00471	0.00437	0.00890	0.07194	0.01535	0.31335	0.20927	0.30155	0.01129	0.00560	0.00162	0.00251	0.00983	0.00470	0.00439
8	0.00819	0.00410	0.00614	0.00614	0.00614	0.00410	0.00410	0.00614	0.00614	0.00819	0.00819	0.01433	0.00819	0.01638	0.01843	0.86282	0.00410	0.00410	0.00205	0.00205
9	0.03109	0.09268	0.31152	0.03673	0.06515	0.07909	0.04582	0.14395	0.01205	0.03384	0.00937	0.01190	0.00748	0.07056	0.00624	0.00167	0.02773	0.00393	0.00270	0.00650
10	0.65934	0.00933	0.00849	0.00726	0.01023	0.01049	0.03038	0.09531	0.00996	0.06427	0.00885	0.05250	0.00722	0.00513	0.00345	0.00148	0.00392	0.00352	0.00333	0.00554
11	0.01370	0.01133	0.04388	0.18417	0.09867	0.04933	0.10299	0.12188	0.12731	0.15552	0.01222	0.01331	0.00884	0.00525	0.00512	0.00151	0.03000	0.00454	0.00357	0.00686
12	0.00584	0.00462	0.00526	0.00545	0.00662	0.00404	0.00396	0.00716	0.01086	0.01383	0.19752	0.23606	0.45776	0.01216	0.00568	0.00165	0.00244	0.01051	0.00454	0.00404
13	0.04633	0.00963	0.01018	0.00764	0.01155	0.06023	0.00609	0.05040	0.04489	0.04320	0.00919	0.01023	0.00738	0.00393	0.00368	0.00086	0.00394	0.00305	0.00306	0.66456
14	0.00731	0.00503	0.00614	0.00630	0.00739	0.00474	0.00455	0.00951	0.06517	0.05680	0.21057	0.36363	0.17109	0.01156	0.00555	0.00167	0.00266	0.01018	0.04565	0.00450
15	0.01077	0.01058	0.11597	0.03586	0.06535	0.00935	0.14705	0.06518	0.01073	0.06103	0.01203	0.05776	0.00991	0.00677	0.03003	0.00167	0.11203	0.00495	0.22716	0.00581
16	0.00624	0.00470	0.00515	0.00509	0.00599	0.00428	0.00343	0.00712	0.00963	0.01227	0.14881	0.03821	0.38364	0.33070	0.01272	0.00273	0.00321	0.00854	0.00391	0.00362
17	0.01112	0.01006	0.01288	0.10715	0.02707	0.03413	0.05744	0.09230	0.27472	0.01689	0.06560	0.06657	0.01332	0.00703	0.00721	0.00167	0.17951	0.00549	0.00363	0.00621
18	0.00731	0.00562	0.00802	0.00794	0.00866	0.00587	0.04259	0.00846	0.00941	0.04516	0.06738	0.55096	0.07401	0.01252	0.00721	0.00186	0.11772	0.01089	0.00407	0.00435
19	0.01421	0.14985	0.03395	0.01077	0.05069	0.04312	0.04984	0.09056	0.02320	0.20992	0.01113	0.01215	0.00842	0.00716	0.05401	0.00175	0.12302	0.00400	0.01886	0.08340
20	0.01264	0.11546	0.10337	0.04384	0.04222	0.01086	0.06278	0.17872	0.02237	0.07894	0.01137	0.03057	0.03153	0.00496	0.00427	0.00122	0.00492	0.00408	0.00329	0.23259

[dist]
# distance from previous block
# <min> <max>
1	10

[block]
# block no. 1 follows, 54 sequences, length 6
# corresponding to MSA columns:
# 203-208
name=unknown_B
#
# <colnr> <probs for GDERKNQSTAVLIFYWHMCP>
#	G	D	E	R	K	N	Q	S	T	A	V	L	I	F	Y	W	H	M	C	P
0	0.01113	0.00864	0.00957	0.00842	0.05304	0.05932	0.00616	0.03557	0.04846	0.10836	0.04342	0.05371	0.12387	0.00609	0.00432	0.00115	0.00376	0.00503	0.04052	0.36946
1	0.01155	0.16378	0.21817	0.01043	0.04879	0.04254	0.00988	0.04893	0.09156	0.07225	0.02831	0.05807	0.03700	0.00553	0.00427	0.00130	0.00499	0.00441	0.00311	0.13513
2	0.01066	0.00914	0.05619	0.04269	0.01227	0.00724	0.00675	0.08542	0.01137	0.05846	0.06736	0.04552	0.01114	0.00491	0.00402	0.00101	0.00382	0.00404	0.04141	0.51658
3	0.00813	0.00523	0.00689	0.00672	0.00765	0.00547	0.00488	0.00976	0.03716	0.08058	0.05113	0.10658	0.03969	0.23022	0.34145	0.00480	0.00734	0.00663	0.03539	0.00429
4	0.00664	0.00497	0.00689	0.06538	0.00921	0.00527	0.00549	0.00815	0.00893	0.01229	0.06960	0.22820	0.10027	0.06120	0.31982	0.00412	0.00687	0.03124	0.04134	0.00413
5	0.00782	0.00566	0.00670	0.00685	0.00817	0.00559	0.00519	0.01121	0.13975	0.04740	0.10425	0.26927	0.19528	0.01118	0.00554	0.00172	0.00301	0.11002	0.05059	0.00479

[dist]
# distance from previous block
# <min> <max>
0	2

[block]
# block no. 2 follows, 54 sequences, length 7
# corresponding to MSA columns:
# 211-217
name=unknown_C
#
# <colnr> <probs for GDERKNQSTAVLIFYWHMCP>
#	G	D	E	R	K	N	Q	S	T	A	V	L	I	F	Y	W	H	M	C	P
0	0.00952	0.00719	0.00901	0.03724	0.03618	0.03909	0.02202	0.07164	0.03681	0.06750	0.03537	0.29082	0.05482	0.02603	0.00640	0.00184	0.04141	0.17734	0.02473	0.00502
1	0.04233	0.00533	0.00663	0.00627	0.00771	0.00495	0.00470	0.01028	0.01147	0.12995	0.33151	0.16609	0.16109	0.03820	0.05018	0.00200	0.00330	0.00856	0.00470	0.00474
2	0.01046	0.00867	0.01007	0.00749	0.01143	0.00707	0.00606	0.09035	0.01110	0.01673	0.00978	0.01282	0.00843	0.00435	0.00382	0.00087	0.00372	0.05424	0.00309	0.71944
3	0.07793	0.00844	0.01356	0.75731	0.03060	0.01048	0.01245	0.01219	0.00932	0.01278	0.00823	0.01218	0.00619	0.00469	0.00457	0.00156	0.00607	0.00406	0.00216	0.00523
4	0.00775	0.00735	0.03743	0.00883	0.01065	0.03246	0.12027	0.02681	0.01081	0.01408	0.12285	0.19525	0.18865	0.05342	0.03287	0.00205	0.00439	0.11557	0.00391	0.00460
5	0.11870	0.01214	0.01240	0.00988	0.01330	0.03848	0.00806	0.52233	0.11141	0.05956	0.01308	0.01287	0.03503	0.00579	0.00453	0.00144	0.00479	0.00434	0.00447	0.00739
6	0.00674	0.00505	0.00758	0.00758	0.00842	0.00589	0.00589	0.00842	0.00758	0.01095	0.01263	0.01852	0.01179	0.03536	0.81561	0.00758	0.01263	0.00505	0.00253	0.00421

[dist]
# distance from previous block
# <min> <max>
5	9

[block]
# block no. 3 follows, 54 sequences, length 10
# corresponding to MSA columns:
# 228-237
name=unknown_D
#
# <colnr> <probs for GDERKNQSTAVLIFYWHMCP>
#	G	D	E	R	K	N	Q	S	T	A	V	L	I	F	Y	W	H	M	C	P
0	0.01188	0.17852	0.12198	0.00940	0.01384	0.04473	0.05198	0.08110	0.01122	0.04781	0.00871	0.00986	0.00691	0.00410	0.00384	0.00103	0.00490	0.00320	0.00278	0.38221
1	0.01013	0.06780	0.06221	0.23503	0.34406	0.01077	0.05331	0.01292	0.01019	0.01389	0.03350	0.05642	0.03939	0.00543	0.00499	0.00149	0.02482	0.00493	0.00249	0.00622
2	0.00618	0.00464	0.00575	0.00602	0.00701	0.00422	0.00443	0.00772	0.01120	0.01491	0.31848	0.27596	0.23595	0.01201	0.00577	0.00169	0.00257	0.06667	0.00468	0.00414
3	0.01055	0.01000	0.02864	0.18167	0.28070	0.03755	0.05005	0.06606	0.04153	0.01526	0.04382	0.06579	0.04338	0.01794	0.01737	0.00165	0.04461	0.00530	0.03201	0.00610
4	0.01287	0.01113	0.07267	0.14243	0.17354	0.03712	0.04920	0.10899	0.03011	0.13812	0.03510	0.04087	0.00984	0.00523	0.00464	0.00139	0.00523	0.00456	0.00337	0.11361
5	0.00967	0.00909	0.01067	0.00948	0.01026	0.09957	0.04241	0.04217	0.00876	0.01164	0.01136	0.06869	0.01184	0.24983	0.13318	0.00345	0.25519	0.00558	0.00267	0.00448
6	0.00663	0.00451	0.00538	0.00560	0.00571	0.00452	0.00338	0.00691	0.00734	0.00985	0.01693	0.19007	0.01957	0.61381	0.07646	0.00425	0.00477	0.00804	0.00314	0.00315
7	0.07521	0.01085	0.01283	0.03926	0.08048	0.08859	0.07445	0.20224	0.03514	0.06003	0.05488	0.06874	0.07269	0.00688	0.00535	0.00152	0.04250	0.03986	0.00373	0.02477
8	0.04453	0.05748	0.07307	0.13439	0.09278	0.06887	0.03616	0.12023	0.06040	0.04293	0.03364	0.01278	0.00895	0.04011	0.00564	0.00149	0.03801	0.00410	0.00304	0.12139
9	0.04010	0.04258	0.00968	0.04107	0.01070	0.00820	0.00628	0.10106	0.08887	0.09997	0.09457	0.10958	0.01639	0.10054	0.09035	0.00242	0.02927	0.00597	0.01845	0.08396

[dist]
# distance from previous block
# <min> <max>
12	55

[block]
# block no. 4 follows, 54 sequences, length 13
# corresponding to MSA columns:
# 310-322
name=unknown_E
#
# <colnr> <probs for GDERKNQSTAVLIFYWHMCP>
#	G	D	E	R	K	N	Q	S	T	A	V	L	I	F	Y	W	H	M	C	P
0	0.01106	0.01119	0.01333	0.01159	0.01236	0.13424	0.03694	0.01232	0.00859	0.03323	0.00858	0.04847	0.00824	0.01148	0.12096	0.00264	0.50265	0.00457	0.00240	0.00514
1	0.00692	0.00471	0.00652	0.00664	0.00719	0.00494	0.00480	0.00731	0.00800	0.01084	0.04819	0.16203	0.11047	0.05787	0.27450	0.23642	0.02907	0.00701	0.00304	0.00351
2	0.01048	0.00853	0.01055	0.00757	0.01175	0.00654	0.03641	0.01263	0.01004	0.06032	0.00901	0.01025	0.00726	0.00364	0.00364	0.00078	0.00370	0.00301	0.00295	0.78093
3	0.00707	0.00529	0.00585	0.00566	0.00723	0.00481	0.00426	0.00944	0.07263	0.05051	0.19124	0.09307	0.48290	0.01081	0.00545	0.00157	0.00255	0.00917	0.02595	0.00453
4	0.75613	0.11707	0.00925	0.00644	0.00951	0.01163	0.00549	0.01389	0.00823	0.01984	0.00656	0.00765	0.00523	0.00433	0.00293	0.00140	0.00383	0.00255	0.00280	0.00523
5	0.00698	0.00457	0.00607	0.00647	0.00722	0.00422	0.00456	0.00831	0.01068	0.06263	0.27439	0.52654	0.03426	0.01258	0.00579	0.00175	0.00265	0.01131	0.00473	0.00428
6	0.00588	0.00429	0.00554	0.00629	0.00683	0.00394	0.00431	0.00696	0.00989	0.01322	0.15377	0.62544	0.10892	0.01366	0.00590	0.00181	0.00262	0.01228	0.00451	0.00394
7	0.00826	0.11342	0.00873	0.00641	0.00748	0.00687	0.00475	0.00930	0.00845	0.04722	0.09127	0.02370	0.01649	0.35665	0.24064	0.00440	0.00657	0.00578	0.02952	0.00409
8	0.01169	0.72862	0.02211	0.00764	0.01135	0.01674	0.00748	0.01316	0.00973	0.01131	0.01193	0.01249	0.10995	0.00506	0.00336	0.00108	0.00470	0.00349	0.00232	0.00578
9	0.00729	0.00614	0.00807	0.00812	0.00879	0.03106	0.03595	0.00875	0.03121	0.01233	0.02140	0.50580	0.04762	0.03350	0.05539	0.00228	0.11111	0.04314	0.01777	0.00429
10	0.00940	0.00720	0.00928	0.00856	0.00966	0.02243	0.01928	0.11103	0.01022	0.04487	0.01527	0.23057	0.01568	0.06966	0.23429	0.00356	0.13673	0.00705	0.03037	0.00488
11	0.05646	0.00815	0.01031	0.00879	0.02425	0.03890	0.07153	0.06818	0.05209	0.21709	0.03534	0.04160	0.03714	0.11516	0.02388	0.03274	0.02095	0.01573	0.11600	0.00572
12	0.11600	0.02993	0.02044	0.00783	0.01066	0.06412	0.00631	0.11158	0.02532	0.12099	0.03023	0.07992	0.13847	0.01828	0.00506	0.00140	0.03116	0.00543	0.00382	0.17303

[dist]
# distance from previous block
# <min> <max>
0	45

[block]
# block no. 5 follows, 54 sequences, length 12
# corresponding to MSA columns:
# 368-379
name=unknown_F
#
# <colnr> <probs for GDERKNQSTAVLIFYWHMCP>
#	G	D	E	R	K	N	Q	S	T	A	V	L	I	F	Y	W	H	M	C	P
0	0.04042	0.09220	0.09615	0.03328	0.01267	0.00902	0.04099	0.08334	0.05236	0.07384	0.06579	0.15175	0.01425	0.00663	0.00449	0.00134	0.00425	0.00562	0.02564	0.18595
1	0.07187	0.00656	0.00807	0.11499	0.01168	0.00702	0.00628	0.05773	0.11675	0.01535	0.07020	0.40764	0.04960	0.01033	0.00528	0.00170	0.00353	0.00909	0.00406	0.02226
2	0.00883	0.00715	0.00831	0.00646	0.00957	0.00563	0.00499	0.01068	0.00984	0.01500	0.06143	0.06757	0.05975	0.05505	0.00512	0.00114	0.00327	0.00461	0.06686	0.58875
3	0.00758	0.00414	0.00593	0.00614	0.00628	0.00404	0.00412	0.00626	0.00696	0.00918	0.01390	0.16697	0.06113	0.01581	0.01535	0.65119	0.00374	0.00617	0.00262	0.00249
4	0.03489	0.01329	0.06225	0.15518	0.09624	0.16262	0.06206	0.09751	0.09790	0.04110	0.02268	0.01218	0.00835	0.00528	0.00542	0.00147	0.06967	0.00416	0.02000	0.02775
5	0.00578	0.00445	0.00529	0.00579	0.00668	0.00396	0.00407	0.00690	0.01018	0.01307	0.11961	0.43346	0.33768	0.01309	0.00579	0.00174	0.00254	0.01151	0.00447	0.00396
6	0.01028	0.01031	0.08644	0.03391	0.01265	0.01001	0.02515	0.07483	0.37187	0.01777	0.07717	0.07032	0.11437	0.00761	0.00564	0.00161	0.05326	0.00628	0.00418	0.00635
7	0.00645	0.00466	0.00602	0.00619	0.00703	0.00434	0.00451	0.00810	0.01146	0.01577	0.44670	0.24628	0.08177	0.06382	0.00693	0.00185	0.00267	0.06660	0.00472	0.00415
8	0.06745	0.03270	0.01406	0.08625	0.09223	0.03336	0.01010	0.01230	0.00857	0.03282	0.05476	0.01199	0.00868	0.00709	0.01111	0.00181	0.50257	0.00424	0.00244	0.00545
9	0.00807	0.07650	0.00873	0.00711	0.00820	0.00697	0.02633	0.03450	0.07588	0.01259	0.06644	0.15155	0.01934	0.32663	0.10185	0.00341	0.00509	0.05311	0.00343	0.00427
10	0.25113	0.04003	0.07295	0.06694	0.11997	0.03984	0.05733	0.22765	0.02435	0.04408	0.00919	0.01043	0.00688	0.00479	0.00417	0.00144	0.00524	0.00372	0.00324	0.00661
11	0.08871	0.17622	0.01575	0.02453	0.12261	0.13447	0.05539	0.09764	0.01176	0.02631	0.02904	0.01152	0.00822	0.00497	0.00437	0.01970	0.00537	0.02274	0.00283	0.13786

[dist]
# distance from previous block
# <min> <max>
1	23

[block]
# block no. 6 follows, 54 sequences, length 20
# corresponding to MSA columns:
# 403-422
name=unknown_G
#
# <colnr> <probs for GDERKNQSTAVLIFYWHMCP>
#	G	D	E	R	K	N	Q	S	T	A	V	L	I	F	Y	W	H	M	C	P
0	0.01136	0.28317	0.17457	0.04765	0.07334	0.03005	0.01005	0.04535	0.08492	0.03743	0.01030	0.04422	0.00884	0.00689	0.02326	0.07830	0.00543	0.01615	0.00268	0.00605
1	0.03070	0.08302	0.04588	0.00951	0.01252	0.00998	0.07131	0.13213	0.12545	0.17013	0.15814	0.04090	0.02683	0.00673	0.00507	0.00149	0.02254	0.02519	0.01596	0.00651
2	0.00837	0.00524	0.00646	0.00628	0.00768	0.00489	0.00489	0.01044	0.02887	0.09432	0.28762	0.07431	0.17359	0.04011	0.00604	0.00170	0.00290	0.12558	0.10604	0.00467
3	0.03034	0.01674	0.34549	0.06308	0.18605	0.06794	0.04690	0.01496	0.01034	0.06632	0.00927	0.01128	0.00704	0.00570	0.02941	0.00167	0.05547	0.00390	0.02149	0.00662
4	0.01419	0.18776	0.03227	0.05572	0.07828	0.01159	0.02851	0.18255	0.03944	0.16413	0.01105	0.01248	0.00847	0.02078	0.00670	0.12730	0.00492	0.00404	0.00347	0.00635
5	0.02994	0.00985	0.01159	0.00985	0.01161	0.04638	0.02592	0.14707	0.10898	0.08627	0.01469	0.03000	0.06656	0.07514	0.00955	0.00192	0.24897	0.02481	0.03500	0.00589
6	0.00694	0.00454	0.00566	0.00574	0.00588	0.00465	0.00358	0.00697	0.00702	0.00949	0.01444	0.08509	0.01618	0.54792	0.13699	0.12086	0.00554	0.00670	0.00281	0.00301
7	0.00689	0.00504	0.00649	0.00720	0.00816	0.00484	0.00582	0.00847	0.01024	0.01318	0.05169	0.13147	0.17763	0.11032	0.00832	0.00230	0.00375	0.42993	0.00420	0.00404
8	0.03881	0.01696	0.01411	0.01181	0.01459	0.39573	0.04595	0.25130	0.01518	0.05543	0.00903	0.01007	0.00697	0.00543	0.00556	0.00140	0.08835	0.00370	0.00326	0.00636
9	0.05934	0.01090	0.01420	0.01108	0.01429	0.04390	0.16955	0.30107	0.05691	0.05930	0.03987	0.01511	0.01068	0.00562	0.00465	0.00144	0.00508	0.03084	0.13961	0.00656
10	0.00665	0.00458	0.00587	0.00609	0.00693	0.00421	0.00435	0.00782	0.01067	0.03192	0.29932	0.31254	0.15338	0.02829	0.00714	0.07234	0.00271	0.02671	0.00447	0.00401
11	0.01167	0.01120	0.01914	0.02894	0.80488	0.01120	0.01447	0.01447	0.01074	0.01540	0.00887	0.01167	0.00747	0.00420	0.00467	0.00140	0.00560	0.00420	0.00233	0.00747
12	0.00969	0.02279	0.70243	0.01432	0.02099	0.01108	0.12324	0.01496	0.01012	0.01496	0.00861	0.01033	0.00614	0.00441	0.00463	0.00151	0.00710	0.00377	0.00205	0.00688
13	0.01967	0.00824	0.01086	0.00841	0.01186	0.00743	0.00691	0.09233	0.01428	0.67181	0.08219	0.01719	0.01403	0.00613	0.00481	0.00146	0.00397	0.00501	0.00568	0.00773
14	0.01281	0.58255	0.02016	0.00806	0.01163	0.01521	0.03078	0.03291	0.03873	0.07653	0.00939	0.01022	0.00771	0.00450	0.00338	0.00111	0.00461	0.00319	0.12042	0.00609
15	0.02288	0.00624	0.00819	0.00722	0.00844	0.00640	0.03711	0.05721	0.00946	0.12292	0.05347	0.02403	0.02749	0.39450	0.15368	0.00397	0.03039	0.00599	0.01592	0.00449
16	0.00615	0.00466	0.00569	0.00603	0.00695	0.00429	0.00429	0.00784	0.03506	0.01438	0.24876	0.38624	0.22761	0.01237	0.00574	0.00170	0.00254	0.01092	0.00462	0.00415
17	0.00905	0.00833	0.01349	0.29255	0.31574	0.00890	0.01104	0.01148	0.01011	0.01354	0.03274	0.12927	0.11050	0.00691	0.00500	0.00155	0.00497	0.00627	0.00285	0.00571
18	0.01327	0.01494	0.01266	0.01133	0.01264	0.37143	0.00885	0.01497	0.05869	0.01170	0.00807	0.01081	0.00717	0.00907	0.06546	0.06291	0.29466	0.00377	0.00243	0.00515
19	0.52510	0.00944	0.01090	0.15927	0.18701	0.01070	0.00860	0.01366	0.00887	0.01825	0.00740	0.00943	0.00584	0.00440	0.00363	0.00147	0.00455	0.00321	0.00264	0.00565

[dist]
# distance from previous block
# <min> <max>
0	1

[block]
# block no. 7 follows, 54 sequences, length 17
# corresponding to MSA columns:
# 424,427-442
name=unknown_H
#
# <colnr> <probs for GDERKNQSTAVLIFYWHMCP>
#	G	D	E	R	K	N	Q	S	T	A	V	L	I	F	Y	W	H	M	C	P
0	0.16885	0.00969	0.01014	0.00831	0.01136	0.03861	0.00673	0.19159	0.11316	0.26123	0.01407	0.01361	0.00988	0.00553	0.00421	0.00141	0.00410	0.00421	0.11645	0.00686
1	0.01141	0.01231	0.05731	0.08736	0.33555	0.06351	0.20098	0.04285	0.01102	0.01498	0.02578	0.02997	0.00845	0.00552	0.02225	0.00163	0.05537	0.00472	0.00250	0.00653
2	0.06299	0.00864	0.00998	0.13079	0.03520	0.09779	0.03390	0.03737	0.01174	0.06774	0.24464	0.10273	0.08726	0.00785	0.00520	0.00151	0.01918	0.00667	0.00387	0.02496
3	0.00683	0.00518	0.00603	0.00586	0.00732	0.00472	0.00451	0.00911	0.04972	0.03448	0.34281	0.03993	0.38488	0.01070	0.00558	0.00159	0.00258	0.06894	0.00475	0.00446
4	0.03196	0.01099	0.01077	0.01074	0.05001	0.19950	0.03138	0.05090	0.08978	0.04357	0.03974	0.04207	0.04634	0.00875	0.00552	0.00171	0.01745	0.29958	0.00381	0.00545
5	0.10771	0.02880	0.04740	0.01094	0.03121	0.28200	0.04243	0.17572	0.03758	0.09976	0.05329	0.04133	0.01024	0.00565	0.00446	0.00139	0.00593	0.00429	0.00356	0.00632
6	0.00693	0.00495	0.00683	0.00792	0.00872	0.00485	0.00644	0.00862	0.01020	0.01337	0.02533	0.33256	0.02859	0.01365	0.00634	0.00208	0.00376	0.50034	0.00435	0.00416
7	0.01345	0.01159	0.01775	0.13763	0.05461	0.01229	0.23496	0.35176	0.01559	0.02089	0.01135	0.03851	0.00910	0.00559	0.00508	0.00154	0.00606	0.04195	0.00351	0.00679
8	0.01106	0.01167	0.08554	0.11625	0.39134	0.01060	0.15339	0.01421	0.01074	0.04536	0.05427	0.01324	0.00937	0.00467	0.00505	0.00146	0.02218	0.00461	0.00259	0.03240
9	0.01278	0.08466	0.11410	0.08145	0.18123	0.05488	0.06123	0.06778	0.04307	0.11578	0.04413	0.01268	0.00930	0.00509	0.00512	0.00142	0.04977	0.00422	0.00308	0.04819
10	0.01174	0.46319	0.29677	0.01059	0.01547	0.06589	0.03134	0.01466	0.00993	0.01256	0.00733	0.00865	0.00606	0.00434	0.00396	0.00123	0.02493	0.00300	0.00204	0.00632
11	0.01206	0.01057	0.01575	0.01254	0.01485	0.01209	0.18098	0.13578	0.11479	0.06346	0.01327	0.04932	0.05214	0.00699	0.00862	0.00173	0.28011	0.00537	0.00336	0.00622
12	0.01222	0.12699	0.08472	0.07882	0.26922	0.07983	0.01105	0.05927	0.08156	0.05362	0.04825	0.04006	0.01064	0.00541	0.00453	0.00141	0.00540	0.01737	0.00301	0.00663
13	0.07551	0.02731	0.09380	0.01571	0.09405	0.02548	0.33201	0.06472	0.04433	0.11836	0.01157	0.01454	0.00890	0.00502	0.00497	0.00154	0.00623	0.04612	0.00317	0.00666
14	0.04327	0.00528	0.00596	0.00676	0.00730	0.04351	0.00462	0.00756	0.00912	0.01229	0.02405	0.67521	0.05121	0.04201	0.03640	0.00215	0.00347	0.01180	0.00410	0.00395
15	0.00829	0.00446	0.00672	0.00719	0.04475	0.00446	0.00453	0.00658	0.00640	0.00859	0.00858	0.01509	0.00864	0.05991	0.01806	0.77483	0.00419	0.00425	0.00211	0.00235
16	0.05184	0.09594	0.07493	0.07747	0.05599	0.10312	0.09560	0.03140	0.04767	0.01396	0.01260	0.10855	0.01213	0.00842	0.04485	0.00188	0.06472	0.09044	0.00292	0.00557

[dist]
# distance from previous block
# <min> <max>
1	27

[block]
# block no. 8 follows, 54 sequences, length 14
# corresponding to MSA columns:
# 473-486
name=unknown_I
#
# <colnr> <probs for GDERKNQSTAVLIFYWHMCP>
#	G	D	E	R	K	N	Q	S	T	A	V	L	I	F	Y	W	H	M	C	P
0	0.01432	0.30310	0.04648	0.05878	0.11762	0.36014	0.00997	0.01610	0.01136	0.01204	0.00734	0.00887	0.00626	0.00447	0.00391	0.00120	0.00674	0.00309	0.00224	0.00597
1	0.00681	0.00482	0.00608	0.00631	0.00657	0.00507	0.00422	0.00747	0.00784	0.01084	0.01768	0.26524	0.02007	0.39214	0.11101	0.00378	0.05080	0.02750	0.04218	0.00354
2	0.04772	0.37467	0.13777	0.00949	0.01380	0.01340	0.05756	0.04191	0.03260	0.04067	0.00851	0.00977	0.00695	0.00546	0.03624	0.00139	0.00543	0.00322	0.00253	0.15091
3	0.05315	0.14463	0.06118	0.01181	0.04974	0.03406	0.16038	0.11196	0.02825	0.15237	0.04812	0.08366	0.01160	0.00583	0.00463	0.00143	0.00523	0.00513	0.00357	0.02326
4	0.00687	0.00468	0.00584	0.00584	0.00607	0.00491	0.00373	0.00726	0.00703	0.00960	0.01399	0.02686	0.01534	0.58531	0.23957	0.03813	0.00675	0.00626	0.00274	0.00319
5	0.01143	0.00819	0.01156	0.09505	0.05012	0.05936	0.09622	0.01323	0.07841	0.13195	0.01321	0.04907	0.04191	0.00972	0.00968	0.30288	0.00495	0.00504	0.00313	0.00487
6	0.02722	0.01024	0.04566	0.31427	0.05461	0.02910	0.03662	0.14077	0.03745	0.13457	0.04439	0.02917	0.00978	0.00547	0.00497	0.00149	0.02552	0.00458	0.00340	0.04073
7	0.00664	0.00511	0.00588	0.00585	0.00723	0.00467	0.00440	0.00884	0.05684	0.02937	0.25109	0.13160	0.40395	0.01125	0.00561	0.00163	0.00259	0.04840	0.00465	0.00439
8	0.01669	0.01540	0.01309	0.01098	0.01394	0.33712	0.03760	0.23278	0.06764	0.12417	0.05432	0.01363	0.01057	0.00575	0.00466	0.00138	0.00620	0.02361	0.00387	0.00660
9	0.01390	0.02616	0.03416	0.18718	0.09905	0.15512	0.02605	0.12318	0.11327	0.10393	0.01107	0.01230	0.00826	0.00522	0.00499	0.00144	0.03659	0.00414	0.00332	0.03068
10	0.01049	0.01001	0.01632	0.14815	0.47331	0.01051	0.03414	0.01332	0.02952	0.01442	0.01231	0.01481	0.07843	0.00530	0.00557	0.00147	0.06926	0.00471	0.00254	0.04543
11	0.00582	0.00423	0.00541	0.00626	0.00670	0.00391	0.00421	0.00670	0.00928	0.01223	0.05815	0.66608	0.12074	0.05800	0.00691	0.00200	0.00277	0.01246	0.00433	0.00382
12	0.00811	0.00646	0.00903	0.01119	0.15226	0.00641	0.00722	0.04142	0.04134	0.01460	0.07407	0.26115	0.09374	0.04400	0.00645	0.00191	0.00382	0.20786	0.00402	0.00495
13	0.01100	0.04176	0.19657	0.01063	0.04666	0.13195	0.00957	0.07889	0.01141	0.01516	0.04364	0.10289	0.02997	0.02324	0.00533	0.00142	0.03609	0.02651	0.00299	0.17431

[dist]
# distance from previous block
# <min> <max>
0	88

[block]
# block no. 9 follows, 54 sequences, length 12
# corresponding to MSA columns:
# 577-588
name=unknown_J
#
# <colnr> <probs for GDERKNQSTAVLIFYWHMCP>
#	G	D	E	R	K	N	Q	S	T	A	V	L	I	F	Y	W	H	M	C	P
0	0.12612	0.01022	0.03430	0.09695	0.16263	0.02786	0.02364	0.09962	0.05986	0.05721	0.01011	0.01181	0.00789	0.00618	0.04414	0.00162	0.01981	0.00384	0.02815	0.16804
1	0.00844	0.00599	0.00693	0.00643	0.00765	0.00583	0.00446	0.04116	0.08344	0.04267	0.07313	0.11873	0.05586	0.38433	0.01367	0.00288	0.00389	0.03129	0.00367	0.09955
2	0.07360	0.03489	0.01408	0.48113	0.18055	0.01025	0.01163	0.01298	0.00977	0.04822	0.00960	0.03810	0.00771	0.00497	0.00450	0.00150	0.00552	0.00434	0.04092	0.00574
3	0.01074	0.01030	0.01136	0.14525	0.01441	0.14828	0.00850	0.04831	0.00974	0.03015	0.01113	0.01546	0.04036	0.08308	0.16027	0.00299	0.21307	0.00462	0.02702	0.00498
4	0.00585	0.00476	0.00518	0.00513	0.00655	0.00409	0.00383	0.00728	0.01131	0.01422	0.23160	0.07460	0.58617	0.01149	0.00559	0.00158	0.00236	0.00974	0.00458	0.00409
5	0.00978	0.00838	0.00978	0.00698	0.01117	0.00629	0.00559	0.01187	0.00978	0.01536	0.00838	0.00978	0.00698	0.00349	0.00349	0.00070	0.00349	0.00279	0.00279	0.86312
6	0.00639	0.00456	0.00562	0.00586	0.00653	0.00431	0.00405	0.00756	0.00996	0.01353	0.23682	0.26448	0.12901	0.19738	0.03666	0.00252	0.00331	0.02754	0.03007	0.00384
7	0.00910	0.00857	0.01428	0.64810	0.14814	0.01016	0.01267	0.01207	0.00971	0.01260	0.01106	0.01461	0.05923	0.00511	0.00476	0.00155	0.00592	0.00457	0.00228	0.00549
8	0.00606	0.00451	0.00514	0.00547	0.00641	0.00405	0.00383	0.00718	0.00998	0.01303	0.09671	0.30102	0.35923	0.08619	0.00721	0.00192	0.00267	0.01030	0.06519	0.00390
9	0.00727	0.00585	0.00909	0.00843	0.00938	0.00670	0.05762	0.00888	0.00771	0.01104	0.01226	0.01899	0.01172	0.12113	0.62160	0.00649	0.06383	0.00523	0.00252	0.00426
10	0.00870	0.00744	0.01170	0.00982	0.01186	0.02294	0.19221	0.01167	0.07514	0.04563	0.15656	0.22099	0.10131	0.04599	0.00633	0.00177	0.00422	0.03078	0.02990	0.00504
11	0.04547	0.03868	0.02995	0.10520	0.05071	0.02448	0.02757	0.07947	0.04358	0.07169	0.09012	0.01376	0.01135	0.00546	0.00488	0.04045	0.00436	0.00410	0.00330	0.30540

[dist]
# distance from previous block
# <min> <max>
2	27

[block]
# block no. 10 follows, 54 sequences, length 6
# corresponding to MSA columns:
# 622-627
name=unknown_K
#
# <colnr> <probs for GDERKNQSTAVLIFYWHMCP>
#	G	D	E	R	K	N	Q	S	T	A	V	L	I	F	Y	W	H	M	C	P
0	0.00719	0.00514	0.00661	0.00654	0.00750	0.00516	0.00494	0.00863	0.01000	0.03853	0.21020	0.05573	0.15981	0.16498	0.16368	0.00334	0.03051	0.10344	0.00391	0.00414
1	0.00815	0.00630	0.00832	0.02742	0.05712	0.00610	0.03248	0.05025	0.05400	0.04419	0.15819	0.18350	0.25232	0.01044	0.00555	0.00166	0.00336	0.08135	0.00436	0.00493
2	0.01140	0.01288	0.02369	0.01762	0.02167	0.10000	0.60391	0.01485	0.01134	0.01458	0.01122	0.01732	0.00954	0.00521	0.00554	0.00162	0.00756	0.10141	0.00263	0.00601
3	0.02834	0.02869	0.06044	0.14888	0.20524	0.01035	0.07270	0.06375	0.10012	0.09124	0.01114	0.01301	0.00853	0.00674	0.05122	0.01817	0.00576	0.00433	0.00308	0.06829
4	0.00876	0.00664	0.00863	0.00763	0.00954	0.00608	0.04806	0.05278	0.05070	0.04852	0.01874	0.34717	0.04271	0.11276	0.00745	0.00187	0.00366	0.00826	0.00381	0.20623
5	0.00815	0.00538	0.00624	0.00587	0.00720	0.00509	0.00437	0.05202	0.01152	0.05903	0.25275	0.03345	0.22168	0.14832	0.00835	0.00201	0.00303	0.04941	0.11167	0.00444

[dist]
# distance from previous block
# <min> <max>
6	42

[block]
# block no. 11 follows, 54 sequences, length 9
# corresponding to MSA columns:
# 670-678
name=unknown_L
#
# <colnr> <probs for GDERKNQSTAVLIFYWHMCP>
#	G	D	E	R	K	N	Q	S	T	A	V	L	I	F	Y	W	H	M	C	P
0	0.36062	0.01108	0.04970	0.08636	0.09719	0.07204	0.07700	0.03049	0.00998	0.08565	0.00930	0.03739	0.00743	0.00574	0.02443	0.00164	0.02128	0.00390	0.00296	0.00584
1	0.01322	0.41677	0.08379	0.00972	0.01349	0.05648	0.03720	0.06374	0.04216	0.08290	0.00879	0.00975	0.00710	0.00480	0.00476	0.00124	0.07793	0.00331	0.00272	0.06014
2	0.01166	0.00601	0.00776	0.00713	0.00890	0.00554	0.00535	0.03401	0.03122	0.28651	0.08635	0.31375	0.09076	0.05368	0.02681	0.00195	0.00354	0.00873	0.00484	0.00550
3	0.00617	0.00547	0.05076	0.00677	0.00766	0.00443	0.00515	0.00743	0.00957	0.01272	0.07943	0.55286	0.11616	0.05600	0.00682	0.00198	0.00310	0.05927	0.00422	0.00405
4	0.06111	0.03561	0.08503	0.07449	0.19908	0.04686	0.15900	0.11564	0.04868	0.08340	0.01018	0.01186	0.00766	0.00483	0.00508	0.00148	0.03585	0.00431	0.00303	0.00683
5	0.01131	0.14315	0.15594	0.05352	0.06162	0.01094	0.00945	0.08621	0.15522	0.07066	0.04242	0.07643	0.09033	0.00662	0.00463	0.00146	0.00466	0.00544	0.00357	0.00641
6	0.00831	0.00629	0.00724	0.00711	0.00803	0.04353	0.00523	0.00969	0.02508	0.06644	0.11171	0.28919	0.13690	0.10256	0.00863	0.00203	0.09211	0.02695	0.03853	0.00442
7	0.00854	0.03326	0.02509	0.00771	0.00907	0.05684	0.03462	0.06391	0.03513	0.02832	0.04710	0.42821	0.07634	0.06844	0.01721	0.00196	0.00387	0.00952	0.04023	0.00464
8	0.01064	0.05565	0.01094	0.00774	0.01140	0.03351	0.00624	0.06668	0.06559	0.01600	0.01084	0.04021	0.03019	0.00469	0.00416	0.00095	0.02776	0.00367	0.00309	0.59004

[dist]
# distance from previous block
# <min> <max>
0	56

[block]
# block no. 12 follows, 54 sequences, length 14
# corresponding to MSA columns:
# 735-748
name=unknown_M
#
# <colnr> <probs for GDERKNQSTAVLIFYWHMCP>
#	G	D	E	R	K	N	Q	S	T	A	V	L	I	F	Y	W	H	M	C	P
0	0.08424	0.02749	0.11798	0.08076	0.04307	0.00944	0.02489	0.10706	0.06163	0.08974	0.01117	0.03935	0.00881	0.00639	0.04139	0.00157	0.00504	0.00410	0.02272	0.21317
1	0.02740	0.03483	0.09806	0.06276	0.20580	0.03331	0.03315	0.09304	0.03310	0.07295	0.12172	0.02835	0.06189	0.00608	0.00503	0.00144	0.02706	0.00516	0.01804	0.03081
2	0.04295	0.04975	0.02910	0.02262	0.10273	0.07587	0.05675	0.01203	0.02414	0.06736	0.05652	0.23706	0.08615	0.00915	0.02050	0.00168	0.02152	0.03606	0.00358	0.04448
3	0.01303	0.00815	0.01093	0.01093	0.12034	0.02680	0.02598	0.07568	0.04340	0.24133	0.13259	0.03807	0.04264	0.05968	0.07486	0.03144	0.00491	0.00564	0.00421	0.02937
4	0.05247	0.00990	0.04213	0.14525	0.14338	0.04701	0.13730	0.02491	0.01009	0.03846	0.01283	0.11219	0.02897	0.06732	0.02986	0.00196	0.03651	0.02818	0.00286	0.02843
5	0.00875	0.00569	0.00719	0.00635	0.00815	0.00501	0.00481	0.01063	0.01174	0.10565	0.40366	0.09028	0.06889	0.04494	0.03308	0.00172	0.00313	0.00732	0.02813	0.14488
6	0.00677	0.00539	0.00737	0.15605	0.01173	0.00549	0.00608	0.00857	0.01062	0.01400	0.22919	0.17015	0.20058	0.04515	0.03670	0.00201	0.00376	0.07207	0.00404	0.00430
7	0.00805	0.00621	0.00685	0.00658	0.00825	0.00614	0.00498	0.05301	0.15781	0.03549	0.11000	0.16114	0.35248	0.01048	0.00539	0.00162	0.00291	0.02797	0.02964	0.00499
8	0.01069	0.01141	0.02052	0.01578	0.01795	0.01330	0.36346	0.01305	0.00900	0.01305	0.00771	0.01141	0.00663	0.00631	0.01097	0.00185	0.45423	0.00478	0.00221	0.00570
9	0.86760	0.00912	0.00693	0.00620	0.00912	0.01058	0.00511	0.01386	0.00802	0.02115	0.00657	0.00766	0.00511	0.00438	0.00292	0.00146	0.00365	0.00255	0.00292	0.00511
10	0.00801	0.00525	0.00595	0.00551	0.00731	0.00449	0.00422	0.00949	0.01163	0.12748	0.18690	0.03926	0.54596	0.01063	0.00545	0.00155	0.00259	0.00894	0.00474	0.00465
11	0.03171	0.12470	0.32910	0.04957	0.06408	0.01099	0.05490	0.01437	0.05205	0.04062	0.05502	0.05606	0.01037	0.00543	0.00477	0.00143	0.03006	0.00446	0.00270	0.05759
12	0.00832	0.00641	0.00767	0.00662	0.00894	0.00545	0.00510	0.02886	0.02697	0.03848	0.20756	0.14113	0.13516	0.00839	0.00487	0.00131	0.00302	0.04063	0.00406	0.31105
13	0.01008	0.03444	0.01080	0.00904	0.06321	0.00759	0.00676	0.02855	0.03964	0.03167	0.01181	0.04222	0.02509	0.00542	0.00465	0.00108	0.04439	0.07587	0.00311	0.54459

[dist]
# distance from previous block
# <min> <max>
0	2

[block]
# block no. 13 follows, 54 sequences, length 9
# corresponding to MSA columns:
# 751-759
name=unknown_N
#
# <colnr> <probs for GDERKNQSTAVLIFYWHMCP>
#	G	D	E	R	K	N	Q	S	T	A	V	L	I	F	Y	W	H	M	C	P
0	0.00797	0.00700	0.04528	0.02246	0.02755	0.00663	0.04935	0.04366	0.00964	0.01311	0.01873	0.35274	0.02086	0.06625	0.00868	0.06196	0.07247	0.13568	0.00359	0.02641
1	0.05344	0.12476	0.26183	0.01122	0.01500	0.09647	0.01126	0.08504	0.11046	0.01562	0.00933	0.01073	0.00737	0.00615	0.02495	0.00164	0.14191	0.00371	0.00271	0.00639
2	0.01202	0.00807	0.01013	0.00874	0.01131	0.00824	0.05483	0.01832	0.31076	0.19167	0.06531	0.02571	0.14887	0.00779	0.00512	0.00160	0.00376	0.07385	0.02750	0.00641
3	0.01109	0.03686	0.10939	0.00893	0.01314	0.00890	0.03573	0.14227	0.04019	0.01796	0.06451	0.01214	0.00988	0.00454	0.00407	0.00104	0.00433	0.00370	0.00322	0.46809
4	0.00650	0.00483	0.00595	0.00646	0.00717	0.00466	0.00452	0.00843	0.06699	0.01335	0.12653	0.45604	0.11506	0.10238	0.00781	0.00210	0.00299	0.04978	0.00435	0.00411
5	0.03015	0.09029	0.12337	0.06286	0.01750	0.01047	0.25844	0.06477	0.01116	0.08013	0.01438	0.06679	0.07752	0.00792	0.06135	0.00193	0.00636	0.00553	0.00304	0.00605
6	0.05326	0.12191	0.13731	0.00754	0.00938	0.00754	0.00677	0.00911	0.00754	0.01063	0.00939	0.06200	0.00929	0.06149	0.01288	0.45897	0.00461	0.00442	0.00227	0.00370
7	0.00713	0.00477	0.00624	0.00678	0.00768	0.00442	0.00505	0.00851	0.01045	0.06157	0.13591	0.43186	0.12225	0.01285	0.00592	0.00184	0.00300	0.15491	0.00457	0.00428
8	0.07100	0.00920	0.01005	0.00874	0.01109	0.05682	0.00709	0.24972	0.01442	0.11996	0.12117	0.02270	0.01671	0.01010	0.06228	0.05541	0.00503	0.13832	0.00428	0.00591

[dist]
# distance from previous block
# <min> <max>
0	1

[block]
# block no. 14 follows, 54 sequences, length 16
# corresponding to MSA columns:
# 761,762,770-783
name=unknown_O
#
# <colnr> <probs for GDERKNQSTAVLIFYWHMCP>
#	G	D	E	R	K	N	Q	S	T	A	V	L	I	F	Y	W	H	M	C	P
0	0.01313	0.01622	0.21721	0.19583	0.03847	0.18129	0.05318	0.11133	0.01238	0.08023	0.00955	0.01131	0.00703	0.00564	0.02565	0.00160	0.00684	0.00391	0.00280	0.00638
1	0.04838	0.03825	0.09987	0.02298	0.04794	0.19513	0.00937	0.03733	0.01066	0.05741	0.05396	0.03806	0.00999	0.00636	0.00727	0.00153	0.22366	0.00430	0.08189	0.00564
2	0.04478	0.00529	0.00667	0.00694	0.00797	0.00510	0.00506	0.03293	0.01001	0.11767	0.02231	0.48315	0.02450	0.08214	0.00717	0.00204	0.00332	0.09245	0.03594	0.00455
3	0.06760	0.00939	0.01129	0.04625	0.07386	0.00980	0.00795	0.29025	0.01500	0.13512	0.05338	0.01877	0.01278	0.00645	0.00468	0.00146	0.00439	0.09964	0.08581	0.04613
4	0.11755	0.00935	0.00922	0.00858	0.00997	0.14502	0.00669	0.04575	0.00928	0.01336	0.01047	0.01483	0.00950	0.05487	0.39977	0.00456	0.08891	0.00432	0.03327	0.00475
5	0.09122	0.00783	0.00912	0.00701	0.01045	0.00651	0.00554	0.01337	0.01026	0.15520	0.04784	0.05626	0.01109	0.04165	0.00480	0.00118	0.00355	0.00412	0.00354	0.50947
6	0.01212	0.71268	0.14494	0.00889	0.01337	0.01748	0.00950	0.01424	0.00964	0.01168	0.00685	0.00793	0.00604	0.00410	0.00325	0.00108	0.00534	0.00267	0.00201	0.00619
7	0.40611	0.01373	0.00982	0.00890	0.01120	0.30913	0.00694	0.01493	0.00988	0.01582	0.00749	0.00963	0.00638	0.03204	0.06293	0.00194	0.06222	0.00315	0.00265	0.00511
8	0.00736	0.00443	0.00575	0.00575	0.00583	0.00451	0.00361	0.00673	0.00665	0.00894	0.01209	0.02336	0.01320	0.44587	0.09519	0.33477	0.00513	0.00563	0.00252	0.00267
9	0.00591	0.00430	0.00557	0.00628	0.00684	0.00396	0.00432	0.00703	0.01002	0.01343	0.17772	0.60654	0.10362	0.01353	0.00589	0.00180	0.00261	0.01215	0.00453	0.00396
10	0.01130	0.00964	0.01256	0.04822	0.01253	0.04882	0.00904	0.03830	0.00889	0.08652	0.00904	0.01238	0.00783	0.01090	0.11393	0.00257	0.49333	0.00427	0.05455	0.00537
11	0.00599	0.00470	0.00543	0.00556	0.00677	0.00414	0.00412	0.00744	0.01117	0.01438	0.25204	0.18026	0.42767	0.01184	0.00568	0.00164	0.00248	0.03999	0.00460	0.00410
12	0.08541	0.00666	0.00717	0.00642	0.00824	0.00693	0.00500	0.10758	0.08407	0.04028	0.25942	0.02265	0.05824	0.00709	0.00442	0.00137	0.00290	0.00585	0.27505	0.00527
13	0.03837	0.00489	0.00597	0.00588	0.00704	0.00453	0.00434	0.00860	0.01184	0.03215	0.46962	0.18343	0.16852	0.01064	0.00549	0.00157	0.00243	0.00930	0.02104	0.00435
14	0.07630	0.02268	0.00810	0.08133	0.01035	0.01914	0.00594	0.03383	0.01937	0.02853	0.18161	0.12829	0.13372	0.02762	0.08260	0.00220	0.06147	0.00710	0.06515	0.00467
15	0.00789	0.02689	0.02030	0.00744	0.00938	0.00604	0.01751	0.01946	0.04263	0.01458	0.11827	0.20844	0.08286	0.01111	0.05163	0.00187	0.01391	0.13578	0.00388	0.20015

[dist]
# distance from previous block
# <min> <max>
0	18

# created by:
# /st0/software/busco_prod/Augustus/scripts/msa2prfl.pl ./align_prep/457861.fa
