[name]
unknown

[dist]
# distance from previous block
# <min> <max>
0	50

[block]
# block no. 0 follows, 52 sequences, length 18
# corresponding to MSA columns:
# 56-73
name=unknown_A
#
# <colnr> <probs for GDERKNQSTAVLIFYWHMCP>
#	G	D	E	R	K	N	Q	S	T	A	V	L	I	F	Y	W	H	M	C	P
0	0.01158	0.02926	0.04608	0.01010	0.04998	0.04273	0.03734	0.10177	0.07853	0.05180	0.05696	0.06173	0.02308	0.00639	0.00505	0.00135	0.03545	0.05232	0.05504	0.24345
1	0.01338	0.05919	0.03312	0.05226	0.03027	0.08399	0.00808	0.16752	0.12362	0.08598	0.04270	0.04984	0.01164	0.00754	0.04920	0.00170	0.00528	0.00471	0.02333	0.14664
2	0.01067	0.00918	0.01010	0.00852	0.01128	0.05542	0.02666	0.10856	0.13620	0.01744	0.06023	0.19338	0.04489	0.00765	0.00483	0.00136	0.00398	0.00655	0.00396	0.27913
3	0.00962	0.02177	0.12326	0.01316	0.01651	0.00956	0.29093	0.01309	0.05344	0.01465	0.03237	0.16330	0.03001	0.03227	0.00696	0.02053	0.06187	0.00673	0.02509	0.05487
4	0.00676	0.00503	0.00596	0.00604	0.00697	0.00481	0.00425	0.03369	0.01010	0.01314	0.10697	0.20199	0.27813	0.17769	0.09510	0.02181	0.00421	0.00933	0.00403	0.00400
5	0.01608	0.00787	0.00997	0.00825	0.01094	0.00752	0.00652	0.09340	0.05333	0.43315	0.05939	0.11267	0.05955	0.06858	0.00687	0.00182	0.02553	0.00651	0.00521	0.00684
6	0.05029	0.00608	0.00738	0.00699	0.00832	0.00628	0.00523	0.07385	0.04238	0.04565	0.26706	0.15653	0.02607	0.07987	0.13970	0.00286	0.00478	0.00766	0.05814	0.00488
7	0.00911	0.00852	0.01431	0.74612	0.06362	0.01046	0.01308	0.01221	0.00973	0.01252	0.00951	0.05249	0.00776	0.00533	0.00491	0.00162	0.00625	0.00477	0.00228	0.00541
8	0.31677	0.02737	0.04632	0.00876	0.01205	0.01147	0.00740	0.15534	0.21463	0.10676	0.01307	0.03908	0.00993	0.00578	0.00421	0.00154	0.00425	0.00433	0.00414	0.00680
9	0.01501	0.01191	0.01491	0.01193	0.03557	0.06230	0.12625	0.33315	0.03985	0.09431	0.03215	0.08006	0.01128	0.00612	0.00494	0.00144	0.00536	0.00529	0.00413	0.10403
10	0.01206	0.06750	0.17708	0.02051	0.36855	0.07389	0.07305	0.04347	0.04165	0.01563	0.01026	0.01228	0.02780	0.00487	0.00506	0.00147	0.03097	0.00427	0.00255	0.00709
11	0.51439	0.06989	0.02392	0.00803	0.01124	0.02598	0.00677	0.13264	0.10517	0.03451	0.00930	0.00991	0.00709	0.00503	0.00382	0.00148	0.01792	0.00332	0.00346	0.00615
12	0.00698	0.00513	0.00577	0.00580	0.00699	0.00475	0.00413	0.00886	0.05375	0.03324	0.13638	0.17892	0.35352	0.12648	0.00830	0.00209	0.00292	0.00957	0.04212	0.00428
13	0.24733	0.01149	0.07070	0.02664	0.09854	0.03806	0.05775	0.15478	0.06350	0.01918	0.01029	0.01304	0.00844	0.06440	0.07178	0.02470	0.00585	0.00419	0.00320	0.00614
14	0.00623	0.00463	0.00585	0.00649	0.00729	0.00425	0.00470	0.00754	0.01058	0.01392	0.15809	0.45031	0.19297	0.01351	0.00607	0.00185	0.00283	0.09411	0.00463	0.00413
15	0.03112	0.00719	0.05135	0.00751	0.02684	0.02364	0.00568	0.03851	0.03680	0.06050	0.14666	0.12068	0.09533	0.15697	0.01039	0.10641	0.00387	0.02256	0.04342	0.00456
16	0.03109	0.16693	0.10134	0.04820	0.07610	0.13135	0.12894	0.06286	0.03803	0.01449	0.00928	0.01199	0.00774	0.03657	0.03367	0.04925	0.02793	0.00408	0.01411	0.00605
17	0.45578	0.03608	0.00911	0.00745	0.01030	0.02674	0.00609	0.06726	0.02724	0.16427	0.03247	0.01462	0.00997	0.04600	0.00525	0.02161	0.00414	0.04598	0.00380	0.00585

[dist]
# distance from previous block
# <min> <max>
8	33

[block]
# block no. 1 follows, 52 sequences, length 22
# corresponding to MSA columns:
# 126-134,136-148
name=unknown_B
#
# <colnr> <probs for GDERKNQSTAVLIFYWHMCP>
#	G	D	E	R	K	N	Q	S	T	A	V	L	I	F	Y	W	H	M	C	P
0	0.18251	0.01027	0.04495	0.02998	0.10839	0.04073	0.02387	0.07661	0.09892	0.03998	0.14858	0.01728	0.03030	0.03839	0.00568	0.00160	0.03044	0.00498	0.00368	0.06287
1	0.03723	0.01494	0.03481	0.01215	0.07062	0.28814	0.03915	0.06938	0.08793	0.12164	0.01169	0.01229	0.02393	0.00527	0.00481	0.00133	0.02861	0.00399	0.00343	0.12866
2	0.01057	0.00631	0.00659	0.00613	0.00772	0.03375	0.00467	0.06571	0.03172	0.08889	0.08107	0.09986	0.05662	0.00731	0.00428	0.00134	0.00297	0.00606	0.47328	0.00516
3	0.01086	0.00985	0.01449	0.46766	0.15392	0.02657	0.01207	0.10175	0.07161	0.01567	0.01239	0.01503	0.05660	0.00547	0.00489	0.00156	0.00581	0.00475	0.00287	0.00619
4	0.04772	0.04101	0.00979	0.02959	0.01077	0.08141	0.00640	0.11753	0.06060	0.13243	0.19282	0.05254	0.01908	0.00737	0.01569	0.00151	0.00409	0.00568	0.15802	0.00595
5	0.01070	0.00664	0.00793	0.00748	0.00918	0.00678	0.00586	0.07413	0.10092	0.11755	0.03090	0.09473	0.06880	0.09162	0.06094	0.00236	0.00433	0.13991	0.15383	0.00540
6	0.01251	0.00899	0.02595	0.01173	0.11580	0.00882	0.05228	0.10733	0.10998	0.15566	0.11947	0.06453	0.09921	0.00753	0.00537	0.00157	0.02041	0.02251	0.04384	0.00653
7	0.00724	0.00507	0.00663	0.00659	0.00697	0.00555	0.00455	0.00796	0.00752	0.01061	0.01422	0.05594	0.01504	0.39664	0.31753	0.04431	0.03990	0.00627	0.03782	0.00362
8	0.05160	0.01399	0.01405	0.01101	0.01471	0.07358	0.00901	0.66683	0.05148	0.02841	0.01145	0.01152	0.00823	0.00573	0.00474	0.00145	0.00546	0.00425	0.00460	0.00791
9	0.02313	0.04492	0.05939	0.01202	0.13671	0.06662	0.00862	0.08185	0.03363	0.06817	0.02730	0.05432	0.00980	0.00508	0.00428	0.00116	0.00470	0.00418	0.00326	0.35086
10	0.04663	0.49086	0.03701	0.00931	0.04418	0.12558	0.00808	0.01510	0.03533	0.01338	0.00870	0.00995	0.00741	0.00459	0.00348	0.00114	0.00522	0.00313	0.12493	0.00598
11	0.83713	0.00950	0.00736	0.00652	0.00955	0.01100	0.00537	0.03861	0.00871	0.02202	0.00690	0.00799	0.00534	0.00454	0.00306	0.00150	0.00380	0.00268	0.00306	0.00534
12	0.01345	0.05669	0.05608	0.23489	0.15021	0.01244	0.07076	0.21744	0.05440	0.07040	0.01075	0.01253	0.00797	0.00507	0.00480	0.00150	0.00585	0.00440	0.00331	0.00704
13	0.00777	0.00630	0.00884	0.12288	0.06157	0.02487	0.00702	0.00957	0.02877	0.01202	0.01606	0.22023	0.01689	0.11416	0.27423	0.02613	0.00733	0.02773	0.00313	0.00449
14	0.00676	0.00480	0.00623	0.00647	0.00678	0.00469	0.02535	0.00733	0.00820	0.01095	0.01981	0.33396	0.02307	0.44294	0.03859	0.00357	0.00430	0.03914	0.00357	0.00351
15	0.04993	0.00800	0.01039	0.00852	0.01166	0.00737	0.00702	0.07320	0.01359	0.55728	0.01923	0.06402	0.01449	0.00730	0.00504	0.00160	0.00410	0.09725	0.03267	0.00733
16	0.00894	0.00502	0.00720	0.00693	0.00777	0.00508	0.00509	0.00914	0.00870	0.09067	0.11358	0.05164	0.03732	0.02046	0.25004	0.35322	0.00646	0.00569	0.00321	0.00382
17	0.03202	0.00788	0.00932	0.04098	0.01126	0.00800	0.00652	0.11560	0.10793	0.25713	0.01871	0.02031	0.05629	0.01690	0.00486	0.00151	0.00379	0.05100	0.22349	0.00651
18	0.01425	0.13253	0.01524	0.01275	0.10828	0.20866	0.02999	0.14297	0.11647	0.03557	0.05408	0.03125	0.01188	0.00604	0.00465	0.00142	0.00574	0.04353	0.01814	0.00657
19	0.20264	0.06619	0.01266	0.02952	0.04393	0.08412	0.02949	0.15978	0.07863	0.06182	0.02068	0.01210	0.00863	0.00511	0.00414	0.00134	0.00486	0.01936	0.00354	0.15145
20	0.01175	0.12431	0.25055	0.04651	0.04811	0.07342	0.14550	0.09214	0.02886	0.01650	0.08758	0.01435	0.01125	0.00537	0.00479	0.00147	0.00631	0.02177	0.00290	0.00656
21	0.16473	0.04810	0.03443	0.04598	0.11745	0.06390	0.05573	0.12862	0.03022	0.06091	0.09533	0.02989	0.02311	0.04170	0.00539	0.00160	0.00494	0.00484	0.03696	0.00620

[dist]
# distance from previous block
# <min> <max>
0	1

[block]
# block no. 2 follows, 52 sequences, length 7
# corresponding to MSA columns:
# 150-152,155,156,167,168
name=unknown_C
#
# <colnr> <probs for GDERKNQSTAVLIFYWHMCP>
#	G	D	E	R	K	N	Q	S	T	A	V	L	I	F	Y	W	H	M	C	P
0	0.00921	0.00644	0.00775	0.00707	0.00878	0.00638	0.00540	0.06204	0.12208	0.07553	0.44658	0.09700	0.10734	0.00956	0.00553	0.00158	0.00289	0.00830	0.00515	0.00541
1	0.01160	0.01173	0.06559	0.10906	0.15307	0.09594	0.00991	0.09935	0.10704	0.01696	0.11118	0.01750	0.03112	0.05689	0.00670	0.00172	0.05093	0.00515	0.03237	0.00621
2	0.00621	0.00488	0.00561	0.00553	0.00687	0.00428	0.00411	0.00784	0.01201	0.01564	0.35485	0.10008	0.43180	0.01152	0.00576	0.00161	0.00241	0.00989	0.00484	0.00428
3	0.00758	0.00530	0.00644	0.00629	0.00752	0.00510	0.00467	0.00978	0.05134	0.04751	0.25920	0.09872	0.20508	0.10044	0.08670	0.00255	0.00392	0.04009	0.04725	0.00452
4	0.01271	0.30279	0.17160	0.05181	0.01636	0.11728	0.06168	0.07173	0.04482	0.01452	0.00897	0.02995	0.00748	0.00500	0.00455	0.00133	0.03335	0.00374	0.00257	0.03776
5	0.04882	0.00788	0.00896	0.00785	0.01025	0.00806	0.00629	0.12871	0.13237	0.13298	0.09717	0.04791	0.04168	0.00748	0.00480	0.00150	0.00362	0.08807	0.16388	0.05170
6	0.04984	0.03872	0.09306	0.07307	0.05994	0.04642	0.00955	0.19776	0.07220	0.13786	0.03874	0.02922	0.01038	0.02004	0.00538	0.00151	0.03507	0.00451	0.00385	0.07286

[dist]
# distance from previous block
# <min> <max>
0	3

[block]
# block no. 3 follows, 52 sequences, length 8
# corresponding to MSA columns:
# 172-179
name=unknown_D
#
# <colnr> <probs for GDERKNQSTAVLIFYWHMCP>
#	G	D	E	R	K	N	Q	S	T	A	V	L	I	F	Y	W	H	M	C	P
0	0.04184	0.15759	0.04644	0.01094	0.06180	0.10903	0.00862	0.14594	0.21141	0.03462	0.06309	0.06290	0.01300	0.00626	0.00457	0.00144	0.00501	0.00495	0.00380	0.00675
1	0.26759	0.04661	0.00982	0.00863	0.04354	0.03864	0.00649	0.09387	0.01049	0.08527	0.01116	0.06668	0.00971	0.01112	0.10586	0.11173	0.02345	0.00447	0.03952	0.00535
2	0.05986	0.01358	0.10669	0.06054	0.15909	0.08741	0.07758	0.10452	0.06352	0.06482	0.03757	0.01267	0.00911	0.00544	0.00582	0.00153	0.08630	0.00436	0.00315	0.03645
3	0.00862	0.00915	0.12269	0.00948	0.06061	0.00694	0.02529	0.01230	0.09273	0.04546	0.27771	0.13372	0.12815	0.00896	0.00538	0.00158	0.00371	0.00784	0.00429	0.03539
4	0.00695	0.00547	0.00686	0.00721	0.03663	0.00498	0.00500	0.00885	0.03504	0.01483	0.20680	0.30274	0.20035	0.01237	0.03825	0.00188	0.00324	0.00981	0.00439	0.08836
5	0.01082	0.00825	0.01213	0.14237	0.03748	0.00913	0.06932	0.03827	0.09293	0.11041	0.06172	0.17537	0.01635	0.07118	0.00829	0.00197	0.11766	0.00693	0.00373	0.00569
6	0.01336	0.04213	0.07267	0.09179	0.06404	0.04235	0.05463	0.24283	0.14849	0.03647	0.03535	0.01398	0.01021	0.00629	0.00565	0.05583	0.00529	0.00459	0.04725	0.00678
7	0.00665	0.00517	0.00703	0.00693	0.00786	0.00480	0.05341	0.00780	0.00985	0.01288	0.10449	0.31540	0.19764	0.19070	0.01006	0.00244	0.00351	0.04527	0.00411	0.00400

[dist]
# distance from previous block
# <min> <max>
3	5

[block]
# block no. 4 follows, 52 sequences, length 21
# corresponding to MSA columns:
# 185-205
name=unknown_E
#
# <colnr> <probs for GDERKNQSTAVLIFYWHMCP>
#	G	D	E	R	K	N	Q	S	T	A	V	L	I	F	Y	W	H	M	C	P
0	0.00950	0.00674	0.00796	0.00734	0.00913	0.00684	0.00562	0.01469	0.22935	0.08738	0.35593	0.06516	0.10657	0.03514	0.00607	0.00171	0.00306	0.03114	0.00506	0.00563
1	0.00978	0.00727	0.00961	0.03505	0.04454	0.00757	0.03510	0.10157	0.07305	0.05450	0.19181	0.07838	0.07704	0.08986	0.12510	0.00278	0.01577	0.00693	0.02891	0.00539
2	0.06242	0.10694	0.21537	0.01080	0.03967	0.02688	0.05229	0.01677	0.01111	0.24941	0.01281	0.03976	0.00967	0.03238	0.00537	0.00156	0.02525	0.00446	0.07035	0.00672
3	0.00885	0.00526	0.00662	0.00670	0.00808	0.00469	0.00499	0.01014	0.01090	0.15324	0.05967	0.37482	0.24461	0.01240	0.00585	0.00180	0.00305	0.06874	0.00479	0.00481
4	0.12610	0.01058	0.09746	0.01267	0.12545	0.00944	0.07262	0.03304	0.05958	0.12305	0.10143	0.04266	0.01399	0.04387	0.06299	0.00215	0.04783	0.00526	0.00357	0.00625
5	0.00683	0.00466	0.00539	0.00560	0.00575	0.00458	0.00336	0.00709	0.00771	0.01018	0.01899	0.15141	0.05930	0.64229	0.02041	0.00406	0.00430	0.03159	0.00329	0.00319
6	0.01842	0.01357	0.01454	0.01115	0.01503	0.01503	0.00921	0.78330	0.02278	0.03054	0.01163	0.01163	0.00824	0.00582	0.00485	0.00145	0.00533	0.00436	0.00485	0.00824
7	0.01064	0.00898	0.01036	0.00752	0.01174	0.00719	0.00603	0.06021	0.03927	0.01686	0.00920	0.01044	0.00752	0.00383	0.00372	0.00080	0.00371	0.00306	0.00307	0.77585
8	0.01068	0.03734	0.04292	0.19735	0.22768	0.04149	0.01069	0.03379	0.04450	0.03781	0.01316	0.13937	0.01221	0.00680	0.00532	0.00157	0.03785	0.02193	0.07150	0.00605
9	0.49822	0.10424	0.01122	0.00810	0.01133	0.11184	0.00673	0.11145	0.01132	0.07504	0.00831	0.00904	0.00633	0.00479	0.00354	0.00141	0.00476	0.00306	0.00327	0.00599
10	0.01439	0.01321	0.01290	0.04237	0.08994	0.17114	0.00906	0.10762	0.40325	0.06180	0.01491	0.01463	0.01121	0.00586	0.00479	0.00152	0.00528	0.00470	0.00415	0.00727
11	0.00683	0.00496	0.00679	0.00685	0.00752	0.00536	0.00497	0.00802	0.00819	0.01136	0.05512	0.08140	0.06569	0.21286	0.46793	0.02345	0.00900	0.00669	0.00305	0.00393
12	0.00603	0.00436	0.00555	0.00639	0.00683	0.00405	0.00427	0.00690	0.00944	0.01247	0.05998	0.63954	0.11128	0.08914	0.00781	0.00216	0.00292	0.01258	0.00439	0.00389
13	0.04145	0.00834	0.01239	0.00996	0.01285	0.00793	0.14383	0.08958	0.01288	0.25119	0.05123	0.06672	0.09826	0.02515	0.00566	0.00168	0.00454	0.08550	0.06460	0.00626
14	0.01132	0.00954	0.01015	0.00923	0.01170	0.01084	0.00713	0.04147	0.64398	0.01971	0.05447	0.06666	0.04544	0.00738	0.00502	0.00164	0.00365	0.00622	0.02731	0.00712
15	0.00804	0.00437	0.00621	0.00621	0.00627	0.00443	0.00408	0.00662	0.00656	0.00881	0.01010	0.01841	0.01051	0.18021	0.07450	0.63019	0.00491	0.00484	0.00230	0.00242
16	0.01057	0.01952	0.46945	0.01548	0.02143	0.01146	0.27199	0.03551	0.03636	0.01606	0.00976	0.01176	0.00711	0.00456	0.00495	0.00155	0.00716	0.00441	0.03398	0.00690
17	0.01025	0.00916	0.01372	0.24181	0.13811	0.00906	0.04934	0.01325	0.03473	0.02799	0.03082	0.01431	0.00927	0.00493	0.00481	0.00129	0.02618	0.03696	0.00280	0.32120
18	0.00937	0.00711	0.00933	0.00790	0.01008	0.00691	0.03033	0.07964	0.01015	0.02996	0.04038	0.01735	0.01190	0.09973	0.31865	0.03172	0.00759	0.00475	0.02340	0.24378
19	0.05377	0.00990	0.01129	0.00924	0.01217	0.01058	0.02039	0.28548	0.15418	0.14677	0.09828	0.01928	0.07204	0.03159	0.02692	0.00179	0.01900	0.00557	0.00478	0.00698
20	0.02737	0.00958	0.01294	0.01396	0.19965	0.00986	0.03733	0.12109	0.17487	0.11241	0.15972	0.02031	0.06613	0.00670	0.00507	0.00153	0.00432	0.00584	0.00436	0.00694

[dist]
# distance from previous block
# <min> <max>
0	12

[block]
# block no. 5 follows, 52 sequences, length 13
# corresponding to MSA columns:
# 219-231
name=unknown_F
#
# <colnr> <probs for GDERKNQSTAVLIFYWHMCP>
#	G	D	E	R	K	N	Q	S	T	A	V	L	I	F	Y	W	H	M	C	P
0	0.05247	0.12636	0.07115	0.01111	0.03377	0.06379	0.10746	0.05582	0.10546	0.15346	0.03066	0.01279	0.00959	0.00499	0.00442	0.00133	0.00523	0.00417	0.00357	0.14240
1	0.28787	0.01092	0.03129	0.01010	0.01345	0.08503	0.13841	0.01567	0.02509	0.13233	0.04270	0.01415	0.00990	0.00569	0.00482	0.03037	0.00508	0.03981	0.00343	0.09389
2	0.01185	0.01192	0.11416	0.01153	0.07085	0.04995	0.02826	0.09820	0.14348	0.07274	0.09945	0.01854	0.07918	0.00819	0.04386	0.00185	0.08564	0.00538	0.00379	0.04119
3	0.01132	0.01054	0.03653	0.04737	0.33691	0.03599	0.03278	0.01393	0.01068	0.03753	0.00966	0.01187	0.00786	0.00483	0.01915	0.00129	0.00510	0.00384	0.05767	0.30515
4	0.01810	0.02310	0.01373	0.01248	0.01498	0.81024	0.00936	0.01935	0.01373	0.01186	0.00749	0.00874	0.00624	0.00499	0.00437	0.00125	0.00874	0.00312	0.00250	0.00562
5	0.00747	0.00478	0.00636	0.00684	0.00759	0.00448	0.00485	0.00871	0.01039	0.07377	0.16629	0.51863	0.03156	0.05443	0.02878	0.00216	0.00327	0.05065	0.00463	0.00437
6	0.01126	0.01188	0.05038	0.14133	0.26453	0.05389	0.09350	0.02750	0.04761	0.01459	0.02664	0.01343	0.02952	0.00580	0.00737	0.00165	0.18549	0.00466	0.00258	0.00640
7	0.00700	0.00495	0.00604	0.00608	0.00731	0.00442	0.00450	0.00858	0.01172	0.05231	0.30709	0.22342	0.28674	0.01186	0.00583	0.00169	0.00263	0.03853	0.00486	0.00443
8	0.00798	0.00446	0.00652	0.00652	0.00670	0.00464	0.00447	0.00687	0.00669	0.00910	0.01002	0.01723	0.01006	0.09779	0.18426	0.60098	0.00608	0.00468	0.00229	0.00265
9	0.01372	0.21587	0.04054	0.11379	0.12347	0.20657	0.02348	0.10212	0.01229	0.01476	0.00856	0.01055	0.00705	0.00592	0.03139	0.00155	0.03483	0.00364	0.02361	0.00629
10	0.00926	0.00670	0.00779	0.00736	0.00909	0.00680	0.00559	0.03512	0.21344	0.06977	0.19711	0.15246	0.17732	0.01035	0.00608	0.03654	0.00317	0.03584	0.00481	0.00543
11	0.01221	0.06172	0.19933	0.06556	0.22299	0.06049	0.03066	0.04880	0.02947	0.08999	0.05961	0.01514	0.05473	0.00549	0.00475	0.00145	0.00568	0.00466	0.00310	0.02417
12	0.01301	0.08497	0.14403	0.01143	0.04053	0.09989	0.00997	0.10752	0.37979	0.01860	0.01404	0.01397	0.01066	0.00637	0.02261	0.00164	0.00547	0.00449	0.00380	0.00723

[dist]
# distance from previous block
# <min> <max>
1	12

[block]
# block no. 6 follows, 52 sequences, length 13
# corresponding to MSA columns:
# 244-256
name=unknown_G
#
# <colnr> <probs for GDERKNQSTAVLIFYWHMCP>
#	G	D	E	R	K	N	Q	S	T	A	V	L	I	F	Y	W	H	M	C	P
0	0.01273	0.08288	0.17799	0.06165	0.18208	0.01155	0.11411	0.05989	0.08080	0.11466	0.04591	0.01362	0.01000	0.00510	0.00481	0.00149	0.00580	0.00458	0.00323	0.00713
1	0.00980	0.00750	0.03542	0.00766	0.00958	0.00714	0.00615	0.07503	0.04002	0.06875	0.05686	0.18694	0.10372	0.02227	0.04823	0.00190	0.07722	0.00714	0.12372	0.10494
2	0.00764	0.00561	0.02703	0.00644	0.00789	0.00477	0.00503	0.00954	0.01229	0.07233	0.41561	0.15932	0.19582	0.01094	0.00574	0.00164	0.00275	0.03995	0.00496	0.00470
3	0.16999	0.00907	0.01226	0.04605	0.19696	0.00979	0.02904	0.05669	0.05142	0.08109	0.04045	0.01700	0.04823	0.02694	0.11427	0.00248	0.05123	0.02757	0.00335	0.00612
4	0.05598	0.01377	0.11517	0.06607	0.04830	0.04849	0.09053	0.26375	0.09882	0.11121	0.01194	0.01262	0.00859	0.00543	0.00510	0.00153	0.02711	0.00443	0.00384	0.00731
5	0.00790	0.00583	0.00767	0.00721	0.00781	0.00625	0.02935	0.03274	0.03463	0.01204	0.07768	0.10303	0.01845	0.39005	0.12211	0.06310	0.06002	0.00703	0.00323	0.00389
6	0.00840	0.00717	0.03747	0.00737	0.00928	0.00662	0.02748	0.10937	0.02961	0.01722	0.26921	0.03143	0.24588	0.05305	0.11616	0.00256	0.00468	0.00769	0.00433	0.00502
7	0.01269	0.01130	0.02262	0.04652	0.02138	0.01093	0.51401	0.01603	0.01140	0.14725	0.01198	0.01562	0.00917	0.00640	0.03855	0.00191	0.05276	0.03984	0.00311	0.00653
8	0.01159	0.01116	0.01911	0.10333	0.64215	0.01120	0.05426	0.01452	0.01087	0.01548	0.00908	0.01203	0.00752	0.00432	0.00478	0.00143	0.00583	0.00431	0.00240	0.05464
9	0.01472	0.01386	0.01682	0.07879	0.28523	0.15324	0.05624	0.22407	0.03441	0.03453	0.00989	0.01165	0.00769	0.00509	0.00516	0.00146	0.03253	0.00424	0.00319	0.00716
10	0.01048	0.01147	0.06318	0.06076	0.01975	0.04603	0.39957	0.01376	0.01130	0.03039	0.03911	0.04458	0.03297	0.00702	0.00593	0.00175	0.02032	0.17268	0.00311	0.00583
11	0.02887	0.07420	0.13352	0.01150	0.01544	0.12772	0.06804	0.17534	0.19052	0.08878	0.01334	0.01343	0.02642	0.00557	0.00469	0.00147	0.00577	0.00444	0.00379	0.00716
12	0.34879	0.08554	0.01256	0.01150	0.12804	0.09523	0.00803	0.09870	0.04741	0.07995	0.00992	0.03740	0.00798	0.00520	0.00396	0.00144	0.00487	0.00379	0.00334	0.00636

[dist]
# distance from previous block
# <min> <max>
1	4

[block]
# block no. 7 follows, 52 sequences, length 16
# corresponding to MSA columns:
# 261-276
name=unknown_H
#
# <colnr> <probs for GDERKNQSTAVLIFYWHMCP>
#	G	D	E	R	K	N	Q	S	T	A	V	L	I	F	Y	W	H	M	C	P
0	0.01227	0.05262	0.16868	0.10264	0.05459	0.12630	0.03736	0.10507	0.01212	0.05051	0.01183	0.02738	0.01019	0.08493	0.00661	0.00179	0.00599	0.05479	0.06830	0.00604
1	0.00805	0.00661	0.00776	0.00656	0.00914	0.00529	0.00493	0.00967	0.01012	0.01448	0.06111	0.21197	0.15187	0.03696	0.00542	0.00135	0.00318	0.00718	0.00367	0.43468
2	0.01115	0.07748	0.02286	0.06756	0.04221	0.01178	0.48307	0.05421	0.01150	0.01555	0.01228	0.02838	0.05096	0.00581	0.02489	0.00171	0.02258	0.00555	0.04428	0.00621
3	0.00757	0.00458	0.00619	0.00619	0.00643	0.00469	0.00412	0.00701	0.00707	0.00950	0.01361	0.02257	0.05486	0.27443	0.16531	0.38893	0.00588	0.00560	0.00259	0.00288
4	0.01425	0.01092	0.01175	0.00992	0.01289	0.01220	0.00787	0.32249	0.37894	0.04542	0.01696	0.08055	0.01345	0.00692	0.00495	0.00158	0.00430	0.00566	0.03148	0.00751
5	0.01439	0.12253	0.05982	0.01133	0.09085	0.03738	0.00885	0.22805	0.03533	0.11699	0.02217	0.01375	0.04591	0.01525	0.01428	0.00141	0.00500	0.00425	0.00375	0.14871
6	0.08162	0.54397	0.06674	0.00895	0.01275	0.10066	0.00854	0.05073	0.01073	0.01347	0.00839	0.05835	0.00782	0.00505	0.00359	0.00120	0.00542	0.00348	0.00247	0.00609
7	0.01011	0.07334	0.69300	0.01316	0.01978	0.01180	0.01649	0.01613	0.07302	0.01550	0.00946	0.01071	0.00684	0.00473	0.00454	0.00151	0.00677	0.00367	0.00228	0.00715
8	0.03375	0.01239	0.02993	0.04600	0.18589	0.08176	0.03685	0.21325	0.17074	0.07061	0.01381	0.01472	0.03565	0.02653	0.00533	0.00158	0.00538	0.00475	0.00385	0.00724
9	0.00738	0.00588	0.00756	0.02647	0.00874	0.00632	0.00559	0.03288	0.02709	0.01404	0.16201	0.18110	0.17929	0.06808	0.15986	0.00308	0.08780	0.00846	0.00391	0.00448
10	0.03156	0.00618	0.00696	0.00627	0.00802	0.02379	0.00479	0.03108	0.01121	0.20724	0.05228	0.08225	0.01529	0.05901	0.02798	0.00173	0.00346	0.00562	0.40988	0.00540
11	0.14422	0.00707	0.00823	0.00710	0.00953	0.00682	0.00560	0.04694	0.01201	0.31849	0.08121	0.13112	0.05332	0.00759	0.00464	0.00151	0.00341	0.00626	0.13881	0.00611
12	0.00904	0.00840	0.01386	0.65355	0.09179	0.01004	0.01247	0.01205	0.01006	0.01298	0.03740	0.01688	0.06383	0.00567	0.00497	0.00161	0.00594	0.02153	0.00249	0.00543
13	0.02092	0.00886	0.00988	0.01808	0.01099	0.12890	0.07273	0.04691	0.02085	0.05712	0.05890	0.37159	0.03371	0.03712	0.00621	0.00183	0.00456	0.06250	0.02337	0.00498
14	0.05690	0.00657	0.00818	0.00771	0.03097	0.00641	0.00572	0.03091	0.07529	0.15881	0.37257	0.06960	0.04971	0.05908	0.00653	0.00177	0.00326	0.03950	0.00495	0.00554
15	0.15276	0.01379	0.01194	0.01104	0.06105	0.22573	0.00813	0.10392	0.21050	0.05548	0.01169	0.01198	0.00892	0.00528	0.00432	0.00138	0.00541	0.00391	0.00365	0.08912

[dist]
# distance from previous block
# <min> <max>
1	2

[block]
# block no. 8 follows, 52 sequences, length 7
# corresponding to MSA columns:
# 280-286
name=unknown_I
#
# <colnr> <probs for GDERKNQSTAVLIFYWHMCP>
#	G	D	E	R	K	N	Q	S	T	A	V	L	I	F	Y	W	H	M	C	P
0	0.04530	0.20490	0.47606	0.01230	0.04167	0.04678	0.01390	0.03402	0.02869	0.01519	0.03347	0.01061	0.00768	0.00475	0.00425	0.00141	0.00633	0.00355	0.00236	0.00678
1	0.00639	0.00479	0.00592	0.00595	0.00703	0.00432	0.00434	0.00812	0.01214	0.01643	0.45605	0.20574	0.22183	0.01159	0.00582	0.00164	0.00244	0.01017	0.00496	0.00432
2	0.01043	0.00999	0.01796	0.01504	0.07293	0.01062	0.30234	0.01281	0.01017	0.04905	0.05253	0.11350	0.04489	0.03914	0.00898	0.00189	0.21242	0.00656	0.00301	0.00573
3	0.00673	0.00472	0.00526	0.00533	0.00587	0.00447	0.00337	0.00735	0.00877	0.01160	0.07409	0.10099	0.20602	0.47317	0.01633	0.00336	0.00373	0.00834	0.04703	0.00348
4	0.00725	0.00526	0.00701	0.00690	0.00743	0.00585	0.00496	0.00838	0.00812	0.01161	0.07076	0.05450	0.01686	0.30319	0.36383	0.00538	0.05679	0.00632	0.04569	0.00392
5	0.01132	0.12608	0.40058	0.04732	0.12224	0.02966	0.04613	0.06079	0.04113	0.01561	0.00899	0.01074	0.00689	0.00485	0.00509	0.00149	0.04793	0.00381	0.00241	0.00697
6	0.11129	0.17906	0.01357	0.00909	0.02600	0.12407	0.00732	0.11310	0.03276	0.05790	0.03702	0.08198	0.01095	0.00768	0.05241	0.00168	0.00541	0.00449	0.00334	0.12088

[dist]
# distance from previous block
# <min> <max>
12	23

[block]
# block no. 9 follows, 52 sequences, length 10
# corresponding to MSA columns:
# 312-321
name=unknown_J
#
# <colnr> <probs for GDERKNQSTAVLIFYWHMCP>
#	G	D	E	R	K	N	Q	S	T	A	V	L	I	F	Y	W	H	M	C	P
0	0.03384	0.04003	0.22620	0.03770	0.03486	0.00970	0.15137	0.01408	0.01032	0.05586	0.01004	0.03885	0.00820	0.02926	0.00540	0.00142	0.02766	0.00427	0.00272	0.25822
1	0.36163	0.01166	0.01340	0.05383	0.26547	0.09382	0.03434	0.01522	0.03857	0.01763	0.00823	0.01020	0.00666	0.00477	0.00461	0.00150	0.04595	0.00358	0.00272	0.00620
2	0.00739	0.00509	0.00624	0.00613	0.00741	0.00459	0.00459	0.00906	0.01192	0.06340	0.34935	0.12988	0.26113	0.05211	0.00673	0.00181	0.00278	0.06104	0.00485	0.00449
3	0.03655	0.01155	0.09157	0.04800	0.02757	0.04290	0.03732	0.14938	0.13837	0.19548	0.01667	0.01975	0.04222	0.04323	0.00589	0.00173	0.00505	0.07556	0.00431	0.00691
4	0.13211	0.18032	0.03926	0.00948	0.04505	0.04352	0.00781	0.12655	0.07722	0.14672	0.02905	0.01365	0.01006	0.00599	0.01758	0.00148	0.00473	0.01993	0.08286	0.00663
5	0.00759	0.00517	0.00658	0.06211	0.00838	0.00537	0.00468	0.00862	0.00857	0.02887	0.06629	0.04419	0.05414	0.41934	0.14648	0.00414	0.00567	0.03937	0.07064	0.00381
6	0.01334	0.01225	0.13245	0.01195	0.05208	0.02262	0.09135	0.20468	0.04891	0.12704	0.08215	0.05919	0.01481	0.04504	0.00609	0.00173	0.00527	0.05817	0.00409	0.00677
7	0.00706	0.00531	0.00630	0.00661	0.00759	0.00509	0.00467	0.06131	0.03690	0.01446	0.08825	0.46523	0.20994	0.04937	0.00673	0.00193	0.00298	0.01134	0.00453	0.00440
8	0.09981	0.01224	0.01325	0.01025	0.01402	0.01324	0.00846	0.57623	0.01983	0.16549	0.01248	0.01213	0.00862	0.00572	0.00468	0.00147	0.00497	0.00429	0.00487	0.00796
9	0.01209	0.04858	0.04998	0.00974	0.05097	0.02412	0.03055	0.05556	0.04474	0.08932	0.01012	0.01115	0.00790	0.00434	0.00432	0.00103	0.02564	0.00346	0.00322	0.51314

[dist]
# distance from previous block
# <min> <max>
3	19

[block]
# block no. 10 follows, 52 sequences, length 26
# corresponding to MSA columns:
# 342-351,353-368
name=unknown_K
#
# <colnr> <probs for GDERKNQSTAVLIFYWHMCP>
#	G	D	E	R	K	N	Q	S	T	A	V	L	I	F	Y	W	H	M	C	P
0	0.01101	0.00972	0.01136	0.00956	0.01177	0.07228	0.02890	0.12497	0.02024	0.01569	0.01084	0.04314	0.00965	0.01449	0.23103	0.00316	0.13994	0.00453	0.02634	0.20135
1	0.01226	0.00995	0.01272	0.03258	0.06913	0.02386	0.00902	0.15563	0.08801	0.06563	0.02985	0.03835	0.01150	0.05683	0.06846	0.00239	0.26825	0.03596	0.00348	0.00614
2	0.00650	0.00486	0.00598	0.00586	0.00699	0.00440	0.00430	0.00831	0.01240	0.01686	0.51392	0.12341	0.21854	0.03822	0.00640	0.00170	0.00246	0.00959	0.00497	0.00434
3	0.04285	0.00784	0.01022	0.00821	0.01137	0.00709	0.00664	0.05924	0.01348	0.59514	0.04032	0.10388	0.01472	0.00702	0.00491	0.00153	0.00389	0.00583	0.04841	0.00741
4	0.04054	0.00613	0.00740	0.00656	0.00850	0.00580	0.00510	0.01370	0.06523	0.19057	0.35342	0.02811	0.10904	0.00826	0.00504	0.00148	0.00286	0.00701	0.12970	0.00555
5	0.00772	0.00564	0.00728	0.00698	0.00736	0.00636	0.00487	0.02921	0.00772	0.01073	0.01333	0.02451	0.01420	0.44877	0.26819	0.03886	0.08577	0.00601	0.00277	0.00371
6	0.00763	0.00559	0.00671	0.00637	0.00784	0.00534	0.00488	0.01083	0.09181	0.03684	0.47077	0.03642	0.20215	0.01001	0.00558	0.00158	0.00263	0.04661	0.03554	0.00486
7	0.06071	0.00859	0.01064	0.02905	0.03093	0.00711	0.03190	0.02280	0.01044	0.06180	0.02930	0.05560	0.00965	0.00466	0.00397	0.00098	0.00386	0.00389	0.00319	0.61094
8	0.33514	0.01677	0.39247	0.01040	0.01545	0.01055	0.02450	0.01552	0.00993	0.09090	0.03143	0.01070	0.00749	0.00484	0.00407	0.00152	0.00546	0.00352	0.00287	0.00645
9	0.01366	0.01095	0.01456	0.15298	0.22094	0.03050	0.01069	0.26099	0.04256	0.06786	0.08006	0.01551	0.03394	0.00585	0.00508	0.00150	0.01662	0.00493	0.00376	0.00705
10	0.13414	0.01126	0.01736	0.04445	0.56656	0.01157	0.03355	0.07362	0.01149	0.01771	0.00896	0.01138	0.00732	0.00445	0.00454	0.00144	0.00547	0.00408	0.00268	0.02797
11	0.79505	0.03568	0.00807	0.00667	0.00975	0.01134	0.00554	0.05236	0.00902	0.02185	0.00699	0.00806	0.00543	0.00455	0.00309	0.00148	0.00387	0.00271	0.00306	0.00543
12	0.03588	0.01076	0.03860	0.01412	0.07658	0.01990	0.25545	0.05667	0.07339	0.22260	0.05621	0.02764	0.04671	0.00601	0.00539	0.00158	0.01806	0.02353	0.00400	0.00691
13	0.01005	0.00861	0.01005	0.00718	0.01148	0.00646	0.00574	0.01220	0.01005	0.01579	0.00861	0.01005	0.00718	0.00359	0.00359	0.00072	0.00359	0.00287	0.00287	0.85932
14	0.04302	0.01014	0.01234	0.00952	0.01320	0.01009	0.00786	0.28043	0.01659	0.50136	0.01595	0.01448	0.01041	0.00596	0.00508	0.00150	0.02395	0.00462	0.00544	0.00809
15	0.01360	0.00916	0.01108	0.04899	0.01231	0.03028	0.04555	0.25434	0.01397	0.14774	0.04285	0.05490	0.01403	0.26648	0.01123	0.00252	0.00500	0.00589	0.00412	0.00595
16	0.07121	0.00531	0.00660	0.00627	0.00752	0.00506	0.00469	0.00971	0.01272	0.04466	0.62194	0.10359	0.03936	0.01003	0.00588	0.02475	0.00256	0.00850	0.00502	0.00462
17	0.04391	0.01012	0.01758	0.38270	0.22091	0.01100	0.15158	0.03376	0.01070	0.01470	0.01099	0.01418	0.04667	0.00496	0.00496	0.00157	0.00626	0.00480	0.00249	0.00617
18	0.00619	0.00477	0.00567	0.00600	0.00702	0.00432	0.00429	0.00779	0.02852	0.01439	0.20692	0.34636	0.31470	0.01274	0.00588	0.00174	0.00259	0.01117	0.00470	0.00422
19	0.00752	0.00539	0.00721	0.00754	0.04102	0.00585	0.00487	0.00802	0.00739	0.01025	0.01327	0.02455	0.01418	0.44604	0.25522	0.08181	0.04759	0.00599	0.00270	0.00359
20	0.04930	0.02270	0.04342	0.12859	0.17396	0.10419	0.12740	0.12676	0.01303	0.10406	0.01071	0.02301	0.00823	0.00508	0.00482	0.00148	0.00617	0.01392	0.00321	0.02996
21	0.00701	0.00495	0.00664	0.00673	0.00760	0.00519	0.00504	0.00872	0.00981	0.01423	0.18362	0.18019	0.06149	0.02072	0.31892	0.00401	0.02212	0.00775	0.12091	0.00434
22	0.08697	0.04541	0.01130	0.00800	0.01202	0.03664	0.00652	0.12082	0.01207	0.07815	0.00955	0.01043	0.00745	0.00424	0.00382	0.00098	0.00413	0.00321	0.00335	0.53493
23	0.03681	0.04295	0.13012	0.01635	0.15353	0.24370	0.13819	0.08550	0.01261	0.01577	0.02768	0.02130	0.00808	0.00510	0.00522	0.00146	0.04217	0.00422	0.00270	0.00653
24	0.05171	0.06145	0.02967	0.00761	0.04185	0.01977	0.00516	0.04753	0.00907	0.03451	0.01588	0.18139	0.01752	0.43895	0.01527	0.00323	0.00451	0.00738	0.00331	0.00424
25	0.12456	0.11582	0.07759	0.01054	0.07289	0.08451	0.00835	0.07494	0.11092	0.06387	0.02523	0.04951	0.02676	0.08246	0.00630	0.00176	0.00501	0.03463	0.00346	0.02091

[dist]
# distance from previous block
# <min> <max>
1	22

[block]
# block no. 11 follows, 52 sequences, length 30
# corresponding to MSA columns:
# 392-411,418-427
name=unknown_L
#
# <colnr> <probs for GDERKNQSTAVLIFYWHMCP>
#	G	D	E	R	K	N	Q	S	T	A	V	L	I	F	Y	W	H	M	C	P
0	0.01290	0.00787	0.00986	0.00837	0.03416	0.00692	0.00642	0.01615	0.09310	0.24595	0.13009	0.04512	0.04240	0.00659	0.00472	0.00131	0.00362	0.03617	0.00451	0.28378
1	0.00696	0.00529	0.00638	0.00643	0.00758	0.00503	0.00468	0.02909	0.06323	0.01617	0.31990	0.28879	0.19878	0.01177	0.00579	0.00170	0.00267	0.01034	0.00485	0.00457
2	0.05145	0.00896	0.01113	0.00870	0.01217	0.00856	0.00714	0.16233	0.02844	0.53978	0.05535	0.01634	0.01277	0.00609	0.00477	0.00148	0.00415	0.00488	0.04776	0.00776
3	0.01407	0.01517	0.01749	0.17374	0.02093	0.27172	0.20921	0.12638	0.05165	0.01593	0.00971	0.01216	0.00758	0.02643	0.00544	0.00156	0.00731	0.00442	0.00288	0.00621
4	0.01126	0.01076	0.01834	0.23362	0.60133	0.01132	0.01451	0.01423	0.01069	0.01494	0.00899	0.01223	0.00736	0.00445	0.00481	0.00148	0.00594	0.00431	0.00234	0.00708
5	0.01668	0.01280	0.01332	0.01072	0.01420	0.04607	0.00868	0.49718	0.24794	0.05959	0.01416	0.01362	0.01025	0.00601	0.00485	0.00150	0.00498	0.00466	0.00483	0.00797
6	0.00756	0.00511	0.00575	0.00563	0.00584	0.00517	0.00331	0.04519	0.00791	0.01056	0.01556	0.06329	0.01775	0.75582	0.02293	0.00443	0.00465	0.00719	0.00309	0.00324
7	0.00703	0.00478	0.00569	0.00569	0.00583	0.00492	0.00344	0.00731	0.00717	0.00970	0.01490	0.02967	0.01673	0.70175	0.15139	0.00520	0.00603	0.00675	0.00288	0.00316
8	0.01147	0.01128	0.02013	0.15122	0.57084	0.01150	0.12294	0.01458	0.01088	0.01525	0.00913	0.01229	0.00744	0.00437	0.00494	0.00149	0.00621	0.00451	0.00237	0.00716
9	0.15201	0.00789	0.00940	0.00756	0.01067	0.00750	0.00617	0.04844	0.01259	0.49598	0.01623	0.01526	0.01087	0.00569	0.00428	0.00142	0.00374	0.00443	0.17282	0.00704
10	0.01347	0.62019	0.10557	0.00932	0.01374	0.01770	0.00944	0.13435	0.01190	0.01480	0.00771	0.00863	0.00653	0.00445	0.00354	0.00115	0.00541	0.00297	0.00250	0.00663
11	0.01210	0.01090	0.01644	0.20866	0.39928	0.01184	0.01270	0.10736	0.13877	0.01749	0.01102	0.01316	0.00861	0.00499	0.00484	0.00152	0.00556	0.00451	0.00304	0.00721
12	0.00911	0.00572	0.00716	0.00656	0.00814	0.00540	0.00500	0.01209	0.07288	0.11589	0.51361	0.06566	0.08788	0.00931	0.00544	0.00153	0.00267	0.00811	0.05264	0.00520
13	0.01185	0.08526	0.07739	0.01496	0.01892	0.08095	0.36905	0.03508	0.12190	0.01607	0.07903	0.01463	0.01145	0.00527	0.00553	0.00155	0.03642	0.00521	0.00304	0.00646
14	0.00665	0.00478	0.00620	0.00700	0.00765	0.00457	0.00520	0.00789	0.00989	0.01297	0.05967	0.38482	0.10017	0.12350	0.00875	0.00236	0.00350	0.23613	0.00431	0.00400
15	0.01042	0.00940	0.01393	0.03622	0.35675	0.02617	0.01044	0.05942	0.04023	0.01510	0.01434	0.14131	0.04515	0.01136	0.11859	0.00248	0.07322	0.00617	0.00306	0.00622
16	0.00842	0.00421	0.00631	0.00631	0.00631	0.00421	0.00421	0.00631	0.00631	0.00842	0.00842	0.01473	0.00842	0.01684	0.01894	0.85901	0.00421	0.00421	0.00210	0.00210
17	0.01798	0.04586	0.01413	0.01227	0.01491	0.72991	0.00932	0.07436	0.01427	0.01320	0.00777	0.00892	0.00639	0.00503	0.00437	0.00126	0.00839	0.00320	0.00265	0.00582
18	0.01354	0.02425	0.02557	0.08534	0.27965	0.11548	0.06729	0.09974	0.01238	0.07530	0.01004	0.01219	0.00789	0.00579	0.02372	0.00160	0.06605	0.00426	0.03792	0.03199
19	0.14385	0.00999	0.05517	0.12763	0.17553	0.02414	0.00952	0.06128	0.04765	0.06122	0.01450	0.14993	0.04656	0.00696	0.00493	0.00157	0.01757	0.00588	0.00337	0.03274
20	0.66512	0.00994	0.00861	0.00730	0.01049	0.01122	0.00601	0.13478	0.01096	0.08535	0.00849	0.00915	0.00625	0.00482	0.00344	0.00149	0.00403	0.00307	0.00353	0.00595
21	0.01320	0.01191	0.01287	0.02734	0.06243	0.07442	0.03782	0.11459	0.54593	0.02024	0.01656	0.01592	0.01246	0.00609	0.00490	0.00158	0.00473	0.00508	0.00443	0.00749
22	0.17376	0.05419	0.03132	0.00944	0.01281	0.09856	0.02585	0.15884	0.05988	0.24724	0.01328	0.01424	0.00973	0.00574	0.00442	0.00147	0.00495	0.03645	0.03089	0.00692
23	0.00792	0.00494	0.00645	0.00666	0.00767	0.00453	0.00484	0.00942	0.01125	0.09272	0.25665	0.41199	0.07334	0.01217	0.00582	0.00176	0.00282	0.04177	0.03270	0.00460
24	0.00597	0.00438	0.00552	0.00635	0.00687	0.00402	0.00429	0.00688	0.00962	0.01260	0.05786	0.63058	0.15757	0.05455	0.00700	0.00203	0.00283	0.01268	0.00445	0.00394
25	0.00857	0.00536	0.00674	0.00631	0.00765	0.00496	0.00467	0.01066	0.03231	0.10633	0.45238	0.10629	0.10900	0.08328	0.00727	0.00185	0.00281	0.00856	0.03017	0.00482
26	0.00676	0.00496	0.00641	0.00711	0.00789	0.00479	0.00527	0.00872	0.04788	0.01420	0.13941	0.44262	0.07899	0.03385	0.00660	0.00199	0.00316	0.17050	0.00459	0.00430
27	0.01595	0.00878	0.01059	0.00883	0.01185	0.00889	0.00705	0.04156	0.31387	0.37802	0.12188	0.01959	0.01744	0.00673	0.00501	0.00156	0.00380	0.00561	0.00547	0.00754
28	0.01363	0.01238	0.01970	0.01469	0.01865	0.03265	0.36276	0.26184	0.07353	0.03932	0.01421	0.01580	0.06426	0.02666	0.00581	0.00164	0.00636	0.00553	0.00365	0.00692
29	0.01282	0.00972	0.01109	0.00948	0.01224	0.01062	0.02806	0.13619	0.43597	0.09026	0.14870	0.02059	0.03855	0.00704	0.00509	0.00158	0.00391	0.00593	0.00500	0.00717

[dist]
# distance from previous block
# <min> <max>
0	2

[block]
# block no. 12 follows, 52 sequences, length 18
# corresponding to MSA columns:
# 430-447
name=unknown_M
#
# <colnr> <probs for GDERKNQSTAVLIFYWHMCP>
#	G	D	E	R	K	N	Q	S	T	A	V	L	I	F	Y	W	H	M	C	P
0	0.01270	0.76803	0.08770	0.00873	0.01312	0.01854	0.00906	0.01458	0.00988	0.01172	0.00689	0.00797	0.00621	0.00418	0.00323	0.00108	0.00534	0.00267	0.00207	0.00629
1	0.01322	0.01215	0.01711	0.04629	0.51629	0.06923	0.01263	0.10171	0.08983	0.04003	0.01144	0.01320	0.02494	0.00499	0.00481	0.00146	0.00564	0.00449	0.00307	0.00746
2	0.01493	0.01184	0.01258	0.01044	0.01370	0.01340	0.00837	0.36751	0.44427	0.02490	0.01607	0.01517	0.01184	0.00623	0.00489	0.00156	0.00451	0.00498	0.00489	0.00793
3	0.44018	0.08103	0.03718	0.00914	0.01217	0.32135	0.00750	0.01628	0.01057	0.01688	0.00710	0.00828	0.00574	0.00467	0.00359	0.00137	0.00591	0.00285	0.00270	0.00553
4	0.06696	0.01227	0.07670	0.01885	0.29432	0.01113	0.15473	0.10961	0.01287	0.17774	0.01140	0.01268	0.00830	0.00483	0.00486	0.00150	0.00580	0.00454	0.00345	0.00746
5	0.01841	0.01396	0.01451	0.01120	0.01503	0.04690	0.00922	0.75269	0.02242	0.02979	0.01147	0.01152	0.00816	0.00578	0.00483	0.00145	0.00547	0.00431	0.00475	0.00814
6	0.00692	0.00519	0.00779	0.00779	0.00865	0.00606	0.00606	0.00865	0.00779	0.01125	0.01298	0.01904	0.01211	0.03634	0.81049	0.00779	0.01298	0.00519	0.00260	0.00433
7	0.00693	0.00517	0.00768	0.00768	0.00851	0.00600	0.00593	0.00859	0.00776	0.01117	0.01308	0.01957	0.01235	0.06952	0.77762	0.00766	0.01263	0.00527	0.00261	0.00427
8	0.86392	0.00937	0.00712	0.00637	0.00937	0.01087	0.00525	0.01425	0.00825	0.02174	0.00675	0.00787	0.00525	0.00450	0.00300	0.00150	0.00375	0.00262	0.00300	0.00525
9	0.01025	0.08801	0.64774	0.01529	0.11405	0.01192	0.01677	0.01522	0.01030	0.01509	0.00859	0.01025	0.00633	0.00453	0.00451	0.00148	0.00683	0.00359	0.00209	0.00715
10	0.01250	0.01217	0.01917	0.01471	0.01847	0.03715	0.35346	0.10557	0.30945	0.01881	0.01421	0.03840	0.01097	0.00558	0.00529	0.00162	0.00606	0.00563	0.00373	0.00706
11	0.12194	0.01347	0.01288	0.01321	0.13114	0.18941	0.00908	0.08009	0.28501	0.03600	0.01246	0.01288	0.00962	0.00564	0.00508	0.00151	0.04584	0.00426	0.00364	0.00685
12	0.00606	0.00433	0.00580	0.00693	0.00728	0.00407	0.00477	0.00702	0.00943	0.01255	0.02662	0.76289	0.03171	0.01503	0.00623	0.00199	0.00295	0.07587	0.00450	0.00398
13	0.01019	0.00958	0.01154	0.01037	0.01121	0.08783	0.00835	0.05324	0.00909	0.01269	0.00973	0.01416	0.00899	0.01952	0.34431	0.00433	0.34270	0.00454	0.02256	0.00507
14	0.00692	0.00515	0.00706	0.00726	0.00783	0.00566	0.00532	0.00815	0.00852	0.01195	0.04617	0.25928	0.03810	0.12907	0.33761	0.00467	0.05852	0.02083	0.02783	0.00410
15	0.03798	0.00483	0.00588	0.00641	0.00731	0.00449	0.00458	0.00797	0.01021	0.03661	0.10129	0.46804	0.19636	0.03458	0.00640	0.00191	0.00290	0.05354	0.00452	0.00421
16	0.11166	0.05896	0.02900	0.01007	0.01361	0.06918	0.00837	0.35867	0.15524	0.11793	0.01280	0.01250	0.00923	0.00565	0.00452	0.00146	0.00501	0.00423	0.00442	0.00749
17	0.01099	0.00751	0.00865	0.00785	0.00992	0.00779	0.00600	0.04173	0.28766	0.12805	0.17914	0.12355	0.09598	0.03439	0.00588	0.00171	0.00335	0.00751	0.02622	0.00613

[dist]
# distance from previous block
# <min> <max>
3	10

[block]
# block no. 13 follows, 52 sequences, length 6
# corresponding to MSA columns:
# 459-464
name=unknown_N
#
# <colnr> <probs for GDERKNQSTAVLIFYWHMCP>
#	G	D	E	R	K	N	Q	S	T	A	V	L	I	F	Y	W	H	M	C	P
0	0.06166	0.23319	0.09773	0.01010	0.01407	0.01483	0.00929	0.28088	0.19404	0.02099	0.01161	0.01173	0.00882	0.00535	0.00427	0.00140	0.00505	0.00397	0.00373	0.00729
1	0.15134	0.00916	0.00999	0.00808	0.01108	0.00954	0.00658	0.25819	0.01500	0.23311	0.05261	0.01489	0.01150	0.00582	0.00430	0.00141	0.00397	0.00447	0.18214	0.00681
2	0.00974	0.00835	0.01202	0.22730	0.09443	0.05531	0.06067	0.01204	0.01101	0.06284	0.08626	0.15076	0.08387	0.00852	0.00545	0.00169	0.00498	0.09581	0.00357	0.00536
3	0.00664	0.00488	0.00621	0.00603	0.00714	0.00445	0.00446	0.00866	0.01298	0.01801	0.63565	0.11519	0.13027	0.01070	0.00576	0.00158	0.00236	0.00942	0.00516	0.00445
4	0.01213	0.05920	0.03540	0.01275	0.09165	0.01121	0.10130	0.08872	0.18075	0.04322	0.01223	0.01441	0.00984	0.00551	0.00555	0.00141	0.07192	0.03490	0.00344	0.20445
5	0.00644	0.00479	0.00646	0.06090	0.00892	0.00459	0.00507	0.00754	0.00948	0.01279	0.06966	0.64262	0.02918	0.05890	0.00697	0.00201	0.00317	0.01196	0.00423	0.04433

[dist]
# distance from previous block
# <min> <max>
0	1

[block]
# block no. 14 follows, 52 sequences, length 14
# corresponding to MSA columns:
# 466-479
name=unknown_O
#
# <colnr> <probs for GDERKNQSTAVLIFYWHMCP>
#	G	D	E	R	K	N	Q	S	T	A	V	L	I	F	Y	W	H	M	C	P
0	0.01185	0.01151	0.01843	0.13045	0.63941	0.03995	0.01419	0.01516	0.04344	0.01543	0.00943	0.01225	0.00776	0.00450	0.00479	0.00146	0.00587	0.00432	0.00248	0.00731
1	0.01173	0.08907	0.36924	0.03398	0.15645	0.10866	0.01397	0.03149	0.04341	0.01500	0.00888	0.01058	0.00690	0.00478	0.00490	0.00143	0.03812	0.00368	0.00239	0.04536
2	0.86392	0.00937	0.00712	0.00637	0.00937	0.01087	0.00525	0.01425	0.00825	0.02174	0.00675	0.00787	0.00525	0.00450	0.00300	0.00150	0.00375	0.00262	0.00300	0.00525
3	0.06372	0.00866	0.00986	0.00713	0.01135	0.00674	0.00571	0.01233	0.00994	0.01617	0.00850	0.00991	0.00706	0.00365	0.00355	0.00077	0.00360	0.00286	0.00288	0.80563
4	0.00599	0.00492	0.00527	0.00518	0.00671	0.00420	0.00389	0.00746	0.01167	0.01456	0.22269	0.04421	0.62298	0.01172	0.00572	0.00161	0.00242	0.00989	0.00469	0.00420
5	0.00890	0.00810	0.01158	0.01044	0.01084	0.01078	0.00850	0.01027	0.00759	0.01147	0.00942	0.01450	0.00902	0.02136	0.38315	0.00474	0.44745	0.00468	0.00234	0.00485
6	0.01486	0.54106	0.02079	0.00883	0.01272	0.04001	0.00818	0.15715	0.01277	0.09637	0.00928	0.00981	0.00743	0.00473	0.00366	0.00117	0.00509	0.00324	0.03613	0.00672
