[name]
unknown

[dist]
# distance from previous block
# <min> <max>
0	678

[block]
# block no. 0 follows, 48 sequences, length 16
# corresponding to MSA columns:
# 732-747
name=unknown_A
#
# <colnr> <probs for GDERKNQSTAVLIFYWHMCP>
#	G	D	E	R	K	N	Q	S	T	A	V	L	I	F	Y	W	H	M	C	P
0	0.03232	0.04294	0.10704	0.03953	0.08957	0.08640	0.13223	0.16254	0.10545	0.04676	0.05701	0.01441	0.01108	0.00574	0.00542	0.00158	0.02618	0.00492	0.00364	0.02524
1	0.09312	0.09319	0.05367	0.01291	0.13803	0.03894	0.02382	0.14636	0.01276	0.05110	0.01150	0.01352	0.03221	0.00828	0.04090	0.10626	0.00563	0.00426	0.02119	0.09236
2	0.07395	0.06672	0.09042	0.05158	0.09406	0.07845	0.01032	0.18514	0.05617	0.08196	0.08644	0.01623	0.02741	0.00640	0.00543	0.00158	0.03841	0.01830	0.00392	0.00712
3	0.04353	0.06656	0.06874	0.06249	0.07531	0.14173	0.01034	0.16431	0.25078	0.02016	0.01302	0.01349	0.00992	0.00576	0.00483	0.00153	0.00586	0.00447	0.00385	0.03330
4	0.01355	0.05097	0.07268	0.01126	0.05527	0.06439	0.04173	0.11532	0.03419	0.10009	0.04050	0.04268	0.04381	0.00664	0.02125	0.00149	0.02642	0.00486	0.00374	0.24915
5	0.04276	0.00516	0.00680	0.05556	0.00947	0.00510	0.00561	0.00827	0.01031	0.01419	0.07475	0.60334	0.05486	0.01434	0.00631	0.00202	0.00334	0.06880	0.00460	0.00441
6	0.01229	0.00726	0.00905	0.00875	0.03037	0.02857	0.00644	0.06584	0.01287	0.21331	0.12109	0.29017	0.04868	0.04043	0.03397	0.00214	0.00423	0.05356	0.00506	0.00590
7	0.01198	0.07402	0.14279	0.19727	0.33404	0.05648	0.03188	0.01528	0.01107	0.01501	0.00902	0.01204	0.00729	0.00503	0.00564	0.00159	0.05583	0.00427	0.00239	0.00709
8	0.04037	0.02597	0.01599	0.01276	0.01448	0.01216	0.16241	0.02762	0.03759	0.03527	0.01275	0.01748	0.05484	0.09784	0.07971	0.00282	0.33578	0.00556	0.00291	0.00570
9	0.00629	0.00465	0.00578	0.00665	0.00722	0.00425	0.00448	0.00721	0.01004	0.01304	0.03225	0.60957	0.18434	0.06909	0.00776	0.00221	0.00303	0.01335	0.00465	0.00413
10	0.01237	0.00922	0.02711	0.10561	0.18412	0.00938	0.00990	0.05594	0.02876	0.14609	0.06946	0.09164	0.08021	0.02450	0.03411	0.00202	0.06640	0.03260	0.00400	0.00656
11	0.06076	0.08312	0.10168	0.04623	0.01723	0.02960	0.15874	0.14052	0.01346	0.11847	0.01357	0.06444	0.01139	0.02516	0.05133	0.00209	0.00655	0.04510	0.00370	0.00685
12	0.01309	0.01043	0.01625	0.12777	0.35973	0.01069	0.04031	0.05193	0.06848	0.11142	0.03302	0.01754	0.06907	0.00594	0.00518	0.00159	0.00541	0.00538	0.03944	0.00735
13	0.00608	0.00515	0.00524	0.00532	0.00696	0.00432	0.00395	0.00735	0.01158	0.01382	0.05055	0.09573	0.74016	0.01318	0.00609	0.00175	0.00262	0.01106	0.00476	0.00432
14	0.01150	0.01214	0.06056	0.19991	0.28610	0.06044	0.06127	0.02934	0.05969	0.01561	0.01322	0.09225	0.03455	0.00646	0.00571	0.00167	0.03410	0.00578	0.00296	0.00675
15	0.01542	0.00835	0.01017	0.00867	0.01136	0.00817	0.00680	0.10304	0.12061	0.32166	0.06786	0.11303	0.07884	0.07010	0.00709	0.00195	0.00412	0.03033	0.00542	0.00701

[dist]
# distance from previous block
# <min> <max>
0	1

[block]
# block no. 1 follows, 48 sequences, length 24
# corresponding to MSA columns:
# 749-766,776-781
name=unknown_B
#
# <colnr> <probs for GDERKNQSTAVLIFYWHMCP>
#	G	D	E	R	K	N	Q	S	T	A	V	L	I	F	Y	W	H	M	C	P
0	0.10460	0.03064	0.01207	0.01061	0.02687	0.12865	0.00819	0.12369	0.37679	0.02103	0.01599	0.03809	0.01267	0.00664	0.00486	0.00162	0.00501	0.02191	0.04284	0.00724
1	0.85592	0.00992	0.00754	0.00675	0.00992	0.01151	0.00556	0.01508	0.00873	0.02302	0.00714	0.00834	0.00556	0.00476	0.00318	0.00159	0.00397	0.00278	0.00318	0.00556
2	0.01130	0.00910	0.01071	0.00768	0.01221	0.00688	0.00616	0.01357	0.01086	0.05820	0.00972	0.01101	0.00787	0.00394	0.00387	0.00080	0.00383	0.00315	0.00322	0.80593
3	0.00653	0.00528	0.00586	0.00599	0.00754	0.00461	0.00463	0.00813	0.01208	0.01501	0.15441	0.06717	0.56066	0.01286	0.00621	0.00181	0.00286	0.10900	0.00489	0.00445
4	0.01459	0.01171	0.01269	0.01018	0.01394	0.01232	0.00816	0.28609	0.31029	0.02406	0.01477	0.01450	0.01109	0.00585	0.00482	0.00141	0.00455	0.00466	0.00462	0.22971
5	0.00692	0.00507	0.00650	0.00648	0.00754	0.00464	0.00473	0.00890	0.01322	0.01828	0.54703	0.20891	0.11878	0.01196	0.00616	0.00173	0.00256	0.01059	0.00537	0.00464
6	0.05065	0.00921	0.01203	0.00926	0.01321	0.00833	0.00765	0.08267	0.01522	0.70646	0.01919	0.01676	0.01215	0.00628	0.00509	0.00158	0.00445	0.00504	0.00615	0.00863
7	0.01373	0.12264	0.40495	0.01277	0.01857	0.01323	0.04008	0.13157	0.07635	0.10064	0.01158	0.01221	0.00830	0.00532	0.00481	0.00155	0.00643	0.00417	0.00333	0.00777
8	0.00735	0.00540	0.00777	0.00777	0.00852	0.00616	0.00582	0.00886	0.00811	0.01156	0.01418	0.02256	0.01387	0.17818	0.66107	0.00766	0.01218	0.00585	0.00281	0.00432
9	0.00827	0.00591	0.00827	0.00945	0.01063	0.00591	0.00827	0.01063	0.01181	0.01536	0.02717	0.05788	0.02953	0.01417	0.00709	0.00236	0.00472	0.75313	0.00472	0.00472
10	0.01092	0.01217	0.10212	0.45650	0.19956	0.01202	0.04854	0.03953	0.01110	0.01503	0.00932	0.01302	0.00719	0.00512	0.00557	0.00167	0.03704	0.00454	0.00243	0.00660
11	0.01023	0.01847	0.42203	0.01414	0.01951	0.01079	0.14986	0.01583	0.08247	0.01640	0.01519	0.06468	0.04103	0.00695	0.00550	0.00177	0.00668	0.08853	0.00306	0.00688
12	0.00962	0.00606	0.00723	0.00664	0.00822	0.00594	0.00507	0.03874	0.06972	0.06524	0.45097	0.02964	0.03307	0.00863	0.00524	0.00151	0.00276	0.00741	0.23286	0.00542
13	0.00784	0.00525	0.00679	0.00748	0.00822	0.00502	0.00518	0.02948	0.03959	0.05851	0.05569	0.68990	0.03191	0.01470	0.00636	0.00201	0.00315	0.01325	0.00491	0.00472
14	0.01242	0.01038	0.01109	0.00992	0.01264	0.01175	0.00771	0.09462	0.58596	0.02162	0.06438	0.06626	0.05287	0.00787	0.00537	0.00173	0.00399	0.00661	0.00519	0.00760
15	0.07464	0.04756	0.01463	0.01197	0.01491	0.38493	0.00948	0.19981	0.01564	0.08233	0.00980	0.01077	0.00756	0.00589	0.00588	0.00150	0.08852	0.00384	0.00353	0.00681
16	0.01110	0.13088	0.01307	0.00778	0.01231	0.00885	0.00648	0.01329	0.01061	0.01602	0.00882	0.01028	0.00745	0.00389	0.00372	0.00081	0.00405	0.00300	0.00291	0.72467
17	0.02618	0.02537	0.06109	0.01150	0.09467	0.00782	0.06376	0.02439	0.05822	0.06639	0.14489	0.18195	0.13632	0.01000	0.00582	0.00177	0.00428	0.06535	0.00439	0.00586
18	0.30954	0.01043	0.04113	0.01063	0.05853	0.01023	0.06057	0.08414	0.03066	0.20242	0.04304	0.04626	0.02611	0.02690	0.00518	0.00172	0.00472	0.01676	0.00424	0.00679
19	0.85592	0.00992	0.00754	0.00675	0.00992	0.01151	0.00556	0.01508	0.00873	0.02302	0.00714	0.00834	0.00556	0.00476	0.00318	0.00159	0.00397	0.00278	0.00318	0.00556
20	0.00734	0.00545	0.00799	0.00799	0.00882	0.00627	0.00609	0.00900	0.00817	0.01172	0.01398	0.02146	0.01339	0.11430	0.72430	0.00793	0.01289	0.00569	0.00278	0.00444
21	0.00733	0.00550	0.00825	0.00825	0.00916	0.00641	0.00641	0.00916	0.00825	0.01191	0.01374	0.02016	0.01283	0.03848	0.79934	0.00825	0.01374	0.00550	0.00275	0.00458
22	0.04249	0.00832	0.00953	0.00918	0.01132	0.00892	0.00754	0.10148	0.22786	0.01951	0.08310	0.03754	0.10959	0.01048	0.00600	0.00194	0.00420	0.28995	0.00493	0.00613
23	0.07157	0.01445	0.01585	0.06577	0.13362	0.18840	0.06988	0.10661	0.13175	0.04803	0.01139	0.01292	0.00887	0.00635	0.01933	0.00173	0.07852	0.00451	0.00344	0.00703

[dist]
# distance from previous block
# <min> <max>
1	9

[block]
# block no. 2 follows, 48 sequences, length 7
# corresponding to MSA columns:
# 791-797
name=unknown_C
#
# <colnr> <probs for GDERKNQSTAVLIFYWHMCP>
#	G	D	E	R	K	N	Q	S	T	A	V	L	I	F	Y	W	H	M	C	P
0	0.07459	0.44123	0.10037	0.01095	0.07250	0.04249	0.00971	0.01564	0.01077	0.04394	0.00836	0.00959	0.00700	0.00450	0.00377	0.00120	0.00547	0.00315	0.00259	0.13217
1	0.06936	0.00638	0.00894	0.00830	0.00995	0.00608	0.06923	0.01028	0.01233	0.01771	0.34049	0.18193	0.07604	0.01110	0.00603	0.00181	0.00357	0.12447	0.00478	0.03124
2	0.00883	0.00780	0.00694	0.00696	0.00759	0.12266	0.00450	0.00933	0.00939	0.01132	0.02096	0.17042	0.10242	0.46918	0.01729	0.00357	0.00500	0.00847	0.00351	0.00385
3	0.72977	0.00911	0.00731	0.00681	0.00955	0.01042	0.00544	0.01390	0.00889	0.02155	0.01028	0.12830	0.00977	0.00644	0.00368	0.00166	0.00382	0.00453	0.00341	0.00535
4	0.01340	0.08860	0.17248	0.16112	0.07371	0.03581	0.05789	0.05297	0.06607	0.13123	0.03031	0.03143	0.01008	0.00559	0.00495	0.00155	0.00604	0.00473	0.00341	0.04865
5	0.04992	0.05768	0.06997	0.04955	0.26978	0.01306	0.05005	0.10629	0.16786	0.06040	0.01241	0.01368	0.00953	0.00556	0.00549	0.00161	0.04120	0.00470	0.00355	0.00773
6	0.85592	0.00992	0.00754	0.00675	0.00992	0.01151	0.00556	0.01508	0.00873	0.02302	0.00714	0.00834	0.00556	0.00476	0.00318	0.00159	0.00397	0.00278	0.00318	0.00556

[dist]
# distance from previous block
# <min> <max>
0	11

[block]
# block no. 3 follows, 48 sequences, length 26
# corresponding to MSA columns:
# 809-834
name=unknown_D
#
# <colnr> <probs for GDERKNQSTAVLIFYWHMCP>
#	G	D	E	R	K	N	Q	S	T	A	V	L	I	F	Y	W	H	M	C	P
0	0.01305	0.66830	0.17552	0.00991	0.01492	0.01868	0.01075	0.01554	0.01050	0.01288	0.00754	0.00874	0.00657	0.00448	0.00360	0.00120	0.00589	0.00295	0.00219	0.00678
1	0.00742	0.00503	0.00584	0.00576	0.00600	0.00495	0.00345	0.00789	0.00883	0.01201	0.16531	0.03450	0.02443	0.66270	0.02222	0.00432	0.00448	0.00781	0.00360	0.00345
2	0.00677	0.00547	0.00607	0.00615	0.00760	0.00498	0.00452	0.00910	0.06577	0.01535	0.16593	0.19421	0.46415	0.01276	0.00610	0.00178	0.00275	0.01095	0.00494	0.00465
3	0.01276	0.01102	0.01160	0.01044	0.01334	0.01276	0.00812	0.02727	0.77840	0.02146	0.02088	0.01914	0.01566	0.00696	0.00522	0.00174	0.00406	0.00580	0.00522	0.00812
4	0.01740	0.01218	0.01348	0.01057	0.01410	0.01313	0.00863	0.56664	0.02155	0.08737	0.16280	0.01775	0.01673	0.00701	0.00531	0.00156	0.00492	0.00556	0.00532	0.00797
5	0.01105	0.00949	0.01083	0.00815	0.01239	0.00799	0.00648	0.01570	0.15958	0.01764	0.01140	0.01229	0.00916	0.00441	0.00408	0.00095	0.00385	0.00358	0.00346	0.68752
6	0.00951	0.02226	0.64039	0.01317	0.01934	0.01041	0.01620	0.01448	0.01064	0.01564	0.01291	0.16709	0.01182	0.00705	0.00520	0.00171	0.00669	0.00589	0.00267	0.00692
7	0.00694	0.00504	0.00545	0.00553	0.00691	0.00448	0.00408	0.00858	0.01173	0.01581	0.15300	0.12784	0.44031	0.01160	0.00564	0.00165	0.00257	0.00984	0.16851	0.00448
8	0.03808	0.01258	0.01309	0.01055	0.01388	0.04907	0.00852	0.48849	0.10324	0.02773	0.16280	0.01786	0.01700	0.00701	0.00525	0.00157	0.00497	0.00554	0.00508	0.00770
9	0.01141	0.01219	0.02524	0.01836	0.02274	0.01149	0.59575	0.03999	0.01298	0.01776	0.16071	0.01854	0.01570	0.00558	0.00602	0.00170	0.00734	0.00663	0.00327	0.00658
10	0.00955	0.00711	0.00845	0.00815	0.00993	0.00711	0.00656	0.15676	0.01445	0.01902	0.16830	0.12577	0.20066	0.01189	0.00623	0.00189	0.00381	0.22401	0.00499	0.00537
11	0.00819	0.00619	0.00756	0.00712	0.00712	0.00706	0.00468	0.00841	0.00754	0.01041	0.01434	0.02924	0.01634	0.66241	0.02432	0.00445	0.16120	0.00689	0.00294	0.00359
12	0.66769	0.00905	0.00723	0.00651	0.00933	0.01033	0.00530	0.03619	0.00957	0.02253	0.00915	0.01054	0.00712	0.00504	0.00331	0.00151	0.00371	0.00322	0.16715	0.00550
13	0.01064	0.02408	0.64511	0.01598	0.02310	0.01212	0.16447	0.01629	0.01108	0.01629	0.00944	0.01142	0.00675	0.00477	0.00510	0.00165	0.00779	0.00423	0.00225	0.00745
14	0.00667	0.00482	0.00639	0.00750	0.00808	0.00455	0.00545	0.00790	0.01038	0.01363	0.02972	0.60091	0.08616	0.01545	0.00663	0.00212	0.00332	0.17126	0.00476	0.00430
15	0.00665	0.00529	0.00584	0.00586	0.00733	0.00470	0.00433	0.00859	0.03658	0.01559	0.20417	0.13900	0.49100	0.01246	0.00603	0.00174	0.00265	0.01064	0.02700	0.00455
16	0.63551	0.00975	0.00879	0.00745	0.01083	0.01067	0.00614	0.03667	0.01055	0.20692	0.01041	0.01062	0.00735	0.00518	0.00370	0.00159	0.00411	0.00339	0.00398	0.00640
17	0.00644	0.00517	0.00575	0.00570	0.00719	0.00448	0.00424	0.00806	0.01245	0.01587	0.27434	0.09270	0.51474	0.01242	0.00609	0.00172	0.00257	0.01058	0.00503	0.00448
18	0.00886	0.00448	0.00664	0.00664	0.00664	0.00448	0.00440	0.00671	0.00671	0.00895	0.00920	0.01630	0.00929	0.04925	0.02029	0.81757	0.00448	0.00457	0.00226	0.00226
19	0.00940	0.00560	0.00657	0.00636	0.00756	0.00557	0.00462	0.01164	0.04992	0.07563	0.09067	0.07369	0.07782	0.18683	0.08754	0.00292	0.00441	0.02423	0.26421	0.00481
20	0.00722	0.00543	0.00705	0.00735	0.02591	0.00518	0.00539	0.00912	0.01213	0.01644	0.35065	0.09587	0.17942	0.06231	0.09810	0.00271	0.00429	0.09605	0.00476	0.00463
21	0.01646	0.01244	0.01332	0.01093	0.01379	0.11104	0.03285	0.27414	0.04781	0.14313	0.01332	0.01441	0.00998	0.00939	0.08139	0.00221	0.09006	0.00472	0.09145	0.00717
22	0.00963	0.02145	0.59190	0.04457	0.02026	0.01061	0.04390	0.01456	0.01069	0.01555	0.01302	0.10624	0.03564	0.00751	0.03058	0.00190	0.00709	0.00545	0.00259	0.00688
23	0.00875	0.00465	0.00675	0.00684	0.00695	0.00467	0.00459	0.00732	0.02918	0.00970	0.01122	0.09672	0.01164	0.01734	0.01826	0.74045	0.00430	0.00552	0.00257	0.00259
24	0.01008	0.01092	0.10400	0.04152	0.01557	0.02732	0.16085	0.05879	0.03527	0.03608	0.02568	0.07468	0.21683	0.00980	0.01707	0.00191	0.00553	0.13828	0.00393	0.00587
25	0.04043	0.01167	0.01745	0.03997	0.15403	0.04930	0.16373	0.10761	0.01418	0.28157	0.01487	0.01550	0.03197	0.00650	0.02615	0.00177	0.00619	0.00517	0.00424	0.00770

[dist]
# distance from previous block
# <min> <max>
4	27

[block]
# block no. 4 follows, 48 sequences, length 20
# corresponding to MSA columns:
# 865-884
name=unknown_E
#
# <colnr> <probs for GDERKNQSTAVLIFYWHMCP>
#	G	D	E	R	K	N	Q	S	T	A	V	L	I	F	Y	W	H	M	C	P
0	0.16788	0.02578	0.08161	0.04405	0.12427	0.01121	0.02627	0.10920	0.04127	0.08900	0.01090	0.01272	0.00843	0.00531	0.00502	0.00146	0.04029	0.01787	0.00350	0.17397
1	0.00768	0.00520	0.00647	0.00644	0.00731	0.00491	0.00449	0.00901	0.03117	0.03394	0.28364	0.16981	0.13526	0.16179	0.01141	0.10010	0.00334	0.00933	0.00452	0.00422
2	0.01284	0.01556	0.07916	0.07821	0.02489	0.11543	0.51643	0.04130	0.01250	0.01607	0.01004	0.01313	0.00763	0.00549	0.02619	0.00183	0.00855	0.00536	0.00264	0.00675
3	0.00630	0.00471	0.00578	0.00654	0.00723	0.00428	0.00446	0.00732	0.01038	0.01345	0.06485	0.54883	0.22734	0.05414	0.00736	0.00211	0.00295	0.01305	0.00472	0.00419
4	0.00702	0.00529	0.00653	0.00637	0.00772	0.00479	0.00488	0.00914	0.01354	0.01833	0.52415	0.04294	0.24521	0.01147	0.00614	0.00171	0.00266	0.07208	0.00533	0.00469
5	0.01029	0.02654	0.79309	0.01462	0.02221	0.01192	0.01896	0.01625	0.01083	0.01625	0.00921	0.01083	0.00650	0.00487	0.00487	0.00162	0.00758	0.00379	0.00217	0.00758
6	0.00735	0.00604	0.00657	0.00729	0.00787	0.06105	0.00495	0.00833	0.01043	0.01341	0.08592	0.58925	0.07291	0.08352	0.00802	0.00222	0.00353	0.01255	0.00454	0.00427
7	0.85592	0.00992	0.00754	0.00675	0.00992	0.01151	0.00556	0.01508	0.00873	0.02302	0.00714	0.00834	0.00556	0.00476	0.00318	0.00159	0.00397	0.00278	0.00318	0.00556
8	0.01064	0.00912	0.01064	0.00760	0.01216	0.00684	0.00608	0.01292	0.01064	0.01672	0.00912	0.01064	0.00760	0.00380	0.00380	0.00076	0.00380	0.00304	0.00304	0.85104
9	0.85592	0.00992	0.00754	0.00675	0.00992	0.01151	0.00556	0.01508	0.00873	0.02302	0.00714	0.00834	0.00556	0.00476	0.00318	0.00159	0.00397	0.00278	0.00318	0.00556
10	0.01063	0.00995	0.01611	0.56373	0.18799	0.01171	0.01391	0.01514	0.09134	0.01474	0.01047	0.01405	0.00803	0.00521	0.00513	0.00167	0.00639	0.00469	0.00264	0.00645
11	0.79335	0.00983	0.00787	0.00693	0.01016	0.01121	0.00571	0.01583	0.00918	0.08073	0.00813	0.00902	0.00609	0.00488	0.00332	0.00159	0.00400	0.00296	0.00341	0.00580
12	0.01335	0.01168	0.01413	0.01186	0.01515	0.01310	0.09589	0.09918	0.61593	0.02196	0.01883	0.01786	0.01407	0.00658	0.00531	0.00172	0.00475	0.00571	0.00491	0.00804
13	0.00625	0.00447	0.00595	0.00714	0.00744	0.00417	0.00476	0.00714	0.00982	0.01310	0.02828	0.81633	0.03394	0.01608	0.00655	0.00208	0.00298	0.01459	0.00476	0.00417
14	0.01126	0.00698	0.00891	0.00886	0.01074	0.00690	0.00732	0.04953	0.08043	0.14525	0.04140	0.12424	0.08535	0.01173	0.00628	0.00202	0.00420	0.36079	0.02202	0.00579
15	0.06117	0.20022	0.05496	0.03856	0.05281	0.06329	0.00942	0.11709	0.01332	0.19570	0.02604	0.01396	0.03370	0.00717	0.03513	0.00175	0.06038	0.00438	0.00381	0.00712
16	0.01372	0.82276	0.02689	0.00878	0.01317	0.02030	0.00878	0.01536	0.01043	0.01207	0.00713	0.00823	0.00658	0.00439	0.00329	0.00110	0.00549	0.00274	0.00219	0.00658
17	0.00689	0.00528	0.00643	0.00689	0.00815	0.00482	0.00539	0.00859	0.01187	0.01522	0.15909	0.17882	0.33372	0.01343	0.00642	0.00194	0.00322	0.21442	0.00490	0.00449
18	0.00691	0.00505	0.00650	0.00741	0.00800	0.00490	0.00515	0.00883	0.06492	0.01398	0.05341	0.65817	0.05143	0.01511	0.00676	0.02175	0.00315	0.04937	0.00476	0.00446
19	0.01059	0.01026	0.01587	0.63632	0.12120	0.04610	0.01396	0.01419	0.03580	0.01377	0.00946	0.01349	0.00727	0.00523	0.00539	0.00169	0.02637	0.00455	0.00242	0.00607

[dist]
# distance from previous block
# <min> <max>
0	28

[block]
# block no. 5 follows, 48 sequences, length 7
# corresponding to MSA columns:
# 913,923-928
name=unknown_F
#
# <colnr> <probs for GDERKNQSTAVLIFYWHMCP>
#	G	D	E	R	K	N	Q	S	T	A	V	L	I	F	Y	W	H	M	C	P
0	0.12369	0.00790	0.00868	0.00783	0.00999	0.00836	0.00607	0.04043	0.22377	0.05254	0.38974	0.02772	0.05599	0.00853	0.00537	0.00165	0.00327	0.00719	0.00518	0.00610
1	0.00870	0.00571	0.00676	0.00664	0.00748	0.00558	0.00446	0.04313	0.03613	0.05669	0.07210	0.20090	0.11059	0.34671	0.01515	0.05182	0.00404	0.00902	0.00411	0.00427
2	0.01556	0.01320	0.03366	0.08859	0.10448	0.10895	0.05120	0.19679	0.10944	0.11962	0.01462	0.05284	0.02950	0.00650	0.00558	0.00162	0.03098	0.00534	0.00411	0.00741
3	0.01238	0.01305	0.01954	0.11018	0.30358	0.11805	0.18463	0.01559	0.03269	0.01538	0.01284	0.06058	0.04640	0.00591	0.00567	0.00163	0.02661	0.00564	0.00284	0.00682
4	0.00701	0.00484	0.00568	0.00603	0.00624	0.00469	0.00366	0.00736	0.00845	0.01115	0.02219	0.26918	0.07439	0.52508	0.01892	0.00389	0.00422	0.00982	0.00372	0.00351
5	0.17183	0.01263	0.06015	0.04616	0.33338	0.06668	0.03618	0.01583	0.03337	0.03631	0.05739	0.01331	0.01013	0.00521	0.00496	0.00152	0.02403	0.00438	0.00303	0.06354
6	0.08618	0.05976	0.04233	0.02462	0.01399	0.15467	0.03924	0.10174	0.07161	0.09483	0.03170	0.08346	0.01230	0.00889	0.05823	0.00199	0.03130	0.01678	0.00379	0.06259

[dist]
# distance from previous block
# <min> <max>
1	10

[block]
# block no. 6 follows, 48 sequences, length 23
# corresponding to MSA columns:
# 939-961
name=unknown_G
#
# <colnr> <probs for GDERKNQSTAVLIFYWHMCP>
#	G	D	E	R	K	N	Q	S	T	A	V	L	I	F	Y	W	H	M	C	P
0	0.06524	0.15394	0.07274	0.03563	0.11189	0.01185	0.00930	0.14842	0.03132	0.07561	0.03499	0.09407	0.10631	0.00734	0.00491	0.00155	0.00487	0.00599	0.01724	0.00677
1	0.04485	0.05599	0.09686	0.00881	0.04556	0.00719	0.00704	0.01024	0.01069	0.03042	0.11556	0.27253	0.14836	0.09505	0.00806	0.00211	0.02226	0.00930	0.00406	0.00506
2	0.01786	0.01299	0.04835	0.04820	0.01606	0.03039	0.02308	0.41102	0.04332	0.17422	0.01313	0.01355	0.00933	0.00679	0.00671	0.03774	0.07001	0.00470	0.00466	0.00790
3	0.00669	0.00515	0.00619	0.00630	0.00756	0.00466	0.00470	0.00839	0.01226	0.01610	0.30378	0.16445	0.33586	0.01374	0.03993	0.00206	0.00318	0.04951	0.00499	0.00452
4	0.01184	0.01077	0.01420	0.03829	0.01368	0.04410	0.01020	0.05915	0.00956	0.04744	0.00899	0.01310	0.00816	0.01347	0.14871	0.00315	0.53207	0.00466	0.00270	0.00578
5	0.00680	0.00482	0.00643	0.00752	0.00799	0.00462	0.00540	0.00794	0.01007	0.01333	0.02703	0.58435	0.03170	0.08238	0.00829	0.00239	0.00353	0.17660	0.00462	0.00420
6	0.00713	0.00524	0.00668	0.00632	0.00759	0.00479	0.00474	0.00943	0.01422	0.01984	0.70489	0.03954	0.12894	0.01076	0.00605	0.00163	0.00244	0.00945	0.00555	0.00479
7	0.01029	0.02654	0.79309	0.01462	0.02221	0.01192	0.01896	0.01625	0.01083	0.01625	0.00921	0.01083	0.00650	0.00487	0.00487	0.00162	0.00758	0.00379	0.00217	0.00758
8	0.01229	0.00685	0.00832	0.00735	0.00957	0.00651	0.00577	0.01597	0.11036	0.22257	0.25739	0.02989	0.13182	0.00879	0.00541	0.00160	0.00323	0.02948	0.12063	0.00620
9	0.01951	0.01437	0.01540	0.01181	0.01591	0.01591	0.00975	0.77056	0.02412	0.03234	0.01232	0.01232	0.00873	0.00616	0.00513	0.00154	0.00565	0.00462	0.00513	0.00873
10	0.01162	0.06506	0.06654	0.02729	0.01486	0.00972	0.06550	0.07171	0.01166	0.01729	0.00923	0.01096	0.00750	0.00439	0.00471	0.00106	0.03985	0.00352	0.00300	0.55455
11	0.07219	0.01097	0.05898	0.01296	0.13118	0.03348	0.02551	0.06000	0.17334	0.15190	0.09493	0.01908	0.02672	0.05094	0.05326	0.00218	0.00540	0.00554	0.00432	0.00709
12	0.00639	0.00456	0.00611	0.00730	0.00766	0.00428	0.00500	0.00738	0.00996	0.01325	0.02821	0.76552	0.03364	0.01595	0.00659	0.00210	0.00309	0.06406	0.00476	0.00420
13	0.01354	0.01124	0.01615	0.20195	0.04915	0.01219	0.12704	0.30544	0.01610	0.02157	0.01493	0.05210	0.05368	0.00675	0.00541	0.00167	0.00595	0.04015	0.03806	0.00692
14	0.01295	0.10228	0.19845	0.05994	0.30764	0.04489	0.07739	0.06785	0.01237	0.03632	0.01007	0.01287	0.00805	0.00502	0.00496	0.00154	0.00665	0.02050	0.00273	0.00751
15	0.00998	0.00792	0.06101	0.00885	0.03587	0.00641	0.03950	0.02808	0.02643	0.12946	0.15065	0.18423	0.25684	0.01079	0.00589	0.00175	0.00374	0.02213	0.00481	0.00565
16	0.01211	0.01384	0.03028	0.02163	0.02682	0.01298	0.76903	0.01644	0.01211	0.01644	0.01038	0.01384	0.00779	0.00433	0.00606	0.00173	0.00865	0.00606	0.00260	0.00692
17	0.01457	0.01163	0.12631	0.07166	0.11863	0.01005	0.01105	0.01699	0.01133	0.27492	0.01370	0.05152	0.01061	0.00912	0.05548	0.03909	0.13735	0.00516	0.00380	0.00701
18	0.01320	0.09476	0.12820	0.01733	0.15360	0.11066	0.18981	0.08897	0.04138	0.01713	0.02873	0.07077	0.01059	0.00583	0.00519	0.00157	0.00681	0.00536	0.00306	0.00704
19	0.01144	0.01040	0.02833	0.15188	0.13207	0.08369	0.02505	0.03274	0.12243	0.05192	0.05786	0.19914	0.01754	0.00832	0.00545	0.00171	0.00517	0.01760	0.03098	0.00627
20	0.00630	0.00454	0.00588	0.00693	0.00731	0.00422	0.00462	0.00718	0.00983	0.01299	0.02929	0.72200	0.08541	0.05794	0.00754	0.00221	0.00306	0.01395	0.00468	0.00412
21	0.02985	0.00750	0.02285	0.01008	0.11990	0.00754	0.00665	0.01527	0.14222	0.03257	0.01685	0.05251	0.01379	0.00651	0.00432	0.00142	0.00345	0.02119	0.47958	0.00594
22	0.27892	0.04662	0.11311	0.02554	0.04813	0.08346	0.00824	0.01424	0.01052	0.01805	0.03133	0.01536	0.04687	0.00749	0.04575	0.00182	0.00533	0.02165	0.13756	0.04000

[dist]
# distance from previous block
# <min> <max>
6	34

[block]
# block no. 7 follows, 48 sequences, length 8
# corresponding to MSA columns:
# 996-1003
name=unknown_H
#
# <colnr> <probs for GDERKNQSTAVLIFYWHMCP>
#	G	D	E	R	K	N	Q	S	T	A	V	L	I	F	Y	W	H	M	C	P
0	0.05182	0.04805	0.06688	0.00912	0.01122	0.00966	0.00773	0.07194	0.03993	0.04756	0.07803	0.01877	0.01397	0.11138	0.17569	0.02951	0.11871	0.00526	0.02940	0.05537
1	0.01141	0.01028	0.05614	0.04447	0.13715	0.05770	0.00963	0.04249	0.03210	0.08137	0.05832	0.04021	0.03176	0.01752	0.27153	0.00387	0.07902	0.00554	0.00335	0.00614
2	0.04149	0.01137	0.06283	0.20276	0.18208	0.01148	0.04829	0.14697	0.01324	0.01870	0.04133	0.04138	0.01158	0.00644	0.00572	0.00167	0.04272	0.05037	0.05287	0.00672
3	0.01320	0.01297	0.12938	0.03749	0.07498	0.01148	0.05943	0.15214	0.19193	0.07473	0.05297	0.04545	0.04975	0.00686	0.00563	0.00166	0.03122	0.00576	0.03559	0.00736
4	0.23178	0.05972	0.01068	0.00825	0.01117	0.05863	0.00669	0.16263	0.01384	0.12321	0.06545	0.05636	0.07174	0.00693	0.00453	0.00153	0.00435	0.00530	0.09080	0.00639
5	0.01274	0.01092	0.05320	0.05989	0.23022	0.01061	0.01063	0.14030	0.11024	0.06696	0.07898	0.04906	0.06431	0.00733	0.00539	0.00166	0.00498	0.05203	0.02339	0.00717
6	0.06491	0.01060	0.01301	0.05642	0.05812	0.01191	0.03307	0.17509	0.25583	0.05588	0.03376	0.01786	0.01289	0.01059	0.10230	0.00250	0.04037	0.03340	0.00429	0.00720
7	0.03995	0.00962	0.02605	0.06934	0.16891	0.02820	0.00924	0.09332	0.06029	0.12001	0.01672	0.21281	0.01584	0.03744	0.00685	0.02311	0.02969	0.00720	0.01889	0.00652

[dist]
# distance from previous block
# <min> <max>
0	1

[block]
# block no. 8 follows, 48 sequences, length 15
# corresponding to MSA columns:
# 1005-1019
name=unknown_I
#
# <colnr> <probs for GDERKNQSTAVLIFYWHMCP>
#	G	D	E	R	K	N	Q	S	T	A	V	L	I	F	Y	W	H	M	C	P
0	0.58861	0.06809	0.01156	0.01011	0.06929	0.12650	0.03019	0.01598	0.01001	0.02009	0.00754	0.00895	0.00604	0.00479	0.00362	0.00152	0.00514	0.00308	0.00297	0.00592
1	0.00979	0.00845	0.00850	0.00834	0.03199	0.08498	0.00600	0.03416	0.12467	0.03918	0.21992	0.10604	0.23346	0.05322	0.00683	0.00185	0.00382	0.00862	0.00475	0.00545
2	0.01209	0.09754	0.01488	0.01175	0.10323	0.06523	0.04808	0.04587	0.01185	0.01677	0.04733	0.01213	0.00955	0.00451	0.00424	0.00105	0.00490	0.00374	0.00306	0.48220
3	0.00730	0.00532	0.00624	0.00603	0.00754	0.00467	0.00451	0.00908	0.01291	0.04943	0.36245	0.09422	0.38796	0.01185	0.00605	0.00170	0.00262	0.01018	0.00521	0.00472
4	0.00992	0.00855	0.04820	0.05188	0.01200	0.00834	0.02551	0.11838	0.04405	0.02783	0.08298	0.02763	0.18511	0.07953	0.14458	0.00309	0.04084	0.02897	0.04709	0.00554
5	0.00891	0.00446	0.00668	0.00668	0.00668	0.00446	0.00446	0.00668	0.00668	0.00891	0.00891	0.01560	0.00891	0.01783	0.02005	0.85071	0.00446	0.00446	0.00223	0.00223
6	0.00922	0.00778	0.01028	0.00950	0.01042	0.00954	0.00741	0.01280	0.13699	0.01385	0.05577	0.02039	0.01444	0.11970	0.33302	0.00490	0.20974	0.00574	0.00324	0.00527
7	0.01332	0.11653	0.19258	0.14257	0.06740	0.04972	0.02923	0.04767	0.05353	0.11255	0.01106	0.01271	0.00832	0.00635	0.02874	0.00174	0.04996	0.00423	0.00312	0.04869
8	0.05635	0.20930	0.01687	0.05390	0.01513	0.08726	0.02297	0.15961	0.16951	0.04934	0.03303	0.01316	0.01022	0.00603	0.00562	0.00153	0.07500	0.00435	0.00372	0.00710
9	0.00672	0.00651	0.06318	0.00690	0.00839	0.00496	0.00554	0.00835	0.01120	0.01459	0.13824	0.32126	0.30916	0.04043	0.00686	0.00196	0.00322	0.03335	0.00464	0.00455
10	0.01255	0.13817	0.19028	0.11566	0.19638	0.04055	0.09833	0.08323	0.01241	0.01674	0.02975	0.01236	0.00838	0.00504	0.00508	0.00154	0.01928	0.00437	0.00269	0.00719
11	0.01273	0.38613	0.05296	0.01082	0.02911	0.01499	0.08156	0.11531	0.01222	0.01574	0.01171	0.07432	0.01122	0.06539	0.00635	0.00170	0.02658	0.04170	0.02308	0.00638
12	0.00681	0.00515	0.00629	0.00616	0.00743	0.00463	0.00456	0.00875	0.01323	0.01787	0.49610	0.12114	0.25955	0.01178	0.00611	0.00170	0.00253	0.01027	0.00530	0.00463
13	0.01075	0.00946	0.01207	0.00862	0.01323	0.00729	0.06165	0.01318	0.01075	0.01670	0.00921	0.01087	0.00761	0.00384	0.00396	0.00083	0.00415	0.00326	0.00301	0.78956
14	0.02859	0.02860	0.04526	0.10362	0.12663	0.06655	0.11279	0.13643	0.03065	0.06372	0.07043	0.01529	0.01159	0.00850	0.06822	0.00215	0.06559	0.00508	0.00345	0.00686

[dist]
# distance from previous block
# <min> <max>
1	5

[block]
# block no. 9 follows, 48 sequences, length 21
# corresponding to MSA columns:
# 1029-1049
name=unknown_J
#
# <colnr> <probs for GDERKNQSTAVLIFYWHMCP>
#	G	D	E	R	K	N	Q	S	T	A	V	L	I	F	Y	W	H	M	C	P
0	0.01020	0.00739	0.00860	0.00766	0.00943	0.00740	0.00553	0.06697	0.12219	0.04897	0.03321	0.07221	0.01674	0.32185	0.08822	0.00345	0.00532	0.02165	0.00385	0.13913
1	0.01565	0.01307	0.01322	0.01067	0.01437	0.07254	0.00854	0.33400	0.25577	0.02440	0.01403	0.01388	0.01051	0.00588	0.00486	0.00143	0.00506	0.00458	0.00456	0.17298
2	0.00696	0.00497	0.00572	0.00588	0.00667	0.00464	0.00396	0.00789	0.01006	0.01332	0.10799	0.17542	0.25171	0.26962	0.03275	0.02193	0.00371	0.00964	0.05321	0.00395
3	0.00678	0.00512	0.00588	0.00592	0.00685	0.00484	0.00407	0.00776	0.00990	0.01267	0.07870	0.08595	0.33905	0.28445	0.11639	0.00367	0.00486	0.00915	0.00401	0.00398
4	0.00687	0.00539	0.00623	0.00638	0.00766	0.00497	0.00466	0.00912	0.05809	0.01562	0.21084	0.23332	0.35225	0.03028	0.00659	0.00188	0.00284	0.02744	0.00496	0.00462
5	0.05406	0.00919	0.01200	0.00923	0.01318	0.00830	0.00763	0.07870	0.01515	0.70733	0.01918	0.01675	0.01214	0.00628	0.00508	0.00158	0.00444	0.00503	0.00614	0.00861
6	0.01272	0.01375	0.01591	0.01366	0.01429	0.16055	0.03244	0.01397	0.00921	0.01250	0.00706	0.01093	0.00674	0.00817	0.01427	0.00206	0.63941	0.00432	0.00233	0.00571
7	0.01029	0.02654	0.79309	0.01462	0.02221	0.01192	0.01896	0.01625	0.01083	0.01625	0.00921	0.01083	0.00650	0.00487	0.00487	0.00162	0.00758	0.00379	0.00217	0.00758
8	0.00746	0.00497	0.00560	0.00560	0.00560	0.00497	0.00311	0.00746	0.00746	0.00995	0.01617	0.03358	0.01865	0.81967	0.02612	0.00497	0.00497	0.00746	0.00311	0.00311
9	0.00729	0.00496	0.00591	0.00607	0.00620	0.00502	0.00367	0.00759	0.00785	0.01056	0.01751	0.13502	0.02006	0.63403	0.10281	0.00493	0.00561	0.00820	0.00329	0.00340
10	0.01372	0.82276	0.02689	0.00878	0.01317	0.02030	0.00878	0.01536	0.01043	0.01207	0.00713	0.00823	0.00658	0.00439	0.00329	0.00110	0.00549	0.00274	0.00219	0.00658
11	0.02157	0.00856	0.01154	0.00898	0.01272	0.00752	0.00737	0.02399	0.03940	0.71160	0.07454	0.01900	0.01533	0.00666	0.00523	0.00159	0.00422	0.00547	0.00626	0.00844
12	0.00634	0.00453	0.00605	0.00724	0.00758	0.00424	0.00491	0.00729	0.00991	0.01319	0.02823	0.78432	0.03375	0.01600	0.00657	0.00210	0.00305	0.04575	0.00476	0.00419
13	0.01064	0.00912	0.01064	0.00760	0.01216	0.00684	0.00608	0.01292	0.01064	0.01672	0.00912	0.01064	0.00760	0.00380	0.00380	0.00076	0.00380	0.00304	0.00304	0.85104
14	0.00690	0.00557	0.00618	0.00597	0.00758	0.00502	0.00449	0.00940	0.05901	0.01674	0.31430	0.04357	0.47338	0.01173	0.00601	0.00169	0.00262	0.00997	0.00511	0.00474
15	0.01163	0.01187	0.01539	0.01391	0.04702	0.07180	0.01103	0.01289	0.00853	0.01253	0.00738	0.01170	0.00716	0.01034	0.06361	0.00252	0.66821	0.00447	0.00232	0.00568
16	0.01345	0.01151	0.01991	0.02157	0.34165	0.01121	0.20725	0.06456	0.03246	0.10665	0.05875	0.01737	0.05806	0.00572	0.00546	0.00161	0.00605	0.00571	0.00354	0.00750
17	0.00733	0.00494	0.00561	0.00570	0.00577	0.00490	0.00325	0.00744	0.00776	0.01030	0.01814	0.09039	0.04326	0.73712	0.02409	0.00467	0.00476	0.00808	0.00328	0.00322
18	0.01115	0.01450	0.15738	0.03558	0.07786	0.01178	0.41017	0.01544	0.03103	0.01636	0.04298	0.01697	0.04378	0.00566	0.00626	0.00172	0.04824	0.02461	0.02178	0.00676
19	0.01285	0.01187	0.01710	0.21002	0.39330	0.06866	0.01324	0.09235	0.01268	0.03250	0.01118	0.06281	0.00968	0.02300	0.00560	0.00166	0.00620	0.00517	0.00298	0.00712
20	0.06436	0.06953	0.06321	0.00939	0.01262	0.01095	0.00803	0.08622	0.28259	0.12864	0.16563	0.02091	0.04178	0.00721	0.00510	0.00161	0.00421	0.00589	0.00490	0.00721

[dist]
# distance from previous block
# <min> <max>
1	36

[block]
# block no. 10 follows, 48 sequences, length 12
# corresponding to MSA columns:
# 1086-1097
name=unknown_K
#
# <colnr> <probs for GDERKNQSTAVLIFYWHMCP>
#	G	D	E	R	K	N	Q	S	T	A	V	L	I	F	Y	W	H	M	C	P
0	0.15467	0.07343	0.01535	0.13505	0.14226	0.12027	0.04939	0.04048	0.02875	0.04029	0.01056	0.04237	0.00904	0.00568	0.00490	0.00152	0.02304	0.02805	0.00304	0.07183
1	0.45525	0.01324	0.10272	0.03918	0.10836	0.03587	0.09745	0.06194	0.01089	0.02066	0.00846	0.01023	0.00650	0.00482	0.00416	0.00159	0.00554	0.00368	0.00299	0.00647
2	0.00873	0.00455	0.00669	0.00669	0.00674	0.00460	0.00447	0.00687	0.00682	0.00914	0.00967	0.01708	0.00979	0.07425	0.06190	0.74757	0.00499	0.00472	0.00232	0.00241
3	0.01075	0.01019	0.01546	0.49806	0.09167	0.05909	0.06265	0.01382	0.01070	0.01432	0.01001	0.01389	0.00778	0.00535	0.00559	0.00164	0.04981	0.00461	0.10873	0.00588
4	0.01029	0.02654	0.79309	0.01462	0.02221	0.01192	0.01896	0.01625	0.01083	0.01625	0.00921	0.01083	0.00650	0.00487	0.00487	0.00162	0.00758	0.00379	0.00217	0.00758
5	0.00772	0.00602	0.00841	0.00998	0.10599	0.00569	0.00650	0.00976	0.01252	0.01714	0.35629	0.20978	0.11394	0.01167	0.00616	0.00181	0.00329	0.09742	0.00486	0.00504
6	0.00707	0.00508	0.00692	0.00772	0.00843	0.00498	0.00581	0.00863	0.01073	0.01447	0.12889	0.39982	0.03195	0.04485	0.09278	0.00286	0.00459	0.20541	0.00460	0.00441
7	0.00692	0.00523	0.00639	0.00610	0.00746	0.00470	0.00457	0.00902	0.01372	0.01867	0.57652	0.04147	0.25805	0.01120	0.00606	0.00165	0.00247	0.00972	0.00540	0.00470
8	0.04912	0.50989	0.05196	0.00998	0.01413	0.11216	0.00930	0.12903	0.04399	0.01614	0.00864	0.00951	0.00723	0.00490	0.00386	0.00126	0.00593	0.00326	0.00285	0.00689
9	0.00756	0.00609	0.00726	0.00679	0.00850	0.00556	0.00509	0.00970	0.03887	0.01626	0.24666	0.18484	0.25871	0.01113	0.00620	0.00164	0.03413	0.00952	0.00468	0.13082
10	0.03114	0.23145	0.05342	0.01173	0.07397	0.13428	0.00936	0.04577	0.13374	0.13596	0.03166	0.01414	0.02879	0.00580	0.00471	0.00144	0.01798	0.00437	0.02316	0.00713
11	0.01142	0.05244	0.14811	0.02939	0.09750	0.04557	0.04594	0.03397	0.01135	0.01656	0.01020	0.03696	0.00852	0.00478	0.00438	0.00118	0.00527	0.00401	0.04777	0.38467

[dist]
# distance from previous block
# <min> <max>
1	29

[block]
# block no. 11 follows, 48 sequences, length 15
# corresponding to MSA columns:
# 1127-1132,1134-1142
name=unknown_L
#
# <colnr> <probs for GDERKNQSTAVLIFYWHMCP>
#	G	D	E	R	K	N	Q	S	T	A	V	L	I	F	Y	W	H	M	C	P
0	0.01331	0.10488	0.16480	0.06392	0.25564	0.03066	0.04001	0.11307	0.04141	0.04005	0.01037	0.01276	0.00824	0.00544	0.00573	0.00158	0.06235	0.01530	0.00298	0.00749
1	0.00691	0.00474	0.00576	0.00630	0.00644	0.00461	0.00386	0.00732	0.00854	0.01139	0.02170	0.39106	0.02563	0.45267	0.01718	0.00365	0.00406	0.01072	0.00386	0.00359
2	0.03234	0.01034	0.05207	0.44536	0.07226	0.01100	0.11171	0.03192	0.01085	0.01512	0.01090	0.05487	0.00896	0.00576	0.00552	0.00168	0.03323	0.00521	0.07490	0.00600
3	0.00717	0.00499	0.00630	0.00655	0.00683	0.00514	0.00424	0.00779	0.00815	0.01108	0.01817	0.19636	0.02052	0.46553	0.20388	0.00513	0.00661	0.00851	0.00337	0.00368
4	0.00943	0.00689	0.00863	0.04865	0.01073	0.00701	0.00639	0.04646	0.12596	0.05278	0.47382	0.03434	0.06544	0.00975	0.00589	0.00170	0.00331	0.07183	0.00531	0.00567
5	0.00708	0.00555	0.00808	0.03532	0.03549	0.00542	0.03559	0.00847	0.01046	0.01404	0.08456	0.59219	0.05817	0.01409	0.00663	0.00201	0.02150	0.04626	0.00453	0.00457
6	0.07095	0.01205	0.01352	0.01053	0.01439	0.01272	0.00865	0.47528	0.01985	0.25451	0.01496	0.04490	0.01069	0.00652	0.00508	0.00158	0.00506	0.00505	0.00536	0.00836
7	0.05537	0.01134	0.01428	0.13000	0.15494	0.06931	0.03409	0.05368	0.01166	0.01692	0.00918	0.01143	0.00745	0.00454	0.00467	0.00122	0.02244	0.00375	0.00289	0.38083
8	0.05388	0.01320	0.03393	0.07188	0.08089	0.12666	0.06976	0.16526	0.08742	0.11139	0.01362	0.03366	0.01085	0.00742	0.03181	0.00185	0.01996	0.04165	0.01781	0.00712
9	0.01334	0.01350	0.18491	0.03014	0.01583	0.00957	0.03955	0.12327	0.01340	0.13008	0.05861	0.01406	0.01087	0.00620	0.02766	0.00151	0.00545	0.00434	0.00374	0.29394
10	0.01372	0.01237	0.01208	0.01076	0.01371	0.08021	0.00837	0.07194	0.66714	0.02136	0.01925	0.01788	0.01447	0.00677	0.00516	0.00169	0.00460	0.00552	0.00500	0.00797
11	0.01056	0.00829	0.01113	0.05363	0.03891	0.00697	0.04572	0.01267	0.01090	0.07469	0.01582	0.18554	0.04390	0.00711	0.00481	0.00127	0.00411	0.00627	0.00365	0.45404
12	0.01691	0.00936	0.01269	0.01031	0.01288	0.00996	0.02535	0.09873	0.01358	0.37509	0.09214	0.01840	0.01465	0.00900	0.03934	0.02411	0.18488	0.02058	0.00487	0.00719
13	0.01665	0.01255	0.04623	0.01133	0.02655	0.01285	0.03103	0.40958	0.14974	0.10939	0.05469	0.04196	0.01322	0.00673	0.00521	0.00160	0.00505	0.00546	0.03215	0.00804
14	0.01078	0.00981	0.03175	0.09339	0.16151	0.06481	0.04691	0.05063	0.02281	0.04817	0.07522	0.19978	0.08508	0.03108	0.00626	0.00183	0.00507	0.04528	0.00388	0.00596

[dist]
# distance from previous block
# <min> <max>
6	40

[block]
# block no. 12 follows, 48 sequences, length 21
# corresponding to MSA columns:
# 1183-1194,1197-1205
name=unknown_M
#
# <colnr> <probs for GDERKNQSTAVLIFYWHMCP>
#	G	D	E	R	K	N	Q	S	T	A	V	L	I	F	Y	W	H	M	C	P
0	0.01292	0.07898	0.03735	0.04262	0.14835	0.02297	0.00944	0.13426	0.10990	0.04878	0.07689	0.01746	0.05125	0.00613	0.00486	0.00141	0.00483	0.01772	0.00388	0.16999
1	0.20274	0.04912	0.01278	0.35394	0.06285	0.04286	0.01016	0.03060	0.01065	0.01613	0.02452	0.07192	0.06485	0.00659	0.00479	0.00166	0.00548	0.01965	0.00302	0.00569
2	0.02714	0.20593	0.10199	0.04267	0.08362	0.06851	0.09636	0.12859	0.05302	0.07500	0.05992	0.01356	0.01073	0.00547	0.00477	0.00147	0.00608	0.00452	0.00343	0.00721
3	0.01089	0.03400	0.07989	0.07774	0.01613	0.03075	0.09251	0.01497	0.11666	0.01540	0.04153	0.05982	0.03273	0.00763	0.00906	0.00184	0.27308	0.00564	0.07364	0.00610
4	0.00699	0.00521	0.00654	0.03592	0.00849	0.00483	0.00503	0.00842	0.01183	0.01555	0.27915	0.17053	0.28266	0.01289	0.00736	0.07433	0.00304	0.05214	0.00474	0.00436
5	0.01029	0.02654	0.79309	0.01462	0.02221	0.01192	0.01896	0.01625	0.01083	0.01625	0.00921	0.01083	0.00650	0.00487	0.00487	0.00162	0.00758	0.00379	0.00217	0.00758
6	0.00693	0.00542	0.00641	0.00615	0.00754	0.00503	0.00466	0.00878	0.01273	0.01698	0.38623	0.04122	0.37319	0.01236	0.03265	0.00190	0.03017	0.00956	0.02746	0.00463
7	0.01621	0.01074	0.01152	0.00922	0.01230	0.01161	0.00749	0.46869	0.01899	0.06542	0.01426	0.01495	0.01047	0.00611	0.00459	0.00142	0.00445	0.00470	0.29950	0.00735
8	0.01070	0.00850	0.00997	0.00753	0.01145	0.00666	0.00592	0.01308	0.03129	0.05676	0.01400	0.06802	0.05591	0.02632	0.00480	0.00108	0.00374	0.00457	0.00349	0.65621
9	0.01250	0.27578	0.28852	0.03433	0.09655	0.01451	0.09336	0.03549	0.02358	0.04400	0.00986	0.01225	0.00788	0.00501	0.00460	0.00148	0.00656	0.02391	0.00261	0.00721
10	0.08338	0.01057	0.01223	0.00968	0.01333	0.01081	0.00792	0.26230	0.08787	0.36034	0.05466	0.01635	0.01294	0.00642	0.00501	0.00158	0.00457	0.00506	0.02683	0.00814
11	0.25592	0.01077	0.10307	0.03088	0.01289	0.00962	0.03466	0.08318	0.01152	0.07159	0.01740	0.09574	0.08887	0.02643	0.00627	0.02743	0.03127	0.07281	0.00379	0.00588
12	0.04692	0.02532	0.08591	0.06234	0.01342	0.00852	0.02748	0.05283	0.09933	0.14059	0.21535	0.07631	0.10763	0.00845	0.00546	0.00166	0.00421	0.00720	0.00472	0.00636
13	0.00720	0.00581	0.00799	0.00762	0.00900	0.00555	0.05600	0.00913	0.02793	0.01455	0.13051	0.20275	0.26579	0.05373	0.13525	0.00300	0.00506	0.03036	0.01816	0.00462
14	0.04322	0.00712	0.00864	0.00773	0.00996	0.00690	0.00606	0.01580	0.12109	0.21410	0.23962	0.05431	0.14336	0.02878	0.02761	0.00195	0.00374	0.04853	0.00533	0.00617
15	0.08242	0.07227	0.14341	0.09216	0.07961	0.07981	0.20791	0.05339	0.03008	0.03073	0.01035	0.01349	0.00822	0.00642	0.03455	0.00186	0.01933	0.02441	0.00283	0.00677
16	0.01153	0.14966	0.16036	0.07608	0.09986	0.01273	0.16516	0.05285	0.06371	0.01624	0.03322	0.07837	0.01134	0.00732	0.03776	0.00187	0.00664	0.00549	0.00299	0.00681
17	0.00661	0.00507	0.00595	0.00637	0.00744	0.00458	0.00465	0.00790	0.01105	0.01405	0.10450	0.25302	0.35619	0.09198	0.00826	0.00220	0.00316	0.09809	0.00468	0.00426
18	0.06477	0.00891	0.01129	0.00894	0.01248	0.00830	0.00729	0.08750	0.03984	0.56624	0.07112	0.04158	0.01514	0.00683	0.00512	0.00160	0.00423	0.00556	0.02523	0.00805
19	0.01272	0.15210	0.14253	0.08230	0.14831	0.03393	0.11660	0.08514	0.08660	0.01713	0.01130	0.01312	0.02263	0.00533	0.00529	0.00155	0.03431	0.00455	0.01735	0.00719
20	0.01025	0.00948	0.01479	0.64442	0.03073	0.02850	0.03217	0.05736	0.01113	0.01421	0.01141	0.03672	0.03166	0.03919	0.00607	0.00184	0.00656	0.00515	0.00264	0.00573

[dist]
# distance from previous block
# <min> <max>
3	53

[block]
# block no. 13 follows, 48 sequences, length 13
# corresponding to MSA columns:
# 1259-1271
name=unknown_N
#
# <colnr> <probs for GDERKNQSTAVLIFYWHMCP>
#	G	D	E	R	K	N	Q	S	T	A	V	L	I	F	Y	W	H	M	C	P
0	0.04322	0.30011	0.03987	0.00927	0.01266	0.04046	0.00819	0.07447	0.04679	0.01561	0.00965	0.01233	0.00852	0.06518	0.02338	0.00169	0.09009	0.00378	0.02388	0.17085
1	0.61216	0.01063	0.00991	0.03304	0.05793	0.01204	0.00714	0.11844	0.03358	0.05145	0.00893	0.00994	0.00673	0.00507	0.00374	0.00159	0.00443	0.00336	0.00355	0.00633
2	0.85592	0.00992	0.00754	0.00675	0.00992	0.01151	0.00556	0.01508	0.00873	0.02302	0.00714	0.00834	0.00556	0.00476	0.00318	0.00159	0.00397	0.00278	0.00318	0.00556
3	0.12474	0.00800	0.00913	0.00775	0.01040	0.02535	0.00607	0.03450	0.01227	0.36043	0.02202	0.04225	0.11624	0.13508	0.00836	0.00216	0.00425	0.03673	0.02785	0.00642
4	0.09127	0.00889	0.01119	0.00882	0.01245	0.00823	0.00723	0.06685	0.03422	0.58673	0.06740	0.01884	0.04096	0.00671	0.00508	0.00160	0.00422	0.00540	0.00588	0.00805
5	0.00625	0.00447	0.00595	0.00714	0.00744	0.00417	0.00476	0.00714	0.00982	0.01310	0.02828	0.81633	0.03394	0.01608	0.00655	0.00208	0.00298	0.01459	0.00476	0.00417
6	0.00626	0.00516	0.00551	0.00552	0.00708	0.00440	0.00410	0.00771	0.01201	0.01486	0.16479	0.09890	0.62032	0.01281	0.00609	0.00174	0.00260	0.01084	0.00490	0.00440
7	0.00906	0.00566	0.00684	0.00668	0.00836	0.00505	0.00517	0.01077	0.01229	0.12319	0.15738	0.14271	0.33524	0.01187	0.00600	0.00179	0.00311	0.09797	0.04579	0.00507
