[name]
unknown

[dist]
# distance from previous block
# <min> <max>
0	49

[block]
# block no. 0 follows, 50 sequences, length 7
# corresponding to MSA columns:
# 49-55
name=unknown_A
#
# <colnr> <probs for GDERKNQSTAVLIFYWHMCP>
#	G	D	E	R	K	N	Q	S	T	A	V	L	I	F	Y	W	H	M	C	P
0	0.04562	0.11291	0.13072	0.05450	0.06779	0.01038	0.00960	0.06306	0.07138	0.09350	0.10726	0.05046	0.03850	0.00703	0.00493	0.00154	0.00480	0.06867	0.00381	0.05353
1	0.03742	0.11034	0.35737	0.01317	0.04337	0.06297	0.06766	0.07159	0.04413	0.07515	0.04134	0.01234	0.00905	0.00526	0.00500	0.00152	0.02811	0.00416	0.00298	0.00710
2	0.07290	0.09663	0.29133	0.04407	0.03804	0.01156	0.07336	0.08703	0.03939	0.04965	0.01102	0.03731	0.00916	0.08275	0.00707	0.02862	0.00603	0.00461	0.00294	0.00652
3	0.00749	0.00586	0.00734	0.05215	0.03954	0.00569	0.00559	0.06342	0.01143	0.01484	0.08602	0.36597	0.25968	0.04316	0.00667	0.00191	0.00333	0.01081	0.00444	0.00466
4	0.03657	0.01225	0.05132	0.07135	0.19328	0.10644	0.02790	0.10932	0.06176	0.10249	0.05616	0.05176	0.06861	0.00666	0.00509	0.00156	0.00547	0.02141	0.00379	0.00682
5	0.03548	0.12867	0.29343	0.05962	0.05180	0.02708	0.13755	0.05468	0.03626	0.07625	0.01094	0.04708	0.00861	0.00530	0.00480	0.00154	0.00645	0.00460	0.00290	0.00698
6	0.00926	0.03508	0.28398	0.08942	0.04592	0.00939	0.11339	0.01291	0.01086	0.01541	0.10023	0.08286	0.05749	0.00870	0.05552	0.00201	0.00625	0.00602	0.04929	0.00603

[dist]
# distance from previous block
# <min> <max>
6	19

[block]
# block no. 1 follows, 50 sequences, length 16
# corresponding to MSA columns:
# 75-90
name=unknown_B
#
# <colnr> <probs for GDERKNQSTAVLIFYWHMCP>
#	G	D	E	R	K	N	Q	S	T	A	V	L	I	F	Y	W	H	M	C	P
0	0.05327	0.22525	0.17875	0.01140	0.01574	0.09442	0.09336	0.07381	0.01239	0.09237	0.07377	0.01337	0.01080	0.02467	0.00499	0.00149	0.00604	0.00428	0.00316	0.00666
1	0.00711	0.00609	0.03354	0.00676	0.00805	0.00546	0.00525	0.00928	0.03454	0.01648	0.39399	0.15053	0.19606	0.05817	0.00750	0.00188	0.04043	0.00948	0.00476	0.00462
2	0.00708	0.00553	0.01829	0.00685	0.00793	0.00512	0.00503	0.00929	0.05972	0.01464	0.13666	0.36779	0.14066	0.05161	0.05588	0.00231	0.00367	0.03208	0.04314	0.02669
3	0.07752	0.19430	0.14511	0.01134	0.05580	0.06961	0.02341	0.09724	0.06394	0.13209	0.01295	0.02509	0.03553	0.00618	0.01726	0.00155	0.00566	0.01492	0.00351	0.00698
4	0.01245	0.01516	0.17821	0.07535	0.45506	0.06751	0.01470	0.01656	0.06015	0.04239	0.01017	0.01234	0.00800	0.00479	0.00488	0.00151	0.00630	0.00429	0.00267	0.00750
5	0.04767	0.00517	0.00623	0.00664	0.00773	0.00492	0.00486	0.00994	0.01040	0.08046	0.02590	0.42597	0.10040	0.01199	0.00554	0.00178	0.00304	0.06957	0.16714	0.00466
6	0.01109	0.01046	0.06778	0.03268	0.08701	0.05437	0.13564	0.05398	0.03271	0.07956	0.13559	0.16586	0.05432	0.02439	0.00593	0.00172	0.00508	0.02037	0.01546	0.00602
7	0.01338	0.06428	0.27852	0.04880	0.01776	0.07606	0.04686	0.14872	0.12505	0.05746	0.01164	0.01305	0.00879	0.03455	0.00591	0.00167	0.03266	0.00436	0.00333	0.00718
8	0.00663	0.00521	0.00709	0.00724	0.00823	0.00484	0.04531	0.00789	0.01013	0.01312	0.05191	0.39691	0.23037	0.08278	0.04669	0.00245	0.00385	0.06081	0.00431	0.00422
9	0.04050	0.00609	0.00664	0.00636	0.00793	0.00626	0.00498	0.07856	0.03803	0.04981	0.04298	0.08224	0.01651	0.00754	0.00437	0.00143	0.00306	0.08492	0.50658	0.00522
10	0.01043	0.03873	0.11468	0.15349	0.13863	0.00994	0.03554	0.06440	0.03184	0.04256	0.04765	0.04993	0.15913	0.03118	0.00626	0.00172	0.03895	0.01542	0.00336	0.00615
11	0.01112	0.01164	0.04830	0.05590	0.04781	0.15996	0.07203	0.05378	0.07255	0.01571	0.07990	0.22943	0.03761	0.00867	0.00564	0.00165	0.02657	0.00749	0.04857	0.00566
12	0.00905	0.00780	0.00970	0.00913	0.00987	0.05753	0.00707	0.03224	0.00881	0.01227	0.01263	0.08027	0.01257	0.08544	0.38948	0.03532	0.18904	0.00575	0.02136	0.00465
13	0.11460	0.08823	0.04303	0.13941	0.12113	0.14893	0.01017	0.13377	0.01309	0.06392	0.01020	0.02562	0.00802	0.00528	0.00443	0.00144	0.00589	0.00405	0.05220	0.00658
14	0.00712	0.00571	0.00824	0.00940	0.08022	0.00532	0.04272	0.00841	0.01037	0.01361	0.06440	0.43281	0.19934	0.01313	0.00670	0.04074	0.00346	0.03953	0.00425	0.00453
15	0.03611	0.14305	0.06251	0.01214	0.06148	0.09539	0.02965	0.24429	0.16105	0.03302	0.01166	0.01215	0.00892	0.00549	0.00482	0.00144	0.02365	0.00416	0.00374	0.04527

[dist]
# distance from previous block
# <min> <max>
0	1

[block]
# block no. 2 follows, 50 sequences, length 17
# corresponding to MSA columns:
# 92-108
name=unknown_C
#
# <colnr> <probs for GDERKNQSTAVLIFYWHMCP>
#	G	D	E	R	K	N	Q	S	T	A	V	L	I	F	Y	W	H	M	C	P
0	0.06166	0.01058	0.11921	0.00879	0.01265	0.00781	0.00805	0.05089	0.01250	0.25946	0.09926	0.04849	0.01489	0.00633	0.00472	0.00139	0.00429	0.03099	0.02283	0.21522
1	0.01363	0.08224	0.32333	0.01275	0.01799	0.01259	0.09179	0.18996	0.06404	0.09053	0.04466	0.01320	0.00980	0.00542	0.00488	0.00153	0.00617	0.00449	0.00351	0.00750
2	0.05444	0.39383	0.17366	0.01249	0.07968	0.01568	0.06303	0.04890	0.08663	0.01544	0.00926	0.01043	0.00749	0.00470	0.00408	0.00134	0.00578	0.00360	0.00264	0.00692
3	0.00697	0.00485	0.00612	0.00676	0.00740	0.00457	0.00477	0.00800	0.00986	0.02954	0.05703	0.40826	0.11823	0.17929	0.01021	0.00257	0.00351	0.12364	0.00436	0.00406
4	0.00862	0.00548	0.00687	0.00644	0.00763	0.00526	0.00468	0.01070	0.03950	0.08081	0.39951	0.05135	0.06398	0.17017	0.05459	0.01893	0.00372	0.00788	0.04917	0.00470
5	0.03473	0.10916	0.15711	0.03475	0.01408	0.05483	0.00949	0.18876	0.01328	0.05356	0.03996	0.03397	0.04256	0.07569	0.11407	0.00262	0.00666	0.00498	0.00343	0.00633
6	0.01179	0.01761	0.33263	0.05461	0.20858	0.03361	0.09158	0.10646	0.01241	0.01738	0.01061	0.06053	0.00871	0.00544	0.00503	0.00158	0.00664	0.00484	0.00275	0.00724
7	0.00824	0.00440	0.00646	0.00659	0.00667	0.00441	0.00442	0.00669	0.00694	0.00930	0.01124	0.10711	0.01189	0.04312	0.05833	0.68895	0.00464	0.00558	0.00250	0.00252
8	0.00859	0.05195	0.26909	0.00996	0.01354	0.00835	0.04136	0.01223	0.04115	0.01551	0.13498	0.07787	0.14991	0.02511	0.02435	0.00191	0.00509	0.09972	0.00366	0.00569
9	0.01904	0.00977	0.01256	0.00977	0.01338	0.00947	0.03861	0.21204	0.04392	0.46176	0.06923	0.03479	0.02872	0.00665	0.00515	0.00156	0.00453	0.00550	0.00558	0.00796
10	0.00735	0.00526	0.00673	0.00664	0.00695	0.00574	0.00445	0.00801	0.00753	0.01042	0.01452	0.02722	0.01569	0.51910	0.29462	0.00582	0.04100	0.00647	0.00286	0.00361
11	0.01413	0.01015	0.01175	0.01028	0.04410	0.03778	0.02958	0.28758	0.06929	0.08304	0.07611	0.01679	0.01338	0.00959	0.08947	0.00216	0.02287	0.00508	0.16011	0.00677
12	0.01034	0.00851	0.01060	0.03226	0.01204	0.04026	0.07369	0.07463	0.14893	0.05194	0.08373	0.18514	0.16195	0.00973	0.00585	0.00173	0.02118	0.03832	0.02340	0.00577
13	0.01653	0.01603	0.01504	0.03098	0.09721	0.27085	0.04081	0.24192	0.16020	0.04302	0.01195	0.01251	0.00904	0.00560	0.00487	0.00147	0.00649	0.00435	0.00383	0.00730
14	0.01127	0.01118	0.04161	0.19164	0.11443	0.07429	0.05613	0.03162	0.07714	0.03287	0.01339	0.05232	0.02506	0.00789	0.02338	0.00190	0.13531	0.08938	0.00310	0.00609
15	0.13188	0.06740	0.05400	0.04628	0.11233	0.10310	0.12280	0.08923	0.02907	0.03823	0.05351	0.06759	0.01123	0.00595	0.00507	0.00153	0.02700	0.00503	0.00324	0.02554
16	0.06291	0.05230	0.03054	0.01248	0.10231	0.07863	0.08308	0.08905	0.05347	0.04817	0.03490	0.20053	0.07224	0.00851	0.00547	0.00167	0.01794	0.03591	0.00382	0.00606

[dist]
# distance from previous block
# <min> <max>
1	25

[block]
# block no. 3 follows, 50 sequences, length 23
# corresponding to MSA columns:
# 134-156
name=unknown_D
#
# <colnr> <probs for GDERKNQSTAVLIFYWHMCP>
#	G	D	E	R	K	N	Q	S	T	A	V	L	I	F	Y	W	H	M	C	P
0	0.00733	0.00567	0.00705	0.00689	0.00848	0.00490	0.00511	0.00892	0.01089	0.01505	0.16097	0.35421	0.11408	0.01152	0.00567	0.00164	0.00307	0.07080	0.00440	0.19334
1	0.03244	0.08496	0.04767	0.01261	0.04766	0.16552	0.08043	0.11484	0.30857	0.03425	0.01353	0.01369	0.01029	0.00566	0.00480	0.00151	0.00586	0.00459	0.00384	0.00726
2	0.00905	0.02972	0.00974	0.02268	0.03052	0.04933	0.03907	0.07349	0.01226	0.01609	0.16259	0.23554	0.13853	0.01164	0.03374	0.00194	0.02348	0.06291	0.00426	0.03345
3	0.01456	0.15929	0.27024	0.01291	0.06804	0.07776	0.01232	0.15318	0.04435	0.10679	0.01068	0.01140	0.00787	0.00522	0.00481	0.00146	0.02451	0.00391	0.00327	0.00741
4	0.01386	0.03466	0.05908	0.01095	0.01373	0.18446	0.02945	0.08388	0.20389	0.07895	0.01573	0.03387	0.05135	0.00927	0.06845	0.00211	0.07064	0.02526	0.00382	0.00660
5	0.00702	0.00484	0.00632	0.00695	0.00775	0.00448	0.00503	0.00838	0.01092	0.04186	0.16584	0.49265	0.10927	0.01382	0.00624	0.00192	0.00299	0.09449	0.00483	0.00440
6	0.06091	0.23852	0.18732	0.14864	0.03800	0.08942	0.01124	0.03717	0.01109	0.03539	0.01213	0.03252	0.06700	0.00561	0.00438	0.00143	0.00599	0.00428	0.00269	0.00628
7	0.14171	0.04473	0.14721	0.02949	0.08943	0.04256	0.10844	0.08468	0.03143	0.06940	0.03212	0.08176	0.04385	0.02530	0.00533	0.00166	0.00558	0.00543	0.00339	0.00651
8	0.00710	0.00483	0.00578	0.00613	0.00631	0.00477	0.00387	0.00751	0.00815	0.01083	0.01918	0.19263	0.02220	0.57783	0.01963	0.00400	0.00442	0.08793	0.00351	0.00339
9	0.01056	0.05117	0.34660	0.08598	0.16142	0.01084	0.06006	0.03347	0.01113	0.03381	0.04358	0.10569	0.01164	0.00619	0.00504	0.00160	0.00617	0.00545	0.00280	0.00679
10	0.05149	0.02890	0.01740	0.21365	0.12308	0.01154	0.17315	0.05498	0.03084	0.03597	0.01154	0.09686	0.01022	0.00688	0.01888	0.00181	0.09797	0.00569	0.00293	0.00623
11	0.01153	0.13990	0.21403	0.01352	0.10880	0.04430	0.02772	0.04613	0.02547	0.04038	0.01286	0.03427	0.05746	0.02628	0.04477	0.00197	0.11640	0.02491	0.00283	0.00645
12	0.00756	0.00790	0.09373	0.03964	0.04237	0.00621	0.02598	0.01012	0.04152	0.01535	0.21852	0.30889	0.09748	0.05326	0.00683	0.00192	0.00375	0.00973	0.00427	0.00497
13	0.03298	0.00909	0.01601	0.01276	0.01545	0.00882	0.30361	0.06857	0.03061	0.04314	0.01798	0.29558	0.03319	0.05838	0.02794	0.00213	0.00570	0.00869	0.00371	0.00565
14	0.01442	0.10607	0.07259	0.07597	0.05994	0.18066	0.05620	0.14002	0.07669	0.05485	0.01159	0.06545	0.00969	0.00610	0.00540	0.00152	0.04800	0.00479	0.00334	0.00673
15	0.03645	0.06234	0.15141	0.09058	0.24021	0.04322	0.05014	0.08964	0.02483	0.04391	0.02357	0.07991	0.01041	0.00660	0.02386	0.00170	0.00612	0.00512	0.00304	0.00691
16	0.01079	0.00961	0.01534	0.13447	0.18560	0.04390	0.13732	0.03062	0.01145	0.05428	0.06594	0.15014	0.01627	0.02815	0.03226	0.00198	0.00588	0.05659	0.00340	0.00601
17	0.03256	0.04770	0.14139	0.06745	0.23393	0.07656	0.08492	0.05230	0.02943	0.05268	0.05041	0.06609	0.01151	0.02482	0.00547	0.00162	0.00607	0.00522	0.00307	0.00679
18	0.01257	0.06032	0.13701	0.13504	0.18147	0.03887	0.07060	0.07630	0.06107	0.07649	0.05055	0.04042	0.01091	0.00570	0.00519	0.00156	0.02078	0.00496	0.00323	0.00697
19	0.01311	0.03085	0.11317	0.10476	0.21208	0.09195	0.03833	0.06737	0.05244	0.07833	0.01173	0.01348	0.02684	0.00603	0.02329	0.00163	0.03276	0.00443	0.02240	0.05504
20	0.01187	0.03574	0.01113	0.01033	0.07288	0.05969	0.02652	0.08378	0.03517	0.12421	0.11216	0.11488	0.14654	0.02878	0.02774	0.00188	0.03937	0.03367	0.00432	0.01935
21	0.04381	0.03151	0.01291	0.14223	0.11653	0.02762	0.02795	0.11387	0.04902	0.11789	0.06975	0.01947	0.07804	0.02404	0.00586	0.02813	0.00490	0.02473	0.02620	0.03553
22	0.04775	0.03399	0.04972	0.05615	0.21088	0.05406	0.02783	0.12789	0.10702	0.09048	0.01188	0.01347	0.00920	0.02046	0.03822	0.00183	0.03910	0.00446	0.00352	0.05208

[dist]
# distance from previous block
# <min> <max>
15	154

[block]
# block no. 4 follows, 50 sequences, length 17
# corresponding to MSA columns:
# 363-375,377-380
name=unknown_E
#
# <colnr> <probs for GDERKNQSTAVLIFYWHMCP>
#	G	D	E	R	K	N	Q	S	T	A	V	L	I	F	Y	W	H	M	C	P
0	0.01382	0.03796	0.01468	0.04258	0.19930	0.04939	0.02101	0.14461	0.12341	0.07907	0.03459	0.01434	0.01058	0.00538	0.00472	0.00137	0.00506	0.01744	0.00375	0.17693
1	0.00944	0.00744	0.00917	0.00813	0.00963	0.02712	0.03856	0.09948	0.04980	0.01423	0.01523	0.02328	0.04273	0.30766	0.26099	0.00468	0.00761	0.00596	0.00327	0.05560
2	0.14691	0.05584	0.02718	0.04913	0.02578	0.08858	0.05023	0.18764	0.09748	0.10725	0.01306	0.07735	0.01059	0.00621	0.00467	0.00152	0.00524	0.00495	0.00399	0.03638
3	0.02763	0.11570	0.04582	0.03274	0.12579	0.08380	0.08858	0.21948	0.04602	0.05652	0.05159	0.01541	0.04405	0.00587	0.00488	0.00148	0.00579	0.01810	0.00366	0.00709
4	0.01156	0.01001	0.01464	0.55613	0.04960	0.05487	0.03177	0.01554	0.07767	0.08649	0.01083	0.01373	0.00798	0.00518	0.00495	0.00160	0.00625	0.00451	0.00289	0.03380
5	0.09369	0.01128	0.01336	0.03491	0.10659	0.05315	0.05343	0.14701	0.20557	0.05019	0.07516	0.01637	0.03579	0.00611	0.00503	0.00152	0.01742	0.00506	0.00407	0.06428
6	0.05361	0.10730	0.03775	0.03216	0.06563	0.35631	0.00929	0.06606	0.01302	0.05795	0.03737	0.01244	0.03004	0.00682	0.03902	0.00163	0.02068	0.00393	0.00304	0.04595
7	0.01479	0.01092	0.01557	0.10573	0.20395	0.01098	0.05580	0.16996	0.06073	0.15782	0.01229	0.01334	0.00901	0.00513	0.00484	0.00143	0.00531	0.00449	0.00384	0.13408
8	0.44520	0.05874	0.00926	0.02437	0.01030	0.05102	0.00589	0.04670	0.01001	0.07712	0.03961	0.03317	0.01056	0.13872	0.01950	0.00215	0.00459	0.00429	0.00340	0.00539
9	0.01192	0.10102	0.19521	0.04287	0.19239	0.02508	0.08407	0.09258	0.07494	0.01780	0.10180	0.01493	0.01252	0.00551	0.00492	0.00151	0.00587	0.00483	0.00317	0.00708
10	0.00737	0.00585	0.00755	0.00696	0.00849	0.00552	0.03579	0.01046	0.07860	0.01797	0.47951	0.08692	0.20890	0.01055	0.00584	0.00164	0.00280	0.00927	0.00509	0.00490
11	0.00776	0.00654	0.00986	0.00967	0.06314	0.00614	0.09072	0.01030	0.03788	0.01680	0.34635	0.17469	0.16225	0.01049	0.00590	0.00170	0.00349	0.02668	0.00462	0.00505
12	0.01142	0.08813	0.20402	0.00922	0.01248	0.00895	0.00902	0.02773	0.04001	0.14194	0.06504	0.08149	0.01526	0.12290	0.06615	0.00248	0.01750	0.02054	0.04967	0.00602
13	0.01370	0.01147	0.03254	0.01094	0.05244	0.03518	0.00844	0.30280	0.23838	0.02301	0.08004	0.01902	0.07112	0.00865	0.04992	0.00192	0.00512	0.00562	0.02244	0.00725
14	0.00729	0.00551	0.00648	0.00679	0.00739	0.02151	0.00459	0.00895	0.05913	0.01247	0.05678	0.31668	0.06552	0.27910	0.11563	0.00363	0.00502	0.00958	0.00388	0.00409
15	0.30937	0.01559	0.01156	0.01046	0.02997	0.35036	0.03640	0.03755	0.03409	0.01720	0.03047	0.01191	0.04137	0.00542	0.00416	0.00142	0.00618	0.00375	0.02041	0.02237
16	0.07456	0.03583	0.11979	0.01073	0.03197	0.10306	0.03008	0.10586	0.04157	0.11320	0.01249	0.02304	0.02893	0.00569	0.00509	0.00141	0.04574	0.01724	0.04000	0.15373

[dist]
# distance from previous block
# <min> <max>
13	50

[block]
# block no. 5 follows, 50 sequences, length 34
# corresponding to MSA columns:
# 445-478
name=unknown_F
#
# <colnr> <probs for GDERKNQSTAVLIFYWHMCP>
#	G	D	E	R	K	N	Q	S	T	A	V	L	I	F	Y	W	H	M	C	P
0	0.08441	0.12137	0.11835	0.04992	0.04463	0.03765	0.00922	0.08892	0.07369	0.12275	0.02564	0.04778	0.02335	0.02957	0.02161	0.00167	0.00521	0.00467	0.02553	0.06405
1	0.03033	0.21580	0.08356	0.05594	0.01603	0.05369	0.08215	0.12145	0.09667	0.01714	0.01150	0.01348	0.02398	0.00637	0.03181	0.00159	0.00590	0.02359	0.00316	0.10586
2	0.05595	0.05002	0.06602	0.02376	0.04356	0.03668	0.06730	0.05396	0.05544	0.14694	0.03074	0.12337	0.02371	0.06529	0.00712	0.00182	0.05498	0.01536	0.02427	0.05372
3	0.07591	0.00814	0.01039	0.01127	0.12536	0.02809	0.02313	0.03402	0.05376	0.05018	0.09546	0.22523	0.04562	0.01021	0.04400	0.00190	0.00447	0.02996	0.00396	0.11896
4	0.02563	0.04479	0.08247	0.04301	0.23124	0.03241	0.01072	0.07438	0.13819	0.03294	0.04167	0.03443	0.04669	0.00786	0.05121	0.00189	0.03262	0.00507	0.00341	0.05936
5	0.05184	0.07083	0.03185	0.06126	0.09800	0.07602	0.00859	0.08581	0.07341	0.04108	0.01257	0.07149	0.02095	0.06726	0.03649	0.01898	0.03935	0.00502	0.00330	0.12590
6	0.26275	0.06362	0.01314	0.01204	0.10050	0.17203	0.01996	0.15240	0.01292	0.01923	0.01046	0.07918	0.00939	0.00617	0.00472	0.00152	0.02974	0.02065	0.00332	0.00626
7	0.00959	0.00637	0.00789	0.00806	0.03648	0.03927	0.00575	0.01120	0.00959	0.09133	0.01649	0.10337	0.02845	0.10830	0.33735	0.00454	0.00781	0.00627	0.15704	0.00487
8	0.05773	0.01031	0.01698	0.31251	0.35935	0.01119	0.05031	0.03403	0.01112	0.01578	0.03595	0.01499	0.00940	0.00522	0.00500	0.00159	0.00601	0.03325	0.00266	0.00662
9	0.00835	0.00625	0.00824	0.00777	0.00901	0.00671	0.00582	0.02197	0.05611	0.02888	0.01466	0.07960	0.01439	0.17243	0.41611	0.00542	0.03656	0.00606	0.00315	0.09251
10	0.08159	0.00601	0.00787	0.00885	0.01013	0.00613	0.00765	0.01055	0.01113	0.01546	0.02476	0.08719	0.02687	0.01306	0.00653	0.00222	0.00445	0.66047	0.00446	0.00463
11	0.01080	0.00782	0.00914	0.02486	0.01006	0.08372	0.02762	0.01206	0.00951	0.12760	0.01456	0.02298	0.01380	0.28748	0.27869	0.00480	0.02119	0.02518	0.00332	0.00481
12	0.01113	0.18327	0.21724	0.01488	0.01962	0.01306	0.29668	0.01481	0.01090	0.01474	0.01108	0.01695	0.00967	0.00577	0.00564	0.00163	0.04287	0.10100	0.00259	0.00649
13	0.01077	0.01009	0.01584	0.20138	0.36675	0.02679	0.02802	0.03372	0.01107	0.01509	0.01360	0.09096	0.05201	0.00655	0.00564	0.00161	0.03950	0.03089	0.00287	0.03685
14	0.00930	0.04640	0.00924	0.00846	0.02531	0.00711	0.02108	0.05868	0.08499	0.05912	0.02484	0.38575	0.10081	0.02394	0.02003	0.00196	0.00385	0.06902	0.00445	0.03567
15	0.04985	0.01182	0.12512	0.03303	0.03449	0.01037	0.05133	0.18548	0.07682	0.05327	0.03036	0.15082	0.01466	0.03594	0.02787	0.00196	0.03606	0.03808	0.00392	0.02875
16	0.02911	0.32592	0.33639	0.01365	0.10417	0.02667	0.04050	0.01516	0.01055	0.01431	0.00963	0.01108	0.03339	0.00478	0.00422	0.00138	0.00626	0.00367	0.00228	0.00686
17	0.01265	0.01061	0.01667	0.21588	0.26423	0.04361	0.09598	0.04430	0.01223	0.11475	0.07886	0.01656	0.04013	0.00565	0.00516	0.00156	0.00584	0.00523	0.00332	0.00678
18	0.08366	0.00876	0.02584	0.13508	0.01456	0.00890	0.00775	0.14637	0.01320	0.20515	0.05655	0.03673	0.05019	0.09191	0.03088	0.00210	0.00489	0.02022	0.05098	0.00628
19	0.01271	0.12699	0.32534	0.01277	0.03604	0.12767	0.02814	0.09565	0.01230	0.02598	0.03556	0.01272	0.00887	0.00656	0.02941	0.00171	0.06779	0.02429	0.00275	0.00674
20	0.01061	0.00745	0.00816	0.00742	0.00927	0.05028	0.00563	0.02634	0.11956	0.12637	0.28194	0.06871	0.14345	0.06059	0.02936	0.00198	0.00377	0.00775	0.02577	0.00557
21	0.00641	0.00467	0.00606	0.00691	0.00749	0.00430	0.00476	0.00743	0.00978	0.01306	0.04373	0.66286	0.06894	0.04547	0.00697	0.00206	0.00306	0.05185	0.00451	0.03969
22	0.05305	0.22627	0.10298	0.05514	0.01501	0.15673	0.00957	0.09038	0.09181	0.04428	0.05873	0.03404	0.01102	0.00645	0.02291	0.00156	0.00600	0.00430	0.00326	0.00652
23	0.02460	0.29138	0.10675	0.01014	0.02838	0.11337	0.00913	0.10178	0.03155	0.03153	0.03527	0.04656	0.01041	0.05419	0.01973	0.02414	0.02529	0.00435	0.02525	0.00620
24	0.00957	0.00885	0.01471	0.39262	0.10778	0.00992	0.08309	0.02479	0.01089	0.01430	0.03759	0.02342	0.08279	0.00718	0.00589	0.00176	0.03661	0.11960	0.00299	0.00566
25	0.00700	0.00551	0.00584	0.00574	0.00733	0.00499	0.00431	0.04037	0.03078	0.01506	0.09666	0.08853	0.54814	0.03773	0.00636	0.00177	0.00281	0.02952	0.05704	0.00450
26	0.04717	0.17486	0.23952	0.10200	0.07950	0.03828	0.07201	0.06602	0.03792	0.01596	0.02401	0.01296	0.03595	0.00602	0.02613	0.00165	0.00642	0.00424	0.00270	0.00669
27	0.01263	0.10988	0.22797	0.08354	0.08971	0.04541	0.05689	0.17218	0.03973	0.01809	0.02126	0.03174	0.00889	0.00724	0.05173	0.00189	0.00673	0.00446	0.00303	0.00700
28	0.00777	0.00582	0.00724	0.00741	0.00821	0.00609	0.00545	0.03106	0.05268	0.01397	0.07410	0.26588	0.08903	0.17675	0.05086	0.00282	0.05427	0.10921	0.02697	0.00443
29	0.32211	0.00968	0.01026	0.00867	0.01177	0.01044	0.02974	0.13939	0.10470	0.15229	0.01486	0.01726	0.03275	0.00639	0.00445	0.00160	0.00428	0.06727	0.04549	0.00661
30	0.03120	0.09411	0.10518	0.04809	0.05267	0.09828	0.07335	0.15212	0.08433	0.10580	0.01166	0.02242	0.00886	0.00610	0.01926	0.00161	0.04282	0.00440	0.00354	0.03420
31	0.01271	0.00963	0.07369	0.09638	0.09097	0.00832	0.06489	0.03170	0.03176	0.22182	0.01982	0.11373	0.09868	0.01802	0.03592	0.00193	0.00523	0.03378	0.00411	0.02693
32	0.00630	0.00471	0.00574	0.00632	0.00708	0.00433	0.00440	0.00736	0.01015	0.01314	0.08180	0.42366	0.24773	0.09513	0.03061	0.00235	0.00330	0.03736	0.00447	0.00406
33	0.01094	0.00943	0.02429	0.07429	0.16912	0.00924	0.17560	0.06682	0.01248	0.04685	0.12987	0.08447	0.01765	0.00712	0.00540	0.00162	0.00523	0.05814	0.08525	0.00620

[dist]
# distance from previous block
# <min> <max>
4	77

[block]
# block no. 6 follows, 50 sequences, length 11
# corresponding to MSA columns:
# 571-581
name=unknown_G
#
# <colnr> <probs for GDERKNQSTAVLIFYWHMCP>
#	G	D	E	R	K	N	Q	S	T	A	V	L	I	F	Y	W	H	M	C	P
0	0.12740	0.05148	0.09770	0.07733	0.05617	0.06120	0.00937	0.11277	0.02489	0.09997	0.03234	0.03414	0.02510	0.00597	0.00459	0.00146	0.00516	0.04612	0.00358	0.12327
1	0.02661	0.00848	0.02046	0.00801	0.00990	0.07308	0.03431	0.10242	0.02700	0.01672	0.15731	0.08636	0.24472	0.09641	0.00775	0.00201	0.00416	0.06492	0.00433	0.00506
2	0.00935	0.00743	0.00927	0.10145	0.01222	0.00821	0.00683	0.08444	0.12903	0.01620	0.13369	0.06156	0.11448	0.11284	0.09871	0.03472	0.04342	0.00693	0.00395	0.00526
3	0.01182	0.00872	0.08350	0.00825	0.01086	0.00726	0.00710	0.01599	0.13382	0.20483	0.20800	0.05672	0.08245	0.03148	0.07229	0.00221	0.00454	0.00682	0.03710	0.00623
4	0.00993	0.00684	0.00802	0.00726	0.00893	0.00689	0.00550	0.14654	0.04329	0.04586	0.28182	0.11492	0.11121	0.04547	0.02522	0.04471	0.00357	0.00794	0.07080	0.00529
5	0.78033	0.01005	0.00805	0.00702	0.01019	0.01159	0.00578	0.08691	0.00990	0.02322	0.00742	0.00846	0.00569	0.00476	0.00326	0.00154	0.00401	0.00287	0.00326	0.00569
6	0.00964	0.00913	0.01613	0.44894	0.02634	0.01021	0.17008	0.01309	0.03593	0.01371	0.01237	0.02076	0.01098	0.07419	0.00712	0.00201	0.00650	0.10460	0.00275	0.00553
7	0.00615	0.00506	0.00541	0.00532	0.00689	0.00432	0.00399	0.00766	0.01198	0.01493	0.21655	0.04556	0.62474	0.01208	0.00589	0.00166	0.00249	0.01018	0.00482	0.00432
8	0.08088	0.00807	0.02538	0.05123	0.01086	0.03717	0.00645	0.02525	0.09990	0.10182	0.16448	0.03910	0.01870	0.04977	0.04945	0.00203	0.03808	0.00577	0.17999	0.00563
9	0.01205	0.01031	0.08327	0.00791	0.01050	0.07397	0.00683	0.15360	0.01346	0.04871	0.06683	0.01866	0.05218	0.03657	0.00512	0.00146	0.00417	0.00504	0.35125	0.03814
10	0.01367	0.46889	0.07990	0.01058	0.04685	0.13842	0.00945	0.01616	0.04646	0.04220	0.00968	0.01264	0.00862	0.03411	0.00471	0.00140	0.00592	0.04131	0.00265	0.00638

[dist]
# distance from previous block
# <min> <max>
5	45

[block]
# block no. 7 follows, 50 sequences, length 6
# corresponding to MSA columns:
# 648-653
name=unknown_H
#
# <colnr> <probs for GDERKNQSTAVLIFYWHMCP>
#	G	D	E	R	K	N	Q	S	T	A	V	L	I	F	Y	W	H	M	C	P
0	0.01045	0.00655	0.00789	0.00721	0.00891	0.00639	0.00545	0.10524	0.03591	0.11342	0.27510	0.18711	0.08494	0.03985	0.00624	0.00174	0.00322	0.00857	0.08033	0.00548
1	0.00965	0.00684	0.00825	0.00766	0.00912	0.00703	0.00584	0.10635	0.03274	0.06603	0.17392	0.16195	0.15540	0.10850	0.00889	0.00214	0.05884	0.06111	0.00459	0.00515
2	0.00636	0.00461	0.00604	0.00693	0.00750	0.00430	0.00489	0.00757	0.01041	0.01387	0.12263	0.59841	0.08994	0.01456	0.00632	0.00197	0.00295	0.08183	0.00473	0.00419
3	0.01293	0.11630	0.30488	0.01387	0.01921	0.01165	0.21790	0.01687	0.01171	0.15706	0.06028	0.01385	0.01032	0.00514	0.00498	0.00154	0.00651	0.00473	0.00317	0.00711
4	0.31550	0.00954	0.04473	0.00772	0.01040	0.00970	0.00637	0.12318	0.08084	0.06097	0.09589	0.01717	0.01377	0.10629	0.00677	0.00192	0.00411	0.00478	0.07447	0.00588
5	0.04660	0.15429	0.05001	0.01007	0.03705	0.01247	0.00833	0.28798	0.06050	0.02070	0.05373	0.11740	0.04388	0.00956	0.06351	0.00199	0.00538	0.00588	0.00400	0.00668

[dist]
# distance from previous block
# <min> <max>
13	32

[block]
# block no. 8 follows, 50 sequences, length 10
# corresponding to MSA columns:
# 692-701
name=unknown_I
#
# <colnr> <probs for GDERKNQSTAVLIFYWHMCP>
#	G	D	E	R	K	N	Q	S	T	A	V	L	I	F	Y	W	H	M	C	P
0	0.01378	0.06730	0.01694	0.04631	0.25866	0.05739	0.07151	0.14886	0.04453	0.07438	0.01227	0.07750	0.01041	0.00637	0.01861	0.00159	0.00575	0.00517	0.00346	0.05919
1	0.11638	0.05903	0.13649	0.04598	0.02865	0.03132	0.10398	0.13639	0.08599	0.04682	0.01092	0.01249	0.00832	0.00591	0.00599	0.03343	0.06435	0.00430	0.05659	0.00665
2	0.00766	0.00511	0.00685	0.00684	0.00752	0.00539	0.00487	0.00867	0.00850	0.03618	0.05216	0.09159	0.04336	0.25376	0.35780	0.05356	0.00803	0.00687	0.03126	0.00402
3	0.01704	0.04150	0.01510	0.01136	0.01491	0.05033	0.05600	0.53617	0.04500	0.05024	0.01223	0.01351	0.00924	0.05166	0.00629	0.00168	0.02242	0.00466	0.03299	0.00766
4	0.00636	0.00466	0.00557	0.00611	0.00669	0.00431	0.00405	0.00719	0.00964	0.01253	0.06831	0.41330	0.20596	0.20912	0.01080	0.00260	0.00325	0.01140	0.00428	0.00387
5	0.00723	0.00490	0.00580	0.00580	0.00592	0.00503	0.00347	0.00748	0.00735	0.00993	0.01538	0.03080	0.01733	0.71508	0.13404	0.00528	0.00602	0.00698	0.00297	0.00322
6	0.01202	0.00981	0.01113	0.00835	0.01242	0.00865	0.00669	0.16881	0.05628	0.01944	0.01094	0.04623	0.00915	0.00485	0.00415	0.00100	0.00404	0.00390	0.00356	0.59860
7	0.86003	0.00964	0.00733	0.00655	0.00964	0.01118	0.00540	0.01465	0.00848	0.02236	0.00694	0.00810	0.00540	0.00463	0.00308	0.00154	0.00386	0.00270	0.00308	0.00540
8	0.01163	0.01263	0.02668	0.02063	0.09431	0.01193	0.64735	0.01557	0.01163	0.01620	0.01049	0.01374	0.00799	0.00435	0.00561	0.00162	0.00771	0.00566	0.06761	0.00667
9	0.00687	0.00545	0.00630	0.00616	0.00770	0.00485	0.00462	0.00898	0.04076	0.01581	0.26160	0.14085	0.36558	0.01155	0.00582	0.00166	0.00273	0.04000	0.00479	0.05793

[dist]
# distance from previous block
# <min> <max>
0	28

[block]
# block no. 9 follows, 50 sequences, length 6
# corresponding to MSA columns:
# 730-735
name=unknown_J
#
# <colnr> <probs for GDERKNQSTAVLIFYWHMCP>
#	G	D	E	R	K	N	Q	S	T	A	V	L	I	F	Y	W	H	M	C	P
0	0.00918	0.00556	0.00719	0.00658	0.00816	0.00501	0.00500	0.01128	0.01361	0.13549	0.56069	0.07843	0.11415	0.01012	0.00578	0.00160	0.00268	0.00885	0.00546	0.00519
1	0.16281	0.00765	0.00888	0.00764	0.01023	0.00749	0.00604	0.05197	0.04212	0.30604	0.13863	0.12581	0.05338	0.00805	0.00496	0.00160	0.00360	0.00666	0.04005	0.00640
2	0.00794	0.00517	0.00650	0.00664	0.00771	0.00479	0.00489	0.00943	0.01131	0.07020	0.22551	0.23288	0.14432	0.11131	0.00836	0.00217	0.00322	0.10092	0.03222	0.00451
3	0.03246	0.09291	0.27479	0.17583	0.12552	0.01192	0.05070	0.03293	0.01078	0.01516	0.02923	0.03068	0.04675	0.00563	0.00535	0.00158	0.04404	0.00465	0.00255	0.00655
4	0.72178	0.00915	0.00748	0.00660	0.00960	0.01034	0.00541	0.01524	0.00913	0.08818	0.00876	0.00968	0.00657	0.00485	0.00328	0.00151	0.00377	0.00305	0.07002	0.00560
5	0.01047	0.00868	0.01036	0.04308	0.06132	0.04712	0.02456	0.01505	0.19163	0.06582	0.12046	0.04481	0.16029	0.08480	0.00807	0.00198	0.06149	0.02995	0.00423	0.00581

[dist]
# distance from previous block
# <min> <max>
0	1

[block]
# block no. 10 follows, 50 sequences, length 20
# corresponding to MSA columns:
# 737-756
name=unknown_K
#
# <colnr> <probs for GDERKNQSTAVLIFYWHMCP>
#	G	D	E	R	K	N	Q	S	T	A	V	L	I	F	Y	W	H	M	C	P
0	0.03150	0.00957	0.01058	0.00832	0.01183	0.03597	0.00657	0.10379	0.09238	0.13526	0.03284	0.03939	0.03515	0.04897	0.00554	0.00138	0.00416	0.00466	0.00404	0.37809
1	0.07916	0.01229	0.01310	0.07420	0.03149	0.06686	0.00908	0.29185	0.21156	0.06110	0.03690	0.01421	0.01090	0.00622	0.00559	0.00160	0.05749	0.00471	0.00432	0.00736
2	0.71618	0.01003	0.00853	0.03629	0.01123	0.01151	0.00619	0.09465	0.01027	0.04617	0.00792	0.00896	0.00597	0.00483	0.00341	0.00154	0.00414	0.00302	0.00334	0.00582
3	0.04231	0.17952	0.08246	0.10802	0.08669	0.06155	0.03108	0.11662	0.03633	0.01639	0.03921	0.01195	0.00871	0.00581	0.00661	0.00156	0.15167	0.00413	0.00285	0.00654
4	0.01095	0.02114	0.06135	0.06045	0.17006	0.03359	0.04276	0.07567	0.08280	0.02782	0.07026	0.04385	0.05423	0.02896	0.08068	0.00220	0.00568	0.00564	0.11566	0.00623
5	0.00682	0.00465	0.00556	0.00599	0.00609	0.00455	0.00361	0.00714	0.00809	0.01078	0.02000	0.32049	0.02354	0.52956	0.01843	0.00381	0.00412	0.00977	0.00361	0.00340
6	0.03319	0.00809	0.00887	0.02711	0.01040	0.04576	0.00627	0.07949	0.10528	0.08105	0.22096	0.05331	0.18292	0.03510	0.03535	0.00197	0.03132	0.02324	0.00466	0.00565
7	0.01370	0.00721	0.00931	0.00760	0.01038	0.00633	0.00603	0.01633	0.04444	0.32010	0.34118	0.02450	0.02622	0.00750	0.00517	0.00143	0.00335	0.00640	0.00534	0.13747
8	0.01426	0.11478	0.12083	0.02681	0.09485	0.06557	0.05108	0.25985	0.11352	0.02057	0.01224	0.04177	0.00992	0.00593	0.00485	0.00152	0.00585	0.02476	0.00365	0.00736
9	0.01179	0.01793	0.31635	0.07482	0.26760	0.06447	0.09777	0.03732	0.03506	0.01611	0.00955	0.01179	0.00731	0.00472	0.00494	0.00155	0.00692	0.00426	0.00247	0.00728
10	0.00663	0.00550	0.00585	0.00602	0.00723	0.03104	0.00434	0.00795	0.01136	0.01431	0.17943	0.23771	0.41025	0.04128	0.00665	0.00184	0.00288	0.01079	0.00466	0.00427
11	0.00739	0.00573	0.00752	0.00748	0.00809	0.00635	0.00553	0.00856	0.00908	0.01255	0.06672	0.18780	0.11332	0.16959	0.19894	0.00389	0.11486	0.03339	0.02898	0.00423
12	0.04172	0.15673	0.18398	0.03057	0.01517	0.01146	0.07038	0.04858	0.09788	0.01656	0.03546	0.05464	0.01084	0.00664	0.03134	0.00160	0.00549	0.00463	0.05213	0.12419
13	0.17835	0.06499	0.06900	0.02289	0.06437	0.03094	0.00803	0.11063	0.03363	0.01839	0.01525	0.09120	0.08117	0.00679	0.00452	0.00145	0.00453	0.03447	0.00350	0.15590
14	0.06529	0.00831	0.03298	0.06743	0.05337	0.00740	0.00694	0.04276	0.03765	0.03786	0.15291	0.06262	0.11878	0.00716	0.00478	0.00135	0.00377	0.00603	0.02971	0.25291
15	0.01011	0.00847	0.05202	0.04739	0.05472	0.00728	0.03304	0.03242	0.03501	0.08310	0.01773	0.17172	0.06662	0.03923	0.10970	0.00243	0.00548	0.01820	0.00366	0.20169
16	0.03219	0.00645	0.00833	0.00786	0.00960	0.00595	0.02576	0.04763	0.02615	0.09070	0.05083	0.47587	0.02463	0.01144	0.00563	0.00172	0.00348	0.02893	0.00449	0.13235
17	0.07276	0.01023	0.03244	0.00931	0.03337	0.03081	0.03056	0.09549	0.05495	0.04264	0.01155	0.07267	0.00995	0.00592	0.01988	0.00128	0.00450	0.00436	0.00346	0.45388
18	0.00992	0.00751	0.00893	0.03473	0.01045	0.04449	0.03261	0.04290	0.01092	0.07927	0.05891	0.21657	0.08810	0.16688	0.00916	0.00216	0.00419	0.00788	0.00394	0.16046
19	0.01424	0.03087	0.01130	0.00898	0.03279	0.04036	0.00696	0.03907	0.02253	0.25315	0.01352	0.04223	0.01063	0.03329	0.07632	0.00192	0.02351	0.00447	0.00399	0.32987

[dist]
# distance from previous block
# <min> <max>
5	28

[block]
# block no. 11 follows, 50 sequences, length 16
# corresponding to MSA columns:
# 785-800
name=unknown_L
#
# <colnr> <probs for GDERKNQSTAVLIFYWHMCP>
#	G	D	E	R	K	N	Q	S	T	A	V	L	I	F	Y	W	H	M	C	P
0	0.17640	0.08133	0.08312	0.09299	0.06195	0.03420	0.02852	0.10658	0.04837	0.06154	0.04992	0.01502	0.01075	0.00570	0.00446	0.00149	0.00507	0.04050	0.03943	0.05267
1	0.07053	0.05283	0.09790	0.03159	0.03430	0.08018	0.09144	0.03932	0.04474	0.09466	0.01136	0.05540	0.00926	0.00523	0.00448	0.00131	0.00536	0.00439	0.00329	0.26243
2	0.00690	0.00523	0.00658	0.00715	0.00785	0.01743	0.01892	0.02027	0.02259	0.01378	0.07582	0.58915	0.08997	0.04914	0.00698	0.00204	0.00319	0.02707	0.02566	0.00429
3	0.01411	0.01412	0.01431	0.01376	0.09657	0.23064	0.05100	0.15791	0.06949	0.01754	0.04292	0.05077	0.01240	0.00819	0.03581	0.00186	0.09293	0.06575	0.00351	0.00641
4	0.00744	0.00545	0.00638	0.00622	0.00750	0.00516	0.00462	0.03016	0.04067	0.01685	0.33171	0.08959	0.23185	0.08548	0.00751	0.00193	0.00291	0.04484	0.06912	0.00459
5	0.00686	0.00498	0.00641	0.00672	0.00767	0.00469	0.00504	0.00833	0.01124	0.01503	0.26190	0.21437	0.17418	0.03524	0.05622	0.04846	0.00368	0.12014	0.00459	0.00425
6	0.00874	0.00602	0.00705	0.00652	0.00820	0.00573	0.00495	0.03642	0.07515	0.07323	0.34433	0.05009	0.25070	0.03414	0.01935	0.00179	0.00303	0.00849	0.05094	0.00514
7	0.05826	0.00864	0.01119	0.00878	0.01240	0.00789	0.00720	0.03988	0.06634	0.65483	0.05702	0.01757	0.01385	0.00633	0.00497	0.00155	0.00414	0.00514	0.00590	0.00812
8	0.03754	0.00857	0.00979	0.00795	0.01079	0.00866	0.00643	0.22947	0.01532	0.26217	0.04083	0.01657	0.01236	0.00608	0.00444	0.00140	0.00384	0.00481	0.30606	0.00692
9	0.78490	0.00954	0.00771	0.00676	0.00992	0.01084	0.00557	0.01552	0.00900	0.09186	0.00808	0.00889	0.00602	0.00477	0.00326	0.00154	0.00389	0.00291	0.00336	0.00567
10	0.01034	0.00886	0.01034	0.00738	0.01181	0.00664	0.00591	0.01255	0.01034	0.01624	0.00886	0.01034	0.00738	0.00369	0.00369	0.00074	0.00369	0.00295	0.00295	0.85530
11	0.00719	0.00507	0.00662	0.00662	0.00703	0.00548	0.00450	0.00801	0.00760	0.01054	0.01462	0.02663	0.01552	0.46286	0.38377	0.00629	0.00875	0.00637	0.00286	0.00368
12	0.01276	0.01047	0.01107	0.00976	0.01247	0.01195	0.00758	0.12084	0.60166	0.02135	0.01874	0.01869	0.01444	0.06198	0.00637	0.00186	0.00413	0.00556	0.04083	0.00750
13	0.01342	0.09669	0.01244	0.00928	0.01218	0.03099	0.00744	0.06114	0.33333	0.13286	0.01686	0.07452	0.01371	0.03493	0.03962	0.00191	0.02144	0.00552	0.00442	0.07731
14	0.01493	0.13113	0.05208	0.04514	0.01520	0.05043	0.03508	0.33990	0.10466	0.03764	0.04328	0.01571	0.03160	0.00621	0.00481	0.00149	0.00534	0.02947	0.02865	0.00725
15	0.03610	0.55295	0.08497	0.01057	0.05589	0.08131	0.00961	0.01643	0.04965	0.04979	0.00855	0.00947	0.00717	0.00461	0.00370	0.00121	0.00566	0.00315	0.00255	0.00665

[dist]
# distance from previous block
# <min> <max>
0	2

[block]
# block no. 12 follows, 50 sequences, length 14
# corresponding to MSA columns:
# 803-816
name=unknown_M
#
# <colnr> <probs for GDERKNQSTAVLIFYWHMCP>
#	G	D	E	R	K	N	Q	S	T	A	V	L	I	F	Y	W	H	M	C	P
0	0.01679	0.14853	0.01613	0.01220	0.04629	0.36148	0.00942	0.19565	0.11436	0.01786	0.01025	0.01089	0.00808	0.00537	0.00449	0.00136	0.00682	0.00378	0.00338	0.00686
1	0.00711	0.00570	0.00690	0.00756	0.00809	0.03141	0.00536	0.00838	0.02574	0.01302	0.04199	0.58753	0.07046	0.04850	0.00774	0.00211	0.05705	0.05671	0.00435	0.00429
2	0.01333	0.14414	0.04393	0.01006	0.01264	0.10678	0.00843	0.15075	0.08816	0.06075	0.01466	0.15003	0.01391	0.03748	0.00681	0.00174	0.08435	0.04200	0.00378	0.00630
3	0.00730	0.00528	0.00693	0.00683	0.00755	0.00551	0.00477	0.00831	0.00798	0.01120	0.01517	0.09016	0.01611	0.35373	0.36921	0.00574	0.00839	0.00668	0.00299	0.06014
4	0.01214	0.13575	0.48076	0.01279	0.01871	0.02870	0.04822	0.03723	0.08787	0.07597	0.01071	0.01159	0.00778	0.00500	0.00462	0.00151	0.00653	0.00394	0.00282	0.00733
5	0.06877	0.00919	0.01167	0.00973	0.06391	0.00779	0.03638	0.03806	0.01134	0.14274	0.01144	0.04589	0.00921	0.00480	0.00418	0.00108	0.00414	0.00400	0.00356	0.51212
6	0.00629	0.00437	0.00580	0.00683	0.00708	0.00411	0.00452	0.00693	0.00923	0.01231	0.02571	0.72929	0.03071	0.06303	0.00822	0.05101	0.00309	0.01320	0.00439	0.00388
7	0.01159	0.07216	0.08547	0.02238	0.08372	0.05298	0.09546	0.05183	0.01966	0.05088	0.01237	0.08486	0.02451	0.06213	0.02467	0.03977	0.15850	0.00553	0.03564	0.00589
8	0.01358	0.39308	0.13561	0.05679	0.04716	0.06754	0.01043	0.05911	0.05714	0.06992	0.03945	0.01151	0.00907	0.00504	0.00412	0.00132	0.00571	0.00371	0.00292	0.00680
9	0.00622	0.00451	0.00575	0.00669	0.00714	0.00419	0.00452	0.00711	0.00962	0.01263	0.02900	0.64526	0.11489	0.08130	0.00788	0.00223	0.00307	0.03949	0.00449	0.00400
10	0.00684	0.00487	0.00585	0.00629	0.00732	0.00448	0.00468	0.00843	0.01114	0.01515	0.15756	0.28295	0.23978	0.01240	0.00584	0.00178	0.00284	0.10212	0.11533	0.00434
11	0.01397	0.16224	0.08258	0.10604	0.07097	0.14022	0.05586	0.07814	0.07836	0.07973	0.05431	0.01327	0.01028	0.00549	0.00497	0.00146	0.02775	0.00435	0.00325	0.00674
12	0.00974	0.03273	0.02706	0.05760	0.08541	0.00789	0.05968	0.04400	0.01148	0.06059	0.16582	0.10117	0.04903	0.02384	0.15594	0.00285	0.02025	0.01945	0.05996	0.00553
13	0.01037	0.00595	0.00733	0.00676	0.00861	0.00540	0.00520	0.01262	0.04208	0.18782	0.24283	0.12766	0.22278	0.01030	0.00561	0.00165	0.00301	0.03395	0.05462	0.00544

[dist]
# distance from previous block
# <min> <max>
1	14

[block]
# block no. 13 follows, 50 sequences, length 22
# corresponding to MSA columns:
# 832-853
name=unknown_N
#
# <colnr> <probs for GDERKNQSTAVLIFYWHMCP>
#	G	D	E	R	K	N	Q	S	T	A	V	L	I	F	Y	W	H	M	C	P
0	0.01202	0.10790	0.13258	0.14695	0.18319	0.06399	0.11087	0.03878	0.08946	0.01554	0.01038	0.02745	0.00835	0.00516	0.00513	0.00154	0.02658	0.00453	0.00272	0.00686
1	0.05992	0.15148	0.11351	0.02783	0.07607	0.08097	0.09834	0.03961	0.07785	0.01609	0.07928	0.01556	0.04820	0.00668	0.02412	0.00166	0.05253	0.00481	0.01914	0.00636
2	0.02627	0.01022	0.05330	0.14653	0.25426	0.00977	0.07998	0.01406	0.04240	0.03918	0.04181	0.04742	0.01137	0.00895	0.08989	0.00221	0.00640	0.01638	0.02522	0.07437
3	0.01266	0.00879	0.01057	0.00767	0.01199	0.00678	0.00618	0.01482	0.01110	0.16711	0.01095	0.01162	0.00834	0.00417	0.00395	0.00089	0.00380	0.00335	0.00357	0.69171
4	0.01374	0.46064	0.02360	0.01234	0.04066	0.09520	0.13682	0.06771	0.01154	0.01400	0.00792	0.00966	0.00680	0.00485	0.00508	0.00133	0.07560	0.00358	0.00245	0.00650
5	0.03972	0.00623	0.00750	0.00702	0.00864	0.00601	0.00529	0.06355	0.04302	0.09089	0.34707	0.20531	0.12901	0.01069	0.00571	0.00168	0.00300	0.00929	0.00512	0.00526
6	0.00710	0.00457	0.00581	0.00653	0.00716	0.00429	0.00451	0.00836	0.01022	0.03542	0.08775	0.59289	0.04456	0.01329	0.00582	0.00183	0.00279	0.01191	0.14087	0.00432
7	0.00615	0.00501	0.00545	0.00545	0.00692	0.00430	0.00405	0.00762	0.01182	0.01481	0.20747	0.10261	0.57632	0.01232	0.00592	0.00168	0.00251	0.01047	0.00481	0.00430
8	0.00621	0.00447	0.00592	0.00702	0.00744	0.00418	0.00484	0.00720	0.00976	0.01292	0.02839	0.73179	0.06548	0.01535	0.00638	0.00203	0.00300	0.06890	0.00462	0.00410
9	0.00863	0.00676	0.00739	0.00737	0.00870	0.02933	0.00544	0.04482	0.14197	0.01588	0.09560	0.23488	0.13871	0.10349	0.00793	0.00212	0.00358	0.07220	0.06020	0.00499
10	0.86003	0.00964	0.00733	0.00655	0.00964	0.01118	0.00540	0.01465	0.00848	0.02236	0.00694	0.00810	0.00540	0.00463	0.00308	0.00154	0.00386	0.00270	0.00308	0.00540
11	0.01034	0.00886	0.01034	0.00738	0.01181	0.00664	0.00591	0.01255	0.01034	0.01624	0.00886	0.01034	0.00738	0.00369	0.00369	0.00074	0.00369	0.00295	0.00295	0.85530
12	0.00720	0.00481	0.00545	0.00550	0.00551	0.00480	0.00309	0.00724	0.00735	0.00979	0.01621	0.06614	0.01875	0.79044	0.02456	0.00471	0.00475	0.00754	0.00309	0.00306
13	0.00702	0.00499	0.00603	0.00612	0.00723	0.00448	0.00439	0.00847	0.01157	0.04457	0.27701	0.25146	0.26655	0.06820	0.00732	0.00195	0.00279	0.01059	0.00485	0.00440
14	0.01277	0.65630	0.10496	0.00920	0.01354	0.01778	0.00944	0.04408	0.01054	0.01290	0.00778	0.00921	0.00688	0.00665	0.05851	0.00161	0.00610	0.00303	0.00228	0.00644
15	0.01467	0.01037	0.01144	0.05839	0.01350	0.06452	0.00786	0.24569	0.05729	0.16691	0.05653	0.07892	0.10941	0.00928	0.04436	0.00191	0.03129	0.00627	0.00463	0.00676
16	0.03672	0.14763	0.27689	0.03344	0.19583	0.07392	0.02654	0.04143	0.09161	0.01613	0.00986	0.01134	0.00769	0.00487	0.00454	0.00146	0.00632	0.00391	0.00267	0.00719
17	0.01218	0.01257	0.01526	0.01293	0.01377	0.12494	0.05401	0.04192	0.00947	0.01317	0.00771	0.01166	0.00719	0.02847	0.01342	0.00203	0.57496	0.00438	0.03437	0.00559
18	0.02642	0.01184	0.13960	0.01094	0.09021	0.00840	0.00900	0.03403	0.04406	0.07884	0.01318	0.01403	0.06185	0.00495	0.00432	0.00115	0.00453	0.00405	0.00328	0.43531
19	0.02595	0.04655	0.15727	0.01378	0.10826	0.00978	0.11845	0.05482	0.01132	0.01588	0.06706	0.22487	0.03065	0.00856	0.00613	0.00173	0.05397	0.03555	0.00340	0.00602
20	0.00661	0.00528	0.00608	0.00593	0.00749	0.00460	0.00446	0.00821	0.01166	0.01515	0.22406	0.11765	0.42985	0.01267	0.03588	0.00188	0.00307	0.03203	0.00465	0.06279
21	0.02989	0.01295	0.16656	0.04010	0.23765	0.01000	0.06850	0.04962	0.01225	0.20726	0.03031	0.08822	0.01174	0.00614	0.00511	0.00159	0.00558	0.00550	0.00368	0.00734

[dist]
# distance from previous block
# <min> <max>
2	18

[block]
# block no. 14 follows, 50 sequences, length 11
# corresponding to MSA columns:
# 875-883,886,887
name=unknown_O
#
# <colnr> <probs for GDERKNQSTAVLIFYWHMCP>
#	G	D	E	R	K	N	Q	S	T	A	V	L	I	F	Y	W	H	M	C	P
0	0.02854	0.06371	0.20706	0.05064	0.04466	0.01033	0.09606	0.04849	0.07120	0.10654	0.09642	0.03444	0.02978	0.02570	0.05063	0.00201	0.00601	0.01758	0.00357	0.00662
1	0.01348	0.10164	0.01340	0.00993	0.01315	0.01312	0.00803	0.18382	0.45185	0.02144	0.01662	0.05156	0.01309	0.00652	0.00482	0.00153	0.00436	0.00527	0.00457	0.06180
2	0.00731	0.00527	0.00680	0.00691	0.00766	0.00525	0.00489	0.00838	0.00875	0.01205	0.04156	0.17596	0.02072	0.31317	0.20537	0.00440	0.00634	0.08894	0.00347	0.06679
