[name]
unknown

[dist]
# distance from previous block
# <min> <max>
0	51

[block]
# block no. 0 follows, 48 sequences, length 33
# corresponding to MSA columns:
# 672-675,677-705
name=unknown_A
#
# <colnr> <probs for GDERKNQSTAVLIFYWHMCP>
#	G	D	E	R	K	N	Q	S	T	A	V	L	I	F	Y	W	H	M	C	P
0	0.00704	0.00481	0.00632	0.00714	0.00779	0.00445	0.00499	0.00822	0.01066	0.04226	0.10008	0.62904	0.08194	0.01491	0.00645	0.00201	0.00304	0.04952	0.00490	0.00443
1	0.01210	0.01255	0.02462	0.05095	0.19021	0.01224	0.45937	0.04183	0.04021	0.01702	0.01205	0.01746	0.00999	0.00540	0.00583	0.00173	0.00743	0.06901	0.00293	0.00706
2	0.00742	0.00509	0.00616	0.00612	0.00638	0.00521	0.00382	0.00794	0.00820	0.01119	0.08099	0.03168	0.02018	0.61704	0.15702	0.00525	0.00626	0.00728	0.00326	0.00351
3	0.01497	0.03951	0.06583	0.00948	0.01269	0.00863	0.03484	0.03833	0.12819	0.31536	0.16831	0.10381	0.02138	0.00801	0.00543	0.00166	0.00425	0.00687	0.00527	0.00718
4	0.01152	0.00987	0.01227	0.03786	0.04209	0.00829	0.03314	0.07697	0.02827	0.01799	0.00970	0.01126	0.00787	0.00416	0.00411	0.00094	0.00432	0.00344	0.00320	0.67271
5	0.00732	0.00494	0.00574	0.00590	0.00612	0.00484	0.00358	0.00747	0.00816	0.01072	0.02040	0.11590	0.08511	0.59860	0.02146	0.05123	0.00453	0.03124	0.00342	0.00332
6	0.03948	0.01338	0.06045	0.04245	0.04598	0.06138	0.15536	0.24420	0.05120	0.09946	0.06075	0.01532	0.02367	0.00586	0.00520	0.00155	0.00599	0.00513	0.01420	0.04899
7	0.01801	0.01346	0.01441	0.01132	0.01506	0.01495	0.00921	0.63365	0.12412	0.02978	0.01365	0.01428	0.01014	0.04631	0.00618	0.00174	0.00540	0.00492	0.00505	0.00837
8	0.01403	0.08633	0.08066	0.00932	0.01232	0.03057	0.02271	0.13103	0.06113	0.17575	0.03400	0.11008	0.01510	0.12993	0.00821	0.00209	0.00490	0.00624	0.05905	0.00656
9	0.00768	0.00548	0.00654	0.00648	0.00785	0.00500	0.00479	0.00976	0.04020	0.05432	0.27891	0.18381	0.29417	0.04197	0.00684	0.00189	0.00290	0.03155	0.00508	0.00479
10	0.01300	0.34850	0.25650	0.01204	0.01671	0.06781	0.03537	0.06072	0.01135	0.01475	0.00817	0.00990	0.00674	0.00531	0.00585	0.00147	0.11301	0.00354	0.00241	0.00686
11	0.01202	0.01110	0.10724	0.00922	0.01268	0.04145	0.00809	0.07478	0.05615	0.10742	0.09774	0.16179	0.01810	0.00780	0.00511	0.00147	0.00445	0.02112	0.00421	0.23807
12	0.35608	0.04456	0.01067	0.00828	0.01179	0.01110	0.00675	0.09982	0.11882	0.08781	0.01184	0.03944	0.00933	0.00556	0.00408	0.00145	0.00420	0.00406	0.00394	0.16042
13	0.00746	0.00497	0.00560	0.00560	0.00560	0.00497	0.00311	0.00746	0.00746	0.00995	0.01617	0.03358	0.01865	0.81967	0.02612	0.00497	0.00497	0.00746	0.00311	0.00311
14	0.00860	0.00467	0.00700	0.00700	0.00718	0.00485	0.00485	0.00718	0.00700	0.00951	0.00988	0.01651	0.00970	0.02197	0.17645	0.68164	0.00632	0.00467	0.00233	0.00270
15	0.01402	0.13942	0.01694	0.02427	0.01441	0.09285	0.02988	0.10494	0.04524	0.06373	0.01009	0.01237	0.02140	0.00776	0.02518	0.00191	0.36166	0.00439	0.00307	0.00646
16	0.02729	0.03781	0.13351	0.07702	0.22667	0.01123	0.05245	0.07433	0.03388	0.25492	0.01322	0.01396	0.00933	0.00537	0.00506	0.00158	0.00584	0.00467	0.00390	0.00795
17	0.00648	0.00461	0.00609	0.00700	0.00737	0.00438	0.00469	0.00744	0.00989	0.01332	0.08201	0.65665	0.03276	0.08743	0.04182	0.00257	0.00357	0.01319	0.00460	0.00414
18	0.04440	0.01065	0.01183	0.07734	0.01457	0.03968	0.00816	0.17308	0.24742	0.16299	0.04894	0.01826	0.01385	0.07377	0.00681	0.00190	0.00482	0.00540	0.02881	0.00733
19	0.01383	0.04914	0.13961	0.10765	0.09093	0.03089	0.19302	0.18487	0.04266	0.05184	0.01161	0.01444	0.00889	0.00548	0.00529	0.00163	0.00677	0.03068	0.00337	0.00740
20	0.00959	0.00839	0.01138	0.06729	0.16222	0.05019	0.03011	0.05871	0.01167	0.01530	0.02167	0.39580	0.05477	0.01128	0.00598	0.00187	0.00464	0.06955	0.00401	0.00555
21	0.01270	0.01219	0.02083	0.03149	0.78767	0.01219	0.01575	0.01575	0.01168	0.01676	0.00965	0.01270	0.00813	0.00457	0.00508	0.00152	0.00610	0.00457	0.00254	0.00813
22	0.00622	0.00472	0.00574	0.00651	0.00729	0.00424	0.00449	0.00728	0.01054	0.01353	0.05532	0.55363	0.27208	0.01496	0.00638	0.00196	0.00284	0.01326	0.00479	0.00424
23	0.01520	0.42788	0.12702	0.01117	0.01537	0.29838	0.01058	0.01732	0.01196	0.01282	0.00770	0.00895	0.00658	0.00478	0.00399	0.00125	0.00712	0.00309	0.00235	0.00649
24	0.00991	0.08863	0.13543	0.01293	0.11752	0.01094	0.01034	0.01246	0.01126	0.01591	0.22391	0.03793	0.08302	0.00819	0.00805	0.00172	0.19613	0.00626	0.00345	0.00601
25	0.00943	0.28372	0.01373	0.00786	0.00966	0.01028	0.00644	0.01040	0.00917	0.01183	0.01468	0.21892	0.01580	0.04578	0.20274	0.10815	0.00673	0.00682	0.00302	0.00482
26	0.11718	0.01104	0.01781	0.20655	0.41756	0.01163	0.05614	0.01576	0.01123	0.07256	0.01002	0.01279	0.00782	0.00484	0.00492	0.00159	0.00602	0.00447	0.00284	0.00722
27	0.00689	0.00517	0.00647	0.00735	0.00800	0.00504	0.00505	0.00918	0.08718	0.01399	0.02902	0.68817	0.07918	0.01497	0.00639	0.00203	0.00306	0.01347	0.00481	0.00458
28	0.01484	0.58651	0.03915	0.01090	0.05465	0.09664	0.00958	0.10788	0.01258	0.01492	0.00802	0.00912	0.00693	0.00471	0.00377	0.00121	0.00595	0.00314	0.00261	0.00688
29	0.01234	0.43095	0.35398	0.01135	0.01702	0.01619	0.01309	0.04587	0.01124	0.01487	0.02589	0.01019	0.00758	0.00481	0.00411	0.00135	0.00632	0.00342	0.00238	0.00706
30	0.01622	0.05827	0.07376	0.01387	0.08554	0.01427	0.06197	0.36801	0.17164	0.06355	0.01356	0.01375	0.00992	0.00587	0.00509	0.00158	0.00564	0.00481	0.00443	0.00823
31	0.04948	0.01051	0.06200	0.02550	0.02761	0.00840	0.02212	0.05909	0.03308	0.18090	0.04714	0.01373	0.01065	0.00502	0.00444	0.00119	0.00441	0.00409	0.00395	0.42669
32	0.00964	0.00882	0.01358	0.24844	0.22826	0.00962	0.01091	0.01254	0.03108	0.01556	0.13713	0.02384	0.15882	0.00758	0.00624	0.00169	0.06035	0.00649	0.00341	0.00603

[dist]
# distance from previous block
# <min> <max>
0	1

[block]
# block no. 1 follows, 48 sequences, length 11
# corresponding to MSA columns:
# 707-717
name=unknown_B
#
# <colnr> <probs for GDERKNQSTAVLIFYWHMCP>
#	G	D	E	R	K	N	Q	S	T	A	V	L	I	F	Y	W	H	M	C	P
0	0.01269	0.03503	0.08928	0.01287	0.09275	0.03266	0.07125	0.10756	0.04549	0.04452	0.02179	0.02536	0.00952	0.00543	0.00550	0.00137	0.06365	0.00441	0.07345	0.24543
1	0.00640	0.00515	0.00571	0.00569	0.00717	0.00446	0.00422	0.00797	0.01231	0.01561	0.24790	0.10790	0.52636	0.01257	0.00610	0.00173	0.00258	0.01071	0.00500	0.00446
2	0.01075	0.00867	0.01172	0.02791	0.11645	0.00914	0.04241	0.09015	0.14012	0.03030	0.04652	0.14499	0.10197	0.06620	0.00879	0.07320	0.03995	0.02079	0.00405	0.00594
3	0.72319	0.01014	0.00849	0.00732	0.01063	0.01149	0.00603	0.07099	0.01037	0.08990	0.00865	0.00941	0.00640	0.00500	0.00349	0.00158	0.00413	0.00312	0.00359	0.00606
4	0.00919	0.00751	0.01097	0.04852	0.01212	0.00825	0.07964	0.05824	0.06425	0.01417	0.01619	0.17381	0.01654	0.16022	0.20874	0.03066	0.06505	0.00747	0.00343	0.00503
5	0.00730	0.00535	0.00763	0.00771	0.00859	0.00598	0.00586	0.00899	0.00873	0.01252	0.03518	0.08047	0.04860	0.07171	0.61485	0.00688	0.01127	0.00654	0.04137	0.00448
6	0.05413	0.01288	0.12661	0.01134	0.01518	0.01141	0.07052	0.18427	0.16844	0.12050	0.01462	0.01541	0.01083	0.00998	0.10442	0.00244	0.00645	0.00495	0.04819	0.00742
7	0.01285	0.01243	0.01088	0.03466	0.01279	0.24204	0.00759	0.03046	0.03032	0.06588	0.01686	0.15243	0.06275	0.01014	0.05815	0.00194	0.02642	0.04003	0.00365	0.16772
8	0.20946	0.00954	0.01267	0.21697	0.01837	0.01088	0.07136	0.07729	0.03741	0.01855	0.04599	0.03339	0.01076	0.00693	0.02475	0.00181	0.06402	0.02051	0.07589	0.03344
9	0.06388	0.14766	0.03178	0.06774	0.08455	0.02447	0.07293	0.15893	0.03949	0.03081	0.01296	0.03421	0.03489	0.00599	0.00495	0.00148	0.02501	0.02357	0.08289	0.05181
10	0.01259	0.05055	0.05353	0.08262	0.03381	0.04455	0.00920	0.06639	0.12867	0.08526	0.08679	0.01843	0.02625	0.01909	0.00732	0.02830	0.10812	0.03390	0.00383	0.10080

[dist]
# distance from previous block
# <min> <max>
1	39

[block]
# block no. 2 follows, 48 sequences, length 10
# corresponding to MSA columns:
# 757-766
name=unknown_C
#
# <colnr> <probs for GDERKNQSTAVLIFYWHMCP>
#	G	D	E	R	K	N	Q	S	T	A	V	L	I	F	Y	W	H	M	C	P
0	0.16941	0.01080	0.01127	0.00930	0.03406	0.04228	0.00724	0.19881	0.01437	0.08036	0.06306	0.01474	0.04633	0.00569	0.00443	0.00131	0.00447	0.00436	0.00405	0.27368
1	0.01517	0.01207	0.01179	0.00977	0.01272	0.13867	0.03855	0.21051	0.09950	0.07718	0.01412	0.01488	0.01061	0.00584	0.00456	0.00139	0.00502	0.00458	0.25100	0.06207
2	0.00975	0.00969	0.04185	0.31592	0.04332	0.03992	0.05128	0.01230	0.01038	0.01384	0.03238	0.08086	0.04563	0.05457	0.02370	0.00208	0.09321	0.05478	0.02017	0.04435
3	0.00711	0.00521	0.00672	0.00740	0.00801	0.00514	0.00533	0.00862	0.02918	0.01392	0.09272	0.43745	0.07049	0.12309	0.00944	0.00246	0.02404	0.13479	0.00456	0.00432
4	0.01406	0.01570	0.14224	0.05557	0.01843	0.12035	0.13717	0.14225	0.16561	0.04885	0.01360	0.05076	0.01065	0.00609	0.00521	0.00162	0.00642	0.00526	0.03294	0.00723
5	0.00715	0.00509	0.00631	0.00659	0.00770	0.00459	0.00479	0.00868	0.01189	0.04285	0.24516	0.33262	0.24065	0.01326	0.00625	0.00185	0.00284	0.04206	0.00506	0.00458
6	0.04420	0.31065	0.11638	0.05380	0.01507	0.01425	0.02906	0.07772	0.06162	0.01576	0.01267	0.13386	0.01215	0.00714	0.00533	0.00156	0.05239	0.02680	0.00315	0.00644
7	0.24977	0.00822	0.00864	0.00762	0.00971	0.00904	0.00589	0.11656	0.01124	0.08654	0.01288	0.01780	0.01122	0.17103	0.13468	0.00328	0.02772	0.00486	0.09776	0.00555
8	0.06232	0.08930	0.12654	0.01220	0.04379	0.12973	0.01061	0.24669	0.13534	0.04751	0.01249	0.01389	0.00964	0.00596	0.00483	0.00154	0.00604	0.03013	0.00391	0.00753
9	0.02105	0.01189	0.01386	0.01063	0.01467	0.01223	0.00878	0.44228	0.01997	0.36649	0.01581	0.01458	0.01048	0.00624	0.00514	0.00156	0.00508	0.00486	0.00567	0.00873

[dist]
# distance from previous block
# <min> <max>
7	30

[block]
# block no. 3 follows, 48 sequences, length 31
# corresponding to MSA columns:
# 800-822,824-831
name=unknown_D
#
# <colnr> <probs for GDERKNQSTAVLIFYWHMCP>
#	G	D	E	R	K	N	Q	S	T	A	V	L	I	F	Y	W	H	M	C	P
0	0.17618	0.01364	0.02698	0.07347	0.04057	0.21544	0.02503	0.03766	0.05391	0.06804	0.01115	0.04389	0.00947	0.05210	0.00681	0.00177	0.07560	0.00453	0.03243	0.03135
1	0.14516	0.00946	0.01069	0.09227	0.02686	0.03878	0.00789	0.13651	0.02652	0.01895	0.03675	0.02779	0.01140	0.04209	0.09690	0.00251	0.10221	0.01707	0.14437	0.00581
2	0.00820	0.00559	0.00652	0.00638	0.00743	0.00580	0.00473	0.01028	0.03648	0.01556	0.09611	0.05371	0.16166	0.12900	0.10320	0.00284	0.04842	0.02120	0.27231	0.00458
3	0.03370	0.00937	0.01265	0.19021	0.07013	0.00923	0.00913	0.08215	0.01256	0.15782	0.03900	0.05431	0.02337	0.00594	0.00506	0.00141	0.02214	0.00494	0.00381	0.25309
4	0.01486	0.00770	0.00994	0.04633	0.01188	0.00735	0.00682	0.09531	0.01462	0.32047	0.22793	0.06129	0.04902	0.03096	0.00606	0.00172	0.00390	0.02997	0.04717	0.00670
5	0.01050	0.02671	0.15794	0.05408	0.03096	0.03498	0.03159	0.06118	0.03567	0.01572	0.03380	0.08680	0.03346	0.05461	0.06238	0.02367	0.08070	0.03090	0.00320	0.13117
6	0.85592	0.00992	0.00754	0.00675	0.00992	0.01151	0.00556	0.01508	0.00873	0.02302	0.00714	0.00834	0.00556	0.00476	0.00318	0.00159	0.00397	0.00278	0.00318	0.00556
7	0.02606	0.00893	0.00996	0.00940	0.02765	0.00973	0.00713	0.12262	0.30429	0.01940	0.03728	0.09175	0.13814	0.05121	0.05757	0.00235	0.00469	0.06066	0.00472	0.00647
8	0.00642	0.00480	0.00591	0.00664	0.00740	0.00437	0.00464	0.00755	0.01061	0.01376	0.08421	0.49472	0.22893	0.05040	0.00728	0.00210	0.00301	0.04826	0.00475	0.00423
9	0.00878	0.00775	0.01222	0.07010	0.19218	0.00801	0.05316	0.01083	0.01029	0.01393	0.02130	0.15607	0.14564	0.04415	0.17611	0.00327	0.03354	0.02377	0.00337	0.00550
10	0.01760	0.02138	0.01330	0.01213	0.01463	0.66846	0.00910	0.01897	0.01421	0.03790	0.03872	0.03815	0.06130	0.00635	0.00485	0.00139	0.00822	0.00442	0.00307	0.00584
11	0.01013	0.00841	0.01057	0.01158	0.11490	0.00913	0.00759	0.01667	0.30153	0.01747	0.14068	0.09444	0.02186	0.12576	0.05185	0.00256	0.02143	0.02284	0.00438	0.00622
12	0.01917	0.02445	0.01454	0.01322	0.01586	0.79907	0.00991	0.02049	0.01454	0.01256	0.00793	0.00925	0.00661	0.00529	0.00463	0.00132	0.00925	0.00330	0.00264	0.00595
13	0.01321	0.01195	0.01181	0.01063	0.01352	0.06721	0.00825	0.02680	0.72550	0.02085	0.01999	0.01846	0.01504	0.00685	0.00518	0.00171	0.00442	0.00563	0.00504	0.00797
14	0.00665	0.00523	0.00630	0.00670	0.00774	0.00493	0.00495	0.00795	0.01080	0.01380	0.07284	0.29695	0.34907	0.04177	0.04526	0.00233	0.02941	0.07839	0.00457	0.00435
15	0.01059	0.10417	0.66337	0.06894	0.02222	0.01271	0.01762	0.01594	0.01075	0.01562	0.00900	0.01077	0.00653	0.00484	0.00474	0.00158	0.00732	0.00374	0.00218	0.00735
16	0.09131	0.18117	0.16736	0.02606	0.04190	0.01375	0.03193	0.16119	0.07554	0.14427	0.01195	0.01229	0.00869	0.00539	0.00456	0.00150	0.00562	0.00413	0.00377	0.00761
17	0.00745	0.00501	0.00577	0.00577	0.00583	0.00507	0.00333	0.00757	0.00751	0.01008	0.01601	0.03269	0.01827	0.76805	0.07721	0.00519	0.00555	0.00733	0.00309	0.00321
18	0.01277	0.01172	0.01957	0.13461	0.51095	0.02578	0.06668	0.01572	0.01144	0.06059	0.01010	0.01316	0.00816	0.00560	0.01924	0.00172	0.05729	0.00470	0.00271	0.00749
19	0.03221	0.06600	0.06984	0.01311	0.06153	0.24431	0.06101	0.10895	0.04256	0.17158	0.02655	0.03375	0.01066	0.00609	0.00499	0.00152	0.00657	0.02772	0.00388	0.00715
20	0.01087	0.00649	0.00781	0.00763	0.02764	0.00626	0.00553	0.04675	0.06639	0.13869	0.10541	0.20903	0.12647	0.03709	0.00609	0.00177	0.00331	0.00855	0.17260	0.00564
21	0.01436	0.68774	0.04924	0.00957	0.01382	0.12737	0.00926	0.01610	0.01101	0.01227	0.00731	0.00845	0.00659	0.00453	0.00353	0.00114	0.00607	0.00285	0.00226	0.00653
22	0.01186	0.01124	0.01877	0.11253	0.61500	0.01137	0.01438	0.01480	0.01136	0.01610	0.01123	0.01428	0.03615	0.00603	0.03166	0.00174	0.00620	0.00475	0.00262	0.04792
23	0.02813	0.01405	0.10869	0.01812	0.21767	0.06699	0.14611	0.06206	0.09787	0.06584	0.01383	0.04203	0.03192	0.00591	0.00526	0.00160	0.00622	0.02344	0.00342	0.04084
24	0.07291	0.08907	0.04122	0.01205	0.06679	0.04895	0.07307	0.12095	0.07232	0.22381	0.01508	0.08260	0.01213	0.03901	0.00584	0.00172	0.00533	0.00554	0.00433	0.00729
25	0.00740	0.00594	0.03146	0.00757	0.00848	0.00538	0.00571	0.00867	0.01033	0.03577	0.05485	0.46476	0.13769	0.07152	0.00836	0.00223	0.04616	0.07873	0.00450	0.00450
26	0.00642	0.00474	0.00590	0.00675	0.00737	0.00436	0.00465	0.00741	0.01013	0.01313	0.03216	0.55490	0.18773	0.07848	0.00802	0.00225	0.00315	0.05368	0.00463	0.00415
27	0.01328	0.11998	0.13841	0.08958	0.18709	0.15432	0.07779	0.02904	0.03768	0.02833	0.01034	0.02973	0.00842	0.00522	0.00479	0.00149	0.00674	0.00440	0.04649	0.00689
28	0.01490	0.09422	0.05591	0.03879	0.12676	0.03672	0.11543	0.17623	0.13947	0.09656	0.01408	0.02960	0.02623	0.00586	0.00510	0.00157	0.00585	0.00511	0.00394	0.00767
29	0.01358	0.01458	0.26751	0.01101	0.01550	0.00966	0.03714	0.06918	0.09179	0.20253	0.03772	0.02114	0.09135	0.02751	0.00579	0.00174	0.00537	0.04127	0.02840	0.00724
30	0.40874	0.00964	0.00997	0.00817	0.01167	0.01003	0.00671	0.07263	0.03185	0.33851	0.03650	0.01353	0.01025	0.00574	0.00426	0.00159	0.00421	0.00416	0.00474	0.00713

[dist]
# distance from previous block
# <min> <max>
0	2

[block]
# block no. 4 follows, 48 sequences, length 11
# corresponding to MSA columns:
# 834-844
name=unknown_E
#
# <colnr> <probs for GDERKNQSTAVLIFYWHMCP>
#	G	D	E	R	K	N	Q	S	T	A	V	L	I	F	Y	W	H	M	C	P
0	0.01202	0.09546	0.15572	0.14632	0.20999	0.06075	0.09424	0.01530	0.01149	0.04966	0.01342	0.03269	0.06939	0.00571	0.00506	0.00157	0.00647	0.00507	0.00280	0.00686
1	0.04973	0.01322	0.16767	0.01868	0.27017	0.01043	0.10327	0.01452	0.02726	0.01660	0.01497	0.04309	0.04475	0.00693	0.00563	0.00172	0.02299	0.11682	0.04478	0.00676
2	0.00632	0.00503	0.00567	0.00588	0.00718	0.00438	0.00427	0.00772	0.01175	0.01485	0.17438	0.22952	0.47840	0.01329	0.00618	0.00180	0.00266	0.01145	0.00492	0.00438
3	0.00854	0.00508	0.00755	0.00844	0.05943	0.00505	0.00535	0.00754	0.00782	0.01048	0.01420	0.13395	0.05108	0.01769	0.06344	0.57730	0.00482	0.00632	0.00277	0.00315
4	0.01497	0.19613	0.14524	0.01548	0.15291	0.08447	0.04756	0.14417	0.02953	0.07734	0.01029	0.01153	0.00793	0.00525	0.00510	0.00148	0.03587	0.00407	0.00319	0.00750
5	0.05493	0.33764	0.05981	0.04309	0.01440	0.04922	0.00895	0.11078	0.01320	0.18844	0.01155	0.01193	0.00861	0.00526	0.00417	0.00135	0.00532	0.00381	0.06039	0.00714
6	0.00664	0.00548	0.00638	0.00714	0.04452	0.00483	0.00498	0.00811	0.01157	0.01436	0.08377	0.16339	0.53753	0.01301	0.00617	0.00182	0.00298	0.06808	0.00470	0.00455
7	0.01094	0.03377	0.06571	0.04926	0.15232	0.06610	0.04918	0.03348	0.09496	0.01657	0.07052	0.10530	0.06704	0.00835	0.01566	0.00176	0.03773	0.04653	0.06857	0.00625
8	0.01645	0.19841	0.08893	0.01143	0.01554	0.13544	0.01020	0.32325	0.11354	0.02191	0.01128	0.01166	0.00859	0.00561	0.00463	0.00144	0.00614	0.00407	0.00383	0.00764
9	0.41673	0.04747	0.10347	0.08277	0.12679	0.01163	0.05553	0.01470	0.00989	0.01892	0.00953	0.06434	0.00824	0.00550	0.00423	0.00161	0.00523	0.00430	0.00292	0.00621
10	0.08707	0.08159	0.07405	0.08964	0.14585	0.01243	0.04579	0.12629	0.11383	0.09087	0.03453	0.01612	0.01119	0.00598	0.00496	0.00161	0.00550	0.04158	0.00379	0.00733

[dist]
# distance from previous block
# <min> <max>
0	3

[block]
# block no. 5 follows, 48 sequences, length 38
# corresponding to MSA columns:
# 848-885
name=unknown_F
#
# <colnr> <probs for GDERKNQSTAVLIFYWHMCP>
#	G	D	E	R	K	N	Q	S	T	A	V	L	I	F	Y	W	H	M	C	P
0	0.01440	0.25482	0.06155	0.01081	0.04017	0.24262	0.00903	0.04289	0.01246	0.04541	0.03931	0.03074	0.03428	0.00639	0.01803	0.00145	0.02564	0.00422	0.07874	0.02705
1	0.01136	0.04205	0.03061	0.00803	0.01244	0.00815	0.00668	0.06552	0.02731	0.01781	0.00987	0.01124	0.00804	0.00418	0.00392	0.00089	0.00403	0.00329	0.04325	0.68133
2	0.01708	0.04449	0.01429	0.02936	0.01482	0.01382	0.00904	0.49953	0.08471	0.07672	0.06027	0.01590	0.01232	0.00712	0.00602	0.03379	0.02457	0.02342	0.00488	0.00786
3	0.00806	0.03518	0.00823	0.06960	0.01044	0.04542	0.00601	0.00937	0.01067	0.03358	0.09564	0.52069	0.06608	0.03300	0.00679	0.00198	0.01863	0.01154	0.00441	0.00465
4	0.00678	0.00486	0.00633	0.00733	0.00778	0.00463	0.00496	0.03746	0.01039	0.01386	0.02765	0.78440	0.03294	0.01568	0.00649	0.00206	0.00308	0.01419	0.00478	0.00435
5	0.01558	0.01468	0.01342	0.01129	0.01430	0.23430	0.04637	0.24281	0.10458	0.03234	0.05361	0.08969	0.01348	0.00694	0.00510	0.00151	0.00597	0.00557	0.03609	0.05238
6	0.01317	0.01209	0.04699	0.32870	0.12194	0.03267	0.04568	0.19864	0.07246	0.02922	0.01171	0.01515	0.00909	0.00577	0.00522	0.00166	0.00630	0.03307	0.00339	0.00706
7	0.00740	0.00495	0.00561	0.00567	0.00569	0.00493	0.00319	0.00745	0.00758	0.01011	0.01677	0.07270	0.01942	0.77951	0.02514	0.00483	0.00487	0.00782	0.00319	0.00316
8	0.00856	0.00612	0.00744	0.01937	0.00886	0.00619	0.00542	0.04938	0.07173	0.04196	0.10254	0.33570	0.11361	0.10718	0.03604	0.00244	0.01875	0.01927	0.03451	0.00493
9	0.00750	0.00508	0.00626	0.00648	0.00760	0.00459	0.00466	0.00903	0.01182	0.05563	0.23416	0.34501	0.21546	0.01285	0.00608	0.00180	0.00278	0.01130	0.04724	0.00465
10	0.00674	0.00511	0.00620	0.00685	0.00766	0.00483	0.00474	0.00865	0.05981	0.01414	0.07915	0.52702	0.19010	0.04497	0.00707	0.00207	0.00301	0.01264	0.00478	0.00446
11	0.01568	0.01154	0.01258	0.01036	0.01362	0.01272	0.00831	0.35742	0.28436	0.07326	0.10595	0.01822	0.01613	0.00695	0.00523	0.00161	0.00455	0.00561	0.02795	0.00796
12	0.00768	0.00548	0.00676	0.00661	0.00678	0.00595	0.00426	0.00810	0.00763	0.01047	0.01510	0.02960	0.01678	0.62036	0.17022	0.00541	0.05938	0.00690	0.00299	0.00355
13	0.02062	0.00921	0.01180	0.00909	0.01297	0.00829	0.00747	0.11264	0.01534	0.59506	0.02059	0.01846	0.06251	0.00659	0.00512	0.00153	0.00436	0.00532	0.00587	0.06716
14	0.01382	0.74234	0.06456	0.00930	0.01376	0.05951	0.00935	0.01567	0.01066	0.01231	0.00728	0.00841	0.00658	0.00446	0.00344	0.00114	0.00578	0.00282	0.00222	0.00660
15	0.00735	0.00474	0.00634	0.00727	0.00781	0.00439	0.00495	0.00831	0.01014	0.06408	0.02775	0.76398	0.03255	0.01544	0.00646	0.00205	0.00307	0.01397	0.00487	0.00447
16	0.01270	0.01219	0.02083	0.03149	0.78767	0.01219	0.01575	0.01575	0.01168	0.01676	0.00965	0.01270	0.00813	0.00457	0.00508	0.00152	0.00610	0.00457	0.00254	0.00813
17	0.01293	0.01265	0.01951	0.05316	0.67497	0.06830	0.01475	0.01584	0.01180	0.01645	0.00982	0.01276	0.00820	0.00470	0.00498	0.00150	0.00618	0.00449	0.03924	0.00775
18	0.00774	0.00553	0.00800	0.00790	0.00853	0.00635	0.00591	0.00873	0.00791	0.01125	0.01308	0.02091	0.01278	0.13787	0.55317	0.12613	0.04585	0.00557	0.00270	0.00410
19	0.01221	0.01126	0.01657	0.11558	0.30487	0.02189	0.02292	0.08332	0.09007	0.01692	0.01164	0.06588	0.01024	0.00720	0.01942	0.00186	0.17267	0.00536	0.00311	0.00701
20	0.00738	0.00513	0.00635	0.00634	0.00668	0.00535	0.00409	0.00799	0.00800	0.01091	0.03926	0.03046	0.03930	0.55820	0.23781	0.00569	0.00725	0.00707	0.00313	0.00360
21	0.01221	0.06301	0.01308	0.04990	0.01383	0.02432	0.00881	0.04732	0.11003	0.01664	0.02970	0.02107	0.01446	0.03870	0.42441	0.00563	0.09015	0.00598	0.00395	0.00680
22	0.00760	0.00577	0.00832	0.00821	0.00905	0.00674	0.00629	0.00950	0.02502	0.01194	0.01390	0.02117	0.01326	0.11516	0.67660	0.00756	0.04088	0.00567	0.00282	0.00455
23	0.00973	0.00608	0.00766	0.00753	0.00784	0.05075	0.00531	0.02310	0.00785	0.01010	0.01006	0.01782	0.01007	0.01640	0.01793	0.70661	0.02642	0.05345	0.00247	0.00283
24	0.00874	0.00618	0.00652	0.00624	0.00697	0.03292	0.00402	0.02607	0.02743	0.04202	0.07971	0.03301	0.10842	0.53957	0.01897	0.00380	0.00453	0.00757	0.03332	0.00399
25	0.13435	0.00842	0.01010	0.00816	0.01142	0.00802	0.00663	0.06781	0.01362	0.47801	0.01762	0.04417	0.01229	0.00640	0.00466	0.00153	0.00400	0.00506	0.15025	0.00746
26	0.00772	0.00540	0.00640	0.00626	0.00653	0.00564	0.00395	0.01775	0.00827	0.01124	0.04995	0.03165	0.04528	0.62533	0.10210	0.00485	0.03618	0.00727	0.01467	0.00357
27	0.01064	0.00912	0.01064	0.00760	0.01216	0.00684	0.00608	0.01292	0.01064	0.01672	0.00912	0.01064	0.00760	0.00380	0.00380	0.00076	0.00380	0.00304	0.00304	0.85104
28	0.02140	0.00906	0.01178	0.00916	0.01292	0.00828	0.00752	0.09309	0.03798	0.64460	0.03934	0.01766	0.01337	0.00644	0.00511	0.00157	0.00434	0.00522	0.04272	0.00844
29	0.00725	0.00543	0.00673	0.00691	0.00799	0.00480	0.00471	0.00827	0.00965	0.01328	0.02358	0.51232	0.05277	0.14548	0.00923	0.00230	0.00344	0.01115	0.00417	0.16051
30	0.01010	0.00813	0.00918	0.02925	0.01022	0.05972	0.00665	0.03177	0.05758	0.03259	0.17927	0.13004	0.04077	0.03999	0.00813	0.00184	0.14816	0.01968	0.17165	0.00527
31	0.03386	0.00956	0.03844	0.00943	0.01181	0.00963	0.02676	0.22222	0.06602	0.03398	0.06614	0.13967	0.01713	0.10751	0.11851	0.00296	0.02533	0.00685	0.00417	0.05000
32	0.01287	0.14653	0.03893	0.02231	0.06015	0.11898	0.02253	0.08225	0.02547	0.02909	0.03321	0.09232	0.02572	0.00617	0.00474	0.00129	0.01721	0.00493	0.00331	0.25201
33	0.01204	0.11479	0.10780	0.05055	0.04264	0.01115	0.03571	0.10459	0.06533	0.01793	0.01212	0.01409	0.03616	0.00521	0.00448	0.00125	0.00508	0.02357	0.00326	0.33224
34	0.07682	0.01078	0.06002	0.03479	0.06439	0.02135	0.04959	0.14958	0.03514	0.04436	0.12707	0.05457	0.01697	0.03579	0.00585	0.00165	0.00485	0.05453	0.00403	0.14788
35	0.00966	0.00699	0.02897	0.00919	0.07000	0.00659	0.00632	0.01143	0.07748	0.06722	0.07357	0.05794	0.16681	0.10703	0.01219	0.22625	0.02475	0.02910	0.00380	0.00473
36	0.01176	0.01145	0.04882	0.09024	0.14157	0.06766	0.04030	0.04532	0.17424	0.03076	0.01493	0.09866	0.01347	0.06150	0.03537	0.00214	0.04529	0.02511	0.00358	0.03784
37	0.01010	0.03659	0.01144	0.05373	0.05385	0.02813	0.07429	0.04526	0.01224	0.06706	0.13708	0.25174	0.08357	0.01001	0.00570	0.00172	0.00426	0.03462	0.04653	0.03208

[dist]
# distance from previous block
# <min> <max>
16	45

[block]
# block no. 6 follows, 48 sequences, length 12
# corresponding to MSA columns:
# 944-955
name=unknown_G
#
# <colnr> <probs for GDERKNQSTAVLIFYWHMCP>
#	G	D	E	R	K	N	Q	S	T	A	V	L	I	F	Y	W	H	M	C	P
0	0.08488	0.11061	0.06394	0.03312	0.05562	0.09108	0.14135	0.13679	0.02735	0.09495	0.05089	0.04880	0.01124	0.00589	0.00493	0.00153	0.00607	0.00503	0.00364	0.02229
1	0.01022	0.01027	0.06099	0.07929	0.09942	0.02022	0.08258	0.02928	0.04979	0.01595	0.10398	0.08925	0.04806	0.05094	0.00832	0.00188	0.13495	0.00646	0.04371	0.05443
2	0.22652	0.01147	0.01069	0.00870	0.01211	0.11081	0.00695	0.04636	0.03954	0.07085	0.01000	0.01116	0.00786	0.00503	0.00471	0.00127	0.05258	0.00349	0.04369	0.31619
3	0.00905	0.00591	0.00747	0.00705	0.00765	0.00632	0.00484	0.00973	0.00845	0.07958	0.01669	0.02830	0.04597	0.49496	0.17852	0.00499	0.07028	0.00676	0.00332	0.00415
4	0.00745	0.00490	0.00569	0.00579	0.00582	0.00488	0.00333	0.00739	0.00761	0.01015	0.01675	0.09838	0.01936	0.70434	0.02411	0.05505	0.00478	0.00788	0.00320	0.00315
5	0.00659	0.00496	0.00614	0.00684	0.00762	0.00463	0.00475	0.00829	0.04350	0.01432	0.10498	0.55971	0.17963	0.01456	0.00635	0.00196	0.00290	0.01298	0.00487	0.00443
6	0.01090	0.00601	0.00774	0.00707	0.00886	0.00550	0.00543	0.01281	0.01285	0.19956	0.30169	0.09199	0.13440	0.04326	0.05905	0.00223	0.00387	0.03340	0.04784	0.00555
7	0.04048	0.05080	0.07690	0.07253	0.32786	0.01201	0.03523	0.09295	0.03813	0.01727	0.01216	0.03535	0.03246	0.04238	0.05092	0.00212	0.04532	0.00507	0.00301	0.00704
8	0.01146	0.01004	0.05115	0.12549	0.26742	0.00974	0.01115	0.04239	0.05874	0.07892	0.04597	0.05073	0.07616	0.01101	0.10907	0.00251	0.00641	0.02140	0.00352	0.00671
9	0.02763	0.12417	0.05767	0.01194	0.03775	0.14740	0.07129	0.16420	0.06935	0.05491	0.09034	0.03234	0.05467	0.00661	0.00531	0.00153	0.02694	0.00528	0.00385	0.00685
10	0.05904	0.14511	0.12080	0.06490	0.01616	0.09030	0.03783	0.14260	0.05444	0.03338	0.05095	0.04346	0.01102	0.00697	0.02615	0.01824	0.00603	0.00463	0.00340	0.06462
11	0.06774	0.24214	0.08475	0.02241	0.03017	0.18003	0.03204	0.04711	0.06617	0.07483	0.01116	0.01391	0.00927	0.00620	0.01557	0.00155	0.02208	0.04912	0.00319	0.02058

[dist]
# distance from previous block
# <min> <max>
12	63

[block]
# block no. 7 follows, 48 sequences, length 13
# corresponding to MSA columns:
# 1025-1037
name=unknown_H
#
# <colnr> <probs for GDERKNQSTAVLIFYWHMCP>
#	G	D	E	R	K	N	Q	S	T	A	V	L	I	F	Y	W	H	M	C	P
0	0.07485	0.02555	0.12053	0.05025	0.12919	0.02950	0.03028	0.05436	0.02284	0.04790	0.04893	0.08810	0.01301	0.04685	0.06298	0.00216	0.01802	0.00550	0.02120	0.10800
1	0.02720	0.12168	0.17617	0.04772	0.16901	0.09044	0.06003	0.07259	0.04918	0.05843	0.03243	0.01264	0.00907	0.00541	0.00542	0.00154	0.04640	0.00434	0.00303	0.00725
2	0.02902	0.21712	0.06620	0.03860	0.26100	0.07921	0.09989	0.05268	0.01194	0.01560	0.01054	0.01291	0.03466	0.02179	0.00544	0.00153	0.02783	0.00438	0.00266	0.00701
3	0.00791	0.00626	0.00884	0.10140	0.01197	0.00625	0.05642	0.01023	0.03322	0.01547	0.16144	0.16099	0.17947	0.07396	0.02848	0.00216	0.00410	0.03477	0.09185	0.00481
4	0.00886	0.00656	0.00855	0.00844	0.00958	0.00736	0.00642	0.01255	0.14513	0.03388	0.01807	0.15191	0.01768	0.07383	0.33181	0.03423	0.04210	0.04881	0.02909	0.00513
5	0.00717	0.00523	0.00612	0.00611	0.00691	0.00497	0.00411	0.00868	0.03608	0.01442	0.23878	0.13353	0.17407	0.31575	0.01363	0.00296	0.00354	0.00943	0.00440	0.00412
6	0.42848	0.00874	0.00846	0.00726	0.01014	0.00934	0.00588	0.06488	0.01192	0.16595	0.12525	0.01589	0.01423	0.00612	0.00414	0.00155	0.00375	0.00452	0.09736	0.00616
7	0.00750	0.00503	0.00586	0.00580	0.00606	0.00501	0.00352	0.00802	0.00865	0.01192	0.12817	0.03317	0.02254	0.63853	0.05516	0.00448	0.00488	0.00754	0.03466	0.00349
8	0.01138	0.00650	0.00861	0.00783	0.00968	0.00656	0.00613	0.03267	0.03898	0.18821	0.14144	0.04117	0.07023	0.02020	0.31554	0.00419	0.00744	0.00651	0.07096	0.00577
9	0.01414	0.76082	0.02593	0.00912	0.01338	0.08072	0.00887	0.01576	0.01075	0.01211	0.00720	0.00831	0.00659	0.00446	0.00340	0.00111	0.00578	0.00279	0.00223	0.00654
10	0.01073	0.00920	0.01080	0.00802	0.01202	0.00769	0.00645	0.04665	0.01113	0.01689	0.01242	0.01376	0.06795	0.00499	0.00497	0.00098	0.06158	0.00382	0.00321	0.68674
11	0.07692	0.01121	0.01181	0.00942	0.01267	0.01221	0.00769	0.47746	0.01898	0.06286	0.01350	0.01411	0.00988	0.00602	0.00458	0.00145	0.00459	0.00456	0.23266	0.00743
12	0.06960	0.01329	0.04894	0.03960	0.01438	0.14055	0.00889	0.08013	0.25301	0.10737	0.04964	0.01556	0.01242	0.00642	0.00571	0.00160	0.06160	0.00484	0.03397	0.03248

[dist]
# distance from previous block
# <min> <max>
1	4

[block]
# block no. 8 follows, 48 sequences, length 20
# corresponding to MSA columns:
# 1042-1061
name=unknown_I
#
# <colnr> <probs for GDERKNQSTAVLIFYWHMCP>
#	G	D	E	R	K	N	Q	S	T	A	V	L	I	F	Y	W	H	M	C	P
0	0.03634	0.10671	0.16696	0.01452	0.08873	0.06129	0.13072	0.09258	0.02420	0.11759	0.01149	0.01302	0.00863	0.00714	0.05122	0.00192	0.01980	0.00448	0.03544	0.00722
1	0.01334	0.01442	0.11318	0.01153	0.03583	0.18616	0.00975	0.05936	0.02774	0.07152	0.01135	0.01419	0.00936	0.03318	0.14970	0.00284	0.11862	0.00443	0.06381	0.04966
2	0.01194	0.00867	0.01042	0.00769	0.01182	0.00673	0.00615	0.01419	0.01158	0.11988	0.09027	0.01439	0.01247	0.00483	0.00421	0.00096	0.00373	0.00396	0.00375	0.65238
3	0.74583	0.01006	0.00830	0.00720	0.01049	0.01143	0.00594	0.05588	0.01002	0.08419	0.00845	0.00927	0.00629	0.00496	0.00344	0.00159	0.00409	0.00306	0.00353	0.00598
4	0.01000	0.00547	0.00758	0.00721	0.00763	0.00563	0.00500	0.08513	0.00848	0.01132	0.00926	0.01526	0.00889	0.01663	0.01852	0.76351	0.00458	0.00447	0.00253	0.00290
5	0.01072	0.00907	0.01298	0.01001	0.01378	0.00766	0.12393	0.03467	0.01170	0.04171	0.04545	0.05105	0.04505	0.00650	0.00495	0.00129	0.00460	0.10276	0.00360	0.45851
6	0.00646	0.00468	0.00613	0.00715	0.00767	0.00436	0.00498	0.00758	0.01039	0.01377	0.07387	0.65609	0.08845	0.01538	0.00653	0.00205	0.00306	0.07234	0.00481	0.00426
7	0.01000	0.00944	0.01595	0.72767	0.11260	0.01148	0.01440	0.01338	0.01041	0.01349	0.00917	0.01358	0.00697	0.00507	0.00512	0.00169	0.00676	0.00456	0.00231	0.00595
8	0.01856	0.02340	0.01524	0.01355	0.01633	0.72871	0.04890	0.02054	0.04348	0.01310	0.00855	0.00987	0.00701	0.00530	0.00472	0.00136	0.00902	0.00354	0.00274	0.00608
9	0.00695	0.00495	0.00659	0.00702	0.00748	0.00509	0.00482	0.00797	0.00901	0.01235	0.06475	0.32872	0.02449	0.23382	0.24713	0.00465	0.00667	0.00970	0.00378	0.00405
10	0.00759	0.00493	0.00636	0.00701	0.00783	0.00448	0.00487	0.00869	0.01065	0.07496	0.06093	0.61891	0.13415	0.01467	0.00635	0.00198	0.00301	0.01312	0.00492	0.00458
11	0.01538	0.00824	0.01049	0.00945	0.04608	0.00797	0.00708	0.02007	0.17736	0.34599	0.18612	0.02386	0.06312	0.00789	0.00568	0.01959	0.00381	0.00644	0.02813	0.00725
12	0.00979	0.00572	0.00763	0.00771	0.00874	0.00563	0.00565	0.01100	0.01025	0.14295	0.02249	0.35576	0.02406	0.14748	0.09081	0.00312	0.02877	0.08626	0.02126	0.00491
13	0.00788	0.00515	0.00651	0.00669	0.00779	0.00464	0.00480	0.00919	0.01163	0.07541	0.21890	0.36070	0.19675	0.01335	0.00682	0.03994	0.00293	0.01128	0.00499	0.00464
14	0.01366	0.00856	0.01207	0.12461	0.06669	0.00880	0.03107	0.11789	0.01344	0.21253	0.05735	0.21375	0.01784	0.00943	0.02553	0.00189	0.02165	0.00751	0.02915	0.00660
15	0.01157	0.01035	0.04432	0.03853	0.02517	0.01950	0.13116	0.05290	0.03316	0.08477	0.05091	0.01989	0.10661	0.02378	0.09377	0.02527	0.21294	0.00596	0.00344	0.00602
16	0.00976	0.00898	0.01434	0.32788	0.06869	0.01065	0.06430	0.01312	0.06225	0.01392	0.03215	0.06277	0.01161	0.04771	0.11960	0.00286	0.11515	0.00571	0.00285	0.00570
17	0.00959	0.00613	0.00818	0.06411	0.00981	0.00687	0.00592	0.04851	0.00913	0.01354	0.01185	0.01767	0.01076	0.07998	0.09536	0.31326	0.07746	0.00490	0.20291	0.00403
18	0.13439	0.02378	0.01342	0.06815	0.13253	0.04538	0.03241	0.06123	0.01168	0.05657	0.00975	0.01155	0.00775	0.00551	0.02703	0.00143	0.00524	0.00372	0.00317	0.34532
19	0.02214	0.10770	0.06839	0.00893	0.01158	0.05375	0.00756	0.11277	0.05724	0.06954	0.04456	0.16740	0.09407	0.09221	0.00754	0.00198	0.01395	0.02721	0.00410	0.02738

[dist]
# distance from previous block
# <min> <max>
0	9

[block]
# block no. 9 follows, 48 sequences, length 7
# corresponding to MSA columns:
# 1088-1094
name=unknown_J
#
# <colnr> <probs for GDERKNQSTAVLIFYWHMCP>
#	G	D	E	R	K	N	Q	S	T	A	V	L	I	F	Y	W	H	M	C	P
0	0.00881	0.00583	0.00766	0.00851	0.06258	0.00542	0.00561	0.01013	0.01083	0.10253	0.06109	0.31792	0.21139	0.08887	0.06616	0.00260	0.00421	0.01034	0.00453	0.00497
1	0.10360	0.00616	0.00651	0.05421	0.00896	0.00654	0.00496	0.05808	0.01121	0.01931	0.01627	0.10843	0.01404	0.00696	0.00407	0.00139	0.00310	0.00566	0.55545	0.00509
2	0.00771	0.00572	0.00782	0.00777	0.00826	0.00643	0.00567	0.00843	0.00840	0.01160	0.01806	0.16660	0.07060	0.16324	0.27894	0.11040	0.09949	0.00761	0.00319	0.00406
3	0.00971	0.00892	0.01437	0.60888	0.07744	0.01072	0.01281	0.01363	0.06670	0.01395	0.01221	0.10588	0.01067	0.00648	0.00530	0.00174	0.00615	0.00580	0.00280	0.00585
4	0.01329	0.30495	0.12708	0.01046	0.01432	0.01526	0.01009	0.18948	0.03363	0.01797	0.03302	0.01439	0.06331	0.00782	0.04472	0.00181	0.08384	0.00445	0.00325	0.00686
5	0.07007	0.01350	0.06125	0.19934	0.01884	0.16792	0.01007	0.07624	0.12160	0.06440	0.05242	0.02956	0.01155	0.02397	0.02807	0.00183	0.00629	0.00483	0.00357	0.03468
6	0.09178	0.05966	0.02983	0.07140	0.03700	0.02261	0.08970	0.04617	0.16629	0.01750	0.05757	0.04780	0.11817	0.00775	0.00615	0.01616	0.05386	0.02896	0.00380	0.02785

[dist]
# distance from previous block
# <min> <max>
1	12

[block]
# block no. 10 follows, 48 sequences, length 10
# corresponding to MSA columns:
# 1112-1121
name=unknown_K
#
# <colnr> <probs for GDERKNQSTAVLIFYWHMCP>
#	G	D	E	R	K	N	Q	S	T	A	V	L	I	F	Y	W	H	M	C	P
0	0.01197	0.05714	0.01627	0.18675	0.05789	0.03798	0.11094	0.04746	0.03452	0.07230	0.01485	0.07755	0.06980	0.00720	0.00724	0.00173	0.14178	0.00588	0.00326	0.03751
1	0.08282	0.01300	0.01380	0.01081	0.01449	0.01435	0.00880	0.60068	0.05107	0.05572	0.01282	0.01404	0.00963	0.06659	0.00655	0.00181	0.00536	0.00475	0.00488	0.00804
2	0.00773	0.00603	0.00723	0.04934	0.00963	0.00588	0.00549	0.06538	0.04034	0.01606	0.13212	0.33239	0.27780	0.01269	0.00610	0.00183	0.00322	0.01107	0.00479	0.00487
3	0.00743	0.00726	0.06568	0.00857	0.06834	0.00571	0.00628	0.00947	0.01215	0.01627	0.29895	0.10846	0.28409	0.06970	0.00740	0.00193	0.00338	0.00938	0.00459	0.00494
4	0.11579	0.00585	0.00685	0.00698	0.00819	0.00586	0.00516	0.00983	0.01002	0.05559	0.06285	0.21130	0.13546	0.12566	0.08311	0.05169	0.00463	0.08656	0.00413	0.00448
5	0.01186	0.05737	0.15363	0.08509	0.07841	0.06913	0.05147	0.03124	0.18104	0.01665	0.03540	0.01584	0.05140	0.00622	0.00605	0.00161	0.07758	0.00495	0.00329	0.06175
6	0.00851	0.00535	0.00672	0.00661	0.00793	0.00480	0.00484	0.00985	0.01200	0.09891	0.25836	0.23616	0.23007	0.01269	0.00716	0.06709	0.00298	0.01023	0.00500	0.00475
7	0.04351	0.01213	0.10568	0.08832	0.10085	0.03175	0.06875	0.08462	0.11196	0.06492	0.03681	0.04828	0.03450	0.06692	0.00702	0.00189	0.02918	0.00562	0.05062	0.00669
8	0.00925	0.03254	0.02855	0.00886	0.01064	0.00756	0.05013	0.10387	0.05911	0.01630	0.02598	0.33876	0.13427	0.03704	0.00721	0.03340	0.00412	0.08272	0.00442	0.00526
9	0.01258	0.07584	0.05014	0.01175	0.09803	0.01027	0.03403	0.08278	0.09666	0.06245	0.04889	0.01464	0.03241	0.00527	0.00454	0.00123	0.00465	0.00439	0.00365	0.34580

[dist]
# distance from previous block
# <min> <max>
3	62

[block]
# block no. 11 follows, 48 sequences, length 11
# corresponding to MSA columns:
# 1184-1194
name=unknown_L
#
# <colnr> <probs for GDERKNQSTAVLIFYWHMCP>
#	G	D	E	R	K	N	Q	S	T	A	V	L	I	F	Y	W	H	M	C	P
0	0.04717	0.08712	0.16422	0.04646	0.09768	0.02422	0.04319	0.11049	0.05683	0.06118	0.02437	0.04230	0.02133	0.04294	0.01891	0.00186	0.07050	0.00497	0.01535	0.01892
1	0.00998	0.03052	0.06152	0.03194	0.02461	0.05118	0.00746	0.05523	0.02393	0.03040	0.13306	0.12430	0.04912	0.05011	0.00658	0.00188	0.00437	0.15879	0.11448	0.03055
2	0.05231	0.00912	0.01092	0.00825	0.01225	0.00767	0.02838	0.04646	0.03816	0.05801	0.03261	0.03722	0.02853	0.00608	0.02963	0.00126	0.00430	0.00416	0.00352	0.58116
3	0.05833	0.09315	0.01746	0.01935	0.34595	0.10895	0.01156	0.07267	0.03729	0.06684	0.04800	0.01321	0.01012	0.00544	0.00534	0.00149	0.04482	0.00440	0.00323	0.03240
4	0.03172	0.00676	0.00856	0.00749	0.00949	0.00640	0.00571	0.04650	0.03226	0.25608	0.22903	0.08638	0.02401	0.06436	0.00821	0.08461	0.00364	0.00703	0.07588	0.00587
5	0.00863	0.00675	0.00794	0.00743	0.00904	0.00691	0.00558	0.01406	0.21835	0.01968	0.47552	0.06019	0.08415	0.04475	0.00671	0.00182	0.00300	0.00855	0.00534	0.00559
6	0.85592	0.00992	0.00754	0.00675	0.00992	0.01151	0.00556	0.01508	0.00873	0.02302	0.00714	0.00834	0.00556	0.00476	0.00318	0.00159	0.00397	0.00278	0.00318	0.00556
7	0.00891	0.00446	0.00668	0.00668	0.00668	0.00446	0.00446	0.00668	0.00668	0.00891	0.00891	0.01560	0.00891	0.01783	0.02005	0.85071	0.00446	0.00446	0.00223	0.00223
8	0.05225	0.02480	0.71409	0.01395	0.02113	0.01167	0.01771	0.01665	0.01093	0.05690	0.00968	0.01106	0.00678	0.00495	0.00481	0.00162	0.00724	0.00381	0.00243	0.00754
9	0.08496	0.00984	0.01493	0.29141	0.27513	0.01087	0.01210	0.04667	0.04835	0.01642	0.01263	0.13045	0.01162	0.00665	0.00515	0.00169	0.00559	0.00594	0.00307	0.00651
10	0.04945	0.08698	0.01435	0.01165	0.01432	0.54831	0.00901	0.05727	0.01419	0.01463	0.07055	0.01339	0.04469	0.00607	0.00493	0.00139	0.02565	0.00413	0.00308	0.00596

[dist]
# distance from previous block
# <min> <max>
3	4

[block]
# block no. 12 follows, 48 sequences, length 8
# corresponding to MSA columns:
# 1199-1206
name=unknown_M
#
# <colnr> <probs for GDERKNQSTAVLIFYWHMCP>
#	G	D	E	R	K	N	Q	S	T	A	V	L	I	F	Y	W	H	M	C	P
0	0.00839	0.00685	0.01031	0.03872	0.19404	0.00680	0.00822	0.01028	0.01091	0.01483	0.08989	0.30463	0.05855	0.04370	0.05193	0.00238	0.00473	0.12549	0.00405	0.00529
1	0.34742	0.00955	0.01130	0.03310	0.05825	0.01020	0.06703	0.05680	0.06907	0.09631	0.06742	0.06286	0.04467	0.00690	0.00470	0.00168	0.00450	0.03792	0.00403	0.00628
2	0.05310	0.00975	0.01110	0.00862	0.01251	0.00895	0.00690	0.11014	0.11462	0.09599	0.01286	0.03821	0.01024	0.00647	0.03347	0.00142	0.00447	0.00425	0.00397	0.45294
3	0.01040	0.00989	0.01581	0.49675	0.17132	0.03084	0.04009	0.01394	0.03585	0.01469	0.05692	0.01726	0.03082	0.00585	0.00528	0.00168	0.00630	0.02736	0.00278	0.00617
4	0.07361	0.00881	0.05584	0.00964	0.03594	0.00838	0.03445	0.07696	0.05527	0.02910	0.12561	0.12719	0.05915	0.05974	0.00746	0.00198	0.05163	0.09886	0.07476	0.00562
5	0.00979	0.00643	0.00794	0.00755	0.00936	0.00616	0.00597	0.01327	0.10086	0.11492	0.31253	0.06210	0.17333	0.01083	0.00604	0.00179	0.00330	0.13693	0.00534	0.00557
6	0.01562	0.31650	0.01932	0.01284	0.10175	0.21589	0.00971	0.13300	0.05735	0.01672	0.00968	0.01079	0.00794	0.00514	0.00424	0.00131	0.00630	0.00366	0.04533	0.00692
7	0.00694	0.00513	0.00671	0.00742	0.00828	0.00464	0.00525	0.00813	0.01011	0.01372	0.02600	0.65250	0.03053	0.01450	0.00629	0.00196	0.00324	0.08384	0.00456	0.10025

[dist]
# distance from previous block
# <min> <max>
0	4

[block]
# block no. 13 follows, 48 sequences, length 12
# corresponding to MSA columns:
# 1211-1222
name=unknown_N
#
# <colnr> <probs for GDERKNQSTAVLIFYWHMCP>
#	G	D	E	R	K	N	Q	S	T	A	V	L	I	F	Y	W	H	M	C	P
0	0.05547	0.01156	0.01298	0.06507	0.05179	0.04853	0.00886	0.32246	0.05504	0.17358	0.01770	0.06558	0.07422	0.00715	0.00519	0.00161	0.00510	0.00574	0.00480	0.00755
1	0.06756	0.05035	0.17662	0.01558	0.09167	0.10723	0.17599	0.08363	0.03295	0.08089	0.01060	0.01208	0.00790	0.00497	0.00493	0.00151	0.00679	0.00438	0.00315	0.06123
2	0.04534	0.01169	0.05298	0.01053	0.01360	0.04337	0.05098	0.30575	0.06596	0.02239	0.01513	0.03500	0.03491	0.01168	0.12749	0.00261	0.00658	0.03674	0.10047	0.00680
3	0.00883	0.00632	0.00835	0.00908	0.01030	0.00640	0.00757	0.07179	0.01228	0.01611	0.02556	0.17110	0.02796	0.05572	0.00783	0.00239	0.00454	0.53832	0.00468	0.00488
4	0.01477	0.67107	0.02459	0.00955	0.01368	0.13107	0.00899	0.05153	0.01165	0.01309	0.00749	0.00857	0.00669	0.00460	0.00357	0.00115	0.00603	0.00291	0.00240	0.00659
5	0.01064	0.00912	0.01064	0.00760	0.01216	0.00684	0.00608	0.01292	0.01064	0.01672	0.00912	0.01064	0.00760	0.00380	0.00380	0.00076	0.00380	0.00304	0.00304	0.85104
6	0.01408	0.01058	0.03371	0.05913	0.21119	0.04085	0.02545	0.03349	0.13866	0.19013	0.05015	0.05953	0.01389	0.00924	0.07284	0.00218	0.00589	0.00570	0.01600	0.00731
7	0.01161	0.01055	0.01527	0.35443	0.18781	0.04067	0.02681	0.12113	0.01306	0.01710	0.05098	0.03415	0.08195	0.00636	0.00528	0.00164	0.00595	0.00556	0.00320	0.00648
