[name]
unknown

[dist]
# distance from previous block
# <min> <max>
5	302

[block]
# block no. 0 follows, 48 sequences, length 10
# corresponding to MSA columns:
# 485-494
name=unknown_A
#
# <colnr> <probs for GDERKNQSTAVLIFYWHMCP>
#	G	D	E	R	K	N	Q	S	T	A	V	L	I	F	Y	W	H	M	C	P
0	0.22389	0.03823	0.03702	0.03587	0.11451	0.01121	0.02353	0.06187	0.15422	0.09598	0.01312	0.01366	0.02723	0.00543	0.00444	0.00148	0.00469	0.00429	0.00381	0.12551
1	0.01161	0.15438	0.05121	0.01733	0.27736	0.01182	0.06057	0.06504	0.02978	0.01668	0.06609	0.13638	0.03302	0.00701	0.00509	0.00154	0.00525	0.00627	0.00332	0.04025
2	0.00897	0.00448	0.00652	0.00652	0.00662	0.00448	0.00438	0.00713	0.00703	0.00978	0.00958	0.01590	0.00927	0.01681	0.01865	0.77820	0.00428	0.00448	0.07443	0.00245
3	0.00842	0.00679	0.00950	0.00894	0.00960	0.00817	0.00693	0.00969	0.00820	0.01188	0.01279	0.02139	0.01278	0.15847	0.41353	0.03418	0.18810	0.03456	0.00277	0.03332
4	0.01445	0.17361	0.11208	0.01241	0.06482	0.11427	0.02768	0.12937	0.05935	0.07976	0.03792	0.01487	0.01078	0.00870	0.07286	0.00207	0.02513	0.02938	0.00348	0.00700
5	0.01103	0.11552	0.10861	0.07822	0.01519	0.02884	0.06216	0.01466	0.08088	0.08325	0.07721	0.13979	0.07403	0.00991	0.04904	0.00203	0.02132	0.01837	0.00379	0.00614
6	0.03941	0.02824	0.24274	0.01132	0.01557	0.00998	0.06997	0.05158	0.04162	0.10664	0.06008	0.01823	0.05184	0.04248	0.05696	0.00215	0.04285	0.02050	0.00353	0.08429
7	0.06047	0.07333	0.05972	0.00888	0.01127	0.02711	0.05882	0.01165	0.01010	0.04685	0.01718	0.24229	0.03400	0.08201	0.10953	0.00274	0.00575	0.00753	0.03192	0.09886
8	0.06982	0.10712	0.14083	0.02899	0.08931	0.01223	0.09075	0.13129	0.05317	0.01893	0.03096	0.06899	0.01070	0.00582	0.00479	0.00147	0.00561	0.00496	0.00333	0.12091
9	0.07604	0.05836	0.05248	0.01163	0.08384	0.03250	0.04000	0.09764	0.03404	0.05487	0.03047	0.13694	0.03685	0.03072	0.08582	0.00233	0.03942	0.00620	0.00364	0.08622

[dist]
# distance from previous block
# <min> <max>
3	18

[block]
# block no. 1 follows, 48 sequences, length 29
# corresponding to MSA columns:
# 513-541
name=unknown_B
#
# <colnr> <probs for GDERKNQSTAVLIFYWHMCP>
#	G	D	E	R	K	N	Q	S	T	A	V	L	I	F	Y	W	H	M	C	P
0	0.01093	0.02767	0.12527	0.01073	0.05669	0.02613	0.00896	0.05048	0.10129	0.07018	0.18138	0.13133	0.05469	0.00869	0.00610	0.00167	0.04917	0.02152	0.00429	0.05283
1	0.06424	0.10086	0.08313	0.04083	0.10712	0.03650	0.06491	0.10444	0.06935	0.03213	0.06771	0.03922	0.02654	0.00606	0.00484	0.00147	0.00535	0.02322	0.00352	0.11857
2	0.01102	0.02640	0.09559	0.01206	0.06236	0.00921	0.09753	0.12499	0.01335	0.03328	0.08093	0.15214	0.05950	0.00864	0.00559	0.00167	0.00502	0.09135	0.00400	0.10536
3	0.01397	0.09637	0.03106	0.01210	0.08092	0.10785	0.00910	0.20836	0.01391	0.01823	0.01051	0.01408	0.00909	0.04204	0.05252	0.06767	0.06588	0.02529	0.00329	0.11776
4	0.03222	0.06188	0.15980	0.12542	0.11023	0.01150	0.10654	0.04739	0.04302	0.03606	0.01168	0.03700	0.02565	0.02611	0.00586	0.00162	0.03367	0.00482	0.00294	0.11660
5	0.11501	0.08505	0.11693	0.03699	0.01491	0.10817	0.03136	0.10646	0.01259	0.08112	0.02557	0.01448	0.02568	0.04653	0.03724	0.00193	0.05228	0.01500	0.00336	0.06935
6	0.03139	0.07788	0.12909	0.03761	0.04321	0.00944	0.02505	0.04279	0.04644	0.10067	0.14973	0.10707	0.05576	0.02481	0.04290	0.00201	0.03266	0.00671	0.02857	0.00621
7	0.00767	0.00584	0.00801	0.03051	0.00946	0.00545	0.04671	0.00975	0.02576	0.03724	0.34034	0.19607	0.19437	0.05077	0.00706	0.00191	0.00325	0.01012	0.00491	0.00481
8	0.03324	0.10581	0.17238	0.01187	0.03011	0.11125	0.05576	0.13168	0.04006	0.12076	0.01411	0.07323	0.03292	0.02302	0.00536	0.00162	0.00604	0.00521	0.01851	0.00705
9	0.01391	0.01496	0.13603	0.09929	0.16411	0.08405	0.11848	0.11980	0.01349	0.08172	0.02754	0.04072	0.00968	0.00581	0.00583	0.00163	0.04740	0.00504	0.00327	0.00723
10	0.00745	0.00587	0.00844	0.01064	0.12351	0.00573	0.00646	0.00888	0.01029	0.01397	0.08074	0.45357	0.08258	0.05163	0.10264	0.00281	0.00476	0.01103	0.00418	0.00482
11	0.01028	0.01073	0.07830	0.16765	0.33637	0.01019	0.01262	0.01302	0.01046	0.01462	0.01268	0.11180	0.01217	0.04873	0.07998	0.00246	0.03791	0.02082	0.00281	0.00642
12	0.03518	0.08400	0.23657	0.01401	0.06966	0.11456	0.08941	0.05353	0.06397	0.13622	0.04523	0.01362	0.01023	0.00548	0.00493	0.00154	0.00650	0.00452	0.00346	0.00735
13	0.00828	0.00905	0.10062	0.09922	0.04187	0.00789	0.05026	0.01064	0.01011	0.01397	0.05634	0.26727	0.04486	0.01597	0.16037	0.00313	0.05744	0.03398	0.00348	0.00525
14	0.19286	0.00863	0.01039	0.00826	0.01182	0.00812	0.00679	0.02183	0.01312	0.56595	0.01725	0.01574	0.01127	0.00599	0.00461	0.00155	0.00411	0.00464	0.07934	0.00773
15	0.07660	0.10081	0.17082	0.03463	0.20781	0.01243	0.13051	0.04257	0.05572	0.01739	0.05479	0.03570	0.02683	0.00561	0.00498	0.00158	0.00608	0.00505	0.00301	0.00707
16	0.01328	0.06069	0.03105	0.13713	0.20067	0.09851	0.06467	0.09449	0.02749	0.06144	0.05539	0.03752	0.05330	0.00657	0.00567	0.03067	0.00602	0.00533	0.00337	0.00673
17	0.00818	0.00599	0.02689	0.00760	0.00868	0.00544	0.00557	0.03092	0.04924	0.06074	0.02713	0.58029	0.07821	0.01489	0.03826	0.00221	0.00370	0.01213	0.02903	0.00490
18	0.00707	0.00512	0.00688	0.00758	0.00812	0.00519	0.00551	0.00820	0.00969	0.01301	0.04109	0.42410	0.04951	0.10566	0.11623	0.02353	0.02818	0.12694	0.00419	0.00421
19	0.01346	0.14060	0.33188	0.01453	0.09866	0.01243	0.06121	0.01755	0.03553	0.15231	0.02263	0.01276	0.00882	0.00553	0.00551	0.01781	0.03392	0.00428	0.00313	0.00746
20	0.01539	0.03158	0.08111	0.05756	0.04116	0.10555	0.19644	0.07778	0.05401	0.17838	0.02757	0.01429	0.00988	0.00569	0.00590	0.00162	0.05373	0.00497	0.03018	0.00722
21	0.01078	0.28936	0.38323	0.01123	0.01643	0.01348	0.01290	0.01441	0.01035	0.01408	0.01127	0.04135	0.03511	0.02433	0.08894	0.00223	0.00715	0.00432	0.00244	0.00661
22	0.01485	0.01032	0.01113	0.02225	0.05444	0.09455	0.00763	0.11414	0.07808	0.19938	0.13505	0.04629	0.05392	0.00746	0.00518	0.00154	0.00456	0.02385	0.07848	0.03688
23	0.01386	0.02568	0.15187	0.10904	0.09704	0.07253	0.08421	0.04144	0.06217	0.15632	0.01406	0.04628	0.03158	0.01705	0.00569	0.00165	0.02364	0.00519	0.00357	0.03716
24	0.01084	0.08724	0.04806	0.04415	0.04596	0.03141	0.03374	0.01428	0.10612	0.09910	0.06899	0.33073	0.03826	0.01015	0.00560	0.00176	0.00435	0.00894	0.00434	0.00597
25	0.00818	0.00634	0.00935	0.03474	0.01036	0.00704	0.04751	0.03636	0.00892	0.01247	0.01420	0.04280	0.01410	0.23088	0.47047	0.00633	0.02630	0.00617	0.00294	0.00453
26	0.03006	0.08344	0.07646	0.09114	0.12852	0.10746	0.06074	0.09501	0.02759	0.10634	0.01243	0.03699	0.02810	0.00720	0.02287	0.04791	0.02278	0.00481	0.00335	0.00680
27	0.01460	0.04087	0.08793	0.06199	0.12615	0.04351	0.07574	0.16529	0.09921	0.12462	0.01611	0.04848	0.05941	0.00645	0.00523	0.00161	0.00571	0.00554	0.00404	0.00749
28	0.01273	0.01098	0.05337	0.09100	0.23064	0.01068	0.01104	0.19113	0.01451	0.05255	0.06938	0.07407	0.04131	0.00841	0.03149	0.00188	0.00558	0.06301	0.00390	0.02236

[dist]
# distance from previous block
# <min> <max>
0	17

[block]
# block no. 2 follows, 48 sequences, length 13
# corresponding to MSA columns:
# 559-569,571,572
name=unknown_C
#
# <colnr> <probs for GDERKNQSTAVLIFYWHMCP>
#	G	D	E	R	K	N	Q	S	T	A	V	L	I	F	Y	W	H	M	C	P
0	0.08649	0.04679	0.01668	0.07866	0.17031	0.10634	0.07267	0.13608	0.07244	0.11800	0.01168	0.01290	0.00874	0.00550	0.00532	0.00157	0.03429	0.00449	0.00366	0.00738
1	0.19084	0.10008	0.04113	0.03233	0.01447	0.04722	0.02007	0.25397	0.04950	0.04816	0.01086	0.01287	0.00859	0.00593	0.00535	0.00155	0.06376	0.03099	0.00378	0.05854
2	0.20114	0.01193	0.01307	0.03299	0.05432	0.01300	0.00877	0.35968	0.08407	0.15177	0.01301	0.01294	0.00921	0.00585	0.00472	0.00158	0.00499	0.00441	0.00470	0.00787
3	0.01477	0.41066	0.11757	0.01185	0.03496	0.08420	0.05646	0.16608	0.02934	0.01722	0.00902	0.01012	0.00730	0.00493	0.00422	0.00133	0.00628	0.00360	0.00291	0.00717
4	0.01287	0.00912	0.01257	0.01215	0.09319	0.00960	0.04762	0.10635	0.05656	0.14740	0.05552	0.08135	0.09579	0.05180	0.04061	0.00222	0.10010	0.05436	0.00433	0.00649
5	0.01391	0.03373	0.01866	0.12988	0.33242	0.02683	0.10920	0.04061	0.04476	0.13789	0.05182	0.01512	0.01096	0.00536	0.00522	0.00158	0.00601	0.00507	0.00345	0.00750
6	0.00811	0.00482	0.00649	0.00676	0.00695	0.00479	0.00458	0.00752	0.00793	0.01052	0.01555	0.10290	0.01720	0.27149	0.01892	0.38583	0.00452	0.10899	0.00309	0.00303
7	0.00685	0.00502	0.00659	0.00748	0.00828	0.00477	0.00562	0.00831	0.01082	0.01421	0.07791	0.43892	0.13331	0.01566	0.03623	0.00231	0.00375	0.20483	0.00473	0.00439
8	0.01306	0.01244	0.07278	0.06016	0.20398	0.02748	0.08841	0.18409	0.03847	0.04230	0.04604	0.06816	0.05216	0.00773	0.03043	0.00185	0.03373	0.00590	0.00367	0.00716
9	0.01373	0.01095	0.01324	0.03925	0.05464	0.01201	0.04846	0.14328	0.41830	0.07183	0.02041	0.02069	0.06966	0.00716	0.00536	0.00171	0.00469	0.03205	0.00485	0.00772
10	0.01046	0.00695	0.00797	0.00717	0.00933	0.00661	0.00554	0.06790	0.09310	0.13047	0.18968	0.08290	0.34067	0.01058	0.00580	0.00170	0.00322	0.00894	0.00525	0.00578
11	0.00945	0.00632	0.00955	0.00902	0.01062	0.00587	0.07871	0.01131	0.01176	0.11360	0.12599	0.34727	0.07309	0.01245	0.00634	0.00196	0.00393	0.15269	0.00487	0.00521
12	0.01549	0.01311	0.03637	0.08401	0.19905	0.03010	0.05325	0.29980	0.10880	0.06042	0.01237	0.01354	0.00923	0.00576	0.00559	0.00161	0.03477	0.00480	0.00398	0.00796

[dist]
# distance from previous block
# <min> <max>
0	3

[block]
# block no. 3 follows, 48 sequences, length 28
# corresponding to MSA columns:
# 576-603
name=unknown_D
#
# <colnr> <probs for GDERKNQSTAVLIFYWHMCP>
#	G	D	E	R	K	N	Q	S	T	A	V	L	I	F	Y	W	H	M	C	P
0	0.03835	0.03459	0.01650	0.08973	0.15285	0.01397	0.03621	0.40954	0.05813	0.08080	0.01223	0.01308	0.00892	0.00570	0.00506	0.00156	0.00571	0.00466	0.00429	0.00811
1	0.85592	0.00992	0.00754	0.00675	0.00992	0.01151	0.00556	0.01508	0.00873	0.02302	0.00714	0.00834	0.00556	0.00476	0.00318	0.00159	0.00397	0.00278	0.00318	0.00556
2	0.01295	0.01077	0.01147	0.01028	0.01316	0.01234	0.00800	0.02666	0.72877	0.04816	0.04398	0.01967	0.01655	0.00705	0.00524	0.00173	0.00402	0.00588	0.00527	0.00804
3	0.01219	0.00712	0.00900	0.00842	0.01024	0.00705	0.00640	0.06550	0.07240	0.21218	0.04458	0.37357	0.06877	0.01155	0.00639	0.00188	0.03636	0.03522	0.00515	0.00605
4	0.05709	0.02516	0.03721	0.06557	0.07233	0.08148	0.04068	0.24505	0.14137	0.16112	0.01387	0.01398	0.00994	0.00586	0.00501	0.00158	0.00568	0.00471	0.00445	0.00785
5	0.01372	0.82276	0.02689	0.00878	0.01317	0.02030	0.00878	0.01536	0.01043	0.01207	0.00713	0.00823	0.00658	0.00439	0.00329	0.00110	0.00549	0.00274	0.00219	0.00658
6	0.01183	0.01131	0.01926	0.25504	0.57090	0.01196	0.01532	0.01499	0.01127	0.01571	0.00950	0.01298	0.00776	0.00473	0.00509	0.00158	0.00631	0.00457	0.00246	0.00743
7	0.00876	0.00581	0.00741	0.04161	0.00965	0.00537	0.00576	0.01072	0.01275	0.09896	0.27853	0.09717	0.26381	0.01153	0.00611	0.00180	0.00326	0.12082	0.00511	0.00507
8	0.01970	0.01319	0.01368	0.01091	0.01466	0.09621	0.00884	0.35220	0.12046	0.27262	0.01554	0.01455	0.01070	0.00623	0.00510	0.00156	0.00541	0.00481	0.00527	0.00835
9	0.02286	0.00899	0.01206	0.00925	0.01322	0.00792	0.00764	0.05846	0.01511	0.75717	0.01989	0.01723	0.01252	0.00634	0.00516	0.00159	0.00442	0.00514	0.00630	0.00873
10	0.09862	0.00657	0.00765	0.00807	0.00907	0.02998	0.00614	0.01024	0.01019	0.04040	0.03380	0.32705	0.02499	0.11028	0.02148	0.00251	0.04322	0.20090	0.00424	0.00462
11	0.01340	0.01083	0.03318	0.01095	0.01424	0.01112	0.08950	0.08122	0.40878	0.11232	0.05319	0.02180	0.10166	0.00731	0.00542	0.00170	0.00457	0.00631	0.00495	0.00754
12	0.00656	0.00470	0.00603	0.00674	0.00739	0.00434	0.00466	0.00786	0.01099	0.01493	0.18593	0.55794	0.10357	0.01428	0.00629	0.00192	0.00281	0.01280	0.03591	0.00434
13	0.00843	0.00672	0.03595	0.00884	0.01025	0.00590	0.06213	0.04031	0.01126	0.05571	0.05401	0.53690	0.05960	0.01343	0.00633	0.00198	0.00383	0.06879	0.00464	0.00499
14	0.00724	0.00563	0.00664	0.00640	0.00790	0.00521	0.00487	0.01003	0.06222	0.01804	0.44483	0.04185	0.30539	0.01131	0.00605	0.00170	0.00269	0.04189	0.00527	0.00487
15	0.09587	0.01343	0.05298	0.05029	0.02342	0.01292	0.52359	0.04030	0.06722	0.01763	0.01063	0.01340	0.00803	0.00487	0.00607	0.00173	0.04244	0.00546	0.00288	0.00685
16	0.04225	0.29560	0.26817	0.06310	0.05135	0.01534	0.01266	0.11379	0.06183	0.01728	0.00959	0.01084	0.00747	0.00501	0.00435	0.00144	0.00615	0.00372	0.00281	0.00725
17	0.01874	0.05603	0.01475	0.01157	0.01482	0.27367	0.00928	0.26940	0.04087	0.15168	0.01197	0.01228	0.00879	0.00602	0.00559	0.00150	0.05791	0.00422	0.02353	0.00739
18	0.01165	0.00914	0.01077	0.00780	0.01227	0.00706	0.00625	0.01426	0.03297	0.07652	0.01031	0.01141	0.00822	0.00409	0.00395	0.00085	0.00385	0.00328	0.00336	0.76198
19	0.00721	0.00557	0.00721	0.00801	0.05687	0.00518	0.00532	0.00918	0.02650	0.01665	0.34683	0.24476	0.18906	0.03974	0.00680	0.00187	0.00295	0.01057	0.00494	0.00477
20	0.07350	0.00989	0.01321	0.01132	0.01225	0.01280	0.00936	0.01405	0.00913	0.11954	0.00989	0.01308	0.00838	0.00971	0.05717	0.00235	0.52526	0.00454	0.07866	0.00590
21	0.01766	0.01780	0.01420	0.01269	0.03927	0.37339	0.00960	0.18053	0.17442	0.06358	0.01226	0.01260	0.00934	0.00598	0.00532	0.00151	0.03446	0.00429	0.00390	0.00720
22	0.00748	0.00582	0.00749	0.03252	0.00953	0.00559	0.01702	0.00979	0.06679	0.01436	0.04720	0.43819	0.11992	0.05294	0.00717	0.00207	0.00354	0.08847	0.00451	0.05961
23	0.03777	0.01470	0.14933	0.12779	0.20480	0.08066	0.06112	0.06119	0.01206	0.04079	0.03367	0.04078	0.00961	0.00581	0.00600	0.00162	0.07075	0.00482	0.00291	0.03382
24	0.01541	0.01057	0.04399	0.06062	0.01443	0.01082	0.00880	0.21182	0.05585	0.21258	0.01477	0.04166	0.01171	0.08384	0.07852	0.00256	0.09077	0.00539	0.00439	0.02148
25	0.00657	0.00478	0.00603	0.00669	0.00731	0.00443	0.00459	0.00772	0.01066	0.01419	0.15723	0.49081	0.12850	0.09634	0.00841	0.00226	0.00308	0.03145	0.00474	0.00421
26	0.01348	0.34233	0.26092	0.03132	0.01667	0.03977	0.01195	0.07153	0.06169	0.06553	0.03321	0.01170	0.00895	0.00519	0.00433	0.00140	0.00605	0.00382	0.00298	0.00719
27	0.01638	0.03785	0.01373	0.01233	0.07872	0.12054	0.02206	0.13424	0.21117	0.18880	0.03384	0.03184	0.01329	0.02994	0.00576	0.00170	0.00537	0.03020	0.00466	0.00757

[dist]
# distance from previous block
# <min> <max>
0	2

[block]
# block no. 4 follows, 48 sequences, length 7
# corresponding to MSA columns:
# 613-619
name=unknown_E
#
# <colnr> <probs for GDERKNQSTAVLIFYWHMCP>
#	G	D	E	R	K	N	Q	S	T	A	V	L	I	F	Y	W	H	M	C	P
0	0.00631	0.00455	0.00588	0.00691	0.00729	0.00423	0.00460	0.00718	0.00983	0.01297	0.02936	0.71211	0.08988	0.06328	0.00767	0.00223	0.00307	0.01388	0.00467	0.00412
1	0.00748	0.00594	0.00755	0.04392	0.00952	0.00601	0.00582	0.02973	0.01190	0.01581	0.22476	0.24987	0.23322	0.01241	0.00700	0.00187	0.06414	0.05365	0.00469	0.00472
2	0.30623	0.03788	0.01204	0.00968	0.01311	0.16259	0.00782	0.16720	0.05510	0.16524	0.01148	0.01156	0.00828	0.00554	0.00432	0.00152	0.00543	0.00384	0.00413	0.00701
3	0.00863	0.00684	0.00931	0.00951	0.01080	0.02874	0.05204	0.03183	0.03297	0.01493	0.02400	0.24395	0.02625	0.05578	0.05300	0.00265	0.00517	0.37436	0.00438	0.00486
4	0.04177	0.00735	0.00889	0.00762	0.00997	0.00712	0.00604	0.08654	0.04232	0.22662	0.30254	0.02650	0.04505	0.00814	0.00526	0.00156	0.00341	0.02525	0.13169	0.00636
5	0.09149	0.04034	0.01673	0.17333	0.34647	0.04336	0.01243	0.05096	0.07866	0.08101	0.01113	0.01313	0.00858	0.00514	0.00485	0.00157	0.00581	0.00445	0.00320	0.00735
6	0.04087	0.01109	0.01717	0.02381	0.53038	0.01119	0.01268	0.07205	0.04292	0.03639	0.04358	0.01587	0.04969	0.00609	0.00578	0.04052	0.00542	0.00505	0.00319	0.02627

[dist]
# distance from previous block
# <min> <max>
1	10

[block]
# block no. 5 follows, 48 sequences, length 16
# corresponding to MSA columns:
# 630-634,636-646
name=unknown_F
#
# <colnr> <probs for GDERKNQSTAVLIFYWHMCP>
#	G	D	E	R	K	N	Q	S	T	A	V	L	I	F	Y	W	H	M	C	P
0	0.01211	0.01175	0.01640	0.39526	0.23388	0.09156	0.01341	0.01597	0.07282	0.03395	0.01025	0.01338	0.00801	0.00535	0.00563	0.00165	0.04469	0.00455	0.00272	0.00665
1	0.07549	0.04461	0.07320	0.34804	0.11664	0.07564	0.05758	0.03530	0.03030	0.05048	0.00973	0.01257	0.00743	0.00523	0.00535	0.00163	0.03718	0.00434	0.00274	0.00652
2	0.04609	0.06522	0.25714	0.01457	0.01949	0.01188	0.24171	0.03342	0.01143	0.09387	0.01123	0.01444	0.00876	0.03900	0.03751	0.00204	0.04847	0.02017	0.00296	0.02061
3	0.04948	0.00940	0.01098	0.04014	0.01283	0.05436	0.00727	0.08602	0.01437	0.45460	0.06386	0.01815	0.01396	0.03885	0.00576	0.00167	0.00453	0.00519	0.10116	0.00742
4	0.00915	0.00744	0.00780	0.00784	0.00898	0.07391	0.00562	0.04058	0.06968	0.03329	0.16387	0.34304	0.05663	0.11154	0.00851	0.00223	0.00392	0.03642	0.00462	0.00492
5	0.03413	0.14150	0.05010	0.06929	0.04586	0.01107	0.06298	0.04921	0.10660	0.08257	0.04044	0.05993	0.04609	0.00820	0.00540	0.00174	0.00515	0.16932	0.00399	0.00644
6	0.17529	0.00824	0.00936	0.00788	0.01070	0.00817	0.00631	0.07041	0.05587	0.27319	0.22742	0.02384	0.08692	0.00776	0.00510	0.00161	0.00369	0.00630	0.00527	0.00666
7	0.00679	0.00515	0.00618	0.00672	0.00766	0.00481	0.00481	0.00849	0.04061	0.01412	0.08844	0.38106	0.25131	0.07811	0.00792	0.00219	0.00317	0.07338	0.00471	0.00438
8	0.11611	0.22422	0.12966	0.10613	0.09694	0.03112	0.01083	0.01649	0.02888	0.10824	0.02920	0.01200	0.00867	0.00504	0.00431	0.00142	0.00557	0.00386	0.00307	0.05826
9	0.01700	0.00911	0.01113	0.00913	0.01225	0.00902	0.00734	0.12540	0.13369	0.37459	0.09921	0.05691	0.07827	0.00785	0.00565	0.00166	0.02208	0.00645	0.00565	0.00762
10	0.00703	0.00475	0.00615	0.00701	0.00754	0.00441	0.00475	0.00795	0.00999	0.04312	0.02861	0.65167	0.08439	0.08124	0.00807	0.00228	0.00320	0.02885	0.00469	0.00428
11	0.01293	0.01195	0.06436	0.08752	0.41708	0.01137	0.02685	0.04725	0.10420	0.07855	0.07527	0.01591	0.01249	0.00560	0.00519	0.00159	0.00560	0.00513	0.00347	0.00767
12	0.01234	0.49569	0.28824	0.04212	0.01751	0.01688	0.03461	0.01561	0.01061	0.01367	0.00801	0.00949	0.00660	0.00458	0.00398	0.00132	0.00635	0.00327	0.00220	0.00690
13	0.00670	0.00461	0.00617	0.00708	0.00749	0.00433	0.00486	0.00741	0.00992	0.01322	0.07302	0.61425	0.06175	0.01572	0.00804	0.09735	0.00317	0.04636	0.00453	0.00402
14	0.00723	0.00480	0.00600	0.00650	0.00668	0.00469	0.00415	0.00747	0.00850	0.01130	0.02044	0.31283	0.02380	0.40221	0.01734	0.08891	0.00419	0.05575	0.00371	0.00350
15	0.10388	0.00643	0.00835	0.03482	0.01023	0.00617	0.05205	0.01062	0.01119	0.08083	0.10556	0.31680	0.21054	0.01158	0.00581	0.00182	0.00354	0.01015	0.00459	0.00504

[dist]
# distance from previous block
# <min> <max>
5	12

[block]
# block no. 6 follows, 48 sequences, length 11
# corresponding to MSA columns:
# 659-665,668-671
name=unknown_G
#
# <colnr> <probs for GDERKNQSTAVLIFYWHMCP>
#	G	D	E	R	K	N	Q	S	T	A	V	L	I	F	Y	W	H	M	C	P
0	0.03803	0.00904	0.01493	0.67166	0.05490	0.01096	0.03399	0.01290	0.01008	0.01340	0.00966	0.01505	0.00780	0.06951	0.00675	0.00196	0.00662	0.00477	0.00239	0.00560
1	0.01208	0.01159	0.01959	0.17029	0.61291	0.01223	0.01525	0.01510	0.01123	0.01588	0.00941	0.01280	0.00783	0.00490	0.00569	0.00159	0.04704	0.00457	0.00248	0.00756
2	0.00625	0.00447	0.00595	0.00714	0.00744	0.00417	0.00476	0.00714	0.00982	0.01310	0.02828	0.81633	0.03394	0.01608	0.00655	0.00208	0.00298	0.01459	0.00476	0.00417
3	0.00966	0.00872	0.01381	0.35530	0.19939	0.00975	0.01151	0.01258	0.03965	0.01412	0.01613	0.13280	0.07647	0.02803	0.00662	0.02566	0.02429	0.00664	0.00303	0.00585
4	0.01326	0.00962	0.01210	0.01203	0.11269	0.00991	0.00830	0.12194	0.18694	0.11632	0.03175	0.03406	0.03472	0.04709	0.12484	0.00267	0.00595	0.00549	0.00427	0.10603
5	0.00722	0.00495	0.00580	0.00604	0.00627	0.00485	0.00372	0.00763	0.00851	0.01130	0.04915	0.16654	0.05868	0.58163	0.02031	0.00410	0.00442	0.04178	0.00363	0.00348
6	0.02890	0.07383	0.07593	0.04000	0.07346	0.06067	0.00990	0.13830	0.03889	0.11391	0.02792	0.05997	0.03785	0.03034	0.00731	0.00172	0.12463	0.00525	0.00373	0.04749
7	0.01301	0.09502	0.10656	0.03076	0.06786	0.05222	0.30574	0.05142	0.07301	0.05349	0.01226	0.01557	0.00969	0.00542	0.00528	0.00161	0.00685	0.04122	0.04601	0.00701
8	0.01116	0.01187	0.02315	0.28756	0.02782	0.01283	0.40500	0.01473	0.01088	0.01473	0.00944	0.01342	0.00732	0.00526	0.00727	0.00180	0.12171	0.00533	0.00244	0.00632
9	0.09281	0.04268	0.01151	0.03042	0.01296	0.03915	0.00671	0.04282	0.01126	0.04744	0.00936	0.01068	0.00754	0.00420	0.00389	0.00096	0.00427	0.00320	0.00319	0.61494
10	0.16754	0.00674	0.00772	0.00733	0.00893	0.00683	0.02111	0.02889	0.03408	0.10284	0.05939	0.28311	0.04835	0.14687	0.00881	0.00232	0.00380	0.00862	0.04160	0.00511

[dist]
# distance from previous block
# <min> <max>
1	23

[block]
# block no. 7 follows, 48 sequences, length 21
# corresponding to MSA columns:
# 707-719,721-728
name=unknown_H
#
# <colnr> <probs for GDERKNQSTAVLIFYWHMCP>
#	G	D	E	R	K	N	Q	S	T	A	V	L	I	F	Y	W	H	M	C	P
0	0.13501	0.08617	0.07053	0.12158	0.11407	0.06713	0.04250	0.04227	0.08493	0.05846	0.03899	0.03849	0.01124	0.00603	0.00479	0.00158	0.00563	0.03654	0.00338	0.03069
1	0.07084	0.13627	0.09640	0.03078	0.16303	0.04295	0.07241	0.02852	0.03835	0.07766	0.02556	0.03985	0.01177	0.04707	0.00597	0.00173	0.00575	0.06712	0.00328	0.03468
2	0.01229	0.11821	0.04507	0.01000	0.01288	0.05027	0.06637	0.14656	0.06942	0.05848	0.05438	0.17848	0.09675	0.03722	0.00612	0.00177	0.00491	0.02034	0.00421	0.00627
3	0.10275	0.05404	0.01520	0.23608	0.08247	0.04546	0.07379	0.06182	0.14112	0.03091	0.01255	0.03504	0.01016	0.00674	0.02585	0.00181	0.00597	0.02374	0.02794	0.00656
4	0.01217	0.25129	0.03783	0.14830	0.25125	0.05424	0.01179	0.01466	0.01077	0.01403	0.00899	0.01183	0.00770	0.00767	0.07431	0.00198	0.02263	0.00394	0.00243	0.05218
5	0.01306	0.01136	0.05393	0.28476	0.21419	0.01147	0.03770	0.13553	0.01346	0.08855	0.02847	0.03013	0.04299	0.00587	0.00522	0.00163	0.00599	0.00519	0.00340	0.00709
6	0.00924	0.00831	0.01227	0.13529	0.05384	0.00973	0.04932	0.01155	0.04268	0.01405	0.04573	0.16887	0.11582	0.01042	0.02418	0.02438	0.21919	0.00755	0.03224	0.00533
7	0.00648	0.00466	0.00633	0.00734	0.00777	0.00451	0.00509	0.00758	0.00986	0.01327	0.04788	0.67569	0.03183	0.01831	0.09407	0.00276	0.00422	0.04352	0.00456	0.00425
8	0.01088	0.00646	0.00775	0.00725	0.00919	0.00592	0.00555	0.06465	0.01267	0.18143	0.04681	0.21878	0.30454	0.04006	0.00668	0.00192	0.00349	0.05535	0.00508	0.00553
9	0.02811	0.00621	0.00783	0.00786	0.00881	0.00655	0.00589	0.04618	0.01090	0.02876	0.09194	0.31137	0.11979	0.08138	0.07018	0.00271	0.08142	0.07509	0.00431	0.00472
10	0.00877	0.00453	0.00672	0.00672	0.00677	0.00458	0.00450	0.00685	0.00680	0.00912	0.00948	0.01661	0.00954	0.05312	0.06217	0.76940	0.00498	0.00464	0.00229	0.00239
11	0.01221	0.00730	0.01038	0.00993	0.04956	0.00783	0.00740	0.01394	0.01044	0.22327	0.03422	0.04758	0.05070	0.05439	0.33795	0.00460	0.10252	0.00597	0.00390	0.00592
12	0.00760	0.00500	0.00612	0.00612	0.00626	0.00514	0.00376	0.00764	0.00750	0.01014	0.01502	0.02960	0.01672	0.61425	0.14359	0.09627	0.00626	0.00684	0.00296	0.00324
13	0.01029	0.02654	0.79309	0.01462	0.02221	0.01192	0.01896	0.01625	0.01083	0.01625	0.00921	0.01083	0.00650	0.00487	0.00487	0.00162	0.00758	0.00379	0.00217	0.00758
14	0.01398	0.44650	0.07649	0.01087	0.01437	0.08630	0.01021	0.08827	0.01159	0.01443	0.00777	0.00953	0.00682	0.00565	0.00657	0.00144	0.17665	0.00342	0.00253	0.00660
15	0.01039	0.05136	0.09182	0.01277	0.03759	0.00957	0.22559	0.02931	0.01023	0.01444	0.01261	0.02943	0.03628	0.05163	0.06605	0.16593	0.04080	0.00541	0.09342	0.00536
16	0.00631	0.00451	0.00600	0.00711	0.00745	0.00420	0.00477	0.00728	0.01007	0.01350	0.06849	0.77498	0.03471	0.01578	0.00652	0.00206	0.00295	0.01430	0.00481	0.00420
17	0.01247	0.01198	0.02032	0.07335	0.71482	0.01229	0.01548	0.01546	0.01145	0.01638	0.00950	0.01269	0.00800	0.00478	0.00556	0.00156	0.03890	0.00457	0.00251	0.00789
18	0.04176	0.08931	0.14153	0.01615	0.15991	0.03289	0.12087	0.04663	0.07512	0.08377	0.01345	0.07704	0.02619	0.00630	0.00568	0.00164	0.04582	0.00546	0.00334	0.00714
19	0.01063	0.00886	0.01464	0.09873	0.08960	0.00907	0.15884	0.03721	0.04394	0.06307	0.07529	0.17776	0.05291	0.04117	0.00793	0.04842	0.04470	0.00769	0.00372	0.00583
20	0.00731	0.00542	0.00779	0.00775	0.00862	0.00608	0.00588	0.00900	0.00881	0.01254	0.08492	0.02379	0.03358	0.11366	0.63238	0.00717	0.01159	0.00615	0.00309	0.00445

[dist]
# distance from previous block
# <min> <max>
0	2

[block]
# block no. 8 follows, 48 sequences, length 8
# corresponding to MSA columns:
# 731-738
name=unknown_I
#
# <colnr> <probs for GDERKNQSTAVLIFYWHMCP>
#	G	D	E	R	K	N	Q	S	T	A	V	L	I	F	Y	W	H	M	C	P
0	0.05649	0.01123	0.16899	0.01031	0.04212	0.00843	0.04000	0.01352	0.01000	0.13006	0.01454	0.07286	0.01362	0.27217	0.01272	0.00276	0.06277	0.00608	0.04566	0.00567
1	0.01294	0.07576	0.20600	0.16725	0.13910	0.03479	0.08532	0.12200	0.01289	0.04071	0.00983	0.01213	0.00745	0.00523	0.00558	0.00161	0.04697	0.00437	0.00285	0.00722
2	0.00718	0.00504	0.00606	0.00628	0.00671	0.00497	0.00411	0.00787	0.00894	0.01187	0.06424	0.14653	0.09852	0.46670	0.08305	0.00417	0.00503	0.05532	0.00372	0.00370
3	0.00662	0.00494	0.00615	0.00644	0.00742	0.00448	0.00460	0.00822	0.01214	0.01630	0.34014	0.33188	0.20560	0.01313	0.00624	0.00182	0.00267	0.01161	0.00512	0.00448
4	0.02965	0.05649	0.13673	0.04518	0.13824	0.01133	0.18376	0.02906	0.09670	0.04797	0.05762	0.06042	0.01373	0.02027	0.00576	0.00174	0.00608	0.04897	0.00341	0.00690
5	0.01551	0.01146	0.01186	0.01074	0.01305	0.10539	0.00817	0.05323	0.09077	0.16740	0.14735	0.09695	0.10929	0.01157	0.02926	0.00235	0.05473	0.04788	0.00557	0.00746
6	0.00633	0.00468	0.00592	0.00672	0.00738	0.00427	0.00462	0.00746	0.01067	0.01406	0.11575	0.59394	0.16960	0.01491	0.00641	0.00197	0.00285	0.01333	0.00486	0.00427
7	0.01171	0.08826	0.46486	0.01398	0.05733	0.03804	0.03728	0.05411	0.03702	0.04070	0.04328	0.01579	0.01061	0.00589	0.00502	0.00162	0.00669	0.05765	0.00292	0.00725

[dist]
# distance from previous block
# <min> <max>
1	1

[block]
# block no. 9 follows, 48 sequences, length 73
# corresponding to MSA columns:
# 741-755,766-771,791-828,830-843
name=unknown_J
#
# <colnr> <probs for GDERKNQSTAVLIFYWHMCP>
#	G	D	E	R	K	N	Q	S	T	A	V	L	I	F	Y	W	H	M	C	P
0	0.05662	0.00603	0.00782	0.00754	0.00894	0.00573	0.02400	0.02740	0.01088	0.11516	0.07471	0.27620	0.12799	0.03819	0.00882	0.13637	0.00373	0.05466	0.00444	0.00477
1	0.01594	0.00971	0.01111	0.00914	0.01209	0.00998	0.00730	0.33460	0.01732	0.19402	0.04401	0.13599	0.06727	0.00824	0.00527	0.00161	0.00431	0.00679	0.09809	0.00720
2	0.10257	0.01245	0.01635	0.07663	0.12476	0.07887	0.07647	0.06883	0.02384	0.02776	0.00881	0.01212	0.00751	0.02268	0.00987	0.00190	0.31497	0.00446	0.00279	0.00637
3	0.01314	0.64398	0.07288	0.06297	0.01524	0.01849	0.00973	0.01635	0.08050	0.01326	0.00865	0.00976	0.00742	0.00470	0.00369	0.00123	0.00558	0.00321	0.00247	0.00673
4	0.08934	0.01334	0.13352	0.01035	0.01421	0.07082	0.02211	0.06232	0.16938	0.04204	0.02656	0.01909	0.01259	0.00652	0.00488	0.00153	0.00517	0.10075	0.01467	0.18080
5	0.00701	0.00577	0.00820	0.00775	0.00919	0.00523	0.07433	0.00873	0.01174	0.01537	0.20142	0.29984	0.27825	0.01271	0.00625	0.00184	0.00330	0.03366	0.00476	0.00464
6	0.01141	0.10097	0.37015	0.02497	0.01712	0.01107	0.02459	0.05324	0.03060	0.05570	0.09553	0.01594	0.02817	0.00582	0.00482	0.00147	0.00580	0.01936	0.00321	0.12006
7	0.01284	0.01210	0.11290	0.01207	0.08309	0.07590	0.00958	0.01566	0.04982	0.15156	0.03805	0.01867	0.04963	0.09561	0.09934	0.00275	0.11498	0.00532	0.00357	0.03656
8	0.01282	0.01051	0.01027	0.00924	0.01151	0.11412	0.00707	0.13835	0.16176	0.07909	0.14949	0.17633	0.07920	0.00936	0.00558	0.00168	0.00444	0.00788	0.00490	0.00638
9	0.06413	0.01044	0.01692	0.31691	0.40633	0.01133	0.01375	0.01416	0.01097	0.01560	0.01214	0.01526	0.05974	0.00536	0.00504	0.00161	0.00600	0.00488	0.00263	0.00681
10	0.02651	0.09693	0.09478	0.01254	0.08508	0.10505	0.02358	0.13932	0.11146	0.06556	0.01745	0.06347	0.08202	0.00726	0.00512	0.00160	0.00557	0.04579	0.00393	0.00698
11	0.01156	0.01061	0.01814	0.27391	0.32435	0.01125	0.09943	0.03527	0.02923	0.03791	0.03813	0.06481	0.01101	0.00580	0.00534	0.00165	0.00619	0.00558	0.00295	0.00689
12	0.01935	0.00965	0.01193	0.00946	0.01302	0.00933	0.00776	0.20420	0.04032	0.46051	0.07595	0.02082	0.05030	0.00723	0.00534	0.00162	0.00446	0.03485	0.00583	0.00807
13	0.00746	0.00537	0.00654	0.00701	0.00808	0.00511	0.00514	0.00977	0.06162	0.02853	0.12250	0.37994	0.18092	0.01321	0.00615	0.00190	0.00307	0.08505	0.05794	0.00471
14	0.06587	0.05969	0.02813	0.06451	0.16806	0.05789	0.01026	0.19250	0.13694	0.05464	0.06693	0.01508	0.01215	0.00601	0.00512	0.00156	0.01981	0.00484	0.02260	0.00741
15	0.01107	0.00815	0.01024	0.00907	0.01086	0.00904	0.02546	0.03647	0.20882	0.08637	0.14804	0.02358	0.04627	0.08626	0.12390	0.00297	0.09421	0.00640	0.04676	0.00606
16	0.01159	0.00640	0.00822	0.00756	0.00952	0.00590	0.00593	0.02738	0.03213	0.21653	0.27024	0.13313	0.11533	0.01052	0.00589	0.00175	0.00336	0.09125	0.03154	0.00583
17	0.01065	0.00685	0.00906	0.00835	0.00939	0.00759	0.00623	0.01241	0.05267	0.13545	0.01609	0.09609	0.01560	0.24433	0.20511	0.02898	0.11975	0.00669	0.00366	0.00506
18	0.05057	0.14948	0.28680	0.07135	0.08292	0.06494	0.01261	0.01550	0.02412	0.05064	0.04575	0.01530	0.04063	0.02474	0.03004	0.00181	0.00646	0.01678	0.00287	0.00670
19	0.00652	0.00452	0.00593	0.00704	0.00741	0.00425	0.00476	0.00755	0.00993	0.01355	0.02748	0.74594	0.03244	0.01535	0.00636	0.00203	0.00298	0.03029	0.06145	0.00422
20	0.00629	0.00451	0.00592	0.00703	0.00736	0.00420	0.00468	0.00716	0.00980	0.01301	0.02858	0.76463	0.05662	0.04471	0.00723	0.00218	0.00304	0.01422	0.00470	0.00413
21	0.03157	0.00977	0.03486	0.08473	0.19914	0.00963	0.03265	0.09950	0.04562	0.08476	0.04231	0.02240	0.10488	0.00790	0.02524	0.00179	0.00511	0.05591	0.09555	0.00669
22	0.16418	0.15594	0.09103	0.02092	0.01427	0.15441	0.00936	0.10896	0.04059	0.08425	0.01026	0.01141	0.00797	0.00727	0.04890	0.00185	0.04122	0.00378	0.01673	0.00669
23	0.01327	0.01274	0.01829	0.17093	0.44283	0.10897	0.03977	0.01611	0.01199	0.05858	0.03763	0.01365	0.00936	0.00514	0.00529	0.00156	0.01917	0.00466	0.00282	0.00724
24	0.01263	0.00946	0.01105	0.00809	0.01245	0.00772	0.00652	0.08883	0.01243	0.09787	0.01206	0.01285	0.03509	0.00461	0.00415	0.00096	0.00400	0.00368	0.00365	0.65191
25	0.01029	0.02654	0.79309	0.01462	0.02221	0.01192	0.01896	0.01625	0.01083	0.01625	0.00921	0.01083	0.00650	0.00487	0.00487	0.00162	0.00758	0.00379	0.00217	0.00758
26	0.01216	0.01504	0.12851	0.01979	0.06653	0.01277	0.52329	0.06658	0.01250	0.01724	0.01083	0.04188	0.00860	0.00512	0.00617	0.00172	0.03564	0.00583	0.00277	0.00705
27	0.01035	0.02610	0.76675	0.01487	0.02237	0.01195	0.04485	0.01626	0.01088	0.01626	0.00925	0.01094	0.00654	0.00486	0.00492	0.00163	0.00762	0.00387	0.00218	0.00756
28	0.01301	0.01256	0.04215	0.13799	0.18223	0.06444	0.22717	0.04788	0.03291	0.07472	0.02893	0.01474	0.00961	0.02290	0.03345	0.00193	0.02482	0.00516	0.01648	0.00692
29	0.01443	0.01426	0.01301	0.12400	0.10152	0.31019	0.00966	0.02688	0.01263	0.09474	0.02394	0.15062	0.01376	0.03931	0.00606	0.00173	0.00656	0.02720	0.00348	0.00602
30	0.00624	0.00451	0.00590	0.00701	0.00741	0.00418	0.00470	0.00716	0.00995	0.01315	0.02987	0.76478	0.08445	0.01587	0.00652	0.00206	0.00295	0.01433	0.00476	0.00418
31	0.00631	0.00451	0.00603	0.00722	0.00754	0.00422	0.00487	0.00725	0.00989	0.01317	0.02825	0.79289	0.03380	0.01602	0.00657	0.00209	0.00303	0.03740	0.00476	0.00418
32	0.01269	0.03394	0.05798	0.24002	0.05721	0.01206	0.01079	0.18689	0.17149	0.03269	0.10193	0.03252	0.01450	0.00652	0.00522	0.00164	0.00535	0.00548	0.00403	0.00705
33	0.01091	0.00678	0.01015	0.00931	0.01102	0.00644	0.07794	0.02910	0.01145	0.17850	0.02416	0.45307	0.04393	0.01279	0.02338	0.00208	0.02666	0.05197	0.00479	0.00558
34	0.05831	0.00496	0.00602	0.00680	0.00754	0.00469	0.00470	0.00786	0.01038	0.01439	0.08884	0.60031	0.13754	0.01452	0.00624	0.00197	0.00294	0.01293	0.00473	0.00433
35	0.00715	0.00524	0.00670	0.00634	0.00760	0.00479	0.00475	0.00947	0.01426	0.01995	0.71637	0.03936	0.11739	0.01072	0.00605	0.00162	0.00244	0.00942	0.00557	0.00479
36	0.01918	0.02414	0.01457	0.01318	0.01586	0.77488	0.00991	0.04366	0.01484	0.01317	0.00807	0.00935	0.00667	0.00531	0.00464	0.00133	0.00914	0.00335	0.00272	0.00603
37	0.01339	0.01196	0.02023	0.02999	0.73561	0.01188	0.01520	0.01637	0.01189	0.06881	0.01036	0.01302	0.00844	0.00469	0.00509	0.00153	0.00598	0.00461	0.00280	0.00817
38	0.00634	0.00461	0.00586	0.00678	0.00726	0.00426	0.00455	0.00727	0.01004	0.01321	0.05376	0.64549	0.12566	0.06953	0.00779	0.00222	0.00305	0.01348	0.00468	0.00414
39	0.85592	0.00992	0.00754	0.00675	0.00992	0.01151	0.00556	0.01508	0.00873	0.02302	0.00714	0.00834	0.00556	0.00476	0.00318	0.00159	0.00397	0.00278	0.00318	0.00556
40	0.01339	0.71721	0.02543	0.00939	0.01321	0.01971	0.00910	0.01497	0.01009	0.01211	0.00708	0.00862	0.00660	0.00499	0.00505	0.00125	0.11016	0.00297	0.00220	0.00646
41	0.01064	0.00914	0.01112	0.06877	0.04109	0.00769	0.00708	0.03688	0.04265	0.01689	0.01272	0.02927	0.05606	0.00493	0.00424	0.00101	0.00409	0.00407	0.00326	0.62840
42	0.02740	0.23636	0.11590	0.01297	0.06276	0.17448	0.08681	0.08218	0.01289	0.02676	0.01317	0.04242	0.07293	0.00596	0.00468	0.00144	0.00652	0.00473	0.00298	0.00664
43	0.03923	0.01194	0.01421	0.16824	0.17047	0.14664	0.02668	0.06002	0.01204	0.07090	0.01119	0.01449	0.00912	0.03504	0.13282	0.00269	0.00762	0.00457	0.03221	0.02989
44	0.01240	0.01159	0.01878	0.08352	0.59997	0.01178	0.01426	0.03446	0.06003	0.01713	0.01090	0.01447	0.00916	0.00506	0.00509	0.00154	0.00584	0.02799	0.00285	0.05317
45	0.03408	0.00588	0.00655	0.00627	0.00801	0.00536	0.00473	0.02671	0.03544	0.06431	0.21105	0.11644	0.43301	0.01173	0.00592	0.00172	0.00286	0.00996	0.00504	0.00495
46	0.14859	0.00927	0.01132	0.00886	0.01263	0.00877	0.00731	0.08664	0.01447	0.58590	0.01747	0.01569	0.01129	0.00608	0.00481	0.00157	0.00435	0.00474	0.03211	0.00813
47	0.01918	0.01289	0.01424	0.01113	0.01504	0.01397	0.00913	0.53167	0.12917	0.16689	0.01495	0.01421	0.01042	0.00631	0.00515	0.00158	0.00519	0.00488	0.00536	0.00864
48	0.01203	0.02359	0.01740	0.24822	0.39771	0.06543	0.01350	0.03843	0.01140	0.01520	0.00985	0.01415	0.00840	0.06027	0.01950	0.00192	0.02894	0.00466	0.00258	0.00682
49	0.01839	0.00876	0.01110	0.00892	0.01222	0.00831	0.00722	0.09119	0.09694	0.47882	0.15888	0.02101	0.01917	0.00714	0.00529	0.00159	0.00405	0.00592	0.02722	0.00786
50	0.01352	0.09002	0.01215	0.00884	0.01160	0.01097	0.00717	0.32900	0.01700	0.04745	0.13932	0.11736	0.08132	0.00841	0.00520	0.00156	0.00422	0.00691	0.08135	0.00664
51	0.06189	0.00752	0.00968	0.00906	0.00982	0.02807	0.00705	0.01035	0.00870	0.01309	0.06399	0.04000	0.01441	0.12627	0.36668	0.00518	0.20479	0.00576	0.00294	0.00475
52	0.00785	0.00611	0.00832	0.00850	0.00889	0.00702	0.00635	0.00896	0.00926	0.01321	0.02048	0.44441	0.02320	0.01625	0.09709	0.02897	0.17844	0.03257	0.06961	0.00453
53	0.00623	0.00457	0.00585	0.00688	0.00737	0.00419	0.00464	0.00717	0.01008	0.01320	0.03152	0.71149	0.13668	0.01565	0.00648	0.00204	0.00293	0.01407	0.00476	0.00419
54	0.03476	0.01320	0.14954	0.01150	0.01465	0.07799	0.09273	0.11582	0.08334	0.01761	0.01778	0.31237	0.01800	0.00939	0.00563	0.00178	0.00544	0.00829	0.00393	0.00624
55	0.06932	0.03669	0.06091	0.01861	0.16928	0.07762	0.30396	0.01734	0.09721	0.01728	0.02295	0.01384	0.00933	0.00500	0.00517	0.00159	0.00675	0.00505	0.05514	0.00698
56	0.00633	0.00462	0.00597	0.00688	0.00741	0.00425	0.00468	0.00742	0.01049	0.01392	0.10616	0.65979	0.11277	0.01520	0.00645	0.00200	0.00288	0.01367	0.00485	0.00425
57	0.00956	0.00900	0.09140	0.00966	0.01191	0.00735	0.07156	0.06286	0.06044	0.05993	0.14768	0.38780	0.02724	0.01122	0.00600	0.00184	0.00417	0.01012	0.00460	0.00568
58	0.01346	0.03701	0.03024	0.15647	0.01936	0.09256	0.14296	0.06150	0.08336	0.10872	0.02422	0.03141	0.03368	0.02470	0.03398	0.00196	0.06770	0.00535	0.02479	0.00656
59	0.01369	0.09165	0.03443	0.08371	0.26466	0.02737	0.05319	0.05709	0.09157	0.11937	0.07504	0.01635	0.02560	0.00628	0.01655	0.00165	0.00563	0.00513	0.00369	0.00738
60	0.01128	0.01139	0.01663	0.01398	0.01431	0.01554	0.05886	0.01261	0.00813	0.01261	0.00696	0.01139	0.00680	0.00869	0.01616	0.00221	0.75990	0.00459	0.00227	0.00570
61	0.01117	0.00943	0.01107	0.00853	0.03382	0.00762	0.00657	0.06363	0.02805	0.01791	0.02994	0.01239	0.02293	0.00438	0.00405	0.00089	0.00394	0.00354	0.00331	0.71683
62	0.06585	0.01481	0.01161	0.01051	0.01291	0.35258	0.00806	0.01804	0.01297	0.19849	0.01521	0.13390	0.01380	0.03323	0.00611	0.00172	0.02875	0.05130	0.00400	0.00615
63	0.00820	0.00588	0.00817	0.00932	0.01051	0.00586	0.00813	0.01053	0.01181	0.01531	0.02794	0.05761	0.05319	0.01414	0.00706	0.00234	0.00466	0.72990	0.00473	0.00471
64	0.01247	0.01134	0.01940	0.12962	0.57963	0.01155	0.05333	0.01556	0.01158	0.04409	0.01039	0.01341	0.00838	0.00477	0.00506	0.00154	0.00606	0.00468	0.04955	0.00759
65	0.14635	0.00902	0.03340	0.00853	0.01128	0.00862	0.02412	0.07465	0.03344	0.12045	0.01966	0.12549	0.11577	0.05327	0.00689	0.00180	0.05479	0.01885	0.00413	0.12948
66	0.00688	0.00538	0.00625	0.00600	0.00749	0.00483	0.00451	0.00913	0.03432	0.01760	0.43627	0.04274	0.37700	0.01151	0.00603	0.00167	0.00255	0.00988	0.00524	0.00470
67	0.00698	0.00528	0.00647	0.00629	0.00765	0.00476	0.00480	0.00907	0.01352	0.01827	0.52095	0.04286	0.26144	0.01147	0.00613	0.00170	0.00263	0.05972	0.00533	0.00469
68	0.00909	0.00609	0.00719	0.00682	0.00851	0.00580	0.00522	0.02220	0.08331	0.08063	0.28918	0.09701	0.22362	0.01058	0.00575	0.00168	0.00297	0.04351	0.08549	0.00532
69	0.06490	0.15367	0.07037	0.17136	0.11958	0.04991	0.07922	0.08386	0.03549	0.07158	0.01071	0.02377	0.00836	0.00524	0.00471	0.00152	0.00611	0.00440	0.02833	0.00692
70	0.01254	0.02251	0.59989	0.01348	0.02008	0.01152	0.01629	0.05965	0.04873	0.11755	0.01163	0.01288	0.00821	0.00538	0.00498	0.00163	0.00685	0.01536	0.00306	0.00778
71	0.00760	0.00540	0.00640	0.00607	0.00764	0.00476	0.00458	0.00948	0.01321	0.06026	0.40915	0.05737	0.36638	0.01146	0.00602	0.00167	0.00262	0.00983	0.00529	0.00482
72	0.01133	0.12811	0.57805	0.03708	0.02024	0.01277	0.01612	0.05309	0.01161	0.03542	0.02611	0.01226	0.02546	0.00522	0.00475	0.00156	0.00689	0.00402	0.00255	0.00735

[dist]
# distance from previous block
# <min> <max>
0	1

[block]
# block no. 10 follows, 48 sequences, length 9
# corresponding to MSA columns:
# 845-853
name=unknown_K
#
# <colnr> <probs for GDERKNQSTAVLIFYWHMCP>
#	G	D	E	R	K	N	Q	S	T	A	V	L	I	F	Y	W	H	M	C	P
0	0.01439	0.14546	0.10994	0.21560	0.08255	0.06914	0.05563	0.12826	0.01342	0.10238	0.01054	0.01229	0.00782	0.00519	0.00482	0.00152	0.00647	0.00425	0.00319	0.00713
1	0.00674	0.00475	0.00598	0.00657	0.00708	0.00446	0.00440	0.00783	0.01040	0.01415	0.16576	0.46917	0.07402	0.15614	0.00979	0.00246	0.00319	0.01185	0.03115	0.00413
2	0.00861	0.00532	0.00678	0.00706	0.00826	0.00479	0.00514	0.00995	0.01139	0.11600	0.10334	0.44354	0.18549	0.01355	0.00625	0.00192	0.00312	0.04956	0.00505	0.00489
3	0.00714	0.00495	0.00622	0.00666	0.00695	0.00497	0.00438	0.00780	0.00858	0.01153	0.02032	0.27053	0.02334	0.42357	0.11368	0.00432	0.00543	0.06224	0.00368	0.00372
4	0.01088	0.00970	0.01642	0.61654	0.09003	0.01158	0.05369	0.01410	0.01057	0.05672	0.00971	0.01368	0.00731	0.00533	0.00585	0.00172	0.05284	0.00467	0.00254	0.00611
5	0.01277	0.01075	0.01273	0.01062	0.07118	0.04059	0.02814	0.10394	0.03170	0.04911	0.01026	0.01150	0.00814	0.00439	0.00424	0.00102	0.00457	0.00359	0.00341	0.57738
6	0.12341	0.01712	0.01303	0.03118	0.01456	0.37714	0.00905	0.09423	0.11036	0.01706	0.01207	0.01307	0.04780	0.00630	0.00595	0.00156	0.09222	0.00423	0.00334	0.00633
7	0.04697	0.00927	0.01272	0.01047	0.01312	0.04991	0.16325	0.06669	0.05551	0.05936	0.12215	0.13391	0.21655	0.00936	0.00576	0.00172	0.00468	0.00838	0.00439	0.00581
8	0.09442	0.14508	0.01457	0.00966	0.01311	0.05140	0.00808	0.31544	0.01703	0.11696	0.12848	0.03597	0.01507	0.00662	0.00480	0.00149	0.00493	0.00510	0.00456	0.00725

[dist]
# distance from previous block
# <min> <max>
0	29

[block]
# block no. 11 follows, 48 sequences, length 19
# corresponding to MSA columns:
# 891-909
name=unknown_L
#
# <colnr> <probs for GDERKNQSTAVLIFYWHMCP>
#	G	D	E	R	K	N	Q	S	T	A	V	L	I	F	Y	W	H	M	C	P
0	0.05372	0.06021	0.12762	0.03842	0.01477	0.01055	0.05867	0.10648	0.05280	0.05240	0.02331	0.11265	0.01270	0.01760	0.03320	0.00183	0.04639	0.01599	0.05516	0.10554
