[name]
unknown

[dist]
# distance from previous block
# <min> <max>
1	192

[block]
# block no. 0 follows, 41 sequences, length 6
# corresponding to MSA columns:
# 253-258
name=unknown_A
#
# <colnr> <probs for GDERKNQSTAVLIFYWHMCP>
#	G	D	E	R	K	N	Q	S	T	A	V	L	I	F	Y	W	H	M	C	P
0	0.01316	0.14057	0.01597	0.05363	0.01447	0.01407	0.00945	0.05847	0.09610	0.05913	0.04833	0.02005	0.03582	0.11025	0.06496	0.00290	0.22641	0.00585	0.00374	0.00665
1	0.00836	0.00653	0.00913	0.00880	0.00990	0.00628	0.06516	0.01031	0.04386	0.01521	0.08710	0.32430	0.10188	0.23026	0.01312	0.00309	0.00449	0.04263	0.00471	0.00487
2	0.01382	0.01387	0.10798	0.20195	0.05586	0.01255	0.16394	0.09969	0.06861	0.07777	0.04562	0.06218	0.01337	0.02913	0.00670	0.00198	0.00700	0.00644	0.00391	0.00762
3	0.03196	0.04026	0.10057	0.09063	0.05609	0.15598	0.06677	0.06747	0.08624	0.09707	0.01291	0.01481	0.00985	0.00739	0.00746	0.06958	0.04253	0.00496	0.03008	0.00739
4	0.08856	0.01533	0.06742	0.06595	0.01685	0.16569	0.03572	0.08019	0.08699	0.04261	0.07344	0.02008	0.07434	0.04094	0.00813	0.00200	0.09893	0.00589	0.00400	0.00692
5	0.10843	0.00750	0.00823	0.00763	0.00977	0.00744	0.00585	0.03957	0.07450	0.07145	0.26959	0.09406	0.20458	0.01098	0.00607	0.00185	0.00342	0.00925	0.05378	0.00604

[dist]
# distance from previous block
# <min> <max>
0	1

[block]
# block no. 1 follows, 41 sequences, length 11
# corresponding to MSA columns:
# 260-270
name=unknown_B
#
# <colnr> <probs for GDERKNQSTAVLIFYWHMCP>
#	G	D	E	R	K	N	Q	S	T	A	V	L	I	F	Y	W	H	M	C	P
0	0.01422	0.07353	0.04903	0.01101	0.05492	0.01046	0.00878	0.07803	0.03960	0.08344	0.01232	0.03034	0.00992	0.00528	0.00470	0.00119	0.00493	0.00424	0.00388	0.50018
1	0.03291	0.08236	0.16715	0.08244	0.07753	0.07750	0.09886	0.08684	0.03266	0.05155	0.01401	0.06182	0.01217	0.00760	0.00633	0.02954	0.00715	0.06053	0.00358	0.00747
2	0.00818	0.00593	0.00771	0.00749	0.00806	0.00573	0.03873	0.00893	0.01007	0.01346	0.09026	0.19297	0.06658	0.48787	0.02036	0.00418	0.00488	0.01026	0.00417	0.00416
3	0.01104	0.00731	0.03471	0.07027	0.04566	0.00684	0.00730	0.03550	0.01022	0.05604	0.01666	0.09802	0.06603	0.01550	0.01509	0.46180	0.00504	0.00666	0.02591	0.00441
4	0.05207	0.03666	0.09858	0.12608	0.10901	0.10908	0.07169	0.20217	0.03141	0.09023	0.01233	0.01390	0.00906	0.00598	0.00556	0.00174	0.00729	0.00492	0.00396	0.00827
5	0.06106	0.01047	0.01363	0.03688	0.09238	0.01191	0.00961	0.06918	0.07567	0.14366	0.01489	0.01842	0.01211	0.08493	0.04208	0.00256	0.18688	0.00557	0.10092	0.00719
6	0.01028	0.00689	0.00865	0.00909	0.04944	0.00673	0.00600	0.01258	0.06304	0.08388	0.10946	0.13085	0.11315	0.28886	0.04070	0.00348	0.00489	0.04187	0.00476	0.00539
7	0.06137	0.08041	0.11993	0.01406	0.09408	0.04494	0.02698	0.11921	0.03630	0.13062	0.06646	0.05446	0.06800	0.00775	0.00632	0.00179	0.04891	0.00617	0.00440	0.00783
8	0.05936	0.03303	0.15377	0.01578	0.05943	0.04698	0.18483	0.01768	0.01287	0.10856	0.03701	0.06560	0.02785	0.00683	0.00658	0.00178	0.05800	0.00603	0.00367	0.09435
9	0.05625	0.07679	0.10075	0.04480	0.08014	0.04994	0.02175	0.03034	0.07087	0.01738	0.01336	0.01814	0.01161	0.04416	0.16821	0.00337	0.03280	0.03105	0.03514	0.09316
10	0.07518	0.07553	0.17505	0.02813	0.04017	0.01165	0.03316	0.07191	0.06906	0.04514	0.04933	0.06295	0.03517	0.02579	0.00698	0.04658	0.01968	0.00586	0.06975	0.05291

[dist]
# distance from previous block
# <min> <max>
43	95

[block]
# block no. 2 follows, 41 sequences, length 9
# corresponding to MSA columns:
# 406-413,415
name=unknown_C
#
# <colnr> <probs for GDERKNQSTAVLIFYWHMCP>
#	G	D	E	R	K	N	Q	S	T	A	V	L	I	F	Y	W	H	M	C	P
0	0.06112	0.00927	0.01299	0.08409	0.10043	0.00970	0.05883	0.11311	0.01309	0.01834	0.01892	0.21810	0.01997	0.18216	0.01127	0.00279	0.00562	0.04996	0.00415	0.00609
1	0.01618	0.03204	0.01495	0.01293	0.05328	0.12323	0.05899	0.20043	0.05729	0.08118	0.01526	0.04947	0.01343	0.15762	0.05276	0.03630	0.00710	0.00618	0.00430	0.00710
2	0.01546	0.08416	0.01859	0.03563	0.04633	0.01483	0.10746	0.28660	0.05920	0.02420	0.06770	0.05979	0.06443	0.00808	0.00713	0.00184	0.07951	0.00664	0.00454	0.00787
3	0.00995	0.00898	0.04845	0.01078	0.05101	0.00830	0.00808	0.01535	0.19207	0.01827	0.08399	0.27980	0.08024	0.01266	0.00706	0.02701	0.00428	0.08711	0.00506	0.04155
4	0.01312	0.01255	0.06158	0.01077	0.01530	0.05703	0.05862	0.03611	0.06331	0.04531	0.01291	0.01557	0.01052	0.00730	0.04419	0.00166	0.00586	0.02538	0.04719	0.45571
5	0.01131	0.01338	0.13443	0.09097	0.09570	0.04093	0.04953	0.01550	0.06334	0.01795	0.09269	0.11933	0.03240	0.00862	0.00637	0.00182	0.02931	0.05487	0.00389	0.11767
6	0.05923	0.07233	0.03779	0.01444	0.09380	0.10246	0.03660	0.12152	0.03645	0.10707	0.06653	0.02994	0.01326	0.00721	0.00725	0.00177	0.11700	0.00538	0.04758	0.02240
7	0.00811	0.00583	0.00724	0.00763	0.00817	0.00584	0.00529	0.00909	0.01045	0.01388	0.06411	0.21375	0.08985	0.34811	0.05235	0.00399	0.02766	0.10992	0.00439	0.00436
8	0.05910	0.01207	0.06352	0.09135	0.09665	0.01109	0.14836	0.05431	0.03854	0.05269	0.04373	0.06058	0.08588	0.00805	0.00706	0.04479	0.02691	0.00661	0.00380	0.08493

[dist]
# distance from previous block
# <min> <max>
0	3

[block]
# block no. 3 follows, 41 sequences, length 10
# corresponding to MSA columns:
# 419-428
name=unknown_D
#
# <colnr> <probs for GDERKNQSTAVLIFYWHMCP>
#	G	D	E	R	K	N	Q	S	T	A	V	L	I	F	Y	W	H	M	C	P
0	0.06200	0.01440	0.06846	0.12084	0.11524	0.06920	0.10457	0.09687	0.07732	0.01978	0.03207	0.06069	0.01263	0.00743	0.00719	0.00193	0.08690	0.03135	0.00367	0.00745
1	0.01504	0.04754	0.05084	0.07939	0.05123	0.08070	0.07566	0.14014	0.06357	0.06286	0.05936	0.01772	0.02951	0.02141	0.00810	0.07670	0.04071	0.00555	0.02145	0.05252
2	0.00903	0.00597	0.00791	0.00797	0.00891	0.00596	0.00578	0.01060	0.01157	0.05626	0.18759	0.16137	0.03034	0.21728	0.17979	0.00451	0.00660	0.07293	0.00467	0.00495
3	0.00805	0.00565	0.00765	0.00788	0.00846	0.00594	0.00551	0.00914	0.00981	0.01360	0.08211	0.18623	0.02398	0.23710	0.31153	0.05133	0.00860	0.00909	0.00387	0.00445
4	0.07526	0.01567	0.09048	0.04975	0.18724	0.09474	0.04120	0.12407	0.07868	0.05466	0.04513	0.01538	0.01140	0.00699	0.00696	0.03597	0.04951	0.00516	0.00383	0.00791
5	0.04458	0.01154	0.02984	0.24984	0.05326	0.04674	0.04259	0.13134	0.04094	0.05380	0.08587	0.01997	0.04901	0.00925	0.04082	0.03874	0.00662	0.00597	0.03235	0.00693
6	0.01426	0.01060	0.04320	0.06654	0.05730	0.01058	0.02915	0.11415	0.08641	0.14181	0.06571	0.11328	0.01818	0.05192	0.11547	0.00311	0.03897	0.00732	0.00474	0.00731
7	0.00767	0.00544	0.00656	0.00704	0.00755	0.00517	0.00461	0.00853	0.01068	0.01412	0.09318	0.30906	0.11889	0.33071	0.01597	0.00354	0.00418	0.03817	0.00465	0.00428
8	0.01411	0.01655	0.17926	0.12331	0.13333	0.04860	0.09201	0.10245	0.01420	0.04885	0.01225	0.03706	0.00968	0.00616	0.00613	0.00175	0.03927	0.00528	0.04866	0.06109
9	0.01111	0.04506	0.10622	0.04213	0.01354	0.00879	0.00900	0.04678	0.01331	0.08942	0.14412	0.20514	0.10097	0.01370	0.06184	0.00250	0.04066	0.03462	0.00476	0.00630

[dist]
# distance from previous block
# <min> <max>
10	63

[block]
# block no. 4 follows, 41 sequences, length 13
# corresponding to MSA columns:
# 525-533,538-541
name=unknown_E
#
# <colnr> <probs for GDERKNQSTAVLIFYWHMCP>
#	G	D	E	R	K	N	Q	S	T	A	V	L	I	F	Y	W	H	M	C	P
0	0.10529	0.01160	0.01481	0.09079	0.03236	0.05288	0.08207	0.04724	0.08553	0.04253	0.01646	0.09761	0.05232	0.00968	0.04132	0.00219	0.11324	0.00650	0.00386	0.09172
1	0.05615	0.08432	0.18592	0.01733	0.11426	0.04751	0.11814	0.09443	0.01382	0.04434	0.01327	0.04557	0.03072	0.00691	0.00692	0.00185	0.08448	0.02289	0.00340	0.00777
2	0.01027	0.00922	0.00909	0.00900	0.01074	0.08341	0.00661	0.01530	0.19115	0.01820	0.14194	0.27998	0.16732	0.01271	0.00655	0.00199	0.00413	0.01099	0.00535	0.00605
3	0.01446	0.01433	0.03667	0.08741	0.01598	0.21755	0.00925	0.09903	0.04705	0.04434	0.19535	0.04620	0.07703	0.00937	0.00700	0.05499	0.00618	0.00686	0.00448	0.00647
4	0.04208	0.03146	0.09510	0.14728	0.07087	0.01323	0.07534	0.14697	0.04334	0.04152	0.01420	0.03357	0.01214	0.00746	0.00681	0.00190	0.06437	0.08800	0.00385	0.06051
5	0.01413	0.07993	0.01606	0.03572	0.12469	0.03000	0.05351	0.06479	0.05312	0.12065	0.08098	0.09862	0.09354	0.00934	0.00756	0.03402	0.06429	0.00739	0.00447	0.00720
6	0.00703	0.00509	0.00653	0.00764	0.00811	0.00472	0.00510	0.00801	0.01099	0.01446	0.03328	0.67351	0.10828	0.06758	0.00864	0.00249	0.00342	0.01534	0.00519	0.00459
7	0.03597	0.01123	0.06201	0.12463	0.05542	0.01141	0.02221	0.04264	0.08578	0.11294	0.05797	0.02266	0.09419	0.04243	0.06858	0.00267	0.12962	0.00645	0.00416	0.00702
8	0.01461	0.09763	0.13726	0.11072	0.10250	0.11900	0.01267	0.10416	0.07483	0.01875	0.03565	0.01491	0.01065	0.00747	0.00701	0.08398	0.00689	0.00483	0.02917	0.00731
9	0.00940	0.00814	0.00835	0.00861	0.00997	0.08183	0.00627	0.03919	0.01320	0.01679	0.11561	0.40947	0.14496	0.01442	0.00681	0.00206	0.00416	0.06057	0.00513	0.03508
10	0.39679	0.07777	0.03905	0.04400	0.01601	0.20242	0.04528	0.04745	0.03302	0.02085	0.00917	0.01076	0.00727	0.00565	0.00475	0.00169	0.02421	0.00376	0.00332	0.00677
11	0.00838	0.00601	0.00748	0.00816	0.00888	0.00587	0.00564	0.06366	0.01199	0.01590	0.02935	0.56094	0.06343	0.12571	0.01023	0.00273	0.00394	0.05173	0.00508	0.00490
12	0.03798	0.00735	0.00875	0.00855	0.01012	0.00759	0.00627	0.05193	0.10848	0.06010	0.07644	0.26832	0.10237	0.09803	0.11759	0.00342	0.00560	0.01028	0.00500	0.00584

[dist]
# distance from previous block
# <min> <max>
7	13

[block]
# block no. 5 follows, 41 sequences, length 15
# corresponding to MSA columns:
# 569-575,582,585-591
name=unknown_F
#
# <colnr> <probs for GDERKNQSTAVLIFYWHMCP>
#	G	D	E	R	K	N	Q	S	T	A	V	L	I	F	Y	W	H	M	C	P
0	0.03942	0.00683	0.00797	0.00794	0.00981	0.00642	0.00623	0.05064	0.01386	0.06797	0.10516	0.16985	0.32162	0.01381	0.00683	0.00209	0.00377	0.14875	0.00547	0.00558
1	0.01217	0.08631	0.03927	0.01368	0.06764	0.08769	0.06232	0.01372	0.01083	0.01413	0.01521	0.03986	0.07744	0.07904	0.08213	0.07799	0.20549	0.00610	0.00304	0.00592
2	0.01386	0.09666	0.08792	0.06342	0.05309	0.03642	0.08417	0.04235	0.08709	0.09650	0.03724	0.09733	0.03536	0.02259	0.00800	0.03085	0.07676	0.01914	0.00402	0.00722
3	0.01221	0.01001	0.03689	0.08469	0.10650	0.00981	0.05174	0.09714	0.01426	0.07405	0.08536	0.18902	0.08846	0.01172	0.03466	0.00225	0.03380	0.04605	0.00461	0.00677
4	0.00765	0.00609	0.00698	0.00734	0.00890	0.00558	0.00561	0.01002	0.04948	0.01649	0.09569	0.19429	0.42255	0.01482	0.00700	0.00211	0.00342	0.12548	0.00540	0.00511
5	0.01551	0.01658	0.17248	0.05924	0.25199	0.01371	0.07234	0.14534	0.03501	0.08904	0.03567	0.01531	0.01072	0.00611	0.00623	0.00180	0.03515	0.00531	0.00380	0.00866
6	0.04467	0.14456	0.20192	0.03789	0.04212	0.09015	0.04727	0.10298	0.04216	0.04404	0.01177	0.04073	0.00967	0.00800	0.03689	0.00205	0.07713	0.00493	0.00336	0.00769
7	0.01060	0.00932	0.01393	0.16060	0.10584	0.01124	0.01091	0.01262	0.01016	0.01424	0.01368	0.02413	0.01357	0.15857	0.14205	0.00398	0.20488	0.07080	0.00307	0.00582
8	0.01037	0.00696	0.00847	0.00800	0.01001	0.00656	0.00629	0.01394	0.08403	0.10115	0.32826	0.04434	0.23118	0.01211	0.00671	0.00195	0.00350	0.10418	0.00594	0.00604
9	0.01298	0.03346	0.15013	0.10458	0.10552	0.08474	0.09795	0.07220	0.01318	0.01750	0.01373	0.06769	0.03161	0.01159	0.10332	0.00278	0.06066	0.00602	0.00320	0.00718
10	0.07116	0.21047	0.09307	0.14973	0.08649	0.07212	0.07986	0.01782	0.07529	0.01691	0.01302	0.04515	0.03332	0.00626	0.00518	0.00169	0.00684	0.00519	0.00314	0.00729
11	0.06271	0.01037	0.01358	0.09202	0.10460	0.01140	0.02605	0.10111	0.14754	0.04388	0.04749	0.14326	0.04453	0.03902	0.04917	0.00247	0.04149	0.00768	0.00449	0.00715
12	0.01288	0.00660	0.00748	0.00684	0.00862	0.00660	0.00519	0.05421	0.01281	0.12277	0.01858	0.02231	0.01489	0.08631	0.07302	0.00249	0.00453	0.00574	0.52215	0.00597
13	0.11284	0.05510	0.01752	0.19429	0.14629	0.01278	0.07071	0.06968	0.05539	0.11555	0.03469	0.01830	0.04637	0.00657	0.00555	0.00180	0.00617	0.01875	0.00400	0.00766
14	0.40964	0.17742	0.07161	0.03981	0.03513	0.07672	0.00921	0.01680	0.01129	0.02015	0.01158	0.01450	0.04067	0.00618	0.00433	0.00169	0.00572	0.03765	0.00328	0.00662

[dist]
# distance from previous block
# <min> <max>
0	1

[block]
# block no. 6 follows, 41 sequences, length 6
# corresponding to MSA columns:
# 593-598
name=unknown_G
#
# <colnr> <probs for GDERKNQSTAVLIFYWHMCP>
#	G	D	E	R	K	N	Q	S	T	A	V	L	I	F	Y	W	H	M	C	P
0	0.01336	0.09187	0.18433	0.01327	0.04718	0.06982	0.05585	0.01963	0.17047	0.06093	0.11127	0.05749	0.04568	0.00771	0.00570	0.00177	0.00602	0.00649	0.02354	0.00761
1	0.00902	0.00731	0.06661	0.00836	0.00930	0.00629	0.00648	0.00923	0.00871	0.01204	0.01475	0.07969	0.01533	0.19891	0.21771	0.30848	0.00794	0.00679	0.00306	0.00401
2	0.01353	0.12768	0.16660	0.08817	0.06377	0.04288	0.01279	0.10627	0.08280	0.01877	0.01417	0.05179	0.01268	0.05553	0.00796	0.00208	0.06382	0.05768	0.00360	0.00742
3	0.01305	0.06307	0.17634	0.08694	0.05739	0.02989	0.06690	0.14339	0.04533	0.02076	0.08873	0.06462	0.08767	0.00799	0.00615	0.00182	0.02168	0.00675	0.00403	0.00747
4	0.07675	0.06022	0.09072	0.04170	0.01824	0.05072	0.06379	0.30770	0.01799	0.02514	0.01265	0.06013	0.01034	0.00653	0.00533	0.00162	0.00635	0.00524	0.00421	0.13463
5	0.01059	0.03943	0.03383	0.01042	0.01239	0.05197	0.07492	0.01305	0.05319	0.01621	0.14294	0.13041	0.02379	0.14391	0.03137	0.06871	0.04593	0.03739	0.00411	0.05541

[dist]
# distance from previous block
# <min> <max>
2	49

[block]
# block no. 7 follows, 41 sequences, length 8
# corresponding to MSA columns:
# 648-655
name=unknown_H
#
# <colnr> <probs for GDERKNQSTAVLIFYWHMCP>
#	G	D	E	R	K	N	Q	S	T	A	V	L	I	F	Y	W	H	M	C	P
0	0.04658	0.14907	0.09913	0.06328	0.04122	0.01468	0.04578	0.18825	0.06443	0.05655	0.02811	0.01682	0.03878	0.00667	0.00563	0.00168	0.02840	0.01739	0.05093	0.03662
1	0.00725	0.00542	0.00642	0.00692	0.00781	0.00493	0.00472	0.00841	0.01176	0.01522	0.11781	0.35678	0.26420	0.14289	0.01061	0.00267	0.00348	0.01300	0.00512	0.00459
2	0.04347	0.01646	0.18512	0.05891	0.11995	0.08770	0.05062	0.03772	0.06966	0.01813	0.01765	0.08285	0.08157	0.00789	0.00664	0.00186	0.06131	0.00646	0.03877	0.00726
3	0.03403	0.13923	0.16384	0.04273	0.20093	0.08515	0.04165	0.06054	0.03446	0.05745	0.02950	0.01475	0.02979	0.00608	0.00581	0.00169	0.03615	0.00488	0.00332	0.00802
4	0.00966	0.00511	0.00753	0.00753	0.00763	0.00521	0.00507	0.00777	0.00767	0.01032	0.01097	0.01918	0.01106	0.07330	0.09309	0.70222	0.00597	0.00530	0.00260	0.00279
5	0.00873	0.00710	0.00898	0.01037	0.07955	0.00691	0.00685	0.01225	0.10411	0.01753	0.12565	0.28680	0.23941	0.01362	0.00677	0.00206	0.00370	0.04857	0.00526	0.00578
6	0.04222	0.03991	0.28660	0.01724	0.06850	0.11443	0.16484	0.06169	0.01430	0.05665	0.06868	0.01532	0.01172	0.00598	0.00571	0.00176	0.00790	0.00526	0.00338	0.00790
7	0.01653	0.11465	0.01720	0.04729	0.07703	0.20526	0.05436	0.06190	0.08024	0.09077	0.01615	0.03583	0.04059	0.00702	0.00539	0.00166	0.00672	0.03296	0.08108	0.00738

[dist]
# distance from previous block
# <min> <max>
14	56

[block]
# block no. 8 follows, 41 sequences, length 18
# corresponding to MSA columns:
# 712-729
name=unknown_I
#
# <colnr> <probs for GDERKNQSTAVLIFYWHMCP>
#	G	D	E	R	K	N	Q	S	T	A	V	L	I	F	Y	W	H	M	C	P
0	0.01102	0.01417	0.16257	0.11479	0.02036	0.04829	0.12870	0.01435	0.01104	0.01514	0.01276	0.01949	0.01138	0.09617	0.21374	0.00423	0.07046	0.02210	0.00288	0.00634
1	0.00996	0.00644	0.00785	0.00756	0.00874	0.00634	0.00543	0.01106	0.01091	0.09406	0.02907	0.05460	0.20555	0.32857	0.10170	0.00424	0.03338	0.06520	0.00442	0.00492
2	0.01285	0.00738	0.00946	0.00908	0.01090	0.00713	0.00699	0.05125	0.04549	0.18077	0.10098	0.22295	0.02872	0.12001	0.00986	0.00261	0.00450	0.15725	0.00558	0.00624
3	0.00919	0.00954	0.09131	0.01026	0.01200	0.00903	0.00896	0.01156	0.01009	0.01469	0.03988	0.02346	0.07746	0.04428	0.43582	0.00608	0.13149	0.00639	0.04292	0.00560
4	0.13483	0.05631	0.21934	0.11356	0.20415	0.03758	0.05712	0.01751	0.01202	0.03950	0.01015	0.01279	0.00788	0.00561	0.00594	0.00179	0.04870	0.00453	0.00288	0.00778
5	0.01391	0.01146	0.04999	0.11597	0.01753	0.01170	0.02630	0.06855	0.32483	0.08763	0.04201	0.02273	0.07916	0.00775	0.00571	0.00183	0.00501	0.00649	0.09357	0.00787
6	0.00778	0.00554	0.00738	0.00786	0.00832	0.00576	0.00537	0.00883	0.00956	0.01310	0.02200	0.30667	0.02478	0.26223	0.27231	0.00560	0.00802	0.01046	0.00400	0.00444
7	0.03384	0.00920	0.01249	0.01033	0.01358	0.00885	0.06785	0.02064	0.13114	0.30271	0.06209	0.05957	0.13381	0.01152	0.06454	0.00241	0.00544	0.00757	0.03474	0.00768
8	0.02687	0.13008	0.05062	0.03288	0.10277	0.10366	0.05764	0.07873	0.13038	0.07194	0.03711	0.07449	0.01361	0.00736	0.00637	0.00177	0.05593	0.00594	0.00405	0.00779
9	0.01054	0.00733	0.00902	0.00912	0.01067	0.00739	0.00688	0.06001	0.11250	0.06607	0.10532	0.36496	0.05490	0.03196	0.00742	0.00225	0.00403	0.11804	0.00557	0.00603
10	0.01029	0.00943	0.01528	0.58156	0.03175	0.01162	0.01366	0.01349	0.01148	0.01508	0.06036	0.11274	0.01428	0.00793	0.00697	0.00200	0.06610	0.00679	0.00312	0.00608
11	0.01016	0.00744	0.00874	0.00923	0.06664	0.00685	0.00634	0.01337	0.08948	0.09727	0.06602	0.07616	0.49602	0.01236	0.00650	0.00191	0.00358	0.01042	0.00539	0.00612
12	0.08759	0.11770	0.23476	0.01497	0.06648	0.01479	0.07391	0.15488	0.01492	0.06545	0.01120	0.01262	0.00837	0.00570	0.00555	0.00166	0.03037	0.00447	0.00356	0.07105
13	0.01299	0.08197	0.38415	0.02112	0.16500	0.03404	0.18419	0.01810	0.01265	0.01781	0.01044	0.01297	0.00793	0.00520	0.00564	0.00176	0.00828	0.00487	0.00262	0.00827
14	0.00732	0.00539	0.00680	0.00779	0.00854	0.00500	0.00554	0.00857	0.01149	0.01488	0.03556	0.50526	0.17461	0.06671	0.00867	0.00250	0.00365	0.11184	0.00519	0.00469
15	0.00824	0.00561	0.00672	0.00677	0.00694	0.00576	0.00411	0.00860	0.00856	0.01157	0.01813	0.06489	0.02045	0.65002	0.14511	0.00599	0.00699	0.00829	0.00348	0.00377
16	0.01815	0.30082	0.11063	0.01264	0.01747	0.16985	0.01174	0.25491	0.01756	0.02147	0.01028	0.01123	0.00811	0.00580	0.00484	0.00150	0.00729	0.00400	0.00361	0.00811
17	0.00701	0.00568	0.00613	0.00642	0.00794	0.00493	0.00470	0.00835	0.01242	0.01513	0.04981	0.17815	0.56059	0.06142	0.00823	0.00224	0.00324	0.04768	0.00520	0.00474

[dist]
# distance from previous block
# <min> <max>
0	1

[block]
# block no. 9 follows, 41 sequences, length 19
# corresponding to MSA columns:
# 731-749
name=unknown_J
#
# <colnr> <probs for GDERKNQSTAVLIFYWHMCP>
#	G	D	E	R	K	N	Q	S	T	A	V	L	I	F	Y	W	H	M	C	P
0	0.00794	0.00597	0.00665	0.00639	0.00825	0.00514	0.00482	0.00979	0.01410	0.04893	0.26296	0.04994	0.52205	0.01336	0.00671	0.00189	0.00292	0.01130	0.00567	0.00520
1	0.00844	0.00696	0.00993	0.09941	0.01344	0.00682	0.05126	0.01123	0.03689	0.01854	0.31646	0.18419	0.19001	0.01223	0.00671	0.00195	0.00392	0.01089	0.00524	0.00550
2	0.05014	0.24170	0.29831	0.01416	0.01959	0.05385	0.06168	0.06153	0.01260	0.01746	0.00937	0.01143	0.00751	0.00596	0.00672	0.00172	0.11169	0.00415	0.00274	0.00769
3	0.00883	0.00587	0.00839	0.00832	0.00883	0.00653	0.00600	0.00918	0.00852	0.01193	0.01407	0.02352	0.01407	0.17615	0.40103	0.24265	0.03289	0.00617	0.00296	0.00409
4	0.01186	0.01017	0.01186	0.00847	0.01356	0.00762	0.00678	0.01440	0.01186	0.01864	0.01017	0.01186	0.00847	0.00424	0.00424	0.00085	0.00424	0.00339	0.00339	0.83395
5	0.01454	0.23170	0.33135	0.01609	0.06104	0.08913	0.10573	0.01878	0.01279	0.05357	0.01031	0.01203	0.00790	0.00532	0.00513	0.00163	0.00789	0.00430	0.00279	0.00799
6	0.06099	0.01540	0.01651	0.01271	0.01723	0.01694	0.01050	0.66603	0.02544	0.07995	0.01399	0.01387	0.00983	0.00681	0.00562	0.00172	0.00612	0.00509	0.00570	0.00956
7	0.05320	0.01218	0.01738	0.10189	0.14537	0.04926	0.10905	0.10641	0.02470	0.04986	0.06439	0.07057	0.03811	0.04250	0.00799	0.00207	0.06511	0.02880	0.00396	0.00721
8	0.25421	0.03574	0.01171	0.05005	0.01408	0.01027	0.00741	0.05171	0.01272	0.10413	0.05971	0.01436	0.01151	0.00563	0.00449	0.00140	0.00457	0.00423	0.02375	0.31833
9	0.15334	0.01008	0.01223	0.00966	0.01375	0.00948	0.00791	0.05578	0.03861	0.50943	0.06590	0.01875	0.01503	0.00696	0.00539	0.00173	0.00468	0.00550	0.00618	0.04962
10	0.00707	0.00539	0.00650	0.00709	0.00813	0.00482	0.00499	0.00848	0.01247	0.01616	0.15064	0.42354	0.29255	0.01578	0.00703	0.00211	0.00308	0.01391	0.00546	0.00482
11	0.01440	0.23123	0.25556	0.01471	0.05159	0.09566	0.05785	0.06166	0.01331	0.03027	0.01163	0.05218	0.01013	0.00660	0.00587	0.00170	0.04535	0.02960	0.00305	0.00764
12	0.01529	0.72131	0.07723	0.01041	0.01545	0.05229	0.01057	0.01742	0.01184	0.01378	0.00814	0.00941	0.00734	0.00497	0.00384	0.00127	0.00644	0.00316	0.00246	0.00738
13	0.00695	0.00504	0.00657	0.00780	0.00825	0.00466	0.00523	0.00798	0.01111	0.01467	0.03358	0.73779	0.09397	0.01765	0.00726	0.00229	0.00329	0.01594	0.00531	0.00466
14	0.04093	0.01200	0.02029	0.37372	0.30978	0.01348	0.06504	0.01600	0.01194	0.01673	0.01024	0.01447	0.00818	0.00569	0.00654	0.00186	0.05783	0.00513	0.00271	0.00746
15	0.01160	0.01152	0.07841	0.05059	0.05846	0.02863	0.04182	0.06679	0.12930	0.01915	0.08464	0.11506	0.06301	0.05178	0.05902	0.00258	0.05659	0.00772	0.05658	0.00674
16	0.01409	0.00707	0.00789	0.00705	0.00920	0.00704	0.00551	0.05582	0.04950	0.15790	0.01923	0.02061	0.01443	0.00786	0.02705	0.00169	0.00372	0.00548	0.57231	0.00654
17	0.00729	0.00539	0.00686	0.00772	0.00856	0.00496	0.00551	0.00873	0.01220	0.01605	0.12892	0.49705	0.17011	0.01631	0.00719	0.00221	0.00335	0.08134	0.00543	0.00483
18	0.03892	0.05576	0.27240	0.01448	0.02010	0.01392	0.10369	0.10015	0.18501	0.08252	0.01475	0.01544	0.01078	0.00702	0.02387	0.00197	0.00703	0.00522	0.00407	0.02291

[dist]
# distance from previous block
# <min> <max>
2	26

[block]
# block no. 10 follows, 41 sequences, length 78
# corresponding to MSA columns:
# 776-853
name=unknown_K
#
# <colnr> <probs for GDERKNQSTAVLIFYWHMCP>
#	G	D	E	R	K	N	Q	S	T	A	V	L	I	F	Y	W	H	M	C	P
0	0.10217	0.28039	0.02284	0.04398	0.01828	0.08057	0.17437	0.02657	0.01243	0.05732	0.01073	0.01394	0.00906	0.06771	0.00674	0.00184	0.00693	0.00464	0.00314	0.05637
1	0.07744	0.01072	0.01888	0.14786	0.02227	0.01077	0.26561	0.01592	0.02933	0.08513	0.01953	0.16208	0.06025	0.00873	0.00636	0.00200	0.00659	0.03977	0.00402	0.00673
2	0.01081	0.01013	0.01656	0.59413	0.07217	0.01253	0.01466	0.01408	0.01119	0.01474	0.01185	0.08535	0.01042	0.00724	0.00724	0.00200	0.08968	0.00609	0.00280	0.00633
3	0.01272	0.01109	0.01771	0.04993	0.04761	0.01085	0.20009	0.09265	0.06497	0.04134	0.05048	0.15469	0.01840	0.00876	0.00643	0.00186	0.01583	0.06426	0.00431	0.12599
4	0.01154	0.06133	0.14992	0.06408	0.10952	0.01225	0.17482	0.01582	0.04843	0.01710	0.04443	0.09615	0.03704	0.01120	0.08619	0.00265	0.04014	0.00691	0.00335	0.00715
5	0.00762	0.00564	0.00721	0.00830	0.00889	0.00551	0.00565	0.00999	0.07797	0.01544	0.03078	0.72535	0.03599	0.01700	0.00717	0.00229	0.00343	0.01538	0.00536	0.00504
6	0.01088	0.00831	0.00954	0.00903	0.01114	0.00865	0.00696	0.04327	0.24779	0.04405	0.22768	0.12213	0.13346	0.01146	0.00649	0.00197	0.00377	0.06590	0.02086	0.00666
7	0.01461	0.20722	0.20492	0.01606	0.06579	0.05723	0.14383	0.08345	0.06817	0.02978	0.04709	0.01440	0.01094	0.00582	0.00537	0.00167	0.00730	0.00498	0.00336	0.00802
8	0.01948	0.01505	0.01612	0.01352	0.04660	0.05955	0.01057	0.48602	0.08246	0.06775	0.03571	0.01683	0.04192	0.00745	0.00654	0.00178	0.05276	0.00561	0.00533	0.00895
9	0.00742	0.00517	0.00650	0.00739	0.00761	0.00494	0.00470	0.00808	0.01008	0.01343	0.02704	0.54335	0.03217	0.27755	0.01455	0.00339	0.00406	0.01362	0.00470	0.00425
10	0.01338	0.01126	0.01616	0.11921	0.18750	0.01186	0.06912	0.10449	0.13663	0.04056	0.02174	0.02287	0.13124	0.00750	0.00582	0.00179	0.00565	0.00661	0.07892	0.00768
11	0.01827	0.05903	0.09147	0.07418	0.08089	0.07620	0.01218	0.30445	0.06841	0.10620	0.04262	0.01545	0.01165	0.00657	0.00558	0.00172	0.00655	0.00517	0.00468	0.00869
12	0.01955	0.10707	0.08260	0.01241	0.01708	0.01281	0.07630	0.12183	0.08525	0.33508	0.01724	0.01680	0.01197	0.00846	0.04745	0.00213	0.00649	0.00540	0.00523	0.00884
13	0.00788	0.00591	0.00693	0.00763	0.00837	0.02702	0.00527	0.00921	0.01192	0.01596	0.13239	0.48235	0.10281	0.07770	0.00868	0.00240	0.00358	0.02912	0.05010	0.00478
14	0.03818	0.02069	0.37287	0.09659	0.12667	0.01362	0.11591	0.01764	0.01212	0.04517	0.01063	0.01336	0.00797	0.00580	0.00683	0.00188	0.07844	0.00486	0.00276	0.00801
15	0.01506	0.01409	0.05769	0.13176	0.09670	0.08695	0.11307	0.05668	0.14786	0.10151	0.01536	0.01727	0.02058	0.01015	0.08722	0.00259	0.00795	0.00566	0.00400	0.00784
16	0.01138	0.01110	0.01710	0.74335	0.03821	0.05420	0.01562	0.01506	0.01170	0.01458	0.01009	0.01498	0.00761	0.00573	0.00569	0.00188	0.00777	0.00501	0.00256	0.00637
17	0.00703	0.00512	0.00663	0.00769	0.00826	0.00472	0.00522	0.00821	0.01156	0.01532	0.09004	0.66466	0.11024	0.01710	0.00720	0.00224	0.00323	0.01539	0.00539	0.00472
18	0.00697	0.00498	0.00664	0.00796	0.00830	0.00465	0.00531	0.00796	0.01095	0.01460	0.03153	0.79525	0.03783	0.01792	0.00730	0.00232	0.00332	0.01626	0.00531	0.00465
19	0.01280	0.01281	0.01881	0.01566	0.01663	0.01684	0.09217	0.01602	0.08789	0.01534	0.00962	0.01377	0.00869	0.00920	0.01609	0.00238	0.62033	0.00535	0.00290	0.00671
20	0.01446	0.01012	0.01264	0.00933	0.01400	0.00816	0.02964	0.04286	0.01361	0.15496	0.07168	0.01584	0.01314	0.00545	0.00484	0.00115	0.00447	0.00453	0.00435	0.56476
21	0.76181	0.01116	0.00901	0.00788	0.01151	0.01275	0.00649	0.04357	0.01074	0.07000	0.00904	0.01005	0.00679	0.00547	0.00375	0.00177	0.00452	0.00333	0.00383	0.00653
22	0.01557	0.00798	0.01112	0.07350	0.03362	0.00743	0.00780	0.01818	0.01579	0.32247	0.38062	0.03031	0.03288	0.00916	0.00623	0.00179	0.00409	0.00792	0.00621	0.00732
23	0.08460	0.04101	0.01633	0.01316	0.01669	0.24536	0.01056	0.34147	0.06492	0.02526	0.01168	0.01259	0.00895	0.00672	0.00647	0.00172	0.07550	0.00456	0.00435	0.00810
24	0.01423	0.01229	0.01293	0.01164	0.01487	0.01423	0.00905	0.03039	0.75297	0.02393	0.02328	0.02134	0.01746	0.00776	0.00582	0.00194	0.00453	0.00647	0.00582	0.00905
25	0.01482	0.04428	0.08275	0.01261	0.03715	0.09301	0.03943	0.19435	0.11223	0.02222	0.01876	0.10589	0.05517	0.00837	0.00576	0.00175	0.00597	0.03826	0.03395	0.07327
26	0.01457	0.56520	0.13303	0.01190	0.01698	0.05035	0.05513	0.01720	0.01186	0.01447	0.00914	0.03090	0.00822	0.00554	0.00481	0.00143	0.03543	0.00389	0.00257	0.00738
27	0.00687	0.00580	0.00595	0.00591	0.00780	0.00488	0.00444	0.00843	0.01331	0.01609	0.11777	0.05400	0.70076	0.01425	0.00676	0.00192	0.00288	0.01192	0.00540	0.00488
28	0.00692	0.00515	0.00646	0.00750	0.00818	0.00468	0.00511	0.00802	0.01139	0.01478	0.03713	0.63826	0.19120	0.01719	0.00719	0.00224	0.00323	0.01537	0.00531	0.00468
29	0.01442	0.01353	0.07554	0.06252	0.04560	0.01400	0.06502	0.04493	0.31104	0.08605	0.01773	0.01844	0.03538	0.00770	0.00840	0.00201	0.15915	0.00596	0.00447	0.00814
30	0.11607	0.01092	0.01617	0.01299	0.01626	0.01137	0.16716	0.01974	0.13772	0.16259	0.11099	0.08604	0.01899	0.00826	0.00714	0.00195	0.07617	0.00717	0.00486	0.00745
31	0.00818	0.00608	0.00893	0.00893	0.00985	0.00700	0.00682	0.01004	0.00911	0.01308	0.01556	0.02382	0.01489	0.11119	0.70883	0.00886	0.01444	0.00633	0.00310	0.00496
32	0.00958	0.00740	0.00764	0.00716	0.00914	0.05131	0.00543	0.01152	0.01457	0.07717	0.29384	0.04534	0.41397	0.01243	0.00658	0.00185	0.00343	0.01048	0.00565	0.00552
33	0.02067	0.01538	0.01592	0.01366	0.05699	0.11414	0.01045	0.42370	0.02143	0.15284	0.01506	0.03888	0.01126	0.00917	0.05167	0.00216	0.00705	0.00546	0.00526	0.00885
34	0.01727	0.00973	0.01185	0.01042	0.01358	0.00982	0.00837	0.04483	0.25121	0.31074	0.02569	0.09751	0.04715	0.00973	0.00624	0.00200	0.00464	0.10476	0.00617	0.00827
35	0.00704	0.00581	0.00618	0.00609	0.00790	0.00495	0.00457	0.00875	0.01370	0.01702	0.20496	0.05247	0.61298	0.01390	0.00676	0.00190	0.00286	0.01171	0.00552	0.00495
36	0.01251	0.01338	0.07995	0.29260	0.34641	0.01289	0.08204	0.01626	0.01226	0.01703	0.01078	0.01476	0.00855	0.00575	0.00616	0.02378	0.00731	0.00518	0.02472	0.00767
37	0.02172	0.01134	0.01350	0.01067	0.01468	0.01137	0.00871	0.23238	0.09652	0.39874	0.01968	0.01822	0.01329	0.00705	0.00556	0.00173	0.00500	0.00561	0.09505	0.00919
38	0.00731	0.00516	0.00650	0.00742	0.00774	0.00489	0.00479	0.00807	0.01037	0.01374	0.02921	0.56757	0.06531	0.21881	0.01289	0.00314	0.00387	0.01403	0.00484	0.00435
39	0.01095	0.01007	0.01582	0.50071	0.04512	0.01254	0.01366	0.03591	0.01141	0.01521	0.01292	0.12756	0.01207	0.00825	0.00820	0.00206	0.14158	0.00669	0.00304	0.00625
40	0.01146	0.01158	0.11729	0.07166	0.01558	0.00985	0.02320	0.06093	0.08144	0.06684	0.17060	0.14225	0.10744	0.01037	0.00735	0.00197	0.07000	0.00867	0.00479	0.00672
41	0.00717	0.00526	0.00673	0.00752	0.00827	0.00482	0.00520	0.00858	0.01230	0.01642	0.18398	0.54209	0.13824	0.01619	0.00711	0.00216	0.00314	0.01449	0.00551	0.00482
42	0.01529	0.80242	0.02997	0.00979	0.01468	0.02263	0.00979	0.01713	0.01162	0.01346	0.00795	0.00918	0.00734	0.00489	0.00367	0.00122	0.00612	0.00306	0.00245	0.00734
43	0.01323	0.01218	0.01436	0.01093	0.01501	0.05609	0.03954	0.06045	0.01259	0.01859	0.00991	0.01215	0.00833	0.00552	0.00700	0.00127	0.14018	0.00394	0.00333	0.55541
44	0.01781	0.01338	0.01541	0.01352	0.05652	0.01496	0.01034	0.28043	0.29302	0.10153	0.01734	0.01700	0.01278	0.00733	0.00689	0.00185	0.07611	0.00563	0.00538	0.03275
45	0.48860	0.01021	0.01068	0.01237	0.14022	0.01123	0.00816	0.01560	0.01078	0.02229	0.01241	0.01899	0.01124	0.05391	0.00596	0.00205	0.00486	0.08533	0.06878	0.00635
46	0.00795	0.00580	0.00762	0.00737	0.00864	0.00547	0.00550	0.01039	0.01498	0.02104	0.60097	0.10298	0.08174	0.01515	0.07630	0.00252	0.00390	0.01053	0.00588	0.00528
47	0.00720	0.00539	0.00649	0.00705	0.00795	0.00490	0.00485	0.00845	0.01199	0.01560	0.13593	0.39821	0.24890	0.09858	0.00937	0.00248	0.00335	0.01340	0.00525	0.00468
48	0.00763	0.00579	0.00856	0.00923	0.01001	0.00546	0.04975	0.00904	0.01137	0.01512	0.03019	0.66188	0.03551	0.01689	0.00734	0.00234	0.00393	0.09991	0.00516	0.00490
49	0.04361	0.22446	0.36724	0.01445	0.02086	0.01517	0.10768	0.01844	0.01234	0.08467	0.01108	0.01305	0.00843	0.02810	0.00578	0.00178	0.00745	0.00446	0.00298	0.00796
50	0.01256	0.00974	0.01467	0.21632	0.08255	0.02706	0.06821	0.01630	0.05688	0.11259	0.14154	0.07372	0.06571	0.00897	0.00630	0.00194	0.00570	0.06785	0.00454	0.00684
51	0.01207	0.00675	0.00878	0.00776	0.00988	0.00605	0.00600	0.01454	0.01593	0.19618	0.51972	0.03849	0.11326	0.01089	0.00652	0.00181	0.00322	0.00944	0.00638	0.00636
52	0.12601	0.00840	0.00893	0.00808	0.01051	0.00886	0.00629	0.03373	0.17146	0.11101	0.12072	0.05325	0.02026	0.00791	0.00508	0.00169	0.00367	0.00644	0.28087	0.00684
53	0.01389	0.08845	0.24766	0.05742	0.07822	0.01375	0.06119	0.07573	0.08012	0.06884	0.01276	0.01477	0.00978	0.00930	0.07520	0.00242	0.04439	0.00495	0.00346	0.03769
54	0.01189	0.00994	0.01140	0.03251	0.01369	0.02505	0.00702	0.04004	0.01261	0.03656	0.01626	0.08634	0.07054	0.00653	0.00487	0.00117	0.00438	0.00541	0.00385	0.59996
55	0.00727	0.00563	0.00638	0.00653	0.00799	0.00495	0.00477	0.00898	0.01334	0.01730	0.21823	0.19514	0.42191	0.01418	0.00675	0.00195	0.00292	0.01221	0.03862	0.00495
56	0.01247	0.01185	0.02030	0.45847	0.11662	0.01343	0.14047	0.05970	0.04256	0.01749	0.01133	0.01538	0.00863	0.00576	0.00615	0.00188	0.02482	0.00543	0.02009	0.00718
57	0.01280	0.10642	0.06275	0.04577	0.13574	0.02738	0.21340	0.03242	0.08686	0.01826	0.06768	0.10972	0.01601	0.00751	0.00640	0.00185	0.03084	0.00708	0.00366	0.00745
58	0.00832	0.00608	0.00896	0.00896	0.01000	0.00704	0.00696	0.01040	0.00936	0.01376	0.01552	0.02240	0.01432	0.04074	0.73024	0.00872	0.01457	0.00608	0.05244	0.00512
59	0.00695	0.00504	0.00657	0.00779	0.00825	0.00466	0.00523	0.00798	0.01112	0.01467	0.03361	0.73693	0.09481	0.01765	0.00726	0.00229	0.00329	0.01593	0.00531	0.00466
60	0.01177	0.01027	0.01619	0.52018	0.12956	0.01207	0.01404	0.04221	0.04200	0.01723	0.01205	0.01612	0.00924	0.00589	0.00548	0.00180	0.00667	0.00518	0.11526	0.00681
61	0.10203	0.03657	0.01998	0.08573	0.05404	0.04783	0.20177	0.10401	0.22284	0.02191	0.01423	0.01569	0.01080	0.00624	0.00610	0.00186	0.03074	0.00559	0.00405	0.00800
62	0.01105	0.01064	0.01865	0.71649	0.03854	0.01287	0.08152	0.01495	0.01162	0.01495	0.01029	0.01527	0.00772	0.00564	0.00581	0.00191	0.00781	0.00523	0.00257	0.00648
63	0.03780	0.09198	0.41723	0.02863	0.08563	0.02987	0.01571	0.03298	0.01242	0.01856	0.01082	0.01278	0.00825	0.00538	0.00498	0.00159	0.00698	0.00420	0.07749	0.09670
64	0.01498	0.73086	0.02834	0.00967	0.01458	0.02128	0.00952	0.01688	0.01164	0.01393	0.00815	0.00942	0.00744	0.00483	0.00372	0.00119	0.00595	0.00309	0.00253	0.08200
65	0.01566	0.01303	0.08093	0.01148	0.01533	0.01257	0.00977	0.02762	0.51144	0.15856	0.02386	0.02199	0.05635	0.00779	0.00582	0.00190	0.00485	0.00644	0.00571	0.00889
66	0.00929	0.00618	0.00761	0.00705	0.00885	0.00550	0.00536	0.01158	0.01528	0.08796	0.48717	0.04425	0.25823	0.01210	0.00666	0.00184	0.00295	0.01044	0.00608	0.00562
67	0.01097	0.01024	0.01721	0.54879	0.12768	0.01190	0.04151	0.01453	0.01196	0.01554	0.01471	0.02173	0.05108	0.00699	0.00600	0.00195	0.00712	0.07053	0.00299	0.00657
68	0.01138	0.00873	0.01224	0.04603	0.08620	0.00900	0.08118	0.04347	0.07978	0.01984	0.02298	0.05330	0.11651	0.00833	0.00585	0.00173	0.02852	0.03566	0.32285	0.00642
69	0.00741	0.00616	0.00725	0.07660	0.01079	0.00565	0.00566	0.00931	0.01343	0.01687	0.19701	0.08915	0.50785	0.01331	0.00669	0.00192	0.00331	0.01131	0.00526	0.00507
70	0.00772	0.00579	0.00717	0.00706	0.00846	0.00524	0.00529	0.00995	0.01483	0.02014	0.49496	0.11455	0.22305	0.01310	0.00685	0.00191	0.00291	0.03992	0.00593	0.00519
71	0.04793	0.06000	0.03856	0.01200	0.01550	0.02978	0.03893	0.12807	0.28356	0.11811	0.08436	0.01924	0.01646	0.00760	0.00678	0.00186	0.07182	0.00596	0.00516	0.00834
72	0.34760	0.02742	0.08043	0.01165	0.05863	0.01290	0.00967	0.17673	0.01434	0.02466	0.01279	0.01796	0.01092	0.00975	0.06568	0.00241	0.00628	0.08029	0.02272	0.00717
73	0.00703	0.00512	0.00664	0.00783	0.00836	0.00473	0.00535	0.00812	0.01124	0.01477	0.03416	0.69490	0.11099	0.01750	0.00727	0.00229	0.00334	0.04036	0.00531	0.00469
74	0.01078	0.00883	0.00991	0.02555	0.01198	0.00967	0.00716	0.01933	0.37812	0.01919	0.04825	0.26204	0.06919	0.08280	0.00846	0.00238	0.00416	0.01005	0.00537	0.00679
75	0.23107	0.23691	0.11995	0.01074	0.01552	0.01599	0.01034	0.11609	0.08065	0.09595	0.01187	0.01233	0.00894	0.00581	0.00455	0.00163	0.00575	0.00408	0.00393	0.00790
76	0.16994	0.29164	0.19165	0.01134	0.01648	0.06237	0.01162	0.10509	0.01357	0.01969	0.01195	0.01298	0.04836	0.00592	0.00456	0.00157	0.00643	0.00411	0.00323	0.00749
77	0.08555	0.01460	0.10676	0.01372	0.09486	0.01267	0.01096	0.22365	0.07042	0.07145	0.01455	0.01519	0.03715	0.00612	0.00520	0.00156	0.00563	0.00484	0.00436	0.20077

[dist]
# distance from previous block
# <min> <max>
16	53

[block]
# block no. 11 follows, 41 sequences, length 20
# corresponding to MSA columns:
# 975-994
name=unknown_L
#
# <colnr> <probs for GDERKNQSTAVLIFYWHMCP>
#	G	D	E	R	K	N	Q	S	T	A	V	L	I	F	Y	W	H	M	C	P
0	0.06799	0.29908	0.19851	0.02772	0.08629	0.01599	0.01263	0.04182	0.06520	0.03879	0.03444	0.03824	0.01085	0.00602	0.00481	0.00158	0.00625	0.00461	0.00327	0.03593
1	0.03100	0.34688	0.17075	0.03853	0.05105	0.01649	0.10553	0.01726	0.04840	0.01683	0.07114	0.03840	0.01274	0.00612	0.00502	0.00160	0.00663	0.00507	0.00310	0.00747
2	0.01448	0.14253	0.23396	0.01308	0.03802	0.01334	0.02840	0.01952	0.09959	0.13983	0.03938	0.05621	0.02584	0.00731	0.00645	0.00179	0.06564	0.01598	0.00400	0.03464
3	0.05423	0.28538	0.10353	0.01026	0.01408	0.03881	0.00955	0.09398	0.04706	0.02686	0.01301	0.01729	0.03102	0.09407	0.00930	0.09418	0.00602	0.02096	0.00336	0.02705
4	0.04301	0.12334	0.12050	0.03548	0.01469	0.03226	0.00976	0.13151	0.04291	0.03563	0.01741	0.12424	0.05907	0.01169	0.04487	0.10871	0.00611	0.00665	0.02556	0.00660
5	0.01812	0.19220	0.06620	0.01261	0.01644	0.29341	0.01075	0.13590	0.05170	0.05767	0.01259	0.06989	0.01083	0.00692	0.00540	0.00160	0.02146	0.00501	0.00377	0.00752
6	0.04029	0.15425	0.04753	0.10030	0.01559	0.01114	0.00881	0.03883	0.01117	0.07288	0.01065	0.01403	0.00895	0.00976	0.01024	0.25373	0.01876	0.00430	0.00315	0.16562
7	0.03567	0.05442	0.29836	0.01374	0.01901	0.01267	0.06455	0.14424	0.03302	0.02100	0.01555	0.04670	0.01394	0.02571	0.00643	0.00198	0.00684	0.13479	0.00382	0.04757
8	0.01510	0.30565	0.21797	0.06303	0.06843	0.14208	0.01385	0.04352	0.05043	0.01647	0.00999	0.01159	0.00804	0.00548	0.00481	0.00154	0.00748	0.00397	0.00283	0.00773
9	0.01044	0.00583	0.00810	0.00794	0.00832	0.00605	0.00545	0.01014	0.09497	0.01158	0.01150	0.01785	0.01082	0.01845	0.02041	0.73595	0.00492	0.00514	0.00288	0.00326
10	0.01166	0.10641	0.13024	0.01335	0.05815	0.06913	0.09804	0.01548	0.04960	0.01823	0.18351	0.10034	0.06278	0.00890	0.00599	0.00180	0.00586	0.03099	0.02280	0.00674
11	0.01348	0.01012	0.01203	0.00867	0.01368	0.00772	0.00697	0.01598	0.01239	0.10652	0.01162	0.01275	0.00914	0.00457	0.00441	0.00096	0.00431	0.00367	0.00382	0.73719
12	0.01552	0.73383	0.06500	0.01012	0.01516	0.02162	0.01028	0.01760	0.01183	0.04343	0.00864	0.00972	0.00760	0.00501	0.00384	0.00127	0.00618	0.00322	0.00263	0.00749
13	0.01186	0.01017	0.01186	0.00847	0.01356	0.00762	0.00678	0.01440	0.01186	0.01864	0.01017	0.01186	0.00847	0.00424	0.00424	0.00085	0.00424	0.00339	0.00339	0.83395
14	0.01109	0.00738	0.00908	0.03262	0.01091	0.00694	0.00625	0.04243	0.05112	0.10831	0.37170	0.03688	0.16024	0.06232	0.00784	0.00202	0.00365	0.00900	0.00570	0.05451
15	0.06945	0.51432	0.16464	0.01125	0.01668	0.01967	0.01179	0.10265	0.01338	0.01778	0.00906	0.01026	0.00753	0.00525	0.00423	0.00143	0.00646	0.00352	0.00290	0.00775
16	0.02360	0.01030	0.01323	0.01029	0.01453	0.00945	0.00845	0.11076	0.04096	0.60826	0.02387	0.02119	0.06279	0.00756	0.00582	0.00178	0.00489	0.00612	0.00676	0.00939
17	0.14002	0.48785	0.02230	0.01033	0.03806	0.06226	0.00898	0.01672	0.01186	0.04000	0.03089	0.08625	0.01162	0.00653	0.00430	0.00148	0.00573	0.00472	0.00318	0.00695
18	0.10981	0.00994	0.01111	0.00845	0.01286	0.00844	0.00675	0.01622	0.05282	0.06924	0.04906	0.01452	0.01160	0.00522	0.00446	0.00114	0.00417	0.00411	0.03976	0.56032
19	0.12487	0.10191	0.05171	0.01201	0.03555	0.07681	0.04129	0.15537	0.01520	0.06274	0.02628	0.08471	0.01478	0.00829	0.00590	0.00183	0.03090	0.09007	0.05261	0.00719

[dist]
# distance from previous block
# <min> <max>
1	16

[block]
# block no. 12 follows, 41 sequences, length 17
# corresponding to MSA columns:
# 1016-1032
name=unknown_M
#
# <colnr> <probs for GDERKNQSTAVLIFYWHMCP>
#	G	D	E	R	K	N	Q	S	T	A	V	L	I	F	Y	W	H	M	C	P
0	0.01356	0.01167	0.01998	0.39822	0.29425	0.01273	0.06087	0.01713	0.01259	0.08687	0.01163	0.01527	0.00881	0.00557	0.00577	0.00182	0.00720	0.00525	0.00309	0.00772
1	0.01659	0.06611	0.01871	0.01694	0.14372	0.11758	0.07965	0.19260	0.12036	0.03886	0.06398	0.01716	0.01355	0.00659	0.00564	0.00168	0.00658	0.01827	0.00433	0.05108
2	0.05903	0.01326	0.08889	0.01142	0.01493	0.02592	0.00997	0.24417	0.01746	0.13764	0.12165	0.10545	0.01912	0.00883	0.00709	0.00187	0.07874	0.00695	0.00513	0.02249
3	0.01529	0.80242	0.02997	0.00979	0.01468	0.02263	0.00979	0.01713	0.01162	0.01346	0.00795	0.00918	0.00734	0.00489	0.00367	0.00122	0.00612	0.00306	0.00245	0.00734
4	0.00701	0.00577	0.00617	0.00615	0.00790	0.00492	0.00458	0.00867	0.01351	0.01677	0.18403	0.08767	0.59875	0.01414	0.00678	0.00193	0.00288	0.01196	0.00549	0.00492
5	0.00706	0.00552	0.00628	0.00667	0.00790	0.00487	0.00471	0.00839	0.01238	0.01565	0.11732	0.29554	0.40683	0.06401	0.00832	0.00227	0.00318	0.01304	0.00530	0.00474
6	0.30595	0.01508	0.05198	0.01133	0.01514	0.07670	0.00962	0.25263	0.05207	0.02612	0.01083	0.01197	0.00827	0.00637	0.00605	0.00176	0.07924	0.00422	0.00414	0.05051
7	0.01047	0.00821	0.00970	0.00987	0.01176	0.00864	0.00788	0.05308	0.21487	0.01924	0.03128	0.19018	0.12088	0.01340	0.00696	0.00225	0.00444	0.26508	0.00545	0.00635
8	0.00715	0.00516	0.00670	0.00780	0.00830	0.00480	0.00530	0.00826	0.01126	0.01492	0.06239	0.65015	0.08669	0.05531	0.00832	0.00244	0.00345	0.04168	0.00526	0.00465
9	0.00777	0.00585	0.00723	0.00718	0.00862	0.00531	0.00547	0.01002	0.01473	0.01986	0.45739	0.09671	0.23951	0.01323	0.00689	0.00195	0.00303	0.07818	0.00587	0.00518
10	0.28633	0.06280	0.01485	0.01151	0.01538	0.19521	0.00933	0.29606	0.01792	0.02617	0.01037	0.01122	0.00789	0.00602	0.00476	0.00165	0.00663	0.00402	0.00417	0.00771
11	0.00972	0.05774	0.00877	0.00710	0.00923	0.00659	0.00559	0.01161	0.01396	0.09255	0.23036	0.04527	0.39714	0.03574	0.00717	0.00198	0.00345	0.04494	0.00550	0.00561
