[name]
unknown

[dist]
# distance from previous block
# <min> <max>
0	425

[block]
# block no. 0 follows, 52 sequences, length 20
# corresponding to MSA columns:
# 428-430,441-457
name=unknown_A
#
# <colnr> <probs for GDERKNQSTAVLIFYWHMCP>
#	G	D	E	R	K	N	Q	S	T	A	V	L	I	F	Y	W	H	M	C	P
0	0.03132	0.00596	0.00722	0.00675	0.00856	0.00540	0.00512	0.03315	0.01152	0.19777	0.08076	0.22539	0.25416	0.04784	0.00641	0.00182	0.00324	0.04359	0.00478	0.01925
1	0.04821	0.09511	0.01003	0.03054	0.01003	0.00770	0.03484	0.04946	0.04980	0.06770	0.03699	0.38850	0.03397	0.09447	0.01853	0.00209	0.00400	0.00903	0.00400	0.00500
2	0.01129	0.01259	0.02660	0.01900	0.02384	0.01163	0.69842	0.01517	0.01129	0.01555	0.00968	0.01275	0.00733	0.00403	0.00549	0.00154	0.00768	0.00541	0.00250	0.09822
3	0.09889	0.00551	0.00608	0.00602	0.00724	0.00537	0.00434	0.02346	0.02538	0.01566	0.24939	0.18574	0.21255	0.12346	0.00809	0.00207	0.00300	0.00903	0.00438	0.00431
4	0.05544	0.00646	0.00788	0.09416	0.01104	0.00671	0.00605	0.06277	0.05560	0.05848	0.04009	0.24048	0.12569	0.10731	0.00767	0.00208	0.00382	0.06342	0.03998	0.00489
5	0.01233	0.00885	0.00960	0.00814	0.01008	0.00957	0.00607	0.33938	0.06983	0.01996	0.01473	0.06646	0.01387	0.31520	0.01225	0.00269	0.00463	0.00600	0.06468	0.00570
6	0.01028	0.00928	0.01477	0.69539	0.06630	0.01126	0.01307	0.09538	0.01116	0.01449	0.00896	0.01274	0.00671	0.00493	0.00484	0.00159	0.00631	0.00431	0.00245	0.00579
7	0.15510	0.00719	0.00794	0.00715	0.00924	0.00726	0.00557	0.11650	0.01263	0.13174	0.14913	0.17346	0.11486	0.00899	0.00500	0.00160	0.00338	0.02481	0.05294	0.00553
8	0.03188	0.00496	0.00586	0.00619	0.00721	0.00460	0.00438	0.00835	0.02825	0.04095	0.12613	0.39410	0.25163	0.05419	0.00677	0.00192	0.00284	0.01097	0.00454	0.00428
9	0.01214	0.09870	0.01253	0.00943	0.01254	0.01227	0.00757	0.04904	0.58997	0.01915	0.01676	0.01582	0.01276	0.00594	0.00458	0.00146	0.00400	0.00483	0.00438	0.10611
10	0.00690	0.00474	0.00532	0.00532	0.00553	0.00467	0.00311	0.00709	0.00750	0.00985	0.01883	0.03292	0.10129	0.71727	0.04694	0.00446	0.00471	0.00733	0.00309	0.00310
11	0.09580	0.00706	0.00805	0.00712	0.00929	0.00690	0.00555	0.09549	0.03309	0.17935	0.15051	0.10451	0.19980	0.04700	0.00611	0.00175	0.00344	0.02881	0.00477	0.00562
12	0.03305	0.00541	0.00718	0.09392	0.01031	0.00540	0.00566	0.00933	0.00973	0.07758	0.04673	0.40255	0.07255	0.13201	0.00855	0.00226	0.00370	0.06556	0.00412	0.00441
13	0.01810	0.02310	0.01373	0.01248	0.01498	0.81024	0.00936	0.01935	0.01373	0.01186	0.00749	0.00874	0.00624	0.00499	0.00437	0.00125	0.00874	0.00312	0.00250	0.00562
14	0.08463	0.01054	0.01635	0.01252	0.01614	0.04599	0.26983	0.03949	0.06658	0.26285	0.03612	0.04401	0.04075	0.00605	0.00513	0.00158	0.00554	0.02500	0.00412	0.00677
15	0.00738	0.00483	0.00604	0.00613	0.00675	0.00466	0.00414	0.00814	0.02838	0.03473	0.13345	0.20476	0.11188	0.23846	0.03802	0.14242	0.00382	0.00852	0.00379	0.00370
16	0.00747	0.00554	0.00657	0.00671	0.00789	0.00536	0.00487	0.03548	0.08484	0.03273	0.14858	0.34656	0.21158	0.04246	0.00651	0.00187	0.00298	0.03271	0.00465	0.00464
17	0.00670	0.00471	0.00591	0.00630	0.00718	0.00428	0.00447	0.00800	0.01081	0.04063	0.21107	0.41786	0.18658	0.03626	0.00648	0.00187	0.00275	0.02919	0.00470	0.00424
18	0.00932	0.00885	0.01502	0.75769	0.05419	0.01092	0.03153	0.01251	0.00971	0.01254	0.00860	0.01284	0.00651	0.00490	0.00513	0.00162	0.02613	0.00434	0.00217	0.00547
19	0.00898	0.00795	0.01009	0.00908	0.01022	0.06490	0.05892	0.03635	0.03571	0.01250	0.03306	0.05370	0.03352	0.18867	0.31309	0.00462	0.10518	0.00590	0.00294	0.00463

[dist]
# distance from previous block
# <min> <max>
0	2

[block]
# block no. 1 follows, 52 sequences, length 8
# corresponding to MSA columns:
# 460-467
name=unknown_B
#
# <colnr> <probs for GDERKNQSTAVLIFYWHMCP>
#	G	D	E	R	K	N	Q	S	T	A	V	L	I	F	Y	W	H	M	C	P
0	0.00810	0.00553	0.00689	0.00698	0.00811	0.00534	0.00505	0.04944	0.05620	0.06414	0.21656	0.43959	0.08500	0.01214	0.00582	0.00176	0.00293	0.01079	0.00484	0.00480
1	0.14946	0.03712	0.01274	0.00991	0.01326	0.01343	0.00812	0.40322	0.17997	0.02476	0.01201	0.01215	0.00894	0.00573	0.00498	0.00148	0.04305	0.00419	0.00426	0.05125
2	0.01174	0.01043	0.07710	0.09802	0.16727	0.00877	0.06049	0.01450	0.01113	0.12588	0.08575	0.01436	0.01148	0.00504	0.00486	0.00130	0.02516	0.00442	0.00327	0.25903
3	0.03135	0.18399	0.36651	0.05253	0.01893	0.01267	0.11309	0.05069	0.01110	0.07980	0.00938	0.01075	0.00691	0.00460	0.00443	0.00142	0.00635	0.00380	0.00260	0.02910
4	0.00967	0.14862	0.05178	0.00737	0.00954	0.00758	0.00628	0.01135	0.01101	0.12072	0.11969	0.25451	0.15718	0.01022	0.00529	0.00163	0.00360	0.05449	0.00426	0.00522
5	0.05240	0.00482	0.00610	0.00663	0.00726	0.00486	0.00463	0.00769	0.00897	0.01266	0.05687	0.44568	0.07215	0.11187	0.17079	0.00339	0.00509	0.01023	0.00389	0.00401
6	0.61677	0.00904	0.00833	0.00703	0.01025	0.00977	0.00580	0.01700	0.00990	0.25097	0.01038	0.01040	0.00723	0.00494	0.00355	0.00150	0.00386	0.00328	0.00388	0.00613
7	0.00772	0.00620	0.00680	0.00666	0.00799	0.04718	0.00494	0.01009	0.05968	0.03664	0.32012	0.17840	0.21941	0.01239	0.05173	0.00198	0.00352	0.00923	0.00467	0.00467

[dist]
# distance from previous block
# <min> <max>
1	21

[block]
# block no. 2 follows, 52 sequences, length 26
# corresponding to MSA columns:
# 489-514
name=unknown_C
#
# <colnr> <probs for GDERKNQSTAVLIFYWHMCP>
#	G	D	E	R	K	N	Q	S	T	A	V	L	I	F	Y	W	H	M	C	P
0	0.00892	0.02878	0.00785	0.00690	0.00863	0.00619	0.00539	0.02537	0.10224	0.08417	0.40159	0.06487	0.16094	0.00979	0.00555	0.00160	0.00294	0.05804	0.00502	0.00524
1	0.01037	0.06451	0.02067	0.33738	0.04736	0.01179	0.32795	0.01356	0.01022	0.01351	0.00926	0.01354	0.00745	0.04936	0.00663	0.00177	0.04160	0.00492	0.00232	0.00584
2	0.00619	0.00434	0.00554	0.00638	0.00659	0.00413	0.00410	0.00682	0.00871	0.01162	0.02381	0.62532	0.02840	0.22137	0.01086	0.00266	0.00329	0.01207	0.00410	0.00368
3	0.00973	0.12068	0.29457	0.01054	0.01436	0.01069	0.01103	0.01433	0.11349	0.01484	0.03407	0.12793	0.01419	0.00755	0.00570	0.00163	0.06503	0.08513	0.00314	0.04137
4	0.00608	0.00436	0.00568	0.00651	0.00694	0.00406	0.00439	0.00707	0.00978	0.01311	0.12217	0.65265	0.06551	0.05858	0.00711	0.00205	0.00283	0.01264	0.00452	0.00397
5	0.00620	0.00455	0.00585	0.00648	0.00702	0.00442	0.00445	0.00715	0.00899	0.01190	0.02609	0.47469	0.13632	0.12123	0.14781	0.00327	0.00476	0.01093	0.00397	0.00390
6	0.00903	0.00954	0.11036	0.04395	0.01298	0.02279	0.06968	0.04747	0.06185	0.03364	0.06204	0.05490	0.11340	0.03107	0.23967	0.00349	0.00730	0.05803	0.00343	0.00538
7	0.05986	0.01178	0.01140	0.00959	0.01241	0.11766	0.02712	0.32192	0.09440	0.02130	0.03861	0.06746	0.15839	0.00764	0.00501	0.00153	0.00485	0.01830	0.00430	0.00645
8	0.01223	0.00976	0.01038	0.00921	0.01172	0.01105	0.00718	0.13606	0.51949	0.02066	0.01807	0.01940	0.01427	0.06069	0.00613	0.00179	0.00399	0.03436	0.08654	0.00702
9	0.00830	0.00561	0.00668	0.00628	0.00791	0.00516	0.00475	0.01089	0.06978	0.09766	0.32878	0.10875	0.29993	0.01056	0.00562	0.00161	0.00270	0.00909	0.00501	0.00496
10	0.00639	0.00472	0.00609	0.00684	0.00729	0.00463	0.00467	0.00779	0.03877	0.01301	0.08193	0.64832	0.05235	0.06179	0.00743	0.00208	0.02500	0.01235	0.00442	0.00411
11	0.00704	0.00492	0.00578	0.00570	0.00593	0.00503	0.00352	0.00742	0.00778	0.01047	0.06817	0.03139	0.06432	0.64831	0.07915	0.00447	0.02705	0.00714	0.00314	0.00328
12	0.00632	0.00452	0.00552	0.00603	0.00648	0.00424	0.00395	0.00710	0.00928	0.01229	0.10371	0.41985	0.12025	0.25426	0.01153	0.00269	0.00327	0.01087	0.00412	0.00372
13	0.01798	0.01159	0.01294	0.01008	0.01371	0.01231	0.00827	0.51223	0.06481	0.20754	0.01630	0.01543	0.06133	0.00633	0.00492	0.00149	0.00478	0.00493	0.00510	0.00794
14	0.00987	0.00908	0.01485	0.72315	0.07872	0.01106	0.01330	0.05757	0.01054	0.01365	0.00882	0.01279	0.00664	0.00487	0.00484	0.00159	0.00635	0.00431	0.00233	0.00569
15	0.01000	0.09495	0.73715	0.01333	0.02024	0.01194	0.01707	0.01527	0.01020	0.01501	0.00853	0.01002	0.00615	0.00456	0.00447	0.00149	0.00699	0.00350	0.00205	0.00708
16	0.22126	0.01009	0.01102	0.00859	0.01228	0.01018	0.00707	0.23590	0.01450	0.28073	0.01249	0.01210	0.00860	0.00524	0.00423	0.00137	0.00430	0.00390	0.00449	0.13167
17	0.00659	0.00466	0.00544	0.00563	0.00607	0.00443	0.00357	0.00722	0.00890	0.01175	0.11438	0.19998	0.14154	0.44072	0.01574	0.00330	0.00368	0.00913	0.00378	0.00351
18	0.00972	0.00946	0.01448	0.60602	0.02844	0.05281	0.06264	0.01337	0.05577	0.01321	0.02607	0.03320	0.02890	0.00558	0.00499	0.00162	0.00624	0.01939	0.00257	0.00551
19	0.04039	0.00835	0.01227	0.36783	0.12951	0.02765	0.01030	0.01261	0.06089	0.01473	0.12797	0.09660	0.01624	0.02673	0.00555	0.00169	0.00508	0.02691	0.00318	0.00551
20	0.06723	0.00891	0.01125	0.00871	0.01237	0.00828	0.00719	0.12371	0.01466	0.63140	0.01841	0.01635	0.03650	0.00609	0.00479	0.00150	0.00421	0.00485	0.00563	0.00795
21	0.00901	0.00510	0.00569	0.00572	0.00700	0.00498	0.00429	0.01148	0.05269	0.06641	0.02223	0.17730	0.09932	0.00857	0.00449	0.00144	0.00268	0.03938	0.46744	0.00477
22	0.00781	0.00688	0.01163	0.01017	0.01189	0.00649	0.19626	0.03741	0.01052	0.01393	0.02394	0.47158	0.09966	0.02568	0.00632	0.00189	0.00430	0.04489	0.00398	0.00476
23	0.03662	0.01008	0.01431	0.49653	0.07150	0.01189	0.01184	0.18795	0.07976	0.01764	0.01023	0.01287	0.00761	0.00517	0.00480	0.00157	0.00586	0.00437	0.00304	0.00636
24	0.08388	0.08476	0.01660	0.03697	0.08003	0.15703	0.17310	0.04698	0.04042	0.09883	0.01389	0.01649	0.06640	0.00586	0.00494	0.00150	0.01604	0.04673	0.00328	0.00628
25	0.06282	0.10898	0.05877	0.03030	0.01371	0.09181	0.03633	0.15612	0.12940	0.04245	0.02311	0.01477	0.07248	0.00596	0.00477	0.02126	0.00503	0.00445	0.00357	0.11391

[dist]
# distance from previous block
# <min> <max>
2	47

[block]
# block no. 3 follows, 52 sequences, length 25
# corresponding to MSA columns:
# 562-586
name=unknown_D
#
# <colnr> <probs for GDERKNQSTAVLIFYWHMCP>
#	G	D	E	R	K	N	Q	S	T	A	V	L	I	F	Y	W	H	M	C	P
0	0.01039	0.07144	0.00997	0.02882	0.02339	0.00802	0.00618	0.05774	0.11891	0.05702	0.07245	0.06600	0.06214	0.01093	0.01026	0.30704	0.03116	0.00553	0.00344	0.03916
1	0.05539	0.01180	0.05848	0.05178	0.04355	0.03306	0.29796	0.06170	0.06304	0.16615	0.03052	0.01526	0.01014	0.00527	0.00509	0.00154	0.00606	0.03196	0.00357	0.04768
2	0.01434	0.01079	0.03717	0.03047	0.12760	0.01046	0.19649	0.10422	0.04704	0.21943	0.03142	0.06251	0.01133	0.00654	0.01958	0.00170	0.05243	0.00551	0.00389	0.00707
3	0.00861	0.00572	0.00697	0.00660	0.00815	0.00538	0.00496	0.01151	0.08892	0.10279	0.35258	0.16301	0.19502	0.01051	0.00563	0.00163	0.00276	0.00914	0.00506	0.00507
4	0.00677	0.00536	0.00661	0.00704	0.03286	0.00509	0.00500	0.00867	0.03600	0.01488	0.23688	0.20017	0.29853	0.03610	0.00667	0.00181	0.02594	0.05663	0.00455	0.00444
5	0.01685	0.01988	0.01411	0.01423	0.10982	0.61217	0.00986	0.01882	0.04333	0.04462	0.00909	0.01106	0.00755	0.00531	0.00476	0.00134	0.02476	0.02366	0.00276	0.00602
6	0.00778	0.00560	0.00812	0.00793	0.00903	0.00531	0.06535	0.00965	0.04174	0.05946	0.11880	0.47698	0.04816	0.06648	0.00720	0.00203	0.00348	0.04788	0.00444	0.00458
7	0.04715	0.00883	0.01022	0.00876	0.01134	0.00910	0.00697	0.27303	0.05112	0.18003	0.05348	0.19555	0.05562	0.00887	0.00528	0.00165	0.00408	0.05747	0.00492	0.00655
8	0.00855	0.00496	0.00707	0.00692	0.00740	0.00521	0.00492	0.00839	0.03234	0.04208	0.03669	0.05368	0.01228	0.06286	0.19029	0.48336	0.02178	0.00522	0.00271	0.00328
9	0.02660	0.00464	0.00581	0.00657	0.00728	0.00438	0.00471	0.00777	0.01006	0.01382	0.09071	0.52564	0.11531	0.01340	0.00590	0.00186	0.00289	0.09104	0.05749	0.00413
10	0.01337	0.00943	0.01052	0.00862	0.01169	0.00967	0.00688	0.20188	0.22453	0.11384	0.08470	0.01847	0.06436	0.00645	0.00471	0.00139	0.00387	0.00526	0.05914	0.14124
11	0.00660	0.00494	0.00589	0.00578	0.00685	0.00446	0.00409	0.00801	0.01112	0.01495	0.33450	0.14191	0.22889	0.15693	0.00907	0.00215	0.00288	0.00927	0.00449	0.03721
12	0.02896	0.00763	0.00904	0.00706	0.01031	0.00624	0.00550	0.02836	0.01046	0.06569	0.06016	0.07174	0.05046	0.03717	0.03123	0.02483	0.00384	0.00476	0.00343	0.53314
13	0.02751	0.00554	0.00632	0.00646	0.00757	0.02137	0.00465	0.02532	0.01059	0.05290	0.10836	0.32230	0.18753	0.09987	0.00770	0.00205	0.00322	0.04635	0.03743	0.01698
14	0.67086	0.00935	0.00782	0.00680	0.00974	0.01063	0.00557	0.09738	0.01022	0.04165	0.02510	0.00984	0.00713	0.00488	0.00333	0.00147	0.00379	0.00314	0.06573	0.00558
15	0.04067	0.00563	0.00631	0.00601	0.00747	0.00531	0.00443	0.03900	0.02499	0.06838	0.16887	0.10870	0.30611	0.12069	0.00799	0.00202	0.00307	0.01831	0.05147	0.00458
16	0.00847	0.00577	0.00694	0.00636	0.00800	0.00513	0.00463	0.01026	0.03274	0.07718	0.19235	0.17573	0.13275	0.13521	0.00819	0.00196	0.00318	0.00812	0.03278	0.14424
17	0.00801	0.00515	0.00623	0.00625	0.00723	0.00491	0.00446	0.03735	0.02166	0.04777	0.09152	0.22830	0.18104	0.09544	0.00945	0.12871	0.00325	0.02888	0.08026	0.00412
18	0.05821	0.01076	0.01185	0.00957	0.01291	0.01157	0.00776	0.33495	0.20743	0.19891	0.01610	0.01523	0.02866	0.00612	0.00473	0.00150	0.00440	0.00481	0.04685	0.00768
19	0.03634	0.00626	0.00756	0.00711	0.00869	0.00613	0.00533	0.05898	0.05534	0.13700	0.12530	0.20404	0.12607	0.10171	0.04028	0.01871	0.00386	0.04163	0.00454	0.00512
20	0.08305	0.00639	0.00744	0.00678	0.00869	0.00601	0.00509	0.02619	0.04043	0.15092	0.10932	0.19628	0.12575	0.08884	0.00700	0.00187	0.00336	0.01932	0.02800	0.07927
21	0.08120	0.00589	0.00686	0.00671	0.00799	0.00584	0.00482	0.04202	0.03520	0.11360	0.06319	0.33589	0.03607	0.14007	0.00828	0.00216	0.00340	0.00878	0.08724	0.00481
22	0.24459	0.00773	0.00795	0.00691	0.00930	0.00806	0.00546	0.11943	0.01210	0.14837	0.06101	0.07701	0.06642	0.02800	0.00477	0.00155	0.00351	0.00541	0.17670	0.00573
23	0.04144	0.00554	0.00735	0.02267	0.00845	0.00565	0.02287	0.00968	0.04762	0.05788	0.03651	0.19676	0.06507	0.14251	0.13646	0.16023	0.00526	0.00744	0.01650	0.00411
24	0.00710	0.00486	0.00592	0.00600	0.00691	0.00449	0.00422	0.00814	0.01027	0.04468	0.19099	0.19894	0.22409	0.16791	0.03192	0.04571	0.00340	0.02617	0.00427	0.00402

[dist]
# distance from previous block
# <min> <max>
9	16

[block]
# block no. 4 follows, 52 sequences, length 56
# corresponding to MSA columns:
# 618-648,654-658,661-680
name=unknown_E
#
# <colnr> <probs for GDERKNQSTAVLIFYWHMCP>
#	G	D	E	R	K	N	Q	S	T	A	V	L	I	F	Y	W	H	M	C	P
0	0.03096	0.03726	0.03591	0.01058	0.01268	0.03470	0.11657	0.02879	0.03654	0.01361	0.03216	0.01593	0.01057	0.09681	0.21458	0.00346	0.16147	0.00484	0.00273	0.09984
1	0.00745	0.02590	0.00797	0.00800	0.04366	0.00621	0.00551	0.00859	0.00793	0.01117	0.02665	0.05611	0.01453	0.25817	0.42941	0.02931	0.02425	0.00598	0.01911	0.00408
2	0.08922	0.01075	0.05611	0.17084	0.05604	0.05644	0.03867	0.07811	0.10017	0.08264	0.10558	0.01614	0.02470	0.00696	0.02183	0.02298	0.04822	0.00492	0.00354	0.00615
3	0.01041	0.00965	0.07894	0.01033	0.04930	0.03096	0.09475	0.05450	0.08791	0.07124	0.05367	0.07040	0.10656	0.14778	0.03224	0.03242	0.00504	0.00645	0.01775	0.02970
4	0.23082	0.00970	0.01067	0.00852	0.01195	0.01001	0.00700	0.19859	0.04919	0.35572	0.01415	0.01334	0.00957	0.00559	0.00433	0.00148	0.00421	0.00420	0.04366	0.00730
5	0.00681	0.00490	0.00604	0.00646	0.02957	0.00450	0.00450	0.00852	0.01150	0.01602	0.31858	0.22790	0.20380	0.01100	0.00550	0.00160	0.00255	0.00963	0.11622	0.00439
6	0.02086	0.00574	0.00821	0.04387	0.02606	0.00566	0.03930	0.00979	0.00991	0.07994	0.11598	0.18150	0.12023	0.06231	0.14109	0.09115	0.00521	0.00784	0.02085	0.00450
7	0.00991	0.00563	0.00692	0.00661	0.00821	0.00508	0.00495	0.02876	0.01140	0.18509	0.08483	0.26231	0.23665	0.04487	0.00635	0.00181	0.00312	0.03506	0.04737	0.00506
8	0.00790	0.00656	0.00781	0.00738	0.00845	0.05126	0.02652	0.00982	0.04510	0.01278	0.11817	0.02643	0.10739	0.21107	0.29656	0.00451	0.02128	0.00654	0.02015	0.00431
9	0.34630	0.00874	0.02455	0.00762	0.01062	0.00875	0.00627	0.05208	0.03884	0.29920	0.03691	0.06055	0.01124	0.00642	0.00469	0.03168	0.00390	0.00457	0.03071	0.00635
10	0.00807	0.00513	0.00625	0.00631	0.00716	0.00487	0.00433	0.03464	0.01023	0.07313	0.12020	0.32513	0.09355	0.22848	0.01071	0.00252	0.00337	0.00966	0.04200	0.00426
11	0.04917	0.01078	0.01257	0.00974	0.01347	0.01103	0.00802	0.36412	0.05425	0.39235	0.01536	0.01409	0.01021	0.00589	0.00480	0.00149	0.00464	0.00459	0.00533	0.00811
12	0.10117	0.00716	0.00811	0.00688	0.00934	0.00707	0.00549	0.05994	0.05964	0.28038	0.06169	0.01818	0.04097	0.00619	0.00423	0.00138	0.00331	0.00493	0.30771	0.00622
13	0.00683	0.00504	0.00599	0.00609	0.00722	0.00464	0.00443	0.00864	0.03754	0.03115	0.24676	0.20941	0.28281	0.07965	0.00739	0.00195	0.00284	0.04267	0.00465	0.00432
14	0.00723	0.00545	0.00656	0.00648	0.00773	0.00515	0.01325	0.05823	0.02316	0.01584	0.22831	0.26203	0.25107	0.03527	0.00629	0.00178	0.00289	0.02899	0.02978	0.00451
15	0.00959	0.02416	0.76830	0.01354	0.02041	0.01102	0.01737	0.01504	0.01012	0.01516	0.00889	0.01063	0.00641	0.00605	0.04130	0.00182	0.00743	0.00365	0.00207	0.00703
16	0.00657	0.00485	0.00662	0.00732	0.00792	0.00462	0.02522	0.03344	0.00993	0.01320	0.02625	0.71900	0.04911	0.01441	0.00614	0.00195	0.00311	0.05170	0.00445	0.00418
17	0.00835	0.00538	0.00668	0.00695	0.00790	0.00527	0.00498	0.04446	0.04755	0.06613	0.08348	0.46306	0.02676	0.06979	0.00700	0.00199	0.00318	0.04756	0.08888	0.00465
18	0.06631	0.00968	0.01122	0.00887	0.01219	0.00980	0.00725	0.29124	0.03265	0.33299	0.08223	0.01755	0.05351	0.00650	0.00482	0.00148	0.00422	0.00516	0.03492	0.00741
19	0.01022	0.02294	0.70720	0.01340	0.02002	0.01074	0.03680	0.01539	0.01041	0.05602	0.01007	0.04731	0.00764	0.00514	0.00472	0.00155	0.00684	0.00416	0.00237	0.00706
20	0.01086	0.00916	0.01062	0.00777	0.01188	0.02541	0.02216	0.05922	0.01112	0.03412	0.02778	0.01173	0.02581	0.00416	0.00385	0.00085	0.00386	0.00337	0.00314	0.71311
21	0.00922	0.00556	0.00692	0.00674	0.00798	0.00533	0.00494	0.03269	0.02386	0.11426	0.10019	0.24243	0.06740	0.14054	0.06117	0.00254	0.00401	0.05007	0.09044	0.02373
22	0.00830	0.00620	0.00842	0.00804	0.02562	0.02927	0.04008	0.00903	0.00856	0.02954	0.08092	0.02328	0.05979	0.22171	0.22666	0.15502	0.04667	0.00596	0.00298	0.00394
23	0.00804	0.00623	0.00748	0.00686	0.00848	0.02920	0.04001	0.02247	0.03130	0.05832	0.24777	0.11077	0.32467	0.05697	0.00673	0.00180	0.00322	0.02042	0.00459	0.00469
24	0.00786	0.00548	0.00750	0.03522	0.00893	0.00528	0.02815	0.00946	0.01124	0.07116	0.30291	0.26382	0.11251	0.07503	0.00754	0.00194	0.02722	0.00959	0.00457	0.00458
25	0.08893	0.00862	0.00995	0.00839	0.01112	0.03614	0.00671	0.12586	0.03081	0.34130	0.11622	0.10372	0.01807	0.02343	0.00541	0.00164	0.00408	0.04789	0.00505	0.00666
26	0.01129	0.01231	0.02437	0.01816	0.03692	0.02982	0.59176	0.03212	0.03302	0.01571	0.03892	0.01595	0.03273	0.00520	0.00627	0.00166	0.05627	0.02842	0.00277	0.00633
27	0.03800	0.00920	0.01235	0.06218	0.05556	0.05725	0.08937	0.05391	0.05731	0.17471	0.11426	0.07876	0.04387	0.03697	0.01876	0.04083	0.04060	0.00610	0.00401	0.00598
28	0.02651	0.00843	0.03385	0.14374	0.07094	0.04693	0.00810	0.03053	0.02890	0.03611	0.01452	0.14919	0.01494	0.20067	0.05196	0.00274	0.07966	0.04421	0.00314	0.00492
29	0.08494	0.00676	0.00917	0.04605	0.05455	0.00702	0.05178	0.04501	0.02991	0.01562	0.05640	0.28824	0.02095	0.05704	0.00663	0.00191	0.01954	0.09957	0.09403	0.00489
30	0.00868	0.00781	0.02412	0.05009	0.02544	0.03551	0.14072	0.01012	0.00884	0.02140	0.01449	0.13890	0.01532	0.32963	0.08386	0.00341	0.05472	0.00702	0.01550	0.00442
31	0.00724	0.00545	0.00700	0.00676	0.00782	0.00554	0.00498	0.00955	0.05669	0.01498	0.31229	0.10284	0.06496	0.12578	0.19970	0.00347	0.01888	0.00775	0.00408	0.03422
32	0.08797	0.01164	0.03138	0.13754	0.37025	0.03436	0.04827	0.11287	0.05902	0.04552	0.01012	0.01217	0.00785	0.00481	0.00469	0.00149	0.00568	0.00428	0.00300	0.00710
33	0.00846	0.00601	0.00798	0.03172	0.02910	0.00574	0.02773	0.02951	0.05863	0.06908	0.03629	0.39445	0.15504	0.01189	0.00657	0.06065	0.00343	0.00983	0.00423	0.04365
34	0.01044	0.00994	0.01675	0.45590	0.32595	0.01115	0.03597	0.01404	0.04582	0.01415	0.00935	0.01280	0.00733	0.00470	0.00486	0.00155	0.00612	0.00441	0.00238	0.00640
35	0.01080	0.00610	0.00776	0.00685	0.00880	0.00551	0.00531	0.03955	0.01325	0.21190	0.38675	0.09321	0.13614	0.00944	0.00548	0.00156	0.00297	0.01925	0.00524	0.02413
36	0.03265	0.00685	0.00875	0.06153	0.08356	0.00684	0.00650	0.06828	0.03676	0.06439	0.12376	0.12581	0.23665	0.06340	0.02950	0.00201	0.00394	0.02941	0.00419	0.00521
37	0.01325	0.00629	0.00826	0.00716	0.00931	0.00558	0.00552	0.01491	0.01248	0.36590	0.22136	0.14625	0.09494	0.05806	0.00654	0.00178	0.00334	0.00781	0.00529	0.00597
38	0.01058	0.12452	0.63851	0.01290	0.01924	0.06265	0.01588	0.01533	0.01035	0.01454	0.00848	0.01005	0.00630	0.00535	0.02412	0.00161	0.00716	0.00347	0.00209	0.00688
39	0.27846	0.01057	0.01052	0.00880	0.01198	0.01179	0.00711	0.22865	0.24207	0.07073	0.01300	0.01282	0.00957	0.00557	0.00422	0.00149	0.00418	0.00414	0.03315	0.03116
40	0.05182	0.00607	0.00706	0.00676	0.00847	0.00577	0.00509	0.02685	0.07481	0.13347	0.11236	0.25839	0.25363	0.01094	0.00552	0.00170	0.00305	0.01832	0.00478	0.00516
41	0.12430	0.00867	0.01071	0.00878	0.01171	0.00877	0.00724	0.09775	0.01276	0.41588	0.01558	0.01780	0.01159	0.02886	0.05058	0.00201	0.06961	0.06454	0.00473	0.02812
42	0.00949	0.00741	0.00925	0.00819	0.01029	0.02370	0.06517	0.01394	0.18399	0.08054	0.15836	0.06937	0.25270	0.03299	0.00607	0.00174	0.00364	0.05305	0.00461	0.00550
43	0.04111	0.00560	0.00649	0.00642	0.00747	0.00552	0.00448	0.03238	0.06094	0.04904	0.14346	0.24865	0.12913	0.22504	0.01058	0.00249	0.00341	0.00913	0.00427	0.00440
44	0.01051	0.00714	0.00829	0.00742	0.00926	0.00718	0.00567	0.15756	0.06329	0.08650	0.20764	0.11010	0.13543	0.10838	0.00778	0.00199	0.00359	0.04258	0.01423	0.00545
45	0.04053	0.01056	0.03323	0.46499	0.25624	0.04733	0.03538	0.01354	0.01022	0.01378	0.00868	0.01226	0.00682	0.00488	0.00503	0.01769	0.00628	0.00422	0.00228	0.00607
46	0.01222	0.00807	0.00860	0.00751	0.00974	0.00873	0.00590	0.16317	0.22771	0.06018	0.04270	0.01738	0.01338	0.00610	0.00424	0.00136	0.00337	0.00491	0.38843	0.00628
47	0.03792	0.00605	0.00720	0.00686	0.00836	0.00586	0.00512	0.06898	0.03932	0.08968	0.22889	0.24225	0.15148	0.05430	0.00661	0.00184	0.00314	0.02639	0.00476	0.00499
48	0.02400	0.00747	0.00844	0.00782	0.00971	0.00787	0.00591	0.06436	0.27670	0.06452	0.17107	0.17602	0.10754	0.03863	0.00606	0.00177	0.00334	0.00807	0.00484	0.00586
49	0.01070	0.00894	0.00936	0.00864	0.01060	0.03751	0.00650	0.07223	0.41651	0.01783	0.06881	0.10466	0.04013	0.13192	0.00813	0.00212	0.00402	0.03073	0.00449	0.00615
50	0.00848	0.00509	0.00629	0.00608	0.00723	0.00482	0.00441	0.01002	0.01079	0.09513	0.22515	0.14255	0.11204	0.13320	0.07250	0.00251	0.00377	0.00804	0.13736	0.00453
51	0.13968	0.00650	0.00720	0.00649	0.00844	0.00624	0.00491	0.04217	0.01105	0.13822	0.11925	0.11441	0.20563	0.09259	0.00747	0.03131	0.00338	0.00735	0.00431	0.04336
52	0.00870	0.00613	0.00725	0.00707	0.00847	0.00602	0.00524	0.11204	0.03954	0.04939	0.14451	0.34598	0.16602	0.02335	0.00596	0.00177	0.00315	0.02856	0.02588	0.00496
53	0.00931	0.00597	0.00721	0.00657	0.00824	0.00558	0.00497	0.06191	0.02849	0.11858	0.34370	0.10405	0.21133	0.05408	0.00659	0.00175	0.00297	0.00860	0.00498	0.00510
54	0.00739	0.00538	0.00676	0.00702	0.02996	0.00508	0.00495	0.02821	0.02508	0.03726	0.29665	0.20929	0.18962	0.06563	0.03531	0.00209	0.00329	0.03187	0.00462	0.00455
55	0.07520	0.00679	0.00828	0.03064	0.04908	0.03580	0.00603	0.03117	0.00961	0.05686	0.06834	0.10332	0.08324	0.09499	0.17074	0.11854	0.02409	0.01941	0.00338	0.00451

[dist]
# distance from previous block
# <min> <max>
1	17

[block]
# block no. 5 follows, 52 sequences, length 28
# corresponding to MSA columns:
# 698-725
name=unknown_F
#
# <colnr> <probs for GDERKNQSTAVLIFYWHMCP>
#	G	D	E	R	K	N	Q	S	T	A	V	L	I	F	Y	W	H	M	C	P
0	0.07996	0.04685	0.06285	0.12219	0.07986	0.01860	0.00844	0.02396	0.01024	0.03314	0.03184	0.04808	0.03121	0.01790	0.03589	0.00153	0.00489	0.01921	0.00295	0.32041
1	0.07111	0.12673	0.14436	0.03367	0.06674	0.08070	0.09986	0.05406	0.01147	0.07781	0.04223	0.02872	0.02645	0.00604	0.00541	0.00153	0.05799	0.05575	0.00307	0.00631
2	0.00915	0.05692	0.09234	0.00806	0.00994	0.05503	0.00686	0.01103	0.04756	0.04997	0.07014	0.18592	0.11129	0.03210	0.07017	0.12822	0.02293	0.02409	0.00354	0.00473
3	0.44215	0.00978	0.01056	0.01072	0.12360	0.01045	0.00743	0.07004	0.05710	0.17845	0.01073	0.01112	0.00777	0.00497	0.00389	0.00148	0.00422	0.00361	0.00376	0.02815
4	0.02578	0.00543	0.00659	0.00646	0.00783	0.00501	0.00476	0.02529	0.02897	0.07523	0.26875	0.28592	0.19430	0.01138	0.00567	0.00167	0.00278	0.00995	0.00482	0.02341
5	0.00718	0.00579	0.00691	0.00751	0.03268	0.03178	0.00517	0.00878	0.03968	0.01301	0.08824	0.31055	0.17130	0.08767	0.10551	0.02527	0.01624	0.02847	0.00398	0.00428
6	0.07574	0.00811	0.00926	0.00755	0.01065	0.02579	0.00603	0.03482	0.05058	0.26777	0.06018	0.05221	0.13570	0.00699	0.00468	0.00137	0.00369	0.02076	0.00450	0.21364
7	0.00709	0.00490	0.00572	0.00571	0.00587	0.00499	0.00349	0.00738	0.00763	0.01023	0.04706	0.04878	0.04125	0.68912	0.04270	0.00436	0.02613	0.03126	0.00313	0.00320
8	0.14096	0.00919	0.01066	0.00842	0.01181	0.00914	0.00691	0.18990	0.01464	0.43402	0.01532	0.01434	0.01023	0.00570	0.00444	0.00145	0.00414	0.00440	0.09691	0.00741
9	0.00756	0.00512	0.00621	0.00641	0.00752	0.00477	0.00467	0.02434	0.02856	0.05572	0.13681	0.33541	0.21040	0.03389	0.00647	0.01720	0.00292	0.04761	0.05395	0.00446
10	0.39280	0.00977	0.01006	0.00812	0.01156	0.01030	0.00670	0.16555	0.01310	0.30960	0.01222	0.01175	0.00830	0.00530	0.00404	0.00149	0.00419	0.00378	0.00445	0.00692
11	0.01118	0.01272	0.04693	0.01926	0.05636	0.01198	0.62620	0.01543	0.04428	0.01537	0.01019	0.01337	0.00785	0.00601	0.04650	0.00195	0.03989	0.00551	0.00254	0.00649
12	0.02129	0.00513	0.00636	0.00664	0.00758	0.00493	0.00479	0.02464	0.03891	0.03273	0.22082	0.38709	0.09348	0.03812	0.00659	0.01574	0.00292	0.04389	0.03391	0.00443
13	0.04688	0.00747	0.00899	0.00782	0.01011	0.00738	0.00613	0.10518	0.08119	0.24222	0.17723	0.11674	0.05622	0.04589	0.00611	0.00174	0.00363	0.03941	0.02349	0.00617
14	0.00985	0.00737	0.04273	0.00831	0.00998	0.00745	0.00678	0.10284	0.01038	0.08395	0.03807	0.01895	0.01279	0.09268	0.48657	0.00552	0.02764	0.00523	0.01772	0.00518
15	0.18560	0.01022	0.01107	0.00891	0.01227	0.01083	0.00727	0.26983	0.10414	0.25192	0.03301	0.01442	0.02456	0.00590	0.00449	0.00149	0.00429	0.00451	0.02794	0.00732
16	0.08095	0.00690	0.00774	0.00704	0.00890	0.00698	0.00534	0.08925	0.08411	0.10328	0.15201	0.13546	0.14725	0.07727	0.02343	0.00197	0.00357	0.00759	0.04558	0.00538
17	0.04419	0.00741	0.00832	0.00738	0.00934	0.00767	0.00569	0.14006	0.11529	0.07627	0.21019	0.06005	0.08405	0.08258	0.00681	0.00182	0.00349	0.02658	0.09715	0.00565
18	0.00728	0.00588	0.00667	0.00698	0.00797	0.03939	0.00504	0.02813	0.04768	0.01378	0.08278	0.39885	0.16579	0.01610	0.12392	0.00265	0.00455	0.01023	0.02188	0.00444
19	0.00802	0.00554	0.00661	0.00654	0.00754	0.00550	0.00459	0.01082	0.11191	0.04909	0.21524	0.22889	0.06574	0.20602	0.01012	0.00240	0.00328	0.00891	0.03868	0.00456
20	0.04813	0.00559	0.00657	0.00663	0.00778	0.00549	0.00477	0.01061	0.08044	0.06697	0.12735	0.29702	0.11592	0.12345	0.00816	0.00214	0.00322	0.03725	0.03787	0.00463
21	0.24404	0.00719	0.00732	0.00677	0.00873	0.00765	0.00527	0.08784	0.04480	0.04783	0.14464	0.13833	0.03668	0.00786	0.00448	0.00153	0.00325	0.02645	0.16409	0.00526
22	0.00741	0.00604	0.00869	0.00841	0.00937	0.02849	0.03187	0.00911	0.00819	0.01152	0.01370	0.08897	0.01335	0.03162	0.66447	0.00670	0.03903	0.00587	0.00274	0.00443
23	0.00820	0.00537	0.00723	0.00717	0.00807	0.00565	0.00530	0.00996	0.06207	0.05172	0.07944	0.11300	0.02959	0.10441	0.29271	0.13646	0.00694	0.04015	0.02229	0.00425
24	0.14749	0.00713	0.00799	0.00715	0.00910	0.00731	0.00548	0.09285	0.05203	0.12749	0.11828	0.10028	0.09889	0.04766	0.03090	0.09573	0.00388	0.00645	0.02866	0.00527
25	0.00878	0.02464	0.00933	0.04296	0.02765	0.01936	0.02727	0.02183	0.02428	0.05069	0.04659	0.03788	0.01379	0.14531	0.39459	0.02668	0.02712	0.00555	0.02168	0.02402
26	0.08238	0.00575	0.00650	0.00620	0.00706	0.00592	0.00418	0.00989	0.04176	0.06669	0.06057	0.07373	0.06614	0.46592	0.05605	0.00364	0.02307	0.00697	0.00352	0.00405
27	0.05702	0.00687	0.00784	0.00765	0.01978	0.04077	0.00553	0.03852	0.03574	0.03346	0.08204	0.16766	0.07770	0.11871	0.08497	0.09379	0.05804	0.01580	0.02516	0.02294

[dist]
# distance from previous block
# <min> <max>
0	40

[block]
# block no. 6 follows, 52 sequences, length 10
# corresponding to MSA columns:
# 768-777
name=unknown_G
#
# <colnr> <probs for GDERKNQSTAVLIFYWHMCP>
#	G	D	E	R	K	N	Q	S	T	A	V	L	I	F	Y	W	H	M	C	P
0	0.15812	0.00891	0.00899	0.06354	0.02610	0.08768	0.00675	0.08084	0.03036	0.03377	0.10704	0.13175	0.10399	0.00974	0.03912	0.00187	0.00463	0.06845	0.00389	0.02445
1	0.03659	0.00924	0.01132	0.08080	0.06649	0.04182	0.03756	0.16854	0.08853	0.03648	0.01269	0.04381	0.01145	0.17960	0.04187	0.08695	0.00540	0.00527	0.00341	0.03217
2	0.05949	0.21090	0.05764	0.01119	0.06864	0.06113	0.04609	0.18815	0.01309	0.06417	0.01151	0.01358	0.03910	0.06781	0.02135	0.00172	0.02388	0.00422	0.00324	0.03308
3	0.00781	0.00516	0.00635	0.00650	0.00751	0.00479	0.00456	0.00930	0.03626	0.07119	0.08466	0.38749	0.11827	0.14209	0.00872	0.00221	0.00321	0.02692	0.02643	0.04056
4	0.04248	0.00522	0.00685	0.08201	0.00944	0.00540	0.00518	0.00842	0.00863	0.03884	0.01952	0.34092	0.04618	0.22374	0.09405	0.04178	0.00482	0.00898	0.00357	0.00398
5	0.01036	0.00809	0.00962	0.00723	0.01103	0.00622	0.00569	0.01234	0.01022	0.06802	0.01139	0.10388	0.01035	0.00508	0.00397	0.00091	0.00354	0.00425	0.00327	0.70456
6	0.08519	0.04278	0.02808	0.17411	0.16219	0.06509	0.04856	0.08400	0.05289	0.03659	0.04460	0.06407	0.01138	0.05889	0.01982	0.00183	0.00560	0.00511	0.00313	0.00609
7	0.04570	0.00996	0.01328	0.22038	0.11278	0.07585	0.06669	0.05234	0.03833	0.02908	0.06854	0.04916	0.07336	0.03604	0.02109	0.00175	0.02291	0.00548	0.00314	0.05414
8	0.03532	0.00716	0.04926	0.00704	0.00881	0.02494	0.00566	0.03511	0.04937	0.03815	0.13373	0.21428	0.25839	0.04170	0.00628	0.00180	0.00339	0.05358	0.00437	0.02165
9	0.13262	0.03459	0.12236	0.12774	0.06147	0.03348	0.04499	0.08142	0.02950	0.07471	0.01104	0.06535	0.00920	0.02946	0.00502	0.00152	0.00523	0.00453	0.00315	0.12261

[dist]
# distance from previous block
# <min> <max>
1	42

[block]
# block no. 7 follows, 52 sequences, length 14
# corresponding to MSA columns:
# 820-833
name=unknown_H
#
# <colnr> <probs for GDERKNQSTAVLIFYWHMCP>
#	G	D	E	R	K	N	Q	S	T	A	V	L	I	F	Y	W	H	M	C	P
0	0.05726	0.04412	0.02173	0.03879	0.07548	0.07045	0.00807	0.14046	0.07506	0.06914	0.09490	0.02006	0.04546	0.00911	0.06945	0.00198	0.00537	0.07127	0.00387	0.07797
1	0.04373	0.07135	0.00879	0.04064	0.00917	0.00721	0.00570	0.02563	0.02285	0.01204	0.01596	0.11773	0.05269	0.18628	0.19219	0.09947	0.03221	0.04917	0.00307	0.00415
2	0.00731	0.00554	0.00657	0.00649	0.00715	0.02782	0.02047	0.00828	0.03150	0.01158	0.06799	0.16446	0.11588	0.34805	0.08853	0.06220	0.00485	0.00813	0.00349	0.00371
3	0.03864	0.32130	0.07260	0.01054	0.01439	0.16470	0.05602	0.12113	0.01251	0.04708	0.00866	0.00984	0.00700	0.00564	0.02793	0.00143	0.01968	0.00340	0.00280	0.05471
4	0.07233	0.06732	0.03050	0.14026	0.16765	0.09231	0.05710	0.05324	0.03426	0.01485	0.01153	0.04687	0.04601	0.00661	0.00608	0.07949	0.01866	0.00465	0.00277	0.04751
5	0.01250	0.13778	0.06224	0.03413	0.12659	0.02603	0.07122	0.12998	0.06076	0.03235	0.00988	0.01147	0.00788	0.00583	0.03244	0.00151	0.03926	0.00390	0.00302	0.19122
6	0.00816	0.04023	0.05301	0.00790	0.00941	0.00673	0.01976	0.03720	0.10308	0.03100	0.02292	0.43228	0.07026	0.06905	0.04865	0.00231	0.00415	0.02486	0.00412	0.00491
7	0.01076	0.00672	0.00878	0.00804	0.00975	0.00658	0.03834	0.07671	0.07805	0.15593	0.08177	0.36142	0.03908	0.05674	0.00661	0.00188	0.00361	0.00920	0.03452	0.00551
8	0.03985	0.03975	0.01518	0.13119	0.14512	0.08573	0.07350	0.14956	0.07807	0.06283	0.03127	0.02929	0.02336	0.02937	0.00594	0.01679	0.02846	0.00481	0.00338	0.00655
9	0.00651	0.00487	0.00652	0.00731	0.00779	0.00488	0.00531	0.00768	0.00979	0.01313	0.07883	0.58876	0.05710	0.01406	0.00680	0.00197	0.05275	0.11739	0.00441	0.00414
10	0.03644	0.00831	0.00912	0.00788	0.01027	0.00880	0.00615	0.14556	0.21972	0.13319	0.04414	0.04281	0.06779	0.05692	0.00585	0.00167	0.00368	0.00569	0.17960	0.00640
11	0.06870	0.00757	0.01004	0.03316	0.11119	0.00784	0.00729	0.08784	0.05965	0.10202	0.02755	0.05368	0.04013	0.02613	0.04158	0.23110	0.00475	0.07097	0.00356	0.00524
12	0.04017	0.01226	0.01294	0.01139	0.06110	0.07329	0.00857	0.48130	0.03824	0.05581	0.01350	0.12246	0.01153	0.00720	0.00529	0.02271	0.00512	0.00554	0.00440	0.00717
13	0.00721	0.00520	0.00640	0.00647	0.00681	0.00540	0.00442	0.00792	0.00863	0.01164	0.09812	0.11126	0.04979	0.47857	0.01739	0.00351	0.06004	0.10409	0.00353	0.00360

[dist]
# distance from previous block
# <min> <max>
0	3

[block]
# block no. 8 follows, 52 sequences, length 16
# corresponding to MSA columns:
# 837-852
name=unknown_I
#
# <colnr> <probs for GDERKNQSTAVLIFYWHMCP>
#	G	D	E	R	K	N	Q	S	T	A	V	L	I	F	Y	W	H	M	C	P
0	0.18868	0.01105	0.01160	0.00937	0.01262	0.01207	0.00761	0.44664	0.03587	0.09581	0.03637	0.08686	0.01143	0.00656	0.00463	0.00152	0.00454	0.00508	0.00456	0.00712
1	0.04414	0.00509	0.00590	0.00599	0.00680	0.00494	0.00410	0.00868	0.02886	0.02971	0.16626	0.20825	0.12155	0.27727	0.01176	0.00267	0.00339	0.02531	0.03531	0.00402
2	0.06753	0.00533	0.00684	0.08939	0.00995	0.00539	0.00549	0.00852	0.01023	0.01441	0.17359	0.38307	0.09588	0.05552	0.00670	0.00194	0.00330	0.04841	0.00423	0.00429
3	0.01199	0.01151	0.01967	0.02974	0.79946	0.01151	0.01487	0.01487	0.01103	0.01583	0.00912	0.01199	0.00768	0.00432	0.00480	0.00144	0.00576	0.00432	0.00240	0.00768
4	0.00954	0.00927	0.01568	0.01310	0.02881	0.01071	0.21373	0.01149	0.00910	0.01319	0.01252	0.18438	0.01275	0.01040	0.06416	0.00228	0.32369	0.00672	0.04319	0.00528
5	0.00631	0.00474	0.00542	0.00557	0.00667	0.00423	0.00399	0.00768	0.01098	0.01446	0.21185	0.20615	0.36533	0.06440	0.00689	0.00185	0.00262	0.01009	0.05665	0.00412
6	0.00610	0.00433	0.00572	0.00675	0.00706	0.00409	0.00456	0.00695	0.00921	0.01226	0.02577	0.72267	0.03071	0.07799	0.00764	0.00219	0.00305	0.05470	0.00438	0.00389
7	0.01263	0.01075	0.01428	0.01175	0.01497	0.01174	0.15263	0.02368	0.58956	0.07498	0.01782	0.01703	0.01320	0.00607	0.00507	0.00163	0.00467	0.00548	0.00454	0.00750
8	0.01024	0.03734	0.49451	0.05407	0.06494	0.01149	0.20614	0.01505	0.01063	0.01530	0.02936	0.01178	0.00757	0.00460	0.00490	0.00155	0.00713	0.00430	0.00226	0.00686
9	0.81247	0.00930	0.00737	0.00651	0.00955	0.01064	0.00536	0.01482	0.00859	0.06946	0.00750	0.00840	0.00566	0.00459	0.00311	0.00150	0.00377	0.00276	0.00318	0.00543
10	0.01194	0.40769	0.34874	0.01125	0.01666	0.01533	0.04156	0.06952	0.01099	0.01456	0.00802	0.00927	0.00637	0.00445	0.00395	0.00130	0.00613	0.00325	0.00227	0.00677
11	0.01208	0.01051	0.01606	0.19412	0.39565	0.01125	0.01236	0.10077	0.09109	0.04093	0.05823	0.01437	0.01062	0.00521	0.00488	0.00151	0.00541	0.00472	0.00316	0.00707
12	0.00669	0.00483	0.00618	0.00655	0.00715	0.00485	0.00465	0.00771	0.00882	0.01175	0.04472	0.21253	0.11101	0.26396	0.18865	0.00405	0.00574	0.09273	0.00363	0.00382
13	0.00826	0.00559	0.00686	0.00663	0.00813	0.00523	0.00508	0.01088	0.06754	0.08696	0.33448	0.13667	0.21315	0.01083	0.00573	0.00167	0.00285	0.07355	0.00499	0.00492
14	0.00701	0.00523	0.00651	0.00701	0.00808	0.00496	0.00540	0.04150	0.01127	0.01467	0.11505	0.31342	0.21419	0.01303	0.00610	0.00189	0.00322	0.21250	0.00460	0.00437
15	0.01474	0.00960	0.01071	0.00909	0.01187	0.03880	0.00718	0.14736	0.26072	0.23007	0.11792	0.08735	0.01807	0.00740	0.00509	0.00157	0.00406	0.00617	0.00513	0.00713

[dist]
# distance from previous block
# <min> <max>
3	5

[block]
# block no. 9 follows, 52 sequences, length 40
# corresponding to MSA columns:
# 859-898
name=unknown_J
#
# <colnr> <probs for GDERKNQSTAVLIFYWHMCP>
#	G	D	E	R	K	N	Q	S	T	A	V	L	I	F	Y	W	H	M	C	P
0	0.04094	0.01249	0.01223	0.01033	0.01347	0.08451	0.00819	0.27006	0.42618	0.02277	0.01529	0.01461	0.01140	0.00604	0.00476	0.00152	0.00475	0.00474	0.00457	0.03114
1	0.00911	0.00734	0.00823	0.00718	0.00889	0.05048	0.02630	0.04791	0.00988	0.02712	0.04807	0.13835	0.03837	0.32201	0.02480	0.00269	0.00447	0.00672	0.00339	0.20869
2	0.13526	0.01138	0.09633	0.01091	0.05317	0.02462	0.02087	0.15233	0.05997	0.12155	0.01211	0.04173	0.00969	0.01099	0.13646	0.00260	0.08534	0.00462	0.00359	0.00649
3	0.05827	0.25770	0.18350	0.01088	0.01503	0.10345	0.06673	0.08011	0.01198	0.05305	0.08364	0.01232	0.01044	0.00525	0.00458	0.00137	0.02838	0.00398	0.00292	0.00641
4	0.01146	0.01300	0.02820	0.02083	0.05932	0.01222	0.74818	0.01549	0.01142	0.01554	0.00977	0.01302	0.00737	0.00410	0.00568	0.00163	0.00806	0.00566	0.00245	0.00659
5	0.66354	0.00923	0.00818	0.00697	0.01015	0.01017	0.00574	0.03433	0.00979	0.18936	0.00951	0.00981	0.00676	0.00485	0.00344	0.00150	0.00387	0.00315	0.00369	0.00596
6	0.07150	0.00649	0.00751	0.00686	0.00880	0.00634	0.00535	0.01305	0.11980	0.10339	0.33438	0.04446	0.17596	0.00918	0.00532	0.00158	0.00299	0.04567	0.00490	0.02646
7	0.00687	0.00514	0.00768	0.00774	0.00857	0.00595	0.00598	0.00856	0.00786	0.01130	0.01366	0.05894	0.01310	0.03530	0.77075	0.00750	0.01248	0.00562	0.00269	0.00431
8	0.19137	0.27595	0.04062	0.03340	0.01284	0.01257	0.00778	0.05621	0.03366	0.27529	0.01155	0.01139	0.00827	0.00502	0.00391	0.00136	0.00461	0.00360	0.00378	0.00683
9	0.00663	0.00466	0.00579	0.00622	0.00706	0.00423	0.00435	0.00781	0.01053	0.04051	0.17038	0.44692	0.20413	0.04903	0.00676	0.00192	0.00276	0.01148	0.00463	0.00419
10	0.01156	0.00631	0.00804	0.00697	0.00903	0.00576	0.00544	0.05262	0.01372	0.24462	0.41122	0.06341	0.12332	0.00907	0.00545	0.00155	0.00301	0.00780	0.00537	0.00574
11	0.01677	0.14502	0.01516	0.01085	0.01400	0.34058	0.00878	0.22620	0.05391	0.06642	0.02822	0.01221	0.00905	0.00557	0.00446	0.00134	0.00646	0.02484	0.00352	0.00663
12	0.01686	0.04618	0.01480	0.04968	0.10429	0.66049	0.01013	0.01839	0.01313	0.01232	0.00770	0.00926	0.00641	0.00488	0.00440	0.00128	0.00819	0.00329	0.00246	0.00586
13	0.00638	0.00464	0.00652	0.00719	0.00771	0.00482	0.00517	0.00759	0.00873	0.01195	0.02121	0.47618	0.02402	0.04009	0.31298	0.00425	0.00678	0.03597	0.00374	0.00408
14	0.83419	0.00952	0.00738	0.00654	0.00957	0.01102	0.00539	0.04129	0.00876	0.02205	0.00692	0.00800	0.00535	0.00454	0.00306	0.00150	0.00380	0.00269	0.00306	0.00535
15	0.17377	0.01268	0.01311	0.01022	0.01393	0.01409	0.00844	0.62512	0.01992	0.04616	0.01090	0.01105	0.00778	0.00558	0.00451	0.00146	0.00501	0.00406	0.00453	0.00769
16	0.00612	0.00437	0.00587	0.00699	0.00737	0.00412	0.00487	0.00712	0.00949	0.01261	0.02659	0.73900	0.03158	0.01498	0.00624	0.00200	0.00300	0.09918	0.00449	0.00400
17	0.01002	0.00560	0.00727	0.00663	0.00831	0.00501	0.00505	0.01188	0.01282	0.19793	0.42335	0.14382	0.12300	0.01002	0.00559	0.00159	0.00280	0.00874	0.00527	0.00527
18	0.01735	0.00745	0.00996	0.00800	0.01101	0.00664	0.00646	0.01983	0.04617	0.56036	0.22753	0.02184	0.02115	0.00707	0.00510	0.00151	0.00362	0.00594	0.00578	0.00724
19	0.00915	0.00861	0.01453	0.81804	0.03338	0.01077	0.01346	0.01238	0.00969	0.01238	0.00861	0.01292	0.00646	0.00484	0.00484	0.00161	0.00646	0.00431	0.00215	0.00538
20	0.00683	0.00501	0.00587	0.00623	0.00699	0.00482	0.00436	0.00836	0.04796	0.01255	0.04579	0.23903	0.20220	0.26257	0.01166	0.00271	0.00353	0.09824	0.02137	0.00394
21	0.00630	0.00476	0.00581	0.00591	0.00699	0.00428	0.00430	0.00793	0.01187	0.01588	0.39322	0.22985	0.26152	0.01187	0.00583	0.00166	0.00246	0.01040	0.00489	0.00428
22	0.00704	0.00471	0.00537	0.00543	0.00547	0.00470	0.00312	0.00712	0.00723	0.00962	0.01588	0.05439	0.01831	0.78394	0.02364	0.00455	0.00464	0.02880	0.00302	0.00301
23	0.00993	0.00910	0.01692	0.14587	0.01928	0.00906	0.31550	0.04608	0.01101	0.04735	0.01579	0.25871	0.01574	0.02267	0.00601	0.00179	0.00580	0.03445	0.00335	0.00558
24	0.01005	0.00861	0.01005	0.00718	0.01148	0.00646	0.00574	0.01220	0.01005	0.01579	0.00861	0.01005	0.00718	0.00359	0.00359	0.00072	0.00359	0.00287	0.00287	0.85932
25	0.00624	0.00486	0.00534	0.00536	0.00651	0.00433	0.00381	0.00739	0.01057	0.01334	0.15909	0.07523	0.46458	0.18063	0.00968	0.00228	0.00296	0.02955	0.00431	0.00393
