[name]
unknown

[dist]
# distance from previous block
# <min> <max>
0	71

[block]
# block no. 0 follows, 58 sequences, length 17
# corresponding to MSA columns:
# 101-117
name=unknown_A
#
# <colnr> <probs for GDERKNQSTAVLIFYWHMCP>
#	G	D	E	R	K	N	Q	S	T	A	V	L	I	F	Y	W	H	M	C	P
0	0.00810	0.00586	0.00785	0.00728	0.00899	0.00540	0.05083	0.03584	0.02753	0.07486	0.06863	0.19684	0.20245	0.03365	0.00578	0.00168	0.00340	0.17252	0.00403	0.07847
1	0.01412	0.21820	0.13494	0.00955	0.01319	0.02930	0.02911	0.13840	0.03168	0.22765	0.01084	0.01140	0.00797	0.02266	0.01939	0.00148	0.06647	0.00373	0.00338	0.00653
2	0.00777	0.00610	0.00774	0.00834	0.08128	0.00612	0.00562	0.01176	0.17332	0.03215	0.36013	0.15145	0.11257	0.00895	0.00510	0.00150	0.00282	0.00787	0.00441	0.00500
3	0.01107	0.01063	0.01816	0.02746	0.81489	0.01063	0.01373	0.01373	0.01019	0.01461	0.00841	0.01107	0.00709	0.00399	0.00443	0.00133	0.00531	0.00399	0.00221	0.00709
4	0.01863	0.00833	0.01057	0.00822	0.01154	0.00784	0.00675	0.14285	0.05420	0.61937	0.01647	0.01466	0.01068	0.00552	0.00444	0.00137	0.00389	0.00444	0.04280	0.00744
5	0.03091	0.01549	0.07901	0.00991	0.01242	0.41120	0.00810	0.01682	0.14977	0.05526	0.05565	0.01394	0.03582	0.00623	0.00516	0.05703	0.00596	0.02283	0.00306	0.00542
6	0.02007	0.00761	0.01038	0.00796	0.01142	0.00657	0.00657	0.02180	0.01280	0.81799	0.01765	0.01523	0.01107	0.00554	0.00450	0.00138	0.00381	0.00450	0.00554	0.00761
7	0.00621	0.00440	0.00554	0.00571	0.00663	0.00399	0.00411	0.00763	0.01067	0.03798	0.34996	0.33475	0.18330	0.01127	0.00542	0.00158	0.00237	0.00996	0.00451	0.00402
8	0.01066	0.00795	0.04069	0.00884	0.01092	0.02677	0.09544	0.10638	0.01122	0.14329	0.01817	0.29225	0.05191	0.00862	0.00539	0.00155	0.04172	0.03044	0.08248	0.00529
9	0.01107	0.01063	0.01816	0.02746	0.81489	0.01063	0.01373	0.01373	0.01019	0.01461	0.00841	0.01107	0.00709	0.00399	0.00443	0.00133	0.00531	0.00399	0.00221	0.00709
10	0.00552	0.00397	0.00526	0.00626	0.00660	0.00371	0.00426	0.00637	0.00870	0.01153	0.02535	0.77631	0.05742	0.01384	0.00572	0.00182	0.00265	0.04691	0.00415	0.00366
11	0.01133	0.00803	0.00874	0.00770	0.00995	0.02051	0.00602	0.08617	0.35846	0.11834	0.08708	0.04315	0.09253	0.00722	0.01647	0.00151	0.00345	0.00566	0.10156	0.00613
12	0.00661	0.00510	0.00755	0.00740	0.00816	0.00604	0.00579	0.00819	0.00744	0.01079	0.05218	0.01788	0.01242	0.03066	0.73151	0.00656	0.06425	0.00490	0.00250	0.00406
13	0.00544	0.00395	0.00513	0.00608	0.00645	0.00365	0.00409	0.00625	0.00871	0.01148	0.02648	0.76946	0.09882	0.01378	0.00567	0.00179	0.00257	0.01243	0.00415	0.00365
14	0.01145	0.04595	0.20103	0.01411	0.01818	0.07558	0.31248	0.09715	0.01121	0.03664	0.00929	0.01240	0.00737	0.00494	0.00571	0.00149	0.08749	0.03889	0.00254	0.00610
15	0.00943	0.00653	0.00931	0.00910	0.01080	0.00653	0.05806	0.08953	0.01159	0.07905	0.02097	0.04122	0.02155	0.01057	0.00582	0.00190	0.00439	0.59464	0.00415	0.00487
16	0.00654	0.00515	0.00617	0.00664	0.00709	0.03395	0.00471	0.00746	0.00869	0.01153	0.05967	0.46886	0.05428	0.13458	0.02848	0.00228	0.05673	0.07509	0.01838	0.00373

[dist]
# distance from previous block
# <min> <max>
5	8

[block]
# block no. 1 follows, 58 sequences, length 32
# corresponding to MSA columns:
# 127-144,157-170
name=unknown_B
#
# <colnr> <probs for GDERKNQSTAVLIFYWHMCP>
#	G	D	E	R	K	N	Q	S	T	A	V	L	I	F	Y	W	H	M	C	P
0	0.07332	0.00495	0.00635	0.00597	0.00663	0.00495	0.00413	0.03796	0.00690	0.01012	0.00845	0.01432	0.00835	0.10024	0.01531	0.61125	0.00390	0.00396	0.00224	0.07071
1	0.01680	0.00714	0.00943	0.00765	0.01048	0.00651	0.00613	0.01925	0.07461	0.60465	0.01779	0.08088	0.01296	0.04202	0.03744	0.00177	0.00399	0.00527	0.02842	0.00682
2	0.08462	0.00977	0.01083	0.00853	0.01179	0.05859	0.00697	0.24050	0.01462	0.44719	0.02519	0.01354	0.02005	0.00544	0.00432	0.00135	0.00428	0.00421	0.02110	0.00709
3	0.00651	0.00434	0.00488	0.00488	0.00488	0.00434	0.00271	0.00651	0.00651	0.00867	0.01409	0.02927	0.01626	0.84279	0.02277	0.00434	0.00434	0.00651	0.00271	0.00271
4	0.01254	0.01427	0.01327	0.01123	0.01302	0.33918	0.05069	0.01389	0.00978	0.01163	0.00679	0.00913	0.00600	0.00560	0.00810	0.00141	0.32646	0.00337	0.00222	0.14143
5	0.00791	0.00502	0.00610	0.00567	0.00725	0.00443	0.00440	0.00958	0.01156	0.12881	0.34822	0.03566	0.34440	0.00969	0.00522	0.00148	0.00253	0.05289	0.00466	0.00452
6	0.00570	0.00442	0.00519	0.00527	0.00636	0.00391	0.00385	0.00711	0.01075	0.01405	0.31691	0.20078	0.37749	0.01109	0.00537	0.00154	0.00228	0.00962	0.00443	0.00391
7	0.00897	0.02314	0.81962	0.01275	0.01936	0.01039	0.01653	0.01417	0.00944	0.01417	0.00803	0.00944	0.00567	0.00425	0.00425	0.00142	0.00661	0.00331	0.00189	0.00661
8	0.00681	0.00502	0.00625	0.00606	0.00715	0.00491	0.00449	0.00991	0.10147	0.01697	0.56986	0.15559	0.03583	0.00940	0.00518	0.00147	0.00235	0.00831	0.03853	0.00445
9	0.00821	0.00537	0.00728	0.00784	0.00907	0.00526	0.00664	0.03111	0.01069	0.07725	0.05231	0.12839	0.05117	0.01165	0.00589	0.00192	0.00382	0.56743	0.00427	0.00443
10	0.01704	0.01149	0.01266	0.00982	0.01329	0.01246	0.00807	0.61095	0.08174	0.15707	0.01246	0.01195	0.00865	0.00545	0.00448	0.00136	0.00463	0.00419	0.00466	0.00757
11	0.01615	0.01164	0.01305	0.07496	0.01488	0.01288	0.00861	0.66769	0.01916	0.07071	0.01095	0.01131	0.00779	0.00624	0.03165	0.00155	0.00518	0.00408	0.00427	0.00728
12	0.02558	0.01109	0.01228	0.00946	0.01300	0.07326	0.05797	0.30377	0.09361	0.07174	0.01059	0.01100	0.00789	0.00463	0.00411	0.00115	0.00460	0.00370	0.00365	0.27692
13	0.01087	0.00991	0.01640	0.12779	0.49881	0.01032	0.05877	0.06431	0.01087	0.03367	0.07216	0.01303	0.00977	0.00472	0.00497	0.00139	0.03874	0.00440	0.00261	0.00648
14	0.00620	0.00432	0.00531	0.00554	0.00579	0.00437	0.00353	0.00669	0.00722	0.00970	0.01736	0.20492	0.05179	0.49377	0.15031	0.00414	0.00513	0.00770	0.00303	0.00317
15	0.01104	0.00915	0.01133	0.00980	0.02538	0.03173	0.05723	0.10340	0.26401	0.04954	0.01349	0.05888	0.02205	0.00820	0.03913	0.07030	0.12139	0.01668	0.00350	0.07378
16	0.00861	0.00866	0.03467	0.01146	0.01316	0.00920	0.24439	0.01046	0.00842	0.01195	0.01237	0.10573	0.04236	0.12968	0.05915	0.00240	0.24019	0.00592	0.03652	0.00470
17	0.01107	0.01063	0.01816	0.02746	0.81489	0.01063	0.01373	0.01373	0.01019	0.01461	0.00841	0.01107	0.00709	0.00399	0.00443	0.00133	0.00531	0.00399	0.00221	0.00709
18	0.00931	0.00911	0.01623	0.56712	0.09285	0.01047	0.15846	0.03123	0.00957	0.01261	0.00819	0.01178	0.00625	0.00444	0.00496	0.00149	0.03420	0.00422	0.00212	0.00540
19	0.00598	0.00469	0.00542	0.02698	0.00715	0.00422	0.00413	0.00755	0.02416	0.02488	0.20617	0.14931	0.47101	0.01090	0.00532	0.00154	0.00247	0.02983	0.00429	0.00400
20	0.72191	0.00847	0.00725	0.00625	0.00914	0.00942	0.00515	0.01469	0.00854	0.16248	0.00827	0.00869	0.00596	0.00440	0.00308	0.00138	0.00352	0.00279	0.00326	0.00534
21	0.00632	0.00472	0.00703	0.00711	0.00787	0.00544	0.00548	0.00785	0.00730	0.01047	0.01298	0.08252	0.01264	0.03201	0.76035	0.00676	0.01124	0.00542	0.00254	0.00397
22	0.00594	0.00454	0.00649	0.00705	0.00751	0.00449	0.03342	0.00691	0.00860	0.01156	0.02286	0.71421	0.02703	0.01380	0.02780	0.00197	0.04053	0.04754	0.00394	0.00381
23	0.08088	0.00781	0.01015	0.00787	0.01126	0.00704	0.00649	0.03334	0.03148	0.72962	0.01674	0.01462	0.01064	0.00545	0.00438	0.00139	0.00379	0.00436	0.00530	0.00740
24	0.01948	0.00759	0.01023	0.00788	0.01127	0.00661	0.00650	0.03571	0.01286	0.77406	0.01852	0.01615	0.04012	0.00574	0.00453	0.00139	0.00377	0.00467	0.00547	0.00747
25	0.01418	0.00986	0.01101	0.00878	0.01173	0.01046	0.00711	0.44930	0.08611	0.10760	0.15028	0.02858	0.03648	0.00630	0.00461	0.00136	0.00403	0.00508	0.00458	0.04256
26	0.00961	0.00981	0.01996	0.01500	0.01825	0.00940	0.53324	0.01249	0.01006	0.04013	0.01362	0.16721	0.03321	0.00647	0.00583	0.00161	0.04685	0.03896	0.00283	0.00545
27	0.01439	0.00999	0.01082	0.00870	0.01151	0.01087	0.00704	0.52803	0.05057	0.05708	0.01314	0.07775	0.01045	0.00606	0.00433	0.00133	0.00412	0.00480	0.16238	0.00664
28	0.00642	0.00430	0.00490	0.00498	0.00501	0.00428	0.00282	0.00648	0.00667	0.00889	0.01492	0.09299	0.01731	0.77764	0.02143	0.00414	0.00420	0.00699	0.00282	0.00278
29	0.04501	0.05335	0.01380	0.10458	0.08921	0.08421	0.00968	0.04579	0.05670	0.04006	0.00787	0.01049	0.00671	0.00647	0.01837	0.00169	0.39430	0.00380	0.00243	0.00550
30	0.04757	0.11723	0.17066	0.02330	0.01373	0.03184	0.04843	0.09303	0.02203	0.10426	0.00983	0.01061	0.01917	0.00430	0.00385	0.00112	0.00473	0.00339	0.01171	0.25921
31	0.11736	0.35255	0.09242	0.00968	0.01354	0.06055	0.09930	0.06907	0.03152	0.10288	0.00864	0.00939	0.00667	0.00430	0.00366	0.00121	0.00517	0.00326	0.00272	0.00608

[dist]
# distance from previous block
# <min> <max>
0	1

[block]
# block no. 2 follows, 58 sequences, length 13
# corresponding to MSA columns:
# 172-184
name=unknown_C
#
# <colnr> <probs for GDERKNQSTAVLIFYWHMCP>
#	G	D	E	R	K	N	Q	S	T	A	V	L	I	F	Y	W	H	M	C	P
0	0.01045	0.00884	0.01007	0.00908	0.01134	0.00993	0.03640	0.06790	0.57511	0.01782	0.01860	0.13904	0.01592	0.00739	0.00482	0.00157	0.00366	0.04125	0.00438	0.00643
1	0.01134	0.35648	0.27083	0.00998	0.01470	0.01342	0.04497	0.11582	0.01084	0.01455	0.00768	0.00878	0.00610	0.00411	0.00366	0.00115	0.00535	0.00304	0.00233	0.09489
2	0.00637	0.00667	0.10495	0.00657	0.00814	0.00480	0.00565	0.00847	0.01111	0.01551	0.47310	0.22692	0.08493	0.00987	0.00526	0.00151	0.00279	0.00872	0.00432	0.00434
3	0.00650	0.00490	0.00594	0.00641	0.00726	0.00476	0.00457	0.05132	0.05912	0.01315	0.04679	0.55721	0.15922	0.01240	0.00551	0.00172	0.00278	0.04210	0.00421	0.00412
4	0.00699	0.00523	0.00681	0.00722	0.00843	0.00498	0.00584	0.00919	0.04593	0.01370	0.10605	0.21877	0.06770	0.01124	0.00560	0.00176	0.00337	0.38504	0.00410	0.08205
5	0.00545	0.00389	0.00519	0.00623	0.00649	0.00363	0.00415	0.00623	0.00856	0.01142	0.02465	0.83987	0.02959	0.01401	0.00571	0.00182	0.00260	0.01272	0.00415	0.00363
6	0.01237	0.00780	0.00899	0.00790	0.01031	0.00815	0.00617	0.01931	0.39924	0.23974	0.05554	0.09196	0.08011	0.00716	0.00470	0.00149	0.00333	0.00605	0.02318	0.00647
7	0.01130	0.00976	0.04455	0.00898	0.01165	0.01040	0.00728	0.02232	0.67579	0.06796	0.06545	0.01729	0.01487	0.00614	0.00458	0.00150	0.00360	0.00513	0.00452	0.00692
8	0.01569	0.01962	0.01283	0.01156	0.01352	0.70524	0.00881	0.01682	0.01182	0.01092	0.00676	0.00832	0.00578	0.00508	0.00560	0.00127	0.12993	0.00303	0.00225	0.00514
9	0.06046	0.00834	0.01581	0.01266	0.01527	0.00800	0.38320	0.01116	0.00983	0.01375	0.01591	0.22407	0.01641	0.00818	0.00543	0.00170	0.00533	0.17637	0.00316	0.00495
10	0.00555	0.00429	0.00489	0.00522	0.00611	0.00382	0.00363	0.00649	0.00938	0.01185	0.08413	0.31413	0.40535	0.10541	0.00739	0.00193	0.00260	0.01015	0.00404	0.00364
11	0.00957	0.00914	0.01525	0.45146	0.32805	0.01054	0.01268	0.01225	0.00923	0.01258	0.00794	0.01141	0.00638	0.00459	0.00537	0.00147	0.08027	0.00397	0.00207	0.00577
12	0.01107	0.01063	0.01816	0.02746	0.81489	0.01063	0.01373	0.01373	0.01019	0.01461	0.00841	0.01107	0.00709	0.00399	0.00443	0.00133	0.00531	0.00399	0.00221	0.00709

[dist]
# distance from previous block
# <min> <max>
0	6

[block]
# block no. 3 follows, 58 sequences, length 7
# corresponding to MSA columns:
# 191-197
name=unknown_D
#
# <colnr> <probs for GDERKNQSTAVLIFYWHMCP>
#	G	D	E	R	K	N	Q	S	T	A	V	L	I	F	Y	W	H	M	C	P
0	0.01173	0.78361	0.08335	0.00804	0.01207	0.01715	0.00832	0.01345	0.00912	0.01080	0.00635	0.00735	0.00573	0.00386	0.00297	0.00099	0.00492	0.00246	0.00191	0.00581
1	0.00568	0.00411	0.00535	0.00621	0.00668	0.00384	0.00435	0.00663	0.00896	0.01181	0.05338	0.63624	0.09854	0.04056	0.00626	0.00188	0.00276	0.08895	0.00413	0.00368
2	0.05522	0.01221	0.01123	0.00967	0.01199	0.22335	0.03163	0.23203	0.04845	0.03976	0.09001	0.03929	0.01315	0.00654	0.00512	0.00143	0.05136	0.08310	0.02872	0.00572
3	0.01628	0.01150	0.01250	0.00960	0.01306	0.01243	0.00791	0.66208	0.01919	0.07647	0.01121	0.01125	0.00797	0.00525	0.00434	0.00129	0.00461	0.00398	0.05001	0.05908
4	0.03989	0.01038	0.01423	0.01129	0.03669	0.04571	0.17699	0.18424	0.06322	0.09942	0.03853	0.01341	0.00954	0.00506	0.00487	0.00131	0.04105	0.02689	0.02199	0.15528
5	0.02912	0.03878	0.01309	0.01122	0.03817	0.44003	0.04498	0.09808	0.03907	0.06009	0.00946	0.01049	0.02630	0.00557	0.02181	0.00137	0.05190	0.00353	0.00283	0.05409
6	0.01003	0.02358	0.03671	0.03713	0.03624	0.00842	0.21088	0.09295	0.01122	0.05803	0.06115	0.09699	0.04137	0.02404	0.00558	0.00155	0.02504	0.11873	0.00335	0.09702

[dist]
# distance from previous block
# <min> <max>
1	19

[block]
# block no. 4 follows, 58 sequences, length 9
# corresponding to MSA columns:
# 217-225
name=unknown_E
#
# <colnr> <probs for GDERKNQSTAVLIFYWHMCP>
#	G	D	E	R	K	N	Q	S	T	A	V	L	I	F	Y	W	H	M	C	P
0	0.03812	0.00712	0.00867	0.00743	0.00978	0.00695	0.02478	0.08189	0.12379	0.20282	0.15455	0.05748	0.15519	0.00779	0.00484	0.00146	0.00335	0.05675	0.00453	0.04271
1	0.35196	0.00927	0.00937	0.00760	0.01070	0.00993	0.00623	0.21869	0.05399	0.19389	0.01089	0.01083	0.00770	0.00487	0.00371	0.00134	0.00386	0.00350	0.03841	0.04327
2	0.00637	0.00443	0.00560	0.00601	0.00678	0.00415	0.00424	0.00796	0.03722	0.03865	0.20521	0.49646	0.11218	0.01184	0.00542	0.00165	0.00251	0.01056	0.02871	0.00404
3	0.01685	0.00783	0.01010	0.00772	0.01124	0.00675	0.00630	0.01941	0.06752	0.56892	0.01536	0.01390	0.01018	0.00504	0.00422	0.00122	0.00367	0.00409	0.00477	0.21492
4	0.00568	0.00417	0.00538	0.00626	0.00682	0.00387	0.00447	0.00669	0.00905	0.01180	0.02756	0.61049	0.14460	0.01338	0.00571	0.00181	0.00276	0.12164	0.00415	0.00372
5	0.06414	0.03172	0.03909	0.01005	0.01291	0.14355	0.06672	0.17560	0.12476	0.12367	0.01401	0.01417	0.07652	0.00582	0.00528	0.00142	0.07630	0.00443	0.00362	0.00622
6	0.39663	0.00837	0.00809	0.00707	0.00964	0.00924	0.00565	0.09189	0.15346	0.12172	0.01237	0.08050	0.01000	0.00569	0.00375	0.00142	0.00350	0.00429	0.06099	0.00572
7	0.00580	0.00422	0.00533	0.00604	0.00647	0.00401	0.00405	0.00700	0.03669	0.01175	0.06514	0.63063	0.07752	0.10397	0.00749	0.00204	0.00277	0.01132	0.00405	0.00369
8	0.04897	0.01005	0.01129	0.00861	0.01215	0.01007	0.00705	0.39769	0.01542	0.14647	0.01090	0.01114	0.00789	0.00579	0.03384	0.00137	0.00450	0.00368	0.00399	0.24913

[dist]
# distance from previous block
# <min> <max>
3	6

[block]
# block no. 5 follows, 58 sequences, length 21
# corresponding to MSA columns:
# 234-254
name=unknown_F
#
# <colnr> <probs for GDERKNQSTAVLIFYWHMCP>
#	G	D	E	R	K	N	Q	S	T	A	V	L	I	F	Y	W	H	M	C	P
0	0.02708	0.01146	0.01104	0.00950	0.01228	0.11236	0.00748	0.17267	0.48417	0.07975	0.01513	0.01421	0.01117	0.00568	0.00444	0.00143	0.00439	0.00450	0.00430	0.00695
1	0.01048	0.00818	0.00980	0.00749	0.01083	0.00717	0.01533	0.09955	0.03344	0.06327	0.03048	0.04837	0.00949	0.00578	0.03539	0.00119	0.03062	0.01266	0.00318	0.55730
2	0.04581	0.52964	0.04215	0.00894	0.01266	0.01590	0.03979	0.20674	0.01198	0.01549	0.00748	0.00839	0.00621	0.00434	0.00372	0.00113	0.02789	0.00298	0.00259	0.00618
3	0.00604	0.00471	0.00563	0.00654	0.00699	0.03670	0.00455	0.00694	0.00892	0.01158	0.02459	0.71576	0.05565	0.01341	0.00566	0.00180	0.00292	0.07377	0.00408	0.00374
4	0.01894	0.00793	0.01038	0.00797	0.01138	0.00709	0.00657	0.08785	0.01324	0.68773	0.01652	0.01463	0.01059	0.00541	0.00440	0.00134	0.00382	0.00437	0.03438	0.04544
5	0.00944	0.00890	0.05056	0.42286	0.05369	0.05123	0.01005	0.03418	0.05817	0.04569	0.07172	0.07412	0.01224	0.00604	0.00463	0.00149	0.00507	0.04267	0.03203	0.00523
6	0.01302	0.54302	0.04200	0.00871	0.01218	0.01584	0.00821	0.16373	0.01134	0.05314	0.00765	0.00856	0.00637	0.00460	0.00443	0.00116	0.08435	0.00298	0.00258	0.00613
7	0.00565	0.00411	0.00534	0.00617	0.00660	0.00386	0.00419	0.00683	0.02721	0.01217	0.09322	0.71893	0.06245	0.01330	0.00563	0.00176	0.00256	0.01201	0.00423	0.00377
8	0.03105	0.00782	0.00918	0.00797	0.01010	0.04094	0.00624	0.08151	0.11923	0.29126	0.03101	0.15597	0.01416	0.00925	0.05337	0.04389	0.04188	0.00585	0.03342	0.00591
9	0.01347	0.04724	0.01254	0.00976	0.01271	0.25351	0.03760	0.12912	0.03502	0.06261	0.00911	0.01081	0.00737	0.00486	0.00490	0.00117	0.07584	0.02334	0.00297	0.24605
10	0.01154	0.72896	0.13626	0.00838	0.01260	0.01666	0.00891	0.01350	0.00914	0.01104	0.00648	0.00750	0.00573	0.00389	0.00307	0.00102	0.00504	0.00252	0.00191	0.00586
11	0.00575	0.00432	0.00532	0.00556	0.00645	0.00390	0.00398	0.00713	0.01056	0.01410	0.33298	0.32324	0.23751	0.01145	0.00543	0.00158	0.00232	0.01009	0.00445	0.00390
12	0.00683	0.00459	0.00590	0.00629	0.00708	0.00433	0.00466	0.00806	0.00962	0.05157	0.14474	0.29503	0.10479	0.14247	0.00833	0.00215	0.00316	0.18241	0.00410	0.00389
13	0.03602	0.00951	0.01050	0.02602	0.03778	0.03975	0.00709	0.12932	0.27283	0.09770	0.01463	0.01550	0.04088	0.00561	0.00449	0.00130	0.02034	0.03626	0.00389	0.19056
14	0.00677	0.00552	0.00815	0.14938	0.05572	0.00600	0.00681	0.00816	0.00876	0.01174	0.01940	0.51429	0.02215	0.01121	0.00615	0.00177	0.06608	0.08426	0.00351	0.00419
15	0.00597	0.00431	0.00567	0.00657	0.00707	0.00414	0.00474	0.00724	0.02573	0.01186	0.02450	0.59646	0.05405	0.05358	0.00659	0.00197	0.00300	0.16872	0.00408	0.00376
16	0.03666	0.01287	0.01192	0.00981	0.01284	0.17852	0.00783	0.35425	0.16849	0.12406	0.02959	0.01232	0.00952	0.00542	0.00438	0.00134	0.00506	0.00410	0.00415	0.00687
17	0.01297	0.01098	0.01318	0.07257	0.01398	0.03396	0.00915	0.35065	0.03919	0.01872	0.00877	0.01071	0.00701	0.00631	0.00863	0.00160	0.34659	0.00398	0.02492	0.00613
18	0.08007	0.01127	0.01169	0.00943	0.01263	0.03852	0.00764	0.43332	0.22467	0.08807	0.01273	0.01228	0.00918	0.00541	0.00433	0.00137	0.00443	0.00415	0.00435	0.02446
19	0.01076	0.00970	0.01496	0.23671	0.35012	0.01084	0.01166	0.12208	0.01109	0.01532	0.03936	0.01309	0.00860	0.00518	0.00568	0.00147	0.09804	0.02660	0.00260	0.00615
20	0.02925	0.00819	0.00922	0.00684	0.01047	0.02687	0.00546	0.04466	0.01022	0.06155	0.04968	0.01194	0.03581	0.00414	0.00360	0.00083	0.00344	0.00331	0.00305	0.67148

[dist]
# distance from previous block
# <min> <max>
0	4

[block]
# block no. 6 follows, 58 sequences, length 12
# corresponding to MSA columns:
# 259-270
name=unknown_G
#
# <colnr> <probs for GDERKNQSTAVLIFYWHMCP>
#	G	D	E	R	K	N	Q	S	T	A	V	L	I	F	Y	W	H	M	C	P
0	0.00986	0.00939	0.01597	0.39856	0.45324	0.01031	0.01313	0.01267	0.00961	0.01315	0.00820	0.01147	0.00657	0.00421	0.00445	0.00140	0.00561	0.00398	0.00211	0.00611
1	0.01826	0.00780	0.01015	0.00799	0.01122	0.00718	0.00653	0.04160	0.10671	0.66066	0.03918	0.01582	0.01215	0.00569	0.00449	0.00139	0.00371	0.00464	0.02746	0.00737
2	0.00583	0.00451	0.00531	0.00520	0.00640	0.00399	0.00387	0.00744	0.01134	0.01502	0.43453	0.09088	0.36878	0.01039	0.00531	0.00148	0.00221	0.00897	0.00455	0.00399
3	0.04597	0.00527	0.00666	0.00659	0.00786	0.00503	0.00488	0.01080	0.05557	0.15290	0.19079	0.39573	0.04356	0.01052	0.00522	0.00162	0.00284	0.03894	0.00452	0.00472
4	0.01006	0.00574	0.00710	0.00652	0.00825	0.00544	0.00505	0.01291	0.09656	0.20436	0.23364	0.12596	0.12540	0.00870	0.00495	0.00148	0.00286	0.05360	0.07624	0.00519
5	0.00756	0.00487	0.00622	0.00658	0.00755	0.00461	0.00497	0.02970	0.00989	0.07971	0.05931	0.35722	0.11635	0.07224	0.00679	0.00193	0.00317	0.19075	0.02640	0.00417
6	0.00779	0.00550	0.00792	0.00766	0.00848	0.00635	0.00594	0.00916	0.00787	0.07780	0.01407	0.17248	0.01398	0.02418	0.49627	0.00501	0.11609	0.00616	0.00293	0.00434
7	0.01034	0.00896	0.01445	0.40153	0.30198	0.00980	0.01178	0.01361	0.05497	0.06652	0.00934	0.01196	0.00717	0.00440	0.00440	0.00138	0.00530	0.00400	0.00249	0.05563
8	0.00677	0.00488	0.00587	0.00588	0.00692	0.00464	0.00429	0.06507	0.01120	0.01536	0.29517	0.31065	0.16247	0.01063	0.00521	0.00153	0.00251	0.00933	0.06740	0.00419
9	0.00902	0.00497	0.00598	0.00549	0.00649	0.00464	0.00374	0.00964	0.00877	0.16340	0.07718	0.02759	0.13551	0.41984	0.01437	0.05266	0.00365	0.00644	0.03671	0.00392
10	0.00875	0.05104	0.09503	0.06752	0.01102	0.00683	0.00685	0.08901	0.01043	0.08048	0.02009	0.44297	0.07218	0.01000	0.00506	0.00160	0.00370	0.00877	0.00378	0.00490
11	0.04990	0.00929	0.01496	0.06007	0.31245	0.02785	0.13156	0.02545	0.01094	0.13805	0.11702	0.03608	0.01282	0.00523	0.00460	0.00139	0.00486	0.00494	0.02632	0.00621

[dist]
# distance from previous block
# <min> <max>
3	27

[block]
# block no. 7 follows, 58 sequences, length 15
# corresponding to MSA columns:
# 299-313
name=unknown_H
#
# <colnr> <probs for GDERKNQSTAVLIFYWHMCP>
#	G	D	E	R	K	N	Q	S	T	A	V	L	I	F	Y	W	H	M	C	P
0	0.04330	0.00813	0.00993	0.00811	0.01101	0.00800	0.00652	0.11427	0.15219	0.44857	0.06107	0.08139	0.01410	0.00644	0.00459	0.00144	0.00369	0.00533	0.00500	0.00693
1	0.00613	0.00427	0.00557	0.00616	0.00683	0.00395	0.00439	0.00731	0.00974	0.03440	0.17802	0.53514	0.09877	0.01250	0.00559	0.00172	0.00262	0.06866	0.00434	0.00390
2	0.00903	0.07101	0.05148	0.54371	0.07017	0.00989	0.01110	0.01181	0.00911	0.01222	0.00785	0.01095	0.00611	0.00419	0.00414	0.00130	0.00541	0.00360	0.00211	0.15485
3	0.00914	0.00707	0.03370	0.00693	0.00928	0.00614	0.00561	0.01179	0.07388	0.10501	0.19271	0.09552	0.12387	0.00738	0.00513	0.00129	0.05054	0.00614	0.00390	0.24499
4	0.13044	0.00733	0.00781	0.00676	0.00892	0.05256	0.00529	0.04842	0.02611	0.28792	0.01435	0.08686	0.01132	0.00671	0.00497	0.06582	0.00352	0.00472	0.21468	0.00548
5	0.00676	0.00426	0.00529	0.00525	0.00547	0.00420	0.00330	0.00655	0.00719	0.00962	0.09660	0.02596	0.06206	0.46554	0.03880	0.23744	0.00406	0.00609	0.00281	0.00275
6	0.05964	0.04969	0.07210	0.01193	0.18783	0.05429	0.00826	0.01260	0.00958	0.01447	0.00782	0.00940	0.00646	0.00368	0.00362	0.00095	0.00434	0.00298	0.00245	0.47792
7	0.00902	0.00851	0.01421	0.60194	0.15912	0.00974	0.03449	0.01188	0.00923	0.01232	0.00806	0.01155	0.00623	0.00427	0.00439	0.00139	0.00567	0.00390	0.00209	0.08199
8	0.00562	0.00407	0.00511	0.00581	0.00624	0.00378	0.00388	0.00641	0.00873	0.01151	0.07026	0.59190	0.12439	0.12080	0.00784	0.00208	0.00275	0.01125	0.00401	0.00356
9	0.01003	0.00836	0.01382	0.20341	0.32357	0.00857	0.05531	0.01256	0.01062	0.08551	0.16092	0.01765	0.05917	0.00560	0.00470	0.00141	0.00469	0.00517	0.00307	0.00587
10	0.01124	0.14412	0.55072	0.01136	0.01688	0.06938	0.01350	0.01518	0.01001	0.10490	0.00877	0.00966	0.00630	0.00436	0.00406	0.00133	0.00612	0.00327	0.00234	0.00649
11	0.01056	0.01019	0.01379	0.19236	0.38687	0.11572	0.01080	0.01291	0.01005	0.01356	0.00987	0.05748	0.00852	0.00489	0.00428	0.00133	0.00522	0.00435	0.12147	0.00579
12	0.00545	0.00389	0.00519	0.00623	0.00649	0.00363	0.00415	0.00623	0.00856	0.01142	0.02465	0.83987	0.02959	0.01401	0.00571	0.00182	0.00260	0.01272	0.00415	0.00363
13	0.01043	0.16975	0.33447	0.01085	0.01519	0.01046	0.09030	0.03928	0.01018	0.08484	0.01188	0.08843	0.01060	0.00601	0.00446	0.00144	0.00544	0.08722	0.00278	0.00598
14	0.01295	0.64537	0.02088	0.00830	0.01197	0.05072	0.00781	0.14220	0.03954	0.01371	0.00741	0.00813	0.00633	0.00419	0.00324	0.00105	0.00490	0.00277	0.00244	0.00607

[dist]
# distance from previous block
# <min> <max>
2	4

[block]
# block no. 8 follows, 58 sequences, length 17
# corresponding to MSA columns:
# 319-335
name=unknown_I
#
# <colnr> <probs for GDERKNQSTAVLIFYWHMCP>
#	G	D	E	R	K	N	Q	S	T	A	V	L	I	F	Y	W	H	M	C	P
0	0.02485	0.00844	0.01012	0.00754	0.01115	0.00723	0.04288	0.12119	0.02442	0.01635	0.01231	0.02514	0.08332	0.00460	0.00380	0.00092	0.00363	0.00379	0.00308	0.58523
1	0.29339	0.01007	0.01246	0.12711	0.01538	0.01124	0.09697	0.24535	0.01242	0.07713	0.00892	0.01020	0.00654	0.00481	0.00456	0.00143	0.04909	0.00367	0.00326	0.00601
2	0.00901	0.00539	0.00692	0.00617	0.00777	0.00499	0.00475	0.01156	0.05493	0.16243	0.58342	0.02977	0.07814	0.00845	0.00510	0.00141	0.00250	0.00735	0.00497	0.00496
3	0.00928	0.00794	0.01198	0.00968	0.01200	0.00796	0.18183	0.12445	0.11062	0.01798	0.33361	0.08990	0.04830	0.00750	0.00511	0.00147	0.00394	0.00693	0.00414	0.00540
4	0.05518	0.01024	0.01072	0.00873	0.01164	0.03357	0.00705	0.38027	0.18082	0.11048	0.01329	0.01309	0.00962	0.00543	0.00421	0.00134	0.00412	0.00421	0.12920	0.00680
5	0.01942	0.00782	0.01043	0.00803	0.01141	0.00696	0.00662	0.07038	0.01332	0.74143	0.04384	0.01555	0.01190	0.00565	0.00452	0.00138	0.00382	0.00459	0.00545	0.00750
6	0.01495	0.00795	0.00966	0.00786	0.01067	0.00779	0.00633	0.13203	0.14166	0.39040	0.13815	0.01975	0.07937	0.00660	0.00468	0.00141	0.00355	0.00545	0.00502	0.00671
7	0.00828	0.00502	0.00660	0.00607	0.00747	0.00457	0.00468	0.01026	0.01236	0.13157	0.60658	0.05202	0.06758	0.00901	0.00522	0.00145	0.00248	0.04919	0.00492	0.00467
8	0.22276	0.01463	0.01064	0.00934	0.01200	0.38559	0.00726	0.05497	0.09787	0.13007	0.00969	0.00996	0.00724	0.00483	0.00387	0.00129	0.00571	0.00329	0.00322	0.00577
9	0.00829	0.00501	0.00661	0.00596	0.00736	0.00456	0.00456	0.01035	0.01268	0.13221	0.69900	0.03082	0.03776	0.00863	0.00516	0.00140	0.00235	0.00758	0.00501	0.00471
10	0.00753	0.00479	0.00562	0.00531	0.00639	0.00436	0.00372	0.00856	0.00974	0.09949	0.20178	0.05751	0.26312	0.28982	0.01109	0.00243	0.00310	0.00772	0.00399	0.00393
11	0.00797	0.00419	0.00442	0.00458	0.00554	0.00416	0.00343	0.00991	0.00934	0.01595	0.01611	0.10741	0.01410	0.00650	0.00355	0.00117	0.00224	0.04180	0.73351	0.00411
12	0.00940	0.14059	0.70590	0.01202	0.01824	0.01143	0.01526	0.01406	0.00939	0.01365	0.00777	0.00912	0.00568	0.00419	0.00405	0.00135	0.00635	0.00317	0.00189	0.00649
13	0.00582	0.00601	0.09335	0.00686	0.00786	0.00437	0.00546	0.00710	0.00873	0.01175	0.02377	0.71459	0.06176	0.01284	0.00553	0.00176	0.00302	0.01155	0.00391	0.00396
14	0.12317	0.00814	0.00988	0.00779	0.01093	0.00782	0.00639	0.13387	0.01336	0.51696	0.10130	0.01556	0.01317	0.00573	0.00437	0.00138	0.00374	0.00456	0.00497	0.00690
15	0.01054	0.00740	0.01122	0.29465	0.05270	0.00837	0.02400	0.02979	0.03246	0.14465	0.05386	0.06568	0.01090	0.00727	0.00728	0.10828	0.09447	0.00487	0.02648	0.00511
16	0.00984	0.00913	0.01425	0.32332	0.31987	0.00976	0.01132	0.01360	0.09586	0.01386	0.00924	0.01174	0.00731	0.00430	0.00430	0.00131	0.00508	0.00391	0.00244	0.12956

[dist]
# distance from previous block
# <min> <max>
1	3

[block]
# block no. 9 follows, 58 sequences, length 55
# corresponding to MSA columns:
# 340-394
name=unknown_J
#
# <colnr> <probs for GDERKNQSTAVLIFYWHMCP>
#	G	D	E	R	K	N	Q	S	T	A	V	L	I	F	Y	W	H	M	C	P
0	0.03151	0.00794	0.00929	0.00671	0.01061	0.00611	0.00538	0.01209	0.00950	0.07426	0.00863	0.00967	0.00691	0.00350	0.00339	0.00073	0.00335	0.00278	0.00287	0.78477
1	0.03140	0.01217	0.08819	0.07477	0.36128	0.08865	0.09903	0.01417	0.03848	0.04446	0.00875	0.01113	0.00702	0.00501	0.00567	0.04501	0.05227	0.00397	0.00238	0.00619
2	0.01322	0.13408	0.01249	0.00896	0.01170	0.30566	0.00713	0.13606	0.01242	0.03774	0.01252	0.08593	0.07286	0.00584	0.00410	0.00118	0.00537	0.00441	0.00304	0.12530
3	0.00656	0.00455	0.00614	0.00614	0.00660	0.00498	0.00432	0.00738	0.00693	0.00979	0.01267	0.02185	0.01298	0.34361	0.44988	0.04922	0.00832	0.00539	0.02930	0.00340
4	0.00542	0.00400	0.00508	0.00594	0.00641	0.00366	0.00402	0.00626	0.00884	0.01153	0.02815	0.70502	0.16218	0.01356	0.00564	0.00176	0.00254	0.01216	0.00415	0.00366
5	0.01186	0.01158	0.07249	0.00947	0.01342	0.07402	0.07815	0.18908	0.03420	0.02600	0.00898	0.01004	0.00696	0.00409	0.00392	0.00102	0.00469	0.00335	0.00302	0.43367
6	0.00563	0.00404	0.00541	0.00622	0.00659	0.00386	0.00424	0.00657	0.00877	0.01185	0.09387	0.68237	0.02892	0.03534	0.07145	0.00227	0.00334	0.01152	0.00405	0.00369
7	0.01751	0.00716	0.00952	0.00757	0.01061	0.00627	0.00615	0.03849	0.01244	0.66196	0.02051	0.08339	0.08421	0.00673	0.00466	0.00143	0.00360	0.00558	0.00528	0.00695
8	0.00982	0.00793	0.00933	0.00669	0.01064	0.00599	0.00536	0.01179	0.00945	0.05492	0.00844	0.00957	0.00685	0.00342	0.00337	0.00070	0.00334	0.00274	0.00280	0.82683
9	0.00856	0.09359	0.20593	0.18979	0.08111	0.00929	0.06739	0.01163	0.02114	0.01325	0.09242	0.10527	0.06968	0.00628	0.00459	0.00144	0.00502	0.00552	0.00271	0.00541
10	0.00616	0.00419	0.00498	0.00532	0.00541	0.00410	0.00319	0.00641	0.00719	0.00958	0.01758	0.29700	0.02066	0.56906	0.01713	0.00350	0.00376	0.00856	0.00319	0.00302
11	0.00646	0.00452	0.00580	0.00580	0.00612	0.00484	0.00386	0.00710	0.00678	0.00936	0.01325	0.02461	0.01424	0.52036	0.34243	0.00547	0.00738	0.00582	0.00259	0.00322
12	0.05069	0.06934	0.17624	0.08971	0.31501	0.04004	0.01207	0.01453	0.04031	0.07806	0.00893	0.01073	0.00695	0.00458	0.00493	0.00139	0.06388	0.00371	0.00247	0.00643
13	0.00542	0.00412	0.00500	0.00566	0.00635	0.00370	0.00391	0.00636	0.00922	0.01184	0.05582	0.55446	0.28605	0.01299	0.00556	0.00170	0.00247	0.01150	0.00418	0.00370
14	0.00727	0.00459	0.00625	0.00697	0.00774	0.00434	0.00527	0.00851	0.00945	0.08415	0.02374	0.53444	0.02680	0.01277	0.00574	0.00185	0.00315	0.23855	0.00427	0.00413
15	0.01052	0.00985	0.07450	0.00987	0.06475	0.02107	0.00769	0.08771	0.38981	0.03652	0.19350	0.04280	0.01871	0.00661	0.00470	0.00146	0.00375	0.00561	0.00424	0.00634
16	0.03356	0.27479	0.06447	0.00976	0.01317	0.05084	0.07869	0.12286	0.21646	0.03271	0.01148	0.05271	0.00941	0.00523	0.00405	0.00130	0.00483	0.00420	0.00320	0.00630
17	0.19309	0.01106	0.01171	0.02660	0.05293	0.01233	0.00782	0.49690	0.07981	0.02440	0.01034	0.01071	0.00757	0.00508	0.00409	0.00136	0.00447	0.00378	0.02914	0.00681
18	0.16992	0.01042	0.02850	0.16483	0.16175	0.03858	0.00933	0.13304	0.20675	0.01792	0.01062	0.01173	0.00808	0.00485	0.00415	0.00141	0.00472	0.00392	0.00318	0.00628
19	0.01676	0.01988	0.01280	0.01132	0.01384	0.69218	0.00862	0.14580	0.01404	0.01377	0.00754	0.00850	0.00606	0.00473	0.00411	0.00118	0.00755	0.00307	0.00266	0.00558
20	0.01671	0.02132	0.01268	0.01152	0.01383	0.82483	0.00864	0.01786	0.01268	0.01095	0.00691	0.00807	0.00576	0.00461	0.00403	0.00115	0.00807	0.00288	0.00230	0.00519
21	0.00777	0.00389	0.00583	0.00583	0.00583	0.00389	0.00389	0.00583	0.00583	0.00777	0.00777	0.01360	0.00777	0.01554	0.01748	0.86985	0.00389	0.00389	0.00194	0.00194
22	0.00766	0.00504	0.00678	0.00719	0.00830	0.00485	0.00582	0.00966	0.02726	0.07371	0.19466	0.19472	0.04969	0.01132	0.00571	0.00180	0.00331	0.37375	0.00441	0.00436
23	0.00745	0.00469	0.00606	0.00652	0.00737	0.00439	0.00465	0.02388	0.02563	0.09942	0.02509	0.61455	0.08914	0.01247	0.00552	0.00174	0.00284	0.05001	0.00432	0.00425
24	0.00529	0.00453	0.00453	0.00453	0.00604	0.00378	0.00340	0.00642	0.01020	0.01208	0.04532	0.04305	0.81307	0.01133	0.00529	0.00151	0.00227	0.00944	0.00415	0.00378
25	0.01086	0.01041	0.01778	0.09164	0.75234	0.01057	0.01362	0.01354	0.01009	0.01436	0.00838	0.01114	0.00700	0.00402	0.00443	0.00134	0.00537	0.00398	0.00220	0.00692
26	0.00623	0.00466	0.00539	0.00532	0.00659	0.00414	0.00394	0.00788	0.02744	0.03905	0.28734	0.14990	0.41448	0.01071	0.00530	0.00152	0.00234	0.00922	0.00445	0.00409
27	0.00548	0.00430	0.00497	0.00531	0.00629	0.00378	0.00379	0.00661	0.00990	0.01260	0.13763	0.34146	0.41786	0.01205	0.00544	0.00161	0.00237	0.01050	0.00425	0.00378
28	0.01073	0.01014	0.01718	0.02574	0.74282	0.01014	0.01315	0.01333	0.01020	0.01450	0.00978	0.01459	0.00875	0.00473	0.00459	0.00139	0.00521	0.07383	0.00238	0.00682
29	0.00555	0.00412	0.00518	0.00582	0.00643	0.00375	0.00402	0.00659	0.00948	0.01251	0.14564	0.56809	0.18090	0.01278	0.00556	0.00170	0.00246	0.01140	0.00427	0.00375
30	0.00641	0.00430	0.00491	0.00500	0.00502	0.00427	0.00284	0.00648	0.00669	0.00892	0.01504	0.10179	0.01745	0.76865	0.02124	0.00411	0.00418	0.00706	0.00284	0.00279
31	0.29384	0.08337	0.01153	0.00817	0.01143	0.00936	0.06930	0.03023	0.05062	0.35258	0.03016	0.01209	0.00902	0.00490	0.00388	0.00136	0.00405	0.00380	0.00398	0.00632
32	0.01411	0.00892	0.01180	0.07249	0.14432	0.00915	0.00828	0.16012	0.12640	0.26598	0.09738	0.01627	0.03288	0.00577	0.00459	0.00140	0.00416	0.00486	0.00430	0.00681
33	0.00552	0.00393	0.00521	0.00621	0.00647	0.00368	0.00415	0.00629	0.00852	0.01135	0.02425	0.79662	0.02903	0.04474	0.00635	0.00191	0.00269	0.02538	0.00410	0.00361
34	0.01302	0.00857	0.00957	0.00821	0.01079	0.00926	0.00650	0.09609	0.42899	0.18821	0.05360	0.01658	0.01358	0.00593	0.00439	0.00141	0.00349	0.00487	0.11019	0.00676
35	0.04232	0.00798	0.00978	0.00840	0.07455	0.00655	0.00605	0.01254	0.02947	0.08676	0.03303	0.03650	0.00892	0.00417	0.00365	0.00089	0.00347	0.00344	0.00304	0.61850
36	0.00600	0.00472	0.00613	0.00651	0.00704	0.00484	0.00468	0.00703	0.00905	0.01214	0.11142	0.51869	0.15085	0.01288	0.02653	0.00187	0.09124	0.01057	0.00396	0.00386
37	0.00908	0.05365	0.79008	0.01256	0.01907	0.01066	0.01620	0.01414	0.00943	0.01403	0.00796	0.00936	0.00567	0.00423	0.00420	0.00140	0.00654	0.00327	0.00189	0.00658
38	0.00986	0.00830	0.00959	0.00690	0.01085	0.00656	0.00554	0.07073	0.01016	0.01560	0.00816	0.00939	0.00670	0.00347	0.00340	0.00071	0.00343	0.00275	0.00279	0.80510
39	0.00874	0.00794	0.01334	0.81159	0.03033	0.00985	0.01228	0.01169	0.00904	0.03145	0.00819	0.01201	0.00609	0.00450	0.00447	0.00149	0.00591	0.00399	0.00208	0.00503
40	0.00559	0.00399	0.00535	0.00639	0.00671	0.00375	0.00440	0.00647	0.00870	0.01158	0.02458	0.77690	0.02928	0.01388	0.00575	0.00184	0.00272	0.07431	0.00415	0.00367
41	0.35584	0.00771	0.00823	0.00801	0.07319	0.00793	0.00576	0.01360	0.06075	0.12335	0.14474	0.01624	0.06957	0.00570	0.00388	0.00134	0.00334	0.00444	0.00365	0.08276
42	0.01131	0.01005	0.01627	0.16519	0.57232	0.03174	0.01263	0.01390	0.01023	0.07347	0.00945	0.01267	0.00773	0.00446	0.00449	0.00138	0.00535	0.02826	0.00248	0.00661
43	0.01066	0.01021	0.01742	0.15227	0.69325	0.01052	0.01353	0.01337	0.00999	0.01412	0.00834	0.01120	0.00691	0.00406	0.00444	0.00135	0.00541	0.00398	0.00218	0.00676
44	0.00549	0.00408	0.00512	0.00583	0.00641	0.00371	0.00400	0.00646	0.00926	0.01213	0.09881	0.60391	0.19237	0.01303	0.00558	0.00172	0.00248	0.01163	0.00422	0.00371
45	0.00806	0.00521	0.00662	0.00632	0.00771	0.00481	0.01797	0.01018	0.06004	0.12250	0.23743	0.27471	0.20039	0.01032	0.00526	0.00156	0.00270	0.00906	0.00454	0.00461
46	0.04448	0.07604	0.29946	0.03704	0.01503	0.00983	0.02983	0.08315	0.01024	0.01531	0.00798	0.00941	0.00619	0.00412	0.00420	0.00114	0.03578	0.00313	0.00244	0.30522
47	0.00989	0.00769	0.00906	0.00689	0.01038	0.00621	0.00543	0.01260	0.07310	0.07456	0.01099	0.08461	0.00957	0.00466	0.00371	0.00089	0.00330	0.00388	0.00315	0.65943
48	0.00559	0.00422	0.00517	0.00561	0.00640	0.00380	0.00395	0.00676	0.00991	0.01300	0.19888	0.43609	0.26000	0.01219	0.00549	0.00164	0.00240	0.01078	0.00432	0.00380
49	0.00962	0.00747	0.00777	0.00709	0.00912	0.00817	0.00549	0.05618	0.42174	0.01741	0.02228	0.02155	0.16927	0.00686	0.00435	0.00139	0.00301	0.00565	0.20982	0.00577
50	0.01373	0.22890	0.12166	0.01129	0.02871	0.24138	0.08716	0.12699	0.04324	0.04434	0.00850	0.00944	0.00663	0.00447	0.00399	0.00122	0.00616	0.00337	0.00266	0.00614
51	0.00605	0.00479	0.00616	0.00662	0.00722	0.00491	0.00488	0.00707	0.00888	0.01165	0.02703	0.47257	0.20828	0.01321	0.03205	0.00195	0.08911	0.07986	0.00387	0.00385
52	0.00570	0.00459	0.00514	0.00544	0.00672	0.00404	0.00423	0.00699	0.01011	0.01239	0.05404	0.12140	0.56930	0.01175	0.00550	0.00164	0.00265	0.16037	0.00416	0.00384
53	0.03074	0.01129	0.10529	0.14884	0.04793	0.02696	0.07564	0.14506	0.06999	0.01565	0.02641	0.07762	0.00946	0.00620	0.00675	0.00157	0.18112	0.00481	0.00287	0.00579
54	0.01298	0.01047	0.02661	0.23360	0.06079	0.03791	0.00945	0.23525	0.21801	0.09032	0.01222	0.01290	0.00890	0.00520	0.00448	0.00143	0.00490	0.00427	0.00368	0.00663

[dist]
# distance from previous block
# <min> <max>
0	3

[block]
# block no. 10 follows, 58 sequences, length 16
# corresponding to MSA columns:
# 398-413
name=unknown_K
#
# <colnr> <probs for GDERKNQSTAVLIFYWHMCP>
#	G	D	E	R	K	N	Q	S	T	A	V	L	I	F	Y	W	H	M	C	P
0	0.01191	0.01000	0.01056	0.00926	0.01193	0.01149	0.00727	0.12701	0.70229	0.01997	0.01721	0.01590	0.01285	0.00598	0.00454	0.00149	0.00372	0.00492	0.00454	0.00715
1	0.13544	0.01086	0.01321	0.01021	0.01358	0.03000	0.11864	0.36108	0.03883	0.05056	0.03196	0.01228	0.00868	0.00509	0.00446	0.00133	0.01947	0.02614	0.00366	0.10452
2	0.02007	0.00761	0.01038	0.00796	0.01142	0.00657	0.00657	0.02180	0.01280	0.81799	0.01765	0.01523	0.01107	0.00554	0.00450	0.00138	0.00381	0.00450	0.00554	0.00761
3	0.00857	0.00688	0.01016	0.01304	0.21551	0.00691	0.00871	0.04989	0.01080	0.01437	0.02042	0.03794	0.06726	0.00980	0.00559	0.00180	0.00435	0.49929	0.00365	0.00503
4	0.01700	0.01253	0.01342	0.01029	0.01387	0.01387	0.00850	0.79997	0.02103	0.02819	0.01074	0.01074	0.00761	0.00537	0.00447	0.00134	0.00492	0.00403	0.00447	0.00761
5	0.00545	0.00389	0.00519	0.00623	0.00649	0.00363	0.00415	0.00623	0.00856	0.01142	0.02465	0.83987	0.02959	0.01401	0.00571	0.00182	0.00260	0.01272	0.00415	0.00363
6	0.00644	0.00458	0.00580	0.00630	0.00706	0.00437	0.00446	0.00831	0.06352	0.03690	0.14395	0.54920	0.09490	0.01222	0.00551	0.00170	0.00264	0.03370	0.00434	0.00410
7	0.00643	0.00465	0.00644	0.00644	0.00698	0.00519	0.00466	0.00751	0.00697	0.00983	0.01267	0.02136	0.01283	0.29546	0.56540	0.00627	0.00951	0.00535	0.00250	0.00358
8	0.00897	0.02314	0.81962	0.01275	0.01936	0.01039	0.01653	0.01417	0.00944	0.01417	0.00803	0.00944	0.00567	0.00425	0.00425	0.00142	0.00661	0.00331	0.00189	0.00661
9	0.00834	0.00417	0.00417	0.00417	0.00521	0.00417	0.00313	0.01042	0.00938	0.01668	0.01459	0.01668	0.01147	0.00521	0.00313	0.00104	0.00208	0.00417	0.86763	0.00417
10	0.00587	0.00451	0.00493	0.00482	0.00616	0.00394	0.00362	0.00738	0.01085	0.01424	0.27038	0.03780	0.51146	0.01013	0.00509	0.00144	0.00220	0.00856	0.08267	0.00394
11	0.01317	0.01505	0.01298	0.30236	0.01957	0.43216	0.01004	0.01497	0.01077	0.03242	0.00746	0.00980	0.00598	0.00491	0.00528	0.00136	0.09092	0.00342	0.00224	0.00514
12	0.13087	0.00875	0.00895	0.00809	0.01045	0.01000	0.00631	0.02023	0.58343	0.01873	0.08837	0.01689	0.01491	0.00604	0.00430	0.00146	0.00333	0.00492	0.04762	0.00636
13	0.00738	0.00478	0.00586	0.00550	0.00685	0.00429	0.00415	0.00914	0.01163	0.08856	0.45446	0.07429	0.23590	0.00939	0.00510	0.00143	0.00233	0.00811	0.05646	0.00438
14	0.00587	0.00443	0.00498	0.00501	0.00620	0.00392	0.00369	0.00731	0.01060	0.01403	0.25052	0.13615	0.43237	0.01051	0.00514	0.00148	0.00225	0.00900	0.08265	0.00392
15	0.01399	0.00918	0.01223	0.08414	0.01429	0.03215	0.09779	0.14473	0.13057	0.26880	0.04123	0.03135	0.07373	0.00597	0.00466	0.00143	0.00447	0.00514	0.01762	0.00651

[dist]
# distance from previous block
# <min> <max>
20	35

[block]
# block no. 11 follows, 58 sequences, length 24
# corresponding to MSA columns:
# 451-454,463-482
name=unknown_L
#
# <colnr> <probs for GDERKNQSTAVLIFYWHMCP>
#	G	D	E	R	K	N	Q	S	T	A	V	L	I	F	Y	W	H	M	C	P
0	0.12842	0.14644	0.02936	0.00887	0.01186	0.07107	0.04878	0.21593	0.06952	0.04538	0.05446	0.07783	0.01103	0.02181	0.00444	0.00137	0.00456	0.00451	0.00343	0.04093
1	0.01185	0.77896	0.02368	0.00855	0.01243	0.01719	0.07079	0.01347	0.00921	0.01083	0.00644	0.00757	0.00582	0.00382	0.00306	0.00100	0.00500	0.00262	0.00194	0.00576
2	0.01126	0.01074	0.01878	0.01468	0.08139	0.00995	0.38807	0.11626	0.01157	0.03201	0.00907	0.01107	0.00696	0.00390	0.00452	0.00123	0.00573	0.00424	0.00272	0.25585
3	0.01626	0.02047	0.01311	0.01280	0.07777	0.75985	0.00905	0.01753	0.01248	0.01124	0.00703	0.00831	0.00587	0.00456	0.00406	0.00117	0.00785	0.00297	0.00230	0.00534
4	0.00552	0.00395	0.00525	0.00618	0.00650	0.00368	0.00416	0.00641	0.00889	0.01194	0.08754	0.77550	0.03059	0.01363	0.00567	0.00178	0.00256	0.01235	0.00421	0.00368
5	0.01040	0.00994	0.01694	0.23353	0.61407	0.01045	0.01339	0.01314	0.00987	0.01380	0.00830	0.01129	0.00680	0.00411	0.00444	0.00137	0.00548	0.00398	0.00216	0.00654
6	0.00640	0.00476	0.00702	0.00702	0.00776	0.00550	0.00538	0.00788	0.00714	0.01026	0.01214	0.01843	0.01156	0.09301	0.76612	0.00698	0.01142	0.00492	0.00242	0.00390
7	0.00578	0.00418	0.00549	0.00609	0.00667	0.00389	0.00430	0.00702	0.00988	0.01338	0.24546	0.53252	0.07159	0.01243	0.00559	0.00170	0.00253	0.05330	0.00437	0.00383
8	0.55949	0.00827	0.00798	0.00665	0.00967	0.00876	0.00548	0.01634	0.00953	0.31418	0.01044	0.01020	0.00714	0.00466	0.00341	0.00138	0.00359	0.00319	0.00379	0.00586
9	0.00545	0.00389	0.00519	0.00623	0.00649	0.00363	0.00415	0.00623	0.00856	0.01142	0.02465	0.83987	0.02959	0.01401	0.00571	0.00182	0.00260	0.01272	0.00415	0.00363
10	0.00662	0.00560	0.00834	0.00872	0.05259	0.02159	0.08661	0.00798	0.00929	0.01230	0.06579	0.54396	0.08310	0.01234	0.03143	0.00188	0.00365	0.03026	0.00380	0.00417
11	0.06542	0.00759	0.00993	0.00776	0.01099	0.00682	0.00637	0.04670	0.01270	0.68683	0.06032	0.03324	0.01271	0.00583	0.00447	0.00139	0.00371	0.00474	0.00529	0.00719
