[name]
unknown

[dist]
# distance from previous block
# <min> <max>
1	15

[block]
# block no. 0 follows, 57 sequences, length 11
# corresponding to MSA columns:
# 112-120,123,124
name=unknown_A
#
# <colnr> <probs for GDERKNQSTAVLIFYWHMCP>
#	G	D	E	R	K	N	Q	S	T	A	V	L	I	F	Y	W	H	M	C	P
0	0.03938	0.09866	0.14290	0.07258	0.06856	0.01036	0.04777	0.13232	0.02498	0.08491	0.00936	0.01047	0.00705	0.00430	0.00401	0.00118	0.00489	0.00349	0.00295	0.22988
1	0.00741	0.00574	0.00699	0.04497	0.00837	0.02712	0.00495	0.02756	0.06041	0.01264	0.18199	0.02480	0.03537	0.28490	0.24307	0.00405	0.00621	0.00613	0.00328	0.00403
2	0.05214	0.00891	0.01400	0.04533	0.31470	0.00906	0.09363	0.03969	0.05984	0.02949	0.03152	0.09152	0.01150	0.08011	0.04382	0.00195	0.01835	0.00531	0.00288	0.04627
3	0.01076	0.00914	0.01302	0.12957	0.22163	0.00860	0.02682	0.07785	0.01073	0.04535	0.00915	0.02772	0.00747	0.00419	0.00405	0.00109	0.00450	0.00368	0.00276	0.38192
4	0.00795	0.00559	0.00674	0.00671	0.00796	0.00557	0.00493	0.01145	0.16400	0.07178	0.18385	0.32462	0.10661	0.03997	0.00596	0.00173	0.00288	0.03243	0.00449	0.00476
5	0.01145	0.02987	0.07987	0.08452	0.11705	0.08972	0.13622	0.01428	0.03056	0.10548	0.06916	0.01442	0.04748	0.00507	0.00473	0.00132	0.02379	0.00450	0.00300	0.12752
6	0.01004	0.00773	0.01062	0.06455	0.05705	0.00744	0.07463	0.06075	0.10162	0.09747	0.10651	0.06438	0.17216	0.00701	0.00475	0.00137	0.00382	0.00613	0.00384	0.13813
7	0.00964	0.00807	0.01248	0.08375	0.22293	0.00811	0.07670	0.04874	0.04778	0.05667	0.13606	0.10188	0.08776	0.03544	0.00567	0.00156	0.01672	0.00629	0.00344	0.03031
8	0.01042	0.00931	0.04431	0.12931	0.22560	0.00915	0.05179	0.08492	0.06552	0.05621	0.03928	0.10126	0.06057	0.00650	0.00501	0.00148	0.02286	0.03446	0.00324	0.03881
9	0.04005	0.00732	0.03698	0.00972	0.09102	0.00722	0.01906	0.06688	0.02463	0.09557	0.03884	0.17910	0.03412	0.11034	0.17148	0.00305	0.04968	0.00651	0.00340	0.00504
10	0.01180	0.03959	0.01176	0.04927	0.04358	0.00770	0.05251	0.06260	0.01087	0.15157	0.01139	0.01213	0.03867	0.00432	0.00391	0.00100	0.00402	0.00362	0.00326	0.47644

[dist]
# distance from previous block
# <min> <max>
4	6

[block]
# block no. 1 follows, 57 sequences, length 16
# corresponding to MSA columns:
# 131-146
name=unknown_B
#
# <colnr> <probs for GDERKNQSTAVLIFYWHMCP>
#	G	D	E	R	K	N	Q	S	T	A	V	L	I	F	Y	W	H	M	C	P
0	0.02780	0.01021	0.07862	0.09696	0.17508	0.02628	0.04665	0.05038	0.14142	0.04770	0.08210	0.05057	0.04926	0.00575	0.00456	0.00138	0.00457	0.00504	0.00329	0.09239
1	0.00933	0.03760	0.11720	0.02333	0.07674	0.03169	0.07176	0.04328	0.08761	0.04371	0.08920	0.13831	0.11893	0.03624	0.00570	0.00159	0.02075	0.01546	0.00347	0.02813
2	0.04620	0.04650	0.01141	0.02916	0.01252	0.09053	0.00754	0.15904	0.46201	0.01900	0.01472	0.03357	0.01140	0.00666	0.02811	0.00161	0.00462	0.00465	0.00406	0.00671
3	0.01181	0.01067	0.08322	0.03059	0.15573	0.00888	0.08338	0.07684	0.02592	0.11391	0.00982	0.01107	0.00746	0.00424	0.00441	0.00115	0.02600	0.00368	0.00301	0.32819
4	0.01044	0.36976	0.41716	0.01065	0.01562	0.01393	0.01239	0.01374	0.00921	0.01251	0.00718	0.00862	0.00579	0.00441	0.00455	0.00128	0.07164	0.00301	0.00193	0.00618
5	0.06157	0.01201	0.04502	0.01100	0.01408	0.10950	0.14417	0.20672	0.13949	0.04864	0.09075	0.01488	0.03235	0.00623	0.02108	0.00154	0.02625	0.00478	0.00366	0.00627
6	0.00948	0.00826	0.01184	0.23787	0.15750	0.03699	0.03972	0.06517	0.02203	0.04269	0.03524	0.15188	0.12777	0.00721	0.00486	0.00149	0.00463	0.00639	0.00317	0.02582
7	0.00702	0.00563	0.00843	0.00795	0.00871	0.00666	0.03205	0.00847	0.00728	0.01051	0.01156	0.01799	0.01112	0.11691	0.61699	0.00617	0.10511	0.00496	0.00241	0.00408
8	0.00777	0.00397	0.00583	0.00583	0.00583	0.00397	0.00384	0.00596	0.00596	0.00794	0.00838	0.01504	0.00856	0.08141	0.01814	0.79941	0.00397	0.00415	0.00203	0.00203
9	0.04288	0.05451	0.06117	0.18071	0.35304	0.06518	0.02283	0.05904	0.01042	0.01434	0.00833	0.01136	0.00690	0.00473	0.00519	0.00142	0.07149	0.01788	0.00234	0.00623
10	0.05375	0.02970	0.03339	0.14385	0.15473	0.11340	0.03331	0.22665	0.09481	0.01797	0.01028	0.03859	0.00822	0.00518	0.00456	0.00140	0.01642	0.00422	0.00316	0.00641
11	0.00635	0.00443	0.00553	0.00577	0.00608	0.00448	0.00380	0.00697	0.00760	0.01025	0.04463	0.18989	0.03966	0.45411	0.15402	0.00410	0.00522	0.04064	0.00316	0.00329
12	0.08421	0.04416	0.09849	0.11104	0.28928	0.02159	0.13934	0.02844	0.05966	0.04930	0.00963	0.02801	0.00765	0.00453	0.00444	0.00142	0.00558	0.00424	0.00260	0.00640
13	0.01169	0.01104	0.05463	0.03836	0.04429	0.11543	0.04121	0.14790	0.09722	0.04947	0.06776	0.03756	0.01250	0.15569	0.00871	0.00197	0.07092	0.00500	0.00334	0.02531
14	0.00981	0.00893	0.02769	0.00949	0.05820	0.02434	0.07522	0.01192	0.00957	0.03729	0.00964	0.07364	0.00860	0.00459	0.00438	0.00098	0.04211	0.00391	0.00277	0.57693
15	0.00854	0.00719	0.05801	0.00831	0.03313	0.00611	0.06585	0.02453	0.06551	0.09019	0.25834	0.16795	0.15196	0.00951	0.02249	0.00165	0.00356	0.00791	0.00422	0.00505

[dist]
# distance from previous block
# <min> <max>
3	8

[block]
# block no. 2 follows, 57 sequences, length 11
# corresponding to MSA columns:
# 155-165
name=unknown_C
#
# <colnr> <probs for GDERKNQSTAVLIFYWHMCP>
#	G	D	E	R	K	N	Q	S	T	A	V	L	I	F	Y	W	H	M	C	P
0	0.01015	0.00884	0.00908	0.00802	0.00971	0.12837	0.02726	0.05844	0.06178	0.05040	0.05946	0.06369	0.04316	0.16088	0.13480	0.00280	0.04356	0.00539	0.02522	0.08899
1	0.38609	0.00919	0.00859	0.00739	0.00992	0.05910	0.00593	0.15201	0.01113	0.09903	0.04483	0.01254	0.03434	0.00870	0.08942	0.04426	0.00491	0.00378	0.00342	0.00541
2	0.04267	0.00929	0.01045	0.00808	0.01156	0.04892	0.00654	0.13577	0.04961	0.31153	0.04095	0.01293	0.01003	0.00493	0.00412	0.00116	0.00400	0.00390	0.00420	0.27936
3	0.00592	0.00461	0.00537	0.00518	0.00646	0.00406	0.00388	0.00759	0.01165	0.01539	0.45132	0.03843	0.40327	0.01030	0.00535	0.00147	0.00221	0.00884	0.00462	0.00406
4	0.01312	0.10636	0.01307	0.00992	0.02654	0.12221	0.02975	0.13620	0.36917	0.04824	0.04193	0.01380	0.01131	0.00548	0.00434	0.00136	0.00466	0.00436	0.00387	0.03431
5	0.03624	0.02076	0.01225	0.01079	0.05258	0.05048	0.02064	0.22274	0.01180	0.04692	0.00984	0.03077	0.00843	0.02879	0.11537	0.00239	0.26361	0.00432	0.04557	0.00572
6	0.00588	0.00477	0.00524	0.00527	0.00659	0.00427	0.00389	0.00775	0.05056	0.01360	0.18574	0.14973	0.51827	0.01116	0.00537	0.00155	0.00238	0.00954	0.00438	0.00406
7	0.01262	0.26242	0.04853	0.03827	0.01272	0.05576	0.00817	0.19073	0.09322	0.04640	0.02603	0.04729	0.00958	0.04767	0.00596	0.00149	0.07972	0.00419	0.00316	0.00608
8	0.03913	0.00536	0.00671	0.00609	0.00681	0.00536	0.05114	0.03574	0.00801	0.01099	0.04686	0.02822	0.08892	0.59948	0.04001	0.00370	0.00451	0.00656	0.00300	0.00340
9	0.01404	0.01086	0.01150	0.00901	0.01224	0.06875	0.02600	0.40310	0.01585	0.05125	0.02945	0.01274	0.00916	0.00515	0.00418	0.00119	0.00449	0.02286	0.09804	0.19013
10	0.03609	0.04508	0.01121	0.00782	0.01171	0.02523	0.03142	0.12584	0.01131	0.04599	0.00871	0.00975	0.00692	0.00383	0.00361	0.00087	0.00392	0.00303	0.00301	0.60466

[dist]
# distance from previous block
# <min> <max>
0	36

[block]
# block no. 3 follows, 57 sequences, length 19
# corresponding to MSA columns:
# 202-211,214-222
name=unknown_D
#
# <colnr> <probs for GDERKNQSTAVLIFYWHMCP>
#	G	D	E	R	K	N	Q	S	T	A	V	L	I	F	Y	W	H	M	C	P
0	0.02496	0.14327	0.03385	0.01011	0.01165	0.10780	0.02894	0.03469	0.00868	0.01165	0.00799	0.01132	0.00733	0.01316	0.21527	0.00301	0.31522	0.00382	0.00222	0.00505
1	0.01207	0.09046	0.01336	0.03932	0.03382	0.22488	0.05578	0.11822	0.02084	0.01406	0.04364	0.05463	0.01074	0.03815	0.08870	0.00211	0.09655	0.03444	0.00286	0.00535
2	0.00647	0.00447	0.00547	0.00549	0.00588	0.00449	0.00357	0.00719	0.00799	0.01099	0.13541	0.08959	0.04829	0.47917	0.14162	0.00402	0.00499	0.00708	0.02450	0.00332
3	0.05929	0.00750	0.00976	0.00774	0.01087	0.00678	0.00631	0.03119	0.03757	0.64940	0.04752	0.05301	0.01301	0.00607	0.00452	0.00142	0.00367	0.00497	0.03228	0.00714
4	0.00905	0.00558	0.00708	0.00630	0.00791	0.00522	0.00486	0.04141	0.03897	0.13973	0.59134	0.03013	0.07722	0.00858	0.00517	0.00143	0.00257	0.00746	0.00501	0.00500
5	0.01308	0.00981	0.01066	0.00921	0.01201	0.01100	0.00727	0.11107	0.61645	0.12022	0.01752	0.01604	0.01281	0.00600	0.00460	0.00150	0.00378	0.00493	0.00473	0.00730
6	0.02723	0.00933	0.01068	0.00878	0.01138	0.02659	0.00711	0.24481	0.12906	0.22528	0.01377	0.01393	0.00999	0.00773	0.06210	0.00182	0.07385	0.00437	0.10556	0.00665
7	0.26146	0.01175	0.05123	0.00907	0.01253	0.01230	0.00776	0.49023	0.01623	0.05259	0.00975	0.01037	0.00712	0.02283	0.00442	0.00144	0.00460	0.00365	0.00391	0.00675
8	0.01418	0.02277	0.01069	0.00859	0.01151	0.00968	0.00691	0.19886	0.27005	0.22041	0.12501	0.01701	0.01532	0.00612	0.00460	0.00140	0.00379	0.00502	0.00477	0.04330
9	0.01004	0.00904	0.01413	0.53895	0.17026	0.01054	0.01196	0.09907	0.04467	0.01435	0.00929	0.03133	0.00733	0.00484	0.00456	0.00147	0.00562	0.00429	0.00250	0.00578
10	0.00612	0.00449	0.00574	0.00570	0.00666	0.00411	0.00417	0.00789	0.01175	0.01624	0.57344	0.19102	0.12490	0.01047	0.00543	0.00152	0.00225	0.00926	0.00475	0.00411
11	0.01107	0.04638	0.03656	0.01467	0.03645	0.01170	0.39449	0.08645	0.15661	0.01596	0.01193	0.03937	0.02769	0.00531	0.00590	0.00154	0.08352	0.00520	0.00297	0.00624
12	0.00559	0.00445	0.00494	0.00510	0.00624	0.00388	0.00367	0.00673	0.01014	0.01271	0.13970	0.20458	0.51235	0.05149	0.00629	0.00172	0.00244	0.00992	0.00424	0.00380
13	0.00645	0.00471	0.00669	0.00674	0.00735	0.00530	0.00498	0.00769	0.00721	0.01021	0.01323	0.06102	0.01334	0.20312	0.61358	0.00640	0.01003	0.00562	0.00258	0.00375
14	0.10485	0.11906	0.01407	0.01076	0.05270	0.23249	0.00837	0.32039	0.01491	0.05193	0.00885	0.00951	0.00676	0.00489	0.00423	0.00128	0.02180	0.00340	0.00331	0.00643
15	0.06183	0.00874	0.00976	0.05886	0.02881	0.02854	0.00661	0.17282	0.07076	0.05631	0.02941	0.04837	0.11533	0.00612	0.00429	0.00125	0.00388	0.02511	0.01789	0.24532
16	0.00967	0.00863	0.02968	0.16999	0.14372	0.00907	0.06983	0.06693	0.07589	0.04020	0.07167	0.05424	0.07724	0.02652	0.07660	0.00207	0.05385	0.00550	0.00312	0.00559
17	0.01256	0.01088	0.01116	0.02726	0.02918	0.08077	0.00771	0.16418	0.44491	0.03786	0.04202	0.01604	0.04292	0.00619	0.00509	0.00148	0.04397	0.00490	0.00419	0.00674
18	0.06729	0.01028	0.01255	0.21536	0.07363	0.13904	0.08249	0.03298	0.01006	0.01369	0.01043	0.09728	0.00945	0.00576	0.00498	0.00141	0.05362	0.01699	0.07588	0.06682

[dist]
# distance from previous block
# <min> <max>
2	7

[block]
# block no. 4 follows, 57 sequences, length 6
# corresponding to MSA columns:
# 230-235
name=unknown_E
#
# <colnr> <probs for GDERKNQSTAVLIFYWHMCP>
#	G	D	E	R	K	N	Q	S	T	A	V	L	I	F	Y	W	H	M	C	P
0	0.01195	0.01056	0.01516	0.15627	0.40709	0.04800	0.01148	0.11416	0.07707	0.04886	0.04730	0.01287	0.00936	0.00481	0.00453	0.00139	0.00521	0.00429	0.00296	0.00668
1	0.01160	0.01022	0.01043	0.06870	0.01284	0.08613	0.00743	0.11186	0.41930	0.03533	0.03788	0.05521	0.07845	0.00673	0.00494	0.00150	0.02552	0.00547	0.00411	0.00635
2	0.00804	0.00620	0.00726	0.06604	0.00936	0.00621	0.00509	0.12789	0.01078	0.01412	0.05161	0.09997	0.26043	0.19414	0.05836	0.00245	0.00412	0.00721	0.00360	0.05711
3	0.06611	0.01095	0.01160	0.00937	0.01219	0.03941	0.00753	0.39404	0.13707	0.04097	0.01139	0.01277	0.00890	0.06622	0.00655	0.00160	0.07513	0.00417	0.00389	0.08016
4	0.01117	0.00918	0.01434	0.52612	0.05704	0.01065	0.05931	0.13649	0.01139	0.08059	0.00933	0.01207	0.00682	0.00481	0.00490	0.00149	0.03158	0.00416	0.00273	0.00582
5	0.00774	0.00543	0.00600	0.00569	0.00617	0.00566	0.00354	0.06365	0.07563	0.01104	0.01439	0.02725	0.01563	0.71090	0.02019	0.00394	0.00437	0.00629	0.00303	0.00347

[dist]
# distance from previous block
# <min> <max>
0	2

[block]
# block no. 5 follows, 57 sequences, length 30
# corresponding to MSA columns:
# 238-267
name=unknown_F
#
# <colnr> <probs for GDERKNQSTAVLIFYWHMCP>
#	G	D	E	R	K	N	Q	S	T	A	V	L	I	F	Y	W	H	M	C	P
0	0.01143	0.15315	0.01866	0.08615	0.34172	0.01231	0.10674	0.05715	0.02265	0.03444	0.02272	0.01118	0.00755	0.00466	0.00540	0.00139	0.08983	0.00402	0.00245	0.00640
1	0.02416	0.48158	0.15240	0.01051	0.07582	0.03069	0.02326	0.03031	0.05129	0.03192	0.00867	0.04538	0.00756	0.00463	0.00362	0.00118	0.00511	0.00345	0.00237	0.00611
2	0.03689	0.00785	0.00890	0.00782	0.02383	0.04266	0.02196	0.03378	0.18406	0.14757	0.21966	0.02318	0.13529	0.00716	0.00472	0.00138	0.00340	0.00603	0.00440	0.07945
3	0.01657	0.00718	0.00953	0.00758	0.01046	0.00644	0.00615	0.06023	0.01338	0.56741	0.22209	0.01994	0.01917	0.00654	0.00476	0.00141	0.00347	0.00547	0.00539	0.00682
4	0.00859	0.00719	0.01044	0.19083	0.01451	0.00865	0.02678	0.07219	0.04477	0.01286	0.01098	0.03477	0.00978	0.04298	0.34534	0.00403	0.11708	0.00474	0.02865	0.00482
5	0.23249	0.00968	0.00968	0.00786	0.01071	0.01067	0.00642	0.40059	0.01500	0.04967	0.01080	0.01145	0.00797	0.00510	0.00380	0.00131	0.00394	0.00371	0.19293	0.00623
6	0.37248	0.00825	0.00873	0.00716	0.01021	0.00845	0.00587	0.05175	0.04020	0.37293	0.03816	0.01336	0.03365	0.00533	0.00388	0.00141	0.00365	0.00395	0.00430	0.00630
7	0.01258	0.11486	0.09552	0.10920	0.01476	0.05076	0.00880	0.24495	0.12233	0.03672	0.02727	0.01248	0.00911	0.00514	0.00414	0.00132	0.00478	0.00399	0.11495	0.00633
8	0.00631	0.00448	0.00534	0.00537	0.00585	0.00443	0.00351	0.00689	0.00784	0.01037	0.06795	0.07257	0.16105	0.46029	0.14006	0.01906	0.00496	0.00724	0.00316	0.00327
9	0.00867	0.00817	0.01380	0.79457	0.06559	0.01010	0.01264	0.01168	0.00912	0.01172	0.00807	0.01204	0.00609	0.00451	0.00453	0.00150	0.00601	0.00403	0.00202	0.00513
10	0.03633	0.02670	0.01380	0.12650	0.06278	0.01918	0.07100	0.30618	0.04011	0.09507	0.01091	0.03121	0.00832	0.00595	0.02455	0.00153	0.04301	0.00431	0.01741	0.05514
11	0.01211	0.84348	0.02374	0.00775	0.01163	0.01793	0.00775	0.01357	0.00921	0.01066	0.00630	0.00727	0.00582	0.00388	0.00291	0.00097	0.00485	0.00242	0.00194	0.00582
12	0.84796	0.00873	0.00677	0.00602	0.00884	0.01006	0.00496	0.01357	0.00786	0.04347	0.00665	0.00760	0.00509	0.00425	0.00286	0.00140	0.00352	0.00251	0.00289	0.00499
13	0.01014	0.00978	0.03017	0.38683	0.31033	0.02489	0.08291	0.01300	0.00985	0.03793	0.00915	0.03835	0.00745	0.00463	0.00462	0.00145	0.00582	0.00442	0.00231	0.00598
14	0.00565	0.00409	0.00535	0.00612	0.00658	0.00378	0.00417	0.00667	0.00942	0.01265	0.14993	0.66628	0.07600	0.01327	0.00569	0.00176	0.00253	0.01196	0.00433	0.00378
15	0.00582	0.00431	0.00540	0.00607	0.00670	0.00401	0.00426	0.00702	0.02154	0.01230	0.08770	0.52627	0.17020	0.05426	0.00655	0.00189	0.00274	0.06494	0.00420	0.00379
16	0.01045	0.00569	0.00726	0.00641	0.00819	0.00529	0.00496	0.01307	0.06184	0.22583	0.43573	0.06074	0.05026	0.00806	0.00494	0.00142	0.00270	0.00697	0.07489	0.00531
17	0.01851	0.00766	0.01014	0.00792	0.01117	0.00683	0.00649	0.05479	0.03188	0.67985	0.07618	0.01745	0.03755	0.00606	0.00464	0.00141	0.00373	0.00497	0.00545	0.00733
18	0.71558	0.00910	0.00757	0.00653	0.00940	0.01040	0.00537	0.11428	0.00964	0.04032	0.00744	0.00830	0.00563	0.00443	0.00308	0.00139	0.00366	0.00277	0.02981	0.00531
19	0.24973	0.35109	0.05721	0.00752	0.01084	0.02935	0.00701	0.08888	0.03612	0.01615	0.00876	0.00966	0.02089	0.00450	0.00326	0.00119	0.00431	0.00304	0.08485	0.00564
20	0.03160	0.33838	0.29725	0.01022	0.02662	0.03733	0.03385	0.01376	0.00959	0.05675	0.00943	0.08522	0.00834	0.00517	0.00407	0.00129	0.01875	0.00398	0.00239	0.00601
21	0.03302	0.17403	0.22267	0.01021	0.01444	0.01320	0.01018	0.30107	0.12766	0.01958	0.01052	0.02564	0.00805	0.00508	0.00416	0.00134	0.00512	0.00384	0.00332	0.00687
22	0.73683	0.00880	0.00743	0.00668	0.02175	0.00997	0.00535	0.02645	0.04038	0.09021	0.00792	0.00857	0.00590	0.00442	0.00308	0.00141	0.00359	0.00280	0.00314	0.00532
23	0.02417	0.00727	0.00981	0.03760	0.14663	0.02353	0.02281	0.03205	0.09239	0.06922	0.10678	0.25564	0.06938	0.03579	0.00596	0.00167	0.02947	0.02076	0.00382	0.00526
24	0.00604	0.00457	0.00559	0.00554	0.00666	0.00412	0.00414	0.00775	0.01156	0.01555	0.47208	0.12072	0.26707	0.01056	0.00543	0.00153	0.00232	0.04003	0.00464	0.00408
25	0.01029	0.01080	0.02095	0.21144	0.07813	0.02155	0.44825	0.03011	0.01011	0.01361	0.00861	0.01195	0.00668	0.00477	0.00614	0.03493	0.05898	0.00474	0.00224	0.00572
26	0.00660	0.00452	0.00589	0.00598	0.00690	0.00415	0.00435	0.00820	0.01122	0.04611	0.45047	0.30872	0.08328	0.01100	0.00548	0.00158	0.00242	0.02426	0.00468	0.00418
27	0.00649	0.00441	0.00507	0.00511	0.00522	0.00441	0.00299	0.00666	0.00685	0.00912	0.01580	0.06143	0.04734	0.73242	0.06508	0.00434	0.00466	0.00686	0.00284	0.00289
28	0.01220	0.70191	0.04664	0.00861	0.01226	0.07134	0.02225	0.01376	0.00936	0.01088	0.00643	0.00764	0.00584	0.00417	0.00374	0.00106	0.05154	0.00262	0.00197	0.00576
29	0.02420	0.00571	0.00733	0.00668	0.00825	0.00544	0.03518	0.02740	0.07105	0.07639	0.38309	0.12698	0.17381	0.00941	0.00523	0.00151	0.00279	0.02021	0.00460	0.00475

[dist]
# distance from previous block
# <min> <max>
1	11

[block]
# block no. 6 follows, 57 sequences, length 7
# corresponding to MSA columns:
# 282-288
name=unknown_G
#
# <colnr> <probs for GDERKNQSTAVLIFYWHMCP>
#	G	D	E	R	K	N	Q	S	T	A	V	L	I	F	Y	W	H	M	C	P
0	0.01434	0.00941	0.01079	0.03256	0.01193	0.06467	0.00735	0.11045	0.15384	0.27847	0.10155	0.01713	0.01406	0.02664	0.00635	0.00157	0.10422	0.02384	0.00437	0.00645
1	0.00865	0.00578	0.00710	0.00627	0.00809	0.00516	0.02496	0.04184	0.01083	0.11841	0.13844	0.09039	0.29894	0.10965	0.00724	0.00180	0.00315	0.03003	0.00416	0.07910
2	0.00620	0.00481	0.00681	0.00881	0.10389	0.00455	0.00533	0.00724	0.00897	0.01200	0.02422	0.69110	0.07327	0.01281	0.00560	0.00176	0.00294	0.01162	0.00397	0.00411
3	0.00912	0.00879	0.01551	0.51274	0.18266	0.00990	0.10686	0.01200	0.00948	0.01257	0.00953	0.07299	0.00814	0.00506	0.00471	0.00150	0.00585	0.00484	0.00225	0.00549
4	0.01007	0.00887	0.01227	0.03716	0.03958	0.02483	0.13810	0.09885	0.23843	0.01761	0.18793	0.04518	0.05610	0.00755	0.02234	0.00163	0.00444	0.03921	0.00400	0.00587
5	0.00660	0.00428	0.00531	0.00557	0.00580	0.00417	0.00359	0.00655	0.00734	0.00966	0.01788	0.18134	0.07654	0.40352	0.01639	0.18249	0.00380	0.05317	0.00305	0.00293
6	0.01241	0.09495	0.06267	0.13045	0.25182	0.19638	0.03519	0.04721	0.03874	0.03048	0.00877	0.01126	0.00718	0.00471	0.00465	0.00135	0.03313	0.02005	0.00246	0.00614

[dist]
# distance from previous block
# <min> <max>
0	3

[block]
# block no. 7 follows, 57 sequences, length 12
# corresponding to MSA columns:
# 292-303
name=unknown_H
#
# <colnr> <probs for GDERKNQSTAVLIFYWHMCP>
#	G	D	E	R	K	N	Q	S	T	A	V	L	I	F	Y	W	H	M	C	P
0	0.42716	0.02383	0.10377	0.00794	0.01094	0.02341	0.00721	0.06617	0.00978	0.12196	0.02685	0.05072	0.02498	0.00553	0.00457	0.00146	0.07104	0.00385	0.00323	0.00560
1	0.01016	0.00965	0.01315	0.01134	0.01173	0.01302	0.00946	0.06999	0.00836	0.01246	0.00865	0.01375	0.02934	0.00816	0.01324	0.00193	0.69022	0.05792	0.00239	0.00508
2	0.07172	0.01184	0.05836	0.01683	0.29272	0.04010	0.07643	0.13461	0.20066	0.01799	0.01101	0.01211	0.00851	0.00486	0.00467	0.00142	0.02188	0.00422	0.00317	0.00687
3	0.06427	0.01035	0.01546	0.20622	0.12466	0.06626	0.16990	0.08032	0.01101	0.09568	0.01037	0.05461	0.00846	0.02824	0.00548	0.00155	0.03365	0.00471	0.00288	0.00591
4	0.01228	0.00860	0.01007	0.00757	0.01130	0.00745	0.00609	0.08546	0.09917	0.16051	0.01123	0.01145	0.00840	0.00426	0.00382	0.00096	0.00362	0.00342	0.00359	0.54077
5	0.00806	0.00551	0.00692	0.00632	0.00776	0.00534	0.00482	0.01153	0.11369	0.07705	0.65082	0.03033	0.03675	0.00860	0.00519	0.00144	0.00245	0.00754	0.00499	0.00490
6	0.00989	0.00890	0.01365	0.15301	0.06207	0.01099	0.07466	0.06498	0.00865	0.01226	0.00757	0.01148	0.00671	0.00865	0.03539	0.14296	0.35696	0.00412	0.00222	0.00487
7	0.00891	0.00631	0.00801	0.09457	0.01058	0.00649	0.00578	0.09079	0.06722	0.06809	0.40052	0.06524	0.05415	0.08525	0.00674	0.00173	0.00329	0.00701	0.00437	0.00494
8	0.01099	0.00742	0.00859	0.00758	0.00971	0.00780	0.00591	0.03562	0.34369	0.14430	0.29510	0.02246	0.02329	0.00709	0.00478	0.00145	0.00308	0.00604	0.04901	0.00610
9	0.02377	0.06642	0.01644	0.14387	0.34498	0.01085	0.08597	0.04550	0.01008	0.01419	0.03958	0.01281	0.00867	0.03480	0.02493	0.00166	0.07939	0.00430	0.02578	0.00602
10	0.00668	0.00440	0.00525	0.00525	0.00533	0.00448	0.00313	0.00669	0.00661	0.00889	0.01356	0.02723	0.01529	0.69544	0.10291	0.07204	0.00513	0.00621	0.00265	0.00282
11	0.05587	0.02375	0.01082	0.00879	0.01152	0.01058	0.00706	0.29228	0.19174	0.04897	0.01368	0.09246	0.01146	0.00638	0.00494	0.00140	0.04724	0.01932	0.03655	0.10518

[dist]
# distance from previous block
# <min> <max>
2	6

[block]
# block no. 8 follows, 57 sequences, length 21
# corresponding to MSA columns:
# 310-330
name=unknown_I
#
# <colnr> <probs for GDERKNQSTAVLIFYWHMCP>
#	G	D	E	R	K	N	Q	S	T	A	V	L	I	F	Y	W	H	M	C	P
0	0.02807	0.07221	0.00969	0.05078	0.03437	0.01876	0.01638	0.02312	0.15454	0.03761	0.04662	0.24803	0.04249	0.03206	0.10022	0.00228	0.01916	0.02830	0.00360	0.03171
1	0.01061	0.01042	0.02840	0.13114	0.05587	0.04599	0.10804	0.04446	0.16212	0.02355	0.01130	0.01396	0.03238	0.00624	0.00791	0.00164	0.26489	0.02193	0.01336	0.00577
2	0.00581	0.00436	0.00536	0.00563	0.00649	0.00394	0.00400	0.00714	0.01049	0.01396	0.30255	0.33863	0.23182	0.03119	0.00593	0.00168	0.00242	0.01027	0.00444	0.00390
3	0.02196	0.00494	0.00618	0.00628	0.00724	0.00474	0.00464	0.00919	0.03141	0.07093	0.20531	0.21519	0.07976	0.16302	0.00868	0.00217	0.00318	0.13030	0.02075	0.00415
4	0.01636	0.01226	0.01311	0.01025	0.01372	0.01365	0.00840	0.68556	0.13452	0.02717	0.01197	0.01175	0.00859	0.00554	0.00454	0.00139	0.00478	0.00423	0.00454	0.00763
5	0.26550	0.00688	0.00751	0.00668	0.00887	0.00703	0.00535	0.01439	0.02751	0.25407	0.01437	0.01976	0.01207	0.11341	0.02460	0.00197	0.00385	0.10529	0.09555	0.00533
6	0.18542	0.01097	0.01154	0.00904	0.01242	0.01195	0.00745	0.50949	0.01711	0.14106	0.01110	0.01101	0.00777	0.00522	0.00416	0.00137	0.00445	0.00383	0.02758	0.00706
7	0.01211	0.84348	0.02374	0.00775	0.01163	0.01793	0.00775	0.01357	0.00921	0.01066	0.00630	0.00727	0.00582	0.00388	0.00291	0.00097	0.00485	0.00242	0.00194	0.00582
8	0.01196	0.80098	0.06487	0.00802	0.01204	0.01755	0.00822	0.01361	0.00923	0.01085	0.00639	0.00739	0.00581	0.00390	0.00298	0.00099	0.00494	0.00247	0.00194	0.00586
9	0.13757	0.00872	0.01265	0.17571	0.27779	0.00941	0.00986	0.04909	0.03427	0.08056	0.02673	0.03373	0.00936	0.00797	0.08584	0.00202	0.00555	0.02430	0.00290	0.00596
10	0.01135	0.00939	0.01062	0.01024	0.07389	0.01043	0.00739	0.15507	0.46539	0.01955	0.08093	0.05845	0.05375	0.00676	0.00474	0.00150	0.00375	0.00570	0.00440	0.00670
11	0.00727	0.00516	0.00627	0.00584	0.00719	0.00487	0.00442	0.03425	0.04684	0.04148	0.54319	0.05563	0.16511	0.00923	0.00518	0.00144	0.00238	0.00801	0.04171	0.00452
12	0.04467	0.00949	0.01492	0.43329	0.30908	0.02656	0.01232	0.04236	0.01013	0.04214	0.00859	0.01158	0.00664	0.00442	0.00444	0.00143	0.00563	0.00397	0.00235	0.00600
13	0.00642	0.00485	0.00715	0.00704	0.00795	0.00465	0.06618	0.00771	0.00924	0.01272	0.11083	0.43092	0.09294	0.01429	0.10008	0.03389	0.00404	0.00961	0.06552	0.00397
14	0.00781	0.00417	0.00609	0.00607	0.00620	0.00427	0.00412	0.00656	0.02659	0.00839	0.00867	0.01464	0.00855	0.04154	0.08051	0.75272	0.00458	0.00412	0.00209	0.00229
15	0.01184	0.77812	0.02295	0.07207	0.01316	0.01731	0.00813	0.01341	0.00920	0.01073	0.00644	0.00765	0.00583	0.00393	0.00303	0.00101	0.00494	0.00255	0.00194	0.00575
16	0.00574	0.00440	0.00525	0.00547	0.00646	0.00392	0.00394	0.00708	0.01059	0.01388	0.27690	0.28650	0.33028	0.01163	0.00548	0.00159	0.00235	0.01017	0.00445	0.00392
17	0.01462	0.00904	0.01068	0.00813	0.01177	0.00835	0.00660	0.17438	0.08863	0.27207	0.01273	0.01232	0.00902	0.00476	0.00409	0.00112	0.00386	0.00379	0.00417	0.33986
18	0.04294	0.07895	0.10853	0.01008	0.01356	0.12107	0.00890	0.24991	0.25372	0.04881	0.01206	0.01195	0.00896	0.00526	0.00428	0.00137	0.00509	0.00399	0.00373	0.00685
19	0.10927	0.03948	0.31884	0.01103	0.02826	0.05258	0.04410	0.09793	0.11461	0.12469	0.01080	0.01120	0.00772	0.00481	0.00423	0.00141	0.00542	0.00376	0.00318	0.00668
20	0.01295	0.03934	0.07089	0.01566	0.25041	0.05775	0.07301	0.09235	0.13530	0.12979	0.03147	0.01364	0.00986	0.00590	0.02905	0.00157	0.00537	0.01547	0.00339	0.00682

[dist]
# distance from previous block
# <min> <max>
5	12

[block]
# block no. 9 follows, 57 sequences, length 13
# corresponding to MSA columns:
# 344-356
name=unknown_J
#
# <colnr> <probs for GDERKNQSTAVLIFYWHMCP>
#	G	D	E	R	K	N	Q	S	T	A	V	L	I	F	Y	W	H	M	C	P
0	0.42248	0.03115	0.22816	0.00869	0.01252	0.01038	0.00884	0.03918	0.02835	0.11148	0.00857	0.00939	0.00625	0.00469	0.00421	0.00144	0.05225	0.00314	0.00292	0.00589
1	0.01070	0.01027	0.01367	0.01170	0.01196	0.04563	0.00971	0.01174	0.00747	0.05049	0.00658	0.01012	0.00620	0.00769	0.01394	0.00192	0.75897	0.00395	0.00218	0.00510
2	0.04510	0.01279	0.17050	0.02568	0.09087	0.02432	0.08491	0.10070	0.24931	0.08587	0.01321	0.01491	0.01012	0.00545	0.00460	0.00148	0.00507	0.04480	0.00354	0.00677
3	0.01211	0.84348	0.02374	0.00775	0.01163	0.01793	0.00775	0.01357	0.00921	0.01066	0.00630	0.00727	0.00582	0.00388	0.00291	0.00097	0.00485	0.00242	0.00194	0.00582
4	0.00722	0.00539	0.00809	0.05494	0.00973	0.00638	0.00632	0.00889	0.00755	0.03648	0.01176	0.01699	0.01074	0.03002	0.70732	0.00649	0.05420	0.00475	0.00248	0.00427
5	0.00627	0.00480	0.00577	0.00549	0.00675	0.00439	0.00413	0.00849	0.03992	0.01644	0.55521	0.03615	0.26988	0.00981	0.00532	0.00146	0.00224	0.00849	0.00474	0.00424
6	0.00856	0.00805	0.01359	0.82986	0.03121	0.01007	0.01258	0.01158	0.00906	0.01158	0.00805	0.01208	0.00604	0.00453	0.00453	0.00151	0.00604	0.00403	0.00201	0.00503
7	0.01474	0.00795	0.00914	0.00747	0.01010	0.00808	0.00602	0.20131	0.09597	0.28375	0.01526	0.01499	0.01079	0.00552	0.00410	0.00129	0.00352	0.00439	0.28912	0.00650
8	0.50009	0.00857	0.00892	0.00746	0.01031	0.00920	0.05101	0.07941	0.01011	0.16338	0.01156	0.08353	0.02843	0.00560	0.00374	0.00145	0.00382	0.00423	0.00358	0.00558
9	0.04133	0.13754	0.03116	0.00781	0.01061	0.04964	0.00660	0.10391	0.10025	0.21300	0.09546	0.03376	0.03824	0.00596	0.00419	0.00131	0.00392	0.00473	0.10443	0.00616
10	0.02100	0.00599	0.00732	0.00687	0.02866	0.00573	0.00489	0.02204	0.07304	0.12507	0.16354	0.04449	0.06886	0.22738	0.02499	0.02354	0.00366	0.03783	0.02944	0.07565
11	0.03499	0.00956	0.01031	0.00871	0.01108	0.03333	0.00706	0.40563	0.03059	0.02147	0.06529	0.06464	0.05288	0.00749	0.00541	0.02022	0.03799	0.08849	0.07886	0.00601
12	0.01078	0.03042	0.01200	0.02514	0.11853	0.00805	0.03967	0.07618	0.04044	0.05185	0.05090	0.01169	0.00917	0.00418	0.00390	0.00098	0.00399	0.00357	0.00305	0.49551

[dist]
# distance from previous block
# <min> <max>
1	8

[block]
# block no. 10 follows, 57 sequences, length 20
# corresponding to MSA columns:
# 365-384
name=unknown_K
#
# <colnr> <probs for GDERKNQSTAVLIFYWHMCP>
#	G	D	E	R	K	N	Q	S	T	A	V	L	I	F	Y	W	H	M	C	P
0	0.06957	0.33593	0.04177	0.00940	0.01224	0.19067	0.00827	0.05980	0.04168	0.03214	0.00773	0.00913	0.00657	0.00613	0.03993	0.00152	0.11627	0.00312	0.00245	0.00568
1	0.00673	0.00516	0.00645	0.03908	0.00852	0.00510	0.00523	0.03705	0.06005	0.01351	0.07662	0.39268	0.17986	0.01188	0.00558	0.00174	0.00306	0.13325	0.00420	0.00424
2	0.00633	0.00434	0.00531	0.00548	0.00597	0.00411	0.00364	0.00684	0.00861	0.01143	0.15366	0.19220	0.13989	0.29800	0.01301	0.10423	0.00330	0.02678	0.00357	0.00329
3	0.00695	0.00461	0.00593	0.00598	0.00699	0.00421	0.00434	0.00843	0.01090	0.07147	0.35574	0.31904	0.13635	0.01162	0.02449	0.00172	0.00269	0.00970	0.00459	0.00424
4	0.01461	0.01139	0.01212	0.00990	0.01305	0.01283	0.00798	0.45721	0.36573	0.02433	0.01421	0.01353	0.01040	0.00575	0.00457	0.00144	0.00437	0.00454	0.00457	0.00747
5	0.80265	0.00887	0.00710	0.00622	0.00909	0.01017	0.00513	0.04463	0.00847	0.05457	0.00698	0.00784	0.00529	0.00431	0.00295	0.00140	0.00358	0.00261	0.00299	0.00514
6	0.20878	0.01131	0.01155	0.00909	0.01241	0.01256	0.00749	0.56706	0.01752	0.04569	0.01020	0.01047	0.00734	0.00516	0.00408	0.00136	0.00450	0.00373	0.04278	0.00692
7	0.00648	0.00484	0.00720	0.00720	0.00799	0.00562	0.00557	0.00804	0.00726	0.01046	0.01221	0.01820	0.01150	0.06109	0.79593	0.00719	0.01188	0.00491	0.00244	0.00400
8	0.01211	0.84348	0.02374	0.00775	0.01163	0.01793	0.00775	0.01357	0.00921	0.01066	0.00630	0.00727	0.00582	0.00388	0.00291	0.00097	0.00485	0.00242	0.00194	0.00582
9	0.16450	0.01050	0.02587	0.06302	0.03650	0.02897	0.04519	0.10630	0.00936	0.01508	0.00701	0.00981	0.00605	0.00633	0.00971	0.00171	0.44242	0.00375	0.00246	0.00543
10	0.01078	0.00919	0.01117	0.02537	0.11488	0.01015	0.02764	0.03276	0.53076	0.03646	0.05294	0.05155	0.05330	0.00649	0.00473	0.00151	0.00383	0.00561	0.00421	0.00670
11	0.00746	0.00486	0.00615	0.00577	0.00708	0.00440	0.00438	0.00935	0.01216	0.08374	0.56001	0.06728	0.15354	0.00945	0.00526	0.00146	0.00236	0.02303	0.02780	0.00447
12	0.01038	0.01016	0.01609	0.36527	0.44365	0.05048	0.01310	0.01313	0.00991	0.01326	0.00825	0.01143	0.00663	0.00428	0.00448	0.00141	0.00580	0.00398	0.00215	0.00618
13	0.02512	0.00447	0.00582	0.00646	0.00716	0.00425	0.00477	0.00756	0.01002	0.01370	0.20959	0.45387	0.06515	0.01240	0.00568	0.00176	0.00280	0.15113	0.00435	0.00394
14	0.00744	0.00445	0.00632	0.00624	0.00639	0.00478	0.00429	0.00667	0.00634	0.00868	0.00984	0.01744	0.01011	0.17809	0.17204	0.50048	0.04092	0.00462	0.00221	0.00264
15	0.01242	0.79204	0.02306	0.00800	0.01178	0.06829	0.00782	0.01385	0.00943	0.01069	0.00634	0.00733	0.00582	0.00393	0.00298	0.00098	0.00505	0.00245	0.00196	0.00578
16	0.01306	0.02907	0.00997	0.03231	0.01124	0.00821	0.00652	0.11452	0.17192	0.24079	0.10807	0.08738	0.02899	0.00677	0.00463	0.00140	0.00364	0.01896	0.01713	0.08543
17	0.00859	0.00902	0.06389	0.77873	0.03048	0.01010	0.01284	0.01175	0.00909	0.01175	0.00806	0.01192	0.00602	0.00452	0.00452	0.00151	0.00608	0.00398	0.00201	0.00514
18	0.02419	0.00793	0.00969	0.01917	0.01088	0.00821	0.03300	0.16979	0.15511	0.14894	0.12217	0.13490	0.04774	0.00788	0.00493	0.00152	0.00370	0.05370	0.03054	0.00601
19	0.11435	0.05083	0.15928	0.02501	0.06906	0.09240	0.05138	0.04782	0.01069	0.11446	0.02580	0.01113	0.00779	0.00455	0.00417	0.00124	0.01753	0.01323	0.00292	0.17635

[dist]
# distance from previous block
# <min> <max>
1	10

[block]
# block no. 11 follows, 57 sequences, length 8
# corresponding to MSA columns:
# 395-402
name=unknown_L
#
# <colnr> <probs for GDERKNQSTAVLIFYWHMCP>
#	G	D	E	R	K	N	Q	S	T	A	V	L	I	F	Y	W	H	M	C	P
0	0.01395	0.00999	0.03454	0.00994	0.07581	0.06697	0.00742	0.23263	0.02770	0.18112	0.04374	0.05162	0.03402	0.00641	0.00514	0.04893	0.00434	0.00471	0.07471	0.06631
1	0.01137	0.00726	0.00933	0.00776	0.01005	0.00710	0.04703	0.13425	0.07197	0.18211	0.31321	0.04425	0.11949	0.00779	0.00502	0.00145	0.00335	0.00671	0.00476	0.00575
2	0.00758	0.00546	0.00732	0.08197	0.01028	0.02061	0.00640	0.00912	0.00974	0.04504	0.05828	0.19580	0.07046	0.04824	0.03248	0.04147	0.00414	0.33765	0.00383	0.00414
3	0.01158	0.01218	0.15250	0.01067	0.04158	0.01075	0.03518	0.19832	0.30945	0.01955	0.05679	0.01716	0.03187	0.00611	0.00467	0.00148	0.00454	0.04449	0.02443	0.00672
4	0.00623	0.00445	0.00553	0.00579	0.00641	0.00422	0.00406	0.00734	0.00960	0.01291	0.24334	0.22978	0.10664	0.24267	0.01048	0.00243	0.00311	0.08734	0.00401	0.00365
5	0.01312	0.22020	0.08248	0.03912	0.16897	0.30903	0.04522	0.01504	0.01071	0.01201	0.00738	0.00917	0.00621	0.00471	0.00448	0.03452	0.00644	0.00323	0.00216	0.00579
6	0.01009	0.00898	0.01241	0.01077	0.01108	0.01206	0.00892	0.01122	0.00760	0.05379	0.00849	0.01384	0.00817	0.03992	0.01345	0.00200	0.65963	0.05094	0.05170	0.00493
7	0.51340	0.06790	0.05605	0.03148	0.01148	0.01013	0.04226	0.01479	0.03254	0.12523	0.00860	0.00931	0.00635	0.00438	0.00338	0.00135	0.00408	0.00305	0.00307	0.05114

[dist]
# distance from previous block
# <min> <max>
0	2

[block]
# block no. 12 follows, 57 sequences, length 12
# corresponding to MSA columns:
# 405-416
name=unknown_M
#
# <colnr> <probs for GDERKNQSTAVLIFYWHMCP>
#	G	D	E	R	K	N	Q	S	T	A	V	L	I	F	Y	W	H	M	C	P
0	0.08433	0.07577	0.01403	0.01060	0.04738	0.00969	0.12283	0.08822	0.01167	0.33609	0.01273	0.02854	0.00934	0.03509	0.02658	0.00168	0.05933	0.00446	0.01514	0.00651
1	0.01003	0.00870	0.01108	0.00796	0.01201	0.00702	0.06931	0.06471	0.01030	0.01568	0.00833	0.00972	0.00679	0.00353	0.00360	0.00079	0.00381	0.00299	0.00278	0.74086
2	0.00613	0.00460	0.00569	0.00547	0.00661	0.00415	0.00408	0.00799	0.01209	0.01654	0.60254	0.06751	0.22000	0.00997	0.00536	0.00147	0.00219	0.00869	0.00478	0.00415
3	0.00954	0.14588	0.69879	0.01214	0.01842	0.01163	0.01540	0.01423	0.00951	0.01380	0.00786	0.00922	0.00575	0.00424	0.00410	0.00137	0.00642	0.00321	0.00192	0.00657
4	0.01452	0.22941	0.04248	0.03379	0.04402	0.06490	0.03198	0.23542	0.05297	0.13660	0.01078	0.01116	0.00801	0.00486	0.00401	0.00125	0.00492	0.00371	0.05857	0.00663
5	0.00631	0.00469	0.00589	0.00573	0.00683	0.00434	0.00428	0.00842	0.03009	0.01660	0.58822	0.10751	0.15616	0.01004	0.00539	0.00150	0.00229	0.02674	0.00477	0.00422
6	0.00653	0.00475	0.00599	0.00637	0.00715	0.02005	0.02518	0.00767	0.00948	0.03255	0.08031	0.55723	0.12627	0.01212	0.00541	0.00168	0.00278	0.01084	0.07365	0.00398
7	0.00862	0.00596	0.00718	0.00658	0.00813	0.00559	0.00489	0.05095	0.03982	0.06993	0.08231	0.12540	0.06618	0.22945	0.03513	0.00240	0.00388	0.09595	0.00370	0.14796
8	0.00641	0.00473	0.00630	0.00673	0.00713	0.00496	0.00484	0.00738	0.00836	0.01138	0.06025	0.37218	0.02330	0.18619	0.12184	0.00313	0.05764	0.09998	0.00356	0.00371
9	0.01069	0.07661	0.01227	0.00822	0.01215	0.03898	0.06156	0.07854	0.02883	0.01554	0.00843	0.00967	0.00686	0.00372	0.00362	0.00085	0.00410	0.00303	0.00278	0.61354
10	0.10844	0.01225	0.01188	0.00962	0.01278	0.10286	0.00777	0.40710	0.13701	0.06321	0.01119	0.01125	0.00821	0.00529	0.00451	0.00135	0.02592	0.00388	0.00401	0.05146
11	0.58239	0.03584	0.10345	0.00735	0.01061	0.02563	0.00674	0.04409	0.04994	0.03519	0.00832	0.03980	0.00673	0.00475	0.00333	0.00139	0.00404	0.00321	0.00293	0.02427

[dist]
# distance from previous block
# <min> <max>
1	4

[block]
# block no. 13 follows, 57 sequences, length 17
# corresponding to MSA columns:
# 421-437
name=unknown_N
#
# <colnr> <probs for GDERKNQSTAVLIFYWHMCP>
#	G	D	E	R	K	N	Q	S	T	A	V	L	I	F	Y	W	H	M	C	P
0	0.00763	0.00477	0.00577	0.00565	0.00676	0.00434	0.00406	0.00888	0.01021	0.09856	0.20742	0.18702	0.21008	0.14677	0.00816	0.00201	0.00286	0.02294	0.05194	0.00417
1	0.00889	0.00509	0.00653	0.00622	0.00765	0.00455	0.00467	0.01040	0.01123	0.18030	0.28087	0.25372	0.16456	0.01032	0.00532	0.00157	0.00270	0.02592	0.00475	0.00474
2	0.01660	0.01077	0.01205	0.00956	0.01291	0.01157	0.00779	0.42469	0.20259	0.22084	0.01438	0.01341	0.01001	0.00565	0.00456	0.00141	0.00438	0.00444	0.00482	0.00758
3	0.07553	0.00787	0.00983	0.00775	0.01089	0.00738	0.00635	0.09435	0.02640	0.57307	0.04928	0.01536	0.01185	0.00563	0.00435	0.00137	0.00372	0.00450	0.07744	0.00708
4	0.60579	0.00910	0.00823	0.00694	0.00995	0.01010	0.00571	0.11107	0.03226	0.15038	0.00908	0.00936	0.00652	0.00464	0.00335	0.00140	0.00375	0.00307	0.00352	0.00577
5	0.73562	0.07592	0.05342	0.00660	0.00972	0.01090	0.00588	0.03231	0.00826	0.01943	0.00652	0.00756	0.00509	0.00422	0.00294	0.00137	0.00383	0.00254	0.00273	0.00515
6	0.01434	0.01527	0.02732	0.07078	0.01494	0.37271	0.04116	0.09936	0.11239	0.05360	0.00967	0.01057	0.00747	0.00483	0.00443	0.00125	0.02196	0.00358	0.00301	0.11135
7	0.01153	0.05638	0.07349	0.01040	0.05284	0.06044	0.07292	0.18452	0.03963	0.06430	0.07866	0.05027	0.04995	0.02557	0.12151	0.00228	0.00590	0.00515	0.02841	0.00585
8	0.00627	0.00464	0.00552	0.00540	0.00660	0.00414	0.00402	0.00784	0.01130	0.03133	0.39753	0.08578	0.33671	0.04439	0.00611	0.00163	0.00241	0.02977	0.00454	0.00407
9	0.01255	0.01118	0.01500	0.13375	0.37984	0.08732	0.01121	0.14979	0.01233	0.05682	0.01086	0.01267	0.04182	0.00492	0.00472	0.00137	0.02447	0.00420	0.01860	0.00656
10	0.00635	0.00457	0.00561	0.00539	0.00648	0.00418	0.00399	0.00818	0.01179	0.01648	0.56854	0.05708	0.17267	0.04404	0.00595	0.00155	0.00227	0.00823	0.06254	0.00411
11	0.00771	0.00434	0.00612	0.00622	0.00646	0.00436	0.00424	0.04011	0.00722	0.00965	0.01194	0.19841	0.01290	0.01539	0.03378	0.61607	0.00388	0.00597	0.00259	0.00265
12	0.01225	0.73049	0.07625	0.00838	0.01233	0.07415	0.00843	0.01394	0.00949	0.01094	0.00647	0.00749	0.00581	0.00396	0.00308	0.00101	0.00520	0.00252	0.00196	0.00583
13	0.00782	0.00508	0.00630	0.00641	0.00759	0.00474	0.00470	0.00976	0.06184	0.10400	0.09590	0.38868	0.17414	0.03543	0.00594	0.00175	0.00288	0.05491	0.00439	0.01776
14	0.00736	0.00495	0.00617	0.00625	0.00734	0.00466	0.00457	0.00943	0.06059	0.07670	0.23992	0.32836	0.14724	0.03683	0.00599	0.00172	0.00272	0.04032	0.00451	0.00439
15	0.16694	0.00964	0.01158	0.02554	0.07089	0.02473	0.02280	0.18092	0.03998	0.27041	0.01247	0.01392	0.00921	0.00571	0.00520	0.00148	0.07373	0.04420	0.00404	0.00662
16	0.60952	0.00934	0.00815	0.00691	0.00989	0.04290	0.00566	0.06791	0.00989	0.17991	0.00896	0.00925	0.00640	0.00459	0.00332	0.00139	0.00387	0.00300	0.00346	0.00567

[dist]
# distance from previous block
# <min> <max>
2	12

[block]
# block no. 14 follows, 57 sequences, length 17
# corresponding to MSA columns:
# 450-466
name=unknown_O
#
# <colnr> <probs for GDERKNQSTAVLIFYWHMCP>
#	G	D	E	R	K	N	Q	S	T	A	V	L	I	F	Y	W	H	M	C	P
0	0.00653	0.00538	0.04726	0.00673	0.00761	0.00454	0.00513	0.00783	0.00945	0.04074	0.13110	0.54558	0.05777	0.03474	0.02186	0.00192	0.01981	0.03781	0.00413	0.00409
1	0.04162	0.00801	0.01076	0.04106	0.06289	0.00897	0.01769	0.03915	0.10607	0.18944	0.08712	0.01632	0.01287	0.00962	0.10066	0.00221	0.17068	0.01796	0.05105	0.00585
2	0.04938	0.01138	0.11712	0.04615	0.03344	0.03519	0.04291	0.18020	0.17393	0.06701	0.07967	0.02908	0.03486	0.00630	0.00467	0.00148	0.00462	0.05778	0.01852	0.00633
3	0.00608	0.00459	0.00589	0.05402	0.00817	0.00439	0.00482	0.00735	0.00958	0.01251	0.09983	0.36768	0.21112	0.06049	0.00660	0.00188	0.00300	0.10943	0.01872	0.00387
4	0.06289	0.03727	0.12758	0.07972	0.09576	0.03027	0.05244	0.25012	0.12417	0.03257	0.02388	0.01179	0.00837	0.00511	0.00481	0.00143	0.03772	0.00408	0.00332	0.00669
5	0.01542	0.01709	0.01480	0.01220	0.01509	0.46806	0.12507	0.13936	0.01340	0.03950	0.00828	0.00957	0.00651	0.00477	0.00480	0.00127	0.04412	0.00354	0.00278	0.05438
6	0.00954	0.00930	0.01289	0.01112	0.01112	0.01282	0.00912	0.01043	0.00690	0.01067	0.00687	0.01211	0.00712	0.10049	0.01578	0.00225	0.74043	0.00426	0.00207	0.00471
7	0.01106	0.01229	0.01885	0.06072	0.01807	0.12834	0.33644	0.01339	0.00948	0.01246	0.00775	0.01099	0.00649	0.00637	0.03385	0.00181	0.29960	0.00442	0.00218	0.00546
8	0.01122	0.01077	0.01839	0.02781	0.81248	0.01077	0.01391	0.01391	0.01032	0.01480	0.00852	0.01122	0.00718	0.00404	0.00449	0.00135	0.00538	0.00404	0.00224	0.00718
9	0.01316	0.00976	0.01064	0.00919	0.01199	0.01092	0.00725	0.10513	0.61179	0.13086	0.01757	0.01607	0.01282	0.00600	0.00460	0.00150	0.00377	0.00493	0.00474	0.00730
10	0.00614	0.00462	0.00568	0.00542	0.00660	0.00416	0.00406	0.00803	0.01219	0.01665	0.61425	0.03635	0.23954	0.00983	0.00535	0.00145	0.00218	0.00855	0.00479	0.00416
11	0.01102	0.00961	0.01092	0.00968	0.01226	0.01094	0.04745	0.02276	0.71914	0.01843	0.01828	0.01859	0.01417	0.00639	0.00474	0.00157	0.00383	0.04883	0.00447	0.00695
12	0.01436	0.00902	0.00984	0.00793	0.01061	0.00961	0.00642	0.40204	0.04049	0.12196	0.01335	0.01373	0.00970	0.00543	0.00406	0.00126	0.00380	0.00422	0.30570	0.00647
13	0.00597	0.00418	0.00551	0.00634	0.00684	0.00389	0.00442	0.00697	0.00923	0.02763	0.07456	0.67257	0.07653	0.01345	0.00574	0.00180	0.00271	0.06355	0.00428	0.00384
14	0.04183	0.05581	0.01003	0.12039	0.03201	0.00805	0.02880	0.05131	0.06655	0.16265	0.03428	0.01479	0.01062	0.00529	0.00419	0.00129	0.02443	0.00427	0.31782	0.00561
15	0.00674	0.00483	0.00598	0.00626	0.00686	0.00482	0.00428	0.04771	0.03704	0.01265	0.10129	0.42551	0.04443	0.19734	0.05728	0.01597	0.00369	0.00960	0.00385	0.00386
16	0.10482	0.13669	0.01234	0.00833	0.01141	0.12320	0.00692	0.13122	0.01288	0.30032	0.05844	0.01283	0.01034	0.00524	0.00404	0.00128	0.00455	0.00391	0.04480	0.00643

[dist]
# distance from previous block
# <min> <max>
1	16

[block]
# block no. 15 follows, 57 sequences, length 14
# corresponding to MSA columns:
# 483-496
name=unknown_P
#
# <colnr> <probs for GDERKNQSTAVLIFYWHMCP>
#	G	D	E	R	K	N	Q	S	T	A	V	L	I	F	Y	W	H	M	C	P
