[name]
unknown

[dist]
# distance from previous block
# <min> <max>
0	124

[block]
# block no. 0 follows, 47 sequences, length 30
# corresponding to MSA columns:
# 161-188,193,194
name=unknown_A
#
# <colnr> <probs for GDERKNQSTAVLIFYWHMCP>
#	G	D	E	R	K	N	Q	S	T	A	V	L	I	F	Y	W	H	M	C	P
0	0.01541	0.18368	0.09743	0.01099	0.01515	0.05356	0.01000	0.27909	0.11718	0.04327	0.01256	0.01403	0.00985	0.00724	0.03657	0.00175	0.00603	0.02706	0.00396	0.05518
1	0.04091	0.00771	0.00926	0.00791	0.01048	0.00711	0.00606	0.03703	0.05380	0.14628	0.08634	0.17931	0.05463	0.05670	0.00681	0.00172	0.02878	0.00727	0.02664	0.22524
2	0.14825	0.05243	0.05299	0.19232	0.05260	0.01162	0.09010	0.06103	0.02689	0.01727	0.01144	0.07815	0.01018	0.00699	0.02045	0.00178	0.05613	0.02508	0.00308	0.08122
3	0.05271	0.07788	0.24031	0.07239	0.08142	0.09382	0.03094	0.06759	0.06513	0.06306	0.01219	0.07338	0.01009	0.00609	0.00494	0.00159	0.00634	0.00494	0.00325	0.03195
4	0.00772	0.00578	0.00736	0.03187	0.00892	0.00596	0.00560	0.03076	0.01023	0.01355	0.04380	0.33809	0.09614	0.21764	0.01223	0.00283	0.05176	0.10124	0.00421	0.00433
5	0.00640	0.00515	0.00572	0.00597	0.00735	0.00447	0.00439	0.00778	0.01177	0.01465	0.12027	0.20843	0.52608	0.01363	0.00629	0.00184	0.00278	0.03769	0.00492	0.00443
6	0.01019	0.00928	0.01516	0.07450	0.09255	0.03586	0.18995	0.01259	0.01122	0.03781	0.01909	0.27868	0.05332	0.00937	0.00622	0.00180	0.02995	0.02943	0.04322	0.03982
7	0.03563	0.14272	0.15019	0.19983	0.04157	0.13125	0.06903	0.06396	0.03546	0.01559	0.00958	0.01240	0.00769	0.03336	0.00590	0.00168	0.03063	0.00422	0.00270	0.00662
8	0.03622	0.01209	0.11648	0.01016	0.01400	0.01017	0.00921	0.18305	0.05803	0.28735	0.12470	0.02010	0.05797	0.00723	0.00566	0.00164	0.02728	0.00579	0.00516	0.00771
9	0.00739	0.00506	0.00569	0.00576	0.00617	0.00494	0.00354	0.00787	0.00865	0.01157	0.02300	0.08215	0.14350	0.56041	0.04978	0.00423	0.00472	0.00833	0.05366	0.00358
10	0.10242	0.00969	0.01050	0.02031	0.01185	0.01052	0.00713	0.25671	0.12910	0.02490	0.27371	0.02254	0.02347	0.00768	0.00521	0.00160	0.00398	0.00628	0.06562	0.00676
11	0.01053	0.00897	0.01052	0.00769	0.01206	0.00678	0.00609	0.01276	0.01075	0.01675	0.01041	0.05856	0.00930	0.00460	0.00402	0.00085	0.00381	0.00378	0.00319	0.79857
12	0.01034	0.00856	0.01301	0.10492	0.01521	0.00968	0.09538	0.01340	0.05423	0.05120	0.17502	0.06201	0.03509	0.00939	0.02894	0.00201	0.17959	0.04351	0.08279	0.00573
13	0.00700	0.00531	0.00645	0.00617	0.00756	0.00476	0.00463	0.00912	0.01388	0.01883	0.56187	0.04228	0.27030	0.01141	0.00615	0.00167	0.00251	0.00989	0.00546	0.00476
14	0.18245	0.00915	0.01094	0.00909	0.01252	0.00894	0.00758	0.08827	0.01412	0.44494	0.01837	0.02212	0.01389	0.00741	0.00516	0.00173	0.00453	0.12578	0.00544	0.00757
15	0.00884	0.00559	0.00728	0.00684	0.00828	0.00509	0.00513	0.01100	0.01402	0.09942	0.56849	0.12929	0.08857	0.01104	0.00611	0.00170	0.00274	0.00972	0.00565	0.00521
16	0.00743	0.00586	0.00786	0.05525	0.01006	0.00631	0.00618	0.00904	0.03037	0.01350	0.02572	0.47537	0.09866	0.03962	0.07244	0.00265	0.08209	0.02628	0.02070	0.00461
17	0.01322	0.02929	0.00990	0.04785	0.01157	0.00882	0.00662	0.14331	0.09988	0.11197	0.12124	0.01990	0.01707	0.00673	0.00470	0.00145	0.00377	0.00550	0.30585	0.03136
18	0.01836	0.03909	0.01529	0.01163	0.01559	0.01570	0.00956	0.60847	0.16131	0.03016	0.01393	0.01364	0.01008	0.00634	0.00517	0.00159	0.00543	0.00485	0.00513	0.00868
19	0.01279	0.06702	0.15882	0.04096	0.01651	0.01018	0.07524	0.04442	0.02699	0.11586	0.02630	0.01434	0.04135	0.00533	0.00501	0.00133	0.02636	0.00440	0.00345	0.30333
20	0.01258	0.49025	0.09955	0.01079	0.02954	0.01614	0.05975	0.03303	0.01103	0.02978	0.01132	0.12996	0.01113	0.00649	0.00469	0.00142	0.02810	0.00510	0.00281	0.00654
21	0.01554	0.00829	0.01033	0.00871	0.01155	0.00808	0.00691	0.02087	0.20496	0.34584	0.26936	0.02507	0.02548	0.00797	0.00555	0.00166	0.00371	0.00677	0.00593	0.00742
22	0.01202	0.26396	0.45578	0.01261	0.01856	0.06234	0.01474	0.01643	0.02725	0.01514	0.03160	0.01111	0.00809	0.00514	0.00478	0.00149	0.02567	0.00372	0.00241	0.00717
23	0.01225	0.12043	0.31220	0.13321	0.05855	0.03936	0.02786	0.04260	0.02772	0.06902	0.05052	0.02549	0.02606	0.00583	0.00527	0.00160	0.02730	0.00467	0.00300	0.00706
24	0.00932	0.00627	0.00798	0.00781	0.00917	0.00605	0.02103	0.06772	0.03972	0.07848	0.12375	0.42921	0.09930	0.04327	0.00695	0.00201	0.00346	0.01126	0.02201	0.00523
25	0.01138	0.00676	0.00763	0.00690	0.00879	0.00679	0.00537	0.08377	0.06942	0.09252	0.17153	0.02620	0.07203	0.02382	0.00530	0.00156	0.00320	0.03260	0.35865	0.00580
26	0.06592	0.01094	0.01801	0.23016	0.08110	0.03716	0.22107	0.04738	0.01175	0.03056	0.01404	0.10444	0.04043	0.00691	0.00602	0.00178	0.03667	0.02626	0.00314	0.00626
27	0.01228	0.06573	0.13213	0.12200	0.38241	0.04179	0.03864	0.01551	0.01148	0.03970	0.01108	0.06932	0.00965	0.00573	0.00535	0.00161	0.02039	0.00514	0.00275	0.00732
28	0.01721	0.04824	0.01722	0.01905	0.25723	0.50450	0.01188	0.03697	0.01394	0.01455	0.00868	0.01053	0.00724	0.00513	0.00481	0.00140	0.00817	0.00377	0.00269	0.00682
29	0.45028	0.01442	0.01146	0.02994	0.03394	0.24483	0.03280	0.01648	0.01078	0.01846	0.00810	0.01001	0.00662	0.00719	0.05161	0.00197	0.03894	0.00342	0.00294	0.00582

[dist]
# distance from previous block
# <min> <max>
1	3

[block]
# block no. 1 follows, 47 sequences, length 12
# corresponding to MSA columns:
# 198-209
name=unknown_B
#
# <colnr> <probs for GDERKNQSTAVLIFYWHMCP>
#	G	D	E	R	K	N	Q	S	T	A	V	L	I	F	Y	W	H	M	C	P
0	0.27541	0.10341	0.01399	0.00996	0.01366	0.04922	0.00829	0.33272	0.10468	0.02544	0.01111	0.01146	0.00834	0.00567	0.00438	0.00154	0.00516	0.00398	0.00416	0.00743
1	0.00727	0.00494	0.00589	0.00627	0.00640	0.00486	0.00382	0.00761	0.00841	0.01119	0.02023	0.24933	0.02363	0.56531	0.02029	0.00414	0.00448	0.03874	0.00368	0.00352
2	0.01077	0.00736	0.02477	0.00906	0.05102	0.00697	0.00662	0.03507	0.01215	0.10888	0.24347	0.07890	0.06867	0.02708	0.00874	0.11054	0.06442	0.00713	0.05649	0.06189
3	0.01126	0.13003	0.52072	0.04051	0.02204	0.01341	0.12451	0.01677	0.04343	0.01607	0.00973	0.01153	0.00720	0.00490	0.00493	0.00160	0.00739	0.00415	0.00240	0.00743
4	0.00735	0.00536	0.00709	0.00816	0.00889	0.00527	0.00612	0.00951	0.05491	0.01448	0.02792	0.53758	0.03201	0.01519	0.00674	0.00218	0.00363	0.23813	0.00485	0.00463
5	0.00698	0.00486	0.00620	0.00695	0.00768	0.00443	0.00480	0.00812	0.01084	0.04028	0.09542	0.60078	0.15335	0.01501	0.00648	0.00200	0.00296	0.01342	0.00496	0.00447
6	0.01171	0.01079	0.01839	0.43667	0.12540	0.01205	0.14255	0.05810	0.05780	0.03758	0.01088	0.01432	0.00824	0.00608	0.02594	0.00188	0.00704	0.00501	0.00287	0.00669
7	0.01080	0.00926	0.01080	0.00771	0.01234	0.00694	0.00617	0.01311	0.01080	0.01697	0.00926	0.01080	0.00771	0.00386	0.00386	0.00077	0.00386	0.00309	0.00309	0.84882
8	0.00765	0.00505	0.00589	0.00589	0.00594	0.00510	0.00342	0.00762	0.00757	0.01014	0.01584	0.03227	0.01803	0.72788	0.06739	0.05529	0.00549	0.00729	0.00308	0.00318
9	0.23916	0.01105	0.08847	0.00846	0.01173	0.01026	0.00754	0.18070	0.03009	0.07640	0.01322	0.03191	0.01011	0.00594	0.00422	0.00150	0.00431	0.00444	0.25391	0.00657
10	0.06205	0.06536	0.20374	0.18465	0.07798	0.05828	0.05332	0.08681	0.04645	0.01737	0.02905	0.05168	0.01006	0.02471	0.00552	0.00171	0.00648	0.00496	0.00302	0.00680
11	0.05992	0.02296	0.01023	0.04653	0.02716	0.02288	0.04090	0.09766	0.05207	0.01611	0.01940	0.30505	0.03520	0.18009	0.01051	0.00254	0.03255	0.00900	0.00401	0.00525

[dist]
# distance from previous block
# <min> <max>
0	24

[block]
# block no. 2 follows, 47 sequences, length 13
# corresponding to MSA columns:
# 234-246
name=unknown_C
#
# <colnr> <probs for GDERKNQSTAVLIFYWHMCP>
#	G	D	E	R	K	N	Q	S	T	A	V	L	I	F	Y	W	H	M	C	P
0	0.01472	0.05602	0.01574	0.05421	0.04814	0.15775	0.09634	0.09453	0.14364	0.08155	0.04926	0.05299	0.01262	0.00625	0.00511	0.00152	0.00598	0.00529	0.00393	0.09442
1	0.22364	0.01198	0.07227	0.00995	0.01324	0.05728	0.06481	0.12018	0.08038	0.06665	0.04203	0.01863	0.09902	0.04607	0.00670	0.04645	0.00513	0.00533	0.00394	0.00634
2	0.01148	0.19982	0.29037	0.13848	0.19016	0.01363	0.01475	0.01524	0.01095	0.01500	0.00988	0.04969	0.00837	0.00535	0.00475	0.00154	0.00654	0.00443	0.00243	0.00713
3	0.14802	0.00678	0.00770	0.00707	0.00901	0.00671	0.00543	0.01308	0.05925	0.10277	0.40641	0.08547	0.10333	0.00966	0.00555	0.00168	0.00308	0.00819	0.00523	0.00556
4	0.01244	0.01139	0.01527	0.05373	0.01602	0.02958	0.09605	0.10953	0.13120	0.01834	0.05943	0.01546	0.02525	0.00686	0.00843	0.00169	0.22641	0.00510	0.00357	0.15427
5	0.00727	0.00559	0.00685	0.04819	0.00899	0.00538	0.00512	0.00916	0.03003	0.01540	0.24488	0.09891	0.26315	0.15100	0.03802	0.00258	0.00380	0.04656	0.00460	0.00451
6	0.01003	0.00950	0.01636	0.61379	0.11160	0.01118	0.05937	0.01332	0.01064	0.01390	0.01091	0.07629	0.00929	0.00597	0.00537	0.00175	0.00667	0.00552	0.00256	0.00600
7	0.01404	0.58499	0.06409	0.00974	0.01410	0.01858	0.00942	0.07633	0.13488	0.01562	0.01001	0.01060	0.00833	0.00504	0.00389	0.00128	0.00546	0.00349	0.00295	0.00716
8	0.01439	0.01079	0.01171	0.00937	0.01295	0.04736	0.00755	0.21685	0.07529	0.10087	0.08596	0.01978	0.05614	0.00676	0.00502	0.00139	0.00456	0.04408	0.00458	0.26458
9	0.07843	0.01422	0.01487	0.01210	0.01550	0.18378	0.11428	0.18339	0.10255	0.09122	0.04694	0.01802	0.07320	0.00670	0.00525	0.00161	0.00613	0.02049	0.00425	0.00707
10	0.40585	0.11512	0.04446	0.00936	0.01251	0.17537	0.03275	0.01558	0.01065	0.01799	0.01029	0.10933	0.00970	0.00632	0.00414	0.00156	0.00552	0.00457	0.00312	0.00581
11	0.02739	0.01194	0.05122	0.01221	0.01563	0.07000	0.15395	0.05185	0.10914	0.17565	0.10154	0.03902	0.05124	0.00716	0.00621	0.00168	0.05410	0.01842	0.00439	0.03724
12	0.04185	0.00889	0.01005	0.00864	0.01139	0.00881	0.00677	0.17063	0.10265	0.02072	0.12014	0.16167	0.06070	0.00890	0.00537	0.00157	0.00394	0.04616	0.00463	0.19652

[dist]
# distance from previous block
# <min> <max>
2	4

[block]
# block no. 3 follows, 47 sequences, length 12
# corresponding to MSA columns:
# 251-262
name=unknown_D
#
# <colnr> <probs for GDERKNQSTAVLIFYWHMCP>
#	G	D	E	R	K	N	Q	S	T	A	V	L	I	F	Y	W	H	M	C	P
0	0.01247	0.14148	0.10136	0.15741	0.26945	0.01372	0.06893	0.05785	0.03674	0.01641	0.00970	0.01229	0.00778	0.00503	0.00532	0.00154	0.03569	0.00435	0.00269	0.03980
1	0.08000	0.21983	0.01802	0.04588	0.12334	0.27195	0.01034	0.05533	0.04217	0.01553	0.00954	0.01230	0.00824	0.00558	0.00488	0.00145	0.03290	0.03321	0.00288	0.00664
2	0.00746	0.00514	0.00632	0.00670	0.00705	0.00518	0.00436	0.00849	0.03446	0.01210	0.02051	0.28930	0.02328	0.39225	0.08635	0.02584	0.00504	0.02789	0.02842	0.00388
3	0.10910	0.01143	0.01627	0.23878	0.24418	0.01238	0.03336	0.15513	0.03050	0.01974	0.01009	0.01260	0.00782	0.00511	0.00489	0.00156	0.00591	0.00439	0.00317	0.07360
4	0.00656	0.00498	0.00605	0.00643	0.00745	0.00447	0.00458	0.00802	0.01187	0.01561	0.24129	0.35921	0.27706	0.01378	0.00635	0.00187	0.00275	0.01212	0.00508	0.00447
5	0.01187	0.01033	0.01386	0.40535	0.04578	0.07472	0.03640	0.05643	0.04087	0.06959	0.04202	0.01930	0.08874	0.03561	0.00606	0.00179	0.00607	0.00559	0.02353	0.00611
6	0.00730	0.00511	0.00629	0.00647	0.00702	0.00491	0.00436	0.00838	0.01050	0.01425	0.23641	0.17909	0.05851	0.35847	0.01506	0.00325	0.00385	0.06242	0.00436	0.00401
7	0.01096	0.04253	0.03869	0.05603	0.05417	0.06705	0.05525	0.08154	0.05697	0.01790	0.20559	0.05792	0.03710	0.11709	0.00827	0.00208	0.00494	0.02200	0.05812	0.00579
8	0.03276	0.27141	0.10971	0.06145	0.01619	0.10650	0.03615	0.05698	0.01174	0.04658	0.00962	0.01171	0.00794	0.00920	0.10172	0.00222	0.03266	0.00384	0.00279	0.06882
9	0.00902	0.00631	0.02383	0.00753	0.00914	0.00563	0.00590	0.01114	0.03029	0.09427	0.19461	0.18980	0.15808	0.04623	0.06927	0.00249	0.00428	0.09943	0.00487	0.02788
10	0.14036	0.11930	0.01440	0.04889	0.03078	0.14518	0.00874	0.20348	0.06174	0.02052	0.04234	0.01487	0.02399	0.02567	0.00552	0.00162	0.03106	0.02221	0.03262	0.00671
11	0.02943	0.20989	0.05414	0.03783	0.03488	0.04105	0.02538	0.09496	0.13127	0.09835	0.01331	0.04660	0.01101	0.00758	0.00650	0.09705	0.00530	0.02228	0.00371	0.02947

[dist]
# distance from previous block
# <min> <max>
25	94

[block]
# block no. 4 follows, 47 sequences, length 18
# corresponding to MSA columns:
# 403-420
name=unknown_E
#
# <colnr> <probs for GDERKNQSTAVLIFYWHMCP>
#	G	D	E	R	K	N	Q	S	T	A	V	L	I	F	Y	W	H	M	C	P
0	0.01438	0.06444	0.09353	0.01041	0.01382	0.09548	0.03909	0.09445	0.09618	0.15667	0.08441	0.08256	0.04428	0.05114	0.00640	0.00178	0.00532	0.00618	0.00438	0.03510
1	0.01388	0.05318	0.01239	0.04949	0.01366	0.03788	0.00806	0.18819	0.18464	0.08330	0.01853	0.09337	0.06265	0.00889	0.03099	0.01458	0.03185	0.00618	0.04745	0.04087
2	0.01297	0.01326	0.12143	0.01099	0.01503	0.01170	0.03511	0.14708	0.32250	0.02156	0.03273	0.03898	0.01289	0.00629	0.00503	0.00153	0.00490	0.00522	0.02150	0.15930
3	0.01252	0.01001	0.01246	0.00944	0.01350	0.00884	0.04713	0.13624	0.01322	0.05021	0.01216	0.05488	0.01057	0.00567	0.00490	0.00117	0.02471	0.04162	0.00370	0.52707
4	0.00928	0.00552	0.00756	0.00730	0.00761	0.00584	0.00505	0.04541	0.00815	0.01097	0.01219	0.04650	0.03380	0.12009	0.04894	0.56714	0.04732	0.00551	0.00271	0.00311
5	0.00747	0.00542	0.00686	0.00681	0.00732	0.00578	0.00465	0.00831	0.00831	0.01128	0.01896	0.03021	0.09367	0.43383	0.30378	0.00586	0.02731	0.00712	0.00317	0.00388
6	0.05519	0.10827	0.23122	0.05088	0.10639	0.01256	0.07539	0.05012	0.08941	0.08210	0.01203	0.01426	0.00929	0.00547	0.00490	0.00157	0.00613	0.02960	0.00327	0.05193
7	0.01368	0.00892	0.01141	0.01071	0.05117	0.03353	0.03557	0.11610	0.03982	0.19490	0.02050	0.23162	0.03826	0.06294	0.03852	0.00229	0.03364	0.04524	0.00473	0.00646
8	0.00801	0.00554	0.00756	0.00750	0.00818	0.00603	0.00541	0.00945	0.04887	0.01225	0.06350	0.04480	0.01658	0.19285	0.38634	0.15466	0.00889	0.00632	0.00315	0.00411
9	0.01088	0.01106	0.01356	0.33540	0.04665	0.15070	0.05874	0.01332	0.01140	0.01385	0.01604	0.17888	0.05229	0.00810	0.00551	0.00174	0.00625	0.02689	0.03319	0.00554
10	0.01140	0.07598	0.24068	0.27859	0.12907	0.01274	0.08241	0.05476	0.01164	0.01594	0.00963	0.01264	0.00737	0.00597	0.02819	0.00183	0.00726	0.00443	0.00251	0.00697
11	0.03285	0.01207	0.15229	0.14509	0.01811	0.02704	0.07434	0.03392	0.11143	0.01684	0.04499	0.14678	0.01619	0.00904	0.03065	0.00198	0.00578	0.05151	0.06290	0.00619
12	0.00684	0.00485	0.00614	0.00673	0.00713	0.00470	0.00444	0.00768	0.00955	0.01280	0.07341	0.43548	0.06824	0.25024	0.07426	0.00341	0.00441	0.01144	0.00424	0.00400
13	0.00696	0.00510	0.00653	0.00716	0.00772	0.00495	0.00502	0.00796	0.01030	0.01366	0.09229	0.45943	0.12182	0.10513	0.00965	0.03075	0.03201	0.06481	0.00454	0.00421
14	0.06858	0.06293	0.06106	0.11117	0.04187	0.03187	0.12946	0.27013	0.10445	0.02222	0.01160	0.01303	0.00869	0.00569	0.00551	0.00164	0.03411	0.00473	0.00375	0.00753
15	0.14416	0.01077	0.01137	0.00964	0.01245	0.08192	0.05542	0.10935	0.13760	0.06675	0.15850	0.05457	0.04510	0.00739	0.00508	0.00160	0.00460	0.00610	0.04651	0.03112
16	0.01010	0.00762	0.01157	0.10280	0.01478	0.00766	0.09341	0.04489	0.04509	0.07730	0.08113	0.23888	0.07820	0.01103	0.00622	0.00194	0.00468	0.15255	0.00451	0.00564
17	0.01272	0.01099	0.03864	0.01014	0.02884	0.00995	0.04112	0.18628	0.08081	0.02019	0.01192	0.01452	0.00985	0.07513	0.04032	0.00182	0.00523	0.00438	0.00370	0.39344

[dist]
# distance from previous block
# <min> <max>
0	1

[block]
# block no. 5 follows, 47 sequences, length 36
# corresponding to MSA columns:
# 422-440,443-450,452-460
name=unknown_F
#
# <colnr> <probs for GDERKNQSTAVLIFYWHMCP>
#	G	D	E	R	K	N	Q	S	T	A	V	L	I	F	Y	W	H	M	C	P
0	0.01132	0.00765	0.00921	0.00779	0.01049	0.00681	0.00603	0.03735	0.05954	0.12363	0.11288	0.07197	0.07908	0.10239	0.01946	0.00196	0.00405	0.05847	0.00444	0.26549
1	0.01714	0.01163	0.03095	0.01047	0.01397	0.01187	0.00868	0.39509	0.06429	0.16762	0.05087	0.04528	0.01439	0.03933	0.01992	0.00189	0.00520	0.05196	0.00517	0.03429
2	0.01276	0.35600	0.16800	0.02981	0.04207	0.01493	0.03873	0.06123	0.03104	0.01588	0.00899	0.01039	0.00735	0.00462	0.00413	0.00124	0.00577	0.00347	0.00269	0.18091
3	0.01131	0.01099	0.01521	0.01307	0.01322	0.01513	0.01080	0.03250	0.00841	0.01295	0.00768	0.01279	0.00766	0.04751	0.04390	0.00260	0.72150	0.00474	0.00242	0.00563
4	0.01066	0.07636	0.74248	0.01447	0.02197	0.01262	0.01860	0.01644	0.01097	0.01623	0.00921	0.01083	0.00660	0.00492	0.00485	0.00162	0.00756	0.00378	0.00220	0.00763
5	0.01150	0.00785	0.00895	0.00809	0.00970	0.00842	0.00580	0.06142	0.23263	0.09569	0.01778	0.02565	0.01631	0.38159	0.08288	0.00381	0.00552	0.00650	0.00421	0.00570
6	0.00903	0.00696	0.00728	0.00712	0.00817	0.03701	0.00482	0.01206	0.14389	0.03563	0.02444	0.15004	0.13657	0.37665	0.01523	0.00329	0.00436	0.00866	0.00412	0.00468
7	0.03482	0.11954	0.01737	0.15834	0.13198	0.11813	0.01135	0.24415	0.01539	0.01992	0.01022	0.01270	0.00816	0.00572	0.00539	0.00155	0.04272	0.01829	0.01708	0.00719
8	0.01178	0.01207	0.01559	0.01346	0.01367	0.06741	0.01112	0.01296	0.00844	0.01253	0.00718	0.01160	0.00706	0.00997	0.04511	0.00244	0.72509	0.00452	0.00232	0.00568
9	0.00954	0.00780	0.00894	0.00757	0.01010	0.03689	0.00571	0.01130	0.00992	0.01468	0.01321	0.07519	0.01274	0.12270	0.18643	0.00322	0.00635	0.00525	0.06384	0.38862
10	0.00712	0.00521	0.00672	0.00696	0.00788	0.00492	0.00498	0.00936	0.04084	0.01761	0.42376	0.35876	0.06042	0.01292	0.00632	0.00184	0.00276	0.01155	0.00532	0.00474
11	0.05033	0.00980	0.01225	0.00951	0.01340	0.00927	0.00783	0.15717	0.02893	0.58009	0.01922	0.01719	0.02735	0.00649	0.00514	0.00160	0.00456	0.00517	0.02615	0.00856
12	0.02644	0.00636	0.00682	0.00627	0.00783	0.00672	0.00487	0.07416	0.03410	0.03996	0.06812	0.01956	0.01503	0.00655	0.00464	0.00135	0.04014	0.00514	0.62051	0.00544
13	0.00680	0.00503	0.00640	0.00700	0.00789	0.00463	0.00511	0.00834	0.01172	0.01557	0.21821	0.39716	0.17235	0.01413	0.00650	0.00197	0.00302	0.09860	0.00505	0.00449
14	0.00657	0.00492	0.00581	0.00631	0.00710	0.00447	0.00429	0.00758	0.01057	0.01363	0.09549	0.37958	0.27169	0.14591	0.00970	0.00244	0.00319	0.01197	0.00463	0.00416
15	0.01266	0.00650	0.00861	0.00741	0.00959	0.00581	0.00579	0.01493	0.01470	0.27654	0.50234	0.03223	0.06272	0.00933	0.00584	0.00163	0.00312	0.00808	0.00594	0.00621
16	0.04369	0.00559	0.00680	0.00649	0.00794	0.00516	0.00487	0.01003	0.01353	0.05079	0.51212	0.10687	0.18439	0.01121	0.00603	0.00170	0.00269	0.00974	0.00541	0.00495
17	0.01892	0.01415	0.01514	0.01181	0.01582	0.01574	0.00969	0.67270	0.12034	0.03141	0.01361	0.01339	0.00976	0.00636	0.00522	0.00159	0.00553	0.00484	0.00522	0.00878
18	0.01851	0.01395	0.01490	0.01172	0.01566	0.01555	0.00959	0.62819	0.16552	0.03075	0.01414	0.01380	0.01018	0.00640	0.00523	0.00160	0.00543	0.00491	0.00523	0.00874
19	0.03980	0.04574	0.01526	0.19743	0.07056	0.02625	0.02611	0.21514	0.08141	0.05772	0.01363	0.04509	0.02877	0.00685	0.00640	0.00172	0.08574	0.02549	0.00382	0.00707
20	0.01460	0.24700	0.10686	0.01212	0.01534	0.21038	0.01099	0.06242	0.05254	0.01468	0.00865	0.01048	0.00734	0.00610	0.00737	0.00157	0.19851	0.00375	0.00269	0.00662
21	0.01375	0.06011	0.09983	0.01072	0.04606	0.05208	0.03260	0.03559	0.02531	0.13601	0.01118	0.01205	0.00847	0.00466	0.00439	0.00115	0.00508	0.00375	0.00349	0.43370
22	0.01523	0.23658	0.10109	0.02510	0.03605	0.21217	0.07377	0.04875	0.06272	0.07077	0.03217	0.01307	0.00962	0.00560	0.00491	0.00146	0.02157	0.01927	0.00316	0.00692
23	0.01043	0.00889	0.01037	0.00754	0.01189	0.00673	0.00601	0.01270	0.01102	0.01699	0.04423	0.01392	0.04739	0.00460	0.00407	0.00086	0.00374	0.00374	0.00328	0.77161
24	0.00696	0.00540	0.00637	0.00668	0.00797	0.00490	0.00502	0.00869	0.02449	0.01501	0.13430	0.20993	0.35096	0.05068	0.00730	0.00205	0.00319	0.12442	0.00484	0.02084
25	0.04211	0.11517	0.43229	0.04416	0.03208	0.12117	0.01484	0.06707	0.02698	0.04380	0.00968	0.01102	0.00718	0.00513	0.00472	0.00154	0.00719	0.00381	0.00272	0.00734
26	0.04704	0.04112	0.12276	0.05557	0.09901	0.01254	0.16902	0.08941	0.16659	0.12346	0.01367	0.01453	0.00995	0.00554	0.00525	0.00166	0.00617	0.00505	0.00385	0.00778
27	0.00828	0.00520	0.00629	0.00648	0.00698	0.00497	0.00414	0.00883	0.00917	0.06810	0.02271	0.27420	0.06545	0.45194	0.01736	0.00366	0.00424	0.02396	0.00404	0.00400
28	0.02512	0.01174	0.01496	0.21507	0.02026	0.12549	0.10796	0.05437	0.04264	0.10040	0.11415	0.05698	0.03464	0.00703	0.00603	0.00169	0.04535	0.00601	0.00377	0.00634
29	0.07884	0.12082	0.12074	0.07048	0.23740	0.07244	0.10205	0.06904	0.03092	0.03539	0.00984	0.01189	0.00772	0.00495	0.00484	0.00154	0.00661	0.00428	0.00287	0.00735
30	0.00643	0.00464	0.00612	0.00727	0.00768	0.00432	0.00496	0.00743	0.01015	0.01344	0.02976	0.74215	0.06890	0.01608	0.00665	0.00211	0.00309	0.04971	0.00483	0.00426
31	0.08272	0.01000	0.01047	0.00928	0.01136	0.06593	0.00723	0.16301	0.09724	0.03336	0.01612	0.01988	0.06216	0.10523	0.22077	0.00383	0.04887	0.00555	0.02096	0.00602
32	0.01514	0.07241	0.06951	0.05029	0.08449	0.20496	0.22644	0.04766	0.06509	0.08064	0.01149	0.02812	0.00893	0.00538	0.00524	0.00157	0.00743	0.00491	0.00321	0.00710
33	0.01309	0.05044	0.15558	0.10909	0.05773	0.01302	0.16334	0.13851	0.08740	0.04481	0.01322	0.01488	0.04115	0.00585	0.00595	0.00167	0.05132	0.00510	0.00338	0.02447
34	0.02482	0.01228	0.01704	0.01366	0.01682	0.11326	0.25443	0.07219	0.12008	0.04073	0.03674	0.15141	0.05173	0.00916	0.03938	0.00202	0.00658	0.00731	0.00389	0.00649
35	0.01415	0.01353	0.01628	0.02700	0.06665	0.14486	0.12411	0.12577	0.07020	0.05047	0.01473	0.06261	0.06089	0.00717	0.00730	0.00170	0.13745	0.00571	0.00361	0.04581

[dist]
# distance from previous block
# <min> <max>
2	44

[block]
# block no. 6 follows, 47 sequences, length 7
# corresponding to MSA columns:
# 505-511
name=unknown_G
#
# <colnr> <probs for GDERKNQSTAVLIFYWHMCP>
#	G	D	E	R	K	N	Q	S	T	A	V	L	I	F	Y	W	H	M	C	P
0	0.03750	0.02983	0.03601	0.04286	0.01293	0.16804	0.00806	0.06201	0.05206	0.05794	0.04899	0.21331	0.03355	0.03508	0.05709	0.00224	0.06200	0.00731	0.00387	0.02932
1	0.01178	0.10762	0.05210	0.00878	0.01291	0.00969	0.00760	0.05725	0.01164	0.04165	0.03624	0.05147	0.01042	0.00534	0.00491	0.00111	0.04835	0.00412	0.00330	0.51371
2	0.17955	0.06727	0.03024	0.12165	0.17445	0.01111	0.06339	0.01504	0.02584	0.05544	0.01077	0.03851	0.00911	0.03983	0.02777	0.00183	0.00567	0.00456	0.00306	0.11493
3	0.00982	0.00548	0.00752	0.00721	0.00785	0.00557	0.00507	0.03074	0.04149	0.04896	0.03533	0.01966	0.05028	0.05786	0.08204	0.56816	0.00519	0.00533	0.00300	0.00345
4	0.00745	0.00529	0.00660	0.00689	0.00764	0.00508	0.00499	0.00880	0.01095	0.01468	0.21537	0.12513	0.09319	0.28732	0.01337	0.00303	0.00393	0.17164	0.00448	0.00417
5	0.06101	0.22378	0.03920	0.01022	0.01336	0.14865	0.01961	0.11362	0.06647	0.03006	0.02971	0.01550	0.06550	0.03091	0.02806	0.00177	0.05942	0.00461	0.03206	0.00649
6	0.06602	0.03795	0.04518	0.00995	0.01394	0.07756	0.03378	0.08063	0.08147	0.01838	0.01080	0.01296	0.00889	0.00521	0.00500	0.00124	0.04504	0.02597	0.00338	0.41665

[dist]
# distance from previous block
# <min> <max>
0	2

[block]
# block no. 7 follows, 47 sequences, length 14
# corresponding to MSA columns:
# 515-528
name=unknown_H
#
# <colnr> <probs for GDERKNQSTAVLIFYWHMCP>
#	G	D	E	R	K	N	Q	S	T	A	V	L	I	F	Y	W	H	M	C	P
0	0.00942	0.00708	0.00817	0.00770	0.00950	0.00725	0.00585	0.03626	0.19015	0.05143	0.17668	0.08591	0.21727	0.06303	0.07611	0.00255	0.00435	0.03073	0.00492	0.00567
1	0.00694	0.00503	0.00647	0.00729	0.00785	0.00485	0.00499	0.03428	0.01038	0.01380	0.02808	0.64478	0.07934	0.05684	0.06029	0.00264	0.00392	0.01323	0.00463	0.00438
2	0.01189	0.01187	0.01639	0.24496	0.32459	0.10402	0.01301	0.01496	0.03233	0.01481	0.01175	0.01515	0.03714	0.00929	0.09542	0.00238	0.02581	0.00486	0.00269	0.00668
3	0.00916	0.00712	0.00973	0.03705	0.01091	0.00846	0.00723	0.06661	0.03183	0.01415	0.01343	0.01973	0.01241	0.09807	0.49553	0.00614	0.10167	0.00552	0.04014	0.00510
4	0.00829	0.00642	0.00910	0.00875	0.00961	0.00763	0.00677	0.03756	0.00885	0.01270	0.01345	0.02065	0.01286	0.11256	0.61498	0.00720	0.08934	0.00565	0.00287	0.00476
5	0.00703	0.00519	0.00658	0.00649	0.00764	0.00473	0.00477	0.00908	0.01356	0.01870	0.55780	0.16740	0.14786	0.01193	0.00623	0.00173	0.00257	0.01052	0.00546	0.00473
6	0.00671	0.00481	0.00634	0.00716	0.00767	0.00457	0.00495	0.00789	0.01053	0.01420	0.13283	0.56551	0.05126	0.06991	0.04499	0.00254	0.00366	0.04541	0.00475	0.00430
7	0.00676	0.00500	0.00632	0.00670	0.00763	0.00457	0.00480	0.00837	0.01218	0.01641	0.32280	0.36560	0.16793	0.01355	0.00638	0.00188	0.00278	0.03061	0.00518	0.00454
8	0.01111	0.01098	0.01541	0.01329	0.01336	0.01528	0.01105	0.01230	0.00800	0.01250	0.00734	0.01204	0.00728	0.01124	0.07252	0.00271	0.75100	0.00463	0.00232	0.00562
9	0.01366	0.76119	0.08395	0.00935	0.01405	0.01997	0.00968	0.01566	0.01061	0.01257	0.00740	0.00855	0.00668	0.00449	0.00346	0.00115	0.00573	0.00286	0.00223	0.00676
10	0.09205	0.01429	0.19223	0.01047	0.01413	0.10545	0.03500	0.01634	0.06725	0.09863	0.25168	0.02194	0.03322	0.00731	0.00527	0.00163	0.00525	0.01717	0.00421	0.00648
11	0.01420	0.11136	0.07342	0.02827	0.01576	0.01304	0.09913	0.27114	0.08579	0.03652	0.05434	0.07183	0.01334	0.00670	0.00509	0.00157	0.00541	0.00567	0.08014	0.00727
12	0.01310	0.16297	0.20673	0.08328	0.03232	0.02529	0.18049	0.11252	0.04034	0.03913	0.03279	0.01311	0.00910	0.00582	0.01937	0.00169	0.00698	0.00465	0.00305	0.00724
13	0.46531	0.14697	0.03398	0.00850	0.01186	0.02919	0.01825	0.04880	0.01081	0.06769	0.05442	0.01231	0.00959	0.00568	0.00448	0.00157	0.04231	0.01867	0.00343	0.00618

[dist]
# distance from previous block
# <min> <max>
0	2

[block]
# block no. 8 follows, 47 sequences, length 19
# corresponding to MSA columns:
# 532-550
name=unknown_I
#
# <colnr> <probs for GDERKNQSTAVLIFYWHMCP>
#	G	D	E	R	K	N	Q	S	T	A	V	L	I	F	Y	W	H	M	C	P
0	0.01364	0.47407	0.10373	0.01113	0.05712	0.05547	0.01014	0.06051	0.04427	0.01524	0.02296	0.01046	0.00816	0.00483	0.00398	0.00124	0.00574	0.00342	0.00272	0.09117
1	0.00998	0.03336	0.15688	0.01184	0.04672	0.00899	0.11002	0.03963	0.05836	0.03364	0.02407	0.13957	0.18142	0.02066	0.00602	0.00179	0.00516	0.05810	0.00385	0.04995
2	0.08686	0.06884	0.18734	0.01302	0.03183	0.05910	0.09833	0.16024	0.13182	0.07283	0.01334	0.01390	0.02799	0.00574	0.00497	0.00161	0.00617	0.00468	0.00377	0.00759
3	0.01130	0.01040	0.02721	0.19429	0.34750	0.01063	0.05025	0.03108	0.03088	0.02694	0.01443	0.04304	0.06438	0.00733	0.03757	0.00188	0.00611	0.00554	0.04963	0.02962
4	0.02126	0.01002	0.01256	0.00977	0.01362	0.00959	0.00802	0.18707	0.04926	0.54769	0.06094	0.01783	0.01414	0.00666	0.00528	0.00161	0.00459	0.00538	0.00609	0.00862
5	0.01253	0.14881	0.19563	0.01401	0.08925	0.06349	0.06083	0.07944	0.08299	0.01748	0.05697	0.01893	0.02705	0.00668	0.00547	0.00164	0.02780	0.08064	0.00335	0.00701
6	0.03029	0.01499	0.14404	0.01704	0.18013	0.06710	0.09971	0.12262	0.02838	0.19047	0.01338	0.04579	0.01010	0.00586	0.00526	0.00162	0.00631	0.00514	0.00391	0.00787
7	0.04355	0.00628	0.00737	0.00708	0.00876	0.00597	0.00537	0.04822	0.03667	0.07618	0.24593	0.19707	0.23811	0.01177	0.00603	0.00180	0.00315	0.04028	0.00518	0.00526
8	0.00720	0.00505	0.00651	0.00684	0.00718	0.00522	0.00453	0.00795	0.00845	0.01152	0.01915	0.24617	0.02163	0.38488	0.22929	0.00514	0.00690	0.00904	0.00352	0.00386
9	0.01438	0.15746	0.26699	0.01398	0.01937	0.05687	0.16240	0.06456	0.05642	0.12128	0.01153	0.01254	0.00840	0.00518	0.00497	0.00156	0.00687	0.00445	0.00325	0.00756
10	0.03339	0.08687	0.20735	0.01387	0.01872	0.01293	0.19000	0.15804	0.07162	0.05104	0.01418	0.06824	0.03753	0.00630	0.00529	0.00165	0.00641	0.00564	0.00357	0.00736
11	0.00783	0.00568	0.00767	0.00858	0.00973	0.00552	0.00718	0.00995	0.01203	0.01575	0.11219	0.14692	0.10128	0.01410	0.00692	0.00222	0.00413	0.51271	0.00491	0.00470
12	0.01194	0.01144	0.01957	0.16678	0.58275	0.01179	0.03885	0.01503	0.01155	0.01615	0.01143	0.04047	0.02844	0.00533	0.00527	0.00161	0.00621	0.00518	0.00266	0.00754
13	0.01614	0.03482	0.01776	0.15821	0.05237	0.05718	0.11509	0.32692	0.05934	0.07275	0.01201	0.01340	0.00878	0.00577	0.00555	0.00163	0.02573	0.00485	0.00401	0.00770
14	0.01257	0.01051	0.01346	0.06901	0.06134	0.02344	0.04136	0.04559	0.30731	0.07207	0.07192	0.02104	0.06014	0.00775	0.00735	0.00182	0.13234	0.02957	0.00435	0.00707
15	0.00808	0.00571	0.00723	0.00712	0.00770	0.00612	0.00487	0.04768	0.00891	0.01224	0.01611	0.08022	0.01724	0.43073	0.31140	0.00591	0.00827	0.00716	0.00324	0.00408
16	0.78037	0.05215	0.00879	0.00699	0.01032	0.01198	0.00583	0.01525	0.00902	0.02256	0.00732	0.00854	0.00577	0.00478	0.00325	0.00156	0.00410	0.00283	0.00317	0.03545
17	0.01408	0.04457	0.05606	0.00969	0.01297	0.06802	0.00804	0.16277	0.07188	0.12692	0.01779	0.20026	0.03429	0.00825	0.00523	0.00156	0.00480	0.00688	0.00447	0.14145
18	0.04789	0.02920	0.01660	0.03968	0.01621	0.17808	0.10335	0.06293	0.02494	0.01517	0.00954	0.05580	0.00873	0.00739	0.01001	0.00184	0.33492	0.00496	0.00285	0.02990

[dist]
# distance from previous block
# <min> <max>
1	2

[block]
# block no. 9 follows, 47 sequences, length 9
# corresponding to MSA columns:
# 553,555-562
name=unknown_J
#
# <colnr> <probs for GDERKNQSTAVLIFYWHMCP>
#	G	D	E	R	K	N	Q	S	T	A	V	L	I	F	Y	W	H	M	C	P
0	0.01131	0.00972	0.01258	0.01133	0.03285	0.04786	0.03546	0.03315	0.03165	0.04838	0.01171	0.01801	0.01103	0.16582	0.11513	0.00337	0.32947	0.00536	0.06037	0.00546
1	0.00663	0.00470	0.00620	0.00729	0.00764	0.00445	0.00496	0.00757	0.00991	0.01318	0.02746	0.67968	0.03263	0.09111	0.00855	0.00241	0.00335	0.07343	0.00467	0.00417
2	0.00645	0.00461	0.00614	0.00718	0.00758	0.00430	0.00484	0.00751	0.01046	0.01406	0.10522	0.73487	0.03594	0.01574	0.00660	0.00207	0.00296	0.01426	0.00493	0.00430
3	0.01197	0.00989	0.01460	0.25099	0.11924	0.01084	0.05520	0.09121	0.05629	0.03893	0.04601	0.01559	0.01090	0.00583	0.00569	0.00157	0.05377	0.00494	0.12680	0.06974
4	0.00670	0.00545	0.00600	0.00631	0.00776	0.00489	0.00472	0.00865	0.04728	0.01439	0.04398	0.21487	0.52200	0.01368	0.00631	0.00189	0.00297	0.07274	0.00485	0.00457
5	0.01644	0.01983	0.01467	0.15238	0.04467	0.54567	0.01071	0.01813	0.01313	0.01282	0.00874	0.01182	0.00751	0.05208	0.00670	0.00168	0.05060	0.00393	0.00262	0.00588
6	0.05973	0.01402	0.01485	0.01159	0.01559	0.01561	0.00952	0.65489	0.10048	0.03123	0.01314	0.01301	0.00942	0.00627	0.00512	0.00159	0.00548	0.00472	0.00512	0.00864
7	0.03151	0.01150	0.01578	0.16840	0.06898	0.04114	0.09733	0.20088	0.04397	0.07813	0.01528	0.05818	0.04718	0.00713	0.00616	0.00174	0.05233	0.04348	0.00391	0.00698
8	0.05494	0.12765	0.01855	0.03639	0.11072	0.04983	0.13259	0.15908	0.06592	0.03883	0.04511	0.03511	0.01093	0.00565	0.00493	0.00148	0.00584	0.00491	0.00359	0.08795

[dist]
# distance from previous block
# <min> <max>
5	44

[block]
# block no. 10 follows, 47 sequences, length 10
# corresponding to MSA columns:
# 607-616
name=unknown_K
#
# <colnr> <probs for GDERKNQSTAVLIFYWHMCP>
#	G	D	E	R	K	N	Q	S	T	A	V	L	I	F	Y	W	H	M	C	P
0	0.01059	0.08491	0.03004	0.00971	0.01221	0.00945	0.08298	0.04819	0.08712	0.05156	0.17300	0.09146	0.12804	0.00916	0.00631	0.00171	0.05395	0.04718	0.03786	0.02457
1	0.01292	0.09129	0.05687	0.06496	0.01700	0.04536	0.12067	0.04573	0.08415	0.07566	0.05706	0.01426	0.01114	0.00520	0.00476	0.00133	0.00547	0.00453	0.00352	0.27814
2	0.01343	0.24998	0.04654	0.00975	0.01268	0.18239	0.00828	0.08528	0.01306	0.03566	0.07809	0.13621	0.04044	0.03127	0.03345	0.00182	0.00601	0.00606	0.00353	0.00608
3	0.01110	0.00936	0.01092	0.00841	0.01228	0.00812	0.00667	0.05524	0.08324	0.01773	0.01200	0.06934	0.01058	0.00640	0.02807	0.00128	0.03219	0.00440	0.00350	0.60917
4	0.01008	0.00742	0.03840	0.08026	0.03044	0.00752	0.00725	0.03431	0.03722	0.01213	0.00968	0.01488	0.00885	0.01349	0.01547	0.51920	0.08039	0.00451	0.02594	0.04256
5	0.01477	0.00939	0.01068	0.00882	0.01169	0.00952	0.00699	0.29215	0.01653	0.12844	0.05886	0.13791	0.01628	0.00779	0.00505	0.00152	0.00415	0.00645	0.16681	0.08621
6	0.01402	0.03665	0.16569	0.08102	0.03631	0.01127	0.14464	0.08279	0.03940	0.16193	0.01311	0.04263	0.01011	0.03403	0.00643	0.00174	0.03725	0.00520	0.00366	0.07211
7	0.00822	0.00560	0.00761	0.00741	0.00793	0.00614	0.00537	0.00849	0.00841	0.01169	0.04663	0.02409	0.08616	0.15475	0.24207	0.25380	0.07342	0.00615	0.03227	0.00378
8	0.00909	0.00746	0.00957	0.01191	0.15235	0.04242	0.00740	0.01077	0.01157	0.04867	0.05027	0.30198	0.21828	0.01207	0.00613	0.00188	0.00403	0.08436	0.00441	0.00538
9	0.01483	0.01085	0.01362	0.04417	0.09593	0.02912	0.03410	0.21966	0.09277	0.12941	0.09583	0.08368	0.03208	0.00742	0.00564	0.00162	0.02175	0.00626	0.00468	0.05656

[dist]
# distance from previous block
# <min> <max>
0	187

[block]
# block no. 11 follows, 47 sequences, length 12
# corresponding to MSA columns:
# 823-834
name=unknown_L
#
# <colnr> <probs for GDERKNQSTAVLIFYWHMCP>
#	G	D	E	R	K	N	Q	S	T	A	V	L	I	F	Y	W	H	M	C	P
0	0.04793	0.21686	0.04659	0.01098	0.06373	0.01180	0.06386	0.06735	0.02650	0.03761	0.04546	0.11606	0.08102	0.00713	0.00480	0.00144	0.00485	0.00599	0.00353	0.13652
1	0.09516	0.00916	0.01187	0.03188	0.03644	0.01094	0.00862	0.03663	0.02794	0.03656	0.01356	0.15164	0.01384	0.03512	0.04927	0.00236	0.30458	0.04452	0.00335	0.07656
2	0.46459	0.01087	0.03461	0.04022	0.01291	0.03459	0.03910	0.03341	0.09334	0.05768	0.01201	0.03217	0.03002	0.03173	0.00484	0.00171	0.00465	0.00425	0.00361	0.05369
3	0.07219	0.00979	0.02855	0.05229	0.03554	0.00957	0.09293	0.09782	0.06301	0.07451	0.04979	0.05962	0.03224	0.00651	0.00523	0.00150	0.02988	0.00553	0.14407	0.12944
4	0.00935	0.00590	0.00763	0.04991	0.00950	0.00639	0.00577	0.01108	0.00984	0.05655	0.01717	0.10505	0.01637	0.14087	0.17139	0.00354	0.05365	0.04225	0.27301	0.00480
5	0.00641	0.00474	0.00602	0.00701	0.00762	0.00435	0.00485	0.00747	0.01043	0.01355	0.03309	0.63354	0.17256	0.01564	0.00658	0.00206	0.00304	0.05189	0.00483	0.00429
6	0.01292	0.05024	0.01167	0.00958	0.01204	0.10210	0.00733	0.12283	0.27822	0.01833	0.01698	0.02053	0.04192	0.17167	0.06061	0.00270	0.00578	0.00566	0.00412	0.04476
7	0.06250	0.06896	0.15495	0.01135	0.01509	0.03187	0.09473	0.05918	0.08440	0.10238	0.05171	0.15171	0.04315	0.00812	0.00541	0.00173	0.00538	0.03664	0.00405	0.00669
8	0.03946	0.16075	0.09908	0.03600	0.01680	0.07326	0.03843	0.32680	0.07757	0.06511	0.01171	0.01219	0.00867	0.00566	0.00480	0.00151	0.00608	0.00428	0.00401	0.00784
9	0.01392	0.82012	0.02729	0.00891	0.01337	0.02061	0.00891	0.01559	0.01058	0.01225	0.00724	0.00835	0.00668	0.00446	0.00334	0.00111	0.00557	0.00278	0.00223	0.00668
10	0.01133	0.00801	0.01146	0.03923	0.01262	0.00831	0.07570	0.01449	0.08534	0.14487	0.14629	0.13784	0.11568	0.04309	0.00810	0.00198	0.09829	0.02677	0.00463	0.00597
11	0.03542	0.28128	0.09863	0.01186	0.05172	0.13325	0.03373	0.01829	0.16513	0.01579	0.03389	0.01604	0.03624	0.00612	0.00463	0.00149	0.00595	0.04040	0.00327	0.00685

[dist]
# distance from previous block
# <min> <max>
0	3

[block]
# block no. 12 follows, 47 sequences, length 12
# corresponding to MSA columns:
# 838-849
name=unknown_M
#
# <colnr> <probs for GDERKNQSTAVLIFYWHMCP>
#	G	D	E	R	K	N	Q	S	T	A	V	L	I	F	Y	W	H	M	C	P
0	0.07224	0.01341	0.09204	0.25311	0.02238	0.09231	0.06732	0.08548	0.01315	0.17980	0.01214	0.01445	0.00883	0.00579	0.00543	0.00167	0.02779	0.02206	0.00362	0.00698
1	0.00629	0.00503	0.00562	0.00600	0.00725	0.00437	0.00430	0.00753	0.01140	0.01419	0.08551	0.30261	0.49345	0.01408	0.00632	0.00187	0.00275	0.01217	0.00489	0.00437
2	0.01186	0.01112	0.01918	0.29407	0.36491	0.01201	0.08835	0.01534	0.02823	0.03502	0.01063	0.01494	0.00865	0.00537	0.00577	0.00169	0.03580	0.02725	0.00271	0.00710
3	0.06031	0.09495	0.01472	0.07084	0.04991	0.06180	0.06372	0.01802	0.16410	0.11412	0.04635	0.05374	0.05399	0.00729	0.00594	0.00169	0.05837	0.03283	0.02059	0.00673
4	0.00725	0.00495	0.00598	0.00644	0.00661	0.00486	0.00404	0.00769	0.00862	0.01147	0.02100	0.27886	0.02452	0.51269	0.01900	0.00395	0.00440	0.06029	0.00379	0.00360
5	0.00714	0.00538	0.00668	0.00679	0.00811	0.00492	0.00528	0.00916	0.01309	0.01743	0.38059	0.09507	0.25805	0.01245	0.00637	0.00185	0.00298	0.14871	0.00524	0.00470
6	0.01183	0.04278	0.02011	0.23618	0.04498	0.03611	0.26629	0.07114	0.04450	0.01611	0.01150	0.04957	0.00967	0.03693	0.03577	0.00210	0.04939	0.00568	0.00294	0.00644
7	0.01174	0.30445	0.46416	0.01267	0.01865	0.01537	0.01502	0.01588	0.01062	0.01471	0.00842	0.01010	0.00665	0.00509	0.00529	0.00151	0.06674	0.00353	0.00222	0.00719
8	0.00741	0.00521	0.00647	0.00692	0.00741	0.00516	0.00482	0.00829	0.00926	0.01220	0.02331	0.17498	0.08046	0.39605	0.07771	0.00402	0.00516	0.15742	0.00387	0.00388
9	0.01456	0.00872	0.01022	0.00870	0.01146	0.00890	0.00688	0.08765	0.22811	0.22948	0.19434	0.02396	0.05132	0.00778	0.00535	0.00163	0.00376	0.00651	0.08343	0.00725
10	0.03480	0.00914	0.01125	0.04425	0.01278	0.02301	0.05837	0.14110	0.13917	0.05779	0.14676	0.09458	0.05506	0.13797	0.00896	0.00225	0.00464	0.00737	0.00459	0.00618
11	0.01244	0.01274	0.01918	0.22908	0.19086	0.10118	0.17075	0.04813	0.01242	0.01613	0.06242	0.01561	0.01082	0.00577	0.00615	0.00169	0.05466	0.02044	0.00289	0.00666

[dist]
# distance from previous block
# <min> <max>
0	1

[block]
# block no. 13 follows, 47 sequences, length 17
# corresponding to MSA columns:
# 851-867
name=unknown_N
#
# <colnr> <probs for GDERKNQSTAVLIFYWHMCP>
#	G	D	E	R	K	N	Q	S	T	A	V	L	I	F	Y	W	H	M	C	P
0	0.00644	0.00486	0.00596	0.00659	0.00744	0.00438	0.00460	0.00770	0.01122	0.01464	0.14692	0.48224	0.24897	0.01459	0.00643	0.00194	0.00283	0.01292	0.00497	0.00438
1	0.00650	0.00502	0.00583	0.00616	0.00725	0.00446	0.00436	0.00780	0.01147	0.01471	0.16354	0.30033	0.36939	0.05972	0.00748	0.00204	0.00287	0.01180	0.00489	0.00436
2	0.03708	0.00969	0.01108	0.00802	0.01257	0.00780	0.00644	0.07131	0.01180	0.01839	0.00945	0.01086	0.00774	0.00407	0.00394	0.00086	0.00401	0.00320	0.00325	0.75847
3	0.01074	0.00919	0.01179	0.01046	0.01133	0.04127	0.02171	0.07489	0.03152	0.01377	0.01107	0.01731	0.01060	0.11817	0.21231	0.10108	0.27960	0.00522	0.00287	0.00510
4	0.00841	0.00574	0.00743	0.00793	0.00933	0.00538	0.00648	0.01035	0.01217	0.06279	0.11363	0.14898	0.20793	0.01347	0.00665	0.00208	0.00379	0.35756	0.00501	0.00489
5	0.01082	0.06638	0.69091	0.01421	0.02138	0.01260	0.01786	0.01731	0.06988	0.01668	0.01015	0.01151	0.00732	0.00509	0.00489	0.00163	0.00731	0.00395	0.00244	0.00769
6	0.01301	0.01137	0.01796	0.36265	0.20957	0.05365	0.08635	0.01607	0.01157	0.10648	0.01065	0.01374	0.00804	0.00536	0.00592	0.00169	0.05134	0.00478	0.00292	0.00687
7	0.01153	0.01029	0.01440	0.09999	0.09073	0.06730	0.12237	0.03420	0.10257	0.03721	0.07398	0.09221	0.01575	0.00921	0.05427	0.00209	0.03224	0.01669	0.10672	0.00627
8	0.00713	0.00550	0.00647	0.00652	0.00793	0.00499	0.00495	0.02842	0.01286	0.01675	0.27591	0.14918	0.35996	0.01274	0.00629	0.00182	0.00292	0.07984	0.00512	0.00469
9	0.04478	0.01012	0.01563	0.41668	0.07790	0.01125	0.05822	0.08455	0.02933	0.15533	0.03717	0.01513	0.00986	0.00564	0.00523	0.00168	0.00613	0.00495	0.00357	0.00688
10	0.01015	0.00993	0.05555	0.01184	0.07208	0.02648	0.07834	0.02922	0.15299	0.02898	0.13671	0.11717	0.15617	0.00948	0.00655	0.00180	0.05372	0.03232	0.00435	0.00617
11	0.00738	0.00465	0.00640	0.00717	0.00741	0.00447	0.00487	0.00734	0.00897	0.01193	0.02181	0.47593	0.02537	0.05762	0.01202	0.26919	0.00371	0.05625	0.00393	0.00359
12	0.07030	0.06192	0.01556	0.01266	0.01587	0.51321	0.03406	0.15832	0.01591	0.04216	0.00927	0.01028	0.00728	0.00545	0.00470	0.00141	0.00801	0.00369	0.00328	0.00669
13	0.03796	0.40375	0.32861	0.01246	0.01823	0.01625	0.08617	0.01605	0.01086	0.01470	0.00839	0.00995	0.00674	0.00466	0.00424	0.00140	0.00667	0.00353	0.00229	0.00708
14	0.05981	0.01293	0.02373	0.01745	0.02174	0.01295	0.48039	0.13955	0.01396	0.01958	0.05283	0.01613	0.04233	0.00571	0.00650	0.00174	0.05641	0.00600	0.00333	0.00695
15	0.00731	0.00520	0.00672	0.00682	0.00789	0.00486	0.00498	0.00909	0.01237	0.03604	0.37188	0.26337	0.14185	0.01518	0.07971	0.00242	0.00376	0.01074	0.00509	0.00472
16	0.01866	0.01017	0.01362	0.01069	0.01428	0.01001	0.06638	0.16705	0.05823	0.40996	0.03227	0.03935	0.06160	0.00730	0.00595	0.00169	0.03831	0.02099	0.00549	0.00801

[dist]
# distance from previous block
# <min> <max>
0	1

[block]
# block no. 14 follows, 47 sequences, length 11
# corresponding to MSA columns:
# 878-888
name=unknown_O
#
# <colnr> <probs for GDERKNQSTAVLIFYWHMCP>
#	G	D	E	R	K	N	Q	S	T	A	V	L	I	F	Y	W	H	M	C	P
0	0.01592	0.01405	0.01446	0.14244	0.04561	0.16683	0.01039	0.20296	0.12839	0.08103	0.01279	0.01457	0.00980	0.00629	0.00592	0.00162	0.06012	0.02292	0.00397	0.03992
