[name]
unknown

[dist]
# distance from previous block
# <min> <max>
7	377

[block]
# block no. 0 follows, 52 sequences, length 33
# corresponding to MSA columns:
# 393-420,423-427
name=unknown_A
#
# <colnr> <probs for GDERKNQSTAVLIFYWHMCP>
#	G	D	E	R	K	N	Q	S	T	A	V	L	I	F	Y	W	H	M	C	P
0	0.06564	0.02683	0.06483	0.05996	0.03373	0.07258	0.05751	0.16593	0.10704	0.11148	0.02682	0.04841	0.02599	0.00586	0.00465	0.00144	0.00510	0.00481	0.02612	0.08528
1	0.04761	0.07720	0.05085	0.00981	0.01304	0.04573	0.02101	0.24580	0.18291	0.08572	0.04091	0.06616	0.03104	0.02201	0.00527	0.00156	0.01648	0.00526	0.00426	0.02735
2	0.02703	0.03050	0.04333	0.05775	0.05289	0.04960	0.02218	0.15423	0.12767	0.18897	0.04363	0.01619	0.04892	0.00734	0.04146	0.00173	0.00517	0.00486	0.00422	0.07234
3	0.05494	0.04181	0.04156	0.04370	0.04772	0.06926	0.05623	0.23650	0.12231	0.06893	0.01539	0.01561	0.08399	0.00593	0.00470	0.00143	0.00510	0.00480	0.00392	0.07618
4	0.05708	0.05317	0.07352	0.06939	0.06888	0.12885	0.02010	0.12312	0.04236	0.12496	0.04114	0.03269	0.01007	0.00598	0.01940	0.00148	0.00556	0.00429	0.00354	0.11443
5	0.03112	0.06691	0.15626	0.01078	0.05710	0.03434	0.00950	0.10014	0.06236	0.06840	0.05856	0.01607	0.08484	0.00613	0.00556	0.00141	0.07815	0.00468	0.00342	0.14427
6	0.05652	0.15480	0.18822	0.01113	0.03372	0.13296	0.03060	0.09369	0.05524	0.02538	0.02015	0.01058	0.00768	0.00479	0.00438	0.00128	0.02111	0.00354	0.00285	0.14136
7	0.00897	0.05317	0.01146	0.01014	0.05679	0.03907	0.06353	0.01139	0.06178	0.01418	0.14943	0.14788	0.09262	0.07636	0.04573	0.00219	0.12327	0.00735	0.00359	0.02109
8	0.00742	0.00545	0.00808	0.00781	0.00868	0.00612	0.02421	0.00890	0.00807	0.02734	0.03283	0.04737	0.01397	0.12926	0.60205	0.02039	0.02920	0.00576	0.00281	0.00427
9	0.01288	0.80575	0.02505	0.00844	0.01245	0.01903	0.00837	0.01442	0.00977	0.01141	0.00672	0.00787	0.00622	0.00429	0.00353	0.00107	0.03183	0.00265	0.00207	0.00619
10	0.00642	0.00504	0.00582	0.00567	0.00705	0.00451	0.00423	0.00845	0.03254	0.01617	0.39265	0.07661	0.39503	0.01116	0.00572	0.00160	0.00243	0.00959	0.00490	0.00440
11	0.00924	0.00587	0.00711	0.00645	0.00821	0.00548	0.00495	0.01224	0.08164	0.12724	0.42184	0.03334	0.20130	0.00940	0.00543	0.00154	0.00271	0.00806	0.04270	0.00525
12	0.00637	0.00485	0.00501	0.00497	0.00647	0.00421	0.00373	0.00787	0.01118	0.01453	0.11964	0.04100	0.59530	0.01097	0.00535	0.00154	0.00241	0.00916	0.14124	0.00421
13	0.03856	0.00734	0.00857	0.00737	0.00951	0.00734	0.00579	0.16214	0.04730	0.10324	0.41462	0.02892	0.12235	0.00867	0.00534	0.00153	0.00320	0.00734	0.00512	0.00577
14	0.86392	0.00937	0.00712	0.00637	0.00937	0.01087	0.00525	0.01425	0.00825	0.02174	0.00675	0.00787	0.00525	0.00450	0.00300	0.00150	0.00375	0.00262	0.00300	0.00525
15	0.83227	0.00941	0.00727	0.00650	0.00949	0.01092	0.00534	0.01467	0.03732	0.02169	0.00723	0.00825	0.00560	0.00458	0.00307	0.00150	0.00375	0.00273	0.00307	0.00534
16	0.78627	0.00950	0.00765	0.00669	0.00976	0.01087	0.00551	0.04856	0.00916	0.05961	0.00756	0.00845	0.00570	0.00463	0.00317	0.00150	0.00384	0.00281	0.00322	0.00552
17	0.00854	0.00696	0.00827	0.00828	0.01015	0.04416	0.00688	0.01052	0.01082	0.01440	0.02192	0.12113	0.05631	0.01082	0.00576	0.00178	0.00420	0.43992	0.00400	0.20518
18	0.01075	0.00593	0.00771	0.00676	0.00865	0.00538	0.00525	0.01314	0.03218	0.22135	0.52814	0.03136	0.08582	0.00897	0.00548	0.00153	0.00281	0.00778	0.00544	0.00556
19	0.86392	0.00937	0.00712	0.00637	0.00937	0.01087	0.00525	0.01425	0.00825	0.02174	0.00675	0.00787	0.00525	0.00450	0.00300	0.00150	0.00375	0.00262	0.00300	0.00525
20	0.02577	0.00800	0.00972	0.00892	0.01085	0.02881	0.05139	0.08814	0.17773	0.07206	0.02093	0.27675	0.03754	0.02631	0.00582	0.00180	0.00401	0.08531	0.05440	0.00574
21	0.03991	0.00962	0.01176	0.00924	0.01286	0.00945	0.00757	0.17472	0.11996	0.52539	0.01742	0.01554	0.01146	0.00600	0.00483	0.00151	0.00432	0.00480	0.00555	0.00810
22	0.00729	0.00489	0.00656	0.00737	0.00811	0.00466	0.00555	0.00865	0.01021	0.04805	0.06314	0.45959	0.04533	0.05300	0.00714	0.00213	0.00344	0.24612	0.00452	0.00427
23	0.01852	0.00761	0.01021	0.00824	0.01136	0.00670	0.00663	0.03831	0.01334	0.62691	0.04376	0.13607	0.03469	0.00760	0.00511	0.00157	0.00387	0.00641	0.00570	0.00741
24	0.01276	0.00609	0.00702	0.00616	0.00815	0.00590	0.00483	0.03386	0.05536	0.23043	0.05241	0.01831	0.01386	0.00599	0.00402	0.00128	0.00293	0.00486	0.52000	0.00579
25	0.05077	0.00902	0.01124	0.02503	0.01262	0.00869	0.00727	0.16290	0.03188	0.52952	0.03009	0.01600	0.01173	0.02545	0.00521	0.00156	0.00427	0.00480	0.04424	0.00771
26	0.00593	0.00432	0.00559	0.00653	0.00699	0.00398	0.00442	0.00688	0.00966	0.01276	0.06404	0.71260	0.10915	0.01465	0.00612	0.00191	0.00275	0.01319	0.00454	0.00398
27	0.37219	0.00902	0.01077	0.14927	0.03387	0.00974	0.03635	0.04163	0.01070	0.22540	0.01162	0.05072	0.00876	0.00549	0.00417	0.00154	0.00454	0.00426	0.00374	0.00620
28	0.01435	0.01138	0.01457	0.04460	0.09603	0.06809	0.07904	0.20469	0.07195	0.12552	0.01280	0.04379	0.01035	0.03328	0.04313	0.00197	0.09571	0.01818	0.00379	0.00680
29	0.01495	0.12590	0.05915	0.01191	0.03247	0.26934	0.04658	0.19413	0.06160	0.01731	0.01134	0.01450	0.02094	0.00598	0.00501	0.00144	0.03309	0.06460	0.00328	0.00648
30	0.02705	0.03867	0.03053	0.05318	0.03334	0.00796	0.00697	0.07262	0.01136	0.07493	0.01323	0.02791	0.07383	0.00502	0.00410	0.00105	0.00402	0.00406	0.00332	0.50686
31	0.01122	0.00828	0.01018	0.02050	0.06232	0.03966	0.00745	0.08009	0.08299	0.11274	0.04053	0.14995	0.07896	0.01238	0.10230	0.00244	0.08263	0.06837	0.02124	0.00577
32	0.00880	0.00702	0.00791	0.00780	0.00918	0.00761	0.00567	0.01496	0.33579	0.01520	0.02227	0.24236	0.05810	0.16928	0.02902	0.00250	0.00391	0.04294	0.00433	0.00535

[dist]
# distance from previous block
# <min> <max>
0	1

[block]
# block no. 1 follows, 52 sequences, length 13
# corresponding to MSA columns:
# 429-441
name=unknown_B
#
# <colnr> <probs for GDERKNQSTAVLIFYWHMCP>
#	G	D	E	R	K	N	Q	S	T	A	V	L	I	F	Y	W	H	M	C	P
0	0.05941	0.04138	0.06366	0.13422	0.18930	0.01182	0.08660	0.15988	0.02687	0.11878	0.01082	0.01242	0.00801	0.00511	0.00514	0.00151	0.03597	0.00436	0.01770	0.00705
1	0.09667	0.11594	0.05325	0.04085	0.10856	0.16702	0.05100	0.06147	0.04959	0.01539	0.00861	0.01054	0.00709	0.00535	0.00614	0.00147	0.14069	0.00374	0.01958	0.03703
2	0.00903	0.00762	0.01196	0.01569	0.29446	0.00777	0.02424	0.01078	0.00985	0.03098	0.01760	0.33922	0.03460	0.03200	0.05767	0.00218	0.05646	0.00838	0.02397	0.00554
3	0.01201	0.01170	0.01746	0.29063	0.34558	0.07419	0.06001	0.08177	0.01176	0.01553	0.00902	0.01205	0.00715	0.00477	0.00511	0.00151	0.02624	0.00431	0.00254	0.00667
4	0.00646	0.00488	0.00563	0.00549	0.00683	0.00433	0.00410	0.00822	0.01216	0.01629	0.39088	0.06654	0.37739	0.01088	0.00560	0.00157	0.00238	0.00933	0.05671	0.00433
5	0.01301	0.00632	0.00835	0.00771	0.00963	0.00580	0.00580	0.01511	0.05888	0.34735	0.04681	0.41044	0.02294	0.01061	0.00554	0.00174	0.00341	0.00935	0.00518	0.00601
6	0.00602	0.00445	0.00566	0.00653	0.00714	0.00409	0.00456	0.00707	0.00987	0.01289	0.05910	0.61345	0.16642	0.01437	0.00612	0.00191	0.00283	0.05898	0.00453	0.00402
7	0.00602	0.00457	0.00555	0.00604	0.00691	0.00410	0.00425	0.00725	0.01065	0.01389	0.17506	0.43411	0.27745	0.01329	0.00595	0.00178	0.00260	0.01173	0.00465	0.00410
8	0.01051	0.22187	0.61469	0.01247	0.01889	0.01318	0.01556	0.01514	0.01014	0.01439	0.00822	0.00963	0.00616	0.00449	0.00424	0.00141	0.00668	0.00334	0.00205	0.00693
9	0.21238	0.03252	0.01200	0.00918	0.01277	0.05391	0.02762	0.20808	0.02960	0.28486	0.01260	0.01221	0.00869	0.00532	0.00431	0.00142	0.00468	0.00399	0.00443	0.05943
10	0.25597	0.01307	0.01377	0.04213	0.04163	0.17173	0.11793	0.14117	0.01300	0.09533	0.02698	0.02802	0.00844	0.00524	0.00440	0.00147	0.00579	0.00415	0.00344	0.00633
11	0.02893	0.14719	0.01495	0.03190	0.07645	0.08696	0.00848	0.14891	0.03944	0.03709	0.00922	0.01050	0.00743	0.00482	0.00488	0.00120	0.06342	0.00350	0.00309	0.27163
12	0.03258	0.07474	0.06735	0.06789	0.13764	0.00905	0.04303	0.04482	0.03753	0.11033	0.03790	0.24948	0.02972	0.00894	0.02543	0.00177	0.00481	0.00724	0.00370	0.00603

[dist]
# distance from previous block
# <min> <max>
4	10

[block]
# block no. 2 follows, 52 sequences, length 20
# corresponding to MSA columns:
# 453-472
name=unknown_C
#
# <colnr> <probs for GDERKNQSTAVLIFYWHMCP>
#	G	D	E	R	K	N	Q	S	T	A	V	L	I	F	Y	W	H	M	C	P
0	0.07530	0.01269	0.09342	0.03248	0.03057	0.07529	0.06621	0.14072	0.04674	0.03526	0.01019	0.03302	0.00814	0.00482	0.00429	0.00122	0.00514	0.00392	0.00323	0.31733
1	0.07832	0.13269	0.21634	0.01191	0.04527	0.08472	0.03870	0.14216	0.06231	0.10315	0.01046	0.01116	0.00773	0.00512	0.00472	0.00144	0.02970	0.00384	0.00326	0.00701
2	0.01189	0.06861	0.09745	0.06473	0.08033	0.05889	0.11632	0.08368	0.06083	0.03791	0.02460	0.02400	0.04272	0.00542	0.00506	0.00139	0.03486	0.01651	0.00309	0.16171
3	0.00750	0.00554	0.00753	0.00711	0.00826	0.00573	0.00528	0.00871	0.00788	0.01137	0.01251	0.01997	0.01226	0.18822	0.48669	0.05854	0.00941	0.00516	0.00267	0.12967
4	0.01647	0.15660	0.06539	0.01119	0.01523	0.06872	0.04112	0.47814	0.04575	0.03923	0.01069	0.01107	0.00790	0.00536	0.00454	0.00139	0.00569	0.00403	0.00396	0.00756
5	0.01656	0.01987	0.01285	0.01145	0.01410	0.63003	0.00865	0.05092	0.03241	0.01345	0.00882	0.03163	0.00749	0.00521	0.00435	0.00123	0.00761	0.00353	0.02512	0.09472
6	0.00915	0.00861	0.01453	0.81804	0.03338	0.01077	0.01346	0.01238	0.00969	0.01238	0.00861	0.01292	0.00646	0.00484	0.00484	0.00161	0.00646	0.00431	0.00215	0.00538
7	0.00725	0.00504	0.00622	0.00590	0.00711	0.00474	0.00443	0.00978	0.03437	0.01887	0.61529	0.03369	0.08628	0.00934	0.00535	0.00148	0.00234	0.00814	0.12977	0.00462
8	0.01490	0.01080	0.01170	0.00935	0.01238	0.01172	0.00759	0.52440	0.04236	0.02647	0.13947	0.01771	0.04288	0.00671	0.00486	0.00144	0.00436	0.00533	0.09850	0.00708
9	0.01867	0.01121	0.01284	0.01006	0.01372	0.01177	0.00824	0.40073	0.13255	0.30468	0.01550	0.01432	0.01054	0.00599	0.00487	0.00150	0.00468	0.00471	0.00527	0.00816
10	0.00627	0.00481	0.00578	0.00620	0.00715	0.00443	0.00439	0.00801	0.04209	0.01419	0.17363	0.41352	0.26583	0.01299	0.00591	0.00177	0.00265	0.01145	0.00467	0.00425
11	0.01455	0.01326	0.01214	0.01050	0.01341	0.15935	0.00828	0.22988	0.38526	0.02108	0.01644	0.01683	0.03759	0.00650	0.00489	0.00154	0.00512	0.03172	0.00443	0.00722
12	0.01082	0.00954	0.01229	0.02737	0.04982	0.03184	0.05620	0.01298	0.01015	0.04284	0.00925	0.02963	0.00784	0.00456	0.00514	0.00104	0.08394	0.00362	0.00287	0.58829
13	0.27969	0.01200	0.06050	0.03897	0.05317	0.07853	0.04094	0.10465	0.08362	0.16923	0.01152	0.01190	0.00828	0.00518	0.00424	0.00149	0.00499	0.00392	0.02048	0.00670
14	0.01667	0.01337	0.01337	0.01083	0.01426	0.08375	0.00873	0.48078	0.24030	0.04621	0.01377	0.01334	0.01003	0.00597	0.00483	0.00149	0.00517	0.00458	0.00470	0.00785
15	0.00977	0.00653	0.00889	0.09192	0.07735	0.00627	0.00672	0.01194	0.02297	0.14700	0.21446	0.03148	0.26629	0.01014	0.03755	0.00183	0.00390	0.03512	0.00446	0.00541
16	0.02973	0.06127	0.18742	0.08432	0.07161	0.05147	0.04040	0.21678	0.11072	0.01926	0.01088	0.01235	0.00829	0.01977	0.00539	0.00156	0.03538	0.00423	0.02217	0.00700
17	0.00685	0.00473	0.00589	0.00630	0.00661	0.00472	0.00408	0.00779	0.03974	0.01144	0.04530	0.35838	0.02353	0.33891	0.05855	0.05610	0.00423	0.00955	0.00367	0.00362
18	0.00640	0.00447	0.00572	0.00652	0.00679	0.00430	0.00434	0.00712	0.00880	0.01171	0.02335	0.53214	0.02756	0.24773	0.01151	0.00277	0.00349	0.07753	0.00405	0.00370
19	0.01309	0.10160	0.17842	0.05023	0.24575	0.05804	0.07222	0.15068	0.04130	0.02892	0.00969	0.01135	0.00748	0.00477	0.00464	0.00144	0.00620	0.00408	0.00287	0.00723

[dist]
# distance from previous block
# <min> <max>
0	1

[block]
# block no. 3 follows, 52 sequences, length 8
# corresponding to MSA columns:
# 474-481
name=unknown_D
#
# <colnr> <probs for GDERKNQSTAVLIFYWHMCP>
#	G	D	E	R	K	N	Q	S	T	A	V	L	I	F	Y	W	H	M	C	P
0	0.08679	0.18477	0.08682	0.03407	0.10837	0.04993	0.04163	0.28019	0.03246	0.02017	0.00951	0.01069	0.00737	0.00556	0.02025	0.00151	0.00579	0.00381	0.00326	0.00705
1	0.00689	0.00546	0.00576	0.00577	0.00705	0.02784	0.00419	0.00807	0.01060	0.03327	0.10070	0.11414	0.46393	0.12390	0.03649	0.00229	0.00343	0.03181	0.00427	0.00413
2	0.72387	0.04211	0.00898	0.00815	0.05256	0.06921	0.00618	0.01466	0.00886	0.02031	0.00693	0.00815	0.00549	0.00451	0.00320	0.00146	0.00427	0.00275	0.00289	0.00544
3	0.01813	0.00812	0.01056	0.00838	0.01159	0.00747	0.00681	0.07898	0.05189	0.55402	0.16961	0.02003	0.01839	0.00677	0.00504	0.00151	0.00385	0.00562	0.00573	0.00751
4	0.00842	0.00421	0.00631	0.00631	0.00631	0.00421	0.00421	0.00631	0.00631	0.00842	0.00842	0.01473	0.00842	0.01684	0.01894	0.85901	0.00421	0.00421	0.00210	0.00210
5	0.01216	0.22230	0.22850	0.04345	0.16123	0.01334	0.05372	0.06682	0.01118	0.04683	0.00884	0.01054	0.00696	0.00468	0.00484	0.00138	0.04457	0.00371	0.00254	0.05242
6	0.01041	0.02661	0.05511	0.04400	0.01293	0.05866	0.02882	0.01260	0.05096	0.04411	0.01143	0.10038	0.01112	0.06219	0.10042	0.00270	0.35387	0.00553	0.00281	0.00532
7	0.00628	0.00492	0.00572	0.00581	0.00712	0.00436	0.00440	0.00788	0.01171	0.01510	0.27468	0.11969	0.42410	0.01193	0.00585	0.00169	0.00262	0.07717	0.00475	0.00426

[dist]
# distance from previous block
# <min> <max>
0	2

[block]
# block no. 4 follows, 52 sequences, length 17
# corresponding to MSA columns:
# 484-500
name=unknown_E
#
# <colnr> <probs for GDERKNQSTAVLIFYWHMCP>
#	G	D	E	R	K	N	Q	S	T	A	V	L	I	F	Y	W	H	M	C	P
0	0.01148	0.15576	0.06924	0.02740	0.01377	0.04179	0.07176	0.08585	0.04647	0.04496	0.03907	0.07020	0.04307	0.00741	0.00602	0.00157	0.08844	0.10935	0.00339	0.06300
1	0.00941	0.06368	0.01526	0.76393	0.03198	0.01133	0.01311	0.01252	0.00970	0.01232	0.00849	0.01258	0.00644	0.00480	0.00473	0.00158	0.00637	0.00419	0.00215	0.00544
2	0.00987	0.00732	0.00979	0.02953	0.08972	0.00788	0.00715	0.05869	0.07481	0.06221	0.20067	0.08920	0.03950	0.02797	0.09843	0.00238	0.07984	0.02450	0.07503	0.00553
3	0.02996	0.01059	0.01816	0.03719	0.28544	0.01067	0.20502	0.05256	0.01157	0.11971	0.01110	0.01332	0.00849	0.00524	0.00591	0.01958	0.06021	0.00472	0.08373	0.00682
4	0.02666	0.08609	0.04340	0.00943	0.05461	0.00908	0.00748	0.07213	0.02444	0.12985	0.01128	0.02975	0.00919	0.03196	0.07469	0.00181	0.02503	0.00398	0.00337	0.34577
5	0.00690	0.00496	0.00652	0.00641	0.00711	0.00512	0.00456	0.00826	0.00949	0.01326	0.25624	0.02909	0.04885	0.27181	0.29531	0.00471	0.00681	0.00702	0.00360	0.00397
6	0.05210	0.13287	0.03131	0.11659	0.17281	0.10960	0.13128	0.06601	0.01130	0.01496	0.00860	0.02195	0.00717	0.00513	0.00583	0.00150	0.09796	0.00417	0.00252	0.00635
7	0.09116	0.01265	0.13421	0.21079	0.25585	0.01156	0.05252	0.05154	0.02951	0.03717	0.00921	0.01178	0.00714	0.00494	0.00540	0.00156	0.05961	0.00416	0.00260	0.00665
8	0.00719	0.00531	0.00699	0.00788	0.00902	0.00511	0.00663	0.00908	0.01096	0.01401	0.03068	0.12561	0.19001	0.01332	0.00644	0.00208	0.00389	0.53698	0.00447	0.00433
9	0.01011	0.02519	0.04130	0.01486	0.01841	0.02947	0.46184	0.01319	0.01083	0.01467	0.03379	0.01909	0.10644	0.05206	0.05095	0.00209	0.02404	0.00610	0.05986	0.00570
10	0.00857	0.00534	0.00699	0.00635	0.00782	0.00486	0.00484	0.01077	0.01364	0.11141	0.67971	0.03424	0.06755	0.00953	0.00562	0.00153	0.00251	0.00836	0.00538	0.00499
11	0.00817	0.00435	0.00643	0.00643	0.00653	0.00445	0.00436	0.00663	0.00653	0.00880	0.00933	0.01616	0.00935	0.06326	0.11241	0.71244	0.00527	0.00448	0.00221	0.00241
12	0.01295	0.69908	0.10598	0.00904	0.01348	0.01810	0.00935	0.06090	0.01067	0.01297	0.00724	0.00826	0.00633	0.00429	0.00337	0.00111	0.00540	0.00280	0.00224	0.00644
13	0.20392	0.01039	0.01093	0.00891	0.01211	0.05819	0.00725	0.21235	0.01418	0.29578	0.01309	0.01320	0.00923	0.00908	0.09794	0.00220	0.00565	0.00418	0.00444	0.00697
14	0.01038	0.00832	0.04272	0.00776	0.01008	0.03715	0.05433	0.06508	0.10243	0.03497	0.12369	0.02019	0.05902	0.00643	0.00439	0.00133	0.00360	0.00541	0.34577	0.05695
15	0.13575	0.06377	0.01353	0.01007	0.01363	0.01417	0.00832	0.48986	0.15896	0.02625	0.01211	0.01203	0.00888	0.00566	0.00449	0.00147	0.00483	0.00421	0.00443	0.00759
16	0.10978	0.36870	0.06384	0.00845	0.01202	0.05704	0.00777	0.01484	0.05250	0.06351	0.01089	0.10436	0.01003	0.00573	0.00387	0.00127	0.00475	0.00431	0.00297	0.09337

[dist]
# distance from previous block
# <min> <max>
1	2

[block]
# block no. 5 follows, 52 sequences, length 6
# corresponding to MSA columns:
# 503-508
name=unknown_F
#
# <colnr> <probs for GDERKNQSTAVLIFYWHMCP>
#	G	D	E	R	K	N	Q	S	T	A	V	L	I	F	Y	W	H	M	C	P
0	0.00985	0.00783	0.02968	0.10605	0.04441	0.00815	0.00774	0.08928	0.09279	0.05212	0.04180	0.13924	0.03407	0.10097	0.11708	0.00288	0.02325	0.08363	0.00377	0.00542
1	0.00773	0.00600	0.00661	0.00626	0.00816	0.00549	0.00478	0.01072	0.11054	0.04967	0.08471	0.10768	0.46033	0.01077	0.00551	0.00161	0.00289	0.03764	0.00455	0.06836
2	0.04984	0.01085	0.08553	0.12098	0.05233	0.01071	0.04359	0.09910	0.19012	0.03173	0.05807	0.08865	0.03073	0.00719	0.00598	0.00167	0.07444	0.02844	0.00370	0.00635
3	0.00678	0.00476	0.00566	0.00576	0.00610	0.00477	0.00364	0.00726	0.00781	0.01036	0.01973	0.10184	0.10574	0.54274	0.14261	0.00459	0.00556	0.00771	0.00320	0.00337
4	0.05873	0.29470	0.09615	0.03829	0.01560	0.19771	0.07333	0.05036	0.01112	0.01372	0.00759	0.00936	0.00637	0.00501	0.00541	0.00137	0.10329	0.00340	0.00238	0.00610
5	0.01364	0.01082	0.05128	0.05051	0.12678	0.06045	0.06197	0.11829	0.01256	0.16789	0.05690	0.01625	0.02475	0.06827	0.02141	0.05867	0.04136	0.00494	0.00363	0.02963

[dist]
# distance from previous block
# <min> <max>
3	29

[block]
# block no. 6 follows, 52 sequences, length 23
# corresponding to MSA columns:
# 538-560
name=unknown_G
#
# <colnr> <probs for GDERKNQSTAVLIFYWHMCP>
#	G	D	E	R	K	N	Q	S	T	A	V	L	I	F	Y	W	H	M	C	P
0	0.01235	0.28199	0.20399	0.04423	0.09801	0.02618	0.04542	0.11102	0.02581	0.01598	0.00869	0.01012	0.00691	0.00451	0.00413	0.00128	0.00579	0.00352	0.00260	0.08746
1	0.01260	0.23453	0.11710	0.00984	0.02845	0.07380	0.00890	0.04264	0.15868	0.07925	0.07810	0.01452	0.01227	0.02414	0.03732	0.00167	0.00536	0.00432	0.00342	0.05309
2	0.00649	0.00484	0.00612	0.00661	0.00760	0.00447	0.00502	0.00806	0.01115	0.01466	0.21432	0.29152	0.21645	0.01286	0.00607	0.00184	0.00295	0.17006	0.00469	0.00423
3	0.30342	0.00874	0.00979	0.00785	0.01126	0.00865	0.00646	0.05477	0.01227	0.47947	0.01452	0.01344	0.00958	0.00548	0.00419	0.00149	0.00399	0.00408	0.03344	0.00712
4	0.00871	0.00556	0.00744	0.02512	0.00855	0.00614	0.00548	0.01061	0.05349	0.05002	0.01348	0.01860	0.01192	0.07888	0.35775	0.12229	0.03055	0.00501	0.17601	0.00439
5	0.00650	0.00511	0.00599	0.00625	0.00765	0.00459	0.00500	0.00819	0.01151	0.01452	0.16352	0.04723	0.45642	0.01221	0.00600	0.00179	0.00300	0.22562	0.00462	0.00427
6	0.00883	0.00655	0.00725	0.00670	0.00826	0.04485	0.00509	0.01214	0.09505	0.06026	0.50002	0.03136	0.10629	0.00897	0.00533	0.00150	0.00288	0.00772	0.07586	0.00510
7	0.00982	0.02434	0.75788	0.01421	0.02124	0.01131	0.06388	0.01536	0.01030	0.01536	0.00876	0.01040	0.00621	0.00457	0.00467	0.00154	0.00722	0.00371	0.00207	0.00712
8	0.01757	0.02224	0.01339	0.01218	0.01462	0.77223	0.00914	0.01887	0.01373	0.01222	0.04474	0.01003	0.00811	0.00523	0.00443	0.00126	0.00843	0.00339	0.00263	0.00557
9	0.01227	0.33253	0.01733	0.01168	0.12366	0.08601	0.00858	0.03165	0.03384	0.05482	0.05191	0.10508	0.04925	0.00663	0.00502	0.00139	0.05404	0.00516	0.00306	0.00607
10	0.01011	0.01046	0.00965	0.00887	0.01047	0.23450	0.05267	0.01188	0.01260	0.01541	0.34432	0.18488	0.05631	0.00929	0.00543	0.00154	0.00459	0.00802	0.00416	0.00484
11	0.00629	0.00492	0.00574	0.00622	0.00722	0.00456	0.00440	0.00819	0.06126	0.01351	0.07332	0.43914	0.32107	0.01325	0.00591	0.00180	0.00272	0.01164	0.00457	0.00427
12	0.00898	0.00824	0.01283	0.01078	0.01281	0.02516	0.19096	0.01252	0.09936	0.01567	0.16154	0.17117	0.07725	0.00913	0.00648	0.00173	0.06973	0.06194	0.03843	0.00531
13	0.04886	0.07748	0.05327	0.04012	0.04361	0.10437	0.02527	0.20584	0.01404	0.18729	0.01163	0.02807	0.00878	0.00715	0.04023	0.00177	0.08724	0.00431	0.00378	0.00691
14	0.15644	0.01001	0.01156	0.00901	0.01268	0.01008	0.00744	0.24807	0.01562	0.44727	0.01490	0.01366	0.00979	0.00570	0.00456	0.00149	0.00442	0.00436	0.00517	0.00776
15	0.00623	0.00454	0.00617	0.00683	0.00740	0.00422	0.02153	0.00738	0.00998	0.01352	0.12314	0.65556	0.06267	0.01389	0.00602	0.00187	0.00283	0.01256	0.02957	0.00410
16	0.01050	0.00873	0.00876	0.00860	0.01008	0.11760	0.00642	0.07617	0.10388	0.06233	0.02027	0.38758	0.02130	0.01317	0.07555	0.00228	0.00502	0.05225	0.00422	0.00529
17	0.01327	0.01247	0.09883	0.13598	0.26255	0.04563	0.03784	0.13061	0.02458	0.11030	0.01235	0.04667	0.02297	0.00564	0.00492	0.00152	0.00574	0.01778	0.00332	0.00704
18	0.01005	0.01026	0.06449	0.28188	0.09270	0.01003	0.18577	0.03832	0.04669	0.01531	0.03382	0.08017	0.01098	0.00578	0.00501	0.00157	0.00583	0.00555	0.08985	0.00593
19	0.00680	0.00479	0.00577	0.00611	0.00716	0.00427	0.00437	0.00800	0.01061	0.05320	0.11700	0.38431	0.31005	0.03237	0.00635	0.00185	0.00277	0.02534	0.00463	0.00426
20	0.02747	0.14453	0.20151	0.03294	0.16429	0.04263	0.16005	0.02821	0.01110	0.08719	0.01015	0.03761	0.00808	0.00495	0.00484	0.00147	0.01900	0.00442	0.00272	0.00684
21	0.06687	0.05517	0.25035	0.06127	0.05913	0.08404	0.07303	0.07416	0.03793	0.12617	0.01156	0.05894	0.00906	0.00553	0.00468	0.00151	0.00603	0.00458	0.00321	0.00679
22	0.00987	0.00936	0.10264	0.05300	0.04897	0.00803	0.00815	0.08917	0.11771	0.05809	0.09525	0.28045	0.04628	0.01013	0.02343	0.00184	0.00431	0.02330	0.00420	0.00581

[dist]
# distance from previous block
# <min> <max>
7	13

[block]
# block no. 7 follows, 52 sequences, length 10
# corresponding to MSA columns:
# 576-585
name=unknown_H
#
# <colnr> <probs for GDERKNQSTAVLIFYWHMCP>
#	G	D	E	R	K	N	Q	S	T	A	V	L	I	F	Y	W	H	M	C	P
0	0.03278	0.01116	0.01272	0.01063	0.03480	0.05494	0.04764	0.29957	0.13364	0.16241	0.05802	0.04040	0.01275	0.00627	0.00484	0.00149	0.00476	0.00513	0.05875	0.00728
1	0.01168	0.01040	0.01543	0.36631	0.26548	0.04187	0.01253	0.05495	0.08394	0.05236	0.01086	0.01416	0.00852	0.00518	0.00487	0.00155	0.00586	0.02458	0.00288	0.00657
2	0.00905	0.00562	0.00711	0.00675	0.00819	0.00521	0.00503	0.04995	0.01262	0.12247	0.34400	0.26065	0.12249	0.01096	0.00569	0.00166	0.00286	0.00963	0.00506	0.00502
3	0.01202	0.03309	0.13684	0.05480	0.09160	0.07639	0.04464	0.09809	0.08954	0.07787	0.14178	0.03303	0.07611	0.00665	0.00500	0.00151	0.00513	0.00563	0.00380	0.00647
4	0.08759	0.13089	0.07304	0.03423	0.13951	0.08357	0.00998	0.23664	0.05428	0.05324	0.01037	0.01131	0.00791	0.00508	0.00431	0.00139	0.00545	0.00387	0.04032	0.00703
5	0.00660	0.00502	0.00605	0.00623	0.00751	0.00479	0.00486	0.00821	0.01042	0.01364	0.08584	0.06509	0.38585	0.01714	0.18041	0.00303	0.00501	0.11740	0.06266	0.00425
6	0.01233	0.14918	0.08233	0.07770	0.07072	0.02978	0.03080	0.09736	0.24659	0.03993	0.02908	0.01486	0.02611	0.02786	0.01857	0.00168	0.03015	0.00464	0.00353	0.00681
7	0.00780	0.00630	0.00725	0.04995	0.00902	0.06264	0.00543	0.00846	0.00908	0.01164	0.04838	0.30008	0.07522	0.14233	0.05233	0.12052	0.03529	0.04093	0.00350	0.00385
8	0.17566	0.05933	0.01139	0.00815	0.01177	0.03360	0.04963	0.01328	0.03924	0.01640	0.01036	0.04561	0.02868	0.00481	0.00408	0.00110	0.02243	0.00376	0.00298	0.45772
9	0.04586	0.05955	0.08234	0.09378	0.10240	0.07212	0.07887	0.05521	0.05825	0.04381	0.02684	0.04536	0.04534	0.01742	0.00508	0.00147	0.01630	0.01981	0.02541	0.10479

[dist]
# distance from previous block
# <min> <max>
2	27

[block]
# block no. 8 follows, 52 sequences, length 10
# corresponding to MSA columns:
# 619-628
name=unknown_I
#
# <colnr> <probs for GDERKNQSTAVLIFYWHMCP>
#	G	D	E	R	K	N	Q	S	T	A	V	L	I	F	Y	W	H	M	C	P
0	0.07959	0.05730	0.08865	0.05543	0.01523	0.13850	0.05617	0.08853	0.05602	0.06813	0.01002	0.01117	0.00767	0.00482	0.00451	0.00128	0.02490	0.00370	0.02705	0.20134
1	0.02999	0.02163	0.00842	0.02717	0.04612	0.02947	0.00572	0.02336	0.00856	0.06205	0.03597	0.11479	0.01330	0.06892	0.01353	0.41897	0.03069	0.02063	0.00296	0.01775
2	0.01163	0.00783	0.00941	0.00754	0.01055	0.00694	0.00599	0.09292	0.03663	0.14147	0.21665	0.04290	0.05542	0.00683	0.00474	0.00126	0.00347	0.02112	0.00441	0.31231
3	0.04833	0.01084	0.08072	0.01228	0.09042	0.01004	0.10251	0.16993	0.07346	0.01927	0.14340	0.05913	0.11294	0.00736	0.00559	0.00158	0.03565	0.00635	0.00392	0.00629
4	0.00625	0.00470	0.00579	0.00600	0.00699	0.00424	0.00432	0.00779	0.01156	0.01546	0.34936	0.29978	0.23554	0.01226	0.00587	0.00170	0.00250	0.01080	0.00484	0.00424
5	0.01524	0.04776	0.11536	0.07091	0.11329	0.04633	0.12512	0.07754	0.10414	0.04968	0.01351	0.01658	0.01104	0.00801	0.02225	0.00225	0.12019	0.00542	0.00400	0.03137
6	0.00641	0.00480	0.00602	0.00679	0.00748	0.00459	0.00476	0.00827	0.06006	0.01342	0.06652	0.60009	0.12882	0.01392	0.00605	0.00190	0.00289	0.04842	0.00457	0.00425
7	0.08497	0.09304	0.13865	0.01114	0.01540	0.08633	0.07574	0.19318	0.03645	0.16354	0.01123	0.01160	0.00804	0.00509	0.00447	0.00141	0.00569	0.00399	0.00369	0.04636
8	0.12406	0.35294	0.01707	0.00914	0.01257	0.20456	0.00787	0.06397	0.06161	0.01508	0.00843	0.00935	0.00701	0.00466	0.00366	0.00119	0.00558	0.00309	0.02634	0.06181
9	0.61576	0.04989	0.04486	0.00827	0.01141	0.05099	0.04433	0.01481	0.00900	0.04960	0.00747	0.00877	0.00582	0.00480	0.00418	0.00151	0.05699	0.00303	0.00292	0.00558

[dist]
# distance from previous block
# <min> <max>
0	10

[block]
# block no. 9 follows, 52 sequences, length 24
# corresponding to MSA columns:
# 643-666
name=unknown_J
#
# <colnr> <probs for GDERKNQSTAVLIFYWHMCP>
#	G	D	E	R	K	N	Q	S	T	A	V	L	I	F	Y	W	H	M	C	P
0	0.01133	0.01007	0.03808	0.11194	0.04067	0.04338	0.04631	0.14037	0.19534	0.01903	0.15491	0.03772	0.03718	0.00711	0.00545	0.02862	0.00458	0.00576	0.05596	0.00622
1	0.00626	0.00466	0.00591	0.00647	0.00722	0.00443	0.00463	0.00743	0.00979	0.01284	0.08298	0.39513	0.20087	0.07011	0.10354	0.00276	0.00415	0.06255	0.00422	0.00403
2	0.01192	0.01064	0.05174	0.10928	0.16149	0.01077	0.11596	0.08467	0.07803	0.08377	0.04192	0.01498	0.01048	0.02119	0.10161	0.00237	0.07446	0.00493	0.00323	0.00655
3	0.04138	0.00923	0.01031	0.00886	0.01171	0.00993	0.00705	0.07796	0.40172	0.21685	0.01824	0.01777	0.01334	0.00636	0.00470	0.00154	0.00384	0.02343	0.10844	0.00732
4	0.01155	0.07136	0.06141	0.26768	0.34161	0.03457	0.07120	0.05606	0.01124	0.01509	0.00891	0.01185	0.00708	0.00457	0.00474	0.00148	0.00625	0.00422	0.00242	0.00672
5	0.00590	0.00425	0.00559	0.00666	0.00701	0.00394	0.00446	0.00676	0.00936	0.01240	0.02777	0.78968	0.06821	0.01504	0.00616	0.00195	0.00279	0.01361	0.00450	0.00394
6	0.00606	0.00439	0.00573	0.00652	0.00704	0.00406	0.00446	0.00718	0.01016	0.01365	0.16223	0.64019	0.08224	0.01408	0.00607	0.00187	0.00270	0.01268	0.00464	0.00406
7	0.00618	0.00488	0.00556	0.00549	0.00685	0.00427	0.00408	0.00779	0.01196	0.01549	0.33654	0.09644	0.45413	0.01156	0.00575	0.00162	0.00241	0.00991	0.00482	0.00427
8	0.80729	0.00930	0.00740	0.00652	0.00957	0.01062	0.00537	0.01488	0.00863	0.07426	0.00758	0.00845	0.00570	0.00460	0.00312	0.00150	0.00377	0.00278	0.00320	0.00545
9	0.02072	0.00813	0.01092	0.00845	0.01202	0.00713	0.00695	0.04025	0.01393	0.73084	0.04377	0.01707	0.01301	0.00611	0.00484	0.00149	0.00402	0.00497	0.03739	0.00799
10	0.01296	0.83261	0.02539	0.00829	0.01244	0.01917	0.00829	0.01451	0.00985	0.01140	0.00674	0.00777	0.00622	0.00415	0.00311	0.00104	0.00518	0.00259	0.00207	0.00622
11	0.86392	0.00937	0.00712	0.00637	0.00937	0.01087	0.00525	0.01425	0.00825	0.02174	0.00675	0.00787	0.00525	0.00450	0.00300	0.00150	0.00375	0.00262	0.00300	0.00525
12	0.06006	0.06385	0.01165	0.02301	0.01171	0.00916	0.02434	0.10780	0.01262	0.23914	0.11630	0.01818	0.03831	0.06078	0.03336	0.00186	0.06477	0.00512	0.00423	0.09375
13	0.01648	0.01929	0.01542	0.05555	0.13616	0.55070	0.04985	0.05432	0.01343	0.03259	0.00839	0.00999	0.00676	0.00490	0.00456	0.00133	0.00787	0.00360	0.00266	0.00615
14	0.01842	0.01357	0.01454	0.01115	0.01503	0.01503	0.00921	0.78330	0.02278	0.03054	0.01163	0.01163	0.00824	0.00582	0.00485	0.00145	0.00533	0.00436	0.00485	0.00824
15	0.09346	0.00901	0.03916	0.08986	0.04254	0.03261	0.00745	0.08411	0.03003	0.02929	0.07462	0.08216	0.04259	0.08876	0.00688	0.00178	0.01673	0.06182	0.00352	0.16363
16	0.00700	0.00498	0.00635	0.00605	0.00726	0.00453	0.00452	0.00907	0.01315	0.03566	0.64623	0.08306	0.13317	0.01041	0.00573	0.00156	0.00238	0.00914	0.00520	0.00456
17	0.00977	0.00895	0.01454	0.76379	0.03214	0.01105	0.01317	0.06422	0.01057	0.01360	0.00882	0.01283	0.00658	0.00491	0.00485	0.00160	0.00638	0.00431	0.00233	0.00558
18	0.01176	0.01276	0.11842	0.16179	0.31423	0.01160	0.11554	0.04684	0.04873	0.05151	0.00998	0.01248	0.00771	0.00489	0.00552	0.00156	0.05051	0.00449	0.00269	0.00698
19	0.01148	0.00770	0.05527	0.00895	0.05147	0.00668	0.02038	0.02500	0.06267	0.20533	0.01925	0.19011	0.04105	0.16254	0.03450	0.00240	0.00440	0.02368	0.06155	0.00561
20	0.03658	0.00766	0.00974	0.00830	0.01106	0.00721	0.00675	0.07671	0.04343	0.43102	0.03290	0.10192	0.04516	0.00815	0.00518	0.00164	0.00394	0.11026	0.04556	0.00683
21	0.39495	0.10723	0.05697	0.02785	0.08463	0.18985	0.00852	0.01537	0.01001	0.01680	0.00726	0.00880	0.00593	0.00475	0.00422	0.00142	0.04401	0.00305	0.00261	0.00578
22	0.00662	0.00520	0.00579	0.00582	0.00708	0.00481	0.00428	0.00854	0.05362	0.01382	0.13966	0.07976	0.42730	0.14391	0.00884	0.00218	0.00305	0.07115	0.00438	0.00419
23	0.05237	0.08341	0.09225	0.03568	0.16035	0.13922	0.19058	0.01568	0.02422	0.03960	0.00967	0.01163	0.01979	0.00468	0.00493	0.00140	0.02945	0.00417	0.00261	0.07831

[dist]
# distance from previous block
# <min> <max>
0	1

[block]
# block no. 10 follows, 52 sequences, length 19
# corresponding to MSA columns:
# 668-686
name=unknown_K
#
# <colnr> <probs for GDERKNQSTAVLIFYWHMCP>
#	G	D	E	R	K	N	Q	S	T	A	V	L	I	F	Y	W	H	M	C	P
0	0.01304	0.01101	0.02280	0.01040	0.03440	0.08497	0.00812	0.18890	0.22110	0.05692	0.04506	0.01768	0.01299	0.02349	0.14170	0.00265	0.03832	0.03931	0.00405	0.02308
1	0.00859	0.02452	0.02073	0.09104	0.03529	0.00755	0.00664	0.02412	0.17284	0.01579	0.16027	0.10603	0.15830	0.05969	0.03179	0.00195	0.00397	0.00739	0.00409	0.05941
2	0.43279	0.01223	0.03416	0.01095	0.07653	0.09006	0.04941	0.13237	0.04666	0.03785	0.00882	0.00993	0.00674	0.00495	0.00424	0.00150	0.02782	0.00349	0.00325	0.00624
3	0.00837	0.00501	0.00724	0.03181	0.00792	0.00541	0.00512	0.00764	0.02880	0.00964	0.01063	0.06344	0.01084	0.05311	0.06282	0.60143	0.05361	0.02186	0.00244	0.00288
4	0.04199	0.26290	0.01785	0.02552	0.07029	0.30043	0.04912	0.04958	0.01214	0.06645	0.00863	0.00989	0.00702	0.00547	0.02439	0.00141	0.00671	0.00340	0.00272	0.03409
5	0.00692	0.00519	0.00779	0.00779	0.00865	0.00606	0.00606	0.00865	0.00779	0.01125	0.01298	0.01904	0.01211	0.03634	0.81049	0.00779	0.01298	0.00519	0.00260	0.00433
6	0.05834	0.27338	0.05919	0.01124	0.05787	0.22181	0.02526	0.08996	0.01214	0.01503	0.00795	0.00922	0.00660	0.00458	0.00411	0.00119	0.01971	0.00318	0.00263	0.11662
7	0.03009	0.01169	0.02327	0.17720	0.02501	0.01174	0.51728	0.01571	0.05397	0.05076	0.01039	0.01330	0.00773	0.00457	0.00563	0.00163	0.02566	0.00529	0.00269	0.00639
8	0.01245	0.01075	0.01197	0.01070	0.02388	0.09952	0.00848	0.18141	0.01247	0.03435	0.04321	0.05821	0.01282	0.02817	0.00987	0.05746	0.25740	0.09399	0.02727	0.00561
9	0.44237	0.00881	0.00919	0.00750	0.01087	0.00899	0.00619	0.01894	0.01106	0.41271	0.01294	0.01219	0.00863	0.00525	0.00394	0.00150	0.00394	0.00375	0.00450	0.00675
10	0.00653	0.00485	0.00609	0.00605	0.00715	0.00441	0.00448	0.00840	0.01248	0.01705	0.52042	0.15886	0.18332	0.01124	0.00581	0.00163	0.00245	0.02936	0.00503	0.00438
11	0.00664	0.00492	0.00619	0.00592	0.00712	0.00447	0.00443	0.00871	0.01314	0.01817	0.65034	0.06337	0.16767	0.01046	0.00573	0.00156	0.00233	0.00916	0.00517	0.00447
12	0.07654	0.00797	0.01003	0.00792	0.01120	0.00733	0.00649	0.05767	0.01332	0.58487	0.01738	0.01593	0.01143	0.00583	0.00450	0.00144	0.00385	0.00464	0.14421	0.00744
13	0.01159	0.00998	0.01053	0.00951	0.01215	0.01144	0.00739	0.02434	0.72936	0.01992	0.04741	0.01998	0.05097	0.00694	0.00499	0.00164	0.00372	0.00580	0.00493	0.00740
14	0.00615	0.00441	0.00584	0.00658	0.00708	0.00410	0.00452	0.00737	0.01043	0.01420	0.22671	0.62130	0.03560	0.01381	0.00606	0.00185	0.00268	0.01247	0.00472	0.00410
15	0.01154	0.03210	0.24870	0.10903	0.11275	0.09556	0.07602	0.05582	0.01082	0.01466	0.00854	0.01121	0.00682	0.00637	0.03270	0.00180	0.15271	0.00407	0.00236	0.00642
16	0.00693	0.00564	0.00741	0.00765	0.00812	0.00618	0.00563	0.00795	0.00936	0.01264	0.06033	0.47615	0.13484	0.03599	0.00852	0.00202	0.16179	0.03458	0.00403	0.00424
17	0.06747	0.05450	0.17973	0.01153	0.03516	0.01139	0.06516	0.19173	0.04414	0.19474	0.03972	0.01315	0.00977	0.00546	0.00497	0.00148	0.02817	0.00436	0.00392	0.03346
18	0.08119	0.08639	0.33112	0.01125	0.01575	0.06109	0.04643	0.01556	0.07939	0.04193	0.06405	0.01428	0.01075	0.00685	0.03945	0.00176	0.02901	0.02752	0.00291	0.03331

[dist]
# distance from previous block
# <min> <max>
0	8

[block]
# block no. 11 follows, 52 sequences, length 12
# corresponding to MSA columns:
# 700-711
name=unknown_L
#
# <colnr> <probs for GDERKNQSTAVLIFYWHMCP>
#	G	D	E	R	K	N	Q	S	T	A	V	L	I	F	Y	W	H	M	C	P
0	0.05768	0.16864	0.25196	0.01139	0.08914	0.01079	0.01048	0.01290	0.00995	0.01454	0.06861	0.04749	0.01205	0.08111	0.02087	0.00181	0.02560	0.02183	0.01739	0.06576
1	0.03862	0.01894	0.03150	0.08296	0.01586	0.56514	0.00932	0.01788	0.06126	0.01293	0.00909	0.02944	0.00765	0.00652	0.03738	0.00158	0.00789	0.00370	0.00269	0.03966
2	0.01213	0.04657	0.08611	0.11166	0.11876	0.08702	0.02265	0.06661	0.12448	0.07361	0.09983	0.01727	0.04306	0.02930	0.01975	0.00171	0.02443	0.00510	0.00354	0.00643
3	0.00887	0.00687	0.00775	0.00718	0.00894	0.00723	0.00549	0.01519	0.29400	0.01903	0.36545	0.02859	0.09672	0.00845	0.00518	0.00153	0.00286	0.00724	0.09778	0.00564
4	0.08303	0.00833	0.01095	0.00846	0.01215	0.00740	0.00699	0.02293	0.01346	0.74598	0.01822	0.01587	0.01150	0.00589	0.00474	0.00150	0.00410	0.00471	0.00578	0.00803
5	0.00796	0.00448	0.00656	0.00656	0.00676	0.00468	0.00452	0.00691	0.00672	0.00915	0.01006	0.01719	0.01006	0.09173	0.20106	0.58968	0.00626	0.00468	0.00229	0.00269
6	0.01144	0.01307	0.02859	0.02042	0.02533	0.01225	0.78186	0.01552	0.01144	0.01552	0.00980	0.01307	0.00735	0.00408	0.00572	0.00163	0.00817	0.00572	0.00245	0.00654
7	0.00929	0.00876	0.01479	0.77898	0.07134	0.01080	0.01353	0.01251	0.00976	0.01255	0.00864	0.01287	0.00652	0.00482	0.00484	0.00161	0.00643	0.00431	0.00217	0.00550
8	0.00712	0.00467	0.00534	0.00534	0.00534	0.00467	0.00300	0.00701	0.00701	0.00935	0.01492	0.03084	0.01714	0.78775	0.02437	0.04878	0.00467	0.00690	0.00289	0.00289
9	0.00639	0.00471	0.00604	0.00699	0.00747	0.00458	0.00475	0.00825	0.07096	0.01299	0.02616	0.76272	0.03069	0.01450	0.00609	0.00194	0.00289	0.01312	0.00453	0.00423
10	0.01080	0.00921	0.01069	0.00845	0.03548	0.00786	0.00647	0.05043	0.12910	0.01716	0.01046	0.01140	0.00840	0.00417	0.00389	0.00091	0.00377	0.00338	0.00326	0.66472
11	0.01392	0.03666	0.01195	0.00993	0.01281	0.05959	0.00784	0.18885	0.44485	0.06744	0.01734	0.07951	0.01378	0.00689	0.00492	0.00158	0.00443	0.00562	0.00471	0.00737

[dist]
# distance from previous block
# <min> <max>
0	2

[block]
# block no. 12 follows, 52 sequences, length 52
# corresponding to MSA columns:
# 714-723,726-745,747-768
name=unknown_M
#
# <colnr> <probs for GDERKNQSTAVLIFYWHMCP>
#	G	D	E	R	K	N	Q	S	T	A	V	L	I	F	Y	W	H	M	C	P
0	0.86392	0.00937	0.00712	0.00637	0.00937	0.01087	0.00525	0.01425	0.00825	0.02174	0.00675	0.00787	0.00525	0.00450	0.00300	0.00150	0.00375	0.00262	0.00300	0.00525
1	0.01005	0.00861	0.01005	0.00718	0.01148	0.00646	0.00574	0.01220	0.01005	0.01579	0.00861	0.01005	0.00718	0.00359	0.00359	0.00072	0.00359	0.00287	0.00287	0.85932
2	0.00624	0.00492	0.00534	0.00534	0.00681	0.00421	0.00396	0.00761	0.01135	0.02998	0.16066	0.11628	0.59624	0.01205	0.00575	0.00165	0.00250	0.01022	0.00466	0.00423
3	0.02174	0.00825	0.01125	0.00862	0.01237	0.00712	0.00712	0.02362	0.01387	0.80282	0.01912	0.01649	0.01200	0.00600	0.00487	0.00150	0.00412	0.00487	0.00600	0.00825
4	0.00651	0.00472	0.00614	0.00701	0.00762	0.00452	0.00506	0.02040	0.00983	0.01294	0.02720	0.55446	0.09297	0.05125	0.03117	0.00227	0.00350	0.14396	0.00437	0.00408
5	0.00590	0.00422	0.00562	0.00675	0.00703	0.00394	0.00450	0.00675	0.00928	0.01237	0.02671	0.82653	0.03205	0.01518	0.00619	0.00197	0.00281	0.01378	0.00450	0.00394
6	0.01005	0.00861	0.01005	0.00718	0.01148	0.00646	0.00574	0.01220	0.01005	0.01579	0.00861	0.01005	0.00718	0.00359	0.00359	0.00072	0.00359	0.00287	0.00287	0.85932
7	0.00604	0.00441	0.00572	0.00667	0.00719	0.00408	0.00464	0.00707	0.00973	0.01280	0.05078	0.66384	0.11772	0.01458	0.00616	0.00194	0.00287	0.06523	0.00452	0.00401
8	0.17173	0.03134	0.01182	0.00924	0.01276	0.07050	0.00747	0.27723	0.14265	0.02224	0.01099	0.01136	0.00834	0.00512	0.00417	0.00131	0.00467	0.00377	0.00386	0.18943
9	0.17213	0.36804	0.09731	0.00951	0.01338	0.19040	0.00892	0.04801	0.01099	0.01472	0.00735	0.00846	0.00614	0.00450	0.00360	0.00123	0.00587	0.00289	0.00247	0.02406
10	0.01382	0.13592	0.04939	0.04366	0.13303	0.23937	0.02835	0.05570	0.19585	0.01551	0.01103	0.01207	0.00878	0.00611	0.02962	0.00159	0.00641	0.00403	0.00308	0.00667
11	0.00950	0.00848	0.03081	0.06588	0.06725	0.07480	0.02053	0.04578	0.02382	0.03239	0.04915	0.17809	0.01717	0.20334	0.10015	0.00305	0.03509	0.01645	0.01341	0.00484
12	0.01855	0.01221	0.01349	0.01039	0.01411	0.01315	0.00857	0.61379	0.02062	0.16458	0.01314	0.01279	0.00910	0.00584	0.00478	0.00145	0.00497	0.00446	0.04594	0.00806
13	0.04199	0.01421	0.01328	0.01090	0.01424	0.14440	0.00873	0.44318	0.21554	0.02462	0.01286	0.01268	0.00949	0.00584	0.00474	0.00147	0.00546	0.00439	0.00443	0.00758
14	0.00605	0.00448	0.00563	0.00646	0.00709	0.00412	0.00451	0.00708	0.00980	0.01273	0.04754	0.57353	0.18798	0.03879	0.00667	0.00199	0.00290	0.06420	0.00447	0.00399
15	0.00701	0.00512	0.00661	0.00621	0.00740	0.00480	0.00466	0.00964	0.03691	0.01946	0.77371	0.03566	0.04480	0.00981	0.00569	0.00153	0.00233	0.00867	0.00532	0.00466
16	0.00842	0.00421	0.00631	0.00631	0.00631	0.00421	0.00421	0.00631	0.00631	0.00842	0.00842	0.01473	0.00842	0.01684	0.01894	0.85901	0.00421	0.00421	0.00210	0.00210
17	0.01690	0.01282	0.01369	0.01084	0.01445	0.01432	0.00884	0.60256	0.20601	0.02809	0.01356	0.01317	0.00980	0.00600	0.00487	0.00150	0.00498	0.00463	0.00487	0.00811
18	0.01103	0.00910	0.00999	0.00925	0.01160	0.01017	0.00734	0.07508	0.50454	0.01940	0.06031	0.04551	0.06511	0.00835	0.00533	0.00173	0.00386	0.13075	0.00483	0.00673
19	0.02881	0.06241	0.01248	0.00982	0.01276	0.07008	0.00785	0.24637	0.33438	0.02125	0.03275	0.03811	0.01230	0.00743	0.02923	0.02201	0.00491	0.00495	0.01464	0.02744
20	0.01086	0.00985	0.03020	0.04094	0.06950	0.05368	0.00775	0.01293	0.01040	0.05490	0.06081	0.03355	0.02921	0.00547	0.00575	0.00118	0.11269	0.00417	0.00307	0.44309
21	0.02914	0.09573	0.38361	0.01506	0.14309	0.01164	0.06031	0.04777	0.02985	0.08262	0.01083	0.01204	0.02610	0.00485	0.00457	0.00146	0.00613	0.00404	0.00275	0.02842
22	0.01106	0.02821	0.20025	0.04218	0.04649	0.14052	0.06943	0.01394	0.02868	0.01341	0.01154	0.08068	0.03533	0.00754	0.02124	0.00180	0.21517	0.02406	0.00261	0.00586
23	0.04103	0.00872	0.01117	0.00865	0.01225	0.00804	0.00712	0.11621	0.01462	0.64475	0.01771	0.01578	0.01139	0.00592	0.00474	0.00147	0.00416	0.00474	0.05355	0.00796
24	0.01463	0.07881	0.08078	0.03271	0.21269	0.03035	0.07445	0.13537	0.02895	0.18756	0.02880	0.04097	0.02079	0.00556	0.00482	0.00147	0.00544	0.00484	0.00371	0.00730
25	0.01084	0.07726	0.20317	0.12789	0.08724	0.04616	0.03953	0.04610	0.01095	0.05936	0.02636	0.10050	0.02251	0.00830	0.05157	0.00192	0.02124	0.03648	0.01650	0.00612
26	0.00647	0.00483	0.00659	0.07328	0.00930	0.00490	0.00536	0.00760	0.00934	0.01264	0.02468	0.67030	0.05085	0.01356	0.00625	0.00189	0.03062	0.01213	0.04525	0.00413
27	0.00913	0.00816	0.01275	0.03965	0.33680	0.02406	0.03286	0.01121	0.01071	0.01470	0.09379	0.30545	0.02109	0.00923	0.00550	0.00169	0.00445	0.04950	0.00354	0.00573
28	0.01455	0.06129	0.08729	0.02832	0.18258	0.06749	0.07212	0.23242	0.07648	0.08176	0.02611	0.02712	0.00951	0.00540	0.00480	0.00147	0.00574	0.00458	0.00362	0.00736
29	0.00662	0.00483	0.00636	0.00725	0.00805	0.00458	0.00557	0.00809	0.01044	0.01367	0.07861	0.40847	0.12445	0.01386	0.00628	0.00199	0.00332	0.27884	0.00454	0.00418
