[name]
unknown

[dist]
# distance from previous block
# <min> <max>
0	170

[block]
# block no. 0 follows, 60 sequences, length 47
# corresponding to MSA columns:
# 215-261
name=unknown_A
#
# <colnr> <probs for GDERKNQSTAVLIFYWHMCP>
#	G	D	E	R	K	N	Q	S	T	A	V	L	I	F	Y	W	H	M	C	P
0	0.01166	0.84935	0.02285	0.00746	0.01119	0.01726	0.00746	0.01306	0.00886	0.01026	0.00606	0.00700	0.00560	0.00373	0.00280	0.00093	0.00466	0.00233	0.00187	0.00560
1	0.00897	0.00767	0.00899	0.00647	0.01027	0.00580	0.00518	0.01090	0.00899	0.01411	0.00785	0.00925	0.00657	0.00397	0.02392	0.00081	0.00344	0.00264	0.00258	0.85161
2	0.00824	0.00775	0.01308	0.83624	0.03004	0.00969	0.01211	0.01114	0.00872	0.01114	0.00775	0.01163	0.00581	0.00436	0.00436	0.00145	0.00581	0.00388	0.00194	0.00484
3	0.00617	0.00446	0.00583	0.00549	0.00652	0.00412	0.00412	0.00823	0.01235	0.01749	0.81722	0.03258	0.04115	0.00892	0.00514	0.00137	0.00206	0.00789	0.00480	0.00412
4	0.00566	0.00414	0.00540	0.00614	0.00653	0.00400	0.00420	0.00682	0.02873	0.01179	0.09250	0.68258	0.04078	0.04422	0.00628	0.00182	0.01716	0.02352	0.00403	0.00367
5	0.01166	0.84935	0.02285	0.00746	0.01119	0.01726	0.00746	0.01306	0.00886	0.01026	0.00606	0.00700	0.00560	0.00373	0.00280	0.00093	0.00466	0.00233	0.00187	0.00560
6	0.01711	0.00829	0.01153	0.03478	0.13611	0.00781	0.00778	0.08282	0.04202	0.56773	0.02833	0.01412	0.01038	0.00520	0.00439	0.00135	0.00405	0.00434	0.00467	0.00719
7	0.00699	0.00501	0.00698	0.00796	0.00897	0.00499	0.00695	0.00898	0.01004	0.01303	0.02352	0.04905	0.04121	0.01203	0.00601	0.00200	0.00398	0.77429	0.00402	0.00401
8	0.00612	0.00474	0.00576	0.00665	0.00720	0.03494	0.00487	0.00719	0.00896	0.01159	0.02405	0.59405	0.06152	0.01283	0.00559	0.00179	0.00306	0.19140	0.00397	0.00371
9	0.00949	0.00832	0.03611	0.00745	0.04041	0.00615	0.00588	0.01155	0.00921	0.04460	0.00813	0.00933	0.00661	0.00337	0.00334	0.00072	0.00343	0.00272	0.00265	0.78054
10	0.00661	0.00482	0.00662	0.00655	0.00722	0.00539	0.00483	0.03736	0.00741	0.01042	0.01262	0.05232	0.01267	0.22542	0.57293	0.00592	0.00928	0.00535	0.00255	0.00371
11	0.00718	0.00573	0.00811	0.00776	0.00875	0.02004	0.06871	0.03234	0.02910	0.01177	0.01667	0.23082	0.01788	0.14250	0.20694	0.00338	0.02439	0.13455	0.01935	0.00402
12	0.00794	0.00652	0.00726	0.00691	0.00852	0.00694	0.00521	0.01418	0.36625	0.01582	0.20135	0.16344	0.15462	0.00873	0.00490	0.00150	0.00278	0.00755	0.00439	0.00519
13	0.22710	0.02311	0.06585	0.00922	0.01205	0.16424	0.00785	0.23240	0.04725	0.05952	0.02293	0.00980	0.00712	0.00505	0.00485	0.00135	0.08785	0.00339	0.00318	0.00588
14	0.00749	0.02670	0.06564	0.07727	0.01204	0.02321	0.10149	0.02134	0.00881	0.01203	0.06202	0.16142	0.04727	0.04415	0.24130	0.00319	0.03151	0.03053	0.01815	0.00443
15	0.00636	0.00478	0.00692	0.00686	0.00750	0.00556	0.00521	0.00768	0.00691	0.00991	0.01176	0.01842	0.01140	0.14242	0.69180	0.00646	0.03907	0.00487	0.00236	0.00375
16	0.87753	0.00843	0.00641	0.00574	0.00843	0.00978	0.00472	0.01282	0.00742	0.01957	0.00607	0.00709	0.00472	0.00405	0.00270	0.00135	0.00337	0.00236	0.00270	0.00472
17	0.01629	0.02079	0.01236	0.01124	0.01348	0.82921	0.00843	0.01742	0.01236	0.01067	0.00674	0.00787	0.00562	0.00449	0.00393	0.00112	0.00787	0.00281	0.00225	0.00506
18	0.00937	0.00774	0.00908	0.00650	0.01036	0.00583	0.00521	0.01130	0.00915	0.03900	0.00804	0.00922	0.00659	0.00330	0.00327	0.00067	0.00324	0.00264	0.00267	0.84683
19	0.00954	0.00954	0.01336	0.01145	0.01145	0.01336	0.00954	0.01050	0.00668	0.01050	0.00573	0.00954	0.00573	0.00763	0.01431	0.00191	0.83874	0.00382	0.00191	0.00477
20	0.01658	0.01222	0.01309	0.01003	0.01353	0.01353	0.00829	0.80497	0.02051	0.02749	0.01047	0.01047	0.00742	0.00524	0.00436	0.00131	0.00480	0.00393	0.00436	0.00742
21	0.00887	0.00845	0.01318	0.75748	0.04971	0.03997	0.01189	0.03744	0.00927	0.01174	0.00782	0.01143	0.00589	0.00438	0.00434	0.00143	0.00584	0.00384	0.00203	0.00499
22	0.01085	0.00937	0.00986	0.00888	0.01134	0.01085	0.00690	0.02318	0.81164	0.01824	0.01775	0.01627	0.01331	0.00592	0.00444	0.00148	0.00345	0.00493	0.00444	0.00690
23	0.00954	0.00954	0.01336	0.01145	0.01145	0.01336	0.00954	0.01050	0.00668	0.01050	0.00573	0.00954	0.00573	0.00763	0.01431	0.00191	0.83874	0.00382	0.00191	0.00477
24	0.01460	0.00839	0.05482	0.00862	0.02625	0.00729	0.03186	0.12792	0.01231	0.41147	0.03550	0.10830	0.01316	0.03818	0.02357	0.00163	0.00418	0.03387	0.00442	0.03366
25	0.00621	0.00464	0.00692	0.00694	0.00769	0.00538	0.00536	0.00772	0.00703	0.01012	0.01203	0.03803	0.01145	0.04840	0.79281	0.00682	0.01131	0.00490	0.00239	0.00386
26	0.87753	0.00843	0.00641	0.00574	0.00843	0.00978	0.00472	0.01282	0.00742	0.01957	0.00607	0.00709	0.00472	0.00405	0.00270	0.00135	0.00337	0.00236	0.00270	0.00472
27	0.00758	0.00379	0.00568	0.00568	0.00568	0.00379	0.00379	0.00568	0.00568	0.00758	0.00758	0.01326	0.00758	0.01515	0.01705	0.87311	0.00379	0.00379	0.00189	0.00189
28	0.00896	0.02143	0.75637	0.01252	0.03669	0.01010	0.01549	0.03788	0.00951	0.01413	0.00803	0.00952	0.00578	0.00503	0.02884	0.00155	0.00652	0.00330	0.00194	0.00641
29	0.01568	0.01028	0.01144	0.00910	0.01226	0.01108	0.00741	0.43307	0.19774	0.19845	0.01370	0.01291	0.00960	0.00542	0.00435	0.00135	0.00417	0.00426	0.03053	0.00720
30	0.00965	0.20034	0.62191	0.01132	0.01703	0.04179	0.01397	0.01378	0.00925	0.01293	0.00741	0.00868	0.00554	0.00407	0.00385	0.00128	0.00611	0.00302	0.00186	0.00621
31	0.01278	0.05777	0.12394	0.02872	0.29082	0.04085	0.02820	0.07855	0.08124	0.17482	0.02008	0.02437	0.00866	0.00473	0.00427	0.00132	0.00494	0.00407	0.00317	0.00671
32	0.08229	0.00799	0.03652	0.00776	0.01119	0.00678	0.00660	0.02039	0.01200	0.73701	0.01608	0.01409	0.01018	0.00526	0.00425	0.00135	0.00378	0.00420	0.00508	0.00719
33	0.00645	0.00474	0.00609	0.00584	0.00695	0.00451	0.00448	0.00897	0.05070	0.01701	0.69150	0.03345	0.05762	0.00909	0.00519	0.00143	0.00230	0.07476	0.00470	0.00423
34	0.00883	0.04498	0.80239	0.01230	0.01867	0.01032	0.01588	0.01379	0.00920	0.01372	0.00778	0.00915	0.00553	0.00413	0.00411	0.00137	0.00640	0.00320	0.00184	0.00642
35	0.01116	0.09029	0.09473	0.08166	0.28872	0.08329	0.06035	0.01458	0.08662	0.05955	0.01011	0.03192	0.02033	0.00478	0.00469	0.00134	0.04311	0.00408	0.00256	0.00615
36	0.04994	0.00761	0.01008	0.00776	0.01111	0.00675	0.00641	0.04541	0.01255	0.76921	0.01660	0.01443	0.01048	0.00535	0.00433	0.00135	0.00373	0.00430	0.00527	0.00733
37	0.00824	0.00775	0.01308	0.83624	0.03004	0.00969	0.01211	0.01114	0.00872	0.01114	0.00775	0.01163	0.00581	0.00436	0.00436	0.00145	0.00581	0.00388	0.00194	0.00484
38	0.04880	0.01369	0.25109	0.02923	0.18278	0.04033	0.11945	0.01589	0.05437	0.18612	0.01046	0.01137	0.00748	0.00440	0.00432	0.00136	0.00547	0.00392	0.00291	0.00654
39	0.01022	0.01188	0.06626	0.04220	0.03105	0.05730	0.43329	0.02543	0.00942	0.01288	0.00800	0.01106	0.00647	0.00607	0.04440	0.00180	0.21011	0.00448	0.00215	0.00551
40	0.00591	0.00445	0.00547	0.00522	0.00636	0.00401	0.00391	0.00773	0.01174	0.01604	0.62115	0.03496	0.23812	0.00946	0.00515	0.00140	0.00210	0.00822	0.00461	0.00401
41	0.03803	0.00744	0.01004	0.00772	0.01108	0.00648	0.00637	0.02107	0.01237	0.80525	0.01697	0.01468	0.01067	0.00537	0.00435	0.00135	0.00370	0.00434	0.00534	0.00736
42	0.05802	0.18929	0.04338	0.03864	0.12932	0.18589	0.04183	0.13021	0.05809	0.07258	0.00885	0.00975	0.00687	0.00443	0.00388	0.00122	0.00544	0.00338	0.00281	0.00611
43	0.00558	0.00416	0.00577	0.00638	0.00691	0.00387	0.02804	0.00659	0.00885	0.01179	0.08317	0.68546	0.07269	0.01281	0.00552	0.00172	0.00268	0.04028	0.00405	0.00368
44	0.00525	0.00442	0.00456	0.00452	0.00595	0.00372	0.00339	0.00645	0.01018	0.01234	0.12024	0.04105	0.74134	0.01084	0.00515	0.00146	0.00219	0.00908	0.00412	0.00372
45	0.62483	0.01156	0.05917	0.00822	0.04673	0.14953	0.01812	0.01371	0.00853	0.01737	0.00643	0.00759	0.00505	0.00412	0.00311	0.00131	0.00447	0.00260	0.00254	0.00500
46	0.01947	0.00758	0.01022	0.00784	0.01121	0.00665	0.00647	0.04726	0.01275	0.79616	0.01698	0.01470	0.01068	0.00539	0.00439	0.00135	0.00375	0.00437	0.00536	0.00742

[dist]
# distance from previous block
# <min> <max>
0	1

[block]
# block no. 1 follows, 60 sequences, length 27
# corresponding to MSA columns:
# 263-289
name=unknown_B
#
# <colnr> <probs for GDERKNQSTAVLIFYWHMCP>
#	G	D	E	R	K	N	Q	S	T	A	V	L	I	F	Y	W	H	M	C	P
0	0.01227	0.61530	0.07722	0.00866	0.01254	0.03045	0.03589	0.13843	0.01084	0.01337	0.00699	0.00788	0.00592	0.00401	0.00324	0.00105	0.00496	0.00275	0.00228	0.00594
1	0.01042	0.02807	0.01024	0.00731	0.01099	0.00730	0.02041	0.08803	0.04183	0.05269	0.00878	0.00974	0.00699	0.00374	0.00370	0.00082	0.02129	0.00296	0.00292	0.66178
2	0.00983	0.00937	0.01595	0.33326	0.52060	0.01011	0.01290	0.01254	0.00947	0.01307	0.00803	0.01111	0.00649	0.00407	0.00433	0.00136	0.00542	0.00388	0.00208	0.00613
3	0.00921	0.15282	0.69789	0.01165	0.01767	0.01125	0.01475	0.01369	0.00915	0.01325	0.00755	0.00886	0.00554	0.00408	0.00393	0.00131	0.00616	0.00308	0.00185	0.00631
4	0.00524	0.00442	0.00454	0.00451	0.00595	0.00372	0.00338	0.00643	0.01015	0.01229	0.11243	0.04114	0.74918	0.01086	0.00515	0.00146	0.00220	0.00909	0.00412	0.00372
5	0.00550	0.00442	0.00484	0.00474	0.00603	0.00383	0.00352	0.00684	0.01050	0.01331	0.26762	0.03873	0.56167	0.04216	0.00580	0.00155	0.00224	0.00871	0.00421	0.00377
6	0.00628	0.00422	0.00476	0.00479	0.00484	0.00419	0.00271	0.00633	0.00650	0.00863	0.01488	0.05561	0.03734	0.79749	0.02121	0.00408	0.00412	0.00662	0.00273	0.00270
7	0.01068	0.00920	0.00972	0.00876	0.01117	0.01061	0.00680	0.02265	0.78343	0.01822	0.04597	0.01685	0.01430	0.00602	0.00446	0.00148	0.00340	0.00504	0.00445	0.00680
8	0.01658	0.01222	0.01309	0.01003	0.01353	0.01353	0.00829	0.80497	0.02051	0.02749	0.01047	0.01047	0.00742	0.00524	0.00436	0.00131	0.00480	0.00393	0.00436	0.00742
9	0.87753	0.00843	0.00641	0.00574	0.00843	0.00978	0.00472	0.01282	0.00742	0.01957	0.00607	0.00709	0.00472	0.00405	0.00270	0.00135	0.00337	0.00236	0.00270	0.00472
10	0.01957	0.00742	0.01012	0.00776	0.01113	0.00641	0.00641	0.02126	0.01248	0.82254	0.01721	0.01484	0.01080	0.00540	0.00439	0.00135	0.00371	0.00439	0.00540	0.00742
11	0.01085	0.00937	0.00986	0.00888	0.01134	0.01085	0.00690	0.02318	0.81164	0.01824	0.01775	0.01627	0.01331	0.00592	0.00444	0.00148	0.00345	0.00493	0.00444	0.00690
12	0.00875	0.02256	0.82413	0.01243	0.01888	0.01013	0.01611	0.01381	0.00921	0.01381	0.00783	0.00921	0.00552	0.00414	0.00414	0.00138	0.00645	0.00322	0.00184	0.00645
13	0.01569	0.01103	0.01192	0.00930	0.01250	0.01208	0.00763	0.63810	0.06694	0.07679	0.01167	0.01161	0.00832	0.00527	0.00425	0.00130	0.00441	0.00403	0.08007	0.00709
14	0.01629	0.02079	0.01236	0.01124	0.01348	0.82921	0.00843	0.01742	0.01236	0.01067	0.00674	0.00787	0.00562	0.00449	0.00393	0.00112	0.00787	0.00281	0.00225	0.00506
15	0.01629	0.02079	0.01236	0.01124	0.01348	0.82921	0.00843	0.01742	0.01236	0.01067	0.00674	0.00787	0.00562	0.00449	0.00393	0.00112	0.00787	0.00281	0.00225	0.00506
16	0.00621	0.00482	0.00582	0.00628	0.00743	0.00456	0.00501	0.00825	0.05434	0.01269	0.05716	0.16870	0.33372	0.01147	0.00550	0.00171	0.00298	0.29526	0.00408	0.00398
17	0.01757	0.00851	0.01055	0.00821	0.01141	0.00821	0.00673	0.24225	0.01455	0.53077	0.03438	0.04349	0.03092	0.00586	0.00446	0.00136	0.00390	0.00473	0.00501	0.00712
18	0.00553	0.00438	0.00497	0.00494	0.00615	0.00382	0.00366	0.00693	0.01064	0.01373	0.31341	0.10981	0.47551	0.01053	0.00519	0.00146	0.00218	0.00903	0.00431	0.00382
19	0.01079	0.01036	0.01770	0.02677	0.81952	0.01036	0.01339	0.01339	0.00993	0.01425	0.00820	0.01079	0.00691	0.00389	0.00432	0.00130	0.00518	0.00389	0.00216	0.00691
20	0.87753	0.00843	0.00641	0.00574	0.00843	0.00978	0.00472	0.01282	0.00742	0.01957	0.00607	0.00709	0.00472	0.00405	0.00270	0.00135	0.00337	0.00236	0.00270	0.00472
21	0.00618	0.00454	0.00580	0.00550	0.00657	0.00422	0.00412	0.00837	0.02906	0.01698	0.73046	0.05214	0.09143	0.00911	0.00514	0.00139	0.00211	0.00802	0.00473	0.00413
22	0.13843	0.00730	0.00912	0.00749	0.01041	0.00680	0.00621	0.03719	0.01143	0.53310	0.01603	0.03264	0.01196	0.00618	0.00435	0.00142	0.00369	0.11179	0.00467	0.03980
23	0.02355	0.00878	0.01372	0.55311	0.11352	0.02653	0.02483	0.03615	0.00899	0.01208	0.00755	0.01104	0.00596	0.00481	0.00583	0.00149	0.13097	0.00385	0.00206	0.00516
24	0.00643	0.00439	0.00507	0.00502	0.00504	0.00453	0.00293	0.00651	0.00637	0.00857	0.01345	0.02764	0.01541	0.79739	0.04705	0.00425	0.02838	0.00622	0.00261	0.00274
25	0.00673	0.00535	0.00741	0.02511	0.00823	0.02083	0.00557	0.00804	0.00702	0.00995	0.01134	0.01789	0.01100	0.14657	0.61663	0.00598	0.07541	0.00479	0.00234	0.00382
26	0.13579	0.02258	0.01580	0.13998	0.45536	0.01023	0.08568	0.02612	0.00957	0.02833	0.00812	0.01061	0.00654	0.00462	0.02169	0.00146	0.00532	0.00378	0.00230	0.00613

[dist]
# distance from previous block
# <min> <max>
1	3

[block]
# block no. 2 follows, 60 sequences, length 76
# corresponding to MSA columns:
# 293-327,329-369
name=unknown_C
#
# <colnr> <probs for GDERKNQSTAVLIFYWHMCP>
#	G	D	E	R	K	N	Q	S	T	A	V	L	I	F	Y	W	H	M	C	P
0	0.03500	0.00978	0.01531	0.23652	0.48564	0.02415	0.01204	0.03935	0.07314	0.01427	0.00883	0.01128	0.00706	0.00423	0.00429	0.00135	0.00519	0.00391	0.00237	0.00629
1	0.01072	0.01029	0.01757	0.05017	0.79669	0.01034	0.01335	0.01332	0.00990	0.01416	0.00819	0.01082	0.00688	0.00390	0.00432	0.00130	0.00520	0.00389	0.00215	0.00685
2	0.01123	0.01176	0.01530	0.21778	0.45054	0.17672	0.01195	0.01358	0.01014	0.01275	0.00808	0.01112	0.00673	0.00428	0.00428	0.00131	0.00586	0.01846	0.00216	0.00598
3	0.00954	0.00954	0.01336	0.01145	0.01145	0.01336	0.00954	0.01050	0.00668	0.01050	0.00573	0.00954	0.00573	0.00763	0.01431	0.00191	0.83874	0.00382	0.00191	0.00477
4	0.00545	0.00440	0.00485	0.00481	0.00609	0.00380	0.00358	0.00681	0.01053	0.01336	0.26134	0.08301	0.55550	0.01059	0.00517	0.00146	0.00218	0.00901	0.00426	0.00380
5	0.00530	0.00441	0.00464	0.00462	0.00599	0.00374	0.00345	0.00654	0.01024	0.01258	0.15422	0.06383	0.68379	0.01082	0.00517	0.00147	0.00220	0.00911	0.00416	0.00374
6	0.01098	0.00944	0.00994	0.00890	0.01139	0.01091	0.00694	0.04160	0.79300	0.01846	0.01758	0.01614	0.01317	0.00590	0.00444	0.00148	0.00348	0.00491	0.00444	0.00692
7	0.01132	0.00913	0.00976	0.00864	0.01109	0.01037	0.00675	0.09365	0.64552	0.04633	0.03597	0.03956	0.01372	0.00610	0.00444	0.00145	0.00348	0.00508	0.03094	0.00672
8	0.01022	0.01151	0.02465	0.05507	0.02275	0.01096	0.74197	0.01414	0.03627	0.01398	0.00907	0.01191	0.00680	0.00378	0.00509	0.00147	0.00716	0.00508	0.00227	0.00587
9	0.01011	0.00873	0.00916	0.00830	0.01063	0.00992	0.00644	0.02098	0.70764	0.01741	0.02118	0.01961	0.11767	0.00658	0.00453	0.00148	0.00329	0.00549	0.00439	0.00649
10	0.00875	0.02256	0.82413	0.01243	0.01888	0.01013	0.01611	0.01381	0.00921	0.01381	0.00783	0.00921	0.00552	0.00414	0.00414	0.00138	0.00645	0.00322	0.00184	0.00645
11	0.00954	0.00954	0.01336	0.01145	0.01145	0.01336	0.00954	0.01050	0.00668	0.01050	0.00573	0.00954	0.00573	0.00763	0.01431	0.00191	0.83874	0.00382	0.00191	0.00477
12	0.01079	0.01036	0.01770	0.02677	0.81952	0.01036	0.01339	0.01339	0.00993	0.01425	0.00820	0.01079	0.00691	0.00389	0.00432	0.00130	0.00518	0.00389	0.00216	0.00691
13	0.00813	0.00407	0.00407	0.00407	0.00508	0.00407	0.00305	0.01016	0.00915	0.01626	0.01423	0.01626	0.01118	0.00508	0.00305	0.00102	0.00203	0.00407	0.87093	0.00407
14	0.00617	0.00446	0.00583	0.00549	0.00652	0.00412	0.00412	0.00823	0.01235	0.01749	0.81722	0.03258	0.04115	0.00892	0.00514	0.00137	0.00206	0.00789	0.00480	0.00412
15	0.00531	0.00380	0.00506	0.00607	0.00633	0.00354	0.00405	0.00607	0.00835	0.01113	0.02404	0.84388	0.02885	0.01366	0.00557	0.00177	0.00253	0.01240	0.00405	0.00354
16	0.01153	0.81195	0.05910	0.00769	0.01154	0.01694	0.00785	0.01309	0.00888	0.01042	0.00614	0.00710	0.00559	0.00375	0.00286	0.00095	0.00474	0.00237	0.00186	0.00564
17	0.01671	0.01200	0.01295	0.00993	0.01342	0.01320	0.00820	0.76952	0.02014	0.06345	0.01078	0.01067	0.00757	0.00524	0.00436	0.00131	0.00475	0.00395	0.00441	0.00742
18	0.00902	0.00448	0.00471	0.00450	0.00572	0.00444	0.00342	0.03066	0.00963	0.06898	0.01456	0.03552	0.01148	0.00531	0.00323	0.00106	0.00222	0.00428	0.77243	0.00436
19	0.00824	0.00775	0.01308	0.83624	0.03004	0.00969	0.01211	0.01114	0.00872	0.01114	0.00775	0.01163	0.00581	0.00436	0.00436	0.00145	0.00581	0.00388	0.00194	0.00484
20	0.01172	0.00768	0.01050	0.03680	0.02624	0.00865	0.02061	0.08843	0.02943	0.21227	0.13473	0.01594	0.01352	0.02212	0.08798	0.04013	0.21947	0.00476	0.00356	0.00544
21	0.00546	0.00390	0.00523	0.00624	0.00656	0.00367	0.00431	0.00633	0.00850	0.01130	0.02396	0.77446	0.02852	0.01352	0.00561	0.00179	0.00266	0.08033	0.00405	0.00358
22	0.02602	0.01713	0.44663	0.01419	0.01945	0.01036	0.30357	0.04551	0.01006	0.01450	0.00896	0.01196	0.00687	0.00437	0.00458	0.00144	0.00654	0.03953	0.00219	0.00614
23	0.11962	0.12767	0.08559	0.05602	0.05092	0.11204	0.11238	0.02727	0.06679	0.15960	0.01003	0.01123	0.00753	0.00461	0.00415	0.00131	0.01740	0.01692	0.00297	0.00596
24	0.00898	0.02136	0.74655	0.04942	0.01932	0.01022	0.03448	0.03537	0.00952	0.01407	0.00792	0.00941	0.00562	0.00417	0.00418	0.00138	0.00639	0.00332	0.00192	0.00639
25	0.85566	0.00879	0.02700	0.00590	0.00870	0.00979	0.00501	0.01285	0.00747	0.01942	0.00612	0.00714	0.00474	0.00405	0.00274	0.00135	0.00345	0.00238	0.00268	0.00477
26	0.00636	0.00423	0.00485	0.00485	0.00487	0.00426	0.00275	0.00638	0.00635	0.00849	0.01355	0.02788	0.01553	0.80440	0.04772	0.02154	0.00446	0.00624	0.00262	0.00267
27	0.01051	0.30920	0.28420	0.04657	0.10903	0.03787	0.08694	0.02510	0.01982	0.01264	0.00745	0.00903	0.00596	0.00402	0.00391	0.00122	0.01525	0.00322	0.00201	0.00604
28	0.00603	0.00445	0.00563	0.00534	0.00643	0.00405	0.00400	0.00795	0.01201	0.01669	0.70898	0.03389	0.14988	0.00921	0.00515	0.00139	0.00208	0.00807	0.00470	0.00405
29	0.01098	0.03816	0.01036	0.00885	0.01138	0.01112	0.00695	0.03686	0.76997	0.01814	0.01722	0.01585	0.01294	0.00583	0.00438	0.00146	0.00352	0.00482	0.00435	0.00687
30	0.00624	0.00465	0.00687	0.00687	0.00760	0.00538	0.00528	0.00770	0.00697	0.01002	0.01181	0.01784	0.01121	0.08293	0.77963	0.00684	0.01122	0.00478	0.00236	0.00382
31	0.00533	0.00385	0.00506	0.00598	0.00631	0.00357	0.00402	0.00615	0.00855	0.01137	0.05074	0.78106	0.06510	0.01339	0.00553	0.00174	0.00250	0.01211	0.00407	0.00357
32	0.03928	0.00848	0.00921	0.00674	0.01049	0.04339	0.00538	0.03133	0.00943	0.01457	0.00772	0.00896	0.00639	0.00337	0.00327	0.00071	0.00348	0.00262	0.00262	0.78258
33	0.00617	0.00446	0.00583	0.00549	0.00652	0.00412	0.00412	0.00823	0.01235	0.01749	0.81722	0.03258	0.04115	0.00892	0.00514	0.00137	0.00206	0.00789	0.00480	0.00412
34	0.04715	0.07328	0.05674	0.06769	0.20881	0.06478	0.30005	0.02921	0.01007	0.02567	0.00904	0.04370	0.00760	0.00452	0.00466	0.00138	0.02009	0.01735	0.00235	0.00588
35	0.01277	0.04950	0.02561	0.01465	0.22658	0.07555	0.08307	0.24257	0.06949	0.03017	0.00945	0.01058	0.00730	0.00438	0.00417	0.00121	0.00508	0.00376	0.00305	0.12105
36	0.03953	0.16376	0.03091	0.01064	0.01347	0.52056	0.04426	0.10348	0.01235	0.01293	0.00713	0.00818	0.00583	0.00439	0.00381	0.00114	0.00679	0.00295	0.00242	0.00547
37	0.87753	0.00843	0.00641	0.00574	0.00843	0.00978	0.00472	0.01282	0.00742	0.01957	0.00607	0.00709	0.00472	0.00405	0.00270	0.00135	0.00337	0.00236	0.00270	0.00472
38	0.00546	0.00419	0.00533	0.04577	0.00743	0.00392	0.00432	0.00645	0.00886	0.01137	0.02881	0.55880	0.24635	0.01244	0.00541	0.00168	0.00264	0.03317	0.00395	0.00366
39	0.00551	0.00440	0.00493	0.00486	0.00613	0.00382	0.00362	0.00693	0.01069	0.01371	0.30833	0.07661	0.51418	0.01044	0.00517	0.00145	0.00217	0.00890	0.00431	0.00382
40	0.01270	0.60770	0.03146	0.02095	0.03054	0.06029	0.00799	0.15848	0.01121	0.01360	0.00701	0.00787	0.00596	0.00407	0.00322	0.00103	0.00492	0.00272	0.00235	0.00593
41	0.00557	0.00405	0.00531	0.00620	0.00669	0.00379	0.00442	0.00658	0.00884	0.01163	0.04553	0.63439	0.09949	0.01307	0.00559	0.00177	0.00271	0.12666	0.00406	0.00364
42	0.02646	0.11512	0.21142	0.01624	0.28106	0.05712	0.07690	0.03468	0.02219	0.10491	0.00900	0.01033	0.00683	0.00418	0.00412	0.00129	0.00552	0.00363	0.00252	0.00648
43	0.00974	0.11594	0.27577	0.01254	0.08988	0.02807	0.14016	0.01319	0.03597	0.04923	0.09671	0.06847	0.01197	0.00542	0.00455	0.00137	0.01708	0.01546	0.00268	0.00582
44	0.00544	0.00386	0.00507	0.00598	0.00622	0.00363	0.00397	0.00615	0.00819	0.01091	0.02305	0.75305	0.02755	0.09261	0.00715	0.00201	0.00272	0.02507	0.00391	0.00347
45	0.00960	0.01841	0.56321	0.07977	0.12324	0.01019	0.03619	0.03972	0.03251	0.03445	0.00850	0.01006	0.00617	0.00423	0.00423	0.00138	0.00605	0.00351	0.00214	0.00643
46	0.01435	0.23141	0.09933	0.03404	0.12881	0.02299	0.03158	0.05277	0.01103	0.31563	0.01105	0.01114	0.00784	0.00452	0.00395	0.00124	0.00473	0.00362	0.00336	0.00662
47	0.01870	0.00819	0.01052	0.00813	0.01148	0.00763	0.00670	0.12978	0.05516	0.67072	0.01630	0.01431	0.01046	0.00540	0.00439	0.00135	0.00385	0.00435	0.00520	0.00739
48	0.00533	0.00438	0.00466	0.00482	0.00607	0.00377	0.00358	0.00641	0.00962	0.01164	0.03944	0.12792	0.65120	0.04804	0.00600	0.00166	0.00244	0.05539	0.00399	0.00364
49	0.00904	0.00866	0.01372	0.60904	0.07347	0.02813	0.06180	0.01318	0.11472	0.01243	0.00914	0.01212	0.00691	0.00450	0.00441	0.00144	0.00561	0.00407	0.00230	0.00531
50	0.00990	0.02657	0.00967	0.00714	0.02660	0.00657	0.00558	0.04950	0.02164	0.05135	0.00888	0.03234	0.00741	0.00377	0.00343	0.00077	0.00338	0.00305	0.00284	0.71962
51	0.01083	0.53506	0.22127	0.00888	0.01311	0.01457	0.00957	0.02597	0.08231	0.01220	0.00801	0.00938	0.00674	0.00424	0.00338	0.00112	0.00499	0.02027	0.00218	0.00592
52	0.01085	0.00937	0.00986	0.00888	0.01134	0.01085	0.00690	0.02318	0.81164	0.01824	0.01775	0.01627	0.01331	0.00592	0.00444	0.00148	0.00345	0.00493	0.00444	0.00690
53	0.13481	0.00879	0.00960	0.00777	0.01048	0.00929	0.00632	0.34756	0.01474	0.16766	0.12299	0.02754	0.01321	0.00581	0.00416	0.00132	0.00373	0.01501	0.08303	0.00618
54	0.00536	0.00388	0.00509	0.00604	0.00639	0.00360	0.00411	0.00619	0.00850	0.01124	0.02522	0.76830	0.07632	0.01345	0.00556	0.00176	0.00256	0.03882	0.00405	0.00357
55	0.00724	0.00467	0.00610	0.00565	0.00685	0.00428	0.00427	0.00922	0.01215	0.08178	0.70611	0.05481	0.04811	0.00874	0.00506	0.00138	0.00221	0.00769	0.01933	0.00436
56	0.01658	0.01222	0.01309	0.01003	0.01353	0.01353	0.00829	0.80497	0.02051	0.02749	0.01047	0.01047	0.00742	0.00524	0.00436	0.00131	0.00480	0.00393	0.00436	0.00742
57	0.00561	0.00444	0.00504	0.00489	0.00617	0.00387	0.00367	0.00713	0.01101	0.01431	0.38692	0.03781	0.47343	0.01010	0.00515	0.00143	0.00214	0.00862	0.00438	0.00387
58	0.00698	0.00500	0.00696	0.00793	0.00895	0.00498	0.00693	0.00896	0.01004	0.01302	0.02367	0.04900	0.04681	0.01202	0.00600	0.00199	0.00397	0.76877	0.00402	0.00401
59	0.01471	0.00764	0.00947	0.00805	0.01069	0.00758	0.00652	0.04096	0.23912	0.42543	0.01784	0.02046	0.01361	0.04278	0.00540	0.00160	0.00373	0.11303	0.00479	0.00660
60	0.00612	0.00446	0.00576	0.00543	0.00648	0.00409	0.00408	0.00813	0.01223	0.01721	0.77878	0.03305	0.07977	0.00902	0.00514	0.00138	0.00207	0.00795	0.00476	0.00409
61	0.01629	0.02079	0.01236	0.01124	0.01348	0.82921	0.00843	0.01742	0.01236	0.01067	0.00674	0.00787	0.00562	0.00449	0.00393	0.00112	0.00787	0.00281	0.00225	0.00506
62	0.01629	0.02079	0.01236	0.01124	0.01348	0.82921	0.00843	0.01742	0.01236	0.01067	0.00674	0.00787	0.00562	0.00449	0.00393	0.00112	0.00787	0.00281	0.00225	0.00506
63	0.00875	0.02256	0.82413	0.01243	0.01888	0.01013	0.01611	0.01381	0.00921	0.01381	0.00783	0.00921	0.00552	0.00414	0.00414	0.00138	0.00645	0.00322	0.00184	0.00645
64	0.00528	0.00451	0.00455	0.00452	0.00601	0.00383	0.00340	0.00661	0.02518	0.01200	0.05695	0.04132	0.78917	0.01091	0.00514	0.00147	0.00223	0.00910	0.00407	0.00375
65	0.87753	0.00843	0.00641	0.00574	0.00843	0.00978	0.00472	0.01282	0.00742	0.01957	0.00607	0.00709	0.00472	0.00405	0.00270	0.00135	0.00337	0.00236	0.00270	0.00472
66	0.00640	0.00474	0.00600	0.00564	0.00677	0.00448	0.00424	0.00901	0.05821	0.01729	0.73830	0.03204	0.07264	0.00883	0.00510	0.00138	0.00214	0.00777	0.00475	0.00426
67	0.00738	0.00653	0.00962	0.04949	0.20323	0.00628	0.04629	0.02040	0.02197	0.01358	0.13733	0.08826	0.32113	0.00844	0.00496	0.00146	0.00348	0.04189	0.00352	0.00478
68	0.01029	0.01176	0.02574	0.01838	0.02279	0.01103	0.80368	0.01397	0.01029	0.01397	0.00882	0.01176	0.00662	0.00368	0.00515	0.00147	0.00735	0.00515	0.00221	0.00588
69	0.00904	0.00775	0.00904	0.00646	0.01034	0.00581	0.00517	0.01098	0.00904	0.01421	0.00775	0.00904	0.00646	0.00323	0.00323	0.00065	0.00323	0.00258	0.00258	0.87339
70	0.00559	0.00439	0.00511	0.00535	0.00647	0.00390	0.00405	0.00692	0.01009	0.01282	0.17282	0.18583	0.44118	0.01127	0.00534	0.00158	0.00247	0.10689	0.00418	0.00377
71	0.01205	0.06669	0.32263	0.04822	0.19068	0.00993	0.02298	0.03546	0.02659	0.19537	0.01015	0.01099	0.00725	0.00446	0.00434	0.00134	0.01770	0.00369	0.00284	0.00665
72	0.00962	0.08211	0.65351	0.01256	0.03445	0.01055	0.07117	0.01411	0.00943	0.05124	0.00821	0.00952	0.00588	0.00413	0.00413	0.00135	0.00623	0.00336	0.00204	0.00640
73	0.00516	0.00440	0.00444	0.00447	0.00591	0.00368	0.00334	0.00625	0.00989	0.01176	0.04349	0.06941	0.79075	0.01114	0.00517	0.00148	0.00222	0.00931	0.00405	0.00368
74	0.85702	0.00852	0.00657	0.00584	0.00856	0.00987	0.00481	0.03169	0.00773	0.01976	0.00618	0.00717	0.00479	0.00408	0.00274	0.00135	0.00341	0.00240	0.00274	0.00479
75	0.01171	0.01193	0.16496	0.15780	0.22263	0.03251	0.09703	0.01492	0.03032	0.17081	0.01023	0.01209	0.00754	0.00454	0.00460	0.00139	0.02118	0.01473	0.00278	0.00632

[dist]
# distance from previous block
# <min> <max>
3	16

[block]
# block no. 3 follows, 60 sequences, length 111
# corresponding to MSA columns:
# 392-502
name=unknown_D
#
# <colnr> <probs for GDERKNQSTAVLIFYWHMCP>
#	G	D	E	R	K	N	Q	S	T	A	V	L	I	F	Y	W	H	M	C	P
0	0.01299	0.01378	0.21823	0.01268	0.09823	0.01121	0.07010	0.32902	0.02899	0.08073	0.04016	0.01151	0.00839	0.00496	0.00479	0.00137	0.03871	0.00403	0.00334	0.00677
1	0.01060	0.01055	0.01430	0.19007	0.37005	0.11177	0.01100	0.03311	0.03015	0.01282	0.00861	0.02575	0.00752	0.05858	0.00640	0.00157	0.08508	0.00407	0.00228	0.00573
2	0.20615	0.01099	0.01456	0.03170	0.51573	0.09133	0.02103	0.03336	0.00986	0.01537	0.00764	0.00969	0.00628	0.00402	0.00393	0.00130	0.00507	0.00345	0.00234	0.00620
3	0.00612	0.00462	0.00572	0.00533	0.00659	0.00412	0.00401	0.00799	0.01171	0.01622	0.62692	0.03318	0.18895	0.00904	0.00505	0.00135	0.00215	0.00787	0.00454	0.04850
4	0.00667	0.00476	0.00565	0.00532	0.00596	0.00459	0.00339	0.00716	0.00685	0.00953	0.01291	0.04518	0.01425	0.60285	0.12520	0.00404	0.00503	0.00576	0.00263	0.12227
5	0.00630	0.00421	0.00477	0.00481	0.00482	0.00420	0.00270	0.00633	0.00642	0.00856	0.01415	0.06050	0.01637	0.81407	0.02155	0.00413	0.00416	0.00658	0.00270	0.00268
6	0.00954	0.00954	0.01336	0.01145	0.01145	0.01336	0.00954	0.01050	0.00668	0.01050	0.00573	0.00954	0.00573	0.00763	0.01431	0.00191	0.83874	0.00382	0.00191	0.00477
7	0.01103	0.00938	0.00988	0.00883	0.01131	0.01083	0.00689	0.05427	0.76490	0.01858	0.01739	0.01604	0.01304	0.00587	0.00441	0.00146	0.00348	0.00487	0.02065	0.00687
8	0.01166	0.84935	0.02285	0.00746	0.01119	0.01726	0.00746	0.01306	0.00886	0.01026	0.00606	0.00700	0.00560	0.00373	0.00280	0.00093	0.00466	0.00233	0.00187	0.00560
9	0.04961	0.00746	0.00999	0.00769	0.01104	0.00653	0.00635	0.02096	0.01231	0.79442	0.01682	0.01457	0.01058	0.00535	0.00433	0.00135	0.00370	0.00432	0.00530	0.00733
10	0.01957	0.00742	0.01012	0.00776	0.01113	0.00641	0.00641	0.02126	0.01248	0.82254	0.01721	0.01484	0.01080	0.00540	0.00439	0.00135	0.00371	0.00439	0.00540	0.00742
11	0.01100	0.01223	0.02605	0.01875	0.02318	0.01140	0.79517	0.01445	0.01074	0.01464	0.00953	0.01273	0.00730	0.00416	0.00545	0.00160	0.00756	0.00537	0.00245	0.00625
12	0.03868	0.00744	0.01004	0.00771	0.01107	0.00649	0.00637	0.02107	0.01237	0.80465	0.01696	0.01467	0.01066	0.00537	0.00435	0.00135	0.00370	0.00434	0.00534	0.00736
13	0.00640	0.00455	0.00577	0.00562	0.00663	0.00426	0.00413	0.00830	0.02966	0.03595	0.51538	0.14172	0.12431	0.04534	0.04069	0.00180	0.00271	0.00829	0.00443	0.00407
14	0.87753	0.00843	0.00641	0.00574	0.00843	0.00978	0.00472	0.01282	0.00742	0.01957	0.00607	0.00709	0.00472	0.00405	0.00270	0.00135	0.00337	0.00236	0.00270	0.00472
15	0.01079	0.01036	0.01770	0.02677	0.81952	0.01036	0.01339	0.01339	0.00993	0.01425	0.00820	0.01079	0.00691	0.00389	0.00432	0.00130	0.00518	0.00389	0.00216	0.00691
16	0.00533	0.00442	0.00466	0.00465	0.00603	0.00376	0.00349	0.00657	0.01024	0.01257	0.14848	0.05561	0.68536	0.01082	0.00517	0.00147	0.00222	0.02125	0.00415	0.00374
17	0.00903	0.00779	0.00924	0.02784	0.01087	0.00608	0.00544	0.01098	0.00898	0.01405	0.00771	0.00912	0.00643	0.00335	0.00350	0.00069	0.02148	0.00264	0.00255	0.83222
18	0.00562	0.00431	0.00518	0.00549	0.00646	0.00387	0.00406	0.00693	0.01007	0.01307	0.22037	0.27021	0.33264	0.01138	0.00535	0.00158	0.00243	0.08296	0.00423	0.00378
19	0.01209	0.74682	0.03787	0.00792	0.01159	0.08079	0.00773	0.03316	0.00943	0.01079	0.00626	0.00720	0.00564	0.00384	0.00295	0.00097	0.00495	0.00243	0.00196	0.00562
20	0.00617	0.00446	0.00583	0.00549	0.00652	0.00412	0.00412	0.00823	0.01235	0.01749	0.81722	0.03258	0.04115	0.00892	0.00514	0.00137	0.00206	0.00789	0.00480	0.00412
21	0.01488	0.06451	0.10419	0.01165	0.03573	0.63308	0.02237	0.03027	0.02315	0.01155	0.00712	0.00828	0.00580	0.00442	0.00394	0.00116	0.00734	0.00295	0.00225	0.00537
22	0.01235	0.15166	0.16886	0.06984	0.24435	0.03494	0.03711	0.02809	0.02486	0.17254	0.00971	0.01076	0.00720	0.00431	0.00407	0.00128	0.00520	0.00363	0.00275	0.00649
23	0.00748	0.02624	0.00761	0.00774	0.00877	0.00553	0.02030	0.03479	0.02417	0.01264	0.01995	0.10414	0.02155	0.04528	0.00763	0.09503	0.00397	0.53956	0.00367	0.00393
24	0.08407	0.01656	0.01373	0.01547	0.24783	0.50683	0.02704	0.01580	0.01121	0.01250	0.00716	0.00874	0.00594	0.00426	0.00397	0.00120	0.00671	0.00314	0.00226	0.00559
25	0.00540	0.00443	0.00476	0.00468	0.00604	0.00379	0.00351	0.00674	0.01053	0.01318	0.23291	0.03968	0.62815	0.01053	0.00515	0.00145	0.00217	0.00888	0.00423	0.00379
26	0.03804	0.70106	0.02082	0.00778	0.01139	0.04899	0.00746	0.07741	0.01000	0.03376	0.00675	0.00753	0.00586	0.00394	0.00301	0.00099	0.00474	0.00254	0.00220	0.00575
27	0.00568	0.00389	0.00519	0.00612	0.00645	0.00362	0.00411	0.00646	0.00846	0.03185	0.02386	0.82271	0.02839	0.01345	0.00554	0.00176	0.00256	0.01219	0.00408	0.00364
28	0.00672	0.00480	0.00668	0.00769	0.00856	0.00476	0.00650	0.00851	0.00974	0.01271	0.02326	0.18998	0.02576	0.01233	0.00594	0.00197	0.00375	0.65238	0.00402	0.00393
29	0.01658	0.01222	0.01309	0.01003	0.01353	0.01353	0.00829	0.80497	0.02051	0.02749	0.01047	0.01047	0.00742	0.00524	0.00436	0.00131	0.00480	0.00393	0.00436	0.00742
30	0.00529	0.00435	0.00467	0.00488	0.00612	0.00373	0.00363	0.00640	0.00973	0.01183	0.05248	0.17118	0.63951	0.01148	0.00526	0.00155	0.00235	0.04783	0.00406	0.00368
31	0.01658	0.01222	0.01309	0.01003	0.01353	0.01353	0.00829	0.80497	0.02051	0.02749	0.01047	0.01047	0.00742	0.00524	0.00436	0.00131	0.00480	0.00393	0.00436	0.00742
32	0.62063	0.00898	0.00805	0.00674	0.00967	0.01004	0.00556	0.15469	0.01036	0.11814	0.00820	0.00863	0.00594	0.00442	0.00320	0.00134	0.00367	0.00288	0.00332	0.00553
33	0.00954	0.00954	0.01336	0.01145	0.01145	0.01336	0.00954	0.01050	0.00668	0.01050	0.00573	0.00954	0.00573	0.00763	0.01431	0.00191	0.83874	0.00382	0.00191	0.00477
34	0.01079	0.01036	0.01770	0.02677	0.81952	0.01036	0.01339	0.01339	0.00993	0.01425	0.00820	0.01079	0.00691	0.00389	0.00432	0.00130	0.00518	0.00389	0.00216	0.00691
35	0.00527	0.00433	0.00465	0.00476	0.00601	0.00370	0.00350	0.00642	0.00994	0.01224	0.11524	0.15591	0.63049	0.01122	0.00521	0.00151	0.00224	0.00954	0.00412	0.00370
36	0.00623	0.00467	0.00701	0.00701	0.00779	0.00545	0.00545	0.00779	0.00701	0.01012	0.01168	0.01713	0.01090	0.03271	0.82944	0.00701	0.01168	0.00467	0.00234	0.00389
37	0.86164	0.00842	0.00648	0.00577	0.00848	0.00972	0.00475	0.01298	0.00752	0.03444	0.00628	0.00723	0.00484	0.00407	0.00273	0.00135	0.00338	0.00240	0.00275	0.00477
38	0.00904	0.00775	0.00904	0.00646	0.01034	0.00581	0.00517	0.01098	0.00904	0.01421	0.00775	0.00904	0.00646	0.00323	0.00323	0.00065	0.00323	0.00258	0.00258	0.87339
39	0.01078	0.01043	0.01749	0.02586	0.76946	0.02450	0.02825	0.01336	0.00998	0.01415	0.00857	0.01175	0.00735	0.00410	0.00437	0.00131	0.00524	0.02405	0.00221	0.00678
40	0.87753	0.00843	0.00641	0.00574	0.00843	0.00978	0.00472	0.01282	0.00742	0.01957	0.00607	0.00709	0.00472	0.00405	0.00270	0.00135	0.00337	0.00236	0.00270	0.00472
41	0.00603	0.00451	0.00530	0.00506	0.00634	0.00397	0.00381	0.00765	0.01127	0.03366	0.45132	0.03639	0.38932	0.00979	0.00513	0.00142	0.00216	0.00840	0.00448	0.00400
42	0.87753	0.00843	0.00641	0.00574	0.00843	0.00978	0.00472	0.01282	0.00742	0.01957	0.00607	0.00709	0.00472	0.00405	0.00270	0.00135	0.00337	0.00236	0.00270	0.00472
43	0.01957	0.00742	0.01012	0.00776	0.01113	0.00641	0.00641	0.02126	0.01248	0.82254	0.01721	0.01484	0.01080	0.00540	0.00439	0.00135	0.00371	0.00439	0.00540	0.00742
44	0.00711	0.00424	0.00524	0.00564	0.00644	0.00392	0.00396	0.00822	0.00900	0.08350	0.02354	0.51217	0.10821	0.02564	0.00523	0.00160	0.00253	0.00965	0.17019	0.00398
45	0.00624	0.00464	0.00685	0.00685	0.00757	0.00536	0.00525	0.00768	0.00696	0.01000	0.01183	0.01796	0.01126	0.09187	0.77077	0.00681	0.01114	0.00479	0.00236	0.00380
46	0.00603	0.00448	0.00564	0.00551	0.00660	0.00409	0.00420	0.00786	0.01159	0.01588	0.58561	0.05964	0.18419	0.00971	0.00523	0.00145	0.00226	0.07145	0.00458	0.00401
47	0.04308	0.00778	0.01281	0.80295	0.02917	0.00969	0.01182	0.01121	0.00867	0.01148	0.00768	0.01145	0.00577	0.00435	0.00429	0.00145	0.00572	0.00382	0.00197	0.00484
48	0.00824	0.00775	0.01308	0.83624	0.03004	0.00969	0.01211	0.01114	0.00872	0.01114	0.00775	0.01163	0.00581	0.00436	0.00436	0.00145	0.00581	0.00388	0.00194	0.00484
49	0.00849	0.00801	0.01353	0.75728	0.10705	0.00976	0.01224	0.01136	0.00884	0.01145	0.00780	0.01155	0.00592	0.00431	0.00436	0.00144	0.00575	0.00388	0.00196	0.00505
50	0.00904	0.00775	0.00904	0.00646	0.01034	0.00581	0.00517	0.01098	0.00904	0.01421	0.00775	0.00904	0.00646	0.00323	0.00323	0.00065	0.00323	0.00258	0.00258	0.87339
51	0.00834	0.00786	0.01327	0.80379	0.06169	0.00972	0.01216	0.01123	0.00877	0.01127	0.00777	0.01159	0.00586	0.00434	0.00436	0.00145	0.00579	0.00388	0.00195	0.00493
52	0.00605	0.00445	0.00566	0.00536	0.00644	0.00406	0.00402	0.00799	0.01205	0.01679	0.72269	0.03373	0.13611	0.00918	0.00515	0.00138	0.00208	0.00805	0.00471	0.00406
53	0.00824	0.00775	0.01308	0.83624	0.03004	0.00969	0.01211	0.01114	0.00872	0.01114	0.00775	0.01163	0.00581	0.00436	0.00436	0.00145	0.00581	0.00388	0.00194	0.00484
54	0.00560	0.00409	0.00528	0.00576	0.00639	0.00376	0.00405	0.00683	0.00981	0.01326	0.27947	0.49561	0.10824	0.01187	0.00540	0.00162	0.00237	0.02259	0.00429	0.00375
55	0.00950	0.14837	0.65167	0.01180	0.01768	0.01117	0.04579	0.01387	0.00927	0.03129	0.00781	0.00910	0.00570	0.00409	0.00398	0.00132	0.00615	0.00319	0.00194	0.00632
56	0.01177	0.00767	0.00932	0.00680	0.01054	0.00597	0.00549	0.01364	0.00993	0.22328	0.01020	0.01054	0.00758	0.00379	0.00353	0.00083	0.00335	0.00305	0.00331	0.64941
57	0.00642	0.00579	0.00932	0.00817	0.00980	0.00525	0.17283	0.00797	0.00937	0.01206	0.02748	0.35673	0.29407	0.01046	0.00532	0.00160	0.00350	0.03427	0.00364	0.01597
58	0.00756	0.00731	0.01316	0.01067	0.01307	0.00678	0.30815	0.00983	0.01000	0.01287	0.02456	0.08208	0.27492	0.00865	0.00538	0.00162	0.00461	0.19086	0.00334	0.00459
59	0.01588	0.01338	0.01271	0.01018	0.01329	0.15286	0.00823	0.58587	0.08360	0.02342	0.01031	0.01048	0.00755	0.00523	0.00455	0.00131	0.02650	0.00381	0.00394	0.00690
60	0.87753	0.00843	0.00641	0.00574	0.00843	0.00978	0.00472	0.01282	0.00742	0.01957	0.00607	0.00709	0.00472	0.00405	0.00270	0.00135	0.00337	0.00236	0.00270	0.00472
61	0.87753	0.00843	0.00641	0.00574	0.00843	0.00978	0.00472	0.01282	0.00742	0.01957	0.00607	0.00709	0.00472	0.00405	0.00270	0.00135	0.00337	0.00236	0.00270	0.00472
62	0.87753	0.00843	0.00641	0.00574	0.00843	0.00978	0.00472	0.01282	0.00742	0.01957	0.00607	0.00709	0.00472	0.00405	0.00270	0.00135	0.00337	0.00236	0.00270	0.00472
63	0.01029	0.01176	0.02574	0.01838	0.02279	0.01103	0.80368	0.01397	0.01029	0.01397	0.00882	0.01176	0.00662	0.00368	0.00515	0.00147	0.00735	0.00515	0.00221	0.00588
64	0.00875	0.02256	0.82413	0.01243	0.01888	0.01013	0.01611	0.01381	0.00921	0.01381	0.00783	0.00921	0.00552	0.00414	0.00414	0.00138	0.00645	0.00322	0.00184	0.00645
65	0.00834	0.00786	0.01327	0.80379	0.06169	0.00972	0.01216	0.01123	0.00877	0.01127	0.00777	0.01159	0.00586	0.00434	0.00436	0.00145	0.00579	0.00388	0.00195	0.00493
66	0.87753	0.00843	0.00641	0.00574	0.00843	0.00978	0.00472	0.01282	0.00742	0.01957	0.00607	0.00709	0.00472	0.00405	0.00270	0.00135	0.00337	0.00236	0.00270	0.00472
67	0.00568	0.00416	0.00534	0.00615	0.00674	0.00389	0.00448	0.00671	0.00887	0.01152	0.02673	0.51903	0.15671	0.04630	0.00626	0.00187	0.00285	0.16910	0.00399	0.00363
68	0.00824	0.00775	0.01308	0.83624	0.03004	0.00969	0.01211	0.01114	0.00872	0.01114	0.00775	0.01163	0.00581	0.00436	0.00436	0.00145	0.00581	0.00388	0.00194	0.00484
69	0.01658	0.01222	0.01309	0.01003	0.01353	0.01353	0.00829	0.80497	0.02051	0.02749	0.01047	0.01047	0.00742	0.00524	0.00436	0.00131	0.00480	0.00393	0.00436	0.00742
70	0.87753	0.00843	0.00641	0.00574	0.00843	0.00978	0.00472	0.01282	0.00742	0.01957	0.00607	0.00709	0.00472	0.00405	0.00270	0.00135	0.00337	0.00236	0.00270	0.00472
71	0.01085	0.00937	0.00986	0.00888	0.01134	0.01085	0.00690	0.02318	0.81164	0.01824	0.01775	0.01627	0.01331	0.00592	0.00444	0.00148	0.00345	0.00493	0.00444	0.00690
72	0.02925	0.00433	0.00555	0.00568	0.00649	0.00406	0.00409	0.00756	0.01076	0.01520	0.50199	0.31774	0.05006	0.01050	0.00523	0.00151	0.00226	0.00935	0.00447	0.00392
73	0.01232	0.00765	0.00938	0.00686	0.01058	0.00600	0.00555	0.01418	0.01011	0.26579	0.01069	0.01085	0.00781	0.00390	0.00359	0.00086	0.00338	0.00314	0.00346	0.60387
74	0.01196	0.00840	0.00967	0.00803	0.01087	0.00857	0.00637	0.01891	0.40299	0.17983	0.04695	0.01472	0.01206	0.00535	0.00449	0.00127	0.03012	0.00435	0.00413	0.21096
75	0.00984	0.00800	0.00976	0.00713	0.01080	0.00649	0.02691	0.03342	0.02367	0.05707	0.02012	0.00994	0.00732	0.00367	0.00376	0.00079	0.02890	0.00294	0.00281	0.72666
76	0.00545	0.00401	0.00562	0.00640	0.00677	0.00374	0.02552	0.00628	0.00840	0.01121	0.02363	0.82153	0.02825	0.01340	0.00556	0.00176	0.00266	0.01220	0.00400	0.00361
77	0.00870	0.00502	0.00635	0.00568	0.00726	0.00449	0.00438	0.01051	0.01180	0.17544	0.48495	0.03021	0.17864	0.00847	0.00492	0.00137	0.00241	0.00730	0.03741	0.00469
78	0.00722	0.00470	0.00611	0.00562	0.00686	0.00428	0.00426	0.00920	0.01223	0.08328	0.71164	0.03161	0.07875	0.00874	0.00508	0.00138	0.00220	0.00767	0.00481	0.00436
79	0.87753	0.00843	0.00641	0.00574	0.00843	0.00978	0.00472	0.01282	0.00742	0.01957	0.00607	0.00709	0.00472	0.00405	0.00270	0.00135	0.00337	0.00236	0.00270	0.00472
80	0.00581	0.00405	0.00508	0.00570	0.00594	0.00390	0.00373	0.00638	0.00777	0.01031	0.02059	0.47671	0.03819	0.31675	0.01165	0.00268	0.00325	0.06475	0.00353	0.00325
81	0.87753	0.00843	0.00641	0.00574	0.00843	0.00978	0.00472	0.01282	0.00742	0.01957	0.00607	0.00709	0.00472	0.00405	0.00270	0.00135	0.00337	0.00236	0.00270	0.00472
82	0.01436	0.01325	0.31206	0.00991	0.02887	0.00826	0.01015	0.03196	0.07086	0.41377	0.03343	0.01315	0.00965	0.00503	0.00432	0.00137	0.00471	0.00407	0.00391	0.00693
83	0.01957	0.00742	0.01012	0.00776	0.01113	0.00641	0.00641	0.02126	0.01248	0.82254	0.01721	0.01484	0.01080	0.00540	0.00439	0.00135	0.00371	0.00439	0.00540	0.00742
84	0.01058	0.00499	0.00553	0.00498	0.00652	0.00485	0.00387	0.04129	0.01019	0.16783	0.01465	0.01578	0.01097	0.00515	0.00335	0.00109	0.00245	0.00412	0.67700	0.00482
85	0.00920	0.08021	0.34026	0.31302	0.05262	0.01039	0.03272	0.02631	0.00932	0.02870	0.00851	0.01178	0.00664	0.00458	0.00437	0.00140	0.01710	0.03505	0.00210	0.00571
86	0.00543	0.00423	0.00494	0.00519	0.00617	0.00373	0.00373	0.00664	0.00997	0.01286	0.21141	0.29792	0.38936	0.01141	0.00528	0.00155	0.00228	0.00994	0.00422	0.00373
87	0.01775	0.00742	0.00969	0.00763	0.01070	0.00674	0.00629	0.08546	0.01275	0.64852	0.01662	0.01606	0.01115	0.00564	0.00433	0.00134	0.00366	0.03751	0.08377	0.00697
88	0.07265	0.02969	0.05221	0.06664	0.23633	0.02208	0.22017	0.02878	0.01014	0.10109	0.01075	0.04139	0.00901	0.00543	0.01740	0.00151	0.00552	0.06047	0.00276	0.00598
