[name]
unknown

[dist]
# distance from previous block
# <min> <max>
5	1250

[block]
# block no. 0 follows, 52 sequences, length 14
# corresponding to MSA columns:
# 1280-1293
name=unknown_A
#
# <colnr> <probs for GDERKNQSTAVLIFYWHMCP>
#	G	D	E	R	K	N	Q	S	T	A	V	L	I	F	Y	W	H	M	C	P
0	0.00741	0.00549	0.00779	0.03678	0.09834	0.00538	0.00597	0.00854	0.00938	0.03566	0.02312	0.46632	0.08590	0.08630	0.06946	0.02524	0.00426	0.01033	0.00388	0.00444
1	0.04757	0.01117	0.01833	0.06621	0.63821	0.01183	0.01391	0.01436	0.01044	0.01543	0.00868	0.01171	0.00736	0.00483	0.00599	0.00153	0.09863	0.00424	0.00238	0.00719
2	0.02936	0.11470	0.13773	0.01142	0.01462	0.20620	0.06136	0.04655	0.03920	0.07146	0.04078	0.08855	0.01102	0.00647	0.00593	0.00152	0.09906	0.00490	0.00307	0.00612
3	0.01168	0.05191	0.28775	0.05052	0.16058	0.01081	0.16822	0.01543	0.01092	0.10472	0.01146	0.07370	0.00931	0.00540	0.00496	0.00155	0.00632	0.00505	0.00283	0.00689
4	0.30748	0.00825	0.00912	0.00743	0.01068	0.00806	0.00609	0.01852	0.01163	0.44609	0.01831	0.01699	0.09924	0.00620	0.00433	0.00152	0.00381	0.00472	0.00480	0.00675
5	0.01810	0.02310	0.01373	0.01248	0.01498	0.81024	0.00936	0.01935	0.01373	0.01186	0.00749	0.00874	0.00624	0.00499	0.00437	0.00125	0.00874	0.00312	0.00250	0.00562
6	0.01153	0.09800	0.28423	0.01450	0.14475	0.04590	0.05981	0.04404	0.02397	0.06323	0.13505	0.01508	0.01336	0.00557	0.00495	0.00147	0.02009	0.00469	0.00306	0.00671
7	0.01220	0.00656	0.00812	0.00730	0.00888	0.02956	0.00544	0.01346	0.01029	0.26816	0.04928	0.08944	0.01677	0.24047	0.13275	0.00338	0.02045	0.02546	0.04677	0.00526
8	0.00696	0.00477	0.00569	0.00593	0.00620	0.00472	0.00381	0.00746	0.00812	0.01080	0.04523	0.12123	0.04486	0.57754	0.03692	0.00399	0.00450	0.09451	0.00340	0.00334
9	0.03174	0.01057	0.01656	0.04959	0.48930	0.02992	0.03368	0.02917	0.01172	0.10752	0.09994	0.01511	0.01234	0.00536	0.00530	0.00149	0.03554	0.00486	0.00319	0.00709
10	0.07279	0.09933	0.13467	0.01079	0.03747	0.08643	0.05874	0.07049	0.04674	0.20371	0.02593	0.01475	0.01015	0.09920	0.00679	0.00181	0.00553	0.00446	0.00362	0.00659
11	0.07959	0.01224	0.05692	0.07602	0.19538	0.03387	0.15172	0.10170	0.01134	0.01668	0.00882	0.01158	0.00713	0.00548	0.00721	0.00163	0.18528	0.00436	0.02655	0.00648
12	0.01169	0.25781	0.08326	0.03664	0.17403	0.05738	0.04884	0.01395	0.01056	0.04272	0.03544	0.01515	0.09814	0.00588	0.00556	0.00143	0.08803	0.00456	0.00270	0.00625
13	0.00718	0.00489	0.00681	0.00681	0.00735	0.00532	0.00489	0.00778	0.00747	0.01037	0.01408	0.02235	0.04249	0.22220	0.44922	0.15989	0.00902	0.00565	0.00266	0.00358

[dist]
# distance from previous block
# <min> <max>
1	8

[block]
# block no. 1 follows, 52 sequences, length 15
# corresponding to MSA columns:
# 1314-1328
name=unknown_B
#
# <colnr> <probs for GDERKNQSTAVLIFYWHMCP>
#	G	D	E	R	K	N	Q	S	T	A	V	L	I	F	Y	W	H	M	C	P
0	0.01249	0.03495	0.03616	0.07797	0.17763	0.09379	0.12600	0.03376	0.06710	0.08704	0.05067	0.01916	0.01260	0.00638	0.00567	0.00161	0.04427	0.10297	0.00334	0.00645
1	0.01965	0.00810	0.01080	0.00843	0.01185	0.00721	0.00690	0.06147	0.01432	0.66146	0.11899	0.01878	0.01615	0.00649	0.00498	0.00150	0.00395	0.00535	0.00585	0.00777
2	0.00718	0.00505	0.00579	0.00571	0.00719	0.00438	0.00424	0.00857	0.01142	0.07441	0.17212	0.17580	0.47684	0.01188	0.00574	0.00166	0.00261	0.01017	0.00476	0.00447
3	0.01315	0.25376	0.23657	0.01279	0.07583	0.01367	0.07323	0.12526	0.03144	0.08131	0.01093	0.01181	0.02970	0.00496	0.00437	0.00138	0.00584	0.00397	0.00298	0.00705
4	0.03417	0.00567	0.00688	0.00752	0.04018	0.01924	0.00504	0.00921	0.02828	0.04375	0.02302	0.29410	0.12105	0.17929	0.11330	0.00313	0.00481	0.02704	0.02999	0.00432
5	0.00692	0.00519	0.00779	0.00779	0.00865	0.00606	0.00606	0.00865	0.00779	0.01125	0.01298	0.01904	0.01211	0.03634	0.81049	0.00779	0.01298	0.00519	0.00260	0.00433
6	0.12370	0.02867	0.01177	0.00979	0.01288	0.03731	0.00782	0.21843	0.45241	0.02266	0.01533	0.01461	0.01144	0.00601	0.00461	0.00155	0.00439	0.00469	0.00453	0.00741
7	0.01094	0.05074	0.18714	0.05542	0.21554	0.01221	0.23759	0.01445	0.01048	0.01486	0.03183	0.01232	0.00808	0.00503	0.00641	0.00160	0.11173	0.00461	0.00236	0.00667
8	0.01982	0.00782	0.01063	0.00830	0.01171	0.00679	0.00679	0.02175	0.01385	0.70184	0.11938	0.01903	0.01634	0.00650	0.00498	0.00150	0.00389	0.00537	0.00591	0.00777
9	0.00575	0.00483	0.00499	0.00513	0.00660	0.00407	0.00378	0.00693	0.01083	0.01300	0.04641	0.14004	0.70583	0.01262	0.00578	0.00168	0.00250	0.01065	0.00450	0.00407
10	0.03910	0.07182	0.45503	0.05204	0.09170	0.01189	0.03317	0.03843	0.11127	0.03517	0.01032	0.01156	0.00762	0.00486	0.00457	0.00151	0.00623	0.00394	0.00267	0.00711
11	0.00741	0.00601	0.02519	0.00897	0.07027	0.00571	0.00608	0.00905	0.02789	0.03575	0.08752	0.48740	0.09879	0.01352	0.04201	0.00209	0.04674	0.01075	0.00419	0.00466
12	0.01313	0.12998	0.01312	0.03045	0.01260	0.33974	0.00794	0.04008	0.04608	0.01294	0.01306	0.11758	0.04790	0.00928	0.06243	0.01899	0.05154	0.00519	0.02258	0.00538
13	0.02588	0.13566	0.03270	0.00831	0.01207	0.03383	0.00715	0.06969	0.04796	0.01622	0.01120	0.01587	0.01005	0.00533	0.00411	0.00111	0.00433	0.10156	0.00317	0.45381
14	0.02442	0.03991	0.03518	0.03252	0.09982	0.18063	0.09560	0.05221	0.16032	0.05136	0.11346	0.03888	0.01449	0.00710	0.03127	0.00169	0.00592	0.00524	0.00360	0.00640

[dist]
# distance from previous block
# <min> <max>
1	60

[block]
# block no. 2 follows, 52 sequences, length 7
# corresponding to MSA columns:
# 1389-1395
name=unknown_C
#
# <colnr> <probs for GDERKNQSTAVLIFYWHMCP>
#	G	D	E	R	K	N	Q	S	T	A	V	L	I	F	Y	W	H	M	C	P
0	0.00987	0.00716	0.00914	0.03073	0.01048	0.00713	0.04007	0.10140	0.09100	0.07720	0.36667	0.06960	0.14178	0.00902	0.00548	0.00157	0.00336	0.00784	0.00491	0.00558
1	0.00685	0.00482	0.00628	0.00643	0.00679	0.00512	0.00433	0.00762	0.00762	0.01049	0.01588	0.13015	0.01740	0.42215	0.32113	0.00552	0.00760	0.00722	0.00301	0.00360
2	0.00739	0.00529	0.00743	0.00765	0.00827	0.00582	0.00587	0.00849	0.00835	0.01148	0.01628	0.08049	0.01714	0.15375	0.34081	0.08917	0.04545	0.17382	0.00312	0.00393
3	0.39360	0.00974	0.00971	0.00801	0.01126	0.01053	0.00656	0.15942	0.07452	0.21753	0.01215	0.01196	0.00855	0.00533	0.00398	0.00149	0.00408	0.00381	0.04108	0.00671
4	0.01677	0.02030	0.01312	0.01191	0.01446	0.63427	0.00899	0.02076	0.18503	0.01371	0.01019	0.01080	0.00813	0.00534	0.00449	0.00134	0.00766	0.00364	0.00303	0.00607
5	0.00886	0.00794	0.01305	0.63966	0.02823	0.00962	0.01221	0.01187	0.01001	0.01285	0.01237	0.02212	0.01118	0.00673	0.00525	0.00175	0.00602	0.17242	0.00266	0.00518
6	0.01793	0.01031	0.01221	0.00924	0.01316	0.00992	0.00760	0.30378	0.01634	0.34194	0.01402	0.01326	0.00954	0.00540	0.00458	0.00131	0.00446	0.00424	0.00488	0.19588

[dist]
# distance from previous block
# <min> <max>
0	4

[block]
# block no. 3 follows, 52 sequences, length 21
# corresponding to MSA columns:
# 1400-1420
name=unknown_D
#
# <colnr> <probs for GDERKNQSTAVLIFYWHMCP>
#	G	D	E	R	K	N	Q	S	T	A	V	L	I	F	Y	W	H	M	C	P
0	0.01223	0.01106	0.01750	0.23807	0.47223	0.01186	0.01361	0.13368	0.01250	0.01719	0.00937	0.01219	0.00744	0.00469	0.00482	0.00149	0.00588	0.00432	0.00271	0.00715
1	0.00904	0.00737	0.01023	0.01005	0.05108	0.00754	0.07702	0.03658	0.19957	0.03243	0.09152	0.37363	0.03730	0.01050	0.00566	0.00177	0.00378	0.02495	0.00442	0.00556
2	0.00977	0.06015	0.64326	0.01211	0.01819	0.01058	0.01519	0.01468	0.01020	0.01558	0.00971	0.01133	0.00712	0.00474	0.00434	0.00145	0.00631	0.00368	0.13491	0.00671
3	0.01488	0.02700	0.08539	0.00944	0.01249	0.12976	0.00810	0.23352	0.01474	0.14559	0.01421	0.09848	0.01167	0.01859	0.00490	0.00148	0.00501	0.00521	0.15302	0.00653
4	0.00734	0.00515	0.00723	0.00714	0.00762	0.00580	0.00518	0.00801	0.00736	0.01036	0.01256	0.02119	0.01267	0.23094	0.45676	0.13912	0.04384	0.00546	0.00258	0.00367
5	0.65983	0.00875	0.00789	0.00683	0.00966	0.00981	0.04184	0.01419	0.00890	0.04941	0.00875	0.01002	0.00671	0.00471	0.00326	0.00145	0.00374	0.00315	0.13580	0.00531
6	0.01083	0.00732	0.00903	0.00820	0.00983	0.00783	0.00625	0.20810	0.01234	0.07795	0.01632	0.19097	0.01602	0.11562	0.27587	0.00406	0.00717	0.00701	0.00389	0.00539
7	0.01943	0.00774	0.01050	0.00823	0.01157	0.00673	0.00673	0.02137	0.01385	0.68102	0.14005	0.01956	0.01724	0.00661	0.00500	0.00150	0.00384	0.00548	0.00589	0.00768
8	0.00650	0.00456	0.00541	0.00583	0.00673	0.00417	0.00413	0.00789	0.01057	0.01457	0.15366	0.37710	0.22506	0.01212	0.00556	0.00168	0.00255	0.01064	0.13712	0.00417
9	0.04088	0.03351	0.12643	0.02471	0.07794	0.06197	0.13379	0.04340	0.05143	0.19810	0.01439	0.01944	0.01169	0.00639	0.00524	0.00162	0.01557	0.12301	0.00373	0.00676
10	0.01296	0.83261	0.02539	0.00829	0.01244	0.01917	0.00829	0.01451	0.00985	0.01140	0.00674	0.00777	0.00622	0.00415	0.00311	0.00104	0.00518	0.00259	0.00207	0.00622
11	0.07670	0.00832	0.01030	0.00828	0.01158	0.00791	0.00674	0.02218	0.13393	0.55567	0.01806	0.01630	0.01201	0.00595	0.00462	0.00149	0.00388	0.00478	0.08370	0.00761
12	0.04887	0.13650	0.04589	0.00960	0.01261	0.05234	0.00827	0.14390	0.26093	0.03508	0.05825	0.02087	0.01488	0.00706	0.00483	0.00157	0.00469	0.12308	0.00413	0.00666
13	0.01265	0.04211	0.06726	0.08949	0.34999	0.02574	0.02500	0.18886	0.03311	0.01844	0.01150	0.06708	0.00999	0.00581	0.00491	0.00152	0.00560	0.03067	0.00317	0.00711
14	0.02109	0.00930	0.01190	0.00912	0.01289	0.00868	0.00753	0.17322	0.01563	0.65074	0.01764	0.01554	0.01126	0.00596	0.00487	0.00149	0.00436	0.00477	0.00577	0.00825
15	0.00611	0.00496	0.00545	0.00567	0.00697	0.00441	0.00412	0.00783	0.04309	0.01365	0.09425	0.24586	0.51522	0.01262	0.00581	0.00171	0.00259	0.01084	0.00458	0.00423
16	0.01206	0.01668	0.35216	0.14175	0.19192	0.01110	0.03155	0.07226	0.01165	0.09817	0.01010	0.01185	0.00732	0.00480	0.00475	0.00152	0.00632	0.00409	0.00277	0.00718
17	0.00694	0.00472	0.00587	0.00641	0.00732	0.00427	0.00457	0.00811	0.01030	0.05642	0.06950	0.49256	0.22168	0.01337	0.00593	0.00183	0.00283	0.04697	0.02613	0.00428
18	0.01297	0.59549	0.02070	0.00869	0.03851	0.06030	0.00777	0.01468	0.01032	0.04621	0.00880	0.00994	0.00748	0.00451	0.00336	0.00110	0.00490	0.00308	0.13513	0.00606
19	0.01239	0.01046	0.01291	0.06172	0.15440	0.03683	0.00863	0.16826	0.01299	0.03558	0.01074	0.02477	0.02655	0.00473	0.00428	0.00113	0.00465	0.00392	0.00326	0.40178
20	0.09539	0.03489	0.01398	0.05346	0.25904	0.12645	0.00987	0.09496	0.05302	0.06550	0.13246	0.01536	0.01374	0.00570	0.00468	0.00144	0.00523	0.00472	0.00351	0.00661

[dist]
# distance from previous block
# <min> <max>
0	9

[block]
# block no. 4 follows, 52 sequences, length 15
# corresponding to MSA columns:
# 1430-1432,1435-1446
name=unknown_E
#
# <colnr> <probs for GDERKNQSTAVLIFYWHMCP>
#	G	D	E	R	K	N	Q	S	T	A	V	L	I	F	Y	W	H	M	C	P
0	0.00795	0.00630	0.00731	0.00720	0.00791	0.05462	0.00512	0.03293	0.00844	0.01128	0.01428	0.07213	0.01487	0.32223	0.39974	0.00571	0.00883	0.00624	0.00290	0.00400
1	0.01134	0.00823	0.00930	0.00790	0.01025	0.00839	0.00622	0.26672	0.05022	0.05277	0.25713	0.08559	0.16409	0.00888	0.00534	0.00154	0.00354	0.00747	0.00490	0.03019
2	0.01066	0.01010	0.01652	0.02445	0.63029	0.00993	0.01248	0.01318	0.01104	0.01525	0.01764	0.01939	0.17619	0.00602	0.00500	0.00148	0.00505	0.00558	0.00285	0.00691
3	0.30320	0.00789	0.00899	0.00762	0.01044	0.00810	0.00620	0.01689	0.01067	0.35024	0.03287	0.01461	0.01057	0.01206	0.17614	0.00284	0.00584	0.00428	0.00424	0.00630
4	0.18978	0.00605	0.00749	0.00733	0.00860	0.00700	0.00569	0.00975	0.00784	0.01337	0.01179	0.01743	0.01099	0.07811	0.59011	0.00626	0.01050	0.00476	0.00270	0.00444
5	0.00716	0.00535	0.00792	0.00783	0.00858	0.00628	0.00604	0.00860	0.00767	0.01105	0.01254	0.01890	0.01187	0.06145	0.70864	0.05223	0.04596	0.00516	0.00256	0.00420
6	0.00946	0.00904	0.01460	0.64622	0.02897	0.01164	0.01285	0.01223	0.00921	0.01223	0.00813	0.01243	0.00644	0.00562	0.00720	0.00172	0.18021	0.00429	0.00215	0.00537
7	0.01195	0.00865	0.01404	0.61308	0.06026	0.01002	0.01216	0.01488	0.01064	0.18117	0.01088	0.01364	0.00769	0.00507	0.00485	0.00158	0.00593	0.00443	0.00298	0.00609
8	0.23178	0.00782	0.00885	0.00726	0.01037	0.00743	0.00591	0.01769	0.01184	0.43636	0.02238	0.02074	0.17788	0.00696	0.00458	0.00153	0.00367	0.00545	0.00492	0.00660
9	0.01324	0.02511	0.01009	0.00848	0.01102	0.00839	0.01822	0.05534	0.25093	0.24232	0.11046	0.13398	0.07481	0.00827	0.00521	0.00161	0.00367	0.00707	0.00509	0.00669
10	0.03878	0.00851	0.01071	0.00847	0.01167	0.00807	0.00690	0.15466	0.01528	0.47980	0.18344	0.01963	0.01836	0.00676	0.00500	0.00150	0.00394	0.00556	0.00558	0.00739
11	0.01069	0.01082	0.01005	0.00970	0.03116	0.22086	0.00705	0.01182	0.00942	0.01155	0.01170	0.06201	0.01178	0.18942	0.19907	0.00370	0.14098	0.00530	0.03831	0.00461
12	0.00886	0.00652	0.00820	0.00858	0.00999	0.00677	0.00706	0.04139	0.14173	0.02987	0.04834	0.12340	0.04152	0.05192	0.00707	0.00215	0.00412	0.44290	0.00454	0.00508
13	0.04012	0.00819	0.01050	0.00832	0.01150	0.00759	0.00677	0.10765	0.01472	0.52652	0.18388	0.01991	0.01858	0.00677	0.00500	0.00150	0.00386	0.00559	0.00565	0.00738
14	0.00629	0.00462	0.00558	0.00619	0.00683	0.00429	0.00428	0.00718	0.00941	0.01212	0.02964	0.39249	0.21585	0.18808	0.01006	0.00249	0.00328	0.08333	0.00416	0.00381

[dist]
# distance from previous block
# <min> <max>
0	11

[block]
# block no. 5 follows, 52 sequences, length 47
# corresponding to MSA columns:
# 1458-1504
name=unknown_F
#
# <colnr> <probs for GDERKNQSTAVLIFYWHMCP>
#	G	D	E	R	K	N	Q	S	T	A	V	L	I	F	Y	W	H	M	C	P
0	0.48716	0.00721	0.00655	0.00655	0.00842	0.00794	0.00501	0.01113	0.00874	0.01763	0.01546	0.28181	0.03148	0.04080	0.00514	0.00182	0.00349	0.04540	0.00359	0.00466
1	0.01191	0.01290	0.05769	0.11311	0.50339	0.10116	0.05623	0.01475	0.01108	0.01478	0.00979	0.05303	0.00852	0.00501	0.00487	0.00148	0.00623	0.00470	0.00247	0.00691
2	0.00802	0.00620	0.00770	0.00704	0.00798	0.00647	0.00500	0.02572	0.00827	0.01170	0.01442	0.08935	0.03008	0.38618	0.14100	0.00393	0.09752	0.00636	0.00298	0.13407
3	0.01229	0.01113	0.01846	0.12922	0.63435	0.01145	0.01414	0.05384	0.01156	0.04315	0.00952	0.01225	0.00770	0.00452	0.00481	0.00146	0.00577	0.00434	0.00262	0.00743
4	0.01054	0.17187	0.20871	0.01244	0.10164	0.01045	0.07167	0.01328	0.01047	0.07477	0.01611	0.19505	0.06822	0.00744	0.00488	0.00154	0.00517	0.00648	0.00315	0.00614
5	0.02091	0.00823	0.01115	0.00864	0.01225	0.00727	0.00712	0.04209	0.01379	0.74311	0.01862	0.01650	0.01191	0.00753	0.04575	0.00182	0.00460	0.00488	0.00580	0.00805
6	0.04970	0.00484	0.00619	0.04736	0.00850	0.00472	0.00498	0.00768	0.00979	0.01352	0.08910	0.59883	0.09731	0.01341	0.00589	0.00187	0.00300	0.02479	0.00437	0.00415
7	0.01204	0.02807	0.05853	0.13735	0.41941	0.01121	0.01285	0.01543	0.05480	0.08125	0.01062	0.01341	0.00850	0.00521	0.00571	0.00154	0.07490	0.01678	0.02539	0.00700
8	0.01311	0.74790	0.02424	0.00874	0.01259	0.06097	0.00847	0.01462	0.00993	0.01144	0.00676	0.00797	0.00623	0.00441	0.00383	0.00110	0.04676	0.00270	0.00210	0.00614
9	0.00766	0.00493	0.00646	0.00650	0.00700	0.00509	0.00441	0.00829	0.00792	0.05061	0.01610	0.14708	0.01731	0.37373	0.26003	0.05587	0.00688	0.00723	0.00318	0.00373
10	0.01083	0.04461	0.22021	0.14163	0.27086	0.05134	0.09687	0.01437	0.01076	0.01461	0.01128	0.01432	0.04752	0.00511	0.00487	0.00152	0.00641	0.02378	0.00243	0.00665
11	0.01207	0.00938	0.02800	0.01142	0.07543	0.00951	0.08051	0.05748	0.28387	0.11730	0.09548	0.04078	0.01670	0.09480	0.02875	0.00209	0.00474	0.02077	0.00431	0.00659
12	0.00851	0.00524	0.00668	0.00619	0.00762	0.00478	0.00469	0.01059	0.01302	0.10457	0.55154	0.07334	0.10283	0.00963	0.00548	0.00152	0.00253	0.00840	0.06796	0.00490
13	0.01055	0.00688	0.00938	0.05928	0.08499	0.00676	0.00692	0.03802	0.05774	0.14752	0.29603	0.11036	0.07444	0.00889	0.00542	0.00160	0.00354	0.04609	0.01987	0.00572
14	0.01226	0.01100	0.01796	0.13594	0.59004	0.01140	0.01377	0.04541	0.05183	0.04847	0.01010	0.01261	0.00808	0.00463	0.00482	0.00148	0.00567	0.00440	0.00274	0.00740
15	0.01268	0.00807	0.01098	0.06030	0.16280	0.03842	0.00799	0.01477	0.01215	0.24581	0.16058	0.05805	0.10518	0.00869	0.03781	0.00178	0.00450	0.01627	0.02693	0.00624
16	0.01236	0.05792	0.03869	0.22079	0.08391	0.03638	0.00911	0.02523	0.03653	0.17674	0.05144	0.08103	0.01280	0.00626	0.00466	0.00148	0.00473	0.00531	0.12853	0.00611
17	0.01023	0.00872	0.01014	0.00726	0.01156	0.00664	0.00582	0.02846	0.01032	0.01610	0.00868	0.01008	0.00720	0.00364	0.00362	0.00073	0.00363	0.00290	0.00291	0.84137
18	0.07092	0.03013	0.01397	0.03608	0.01524	0.52393	0.04662	0.06731	0.05548	0.04146	0.00897	0.01021	0.00713	0.00574	0.01905	0.00148	0.03382	0.00358	0.00290	0.00598
19	0.01393	0.69468	0.02335	0.00890	0.01280	0.13229	0.00841	0.01545	0.01051	0.03244	0.00717	0.00814	0.00638	0.00432	0.00334	0.00108	0.00566	0.00273	0.00224	0.00619
20	0.01184	0.01036	0.01670	0.08491	0.50927	0.01004	0.02585	0.01454	0.01099	0.06603	0.02417	0.01311	0.02328	0.00458	0.00465	0.00134	0.00525	0.00431	0.00278	0.15598
21	0.01276	0.65270	0.02176	0.00826	0.01195	0.03659	0.00785	0.01470	0.03699	0.05169	0.01085	0.05437	0.03938	0.00540	0.00362	0.00118	0.00493	0.01628	0.00264	0.00612
22	0.02014	0.00811	0.01087	0.00853	0.01201	0.00718	0.00697	0.02263	0.05499	0.70545	0.05131	0.04162	0.01413	0.00646	0.00495	0.00152	0.00399	0.00533	0.00587	0.00794
23	0.01099	0.01013	0.01643	0.24448	0.38519	0.01089	0.04359	0.02556	0.10351	0.02482	0.01165	0.05709	0.00988	0.00550	0.00497	0.00156	0.00562	0.01852	0.00286	0.00675
24	0.01051	0.05172	0.06689	0.03970	0.12244	0.02139	0.03658	0.04309	0.06210	0.09260	0.03166	0.29047	0.03271	0.00931	0.00539	0.00170	0.00448	0.06748	0.00392	0.00587
25	0.01265	0.01187	0.01898	0.06724	0.65295	0.05371	0.04045	0.01545	0.01127	0.05502	0.00953	0.01213	0.00774	0.00446	0.00481	0.00145	0.00595	0.00433	0.00257	0.00744
26	0.00647	0.00471	0.00646	0.00701	0.00757	0.00487	0.00503	0.00763	0.00866	0.01179	0.02137	0.38428	0.05449	0.10211	0.30658	0.00439	0.00683	0.04210	0.00364	0.00401
27	0.01236	0.09582	0.03099	0.07751	0.13038	0.04515	0.05952	0.03041	0.16779	0.11425	0.05390	0.08819	0.03889	0.00666	0.00518	0.00154	0.02542	0.00572	0.00374	0.00659
28	0.01050	0.05224	0.63094	0.01328	0.01961	0.01121	0.05666	0.01596	0.04968	0.05275	0.01032	0.03742	0.00776	0.00507	0.00469	0.00154	0.00669	0.00414	0.00248	0.00707
29	0.00939	0.00462	0.00470	0.00463	0.00583	0.00459	0.00349	0.01164	0.01027	0.04002	0.01590	0.01802	0.01241	0.00566	0.00343	0.00114	0.00231	0.00453	0.83280	0.00462
30	0.01257	0.05920	0.32343	0.05661	0.07561	0.07829	0.08225	0.15362	0.06501	0.01785	0.01001	0.01142	0.00745	0.00493	0.00468	0.00148	0.00651	0.00406	0.01798	0.00705
31	0.01201	0.01177	0.01846	0.11291	0.64465	0.05388	0.01415	0.01527	0.04143	0.01542	0.00939	0.01216	0.00775	0.00450	0.00479	0.00146	0.00592	0.00430	0.00248	0.00732
32	0.00810	0.00665	0.05642	0.04019	0.00966	0.00548	0.00599	0.00996	0.02434	0.08759	0.04569	0.19374	0.31331	0.05382	0.04940	0.00221	0.00401	0.07444	0.00423	0.00476
33	0.00677	0.00512	0.00694	0.00663	0.00782	0.00471	0.02976	0.00878	0.01259	0.01737	0.54524	0.15649	0.12420	0.01090	0.00582	0.00163	0.00265	0.03709	0.00499	0.00448
34	0.01082	0.01036	0.01670	0.30098	0.39810	0.03210	0.02964	0.01398	0.03032	0.01443	0.01032	0.01549	0.00883	0.00534	0.00525	0.00158	0.02662	0.06010	0.00253	0.00650
35	0.01024	0.01151	0.09022	0.32883	0.22851	0.01090	0.16219	0.01367	0.01053	0.01427	0.01076	0.01516	0.02791	0.00510	0.00508	0.00159	0.00648	0.03834	0.00243	0.00629
36	0.00962	0.05830	0.08521	0.07417	0.09917	0.00860	0.09153	0.03126	0.01088	0.06175	0.03064	0.18902	0.16349	0.00875	0.00561	0.00166	0.02536	0.03580	0.00355	0.00562
37	0.01726	0.05681	0.08311	0.14500	0.08484	0.00915	0.00986	0.01975	0.01238	0.48949	0.01489	0.01447	0.00986	0.00543	0.00474	0.00149	0.00498	0.00449	0.00448	0.00751
38	0.00705	0.00470	0.00529	0.00529	0.00529	0.00470	0.00294	0.00705	0.00705	0.00940	0.01527	0.03171	0.01762	0.82969	0.02467	0.00470	0.00470	0.00705	0.00294	0.00294
39	0.01035	0.01820	0.47812	0.05256	0.01797	0.03009	0.04349	0.04563	0.01063	0.05835	0.01169	0.08562	0.01010	0.08260	0.02201	0.00198	0.00646	0.00505	0.00272	0.00638
40	0.01285	0.01307	0.14561	0.13554	0.42081	0.02163	0.01385	0.03738	0.01147	0.12576	0.01042	0.01241	0.00785	0.00473	0.00478	0.00149	0.00589	0.00426	0.00288	0.00733
41	0.02174	0.00825	0.01125	0.00862	0.01237	0.00712	0.00712	0.02362	0.01387	0.80282	0.01912	0.01649	0.01200	0.00600	0.00487	0.00150	0.00412	0.00487	0.00600	0.00825
42	0.00573	0.00489	0.00493	0.00496	0.00656	0.00409	0.00371	0.00695	0.01099	0.01307	0.04842	0.06997	0.77460	0.01236	0.00574	0.00165	0.00247	0.01033	0.00450	0.00409
43	0.05845	0.04910	0.23922	0.04422	0.03632	0.03760	0.01130	0.24482	0.01478	0.19997	0.01174	0.01197	0.00812	0.00527	0.00460	0.00147	0.00566	0.00405	0.00386	0.00749
44	0.16242	0.00675	0.00772	0.00699	0.00877	0.00691	0.01903	0.07759	0.02338	0.02997	0.42623	0.05074	0.04959	0.03520	0.00574	0.00166	0.00317	0.04560	0.02749	0.00505
45	0.15073	0.21310	0.15981	0.00982	0.01413	0.05506	0.02986	0.09083	0.01160	0.10626	0.00929	0.01009	0.00704	0.00473	0.00417	0.00131	0.02120	0.00338	0.00305	0.09452
46	0.01165	0.43477	0.20887	0.04435	0.05017	0.02461	0.02173	0.01475	0.03791	0.01319	0.02910	0.01019	0.00767	0.00487	0.00477	0.00133	0.06797	0.00342	0.00229	0.00641

[dist]
# distance from previous block
# <min> <max>
0	2

[block]
# block no. 6 follows, 52 sequences, length 7
# corresponding to MSA columns:
# 1507-1511,1513,1514
name=unknown_G
#
# <colnr> <probs for GDERKNQSTAVLIFYWHMCP>
#	G	D	E	R	K	N	Q	S	T	A	V	L	I	F	Y	W	H	M	C	P
0	0.01207	0.01372	0.17947	0.09605	0.18519	0.06697	0.06395	0.01525	0.01129	0.10302	0.06282	0.01338	0.01007	0.00491	0.00467	0.00137	0.00574	0.00430	0.00298	0.14279
1	0.02931	0.01012	0.05895	0.12590	0.30309	0.00909	0.01096	0.01376	0.01083	0.06762	0.05105	0.03403	0.01138	0.00550	0.00471	0.00139	0.00499	0.05559	0.00303	0.18869
2	0.01618	0.01283	0.01296	0.01035	0.01374	0.07115	0.00837	0.55826	0.07380	0.02590	0.01559	0.04157	0.07857	0.00662	0.00490	0.00146	0.00509	0.00513	0.00458	0.03294
3	0.01111	0.00680	0.00820	0.00720	0.00934	0.00642	0.00558	0.08063	0.06552	0.18254	0.24666	0.12366	0.17904	0.00938	0.00540	0.00157	0.00318	0.00803	0.00506	0.03469
4	0.01273	0.00750	0.04289	0.00758	0.00982	0.00653	0.00608	0.08862	0.01240	0.26709	0.08115	0.19354	0.08069	0.09570	0.00726	0.00192	0.00376	0.00759	0.06127	0.00586
5	0.01156	0.25995	0.32086	0.06488	0.05072	0.05811	0.01211	0.01493	0.01054	0.04516	0.02845	0.01124	0.00801	0.00477	0.00410	0.00133	0.00589	0.00360	0.07734	0.00645
6	0.13432	0.03284	0.01438	0.03835	0.11201	0.09273	0.07692	0.24776	0.05300	0.02048	0.01276	0.01692	0.03029	0.00618	0.00480	0.00155	0.00554	0.08891	0.00363	0.00664

[dist]
# distance from previous block
# <min> <max>
0	1

[block]
# block no. 7 follows, 52 sequences, length 6
# corresponding to MSA columns:
# 1516-1521
name=unknown_H
#
# <colnr> <probs for GDERKNQSTAVLIFYWHMCP>
#	G	D	E	R	K	N	Q	S	T	A	V	L	I	F	Y	W	H	M	C	P
0	0.05458	0.00562	0.00672	0.08792	0.00992	0.00558	0.00530	0.04148	0.01038	0.01382	0.03058	0.35588	0.29715	0.04477	0.00639	0.00188	0.00329	0.01027	0.00413	0.00436
1	0.01443	0.60040	0.02205	0.00949	0.01317	0.24609	0.00860	0.01590	0.01096	0.01153	0.00695	0.00805	0.00623	0.00439	0.00347	0.00110	0.00620	0.00274	0.00219	0.00605
2	0.00651	0.00484	0.00622	0.00665	0.00753	0.00466	0.00495	0.00794	0.01026	0.01361	0.15160	0.26813	0.18215	0.06713	0.12297	0.00288	0.00447	0.11910	0.00426	0.00414
3	0.01252	0.18968	0.28846	0.10140	0.01845	0.03555	0.03480	0.10738	0.01178	0.06716	0.00915	0.01065	0.00691	0.00500	0.00510	0.00144	0.05964	0.00371	0.00271	0.02853
4	0.05289	0.05582	0.05638	0.00976	0.01287	0.11123	0.00817	0.24989	0.13526	0.08153	0.01583	0.01676	0.08088	0.06455	0.00636	0.00171	0.02445	0.00492	0.00404	0.00670
5	0.00773	0.00538	0.00657	0.00675	0.00824	0.00496	0.00546	0.00937	0.01107	0.06945	0.06622	0.04491	0.37664	0.04724	0.04507	0.00225	0.00385	0.26987	0.00447	0.00450

[dist]
# distance from previous block
# <min> <max>
1	73

[block]
# block no. 8 follows, 52 sequences, length 11
# corresponding to MSA columns:
# 1596-1606
name=unknown_I
#
# <colnr> <probs for GDERKNQSTAVLIFYWHMCP>
#	G	D	E	R	K	N	Q	S	T	A	V	L	I	F	Y	W	H	M	C	P
0	0.00975	0.09221	0.64790	0.01254	0.01884	0.01122	0.01562	0.01459	0.01027	0.01504	0.03581	0.04548	0.00861	0.00515	0.00454	0.00148	0.00651	0.00408	0.00229	0.03807
1	0.03359	0.31013	0.07870	0.02747	0.10280	0.04989	0.00927	0.05313	0.02899	0.09570	0.01004	0.04023	0.00833	0.00491	0.00400	0.00122	0.00511	0.00376	0.00296	0.12977
2	0.04818	0.19662	0.17800	0.01167	0.01604	0.06394	0.08433	0.23085	0.05619	0.01903	0.00973	0.01076	0.00744	0.00503	0.00462	0.00140	0.02474	0.00386	0.02062	0.00695
3	0.00704	0.00511	0.00767	0.00767	0.00847	0.00591	0.00591	0.00847	0.00767	0.01102	0.01262	0.01869	0.01182	0.03478	0.74716	0.07589	0.01228	0.00511	0.00256	0.00415
4	0.01449	0.36748	0.08730	0.01044	0.03702	0.06922	0.00939	0.15630	0.11615	0.07301	0.01052	0.01086	0.00817	0.00500	0.00406	0.00130	0.00539	0.00363	0.00327	0.00701
5	0.86392	0.00937	0.00712	0.00637	0.00937	0.01087	0.00525	0.01425	0.00825	0.02174	0.00675	0.00787	0.00525	0.00450	0.00300	0.00150	0.00375	0.00262	0.00300	0.00525
6	0.01061	0.00774	0.00933	0.00706	0.01060	0.00609	0.00561	0.01273	0.01123	0.10510	0.16616	0.01701	0.03881	0.00536	0.00422	0.00099	0.00336	0.00448	0.00376	0.56977
7	0.01064	0.01117	0.09190	0.32412	0.22485	0.01074	0.08451	0.01381	0.01050	0.05098	0.03270	0.01485	0.02871	0.00537	0.00555	0.00160	0.04867	0.02041	0.00261	0.00631
8	0.00602	0.00442	0.00559	0.00646	0.00699	0.00408	0.00443	0.00695	0.00954	0.01243	0.02975	0.61829	0.15799	0.05907	0.00714	0.00207	0.00293	0.04751	0.00441	0.00393
9	0.12352	0.11115	0.42033	0.01229	0.05910	0.07549	0.01303	0.01549	0.01052	0.05190	0.03274	0.01070	0.00764	0.00475	0.00423	0.00142	0.00614	0.00354	0.00254	0.03349
10	0.18242	0.25002	0.05289	0.00973	0.03676	0.16549	0.02634	0.03447	0.01079	0.05018	0.01155	0.01304	0.07021	0.04028	0.00509	0.00148	0.02674	0.00386	0.00284	0.00582

[dist]
# distance from previous block
# <min> <max>
1	35

[block]
# block no. 9 follows, 52 sequences, length 10
# corresponding to MSA columns:
# 1642-1651
name=unknown_J
#
# <colnr> <probs for GDERKNQSTAVLIFYWHMCP>
#	G	D	E	R	K	N	Q	S	T	A	V	L	I	F	Y	W	H	M	C	P
0	0.00680	0.00501	0.00647	0.00673	0.00782	0.00467	0.00525	0.00872	0.01207	0.01627	0.38432	0.14861	0.15248	0.01186	0.00603	0.00178	0.00294	0.20292	0.00487	0.00439
1	0.01276	0.12157	0.01320	0.00984	0.01281	0.05063	0.00791	0.06007	0.61274	0.01918	0.01702	0.01595	0.01293	0.00614	0.00466	0.00153	0.00432	0.00493	0.00443	0.00741
2	0.00989	0.00890	0.04567	0.01213	0.05621	0.00849	0.17268	0.01232	0.03366	0.08473	0.03341	0.28201	0.07466	0.00929	0.00701	0.00176	0.11427	0.00825	0.00366	0.02102
3	0.01168	0.24368	0.37159	0.04813	0.04738	0.03652	0.07703	0.04424	0.03427	0.02992	0.00887	0.01034	0.00679	0.00458	0.00432	0.00140	0.00644	0.00364	0.00238	0.00682
4	0.00703	0.00476	0.00562	0.00562	0.00574	0.00488	0.00336	0.00726	0.00715	0.00965	0.01496	0.03001	0.01688	0.72316	0.13019	0.00511	0.00581	0.00680	0.00289	0.00312
5	0.00687	0.00502	0.00636	0.00688	0.00797	0.00471	0.00545	0.00865	0.01129	0.01499	0.18943	0.18075	0.20391	0.01239	0.00604	0.00186	0.00318	0.27813	0.04180	0.00431
6	0.01208	0.12800	0.08243	0.02000	0.40814	0.03604	0.02857	0.08462	0.03135	0.01636	0.03740	0.07245	0.01063	0.00552	0.00469	0.00144	0.00551	0.00489	0.00287	0.00701
7	0.01267	0.26176	0.13209	0.02849	0.13142	0.09489	0.03765	0.03515	0.02543	0.06796	0.00965	0.01154	0.00787	0.00888	0.11245	0.00218	0.00700	0.00379	0.00264	0.00647
8	0.00693	0.00495	0.00680	0.00792	0.00865	0.00482	0.00628	0.00852	0.01029	0.01352	0.02614	0.41158	0.02981	0.01422	0.00646	0.00211	0.00370	0.41862	0.00448	0.00422
9	0.00682	0.00535	0.00667	0.00751	0.03818	0.00501	0.00548	0.00879	0.03854	0.01420	0.10660	0.23046	0.30976	0.01249	0.00599	0.00183	0.00316	0.18419	0.00450	0.00445

[dist]
# distance from previous block
# <min> <max>
0	1

[block]
# block no. 10 follows, 52 sequences, length 38
# corresponding to MSA columns:
# 1653-1669,1675-1695
name=unknown_K
#
# <colnr> <probs for GDERKNQSTAVLIFYWHMCP>
#	G	D	E	R	K	N	Q	S	T	A	V	L	I	F	Y	W	H	M	C	P
0	0.05605	0.17311	0.39526	0.01385	0.07616	0.02613	0.10843	0.01501	0.01044	0.03276	0.01034	0.01181	0.04053	0.00479	0.00444	0.00144	0.00638	0.00397	0.00238	0.00671
1	0.00951	0.07487	0.05615	0.19958	0.01640	0.01031	0.02582	0.01258	0.10638	0.01275	0.01188	0.10508	0.01112	0.02486	0.05230	0.11818	0.13886	0.00544	0.00278	0.00514
2	0.00703	0.00483	0.00595	0.00602	0.00627	0.00502	0.00386	0.00752	0.00743	0.01008	0.01544	0.04700	0.01714	0.60269	0.19734	0.00522	0.00648	0.03840	0.00296	0.00333
3	0.01129	0.01113	0.03309	0.12424	0.61833	0.01109	0.04922	0.01422	0.01079	0.01522	0.00992	0.05124	0.00866	0.00490	0.00491	0.00150	0.00584	0.00482	0.00247	0.00716
4	0.02962	0.15688	0.02763	0.02674	0.17600	0.24643	0.03713	0.04288	0.06784	0.11459	0.01026	0.01124	0.00796	0.00499	0.00459	0.00136	0.02020	0.00383	0.00309	0.00675
5	0.31229	0.01273	0.08317	0.01493	0.01934	0.01169	0.44647	0.01506	0.01021	0.01770	0.00864	0.01101	0.00651	0.00427	0.00467	0.00158	0.00653	0.00445	0.00261	0.00613
6	0.06736	0.01226	0.01870	0.02672	0.66896	0.06896	0.03674	0.01517	0.01106	0.01592	0.00887	0.01153	0.00741	0.00437	0.00468	0.00144	0.00591	0.00416	0.00245	0.00734
7	0.01124	0.01016	0.01576	0.11594	0.48317	0.03389	0.01210	0.01443	0.05119	0.03421	0.03655	0.03918	0.01058	0.02043	0.04381	0.00183	0.00573	0.00489	0.04817	0.00674
8	0.00589	0.00439	0.00549	0.00633	0.00693	0.00398	0.00432	0.00685	0.00977	0.01269	0.04921	0.63812	0.19954	0.01443	0.00607	0.00189	0.00272	0.01289	0.00452	0.00398
9	0.01082	0.01027	0.01409	0.01185	0.01254	0.01348	0.00984	0.01205	0.00795	0.03299	0.00701	0.01068	0.00662	0.00774	0.01391	0.00191	0.68662	0.00407	0.00233	0.12323
10	0.01040	0.00992	0.01703	0.38678	0.38597	0.01086	0.04253	0.01339	0.01036	0.01409	0.00971	0.04958	0.00822	0.00504	0.00492	0.00155	0.00603	0.00480	0.00238	0.00642
11	0.01158	0.01125	0.01842	0.19376	0.61630	0.03506	0.01441	0.01449	0.01083	0.01499	0.00896	0.01209	0.00738	0.00445	0.00479	0.00147	0.00599	0.00428	0.00235	0.00714
12	0.00731	0.00530	0.00747	0.00737	0.00812	0.00613	0.00561	0.00884	0.00791	0.01170	0.01325	0.02016	0.01258	0.13197	0.59803	0.00650	0.04677	0.00532	0.08545	0.00421
13	0.01706	0.00720	0.00976	0.00798	0.01087	0.00633	0.00645	0.01898	0.01348	0.55630	0.19056	0.06517	0.02112	0.00765	0.00520	0.00156	0.00367	0.03790	0.00571	0.00706
14	0.00753	0.00510	0.00698	0.00696	0.00770	0.00548	0.00504	0.00870	0.00813	0.04892	0.01636	0.09946	0.04097	0.24671	0.45719	0.00590	0.00901	0.00665	0.00309	0.00409
15	0.01251	0.01222	0.03995	0.04239	0.13574	0.02578	0.43015	0.03327	0.08383	0.08885	0.01269	0.01460	0.03411	0.00488	0.00534	0.00158	0.00673	0.00539	0.00310	0.00689
16	0.00588	0.00496	0.00512	0.00520	0.00680	0.00420	0.00398	0.00718	0.01105	0.01319	0.04741	0.04721	0.74226	0.01235	0.00580	0.00168	0.00260	0.06454	0.00450	0.00412
17	0.00609	0.00458	0.00565	0.00620	0.00703	0.00415	0.00440	0.00735	0.01063	0.01392	0.17221	0.44547	0.24338	0.01337	0.00599	0.00181	0.00267	0.03635	0.00465	0.00411
18	0.05355	0.00617	0.00810	0.05661	0.07226	0.00617	0.00619	0.04691	0.01118	0.05072	0.15019	0.34857	0.07616	0.01060	0.00544	0.00169	0.00338	0.02477	0.05638	0.00495
19	0.01452	0.15170	0.12026	0.01455	0.09004	0.01184	0.21735	0.01747	0.01150	0.24634	0.01166	0.01260	0.00836	0.00496	0.00529	0.00149	0.04514	0.00447	0.00336	0.00711
20	0.00951	0.00615	0.00737	0.00674	0.00858	0.00582	0.00521	0.01282	0.11072	0.13556	0.32587	0.03440	0.23355	0.03414	0.00610	0.00169	0.00297	0.04240	0.00505	0.00534
21	0.01023	0.09455	0.07561	0.12771	0.33080	0.01077	0.02752	0.01284	0.00996	0.01375	0.01084	0.06003	0.01000	0.03619	0.10801	0.00241	0.02518	0.02485	0.00252	0.00622
22	0.01205	0.14006	0.25804	0.03458	0.09757	0.05862	0.03393	0.04419	0.13406	0.06025	0.01217	0.07221	0.01005	0.00574	0.00461	0.00148	0.00573	0.00472	0.00309	0.00686
23	0.00677	0.00506	0.00649	0.00677	0.00765	0.00502	0.00502	0.00799	0.00987	0.02607	0.08966	0.30184	0.22997	0.03128	0.12584	0.02566	0.04166	0.05910	0.00411	0.00419
24	0.00652	0.00458	0.00586	0.00633	0.00675	0.00442	0.00425	0.00748	0.00949	0.01291	0.17086	0.38967	0.02957	0.24454	0.04798	0.00293	0.00376	0.03418	0.00413	0.00381
25	0.03298	0.01028	0.07472	0.21921	0.19316	0.01005	0.04672	0.08061	0.02753	0.01570	0.02826	0.04101	0.01063	0.01042	0.12761	0.00252	0.00685	0.04051	0.01514	0.00610
26	0.07345	0.09761	0.06911	0.01467	0.15358	0.07490	0.11645	0.07010	0.05340	0.21202	0.01186	0.01246	0.00858	0.00499	0.00461	0.00145	0.00569	0.00428	0.00359	0.00718
27	0.00836	0.01196	0.24888	0.01097	0.01415	0.00759	0.11891	0.01129	0.01018	0.03101	0.05308	0.33512	0.01973	0.01104	0.04808	0.00208	0.00549	0.04321	0.00344	0.00544
28	0.01110	0.00944	0.01043	0.00761	0.01181	0.04251	0.00608	0.04334	0.01083	0.04056	0.00901	0.01025	0.00733	0.00381	0.00371	0.00079	0.00390	0.00300	0.00303	0.76144
29	0.01568	0.01269	0.01298	0.01058	0.01397	0.05554	0.00850	0.42866	0.30788	0.02512	0.01430	0.01382	0.01053	0.00596	0.00480	0.00148	0.00488	0.00465	0.00467	0.04330
30	0.00657	0.00477	0.00633	0.00728	0.00801	0.00453	0.00554	0.00799	0.01028	0.01348	0.06357	0.45672	0.10353	0.01406	0.00629	0.00201	0.00331	0.26704	0.00452	0.00416
31	0.00726	0.00535	0.00661	0.00619	0.00753	0.00505	0.00467	0.01021	0.06443	0.01886	0.63664	0.03457	0.10160	0.00958	0.00552	0.00151	0.00242	0.00837	0.04509	0.01854
32	0.01129	0.38544	0.41473	0.01218	0.05825	0.01481	0.01345	0.01495	0.01010	0.01361	0.00784	0.00923	0.00626	0.00438	0.00395	0.00131	0.00620	0.00318	0.00208	0.00677
33	0.00666	0.00539	0.00615	0.00610	0.00749	0.00507	0.00462	0.00896	0.06275	0.01504	0.22130	0.12031	0.43216	0.01158	0.00603	0.00168	0.02411	0.04547	0.00466	0.00448
34	0.04507	0.05660	0.08599	0.01338	0.11170	0.06406	0.06706	0.09235	0.29881	0.03291	0.03528	0.01421	0.01104	0.00558	0.00489	0.00150	0.01879	0.00464	0.00370	0.03244
35	0.00682	0.00563	0.00614	0.00620	0.00735	0.04296	0.00451	0.00839	0.01184	0.01544	0.34546	0.22757	0.27063	0.01166	0.00577	0.00165	0.00277	0.01014	0.00474	0.00432
36	0.02793	0.07439	0.07650	0.01186	0.14641	0.04726	0.00858	0.01323	0.01032	0.01520	0.00927	0.04637	0.00813	0.00444	0.00398	0.00103	0.00458	0.00364	0.00272	0.48416
37	0.01309	0.19695	0.26824	0.01303	0.08673	0.04821	0.02253	0.12878	0.03556	0.05926	0.00946	0.01062	0.00724	0.00500	0.00498	0.00141	0.05268	0.00370	0.00285	0.02970

[dist]
# distance from previous block
# <min> <max>
0	41

[block]
# block no. 11 follows, 52 sequences, length 112
# corresponding to MSA columns:
# 1737-1848
name=unknown_L
#
# <colnr> <probs for GDERKNQSTAVLIFYWHMCP>
#	G	D	E	R	K	N	Q	S	T	A	V	L	I	F	Y	W	H	M	C	P
0	0.26281	0.28111	0.11060	0.00938	0.03029	0.08329	0.00864	0.04707	0.06485	0.01677	0.03940	0.01028	0.00820	0.00485	0.00371	0.00134	0.00512	0.00332	0.00283	0.00615
1	0.09659	0.06152	0.14052	0.01555	0.21690	0.04087	0.04437	0.05451	0.05021	0.04490	0.09948	0.01615	0.03081	0.00602	0.00494	0.00159	0.00544	0.00488	0.02404	0.04073
2	0.01161	0.01182	0.03854	0.03692	0.49015	0.01213	0.12496	0.01513	0.05886	0.01537	0.00944	0.01229	0.00782	0.00506	0.00659	0.00159	0.12753	0.00456	0.00251	0.00711
3	0.00639	0.00461	0.00539	0.00578	0.00629	0.00433	0.00376	0.00704	0.00892	0.01155	0.04529	0.29830	0.19777	0.34158	0.01351	0.00299	0.00351	0.02553	0.00389	0.00359
4	0.01218	0.01040	0.01099	0.00982	0.01256	0.01198	0.00765	0.05605	0.73942	0.02067	0.03954	0.01829	0.01533	0.00663	0.00495	0.00163	0.00386	0.00552	0.00494	0.00761
5	0.00658	0.00495	0.00608	0.00583	0.00711	0.00446	0.00440	0.00858	0.01296	0.01765	0.58318	0.03933	0.24566	0.01060	0.00574	0.00157	0.00237	0.02342	0.00510	0.00444
6	0.00894	0.00454	0.00460	0.00459	0.00572	0.00452	0.00344	0.01120	0.01032	0.01813	0.05015	0.01886	0.01389	0.00583	0.00349	0.00115	0.00226	0.00470	0.81917	0.00452
7	0.86392	0.00937	0.00712	0.00637	0.00937	0.01087	0.00525	0.01425	0.00825	0.02174	0.00675	0.00787	0.00525	0.00450	0.00300	0.00150	0.00375	0.00262	0.00300	0.00525
8	0.01296	0.83261	0.02539	0.00829	0.01244	0.01917	0.00829	0.01451	0.00985	0.01140	0.00674	0.00777	0.00622	0.00415	0.00311	0.00104	0.00518	0.00259	0.00207	0.00622
9	0.00910	0.00766	0.00823	0.00761	0.00970	0.00815	0.00584	0.01675	0.39990	0.01792	0.18245	0.03035	0.25889	0.00897	0.00533	0.00162	0.00311	0.00757	0.00488	0.00597
10	0.01060	0.01060	0.01484	0.01272	0.01272	0.01484	0.01060	0.01166	0.00742	0.01166	0.00636	0.01060	0.00636	0.00848	0.01590	0.00212	0.82082	0.00424	0.00212	0.00530
11	0.86392	0.00937	0.00712	0.00637	0.00937	0.01087	0.00525	0.01425	0.00825	0.02174	0.00675	0.00787	0.00525	0.00450	0.00300	0.00150	0.00375	0.00262	0.00300	0.00525
12	0.01144	0.01307	0.02859	0.02042	0.02533	0.01225	0.78186	0.01552	0.01144	0.01552	0.00980	0.01307	0.00735	0.00408	0.00572	0.00163	0.00817	0.00572	0.00245	0.00654
13	0.00701	0.00485	0.00607	0.00607	0.00634	0.00512	0.00391	0.00755	0.00728	0.00998	0.01455	0.02775	0.01590	0.58152	0.27048	0.00566	0.00729	0.00647	0.00283	0.00337
14	0.00697	0.00500	0.00681	0.00681	0.00734	0.00553	0.00484	0.00803	0.00750	0.01053	0.01387	0.02397	0.01426	0.34536	0.50440	0.00658	0.00975	0.00591	0.00273	0.00379
15	0.01296	0.83261	0.02539	0.00829	0.01244	0.01917	0.00829	0.01451	0.00985	0.01140	0.00674	0.00777	0.00622	0.00415	0.00311	0.00104	0.00518	0.00259	0.00207	0.00622
16	0.00602	0.00430	0.00574	0.00676	0.00713	0.00402	0.00460	0.00700	0.00963	0.01290	0.07789	0.75255	0.03284	0.01478	0.00617	0.00195	0.00282	0.03435	0.00455	0.00399
17	0.00668	0.00461	0.00612	0.00709	0.00768	0.00442	0.00525	0.00805	0.01000	0.01366	0.05595	0.53379	0.02992	0.01373	0.00606	0.00195	0.00316	0.20302	0.07471	0.00414
18	0.01549	0.02215	0.18258	0.04459	0.01684	0.55779	0.01143	0.01773	0.01243	0.01261	0.00772	0.00934	0.00624	0.00513	0.00517	0.00138	0.05977	0.00334	0.00236	0.00592
19	0.00586	0.00477	0.00519	0.00540	0.00671	0.00410	0.00393	0.00710	0.01090	0.01348	0.10792	0.21155	0.57084	0.01269	0.00582	0.00170	0.00252	0.01086	0.00457	0.00410
20	0.00709	0.00468	0.00531	0.00531	0.00531	0.00468	0.00297	0.00703	0.00703	0.00937	0.01508	0.03124	0.01736	0.80723	0.02451	0.02831	0.00468	0.00697	0.00291	0.00291
21	0.01060	0.13574	0.33969	0.21933	0.12328	0.01235	0.03171	0.01447	0.01016	0.02733	0.00859	0.01096	0.00656	0.00467	0.00477	0.00149	0.02570	0.00380	0.00220	0.00660
22	0.00664	0.00520	0.00720	0.04242	0.07521	0.00498	0.00582	0.00789	0.00981	0.01289	0.02768	0.56568	0.14066	0.01330	0.00597	0.00188	0.00325	0.05494	0.00422	0.00437
23	0.01697	0.02072	0.01280	0.01166	0.01393	0.70195	0.00868	0.01814	0.01302	0.03070	0.00857	0.01113	0.00749	0.07554	0.02699	0.00172	0.00840	0.00355	0.00262	0.00542
24	0.84920	0.00944	0.00725	0.00646	0.00947	0.01094	0.00532	0.02763	0.00850	0.02190	0.00683	0.00794	0.00530	0.00452	0.00303	0.00150	0.00378	0.00265	0.00303	0.00530
25	0.00746	0.00567	0.00792	0.03143	0.07274	0.00587	0.00605	0.00907	0.03908	0.02909	0.02113	0.50614	0.02396	0.08718	0.08539	0.00270	0.04032	0.01040	0.00389	0.00452
26	0.00978	0.00830	0.00975	0.00709	0.01113	0.00630	0.00564	0.01194	0.01036	0.01610	0.07525	0.01226	0.01044	0.00412	0.00377	0.00079	0.00348	0.00337	0.00308	0.78707
27	0.05207	0.04383	0.01409	0.01056	0.01429	0.01423	0.00873	0.59955	0.09870	0.07608	0.01253	0.01229	0.00894	0.00579	0.00472	0.00146	0.00504	0.00437	0.00475	0.00799
28	0.01117	0.10086	0.48149	0.01241	0.03541	0.01094	0.04759	0.01537	0.01053	0.08098	0.00970	0.02335	0.00728	0.00466	0.00441	0.00137	0.00614	0.00376	0.00256	0.13003
29	0.01207	0.17558	0.15069	0.01536	0.21408	0.03208	0.01142	0.03149	0.27517	0.01653	0.01217	0.01284	0.00952	0.00514	0.00447	0.00144	0.00529	0.00422	0.00318	0.00726
30	0.01587	0.01937	0.01406	0.01256	0.01431	0.57329	0.00973	0.01706	0.01185	0.01180	0.00715	0.00929	0.00628	0.00603	0.00781	0.00151	0.25066	0.00345	0.00238	0.00552
31	0.01031	0.00795	0.00975	0.00802	0.03117	0.00674	0.00614	0.01263	0.04173	0.06831	0.02653	0.01603	0.04469	0.02652	0.05929	0.03446	0.02403	0.03496	0.00327	0.52749
32	0.00693	0.00518	0.00773	0.00773	0.00857	0.00602	0.00598	0.00861	0.00777	0.01120	0.01304	0.01934	0.01225	0.05546	0.79155	0.00771	0.01278	0.00524	0.00260	0.00429
33	0.00589	0.00427	0.00557	0.00661	0.00699	0.00395	0.00444	0.00676	0.00941	0.01243	0.02843	0.76669	0.09078	0.01496	0.00615	0.00194	0.00278	0.01350	0.00450	0.00395
34	0.00710	0.00468	0.00533	0.00533	0.00533	0.00468	0.00299	0.00702	0.00702	0.00936	0.01499	0.03102	0.01724	0.79665	0.02443	0.03942	0.00468	0.00693	0.00290	0.00290
