[name]
unknown

[dist]
# distance from previous block
# <min> <max>
5	262

[block]
# block no. 0 follows, 46 sequences, length 16
# corresponding to MSA columns:
# 377-392
name=unknown_A
#
# <colnr> <probs for GDERKNQSTAVLIFYWHMCP>
#	G	D	E	R	K	N	Q	S	T	A	V	L	I	F	Y	W	H	M	C	P
0	0.00860	0.00619	0.00819	0.00816	0.00939	0.00594	0.03107	0.01130	0.08863	0.05357	0.10128	0.49501	0.03017	0.06608	0.00766	0.00215	0.00357	0.01170	0.00485	0.04647
1	0.00942	0.00599	0.00729	0.00708	0.00873	0.00550	0.00534	0.01180	0.05045	0.11610	0.21682	0.20873	0.24141	0.01207	0.00615	0.00183	0.00312	0.04297	0.03383	0.00537
2	0.03280	0.05039	0.21108	0.01246	0.04871	0.01053	0.06034	0.07620	0.06655	0.15810	0.01649	0.17091	0.01447	0.00771	0.00540	0.00170	0.00553	0.00666	0.00412	0.03984
3	0.07070	0.11117	0.18545	0.11525	0.07013	0.03464	0.08708	0.11596	0.01306	0.01839	0.04853	0.06001	0.01103	0.00619	0.00543	0.00165	0.03004	0.00515	0.00315	0.00697
4	0.00759	0.00524	0.00690	0.00712	0.00769	0.00548	0.00499	0.00859	0.00892	0.01243	0.03295	0.15282	0.04910	0.26283	0.29414	0.04677	0.00771	0.02853	0.04611	0.00409
5	0.01230	0.01733	0.32788	0.04623	0.11069	0.01156	0.07088	0.05998	0.03030	0.08088	0.05116	0.01613	0.04305	0.00762	0.04063	0.00201	0.05559	0.00513	0.00325	0.00739
6	0.02675	0.07445	0.04752	0.10904	0.12312	0.17161	0.15579	0.07672	0.05418	0.05773	0.02416	0.03421	0.00972	0.00565	0.00524	0.00160	0.00713	0.00500	0.00327	0.00713
7	0.01100	0.00872	0.03510	0.00819	0.01041	0.04071	0.00651	0.09293	0.08152	0.08357	0.10031	0.11426	0.23064	0.04799	0.07141	0.00244	0.00484	0.00837	0.03521	0.00588
8	0.01194	0.00615	0.00672	0.00616	0.00790	0.00611	0.00474	0.07224	0.01269	0.10494	0.04241	0.05891	0.01538	0.00688	0.00423	0.00136	0.00298	0.00561	0.61697	0.00566
9	0.07402	0.09234	0.06700	0.20438	0.04005	0.09396	0.05059	0.06298	0.04453	0.06944	0.01274	0.07705	0.01082	0.00653	0.00522	0.00165	0.01951	0.01868	0.04194	0.00657
10	0.03401	0.27250	0.16101	0.06608	0.05584	0.08523	0.01151	0.08691	0.07577	0.05275	0.02138	0.01261	0.00906	0.02785	0.00516	0.00157	0.00627	0.00409	0.00316	0.00722
11	0.03538	0.01097	0.01846	0.09911	0.11229	0.01126	0.23387	0.05910	0.09620	0.05970	0.13650	0.05162	0.01694	0.00675	0.00605	0.00174	0.02673	0.00649	0.00389	0.00695
12	0.04524	0.00689	0.00827	0.00769	0.00950	0.00673	0.00583	0.09911	0.01394	0.10287	0.24328	0.23321	0.13762	0.01270	0.04055	0.00209	0.00385	0.00973	0.00523	0.00566
13	0.01298	0.18773	0.22957	0.01325	0.06287	0.05525	0.06847	0.08427	0.03806	0.04713	0.06251	0.03785	0.06514	0.00639	0.00502	0.00156	0.00618	0.00524	0.00336	0.00715
14	0.01266	0.06905	0.11125	0.04746	0.05028	0.04960	0.11837	0.10257	0.03434	0.06843	0.04040	0.08006	0.10451	0.01966	0.00624	0.00178	0.02810	0.04468	0.00384	0.00672
15	0.00837	0.00564	0.00748	0.04659	0.00988	0.00544	0.00590	0.00975	0.01115	0.07984	0.06290	0.48534	0.14561	0.01410	0.00677	0.00203	0.02490	0.05851	0.00489	0.00490

[dist]
# distance from previous block
# <min> <max>
5	56

[block]
# block no. 1 follows, 46 sequences, length 30
# corresponding to MSA columns:
# 449-478
name=unknown_B
#
# <colnr> <probs for GDERKNQSTAVLIFYWHMCP>
#	G	D	E	R	K	N	Q	S	T	A	V	L	I	F	Y	W	H	M	C	P
0	0.01263	0.07503	0.07429	0.12519	0.03076	0.03985	0.10059	0.04820	0.05942	0.10165	0.05886	0.11046	0.02951	0.00820	0.02772	0.00186	0.02830	0.00634	0.00378	0.05738
1	0.05697	0.14199	0.26177	0.03370	0.05586	0.01389	0.14182	0.12683	0.01360	0.05859	0.03887	0.01294	0.00925	0.00532	0.00500	0.00159	0.00672	0.00455	0.00319	0.00754
2	0.01085	0.11379	0.20341	0.03320	0.11412	0.01155	0.06637	0.03221	0.05149	0.01681	0.10490	0.10040	0.03907	0.00774	0.00589	0.00172	0.03535	0.04095	0.00346	0.00671
3	0.01076	0.00950	0.08926	0.05093	0.03448	0.03634	0.02100	0.03671	0.02402	0.11361	0.05154	0.33218	0.06197	0.04804	0.04262	0.00232	0.00506	0.01944	0.00441	0.00580
4	0.01163	0.03956	0.11680	0.11973	0.01945	0.06107	0.17428	0.03615	0.05078	0.04130	0.04419	0.04413	0.05910	0.00925	0.03648	0.09339	0.00677	0.02655	0.00326	0.00614
5	0.01172	0.00961	0.03780	0.07070	0.04864	0.04357	0.04651	0.10808	0.01242	0.06743	0.03574	0.24483	0.02915	0.02639	0.00897	0.10957	0.05857	0.02065	0.00395	0.00571
6	0.00839	0.00510	0.00691	0.00746	0.00797	0.00489	0.00510	0.03040	0.00989	0.04785	0.02274	0.53077	0.02605	0.01631	0.01050	0.23628	0.00364	0.01139	0.00427	0.00409
7	0.03614	0.03070	0.20972	0.07034	0.07756	0.05556	0.16819	0.04944	0.05846	0.04556	0.01398	0.10088	0.02594	0.00743	0.02497	0.00189	0.00693	0.00604	0.00326	0.00701
8	0.02694	0.10049	0.09677	0.01344	0.01698	0.04761	0.23781	0.02820	0.01183	0.05695	0.01695	0.26380	0.01711	0.00885	0.00581	0.00180	0.00613	0.03263	0.00363	0.00626
9	0.01060	0.02735	0.78682	0.01507	0.02288	0.01228	0.01953	0.01674	0.01116	0.01674	0.00949	0.01116	0.00670	0.00502	0.00502	0.00167	0.00781	0.00391	0.00223	0.00781
10	0.01571	0.00902	0.01319	0.16059	0.06394	0.00917	0.03468	0.03237	0.04664	0.32682	0.01944	0.06491	0.04689	0.00781	0.00606	0.00179	0.03579	0.07242	0.02555	0.00723
11	0.01655	0.09038	0.01759	0.03615	0.05072	0.25234	0.12951	0.06455	0.01431	0.14555	0.08051	0.01529	0.01244	0.00685	0.02716	0.00171	0.00715	0.00495	0.01936	0.00694
12	0.01408	0.01142	0.01221	0.01074	0.01381	0.01300	0.00841	0.12110	0.61830	0.04756	0.02071	0.05381	0.01596	0.00746	0.00543	0.00178	0.00435	0.00620	0.00538	0.00829
13	0.00918	0.00459	0.00689	0.00689	0.00689	0.00459	0.00459	0.00689	0.00689	0.00918	0.00918	0.01607	0.00918	0.01837	0.02066	0.84619	0.00459	0.00459	0.00230	0.00230
14	0.04056	0.13292	0.06850	0.31794	0.05320	0.01354	0.10633	0.11076	0.01291	0.04170	0.01196	0.01444	0.04175	0.00555	0.00508	0.00163	0.00656	0.00481	0.00303	0.00682
15	0.00644	0.00460	0.00613	0.00736	0.00767	0.00429	0.00491	0.00736	0.01012	0.01350	0.02914	0.81076	0.03497	0.01656	0.00675	0.00215	0.00307	0.01503	0.00491	0.00429
16	0.00674	0.00502	0.00623	0.00687	0.00773	0.00459	0.00489	0.00806	0.01135	0.01486	0.14510	0.43170	0.21640	0.04543	0.00736	0.00212	0.00309	0.06306	0.00497	0.00443
17	0.10649	0.01020	0.04838	0.14639	0.05760	0.01054	0.09686	0.02898	0.03675	0.07004	0.01294	0.05737	0.03166	0.02533	0.03903	0.11017	0.09664	0.00552	0.00319	0.00590
18	0.06118	0.01124	0.04592	0.12838	0.01606	0.06602	0.00913	0.16279	0.04321	0.06960	0.01776	0.02124	0.08910	0.02406	0.04351	0.00208	0.04044	0.05116	0.09065	0.00647
19	0.00652	0.00473	0.00617	0.00729	0.00777	0.00439	0.00499	0.00754	0.01038	0.01367	0.03120	0.71076	0.09934	0.01620	0.00673	0.00213	0.00311	0.04781	0.00491	0.00433
20	0.00925	0.00646	0.00864	0.00839	0.00971	0.00699	0.00643	0.06053	0.03609	0.05482	0.04066	0.12368	0.05636	0.07391	0.44188	0.00573	0.00963	0.03183	0.00381	0.00521
21	0.12190	0.01170	0.01610	0.13985	0.04083	0.01246	0.12147	0.21913	0.03638	0.07278	0.01150	0.01333	0.00859	0.00694	0.03906	0.00189	0.02438	0.00467	0.00379	0.09325
22	0.01247	0.33118	0.09160	0.01282	0.11172	0.04387	0.02950	0.01503	0.03355	0.03975	0.03438	0.08778	0.03115	0.06540	0.00674	0.00176	0.03632	0.00539	0.00305	0.00655
23	0.10262	0.03357	0.05007	0.59326	0.03052	0.03125	0.01330	0.04190	0.01115	0.01560	0.02361	0.01351	0.00775	0.00536	0.00501	0.00171	0.00665	0.00447	0.00263	0.00608
24	0.00915	0.05029	0.01036	0.00985	0.05748	0.04039	0.03127	0.02582	0.07221	0.01492	0.05212	0.23738	0.16699	0.07706	0.08746	0.00277	0.01749	0.02752	0.00416	0.00531
25	0.12265	0.02892	0.14735	0.01193	0.01604	0.03992	0.10412	0.13767	0.03851	0.04155	0.01394	0.09044	0.03263	0.02258	0.00593	0.00171	0.03251	0.01606	0.00365	0.09191
26	0.06614	0.03812	0.20526	0.03901	0.03919	0.04637	0.06334	0.12683	0.08459	0.07554	0.05879	0.03019	0.01189	0.01641	0.00535	0.00163	0.00596	0.00496	0.00377	0.07665
27	0.01266	0.08697	0.06590	0.08743	0.03476	0.01063	0.07712	0.07374	0.03390	0.10585	0.04287	0.10720	0.06497	0.00734	0.00568	0.00158	0.03486	0.00625	0.00387	0.13643
28	0.05523	0.05172	0.21234	0.05321	0.03793	0.05865	0.03227	0.05082	0.06282	0.01735	0.03313	0.08702	0.04161	0.02048	0.00539	0.00160	0.00572	0.01913	0.00335	0.15023
29	0.05320	0.13870	0.24839	0.03922	0.04348	0.01273	0.07463	0.05605	0.08341	0.05806	0.03059	0.04814	0.01077	0.02151	0.00533	0.00163	0.00607	0.00490	0.00330	0.05992

[dist]
# distance from previous block
# <min> <max>
1	17

[block]
# block no. 2 follows, 46 sequences, length 36
# corresponding to MSA columns:
# 504-539
name=unknown_C
#
# <colnr> <probs for GDERKNQSTAVLIFYWHMCP>
#	G	D	E	R	K	N	Q	S	T	A	V	L	I	F	Y	W	H	M	C	P
0	0.02651	0.03256	0.06728	0.06834	0.06085	0.05969	0.02818	0.08525	0.02362	0.06536	0.03458	0.14216	0.03691	0.02060	0.00558	0.00160	0.00517	0.03682	0.00384	0.19509
1	0.05520	0.03004	0.01078	0.02602	0.02471	0.05771	0.00735	0.09074	0.05542	0.01682	0.05039	0.07359	0.01455	0.05233	0.29232	0.00419	0.02221	0.00580	0.00355	0.10628
2	0.05755	0.01260	0.05981	0.04154	0.01571	0.06028	0.08078	0.19541	0.14714	0.06812	0.04095	0.10752	0.07365	0.00790	0.00551	0.00173	0.00541	0.00670	0.00451	0.00717
3	0.01683	0.01323	0.01506	0.01176	0.01582	0.01420	0.04746	0.45073	0.19698	0.02766	0.01420	0.01418	0.01045	0.00611	0.00517	0.00153	0.00533	0.00490	0.00488	0.12351
4	0.01262	0.07999	0.26560	0.03552	0.01760	0.06415	0.05036	0.10371	0.03920	0.03752	0.01391	0.08868	0.04223	0.00681	0.00575	0.00162	0.04695	0.00546	0.00332	0.07900
5	0.05607	0.03286	0.01769	0.08722	0.24183	0.03534	0.09518	0.10166	0.01280	0.04979	0.01209	0.08143	0.01058	0.00663	0.00669	0.00172	0.10008	0.00561	0.03765	0.00708
6	0.01195	0.07484	0.11959	0.04305	0.05314	0.01072	0.08306	0.07796	0.09561	0.06279	0.07887	0.13223	0.03374	0.00812	0.00555	0.00171	0.00532	0.04807	0.00407	0.04962
7	0.00946	0.04190	0.08907	0.00949	0.05142	0.01605	0.00760	0.01943	0.01206	0.06388	0.17059	0.18952	0.19773	0.01109	0.00691	0.02659	0.04470	0.00907	0.01791	0.00554
8	0.01096	0.00740	0.04153	0.03920	0.01138	0.00638	0.04665	0.01243	0.01205	0.14600	0.22196	0.02994	0.12942	0.04423	0.00983	0.17369	0.00425	0.04297	0.00449	0.00523
9	0.06725	0.19946	0.20559	0.01304	0.03724	0.13432	0.10808	0.04649	0.01225	0.01668	0.00987	0.01166	0.00779	0.00507	0.00452	0.00146	0.00674	0.00399	0.10167	0.00682
10	0.01415	0.07289	0.10198	0.09781	0.06815	0.09699	0.16404	0.07306	0.02166	0.08837	0.01182	0.05232	0.00970	0.00630	0.00658	0.00171	0.08792	0.01424	0.00325	0.00704
11	0.00780	0.00568	0.00694	0.00714	0.00761	0.00584	0.00478	0.03881	0.00969	0.01294	0.02325	0.32693	0.07815	0.34136	0.05727	0.00366	0.04366	0.01034	0.00399	0.00415
12	0.00800	0.00567	0.00751	0.03831	0.00922	0.00587	0.00567	0.00968	0.02934	0.02631	0.11311	0.17235	0.02522	0.26077	0.17058	0.00426	0.00626	0.09339	0.00402	0.00444
13	0.04979	0.03650	0.19553	0.05454	0.06971	0.03883	0.11582	0.13630	0.02998	0.09061	0.04722	0.08571	0.01259	0.00662	0.00538	0.00169	0.00630	0.00579	0.00374	0.00735
14	0.04476	0.01242	0.05791	0.12166	0.20657	0.03597	0.01161	0.10834	0.18417	0.07708	0.04602	0.03106	0.02648	0.00635	0.00528	0.00167	0.00555	0.00540	0.00403	0.00768
15	0.01517	0.43843	0.05899	0.01066	0.01458	0.13751	0.00979	0.12209	0.03318	0.01638	0.04797	0.01140	0.00954	0.00559	0.00489	0.00136	0.04873	0.00376	0.00302	0.00694
16	0.01586	0.05591	0.08330	0.01342	0.09682	0.03188	0.02776	0.18019	0.01475	0.16657	0.01295	0.05001	0.01015	0.00630	0.00615	0.00155	0.07957	0.00489	0.00406	0.13792
17	0.08796	0.04887	0.04295	0.03326	0.08289	0.02668	0.00840	0.01537	0.15233	0.04839	0.04084	0.19098	0.03774	0.02614	0.09282	0.00260	0.03512	0.01641	0.00402	0.00622
18	0.01318	0.00672	0.00864	0.00782	0.00993	0.00609	0.00593	0.01536	0.04490	0.29473	0.14744	0.24292	0.12040	0.04226	0.00681	0.00194	0.00357	0.00949	0.00560	0.00626
19	0.01138	0.01015	0.01613	0.40332	0.08777	0.03948	0.10028	0.03996	0.01185	0.05443	0.04976	0.09220	0.01288	0.04001	0.00646	0.00189	0.00644	0.00621	0.00319	0.00620
20	0.01049	0.02073	0.48102	0.01582	0.02192	0.01141	0.20803	0.01545	0.01135	0.01633	0.01261	0.12651	0.01109	0.00653	0.00558	0.00177	0.00742	0.00610	0.00273	0.00713
21	0.01290	0.01055	0.01153	0.05070	0.03437	0.11109	0.02999	0.14384	0.01346	0.05110	0.01582	0.17333	0.01490	0.01158	0.07430	0.03512	0.05255	0.00678	0.14012	0.00598
22	0.01151	0.01060	0.01904	0.04551	0.09923	0.01050	0.29797	0.06944	0.01289	0.03899	0.07666	0.15396	0.04786	0.00791	0.00645	0.00179	0.03907	0.00773	0.03638	0.00650
23	0.00827	0.00618	0.00787	0.10061	0.01167	0.00611	0.00621	0.01085	0.06792	0.05433	0.09660	0.32954	0.24861	0.01261	0.00621	0.00190	0.00353	0.01105	0.00480	0.00513
24	0.00697	0.00535	0.00629	0.00610	0.00748	0.00476	0.00451	0.00883	0.01331	0.01767	0.42937	0.06350	0.34259	0.05117	0.00726	0.00189	0.00271	0.01025	0.00530	0.00467
25	0.00773	0.00606	0.00825	0.10323	0.04274	0.00599	0.00644	0.00972	0.01235	0.01663	0.32549	0.15095	0.15313	0.08545	0.00811	0.00212	0.00366	0.04237	0.00471	0.00488
26	0.01324	0.36419	0.14046	0.05593	0.05282	0.08969	0.14344	0.01622	0.01157	0.01429	0.00958	0.03551	0.00833	0.00526	0.00462	0.00146	0.00693	0.01710	0.00252	0.00685
27	0.00918	0.00459	0.00689	0.00689	0.00689	0.00459	0.00459	0.00689	0.00689	0.00918	0.00918	0.01607	0.00918	0.01837	0.02066	0.84619	0.00459	0.00459	0.00230	0.00230
28	0.00643	0.00464	0.00609	0.00725	0.00764	0.00430	0.00486	0.00737	0.01022	0.01354	0.03044	0.77028	0.07460	0.01639	0.00672	0.00213	0.00305	0.01482	0.00491	0.00430
29	0.01086	0.02119	0.49244	0.04866	0.04203	0.01205	0.16323	0.01597	0.01118	0.01642	0.01017	0.01275	0.00761	0.00679	0.04409	0.00203	0.03560	0.00457	0.03510	0.00728
30	0.08551	0.11493	0.09846	0.03054	0.06762	0.03370	0.12494	0.15476	0.05126	0.09757	0.01256	0.01523	0.00980	0.00596	0.00532	0.00164	0.02320	0.04233	0.01722	0.00748
31	0.01224	0.01066	0.01031	0.03010	0.01225	0.10177	0.00735	0.12140	0.22138	0.01940	0.03684	0.11661	0.13394	0.01026	0.03614	0.00197	0.00497	0.02327	0.08269	0.00645
32	0.02024	0.00915	0.01190	0.00939	0.01317	0.00828	0.00767	0.06580	0.05513	0.55860	0.01960	0.04739	0.01372	0.00808	0.03423	0.00185	0.00482	0.02113	0.00587	0.08399
33	0.01444	0.07569	0.03524	0.09367	0.10648	0.05336	0.03728	0.19021	0.01505	0.08513	0.04591	0.07510	0.04061	0.00670	0.00516	0.00153	0.00556	0.00562	0.00397	0.10328
34	0.01348	0.29390	0.14131	0.05798	0.08412	0.07809	0.03349	0.08539	0.01280	0.01650	0.04831	0.01234	0.00960	0.00608	0.02459	0.00156	0.00649	0.00403	0.00288	0.06707
35	0.05455	0.05904	0.09571	0.08273	0.06084	0.03213	0.11605	0.12534	0.05091	0.12197	0.04414	0.01532	0.01100	0.03868	0.00600	0.00171	0.00603	0.00497	0.00382	0.06904

[dist]
# distance from previous block
# <min> <max>
5	21

[block]
# block no. 3 follows, 46 sequences, length 16
# corresponding to MSA columns:
# 562-577
name=unknown_D
#
# <colnr> <probs for GDERKNQSTAVLIFYWHMCP>
#	G	D	E	R	K	N	Q	S	T	A	V	L	I	F	Y	W	H	M	C	P
0	0.03424	0.04019	0.08374	0.19717	0.12575	0.06623	0.04133	0.10870	0.04146	0.04242	0.01297	0.05048	0.03686	0.00728	0.00669	0.06951	0.01982	0.00525	0.00326	0.00666
1	0.05518	0.01209	0.01431	0.03444	0.10918	0.04710	0.03788	0.23810	0.16397	0.09644	0.04028	0.01759	0.01285	0.00658	0.00523	0.00165	0.00530	0.03470	0.05933	0.00780
2	0.27306	0.00932	0.00931	0.00840	0.01046	0.04636	0.00665	0.05013	0.04052	0.04488	0.18480	0.04383	0.07419	0.04929	0.00749	0.00194	0.09384	0.03567	0.00421	0.00566
3	0.20894	0.00833	0.00994	0.04628	0.04075	0.00894	0.00723	0.04975	0.01144	0.13657	0.06265	0.01896	0.06095	0.01502	0.20280	0.00335	0.03178	0.00528	0.04326	0.02777
4	0.00883	0.00465	0.00690	0.00702	0.00709	0.00467	0.00473	0.00706	0.00728	0.00976	0.01137	0.09339	0.01189	0.01928	0.05900	0.72128	0.00494	0.00566	0.00258	0.00261
5	0.03687	0.01606	0.32998	0.01251	0.04468	0.01029	0.01259	0.01402	0.01050	0.05104	0.01368	0.14271	0.01304	0.04652	0.02668	0.00211	0.11689	0.02483	0.00312	0.07187
6	0.01422	0.05477	0.01439	0.03766	0.01437	0.31190	0.00963	0.04075	0.01153	0.01325	0.00946	0.01389	0.00880	0.07885	0.11303	0.00289	0.23771	0.00447	0.00271	0.00572
7	0.01367	0.01161	0.01225	0.01086	0.01394	0.01339	0.00849	0.08310	0.71583	0.02295	0.02086	0.01920	0.01560	0.00711	0.00537	0.00178	0.00431	0.00589	0.00537	0.00841
8	0.01036	0.00980	0.01534	0.07391	0.25272	0.04917	0.10404	0.01280	0.01172	0.01570	0.06816	0.27678	0.02069	0.00952	0.00600	0.00184	0.00546	0.04610	0.00368	0.00619
9	0.01269	0.01328	0.09414	0.11215	0.01694	0.08819	0.01106	0.05158	0.04555	0.06314	0.05146	0.01650	0.03975	0.03984	0.01051	0.00202	0.29654	0.00518	0.02317	0.00630
10	0.02807	0.07357	0.10087	0.08838	0.03749	0.04907	0.13828	0.12402	0.07336	0.10068	0.01321	0.01535	0.01837	0.03147	0.08218	0.00239	0.00730	0.00507	0.00363	0.00721
11	0.00651	0.00492	0.00601	0.00668	0.00754	0.00443	0.00465	0.00774	0.01126	0.01464	0.12470	0.49423	0.25767	0.01494	0.00654	0.00198	0.00288	0.01323	0.00502	0.00443
12	0.01145	0.01235	0.07787	0.09960	0.40493	0.02944	0.07324	0.01458	0.01182	0.01629	0.03943	0.07942	0.05138	0.00680	0.00578	0.00171	0.01980	0.03392	0.00305	0.00713
13	0.04010	0.02902	0.03378	0.05500	0.12454	0.09650	0.17793	0.04206	0.09922	0.07197	0.01480	0.06572	0.03548	0.01904	0.00656	0.00179	0.05467	0.02128	0.00357	0.00698
14	0.09548	0.01399	0.07168	0.09038	0.09249	0.12049	0.13825	0.08258	0.03319	0.06697	0.02852	0.04656	0.02856	0.00832	0.05763	0.00211	0.00717	0.00535	0.00344	0.00684
15	0.04283	0.01369	0.08681	0.04410	0.31023	0.07250	0.08198	0.06114	0.04860	0.04923	0.04692	0.09248	0.01298	0.00652	0.00541	0.00167	0.00618	0.00593	0.00343	0.00737

[dist]
# distance from previous block
# <min> <max>
1	43

[block]
# block no. 4 follows, 46 sequences, length 16
# corresponding to MSA columns:
# 621-636
name=unknown_E
#
# <colnr> <probs for GDERKNQSTAVLIFYWHMCP>
#	G	D	E	R	K	N	Q	S	T	A	V	L	I	F	Y	W	H	M	C	P
0	0.05437	0.19839	0.04516	0.07563	0.03444	0.10281	0.00977	0.18546	0.14002	0.01996	0.03016	0.01518	0.05458	0.00622	0.00478	0.00152	0.00578	0.00471	0.00380	0.00725
1	0.11244	0.18184	0.13258	0.15261	0.03958	0.02823	0.06086	0.07231	0.02618	0.03692	0.01066	0.02572	0.01701	0.00572	0.00524	0.00159	0.04143	0.01847	0.00298	0.02765
2	0.05299	0.03572	0.03425	0.01623	0.19492	0.18663	0.02512	0.09762	0.07416	0.04852	0.02487	0.01273	0.00932	0.00542	0.00513	0.00144	0.02587	0.00426	0.00344	0.14136
3	0.00886	0.00702	0.00778	0.00818	0.02276	0.04163	0.00582	0.02729	0.08735	0.03860	0.05957	0.34637	0.18942	0.06675	0.00768	0.00216	0.00378	0.05905	0.00479	0.00513
4	0.00972	0.00836	0.00846	0.00781	0.00946	0.09504	0.00590	0.07281	0.01520	0.02012	0.51194	0.08153	0.11232	0.01043	0.00602	0.00166	0.00362	0.00896	0.00528	0.00535
5	0.01307	0.07251	0.01393	0.01260	0.10495	0.03183	0.00879	0.11564	0.26295	0.01907	0.01495	0.01827	0.01265	0.13717	0.00948	0.00219	0.06738	0.00537	0.03214	0.04507
6	0.02677	0.01642	0.21137	0.03148	0.06317	0.07146	0.15420	0.06838	0.01255	0.01762	0.09663	0.01536	0.01232	0.00647	0.00754	0.00176	0.14949	0.00521	0.02495	0.00684
7	0.00836	0.00604	0.00764	0.00821	0.00918	0.00598	0.00605	0.09366	0.01235	0.01643	0.05655	0.55291	0.04888	0.01480	0.00664	0.00210	0.00364	0.13067	0.00498	0.00495
8	0.01413	0.81739	0.02770	0.00905	0.01357	0.02092	0.00905	0.01583	0.01074	0.01244	0.00735	0.00848	0.00678	0.00452	0.00339	0.00113	0.00565	0.00283	0.00226	0.00678
9	0.01017	0.00849	0.00982	0.00736	0.01115	0.00659	0.00565	0.01209	0.01051	0.01596	0.01310	0.01700	0.05441	0.13201	0.00767	0.00152	0.00403	0.00432	0.00325	0.66489
10	0.01477	0.72771	0.02626	0.00956	0.01388	0.10832	0.00918	0.01643	0.01122	0.01249	0.00744	0.00860	0.00679	0.00463	0.00355	0.00116	0.00609	0.00289	0.00231	0.00671
11	0.06539	0.00886	0.01175	0.00913	0.01302	0.00783	0.00751	0.02436	0.01481	0.70338	0.06220	0.01870	0.01475	0.00670	0.00526	0.00164	0.00437	0.00543	0.00633	0.00861
12	0.00996	0.04490	0.01068	0.04605	0.01239	0.00728	0.00633	0.01222	0.01163	0.01699	0.12100	0.02018	0.11497	0.00620	0.00458	0.00110	0.00379	0.00514	0.00366	0.54095
13	0.01138	0.00985	0.01238	0.03101	0.01364	0.03776	0.09256	0.09510	0.18699	0.03912	0.06034	0.07295	0.22624	0.01073	0.04460	0.00211	0.03449	0.00778	0.00455	0.00643
14	0.00996	0.01129	0.10287	0.68335	0.03389	0.01162	0.01493	0.01372	0.01056	0.01383	0.00958	0.01401	0.00723	0.00652	0.03419	0.00200	0.00740	0.00464	0.00235	0.00605
15	0.03739	0.05454	0.28931	0.01879	0.10866	0.01332	0.28290	0.01714	0.05566	0.01700	0.01038	0.01281	0.00790	0.00509	0.00598	0.00171	0.04641	0.00491	0.00265	0.00746

[dist]
# distance from previous block
# <min> <max>
1	5

[block]
# block no. 5 follows, 46 sequences, length 25
# corresponding to MSA columns:
# 644-668
name=unknown_F
#
# <colnr> <probs for GDERKNQSTAVLIFYWHMCP>
#	G	D	E	R	K	N	Q	S	T	A	V	L	I	F	Y	W	H	M	C	P
0	0.03939	0.03430	0.01501	0.10676	0.10726	0.04518	0.08422	0.06088	0.03108	0.04156	0.03865	0.03555	0.09347	0.00629	0.00529	0.00145	0.02173	0.00541	0.00349	0.22303
1	0.00681	0.00519	0.00718	0.00780	0.00857	0.00477	0.03355	0.00798	0.01048	0.01386	0.03045	0.66403	0.10898	0.01544	0.00663	0.00207	0.00332	0.03461	0.00478	0.02351
2	0.01374	0.17088	0.15389	0.01193	0.01547	0.01319	0.05702	0.04960	0.01167	0.14806	0.01337	0.12033	0.01188	0.00767	0.00770	0.00176	0.17561	0.00578	0.00353	0.00692
3	0.01402	0.21752	0.08043	0.03659	0.07958	0.03982	0.03175	0.07024	0.03356	0.08989	0.01123	0.03772	0.00916	0.00526	0.00449	0.00130	0.00548	0.00419	0.00334	0.22443
4	0.01055	0.16779	0.09025	0.05037	0.09561	0.01125	0.09843	0.03578	0.03747	0.01530	0.01715	0.31189	0.01807	0.00928	0.00555	0.00175	0.00536	0.00837	0.00354	0.00623
5	0.01413	0.81739	0.02770	0.00905	0.01357	0.02092	0.00905	0.01583	0.01074	0.01244	0.00735	0.00848	0.00678	0.00452	0.00339	0.00113	0.00565	0.00283	0.00226	0.00678
6	0.01236	0.07448	0.16801	0.11928	0.19278	0.01225	0.17674	0.01614	0.01181	0.06518	0.01198	0.01694	0.00985	0.00645	0.02294	0.00185	0.00715	0.06366	0.00293	0.00724
7	0.03755	0.01669	0.32257	0.01583	0.15729	0.01094	0.03189	0.07093	0.03643	0.01726	0.01268	0.07392	0.01128	0.08121	0.07823	0.00261	0.00716	0.00553	0.00302	0.00699
8	0.01197	0.31200	0.01923	0.01068	0.01379	0.04057	0.10972	0.06291	0.01136	0.01436	0.01375	0.01752	0.06651	0.08338	0.16307	0.00315	0.03198	0.00509	0.00293	0.00603
9	0.01252	0.34753	0.41836	0.01279	0.01895	0.05192	0.03904	0.01658	0.01121	0.01483	0.00860	0.01010	0.00678	0.00482	0.00439	0.00144	0.00705	0.00352	0.00228	0.00730
10	0.01265	0.04044	0.13790	0.24204	0.08297	0.01150	0.01241	0.10120	0.07736	0.08256	0.04817	0.04675	0.03140	0.00686	0.00540	0.00173	0.00591	0.04198	0.00372	0.00706
11	0.01520	0.03486	0.09497	0.23680	0.02248	0.01166	0.08963	0.13675	0.01406	0.20311	0.01352	0.03686	0.01006	0.03401	0.00633	0.00182	0.02134	0.00527	0.00395	0.00734
12	0.00796	0.00669	0.00715	0.00784	0.00865	0.06322	0.00546	0.00985	0.05755	0.01414	0.04527	0.56087	0.09640	0.05215	0.00742	0.00217	0.00372	0.03412	0.00471	0.00468
13	0.03270	0.00648	0.03178	0.00769	0.00884	0.00600	0.00572	0.03784	0.03431	0.05518	0.04374	0.33191	0.05800	0.07112	0.06828	0.15402	0.00464	0.00946	0.02764	0.00464
14	0.01177	0.01245	0.12143	0.20727	0.23927	0.01077	0.08346	0.01520	0.01169	0.07252	0.01386	0.08352	0.01236	0.00689	0.00563	0.00178	0.00639	0.07356	0.00319	0.00697
15	0.08624	0.11910	0.02564	0.07146	0.01425	0.04043	0.03267	0.03262	0.12675	0.10316	0.07536	0.01989	0.07040	0.03817	0.08895	0.00247	0.03641	0.00559	0.00397	0.00647
16	0.00827	0.00539	0.00647	0.00666	0.00798	0.00497	0.00505	0.01011	0.01220	0.05279	0.17626	0.19715	0.22373	0.01207	0.00597	0.00181	0.00304	0.09967	0.15553	0.00487
17	0.00800	0.00513	0.00667	0.00667	0.00689	0.00535	0.00433	0.00792	0.00769	0.01048	0.01434	0.02705	0.01548	0.44765	0.20593	0.20054	0.00713	0.00649	0.00291	0.00335
18	0.04946	0.01478	0.18651	0.04067	0.13893	0.02969	0.02942	0.07735	0.19157	0.05758	0.05588	0.01889	0.04758	0.00667	0.00533	0.00170	0.00566	0.03081	0.00396	0.00758
19	0.00906	0.00775	0.06850	0.02531	0.01045	0.02940	0.00704	0.01087	0.01063	0.06088	0.02234	0.34271	0.02411	0.08810	0.08973	0.00295	0.00535	0.11470	0.06509	0.00502
20	0.00747	0.00540	0.00656	0.00682	0.00800	0.00495	0.00492	0.02522	0.01197	0.04052	0.16188	0.35388	0.27663	0.01510	0.04335	0.00222	0.00347	0.01187	0.00503	0.00474
21	0.00972	0.00904	0.01514	0.74285	0.03429	0.01119	0.01396	0.01305	0.01054	0.01351	0.01085	0.07294	0.00911	0.00612	0.00539	0.00179	0.00675	0.00546	0.00254	0.00576
22	0.07967	0.00937	0.01393	0.14864	0.04441	0.00917	0.07968	0.02038	0.01313	0.41947	0.01617	0.01627	0.01090	0.00591	0.00508	0.00163	0.00519	0.00505	0.08834	0.00761
23	0.85155	0.01022	0.00777	0.00695	0.01022	0.01186	0.00573	0.01554	0.00900	0.02372	0.00736	0.00859	0.00573	0.00491	0.00327	0.00164	0.00409	0.00286	0.00327	0.00573
24	0.01124	0.09401	0.08775	0.30504	0.18672	0.01220	0.05304	0.03528	0.01151	0.01535	0.01194	0.04169	0.01065	0.02856	0.00593	0.00181	0.00651	0.07135	0.00281	0.00662

[dist]
# distance from previous block
# <min> <max>
0	1

[block]
# block no. 6 follows, 46 sequences, length 22
# corresponding to MSA columns:
# 670-691
name=unknown_G
#
# <colnr> <probs for GDERKNQSTAVLIFYWHMCP>
#	G	D	E	R	K	N	Q	S	T	A	V	L	I	F	Y	W	H	M	C	P
0	0.00778	0.00564	0.00704	0.00739	0.00841	0.00535	0.00531	0.00949	0.05822	0.01413	0.05149	0.35929	0.12773	0.06790	0.00947	0.10342	0.00363	0.08598	0.00442	0.05790
1	0.04631	0.20315	0.19772	0.01471	0.06224	0.07723	0.14478	0.06272	0.06088	0.06614	0.01073	0.01204	0.00816	0.00513	0.00484	0.00153	0.00686	0.00431	0.00308	0.00745
2	0.06589	0.09119	0.48102	0.03266	0.11651	0.01246	0.01595	0.01662	0.01128	0.06204	0.01064	0.04201	0.00832	0.00547	0.00488	0.00163	0.00680	0.00437	0.00271	0.00755
3	0.04554	0.00799	0.01023	0.00828	0.01164	0.00697	0.00669	0.02035	0.01400	0.54538	0.02855	0.05777	0.19624	0.00853	0.00553	0.00169	0.00399	0.00702	0.00598	0.00762
4	0.01067	0.00973	0.01692	0.13332	0.06063	0.00979	0.24557	0.06954	0.01247	0.01704	0.05421	0.12392	0.07668	0.05688	0.00708	0.00195	0.00591	0.00749	0.07417	0.00604
5	0.03277	0.24334	0.22052	0.08432	0.09402	0.04120	0.06039	0.04423	0.01170	0.03345	0.01062	0.01250	0.03304	0.00545	0.00538	0.00155	0.05155	0.00420	0.00267	0.00710
6	0.00748	0.00499	0.00702	0.00810	0.03341	0.00487	0.00528	0.00778	0.00930	0.01254	0.03833	0.48483	0.02591	0.04879	0.07405	0.20383	0.00450	0.01104	0.00400	0.00396
7	0.01365	0.00604	0.00694	0.00615	0.00817	0.00571	0.00481	0.01600	0.01219	0.22909	0.01823	0.01924	0.01342	0.00626	0.00414	0.00134	0.00302	0.00503	0.61452	0.00604
8	0.01259	0.01334	0.10749	0.22365	0.12885	0.07397	0.07275	0.06466	0.01256	0.06196	0.01431	0.03666	0.05352	0.02895	0.00631	0.00180	0.02665	0.02980	0.02348	0.00672
9	0.01456	0.09044	0.12931	0.08738	0.10549	0.11975	0.07678	0.13431	0.01378	0.04525	0.01045	0.01347	0.00841	0.00602	0.00653	0.00167	0.09880	0.02726	0.00312	0.00722
10	0.01282	0.00792	0.01062	0.17463	0.01575	0.00842	0.02596	0.05321	0.07331	0.15494	0.01717	0.02051	0.03198	0.06166	0.04805	0.00218	0.00511	0.02292	0.24660	0.00625
11	0.55039	0.09094	0.01073	0.00816	0.01124	0.05665	0.00670	0.01679	0.09981	0.02091	0.01045	0.06090	0.00900	0.00600	0.00414	0.00164	0.02193	0.00407	0.00347	0.00608
12	0.01279	0.01878	0.22583	0.01863	0.02386	0.10776	0.41318	0.01703	0.01207	0.01604	0.00976	0.01265	0.00744	0.00513	0.00668	0.00175	0.07586	0.00515	0.00253	0.00707
13	0.01456	0.00949	0.01097	0.00886	0.01194	0.03070	0.00691	0.10904	0.05265	0.20096	0.04153	0.04380	0.03721	0.12430	0.02760	0.00212	0.03295	0.00561	0.00449	0.22434
14	0.01031	0.00496	0.00729	0.00706	0.00739	0.00486	0.00481	0.00843	0.00757	0.07162	0.01033	0.01674	0.00978	0.03958	0.01960	0.75481	0.00460	0.00474	0.00266	0.00286
15	0.01047	0.00931	0.01551	0.63392	0.10776	0.01109	0.01382	0.01370	0.01084	0.04000	0.01143	0.07822	0.00963	0.00618	0.00540	0.00177	0.00656	0.00555	0.00272	0.00610
16	0.09130	0.00934	0.01188	0.00924	0.01318	0.00855	0.00761	0.07191	0.01514	0.64584	0.02038	0.01805	0.03965	0.00664	0.00518	0.00164	0.00448	0.00529	0.00613	0.00856
17	0.01888	0.00804	0.01078	0.00874	0.01193	0.00712	0.00702	0.03854	0.01492	0.54659	0.17844	0.08611	0.02238	0.00823	0.00562	0.00168	0.00400	0.00696	0.00623	0.00779
18	0.01442	0.01103	0.01180	0.00984	0.01292	0.01196	0.00785	0.36348	0.18569	0.02545	0.06879	0.04975	0.15434	0.00841	0.00553	0.00168	0.00446	0.00683	0.03828	0.00747
19	0.00664	0.00481	0.00627	0.00727	0.00781	0.00448	0.00503	0.00776	0.01063	0.01407	0.07309	0.64084	0.09533	0.03349	0.00716	0.00217	0.00316	0.06070	0.00492	0.00436
20	0.08918	0.07912	0.22186	0.04791	0.01597	0.01084	0.06073	0.06640	0.03578	0.04812	0.07467	0.07127	0.01393	0.00661	0.00488	0.00160	0.00537	0.00548	0.13368	0.00662
21	0.69203	0.00996	0.00837	0.00718	0.01062	0.01094	0.00589	0.01575	0.00969	0.06593	0.02415	0.01002	0.00728	0.00501	0.00352	0.00154	0.00406	0.00317	0.00349	0.10139

[dist]
# distance from previous block
# <min> <max>
0	1

[block]
# block no. 7 follows, 46 sequences, length 8
# corresponding to MSA columns:
# 693-700
name=unknown_H
#
# <colnr> <probs for GDERKNQSTAVLIFYWHMCP>
#	G	D	E	R	K	N	Q	S	T	A	V	L	I	F	Y	W	H	M	C	P
0	0.19923	0.00813	0.00913	0.00810	0.01017	0.00849	0.00614	0.12586	0.01191	0.14300	0.01452	0.12845	0.01333	0.06167	0.01041	0.22139	0.00447	0.00603	0.00408	0.00550
1	0.13027	0.01088	0.04593	0.07783	0.11308	0.01046	0.05574	0.12336	0.01285	0.05689	0.01378	0.05281	0.03689	0.04986	0.04924	0.00212	0.00584	0.02236	0.00361	0.12619
2	0.00809	0.07317	0.12398	0.00847	0.01060	0.00710	0.00743	0.01001	0.01063	0.01436	0.05940	0.42234	0.07760	0.06595	0.00739	0.00209	0.00417	0.03569	0.00414	0.04740
3	0.01330	0.20878	0.06378	0.04832	0.01348	0.04421	0.00864	0.01518	0.01083	0.16121	0.01345	0.05337	0.01177	0.08415	0.16865	0.01754	0.04850	0.00519	0.00343	0.00622
4	0.01293	0.05941	0.03349	0.05431	0.05136	0.10041	0.08264	0.01510	0.02847	0.07763	0.01362	0.07239	0.03679	0.00862	0.00978	0.03729	0.25020	0.04614	0.00323	0.00616
5	0.01333	0.34800	0.01822	0.00918	0.01264	0.05382	0.03450	0.04963	0.01146	0.06292	0.02889	0.01462	0.01038	0.10124	0.04435	0.04066	0.00585	0.00421	0.00307	0.13303
6	0.05147	0.01120	0.05090	0.05666	0.05679	0.00986	0.00865	0.17384	0.01389	0.03562	0.01211	0.08622	0.01054	0.00589	0.00468	0.00128	0.00477	0.00484	0.00371	0.39706
7	0.06137	0.05591	0.09831	0.04746	0.01568	0.20603	0.00989	0.16566	0.01513	0.07208	0.07680	0.01697	0.01292	0.04604	0.00609	0.00171	0.00638	0.03569	0.00383	0.04605

[dist]
# distance from previous block
# <min> <max>
0	33

[block]
# block no. 8 follows, 46 sequences, length 6
# corresponding to MSA columns:
# 735-740
name=unknown_I
#
# <colnr> <probs for GDERKNQSTAVLIFYWHMCP>
#	G	D	E	R	K	N	Q	S	T	A	V	L	I	F	Y	W	H	M	C	P
0	0.09009	0.09491	0.05190	0.02419	0.04284	0.00971	0.05381	0.01448	0.10355	0.04708	0.05435	0.18925	0.09465	0.02502	0.00572	0.00173	0.00448	0.00757	0.00403	0.08065
1	0.01243	0.10497	0.22346	0.03128	0.06285	0.01278	0.12044	0.07928	0.12067	0.03330	0.01308	0.06248	0.01076	0.00760	0.04212	0.00194	0.00671	0.00531	0.00334	0.04521
2	0.06918	0.01487	0.16223	0.10298	0.05464	0.04682	0.04871	0.15193	0.01386	0.04428	0.04043	0.01308	0.00938	0.00545	0.00527	0.00149	0.03168	0.00435	0.00340	0.17598
3	0.08503	0.04673	0.05469	0.08127	0.01256	0.00796	0.00734	0.01257	0.04497	0.05921	0.16156	0.03152	0.18868	0.04958	0.00721	0.03524	0.00422	0.07475	0.00427	0.03064
4	0.06150	0.05425	0.17289	0.01205	0.03976	0.01096	0.06612	0.10197	0.03346	0.08796	0.04327	0.05649	0.05997	0.06044	0.00744	0.00199	0.04525	0.07360	0.00388	0.00674
5	0.60603	0.13879	0.01188	0.00820	0.01159	0.12058	0.00686	0.01635	0.01009	0.02047	0.00747	0.00870	0.00604	0.00492	0.00350	0.00152	0.00508	0.00293	0.00304	0.00595

[dist]
# distance from previous block
# <min> <max>
0	1

[block]
# block no. 9 follows, 46 sequences, length 17
# corresponding to MSA columns:
# 742-751,753-759
name=unknown_J
#
# <colnr> <probs for GDERKNQSTAVLIFYWHMCP>
#	G	D	E	R	K	N	Q	S	T	A	V	L	I	F	Y	W	H	M	C	P
0	0.01209	0.04332	0.03310	0.15146	0.09624	0.03592	0.02408	0.04952	0.08318	0.03652	0.01233	0.06331	0.01059	0.00601	0.00542	0.00144	0.04051	0.01545	0.00336	0.27614
1	0.04247	0.01280	0.01518	0.12764	0.01826	0.14277	0.09579	0.14480	0.01388	0.04877	0.06411	0.01579	0.01168	0.01215	0.14405	0.00287	0.07192	0.00513	0.00348	0.00645
2	0.08950	0.00904	0.01441	0.45647	0.08051	0.01039	0.05772	0.01278	0.01036	0.01458	0.01312	0.05440	0.05871	0.00750	0.00678	0.08374	0.00611	0.00553	0.00276	0.00560
3	0.01216	0.23592	0.08149	0.13177	0.03846	0.01329	0.01021	0.05010	0.09817	0.04457	0.03665	0.06507	0.01264	0.00898	0.05971	0.00206	0.03116	0.02308	0.03788	0.00663
4	0.00710	0.00543	0.00688	0.03900	0.00914	0.00525	0.00538	0.00926	0.05786	0.01515	0.12914	0.51082	0.15127	0.01429	0.00646	0.00199	0.00316	0.01274	0.00495	0.00472
5	0.00908	0.00463	0.00681	0.00681	0.00681	0.00463	0.00450	0.00694	0.00694	0.00926	0.00970	0.01735	0.00988	0.07339	0.02109	0.78803	0.00463	0.00481	0.00236	0.00236
6	0.01220	0.01166	0.01986	0.25210	0.56850	0.01233	0.01578	0.01545	0.01162	0.01620	0.00979	0.01337	0.00799	0.00487	0.00525	0.00162	0.00650	0.00471	0.00254	0.00766
7	0.03040	0.01117	0.04167	0.20880	0.06739	0.08201	0.01003	0.10452	0.05201	0.07804	0.02816	0.04528	0.07850	0.00867	0.00758	0.12461	0.00574	0.00563	0.00362	0.00616
8	0.01395	0.00796	0.00953	0.00863	0.01101	0.01970	0.00702	0.07075	0.08524	0.21976	0.08481	0.03153	0.05518	0.02835	0.00615	0.00186	0.00416	0.18275	0.14511	0.00656
9	0.01324	0.00679	0.00755	0.00665	0.00872	0.00678	0.00521	0.08227	0.04339	0.15488	0.04618	0.01953	0.01453	0.00646	0.00428	0.00137	0.00319	0.00520	0.55765	0.00614
10	0.00898	0.00584	0.00769	0.02712	0.00866	0.00614	0.00533	0.05473	0.02626	0.01245	0.01589	0.08910	0.04932	0.19192	0.15843	0.31211	0.00635	0.00667	0.00318	0.00383
11	0.03969	0.01098	0.06436	0.16198	0.14603	0.01053	0.06580	0.07029	0.01270	0.14684	0.02903	0.01648	0.01085	0.00826	0.05999	0.00213	0.02887	0.01894	0.08922	0.00704
12	0.01140	0.00726	0.03949	0.00880	0.01078	0.00633	0.00730	0.01376	0.03545	0.18977	0.04655	0.24390	0.08304	0.01363	0.04217	0.00233	0.00460	0.22250	0.00510	0.00584
13	0.02059	0.01027	0.01248	0.00976	0.01352	0.01008	0.00800	0.23491	0.04330	0.45302	0.04410	0.01742	0.01332	0.00662	0.00520	0.00159	0.00462	0.00529	0.07742	0.00849
14	0.01173	0.05285	0.27805	0.22931	0.11115	0.03661	0.07646	0.03668	0.01168	0.03500	0.01072	0.04982	0.00865	0.00571	0.00549	0.00169	0.02374	0.00493	0.00268	0.00705
15	0.07304	0.16933	0.09330	0.06286	0.09442	0.18158	0.08916	0.11795	0.01379	0.01780	0.00949	0.01129	0.00752	0.00515	0.00470	0.00148	0.00699	0.00404	0.02905	0.00705
16	0.08119	0.03580	0.18515	0.03318	0.14129	0.03109	0.03580	0.07891	0.01311	0.10980	0.04655	0.01793	0.09814	0.00635	0.00508	0.00158	0.00564	0.00525	0.00369	0.06448

[dist]
# distance from previous block
# <min> <max>
0	4

[block]
# block no. 10 follows, 46 sequences, length 18
# corresponding to MSA columns:
# 764-781
name=unknown_K
#
# <colnr> <probs for GDERKNQSTAVLIFYWHMCP>
#	G	D	E	R	K	N	Q	S	T	A	V	L	I	F	Y	W	H	M	C	P
0	0.12636	0.00792	0.03291	0.02993	0.01044	0.02063	0.00634	0.01327	0.10200	0.06620	0.05288	0.24376	0.04032	0.13565	0.08519	0.00300	0.00516	0.00842	0.00423	0.00539
1	0.17072	0.20679	0.06766	0.01026	0.01396	0.18857	0.00905	0.06874	0.01239	0.01736	0.02981	0.01078	0.00822	0.00536	0.00481	0.00139	0.04853	0.00354	0.02324	0.09884
2	0.01196	0.25280	0.11124	0.07380	0.14652	0.01311	0.01101	0.02661	0.03180	0.02759	0.06575	0.03125	0.04519	0.00601	0.00470	0.00142	0.00545	0.02170	0.00310	0.10899
3	0.00837	0.00700	0.03139	0.00871	0.00983	0.00749	0.00689	0.00997	0.00858	0.01254	0.01325	0.02067	0.01276	0.13693	0.50064	0.03051	0.09300	0.00558	0.02023	0.05565
4	0.01100	0.04811	0.62492	0.01399	0.02073	0.01231	0.01714	0.04542	0.05936	0.01724	0.01067	0.01243	0.00789	0.00789	0.06641	0.00219	0.00794	0.00417	0.00259	0.00762
5	0.03463	0.01007	0.01658	0.50712	0.15098	0.01152	0.05059	0.02846	0.02454	0.05143	0.03261	0.01611	0.00965	0.00569	0.00536	0.00174	0.00655	0.02694	0.00291	0.00652
6	0.05191	0.00916	0.01182	0.00939	0.01313	0.00844	0.00764	0.05023	0.07620	0.62023	0.02065	0.06772	0.01430	0.00716	0.00534	0.00168	0.00441	0.00587	0.00618	0.00853
7	0.00843	0.00622	0.00726	0.00703	0.00866	0.00592	0.00524	0.01193	0.11390	0.05372	0.28662	0.16735	0.27389	0.01190	0.00617	0.00180	0.00297	0.01030	0.00535	0.00534
8	0.00866	0.00585	0.00836	0.00813	0.00932	0.00640	0.00627	0.01044	0.00945	0.06900	0.05307	0.02405	0.06133	0.07855	0.60774	0.00708	0.01170	0.00627	0.00339	0.00494
9	0.43014	0.01062	0.01023	0.00847	0.01207	0.05942	0.00692	0.02045	0.01211	0.36216	0.01342	0.01284	0.00907	0.00567	0.00428	0.00162	0.00462	0.00399	0.00469	0.00721
10	0.01429	0.00831	0.01013	0.00874	0.01130	0.00821	0.00685	0.14377	0.06655	0.23485	0.14571	0.14707	0.09989	0.01158	0.05559	0.00217	0.00458	0.00807	0.00548	0.00685
11	0.00751	0.00607	0.00968	0.00934	0.01035	0.00573	0.11091	0.00887	0.01023	0.01367	0.02502	0.57985	0.02914	0.11041	0.00911	0.00246	0.00420	0.03848	0.00439	0.00458
12	0.01666	0.00991	0.01093	0.00883	0.01185	0.01039	0.00715	0.34070	0.01775	0.15598	0.01588	0.01637	0.01149	0.00631	0.00466	0.00145	0.00427	0.00492	0.33710	0.00738
13	0.68413	0.01082	0.00910	0.00774	0.01123	0.01220	0.00636	0.12022	0.01134	0.02467	0.00823	0.00931	0.00631	0.00505	0.00359	0.00158	0.00432	0.00314	0.00355	0.05712
14	0.06810	0.18669	0.06371	0.01147	0.01426	0.32277	0.00975	0.01686	0.01178	0.01400	0.00878	0.01148	0.00774	0.04385	0.00741	0.00167	0.13630	0.00377	0.05353	0.00608
15	0.00802	0.05711	0.00861	0.03649	0.00975	0.00653	0.00575	0.02487	0.04523	0.01512	0.09536	0.47164	0.09542	0.03597	0.00670	0.00197	0.00351	0.01150	0.00460	0.05586
16	0.04577	0.03718	0.10987	0.03396	0.25207	0.04360	0.10488	0.12788	0.04018	0.04260	0.01393	0.02858	0.05755	0.00587	0.00525	0.00160	0.00628	0.00523	0.00341	0.03433
17	0.03946	0.01288	0.05021	0.12396	0.04752	0.02730	0.10175	0.22978	0.10959	0.09574	0.01348	0.03460	0.01017	0.00611	0.00559	0.00165	0.02523	0.00518	0.00415	0.05566

[dist]
# distance from previous block
# <min> <max>
6	9

[block]
# block no. 11 follows, 46 sequences, length 16
# corresponding to MSA columns:
# 794-809
name=unknown_L
#
# <colnr> <probs for GDERKNQSTAVLIFYWHMCP>
#	G	D	E	R	K	N	Q	S	T	A	V	L	I	F	Y	W	H	M	C	P
0	0.01556	0.09404	0.01438	0.01056	0.01399	0.06280	0.00860	0.34137	0.20171	0.02412	0.01986	0.04294	0.11208	0.00754	0.00526	0.00162	0.00514	0.00592	0.00478	0.00770
1	0.00882	0.00459	0.00679	0.00695	0.00699	0.00455	0.00463	0.00695	0.00731	0.00975	0.01180	0.12023	0.01256	0.01813	0.01884	0.73556	0.00439	0.00596	0.00264	0.00256
2	0.01197	0.18683	0.42438	0.01367	0.03581	0.03146	0.03905	0.01784	0.11073	0.01624	0.01062	0.01202	0.00816	0.00598	0.01931	0.00172	0.03992	0.00410	0.00270	0.00749
3	0.01397	0.55186	0.08984	0.11378	0.01768	0.01846	0.01080	0.10125	0.01237	0.01534	0.00841	0.00993	0.00706	0.00487	0.00400	0.00131	0.00604	0.00339	0.00262	0.00701
4	0.01290	0.01130	0.11286	0.01052	0.01318	0.02690	0.02278	0.06171	0.06344	0.14999	0.02902	0.09685	0.02938	0.04416	0.10124	0.00274	0.12225	0.02256	0.05970	0.00652
5	0.00695	0.00483	0.00604	0.00677	0.00747	0.00448	0.00468	0.00831	0.01109	0.01533	0.13146	0.53387	0.11509	0.01425	0.00627	0.00194	0.00288	0.01272	0.10109	0.00448
6	0.00885	0.00488	0.00709	0.00710	0.00718	0.00504	0.00480	0.00729	0.00729	0.00982	0.01129	0.06671	0.01180	0.08552	0.06953	0.64953	0.02541	0.00556	0.00257	0.00274
7	0.04285	0.00784	0.01017	0.00856	0.01146	0.00716	0.00676	0.03547	0.03524	0.46585	0.09720	0.17257	0.02076	0.00884	0.00555	0.00172	0.00394	0.00753	0.04313	0.00739
8	0.01120	0.00820	0.01247	0.03926	0.01322	0.00954	0.05557	0.01306	0.00995	0.11427	0.01431	0.02182	0.01297	0.02091	0.30730	0.03581	0.20100	0.09009	0.00338	0.00566
9	0.01112	0.00708	0.00979	0.01081	0.11023	0.00696	0.00697	0.01304	0.03117	0.14958	0.05192	0.08674	0.09436	0.19673	0.15800	0.00379	0.00632	0.03555	0.00417	0.00567
10	0.01380	0.01436	0.01619	0.10836	0.28604	0.22037	0.01243	0.04572	0.01283	0.01566	0.01203	0.01875	0.01097	0.00865	0.05433	0.00210	0.03612	0.10153	0.00302	0.00674
11	0.01534	0.01025	0.01317	0.11396	0.01649	0.03892	0.05486	0.15946	0.06060	0.21468	0.17717	0.02248	0.06419	0.00751	0.00559	0.00167	0.00500	0.00639	0.00506	0.00722
12	0.00946	0.00778	0.01269	0.01370	0.13120	0.00758	0.10773	0.03100	0.01138	0.01527	0.04162	0.23233	0.05573	0.02711	0.00846	0.09876	0.00500	0.17392	0.00395	0.00533
13	0.00811	0.00654	0.00846	0.01021	0.10914	0.02683	0.00632	0.00982	0.01195	0.01621	0.22575	0.31919	0.12728	0.04776	0.00707	0.00197	0.00353	0.01070	0.03807	0.00506
14	0.01272	0.37200	0.14623	0.07651	0.01704	0.01576	0.03106	0.06270	0.11139	0.01600	0.01209	0.08277	0.01070	0.00620	0.00457	0.00149	0.00580	0.00487	0.00311	0.00701
15	0.14182	0.01042	0.04178	0.02461	0.03311	0.04431	0.03059	0.09289	0.07333	0.10711	0.11196	0.02311	0.11456	0.02366	0.07550	0.00235	0.02001	0.01803	0.00439	0.00647

[dist]
# distance from previous block
# <min> <max>
24	62

[block]
# block no. 12 follows, 46 sequences, length 14
# corresponding to MSA columns:
# 887-900
