[name]
unknown

[dist]
# distance from previous block
# <min> <max>
0	111

[block]
# block no. 0 follows, 59 sequences, length 10
# corresponding to MSA columns:
# 149-158
name=unknown_A
#
# <colnr> <probs for GDERKNQSTAVLIFYWHMCP>
#	G	D	E	R	K	N	Q	S	T	A	V	L	I	F	Y	W	H	M	C	P
0	0.03832	0.02084	0.04681	0.10166	0.48451	0.02553	0.02810	0.04190	0.02158	0.03557	0.01058	0.07816	0.02485	0.00512	0.00458	0.00138	0.01699	0.00467	0.00256	0.00629
1	0.01069	0.01000	0.01714	0.16273	0.42926	0.01053	0.12549	0.01412	0.06869	0.04542	0.00924	0.01171	0.00732	0.00442	0.00510	0.00142	0.05369	0.00421	0.00244	0.00638
2	0.01141	0.00970	0.01023	0.00907	0.01165	0.01119	0.00709	0.08087	0.75116	0.01917	0.01743	0.01605	0.01304	0.00594	0.00449	0.00149	0.00360	0.00492	0.00449	0.00703
3	0.05624	0.00691	0.00864	0.02400	0.02715	0.00612	0.02907	0.03127	0.01048	0.13775	0.13736	0.01577	0.01377	0.00511	0.00387	0.00107	0.00322	0.01583	0.15489	0.31148
4	0.00541	0.00390	0.00507	0.00600	0.00631	0.00362	0.00400	0.00617	0.00847	0.01120	0.02511	0.76159	0.07481	0.04782	0.00630	0.00188	0.00261	0.01211	0.00404	0.00356
5	0.00729	0.04797	0.00909	0.00787	0.00863	0.00775	0.00629	0.00861	0.00722	0.01033	0.01185	0.01694	0.04742	0.07011	0.52158	0.00522	0.19461	0.00473	0.00234	0.00415
6	0.01159	0.56967	0.18018	0.00862	0.01289	0.03689	0.00914	0.01379	0.00933	0.05189	0.00718	0.00807	0.00597	0.00394	0.00324	0.00104	0.00504	0.00267	0.00212	0.05674
7	0.00692	0.00464	0.00550	0.00567	0.00606	0.00463	0.00360	0.00814	0.06570	0.04075	0.01773	0.29163	0.01995	0.48218	0.01502	0.00316	0.00365	0.00824	0.00338	0.00347
8	0.01005	0.01030	0.01347	0.01158	0.01171	0.05935	0.00960	0.01102	0.00709	0.01064	0.00586	0.00957	0.00579	0.00755	0.01390	0.00189	0.79002	0.00381	0.00195	0.00485
9	0.00734	0.00573	0.00819	0.09371	0.07308	0.00565	0.02564	0.03445	0.01137	0.03201	0.42728	0.14024	0.10061	0.00869	0.00508	0.00146	0.00306	0.00773	0.00411	0.00457

[dist]
# distance from previous block
# <min> <max>
0	2

[block]
# block no. 1 follows, 59 sequences, length 20
# corresponding to MSA columns:
# 161-180
name=unknown_B
#
# <colnr> <probs for GDERKNQSTAVLIFYWHMCP>
#	G	D	E	R	K	N	Q	S	T	A	V	L	I	F	Y	W	H	M	C	P
0	0.01409	0.01275	0.18631	0.02558	0.16455	0.05100	0.06007	0.08063	0.02488	0.28764	0.02203	0.01222	0.00850	0.00483	0.00464	0.00137	0.02453	0.00406	0.00348	0.00684
1	0.01144	0.01168	0.01284	0.05363	0.10794	0.21093	0.02112	0.01286	0.00914	0.05172	0.00860	0.05812	0.00793	0.00845	0.07096	0.00199	0.32883	0.00424	0.00239	0.00517
2	0.69081	0.00922	0.00901	0.04528	0.05597	0.02876	0.05727	0.03355	0.00836	0.01877	0.00666	0.00800	0.00517	0.00412	0.00313	0.00137	0.00403	0.00278	0.00267	0.00507
3	0.66918	0.00829	0.00740	0.00630	0.00920	0.00908	0.00520	0.01505	0.00875	0.21316	0.00887	0.00907	0.00627	0.00443	0.00315	0.00137	0.00350	0.00289	0.00339	0.00544
4	0.01074	0.01030	0.01730	0.07136	0.69067	0.01058	0.03005	0.01389	0.05240	0.01436	0.00874	0.01126	0.00724	0.00417	0.00467	0.00135	0.02783	0.00402	0.00229	0.00680
5	0.00664	0.00485	0.00646	0.00729	0.00828	0.00471	0.00613	0.00835	0.00988	0.01271	0.02650	0.12678	0.14641	0.03380	0.00634	0.00199	0.00364	0.57128	0.00404	0.00393
6	0.00681	0.00502	0.00631	0.00584	0.00705	0.00480	0.00442	0.03717	0.04851	0.01794	0.72855	0.03173	0.06127	0.00882	0.00515	0.00139	0.00225	0.00775	0.00481	0.00440
7	0.06775	0.11300	0.09430	0.00798	0.01172	0.11859	0.00713	0.02587	0.00980	0.04459	0.00830	0.03333	0.00696	0.00408	0.00351	0.00095	0.00445	0.00305	0.00259	0.43204
8	0.00642	0.00431	0.00495	0.00495	0.00499	0.00435	0.00284	0.00651	0.00646	0.00866	0.01380	0.02824	0.01577	0.79823	0.06863	0.00444	0.00471	0.00633	0.00266	0.00275
9	0.17639	0.00789	0.00956	0.00753	0.01076	0.00747	0.00620	0.05484	0.02635	0.60670	0.01500	0.01345	0.00970	0.00521	0.00410	0.00136	0.00371	0.00405	0.02280	0.00693
10	0.87598	0.00854	0.00649	0.00581	0.00854	0.00991	0.00478	0.01298	0.00752	0.01982	0.00615	0.00717	0.00478	0.00410	0.00273	0.00137	0.00342	0.00239	0.00273	0.00478
11	0.00705	0.00438	0.00622	0.00617	0.00642	0.00475	0.00431	0.00671	0.00635	0.00876	0.01019	0.01766	0.01037	0.18666	0.27705	0.39635	0.03093	0.00464	0.00221	0.00280
12	0.02335	0.06862	0.04603	0.02311	0.02220	0.03375	0.00785	0.33238	0.03211	0.09343	0.01267	0.14247	0.01129	0.00709	0.00577	0.02397	0.08166	0.02244	0.00373	0.00609
13	0.00652	0.00466	0.00644	0.00746	0.00821	0.00457	0.00609	0.00813	0.00958	0.01255	0.02371	0.32015	0.02671	0.01276	0.00594	0.00195	0.00355	0.52302	0.00408	0.00390
14	0.00916	0.00785	0.00916	0.00654	0.01047	0.00589	0.00523	0.01112	0.00916	0.01439	0.00785	0.00916	0.00654	0.00327	0.00327	0.00065	0.00327	0.00262	0.00262	0.87178
15	0.00611	0.00454	0.00571	0.00559	0.00662	0.00420	0.00413	0.00815	0.03255	0.01603	0.57679	0.15367	0.13954	0.00994	0.00526	0.00147	0.00221	0.00876	0.00464	0.00410
16	0.01024	0.01073	0.02109	0.01557	0.01922	0.03211	0.58238	0.04476	0.02469	0.02960	0.06221	0.08985	0.01151	0.00529	0.00517	0.00150	0.00637	0.01923	0.00279	0.00568
17	0.00631	0.00473	0.00710	0.00710	0.00789	0.00552	0.00552	0.00789	0.00710	0.01025	0.01183	0.01735	0.01104	0.03312	0.82728	0.00710	0.01183	0.00473	0.00237	0.00394
18	0.12053	0.01087	0.01426	0.07758	0.26836	0.05498	0.06167	0.21295	0.04302	0.06310	0.02486	0.01121	0.00781	0.00462	0.00424	0.00135	0.00505	0.00392	0.00313	0.00650
19	0.15048	0.42138	0.12272	0.02679	0.04602	0.03714	0.00877	0.09717	0.01013	0.01443	0.00699	0.00811	0.00578	0.00418	0.00356	0.00117	0.02425	0.00280	0.00232	0.00584

[dist]
# distance from previous block
# <min> <max>
0	3

[block]
# block no. 2 follows, 59 sequences, length 10
# corresponding to MSA columns:
# 184-193
name=unknown_C
#
# <colnr> <probs for GDERKNQSTAVLIFYWHMCP>
#	G	D	E	R	K	N	Q	S	T	A	V	L	I	F	Y	W	H	M	C	P
0	0.33244	0.01054	0.01038	0.00838	0.01152	0.01181	0.00688	0.41660	0.08367	0.05273	0.00985	0.01001	0.00715	0.00493	0.00381	0.00136	0.00417	0.00350	0.00384	0.00646
1	0.00682	0.00631	0.00917	0.00788	0.00936	0.00643	0.11332	0.00835	0.00971	0.01267	0.12631	0.10397	0.40273	0.00956	0.00681	0.00158	0.14321	0.00797	0.00358	0.00426
2	0.03042	0.00669	0.00835	0.00826	0.05686	0.00661	0.02149	0.10224	0.06915	0.09705	0.12020	0.10173	0.22216	0.00893	0.00505	0.00154	0.00337	0.12057	0.00421	0.00513
3	0.01347	0.19765	0.15093	0.01011	0.03086	0.05449	0.06949	0.05090	0.09297	0.23162	0.03044	0.01254	0.02547	0.00491	0.00411	0.00129	0.00493	0.00396	0.00339	0.00647
4	0.01580	0.01364	0.13048	0.01039	0.01436	0.01282	0.00944	0.64703	0.01868	0.06744	0.01057	0.01065	0.00741	0.00515	0.00439	0.00134	0.00504	0.00390	0.00410	0.00737
5	0.00990	0.00963	0.01290	0.01113	0.01158	0.01307	0.00919	0.01292	0.15007	0.01203	0.00797	0.01088	0.00717	0.00742	0.01271	0.00185	0.68791	0.00407	0.00239	0.00522
6	0.00894	0.00755	0.00936	0.04100	0.08900	0.07106	0.02311	0.03295	0.04649	0.05678	0.11031	0.30084	0.05091	0.00923	0.00594	0.00159	0.07990	0.04657	0.00364	0.00483
7	0.01029	0.00972	0.01127	0.00983	0.01055	0.13678	0.03882	0.01097	0.00788	0.04169	0.00814	0.01298	0.00783	0.10908	0.06760	0.11464	0.38119	0.00414	0.00225	0.00433
8	0.00924	0.00719	0.00782	0.00718	0.00903	0.00792	0.00552	0.01706	0.45188	0.01790	0.22537	0.02079	0.02044	0.00663	0.00442	0.00138	0.00286	0.00561	0.16606	0.00572
9	0.00834	0.00785	0.01325	0.83417	0.03042	0.00981	0.01227	0.01128	0.00883	0.01128	0.00785	0.01178	0.00589	0.00442	0.00442	0.00147	0.00589	0.00393	0.00196	0.00491

[dist]
# distance from previous block
# <min> <max>
0	1

[block]
# block no. 3 follows, 59 sequences, length 48
# corresponding to MSA columns:
# 195-242
name=unknown_D
#
# <colnr> <probs for GDERKNQSTAVLIFYWHMCP>
#	G	D	E	R	K	N	Q	S	T	A	V	L	I	F	Y	W	H	M	C	P
0	0.01167	0.01517	0.25706	0.04225	0.08505	0.08242	0.13970	0.10611	0.15209	0.04899	0.01049	0.01149	0.00774	0.00463	0.00445	0.00139	0.00583	0.00406	0.00289	0.00653
1	0.02660	0.02819	0.05946	0.01356	0.16663	0.15365	0.01773	0.07049	0.02198	0.02918	0.03684	0.02842	0.00852	0.02719	0.02231	0.00166	0.25968	0.00407	0.01827	0.00557
2	0.14328	0.00694	0.00814	0.00667	0.00925	0.00670	0.00540	0.06436	0.01165	0.40118	0.09674	0.01574	0.01305	0.00555	0.00398	0.00130	0.00325	0.00440	0.18637	0.00605
3	0.23089	0.01120	0.01139	0.00896	0.01225	0.01247	0.00739	0.57923	0.01719	0.03899	0.02307	0.01020	0.00746	0.00507	0.00401	0.00134	0.00444	0.00366	0.00402	0.00677
4	0.00544	0.00403	0.00509	0.00585	0.00640	0.00368	0.00403	0.00637	0.00901	0.01179	0.07100	0.63079	0.17647	0.01304	0.00555	0.00172	0.00251	0.02943	0.00414	0.00366
5	0.00642	0.00428	0.00482	0.00482	0.00482	0.00428	0.00268	0.00642	0.00642	0.00856	0.01392	0.02890	0.01606	0.84478	0.02248	0.00428	0.00428	0.00642	0.00268	0.00268
6	0.01181	0.84744	0.02314	0.00756	0.01134	0.01748	0.00756	0.01323	0.00897	0.01039	0.00614	0.00708	0.00567	0.00378	0.00283	0.00094	0.00472	0.00236	0.00189	0.00567
7	0.00625	0.00451	0.00590	0.00556	0.00660	0.00417	0.00417	0.00833	0.01250	0.01771	0.81490	0.03299	0.04167	0.00903	0.00521	0.00139	0.00208	0.00799	0.00486	0.00417
8	0.12331	0.01165	0.01226	0.00951	0.01294	0.01286	0.00785	0.66511	0.01871	0.06707	0.01040	0.01040	0.00735	0.00516	0.00421	0.00133	0.00463	0.00380	0.00426	0.00717
9	0.00966	0.00966	0.01353	0.01160	0.01160	0.01353	0.00966	0.01063	0.00676	0.01063	0.00580	0.00966	0.00580	0.00773	0.01449	0.00193	0.83670	0.00387	0.00193	0.00483
10	0.00712	0.00508	0.00712	0.00813	0.00915	0.00508	0.00712	0.00915	0.01017	0.01322	0.02338	0.04982	0.02542	0.01220	0.00610	0.00203	0.00407	0.78750	0.00407	0.00407
11	0.02562	0.00441	0.00573	0.00594	0.00675	0.00418	0.01596	0.00801	0.01002	0.02903	0.28447	0.40814	0.02980	0.01059	0.00509	0.00155	0.00248	0.02434	0.11391	0.00399
12	0.12006	0.01149	0.02358	0.01699	0.02124	0.01101	0.70032	0.01400	0.01006	0.01487	0.00858	0.01131	0.00646	0.00377	0.00490	0.00147	0.00694	0.00485	0.00230	0.00581
13	0.01028	0.00858	0.01032	0.03907	0.01117	0.01023	0.00724	0.14597	0.24909	0.01599	0.04244	0.11573	0.01329	0.06564	0.00866	0.02354	0.20807	0.00561	0.00354	0.00553
14	0.01072	0.01076	0.04333	0.22136	0.20618	0.10089	0.01029	0.10179	0.05819	0.01425	0.01134	0.01374	0.05901	0.02745	0.04336	0.00174	0.05294	0.00429	0.00264	0.00572
15	0.00590	0.00430	0.00518	0.00532	0.00600	0.00401	0.00364	0.00688	0.00928	0.01234	0.23200	0.21310	0.20263	0.21934	0.03530	0.01558	0.00310	0.00875	0.00386	0.00353
16	0.03364	0.02576	0.02629	0.11826	0.15460	0.01066	0.00912	0.21629	0.08647	0.01674	0.01055	0.04072	0.00893	0.04305	0.09602	0.00218	0.08732	0.00444	0.00303	0.00593
17	0.85358	0.00887	0.00665	0.00595	0.00867	0.03121	0.00488	0.01310	0.00765	0.01958	0.00617	0.00720	0.00481	0.00411	0.00277	0.00136	0.00354	0.00240	0.00272	0.00479
18	0.01045	0.00984	0.03463	0.10075	0.43341	0.00932	0.01074	0.05698	0.02791	0.01496	0.00855	0.01069	0.00696	0.00395	0.00407	0.00116	0.00472	0.00360	0.01387	0.23343
19	0.21298	0.51698	0.01787	0.00784	0.01115	0.03525	0.02813	0.03811	0.04157	0.01357	0.00684	0.00785	0.00587	0.00416	0.00347	0.00113	0.03673	0.00267	0.00229	0.00553
20	0.01495	0.00773	0.01069	0.22073	0.03052	0.02179	0.00790	0.04146	0.02162	0.44651	0.02798	0.01425	0.00990	0.00522	0.00446	0.00137	0.01686	0.00429	0.08542	0.00637
21	0.02690	0.00679	0.03783	0.02259	0.00950	0.00617	0.03497	0.01273	0.13745	0.13673	0.26507	0.09101	0.17786	0.00825	0.00491	0.00146	0.00309	0.00713	0.00438	0.00517
22	0.01287	0.04477	0.12306	0.04127	0.21775	0.00940	0.05460	0.08861	0.01134	0.19992	0.01042	0.01127	0.00758	0.00434	0.00418	0.00123	0.00485	0.00376	0.00316	0.14564
23	0.00645	0.00424	0.00498	0.00508	0.00520	0.00427	0.00304	0.00667	0.00679	0.00932	0.01462	0.10510	0.01650	0.64465	0.06855	0.03183	0.00444	0.00670	0.04867	0.00289
24	0.00555	0.00405	0.00516	0.00597	0.00645	0.00376	0.00413	0.00641	0.00870	0.01136	0.02666	0.61892	0.14350	0.06188	0.00659	0.00191	0.00273	0.06867	0.00401	0.00359
25	0.00906	0.02028	0.67025	0.01259	0.01837	0.01011	0.07439	0.03798	0.00970	0.01424	0.00905	0.04387	0.00713	0.00483	0.00458	0.00144	0.02246	0.02124	0.00211	0.00631
26	0.02760	0.02495	0.02794	0.13895	0.18716	0.01188	0.00992	0.39979	0.04020	0.02032	0.00963	0.01130	0.00737	0.02141	0.00519	0.02008	0.02240	0.00397	0.00332	0.00662
27	0.00564	0.00416	0.00530	0.00582	0.00649	0.00381	0.00412	0.00684	0.00978	0.01307	0.22613	0.48604	0.15276	0.01216	0.00548	0.00165	0.00245	0.04024	0.00429	0.00377
28	0.00855	0.00678	0.00747	0.00696	0.00870	0.00730	0.00533	0.01534	0.38358	0.01705	0.23935	0.04994	0.10604	0.00763	0.00468	0.00144	0.00281	0.02000	0.09566	0.00541
29	0.00801	0.00654	0.00767	0.00636	0.00878	0.00579	0.00493	0.01145	0.12459	0.01609	0.32574	0.02187	0.07936	0.00647	0.00434	0.00112	0.00277	0.00553	0.00386	0.34873
30	0.19018	0.00917	0.01005	0.00800	0.01111	0.00957	0.00656	0.27529	0.05043	0.30196	0.02763	0.01293	0.02364	0.00531	0.00407	0.00135	0.00392	0.00404	0.03812	0.00668
31	0.05106	0.64647	0.02047	0.00799	0.01168	0.01640	0.00760	0.16805	0.01122	0.01423	0.00702	0.00778	0.00599	0.00409	0.00314	0.00104	0.00469	0.00268	0.00242	0.00599
32	0.00564	0.00424	0.00514	0.00541	0.00627	0.00381	0.00384	0.00681	0.01000	0.01313	0.24938	0.32265	0.28704	0.02792	0.00599	0.02246	0.00239	0.00991	0.00423	0.00374
33	0.02567	0.04474	0.02825	0.03468	0.12354	0.04260	0.14134	0.08716	0.08023	0.29627	0.01299	0.04203	0.00951	0.00512	0.00449	0.00138	0.00492	0.00458	0.00379	0.00670
34	0.35843	0.03457	0.10997	0.02514	0.04427	0.11624	0.00787	0.11591	0.02553	0.07696	0.02428	0.02694	0.00733	0.00475	0.00366	0.00134	0.00471	0.00337	0.00303	0.00571
35	0.00580	0.00429	0.00593	0.00670	0.00720	0.00407	0.02357	0.00700	0.02291	0.01171	0.02411	0.70215	0.04184	0.01322	0.00565	0.00180	0.00286	0.10136	0.00406	0.00376
36	0.12173	0.02744	0.03430	0.08624	0.14886	0.02489	0.06637	0.06360	0.02756	0.11795	0.00934	0.01057	0.00705	0.00415	0.00391	0.00118	0.00454	0.00350	0.00295	0.23387
37	0.01108	0.10919	0.12599	0.00930	0.02881	0.09229	0.04402	0.07578	0.02940	0.07437	0.10248	0.04079	0.04994	0.00548	0.00438	0.00121	0.02308	0.00442	0.00312	0.16488
38	0.34295	0.03135	0.00973	0.00843	0.01052	0.27360	0.02107	0.03020	0.00940	0.01449	0.00786	0.01116	0.00704	0.07729	0.04908	0.00189	0.06468	0.02199	0.00254	0.00476
39	0.05613	0.01028	0.01483	0.06605	0.01571	0.01133	0.20333	0.16531	0.23616	0.04829	0.01171	0.01269	0.00879	0.00524	0.00556	0.00148	0.09137	0.00449	0.02492	0.00631
40	0.44635	0.00987	0.00951	0.00771	0.01083	0.01092	0.00636	0.31277	0.01316	0.12057	0.00921	0.00943	0.00657	0.00472	0.00358	0.00135	0.00400	0.00324	0.00370	0.00615
41	0.05957	0.00953	0.01061	0.00980	0.05218	0.01072	0.02160	0.13835	0.52298	0.01947	0.06524	0.03462	0.01376	0.00601	0.00446	0.00146	0.00375	0.00500	0.00424	0.00667
42	0.00538	0.00384	0.00512	0.00615	0.00641	0.00359	0.00410	0.00615	0.00846	0.01127	0.02434	0.84190	0.02921	0.01384	0.00564	0.00179	0.00256	0.01256	0.00410	0.00359
43	0.01487	0.01126	0.01206	0.00970	0.01288	0.01259	0.00787	0.51601	0.29089	0.04432	0.01330	0.01273	0.00964	0.00554	0.00444	0.00139	0.00436	0.00434	0.00447	0.00733
44	0.00710	0.00513	0.00630	0.00617	0.00728	0.00509	0.00455	0.01043	0.13115	0.02958	0.44556	0.22165	0.03213	0.00942	0.00506	0.00148	0.00244	0.00833	0.05665	0.00451
45	0.00605	0.00418	0.00488	0.00515	0.00533	0.00405	0.00311	0.00634	0.00724	0.00955	0.01902	0.25036	0.07855	0.55802	0.01664	0.00340	0.00366	0.00830	0.00317	0.00300
46	0.00883	0.00728	0.00815	0.00797	0.00961	0.00809	0.00603	0.01665	0.48438	0.01569	0.02049	0.29657	0.01960	0.00906	0.00499	0.00163	0.00322	0.06177	0.00433	0.00564
47	0.01467	0.05611	0.03078	0.01143	0.04511	0.59298	0.00860	0.03238	0.02536	0.01133	0.00743	0.02324	0.00643	0.00546	0.00543	0.04522	0.06738	0.00323	0.00232	0.00512

[dist]
# distance from previous block
# <min> <max>
0	2

[block]
# block no. 4 follows, 59 sequences, length 15
# corresponding to MSA columns:
# 245-259
name=unknown_E
#
# <colnr> <probs for GDERKNQSTAVLIFYWHMCP>
#	G	D	E	R	K	N	Q	S	T	A	V	L	I	F	Y	W	H	M	C	P
0	0.10140	0.14222	0.37027	0.02240	0.02872	0.06313	0.03286	0.05468	0.02735	0.06771	0.00836	0.00941	0.00623	0.00438	0.00412	0.00131	0.02550	0.00324	0.00244	0.02427
1	0.01242	0.01221	0.06353	0.06800	0.27661	0.10772	0.07317	0.08937	0.15002	0.07235	0.01062	0.01181	0.00809	0.00469	0.00459	0.00137	0.01975	0.00409	0.00300	0.00658
2	0.87598	0.00854	0.00649	0.00581	0.00854	0.00991	0.00478	0.01298	0.00752	0.01982	0.00615	0.00717	0.00478	0.00410	0.00273	0.00137	0.00342	0.00239	0.00273	0.00478
3	0.83585	0.04750	0.00726	0.00589	0.00867	0.01026	0.00491	0.01299	0.00758	0.01938	0.00615	0.00717	0.00482	0.00408	0.00274	0.00135	0.00348	0.00239	0.00269	0.00482
4	0.00673	0.00492	0.00525	0.00496	0.00662	0.00423	0.00378	0.02867	0.01070	0.07598	0.08896	0.03893	0.68366	0.01045	0.00514	0.00147	0.00242	0.00872	0.00426	0.00415
5	0.00625	0.00523	0.00639	0.02207	0.03136	0.02329	0.02365	0.00777	0.01046	0.01344	0.22591	0.16276	0.36460	0.01048	0.00528	0.00154	0.00280	0.06857	0.00410	0.00404
6	0.01181	0.84744	0.02314	0.00756	0.01134	0.01748	0.00756	0.01323	0.00897	0.01039	0.00614	0.00708	0.00567	0.00378	0.00283	0.00094	0.00472	0.00236	0.00189	0.00567
7	0.01181	0.84744	0.02314	0.00756	0.01134	0.01748	0.00756	0.01323	0.00897	0.01039	0.00614	0.00708	0.00567	0.00378	0.00283	0.00094	0.00472	0.00236	0.00189	0.00567
8	0.00936	0.00672	0.00770	0.00736	0.00887	0.00714	0.00547	0.12052	0.22466	0.05431	0.01949	0.39057	0.01958	0.02747	0.00529	0.00163	0.00318	0.00823	0.06722	0.00524
9	0.00553	0.00448	0.00493	0.00491	0.00623	0.00387	0.00369	0.00690	0.01061	0.01336	0.23168	0.06842	0.57484	0.01078	0.00526	0.00149	0.00227	0.03261	0.00429	0.00384
10	0.00564	0.00447	0.00507	0.00496	0.00623	0.00390	0.00370	0.00713	0.01099	0.01422	0.35186	0.06533	0.48001	0.01041	0.00523	0.00146	0.00219	0.00890	0.00441	0.00390
11	0.01272	0.01167	0.01068	0.00947	0.01201	0.15997	0.00739	0.09426	0.53926	0.04569	0.01540	0.01531	0.01177	0.00583	0.00444	0.00143	0.00446	0.02752	0.00410	0.00663
12	0.01153	0.01183	0.01636	0.17903	0.46805	0.14289	0.04982	0.04276	0.01063	0.01371	0.00809	0.01065	0.00658	0.00417	0.00436	0.00132	0.00590	0.00382	0.00224	0.00626
13	0.00901	0.02775	0.02863	0.02220	0.01001	0.00809	0.01973	0.01440	0.29599	0.05080	0.16224	0.15136	0.06105	0.00836	0.00613	0.03204	0.07622	0.00668	0.00400	0.00533
14	0.15244	0.14080	0.05638	0.00963	0.03880	0.04922	0.04549	0.18093	0.11668	0.13362	0.01061	0.01086	0.00782	0.00498	0.00419	0.01950	0.00462	0.00364	0.00345	0.00635

[dist]
# distance from previous block
# <min> <max>
1	7

[block]
# block no. 5 follows, 59 sequences, length 26
# corresponding to MSA columns:
# 267-292
name=unknown_F
#
# <colnr> <probs for GDERKNQSTAVLIFYWHMCP>
#	G	D	E	R	K	N	Q	S	T	A	V	L	I	F	Y	W	H	M	C	P
0	0.02433	0.05470	0.13422	0.05307	0.03289	0.02247	0.02633	0.06202	0.05851	0.07526	0.04191	0.03587	0.00996	0.03377	0.14049	0.00250	0.17902	0.00442	0.00280	0.00546
1	0.00577	0.00415	0.00520	0.00567	0.00613	0.00400	0.00382	0.00643	0.00803	0.01055	0.02345	0.40393	0.15551	0.19979	0.10561	0.03161	0.00401	0.00945	0.00351	0.00340
2	0.00715	0.00575	0.00754	0.03775	0.00887	0.04242	0.00573	0.03111	0.00773	0.01067	0.01161	0.01757	0.01096	0.10308	0.66408	0.00621	0.01056	0.00475	0.00243	0.00402
3	0.00619	0.00450	0.00566	0.00570	0.00666	0.00419	0.00425	0.00800	0.02204	0.01520	0.45699	0.16005	0.13884	0.04039	0.00590	0.00161	0.00245	0.07522	0.03216	0.00399
4	0.00625	0.00451	0.00590	0.00556	0.00660	0.00417	0.00417	0.00833	0.01250	0.01771	0.81490	0.03299	0.04167	0.00903	0.00521	0.00139	0.00208	0.00799	0.00486	0.00417
5	0.01332	0.01030	0.01106	0.00909	0.01193	0.01143	0.00730	0.43228	0.28117	0.02295	0.07887	0.02919	0.04858	0.00623	0.00456	0.00140	0.00403	0.00501	0.00446	0.00684
6	0.01650	0.02105	0.01252	0.01138	0.01365	0.82705	0.00853	0.01764	0.01252	0.01081	0.00683	0.00796	0.00569	0.00455	0.00398	0.00114	0.00796	0.00284	0.00228	0.00512
7	0.08193	0.00759	0.00998	0.00771	0.01108	0.00674	0.00637	0.02090	0.01227	0.76222	0.01661	0.01446	0.01049	0.00537	0.00432	0.00137	0.00373	0.00429	0.00527	0.00732
8	0.64302	0.00853	0.00768	0.00649	0.00942	0.00938	0.00535	0.05910	0.00937	0.19302	0.00883	0.00906	0.00626	0.00446	0.00320	0.00136	0.00357	0.00292	0.00342	0.00553
9	0.00830	0.00528	0.00673	0.20893	0.01181	0.00582	0.00570	0.01097	0.03877	0.01510	0.01338	0.01700	0.01078	0.00535	0.00362	0.00121	0.00316	0.04382	0.57986	0.00441
10	0.01083	0.00814	0.01216	0.39181	0.11520	0.00904	0.00988	0.10690	0.02416	0.11978	0.04785	0.05594	0.03599	0.00577	0.00472	0.01247	0.00487	0.01572	0.00311	0.00565
11	0.01040	0.42589	0.28951	0.01053	0.05082	0.01370	0.03190	0.01347	0.02998	0.01222	0.02101	0.00921	0.00671	0.00510	0.02970	0.00137	0.02740	0.00309	0.00204	0.00596
12	0.01085	0.01145	0.10307	0.05039	0.53721	0.01026	0.05268	0.03975	0.02635	0.04247	0.04405	0.01201	0.00856	0.00443	0.00471	0.00136	0.02710	0.00414	0.00249	0.00667
13	0.01072	0.69489	0.01991	0.00711	0.01043	0.01503	0.00688	0.01218	0.00942	0.01125	0.09011	0.01254	0.07487	0.00490	0.00326	0.00103	0.00426	0.00349	0.00237	0.00536
14	0.00874	0.00749	0.02371	0.02359	0.09403	0.03214	0.02761	0.10375	0.07964	0.01465	0.05291	0.28885	0.04327	0.05236	0.02254	0.00186	0.01522	0.09902	0.00368	0.00495
15	0.03555	0.02750	0.07049	0.04473	0.08106	0.05813	0.09321	0.01741	0.03676	0.38874	0.01351	0.02790	0.02148	0.00501	0.00436	0.00133	0.00475	0.00431	0.00386	0.05991
16	0.00816	0.00737	0.00884	0.00828	0.00876	0.07054	0.00638	0.00903	0.00782	0.01073	0.02659	0.16117	0.05350	0.07292	0.15690	0.05633	0.28624	0.00600	0.03039	0.00405
17	0.00582	0.00434	0.00531	0.00591	0.00665	0.00403	0.00433	0.00686	0.00903	0.01154	0.02885	0.34154	0.25800	0.11531	0.00769	0.00206	0.00299	0.17219	0.00392	0.00362
18	0.02839	0.07484	0.15065	0.11518	0.14045	0.02117	0.12092	0.07562	0.03988	0.04333	0.01044	0.09199	0.00903	0.00584	0.01832	0.00152	0.03907	0.00475	0.00266	0.00593
19	0.03527	0.09631	0.27111	0.02998	0.15774	0.05332	0.05591	0.03595	0.06270	0.11855	0.01021	0.01197	0.00778	0.00466	0.00422	0.00135	0.00548	0.02828	0.00277	0.00645
20	0.01109	0.01216	0.12924	0.09520	0.12613	0.06505	0.12892	0.01422	0.05452	0.09263	0.01030	0.01222	0.03372	0.00537	0.00672	0.00151	0.18828	0.00423	0.00259	0.00591
21	0.00816	0.00649	0.05773	0.03473	0.00972	0.00556	0.03835	0.02740	0.03944	0.09378	0.08088	0.35433	0.06691	0.03637	0.00576	0.00172	0.00348	0.09778	0.02680	0.00461
22	0.06605	0.13192	0.14513	0.08886	0.09107	0.03385	0.07270	0.07661	0.01090	0.15664	0.02504	0.03813	0.03418	0.00502	0.00418	0.00133	0.00505	0.00418	0.00303	0.00613
23	0.01307	0.08029	0.18663	0.04844	0.08707	0.07722	0.04455	0.08697	0.02041	0.20136	0.01171	0.04093	0.02834	0.00527	0.00482	0.00137	0.04782	0.00420	0.00318	0.00635
24	0.02513	0.00503	0.00628	0.03188	0.00721	0.00518	0.00423	0.00887	0.03507	0.07973	0.02862	0.10181	0.01573	0.42534	0.03543	0.09407	0.02597	0.04049	0.02037	0.00356
25	0.03577	0.02441	0.01586	0.14973	0.32448	0.08654	0.10234	0.07182	0.03644	0.04681	0.00930	0.03173	0.00752	0.00450	0.00437	0.00134	0.00552	0.00414	0.00260	0.03478

[dist]
# distance from previous block
# <min> <max>
1	11

[block]
# block no. 6 follows, 59 sequences, length 6
# corresponding to MSA columns:
# 305-310
name=unknown_G
#
# <colnr> <probs for GDERKNQSTAVLIFYWHMCP>
#	G	D	E	R	K	N	Q	S	T	A	V	L	I	F	Y	W	H	M	C	P
0	0.00754	0.00499	0.00620	0.00574	0.00702	0.00466	0.00431	0.04374	0.01200	0.07089	0.52913	0.07897	0.12369	0.04149	0.00574	0.00152	0.00245	0.00779	0.03773	0.00440
1	0.07669	0.08519	0.05491	0.02620	0.14216	0.07956	0.08445	0.13794	0.08610	0.05865	0.03384	0.01196	0.00865	0.02718	0.00551	0.03524	0.03272	0.00399	0.00301	0.00604
2	0.00659	0.00454	0.00613	0.00629	0.00674	0.00463	0.00453	0.00706	0.00864	0.01176	0.19026	0.27372	0.06531	0.05358	0.00986	0.21332	0.06367	0.05648	0.00350	0.00339
3	0.01027	0.07207	0.45697	0.05883	0.06823	0.06336	0.03264	0.05417	0.06292	0.01421	0.00845	0.00995	0.00637	0.00457	0.00483	0.00139	0.05875	0.00349	0.00223	0.00628
4	0.00678	0.00566	0.02559	0.03531	0.00818	0.00532	0.00496	0.00905	0.06171	0.01386	0.28946	0.05411	0.16981	0.13447	0.05391	0.00219	0.02571	0.04307	0.00381	0.04703
5	0.00758	0.00584	0.00687	0.00690	0.00777	0.04137	0.00514	0.03463	0.00940	0.04930	0.05713	0.34916	0.14725	0.04215	0.05317	0.03059	0.07599	0.06195	0.00372	0.00409

[dist]
# distance from previous block
# <min> <max>
0	5

[block]
# block no. 7 follows, 59 sequences, length 20
# corresponding to MSA columns:
# 318-337
name=unknown_H
#
# <colnr> <probs for GDERKNQSTAVLIFYWHMCP>
#	G	D	E	R	K	N	Q	S	T	A	V	L	I	F	Y	W	H	M	C	P
0	0.22809	0.28918	0.19504	0.00945	0.02806	0.10453	0.02583	0.01374	0.00903	0.01377	0.00670	0.00800	0.00548	0.00422	0.00385	0.00124	0.04329	0.00278	0.00215	0.00557
1	0.03503	0.00932	0.02502	0.25804	0.07315	0.07157	0.17668	0.02768	0.00955	0.02511	0.04592	0.02650	0.00913	0.02420	0.02145	0.09596	0.01879	0.01606	0.02594	0.00492
2	0.29580	0.00951	0.01024	0.07560	0.01274	0.01034	0.00704	0.27088	0.03661	0.21392	0.01079	0.01082	0.00749	0.00490	0.00388	0.00137	0.00417	0.00360	0.00392	0.00640
3	0.00656	0.00414	0.00554	0.00629	0.00680	0.00383	0.00430	0.00741	0.00880	0.07749	0.02378	0.77423	0.02772	0.01315	0.00554	0.00176	0.00266	0.01189	0.00421	0.00391
4	0.00671	0.00444	0.00556	0.00576	0.00674	0.00398	0.00413	0.00793	0.01006	0.07904	0.19974	0.40752	0.21891	0.01148	0.00535	0.00160	0.00248	0.01013	0.00438	0.00407
5	0.08988	0.00760	0.00994	0.00769	0.01105	0.00677	0.00635	0.02083	0.01222	0.75478	0.01650	0.01439	0.01043	0.00535	0.00430	0.00137	0.00373	0.00427	0.00524	0.00729
6	0.00561	0.00408	0.00522	0.00578	0.00633	0.00377	0.00397	0.00669	0.00947	0.01271	0.20879	0.53403	0.11375	0.05046	0.00627	0.00178	0.00250	0.01088	0.00421	0.00369
7	0.01042	0.01191	0.02606	0.01862	0.02308	0.01117	0.80119	0.01415	0.01042	0.01415	0.00894	0.01191	0.00670	0.00372	0.00521	0.00149	0.00745	0.00521	0.00223	0.00596
8	0.87598	0.00854	0.00649	0.00581	0.00854	0.00991	0.00478	0.01298	0.00752	0.01982	0.00615	0.00717	0.00478	0.00410	0.00273	0.00137	0.00342	0.00239	0.00273	0.00478
9	0.00916	0.00785	0.00916	0.00654	0.01047	0.00589	0.00523	0.01112	0.00916	0.01439	0.00785	0.00916	0.00654	0.00327	0.00327	0.00065	0.00327	0.00262	0.00262	0.87178
10	0.01067	0.01105	0.12791	0.04280	0.16371	0.02896	0.08825	0.12975	0.07697	0.05678	0.01357	0.20380	0.01265	0.00672	0.00474	0.00147	0.00484	0.00606	0.00327	0.00602
11	0.01569	0.00782	0.00993	0.00827	0.01107	0.00755	0.00688	0.15837	0.04286	0.44428	0.05128	0.02240	0.01478	0.00703	0.00482	0.00151	0.00394	0.16996	0.00492	0.00663
12	0.01633	0.00867	0.04547	0.01025	0.08264	0.00750	0.04521	0.04924	0.04349	0.53094	0.05629	0.01612	0.01209	0.00557	0.00453	0.00138	0.00413	0.03048	0.00466	0.02502
13	0.03177	0.08321	0.14213	0.06700	0.10398	0.04761	0.14366	0.06850	0.02086	0.10937	0.03305	0.02692	0.00837	0.00465	0.00449	0.00131	0.02266	0.00408	0.00283	0.07354
14	0.00719	0.00580	0.04071	0.00602	0.00761	0.00496	0.00486	0.00989	0.06952	0.05910	0.47978	0.04503	0.20833	0.00943	0.02080	0.00153	0.00269	0.00769	0.00451	0.00454
15	0.00539	0.00391	0.00509	0.00599	0.00638	0.00362	0.00404	0.00623	0.00870	0.01151	0.04827	0.75318	0.09444	0.01348	0.00559	0.00176	0.00252	0.01216	0.00412	0.00362
16	0.04151	0.01163	0.04127	0.01608	0.03848	0.02706	0.56270	0.05615	0.02621	0.11857	0.01011	0.01201	0.00731	0.00412	0.00491	0.00145	0.00656	0.00482	0.00281	0.00624
17	0.04624	0.02704	0.11131	0.05625	0.11124	0.03248	0.04158	0.15881	0.03517	0.14774	0.02335	0.02891	0.00849	0.00528	0.01371	0.00138	0.04447	0.00402	0.00328	0.09925
18	0.26907	0.00604	0.00621	0.00625	0.00756	0.02238	0.00468	0.00949	0.00875	0.04085	0.09724	0.30557	0.04530	0.06029	0.03020	0.00191	0.01832	0.05212	0.00359	0.00418
19	0.00766	0.00564	0.00674	0.00668	0.00793	0.00576	0.00495	0.01182	0.20860	0.04482	0.24469	0.30061	0.06308	0.00986	0.00512	0.00157	0.00272	0.03158	0.02539	0.00477

[dist]
# distance from previous block
# <min> <max>
2	9

[block]
# block no. 8 follows, 59 sequences, length 16
# corresponding to MSA columns:
# 347-362
name=unknown_I
#
# <colnr> <probs for GDERKNQSTAVLIFYWHMCP>
#	G	D	E	R	K	N	Q	S	T	A	V	L	I	F	Y	W	H	M	C	P
0	0.01228	0.61645	0.04381	0.02487	0.01210	0.09387	0.00784	0.04968	0.00995	0.03409	0.00746	0.03540	0.00670	0.00432	0.00324	0.00104	0.00498	0.00294	0.00223	0.02676
1	0.00568	0.03184	0.00575	0.00613	0.00656	0.00411	0.00421	0.00651	0.00860	0.01141	0.04735	0.73139	0.04917	0.03791	0.00603	0.00182	0.00269	0.02518	0.00401	0.00366
2	0.03930	0.07996	0.04373	0.05868	0.14506	0.03646	0.04977	0.37482	0.03447	0.04280	0.03054	0.01110	0.00805	0.00481	0.00425	0.00130	0.00504	0.00391	0.00341	0.02254
3	0.01209	0.08884	0.04206	0.04605	0.30074	0.05654	0.13901	0.05002	0.07862	0.09227	0.02431	0.01177	0.00822	0.00451	0.00462	0.00134	0.02557	0.00413	0.00281	0.00648
4	0.00573	0.00412	0.00538	0.00621	0.00666	0.00389	0.00439	0.00670	0.00880	0.01162	0.05246	0.58393	0.07945	0.07624	0.00694	0.00198	0.00287	0.12499	0.00401	0.00362
5	0.03170	0.00707	0.00953	0.02359	0.07538	0.00763	0.02458	0.02227	0.12562	0.04186	0.02538	0.02997	0.02512	0.08945	0.27735	0.00350	0.06827	0.00473	0.00292	0.10408
6	0.00642	0.00428	0.00482	0.00482	0.00482	0.00428	0.00268	0.00642	0.00642	0.00856	0.01392	0.02890	0.01606	0.84478	0.02248	0.00428	0.00428	0.00642	0.00268	0.00268
7	0.35375	0.00686	0.00714	0.00721	0.00906	0.00748	0.00614	0.05740	0.00971	0.01680	0.01550	0.02953	0.01573	0.00836	0.00457	0.00170	0.00379	0.40534	0.02938	0.00456
8	0.04162	0.06180	0.05860	0.03151	0.04685	0.12787	0.22652	0.07784	0.17672	0.01542	0.01068	0.01269	0.00844	0.00495	0.00487	0.00141	0.04024	0.02755	0.01842	0.00603
9	0.04916	0.00961	0.01031	0.03379	0.01151	0.02772	0.00680	0.40192	0.09906	0.06090	0.01240	0.03022	0.01000	0.10771	0.03487	0.00189	0.00459	0.00451	0.07688	0.00614
10	0.01020	0.00763	0.01103	0.19120	0.10232	0.00818	0.03767	0.03296	0.12894	0.12008	0.14840	0.03486	0.04986	0.04075	0.00570	0.00156	0.02977	0.01567	0.01764	0.00557
11	0.00845	0.00905	0.12937	0.00875	0.03995	0.03536	0.00740	0.02983	0.04971	0.03478	0.12760	0.07763	0.03980	0.11954	0.07751	0.03077	0.07609	0.06853	0.00318	0.02672
12	0.08640	0.01882	0.00795	0.00723	0.00911	0.00695	0.00574	0.04100	0.16442	0.14640	0.11722	0.12681	0.06671	0.03421	0.00541	0.00165	0.00336	0.14102	0.00430	0.00529
13	0.01148	0.15982	0.10797	0.06300	0.15625	0.06907	0.05140	0.04725	0.12533	0.05834	0.01010	0.02986	0.00812	0.00526	0.01874	0.00140	0.03009	0.00391	0.00275	0.03987
14	0.00624	0.00446	0.00543	0.00550	0.00654	0.00400	0.00402	0.00763	0.01053	0.04267	0.31224	0.23115	0.27468	0.03561	0.00583	0.00162	0.00243	0.03109	0.00438	0.00396
15	0.03437	0.00935	0.02511	0.04016	0.14070	0.09687	0.02353	0.05107	0.02425	0.19633	0.01194	0.02949	0.01002	0.15991	0.04133	0.00209	0.02671	0.00450	0.02432	0.04795

[dist]
# distance from previous block
# <min> <max>
3	14

[block]
# block no. 9 follows, 59 sequences, length 21
# corresponding to MSA columns:
# 377-397
name=unknown_J
#
# <colnr> <probs for GDERKNQSTAVLIFYWHMCP>
#	G	D	E	R	K	N	Q	S	T	A	V	L	I	F	Y	W	H	M	C	P
0	0.00775	0.00431	0.00494	0.00493	0.00594	0.00413	0.00364	0.00957	0.01000	0.04937	0.19222	0.15581	0.03871	0.00757	0.00407	0.00126	0.00222	0.00648	0.48292	0.00417
1	0.00750	0.00652	0.01020	0.38270	0.01815	0.00775	0.02494	0.00934	0.00824	0.01093	0.01278	0.15601	0.02693	0.09985	0.07677	0.01769	0.07830	0.03857	0.00256	0.00427
2	0.00611	0.00448	0.00535	0.00529	0.00646	0.00397	0.00391	0.00760	0.01093	0.03758	0.36935	0.16156	0.34031	0.01051	0.00526	0.00149	0.00227	0.00911	0.00446	0.00400
3	0.01406	0.00998	0.01095	0.00913	0.01207	0.01102	0.00730	0.24263	0.45737	0.15170	0.01581	0.01459	0.01138	0.00571	0.00446	0.00143	0.00392	0.00462	0.00463	0.00722
4	0.00834	0.00785	0.01325	0.83417	0.03042	0.00981	0.01227	0.01128	0.00883	0.01128	0.00785	0.01178	0.00589	0.00442	0.00442	0.00147	0.00589	0.00393	0.00196	0.00491
5	0.20675	0.00662	0.00647	0.00588	0.00778	0.00718	0.00461	0.05963	0.13548	0.06142	0.01333	0.03821	0.01046	0.00532	0.00345	0.00124	0.00286	0.00412	0.41409	0.00509
6	0.87598	0.00854	0.00649	0.00581	0.00854	0.00991	0.00478	0.01298	0.00752	0.01982	0.00615	0.00717	0.00478	0.00410	0.00273	0.00137	0.00342	0.00239	0.00273	0.00478
7	0.00631	0.00473	0.00710	0.00710	0.00789	0.00552	0.00552	0.00789	0.00710	0.01025	0.01183	0.01735	0.01104	0.03312	0.82728	0.00710	0.01183	0.00473	0.00237	0.00394
8	0.01099	0.00949	0.00999	0.00899	0.01148	0.01099	0.00699	0.02347	0.80925	0.01848	0.01798	0.01648	0.01348	0.00599	0.00449	0.00150	0.00350	0.00499	0.00449	0.00699
9	0.87598	0.00854	0.00649	0.00581	0.00854	0.00991	0.00478	0.01298	0.00752	0.01982	0.00615	0.00717	0.00478	0.00410	0.00273	0.00137	0.00342	0.00239	0.00273	0.00478
10	0.00886	0.02285	0.82190	0.01259	0.01912	0.01026	0.01632	0.01399	0.00932	0.01399	0.00793	0.00932	0.00559	0.00420	0.00420	0.00140	0.00653	0.00326	0.00186	0.00653
11	0.01181	0.84744	0.02314	0.00756	0.01134	0.01748	0.00756	0.01323	0.00897	0.01039	0.00614	0.00708	0.00567	0.00378	0.00283	0.00094	0.00472	0.00236	0.00189	0.00567
12	0.87598	0.00854	0.00649	0.00581	0.00854	0.00991	0.00478	0.01298	0.00752	0.01982	0.00615	0.00717	0.00478	0.00410	0.00273	0.00137	0.00342	0.00239	0.00273	0.00478
13	0.00637	0.00435	0.00514	0.00503	0.00534	0.00425	0.00311	0.00699	0.00821	0.01125	0.24948	0.03010	0.02359	0.59899	0.01740	0.00343	0.00364	0.00688	0.00332	0.00311
14	0.00886	0.02285	0.82190	0.01259	0.01912	0.01026	0.01632	0.01399	0.00932	0.01399	0.00793	0.00932	0.00559	0.00420	0.00420	0.00140	0.00653	0.00326	0.00186	0.00653
15	0.00534	0.00442	0.00468	0.00474	0.00607	0.00376	0.00351	0.00653	0.01018	0.01247	0.12315	0.11306	0.66446	0.01120	0.00526	0.00151	0.00225	0.00947	0.00418	0.00376
16	0.01651	0.01274	0.04154	0.01025	0.01389	0.01358	0.00867	0.77492	0.02037	0.02735	0.01051	0.01056	0.00744	0.00526	0.00441	0.00133	0.00492	0.00395	0.00433	0.00748
17	0.00624	0.00455	0.00537	0.00516	0.00636	0.00406	0.00381	0.00775	0.01102	0.03824	0.41313	0.05653	0.34203	0.06853	0.00641	0.00164	0.00236	0.00841	0.00441	0.00397
18	0.01075	0.03897	0.05798	0.00744	0.01132	0.03038	0.00639	0.04302	0.00998	0.09054	0.00873	0.00968	0.00687	0.00376	0.00372	0.00084	0.02105	0.00290	0.00286	0.63281
19	0.03830	0.02447	0.05238	0.00970	0.05097	0.06968	0.00778	0.23690	0.03850	0.16743	0.05370	0.01413	0.03511	0.00552	0.00473	0.00129	0.04276	0.02407	0.00379	0.11879
20	0.07473	0.12863	0.17838	0.01230	0.09996	0.03686	0.09280	0.14292	0.06570	0.07658	0.00948	0.01037	0.00710	0.00442	0.00406	0.00129	0.00524	0.00363	0.00291	0.04264

[dist]
# distance from previous block
# <min> <max>
1	7

[block]
# block no. 10 follows, 59 sequences, length 8
# corresponding to MSA columns:
# 405-412
name=unknown_K
#
# <colnr> <probs for GDERKNQSTAVLIFYWHMCP>
#	G	D	E	R	K	N	Q	S	T	A	V	L	I	F	Y	W	H	M	C	P
0	0.03302	0.00762	0.00913	0.00753	0.01024	0.00748	0.00602	0.06421	0.20003	0.34694	0.12794	0.01825	0.04652	0.00614	0.00443	0.00135	0.00336	0.00507	0.04283	0.05191
1	0.00865	0.00867	0.13530	0.02918	0.01079	0.00667	0.02576	0.04008	0.06705	0.07882	0.32874	0.11235	0.04472	0.00791	0.00516	0.00146	0.02512	0.03257	0.00400	0.02698
2	0.06849	0.25292	0.09093	0.03632	0.13485	0.02978	0.04902	0.01413	0.05689	0.07964	0.02979	0.02338	0.00823	0.00528	0.02422	0.00138	0.03397	0.00364	0.00263	0.05450
3	0.00655	0.00437	0.00555	0.00584	0.00659	0.00403	0.00411	0.00766	0.00960	0.05788	0.20108	0.40330	0.11784	0.10749	0.00738	0.00194	0.00274	0.03801	0.00418	0.00387
4	0.01405	0.00724	0.00885	0.00739	0.00988	0.00704	0.00584	0.06141	0.16519	0.38911	0.08920	0.05118	0.06006	0.05293	0.00554	0.00156	0.00343	0.00552	0.04827	0.00632
5	0.01022	0.07976	0.32209	0.03567	0.10151	0.04020	0.19412	0.01439	0.05528	0.03677	0.00949	0.01209	0.00744	0.00532	0.02922	0.00157	0.00633	0.03001	0.00234	0.00618
6	0.04138	0.01050	0.05960	0.07259	0.06883	0.08284	0.04871	0.11397	0.13340	0.15652	0.01388	0.08331	0.01162	0.02440	0.00497	0.00152	0.00477	0.05743	0.00368	0.00610
7	0.00547	0.00402	0.00504	0.00574	0.00624	0.00369	0.00388	0.00633	0.00884	0.01159	0.07359	0.60367	0.16388	0.06794	0.00665	0.00188	0.00259	0.01133	0.00405	0.00359

[dist]
# distance from previous block
# <min> <max>
2	7

[block]
# block no. 11 follows, 59 sequences, length 47
# corresponding to MSA columns:
# 420-466
name=unknown_L
#
# <colnr> <probs for GDERKNQSTAVLIFYWHMCP>
#	G	D	E	R	K	N	Q	S	T	A	V	L	I	F	Y	W	H	M	C	P
0	0.21161	0.10240	0.15158	0.00867	0.02796	0.00994	0.02204	0.07654	0.03226	0.07697	0.00850	0.00935	0.00648	0.00417	0.00369	0.00116	0.01648	0.00305	0.00282	0.22431
1	0.04733	0.13411	0.14619	0.09814	0.12558	0.05457	0.04627	0.05790	0.05321	0.06718	0.06418	0.01371	0.03228	0.00505	0.00419	0.00132	0.00505	0.02229	0.00284	0.01861
2	0.00619	0.00453	0.00583	0.00574	0.00671	0.00423	0.00426	0.00824	0.02854	0.01630	0.61310	0.15934	0.07815	0.00991	0.00529	0.00148	0.00225	0.03112	0.00467	0.00411
3	0.00989	0.00991	0.04705	0.26301	0.35270	0.01002	0.09879	0.03487	0.04337	0.01371	0.00936	0.03504	0.00779	0.00489	0.00488	0.02427	0.00551	0.01663	0.00235	0.00598
4	0.00613	0.00457	0.00591	0.00638	0.00724	0.00409	0.00453	0.00718	0.00869	0.01187	0.02160	0.62523	0.02522	0.02846	0.00566	0.00170	0.00285	0.08649	0.00385	0.13235
5	0.01614	0.00740	0.00928	0.00749	0.01041	0.00691	0.00607	0.03916	0.13340	0.54207	0.01984	0.01797	0.09120	0.00609	0.00443	0.00137	0.00348	0.00498	0.06549	0.00682
6	0.87598	0.00854	0.00649	0.00581	0.00854	0.00991	0.00478	0.01298	0.00752	0.01982	0.00615	0.00717	0.00478	0.00410	0.00273	0.00137	0.00342	0.00239	0.00273	0.00478
7	0.00538	0.00384	0.00512	0.00615	0.00641	0.00359	0.00410	0.00615	0.00846	0.01127	0.02434	0.84190	0.02921	0.01384	0.00564	0.00179	0.00256	0.01256	0.00410	0.00359
8	0.65423	0.00828	0.00746	0.00634	0.00925	0.00902	0.00523	0.01520	0.00884	0.22714	0.00907	0.00921	0.00638	0.00445	0.00318	0.00137	0.00351	0.00292	0.00344	0.00549
9	0.01926	0.00762	0.01025	0.00784	0.01128	0.00659	0.00646	0.03442	0.01262	0.76850	0.01685	0.01468	0.01067	0.00536	0.00439	0.00133	0.00375	0.00435	0.00531	0.04849
10	0.00834	0.00785	0.01325	0.83417	0.03042	0.00981	0.01227	0.01128	0.00883	0.01128	0.00785	0.01178	0.00589	0.00442	0.00442	0.00147	0.00589	0.00393	0.00196	0.00491
11	0.01181	0.84744	0.02314	0.00756	0.01134	0.01748	0.00756	0.01323	0.00897	0.01039	0.00614	0.00708	0.00567	0.00378	0.00283	0.00094	0.00472	0.00236	0.00189	0.00567
12	0.01645	0.01202	0.01293	0.01001	0.01346	0.01328	0.00824	0.72223	0.07837	0.05061	0.01135	0.01117	0.00805	0.00536	0.00442	0.00134	0.00473	0.00406	0.00445	0.00747
13	0.00538	0.00384	0.00512	0.00615	0.00641	0.00359	0.00410	0.00615	0.00846	0.01127	0.02434	0.84190	0.02921	0.01384	0.00564	0.00179	0.00256	0.01256	0.00410	0.00359
14	0.00834	0.00785	0.01325	0.83417	0.03042	0.00981	0.01227	0.01128	0.00883	0.01128	0.00785	0.01178	0.00589	0.00442	0.00442	0.00147	0.00589	0.00393	0.00196	0.00491
15	0.00545	0.00389	0.00520	0.00619	0.00649	0.00364	0.00418	0.00628	0.00860	0.01148	0.04248	0.80148	0.02939	0.01368	0.00564	0.00179	0.00259	0.03382	0.00412	0.00361
16	0.00886	0.02285	0.82190	0.01259	0.01912	0.01026	0.01632	0.01399	0.00932	0.01399	0.00793	0.00932	0.00559	0.00420	0.00420	0.00140	0.00653	0.00326	0.00186	0.00653
17	0.01973	0.00765	0.01033	0.00792	0.01134	0.00669	0.00654	0.04327	0.01287	0.79822	0.01723	0.01491	0.01084	0.00546	0.00444	0.00137	0.00379	0.00443	0.00544	0.00752
18	0.85403	0.00864	0.00666	0.00592	0.00867	0.01000	0.00488	0.03316	0.00785	0.02002	0.00626	0.00726	0.00485	0.00413	0.00278	0.00137	0.00345	0.00243	0.00278	0.00485
19	0.00606	0.00433	0.00590	0.00692	0.00747	0.00417	0.00527	0.00732	0.00912	0.01203	0.02397	0.53341	0.02773	0.01320	0.00582	0.00189	0.00315	0.31437	0.00409	0.00377
20	0.00823	0.00412	0.00412	0.00412	0.00515	0.00412	0.00309	0.01029	0.00926	0.01647	0.01441	0.01647	0.01132	0.00515	0.00309	0.00103	0.00206	0.00412	0.86930	0.00412
21	0.00538	0.00384	0.00512	0.00615	0.00641	0.00359	0.00410	0.00615	0.00846	0.01127	0.02434	0.84190	0.02921	0.01384	0.00564	0.00179	0.00256	0.01256	0.00410	0.00359
22	0.00631	0.00473	0.00710	0.00710	0.00789	0.00552	0.00552	0.00789	0.00710	0.01025	0.01183	0.01735	0.01104	0.03312	0.82728	0.00710	0.01183	0.00473	0.00237	0.00394
23	0.87598	0.00854	0.00649	0.00581	0.00854	0.00991	0.00478	0.01298	0.00752	0.01982	0.00615	0.00717	0.00478	0.00410	0.00273	0.00137	0.00342	0.00239	0.00273	0.00478
24	0.01416	0.01533	0.01302	0.01126	0.01301	0.40444	0.02554	0.10514	0.01152	0.04677	0.00771	0.00994	0.00652	0.00582	0.00752	0.00145	0.27560	0.01728	0.00257	0.00540
25	0.01166	0.80581	0.06347	0.00781	0.01173	0.01711	0.00800	0.01326	0.00899	0.01057	0.00623	0.00720	0.00566	0.00380	0.00290	0.00097	0.00481	0.00241	0.00189	0.00571
26	0.00554	0.00434	0.00506	0.00556	0.00655	0.00386	0.00413	0.00666	0.00952	0.01188	0.03472	0.32210	0.43353	0.01225	0.00549	0.00167	0.00260	0.11674	0.00410	0.00373
