[name]
unknown

[dist]
# distance from previous block
# <min> <max>
13	131

[block]
# block no. 0 follows, 47 sequences, length 24
# corresponding to MSA columns:
# 136-159
name=unknown_A
#
# <colnr> <probs for GDERKNQSTAVLIFYWHMCP>
#	G	D	E	R	K	N	Q	S	T	A	V	L	I	F	Y	W	H	M	C	P
0	0.08437	0.12008	0.29533	0.01354	0.06101	0.03371	0.05656	0.11938	0.07774	0.01892	0.01121	0.03934	0.00895	0.00666	0.02983	0.00180	0.00660	0.00451	0.00313	0.00733
1	0.01356	0.06429	0.34151	0.01294	0.01812	0.04813	0.06546	0.11304	0.05663	0.09637	0.04506	0.01498	0.02954	0.02308	0.00596	0.00170	0.03388	0.00480	0.00348	0.00745
2	0.07709	0.10856	0.05341	0.00983	0.03200	0.07718	0.00798	0.01725	0.19536	0.05922	0.11593	0.03653	0.08644	0.05625	0.00686	0.00183	0.04178	0.00601	0.00411	0.00640
3	0.03394	0.07100	0.29299	0.02856	0.01712	0.05114	0.01226	0.12359	0.12358	0.03264	0.02579	0.01369	0.00973	0.03705	0.00597	0.00167	0.02758	0.00438	0.00339	0.08392
4	0.01551	0.08575	0.01434	0.01071	0.01418	0.01450	0.00873	0.30913	0.38274	0.02504	0.01640	0.01577	0.01224	0.00647	0.00501	0.00160	0.00479	0.00510	0.04381	0.00818
5	0.00899	0.00694	0.00924	0.03918	0.01022	0.00805	0.00660	0.03589	0.00909	0.01333	0.01324	0.02129	0.01289	0.21995	0.31224	0.00506	0.13633	0.00565	0.07954	0.04627
6	0.00746	0.00505	0.00595	0.00605	0.00616	0.00511	0.00360	0.00770	0.00784	0.01054	0.01721	0.09753	0.01968	0.67980	0.09486	0.00511	0.00569	0.00799	0.00326	0.00338
7	0.03287	0.01026	0.05964	0.14379	0.07852	0.02736	0.07045	0.04881	0.08398	0.01560	0.01819	0.09048	0.09753	0.12362	0.04028	0.00249	0.04002	0.00679	0.00344	0.00587
8	0.01520	0.09613	0.16639	0.01348	0.01809	0.10712	0.15801	0.10764	0.05879	0.13425	0.03265	0.03223	0.02453	0.00590	0.00518	0.00158	0.00664	0.00508	0.00372	0.00740
9	0.22736	0.00994	0.01110	0.00905	0.01237	0.03019	0.04420	0.09246	0.07871	0.27404	0.01509	0.01492	0.01061	0.00589	0.00451	0.00156	0.00445	0.00457	0.14182	0.00718
10	0.00665	0.00485	0.00613	0.00683	0.00748	0.00449	0.00472	0.00783	0.01081	0.01434	0.14209	0.49805	0.13904	0.08264	0.00820	0.00225	0.00312	0.04135	0.00482	0.00429
11	0.01120	0.16762	0.17080	0.02101	0.01695	0.02647	0.18937	0.01468	0.02172	0.03694	0.12816	0.05601	0.04665	0.00670	0.00520	0.00158	0.00590	0.01558	0.05105	0.00642
12	0.01286	0.01332	0.08184	0.11062	0.31651	0.05631	0.06949	0.06137	0.04799	0.04393	0.08075	0.01546	0.01204	0.00581	0.00592	0.00164	0.04848	0.00512	0.00321	0.00732
13	0.00966	0.00505	0.00735	0.05199	0.00879	0.00511	0.00525	0.00861	0.00801	0.04656	0.01168	0.05640	0.01120	0.01556	0.01631	0.62418	0.00440	0.02135	0.07935	0.00315
14	0.03329	0.01090	0.01353	0.23165	0.07409	0.06682	0.02911	0.13354	0.09441	0.03081	0.11707	0.02058	0.08993	0.00711	0.00563	0.00167	0.02344	0.00594	0.00392	0.00654
15	0.10933	0.27323	0.29865	0.01044	0.01518	0.01324	0.01148	0.01442	0.01079	0.01591	0.07248	0.10874	0.01326	0.00660	0.00453	0.00153	0.00561	0.00515	0.00293	0.00649
16	0.00745	0.04416	0.05511	0.00821	0.00949	0.00614	0.02500	0.00954	0.04635	0.01438	0.06915	0.60288	0.05444	0.01393	0.00627	0.00198	0.00357	0.01253	0.00457	0.00485
17	0.01759	0.15578	0.04662	0.01247	0.01566	0.56566	0.01006	0.02039	0.08305	0.01363	0.00916	0.01019	0.00754	0.00535	0.00454	0.00135	0.00821	0.00351	0.00283	0.00641
18	0.00823	0.00631	0.00849	0.00846	0.00964	0.00623	0.05112	0.05284	0.07024	0.01577	0.04527	0.52804	0.06685	0.02971	0.00667	0.00203	0.00363	0.03057	0.04489	0.00502
19	0.06737	0.01217	0.01358	0.08301	0.01647	0.01356	0.00931	0.34614	0.25088	0.10954	0.01543	0.01507	0.01108	0.00634	0.00512	0.00165	0.00510	0.00500	0.00499	0.00820
20	0.03007	0.07736	0.19618	0.03422	0.05732	0.07399	0.04527	0.02757	0.10267	0.11139	0.06153	0.08268	0.01373	0.00661	0.00507	0.00158	0.00574	0.00553	0.00373	0.05776
21	0.04681	0.25727	0.10556	0.03161	0.03975	0.08135	0.03088	0.01644	0.04755	0.05573	0.00936	0.01097	0.00765	0.00543	0.00602	0.00144	0.11890	0.00372	0.00282	0.12075
22	0.00767	0.00510	0.00611	0.00619	0.00648	0.00525	0.00391	0.00828	0.00817	0.01150	0.01676	0.07719	0.01829	0.55414	0.16270	0.00513	0.00630	0.00740	0.07982	0.00365
23	0.03212	0.01136	0.08589	0.01373	0.14303	0.03427	0.04681	0.03467	0.16168	0.03134	0.14118	0.02378	0.12787	0.00952	0.05067	0.00206	0.03278	0.00653	0.00406	0.00665

[dist]
# distance from previous block
# <min> <max>
0	6

[block]
# block no. 1 follows, 47 sequences, length 6
# corresponding to MSA columns:
# 166-171
name=unknown_B
#
# <colnr> <probs for GDERKNQSTAVLIFYWHMCP>
#	G	D	E	R	K	N	Q	S	T	A	V	L	I	F	Y	W	H	M	C	P
0	0.11012	0.09276	0.08828	0.06603	0.04736	0.10002	0.07691	0.09977	0.03977	0.09980	0.01212	0.05787	0.00990	0.00790	0.04913	0.00197	0.02499	0.00490	0.00351	0.00687
1	0.00736	0.00502	0.00605	0.00624	0.00640	0.00508	0.00381	0.00772	0.00806	0.01085	0.01814	0.16000	0.02080	0.59751	0.11088	0.00495	0.00573	0.00853	0.00339	0.00350
2	0.01192	0.00960	0.01536	0.09389	0.09328	0.01016	0.13695	0.08975	0.03214	0.08254	0.07107	0.07170	0.01469	0.03679	0.16001	0.00312	0.05067	0.00629	0.00365	0.00640
3	0.01158	0.01239	0.08873	0.36296	0.19458	0.05957	0.03619	0.01528	0.03446	0.03705	0.01113	0.01558	0.00895	0.00659	0.02982	0.00188	0.00691	0.03505	0.02468	0.00662
4	0.10814	0.07752	0.32818	0.08033	0.07416	0.01228	0.08094	0.01719	0.05239	0.07766	0.01060	0.01213	0.00779	0.00504	0.00478	0.00159	0.00647	0.00417	0.00292	0.03572
5	0.00786	0.00553	0.00658	0.00652	0.00782	0.00514	0.00485	0.00993	0.03400	0.04128	0.27656	0.10309	0.24367	0.10342	0.00840	0.00214	0.00316	0.07358	0.05174	0.00472

[dist]
# distance from previous block
# <min> <max>
1	3

[block]
# block no. 2 follows, 47 sequences, length 28
# corresponding to MSA columns:
# 175-202
name=unknown_C
#
# <colnr> <probs for GDERKNQSTAVLIFYWHMCP>
#	G	D	E	R	K	N	Q	S	T	A	V	L	I	F	Y	W	H	M	C	P
0	0.06113	0.05016	0.08398	0.01252	0.13920	0.03123	0.00884	0.05590	0.01135	0.01584	0.02034	0.27368	0.08639	0.02920	0.07936	0.00246	0.00557	0.02333	0.00372	0.00580
1	0.01029	0.00721	0.00791	0.00727	0.00917	0.00752	0.00556	0.05692	0.19898	0.03769	0.17195	0.02768	0.13017	0.03673	0.02722	0.00186	0.00351	0.00698	0.23951	0.00588
2	0.03189	0.11406	0.10104	0.04313	0.08948	0.05642	0.33008	0.01574	0.01203	0.03637	0.04310	0.01665	0.07506	0.00561	0.00538	0.00161	0.00702	0.00559	0.00295	0.00678
3	0.01686	0.01371	0.01394	0.01147	0.01504	0.05856	0.00920	0.41018	0.34375	0.02699	0.01596	0.01528	0.01174	0.00655	0.00522	0.00164	0.00525	0.00512	0.00511	0.00844
4	0.00665	0.00472	0.00623	0.00711	0.00746	0.00457	0.00476	0.00757	0.00966	0.01300	0.05120	0.60891	0.03088	0.12826	0.08030	0.00306	0.00426	0.01280	0.00445	0.00414
5	0.01329	0.01204	0.03826	0.00978	0.03560	0.11613	0.00773	0.04824	0.01241	0.08291	0.02475	0.02993	0.00986	0.00508	0.00440	0.00109	0.00493	0.02122	0.00349	0.51886
6	0.01077	0.01167	0.04830	0.01679	0.02061	0.01069	0.46376	0.03489	0.01209	0.01627	0.01737	0.13645	0.05752	0.00791	0.00652	0.00188	0.02563	0.09124	0.00337	0.00626
7	0.00682	0.00528	0.00626	0.00667	0.00775	0.00489	0.00475	0.00889	0.05419	0.01527	0.15982	0.38936	0.28333	0.01383	0.00633	0.00190	0.00286	0.01216	0.00501	0.00462
8	0.00652	0.00488	0.00607	0.00664	0.00748	0.00442	0.00465	0.00786	0.01145	0.01513	0.19827	0.46866	0.21025	0.01436	0.00642	0.00193	0.00281	0.01275	0.00503	0.00442
9	0.00884	0.00759	0.01062	0.00993	0.01033	0.00960	0.00778	0.01009	0.00841	0.01224	0.01369	0.11571	0.01443	0.12108	0.29111	0.00475	0.31097	0.02506	0.00294	0.00481
10	0.01223	0.01258	0.01591	0.02934	0.06147	0.12163	0.07628	0.03399	0.01002	0.01353	0.00908	0.01407	0.00854	0.07286	0.08293	0.00278	0.40951	0.00486	0.00258	0.00581
11	0.01192	0.03572	0.17520	0.07245	0.33287	0.01230	0.18281	0.03572	0.01189	0.01670	0.01090	0.05751	0.00920	0.00537	0.00538	0.00165	0.00691	0.00534	0.00269	0.00746
12	0.03600	0.27835	0.25280	0.01286	0.04772	0.06621	0.06376	0.08018	0.01244	0.01667	0.03506	0.01131	0.00846	0.00501	0.00446	0.00140	0.00647	0.00385	0.00274	0.05425
13	0.01273	0.08405	0.12369	0.07269	0.20349	0.01243	0.03692	0.07961	0.10691	0.05714	0.02844	0.06184	0.02721	0.02200	0.00618	0.00172	0.04672	0.00547	0.00347	0.00730
14	0.00636	0.00524	0.00559	0.00560	0.00719	0.00447	0.00416	0.00784	0.01221	0.01511	0.16800	0.09533	0.61892	0.01297	0.00618	0.00176	0.00263	0.01097	0.00498	0.00447
15	0.00855	0.00602	0.00822	0.00761	0.00903	0.00563	0.04757	0.01029	0.01193	0.06323	0.26403	0.06529	0.16437	0.18087	0.03312	0.00268	0.00414	0.09797	0.00468	0.00477
16	0.06707	0.13271	0.13596	0.01503	0.10665	0.08066	0.08759	0.17862	0.05390	0.04112	0.01046	0.01182	0.00804	0.00543	0.00537	0.00156	0.04293	0.00427	0.00333	0.00750
17	0.02963	0.00868	0.02123	0.00942	0.04559	0.02758	0.00703	0.13939	0.01407	0.14591	0.06734	0.18183	0.18844	0.02503	0.00642	0.00182	0.02539	0.02634	0.02267	0.00620
18	0.00657	0.00465	0.00595	0.00690	0.00733	0.00434	0.00460	0.00752	0.01005	0.01347	0.04735	0.65623	0.08118	0.08020	0.00811	0.00229	0.00313	0.01351	0.03244	0.00419
19	0.01064	0.00940	0.07407	0.01222	0.11756	0.00831	0.03051	0.05386	0.03328	0.06984	0.19030	0.14971	0.04980	0.03242	0.00695	0.00185	0.04924	0.03928	0.05467	0.00609
20	0.01282	0.03894	0.22066	0.01676	0.17737	0.02812	0.06382	0.11650	0.10533	0.03783	0.02618	0.06490	0.03212	0.00645	0.00560	0.00166	0.02837	0.00551	0.00349	0.00754
21	0.03000	0.00840	0.01189	0.15633	0.01533	0.01047	0.00905	0.01242	0.02588	0.06064	0.01170	0.01780	0.01068	0.12630	0.19628	0.00388	0.25709	0.00526	0.02525	0.00535
22	0.00701	0.00504	0.00635	0.00703	0.00788	0.00470	0.00496	0.00841	0.02323	0.03392	0.06351	0.52112	0.19366	0.01623	0.05066	0.00236	0.00363	0.03099	0.00481	0.00452
23	0.03702	0.02689	0.13345	0.03451	0.08343	0.06471	0.16209	0.17286	0.05279	0.11752	0.01349	0.01450	0.03428	0.00576	0.00552	0.00163	0.02309	0.00502	0.00378	0.00765
24	0.04643	0.00910	0.03175	0.01465	0.22290	0.03016	0.00909	0.01363	0.07598	0.03299	0.18116	0.12117	0.07265	0.02991	0.00628	0.00185	0.00445	0.08550	0.00423	0.00615
25	0.05751	0.01283	0.09155	0.11381	0.19114	0.03388	0.06832	0.07150	0.04545	0.06762	0.01178	0.05765	0.00973	0.00592	0.00573	0.00160	0.05089	0.00504	0.00328	0.09476
26	0.05887	0.29000	0.09535	0.01092	0.01499	0.18623	0.02840	0.05060	0.06219	0.12063	0.01086	0.01175	0.00847	0.02390	0.00486	0.00148	0.00636	0.00383	0.00331	0.00701
27	0.01420	0.07934	0.03668	0.16488	0.09252	0.04345	0.05315	0.24638	0.06218	0.02098	0.05096	0.01404	0.01046	0.00573	0.00524	0.00153	0.02016	0.00472	0.00367	0.06974

[dist]
# distance from previous block
# <min> <max>
0	44

[block]
# block no. 3 follows, 47 sequences, length 23
# corresponding to MSA columns:
# 247-269
name=unknown_D
#
# <colnr> <probs for GDERKNQSTAVLIFYWHMCP>
#	G	D	E	R	K	N	Q	S	T	A	V	L	I	F	Y	W	H	M	C	P
0	0.00957	0.04265	0.06874	0.06735	0.01253	0.04688	0.00779	0.09468	0.01189	0.01558	0.02118	0.47221	0.02372	0.03836	0.00691	0.00202	0.02232	0.02613	0.00417	0.00532
1	0.11238	0.01048	0.01187	0.00943	0.01291	0.01080	0.00768	0.28929	0.02966	0.29087	0.08053	0.01709	0.01391	0.02428	0.00545	0.00165	0.00458	0.00516	0.05417	0.00780
2	0.00882	0.00596	0.00808	0.00818	0.00932	0.00587	0.02796	0.01100	0.06651	0.07975	0.02606	0.46290	0.07656	0.02450	0.06979	0.03241	0.01519	0.04236	0.01375	0.00501
3	0.01181	0.14815	0.31247	0.01517	0.02097	0.01349	0.24314	0.01711	0.07621	0.01635	0.01037	0.01220	0.00788	0.00480	0.00500	0.00154	0.00710	0.00449	0.00266	0.06908
4	0.01492	0.01036	0.01208	0.00892	0.01334	0.00909	0.00725	0.18148	0.01452	0.15164	0.01189	0.01235	0.00885	0.00483	0.00439	0.00109	0.00437	0.00380	0.00413	0.52070
5	0.00787	0.00565	0.00689	0.00734	0.00841	0.00547	0.00525	0.01062	0.09656	0.04254	0.09487	0.48025	0.14478	0.01370	0.00628	0.00195	0.00312	0.02967	0.02384	0.00495
6	0.00659	0.00456	0.00596	0.00708	0.00744	0.00428	0.00475	0.00761	0.01004	0.01374	0.02784	0.75533	0.03290	0.01556	0.00643	0.00205	0.00298	0.01407	0.06653	0.00428
7	0.07396	0.31289	0.19027	0.07449	0.01668	0.03559	0.01127	0.05962	0.01121	0.01543	0.00962	0.01275	0.00822	0.00910	0.09322	0.00223	0.02602	0.02823	0.00264	0.00656
8	0.00631	0.00465	0.00592	0.00693	0.00747	0.00426	0.00469	0.00729	0.01028	0.01342	0.03266	0.68805	0.15742	0.01580	0.00657	0.00206	0.00296	0.01418	0.00483	0.00426
9	0.00748	0.00588	0.00747	0.00754	0.00835	0.00609	0.00557	0.00916	0.02732	0.01520	0.21048	0.28626	0.15643	0.08133	0.00930	0.00222	0.09317	0.05150	0.00463	0.00461
10	0.03303	0.00880	0.01217	0.00992	0.01278	0.00868	0.09158	0.06711	0.13483	0.17306	0.30497	0.02483	0.02585	0.00871	0.02884	0.00183	0.00446	0.00686	0.00518	0.03651
11	0.01709	0.04578	0.04702	0.04058	0.01772	0.01012	0.19845	0.04487	0.03073	0.36322	0.04874	0.01621	0.01200	0.00571	0.00529	0.00156	0.00569	0.00528	0.00462	0.07931
12	0.00716	0.00481	0.00619	0.00694	0.00734	0.00454	0.00457	0.00799	0.00985	0.03609	0.06355	0.58557	0.03124	0.18572	0.01080	0.00270	0.00347	0.01271	0.00457	0.00417
13	0.01751	0.00905	0.01110	0.00905	0.01226	0.00890	0.00732	0.15220	0.07106	0.38150	0.02166	0.02081	0.09485	0.01081	0.09380	0.00236	0.00539	0.00582	0.05693	0.00762
14	0.01027	0.01159	0.10214	0.35649	0.15349	0.01165	0.01356	0.01327	0.01032	0.01418	0.01203	0.08209	0.03508	0.00696	0.00735	0.00182	0.14323	0.00561	0.00264	0.00622
15	0.01381	0.72956	0.02555	0.00910	0.01339	0.01975	0.00884	0.01695	0.09617	0.01332	0.00880	0.00959	0.00771	0.00475	0.00356	0.00119	0.00541	0.00313	0.00257	0.00686
16	0.00677	0.00463	0.00595	0.00698	0.00746	0.00435	0.00477	0.00790	0.01019	0.01407	0.02815	0.67907	0.05657	0.01501	0.00631	0.00201	0.00299	0.03350	0.09899	0.00432
17	0.16086	0.03175	0.01527	0.13847	0.01831	0.01109	0.16930	0.12882	0.02982	0.01896	0.01470	0.21083	0.01422	0.00790	0.00536	0.00177	0.00556	0.00714	0.00368	0.00619
18	0.03096	0.03847	0.17858	0.03448	0.05346	0.02297	0.01100	0.16950	0.16454	0.04572	0.08296	0.03064	0.03794	0.00691	0.00554	0.00165	0.02788	0.02282	0.00413	0.02984
19	0.01275	0.33510	0.25108	0.11984	0.08783	0.01575	0.01344	0.07942	0.01198	0.01582	0.00881	0.01064	0.00702	0.00487	0.00439	0.00143	0.00645	0.00368	0.00252	0.00719
20	0.00924	0.00543	0.00643	0.00621	0.00669	0.00527	0.00380	0.00954	0.00860	0.09747	0.01792	0.09846	0.01957	0.65823	0.02244	0.00441	0.00481	0.00793	0.00367	0.00389
21	0.00901	0.01013	0.12552	0.03089	0.01205	0.06464	0.02201	0.01122	0.01030	0.03124	0.02938	0.26951	0.04056	0.03785	0.22866	0.00373	0.00751	0.00827	0.04231	0.00521
22	0.02847	0.01132	0.04932	0.02824	0.17881	0.03028	0.03082	0.01676	0.07661	0.10372	0.02902	0.01346	0.00991	0.00489	0.00461	0.00125	0.00493	0.00419	0.00353	0.36987

[dist]
# distance from previous block
# <min> <max>
1	12

[block]
# block no. 4 follows, 47 sequences, length 13
# corresponding to MSA columns:
# 283-295
name=unknown_E
#
# <colnr> <probs for GDERKNQSTAVLIFYWHMCP>
#	G	D	E	R	K	N	Q	S	T	A	V	L	I	F	Y	W	H	M	C	P
0	0.00743	0.00510	0.00639	0.00654	0.00694	0.00522	0.00431	0.00828	0.00885	0.01230	0.08160	0.14855	0.02227	0.42573	0.18822	0.00488	0.00635	0.00827	0.03890	0.00386
1	0.06840	0.05248	0.08199	0.03143	0.05236	0.01020	0.08420	0.03142	0.05937	0.10645	0.01123	0.01265	0.00862	0.00547	0.00556	0.03686	0.02850	0.00410	0.00340	0.30533
2	0.04453	0.08344	0.19120	0.23602	0.15982	0.03316	0.04748	0.01611	0.04566	0.03796	0.01001	0.01247	0.00768	0.00499	0.00487	0.00156	0.00654	0.00426	0.00268	0.04956
3	0.01129	0.00770	0.00896	0.00812	0.00979	0.00804	0.00600	0.09274	0.12617	0.10473	0.06607	0.14184	0.11722	0.21355	0.01158	0.00262	0.04505	0.00818	0.00462	0.00571
4	0.00885	0.00538	0.00675	0.00676	0.00767	0.00500	0.00462	0.00992	0.01082	0.10316	0.16262	0.30132	0.07773	0.25109	0.01224	0.00282	0.00366	0.01034	0.00469	0.00458
5	0.04735	0.10575	0.12746	0.03277	0.14257	0.06695	0.01060	0.08324	0.05383	0.06497	0.03880	0.08759	0.10211	0.00731	0.00510	0.00160	0.00544	0.00602	0.00368	0.00686
6	0.03666	0.04961	0.02665	0.03332	0.01210	0.00965	0.00727	0.17347	0.11303	0.08363	0.06340	0.21521	0.13494	0.00990	0.00561	0.00175	0.00414	0.00837	0.00485	0.00646
7	0.00737	0.00514	0.00627	0.00660	0.00766	0.00465	0.00467	0.00864	0.01125	0.05342	0.12933	0.37357	0.26865	0.05571	0.03025	0.00225	0.00332	0.01181	0.00488	0.00456
8	0.01046	0.00738	0.00856	0.00792	0.00992	0.00744	0.00602	0.05341	0.19364	0.09300	0.22290	0.16138	0.17583	0.01060	0.00589	0.00176	0.00334	0.00914	0.00535	0.00607
9	0.04282	0.06509	0.03076	0.05228	0.07609	0.06229	0.04766	0.20116	0.04897	0.13003	0.01269	0.01428	0.00967	0.03177	0.03435	0.00189	0.04645	0.00466	0.04712	0.03997
10	0.00669	0.00507	0.00623	0.00672	0.00746	0.00479	0.00467	0.00782	0.01076	0.01412	0.12687	0.42910	0.22128	0.08874	0.00862	0.00224	0.02761	0.01220	0.00471	0.00430
11	0.05241	0.00607	0.00762	0.00764	0.00908	0.00577	0.00556	0.01239	0.05004	0.16223	0.10131	0.47785	0.05609	0.01272	0.00607	0.00192	0.00333	0.01127	0.00517	0.00546
12	0.05618	0.12582	0.08791	0.06183	0.04725	0.18148	0.04100	0.03743	0.08759	0.15438	0.01235	0.03192	0.00950	0.00589	0.00527	0.00155	0.03745	0.00448	0.00360	0.00711

[dist]
# distance from previous block
# <min> <max>
0	10

[block]
# block no. 5 follows, 47 sequences, length 23
# corresponding to MSA columns:
# 306-328
name=unknown_F
#
# <colnr> <probs for GDERKNQSTAVLIFYWHMCP>
#	G	D	E	R	K	N	Q	S	T	A	V	L	I	F	Y	W	H	M	C	P
0	0.01329	0.13831	0.06604	0.07199	0.02421	0.01306	0.00947	0.10943	0.18800	0.05976	0.02426	0.01521	0.01101	0.04624	0.00698	0.00173	0.08357	0.00471	0.03727	0.07546
1	0.01263	0.03717	0.03978	0.12765	0.10526	0.10803	0.15711	0.01624	0.06284	0.05493	0.07593	0.05828	0.01316	0.00634	0.00598	0.00163	0.04979	0.00565	0.00332	0.05829
2	0.01366	0.43164	0.16228	0.01058	0.01516	0.04067	0.02423	0.06066	0.03261	0.05450	0.06011	0.01214	0.01020	0.00539	0.00459	0.00136	0.02981	0.00387	0.00297	0.02356
3	0.01399	0.00882	0.01060	0.00855	0.01185	0.00813	0.00676	0.07214	0.12399	0.21030	0.16435	0.04913	0.01946	0.02153	0.00546	0.00147	0.00389	0.00588	0.00497	0.24875
4	0.01284	0.13908	0.40422	0.01440	0.07336	0.09651	0.03015	0.04039	0.05988	0.03879	0.03612	0.01234	0.00903	0.00529	0.00480	0.00154	0.00693	0.00412	0.00282	0.00741
5	0.00996	0.00780	0.01009	0.03344	0.03705	0.05815	0.06470	0.01199	0.01285	0.09206	0.27140	0.20438	0.14393	0.01068	0.00601	0.00175	0.00401	0.00948	0.00482	0.00545
6	0.00673	0.00504	0.00622	0.00667	0.00764	0.00459	0.00481	0.00821	0.01174	0.01549	0.22641	0.34596	0.23145	0.03700	0.00700	0.00200	0.00295	0.06062	0.00501	0.00445
7	0.01162	0.05411	0.64740	0.01466	0.02177	0.01287	0.05272	0.09329	0.01242	0.01802	0.00965	0.01119	0.00689	0.00504	0.00497	0.00163	0.00747	0.00400	0.00253	0.00775
8	0.01189	0.00877	0.01370	0.09568	0.10607	0.04826	0.11460	0.01250	0.00976	0.08640	0.01064	0.01531	0.00907	0.02749	0.02444	0.38690	0.00596	0.00486	0.00280	0.00489
9	0.08086	0.00897	0.01008	0.00867	0.01145	0.00933	0.00685	0.08626	0.23431	0.19227	0.16100	0.03618	0.07273	0.00786	0.00526	0.00165	0.00381	0.00648	0.04885	0.00711
10	0.00766	0.00533	0.00635	0.00626	0.00669	0.00527	0.00389	0.00810	0.00807	0.01103	0.01670	0.09654	0.01883	0.60576	0.11548	0.00493	0.00587	0.00766	0.00325	0.05633
11	0.03917	0.01264	0.06134	0.03788	0.01498	0.07871	0.04725	0.10795	0.29564	0.05365	0.01892	0.09480	0.05549	0.00783	0.00583	0.00175	0.03456	0.02003	0.00443	0.00715
12	0.01515	0.01009	0.01067	0.00892	0.01172	0.03381	0.00711	0.26505	0.13298	0.10684	0.06411	0.01787	0.01425	0.00659	0.00477	0.00149	0.00420	0.00524	0.27198	0.00716
13	0.00780	0.00496	0.00648	0.00699	0.00764	0.00463	0.00482	0.00843	0.01013	0.05227	0.07688	0.44820	0.10116	0.08210	0.01010	0.12138	0.00345	0.03393	0.00447	0.00418
14	0.02107	0.01072	0.01305	0.01008	0.01399	0.01058	0.00830	0.29442	0.01838	0.46517	0.06524	0.01715	0.01369	0.00664	0.00528	0.00160	0.00478	0.00530	0.00595	0.00861
15	0.00894	0.00682	0.00906	0.00856	0.00932	0.00788	0.00649	0.05791	0.00947	0.01313	0.01649	0.06639	0.06485	0.17038	0.27893	0.09087	0.13542	0.03137	0.00319	0.00453
16	0.00694	0.00510	0.00612	0.00674	0.00775	0.00462	0.00478	0.00836	0.02707	0.03465	0.03693	0.47805	0.30206	0.01467	0.00642	0.00197	0.00300	0.03537	0.00489	0.00452
17	0.00741	0.00514	0.00625	0.00649	0.00688	0.00511	0.00427	0.00811	0.00902	0.01206	0.07091	0.13382	0.05906	0.49084	0.07928	0.00431	0.00517	0.07839	0.00374	0.00373
18	0.01173	0.01096	0.01841	0.14988	0.55801	0.01130	0.01451	0.01479	0.01178	0.01648	0.04740	0.01857	0.01199	0.00593	0.00540	0.00166	0.00600	0.07493	0.00289	0.00738
19	0.01004	0.00735	0.00953	0.00943	0.03613	0.00807	0.00700	0.04888	0.14741	0.05462	0.04790	0.02485	0.03268	0.10854	0.36906	0.00514	0.00882	0.05502	0.00386	0.00568
20	0.00709	0.00562	0.00864	0.00874	0.00967	0.00525	0.08057	0.00852	0.01061	0.01416	0.06573	0.62873	0.05749	0.01463	0.00658	0.00206	0.00365	0.05300	0.00466	0.00458
21	0.04421	0.01081	0.01528	0.06568	0.05775	0.01112	0.11520	0.25141	0.01546	0.16873	0.01428	0.01573	0.04003	0.00799	0.00773	0.13657	0.00564	0.00515	0.00420	0.00702
22	0.01231	0.01134	0.01663	0.27876	0.31205	0.04269	0.01295	0.08677	0.01237	0.01677	0.01011	0.01396	0.00834	0.04856	0.00617	0.00171	0.00621	0.00458	0.00283	0.09487

[dist]
# distance from previous block
# <min> <max>
0	48

[block]
# block no. 6 follows, 47 sequences, length 8
# corresponding to MSA columns:
# 377-384
name=unknown_G
#
# <colnr> <probs for GDERKNQSTAVLIFYWHMCP>
#	G	D	E	R	K	N	Q	S	T	A	V	L	I	F	Y	W	H	M	C	P
0	0.00962	0.03733	0.03796	0.02542	0.01065	0.03068	0.00669	0.03035	0.09608	0.05709	0.16421	0.23185	0.12854	0.02503	0.00627	0.00186	0.00386	0.06512	0.00476	0.02665
1	0.00818	0.00632	0.00775	0.00787	0.00916	0.00656	0.00597	0.01206	0.14495	0.01579	0.12946	0.17492	0.12524	0.07793	0.13891	0.00324	0.00530	0.11071	0.00457	0.00511
2	0.01372	0.00944	0.01135	0.09931	0.04637	0.04967	0.00831	0.14308	0.04273	0.16919	0.07251	0.16740	0.08562	0.00927	0.00571	0.00176	0.00473	0.04843	0.00480	0.00660
3	0.10397	0.01149	0.03992	0.01061	0.07327	0.06580	0.00795	0.03243	0.09222	0.05460	0.04291	0.01305	0.01027	0.00497	0.00433	0.00119	0.00463	0.00392	0.00355	0.41892
4	0.00745	0.00494	0.00662	0.00742	0.00801	0.00470	0.00516	0.00856	0.01027	0.05118	0.05985	0.61240	0.03155	0.05865	0.06284	0.00267	0.00401	0.04453	0.00472	0.00448
5	0.00717	0.00548	0.00779	0.14708	0.01247	0.00568	0.00651	0.00850	0.00989	0.01307	0.02398	0.55971	0.02783	0.09631	0.00845	0.00236	0.00400	0.04506	0.00422	0.00442
6	0.27124	0.05604	0.05500	0.04462	0.01392	0.01145	0.03629	0.14762	0.01265	0.11706	0.01159	0.01376	0.00904	0.03698	0.13856	0.00284	0.00668	0.00433	0.00373	0.00659
7	0.05833	0.04207	0.07516	0.02847	0.14818	0.03062	0.01011	0.06752	0.02604	0.05347	0.01146	0.04420	0.01018	0.04943	0.11026	0.05653	0.11990	0.00497	0.00310	0.05001

[dist]
# distance from previous block
# <min> <max>
0	100

[block]
# block no. 7 follows, 47 sequences, length 26
# corresponding to MSA columns:
# 485-510
name=unknown_H
#
# <colnr> <probs for GDERKNQSTAVLIFYWHMCP>
#	G	D	E	R	K	N	Q	S	T	A	V	L	I	F	Y	W	H	M	C	P
0	0.04980	0.01296	0.05124	0.01519	0.10739	0.07825	0.16136	0.07998	0.06219	0.01754	0.01250	0.01480	0.04031	0.00897	0.08441	0.00223	0.06972	0.00493	0.00317	0.12305
1	0.01323	0.01139	0.01762	0.08515	0.43971	0.01124	0.02800	0.04732	0.06216	0.06794	0.01123	0.01335	0.00887	0.00488	0.00496	0.00145	0.00562	0.00451	0.00319	0.15819
2	0.06097	0.15730	0.14019	0.05399	0.01589	0.01120	0.06145	0.02409	0.03392	0.05050	0.02583	0.06798	0.03646	0.00583	0.00456	0.00136	0.00523	0.00481	0.00319	0.23525
3	0.01006	0.00873	0.01131	0.01018	0.01082	0.02950	0.00797	0.05998	0.00926	0.01322	0.01153	0.01905	0.01147	0.18548	0.27132	0.00476	0.31200	0.00549	0.00283	0.00505
4	0.00846	0.00627	0.00710	0.00659	0.00843	0.00582	0.00503	0.05950	0.04494	0.04998	0.30086	0.05962	0.39520	0.01140	0.00603	0.00171	0.00292	0.00968	0.00526	0.00521
5	0.01335	0.01104	0.01500	0.32751	0.05376	0.07732	0.07214	0.08302	0.03914	0.12244	0.03112	0.01878	0.09983	0.00649	0.00537	0.00167	0.00613	0.00561	0.00367	0.00661
6	0.01243	0.04806	0.09567	0.40738	0.05232	0.16976	0.02638	0.04095	0.01184	0.01431	0.01005	0.02445	0.02116	0.00564	0.00553	0.00164	0.03915	0.00450	0.00257	0.00623
7	0.00774	0.00503	0.00573	0.00586	0.00604	0.00501	0.00352	0.00813	0.00824	0.01145	0.01771	0.08455	0.01983	0.65213	0.02217	0.00437	0.00465	0.03731	0.08706	0.00346
8	0.01837	0.00845	0.01099	0.00909	0.01229	0.00787	0.00746	0.06455	0.06300	0.48766	0.11256	0.02506	0.01928	0.00792	0.00554	0.00170	0.00423	0.09520	0.03102	0.00774
9	0.05782	0.00957	0.01198	0.00939	0.01313	0.00909	0.00770	0.13442	0.04750	0.54619	0.08196	0.01836	0.01510	0.00672	0.00522	0.00161	0.00443	0.00542	0.00601	0.00837
10	0.01131	0.06890	0.66614	0.01402	0.02108	0.01244	0.01749	0.01753	0.06107	0.04732	0.01045	0.01167	0.00746	0.00512	0.00489	0.00163	0.00722	0.00398	0.00257	0.00772
11	0.03800	0.01065	0.01247	0.00974	0.01342	0.01077	0.00799	0.32195	0.01820	0.35939	0.04241	0.01632	0.01238	0.00643	0.00504	0.00155	0.00467	0.00506	0.09531	0.00823
12	0.00740	0.00516	0.00625	0.00661	0.00711	0.00501	0.00444	0.00830	0.02461	0.01256	0.06393	0.21720	0.10427	0.36251	0.01596	0.04999	0.00412	0.08670	0.00402	0.00385
13	0.10580	0.01173	0.01303	0.01025	0.01401	0.01241	0.00841	0.40182	0.04990	0.23403	0.07313	0.01578	0.01297	0.00653	0.00509	0.00159	0.00489	0.00505	0.00538	0.00820
14	0.05434	0.00569	0.00672	0.00659	0.00694	0.00614	0.00427	0.00853	0.00781	0.01131	0.01504	0.02912	0.01657	0.58982	0.17271	0.00538	0.03946	0.00681	0.00305	0.00368
15	0.00646	0.00468	0.00611	0.00704	0.00755	0.00433	0.00479	0.00758	0.01068	0.01428	0.12335	0.66804	0.08503	0.01541	0.00655	0.00203	0.00293	0.01389	0.00495	0.00433
16	0.00924	0.00562	0.00708	0.00713	0.00858	0.00509	0.00539	0.01088	0.01214	0.12407	0.15275	0.28038	0.20490	0.01263	0.00618	0.00188	0.00322	0.09518	0.04255	0.00512
17	0.01017	0.00960	0.01623	0.71923	0.11847	0.01166	0.01463	0.01360	0.01057	0.01371	0.00932	0.01377	0.00709	0.00514	0.00520	0.00171	0.00686	0.00463	0.00234	0.00606
18	0.01322	0.11333	0.02037	0.06040	0.54736	0.08827	0.01397	0.01589	0.01183	0.01568	0.01013	0.04759	0.00901	0.00523	0.00495	0.00151	0.00631	0.00474	0.00263	0.00755
19	0.01464	0.00885	0.01083	0.01012	0.06166	0.04288	0.00739	0.06000	0.06086	0.27135	0.24316	0.05749	0.06399	0.00838	0.00594	0.00165	0.03123	0.00701	0.02568	0.00687
20	0.11461	0.01116	0.01508	0.20412	0.16090	0.03448	0.04242	0.10035	0.01273	0.08109	0.01041	0.01249	0.00791	0.00499	0.00473	0.00146	0.00567	0.00420	0.00331	0.16790
21	0.04921	0.27819	0.06494	0.03640	0.01402	0.09763	0.00876	0.05820	0.02466	0.14942	0.04384	0.03721	0.06136	0.02390	0.00501	0.00150	0.00544	0.00478	0.00368	0.03185
22	0.01141	0.04981	0.17501	0.09116	0.13763	0.04575	0.04097	0.06323	0.01216	0.01681	0.07281	0.04033	0.02356	0.05906	0.01493	0.00178	0.00598	0.00515	0.00310	0.12935
23	0.09551	0.06382	0.12516	0.02927	0.04340	0.11911	0.14031	0.07128	0.01297	0.10418	0.04492	0.01354	0.00993	0.00687	0.04121	0.00183	0.00686	0.00455	0.00339	0.06187
24	0.01220	0.00888	0.03398	0.07713	0.08082	0.02378	0.01985	0.04967	0.01211	0.16312	0.05279	0.26798	0.03474	0.01037	0.02773	0.00194	0.04905	0.00819	0.00433	0.06132
25	0.00977	0.00837	0.03023	0.15637	0.07743	0.03124	0.05265	0.01213	0.03144	0.05681	0.07315	0.19803	0.05493	0.13792	0.04416	0.00260	0.00549	0.00813	0.00374	0.00541

[dist]
# distance from previous block
# <min> <max>
8	50

[block]
# block no. 8 follows, 47 sequences, length 37
# corresponding to MSA columns:
# 564-600
name=unknown_I
#
# <colnr> <probs for GDERKNQSTAVLIFYWHMCP>
#	G	D	E	R	K	N	Q	S	T	A	V	L	I	F	Y	W	H	M	C	P
0	0.03293	0.06644	0.16246	0.04331	0.02380	0.06215	0.04966	0.03140	0.04025	0.09838	0.06946	0.17349	0.03168	0.00913	0.02841	0.00187	0.00561	0.02012	0.02234	0.02712
1	0.04745	0.00799	0.01106	0.08669	0.13964	0.02692	0.00850	0.03916	0.03298	0.01481	0.03146	0.14049	0.01560	0.07804	0.29096	0.00436	0.00830	0.00678	0.00329	0.00552
2	0.01188	0.00911	0.02860	0.01165	0.09871	0.02476	0.03873	0.10283	0.04330	0.09939	0.15239	0.07571	0.09604	0.03444	0.08356	0.00243	0.01804	0.02571	0.03640	0.00631
3	0.01233	0.11622	0.25794	0.05757	0.01826	0.03240	0.07773	0.07636	0.02624	0.04929	0.01151	0.02673	0.02535	0.05505	0.02302	0.00201	0.11747	0.00479	0.00292	0.00679
4	0.73289	0.01034	0.00867	0.03100	0.01142	0.01186	0.00630	0.07286	0.01033	0.05359	0.00823	0.00929	0.00621	0.00502	0.00351	0.00161	0.00426	0.00311	0.00347	0.00601
5	0.02653	0.00556	0.00645	0.00647	0.00785	0.00526	0.00485	0.01052	0.04354	0.03919	0.22973	0.17863	0.21441	0.01130	0.00574	0.00172	0.00287	0.04534	0.14913	0.00491
6	0.28453	0.00944	0.04461	0.00862	0.01139	0.00933	0.00744	0.08775	0.04146	0.09757	0.06610	0.04514	0.03115	0.00838	0.00507	0.00180	0.00436	0.18376	0.04599	0.00612
7	0.08679	0.01013	0.01348	0.08084	0.05017	0.04597	0.09243	0.04254	0.09913	0.12483	0.03270	0.07432	0.08118	0.00826	0.00675	0.02853	0.06148	0.04998	0.00407	0.00643
8	0.00752	0.00523	0.00685	0.00761	0.00842	0.00498	0.00553	0.00934	0.03722	0.03928	0.11438	0.53153	0.06475	0.01463	0.00656	0.00206	0.00328	0.12114	0.00500	0.00468
9	0.00714	0.00486	0.00604	0.00648	0.00687	0.00469	0.00422	0.00776	0.00940	0.01269	0.08132	0.33617	0.07484	0.28927	0.04411	0.05793	0.00414	0.01039	0.02784	0.00383
10	0.03885	0.00722	0.00891	0.00825	0.02864	0.00731	0.00579	0.06959	0.04645	0.17385	0.04771	0.03929	0.01653	0.33185	0.11270	0.03519	0.00587	0.00642	0.00413	0.00544
11	0.01156	0.05219	0.51078	0.03469	0.02038	0.09316	0.04182	0.01603	0.01091	0.01518	0.00908	0.01157	0.00704	0.02158	0.02093	0.00187	0.10787	0.00405	0.00231	0.00703
12	0.06887	0.00814	0.00955	0.00848	0.01105	0.00810	0.00682	0.08585	0.10822	0.20846	0.12947	0.06155	0.14416	0.00952	0.00570	0.00178	0.00392	0.10844	0.00533	0.00658
13	0.00768	0.00527	0.00637	0.00675	0.00791	0.00497	0.00523	0.00956	0.01180	0.01640	0.16655	0.14100	0.19251	0.04801	0.00690	0.00198	0.00325	0.18967	0.16360	0.00460
14	0.01236	0.01200	0.03857	0.14609	0.52480	0.02852	0.01452	0.01566	0.03014	0.03466	0.03065	0.01487	0.03181	0.00543	0.00567	0.00162	0.03735	0.00494	0.00282	0.00753
15	0.66103	0.01148	0.01004	0.00847	0.01189	0.04219	0.03547	0.13184	0.01163	0.02417	0.00822	0.00933	0.00626	0.00506	0.00370	0.00160	0.00468	0.00326	0.00349	0.00621
16	0.01052	0.00848	0.00936	0.00842	0.01040	0.04359	0.00649	0.05399	0.17950	0.04875	0.34666	0.06180	0.10665	0.00945	0.00631	0.00169	0.04386	0.00792	0.00512	0.03104
17	0.15228	0.11741	0.04944	0.09897	0.12083	0.04215	0.09736	0.12302	0.01274	0.04119	0.00976	0.01210	0.00775	0.01925	0.02278	0.00176	0.03687	0.00424	0.00311	0.02698
18	0.22728	0.01482	0.08100	0.06353	0.01563	0.17116	0.03559	0.09500	0.03872	0.01828	0.01018	0.04788	0.00876	0.02982	0.02177	0.00190	0.10474	0.00450	0.00317	0.00624
19	0.08262	0.01067	0.01625	0.16270	0.07888	0.01161	0.15184	0.07118	0.13177	0.03914	0.04387	0.02051	0.02646	0.00688	0.00604	0.00180	0.04265	0.08472	0.00370	0.00672
20	0.00704	0.00492	0.00590	0.00632	0.00666	0.00472	0.00401	0.00765	0.00926	0.01228	0.07085	0.30654	0.08534	0.41246	0.01643	0.00352	0.00399	0.02427	0.00406	0.00376
21	0.01113	0.01101	0.01545	0.01332	0.01338	0.01532	0.01107	0.01232	0.00800	0.01250	0.00731	0.01200	0.00725	0.01110	0.06885	0.00268	0.75475	0.00463	0.00231	0.00563
22	0.01917	0.01440	0.01521	0.01189	0.01577	0.04412	0.00975	0.63435	0.07470	0.06007	0.01306	0.01303	0.00935	0.00638	0.00560	0.00160	0.03313	0.00474	0.00507	0.00860
23	0.01364	0.01150	0.01396	0.10445	0.22414	0.08470	0.01034	0.13329	0.08539	0.04129	0.01435	0.01601	0.03646	0.00589	0.00486	0.00151	0.00535	0.00492	0.18093	0.00703
24	0.18068	0.00913	0.01067	0.00861	0.01215	0.00891	0.00703	0.04771	0.07966	0.47827	0.01821	0.01673	0.02816	0.00630	0.00476	0.00160	0.00419	0.00491	0.06449	0.00781
25	0.09975	0.03789	0.18893	0.01188	0.06361	0.04028	0.03616	0.06833	0.06668	0.05657	0.03824	0.04353	0.06209	0.00614	0.00480	0.00148	0.00534	0.00499	0.00354	0.15977
26	0.01313	0.12374	0.09461	0.06504	0.08704	0.01200	0.13411	0.04801	0.09800	0.10841	0.04493	0.01923	0.05785	0.00643	0.00526	0.00162	0.00579	0.04529	0.00374	0.02577
27	0.00878	0.00608	0.00703	0.00668	0.00844	0.00560	0.00508	0.01147	0.07264	0.08884	0.22378	0.07277	0.36782	0.04964	0.00703	0.00191	0.00310	0.04294	0.00516	0.00520
28	0.00707	0.00498	0.00636	0.00703	0.00746	0.00485	0.00482	0.00801	0.00965	0.01288	0.05817	0.38789	0.04591	0.26374	0.05379	0.00335	0.00440	0.10137	0.00425	0.00402
29	0.01333	0.01103	0.03449	0.11168	0.17935	0.01101	0.04061	0.11002	0.07601	0.09514	0.01439	0.06505	0.03514	0.00643	0.00584	0.00158	0.05124	0.00546	0.00375	0.12844
30	0.01139	0.03254	0.03297	0.03228	0.04109	0.03831	0.03677	0.08226	0.02731	0.09805	0.11544	0.17346	0.10801	0.07336	0.02723	0.00216	0.03408	0.00814	0.01929	0.00586
31	0.00738	0.00504	0.00640	0.00701	0.00791	0.00464	0.00501	0.00868	0.01105	0.04876	0.09714	0.48887	0.17300	0.01499	0.02522	0.00213	0.00331	0.05322	0.02566	0.00458
32	0.00748	0.03086	0.00717	0.00719	0.00800	0.00540	0.00512	0.00890	0.02714	0.02821	0.08377	0.43717	0.09320	0.12784	0.04001	0.00268	0.00392	0.06692	0.00454	0.00446
33	0.02738	0.13554	0.09573	0.05898	0.08814	0.06336	0.09572	0.19284	0.01438	0.03972	0.02015	0.05097	0.00985	0.00804	0.05545	0.00200	0.02628	0.00497	0.00337	0.00714
34	0.01383	0.06132	0.05035	0.01388	0.14878	0.07334	0.05347	0.08895	0.01348	0.13631	0.06460	0.04734	0.09159	0.03240	0.04032	0.00195	0.00575	0.00596	0.02777	0.02861
35	0.01109	0.00712	0.00890	0.02474	0.01057	0.00711	0.00647	0.11854	0.04253	0.11945	0.13347	0.34732	0.05478	0.01259	0.02734	0.00205	0.00401	0.05096	0.00514	0.00582
36	0.14247	0.04828	0.04331	0.04318	0.07153	0.04485	0.05521	0.03364	0.04244	0.01774	0.10845	0.09988	0.09537	0.02487	0.00547	0.00165	0.00464	0.00651	0.03466	0.07586

[dist]
# distance from previous block
# <min> <max>
4	34

[block]
# block no. 9 follows, 47 sequences, length 17
# corresponding to MSA columns:
# 657-673
name=unknown_J
#
# <colnr> <probs for GDERKNQSTAVLIFYWHMCP>
#	G	D	E	R	K	N	Q	S	T	A	V	L	I	F	Y	W	H	M	C	P
0	0.06086	0.00837	0.00934	0.00905	0.03722	0.00880	0.00668	0.04579	0.27436	0.07900	0.07112	0.12087	0.17155	0.00938	0.00549	0.00174	0.00367	0.02082	0.04941	0.00648
1	0.01412	0.07922	0.05391	0.06160	0.01586	0.15361	0.03315	0.11390	0.17089	0.04462	0.04048	0.01776	0.05905	0.00763	0.02231	0.00179	0.07433	0.02504	0.00384	0.00687
2	0.01407	0.08711	0.01596	0.04125	0.15624	0.01130	0.04337	0.12870	0.02883	0.11118	0.04900	0.01508	0.03262	0.00619	0.01892	0.00150	0.02471	0.00469	0.00378	0.20550
3	0.03469	0.10048	0.34693	0.01608	0.12764	0.02527	0.06486	0.07874	0.03695	0.01736	0.01002	0.01211	0.00780	0.00729	0.05416	0.00202	0.04324	0.00425	0.00271	0.00738
4	0.01347	0.03794	0.09298	0.01314	0.07376	0.04842	0.04299	0.08994	0.14790	0.08983	0.05731	0.01694	0.01279	0.06049	0.04079	0.00222	0.14300	0.00528	0.00381	0.00700
5	0.04517	0.00625	0.00747	0.00812	0.05530	0.00629	0.00520	0.05812	0.01073	0.01553	0.07185	0.19314	0.05736	0.29102	0.01278	0.00288	0.00405	0.02853	0.11561	0.00461
6	0.12751	0.15262	0.06085	0.01155	0.07394	0.06608	0.04625	0.04274	0.04018	0.03728	0.08980	0.07718	0.03030	0.00779	0.03110	0.00174	0.03037	0.00540	0.00346	0.06384
7	0.01055	0.05295	0.03878	0.00891	0.03579	0.04332	0.00699	0.05918	0.05221	0.03196	0.12948	0.09926	0.15207	0.00835	0.00518	0.00144	0.00408	0.02028	0.00416	0.23507
8	0.00794	0.00569	0.00686	0.00700	0.00819	0.00542	0.00517	0.01020	0.05855	0.04079	0.18281	0.18323	0.20497	0.13757	0.00946	0.00239	0.00349	0.11071	0.00483	0.00472
9	0.00829	0.00617	0.03723	0.00762	0.00867	0.00552	0.03016	0.00872	0.00906	0.03258	0.03545	0.13733	0.12986	0.11745	0.14516	0.25986	0.00589	0.00763	0.00340	0.00396
10	0.01313	0.19062	0.24892	0.05288	0.03946	0.10950	0.04497	0.03514	0.09371	0.04056	0.01233	0.01344	0.03507	0.00551	0.00468	0.00150	0.00647	0.00429	0.04077	0.00705
11	0.03425	0.00838	0.01102	0.04155	0.03023	0.02385	0.06886	0.08202	0.06772	0.09195	0.13554	0.05259	0.05483	0.01058	0.07623	0.00221	0.00515	0.03010	0.16682	0.00612
12	0.00715	0.00549	0.00699	0.05582	0.00951	0.00515	0.00541	0.00873	0.01143	0.01518	0.19387	0.29717	0.19395	0.06927	0.00764	0.00207	0.00334	0.05479	0.00468	0.04235
13	0.00910	0.02762	0.03190	0.04684	0.03846	0.00807	0.08071	0.03137	0.06535	0.01519	0.04237	0.15019	0.12541	0.09784	0.11821	0.00302	0.02729	0.00790	0.06782	0.00535
14	0.02797	0.08870	0.18496	0.01518	0.13491	0.07307	0.05280	0.11733	0.03258	0.07894	0.01215	0.04091	0.01016	0.05594	0.00677	0.00182	0.03400	0.02124	0.00336	0.00723
15	0.01267	0.06054	0.09161	0.03243	0.08073	0.01123	0.02569	0.12950	0.05172	0.08692	0.03059	0.04044	0.07616	0.05145	0.09280	0.00260	0.08867	0.02381	0.00378	0.00668
16	0.01032	0.00744	0.00917	0.00824	0.01025	0.03233	0.05229	0.04705	0.04715	0.11415	0.11936	0.21267	0.26290	0.03413	0.00660	0.00188	0.00381	0.00978	0.00493	0.00555

[dist]
# distance from previous block
# <min> <max>
1	32

[block]
# block no. 10 follows, 47 sequences, length 19
# corresponding to MSA columns:
# 706-724
name=unknown_K
#
# <colnr> <probs for GDERKNQSTAVLIFYWHMCP>
#	G	D	E	R	K	N	Q	S	T	A	V	L	I	F	Y	W	H	M	C	P
0	0.02760	0.12733	0.07501	0.04220	0.06630	0.13103	0.02602	0.10598	0.03640	0.08558	0.06116	0.01642	0.05127	0.00696	0.02192	0.00163	0.02094	0.00488	0.08461	0.00676
1	0.03277	0.01085	0.05796	0.03412	0.04863	0.02428	0.03500	0.19125	0.09459	0.06145	0.09206	0.09986	0.04145	0.06880	0.00699	0.00191	0.00487	0.02348	0.02876	0.04092
2	0.01209	0.06828	0.14575	0.07980	0.06058	0.05915	0.05536	0.03900	0.06546	0.06039	0.10494	0.04010	0.01455	0.00732	0.00670	0.05052	0.04891	0.02109	0.00346	0.05654
3	0.03669	0.05334	0.07954	0.09223	0.05609	0.07131	0.17299	0.07357	0.01204	0.04971	0.01069	0.01445	0.00874	0.00778	0.04665	0.00207	0.14884	0.02900	0.02765	0.00662
4	0.00946	0.00651	0.02750	0.00769	0.00927	0.00569	0.00580	0.03344	0.03357	0.11279	0.05173	0.44609	0.13219	0.03053	0.00660	0.00197	0.00349	0.03149	0.00491	0.03926
5	0.01183	0.04630	0.15408	0.07149	0.06438	0.05762	0.03011	0.08906	0.10155	0.03621	0.08587	0.07326	0.07603	0.00787	0.00583	0.00171	0.03164	0.04460	0.00386	0.00668
6	0.01081	0.00861	0.03201	0.26197	0.04153	0.00904	0.00952	0.03709	0.05100	0.07949	0.01571	0.15270	0.01472	0.06424	0.02961	0.00215	0.04220	0.02807	0.05089	0.05864
7	0.00902	0.00703	0.00808	0.03646	0.01009	0.02938	0.00601	0.08151	0.05552	0.01655	0.07831	0.32771	0.12208	0.04473	0.04780	0.00229	0.00427	0.03410	0.05086	0.02819
8	0.00820	0.00568	0.00703	0.00739	0.00852	0.00544	0.00539	0.04316	0.03397	0.05095	0.07735	0.44987	0.15844	0.01458	0.03035	0.00215	0.00357	0.05769	0.02537	0.00490
9	0.03982	0.08509	0.06665	0.24395	0.15436	0.03637	0.10943	0.08609	0.03566	0.01674	0.01018	0.01353	0.00816	0.03306	0.02034	0.00186	0.02439	0.00467	0.00283	0.00682
10	0.00825	0.00546	0.00685	0.00717	0.00820	0.00515	0.00512	0.01020	0.05159	0.06848	0.13869	0.42304	0.11969	0.04603	0.00746	0.02427	0.00321	0.03289	0.02343	0.00482
11	0.00749	0.00545	0.00668	0.00720	0.00796	0.02076	0.00507	0.00861	0.01015	0.03492	0.04749	0.41263	0.12589	0.12553	0.10958	0.00323	0.00487	0.04774	0.00437	0.00437
12	0.17240	0.05952	0.03534	0.00921	0.01174	0.00975	0.05251	0.08620	0.03148	0.08639	0.07372	0.16082	0.03390	0.06736	0.04667	0.00230	0.02946	0.02121	0.00411	0.00594
13	0.01095	0.00918	0.01063	0.00943	0.02593	0.03443	0.04789	0.07123	0.22485	0.03339	0.09863	0.06596	0.18094	0.05556	0.00672	0.00183	0.00417	0.00741	0.02672	0.07417
14	0.01048	0.00615	0.00759	0.00729	0.00879	0.00595	0.00547	0.03237	0.05644	0.12337	0.13204	0.18191	0.09009	0.05073	0.02208	0.06589	0.00368	0.05646	0.12795	0.00528
15	0.03315	0.00605	0.00743	0.00695	0.00871	0.00552	0.00525	0.01227	0.02834	0.15752	0.29536	0.17777	0.18851	0.01108	0.00590	0.00173	0.00303	0.00959	0.03033	0.00548
16	0.22258	0.01302	0.13384	0.01305	0.10076	0.01139	0.07350	0.09051	0.07589	0.04854	0.03570	0.01513	0.01055	0.07514	0.00681	0.00192	0.02306	0.00473	0.03710	0.00676
17	0.00972	0.00768	0.01003	0.00970	0.04119	0.00867	0.00716	0.03188	0.09245	0.04032	0.23492	0.08918	0.05532	0.06142	0.09549	0.00274	0.15983	0.00750	0.02921	0.00556
18	0.06431	0.04590	0.06114	0.39499	0.21905	0.01211	0.06165	0.01517	0.01105	0.05208	0.00980	0.01309	0.00750	0.00500	0.00504	0.00164	0.00655	0.00452	0.00264	0.00677

[dist]
# distance from previous block
# <min> <max>
0	1

[block]
# block no. 11 follows, 47 sequences, length 14
# corresponding to MSA columns:
# 726-739
name=unknown_L
#
# <colnr> <probs for GDERKNQSTAVLIFYWHMCP>
#	G	D	E	R	K	N	Q	S	T	A	V	L	I	F	Y	W	H	M	C	P
0	0.68786	0.01172	0.06847	0.00854	0.01227	0.01188	0.04704	0.04820	0.01004	0.04288	0.00816	0.00936	0.00616	0.00492	0.00365	0.00162	0.00464	0.00322	0.00328	0.00609
1	0.01609	0.01337	0.02994	0.10715	0.10943	0.09092	0.05719	0.27474	0.06209	0.10200	0.01378	0.04306	0.02215	0.00710	0.02583	0.00179	0.00635	0.00523	0.00414	0.00763
