[name]
unknown

[dist]
# distance from previous block
# <min> <max>
0	294

[block]
# block no. 0 follows, 55 sequences, length 30
# corresponding to MSA columns:
# 493-522
name=unknown_A
#
# <colnr> <probs for GDERKNQSTAVLIFYWHMCP>
#	G	D	E	R	K	N	Q	S	T	A	V	L	I	F	Y	W	H	M	C	P
0	0.00696	0.00525	0.00700	0.00761	0.03036	0.00537	0.00539	0.04171	0.00993	0.01348	0.11773	0.41931	0.06168	0.04642	0.10013	0.00255	0.04047	0.07038	0.00400	0.00424
1	0.04915	0.03606	0.01118	0.00808	0.01183	0.02490	0.00658	0.17385	0.03320	0.03693	0.00915	0.01015	0.00725	0.00428	0.00418	0.00098	0.03487	0.00320	0.00322	0.53097
2	0.00859	0.00552	0.00697	0.02159	0.00854	0.00509	0.00507	0.03215	0.03060	0.11800	0.12443	0.38564	0.13251	0.01101	0.00542	0.00164	0.00300	0.03107	0.00449	0.05866
3	0.07465	0.11420	0.13905	0.07774	0.03013	0.04225	0.02034	0.13683	0.02441	0.12600	0.06847	0.04847	0.01128	0.02773	0.00486	0.00146	0.00496	0.00450	0.00344	0.03926
4	0.01265	0.04434	0.04424	0.00847	0.01115	0.03205	0.02775	0.18585	0.01388	0.18190	0.15765	0.07536	0.10374	0.00893	0.04023	0.00174	0.00443	0.03518	0.00444	0.00605
5	0.01098	0.01255	0.02745	0.01961	0.02431	0.01176	0.79059	0.01490	0.01098	0.01490	0.00941	0.01255	0.00706	0.00392	0.00549	0.00157	0.00784	0.00549	0.00235	0.00627
6	0.00950	0.02287	0.73086	0.01392	0.02057	0.01090	0.09753	0.01475	0.00994	0.01475	0.00846	0.01011	0.00601	0.00437	0.00453	0.00148	0.00698	0.00365	0.00200	0.00681
7	0.01227	0.03404	0.04692	0.04116	0.06328	0.04606	0.03853	0.15643	0.04584	0.12792	0.04913	0.19366	0.01533	0.00761	0.00518	0.00152	0.02643	0.02633	0.02168	0.04068
8	0.01119	0.00670	0.03135	0.02463	0.00967	0.00590	0.00589	0.04747	0.03219	0.23931	0.11259	0.13399	0.19105	0.00935	0.00553	0.02420	0.00338	0.06209	0.03807	0.00545
9	0.00580	0.00450	0.00529	0.00562	0.00663	0.00399	0.00404	0.00705	0.01048	0.01348	0.18004	0.32260	0.37552	0.01237	0.00567	0.00167	0.00248	0.02435	0.00447	0.00397
10	0.00613	0.00469	0.00552	0.00573	0.00684	0.00426	0.00421	0.00782	0.02920	0.01430	0.23343	0.24561	0.33587	0.01168	0.00557	0.00164	0.00251	0.04384	0.02702	0.00411
11	0.01084	0.27845	0.39827	0.01247	0.07145	0.04861	0.03572	0.01419	0.00972	0.01308	0.00770	0.00939	0.00615	0.00482	0.00482	0.03523	0.02747	0.00327	0.00203	0.00630
12	0.04453	0.64917	0.17687	0.00892	0.01342	0.01663	0.00964	0.01408	0.00947	0.01206	0.00683	0.00792	0.00592	0.00408	0.00326	0.00110	0.00529	0.00267	0.00202	0.00611
13	0.00572	0.00417	0.00539	0.00625	0.00671	0.00384	0.00424	0.00666	0.00939	0.01243	0.08339	0.69453	0.11231	0.01392	0.00586	0.00183	0.00263	0.01253	0.00438	0.00384
14	0.00571	0.00410	0.00536	0.00635	0.00666	0.00382	0.00422	0.00650	0.00888	0.01178	0.02603	0.76691	0.06137	0.05009	0.00669	0.00199	0.00276	0.01281	0.00425	0.00374
15	0.01035	0.00848	0.00962	0.00852	0.00995	0.08170	0.03765	0.13006	0.03102	0.03737	0.01292	0.03872	0.01240	0.23713	0.21209	0.00380	0.05941	0.02794	0.02604	0.00482
16	0.00924	0.00539	0.00661	0.00608	0.00760	0.00506	0.00463	0.02727	0.03583	0.13074	0.37238	0.09794	0.09208	0.00864	0.00494	0.00144	0.00260	0.00745	0.16914	0.00495
17	0.00633	0.00444	0.00577	0.00658	0.00695	0.00429	0.00463	0.00722	0.00877	0.01161	0.02273	0.46965	0.02651	0.21609	0.01040	0.00259	0.00348	0.17437	0.00394	0.00365
18	0.00862	0.00703	0.01011	0.00988	0.05124	0.00706	0.08264	0.06356	0.08484	0.01619	0.16880	0.08374	0.09322	0.01037	0.02555	0.00188	0.00423	0.26173	0.00418	0.00512
19	0.86937	0.00900	0.00684	0.00612	0.00900	0.01044	0.00504	0.01368	0.00792	0.02087	0.00648	0.00756	0.00504	0.00432	0.00288	0.00144	0.00360	0.00252	0.00288	0.00504
20	0.00639	0.00500	0.00580	0.00573	0.00695	0.00470	0.00424	0.00845	0.05425	0.01419	0.24831	0.08446	0.35760	0.08400	0.06731	0.00227	0.00339	0.02849	0.00430	0.00417
21	0.01083	0.17559	0.45594	0.07943	0.01860	0.04780	0.02885	0.06607	0.01067	0.01462	0.00814	0.00966	0.00614	0.00440	0.00415	0.00134	0.00627	0.00336	0.00222	0.04593
22	0.83243	0.00964	0.04143	0.00642	0.00948	0.01045	0.00556	0.01372	0.00800	0.02061	0.00656	0.00765	0.00507	0.00432	0.00295	0.00144	0.00374	0.00256	0.00284	0.00512
23	0.02855	0.04307	0.06922	0.23986	0.13093	0.05127	0.15066	0.06335	0.05686	0.01509	0.03251	0.01445	0.05522	0.00513	0.00470	0.00146	0.00582	0.00470	0.02113	0.00602
24	0.00695	0.02560	0.00808	0.00762	0.00840	0.00647	0.00592	0.00844	0.00757	0.01083	0.01291	0.07439	0.01269	0.06574	0.65549	0.00645	0.06417	0.00551	0.00259	0.00417
25	0.00575	0.00480	0.00504	0.00511	0.00654	0.00416	0.00378	0.00729	0.03369	0.01300	0.08165	0.13239	0.65705	0.01182	0.00552	0.00160	0.00243	0.01000	0.00437	0.00403
26	0.01041	0.00952	0.06364	0.14601	0.01556	0.00946	0.07171	0.15136	0.08967	0.03849	0.09897	0.13428	0.03815	0.04393	0.00650	0.00172	0.05486	0.00637	0.00365	0.00572
27	0.01058	0.00635	0.00813	0.03011	0.00952	0.00608	0.00555	0.04250	0.01075	0.19334	0.10788	0.06765	0.12256	0.09076	0.13667	0.00267	0.02507	0.00625	0.02245	0.09511
28	0.02091	0.03247	0.06542	0.15359	0.16988	0.01063	0.18573	0.02403	0.06288	0.08346	0.02960	0.05982	0.00987	0.00550	0.00562	0.00154	0.06479	0.00507	0.00290	0.00627
29	0.01161	0.06665	0.10295	0.07758	0.14203	0.02127	0.09645	0.04792	0.01089	0.09005	0.01005	0.01262	0.00799	0.00454	0.00432	0.00124	0.00519	0.03321	0.00287	0.25059

[dist]
# distance from previous block
# <min> <max>
0	11

[block]
# block no. 1 follows, 55 sequences, length 37
# corresponding to MSA columns:
# 537-554,557-575
name=unknown_B
#
# <colnr> <probs for GDERKNQSTAVLIFYWHMCP>
#	G	D	E	R	K	N	Q	S	T	A	V	L	I	F	Y	W	H	M	C	P
0	0.14562	0.12773	0.04222	0.04360	0.04138	0.01122	0.11489	0.12945	0.06429	0.08839	0.02787	0.06141	0.02315	0.01785	0.03970	0.00173	0.00522	0.00473	0.00338	0.00615
1	0.27039	0.10380	0.04461	0.04626	0.05390	0.05638	0.00740	0.05827	0.02932	0.03227	0.04315	0.04400	0.02447	0.00617	0.02439	0.00149	0.01676	0.02509	0.00303	0.10887
2	0.01000	0.00810	0.01150	0.23029	0.12182	0.00819	0.00873	0.01327	0.07932	0.07244	0.04342	0.02633	0.05826	0.01955	0.05586	0.00173	0.00498	0.00465	0.00309	0.21846
3	0.01281	0.04627	0.03589	0.10302	0.06601	0.01130	0.07840	0.18015	0.23732	0.08645	0.04898	0.01517	0.02365	0.00640	0.02592	0.00163	0.00506	0.00484	0.00390	0.00684
4	0.00677	0.00450	0.00515	0.00514	0.00525	0.00445	0.00298	0.00680	0.00715	0.00950	0.04609	0.03041	0.05355	0.72392	0.02186	0.04951	0.00430	0.00682	0.00293	0.00289
5	0.02518	0.04656	0.07773	0.14703	0.05941	0.04418	0.11136	0.08959	0.12085	0.02489	0.05655	0.07708	0.07823	0.00648	0.00486	0.00151	0.00514	0.01408	0.00333	0.00595
6	0.00624	0.00502	0.00560	0.00548	0.00689	0.00454	0.00409	0.00846	0.05986	0.01495	0.29235	0.08318	0.46491	0.01086	0.00547	0.00155	0.00240	0.00927	0.00461	0.00428
7	0.01141	0.39555	0.04886	0.00885	0.01176	0.05720	0.02115	0.06532	0.04051	0.01330	0.01062	0.13103	0.01037	0.00625	0.00500	0.00131	0.08602	0.00465	0.03574	0.03510
8	0.03322	0.10868	0.02918	0.04061	0.05455	0.02370	0.03474	0.14579	0.04609	0.06973	0.00968	0.01062	0.00750	0.00431	0.00393	0.00107	0.00447	0.00343	0.00319	0.36552
9	0.20502	0.08412	0.01376	0.04130	0.01392	0.07476	0.08280	0.22128	0.08573	0.03690	0.01022	0.03901	0.00815	0.00535	0.00464	0.00143	0.04054	0.00409	0.00340	0.02360
10	0.00661	0.00451	0.00598	0.00662	0.00727	0.00423	0.00477	0.00787	0.01003	0.03897	0.16845	0.50797	0.04665	0.04466	0.00655	0.00193	0.00293	0.11550	0.00445	0.00406
11	0.03287	0.69706	0.07797	0.00837	0.01239	0.04291	0.00846	0.02927	0.00981	0.01200	0.00695	0.00800	0.00614	0.00412	0.00316	0.00106	0.00511	0.00266	0.02570	0.00599
12	0.00921	0.04705	0.00936	0.04285	0.03126	0.00673	0.00602	0.02717	0.05500	0.05964	0.08960	0.19293	0.06865	0.00773	0.00465	0.00131	0.00346	0.03751	0.00371	0.29615
13	0.05077	0.01147	0.01274	0.00984	0.01347	0.01222	0.00810	0.53918	0.04568	0.21071	0.01287	0.01230	0.00884	0.00555	0.00457	0.00140	0.00470	0.00424	0.00480	0.02654
14	0.00583	0.00422	0.00552	0.00636	0.00682	0.00395	0.00437	0.00680	0.00928	0.01235	0.07890	0.65720	0.08705	0.03419	0.02861	0.00206	0.00300	0.03538	0.00429	0.00383
15	0.01124	0.01027	0.01717	0.21661	0.22041	0.03610	0.19136	0.01509	0.08422	0.07429	0.01158	0.05671	0.00949	0.00526	0.00493	0.00152	0.00586	0.01867	0.00289	0.00631
16	0.01085	0.28871	0.39383	0.01157	0.01666	0.01349	0.06783	0.05705	0.01030	0.01407	0.00842	0.03580	0.00692	0.00479	0.00455	0.00136	0.04151	0.00366	0.00223	0.00642
17	0.00631	0.00475	0.00675	0.00726	0.00799	0.00448	0.03875	0.00761	0.00971	0.01290	0.08654	0.53699	0.07239	0.02678	0.00624	0.00191	0.00318	0.15115	0.00427	0.00402
18	0.01075	0.00662	0.00808	0.00715	0.00915	0.00652	0.00555	0.01526	0.19258	0.19074	0.38860	0.04389	0.07934	0.00822	0.00515	0.00150	0.00294	0.00707	0.00510	0.00579
19	0.06067	0.03099	0.04562	0.10592	0.14941	0.15582	0.15074	0.04542	0.05981	0.05757	0.01027	0.02864	0.00837	0.00521	0.00512	0.00148	0.04228	0.02766	0.00283	0.00618
20	0.01078	0.01096	0.07955	0.41315	0.04294	0.03666	0.08199	0.13800	0.03860	0.01575	0.01023	0.03715	0.00811	0.00522	0.00471	0.00151	0.00591	0.01720	0.03569	0.00590
21	0.00642	0.00505	0.00588	0.00620	0.00750	0.00466	0.00489	0.00834	0.04088	0.01348	0.08875	0.10140	0.42528	0.03561	0.00628	0.00183	0.00303	0.22604	0.00434	0.00415
22	0.00639	0.00428	0.00554	0.00630	0.00670	0.00400	0.00419	0.00714	0.00884	0.04213	0.02451	0.67029	0.05106	0.12524	0.00827	0.00222	0.00298	0.01192	0.00417	0.00381
23	0.00982	0.00914	0.04180	0.05031	0.12027	0.00719	0.00745	0.01216	0.00977	0.01505	0.00854	0.01027	0.00703	0.00370	0.00369	0.00087	0.00396	0.00309	0.02804	0.64786
24	0.00648	0.00479	0.00617	0.00676	0.00762	0.00458	0.00511	0.00839	0.03967	0.01408	0.18443	0.37113	0.11727	0.01253	0.00587	0.00182	0.00297	0.19167	0.00449	0.00417
25	0.06626	0.00675	0.00841	0.00689	0.00953	0.00618	0.00552	0.01784	0.01166	0.49275	0.01686	0.03973	0.01198	0.03253	0.00482	0.00145	0.00342	0.00477	0.24620	0.00646
26	0.03514	0.01286	0.12243	0.01046	0.02505	0.02555	0.00918	0.31313	0.24424	0.09951	0.01408	0.04463	0.01058	0.00593	0.00464	0.00148	0.00476	0.00473	0.00429	0.00733
27	0.01200	0.04929	0.01228	0.01002	0.01157	0.10236	0.00814	0.15922	0.01114	0.05113	0.00990	0.01355	0.00869	0.04189	0.19888	0.00309	0.26346	0.01466	0.01321	0.00551
28	0.00732	0.00504	0.00724	0.00712	0.00794	0.00565	0.00537	0.00871	0.00763	0.04709	0.01309	0.02015	0.01249	0.16423	0.65137	0.00672	0.01078	0.00526	0.00269	0.00411
29	0.03435	0.00969	0.01056	0.00893	0.01159	0.02585	0.00720	0.35911	0.10358	0.08851	0.04969	0.09197	0.06265	0.00764	0.00493	0.00153	0.00421	0.07815	0.03332	0.00652
30	0.08100	0.00754	0.00894	0.00810	0.02497	0.00756	0.00624	0.07039	0.14625	0.25375	0.07238	0.14470	0.09276	0.00822	0.00495	0.00158	0.00355	0.04622	0.00474	0.00616
31	0.00637	0.00499	0.00581	0.00572	0.00699	0.00459	0.00424	0.00870	0.06168	0.01551	0.36535	0.13459	0.33684	0.01081	0.00550	0.00156	0.00241	0.00934	0.00469	0.00432
32	0.01055	0.09265	0.17286	0.02647	0.01439	0.04583	0.11420	0.06019	0.08200	0.03768	0.08675	0.01918	0.03893	0.00687	0.02249	0.00160	0.00529	0.07785	0.07832	0.00589
33	0.01255	0.00994	0.02777	0.33382	0.05657	0.03392	0.14699	0.03174	0.07133	0.18525	0.01169	0.01384	0.00846	0.00506	0.00500	0.00153	0.01987	0.01518	0.00322	0.00629
34	0.00709	0.00482	0.00534	0.00523	0.00549	0.00481	0.00309	0.03397	0.00761	0.01013	0.01679	0.03051	0.07108	0.73406	0.02135	0.00413	0.00434	0.00684	0.02023	0.00310
35	0.00719	0.00508	0.00617	0.00593	0.00735	0.00464	0.00457	0.00921	0.03005	0.06147	0.37728	0.05178	0.30909	0.01110	0.02885	0.00173	0.00285	0.06648	0.00471	0.00447
36	0.01052	0.07408	0.69382	0.01250	0.01891	0.01094	0.01572	0.01536	0.01010	0.08290	0.00909	0.01019	0.00638	0.00451	0.00435	0.00144	0.00650	0.00348	0.00229	0.00691

[dist]
# distance from previous block
# <min> <max>
1	3

[block]
# block no. 2 follows, 55 sequences, length 36
# corresponding to MSA columns:
# 580-605,619-628
name=unknown_C
#
# <colnr> <probs for GDERKNQSTAVLIFYWHMCP>
#	G	D	E	R	K	N	Q	S	T	A	V	L	I	F	Y	W	H	M	C	P
0	0.11853	0.03956	0.01389	0.16649	0.04506	0.05126	0.10913	0.09685	0.05150	0.09141	0.02329	0.06301	0.00994	0.02788	0.00578	0.00161	0.05900	0.01670	0.00322	0.00590
1	0.00889	0.12106	0.08868	0.00688	0.00875	0.00733	0.00573	0.01007	0.00837	0.06168	0.01356	0.07251	0.01420	0.42533	0.02917	0.00303	0.00471	0.03021	0.00294	0.07690
2	0.11781	0.10743	0.40919	0.04228	0.11943	0.01129	0.02469	0.01430	0.03764	0.01510	0.02667	0.01061	0.00725	0.00488	0.00459	0.02886	0.00576	0.00356	0.00231	0.00635
3	0.00890	0.04020	0.00959	0.00907	0.05585	0.04336	0.00647	0.05818	0.02773	0.01225	0.01231	0.06003	0.01224	0.18451	0.28815	0.03495	0.09781	0.01496	0.01890	0.00452
4	0.86937	0.00900	0.00684	0.00612	0.00900	0.01044	0.00504	0.01368	0.00792	0.02087	0.00648	0.00756	0.00504	0.00432	0.00288	0.00144	0.00360	0.00252	0.00288	0.00504
5	0.00997	0.00821	0.01446	0.01167	0.01420	0.00794	0.28109	0.03159	0.06919	0.08926	0.03989	0.24733	0.01736	0.00972	0.04889	0.00198	0.00534	0.05458	0.03184	0.00549
6	0.00653	0.00475	0.00614	0.00579	0.00691	0.00436	0.00434	0.00867	0.01303	0.01833	0.76451	0.03529	0.08462	0.00963	0.00549	0.00147	0.00220	0.00849	0.00508	0.00436
7	0.01500	0.01684	0.01170	0.01069	0.01275	0.52644	0.00810	0.08070	0.01284	0.04148	0.01126	0.11198	0.01078	0.03387	0.00561	0.00149	0.03605	0.04406	0.00304	0.00535
8	0.01153	0.03867	0.01568	0.01276	0.01375	0.14807	0.08617	0.01287	0.00859	0.01158	0.00662	0.01003	0.00618	0.00704	0.01208	0.00182	0.58517	0.00398	0.00213	0.00528
9	0.04296	0.00821	0.01085	0.00834	0.01193	0.00732	0.00689	0.06174	0.01361	0.75008	0.01768	0.01538	0.01116	0.00571	0.00463	0.00144	0.00401	0.00460	0.00563	0.00784
10	0.00575	0.00408	0.00537	0.00637	0.00662	0.00383	0.00421	0.00650	0.00875	0.01166	0.02482	0.77315	0.02973	0.07631	0.00727	0.00209	0.00284	0.01274	0.00421	0.00371
11	0.03731	0.00892	0.00872	0.03981	0.01048	0.10888	0.00605	0.09488	0.07449	0.17626	0.03930	0.01538	0.01147	0.00556	0.00403	0.00128	0.00393	0.00437	0.34305	0.00584
12	0.08948	0.00961	0.08876	0.00843	0.01211	0.00776	0.00755	0.06301	0.01273	0.56435	0.01575	0.01441	0.01025	0.00547	0.00440	0.00141	0.00415	0.00432	0.06876	0.00731
13	0.04524	0.00858	0.01104	0.00852	0.01209	0.00791	0.00703	0.11208	0.02732	0.68323	0.01718	0.01507	0.01095	0.00570	0.00462	0.00144	0.00408	0.00457	0.00553	0.00782
14	0.00621	0.00472	0.00584	0.00649	0.00751	0.00435	0.00505	0.00762	0.01020	0.01296	0.05429	0.28144	0.30714	0.01289	0.00592	0.00184	0.00307	0.25411	0.00433	0.00401
15	0.03654	0.00955	0.04112	0.60339	0.07568	0.01068	0.11035	0.01254	0.00950	0.01282	0.00833	0.01207	0.00633	0.00460	0.00497	0.00155	0.02812	0.00423	0.00214	0.00549
16	0.04404	0.12418	0.07611	0.07730	0.10271	0.04953	0.00938	0.10587	0.17346	0.14549	0.01335	0.01353	0.03434	0.00533	0.00437	0.00140	0.00490	0.00425	0.00363	0.00683
17	0.00592	0.00424	0.00546	0.00630	0.00668	0.00401	0.00427	0.00673	0.00881	0.01164	0.02538	0.61835	0.08102	0.12214	0.02248	0.00232	0.00317	0.05329	0.00409	0.00370
18	0.01837	0.00576	0.00668	0.00705	0.00810	0.02652	0.00520	0.01030	0.11891	0.02643	0.11629	0.41490	0.10594	0.01185	0.00563	0.00176	0.00310	0.09823	0.00442	0.00454
19	0.01140	0.01058	0.01711	0.04921	0.40467	0.01127	0.09950	0.11248	0.01140	0.01599	0.01039	0.09106	0.00946	0.00588	0.00629	0.00155	0.11726	0.00517	0.00276	0.00658
20	0.01143	0.57479	0.28006	0.00968	0.01460	0.01594	0.01095	0.01419	0.00957	0.01217	0.00708	0.00823	0.00595	0.00412	0.00345	0.00115	0.00559	0.00280	0.00198	0.00626
21	0.00694	0.00521	0.00748	0.00736	0.00798	0.00609	0.00557	0.00817	0.00729	0.01045	0.01224	0.01950	0.01197	0.15658	0.61557	0.03723	0.06279	0.00517	0.00250	0.00393
22	0.00761	0.00681	0.02478	0.05913	0.01198	0.01727	0.11968	0.02156	0.00933	0.01254	0.01808	0.34481	0.01975	0.05160	0.13460	0.00283	0.03506	0.09471	0.00339	0.00449
23	0.00795	0.00542	0.00649	0.00633	0.00781	0.00505	0.00482	0.01047	0.07829	0.09196	0.22353	0.17218	0.28351	0.01073	0.00549	0.00163	0.00279	0.06614	0.00469	0.00472
24	0.00652	0.00488	0.00598	0.00671	0.00728	0.02298	0.00484	0.00760	0.00943	0.01235	0.07296	0.45186	0.06785	0.12764	0.00841	0.00225	0.00336	0.16916	0.00411	0.00383
25	0.00644	0.00506	0.00587	0.00571	0.00704	0.00467	0.00426	0.00892	0.06816	0.01579	0.38987	0.09993	0.34007	0.01057	0.00547	0.00155	0.00240	0.00912	0.00472	0.00437
26	0.04368	0.00811	0.00989	0.00812	0.01099	0.00794	0.00660	0.12962	0.09507	0.38744	0.13212	0.02056	0.03733	0.00681	0.00481	0.00148	0.00375	0.04651	0.03233	0.00684
27	0.01102	0.01244	0.02681	0.02027	0.08253	0.01171	0.73288	0.01486	0.01095	0.01492	0.00936	0.01247	0.00708	0.00394	0.00542	0.00155	0.00767	0.00539	0.00235	0.00636
28	0.00773	0.00457	0.00600	0.00653	0.00730	0.00420	0.00455	0.00875	0.00956	0.11238	0.02487	0.66144	0.05274	0.01289	0.00562	0.00178	0.00282	0.01157	0.05037	0.00433
29	0.00956	0.08467	0.75382	0.01287	0.01953	0.01137	0.01650	0.01467	0.00979	0.01445	0.00821	0.00965	0.00590	0.00439	0.00431	0.00144	0.00673	0.00337	0.00197	0.00681
30	0.01134	0.04623	0.07422	0.01232	0.03475	0.01316	0.07142	0.09731	0.17463	0.01554	0.01022	0.01274	0.00850	0.00670	0.00939	0.00174	0.37026	0.02042	0.00295	0.00617
31	0.00977	0.01322	0.19734	0.05858	0.02027	0.00989	0.41299	0.01335	0.01031	0.03387	0.01231	0.16248	0.01121	0.00607	0.00527	0.00160	0.00650	0.00636	0.00270	0.00593
32	0.00862	0.00661	0.00915	0.02708	0.00976	0.00717	0.05434	0.06299	0.00942	0.03872	0.01693	0.16025	0.03826	0.27020	0.04059	0.00287	0.11407	0.11522	0.00337	0.00435
33	0.00911	0.00843	0.01282	0.34142	0.11733	0.04405	0.05179	0.01139	0.00975	0.02710	0.03871	0.18443	0.02847	0.00742	0.00576	0.00163	0.06150	0.03084	0.00287	0.00519
34	0.01080	0.01002	0.01455	0.14623	0.04243	0.04701	0.16663	0.05023	0.21346	0.03650	0.05612	0.08509	0.02244	0.00649	0.00574	0.00159	0.06275	0.01242	0.00344	0.00604
35	0.39677	0.08041	0.01239	0.00986	0.04040	0.16397	0.06528	0.10834	0.01106	0.01816	0.00810	0.03577	0.00674	0.00490	0.00394	0.00139	0.02050	0.00347	0.00290	0.00566

[dist]
# distance from previous block
# <min> <max>
0	1

[block]
# block no. 3 follows, 55 sequences, length 29
# corresponding to MSA columns:
# 630-641,644-660
name=unknown_D
#
# <colnr> <probs for GDERKNQSTAVLIFYWHMCP>
#	G	D	E	R	K	N	Q	S	T	A	V	L	I	F	Y	W	H	M	C	P
0	0.04584	0.03596	0.07265	0.12349	0.10835	0.11422	0.09131	0.13649	0.07541	0.03788	0.01127	0.07860	0.00955	0.00576	0.00493	0.00148	0.02592	0.01152	0.00311	0.00626
1	0.00618	0.00429	0.00537	0.00603	0.00623	0.00413	0.00388	0.00673	0.00816	0.01086	0.02134	0.48685	0.02522	0.33315	0.01284	0.00292	0.00347	0.04520	0.00374	0.00343
2	0.01412	0.01150	0.01194	0.00994	0.01306	0.03556	0.00794	0.33168	0.43704	0.02303	0.01511	0.01435	0.01119	0.00588	0.00464	0.00146	0.00438	0.00468	0.00456	0.03794
3	0.00571	0.00416	0.00539	0.00627	0.00672	0.00383	0.00425	0.00665	0.00934	0.01238	0.07815	0.70851	0.10352	0.01399	0.00587	0.00183	0.00263	0.01260	0.00437	0.00383
4	0.01084	0.01213	0.02513	0.01831	0.02219	0.01220	0.65335	0.01425	0.01030	0.01425	0.00883	0.01213	0.00689	0.00466	0.00721	0.00165	0.15206	0.00524	0.00230	0.00607
5	0.11580	0.00907	0.01403	0.11258	0.34228	0.00942	0.05585	0.01343	0.04511	0.03704	0.13259	0.03279	0.01428	0.00577	0.00470	0.00149	0.00476	0.03980	0.00311	0.00611
6	0.00639	0.00433	0.00569	0.00654	0.00700	0.00406	0.00451	0.00728	0.00907	0.03802	0.02507	0.66200	0.05022	0.07737	0.00729	0.00209	0.00299	0.07192	0.00425	0.00388
7	0.00970	0.00773	0.00834	0.02814	0.00886	0.12372	0.00576	0.02992	0.00821	0.01028	0.04823	0.03964	0.01040	0.04439	0.02940	0.48610	0.09093	0.00452	0.00241	0.00331
8	0.00649	0.00456	0.00571	0.00594	0.00631	0.00462	0.00395	0.00717	0.00786	0.01058	0.04335	0.18394	0.06058	0.42485	0.17043	0.00424	0.00549	0.03725	0.00325	0.00342
9	0.00750	0.00611	0.00881	0.02803	0.00934	0.00755	0.00659	0.00874	0.00741	0.01074	0.01168	0.06381	0.01162	0.08821	0.47844	0.03828	0.19515	0.00533	0.00249	0.00418
10	0.00735	0.00547	0.00626	0.00630	0.00754	0.00541	0.00464	0.02985	0.12503	0.01546	0.16320	0.26671	0.19816	0.01050	0.00524	0.00159	0.00270	0.02398	0.10999	0.00462
11	0.01023	0.01040	0.02083	0.01683	0.08211	0.01010	0.48734	0.01322	0.01043	0.03736	0.01283	0.14250	0.01200	0.00645	0.00615	0.00166	0.05901	0.05187	0.00285	0.00583
12	0.00989	0.03252	0.04158	0.06031	0.01320	0.00734	0.02846	0.03053	0.00995	0.01514	0.00832	0.00989	0.00681	0.00364	0.00363	0.00082	0.00396	0.00297	0.00269	0.70833
13	0.01218	0.00961	0.01005	0.00901	0.01147	0.05507	0.00719	0.10980	0.39883	0.06752	0.03692	0.02157	0.01511	0.00703	0.00482	0.00155	0.00407	0.12139	0.06763	0.02918
14	0.01042	0.00722	0.00902	0.00898	0.03364	0.00736	0.00716	0.18951	0.01333	0.06924	0.06106	0.13626	0.07188	0.01045	0.00568	0.00180	0.00406	0.34310	0.00445	0.00536
15	0.07163	0.03407	0.03599	0.17056	0.04587	0.01141	0.13156	0.04456	0.05102	0.01382	0.00969	0.02301	0.03004	0.00676	0.00859	0.06715	0.23188	0.00448	0.00250	0.00539
16	0.01158	0.00874	0.01015	0.00901	0.01139	0.00949	0.02623	0.15039	0.33552	0.06297	0.07894	0.04985	0.04351	0.00783	0.00508	0.00162	0.00390	0.13261	0.03479	0.00640
17	0.00679	0.00485	0.00663	0.00765	0.00841	0.00474	0.00615	0.00839	0.01001	0.01313	0.03640	0.32950	0.03926	0.03305	0.00664	0.00209	0.00367	0.46430	0.00427	0.00407
18	0.05663	0.05323	0.21218	0.06624	0.04638	0.04347	0.07282	0.05218	0.03295	0.10908	0.01119	0.06427	0.00943	0.06762	0.00693	0.00174	0.07991	0.00472	0.00296	0.00606
19	0.00975	0.00883	0.07302	0.01016	0.01291	0.00746	0.18872	0.03482	0.02717	0.11267	0.12590	0.13491	0.19088	0.00833	0.00564	0.00159	0.03036	0.00754	0.00391	0.00545
20	0.00599	0.00439	0.00566	0.00637	0.00696	0.00412	0.00444	0.00738	0.02821	0.01324	0.14923	0.59983	0.09609	0.01331	0.00582	0.00180	0.00266	0.03608	0.00445	0.00399
21	0.01400	0.00769	0.01055	0.03983	0.01173	0.00799	0.02564	0.11743	0.01159	0.31612	0.01363	0.01559	0.01033	0.03795	0.22004	0.06865	0.05660	0.00467	0.00394	0.00602
22	0.07666	0.03255	0.02965	0.01116	0.04942	0.05138	0.05404	0.37035	0.05647	0.09358	0.04399	0.01365	0.01006	0.02645	0.00556	0.00153	0.04410	0.01851	0.00400	0.00689
23	0.00639	0.00483	0.00580	0.00605	0.00701	0.00452	0.00431	0.03167	0.03266	0.01424	0.20507	0.37932	0.23296	0.03537	0.00615	0.00176	0.00265	0.01058	0.00448	0.00415
24	0.09031	0.00731	0.00857	0.00741	0.00987	0.00720	0.00591	0.05091	0.12277	0.29386	0.11401	0.06784	0.10606	0.00762	0.00480	0.00152	0.00341	0.04089	0.04361	0.00616
25	0.01111	0.05403	0.05671	0.08753	0.02921	0.04243	0.08759	0.10118	0.10524	0.05996	0.05601	0.13283	0.03564	0.00716	0.00595	0.00157	0.09048	0.00596	0.02354	0.00588
26	0.01315	0.03581	0.26452	0.02369	0.10009	0.04737	0.02375	0.16455	0.09312	0.12133	0.03385	0.01350	0.03361	0.00534	0.00459	0.00144	0.00546	0.00433	0.00347	0.00703
27	0.00845	0.00510	0.00628	0.00613	0.00758	0.00450	0.00457	0.00981	0.01098	0.15249	0.15474	0.27132	0.29933	0.01122	0.00551	0.00164	0.00276	0.02824	0.00470	0.00466
28	0.02157	0.10478	0.06881	0.00962	0.02770	0.04982	0.06676	0.10356	0.04394	0.04379	0.08709	0.21389	0.01739	0.00883	0.02884	0.00170	0.02532	0.03192	0.03915	0.00553

[dist]
# distance from previous block
# <min> <max>
1	71

[block]
# block no. 4 follows, 55 sequences, length 15
# corresponding to MSA columns:
# 732-746
name=unknown_E
#
# <colnr> <probs for GDERKNQSTAVLIFYWHMCP>
#	G	D	E	R	K	N	Q	S	T	A	V	L	I	F	Y	W	H	M	C	P
0	0.07320	0.11059	0.10158	0.01026	0.06460	0.17311	0.02647	0.03446	0.01112	0.03478	0.08590	0.03140	0.14629	0.02671	0.00524	0.00148	0.02596	0.02828	0.00313	0.00542
1	0.00966	0.00589	0.00700	0.02850	0.00829	0.00620	0.00502	0.06603	0.03858	0.07671	0.09567	0.08621	0.03073	0.05181	0.05950	0.00192	0.04446	0.00577	0.36716	0.00489
2	0.01065	0.01004	0.04540	0.15438	0.26489	0.02541	0.06260	0.07807	0.02272	0.03617	0.05675	0.06353	0.02850	0.02899	0.00599	0.00163	0.04844	0.04676	0.00300	0.00607
3	0.76754	0.04469	0.00813	0.00655	0.00954	0.01108	0.00545	0.07337	0.00905	0.02110	0.00684	0.00783	0.00530	0.00440	0.00302	0.00142	0.00377	0.00265	0.00298	0.00530
4	0.60660	0.00914	0.00825	0.00698	0.00999	0.01012	0.00573	0.10609	0.01058	0.14242	0.03969	0.01030	0.00787	0.00489	0.00346	0.00144	0.00378	0.00327	0.00361	0.00579
5	0.03424	0.04517	0.16515	0.05179	0.04578	0.07410	0.03184	0.15733	0.01316	0.20544	0.04229	0.05327	0.01041	0.00560	0.00454	0.00140	0.00524	0.00454	0.00371	0.04499
6	0.00721	0.00551	0.00671	0.00633	0.00766	0.00540	0.00477	0.01090	0.13050	0.01801	0.59415	0.06848	0.09758	0.00943	0.00540	0.00151	0.00245	0.00826	0.00497	0.00477
7	0.00567	0.00405	0.00540	0.00648	0.00675	0.00378	0.00432	0.00648	0.00891	0.01188	0.02564	0.83347	0.03077	0.01457	0.00594	0.00189	0.00270	0.01323	0.00432	0.00378
8	0.19900	0.04983	0.01205	0.03797	0.01327	0.16857	0.00783	0.25496	0.13478	0.06242	0.01065	0.01093	0.00793	0.00518	0.00412	0.00138	0.00518	0.00371	0.00370	0.00654
9	0.00602	0.00456	0.00586	0.00644	0.00703	0.00445	0.00456	0.00707	0.00932	0.01234	0.08129	0.51279	0.16232	0.03736	0.06149	0.00227	0.03479	0.03203	0.00412	0.00391
10	0.00571	0.00418	0.00537	0.00630	0.00678	0.00385	0.00432	0.00661	0.00920	0.01204	0.02859	0.69763	0.13811	0.01413	0.00589	0.00185	0.00271	0.03858	0.00432	0.00382
11	0.01076	0.01016	0.03844	0.01198	0.01369	0.01178	0.13066	0.01476	0.16268	0.05319	0.01051	0.01303	0.00866	0.00867	0.05949	0.02566	0.37721	0.00460	0.02832	0.00575
12	0.04456	0.24261	0.29142	0.05157	0.07377	0.01344	0.03397	0.15422	0.01187	0.01641	0.00859	0.02222	0.00678	0.00464	0.00409	0.00133	0.00575	0.00357	0.00257	0.00663
13	0.01006	0.00987	0.01666	0.48511	0.10313	0.04739	0.17124	0.01310	0.01017	0.03284	0.02893	0.01361	0.02778	0.00478	0.00484	0.00152	0.00632	0.00462	0.00239	0.00564
14	0.01127	0.00771	0.03236	0.00800	0.01024	0.00743	0.00645	0.04063	0.24230	0.18347	0.06148	0.17198	0.11321	0.00899	0.00520	0.00164	0.00352	0.07341	0.00472	0.00601

[dist]
# distance from previous block
# <min> <max>
0	1

[block]
# block no. 5 follows, 55 sequences, length 50
# corresponding to MSA columns:
# 748,761-809
name=unknown_F
#
# <colnr> <probs for GDERKNQSTAVLIFYWHMCP>
#	G	D	E	R	K	N	Q	S	T	A	V	L	I	F	Y	W	H	M	C	P
0	0.01228	0.02105	0.08553	0.01296	0.16348	0.05657	0.04462	0.10429	0.05844	0.12169	0.08314	0.01909	0.03146	0.07538	0.00635	0.00171	0.00489	0.05079	0.04002	0.00625
1	0.06519	0.01184	0.03799	0.08326	0.01440	0.13798	0.00827	0.15764	0.14261	0.22130	0.01377	0.05461	0.01037	0.00617	0.01248	0.00151	0.00512	0.00464	0.00413	0.00673
2	0.00854	0.00606	0.00783	0.00798	0.00914	0.00632	0.00637	0.09809	0.01095	0.04083	0.02159	0.23564	0.05250	0.05500	0.09051	0.00261	0.03488	0.29648	0.00405	0.00462
3	0.04171	0.01008	0.07628	0.00888	0.01178	0.00942	0.00762	0.24428	0.12519	0.13423	0.07385	0.09659	0.06112	0.02993	0.00543	0.00162	0.00419	0.04691	0.00446	0.00645
4	0.83776	0.00884	0.00676	0.00607	0.00890	0.01020	0.00498	0.01342	0.00802	0.02057	0.00796	0.00892	0.03433	0.00459	0.00297	0.00144	0.00355	0.00279	0.00293	0.00500
5	0.01317	0.66817	0.05302	0.00882	0.01268	0.13633	0.00849	0.03218	0.01030	0.01157	0.00675	0.00777	0.00601	0.00415	0.00326	0.00105	0.00556	0.00264	0.00211	0.00596
6	0.01299	0.01195	0.05660	0.01095	0.08720	0.10324	0.00833	0.16313	0.03754	0.06987	0.01937	0.01145	0.00816	0.00471	0.00449	0.00114	0.03124	0.01272	0.00327	0.34166
7	0.02538	0.06252	0.04064	0.09027	0.21389	0.01000	0.07486	0.04555	0.09026	0.18206	0.06327	0.01601	0.05360	0.00552	0.00468	0.00144	0.00486	0.00490	0.00360	0.00670
8	0.06114	0.00759	0.00991	0.00798	0.01083	0.00709	0.03207	0.06761	0.03504	0.44728	0.15388	0.04602	0.04624	0.02235	0.00515	0.00152	0.00371	0.00572	0.02225	0.00664
9	0.01018	0.01085	0.04346	0.29419	0.08768	0.01131	0.31658	0.03360	0.01017	0.01380	0.00906	0.03365	0.00730	0.00497	0.00611	0.00160	0.09245	0.00488	0.00232	0.00586
10	0.01303	0.07711	0.19612	0.01474	0.15005	0.04270	0.10551	0.12493	0.08500	0.10467	0.02043	0.01276	0.00876	0.00498	0.00460	0.00143	0.00572	0.01726	0.00321	0.00699
11	0.00577	0.00420	0.00547	0.00644	0.00690	0.00390	0.00446	0.00671	0.00920	0.01208	0.02773	0.70154	0.10817	0.01418	0.00593	0.00187	0.00277	0.06453	0.00432	0.00383
12	0.00802	0.00551	0.00676	0.00683	0.00774	0.00583	0.00513	0.07769	0.01015	0.01472	0.01953	0.31304	0.04460	0.03882	0.08914	0.00232	0.05222	0.07048	0.21704	0.00441
13	0.03688	0.00977	0.12857	0.00853	0.01091	0.00827	0.00747	0.09961	0.18752	0.01638	0.04398	0.27187	0.08332	0.03941	0.00601	0.00175	0.02246	0.00775	0.00397	0.00557
14	0.04779	0.03091	0.01139	0.03371	0.13577	0.05065	0.00793	0.10288	0.12085	0.01516	0.01208	0.03926	0.01091	0.12265	0.17993	0.00316	0.06137	0.00492	0.00308	0.00559
15	0.00592	0.00423	0.00568	0.00671	0.00711	0.00399	0.00471	0.00694	0.00926	0.01234	0.05021	0.71305	0.03070	0.01420	0.00598	0.00191	0.00288	0.10599	0.00434	0.00386
16	0.00967	0.00730	0.00834	0.00804	0.00974	0.00787	0.00604	0.02906	0.37674	0.06422	0.04669	0.29259	0.03588	0.03561	0.00584	0.00178	0.00337	0.04088	0.00458	0.00578
17	0.01051	0.01254	0.11683	0.24337	0.15956	0.05175	0.22539	0.03868	0.01060	0.01416	0.00959	0.05484	0.00793	0.00495	0.00506	0.00152	0.01940	0.00484	0.00239	0.00609
18	0.01414	0.07855	0.08791	0.05274	0.08514	0.01004	0.00886	0.14597	0.05268	0.23231	0.01325	0.03800	0.00990	0.00655	0.03198	0.00160	0.02644	0.00447	0.09273	0.00674
19	0.02056	0.00817	0.01093	0.00840	0.01199	0.00725	0.00693	0.05550	0.02871	0.76226	0.01806	0.01566	0.01141	0.00576	0.00468	0.00144	0.00400	0.00467	0.00569	0.00791
20	0.08695	0.01057	0.01121	0.00888	0.01206	0.03514	0.00725	0.42530	0.01682	0.18678	0.01276	0.01271	0.00898	0.00547	0.00428	0.00135	0.00440	0.00414	0.13790	0.00705
21	0.03535	0.00956	0.03204	0.16943	0.05319	0.03143	0.15252	0.09416	0.02536	0.12980	0.16697	0.03604	0.03132	0.00608	0.00495	0.00149	0.00507	0.00555	0.00369	0.00601
22	0.01125	0.00822	0.00981	0.00709	0.01115	0.00629	0.00570	0.01328	0.01017	0.12912	0.00971	0.01053	0.00755	0.00378	0.00362	0.00080	0.00352	0.00303	0.00319	0.74218
23	0.00666	0.00494	0.00724	0.00724	0.00799	0.00569	0.00552	0.00816	0.00741	0.01062	0.01268	0.01948	0.01215	0.11401	0.73967	0.00718	0.01168	0.00516	0.00252	0.00402
24	0.00734	0.00478	0.00619	0.00671	0.00735	0.00467	0.00500	0.00845	0.00922	0.03739	0.05655	0.22202	0.02395	0.23407	0.01108	0.03117	0.00375	0.26749	0.04900	0.00382
25	0.04860	0.03395	0.26288	0.11459	0.07832	0.04837	0.10640	0.09899	0.04233	0.07754	0.02801	0.01234	0.00823	0.00489	0.00459	0.00146	0.00602	0.01302	0.00290	0.00658
26	0.00701	0.00549	0.00700	0.00796	0.04872	0.00523	0.00609	0.00909	0.03539	0.01363	0.05491	0.05580	0.31714	0.03411	0.00637	0.00191	0.00353	0.37204	0.00420	0.00436
27	0.00571	0.00408	0.00544	0.00652	0.00681	0.00381	0.00439	0.00655	0.00895	0.01192	0.02562	0.81671	0.03068	0.01454	0.00595	0.00189	0.00273	0.02960	0.00432	0.00379
28	0.03086	0.06129	0.35331	0.01327	0.05337	0.17900	0.11928	0.01501	0.01082	0.03537	0.01166	0.01290	0.07345	0.00505	0.00452	0.00141	0.00663	0.00416	0.00245	0.00620
29	0.02134	0.01187	0.14915	0.17190	0.25303	0.01021	0.07952	0.03444	0.03575	0.01462	0.01136	0.05739	0.01016	0.00593	0.00528	0.00158	0.03581	0.08183	0.00265	0.00618
30	0.00808	0.00404	0.00606	0.00606	0.00606	0.00404	0.00404	0.00606	0.00606	0.00808	0.00808	0.01414	0.00808	0.01616	0.01818	0.86465	0.00404	0.00404	0.00202	0.00202
31	0.00604	0.00484	0.00542	0.00549	0.00678	0.00435	0.00403	0.00791	0.04682	0.01406	0.20407	0.18402	0.46643	0.01155	0.00554	0.00161	0.00244	0.00993	0.00451	0.00416
32	0.03209	0.00712	0.01007	0.00911	0.01019	0.00860	0.03196	0.01135	0.06905	0.05429	0.03697	0.04241	0.01177	0.02127	0.41430	0.00464	0.21193	0.00509	0.00287	0.00492
33	0.01054	0.01296	0.17343	0.09537	0.33489	0.01124	0.03879	0.01470	0.09128	0.01474	0.00954	0.01190	0.00764	0.00506	0.00605	0.00152	0.11941	0.00416	0.03016	0.00661
34	0.86937	0.00900	0.00684	0.00612	0.00900	0.01044	0.00504	0.01368	0.00792	0.02087	0.00648	0.00756	0.00504	0.00432	0.00288	0.00144	0.00360	0.00252	0.00288	0.00504
35	0.03866	0.03550	0.10689	0.04602	0.03348	0.02050	0.04714	0.08194	0.02764	0.02580	0.16876	0.03825	0.26299	0.00813	0.00528	0.00151	0.02563	0.01681	0.00377	0.00528
36	0.00563	0.00456	0.00500	0.00523	0.00645	0.00393	0.00379	0.00680	0.01040	0.01289	0.10286	0.23301	0.55869	0.01227	0.00560	0.00164	0.00243	0.01052	0.00438	0.00393
37	0.01177	0.18265	0.04086	0.04036	0.11000	0.08969	0.02055	0.11770	0.01265	0.03807	0.21297	0.01657	0.01653	0.00598	0.00475	0.00133	0.03017	0.00481	0.03668	0.00591
38	0.01228	0.79791	0.06438	0.00823	0.01236	0.01802	0.00843	0.01397	0.00947	0.01114	0.00656	0.00758	0.00597	0.00400	0.00306	0.00102	0.00507	0.00254	0.00199	0.00602
39	0.00984	0.05050	0.01059	0.03324	0.01170	0.00739	0.00604	0.01236	0.04367	0.01496	0.00873	0.01015	0.00723	0.00382	0.00387	0.00082	0.02840	0.00297	0.02213	0.71161
40	0.00798	0.00624	0.00855	0.00802	0.00882	0.00753	0.00629	0.04864	0.00832	0.01219	0.01240	0.01793	0.02877	0.08889	0.49148	0.00535	0.15814	0.00498	0.06508	0.00442
41	0.18727	0.07278	0.09629	0.03621	0.01443	0.12081	0.07583	0.18170	0.01284	0.09659	0.01009	0.03764	0.00780	0.00512	0.00417	0.00139	0.00543	0.00395	0.02335	0.00629
42	0.00933	0.02406	0.81240	0.01326	0.02014	0.01080	0.01719	0.01473	0.00982	0.01473	0.00835	0.00982	0.00589	0.00442	0.00442	0.00147	0.00688	0.00344	0.00196	0.00688
43	0.00672	0.00449	0.00509	0.00514	0.00515	0.00448	0.00289	0.00675	0.00686	0.00915	0.01516	0.06708	0.01755	0.79901	0.02287	0.00439	0.00443	0.00706	0.00289	0.00286
44	0.00658	0.00458	0.00591	0.00668	0.00723	0.00444	0.00493	0.00772	0.00914	0.01222	0.02349	0.36746	0.05476	0.17554	0.00945	0.00244	0.00351	0.24700	0.04316	0.00378
45	0.00618	0.00472	0.00567	0.00547	0.00671	0.00421	0.00409	0.00797	0.01214	0.01631	0.51542	0.06257	0.31071	0.01046	0.00550	0.00151	0.00227	0.00905	0.00482	0.00421
46	0.01206	0.01439	0.27616	0.03360	0.21687	0.00991	0.07318	0.06485	0.01158	0.14049	0.03759	0.01496	0.03850	0.00530	0.00475	0.00147	0.00563	0.02872	0.00311	0.00688
47	0.01038	0.22729	0.57001	0.01206	0.01806	0.01283	0.03792	0.03566	0.01009	0.01419	0.00799	0.00935	0.00600	0.00433	0.00410	0.00135	0.00638	0.00328	0.00206	0.00666
48	0.01385	0.10383	0.01679	0.01255	0.01497	0.29693	0.12573	0.09170	0.03563	0.01382	0.00791	0.00993	0.00662	0.00558	0.00724	0.00148	0.22332	0.00378	0.00254	0.00581
49	0.08877	0.03976	0.26825	0.08431	0.27001	0.01090	0.03885	0.01539	0.06441	0.06198	0.00959	0.01126	0.00725	0.00452	0.00439	0.00144	0.00568	0.00387	0.00259	0.00677

[dist]
# distance from previous block
# <min> <max>
6	14

[block]
# block no. 6 follows, 55 sequences, length 8
# corresponding to MSA columns:
# 827-834
name=unknown_G
#
# <colnr> <probs for GDERKNQSTAVLIFYWHMCP>
#	G	D	E	R	K	N	Q	S	T	A	V	L	I	F	Y	W	H	M	C	P
0	0.01161	0.05945	0.23903	0.01238	0.03016	0.01108	0.13107	0.04624	0.07506	0.11395	0.04678	0.03009	0.02622	0.00587	0.00643	0.00156	0.13882	0.00470	0.00308	0.00643
1	0.01144	0.47689	0.18629	0.00972	0.01388	0.01453	0.04964	0.03736	0.00999	0.03697	0.00931	0.08614	0.00857	0.00527	0.00410	0.00126	0.02615	0.00401	0.00242	0.00607
2	0.12451	0.00649	0.00784	0.00747	0.00894	0.00735	0.00578	0.03132	0.12274	0.01395	0.01306	0.04776	0.01191	0.07004	0.46962	0.00507	0.00872	0.00502	0.00302	0.02937
3	0.01415	0.07264	0.03156	0.01124	0.01425	0.22528	0.11402	0.13924	0.14528	0.05752	0.01134	0.01215	0.00866	0.00522	0.00481	0.00137	0.03689	0.00413	0.08393	0.00633
4	0.01441	0.50473	0.01965	0.00879	0.01229	0.01546	0.00809	0.12055	0.01159	0.15285	0.00914	0.00968	0.00721	0.00490	0.00466	0.00122	0.08202	0.00325	0.00301	0.00649
5	0.01382	0.17235	0.12937	0.02845	0.15048	0.01097	0.03784	0.01741	0.08502	0.24810	0.03432	0.01315	0.00982	0.00565	0.02198	0.00150	0.00513	0.00417	0.00352	0.00695
6	0.00666	0.00492	0.00715	0.00715	0.00787	0.00564	0.00541	0.00810	0.00738	0.01056	0.01276	0.01992	0.01235	0.14343	0.71051	0.00707	0.01138	0.00523	0.00254	0.00397
7	0.00819	0.00433	0.00631	0.00612	0.00640	0.00419	0.00414	0.00645	0.00631	0.00857	0.00809	0.01383	0.00800	0.01529	0.01717	0.80543	0.00400	0.00395	0.00207	0.06116

[dist]
# distance from previous block
# <min> <max>
0	5

[block]
# block no. 7 follows, 55 sequences, length 7
# corresponding to MSA columns:
# 840-846
name=unknown_H
#
# <colnr> <probs for GDERKNQSTAVLIFYWHMCP>
#	G	D	E	R	K	N	Q	S	T	A	V	L	I	F	Y	W	H	M	C	P
0	0.03176	0.17116	0.39394	0.03956	0.01694	0.01250	0.04661	0.03342	0.02948	0.01406	0.00894	0.01217	0.00740	0.00536	0.00572	0.00150	0.11446	0.04649	0.00229	0.00623
1	0.01118	0.12028	0.02106	0.14088	0.18762	0.01229	0.29876	0.05731	0.02912	0.01470	0.00934	0.03248	0.00764	0.00464	0.00511	0.00146	0.03268	0.00468	0.00247	0.00631
2	0.00920	0.00875	0.01444	0.65741	0.10075	0.01086	0.01272	0.01202	0.00917	0.01211	0.00806	0.01206	0.00630	0.00501	0.00589	0.00159	0.10210	0.00413	0.00209	0.00536
3	0.00684	0.00486	0.00729	0.00729	0.00801	0.00558	0.00558	0.00801	0.00729	0.01044	0.01188	0.01773	0.01116	0.03242	0.71260	0.12050	0.01135	0.00486	0.00243	0.00387
4	0.01225	0.00957	0.01102	0.11674	0.01449	0.01085	0.00795	0.14458	0.44456	0.06312	0.06881	0.01679	0.01389	0.00613	0.00470	0.00151	0.00410	0.00508	0.03696	0.00688
5	0.00691	0.00515	0.00590	0.00618	0.00723	0.02927	0.00448	0.00817	0.01052	0.05041	0.15843	0.37185	0.26356	0.01213	0.00564	0.00169	0.00281	0.04103	0.00446	0.00419
6	0.00951	0.00882	0.04367	0.36428	0.14174	0.00918	0.06514	0.04830	0.01060	0.01492	0.07605	0.03540	0.01113	0.00533	0.00458	0.00145	0.00515	0.00482	0.13440	0.00555

[dist]
# distance from previous block
# <min> <max>
2	59

[block]
# block no. 8 follows, 55 sequences, length 24
# corresponding to MSA columns:
# 908-931
name=unknown_I
#
# <colnr> <probs for GDERKNQSTAVLIFYWHMCP>
#	G	D	E	R	K	N	Q	S	T	A	V	L	I	F	Y	W	H	M	C	P
0	0.01582	0.01074	0.08604	0.04115	0.22527	0.00936	0.01013	0.06533	0.09114	0.37493	0.01419	0.01390	0.00978	0.00522	0.00464	0.00144	0.00476	0.00443	0.00420	0.00753
1	0.08815	0.39792	0.11747	0.00940	0.01317	0.04557	0.05629	0.01446	0.00999	0.08673	0.04198	0.01115	0.02592	0.00536	0.01741	0.00137	0.04549	0.00354	0.00264	0.00599
2	0.01125	0.00987	0.01570	0.04137	0.49945	0.01003	0.03436	0.01531	0.11870	0.05488	0.01367	0.01838	0.03572	0.00578	0.00489	0.00152	0.00504	0.09416	0.00310	0.00684
3	0.00576	0.00472	0.00507	0.00499	0.00644	0.00404	0.00374	0.00718	0.01122	0.01403	0.22892	0.04237	0.62289	0.01124	0.00550	0.00155	0.00232	0.00948	0.00451	0.00404
4	0.00567	0.00405	0.00540	0.00648	0.00675	0.00378	0.00432	0.00648	0.00891	0.01188	0.02564	0.83347	0.03077	0.01457	0.00594	0.00189	0.00270	0.01323	0.00432	0.00378
5	0.01028	0.04962	0.01150	0.17952	0.05052	0.05036	0.03148	0.10468	0.08914	0.04645	0.01664	0.29241	0.03131	0.00841	0.00503	0.00159	0.00454	0.00738	0.00362	0.00550
6	0.01552	0.00911	0.01064	0.00896	0.01200	0.00956	0.00714	0.02385	0.46541	0.35546	0.01869	0.01671	0.01306	0.00608	0.00471	0.00152	0.00380	0.00501	0.00517	0.00760
7	0.86937	0.00900	0.00684	0.00612	0.00900	0.01044	0.00504	0.01368	0.00792	0.02087	0.00648	0.00756	0.00504	0.00432	0.00288	0.00144	0.00360	0.00252	0.00288	0.00504
8	0.01151	0.01105	0.01888	0.02855	0.80748	0.01105	0.01428	0.01428	0.01059	0.01520	0.00875	0.01151	0.00737	0.00415	0.00461	0.00138	0.00553	0.00415	0.00230	0.00737
9	0.00665	0.00498	0.00748	0.00748	0.00831	0.00582	0.00582	0.00831	0.00748	0.01080	0.01246	0.01828	0.01163	0.03489	0.81807	0.00748	0.01246	0.00498	0.00249	0.00415
10	0.00576	0.00412	0.00540	0.00634	0.00666	0.00384	0.00423	0.00659	0.00902	0.01203	0.05782	0.74216	0.04944	0.05439	0.00677	0.00199	0.00276	0.01263	0.00428	0.00376
11	0.01738	0.02217	0.01318	0.01199	0.01438	0.81783	0.00899	0.01858	0.01318	0.01139	0.00719	0.00839	0.00599	0.00479	0.00419	0.00120	0.00839	0.00300	0.00240	0.00539
12	0.00658	0.00476	0.00622	0.00585	0.00695	0.00439	0.00439	0.00878	0.01317	0.01866	0.80503	0.03475	0.04390	0.00951	0.00549	0.00146	0.00219	0.00841	0.00512	0.00439
13	0.00625	0.00477	0.00578	0.00586	0.00707	0.00431	0.00450	0.00796	0.01157	0.01526	0.35990	0.09782	0.32204	0.01118	0.00566	0.00163	0.00258	0.11705	0.00465	0.00416
14	0.00979	0.00945	0.01431	0.67181	0.09097	0.05535	0.01261	0.03685	0.00996	0.01265	0.00828	0.01202	0.00633	0.00474	0.00489	0.00152	0.02677	0.00407	0.00218	0.00544
15	0.01002	0.01912	0.50862	0.01423	0.01992	0.01086	0.20888	0.05313	0.03433	0.01548	0.01002	0.05588	0.00790	0.00497	0.00479	0.00152	0.00671	0.00458	0.00241	0.00662
16	0.00867	0.00434	0.00434	0.00434	0.00542	0.00434	0.00325	0.01084	0.00976	0.01734	0.01518	0.01734	0.01192	0.00542	0.00325	0.00108	0.00217	0.00434	0.86233	0.00434
17	0.82184	0.00911	0.00750	0.00736	0.05323	0.01047	0.00555	0.01371	0.00807	0.02056	0.00660	0.00778	0.00517	0.00431	0.00297	0.00144	0.00371	0.00261	0.00285	0.00517
18	0.15840	0.00938	0.01452	0.12971	0.18119	0.01045	0.12473	0.01237	0.00946	0.01483	0.04388	0.04097	0.05212	0.00612	0.00648	0.00161	0.14825	0.02725	0.00268	0.00559
