[name]
unknown

[dist]
# distance from previous block
# <min> <max>
2	253

[block]
# block no. 0 follows, 57 sequences, length 7
# corresponding to MSA columns:
# 280-286
name=unknown_A
#
# <colnr> <probs for GDERKNQSTAVLIFYWHMCP>
#	G	D	E	R	K	N	Q	S	T	A	V	L	I	F	Y	W	H	M	C	P
0	0.00955	0.08654	0.61930	0.01305	0.01884	0.01144	0.09316	0.01406	0.00947	0.01383	0.00794	0.00967	0.00587	0.00448	0.00504	0.00145	0.06438	0.00352	0.00196	0.00645
1	0.00635	0.00693	0.11907	0.00733	0.00868	0.00491	0.00627	0.00797	0.00920	0.01241	0.05830	0.49929	0.06462	0.05420	0.00648	0.00191	0.00346	0.11462	0.00384	0.00416
2	0.03357	0.08173	0.05604	0.27803	0.07446	0.00965	0.02700	0.05083	0.01112	0.27454	0.03241	0.01307	0.00892	0.00494	0.00435	0.00139	0.00495	0.00413	0.02256	0.00631
3	0.03973	0.08905	0.04990	0.02454	0.05594	0.04719	0.10296	0.09435	0.03359	0.17269	0.03877	0.03958	0.07541	0.00555	0.00438	0.00130	0.00467	0.00473	0.00354	0.11215
4	0.00729	0.00500	0.00704	0.00698	0.00777	0.00548	0.00527	0.00863	0.00804	0.05364	0.05775	0.08324	0.01587	0.15359	0.48492	0.00538	0.03007	0.04697	0.00300	0.00405
5	0.00574	0.00418	0.00527	0.00600	0.00650	0.00388	0.00411	0.00663	0.00898	0.01178	0.06184	0.55991	0.14425	0.09840	0.00750	0.00205	0.00282	0.05240	0.00409	0.00366
6	0.01289	0.07522	0.03329	0.07482	0.21290	0.03745	0.09720	0.15171	0.01235	0.12663	0.01218	0.07015	0.03181	0.00554	0.00483	0.00141	0.02501	0.00486	0.00326	0.00650

[dist]
# distance from previous block
# <min> <max>
11	48

[block]
# block no. 1 follows, 57 sequences, length 16
# corresponding to MSA columns:
# 351-358,361-368
name=unknown_B
#
# <colnr> <probs for GDERKNQSTAVLIFYWHMCP>
#	G	D	E	R	K	N	Q	S	T	A	V	L	I	F	Y	W	H	M	C	P
0	0.00993	0.16071	0.12475	0.04500	0.04607	0.06740	0.04289	0.05072	0.00970	0.01272	0.01196	0.16478	0.02997	0.04265	0.00669	0.03100	0.08900	0.00544	0.00267	0.04596
1	0.05614	0.23580	0.22092	0.01036	0.01444	0.03488	0.09143	0.02846	0.13227	0.04141	0.04227	0.03569	0.02701	0.00512	0.00412	0.00134	0.00518	0.00417	0.00284	0.00615
2	0.01085	0.28676	0.04401	0.04293	0.01110	0.04608	0.00693	0.01325	0.05637	0.10894	0.14281	0.10626	0.05043	0.00688	0.00429	0.00133	0.00405	0.02721	0.02407	0.00545
3	0.00778	0.00464	0.00606	0.00627	0.00713	0.00426	0.00440	0.00887	0.00983	0.12216	0.15550	0.49121	0.05487	0.08626	0.00708	0.00193	0.00286	0.01028	0.00440	0.00425
4	0.01325	0.02891	0.08477	0.03289	0.14511	0.04939	0.05515	0.23209	0.07617	0.09559	0.01270	0.01437	0.04314	0.02473	0.00559	0.00151	0.05182	0.02268	0.00348	0.00666
5	0.01145	0.06797	0.09666	0.01486	0.18998	0.04759	0.13870	0.09747	0.01122	0.07174	0.01196	0.14099	0.01100	0.03311	0.00565	0.00155	0.03346	0.00553	0.00300	0.00610
6	0.00593	0.00449	0.00548	0.00585	0.00680	0.00409	0.00435	0.00729	0.01030	0.01340	0.20031	0.27109	0.29034	0.03563	0.00611	0.00175	0.00267	0.11589	0.00433	0.00390
7	0.00646	0.00462	0.00562	0.00568	0.00682	0.00413	0.00422	0.00795	0.01095	0.04688	0.30709	0.21717	0.29702	0.01112	0.00546	0.00158	0.00247	0.04608	0.00454	0.00413
8	0.07895	0.11095	0.16356	0.02844	0.07967	0.12641	0.02364	0.10056	0.11993	0.06365	0.03168	0.01224	0.03108	0.00505	0.00417	0.00134	0.00532	0.00391	0.00309	0.00634
9	0.06756	0.04433	0.10775	0.03585	0.04565	0.03204	0.00811	0.14893	0.01279	0.25724	0.07220	0.05027	0.03542	0.00593	0.00438	0.00138	0.00434	0.00478	0.05463	0.00641
10	0.01251	0.00691	0.00817	0.00698	0.00916	0.00680	0.00553	0.13683	0.05368	0.23603	0.11431	0.04819	0.07665	0.04168	0.00531	0.00151	0.00333	0.03907	0.18159	0.00577
11	0.04568	0.23817	0.09081	0.04577	0.06424	0.02670	0.04099	0.14750	0.05729	0.07054	0.06593	0.01237	0.02100	0.00504	0.00427	0.00128	0.02167	0.00393	0.00313	0.03371
12	0.04700	0.00885	0.06496	0.00833	0.02680	0.06074	0.02462	0.04906	0.11350	0.11968	0.20125	0.14297	0.09748	0.00807	0.00490	0.00149	0.00373	0.00689	0.00421	0.00548
13	0.00628	0.00416	0.00511	0.00567	0.00627	0.00392	0.00394	0.00741	0.00925	0.01309	0.09419	0.46565	0.09944	0.04537	0.00618	0.02158	0.00259	0.02538	0.17074	0.00378
14	0.08923	0.00860	0.00802	0.00817	0.04181	0.14879	0.00556	0.06821	0.02607	0.01279	0.01376	0.23681	0.01477	0.15318	0.00987	0.13607	0.00449	0.00653	0.00310	0.00416
15	0.06839	0.08638	0.07281	0.02657	0.26408	0.03697	0.04756	0.12227	0.10962	0.06407	0.03366	0.01200	0.00888	0.00485	0.00452	0.00137	0.02213	0.00406	0.00311	0.00671

[dist]
# distance from previous block
# <min> <max>
4	10

[block]
# block no. 2 follows, 57 sequences, length 15
# corresponding to MSA columns:
# 379-390,392-394
name=unknown_C
#
# <colnr> <probs for GDERKNQSTAVLIFYWHMCP>
#	G	D	E	R	K	N	Q	S	T	A	V	L	I	F	Y	W	H	M	C	P
0	0.00939	0.06791	0.56287	0.05118	0.01803	0.01073	0.03040	0.01514	0.11992	0.01454	0.01135	0.01232	0.04682	0.00489	0.00435	0.00143	0.00593	0.00392	0.00242	0.00648
1	0.20044	0.00882	0.00936	0.00767	0.01056	0.00923	0.00624	0.23598	0.05144	0.17253	0.01265	0.03059	0.00959	0.00548	0.00397	0.00133	0.00379	0.02855	0.12534	0.06645
2	0.01118	0.00636	0.00780	0.00680	0.00884	0.00601	0.00535	0.06254	0.06688	0.24014	0.24787	0.02875	0.17529	0.05301	0.00603	0.00164	0.00317	0.05207	0.00479	0.00548
3	0.00694	0.00510	0.00671	0.00695	0.00752	0.00544	0.00509	0.04266	0.00871	0.01185	0.03210	0.29769	0.02065	0.19213	0.18418	0.00355	0.04763	0.10777	0.00343	0.00388
4	0.01495	0.01769	0.01170	0.01064	0.01281	0.59169	0.00799	0.04939	0.10538	0.01260	0.00959	0.03257	0.00829	0.04916	0.04462	0.00170	0.00736	0.00377	0.00277	0.00535
5	0.04022	0.04639	0.00936	0.00774	0.00970	0.00856	0.00602	0.30684	0.01399	0.01898	0.09876	0.32119	0.07508	0.00937	0.00500	0.00154	0.00358	0.00800	0.00426	0.00542
6	0.00572	0.00442	0.00516	0.00554	0.00649	0.00395	0.00400	0.00684	0.00982	0.01247	0.10719	0.29965	0.38368	0.06065	0.00659	0.00183	0.00264	0.06538	0.00419	0.00378
7	0.00760	0.00535	0.00691	0.00631	0.00772	0.00512	0.04457	0.03782	0.02965	0.03668	0.27415	0.11415	0.17448	0.02813	0.03604	0.00171	0.00310	0.00757	0.16848	0.00445
8	0.03834	0.01222	0.01279	0.01045	0.01290	0.09510	0.00851	0.43694	0.05388	0.02125	0.02749	0.01140	0.00829	0.00723	0.04243	0.00175	0.18481	0.00407	0.00363	0.00652
9	0.00583	0.00436	0.00567	0.00636	0.00687	0.00420	0.00448	0.00684	0.00925	0.01230	0.09678	0.60665	0.12095	0.01313	0.00606	0.00178	0.03382	0.04666	0.00419	0.00382
10	0.00623	0.00456	0.00572	0.00601	0.00691	0.00424	0.00442	0.02187	0.01079	0.01456	0.30071	0.32681	0.16479	0.01153	0.00552	0.00164	0.00256	0.07395	0.02314	0.00404
11	0.00851	0.00697	0.00895	0.03339	0.05235	0.02027	0.03922	0.08431	0.08188	0.01526	0.14086	0.17990	0.11851	0.06844	0.00686	0.00179	0.03855	0.06130	0.02781	0.00487
12	0.05290	0.00930	0.03555	0.01284	0.14373	0.03017	0.14644	0.08957	0.07268	0.01595	0.09109	0.08202	0.09753	0.03370	0.05315	0.00191	0.00512	0.01741	0.00335	0.00561
13	0.01114	0.00749	0.00878	0.00752	0.00971	0.00757	0.02115	0.20096	0.08421	0.11294	0.11701	0.13975	0.13402	0.02001	0.00509	0.00149	0.00342	0.00684	0.07220	0.02871
14	0.02853	0.03018	0.16293	0.02509	0.02361	0.04720	0.00838	0.08698	0.07641	0.03985	0.01045	0.01351	0.00872	0.04775	0.00552	0.03392	0.00463	0.04104	0.00296	0.30234

[dist]
# distance from previous block
# <min> <max>
1	8

[block]
# block no. 3 follows, 57 sequences, length 12
# corresponding to MSA columns:
# 403-414
name=unknown_D
#
# <colnr> <probs for GDERKNQSTAVLIFYWHMCP>
#	G	D	E	R	K	N	Q	S	T	A	V	L	I	F	Y	W	H	M	C	P
0	0.04761	0.14664	0.13542	0.01380	0.16998	0.11676	0.06848	0.04298	0.01077	0.06014	0.00973	0.01323	0.00822	0.00491	0.00422	0.00131	0.00559	0.06740	0.00265	0.07016
1	0.00792	0.00798	0.10096	0.00927	0.03955	0.00662	0.07476	0.00971	0.00906	0.05436	0.05537	0.27815	0.07264	0.09711	0.09124	0.00251	0.06702	0.00781	0.00332	0.00465
2	0.00780	0.00500	0.00620	0.00606	0.00735	0.00457	0.00447	0.00970	0.04267	0.11167	0.28216	0.26900	0.20471	0.01064	0.00535	0.00157	0.00258	0.00931	0.00465	0.00453
3	0.04407	0.05465	0.08638	0.01043	0.10840	0.00851	0.00786	0.09946	0.04214	0.01555	0.03240	0.20510	0.03923	0.00724	0.00482	0.00138	0.02925	0.02724	0.00328	0.17262
4	0.04370	0.06481	0.11179	0.04948	0.16243	0.02024	0.06664	0.09751	0.11513	0.11642	0.04368	0.03076	0.01050	0.00540	0.00471	0.00143	0.02212	0.02334	0.00336	0.00657
5	0.00624	0.00462	0.00551	0.00587	0.00663	0.00442	0.00416	0.00768	0.04080	0.01205	0.06670	0.28562	0.21316	0.18596	0.03598	0.00245	0.00338	0.08223	0.02279	0.00376
6	0.02289	0.00594	0.00609	0.00568	0.00717	0.03449	0.00433	0.05332	0.05405	0.06669	0.11267	0.06849	0.07489	0.00678	0.00401	0.00125	0.00274	0.00559	0.45814	0.00478
7	0.02705	0.09600	0.24839	0.05332	0.12439	0.06364	0.13710	0.10299	0.02785	0.02905	0.00943	0.04344	0.00758	0.00477	0.00442	0.00139	0.00603	0.00418	0.00258	0.00640
8	0.01117	0.00971	0.01245	0.02697	0.22174	0.10851	0.05036	0.01401	0.08116	0.09832	0.03623	0.12262	0.03469	0.02853	0.05850	0.00194	0.03626	0.03776	0.00330	0.00577
9	0.00616	0.00435	0.00541	0.00591	0.00664	0.00398	0.00415	0.00718	0.00949	0.03507	0.10739	0.46590	0.19802	0.07551	0.00694	0.00192	0.00274	0.04519	0.00421	0.00384
10	0.01205	0.00917	0.06159	0.00969	0.07049	0.00864	0.00744	0.15972	0.16980	0.14270	0.12864	0.10181	0.03779	0.00702	0.00472	0.00145	0.00380	0.00594	0.05122	0.00631
11	0.01339	0.07660	0.01583	0.06614	0.33637	0.01071	0.04281	0.08908	0.08534	0.17289	0.01130	0.01225	0.00843	0.00466	0.00439	0.00134	0.00490	0.00412	0.00331	0.03614

[dist]
# distance from previous block
# <min> <max>
3	12

[block]
# block no. 4 follows, 57 sequences, length 18
# corresponding to MSA columns:
# 435-452
name=unknown_E
#
# <colnr> <probs for GDERKNQSTAVLIFYWHMCP>
#	G	D	E	R	K	N	Q	S	T	A	V	L	I	F	Y	W	H	M	C	P
0	0.03200	0.11557	0.16564	0.01323	0.14152	0.14653	0.01058	0.13540	0.04485	0.01550	0.00861	0.01045	0.00701	0.03169	0.00559	0.00143	0.07450	0.00358	0.00263	0.03369
1	0.19889	0.01004	0.01142	0.11431	0.13006	0.11225	0.03726	0.06227	0.01005	0.01503	0.01105	0.13455	0.01075	0.03359	0.00562	0.00161	0.05666	0.03646	0.00286	0.00524
2	0.14377	0.00851	0.00971	0.00791	0.02571	0.02406	0.00623	0.08299	0.04532	0.31883	0.06487	0.01389	0.01111	0.02470	0.00451	0.00131	0.00379	0.00406	0.00418	0.19453
3	0.19608	0.00980	0.05916	0.04811	0.03801	0.02170	0.03218	0.14979	0.03048	0.17101	0.01295	0.08172	0.02795	0.00642	0.02065	0.00152	0.00448	0.01748	0.00370	0.06680
4	0.00767	0.00536	0.00696	0.00668	0.00792	0.00505	0.02879	0.04997	0.02928	0.06249	0.20913	0.36554	0.11526	0.03775	0.00592	0.00168	0.00291	0.00947	0.01881	0.02335
5	0.01329	0.00819	0.01175	0.28828	0.08382	0.00881	0.00908	0.08927	0.02948	0.26143	0.01244	0.01361	0.00878	0.00512	0.00460	0.00140	0.02387	0.00424	0.11629	0.00623
6	0.00654	0.00491	0.00646	0.00676	0.00758	0.00472	0.02476	0.05846	0.01003	0.01333	0.08503	0.57050	0.11026	0.01340	0.03616	0.00195	0.00323	0.02767	0.00417	0.00409
7	0.02601	0.01203	0.05665	0.23194	0.19322	0.10326	0.12556	0.09971	0.01128	0.02991	0.00880	0.01168	0.00696	0.03079	0.00546	0.00152	0.03257	0.00413	0.00252	0.00603
8	0.00843	0.00613	0.03203	0.00635	0.00810	0.00536	0.00503	0.06121	0.03731	0.10504	0.24151	0.16101	0.28523	0.00987	0.00522	0.00152	0.00284	0.00847	0.00454	0.00481
9	0.00561	0.00401	0.00536	0.00641	0.00672	0.00376	0.00437	0.00647	0.00877	0.01167	0.02492	0.79710	0.02977	0.01411	0.00581	0.00185	0.00271	0.05266	0.00420	0.00371
10	0.01286	0.03633	0.01256	0.01051	0.04567	0.08976	0.06442	0.29240	0.12161	0.01824	0.01214	0.03485	0.03102	0.05302	0.00760	0.11928	0.02374	0.00464	0.00347	0.00588
11	0.01320	0.01388	0.01120	0.06348	0.01348	0.33206	0.00791	0.09608	0.25591	0.01555	0.03701	0.09608	0.01205	0.00629	0.00453	0.00140	0.00556	0.00495	0.00350	0.00588
12	0.00580	0.00433	0.00539	0.00610	0.00669	0.00407	0.00418	0.00719	0.04233	0.01223	0.06433	0.62110	0.15338	0.03263	0.00605	0.00182	0.00263	0.01167	0.00423	0.00386
13	0.00710	0.00492	0.00592	0.00576	0.00613	0.00518	0.00372	0.04691	0.00749	0.01019	0.01361	0.02596	0.01484	0.61140	0.20762	0.00491	0.00622	0.00606	0.00276	0.00330
14	0.01358	0.01544	0.01254	0.01126	0.03198	0.44970	0.05397	0.04206	0.01121	0.02933	0.01002	0.01288	0.04237	0.07642	0.05846	0.00198	0.11514	0.00401	0.00255	0.00510
15	0.24950	0.00858	0.00878	0.00780	0.00997	0.06135	0.02994	0.09898	0.07106	0.10662	0.02974	0.19277	0.01375	0.04341	0.04649	0.00191	0.00440	0.00587	0.00373	0.00535
16	0.00659	0.00566	0.04700	0.00685	0.00781	0.00493	0.00524	0.03358	0.03842	0.01302	0.08998	0.50031	0.05722	0.06536	0.04483	0.00218	0.00354	0.05934	0.00401	0.00414
17	0.06028	0.25478	0.14957	0.00939	0.03785	0.03727	0.03583	0.04347	0.01011	0.05987	0.01043	0.06197	0.03406	0.00494	0.00381	0.00116	0.00474	0.00387	0.00269	0.17391

[dist]
# distance from previous block
# <min> <max>
0	2

[block]
# block no. 5 follows, 57 sequences, length 19
# corresponding to MSA columns:
# 455-460,467-479
name=unknown_F
#
# <colnr> <probs for GDERKNQSTAVLIFYWHMCP>
#	G	D	E	R	K	N	Q	S	T	A	V	L	I	F	Y	W	H	M	C	P
0	0.02646	0.05325	0.06061	0.04503	0.10224	0.22362	0.02222	0.12479	0.09933	0.03963	0.02344	0.01209	0.00853	0.04389	0.02328	0.00164	0.07701	0.00396	0.00297	0.00602
1	0.01421	0.12361	0.01418	0.00990	0.01311	0.15686	0.03451	0.28235	0.09081	0.03694	0.01032	0.01088	0.01921	0.00503	0.00460	0.00124	0.04291	0.00369	0.00338	0.12226
2	0.00973	0.00931	0.07270	0.06868	0.01290	0.02226	0.01948	0.03591	0.07250	0.04441	0.03079	0.04881	0.00973	0.00802	0.09073	0.00177	0.05039	0.00408	0.00294	0.38488
3	0.05852	0.00651	0.03131	0.00698	0.00860	0.00612	0.00554	0.07897	0.05289	0.07749	0.20443	0.22494	0.07430	0.04185	0.00583	0.00170	0.00322	0.08332	0.02262	0.00485
4	0.00950	0.00834	0.01439	0.58020	0.08287	0.00959	0.09081	0.01238	0.00954	0.05718	0.00967	0.04442	0.00764	0.00489	0.00461	0.00149	0.00574	0.00454	0.03685	0.00536
5	0.00848	0.00670	0.04457	0.00740	0.00865	0.00667	0.00586	0.04075	0.03220	0.06297	0.01329	0.07712	0.01291	0.21299	0.29781	0.00422	0.07784	0.00554	0.03640	0.03764
6	0.02943	0.04083	0.05104	0.03022	0.08040	0.11394	0.06298	0.04425	0.09312	0.04140	0.04111	0.01319	0.00948	0.05247	0.03597	0.00183	0.19069	0.00425	0.01643	0.04698
7	0.00700	0.00507	0.00624	0.00587	0.00718	0.00477	0.00442	0.00971	0.07094	0.04160	0.57474	0.06117	0.16517	0.00945	0.00528	0.00146	0.00234	0.00824	0.00482	0.00450
8	0.00640	0.00458	0.00618	0.00631	0.00675	0.00496	0.00442	0.00733	0.00719	0.01001	0.01444	0.11904	0.01542	0.32833	0.43217	0.00558	0.00817	0.00644	0.00275	0.00352
9	0.00874	0.00709	0.00907	0.02640	0.07907	0.05058	0.04379	0.05311	0.03711	0.01459	0.09230	0.15274	0.05461	0.01079	0.07257	0.03605	0.01864	0.09201	0.13601	0.00473
10	0.10465	0.01005	0.03049	0.01151	0.09986	0.01055	0.03964	0.15865	0.12417	0.22236	0.01237	0.01262	0.00892	0.00551	0.00561	0.00147	0.10477	0.00420	0.02583	0.00677
11	0.00810	0.00563	0.00759	0.00776	0.03985	0.00532	0.03514	0.04514	0.02686	0.08244	0.07176	0.35199	0.18755	0.01119	0.00591	0.03525	0.00322	0.06061	0.00416	0.00454
12	0.00584	0.00430	0.00549	0.00596	0.00668	0.00394	0.00424	0.00715	0.01026	0.01379	0.27250	0.44783	0.14109	0.01222	0.00561	0.00168	0.00249	0.04055	0.00445	0.00390
13	0.01208	0.05061	0.09764	0.12200	0.23114	0.07494	0.15121	0.07090	0.06420	0.06682	0.00975	0.01155	0.00741	0.00447	0.00454	0.00139	0.00595	0.00415	0.00272	0.00652
14	0.00656	0.00460	0.00593	0.00619	0.00696	0.00436	0.00449	0.00788	0.01019	0.03837	0.26630	0.34253	0.10694	0.07621	0.00714	0.00189	0.01966	0.07547	0.00433	0.00400
15	0.02768	0.00696	0.00868	0.00725	0.00979	0.00653	0.00578	0.06359	0.06349	0.41528	0.07927	0.08253	0.09874	0.00785	0.02544	0.00158	0.00359	0.00595	0.07373	0.00629
16	0.11394	0.00854	0.01160	0.14053	0.17697	0.00895	0.00866	0.04071	0.11312	0.20459	0.08653	0.01580	0.03960	0.00556	0.00444	0.00143	0.00426	0.00468	0.00376	0.00633
17	0.01283	0.04691	0.05371	0.08783	0.07146	0.09116	0.24371	0.10243	0.05469	0.11871	0.04243	0.01356	0.02945	0.00495	0.00471	0.00141	0.00589	0.00465	0.00319	0.00633
18	0.15829	0.00891	0.00916	0.00794	0.01003	0.06751	0.00628	0.10102	0.10487	0.13234	0.07106	0.01522	0.01190	0.05387	0.07616	0.00208	0.07440	0.00442	0.07892	0.00562

[dist]
# distance from previous block
# <min> <max>
0	3

[block]
# block no. 6 follows, 57 sequences, length 7
# corresponding to MSA columns:
# 483-489
name=unknown_G
#
# <colnr> <probs for GDERKNQSTAVLIFYWHMCP>
#	G	D	E	R	K	N	Q	S	T	A	V	L	I	F	Y	W	H	M	C	P
0	0.24374	0.12912	0.07071	0.06132	0.12661	0.10678	0.00853	0.05199	0.01011	0.04275	0.02431	0.03227	0.00778	0.02980	0.00433	0.00139	0.00495	0.00357	0.00269	0.03725
1	0.01214	0.04565	0.03963	0.00955	0.01203	0.08521	0.09726	0.08480	0.01166	0.17861	0.06503	0.11672	0.06631	0.03302	0.03103	0.00177	0.04722	0.05294	0.00378	0.00562
2	0.03158	0.00586	0.00690	0.00659	0.00779	0.00611	0.00492	0.03867	0.09362	0.03671	0.15011	0.13877	0.19411	0.12419	0.06539	0.00237	0.05124	0.02669	0.00394	0.00445
3	0.07843	0.22340	0.17611	0.04979	0.09074	0.04307	0.06751	0.06846	0.03431	0.04524	0.00958	0.03691	0.02111	0.00489	0.00437	0.00134	0.03216	0.00385	0.00259	0.00613
4	0.01045	0.04403	0.07186	0.03380	0.01156	0.02641	0.04127	0.04274	0.07058	0.13059	0.03717	0.10617	0.04572	0.05514	0.10149	0.00239	0.07667	0.06413	0.02248	0.00536
5	0.00587	0.00438	0.00549	0.00589	0.00673	0.00400	0.00428	0.00723	0.01038	0.01377	0.25631	0.36626	0.21203	0.01203	0.00559	0.00167	0.00252	0.06721	0.00443	0.00392
6	0.00950	0.03217	0.05198	0.06798	0.10130	0.04043	0.00734	0.03582	0.05114	0.04712	0.07292	0.04364	0.06457	0.11361	0.05193	0.00201	0.00470	0.02875	0.02076	0.15231

[dist]
# distance from previous block
# <min> <max>
4	5

[block]
# block no. 7 follows, 57 sequences, length 28
# corresponding to MSA columns:
# 497-517,519-525
name=unknown_H
#
# <colnr> <probs for GDERKNQSTAVLIFYWHMCP>
#	G	D	E	R	K	N	Q	S	T	A	V	L	I	F	Y	W	H	M	C	P
0	0.02323	0.05069	0.07230	0.01606	0.20947	0.06963	0.18963	0.03378	0.08105	0.04799	0.01140	0.03800	0.02435	0.00716	0.06230	0.00185	0.03287	0.01926	0.00278	0.00618
1	0.00591	0.00434	0.00550	0.00590	0.00664	0.00399	0.00421	0.00722	0.01028	0.01381	0.28329	0.38985	0.15101	0.04223	0.00623	0.00176	0.00256	0.04696	0.00441	0.00389
2	0.02592	0.16921	0.09600	0.10813	0.20002	0.04095	0.04737	0.05120	0.01026	0.01407	0.00871	0.04674	0.00750	0.00451	0.00404	0.00121	0.00518	0.00382	0.00242	0.15274
3	0.04466	0.03483	0.10861	0.05129	0.21546	0.04997	0.09382	0.14427	0.08125	0.05158	0.01111	0.01232	0.03262	0.00478	0.00443	0.00136	0.00538	0.00418	0.00303	0.04505
4	0.00853	0.00546	0.02086	0.02954	0.00890	0.00520	0.08846	0.00795	0.00705	0.04499	0.00973	0.03852	0.00945	0.10231	0.03357	0.56488	0.00462	0.00466	0.00232	0.00300
5	0.00666	0.00475	0.00587	0.02273	0.00738	0.00454	0.00447	0.00822	0.04521	0.03928	0.08351	0.36978	0.17918	0.12911	0.00803	0.00209	0.00305	0.06809	0.00408	0.00398
6	0.09210	0.08697	0.05241	0.01208	0.12430	0.03274	0.05730	0.17267	0.03678	0.15166	0.05429	0.01348	0.03750	0.00541	0.00489	0.00139	0.04969	0.00430	0.00355	0.00651
7	0.02359	0.13058	0.22139	0.03016	0.04498	0.07352	0.10002	0.10880	0.08550	0.03609	0.02781	0.06547	0.00947	0.00530	0.00437	0.00137	0.00557	0.00445	0.00291	0.01867
8	0.00831	0.00411	0.00588	0.00582	0.00605	0.00406	0.00395	0.00696	0.00658	0.03828	0.00939	0.03358	0.00899	0.02639	0.01564	0.72069	0.00373	0.00423	0.08491	0.00244
9	0.14950	0.05319	0.13435	0.01251	0.11578	0.19872	0.04914	0.11569	0.01166	0.01632	0.00795	0.00928	0.00623	0.00434	0.00396	0.00125	0.00575	0.00328	0.00263	0.09847
10	0.00736	0.00562	0.00656	0.00624	0.00777	0.00521	0.00460	0.04045	0.07506	0.03094	0.15094	0.27569	0.21708	0.03420	0.00564	0.00158	0.00281	0.00876	0.00418	0.10932
11	0.13109	0.22384	0.09380	0.00919	0.01294	0.09636	0.00842	0.25107	0.03299	0.02737	0.00850	0.00918	0.00658	0.00456	0.00374	0.00121	0.00508	0.00318	0.00304	0.06788
12	0.01102	0.02911	0.15267	0.06978	0.01432	0.09728	0.05290	0.09959	0.10806	0.06281	0.10263	0.05536	0.09679	0.00648	0.00468	0.00142	0.00489	0.00542	0.00351	0.02128
13	0.01145	0.16139	0.39155	0.01160	0.05505	0.03901	0.01213	0.11953	0.03044	0.04699	0.00943	0.04099	0.00745	0.00481	0.00413	0.00132	0.00566	0.00373	0.00263	0.04072
14	0.07565	0.18988	0.23197	0.03488	0.09303	0.01217	0.19575	0.02836	0.03648	0.01426	0.00848	0.01057	0.00673	0.01995	0.02199	0.00153	0.00608	0.00380	0.00227	0.00615
15	0.01014	0.00941	0.01736	0.10890	0.18677	0.00938	0.28613	0.02463	0.01042	0.05462	0.01365	0.04987	0.04853	0.00679	0.02644	0.00172	0.02047	0.10612	0.00286	0.00580
16	0.00959	0.00930	0.01594	0.41467	0.02386	0.03105	0.21001	0.02876	0.01008	0.03242	0.06237	0.01482	0.04689	0.00528	0.00556	0.00153	0.06513	0.00488	0.00253	0.00532
17	0.01242	0.03107	0.13927	0.07787	0.23139	0.09653	0.03775	0.10585	0.07874	0.08082	0.02693	0.01307	0.03805	0.00502	0.00448	0.00138	0.00550	0.00424	0.00304	0.00659
18	0.00635	0.00429	0.00545	0.00603	0.00660	0.00400	0.00417	0.00737	0.00925	0.03563	0.10567	0.51866	0.08538	0.09704	0.00734	0.00200	0.00281	0.04467	0.04346	0.00382
19	0.00628	0.00469	0.00656	0.00688	0.00736	0.00515	0.00500	0.00737	0.00774	0.01077	0.01708	0.33911	0.01889	0.10768	0.38323	0.00461	0.04653	0.00813	0.00313	0.00381
20	0.00862	0.00845	0.05764	0.38141	0.05951	0.03551	0.00965	0.02907	0.04527	0.02658	0.08335	0.20654	0.01536	0.00728	0.00487	0.00155	0.00481	0.00644	0.00304	0.00506
21	0.01020	0.02532	0.05615	0.02470	0.01019	0.02193	0.01947	0.05886	0.07435	0.15897	0.03943	0.37076	0.01983	0.04076	0.03325	0.00191	0.00401	0.02053	0.00412	0.00525
22	0.00637	0.00447	0.00552	0.00576	0.00672	0.00401	0.00413	0.00766	0.01043	0.04931	0.24040	0.37055	0.24443	0.01176	0.00550	0.00163	0.00246	0.01036	0.00448	0.00406
23	0.01258	0.00877	0.01114	0.03233	0.01163	0.01016	0.00766	0.20993	0.02690	0.15232	0.01283	0.03156	0.04416	0.03885	0.12074	0.02758	0.22678	0.00475	0.00352	0.00580
24	0.06603	0.23037	0.33762	0.04539	0.07425	0.06175	0.02377	0.02881	0.00990	0.03098	0.02736	0.00985	0.00695	0.00462	0.00421	0.02075	0.00573	0.00331	0.00224	0.00610
25	0.03402	0.00645	0.02746	0.00682	0.00901	0.00558	0.00553	0.03033	0.01217	0.30711	0.29103	0.08611	0.12301	0.00832	0.00501	0.00148	0.00308	0.02702	0.00490	0.00557
26	0.00897	0.00517	0.00702	0.00692	0.00806	0.00486	0.02112	0.01031	0.02637	0.17556	0.02188	0.45417	0.05108	0.08940	0.06712	0.00237	0.00389	0.02695	0.00420	0.00458
27	0.03107	0.02306	0.06319	0.03631	0.20177	0.03817	0.09849	0.05092	0.06591	0.04182	0.08181	0.15178	0.06606	0.00700	0.00505	0.00149	0.02072	0.00630	0.00330	0.00579

[dist]
# distance from previous block
# <min> <max>
3	8

[block]
# block no. 8 follows, 57 sequences, length 17
# corresponding to MSA columns:
# 535-551
name=unknown_I
#
# <colnr> <probs for GDERKNQSTAVLIFYWHMCP>
#	G	D	E	R	K	N	Q	S	T	A	V	L	I	F	Y	W	H	M	C	P
0	0.05446	0.04294	0.10322	0.01057	0.04902	0.03460	0.05928	0.17203	0.07327	0.13322	0.02352	0.13913	0.01209	0.00658	0.00494	0.00146	0.03213	0.01406	0.00372	0.02977
1	0.02676	0.20235	0.31513	0.01395	0.17091	0.01206	0.02793	0.07611	0.01069	0.05649	0.00917	0.04249	0.00744	0.00469	0.00411	0.00132	0.00554	0.00380	0.00250	0.00656
2	0.01028	0.07024	0.17708	0.01392	0.11575	0.01795	0.21546	0.01326	0.02125	0.07829	0.02728	0.12418	0.04710	0.00632	0.00518	0.02755	0.00545	0.00567	0.00287	0.01493
3	0.01796	0.00890	0.01101	0.00860	0.01182	0.00874	0.00702	0.25489	0.01487	0.49430	0.01526	0.01480	0.01039	0.04278	0.05529	0.00188	0.00473	0.00452	0.00497	0.00728
4	0.01053	0.00701	0.00940	0.00815	0.00970	0.01696	0.05099	0.09153	0.02609	0.14089	0.01391	0.08139	0.01276	0.17960	0.21810	0.00356	0.06650	0.00561	0.04234	0.00499
5	0.01188	0.04569	0.13287	0.06890	0.21587	0.06857	0.10395	0.09299	0.06575	0.06397	0.02648	0.02790	0.00919	0.02299	0.00497	0.00147	0.00565	0.02153	0.00292	0.00645
6	0.00772	0.00542	0.00701	0.00664	0.00735	0.00582	0.00481	0.00917	0.03451	0.05982	0.19757	0.09976	0.03540	0.27329	0.13727	0.00335	0.09061	0.00688	0.00352	0.00407
7	0.00635	0.00467	0.00608	0.00686	0.00760	0.00451	0.00519	0.00816	0.04392	0.01302	0.08512	0.45173	0.08749	0.01278	0.00581	0.00184	0.00306	0.23749	0.00427	0.00403
8	0.00768	0.00632	0.00690	0.00683	0.00803	0.04230	0.00497	0.02604	0.16941	0.01508	0.23663	0.29616	0.09945	0.04554	0.00603	0.00171	0.00303	0.00888	0.00436	0.00466
9	0.01032	0.03944	0.28683	0.10092	0.21948	0.03053	0.03393	0.05001	0.02534	0.03528	0.01019	0.08185	0.00868	0.00518	0.00446	0.00140	0.00560	0.00450	0.00253	0.04353
10	0.02989	0.00626	0.00850	0.00813	0.03046	0.00638	0.00606	0.01303	0.04347	0.26414	0.01787	0.29354	0.01706	0.01385	0.15602	0.00268	0.06583	0.00735	0.00409	0.00537
11	0.00560	0.00401	0.00533	0.00625	0.00659	0.00373	0.00421	0.00651	0.00905	0.01216	0.09600	0.76506	0.03113	0.01375	0.00574	0.00180	0.00258	0.01246	0.00428	0.00373
12	0.18312	0.01020	0.03156	0.17508	0.09507	0.04208	0.12844	0.07930	0.03214	0.12861	0.04434	0.01231	0.00869	0.00478	0.00433	0.00143	0.00519	0.00415	0.00315	0.00605
13	0.01231	0.01061	0.05275	0.00951	0.01241	0.01117	0.00790	0.17771	0.51621	0.04656	0.01640	0.01684	0.01256	0.00713	0.03244	0.00171	0.00436	0.03999	0.00439	0.00703
14	0.00763	0.00529	0.00665	0.00640	0.00732	0.00556	0.00462	0.04949	0.02763	0.04784	0.01793	0.05969	0.11314	0.28674	0.32888	0.00469	0.00705	0.00630	0.00313	0.00402
15	0.01185	0.14251	0.01400	0.01009	0.04837	0.05781	0.05744	0.11813	0.25318	0.01713	0.05313	0.01300	0.01072	0.00500	0.00414	0.00122	0.00445	0.00410	0.00345	0.17028
16	0.15531	0.06671	0.20789	0.02700	0.01391	0.05046	0.00928	0.14602	0.04608	0.09484	0.00949	0.01012	0.00697	0.00454	0.00390	0.00126	0.00492	0.00335	0.00311	0.13484

[dist]
# distance from previous block
# <min> <max>
0	11

[block]
# block no. 9 follows, 57 sequences, length 20
# corresponding to MSA columns:
# 563-582
name=unknown_J
#
# <colnr> <probs for GDERKNQSTAVLIFYWHMCP>
#	G	D	E	R	K	N	Q	S	T	A	V	L	I	F	Y	W	H	M	C	P
0	0.00980	0.04930	0.01609	0.33249	0.19007	0.01035	0.12869	0.03826	0.03423	0.01386	0.04530	0.01396	0.04281	0.00488	0.00475	0.00142	0.01792	0.00455	0.00251	0.03876
1	0.01032	0.18267	0.39295	0.02816	0.05036	0.03893	0.04208	0.01489	0.08804	0.03037	0.06106	0.02194	0.00947	0.00486	0.00419	0.00135	0.00563	0.00390	0.00253	0.00631
2	0.00972	0.28435	0.14730	0.00791	0.01087	0.00983	0.00765	0.01164	0.00968	0.08840	0.04682	0.26122	0.07154	0.00795	0.00443	0.00141	0.00411	0.00664	0.00324	0.00530
3	0.01803	0.00801	0.01035	0.00810	0.01130	0.00741	0.00663	0.11435	0.03790	0.60149	0.11122	0.01711	0.01462	0.00604	0.00465	0.00140	0.00378	0.00495	0.00537	0.00729
4	0.00893	0.00869	0.06331	0.07908	0.08834	0.02641	0.05404	0.03512	0.03639	0.04047	0.16324	0.12620	0.09611	0.00809	0.00638	0.00159	0.11397	0.03502	0.00345	0.00518
5	0.00973	0.06312	0.12017	0.49588	0.12901	0.01055	0.01247	0.03322	0.00978	0.03930	0.00938	0.01222	0.02694	0.00463	0.00441	0.00144	0.00577	0.00400	0.00227	0.00571
6	0.01300	0.00597	0.00729	0.00634	0.00842	0.00558	0.00496	0.01546	0.06112	0.34067	0.01871	0.10615	0.04783	0.00670	0.00420	0.00133	0.00298	0.00558	0.33195	0.00575
7	0.00570	0.00443	0.00518	0.00535	0.00642	0.00391	0.00388	0.00703	0.01060	0.01373	0.25513	0.24718	0.39215	0.01156	0.00546	0.00158	0.00234	0.01004	0.00443	0.00391
8	0.00859	0.00665	0.01001	0.08811	0.14007	0.00656	0.04488	0.01110	0.04138	0.07284	0.29425	0.12164	0.10263	0.00820	0.00512	0.00150	0.00359	0.02375	0.00398	0.00514
9	0.01185	0.06239	0.10360	0.09474	0.03946	0.02630	0.03330	0.13918	0.13801	0.09116	0.03968	0.06466	0.01172	0.00637	0.00553	0.00151	0.07684	0.04394	0.00351	0.00623
10	0.01715	0.00763	0.00986	0.00783	0.01062	0.00720	0.00627	0.07955	0.02759	0.56474	0.01626	0.01685	0.01151	0.11759	0.00738	0.00181	0.03626	0.00477	0.04235	0.00678
11	0.00571	0.00425	0.00532	0.00580	0.00653	0.00386	0.00407	0.00691	0.01006	0.01336	0.22601	0.47153	0.19523	0.01240	0.00558	0.00167	0.00244	0.01102	0.00440	0.00386
12	0.02515	0.00995	0.01237	0.11121	0.13299	0.07066	0.02611	0.14034	0.09295	0.18759	0.04652	0.07860	0.01180	0.00592	0.00460	0.00142	0.00472	0.00502	0.00383	0.02826
13	0.03240	0.24504	0.01540	0.00993	0.04689	0.05114	0.03855	0.22861	0.01317	0.06902	0.04260	0.05352	0.03530	0.00616	0.00469	0.00136	0.03771	0.05900	0.00341	0.00611
14	0.01054	0.00981	0.06269	0.00836	0.04293	0.02770	0.00679	0.06582	0.01046	0.04259	0.00857	0.00975	0.00686	0.00370	0.00360	0.00083	0.00390	0.00294	0.00283	0.66931
15	0.01366	0.14607	0.06053	0.03523	0.14377	0.25064	0.02738	0.09091	0.13791	0.03691	0.00976	0.01064	0.00767	0.00473	0.00416	0.00128	0.00589	0.00363	0.00288	0.00635
16	0.00906	0.00719	0.00996	0.08769	0.04249	0.00799	0.03376	0.03847	0.11093	0.05582	0.15138	0.08375	0.06629	0.01048	0.08062	0.00213	0.10815	0.06756	0.02113	0.00516
17	0.00642	0.00442	0.00542	0.00556	0.00574	0.00453	0.00348	0.00683	0.00700	0.00948	0.01532	0.13595	0.01733	0.58037	0.16886	0.00459	0.00559	0.00711	0.00288	0.00311
18	0.00944	0.17923	0.08726	0.00913	0.02638	0.03381	0.08417	0.05132	0.01008	0.04724	0.01725	0.29289	0.07619	0.04834	0.00562	0.00162	0.00440	0.00729	0.00326	0.00509
19	0.00670	0.00441	0.00526	0.00548	0.00581	0.00440	0.00359	0.00740	0.00783	0.01098	0.04763	0.14483	0.01942	0.48401	0.05456	0.00347	0.00414	0.07283	0.10395	0.00329

[dist]
# distance from previous block
# <min> <max>
0	1

[block]
# block no. 10 follows, 57 sequences, length 13
# corresponding to MSA columns:
# 584-596
name=unknown_K
#
# <colnr> <probs for GDERKNQSTAVLIFYWHMCP>
#	G	D	E	R	K	N	Q	S	T	A	V	L	I	F	Y	W	H	M	C	P
0	0.01190	0.46886	0.01879	0.00893	0.01201	0.06198	0.02221	0.06606	0.00986	0.01248	0.00698	0.00859	0.00622	0.00536	0.02455	0.00130	0.14374	0.00296	0.00225	0.10496
1	0.00562	0.00411	0.00528	0.00603	0.00655	0.00377	0.00413	0.00662	0.00940	0.01249	0.12807	0.64344	0.12131	0.01325	0.00568	0.00175	0.00253	0.01190	0.00431	0.00377
2	0.00722	0.00602	0.02887	0.07974	0.00997	0.00592	0.00573	0.04320	0.11082	0.01337	0.04820	0.49619	0.04738	0.06735	0.00657	0.00189	0.00336	0.00979	0.00394	0.00446
3	0.03349	0.11940	0.01390	0.07508	0.06795	0.03827	0.03604	0.11232	0.10649	0.26813	0.02389	0.02261	0.00990	0.00544	0.00474	0.00139	0.03508	0.01528	0.00390	0.00671
4	0.00667	0.00478	0.00613	0.00659	0.00734	0.00464	0.00476	0.04295	0.00997	0.02977	0.10474	0.53419	0.10176	0.01310	0.02549	0.00189	0.01898	0.06793	0.00424	0.00409
5	0.01114	0.17534	0.05197	0.03017	0.21481	0.01101	0.09838	0.04744	0.03875	0.03137	0.00865	0.01027	0.00701	0.00398	0.00396	0.00112	0.00493	0.00352	0.00254	0.24362
6	0.07099	0.00848	0.01022	0.00779	0.01139	0.00764	0.00636	0.09659	0.04621	0.40007	0.01337	0.01262	0.00916	0.00482	0.00407	0.00117	0.00378	0.00381	0.00436	0.27710
7	0.00614	0.00462	0.00568	0.00541	0.00660	0.00416	0.00406	0.00802	0.01218	0.01663	0.61210	0.03638	0.24171	0.00984	0.00535	0.00145	0.00218	0.00855	0.00479	0.00416
8	0.03333	0.01014	0.01758	0.08332	0.20087	0.01034	0.26524	0.06824	0.06179	0.06586	0.06476	0.04399	0.01084	0.00522	0.00525	0.00148	0.03735	0.00513	0.00302	0.00626
9	0.01338	0.04045	0.06432	0.00978	0.01266	0.06958	0.13859	0.03810	0.01104	0.28819	0.04684	0.06592	0.01281	0.15827	0.00806	0.00196	0.00502	0.00541	0.00377	0.00583
10	0.00708	0.00509	0.00793	0.00781	0.00876	0.00472	0.08976	0.00826	0.00918	0.06629	0.02279	0.69312	0.02621	0.01250	0.00565	0.00178	0.00325	0.01151	0.00409	0.00422
11	0.04163	0.01427	0.29308	0.11489	0.15047	0.01022	0.03513	0.12824	0.01131	0.05032	0.01023	0.06418	0.00834	0.00642	0.04013	0.00170	0.00591	0.00441	0.00274	0.00637
12	0.31151	0.14684	0.06550	0.01122	0.11921	0.05239	0.03512	0.13400	0.05569	0.01816	0.00823	0.00928	0.00645	0.00444	0.00366	0.00132	0.00478	0.00324	0.00286	0.00609

[dist]
# distance from previous block
# <min> <max>
1	6

[block]
# block no. 11 follows, 57 sequences, length 17
# corresponding to MSA columns:
# 605-615,618-623
name=unknown_L
#
# <colnr> <probs for GDERKNQSTAVLIFYWHMCP>
#	G	D	E	R	K	N	Q	S	T	A	V	L	I	F	Y	W	H	M	C	P
0	0.00707	0.00549	0.02147	0.00629	0.00756	0.00512	0.00488	0.00896	0.05969	0.04229	0.12989	0.14120	0.31371	0.03207	0.03970	0.06695	0.03259	0.06689	0.00399	0.00418
1	0.00894	0.00761	0.01072	0.00924	0.01016	0.00901	0.06797	0.09046	0.00904	0.01277	0.04500	0.06930	0.01272	0.21732	0.14283	0.00329	0.26065	0.00561	0.00280	0.00453
2	0.10481	0.25772	0.24331	0.01187	0.01652	0.01282	0.20392	0.01471	0.04771	0.03453	0.00839	0.00981	0.00648	0.00417	0.00401	0.00132	0.00582	0.00359	0.00233	0.00615
3	0.00632	0.00420	0.00559	0.00633	0.00683	0.00389	0.00433	0.00730	0.00932	0.05080	0.10765	0.71338	0.03042	0.01326	0.00568	0.00178	0.00264	0.01199	0.00436	0.00394
4	0.00611	0.00438	0.00569	0.00642	0.00691	0.00418	0.00440	0.04004	0.00963	0.01295	0.10328	0.72198	0.03031	0.01333	0.00569	0.00178	0.00268	0.01204	0.00430	0.00391
5	0.06508	0.06368	0.27327	0.01391	0.15050	0.05665	0.04557	0.05485	0.15412	0.01577	0.01033	0.03261	0.00819	0.00499	0.00463	0.00142	0.03113	0.00404	0.00275	0.00651
6	0.00554	0.00448	0.00492	0.00506	0.00630	0.00387	0.00370	0.00677	0.01040	0.01299	0.15358	0.18447	0.55881	0.01164	0.00543	0.00157	0.00233	0.00996	0.00432	0.00387
7	0.00652	0.00437	0.00500	0.00506	0.00511	0.00434	0.00289	0.00664	0.00695	0.00930	0.04412	0.08054	0.01828	0.75839	0.02133	0.00412	0.00420	0.00704	0.00292	0.00286
8	0.02882	0.00849	0.07119	0.00768	0.00992	0.02688	0.00645	0.16248	0.04405	0.08587	0.27979	0.15592	0.07697	0.00844	0.00500	0.00148	0.00351	0.00720	0.00441	0.00544
9	0.18156	0.01319	0.11277	0.02959	0.01428	0.06860	0.05126	0.31110	0.07783	0.06604	0.01012	0.01066	0.00736	0.00501	0.00439	0.00141	0.02090	0.00377	0.00355	0.00662
10	0.32754	0.16289	0.13090	0.01133	0.08109	0.01173	0.12978	0.02535	0.00941	0.06073	0.00791	0.00923	0.00608	0.00418	0.00369	0.00134	0.00504	0.00330	0.00257	0.00590
11	0.03776	0.11814	0.12825	0.07701	0.18094	0.05560	0.02055	0.06680	0.14443	0.01535	0.01160	0.03471	0.00995	0.00558	0.00441	0.00143	0.00517	0.07313	0.00293	0.00626
12	0.00581	0.00428	0.00553	0.00624	0.00678	0.00407	0.00431	0.00715	0.03175	0.01244	0.10401	0.62637	0.09453	0.01427	0.04778	0.00205	0.00307	0.01151	0.00420	0.00387
13	0.03433	0.17642	0.23683	0.01205	0.10616	0.01172	0.02769	0.08279	0.07926	0.08639	0.01016	0.01096	0.01671	0.00465	0.00430	0.00129	0.02469	0.00363	0.00286	0.06710
14	0.01493	0.35755	0.05822	0.00907	0.01279	0.07405	0.02592	0.14978	0.02424	0.19975	0.02645	0.01074	0.00827	0.00477	0.00385	0.00120	0.00498	0.00350	0.00336	0.00657
15	0.00641	0.00475	0.00667	0.00667	0.00739	0.00530	0.00498	0.00771	0.00740	0.01035	0.01514	0.02187	0.07449	0.17238	0.62020	0.00633	0.01003	0.00552	0.00262	0.00380
16	0.00996	0.05083	0.11101	0.01113	0.08376	0.15199	0.07074	0.03453	0.03981	0.01364	0.09203	0.15277	0.06359	0.05971	0.00597	0.00165	0.00506	0.03347	0.00316	0.00520

[dist]
# distance from previous block
# <min> <max>
0	3

[block]
# block no. 12 follows, 57 sequences, length 7
# corresponding to MSA columns:
# 627-633
name=unknown_M
#
# <colnr> <probs for GDERKNQSTAVLIFYWHMCP>
#	G	D	E	R	K	N	Q	S	T	A	V	L	I	F	Y	W	H	M	C	P
0	0.01241	0.25428	0.12821	0.02928	0.14870	0.04410	0.04220	0.06529	0.10119	0.08054	0.00972	0.01070	0.00757	0.00469	0.00451	0.00131	0.04234	0.00365	0.00279	0.00653
1	0.00734	0.00485	0.00566	0.00548	0.00573	0.00496	0.00336	0.05247	0.00740	0.00991	0.01326	0.02623	0.01476	0.66183	0.05966	0.10052	0.00475	0.00607	0.00275	0.00301
2	0.00833	0.00708	0.02342	0.04002	0.04180	0.03927	0.04429	0.01062	0.04223	0.04308	0.09448	0.04343	0.08031	0.03445	0.30787	0.00371	0.05734	0.03163	0.04196	0.00470
3	0.01277	0.15115	0.19711	0.01295	0.10161	0.04817	0.10103	0.07094	0.08601	0.13527	0.01100	0.01242	0.00833	0.00484	0.00434	0.00136	0.00552	0.02544	0.00307	0.00667
4	0.03693	0.04799	0.18141	0.01211	0.09902	0.11289	0.01023	0.14612	0.03969	0.19427	0.03099	0.01181	0.00864	0.00513	0.00480	0.00138	0.04247	0.00391	0.00345	0.00675
5	0.01366	0.01549	0.01316	0.01200	0.04029	0.39110	0.00917	0.04686	0.09418	0.01267	0.00804	0.00992	0.00684	0.00599	0.00799	0.00151	0.29949	0.00361	0.00253	0.00551
6	0.01184	0.07290	0.04077	0.08226	0.23688	0.01062	0.06041	0.15332	0.03821	0.04598	0.04265	0.01190	0.00877	0.00453	0.00427	0.00124	0.00490	0.00397	0.00300	0.16159

[dist]
# distance from previous block
# <min> <max>
5	13

[block]
# block no. 13 follows, 57 sequences, length 17
# corresponding to MSA columns:
# 649-665
name=unknown_N
#
# <colnr> <probs for GDERKNQSTAVLIFYWHMCP>
#	G	D	E	R	K	N	Q	S	T	A	V	L	I	F	Y	W	H	M	C	P
0	0.05352	0.02837	0.05815	0.01189	0.03084	0.03634	0.06048	0.07640	0.00916	0.05581	0.00765	0.01051	0.00659	0.00766	0.04098	0.00195	0.49173	0.00396	0.00247	0.00554
1	0.01027	0.12757	0.52922	0.01126	0.01661	0.02812	0.01328	0.06257	0.05747	0.03124	0.01049	0.04498	0.02751	0.00505	0.00424	0.00139	0.00586	0.00394	0.00247	0.00647
2	0.01200	0.13275	0.09747	0.02280	0.05867	0.01055	0.15080	0.06377	0.07593	0.14594	0.04665	0.03721	0.06187	0.00585	0.00498	0.00143	0.03579	0.02591	0.00339	0.00624
3	0.01082	0.01082	0.00812	0.00789	0.00930	0.31117	0.00581	0.01217	0.01094	0.03337	0.08106	0.23820	0.05167	0.00819	0.00458	0.00139	0.00462	0.02101	0.16433	0.00454
4	0.00760	0.02856	0.02704	0.00892	0.05455	0.02330	0.05648	0.01016	0.07899	0.01313	0.05069	0.22234	0.21224	0.03154	0.01887	0.00182	0.03781	0.10760	0.00373	0.00464
5	0.01076	0.01045	0.07530	0.33891	0.15291	0.02260	0.04972	0.04139	0.08698	0.07001	0.00992	0.01227	0.00751	0.00495	0.00534	0.00149	0.07092	0.00417	0.01836	0.00604
6	0.01122	0.01077	0.01839	0.02781	0.81248	0.01077	0.01391	0.01391	0.01032	0.01480	0.00852	0.01122	0.00718	0.00404	0.00449	0.00135	0.00538	0.00404	0.00224	0.00718
7	0.00684	0.00501	0.00670	0.00758	0.00864	0.00487	0.00643	0.00868	0.01027	0.01319	0.02758	0.11406	0.15204	0.01249	0.00608	0.00198	0.00375	0.59557	0.00418	0.00408
8	0.00896	0.00862	0.01507	0.69620	0.09662	0.01024	0.07635	0.01201	0.00930	0.01209	0.00818	0.01202	0.00620	0.00443	0.00459	0.00150	0.00611	0.00414	0.00206	0.00530
9	0.00573	0.00429	0.00579	0.00637	0.00694	0.00396	0.02464	0.00672	0.00918	0.01216	0.08709	0.64584	0.11619	0.03464	0.00614	0.00183	0.00273	0.01180	0.00418	0.00378
10	0.00564	0.00411	0.00535	0.00629	0.00674	0.00381	0.00437	0.00657	0.00898	0.01179	0.02704	0.69583	0.10946	0.01379	0.00578	0.00183	0.00271	0.07197	0.00420	0.00373
11	0.01316	0.03591	0.01132	0.00931	0.01219	0.01163	0.00742	0.16971	0.56723	0.08548	0.01659	0.01535	0.01221	0.00590	0.00454	0.00147	0.00391	0.00480	0.00459	0.00728
12	0.00595	0.00418	0.00525	0.00593	0.00621	0.00400	0.00390	0.00658	0.00821	0.01086	0.02252	0.50812	0.05926	0.26898	0.01112	0.00263	0.00325	0.05585	0.00375	0.00343
13	0.01135	0.00600	0.00792	0.00733	0.00920	0.00559	0.00590	0.02635	0.03932	0.27580	0.19962	0.12693	0.05718	0.00935	0.00532	0.00163	0.00334	0.19158	0.00485	0.00544
14	0.09444	0.19390	0.01595	0.00993	0.01358	0.01367	0.07312	0.40868	0.03273	0.08669	0.01005	0.01038	0.00738	0.00488	0.00409	0.00130	0.00492	0.00373	0.00371	0.00689
15	0.00652	0.00520	0.00628	0.00709	0.00763	0.04039	0.00519	0.00760	0.00919	0.01193	0.02390	0.59602	0.04840	0.01316	0.00611	0.00186	0.03197	0.16363	0.00404	0.00389
16	0.12722	0.00744	0.00896	0.00720	0.01008	0.00704	0.00583	0.06505	0.01203	0.49712	0.03157	0.01623	0.03882	0.04242	0.00503	0.00150	0.00362	0.00455	0.10175	0.00654

[dist]
# distance from previous block
# <min> <max>
2	10

[block]
# block no. 14 follows, 57 sequences, length 17
# corresponding to MSA columns:
# 680-695,702
name=unknown_O
#
# <colnr> <probs for GDERKNQSTAVLIFYWHMCP>
#	G	D	E	R	K	N	Q	S	T	A	V	L	I	F	Y	W	H	M	C	P
0	0.05729	0.01319	0.05624	0.02723	0.11592	0.14912	0.03940	0.25234	0.11276	0.04531	0.03372	0.01256	0.00919	0.01532	0.00497	0.00143	0.03001	0.01397	0.00347	0.00657
1	0.10227	0.06064	0.01330	0.23720	0.16033	0.07814	0.00965	0.07446	0.08633	0.03446	0.02332	0.01155	0.00788	0.00465	0.00413	0.00133	0.00508	0.00378	0.01914	0.06239
2	0.01015	0.08092	0.47697	0.03658	0.04443	0.01061	0.06377	0.05927	0.03278	0.04440	0.08786	0.01258	0.01006	0.00489	0.00441	0.00140	0.00582	0.00406	0.00262	0.00643
3	0.00618	0.00459	0.00531	0.00552	0.00672	0.00403	0.00410	0.00742	0.01025	0.04188	0.11268	0.24427	0.45321	0.01181	0.00550	0.00163	0.00255	0.06401	0.00433	0.00400
4	0.03854	0.01126	0.07413	0.00951	0.03151	0.01042	0.00800	0.30866	0.13427	0.04054	0.01123	0.01211	0.00856	0.00492	0.00416	0.00121	0.00434	0.02001	0.00371	0.26291
5	0.00643	0.00459	0.00617	0.00627	0.00672	0.00498	0.00438	0.00733	0.00714	0.00994	0.01419	0.10019	0.01511	0.34778	0.43241	0.00564	0.00821	0.00629	0.00272	0.00350
6	0.04813	0.25547	0.09493	0.03160	0.05081	0.02433	0.07595	0.16482	0.01212	0.13171	0.00940	0.01027	0.00708	0.00478	0.00471	0.00132	0.05940	0.00361	0.00305	0.00650
7	0.01149	0.16670	0.04830	0.04105	0.06076	0.01141	0.03244	0.10377	0.23885	0.05847	0.05103	0.05628	0.04987	0.00607	0.00467	0.00139	0.02725	0.00496	0.00359	0.02164
8	0.00571	0.00447	0.00502	0.00533	0.00648	0.00393	0.00395	0.00693	0.01004	0.01265	0.07675	0.23367	0.49516	0.01188	0.00545	0.00162	0.00250	0.06936	0.03523	0.00385
