[name]
unknown

[dist]
# distance from previous block
# <min> <max>
1	53

[block]
# block no. 0 follows, 62 sequences, length 46
# corresponding to MSA columns:
# 59-104
name=unknown_A
#
# <colnr> <probs for GDERKNQSTAVLIFYWHMCP>
#	G	D	E	R	K	N	Q	S	T	A	V	L	I	F	Y	W	H	M	C	P
0	0.00696	0.00505	0.02215	0.00580	0.00671	0.00469	0.00417	0.04472	0.04665	0.04330	0.06835	0.35672	0.11266	0.18356	0.00836	0.00206	0.00298	0.00852	0.06269	0.00389
1	0.00755	0.00536	0.00678	0.00660	0.00759	0.00558	0.01551	0.09417	0.02522	0.03647	0.03870	0.37231	0.08812	0.02969	0.10259	0.02327	0.04360	0.00807	0.07862	0.00418
2	0.01972	0.00510	0.00653	0.00648	0.00743	0.01590	0.03460	0.02639	0.03587	0.04613	0.04025	0.40116	0.10598	0.07436	0.07793	0.00221	0.01557	0.02098	0.05344	0.00398
3	0.00814	0.00545	0.00686	0.00643	0.00776	0.00529	0.02245	0.04716	0.08870	0.09617	0.17928	0.27286	0.10125	0.06583	0.00625	0.01864	0.00291	0.01749	0.02157	0.01952
4	0.07061	0.02857	0.02267	0.02426	0.01064	0.00708	0.10097	0.06200	0.06676	0.14492	0.15279	0.15053	0.05850	0.02674	0.02369	0.00160	0.00383	0.02308	0.00381	0.01696
5	0.03322	0.04420	0.02929	0.00680	0.00857	0.00639	0.03173	0.05591	0.09511	0.06699	0.12976	0.23641	0.09370	0.06061	0.00563	0.00156	0.00317	0.00712	0.03325	0.05059
6	0.03478	0.03771	0.00798	0.02497	0.00874	0.00641	0.00518	0.09953	0.04711	0.16261	0.33864	0.06972	0.09211	0.02652	0.00497	0.00141	0.00295	0.00635	0.01724	0.00506
7	0.00738	0.00562	0.01733	0.00604	0.00725	0.02708	0.01627	0.04829	0.03137	0.05459	0.12549	0.25173	0.21695	0.09357	0.00667	0.00173	0.01550	0.00810	0.05494	0.00410
8	0.04622	0.00712	0.00863	0.00703	0.00961	0.03569	0.00563	0.04413	0.01129	0.54539	0.01570	0.05599	0.01147	0.05627	0.00518	0.00147	0.00358	0.01798	0.10545	0.00617
9	0.42572	0.00856	0.02447	0.00757	0.04055	0.03038	0.00601	0.03413	0.00986	0.35848	0.01072	0.01037	0.00728	0.00454	0.00348	0.00131	0.00370	0.00325	0.00373	0.00590
10	0.00933	0.01057	0.14823	0.38886	0.22767	0.00934	0.04179	0.01232	0.00913	0.05730	0.00883	0.04213	0.00703	0.00447	0.00428	0.00137	0.00544	0.00406	0.00220	0.00563
11	0.01198	0.74762	0.02110	0.00760	0.01121	0.01638	0.00738	0.11261	0.01007	0.01212	0.00645	0.00725	0.00568	0.00382	0.00292	0.00096	0.00457	0.00247	0.00213	0.00568
12	0.00618	0.00440	0.00568	0.00565	0.00610	0.00461	0.00383	0.00689	0.00667	0.00927	0.01305	0.07553	0.01405	0.44437	0.33795	0.00490	0.00683	0.00579	0.00255	0.03571
13	0.00608	0.00456	0.00684	0.00684	0.00760	0.00532	0.00532	0.00760	0.00684	0.00988	0.01140	0.01672	0.01064	0.03191	0.83360	0.00684	0.01140	0.00456	0.00228	0.00380
14	0.02451	0.14803	0.06657	0.04263	0.39671	0.04547	0.07971	0.05503	0.02417	0.06524	0.00842	0.01009	0.00668	0.00400	0.00400	0.00123	0.00519	0.00360	0.00240	0.00631
15	0.00555	0.00456	0.00508	0.02731	0.00678	0.00413	0.00384	0.00729	0.04820	0.01255	0.15770	0.14136	0.53977	0.01037	0.00503	0.00146	0.00232	0.00885	0.00403	0.00382
16	0.00518	0.00370	0.00494	0.00592	0.00617	0.00346	0.00395	0.00592	0.00815	0.01086	0.02345	0.84768	0.02814	0.01333	0.00543	0.00173	0.00247	0.01210	0.00395	0.00346
17	0.56829	0.05040	0.09301	0.00862	0.02871	0.04612	0.10204	0.01290	0.00806	0.01672	0.00648	0.00784	0.00506	0.00401	0.00345	0.00132	0.02676	0.00280	0.00240	0.00501
18	0.00578	0.00427	0.00540	0.00527	0.00625	0.00389	0.00389	0.00750	0.01124	0.01551	0.61305	0.12939	0.15369	0.00955	0.00507	0.00140	0.00208	0.00840	0.00449	0.00389
19	0.02893	0.17608	0.04441	0.04379	0.02534	0.04040	0.02853	0.22936	0.01201	0.04377	0.00819	0.00914	0.00640	0.00413	0.00386	0.00104	0.02691	0.00309	0.00285	0.26177
20	0.00960	0.00909	0.01526	0.35807	0.46870	0.00996	0.01239	0.02770	0.00935	0.01285	0.00782	0.01083	0.00629	0.00407	0.00441	0.00134	0.02053	0.00379	0.00206	0.00589
21	0.16073	0.18852	0.01445	0.01006	0.05614	0.07985	0.05715	0.25406	0.05842	0.01756	0.00818	0.00910	0.00642	0.00456	0.00428	0.00125	0.05717	0.00328	0.00291	0.00592
22	0.01909	0.00724	0.00987	0.00757	0.01086	0.00625	0.00625	0.02074	0.01218	0.82687	0.01679	0.01448	0.01053	0.00527	0.00428	0.00132	0.00362	0.00428	0.00527	0.00724
23	0.01483	0.05057	0.04309	0.00968	0.01296	0.10887	0.00812	0.54423	0.10179	0.02230	0.01017	0.01027	0.00746	0.00493	0.00411	0.00124	0.00490	0.00367	0.00377	0.03304
24	0.01035	0.12268	0.20578	0.02859	0.09495	0.07661	0.02504	0.05921	0.12734	0.04680	0.05410	0.07141	0.04811	0.00555	0.00415	0.00130	0.00475	0.00457	0.00292	0.00579
25	0.01222	0.04456	0.06187	0.12584	0.20757	0.19493	0.06006	0.02754	0.01038	0.11600	0.03892	0.01104	0.00783	0.00461	0.00477	0.00130	0.05848	0.00374	0.00259	0.00576
26	0.01098	0.31708	0.18054	0.01209	0.01646	0.01241	0.29728	0.01387	0.00951	0.07946	0.00812	0.00956	0.00622	0.00383	0.00394	0.00122	0.00576	0.00360	0.00222	0.00587
27	0.00510	0.00426	0.00444	0.00450	0.00582	0.00360	0.00334	0.00620	0.00970	0.01175	0.08470	0.10725	0.71301	0.01087	0.00506	0.00146	0.00217	0.00917	0.00399	0.00360
28	0.01031	0.00989	0.01688	0.09665	0.75508	0.01005	0.01295	0.01287	0.00959	0.01364	0.00797	0.01060	0.00665	0.00383	0.00422	0.00128	0.00511	0.00379	0.00209	0.00657
29	0.00993	0.00929	0.01545	0.31312	0.43471	0.01001	0.04649	0.06888	0.01002	0.01369	0.00867	0.01139	0.02117	0.00417	0.00428	0.00133	0.00529	0.00394	0.00222	0.00596
30	0.01817	0.00740	0.00994	0.00769	0.01081	0.00668	0.00634	0.05526	0.01235	0.73585	0.04652	0.01479	0.01135	0.00545	0.00460	0.00133	0.02894	0.00437	0.00510	0.00704
31	0.00608	0.00454	0.00676	0.00676	0.00749	0.00527	0.00522	0.00754	0.00681	0.00982	0.01147	0.01714	0.01082	0.06279	0.80297	0.00674	0.01112	0.00462	0.00229	0.00375
32	0.00820	0.00773	0.01306	0.78649	0.08177	0.00950	0.01190	0.01102	0.00859	0.01107	0.00759	0.01129	0.00574	0.00422	0.00425	0.00141	0.00563	0.00378	0.00190	0.00486
33	0.01026	0.00961	0.01624	0.15725	0.51028	0.00997	0.08666	0.02679	0.07388	0.03025	0.00918	0.02438	0.00745	0.00421	0.00433	0.00133	0.00515	0.00413	0.00238	0.00628
34	0.00538	0.00392	0.00536	0.04288	0.00727	0.00378	0.00438	0.00628	0.00831	0.01108	0.04404	0.76671	0.02737	0.01276	0.00538	0.00171	0.00264	0.03333	0.00388	0.00354
35	0.01758	0.00900	0.01088	0.00841	0.01170	0.00895	0.00693	0.29870	0.06093	0.49884	0.01450	0.01306	0.00951	0.00524	0.00427	0.00131	0.00398	0.00415	0.00486	0.00721
36	0.00850	0.00772	0.01277	0.08894	0.44206	0.00778	0.02904	0.01054	0.00919	0.01269	0.01378	0.23959	0.02639	0.00710	0.00470	0.00146	0.00433	0.06528	0.00275	0.00540
37	0.00987	0.01280	0.20547	0.05090	0.42762	0.00991	0.15711	0.01313	0.00965	0.02463	0.03269	0.01107	0.00740	0.00400	0.00435	0.00132	0.00563	0.00399	0.00216	0.00630
38	0.00597	0.00428	0.00601	0.00627	0.00674	0.00462	0.00454	0.00679	0.00714	0.00987	0.01565	0.27871	0.03573	0.09853	0.38992	0.08011	0.02581	0.00709	0.00282	0.00342
39	0.00931	0.00931	0.01303	0.01117	0.01117	0.01303	0.00931	0.01024	0.00652	0.01024	0.00559	0.00931	0.00559	0.00745	0.01396	0.00186	0.84267	0.00372	0.00186	0.00465
40	0.00882	0.00756	0.00882	0.00630	0.01008	0.00567	0.00504	0.01071	0.00882	0.01387	0.00756	0.00882	0.00630	0.00315	0.00315	0.00063	0.00315	0.00252	0.00252	0.87647
41	0.01138	0.85302	0.02230	0.00728	0.01092	0.01684	0.00728	0.01274	0.00865	0.01001	0.00592	0.00683	0.00546	0.00364	0.00273	0.00091	0.00455	0.00228	0.00182	0.00546
42	0.01009	0.00965	0.01639	0.11852	0.70980	0.00985	0.01264	0.01261	0.00955	0.01349	0.00895	0.01149	0.02987	0.00404	0.00424	0.00129	0.00504	0.00394	0.00213	0.00642
43	0.01486	0.01859	0.01181	0.04192	0.01335	0.72981	0.00819	0.01606	0.01171	0.01075	0.04651	0.00906	0.00719	0.00471	0.00430	0.00115	0.03981	0.00306	0.00229	0.00487
44	0.00987	0.00936	0.01406	0.01278	0.16539	0.03887	0.18208	0.01243	0.02744	0.03022	0.00872	0.01038	0.01754	0.00362	0.00386	0.00098	0.00456	0.00349	0.00247	0.44188
45	0.34275	0.36950	0.05539	0.00741	0.01060	0.13137	0.00682	0.01330	0.00862	0.01370	0.00610	0.00709	0.00514	0.00389	0.00292	0.00111	0.00461	0.00240	0.00218	0.00510

[dist]
# distance from previous block
# <min> <max>
0	7

[block]
# block no. 1 follows, 62 sequences, length 36
# corresponding to MSA columns:
# 120-155
name=unknown_B
#
# <colnr> <probs for GDERKNQSTAVLIFYWHMCP>
#	G	D	E	R	K	N	Q	S	T	A	V	L	I	F	Y	W	H	M	C	P
0	0.01869	0.00738	0.01022	0.00844	0.04886	0.00643	0.00657	0.02038	0.01206	0.78888	0.01638	0.01430	0.01036	0.00520	0.00428	0.00131	0.00369	0.00426	0.00512	0.00722
1	0.01136	0.02299	0.12178	0.04382	0.08624	0.08687	0.16686	0.09460	0.03330	0.06222	0.00830	0.01028	0.00650	0.00507	0.00680	0.00146	0.21944	0.00388	0.00248	0.00578
2	0.02586	0.10117	0.27128	0.04086	0.11910	0.01056	0.19942	0.02636	0.05807	0.09307	0.00921	0.01055	0.00680	0.00411	0.00418	0.00132	0.00563	0.00380	0.00247	0.00618
3	0.01042	0.01077	0.05483	0.06438	0.69905	0.02791	0.02755	0.01326	0.02565	0.01373	0.00813	0.01056	0.00672	0.00387	0.00422	0.00128	0.00521	0.00378	0.00213	0.00656
4	0.00614	0.00413	0.00463	0.00463	0.00469	0.00410	0.00261	0.00618	0.00634	0.00839	0.01472	0.02843	0.05120	0.81327	0.02092	0.00401	0.00404	0.00631	0.00264	0.00262
5	0.00919	0.00710	0.01224	0.01003	0.02861	0.00677	0.23319	0.01127	0.01032	0.13543	0.20557	0.14121	0.09596	0.00749	0.00545	0.00147	0.04887	0.02123	0.00366	0.00496
6	0.00981	0.36375	0.44250	0.01052	0.01558	0.01281	0.06527	0.01318	0.00892	0.01206	0.00699	0.00826	0.00549	0.00385	0.00357	0.00117	0.00563	0.00291	0.00183	0.00591
7	0.00527	0.00410	0.00479	0.00508	0.00601	0.00362	0.00363	0.00640	0.00958	0.01230	0.17966	0.32623	0.39555	0.01130	0.00517	0.00152	0.00224	0.00985	0.00409	0.00362
8	0.34597	0.01104	0.00967	0.00800	0.01089	0.14112	0.00647	0.24355	0.01253	0.15945	0.00914	0.00929	0.00652	0.00458	0.00358	0.00127	0.00444	0.00315	0.00348	0.00587
9	0.01349	0.05360	0.28007	0.01094	0.07053	0.11003	0.01027	0.04083	0.01072	0.28868	0.01117	0.01131	0.02184	0.00477	0.00452	0.00130	0.04279	0.00363	0.00316	0.00635
10	0.01893	0.00750	0.01003	0.00769	0.01099	0.00664	0.00635	0.06419	0.01261	0.78280	0.01642	0.01425	0.01035	0.00526	0.00428	0.00131	0.00368	0.00425	0.00521	0.00724
11	0.00659	0.00521	0.00700	0.00695	0.00773	0.04190	0.00536	0.00790	0.00700	0.00976	0.01096	0.01611	0.01023	0.02975	0.75185	0.05447	0.01081	0.00443	0.00225	0.00374
12	0.00884	0.09119	0.72329	0.01199	0.01797	0.01051	0.05206	0.01342	0.00900	0.01319	0.00754	0.00892	0.00545	0.00399	0.00398	0.00131	0.00618	0.00316	0.00182	0.00619
13	0.00772	0.00505	0.00638	0.00580	0.00719	0.00478	0.00443	0.01048	0.07944	0.10145	0.62715	0.02915	0.07785	0.00821	0.00488	0.00135	0.00230	0.00717	0.00467	0.00456
14	0.00518	0.00372	0.00492	0.00589	0.00616	0.00346	0.00393	0.00593	0.00818	0.01088	0.02389	0.82965	0.04589	0.01327	0.00542	0.00172	0.00246	0.01203	0.00395	0.00346
15	0.01505	0.01102	0.01189	0.00933	0.01249	0.01212	0.00766	0.66884	0.07978	0.04758	0.01262	0.02749	0.03856	0.00564	0.00434	0.00132	0.00441	0.01866	0.00427	0.00694
16	0.01161	0.72471	0.02049	0.00762	0.01103	0.08281	0.00727	0.01354	0.05287	0.01059	0.02062	0.00782	0.00647	0.00390	0.00295	0.00096	0.00470	0.00254	0.00204	0.00546
17	0.02268	0.07134	0.19039	0.00983	0.05569	0.02579	0.04123	0.11100	0.02168	0.09713	0.00888	0.00970	0.00667	0.00396	0.00372	0.00105	0.00453	0.00318	0.00279	0.30877
18	0.00928	0.10086	0.64687	0.01161	0.03295	0.01073	0.01394	0.04351	0.06588	0.01395	0.00825	0.00933	0.00602	0.00416	0.00395	0.00131	0.00583	0.00322	0.00207	0.00628
19	0.01043	0.00966	0.01500	0.05639	0.50294	0.01008	0.04494	0.04436	0.19557	0.01504	0.01087	0.02844	0.00896	0.00468	0.00434	0.00134	0.00470	0.02300	0.00277	0.00650
20	0.00813	0.00766	0.01294	0.80827	0.06051	0.00948	0.01187	0.01096	0.00855	0.01099	0.00758	0.01131	0.00571	0.00424	0.00425	0.00141	0.00565	0.00378	0.00190	0.00481
21	0.01073	0.02589	0.11373	0.13075	0.43342	0.04367	0.07287	0.02228	0.03054	0.06263	0.00865	0.01072	0.00673	0.00404	0.00423	0.00130	0.00541	0.00379	0.00231	0.00628
22	0.00676	0.00626	0.00749	0.00689	0.01882	0.04097	0.07788	0.00938	0.10237	0.01253	0.05123	0.09330	0.50321	0.00935	0.00495	0.00146	0.00311	0.03602	0.00375	0.00426
23	0.00608	0.00454	0.00672	0.00672	0.00744	0.00525	0.00517	0.00752	0.00680	0.00979	0.01151	0.01733	0.01090	0.07700	0.78888	0.00669	0.01100	0.00465	0.00230	0.00373
24	0.01160	0.81108	0.02178	0.00747	0.01103	0.05796	0.00733	0.01296	0.00882	0.01003	0.00595	0.00687	0.00546	0.00368	0.00279	0.00092	0.00471	0.00230	0.00184	0.00543
25	0.01003	0.00882	0.01585	0.36267	0.12788	0.00946	0.21417	0.01307	0.03424	0.09606	0.00966	0.03364	0.00751	0.00456	0.00473	0.00142	0.02543	0.01278	0.00248	0.00553
26	0.02303	0.00589	0.00826	0.08659	0.00998	0.00724	0.00632	0.02005	0.00733	0.01104	0.01015	0.01508	0.00933	0.07607	0.40670	0.00425	0.17960	0.00430	0.10472	0.00406
27	0.88052	0.00823	0.00625	0.00560	0.00823	0.00955	0.00461	0.01251	0.00724	0.01909	0.00592	0.00691	0.00461	0.00395	0.00263	0.00132	0.00329	0.00230	0.00263	0.00461
28	0.00912	0.05378	0.56993	0.02699	0.01604	0.00980	0.01303	0.01295	0.00897	0.06110	0.04631	0.02691	0.00791	0.00547	0.02310	0.00151	0.09533	0.00367	0.00220	0.00589
29	0.00901	0.14654	0.65075	0.01129	0.01702	0.01077	0.03436	0.01325	0.00895	0.01297	0.00740	0.00872	0.00547	0.00393	0.00383	0.00125	0.00591	0.00303	0.00184	0.04368
30	0.70348	0.00820	0.00639	0.00572	0.00817	0.04428	0.00464	0.01275	0.00786	0.05316	0.00736	0.00832	0.00564	0.00414	0.00280	0.00127	0.00334	0.00260	0.10520	0.00466
31	0.04313	0.00406	0.00515	0.00575	0.00629	0.00385	0.00398	0.00669	0.00903	0.01264	0.20456	0.60932	0.04622	0.01182	0.00521	0.00162	0.00239	0.01061	0.00406	0.00364
32	0.01094	0.01137	0.06169	0.02295	0.61721	0.04667	0.09812	0.04064	0.01019	0.02739	0.00820	0.01048	0.00666	0.00388	0.00428	0.00128	0.00543	0.00385	0.00222	0.00655
33	0.06468	0.04618	0.07824	0.07101	0.17928	0.08114	0.32800	0.02667	0.00988	0.02555	0.00800	0.01021	0.00621	0.00383	0.00429	0.00130	0.00602	0.00394	0.00222	0.04337
34	0.10425	0.06426	0.06187	0.07460	0.01319	0.02561	0.07831	0.04051	0.00849	0.05255	0.00889	0.02518	0.00810	0.03980	0.01921	0.00174	0.30016	0.06587	0.00245	0.00496
35	0.27937	0.02273	0.04575	0.10618	0.04433	0.00972	0.15895	0.03617	0.00897	0.08500	0.00794	0.00964	0.00603	0.00431	0.00466	0.00133	0.08139	0.00344	0.00258	0.08152

[dist]
# distance from previous block
# <min> <max>
3	19

[block]
# block no. 2 follows, 62 sequences, length 14
# corresponding to MSA columns:
# 175-188
name=unknown_C
#
# <colnr> <probs for GDERKNQSTAVLIFYWHMCP>
#	G	D	E	R	K	N	Q	S	T	A	V	L	I	F	Y	W	H	M	C	P
0	0.13263	0.37614	0.01539	0.02593	0.01089	0.01271	0.02778	0.02843	0.00847	0.03568	0.00839	0.01291	0.00794	0.03241	0.00593	0.00140	0.16143	0.08816	0.00235	0.00501
1	0.09003	0.21065	0.01195	0.00715	0.01021	0.15276	0.00596	0.02781	0.00962	0.01302	0.04318	0.01151	0.07242	0.00443	0.00337	0.00095	0.00419	0.00324	0.00254	0.31501
2	0.06194	0.00562	0.00620	0.00541	0.00681	0.00521	0.00373	0.03824	0.00778	0.01143	0.01321	0.02220	0.05737	0.46989	0.01352	0.00270	0.00372	0.02902	0.00275	0.23325
3	0.04057	0.04431	0.02545	0.00917	0.01171	0.07006	0.10815	0.22402	0.01206	0.15728	0.01131	0.01521	0.00947	0.19631	0.00845	0.00195	0.02914	0.01649	0.00337	0.00552
4	0.01303	0.46247	0.01811	0.00875	0.01203	0.04877	0.02402	0.28275	0.01253	0.01581	0.00743	0.00826	0.00609	0.00441	0.00406	0.00111	0.05872	0.00297	0.00267	0.00599
5	0.00587	0.00430	0.00489	0.00497	0.00561	0.00399	0.00329	0.00648	0.00781	0.01010	0.03861	0.14009	0.23735	0.41839	0.01313	0.00278	0.00328	0.04973	0.00324	0.03612
6	0.00619	0.00413	0.00464	0.00464	0.00464	0.00413	0.00258	0.00619	0.00619	0.00825	0.01341	0.02785	0.01547	0.85046	0.02166	0.00413	0.00413	0.00619	0.00258	0.00258
7	0.45329	0.01066	0.06782	0.00767	0.01083	0.04467	0.00670	0.23790	0.01165	0.10038	0.00836	0.00877	0.00603	0.00443	0.00340	0.00130	0.00411	0.00301	0.00327	0.00574
8	0.08711	0.34317	0.01717	0.18095	0.01596	0.06289	0.11124	0.06214	0.00945	0.01246	0.00722	0.00955	0.00609	0.03935	0.00447	0.00130	0.01885	0.00326	0.00216	0.00522
9	0.00619	0.00419	0.00479	0.00486	0.00498	0.00416	0.00291	0.00637	0.00658	0.00869	0.01514	0.02977	0.04549	0.75957	0.01992	0.00387	0.00404	0.06305	0.00272	0.00271
10	0.26993	0.02454	0.00635	0.00561	0.00681	0.05361	0.00390	0.03854	0.00755	0.03352	0.01059	0.01898	0.01100	0.47769	0.01345	0.00287	0.00409	0.00461	0.00269	0.00367
11	0.48472	0.00705	0.00706	0.03652	0.00853	0.00800	0.03649	0.01032	0.00702	0.01459	0.00852	0.01421	0.00831	0.28031	0.00957	0.00227	0.04619	0.00381	0.00253	0.00400
12	0.49816	0.00810	0.00802	0.00702	0.00909	0.00936	0.01789	0.08746	0.00865	0.03367	0.00857	0.01293	0.00771	0.08049	0.00622	0.00167	0.10765	0.06643	0.00283	0.01807
13	0.39410	0.00686	0.00699	0.07872	0.02912	0.00782	0.00502	0.02488	0.02180	0.01402	0.00911	0.01533	0.00895	0.31208	0.01031	0.00237	0.04191	0.00402	0.00256	0.00402

[dist]
# distance from previous block
# <min> <max>
1	11

[block]
# block no. 3 follows, 62 sequences, length 40
# corresponding to MSA columns:
# 206-245
name=unknown_D
#
# <colnr> <probs for GDERKNQSTAVLIFYWHMCP>
#	G	D	E	R	K	N	Q	S	T	A	V	L	I	F	Y	W	H	M	C	P
0	0.07195	0.03017	0.12971	0.15491	0.03170	0.07976	0.15051	0.06129	0.00978	0.03397	0.00778	0.00977	0.00600	0.00422	0.00472	0.00126	0.06710	0.00350	0.00233	0.13958
1	0.27596	0.05435	0.16254	0.03696	0.05456	0.05622	0.16784	0.02906	0.00940	0.10348	0.00822	0.00944	0.00604	0.00407	0.00378	0.00131	0.00514	0.00338	0.00259	0.00565
2	0.00818	0.00881	0.10729	0.04873	0.07353	0.00752	0.08821	0.02455	0.12466	0.03132	0.18892	0.02287	0.18377	0.00695	0.00505	0.00141	0.03662	0.02303	0.00344	0.00514
3	0.00883	0.00799	0.01164	0.31310	0.04777	0.03443	0.06558	0.01109	0.00911	0.03513	0.06476	0.05642	0.00966	0.00482	0.00451	0.00120	0.04181	0.00418	0.00251	0.26546
4	0.00902	0.00860	0.01453	0.50506	0.30049	0.00981	0.03063	0.01195	0.02787	0.01212	0.00793	0.01113	0.00623	0.00418	0.00447	0.00138	0.02326	0.00384	0.00203	0.00549
5	0.88052	0.00823	0.00625	0.00560	0.00823	0.00955	0.00461	0.01251	0.00724	0.01909	0.00592	0.00691	0.00461	0.00395	0.00263	0.00132	0.00329	0.00230	0.00263	0.00461
6	0.05999	0.14775	0.02469	0.00732	0.01072	0.02322	0.00626	0.07606	0.00998	0.12481	0.00854	0.00928	0.00665	0.00399	0.00392	0.00095	0.05049	0.00289	0.00287	0.41963
7	0.03425	0.39055	0.03667	0.00848	0.01167	0.10967	0.00759	0.17302	0.10527	0.03214	0.00923	0.01080	0.00767	0.00470	0.00356	0.00115	0.00477	0.04012	0.00283	0.00587
8	0.00685	0.00501	0.00632	0.00669	0.04337	0.00467	0.00493	0.03336	0.01067	0.04564	0.25956	0.08529	0.28207	0.02213	0.00537	0.00155	0.00278	0.16547	0.00412	0.00415
9	0.00898	0.01087	0.21149	0.00925	0.04946	0.04618	0.03933	0.01287	0.11683	0.08052	0.19088	0.03501	0.14051	0.00710	0.02063	0.00147	0.00420	0.00560	0.00346	0.00536
10	0.00658	0.00505	0.00691	0.00669	0.00781	0.00490	0.04332	0.00895	0.06016	0.01432	0.35941	0.10001	0.07793	0.07983	0.00661	0.00177	0.00303	0.19860	0.00407	0.00405
11	0.04459	0.36740	0.07140	0.11116	0.11641	0.08309	0.04637	0.02255	0.00940	0.01206	0.04595	0.00958	0.00737	0.00408	0.00353	0.00112	0.00504	0.00316	0.00213	0.03361
12	0.00634	0.00501	0.04397	0.00618	0.00713	0.00415	0.00475	0.00768	0.00938	0.05160	0.19663	0.46009	0.07424	0.03758	0.00574	0.00168	0.00274	0.06719	0.00403	0.00391
13	0.07659	0.15579	0.28894	0.01029	0.05125	0.04237	0.04820	0.04327	0.01580	0.02851	0.01573	0.01048	0.00692	0.03701	0.06698	0.03074	0.03013	0.00338	0.01038	0.02722
14	0.00693	0.00463	0.00576	0.00546	0.00670	0.00421	0.00409	0.00881	0.03092	0.08328	0.47892	0.11966	0.20592	0.00929	0.00499	0.00140	0.00226	0.00809	0.00449	0.00420
15	0.01163	0.08790	0.04158	0.00840	0.01158	0.01061	0.00706	0.18875	0.35789	0.03706	0.01239	0.01210	0.00936	0.00483	0.00392	0.00119	0.00383	0.00383	0.00364	0.18245
16	0.00521	0.00374	0.00490	0.00581	0.00610	0.00348	0.00387	0.00594	0.00815	0.01081	0.02400	0.78533	0.06305	0.04025	0.00594	0.00179	0.00251	0.01177	0.00391	0.00343
17	0.00996	0.01634	0.47579	0.19361	0.05750	0.00996	0.01337	0.10111	0.01031	0.06021	0.00844	0.01002	0.00601	0.00426	0.00413	0.00135	0.00577	0.00345	0.00230	0.00613
18	0.01060	0.46941	0.28036	0.00952	0.01394	0.03065	0.04750	0.05125	0.00939	0.01211	0.00694	0.00815	0.00569	0.00451	0.02271	0.00123	0.00546	0.00282	0.00196	0.00578
19	0.00572	0.00400	0.00493	0.00535	0.00564	0.00383	0.00347	0.00635	0.00787	0.01054	0.10289	0.37924	0.05354	0.34850	0.01190	0.00265	0.00312	0.03380	0.00347	0.00318
20	0.00608	0.00453	0.00672	0.00672	0.00743	0.00525	0.00517	0.00752	0.00680	0.00979	0.01151	0.01734	0.01091	0.07778	0.78810	0.00669	0.01099	0.00465	0.00230	0.00373
21	0.01310	0.01306	0.01093	0.04688	0.03806	0.32097	0.00771	0.16910	0.14604	0.04034	0.02826	0.03977	0.04014	0.00586	0.00430	0.00131	0.00535	0.05987	0.00331	0.00561
22	0.88052	0.00823	0.00625	0.00560	0.00823	0.00955	0.00461	0.01251	0.00724	0.01909	0.00592	0.00691	0.00461	0.00395	0.00263	0.00132	0.00329	0.00230	0.00263	0.00461
23	0.12740	0.05733	0.01246	0.17961	0.11406	0.19950	0.02509	0.05159	0.01967	0.11822	0.00932	0.01062	0.02579	0.00457	0.00415	0.00128	0.02764	0.00349	0.00271	0.00550
24	0.01013	0.03047	0.09295	0.00818	0.02550	0.05426	0.01975	0.17531	0.14295	0.02909	0.01470	0.01902	0.08131	0.26675	0.00964	0.00219	0.00443	0.00503	0.00324	0.00509
25	0.00693	0.00517	0.00631	0.00635	0.02473	0.00511	0.00461	0.00953	0.10368	0.04250	0.27419	0.14429	0.19342	0.07983	0.00662	0.00171	0.02337	0.05336	0.00406	0.00423
26	0.00918	0.07603	0.57913	0.04302	0.08772	0.02163	0.02932	0.01409	0.07529	0.01350	0.00835	0.00965	0.00617	0.00414	0.00402	0.00132	0.00584	0.00333	0.00205	0.00622
27	0.00579	0.00421	0.00494	0.00490	0.00558	0.00392	0.00331	0.00676	0.00909	0.01213	0.29113	0.09574	0.20635	0.31497	0.01109	0.00240	0.00284	0.00778	0.00370	0.00336
28	0.00921	0.07034	0.15392	0.01005	0.06181	0.02733	0.07213	0.04726	0.12686	0.03093	0.13952	0.03288	0.04809	0.00691	0.00567	0.07492	0.02022	0.05359	0.00312	0.00524
29	0.00678	0.00569	0.00862	0.37086	0.01636	0.00641	0.00742	0.00858	0.00894	0.01175	0.15332	0.13966	0.12259	0.00908	0.04240	0.05400	0.01420	0.00636	0.00295	0.00406
30	0.01126	0.06575	0.26037	0.01102	0.04969	0.22863	0.04555	0.06882	0.01909	0.02774	0.02038	0.02210	0.02417	0.00622	0.05640	0.00155	0.00624	0.00354	0.00239	0.06908
31	0.00956	0.00896	0.01507	0.14277	0.59818	0.00921	0.01177	0.01200	0.00956	0.01342	0.04829	0.05231	0.00988	0.00485	0.00438	0.00134	0.00483	0.03521	0.00236	0.00605
32	0.02545	0.01142	0.01470	0.06319	0.05439	0.17896	0.23076	0.03385	0.01026	0.03923	0.00859	0.01128	0.00700	0.00409	0.00410	0.00113	0.00554	0.03438	0.00248	0.25920
33	0.00734	0.04612	0.02088	0.04751	0.01006	0.03850	0.08777	0.00936	0.01079	0.01467	0.46625	0.04723	0.08245	0.00779	0.00539	0.00139	0.05346	0.03493	0.00375	0.00435
34	0.00783	0.03876	0.04504	0.00604	0.00783	0.00517	0.00497	0.00959	0.03362	0.12325	0.08521	0.16800	0.33317	0.01060	0.04977	0.00174	0.00331	0.03986	0.00389	0.02235
35	0.00892	0.00679	0.02405	0.05485	0.29762	0.00674	0.00737	0.01128	0.01771	0.01481	0.01127	0.01352	0.00900	0.00454	0.00367	0.00113	0.01568	0.00389	0.48208	0.00507
36	0.01034	0.15484	0.21844	0.00954	0.01366	0.01009	0.07800	0.04885	0.06107	0.06045	0.00857	0.00962	0.00662	0.00408	0.00417	0.00111	0.04494	0.00321	0.00251	0.24989
37	0.01382	0.04816	0.06972	0.00872	0.03100	0.00836	0.00739	0.03165	0.09748	0.39744	0.05327	0.01493	0.04138	0.00682	0.03787	0.00160	0.11573	0.00442	0.00401	0.00625
38	0.00976	0.00649	0.00764	0.00765	0.09382	0.00633	0.00522	0.12919	0.01068	0.02919	0.01162	0.01317	0.00909	0.00454	0.00335	0.00100	0.00294	0.00367	0.48252	0.16213
39	0.42140	0.11170	0.12580	0.05468	0.04206	0.01104	0.02623	0.01228	0.00777	0.01510	0.00634	0.00804	0.00515	0.00446	0.00477	0.00136	0.13170	0.00283	0.00223	0.00506

[dist]
# distance from previous block
# <min> <max>
7	24

[block]
# block no. 4 follows, 62 sequences, length 10
# corresponding to MSA columns:
# 270-279
name=unknown_E
#
# <colnr> <probs for GDERKNQSTAVLIFYWHMCP>
#	G	D	E	R	K	N	Q	S	T	A	V	L	I	F	Y	W	H	M	C	P
0	0.00890	0.00855	0.01182	0.02897	0.01206	0.09852	0.18473	0.01135	0.04564	0.03254	0.24063	0.02289	0.06435	0.04741	0.00653	0.00159	0.08162	0.08395	0.00330	0.00467
1	0.00786	0.01349	0.37378	0.16237	0.07269	0.00828	0.04723	0.01131	0.00948	0.01324	0.11684	0.01677	0.11771	0.00553	0.00439	0.00137	0.00504	0.00474	0.00251	0.00536
2	0.00616	0.00472	0.00577	0.00599	0.00713	0.00448	0.00474	0.00835	0.05782	0.01366	0.24395	0.10981	0.26777	0.01042	0.00526	0.00158	0.00271	0.23154	0.00416	0.00397
3	0.04748	0.00744	0.01278	0.13802	0.14212	0.00758	0.17734	0.01046	0.00969	0.01369	0.19055	0.05881	0.04892	0.00831	0.07324	0.00186	0.00508	0.03881	0.00293	0.00488
4	0.00957	0.00930	0.05081	0.15605	0.16709	0.00995	0.00923	0.01618	0.35596	0.01498	0.07555	0.01446	0.01170	0.00542	0.00513	0.00143	0.07352	0.00450	0.00319	0.00598
5	0.00902	0.00943	0.06924	0.18224	0.07769	0.02763	0.10356	0.01178	0.05730	0.03682	0.04071	0.07882	0.05243	0.00627	0.00693	0.00153	0.21597	0.00499	0.00255	0.00510
6	0.00986	0.01049	0.01889	0.07938	0.01891	0.06723	0.48293	0.03305	0.01015	0.01333	0.01055	0.01686	0.00922	0.00510	0.00507	0.00146	0.02212	0.13171	0.00249	0.05121
7	0.00551	0.00409	0.00519	0.00581	0.00651	0.00377	0.00425	0.00667	0.00921	0.01206	0.12825	0.45824	0.19173	0.01198	0.00536	0.00165	0.00257	0.12947	0.00404	0.00362
8	0.54553	0.00750	0.00712	0.00616	0.00868	0.00805	0.00500	0.01402	0.00859	0.23026	0.01017	0.01251	0.00797	0.06754	0.00464	0.00156	0.00347	0.04276	0.00339	0.00511
9	0.00941	0.00797	0.00926	0.00684	0.01036	0.04046	0.03484	0.01125	0.00925	0.05610	0.01083	0.01169	0.07050	0.00393	0.00346	0.00078	0.00344	0.00322	0.00275	0.69366

[dist]
# distance from previous block
# <min> <max>
0	1

[block]
# block no. 5 follows, 62 sequences, length 7
# corresponding to MSA columns:
# 281-287
name=unknown_F
#
# <colnr> <probs for GDERKNQSTAVLIFYWHMCP>
#	G	D	E	R	K	N	Q	S	T	A	V	L	I	F	Y	W	H	M	C	P
0	0.00715	0.00598	0.00927	0.28366	0.01541	0.00650	0.05429	0.00908	0.00877	0.01130	0.01721	0.02967	0.09230	0.14847	0.00784	0.00206	0.00456	0.27954	0.00292	0.00404
1	0.00629	0.00454	0.00553	0.04665	0.00667	0.00471	0.00368	0.00721	0.03242	0.00959	0.04943	0.02646	0.09175	0.54989	0.13426	0.00392	0.00494	0.00612	0.00277	0.00315
2	0.01061	0.01092	0.02208	0.01606	0.02004	0.01049	0.65120	0.01529	0.12467	0.05820	0.01029	0.01226	0.00760	0.00399	0.00488	0.00143	0.00644	0.00495	0.00263	0.00596
3	0.00951	0.01007	0.01599	0.01286	0.01552	0.12521	0.38185	0.01202	0.01011	0.01269	0.01382	0.08374	0.01362	0.00700	0.00515	0.00157	0.00587	0.25566	0.00285	0.00488
4	0.00857	0.00586	0.00704	0.00668	0.00816	0.00593	0.00525	0.05197	0.13771	0.09135	0.15837	0.03043	0.13226	0.11942	0.03397	0.00204	0.00354	0.18278	0.00404	0.00464
5	0.01016	0.01107	0.02004	0.09075	0.01987	0.05867	0.51294	0.01420	0.09790	0.01341	0.00909	0.01147	0.00697	0.00420	0.00539	0.00142	0.06768	0.00456	0.00236	0.03785
6	0.00861	0.01026	0.15950	0.01221	0.08450	0.00813	0.16637	0.03321	0.06440	0.01409	0.06720	0.02541	0.01532	0.00719	0.00522	0.00159	0.02424	0.28423	0.00307	0.00525

[dist]
# distance from previous block
# <min> <max>
1	14

[block]
# block no. 6 follows, 62 sequences, length 58
# corresponding to MSA columns:
# 302-359
name=unknown_G
#
# <colnr> <probs for GDERKNQSTAVLIFYWHMCP>
#	G	D	E	R	K	N	Q	S	T	A	V	L	I	F	Y	W	H	M	C	P
0	0.00845	0.00810	0.07945	0.07291	0.19105	0.00683	0.00789	0.03819	0.01078	0.04255	0.32173	0.02009	0.06142	0.00611	0.00443	0.00125	0.00361	0.00537	0.00338	0.10643
1	0.00793	0.00397	0.00397	0.00397	0.00496	0.00397	0.00297	0.00991	0.00892	0.01586	0.01388	0.01586	0.01091	0.00496	0.00297	0.00099	0.00198	0.00397	0.87408	0.00397
2	0.02735	0.31001	0.06220	0.00942	0.08067	0.04473	0.00772	0.05595	0.07231	0.02972	0.00797	0.00894	0.00655	0.00400	0.00371	0.00101	0.03332	0.00291	0.00245	0.22907
3	0.00934	0.04872	0.25107	0.01118	0.06678	0.00908	0.09452	0.01305	0.07605	0.06952	0.19837	0.01554	0.01468	0.00564	0.00545	0.00139	0.09632	0.00468	0.00298	0.00562
4	0.00793	0.00397	0.00397	0.00397	0.00496	0.00397	0.00297	0.00991	0.00892	0.01586	0.01388	0.01586	0.01091	0.00496	0.00297	0.00099	0.00198	0.00397	0.87408	0.00397
5	0.03174	0.05314	0.01165	0.00952	0.06684	0.00940	0.00730	0.03274	0.00854	0.05814	0.00738	0.00931	0.00626	0.00487	0.00695	0.00118	0.28830	0.00313	0.00243	0.38118
6	0.45866	0.01310	0.00902	0.01769	0.01072	0.33706	0.00632	0.04221	0.00983	0.05149	0.00683	0.00772	0.00532	0.00422	0.00326	0.00123	0.00512	0.00263	0.00262	0.00495
7	0.00887	0.00976	0.13264	0.01051	0.08035	0.04235	0.10241	0.03271	0.02716	0.05478	0.34716	0.02013	0.04224	0.00645	0.00530	0.00137	0.06162	0.00560	0.00343	0.00516
8	0.04472	0.00909	0.01498	0.26561	0.51208	0.00973	0.01198	0.01247	0.02778	0.01333	0.02010	0.01165	0.00725	0.00418	0.00420	0.00133	0.00507	0.01631	0.00218	0.00597
9	0.00623	0.00468	0.00573	0.00574	0.00663	0.00462	0.00413	0.00859	0.09132	0.01358	0.32048	0.21306	0.11026	0.11490	0.05912	0.00214	0.00314	0.01772	0.00399	0.00393
10	0.00759	0.00736	0.10553	0.03531	0.03590	0.00578	0.00629	0.04217	0.04315	0.05041	0.49935	0.04804	0.08081	0.00769	0.00477	0.00136	0.00300	0.00668	0.00409	0.00473
11	0.01050	0.03480	0.06885	0.35679	0.10189	0.19129	0.09729	0.02159	0.03468	0.01201	0.01732	0.01053	0.00645	0.00423	0.00419	0.00131	0.00607	0.00367	0.00214	0.01440
12	0.10228	0.01543	0.40867	0.01482	0.23974	0.00986	0.01261	0.03472	0.03727	0.01477	0.04229	0.01044	0.00747	0.00434	0.00426	0.00134	0.02780	0.00352	0.00225	0.00614
13	0.08716	0.04429	0.26026	0.06237	0.01489	0.07869	0.07393	0.05602	0.06054	0.04719	0.06699	0.01234	0.00929	0.00470	0.00402	0.00127	0.00509	0.02495	0.00269	0.08330
14	0.01006	0.01088	0.14335	0.21973	0.12023	0.04602	0.04098	0.03949	0.08278	0.07852	0.05413	0.01273	0.00912	0.00674	0.06327	0.00176	0.04780	0.00408	0.00267	0.00564
15	0.00929	0.00933	0.07328	0.00946	0.04537	0.03620	0.07616	0.06772	0.23457	0.01461	0.06030	0.05607	0.06597	0.12189	0.00727	0.00175	0.04603	0.00530	0.00328	0.05614
16	0.00600	0.00451	0.00579	0.00607	0.00663	0.00462	0.00434	0.00739	0.03742	0.01158	0.12908	0.35624	0.08659	0.13919	0.09169	0.00254	0.04377	0.04933	0.00359	0.00364
17	0.01079	0.06404	0.31157	0.01085	0.01497	0.01072	0.08727	0.07826	0.24827	0.07019	0.01122	0.01161	0.00824	0.00478	0.00457	0.00137	0.03797	0.00392	0.00301	0.00639
18	0.00563	0.00420	0.00521	0.00526	0.00616	0.00381	0.00382	0.00710	0.01047	0.01417	0.44240	0.21550	0.20640	0.03425	0.00560	0.00153	0.00223	0.01820	0.00429	0.00376
19	0.01020	0.18762	0.33626	0.03870	0.03438	0.08363	0.03712	0.05158	0.05386	0.01308	0.02964	0.01000	0.00714	0.00555	0.03780	0.00149	0.05060	0.00336	0.00221	0.00576
20	0.00545	0.00431	0.00491	0.00480	0.00602	0.00376	0.00358	0.00691	0.01063	0.01381	0.36845	0.06304	0.46923	0.00999	0.00504	0.00140	0.00210	0.00854	0.00426	0.00376
21	0.00912	0.08186	0.60300	0.01170	0.04928	0.00987	0.03331	0.01324	0.00906	0.03002	0.00773	0.00904	0.00569	0.00391	0.00388	0.00123	0.00571	0.00310	0.00198	0.10729
22	0.00939	0.00820	0.01269	0.17924	0.16988	0.00770	0.08899	0.01176	0.00944	0.05131	0.06709	0.01185	0.00892	0.00404	0.00395	0.00107	0.00437	0.00373	0.00256	0.34384
23	0.88052	0.00823	0.00625	0.00560	0.00823	0.00955	0.00461	0.01251	0.00724	0.01909	0.00592	0.00691	0.00461	0.00395	0.00263	0.00132	0.00329	0.00230	0.00263	0.00461
24	0.01100	0.00628	0.00871	0.00802	0.00996	0.00606	0.03869	0.04947	0.04967	0.24877	0.09642	0.04898	0.01999	0.00871	0.00514	0.00163	0.00376	0.36917	0.00435	0.00523
25	0.02699	0.05765	0.04879	0.09870	0.08411	0.00788	0.06156	0.03183	0.02021	0.08650	0.07979	0.01191	0.00961	0.00419	0.00380	0.00104	0.00407	0.00362	0.00282	0.35494
26	0.01043	0.37656	0.11874	0.17431	0.08229	0.05814	0.04359	0.02948	0.00925	0.01161	0.02332	0.00917	0.00638	0.00409	0.00384	0.00117	0.02702	0.00312	0.00200	0.00549
27	0.65382	0.13778	0.04242	0.00644	0.00937	0.05217	0.00569	0.01996	0.00793	0.02465	0.00617	0.00712	0.00489	0.00395	0.00280	0.00124	0.00384	0.00239	0.00249	0.00487
28	0.01009	0.00931	0.02549	0.01226	0.04310	0.00976	0.26977	0.12506	0.03894	0.03641	0.03726	0.02705	0.02736	0.07175	0.04026	0.00193	0.14913	0.05691	0.00285	0.00532
29	0.00868	0.01448	0.38351	0.16756	0.04400	0.00932	0.08541	0.01340	0.09604	0.01358	0.03981	0.01315	0.01701	0.00473	0.00429	0.00137	0.00548	0.03497	0.00237	0.04086
30	0.00707	0.04000	0.05699	0.00736	0.00921	0.00648	0.07080	0.02888	0.06043	0.01334	0.19001	0.05586	0.25170	0.01189	0.13492	0.00226	0.03833	0.00660	0.00343	0.00444
31	0.00858	0.00706	0.00844	0.09412	0.03784	0.02876	0.00605	0.04688	0.15728	0.03726	0.25206	0.04725	0.10190	0.00667	0.00442	0.00127	0.00326	0.00570	0.00374	0.14146
32	0.00612	0.00428	0.00523	0.03783	0.00613	0.00440	0.00341	0.00651	0.00664	0.00888	0.01476	0.09718	0.04154	0.62101	0.11510	0.00405	0.00484	0.00650	0.00268	0.00292
33	0.00801	0.03517	0.33900	0.01918	0.01234	0.00803	0.00941	0.05502	0.04679	0.01367	0.11566	0.04977	0.10808	0.05658	0.05513	0.01171	0.04337	0.00514	0.00283	0.00512
34	0.39954	0.02356	0.13147	0.00827	0.01146	0.20743	0.00749	0.04507	0.00973	0.10936	0.00775	0.00840	0.00573	0.00426	0.00339	0.00126	0.00490	0.00282	0.00276	0.00535
35	0.00894	0.11450	0.70395	0.01218	0.05160	0.01067	0.01466	0.01338	0.00898	0.01311	0.00746	0.00881	0.00545	0.00399	0.00390	0.00130	0.00604	0.00307	0.00181	0.00621
36	0.52577	0.00818	0.00796	0.00658	0.00949	0.00872	0.00542	0.07579	0.00987	0.29080	0.00990	0.00970	0.00680	0.00448	0.00331	0.00131	0.00351	0.00308	0.00364	0.00569
37	0.00998	0.44359	0.41946	0.00967	0.01461	0.01341	0.01144	0.01310	0.00881	0.01172	0.00676	0.00789	0.00543	0.00384	0.00338	0.00113	0.00541	0.00270	0.00181	0.00587
38	0.00939	0.01345	0.32603	0.01057	0.07850	0.00784	0.03611	0.01255	0.00916	0.05342	0.00811	0.00938	0.00620	0.00366	0.00370	0.00102	0.00467	0.00303	0.00233	0.40089
39	0.06698	0.00974	0.01179	0.02753	0.04318	0.04412	0.03554	0.25045	0.01163	0.04242	0.01162	0.02868	0.08187	0.00723	0.03534	0.00168	0.27732	0.00436	0.00302	0.00549
40	0.00718	0.00604	0.00689	0.00559	0.00815	0.00481	0.00436	0.00893	0.01991	0.01342	0.11135	0.04183	0.27738	0.00665	0.00408	0.00103	0.00269	0.01581	0.00331	0.45061
41	0.06918	0.65626	0.12446	0.00794	0.01180	0.04835	0.00823	0.01299	0.00873	0.01108	0.00616	0.00714	0.00540	0.00374	0.00294	0.00100	0.00482	0.00241	0.00189	0.00549
42	0.40306	0.00631	0.00639	0.00607	0.00750	0.00717	0.00467	0.00988	0.03412	0.01387	0.00914	0.04812	0.00869	0.06436	0.12255	0.17865	0.03197	0.03111	0.00255	0.00381
43	0.00853	0.09677	0.46224	0.00940	0.01382	0.00894	0.01093	0.03166	0.03615	0.03566	0.10807	0.01662	0.13236	0.00567	0.00420	0.00132	0.00480	0.00457	0.00269	0.00560
44	0.01380	0.00751	0.00946	0.00705	0.01052	0.00621	0.00575	0.02658	0.01052	0.39935	0.01193	0.01154	0.00831	0.00427	0.00393	0.00099	0.02093	0.00340	0.00383	0.43413
45	0.88052	0.00823	0.00625	0.00560	0.00823	0.00955	0.00461	0.01251	0.00724	0.01909	0.00592	0.00691	0.00461	0.00395	0.00263	0.00132	0.00329	0.00230	0.00263	0.00461
46	0.01178	0.77785	0.02137	0.00761	0.01112	0.09055	0.00737	0.01312	0.00895	0.01005	0.00598	0.00690	0.00546	0.00371	0.00283	0.00093	0.00483	0.00232	0.00185	0.00541
47	0.00531	0.00385	0.00502	0.00573	0.00618	0.00356	0.00392	0.00629	0.00889	0.01193	0.15726	0.66327	0.07823	0.01241	0.00534	0.00165	0.00237	0.01118	0.00407	0.00356
48	0.00696	0.00600	0.00875	0.12756	0.16736	0.00609	0.00686	0.00881	0.00990	0.01328	0.23982	0.09208	0.22385	0.00852	0.02259	0.00153	0.02584	0.01630	0.00341	0.00450
49	0.00581	0.00417	0.00496	0.00499	0.00558	0.00391	0.00333	0.00673	0.00890	0.01196	0.27950	0.14222	0.15528	0.33092	0.01143	0.00247	0.00290	0.00792	0.00366	0.00332
50	0.00862	0.00844	0.04354	0.30807	0.12220	0.02419	0.03423	0.03380	0.12976	0.01345	0.07930	0.06192	0.08501	0.00593	0.00467	0.00141	0.02219	0.00518	0.00288	0.00522
51	0.00527	0.00411	0.00472	0.00499	0.00593	0.00363	0.00355	0.00633	0.00940	0.01197	0.14798	0.29701	0.42383	0.04429	0.00581	0.00162	0.00231	0.00968	0.00400	0.00357
52	0.01013	0.04430	0.04334	0.18680	0.23946	0.06445	0.08990	0.05446	0.03016	0.03281	0.04866	0.04012	0.03790	0.00507	0.00489	0.00136	0.05362	0.00444	0.00253	0.00560
53	0.01034	0.01372	0.33404	0.01013	0.01421	0.00911	0.06677	0.06450	0.19711	0.10395	0.06705	0.01505	0.06423	0.00536	0.00435	0.00137	0.00473	0.00451	0.00327	0.00619
54	0.01137	0.02259	0.08791	0.07274	0.25698	0.00809	0.06551	0.01393	0.02693	0.21520	0.04269	0.10523	0.02063	0.00574	0.00447	0.00138	0.00451	0.02483	0.00325	0.00603
55	0.04603	0.04363	0.15008	0.07832	0.21306	0.00841	0.02507	0.01210	0.03078	0.03373	0.00955	0.08834	0.00844	0.00469	0.00392	0.00117	0.00444	0.00407	0.00247	0.23171
56	0.01027	0.06018	0.06911	0.00991	0.01183	0.03953	0.02806	0.03770	0.04006	0.05107	0.00738	0.00958	0.00630	0.00571	0.00881	0.00143	0.42429	0.00344	0.00234	0.17301
57	0.01971	0.09706	0.16721	0.01861	0.15118	0.03162	0.04320	0.08638	0.02102	0.10864	0.00890	0.00991	0.00674	0.00406	0.00394	0.00113	0.01549	0.00332	0.00271	0.19918

[dist]
# distance from previous block
# <min> <max>
1	20

[block]
# block no. 7 follows, 62 sequences, length 19
# corresponding to MSA columns:
# 380-383,387-391,394-403
name=unknown_H
#
# <colnr> <probs for GDERKNQSTAVLIFYWHMCP>
#	G	D	E	R	K	N	Q	S	T	A	V	L	I	F	Y	W	H	M	C	P
0	0.00632	0.00411	0.00491	0.00491	0.00496	0.00416	0.00291	0.00621	0.00616	0.00827	0.01254	0.02525	0.01415	0.69113	0.08008	0.10851	0.00460	0.00577	0.00247	0.00258
1	0.00852	0.01319	0.31364	0.38943	0.02205	0.02751	0.02288	0.01283	0.07905	0.01266	0.03440	0.02867	0.00776	0.00463	0.00423	0.00139	0.00558	0.00392	0.00221	0.00545
2	0.00804	0.00756	0.01276	0.84023	0.02931	0.00945	0.01182	0.01087	0.00851	0.01087	0.00756	0.01134	0.00567	0.00425	0.00425	0.00142	0.00567	0.00378	0.00189	0.00473
3	0.04455	0.04086	0.07864	0.34833	0.26504	0.00952	0.01112	0.01138	0.00886	0.01232	0.01044	0.03690	0.06337	0.00490	0.00455	0.00137	0.03609	0.00422	0.00218	0.00537
4	0.62180	0.07651	0.10479	0.00718	0.01036	0.02702	0.04205	0.01281	0.00796	0.02935	0.02394	0.00801	0.00572	0.00405	0.00301	0.00129	0.00398	0.00268	0.00252	0.00496
5	0.01244	0.41031	0.04071	0.03256	0.04365	0.18569	0.00812	0.11234	0.04391	0.01280	0.00771	0.03173	0.00669	0.00449	0.00377	0.00111	0.03089	0.00311	0.00238	0.00559
6	0.09657	0.54093	0.01805	0.00800	0.01119	0.11150	0.00731	0.10383	0.01011	0.01286	0.00647	0.00743	0.00559	0.00409	0.00351	0.00105	0.04121	0.00257	0.00222	0.00548
7	0.00517	0.00375	0.00489	0.00580	0.00614	0.00347	0.00389	0.00594	0.00827	0.01091	0.02501	0.78385	0.09097	0.01313	0.00540	0.00171	0.00244	0.01185	0.00395	0.00347
8	0.00678	0.00529	0.00754	0.04331	0.00876	0.00621	0.00578	0.03749	0.00754	0.01065	0.01231	0.09785	0.01231	0.08507	0.52704	0.00510	0.08503	0.02950	0.00253	0.00393
9	0.05555	0.00736	0.00915	0.09510	0.04485	0.00823	0.00679	0.01535	0.33444	0.08425	0.02452	0.01595	0.01101	0.00771	0.00717	0.18253	0.02949	0.05200	0.00337	0.00517
10	0.01239	0.01408	0.04868	0.14095	0.11900	0.33451	0.00937	0.04613	0.20562	0.01346	0.00969	0.01074	0.00755	0.00464	0.00409	0.00127	0.00582	0.00359	0.00271	0.00571
11	0.00713	0.01069	0.29248	0.00836	0.03188	0.00625	0.00844	0.00996	0.01016	0.02900	0.30597	0.07359	0.11254	0.00825	0.03010	0.00157	0.00402	0.04138	0.00339	0.00484
12	0.01066	0.00896	0.00927	0.00821	0.01046	0.05865	0.00639	0.02847	0.53921	0.06335	0.12148	0.01729	0.02933	0.00606	0.00460	0.00138	0.02518	0.00497	0.00416	0.04193
13	0.00510	0.00413	0.00453	0.00481	0.00589	0.00356	0.00346	0.00610	0.00929	0.01143	0.05487	0.27842	0.57061	0.01148	0.00515	0.00152	0.00224	0.00987	0.00397	0.00356
14	0.06870	0.01110	0.01151	0.00925	0.01231	0.02770	0.00751	0.53467	0.23181	0.02362	0.01178	0.01147	0.00858	0.00520	0.00417	0.00132	0.00430	0.00398	0.00414	0.00689
15	0.00569	0.00391	0.00519	0.00595	0.00639	0.00365	0.00409	0.00658	0.00851	0.03508	0.06530	0.71227	0.05597	0.01332	0.03146	0.00185	0.00277	0.02443	0.00397	0.00362
16	0.00957	0.03368	0.08452	0.16465	0.01506	0.05450	0.11116	0.04460	0.01919	0.09713	0.21984	0.07742	0.03798	0.00626	0.00457	0.00137	0.00446	0.00558	0.00332	0.00511
17	0.00973	0.20772	0.50080	0.01172	0.01699	0.02760	0.11922	0.03568	0.00942	0.01303	0.00743	0.00884	0.00560	0.00393	0.00388	0.00125	0.00600	0.00321	0.00193	0.00603
18	0.01886	0.00761	0.01010	0.00774	0.01104	0.00680	0.00640	0.08226	0.01279	0.76448	0.01627	0.01415	0.01028	0.00525	0.00428	0.00131	0.00370	0.00424	0.00519	0.00724

[dist]
# distance from previous block
# <min> <max>
3	4

[block]
# block no. 8 follows, 62 sequences, length 13
# corresponding to MSA columns:
# 408-420
name=unknown_I
#
# <colnr> <probs for GDERKNQSTAVLIFYWHMCP>
#	G	D	E	R	K	N	Q	S	T	A	V	L	I	F	Y	W	H	M	C	P
0	0.00658	0.00398	0.00494	0.00494	0.00494	0.00398	0.00294	0.00598	0.00598	0.00797	0.01144	0.02297	0.01283	0.57713	0.02001	0.28936	0.00398	0.00537	0.00234	0.00234
