[name]
unknown

[dist]
# distance from previous block
# <min> <max>
27	140

[block]
# block no. 0 follows, 52 sequences, length 93
# corresponding to MSA columns:
# 240-332
name=unknown_A
#
# <colnr> <probs for GDERKNQSTAVLIFYWHMCP>
#	G	D	E	R	K	N	Q	S	T	A	V	L	I	F	Y	W	H	M	C	P
0	0.01443	0.15659	0.12064	0.01360	0.06877	0.07502	0.12699	0.20312	0.04248	0.07338	0.01019	0.01133	0.00770	0.00513	0.00520	0.00145	0.04955	0.00413	0.00324	0.00708
1	0.01236	0.18364	0.18000	0.05816	0.01489	0.05926	0.00999	0.11111	0.02811	0.08385	0.07323	0.07460	0.04139	0.00661	0.00489	0.00147	0.02315	0.02349	0.00342	0.00636
2	0.09745	0.02520	0.15856	0.05785	0.10419	0.03648	0.05639	0.14078	0.10842	0.04452	0.01409	0.01533	0.06944	0.02448	0.02462	0.00174	0.00562	0.00474	0.00339	0.00671
3	0.06135	0.14640	0.21869	0.07243	0.01577	0.01770	0.06302	0.01951	0.00981	0.02018	0.01229	0.07303	0.03870	0.03272	0.06611	0.00209	0.05493	0.03777	0.00267	0.03480
4	0.05434	0.09379	0.14578	0.01104	0.05483	0.01056	0.04946	0.12560	0.06003	0.08623	0.09373	0.07436	0.03879	0.00717	0.00535	0.01910	0.01765	0.04203	0.00376	0.00640
5	0.01260	0.02974	0.17066	0.06695	0.17187	0.07538	0.08479	0.03906	0.01173	0.12384	0.06779	0.02985	0.01114	0.00658	0.03462	0.00172	0.02017	0.00476	0.01291	0.02386
6	0.02413	0.00642	0.03692	0.00789	0.00913	0.00654	0.00631	0.00959	0.00841	0.04602	0.01522	0.08833	0.04460	0.08606	0.50053	0.00564	0.05566	0.00600	0.00298	0.03361
7	0.01033	0.01097	0.09268	0.24827	0.03570	0.02933	0.12506	0.06750	0.05600	0.03111	0.01390	0.15585	0.03064	0.00697	0.00555	0.00164	0.03493	0.00625	0.00312	0.03421
8	0.02755	0.01147	0.08565	0.05760	0.09196	0.07028	0.09433	0.02869	0.09970	0.07416	0.01613	0.09937	0.07578	0.03229	0.00643	0.00169	0.06601	0.00594	0.02057	0.03441
9	0.00857	0.00723	0.06345	0.00811	0.00962	0.00693	0.00682	0.01074	0.02768	0.05869	0.01568	0.02164	0.05624	0.08278	0.41196	0.00495	0.06974	0.04216	0.07243	0.01458
10	0.00843	0.00707	0.02781	0.10657	0.05662	0.00687	0.07230	0.02554	0.01063	0.04630	0.09832	0.28748	0.08703	0.01210	0.06517	0.00219	0.01827	0.04151	0.01476	0.00503
11	0.04367	0.21824	0.16039	0.04676	0.03199	0.13687	0.06868	0.05230	0.08647	0.01494	0.02419	0.01741	0.00818	0.00522	0.00513	0.00143	0.06514	0.00388	0.00270	0.00640
12	0.01017	0.06439	0.14447	0.06715	0.03277	0.01007	0.18975	0.01459	0.10993	0.04098	0.04925	0.04857	0.05071	0.06905	0.04481	0.00212	0.00605	0.03597	0.00320	0.00601
13	0.00599	0.00438	0.00560	0.00643	0.00695	0.00403	0.00437	0.00700	0.00987	0.01305	0.09905	0.64080	0.13120	0.02889	0.00641	0.00193	0.00275	0.01275	0.00455	0.00400
14	0.01353	0.03115	0.17452	0.05826	0.07216	0.06145	0.11325	0.19001	0.08584	0.06688	0.01151	0.01272	0.01714	0.00577	0.01721	0.00161	0.03590	0.00445	0.00336	0.02330
15	0.07869	0.06766	0.12007	0.07074	0.05492	0.02834	0.07707	0.07369	0.05682	0.10039	0.08651	0.08852	0.04298	0.00675	0.00487	0.00155	0.00501	0.01832	0.01083	0.00627
16	0.01054	0.05517	0.01250	0.17038	0.07099	0.06839	0.01812	0.05832	0.09403	0.01406	0.01139	0.01555	0.00985	0.07442	0.18067	0.02826	0.06328	0.00467	0.03391	0.00549
17	0.01049	0.02729	0.07412	0.10149	0.17905	0.01004	0.07111	0.10103	0.05972	0.01651	0.03499	0.06507	0.12985	0.00770	0.02141	0.00172	0.03109	0.03124	0.01987	0.00621
18	0.02973	0.09859	0.16229	0.06784	0.07142	0.06304	0.10069	0.08033	0.01221	0.14233	0.04308	0.07253	0.01100	0.00588	0.00495	0.00150	0.01754	0.00502	0.00336	0.00667
19	0.01114	0.01494	0.24787	0.08498	0.03634	0.03676	0.11758	0.04355	0.10650	0.04368	0.01104	0.02942	0.00889	0.04199	0.02420	0.00191	0.12518	0.00473	0.00284	0.00645
20	0.00913	0.00488	0.00556	0.00547	0.00669	0.00472	0.00406	0.01099	0.01039	0.08117	0.06336	0.12410	0.07668	0.03668	0.05013	0.00182	0.00318	0.00651	0.48982	0.00466
21	0.02661	0.43506	0.06190	0.10806	0.04497	0.06583	0.04449	0.06826	0.02650	0.01384	0.00913	0.02437	0.02301	0.00494	0.00422	0.00129	0.02512	0.00365	0.00249	0.00625
22	0.06276	0.06679	0.05746	0.04636	0.06377	0.13696	0.04839	0.08003	0.07860	0.08585	0.08929	0.07421	0.01402	0.00725	0.02202	0.00165	0.03477	0.01999	0.00361	0.00623
23	0.00704	0.00483	0.00595	0.00630	0.00727	0.00438	0.00451	0.00824	0.01049	0.05737	0.12197	0.37633	0.24009	0.06943	0.00724	0.00200	0.00295	0.05478	0.00457	0.00425
24	0.00781	0.03616	0.02402	0.00826	0.03740	0.02217	0.03125	0.04239	0.02676	0.01417	0.07117	0.47427	0.07836	0.05363	0.00661	0.00190	0.00353	0.01043	0.04508	0.00463
25	0.04477	0.11569	0.18985	0.02292	0.08452	0.08141	0.11238	0.14724	0.01296	0.04840	0.04113	0.03125	0.00921	0.00534	0.00500	0.00147	0.03226	0.00439	0.00304	0.00677
26	0.01158	0.18753	0.17807	0.04395	0.02010	0.01281	0.34489	0.03074	0.01107	0.04325	0.01080	0.01278	0.03407	0.00466	0.00479	0.00146	0.00669	0.00464	0.02961	0.00650
27	0.00894	0.00655	0.00762	0.00704	0.00883	0.00657	0.00538	0.03747	0.17937	0.06598	0.30890	0.07854	0.20972	0.01065	0.03480	0.00183	0.00329	0.00819	0.00493	0.00542
28	0.01418	0.24674	0.14210	0.04086	0.01600	0.19307	0.05327	0.14086	0.02906	0.03131	0.00990	0.01096	0.02514	0.00500	0.00426	0.00132	0.00636	0.00371	0.01937	0.00654
29	0.04855	0.15642	0.14960	0.01181	0.03198	0.11962	0.08217	0.16429	0.03322	0.10212	0.04723	0.01217	0.00939	0.00520	0.00450	0.00140	0.00597	0.00411	0.00338	0.00688
30	0.01426	0.00830	0.00941	0.00796	0.01052	0.03135	0.00626	0.08538	0.16098	0.27725	0.11231	0.02183	0.07707	0.05288	0.00597	0.00167	0.00379	0.00585	0.10039	0.00659
31	0.00753	0.00651	0.00850	0.03875	0.06986	0.05325	0.03665	0.00886	0.00995	0.01287	0.02366	0.58255	0.05439	0.01273	0.00592	0.00186	0.00381	0.05380	0.00405	0.00451
32	0.01348	0.20857	0.16699	0.01272	0.07104	0.03061	0.09664	0.12073	0.06609	0.10108	0.04173	0.01265	0.00958	0.00571	0.02046	0.00153	0.00586	0.00424	0.00327	0.00701
33	0.01092	0.06591	0.02639	0.03969	0.03960	0.05230	0.05118	0.10047	0.12725	0.01600	0.01620	0.16903	0.04688	0.00928	0.03508	0.00190	0.12286	0.02880	0.03439	0.00585
34	0.00628	0.00449	0.00596	0.00668	0.00709	0.00424	0.01160	0.00725	0.00958	0.01289	0.11398	0.59742	0.03136	0.12169	0.00858	0.00228	0.00310	0.03721	0.00437	0.00392
35	0.04473	0.09692	0.22038	0.02938	0.01625	0.17208	0.02009	0.18307	0.07944	0.03396	0.00986	0.01082	0.00747	0.00530	0.00506	0.00145	0.04998	0.00379	0.00311	0.00685
36	0.01279	0.08414	0.27882	0.02920	0.04542	0.04040	0.02850	0.16085	0.08525	0.07675	0.03189	0.01557	0.05943	0.00589	0.00475	0.00150	0.00566	0.02271	0.00347	0.00701
37	0.00646	0.00469	0.00602	0.00688	0.00745	0.00445	0.00479	0.03546	0.01002	0.01321	0.02787	0.69171	0.09168	0.01451	0.00613	0.00194	0.00297	0.05512	0.00451	0.00414
38	0.02577	0.01270	0.15048	0.13283	0.11671	0.01073	0.17629	0.09597	0.04457	0.03266	0.01259	0.04652	0.03792	0.00699	0.04367	0.00186	0.00640	0.00517	0.03370	0.00648
39	0.01324	0.07685	0.14495	0.04551	0.20559	0.09842	0.04115	0.09203	0.08987	0.07588	0.01171	0.05327	0.00953	0.01483	0.00495	0.00151	0.00587	0.00466	0.00320	0.00699
40	0.04647	0.06931	0.08199	0.06136	0.11927	0.09732	0.27131	0.08413	0.04592	0.04253	0.01026	0.02979	0.00807	0.00488	0.00491	0.00150	0.00668	0.00470	0.00288	0.00670
41	0.00786	0.00598	0.00806	0.00771	0.00828	0.00707	0.00576	0.00941	0.03843	0.01146	0.01287	0.02083	0.01269	0.23333	0.38700	0.03631	0.12703	0.00547	0.05029	0.00417
42	0.02432	0.02729	0.08141	0.10303	0.09129	0.07486	0.09357	0.04955	0.08900	0.04670	0.07267	0.13879	0.05844	0.00742	0.00517	0.00160	0.00525	0.02008	0.00354	0.00602
43	0.02153	0.03532	0.04966	0.04248	0.06419	0.02041	0.05063	0.09472	0.06040	0.14240	0.01444	0.02155	0.01297	0.26579	0.02811	0.00268	0.01574	0.04756	0.00366	0.00578
44	0.00806	0.00550	0.00692	0.00632	0.00779	0.00511	0.00482	0.04317	0.01382	0.06288	0.63699	0.03519	0.12529	0.00977	0.00563	0.00153	0.00254	0.00852	0.00526	0.00488
45	0.03450	0.01460	0.13233	0.01197	0.01626	0.04166	0.08352	0.40112	0.07885	0.11783	0.01231	0.01247	0.00868	0.00550	0.00485	0.00150	0.00570	0.00444	0.00422	0.00772
46	0.01262	0.06720	0.17896	0.01341	0.06017	0.11272	0.12629	0.04425	0.23576	0.04210	0.01277	0.03063	0.00988	0.00543	0.00477	0.00150	0.00598	0.00468	0.02395	0.00693
47	0.01240	0.08856	0.05180	0.07859	0.44071	0.04138	0.12845	0.07132	0.01182	0.01605	0.00907	0.01162	0.00734	0.00445	0.00476	0.00144	0.00625	0.00430	0.00253	0.00716
48	0.01225	0.01006	0.01078	0.00965	0.01228	0.01144	0.00749	0.09682	0.62401	0.03597	0.01962	0.09743	0.01581	0.00734	0.00505	0.00165	0.00388	0.00618	0.00490	0.00737
49	0.12389	0.01445	0.02909	0.02279	0.12899	0.24476	0.00920	0.17153	0.05760	0.03563	0.01146	0.04424	0.02742	0.00578	0.00474	0.00144	0.02453	0.00434	0.03167	0.00646
50	0.04888	0.04443	0.07337	0.00993	0.01337	0.04155	0.00861	0.22183	0.17521	0.19178	0.01543	0.04004	0.01189	0.00743	0.03038	0.00175	0.00508	0.04726	0.00452	0.00728
51	0.00624	0.00439	0.00549	0.00623	0.00648	0.00417	0.00399	0.00685	0.00867	0.01150	0.02413	0.55567	0.05781	0.26119	0.01175	0.00278	0.00337	0.01160	0.00403	0.00364
52	0.01081	0.04380	0.04383	0.12333	0.04517	0.04181	0.04776	0.04562	0.00930	0.01308	0.00919	0.01267	0.03585	0.00854	0.04945	0.00213	0.44520	0.00446	0.00239	0.00561
53	0.02912	0.17703	0.29370	0.05861	0.06585	0.07096	0.06264	0.04067	0.03927	0.10344	0.00994	0.01107	0.00737	0.00477	0.00441	0.00142	0.00625	0.00380	0.00279	0.00689
54	0.01669	0.00977	0.04303	0.04306	0.01539	0.00880	0.13642	0.04780	0.09000	0.43856	0.01719	0.06955	0.01257	0.00639	0.00513	0.00159	0.00494	0.02090	0.00483	0.00739
55	0.01146	0.00644	0.00693	0.00621	0.00799	0.00662	0.00482	0.13424	0.04105	0.08188	0.01616	0.06199	0.01291	0.00627	0.00395	0.00128	0.00298	0.00507	0.57628	0.00548
56	0.01115	0.21125	0.46021	0.01444	0.09104	0.04497	0.07270	0.01528	0.01045	0.01435	0.00831	0.00998	0.00640	0.00445	0.00435	0.00141	0.00671	0.00356	0.00213	0.00688
57	0.08890	0.08752	0.07266	0.09030	0.03431	0.01287	0.24426	0.07777	0.07339	0.01640	0.01066	0.01281	0.03060	0.00544	0.00635	0.00161	0.12038	0.00464	0.00282	0.00633
58	0.00811	0.00520	0.00673	0.00724	0.00813	0.00494	0.00519	0.05010	0.01061	0.08380	0.02597	0.62624	0.05679	0.01363	0.00602	0.00191	0.00317	0.06697	0.00465	0.00459
59	0.04338	0.02444	0.00645	0.00682	0.00757	0.00493	0.00491	0.00772	0.00949	0.01299	0.03995	0.55529	0.10201	0.01592	0.08031	0.00244	0.00392	0.06310	0.00421	0.00415
60	0.01327	0.12454	0.13225	0.03964	0.07227	0.01132	0.08474	0.08027	0.11672	0.15562	0.05388	0.03441	0.01933	0.02573	0.00525	0.00157	0.00524	0.01329	0.00373	0.00693
61	0.01144	0.19705	0.37316	0.01377	0.08963	0.01301	0.05451	0.04507	0.01069	0.04475	0.00944	0.04279	0.00771	0.00524	0.00521	0.00147	0.06172	0.00408	0.00247	0.00680
62	0.01144	0.01337	0.06089	0.02144	0.13309	0.01211	0.64189	0.01542	0.01133	0.01556	0.00966	0.01280	0.00735	0.00414	0.00554	0.00160	0.00779	0.00543	0.00243	0.00672
63	0.01327	0.01295	0.07793	0.08918	0.16684	0.05529	0.07551	0.14262	0.24709	0.04971	0.01299	0.01380	0.00973	0.00539	0.00489	0.00154	0.00559	0.00469	0.00365	0.00733
64	0.01111	0.01146	0.09932	0.24362	0.18821	0.02884	0.05872	0.03952	0.02117	0.06560	0.08321	0.01563	0.03594	0.00578	0.00584	0.00158	0.07023	0.00494	0.00296	0.00632
65	0.00687	0.03662	0.00670	0.00690	0.00750	0.03670	0.00481	0.00781	0.00952	0.01242	0.02505	0.64318	0.05644	0.05622	0.00687	0.00202	0.00326	0.03780	0.02924	0.00408
66	0.04269	0.04345	0.08534	0.01069	0.03812	0.06145	0.09142	0.11291	0.04588	0.08766	0.15234	0.02323	0.10052	0.02447	0.00554	0.00162	0.00490	0.05765	0.00401	0.00611
67	0.03030	0.13622	0.17388	0.09175	0.04549	0.10240	0.04035	0.12283	0.12838	0.04567	0.01168	0.01256	0.02720	0.00527	0.00452	0.00144	0.00593	0.00414	0.00318	0.00682
68	0.06815	0.00686	0.00909	0.01039	0.11931	0.00688	0.02415	0.02614	0.07354	0.04691	0.05375	0.29215	0.11001	0.07973	0.03443	0.00217	0.00407	0.02311	0.00399	0.00516
69	0.05401	0.00846	0.01087	0.00909	0.03672	0.00793	0.00712	0.08043	0.04840	0.54029	0.04237	0.01845	0.06697	0.00765	0.03691	0.00176	0.00442	0.00525	0.00536	0.00752
70	0.01131	0.15717	0.41831	0.01265	0.01796	0.06361	0.08189	0.04204	0.06894	0.01546	0.04333	0.01173	0.00870	0.00500	0.00474	0.00146	0.02239	0.00398	0.00257	0.00678
71	0.04783	0.12868	0.14810	0.01112	0.03162	0.06370	0.03798	0.21706	0.04555	0.14340	0.01228	0.06254	0.00964	0.00585	0.00469	0.00146	0.01302	0.00460	0.00376	0.00710
72	0.00597	0.00485	0.00531	0.00551	0.00687	0.00419	0.00411	0.00728	0.01101	0.01360	0.10824	0.16439	0.57442	0.01257	0.00585	0.00171	0.00261	0.05281	0.00457	0.00413
73	0.05400	0.08337	0.05683	0.16700	0.07796	0.14639	0.09594	0.09716	0.03076	0.04679	0.00967	0.01228	0.00766	0.00516	0.00506	0.00146	0.03952	0.02244	0.00288	0.03767
74	0.01342	0.08257	0.17878	0.04216	0.07822	0.08801	0.06098	0.18165	0.07643	0.04649	0.01068	0.01254	0.00833	0.03894	0.02324	0.00175	0.04149	0.00425	0.00318	0.00688
75	0.04885	0.06758	0.01582	0.21262	0.22854	0.13007	0.04697	0.01449	0.01063	0.04281	0.00939	0.01228	0.00763	0.00755	0.07552	0.00200	0.02548	0.00411	0.03156	0.00612
76	0.00630	0.00434	0.00577	0.00673	0.00711	0.00405	0.00452	0.00721	0.00954	0.02883	0.06329	0.75585	0.03200	0.03130	0.00651	0.00199	0.00285	0.01322	0.00454	0.00403
77	0.01383	0.02994	0.05949	0.01370	0.09467	0.07018	0.08580	0.26148	0.04089	0.04780	0.03369	0.01321	0.00942	0.00904	0.09130	0.00221	0.10849	0.00458	0.00346	0.00682
78	0.00740	0.00591	0.00786	0.00779	0.00856	0.03347	0.00591	0.00889	0.00816	0.01141	0.03652	0.06512	0.01433	0.11105	0.60495	0.00653	0.04326	0.00585	0.00279	0.00426
79	0.00710	0.00475	0.00575	0.00575	0.00589	0.00489	0.00352	0.00727	0.00713	0.00964	0.01451	0.02870	0.01621	0.65495	0.15255	0.05282	0.00602	0.00659	0.00283	0.00312
80	0.01460	0.11492	0.11936	0.04189	0.10178	0.18700	0.01034	0.04620	0.13496	0.13570	0.03848	0.01302	0.01003	0.00536	0.00454	0.00141	0.00587	0.00417	0.00346	0.00690
81	0.00972	0.03508	0.33118	0.04216	0.01834	0.01013	0.18262	0.03122	0.02525	0.01496	0.03958	0.04602	0.01031	0.04036	0.10267	0.00240	0.00731	0.00500	0.00261	0.04308
82	0.00708	0.00464	0.00607	0.00662	0.00730	0.00437	0.00460	0.00821	0.00994	0.05670	0.11111	0.54856	0.06678	0.05250	0.05450	0.00232	0.00348	0.01147	0.02948	0.00425
83	0.01143	0.30219	0.41487	0.01235	0.05106	0.03925	0.02718	0.03108	0.01052	0.01423	0.00808	0.00948	0.00634	0.00442	0.00407	0.00132	0.00631	0.00328	0.00218	0.04035
84	0.01190	0.01253	0.09097	0.13250	0.05653	0.13550	0.00975	0.08676	0.05834	0.04176	0.04886	0.04557	0.01204	0.04021	0.03775	0.00187	0.03784	0.04880	0.00324	0.08727
85	0.00816	0.00542	0.00647	0.00640	0.00787	0.00494	0.00485	0.03722	0.01169	0.08832	0.14509	0.22040	0.32187	0.01166	0.00573	0.00171	0.00293	0.07277	0.03179	0.00471
86	0.01412	0.01254	0.01398	0.02728	0.03284	0.12513	0.08747	0.23205	0.18707	0.04355	0.01533	0.01939	0.03097	0.00686	0.00547	0.00161	0.02951	0.10393	0.00408	0.00682
87	0.01192	0.01267	0.08036	0.22711	0.10772	0.06139	0.17544	0.05296	0.13264	0.04258	0.01100	0.01315	0.00831	0.00510	0.00540	0.00158	0.03643	0.00468	0.00295	0.00662
88	0.01158	0.01184	0.04294	0.20076	0.37181	0.09121	0.02585	0.04685	0.02108	0.01554	0.07223	0.01549	0.01112	0.00540	0.00493	0.00151	0.00594	0.03457	0.00279	0.00657
89	0.00604	0.00433	0.00552	0.00641	0.00677	0.00405	0.00423	0.00680	0.00914	0.01205	0.02706	0.66294	0.09176	0.11833	0.00849	0.00229	0.00302	0.01264	0.00430	0.00382
90	0.05641	0.08191	0.05849	0.04626	0.01538	0.30757	0.03712	0.19981	0.03202	0.01725	0.00930	0.01085	0.00740	0.00778	0.07215	0.00191	0.02523	0.00377	0.00306	0.00632
91	0.01576	0.01102	0.01292	0.09714	0.01545	0.02941	0.00887	0.35199	0.08827	0.15957	0.06591	0.03085	0.01211	0.00647	0.00582	0.00156	0.07011	0.00499	0.00452	0.00726
92	0.04271	0.00901	0.01082	0.00815	0.01195	0.00780	0.03204	0.11112	0.02334	0.07298	0.05467	0.05164	0.01104	0.00504	0.00415	0.00104	0.00390	0.00418	0.00358	0.53082

[dist]
# distance from previous block
# <min> <max>
10	20

[block]
# block no. 1 follows, 52 sequences, length 15
# corresponding to MSA columns:
# 356-370
name=unknown_B
#
# <colnr> <probs for GDERKNQSTAVLIFYWHMCP>
#	G	D	E	R	K	N	Q	S	T	A	V	L	I	F	Y	W	H	M	C	P
0	0.01186	0.18298	0.16374	0.00963	0.01414	0.05493	0.02798	0.05401	0.05333	0.03983	0.03271	0.01110	0.00850	0.00452	0.00402	0.00112	0.00507	0.00348	0.00290	0.31414
1	0.00733	0.00556	0.00714	0.00753	0.00861	0.00560	0.00607	0.00946	0.03426	0.01484	0.14894	0.15647	0.17104	0.01215	0.00665	0.00191	0.05010	0.30865	0.03322	0.00448
2	0.00607	0.00437	0.00577	0.00673	0.00717	0.00407	0.00463	0.00710	0.00979	0.01307	0.08977	0.69796	0.06053	0.01457	0.00615	0.00193	0.00283	0.04890	0.00456	0.00402
3	0.01385	0.14803	0.06158	0.05928	0.07538	0.07130	0.00899	0.13812	0.04069	0.14675	0.10210	0.06144	0.01409	0.00720	0.02871	0.00162	0.00526	0.00511	0.00385	0.00663
4	0.01299	0.01213	0.01720	0.22426	0.26666	0.11206	0.10422	0.03995	0.06659	0.08095	0.01052	0.01274	0.00803	0.00486	0.00488	0.00150	0.00632	0.00446	0.00291	0.00676
5	0.00591	0.00455	0.00543	0.00610	0.00696	0.00407	0.00431	0.00697	0.01007	0.01275	0.03565	0.48162	0.33907	0.01394	0.00602	0.00185	0.00274	0.04350	0.00450	0.00402
6	0.08438	0.65766	0.05803	0.00874	0.01279	0.08623	0.00856	0.01494	0.01006	0.01248	0.00689	0.00798	0.00614	0.00427	0.00328	0.00112	0.00546	0.00268	0.00219	0.00613
7	0.01148	0.10801	0.35637	0.01222	0.06079	0.01140	0.01248	0.09789	0.07282	0.05361	0.07728	0.01699	0.01252	0.00606	0.00478	0.00153	0.00563	0.06803	0.00325	0.00685
8	0.01132	0.00642	0.00631	0.00576	0.00740	0.04426	0.00445	0.07007	0.01161	0.08988	0.01540	0.01700	0.01178	0.00566	0.00368	0.00119	0.00297	0.00447	0.67519	0.00518
9	0.00630	0.00535	0.00719	0.00688	0.00831	0.00474	0.06903	0.00767	0.01056	0.01326	0.06285	0.31267	0.44236	0.01251	0.00588	0.00175	0.00305	0.01103	0.00436	0.00426
10	0.01245	0.16212	0.20527	0.05427	0.01597	0.03870	0.05457	0.10068	0.06693	0.09343	0.04473	0.07180	0.01143	0.00723	0.03797	0.00173	0.00587	0.00491	0.00333	0.00661
11	0.00731	0.00553	0.00775	0.07482	0.00968	0.00633	0.00575	0.00852	0.00767	0.01070	0.01316	0.02272	0.01338	0.31738	0.42747	0.00592	0.04356	0.00574	0.00266	0.00396
12	0.00674	0.00496	0.00634	0.00698	0.00791	0.00468	0.00542	0.00828	0.01070	0.01396	0.12659	0.24698	0.18252	0.06729	0.00744	0.00212	0.00339	0.27905	0.00449	0.00417
13	0.01244	0.03937	0.20899	0.09707	0.07111	0.07319	0.16238	0.10060	0.05050	0.06433	0.01190	0.05125	0.02378	0.00549	0.00495	0.00154	0.00641	0.00492	0.00305	0.00674
14	0.01406	0.03939	0.16672	0.01245	0.03835	0.13264	0.08456	0.14058	0.03807	0.11411	0.05567	0.02791	0.02232	0.00596	0.00576	0.00152	0.07415	0.00469	0.01436	0.00674

[dist]
# distance from previous block
# <min> <max>
1	15

[block]
# block no. 2 follows, 52 sequences, length 11
# corresponding to MSA columns:
# 388-398
name=unknown_C
#
# <colnr> <probs for GDERKNQSTAVLIFYWHMCP>
#	G	D	E	R	K	N	Q	S	T	A	V	L	I	F	Y	W	H	M	C	P
0	0.01135	0.00959	0.03436	0.03870	0.03473	0.00827	0.02601	0.14886	0.01253	0.04091	0.01363	0.05627	0.06117	0.00564	0.00438	0.00114	0.00421	0.02915	0.00348	0.45561
1	0.01481	0.12855	0.04844	0.02604	0.04764	0.16268	0.10742	0.20495	0.06070	0.04422	0.00982	0.01115	0.00765	0.00544	0.00588	0.00147	0.09905	0.00409	0.00320	0.00678
2	0.00852	0.00753	0.00871	0.00813	0.00902	0.09577	0.04479	0.00963	0.00839	0.01089	0.01327	0.04533	0.01369	0.32623	0.34051	0.00526	0.03161	0.00590	0.00275	0.00408
3	0.01360	0.01164	0.01766	0.12080	0.47468	0.04199	0.03787	0.11918	0.01282	0.08753	0.01025	0.01237	0.00792	0.00475	0.00483	0.00147	0.00583	0.00437	0.00303	0.00741
4	0.01190	0.32608	0.42476	0.01145	0.01712	0.01464	0.01334	0.10071	0.01149	0.01557	0.00829	0.00947	0.00640	0.00457	0.00407	0.00134	0.00622	0.00330	0.00237	0.00693
5	0.01744	0.01207	0.01264	0.03077	0.01389	0.10047	0.00832	0.39046	0.01733	0.21093	0.01316	0.01349	0.00941	0.00893	0.08907	0.00210	0.00615	0.00444	0.03158	0.00735
6	0.05699	0.12144	0.07452	0.03539	0.05764	0.02827	0.02671	0.16610	0.07321	0.16155	0.01162	0.01199	0.00852	0.00509	0.00453	0.00134	0.01855	0.00395	0.00374	0.12886
7	0.00977	0.00722	0.03455	0.00736	0.00934	0.02006	0.00593	0.04102	0.09658	0.11518	0.33319	0.08817	0.15546	0.00958	0.00552	0.00161	0.00324	0.04577	0.00496	0.00547
8	0.00721	0.00505	0.00744	0.00744	0.00823	0.00577	0.00570	0.00854	0.00775	0.01131	0.01263	0.01850	0.01172	0.03248	0.67772	0.10239	0.01141	0.00505	0.04958	0.00409
9	0.02388	0.00755	0.00993	0.11860	0.03702	0.03132	0.04104	0.09667	0.02951	0.05291	0.04737	0.37516	0.07747	0.01039	0.00555	0.00174	0.00417	0.02042	0.00409	0.00524
10	0.01376	0.00857	0.03278	0.00836	0.01103	0.02496	0.00685	0.10344	0.10258	0.27224	0.14424	0.08457	0.10501	0.00839	0.00529	0.00160	0.00387	0.05085	0.00509	0.00652

[dist]
# distance from previous block
# <min> <max>
0	4

[block]
# block no. 3 follows, 52 sequences, length 30
# corresponding to MSA columns:
# 403-432
name=unknown_D
#
# <colnr> <probs for GDERKNQSTAVLIFYWHMCP>
#	G	D	E	R	K	N	Q	S	T	A	V	L	I	F	Y	W	H	M	C	P
0	0.01069	0.01027	0.01772	0.38478	0.42243	0.01121	0.04558	0.01378	0.01044	0.01426	0.00892	0.01246	0.00711	0.00455	0.00486	0.00153	0.00617	0.00437	0.00229	0.00660
1	0.00689	0.00488	0.00645	0.00652	0.00697	0.00521	0.00449	0.00781	0.00787	0.01091	0.05174	0.09376	0.01778	0.38122	0.36022	0.00565	0.00799	0.00690	0.00303	0.00370
2	0.01094	0.01325	0.15889	0.26841	0.28623	0.01148	0.08999	0.04893	0.03648	0.01545	0.00941	0.01225	0.00725	0.00465	0.00487	0.00154	0.00638	0.00436	0.00246	0.00679
3	0.01310	0.01191	0.02000	0.04891	0.06490	0.04463	0.35021	0.12546	0.02698	0.08765	0.01186	0.07416	0.00974	0.00587	0.00633	0.00164	0.08108	0.00567	0.00327	0.00663
4	0.00822	0.00510	0.00611	0.00612	0.00721	0.00505	0.02349	0.04557	0.01044	0.01613	0.02089	0.28667	0.06429	0.01042	0.03789	0.00174	0.00319	0.00796	0.42900	0.00452
5	0.00680	0.00553	0.00894	0.00871	0.00970	0.00519	0.11223	0.00821	0.00986	0.01322	0.05872	0.64499	0.02906	0.01333	0.00612	0.00191	0.00360	0.04528	0.00425	0.00435
6	0.01432	0.01222	0.01326	0.01163	0.05047	0.09381	0.05338	0.25724	0.28010	0.04772	0.04785	0.03802	0.03405	0.00682	0.01543	0.00161	0.00514	0.00532	0.00439	0.00722
7	0.01034	0.00978	0.01655	0.35827	0.30531	0.01065	0.07796	0.01385	0.04585	0.01452	0.01159	0.01462	0.04452	0.00505	0.00489	0.00154	0.00587	0.00477	0.03777	0.00631
8	0.04956	0.00817	0.01071	0.00839	0.01186	0.00733	0.00687	0.05335	0.01368	0.67562	0.01859	0.05282	0.01253	0.00634	0.00481	0.00150	0.00402	0.00516	0.04089	0.00779
9	0.00775	0.00537	0.00703	0.05436	0.00948	0.00532	0.00568	0.03484	0.02849	0.04884	0.02509	0.48839	0.07291	0.04626	0.00670	0.00201	0.00346	0.11594	0.02758	0.00450
10	0.12329	0.01372	0.11734	0.04447	0.01502	0.09375	0.03515	0.08225	0.21100	0.05288	0.01148	0.01245	0.00878	0.00598	0.00654	0.00163	0.15004	0.00424	0.00340	0.00660
11	0.00719	0.00519	0.00720	0.00842	0.04394	0.00513	0.00591	0.00868	0.02320	0.02614	0.05469	0.48140	0.02781	0.02799	0.04449	0.02458	0.01622	0.17322	0.00425	0.00435
12	0.00725	0.00535	0.00616	0.00622	0.00764	0.00491	0.00471	0.00936	0.05648	0.04942	0.12578	0.15295	0.40437	0.04532	0.00659	0.00186	0.00295	0.09352	0.00462	0.00451
13	0.01059	0.01120	0.08843	0.28799	0.34144	0.01071	0.04103	0.03454	0.01065	0.01495	0.00957	0.01284	0.00761	0.00608	0.04131	0.00178	0.00632	0.00435	0.05210	0.00650
14	0.04819	0.04957	0.01299	0.01051	0.01295	0.15993	0.04334	0.18570	0.08458	0.03674	0.09244	0.05147	0.03163	0.00730	0.00619	0.00159	0.09708	0.05781	0.00383	0.00618
15	0.10905	0.00844	0.01027	0.00925	0.01037	0.04689	0.00737	0.02434	0.00863	0.06874	0.01061	0.01537	0.00966	0.07784	0.31507	0.00429	0.25138	0.00461	0.00280	0.00502
16	0.00709	0.00526	0.00649	0.00636	0.00737	0.00515	0.00458	0.00963	0.07311	0.01611	0.41488	0.13808	0.09347	0.13514	0.05353	0.00243	0.00345	0.00882	0.00461	0.00444
17	0.05941	0.00851	0.00895	0.00871	0.03545	0.07377	0.01940	0.03326	0.20055	0.01672	0.19448	0.10687	0.05516	0.11901	0.00784	0.00203	0.00404	0.03626	0.00423	0.00537
18	0.03588	0.01580	0.01331	0.08081	0.04269	0.35853	0.00932	0.14429	0.03958	0.09158	0.05571	0.01244	0.00975	0.00576	0.00543	0.00144	0.06382	0.00411	0.00342	0.00633
19	0.00963	0.08609	0.02749	0.05701	0.01158	0.00863	0.02463	0.05421	0.17169	0.04815	0.10934	0.18620	0.16762	0.00925	0.00525	0.00162	0.00375	0.00794	0.00429	0.00564
20	0.00614	0.00447	0.00566	0.00643	0.00697	0.00415	0.00441	0.00712	0.00967	0.01271	0.07354	0.55541	0.13812	0.09194	0.00788	0.00217	0.00300	0.05189	0.00440	0.00393
21	0.04092	0.05459	0.16735	0.14146	0.24237	0.03843	0.11883	0.05992	0.01123	0.01568	0.00971	0.04841	0.00807	0.00508	0.00495	0.00152	0.01763	0.00462	0.00255	0.00668
22	0.04219	0.04819	0.07860	0.05117	0.08253	0.20013	0.08400	0.06053	0.11882	0.05558	0.04259	0.01282	0.00964	0.00562	0.00580	0.00152	0.08627	0.00435	0.00315	0.00649
23	0.01263	0.00744	0.00967	0.00838	0.01072	0.00727	0.04069	0.03546	0.16832	0.25147	0.13960	0.17978	0.06804	0.00878	0.00532	0.00163	0.00359	0.00766	0.02724	0.00631
24	0.04354	0.01079	0.01160	0.02977	0.02745	0.03334	0.00791	0.23151	0.34935	0.08119	0.01718	0.01706	0.04837	0.02901	0.03822	0.00189	0.00483	0.00516	0.00457	0.00725
25	0.05129	0.12254	0.08439	0.03161	0.05188	0.12441	0.12228	0.18140	0.02626	0.06342	0.01008	0.02903	0.00793	0.00525	0.00502	0.00143	0.03979	0.00421	0.00320	0.03459
26	0.06236	0.04254	0.15073	0.05132	0.03540	0.02665	0.34514	0.07697	0.01199	0.09700	0.01094	0.01278	0.02167	0.00485	0.00532	0.00156	0.02827	0.00479	0.00297	0.00674
27	0.00717	0.00541	0.00643	0.00636	0.00766	0.00513	0.00469	0.01004	0.09326	0.03126	0.33083	0.20909	0.24192	0.01127	0.00572	0.00166	0.00264	0.00983	0.00490	0.00470
28	0.03876	0.00864	0.03208	0.01043	0.05140	0.02514	0.08374	0.12409	0.01253	0.09603	0.05615	0.27506	0.08814	0.00968	0.00569	0.00171	0.01833	0.05246	0.00423	0.00571
29	0.04058	0.15023	0.07972	0.05674	0.24500	0.06741	0.04266	0.03568	0.02934	0.07012	0.01035	0.01365	0.00865	0.00522	0.00487	0.00142	0.03293	0.04828	0.00285	0.05427

[dist]
# distance from previous block
# <min> <max>
2	48

[block]
# block no. 4 follows, 52 sequences, length 17
# corresponding to MSA columns:
# 481-496,498
name=unknown_E
#
# <colnr> <probs for GDERKNQSTAVLIFYWHMCP>
#	G	D	E	R	K	N	Q	S	T	A	V	L	I	F	Y	W	H	M	C	P
0	0.02771	0.07162	0.20353	0.01092	0.04371	0.01115	0.01023	0.22995	0.02772	0.10226	0.04915	0.03971	0.01047	0.00553	0.00453	0.00136	0.00510	0.00439	0.00369	0.13728
1	0.09336	0.24711	0.13059	0.01260	0.11710	0.04224	0.03865	0.07746	0.07628	0.05388	0.01076	0.06053	0.00908	0.00540	0.00424	0.00140	0.00535	0.00427	0.00303	0.00668
2	0.01333	0.06067	0.08955	0.08942	0.01495	0.14206	0.00898	0.04355	0.17601	0.14078	0.06374	0.04764	0.06100	0.00669	0.00485	0.00152	0.00520	0.01964	0.00395	0.00648
3	0.01273	0.01154	0.17273	0.11354	0.01619	0.00883	0.03559	0.06476	0.04517	0.22151	0.12337	0.03963	0.06318	0.00689	0.00533	0.00158	0.02301	0.02373	0.00412	0.00656
4	0.01179	0.24586	0.01373	0.00797	0.01002	0.01132	0.00647	0.10761	0.01055	0.08471	0.01214	0.04073	0.01187	0.29441	0.03520	0.00273	0.07930	0.00511	0.00316	0.00531
5	0.01618	0.00952	0.01152	0.00947	0.01232	0.01006	0.00765	0.17188	0.16835	0.32121	0.04336	0.06624	0.03529	0.00718	0.00609	0.00161	0.08405	0.00565	0.00502	0.00734
6	0.00770	0.00557	0.03746	0.00693	0.00800	0.00463	0.00515	0.00896	0.01020	0.09036	0.08776	0.54927	0.10227	0.04350	0.00660	0.00194	0.00311	0.01152	0.00456	0.00451
7	0.00774	0.00499	0.00635	0.00647	0.00739	0.00476	0.00457	0.00882	0.00962	0.08411	0.07127	0.30274	0.15404	0.16423	0.13699	0.00326	0.00480	0.00949	0.00410	0.00427
8	0.00760	0.00619	0.00783	0.00775	0.00860	0.05364	0.00586	0.00909	0.00805	0.01105	0.01294	0.02003	0.01246	0.13467	0.66339	0.00701	0.01168	0.00530	0.00263	0.00423
9	0.34323	0.09042	0.01035	0.00774	0.01045	0.09023	0.00628	0.07151	0.01164	0.10058	0.14921	0.06274	0.01511	0.00636	0.00415	0.00146	0.00423	0.00478	0.00381	0.00572
10	0.01094	0.09182	0.06554	0.31111	0.33285	0.04298	0.01325	0.01390	0.01060	0.01411	0.04167	0.01270	0.00854	0.00477	0.00466	0.00147	0.00601	0.00424	0.00238	0.00646
11	0.00847	0.00509	0.00611	0.00586	0.00631	0.00507	0.00365	0.00883	0.00779	0.08723	0.01542	0.02898	0.01653	0.67124	0.09983	0.00469	0.00545	0.00665	0.00320	0.00359
12	0.01277	0.01137	0.05333	0.30825	0.11790	0.05937	0.14309	0.04401	0.01152	0.14298	0.01080	0.01322	0.00791	0.00605	0.03495	0.00178	0.00666	0.00457	0.00299	0.00649
13	0.01438	0.01072	0.08415	0.01024	0.01360	0.00962	0.06419	0.13183	0.18779	0.23748	0.07227	0.09672	0.01585	0.00715	0.00514	0.00160	0.00456	0.02081	0.00475	0.00714
14	0.03275	0.02893	0.01270	0.02831	0.04409	0.03767	0.12090	0.05474	0.01191	0.19740	0.02034	0.09683	0.12609	0.00958	0.05454	0.00198	0.01429	0.05879	0.02315	0.02499
15	0.04007	0.00828	0.01019	0.00838	0.01137	0.00789	0.00678	0.15856	0.01438	0.41986	0.02217	0.11067	0.10921	0.00804	0.00515	0.00159	0.00400	0.04111	0.00529	0.00701
16	0.01282	0.04099	0.03877	0.01135	0.10715	0.03414	0.00826	0.11684	0.10412	0.10333	0.01353	0.08108	0.01150	0.00599	0.00456	0.00131	0.00447	0.03210	0.00378	0.26392

[dist]
# distance from previous block
# <min> <max>
0	4

[block]
# block no. 5 follows, 52 sequences, length 9
# corresponding to MSA columns:
# 503-511
name=unknown_F
#
# <colnr> <probs for GDERKNQSTAVLIFYWHMCP>
#	G	D	E	R	K	N	Q	S	T	A	V	L	I	F	Y	W	H	M	C	P
0	0.01209	0.06783	0.13544	0.10997	0.28592	0.07563	0.07836	0.07121	0.05247	0.01618	0.04189	0.01268	0.00905	0.00490	0.00476	0.00146	0.00618	0.00436	0.00274	0.00690
1	0.00817	0.00592	0.00715	0.00690	0.00816	0.00587	0.00511	0.06186	0.07869	0.03218	0.33665	0.18572	0.08702	0.10004	0.00778	0.00201	0.00315	0.04806	0.00475	0.00481
2	0.01079	0.01048	0.01639	0.20298	0.42913	0.05588	0.03768	0.01345	0.01048	0.01416	0.01055	0.07185	0.00947	0.00808	0.07594	0.00207	0.00659	0.00506	0.00252	0.00644
3	0.09006	0.01033	0.05739	0.07346	0.02773	0.00958	0.07350	0.15234	0.05301	0.10435	0.04822	0.04403	0.05200	0.02389	0.00508	0.00148	0.00470	0.00503	0.01700	0.14682
4	0.00813	0.00565	0.00776	0.00750	0.00874	0.00533	0.04533	0.04091	0.01102	0.07167	0.13422	0.39268	0.12238	0.05399	0.03273	0.00213	0.00365	0.03706	0.00449	0.00465
5	0.05829	0.00556	0.00646	0.00675	0.00813	0.00535	0.00524	0.00968	0.05445	0.03670	0.08778	0.22240	0.28837	0.01205	0.00581	0.00182	0.00316	0.17290	0.00453	0.00456
6	0.04319	0.05687	0.24866	0.04000	0.05233	0.10149	0.04800	0.07941	0.04681	0.03422	0.03038	0.04039	0.00949	0.01911	0.00482	0.00145	0.00580	0.00432	0.05161	0.08166
7	0.01098	0.03156	0.25072	0.01330	0.01750	0.09762	0.21997	0.01444	0.01144	0.05461	0.10148	0.10229	0.01473	0.00658	0.00523	0.00159	0.00631	0.03040	0.00312	0.00613
8	0.00749	0.00535	0.00609	0.00599	0.00755	0.00479	0.00456	0.00935	0.03875	0.07147	0.13697	0.09951	0.46895	0.04012	0.00641	0.00179	0.00287	0.07275	0.00467	0.00456

[dist]
# distance from previous block
# <min> <max>
2	19

[block]
# block no. 6 follows, 52 sequences, length 37
# corresponding to MSA columns:
# 537-573
name=unknown_G
#
# <colnr> <probs for GDERKNQSTAVLIFYWHMCP>
#	G	D	E	R	K	N	Q	S	T	A	V	L	I	F	Y	W	H	M	C	P
0	0.02681	0.12747	0.01546	0.07484	0.18660	0.06664	0.00987	0.09911	0.08827	0.06468	0.02989	0.01373	0.00979	0.00642	0.02713	0.00163	0.07045	0.01849	0.04371	0.01902
1	0.01321	0.01153	0.05666	0.13672	0.01648	0.06552	0.03820	0.22030	0.04725	0.08867	0.03624	0.01837	0.09439	0.03647	0.00670	0.00170	0.07802	0.02341	0.00378	0.00638
2	0.01349	0.14797	0.04424	0.01205	0.10875	0.02887	0.05233	0.11286	0.06766	0.10911	0.01120	0.02926	0.00881	0.00489	0.00429	0.00123	0.00490	0.00404	0.00342	0.23065
3	0.01006	0.10956	0.59790	0.01270	0.01887	0.01180	0.04210	0.01548	0.06130	0.01513	0.01146	0.01257	0.05007	0.00509	0.00456	0.00150	0.00651	0.00404	0.00239	0.00690
4	0.00740	0.03880	0.00838	0.00766	0.00866	0.00670	0.00591	0.00953	0.04573	0.01156	0.01362	0.04142	0.01302	0.10154	0.64934	0.00679	0.01123	0.00549	0.00277	0.00443
5	0.05467	0.05633	0.07377	0.01157	0.03283	0.07832	0.13946	0.02602	0.08710	0.18800	0.05160	0.05563	0.03350	0.02925	0.00575	0.00165	0.02199	0.04223	0.00386	0.00645
6	0.04693	0.01407	0.04789	0.01397	0.01783	0.12671	0.27181	0.23247	0.03639	0.07076	0.03060	0.03807	0.00953	0.00547	0.00518	0.00152	0.01534	0.00502	0.00357	0.00686
7	0.00733	0.00596	0.00665	0.00712	0.00805	0.03767	0.00508	0.00991	0.10382	0.01379	0.07229	0.46186	0.13261	0.05235	0.00680	0.00198	0.00328	0.05452	0.00444	0.00449
8	0.00797	0.00489	0.00634	0.00677	0.00768	0.00448	0.00480	0.00907	0.01021	0.10769	0.06563	0.53529	0.11064	0.05285	0.00687	0.00200	0.00307	0.04463	0.00464	0.00448
9	0.03154	0.05901	0.06276	0.02920	0.01512	0.22309	0.07176	0.14858	0.10143	0.11777	0.02669	0.02947	0.01914	0.00683	0.03463	0.00168	0.00639	0.00453	0.00368	0.00670
10	0.01227	0.26009	0.41127	0.01260	0.05508	0.10939	0.01348	0.01589	0.01072	0.04560	0.00842	0.00967	0.00649	0.00456	0.00416	0.00135	0.00658	0.00332	0.00228	0.00677
11	0.00767	0.00463	0.00516	0.00540	0.00636	0.00444	0.00394	0.00936	0.01017	0.01558	0.07166	0.16634	0.12739	0.07312	0.00621	0.00172	0.00271	0.05624	0.41766	0.00423
12	0.00936	0.01028	0.08000	0.05818	0.01472	0.01076	0.13590	0.01129	0.00866	0.01238	0.01180	0.06704	0.03869	0.13145	0.06268	0.00267	0.32074	0.00572	0.00256	0.00512
13	0.01248	0.04586	0.01984	0.09458	0.08526	0.10591	0.29710	0.07221	0.04678	0.02988	0.01057	0.01440	0.00864	0.00620	0.02710	0.00176	0.07063	0.04161	0.00284	0.00635
14	0.01159	0.00900	0.03679	0.00897	0.03978	0.07855	0.00679	0.05359	0.07738	0.10814	0.01572	0.13131	0.01408	0.06284	0.06605	0.00218	0.06250	0.00598	0.20320	0.00558
15	0.00717	0.00528	0.00773	0.00765	0.00835	0.00613	0.00583	0.00847	0.00761	0.01091	0.01263	0.01954	0.01214	0.10293	0.66040	0.06450	0.04082	0.00525	0.00258	0.00409
16	0.00822	0.00512	0.00625	0.00633	0.00711	0.00496	0.00433	0.02636	0.03134	0.06716	0.10004	0.31309	0.04336	0.22930	0.01111	0.03535	0.00343	0.00911	0.08381	0.00422
17	0.01389	0.08346	0.18898	0.01249	0.04066	0.07151	0.09344	0.12872	0.12723	0.11808	0.03608	0.02259	0.01016	0.00555	0.00503	0.00150	0.02533	0.00456	0.00360	0.00713
18	0.01077	0.04156	0.01946	0.04281	0.03886	0.01084	0.37462	0.01537	0.12090	0.03899	0.10536	0.03117	0.05252	0.00670	0.02282	0.00175	0.04987	0.00608	0.00333	0.00622
19	0.00915	0.00861	0.01453	0.81804	0.03338	0.01077	0.01346	0.01238	0.00969	0.01238	0.00861	0.01292	0.00646	0.00484	0.00484	0.00161	0.00646	0.00431	0.00215	0.00538
20	0.07806	0.06713	0.18770	0.10114	0.01559	0.05006	0.02829	0.07524	0.01114	0.06477	0.01433	0.15286	0.03418	0.01800	0.03057	0.01976	0.00556	0.03654	0.00325	0.00582
21	0.01078	0.02982	0.04614	0.20493	0.05386	0.01001	0.11703	0.11585	0.04958	0.03818	0.05027	0.14105	0.02479	0.00761	0.02459	0.00173	0.01278	0.00622	0.00340	0.05137
22	0.00691	0.10390	0.00812	0.00680	0.00776	0.00590	0.00501	0.00808	0.01005	0.01320	0.11580	0.55709	0.08406	0.01298	0.00574	0.00179	0.00306	0.03514	0.00430	0.00431
23	0.00672	0.00463	0.00605	0.00677	0.00747	0.00428	0.00482	0.00793	0.01028	0.04096	0.11703	0.56644	0.10243	0.01383	0.00609	0.00189	0.00291	0.08060	0.00464	0.00422
24	0.18440	0.01052	0.03752	0.10960	0.12718	0.01114	0.04046	0.15816	0.08818	0.02979	0.03858	0.07091	0.03024	0.00624	0.00506	0.00158	0.03541	0.00509	0.00352	0.00642
25	0.13214	0.02135	0.04039	0.03216	0.02815	0.00789	0.00684	0.02797	0.01048	0.10232	0.00993	0.01161	0.00787	0.00435	0.00383	0.00104	0.00401	0.02105	0.00323	0.52339
26	0.02784	0.00756	0.00913	0.03828	0.01086	0.00775	0.00647	0.19690	0.01381	0.12195	0.11619	0.18440	0.09486	0.02836	0.05846	0.00211	0.00442	0.04437	0.02054	0.00575
27	0.00829	0.00585	0.00688	0.00645	0.00808	0.00553	0.00488	0.03344	0.08327	0.07379	0.33178	0.11189	0.28043	0.01047	0.00561	0.00161	0.00275	0.00901	0.00498	0.00501
28	0.04280	0.07884	0.03903	0.06589	0.04736	0.05416	0.23739	0.11776	0.10831	0.06771	0.01161	0.03690	0.00911	0.00570	0.00565	0.02468	0.03225	0.00491	0.00330	0.00664
29	0.04304	0.02742	0.07051	0.04596	0.15654	0.03055	0.11152	0.20025	0.03862	0.07970	0.01332	0.06238	0.03915	0.00635	0.01397	0.00161	0.03042	0.00522	0.01656	0.00691
30	0.03422	0.10929	0.04476	0.09883	0.04777	0.01166	0.07760	0.08129	0.18915	0.16432	0.01336	0.01393	0.00982	0.00580	0.00533	0.02518	0.02705	0.00454	0.02916	0.00691
31	0.00735	0.00530	0.00619	0.00611	0.00754	0.00479	0.00458	0.03770	0.01189	0.05331	0.20892	0.19160	0.38281	0.01180	0.00578	0.00169	0.00276	0.04059	0.00477	0.00454
32	0.05815	0.03481	0.07699	0.10039	0.05120	0.06239	0.06478	0.20931	0.10893	0.13485	0.01322	0.02823	0.02365	0.00567	0.00477	0.00151	0.00550	0.00466	0.00390	0.00710
33	0.04122	0.14975	0.33489	0.04194	0.03149	0.06810	0.02834	0.07604	0.07960	0.01623	0.04013	0.05112	0.00987	0.00553	0.00449	0.00146	0.00597	0.00436	0.00285	0.00664
34	0.00804	0.00559	0.00633	0.00651	0.00742	0.03499	0.00453	0.00900	0.00998	0.07809	0.07435	0.33686	0.16092	0.19611	0.01007	0.00244	0.00353	0.03681	0.00425	0.00422
35	0.04167	0.01064	0.05276	0.02825	0.10344	0.03847	0.03769	0.12015	0.07824	0.26225	0.04730	0.07211	0.01308	0.03973	0.00607	0.00168	0.02966	0.00546	0.00434	0.00701
36	0.04289	0.03099	0.09014	0.11831	0.14996	0.04146	0.09204	0.11232	0.06305	0.02872	0.08089	0.07317	0.04235	0.00633	0.00499	0.00155	0.00543	0.00561	0.00337	0.00642

[dist]
# distance from previous block
# <min> <max>
0	4

[block]
# block no. 7 follows, 52 sequences, length 33
# corresponding to MSA columns:
# 610-642
name=unknown_H
#
# <colnr> <probs for GDERKNQSTAVLIFYWHMCP>
#	G	D	E	R	K	N	Q	S	T	A	V	L	I	F	Y	W	H	M	C	P
0	0.01346	0.13710	0.13081	0.02650	0.15017	0.11348	0.04725	0.09364	0.01259	0.10016	0.05425	0.07643	0.01153	0.00591	0.00468	0.00143	0.00574	0.00491	0.00327	0.00669
1	0.08582	0.03245	0.15657	0.15142	0.09606	0.02499	0.06447	0.10298	0.03310	0.01670	0.01146	0.11734	0.01026	0.00624	0.00518	0.00157	0.03540	0.00528	0.00298	0.03973
2	0.04785	0.42948	0.06379	0.00951	0.01362	0.04049	0.00892	0.23740	0.01398	0.07993	0.00926	0.00975	0.00722	0.00484	0.00387	0.00125	0.00531	0.00336	0.00323	0.00696
3	0.00904	0.00730	0.00943	0.00874	0.00971	0.00839	0.00677	0.04374	0.05757	0.04580	0.11207	0.29233	0.08188	0.01073	0.00867	0.00184	0.24231	0.00852	0.00395	0.03120
4	0.00961	0.08628	0.10626	0.00712	0.00975	0.00772	0.00654	0.05261	0.04223	0.01775	0.17404	0.01998	0.04812	0.00639	0.00423	0.00128	0.00348	0.00521	0.31871	0.07270
5	0.01536	0.01000	0.01288	0.03035	0.04389	0.01053	0.05247	0.19449	0.18417	0.23800	0.04904	0.06138	0.01353	0.00730	0.02267	0.00171	0.03460	0.00555	0.00474	0.00734
6	0.05032	0.00577	0.00751	0.00732	0.00852	0.00555	0.02852	0.01109	0.04286	0.14637	0.02153	0.44373	0.02321	0.16354	0.00917	0.00235	0.00364	0.00989	0.00435	0.00478
7	0.01225	0.00737	0.00865	0.00750	0.00971	0.00735	0.00582	0.10077	0.13114	0.19145	0.18665	0.06583	0.10344	0.05573	0.00623	0.00171	0.00345	0.00685	0.08203	0.00608
8	0.00964	0.00932	0.01627	0.66225	0.05905	0.01102	0.10560	0.01337	0.04059	0.01319	0.00921	0.01311	0.00694	0.00480	0.00495	0.00161	0.00654	0.00452	0.00231	0.00569
9	0.04077	0.10020	0.01491	0.02055	0.04512	0.16645	0.00899	0.34698	0.06731	0.11184	0.01136	0.01156	0.00835	0.00549	0.00470	0.00140	0.01866	0.00402	0.00402	0.00731
10	0.38389	0.00893	0.00945	0.00800	0.01076	0.00979	0.03895	0.10633	0.05469	0.11319	0.01136	0.01312	0.00884	0.04163	0.10242	0.00237	0.00523	0.00400	0.06114	0.00590
11	0.03109	0.00600	0.00665	0.00680	0.03773	0.00608	0.00484	0.07186	0.05519	0.01792	0.07823	0.12165	0.12100	0.00800	0.00446	0.00140	0.00286	0.00671	0.40652	0.00500
12	0.02559	0.01058	0.01276	0.01317	0.16290	0.07035	0.00881	0.13370	0.11006	0.25632	0.04567	0.05012	0.02938	0.00759	0.03914	0.00177	0.00514	0.00526	0.00444	0.00725
13	0.00757	0.00614	0.00988	0.00882	0.00994	0.00619	0.12961	0.00895	0.00855	0.01164	0.01628	0.15886	0.01751	0.30953	0.22168	0.00442	0.00708	0.05009	0.00312	0.00413
14	0.00742	0.00526	0.00649	0.00699	0.00791	0.00524	0.00525	0.00998	0.08056	0.01468	0.09827	0.30577	0.06845	0.07812	0.00730	0.00206	0.00330	0.18172	0.10078	0.00445
15	0.00826	0.00707	0.04337	0.13967	0.01361	0.00657	0.06709	0.01032	0.01058	0.04624	0.18667	0.16369	0.04350	0.14147	0.00872	0.00221	0.00441	0.08798	0.00384	0.00472
16	0.08442	0.01305	0.16027	0.07023	0.12705	0.01203	0.09274	0.04338	0.00976	0.01494	0.00906	0.04379	0.00802	0.03633	0.00883	0.00184	0.25107	0.00463	0.00249	0.00608
17	0.00851	0.00607	0.00821	0.13721	0.01216	0.00615	0.00639	0.01137	0.06149	0.07672	0.38432	0.12132	0.10262	0.00949	0.00554	0.00162	0.00333	0.02777	0.00465	0.00506
18	0.01033	0.00593	0.00640	0.00591	0.00748	0.00604	0.00457	0.09082	0.03965	0.05626	0.04599	0.02122	0.04744	0.03932	0.01738	0.00152	0.00308	0.03533	0.55023	0.00511
19	0.01020	0.04575	0.12658	0.03300	0.01643	0.01022	0.23007	0.01413	0.08438	0.04455	0.01353	0.08585	0.02395	0.04173	0.10897	0.00256	0.07001	0.01576	0.01643	0.00592
20	0.01297	0.48437	0.01941	0.07284	0.01388	0.11283	0.00846	0.04379	0.01096	0.04354	0.01022	0.05740	0.00969	0.02412	0.00443	0.00136	0.00549	0.05561	0.00271	0.00592
