[name]
unknown

[dist]
# distance from previous block
# <min> <max>
0	65

[block]
# block no. 0 follows, 62 sequences, length 9
# corresponding to MSA columns:
# 75-83
name=unknown_A
#
# <colnr> <probs for GDERKNQSTAVLIFYWHMCP>
#	G	D	E	R	K	N	Q	S	T	A	V	L	I	F	Y	W	H	M	C	P
0	0.05047	0.04305	0.03770	0.00790	0.03502	0.05016	0.01873	0.09374	0.00971	0.02723	0.01459	0.28570	0.01533	0.05272	0.06343	0.00192	0.02453	0.04879	0.04092	0.07836
1	0.03495	0.09915	0.17405	0.03053	0.06337	0.00923	0.04414	0.08554	0.05943	0.12202	0.07019	0.01504	0.04779	0.04829	0.00517	0.00143	0.02062	0.01574	0.02652	0.02677
2	0.05247	0.31429	0.14264	0.06031	0.05481	0.01199	0.03504	0.07842	0.02369	0.05532	0.00845	0.04507	0.00710	0.00449	0.00385	0.00117	0.02721	0.00343	0.00245	0.06782
3	0.05269	0.04482	0.00734	0.00627	0.00743	0.00588	0.00468	0.02921	0.04269	0.07472	0.03716	0.08623	0.01232	0.13569	0.21217	0.18580	0.00549	0.00501	0.00283	0.04159
4	0.12322	0.00789	0.04423	0.05347	0.09235	0.00777	0.00675	0.11887	0.09143	0.04657	0.15859	0.10703	0.09076	0.00707	0.00465	0.02129	0.00352	0.00575	0.00360	0.00518
5	0.00992	0.00666	0.00789	0.00722	0.03393	0.00687	0.00546	0.16198	0.07216	0.09065	0.24233	0.04515	0.09046	0.00707	0.00471	0.00132	0.02922	0.02421	0.14762	0.00516
6	0.01176	0.37963	0.10347	0.02870	0.01273	0.12762	0.02562	0.12329	0.01068	0.01311	0.00794	0.01031	0.00686	0.00527	0.02450	0.00130	0.04166	0.03998	0.02002	0.00553
7	0.11454	0.00823	0.00991	0.00778	0.01095	0.00802	0.00639	0.14484	0.06910	0.55314	0.01457	0.01306	0.00952	0.00513	0.00409	0.00132	0.00373	0.00402	0.00475	0.00691
8	0.01366	0.01524	0.01143	0.01095	0.06581	0.50374	0.02617	0.05613	0.06857	0.04419	0.04769	0.07804	0.00997	0.00543	0.00413	0.00122	0.00606	0.00414	0.02221	0.00522

[dist]
# distance from previous block
# <min> <max>
0	1

[block]
# block no. 1 follows, 62 sequences, length 7
# corresponding to MSA columns:
# 85-91
name=unknown_B
#
# <colnr> <probs for GDERKNQSTAVLIFYWHMCP>
#	G	D	E	R	K	N	Q	S	T	A	V	L	I	F	Y	W	H	M	C	P
0	0.03314	0.22530	0.28888	0.01096	0.03636	0.01175	0.10037	0.05724	0.07109	0.08421	0.00888	0.00979	0.00667	0.00429	0.00418	0.00126	0.03361	0.00341	0.00250	0.00610
1	0.01376	0.00630	0.00807	0.00659	0.00893	0.00579	0.00529	0.06975	0.01217	0.43556	0.22519	0.01890	0.01807	0.00610	0.00427	0.00127	0.00302	0.00509	0.14000	0.00589
2	0.00585	0.00453	0.00532	0.00550	0.00656	0.00422	0.00409	0.00774	0.06451	0.01273	0.17249	0.22467	0.34871	0.01088	0.00555	0.03207	0.00248	0.07425	0.00403	0.00382
3	0.01109	0.04574	0.16326	0.07123	0.17578	0.06648	0.06841	0.06555	0.04038	0.09158	0.00954	0.03009	0.00765	0.02949	0.01890	0.00152	0.07800	0.00398	0.01544	0.00589
4	0.00551	0.00411	0.00484	0.00518	0.00586	0.00377	0.00358	0.00638	0.00867	0.01116	0.09738	0.29521	0.28640	0.18990	0.00874	0.00212	0.00276	0.05133	0.00372	0.00339
5	0.02989	0.00940	0.01285	0.11105	0.28445	0.05319	0.03854	0.12443	0.08444	0.03353	0.02758	0.01355	0.00906	0.09140	0.05666	0.00193	0.00529	0.00423	0.00279	0.00575
6	0.00577	0.00422	0.00524	0.00583	0.00633	0.00408	0.00401	0.00714	0.05116	0.01117	0.04846	0.51042	0.09461	0.15560	0.00813	0.00210	0.00286	0.06557	0.00376	0.00354

[dist]
# distance from previous block
# <min> <max>
12	25

[block]
# block no. 2 follows, 62 sequences, length 7
# corresponding to MSA columns:
# 117-123
name=unknown_C
#
# <colnr> <probs for GDERKNQSTAVLIFYWHMCP>
#	G	D	E	R	K	N	Q	S	T	A	V	L	I	F	Y	W	H	M	C	P
0	0.01072	0.10245	0.01000	0.00758	0.00976	0.00899	0.00602	0.07760	0.33753	0.11287	0.06901	0.17127	0.01595	0.00700	0.00435	0.00139	0.00333	0.00591	0.03245	0.00581
1	0.01000	0.01002	0.01031	0.00931	0.01029	0.18481	0.00735	0.07734	0.00909	0.01164	0.00968	0.10514	0.00953	0.01351	0.21943	0.00291	0.28792	0.00468	0.00247	0.00458
2	0.03172	0.15369	0.01847	0.01200	0.01564	0.03190	0.33907	0.06757	0.01026	0.08178	0.00850	0.01010	0.00654	0.00401	0.00462	0.00121	0.05080	0.00382	0.00255	0.14576
3	0.00595	0.00484	0.00601	0.09897	0.00858	0.00488	0.00456	0.00707	0.00879	0.01127	0.11583	0.12612	0.35054	0.17375	0.00870	0.00200	0.04729	0.00779	0.00342	0.00361
4	0.00618	0.00417	0.00484	0.00484	0.00491	0.00424	0.00283	0.00632	0.00625	0.00840	0.01322	0.02682	0.01502	0.77472	0.09679	0.00438	0.00480	0.00604	0.00255	0.00269
5	0.54028	0.08539	0.12905	0.00663	0.00965	0.00948	0.00628	0.01189	0.00757	0.01602	0.00708	0.00964	0.00609	0.09903	0.00501	0.00157	0.00393	0.00287	0.00243	0.04012
6	0.06078	0.35174	0.30067	0.00964	0.01396	0.07433	0.03865	0.01416	0.07648	0.01255	0.00761	0.00857	0.00605	0.00403	0.00348	0.00116	0.00531	0.00292	0.00211	0.00578

[dist]
# distance from previous block
# <min> <max>
0	1

[block]
# block no. 3 follows, 62 sequences, length 18
# corresponding to MSA columns:
# 125-142
name=unknown_D
#
# <colnr> <probs for GDERKNQSTAVLIFYWHMCP>
#	G	D	E	R	K	N	Q	S	T	A	V	L	I	F	Y	W	H	M	C	P
0	0.11545	0.02032	0.72761	0.01133	0.01717	0.00984	0.01436	0.01336	0.00877	0.01416	0.00743	0.00873	0.00529	0.00403	0.00387	0.00134	0.00592	0.00304	0.00190	0.00608
1	0.01055	0.00960	0.01246	0.09572	0.17437	0.07763	0.07460	0.10746	0.17528	0.03049	0.10385	0.06873	0.02894	0.00576	0.00447	0.00136	0.00453	0.00511	0.00330	0.00579
2	0.00633	0.00455	0.00488	0.00470	0.00624	0.00384	0.00356	0.00748	0.00997	0.08419	0.07240	0.06452	0.69172	0.01028	0.00497	0.00143	0.00229	0.00861	0.00410	0.00393
3	0.00652	0.00488	0.00686	0.05234	0.00774	0.00509	0.05578	0.00721	0.00670	0.00907	0.01237	0.02364	0.01337	0.58439	0.18258	0.00435	0.00587	0.00565	0.00245	0.00315
4	0.88052	0.00823	0.00625	0.00560	0.00823	0.00955	0.00461	0.01251	0.00724	0.01909	0.00592	0.00691	0.00461	0.00395	0.00263	0.00132	0.00329	0.00230	0.00263	0.00461
5	0.00629	0.00485	0.00717	0.00705	0.00773	0.00578	0.00549	0.00772	0.00680	0.00985	0.01109	0.01661	0.01047	0.05747	0.75365	0.00643	0.06494	0.00456	0.00226	0.00381
6	0.00966	0.01042	0.06582	0.10787	0.35664	0.04768	0.13274	0.01267	0.04473	0.01322	0.01039	0.07421	0.02910	0.00479	0.00436	0.00131	0.00518	0.00461	0.00238	0.06220
7	0.30313	0.33041	0.11191	0.00771	0.01109	0.07722	0.00749	0.04494	0.00899	0.01431	0.00713	0.00924	0.00613	0.00429	0.00315	0.00118	0.00456	0.03956	0.00232	0.00523
8	0.00578	0.00432	0.00557	0.00596	0.00678	0.00382	0.00412	0.00676	0.00843	0.01161	0.05834	0.68112	0.02536	0.01156	0.00506	0.00154	0.00255	0.01042	0.00377	0.13713
9	0.01168	0.08932	0.05696	0.06575	0.31597	0.10722	0.05566	0.02930	0.01021	0.10903	0.01957	0.01282	0.03611	0.00475	0.00448	0.00129	0.03162	0.02965	0.00262	0.00598
10	0.00533	0.00428	0.00478	0.00485	0.00605	0.00372	0.00362	0.00661	0.01004	0.01267	0.20684	0.12683	0.53650	0.01065	0.00510	0.00147	0.00223	0.04065	0.00411	0.00368
11	0.02270	0.03818	0.02894	0.13136	0.10271	0.15783	0.10840	0.02238	0.12847	0.01278	0.02421	0.06101	0.03684	0.02726	0.05108	0.00173	0.03156	0.00463	0.00266	0.00526
12	0.00561	0.00444	0.00605	0.00616	0.00707	0.00405	0.04855	0.00677	0.00910	0.01183	0.10532	0.43491	0.24682	0.03292	0.00570	0.00167	0.00272	0.05276	0.00389	0.00368
13	0.00779	0.00588	0.00883	0.09019	0.07129	0.00650	0.02859	0.03526	0.00819	0.03380	0.05632	0.07687	0.01253	0.06697	0.26278	0.11055	0.06059	0.02928	0.02370	0.00411
14	0.00631	0.00462	0.00649	0.00638	0.00711	0.00498	0.01642	0.00753	0.00759	0.02634	0.07573	0.11346	0.06480	0.15863	0.45051	0.00479	0.02564	0.00615	0.00284	0.00368
15	0.02927	0.08992	0.01177	0.01929	0.01169	0.07583	0.00713	0.30252	0.19288	0.10429	0.02308	0.04645	0.04098	0.00568	0.00433	0.00131	0.01900	0.00441	0.00387	0.00632
16	0.01696	0.03709	0.01092	0.00837	0.02437	0.00821	0.00680	0.15458	0.01282	0.55531	0.01437	0.02932	0.00970	0.00542	0.00483	0.00132	0.05783	0.00421	0.01705	0.02051
17	0.25933	0.03370	0.00863	0.00723	0.02359	0.07429	0.02277	0.08472	0.01039	0.11184	0.09673	0.01513	0.08346	0.00619	0.02408	0.00140	0.02792	0.00421	0.08403	0.02036

[dist]
# distance from previous block
# <min> <max>
0	1

[block]
# block no. 4 follows, 62 sequences, length 14
# corresponding to MSA columns:
# 144-157
name=unknown_E
#
# <colnr> <probs for GDERKNQSTAVLIFYWHMCP>
#	G	D	E	R	K	N	Q	S	T	A	V	L	I	F	Y	W	H	M	C	P
0	0.00633	0.00417	0.00549	0.00615	0.00664	0.00398	0.00438	0.00723	0.00832	0.04965	0.02127	0.51771	0.02448	0.15336	0.00819	0.00216	0.00308	0.16006	0.00378	0.00358
1	0.00981	0.02183	0.02729	0.16828	0.09966	0.08060	0.04458	0.08005	0.07455	0.01335	0.05187	0.06251	0.01005	0.00800	0.07417	0.00190	0.15908	0.00456	0.00264	0.00521
2	0.03475	0.00787	0.00855	0.00720	0.00966	0.04330	0.01842	0.05835	0.20360	0.09842	0.01645	0.07463	0.09919	0.00598	0.00421	0.00120	0.01880	0.00490	0.08216	0.20237
3	0.03886	0.00636	0.00733	0.00721	0.00799	0.08003	0.00550	0.00861	0.00756	0.01053	0.01242	0.12510	0.01265	0.08627	0.44083	0.00452	0.08002	0.03176	0.02257	0.00387
4	0.00744	0.00475	0.00595	0.00591	0.00694	0.00443	0.00422	0.00902	0.04780	0.10233	0.14615	0.35716	0.08405	0.12870	0.00736	0.00188	0.00284	0.02837	0.00397	0.04074
5	0.15592	0.23381	0.08929	0.07462	0.10159	0.08611	0.04792	0.04087	0.02396	0.03896	0.00765	0.02535	0.00633	0.00438	0.00407	0.00124	0.04687	0.00325	0.00232	0.00550
6	0.00566	0.00447	0.00531	0.00558	0.02543	0.00405	0.00404	0.00699	0.00983	0.01264	0.21468	0.08450	0.43079	0.05744	0.04293	0.00186	0.00287	0.07328	0.00392	0.00374
7	0.01256	0.09214	0.07137	0.01124	0.08346	0.04608	0.05679	0.27747	0.20397	0.03977	0.01140	0.03963	0.00890	0.00514	0.00436	0.00131	0.02033	0.00418	0.00344	0.00647
8	0.00696	0.00522	0.00735	0.00758	0.04632	0.00590	0.00543	0.04800	0.00761	0.01092	0.01143	0.01750	0.01087	0.14606	0.58423	0.00556	0.02858	0.00468	0.03584	0.00396
9	0.09065	0.08270	0.11298	0.03631	0.05084	0.03600	0.04154	0.26361	0.12345	0.07277	0.01102	0.02853	0.02114	0.00494	0.00402	0.00130	0.00465	0.00391	0.00335	0.00629
10	0.03859	0.08745	0.19537	0.03986	0.12057	0.01016	0.02735	0.17601	0.02436	0.14809	0.01099	0.02531	0.00865	0.00512	0.00418	0.00133	0.00484	0.06233	0.00317	0.00630
11	0.01059	0.02995	0.06975	0.08343	0.54835	0.01010	0.01187	0.03927	0.08488	0.03993	0.02504	0.01143	0.00791	0.00421	0.00420	0.00129	0.00490	0.00390	0.00249	0.00651
12	0.00774	0.00573	0.00674	0.00664	0.03202	0.02092	0.00477	0.08744	0.03215	0.04599	0.25491	0.12153	0.18026	0.10584	0.02871	0.00188	0.00323	0.04523	0.00396	0.00431
13	0.05700	0.18703	0.09402	0.02950	0.15604	0.17809	0.03017	0.01509	0.10542	0.04648	0.00859	0.00959	0.00682	0.00418	0.00371	0.00116	0.00521	0.00322	0.00248	0.05620

[dist]
# distance from previous block
# <min> <max>
1	12

[block]
# block no. 5 follows, 62 sequences, length 9
# corresponding to MSA columns:
# 171-179
name=unknown_F
#
# <colnr> <probs for GDERKNQSTAVLIFYWHMCP>
#	G	D	E	R	K	N	Q	S	T	A	V	L	I	F	Y	W	H	M	C	P
0	0.01287	0.00654	0.00819	0.00641	0.00929	0.00545	0.00516	0.01455	0.01070	0.39242	0.06570	0.01762	0.12008	0.00561	0.00403	0.00112	0.00309	0.00461	0.06307	0.24348
1	0.01034	0.49085	0.03844	0.00793	0.01103	0.01331	0.03959	0.01445	0.20219	0.01261	0.05939	0.04193	0.03193	0.00500	0.00354	0.00114	0.00413	0.00387	0.00274	0.00559
2	0.01176	0.58049	0.08157	0.00817	0.01182	0.12630	0.00792	0.04286	0.00957	0.01125	0.00642	0.00738	0.00559	0.00379	0.00307	0.00096	0.00501	0.00248	0.00201	0.07157
3	0.00551	0.00421	0.00506	0.00510	0.00611	0.00376	0.00373	0.00695	0.01046	0.01391	0.39403	0.19444	0.31066	0.01033	0.00510	0.00145	0.00215	0.00900	0.00428	0.00376
4	0.06729	0.02619	0.16152	0.02558	0.13084	0.05042	0.00820	0.01067	0.00941	0.04179	0.09976	0.13590	0.08787	0.04031	0.02253	0.00164	0.00432	0.06783	0.00305	0.00490
5	0.15047	0.02547	0.04265	0.03048	0.25716	0.03075	0.06189	0.09606	0.06685	0.10127	0.00938	0.01061	0.00716	0.00494	0.02111	0.00141	0.03442	0.00365	0.00289	0.04139
6	0.00987	0.00744	0.00972	0.01049	0.15458	0.02332	0.02453	0.04927	0.13582	0.10954	0.09733	0.07494	0.10679	0.06391	0.00571	0.00155	0.00367	0.05001	0.00367	0.05783
7	0.00535	0.00404	0.00493	0.00546	0.00618	0.00367	0.00388	0.00637	0.00901	0.01163	0.09777	0.44493	0.27631	0.03941	0.00583	0.00170	0.00248	0.06353	0.00397	0.00355
8	0.01136	0.07114	0.04341	0.08892	0.12405	0.04311	0.14385	0.09978	0.06264	0.11855	0.04255	0.04249	0.05146	0.00603	0.03043	0.00150	0.00510	0.00468	0.00310	0.00585

[dist]
# distance from previous block
# <min> <max>
11	17

[block]
# block no. 6 follows, 62 sequences, length 7
# corresponding to MSA columns:
# 205-211
name=unknown_G
#
# <colnr> <probs for GDERKNQSTAVLIFYWHMCP>
#	G	D	E	R	K	N	Q	S	T	A	V	L	I	F	Y	W	H	M	C	P
0	0.01115	0.24117	0.23710	0.02806	0.09397	0.03087	0.03219	0.01424	0.04846	0.12685	0.03321	0.01133	0.03107	0.00462	0.00423	0.00124	0.03807	0.00359	0.00261	0.00598
1	0.00620	0.00410	0.00485	0.00491	0.00496	0.00413	0.00289	0.00621	0.00630	0.00844	0.01347	0.07427	0.01539	0.69736	0.06790	0.06267	0.00442	0.00627	0.00259	0.00265
2	0.00840	0.04946	0.10775	0.07322	0.09120	0.03465	0.06740	0.04816	0.06323	0.01378	0.11866	0.16049	0.07765	0.00737	0.00467	0.00144	0.00421	0.06005	0.00320	0.00503
3	0.01275	0.08086	0.04253	0.08641	0.09996	0.09601	0.11792	0.17953	0.05277	0.11242	0.02719	0.01244	0.00847	0.00485	0.00443	0.00131	0.02037	0.03059	0.00311	0.00609
4	0.01204	0.03610	0.02778	0.06472	0.09087	0.04191	0.04280	0.11261	0.09320	0.19218	0.08515	0.05948	0.01290	0.00663	0.03227	0.00151	0.00437	0.01935	0.05826	0.00587
5	0.00649	0.00464	0.00572	0.00583	0.00661	0.00452	0.00414	0.04520	0.00937	0.03690	0.14237	0.38064	0.16241	0.10768	0.03104	0.00201	0.02763	0.00914	0.00385	0.00380
6	0.01179	0.08528	0.13942	0.04711	0.12015	0.04275	0.05716	0.11525	0.02961	0.13179	0.01070	0.04563	0.02345	0.00481	0.00426	0.00124	0.02203	0.00399	0.00296	0.10063

[dist]
# distance from previous block
# <min> <max>
2	6

[block]
# block no. 7 follows, 62 sequences, length 15
# corresponding to MSA columns:
# 218-232
name=unknown_H
#
# <colnr> <probs for GDERKNQSTAVLIFYWHMCP>
#	G	D	E	R	K	N	Q	S	T	A	V	L	I	F	Y	W	H	M	C	P
0	0.00997	0.06587	0.09967	0.22280	0.12086	0.03217	0.02448	0.02870	0.02613	0.09302	0.05830	0.05420	0.01004	0.03863	0.00569	0.01118	0.06188	0.00438	0.00266	0.02938
1	0.04798	0.16500	0.05449	0.01024	0.06577	0.19318	0.00815	0.14932	0.13901	0.01526	0.00892	0.00962	0.00707	0.00455	0.00414	0.00118	0.03941	0.00326	0.00281	0.07063
2	0.00725	0.03963	0.00628	0.00563	0.00625	0.02638	0.00385	0.00805	0.03466	0.03846	0.10155	0.10120	0.03591	0.40789	0.03709	0.08865	0.00392	0.04096	0.00305	0.00334
3	0.00940	0.00837	0.05133	0.06426	0.17446	0.00807	0.04807	0.05839	0.13038	0.06355	0.18292	0.06833	0.07388	0.00649	0.00489	0.00139	0.03110	0.00568	0.00349	0.00554
4	0.01055	0.04464	0.00986	0.00708	0.01046	0.00777	0.00574	0.14064	0.09708	0.05643	0.01187	0.01221	0.06361	0.00440	0.00362	0.00092	0.00344	0.00350	0.00320	0.50295
5	0.00929	0.00834	0.00818	0.00772	0.03581	0.15841	0.00552	0.01048	0.00895	0.05147	0.06637	0.07880	0.01349	0.19383	0.09989	0.00245	0.03318	0.03772	0.00285	0.16724
6	0.76942	0.00779	0.00625	0.00564	0.00807	0.00890	0.00455	0.01220	0.00741	0.04658	0.00749	0.04954	0.00644	0.04096	0.00365	0.00146	0.00330	0.00302	0.00279	0.00456
7	0.00969	0.06312	0.36677	0.04732	0.15124	0.01026	0.04120	0.07101	0.11045	0.01484	0.04183	0.01220	0.02035	0.00466	0.00417	0.00133	0.00525	0.01558	0.00253	0.00619
8	0.00831	0.00636	0.00808	0.00925	0.12292	0.03816	0.00594	0.01063	0.07775	0.08101	0.12552	0.33793	0.06560	0.00901	0.00483	0.00146	0.00321	0.03218	0.00379	0.04804
9	0.00582	0.00456	0.00586	0.03862	0.00748	0.00439	0.01564	0.01847	0.00941	0.01234	0.16590	0.34982	0.25197	0.03816	0.00594	0.00164	0.02518	0.03118	0.00387	0.00374
10	0.03136	0.04679	0.01365	0.03856	0.08052	0.02210	0.08479	0.19304	0.04090	0.04858	0.00922	0.03890	0.00783	0.02226	0.05874	0.00186	0.24824	0.00421	0.00281	0.00561
11	0.01176	0.01191	0.14302	0.01059	0.05094	0.06052	0.04450	0.20219	0.12211	0.08321	0.03286	0.04217	0.04978	0.00636	0.02388	0.00152	0.08878	0.00452	0.00333	0.00606
12	0.03169	0.03562	0.00833	0.00844	0.08883	0.05275	0.00566	0.00882	0.00752	0.01044	0.01162	0.01786	0.03678	0.21955	0.36898	0.00434	0.02843	0.00465	0.00238	0.04732
13	0.12739	0.07553	0.07404	0.02915	0.09289	0.03071	0.03958	0.18288	0.12322	0.11158	0.04804	0.01231	0.02460	0.00491	0.00399	0.00130	0.00437	0.00393	0.00341	0.00617
14	0.02192	0.08488	0.05341	0.05887	0.01983	0.02765	0.01735	0.14849	0.08083	0.03708	0.17276	0.12620	0.07258	0.02901	0.00518	0.00144	0.02785	0.00596	0.00358	0.00515

[dist]
# distance from previous block
# <min> <max>
2	31

[block]
# block no. 8 follows, 62 sequences, length 7
# corresponding to MSA columns:
# 266-272
name=unknown_I
#
# <colnr> <probs for GDERKNQSTAVLIFYWHMCP>
#	G	D	E	R	K	N	Q	S	T	A	V	L	I	F	Y	W	H	M	C	P
0	0.04216	0.00827	0.05445	0.20889	0.10218	0.00818	0.02214	0.09953	0.04383	0.03898	0.11255	0.06517	0.08872	0.03000	0.00511	0.00145	0.02390	0.00525	0.00310	0.03615
1	0.01153	0.09896	0.10613	0.03012	0.07550	0.08695	0.04567	0.10692	0.17660	0.08197	0.02417	0.05929	0.03185	0.02815	0.00478	0.00139	0.01637	0.00449	0.00321	0.00594
2	0.00629	0.00553	0.05804	0.00617	0.00711	0.00492	0.00478	0.00750	0.00745	0.01048	0.09210	0.09363	0.01622	0.30643	0.31827	0.00435	0.00658	0.00592	0.00274	0.03549
3	0.06466	0.03927	0.46543	0.01335	0.06494	0.01019	0.18960	0.04747	0.00972	0.01450	0.03612	0.01028	0.00695	0.00412	0.00419	0.00134	0.00596	0.00371	0.00215	0.00603
4	0.00550	0.00430	0.00494	0.00496	0.00609	0.00381	0.00370	0.00684	0.01018	0.01313	0.28477	0.10123	0.43794	0.04540	0.00580	0.00157	0.00231	0.04974	0.00412	0.00369
5	0.00647	0.00479	0.00672	0.05331	0.00823	0.00532	0.00510	0.00774	0.03300	0.01042	0.06564	0.09920	0.07306	0.08122	0.37111	0.11811	0.03850	0.00575	0.00271	0.00360
6	0.01003	0.00855	0.03886	0.19231	0.26910	0.00863	0.05415	0.04803	0.02248	0.08088	0.03311	0.01423	0.00920	0.04218	0.03769	0.00167	0.02373	0.02834	0.07123	0.00558

[dist]
# distance from previous block
# <min> <max>
6	11

[block]
# block no. 9 follows, 62 sequences, length 23
# corresponding to MSA columns:
# 288-310
name=unknown_J
#
# <colnr> <probs for GDERKNQSTAVLIFYWHMCP>
#	G	D	E	R	K	N	Q	S	T	A	V	L	I	F	Y	W	H	M	C	P
0	0.09208	0.04049	0.02365	0.25048	0.14865	0.04349	0.09550	0.01170	0.00906	0.04921	0.01122	0.09522	0.03452	0.00597	0.01583	0.00149	0.02513	0.03866	0.00254	0.00511
1	0.01040	0.03938	0.23402	0.07202	0.08747	0.00915	0.12274	0.04669	0.02914	0.12339	0.01103	0.09707	0.00931	0.03217	0.00539	0.00148	0.04553	0.00474	0.00277	0.01611
2	0.00588	0.00431	0.00576	0.00608	0.00662	0.00452	0.00434	0.00712	0.02793	0.01026	0.01780	0.29653	0.06052	0.16755	0.33449	0.00414	0.00631	0.02324	0.00306	0.00354
3	0.00751	0.00689	0.00916	0.00851	0.00882	0.02492	0.00670	0.00845	0.00733	0.01040	0.01410	0.24466	0.06939	0.03531	0.11486	0.00247	0.40721	0.00656	0.00266	0.00409
4	0.01201	0.07267	0.17952	0.12353	0.10605	0.05144	0.06981	0.17114	0.06571	0.09280	0.00959	0.01066	0.00702	0.00444	0.00414	0.00130	0.00532	0.00371	0.00287	0.00627
5	0.00846	0.00818	0.01293	0.73604	0.05965	0.03674	0.01161	0.01113	0.00857	0.01094	0.00744	0.01108	0.00570	0.00441	0.00476	0.00143	0.05045	0.00374	0.00191	0.00481
6	0.00590	0.00416	0.00527	0.00579	0.00650	0.00385	0.00419	0.00698	0.00905	0.03375	0.10726	0.43654	0.17576	0.06112	0.00630	0.00179	0.00269	0.11547	0.00398	0.00365
7	0.00925	0.01185	0.12561	0.03091	0.01983	0.00975	0.58968	0.01275	0.01001	0.01370	0.07001	0.01422	0.05225	0.00442	0.00488	0.00142	0.00638	0.00516	0.00238	0.00555
8	0.00830	0.00692	0.00761	0.00684	0.00894	0.00703	0.00532	0.04240	0.31296	0.01487	0.04413	0.06390	0.21950	0.02072	0.03322	0.00157	0.00331	0.04710	0.00382	0.14154
9	0.00589	0.00398	0.00481	0.00522	0.00538	0.00389	0.00326	0.00630	0.00715	0.00966	0.01758	0.34234	0.02047	0.47257	0.01427	0.00303	0.00341	0.03470	0.03309	0.00301
10	0.04418	0.00527	0.00628	0.00597	0.00730	0.00512	0.00447	0.05938	0.05166	0.07389	0.33424	0.22986	0.13736	0.00931	0.00489	0.00145	0.00255	0.00810	0.00431	0.00442
11	0.00716	0.00515	0.00639	0.00647	0.00752	0.00496	0.00475	0.07533	0.03596	0.02571	0.04034	0.45629	0.04870	0.04702	0.00630	0.04021	0.00303	0.09646	0.00375	0.07849
12	0.00629	0.00378	0.00514	0.00553	0.00563	0.00368	0.00359	0.00581	0.00670	0.00894	0.01492	0.35004	0.01717	0.16610	0.01306	0.36737	0.00328	0.00751	0.00282	0.00262
13	0.00603	0.00421	0.00535	0.00548	0.00574	0.00441	0.00359	0.00659	0.00663	0.00908	0.01404	0.12660	0.01556	0.49453	0.26920	0.00466	0.00615	0.00642	0.00266	0.00306
14	0.00524	0.00432	0.00460	0.00453	0.00588	0.00368	0.00340	0.00652	0.01020	0.01268	0.20879	0.03900	0.65577	0.01033	0.00503	0.00142	0.00212	0.00871	0.00411	0.00368
15	0.00974	0.37514	0.48586	0.01007	0.01523	0.01284	0.01213	0.01316	0.00884	0.01200	0.00690	0.00807	0.00542	0.00387	0.00348	0.00116	0.00555	0.00277	0.00181	0.00594
16	0.42215	0.00773	0.00791	0.00659	0.00940	0.00808	0.00539	0.01659	0.08041	0.34260	0.01161	0.01111	0.00798	0.00468	0.00346	0.00131	0.00338	0.00339	0.04040	0.00582
17	0.28972	0.00778	0.00842	0.00689	0.00960	0.00796	0.00558	0.12911	0.01120	0.34440	0.02735	0.04105	0.00957	0.04145	0.00450	0.00143	0.00355	0.00399	0.04057	0.00588
18	0.01427	0.01196	0.01224	0.02979	0.01323	0.10938	0.03798	0.48071	0.17905	0.02173	0.01136	0.02330	0.00849	0.00519	0.00424	0.00130	0.00481	0.00407	0.02029	0.00663
19	0.00769	0.00547	0.00715	0.04197	0.00860	0.00523	0.00487	0.00897	0.00775	0.06463	0.01210	0.07349	0.01188	0.21426	0.27121	0.00360	0.00610	0.01817	0.00273	0.22413
20	0.00574	0.00480	0.00506	0.00503	0.00643	0.00440	0.00375	0.00809	0.10168	0.01249	0.08607	0.11682	0.60379	0.01033	0.00499	0.00146	0.00232	0.00873	0.00404	0.00396
21	0.04656	0.60308	0.09535	0.00817	0.01188	0.04069	0.02090	0.05374	0.00946	0.05085	0.00687	0.00772	0.00577	0.00394	0.00328	0.00104	0.02027	0.00262	0.00216	0.00565
22	0.00890	0.06120	0.08209	0.02787	0.01064	0.07344	0.03608	0.04358	0.17017	0.02549	0.16889	0.10194	0.11257	0.02095	0.00481	0.00142	0.00383	0.02596	0.00357	0.01661

[dist]
# distance from previous block
# <min> <max>
1	14

[block]
# block no. 10 follows, 62 sequences, length 8
# corresponding to MSA columns:
# 325-332
name=unknown_K
#
# <colnr> <probs for GDERKNQSTAVLIFYWHMCP>
#	G	D	E	R	K	N	Q	S	T	A	V	L	I	F	Y	W	H	M	C	P
0	0.02705	0.24474	0.21103	0.00916	0.02893	0.01103	0.02501	0.05344	0.02799	0.04418	0.00894	0.00997	0.03477	0.00437	0.00429	0.00112	0.06666	0.00318	0.00238	0.18176
1	0.07479	0.02718	0.01389	0.34713	0.10699	0.06249	0.11207	0.08855	0.01018	0.03812	0.00871	0.03877	0.00696	0.00450	0.00416	0.00133	0.00533	0.00401	0.01902	0.02582
2	0.00739	0.00370	0.00554	0.00554	0.00554	0.00370	0.00370	0.00554	0.00554	0.00739	0.00739	0.01293	0.00739	0.01478	0.01663	0.87620	0.00370	0.00370	0.00185	0.00185
3	0.00963	0.09614	0.21225	0.02968	0.01324	0.08087	0.06516	0.02839	0.12014	0.01347	0.02662	0.04790	0.02311	0.00575	0.00498	0.00137	0.07605	0.06061	0.07927	0.00538
4	0.00614	0.00456	0.00597	0.00606	0.00660	0.00483	0.00441	0.00716	0.00784	0.01068	0.09854	0.12981	0.08513	0.25313	0.23165	0.00373	0.04792	0.07927	0.00308	0.00347
5	0.00600	0.00432	0.00566	0.00568	0.00621	0.00456	0.00399	0.00693	0.00729	0.01003	0.08228	0.06235	0.07276	0.33031	0.36779	0.00476	0.00686	0.00608	0.00278	0.00334
6	0.00672	0.00522	0.00600	0.00614	0.00691	0.03566	0.00436	0.02365	0.07611	0.01288	0.21943	0.33089	0.04133	0.12723	0.02637	0.02414	0.00317	0.03611	0.00382	0.00386
7	0.00650	0.00443	0.00556	0.00570	0.00662	0.00412	0.00416	0.03030	0.01022	0.04678	0.28588	0.35255	0.13128	0.01050	0.00508	0.00151	0.00242	0.04033	0.04210	0.00396

[dist]
# distance from previous block
# <min> <max>
5	21

[block]
# block no. 11 follows, 62 sequences, length 15
# corresponding to MSA columns:
# 359-373
name=unknown_L
#
# <colnr> <probs for GDERKNQSTAVLIFYWHMCP>
#	G	D	E	R	K	N	Q	S	T	A	V	L	I	F	Y	W	H	M	C	P
0	0.00787	0.00614	0.00888	0.02729	0.02685	0.02201	0.05787	0.04518	0.00822	0.04043	0.04435	0.01655	0.01114	0.09573	0.45898	0.02794	0.04913	0.00463	0.01756	0.02325
1	0.02301	0.02570	0.04701	0.12850	0.04095	0.03835	0.04237	0.11158	0.05356	0.26308	0.03805	0.02723	0.02288	0.00560	0.00514	0.00139	0.07496	0.03270	0.00360	0.01435
2	0.00707	0.00523	0.00598	0.00591	0.00688	0.00530	0.00414	0.02972	0.15361	0.03132	0.09789	0.23844	0.14482	0.23328	0.00939	0.00221	0.00306	0.00793	0.00376	0.00407
3	0.00900	0.00503	0.00648	0.00602	0.00752	0.00460	0.00467	0.01084	0.02537	0.19793	0.33776	0.13003	0.11379	0.00877	0.00487	0.00143	0.00263	0.07537	0.04321	0.00467
4	0.84708	0.00819	0.00639	0.00567	0.00833	0.00942	0.00467	0.01283	0.00743	0.05045	0.00635	0.00721	0.00484	0.00400	0.00270	0.00132	0.00330	0.00238	0.00274	0.00471
5	0.00611	0.00442	0.00613	0.00613	0.00664	0.00493	0.00443	0.00714	0.00663	0.00935	0.01205	0.02032	0.01220	0.29679	0.57086	0.00596	0.00904	0.00509	0.00238	0.00340
6	0.01343	0.00708	0.00865	0.00733	0.00974	0.00697	0.00595	0.11046	0.12080	0.34797	0.07184	0.03432	0.04096	0.00655	0.00441	0.00138	0.00339	0.09270	0.10002	0.00604
7	0.01318	0.00947	0.01038	0.00875	0.01152	0.01050	0.00697	0.20118	0.50963	0.14630	0.01562	0.01437	0.01130	0.00554	0.00431	0.00139	0.00371	0.00450	0.00446	0.00693
8	0.00726	0.00492	0.00616	0.00587	0.00706	0.00474	0.00439	0.02509	0.07073	0.06769	0.45891	0.17046	0.07661	0.00976	0.03206	0.00159	0.00266	0.00781	0.03189	0.00436
9	0.00622	0.00474	0.00698	0.00689	0.00760	0.00556	0.00534	0.00768	0.00702	0.01013	0.04471	0.01741	0.01181	0.05908	0.73474	0.00630	0.04691	0.00471	0.00237	0.00380
10	0.01083	0.03238	0.02915	0.33837	0.15319	0.17326	0.04584	0.06146	0.01021	0.02259	0.00797	0.02478	0.00641	0.00438	0.00429	0.00128	0.02007	0.00367	0.00225	0.04763
11	0.00621	0.00428	0.00560	0.00560	0.00591	0.00460	0.00377	0.00674	0.00642	0.00888	0.01226	0.02245	0.01304	0.46756	0.35754	0.05118	0.00711	0.00538	0.00242	0.00305
12	0.00644	0.00466	0.00675	0.00660	0.00729	0.00526	0.00499	0.00742	0.00669	0.00959	0.01077	0.01669	0.01034	0.09747	0.61054	0.11269	0.03373	0.00449	0.00225	0.03533
13	0.03737	0.00790	0.00943	0.04531	0.02826	0.07077	0.00653	0.02596	0.01003	0.29957	0.06458	0.05565	0.01200	0.05143	0.03418	0.00170	0.12867	0.01732	0.05361	0.03975
14	0.00608	0.00444	0.00647	0.00651	0.00718	0.00502	0.00494	0.00728	0.00688	0.00974	0.01293	0.05081	0.04105	0.07817	0.67729	0.05428	0.00985	0.00507	0.00240	0.00360

[dist]
# distance from previous block
# <min> <max>
2	36

[block]
# block no. 12 follows, 62 sequences, length 26
# corresponding to MSA columns:
# 423-448
name=unknown_M
#
# <colnr> <probs for GDERKNQSTAVLIFYWHMCP>
#	G	D	E	R	K	N	Q	S	T	A	V	L	I	F	Y	W	H	M	C	P
0	0.03220	0.02285	0.04111	0.10871	0.24637	0.08470	0.00972	0.13454	0.02323	0.04410	0.00842	0.01044	0.00674	0.00452	0.00487	0.00125	0.07924	0.01243	0.00262	0.12195
1	0.00931	0.00793	0.04270	0.03848	0.06527	0.01888	0.03781	0.12192	0.13848	0.04825	0.05339	0.07807	0.20417	0.03194	0.00504	0.00147	0.00363	0.02682	0.06122	0.00522
2	0.00814	0.00767	0.01295	0.80674	0.06200	0.00948	0.01187	0.01096	0.00856	0.01100	0.00758	0.01131	0.00572	0.00424	0.00425	0.00141	0.00565	0.00378	0.00190	0.00481
3	0.00876	0.00661	0.00789	0.00671	0.00914	0.00583	0.00529	0.06541	0.05622	0.05084	0.01546	0.15141	0.06511	0.00723	0.00474	0.03718	0.00324	0.10605	0.00334	0.38353
4	0.00819	0.00772	0.01305	0.78860	0.07970	0.00950	0.01190	0.01101	0.00858	0.01106	0.00759	0.01129	0.00574	0.00422	0.00425	0.00141	0.00563	0.00378	0.00190	0.00485
5	0.00519	0.00418	0.00462	0.00481	0.00592	0.00361	0.00349	0.00631	0.00964	0.01205	0.13617	0.22227	0.54465	0.01109	0.00512	0.00149	0.00221	0.00952	0.00404	0.00361
6	0.07126	0.01065	0.01172	0.00904	0.01237	0.01143	0.00746	0.58513	0.01747	0.20316	0.01140	0.01095	0.00780	0.00507	0.00416	0.00129	0.00436	0.00383	0.00438	0.00707
7	0.01004	0.01148	0.02511	0.01793	0.02224	0.01076	0.80846	0.01363	0.01004	0.01363	0.00861	0.01148	0.00646	0.00359	0.00502	0.00143	0.00717	0.00502	0.00215	0.00574
8	0.00632	0.00438	0.00528	0.00539	0.00610	0.00415	0.00384	0.00729	0.00874	0.03280	0.15880	0.08585	0.17694	0.33171	0.01153	0.00255	0.00323	0.13811	0.00358	0.00342
9	0.00535	0.00390	0.00495	0.00566	0.00612	0.00361	0.00388	0.00620	0.00848	0.01115	0.06622	0.60138	0.13472	0.07603	0.00660	0.00186	0.00259	0.04397	0.00388	0.00346
10	0.00554	0.00448	0.00496	0.00493	0.00620	0.00399	0.00369	0.00728	0.04176	0.01310	0.23285	0.09422	0.52398	0.01027	0.00505	0.00144	0.00223	0.02607	0.00415	0.00382
11	0.00527	0.00379	0.00494	0.00582	0.00613	0.00353	0.00391	0.00602	0.00816	0.01080	0.02392	0.74207	0.06890	0.05761	0.00628	0.00185	0.00258	0.03110	0.00388	0.00343
12	0.00886	0.00761	0.00896	0.02898	0.01064	0.00594	0.00528	0.01111	0.03544	0.01391	0.00788	0.00912	0.00651	0.00327	0.00322	0.00068	0.00323	0.00263	0.00256	0.82416
13	0.00917	0.00764	0.00945	0.00697	0.01040	0.00622	0.03401	0.02631	0.00911	0.04283	0.00952	0.03232	0.03488	0.00400	0.00389	0.00081	0.04089	0.00322	0.00270	0.70565
14	0.00641	0.00474	0.00622	0.00606	0.00636	0.00536	0.00423	0.00709	0.00647	0.00906	0.01195	0.02191	0.01273	0.45872	0.33746	0.00499	0.07927	0.00534	0.00240	0.00323
15	0.00983	0.01104	0.02358	0.09639	0.02260	0.01070	0.70935	0.01327	0.00980	0.01327	0.00842	0.01140	0.00636	0.00376	0.00520	0.00145	0.03100	0.00487	0.00212	0.00561
16	0.28021	0.01006	0.01218	0.17548	0.15601	0.09044	0.05336	0.04334	0.00894	0.01459	0.00694	0.00918	0.00560	0.00450	0.00499	0.00138	0.11201	0.00329	0.00229	0.00520
17	0.04125	0.01031	0.07384	0.04414	0.20313	0.04253	0.18277	0.07770	0.02333	0.08421	0.02039	0.09381	0.03229	0.02767	0.00496	0.00146	0.00508	0.02249	0.00290	0.00575
18	0.84935	0.00826	0.00637	0.00571	0.00833	0.00958	0.00468	0.01287	0.03622	0.01904	0.00633	0.00723	0.00491	0.00402	0.00269	0.00132	0.00329	0.00239	0.00269	0.00468
19	0.00764	0.00716	0.00934	0.00884	0.02868	0.03242	0.00682	0.00869	0.00780	0.01087	0.04474	0.18969	0.13706	0.01098	0.07470	0.00211	0.39903	0.00645	0.00277	0.00421
20	0.76424	0.00787	0.00633	0.00561	0.00817	0.00894	0.00460	0.01286	0.00768	0.07082	0.00718	0.00802	0.00543	0.00410	0.00276	0.00129	0.00322	0.00255	0.06359	0.00473
21	0.03452	0.00863	0.01125	0.12310	0.03853	0.00907	0.03493	0.17745	0.13987	0.29470	0.04284	0.03285	0.01062	0.00538	0.00445	0.00136	0.01546	0.00447	0.00409	0.00645
22	0.00950	0.00971	0.08009	0.19073	0.06802	0.03456	0.18572	0.03238	0.04998	0.05379	0.01078	0.06255	0.00930	0.03967	0.04472	0.00180	0.04986	0.03351	0.02808	0.00524
23	0.00545	0.00383	0.00495	0.00574	0.00597	0.00365	0.00379	0.00609	0.00782	0.01041	0.02139	0.65135	0.02545	0.18176	0.00871	0.00222	0.00286	0.04158	0.00367	0.00330
24	0.00559	0.00409	0.00567	0.00624	0.00676	0.00417	0.00452	0.00671	0.00801	0.01093	0.05704	0.47152	0.04821	0.01916	0.28140	0.00341	0.00548	0.04405	0.00343	0.00362
25	0.01095	0.01488	0.28026	0.02655	0.08594	0.07517	0.14521	0.09583	0.08460	0.04376	0.00903	0.01046	0.00679	0.00462	0.00523	0.00139	0.08688	0.00381	0.00253	0.00612

[dist]
# distance from previous block
# <min> <max>
0	1

[block]
# block no. 13 follows, 62 sequences, length 8
# corresponding to MSA columns:
# 450-457
name=unknown_N
#
# <colnr> <probs for GDERKNQSTAVLIFYWHMCP>
#	G	D	E	R	K	N	Q	S	T	A	V	L	I	F	Y	W	H	M	C	P
0	0.01334	0.00851	0.01036	0.00890	0.03204	0.00897	0.02508	0.16018	0.26345	0.25256	0.06456	0.04060	0.03018	0.00613	0.00477	0.00140	0.03198	0.02613	0.00439	0.00648
1	0.00635	0.00449	0.00534	0.00536	0.00646	0.00411	0.00394	0.00780	0.02799	0.05792	0.18550	0.19394	0.33344	0.07055	0.03715	0.00188	0.00284	0.03705	0.00402	0.00387
2	0.00806	0.00732	0.00803	0.00760	0.00848	0.10343	0.00582	0.03254	0.03719	0.01075	0.01319	0.05010	0.06058	0.13343	0.35611	0.00411	0.12111	0.02551	0.00259	0.00406
3	0.02792	0.13877	0.06826	0.17213	0.05388	0.11777	0.07110	0.11859	0.04464	0.03770	0.03864	0.01164	0.03010	0.00526	0.02038	0.00138	0.02984	0.00381	0.00263	0.00555
4	0.00933	0.12979	0.02986	0.05642	0.03870	0.00952	0.04701	0.05459	0.03848	0.05750	0.08360	0.04592	0.03682	0.03672	0.14087	0.00237	0.15694	0.00470	0.01593	0.00495
5	0.00905	0.00500	0.00667	0.00628	0.00741	0.00504	0.00475	0.01016	0.00847	0.18100	0.03122	0.10542	0.04513	0.13335	0.22780	0.05051	0.02845	0.04252	0.08753	0.00425
6	0.00742	0.00657	0.03971	0.15310	0.03139	0.00627	0.08137	0.02272	0.02093	0.03601	0.10549	0.18220	0.14420	0.02926	0.02454	0.03866	0.01730	0.02426	0.02427	0.00434
7	0.04332	0.07829	0.07067	0.06541	0.14487	0.04526	0.06526	0.17498	0.06269	0.12445	0.01065	0.01142	0.02056	0.00457	0.00404	0.00125	0.00476	0.00381	0.03380	0.02994

[dist]
# distance from previous block
# <min> <max>
0	6

[block]
# block no. 14 follows, 62 sequences, length 29
# corresponding to MSA columns:
# 464-492
name=unknown_O
#
# <colnr> <probs for GDERKNQSTAVLIFYWHMCP>
#	G	D	E	R	K	N	Q	S	T	A	V	L	I	F	Y	W	H	M	C	P
0	0.01048	0.07437	0.13877	0.05198	0.05420	0.03397	0.00816	0.07896	0.06808	0.05531	0.00882	0.00978	0.00683	0.00391	0.00362	0.00100	0.00428	0.00310	0.00270	0.38168
1	0.05450	0.07701	0.09336	0.05122	0.07799	0.22710	0.04823	0.06766	0.11059	0.04990	0.00978	0.04283	0.00793	0.00483	0.00410	0.00125	0.01735	0.00378	0.03118	0.01942
2	0.00693	0.00481	0.00587	0.00547	0.00680	0.00445	0.00415	0.00927	0.05998	0.07025	0.52090	0.04887	0.21834	0.00887	0.00494	0.00137	0.00224	0.00768	0.00452	0.00429
3	0.02330	0.00595	0.00802	0.03668	0.04020	0.00624	0.03507	0.03761	0.09252	0.04904	0.06254	0.24920	0.10759	0.04645	0.10496	0.00229	0.03746	0.04687	0.00353	0.00449
4	0.01051	0.59951	0.26821	0.00876	0.01321	0.01471	0.00986	0.01297	0.00875	0.01107	0.00644	0.00748	0.00544	0.00376	0.00313	0.00104	0.00508	0.00254	0.00181	0.00571
5	0.00537	0.00419	0.00484	0.00510	0.00610	0.00372	0.00373	0.00651	0.00954	0.01212	0.15009	0.24371	0.42992	0.03968	0.00575	0.00162	0.00239	0.05803	0.00401	0.00361
6	0.01095	0.00907	0.00965	0.00859	0.01103	0.01039	0.00671	0.04793	0.74739	0.04427	0.03390	0.01598	0.01329	0.00580	0.00434	0.00143	0.00339	0.00482	0.00436	0.00671
7	0.00822	0.00482	0.00617	0.00557	0.00698	0.00435	0.00424	0.00998	0.01147	0.15692	0.53292	0.04482	0.12147	0.03304	0.00533	0.00143	0.00238	0.00718	0.02823	0.00447
8	0.00853	0.02201	0.82841	0.01213	0.01842	0.00988	0.01572	0.01348	0.00898	0.01348	0.00764	0.00898	0.00539	0.00404	0.00404	0.00135	0.00629	0.00314	0.00180	0.00629
9	0.01079	0.62182	0.17057	0.00819	0.01218	0.01476	0.00872	0.04615	0.00935	0.01171	0.04653	0.00860	0.00723	0.00403	0.00315	0.00103	0.00475	0.00277	0.00206	0.00562
10	0.00908	0.00771	0.00896	0.00642	0.01019	0.00593	0.00515	0.03835	0.00921	0.01431	0.00765	0.00887	0.00633	0.00322	0.00319	0.00065	0.00320	0.00257	0.00258	0.84641
11	0.03467	0.01217	0.02975	0.00917	0.01201	0.17423	0.00744	0.39687	0.05691	0.10678	0.04273	0.05314	0.03364	0.00567	0.00425	0.00129	0.00482	0.00436	0.00386	0.00626
12	0.00922	0.18170	0.53325	0.02420	0.02674	0.02408	0.01258	0.01297	0.00897	0.01274	0.00757	0.00934	0.00589	0.00403	0.00373	0.00120	0.00558	0.01817	0.00193	0.09613
13	0.02934	0.14871	0.09482	0.00936	0.02676	0.09266	0.02656	0.16650	0.02750	0.21679	0.02576	0.01119	0.00820	0.00643	0.05396	0.00158	0.04074	0.00364	0.00333	0.00615
14	0.00605	0.00411	0.00486	0.00500	0.00516	0.00413	0.00305	0.00636	0.00667	0.00900	0.01544	0.13597	0.04030	0.62002	0.09526	0.00392	0.00449	0.00686	0.02049	0.00287
15	0.00891	0.17316	0.05352	0.01129	0.01445	0.00971	0.34193	0.01171	0.03346	0.01318	0.11494	0.06974	0.08577	0.00565	0.00447	0.00132	0.00494	0.00551	0.03119	0.00512
16	0.00988	0.16680	0.01393	0.27192	0.11793	0.03322	0.00923	0.03884	0.04877	0.03849	0.02226	0.01132	0.00750	0.00664	0.06501	0.00170	0.08597	0.00367	0.04167	0.00526
17	0.00570	0.00424	0.00536	0.00589	0.00657	0.00402	0.00421	0.00736	0.04891	0.01257	0.17627	0.50749	0.12006	0.01169	0.00528	0.00162	0.00249	0.06237	0.00411	0.00377
18	0.00804	0.00756	0.01276	0.84023	0.02931	0.00945	0.01182	0.01087	0.00851	0.01087	0.00756	0.01134	0.00567	0.00425	0.00425	0.00142	0.00567	0.00378	0.00189	0.00473
19	0.01153	0.67633	0.01975	0.00763	0.01097	0.04863	0.00721	0.05962	0.06340	0.01154	0.00747	0.02710	0.00670	0.00473	0.02098	0.00112	0.00471	0.00283	0.00220	0.00555
20	0.01865	0.00519	0.00660	0.10737	0.00916	0.00561	0.00489	0.04479	0.03968	0.01177	0.05782	0.10077	0.05336	0.28398	0.15131	0.00320	0.00498	0.00598	0.08111	0.00378
21	0.00840	0.00722	0.04265	0.00660	0.00827	0.08746	0.01904	0.02511	0.02554	0.08409	0.36898	0.10555	0.14857	0.00820	0.00474	0.00136	0.00313	0.00704	0.03354	0.00450
22	0.01095	0.72298	0.01997	0.00732	0.01053	0.05559	0.00698	0.01224	0.00876	0.01012	0.00779	0.09507	0.00784	0.00469	0.00307	0.00101	0.00449	0.00333	0.00206	0.00522
23	0.00944	0.00525	0.00644	0.00595	0.00738	0.00506	0.00450	0.06327	0.02562	0.16681	0.17596	0.20362	0.04407	0.02405	0.03607	0.00160	0.00300	0.00678	0.20044	0.00470
24	0.00933	0.02074	0.05816	0.11781	0.23002	0.02328	0.07921	0.03190	0.04429	0.03786	0.03119	0.09443	0.05019	0.00585	0.00490	0.00137	0.04832	0.02924	0.04143	0.04048
25	0.00982	0.01868	0.01032	0.27215	0.04236	0.19555	0.00802	0.04797	0.04629	0.02133	0.02204	0.11296	0.03884	0.08072	0.05312	0.00191	0.00557	0.00505	0.00266	0.00464
26	0.00719	0.00412	0.00481	0.00511	0.00591	0.00396	0.00364	0.02053	0.00894	0.04730	0.03074	0.38821	0.03877	0.00891	0.00423	0.00135	0.00231	0.00779	0.40226	0.00391
27	0.00851	0.00730	0.02003	0.13444	0.08209	0.02440	0.09186	0.08490	0.02402	0.03140	0.02777	0.25826	0.05962	0.02459	0.02534	0.00167	0.00436	0.05194	0.03271	0.00478
28	0.05085	0.07547	0.04874	0.03467	0.20118	0.01899	0.06711	0.07977	0.18110	0.04381	0.03805	0.01215	0.00913	0.01849	0.00473	0.00132	0.03771	0.00397	0.00297	0.06980

[dist]
# distance from previous block
# <min> <max>
0	2

[block]
# block no. 15 follows, 62 sequences, length 6
# corresponding to MSA columns:
# 496-501
name=unknown_P
#
# <colnr> <probs for GDERKNQSTAVLIFYWHMCP>
#	G	D	E	R	K	N	Q	S	T	A	V	L	I	F	Y	W	H	M	C	P
0	0.02859	0.04901	0.16177	0.04420	0.01290	0.05163	0.04783	0.13246	0.01108	0.12037	0.04095	0.02547	0.04031	0.00678	0.05238	0.02587	0.00498	0.00404	0.04450	0.09490
1	0.05275	0.05380	0.00631	0.00531	0.00617	0.00538	0.00366	0.00827	0.03271	0.04747	0.09378	0.07837	0.09968	0.43850	0.04795	0.00300	0.00385	0.00637	0.00313	0.00354
2	0.01321	0.07218	0.01406	0.01159	0.09429	0.03168	0.12723	0.19834	0.04490	0.19544	0.01268	0.07332	0.01039	0.00574	0.00466	0.00137	0.02444	0.05464	0.00362	0.00621
3	0.07243	0.08880	0.08854	0.10470	0.06268	0.04655	0.06650	0.05400	0.02343	0.05463	0.06478	0.02441	0.00933	0.02847	0.00457	0.00126	0.02272	0.00381	0.02246	0.15594
4	0.03160	0.06573	0.13696	0.00993	0.06445	0.02822	0.06769	0.06310	0.03768	0.12698	0.02910	0.09048	0.06829	0.05478	0.00570	0.00148	0.04369	0.00498	0.00310	0.06606
5	0.03527	0.05324	0.03428	0.05057	0.12078	0.12425	0.05355	0.01180	0.00973	0.08024	0.07231	0.10515	0.05305	0.00733	0.02686	0.04083	0.00462	0.03564	0.04373	0.03677

[dist]
# distance from previous block
# <min> <max>
6	47

[block]
# block no. 16 follows, 62 sequences, length 27
# corresponding to MSA columns:
# 564-578,580-591
name=unknown_Q
#
# <colnr> <probs for GDERKNQSTAVLIFYWHMCP>
#	G	D	E	R	K	N	Q	S	T	A	V	L	I	F	Y	W	H	M	C	P
0	0.00974	0.04244	0.29812	0.03856	0.16902	0.05531	0.03631	0.01983	0.04886	0.04844	0.01082	0.03720	0.04042	0.05158	0.00582	0.00152	0.06062	0.01725	0.00242	0.00574
1	0.07822	0.11837	0.28369	0.03891	0.08636	0.02085	0.04473	0.06955	0.07550	0.11344	0.01010	0.01078	0.02237	0.00444	0.00392	0.00129	0.00502	0.00356	0.00275	0.00617
2	0.01198	0.00627	0.00831	0.00707	0.00920	0.00590	0.03106	0.04870	0.06478	0.33878	0.10334	0.13747	0.10277	0.00900	0.05047	0.02091	0.00366	0.00628	0.02852	0.00550
3	0.00899	0.00832	0.01383	0.54015	0.04237	0.03919	0.13058	0.01166	0.00912	0.04986	0.00976	0.05615	0.00822	0.00507	0.00450	0.00145	0.00560	0.04790	0.00232	0.00494
4	0.00978	0.02861	0.13669	0.06967	0.20927	0.02769	0.17117	0.05180	0.11422	0.01435	0.01874	0.07206	0.02678	0.00505	0.00442	0.00137	0.00517	0.00477	0.02250	0.00590
5	0.02898	0.02883	0.07127	0.10631	0.35532	0.01975	0.06864	0.07353	0.06812	0.06250	0.00994	0.03064	0.00796	0.00452	0.00421	0.00131	0.00493	0.01242	0.03464	0.00618
6	0.00668	0.00551	0.05129	0.00667	0.00753	0.00501	0.00514	0.02130	0.02547	0.03811	0.03149	0.40224	0.01946	0.10647	0.17027	0.03544	0.03177	0.02302	0.00328	0.00384
7	0.01017	0.00961	0.01627	0.07196	0.73128	0.00971	0.01243	0.01266	0.00956	0.01372	0.00854	0.03067	0.00733	0.00408	0.00420	0.00127	0.00493	0.00399	0.03115	0.00645
8	0.00511	0.00409	0.00457	0.00492	0.00592	0.00355	0.00351	0.00609	0.00920	0.01141	0.05679	0.33185	0.51476	0.01164	0.00517	0.00154	0.00226	0.01007	0.00397	0.00355
9	0.01447	0.01319	0.06407	0.00894	0.01159	0.32138	0.00738	0.07344	0.03997	0.21422	0.02306	0.01137	0.00834	0.00486	0.00418	0.00119	0.02899	0.00354	0.11112	0.03470
10	0.02944	0.00970	0.03397	0.05114	0.37465	0.03916	0.05840	0.02901	0.00982	0.04259	0.03532	0.01086	0.00775	0.00392	0.00394	0.00111	0.00459	0.00359	0.01448	0.23654
