[name]
unknown

[dist]
# distance from previous block
# <min> <max>
0	128

[block]
# block no. 0 follows, 51 sequences, length 38
# corresponding to MSA columns:
# 128-142,150-172
name=unknown_A
#
# <colnr> <probs for GDERKNQSTAVLIFYWHMCP>
#	G	D	E	R	K	N	Q	S	T	A	V	L	I	F	Y	W	H	M	C	P
0	0.00779	0.00557	0.00778	0.00891	0.00998	0.00555	0.00770	0.00997	0.01119	0.01457	0.02609	0.10515	0.02856	0.01369	0.00675	0.00225	0.00442	0.71508	0.00453	0.00449
1	0.00816	0.00538	0.00699	0.00646	0.00784	0.00499	0.00489	0.01067	0.03237	0.07744	0.68461	0.05502	0.05650	0.00985	0.00573	0.00156	0.00251	0.00867	0.00541	0.00496
2	0.01762	0.01284	0.01372	0.01066	0.01431	0.01419	0.00876	0.68690	0.04672	0.02950	0.01244	0.01260	0.00895	0.00591	0.00479	0.00145	0.00508	0.00448	0.08110	0.00800
3	0.01314	0.83025	0.02575	0.00841	0.01261	0.01945	0.00841	0.01472	0.00999	0.01156	0.00683	0.00788	0.00631	0.00420	0.00315	0.00105	0.00526	0.00263	0.00210	0.00631
4	0.00714	0.00478	0.00544	0.00544	0.00547	0.00481	0.00308	0.00720	0.00717	0.00959	0.01541	0.03173	0.01768	0.80081	0.05124	0.00487	0.00505	0.00708	0.00297	0.00302
5	0.00721	0.00476	0.00533	0.00533	0.00537	0.00476	0.00299	0.00729	0.00725	0.00981	0.01550	0.03171	0.01769	0.80060	0.02431	0.00465	0.00468	0.00706	0.03065	0.00303
6	0.00747	0.00550	0.00755	0.00739	0.00799	0.00635	0.00548	0.00875	0.00783	0.01139	0.01346	0.02199	0.01334	0.24131	0.48973	0.00620	0.07074	0.00564	0.05779	0.00410
7	0.01019	0.00873	0.01019	0.00728	0.01165	0.00655	0.00582	0.01237	0.01019	0.01601	0.00873	0.01019	0.00728	0.00364	0.00364	0.00073	0.00364	0.00291	0.00291	0.85734
8	0.01659	0.02012	0.01796	0.01470	0.01797	0.54728	0.21295	0.06658	0.01389	0.01420	0.00848	0.01021	0.00676	0.00487	0.00482	0.00138	0.00849	0.00394	0.00267	0.00611
9	0.00921	0.00670	0.00837	0.00746	0.00960	0.00605	0.01825	0.01190	0.06616	0.06642	0.17095	0.06559	0.08405	0.10263	0.00757	0.00188	0.00367	0.14060	0.00424	0.20868
10	0.86201	0.00950	0.00722	0.00646	0.00950	0.01102	0.00532	0.01445	0.00836	0.02205	0.00684	0.00798	0.00532	0.00456	0.00304	0.00152	0.00380	0.00266	0.00304	0.00532
11	0.86201	0.00950	0.00722	0.00646	0.00950	0.01102	0.00532	0.01445	0.00836	0.02205	0.00684	0.00798	0.00532	0.00456	0.00304	0.00152	0.00380	0.00266	0.00304	0.00532
12	0.00681	0.00502	0.00637	0.00603	0.00725	0.00457	0.00452	0.00899	0.01357	0.01889	0.69922	0.03806	0.14170	0.01035	0.00580	0.00156	0.00234	0.00908	0.00530	0.00457
13	0.00986	0.02542	0.80183	0.01401	0.02127	0.01141	0.01816	0.01556	0.01038	0.01556	0.00882	0.01038	0.00623	0.00467	0.00467	0.00156	0.00726	0.00363	0.00208	0.00726
14	0.07255	0.01580	0.08184	0.01108	0.01464	0.18075	0.00941	0.40926	0.06762	0.02313	0.01107	0.01240	0.00852	0.05309	0.00584	0.00164	0.00606	0.00420	0.00394	0.00715
15	0.01075	0.01075	0.01505	0.01290	0.01290	0.01505	0.01075	0.01183	0.00753	0.01183	0.00645	0.01075	0.00645	0.00860	0.01613	0.00215	0.81830	0.00430	0.00215	0.00538
16	0.00622	0.00522	0.00543	0.00537	0.00700	0.00457	0.00403	0.00815	0.04750	0.01421	0.11891	0.06358	0.66869	0.01202	0.00578	0.00166	0.00255	0.01009	0.00466	0.00436
17	0.00704	0.00519	0.00751	0.00751	0.00826	0.00593	0.00566	0.00853	0.00778	0.01112	0.01351	0.02125	0.01313	0.15619	0.68964	0.00742	0.01190	0.00555	0.00268	0.00417
18	0.01104	0.01109	0.01911	0.01471	0.01775	0.06060	0.38538	0.01428	0.04782	0.03969	0.01328	0.01883	0.03674	0.09634	0.08679	0.00264	0.07425	0.04092	0.00293	0.00579
19	0.00603	0.00431	0.00574	0.00682	0.00714	0.00402	0.00456	0.00694	0.00960	0.01284	0.05918	0.79114	0.03308	0.01517	0.00625	0.00198	0.00283	0.01376	0.00460	0.00402
20	0.05445	0.01282	0.01396	0.01074	0.01462	0.01393	0.00887	0.64129	0.02121	0.13932	0.01266	0.01234	0.00877	0.00587	0.00484	0.00148	0.00517	0.00442	0.00500	0.00823
21	0.04738	0.01231	0.02346	0.01770	0.04584	0.01207	0.53950	0.05532	0.12096	0.01735	0.01315	0.01522	0.04506	0.00500	0.00550	0.00164	0.00699	0.00573	0.00308	0.00674
22	0.01046	0.00775	0.01104	0.08976	0.23265	0.00823	0.00858	0.04824	0.01104	0.01720	0.01342	0.01778	0.01118	0.00590	0.00484	0.00141	0.04134	0.05236	0.40105	0.00578
23	0.00602	0.00430	0.00573	0.00682	0.00713	0.00401	0.00456	0.00691	0.00954	0.01275	0.04908	0.80150	0.03290	0.01524	0.00626	0.00198	0.00284	0.01382	0.00459	0.00401
24	0.00612	0.00500	0.00561	0.02518	0.00760	0.00447	0.00434	0.00763	0.02956	0.01335	0.05643	0.27690	0.51455	0.01295	0.00590	0.00176	0.00273	0.01115	0.00453	0.00423
25	0.01244	0.20500	0.20626	0.09782	0.11834	0.01389	0.10559	0.11386	0.02647	0.02806	0.00925	0.01109	0.00715	0.00477	0.00474	0.00145	0.02018	0.00400	0.00267	0.00698
26	0.00819	0.00758	0.02625	0.42186	0.04573	0.00829	0.04582	0.01059	0.00980	0.01286	0.01603	0.33237	0.01684	0.00898	0.00548	0.00177	0.00517	0.00820	0.00314	0.00504
27	0.86201	0.00950	0.00722	0.00646	0.00950	0.01102	0.00532	0.01445	0.00836	0.02205	0.00684	0.00798	0.00532	0.00456	0.00304	0.00152	0.00380	0.00266	0.00304	0.00532
28	0.01075	0.01075	0.01505	0.01290	0.01290	0.01505	0.01075	0.01183	0.00753	0.01183	0.00645	0.01075	0.00645	0.00860	0.01613	0.00215	0.81830	0.00430	0.00215	0.00538
29	0.01238	0.01156	0.01909	0.09967	0.67014	0.01187	0.01453	0.07129	0.01195	0.01684	0.00939	0.01222	0.00772	0.00454	0.00487	0.00148	0.00587	0.00438	0.00259	0.00762
30	0.00688	0.00502	0.00647	0.00611	0.00730	0.00461	0.00458	0.00913	0.01374	0.01930	0.74710	0.03738	0.09357	0.01020	0.00580	0.00155	0.00233	0.00898	0.00536	0.00461
31	0.00624	0.00498	0.00559	0.00547	0.00691	0.00433	0.00409	0.00788	0.01218	0.01568	0.32914	0.05874	0.49819	0.01160	0.00581	0.00162	0.00243	0.00989	0.00488	0.00433
32	0.03175	0.00523	0.00598	0.00574	0.00720	0.00475	0.00432	0.00876	0.02627	0.01700	0.43410	0.04013	0.36939	0.01087	0.00571	0.00160	0.00246	0.00929	0.00497	0.00450
33	0.00667	0.00504	0.00576	0.00585	0.00726	0.00441	0.00441	0.00815	0.01153	0.03795	0.17553	0.15188	0.47955	0.01232	0.00591	0.00172	0.00270	0.06423	0.00476	0.00437
34	0.01222	0.01056	0.01111	0.01000	0.01278	0.01222	0.00778	0.02611	0.78776	0.02056	0.02000	0.01833	0.01500	0.00667	0.00500	0.00167	0.00389	0.00556	0.00500	0.00778
35	0.01075	0.01075	0.01505	0.01290	0.01290	0.01505	0.01075	0.01183	0.00753	0.01183	0.00645	0.01075	0.00645	0.00860	0.01613	0.00215	0.81830	0.00430	0.00215	0.00538
36	0.04851	0.03790	0.01338	0.00991	0.01374	0.03579	0.04141	0.19998	0.01574	0.50771	0.01598	0.01458	0.01045	0.00581	0.00483	0.00149	0.00482	0.00465	0.00530	0.00803
37	0.00719	0.00552	0.00823	0.00813	0.00897	0.00656	0.00636	0.00892	0.00788	0.01143	0.01285	0.01891	0.01201	0.03554	0.77103	0.00763	0.05057	0.00522	0.00261	0.00443

[dist]
# distance from previous block
# <min> <max>
1	5

[block]
# block no. 1 follows, 51 sequences, length 10
# corresponding to MSA columns:
# 178-187
name=unknown_B
#
# <colnr> <probs for GDERKNQSTAVLIFYWHMCP>
#	G	D	E	R	K	N	Q	S	T	A	V	L	I	F	Y	W	H	M	C	P
0	0.07523	0.32648	0.09819	0.02730	0.11774	0.14284	0.04534	0.06582	0.03238	0.01510	0.00832	0.00973	0.00685	0.00462	0.00404	0.00131	0.00614	0.00342	0.00256	0.00660
1	0.00954	0.00867	0.01439	0.67366	0.10375	0.01046	0.01293	0.01270	0.01000	0.01337	0.00939	0.01345	0.00717	0.00493	0.00479	0.00158	0.00613	0.00439	0.07311	0.00561
2	0.01101	0.00939	0.01250	0.03696	0.17681	0.04019	0.04345	0.11191	0.09006	0.01929	0.27323	0.04287	0.02226	0.00721	0.00547	0.00153	0.02605	0.00629	0.05728	0.00624
3	0.81200	0.00922	0.00707	0.00635	0.00928	0.01065	0.00521	0.01427	0.00848	0.02183	0.00738	0.00859	0.00575	0.00463	0.00306	0.00150	0.00371	0.00277	0.05297	0.00528
4	0.00638	0.00494	0.00581	0.00572	0.00702	0.00437	0.00424	0.00810	0.01235	0.01631	0.40589	0.10999	0.36812	0.01155	0.00584	0.00163	0.00244	0.00997	0.00497	0.00437
5	0.00961	0.00918	0.01481	0.63688	0.02919	0.01184	0.01300	0.01239	0.00931	0.01239	0.00823	0.01258	0.00653	0.00573	0.00741	0.00175	0.18719	0.00435	0.00218	0.00544
6	0.00743	0.00557	0.00808	0.00789	0.00857	0.00652	0.00603	0.00872	0.00793	0.01139	0.04282	0.02011	0.01336	0.10111	0.58788	0.06974	0.07455	0.00542	0.00270	0.00419
7	0.00654	0.00471	0.00610	0.00679	0.00742	0.00444	0.00487	0.00780	0.01036	0.01383	0.15440	0.44459	0.08915	0.09091	0.00801	0.00220	0.00317	0.12608	0.00455	0.00409
8	0.01319	0.01073	0.01305	0.01077	0.01396	0.01157	0.08068	0.16818	0.41620	0.05278	0.01707	0.07549	0.01357	0.00666	0.00504	0.00157	0.00451	0.00575	0.00459	0.07463
9	0.13795	0.01805	0.01311	0.04816	0.02958	0.49155	0.02388	0.04005	0.01263	0.04093	0.00818	0.00959	0.00657	0.00502	0.00464	0.00133	0.03378	0.00334	0.00279	0.06885

[dist]
# distance from previous block
# <min> <max>
0	1

[block]
# block no. 2 follows, 51 sequences, length 13
# corresponding to MSA columns:
# 189-201
name=unknown_C
#
# <colnr> <probs for GDERKNQSTAVLIFYWHMCP>
#	G	D	E	R	K	N	Q	S	T	A	V	L	I	F	Y	W	H	M	C	P
0	0.00613	0.00436	0.00575	0.00671	0.00705	0.00408	0.00448	0.00705	0.00965	0.01295	0.08754	0.71923	0.03283	0.05819	0.00723	0.00211	0.00291	0.01320	0.00454	0.00399
1	0.01205	0.01148	0.01911	0.05989	0.71033	0.01169	0.01450	0.01577	0.06665	0.01624	0.00999	0.01264	0.00825	0.00456	0.00488	0.00148	0.00573	0.00446	0.00261	0.00769
2	0.00794	0.00526	0.00679	0.00627	0.00766	0.00478	0.00475	0.01015	0.01371	0.07498	0.68019	0.03611	0.10272	0.00995	0.00574	0.00155	0.00247	0.00872	0.00539	0.00486
3	0.00702	0.00527	0.00790	0.00790	0.00878	0.00614	0.00614	0.00878	0.00790	0.01141	0.01316	0.01931	0.01229	0.03686	0.80782	0.00790	0.01316	0.00527	0.00263	0.00439
4	0.00830	0.00674	0.00962	0.00904	0.00989	0.00832	0.00720	0.04553	0.00854	0.01241	0.01178	0.01727	0.01096	0.02986	0.61466	0.00647	0.17097	0.00504	0.00264	0.00477
5	0.00635	0.00471	0.00592	0.00624	0.00712	0.00428	0.00444	0.00786	0.01155	0.01557	0.34075	0.36434	0.17740	0.01270	0.00600	0.00175	0.00257	0.01126	0.00490	0.00428
6	0.01019	0.00873	0.01019	0.00728	0.01165	0.00655	0.00582	0.01237	0.01019	0.01601	0.00873	0.01019	0.00728	0.00364	0.00364	0.00073	0.00364	0.00291	0.00291	0.85734
7	0.00738	0.00553	0.00767	0.02859	0.00849	0.00560	0.04792	0.00796	0.00854	0.01127	0.02088	0.19787	0.11740	0.31181	0.03467	0.09741	0.04259	0.03132	0.00337	0.00371
8	0.09653	0.00820	0.01210	0.07645	0.16215	0.00851	0.06194	0.01124	0.00933	0.01407	0.02443	0.10390	0.03441	0.09642	0.00947	0.09968	0.06293	0.01766	0.00290	0.08768
9	0.00852	0.00664	0.00785	0.00698	0.00900	0.00629	0.00532	0.01276	0.15070	0.01847	0.39833	0.07199	0.05696	0.00840	0.00515	0.00142	0.00288	0.00728	0.04999	0.16508
10	0.00778	0.00515	0.00621	0.00622	0.00720	0.00483	0.00450	0.00900	0.01039	0.05774	0.16079	0.08550	0.18415	0.27887	0.01215	0.00274	0.00362	0.11949	0.02954	0.00415
11	0.00830	0.00566	0.00798	0.00767	0.00870	0.00616	0.00581	0.00969	0.00851	0.06548	0.03100	0.07720	0.01454	0.11881	0.50454	0.03182	0.03901	0.00599	0.00308	0.04007
12	0.01223	0.07614	0.01396	0.25580	0.03816	0.24027	0.03033	0.04750	0.01170	0.01341	0.01216	0.08465	0.01164	0.04109	0.00582	0.00170	0.00649	0.08859	0.00290	0.00548

[dist]
# distance from previous block
# <min> <max>
0	3

[block]
# block no. 3 follows, 51 sequences, length 23
# corresponding to MSA columns:
# 205-227
name=unknown_D
#
# <colnr> <probs for GDERKNQSTAVLIFYWHMCP>
#	G	D	E	R	K	N	Q	S	T	A	V	L	I	F	Y	W	H	M	C	P
0	0.09095	0.01441	0.12049	0.01686	0.02172	0.03070	0.48321	0.08164	0.01234	0.06428	0.01018	0.01239	0.00744	0.00453	0.00525	0.00160	0.00727	0.00501	0.00291	0.00682
1	0.04397	0.03642	0.01114	0.00878	0.01167	0.06352	0.00709	0.29001	0.07894	0.12840	0.04621	0.01522	0.01175	0.00596	0.00444	0.00139	0.00437	0.00461	0.21925	0.00686
2	0.01042	0.00856	0.00907	0.00820	0.01054	0.00931	0.00636	0.07214	0.42758	0.01925	0.09567	0.02684	0.21465	0.00833	0.00519	0.00161	0.00342	0.00694	0.04945	0.00645
3	0.00838	0.00513	0.00650	0.00677	0.00747	0.00489	0.00461	0.02542	0.00969	0.09383	0.04068	0.43190	0.02561	0.25916	0.01178	0.00277	0.00368	0.04322	0.00427	0.00427
4	0.04400	0.00890	0.01006	0.00753	0.01158	0.00738	0.00600	0.01404	0.10725	0.01675	0.01104	0.01200	0.02692	0.00426	0.00384	0.00090	0.00365	0.00341	0.00322	0.69725
5	0.01334	0.01144	0.01121	0.00983	0.01255	0.07656	0.00766	0.14527	0.51259	0.02099	0.01720	0.01698	0.01313	0.03402	0.00549	0.00167	0.00444	0.00515	0.07320	0.00728
6	0.00738	0.00492	0.00613	0.00630	0.00725	0.00455	0.00448	0.00873	0.01086	0.05656	0.21946	0.30360	0.15520	0.10217	0.02874	0.00223	0.00322	0.02596	0.03792	0.00435
7	0.00738	0.00522	0.00642	0.00636	0.00690	0.00537	0.00425	0.02277	0.03594	0.01262	0.14579	0.10257	0.02268	0.43174	0.15890	0.00437	0.00566	0.00762	0.00357	0.00387
8	0.30671	0.00953	0.00987	0.00834	0.01094	0.01071	0.00676	0.15123	0.05041	0.06346	0.01109	0.04444	0.00902	0.00653	0.01897	0.00162	0.10577	0.00418	0.09572	0.07469
9	0.01313	0.02383	0.01092	0.00919	0.01155	0.05359	0.00705	0.25177	0.26368	0.02020	0.01526	0.04345	0.01300	0.15515	0.00925	0.04692	0.00473	0.00548	0.03541	0.00642
10	0.00732	0.00475	0.00609	0.00664	0.00713	0.00451	0.00448	0.00816	0.00939	0.05348	0.06455	0.47574	0.02792	0.23619	0.01133	0.00272	0.00352	0.05783	0.00425	0.00401
11	0.03934	0.00879	0.01043	0.04981	0.01276	0.00730	0.00642	0.04551	0.01063	0.03405	0.00927	0.01096	0.00759	0.00563	0.04592	0.00123	0.00438	0.00321	0.00302	0.68374
12	0.00711	0.00504	0.00615	0.00653	0.00758	0.00469	0.00478	0.00850	0.03860	0.03791	0.04406	0.31796	0.29927	0.01420	0.02803	0.08062	0.00334	0.07703	0.00436	0.00422
13	0.00662	0.00484	0.00590	0.00640	0.00708	0.00458	0.00446	0.00787	0.02517	0.01292	0.08719	0.34413	0.16820	0.20088	0.01049	0.00256	0.00338	0.08910	0.00427	0.00397
14	0.00928	0.00873	0.01474	0.81548	0.03385	0.01092	0.01365	0.01256	0.00983	0.01256	0.00873	0.01310	0.00655	0.00491	0.00491	0.00164	0.00655	0.00437	0.00218	0.00546
15	0.01373	0.07874	0.05871	0.05355	0.06335	0.16562	0.01890	0.04181	0.13843	0.11697	0.01274	0.01426	0.00995	0.02250	0.10938	0.00233	0.02128	0.00441	0.04688	0.00646
16	0.00596	0.00498	0.00519	0.00514	0.00673	0.00421	0.00385	0.00735	0.01156	0.01412	0.14789	0.04590	0.69601	0.01213	0.00581	0.00164	0.00247	0.01018	0.00468	0.00421
17	0.00669	0.00464	0.00575	0.00615	0.00666	0.00449	0.00412	0.00767	0.00938	0.01288	0.11212	0.34304	0.08383	0.24033	0.07176	0.00308	0.00404	0.00996	0.05957	0.00387
18	0.00673	0.00533	0.00627	0.02056	0.00805	0.00503	0.00484	0.00915	0.07370	0.01475	0.15900	0.27018	0.33415	0.01238	0.00591	0.00177	0.00286	0.05013	0.00469	0.00452
19	0.01038	0.01052	0.05597	0.68085	0.03104	0.03887	0.01339	0.07484	0.01107	0.01418	0.00895	0.01271	0.00667	0.00499	0.00488	0.00161	0.00658	0.00429	0.00241	0.00580
20	0.00963	0.02379	0.73783	0.01351	0.02026	0.01099	0.01719	0.01502	0.01018	0.01523	0.00917	0.01110	0.00671	0.00726	0.06941	0.00207	0.00774	0.00376	0.00212	0.00703
21	0.01210	0.07846	0.04556	0.25614	0.10240	0.10786	0.16299	0.01494	0.01086	0.04636	0.00932	0.01221	0.00729	0.00503	0.00569	0.00154	0.07033	0.00437	0.04039	0.00616
22	0.00730	0.00521	0.00579	0.00552	0.00710	0.00452	0.00411	0.00871	0.01164	0.06959	0.19973	0.04172	0.52137	0.07718	0.00729	0.00188	0.00276	0.00942	0.00472	0.00445

[dist]
# distance from previous block
# <min> <max>
0	13

[block]
# block no. 4 follows, 51 sequences, length 22
# corresponding to MSA columns:
# 241-262
name=unknown_E
#
# <colnr> <probs for GDERKNQSTAVLIFYWHMCP>
#	G	D	E	R	K	N	Q	S	T	A	V	L	I	F	Y	W	H	M	C	P
0	0.02448	0.08962	0.13491	0.01422	0.09301	0.01263	0.15100	0.08094	0.26740	0.03083	0.01320	0.01394	0.00998	0.00532	0.00482	0.00153	0.00558	0.00475	0.03459	0.00726
1	0.08976	0.00532	0.00547	0.00553	0.00706	0.00485	0.00411	0.00798	0.01094	0.01469	0.11932	0.15812	0.52627	0.01187	0.00561	0.00168	0.00265	0.01000	0.00450	0.00429
2	0.00707	0.00549	0.00649	0.00627	0.00766	0.00519	0.00468	0.01010	0.08853	0.01740	0.44711	0.09940	0.25464	0.01081	0.00576	0.00162	0.00256	0.00938	0.00506	0.00476
3	0.01047	0.01025	0.01435	0.01252	0.01264	0.01413	0.01047	0.01167	0.00790	0.01211	0.00837	0.01512	0.00859	0.00909	0.01521	0.00216	0.73865	0.07862	0.00238	0.00529
4	0.58437	0.01016	0.00924	0.00770	0.01102	0.01130	0.00635	0.16219	0.01197	0.13156	0.00953	0.00992	0.00685	0.00503	0.00366	0.00151	0.00416	0.00331	0.00382	0.00632
5	0.01153	0.01105	0.01502	0.01275	0.01313	0.01507	0.01061	0.08704	0.00905	0.01370	0.00697	0.01085	0.00664	0.00834	0.01503	0.00208	0.73874	0.00431	0.00242	0.00567
6	0.14525	0.01169	0.01610	0.09088	0.01798	0.01235	0.17175	0.31035	0.01573	0.14277	0.01152	0.01241	0.00811	0.00526	0.00482	0.00154	0.00570	0.00452	0.00403	0.00725
7	0.01892	0.01054	0.01237	0.00968	0.01333	0.01072	0.00793	0.32546	0.08881	0.37859	0.01805	0.01655	0.05298	0.00641	0.00498	0.00152	0.00455	0.00508	0.00543	0.00808
8	0.00738	0.00477	0.00565	0.00588	0.00612	0.00467	0.00362	0.00777	0.00810	0.03264	0.01865	0.21927	0.02128	0.56188	0.01878	0.00383	0.00420	0.02941	0.03264	0.00346
9	0.01868	0.01376	0.01475	0.01131	0.01524	0.01524	0.00934	0.78025	0.02311	0.03097	0.01180	0.01180	0.00836	0.00590	0.00492	0.00147	0.00541	0.00442	0.00492	0.00836
10	0.05947	0.01080	0.01164	0.00959	0.01287	0.02496	0.00768	0.22855	0.30185	0.16699	0.01657	0.01587	0.02586	0.01918	0.00509	0.00156	0.00439	0.00490	0.01882	0.05337
11	0.00656	0.00466	0.00622	0.00720	0.00769	0.00446	0.00520	0.00773	0.00986	0.01312	0.05976	0.55165	0.03100	0.07890	0.00785	0.00226	0.00336	0.18399	0.00447	0.00406
12	0.16704	0.00711	0.00804	0.00674	0.00938	0.00689	0.00543	0.01745	0.01160	0.36105	0.01586	0.01578	0.01111	0.00567	0.00402	0.00138	0.00339	0.00440	0.33128	0.00637
13	0.05458	0.01037	0.01382	0.01193	0.01243	0.04045	0.03760	0.01196	0.00823	0.01291	0.00876	0.07456	0.00879	0.00848	0.01322	0.00200	0.61135	0.00500	0.04825	0.00528
14	0.01099	0.30267	0.53448	0.01208	0.01829	0.01418	0.01480	0.01527	0.01024	0.01418	0.00813	0.00952	0.00625	0.00451	0.00415	0.00138	0.00657	0.00329	0.00208	0.00693
15	0.08652	0.00898	0.01130	0.00883	0.01251	0.00841	0.00726	0.07708	0.06451	0.63426	0.01791	0.01580	0.01155	0.00599	0.00480	0.00153	0.00422	0.00477	0.00569	0.00809
16	0.00761	0.00533	0.00647	0.00689	0.00815	0.00498	0.00529	0.00959	0.04505	0.05617	0.03326	0.28753	0.28130	0.01279	0.00601	0.00188	0.00321	0.18039	0.03353	0.00459
17	0.00678	0.00481	0.00602	0.00658	0.00712	0.00462	0.00463	0.00777	0.00953	0.01258	0.08179	0.30128	0.09270	0.27385	0.01228	0.00287	0.00371	0.15316	0.00411	0.00383
18	0.01086	0.01002	0.01386	0.01189	0.01225	0.01351	0.00986	0.01203	0.00836	0.05297	0.04111	0.01453	0.06097	0.00878	0.01445	0.00206	0.68951	0.00492	0.00264	0.00542
19	0.18166	0.00858	0.01061	0.00831	0.01197	0.00795	0.00686	0.02214	0.01298	0.65220	0.01700	0.01507	0.01086	0.00579	0.00458	0.00152	0.00411	0.00451	0.00550	0.00779
20	0.03634	0.01110	0.01609	0.38279	0.18634	0.06106	0.05368	0.10961	0.01190	0.01586	0.00907	0.01231	0.00709	0.00537	0.00569	0.02646	0.03599	0.00432	0.00264	0.00628
21	0.01114	0.00882	0.00971	0.00897	0.01114	0.00978	0.00684	0.08631	0.45389	0.03639	0.06086	0.21260	0.02012	0.00884	0.00529	0.00170	0.00365	0.00761	0.02965	0.00668

[dist]
# distance from previous block
# <min> <max>
0	2

[block]
# block no. 5 follows, 51 sequences, length 18
# corresponding to MSA columns:
# 265-282
name=unknown_F
#
# <colnr> <probs for GDERKNQSTAVLIFYWHMCP>
#	G	D	E	R	K	N	Q	S	T	A	V	L	I	F	Y	W	H	M	C	P
0	0.00719	0.00521	0.00704	0.00806	0.00901	0.00506	0.00661	0.00897	0.01078	0.01398	0.02855	0.26505	0.10167	0.01397	0.00655	0.00213	0.00388	0.48740	0.00454	0.00434
1	0.78628	0.01022	0.00821	0.00717	0.01027	0.03982	0.02444	0.03706	0.00907	0.02180	0.00709	0.00825	0.00550	0.00461	0.00321	0.00151	0.00414	0.00281	0.00306	0.00546
2	0.00634	0.00456	0.00582	0.00656	0.00721	0.00434	0.00461	0.00751	0.00972	0.01310	0.04334	0.52922	0.14931	0.01647	0.09226	0.00252	0.00390	0.02970	0.05939	0.00412
3	0.01078	0.01051	0.01696	0.41798	0.30921	0.03580	0.03666	0.01374	0.01038	0.01395	0.00879	0.01244	0.00703	0.00488	0.00551	0.00157	0.05194	0.00434	0.00231	0.02522
4	0.01265	0.01001	0.01066	0.00949	0.01216	0.03092	0.00739	0.02372	0.60375	0.09187	0.11304	0.02017	0.01831	0.00698	0.00508	0.00163	0.00385	0.00584	0.00509	0.00740
5	0.00728	0.00517	0.00649	0.00613	0.00742	0.00477	0.00461	0.00967	0.02941	0.03399	0.63488	0.05194	0.13212	0.01015	0.00570	0.00156	0.00242	0.00888	0.03273	0.00470
6	0.00738	0.00515	0.00599	0.00585	0.00585	0.00543	0.00348	0.00745	0.00717	0.00968	0.01490	0.03077	0.01713	0.77431	0.02444	0.00460	0.05742	0.00696	0.00292	0.00313
7	0.01222	0.01056	0.01111	0.01000	0.01278	0.01222	0.00778	0.02611	0.78776	0.02056	0.02000	0.01833	0.01500	0.00667	0.00500	0.00167	0.00389	0.00556	0.00500	0.00778
8	0.01281	0.75020	0.10294	0.00897	0.01347	0.01865	0.00938	0.01480	0.01002	0.01196	0.00703	0.00813	0.00630	0.00425	0.00330	0.00110	0.00546	0.00273	0.00210	0.00640
9	0.01075	0.01075	0.01505	0.01290	0.01290	0.01505	0.01075	0.01183	0.00753	0.01183	0.00645	0.01075	0.00645	0.00860	0.01613	0.00215	0.81830	0.00430	0.00215	0.00538
10	0.01868	0.01376	0.01475	0.01131	0.01524	0.01524	0.00934	0.78025	0.02311	0.03097	0.01180	0.01180	0.00836	0.00590	0.00492	0.00147	0.00541	0.00442	0.00492	0.00836
11	0.00599	0.00428	0.00570	0.00684	0.00713	0.00399	0.00456	0.00684	0.00941	0.01254	0.02709	0.82409	0.03250	0.01540	0.00627	0.00200	0.00285	0.01397	0.00456	0.00399
12	0.00752	0.00548	0.00601	0.00596	0.00617	0.03269	0.00364	0.00780	0.00748	0.00988	0.01489	0.02958	0.01670	0.68948	0.13265	0.00508	0.00607	0.00675	0.00291	0.00327
13	0.86201	0.00950	0.00722	0.00646	0.00950	0.01102	0.00532	0.01445	0.00836	0.02205	0.00684	0.00798	0.00532	0.00456	0.00304	0.00152	0.00380	0.00266	0.00304	0.00532
14	0.00704	0.00472	0.00539	0.00550	0.00553	0.00469	0.00313	0.00712	0.00736	0.00981	0.01658	0.10680	0.01925	0.75077	0.02325	0.00450	0.00458	0.00779	0.00313	0.00307
15	0.10034	0.01009	0.03264	0.00912	0.01292	0.03339	0.00768	0.12028	0.01459	0.58223	0.01658	0.01485	0.01069	0.00585	0.00474	0.00151	0.00453	0.00457	0.00543	0.00796
16	0.09340	0.67928	0.04321	0.00865	0.01271	0.07011	0.00844	0.01503	0.01010	0.01268	0.00693	0.00802	0.00621	0.00431	0.00327	0.00112	0.00541	0.00269	0.00222	0.00620
17	0.09329	0.00696	0.00847	0.00741	0.00979	0.00654	0.00577	0.01568	0.05863	0.31010	0.16263	0.16093	0.10052	0.00889	0.00521	0.00162	0.00338	0.00754	0.00514	0.02151

[dist]
# distance from previous block
# <min> <max>
0	2

[block]
# block no. 6 follows, 51 sequences, length 9
# corresponding to MSA columns:
# 285-293
name=unknown_G
#
# <colnr> <probs for GDERKNQSTAVLIFYWHMCP>
#	G	D	E	R	K	N	Q	S	T	A	V	L	I	F	Y	W	H	M	C	P
0	0.35728	0.01134	0.01116	0.00904	0.01252	0.01261	0.00742	0.35018	0.07183	0.09553	0.01108	0.01118	0.00796	0.00543	0.00417	0.00151	0.00454	0.00384	0.00427	0.00710
1	0.01849	0.01376	0.06795	0.01097	0.01499	0.04933	0.00945	0.50537	0.05183	0.18745	0.01331	0.01286	0.00918	0.00585	0.00489	0.00149	0.00538	0.00447	0.00486	0.00814
2	0.00750	0.00530	0.00585	0.00554	0.00730	0.00452	0.00422	0.00900	0.01195	0.08620	0.18173	0.04259	0.58783	0.01143	0.00573	0.00163	0.00261	0.00961	0.00486	0.00462
3	0.00755	0.00575	0.00727	0.00748	0.00828	0.00595	0.00550	0.06074	0.01060	0.01407	0.05921	0.45059	0.15099	0.01339	0.00770	0.04608	0.07940	0.05076	0.00427	0.00441
4	0.11456	0.00897	0.00955	0.00889	0.01130	0.01002	0.00705	0.02016	0.46331	0.04510	0.06074	0.04521	0.05322	0.00802	0.00512	0.00173	0.00381	0.11190	0.00472	0.00662
5	0.01836	0.02342	0.01393	0.01266	0.01519	0.80756	0.00950	0.01962	0.01393	0.01203	0.00760	0.00886	0.00633	0.00506	0.00443	0.00127	0.00886	0.00317	0.00253	0.00570
6	0.01323	0.01258	0.01896	0.02748	0.68561	0.08405	0.01417	0.01595	0.01159	0.05543	0.00961	0.01209	0.00787	0.00453	0.00483	0.00144	0.00603	0.00430	0.00263	0.00762
7	0.00704	0.00475	0.00599	0.00644	0.00723	0.00434	0.00446	0.00816	0.01040	0.05512	0.14093	0.48486	0.14868	0.07846	0.00756	0.00207	0.00294	0.01166	0.00464	0.00426
8	0.00629	0.00450	0.00601	0.00696	0.00743	0.00423	0.00488	0.00746	0.01016	0.01366	0.12479	0.65359	0.03389	0.01455	0.00626	0.00196	0.00294	0.08168	0.00467	0.00412

[dist]
# distance from previous block
# <min> <max>
4	5

[block]
# block no. 7 follows, 51 sequences, length 22
# corresponding to MSA columns:
# 300-321
name=unknown_H
#
# <colnr> <probs for GDERKNQSTAVLIFYWHMCP>
#	G	D	E	R	K	N	Q	S	T	A	V	L	I	F	Y	W	H	M	C	P
0	0.03990	0.00991	0.01125	0.00970	0.04025	0.01047	0.00749	0.28006	0.14889	0.16868	0.07477	0.01752	0.03726	0.00646	0.00478	0.00149	0.00417	0.00520	0.11451	0.00726
1	0.04173	0.50636	0.03693	0.00920	0.01276	0.16628	0.00843	0.01553	0.01116	0.04833	0.05270	0.01264	0.00994	0.00529	0.00384	0.00123	0.00568	0.04316	0.00271	0.00609
2	0.00786	0.00578	0.00678	0.00636	0.00791	0.00556	0.00482	0.01140	0.11277	0.03774	0.45237	0.03536	0.21948	0.00985	0.00554	0.00157	0.00261	0.00847	0.05275	0.00501
3	0.03267	0.41386	0.03291	0.01031	0.01378	0.30248	0.00898	0.05715	0.04415	0.01341	0.00794	0.00898	0.00676	0.00482	0.00410	0.00122	0.02462	0.00309	0.00254	0.00623
4	0.04691	0.01068	0.01698	0.10791	0.01752	0.01319	0.16033	0.01341	0.00901	0.06060	0.00839	0.01223	0.00721	0.02490	0.01177	0.00199	0.46407	0.00463	0.00251	0.00576
5	0.01025	0.00596	0.00740	0.00659	0.00843	0.00548	0.00509	0.02649	0.03682	0.17032	0.43542	0.03203	0.14830	0.00914	0.00541	0.00153	0.00281	0.00784	0.06924	0.00544
6	0.00592	0.00498	0.00513	0.00509	0.00670	0.00419	0.00382	0.00726	0.01146	0.01389	0.12041	0.04629	0.72364	0.01222	0.00581	0.00165	0.00247	0.01023	0.00464	0.00419
7	0.00916	0.00458	0.00458	0.00458	0.00573	0.00458	0.00344	0.01145	0.01031	0.01832	0.01603	0.01832	0.01260	0.00573	0.00344	0.00115	0.00229	0.00458	0.85457	0.00458
8	0.00696	0.00502	0.00657	0.00618	0.00734	0.00464	0.00464	0.00927	0.01391	0.01971	0.79405	0.03671	0.04637	0.01005	0.00580	0.00155	0.00232	0.00889	0.00541	0.00464
9	0.01868	0.01376	0.01475	0.01131	0.01524	0.01524	0.00934	0.78025	0.02311	0.03097	0.01180	0.01180	0.00836	0.00590	0.00492	0.00147	0.00541	0.00442	0.00492	0.00836
10	0.01085	0.01104	0.01366	0.01199	0.01240	0.09285	0.00980	0.01206	0.00823	0.01177	0.00776	0.01209	0.00748	0.01329	0.15615	0.00309	0.59363	0.00436	0.00227	0.00523
11	0.01153	0.00995	0.01045	0.00946	0.01211	0.01135	0.00734	0.02404	0.70347	0.01977	0.02323	0.02148	0.09962	0.00729	0.00509	0.00167	0.00374	0.00608	0.00495	0.00738
12	0.19076	0.01019	0.01020	0.00838	0.01130	0.01127	0.00680	0.37399	0.05105	0.02514	0.01231	0.01311	0.00920	0.00561	0.00412	0.00140	0.00414	0.00415	0.24022	0.00665
13	0.01193	0.01144	0.01953	0.09304	0.73557	0.01162	0.01497	0.01488	0.01108	0.01577	0.00920	0.01224	0.00769	0.00442	0.00487	0.00147	0.00590	0.00438	0.00241	0.00760
14	0.00986	0.02542	0.80183	0.01401	0.02127	0.01141	0.01816	0.01556	0.01038	0.01556	0.00882	0.01038	0.00623	0.00467	0.00467	0.00156	0.00726	0.00363	0.00208	0.00726
15	0.01836	0.02342	0.01393	0.01266	0.01519	0.80756	0.00950	0.01962	0.01393	0.01203	0.00760	0.00886	0.00633	0.00506	0.00443	0.00127	0.00886	0.00317	0.00253	0.00570
16	0.01163	0.00990	0.01064	0.00975	0.01232	0.01134	0.00765	0.02404	0.68878	0.02004	0.05547	0.02222	0.01751	0.00739	0.00518	0.00171	0.00387	0.06820	0.00498	0.00737
17	0.00708	0.00525	0.00663	0.00625	0.00751	0.00492	0.00470	0.00981	0.04652	0.01921	0.69984	0.03680	0.10673	0.01010	0.00576	0.00156	0.00240	0.00887	0.00532	0.00473
18	0.00618	0.00442	0.00590	0.00691	0.00732	0.00414	0.00476	0.00723	0.00989	0.01326	0.09026	0.71610	0.03341	0.01485	0.00626	0.00197	0.00290	0.05555	0.00463	0.00407
19	0.00928	0.00873	0.01474	0.81548	0.03385	0.01092	0.01365	0.01256	0.00983	0.01256	0.00873	0.01310	0.00655	0.00491	0.00491	0.00164	0.00655	0.00437	0.00218	0.00546
20	0.09377	0.00939	0.01148	0.00900	0.01267	0.00908	0.00740	0.12819	0.07861	0.56150	0.01730	0.01542	0.01128	0.00597	0.00478	0.00153	0.00429	0.00472	0.00557	0.00805
21	0.13236	0.01227	0.07844	0.09995	0.10723	0.04795	0.03772	0.19626	0.02949	0.12647	0.02896	0.01371	0.00942	0.00550	0.00464	0.00151	0.00537	0.01910	0.03670	0.00697

[dist]
# distance from previous block
# <min> <max>
3	15

[block]
# block no. 8 follows, 51 sequences, length 9
# corresponding to MSA columns:
# 337-345
name=unknown_I
#
# <colnr> <probs for GDERKNQSTAVLIFYWHMCP>
#	G	D	E	R	K	N	Q	S	T	A	V	L	I	F	Y	W	H	M	C	P
0	0.01315	0.11857	0.18869	0.02562	0.04671	0.09471	0.03177	0.11448	0.01269	0.10323	0.03787	0.11078	0.02574	0.00724	0.01918	0.00163	0.03256	0.00539	0.00343	0.00657
1	0.01068	0.03094	0.01206	0.05358	0.22709	0.04499	0.00915	0.01276	0.01140	0.09169	0.02391	0.04817	0.20529	0.00888	0.00574	0.00170	0.02356	0.16873	0.00379	0.00586
2	0.00688	0.00502	0.00647	0.00610	0.00730	0.00461	0.00458	0.00913	0.01374	0.01929	0.74585	0.03739	0.09482	0.01020	0.00580	0.00155	0.00233	0.00898	0.00535	0.00461
3	0.01613	0.01131	0.01221	0.00978	0.01273	0.03831	0.00776	0.48257	0.01792	0.10569	0.01321	0.01638	0.01066	0.15407	0.06646	0.00252	0.00584	0.00498	0.00445	0.00703
4	0.00731	0.00536	0.00694	0.00668	0.00792	0.00511	0.00515	0.01018	0.05091	0.01920	0.67243	0.03788	0.04287	0.01027	0.00587	0.00163	0.00264	0.09158	0.00529	0.00478
5	0.00593	0.00498	0.00515	0.00511	0.00671	0.00420	0.00383	0.00730	0.01150	0.01398	0.13125	0.04614	0.71274	0.01218	0.00581	0.00165	0.00247	0.01021	0.00466	0.00420
6	0.01074	0.00906	0.01049	0.00754	0.01188	0.00712	0.00605	0.06236	0.01103	0.01699	0.00893	0.01030	0.00735	0.00379	0.00372	0.00078	0.00375	0.00301	0.00304	0.80207
7	0.01836	0.02342	0.01393	0.01266	0.01519	0.80756	0.00950	0.01962	0.01393	0.01203	0.00760	0.00886	0.00633	0.00506	0.00443	0.00127	0.00886	0.00317	0.00253	0.00570
8	0.09215	0.00846	0.01106	0.00855	0.01229	0.00754	0.00706	0.02316	0.01359	0.73511	0.01834	0.01600	0.01159	0.00596	0.00478	0.00152	0.00415	0.00475	0.00583	0.00811

[dist]
# distance from previous block
# <min> <max>
0	5

[block]
# block no. 9 follows, 51 sequences, length 12
# corresponding to MSA columns:
# 351-362
name=unknown_J
#
# <colnr> <probs for GDERKNQSTAVLIFYWHMCP>
#	G	D	E	R	K	N	Q	S	T	A	V	L	I	F	Y	W	H	M	C	P
0	0.00689	0.00517	0.00640	0.00613	0.00740	0.00478	0.00458	0.00935	0.04042	0.01824	0.59650	0.07668	0.17790	0.01062	0.00579	0.00159	0.00243	0.00928	0.00520	0.00463
1	0.01026	0.43495	0.05705	0.00768	0.01076	0.01265	0.00724	0.01231	0.01155	0.01494	0.30735	0.02092	0.06119	0.00686	0.00437	0.00129	0.00411	0.00544	0.00348	0.00561
2	0.01625	0.00971	0.01141	0.00900	0.01264	0.00944	0.00727	0.14205	0.19520	0.30101	0.01589	0.01493	0.01116	0.00564	0.00462	0.00136	0.00414	0.00455	0.02922	0.19451
3	0.01452	0.10141	0.20384	0.01175	0.05454	0.01223	0.01082	0.17380	0.16390	0.15323	0.01385	0.04205	0.01039	0.00586	0.00474	0.00151	0.00527	0.00469	0.00401	0.00758
4	0.01232	0.16523	0.06700	0.01049	0.01328	0.21362	0.05817	0.04506	0.01207	0.03261	0.04886	0.13566	0.03191	0.00806	0.00505	0.00157	0.00584	0.12421	0.00337	0.00564
5	0.00715	0.00476	0.00536	0.00536	0.00536	0.00476	0.00298	0.00715	0.00715	0.00953	0.01548	0.03216	0.01787	0.82729	0.02501	0.00476	0.00476	0.00715	0.00298	0.00298
6	0.01096	0.00985	0.01410	0.20335	0.18032	0.01089	0.04666	0.04456	0.27612	0.01711	0.03921	0.04947	0.04261	0.00648	0.00514	0.00163	0.00506	0.02609	0.00365	0.00673
7	0.01019	0.00873	0.01019	0.00728	0.01165	0.00655	0.00582	0.01237	0.01019	0.01601	0.00873	0.01019	0.00728	0.00364	0.00364	0.00073	0.00364	0.00291	0.00291	0.85734
8	0.01249	0.44591	0.01893	0.05994	0.07911	0.01400	0.00838	0.03767	0.01078	0.08456	0.02951	0.11236	0.01171	0.03364	0.00481	0.00143	0.00485	0.00489	0.01887	0.00616
9	0.02899	0.04565	0.05925	0.05384	0.01415	0.05134	0.03371	0.09783	0.04742	0.03757	0.05445	0.05069	0.01100	0.00538	0.00463	0.00120	0.02428	0.00435	0.00335	0.37091
10	0.01316	0.01304	0.10281	0.01181	0.05308	0.07156	0.03636	0.21791	0.09283	0.03802	0.03789	0.01484	0.01066	0.05851	0.06884	0.00221	0.07978	0.00470	0.01649	0.05551
11	0.02923	0.00994	0.01448	0.19935	0.17344	0.04024	0.07767	0.02804	0.06590	0.03140	0.01217	0.03919	0.02453	0.01740	0.00542	0.00152	0.03262	0.01993	0.06591	0.11160

[dist]
# distance from previous block
# <min> <max>
3	40

[block]
# block no. 10 follows, 51 sequences, length 28
# corresponding to MSA columns:
# 403-430
name=unknown_K
#
# <colnr> <probs for GDERKNQSTAVLIFYWHMCP>
#	G	D	E	R	K	N	Q	S	T	A	V	L	I	F	Y	W	H	M	C	P
0	0.01026	0.01112	0.11041	0.11097	0.15291	0.00966	0.04159	0.03824	0.12426	0.01624	0.03622	0.01928	0.08212	0.00750	0.03685	0.00176	0.01644	0.04574	0.01899	0.10943
1	0.00657	0.00542	0.00583	0.00583	0.00738	0.00493	0.00436	0.00903	0.08022	0.01460	0.12844	0.12349	0.54763	0.01199	0.00580	0.00169	0.00267	0.02489	0.00470	0.00452
2	0.01147	0.01029	0.01026	0.00936	0.01175	0.06961	0.00720	0.02184	0.56265	0.01930	0.13832	0.04960	0.04201	0.00754	0.00515	0.00163	0.00394	0.00632	0.00485	0.00691
3	0.00594	0.00493	0.00519	0.00524	0.00675	0.00419	0.00389	0.00726	0.01134	0.01388	0.12408	0.10404	0.66151	0.01242	0.00584	0.00167	0.00250	0.01049	0.00465	0.00419
4	0.00719	0.00510	0.00652	0.00612	0.00739	0.00465	0.00461	0.00939	0.01364	0.03731	0.70102	0.03731	0.12089	0.01020	0.00578	0.00156	0.00238	0.00894	0.00534	0.00467
5	0.00732	0.00509	0.00644	0.00605	0.00730	0.00466	0.00452	0.00942	0.01327	0.04085	0.64198	0.03671	0.12612	0.04143	0.00646	0.00167	0.00248	0.00877	0.02483	0.00462
6	0.00730	0.00520	0.00627	0.00628	0.00763	0.00471	0.00474	0.00918	0.02783	0.05442	0.27587	0.18062	0.31141	0.01187	0.00590	0.00172	0.00277	0.06678	0.00491	0.00459
7	0.07524	0.01306	0.01378	0.01070	0.01444	0.01449	0.00881	0.68085	0.04171	0.02964	0.01183	0.01195	0.00848	0.00582	0.00474	0.00147	0.00515	0.00434	0.03550	0.00800
8	0.00928	0.00873	0.01474	0.81548	0.03385	0.01092	0.01365	0.01256	0.00983	0.01256	0.00873	0.01310	0.00655	0.00491	0.00491	0.00164	0.00655	0.00437	0.00218	0.00546
9	0.00598	0.00430	0.00567	0.00677	0.00711	0.00400	0.00453	0.00685	0.00948	0.01257	0.02795	0.79434	0.06169	0.01528	0.00625	0.00198	0.00284	0.01383	0.00456	0.00400
10	0.00775	0.00514	0.00656	0.00621	0.00720	0.00485	0.00446	0.00946	0.01207	0.05419	0.53099	0.03474	0.03659	0.21162	0.02677	0.00248	0.00328	0.02648	0.00477	0.00440
11	0.00716	0.00542	0.00794	0.00782	0.00887	0.00608	0.00606	0.00890	0.00808	0.01171	0.01346	0.05026	0.01280	0.03417	0.73180	0.00727	0.01223	0.00547	0.00272	0.05177
12	0.01170	0.01265	0.01452	0.60162	0.02888	0.22314	0.01254	0.01444	0.01092	0.01242	0.00843	0.01197	0.00649	0.00495	0.00478	0.00154	0.00717	0.00405	0.00228	0.00552
13	0.01216	0.01168	0.01995	0.03016	0.79664	0.01168	0.01508	0.01508	0.01119	0.01605	0.00924	0.01216	0.00778	0.00438	0.00487	0.00146	0.00584	0.00438	0.00243	0.00778
14	0.86201	0.00950	0.00722	0.00646	0.00950	0.01102	0.00532	0.01445	0.00836	0.02205	0.00684	0.00798	0.00532	0.00456	0.00304	0.00152	0.00380	0.00266	0.00304	0.00532
15	0.01128	0.00723	0.00830	0.00745	0.00979	0.00705	0.00587	0.03792	0.18593	0.18363	0.08037	0.04806	0.32278	0.00958	0.00548	0.00166	0.00337	0.05317	0.00505	0.00603
16	0.01314	0.83025	0.02575	0.00841	0.01261	0.01945	0.00841	0.01472	0.00999	0.01156	0.00683	0.00788	0.00631	0.00420	0.00315	0.00105	0.00526	0.00263	0.00210	0.00631
17	0.00602	0.00434	0.00564	0.00667	0.00703	0.00403	0.00445	0.00687	0.00945	0.01249	0.02815	0.74575	0.08153	0.04375	0.00690	0.00207	0.00289	0.01350	0.00451	0.00397
18	0.00611	0.00436	0.00584	0.00698	0.00732	0.00410	0.00478	0.00705	0.00953	0.01268	0.02702	0.77524	0.03223	0.01528	0.00631	0.00201	0.00296	0.06161	0.00456	0.00403
19	0.05150	0.00768	0.00891	0.00755	0.01011	0.00751	0.00600	0.10245	0.09212	0.23581	0.18936	0.02673	0.18495	0.00823	0.00517	0.00155	0.00345	0.00682	0.03777	0.00633
20	0.25480	0.01168	0.13489	0.05444	0.04553	0.00972	0.00909	0.05603	0.02770	0.29995	0.01311	0.04185	0.00942	0.00564	0.00441	0.00155	0.00476	0.00435	0.00410	0.00698
21	0.00977	0.00594	0.00705	0.00631	0.00831	0.00527	0.00489	0.02601	0.02727	0.17338	0.26839	0.03675	0.38134	0.01021	0.00560	0.00159	0.00286	0.00863	0.00514	0.00529
22	0.00627	0.00500	0.00527	0.00530	0.00686	0.00423	0.00394	0.00753	0.01120	0.03288	0.07536	0.12175	0.67244	0.01248	0.00583	0.00168	0.00256	0.01053	0.00463	0.00426
23	0.01002	0.00858	0.00998	0.00719	0.01145	0.00645	0.00574	0.01216	0.01023	0.01590	0.01038	0.01167	0.03876	0.00399	0.00373	0.00077	0.00359	0.00321	0.00298	0.82322
24	0.01056	0.02436	0.19527	0.23582	0.17292	0.00985	0.01253	0.02843	0.01096	0.07067	0.02615	0.06446	0.08917	0.00628	0.00499	0.00157	0.00562	0.00544	0.00298	0.02197
25	0.00627	0.00485	0.00564	0.00580	0.00694	0.00431	0.00420	0.00769	0.01137	0.01473	0.24702	0.20605	0.37634	0.05282	0.00687	0.00186	0.00267	0.02565	0.00472	0.00420
26	0.00875	0.00488	0.00554	0.00625	0.04518	0.00483	0.00421	0.01082	0.01019	0.01719	0.01765	0.16059	0.01588	0.00737	0.00401	0.00131	0.00257	0.00623	0.66194	0.00463
27	0.03623	0.01348	0.13120	0.11381	0.09722	0.05059	0.13354	0.11753	0.03180	0.16575	0.01187	0.02429	0.00870	0.00589	0.01988	0.00168	0.02130	0.00468	0.00349	0.00709

[dist]
# distance from previous block
# <min> <max>
0	1

[block]
# block no. 11 follows, 51 sequences, length 25
# corresponding to MSA columns:
# 432-441,449-463
name=unknown_L
#
# <colnr> <probs for GDERKNQSTAVLIFYWHMCP>
#	G	D	E	R	K	N	Q	S	T	A	V	L	I	F	Y	W	H	M	C	P
0	0.00946	0.00860	0.01137	0.01054	0.03032	0.03018	0.00810	0.01130	0.05232	0.01192	0.01065	0.01716	0.01049	0.16043	0.22044	0.00403	0.38010	0.00510	0.00260	0.00490
1	0.01125	0.05247	0.05092	0.02527	0.03713	0.02835	0.03108	0.06796	0.01111	0.01641	0.00875	0.01041	0.00719	0.00428	0.00466	0.00100	0.05362	0.00329	0.00288	0.57200
2	0.01499	0.29351	0.04435	0.01261	0.08241	0.29899	0.00992	0.07131	0.04171	0.01400	0.00820	0.00958	0.00693	0.00509	0.00498	0.00132	0.06777	0.00337	0.00260	0.00638
3	0.00704	0.00530	0.00657	0.00645	0.00763	0.00503	0.00475	0.00984	0.07095	0.01772	0.51013	0.17980	0.12815	0.01104	0.00582	0.00165	0.00255	0.00973	0.00513	0.00470
4	0.01113	0.07878	0.05440	0.37347	0.04339	0.11024	0.06657	0.01378	0.01012	0.01281	0.00845	0.01194	0.00685	0.00643	0.03315	0.00182	0.13125	0.00417	0.01553	0.00572
5	0.00713	0.00478	0.00545	0.00542	0.00551	0.00475	0.00310	0.00731	0.00766	0.01029	0.07404	0.03250	0.02001	0.76583	0.02357	0.00452	0.00458	0.00728	0.00316	0.00310
6	0.00596	0.00467	0.00541	0.00589	0.00690	0.00411	0.00416	0.00710	0.01057	0.01337	0.08814	0.39502	0.40400	0.01361	0.00602	0.00180	0.00264	0.01189	0.00462	0.00411
7	0.00609	0.00499	0.00537	0.00528	0.00681	0.00427	0.00396	0.00761	0.01188	0.01488	0.23522	0.04466	0.60821	0.01185	0.00581	0.00163	0.00245	0.01000	0.00477	0.00427
8	0.55564	0.00890	0.00847	0.00715	0.01031	0.00949	0.00587	0.01706	0.01043	0.26049	0.05561	0.01230	0.00976	0.00534	0.00378	0.00152	0.00383	0.00372	0.00411	0.00622
9	0.86201	0.00950	0.00722	0.00646	0.00950	0.01102	0.00532	0.01445	0.00836	0.02205	0.00684	0.00798	0.00532	0.00456	0.00304	0.00152	0.00380	0.00266	0.00304	0.00532
10	0.01372	0.55457	0.11623	0.00967	0.01413	0.01745	0.00972	0.15416	0.04186	0.01590	0.00847	0.00929	0.00700	0.00466	0.00372	0.00121	0.00547	0.00318	0.00272	0.00685
11	0.86201	0.00950	0.00722	0.00646	0.00950	0.01102	0.00532	0.01445	0.00836	0.02205	0.00684	0.00798	0.00532	0.00456	0.00304	0.00152	0.00380	0.00266	0.00304	0.00532
12	0.01019	0.00873	0.01019	0.00728	0.01165	0.00655	0.00582	0.01237	0.01019	0.01601	0.00873	0.01019	0.00728	0.00364	0.00364	0.00073	0.00364	0.00291	0.00291	0.85734
13	0.01191	0.01136	0.01934	0.06241	0.73956	0.01145	0.01479	0.01482	0.01114	0.01587	0.00976	0.01358	0.00839	0.00469	0.00493	0.00149	0.00583	0.02861	0.00249	0.00758
14	0.01182	0.00851	0.01324	0.45197	0.08237	0.00962	0.01099	0.03910	0.01087	0.15835	0.01249	0.06813	0.01027	0.06638	0.00672	0.00186	0.02281	0.00531	0.00322	0.00598
15	0.00689	0.05263	0.00833	0.00675	0.00859	0.00572	0.06253	0.00853	0.01149	0.01447	0.17845	0.11334	0.48207	0.01119	0.00570	0.00164	0.00309	0.00965	0.00442	0.00453
16	0.01022	0.30508	0.08980	0.08293	0.01349	0.03707	0.00838	0.04407	0.01095	0.01386	0.07836	0.20115	0.07031	0.00802	0.00469	0.00148	0.00471	0.00662	0.00324	0.00557
17	0.00604	0.00441	0.00561	0.00652	0.00698	0.00406	0.00438	0.00694	0.00964	0.01267	0.04795	0.66749	0.12954	0.05414	0.00711	0.00208	0.00288	0.01306	0.00451	0.00398
18	0.00983	0.02425	0.74246	0.01413	0.02109	0.01126	0.05456	0.01533	0.01041	0.01549	0.00938	0.03300	0.00701	0.00494	0.00477	0.00157	0.00719	0.00402	0.00216	0.00714
19	0.01073	0.01953	0.43432	0.01790	0.08135	0.01184	0.32176	0.01560	0.01093	0.01567	0.00930	0.01166	0.00683	0.00444	0.00514	0.00159	0.00756	0.00455	0.00227	0.00705
20	0.00752	0.00558	0.00723	0.00765	0.00890	0.00544	0.00627	0.01024	0.05308	0.01629	0.26396	0.07899	0.12410	0.01207	0.00625	0.00193	0.00350	0.37151	0.00483	0.00466
21	0.00810	0.00719	0.01102	0.45327	0.05160	0.00816	0.00974	0.01051	0.01017	0.01305	0.02138	0.13225	0.20000	0.00816	0.00526	0.00167	0.00490	0.00713	0.03143	0.00500
