[name]
unknown

[dist]
# distance from previous block
# <min> <max>
0	46

[block]
# block no. 0 follows, 52 sequences, length 15
# corresponding to MSA columns:
# 61-65,67-76
name=unknown_A
#
# <colnr> <probs for GDERKNQSTAVLIFYWHMCP>
#	G	D	E	R	K	N	Q	S	T	A	V	L	I	F	Y	W	H	M	C	P
0	0.01462	0.00937	0.04201	0.01044	0.02810	0.02284	0.06325	0.06277	0.09773	0.30500	0.01857	0.06516	0.01563	0.00790	0.00558	0.00170	0.02178	0.17366	0.00470	0.02918
1	0.01338	0.68618	0.07250	0.00905	0.01327	0.06562	0.00901	0.05985	0.01086	0.01279	0.00719	0.00821	0.00633	0.00432	0.00338	0.00110	0.00553	0.00279	0.00226	0.00636
2	0.03459	0.00812	0.00968	0.00744	0.01094	0.00679	0.00591	0.05926	0.01181	0.13689	0.12099	0.06021	0.01467	0.00564	0.00428	0.00108	0.00355	0.00469	0.00390	0.48958
3	0.00590	0.00422	0.00562	0.00675	0.00703	0.00394	0.00450	0.00675	0.00928	0.01237	0.02671	0.82653	0.03205	0.01518	0.00619	0.00197	0.00281	0.01378	0.00450	0.00394
4	0.01234	0.05908	0.04684	0.02764	0.12236	0.01048	0.00877	0.25508	0.03696	0.05111	0.07891	0.15398	0.01581	0.01046	0.08574	0.00217	0.00547	0.00633	0.00397	0.00649
5	0.01171	0.00719	0.00872	0.05598	0.01088	0.03692	0.00620	0.08368	0.01248	0.20588	0.13343	0.29632	0.06125	0.03869	0.00615	0.00177	0.00378	0.00866	0.00474	0.00559
6	0.00599	0.00429	0.00560	0.00658	0.00692	0.00400	0.00438	0.00684	0.00933	0.01242	0.04817	0.73082	0.05836	0.06261	0.00724	0.00210	0.00289	0.01312	0.00443	0.00390
7	0.01015	0.00963	0.01634	0.60398	0.07703	0.01139	0.09405	0.05579	0.01058	0.01390	0.00883	0.01270	0.00672	0.00496	0.00545	0.00162	0.04427	0.00446	0.00235	0.00580
8	0.05978	0.07372	0.19255	0.04342	0.16197	0.01158	0.28373	0.01444	0.01070	0.01545	0.03405	0.05690	0.00945	0.00508	0.00496	0.00154	0.00651	0.00508	0.00255	0.00654
9	0.03425	0.00815	0.01020	0.00895	0.01078	0.00917	0.00708	0.16918	0.05526	0.11666	0.01401	0.06696	0.01226	0.06732	0.29929	0.00406	0.09141	0.00548	0.00372	0.00582
10	0.06354	0.00938	0.00846	0.00784	0.00979	0.13871	0.00598	0.01396	0.13360	0.07136	0.11989	0.10406	0.25114	0.00913	0.00550	0.00159	0.02900	0.00744	0.00428	0.00535
11	0.01200	0.00978	0.06073	0.01186	0.13241	0.02770	0.04150	0.11384	0.03311	0.14403	0.07345	0.03778	0.24720	0.00797	0.00524	0.00156	0.00437	0.02491	0.00424	0.00631
12	0.06992	0.03010	0.04477	0.12556	0.09076	0.15472	0.08774	0.10786	0.01251	0.11271	0.01111	0.04271	0.00905	0.05668	0.00617	0.00169	0.02171	0.00465	0.00325	0.00632
13	0.28139	0.01390	0.07037	0.05215	0.21879	0.16187	0.01014	0.07246	0.01138	0.01784	0.00818	0.00989	0.00649	0.00463	0.00409	0.00141	0.00570	0.00345	0.00277	0.04312
14	0.02619	0.08422	0.17032	0.08248	0.20574	0.03609	0.01189	0.14721	0.01296	0.08274	0.03975	0.05779	0.01027	0.00563	0.00470	0.00147	0.00560	0.00470	0.00324	0.00698

[dist]
# distance from previous block
# <min> <max>
12	38

[block]
# block no. 1 follows, 52 sequences, length 15
# corresponding to MSA columns:
# 120-127,136-142
name=unknown_B
#
# <colnr> <probs for GDERKNQSTAVLIFYWHMCP>
#	G	D	E	R	K	N	Q	S	T	A	V	L	I	F	Y	W	H	M	C	P
0	0.01174	0.21892	0.15938	0.04871	0.05794	0.04050	0.05774	0.05238	0.06759	0.01503	0.00900	0.01059	0.00727	0.00479	0.00504	0.00131	0.06865	0.00362	0.00261	0.15716
1	0.01028	0.04634	0.01141	0.05688	0.05574	0.05105	0.06449	0.03635	0.07298	0.06910	0.07563	0.03991	0.05884	0.17960	0.14710	0.00324	0.00633	0.00600	0.00344	0.00527
2	0.01657	0.01071	0.01263	0.01078	0.05520	0.01125	0.00828	0.31360	0.14384	0.22268	0.03862	0.01476	0.01139	0.00598	0.00512	0.00147	0.02923	0.00473	0.02792	0.05524
3	0.00697	0.00472	0.00601	0.00607	0.00657	0.00473	0.00410	0.00738	0.00834	0.01117	0.08721	0.08955	0.12055	0.30357	0.16784	0.14567	0.00555	0.00730	0.00327	0.00343
4	0.01152	0.00981	0.01115	0.05628	0.04230	0.05248	0.00708	0.09435	0.01169	0.03919	0.01013	0.05323	0.00865	0.00468	0.00406	0.00099	0.00428	0.00381	0.00317	0.57114
5	0.00869	0.00679	0.01024	0.09846	0.21441	0.00680	0.00805	0.01052	0.01016	0.04268	0.02057	0.36323	0.07732	0.00980	0.00533	0.00167	0.00393	0.00883	0.08723	0.00528
6	0.03366	0.31595	0.01745	0.01031	0.02932	0.20571	0.00853	0.12788	0.10394	0.04310	0.00968	0.01046	0.00781	0.00549	0.00477	0.03269	0.02021	0.00352	0.00307	0.00645
7	0.04213	0.01060	0.09248	0.01003	0.01328	0.00943	0.07013	0.09404	0.20168	0.15798	0.16736	0.02160	0.03323	0.00704	0.00514	0.00159	0.00443	0.04648	0.00460	0.00677
8	0.01110	0.01215	0.15720	0.05762	0.20563	0.00927	0.03328	0.01398	0.01044	0.07913	0.01099	0.07798	0.00945	0.00545	0.00520	0.00136	0.05057	0.00464	0.00290	0.24166
9	0.01205	0.01041	0.01096	0.00986	0.01260	0.01205	0.00767	0.02575	0.79071	0.02027	0.01972	0.01808	0.01479	0.00657	0.00493	0.00164	0.00384	0.00548	0.00493	0.00767
10	0.01472	0.01446	0.05038	0.26790	0.06420	0.27514	0.01081	0.04531	0.01231	0.14083	0.01008	0.01174	0.00744	0.00501	0.00461	0.00141	0.00664	0.00390	0.00303	0.05007
11	0.00760	0.00502	0.00647	0.00643	0.00702	0.00520	0.00440	0.00842	0.00803	0.05118	0.01722	0.09525	0.05278	0.40543	0.29302	0.00523	0.00727	0.00702	0.00318	0.00383
12	0.01896	0.00812	0.04698	0.14847	0.05940	0.03018	0.03664	0.01150	0.02603	0.05080	0.22184	0.08249	0.10664	0.02555	0.04909	0.00202	0.02236	0.04392	0.00382	0.00522
13	0.01312	0.01079	0.01242	0.05357	0.12795	0.05343	0.00867	0.31113	0.04946	0.03150	0.08237	0.02087	0.15563	0.00709	0.00504	0.00149	0.00472	0.01611	0.00416	0.03049
14	0.03023	0.11513	0.03663	0.01177	0.10581	0.04276	0.02917	0.12736	0.07812	0.03731	0.01214	0.05888	0.01945	0.01186	0.13440	0.08132	0.03445	0.00484	0.00319	0.02520

[dist]
# distance from previous block
# <min> <max>
1	12

[block]
# block no. 2 follows, 52 sequences, length 16
# corresponding to MSA columns:
# 164-179
name=unknown_C
#
# <colnr> <probs for GDERKNQSTAVLIFYWHMCP>
#	G	D	E	R	K	N	Q	S	T	A	V	L	I	F	Y	W	H	M	C	P
0	0.01293	0.12184	0.28663	0.10233	0.08416	0.10951	0.01278	0.12097	0.01254	0.05343	0.01040	0.01173	0.02990	0.00505	0.00451	0.00143	0.00637	0.00390	0.00279	0.00681
1	0.00967	0.00703	0.00949	0.02870	0.01083	0.00664	0.03822	0.02529	0.04037	0.08415	0.01421	0.11606	0.01343	0.10224	0.22686	0.00341	0.00653	0.00575	0.00336	0.24776
2	0.00702	0.00540	0.00811	0.00774	0.00879	0.00580	0.03883	0.00882	0.00924	0.01306	0.16769	0.06662	0.04263	0.06529	0.51557	0.00567	0.00945	0.00660	0.00330	0.00438
3	0.01334	0.21740	0.01575	0.00992	0.01335	0.03794	0.04151	0.09865	0.37944	0.04916	0.01412	0.01377	0.01080	0.00552	0.00440	0.00140	0.00466	0.00439	0.00394	0.06054
4	0.00595	0.00425	0.00566	0.00672	0.00704	0.00397	0.00450	0.00686	0.00948	0.01269	0.06169	0.79063	0.03267	0.01494	0.00616	0.00195	0.00279	0.01355	0.00454	0.00397
5	0.05101	0.14610	0.29938	0.31163	0.02331	0.01255	0.01358	0.06209	0.01066	0.01487	0.00844	0.01082	0.00636	0.00469	0.00439	0.00148	0.00631	0.00370	0.00231	0.00633
6	0.01636	0.03816	0.01241	0.00953	0.01286	0.01188	0.00779	0.40007	0.14276	0.15874	0.01607	0.01549	0.04453	0.00618	0.00471	0.00146	0.00447	0.00484	0.08413	0.00756
7	0.00697	0.00484	0.00568	0.00593	0.00712	0.00427	0.00427	0.00819	0.01069	0.06278	0.08890	0.34666	0.37720	0.01267	0.00579	0.00174	0.00268	0.01101	0.02829	0.00434
8	0.00648	0.00476	0.00637	0.00664	0.00741	0.00473	0.00480	0.00795	0.01014	0.01393	0.23567	0.29308	0.09185	0.05532	0.22407	0.00351	0.00547	0.00950	0.00414	0.00418
9	0.00775	0.00605	0.00685	0.00664	0.00690	0.03932	0.00439	0.00825	0.00798	0.01068	0.06417	0.07354	0.01822	0.55076	0.08871	0.00422	0.08200	0.00695	0.00305	0.00355
10	0.01106	0.00561	0.00736	0.00698	0.00846	0.00528	0.00517	0.01242	0.01037	0.24090	0.02123	0.29409	0.04765	0.08693	0.11557	0.00276	0.00466	0.00828	0.10001	0.00522
11	0.00862	0.00486	0.00664	0.00666	0.00747	0.00459	0.00473	0.00885	0.00931	0.09863	0.09882	0.27016	0.08691	0.01535	0.06369	0.28471	0.00401	0.00827	0.00383	0.00391
12	0.01001	0.01023	0.03805	0.09091	0.19773	0.05520	0.16601	0.01321	0.05862	0.01444	0.01545	0.24449	0.01558	0.00797	0.00544	0.00168	0.00552	0.04036	0.00322	0.00590
13	0.01466	0.01738	0.01416	0.01371	0.08263	0.47621	0.03319	0.01611	0.01164	0.01227	0.00874	0.04863	0.00801	0.00804	0.05788	0.00189	0.16257	0.00415	0.00252	0.00560
14	0.01018	0.00967	0.05788	0.15720	0.15833	0.00996	0.02955	0.03608	0.03699	0.04658	0.17900	0.05655	0.03087	0.00720	0.00708	0.00166	0.15007	0.00586	0.00335	0.00592
15	0.06739	0.27900	0.11789	0.01347	0.10091	0.01479	0.07678	0.01387	0.00942	0.01354	0.00774	0.01061	0.00683	0.00559	0.00724	0.00154	0.22765	0.01731	0.00225	0.00618

[dist]
# distance from previous block
# <min> <max>
0	2

[block]
# block no. 3 follows, 52 sequences, length 12
# corresponding to MSA columns:
# 182-190,195-197
name=unknown_D
#
# <colnr> <probs for GDERKNQSTAVLIFYWHMCP>
#	G	D	E	R	K	N	Q	S	T	A	V	L	I	F	Y	W	H	M	C	P
0	0.00978	0.08029	0.03539	0.00753	0.00926	0.00688	0.00598	0.06238	0.01139	0.11721	0.09768	0.37501	0.07081	0.04515	0.00632	0.00184	0.00359	0.04393	0.00443	0.00515
1	0.01537	0.04520	0.01650	0.01551	0.19205	0.03864	0.08964	0.25314	0.08429	0.12861	0.01210	0.01275	0.00890	0.00515	0.00477	0.00142	0.00542	0.00445	0.00390	0.06219
2	0.03396	0.00896	0.01141	0.00998	0.01092	0.04274	0.02889	0.01100	0.00933	0.03937	0.06396	0.05643	0.19519	0.01013	0.03500	0.00205	0.41617	0.00632	0.00316	0.00503
3	0.06867	0.00932	0.01060	0.04359	0.01275	0.00911	0.00690	0.06793	0.23185	0.11652	0.01336	0.01392	0.01019	0.03211	0.00492	0.00135	0.00401	0.00414	0.00395	0.33480
4	0.01183	0.28494	0.24781	0.00979	0.01408	0.03162	0.01036	0.05388	0.01164	0.08281	0.11428	0.03426	0.03646	0.00609	0.00442	0.00139	0.00523	0.02955	0.00319	0.00637
5	0.00693	0.00516	0.00762	0.00762	0.00843	0.00597	0.00585	0.00855	0.00774	0.01112	0.01313	0.01989	0.01249	0.08982	0.75752	0.00758	0.01242	0.00532	0.00262	0.00423
6	0.00822	0.00741	0.00764	0.00804	0.05570	0.09887	0.00549	0.00988	0.01199	0.01538	0.34523	0.07411	0.20855	0.08875	0.00738	0.00186	0.00362	0.03295	0.00433	0.00458
7	0.01346	0.01050	0.01746	0.17042	0.20827	0.03616	0.17875	0.01666	0.03438	0.19590	0.05928	0.01497	0.01082	0.00518	0.00507	0.00153	0.00587	0.00501	0.00344	0.00687
8	0.01458	0.07773	0.10102	0.09602	0.07684	0.05273	0.12446	0.14725	0.01327	0.17580	0.01140	0.01268	0.00828	0.00647	0.04014	0.00176	0.02467	0.00440	0.00347	0.00701
9	0.06898	0.00813	0.00996	0.00803	0.01115	0.00777	0.00652	0.06634	0.08293	0.48872	0.05107	0.01691	0.01313	0.00606	0.00458	0.00146	0.00379	0.00488	0.13230	0.00730
10	0.02934	0.01035	0.06229	0.18126	0.01897	0.00979	0.14087	0.08574	0.06907	0.20804	0.07507	0.04190	0.01285	0.02587	0.00555	0.00165	0.00540	0.00542	0.00394	0.00664
11	0.05393	0.01248	0.09660	0.02768	0.07079	0.08170	0.06813	0.07862	0.13166	0.24952	0.01481	0.06856	0.01127	0.00610	0.00487	0.00154	0.00527	0.00514	0.00418	0.00716

[dist]
# distance from previous block
# <min> <max>
0	20

[block]
# block no. 4 follows, 52 sequences, length 22
# corresponding to MSA columns:
# 218-239
name=unknown_E
#
# <colnr> <probs for GDERKNQSTAVLIFYWHMCP>
#	G	D	E	R	K	N	Q	S	T	A	V	L	I	F	Y	W	H	M	C	P
0	0.12055	0.04610	0.17459	0.10408	0.05975	0.08906	0.04108	0.01513	0.01076	0.13422	0.02923	0.09667	0.01099	0.02126	0.02460	0.00174	0.00577	0.00505	0.00321	0.00616
1	0.20656	0.03352	0.04507	0.09457	0.05899	0.19057	0.08984	0.10980	0.02829	0.06536	0.02796	0.01130	0.00793	0.00501	0.00438	0.00145	0.00607	0.00391	0.00315	0.00629
2	0.00651	0.00494	0.00568	0.00558	0.00697	0.00432	0.00415	0.00810	0.01192	0.03311	0.31644	0.10985	0.44200	0.01153	0.00574	0.00162	0.00246	0.00989	0.00483	0.00435
3	0.06937	0.01063	0.04462	0.05521	0.01539	0.00987	0.12196	0.08617	0.07555	0.01733	0.01007	0.02813	0.00817	0.00489	0.00516	0.00126	0.06469	0.00406	0.00308	0.36439
4	0.02063	0.01124	0.01152	0.06665	0.05777	0.18305	0.02847	0.06319	0.02366	0.09059	0.21242	0.01880	0.01800	0.04056	0.00608	0.00154	0.03691	0.00528	0.02656	0.07708
5	0.00656	0.00470	0.00608	0.00620	0.00699	0.00438	0.00439	0.00818	0.01171	0.01625	0.47623	0.27839	0.05368	0.08487	0.00755	0.00195	0.00267	0.01018	0.00485	0.00422
6	0.02991	0.01032	0.01220	0.17472	0.01702	0.03022	0.00902	0.20814	0.22671	0.09706	0.04184	0.01779	0.01256	0.00640	0.00495	0.00157	0.00487	0.05785	0.00427	0.03259
7	0.00754	0.00715	0.06354	0.23220	0.01456	0.00668	0.00720	0.00906	0.00866	0.01139	0.01742	0.14680	0.07868	0.35335	0.01343	0.00296	0.00489	0.00732	0.00302	0.00416
8	0.00975	0.00695	0.00842	0.00699	0.00971	0.00581	0.00538	0.01210	0.04348	0.09838	0.17137	0.14723	0.08030	0.00770	0.00477	0.00126	0.00319	0.00663	0.00415	0.36643
9	0.01141	0.45426	0.29917	0.01090	0.01601	0.01521	0.06092	0.01460	0.01028	0.01346	0.04722	0.01040	0.00824	0.00459	0.00393	0.00127	0.00593	0.00345	0.00225	0.00649
10	0.00939	0.00886	0.01497	0.75086	0.09866	0.01083	0.01358	0.01259	0.00980	0.01268	0.00866	0.01284	0.00656	0.00480	0.00484	0.00160	0.00640	0.00431	0.00217	0.00558
11	0.01016	0.00931	0.01466	0.10192	0.44061	0.00959	0.01132	0.01371	0.09107	0.01511	0.01605	0.16713	0.06433	0.00715	0.00514	0.00159	0.00486	0.00659	0.00316	0.00651
12	0.02481	0.37726	0.22084	0.01084	0.04542	0.07221	0.01076	0.01587	0.06955	0.02532	0.00871	0.00974	0.00706	0.00450	0.00385	0.00123	0.00569	0.00323	0.00247	0.08063
13	0.00610	0.00437	0.00568	0.00657	0.00697	0.00409	0.00443	0.00703	0.00954	0.01274	0.08249	0.65998	0.06174	0.07642	0.00755	0.00214	0.00294	0.03088	0.00444	0.00393
14	0.00730	0.00627	0.02783	0.00688	0.00810	0.02933	0.00513	0.04724	0.03531	0.01466	0.13352	0.41135	0.20956	0.02660	0.00613	0.00181	0.00314	0.01083	0.00449	0.00451
15	0.04509	0.18151	0.05163	0.01128	0.06824	0.05942	0.03571	0.09069	0.18233	0.18332	0.01358	0.03481	0.01029	0.00561	0.00447	0.00143	0.00501	0.00447	0.00394	0.00718
16	0.00753	0.00473	0.00684	0.00684	0.00724	0.00513	0.00487	0.00749	0.00710	0.00986	0.01150	0.01917	0.01145	0.14402	0.38217	0.34501	0.00830	0.00507	0.00245	0.00324
17	0.00604	0.00431	0.00578	0.00690	0.00724	0.00405	0.00473	0.00698	0.00941	0.01252	0.02664	0.77278	0.03176	0.01506	0.00622	0.00199	0.00293	0.06622	0.00450	0.00397
18	0.01241	0.01672	0.22497	0.07428	0.05013	0.17111	0.06377	0.09488	0.09179	0.01603	0.01121	0.06842	0.00939	0.00667	0.02478	0.00170	0.04752	0.00477	0.00296	0.00647
19	0.77908	0.00913	0.00725	0.00650	0.00932	0.01055	0.00528	0.03182	0.00853	0.02108	0.00742	0.00929	0.00605	0.03703	0.03449	0.00186	0.00417	0.00293	0.00302	0.00520
20	0.11401	0.06115	0.30558	0.06822	0.09844	0.07408	0.01238	0.03525	0.02828	0.12944	0.02315	0.01160	0.00797	0.00495	0.00442	0.00147	0.00594	0.00384	0.00300	0.00684
21	0.03211	0.00955	0.01126	0.05619	0.02280	0.01808	0.02595	0.19523	0.19406	0.05705	0.11343	0.04598	0.11992	0.00769	0.00594	0.00161	0.06608	0.00621	0.00441	0.00645

[dist]
# distance from previous block
# <min> <max>
3	6

[block]
# block no. 5 follows, 52 sequences, length 13
# corresponding to MSA columns:
# 246-258
name=unknown_F
#
# <colnr> <probs for GDERKNQSTAVLIFYWHMCP>
#	G	D	E	R	K	N	Q	S	T	A	V	L	I	F	Y	W	H	M	C	P
0	0.01380	0.01044	0.01148	0.04145	0.01278	0.07727	0.00785	0.26289	0.05085	0.10736	0.01343	0.06437	0.01145	0.07323	0.15568	0.00295	0.06724	0.00528	0.00390	0.00629
1	0.00711	0.00540	0.00586	0.00572	0.00741	0.00476	0.00439	0.03919	0.01167	0.04782	0.07894	0.08694	0.60798	0.01186	0.00574	0.00167	0.00277	0.05567	0.00461	0.00447
2	0.01178	0.22383	0.15301	0.05128	0.20010	0.06081	0.04904	0.01499	0.03855	0.04163	0.06770	0.04545	0.01106	0.00536	0.00448	0.00140	0.00568	0.00451	0.00277	0.00657
3	0.03982	0.00923	0.04173	0.05472	0.10382	0.00829	0.08189	0.06531	0.01071	0.05877	0.01225	0.08602	0.01134	0.12532	0.04344	0.00208	0.00523	0.00528	0.00316	0.23159
4	0.07464	0.00706	0.02891	0.04358	0.01011	0.00679	0.00599	0.11874	0.01176	0.01678	0.11689	0.40051	0.05115	0.03030	0.00587	0.00176	0.00353	0.00938	0.00424	0.05203
5	0.07175	0.06252	0.05795	0.00979	0.06208	0.05683	0.00769	0.04351	0.01215	0.29039	0.06106	0.11553	0.04498	0.00693	0.00472	0.00145	0.00440	0.00571	0.00429	0.07628
6	0.10687	0.01069	0.05203	0.00959	0.01324	0.02453	0.07859	0.12394	0.03860	0.04146	0.04117	0.03222	0.00986	0.02972	0.00537	0.00134	0.04101	0.00419	0.00335	0.33223
7	0.01107	0.12838	0.13267	0.01138	0.07960	0.03763	0.05354	0.07339	0.03531	0.05788	0.06531	0.16157	0.06140	0.00736	0.00486	0.00148	0.00486	0.00631	0.00349	0.06252
8	0.11621	0.09102	0.19878	0.01219	0.06555	0.03836	0.07219	0.13393	0.03417	0.09030	0.02505	0.04174	0.00907	0.00531	0.00447	0.00144	0.00554	0.00431	0.00330	0.04709
9	0.07273	0.04045	0.05463	0.00968	0.05637	0.02953	0.02608	0.08055	0.08696	0.15682	0.03758	0.07853	0.12593	0.04230	0.00567	0.00162	0.00430	0.01329	0.00411	0.07287
10	0.07996	0.05100	0.06415	0.08794	0.04175	0.06608	0.02769	0.14678	0.09763	0.12293	0.02798	0.01265	0.00926	0.00516	0.00443	0.00136	0.00509	0.00408	0.00369	0.14040
11	0.08508	0.03331	0.01195	0.04217	0.06043	0.00887	0.06298	0.09159	0.06364	0.16128	0.09727	0.07696	0.08275	0.00691	0.00484	0.00147	0.00423	0.00591	0.00419	0.09418
12	0.01259	0.08066	0.06883	0.04926	0.01590	0.01091	0.15151	0.13398	0.10758	0.08770	0.03328	0.06340	0.01152	0.04251	0.00569	0.00158	0.00526	0.00521	0.00364	0.10898

[dist]
# distance from previous block
# <min> <max>
15	114

[block]
# block no. 6 follows, 52 sequences, length 6
# corresponding to MSA columns:
# 404-409
name=unknown_G
#
# <colnr> <probs for GDERKNQSTAVLIFYWHMCP>
#	G	D	E	R	K	N	Q	S	T	A	V	L	I	F	Y	W	H	M	C	P
0	0.01260	0.08110	0.10210	0.15622	0.01781	0.01040	0.08979	0.09540	0.04709	0.15170	0.06636	0.04431	0.01284	0.03004	0.03056	0.00183	0.00564	0.03413	0.00365	0.00642
1	0.03324	0.17438	0.19227	0.00954	0.01302	0.09590	0.00925	0.06043	0.01146	0.03806	0.08501	0.18972	0.01576	0.00741	0.00467	0.00146	0.00510	0.00606	0.00328	0.04398
2	0.01058	0.05451	0.08384	0.02711	0.06427	0.03575	0.06948	0.04950	0.01259	0.10041	0.26926	0.08560	0.08731	0.00805	0.00527	0.00154	0.00433	0.02064	0.00417	0.00579
3	0.03038	0.34745	0.11741	0.04132	0.06257	0.05283	0.03333	0.01589	0.08316	0.07569	0.03245	0.01168	0.00886	0.00566	0.00504	0.05798	0.00539	0.00374	0.00282	0.00633
4	0.00852	0.03788	0.00819	0.00708	0.00879	0.00690	0.00543	0.08288	0.08611	0.01624	0.17310	0.13388	0.18800	0.06998	0.07505	0.00233	0.00415	0.03428	0.00429	0.04692
5	0.04838	0.05293	0.01075	0.00889	0.01108	0.00902	0.05767	0.05300	0.23033	0.01676	0.08471	0.06625	0.11355	0.01290	0.13356	0.00263	0.00543	0.07236	0.00406	0.00574

[dist]
# distance from previous block
# <min> <max>
0	4

[block]
# block no. 7 follows, 52 sequences, length 19
# corresponding to MSA columns:
# 416-434
name=unknown_H
#
# <colnr> <probs for GDERKNQSTAVLIFYWHMCP>
#	G	D	E	R	K	N	Q	S	T	A	V	L	I	F	Y	W	H	M	C	P
0	0.06019	0.06789	0.07728	0.01119	0.05623	0.06717	0.00924	0.29150	0.01540	0.16935	0.01145	0.01198	0.00833	0.01923	0.00523	0.00145	0.03533	0.00403	0.00398	0.07357
1	0.13866	0.01118	0.01254	0.19959	0.12507	0.14006	0.00978	0.04677	0.01112	0.07802	0.01146	0.05045	0.01011	0.03336	0.00581	0.00169	0.03989	0.06550	0.00310	0.00585
2	0.01032	0.02338	0.70502	0.01338	0.02004	0.01150	0.01669	0.05301	0.07146	0.01646	0.00969	0.01091	0.00691	0.00482	0.00464	0.00154	0.00682	0.00377	0.00240	0.00725
3	0.00904	0.00844	0.01405	0.70339	0.07574	0.01024	0.01275	0.01206	0.00980	0.01261	0.01100	0.05300	0.03691	0.00558	0.00494	0.00162	0.00610	0.00498	0.00237	0.00540
4	0.00897	0.01015	0.10146	0.06165	0.06863	0.02821	0.11342	0.01169	0.01122	0.01545	0.16153	0.05230	0.15623	0.00708	0.00504	0.00141	0.00461	0.00634	0.00344	0.17116
5	0.00830	0.00623	0.00917	0.00868	0.00961	0.00651	0.06785	0.03472	0.04299	0.01311	0.05520	0.28026	0.02073	0.04800	0.01051	0.19442	0.06750	0.10840	0.00361	0.00420
6	0.13755	0.00963	0.01450	0.33017	0.22342	0.01073	0.03977	0.06637	0.01118	0.01672	0.08497	0.01410	0.01055	0.00519	0.00467	0.00153	0.00546	0.00455	0.00285	0.00612
7	0.01344	0.38320	0.01794	0.00953	0.01291	0.11942	0.00822	0.04256	0.31399	0.01548	0.01203	0.01202	0.00961	0.00525	0.00403	0.00131	0.00513	0.00383	0.00332	0.00676
8	0.00947	0.00878	0.01438	0.59370	0.02761	0.01096	0.04519	0.01232	0.00945	0.01286	0.00889	0.01298	0.00696	0.00544	0.00648	0.00166	0.13253	0.00437	0.07061	0.00535
9	0.01467	0.10859	0.13805	0.01171	0.01531	0.34233	0.03266	0.04268	0.19972	0.03199	0.01098	0.01149	0.00849	0.00524	0.00447	0.00139	0.00670	0.00385	0.00311	0.00658
10	0.03733	0.01194	0.01235	0.01013	0.01347	0.07390	0.00814	0.27955	0.27530	0.20214	0.01560	0.01458	0.01105	0.00602	0.00480	0.00151	0.00478	0.00471	0.00491	0.00778
11	0.00774	0.00514	0.00625	0.00608	0.00738	0.00463	0.00450	0.00926	0.01159	0.08247	0.29471	0.13089	0.26799	0.09406	0.00767	0.00196	0.00290	0.04553	0.00475	0.00449
12	0.00624	0.00443	0.00588	0.00691	0.00728	0.00421	0.00480	0.00720	0.00934	0.01241	0.02566	0.66300	0.03036	0.08020	0.00773	0.00222	0.00318	0.11066	0.00437	0.00392
13	0.00968	0.04808	0.18310	0.23315	0.05579	0.01077	0.18913	0.01303	0.01003	0.01371	0.01120	0.11465	0.01017	0.03001	0.00619	0.00173	0.04549	0.00567	0.00252	0.00590
14	0.37859	0.00874	0.00843	0.00726	0.00992	0.00952	0.00583	0.16554	0.01228	0.09602	0.04962	0.07791	0.01164	0.00619	0.00398	0.00147	0.00373	0.00465	0.13279	0.00587
15	0.01382	0.07565	0.01311	0.05735	0.12113	0.04146	0.00847	0.08339	0.13414	0.19223	0.05953	0.01841	0.09625	0.00639	0.00493	0.00146	0.01521	0.00524	0.00417	0.04765
16	0.27856	0.01195	0.01471	0.08073	0.35348	0.09281	0.03020	0.05467	0.01095	0.01776	0.00832	0.01046	0.00670	0.00456	0.00422	0.00146	0.00553	0.00370	0.00270	0.00653
17	0.01101	0.07444	0.01557	0.27451	0.21516	0.07114	0.02425	0.01359	0.01049	0.01400	0.00940	0.01202	0.02395	0.00452	0.00440	0.00129	0.00562	0.00390	0.00246	0.20828
18	0.01169	0.16527	0.06441	0.01134	0.07579	0.10269	0.04956	0.06336	0.15514	0.01550	0.03085	0.08003	0.08299	0.04206	0.00556	0.00160	0.00514	0.01416	0.00341	0.01946

[dist]
# distance from previous block
# <min> <max>
32	164

[block]
# block no. 8 follows, 52 sequences, length 36
# corresponding to MSA columns:
# 656-684,712-718
name=unknown_I
#
# <colnr> <probs for GDERKNQSTAVLIFYWHMCP>
#	G	D	E	R	K	N	Q	S	T	A	V	L	I	F	Y	W	H	M	C	P
0	0.19463	0.03611	0.06453	0.20989	0.12629	0.01046	0.03274	0.02747	0.06762	0.01694	0.06971	0.01321	0.01010	0.00504	0.00433	0.00144	0.00499	0.00416	0.00294	0.09740
1	0.08911	0.05973	0.07921	0.19082	0.04407	0.06160	0.01060	0.33931	0.04401	0.02142	0.00998	0.01133	0.00740	0.00522	0.00454	0.00147	0.00575	0.00400	0.00348	0.00694
2	0.12183	0.00925	0.01350	0.27070	0.18003	0.00986	0.03845	0.05618	0.01072	0.01612	0.03497	0.08472	0.01028	0.00563	0.00461	0.00147	0.00513	0.00494	0.00288	0.11875
3	0.01150	0.20219	0.05642	0.04863	0.01333	0.01181	0.03288	0.04009	0.26330	0.06094	0.10426	0.01828	0.05893	0.00796	0.04728	0.00179	0.00489	0.00521	0.00385	0.00648
4	0.01005	0.00861	0.01005	0.00718	0.01148	0.00646	0.00574	0.01220	0.01005	0.01579	0.00861	0.01005	0.00718	0.00359	0.00359	0.00072	0.00359	0.00287	0.00287	0.85932
5	0.00574	0.00487	0.00495	0.00501	0.00657	0.00408	0.00373	0.00694	0.01095	0.01305	0.04783	0.09071	0.75424	0.01244	0.00575	0.00166	0.00247	0.01043	0.00450	0.00408
6	0.00573	0.00491	0.00491	0.00491	0.00655	0.00409	0.00368	0.00695	0.01105	0.01309	0.04909	0.04664	0.79750	0.01227	0.00573	0.00164	0.00245	0.01023	0.00450	0.00409
7	0.00601	0.00465	0.00551	0.00612	0.00708	0.00416	0.00442	0.00716	0.01030	0.01301	0.05201	0.40625	0.36468	0.01366	0.00602	0.00184	0.00279	0.07577	0.00451	0.00406
8	0.00616	0.00470	0.00566	0.00590	0.00693	0.00420	0.00424	0.00761	0.01135	0.01494	0.28792	0.29573	0.30227	0.01244	0.00587	0.00171	0.00251	0.01089	0.00477	0.00420
9	0.01285	0.01028	0.01156	0.00851	0.01267	0.00933	0.00690	0.27064	0.01432	0.02073	0.00963	0.01058	0.00753	0.00434	0.00401	0.00096	0.00417	0.00337	0.00353	0.57407
10	0.01687	0.01018	0.01199	0.00902	0.01299	0.00960	0.00739	0.27860	0.01568	0.28810	0.01321	0.01278	0.00918	0.00517	0.00445	0.00123	0.00436	0.00406	0.00461	0.28052
11	0.15130	0.01009	0.01164	0.00907	0.01274	0.01019	0.00749	0.26065	0.01580	0.43926	0.01485	0.01363	0.00977	0.00571	0.00457	0.00149	0.00444	0.00436	0.00517	0.00778
12	0.04931	0.00960	0.01128	0.00934	0.01226	0.04940	0.05060	0.08180	0.17891	0.23136	0.01636	0.05768	0.01328	0.08414	0.00673	0.00181	0.00457	0.04175	0.00445	0.08538
13	0.01426	0.01237	0.01472	0.01188	0.01528	0.04941	0.11786	0.26373	0.40195	0.02247	0.01520	0.01491	0.01128	0.00591	0.00499	0.00156	0.00515	0.00505	0.00444	0.00760
14	0.01761	0.01192	0.01321	0.01030	0.01402	0.01275	0.00843	0.49999	0.13024	0.16194	0.01392	0.01331	0.00977	0.00583	0.00479	0.00145	0.00481	0.00453	0.00495	0.05624
15	0.00638	0.00480	0.00652	0.00804	0.05200	0.00451	0.00526	0.00749	0.00970	0.01280	0.02783	0.64345	0.10542	0.01414	0.00610	0.00193	0.00307	0.07197	0.00438	0.00420
16	0.00601	0.00472	0.00535	0.00565	0.00675	0.00416	0.00404	0.00719	0.01060	0.01337	0.11910	0.26752	0.44164	0.05907	0.00694	0.00190	0.00270	0.02475	0.00450	0.00404
17	0.01224	0.01122	0.01225	0.17198	0.03456	0.07454	0.00919	0.05760	0.52067	0.01842	0.01593	0.01588	0.01199	0.00602	0.00486	0.00159	0.00486	0.00498	0.00413	0.00708
18	0.00704	0.00515	0.00684	0.00773	0.00874	0.00495	0.00633	0.00881	0.01082	0.01400	0.05794	0.22303	0.14626	0.01349	0.00640	0.00206	0.00371	0.45790	0.00451	0.00429
19	0.03144	0.00721	0.00905	0.00823	0.00990	0.00784	0.00640	0.16505	0.01150	0.06109	0.01580	0.13658	0.03718	0.05715	0.36332	0.00449	0.02836	0.00634	0.00360	0.02946
20	0.01810	0.02310	0.01373	0.01248	0.01498	0.81024	0.00936	0.01935	0.01373	0.01186	0.00749	0.00874	0.00624	0.00499	0.00437	0.00125	0.00874	0.00312	0.00250	0.00562
21	0.00992	0.00569	0.00690	0.00616	0.00810	0.00497	0.00477	0.01169	0.01259	0.19819	0.29659	0.03525	0.33579	0.00982	0.00546	0.00155	0.00278	0.00832	0.03023	0.00523
22	0.05284	0.01064	0.01768	0.20513	0.57375	0.01120	0.01395	0.01419	0.01060	0.01532	0.00921	0.01282	0.00767	0.00462	0.00476	0.00150	0.00579	0.01894	0.00241	0.00698
23	0.01304	0.33377	0.16481	0.04066	0.03626	0.01480	0.10199	0.15293	0.01255	0.03259	0.00881	0.01012	0.00691	0.00456	0.00417	0.00130	0.00589	0.00363	0.00274	0.04846
24	0.00661	0.00464	0.00531	0.00552	0.00586	0.00445	0.00339	0.00701	0.00823	0.01074	0.03600	0.18968	0.14554	0.52598	0.01771	0.00362	0.00393	0.00890	0.00353	0.00334
25	0.00596	0.00426	0.00567	0.00671	0.00704	0.00397	0.00450	0.00688	0.00953	0.01277	0.07022	0.78188	0.03282	0.01488	0.00616	0.00194	0.00278	0.01349	0.00455	0.00397
26	0.02812	0.03919	0.40289	0.01590	0.02160	0.03419	0.32581	0.01517	0.01073	0.01524	0.00969	0.04139	0.00757	0.00478	0.00504	0.00157	0.00733	0.00477	0.00233	0.00668
27	0.04469	0.53115	0.11162	0.01080	0.05830	0.08801	0.02805	0.01562	0.04838	0.01306	0.00787	0.00901	0.00670	0.00441	0.00364	0.00120	0.00571	0.00307	0.00231	0.00640
28	0.45182	0.00833	0.00866	0.00777	0.00997	0.00924	0.04932	0.06782	0.00967	0.01853	0.01277	0.18627	0.01300	0.07386	0.00620	0.00190	0.02808	0.02832	0.00343	0.00505
29	0.01040	0.00860	0.01237	0.16139	0.21196	0.00909	0.00948	0.05272	0.12211	0.04983	0.21314	0.02212	0.08255	0.00694	0.00514	0.00154	0.00438	0.00611	0.00389	0.00623
30	0.00700	0.00488	0.00623	0.00623	0.00656	0.00521	0.00412	0.00765	0.00733	0.01010	0.01440	0.02692	0.01554	0.52959	0.32192	0.00587	0.00783	0.00635	0.00281	0.00346
31	0.00793	0.00669	0.03619	0.05350	0.04827	0.00603	0.00619	0.01101	0.07037	0.03938	0.40970	0.03335	0.21032	0.00935	0.00549	0.00157	0.00311	0.02060	0.01587	0.00508
32	0.01245	0.05722	0.03738	0.00881	0.01260	0.03935	0.00732	0.16315	0.12335	0.03733	0.01184	0.05483	0.00977	0.00523	0.00422	0.00114	0.00433	0.00417	0.00362	0.40190
33	0.01438	0.01062	0.01240	0.00983	0.01327	0.04028	0.05113	0.22491	0.15332	0.13356	0.06288	0.03837	0.01291	0.00602	0.00476	0.00137	0.00454	0.01649	0.00441	0.18454
34	0.01184	0.38445	0.26634	0.04076	0.01658	0.01447	0.06672	0.04319	0.01085	0.04224	0.03471	0.01145	0.02751	0.00483	0.00410	0.00132	0.00587	0.00372	0.00250	0.00655
35	0.07211	0.09920	0.31044	0.01229	0.01693	0.05577	0.11451	0.04778	0.01117	0.04684	0.07338	0.01257	0.00986	0.00529	0.00536	0.00149	0.06415	0.00421	0.00277	0.03389

[dist]
# distance from previous block
# <min> <max>
3	10

[block]
# block no. 9 follows, 52 sequences, length 8
# corresponding to MSA columns:
# 729-736
name=unknown_J
#
# <colnr> <probs for GDERKNQSTAVLIFYWHMCP>
#	G	D	E	R	K	N	Q	S	T	A	V	L	I	F	Y	W	H	M	C	P
0	0.05213	0.06419	0.22320	0.00985	0.01452	0.04385	0.00983	0.12104	0.03351	0.07726	0.01139	0.01207	0.03648	0.00489	0.00422	0.00123	0.00511	0.00374	0.00322	0.26827
1	0.17955	0.09324	0.08919	0.00989	0.01333	0.22108	0.00863	0.10970	0.06799	0.10115	0.03814	0.01162	0.00902	0.00528	0.00419	0.00139	0.00568	0.00375	0.02075	0.00643
2	0.01030	0.05507	0.15061	0.04325	0.01274	0.07902	0.00856	0.11655	0.01239	0.01632	0.04872	0.13927	0.13768	0.00849	0.00505	0.00157	0.00473	0.06537	0.07876	0.00556
3	0.00757	0.00597	0.00744	0.00690	0.00847	0.00555	0.00515	0.00987	0.04880	0.01612	0.31748	0.25047	0.07015	0.01005	0.00585	0.00153	0.03908	0.00874	0.00442	0.17039
4	0.00949	0.00831	0.01078	0.10251	0.01330	0.04249	0.04189	0.01299	0.12695	0.04233	0.10114	0.17737	0.08765	0.01039	0.04347	0.00203	0.15044	0.00739	0.00375	0.00534
5	0.00793	0.00729	0.09080	0.00671	0.00885	0.00526	0.00584	0.00998	0.01190	0.08477	0.27649	0.10452	0.34053	0.01041	0.00557	0.00161	0.00308	0.00890	0.00464	0.00492
6	0.01198	0.01432	0.13865	0.01441	0.01854	0.07357	0.31321	0.14207	0.03250	0.01748	0.03584	0.03645	0.09281	0.00601	0.00558	0.00158	0.02967	0.00568	0.00319	0.00646
7	0.00982	0.08138	0.01562	0.47173	0.15010	0.01144	0.01222	0.01252	0.00954	0.01267	0.00882	0.01279	0.00723	0.00832	0.09096	0.00223	0.07042	0.00425	0.00223	0.00571

[dist]
# distance from previous block
# <min> <max>
1	32

[block]
# block no. 10 follows, 52 sequences, length 14
# corresponding to MSA columns:
# 770-783
name=unknown_K
#
# <colnr> <probs for GDERKNQSTAVLIFYWHMCP>
#	G	D	E	R	K	N	Q	S	T	A	V	L	I	F	Y	W	H	M	C	P
0	0.05610	0.00863	0.01218	0.18782	0.10602	0.00943	0.04209	0.06838	0.11326	0.04057	0.20139	0.05264	0.03236	0.01849	0.00566	0.00163	0.02752	0.00605	0.00381	0.00596
1	0.10521	0.00924	0.01027	0.00848	0.01158	0.00941	0.00678	0.05971	0.24944	0.08768	0.07045	0.01590	0.01303	0.00585	0.00492	0.00136	0.04197	0.02248	0.00408	0.26217
2	0.00892	0.00698	0.00993	0.00871	0.01068	0.00691	0.09053	0.01313	0.14057	0.05419	0.34493	0.03218	0.10295	0.01044	0.04386	0.00195	0.00406	0.09905	0.00467	0.00540
3	0.01251	0.00946	0.01228	0.27062	0.05835	0.04685	0.00918	0.05608	0.03287	0.13846	0.01112	0.01280	0.00825	0.00480	0.00438	0.00128	0.00497	0.00398	0.05362	0.24814
4	0.00685	0.00499	0.00662	0.00662	0.00726	0.00539	0.00472	0.00792	0.00785	0.01078	0.01732	0.02620	0.09082	0.31370	0.45477	0.00610	0.00903	0.00634	0.00290	0.00381
5	0.00791	0.01015	0.16437	0.26520	0.01820	0.00800	0.00999	0.01059	0.01003	0.01311	0.02266	0.08836	0.23498	0.04682	0.00649	0.00182	0.02804	0.04506	0.00313	0.00509
6	0.00659	0.00479	0.00611	0.00608	0.00703	0.00441	0.00439	0.00836	0.01221	0.01690	0.53498	0.19601	0.10227	0.05953	0.00693	0.00181	0.00255	0.00979	0.00496	0.00431
7	0.00760	0.00609	0.00785	0.11606	0.01130	0.00622	0.00600	0.01120	0.10510	0.01756	0.47818	0.03257	0.15722	0.00921	0.00551	0.00157	0.00306	0.00801	0.00472	0.00497
8	0.01258	0.73865	0.11605	0.00893	0.01343	0.01825	0.00941	0.01461	0.00989	0.01186	0.00697	0.00806	0.00621	0.00420	0.00328	0.00109	0.00541	0.00271	0.00207	0.00633
9	0.09291	0.03835	0.01700	0.01514	0.12215	0.24273	0.15442	0.16491	0.05316	0.03914	0.00978	0.01112	0.00752	0.00493	0.00465	0.00143	0.00665	0.00411	0.00318	0.00673
10	0.01029	0.00919	0.05701	0.00771	0.01140	0.00721	0.00652	0.03686	0.09434	0.05407	0.08585	0.01760	0.09749	0.00566	0.00432	0.00110	0.00367	0.00466	0.00365	0.48140
11	0.07829	0.05267	0.21847	0.03568	0.01544	0.04247	0.03642	0.15466	0.04633	0.11394	0.01264	0.09857	0.01042	0.00612	0.00465	0.00149	0.00536	0.00496	0.00358	0.05784
12	0.01404	0.02992	0.01791	0.09010	0.27157	0.11239	0.14162	0.06767	0.04381	0.12076	0.01137	0.01390	0.00883	0.00510	0.00494	0.00150	0.00623	0.02815	0.00320	0.00700
13	0.00665	0.00480	0.00604	0.00651	0.00666	0.00490	0.00423	0.00716	0.00826	0.01112	0.02083	0.45411	0.02464	0.34638	0.01429	0.00309	0.05254	0.01047	0.00372	0.00361

[dist]
# distance from previous block
# <min> <max>
1	5

[block]
# block no. 11 follows, 52 sequences, length 23
# corresponding to MSA columns:
# 797-819
name=unknown_L
#
# <colnr> <probs for GDERKNQSTAVLIFYWHMCP>
#	G	D	E	R	K	N	Q	S	T	A	V	L	I	F	Y	W	H	M	C	P
0	0.01288	0.29208	0.23939	0.03727	0.01730	0.11228	0.10196	0.01631	0.03756	0.06382	0.00902	0.01031	0.00700	0.00466	0.00442	0.00136	0.01963	0.00362	0.00251	0.00658
1	0.01048	0.33160	0.15953	0.00912	0.01254	0.01217	0.00913	0.01285	0.00932	0.04914	0.01006	0.01293	0.00872	0.01660	0.31153	0.00372	0.00847	0.00387	0.00245	0.00576
2	0.00842	0.00421	0.00631	0.00631	0.00631	0.00421	0.00421	0.00631	0.00631	0.00842	0.00842	0.01473	0.00842	0.01684	0.01894	0.85901	0.00421	0.00421	0.00210	0.00210
3	0.05458	0.39031	0.11046	0.01164	0.06155	0.14759	0.04244	0.10268	0.01206	0.01503	0.00791	0.00913	0.00653	0.00455	0.00389	0.00125	0.00611	0.00323	0.00253	0.00651
4	0.00910	0.00849	0.01427	0.78612	0.03246	0.01056	0.01324	0.01229	0.00975	0.01247	0.00929	0.01457	0.00731	0.00518	0.00492	0.00164	0.00638	0.03439	0.00224	0.00535
5	0.00677	0.00492	0.00638	0.00608	0.00720	0.00453	0.00454	0.00896	0.01342	0.01889	0.73507	0.07088	0.07370	0.01023	0.00574	0.00155	0.00232	0.00904	0.00527	0.00453
6	0.00741	0.00506	0.00647	0.00604	0.00733	0.00463	0.00456	0.00960	0.01339	0.04880	0.68079	0.03565	0.10313	0.00980	0.00560	0.00152	0.00237	0.00859	0.03459	0.00467
7	0.06204	0.00777	0.01016	0.00811	0.01140	0.00696	0.00669	0.02109	0.01305	0.63748	0.01855	0.01850	0.01265	0.00633	0.00474	0.00151	0.00394	0.05025	0.09128	0.00749
8	0.00671	0.00495	0.00626	0.00594	0.00715	0.00451	0.00445	0.00885	0.01335	0.01857	0.69536	0.03762	0.14781	0.01023	0.00572	0.00154	0.00231	0.00896	0.00522	0.00451
9	0.00703	0.00474	0.00549	0.00556	0.00569	0.00470	0.00332	0.00730	0.00772	0.01035	0.06289	0.06326	0.02033	0.71151	0.02199	0.00429	0.00447	0.04301	0.00321	0.00314
10	0.00982	0.00736	0.00835	0.00763	0.00954	0.00786	0.00586	0.01698	0.34623	0.04631	0.35496	0.02585	0.02781	0.00790	0.00510	0.00153	0.00301	0.00678	0.09511	0.00602
11	0.01134	0.01013	0.01558	0.01265	0.01571	0.01056	0.24290	0.04277	0.34548	0.04469	0.01774	0.10528	0.01531	0.00734	0.00547	0.00172	0.00516	0.07940	0.00412	0.00666
12	0.86392	0.00937	0.00712	0.00637	0.00937	0.01087	0.00525	0.01425	0.00825	0.02174	0.00675	0.00787	0.00525	0.00450	0.00300	0.00150	0.00375	0.00262	0.00300	0.00525
13	0.01155	0.01086	0.01932	0.01612	0.12525	0.00995	0.33155	0.01454	0.01096	0.06260	0.02788	0.01259	0.00846	0.00441	0.00532	0.00133	0.04259	0.00458	0.00284	0.27731
14	0.01501	0.03289	0.07275	0.00929	0.01258	0.00904	0.02259	0.03658	0.24349	0.33521	0.03491	0.09392	0.04558	0.00716	0.00501	0.00158	0.00418	0.00602	0.00496	0.00726
15	0.00842	0.00421	0.00631	0.00631	0.00631	0.00421	0.00421	0.00631	0.00631	0.00842	0.00842	0.01473	0.00842	0.01684	0.01894	0.85901	0.00421	0.00421	0.00210	0.00210
16	0.01144	0.01307	0.02859	0.02042	0.02533	0.01225	0.78186	0.01552	0.01144	0.01552	0.00980	0.01307	0.00735	0.00408	0.00572	0.00163	0.00817	0.00572	0.00245	0.00654
17	0.00705	0.00470	0.00529	0.00529	0.00529	0.00470	0.00294	0.00705	0.00705	0.00940	0.01527	0.03171	0.01762	0.82969	0.02467	0.00470	0.00470	0.00705	0.00294	0.00294
18	0.01239	0.01191	0.01868	0.09489	0.65470	0.04761	0.01418	0.05831	0.01171	0.01619	0.00914	0.01191	0.00754	0.00448	0.00479	0.00145	0.00593	0.00427	0.00252	0.00742
19	0.37688	0.13064	0.01262	0.05493	0.03758	0.15950	0.00762	0.07425	0.03763	0.01806	0.00797	0.00917	0.00636	0.00468	0.00366	0.00136	0.00521	0.00310	0.00291	0.04587
20	0.00778	0.00463	0.00695	0.00695	0.00732	0.00500	0.00500	0.00732	0.00695	0.00963	0.01037	0.01658	0.01000	0.02519	0.35806	0.49433	0.00797	0.00463	0.00232	0.00306
21	0.01042	0.00954	0.01410	0.08645	0.26826	0.00860	0.04419	0.01293	0.01045	0.01534	0.01112	0.01314	0.05197	0.00445	0.00431	0.00112	0.00468	0.00401	0.00273	0.42219
22	0.00809	0.00470	0.00666	0.00661	0.00667	0.00496	0.00447	0.00688	0.00674	0.00914	0.01073	0.06597	0.01139	0.14927	0.05778	0.57880	0.05081	0.00529	0.00241	0.00264

[dist]
# distance from previous block
# <min> <max>
6	21

[block]
# block no. 12 follows, 52 sequences, length 18
# corresponding to MSA columns:
# 842-859
name=unknown_M
#
# <colnr> <probs for GDERKNQSTAVLIFYWHMCP>
#	G	D	E	R	K	N	Q	S	T	A	V	L	I	F	Y	W	H	M	C	P
0	0.00761	0.00514	0.00575	0.00558	0.00577	0.00521	0.00325	0.04574	0.00783	0.01045	0.01509	0.03071	0.01715	0.78863	0.02368	0.00454	0.00473	0.00691	0.00303	0.00320
1	0.01481	0.02486	0.01501	0.10596	0.08235	0.10041	0.08611	0.15512	0.06992	0.15790	0.01211	0.01393	0.00918	0.04664	0.00669	0.00169	0.06927	0.00462	0.01663	0.00678
2	0.01142	0.01175	0.01596	0.16011	0.25879	0.10461	0.02905	0.01352	0.00994	0.01325	0.00994	0.01308	0.04622	0.00624	0.00846	0.00169	0.27306	0.00448	0.00238	0.00605
3	0.00797	0.00559	0.00664	0.00630	0.00789	0.00526	0.00485	0.01071	0.07162	0.06711	0.32411	0.03644	0.29367	0.01150	0.04500	0.00190	0.00321	0.04588	0.03949	0.00486
4	0.01064	0.00860	0.01334	0.12127	0.24798	0.00849	0.05657	0.01350	0.04218	0.08062	0.04193	0.09749	0.09025	0.00666	0.00493	0.00148	0.00463	0.00604	0.05948	0.08392
5	0.56788	0.00898	0.00857	0.00716	0.01043	0.00955	0.00591	0.01754	0.01022	0.29630	0.01110	0.01090	0.00762	0.00503	0.00366	0.00150	0.00388	0.00341	0.00405	0.00630
6	0.00730	0.00490	0.00568	0.00554	0.00609	0.00473	0.00352	0.00791	0.00875	0.03716	0.12038	0.03349	0.13675	0.54416	0.05072	0.00386	0.00437	0.00759	0.00356	0.00355
7	0.00856	0.00756	0.01065	0.00974	0.01010	0.00982	0.00775	0.00978	0.00762	0.01131	0.01082	0.05330	0.01094	0.09935	0.33697	0.00465	0.37863	0.00533	0.00250	0.00462
8	0.00666	0.00482	0.00616	0.00641	0.00721	0.00446	0.00453	0.00802	0.01067	0.01464	0.28409	0.34689	0.06006	0.12245	0.00842	0.00214	0.00301	0.05444	0.00450	0.04041
9	0.24164	0.01010	0.01430	0.11545	0.27404	0.01131	0.04574	0.03842	0.01000	0.01686	0.00906	0.01281	0.00770	0.00606	0.02372	0.00173	0.10238	0.03386	0.01867	0.00616
10	0.00746	0.00473	0.00663	0.00661	0.00699	0.00503	0.00461	0.00749	0.00738	0.01021	0.04779	0.02137	0.01370	0.21776	0.31571	0.29766	0.00752	0.00546	0.00263	0.00325
11	0.01225	0.30280	0.12417	0.15388	0.04858	0.01342	0.05577	0.04724	0.04425	0.08305	0.04593	0.02903	0.00966	0.00516	0.00432	0.00138	0.00555	0.00419	0.00290	0.00647
12	0.27870	0.21591	0.22601	0.01021	0.01468	0.08422	0.04539	0.04780	0.01042	0.01673	0.00768	0.00895	0.00603	0.00452	0.00378	0.00138	0.00572	0.00313	0.00253	0.00621
13	0.01076	0.27544	0.25807	0.01058	0.01486	0.01228	0.05690	0.02932	0.03448	0.03529	0.08546	0.06208	0.01383	0.00643	0.00460	0.00147	0.00543	0.07352	0.00299	0.00622
14	0.03014	0.02994	0.06681	0.12714	0.23343	0.01104	0.04841	0.14588	0.04352	0.07142	0.02901	0.01360	0.02935	0.00511	0.00470	0.00142	0.00536	0.00446	0.00328	0.09599
15	0.00824	0.00606	0.00741	0.00695	0.00878	0.00544	0.00526	0.01076	0.06703	0.05262	0.18344	0.25641	0.11702	0.01025	0.00540	0.00156	0.00307	0.06386	0.00444	0.17599
16	0.01153	0.30345	0.13219	0.00909	0.01334	0.03824	0.00886	0.04632	0.01071	0.01465	0.04398	0.01052	0.00843	0.00459	0.00431	0.00110	0.04217	0.00328	0.00262	0.29067
17	0.01321	0.08060	0.09100	0.06022	0.01513	0.04140	0.04000	0.09731	0.06220	0.12570	0.01095	0.01170	0.00819	0.00465	0.00424	0.00118	0.00491	0.00373	0.00342	0.32023

[dist]
# distance from previous block
# <min> <max>
0	2

[block]
# block no. 13 follows, 52 sequences, length 9
# corresponding to MSA columns:
# 862-870
name=unknown_N
#
# <colnr> <probs for GDERKNQSTAVLIFYWHMCP>
#	G	D	E	R	K	N	Q	S	T	A	V	L	I	F	Y	W	H	M	C	P
0	0.01528	0.01585	0.04966	0.01220	0.03736	0.32256	0.07633	0.06918	0.11763	0.10384	0.03887	0.01362	0.03023	0.00565	0.00505	0.00141	0.03019	0.00439	0.00350	0.04718
1	0.00708	0.00534	0.00659	0.00621	0.00753	0.00504	0.00468	0.01004	0.06890	0.01865	0.64184	0.03629	0.14356	0.00998	0.00566	0.00155	0.00242	0.00872	0.00519	0.00473
2	0.01184	0.01051	0.04009	0.25898	0.23543	0.01060	0.11314	0.07584	0.01186	0.08539	0.01328	0.01635	0.06015	0.00553	0.00506	0.00156	0.00589	0.02891	0.00304	0.00658
3	0.14888	0.11323	0.05566	0.07626	0.18183	0.08088	0.14402	0.08206	0.01174	0.04870	0.00899	0.01087	0.00699	0.00459	0.00443	0.00144	0.00606	0.00397	0.00279	0.00661
4	0.00816	0.00424	0.00620	0.00627	0.00629	0.00422	0.00414	0.00639	0.00656	0.00874	0.01007	0.06915	0.01058	0.07032	0.01848	0.74641	0.00415	0.00502	0.00232	0.00228
5	0.29830	0.10530	0.01277	0.01004	0.04422	0.25573	0.00776	0.06679	0.01198	0.13256	0.00920	0.00980	0.00694	0.00491	0.00390	0.00137	0.00567	0.00328	0.00328	0.00620
