[name]
unknown

[dist]
# distance from previous block
# <min> <max>
1	61

[block]
# block no. 0 follows, 62 sequences, length 6
# corresponding to MSA columns:
# 80-85
name=unknown_A
#
# <colnr> <probs for GDERKNQSTAVLIFYWHMCP>
#	G	D	E	R	K	N	Q	S	T	A	V	L	I	F	Y	W	H	M	C	P
0	0.00940	0.02226	0.06392	0.00730	0.00938	0.03722	0.02919	0.08328	0.02483	0.13436	0.06001	0.17507	0.24027	0.00911	0.02289	0.00157	0.02451	0.03670	0.00382	0.00489
1	0.00675	0.02605	0.00796	0.03870	0.00906	0.00535	0.07660	0.00866	0.03989	0.03031	0.14541	0.20339	0.22261	0.05398	0.02581	0.00177	0.00340	0.07075	0.00367	0.01989
2	0.01008	0.00936	0.06840	0.27635	0.17967	0.00889	0.03892	0.05680	0.05775	0.07524	0.00973	0.04334	0.00774	0.00452	0.00415	0.00126	0.00480	0.00402	0.00264	0.13634
3	0.04034	0.00843	0.04227	0.14607	0.12799	0.02694	0.03916	0.06112	0.07842	0.01424	0.13543	0.10703	0.03299	0.00729	0.02983	0.00160	0.08723	0.00547	0.00302	0.00513
4	0.60799	0.00926	0.04483	0.00804	0.01120	0.00938	0.13662	0.01314	0.00814	0.06568	0.00716	0.00829	0.00538	0.00393	0.00321	0.00130	0.00407	0.00291	0.00267	0.04680
5	0.22363	0.00798	0.00936	0.09804	0.09995	0.00854	0.00681	0.01447	0.20330	0.06934	0.01117	0.04370	0.00921	0.06244	0.00496	0.00147	0.00379	0.00402	0.00311	0.11469

[dist]
# distance from previous block
# <min> <max>
0	4

[block]
# block no. 1 follows, 62 sequences, length 28
# corresponding to MSA columns:
# 90-104,106-118
name=unknown_B
#
# <colnr> <probs for GDERKNQSTAVLIFYWHMCP>
#	G	D	E	R	K	N	Q	S	T	A	V	L	I	F	Y	W	H	M	C	P
0	0.80368	0.00785	0.00612	0.00556	0.00797	0.00904	0.00448	0.01194	0.00723	0.01824	0.00698	0.04122	0.00606	0.04514	0.00366	0.00147	0.00330	0.00288	0.00268	0.00446
1	0.00788	0.00732	0.01225	0.77627	0.02758	0.00907	0.01126	0.01064	0.00863	0.01114	0.04693	0.01248	0.00748	0.00526	0.02788	0.00157	0.00566	0.00399	0.00204	0.00467
2	0.01493	0.01067	0.01172	0.00910	0.01212	0.01167	0.00745	0.62367	0.01739	0.06998	0.01054	0.01130	0.00779	0.03861	0.00527	0.00137	0.04190	0.00389	0.04192	0.04871
3	0.01558	0.01134	0.01265	0.08264	0.01451	0.01257	0.00834	0.70599	0.01866	0.05946	0.01026	0.01050	0.00724	0.00504	0.00426	0.00129	0.00472	0.00385	0.00409	0.00702
4	0.00749	0.03544	0.00663	0.02599	0.00708	0.02383	0.00414	0.04439	0.01941	0.04466	0.24434	0.08325	0.05394	0.34692	0.03237	0.00261	0.00364	0.00662	0.00347	0.00377
5	0.10095	0.04609	0.01208	0.00934	0.01240	0.16735	0.00759	0.47506	0.05372	0.06045	0.00959	0.00975	0.00700	0.00484	0.00396	0.00124	0.00499	0.00348	0.00366	0.00645
6	0.85086	0.00819	0.00638	0.00566	0.00832	0.00943	0.00466	0.01279	0.00741	0.04690	0.00630	0.00717	0.00481	0.00400	0.00269	0.00132	0.00330	0.00237	0.00272	0.00470
7	0.00770	0.00741	0.00872	0.03759	0.02345	0.07548	0.03359	0.00952	0.04372	0.01220	0.13890	0.07410	0.27400	0.00925	0.03516	0.00169	0.19344	0.00654	0.00323	0.00431
8	0.00791	0.00606	0.00707	0.00650	0.00804	0.00630	0.00496	0.02375	0.27456	0.03467	0.47266	0.04650	0.05508	0.00775	0.00475	0.00138	0.00254	0.00672	0.01782	0.00499
9	0.01601	0.00651	0.00876	0.00695	0.00969	0.00571	0.00565	0.01774	0.01197	0.62940	0.16777	0.01781	0.01612	0.00589	0.00434	0.00130	0.00323	0.00490	0.05380	0.00645
10	0.01100	0.00893	0.00956	0.00853	0.01096	0.01020	0.00665	0.02222	0.75264	0.06614	0.03283	0.01610	0.01337	0.00580	0.00434	0.00143	0.00336	0.00483	0.00439	0.00671
11	0.00596	0.00433	0.00561	0.00532	0.00632	0.00398	0.00398	0.00789	0.01183	0.01665	0.76537	0.05436	0.07459	0.00892	0.00503	0.00135	0.00203	0.00787	0.00463	0.00398
12	0.00619	0.00413	0.00464	0.00464	0.00464	0.00413	0.00258	0.00619	0.00619	0.00825	0.01341	0.02785	0.01547	0.85046	0.02166	0.00413	0.00413	0.00619	0.00258	0.00258
13	0.88052	0.00823	0.00625	0.00560	0.00823	0.00955	0.00461	0.01251	0.00724	0.01909	0.00592	0.00691	0.00461	0.00395	0.00263	0.00132	0.00329	0.00230	0.00263	0.00461
14	0.06872	0.00715	0.00878	0.00695	0.00978	0.00671	0.00568	0.09835	0.01197	0.52071	0.01468	0.01372	0.00981	0.00506	0.00390	0.00123	0.00338	0.00401	0.17266	0.02672
15	0.01202	0.01040	0.01039	0.00903	0.01161	0.06444	0.00709	0.17547	0.60910	0.01908	0.01524	0.01424	0.01138	0.00555	0.00428	0.00139	0.00390	0.00449	0.00418	0.00672
16	0.88052	0.00823	0.00625	0.00560	0.00823	0.00955	0.00461	0.01251	0.00724	0.01909	0.00592	0.00691	0.00461	0.00395	0.00263	0.00132	0.00329	0.00230	0.00263	0.00461
17	0.00644	0.00466	0.00606	0.00566	0.00592	0.00472	0.04820	0.00673	0.00651	0.00875	0.01333	0.06193	0.01517	0.72962	0.03429	0.00386	0.02641	0.00629	0.00259	0.00287
18	0.00543	0.00394	0.00507	0.00581	0.00627	0.00370	0.00397	0.00662	0.02895	0.01174	0.09950	0.68619	0.07800	0.01241	0.00530	0.00165	0.00242	0.01117	0.01825	0.00361
19	0.84980	0.00819	0.00638	0.00567	0.00832	0.00943	0.00467	0.01280	0.00742	0.04790	0.00631	0.00718	0.00482	0.00400	0.00269	0.00132	0.00330	0.00237	0.00273	0.00470
20	0.00862	0.00786	0.01280	0.66971	0.06128	0.00942	0.03209	0.06933	0.00942	0.01225	0.00880	0.06365	0.00726	0.00485	0.00435	0.00142	0.00541	0.00434	0.00221	0.00495
21	0.00688	0.00506	0.00712	0.00686	0.00792	0.00562	0.00534	0.04969	0.00793	0.02521	0.03362	0.05299	0.02486	0.02717	0.67228	0.00576	0.00981	0.00492	0.00261	0.03836
22	0.00555	0.00420	0.00512	0.00516	0.00613	0.00377	0.00376	0.00702	0.01053	0.01410	0.42212	0.20214	0.27434	0.01028	0.00511	0.00145	0.00215	0.00899	0.00431	0.00377
23	0.00664	0.00448	0.00546	0.00515	0.00631	0.00417	0.00389	0.00875	0.03090	0.03845	0.55864	0.02982	0.13848	0.00826	0.00469	0.00130	0.00210	0.00716	0.13123	0.00411
24	0.01439	0.01719	0.01360	0.01151	0.01401	0.58367	0.12461	0.07925	0.01213	0.01237	0.00839	0.00964	0.02944	0.00459	0.00428	0.00118	0.02580	0.00339	0.02537	0.00516
25	0.00949	0.00963	0.03045	0.42169	0.21942	0.03844	0.12283	0.03399	0.00936	0.01243	0.00776	0.01087	0.00607	0.00423	0.00480	0.00139	0.04575	0.00391	0.00205	0.00546
26	0.00522	0.00372	0.00493	0.00587	0.00611	0.00348	0.00390	0.00594	0.00807	0.01076	0.02306	0.81542	0.02764	0.04627	0.00607	0.00182	0.00253	0.01186	0.00390	0.00342
27	0.42867	0.00771	0.00815	0.00663	0.00961	0.00782	0.00547	0.01682	0.00983	0.44279	0.01162	0.01088	0.00772	0.00464	0.00350	0.00132	0.00346	0.00334	0.00401	0.00599

[dist]
# distance from previous block
# <min> <max>
0	19

[block]
# block no. 2 follows, 62 sequences, length 14
# corresponding to MSA columns:
# 138-151
name=unknown_C
#
# <colnr> <probs for GDERKNQSTAVLIFYWHMCP>
#	G	D	E	R	K	N	Q	S	T	A	V	L	I	F	Y	W	H	M	C	P
0	0.01015	0.00938	0.01558	0.34742	0.32944	0.03091	0.09696	0.02854	0.02559	0.05250	0.00851	0.01117	0.00657	0.00411	0.00431	0.00135	0.00548	0.00394	0.00227	0.00582
1	0.00864	0.02635	0.07756	0.03511	0.02503	0.03704	0.14567	0.05444	0.03120	0.03934	0.10240	0.02565	0.19779	0.00744	0.00510	0.00147	0.02875	0.12957	0.01658	0.00488
2	0.88052	0.00823	0.00625	0.00560	0.00823	0.00955	0.00461	0.01251	0.00724	0.01909	0.00592	0.00691	0.00461	0.00395	0.00263	0.00132	0.00329	0.00230	0.00263	0.00461
3	0.01278	0.00992	0.01039	0.00863	0.01112	0.03663	0.00693	0.37430	0.25959	0.02091	0.01260	0.01271	0.00943	0.00539	0.00458	0.00131	0.04907	0.00411	0.14324	0.00635
4	0.01049	0.01086	0.02030	0.01502	0.01876	0.01083	0.55151	0.05484	0.22972	0.01541	0.01105	0.01261	0.00827	0.00426	0.00480	0.00143	0.00602	0.00491	0.00285	0.00608
5	0.00586	0.00438	0.00546	0.00545	0.00643	0.00406	0.00404	0.00776	0.03431	0.01484	0.49039	0.18035	0.17538	0.00992	0.00510	0.00145	0.00222	0.03431	0.00439	0.00392
6	0.00566	0.00438	0.00511	0.00508	0.00617	0.00396	0.00376	0.00727	0.02711	0.01360	0.34062	0.10839	0.36433	0.05303	0.00592	0.00158	0.00231	0.03377	0.00417	0.00377
7	0.00602	0.00435	0.00520	0.00521	0.00624	0.00397	0.00380	0.00766	0.02785	0.03122	0.33840	0.20495	0.26257	0.02813	0.00535	0.00150	0.00226	0.00866	0.04279	0.00387
8	0.00974	0.00753	0.00892	0.00642	0.01015	0.00572	0.00515	0.01161	0.00912	0.08667	0.00839	0.00933	0.00668	0.00334	0.00325	0.00069	0.00319	0.00268	0.00277	0.79863
9	0.00701	0.00527	0.00724	0.00690	0.00754	0.00615	0.00522	0.05066	0.00732	0.01037	0.01098	0.01768	0.01077	0.18934	0.50968	0.04996	0.08708	0.00472	0.00238	0.00372
10	0.00804	0.00756	0.01276	0.84023	0.02931	0.00945	0.01182	0.01087	0.00851	0.01087	0.00756	0.01134	0.00567	0.00425	0.00425	0.00142	0.00567	0.00378	0.00189	0.00473
11	0.34288	0.10979	0.14244	0.00757	0.01072	0.00948	0.06117	0.03715	0.02234	0.02993	0.00852	0.00976	0.00657	0.00420	0.00321	0.00122	0.00397	0.00308	0.18091	0.00509
12	0.01102	0.42964	0.22568	0.00877	0.01291	0.01333	0.00928	0.08714	0.07411	0.03014	0.00810	0.00882	0.00644	0.00409	0.00339	0.00110	0.00479	0.00293	0.01888	0.03944
13	0.00875	0.14351	0.20735	0.00926	0.02232	0.00917	0.04999	0.02262	0.04100	0.01242	0.02119	0.01831	0.01082	0.07850	0.02013	0.01995	0.05647	0.14811	0.00254	0.09760

[dist]
# distance from previous block
# <min> <max>
0	104

[block]
# block no. 3 follows, 62 sequences, length 17
# corresponding to MSA columns:
# 256-272
name=unknown_D
#
# <colnr> <probs for GDERKNQSTAVLIFYWHMCP>
#	G	D	E	R	K	N	Q	S	T	A	V	L	I	F	Y	W	H	M	C	P
0	0.01142	0.27134	0.10586	0.07471	0.04430	0.07405	0.00853	0.07025	0.00985	0.10899	0.00890	0.01053	0.00714	0.00901	0.14543	0.00214	0.02613	0.00336	0.00253	0.00554
1	0.00849	0.00670	0.00918	0.02736	0.18006	0.01800	0.00679	0.01105	0.07006	0.06746	0.20218	0.10003	0.11389	0.00801	0.02242	0.00150	0.03563	0.04531	0.01865	0.04723
2	0.00846	0.05458	0.01325	0.41838	0.04765	0.00866	0.11322	0.01094	0.00910	0.03702	0.01235	0.06909	0.03075	0.00616	0.00464	0.00150	0.00513	0.14177	0.00256	0.00480
3	0.00876	0.03720	0.06225	0.15789	0.06015	0.01044	0.05472	0.01061	0.00765	0.01109	0.00737	0.01113	0.00660	0.04058	0.08629	0.00212	0.35036	0.00381	0.00201	0.06896
4	0.00577	0.00443	0.00593	0.00649	0.00675	0.00467	0.00458	0.00655	0.00790	0.01069	0.02100	0.65225	0.04129	0.05965	0.02294	0.00197	0.09970	0.03029	0.00360	0.00357
5	0.01037	0.00930	0.01571	0.23214	0.57642	0.00973	0.01236	0.01293	0.00953	0.05853	0.00838	0.01096	0.00668	0.00399	0.00423	0.00131	0.00513	0.00382	0.00223	0.00626
6	0.00624	0.00482	0.00627	0.00591	0.00723	0.00424	0.02035	0.00783	0.01013	0.01414	0.36207	0.26090	0.09553	0.00932	0.00487	0.00137	0.00249	0.03271	0.00400	0.13958
7	0.05788	0.00595	0.00715	0.00726	0.00862	0.00639	0.00600	0.03462	0.14440	0.02651	0.04915	0.06088	0.01866	0.00949	0.02925	0.00178	0.02682	0.36981	0.12479	0.00458
8	0.81239	0.00852	0.00677	0.00593	0.00862	0.00983	0.00488	0.07534	0.00825	0.01970	0.00626	0.00717	0.00482	0.00404	0.00276	0.00131	0.00340	0.00242	0.00276	0.00482
9	0.01102	0.74784	0.12433	0.00789	0.01187	0.01596	0.00835	0.01283	0.00869	0.01045	0.00613	0.00710	0.00545	0.00369	0.00290	0.00097	0.00477	0.00239	0.00182	0.00557
10	0.00518	0.00370	0.00494	0.00592	0.00617	0.00346	0.00395	0.00592	0.00815	0.01086	0.02345	0.84768	0.02814	0.01333	0.00543	0.00173	0.00247	0.01210	0.00395	0.00346
11	0.88052	0.00823	0.00625	0.00560	0.00823	0.00955	0.00461	0.01251	0.00724	0.01909	0.00592	0.00691	0.00461	0.00395	0.00263	0.00132	0.00329	0.00230	0.00263	0.00461
12	0.00970	0.01075	0.02281	0.10129	0.05205	0.01034	0.66706	0.01311	0.00995	0.01349	0.03981	0.01221	0.00769	0.00386	0.00491	0.00142	0.00674	0.00495	0.00222	0.00561
13	0.00564	0.00433	0.00519	0.00519	0.00630	0.00388	0.00393	0.00719	0.01066	0.01409	0.39649	0.10136	0.33812	0.01010	0.00512	0.00146	0.00225	0.07061	0.00428	0.00380
14	0.00676	0.01981	0.00675	0.00658	0.00741	0.05764	0.00492	0.00830	0.03085	0.01267	0.23020	0.32952	0.09993	0.01126	0.04341	0.00179	0.06940	0.04506	0.00376	0.00396
15	0.00653	0.00475	0.00590	0.00552	0.00626	0.00450	0.01967	0.00722	0.00738	0.01022	0.07722	0.08843	0.01704	0.51660	0.06490	0.00331	0.00420	0.03251	0.00286	0.11499
16	0.00750	0.00651	0.00802	0.13604	0.01139	0.05252	0.00655	0.02350	0.05431	0.01202	0.05813	0.24034	0.07675	0.05416	0.00676	0.00176	0.08052	0.15573	0.00333	0.00417

[dist]
# distance from previous block
# <min> <max>
4	6

[block]
# block no. 4 follows, 62 sequences, length 33
# corresponding to MSA columns:
# 279-311
name=unknown_E
#
# <colnr> <probs for GDERKNQSTAVLIFYWHMCP>
#	G	D	E	R	K	N	Q	S	T	A	V	L	I	F	Y	W	H	M	C	P
0	0.00892	0.00860	0.05935	0.57455	0.12702	0.00917	0.02709	0.01164	0.00886	0.05305	0.00869	0.02160	0.00686	0.00476	0.00464	0.01693	0.01476	0.02622	0.00217	0.00513
1	0.01287	0.41875	0.01757	0.00934	0.01233	0.30189	0.05537	0.05467	0.01053	0.01138	0.02206	0.00865	0.01973	0.00427	0.00368	0.00106	0.02541	0.00293	0.00218	0.00531
2	0.00955	0.15453	0.27058	0.01155	0.12150	0.01053	0.01029	0.01390	0.13868	0.02561	0.02529	0.04648	0.02993	0.00504	0.00453	0.00128	0.05468	0.00398	0.00255	0.05952
3	0.03934	0.31718	0.26495	0.00998	0.02459	0.08570	0.05822	0.03626	0.02668	0.06375	0.00785	0.00880	0.00609	0.00403	0.00357	0.00115	0.00535	0.00301	0.01206	0.02142
4	0.01358	0.05214	0.01340	0.05225	0.01384	0.01140	0.09354	0.47700	0.05526	0.06281	0.01150	0.07540	0.00930	0.03274	0.00492	0.00142	0.00469	0.00466	0.00377	0.00640
5	0.00536	0.00439	0.00480	0.00486	0.00611	0.00389	0.00361	0.00681	0.03028	0.01213	0.12209	0.12730	0.58664	0.01162	0.04056	0.00170	0.00262	0.01757	0.00397	0.00372
6	0.01020	0.01116	0.16971	0.34232	0.13414	0.03576	0.02367	0.02699	0.04964	0.10539	0.00976	0.01175	0.01714	0.00522	0.02802	0.00152	0.00555	0.00384	0.00250	0.00572
7	0.01060	0.10666	0.25384	0.17763	0.19538	0.02262	0.05044	0.01370	0.00948	0.10755	0.00861	0.01029	0.00640	0.00411	0.00405	0.00129	0.00546	0.00353	0.00231	0.00605
8	0.01295	0.00706	0.00840	0.00701	0.00933	0.00696	0.00562	0.19115	0.03769	0.28776	0.08904	0.07494	0.07629	0.00667	0.00433	0.00132	0.00328	0.02918	0.13521	0.00581
9	0.00586	0.00436	0.00552	0.00566	0.00666	0.00402	0.00436	0.00751	0.01065	0.01433	0.41238	0.13810	0.19985	0.01027	0.00523	0.00152	0.00245	0.15313	0.00430	0.00384
10	0.06301	0.01054	0.11922	0.28255	0.21082	0.00962	0.03204	0.08561	0.01034	0.12238	0.00907	0.01090	0.00663	0.00429	0.00414	0.00134	0.00514	0.00372	0.00264	0.00599
11	0.03196	0.00906	0.01188	0.07372	0.07822	0.06969	0.00881	0.01054	0.00740	0.01076	0.00716	0.01085	0.00665	0.01144	0.17374	0.00270	0.46492	0.00379	0.00201	0.00468
12	0.01578	0.01094	0.01186	0.00917	0.01238	0.01193	0.00755	0.68540	0.01853	0.08998	0.01102	0.01099	0.00778	0.00511	0.00416	0.00126	0.00439	0.00388	0.07090	0.00699
13	0.01390	0.26754	0.01502	0.00974	0.01226	0.49967	0.00791	0.01572	0.05874	0.01073	0.00697	0.00799	0.00593	0.00440	0.00404	0.00110	0.04820	0.00277	0.00219	0.00518
14	0.00610	0.00438	0.00556	0.00526	0.00635	0.00399	0.00395	0.00795	0.01165	0.03012	0.68741	0.04924	0.14411	0.00901	0.00502	0.00136	0.00206	0.00790	0.00458	0.00400
15	0.00597	0.00435	0.00562	0.00530	0.00633	0.00399	0.00398	0.00793	0.01193	0.01679	0.78303	0.03224	0.07897	0.00880	0.00502	0.00134	0.00201	0.00776	0.00465	0.00399
16	0.00552	0.00436	0.00519	0.00514	0.00626	0.00410	0.00386	0.00682	0.00927	0.01198	0.17702	0.04495	0.43681	0.05313	0.20343	0.00283	0.00443	0.00761	0.00363	0.00367
17	0.01579	0.03984	0.01230	0.01088	0.01310	0.81420	0.00820	0.01689	0.01198	0.01040	0.00656	0.00765	0.00548	0.00437	0.00381	0.00109	0.00760	0.00273	0.00218	0.00495
18	0.00569	0.00382	0.00500	0.00583	0.00622	0.00358	0.00397	0.00659	0.00839	0.02630	0.03877	0.73996	0.02671	0.01244	0.00523	0.00166	0.00247	0.02478	0.06902	0.00358
19	0.00555	0.00438	0.00502	0.00496	0.00614	0.00391	0.00368	0.00721	0.02940	0.01371	0.33841	0.11098	0.43118	0.01010	0.00505	0.00143	0.00216	0.00868	0.00424	0.00382
20	0.82895	0.00845	0.00664	0.00585	0.00853	0.00976	0.00482	0.06007	0.00800	0.01955	0.00618	0.00711	0.00476	0.00402	0.00273	0.00131	0.00337	0.00240	0.00273	0.00476
21	0.00950	0.00819	0.01290	0.51417	0.13755	0.00945	0.02431	0.07832	0.04391	0.04297	0.02979	0.01377	0.00825	0.00483	0.00437	0.00141	0.00518	0.04326	0.00252	0.00536
22	0.02170	0.43697	0.17503	0.09417	0.02206	0.05654	0.00938	0.02207	0.05006	0.01150	0.00735	0.00904	0.00618	0.00444	0.00398	0.02406	0.02475	0.01320	0.00204	0.00547
23	0.00678	0.00490	0.00747	0.00771	0.04896	0.00538	0.02573	0.00755	0.00698	0.00989	0.03371	0.05750	0.01145	0.06994	0.44469	0.19374	0.03483	0.00487	0.01439	0.00353
24	0.00888	0.06070	0.54751	0.01103	0.01646	0.00945	0.06900	0.01305	0.02344	0.01347	0.00777	0.00914	0.00579	0.00384	0.00387	0.00119	0.00557	0.00313	0.00202	0.18470
25	0.01035	0.00891	0.00948	0.00857	0.01089	0.01032	0.00666	0.02184	0.77496	0.01740	0.01702	0.01592	0.01287	0.00711	0.04662	0.00172	0.00378	0.00480	0.00423	0.00659
26	0.03397	0.00875	0.01445	0.35160	0.42028	0.00956	0.01174	0.02412	0.00913	0.01278	0.00785	0.01092	0.00635	0.00487	0.02198	0.02381	0.00532	0.00374	0.00207	0.01673
27	0.01426	0.01751	0.01200	0.01105	0.03546	0.65516	0.03312	0.01544	0.01110	0.01059	0.00724	0.00940	0.00630	0.04840	0.02711	0.00146	0.05721	0.00315	0.01923	0.00482
28	0.00621	0.00425	0.00540	0.00539	0.00566	0.00447	0.00353	0.00665	0.00654	0.00899	0.03790	0.02376	0.01434	0.52762	0.27372	0.04817	0.00630	0.00560	0.00252	0.00297
29	0.04378	0.10450	0.03950	0.02674	0.14509	0.06114	0.00882	0.36954	0.12522	0.01967	0.00986	0.01039	0.00747	0.00469	0.00400	0.00125	0.00474	0.00365	0.00335	0.00659
30	0.00616	0.00478	0.03119	0.00572	0.00617	0.00452	0.00403	0.00686	0.00693	0.00941	0.01478	0.12947	0.01647	0.49204	0.17947	0.00411	0.00542	0.06656	0.00277	0.00315
31	0.00971	0.12395	0.53972	0.01257	0.09984	0.03915	0.01330	0.02761	0.01760	0.03354	0.00788	0.00928	0.00593	0.00487	0.02741	0.00143	0.01484	0.00319	0.00202	0.00614
32	0.01088	0.59862	0.19531	0.03541	0.01337	0.01470	0.02390	0.02711	0.00901	0.02837	0.00669	0.00774	0.00561	0.00381	0.00316	0.00105	0.00499	0.00263	0.00194	0.00569

[dist]
# distance from previous block
# <min> <max>
0	4

[block]
# block no. 5 follows, 62 sequences, length 12
# corresponding to MSA columns:
# 316-327
name=unknown_F
#
# <colnr> <probs for GDERKNQSTAVLIFYWHMCP>
#	G	D	E	R	K	N	Q	S	T	A	V	L	I	F	Y	W	H	M	C	P
0	0.44837	0.00643	0.00593	0.00560	0.00753	0.00688	0.00447	0.01034	0.00844	0.05125	0.06823	0.04677	0.17482	0.03164	0.00472	0.02860	0.00307	0.07938	0.00328	0.00424
1	0.01433	0.00754	0.00938	0.00734	0.01048	0.00676	0.00592	0.03917	0.12520	0.42948	0.03904	0.03648	0.01107	0.00510	0.00404	0.00116	0.00341	0.00420	0.00433	0.23558
2	0.02585	0.01261	0.24796	0.28464	0.07544	0.00984	0.11539	0.04921	0.04582	0.04633	0.00891	0.02674	0.00677	0.00445	0.00448	0.00139	0.02217	0.00396	0.00232	0.00572
3	0.01037	0.03356	0.04248	0.37333	0.08562	0.04758	0.09472	0.05591	0.09043	0.07180	0.03165	0.01206	0.00792	0.00457	0.00446	0.00137	0.01993	0.00405	0.00263	0.00557
4	0.00508	0.00412	0.00451	0.00482	0.00588	0.00355	0.00346	0.00605	0.00921	0.01130	0.03694	0.29393	0.57319	0.01158	0.00516	0.00153	0.00225	0.00996	0.00395	0.00355
5	0.01778	0.00712	0.00957	0.00746	0.01055	0.00629	0.00612	0.01992	0.04864	0.73297	0.07365	0.01577	0.01274	0.00553	0.00433	0.00132	0.00350	0.00454	0.00518	0.00699
6	0.00914	0.04828	0.19604	0.23574	0.11706	0.00983	0.14505	0.04038	0.04513	0.01321	0.00979	0.04695	0.00826	0.00492	0.00441	0.00141	0.00557	0.05090	0.00233	0.00559
7	0.01043	0.00530	0.00661	0.00593	0.00780	0.00459	0.00456	0.01170	0.01042	0.32063	0.06345	0.19960	0.31356	0.00913	0.00483	0.00145	0.00277	0.00779	0.00448	0.00497
8	0.01399	0.00693	0.00859	0.00700	0.00950	0.00662	0.00563	0.10655	0.07424	0.40790	0.17295	0.01836	0.03895	0.00608	0.00431	0.00130	0.00319	0.00503	0.09676	0.00613
9	0.01249	0.00901	0.04247	0.15333	0.34852	0.00866	0.01031	0.04665	0.01057	0.24368	0.01117	0.01318	0.00835	0.00466	0.00426	0.00132	0.00465	0.03158	0.02876	0.00637
10	0.00953	0.04954	0.47079	0.01587	0.25905	0.00986	0.03388	0.01328	0.00929	0.04242	0.00867	0.04332	0.00692	0.00436	0.00413	0.00132	0.00562	0.00375	0.00211	0.00630
11	0.01177	0.00898	0.06956	0.00902	0.03574	0.06556	0.00747	0.05049	0.03335	0.23103	0.03437	0.01544	0.01051	0.01133	0.17652	0.00254	0.12885	0.04839	0.04362	0.00546

[dist]
# distance from previous block
# <min> <max>
0	1

[block]
# block no. 6 follows, 62 sequences, length 18
# corresponding to MSA columns:
# 329-346
name=unknown_G
#
# <colnr> <probs for GDERKNQSTAVLIFYWHMCP>
#	G	D	E	R	K	N	Q	S	T	A	V	L	I	F	Y	W	H	M	C	P
0	0.55289	0.18611	0.01159	0.00739	0.01032	0.08655	0.06727	0.01305	0.00819	0.01598	0.00619	0.00731	0.00501	0.00390	0.00295	0.00122	0.00425	0.00255	0.00239	0.00490
1	0.05764	0.00457	0.00544	0.00515	0.00634	0.00425	0.00389	0.00790	0.01127	0.01603	0.61163	0.03221	0.20047	0.00885	0.00488	0.00136	0.00211	0.00764	0.00441	0.00396
2	0.02547	0.14028	0.32745	0.01147	0.06288	0.02327	0.09493	0.01346	0.06955	0.02535	0.00983	0.02531	0.00828	0.00480	0.00407	0.00129	0.00525	0.07169	0.00239	0.07297
3	0.00872	0.00823	0.01332	0.58371	0.15816	0.00992	0.01148	0.01198	0.06333	0.01179	0.00814	0.01136	0.00634	0.00453	0.00502	0.00143	0.07141	0.00385	0.00209	0.00519
4	0.00590	0.00406	0.00496	0.00524	0.00543	0.00402	0.00330	0.00636	0.00721	0.00971	0.06569	0.25857	0.02043	0.49859	0.06384	0.00340	0.00396	0.02322	0.00310	0.00301
5	0.00516	0.00426	0.00453	0.00458	0.00586	0.00363	0.00339	0.00632	0.00984	0.01211	0.13486	0.11049	0.65877	0.01075	0.00506	0.00145	0.00216	0.00910	0.00404	0.00363
6	0.00943	0.00968	0.01508	0.01232	0.01305	0.01265	0.14476	0.01081	0.00711	0.01081	0.00610	0.00968	0.00573	0.00679	0.01245	0.00179	0.70106	0.00394	0.00191	0.00484
7	0.00594	0.00427	0.00543	0.00547	0.00625	0.00400	0.00399	0.00739	0.01024	0.01406	0.45942	0.14464	0.08992	0.13950	0.00772	0.00188	0.00258	0.07948	0.00414	0.00368
8	0.01618	0.01192	0.01277	0.00979	0.01320	0.01320	0.00809	0.80973	0.02001	0.02682	0.01022	0.01022	0.00724	0.00511	0.00426	0.00128	0.00468	0.00383	0.00426	0.00724
9	0.01388	0.03772	0.01120	0.05794	0.01206	0.06013	0.00739	0.21118	0.03358	0.23686	0.01124	0.01187	0.00818	0.00597	0.02276	0.00147	0.15370	0.00387	0.09298	0.00601
10	0.00568	0.00433	0.00576	0.00637	0.00677	0.00444	0.00457	0.00659	0.00813	0.01088	0.02256	0.59424	0.08716	0.02896	0.06263	0.00212	0.06784	0.06372	0.00365	0.00360
11	0.16889	0.01591	0.01066	0.00942	0.01187	0.52938	0.00723	0.06929	0.01153	0.06311	0.00771	0.02482	0.00624	0.00453	0.00368	0.00115	0.00615	0.00301	0.00265	0.04277
12	0.01669	0.00679	0.00908	0.00718	0.01004	0.00601	0.00588	0.03641	0.01209	0.65564	0.10016	0.01712	0.01391	0.00577	0.00432	0.00132	0.00339	0.02493	0.05663	0.00663
13	0.04342	0.20473	0.06309	0.06054	0.03425	0.08835	0.02434	0.24211	0.05686	0.02605	0.00850	0.00969	0.00672	0.00587	0.04039	0.00149	0.07155	0.00338	0.00280	0.00589
14	0.01009	0.04038	0.15467	0.00955	0.07752	0.00802	0.00814	0.12510	0.02825	0.07014	0.04286	0.06436	0.05823	0.00577	0.00416	0.00121	0.00408	0.06597	0.00316	0.21833
15	0.02640	0.23510	0.04661	0.04896	0.17069	0.23002	0.04030	0.07235	0.03169	0.03185	0.00759	0.00894	0.00619	0.00419	0.00393	0.00116	0.02279	0.00315	0.00233	0.00575
16	0.01358	0.01061	0.05953	0.00874	0.01217	0.01018	0.00750	0.42145	0.04245	0.10519	0.01142	0.01154	0.03648	0.00493	0.00436	0.00117	0.03241	0.00376	0.00374	0.19877
17	0.01036	0.01065	0.12216	0.01057	0.10501	0.04335	0.05502	0.04611	0.06210	0.07505	0.05882	0.01148	0.00905	0.00417	0.00385	0.00104	0.00427	0.00356	0.00286	0.36051

[dist]
# distance from previous block
# <min> <max>
0	7

[block]
# block no. 7 follows, 62 sequences, length 12
# corresponding to MSA columns:
# 354-365
name=unknown_H
#
# <colnr> <probs for GDERKNQSTAVLIFYWHMCP>
#	G	D	E	R	K	N	Q	S	T	A	V	L	I	F	Y	W	H	M	C	P
0	0.01575	0.05656	0.01294	0.00942	0.01277	0.01293	0.00784	0.72238	0.01886	0.04707	0.01027	0.01032	0.00734	0.00503	0.00414	0.00125	0.00457	0.00376	0.02974	0.00705
1	0.02740	0.03216	0.20023	0.14723	0.24874	0.00951	0.12132	0.01267	0.00935	0.05375	0.02765	0.06053	0.00835	0.00470	0.00447	0.00136	0.01806	0.00435	0.00233	0.00584
2	0.00660	0.00475	0.00638	0.11524	0.00901	0.00503	0.00483	0.01992	0.00743	0.00978	0.01570	0.07628	0.09118	0.32209	0.11746	0.11491	0.00490	0.06257	0.00270	0.00324
3	0.00629	0.00462	0.00619	0.00705	0.03823	0.00464	0.00478	0.04964	0.00859	0.01159	0.01953	0.53563	0.02241	0.08427	0.12625	0.00264	0.00420	0.05615	0.00354	0.00379
4	0.00990	0.00807	0.01288	0.47633	0.12965	0.00921	0.03443	0.05932	0.00975	0.09494	0.01060	0.02744	0.03857	0.00501	0.00476	0.00141	0.03973	0.02010	0.00256	0.00534
5	0.01314	0.01056	0.01172	0.00963	0.01250	0.06611	0.06657	0.23831	0.39120	0.09552	0.01444	0.01379	0.02593	0.00538	0.00434	0.00136	0.00430	0.00445	0.00409	0.00666
6	0.01093	0.01086	0.01688	0.02499	0.76378	0.07118	0.01270	0.01335	0.00986	0.01364	0.00790	0.01032	0.00665	0.00384	0.00418	0.00125	0.00525	0.00371	0.00211	0.00661
7	0.10599	0.00638	0.00804	0.00671	0.00896	0.00606	0.00529	0.03067	0.00999	0.44319	0.01545	0.03311	0.05382	0.08276	0.09515	0.06989	0.00439	0.00462	0.00405	0.00550
8	0.00975	0.00968	0.18232	0.16426	0.03263	0.00715	0.05230	0.01232	0.00992	0.17512	0.13971	0.10086	0.04280	0.00685	0.01827	0.01747	0.00450	0.00546	0.00329	0.00531
9	0.65224	0.00831	0.00742	0.00628	0.00909	0.00918	0.00518	0.07167	0.00911	0.17517	0.00833	0.00861	0.00594	0.00429	0.00307	0.00131	0.00346	0.00279	0.00326	0.00530
10	0.07168	0.07024	0.72129	0.01137	0.01724	0.01027	0.01442	0.01336	0.00884	0.01368	0.00741	0.00871	0.00534	0.00401	0.00386	0.00132	0.00597	0.00303	0.00186	0.00612
11	0.07227	0.02309	0.18409	0.09731	0.15022	0.00910	0.17434	0.03068	0.02439	0.03758	0.02444	0.08834	0.00915	0.00500	0.00428	0.00137	0.00514	0.00466	0.04898	0.00559

[dist]
# distance from previous block
# <min> <max>
0	7

[block]
# block no. 8 follows, 62 sequences, length 6
# corresponding to MSA columns:
# 373-378
name=unknown_I
#
# <colnr> <probs for GDERKNQSTAVLIFYWHMCP>
#	G	D	E	R	K	N	Q	S	T	A	V	L	I	F	Y	W	H	M	C	P
0	0.01162	0.03730	0.04684	0.04765	0.01053	0.06971	0.00637	0.06070	0.01153	0.25860	0.21587	0.11188	0.04740	0.00722	0.00458	0.00137	0.00368	0.03766	0.00414	0.00536
1	0.00893	0.00498	0.00645	0.00579	0.00733	0.00445	0.00444	0.01064	0.01149	0.20771	0.47327	0.09133	0.12926	0.00850	0.00488	0.00138	0.00244	0.00738	0.00467	0.00468
2	0.00795	0.00730	0.01202	0.49316	0.12482	0.00838	0.03994	0.01074	0.04493	0.01167	0.01143	0.18684	0.01088	0.00614	0.00453	0.00147	0.00487	0.00562	0.00247	0.00485
3	0.01107	0.11814	0.26413	0.13940	0.08362	0.04859	0.03374	0.13917	0.01106	0.06004	0.00902	0.01150	0.00704	0.00460	0.00408	0.00130	0.00545	0.03952	0.00255	0.00600
4	0.00873	0.01205	0.34650	0.00825	0.01186	0.00663	0.00899	0.01156	0.00988	0.13764	0.09234	0.08030	0.23354	0.00714	0.00453	0.00139	0.00410	0.00595	0.00333	0.00530
5	0.00592	0.00414	0.00504	0.00521	0.00547	0.00418	0.00332	0.00637	0.00686	0.00918	0.01670	0.16854	0.06833	0.51535	0.15352	0.00399	0.00493	0.00712	0.00285	0.00300

[dist]
# distance from previous block
# <min> <max>
0	1

[block]
# block no. 9 follows, 62 sequences, length 13
# corresponding to MSA columns:
# 380-392
name=unknown_J
#
# <colnr> <probs for GDERKNQSTAVLIFYWHMCP>
#	G	D	E	R	K	N	Q	S	T	A	V	L	I	F	Y	W	H	M	C	P
0	0.00900	0.06984	0.04527	0.00663	0.01051	0.00667	0.00567	0.01098	0.00882	0.01357	0.00745	0.00868	0.00620	0.00323	0.00316	0.00068	0.00339	0.00253	0.00244	0.77530
1	0.11128	0.22112	0.34542	0.02632	0.01392	0.05858	0.01032	0.04811	0.03945	0.01361	0.00858	0.06966	0.00735	0.00475	0.00367	0.00125	0.00512	0.00357	0.00228	0.00563
2	0.01751	0.00789	0.01005	0.00791	0.01107	0.00746	0.00647	0.07871	0.14230	0.63803	0.01639	0.01440	0.01069	0.00534	0.00429	0.00133	0.00366	0.00433	0.00504	0.00716
3	0.00945	0.00810	0.00857	0.00779	0.00995	0.00910	0.00603	0.01917	0.64158	0.01682	0.07738	0.02067	0.13367	0.00671	0.00448	0.00143	0.00309	0.00562	0.00430	0.00608
4	0.00512	0.00431	0.00444	0.00441	0.00580	0.00363	0.00331	0.00629	0.00992	0.01202	0.11675	0.04008	0.74822	0.01058	0.00503	0.00143	0.00214	0.00886	0.00402	0.00363
5	0.00586	0.00429	0.00530	0.00543	0.00624	0.00400	0.00398	0.00717	0.00977	0.01308	0.32270	0.14121	0.18086	0.15715	0.00809	0.00198	0.00272	0.11258	0.00398	0.00360
6	0.00861	0.00815	0.01380	0.65351	0.21155	0.00960	0.01210	0.01137	0.00878	0.01157	0.00766	0.01116	0.00592	0.00415	0.00424	0.00138	0.00553	0.00378	0.00194	0.00519
7	0.00894	0.00705	0.00828	0.00611	0.00947	0.00545	0.00486	0.01083	0.00919	0.04463	0.06774	0.01122	0.00927	0.00377	0.00332	0.00073	0.00300	0.00307	0.06649	0.71660
8	0.13311	0.00932	0.01059	0.00823	0.01148	0.00958	0.00680	0.34753	0.01477	0.38632	0.01260	0.01170	0.00837	0.00502	0.00405	0.00130	0.00402	0.00383	0.00449	0.00689
9	0.00990	0.20577	0.09982	0.00816	0.01149	0.00985	0.04552	0.08473	0.09363	0.02790	0.08962	0.01512	0.05483	0.00519	0.00388	0.00113	0.00404	0.03882	0.00300	0.18761
10	0.00599	0.00449	0.00570	0.00614	0.00717	0.00420	0.00495	0.00758	0.01003	0.01304	0.18726	0.13054	0.25299	0.01104	0.00542	0.00166	0.00288	0.33104	0.00408	0.00379
11	0.00684	0.00505	0.00634	0.00610	0.00666	0.00555	0.00433	0.00832	0.08283	0.01014	0.04134	0.02228	0.08413	0.31862	0.20226	0.11084	0.06671	0.00550	0.00272	0.00345
12	0.88052	0.00823	0.00625	0.00560	0.00823	0.00955	0.00461	0.01251	0.00724	0.01909	0.00592	0.00691	0.00461	0.00395	0.00263	0.00132	0.00329	0.00230	0.00263	0.00461

[dist]
# distance from previous block
# <min> <max>
0	1

[block]
# block no. 10 follows, 62 sequences, length 12
# corresponding to MSA columns:
# 394-405
name=unknown_K
#
# <colnr> <probs for GDERKNQSTAVLIFYWHMCP>
#	G	D	E	R	K	N	Q	S	T	A	V	L	I	F	Y	W	H	M	C	P
0	0.00951	0.03575	0.05862	0.13184	0.04996	0.04991	0.12039	0.04855	0.10146	0.02418	0.01134	0.01537	0.03908	0.11129	0.02797	0.00188	0.09902	0.02623	0.00262	0.03503
1	0.00826	0.01847	0.64114	0.01207	0.04757	0.00914	0.04761	0.01250	0.00881	0.01302	0.00893	0.05697	0.00725	0.00712	0.08098	0.00188	0.00654	0.00388	0.00199	0.00589
2	0.01138	0.85302	0.02230	0.00728	0.01092	0.01684	0.00728	0.01274	0.00865	0.01001	0.00592	0.00683	0.00546	0.00364	0.00273	0.00091	0.00455	0.00228	0.00182	0.00546
3	0.05887	0.00880	0.01270	0.48295	0.14358	0.04903	0.01059	0.06167	0.00952	0.05282	0.00803	0.01085	0.00615	0.00471	0.00486	0.02715	0.03652	0.00367	0.00229	0.00523
4	0.00590	0.00410	0.00485	0.00501	0.00526	0.00404	0.00311	0.00629	0.00704	0.00935	0.04021	0.17098	0.08768	0.55028	0.07486	0.00359	0.00413	0.00738	0.00297	0.00295
5	0.00611	0.00427	0.00527	0.00565	0.00632	0.00406	0.00390	0.00733	0.04335	0.03904	0.04837	0.45481	0.17207	0.11184	0.03840	0.02923	0.00304	0.00956	0.00374	0.00363
6	0.01275	0.01444	0.01178	0.06513	0.01341	0.45300	0.05280	0.01506	0.07795	0.03385	0.00905	0.04165	0.00772	0.00720	0.06859	0.00170	0.07967	0.00376	0.02550	0.00499
7	0.00891	0.00779	0.01076	0.10738	0.09723	0.05377	0.04389	0.05536	0.00888	0.03602	0.03027	0.04187	0.00975	0.05080	0.28042	0.00330	0.09928	0.00447	0.00250	0.04737
8	0.00612	0.00419	0.00566	0.00596	0.00648	0.00432	0.00432	0.00684	0.00741	0.01012	0.01726	0.20815	0.07611	0.13491	0.26791	0.11704	0.00574	0.07596	0.03222	0.00330
9	0.07323	0.00730	0.00892	0.00739	0.00992	0.04128	0.02689	0.04996	0.01147	0.44782	0.08599	0.09520	0.07247	0.00677	0.00445	0.00138	0.00357	0.03556	0.00451	0.00591
10	0.06399	0.05784	0.04518	0.06672	0.04028	0.16540	0.03776	0.13354	0.04510	0.06699	0.02408	0.01241	0.02799	0.02494	0.05372	0.00170	0.08859	0.01813	0.00286	0.02279
11	0.03484	0.00640	0.00947	0.05518	0.04974	0.00629	0.10955	0.04285	0.01952	0.02945	0.06706	0.06721	0.14119	0.15565	0.05317	0.04677	0.00441	0.04667	0.00305	0.05154

[dist]
# distance from previous block
# <min> <max>
6	16

[block]
# block no. 11 follows, 62 sequences, length 26
# corresponding to MSA columns:
# 422-447
name=unknown_L
#
# <colnr> <probs for GDERKNQSTAVLIFYWHMCP>
#	G	D	E	R	K	N	Q	S	T	A	V	L	I	F	Y	W	H	M	C	P
0	0.16903	0.01283	0.04051	0.02932	0.17581	0.28293	0.04297	0.04377	0.01022	0.03476	0.00883	0.05938	0.00782	0.02313	0.02630	0.00148	0.00568	0.01741	0.00253	0.00528
1	0.48754	0.04791	0.00985	0.03959	0.03033	0.11660	0.03446	0.04112	0.00870	0.04675	0.00688	0.00826	0.00546	0.00505	0.02405	0.00145	0.07562	0.00285	0.00256	0.00496
2	0.25545	0.01027	0.18063	0.05230	0.07061	0.02774	0.00840	0.01107	0.00855	0.01431	0.02841	0.11360	0.01204	0.01777	0.00479	0.01182	0.02654	0.13814	0.00275	0.00481
3	0.05250	0.01170	0.09704	0.10109	0.19591	0.06274	0.13819	0.11371	0.03391	0.06268	0.00892	0.02208	0.00694	0.00460	0.00500	0.00137	0.06906	0.00396	0.00262	0.00600
4	0.01060	0.01087	0.12280	0.00959	0.03162	0.03848	0.04233	0.04849	0.45469	0.06521	0.03377	0.03755	0.06330	0.00587	0.00438	0.00140	0.00406	0.00494	0.00379	0.00627
5	0.00779	0.00797	0.07086	0.19190	0.21979	0.00743	0.00895	0.01048	0.03872	0.01318	0.15655	0.05069	0.12212	0.00820	0.06547	0.00177	0.00467	0.00552	0.00290	0.00503
6	0.00818	0.00721	0.01100	0.03163	0.37758	0.00718	0.00829	0.02400	0.02485	0.01292	0.06706	0.07420	0.16232	0.07934	0.06142	0.00197	0.00445	0.02837	0.00290	0.00512
7	0.00893	0.00881	0.01653	0.18930	0.03016	0.02951	0.37548	0.01137	0.00913	0.02402	0.01108	0.03193	0.03799	0.02567	0.04410	0.07327	0.00613	0.05945	0.00236	0.00482
8	0.00882	0.00756	0.00882	0.00630	0.01008	0.00567	0.00504	0.01071	0.00882	0.01387	0.00756	0.00882	0.00630	0.00315	0.00315	0.00063	0.00315	0.00252	0.00252	0.87647
9	0.00629	0.00454	0.00576	0.00544	0.00654	0.00423	0.00408	0.00852	0.04000	0.02954	0.69094	0.06119	0.09908	0.00887	0.00500	0.00136	0.00211	0.00780	0.00460	0.00411
10	0.00849	0.00651	0.00876	0.00790	0.00872	0.00790	0.00624	0.10072	0.00830	0.02685	0.00976	0.01438	0.00899	0.07035	0.35837	0.08449	0.21704	0.00426	0.03775	0.00422
11	0.02603	0.00527	0.00651	0.00582	0.00723	0.00506	0.00446	0.07558	0.01235	0.08090	0.61567	0.02802	0.05780	0.02787	0.00520	0.00139	0.00244	0.00693	0.02096	0.00450
12	0.14836	0.02257	0.00745	0.02797	0.00871	0.00675	0.00517	0.09250	0.02179	0.09786	0.16016	0.11543	0.18034	0.00830	0.01997	0.00151	0.02954	0.02530	0.00383	0.01651
13	0.01138	0.85302	0.02230	0.00728	0.01092	0.01684	0.00728	0.01274	0.00865	0.01001	0.00592	0.00683	0.00546	0.00364	0.00273	0.00091	0.00455	0.00228	0.00182	0.00546
14	0.00595	0.00431	0.00556	0.00531	0.00626	0.00398	0.00393	0.00780	0.01158	0.01626	0.72760	0.06422	0.07226	0.03944	0.00564	0.00146	0.00211	0.00787	0.00455	0.00392
15	0.17419	0.00764	0.00924	0.00726	0.01038	0.00723	0.00599	0.07198	0.01174	0.60128	0.01521	0.01366	0.03474	0.00519	0.00400	0.00132	0.00359	0.00404	0.00468	0.00665
16	0.05458	0.04078	0.10732	0.06819	0.19950	0.01028	0.21157	0.04988	0.04028	0.09677	0.00934	0.01145	0.00716	0.00444	0.00491	0.00138	0.05678	0.01675	0.00260	0.00606
17	0.23665	0.00752	0.00892	0.00707	0.01014	0.00719	0.00582	0.03580	0.01110	0.58528	0.03330	0.01289	0.00967	0.00501	0.00388	0.00132	0.00352	0.00385	0.00456	0.00650
18	0.00532	0.00414	0.00485	0.00515	0.00611	0.00367	0.00374	0.00649	0.00962	0.01232	0.17356	0.29950	0.39802	0.01127	0.00519	0.00153	0.00230	0.03950	0.00408	0.00364
19	0.00880	0.01030	0.23155	0.00831	0.01122	0.02460	0.04928	0.01149	0.02020	0.11999	0.22943	0.06154	0.10178	0.04931	0.00552	0.00154	0.00403	0.04254	0.00353	0.00505
20	0.01293	0.01180	0.04403	0.09975	0.15130	0.20186	0.04899	0.10539	0.01161	0.14905	0.03673	0.07375	0.00961	0.00530	0.00445	0.00131	0.01882	0.00441	0.00308	0.00581
21	0.01117	0.00609	0.00770	0.00706	0.00903	0.00576	0.00578	0.07166	0.03778	0.27739	0.03198	0.10210	0.15781	0.00882	0.00496	0.00155	0.00338	0.22978	0.01497	0.00524
22	0.00885	0.00537	0.00656	0.00622	0.00770	0.00508	0.00470	0.04083	0.06942	0.16928	0.11548	0.25749	0.19215	0.04433	0.00564	0.00162	0.00286	0.04752	0.00427	0.00464
23	0.00947	0.02737	0.02575	0.16434	0.20920	0.04931	0.07915	0.03127	0.05568	0.03459	0.06616	0.03416	0.01077	0.03816	0.07584	0.01303	0.02898	0.02080	0.02069	0.00528
24	0.01203	0.52511	0.10250	0.00886	0.04038	0.09584	0.00828	0.01398	0.02314	0.08828	0.00835	0.00901	0.02576	0.00419	0.00345	0.00106	0.01895	0.00288	0.00229	0.00567
25	0.01026	0.34317	0.07022	0.02472	0.02917	0.02229	0.02839	0.05199	0.00943	0.01287	0.00774	0.00889	0.01788	0.00372	0.00323	0.00090	0.00421	0.00278	0.02281	0.32534

[dist]
# distance from previous block
# <min> <max>
0	2

[block]
# block no. 12 follows, 62 sequences, length 29
# corresponding to MSA columns:
# 450-478
name=unknown_M
#
# <colnr> <probs for GDERKNQSTAVLIFYWHMCP>
#	G	D	E	R	K	N	Q	S	T	A	V	L	I	F	Y	W	H	M	C	P
0	0.01384	0.00920	0.01097	0.00895	0.01185	0.00982	0.04447	0.19092	0.37194	0.23023	0.04062	0.01459	0.01166	0.00549	0.00435	0.00137	0.00385	0.00456	0.00447	0.00684
1	0.01297	0.01930	0.01000	0.02009	0.09171	0.07278	0.02011	0.01511	0.04076	0.33991	0.09336	0.05949	0.03765	0.00672	0.00457	0.00139	0.00396	0.11624	0.00411	0.02975
2	0.71543	0.00872	0.02215	0.00621	0.00900	0.00964	0.00522	0.09251	0.00885	0.06436	0.00712	0.00785	0.00532	0.00416	0.00292	0.00131	0.00348	0.00261	0.01810	0.00504
3	0.05141	0.01068	0.05596	0.05595	0.43065	0.01024	0.19535	0.04266	0.02150	0.03399	0.00856	0.01117	0.00687	0.00412	0.00465	0.00135	0.03164	0.01470	0.00232	0.00623
4	0.00978	0.00833	0.00889	0.00804	0.01025	0.00946	0.00625	0.03562	0.65455	0.01708	0.06210	0.01894	0.08843	0.00731	0.03409	0.00163	0.00350	0.00532	0.00424	0.00621
5	0.00605	0.00432	0.00582	0.00588	0.00632	0.00468	0.00413	0.00695	0.00687	0.00959	0.04204	0.08310	0.01483	0.34136	0.43341	0.00523	0.00763	0.00585	0.00260	0.00332
6	0.01050	0.03660	0.48994	0.01157	0.01652	0.04812	0.10614	0.03358	0.02162	0.11578	0.03915	0.01104	0.00775	0.00513	0.02673	0.00148	0.00598	0.00372	0.00251	0.00614
7	0.00717	0.00423	0.00550	0.00589	0.00652	0.00392	0.00402	0.00795	0.00842	0.11504	0.02122	0.59454	0.03442	0.13080	0.00752	0.00199	0.00284	0.01003	0.02415	0.00383
8	0.10968	0.00558	0.00680	0.00614	0.00772	0.00564	0.00477	0.01011	0.03285	0.08674	0.28324	0.02107	0.05407	0.04527	0.21375	0.00278	0.01735	0.00539	0.00355	0.07750
9	0.88052	0.00823	0.00625	0.00560	0.00823	0.00955	0.00461	0.01251	0.00724	0.01909	0.00592	0.00691	0.00461	0.00395	0.00263	0.00132	0.00329	0.00230	0.00263	0.00461
10	0.00882	0.00756	0.00882	0.00630	0.01008	0.00567	0.00504	0.01071	0.00882	0.01387	0.00756	0.00882	0.00630	0.00315	0.00315	0.00063	0.00315	0.00252	0.00252	0.87647
11	0.01085	0.06612	0.15165	0.11586	0.21519	0.16515	0.01104	0.03935	0.03607	0.01256	0.00769	0.00982	0.00628	0.00541	0.03133	0.00149	0.10287	0.00344	0.00215	0.00568
12	0.03274	0.02097	0.14768	0.27259	0.05482	0.06008	0.02099	0.03072	0.04830	0.05158	0.09797	0.04562	0.05399	0.00550	0.00426	0.00135	0.00475	0.00465	0.03626	0.00518
13	0.00597	0.00440	0.00635	0.00647	0.00711	0.00492	0.00485	0.00727	0.00713	0.01010	0.03984	0.12815	0.01435	0.10107	0.62494	0.00574	0.00926	0.00580	0.00261	0.00365
14	0.00999	0.00884	0.02395	0.03290	0.08591	0.03940	0.05046	0.10867	0.28416	0.02757	0.01490	0.19049	0.01358	0.00834	0.04944	0.00176	0.03442	0.00597	0.00355	0.00569
15	0.00615	0.00464	0.00603	0.02763	0.00753	0.00476	0.00478	0.00805	0.07004	0.01177	0.07616	0.44036	0.05314	0.08002	0.06699	0.00225	0.02157	0.10063	0.00370	0.00382
16	0.05168	0.00998	0.07818	0.08343	0.04785	0.04274	0.03464	0.16058	0.02178	0.13796	0.01020	0.02419	0.00812	0.04822	0.09854	0.00213	0.11528	0.00405	0.00304	0.01741
17	0.00984	0.23677	0.45457	0.01072	0.01555	0.01147	0.06477	0.01328	0.00895	0.05485	0.00783	0.00925	0.00600	0.00540	0.04308	0.00151	0.03501	0.00319	0.00203	0.00591
18	0.00527	0.00396	0.00485	0.00546	0.00610	0.00359	0.00380	0.00619	0.00880	0.01136	0.07087	0.52379	0.25703	0.03531	0.00575	0.00170	0.00245	0.03625	0.00395	0.00352
19	0.00929	0.00632	0.03744	0.03391	0.00892	0.02058	0.00544	0.05386	0.01121	0.17249	0.31923	0.10606	0.10391	0.02749	0.05007	0.00175	0.00349	0.01956	0.00420	0.00480
20	0.03093	0.33728	0.23926	0.04206	0.09372	0.03950	0.06851	0.01326	0.00916	0.04204	0.01826	0.00899	0.00629	0.00400	0.00376	0.00117	0.01836	0.00310	0.00208	0.01828
21	0.00612	0.00429	0.00583	0.00623	0.00677	0.00440	0.00456	0.00721	0.02670	0.01070	0.05438	0.28138	0.04403	0.10053	0.21723	0.09603	0.00520	0.11175	0.00321	0.00345
22	0.00636	0.00450	0.00559	0.00564	0.00656	0.00426	0.00421	0.00789	0.02350	0.03503	0.29080	0.10364	0.17098	0.15446	0.03415	0.00214	0.00309	0.12948	0.00394	0.00376
23	0.00867	0.12716	0.06324	0.03049	0.01026	0.00877	0.03534	0.07658	0.00857	0.03240	0.01061	0.06365	0.01024	0.14739	0.25377	0.00343	0.09766	0.00468	0.00251	0.00454
24	0.06403	0.12828	0.07114	0.21604	0.12847	0.03339	0.02286	0.12348	0.01873	0.10803	0.02626	0.01072	0.00730	0.00446	0.00411	0.00128	0.01922	0.00359	0.00276	0.00587
25	0.00746	0.00778	0.12515	0.02665	0.02168	0.00601	0.00644	0.03093	0.10010	0.03374	0.24580	0.12431	0.14758	0.00819	0.00472	0.00143	0.00319	0.04613	0.04800	0.00472
26	0.00902	0.00620	0.00734	0.01990	0.01933	0.00626	0.00546	0.03439	0.20119	0.12056	0.09088	0.08523	0.21711	0.02824	0.00523	0.00156	0.00310	0.11858	0.01540	0.00502
27	0.03171	0.00754	0.03730	0.22899	0.04563	0.01921	0.03352	0.00958	0.00803	0.01120	0.02368	0.12005	0.04570	0.05725	0.08719	0.00223	0.18308	0.04121	0.00248	0.00441
