[name]
unknown

[dist]
# distance from previous block
# <min> <max>
0	342

[block]
# block no. 0 follows, 53 sequences, length 11
# corresponding to MSA columns:
# 393-403
name=unknown_A
#
# <colnr> <probs for GDERKNQSTAVLIFYWHMCP>
#	G	D	E	R	K	N	Q	S	T	A	V	L	I	F	Y	W	H	M	C	P
0	0.00688	0.00508	0.00630	0.00681	0.00774	0.00484	0.00508	0.04491	0.01071	0.01397	0.08395	0.38303	0.18313	0.05421	0.00693	0.00201	0.00320	0.16259	0.00443	0.00421
1	0.23187	0.01114	0.04605	0.05097	0.04429	0.04571	0.00806	0.14061	0.20906	0.10688	0.01376	0.03051	0.02977	0.00577	0.00436	0.00151	0.00453	0.00445	0.00399	0.00672
2	0.23846	0.05447	0.02937	0.05189	0.11713	0.29230	0.06399	0.03214	0.02850	0.03851	0.00828	0.00978	0.00656	0.00467	0.00411	0.00138	0.00629	0.00345	0.00273	0.00599
3	0.12060	0.18437	0.05377	0.06394	0.01422	0.04882	0.04456	0.12812	0.04311	0.01646	0.00999	0.07000	0.00885	0.00699	0.03553	0.00168	0.09466	0.00435	0.00296	0.04702
4	0.00672	0.00506	0.00626	0.00624	0.00740	0.00450	0.00447	0.00811	0.01049	0.01435	0.23236	0.31113	0.12993	0.09086	0.00739	0.00190	0.00292	0.03805	0.00431	0.10751
5	0.11855	0.03569	0.05345	0.06684	0.10045	0.03875	0.06310	0.10904	0.09610	0.05215	0.05129	0.07311	0.01160	0.00581	0.00454	0.00143	0.00485	0.00491	0.00347	0.10487
6	0.10863	0.09199	0.09184	0.01102	0.03768	0.21306	0.03790	0.11137	0.04126	0.07277	0.02141	0.01099	0.00795	0.00611	0.03421	0.00156	0.02364	0.00367	0.00312	0.06983
7	0.00722	0.00523	0.00599	0.00596	0.00724	0.00483	0.00440	0.04700	0.01131	0.03401	0.15376	0.18445	0.34981	0.07122	0.00696	0.00187	0.00289	0.04603	0.04548	0.00434
8	0.00635	0.00455	0.00614	0.00677	0.00721	0.00459	0.00473	0.00738	0.00869	0.01181	0.04484	0.45371	0.02499	0.14297	0.20105	0.00371	0.00551	0.04736	0.00378	0.00387
9	0.01188	0.01111	0.03826	0.20421	0.12585	0.06516	0.12694	0.13395	0.03011	0.04405	0.08314	0.06282	0.01243	0.00590	0.00499	0.00152	0.00572	0.00537	0.02032	0.00626
10	0.03818	0.05576	0.04300	0.08160	0.22641	0.29177	0.04986	0.06656	0.04418	0.04491	0.00919	0.01085	0.00726	0.00478	0.00451	0.00137	0.00668	0.00383	0.00276	0.00653

[dist]
# distance from previous block
# <min> <max>
0	11

[block]
# block no. 1 follows, 53 sequences, length 33
# corresponding to MSA columns:
# 418-450
name=unknown_B
#
# <colnr> <probs for GDERKNQSTAVLIFYWHMCP>
#	G	D	E	R	K	N	Q	S	T	A	V	L	I	F	Y	W	H	M	C	P
0	0.01287	0.74806	0.04341	0.03180	0.01320	0.04604	0.00861	0.02846	0.01008	0.01173	0.00686	0.00797	0.00618	0.00418	0.00323	0.00107	0.00532	0.00268	0.00211	0.00615
1	0.01812	0.00941	0.01123	0.00881	0.01222	0.03648	0.00717	0.16739	0.04336	0.47114	0.09814	0.01679	0.01422	0.00613	0.00480	0.00142	0.00422	0.00495	0.00529	0.05869
2	0.01413	0.00749	0.00916	0.00772	0.01040	0.00716	0.00613	0.01851	0.18502	0.36263	0.15692	0.02502	0.15339	0.00776	0.00510	0.00154	0.00341	0.00650	0.00532	0.00669
3	0.01689	0.01239	0.01335	0.01048	0.01402	0.01369	0.00857	0.62410	0.12407	0.05039	0.04025	0.01340	0.01044	0.00598	0.00480	0.00146	0.00488	0.00462	0.01838	0.00787
4	0.01343	0.00735	0.00825	0.00707	0.00938	0.00753	0.00560	0.10505	0.14839	0.20483	0.01656	0.01673	0.01209	0.00583	0.00411	0.00132	0.00328	0.00469	0.41223	0.00628
5	0.00821	0.00595	0.00669	0.00655	0.00784	0.00589	0.00493	0.09926	0.02788	0.01481	0.02715	0.08804	0.24872	0.20779	0.01002	0.00240	0.00367	0.14395	0.07583	0.00441
6	0.03407	0.00777	0.00974	0.00859	0.02401	0.00755	0.00659	0.04758	0.15536	0.39544	0.01999	0.21191	0.01675	0.00813	0.00506	0.00161	0.00373	0.00695	0.02233	0.00686
7	0.00747	0.00523	0.00649	0.00612	0.00733	0.00493	0.00450	0.00989	0.05292	0.04760	0.53950	0.06611	0.11560	0.09624	0.00755	0.00187	0.00269	0.00849	0.00490	0.00457
8	0.05324	0.01006	0.01284	0.01054	0.01240	0.01198	0.00870	0.16337	0.01207	0.22219	0.03048	0.01327	0.00931	0.03084	0.01019	0.00184	0.37201	0.00449	0.00374	0.00645
9	0.20017	0.14253	0.15409	0.00985	0.04371	0.02949	0.00901	0.07576	0.06602	0.03005	0.00944	0.03304	0.00769	0.00491	0.00413	0.00131	0.02291	0.00358	0.00294	0.14936
10	0.01131	0.16943	0.07188	0.17838	0.36310	0.01270	0.01261	0.01527	0.09253	0.01453	0.00951	0.01172	0.00769	0.00458	0.00442	0.00141	0.00560	0.00400	0.00250	0.00681
11	0.00852	0.00678	0.00946	0.03451	0.16020	0.00715	0.00680	0.02861	0.00906	0.01244	0.06126	0.04544	0.01719	0.41387	0.01548	0.00316	0.06499	0.08754	0.00310	0.00444
12	0.00653	0.00477	0.00601	0.00664	0.00741	0.00450	0.00495	0.00778	0.00998	0.01299	0.08536	0.30307	0.17220	0.13108	0.00874	0.00230	0.00337	0.21412	0.00427	0.00395
13	0.04381	0.00653	0.00808	0.00678	0.00920	0.00587	0.00533	0.01571	0.01186	0.39533	0.08075	0.02470	0.17052	0.07356	0.02094	0.00183	0.00359	0.00619	0.10338	0.00604
14	0.00608	0.00447	0.00539	0.00591	0.00651	0.00412	0.00396	0.00696	0.00950	0.01239	0.09568	0.42897	0.20425	0.17189	0.00948	0.00235	0.00301	0.01109	0.00421	0.00378
15	0.81526	0.00918	0.00727	0.00642	0.00942	0.01050	0.00529	0.01460	0.00847	0.06836	0.00739	0.00827	0.00557	0.00453	0.00307	0.00148	0.00372	0.00272	0.00313	0.00535
16	0.01246	0.01055	0.01113	0.00984	0.01265	0.01215	0.00770	0.09419	0.72385	0.02091	0.01873	0.01726	0.01401	0.00642	0.00486	0.00160	0.00392	0.00530	0.00486	0.00762
17	0.01029	0.03375	0.01412	0.02806	0.01244	0.02882	0.00984	0.01138	0.00755	0.01138	0.00709	0.01181	0.00709	0.05023	0.05270	0.00242	0.68947	0.00430	0.00216	0.00510
18	0.03123	0.06787	0.01179	0.04959	0.01249	0.27451	0.00749	0.14757	0.01226	0.02990	0.00950	0.02136	0.00827	0.04926	0.04254	0.18705	0.00631	0.00399	0.02191	0.00509
19	0.86579	0.00924	0.00702	0.00629	0.00924	0.01072	0.00518	0.01405	0.00813	0.02144	0.00666	0.00776	0.00518	0.00444	0.00296	0.00148	0.00370	0.00259	0.00296	0.00518
20	0.01197	0.01070	0.01082	0.07082	0.08242	0.16555	0.00801	0.04824	0.12553	0.08390	0.11191	0.02422	0.13175	0.00798	0.01574	0.00162	0.00497	0.07403	0.00397	0.00587
21	0.00621	0.00481	0.00566	0.00561	0.00687	0.00426	0.00418	0.00788	0.01194	0.01573	0.38963	0.11395	0.37056	0.01132	0.00570	0.00160	0.00241	0.02260	0.00481	0.00424
22	0.00942	0.00875	0.01239	0.02442	0.03882	0.01164	0.00898	0.01067	0.00761	0.01160	0.00865	0.01391	0.00844	0.06808	0.18760	0.00341	0.52968	0.00458	0.02640	0.00493
23	0.00652	0.00480	0.00561	0.00578	0.00700	0.00422	0.00423	0.00786	0.01099	0.04268	0.17373	0.25875	0.40730	0.01228	0.00576	0.00169	0.00260	0.02932	0.00464	0.00424
24	0.00681	0.00469	0.00601	0.00670	0.00731	0.00455	0.00467	0.00843	0.04483	0.02995	0.05186	0.58440	0.04124	0.05346	0.03803	0.00221	0.00333	0.04185	0.05548	0.00419
25	0.01381	0.48628	0.02128	0.01090	0.06080	0.04391	0.06259	0.13285	0.04754	0.04912	0.00924	0.02566	0.00772	0.00477	0.00386	0.00122	0.00534	0.00360	0.00286	0.00663
26	0.00826	0.00690	0.00911	0.03976	0.00991	0.00800	0.00658	0.03149	0.00937	0.01338	0.09169	0.23303	0.06309	0.08549	0.03011	0.00217	0.24621	0.00763	0.04204	0.05578
27	0.01097	0.02735	0.06459	0.04035	0.01646	0.05720	0.24345	0.02974	0.05567	0.05079	0.02690	0.09337	0.02152	0.02413	0.00534	0.00148	0.00557	0.02737	0.00315	0.19461
28	0.55800	0.00867	0.00766	0.00681	0.00937	0.00968	0.00543	0.09416	0.00998	0.05301	0.01142	0.04562	0.03656	0.09252	0.00581	0.00185	0.00392	0.03085	0.00343	0.00525
29	0.01292	0.01669	0.12228	0.01084	0.03047	0.39260	0.00885	0.01532	0.05594	0.01283	0.06088	0.05896	0.01237	0.14389	0.00812	0.00194	0.02203	0.00488	0.00288	0.00531
30	0.01097	0.01040	0.01487	0.04669	0.06676	0.07589	0.20929	0.09818	0.06784	0.01683	0.08595	0.10684	0.07070	0.00686	0.00512	0.00151	0.00525	0.00639	0.04911	0.04454
31	0.00931	0.00740	0.00798	0.00719	0.00909	0.02340	0.00552	0.15303	0.10969	0.01852	0.24357	0.08990	0.25943	0.02713	0.00579	0.00163	0.00326	0.00810	0.00471	0.00535
32	0.01096	0.01002	0.04651	0.10521	0.24488	0.02912	0.12514	0.01375	0.02646	0.08909	0.02962	0.14095	0.03560	0.00765	0.02821	0.00177	0.02575	0.01992	0.00319	0.00620

[dist]
# distance from previous block
# <min> <max>
0	7

[block]
# block no. 2 follows, 53 sequences, length 11
# corresponding to MSA columns:
# 459-463,465-470
name=unknown_C
#
# <colnr> <probs for GDERKNQSTAVLIFYWHMCP>
#	G	D	E	R	K	N	Q	S	T	A	V	L	I	F	Y	W	H	M	C	P
0	0.03089	0.01472	0.27860	0.05143	0.21594	0.01071	0.01277	0.07387	0.07691	0.01685	0.08328	0.01423	0.01127	0.00713	0.05105	0.00186	0.03431	0.00453	0.00292	0.00673
1	0.00743	0.05297	0.03941	0.03024	0.00834	0.00614	0.02086	0.00849	0.00828	0.01119	0.03093	0.09680	0.06292	0.40634	0.13203	0.00393	0.00564	0.03153	0.03265	0.00387
2	0.01204	0.12744	0.04305	0.13029	0.13116	0.08950	0.06980	0.03978	0.01068	0.05375	0.01073	0.01282	0.05013	0.00555	0.00629	0.00147	0.13889	0.00423	0.00265	0.05976
3	0.01311	0.00730	0.00912	0.00796	0.02500	0.00677	0.00612	0.04315	0.09583	0.28919	0.13121	0.10555	0.08699	0.00786	0.00499	0.00148	0.00346	0.02348	0.03545	0.09598
4	0.01182	0.01071	0.01446	0.01220	0.01281	0.01435	0.01015	0.10422	0.00938	0.04591	0.00740	0.01081	0.00672	0.00795	0.01395	0.00199	0.69267	0.00422	0.00257	0.00569
5	0.09163	0.01016	0.01206	0.05222	0.03807	0.02231	0.05132	0.22355	0.14720	0.10090	0.04153	0.03496	0.07964	0.00629	0.00471	0.00147	0.00450	0.00518	0.00420	0.06810
6	0.06297	0.00763	0.00938	0.00790	0.01053	0.00741	0.00632	0.07054	0.09733	0.34489	0.22149	0.05485	0.03646	0.00761	0.00505	0.00154	0.00356	0.03271	0.00525	0.00659
7	0.01577	0.01078	0.01374	0.01313	0.13938	0.01123	0.03461	0.25452	0.18599	0.20321	0.04065	0.01485	0.01148	0.00574	0.00483	0.00148	0.00469	0.00481	0.00457	0.02454
8	0.00628	0.00487	0.00572	0.00551	0.00684	0.00430	0.00413	0.00809	0.01239	0.01647	0.47527	0.04015	0.37121	0.01078	0.00564	0.00155	0.00233	0.00927	0.00491	0.00430
9	0.01492	0.01722	0.01215	0.05701	0.01440	0.50567	0.00857	0.04078	0.14228	0.01383	0.01138	0.07309	0.00988	0.00683	0.02676	0.00155	0.00709	0.00446	0.02639	0.00575
10	0.06975	0.22117	0.01997	0.04455	0.01679	0.03637	0.25687	0.10470	0.01183	0.04359	0.00996	0.01273	0.00804	0.00496	0.00481	0.00142	0.03293	0.03073	0.06260	0.00621

[dist]
# distance from previous block
# <min> <max>
2	65

[block]
# block no. 3 follows, 53 sequences, length 22
# corresponding to MSA columns:
# 536-557
name=unknown_D
#
# <colnr> <probs for GDERKNQSTAVLIFYWHMCP>
#	G	D	E	R	K	N	Q	S	T	A	V	L	I	F	Y	W	H	M	C	P
0	0.04053	0.09269	0.13171	0.01071	0.02895	0.07088	0.04117	0.15460	0.12986	0.08906	0.05558	0.04728	0.02889	0.00625	0.00484	0.00148	0.01680	0.02605	0.00377	0.01890
1	0.03129	0.10639	0.10555	0.08703	0.06122	0.20760	0.01044	0.23421	0.04169	0.01799	0.00945	0.01082	0.00734	0.00641	0.04083	0.00165	0.00665	0.00376	0.00308	0.00661
2	0.53269	0.07404	0.04185	0.00826	0.01155	0.06481	0.02955	0.09195	0.01052	0.06640	0.00806	0.00899	0.00612	0.00474	0.00378	0.00144	0.02318	0.00308	0.00314	0.00585
3	0.00995	0.25110	0.33137	0.01113	0.05010	0.01199	0.04164	0.01354	0.03476	0.01375	0.01645	0.01706	0.16638	0.00596	0.00440	0.00140	0.00544	0.00475	0.00263	0.00620
4	0.00808	0.00688	0.00900	0.00838	0.00901	0.03910	0.01914	0.00930	0.00799	0.01121	0.04722	0.02032	0.01328	0.21380	0.38872	0.00523	0.17100	0.00545	0.00266	0.00423
5	0.00631	0.00480	0.00570	0.00580	0.00692	0.00433	0.00428	0.00781	0.01128	0.01479	0.29784	0.14054	0.32808	0.07391	0.00719	0.00189	0.00273	0.06708	0.00460	0.00412
6	0.25697	0.00848	0.00988	0.00787	0.01127	0.00819	0.00648	0.04135	0.01237	0.53773	0.04209	0.01443	0.01101	0.00563	0.00432	0.00148	0.00393	0.00430	0.00503	0.00718
7	0.01414	0.01075	0.01159	0.00963	0.01264	0.01192	0.00771	0.33758	0.34211	0.05134	0.07800	0.01753	0.04157	0.00659	0.00488	0.00152	0.00420	0.00532	0.02362	0.00739
8	0.05124	0.00739	0.00799	0.00675	0.00900	0.00763	0.00538	0.19905	0.01350	0.14558	0.01472	0.01561	0.01088	0.00561	0.00390	0.00126	0.00331	0.00439	0.48084	0.00595
9	0.01839	0.01303	0.01412	0.01083	0.01464	0.01429	0.00894	0.73438	0.02187	0.08286	0.01198	0.01180	0.00838	0.00575	0.00478	0.00144	0.00518	0.00434	0.00486	0.00813
10	0.00983	0.31362	0.10403	0.00836	0.01132	0.04435	0.00807	0.01193	0.01053	0.01323	0.05969	0.06407	0.12066	0.00806	0.00468	0.00149	0.00462	0.16863	0.02751	0.00532
11	0.01266	0.80377	0.05510	0.00839	0.01259	0.01861	0.00854	0.01434	0.00973	0.01139	0.00672	0.00776	0.00613	0.00411	0.00312	0.00104	0.00519	0.00259	0.00204	0.00617
12	0.86579	0.00924	0.00702	0.00629	0.00924	0.01072	0.00518	0.01405	0.00813	0.02144	0.00666	0.00776	0.00518	0.00444	0.00296	0.00148	0.00370	0.00259	0.00296	0.00518
13	0.01206	0.01189	0.01562	0.11035	0.36938	0.11688	0.02683	0.05374	0.10449	0.01551	0.01137	0.07326	0.00992	0.00611	0.01673	0.00159	0.02971	0.00497	0.00292	0.00666
14	0.00657	0.00484	0.00615	0.00591	0.00704	0.00441	0.00440	0.00862	0.01295	0.01799	0.66239	0.08320	0.13701	0.01036	0.00567	0.00154	0.00231	0.00911	0.00511	0.00441
15	0.01071	0.00788	0.01021	0.00874	0.02614	0.03029	0.09352	0.12119	0.03187	0.07117	0.16930	0.02475	0.13157	0.04803	0.00587	0.00160	0.00392	0.02140	0.17634	0.00549
16	0.00602	0.00483	0.00538	0.00529	0.00670	0.00419	0.00395	0.00757	0.01170	0.01495	0.29580	0.06952	0.52441	0.01143	0.00566	0.00159	0.00238	0.00973	0.00471	0.00419
17	0.07680	0.01029	0.01145	0.00969	0.01184	0.10946	0.06940	0.10042	0.08057	0.07699	0.10227	0.02921	0.04957	0.08179	0.07832	0.00236	0.08480	0.00543	0.00367	0.00567
18	0.31505	0.01184	0.01176	0.00943	0.01287	0.05859	0.03771	0.33443	0.05025	0.06631	0.01012	0.01055	0.00739	0.00512	0.00410	0.00143	0.00482	0.00370	0.00390	0.04063
19	0.00598	0.00433	0.00568	0.00665	0.00711	0.00403	0.00461	0.00700	0.00960	0.01271	0.06267	0.68443	0.08618	0.01442	0.00608	0.00192	0.00284	0.06533	0.00447	0.00396
20	0.00905	0.04315	0.00860	0.00741	0.00878	0.00723	0.00563	0.10039	0.04513	0.04208	0.07878	0.09107	0.05393	0.17683	0.27854	0.00420	0.00694	0.02386	0.00358	0.00480
21	0.06787	0.16503	0.05424	0.00966	0.01316	0.03687	0.00835	0.22274	0.28490	0.02033	0.01295	0.02863	0.01007	0.00562	0.00433	0.00140	0.00469	0.00430	0.00389	0.04094

[dist]
# distance from previous block
# <min> <max>
3	17

[block]
# block no. 4 follows, 53 sequences, length 19
# corresponding to MSA columns:
# 575-584,622-630
name=unknown_E
#
# <colnr> <probs for GDERKNQSTAVLIFYWHMCP>
#	G	D	E	R	K	N	Q	S	T	A	V	L	I	F	Y	W	H	M	C	P
0	0.00987	0.00919	0.01412	0.02257	0.01377	0.05653	0.22087	0.01252	0.05498	0.03764	0.09278	0.07986	0.01622	0.15842	0.04838	0.00252	0.09932	0.04204	0.00325	0.00513
1	0.01109	0.00962	0.02340	0.02187	0.07098	0.07994	0.04139	0.07970	0.04281	0.07355	0.21354	0.09916	0.05212	0.02427	0.00723	0.00168	0.13149	0.00659	0.00392	0.00566
2	0.00735	0.00784	0.10596	0.08741	0.02736	0.00632	0.02831	0.00931	0.00940	0.01283	0.07704	0.25185	0.04643	0.13771	0.10651	0.00291	0.00541	0.06207	0.00342	0.00454
3	0.01456	0.19262	0.07534	0.01058	0.01403	0.21055	0.03113	0.19303	0.09350	0.03337	0.01169	0.01322	0.03345	0.03050	0.00497	0.00145	0.00597	0.02024	0.00330	0.00651
4	0.00717	0.00565	0.03245	0.00639	0.00700	0.00533	0.00446	0.00860	0.05099	0.01134	0.05706	0.13121	0.01984	0.48863	0.11119	0.00413	0.00526	0.03629	0.00331	0.00372
5	0.20504	0.25507	0.03955	0.02727	0.15638	0.02629	0.04350	0.01457	0.00976	0.07022	0.00873	0.03457	0.00741	0.00507	0.00489	0.00141	0.07769	0.00371	0.00268	0.00619
6	0.00943	0.00839	0.01395	0.57317	0.12477	0.00984	0.03741	0.01246	0.00985	0.01358	0.00966	0.01339	0.00743	0.00481	0.00459	0.00150	0.00572	0.00433	0.13023	0.00550
7	0.00984	0.00776	0.00909	0.00684	0.01044	0.00601	0.00537	0.01176	0.00999	0.05175	0.01263	0.05849	0.05265	0.03582	0.00463	0.00102	0.00346	0.00412	0.03129	0.66705
8	0.00674	0.00517	0.00626	0.00629	0.00761	0.00480	0.00490	0.00904	0.04260	0.01608	0.36267	0.06615	0.28718	0.01117	0.00580	0.00168	0.00276	0.14386	0.00480	0.00444
9	0.01129	0.01116	0.01842	0.11301	0.51198	0.04305	0.09449	0.01406	0.01068	0.01471	0.01002	0.03886	0.00885	0.00520	0.00542	0.00153	0.04222	0.03580	0.00248	0.00677
10	0.01614	0.00898	0.01059	0.00851	0.01158	0.00898	0.00689	0.23696	0.07963	0.32705	0.09631	0.01983	0.08875	0.00686	0.00489	0.00147	0.00395	0.00557	0.04991	0.00715
11	0.00645	0.00483	0.00599	0.00580	0.00697	0.00436	0.00431	0.00838	0.01265	0.01732	0.58171	0.09039	0.21196	0.01063	0.00567	0.00156	0.00233	0.00929	0.00502	0.00436
12	0.01972	0.00949	0.05478	0.00891	0.01271	0.00800	0.00769	0.10886	0.01436	0.63895	0.01876	0.01670	0.04605	0.00609	0.00483	0.00148	0.00429	0.00491	0.00551	0.00789
13	0.00596	0.00441	0.00559	0.00634	0.00698	0.00404	0.00443	0.00706	0.00999	0.01312	0.10806	0.57100	0.17689	0.01384	0.00599	0.00185	0.00272	0.04321	0.00452	0.00399
14	0.01292	0.45433	0.12212	0.01001	0.01370	0.01620	0.00987	0.10446	0.01098	0.04507	0.00787	0.00926	0.00660	0.00518	0.00579	0.00134	0.15212	0.00327	0.00252	0.00640
15	0.01061	0.03614	0.01073	0.00740	0.01161	0.00740	0.00599	0.06832	0.01082	0.01649	0.00865	0.00995	0.00712	0.00372	0.00361	0.00077	0.00372	0.00293	0.00295	0.77107
16	0.01258	0.19676	0.06508	0.03296	0.01448	0.26211	0.08989	0.01450	0.01066	0.01234	0.00951	0.06155	0.00874	0.02491	0.06727	0.00192	0.07217	0.00431	0.03271	0.00554
17	0.00760	0.00564	0.00739	0.00706	0.00775	0.00625	0.00509	0.03728	0.00799	0.01124	0.01316	0.02278	0.01352	0.35222	0.39547	0.00569	0.05332	0.00570	0.00276	0.03209
18	0.10449	0.01000	0.01250	0.04475	0.14367	0.05378	0.03047	0.12811	0.03626	0.15800	0.06602	0.01525	0.01159	0.04050	0.08850	0.00224	0.03904	0.00468	0.00372	0.00644

[dist]
# distance from previous block
# <min> <max>
0	4

[block]
# block no. 5 follows, 53 sequences, length 10
# corresponding to MSA columns:
# 639-648
name=unknown_F
#
# <colnr> <probs for GDERKNQSTAVLIFYWHMCP>
#	G	D	E	R	K	N	Q	S	T	A	V	L	I	F	Y	W	H	M	C	P
0	0.04130	0.01372	0.01436	0.06164	0.09828	0.16970	0.03459	0.29522	0.08035	0.06151	0.01104	0.01252	0.00847	0.00565	0.00535	0.00148	0.05480	0.01939	0.00368	0.00696
1	0.11967	0.14620	0.01318	0.00921	0.02493	0.08193	0.00747	0.23737	0.05731	0.04328	0.03682	0.02723	0.02944	0.02400	0.04159	0.00173	0.03118	0.00431	0.05689	0.00628
2	0.01012	0.00961	0.01631	0.51285	0.33209	0.01091	0.01382	0.01317	0.01007	0.01354	0.00869	0.01239	0.00684	0.00458	0.00476	0.00153	0.00610	0.00425	0.00222	0.00619
3	0.01111	0.01007	0.01668	0.27666	0.02230	0.01114	0.21340	0.03759	0.17229	0.05592	0.01259	0.01641	0.00994	0.00578	0.00584	0.00166	0.05841	0.05281	0.00317	0.00623
4	0.00682	0.00473	0.00559	0.00559	0.00587	0.00481	0.00347	0.00721	0.00741	0.00988	0.01753	0.03044	0.08331	0.62892	0.15460	0.00489	0.00581	0.00691	0.00297	0.00322
5	0.00763	0.00507	0.00624	0.00598	0.00737	0.00451	0.00447	0.00935	0.01219	0.08711	0.40544	0.14136	0.26378	0.01080	0.00563	0.00159	0.00254	0.00938	0.00497	0.00461
6	0.01285	0.00907	0.01006	0.00856	0.01117	0.00977	0.00680	0.21531	0.26185	0.09980	0.08853	0.02053	0.09465	0.00861	0.04874	0.00184	0.00428	0.00573	0.07514	0.00670
7	0.86579	0.00924	0.00702	0.00629	0.00924	0.01072	0.00518	0.01405	0.00813	0.02144	0.00666	0.00776	0.00518	0.00444	0.00296	0.00148	0.00370	0.00259	0.00296	0.00518
8	0.51220	0.16533	0.06194	0.00761	0.01087	0.01233	0.00692	0.03274	0.05163	0.01848	0.00932	0.01025	0.03946	0.00501	0.00388	0.00143	0.03887	0.00322	0.00290	0.00563
9	0.04673	0.17578	0.03558	0.05771	0.08003	0.11449	0.00835	0.01308	0.06016	0.01346	0.01506	0.21379	0.01566	0.00832	0.00508	0.00158	0.02274	0.10372	0.00323	0.00542

[dist]
# distance from previous block
# <min> <max>
10	39

[block]
# block no. 6 follows, 53 sequences, length 11
# corresponding to MSA columns:
# 688-698
name=unknown_G
#
# <colnr> <probs for GDERKNQSTAVLIFYWHMCP>
#	G	D	E	R	K	N	Q	S	T	A	V	L	I	F	Y	W	H	M	C	P
0	0.22173	0.01238	0.01028	0.01033	0.07394	0.23877	0.00724	0.06365	0.03718	0.03204	0.01263	0.09034	0.03842	0.09361	0.00663	0.00181	0.01816	0.02226	0.00321	0.00538
1	0.33540	0.01027	0.01177	0.29336	0.09716	0.06670	0.00951	0.03888	0.04188	0.04140	0.00863	0.01075	0.00658	0.00474	0.00406	0.00150	0.00523	0.00360	0.00280	0.00577
2	0.10034	0.00877	0.00961	0.08872	0.01223	0.10614	0.02526	0.06320	0.01024	0.01417	0.04631	0.11830	0.03244	0.02559	0.15162	0.09176	0.03689	0.05059	0.00313	0.00469
3	0.01116	0.01046	0.01678	0.17459	0.46772	0.01119	0.02915	0.04841	0.06372	0.01554	0.01174	0.01421	0.05108	0.00521	0.00539	0.00152	0.04792	0.00468	0.00270	0.00683
4	0.01262	0.28416	0.07087	0.02601	0.05417	0.07277	0.00875	0.12480	0.08691	0.01589	0.01023	0.03098	0.00880	0.04035	0.00489	0.00137	0.00515	0.01416	0.00298	0.12412
5	0.01126	0.00989	0.01246	0.01110	0.05369	0.03678	0.10324	0.09081	0.33824	0.03011	0.07165	0.02130	0.11233	0.04416	0.02966	0.00188	0.00475	0.00604	0.00418	0.00648
6	0.00896	0.00760	0.07953	0.00710	0.00934	0.00598	0.00611	0.04360	0.03716	0.09279	0.45486	0.03091	0.15560	0.00886	0.00534	0.00150	0.00310	0.00760	0.00480	0.02927
7	0.00580	0.00424	0.00546	0.00644	0.00688	0.00390	0.00434	0.00668	0.00936	0.01228	0.02893	0.73720	0.12165	0.01464	0.00605	0.00190	0.00273	0.01318	0.00444	0.00390
8	0.01101	0.05776	0.04899	0.05319	0.01359	0.08959	0.04190	0.03141	0.00913	0.01295	0.00843	0.01210	0.00754	0.03321	0.03754	0.00202	0.42149	0.00417	0.09865	0.00533
9	0.06700	0.13077	0.16892	0.01257	0.05902	0.01308	0.10360	0.27428	0.01459	0.06108	0.04299	0.01189	0.00887	0.00509	0.00452	0.00142	0.00566	0.00417	0.00341	0.00707
10	0.55586	0.04489	0.04261	0.00847	0.05364	0.03983	0.00672	0.05519	0.01005	0.06537	0.05193	0.01058	0.00833	0.00491	0.00353	0.00144	0.00417	0.00333	0.02343	0.00571

[dist]
# distance from previous block
# <min> <max>
0	15

[block]
# block no. 7 follows, 53 sequences, length 9
# corresponding to MSA columns:
# 714-722
name=unknown_H
#
# <colnr> <probs for GDERKNQSTAVLIFYWHMCP>
#	G	D	E	R	K	N	Q	S	T	A	V	L	I	F	Y	W	H	M	C	P
0	0.80994	0.00952	0.00751	0.00660	0.00961	0.01099	0.00543	0.06493	0.00908	0.02202	0.00697	0.00801	0.00537	0.00452	0.00308	0.00148	0.00380	0.00270	0.00308	0.00537
1	0.04957	0.01060	0.02710	0.00891	0.01226	0.07566	0.03037	0.14280	0.10020	0.05781	0.01429	0.07619	0.05091	0.00602	0.00444	0.00126	0.00442	0.01792	0.00372	0.30556
2	0.00604	0.00486	0.00538	0.00525	0.00670	0.00420	0.00394	0.00761	0.01182	0.01510	0.31105	0.04240	0.53628	0.01129	0.00564	0.00158	0.00236	0.00958	0.00473	0.00420
3	0.01024	0.00931	0.03618	0.12616	0.05622	0.02852	0.08260	0.08393	0.09436	0.01526	0.06042	0.05758	0.01361	0.02971	0.05691	0.08356	0.07858	0.06815	0.00323	0.00547
4	0.08616	0.01265	0.01229	0.01078	0.04859	0.14962	0.00823	0.26240	0.10211	0.14709	0.03618	0.01359	0.02347	0.00587	0.00501	0.00145	0.03825	0.00438	0.02491	0.00697
5	0.00679	0.00513	0.00581	0.00571	0.00722	0.00456	0.00435	0.00868	0.03475	0.04273	0.22936	0.08260	0.48145	0.01135	0.00567	0.00163	0.00260	0.05050	0.00470	0.00441
6	0.01151	0.04782	0.05495	0.06769	0.37064	0.01046	0.07017	0.04810	0.03970	0.05031	0.01086	0.01333	0.00869	0.00724	0.07094	0.00192	0.00598	0.00441	0.09859	0.00669
7	0.00845	0.00465	0.00656	0.00654	0.00678	0.00477	0.00445	0.00783	0.07105	0.00950	0.01031	0.06413	0.01023	0.01567	0.01678	0.73835	0.00404	0.00483	0.00245	0.00264
8	0.05480	0.00938	0.01333	0.35774	0.07333	0.03443	0.04950	0.11675	0.01161	0.01564	0.01376	0.01854	0.07584	0.00764	0.04178	0.00188	0.02780	0.06761	0.00297	0.00567

[dist]
# distance from previous block
# <min> <max>
0	3

[block]
# block no. 8 follows, 53 sequences, length 9
# corresponding to MSA columns:
# 726-734
name=unknown_I
#
# <colnr> <probs for GDERKNQSTAVLIFYWHMCP>
#	G	D	E	R	K	N	Q	S	T	A	V	L	I	F	Y	W	H	M	C	P
0	0.43427	0.12293	0.03504	0.02391	0.04214	0.06045	0.00728	0.08118	0.04320	0.06779	0.00864	0.00946	0.00663	0.00468	0.00357	0.00138	0.00457	0.00315	0.00315	0.03660
1	0.01347	0.13466	0.01665	0.15047	0.14797	0.17368	0.03251	0.13040	0.04737	0.01570	0.00903	0.01100	0.00726	0.00510	0.00523	0.00141	0.06700	0.00386	0.02083	0.00638
2	0.00649	0.00453	0.00598	0.00646	0.00678	0.00461	0.00433	0.00717	0.00803	0.01091	0.01906	0.36771	0.02179	0.26184	0.20378	0.03846	0.00576	0.00923	0.00344	0.00361
3	0.00630	0.00482	0.00579	0.00575	0.00697	0.00431	0.00430	0.00802	0.01203	0.01600	0.41790	0.11906	0.32032	0.01127	0.00572	0.00161	0.00245	0.03826	0.00485	0.00427
4	0.01688	0.00709	0.00950	0.00770	0.01053	0.00621	0.00615	0.01863	0.01299	0.56474	0.14800	0.06733	0.05023	0.04413	0.00592	0.00166	0.00366	0.00624	0.00553	0.00690
5	0.00830	0.00415	0.00623	0.00623	0.00623	0.00415	0.00415	0.00623	0.00623	0.00830	0.00830	0.01453	0.00830	0.01660	0.01868	0.86094	0.00415	0.00415	0.00208	0.00208
6	0.01651	0.00822	0.01037	0.00856	0.01150	0.00787	0.00698	0.14866	0.04243	0.42815	0.09308	0.07001	0.03709	0.00767	0.00515	0.00158	0.00400	0.07975	0.00535	0.00705
7	0.01701	0.06470	0.01384	0.01122	0.01404	0.47797	0.00872	0.21025	0.04527	0.03852	0.00950	0.01089	0.00765	0.04343	0.00532	0.00145	0.00708	0.00367	0.00323	0.00625
8	0.01243	0.34336	0.27536	0.01131	0.01601	0.10714	0.04740	0.05436	0.03801	0.01401	0.00817	0.00944	0.00656	0.00464	0.00438	0.00131	0.03397	0.00332	0.00234	0.00650

[dist]
# distance from previous block
# <min> <max>
0	1

[block]
# block no. 9 follows, 53 sequences, length 10
# corresponding to MSA columns:
# 736-745
name=unknown_J
#
# <colnr> <probs for GDERKNQSTAVLIFYWHMCP>
#	G	D	E	R	K	N	Q	S	T	A	V	L	I	F	Y	W	H	M	C	P
0	0.01150	0.07547	0.05864	0.01279	0.14264	0.01002	0.04498	0.08448	0.07528	0.08893	0.08270	0.08342	0.03562	0.04498	0.00667	0.00174	0.06197	0.06827	0.00371	0.00620
1	0.71705	0.00908	0.00756	0.03363	0.01023	0.01052	0.00564	0.01473	0.08285	0.02058	0.00883	0.04631	0.00732	0.00512	0.00334	0.00152	0.00375	0.00341	0.00318	0.00535
2	0.00641	0.00487	0.00590	0.00564	0.00692	0.00436	0.00423	0.00834	0.01270	0.01720	0.56311	0.03895	0.28291	0.01051	0.00564	0.00154	0.00231	0.00910	0.00500	0.00436
3	0.01102	0.01022	0.01534	0.15243	0.41057	0.03845	0.01177	0.04852	0.06248	0.01488	0.01038	0.01428	0.00890	0.06829	0.08019	0.00228	0.02634	0.00457	0.00265	0.00645
4	0.00737	0.00503	0.00602	0.00578	0.00712	0.00447	0.00426	0.00893	0.01175	0.07330	0.34851	0.11007	0.31236	0.06529	0.00686	0.00179	0.00265	0.00922	0.00478	0.00444
5	0.00717	0.00524	0.00732	0.00746	0.00825	0.00585	0.00581	0.00875	0.00841	0.01197	0.01638	0.06205	0.03525	0.10506	0.47309	0.00549	0.03947	0.12309	0.05971	0.00418
6	0.01296	0.53662	0.02112	0.13358	0.01587	0.07532	0.00922	0.08464	0.01103	0.01316	0.00741	0.00899	0.00636	0.00460	0.00414	0.00121	0.04225	0.00309	0.00234	0.00611
7	0.01040	0.00861	0.00879	0.00821	0.01010	0.08088	0.00639	0.12109	0.13564	0.03969	0.15328	0.14629	0.13682	0.00967	0.00544	0.00165	0.00391	0.10306	0.00455	0.00552
8	0.02697	0.04165	0.08500	0.02864	0.07313	0.13512	0.00905	0.11616	0.04355	0.16642	0.04963	0.05161	0.04480	0.00621	0.00517	0.00143	0.04360	0.00485	0.00376	0.06325
9	0.01289	0.01050	0.05009	0.00979	0.02536	0.05374	0.02121	0.15092	0.24066	0.11979	0.04499	0.09545	0.05163	0.00990	0.07872	0.00212	0.00522	0.00600	0.00437	0.00665

[dist]
# distance from previous block
# <min> <max>
0	11

[block]
# block no. 10 follows, 53 sequences, length 10
# corresponding to MSA columns:
# 757-766
name=unknown_K
#
# <colnr> <probs for GDERKNQSTAVLIFYWHMCP>
#	G	D	E	R	K	N	Q	S	T	A	V	L	I	F	Y	W	H	M	C	P
0	0.08635	0.08086	0.01538	0.23179	0.23367	0.01102	0.04303	0.05601	0.01003	0.01440	0.00842	0.01173	0.00700	0.00647	0.00696	0.13013	0.03461	0.00400	0.00241	0.00571
1	0.04273	0.01043	0.01782	0.11189	0.21907	0.01066	0.24209	0.10474	0.01194	0.01728	0.01078	0.03501	0.00865	0.00491	0.00478	0.00147	0.00576	0.00490	0.12870	0.00639
2	0.03623	0.00889	0.01310	0.38857	0.07931	0.01003	0.04652	0.12584	0.03413	0.01595	0.01525	0.07494	0.09893	0.00647	0.00492	0.00157	0.00528	0.00564	0.02269	0.00574
3	0.00593	0.00469	0.00518	0.00535	0.00650	0.00411	0.00381	0.00705	0.01045	0.01308	0.11949	0.19536	0.49656	0.09162	0.00754	0.00196	0.00269	0.01031	0.00438	0.00394
4	0.24615	0.01000	0.01052	0.06463	0.01318	0.01122	0.00742	0.17506	0.25472	0.09953	0.01385	0.05127	0.01067	0.00600	0.00437	0.00154	0.00422	0.00466	0.00422	0.00676
5	0.00956	0.00880	0.00969	0.00965	0.05029	0.11221	0.00688	0.01098	0.02460	0.02548	0.07197	0.13926	0.04482	0.14573	0.09465	0.00280	0.18814	0.00657	0.03324	0.00468
6	0.00613	0.00498	0.00547	0.00552	0.00694	0.00441	0.00413	0.00792	0.03620	0.01421	0.17549	0.11724	0.54330	0.01183	0.00570	0.00165	0.00254	0.03751	0.00459	0.00423
7	0.01102	0.14039	0.19502	0.05670	0.12896	0.01120	0.08867	0.03949	0.02714	0.02913	0.00956	0.03935	0.00789	0.00464	0.00432	0.00128	0.00553	0.00402	0.00260	0.19310
8	0.00943	0.00812	0.01292	0.47239	0.10179	0.00967	0.01089	0.03649	0.00926	0.01227	0.00900	0.01423	0.00773	0.07458	0.00917	0.12830	0.06206	0.00445	0.00229	0.00495
9	0.05824	0.20528	0.09765	0.00829	0.01252	0.01059	0.00776	0.04546	0.01041	0.03325	0.02562	0.01007	0.00761	0.00422	0.00392	0.00101	0.02394	0.00309	0.00275	0.42831

[dist]
# distance from previous block
# <min> <max>
1	52

[block]
# block no. 11 follows, 53 sequences, length 36
# corresponding to MSA columns:
# 819-854
name=unknown_L
#
# <colnr> <probs for GDERKNQSTAVLIFYWHMCP>
#	G	D	E	R	K	N	Q	S	T	A	V	L	I	F	Y	W	H	M	C	P
0	0.03973	0.01049	0.05391	0.38303	0.03682	0.05416	0.03567	0.07861	0.03240	0.08877	0.04511	0.04524	0.00992	0.00567	0.00515	0.00154	0.03473	0.00474	0.00307	0.03122
1	0.04627	0.00963	0.01183	0.01120	0.12165	0.05153	0.03220	0.05784	0.01141	0.11033	0.02883	0.05102	0.05900	0.00548	0.00462	0.00119	0.02576	0.00454	0.00342	0.35226
2	0.07543	0.26062	0.28453	0.00982	0.01417	0.03868	0.01052	0.03294	0.04422	0.01450	0.01189	0.11004	0.03698	0.00602	0.00419	0.00139	0.00531	0.00468	0.00270	0.03136
3	0.06269	0.04173	0.01077	0.05161	0.11244	0.02996	0.02654	0.05499	0.01050	0.02326	0.04234	0.27916	0.03853	0.05358	0.00681	0.00185	0.04639	0.07656	0.00358	0.02670
4	0.03070	0.00662	0.00966	0.00906	0.03318	0.00694	0.08025	0.01058	0.07479	0.01295	0.04026	0.14739	0.01624	0.17214	0.26682	0.00413	0.02630	0.00677	0.00319	0.04202
5	0.02387	0.00911	0.01393	0.21277	0.05806	0.00919	0.12084	0.04665	0.05677	0.01519	0.03001	0.07383	0.01020	0.00579	0.00538	0.02873	0.02678	0.00490	0.00292	0.24509
6	0.01037	0.00690	0.00859	0.00755	0.03258	0.00658	0.03893	0.03256	0.05880	0.07206	0.03568	0.01707	0.04596	0.00656	0.03004	0.00139	0.02470	0.00461	0.37699	0.18206
7	0.04967	0.01120	0.01284	0.04784	0.02470	0.08894	0.05315	0.14685	0.12507	0.03826	0.01527	0.03758	0.09935	0.00706	0.00732	0.00163	0.19319	0.00519	0.00350	0.03137
8	0.00734	0.00564	0.00761	0.02796	0.09085	0.00538	0.00580	0.00916	0.04417	0.03439	0.05911	0.47939	0.14540	0.02490	0.00597	0.00179	0.00321	0.01067	0.00419	0.02706
9	0.03899	0.06434	0.01058	0.05188	0.01128	0.09846	0.02885	0.04555	0.05150	0.05569	0.07545	0.03768	0.07573	0.07097	0.07011	0.00218	0.07164	0.00539	0.12851	0.00521
10	0.00916	0.02166	0.02935	0.00978	0.11405	0.00615	0.00622	0.03139	0.02703	0.01068	0.00970	0.01621	0.00944	0.07421	0.01550	0.57423	0.00452	0.02489	0.00238	0.00346
11	0.04902	0.05779	0.05834	0.01841	0.31012	0.01108	0.14633	0.10541	0.01209	0.02787	0.03907	0.06721	0.03772	0.00557	0.00483	0.00146	0.00549	0.00523	0.00302	0.03394
12	0.03555	0.37076	0.05316	0.09942	0.10608	0.08988	0.04375	0.05550	0.03797	0.03210	0.00842	0.00992	0.00690	0.00448	0.00393	0.00125	0.00571	0.00341	0.00252	0.02930
13	0.01177	0.29248	0.06155	0.04453	0.02440	0.10433	0.02763	0.07498	0.01183	0.02897	0.08139	0.01706	0.12859	0.00605	0.00426	0.00127	0.00500	0.00469	0.00308	0.06612
14	0.04027	0.07550	0.26673	0.10063	0.04489	0.01138	0.02405	0.09375	0.13435	0.01703	0.06135	0.05299	0.02239	0.00598	0.00497	0.00153	0.02767	0.00485	0.00317	0.00653
15	0.01034	0.00924	0.01286	0.19040	0.20732	0.01027	0.01003	0.01712	0.31258	0.01629	0.04269	0.09710	0.02985	0.00665	0.00498	0.00159	0.00462	0.00590	0.00362	0.00653
16	0.00592	0.00424	0.00557	0.00653	0.00688	0.00395	0.00437	0.00682	0.00938	0.01255	0.07488	0.73566	0.04754	0.04292	0.00669	0.00200	0.00280	0.01298	0.00444	0.00389
17	0.00614	0.00461	0.00571	0.00603	0.00695	0.00417	0.00434	0.00759	0.01112	0.01480	0.29496	0.34548	0.22834	0.01245	0.00584	0.00172	0.00255	0.02835	0.00472	0.00415
18	0.00615	0.00486	0.00553	0.00537	0.00676	0.00425	0.00402	0.00783	0.01207	0.01571	0.38448	0.04139	0.46246	0.01106	0.00564	0.00156	0.00235	0.00944	0.00481	0.00425
19	0.82665	0.00919	0.00721	0.00639	0.00938	0.01055	0.00526	0.01448	0.00839	0.05778	0.00722	0.00816	0.00548	0.00451	0.00304	0.00148	0.00371	0.00269	0.00309	0.00531
20	0.00867	0.00462	0.00679	0.03450	0.00745	0.00474	0.00464	0.03348	0.00690	0.00919	0.00842	0.01436	0.00823	0.01582	0.01772	0.80148	0.00427	0.00416	0.00217	0.00240
21	0.50005	0.02535	0.00851	0.00704	0.00994	0.03511	0.00574	0.03990	0.01060	0.18090	0.09591	0.01397	0.03853	0.00563	0.00382	0.00147	0.00381	0.00402	0.00389	0.00579
22	0.22127	0.31261	0.01604	0.00953	0.04404	0.10178	0.00784	0.06943	0.11016	0.01645	0.00887	0.00972	0.00724	0.00485	0.00403	0.00131	0.03323	0.00325	0.01218	0.00616
23	0.01279	0.04609	0.01250	0.02311	0.01311	0.04589	0.03260	0.20750	0.35656	0.02023	0.04186	0.01723	0.05941	0.00807	0.04737	0.00186	0.03743	0.00522	0.00426	0.00691
24	0.00662	0.00497	0.00568	0.00544	0.00692	0.00433	0.00410	0.00828	0.01206	0.04157	0.35367	0.04082	0.46649	0.01095	0.00562	0.00156	0.00241	0.00933	0.00482	0.00436
25	0.01034	0.00840	0.01392	0.11712	0.35694	0.00868	0.03508	0.03579	0.00934	0.01289	0.00877	0.01298	0.00771	0.00902	0.01003	0.32596	0.00525	0.00426	0.00231	0.00520
26	0.00677	0.00525	0.00601	0.00577	0.00719	0.00478	0.00434	0.04519	0.01230	0.01607	0.33584	0.07329	0.39832	0.03221	0.00613	0.00167	0.00261	0.02712	0.00473	0.00439
27	0.01005	0.00532	0.00622	0.00581	0.00743	0.00487	0.00445	0.01179	0.01107	0.16674	0.09075	0.08010	0.19577	0.04339	0.00555	0.00158	0.00286	0.04029	0.30097	0.00496
28	0.01267	0.04773	0.07788	0.06699	0.06633	0.07362	0.03230	0.14575	0.01286	0.09156	0.13527	0.04169	0.01427	0.01524	0.00688	0.00160	0.14244	0.00514	0.00355	0.00623
29	0.00636	0.00485	0.00584	0.00563	0.00690	0.00433	0.00421	0.00822	0.01253	0.01686	0.52438	0.05716	0.30397	0.01069	0.00565	0.00155	0.00232	0.00925	0.00496	0.00433
30	0.01064	0.00984	0.01567	0.27252	0.21497	0.01135	0.06181	0.07704	0.01054	0.01456	0.02217	0.01352	0.00826	0.04313	0.04915	0.00207	0.14966	0.00457	0.00253	0.00599
31	0.03071	0.04249	0.19171	0.03043	0.09908	0.00980	0.02824	0.09052	0.06981	0.06020	0.01158	0.06434	0.00974	0.04028	0.00527	0.00146	0.00501	0.00453	0.00317	0.20163
32	0.22683	0.07979	0.01385	0.24135	0.07753	0.07775	0.04876	0.05169	0.04366	0.01636	0.03577	0.01149	0.00796	0.00487	0.00432	0.00144	0.01671	0.00382	0.00276	0.03328
33	0.16217	0.06954	0.01391	0.07132	0.04801	0.05420	0.07871	0.14604	0.10098	0.01865	0.04837	0.03281	0.01005	0.00555	0.00500	0.00145	0.05156	0.00437	0.00335	0.07398
34	0.07561	0.08944	0.06906	0.02732	0.04291	0.04335	0.07837	0.13071	0.07346	0.10652	0.05482	0.01624	0.03071	0.00590	0.00485	0.00144	0.02350	0.04803	0.00366	0.07408
35	0.18187	0.01120	0.01236	0.03443	0.04468	0.08408	0.07710	0.16158	0.11946	0.03738	0.02810	0.03944	0.06020	0.00602	0.00474	0.00148	0.02156	0.01183	0.00366	0.05884

[dist]
# distance from previous block
# <min> <max>
0	35

[block]
# block no. 12 follows, 53 sequences, length 11
# corresponding to MSA columns:
# 890-900
name=unknown_M
#
# <colnr> <probs for GDERKNQSTAVLIFYWHMCP>
#	G	D	E	R	K	N	Q	S	T	A	V	L	I	F	Y	W	H	M	C	P
0	0.13962	0.01109	0.06066	0.19003	0.06472	0.04925	0.02576	0.10991	0.10227	0.04889	0.01183	0.04738	0.02471	0.00549	0.00445	0.00145	0.00508	0.00447	0.00329	0.08964
1	0.08181	0.17679	0.16173	0.05380	0.04279	0.09909	0.00992	0.07649	0.04308	0.07348	0.03080	0.04333	0.02946	0.00596	0.00440	0.00144	0.00545	0.05077	0.00315	0.00626
2	0.03074	0.00824	0.01167	0.07367	0.07136	0.00847	0.07273	0.10425	0.05915	0.05855	0.05283	0.26866	0.01784	0.00865	0.00566	0.00163	0.03721	0.03071	0.00386	0.07412
3	0.04210	0.01020	0.01199	0.06113	0.01413	0.02992	0.04216	0.17730	0.04234	0.01871	0.00950	0.01075	0.00746	0.00429	0.00403	0.00104	0.00444	0.00346	0.00325	0.50182
4	0.02548	0.03171	0.10156	0.01027	0.05052	0.04936	0.03943	0.06159	0.08669	0.08865	0.11262	0.06510	0.08860	0.00748	0.00533	0.00152	0.02995	0.06401	0.00388	0.07625
5	0.17495	0.00893	0.01087	0.07922	0.16005	0.05307	0.00819	0.03138	0.05379	0.01542	0.04941	0.08032	0.01211	0.04634	0.11203	0.03509	0.04568	0.00513	0.01263	0.00539
6	0.00976	0.00822	0.01267	0.08955	0.08358	0.00867	0.11292	0.10592	0.03645	0.01552	0.04415	0.04420	0.04762	0.03051	0.24537	0.02301	0.00744	0.00549	0.03556	0.03339
7	0.00900	0.00562	0.00744	0.00719	0.03821	0.00514	0.00523	0.01117	0.01301	0.11872	0.56007	0.03161	0.06667	0.00887	0.00535	0.00148	0.00271	0.02638	0.05070	0.02545
8	0.01066	0.25815	0.41883	0.01319	0.06765	0.01313	0.08024	0.01455	0.01032	0.01426	0.05039	0.01110	0.00836	0.00463	0.00428	0.00137	0.00623	0.00375	0.00226	0.00663
9	0.00711	0.00533	0.00608	0.00575	0.00750	0.00453	0.00436	0.00861	0.01119	0.05254	0.16299	0.11903	0.45496	0.01088	0.00547	0.00155	0.00269	0.03385	0.00448	0.09111
10	0.00902	0.00786	0.07368	0.00763	0.00973	0.00674	0.00652	0.03263	0.12180	0.07142	0.41591	0.03069	0.10995	0.00892	0.00563	0.00158	0.02052	0.04959	0.00477	0.00545

[dist]
# distance from previous block
# <min> <max>
3	9

[block]
# block no. 13 follows, 53 sequences, length 11
# corresponding to MSA columns:
# 918-920,926-933
name=unknown_N
#
# <colnr> <probs for GDERKNQSTAVLIFYWHMCP>
#	G	D	E	R	K	N	Q	S	T	A	V	L	I	F	Y	W	H	M	C	P
0	0.04412	0.53329	0.12279	0.00943	0.01367	0.07015	0.00943	0.09095	0.04183	0.01434	0.00792	0.00882	0.00662	0.00447	0.00357	0.00118	0.00551	0.00300	0.00248	0.00643
1	0.00942	0.00593	0.00692	0.00644	0.00753	0.00620	0.00465	0.10424	0.01016	0.04867	0.01491	0.02367	0.01422	0.32730	0.15247	0.00370	0.00552	0.03469	0.20892	0.00443
2	0.00756	0.00585	0.00730	0.00711	0.00802	0.00630	0.00530	0.04056	0.04369	0.01301	0.06825	0.11842	0.15661	0.19381	0.18242	0.00365	0.07054	0.05369	0.00360	0.00429
3	0.00607	0.00479	0.00526	0.00524	0.00662	0.00416	0.00389	0.00756	0.01140	0.01463	0.23383	0.09347	0.52861	0.01144	0.00558	0.00159	0.00239	0.00972	0.03956	0.00416
4	0.04880	0.01024	0.01116	0.00884	0.01196	0.01093	0.00722	0.44877	0.01752	0.14909	0.01345	0.01363	0.00960	0.00568	0.00437	0.00137	0.00428	0.00435	0.21164	0.00713
5	0.86579	0.00924	0.00702	0.00629	0.00924	0.01072	0.00518	0.01405	0.00813	0.02144	0.00666	0.00776	0.00518	0.00444	0.00296	0.00148	0.00370	0.00259	0.00296	0.00518
6	0.00673	0.00482	0.00557	0.00574	0.00701	0.00420	0.00417	0.00795	0.01072	0.05980	0.10445	0.29654	0.44012	0.01247	0.00574	0.00170	0.00262	0.01078	0.00460	0.00427
7	0.11100	0.00835	0.00995	0.00810	0.01110	0.00821	0.00661	0.13584	0.03593	0.39343	0.11098	0.01868	0.01532	0.00649	0.00467	0.00148	0.00386	0.03706	0.06600	0.00693
8	0.01020	0.00780	0.00932	0.00739	0.01060	0.00648	0.00578	0.06874	0.01072	0.04883	0.01256	0.13698	0.01202	0.00672	0.00509	0.05160	0.00364	0.03694	0.00337	0.54523
9	0.00671	0.00489	0.00644	0.00678	0.00717	0.00514	0.00473	0.00746	0.00824	0.01116	0.02015	0.32886	0.06141	0.22217	0.16758	0.03979	0.05096	0.03317	0.00346	0.00373
10	0.28497	0.06191	0.11408	0.01044	0.06700	0.04569	0.03314	0.07410	0.07738	0.05896	0.01079	0.01312	0.00859	0.00527	0.00405	0.00145	0.00480	0.04314	0.05229	0.02882

[dist]
# distance from previous block
# <min> <max>
1	20

[block]
# block no. 14 follows, 53 sequences, length 11
# corresponding to MSA columns:
# 959-969
name=unknown_O
#
# <colnr> <probs for GDERKNQSTAVLIFYWHMCP>
#	G	D	E	R	K	N	Q	S	T	A	V	L	I	F	Y	W	H	M	C	P
0	0.01241	0.06593	0.01712	0.01399	0.07446	0.14065	0.22724	0.07491	0.04592	0.05407	0.01330	0.17689	0.01252	0.00693	0.00557	0.00156	0.04090	0.00631	0.00325	0.00606
1	0.00619	0.00443	0.00571	0.00648	0.00697	0.00419	0.00448	0.00705	0.00922	0.01214	0.04331	0.53594	0.11297	0.09688	0.03622	0.02824	0.00342	0.06819	0.00416	0.00381
2	0.00926	0.00537	0.00709	0.00669	0.00814	0.00488	0.00509	0.01112	0.01249	0.16002	0.43999	0.18209	0.06721	0.01033	0.00563	0.00162	0.00280	0.05002	0.00514	0.00502
3	0.00701	0.00498	0.00616	0.00612	0.00730	0.00459	0.00456	0.00906	0.03095	0.03823	0.42066	0.17817	0.18771	0.01098	0.00565	0.00162	0.00255	0.03879	0.03046	0.00447
4	0.00581	0.00420	0.00551	0.00655	0.00690	0.00389	0.00439	0.00667	0.00925	0.01224	0.02762	0.78362	0.07607	0.01481	0.00607	0.00192	0.00275	0.01339	0.00444	0.00389
5	0.17175	0.00844	0.00980	0.00800	0.01101	0.00846	0.00647	0.10047	0.05841	0.39642	0.03817	0.01567	0.01160	0.03931	0.05290	0.00195	0.00451	0.00458	0.04523	0.00685
6	0.00703	0.00521	0.00734	0.00725	0.00796	0.00590	0.00546	0.00851	0.00829	0.01194	0.09020	0.06004	0.01659	0.13739	0.52490	0.00591	0.04764	0.00605	0.03225	0.00414
7	0.02627	0.05507	0.04128	0.04531	0.01090	0.02943	0.00654	0.04146	0.07167	0.05836	0.16282	0.07179	0.15962	0.00835	0.00499	0.00148	0.00371	0.07186	0.03226	0.09684
8	0.01138	0.01114	0.08692	0.01643	0.28227	0.02042	0.03983	0.05083	0.08685	0.06174	0.02753	0.04421	0.05365	0.00612	0.00506	0.00146	0.02094	0.05640	0.00331	0.11351
