[name]
unknown

[dist]
# distance from previous block
# <min> <max>
0	111

[block]
# block no. 0 follows, 54 sequences, length 12
# corresponding to MSA columns:
# 179-190
name=unknown_A
#
# <colnr> <probs for GDERKNQSTAVLIFYWHMCP>
#	G	D	E	R	K	N	Q	S	T	A	V	L	I	F	Y	W	H	M	C	P
0	0.20869	0.00796	0.00986	0.16506	0.09485	0.00834	0.00758	0.04446	0.01005	0.01606	0.04652	0.09373	0.09121	0.02879	0.00492	0.00152	0.00417	0.02522	0.00317	0.12783
1	0.03171	0.01193	0.04281	0.07843	0.52580	0.04880	0.04601	0.05382	0.06309	0.01610	0.00951	0.01180	0.00768	0.00447	0.00462	0.00141	0.00568	0.00418	0.00262	0.02952
2	0.00951	0.00900	0.01523	0.64959	0.20113	0.01063	0.01339	0.01258	0.00971	0.01278	0.00849	0.01237	0.00654	0.00460	0.00470	0.00153	0.00614	0.00419	0.00215	0.00572
3	0.00679	0.00454	0.00516	0.00523	0.00524	0.00453	0.00295	0.00684	0.00699	0.00932	0.01553	0.07905	0.01799	0.78494	0.02292	0.00441	0.00446	0.00725	0.00295	0.00292
4	0.00723	0.00471	0.00699	0.00699	0.00752	0.00524	0.00516	0.00759	0.00707	0.00995	0.01125	0.01767	0.01082	0.06393	0.51535	0.29248	0.00943	0.00481	0.00238	0.00343
5	0.01119	0.01279	0.10798	0.12405	0.52764	0.03338	0.08564	0.01440	0.01060	0.01480	0.00878	0.01160	0.00709	0.00429	0.00472	0.00144	0.00614	0.00421	0.00227	0.00698
6	0.03482	0.06402	0.15785	0.06706	0.16990	0.18344	0.07411	0.06390	0.07682	0.01523	0.00918	0.01090	0.00722	0.00485	0.00495	0.00143	0.04132	0.00389	0.00262	0.00651
7	0.04523	0.00648	0.00801	0.00703	0.00902	0.00630	0.00547	0.01463	0.12527	0.19958	0.47913	0.02721	0.03110	0.00809	0.00516	0.00149	0.00291	0.00696	0.00519	0.00572
8	0.13363	0.05207	0.06587	0.06834	0.07315	0.05651	0.00927	0.26555	0.15814	0.04132	0.01128	0.01189	0.00844	0.00573	0.01747	0.00154	0.00520	0.00403	0.00368	0.00691
9	0.00677	0.00525	0.00623	0.00610	0.00741	0.00497	0.00458	0.00960	0.08575	0.01636	0.40839	0.11841	0.25665	0.01063	0.00557	0.00159	0.00253	0.03387	0.00481	0.00453
10	0.03226	0.01072	0.09419	0.12912	0.08731	0.04371	0.02919	0.12252	0.05794	0.05403	0.08691	0.07904	0.06155	0.00731	0.01701	0.00162	0.02428	0.02440	0.03092	0.00599
11	0.03459	0.01160	0.10355	0.07046	0.12658	0.02567	0.12961	0.09673	0.03963	0.07122	0.01137	0.05690	0.00966	0.07092	0.01977	0.00183	0.05234	0.00496	0.00306	0.05954

[dist]
# distance from previous block
# <min> <max>
3	12

[block]
# block no. 1 follows, 54 sequences, length 24
# corresponding to MSA columns:
# 203-217,219-227
name=unknown_B
#
# <colnr> <probs for GDERKNQSTAVLIFYWHMCP>
#	G	D	E	R	K	N	Q	S	T	A	V	L	I	F	Y	W	H	M	C	P
0	0.37237	0.02665	0.01044	0.04084	0.16291	0.00940	0.02397	0.04006	0.01011	0.02757	0.12229	0.03034	0.05223	0.00665	0.01960	0.02708	0.00420	0.00459	0.00323	0.00547
1	0.00706	0.00489	0.00640	0.00630	0.00668	0.00525	0.00432	0.00752	0.00752	0.01035	0.06005	0.02511	0.04645	0.38002	0.25758	0.11462	0.03760	0.00608	0.00282	0.00338
2	0.02747	0.01502	0.28643	0.01173	0.04484	0.05531	0.06019	0.07046	0.13780	0.06573	0.01280	0.06618	0.01035	0.02754	0.00532	0.00158	0.02036	0.00484	0.06954	0.00650
3	0.00602	0.00471	0.00546	0.00544	0.00669	0.00415	0.00402	0.00758	0.01157	0.01508	0.34151	0.13305	0.41516	0.01137	0.00562	0.00159	0.00236	0.00979	0.00470	0.00415
4	0.01064	0.01045	0.01230	0.04129	0.13271	0.14012	0.06988	0.02629	0.14650	0.01491	0.06384	0.11840	0.04448	0.00932	0.05075	0.00193	0.00555	0.09140	0.00353	0.00571
5	0.00585	0.00418	0.00556	0.00649	0.00686	0.00390	0.00438	0.00683	0.00951	0.01280	0.11262	0.74240	0.03267	0.01420	0.00597	0.00187	0.00268	0.01286	0.00447	0.00390
6	0.01261	0.83713	0.02471	0.00807	0.01210	0.01866	0.00807	0.01412	0.00958	0.01109	0.00656	0.00756	0.00605	0.00403	0.00303	0.00101	0.00504	0.00252	0.00202	0.00605
7	0.17851	0.01085	0.01404	0.05658	0.14161	0.07589	0.09489	0.06789	0.02798	0.01583	0.00906	0.02897	0.00776	0.00884	0.09645	0.00225	0.14987	0.00424	0.00269	0.00580
8	0.00950	0.00910	0.01530	0.60829	0.14019	0.01100	0.03679	0.01242	0.00946	0.01255	0.00828	0.01223	0.00647	0.00495	0.00576	0.00159	0.08417	0.00423	0.00213	0.00558
9	0.01207	0.01086	0.01326	0.04112	0.26890	0.08902	0.00953	0.03755	0.22159	0.04994	0.07433	0.01497	0.01233	0.00537	0.00458	0.00137	0.00475	0.00461	0.02909	0.09475
10	0.00577	0.00423	0.00542	0.00628	0.00678	0.00388	0.00427	0.00672	0.00949	0.01250	0.07002	0.68022	0.13889	0.01411	0.00593	0.00185	0.00266	0.01267	0.00442	0.00388
11	0.01065	0.00979	0.01634	0.17477	0.55322	0.01016	0.01278	0.01343	0.01057	0.01514	0.05390	0.01362	0.00969	0.00470	0.00462	0.00141	0.00528	0.00446	0.06883	0.00664
12	0.01159	0.00983	0.01044	0.00943	0.01197	0.01127	0.00730	0.06401	0.69454	0.01966	0.01930	0.08020	0.01536	0.00701	0.00489	0.00161	0.00373	0.00590	0.00476	0.00721
13	0.01043	0.00892	0.01092	0.03155	0.01257	0.00726	0.03550	0.07212	0.01078	0.01637	0.00865	0.01009	0.00705	0.00371	0.00370	0.00081	0.00387	0.00305	0.00291	0.73973
14	0.08408	0.01034	0.01297	0.03060	0.10238	0.05595	0.07986	0.19980	0.02795	0.10459	0.01343	0.14046	0.01195	0.02232	0.00512	0.00153	0.00489	0.01533	0.00377	0.07269
15	0.50359	0.00969	0.01202	0.10069	0.15146	0.01063	0.08246	0.01432	0.00920	0.05564	0.00801	0.00977	0.00615	0.00441	0.00376	0.00147	0.00470	0.00341	0.00281	0.00579
16	0.01300	0.01359	0.01704	0.14375	0.19533	0.21846	0.15511	0.05488	0.02420	0.03942	0.00955	0.03056	0.00786	0.02406	0.00556	0.00153	0.03280	0.00446	0.00265	0.00618
17	0.04268	0.00724	0.00917	0.00835	0.05776	0.00631	0.02845	0.02520	0.02839	0.03854	0.11137	0.12725	0.11186	0.00747	0.00504	0.03072	0.00344	0.00611	0.00359	0.34107
18	0.00614	0.00438	0.00542	0.00593	0.00636	0.00412	0.00390	0.00695	0.00914	0.01217	0.12019	0.44111	0.10560	0.23373	0.01074	0.00254	0.00313	0.01071	0.00407	0.00366
19	0.00936	0.00946	0.07671	0.04007	0.19393	0.00859	0.04373	0.03895	0.15015	0.01619	0.13569	0.13767	0.08470	0.00838	0.02369	0.00170	0.00446	0.00689	0.00372	0.00597
20	0.00760	0.00492	0.00619	0.00604	0.00724	0.00445	0.00443	0.00922	0.01166	0.08624	0.38449	0.21483	0.17211	0.03704	0.00614	0.00169	0.00260	0.00942	0.01922	0.00449
21	0.02424	0.09469	0.04120	0.03081	0.03256	0.00821	0.00680	0.02911	0.00990	0.01498	0.00848	0.01017	0.00710	0.00549	0.04923	0.00122	0.00447	0.00302	0.00268	0.61564
22	0.01513	0.01430	0.05554	0.01191	0.07097	0.18014	0.00917	0.31068	0.16876	0.04390	0.01313	0.03149	0.02771	0.00582	0.00465	0.00142	0.00552	0.00452	0.01822	0.00703
23	0.01056	0.01681	0.38448	0.04032	0.03748	0.07016	0.06367	0.05566	0.04833	0.04618	0.01237	0.13761	0.01094	0.00743	0.03535	0.00177	0.00629	0.00540	0.00288	0.00630

[dist]
# distance from previous block
# <min> <max>
0	2

[block]
# block no. 2 follows, 54 sequences, length 12
# corresponding to MSA columns:
# 230-241
name=unknown_C
#
# <colnr> <probs for GDERKNQSTAVLIFYWHMCP>
#	G	D	E	R	K	N	Q	S	T	A	V	L	I	F	Y	W	H	M	C	P
0	0.03663	0.00885	0.03742	0.00911	0.04302	0.00756	0.03525	0.09457	0.02364	0.15426	0.03507	0.15251	0.01311	0.00637	0.00448	0.00126	0.00397	0.00547	0.00383	0.32363
1	0.00573	0.00415	0.00542	0.00643	0.00680	0.00384	0.00432	0.00658	0.00916	0.01209	0.02761	0.77283	0.08853	0.01456	0.00599	0.00189	0.00271	0.01315	0.00438	0.00384
2	0.07023	0.00809	0.01071	0.00826	0.01187	0.00714	0.00682	0.02245	0.01318	0.76252	0.01790	0.01556	0.01129	0.00575	0.00464	0.00146	0.00399	0.00461	0.00567	0.00786
3	0.00780	0.02610	0.00909	0.03468	0.05937	0.00664	0.04216	0.01052	0.08411	0.02922	0.11021	0.22884	0.20461	0.01224	0.06924	0.00213	0.02795	0.02626	0.00397	0.00488
4	0.07972	0.00700	0.00902	0.00756	0.01024	0.00634	0.00600	0.01780	0.01196	0.51741	0.04400	0.18773	0.01635	0.00771	0.00483	0.00154	0.00357	0.00651	0.04809	0.00663
5	0.00645	0.00495	0.00595	0.00585	0.00710	0.00453	0.00439	0.00861	0.03835	0.01623	0.44247	0.10381	0.28213	0.01081	0.00561	0.00158	0.00245	0.03955	0.00482	0.00435
6	0.01960	0.00804	0.01093	0.00911	0.04487	0.00714	0.00708	0.04580	0.01335	0.69024	0.01815	0.04846	0.01218	0.00611	0.00474	0.00146	0.00400	0.00504	0.03601	0.00770
7	0.01259	0.02687	0.08845	0.03196	0.01334	0.08777	0.04167	0.04766	0.18058	0.15195	0.07979	0.08313	0.01472	0.00809	0.03818	0.00181	0.06430	0.01688	0.00395	0.00632
8	0.00946	0.02439	0.80987	0.01344	0.02041	0.01095	0.01742	0.01493	0.00995	0.01493	0.00846	0.00995	0.00597	0.00448	0.00448	0.00149	0.00697	0.00348	0.00199	0.00697
9	0.00812	0.00412	0.00609	0.00609	0.00609	0.00412	0.00403	0.00618	0.00618	0.00824	0.00856	0.01524	0.00868	0.06132	0.01873	0.81567	0.00412	0.00425	0.00209	0.00209
10	0.01281	0.34442	0.12819	0.07102	0.04331	0.10341	0.01010	0.08942	0.03996	0.02951	0.00852	0.00988	0.00691	0.00481	0.00454	0.00129	0.05324	0.00336	0.02904	0.00628
11	0.02791	0.01063	0.05699	0.05528	0.01317	0.07231	0.00831	0.22520	0.03402	0.10513	0.03796	0.03910	0.01314	0.02157	0.06270	0.00203	0.03543	0.11427	0.05872	0.00612

[dist]
# distance from previous block
# <min> <max>
3	7

[block]
# block no. 3 follows, 54 sequences, length 19
# corresponding to MSA columns:
# 250-268
name=unknown_D
#
# <colnr> <probs for GDERKNQSTAVLIFYWHMCP>
#	G	D	E	R	K	N	Q	S	T	A	V	L	I	F	Y	W	H	M	C	P
0	0.09033	0.03271	0.05800	0.09223	0.10420	0.05863	0.00834	0.05965	0.11371	0.01613	0.10599	0.11959	0.04960	0.04768	0.00591	0.00168	0.02043	0.00607	0.00350	0.00564
1	0.00601	0.00485	0.00539	0.00565	0.00686	0.00436	0.00408	0.00778	0.05125	0.01324	0.08307	0.28783	0.47804	0.01240	0.00567	0.00169	0.00256	0.01070	0.00445	0.00414
2	0.01139	0.05612	0.05861	0.20681	0.30586	0.05789	0.10241	0.02381	0.01073	0.04560	0.03184	0.03071	0.00865	0.00490	0.00497	0.00147	0.02475	0.00451	0.00254	0.00641
3	0.00963	0.00839	0.01210	0.15277	0.04970	0.00812	0.08353	0.05652	0.05091	0.01526	0.05353	0.07518	0.01264	0.05721	0.01588	0.00157	0.00471	0.03879	0.00313	0.29043
4	0.04549	0.05066	0.01185	0.00945	0.01109	0.03523	0.00764	0.15003	0.01088	0.09001	0.01053	0.01463	0.00928	0.11408	0.14361	0.00298	0.24980	0.00449	0.00312	0.02515
5	0.01265	0.01093	0.01238	0.09578	0.03738	0.09558	0.05185	0.16877	0.23974	0.05150	0.03700	0.11019	0.01393	0.00699	0.00498	0.00156	0.00495	0.03333	0.00403	0.00647
6	0.00709	0.00510	0.00699	0.00802	0.00895	0.00500	0.00668	0.00891	0.01045	0.01359	0.02638	0.22301	0.06840	0.01335	0.00636	0.00208	0.00389	0.56720	0.00435	0.00421
7	0.00978	0.00893	0.01168	0.07281	0.01316	0.00948	0.00786	0.01156	0.00876	0.01351	0.00777	0.01053	0.00684	0.00653	0.03995	0.00152	0.29500	0.00346	0.00247	0.45838
8	0.00588	0.00424	0.00559	0.00656	0.00698	0.00395	0.00451	0.00687	0.00944	0.01257	0.07164	0.71235	0.06562	0.01427	0.00600	0.00189	0.00277	0.05058	0.00442	0.00390
9	0.01174	0.00984	0.01059	0.00959	0.01217	0.01125	0.00759	0.08118	0.65132	0.01986	0.01923	0.02104	0.01531	0.00707	0.00498	0.00165	0.00391	0.08977	0.00474	0.00716
10	0.10094	0.01078	0.01281	0.08107	0.06127	0.04294	0.04894	0.23468	0.15411	0.12853	0.06572	0.01441	0.01150	0.00567	0.00463	0.00148	0.00481	0.00464	0.00416	0.00693
11	0.00580	0.00422	0.00549	0.00649	0.00691	0.00391	0.00443	0.00671	0.00925	0.01218	0.02787	0.73107	0.09913	0.01445	0.00600	0.00190	0.00277	0.04318	0.00438	0.00386
12	0.01241	0.00595	0.00708	0.00617	0.00816	0.00554	0.00480	0.04436	0.01162	0.26920	0.05673	0.06299	0.10304	0.03679	0.00506	0.00147	0.00303	0.00586	0.34417	0.00557
13	0.01526	0.01335	0.01055	0.00920	0.01145	0.32667	0.00695	0.10058	0.03242	0.16183	0.03787	0.01572	0.01111	0.13790	0.00751	0.00183	0.00577	0.00446	0.08387	0.00572
14	0.04527	0.00953	0.01191	0.23070	0.05826	0.01102	0.00928	0.04208	0.43434	0.04878	0.01516	0.01638	0.01157	0.00591	0.00474	0.00158	0.00459	0.02830	0.00389	0.00671
15	0.01684	0.00767	0.00982	0.00783	0.01081	0.00705	0.00635	0.10217	0.01407	0.50416	0.15439	0.02042	0.05717	0.00676	0.00484	0.00145	0.00365	0.00559	0.05194	0.00700
16	0.00665	0.00499	0.00629	0.00650	0.00761	0.00457	0.02553	0.00819	0.03381	0.03720	0.05489	0.39002	0.30243	0.03584	0.00630	0.00185	0.00295	0.05580	0.00436	0.00421
17	0.01234	0.65495	0.15933	0.00914	0.01366	0.01712	0.00972	0.05402	0.01029	0.01271	0.00713	0.00817	0.00614	0.00419	0.00336	0.00111	0.00538	0.00278	0.00215	0.00631
18	0.05963	0.01452	0.01178	0.15415	0.02727	0.38786	0.00881	0.04053	0.01214	0.06498	0.05162	0.08300	0.01169	0.00639	0.00465	0.00144	0.00639	0.04461	0.00310	0.00543

[dist]
# distance from previous block
# <min> <max>
4	21

[block]
# block no. 4 follows, 54 sequences, length 23
# corresponding to MSA columns:
# 310-332
name=unknown_E
#
# <colnr> <probs for GDERKNQSTAVLIFYWHMCP>
#	G	D	E	R	K	N	Q	S	T	A	V	L	I	F	Y	W	H	M	C	P
0	0.03464	0.20588	0.05068	0.03178	0.11203	0.05355	0.15468	0.01534	0.09954	0.05278	0.06730	0.04971	0.02764	0.00553	0.00451	0.00140	0.00531	0.00491	0.01657	0.00622
1	0.00660	0.00556	0.02459	0.02813	0.02684	0.00500	0.00535	0.00862	0.03448	0.01437	0.21064	0.20491	0.27721	0.01242	0.04107	0.00194	0.00337	0.08014	0.00433	0.00439
2	0.00786	0.00624	0.00808	0.02184	0.05118	0.00594	0.03762	0.03759	0.06388	0.03860	0.28199	0.05974	0.32271	0.02854	0.00584	0.00162	0.00310	0.00829	0.00446	0.00490
3	0.01319	0.17770	0.12016	0.11453	0.03011	0.18121	0.05335	0.09446	0.06599	0.04644	0.01005	0.03828	0.00811	0.00514	0.00432	0.00136	0.00610	0.00402	0.01923	0.00625
4	0.07371	0.12323	0.06883	0.01203	0.06880	0.07890	0.11107	0.03926	0.04554	0.12171	0.01062	0.01248	0.00838	0.01004	0.13975	0.00245	0.05988	0.00415	0.00300	0.00616
5	0.00734	0.00483	0.00599	0.00632	0.00743	0.00437	0.00469	0.00865	0.01047	0.07847	0.09754	0.36547	0.24629	0.01233	0.00572	0.00175	0.00286	0.09407	0.03106	0.00434
6	0.00646	0.00470	0.00605	0.00674	0.00745	0.00445	0.00493	0.02412	0.01021	0.01352	0.11249	0.48383	0.10787	0.03879	0.00654	0.00195	0.00304	0.14836	0.00442	0.00406
7	0.01195	0.04320	0.13790	0.16622	0.19460	0.10352	0.08194	0.05887	0.03960	0.03321	0.00903	0.01134	0.00706	0.00493	0.00556	0.00149	0.07654	0.00407	0.00252	0.00645
8	0.00795	0.00629	0.00905	0.00992	0.09988	0.00713	0.00661	0.02701	0.00814	0.01168	0.01216	0.01957	0.01191	0.20626	0.43677	0.00541	0.08172	0.00524	0.02284	0.00446
9	0.00605	0.00431	0.00551	0.00624	0.00661	0.00408	0.00416	0.00688	0.00900	0.01200	0.07308	0.56559	0.06812	0.16232	0.02555	0.00247	0.00325	0.02692	0.00412	0.00372
10	0.04931	0.19850	0.21621	0.03079	0.02822	0.05728	0.02968	0.06654	0.01041	0.04504	0.00821	0.01001	0.00662	0.00593	0.02715	0.00158	0.14993	0.00350	0.00248	0.05262
11	0.04278	0.01103	0.01300	0.01142	0.03951	0.05996	0.09768	0.06273	0.49305	0.05335	0.01640	0.01719	0.01264	0.00613	0.00486	0.00157	0.00468	0.04075	0.00425	0.00704
12	0.01248	0.80349	0.05721	0.00829	0.01245	0.01834	0.00845	0.01415	0.00960	0.01125	0.00663	0.00766	0.00605	0.00405	0.00309	0.00103	0.00512	0.00256	0.00202	0.00609
13	0.01176	0.00979	0.01047	0.00939	0.01191	0.01116	0.00728	0.11220	0.61519	0.02001	0.01905	0.11061	0.01558	0.00728	0.00493	0.00161	0.00379	0.00613	0.00474	0.00711
14	0.00639	0.00480	0.00577	0.00580	0.00691	0.00440	0.00424	0.00836	0.03394	0.01576	0.38459	0.20245	0.24847	0.01111	0.00556	0.00159	0.00242	0.00970	0.03346	0.00428
15	0.00739	0.00457	0.00531	0.02675	0.00683	0.00454	0.00399	0.00904	0.02819	0.01414	0.02005	0.31598	0.04348	0.12512	0.00733	0.00192	0.00287	0.00820	0.36025	0.00406
16	0.00747	0.00476	0.00575	0.00567	0.00631	0.00487	0.00388	0.00851	0.00828	0.03120	0.05001	0.02594	0.05999	0.37912	0.20717	0.00424	0.00580	0.00614	0.17115	0.00374
17	0.00864	0.00804	0.01349	0.40032	0.02200	0.00919	0.11005	0.01107	0.00910	0.01218	0.01153	0.07094	0.02937	0.08216	0.08592	0.00244	0.06531	0.00539	0.00248	0.04036
18	0.01402	0.02459	0.15598	0.00972	0.01323	0.05718	0.02975	0.14084	0.01342	0.24870	0.09230	0.07731	0.03901	0.00789	0.03430	0.00172	0.00513	0.02408	0.00423	0.00659
19	0.01246	0.13405	0.16757	0.01989	0.01444	0.06312	0.02533	0.15002	0.08423	0.03936	0.04191	0.01171	0.00906	0.00504	0.00469	0.00128	0.04106	0.00380	0.00315	0.16781
20	0.05107	0.14392	0.33321	0.04504	0.02812	0.05076	0.04996	0.05072	0.01090	0.10013	0.01006	0.02653	0.00781	0.00577	0.02613	0.00156	0.00612	0.01900	0.00275	0.03045
21	0.03504	0.11522	0.08656	0.00934	0.03902	0.08561	0.00794	0.04085	0.03419	0.01505	0.02753	0.03069	0.00836	0.00463	0.00434	0.00107	0.04052	0.00347	0.00277	0.40780
22	0.01214	0.10642	0.16668	0.06195	0.07288	0.07990	0.00997	0.11109	0.01184	0.06384	0.01062	0.07780	0.00905	0.00571	0.01414	0.00136	0.00539	0.00430	0.00300	0.17193

[dist]
# distance from previous block
# <min> <max>
0	10

[block]
# block no. 5 follows, 54 sequences, length 23
# corresponding to MSA columns:
# 349-362,378-386
name=unknown_F
#
# <colnr> <probs for GDERKNQSTAVLIFYWHMCP>
#	G	D	E	R	K	N	Q	S	T	A	V	L	I	F	Y	W	H	M	C	P
0	0.00594	0.00421	0.00555	0.00639	0.00678	0.00393	0.00431	0.00683	0.00940	0.01262	0.11168	0.67640	0.05122	0.03984	0.00685	0.02476	0.00276	0.01232	0.00436	0.00382
1	0.02622	0.00740	0.03678	0.11156	0.03685	0.00752	0.01841	0.03184	0.01096	0.09472	0.25450	0.12989	0.02270	0.03217	0.05652	0.00207	0.09603	0.01483	0.00388	0.00516
2	0.01207	0.08604	0.28519	0.07570	0.15417	0.04728	0.06357	0.03587	0.01107	0.10959	0.04454	0.01224	0.00878	0.00492	0.00486	0.00144	0.02905	0.00411	0.00278	0.00673
3	0.00748	0.00636	0.05206	0.11872	0.03561	0.00570	0.00683	0.00907	0.00947	0.04821	0.04117	0.46398	0.03706	0.06287	0.02413	0.00209	0.00400	0.05688	0.00382	0.00449
4	0.01104	0.01332	0.06823	0.01954	0.02442	0.01187	0.74795	0.01509	0.01107	0.01509	0.00948	0.01258	0.00709	0.00400	0.00551	0.00158	0.00790	0.00546	0.00236	0.00639
5	0.01197	0.04362	0.15222	0.04162	0.14833	0.09958	0.04550	0.07488	0.06963	0.06795	0.12337	0.01664	0.03872	0.00596	0.00506	0.00146	0.02696	0.01677	0.00335	0.00641
6	0.01210	0.05545	0.34299	0.06564	0.11501	0.12152	0.02978	0.01624	0.05883	0.08342	0.01014	0.02895	0.00779	0.00504	0.00480	0.00146	0.02750	0.00401	0.00267	0.00667
7	0.01038	0.01458	0.25365	0.04341	0.22780	0.06574	0.01244	0.03905	0.03297	0.01446	0.01164	0.07328	0.03501	0.00837	0.07236	0.00203	0.06906	0.00487	0.00259	0.00629
8	0.00817	0.00442	0.00630	0.00621	0.00662	0.00437	0.00432	0.00705	0.00711	0.03704	0.01386	0.01863	0.10578	0.01749	0.10111	0.63656	0.00479	0.00493	0.00252	0.00272
9	0.03887	0.38955	0.10028	0.05990	0.04759	0.10827	0.00915	0.01464	0.03807	0.04692	0.02725	0.04674	0.04433	0.00533	0.00392	0.00126	0.00534	0.00398	0.00264	0.00597
10	0.04432	0.00841	0.00966	0.00695	0.01109	0.00646	0.00557	0.01195	0.00971	0.01560	0.00831	0.00969	0.00691	0.00353	0.00347	0.00073	0.00350	0.00278	0.00280	0.82857
11	0.00598	0.00452	0.00555	0.00601	0.00690	0.00409	0.00433	0.00728	0.01053	0.01377	0.19148	0.39005	0.26542	0.01278	0.00582	0.00174	0.00261	0.05257	0.00454	0.00403
12	0.00625	0.00485	0.00621	0.03024	0.03065	0.00450	0.00479	0.00771	0.01073	0.01417	0.23687	0.32092	0.25485	0.01233	0.01988	0.00179	0.00288	0.02174	0.00443	0.00420
13	0.03693	0.18943	0.24574	0.02548	0.14089	0.09477	0.05988	0.05308	0.01932	0.04500	0.02570	0.01065	0.00753	0.00466	0.00447	0.00136	0.02229	0.00369	0.00253	0.00659
14	0.04808	0.00641	0.03320	0.00697	0.00773	0.04605	0.00514	0.03948	0.00760	0.03322	0.00860	0.01362	0.00804	0.01455	0.03295	0.67442	0.00462	0.00400	0.00233	0.00298
15	0.00885	0.00527	0.00656	0.00638	0.00751	0.00495	0.00461	0.01038	0.03183	0.13245	0.16857	0.18865	0.10261	0.21564	0.01012	0.00239	0.00338	0.06259	0.02279	0.00449
16	0.01297	0.03263	0.25608	0.04763	0.06025	0.27462	0.03914	0.06408	0.07903	0.01505	0.01001	0.01223	0.00793	0.00514	0.00451	0.00141	0.00672	0.02980	0.03448	0.00631
17	0.01244	0.04919	0.14080	0.06144	0.19491	0.07088	0.08418	0.11525	0.06323	0.05043	0.01034	0.03259	0.00827	0.00574	0.00577	0.04598	0.03467	0.00439	0.00291	0.00659
18	0.01002	0.04302	0.14032	0.34306	0.03706	0.02365	0.02160	0.01354	0.06108	0.06429	0.06143	0.01645	0.01106	0.06999	0.00672	0.01968	0.02177	0.02684	0.00283	0.00561
19	0.00691	0.00515	0.00688	0.00688	0.00725	0.00576	0.00486	0.00777	0.00751	0.01047	0.01508	0.15187	0.01645	0.33248	0.32215	0.00509	0.07385	0.00699	0.00291	0.00371
20	0.35592	0.05107	0.06938	0.07470	0.02577	0.16640	0.05971	0.04117	0.03568	0.01671	0.00783	0.00952	0.00620	0.00509	0.00463	0.03158	0.02709	0.00331	0.00268	0.00555
21	0.00807	0.00618	0.00687	0.00647	0.00789	0.04153	0.00480	0.01055	0.06776	0.05091	0.36194	0.09398	0.16008	0.07565	0.02741	0.00191	0.00328	0.01580	0.01427	0.03466
22	0.04260	0.06814	0.11488	0.03500	0.14432	0.10441	0.08834	0.10327	0.03290	0.06309	0.04132	0.01312	0.00938	0.04324	0.03204	0.00174	0.02371	0.00429	0.00300	0.03124

[dist]
# distance from previous block
# <min> <max>
4	27

[block]
# block no. 6 follows, 54 sequences, length 45
# corresponding to MSA columns:
# 414-425,428-437,443-451,462-475
name=unknown_G
#
# <colnr> <probs for GDERKNQSTAVLIFYWHMCP>
#	G	D	E	R	K	N	Q	S	T	A	V	L	I	F	Y	W	H	M	C	P
0	0.17025	0.03152	0.00967	0.00751	0.01067	0.06519	0.00599	0.02765	0.03260	0.10724	0.05913	0.06189	0.02615	0.00545	0.00416	0.00117	0.01873	0.00422	0.00347	0.34735
1	0.01176	0.03046	0.04775	0.01547	0.23383	0.02594	0.08390	0.11198	0.11060	0.04062	0.08956	0.01591	0.04404	0.00561	0.00500	0.00141	0.02547	0.00494	0.01627	0.07950
2	0.00855	0.00807	0.01446	0.01134	0.01386	0.00765	0.30068	0.01091	0.01095	0.03592	0.14917	0.11042	0.22212	0.02586	0.00647	0.00169	0.04523	0.00793	0.00365	0.00508
3	0.04069	0.12082	0.07723	0.00913	0.01302	0.02516	0.00809	0.26747	0.06405	0.04511	0.01062	0.03166	0.00848	0.02225	0.00452	0.00126	0.00466	0.00386	0.00352	0.23839
4	0.01209	0.25069	0.18533	0.01098	0.03995	0.05731	0.06374	0.02944	0.05732	0.07483	0.01086	0.01223	0.03264	0.00493	0.00441	0.00128	0.02649	0.01706	0.00278	0.10565
5	0.17147	0.03236	0.23680	0.02325	0.05100	0.11767	0.06103	0.06805	0.03311	0.07506	0.01098	0.03508	0.02914	0.02943	0.00490	0.00154	0.00577	0.00416	0.00297	0.00624
6	0.01212	0.11996	0.01185	0.00873	0.01127	0.02720	0.00701	0.11376	0.31453	0.08435	0.07163	0.14914	0.01716	0.00763	0.00482	0.00153	0.00396	0.02246	0.00440	0.00648
7	0.00956	0.00847	0.02776	0.12458	0.25700	0.00853	0.04331	0.01252	0.04905	0.04508	0.17741	0.10498	0.04081	0.00767	0.01747	0.00165	0.03271	0.02215	0.00345	0.00583
8	0.01247	0.13002	0.13619	0.05483	0.09951	0.09854	0.03274	0.06340	0.01170	0.11020	0.05462	0.06425	0.02629	0.00621	0.00482	0.00144	0.02056	0.04679	0.00323	0.02219
9	0.01294	0.00934	0.01191	0.06646	0.17843	0.05255	0.00857	0.05671	0.13996	0.18945	0.14819	0.01979	0.07205	0.00652	0.00490	0.00147	0.00434	0.00557	0.00423	0.00661
10	0.00703	0.00475	0.00591	0.00623	0.00711	0.00438	0.00447	0.00819	0.01008	0.05724	0.13206	0.32974	0.18713	0.12804	0.00837	0.00216	0.00308	0.08558	0.00435	0.00409
11	0.02642	0.04911	0.11785	0.15747	0.12935	0.01090	0.12220	0.09073	0.06257	0.08975	0.03917	0.03663	0.02574	0.00542	0.00492	0.00150	0.01572	0.00485	0.00316	0.00655
12	0.01265	0.09406	0.10072	0.15559	0.13437	0.08737	0.08697	0.11767	0.05193	0.05286	0.00977	0.01166	0.00751	0.00571	0.02765	0.00161	0.02842	0.00409	0.00284	0.00654
13	0.00846	0.00814	0.05194	0.00967	0.01054	0.00907	0.03653	0.00974	0.00837	0.01214	0.09231	0.08612	0.02931	0.04070	0.15314	0.08605	0.32033	0.02013	0.00278	0.00453
14	0.00602	0.00433	0.00555	0.00632	0.00677	0.00405	0.00431	0.00695	0.00936	0.01243	0.08932	0.58114	0.09054	0.10341	0.00793	0.00216	0.00294	0.04837	0.00428	0.00381
15	0.01258	0.03624	0.12423	0.03511	0.13175	0.06293	0.03727	0.10722	0.04968	0.12490	0.01407	0.13100	0.01258	0.00702	0.00543	0.00157	0.04373	0.05266	0.00356	0.00645
16	0.03693	0.02864	0.01640	0.03353	0.12181	0.06480	0.11559	0.42202	0.05425	0.04316	0.01077	0.01166	0.00795	0.00514	0.00472	0.00143	0.00572	0.00433	0.00381	0.00735
17	0.00778	0.00584	0.00794	0.03394	0.00938	0.00655	0.00608	0.01031	0.08537	0.03857	0.03943	0.24921	0.01872	0.06005	0.30526	0.00408	0.06551	0.03790	0.00349	0.00459
18	0.04257	0.24165	0.01606	0.01030	0.01338	0.36696	0.00845	0.11386	0.05729	0.01465	0.00827	0.00920	0.00680	0.00483	0.00422	0.00121	0.02745	0.00318	0.00276	0.04693
19	0.02772	0.20322	0.01232	0.05409	0.01103	0.01779	0.00648	0.03250	0.05816	0.04684	0.01370	0.09579	0.03457	0.13510	0.03792	0.02975	0.02772	0.03925	0.00309	0.11295
20	0.02581	0.01941	0.02162	0.00644	0.00733	0.03374	0.00472	0.00897	0.00797	0.05623	0.01208	0.07561	0.02561	0.03413	0.03502	0.46429	0.00414	0.00493	0.12536	0.02660
21	0.05141	0.09980	0.16429	0.01128	0.04353	0.01110	0.07323	0.13198	0.05178	0.22704	0.01200	0.01240	0.00853	0.00552	0.00522	0.02911	0.02895	0.00413	0.02175	0.00696
22	0.00601	0.00441	0.00567	0.00656	0.00706	0.00416	0.00451	0.00734	0.03454	0.01262	0.05321	0.69446	0.09234	0.01406	0.00594	0.00187	0.00277	0.03406	0.00442	0.00399
23	0.01244	0.00802	0.01064	0.03489	0.01179	0.03187	0.05765	0.01584	0.11600	0.24776	0.15185	0.05642	0.07820	0.02324	0.05792	0.00201	0.06682	0.00623	0.00442	0.00603
24	0.50675	0.00890	0.00863	0.00720	0.01035	0.00950	0.00591	0.05638	0.03670	0.26875	0.01211	0.01182	0.02898	0.00517	0.00372	0.00146	0.00381	0.00362	0.00403	0.00622
25	0.00623	0.00452	0.00539	0.00578	0.00641	0.00428	0.00392	0.00708	0.00891	0.01170	0.04237	0.30304	0.21741	0.23412	0.07346	0.00295	0.00391	0.02350	0.03135	0.00368
26	0.01067	0.12457	0.38224	0.01267	0.04235	0.02846	0.08437	0.06763	0.04629	0.01557	0.04058	0.01480	0.02421	0.00554	0.00494	0.00149	0.03001	0.05442	0.00268	0.00650
27	0.01061	0.00763	0.01040	0.10520	0.08551	0.02951	0.02175	0.06822	0.01018	0.11663	0.03219	0.01963	0.03190	0.20313	0.19958	0.00363	0.03055	0.00532	0.00322	0.00520
28	0.07708	0.00713	0.00875	0.00755	0.01006	0.00677	0.00605	0.03637	0.07169	0.36459	0.10370	0.09508	0.09946	0.00810	0.00500	0.00157	0.00352	0.06214	0.01911	0.00628
29	0.00961	0.00614	0.00783	0.00700	0.00883	0.00584	0.02036	0.01299	0.10938	0.14693	0.41742	0.05676	0.13224	0.00907	0.00538	0.00154	0.00291	0.02938	0.00504	0.00536
30	0.01224	0.16611	0.21786	0.00998	0.01382	0.02098	0.02182	0.09725	0.06119	0.12106	0.01321	0.08024	0.01127	0.00747	0.03604	0.00171	0.01998	0.05294	0.02843	0.00642
31	0.02960	0.01023	0.01276	0.02537	0.01366	0.02738	0.09157	0.25532	0.14969	0.17488	0.01583	0.05981	0.03364	0.00625	0.00477	0.00148	0.00463	0.00529	0.07087	0.00696
32	0.01089	0.00738	0.00857	0.00792	0.00978	0.00765	0.00599	0.14606	0.16847	0.10789	0.05483	0.33541	0.06501	0.00989	0.00528	0.00165	0.00344	0.00859	0.02950	0.00580
33	0.01160	0.01137	0.01820	0.04923	0.65389	0.03744	0.01372	0.01413	0.01032	0.01465	0.00845	0.01142	0.00722	0.00476	0.00606	0.00149	0.11255	0.00415	0.00229	0.00704
34	0.01792	0.01321	0.01415	0.01085	0.01462	0.01462	0.00896	0.78916	0.02217	0.02972	0.01132	0.01132	0.00802	0.00566	0.00472	0.00142	0.00519	0.00425	0.00472	0.00802
35	0.00684	0.00467	0.00574	0.00593	0.00657	0.00438	0.00398	0.00774	0.00937	0.03568	0.15706	0.29931	0.09354	0.28978	0.01189	0.00268	0.00333	0.02586	0.00401	0.02165
36	0.00612	0.00474	0.00554	0.00564	0.00677	0.00426	0.00410	0.00772	0.02350	0.01450	0.27443	0.20196	0.35827	0.04214	0.00634	0.00174	0.00254	0.02100	0.00458	0.00411
37	0.00603	0.00455	0.00531	0.00585	0.00675	0.00415	0.00411	0.00745	0.03193	0.01295	0.04780	0.45548	0.31823	0.01288	0.00566	0.00173	0.00259	0.01130	0.05122	0.00403
38	0.14048	0.00940	0.01039	0.00856	0.01174	0.00978	0.00692	0.13354	0.23511	0.24709	0.03123	0.01571	0.02486	0.00590	0.00446	0.00145	0.00396	0.02053	0.00464	0.07426
39	0.00730	0.00486	0.00612	0.00660	0.00745	0.00469	0.00485	0.00901	0.03725	0.04551	0.06576	0.37714	0.09619	0.07304	0.02889	0.00214	0.00336	0.12918	0.08642	0.00425
40	0.16141	0.00887	0.01017	0.02862	0.01185	0.05318	0.00680	0.01967	0.03402	0.51765	0.03792	0.04982	0.01186	0.00606	0.00468	0.00148	0.01932	0.00475	0.00488	0.00697
41	0.00822	0.00513	0.00637	0.00647	0.00765	0.00480	0.00471	0.01022	0.05330	0.10607	0.14587	0.39278	0.13454	0.01142	0.00549	0.00168	0.00280	0.02163	0.06619	0.00468
42	0.00797	0.00556	0.00708	0.00666	0.00797	0.00532	0.02754	0.03153	0.02984	0.06013	0.25213	0.13658	0.18072	0.10558	0.00776	0.00195	0.01560	0.05602	0.04954	0.00452
43	0.01204	0.24706	0.18951	0.13793	0.04787	0.06387	0.09431	0.06319	0.01105	0.04790	0.00882	0.01057	0.00682	0.00452	0.00420	0.00134	0.00606	0.00368	0.03295	0.00632
44	0.22653	0.01137	0.05782	0.25205	0.08847	0.08458	0.03728	0.06373	0.01028	0.01594	0.00869	0.03996	0.00720	0.00584	0.02201	0.00165	0.05428	0.00403	0.00262	0.00566

[dist]
# distance from previous block
# <min> <max>
2	26

[block]
# block no. 7 follows, 54 sequences, length 47
# corresponding to MSA columns:
# 502-514,522-555
name=unknown_H
#
# <colnr> <probs for GDERKNQSTAVLIFYWHMCP>
#	G	D	E	R	K	N	Q	S	T	A	V	L	I	F	Y	W	H	M	C	P
0	0.09142	0.12689	0.01457	0.01013	0.01344	0.03773	0.05430	0.28430	0.22530	0.02126	0.02931	0.01262	0.00982	0.00550	0.00463	0.00142	0.02453	0.00425	0.00390	0.02470
1	0.00792	0.00591	0.00700	0.00639	0.00809	0.00554	0.00492	0.05715	0.05516	0.03672	0.41367	0.05664	0.21776	0.00955	0.00536	0.00150	0.00273	0.03373	0.00476	0.05949
2	0.01033	0.15628	0.50669	0.01264	0.03660	0.03135	0.05575	0.01471	0.02623	0.01437	0.02890	0.01052	0.00731	0.00460	0.00455	0.00139	0.02625	0.00360	0.00221	0.04574
3	0.01069	0.05373	0.41885	0.02827	0.13126	0.06021	0.11213	0.01543	0.06192	0.01471	0.00937	0.01153	0.00724	0.02931	0.00529	0.00156	0.01547	0.00402	0.00233	0.00670
4	0.01921	0.00772	0.01033	0.00809	0.01143	0.00675	0.00662	0.03822	0.01339	0.69307	0.04748	0.04179	0.06051	0.00658	0.00486	0.00148	0.00384	0.00542	0.00566	0.00754
5	0.00967	0.00577	0.00732	0.00650	0.00822	0.00531	0.00501	0.04833	0.01338	0.16062	0.51604	0.05497	0.12179	0.00917	0.00539	0.00150	0.00272	0.00794	0.00517	0.00519
6	0.01066	0.11095	0.16242	0.11237	0.06541	0.01020	0.09098	0.07331	0.01092	0.07053	0.01321	0.18649	0.01242	0.00809	0.03947	0.00179	0.00566	0.00605	0.00308	0.00598
7	0.01036	0.00546	0.00761	0.00739	0.00877	0.00494	0.02370	0.01159	0.01050	0.24291	0.04608	0.55249	0.02535	0.01178	0.00562	0.00176	0.00321	0.01057	0.00478	0.00512
8	0.11309	0.00987	0.01101	0.00873	0.01206	0.01021	0.00715	0.31476	0.05425	0.29213	0.01724	0.01622	0.08601	0.00621	0.00459	0.00146	0.00422	0.00483	0.01874	0.00722
9	0.00998	0.01004	0.03554	0.52509	0.02548	0.06168	0.02797	0.03259	0.09058	0.01332	0.01024	0.05391	0.00841	0.00568	0.00560	0.00160	0.06947	0.00471	0.00257	0.00554
10	0.00604	0.00424	0.00551	0.00630	0.00678	0.00396	0.00431	0.00715	0.00976	0.01336	0.13952	0.64747	0.05512	0.01344	0.00579	0.00180	0.00262	0.01210	0.05078	0.00396
11	0.00931	0.02333	0.76642	0.01303	0.01968	0.01060	0.01672	0.01461	0.01014	0.01515	0.05138	0.01132	0.00806	0.00476	0.00454	0.00149	0.00671	0.00376	0.00216	0.00683
12	0.00876	0.01404	0.33321	0.02739	0.01502	0.00867	0.07203	0.01368	0.10896	0.01606	0.19830	0.07971	0.03932	0.01663	0.00528	0.00160	0.00499	0.02700	0.00343	0.00593
13	0.01096	0.13907	0.26186	0.07393	0.04769	0.05980	0.06863	0.05561	0.04149	0.03892	0.01362	0.04641	0.08136	0.00571	0.00451	0.00142	0.00567	0.00472	0.03243	0.00620
14	0.00900	0.00663	0.00862	0.00795	0.00885	0.00764	0.00600	0.09145	0.02970	0.03594	0.01304	0.06839	0.01290	0.20841	0.30186	0.05104	0.11936	0.00571	0.00301	0.00449
15	0.01113	0.01272	0.02782	0.01987	0.02464	0.01192	0.78776	0.01510	0.01113	0.01510	0.00954	0.01272	0.00715	0.00397	0.00556	0.00159	0.00795	0.00556	0.00238	0.00636
16	0.00926	0.00691	0.00799	0.00722	0.00929	0.00687	0.02282	0.05413	0.19428	0.07993	0.13238	0.05920	0.33858	0.00950	0.00534	0.00160	0.00318	0.04141	0.00467	0.00545
17	0.05808	0.18097	0.17604	0.06369	0.04971	0.10321	0.09505	0.10622	0.03422	0.07627	0.00939	0.01057	0.00708	0.00467	0.00428	0.00137	0.00606	0.00373	0.00285	0.00658
18	0.00974	0.00967	0.03779	0.27142	0.21918	0.01984	0.07779	0.02319	0.03055	0.01375	0.02442	0.08002	0.04837	0.02568	0.00630	0.00166	0.07732	0.00545	0.01207	0.00579
19	0.00811	0.00415	0.00622	0.00622	0.00627	0.00419	0.00419	0.00627	0.00622	0.00834	0.00843	0.01456	0.00838	0.01741	0.06152	0.81658	0.00456	0.00415	0.00207	0.00216
20	0.86760	0.00912	0.00693	0.00620	0.00912	0.01058	0.00511	0.01386	0.00802	0.02115	0.00657	0.00766	0.00511	0.00438	0.00292	0.00146	0.00365	0.00255	0.00292	0.00511
21	0.01216	0.01491	0.18026	0.10582	0.06508	0.16565	0.01072	0.15772	0.04733	0.01673	0.05435	0.11520	0.01212	0.00648	0.00490	0.00149	0.01443	0.00527	0.00321	0.00618
22	0.00657	0.00479	0.00618	0.00588	0.00699	0.00440	0.00439	0.00868	0.01303	0.01828	0.72780	0.06338	0.09203	0.00996	0.00558	0.00150	0.00225	0.00879	0.00511	0.00440
23	0.00975	0.02338	0.75982	0.01307	0.01985	0.01067	0.01671	0.01501	0.01003	0.03430	0.00871	0.01010	0.00615	0.00447	0.00445	0.00146	0.00676	0.00349	0.00212	0.03969
24	0.16377	0.23224	0.01132	0.00665	0.00827	0.00925	0.00533	0.00973	0.00744	0.01134	0.00764	0.01175	0.00731	0.03398	0.01160	0.44871	0.00429	0.00347	0.00222	0.00371
25	0.12355	0.01020	0.05465	0.00980	0.03313	0.00980	0.02829	0.11932	0.11679	0.34676	0.02522	0.01436	0.01048	0.02538	0.00557	0.00158	0.04896	0.00449	0.00451	0.00714
26	0.01032	0.01032	0.01444	0.01238	0.01238	0.01444	0.01032	0.01135	0.00722	0.01135	0.00619	0.01032	0.00619	0.00825	0.01547	0.00206	0.82567	0.00413	0.00206	0.00516
27	0.05356	0.69580	0.08642	0.00850	0.01268	0.01740	0.00868	0.02833	0.03013	0.01244	0.00712	0.00809	0.00625	0.00418	0.00321	0.00109	0.00510	0.00270	0.00218	0.00615
28	0.00673	0.00516	0.00654	0.00653	0.00761	0.00511	0.00494	0.00902	0.05201	0.01529	0.33809	0.16638	0.17228	0.01392	0.10075	0.00235	0.02330	0.05514	0.00445	0.00440
29	0.01224	0.51301	0.23872	0.01013	0.01491	0.04747	0.02809	0.06265	0.01065	0.01341	0.00747	0.00860	0.00618	0.00429	0.00363	0.00119	0.00578	0.00298	0.00220	0.00641
30	0.00932	0.00990	0.08616	0.17455	0.13917	0.03581	0.06788	0.01188	0.01861	0.03415	0.04839	0.12771	0.07406	0.03521	0.04346	0.00198	0.05651	0.01681	0.00297	0.00547
31	0.01328	0.01136	0.13189	0.04767	0.01627	0.00953	0.17538	0.02737	0.03129	0.25659	0.01319	0.04368	0.01010	0.02588	0.04585	0.00195	0.09681	0.01611	0.01932	0.00649
32	0.01142	0.42534	0.26661	0.01037	0.01494	0.06765	0.04614	0.01418	0.00982	0.01239	0.00795	0.01016	0.00683	0.04996	0.02697	0.00157	0.00618	0.00330	0.00211	0.00609
33	0.00692	0.00527	0.00679	0.00705	0.00801	0.00509	0.02689	0.04451	0.05199	0.01360	0.04503	0.52175	0.15919	0.01298	0.00617	0.02656	0.00308	0.04052	0.00431	0.00430
34	0.00964	0.00927	0.01606	0.39149	0.19687	0.01016	0.12589	0.01311	0.04958	0.01370	0.01215	0.05997	0.04034	0.00563	0.00499	0.00157	0.00585	0.02528	0.00260	0.00585
35	0.01426	0.00850	0.01182	0.14085	0.01539	0.00864	0.05604	0.12947	0.05565	0.28849	0.11482	0.01967	0.03735	0.00651	0.00494	0.00151	0.00446	0.04054	0.03450	0.00658
36	0.01076	0.01063	0.01655	0.42840	0.12641	0.07728	0.14530	0.01428	0.05339	0.03264	0.00958	0.01302	0.00745	0.02811	0.00537	0.00161	0.00642	0.00448	0.00246	0.00586
37	0.00700	0.00515	0.00631	0.00667	0.00757	0.00504	0.00474	0.00961	0.10521	0.02873	0.15767	0.44818	0.10282	0.05523	0.00668	0.00191	0.00290	0.02966	0.00451	0.00443
38	0.21462	0.00976	0.01101	0.00869	0.01208	0.01011	0.00718	0.22837	0.01438	0.38923	0.01344	0.01264	0.00899	0.00553	0.00467	0.00147	0.03177	0.00408	0.00473	0.00726
39	0.01954	0.00955	0.01177	0.00910	0.01269	0.00930	0.00749	0.24863	0.04227	0.53323	0.03532	0.01517	0.01147	0.00589	0.00476	0.00145	0.00431	0.00471	0.00546	0.00792
40	0.18458	0.00834	0.00981	0.00781	0.01103	0.00806	0.00639	0.09235	0.01302	0.46048	0.08721	0.01558	0.01293	0.00580	0.00438	0.00142	0.00382	0.00455	0.03051	0.03193
41	0.01320	0.00748	0.00908	0.00771	0.01011	0.00734	0.00610	0.11538	0.10803	0.26416	0.21276	0.05811	0.08822	0.00808	0.00540	0.02254	0.00346	0.01915	0.02744	0.00625
42	0.00647	0.00441	0.00560	0.00618	0.00686	0.00410	0.00434	0.00777	0.01018	0.02537	0.17606	0.50924	0.08976	0.01250	0.00563	0.00173	0.00262	0.02975	0.08736	0.00409
43	0.00863	0.00501	0.00612	0.00592	0.00660	0.00479	0.00386	0.00922	0.00865	0.12194	0.06778	0.15782	0.03943	0.49676	0.03443	0.00351	0.00418	0.00776	0.00369	0.00389
44	0.00814	0.00542	0.00673	0.00650	0.00775	0.00533	0.00487	0.01056	0.06426	0.07765	0.27659	0.17205	0.13010	0.04000	0.05252	0.00203	0.02486	0.02448	0.07545	0.00471
45	0.06947	0.03049	0.02349	0.07856	0.02995	0.01059	0.08391	0.01151	0.00878	0.04050	0.03360	0.06019	0.04681	0.03797	0.08922	0.00245	0.30844	0.02618	0.00274	0.00513
46	0.02838	0.02376	0.00819	0.03087	0.05446	0.02305	0.02877	0.00851	0.00876	0.01208	0.01889	0.44356	0.02164	0.16748	0.00972	0.01380	0.04979	0.00945	0.03470	0.00415

[dist]
# distance from previous block
# <min> <max>
0	24

# created by:
# /st0/software/busco_prod/Augustus/scripts/msa2prfl.pl ./align_prep/734341.fa
