[name]
unknown

[dist]
# distance from previous block
# <min> <max>
0	52

[block]
# block no. 0 follows, 57 sequences, length 10
# corresponding to MSA columns:
# 149-158
name=unknown_A
#
# <colnr> <probs for GDERKNQSTAVLIFYWHMCP>
#	G	D	E	R	K	N	Q	S	T	A	V	L	I	F	Y	W	H	M	C	P
0	0.00675	0.00464	0.00599	0.00659	0.00726	0.00437	0.00455	0.04552	0.00947	0.04089	0.02346	0.74010	0.02743	0.01310	0.00560	0.00176	0.00281	0.01181	0.00422	0.03371
1	0.00845	0.00422	0.00422	0.00422	0.00528	0.00422	0.00317	0.01056	0.00950	0.01689	0.01478	0.01689	0.01161	0.00528	0.00317	0.00106	0.00211	0.00422	0.86591	0.00422
2	0.01016	0.00498	0.00569	0.00526	0.00663	0.00501	0.00408	0.01215	0.00980	0.13665	0.01478	0.01650	0.01135	0.00728	0.05705	0.00154	0.03071	0.00431	0.65133	0.00476
3	0.01107	0.10581	0.18717	0.01275	0.06720	0.16634	0.13994	0.03513	0.04112	0.01346	0.01164	0.11778	0.02658	0.00600	0.00476	0.00142	0.02100	0.02242	0.00265	0.00577
4	0.00845	0.00422	0.00422	0.00422	0.00528	0.00422	0.00317	0.01056	0.00950	0.01689	0.01478	0.01689	0.01161	0.00528	0.00317	0.00106	0.00211	0.00422	0.86591	0.00422
5	0.78001	0.00894	0.00726	0.00632	0.00921	0.01021	0.00521	0.05924	0.00877	0.06105	0.00716	0.00797	0.00539	0.00435	0.00299	0.00140	0.00361	0.00265	0.00305	0.00521
6	0.01162	0.00671	0.00812	0.00703	0.00926	0.00650	0.00552	0.01585	0.18893	0.26372	0.26061	0.02602	0.15539	0.00781	0.00494	0.00146	0.00302	0.00662	0.00496	0.00591
7	0.01143	0.00879	0.02945	0.00810	0.01182	0.00724	0.05191	0.09883	0.01130	0.11900	0.03481	0.05595	0.00973	0.00469	0.00397	0.00099	0.00385	0.00396	0.00337	0.52081
8	0.00582	0.00482	0.00515	0.00525	0.00670	0.00426	0.00403	0.00753	0.04100	0.01280	0.06669	0.07675	0.64379	0.01142	0.00543	0.00160	0.00254	0.08618	0.00425	0.00400
9	0.01063	0.19903	0.23652	0.01058	0.01483	0.01097	0.11917	0.05589	0.02788	0.05450	0.08697	0.05256	0.01131	0.00518	0.00425	0.00129	0.00517	0.00443	0.00284	0.08601

[dist]
# distance from previous block
# <min> <max>
2	6

[block]
# block no. 1 follows, 57 sequences, length 15
# corresponding to MSA columns:
# 165-179
name=unknown_B
#
# <colnr> <probs for GDERKNQSTAVLIFYWHMCP>
#	G	D	E	R	K	N	Q	S	T	A	V	L	I	F	Y	W	H	M	C	P
0	0.05813	0.01589	0.01164	0.01012	0.01280	0.46844	0.00781	0.05843	0.06369	0.20611	0.03654	0.01140	0.00889	0.00516	0.00423	0.00128	0.00626	0.00366	0.00349	0.00604
1	0.00696	0.00520	0.00688	0.03503	0.00918	0.00521	0.00628	0.00920	0.05080	0.01309	0.02568	0.19442	0.11958	0.03847	0.00645	0.00200	0.00370	0.45360	0.00409	0.00418
2	0.00845	0.00422	0.00422	0.00422	0.00528	0.00422	0.00317	0.01056	0.00950	0.01689	0.01478	0.01689	0.01161	0.00528	0.00317	0.00106	0.00211	0.00422	0.86591	0.00422
3	0.00769	0.00586	0.02229	0.00710	0.00867	0.00546	0.04261	0.02125	0.02935	0.05632	0.43620	0.04554	0.06683	0.01344	0.16105	0.00256	0.00466	0.02810	0.00419	0.03083
4	0.14250	0.26114	0.03988	0.02551	0.03032	0.11263	0.00784	0.09218	0.02915	0.16282	0.00942	0.00984	0.00710	0.00467	0.00398	0.00124	0.02674	0.00325	0.00313	0.02665
5	0.00845	0.00422	0.00422	0.00422	0.00528	0.00422	0.00317	0.01056	0.00950	0.01689	0.01478	0.01689	0.01161	0.00528	0.00317	0.00106	0.00211	0.00422	0.86591	0.00422
6	0.00567	0.00422	0.00530	0.00597	0.00663	0.00385	0.00420	0.00675	0.00958	0.01255	0.11774	0.53779	0.19962	0.01297	0.00567	0.00174	0.00258	0.04905	0.00429	0.00380
7	0.00964	0.00923	0.01582	0.49600	0.29675	0.01040	0.05265	0.01281	0.02825	0.01300	0.00851	0.01191	0.00665	0.00436	0.00456	0.00146	0.00584	0.00412	0.00217	0.00587
8	0.07340	0.00980	0.00941	0.00848	0.01062	0.12233	0.00652	0.16192	0.14308	0.10718	0.01642	0.25284	0.01548	0.00804	0.00473	0.00152	0.00422	0.01910	0.01912	0.00579
9	0.01080	0.01120	0.05133	0.10102	0.08090	0.03731	0.20810	0.03390	0.25546	0.01554	0.01146	0.01290	0.00881	0.00498	0.00540	0.00146	0.06601	0.00452	0.00302	0.07590
10	0.00814	0.00628	0.04780	0.00652	0.00823	0.00539	0.00539	0.01085	0.05870	0.08998	0.45630	0.03111	0.14918	0.00881	0.00534	0.00147	0.01979	0.04226	0.03361	0.00482
11	0.04544	0.74479	0.08707	0.00810	0.01216	0.01703	0.00837	0.01362	0.00918	0.01134	0.00645	0.00746	0.00577	0.00392	0.00302	0.00102	0.00494	0.00250	0.00197	0.00585
12	0.07552	0.00490	0.00491	0.00485	0.00639	0.00439	0.00366	0.00738	0.01030	0.01362	0.11865	0.05980	0.62240	0.01054	0.00509	0.00150	0.00238	0.00877	0.03098	0.00397
13	0.01312	0.01063	0.01168	0.07582	0.01414	0.01214	0.00811	0.29190	0.46797	0.02170	0.01498	0.01442	0.01107	0.00577	0.00458	0.00147	0.00427	0.00467	0.00437	0.00719
14	0.05711	0.09336	0.34185	0.12045	0.02004	0.03855	0.18744	0.01454	0.03149	0.04093	0.00865	0.01051	0.00640	0.00429	0.00437	0.00141	0.00635	0.00382	0.00227	0.00617

[dist]
# distance from previous block
# <min> <max>
0	2

[block]
# block no. 2 follows, 57 sequences, length 41
# corresponding to MSA columns:
# 182-222
name=unknown_C
#
# <colnr> <probs for GDERKNQSTAVLIFYWHMCP>
#	G	D	E	R	K	N	Q	S	T	A	V	L	I	F	Y	W	H	M	C	P
0	0.00974	0.00986	0.05296	0.01095	0.04708	0.00795	0.19421	0.01292	0.05299	0.01481	0.00944	0.03679	0.00785	0.00404	0.00407	0.00102	0.00461	0.00386	0.00269	0.51217
1	0.01032	0.00986	0.01678	0.29684	0.55043	0.01053	0.01346	0.01313	0.00990	0.01372	0.00837	0.01151	0.00680	0.00420	0.00450	0.00140	0.00560	0.00403	0.00217	0.00646
2	0.01024	0.03016	0.22481	0.04149	0.02049	0.01143	0.41896	0.04146	0.01022	0.01431	0.00898	0.03556	0.00715	0.00479	0.00606	0.00155	0.09920	0.00477	0.00228	0.00608
3	0.09978	0.00871	0.00997	0.00851	0.01116	0.02166	0.00660	0.07814	0.02335	0.35328	0.12518	0.05723	0.08744	0.00915	0.03716	0.00199	0.00447	0.00618	0.04300	0.00704
4	0.01119	0.00911	0.01060	0.08678	0.01306	0.05085	0.03514	0.08370	0.30155	0.08169	0.15474	0.01980	0.07450	0.00673	0.00519	0.00149	0.03802	0.00559	0.00417	0.00608
5	0.00706	0.00464	0.00571	0.00582	0.00695	0.00413	0.00422	0.00833	0.01045	0.08947	0.19207	0.34839	0.27280	0.01152	0.00544	0.00162	0.00254	0.01010	0.00450	0.00423
6	0.01013	0.00900	0.01002	0.00879	0.01007	0.09525	0.02007	0.12758	0.02152	0.01473	0.13074	0.05195	0.01507	0.11562	0.12263	0.00269	0.18507	0.00535	0.02345	0.02024
7	0.00741	0.00558	0.00748	0.00747	0.03104	0.00612	0.02304	0.00824	0.01881	0.01030	0.01375	0.02665	0.01488	0.45927	0.10891	0.03940	0.09774	0.09579	0.01455	0.00357
8	0.00845	0.00422	0.00422	0.00422	0.00528	0.00422	0.00317	0.01056	0.00950	0.01689	0.01478	0.01689	0.01161	0.00528	0.00317	0.00106	0.00211	0.00422	0.86591	0.00422
9	0.00983	0.00910	0.01458	0.34592	0.33607	0.00962	0.01162	0.02565	0.00974	0.01356	0.00847	0.01182	0.00693	0.02889	0.00488	0.00140	0.00530	0.00390	0.00227	0.14046
10	0.17435	0.18942	0.13211	0.00938	0.01262	0.14315	0.07139	0.03597	0.00971	0.02474	0.00885	0.03601	0.00802	0.11905	0.00640	0.00171	0.00549	0.00384	0.00249	0.00530
11	0.00845	0.00422	0.00422	0.00422	0.00528	0.00422	0.00317	0.01056	0.00950	0.01689	0.01478	0.01689	0.01161	0.00528	0.00317	0.00106	0.00211	0.00422	0.86591	0.00422
12	0.04176	0.16033	0.41347	0.01122	0.01604	0.03382	0.06491	0.05712	0.03839	0.01485	0.02717	0.02303	0.00767	0.00475	0.00441	0.00136	0.03022	0.00369	0.03960	0.00621
13	0.00948	0.00837	0.01320	0.67718	0.05197	0.01014	0.01169	0.08882	0.01033	0.01365	0.00873	0.01221	0.00656	0.00465	0.00445	0.00146	0.00569	0.00404	0.05203	0.00532
14	0.00683	0.00459	0.00675	0.00675	0.00729	0.00513	0.00499	0.00743	0.00689	0.00972	0.01127	0.01781	0.01091	0.09727	0.55799	0.21837	0.00947	0.00477	0.00234	0.00343
15	0.00565	0.00402	0.00531	0.00629	0.00656	0.00378	0.00422	0.00643	0.00860	0.01146	0.02426	0.75898	0.02897	0.06713	0.00691	0.00201	0.00280	0.03888	0.00411	0.00364
16	0.01052	0.01066	0.01947	0.01457	0.01801	0.03258	0.47592	0.11152	0.01187	0.01580	0.04867	0.10667	0.06387	0.00613	0.00544	0.00154	0.02081	0.01715	0.00305	0.00574
17	0.00940	0.00805	0.00940	0.00671	0.01074	0.00604	0.00537	0.01141	0.00940	0.01477	0.00805	0.00940	0.00671	0.00336	0.00336	0.00067	0.00336	0.00268	0.00268	0.86845
18	0.00940	0.00805	0.00940	0.00671	0.01074	0.00604	0.00537	0.01141	0.00940	0.01477	0.00805	0.00940	0.00671	0.00336	0.00336	0.00067	0.00336	0.00268	0.00268	0.86845
19	0.13892	0.01343	0.04067	0.10998	0.06265	0.23280	0.04795	0.12086	0.08062	0.07578	0.02799	0.01120	0.00804	0.00490	0.00422	0.00136	0.00571	0.00377	0.00314	0.00604
20	0.06962	0.01182	0.07770	0.01089	0.01422	0.01187	0.09846	0.26766	0.22944	0.06824	0.01273	0.01297	0.01967	0.00555	0.00531	0.00149	0.06722	0.00444	0.00384	0.00686
21	0.00784	0.00396	0.00593	0.00593	0.00595	0.00397	0.00397	0.00595	0.00593	0.00793	0.00797	0.01386	0.00795	0.01615	0.03584	0.84877	0.00412	0.00396	0.00198	0.00201
22	0.00624	0.00489	0.00590	0.00578	0.00708	0.00443	0.01561	0.02739	0.01126	0.01468	0.29502	0.12818	0.37888	0.01086	0.00544	0.00157	0.00256	0.06567	0.00445	0.00411
23	0.01030	0.00957	0.01521	0.10838	0.14290	0.04039	0.18731	0.05377	0.04158	0.03953	0.12043	0.07827	0.01407	0.00615	0.00569	0.00149	0.06999	0.01509	0.00309	0.03677
24	0.01590	0.00646	0.00834	0.00679	0.00939	0.00577	0.00547	0.01774	0.01180	0.52797	0.04146	0.04246	0.01290	0.00589	0.00421	0.00131	0.00325	0.00483	0.26163	0.00644
25	0.01380	0.03197	0.16342	0.04282	0.01636	0.00990	0.16487	0.09365	0.10141	0.25365	0.02479	0.01319	0.00930	0.00495	0.00460	0.00141	0.00527	0.00443	0.00372	0.03649
26	0.00723	0.00592	0.00719	0.06043	0.00953	0.03285	0.00521	0.00841	0.00894	0.01228	0.01812	0.50477	0.02058	0.01040	0.00542	0.03218	0.00328	0.00892	0.00351	0.23484
27	0.00909	0.02344	0.81727	0.01292	0.01961	0.01052	0.01674	0.01435	0.00957	0.01435	0.00813	0.00957	0.00574	0.00431	0.00431	0.00144	0.00670	0.00335	0.00191	0.00670
28	0.01723	0.01269	0.01360	0.01043	0.01405	0.01405	0.00861	0.79738	0.02131	0.02856	0.01088	0.01088	0.00771	0.00544	0.00453	0.00136	0.00499	0.00408	0.00453	0.00771
29	0.00940	0.00893	0.01511	0.54558	0.25260	0.01013	0.03236	0.01231	0.00947	0.01271	0.00822	0.01172	0.00641	0.00432	0.00449	0.00143	0.00578	0.00401	0.00211	0.04291
30	0.00909	0.02344	0.81727	0.01292	0.01961	0.01052	0.01674	0.01435	0.00957	0.01435	0.00813	0.00957	0.00574	0.00431	0.00431	0.00144	0.00670	0.00335	0.00191	0.00670
31	0.00559	0.00399	0.00534	0.00639	0.00668	0.00374	0.00432	0.00643	0.00874	0.01164	0.02494	0.80784	0.02982	0.01413	0.00580	0.00185	0.00269	0.04217	0.00421	0.00370
32	0.00570	0.00407	0.00546	0.00652	0.00686	0.00384	0.00452	0.00662	0.00885	0.01177	0.02488	0.75825	0.02958	0.01403	0.00583	0.00187	0.00279	0.09065	0.00420	0.00373
33	0.03760	0.00902	0.01148	0.00905	0.01240	0.00890	0.04103	0.12541	0.17942	0.49073	0.01641	0.01480	0.01096	0.00559	0.00456	0.00143	0.00411	0.00460	0.00505	0.00746
34	0.00564	0.00423	0.00499	0.00551	0.00615	0.00385	0.00371	0.00642	0.00887	0.01133	0.03009	0.44133	0.28515	0.15095	0.00852	0.00216	0.00281	0.01074	0.00396	0.00357
35	0.00813	0.00419	0.00434	0.00445	0.00542	0.00416	0.00328	0.01010	0.00941	0.01632	0.01589	0.10597	0.01361	0.00625	0.00345	0.00114	0.00217	0.00516	0.77241	0.00416
36	0.00555	0.00402	0.00524	0.00615	0.00655	0.00372	0.00415	0.00643	0.00899	0.01192	0.06243	0.74034	0.09027	0.01376	0.00573	0.00180	0.00258	0.01241	0.00424	0.00372
37	0.01097	0.01023	0.01738	0.16485	0.65976	0.01055	0.01351	0.01370	0.01016	0.03303	0.00866	0.01146	0.00708	0.00416	0.00450	0.00138	0.00546	0.00405	0.00228	0.00682
38	0.01040	0.00993	0.01691	0.27517	0.57153	0.01055	0.01350	0.01319	0.00993	0.01381	0.00838	0.01148	0.00683	0.00419	0.00450	0.00140	0.00559	0.00403	0.00217	0.00652
39	0.00553	0.00408	0.00518	0.00599	0.00650	0.00373	0.00408	0.00643	0.00913	0.01195	0.06075	0.67018	0.16282	0.01353	0.00569	0.00177	0.00255	0.01213	0.00424	0.00373
40	0.01118	0.01062	0.01699	0.18748	0.52612	0.04556	0.04918	0.01431	0.04286	0.03869	0.00909	0.01167	0.00727	0.00429	0.00452	0.00139	0.00562	0.00411	0.00240	0.00663

[dist]
# distance from previous block
# <min> <max>
2	5

[block]
# block no. 3 follows, 57 sequences, length 32
# corresponding to MSA columns:
# 229-241,245-249,254-267
name=unknown_D
#
# <colnr> <probs for GDERKNQSTAVLIFYWHMCP>
#	G	D	E	R	K	N	Q	S	T	A	V	L	I	F	Y	W	H	M	C	P
0	0.04673	0.01378	0.01217	0.02533	0.06872	0.29908	0.02094	0.16601	0.08353	0.03806	0.03456	0.08830	0.01072	0.00621	0.00511	0.00141	0.05539	0.01474	0.00331	0.00589
1	0.01069	0.01096	0.05598	0.18566	0.55867	0.01073	0.05627	0.03080	0.01030	0.01443	0.00850	0.01136	0.00688	0.00417	0.00453	0.00139	0.00569	0.00407	0.00223	0.00668
2	0.00662	0.00483	0.00619	0.00585	0.00696	0.00453	0.00438	0.02178	0.02827	0.01789	0.72382	0.07422	0.05858	0.00944	0.00534	0.00145	0.00224	0.00834	0.00492	0.00435
3	0.01015	0.00947	0.01437	0.54564	0.15602	0.03653	0.01215	0.08497	0.01039	0.01362	0.00823	0.01157	0.00637	0.00475	0.00515	0.00149	0.05720	0.00399	0.00229	0.00564
4	0.00552	0.00410	0.00516	0.00595	0.00649	0.00373	0.00406	0.00643	0.00916	0.01196	0.05974	0.65118	0.18304	0.01347	0.00568	0.00176	0.00254	0.01205	0.00424	0.00373
5	0.00787	0.00637	0.00707	0.00670	0.02467	0.02333	0.00498	0.08286	0.09279	0.01694	0.35795	0.03236	0.30044	0.00915	0.00515	0.00146	0.00280	0.00778	0.00452	0.00481
6	0.09176	0.66845	0.05880	0.00825	0.01201	0.03338	0.02225	0.01361	0.00911	0.01182	0.00644	0.00758	0.00575	0.00407	0.00342	0.00108	0.03187	0.00258	0.00203	0.00574
7	0.02033	0.00771	0.01052	0.00806	0.01157	0.00666	0.00666	0.02208	0.01297	0.81562	0.01788	0.01542	0.01122	0.00561	0.00456	0.00140	0.00386	0.00456	0.00561	0.00771
8	0.37723	0.01233	0.14220	0.04008	0.01300	0.02842	0.00835	0.21612	0.02474	0.04392	0.00861	0.00952	0.00635	0.00475	0.00398	0.00140	0.02516	0.00328	0.02450	0.00604
9	0.00659	0.00439	0.00494	0.00494	0.00494	0.00439	0.00275	0.00659	0.00659	0.00879	0.01428	0.02965	0.01647	0.84075	0.02306	0.00439	0.00439	0.00659	0.00275	0.00275
10	0.00621	0.00481	0.00540	0.00524	0.00665	0.00424	0.00395	0.02487	0.01129	0.02680	0.27465	0.07696	0.49995	0.01073	0.00536	0.00152	0.00237	0.02043	0.00447	0.00411
11	0.00775	0.00398	0.00581	0.00581	0.00581	0.00398	0.00383	0.00597	0.00597	0.00796	0.00846	0.01525	0.00867	0.09222	0.01821	0.78809	0.00398	0.00418	0.00204	0.00204
12	0.01182	0.01001	0.01056	0.00933	0.01199	0.01153	0.00731	0.09576	0.73171	0.01985	0.01774	0.01635	0.01326	0.00608	0.00460	0.00152	0.00372	0.00503	0.00460	0.00722
13	0.00909	0.02344	0.81727	0.01292	0.01961	0.01052	0.01674	0.01435	0.00957	0.01435	0.00813	0.00957	0.00574	0.00431	0.00431	0.00144	0.00670	0.00335	0.00191	0.00670
14	0.00973	0.00824	0.01025	0.00734	0.01138	0.00631	0.04320	0.01182	0.00955	0.03456	0.00835	0.00968	0.00683	0.00343	0.00348	0.00073	0.00357	0.00286	0.00274	0.80594
15	0.00991	0.00991	0.01388	0.01190	0.01190	0.01388	0.00991	0.01091	0.00694	0.01091	0.00595	0.00991	0.00595	0.00793	0.01487	0.00198	0.83246	0.00397	0.00198	0.00496
16	0.01723	0.01269	0.01360	0.01043	0.01405	0.01405	0.00861	0.79738	0.02131	0.02856	0.01088	0.01088	0.00771	0.00544	0.00453	0.00136	0.00499	0.00408	0.00453	0.00771
17	0.01013	0.00964	0.01646	0.30827	0.49312	0.01033	0.02872	0.01293	0.00989	0.01362	0.00894	0.01301	0.00747	0.00452	0.00458	0.00143	0.00561	0.03278	0.00223	0.00629
18	0.00856	0.00805	0.01359	0.82986	0.03121	0.01007	0.01258	0.01158	0.00906	0.01158	0.00805	0.01208	0.00604	0.00453	0.00453	0.00151	0.00604	0.00403	0.00201	0.00503
19	0.00554	0.00441	0.00498	0.00524	0.00634	0.00384	0.00377	0.00672	0.01018	0.01282	0.14006	0.27350	0.48267	0.01198	0.00548	0.00161	0.00237	0.01035	0.00431	0.00384
20	0.01056	0.01010	0.01721	0.22559	0.61983	0.01059	0.01358	0.01333	0.01001	0.01401	0.00841	0.01143	0.00690	0.00416	0.00450	0.00139	0.00555	0.00403	0.00219	0.00665
21	0.00626	0.00459	0.00590	0.00592	0.00685	0.00428	0.00434	0.00825	0.02894	0.01616	0.54307	0.22961	0.08065	0.01059	0.00546	0.00155	0.00234	0.02634	0.00473	0.00417
22	0.01127	0.01079	0.01845	0.05056	0.73961	0.01085	0.04363	0.03331	0.01057	0.01504	0.00859	0.01127	0.00715	0.00408	0.00452	0.00136	0.00548	0.00409	0.00229	0.00709
23	0.00556	0.00413	0.00519	0.00591	0.00650	0.00376	0.00406	0.00653	0.00934	0.01222	0.09104	0.61386	0.18887	0.01326	0.00566	0.00174	0.00252	0.01184	0.00427	0.00376
24	0.01113	0.00969	0.01103	0.08626	0.05416	0.01119	0.00804	0.03714	0.67546	0.01824	0.01683	0.01606	0.01266	0.00588	0.00460	0.00152	0.00393	0.00495	0.00425	0.00698
25	0.00591	0.00455	0.00540	0.00532	0.00649	0.00404	0.00394	0.00753	0.01145	0.01521	0.43404	0.11225	0.34631	0.01060	0.00539	0.00151	0.00225	0.00917	0.00461	0.00404
26	0.01043	0.01163	0.02435	0.09360	0.02331	0.01155	0.65201	0.01391	0.01020	0.01391	0.00877	0.01200	0.00671	0.00426	0.00614	0.00157	0.08239	0.00510	0.00224	0.00591
27	0.11678	0.16117	0.01736	0.10874	0.34986	0.01184	0.06726	0.04151	0.01023	0.06220	0.00848	0.01044	0.00676	0.00421	0.00407	0.00132	0.00519	0.00368	0.00251	0.00639
28	0.00990	0.02200	0.71903	0.01289	0.01924	0.01070	0.04580	0.06413	0.01043	0.03225	0.00855	0.00988	0.00602	0.00439	0.00436	0.00143	0.00656	0.00350	0.00217	0.00676
29	0.00770	0.00493	0.00639	0.00586	0.00719	0.00448	0.00445	0.00973	0.01267	0.09589	0.67950	0.03272	0.09289	0.00906	0.00527	0.00143	0.00232	0.00793	0.00499	0.00458
30	0.00832	0.00638	0.02077	0.00759	0.00887	0.02334	0.03793	0.07549	0.01052	0.05477	0.06685	0.31256	0.09081	0.10693	0.00775	0.00203	0.02181	0.12886	0.00397	0.00445
31	0.19907	0.08860	0.08000	0.01016	0.01314	0.17609	0.06347	0.04616	0.11613	0.05978	0.00919	0.01018	0.00715	0.00505	0.00512	0.00141	0.09704	0.00352	0.00289	0.00586

[dist]
# distance from previous block
# <min> <max>
0	1

[block]
# block no. 4 follows, 57 sequences, length 6
# corresponding to MSA columns:
# 269-274
name=unknown_E
#
# <colnr> <probs for GDERKNQSTAVLIFYWHMCP>
#	G	D	E	R	K	N	Q	S	T	A	V	L	I	F	Y	W	H	M	C	P
0	0.01351	0.00782	0.00943	0.00811	0.01067	0.00797	0.00647	0.01973	0.32591	0.31195	0.16113	0.02132	0.01876	0.00687	0.00482	0.00150	0.00346	0.04889	0.00502	0.00668
1	0.00577	0.00452	0.00516	0.00528	0.00642	0.00399	0.00388	0.00707	0.01047	0.01340	0.21744	0.16430	0.44089	0.05192	0.00632	0.00172	0.00249	0.04079	0.00432	0.00387
2	0.00566	0.00409	0.00539	0.00632	0.00673	0.00381	0.00436	0.00662	0.00907	0.01205	0.06520	0.71077	0.06939	0.01371	0.00577	0.00182	0.00268	0.05858	0.00424	0.00375
3	0.01040	0.01428	0.17173	0.01796	0.02294	0.01129	0.65310	0.01448	0.01049	0.01448	0.00898	0.01174	0.00667	0.00391	0.00516	0.00151	0.00747	0.00498	0.00222	0.00622
4	0.01052	0.01345	0.11317	0.01842	0.02324	0.01136	0.71083	0.01450	0.01057	0.01450	0.00905	0.01193	0.00675	0.00387	0.00523	0.00152	0.00754	0.00513	0.00225	0.00618
5	0.01156	0.00872	0.01090	0.01055	0.09851	0.00920	0.02934	0.16267	0.23638	0.08610	0.19511	0.02026	0.06345	0.00746	0.02773	0.00161	0.00402	0.00570	0.00436	0.00636

[dist]
# distance from previous block
# <min> <max>
0	3

[block]
# block no. 5 follows, 57 sequences, length 21
# corresponding to MSA columns:
# 278-297,302
name=unknown_F
#
# <colnr> <probs for GDERKNQSTAVLIFYWHMCP>
#	G	D	E	R	K	N	Q	S	T	A	V	L	I	F	Y	W	H	M	C	P
0	0.00666	0.00462	0.00551	0.00546	0.00557	0.00482	0.00334	0.00692	0.00686	0.00931	0.03241	0.04633	0.01652	0.69509	0.10059	0.00447	0.03322	0.00651	0.00277	0.00301
1	0.00777	0.03533	0.26433	0.00840	0.01175	0.00711	0.02434	0.01109	0.03725	0.01540	0.29306	0.05056	0.12413	0.00725	0.00476	0.00138	0.00397	0.00618	0.00353	0.08243
2	0.00678	0.00468	0.00602	0.00570	0.00683	0.00429	0.00427	0.00879	0.01241	0.04129	0.68709	0.07034	0.08338	0.00940	0.00529	0.00144	0.00222	0.00828	0.02718	0.00432
3	0.00916	0.07850	0.64416	0.01166	0.01748	0.01057	0.01443	0.01433	0.06286	0.01424	0.01164	0.01256	0.06912	0.00496	0.00431	0.00142	0.00602	0.00389	0.00228	0.00644
4	0.00647	0.00465	0.00635	0.00640	0.00689	0.00512	0.00455	0.00747	0.00710	0.00994	0.01350	0.05974	0.01403	0.32306	0.49780	0.00599	0.00892	0.00585	0.00262	0.00356
5	0.00705	0.00548	0.00653	0.00619	0.00756	0.00539	0.00469	0.01080	0.14708	0.01702	0.50899	0.06240	0.16043	0.00933	0.00525	0.00149	0.00247	0.02240	0.00475	0.00467
6	0.00674	0.00537	0.00796	0.00692	0.00837	0.00494	0.08153	0.00896	0.01241	0.01732	0.66871	0.03254	0.10272	0.00891	0.00535	0.00144	0.00269	0.00803	0.00466	0.00442
7	0.01263	0.01229	0.06766	0.04000	0.01655	0.11831	0.24826	0.04097	0.01084	0.14480	0.01191	0.01432	0.04691	0.00576	0.00676	0.00155	0.16230	0.02928	0.00298	0.00592
8	0.07050	0.08495	0.04638	0.03743	0.01211	0.10077	0.00784	0.13258	0.06800	0.04405	0.01045	0.03634	0.00888	0.01240	0.20086	0.00281	0.09290	0.00415	0.00297	0.02362
9	0.07836	0.01144	0.02018	0.04342	0.04202	0.05232	0.45454	0.01441	0.04140	0.03825	0.00950	0.01297	0.00762	0.00494	0.00632	0.00157	0.11962	0.03274	0.00254	0.00583
10	0.00855	0.00806	0.01536	0.01263	0.01508	0.00774	0.34429	0.01118	0.01018	0.01355	0.01709	0.10374	0.01748	0.03457	0.03091	0.00205	0.00576	0.33360	0.00328	0.00491
11	0.00845	0.00422	0.00422	0.00422	0.00528	0.00422	0.00317	0.01056	0.00950	0.01689	0.01478	0.01689	0.01161	0.00528	0.00317	0.00106	0.00211	0.00422	0.86591	0.00422
12	0.03057	0.20176	0.16162	0.00908	0.02982	0.03196	0.00862	0.06785	0.05546	0.03843	0.00868	0.00961	0.00688	0.00408	0.00365	0.00104	0.00462	0.00307	0.00268	0.32052
13	0.01325	0.51891	0.13380	0.00893	0.01314	0.01522	0.00906	0.13678	0.01150	0.08937	0.00836	0.00892	0.00661	0.00434	0.00351	0.00114	0.00504	0.00301	0.00268	0.00641
14	0.00845	0.00422	0.00422	0.00422	0.00528	0.00422	0.00317	0.01056	0.00950	0.01689	0.01478	0.01689	0.01161	0.00528	0.00317	0.00106	0.00211	0.00422	0.86591	0.00422
15	0.01365	0.00975	0.01272	0.05100	0.03669	0.03873	0.04098	0.10221	0.09890	0.22298	0.01211	0.03961	0.00935	0.00645	0.00782	0.00160	0.26424	0.00458	0.02035	0.00629
16	0.00927	0.00878	0.01488	0.61500	0.24051	0.01025	0.01294	0.01220	0.00940	0.01244	0.00818	0.01185	0.00635	0.00440	0.00452	0.00147	0.00586	0.00403	0.00207	0.00561
17	0.01160	0.00870	0.03373	0.03561	0.01155	0.00868	0.03395	0.26823	0.06694	0.08628	0.22879	0.10004	0.04316	0.03503	0.00554	0.00156	0.00388	0.00641	0.00441	0.00591
18	0.01031	0.03894	0.31466	0.01098	0.01490	0.03680	0.11438	0.01342	0.00949	0.11439	0.01084	0.01425	0.00880	0.09672	0.16820	0.00288	0.00729	0.00436	0.00263	0.00574
19	0.01764	0.00845	0.01054	0.00847	0.01171	0.00822	0.00687	0.04801	0.23955	0.56205	0.01781	0.01570	0.01185	0.00576	0.00457	0.00144	0.00382	0.00470	0.00529	0.00756
20	0.01306	0.01195	0.01555	0.01868	0.38643	0.14563	0.04823	0.01561	0.03941	0.11555	0.00959	0.01126	0.00755	0.00469	0.00527	0.00134	0.07554	0.00392	0.00278	0.06795

[dist]
# distance from previous block
# <min> <max>
0	1

[block]
# block no. 6 follows, 57 sequences, length 13
# corresponding to MSA columns:
# 304-316
name=unknown_G
#
# <colnr> <probs for GDERKNQSTAVLIFYWHMCP>
#	G	D	E	R	K	N	Q	S	T	A	V	L	I	F	Y	W	H	M	C	P
0	0.01307	0.45050	0.05447	0.00955	0.01261	0.26469	0.00858	0.01454	0.01011	0.01101	0.00708	0.03060	0.00649	0.00481	0.00456	0.00117	0.08545	0.00305	0.00213	0.00554
1	0.00896	0.00691	0.00925	0.00807	0.00968	0.00725	0.08014	0.03766	0.19536	0.04982	0.08806	0.02351	0.04912	0.25757	0.12841	0.00320	0.00533	0.02324	0.00357	0.00488
2	0.00787	0.00394	0.00590	0.00590	0.00590	0.00394	0.00394	0.00590	0.00590	0.00787	0.00787	0.01377	0.00787	0.01574	0.01771	0.86816	0.00394	0.00394	0.00197	0.00197
3	0.00951	0.00963	0.05007	0.38700	0.24420	0.03337	0.02913	0.03360	0.01038	0.01387	0.09873	0.01501	0.03601	0.00514	0.00463	0.00144	0.00540	0.00464	0.00256	0.00569
4	0.01926	0.00796	0.01040	0.00804	0.01140	0.00720	0.00662	0.09502	0.01354	0.68897	0.01701	0.01509	0.01091	0.00557	0.00446	0.00138	0.00385	0.00449	0.06135	0.00748
5	0.00960	0.00643	0.00739	0.00671	0.00830	0.02203	0.00518	0.12996	0.04102	0.06844	0.33477	0.11694	0.02607	0.00822	0.00482	0.00142	0.00297	0.03582	0.15886	0.00505
6	0.00642	0.00461	0.00590	0.00558	0.00667	0.00425	0.00418	0.00850	0.01255	0.01776	0.73296	0.03382	0.08909	0.00925	0.00526	0.00142	0.00215	0.00813	0.03727	0.00425
7	0.01070	0.01222	0.02674	0.01910	0.02368	0.01146	0.79603	0.01451	0.01070	0.01451	0.00917	0.01222	0.00688	0.00382	0.00535	0.00153	0.00764	0.00535	0.00229	0.00611
8	0.00620	0.00446	0.00566	0.00567	0.00660	0.00410	0.00413	0.00793	0.01152	0.01607	0.52771	0.21464	0.11212	0.01042	0.00535	0.00151	0.00226	0.00921	0.04034	0.00410
9	0.00856	0.00805	0.01359	0.82986	0.03121	0.01007	0.01258	0.01158	0.00906	0.01158	0.00805	0.01208	0.00604	0.00453	0.00453	0.00151	0.00604	0.00403	0.00201	0.00503
10	0.01070	0.01222	0.02674	0.01910	0.02368	0.01146	0.79603	0.01451	0.01070	0.01451	0.00917	0.01222	0.00688	0.00382	0.00535	0.00153	0.00764	0.00535	0.00229	0.00611
11	0.01049	0.01014	0.01708	0.19117	0.52649	0.01104	0.03619	0.01306	0.00964	0.01364	0.00812	0.01126	0.00678	0.00463	0.00584	0.00147	0.11034	0.00406	0.00216	0.00642
12	0.01052	0.00694	0.00799	0.00708	0.00897	0.03766	0.00548	0.01485	0.18380	0.16595	0.43415	0.02521	0.02818	0.00760	0.00492	0.00142	0.00300	0.00652	0.03420	0.00557

[dist]
# distance from previous block
# <min> <max>
0	2

[block]
# block no. 7 follows, 57 sequences, length 40
# corresponding to MSA columns:
# 319-358
name=unknown_H
#
# <colnr> <probs for GDERKNQSTAVLIFYWHMCP>
#	G	D	E	R	K	N	Q	S	T	A	V	L	I	F	Y	W	H	M	C	P
0	0.02727	0.06984	0.11303	0.00903	0.01241	0.03664	0.03982	0.12928	0.11007	0.05823	0.04275	0.12443	0.02289	0.00616	0.00436	0.00130	0.00436	0.00515	0.00348	0.17951
1	0.01041	0.01075	0.01302	0.01129	0.01155	0.10271	0.00919	0.01134	0.00756	0.01075	0.00676	0.01136	0.00681	0.07689	0.01436	0.00209	0.67219	0.00407	0.00209	0.00481
2	0.01078	0.01039	0.01790	0.15381	0.66444	0.01068	0.03853	0.01356	0.01013	0.01429	0.00847	0.01138	0.00699	0.00411	0.00452	0.00138	0.00556	0.00408	0.00221	0.00681
3	0.00986	0.00939	0.01595	0.43567	0.41519	0.01041	0.01323	0.01272	0.00968	0.01316	0.00828	0.01166	0.00660	0.00429	0.00451	0.00143	0.00572	0.00403	0.00213	0.00609
4	0.01211	0.01032	0.01083	0.00978	0.01240	0.01171	0.00753	0.02452	0.79430	0.01969	0.01917	0.01799	0.01455	0.00669	0.00498	0.00169	0.00389	0.00539	0.00488	0.00759
5	0.00642	0.00432	0.00499	0.00515	0.00520	0.00428	0.00297	0.00655	0.00691	0.00922	0.01594	0.15533	0.01857	0.71221	0.02038	0.00400	0.00412	0.00757	0.00297	0.00289
6	0.00617	0.00435	0.00569	0.00607	0.00639	0.00447	0.00406	0.00689	0.00754	0.01027	0.01763	0.32281	0.02004	0.32108	0.23142	0.00423	0.00583	0.00843	0.00320	0.00344
7	0.00654	0.00477	0.00697	0.00697	0.00765	0.00545	0.00527	0.00784	0.00715	0.01022	0.01220	0.01895	0.01176	0.12250	0.70115	0.04241	0.01094	0.00501	0.00244	0.00382
8	0.00552	0.00394	0.00526	0.00631	0.00657	0.00368	0.00421	0.00631	0.00868	0.01157	0.02498	0.83779	0.02997	0.01420	0.00578	0.00184	0.00263	0.01288	0.00421	0.00368
9	0.00909	0.02344	0.81727	0.01292	0.01961	0.01052	0.01674	0.01435	0.00957	0.01435	0.00813	0.00957	0.00574	0.00431	0.00431	0.00144	0.00670	0.00335	0.00191	0.00670
10	0.01070	0.01222	0.02674	0.01910	0.02368	0.01146	0.79603	0.01451	0.01070	0.01451	0.00917	0.01222	0.00688	0.00382	0.00535	0.00153	0.00764	0.00535	0.00229	0.00611
11	0.00587	0.00437	0.00607	0.00673	0.00723	0.00412	0.02942	0.00700	0.02090	0.01200	0.05147	0.71758	0.04480	0.03192	0.00613	0.00187	0.00286	0.03170	0.00415	0.00383
12	0.00543	0.00454	0.00473	0.00480	0.00620	0.00384	0.00355	0.00661	0.01034	0.01253	0.08833	0.10885	0.70159	0.01157	0.00539	0.00155	0.00231	0.00976	0.00425	0.00384
13	0.00557	0.00402	0.00529	0.00629	0.00664	0.00374	0.00427	0.00642	0.00882	0.01167	0.02604	0.76940	0.07090	0.01400	0.00578	0.00183	0.00266	0.03873	0.00421	0.00370
14	0.01098	0.01052	0.01796	0.09971	0.74245	0.01070	0.01379	0.01370	0.01021	0.01451	0.00848	0.01129	0.00708	0.00408	0.00449	0.00136	0.00544	0.00404	0.00222	0.00699
15	0.00961	0.00949	0.01351	0.01161	0.01176	0.01308	0.02392	0.01071	0.00704	0.01094	0.00657	0.01068	0.00646	0.01023	0.08846	0.00246	0.74245	0.00407	0.00203	0.00489
16	0.25234	0.05727	0.01416	0.09301	0.21210	0.17349	0.06370	0.05754	0.01055	0.01580	0.00761	0.00945	0.00610	0.00431	0.00392	0.00133	0.00559	0.00338	0.00251	0.00584
17	0.01720	0.00719	0.01002	0.00808	0.01106	0.00631	0.02797	0.01893	0.01228	0.63119	0.03411	0.09028	0.03929	0.00701	0.00484	0.00149	0.00379	0.05679	0.00525	0.00690
18	0.01126	0.04368	0.01417	0.01144	0.01211	0.01313	0.02721	0.01242	0.00783	0.10641	0.00745	0.01051	0.00659	0.00740	0.01294	0.00186	0.68182	0.00400	0.00242	0.00534
19	0.01143	0.01261	0.15196	0.03800	0.20415	0.03621	0.13202	0.14499	0.02874	0.04674	0.08059	0.06890	0.01183	0.00556	0.00475	0.00144	0.00543	0.00509	0.00312	0.00643
20	0.01362	0.22931	0.07350	0.05512	0.04006	0.32953	0.02172	0.08008	0.04315	0.01329	0.02082	0.03214	0.00760	0.00490	0.00413	0.00123	0.01798	0.00351	0.00254	0.00578
21	0.01256	0.00870	0.00958	0.00838	0.01093	0.00956	0.00659	0.04479	0.53134	0.15675	0.03727	0.01689	0.01365	0.00601	0.00445	0.00145	0.00347	0.00496	0.10582	0.00686
22	0.00724	0.00604	0.00642	0.00645	0.00768	0.04326	0.00471	0.04422	0.09163	0.01423	0.14535	0.32933	0.25427	0.01102	0.00534	0.00161	0.00292	0.00958	0.00429	0.00442
23	0.16458	0.01430	0.01194	0.14235	0.07022	0.35195	0.00884	0.06683	0.03510	0.05338	0.00883	0.01105	0.00708	0.00492	0.00410	0.00134	0.00614	0.02867	0.00279	0.00559
24	0.00550	0.00460	0.00480	0.00475	0.00621	0.00389	0.00356	0.00679	0.01068	0.01308	0.15375	0.04223	0.70228	0.01116	0.00535	0.00152	0.00227	0.00937	0.00432	0.00389
25	0.01163	0.01060	0.01745	0.06588	0.64580	0.02427	0.03953	0.03900	0.01086	0.05216	0.03305	0.01210	0.00836	0.00434	0.00454	0.00136	0.00536	0.00421	0.00255	0.00695
26	0.01034	0.04089	0.36035	0.01221	0.01740	0.02639	0.17527	0.01433	0.02884	0.05292	0.00896	0.01044	0.00667	0.00408	0.00427	0.00125	0.00586	0.00367	0.00243	0.21341
27	0.00971	0.00814	0.06781	0.00907	0.06440	0.02747	0.02641	0.02793	0.04462	0.12236	0.20888	0.02723	0.17161	0.02667	0.00597	0.00158	0.04863	0.07173	0.02450	0.00528
28	0.01077	0.08346	0.04479	0.04812	0.20830	0.03084	0.01014	0.01295	0.02913	0.03696	0.00782	0.01029	0.00671	0.00542	0.00779	0.00144	0.29421	0.00364	0.00234	0.14489
29	0.11050	0.38239	0.10387	0.00981	0.01365	0.09342	0.08038	0.06505	0.07652	0.01438	0.00813	0.00910	0.00659	0.00432	0.00363	0.00121	0.00537	0.00317	0.00249	0.00601
30	0.87276	0.00876	0.00666	0.00596	0.00876	0.01017	0.00491	0.01332	0.00771	0.02033	0.00631	0.00736	0.00491	0.00421	0.00280	0.00140	0.00351	0.00245	0.00280	0.00491
31	0.00560	0.00421	0.00521	0.00586	0.00656	0.00381	0.00410	0.00663	0.00950	0.01233	0.09209	0.53589	0.24115	0.01302	0.00565	0.00173	0.00255	0.03604	0.00427	0.00378
32	0.01227	0.81712	0.02340	0.00788	0.01171	0.04373	0.00779	0.01371	0.00932	0.01067	0.00632	0.00730	0.00582	0.00390	0.00295	0.00098	0.00495	0.00244	0.00195	0.00580
33	0.00661	0.00442	0.00502	0.00505	0.00509	0.00442	0.00289	0.00668	0.00671	0.00894	0.01459	0.03035	0.01679	0.81379	0.02252	0.00432	0.00439	0.03183	0.00279	0.00279
34	0.00654	0.00460	0.00599	0.00599	0.00635	0.00496	0.00405	0.00726	0.00690	0.00956	0.01332	0.02436	0.01418	0.48037	0.38030	0.00568	0.00785	0.00581	0.00260	0.00333
35	0.00653	0.00464	0.00621	0.00621	0.00665	0.00508	0.00433	0.00741	0.00697	0.00973	0.01311	0.02321	0.01368	0.40210	0.45789	0.00596	0.00860	0.00565	0.00257	0.00345
36	0.12131	0.00976	0.02789	0.00885	0.01231	0.00960	0.02468	0.25584	0.04031	0.40080	0.03357	0.01338	0.01004	0.00543	0.00437	0.00140	0.00425	0.00426	0.00475	0.00721
37	0.03188	0.01366	0.03063	0.01381	0.10052	0.20129	0.14965	0.16834	0.09601	0.07405	0.01048	0.02328	0.00808	0.00513	0.00514	0.00141	0.05272	0.00425	0.00322	0.00645
38	0.00971	0.04282	0.08541	0.32239	0.31305	0.01041	0.07516	0.01267	0.00968	0.01319	0.00923	0.05908	0.00787	0.00481	0.00457	0.00144	0.00574	0.00453	0.00223	0.00600
39	0.03992	0.11359	0.01794	0.01262	0.01617	0.23295	0.23762	0.16754	0.01328	0.09170	0.00931	0.01043	0.00698	0.00455	0.00441	0.00132	0.00646	0.00393	0.00302	0.00627

[dist]
# distance from previous block
# <min> <max>
0	3

[block]
# block no. 8 follows, 57 sequences, length 123
# corresponding to MSA columns:
# 362-379,382-430,433-453,455-489
name=unknown_I
#
# <colnr> <probs for GDERKNQSTAVLIFYWHMCP>
#	G	D	E	R	K	N	Q	S	T	A	V	L	I	F	Y	W	H	M	C	P
0	0.02264	0.12759	0.05412	0.01211	0.01384	0.04483	0.11632	0.02377	0.02258	0.01211	0.00722	0.01067	0.00658	0.00648	0.01034	0.00170	0.48063	0.01890	0.00217	0.00539
1	0.06078	0.00786	0.01039	0.00801	0.01148	0.00697	0.00662	0.03712	0.01289	0.76214	0.01719	0.01495	0.01085	0.00554	0.00447	0.00140	0.00386	0.00445	0.00545	0.00758
2	0.00953	0.02451	0.12180	0.26227	0.05371	0.03239	0.08386	0.03897	0.04671	0.04724	0.08572	0.08469	0.05552	0.00618	0.00473	0.00148	0.00511	0.00550	0.02457	0.00550
3	0.02777	0.01044	0.01722	0.09469	0.66685	0.01068	0.01311	0.03677	0.02641	0.03948	0.00899	0.01145	0.00731	0.00421	0.00446	0.00137	0.00531	0.00405	0.00245	0.00698
4	0.00688	0.00480	0.00623	0.00687	0.00745	0.00477	0.00529	0.00806	0.00881	0.01156	0.02032	0.10615	0.02268	0.33239	0.01271	0.00296	0.00413	0.42073	0.00362	0.00358
5	0.00649	0.00477	0.00604	0.00607	0.02422	0.00442	0.00436	0.00857	0.02553	0.01671	0.57243	0.09982	0.14205	0.00960	0.00524	0.00146	0.00229	0.00843	0.04721	0.00428
6	0.01155	0.56188	0.24930	0.00938	0.01404	0.01560	0.01036	0.05899	0.01001	0.01274	0.00709	0.00813	0.00590	0.00409	0.00340	0.00112	0.00538	0.00278	0.00208	0.00618
7	0.00659	0.00439	0.00494	0.00494	0.00494	0.00439	0.00275	0.00659	0.00659	0.00879	0.01428	0.02965	0.01647	0.84075	0.02306	0.00439	0.00439	0.00659	0.00275	0.00275
8	0.00559	0.00406	0.00525	0.00615	0.00657	0.00376	0.00418	0.00646	0.00893	0.01176	0.04174	0.70724	0.10836	0.02901	0.00606	0.00185	0.00266	0.03246	0.00419	0.00370
9	0.06939	0.01124	0.01525	0.03636	0.04648	0.10168	0.21492	0.09394	0.11341	0.06590	0.01208	0.05904	0.01022	0.00599	0.00563	0.00154	0.07503	0.05266	0.00324	0.00599
10	0.06595	0.01062	0.01179	0.01059	0.07855	0.04227	0.00789	0.34894	0.10942	0.16948	0.01299	0.01336	0.00944	0.00546	0.00436	0.00137	0.00446	0.01918	0.06687	0.00702
11	0.00737	0.00555	0.00706	0.00653	0.00773	0.00563	0.00505	0.02085	0.06848	0.03106	0.61306	0.03136	0.06939	0.00904	0.00597	0.00150	0.06041	0.03464	0.00469	0.00461
12	0.00873	0.00523	0.00679	0.00625	0.00768	0.00481	0.00473	0.02372	0.02295	0.14500	0.52071	0.14338	0.06342	0.00935	0.00526	0.00148	0.00255	0.00821	0.00494	0.00482
13	0.00936	0.00791	0.00920	0.00662	0.01053	0.00597	0.00528	0.01138	0.00940	0.01485	0.00831	0.00969	0.00690	0.00343	0.00335	0.00069	0.00331	0.00274	0.03610	0.83500
14	0.03783	0.00509	0.00558	0.00532	0.00664	0.00499	0.00402	0.04989	0.02583	0.01699	0.26569	0.06725	0.15717	0.00799	0.00443	0.00133	0.00240	0.00674	0.32042	0.00440
15	0.00959	0.00990	0.05200	0.48469	0.25493	0.02646	0.03400	0.01282	0.03081	0.01290	0.00880	0.02742	0.00704	0.00459	0.00455	0.00146	0.00584	0.00421	0.00220	0.00579
16	0.00997	0.00757	0.00958	0.00830	0.01015	0.00828	0.03674	0.19850	0.09541	0.02871	0.13747	0.01933	0.03161	0.06158	0.28380	0.00358	0.02012	0.00540	0.01856	0.00536
17	0.01130	0.02571	0.01769	0.14012	0.39776	0.03399	0.12948	0.06683	0.08762	0.01535	0.00954	0.01184	0.00756	0.00446	0.00479	0.00142	0.02105	0.00428	0.00259	0.00662
18	0.02880	0.01060	0.02884	0.01405	0.18466	0.04693	0.06231	0.13260	0.18454	0.06152	0.02812	0.04273	0.01047	0.00763	0.06010	0.00187	0.07959	0.00475	0.00341	0.00648
19	0.01713	0.10168	0.01424	0.00979	0.01342	0.01338	0.00823	0.59853	0.01877	0.14255	0.01142	0.01116	0.00802	0.00530	0.00436	0.00132	0.00480	0.00397	0.00441	0.00750
20	0.01090	0.01425	0.17610	0.03542	0.26254	0.04250	0.34263	0.03343	0.01067	0.01472	0.00871	0.01121	0.00671	0.00407	0.00480	0.00144	0.00670	0.00441	0.00225	0.00653
21	0.00982	0.01484	0.28306	0.15252	0.10971	0.01103	0.24496	0.01381	0.02560	0.01381	0.00850	0.01113	0.00646	0.00449	0.00550	0.00151	0.07073	0.00421	0.00214	0.00617
22	0.00555	0.00398	0.00528	0.00626	0.00657	0.00371	0.00420	0.00640	0.00886	0.01183	0.05555	0.79329	0.04378	0.01396	0.00576	0.00182	0.00260	0.01264	0.00424	0.00371
23	0.00576	0.00466	0.00513	0.00504	0.00642	0.00405	0.00379	0.00733	0.01998	0.01405	0.26796	0.05596	0.55331	0.01084	0.00536	0.00151	0.00229	0.01814	0.00444	0.00400
24	0.01694	0.01255	0.01344	0.01037	0.01394	0.01392	0.00854	0.76017	0.05898	0.02810	0.01124	0.01117	0.00800	0.00547	0.00454	0.00137	0.00492	0.00413	0.00454	0.00768
25	0.01013	0.00986	0.04421	0.01177	0.01299	0.01172	0.08981	0.02484	0.05378	0.04362	0.01023	0.01663	0.00961	0.00828	0.02676	0.00197	0.49378	0.11207	0.00265	0.00529
26	0.01209	0.82263	0.02341	0.00779	0.01163	0.01776	0.00774	0.01383	0.02909	0.01087	0.00660	0.00751	0.00602	0.00393	0.00295	0.00098	0.00481	0.00249	0.00201	0.00585
27	0.00803	0.00669	0.02328	0.00663	0.00867	0.00624	0.02713	0.04090	0.15883	0.03417	0.17232	0.03020	0.34308	0.02590	0.00532	0.00149	0.00298	0.00727	0.03808	0.05279
28	0.01053	0.01029	0.01528	0.01591	0.20865	0.01306	0.02949	0.04217	0.00841	0.01263	0.00685	0.01033	0.00634	0.00678	0.01170	0.00179	0.57798	0.00402	0.00215	0.00564
29	0.01542	0.01346	0.01248	0.01030	0.01338	0.16201	0.00822	0.42720	0.24937	0.02253	0.01238	0.01215	0.00916	0.00551	0.00447	0.00138	0.00516	0.00417	0.00415	0.00710
30	0.09746	0.01765	0.01243	0.01072	0.01349	0.50482	0.00832	0.23706	0.01474	0.03054	0.00821	0.00898	0.00637	0.00486	0.00410	0.00125	0.00676	0.00323	0.00305	0.00595
31	0.01084	0.01006	0.02980	0.00918	0.03888	0.09688	0.00698	0.04950	0.40504	0.03805	0.11097	0.04431	0.11605	0.00709	0.00475	0.00147	0.00393	0.00588	0.00422	0.00613
32	0.00914	0.00669	0.00978	0.03805	0.13139	0.00729	0.00728	0.06674	0.02391	0.07141	0.01203	0.01663	0.01061	0.07170	0.49050	0.00506	0.00918	0.00473	0.00283	0.00506
33	0.01592	0.10917	0.01452	0.04273	0.01460	0.47287	0.02587	0.20890	0.02709	0.01556	0.00815	0.00912	0.00645	0.00477	0.00412	0.00122	0.00685	0.00328	0.00285	0.00596
34	0.00677	0.00501	0.00729	0.00722	0.00807	0.00579	0.00559	0.02682	0.00764	0.01102	0.01223	0.01801	0.01142	0.05951	0.76044	0.00692	0.01151	0.00488	0.01977	0.00409
35	0.01122	0.01077	0.01839	0.02781	0.81248	0.01077	0.01391	0.01391	0.01032	0.01480	0.00852	0.01122	0.00718	0.00404	0.00449	0.00135	0.00538	0.00404	0.00224	0.00718
36	0.00831	0.00632	0.00788	0.00725	0.00804	0.00722	0.00533	0.10122	0.03365	0.01229	0.01296	0.02128	0.02717	0.34946	0.27360	0.00454	0.10102	0.00545	0.00285	0.00415
37	0.01256	0.01071	0.01095	0.00953	0.01228	0.04175	0.00749	0.16433	0.63282	0.02041	0.01665	0.01549	0.01242	0.00596	0.00458	0.00149	0.00401	0.00485	0.00451	0.00720
38	0.00677	0.00471	0.00612	0.00606	0.00647	0.00508	0.00413	0.02063	0.00711	0.00983	0.01309	0.02374	0.01384	0.45479	0.36254	0.03573	0.00768	0.00572	0.00261	0.00336
39	0.01631	0.01164	0.01252	0.00972	0.01305	0.01278	0.00799	0.69166	0.01979	0.04780	0.01163	0.02296	0.00847	0.00555	0.00442	0.00134	0.00465	0.00423	0.08616	0.00732
40	0.00785	0.00501	0.00644	0.00590	0.00725	0.00463	0.00449	0.01013	0.02907	0.09287	0.66242	0.03158	0.06850	0.00881	0.00518	0.00142	0.00233	0.00771	0.03377	0.00464
41	0.00922	0.04396	0.74488	0.01336	0.05562	0.01064	0.01617	0.01419	0.00955	0.01420	0.00818	0.00973	0.00591	0.00483	0.01937	0.00153	0.00669	0.00338	0.00194	0.00665
42	0.00550	0.00446	0.00488	0.00506	0.00628	0.00384	0.00369	0.00667	0.01024	0.01271	0.11974	0.20762	0.56987	0.01181	0.00544	0.00158	0.00235	0.01011	0.00429	0.00384
43	0.00912	0.00565	0.00708	0.00619	0.00792	0.00520	0.00479	0.05324	0.01279	0.12666	0.52845	0.02831	0.07426	0.00813	0.00496	0.00136	0.00260	0.00702	0.05306	0.05320
44	0.00940	0.00805	0.00940	0.00671	0.01074	0.00604	0.00537	0.01141	0.00940	0.01477	0.00805	0.00940	0.00671	0.00336	0.00336	0.00067	0.00336	0.00268	0.00268	0.86845
45	0.00567	0.00457	0.00505	0.00499	0.00633	0.00395	0.00372	0.00709	0.01098	0.01393	0.26686	0.07677	0.55228	0.01096	0.00537	0.00151	0.00226	0.00932	0.00443	0.00395
46	0.00957	0.00531	0.00543	0.00502	0.00641	0.00549	0.00387	0.11156	0.01102	0.01839	0.01428	0.01612	0.01111	0.00530	0.00334	0.00109	0.00248	0.00420	0.75534	0.00467
47	0.01050	0.01004	0.01704	0.23475	0.59057	0.01066	0.01347	0.01323	0.00991	0.01387	0.00834	0.01141	0.00685	0.00426	0.00476	0.00140	0.02617	0.00403	0.00218	0.00657
48	0.07584	0.59766	0.15080	0.00870	0.01286	0.06560	0.00906	0.01396	0.00938	0.01201	0.00664	0.00770	0.00574	0.00402	0.00320	0.00109	0.00525	0.00261	0.00202	0.00586
49	0.01357	0.57163	0.02008	0.00873	0.01224	0.16245	0.00795	0.11494	0.01142	0.01316	0.00718	0.00809	0.00618	0.00425	0.00333	0.00106	0.00541	0.00276	0.01963	0.00592
50	0.00624	0.00433	0.00555	0.00599	0.00674	0.00395	0.00421	0.00744	0.01006	0.04136	0.22027	0.50614	0.13621	0.01232	0.00558	0.00168	0.00251	0.01100	0.00445	0.00399
51	0.00630	0.00463	0.00590	0.00558	0.00670	0.00423	0.00419	0.00834	0.01256	0.01755	0.72991	0.03487	0.12333	0.00950	0.00535	0.00144	0.00215	0.00834	0.00491	0.00423
52	0.01037	0.00490	0.00559	0.00512	0.00661	0.00472	0.00396	0.01240	0.01025	0.15992	0.06621	0.01775	0.01353	0.00670	0.03528	0.00138	0.00281	0.00456	0.62307	0.00485
