[name]
unknown

[dist]
# distance from previous block
# <min> <max>
0	88

[block]
# block no. 0 follows, 61 sequences, length 15
# corresponding to MSA columns:
# 124-138
name=unknown_A
#
# <colnr> <probs for GDERKNQSTAVLIFYWHMCP>
#	G	D	E	R	K	N	Q	S	T	A	V	L	I	F	Y	W	H	M	C	P
0	0.00625	0.00466	0.00693	0.00705	0.00785	0.00533	0.00558	0.00785	0.00730	0.01036	0.01294	0.02086	0.01251	0.02977	0.72883	0.00631	0.01060	0.10267	0.00251	0.00386
1	0.01232	0.02373	0.02350	0.03911	0.01017	0.00666	0.04131	0.05595	0.04606	0.32176	0.01459	0.05788	0.01245	0.27022	0.04303	0.00247	0.00444	0.00528	0.00380	0.00529
2	0.01213	0.00952	0.05420	0.00831	0.01055	0.10992	0.00681	0.08197	0.12526	0.20680	0.08880	0.14164	0.01512	0.00892	0.06811	0.00183	0.03488	0.00564	0.00392	0.00567
3	0.11648	0.00774	0.01210	0.73468	0.02701	0.00958	0.01105	0.01121	0.00845	0.01204	0.00745	0.01093	0.00561	0.00427	0.00410	0.00142	0.00544	0.00364	0.00201	0.00477
4	0.00693	0.00611	0.00611	0.00669	0.00732	0.10679	0.00463	0.03152	0.00916	0.01145	0.02197	0.68563	0.05527	0.01202	0.00525	0.00164	0.00321	0.01069	0.00379	0.00381
5	0.01042	0.00897	0.08016	0.01131	0.13288	0.00870	0.00841	0.02666	0.09763	0.13611	0.05272	0.06544	0.06109	0.00702	0.00682	0.01386	0.18607	0.05031	0.02985	0.00557
6	0.00953	0.02214	0.15192	0.04345	0.09074	0.02659	0.07826	0.04685	0.06145	0.06606	0.11324	0.08007	0.03840	0.00693	0.02171	0.00154	0.05959	0.03766	0.03844	0.00545
7	0.00704	0.00523	0.00664	0.00713	0.00800	0.02891	0.01966	0.03130	0.00946	0.03358	0.02240	0.38260	0.05787	0.05235	0.00633	0.00190	0.00346	0.30833	0.00388	0.00394
8	0.00864	0.00824	0.03024	0.39458	0.27179	0.00886	0.01089	0.01159	0.03851	0.01305	0.10991	0.05339	0.01176	0.00521	0.00444	0.00139	0.00486	0.00475	0.00252	0.00538
9	0.01127	0.10453	0.05269	0.05170	0.07173	0.17030	0.01923	0.03725	0.07477	0.02889	0.00838	0.00951	0.00673	0.00396	0.00364	0.00099	0.00480	0.00305	0.00256	0.33403
10	0.02124	0.00620	0.00868	0.15524	0.06354	0.00630	0.02173	0.04071	0.02789	0.10652	0.07938	0.19134	0.15570	0.03520	0.02962	0.00172	0.00386	0.02529	0.00357	0.01628
11	0.00738	0.00637	0.00638	0.00652	0.00747	0.10699	0.00471	0.02961	0.01035	0.02679	0.23709	0.40518	0.09115	0.01051	0.00511	0.00153	0.00311	0.02571	0.00401	0.00402
12	0.00890	0.02412	0.21444	0.01171	0.07537	0.00884	0.13172	0.02935	0.09175	0.03391	0.04202	0.09132	0.09072	0.00738	0.03504	0.00167	0.06697	0.02638	0.00289	0.00551
13	0.01244	0.05998	0.16322	0.03416	0.18789	0.02177	0.08206	0.18148	0.03330	0.11333	0.00969	0.01068	0.00713	0.00435	0.00417	0.00127	0.00514	0.00374	0.00298	0.06122
14	0.01132	0.00999	0.02937	0.17355	0.06656	0.15605	0.04042	0.06947	0.02883	0.12709	0.05737	0.13539	0.06321	0.00650	0.00452	0.00138	0.00483	0.00554	0.00328	0.00532

[dist]
# distance from previous block
# <min> <max>
0	1

[block]
# block no. 1 follows, 61 sequences, length 6
# corresponding to MSA columns:
# 140-145
name=unknown_B
#
# <colnr> <probs for GDERKNQSTAVLIFYWHMCP>
#	G	D	E	R	K	N	Q	S	T	A	V	L	I	F	Y	W	H	M	C	P
0	0.01086	0.03187	0.11724	0.08265	0.16000	0.05160	0.11021	0.07414	0.04119	0.09846	0.07778	0.04976	0.04107	0.00554	0.00450	0.00137	0.00498	0.02785	0.00307	0.00587
1	0.01026	0.04058	0.12882	0.15410	0.09728	0.04482	0.15062	0.04172	0.05974	0.05386	0.00970	0.05151	0.00787	0.00467	0.00452	0.00131	0.02654	0.00422	0.00256	0.10529
2	0.01190	0.00959	0.06495	0.12113	0.23320	0.03838	0.02594	0.03960	0.04270	0.20145	0.01180	0.07367	0.00969	0.04904	0.00577	0.00154	0.04582	0.00468	0.00314	0.00601
3	0.00706	0.00381	0.00542	0.00551	0.00562	0.00374	0.00366	0.00572	0.00615	0.00811	0.01161	0.08854	0.06213	0.06690	0.01541	0.68765	0.00356	0.00499	0.00224	0.00217
4	0.43971	0.07739	0.05910	0.03301	0.13370	0.01030	0.00744	0.06214	0.00900	0.03619	0.00838	0.00956	0.03456	0.00441	0.00369	0.00130	0.03306	0.00309	0.00263	0.03133
5	0.13037	0.24196	0.03929	0.00973	0.08579	0.07382	0.02122	0.08648	0.05544	0.05410	0.02213	0.00963	0.00722	0.00433	0.00379	0.00114	0.02892	0.00315	0.02423	0.09726

[dist]
# distance from previous block
# <min> <max>
1	36

[block]
# block no. 2 follows, 61 sequences, length 8
# corresponding to MSA columns:
# 182-189
name=unknown_C
#
# <colnr> <probs for GDERKNQSTAVLIFYWHMCP>
#	G	D	E	R	K	N	Q	S	T	A	V	L	I	F	Y	W	H	M	C	P
0	0.00722	0.00607	0.04298	0.00699	0.02545	0.00522	0.03007	0.00893	0.01003	0.05429	0.28507	0.14650	0.14761	0.04663	0.02948	0.00169	0.03852	0.02521	0.00380	0.07823
1	0.00945	0.10087	0.05108	0.14710	0.16078	0.03232	0.00814	0.04530	0.03390	0.01419	0.04607	0.03347	0.02458	0.00488	0.00380	0.00118	0.00410	0.00408	0.21782	0.05689
2	0.01018	0.00989	0.01528	0.28435	0.33472	0.04675	0.06941	0.03750	0.08935	0.01354	0.00884	0.01134	0.00699	0.00439	0.00473	0.00138	0.03909	0.00398	0.00235	0.00594
3	0.00547	0.00403	0.00512	0.00558	0.00624	0.00368	0.00391	0.00663	0.00962	0.01289	0.25397	0.49000	0.15351	0.01176	0.00532	0.00159	0.00232	0.01049	0.00421	0.00368
4	0.00891	0.00620	0.00767	0.00776	0.04428	0.00647	0.00557	0.12389	0.06786	0.06456	0.03305	0.33203	0.05316	0.01062	0.05725	0.00185	0.03331	0.02989	0.10085	0.00482
5	0.08624	0.40182	0.23189	0.01090	0.08093	0.05257	0.05597	0.01336	0.00905	0.01241	0.00681	0.00812	0.00560	0.00387	0.00342	0.00114	0.00531	0.00285	0.00197	0.00577
6	0.00749	0.00450	0.00585	0.00601	0.00702	0.00408	0.00437	0.00868	0.00976	0.13124	0.15880	0.45756	0.12662	0.01113	0.00522	0.00159	0.00261	0.03895	0.00432	0.00419
7	0.03987	0.03223	0.19065	0.14675	0.12825	0.02621	0.11434	0.01304	0.04832	0.05764	0.12229	0.03936	0.01206	0.00512	0.00440	0.00137	0.00508	0.00463	0.00275	0.00566

[dist]
# distance from previous block
# <min> <max>
0	2

[block]
# block no. 3 follows, 61 sequences, length 34
# corresponding to MSA columns:
# 192-225
name=unknown_D
#
# <colnr> <probs for GDERKNQSTAVLIFYWHMCP>
#	G	D	E	R	K	N	Q	S	T	A	V	L	I	F	Y	W	H	M	C	P
0	0.07935	0.01145	0.11277	0.02543	0.08087	0.04912	0.20613	0.09309	0.04273	0.06596	0.03872	0.03645	0.00903	0.00472	0.00427	0.00130	0.00514	0.01757	0.01601	0.09988
1	0.45456	0.25472	0.02662	0.00698	0.01003	0.06124	0.00617	0.07115	0.00910	0.02743	0.00667	0.00762	0.00540	0.00457	0.01876	0.00129	0.00429	0.00255	0.00253	0.01831
2	0.00925	0.07694	0.35985	0.03106	0.12211	0.01012	0.14683	0.02985	0.03390	0.01380	0.04948	0.04882	0.02640	0.00488	0.00449	0.00136	0.01820	0.00437	0.00234	0.00595
3	0.00951	0.05442	0.13969	0.02468	0.20265	0.04844	0.03778	0.02753	0.03563	0.04900	0.02086	0.19176	0.04753	0.00666	0.00495	0.00140	0.04741	0.00573	0.00284	0.04154
4	0.00801	0.00452	0.00489	0.00465	0.00582	0.00450	0.01292	0.04345	0.00985	0.01626	0.09605	0.01887	0.06080	0.00623	0.01864	0.00119	0.00237	0.00471	0.67212	0.00416
5	0.00700	0.00421	0.00526	0.00516	0.00593	0.00401	0.00368	0.00752	0.00854	0.03695	0.16072	0.05729	0.16556	0.07600	0.05067	0.24492	0.00324	0.00609	0.14394	0.00332
6	0.00583	0.00433	0.00524	0.00511	0.00619	0.00390	0.00380	0.00750	0.01110	0.01518	0.50963	0.09615	0.25525	0.00959	0.00503	0.00140	0.00211	0.00834	0.04043	0.00390
7	0.00662	0.00473	0.00554	0.00521	0.00658	0.00426	0.00393	0.00856	0.04008	0.06204	0.39995	0.03442	0.36744	0.02502	0.00533	0.00145	0.00228	0.00800	0.00441	0.00415
8	0.87904	0.00833	0.00633	0.00566	0.00833	0.00966	0.00467	0.01266	0.00733	0.01933	0.00600	0.00700	0.00467	0.00400	0.00267	0.00133	0.00333	0.00233	0.00267	0.00467
9	0.01080	0.00935	0.00970	0.00867	0.01106	0.02941	0.00675	0.05440	0.71594	0.01818	0.06359	0.01658	0.01433	0.00596	0.00441	0.00144	0.00348	0.00495	0.00435	0.00664
10	0.00600	0.00422	0.00514	0.00546	0.00636	0.00376	0.00388	0.00709	0.00952	0.05154	0.14311	0.42548	0.28946	0.01158	0.00525	0.00158	0.00238	0.01019	0.00417	0.00381
11	0.00673	0.00451	0.00596	0.00585	0.00639	0.00479	0.00408	0.00760	0.00715	0.04264	0.05964	0.02286	0.01473	0.40267	0.38026	0.00512	0.00730	0.00554	0.00271	0.00344
12	0.00947	0.00825	0.01336	0.01938	0.53724	0.00824	0.01042	0.01182	0.00972	0.01406	0.01247	0.01938	0.02693	0.00571	0.00444	0.00138	0.00442	0.15749	0.11999	0.00583
13	0.02028	0.14575	0.19760	0.11013	0.02897	0.03132	0.04874	0.04660	0.04834	0.06976	0.00900	0.02741	0.00738	0.00529	0.00596	0.00142	0.16365	0.02427	0.00246	0.00567
14	0.00825	0.00621	0.00958	0.00901	0.01068	0.00607	0.11220	0.04860	0.01061	0.05396	0.05353	0.06058	0.06779	0.01002	0.00558	0.00178	0.00420	0.51300	0.00385	0.00451
15	0.01123	0.01179	0.16381	0.05830	0.29220	0.01957	0.04166	0.07260	0.01057	0.10601	0.00968	0.01105	0.01993	0.00418	0.00411	0.00121	0.00494	0.00368	0.00269	0.15078
16	0.00668	0.00429	0.00586	0.00638	0.00693	0.00420	0.00451	0.00752	0.00833	0.07561	0.02086	0.62767	0.02381	0.01473	0.09440	0.03247	0.02475	0.02336	0.00380	0.00382
17	0.01016	0.00994	0.01751	0.15867	0.58116	0.01028	0.10136	0.01285	0.00957	0.01344	0.00803	0.01087	0.00658	0.00399	0.00462	0.00134	0.02724	0.00397	0.00210	0.00632
18	0.00875	0.00746	0.00874	0.00636	0.01001	0.00563	0.00505	0.01061	0.00890	0.01389	0.00845	0.05037	0.00748	0.00370	0.00330	0.00069	0.00316	0.00303	0.00262	0.83180
19	0.01524	0.07492	0.01275	0.00966	0.01257	0.25499	0.00779	0.44298	0.03699	0.02003	0.00937	0.00986	0.00707	0.00485	0.00399	0.00120	0.00541	0.00347	0.06059	0.00627
20	0.00563	0.00459	0.00500	0.00486	0.00623	0.00407	0.00366	0.00748	0.04618	0.01353	0.26466	0.03767	0.56100	0.01008	0.00506	0.00143	0.00219	0.00853	0.00423	0.00390
21	0.00532	0.00383	0.00506	0.00602	0.00636	0.00358	0.00411	0.00615	0.00840	0.01112	0.02458	0.77147	0.06343	0.01330	0.00550	0.00175	0.00256	0.04994	0.00400	0.00353
22	0.01038	0.23766	0.11234	0.16343	0.23914	0.05276	0.06212	0.01289	0.00922	0.01205	0.00726	0.00948	0.00599	0.00410	0.00434	0.00125	0.04445	0.00337	0.00197	0.00580
23	0.01031	0.34371	0.41532	0.01060	0.01563	0.01300	0.06228	0.05949	0.00968	0.01307	0.00727	0.00848	0.00566	0.00397	0.00365	0.00119	0.00564	0.00300	0.00200	0.00606
24	0.00552	0.00428	0.00517	0.00535	0.00635	0.00393	0.00395	0.00682	0.00968	0.01260	0.20626	0.21964	0.35759	0.01331	0.09211	0.00209	0.00326	0.03438	0.00398	0.00373
25	0.04057	0.01049	0.05116	0.00885	0.01194	0.02190	0.00746	0.41601	0.10509	0.15560	0.03344	0.06187	0.04403	0.00598	0.00437	0.00136	0.00419	0.00476	0.00426	0.00666
26	0.01085	0.12716	0.26723	0.08131	0.24670	0.09262	0.05081	0.01390	0.00972	0.04908	0.00795	0.00968	0.00617	0.00405	0.00402	0.00126	0.00579	0.00341	0.00213	0.00614
27	0.05285	0.23686	0.43463	0.01010	0.01480	0.04775	0.02707	0.01329	0.01894	0.02837	0.03115	0.04981	0.00776	0.00462	0.00379	0.00126	0.00544	0.00354	0.00218	0.00581
28	0.00987	0.05946	0.04623	0.12091	0.03466	0.08228	0.11508	0.01270	0.08173	0.01194	0.01989	0.03696	0.01812	0.00650	0.02568	0.00166	0.30456	0.00426	0.00232	0.00517
29	0.03326	0.05251	0.02863	0.04753	0.05981	0.17483	0.11008	0.08097	0.06826	0.01294	0.01024	0.04576	0.03099	0.01726	0.04106	0.13971	0.03443	0.00426	0.00258	0.00490
30	0.04282	0.04725	0.02985	0.00625	0.00761	0.00542	0.01473	0.00892	0.06559	0.03572	0.12647	0.35895	0.19334	0.01028	0.00496	0.00154	0.00281	0.02937	0.00391	0.00421
31	0.02939	0.00732	0.02181	0.00775	0.02174	0.02976	0.03575	0.08328	0.06824	0.22975	0.09779	0.16408	0.13275	0.00792	0.00473	0.00144	0.00348	0.03134	0.00425	0.01743
32	0.01003	0.00707	0.00883	0.00689	0.00995	0.00587	0.02436	0.01227	0.04838	0.14409	0.01301	0.09631	0.04392	0.00673	0.05193	0.00132	0.00375	0.00438	0.00327	0.49764
33	0.01008	0.09295	0.03891	0.01107	0.01445	0.00889	0.28968	0.02524	0.00965	0.08148	0.02073	0.10003	0.00966	0.00620	0.04125	0.00148	0.02523	0.00483	0.00275	0.20544

[dist]
# distance from previous block
# <min> <max>
3	14

[block]
# block no. 4 follows, 61 sequences, length 6
# corresponding to MSA columns:
# 240-245
name=unknown_E
#
# <colnr> <probs for GDERKNQSTAVLIFYWHMCP>
#	G	D	E	R	K	N	Q	S	T	A	V	L	I	F	Y	W	H	M	C	P
0	0.01093	0.03764	0.01446	0.05829	0.39847	0.11917	0.01042	0.03853	0.07078	0.01340	0.00866	0.01094	0.00726	0.00672	0.07181	0.00175	0.07611	0.00374	0.00237	0.03857
1	0.00723	0.00463	0.00649	0.00639	0.00713	0.00498	0.00470	0.00823	0.00727	0.07545	0.01321	0.08879	0.01307	0.19188	0.49092	0.04934	0.00826	0.00552	0.00273	0.00375
2	0.07849	0.00643	0.00729	0.00687	0.02255	0.02495	0.02444	0.04971	0.12130	0.03530	0.20315	0.06398	0.14082	0.06902	0.02960	0.00176	0.00338	0.04455	0.06178	0.00463
3	0.05569	0.16133	0.05742	0.00946	0.01259	0.04632	0.00830	0.40484	0.04872	0.04797	0.00909	0.00969	0.00689	0.00506	0.00502	0.00130	0.09706	0.00349	0.00335	0.00642
4	0.06384	0.17033	0.13637	0.00891	0.04766	0.00967	0.03094	0.06808	0.05051	0.04592	0.01195	0.04346	0.07323	0.00554	0.02249	0.00126	0.00437	0.00394	0.00277	0.19875
5	0.04924	0.25004	0.20807	0.01087	0.06990	0.06525	0.04091	0.11600	0.05533	0.08275	0.00881	0.00952	0.00669	0.00430	0.00376	0.00121	0.00518	0.00327	0.00268	0.00621

[dist]
# distance from previous block
# <min> <max>
0	6

[block]
# block no. 5 follows, 61 sequences, length 17
# corresponding to MSA columns:
# 252-268
name=unknown_F
#
# <colnr> <probs for GDERKNQSTAVLIFYWHMCP>
#	G	D	E	R	K	N	Q	S	T	A	V	L	I	F	Y	W	H	M	C	P
0	0.01129	0.66802	0.01937	0.00722	0.01064	0.03375	0.00691	0.01301	0.03426	0.04493	0.01004	0.01051	0.07412	0.00443	0.00312	0.00099	0.00435	0.00306	0.00228	0.03770
1	0.00975	0.04626	0.12846	0.06816	0.10986	0.02684	0.13749	0.11451	0.01886	0.01444	0.05321	0.03434	0.05832	0.07811	0.02515	0.00173	0.04522	0.00479	0.00271	0.02179
2	0.00619	0.00468	0.00580	0.00607	0.00700	0.00456	0.00449	0.02576	0.06063	0.01329	0.18875	0.34691	0.16771	0.01250	0.05884	0.00194	0.00316	0.07367	0.00407	0.00400
3	0.00715	0.00728	0.10837	0.00696	0.00871	0.00568	0.00622	0.06021	0.01039	0.01395	0.19792	0.04423	0.17206	0.12507	0.00758	0.00192	0.01558	0.19279	0.00368	0.00426
4	0.00569	0.00393	0.00516	0.00600	0.00638	0.00368	0.00409	0.00649	0.00836	0.02868	0.02366	0.71369	0.05452	0.06079	0.00642	0.00188	0.00268	0.05038	0.00395	0.00356
5	0.00864	0.02228	0.82630	0.01228	0.01864	0.01000	0.01592	0.01364	0.00909	0.01364	0.00773	0.00909	0.00546	0.00409	0.00409	0.00136	0.00637	0.00318	0.00182	0.00637
6	0.01184	0.79458	0.02192	0.00754	0.01121	0.01680	0.00743	0.06651	0.00953	0.01128	0.00628	0.00714	0.00565	0.00379	0.00287	0.00095	0.00462	0.00241	0.00201	0.00565
7	0.00998	0.21983	0.51599	0.01088	0.01603	0.06480	0.02968	0.01382	0.02333	0.02489	0.00767	0.00895	0.00585	0.00478	0.02498	0.00139	0.00609	0.00307	0.00197	0.00602
8	0.07054	0.05658	0.01059	0.00928	0.06503	0.00965	0.00694	0.32920	0.04911	0.01880	0.04543	0.17751	0.01404	0.00890	0.05811	0.00178	0.00445	0.05467	0.00372	0.00567
9	0.37395	0.00983	0.03245	0.01155	0.01498	0.00972	0.36364	0.01346	0.00902	0.07137	0.00879	0.04715	0.00699	0.00435	0.00402	0.00141	0.00514	0.00416	0.00267	0.00534
10	0.00814	0.00758	0.01222	0.73471	0.02706	0.00931	0.01112	0.01153	0.06303	0.01152	0.01038	0.01350	0.05269	0.00479	0.00436	0.00144	0.00538	0.00420	0.00220	0.00486
11	0.00619	0.00444	0.00545	0.00540	0.00653	0.00401	0.00406	0.00773	0.01069	0.04419	0.37944	0.14630	0.28381	0.01060	0.02120	0.00158	0.00248	0.04760	0.00434	0.00396
12	0.00916	0.06242	0.01268	0.29525	0.19032	0.00897	0.02421	0.05272	0.03680	0.03535	0.09873	0.05191	0.06274	0.01710	0.00467	0.00141	0.00456	0.02284	0.00284	0.00531
13	0.00546	0.00379	0.00497	0.00584	0.00618	0.00356	0.00394	0.00635	0.00846	0.01159	0.05659	0.75778	0.02787	0.01275	0.00532	0.00168	0.00245	0.01152	0.06034	0.00356
14	0.01960	0.01914	0.10759	0.00867	0.02400	0.03916	0.02141	0.14895	0.21296	0.05647	0.18364	0.04560	0.06178	0.00647	0.00448	0.00137	0.00385	0.00540	0.02363	0.00583
15	0.71334	0.05101	0.01997	0.00622	0.00887	0.06131	0.00518	0.02401	0.00800	0.01800	0.02457	0.00826	0.00592	0.02687	0.00336	0.00138	0.00373	0.00262	0.00265	0.00472
16	0.04985	0.20427	0.04918	0.01999	0.06806	0.18795	0.00779	0.09490	0.07629	0.05648	0.00972	0.03196	0.01589	0.00560	0.01280	0.04462	0.00507	0.01165	0.02618	0.02176

[dist]
# distance from previous block
# <min> <max>
4	13

[block]
# block no. 6 follows, 61 sequences, length 14
# corresponding to MSA columns:
# 282-295
name=unknown_G
#
# <colnr> <probs for GDERKNQSTAVLIFYWHMCP>
#	G	D	E	R	K	N	Q	S	T	A	V	L	I	F	Y	W	H	M	C	P
0	0.03648	0.03165	0.08602	0.04775	0.14106	0.04086	0.09192	0.10266	0.06083	0.10076	0.04317	0.07291	0.02783	0.01700	0.00479	0.00141	0.01699	0.03277	0.02128	0.02187
1	0.00806	0.00525	0.00649	0.00630	0.00742	0.00516	0.00462	0.08396	0.00969	0.07269	0.05515	0.31240	0.04316	0.12759	0.08447	0.00237	0.00392	0.04927	0.06718	0.04485
2	0.00770	0.00503	0.00649	0.04452	0.00806	0.00474	0.00464	0.00988	0.03713	0.10699	0.54447	0.02983	0.13525	0.02972	0.00537	0.00144	0.00251	0.00725	0.00451	0.00446
3	0.01103	0.00941	0.00992	0.00883	0.01132	0.01086	0.00689	0.06635	0.77000	0.01852	0.01713	0.01575	0.01283	0.00581	0.00438	0.00145	0.00348	0.00482	0.00438	0.00685
4	0.87904	0.00833	0.00633	0.00566	0.00833	0.00966	0.00467	0.01266	0.00733	0.01933	0.00600	0.00700	0.00467	0.00400	0.00267	0.00133	0.00333	0.00233	0.00267	0.00467
5	0.00843	0.00582	0.00669	0.00616	0.00774	0.00588	0.00474	0.04705	0.16859	0.05852	0.28560	0.06326	0.10248	0.00763	0.00451	0.00134	0.00262	0.03144	0.16016	0.02133
6	0.00634	0.00507	0.00562	0.00535	0.00661	0.02803	0.00402	0.00853	0.04953	0.01524	0.47787	0.03317	0.29073	0.00909	0.00495	0.00137	0.00231	0.00780	0.03427	0.00408
7	0.00748	0.00465	0.00584	0.00573	0.00693	0.00430	0.00444	0.00918	0.01069	0.09123	0.33149	0.10417	0.14513	0.02510	0.00526	0.00151	0.00258	0.12489	0.10521	0.00421
8	0.14865	0.00774	0.00961	0.00749	0.01073	0.00722	0.00618	0.06322	0.01201	0.65932	0.01497	0.01327	0.00958	0.00512	0.00408	0.00133	0.00367	0.00401	0.00487	0.00693
9	0.00676	0.00446	0.00573	0.00557	0.00661	0.00406	0.00409	0.00834	0.01097	0.07276	0.49130	0.20378	0.11809	0.03093	0.00554	0.00152	0.00232	0.00858	0.00449	0.00410
10	0.00758	0.00611	0.00823	0.07431	0.06372	0.02132	0.00651	0.07538	0.00934	0.01255	0.01690	0.35512	0.01853	0.03770	0.11381	0.00243	0.05490	0.10791	0.00331	0.00432
11	0.87904	0.00833	0.00633	0.00566	0.00833	0.00966	0.00467	0.01266	0.00733	0.01933	0.00600	0.00700	0.00467	0.00400	0.00267	0.00133	0.00333	0.00233	0.00267	0.00467
12	0.03883	0.00830	0.01086	0.10922	0.14553	0.02220	0.00812	0.11346	0.12200	0.05909	0.08338	0.01656	0.02212	0.02334	0.04974	0.00176	0.06501	0.04371	0.05115	0.00560
13	0.00902	0.03646	0.49510	0.01177	0.03081	0.00983	0.08564	0.01401	0.10328	0.02638	0.03362	0.04071	0.03479	0.00510	0.00477	0.00141	0.04458	0.00422	0.00244	0.00604

[dist]
# distance from previous block
# <min> <max>
0	2

[block]
# block no. 7 follows, 61 sequences, length 23
# corresponding to MSA columns:
# 298-320
name=unknown_H
#
# <colnr> <probs for GDERKNQSTAVLIFYWHMCP>
#	G	D	E	R	K	N	Q	S	T	A	V	L	I	F	Y	W	H	M	C	P
0	0.07144	0.13909	0.06365	0.03135	0.05554	0.13875	0.05644	0.07860	0.15529	0.03131	0.01179	0.06977	0.02701	0.02839	0.00455	0.00139	0.00489	0.02215	0.00299	0.00562
1	0.05282	0.21238	0.11289	0.05022	0.08413	0.07333	0.05491	0.09996	0.01085	0.11918	0.00931	0.04086	0.00742	0.00456	0.00384	0.00120	0.00499	0.00363	0.00279	0.05072
2	0.06727	0.25460	0.06298	0.00938	0.04320	0.18068	0.00795	0.11824	0.01152	0.14536	0.00875	0.00918	0.00664	0.00432	0.00360	0.00112	0.00509	0.00306	0.00290	0.05416
3	0.82857	0.05737	0.00728	0.00576	0.00849	0.01009	0.00482	0.01268	0.00741	0.01879	0.00600	0.00699	0.00472	0.00398	0.00267	0.00131	0.00341	0.00233	0.00262	0.00472
4	0.01001	0.14309	0.11525	0.05289	0.24467	0.03892	0.00963	0.07407	0.05516	0.01392	0.04421	0.02969	0.09770	0.03369	0.00490	0.00138	0.01788	0.00450	0.00269	0.00575
5	0.00623	0.00416	0.00471	0.00474	0.00475	0.00415	0.00265	0.00626	0.00633	0.00843	0.01389	0.05375	0.01606	0.82251	0.02141	0.00410	0.00412	0.00645	0.00265	0.00264
6	0.00859	0.03860	0.22066	0.01048	0.01354	0.04888	0.16766	0.01167	0.04288	0.01285	0.04589	0.10043	0.03911	0.07576	0.02441	0.00179	0.03775	0.04597	0.04804	0.00503
7	0.00673	0.00455	0.00589	0.00547	0.00664	0.00416	0.00413	0.00868	0.01206	0.05902	0.73039	0.03183	0.08655	0.00875	0.00504	0.00136	0.00213	0.00769	0.00473	0.00421
8	0.00905	0.05755	0.31169	0.01069	0.07214	0.08086	0.03583	0.05461	0.01029	0.01354	0.05505	0.04914	0.17894	0.00635	0.00457	0.00137	0.01818	0.02201	0.00275	0.00540
9	0.01139	0.66525	0.10875	0.04081	0.03773	0.01531	0.00861	0.01327	0.00897	0.04648	0.00679	0.00778	0.00579	0.00383	0.00308	0.00102	0.00482	0.00259	0.00201	0.00571
10	0.00682	0.00508	0.00621	0.00597	0.00698	0.00512	0.00449	0.03787	0.02746	0.02811	0.20031	0.08629	0.24253	0.11265	0.07360	0.03875	0.05122	0.05295	0.00370	0.00390
11	0.00819	0.00538	0.00686	0.02226	0.07710	0.00526	0.02254	0.03961	0.02270	0.04996	0.08320	0.12185	0.13813	0.00727	0.00416	0.00128	0.00278	0.02234	0.35463	0.00450
12	0.00712	0.02319	0.03375	0.00628	0.00718	0.00562	0.01381	0.02562	0.05194	0.01072	0.06141	0.04891	0.04453	0.33371	0.16265	0.10254	0.02245	0.01514	0.00278	0.02063
13	0.01331	0.00729	0.00959	0.00770	0.02864	0.00626	0.02116	0.03237	0.02370	0.36976	0.05565	0.04369	0.01125	0.00646	0.04820	0.00141	0.00392	0.00421	0.00398	0.30145
14	0.28028	0.28072	0.13006	0.00807	0.01160	0.01243	0.02350	0.11764	0.02656	0.01596	0.00798	0.00912	0.02145	0.02163	0.00381	0.00127	0.01684	0.00299	0.00254	0.00554
15	0.02411	0.00510	0.00656	0.00731	0.05446	0.00492	0.00498	0.05002	0.00953	0.01343	0.08973	0.43395	0.04793	0.02201	0.02385	0.00169	0.00308	0.07062	0.07299	0.05375
16	0.05502	0.00795	0.01001	0.02682	0.04263	0.02509	0.03500	0.02688	0.01019	0.23875	0.03431	0.04484	0.00936	0.00452	0.00380	0.00102	0.00368	0.00377	0.00343	0.41292
17	0.00976	0.04937	0.02490	0.04614	0.02917	0.03948	0.03371	0.05214	0.02149	0.05107	0.07814	0.04245	0.02375	0.00520	0.02170	0.00109	0.00394	0.00386	0.00294	0.45969
18	0.01013	0.01166	0.05039	0.01628	0.07716	0.06214	0.55403	0.01324	0.01003	0.01345	0.02507	0.01252	0.02041	0.03545	0.00541	0.00146	0.00652	0.00476	0.00229	0.06762
19	0.00933	0.02112	0.05017	0.01044	0.15701	0.05350	0.00709	0.04717	0.04557	0.03848	0.07824	0.08831	0.11707	0.00610	0.00419	0.00118	0.00375	0.00519	0.03562	0.22049
20	0.01000	0.04142	0.16801	0.06389	0.06657	0.03552	0.03639	0.05590	0.06381	0.04689	0.03339	0.03503	0.00855	0.00507	0.02210	0.00125	0.01410	0.00372	0.00272	0.28569
21	0.00879	0.00689	0.00905	0.19812	0.04702	0.03743	0.00701	0.04405	0.04008	0.06768	0.05243	0.16840	0.04333	0.04990	0.07082	0.02526	0.00465	0.02781	0.00313	0.08815
22	0.04231	0.02608	0.02814	0.00832	0.05456	0.01810	0.03928	0.05628	0.02042	0.07344	0.01113	0.03739	0.04717	0.00705	0.03556	0.11735	0.00408	0.01503	0.00284	0.35546

[dist]
# distance from previous block
# <min> <max>
0	33

[block]
# block no. 8 follows, 61 sequences, length 16
# corresponding to MSA columns:
# 360-375
name=unknown_I
#
# <colnr> <probs for GDERKNQSTAVLIFYWHMCP>
#	G	D	E	R	K	N	Q	S	T	A	V	L	I	F	Y	W	H	M	C	P
0	0.07783	0.14965	0.11010	0.05933	0.06426	0.07917	0.04052	0.14111	0.09184	0.04137	0.02905	0.02079	0.03266	0.00482	0.00391	0.00125	0.00483	0.00379	0.01576	0.02795
1	0.08254	0.43816	0.03370	0.08471	0.06597	0.05208	0.03696	0.06939	0.00983	0.03351	0.00712	0.00838	0.00590	0.00394	0.00333	0.00108	0.00483	0.00286	0.00227	0.05344
2	0.15223	0.00964	0.06186	0.28812	0.15858	0.03032	0.03171	0.04053	0.05485	0.01462	0.04618	0.01136	0.00791	0.00439	0.00398	0.00131	0.00484	0.00370	0.00249	0.07139
3	0.00734	0.00575	0.00869	0.01080	0.19148	0.00605	0.00643	0.00868	0.02608	0.01069	0.01208	0.10268	0.01223	0.15510	0.32463	0.09227	0.00697	0.00542	0.00250	0.00415
4	0.00576	0.00444	0.00529	0.00528	0.00638	0.00403	0.00393	0.00753	0.03059	0.01428	0.38819	0.14650	0.31750	0.01022	0.00515	0.00147	0.00224	0.03298	0.00434	0.00390
5	0.07440	0.00577	0.00734	0.00636	0.00834	0.00530	0.00497	0.01334	0.01130	0.34003	0.30884	0.12474	0.04004	0.00762	0.00462	0.00139	0.00284	0.00652	0.02089	0.00534
6	0.00558	0.00406	0.00497	0.00548	0.00598	0.00378	0.00372	0.00639	0.00847	0.01110	0.08300	0.42891	0.16825	0.19098	0.00893	0.00220	0.00284	0.04822	0.00375	0.00340
7	0.00709	0.00475	0.00610	0.00586	0.00703	0.00444	0.00445	0.00925	0.04159	0.07301	0.53063	0.12847	0.09077	0.00936	0.00511	0.00145	0.00239	0.05938	0.00458	0.00430
8	0.01637	0.01207	0.01293	0.00991	0.01336	0.01336	0.00819	0.80738	0.02025	0.02715	0.01034	0.01034	0.00733	0.00517	0.00431	0.00129	0.00474	0.00388	0.00431	0.00733
9	0.80267	0.00824	0.00666	0.00584	0.00857	0.00937	0.00481	0.01340	0.00777	0.09088	0.00697	0.00768	0.00520	0.00412	0.00281	0.00133	0.00336	0.00251	0.00290	0.00490
10	0.00530	0.00377	0.00498	0.00593	0.00617	0.00353	0.00393	0.00601	0.00815	0.01086	0.02322	0.80416	0.02784	0.05603	0.00633	0.00187	0.00258	0.01194	0.00393	0.00345
11	0.27142	0.14519	0.05947	0.02038	0.01188	0.15823	0.03147	0.15995	0.01125	0.03911	0.00796	0.00922	0.00626	0.00443	0.00349	0.00123	0.00489	0.01472	0.03393	0.00553
12	0.00595	0.00512	0.03365	0.00603	0.00701	0.00438	0.04265	0.00700	0.00858	0.01119	0.08374	0.26143	0.22965	0.23922	0.00978	0.00228	0.00324	0.03201	0.00351	0.00356
13	0.39974	0.02703	0.00888	0.00752	0.02330	0.03081	0.00596	0.17728	0.10302	0.08011	0.01171	0.05149	0.04608	0.00534	0.00364	0.00135	0.00373	0.00392	0.00349	0.00562
14	0.35026	0.04428	0.03037	0.00952	0.04972	0.12005	0.05387	0.20922	0.03718	0.04624	0.00819	0.00896	0.00617	0.00441	0.00360	0.00129	0.00472	0.00317	0.00305	0.00576
15	0.09554	0.13099	0.06670	0.01078	0.06986	0.05458	0.07405	0.15561	0.08335	0.12425	0.00981	0.01043	0.00733	0.00469	0.00455	0.00129	0.05687	0.00360	0.00314	0.03257

[dist]
# distance from previous block
# <min> <max>
1	6

[block]
# block no. 9 follows, 61 sequences, length 19
# corresponding to MSA columns:
# 384-402
name=unknown_J
#
# <colnr> <probs for GDERKNQSTAVLIFYWHMCP>
#	G	D	E	R	K	N	Q	S	T	A	V	L	I	F	Y	W	H	M	C	P
0	0.03519	0.12552	0.06630	0.04196	0.09616	0.07048	0.02707	0.12190	0.08277	0.01428	0.02438	0.02797	0.02616	0.07104	0.07684	0.00202	0.07759	0.00417	0.00274	0.00546
1	0.04238	0.05818	0.00945	0.00792	0.02932	0.04280	0.03055	0.10782	0.10386	0.05275	0.05339	0.17741	0.10428	0.03281	0.04865	0.00176	0.00408	0.03138	0.00360	0.05760
2	0.00726	0.00569	0.04254	0.00662	0.00774	0.00503	0.00512	0.06155	0.03314	0.04980	0.05344	0.42463	0.09106	0.08197	0.00685	0.01692	0.00317	0.08947	0.00387	0.00413
3	0.18079	0.01077	0.08975	0.06153	0.04519	0.04683	0.08794	0.13020	0.05033	0.15208	0.01054	0.04635	0.00804	0.00485	0.00402	0.00132	0.00466	0.00398	0.00327	0.05758
4	0.00678	0.00478	0.00609	0.00673	0.02251	0.00466	0.00473	0.01827	0.07523	0.04800	0.03763	0.52195	0.08374	0.05164	0.00611	0.00180	0.00290	0.08836	0.00400	0.00408
5	0.01072	0.08625	0.20160	0.01424	0.01846	0.07395	0.38428	0.06063	0.03058	0.01388	0.00823	0.01026	0.00629	0.00419	0.00506	0.00138	0.05777	0.00409	0.00224	0.00590
6	0.00604	0.00532	0.04156	0.00705	0.00796	0.00461	0.04885	0.00766	0.04213	0.01158	0.02220	0.61110	0.05470	0.05035	0.00614	0.00182	0.00312	0.06016	0.00376	0.00388
7	0.00588	0.00405	0.00526	0.00600	0.00640	0.00384	0.00415	0.00669	0.00828	0.02690	0.02268	0.57902	0.05561	0.14194	0.00805	0.00213	0.00294	0.10289	0.00381	0.00350
8	0.02675	0.00634	0.00916	0.03918	0.02567	0.00609	0.09717	0.02148	0.06843	0.13479	0.24483	0.10265	0.16230	0.00780	0.00481	0.00142	0.00330	0.00693	0.02596	0.00495
9	0.00976	0.37260	0.32290	0.01038	0.04740	0.01251	0.04911	0.01261	0.00877	0.01171	0.00755	0.00968	0.00638	0.04188	0.05850	0.00166	0.00585	0.00315	0.00193	0.00568
10	0.00716	0.00469	0.00646	0.00640	0.00686	0.00508	0.00463	0.00776	0.05087	0.01915	0.03430	0.08616	0.02585	0.10233	0.21590	0.33280	0.04547	0.03235	0.00259	0.00320
11	0.00547	0.00407	0.00513	0.00574	0.00642	0.00373	0.00411	0.00657	0.00923	0.01209	0.12654	0.49586	0.20390	0.01220	0.00540	0.00166	0.00250	0.08165	0.00409	0.00364
12	0.00991	0.00842	0.00872	0.07880	0.01129	0.09467	0.00655	0.06544	0.26937	0.03524	0.03328	0.15582	0.01547	0.03208	0.00508	0.00155	0.00394	0.08475	0.07437	0.00525
13	0.79746	0.00794	0.00619	0.00557	0.00809	0.00914	0.00456	0.01233	0.00764	0.01908	0.04371	0.00858	0.00662	0.00427	0.00279	0.00132	0.00321	0.00266	0.04423	0.00461
14	0.01095	0.02357	0.17042	0.06718	0.05101	0.04988	0.19906	0.09240	0.01074	0.09378	0.01091	0.05119	0.00912	0.00644	0.03648	0.00166	0.04577	0.06084	0.00281	0.00579
15	0.05039	0.00571	0.00664	0.00649	0.00785	0.02584	0.00478	0.03693	0.05471	0.15777	0.06996	0.43387	0.10179	0.01012	0.00495	0.00156	0.00294	0.00886	0.00420	0.00463
16	0.56111	0.04935	0.05229	0.00658	0.00939	0.04022	0.00567	0.02382	0.03100	0.03363	0.00836	0.07848	0.00733	0.00484	0.00318	0.00129	0.00367	0.00338	0.00279	0.07361
17	0.17216	0.21623	0.04544	0.00800	0.01080	0.13209	0.00686	0.12408	0.07718	0.04360	0.02056	0.04514	0.00860	0.06626	0.00491	0.00143	0.00464	0.00369	0.00291	0.00543
18	0.05127	0.04306	0.18424	0.01965	0.04251	0.02876	0.01793	0.07860	0.03034	0.05918	0.05093	0.06582	0.02295	0.04156	0.04447	0.00164	0.02125	0.03410	0.00293	0.15878

[dist]
# distance from previous block
# <min> <max>
1	10

[block]
# block no. 10 follows, 61 sequences, length 22
# corresponding to MSA columns:
# 415-436
name=unknown_K
#
# <colnr> <probs for GDERKNQSTAVLIFYWHMCP>
#	G	D	E	R	K	N	Q	S	T	A	V	L	I	F	Y	W	H	M	C	P
0	0.04587	0.17266	0.08592	0.00905	0.04567	0.04042	0.05767	0.10374	0.05238	0.01457	0.05327	0.09808	0.12120	0.00672	0.00427	0.00134	0.00421	0.05005	0.02765	0.00525
1	0.04925	0.03986	0.00882	0.00689	0.00936	0.03989	0.00555	0.03746	0.01936	0.39194	0.10916	0.04571	0.04461	0.02592	0.01424	0.00142	0.00354	0.02373	0.08317	0.04010
2	0.06626	0.01055	0.04657	0.03209	0.02981	0.01051	0.00783	0.40925	0.05148	0.23216	0.01178	0.01144	0.00812	0.00498	0.00416	0.00129	0.00435	0.00385	0.00418	0.04934
3	0.06454	0.01118	0.02766	0.08006	0.15741	0.09887	0.16283	0.15992	0.02332	0.01579	0.00941	0.06912	0.00803	0.00502	0.00480	0.00135	0.04532	0.00441	0.00274	0.04822
4	0.00551	0.00447	0.00491	0.00491	0.00620	0.00393	0.00368	0.00708	0.03063	0.01298	0.20640	0.09814	0.55519	0.01055	0.00512	0.00147	0.00225	0.02862	0.00417	0.00381
5	0.05555	0.04833	0.00912	0.00769	0.04103	0.00787	0.00583	0.18847	0.06996	0.06400	0.38080	0.03493	0.05479	0.00705	0.00455	0.00133	0.00315	0.00593	0.00426	0.00535
6	0.00875	0.00812	0.01374	0.63966	0.04188	0.00989	0.06977	0.01142	0.00864	0.03182	0.00787	0.01142	0.00602	0.00463	0.00538	0.00147	0.09419	0.00393	0.01645	0.00494
7	0.00595	0.00414	0.00541	0.00578	0.00647	0.00382	0.00411	0.00724	0.00994	0.03394	0.32042	0.45993	0.07651	0.01137	0.00530	0.00158	0.00237	0.02758	0.00431	0.00382
8	0.00553	0.00435	0.00501	0.00500	0.00619	0.00383	0.00375	0.00697	0.01055	0.01364	0.31737	0.09907	0.45165	0.01039	0.00515	0.00146	0.00222	0.03978	0.00426	0.00379
9	0.00538	0.00431	0.00477	0.00482	0.00602	0.00375	0.00356	0.00661	0.01006	0.01269	0.20268	0.12486	0.54113	0.03075	0.00555	0.00154	0.00226	0.02145	0.00412	0.00369
10	0.01702	0.00693	0.00920	0.00731	0.01022	0.00611	0.00593	0.04310	0.01201	0.66665	0.01851	0.08100	0.05144	0.00623	0.00441	0.00136	0.00347	0.00516	0.03721	0.00673
11	0.87904	0.00833	0.00633	0.00566	0.00833	0.00966	0.00467	0.01266	0.00733	0.01933	0.00600	0.00700	0.00467	0.00400	0.00267	0.00133	0.00333	0.00233	0.00267	0.00467
12	0.07794	0.09110	0.04758	0.01020	0.01284	0.62520	0.00814	0.01603	0.01126	0.01145	0.00665	0.00775	0.00552	0.00427	0.00367	0.00110	0.00689	0.00271	0.00222	0.04750
13	0.03296	0.00939	0.01023	0.00843	0.01093	0.01019	0.00672	0.53546	0.01634	0.02224	0.03660	0.19472	0.03818	0.00724	0.00453	0.00139	0.00396	0.00595	0.03846	0.00609
14	0.00598	0.00434	0.00525	0.00548	0.00637	0.00397	0.00390	0.00742	0.03177	0.03523	0.20741	0.35838	0.25075	0.04608	0.00591	0.00166	0.00243	0.00969	0.00416	0.00382
15	0.08004	0.03159	0.10405	0.08259	0.07178	0.00987	0.03990	0.20391	0.02792	0.23682	0.02292	0.01244	0.00850	0.00501	0.00445	0.00136	0.02565	0.02114	0.00361	0.00646
16	0.04342	0.00901	0.03168	0.05291	0.04147	0.05618	0.10221	0.08195	0.07936	0.08458	0.06503	0.04182	0.11017	0.05208	0.00567	0.00147	0.03266	0.00511	0.00331	0.09990
17	0.01259	0.07277	0.02629	0.01002	0.07175	0.05245	0.03702	0.23583	0.07506	0.09806	0.05666	0.03198	0.02779	0.00521	0.00438	0.00121	0.02729	0.00419	0.01586	0.13359
18	0.01095	0.06669	0.07420	0.05103	0.04420	0.03237	0.04883	0.10802	0.20960	0.08239	0.03869	0.03671	0.08899	0.00601	0.00460	0.00137	0.02420	0.02836	0.00352	0.03927
19	0.05937	0.04290	0.07997	0.08191	0.09544	0.06759	0.18281	0.10599	0.01116	0.06072	0.05094	0.02872	0.06318	0.00520	0.00440	0.00135	0.00522	0.02434	0.00290	0.02588
20	0.11433	0.08680	0.07652	0.00870	0.04474	0.04768	0.03650	0.14436	0.03364	0.05297	0.03713	0.12763	0.11633	0.02779	0.00466	0.00141	0.00410	0.00547	0.00331	0.02593
21	0.01016	0.00956	0.08315	0.11830	0.15573	0.04514	0.01989	0.07403	0.03269	0.07877	0.05330	0.07323	0.06226	0.02944	0.00527	0.00142	0.04294	0.00494	0.04542	0.05436

[dist]
# distance from previous block
# <min> <max>
1	28

[block]
# block no. 11 follows, 61 sequences, length 17
# corresponding to MSA columns:
# 471-487
name=unknown_L
#
# <colnr> <probs for GDERKNQSTAVLIFYWHMCP>
#	G	D	E	R	K	N	Q	S	T	A	V	L	I	F	Y	W	H	M	C	P
0	0.01391	0.06710	0.03816	0.00936	0.05230	0.07553	0.00739	0.17847	0.10843	0.23082	0.02790	0.04620	0.03399	0.00564	0.00454	0.00131	0.03413	0.00443	0.04265	0.01773
1	0.11043	0.08611	0.10236	0.06191	0.02441	0.02028	0.00756	0.08553	0.04739	0.08977	0.01010	0.01281	0.00834	0.07050	0.18265	0.00269	0.02646	0.00381	0.00281	0.04406
2	0.01286	0.02755	0.01068	0.00934	0.03635	0.19525	0.00707	0.22751	0.13296	0.06742	0.04452	0.11193	0.04104	0.00638	0.00437	0.00132	0.00464	0.01495	0.00369	0.04018
3	0.00921	0.00650	0.00755	0.02282	0.00894	0.03796	0.00519	0.03666	0.03960	0.12497	0.24279	0.10533	0.10657	0.00800	0.01789	0.00138	0.00321	0.04218	0.00400	0.16926
4	0.04427	0.04300	0.28812	0.01045	0.01435	0.03741	0.09403	0.07277	0.03661	0.11081	0.02950	0.03544	0.06823	0.00540	0.00496	0.00137	0.06453	0.00435	0.00290	0.03149
5	0.07621	0.00866	0.03486	0.00738	0.01087	0.00755	0.00619	0.15034	0.01173	0.24708	0.01094	0.01098	0.00781	0.00431	0.00369	0.00104	0.00365	0.00335	0.04241	0.35096
6	0.00830	0.00592	0.00690	0.00639	0.00796	0.00592	0.00488	0.06998	0.14754	0.07223	0.27644	0.12173	0.18116	0.03414	0.00544	0.00154	0.00279	0.03157	0.00437	0.00481
7	0.02809	0.06556	0.06557	0.06902	0.28258	0.02215	0.08174	0.04743	0.08809	0.11878	0.01239	0.03887	0.05068	0.00498	0.00430	0.00133	0.00480	0.00446	0.00297	0.00623
8	0.00943	0.06129	0.13631	0.06555	0.04133	0.00907	0.08514	0.04019	0.09828	0.05991	0.02449	0.13419	0.03738	0.00684	0.00549	0.00149	0.08380	0.06575	0.00305	0.03102
9	0.00647	0.00419	0.00549	0.00596	0.00652	0.00393	0.00414	0.00744	0.00891	0.06233	0.13609	0.52656	0.02726	0.11959	0.00750	0.00199	0.00280	0.05507	0.00401	0.00373
10	0.01229	0.75290	0.02124	0.00751	0.01116	0.01611	0.00733	0.04974	0.00953	0.06884	0.00697	0.00762	0.00598	0.00387	0.00295	0.00097	0.00455	0.00252	0.00220	0.00574
11	0.01132	0.09380	0.10549	0.01191	0.12786	0.06112	0.07850	0.09831	0.10653	0.08879	0.03372	0.02657	0.09154	0.01777	0.01594	0.00144	0.01564	0.00462	0.00315	0.00598
12	0.00661	0.00449	0.00546	0.00557	0.00606	0.00444	0.00375	0.00727	0.02735	0.03676	0.03031	0.22450	0.13610	0.33729	0.01304	0.07890	0.02983	0.03571	0.00327	0.00330
13	0.00589	0.00399	0.00513	0.00580	0.00626	0.00369	0.00391	0.00667	0.00844	0.04200	0.04534	0.65592	0.08673	0.09014	0.00693	0.00193	0.00266	0.01103	0.00394	0.00359
14	0.01372	0.02261	0.01044	0.00848	0.01091	0.03836	0.01660	0.20636	0.12970	0.25120	0.05752	0.09038	0.01314	0.03785	0.00579	0.00152	0.06068	0.01430	0.00424	0.00621
15	0.02642	0.10578	0.11937	0.01394	0.05327	0.09242	0.34339	0.09877	0.02532	0.05376	0.00882	0.01044	0.00664	0.00409	0.00435	0.00131	0.00616	0.00403	0.01568	0.00602
16	0.00532	0.00393	0.00485	0.00550	0.00609	0.00355	0.00377	0.00603	0.00857	0.01100	0.02869	0.56651	0.25874	0.01282	0.00598	0.04798	0.00247	0.01087	0.00389	0.00345

[dist]
# distance from previous block
# <min> <max>
0	14

[block]
# block no. 12 follows, 61 sequences, length 34
# corresponding to MSA columns:
# 503-517,519-537
name=unknown_M
#
# <colnr> <probs for GDERKNQSTAVLIFYWHMCP>
#	G	D	E	R	K	N	Q	S	T	A	V	L	I	F	Y	W	H	M	C	P
0	0.08571	0.02429	0.00912	0.00744	0.00973	0.02463	0.00593	0.32260	0.06903	0.04771	0.12986	0.06341	0.01441	0.02766	0.00457	0.00136	0.00359	0.00492	0.13836	0.00566
1	0.00710	0.00557	0.00588	0.00595	0.00704	0.06653	0.00440	0.00845	0.01025	0.04925	0.23469	0.26755	0.20975	0.01017	0.00504	0.00149	0.00281	0.05179	0.04229	0.00401
2	0.01055	0.09125	0.04351	0.00740	0.01097	0.02197	0.00631	0.10634	0.08238	0.03887	0.00920	0.01004	0.00730	0.00443	0.01921	0.00100	0.00387	0.00305	0.02675	0.49559
3	0.00581	0.00434	0.00540	0.00526	0.00629	0.00393	0.00390	0.00754	0.01135	0.01555	0.58796	0.10873	0.19874	0.00967	0.00512	0.00141	0.00211	0.00846	0.00452	0.00393
4	0.01154	0.53540	0.01804	0.00804	0.01111	0.01465	0.00734	0.01559	0.20926	0.05193	0.00938	0.00976	0.00769	0.00460	0.00412	0.00115	0.06874	0.00315	0.00265	0.00587
5	0.00559	0.00415	0.00519	0.00550	0.00628	0.00378	0.00394	0.00688	0.00997	0.01336	0.31098	0.35829	0.18887	0.02727	0.00560	0.00160	0.00234	0.03243	0.00424	0.00372
6	0.00671	0.00497	0.00652	0.00728	0.00826	0.00497	0.00599	0.00912	0.07036	0.01276	0.02430	0.22040	0.08909	0.01171	0.00566	0.00185	0.00346	0.49853	0.00401	0.00405
7	0.03156	0.00766	0.00890	0.00641	0.01019	0.00586	0.00514	0.01124	0.00901	0.04212	0.00794	0.00908	0.00648	0.00328	0.00322	0.00068	0.00321	0.00261	0.00265	0.82276
8	0.87904	0.00833	0.00633	0.00566	0.00833	0.00966	0.00467	0.01266	0.00733	0.01933	0.00600	0.00700	0.00467	0.00400	0.00267	0.00133	0.00333	0.00233	0.00267	0.00467
9	0.01016	0.03361	0.22602	0.00951	0.03968	0.00767	0.06174	0.01345	0.05099	0.12789	0.07210	0.05700	0.01108	0.00499	0.00406	0.00118	0.00430	0.00427	0.04406	0.21624
10	0.11111	0.04443	0.02197	0.02987	0.03155	0.07649	0.04125	0.12569	0.07390	0.03082	0.01007	0.02468	0.00898	0.13780	0.10763	0.00249	0.10919	0.00422	0.00282	0.00504
11	0.01152	0.85121	0.02257	0.00737	0.01106	0.01704	0.00737	0.01290	0.00875	0.01013	0.00599	0.00691	0.00553	0.00369	0.00276	0.00092	0.00461	0.00230	0.00184	0.00553
12	0.00883	0.00755	0.00886	0.00640	0.01012	0.00573	0.00511	0.01073	0.00886	0.01389	0.00780	0.00922	0.00654	0.00425	0.03322	0.00087	0.00349	0.00263	0.00254	0.84337
13	0.01567	0.00868	0.01000	0.00812	0.01104	0.02942	0.00656	0.14689	0.22215	0.40460	0.01558	0.01427	0.01067	0.00539	0.00423	0.00133	0.00375	0.00434	0.07044	0.00689
14	0.05963	0.05727	0.03906	0.01004	0.01264	0.49157	0.00798	0.13486	0.08921	0.01426	0.00903	0.00989	0.02198	0.01927	0.00422	0.00124	0.00630	0.00329	0.00277	0.00550
15	0.01080	0.00725	0.00912	0.00828	0.04053	0.03702	0.02104	0.08357	0.02820	0.17764	0.11785	0.01891	0.04107	0.14005	0.13527	0.00268	0.09204	0.00513	0.01849	0.00505
16	0.01115	0.00763	0.00899	0.00790	0.01005	0.00796	0.01874	0.21898	0.13921	0.11245	0.06038	0.08831	0.09208	0.02236	0.00509	0.00154	0.00365	0.14476	0.03315	0.00562
17	0.00569	0.00395	0.00539	0.00620	0.00656	0.00382	0.00436	0.00644	0.00821	0.01098	0.04148	0.61452	0.02549	0.02562	0.06095	0.06817	0.00335	0.09168	0.00372	0.00345
18	0.00893	0.00766	0.00893	0.00638	0.01021	0.00574	0.00510	0.01085	0.00893	0.01404	0.00766	0.00893	0.00638	0.00319	0.00319	0.00064	0.00319	0.00255	0.00255	0.87495
19	0.00979	0.01102	0.02387	0.01724	0.02128	0.01033	0.74543	0.01321	0.01002	0.01359	0.00985	0.07472	0.00820	0.00438	0.00511	0.00147	0.00690	0.00563	0.00232	0.00563
20	0.01013	0.01104	0.02251	0.01786	0.11750	0.01047	0.61018	0.01368	0.03199	0.01389	0.00873	0.01137	0.00672	0.00377	0.00502	0.00138	0.02512	0.00471	0.00226	0.07168
21	0.00966	0.00825	0.02031	0.00691	0.01072	0.02080	0.02143	0.02961	0.00941	0.04588	0.00809	0.00922	0.00654	0.00336	0.00332	0.00071	0.00345	0.00271	0.00268	0.77693
22	0.00549	0.00409	0.00493	0.00546	0.00610	0.00375	0.00380	0.00635	0.00865	0.01112	0.05076	0.41973	0.25436	0.13111	0.00773	0.00201	0.00273	0.06455	0.00382	0.00346
23	0.00965	0.00974	0.01288	0.01098	0.01132	0.04407	0.00910	0.01066	0.00696	0.01061	0.00582	0.00933	0.00570	0.00714	0.01304	0.00177	0.75497	0.00365	0.00194	0.06067
24	0.00908	0.00793	0.01168	0.39225	0.07980	0.00865	0.00927	0.04170	0.02239	0.03068	0.00835	0.01140	0.00674	0.02670	0.04087	0.00155	0.05781	0.00363	0.00233	0.22720
25	0.01206	0.00562	0.00667	0.00569	0.00763	0.00531	0.00451	0.05830	0.01104	0.28865	0.07672	0.01731	0.03923	0.00561	0.00375	0.00117	0.00273	0.00456	0.43812	0.00531
26	0.00657	0.00443	0.00588	0.00661	0.00740	0.00426	0.00520	0.00803	0.00934	0.03395	0.05523	0.35750	0.06024	0.01167	0.00543	0.00175	0.00308	0.33982	0.06975	0.00386
27	0.00598	0.00406	0.00478	0.00506	0.00513	0.00399	0.00299	0.00619	0.00681	0.00908	0.01638	0.25394	0.01920	0.61803	0.01739	0.00351	0.00371	0.00792	0.00299	0.00286
