[name]
unknown

[dist]
# distance from previous block
# <min> <max>
0	50

[block]
# block no. 0 follows, 61 sequences, length 37
# corresponding to MSA columns:
# 147-183
name=unknown_A
#
# <colnr> <probs for GDERKNQSTAVLIFYWHMCP>
#	G	D	E	R	K	N	Q	S	T	A	V	L	I	F	Y	W	H	M	C	P
0	0.01199	0.08690	0.14313	0.01115	0.02751	0.00930	0.20634	0.07830	0.01095	0.20338	0.05125	0.03457	0.01047	0.04193	0.03458	0.00167	0.00538	0.02200	0.00323	0.00598
1	0.01226	0.09706	0.08153	0.02035	0.03583	0.03029	0.11867	0.22805	0.03448	0.11564	0.01314	0.11997	0.02493	0.00616	0.00447	0.00138	0.00477	0.04150	0.00348	0.00603
2	0.00918	0.02719	0.06671	0.07185	0.12555	0.02663	0.15637	0.06364	0.11388	0.01451	0.07108	0.16032	0.06093	0.00665	0.00471	0.00144	0.00460	0.00616	0.00315	0.00546
3	0.01337	0.03569	0.01186	0.01909	0.04640	0.00813	0.10260	0.06534	0.13965	0.31564	0.04805	0.03831	0.02949	0.03099	0.00516	0.01685	0.00407	0.01385	0.02792	0.02754
4	0.03151	0.06555	0.08134	0.06789	0.04772	0.17507	0.03856	0.06737	0.04151	0.17991	0.04232	0.05828	0.03221	0.00554	0.00420	0.00130	0.00497	0.01720	0.03180	0.00573
5	0.01071	0.15500	0.29574	0.05442	0.05593	0.18673	0.09734	0.01364	0.00988	0.01217	0.00974	0.01110	0.06036	0.00451	0.00402	0.00125	0.00610	0.00362	0.00211	0.00563
6	0.00624	0.00463	0.00531	0.00510	0.00645	0.00413	0.00384	0.00805	0.03709	0.04730	0.32572	0.07163	0.43913	0.00986	0.00505	0.00143	0.00224	0.00842	0.00434	0.00404
7	0.00816	0.00769	0.01221	0.65652	0.07911	0.03139	0.01094	0.01069	0.00875	0.01120	0.00969	0.11648	0.00868	0.00544	0.00444	0.00146	0.00535	0.00486	0.00220	0.00476
8	0.07378	0.01108	0.04783	0.03517	0.15298	0.10074	0.08827	0.11284	0.07806	0.21070	0.01218	0.01252	0.03458	0.00484	0.00425	0.00132	0.00494	0.00409	0.00345	0.00637
9	0.01005	0.00973	0.01341	0.42401	0.07084	0.11386	0.08122	0.01303	0.05370	0.04540	0.02668	0.01196	0.00750	0.00542	0.02729	0.00154	0.05186	0.00400	0.02332	0.00518
10	0.01013	0.17997	0.05491	0.14615	0.11082	0.01000	0.02698	0.05124	0.04464	0.04659	0.01048	0.01289	0.04207	0.02320	0.00424	0.00121	0.00449	0.02838	0.00259	0.18903
11	0.00572	0.00458	0.00509	0.00483	0.00621	0.00394	0.00358	0.00706	0.01020	0.01320	0.26500	0.03570	0.48372	0.06848	0.00614	0.00156	0.00234	0.00809	0.00402	0.06054
12	0.01299	0.01327	0.01087	0.00912	0.03061	0.33588	0.00693	0.09166	0.01151	0.04753	0.00792	0.00888	0.00633	0.00399	0.00365	0.00093	0.00523	0.00287	0.00270	0.38714
13	0.00740	0.00377	0.00555	0.00555	0.00555	0.00377	0.00366	0.00566	0.00566	0.00754	0.00791	0.01415	0.00806	0.07337	0.01719	0.81369	0.00377	0.00392	0.00192	0.00192
14	0.02702	0.12157	0.31598	0.03372	0.07418	0.01110	0.23254	0.03041	0.00957	0.03153	0.00841	0.01848	0.00663	0.00434	0.00466	0.00136	0.04033	0.02006	0.00216	0.00596
15	0.29746	0.06889	0.01078	0.00801	0.01098	0.01159	0.00665	0.33866	0.09382	0.04537	0.01020	0.01043	0.02688	0.00493	0.00393	0.00131	0.02555	0.00348	0.00354	0.01752
16	0.00810	0.00511	0.00747	0.00712	0.00821	0.00567	0.00558	0.00960	0.00774	0.12667	0.01266	0.05169	0.01136	0.02690	0.65347	0.00575	0.03485	0.00487	0.00280	0.00436
17	0.00827	0.00597	0.00869	0.00795	0.00930	0.00597	0.07770	0.06518	0.01053	0.07615	0.18205	0.27311	0.02392	0.03560	0.00623	0.00170	0.04643	0.14680	0.00395	0.00450
18	0.00985	0.00999	0.01772	0.32646	0.07940	0.02837	0.31410	0.04621	0.08030	0.01354	0.00900	0.01171	0.00683	0.00426	0.00480	0.00143	0.02370	0.00438	0.00235	0.00560
19	0.18651	0.00998	0.01010	0.00821	0.01120	0.06729	0.00666	0.24426	0.11417	0.26127	0.01220	0.01164	0.00849	0.00502	0.00394	0.00131	0.00413	0.00376	0.02335	0.00650
20	0.22858	0.04854	0.01616	0.12066	0.16587	0.02767	0.23981	0.05815	0.00966	0.01532	0.00764	0.00985	0.00598	0.00405	0.00426	0.00136	0.02476	0.00373	0.00236	0.00561
21	0.00716	0.00589	0.00789	0.00793	0.00913	0.03131	0.06173	0.00978	0.08566	0.01299	0.06958	0.28608	0.05657	0.01078	0.00545	0.00174	0.00362	0.31857	0.00388	0.00425
22	0.00521	0.00429	0.00459	0.00468	0.00594	0.00366	0.00344	0.00636	0.00987	0.01214	0.12177	0.14010	0.64101	0.01101	0.00514	0.00148	0.00221	0.00935	0.00408	0.00366
23	0.03041	0.01122	0.01253	0.01000	0.01313	0.02912	0.05781	0.47049	0.27797	0.02284	0.01243	0.01217	0.00909	0.00526	0.00434	0.00135	0.00450	0.00423	0.00413	0.00697
24	0.12236	0.14751	0.19520	0.01147	0.07160	0.01045	0.15000	0.03133	0.00972	0.11485	0.01741	0.00998	0.00680	0.00407	0.00385	0.00123	0.00507	0.00347	0.00260	0.08103
25	0.01085	0.23094	0.30238	0.04600	0.04777	0.04589	0.07963	0.07726	0.07986	0.02792	0.00855	0.00966	0.00654	0.00422	0.00389	0.00125	0.00554	0.00338	0.00237	0.00613
26	0.03026	0.47082	0.14749	0.00900	0.01284	0.01340	0.07496	0.02573	0.00932	0.07841	0.00832	0.00930	0.01677	0.00419	0.00373	0.00113	0.03177	0.00308	0.04377	0.00572
27	0.00757	0.00468	0.00629	0.00632	0.00709	0.00481	0.00460	0.00868	0.00827	0.10268	0.04121	0.33662	0.01881	0.10667	0.21261	0.00319	0.03894	0.00771	0.06921	0.00403
28	0.05835	0.06947	0.09024	0.06389	0.14349	0.11635	0.15746	0.07322	0.03568	0.13651	0.00951	0.01067	0.00702	0.00431	0.00419	0.00130	0.00558	0.00380	0.00283	0.00615
29	0.00712	0.00538	0.00750	0.03878	0.10443	0.00549	0.01894	0.00802	0.00780	0.02863	0.01624	0.22880	0.04301	0.36128	0.01248	0.00267	0.03949	0.03844	0.02170	0.00378
30	0.06651	0.00461	0.00480	0.00491	0.00621	0.00418	0.00362	0.00701	0.02329	0.01251	0.08527	0.19336	0.54739	0.01071	0.00499	0.00150	0.00234	0.00907	0.00396	0.00376
31	0.01091	0.01016	0.01406	0.23101	0.21398	0.08954	0.08387	0.10143	0.06150	0.04090	0.06113	0.01360	0.03905	0.00489	0.00441	0.00135	0.00524	0.00437	0.00281	0.00580
32	0.01338	0.08069	0.07309	0.17155	0.08239	0.02398	0.00911	0.15315	0.01191	0.25110	0.02123	0.04726	0.00889	0.00518	0.00448	0.00134	0.02736	0.00420	0.00346	0.00626
33	0.00619	0.00445	0.00566	0.00577	0.00642	0.00450	0.00405	0.00755	0.03462	0.02182	0.13362	0.20452	0.10003	0.22590	0.21173	0.00352	0.00508	0.00759	0.00337	0.00361
34	0.01041	0.51894	0.16311	0.00796	0.01171	0.01327	0.00832	0.03407	0.00931	0.03812	0.01145	0.02759	0.09683	0.00562	0.02589	0.00126	0.00477	0.00358	0.00231	0.00549
35	0.04658	0.00992	0.01381	0.03466	0.35844	0.06764	0.06129	0.07603	0.05436	0.04301	0.03723	0.02478	0.06598	0.00534	0.00477	0.00136	0.03922	0.02839	0.02122	0.00597
36	0.02228	0.02650	0.01270	0.08143	0.14048	0.02712	0.10693	0.07281	0.01112	0.14867	0.12122	0.05722	0.02856	0.00569	0.00446	0.00131	0.00436	0.03077	0.00340	0.09299

[dist]
# distance from previous block
# <min> <max>
7	15

[block]
# block no. 1 follows, 61 sequences, length 11
# corresponding to MSA columns:
# 204-214
name=unknown_B
#
# <colnr> <probs for GDERKNQSTAVLIFYWHMCP>
#	G	D	E	R	K	N	Q	S	T	A	V	L	I	F	Y	W	H	M	C	P
0	0.03502	0.32634	0.06844	0.06241	0.04650	0.12376	0.08494	0.05701	0.01005	0.04404	0.00833	0.02980	0.00718	0.00539	0.02762	0.00137	0.02904	0.02488	0.00236	0.00553
1	0.36034	0.00783	0.00771	0.02754	0.04217	0.03975	0.00544	0.03911	0.03443	0.04959	0.10607	0.08397	0.05692	0.00581	0.00372	0.00128	0.00340	0.00454	0.00324	0.11714
2	0.07561	0.21783	0.06128	0.00970	0.09290	0.04153	0.00766	0.08678	0.03187	0.01428	0.00913	0.06925	0.00831	0.00491	0.00398	0.00113	0.03302	0.02462	0.00262	0.20359
3	0.13015	0.03376	0.06157	0.01260	0.04074	0.00949	0.34689	0.04492	0.04451	0.10997	0.03645	0.08877	0.01009	0.00514	0.00450	0.00142	0.00524	0.00508	0.00301	0.00572
4	0.00817	0.00469	0.00620	0.00596	0.00704	0.00492	0.00457	0.00978	0.00835	0.10442	0.04119	0.04677	0.01273	0.05926	0.39765	0.00404	0.00684	0.00487	0.25832	0.00423
5	0.01234	0.00675	0.00905	0.05816	0.02792	0.00643	0.02022	0.04664	0.07097	0.33202	0.27625	0.02096	0.05609	0.00655	0.00459	0.00134	0.00330	0.00561	0.00456	0.03026
6	0.03750	0.01061	0.06251	0.08434	0.32651	0.06853	0.02829	0.06099	0.07674	0.07461	0.02504	0.06261	0.02968	0.00524	0.00459	0.00136	0.02734	0.00453	0.00287	0.00609
7	0.00883	0.00635	0.00736	0.00710	0.00862	0.00671	0.00529	0.01439	0.33144	0.08603	0.09328	0.31989	0.04394	0.00897	0.00483	0.00153	0.00290	0.00787	0.02946	0.00523
8	0.00610	0.00417	0.00504	0.00527	0.00553	0.00416	0.00338	0.00662	0.00720	0.00977	0.03378	0.18755	0.04582	0.50005	0.09278	0.00361	0.00434	0.03801	0.03373	0.00307
9	0.00702	0.00475	0.00639	0.02608	0.00774	0.00447	0.02578	0.02805	0.00960	0.07199	0.14378	0.42084	0.12808	0.03655	0.00613	0.03141	0.00287	0.03049	0.00400	0.00400
10	0.18236	0.03021	0.01143	0.07437	0.03876	0.29432	0.00784	0.20001	0.06993	0.03920	0.00856	0.00936	0.00653	0.00460	0.00382	0.00125	0.00548	0.00324	0.00300	0.00572

[dist]
# distance from previous block
# <min> <max>
4	13

[block]
# block no. 2 follows, 61 sequences, length 22
# corresponding to MSA columns:
# 229-246,250-253
name=unknown_C
#
# <colnr> <probs for GDERKNQSTAVLIFYWHMCP>
#	G	D	E	R	K	N	Q	S	T	A	V	L	I	F	Y	W	H	M	C	P
0	0.06918	0.03057	0.00686	0.00596	0.00765	0.00600	0.00455	0.07560	0.06054	0.08858	0.11695	0.14741	0.29618	0.05774	0.00571	0.00160	0.00290	0.00744	0.00402	0.00457
1	0.01263	0.00925	0.01240	0.13950	0.14502	0.00992	0.03036	0.27788	0.06146	0.11530	0.01180	0.01519	0.00946	0.06619	0.00569	0.00158	0.00470	0.05323	0.01224	0.00620
2	0.01081	0.01072	0.01510	0.27362	0.41761	0.10553	0.01188	0.05908	0.01025	0.01339	0.00787	0.01053	0.00634	0.00422	0.00447	0.00132	0.02538	0.00371	0.00220	0.00596
3	0.01076	0.22032	0.20208	0.00929	0.03605	0.01067	0.02602	0.08475	0.07017	0.06926	0.10020	0.01223	0.01070	0.00470	0.00384	0.00116	0.00448	0.00373	0.00291	0.11670
4	0.01070	0.34399	0.17234	0.01152	0.01561	0.05295	0.21954	0.02793	0.00950	0.01226	0.00743	0.00946	0.00613	0.00409	0.00427	0.00121	0.04297	0.01523	0.00204	0.03081
5	0.00871	0.00741	0.00777	0.00705	0.00908	0.02490	0.00543	0.01575	0.42565	0.01607	0.14452	0.02341	0.19082	0.00718	0.00451	0.00137	0.00296	0.00602	0.03536	0.05602
6	0.00583	0.00425	0.00539	0.00545	0.00635	0.00390	0.00400	0.00743	0.01082	0.01490	0.48900	0.22486	0.14014	0.01019	0.00516	0.00147	0.00222	0.03105	0.02372	0.00387
7	0.01036	0.01253	0.09751	0.10179	0.04497	0.06167	0.52264	0.01368	0.00990	0.03041	0.00840	0.01106	0.00635	0.00402	0.00522	0.00143	0.04565	0.00452	0.00217	0.00572
8	0.00758	0.00557	0.00749	0.00714	0.00818	0.04100	0.02234	0.00908	0.00760	0.06156	0.01183	0.01689	0.01074	0.07516	0.64647	0.00581	0.00998	0.00460	0.03686	0.00409
9	0.00666	0.00482	0.00556	0.00542	0.00682	0.00437	0.00414	0.00865	0.05457	0.06393	0.22506	0.09746	0.42636	0.01004	0.00509	0.00148	0.00244	0.05869	0.00428	0.00415
10	0.00533	0.00379	0.00500	0.00590	0.00616	0.00355	0.00391	0.00607	0.00822	0.01099	0.04266	0.77498	0.02799	0.06530	0.00651	0.00189	0.00259	0.01176	0.00393	0.00346
11	0.00968	0.00648	0.00773	0.00686	0.00871	0.00662	0.00532	0.02911	0.26036	0.13850	0.42521	0.02431	0.03843	0.00733	0.00474	0.00138	0.00275	0.00632	0.00470	0.00546
12	0.00651	0.00479	0.00651	0.00769	0.05772	0.00468	0.00520	0.02931	0.02952	0.02459	0.04623	0.56691	0.04149	0.01263	0.03502	0.00189	0.00325	0.10813	0.00388	0.00404
13	0.00618	0.00442	0.00525	0.00542	0.00647	0.00398	0.00393	0.00755	0.02676	0.05237	0.15122	0.31604	0.33830	0.02873	0.00555	0.00160	0.00245	0.02575	0.00416	0.00389
14	0.09748	0.39285	0.01538	0.00751	0.01069	0.03646	0.00672	0.12430	0.01114	0.15631	0.05704	0.01145	0.03352	0.00518	0.01603	0.00122	0.00431	0.00345	0.00313	0.00583
15	0.01133	0.72634	0.09802	0.00823	0.01218	0.01610	0.03252	0.03319	0.00912	0.01101	0.00635	0.00735	0.00560	0.00376	0.00300	0.00099	0.00486	0.00251	0.00191	0.00566
16	0.00752	0.00490	0.00645	0.00694	0.00801	0.00469	0.00555	0.02122	0.02304	0.08581	0.02463	0.29844	0.11302	0.01150	0.00551	0.00177	0.00327	0.35942	0.00412	0.00418
17	0.00556	0.00417	0.00517	0.00588	0.00644	0.00395	0.00403	0.00701	0.05528	0.01146	0.02628	0.65976	0.14963	0.02654	0.00564	0.00173	0.00253	0.01123	0.00400	0.00370
18	0.01085	0.11387	0.16920	0.01241	0.04820	0.06344	0.23259	0.06557	0.04150	0.06850	0.01106	0.11096	0.00965	0.00539	0.00444	0.00137	0.00554	0.01689	0.00275	0.00580
19	0.05704	0.29035	0.30213	0.00930	0.01359	0.07842	0.01005	0.03415	0.02036	0.09791	0.01975	0.00939	0.00679	0.00425	0.00358	0.00118	0.00520	0.00307	0.02755	0.00592
20	0.01138	0.18513	0.02578	0.02706	0.04920	0.19069	0.00756	0.09181	0.02526	0.02803	0.14333	0.01489	0.06802	0.00590	0.00527	0.00128	0.10692	0.00431	0.00292	0.00523
21	0.00968	0.09966	0.04227	0.06957	0.16107	0.00904	0.02300	0.03318	0.00923	0.01345	0.00782	0.01016	0.00665	0.00404	0.00438	0.00102	0.06601	0.01933	0.00235	0.40810

[dist]
# distance from previous block
# <min> <max>
0	1

[block]
# block no. 3 follows, 61 sequences, length 8
# corresponding to MSA columns:
# 258-265
name=unknown_D
#
# <colnr> <probs for GDERKNQSTAVLIFYWHMCP>
#	G	D	E	R	K	N	Q	S	T	A	V	L	I	F	Y	W	H	M	C	P
0	0.00783	0.00700	0.00983	0.41314	0.01838	0.03436	0.00832	0.01061	0.08435	0.01127	0.01265	0.18840	0.01254	0.12136	0.00733	0.00188	0.03766	0.00598	0.00269	0.00442
1	0.01094	0.00678	0.00809	0.00692	0.00898	0.00672	0.00544	0.15569	0.08515	0.18511	0.30708	0.07271	0.10694	0.00767	0.00475	0.00138	0.00302	0.00651	0.00463	0.00550
2	0.01110	0.10101	0.17293	0.06729	0.14713	0.03137	0.02081	0.08792	0.05017	0.09377	0.01016	0.04787	0.00817	0.00576	0.03547	0.00146	0.00510	0.00393	0.01478	0.08380
3	0.03032	0.00548	0.00662	0.00632	0.00775	0.00528	0.00473	0.07245	0.03172	0.14365	0.06111	0.31686	0.17936	0.04300	0.04698	0.00191	0.00337	0.02441	0.00411	0.00458
4	0.00597	0.00410	0.00485	0.00506	0.00526	0.00399	0.00309	0.00636	0.00737	0.00986	0.08555	0.22291	0.05093	0.54791	0.01597	0.00326	0.00352	0.00792	0.00317	0.00298
5	0.00819	0.00685	0.00889	0.06564	0.06491	0.02421	0.00652	0.04809	0.04064	0.03382	0.06181	0.15766	0.11791	0.11499	0.05442	0.00219	0.16919	0.00650	0.00312	0.00446
6	0.01137	0.22370	0.16947	0.04492	0.13391	0.05262	0.06603	0.07351	0.03618	0.05713	0.00836	0.00958	0.00652	0.00407	0.00381	0.00117	0.00519	0.00331	0.00245	0.08672
7	0.02271	0.02651	0.03264	0.00945	0.03108	0.02108	0.05482	0.07124	0.04012	0.07905	0.01217	0.16167	0.01170	0.02841	0.14333	0.00248	0.20371	0.00552	0.00297	0.03935

[dist]
# distance from previous block
# <min> <max>
8	22

[block]
# block no. 4 follows, 61 sequences, length 24
# corresponding to MSA columns:
# 291-300,302-315
name=unknown_E
#
# <colnr> <probs for GDERKNQSTAVLIFYWHMCP>
#	G	D	E	R	K	N	Q	S	T	A	V	L	I	F	Y	W	H	M	C	P
0	0.09904	0.11090	0.11679	0.01121	0.05857	0.01976	0.17527	0.03007	0.05322	0.07736	0.00904	0.02240	0.00706	0.00420	0.00415	0.00120	0.02618	0.00365	0.00264	0.16728
1	0.01152	0.52298	0.17838	0.00883	0.01279	0.09768	0.00908	0.01440	0.06977	0.02837	0.00750	0.00828	0.00620	0.00404	0.00329	0.00108	0.00516	0.00276	0.00214	0.00577
2	0.09193	0.16534	0.08509	0.01886	0.03374	0.07050	0.07605	0.04820	0.00893	0.02184	0.00968	0.06440	0.02623	0.00958	0.09556	0.14139	0.00553	0.00409	0.00239	0.02067
3	0.00723	0.00505	0.00592	0.00539	0.00634	0.00470	0.00355	0.02559	0.00744	0.02902	0.01368	0.06823	0.03964	0.51270	0.05195	0.03830	0.00415	0.00573	0.00278	0.16261
4	0.00732	0.00689	0.06775	0.00611	0.00820	0.00572	0.00517	0.04225	0.12516	0.03489	0.15081	0.03040	0.42630	0.00859	0.00475	0.00139	0.00282	0.00718	0.02612	0.03219
5	0.00894	0.00871	0.01270	0.03808	0.05755	0.06905	0.19813	0.01161	0.03759	0.01433	0.19963	0.01899	0.05561	0.00569	0.00451	0.00124	0.00443	0.04603	0.00311	0.20408
6	0.00934	0.04443	0.10710	0.00882	0.01059	0.13781	0.00755	0.07463	0.03011	0.01263	0.01483	0.30583	0.04144	0.00891	0.01832	0.00162	0.13504	0.02318	0.00305	0.00476
7	0.03588	0.07082	0.01349	0.01348	0.19812	0.00795	0.15962	0.01043	0.00930	0.01279	0.01521	0.25464	0.01614	0.00805	0.00493	0.00155	0.00447	0.15514	0.00301	0.00498
8	0.01509	0.00931	0.01067	0.00866	0.01164	0.00984	0.00702	0.27157	0.26356	0.28131	0.03813	0.01488	0.01150	0.00567	0.00439	0.00137	0.00389	0.01981	0.00467	0.00701
9	0.04320	0.07151	0.01012	0.00749	0.01003	0.00913	0.00611	0.31766	0.01377	0.16728	0.01344	0.11201	0.01100	0.00601	0.00402	0.00127	0.00366	0.00482	0.18152	0.00597
10	0.07516	0.00877	0.01212	0.28798	0.13210	0.03974	0.03910	0.08422	0.07892	0.02810	0.02797	0.05765	0.02527	0.00679	0.05010	0.00171	0.03164	0.00451	0.00274	0.00540
11	0.00717	0.00576	0.00636	0.00692	0.06787	0.04988	0.00460	0.00843	0.00994	0.05462	0.13754	0.13233	0.39182	0.06805	0.00609	0.00162	0.00294	0.00799	0.02595	0.00412
12	0.00529	0.00399	0.00491	0.00555	0.00620	0.00360	0.00387	0.00625	0.00897	0.01161	0.07874	0.55350	0.24953	0.01245	0.00537	0.00165	0.00241	0.02849	0.00404	0.00358
13	0.03976	0.00902	0.05448	0.00830	0.01115	0.00869	0.00693	0.10424	0.30357	0.28800	0.04372	0.07725	0.01311	0.00612	0.00440	0.00141	0.00368	0.00507	0.00448	0.00661
14	0.02723	0.02702	0.01152	0.05178	0.30627	0.04614	0.00836	0.04902	0.07733	0.02832	0.05090	0.10314	0.08941	0.06986	0.00601	0.01642	0.00423	0.01861	0.00303	0.00539
15	0.00641	0.00422	0.00532	0.00578	0.00653	0.00384	0.00405	0.00734	0.00897	0.07247	0.05858	0.53212	0.18065	0.05242	0.00612	0.00177	0.00263	0.03292	0.00406	0.00381
16	0.01072	0.00585	0.00833	0.00719	0.00918	0.00520	0.06509	0.01227	0.01065	0.29980	0.11267	0.20977	0.17842	0.00877	0.00494	0.00149	0.00321	0.03690	0.00441	0.00513
17	0.06056	0.00882	0.06881	0.03418	0.01090	0.00821	0.00669	0.22081	0.05141	0.19542	0.09016	0.01466	0.01201	0.00538	0.00400	0.00126	0.00366	0.00429	0.19279	0.00597
18	0.05244	0.00628	0.00791	0.02688	0.05296	0.00662	0.00540	0.08247	0.06130	0.10233	0.02342	0.05785	0.02387	0.18846	0.04163	0.18915	0.03378	0.00497	0.02797	0.00430
19	0.20960	0.03623	0.04337	0.12602	0.01393	0.01032	0.02206	0.24495	0.01231	0.12207	0.05387	0.01147	0.00861	0.00561	0.02309	0.00148	0.04200	0.00375	0.00338	0.00587
20	0.00925	0.00786	0.01087	0.14394	0.14989	0.02514	0.02020	0.04726	0.02541	0.04399	0.05135	0.14830	0.02534	0.00598	0.00463	0.00125	0.03597	0.00518	0.00293	0.23526
21	0.01083	0.15737	0.14066	0.05946	0.12573	0.02420	0.01856	0.01516	0.16519	0.10517	0.04392	0.01413	0.06402	0.00523	0.00442	0.00131	0.03134	0.00422	0.00304	0.00603
22	0.00971	0.00958	0.06214	0.09287	0.06440	0.08086	0.04948	0.06889	0.07249	0.03973	0.02709	0.13586	0.05584	0.02456	0.03148	0.00154	0.02215	0.00532	0.00303	0.14298
23	0.02521	0.00865	0.01032	0.00909	0.01116	0.08586	0.08617	0.17993	0.01203	0.04814	0.01670	0.13659	0.04165	0.03491	0.00552	0.00164	0.00452	0.24441	0.00364	0.03386

[dist]
# distance from previous block
# <min> <max>
0	19

[block]
# block no. 5 follows, 61 sequences, length 17
# corresponding to MSA columns:
# 335-351
name=unknown_F
#
# <colnr> <probs for GDERKNQSTAVLIFYWHMCP>
#	G	D	E	R	K	N	Q	S	T	A	V	L	I	F	Y	W	H	M	C	P
0	0.15871	0.14322	0.09627	0.04495	0.07241	0.05055	0.05907	0.08506	0.01948	0.04314	0.00861	0.05878	0.00739	0.00503	0.00485	0.00132	0.09244	0.00377	0.00258	0.04238
1	0.01211	0.21895	0.12110	0.03210	0.08817	0.03753	0.11911	0.20526	0.05947	0.03481	0.00959	0.01057	0.02349	0.00445	0.00401	0.00124	0.00526	0.00371	0.00279	0.00627
2	0.01142	0.28083	0.01311	0.00737	0.00985	0.02228	0.02499	0.01300	0.01022	0.21015	0.15562	0.05749	0.04946	0.00756	0.04170	0.00153	0.03630	0.03823	0.00352	0.00536
3	0.00537	0.00385	0.00504	0.00590	0.00624	0.00359	0.00398	0.00619	0.00845	0.01126	0.06232	0.72237	0.05891	0.04850	0.00617	0.00183	0.00257	0.02999	0.00397	0.00350
4	0.01109	0.01093	0.01209	0.04946	0.06684	0.15224	0.07985	0.08358	0.13421	0.01479	0.01131	0.01225	0.05267	0.00468	0.00430	0.00114	0.02808	0.00384	0.00290	0.26376
5	0.08725	0.01972	0.02635	0.03933	0.10078	0.00749	0.05247	0.04677	0.08702	0.02739	0.07099	0.07007	0.02647	0.15394	0.14824	0.00282	0.00539	0.01973	0.00302	0.00476
6	0.00569	0.00415	0.00537	0.00576	0.00624	0.00416	0.00398	0.00653	0.00765	0.01023	0.02069	0.35048	0.11669	0.20006	0.22828	0.00362	0.00523	0.00854	0.00325	0.00341
7	0.04840	0.00427	0.00527	0.00565	0.00616	0.00424	0.00385	0.00684	0.00816	0.01149	0.11745	0.39573	0.05655	0.20383	0.09960	0.00279	0.00384	0.00889	0.00352	0.00347
8	0.01251	0.10844	0.07551	0.05389	0.03776	0.15274	0.03218	0.19454	0.15419	0.01618	0.00955	0.01040	0.00741	0.00487	0.00477	0.00128	0.06863	0.00359	0.00297	0.04859
9	0.00730	0.00450	0.00621	0.00610	0.00661	0.00470	0.00440	0.04501	0.00736	0.00996	0.04566	0.01894	0.04771	0.08734	0.20826	0.43583	0.00554	0.04316	0.00247	0.00294
10	0.00527	0.00390	0.00485	0.00559	0.00608	0.00356	0.00378	0.00605	0.00846	0.01099	0.02728	0.63786	0.19002	0.05700	0.00628	0.00182	0.00252	0.01128	0.00393	0.00348
11	0.02847	0.00942	0.01258	0.02636	0.23200	0.02054	0.04673	0.26228	0.03224	0.09576	0.04320	0.01373	0.04131	0.00507	0.00420	0.00128	0.00432	0.00432	0.10990	0.00631
12	0.07431	0.11317	0.04570	0.05166	0.11792	0.05710	0.02290	0.15877	0.17256	0.07594	0.02499	0.01174	0.00873	0.00593	0.03885	0.00153	0.00490	0.00383	0.00325	0.00622
13	0.00816	0.04115	0.01558	0.03099	0.01477	0.00788	0.37546	0.02779	0.00950	0.01270	0.01538	0.35349	0.01628	0.00808	0.00517	0.00157	0.00497	0.04326	0.00303	0.00478
14	0.00782	0.00560	0.00723	0.00712	0.00837	0.00557	0.03648	0.02996	0.14822	0.07689	0.02291	0.48021	0.09183	0.01065	0.00515	0.00163	0.00302	0.04264	0.00410	0.00459
15	0.09032	0.01063	0.03950	0.11408	0.24314	0.08094	0.07359	0.07698	0.10416	0.05496	0.02969	0.04447	0.00895	0.00486	0.00424	0.00135	0.00499	0.00426	0.00288	0.00599
16	0.07443	0.04943	0.04663	0.05712	0.06461	0.10192	0.02329	0.31546	0.07099	0.07657	0.03547	0.02861	0.00899	0.00515	0.00414	0.00130	0.00483	0.01244	0.01235	0.00627

[dist]
# distance from previous block
# <min> <max>
1	82

[block]
# block no. 6 follows, 61 sequences, length 35
# corresponding to MSA columns:
# 442-476
name=unknown_G
#
# <colnr> <probs for GDERKNQSTAVLIFYWHMCP>
#	G	D	E	R	K	N	Q	S	T	A	V	L	I	F	Y	W	H	M	C	P
0	0.09625	0.01241	0.01030	0.00881	0.01131	0.26358	0.00686	0.22958	0.05836	0.08880	0.01135	0.07628	0.01935	0.03199	0.00461	0.00135	0.00503	0.00424	0.02443	0.03510
1	0.15292	0.07661	0.20024	0.05807	0.01387	0.11785	0.05730	0.01317	0.00912	0.05814	0.00858	0.03912	0.00702	0.00587	0.03904	0.00153	0.05795	0.00356	0.03738	0.04264
2	0.11677	0.00609	0.03847	0.00748	0.03356	0.00616	0.00569	0.04045	0.00826	0.01270	0.04146	0.26962	0.01585	0.01844	0.33281	0.00369	0.02865	0.00665	0.00300	0.00420
3	0.00736	0.00674	0.01179	0.04566	0.01234	0.00630	0.25203	0.00937	0.00978	0.01318	0.14542	0.14179	0.18571	0.00811	0.00548	0.03892	0.00406	0.02372	0.03967	0.03255
4	0.01017	0.22520	0.13553	0.01123	0.01498	0.05612	0.23815	0.01266	0.00925	0.02298	0.00851	0.04520	0.00743	0.04508	0.00519	0.00135	0.03432	0.00397	0.00222	0.11046
5	0.00925	0.00676	0.00726	0.00645	0.00837	0.00694	0.00499	0.15197	0.16938	0.05506	0.05971	0.05718	0.30213	0.04312	0.00529	0.00150	0.00302	0.00656	0.08996	0.00510
6	0.15256	0.00666	0.00782	0.00655	0.00895	0.00644	0.00525	0.02722	0.06180	0.35350	0.20954	0.01960	0.07428	0.00636	0.00426	0.00134	0.00306	0.00519	0.03393	0.00571
7	0.02090	0.00584	0.00730	0.00633	0.00833	0.00538	0.00495	0.01346	0.07945	0.29639	0.29154	0.06496	0.16160	0.00788	0.00476	0.00139	0.00278	0.00672	0.00473	0.00534
8	0.09047	0.01102	0.07770	0.14865	0.04309	0.06456	0.25789	0.07004	0.01014	0.01430	0.03554	0.06402	0.00905	0.00523	0.00511	0.00145	0.05809	0.02576	0.00253	0.00535
9	0.03353	0.00696	0.08233	0.00651	0.00840	0.00585	0.04957	0.07150	0.01006	0.04115	0.06340	0.11452	0.01379	0.02407	0.00418	0.00128	0.00311	0.00521	0.44995	0.00462
10	0.00547	0.00396	0.00534	0.00607	0.00644	0.00391	0.00418	0.00635	0.00793	0.01068	0.02135	0.61958	0.04526	0.06014	0.16863	0.00288	0.00435	0.01036	0.00359	0.00352
11	0.08045	0.01116	0.07351	0.01264	0.01642	0.01027	0.33669	0.20104	0.01258	0.12849	0.03033	0.01331	0.00869	0.00477	0.00458	0.00140	0.00554	0.03868	0.00326	0.00620
12	0.03032	0.04813	0.01021	0.00830	0.01052	0.00801	0.03837	0.10644	0.11009	0.22721	0.04458	0.10913	0.01532	0.00774	0.00541	0.02459	0.03601	0.14982	0.00411	0.00568
13	0.00588	0.00423	0.00563	0.00640	0.00701	0.00403	0.00481	0.00714	0.00922	0.01225	0.11724	0.44963	0.06400	0.03836	0.00608	0.00184	0.00292	0.24561	0.00403	0.00368
14	0.00525	0.00375	0.00500	0.00600	0.00625	0.00350	0.00400	0.00600	0.00825	0.01100	0.02374	0.84580	0.02849	0.01350	0.00550	0.00175	0.00250	0.01225	0.00400	0.00350
15	0.04636	0.00838	0.01284	0.49390	0.13517	0.04340	0.04734	0.01158	0.00899	0.03733	0.01002	0.01334	0.04587	0.03539	0.03138	0.00167	0.00560	0.00416	0.00225	0.00504
16	0.05690	0.05513	0.11810	0.07512	0.01225	0.00846	0.03817	0.08569	0.11608	0.01571	0.19646	0.08795	0.06421	0.00741	0.02477	0.00154	0.02170	0.00570	0.00344	0.00521
17	0.01109	0.13970	0.05867	0.09220	0.15248	0.09624	0.05970	0.08630	0.03008	0.01398	0.00789	0.00954	0.00637	0.00403	0.00402	0.00111	0.02264	0.00328	0.00241	0.19827
18	0.04050	0.02702	0.22386	0.05968	0.11086	0.00833	0.05613	0.04390	0.01006	0.10283	0.09908	0.06794	0.02247	0.02680	0.02761	0.00157	0.01597	0.00477	0.00295	0.04766
19	0.00932	0.00615	0.00799	0.00718	0.00858	0.00669	0.00560	0.11022	0.03720	0.10995	0.12052	0.01854	0.01465	0.09463	0.36911	0.00406	0.04207	0.00503	0.01774	0.00475
20	0.00832	0.00784	0.01325	0.77945	0.08705	0.00962	0.01205	0.01117	0.00870	0.01123	0.00769	0.01142	0.00582	0.00427	0.00430	0.00142	0.00570	0.00383	0.00193	0.00493
21	0.00872	0.00987	0.13804	0.01152	0.10429	0.00804	0.12588	0.06926	0.06209	0.01386	0.05644	0.14965	0.01365	0.11778	0.04172	0.00202	0.02257	0.00587	0.00292	0.03583
22	0.06888	0.00783	0.02744	0.00842	0.01096	0.00739	0.09576	0.10039	0.04788	0.22094	0.07015	0.13685	0.05295	0.04291	0.00544	0.00152	0.01845	0.01628	0.00392	0.05564
23	0.00716	0.00440	0.00540	0.00522	0.00565	0.00431	0.00334	0.00756	0.00765	0.06504	0.13822	0.05398	0.01883	0.53771	0.05633	0.06248	0.00408	0.00632	0.00311	0.00319
24	0.00730	0.00469	0.00682	0.00637	0.00712	0.00457	0.04284	0.00796	0.03697	0.02761	0.27536	0.05722	0.02084	0.07067	0.01110	0.35889	0.00333	0.04383	0.00322	0.00328
25	0.06864	0.06548	0.22656	0.09008	0.09133	0.12717	0.07929	0.05028	0.02982	0.11805	0.00901	0.01016	0.00661	0.00432	0.00406	0.00130	0.00567	0.00352	0.00263	0.00603
26	0.01227	0.00972	0.08064	0.00967	0.01247	0.06656	0.12267	0.06720	0.02617	0.24847	0.07539	0.08523	0.04718	0.00741	0.03178	0.00162	0.03411	0.05195	0.00376	0.00574
27	0.13493	0.29011	0.10990	0.15557	0.02936	0.07349	0.02574	0.01308	0.00891	0.04365	0.00709	0.00870	0.00571	0.00418	0.00397	0.00121	0.04660	0.00296	0.00217	0.03266
28	0.49016	0.02275	0.06014	0.00788	0.03138	0.04499	0.02343	0.13006	0.01017	0.06138	0.03465	0.04958	0.00789	0.00486	0.00345	0.00134	0.00401	0.00349	0.00307	0.00534
29	0.00755	0.02497	0.16204	0.00688	0.00923	0.00567	0.02084	0.00993	0.02424	0.06874	0.21097	0.11613	0.22634	0.00816	0.00466	0.00139	0.00322	0.00698	0.07740	0.00466
30	0.05345	0.01127	0.02656	0.01255	0.15866	0.11746	0.05205	0.16012	0.22929	0.01708	0.01256	0.04827	0.03473	0.00531	0.00425	0.00132	0.00470	0.00444	0.00333	0.04259
31	0.05859	0.03361	0.00803	0.00709	0.01569	0.04685	0.00543	0.09824	0.13161	0.02672	0.16512	0.15882	0.06465	0.00879	0.03909	0.00162	0.00360	0.03180	0.06263	0.03201
32	0.12618	0.03224	0.02352	0.04142	0.02348	0.02345	0.01745	0.00970	0.01885	0.09233	0.02170	0.31458	0.17926	0.04973	0.00547	0.00163	0.00327	0.00780	0.00359	0.00436
33	0.03861	0.00649	0.00809	0.00764	0.04797	0.02003	0.03116	0.04019	0.02198	0.02992	0.14314	0.18880	0.10797	0.00786	0.00454	0.00130	0.00319	0.06028	0.00356	0.22728
34	0.04539	0.06398	0.00937	0.01918	0.00983	0.02342	0.00575	0.12756	0.05534	0.15529	0.08644	0.18904	0.05004	0.00708	0.00433	0.00130	0.00344	0.00595	0.00389	0.13338

[dist]
# distance from previous block
# <min> <max>
3	89

[block]
# block no. 7 follows, 61 sequences, length 22
# corresponding to MSA columns:
# 566-587
name=unknown_H
#
# <colnr> <probs for GDERKNQSTAVLIFYWHMCP>
#	G	D	E	R	K	N	Q	S	T	A	V	L	I	F	Y	W	H	M	C	P
0	0.27801	0.01152	0.00959	0.00837	0.01088	0.17944	0.00661	0.14442	0.22112	0.01818	0.04865	0.01131	0.00923	0.00505	0.00395	0.00132	0.01965	0.00362	0.00337	0.00570
1	0.16372	0.00974	0.01395	0.18461	0.25584	0.04450	0.10032	0.07734	0.01009	0.01514	0.00951	0.01155	0.04495	0.00439	0.00407	0.00132	0.00504	0.00387	0.00247	0.03758
2	0.02601	0.00654	0.00956	0.00781	0.00997	0.00615	0.13402	0.04023	0.04471	0.07465	0.25263	0.03857	0.11466	0.00690	0.00455	0.00131	0.00336	0.03289	0.11551	0.06996
3	0.43429	0.05214	0.00984	0.00796	0.01069	0.22009	0.00640	0.14230	0.03836	0.03182	0.00745	0.00817	0.00575	0.00437	0.00333	0.00125	0.00476	0.00281	0.00288	0.00534
4	0.00755	0.00536	0.00628	0.00587	0.00700	0.00514	0.00409	0.06316	0.03210	0.03952	0.01793	0.19439	0.09370	0.33090	0.04584	0.00268	0.00382	0.02084	0.00330	0.11050
5	0.01017	0.01162	0.02542	0.01816	0.02251	0.01089	0.80610	0.01380	0.01017	0.01380	0.00871	0.01162	0.00654	0.00363	0.00508	0.00145	0.00726	0.00508	0.00218	0.00581
6	0.00593	0.00409	0.00522	0.00581	0.00647	0.00373	0.00407	0.00691	0.00903	0.04597	0.08465	0.58612	0.16577	0.01231	0.00536	0.00166	0.00251	0.03654	0.00411	0.00374
7	0.00857	0.00849	0.01636	0.01268	0.01535	0.00807	0.43157	0.06098	0.01008	0.01353	0.01546	0.32501	0.03848	0.00764	0.00519	0.00155	0.00517	0.00781	0.00305	0.00498
8	0.00615	0.00462	0.00692	0.00692	0.00769	0.00538	0.00538	0.00769	0.00692	0.01000	0.01154	0.01692	0.01077	0.03231	0.83154	0.00692	0.01154	0.00462	0.00231	0.00385
9	0.00961	0.01321	0.19473	0.03489	0.01867	0.03577	0.41026	0.01274	0.00912	0.01268	0.00799	0.01085	0.00630	0.00577	0.03341	0.03852	0.13365	0.00430	0.00204	0.00548
10	0.00855	0.00569	0.00699	0.00676	0.00815	0.00567	0.00515	0.04955	0.13340	0.10611	0.20307	0.28381	0.06693	0.00966	0.00507	0.00155	0.00289	0.08183	0.00439	0.00480
11	0.03536	0.00491	0.00546	0.00549	0.00676	0.00471	0.00411	0.02702	0.06105	0.04129	0.06974	0.22582	0.30523	0.00971	0.00475	0.00147	0.00253	0.04563	0.13482	0.00415
12	0.00610	0.00433	0.00526	0.00561	0.00585	0.00436	0.00360	0.00702	0.04136	0.01014	0.03236	0.36741	0.02131	0.41907	0.01361	0.00292	0.01937	0.02376	0.00331	0.00325
13	0.05038	0.00531	0.00563	0.00515	0.00656	0.00545	0.00398	0.09564	0.02449	0.03395	0.16635	0.01805	0.01599	0.00573	0.00358	0.00113	0.00243	0.00466	0.54102	0.00452
14	0.00583	0.00441	0.00524	0.00551	0.00634	0.00414	0.00392	0.00741	0.04764	0.01236	0.16664	0.29507	0.24721	0.11861	0.00739	0.00191	0.00266	0.05002	0.00397	0.00370
15	0.00748	0.00374	0.00561	0.00561	0.00561	0.00374	0.00374	0.00561	0.00561	0.00748	0.00748	0.01309	0.00748	0.01496	0.01684	0.87467	0.00374	0.00374	0.00187	0.00187
16	0.00709	0.00653	0.02426	0.00954	0.01130	0.00595	0.23462	0.00909	0.00959	0.01315	0.13534	0.35526	0.03988	0.00927	0.00522	0.00158	0.00395	0.07280	0.04122	0.00435
17	0.00541	0.00388	0.00516	0.00610	0.00646	0.00364	0.00422	0.00630	0.00854	0.01136	0.04966	0.73812	0.04655	0.01316	0.00551	0.00175	0.00259	0.07402	0.00402	0.00356
18	0.01495	0.01057	0.01154	0.00926	0.01237	0.01163	0.00752	0.45840	0.27139	0.12544	0.01347	0.01271	0.00960	0.00541	0.00434	0.00135	0.00418	0.00425	0.00446	0.00717
19	0.00624	0.00426	0.00510	0.00510	0.00524	0.00440	0.00312	0.00652	0.00638	0.00865	0.01320	0.02614	0.01477	0.69990	0.16942	0.00468	0.00552	0.00596	0.00255	0.00284
20	0.01141	0.07699	0.25794	0.01029	0.01367	0.20074	0.01006	0.12929	0.03573	0.01404	0.00892	0.04065	0.00746	0.00814	0.09890	0.00195	0.06199	0.00371	0.00250	0.00564
21	0.10172	0.03396	0.10766	0.04071	0.13452	0.00789	0.00797	0.03823	0.00999	0.10105	0.09574	0.01291	0.02880	0.00460	0.00384	0.00112	0.00396	0.00378	0.00299	0.25854

[dist]
# distance from previous block
# <min> <max>
0	1

[block]
# block no. 8 follows, 61 sequences, length 7
# corresponding to MSA columns:
# 589-595
name=unknown_I
#
# <colnr> <probs for GDERKNQSTAVLIFYWHMCP>
#	G	D	E	R	K	N	Q	S	T	A	V	L	I	F	Y	W	H	M	C	P
0	0.01022	0.10257	0.08385	0.03262	0.04723	0.00868	0.12640	0.06699	0.02466	0.09313	0.03074	0.14584	0.01138	0.00682	0.03808	0.00148	0.00474	0.00512	0.00302	0.15640
1	0.00754	0.00477	0.00570	0.00556	0.00701	0.00418	0.00426	0.00885	0.01022	0.13510	0.12546	0.16987	0.40837	0.01033	0.00512	0.00152	0.00259	0.07502	0.00428	0.00425
2	0.18265	0.00733	0.00784	0.00656	0.00904	0.05147	0.00526	0.01547	0.01077	0.38365	0.10353	0.01655	0.06274	0.00571	0.00395	0.00129	0.00335	0.00449	0.11267	0.00568
3	0.04739	0.14729	0.33047	0.08587	0.05099	0.03106	0.02827	0.07819	0.03124	0.05599	0.00881	0.01055	0.00674	0.00440	0.00389	0.00127	0.00531	0.02004	0.02460	0.02765
4	0.07606	0.07257	0.09020	0.06946	0.15440	0.02865	0.13570	0.05523	0.00956	0.01371	0.03340	0.02896	0.04263	0.00878	0.12183	0.00215	0.04453	0.00433	0.00244	0.00541
5	0.00658	0.00438	0.00572	0.00635	0.00712	0.00410	0.00477	0.00772	0.00905	0.06166	0.02511	0.45480	0.12308	0.04598	0.00616	0.00185	0.00298	0.21475	0.00402	0.00384
6	0.03771	0.09204	0.06039	0.09362	0.04729	0.23004	0.05140	0.06657	0.01118	0.12300	0.04688	0.01255	0.05267	0.00498	0.00425	0.00124	0.02057	0.00388	0.00291	0.03680

[dist]
# distance from previous block
# <min> <max>
1	3

[block]
# block no. 9 follows, 61 sequences, length 36
# corresponding to MSA columns:
# 599-634
name=unknown_J
#
# <colnr> <probs for GDERKNQSTAVLIFYWHMCP>
#	G	D	E	R	K	N	Q	S	T	A	V	L	I	F	Y	W	H	M	C	P
0	0.02745	0.00682	0.00843	0.00754	0.00878	0.02405	0.02180	0.09349	0.06418	0.02389	0.04485	0.06964	0.01278	0.18241	0.24722	0.00357	0.09691	0.00522	0.00294	0.04802
1	0.11423	0.19644	0.06151	0.12232	0.04072	0.20247	0.04848	0.05463	0.01030	0.06055	0.00762	0.00894	0.00598	0.00416	0.00365	0.00118	0.00548	0.00307	0.00242	0.04585
2	0.00646	0.00489	0.00566	0.00549	0.00676	0.00459	0.00407	0.00898	0.09130	0.02996	0.30883	0.13829	0.29623	0.02860	0.00536	0.00149	0.00238	0.00824	0.02446	0.01798
3	0.00614	0.00446	0.00522	0.00519	0.00643	0.00393	0.00390	0.00752	0.01040	0.05091	0.25373	0.13825	0.42937	0.01044	0.00515	0.00148	0.00234	0.04696	0.00427	0.00393
4	0.08623	0.00811	0.01062	0.00908	0.07585	0.00715	0.07539	0.04812	0.02719	0.04267	0.02501	0.04761	0.04593	0.00448	0.00373	0.00099	0.00371	0.00384	0.00288	0.47141
5	0.04068	0.00625	0.00789	0.11950	0.01096	0.04685	0.03811	0.00955	0.02814	0.04846	0.22260	0.24923	0.11058	0.00871	0.00483	0.00146	0.00337	0.00767	0.00371	0.03147
6	0.00555	0.00400	0.00536	0.00610	0.00655	0.00392	0.00430	0.00653	0.00818	0.01102	0.02237	0.59226	0.06738	0.03122	0.14187	0.00263	0.00407	0.05179	0.02131	0.00358
7	0.05699	0.00768	0.00875	0.00742	0.00979	0.00794	0.00588	0.15774	0.19081	0.19966	0.16589	0.06104	0.08814	0.00689	0.00452	0.00139	0.00329	0.00572	0.00451	0.00596
8	0.01059	0.40206	0.20146	0.01018	0.01400	0.01381	0.09106	0.05275	0.02520	0.01233	0.00719	0.00876	0.00599	0.00499	0.02351	0.00135	0.10383	0.00314	0.00206	0.00573
9	0.00596	0.00435	0.00513	0.00515	0.00629	0.00384	0.00378	0.00728	0.01027	0.04410	0.26687	0.21204	0.38805	0.01064	0.00515	0.00148	0.00226	0.00921	0.00427	0.00387
10	0.00782	0.00450	0.00596	0.00610	0.00705	0.00412	0.00441	0.00907	0.00981	0.14226	0.19250	0.48816	0.02746	0.01081	0.00513	0.00157	0.00260	0.02668	0.03972	0.00426
11	0.03435	0.00972	0.01528	0.37399	0.23103	0.02864	0.09846	0.12992	0.01086	0.01471	0.00822	0.01091	0.00631	0.00423	0.00433	0.00137	0.00558	0.00391	0.00238	0.00580
12	0.05353	0.15764	0.17427	0.00845	0.01147	0.04615	0.00809	0.12213	0.04826	0.04246	0.10731	0.16013	0.01447	0.00659	0.00438	0.00134	0.01934	0.00534	0.00320	0.00545
13	0.01629	0.04392	0.01240	0.00918	0.01250	0.01186	0.00761	0.59021	0.03595	0.16783	0.01165	0.01131	0.00811	0.00515	0.00421	0.00128	0.00442	0.00392	0.03509	0.00713
14	0.00970	0.02498	0.02770	0.00793	0.01059	0.00748	0.06874	0.07546	0.16642	0.07152	0.21341	0.04446	0.05795	0.00616	0.00438	0.00123	0.00345	0.00536	0.00383	0.18924
15	0.01054	0.01012	0.01727	0.06411	0.78499	0.01020	0.01316	0.01312	0.00975	0.01393	0.00808	0.01070	0.00677	0.00386	0.00427	0.00129	0.00515	0.00384	0.00212	0.00673
16	0.00863	0.03851	0.69727	0.01144	0.01717	0.00966	0.01427	0.01348	0.04073	0.01362	0.00888	0.05124	0.00696	0.00458	0.00410	0.00134	0.00587	0.00365	0.00206	0.04653
17	0.01066	0.01023	0.01748	0.02644	0.82174	0.01023	0.01322	0.01322	0.00981	0.01407	0.00810	0.01066	0.00682	0.00384	0.00426	0.00128	0.00512	0.00384	0.00213	0.00682
18	0.00682	0.00527	0.00633	0.00596	0.00725	0.00523	0.00449	0.01059	0.16053	0.01662	0.56373	0.06107	0.11214	0.00864	0.00497	0.00140	0.00232	0.00755	0.00457	0.00451
19	0.00880	0.00746	0.00879	0.00783	0.00978	0.00814	0.04275	0.01642	0.46208	0.01639	0.19854	0.02222	0.08968	0.04219	0.03792	0.00176	0.00352	0.00595	0.00417	0.00559
20	0.00813	0.00766	0.01292	0.83826	0.02967	0.00957	0.01196	0.01101	0.00861	0.01101	0.00766	0.01148	0.00574	0.00431	0.00431	0.00144	0.00574	0.00383	0.00191	0.00479
21	0.00556	0.00428	0.00511	0.00533	0.00634	0.00383	0.00396	0.00690	0.01012	0.01317	0.25458	0.22785	0.35264	0.01101	0.00525	0.00154	0.00236	0.07222	0.00420	0.00375
22	0.00803	0.00492	0.00587	0.00552	0.00707	0.00434	0.00417	0.00959	0.02856	0.16123	0.17530	0.16315	0.38625	0.00981	0.00500	0.00146	0.00250	0.00840	0.00439	0.00444
23	0.00555	0.00409	0.00521	0.00573	0.00635	0.00380	0.00399	0.00688	0.02576	0.01273	0.21805	0.54306	0.11901	0.01192	0.00533	0.00162	0.00237	0.01067	0.00419	0.00372
24	0.03525	0.00733	0.00942	0.00765	0.01043	0.00682	0.00617	0.11913	0.01252	0.55479	0.01712	0.14848	0.01330	0.00675	0.00452	0.00141	0.00362	0.02383	0.00490	0.00658
25	0.01185	0.00850	0.00918	0.00797	0.01040	0.03436	0.00626	0.06811	0.43881	0.16647	0.10006	0.01910	0.08707	0.00642	0.00449	0.00140	0.00343	0.00532	0.00449	0.00632
26	0.00576	0.00397	0.00488	0.00538	0.00552	0.00386	0.00334	0.00616	0.00726	0.00969	0.01856	0.43198	0.02192	0.42197	0.02771	0.00302	0.00347	0.00919	0.00329	0.00307
27	0.00907	0.00808	0.01277	0.47498	0.12340	0.02763	0.04068	0.04262	0.00934	0.03755	0.03763	0.01303	0.00814	0.02612	0.09659	0.00207	0.01874	0.00415	0.00232	0.00509
28	0.01609	0.02053	0.01221	0.01110	0.01332	0.83132	0.00832	0.01720	0.01221	0.01054	0.00666	0.00777	0.00555	0.00444	0.00388	0.00111	0.00777	0.00277	0.00222	0.00499
29	0.00540	0.00386	0.00502	0.00587	0.00618	0.00362	0.00394	0.00615	0.00822	0.01092	0.03397	0.70427	0.05550	0.09114	0.00702	0.00197	0.00269	0.03693	0.00388	0.00344
30	0.00595	0.00411	0.00519	0.00574	0.00644	0.00373	0.00402	0.00693	0.00909	0.04818	0.09074	0.56919	0.18543	0.01221	0.00534	0.00165	0.00248	0.02571	0.00412	0.00375
31	0.04757	0.08466	0.31491	0.01032	0.01482	0.01078	0.05107	0.18958	0.06717	0.11771	0.00996	0.01039	0.00711	0.00451	0.00403	0.00129	0.00511	0.00356	0.00306	0.04239
32	0.02612	0.01003	0.04004	0.03534	0.49313	0.02229	0.02883	0.07115	0.05492	0.02551	0.01124	0.01331	0.05940	0.01840	0.03862	0.00161	0.03694	0.00427	0.00258	0.00626
33	0.16427	0.01113	0.01050	0.00850	0.01152	0.17570	0.03898	0.13422	0.05202	0.13664	0.03762	0.01069	0.00822	0.00454	0.00378	0.00116	0.00458	0.00342	0.00333	0.17915
34	0.01047	0.10621	0.16323	0.09778	0.03262	0.02272	0.05414	0.05794	0.11545	0.07000	0.01142	0.01221	0.04805	0.00458	0.00396	0.00119	0.00465	0.00378	0.00283	0.17676
35	0.03082	0.14611	0.16774	0.00971	0.04950	0.05487	0.03654	0.12577	0.04088	0.07950	0.01052	0.06182	0.00914	0.10343	0.00606	0.00158	0.00485	0.00422	0.00289	0.05405

[dist]
# distance from previous block
# <min> <max>
0	7

[block]
# block no. 10 follows, 61 sequences, length 6
# corresponding to MSA columns:
# 642-647
name=unknown_K
#
# <colnr> <probs for GDERKNQSTAVLIFYWHMCP>
#	G	D	E	R	K	N	Q	S	T	A	V	L	I	F	Y	W	H	M	C	P
0	0.07037	0.00711	0.06979	0.00698	0.00915	0.00589	0.00589	0.05194	0.01036	0.26174	0.01949	0.26705	0.08236	0.00834	0.00459	0.00148	0.00333	0.04388	0.06506	0.00523
1	0.00958	0.00662	0.00819	0.00735	0.05018	0.00576	0.00524	0.05922	0.00997	0.12234	0.05857	0.14541	0.07141	0.09720	0.00608	0.00145	0.00331	0.00559	0.00346	0.32305
2	0.01354	0.05988	0.03633	0.00872	0.01177	0.00828	0.08696	0.10015	0.09218	0.32019	0.16499	0.01646	0.01513	0.00562	0.00440	0.00131	0.00393	0.00483	0.00427	0.04107
3	0.00946	0.00529	0.00717	0.00730	0.00876	0.00496	0.00606	0.01111	0.01022	0.20378	0.02317	0.16269	0.08284	0.01052	0.00543	0.00175	0.00353	0.42700	0.00430	0.00466
4	0.00656	0.00464	0.00565	0.00554	0.00662	0.00429	0.00405	0.03900	0.01080	0.04421	0.35897	0.22497	0.21365	0.04409	0.00581	0.00158	0.00243	0.00880	0.00431	0.00402
5	0.03950	0.14552	0.06315	0.03512	0.01217	0.00901	0.16202	0.01029	0.00863	0.01203	0.06920	0.15631	0.01361	0.12466	0.00765	0.00178	0.07546	0.00573	0.00266	0.04550

[dist]
# distance from previous block
# <min> <max>
0	1

[block]
# block no. 11 follows, 61 sequences, length 14
# corresponding to MSA columns:
# 649-656,659-664
name=unknown_L
#
# <colnr> <probs for GDERKNQSTAVLIFYWHMCP>
#	G	D	E	R	K	N	Q	S	T	A	V	L	I	F	Y	W	H	M	C	P
0	0.03921	0.00719	0.04167	0.00745	0.04278	0.00674	0.00574	0.14128	0.03067	0.16533	0.04841	0.13477	0.01369	0.02894	0.00453	0.00137	0.00327	0.00538	0.26622	0.00535
