[name]
unknown

[dist]
# distance from previous block
# <min> <max>
0	271

[block]
# block no. 0 follows, 61 sequences, length 32
# corresponding to MSA columns:
# 344-375
name=unknown_A
#
# <colnr> <probs for GDERKNQSTAVLIFYWHMCP>
#	G	D	E	R	K	N	Q	S	T	A	V	L	I	F	Y	W	H	M	C	P
0	0.00899	0.03303	0.05152	0.54021	0.02312	0.01896	0.02393	0.02238	0.03933	0.05200	0.02049	0.01319	0.04048	0.02033	0.01373	0.00146	0.00525	0.00406	0.00239	0.06511
1	0.01609	0.02053	0.01221	0.01110	0.01332	0.83132	0.00832	0.01720	0.01221	0.01054	0.00666	0.00777	0.00555	0.00444	0.00388	0.00111	0.00777	0.00277	0.00222	0.00499
2	0.01047	0.00910	0.01004	0.08767	0.01296	0.01061	0.00731	0.02176	0.73735	0.01735	0.01659	0.01563	0.01244	0.00570	0.00438	0.00146	0.00363	0.00477	0.00415	0.00662
3	0.00566	0.00439	0.00516	0.00497	0.00617	0.00388	0.00372	0.00729	0.01117	0.01485	0.48583	0.03617	0.37580	0.00971	0.00509	0.00140	0.00210	0.00835	0.00442	0.00388
4	0.87904	0.00833	0.00633	0.00566	0.00833	0.00966	0.00467	0.01266	0.00733	0.01933	0.00600	0.00700	0.00467	0.00400	0.00267	0.00133	0.00333	0.00233	0.00267	0.00467
5	0.01492	0.20971	0.01469	0.01061	0.03185	0.62629	0.00822	0.01613	0.01136	0.01053	0.00654	0.00764	0.00557	0.00425	0.00364	0.00107	0.00698	0.00269	0.00213	0.00516
6	0.00537	0.00437	0.00476	0.00466	0.00599	0.00376	0.00350	0.00673	0.01049	0.01323	0.26270	0.03884	0.59994	0.01032	0.00509	0.00143	0.00214	0.00872	0.00421	0.00376
7	0.00893	0.00766	0.00893	0.00638	0.01021	0.00574	0.00510	0.01085	0.00893	0.01404	0.00766	0.00893	0.00638	0.00319	0.00319	0.00064	0.00319	0.00255	0.00255	0.87495
8	0.00617	0.00450	0.00590	0.00668	0.00744	0.00433	0.00520	0.02452	0.00942	0.01228	0.03809	0.40354	0.11381	0.01231	0.00560	0.00180	0.00310	0.32751	0.00400	0.00379
9	0.01143	0.04050	0.28217	0.04666	0.09221	0.06290	0.05211	0.19962	0.02346	0.02705	0.02590	0.01037	0.00709	0.00493	0.00529	0.01388	0.08193	0.00368	0.00263	0.00618
10	0.00764	0.00397	0.00562	0.00554	0.00568	0.00395	0.00365	0.00633	0.00600	0.03665	0.00908	0.01613	0.00924	0.17489	0.03618	0.65678	0.00400	0.00427	0.00215	0.00225
11	0.00615	0.00462	0.00692	0.00692	0.00769	0.00538	0.00538	0.00769	0.00692	0.01000	0.01154	0.01692	0.01077	0.03231	0.83154	0.00692	0.01154	0.00462	0.00231	0.00385
12	0.01131	0.50072	0.10056	0.03653	0.14315	0.08234	0.04657	0.01337	0.00930	0.01135	0.00673	0.00816	0.00578	0.00383	0.00338	0.00108	0.00528	0.00285	0.00194	0.00577
13	0.06666	0.41963	0.22935	0.00924	0.01354	0.01357	0.04128	0.09367	0.01015	0.05607	0.00757	0.00842	0.00594	0.00404	0.00343	0.00114	0.00505	0.00291	0.00233	0.00598
14	0.00651	0.00719	0.13196	0.00737	0.00884	0.00569	0.00653	0.00829	0.00746	0.01057	0.01314	0.10281	0.01328	0.14913	0.45122	0.00485	0.00828	0.05033	0.00254	0.00402
15	0.01008	0.07119	0.14183	0.01047	0.10447	0.02052	0.04442	0.05065	0.00979	0.03681	0.00802	0.00934	0.00638	0.00364	0.00361	0.00094	0.00435	0.00301	0.00248	0.45801
16	0.00942	0.00942	0.01319	0.01131	0.01131	0.01319	0.00942	0.01037	0.00660	0.01037	0.00565	0.00942	0.00565	0.00754	0.01414	0.00188	0.84073	0.00377	0.00188	0.00471
17	0.00545	0.00445	0.00499	0.00487	0.00618	0.00385	0.01791	0.00669	0.00995	0.01247	0.15349	0.08740	0.59861	0.03597	0.00557	0.00153	0.00233	0.00881	0.02578	0.00371
18	0.87904	0.00833	0.00633	0.00566	0.00833	0.00966	0.00467	0.01266	0.00733	0.01933	0.00600	0.00700	0.00467	0.00400	0.00267	0.00133	0.00333	0.00233	0.00267	0.00467
19	0.00615	0.00462	0.00692	0.00692	0.00769	0.00538	0.00538	0.00769	0.00692	0.01000	0.01154	0.01692	0.01077	0.03231	0.83154	0.00692	0.01154	0.00462	0.00231	0.00385
20	0.01203	0.68976	0.02042	0.00789	0.01134	0.09169	0.00744	0.03817	0.06603	0.01124	0.00699	0.00774	0.00612	0.00395	0.00303	0.00099	0.00482	0.00258	0.00213	0.00562
21	0.00621	0.00480	0.00623	0.04101	0.06163	0.00456	0.00479	0.00739	0.03132	0.01166	0.08155	0.24995	0.31880	0.01113	0.00664	0.11469	0.00288	0.02745	0.00357	0.00376
22	0.02609	0.38097	0.07725	0.02442	0.04146	0.24754	0.00840	0.03695	0.05850	0.03461	0.00768	0.00879	0.00640	0.01964	0.00380	0.00115	0.00556	0.00291	0.00231	0.00558
23	0.82574	0.00827	0.00656	0.00579	0.00850	0.00946	0.00477	0.01318	0.00764	0.06926	0.00668	0.00747	0.00504	0.00408	0.00277	0.00133	0.00335	0.00246	0.00283	0.00483
24	0.01080	0.01143	0.06465	0.13550	0.54943	0.07690	0.04453	0.01345	0.00987	0.03082	0.00812	0.01057	0.00656	0.00399	0.00426	0.00130	0.00555	0.00377	0.00216	0.00634
25	0.01010	0.00959	0.01620	0.16405	0.53139	0.00977	0.06487	0.03181	0.00982	0.01380	0.00853	0.01189	0.00714	0.00414	0.00430	0.00130	0.00519	0.02770	0.00223	0.06616
26	0.00515	0.00429	0.00450	0.00461	0.00590	0.00363	0.00339	0.00623	0.00970	0.01176	0.06905	0.14391	0.69076	0.01116	0.00514	0.00149	0.00222	0.00945	0.00403	0.00363
27	0.00780	0.00668	0.04808	0.04351	0.09135	0.00612	0.02545	0.01029	0.05736	0.04867	0.05995	0.15393	0.07833	0.03928	0.07398	0.00214	0.00447	0.22110	0.00348	0.01804
28	0.01002	0.00938	0.01560	0.32153	0.49389	0.01014	0.01252	0.05089	0.00988	0.01359	0.00805	0.01095	0.00645	0.00407	0.00428	0.00134	0.00533	0.00384	0.00216	0.00610
29	0.00986	0.04911	0.01093	0.06630	0.10564	0.00712	0.00671	0.01187	0.00922	0.06465	0.00821	0.00957	0.00662	0.00350	0.00344	0.00082	0.00369	0.00289	0.00260	0.61725
30	0.01234	0.05641	0.11427	0.01011	0.08362	0.00788	0.05580	0.06160	0.01098	0.27790	0.05653	0.06839	0.06511	0.00689	0.03836	0.00154	0.00450	0.00495	0.00366	0.05918
31	0.02901	0.03056	0.03862	0.24039	0.29324	0.00988	0.08819	0.01357	0.11423	0.01365	0.01035	0.01282	0.03007	0.00451	0.00430	0.00135	0.00508	0.01608	0.00246	0.04164

[dist]
# distance from previous block
# <min> <max>
0	4

[block]
# block no. 1 follows, 61 sequences, length 13
# corresponding to MSA columns:
# 380-392
name=unknown_B
#
# <colnr> <probs for GDERKNQSTAVLIFYWHMCP>
#	G	D	E	R	K	N	Q	S	T	A	V	L	I	F	Y	W	H	M	C	P
0	0.34551	0.01059	0.08787	0.08526	0.16635	0.04896	0.04726	0.01368	0.02215	0.07628	0.00797	0.00938	0.00606	0.00409	0.00361	0.00129	0.00459	0.00319	0.00259	0.05333
1	0.09093	0.58419	0.07041	0.00826	0.01187	0.06458	0.03365	0.04009	0.00932	0.02787	0.00658	0.00757	0.00564	0.00394	0.00328	0.00105	0.02049	0.00260	0.00210	0.00556
2	0.04145	0.04321	0.23732	0.11881	0.08833	0.00910	0.09749	0.01564	0.01021	0.28019	0.01079	0.01150	0.00742	0.00444	0.00423	0.00135	0.00522	0.00385	0.00308	0.00637
3	0.00533	0.00396	0.00500	0.00578	0.00634	0.00363	0.00405	0.00624	0.00870	0.01127	0.02793	0.61814	0.19741	0.01283	0.00544	0.00170	0.00253	0.06614	0.00400	0.00356
4	0.01077	0.58276	0.18457	0.00966	0.01397	0.01488	0.10587	0.01316	0.00899	0.01128	0.00667	0.00792	0.00564	0.00376	0.00331	0.00107	0.00528	0.00282	0.00188	0.00573
5	0.01277	0.06967	0.20009	0.01280	0.09227	0.06249	0.14366	0.11550	0.05441	0.16427	0.01055	0.01165	0.00770	0.00457	0.00429	0.00133	0.00547	0.01700	0.00307	0.00646
6	0.00595	0.00408	0.00495	0.00525	0.00538	0.00406	0.00323	0.00629	0.00691	0.00927	0.01647	0.27260	0.01915	0.53879	0.07586	0.00365	0.00421	0.00794	0.00300	0.00297
7	0.00523	0.00381	0.00493	0.00582	0.00620	0.00351	0.00392	0.00602	0.00841	0.01106	0.02585	0.76051	0.11243	0.01322	0.00545	0.00172	0.00247	0.01191	0.00400	0.00351
8	0.01243	0.33104	0.07736	0.14140	0.08375	0.02723	0.04812	0.04522	0.01013	0.17134	0.00903	0.01001	0.00679	0.00422	0.00373	0.00119	0.00497	0.00334	0.00268	0.00601
9	0.02747	0.01151	0.01343	0.14812	0.23400	0.13741	0.00985	0.21889	0.06160	0.06582	0.02435	0.01117	0.00778	0.00466	0.00422	0.00130	0.00525	0.00382	0.00306	0.00628
10	0.06106	0.00604	0.00677	0.00671	0.00830	0.03772	0.00550	0.01078	0.05443	0.10031	0.10345	0.03499	0.22210	0.00940	0.00505	0.00160	0.00334	0.29616	0.02180	0.00449
11	0.01058	0.46405	0.35317	0.00960	0.01431	0.05884	0.01094	0.01344	0.00908	0.01160	0.00674	0.00786	0.00550	0.00389	0.00337	0.00111	0.00551	0.00269	0.00185	0.00584
12	0.02914	0.45790	0.01575	0.00739	0.01016	0.13739	0.00653	0.04315	0.01004	0.01177	0.06463	0.05679	0.12257	0.00571	0.00361	0.00112	0.00445	0.00425	0.00261	0.00504

[dist]
# distance from previous block
# <min> <max>
2	7

[block]
# block no. 2 follows, 61 sequences, length 30
# corresponding to MSA columns:
# 407-436
name=unknown_C
#
# <colnr> <probs for GDERKNQSTAVLIFYWHMCP>
#	G	D	E	R	K	N	Q	S	T	A	V	L	I	F	Y	W	H	M	C	P
0	0.17034	0.00870	0.03337	0.00743	0.00940	0.10214	0.00594	0.08001	0.02361	0.12496	0.01086	0.01441	0.00926	0.12446	0.25314	0.00335	0.00666	0.00406	0.00301	0.00487
1	0.00740	0.00375	0.00558	0.00560	0.00561	0.00374	0.00372	0.00564	0.00569	0.00759	0.00803	0.03489	0.00819	0.03221	0.01665	0.83411	0.00372	0.00401	0.00194	0.00193
2	0.00917	0.00830	0.01227	0.52933	0.08026	0.00991	0.01045	0.03608	0.21544	0.01342	0.01041	0.01289	0.00795	0.02068	0.00466	0.00148	0.00504	0.00414	0.00264	0.00548
3	0.17045	0.00939	0.01121	0.03485	0.20841	0.01042	0.00813	0.09343	0.34734	0.01793	0.01206	0.01241	0.00923	0.00489	0.00399	0.00136	0.00396	0.00400	0.03020	0.00633
4	0.00664	0.00448	0.00555	0.00544	0.00654	0.00403	0.00401	0.00809	0.01059	0.07125	0.37425	0.18654	0.22723	0.04421	0.00581	0.00158	0.00239	0.02297	0.00436	0.00402
5	0.00837	0.03686	0.04819	0.10148	0.09876	0.00850	0.06011	0.01222	0.15216	0.01266	0.04472	0.04021	0.02138	0.06162	0.22509	0.00305	0.05197	0.00484	0.00273	0.00507
6	0.01183	0.79572	0.02191	0.00758	0.01121	0.04484	0.00743	0.03862	0.00924	0.01070	0.00615	0.00705	0.00559	0.00376	0.00285	0.00094	0.00472	0.00237	0.00193	0.00557
7	0.00961	0.03769	0.12148	0.08440	0.31701	0.00889	0.02297	0.04085	0.00982	0.01414	0.04180	0.02364	0.02200	0.00425	0.00401	0.00115	0.00464	0.00377	0.00241	0.22549
8	0.01051	0.00950	0.03104	0.01173	0.07723	0.07061	0.16142	0.11404	0.06989	0.05805	0.02158	0.07222	0.01175	0.01087	0.15059	0.00243	0.02059	0.08736	0.00313	0.00546
9	0.01188	0.01203	0.03674	0.00986	0.03763	0.19024	0.00757	0.07361	0.48326	0.01631	0.01442	0.06412	0.01157	0.00584	0.00432	0.00138	0.00455	0.00471	0.00373	0.00624
10	0.61160	0.17632	0.01098	0.00700	0.00993	0.01105	0.06367	0.01266	0.00791	0.01686	0.00680	0.00881	0.00570	0.00419	0.00298	0.00128	0.00390	0.03096	0.00251	0.00490
11	0.07346	0.01241	0.17548	0.09237	0.24157	0.02405	0.18183	0.03143	0.03452	0.03742	0.00928	0.01194	0.01544	0.00438	0.00445	0.00138	0.01455	0.02563	0.00238	0.00603
12	0.01033	0.34231	0.19904	0.00955	0.06108	0.04900	0.00901	0.04621	0.00946	0.01246	0.01868	0.03544	0.00751	0.05029	0.00449	0.00124	0.00487	0.00331	0.00222	0.12352
13	0.00608	0.00462	0.00598	0.00622	0.02898	0.00437	0.00444	0.00788	0.02462	0.01486	0.47172	0.20203	0.14123	0.00995	0.00533	0.00148	0.01814	0.03372	0.00433	0.00402
14	0.00913	0.02075	0.13002	0.07164	0.07367	0.08097	0.08111	0.01285	0.10767	0.03149	0.19759	0.08076	0.03320	0.00636	0.00458	0.00137	0.00449	0.01989	0.00324	0.02921
15	0.00524	0.00380	0.00495	0.00587	0.00622	0.00351	0.00394	0.00601	0.00837	0.01104	0.02525	0.78477	0.08855	0.01330	0.00547	0.00173	0.00248	0.01201	0.00400	0.00351
16	0.02970	0.01223	0.04428	0.00950	0.01242	0.12654	0.00777	0.27451	0.38259	0.01969	0.01289	0.01247	0.00961	0.00528	0.00422	0.00134	0.00457	0.00410	0.00389	0.02242
17	0.01058	0.40940	0.09729	0.07348	0.18494	0.01334	0.10635	0.01295	0.00917	0.01191	0.00710	0.00886	0.00595	0.00378	0.00361	0.00113	0.00525	0.00316	0.00197	0.02976
18	0.03681	0.20731	0.50040	0.02599	0.03547	0.02709	0.01257	0.01416	0.04549	0.04530	0.00808	0.00913	0.00604	0.00413	0.00378	0.00126	0.00562	0.00310	0.00212	0.00614
19	0.00974	0.27721	0.46901	0.01156	0.01682	0.01230	0.12053	0.01343	0.00913	0.01258	0.00733	0.00876	0.00563	0.00390	0.00382	0.00124	0.00594	0.00317	0.00188	0.00603
20	0.00629	0.00442	0.00556	0.00586	0.00672	0.00412	0.00423	0.02155	0.02454	0.04172	0.21829	0.43439	0.15155	0.01133	0.00527	0.00159	0.00249	0.04190	0.00424	0.00394
21	0.02222	0.18132	0.23389	0.07297	0.15179	0.06521	0.02843	0.02945	0.01002	0.13852	0.00911	0.02306	0.00695	0.00436	0.00393	0.00125	0.00532	0.00350	0.00255	0.00616
22	0.00628	0.00498	0.00629	0.00732	0.06340	0.00477	0.00491	0.02004	0.06028	0.01240	0.05381	0.38903	0.24607	0.02636	0.00553	0.00166	0.00282	0.07609	0.00390	0.00408
23	0.00535	0.00423	0.00482	0.00497	0.00605	0.00370	0.00362	0.00658	0.00999	0.01276	0.21328	0.22279	0.46454	0.01103	0.00518	0.00150	0.00222	0.00952	0.00417	0.00370
24	0.01033	0.02451	0.05177	0.26906	0.12094	0.10310	0.14388	0.06354	0.02147	0.01327	0.03888	0.01236	0.00798	0.00484	0.00524	0.00141	0.07522	0.02438	0.00236	0.00546
25	0.00992	0.00922	0.01422	0.52506	0.20406	0.06415	0.04247	0.01256	0.00938	0.05617	0.00824	0.01123	0.00627	0.00424	0.00430	0.00137	0.00568	0.00384	0.00218	0.00543
26	0.00578	0.00424	0.00506	0.00538	0.00633	0.00379	0.00389	0.00686	0.00936	0.03688	0.09851	0.35660	0.36010	0.02376	0.02449	0.00174	0.00264	0.03680	0.00404	0.00373
27	0.00970	0.03304	0.05398	0.04454	0.04490	0.04101	0.42157	0.01264	0.02248	0.04231	0.02030	0.11769	0.01122	0.00590	0.00525	0.00150	0.03255	0.07137	0.00268	0.00537
28	0.02871	0.03162	0.03518	0.15014	0.26449	0.03811	0.06079	0.07912	0.03111	0.11083	0.01159	0.01602	0.01978	0.00531	0.00446	0.00140	0.00501	0.09737	0.00296	0.00600
29	0.49641	0.01030	0.00916	0.03838	0.01098	0.12922	0.03930	0.07074	0.00948	0.08208	0.00771	0.00913	0.00599	0.03332	0.00428	0.00142	0.03113	0.00302	0.00286	0.00510

[dist]
# distance from previous block
# <min> <max>
1	5

[block]
# block no. 3 follows, 61 sequences, length 16
# corresponding to MSA columns:
# 442-457
name=unknown_D
#
# <colnr> <probs for GDERKNQSTAVLIFYWHMCP>
#	G	D	E	R	K	N	Q	S	T	A	V	L	I	F	Y	W	H	M	C	P
0	0.02259	0.29500	0.09391	0.00925	0.01196	0.09033	0.04230	0.06025	0.02537	0.01234	0.01948	0.11225	0.00915	0.00583	0.00549	0.00130	0.14380	0.00425	0.00243	0.03271
1	0.01179	0.08097	0.09914	0.02172	0.08108	0.00928	0.00796	0.18285	0.07569	0.13487	0.09458	0.06612	0.05468	0.00594	0.00429	0.00129	0.00406	0.00491	0.00368	0.05511
2	0.23423	0.10337	0.14912	0.01041	0.08084	0.08627	0.01924	0.14681	0.05871	0.02626	0.00847	0.02665	0.00672	0.00459	0.00387	0.00129	0.02118	0.00335	0.00276	0.00585
3	0.00727	0.00649	0.06791	0.00684	0.00796	0.00600	0.00546	0.03393	0.04618	0.02940	0.08850	0.10920	0.03551	0.25881	0.21816	0.00365	0.05555	0.00613	0.00301	0.00403
4	0.05986	0.46738	0.03561	0.00869	0.01195	0.24227	0.00777	0.09877	0.01087	0.01263	0.00668	0.00757	0.00568	0.00408	0.00326	0.00105	0.00547	0.00262	0.00225	0.00554
5	0.10163	0.03169	0.10561	0.00708	0.01099	0.00694	0.00645	0.01136	0.00881	0.01441	0.00792	0.00994	0.00665	0.00367	0.00332	0.00085	0.00364	0.02752	0.00250	0.62901
6	0.00698	0.09518	0.00895	0.00719	0.00817	0.00716	0.00576	0.00837	0.00706	0.00995	0.01061	0.01589	0.01008	0.07123	0.63712	0.00575	0.07390	0.00439	0.00224	0.00403
7	0.01041	0.01643	0.48008	0.01098	0.01623	0.00885	0.07708	0.03092	0.00982	0.12252	0.00909	0.01004	0.00646	0.00407	0.00404	0.00123	0.00544	0.00339	0.00251	0.17040
8	0.00972	0.11083	0.11473	0.00737	0.01126	0.00787	0.00684	0.01254	0.05865	0.06153	0.01056	0.01123	0.05055	0.00407	0.00350	0.00090	0.00375	0.00320	0.00273	0.50818
9	0.00791	0.00630	0.05723	0.00691	0.00824	0.00574	0.01646	0.03485	0.08161	0.05108	0.01612	0.07022	0.09833	0.10719	0.19073	0.18471	0.00548	0.04393	0.00298	0.00400
10	0.00665	0.04614	0.06040	0.00619	0.00777	0.01861	0.00522	0.00865	0.02689	0.01432	0.39481	0.05993	0.25899	0.00883	0.00545	0.00141	0.05416	0.00739	0.00395	0.00425
11	0.01109	0.35906	0.33610	0.00939	0.01402	0.01242	0.01052	0.01461	0.05876	0.09893	0.00860	0.00922	0.00654	0.00414	0.00357	0.00116	0.00508	0.00303	0.00238	0.03139
12	0.00698	0.00426	0.00589	0.00578	0.00617	0.00431	0.00399	0.00641	0.00641	0.00873	0.01149	0.05270	0.05064	0.13786	0.14510	0.47264	0.01985	0.00482	0.00228	0.04368
13	0.00765	0.00453	0.00536	0.00511	0.00550	0.00446	0.00313	0.00789	0.00694	0.09543	0.01385	0.02626	0.01492	0.72379	0.05471	0.00399	0.00444	0.00599	0.00289	0.00317
14	0.01157	0.00998	0.03584	0.00958	0.04769	0.01051	0.00746	0.20781	0.42195	0.01927	0.05160	0.01410	0.01165	0.00543	0.00447	0.00133	0.02215	0.00440	0.00395	0.09927
15	0.13075	0.06173	0.01221	0.16756	0.06858	0.08567	0.01916	0.18248	0.02722	0.01556	0.00805	0.01022	0.00649	0.00677	0.04597	0.05826	0.08185	0.00351	0.00264	0.00533

[dist]
# distance from previous block
# <min> <max>
0	4

[block]
# block no. 4 follows, 61 sequences, length 41
# corresponding to MSA columns:
# 462-502
name=unknown_E
#
# <colnr> <probs for GDERKNQSTAVLIFYWHMCP>
#	G	D	E	R	K	N	Q	S	T	A	V	L	I	F	Y	W	H	M	C	P
0	0.00866	0.01154	0.27390	0.02153	0.05320	0.00755	0.05460	0.04107	0.01005	0.04776	0.01556	0.06406	0.01531	0.00796	0.00505	0.00165	0.00496	0.34723	0.00313	0.00524
1	0.05065	0.03512	0.00985	0.01064	0.18395	0.00672	0.05325	0.02355	0.02913	0.03301	0.18739	0.04370	0.30094	0.00765	0.00467	0.00137	0.00334	0.00666	0.00355	0.00487
2	0.00842	0.00748	0.01024	0.00953	0.01026	0.00931	0.02148	0.01104	0.09911	0.01239	0.04116	0.07047	0.01528	0.00909	0.00939	0.00184	0.38092	0.26489	0.00307	0.00463
3	0.00919	0.00765	0.00896	0.00641	0.01023	0.00576	0.00513	0.01110	0.00902	0.03403	0.00789	0.00907	0.00649	0.00324	0.00322	0.00066	0.00320	0.00260	0.00262	0.85355
4	0.00542	0.00405	0.00504	0.00548	0.00620	0.00367	0.00385	0.00657	0.00959	0.01271	0.22688	0.45730	0.21405	0.01173	0.00530	0.00158	0.00231	0.01041	0.00418	0.00367
5	0.01291	0.03120	0.01217	0.09271	0.05416	0.03679	0.00828	0.37130	0.20215	0.02029	0.03040	0.01230	0.00922	0.00533	0.00479	0.00136	0.05102	0.00412	0.03301	0.00648
6	0.05184	0.03422	0.02393	0.04329	0.05777	0.38171	0.05256	0.06954	0.01206	0.21782	0.00971	0.01016	0.00705	0.00459	0.00405	0.00123	0.00600	0.00344	0.00313	0.00589
7	0.01283	0.00749	0.01064	0.22556	0.04637	0.00790	0.00790	0.05876	0.02141	0.32751	0.06010	0.01566	0.02853	0.07096	0.00644	0.00161	0.06435	0.00455	0.00368	0.01773
8	0.00877	0.00835	0.05426	0.00663	0.01051	0.00590	0.00564	0.01083	0.00897	0.01392	0.00902	0.01017	0.03700	0.00353	0.00331	0.00071	0.00333	0.00283	0.00257	0.79375
9	0.01033	0.13383	0.55464	0.01075	0.01619	0.01027	0.02337	0.01422	0.00943	0.10850	0.00859	0.00947	0.00615	0.00412	0.00389	0.00125	0.00561	0.00318	0.00229	0.06393
10	0.01029	0.07563	0.04288	0.00861	0.01182	0.00941	0.04641	0.11600	0.02903	0.01490	0.00783	0.00935	0.00645	0.00434	0.00529	0.00104	0.14402	0.00311	0.00261	0.45098
11	0.01066	0.01023	0.01748	0.02644	0.82174	0.01023	0.01322	0.01322	0.00981	0.01407	0.00810	0.01066	0.00682	0.00384	0.00426	0.00128	0.00512	0.00384	0.00213	0.00682
12	0.00964	0.00832	0.01274	0.67428	0.02631	0.01007	0.01113	0.12360	0.03750	0.03267	0.00859	0.01155	0.00633	0.00450	0.00431	0.00141	0.00547	0.00388	0.00241	0.00527
13	0.01221	0.00986	0.01302	0.41681	0.03863	0.01143	0.01015	0.39956	0.01432	0.01895	0.00898	0.01091	0.00654	0.00472	0.00431	0.00136	0.00524	0.00385	0.00309	0.00607
14	0.00630	0.00416	0.00472	0.00472	0.00472	0.00416	0.00264	0.00625	0.00625	0.00833	0.01339	0.02775	0.01542	0.82416	0.02178	0.02971	0.00416	0.00619	0.00259	0.00259
15	0.00560	0.00498	0.03594	0.00544	0.00667	0.00408	0.00420	0.00718	0.02701	0.01286	0.20093	0.26557	0.38228	0.01083	0.00515	0.00151	0.00242	0.00940	0.00408	0.00386
16	0.00914	0.00754	0.00886	0.00641	0.01012	0.00570	0.00511	0.01101	0.00901	0.03774	0.00837	0.03202	0.00711	0.00354	0.00329	0.00069	0.00319	0.00287	0.00267	0.82563
17	0.01637	0.01207	0.01293	0.00991	0.01336	0.01336	0.00819	0.80738	0.02025	0.02715	0.01034	0.01034	0.00733	0.00517	0.00431	0.00129	0.00474	0.00388	0.00431	0.00733
18	0.02554	0.00814	0.01334	0.11633	0.48841	0.00832	0.01041	0.01104	0.00928	0.01310	0.02610	0.21492	0.01277	0.00645	0.00458	0.00142	0.00445	0.01710	0.00264	0.00564
19	0.00937	0.05317	0.00931	0.00763	0.00867	0.03430	0.00595	0.09696	0.03529	0.02992	0.05933	0.06106	0.06910	0.00995	0.01064	0.29540	0.17943	0.00478	0.00276	0.01695
20	0.00874	0.05058	0.79886	0.01211	0.01838	0.01024	0.01562	0.01362	0.00908	0.01352	0.00767	0.00902	0.00546	0.00408	0.00405	0.00135	0.00631	0.00315	0.00182	0.00634
21	0.01324	0.00920	0.03292	0.07272	0.26787	0.00920	0.04556	0.05856	0.01075	0.27922	0.01154	0.01370	0.00871	0.00525	0.00556	0.00142	0.10277	0.04203	0.00334	0.00643
22	0.01021	0.02517	0.10759	0.15198	0.38714	0.00945	0.06154	0.01288	0.00953	0.07714	0.00996	0.08138	0.00856	0.00494	0.00460	0.00138	0.02346	0.00456	0.00246	0.00607
23	0.00959	0.00912	0.01548	0.23593	0.45548	0.00964	0.06407	0.01270	0.05196	0.01327	0.00972	0.05667	0.00845	0.00477	0.00444	0.00138	0.00516	0.02385	0.00234	0.00598
24	0.00590	0.00446	0.00562	0.02801	0.00693	0.00410	0.00410	0.00771	0.01144	0.01565	0.59894	0.05983	0.21280	0.00930	0.00508	0.00139	0.00218	0.00811	0.00448	0.00397
25	0.14882	0.00832	0.00902	0.05410	0.01114	0.04986	0.00681	0.21176	0.01263	0.07749	0.12136	0.02356	0.01625	0.00726	0.00459	0.00150	0.00407	0.22234	0.00385	0.00528
26	0.01015	0.01013	0.03155	0.16484	0.59923	0.01018	0.08495	0.01290	0.00962	0.01351	0.00807	0.01086	0.00659	0.00390	0.00434	0.00132	0.00544	0.00394	0.00209	0.00637
27	0.00564	0.00431	0.00537	0.00591	0.00680	0.00404	0.00450	0.00685	0.00905	0.01154	0.02959	0.30337	0.31333	0.01402	0.08493	0.00219	0.00357	0.17746	0.00383	0.00368
28	0.00644	0.00459	0.00603	0.00591	0.02541	0.00422	0.00428	0.00839	0.01192	0.03559	0.72166	0.04925	0.08229	0.00883	0.00505	0.00137	0.00216	0.00779	0.00464	0.00417
29	0.00908	0.00896	0.01317	0.37301	0.07894	0.03876	0.01065	0.01098	0.00794	0.01094	0.00716	0.02976	0.00630	0.00589	0.00858	0.00161	0.36745	0.00396	0.00198	0.00488
30	0.09465	0.00770	0.00985	0.00762	0.01090	0.00704	0.00629	0.06678	0.01236	0.70681	0.01563	0.01373	0.00994	0.00520	0.00418	0.00133	0.00370	0.00413	0.00504	0.00710
31	0.00512	0.00424	0.00449	0.00469	0.00590	0.00361	0.00342	0.00615	0.00950	0.01151	0.03966	0.20237	0.66165	0.01143	0.00517	0.00151	0.00225	0.00972	0.00400	0.00361
32	0.00945	0.00978	0.06052	0.37957	0.43173	0.00993	0.01282	0.01228	0.00925	0.01271	0.00789	0.01093	0.00628	0.00406	0.00427	0.00135	0.00546	0.00380	0.00202	0.00591
33	0.00923	0.01178	0.21418	0.01193	0.08429	0.06561	0.09354	0.03901	0.01025	0.03248	0.01463	0.05224	0.01434	0.00753	0.00500	0.00160	0.00525	0.31888	0.00301	0.00526
34	0.87904	0.00833	0.00633	0.00566	0.00833	0.00966	0.00467	0.01266	0.00733	0.01933	0.00600	0.00700	0.00467	0.00400	0.00267	0.00133	0.00333	0.00233	0.00267	0.00467
35	0.00732	0.00495	0.00772	0.25912	0.01302	0.00548	0.00626	0.00732	0.00700	0.00914	0.01077	0.11941	0.03575	0.01140	0.01120	0.46974	0.00414	0.00502	0.00222	0.00302
36	0.00589	0.00455	0.00513	0.00533	0.00661	0.00405	0.00409	0.00735	0.02834	0.03200	0.04941	0.15398	0.53831	0.01113	0.00524	0.00157	0.00256	0.12658	0.00405	0.00384
37	0.00894	0.00823	0.01362	0.06112	0.48388	0.00822	0.03979	0.01135	0.02230	0.01396	0.13275	0.12209	0.04302	0.00611	0.00461	0.00137	0.00430	0.00575	0.00285	0.00573
38	0.03025	0.00740	0.00852	0.00691	0.02864	0.00638	0.00518	0.03404	0.09576	0.01430	0.02835	0.02810	0.03987	0.09312	0.00549	0.00122	0.00334	0.00378	0.00292	0.55644
39	0.05020	0.09723	0.01203	0.18121	0.09504	0.04144	0.00815	0.10831	0.08147	0.03326	0.01158	0.05969	0.03519	0.02637	0.05894	0.00174	0.01260	0.02162	0.00287	0.06108
40	0.01071	0.01085	0.11056	0.13870	0.36105	0.01951	0.02849	0.07105	0.01042	0.07191	0.03738	0.04001	0.00865	0.00477	0.00469	0.00135	0.03639	0.00420	0.00261	0.02672

[dist]
# distance from previous block
# <min> <max>
2	45

[block]
# block no. 5 follows, 61 sequences, length 13
# corresponding to MSA columns:
# 548-560
name=unknown_F
#
# <colnr> <probs for GDERKNQSTAVLIFYWHMCP>
#	G	D	E	R	K	N	Q	S	T	A	V	L	I	F	Y	W	H	M	C	P
0	0.01043	0.11384	0.28963	0.08117	0.11178	0.02247	0.04757	0.08063	0.04026	0.05154	0.00966	0.01110	0.03082	0.00496	0.00471	0.04572	0.00529	0.00365	0.00245	0.03234
1	0.09530	0.11128	0.31264	0.08409	0.13616	0.01096	0.04631	0.02788	0.10891	0.01441	0.00871	0.01007	0.00665	0.00423	0.00393	0.00132	0.00527	0.00345	0.00234	0.00608
2	0.02894	0.03167	0.10647	0.02285	0.05300	0.04119	0.03160	0.02580	0.00925	0.01359	0.05245	0.02371	0.02998	0.00765	0.10223	0.00169	0.01685	0.00366	0.00256	0.39487
3	0.03325	0.00911	0.01344	0.09609	0.21681	0.04508	0.10989	0.06574	0.03713	0.07082	0.07329	0.01451	0.04066	0.03166	0.02816	0.01913	0.02424	0.00449	0.00289	0.06360
4	0.00796	0.00639	0.00826	0.00751	0.02299	0.04341	0.06738	0.03625	0.02449	0.03212	0.06988	0.05061	0.01467	0.37419	0.16642	0.00361	0.02871	0.00566	0.00284	0.02665
5	0.00629	0.00471	0.00676	0.00662	0.00748	0.00523	0.00505	0.00774	0.00723	0.01041	0.05265	0.01833	0.01252	0.10325	0.67690	0.00609	0.00999	0.00483	0.00247	0.04545
6	0.02622	0.48369	0.03795	0.00769	0.01045	0.05038	0.00713	0.01189	0.00903	0.03744	0.01076	0.11111	0.01094	0.00616	0.00408	0.00123	0.03542	0.10835	0.00254	0.02754
7	0.00533	0.00395	0.00497	0.00561	0.00619	0.00360	0.00387	0.00631	0.00906	0.01192	0.12953	0.58585	0.18329	0.01239	0.00537	0.00164	0.00238	0.01106	0.00409	0.00360
8	0.00748	0.00374	0.00561	0.00561	0.00561	0.00374	0.00374	0.00561	0.00561	0.00748	0.00748	0.01309	0.00748	0.01496	0.01684	0.87467	0.00374	0.00374	0.00187	0.00187
9	0.19103	0.03345	0.04291	0.02605	0.03827	0.07539	0.10687	0.07171	0.08749	0.26790	0.01137	0.01139	0.00797	0.00465	0.00400	0.00133	0.00464	0.00379	0.00359	0.00621
10	0.04795	0.34977	0.08466	0.02509	0.08062	0.12745	0.03292	0.08084	0.05083	0.03009	0.00773	0.00877	0.00630	0.00420	0.00375	0.00114	0.02351	0.00303	0.00239	0.02896
11	0.01094	0.24516	0.37211	0.01029	0.01497	0.05786	0.04918	0.03605	0.02709	0.07557	0.02932	0.00975	0.00709	0.00423	0.00379	0.00121	0.00548	0.00325	0.00236	0.03429
12	0.05697	0.32215	0.06314	0.00864	0.01198	0.04904	0.04173	0.12040	0.08865	0.06615	0.02514	0.01085	0.03242	0.00469	0.00397	0.00117	0.03265	0.00346	0.00287	0.05395

[dist]
# distance from previous block
# <min> <max>
1	27

[block]
# block no. 6 follows, 61 sequences, length 15
# corresponding to MSA columns:
# 588-602
name=unknown_G
#
# <colnr> <probs for GDERKNQSTAVLIFYWHMCP>
#	G	D	E	R	K	N	Q	S	T	A	V	L	I	F	Y	W	H	M	C	P
0	0.01021	0.14915	0.01388	0.34010	0.05447	0.02460	0.03368	0.04761	0.02642	0.07592	0.02676	0.01310	0.04067	0.01867	0.00484	0.00135	0.04539	0.01493	0.00257	0.05569
1	0.10032	0.00836	0.01020	0.04233	0.01079	0.03963	0.01818	0.01043	0.00807	0.02622	0.01296	0.01545	0.13695	0.00730	0.02471	0.00161	0.36400	0.02286	0.00254	0.13708
2	0.00789	0.00698	0.00980	0.14457	0.07381	0.00772	0.00736	0.00972	0.02840	0.01239	0.10476	0.12770	0.08553	0.00748	0.00696	0.02676	0.18658	0.00569	0.00287	0.13705
3	0.01025	0.06688	0.01092	0.05303	0.04646	0.04116	0.04838	0.07218	0.03690	0.09906	0.03471	0.04396	0.01582	0.00776	0.00486	0.00153	0.00435	0.32728	0.00356	0.07096
4	0.00912	0.00854	0.01053	0.00944	0.02330	0.07879	0.00747	0.01040	0.00773	0.03168	0.03169	0.01257	0.00853	0.03109	0.24436	0.00315	0.38095	0.00400	0.00228	0.08437
5	0.00591	0.00476	0.00614	0.00588	0.00719	0.00428	0.04415	0.00735	0.01013	0.01300	0.21519	0.08064	0.41672	0.03168	0.00589	0.01979	0.00273	0.11074	0.00400	0.00382
6	0.01038	0.00799	0.00980	0.03848	0.05179	0.00667	0.00608	0.04357	0.04248	0.09486	0.00911	0.01003	0.00711	0.00366	0.00349	0.00083	0.00350	0.00299	0.00293	0.64427
7	0.01809	0.00737	0.00987	0.00751	0.01090	0.00626	0.00618	0.01978	0.01192	0.72791	0.01588	0.01398	0.01015	0.00508	0.00420	0.00125	0.00361	0.00412	0.00500	0.11095
8	0.00893	0.00766	0.00893	0.00638	0.01021	0.00574	0.00510	0.01085	0.00893	0.01404	0.00766	0.00893	0.00638	0.00319	0.00319	0.00064	0.00319	0.00255	0.00255	0.87495
9	0.01041	0.01075	0.05804	0.06819	0.70921	0.01021	0.04364	0.01315	0.00972	0.01388	0.00808	0.01066	0.00669	0.00387	0.00429	0.00130	0.00529	0.00385	0.00211	0.00665
10	0.00763	0.00670	0.05914	0.14185	0.01228	0.00590	0.02071	0.02149	0.02244	0.05102	0.07213	0.30549	0.02898	0.02113	0.00513	0.00155	0.00371	0.11010	0.00344	0.09917
11	0.01132	0.04149	0.01266	0.06831	0.21288	0.02204	0.02918	0.01336	0.00969	0.15581	0.00974	0.02393	0.00776	0.00439	0.00444	0.00112	0.04872	0.01669	0.00286	0.30361
12	0.00648	0.00504	0.00632	0.00618	0.00759	0.00426	0.00444	0.00764	0.00851	0.01203	0.01856	0.55464	0.02129	0.01015	0.00477	0.00140	0.00276	0.03146	0.00353	0.28296
13	0.00893	0.00766	0.00893	0.00638	0.01021	0.00574	0.00510	0.01085	0.00893	0.01404	0.00766	0.00893	0.00638	0.00319	0.00319	0.00064	0.00319	0.00255	0.00255	0.87495
14	0.64659	0.02986	0.05297	0.00721	0.04048	0.00978	0.00591	0.01364	0.08566	0.01818	0.00738	0.00823	0.00572	0.00413	0.00300	0.00130	0.00360	0.00269	0.00274	0.05093

[dist]
# distance from previous block
# <min> <max>
0	1

[block]
# block no. 7 follows, 61 sequences, length 19
# corresponding to MSA columns:
# 604-622
name=unknown_H
#
# <colnr> <probs for GDERKNQSTAVLIFYWHMCP>
#	G	D	E	R	K	N	Q	S	T	A	V	L	I	F	Y	W	H	M	C	P
0	0.00941	0.00965	0.01493	0.01215	0.01331	0.04027	0.18457	0.01117	0.01983	0.01117	0.00737	0.01116	0.00673	0.02457	0.10611	0.00238	0.50413	0.00418	0.00206	0.00486
1	0.02293	0.10484	0.26551	0.19220	0.01709	0.00930	0.01052	0.01412	0.00977	0.20851	0.02299	0.01364	0.04955	0.00505	0.00428	0.00135	0.01636	0.02320	0.00291	0.00588
2	0.00876	0.02984	0.50292	0.19411	0.01990	0.00943	0.04639	0.01275	0.00913	0.03905	0.00938	0.05002	0.00759	0.00491	0.00431	0.00142	0.00587	0.03629	0.00216	0.00578
3	0.01463	0.01014	0.01087	0.00854	0.01144	0.01107	0.00699	0.60651	0.01753	0.04997	0.01137	0.01174	0.00825	0.00514	0.00402	0.00123	0.00410	0.00392	0.19595	0.00660
4	0.00645	0.00441	0.00657	0.00657	0.00715	0.00499	0.00494	0.00719	0.00661	0.00940	0.01070	0.01640	0.01018	0.05150	0.62892	0.19835	0.00961	0.00447	0.00222	0.00338
5	0.01433	0.01781	0.01518	0.02785	0.01555	0.59729	0.18450	0.01602	0.01143	0.01126	0.00708	0.00876	0.00577	0.00440	0.00463	0.00123	0.04620	0.00335	0.00219	0.00516
6	0.01057	0.00863	0.00981	0.00716	0.01090	0.00742	0.00578	0.18663	0.01143	0.01693	0.00825	0.00924	0.00659	0.00363	0.00344	0.00078	0.00353	0.00284	0.00294	0.68348
7	0.01205	0.00804	0.00957	0.00708	0.01068	0.00675	0.00573	0.10961	0.01104	0.19447	0.01037	0.02748	0.00789	0.00411	0.00362	0.00089	0.00347	0.00330	0.00341	0.56041
8	0.00928	0.03327	0.09580	0.00659	0.00952	0.00599	0.00585	0.01155	0.02236	0.09091	0.03302	0.09724	0.02406	0.00527	0.00368	0.00103	0.00325	0.00437	0.19496	0.34200
9	0.00898	0.01993	0.64955	0.01357	0.01950	0.01020	0.19030	0.01368	0.00933	0.01368	0.00795	0.00965	0.00569	0.00399	0.00431	0.00138	0.00656	0.00360	0.00190	0.00624
10	0.00755	0.00591	0.00921	0.01111	0.18725	0.00641	0.00697	0.00922	0.00768	0.03531	0.01107	0.01618	0.01020	0.07666	0.57306	0.00534	0.00942	0.00454	0.00238	0.00453
11	0.00545	0.00394	0.00484	0.00546	0.00584	0.00367	0.00358	0.00608	0.00805	0.01051	0.02450	0.54381	0.14527	0.19740	0.00906	0.00224	0.00282	0.01045	0.00369	0.00332
12	0.00798	0.00978	0.18810	0.00739	0.01067	0.00616	0.00701	0.01017	0.00849	0.01275	0.01071	0.10161	0.01036	0.12455	0.02660	0.00160	0.00415	0.01769	0.02230	0.41193
13	0.01092	0.15157	0.01155	0.00824	0.01057	0.05341	0.00661	0.15529	0.31841	0.01635	0.01512	0.19619	0.01382	0.00698	0.00432	0.00139	0.00387	0.00578	0.00374	0.00586
14	0.01136	0.05899	0.30006	0.01448	0.15926	0.19977	0.09999	0.01444	0.01013	0.03644	0.00784	0.00939	0.00604	0.00405	0.00408	0.00124	0.00624	0.00337	0.00215	0.05070
15	0.00992	0.04240	0.41076	0.02662	0.14523	0.01037	0.20146	0.01398	0.02303	0.04919	0.00850	0.01027	0.00629	0.00407	0.00450	0.00137	0.01981	0.00381	0.00215	0.00628
16	0.01032	0.02164	0.62724	0.01216	0.01756	0.19128	0.03338	0.01443	0.00981	0.01296	0.00752	0.00886	0.00550	0.00416	0.00407	0.00131	0.00670	0.00314	0.00192	0.00605
17	0.00769	0.00730	0.05420	0.19785	0.13404	0.00695	0.02042	0.01787	0.03561	0.02024	0.04616	0.06818	0.14180	0.19255	0.00846	0.00204	0.00432	0.02694	0.00285	0.00453
18	0.01296	0.07027	0.10327	0.01350	0.21853	0.08390	0.04023	0.03120	0.01065	0.24985	0.01235	0.11279	0.01022	0.00554	0.00431	0.00133	0.00480	0.00478	0.00329	0.00623

[dist]
# distance from previous block
# <min> <max>
2	12

[block]
# block no. 8 follows, 61 sequences, length 11
# corresponding to MSA columns:
# 635-645
name=unknown_I
#
# <colnr> <probs for GDERKNQSTAVLIFYWHMCP>
#	G	D	E	R	K	N	Q	S	T	A	V	L	I	F	Y	W	H	M	C	P
0	0.06253	0.24350	0.21944	0.01023	0.01420	0.01159	0.11073	0.05838	0.04660	0.07667	0.00986	0.01299	0.00813	0.00491	0.00420	0.00132	0.02354	0.07269	0.00264	0.00587
1	0.01001	0.04805	0.04261	0.02101	0.03415	0.00725	0.00636	0.03160	0.00919	0.09000	0.00888	0.01073	0.00730	0.03588	0.05710	0.00139	0.05386	0.00316	0.00272	0.51875
2	0.02719	0.01371	0.37774	0.00940	0.01341	0.00805	0.01023	0.04902	0.01002	0.16702	0.08540	0.01331	0.02501	0.00613	0.00584	0.09117	0.03358	0.00400	0.00296	0.04682
3	0.01052	0.29761	0.21733	0.08333	0.12987	0.01222	0.01054	0.07788	0.00994	0.01344	0.00739	0.00887	0.00595	0.00393	0.00361	0.00113	0.00508	0.00303	0.00216	0.09619
4	0.06659	0.14273	0.01361	0.56368	0.02325	0.01038	0.01003	0.01140	0.00858	0.01173	0.00728	0.01019	0.00570	0.00407	0.00383	0.00126	0.00514	0.00335	0.00202	0.09516
5	0.01015	0.03099	0.10193	0.18211	0.32022	0.10343	0.01107	0.01315	0.04745	0.02416	0.06987	0.02821	0.00978	0.02378	0.00467	0.00138	0.00527	0.00417	0.00245	0.00577
6	0.00824	0.00715	0.01011	0.13223	0.07282	0.00704	0.05317	0.02458	0.10289	0.01333	0.02446	0.19715	0.02798	0.01838	0.03674	0.00155	0.00417	0.02312	0.00304	0.23186
7	0.01146	0.11889	0.15820	0.06711	0.12362	0.18866	0.01006	0.03592	0.02662	0.03153	0.00763	0.00922	0.00615	0.00437	0.00466	0.00120	0.07528	0.00317	0.00226	0.11401
8	0.00703	0.00480	0.00651	0.00603	0.00657	0.00480	0.05097	0.00759	0.00701	0.04766	0.01384	0.07928	0.01505	0.58911	0.13209	0.00410	0.00525	0.00627	0.00276	0.00325
9	0.00609	0.00481	0.00647	0.00789	0.09111	0.00449	0.00517	0.00742	0.00948	0.01244	0.11639	0.35537	0.23053	0.01109	0.00528	0.00161	0.00283	0.11365	0.00388	0.00400
10	0.00890	0.00746	0.00871	0.00651	0.00994	0.00587	0.00513	0.04759	0.00939	0.01433	0.00945	0.09581	0.00872	0.00435	0.00348	0.00078	0.00319	0.00362	0.00278	0.74398

[dist]
# distance from previous block
# <min> <max>
0	2

[block]
# block no. 9 follows, 61 sequences, length 37
# corresponding to MSA columns:
# 648-684
name=unknown_J
#
# <colnr> <probs for GDERKNQSTAVLIFYWHMCP>
#	G	D	E	R	K	N	Q	S	T	A	V	L	I	F	Y	W	H	M	C	P
0	0.00696	0.00558	0.00785	0.13292	0.01037	0.00665	0.00587	0.00801	0.00688	0.00956	0.01091	0.01944	0.01119	0.34337	0.27441	0.00431	0.12476	0.00502	0.00231	0.00363
1	0.02965	0.23471	0.04394	0.03951	0.03135	0.04713	0.14304	0.19774	0.07047	0.04129	0.00914	0.01953	0.00717	0.00438	0.00392	0.00120	0.00507	0.00365	0.00288	0.06424
2	0.01427	0.00993	0.01096	0.00882	0.01125	0.04401	0.00721	0.40283	0.01476	0.13570	0.01108	0.01171	0.00812	0.00550	0.00556	0.00133	0.13118	0.00391	0.15560	0.00626
3	0.00575	0.00384	0.00491	0.00574	0.00613	0.00364	0.00393	0.00672	0.00839	0.01178	0.02206	0.67831	0.02549	0.02659	0.00542	0.00169	0.00250	0.03768	0.13587	0.00358
4	0.00802	0.00751	0.01262	0.80659	0.02878	0.00934	0.01166	0.01082	0.00860	0.01101	0.00827	0.04324	0.00661	0.00466	0.00435	0.00145	0.00562	0.00415	0.00199	0.00474
5	0.02972	0.01049	0.09711	0.05077	0.19357	0.02383	0.07026	0.08655	0.03126	0.20456	0.01155	0.07616	0.00923	0.00548	0.00526	0.00141	0.07869	0.00461	0.00323	0.00625
6	0.00616	0.00448	0.00585	0.00573	0.00677	0.00417	0.00445	0.00812	0.01169	0.01624	0.64741	0.03528	0.08955	0.00941	0.00521	0.00146	0.00234	0.12708	0.00458	0.00402
7	0.02634	0.00836	0.00952	0.00697	0.01068	0.00707	0.00561	0.13221	0.02580	0.02813	0.00836	0.00933	0.00668	0.00359	0.00339	0.00078	0.00344	0.00282	0.00290	0.69802
8	0.20959	0.00774	0.00995	0.14456	0.01352	0.00797	0.03679	0.05507	0.01038	0.36780	0.01201	0.01311	0.00855	0.06728	0.01623	0.00164	0.00426	0.00395	0.00376	0.00586
9	0.00752	0.00620	0.01005	0.00872	0.01019	0.00674	0.12702	0.06745	0.00836	0.01174	0.01114	0.01628	0.01015	0.07307	0.59837	0.00552	0.00996	0.00473	0.00245	0.00433
10	0.06943	0.17490	0.21074	0.02489	0.04364	0.02604	0.04795	0.08851	0.02721	0.04533	0.00781	0.00925	0.00617	0.00463	0.00529	0.00129	0.13198	0.00326	0.00241	0.06927
11	0.02013	0.04933	0.05114	0.40159	0.17574	0.16078	0.01116	0.02903	0.01759	0.03244	0.00785	0.01038	0.00611	0.00426	0.00413	0.00131	0.00585	0.00355	0.00217	0.00545
12	0.00929	0.00601	0.00729	0.00654	0.00772	0.00633	0.00476	0.15282	0.00968	0.09246	0.01361	0.04730	0.02566	0.36195	0.22566	0.00396	0.00605	0.00545	0.00317	0.00429
13	0.00600	0.00431	0.00501	0.00507	0.00613	0.00396	0.00375	0.00763	0.02050	0.01394	0.26375	0.15680	0.29810	0.01031	0.02676	0.00156	0.00246	0.02404	0.13607	0.00385
14	0.01009	0.01031	0.03542	0.11792	0.24922	0.08831	0.13875	0.01210	0.02579	0.01189	0.00778	0.01092	0.00657	0.00615	0.00758	0.13403	0.11596	0.00392	0.00209	0.00519
15	0.00877	0.07927	0.64537	0.13736	0.01978	0.01044	0.01470	0.01319	0.00900	0.01299	0.00759	0.00930	0.00551	0.00410	0.00403	0.00134	0.00615	0.00322	0.00184	0.00607
16	0.03001	0.00864	0.01257	0.56120	0.07646	0.02448	0.01067	0.15057	0.01078	0.01449	0.00845	0.01131	0.00635	0.00446	0.00419	0.00137	0.00530	0.00379	0.04960	0.00532
17	0.00628	0.00547	0.06539	0.00557	0.00612	0.00456	0.00394	0.00684	0.00681	0.00923	0.01458	0.15036	0.01660	0.61749	0.05986	0.00374	0.00446	0.00686	0.00275	0.00309
18	0.02486	0.09643	0.43824	0.01278	0.03753	0.03441	0.18758	0.01342	0.01927	0.02670	0.00904	0.06386	0.00740	0.00461	0.00426	0.00136	0.00602	0.00414	0.00217	0.00594
19	0.14039	0.00776	0.01192	0.71183	0.02643	0.00958	0.01085	0.01126	0.00842	0.01227	0.00740	0.01080	0.00558	0.00426	0.00406	0.00142	0.00538	0.00360	0.00203	0.00477
20	0.01009	0.00513	0.00594	0.00526	0.00681	0.00501	0.01893	0.05481	0.01040	0.13951	0.07354	0.01664	0.01288	0.00533	0.00347	0.00110	0.00251	0.00435	0.61357	0.00473
21	0.00574	0.00429	0.00602	0.00761	0.06647	0.00407	0.00484	0.00669	0.00845	0.01133	0.02254	0.74120	0.02669	0.01270	0.00543	0.00173	0.00277	0.05379	0.00386	0.00377
22	0.14326	0.72321	0.02011	0.00711	0.01064	0.01592	0.00696	0.01286	0.00854	0.01153	0.00599	0.00692	0.00540	0.00373	0.00275	0.00098	0.00441	0.00231	0.00197	0.00540
23	0.00525	0.00375	0.00500	0.00600	0.00625	0.00350	0.00400	0.00600	0.00825	0.01100	0.02374	0.84580	0.02849	0.01350	0.00550	0.00175	0.00250	0.01225	0.00400	0.00350
24	0.00638	0.00506	0.00764	0.13298	0.01089	0.00589	0.00623	0.00808	0.00739	0.01027	0.01331	0.01790	0.06962	0.02648	0.64504	0.00569	0.00997	0.00483	0.00237	0.00397
25	0.00541	0.00386	0.00518	0.00618	0.00650	0.00364	0.00427	0.00627	0.00840	0.01117	0.02365	0.77118	0.02814	0.01335	0.00554	0.00177	0.00264	0.08530	0.00400	0.00354
26	0.01190	0.00523	0.00644	0.00570	0.00748	0.00482	0.00442	0.01359	0.01017	0.32255	0.01664	0.14153	0.01355	0.00642	0.00389	0.00124	0.00271	0.00539	0.41114	0.00520
27	0.00893	0.00731	0.00843	0.00637	0.00951	0.00600	0.00492	0.02346	0.06806	0.02580	0.00946	0.01249	0.00837	0.13183	0.00616	0.00126	0.00339	0.00333	0.00276	0.65216
28	0.00813	0.00766	0.01292	0.83826	0.02967	0.00957	0.01196	0.01101	0.00861	0.01101	0.00766	0.01148	0.00574	0.00431	0.00431	0.00144	0.00574	0.00383	0.00191	0.00479
29	0.05475	0.00811	0.01228	0.00970	0.01222	0.00807	0.20086	0.14500	0.04097	0.09124	0.21012	0.02106	0.03985	0.06839	0.00603	0.00162	0.00431	0.05633	0.00375	0.00534
30	0.00818	0.00873	0.07219	0.46251	0.06458	0.00939	0.02563	0.01077	0.01909	0.01148	0.01082	0.07615	0.04855	0.00593	0.00596	0.00153	0.13210	0.01929	0.00225	0.00488
31	0.01086	0.00984	0.01555	0.22967	0.48304	0.01059	0.01207	0.13320	0.01103	0.01521	0.00828	0.01080	0.00660	0.00423	0.00446	0.00133	0.02061	0.00384	0.00240	0.00634
32	0.00987	0.02409	0.01264	0.17857	0.15872	0.11107	0.06800	0.05263	0.04118	0.01363	0.06013	0.02176	0.01332	0.00651	0.00475	0.00149	0.00516	0.20835	0.00292	0.00521
33	0.00995	0.01023	0.01392	0.51625	0.21881	0.13452	0.01171	0.01248	0.00945	0.01168	0.00761	0.01072	0.00597	0.00421	0.00423	0.00135	0.00590	0.00367	0.00201	0.00531
34	0.00616	0.00446	0.00562	0.00581	0.00670	0.00415	0.00420	0.00790	0.04056	0.02887	0.29705	0.36545	0.12225	0.02471	0.00548	0.00158	0.00246	0.03813	0.00423	0.02422
35	0.01368	0.07767	0.01645	0.01342	0.07993	0.36712	0.21023	0.01617	0.05201	0.08192	0.00867	0.00996	0.00673	0.00434	0.00441	0.00125	0.02415	0.00367	0.00254	0.00567
36	0.00614	0.00490	0.00529	0.00511	0.00659	0.00447	0.00385	0.00851	0.08967	0.03043	0.18716	0.05538	0.55707	0.00995	0.00501	0.00144	0.00231	0.00840	0.00421	0.00411

[dist]
# distance from previous block
# <min> <max>
0	3

[block]
# block no. 10 follows, 61 sequences, length 30
# corresponding to MSA columns:
# 688-717
name=unknown_K
#
# <colnr> <probs for GDERKNQSTAVLIFYWHMCP>
#	G	D	E	R	K	N	Q	S	T	A	V	L	I	F	Y	W	H	M	C	P
0	0.02905	0.59332	0.07308	0.00860	0.02396	0.06929	0.02092	0.05703	0.06722	0.01218	0.00728	0.00808	0.00619	0.00400	0.00318	0.00104	0.00488	0.00273	0.00221	0.00574
