[name]
unknown

[dist]
# distance from previous block
# <min> <max>
0	61

[block]
# block no. 0 follows, 56 sequences, length 38
# corresponding to MSA columns:
# 61-93,102-106
name=unknown_A
#
# <colnr> <probs for GDERKNQSTAVLIFYWHMCP>
#	G	D	E	R	K	N	Q	S	T	A	V	L	I	F	Y	W	H	M	C	P
0	0.03900	0.04513	0.02502	0.04172	0.06710	0.00780	0.04293	0.10355	0.02176	0.01579	0.13820	0.05979	0.20407	0.04320	0.04913	0.00189	0.01936	0.01801	0.02078	0.03577
1	0.01284	0.36812	0.05358	0.00949	0.03084	0.10519	0.02638	0.12754	0.02621	0.04692	0.02096	0.03315	0.06176	0.00540	0.00425	0.00124	0.03200	0.00397	0.02416	0.00601
2	0.10167	0.02341	0.00875	0.00958	0.11646	0.00674	0.02426	0.01072	0.07474	0.03620	0.03696	0.30902	0.15746	0.02770	0.00537	0.00164	0.00341	0.00826	0.00375	0.03389
3	0.01974	0.03081	0.12766	0.05920	0.15708	0.00949	0.05329	0.04874	0.07127	0.07233	0.09114	0.02548	0.02745	0.00555	0.00517	0.00139	0.05902	0.00465	0.04219	0.08835
4	0.02846	0.06449	0.27479	0.03570	0.07463	0.04208	0.13522	0.03398	0.08370	0.06746	0.04276	0.01304	0.02651	0.00500	0.00480	0.00143	0.02769	0.00431	0.01553	0.01843
5	0.00744	0.00510	0.00640	0.00671	0.03332	0.00482	0.00473	0.00936	0.03993	0.06179	0.22756	0.20775	0.18716	0.05645	0.03288	0.00192	0.00311	0.04076	0.05839	0.00442
6	0.03421	0.00891	0.01478	0.27396	0.33074	0.00968	0.04691	0.01234	0.00983	0.02942	0.05356	0.07418	0.01068	0.00647	0.03172	0.00169	0.03743	0.00503	0.00258	0.00587
7	0.09256	0.01170	0.10049	0.11748	0.11714	0.08220	0.02526	0.10085	0.04810	0.12949	0.01281	0.01436	0.05427	0.03839	0.03387	0.00175	0.00548	0.00437	0.00326	0.00618
8	0.03176	0.21244	0.25973	0.03791	0.01701	0.04916	0.14513	0.05929	0.01071	0.07179	0.00910	0.03048	0.00715	0.00473	0.00461	0.00137	0.03491	0.00389	0.00254	0.00630
9	0.00557	0.00408	0.00524	0.00616	0.00660	0.00375	0.00416	0.00642	0.00901	0.01181	0.02809	0.73163	0.13259	0.01402	0.00580	0.00182	0.00262	0.01261	0.00426	0.00375
10	0.00826	0.00886	0.08190	0.20660	0.06574	0.00832	0.11535	0.01089	0.02881	0.01267	0.01491	0.21320	0.04288	0.00965	0.05470	0.02204	0.05003	0.03728	0.00287	0.00503
11	0.01098	0.05235	0.09461	0.12201	0.06827	0.03855	0.08935	0.06585	0.03190	0.09089	0.03639	0.06469	0.02101	0.05193	0.01788	0.09566	0.03421	0.00500	0.00298	0.00548
12	0.09523	0.00786	0.00939	0.00771	0.01050	0.00764	0.00619	0.14366	0.02526	0.39012	0.07026	0.10631	0.06581	0.00709	0.00466	0.00147	0.00366	0.00583	0.02483	0.00653
13	0.00924	0.00604	0.00709	0.05106	0.00917	0.02540	0.00509	0.02091	0.03496	0.15757	0.14125	0.10073	0.32042	0.06227	0.02646	0.00185	0.00343	0.00788	0.00434	0.00483
14	0.04498	0.03167	0.03292	0.17040	0.11401	0.01724	0.05101	0.02383	0.04704	0.02357	0.09522	0.09407	0.07894	0.04553	0.03320	0.01193	0.01467	0.00591	0.04304	0.02082
15	0.01015	0.03284	0.36590	0.05207	0.12751	0.01038	0.20458	0.01411	0.01014	0.04734	0.01023	0.06368	0.00840	0.00502	0.00476	0.00149	0.00635	0.01620	0.00242	0.00642
16	0.00937	0.00587	0.00635	0.00605	0.00743	0.00613	0.00455	0.12203	0.07372	0.01773	0.01706	0.20292	0.01562	0.00750	0.00413	0.00133	0.00279	0.00633	0.47819	0.00489
17	0.04362	0.01329	0.07307	0.09021	0.05040	0.08489	0.04517	0.41932	0.06914	0.02189	0.01083	0.03806	0.00832	0.00543	0.00456	0.00142	0.00549	0.00433	0.00368	0.00689
18	0.01105	0.14923	0.29157	0.03879	0.06838	0.07228	0.06765	0.09310	0.01113	0.01478	0.01024	0.06987	0.00906	0.00563	0.00471	0.00143	0.02629	0.04604	0.00259	0.00618
19	0.00854	0.00788	0.01322	0.77242	0.02992	0.00977	0.01217	0.01136	0.00906	0.01161	0.00875	0.04113	0.00703	0.00530	0.00506	0.02937	0.00593	0.00439	0.00212	0.00495
20	0.48867	0.00735	0.00645	0.00625	0.03351	0.00819	0.00473	0.03982	0.00906	0.01940	0.00986	0.01135	0.00770	0.00471	0.00310	0.00129	0.00313	0.00327	0.32728	0.00488
21	0.00565	0.00402	0.00531	0.00632	0.00657	0.00377	0.00418	0.00641	0.00867	0.01157	0.02471	0.79163	0.02962	0.05944	0.00682	0.00201	0.00276	0.01270	0.00418	0.00368
22	0.00740	0.00559	0.00832	0.06870	0.04574	0.00586	0.02731	0.02052	0.00955	0.03511	0.14460	0.20001	0.03495	0.03643	0.27914	0.00364	0.00652	0.05266	0.00349	0.00446
23	0.03901	0.10092	0.03272	0.01265	0.04807	0.03366	0.18623	0.09976	0.01063	0.03861	0.04093	0.03922	0.00938	0.02667	0.04681	0.00191	0.21965	0.00468	0.00275	0.00575
24	0.01745	0.01070	0.01203	0.00948	0.01288	0.02381	0.00774	0.39521	0.13203	0.29032	0.01454	0.01354	0.00996	0.00566	0.00458	0.00141	0.00445	0.00443	0.02218	0.00762
25	0.03801	0.03407	0.09810	0.00882	0.01222	0.00935	0.00788	0.19396	0.09518	0.28732	0.11381	0.01605	0.01393	0.00592	0.00453	0.00140	0.00417	0.00476	0.04359	0.00692
26	0.01095	0.01020	0.01748	0.09213	0.61638	0.01028	0.05517	0.01367	0.01044	0.03428	0.01080	0.01474	0.03107	0.00484	0.00472	0.00144	0.00544	0.04670	0.00250	0.00678
27	0.00797	0.00399	0.00598	0.00598	0.00598	0.00399	0.00399	0.00598	0.00598	0.00797	0.00797	0.01396	0.00797	0.01595	0.01794	0.86643	0.00399	0.00399	0.00199	0.00199
28	0.01462	0.00724	0.00921	0.00785	0.01024	0.00698	0.00617	0.07951	0.07729	0.40442	0.04308	0.21705	0.01682	0.00800	0.00514	0.00154	0.02395	0.00678	0.04771	0.00641
29	0.05901	0.00982	0.01116	0.00885	0.01218	0.05332	0.00720	0.20147	0.06121	0.48006	0.01553	0.03648	0.01062	0.00580	0.00454	0.00142	0.00435	0.00458	0.00501	0.00740
30	0.00935	0.06082	0.77901	0.01285	0.01950	0.01100	0.01655	0.01450	0.00968	0.01437	0.00815	0.00959	0.00582	0.00434	0.00430	0.00143	0.00670	0.00335	0.00194	0.00674
31	0.00750	0.00527	0.00788	0.00777	0.00891	0.00487	0.07432	0.00884	0.00970	0.07853	0.02508	0.52912	0.09614	0.01228	0.00574	0.00180	0.00337	0.10431	0.00420	0.00436
32	0.00986	0.00714	0.00773	0.00759	0.00883	0.08452	0.00556	0.06812	0.01084	0.12539	0.04666	0.48967	0.04215	0.01175	0.02879	0.00184	0.02499	0.00953	0.00422	0.00482
33	0.01071	0.05204	0.00984	0.00795	0.00957	0.06231	0.04676	0.02409	0.05045	0.13773	0.09426	0.06296	0.01578	0.17688	0.08726	0.04184	0.04279	0.02083	0.04106	0.00488
34	0.21502	0.00980	0.01086	0.00869	0.01178	0.01056	0.00716	0.29124	0.01424	0.26608	0.01193	0.01194	0.00834	0.00697	0.04879	0.00176	0.04985	0.00394	0.00427	0.00680
35	0.00619	0.00435	0.00550	0.00609	0.00679	0.00397	0.00426	0.00725	0.00967	0.03708	0.10935	0.53884	0.17549	0.03219	0.00612	0.00182	0.00267	0.03406	0.00435	0.00394
36	0.03975	0.08419	0.15924	0.03808	0.13273	0.08058	0.00972	0.05392	0.01091	0.07607	0.02532	0.01200	0.04091	0.00464	0.00407	0.00119	0.00503	0.00369	0.00283	0.21514
37	0.01109	0.20069	0.12819	0.03663	0.02960	0.02058	0.07624	0.06195	0.01964	0.06404	0.03826	0.06024	0.00977	0.00593	0.02686	0.00140	0.02323	0.00423	0.02000	0.16145

[dist]
# distance from previous block
# <min> <max>
11	141

[block]
# block no. 1 follows, 56 sequences, length 32
# corresponding to MSA columns:
# 249-280
name=unknown_B
#
# <colnr> <probs for GDERKNQSTAVLIFYWHMCP>
#	G	D	E	R	K	N	Q	S	T	A	V	L	I	F	Y	W	H	M	C	P
0	0.09923	0.09093	0.19006	0.05030	0.03486	0.01053	0.02581	0.10052	0.10555	0.08765	0.02209	0.03330	0.03246	0.00557	0.00430	0.00140	0.00481	0.03730	0.00331	0.06004
1	0.02862	0.12243	0.14255	0.00813	0.01092	0.02109	0.02637	0.01159	0.05809	0.05277	0.01908	0.22141	0.13195	0.00907	0.02278	0.03447	0.00426	0.00681	0.00332	0.06428
2	0.01087	0.09242	0.26637	0.02830	0.03605	0.05460	0.03547	0.09044	0.06410	0.03823	0.02012	0.01418	0.02678	0.10996	0.02558	0.00188	0.02704	0.00423	0.00279	0.05058
3	0.03191	0.02911	0.07491	0.03028	0.01170	0.02861	0.00711	0.07504	0.04181	0.23648	0.09689	0.06870	0.03846	0.02325	0.04329	0.00166	0.00442	0.00516	0.00403	0.14718
4	0.06222	0.10185	0.06906	0.05291	0.14232	0.01102	0.10802	0.11121	0.03261	0.04775	0.04556	0.06879	0.05775	0.00602	0.00528	0.00146	0.06191	0.00509	0.00308	0.00608
5	0.03056	0.18130	0.49054	0.04691	0.05836	0.01158	0.01345	0.01391	0.00975	0.03179	0.03648	0.03859	0.00817	0.00482	0.00416	0.00137	0.00587	0.00378	0.00226	0.00635
6	0.07167	0.06326	0.13660	0.00891	0.02218	0.04294	0.03030	0.07880	0.01035	0.04231	0.05606	0.15418	0.03303	0.06037	0.14925	0.00270	0.00599	0.02273	0.00320	0.00518
7	0.01241	0.45725	0.03178	0.00999	0.06703	0.07881	0.00833	0.05261	0.06637	0.03383	0.03862	0.01024	0.00834	0.00507	0.01411	0.00124	0.04958	0.00330	0.00259	0.04849
8	0.01187	0.03378	0.05956	0.03502	0.12720	0.00918	0.00821	0.12123	0.15296	0.13036	0.08832	0.06230	0.05597	0.05511	0.02682	0.00178	0.00444	0.00561	0.00396	0.00631
9	0.00794	0.00533	0.00744	0.00720	0.00819	0.00587	0.00546	0.04249	0.00840	0.06665	0.01385	0.07810	0.01332	0.12957	0.57155	0.00595	0.00974	0.00567	0.00294	0.00432
10	0.00896	0.00670	0.02892	0.06371	0.01055	0.01894	0.02861	0.02940	0.10058	0.09898	0.02136	0.38429	0.06691	0.05695	0.00628	0.00182	0.00364	0.02613	0.03233	0.00492
11	0.00653	0.00442	0.00587	0.02744	0.00741	0.00425	0.00450	0.00740	0.00885	0.04204	0.05231	0.55704	0.05802	0.10662	0.04870	0.02336	0.00351	0.02394	0.00398	0.00383
12	0.16283	0.00815	0.01010	0.00789	0.01133	0.00758	0.00651	0.04574	0.01252	0.65531	0.01592	0.01411	0.01018	0.00544	0.00432	0.00142	0.00388	0.00424	0.00517	0.00734
13	0.01093	0.01064	0.02895	0.18966	0.58580	0.01088	0.04704	0.03459	0.01050	0.01469	0.00863	0.01155	0.00702	0.00422	0.00459	0.00141	0.00569	0.00414	0.00228	0.00679
14	0.04184	0.01154	0.01219	0.00965	0.01301	0.05615	0.00787	0.45009	0.10300	0.20251	0.01321	0.01264	0.00921	0.00554	0.00449	0.00139	0.00469	0.00425	0.02932	0.00743
15	0.00646	0.00462	0.00647	0.00671	0.00732	0.00506	0.00492	0.00774	0.00772	0.01102	0.01559	0.20147	0.01633	0.12598	0.50012	0.00547	0.00867	0.00691	0.04753	0.00387
16	0.00650	0.00449	0.00514	0.00516	0.00540	0.00446	0.00310	0.00676	0.00720	0.00948	0.01816	0.05036	0.10511	0.67169	0.07501	0.00426	0.00470	0.00705	0.00296	0.00302
17	0.04470	0.70141	0.02245	0.01003	0.10077	0.01679	0.00838	0.01364	0.00939	0.01166	0.00699	0.02320	0.00647	0.00415	0.00317	0.00106	0.00488	0.00284	0.00207	0.00597
18	0.00973	0.00734	0.00876	0.00872	0.06415	0.06199	0.04884	0.04193	0.07050	0.05907	0.13288	0.17103	0.03950	0.00766	0.00460	0.00141	0.00352	0.00668	0.24657	0.00511
19	0.01021	0.01030	0.03644	0.30350	0.35778	0.01101	0.08433	0.01334	0.03022	0.01359	0.00855	0.01176	0.00687	0.00465	0.00556	0.00150	0.07775	0.00421	0.00223	0.00621
20	0.00930	0.02312	0.77157	0.01343	0.02010	0.01071	0.05963	0.01455	0.00976	0.01455	0.00830	0.00984	0.00588	0.00433	0.00442	0.00146	0.00684	0.00350	0.00196	0.00675
21	0.00654	0.00475	0.00667	0.00673	0.00731	0.00530	0.00491	0.00771	0.00728	0.01027	0.01356	0.06600	0.01383	0.23628	0.57454	0.00634	0.00979	0.00581	0.00264	0.00375
22	0.01075	0.50352	0.08838	0.13159	0.02407	0.01434	0.00909	0.03163	0.00948	0.01180	0.00859	0.06313	0.00796	0.00689	0.05995	0.00162	0.00563	0.00370	0.00222	0.00565
23	0.00874	0.00826	0.01379	0.78538	0.03061	0.01040	0.01261	0.01169	0.00907	0.01169	0.00805	0.01213	0.00612	0.00477	0.00513	0.00155	0.04881	0.00408	0.00204	0.00510
24	0.01642	0.00698	0.00883	0.00711	0.00986	0.00640	0.00576	0.05782	0.02295	0.50933	0.03961	0.01638	0.01226	0.00569	0.00423	0.00132	0.00340	0.00461	0.25435	0.00668
25	0.01851	0.00779	0.01022	0.00799	0.01126	0.00698	0.00654	0.06891	0.02613	0.65593	0.07044	0.01814	0.05705	0.00625	0.00471	0.00143	0.00377	0.00511	0.00548	0.00736
26	0.01021	0.00824	0.05171	0.00905	0.01026	0.00900	0.00750	0.05847	0.00879	0.10400	0.01125	0.01580	0.02663	0.10190	0.20532	0.07582	0.27369	0.00468	0.00282	0.00487
27	0.00773	0.00496	0.00600	0.00566	0.00659	0.00468	0.00393	0.00910	0.02504	0.07970	0.31992	0.03202	0.10944	0.33998	0.01251	0.00266	0.00330	0.01869	0.00410	0.00401
28	0.00646	0.00478	0.00593	0.00652	0.00709	0.00474	0.00444	0.00867	0.09968	0.01279	0.08701	0.58288	0.02796	0.10899	0.00773	0.00210	0.00294	0.01102	0.00420	0.00407
29	0.01001	0.02412	0.17221	0.23373	0.14123	0.00986	0.07062	0.07200	0.01061	0.04013	0.01161	0.12958	0.01050	0.00614	0.00498	0.00154	0.01976	0.02269	0.00275	0.00594
30	0.11034	0.17790	0.01573	0.01121	0.06871	0.09763	0.07867	0.07705	0.02988	0.04976	0.00826	0.00975	0.00672	0.00480	0.00533	0.00129	0.11606	0.00343	0.00271	0.12478
31	0.01086	0.06100	0.02037	0.00785	0.01019	0.05002	0.08104	0.11402	0.05921	0.04051	0.06316	0.01706	0.05688	0.00571	0.00404	0.00124	0.00379	0.00475	0.36280	0.02549

[dist]
# distance from previous block
# <min> <max>
1	50

[block]
# block no. 2 follows, 56 sequences, length 28
# corresponding to MSA columns:
# 333-360
name=unknown_C
#
# <colnr> <probs for GDERKNQSTAVLIFYWHMCP>
#	G	D	E	R	K	N	Q	S	T	A	V	L	I	F	Y	W	H	M	C	P
0	0.15185	0.01333	0.05668	0.04046	0.02857	0.10132	0.00873	0.45746	0.02899	0.02333	0.02883	0.01078	0.00790	0.00524	0.00441	0.00139	0.01637	0.00381	0.00376	0.00679
1	0.12399	0.04049	0.01545	0.04012	0.12880	0.01109	0.15523	0.15094	0.03926	0.02917	0.02918	0.01134	0.00796	0.00474	0.00506	0.00135	0.06472	0.00402	0.00299	0.13407
2	0.00993	0.04092	0.03406	0.04287	0.38685	0.00922	0.01013	0.05542	0.03820	0.01517	0.08615	0.09477	0.03134	0.00879	0.08257	0.00197	0.00533	0.00547	0.00299	0.03787
3	0.09160	0.12400	0.01209	0.00809	0.01130	0.01007	0.00677	0.18399	0.04305	0.27259	0.05568	0.03607	0.02135	0.00631	0.02310	0.00145	0.00423	0.00441	0.02055	0.06330
4	0.00840	0.00750	0.01169	0.30054	0.12408	0.00883	0.00959	0.01082	0.02907	0.01264	0.07909	0.10708	0.01330	0.02221	0.12990	0.00252	0.10936	0.00563	0.00271	0.00503
5	0.00668	0.00445	0.00501	0.00501	0.00501	0.00445	0.00278	0.00668	0.00668	0.00890	0.01447	0.03004	0.01669	0.83866	0.02337	0.00445	0.00445	0.00668	0.00278	0.00278
6	0.00572	0.00408	0.00547	0.00653	0.00685	0.00384	0.00448	0.00661	0.00891	0.01186	0.02524	0.78206	0.03009	0.01427	0.00589	0.00188	0.00277	0.06544	0.00426	0.00376
7	0.04216	0.00853	0.01222	0.19065	0.05724	0.01056	0.00937	0.05729	0.00917	0.07788	0.00928	0.01266	0.00775	0.01152	0.16193	0.00276	0.28957	0.00421	0.01991	0.00535
8	0.00684	0.00463	0.00613	0.00673	0.02218	0.00456	0.00471	0.00796	0.00893	0.03353	0.06471	0.34199	0.06847	0.11552	0.13195	0.02627	0.00452	0.07558	0.06089	0.00392
9	0.00680	0.00508	0.00773	0.06469	0.00969	0.00593	0.00611	0.00829	0.00741	0.01055	0.01171	0.01735	0.01086	0.03108	0.70848	0.06571	0.01130	0.00480	0.00240	0.00403
10	0.01810	0.01022	0.01185	0.00916	0.01260	0.01051	0.00754	0.42786	0.01734	0.34490	0.01416	0.01331	0.00952	0.00557	0.00451	0.00137	0.00439	0.00434	0.06519	0.00756
11	0.00868	0.00780	0.01253	0.35197	0.14811	0.00864	0.04612	0.02563	0.05079	0.01325	0.01456	0.19315	0.03140	0.00741	0.00504	0.00162	0.00498	0.06011	0.00295	0.00528
12	0.00655	0.00476	0.00666	0.00669	0.00729	0.00529	0.00489	0.00777	0.00746	0.01054	0.04199	0.05290	0.01465	0.23399	0.56050	0.00622	0.00960	0.00579	0.00270	0.00376
13	0.00599	0.00429	0.00564	0.00660	0.00713	0.00405	0.00477	0.00709	0.00927	0.01227	0.02647	0.61052	0.08724	0.01366	0.00586	0.00187	0.00292	0.15711	0.02340	0.00385
14	0.07976	0.01007	0.01171	0.00918	0.01255	0.01042	0.00760	0.35879	0.01619	0.36246	0.01406	0.01418	0.00975	0.00582	0.00482	0.00144	0.02671	0.03224	0.00485	0.00740
15	0.41549	0.00807	0.00816	0.03400	0.02194	0.00892	0.00588	0.10169	0.01020	0.08738	0.04193	0.01370	0.05276	0.00965	0.11707	0.02567	0.00493	0.00397	0.02329	0.00528
16	0.00942	0.09988	0.61579	0.01168	0.01732	0.01055	0.01432	0.01378	0.00954	0.03508	0.00955	0.05583	0.00772	0.00701	0.06143	0.00184	0.00669	0.00397	0.00221	0.00637
17	0.01067	0.01026	0.01786	0.12418	0.60471	0.01052	0.06790	0.01344	0.01011	0.01428	0.00887	0.01200	0.00740	0.00621	0.06041	0.00181	0.00616	0.00424	0.00226	0.00671
18	0.01056	0.01148	0.07184	0.28059	0.39888	0.06592	0.01304	0.01352	0.02067	0.01355	0.00937	0.01219	0.02698	0.00464	0.00482	0.00144	0.02788	0.00411	0.00226	0.00626
19	0.01099	0.00958	0.01566	0.23986	0.30361	0.01032	0.07558	0.06417	0.01074	0.06713	0.01166	0.04330	0.04805	0.00543	0.00546	0.00150	0.06317	0.00483	0.00274	0.00621
20	0.02684	0.13532	0.12903	0.00994	0.01280	0.07920	0.11791	0.01218	0.04020	0.03155	0.03366	0.25513	0.05672	0.00868	0.02874	0.00167	0.00513	0.00690	0.00313	0.00526
21	0.01055	0.31450	0.42048	0.03899	0.01632	0.03240	0.01241	0.01399	0.00966	0.03202	0.00872	0.05468	0.00734	0.00481	0.00395	0.00130	0.00583	0.00363	0.00218	0.00623
22	0.01202	0.16887	0.25608	0.01119	0.01522	0.13058	0.05412	0.08614	0.06535	0.03070	0.01064	0.01239	0.03692	0.00532	0.00503	0.00139	0.06443	0.02471	0.00268	0.00622
23	0.04174	0.06800	0.10372	0.00899	0.01157	0.00943	0.00814	0.11191	0.13747	0.05974	0.02923	0.07091	0.06046	0.00833	0.00596	0.03168	0.04993	0.17333	0.00377	0.00572
24	0.04276	0.08114	0.12463	0.00810	0.01113	0.00821	0.00745	0.01495	0.13009	0.17160	0.11890	0.08760	0.09321	0.00728	0.00467	0.00145	0.00386	0.03383	0.00405	0.04509
25	0.04313	0.26851	0.22807	0.03785	0.01392	0.03375	0.00999	0.03809	0.02033	0.01355	0.02358	0.01563	0.03813	0.00727	0.04952	0.00169	0.03141	0.08556	0.00255	0.03748
26	0.07092	0.00864	0.00950	0.00840	0.02946	0.05287	0.03178	0.20059	0.03846	0.03632	0.18526	0.10964	0.11346	0.03375	0.00541	0.00153	0.00385	0.00656	0.00411	0.04949
27	0.02545	0.00806	0.06787	0.02685	0.01036	0.02168	0.00673	0.07844	0.04184	0.06841	0.02221	0.26290	0.14834	0.00970	0.00571	0.00162	0.04935	0.07999	0.00389	0.06059

[dist]
# distance from previous block
# <min> <max>
7	49

[block]
# block no. 3 follows, 56 sequences, length 9
# corresponding to MSA columns:
# 411-419
name=unknown_D
#
# <colnr> <probs for GDERKNQSTAVLIFYWHMCP>
#	G	D	E	R	K	N	Q	S	T	A	V	L	I	F	Y	W	H	M	C	P
0	0.01159	0.04893	0.20768	0.01144	0.05636	0.04591	0.07370	0.12471	0.02502	0.08433	0.06386	0.05990	0.02741	0.02738	0.01835	0.01386	0.03346	0.00486	0.00321	0.05803
1	0.00659	0.00435	0.00557	0.00616	0.00672	0.00402	0.00417	0.00745	0.00911	0.05661	0.06297	0.59385	0.08767	0.11250	0.00784	0.00211	0.00290	0.01133	0.00420	0.00388
2	0.03629	0.00813	0.01119	0.08798	0.11224	0.02567	0.04530	0.05955	0.07303	0.09429	0.09812	0.18462	0.03941	0.00821	0.02092	0.00165	0.05095	0.00663	0.00369	0.03212
3	0.01251	0.10604	0.09010	0.01024	0.01371	0.05679	0.08792	0.20557	0.10679	0.05605	0.04464	0.06620	0.03507	0.00644	0.02074	0.00148	0.00511	0.00491	0.00356	0.06613
4	0.00617	0.00584	0.05202	0.00678	0.00807	0.00468	0.04639	0.00752	0.00957	0.01247	0.08007	0.39003	0.26510	0.07503	0.00693	0.00190	0.00317	0.01028	0.00397	0.00404
5	0.06766	0.00854	0.05327	0.12330	0.06004	0.04174	0.00782	0.07414	0.01055	0.06863	0.05921	0.22465	0.03005	0.00966	0.05623	0.00193	0.04844	0.00662	0.04230	0.00520
6	0.01110	0.01033	0.06082	0.15308	0.03997	0.03117	0.15133	0.11964	0.05621	0.05475	0.05890	0.03123	0.03230	0.00588	0.00549	0.00150	0.06460	0.02484	0.08098	0.00588
7	0.03544	0.11810	0.26133	0.04965	0.01393	0.00971	0.04120	0.01302	0.10434	0.01345	0.01441	0.06284	0.07769	0.09943	0.06424	0.00219	0.00560	0.00512	0.00278	0.00552
8	0.00588	0.00422	0.00557	0.00646	0.00691	0.00397	0.00452	0.00691	0.00929	0.01238	0.08530	0.63980	0.05685	0.03981	0.00642	0.00193	0.00284	0.09289	0.00427	0.00380

[dist]
# distance from previous block
# <min> <max>
1	17

[block]
# block no. 4 follows, 56 sequences, length 21
# corresponding to MSA columns:
# 437-457
name=unknown_E
#
# <colnr> <probs for GDERKNQSTAVLIFYWHMCP>
#	G	D	E	R	K	N	Q	S	T	A	V	L	I	F	Y	W	H	M	C	P
0	0.14790	0.15136	0.10737	0.03128	0.07644	0.08983	0.04070	0.07595	0.01986	0.02656	0.01980	0.07481	0.03186	0.00548	0.00432	0.00133	0.02579	0.00426	0.00281	0.06229
1	0.10675	0.05201	0.11023	0.05813	0.11409	0.09091	0.03790	0.07505	0.03316	0.02443	0.03212	0.04767	0.05446	0.00783	0.07099	0.00184	0.00571	0.00449	0.00288	0.06935
2	0.08681	0.02321	0.08257	0.00873	0.01109	0.03925	0.05650	0.15566	0.04077	0.02729	0.05125	0.24032	0.05798	0.07629	0.00642	0.00180	0.00432	0.02078	0.00370	0.00527
3	0.01184	0.63710	0.04594	0.00955	0.01335	0.04307	0.10204	0.01367	0.00957	0.01144	0.00759	0.04261	0.00704	0.00449	0.00373	0.00113	0.02457	0.00333	0.00212	0.00582
4	0.37435	0.00891	0.00900	0.00726	0.01050	0.00913	0.00592	0.10835	0.04593	0.16913	0.03805	0.01118	0.00860	0.00478	0.00366	0.00128	0.00372	0.00345	0.00372	0.17305
5	0.00692	0.00444	0.00586	0.00590	0.00612	0.00464	0.00389	0.00688	0.00677	0.00924	0.01280	0.05665	0.01383	0.40115	0.22376	0.21353	0.00626	0.00585	0.00257	0.00297
6	0.20730	0.03284	0.00649	0.00627	0.00750	0.00617	0.00457	0.02872	0.01797	0.02312	0.02008	0.46547	0.06456	0.03952	0.00546	0.00175	0.00305	0.00901	0.04588	0.00428
7	0.00709	0.02811	0.15408	0.00766	0.00941	0.00577	0.00682	0.00889	0.00911	0.03265	0.02107	0.50712	0.06131	0.01214	0.03943	0.00193	0.02179	0.00963	0.05148	0.00452
8	0.00665	0.00482	0.00708	0.00708	0.00778	0.00552	0.00537	0.00794	0.00724	0.01035	0.01225	0.01890	0.01176	0.10674	0.70317	0.05485	0.01112	0.00503	0.00246	0.00386
9	0.00562	0.00408	0.00531	0.00622	0.00663	0.00377	0.00420	0.00652	0.00913	0.01209	0.06428	0.73281	0.09455	0.01392	0.00580	0.00182	0.00261	0.01255	0.00430	0.00377
10	0.00808	0.00704	0.01860	0.11050	0.08760	0.03422	0.00772	0.03322	0.00876	0.01200	0.01279	0.10619	0.01254	0.04629	0.40212	0.00451	0.04785	0.03261	0.00269	0.00467
11	0.70172	0.00926	0.00789	0.00674	0.00974	0.01047	0.00556	0.10560	0.00986	0.08635	0.00789	0.00854	0.00583	0.00452	0.00319	0.00142	0.00376	0.00285	0.00328	0.00554
12	0.00764	0.00568	0.00731	0.00808	0.07317	0.00542	0.00550	0.01022	0.07780	0.05529	0.23560	0.20615	0.21069	0.01032	0.00540	0.00161	0.00293	0.06202	0.00441	0.00475
13	0.00715	0.00495	0.00600	0.00577	0.00705	0.00454	0.00432	0.00917	0.03590	0.05995	0.40271	0.10505	0.23841	0.04056	0.00601	0.00163	0.00253	0.02720	0.02672	0.00438
14	0.00684	0.00614	0.05229	0.07408	0.00982	0.02945	0.00594	0.00824	0.00905	0.02326	0.02101	0.58389	0.02392	0.01332	0.05338	0.00208	0.00394	0.02444	0.04475	0.00418
15	0.01064	0.00849	0.01240	0.15332	0.29273	0.03518	0.00957	0.03813	0.01073	0.08743	0.05622	0.08179	0.05036	0.03683	0.00537	0.00155	0.00462	0.02527	0.07354	0.00582
16	0.01181	0.04395	0.07998	0.20415	0.35317	0.01100	0.06988	0.07808	0.01121	0.07894	0.00941	0.01166	0.00719	0.00445	0.00455	0.00141	0.00570	0.00411	0.00265	0.00669
17	0.06897	0.04359	0.08454	0.03465	0.10494	0.00716	0.02017	0.02182	0.04399	0.01389	0.01772	0.43454	0.01928	0.00960	0.00496	0.00162	0.00378	0.00852	0.05132	0.00494
18	0.26401	0.13843	0.03378	0.04641	0.28148	0.04362	0.04004	0.07489	0.01042	0.01679	0.00776	0.00949	0.00629	0.00427	0.00382	0.00133	0.00504	0.00336	0.00256	0.00622
19	0.01008	0.01008	0.02556	0.08143	0.04906	0.18957	0.03082	0.06624	0.01097	0.01357	0.01689	0.29661	0.05381	0.00954	0.03153	0.00172	0.00505	0.02404	0.06857	0.00486
20	0.00959	0.03130	0.21910	0.14595	0.17779	0.03533	0.03093	0.02073	0.03435	0.02528	0.03112	0.04350	0.05182	0.02830	0.05670	0.00190	0.00595	0.01992	0.00261	0.02785

[dist]
# distance from previous block
# <min> <max>
0	6

[block]
# block no. 5 follows, 56 sequences, length 38
# corresponding to MSA columns:
# 464-501
name=unknown_F
#
# <colnr> <probs for GDERKNQSTAVLIFYWHMCP>
#	G	D	E	R	K	N	Q	S	T	A	V	L	I	F	Y	W	H	M	C	P
0	0.03063	0.15921	0.11322	0.02322	0.15165	0.07121	0.08543	0.09449	0.04512	0.07053	0.03160	0.03332	0.03448	0.00509	0.00432	0.00133	0.00537	0.00429	0.00297	0.03249
1	0.03205	0.03690	0.34559	0.01245	0.09744	0.03582	0.04335	0.01380	0.05725	0.06401	0.01353	0.17559	0.02533	0.00711	0.01799	0.00161	0.00543	0.00572	0.00293	0.00609
2	0.02015	0.00771	0.01051	0.00809	0.01156	0.00667	0.00667	0.02194	0.01314	0.78787	0.04327	0.01622	0.01238	0.00580	0.00464	0.00142	0.00385	0.00473	0.00566	0.00770
3	0.00785	0.00806	0.09576	0.17324	0.06980	0.00681	0.00849	0.01031	0.02083	0.03695	0.07190	0.11299	0.20972	0.00898	0.00525	0.00164	0.00420	0.13879	0.00352	0.00491
4	0.01199	0.18830	0.18726	0.04600	0.10553	0.02235	0.08245	0.06192	0.10896	0.08317	0.02295	0.01187	0.00851	0.00473	0.00424	0.00134	0.00535	0.00396	0.03252	0.00659
5	0.01062	0.00679	0.00883	0.00797	0.03021	0.00673	0.03164	0.13478	0.02173	0.12286	0.23366	0.05720	0.07261	0.03292	0.03933	0.07187	0.00389	0.04323	0.05794	0.00521
6	0.00649	0.00429	0.00538	0.00594	0.00621	0.00410	0.00379	0.00703	0.00815	0.03724	0.02103	0.50871	0.02465	0.32081	0.01233	0.00281	0.00337	0.01040	0.00376	0.00351
7	0.00696	0.00538	0.01798	0.03562	0.00843	0.00503	0.02429	0.00867	0.01082	0.03560	0.31572	0.18923	0.17740	0.03750	0.00628	0.00167	0.03134	0.03206	0.04572	0.00429
8	0.01091	0.06930	0.31180	0.13652	0.13083	0.05174	0.05448	0.04705	0.01043	0.05118	0.00919	0.03796	0.00730	0.00495	0.00498	0.00145	0.04713	0.00406	0.00241	0.00634
9	0.01773	0.01025	0.01185	0.00917	0.01257	0.01060	0.00755	0.44106	0.01754	0.31554	0.04217	0.01387	0.01059	0.00570	0.00456	0.00138	0.00437	0.00447	0.05154	0.00749
10	0.00660	0.00497	0.00598	0.00580	0.00701	0.00468	0.00431	0.00919	0.06886	0.01645	0.48084	0.11337	0.20655	0.01001	0.00533	0.00150	0.00235	0.00872	0.03309	0.00438
11	0.01265	0.01301	0.02553	0.11024	0.06559	0.20597	0.13648	0.07774	0.01134	0.05705	0.01109	0.01306	0.06164	0.00578	0.00677	0.00152	0.17165	0.00442	0.00273	0.00575
12	0.06164	0.00755	0.00979	0.06762	0.12474	0.01773	0.00722	0.09684	0.04493	0.11553	0.07192	0.26836	0.04519	0.00841	0.00492	0.00155	0.00382	0.00734	0.02930	0.00559
13	0.00968	0.03337	0.15379	0.01024	0.06293	0.12622	0.01891	0.01214	0.04146	0.03202	0.04987	0.07333	0.01284	0.15210	0.16710	0.00310	0.02782	0.00525	0.00279	0.00504
14	0.01005	0.00831	0.01021	0.04564	0.01215	0.00674	0.02592	0.03507	0.02125	0.04071	0.00893	0.01068	0.00734	0.02831	0.00419	0.00091	0.00374	0.00311	0.00286	0.71389
15	0.00799	0.00547	0.00747	0.03652	0.00904	0.00585	0.00587	0.02214	0.05093	0.04934	0.01770	0.17577	0.04069	0.06361	0.18731	0.12224	0.03406	0.15044	0.00340	0.00415
16	0.01180	0.01336	0.01044	0.00981	0.01111	0.37730	0.00745	0.01288	0.01051	0.01140	0.01441	0.16597	0.06724	0.05247	0.00765	0.00171	0.15241	0.05449	0.00292	0.00467
17	0.00797	0.00399	0.00598	0.00598	0.00598	0.00399	0.00399	0.00598	0.00598	0.00797	0.00797	0.01396	0.00797	0.01595	0.01794	0.86643	0.00399	0.00399	0.00199	0.00199
18	0.29076	0.01026	0.01019	0.00813	0.01144	0.04146	0.00665	0.26760	0.01365	0.16167	0.01043	0.01059	0.00745	0.00487	0.00384	0.00130	0.00422	0.00349	0.02921	0.10278
19	0.04027	0.00773	0.00974	0.00774	0.01080	0.00720	0.00631	0.09372	0.03026	0.55827	0.01692	0.04240	0.01160	0.00588	0.00441	0.00138	0.00370	0.00476	0.12982	0.00708
20	0.00791	0.00403	0.00605	0.00605	0.00609	0.00407	0.00407	0.00609	0.00605	0.00810	0.00818	0.01415	0.00814	0.01683	0.05627	0.82540	0.00438	0.00403	0.00202	0.00209
21	0.00865	0.00912	0.10329	0.01014	0.03219	0.00783	0.10286	0.08507	0.08410	0.01476	0.01841	0.36105	0.04764	0.01097	0.05366	0.00201	0.03108	0.00831	0.00360	0.00525
22	0.01009	0.04787	0.65086	0.01230	0.01828	0.01021	0.03858	0.01469	0.00995	0.08045	0.01003	0.05859	0.00775	0.00503	0.00446	0.00146	0.00627	0.00409	0.00240	0.00664
23	0.00575	0.00413	0.00550	0.00655	0.00691	0.00387	0.00453	0.00668	0.00899	0.01192	0.02564	0.74824	0.04562	0.01417	0.00590	0.00188	0.00280	0.08288	0.00426	0.00378
24	0.09079	0.00931	0.01172	0.00946	0.01229	0.03125	0.09733	0.15764	0.09858	0.18648	0.03952	0.01755	0.07571	0.00715	0.03184	0.00166	0.03302	0.02772	0.05468	0.00629
25	0.04864	0.08303	0.04142	0.04093	0.10453	0.07897	0.03268	0.25040	0.02676	0.07501	0.01166	0.03760	0.00980	0.00578	0.00448	0.00138	0.00512	0.07617	0.00351	0.06212
26	0.00655	0.00465	0.00573	0.00639	0.00704	0.00453	0.00443	0.03483	0.04842	0.01321	0.02473	0.64889	0.07032	0.01271	0.00549	0.00174	0.00273	0.01138	0.08215	0.00410
27	0.03621	0.00474	0.00515	0.00515	0.00643	0.00429	0.00379	0.00807	0.01036	0.03375	0.15413	0.14230	0.40235	0.03887	0.00569	0.00160	0.00247	0.00871	0.12184	0.00408
28	0.05597	0.08295	0.13673	0.01025	0.02609	0.06527	0.03209	0.14794	0.19493	0.06996	0.01223	0.01372	0.00950	0.00535	0.00432	0.00137	0.00495	0.04092	0.00353	0.08193
29	0.04763	0.32182	0.07514	0.07650	0.05051	0.08950	0.00926	0.18584	0.04789	0.01626	0.00846	0.00951	0.00675	0.00454	0.00381	0.00122	0.00535	0.00328	0.00278	0.03397
30	0.06601	0.00791	0.01111	0.09025	0.18210	0.01631	0.03291	0.05440	0.03252	0.06774	0.17218	0.04342	0.08729	0.03692	0.05349	0.00189	0.00462	0.00577	0.00353	0.02964
31	0.02632	0.22587	0.37469	0.02609	0.05484	0.07335	0.05793	0.06337	0.01074	0.03492	0.00816	0.00948	0.00624	0.00435	0.00406	0.00131	0.00617	0.00335	0.00229	0.00647
32	0.01106	0.17670	0.12618	0.01207	0.13724	0.02168	0.02111	0.04044	0.03066	0.09332	0.03742	0.02277	0.05454	0.00693	0.00471	0.00150	0.00485	0.18757	0.00329	0.00598
33	0.00807	0.03153	0.00671	0.00659	0.00756	0.00471	0.00473	0.00908	0.00956	0.12889	0.02491	0.58125	0.08562	0.03748	0.00610	0.00183	0.00299	0.03365	0.00435	0.00439
34	0.01222	0.06388	0.10509	0.03349	0.09042	0.22194	0.05278	0.08715	0.02171	0.03674	0.03335	0.07696	0.06154	0.00696	0.02890	0.00157	0.03439	0.00491	0.02023	0.00577
35	0.04940	0.03446	0.01269	0.06753	0.06163	0.07357	0.02951	0.35019	0.06183	0.06155	0.01284	0.03866	0.03020	0.03898	0.00528	0.00154	0.00499	0.02942	0.02924	0.00651
36	0.00725	0.00565	0.04383	0.00662	0.00778	0.00474	0.00505	0.03136	0.01005	0.06628	0.10738	0.46372	0.13974	0.04217	0.03424	0.00199	0.00330	0.01029	0.00423	0.00433
37	0.01269	0.03829	0.03887	0.01199	0.09720	0.13037	0.08799	0.19243	0.03801	0.06488	0.06476	0.08541	0.08222	0.00655	0.00474	0.00142	0.00509	0.00558	0.02541	0.00611

[dist]
# distance from previous block
# <min> <max>
3	23

[block]
# block no. 6 follows, 56 sequences, length 22
# corresponding to MSA columns:
# 532-553
name=unknown_G
#
# <colnr> <probs for GDERKNQSTAVLIFYWHMCP>
#	G	D	E	R	K	N	Q	S	T	A	V	L	I	F	Y	W	H	M	C	P
0	0.05032	0.01278	0.01197	0.01050	0.01196	0.24274	0.00835	0.06577	0.06403	0.05125	0.00963	0.05287	0.00845	0.00669	0.00834	0.00158	0.31768	0.00424	0.05539	0.00546
1	0.00727	0.00455	0.00590	0.00569	0.00641	0.00420	0.00392	0.00684	0.00786	0.01044	0.08048	0.05327	0.16611	0.09581	0.01348	0.44420	0.00347	0.00593	0.00289	0.07128
2	0.00740	0.00515	0.00692	0.00765	0.00874	0.00500	0.00643	0.00923	0.01047	0.03839	0.05963	0.10610	0.10854	0.04312	0.00675	0.00207	0.00382	0.55611	0.00426	0.00422
3	0.04443	0.00877	0.01215	0.06066	0.23607	0.00923	0.02354	0.12261	0.10159	0.04665	0.09396	0.04654	0.04306	0.06779	0.04808	0.00198	0.00486	0.01848	0.00351	0.00605
4	0.01096	0.17233	0.08532	0.04656	0.06127	0.03404	0.09517	0.08102	0.03776	0.05109	0.01077	0.03945	0.00966	0.13220	0.07936	0.00236	0.03766	0.00462	0.00277	0.00562
5	0.00653	0.00444	0.00513	0.00526	0.00560	0.00430	0.00329	0.00690	0.00781	0.01039	0.05033	0.11711	0.12004	0.52962	0.01715	0.03719	0.00380	0.03189	0.03008	0.00314
6	0.00668	0.00445	0.00501	0.00501	0.00501	0.00445	0.00278	0.00668	0.00668	0.00890	0.01447	0.03004	0.01669	0.83866	0.02337	0.00445	0.00445	0.00668	0.00278	0.00278
7	0.00864	0.00834	0.06846	0.08364	0.04150	0.03765	0.04281	0.01047	0.00952	0.05382	0.05508	0.24025	0.06463	0.04610	0.02773	0.00198	0.11455	0.07666	0.00336	0.00481
8	0.06962	0.00735	0.05347	0.00723	0.00970	0.00616	0.00603	0.01467	0.04250	0.32195	0.18988	0.13372	0.10235	0.00813	0.00491	0.00151	0.00333	0.00689	0.00477	0.00583
9	0.02823	0.00979	0.01284	0.02245	0.10928	0.07173	0.03990	0.04796	0.00937	0.04021	0.03018	0.04702	0.01037	0.05647	0.07951	0.00236	0.33334	0.04102	0.00269	0.00528
10	0.01080	0.00725	0.00901	0.00788	0.01000	0.00742	0.04262	0.04653	0.23672	0.13782	0.17183	0.06942	0.07294	0.02212	0.00520	0.00155	0.00338	0.03843	0.09327	0.00582
11	0.01091	0.05506	0.01018	0.00838	0.01024	0.03204	0.00667	0.21536	0.04652	0.05124	0.01429	0.09920	0.01351	0.08469	0.23752	0.00344	0.02496	0.06685	0.00356	0.00539
12	0.06812	0.00885	0.04998	0.05631	0.01340	0.04400	0.16528	0.03795	0.05937	0.01438	0.04992	0.34413	0.03204	0.00889	0.00541	0.00165	0.02374	0.00811	0.00347	0.00502
13	0.00976	0.06719	0.58457	0.07253	0.04303	0.03147	0.01500	0.01463	0.04672	0.01407	0.00848	0.01013	0.00628	0.00465	0.00492	0.00146	0.05297	0.00352	0.00210	0.00651
14	0.00686	0.00510	0.00651	0.00680	0.00747	0.00507	0.01914	0.05204	0.04395	0.01294	0.05348	0.55801	0.04626	0.13279	0.00837	0.00217	0.01419	0.01074	0.00405	0.00407
15	0.01016	0.00909	0.01418	0.05934	0.03983	0.03928	0.17368	0.04850	0.00956	0.05802	0.01138	0.03078	0.02704	0.05332	0.19900	0.00314	0.18488	0.02084	0.00271	0.00525
16	0.08192	0.01029	0.03972	0.02951	0.02559	0.04258	0.29052	0.04841	0.08744	0.01535	0.01393	0.14057	0.01320	0.00707	0.00557	0.00164	0.04082	0.09711	0.00318	0.00559
17	0.03800	0.01291	0.12654	0.01140	0.01466	0.09915	0.13475	0.07929	0.06830	0.10137	0.01383	0.01477	0.08766	0.00624	0.01549	0.00156	0.12173	0.00467	0.00318	0.04451
18	0.15638	0.12859	0.14982	0.01073	0.06525	0.07275	0.00933	0.15799	0.13044	0.03010	0.01046	0.04065	0.00836	0.00517	0.00405	0.00137	0.00503	0.00390	0.00318	0.00644
19	0.01153	0.17672	0.29994	0.03566	0.01629	0.09526	0.05772	0.08963	0.04070	0.01497	0.00910	0.01137	0.00731	0.00471	0.00416	0.00130	0.00593	0.03370	0.00253	0.08148
20	0.10752	0.08633	0.01264	0.00896	0.01229	0.04600	0.05487	0.15914	0.03323	0.31897	0.01477	0.04229	0.04697	0.00571	0.00434	0.00137	0.00446	0.00457	0.00426	0.03130
21	0.00667	0.04205	0.04279	0.00676	0.00796	0.00550	0.00521	0.00900	0.07856	0.01329	0.11730	0.47042	0.12278	0.01258	0.03525	0.00189	0.00328	0.01021	0.00412	0.00437

[dist]
# distance from previous block
# <min> <max>
6	9

[block]
# block no. 7 follows, 56 sequences, length 69
# corresponding to MSA columns:
# 563-631
name=unknown_H
#
# <colnr> <probs for GDERKNQSTAVLIFYWHMCP>
#	G	D	E	R	K	N	Q	S	T	A	V	L	I	F	Y	W	H	M	C	P
0	0.04322	0.10456	0.15942	0.03325	0.05576	0.02750	0.10119	0.09637	0.05501	0.08300	0.01311	0.15408	0.01189	0.00656	0.00477	0.00149	0.01437	0.02509	0.00325	0.00611
1	0.09867	0.03321	0.09628	0.04424	0.05996	0.06124	0.02927	0.18163	0.03868	0.18000	0.05578	0.01439	0.01069	0.00551	0.00439	0.00140	0.00483	0.02938	0.04392	0.00654
2	0.42034	0.00800	0.03535	0.00646	0.00872	0.01786	0.00530	0.03966	0.03762	0.01741	0.06430	0.09677	0.15607	0.02950	0.02183	0.00171	0.00361	0.02123	0.00347	0.00478
3	0.00667	0.00447	0.00514	0.00521	0.00529	0.00446	0.00305	0.00682	0.00704	0.00939	0.03131	0.05820	0.01809	0.75994	0.02171	0.00421	0.00434	0.03882	0.00294	0.00290
4	0.06398	0.01065	0.05661	0.05150	0.03073	0.00980	0.04240	0.23688	0.04568	0.03672	0.00998	0.03099	0.00787	0.00472	0.00426	0.00117	0.01725	0.00378	0.00333	0.33172
5	0.14346	0.05539	0.06832	0.07376	0.19943	0.11452	0.00944	0.05290	0.10765	0.01564	0.01014	0.02784	0.00851	0.05484	0.01662	0.00164	0.00529	0.00404	0.02458	0.00597
6	0.01570	0.01200	0.01240	0.00992	0.01300	0.05784	0.00804	0.62175	0.01899	0.02519	0.01229	0.04796	0.01006	0.04955	0.00564	0.00157	0.00499	0.04068	0.02543	0.00698
7	0.06445	0.00912	0.00958	0.02205	0.01100	0.06620	0.00650	0.07696	0.20465	0.11428	0.08180	0.05986	0.05543	0.00711	0.02264	0.00151	0.03516	0.00520	0.02742	0.11907
8	0.00772	0.00609	0.00757	0.00733	0.00803	0.03691	0.00545	0.02551	0.03597	0.01093	0.01277	0.02141	0.01278	0.24512	0.40538	0.04416	0.06303	0.03718	0.00269	0.00395
9	0.00559	0.00439	0.00506	0.00546	0.00644	0.00385	0.00388	0.00669	0.01000	0.01264	0.10316	0.36726	0.42418	0.01256	0.00560	0.00167	0.00245	0.01095	0.00433	0.00385
10	0.00855	0.00794	0.01217	0.02673	0.15480	0.03758	0.13244	0.01099	0.03743	0.01366	0.03458	0.20818	0.12293	0.00904	0.00538	0.00165	0.00451	0.14172	0.00347	0.02625
11	0.01571	0.01035	0.01141	0.00939	0.01235	0.07781	0.02523	0.14795	0.22923	0.30174	0.01692	0.03349	0.04530	0.00621	0.00504	0.00147	0.03374	0.00495	0.00465	0.00706
12	0.01010	0.01086	0.05089	0.02726	0.06886	0.00993	0.51370	0.02904	0.01056	0.01487	0.01131	0.08373	0.00961	0.00581	0.02646	0.00166	0.00655	0.00573	0.09724	0.00582
13	0.00856	0.00803	0.03168	0.15366	0.04883	0.04861	0.04860	0.02469	0.08964	0.03116	0.04343	0.14055	0.23722	0.00872	0.00516	0.00159	0.00422	0.05701	0.00362	0.00502
14	0.06944	0.00779	0.01028	0.00796	0.01138	0.00689	0.00654	0.02145	0.01266	0.74655	0.01734	0.01553	0.01113	0.02714	0.00500	0.00150	0.00390	0.00455	0.00544	0.00752
15	0.00851	0.00640	0.00825	0.00859	0.05667	0.03218	0.03418	0.01055	0.05097	0.08366	0.07829	0.32128	0.15869	0.01050	0.00572	0.00166	0.03276	0.05987	0.02650	0.00478
16	0.02784	0.00673	0.00845	0.00727	0.00956	0.00631	0.00572	0.07260	0.04107	0.34951	0.14084	0.15496	0.08208	0.00824	0.00495	0.00151	0.00332	0.02252	0.04050	0.00602
17	0.01088	0.00910	0.02295	0.01020	0.01213	0.06559	0.10604	0.09423	0.02290	0.09420	0.04100	0.09304	0.01229	0.01537	0.25387	0.00335	0.11876	0.00549	0.00321	0.00539
18	0.00924	0.00881	0.01019	0.00932	0.01013	0.11070	0.00738	0.02961	0.00850	0.01152	0.03852	0.01518	0.01034	0.04948	0.39041	0.00447	0.26459	0.00456	0.00247	0.00459
19	0.01383	0.04812	0.04463	0.01175	0.01390	0.28370	0.05577	0.11916	0.01167	0.04695	0.00807	0.01012	0.00669	0.00689	0.03703	0.00173	0.26787	0.00373	0.00266	0.00575
20	0.01035	0.00798	0.01014	0.15744	0.06908	0.06069	0.01671	0.04959	0.05882	0.10958	0.05010	0.18236	0.07132	0.00857	0.00516	0.00162	0.00441	0.11690	0.00381	0.00535
21	0.00909	0.00864	0.01449	0.50045	0.15670	0.01021	0.04832	0.01172	0.00921	0.01234	0.00959	0.08455	0.00848	0.00569	0.00581	0.00158	0.09054	0.00493	0.00228	0.00538
22	0.01190	0.60635	0.15785	0.00929	0.02675	0.02708	0.02433	0.01410	0.00966	0.04186	0.00834	0.00925	0.02794	0.00429	0.00341	0.00111	0.00523	0.00298	0.00218	0.00608
23	0.00706	0.00527	0.00691	0.00663	0.00725	0.00550	0.02245	0.00805	0.00874	0.02423	0.14693	0.11555	0.08872	0.32749	0.08511	0.00325	0.07703	0.04662	0.00345	0.00377
24	0.03314	0.46412	0.17580	0.00853	0.01251	0.02412	0.00890	0.01320	0.02044	0.02320	0.05599	0.01271	0.04722	0.02680	0.01402	0.00133	0.00499	0.01251	0.00244	0.03801
25	0.01113	0.02658	0.15123	0.05798	0.07830	0.03912	0.19361	0.04929	0.12630	0.07072	0.01334	0.07436	0.02307	0.00587	0.00488	0.00151	0.00561	0.04124	0.00317	0.02270
26	0.01930	0.00801	0.01059	0.00820	0.01158	0.00721	0.00674	0.08711	0.01385	0.68813	0.07543	0.01660	0.01341	0.00594	0.00467	0.00142	0.00388	0.00485	0.00554	0.00756
27	0.00882	0.02217	0.31069	0.00961	0.04255	0.00747	0.00967	0.03901	0.01069	0.07266	0.07631	0.13510	0.20281	0.00813	0.00496	0.00153	0.00444	0.02436	0.00346	0.00556
28	0.03131	0.06211	0.20409	0.02572	0.04494	0.02404	0.07794	0.11612	0.08431	0.14672	0.05319	0.02594	0.02925	0.00595	0.01283	0.00151	0.01977	0.02414	0.00352	0.00659
29	0.02049	0.03764	0.02705	0.02954	0.01022	0.05034	0.05603	0.01057	0.05863	0.04314	0.04081	0.23605	0.20510	0.04843	0.00688	0.00177	0.07143	0.03753	0.00367	0.00467
30	0.00669	0.00445	0.00511	0.00516	0.00525	0.00447	0.00301	0.00688	0.00691	0.00941	0.01488	0.06624	0.01689	0.73161	0.06083	0.00435	0.00467	0.00680	0.03344	0.00294
31	0.02340	0.13824	0.17683	0.07668	0.17116	0.08453	0.10064	0.07948	0.04827	0.04485	0.00911	0.01069	0.00701	0.00447	0.00433	0.00136	0.00600	0.00381	0.00259	0.00654
32	0.04538	0.11692	0.20678	0.11906	0.09779	0.05126	0.08619	0.04702	0.06332	0.05448	0.02322	0.03038	0.00821	0.00492	0.00462	0.00142	0.02597	0.00411	0.00267	0.00627
33	0.00625	0.00441	0.00550	0.00593	0.00677	0.00398	0.00418	0.00741	0.01008	0.04205	0.16668	0.47746	0.21729	0.01254	0.00563	0.00170	0.00254	0.01112	0.00445	0.00402
34	0.00761	0.00670	0.01109	0.18842	0.01506	0.00720	0.12182	0.00959	0.02509	0.01226	0.04856	0.32596	0.03036	0.04204	0.04762	0.03338	0.05150	0.00808	0.00318	0.00448
35	0.01239	0.06796	0.13952	0.10323	0.24272	0.04126	0.02795	0.09286	0.02763	0.11419	0.03187	0.01316	0.03655	0.00507	0.00472	0.00140	0.02358	0.00425	0.00302	0.00665
36	0.01123	0.02907	0.07621	0.01776	0.05122	0.08617	0.07468	0.07022	0.04551	0.12489	0.08358	0.18117	0.06479	0.00884	0.03553	0.00174	0.00491	0.02302	0.00379	0.00567
37	0.01206	0.68371	0.02178	0.00831	0.01166	0.01703	0.00797	0.04080	0.00950	0.01171	0.00683	0.00817	0.00620	0.00452	0.00443	0.00112	0.10112	0.00276	0.03454	0.00580
38	0.00957	0.00821	0.00954	0.00687	0.01091	0.00626	0.00549	0.01190	0.03061	0.01507	0.00844	0.00972	0.00699	0.00348	0.00343	0.00070	0.00341	0.00279	0.00277	0.84384
39	0.00708	0.00552	0.00791	0.00767	0.00831	0.00664	0.00595	0.00851	0.00740	0.01084	0.01207	0.03902	0.01166	0.09230	0.59902	0.00605	0.11988	0.00512	0.03493	0.00412
40	0.00910	0.00851	0.01309	0.72046	0.02870	0.04021	0.01182	0.02883	0.00952	0.01218	0.00865	0.01287	0.00673	0.03428	0.00519	0.00160	0.00598	0.00414	0.03309	0.00506
41	0.00578	0.00425	0.00538	0.00603	0.00662	0.00390	0.00417	0.00684	0.00963	0.01275	0.14371	0.54737	0.15200	0.04405	0.00639	0.00186	0.00264	0.02849	0.00432	0.00382
42	0.04698	0.52691	0.24257	0.00940	0.01398	0.03653	0.01027	0.01448	0.03914	0.01257	0.00738	0.00841	0.00614	0.00417	0.00343	0.00116	0.00542	0.00283	0.00210	0.00614
43	0.06532	0.23400	0.03400	0.01049	0.01367	0.31004	0.06199	0.12040	0.01241	0.04292	0.00816	0.00928	0.00657	0.00522	0.02055	0.00135	0.01918	0.00327	0.01526	0.00592
44	0.00650	0.00467	0.00624	0.00697	0.00778	0.00446	0.00546	0.00799	0.01021	0.01350	0.14339	0.31409	0.09653	0.01275	0.00623	0.02188	0.00322	0.31981	0.00431	0.00399
