[name]
unknown

[dist]
# distance from previous block
# <min> <max>
0	92

[block]
# block no. 0 follows, 57 sequences, length 8
# corresponding to MSA columns:
# 116-123
name=unknown_A
#
# <colnr> <probs for GDERKNQSTAVLIFYWHMCP>
#	G	D	E	R	K	N	Q	S	T	A	V	L	I	F	Y	W	H	M	C	P
0	0.11708	0.21056	0.05041	0.01181	0.12891	0.04947	0.06317	0.02712	0.02378	0.06200	0.02214	0.01508	0.00958	0.00537	0.00434	0.00133	0.02495	0.09946	0.00282	0.07061
1	0.06549	0.06459	0.22258	0.09475	0.05957	0.07289	0.06936	0.01378	0.04029	0.04807	0.10863	0.01580	0.01229	0.00548	0.00445	0.00140	0.00534	0.05223	0.00287	0.04014
2	0.18916	0.04083	0.04902	0.18336	0.20285	0.02778	0.04540	0.06695	0.03467	0.07132	0.04070	0.01170	0.00824	0.00466	0.00416	0.00140	0.00502	0.00389	0.00286	0.00606
3	0.24829	0.01101	0.14764	0.07943	0.05407	0.02646	0.00877	0.05132	0.07155	0.08356	0.01317	0.05963	0.03878	0.00619	0.00428	0.00151	0.00454	0.08082	0.00326	0.00571
4	0.04125	0.00784	0.06133	0.07536	0.07435	0.00732	0.02731	0.04095	0.00940	0.16644	0.01241	0.01710	0.01061	0.15697	0.26731	0.00379	0.00718	0.00477	0.00310	0.00524
5	0.01264	0.01068	0.15427	0.21529	0.01744	0.00868	0.00971	0.06615	0.07108	0.26135	0.01672	0.01684	0.10755	0.00586	0.00461	0.00146	0.00477	0.00484	0.00373	0.00634
6	0.00759	0.00415	0.00611	0.00617	0.00634	0.00425	0.00429	0.00643	0.00639	0.00860	0.00974	0.01744	0.00989	0.06284	0.11663	0.66129	0.00499	0.05224	0.00220	0.00240
7	0.00982	0.02063	0.65631	0.01211	0.01793	0.01044	0.01478	0.11035	0.01095	0.01589	0.00975	0.07276	0.00783	0.00520	0.00445	0.00146	0.00618	0.00416	0.00241	0.00659

[dist]
# distance from previous block
# <min> <max>
4	23

[block]
# block no. 1 follows, 57 sequences, length 6
# corresponding to MSA columns:
# 147-149,151-153
name=unknown_B
#
# <colnr> <probs for GDERKNQSTAVLIFYWHMCP>
#	G	D	E	R	K	N	Q	S	T	A	V	L	I	F	Y	W	H	M	C	P
0	0.00790	0.00505	0.00654	0.05102	0.00782	0.04551	0.00470	0.00691	0.00697	0.00897	0.01123	0.17686	0.01205	0.01427	0.01394	0.60552	0.00400	0.00566	0.00243	0.00264
1	0.00995	0.31705	0.42472	0.01045	0.01539	0.01250	0.01226	0.01342	0.00955	0.01292	0.00955	0.01418	0.00843	0.00523	0.00406	0.00135	0.00570	0.10503	0.00222	0.00605
2	0.01072	0.00734	0.02721	0.00746	0.00947	0.02951	0.00592	0.04489	0.15796	0.17824	0.21981	0.15398	0.08361	0.00862	0.00506	0.00153	0.00330	0.03511	0.00467	0.00559
3	0.07529	0.00474	0.00572	0.00617	0.00710	0.00455	0.00457	0.00779	0.00997	0.01406	0.19710	0.38060	0.14115	0.01172	0.00545	0.00170	0.00275	0.11132	0.00426	0.00399
4	0.04038	0.00988	0.08212	0.15533	0.16375	0.00928	0.15073	0.01212	0.00999	0.03574	0.12029	0.09573	0.01387	0.00619	0.00568	0.00153	0.07334	0.00561	0.00284	0.00558
5	0.00950	0.16762	0.47516	0.01118	0.01645	0.01094	0.06545	0.01341	0.00989	0.01411	0.08793	0.01174	0.00960	0.00461	0.00415	0.00130	0.00570	0.00375	0.00231	0.07519

[dist]
# distance from previous block
# <min> <max>
7	16

[block]
# block no. 2 follows, 57 sequences, length 6
# corresponding to MSA columns:
# 172-177
name=unknown_C
#
# <colnr> <probs for GDERKNQSTAVLIFYWHMCP>
#	G	D	E	R	K	N	Q	S	T	A	V	L	I	F	Y	W	H	M	C	P
0	0.00852	0.16051	0.01032	0.04975	0.00974	0.00823	0.00575	0.06775	0.07048	0.01607	0.35376	0.06083	0.14505	0.00806	0.00476	0.00138	0.00320	0.00679	0.00406	0.00497
1	0.03211	0.11102	0.19662	0.03447	0.01428	0.11572	0.02876	0.04783	0.12547	0.16898	0.01397	0.01392	0.06662	0.00538	0.00429	0.00136	0.00522	0.00420	0.00337	0.00640
2	0.12185	0.13520	0.09472	0.01398	0.18902	0.07068	0.07294	0.08322	0.05903	0.10344	0.00964	0.01062	0.00731	0.00451	0.00408	0.00133	0.00527	0.00368	0.00295	0.00652
3	0.00825	0.00658	0.02974	0.02800	0.00899	0.02708	0.00543	0.04021	0.05374	0.06570	0.08189	0.22072	0.20738	0.04655	0.02555	0.01801	0.00355	0.05030	0.00396	0.06837
4	0.00722	0.04915	0.00790	0.03636	0.00877	0.00557	0.04516	0.00885	0.03259	0.05002	0.10707	0.30846	0.23188	0.07197	0.00659	0.00180	0.00320	0.00920	0.00396	0.00428
5	0.02525	0.01322	0.22639	0.01222	0.04575	0.04318	0.14334	0.03678	0.06871	0.07065	0.04832	0.02989	0.01031	0.05982	0.06403	0.00209	0.08663	0.00470	0.00284	0.00589

[dist]
# distance from previous block
# <min> <max>
9	27

[block]
# block no. 3 follows, 57 sequences, length 12
# corresponding to MSA columns:
# 212-223
name=unknown_D
#
# <colnr> <probs for GDERKNQSTAVLIFYWHMCP>
#	G	D	E	R	K	N	Q	S	T	A	V	L	I	F	Y	W	H	M	C	P
0	0.02910	0.03500	0.01257	0.08362	0.05808	0.01038	0.04882	0.16338	0.17739	0.11939	0.05628	0.01516	0.04452	0.00577	0.00517	0.00141	0.05809	0.00468	0.00382	0.06734
1	0.16875	0.02732	0.02641	0.02299	0.06619	0.01000	0.02712	0.06010	0.30525	0.14945	0.06602	0.01468	0.01217	0.00552	0.00427	0.00143	0.00394	0.00448	0.00407	0.01984
2	0.09688	0.00947	0.01137	0.11884	0.02741	0.10362	0.09066	0.03898	0.01034	0.04897	0.06159	0.12584	0.01233	0.02862	0.00486	0.00138	0.00471	0.00516	0.00306	0.19591
3	0.00714	0.00566	0.00693	0.05027	0.00880	0.03150	0.02336	0.02982	0.01078	0.03420	0.24678	0.23647	0.21756	0.03649	0.03177	0.00183	0.00334	0.00890	0.00415	0.00426
4	0.00976	0.00919	0.01739	0.31446	0.09164	0.00957	0.29069	0.01266	0.00991	0.05579	0.01134	0.12556	0.01000	0.00562	0.00499	0.00154	0.00597	0.00574	0.00263	0.00556
5	0.00715	0.00618	0.00940	0.28014	0.10672	0.00662	0.00796	0.00895	0.00925	0.01205	0.02085	0.34436	0.14394	0.00941	0.00515	0.00163	0.00402	0.00842	0.00326	0.00455
6	0.69207	0.00946	0.00798	0.00685	0.00978	0.01087	0.00563	0.14541	0.04426	0.02165	0.00760	0.00836	0.00576	0.00450	0.00317	0.00140	0.00376	0.00284	0.00317	0.00547
7	0.00654	0.00515	0.00620	0.00633	0.00784	0.00453	0.00502	0.00803	0.00996	0.01288	0.03046	0.17434	0.32803	0.01114	0.00543	0.00164	0.00307	0.24687	0.00399	0.12257
8	0.12508	0.00534	0.00585	0.00618	0.00763	0.00516	0.00502	0.00842	0.00990	0.01376	0.03161	0.09167	0.38098	0.01101	0.00534	0.00172	0.00313	0.27411	0.00400	0.00408
9	0.00971	0.00991	0.01349	0.71757	0.02885	0.12158	0.01206	0.01247	0.00958	0.01151	0.00791	0.01154	0.00601	0.00455	0.00447	0.00146	0.00633	0.00387	0.00206	0.00506
10	0.00912	0.00844	0.01205	0.01046	0.01106	0.01100	0.04106	0.03539	0.03196	0.01164	0.00872	0.01342	0.00829	0.05903	0.23078	0.00348	0.48254	0.00444	0.00232	0.00480
11	0.00572	0.00412	0.00543	0.00626	0.00672	0.00384	0.00433	0.00676	0.00937	0.01255	0.12778	0.66350	0.06293	0.01337	0.00573	0.00179	0.00263	0.04911	0.00431	0.00379

[dist]
# distance from previous block
# <min> <max>
0	1

[block]
# block no. 4 follows, 57 sequences, length 11
# corresponding to MSA columns:
# 225-235
name=unknown_E
#
# <colnr> <probs for GDERKNQSTAVLIFYWHMCP>
#	G	D	E	R	K	N	Q	S	T	A	V	L	I	F	Y	W	H	M	C	P
0	0.00654	0.00470	0.00618	0.00640	0.00727	0.00481	0.00491	0.00805	0.00904	0.01249	0.10934	0.09004	0.12570	0.10229	0.28344	0.00383	0.00615	0.13894	0.06597	0.00392
1	0.00612	0.00679	0.10945	0.00650	0.00815	0.00473	0.00560	0.00788	0.01017	0.01353	0.19561	0.31879	0.26775	0.01105	0.00537	0.00161	0.00295	0.00965	0.00408	0.00424
2	0.00753	0.00534	0.00704	0.11157	0.01023	0.00520	0.00540	0.00963	0.03030	0.07654	0.36249	0.12539	0.20727	0.00938	0.00522	0.00151	0.00290	0.00816	0.00438	0.00454
3	0.00566	0.00431	0.00522	0.00572	0.00656	0.00387	0.00408	0.00680	0.00988	0.01277	0.13691	0.42153	0.30301	0.01252	0.00560	0.00169	0.00251	0.04323	0.00431	0.00383
4	0.01173	0.73822	0.12560	0.00842	0.01265	0.01698	0.00891	0.01367	0.00925	0.01113	0.00653	0.00756	0.00581	0.00393	0.00309	0.00103	0.00508	0.00254	0.00194	0.00593
5	0.07386	0.00615	0.00698	0.00679	0.00817	0.00638	0.00520	0.13045	0.02617	0.03893	0.04290	0.25623	0.01918	0.06707	0.00606	0.00176	0.00334	0.11813	0.17153	0.00470
6	0.01731	0.01190	0.01303	0.01006	0.01361	0.01296	0.00829	0.65748	0.06112	0.12908	0.01217	0.01178	0.00848	0.00550	0.00454	0.00137	0.00477	0.00420	0.00468	0.00768
7	0.01000	0.02509	0.12801	0.21753	0.06565	0.00883	0.05050	0.07683	0.02608	0.07075	0.01196	0.04359	0.01080	0.18461	0.00862	0.00212	0.00531	0.04549	0.00288	0.00535
8	0.01764	0.00873	0.01076	0.00849	0.01170	0.00854	0.00690	0.17744	0.10941	0.50487	0.04892	0.01586	0.01227	0.03058	0.00514	0.00150	0.00400	0.00474	0.00516	0.00736
9	0.01044	0.00579	0.00802	0.00813	0.00978	0.00552	0.00698	0.01244	0.01119	0.20988	0.06627	0.04143	0.02337	0.01065	0.00579	0.00188	0.00398	0.54885	0.00457	0.00504
10	0.04788	0.01120	0.14200	0.05515	0.02662	0.02206	0.00872	0.20433	0.10193	0.09845	0.02770	0.12686	0.04551	0.00701	0.00469	0.00150	0.00449	0.03946	0.01825	0.00620

[dist]
# distance from previous block
# <min> <max>
3	13

[block]
# block no. 5 follows, 57 sequences, length 58
# corresponding to MSA columns:
# 250-294,296-308
name=unknown_F
#
# <colnr> <probs for GDERKNQSTAVLIFYWHMCP>
#	G	D	E	R	K	N	Q	S	T	A	V	L	I	F	Y	W	H	M	C	P
0	0.00592	0.00423	0.00556	0.00634	0.00673	0.00410	0.00440	0.00681	0.00849	0.01130	0.02294	0.55157	0.05108	0.13258	0.07784	0.00268	0.00383	0.08612	0.00384	0.00363
1	0.00946	0.00882	0.01446	0.35003	0.33478	0.00963	0.01178	0.01202	0.00950	0.01308	0.00976	0.07527	0.00874	0.00527	0.00494	0.00144	0.03564	0.01943	0.00236	0.06361
2	0.00942	0.00812	0.00956	0.00690	0.01078	0.00633	0.00554	0.01139	0.00931	0.01462	0.00798	0.00942	0.00668	0.00352	0.00378	0.00072	0.03379	0.00273	0.00266	0.83675
3	0.01493	0.02485	0.01261	0.01098	0.04258	0.23649	0.00837	0.29245	0.27226	0.01988	0.01212	0.01205	0.00913	0.00538	0.00441	0.00136	0.00543	0.00407	0.00383	0.00681
4	0.00856	0.00805	0.01359	0.82986	0.03121	0.01007	0.01258	0.01158	0.00906	0.01158	0.00805	0.01208	0.00604	0.00453	0.00453	0.00151	0.00604	0.00403	0.00201	0.00503
5	0.00685	0.00469	0.00625	0.00661	0.00709	0.00482	0.00475	0.00764	0.00816	0.03388	0.01913	0.31608	0.03822	0.20224	0.13257	0.05070	0.03646	0.10677	0.00344	0.00366
6	0.02489	0.09115	0.07691	0.08107	0.01254	0.00889	0.00755	0.08424	0.09185	0.15514	0.08043	0.15481	0.05270	0.02865	0.00541	0.00156	0.02643	0.00615	0.00386	0.00576
7	0.00891	0.00541	0.00655	0.00628	0.00760	0.00528	0.00478	0.08245	0.01164	0.08341	0.22656	0.21308	0.03860	0.00903	0.00484	0.00147	0.00279	0.06108	0.21553	0.00471
8	0.00980	0.00804	0.00934	0.00829	0.01046	0.00868	0.03517	0.09270	0.37288	0.01835	0.18360	0.03565	0.10666	0.00773	0.00496	0.00153	0.00344	0.05810	0.01869	0.00593
9	0.02108	0.00484	0.00604	0.00631	0.00737	0.00447	0.00456	0.00907	0.03322	0.11047	0.04669	0.48193	0.18233	0.01205	0.00566	0.01494	0.00282	0.03748	0.00435	0.00433
10	0.04171	0.01154	0.03870	0.13642	0.47059	0.06193	0.04547	0.08218	0.03974	0.01563	0.00886	0.01118	0.00709	0.00435	0.00445	0.00138	0.00562	0.00399	0.00251	0.00666
11	0.05610	0.00623	0.00846	0.00794	0.00907	0.01958	0.03163	0.01027	0.00861	0.11445	0.01568	0.26959	0.01599	0.03629	0.27008	0.00357	0.10137	0.00709	0.00336	0.00461
12	0.01157	0.00554	0.00745	0.00696	0.00862	0.00495	0.00522	0.01287	0.01077	0.33580	0.08368	0.42211	0.03575	0.01029	0.00525	0.00163	0.00310	0.01823	0.00483	0.00536
13	0.00988	0.02713	0.38395	0.09547	0.03936	0.03622	0.14416	0.06426	0.02705	0.01508	0.05058	0.01361	0.05184	0.00500	0.00460	0.00144	0.00608	0.00442	0.01373	0.00615
14	0.02503	0.04861	0.21126	0.01075	0.03051	0.03822	0.08083	0.05051	0.06597	0.13502	0.01371	0.06337	0.04543	0.00939	0.10401	0.00218	0.03934	0.01663	0.00319	0.00603
15	0.00657	0.00440	0.00503	0.00505	0.00508	0.00442	0.00287	0.00664	0.00665	0.00890	0.01439	0.04356	0.01653	0.79794	0.05067	0.00445	0.00463	0.00664	0.00276	0.00281
16	0.00634	0.00480	0.00577	0.00554	0.00677	0.00438	0.00414	0.03038	0.01202	0.01620	0.49937	0.09006	0.27724	0.01017	0.00535	0.00148	0.00230	0.00881	0.00468	0.00420
17	0.02917	0.11468	0.23497	0.17593	0.02981	0.01039	0.05384	0.02919	0.07021	0.01432	0.09537	0.02671	0.04095	0.00571	0.00467	0.00144	0.02108	0.03308	0.00276	0.00572
18	0.00970	0.09310	0.65492	0.04186	0.06726	0.01109	0.01543	0.01432	0.00963	0.03061	0.00820	0.00968	0.00596	0.00429	0.00421	0.00139	0.00637	0.00336	0.00202	0.00661
19	0.00663	0.00452	0.00582	0.00582	0.00610	0.00481	0.00383	0.00707	0.00679	0.00933	0.01313	0.02454	0.01415	0.50875	0.30066	0.05944	0.00706	0.00582	0.00259	0.00315
20	0.00693	0.00467	0.00527	0.00517	0.00530	0.00473	0.00299	0.03193	0.00707	0.00945	0.01412	0.02881	0.01609	0.79726	0.03908	0.00436	0.00457	0.00647	0.00280	0.00293
21	0.01139	0.55400	0.22628	0.00919	0.01365	0.01531	0.01001	0.05649	0.00996	0.01268	0.01740	0.00868	0.00652	0.00496	0.02561	0.00129	0.00549	0.00289	0.00213	0.00608
22	0.01061	0.01284	0.07004	0.01876	0.02346	0.01141	0.75334	0.01451	0.01063	0.01451	0.00911	0.01208	0.00681	0.00385	0.00529	0.00152	0.00759	0.00524	0.00227	0.00614
23	0.01693	0.02160	0.01284	0.01167	0.01401	0.82256	0.00876	0.01809	0.01284	0.01109	0.00700	0.00817	0.00584	0.00467	0.00409	0.00117	0.00817	0.00292	0.00233	0.00525
24	0.01000	0.00804	0.00946	0.00679	0.01078	0.00607	0.00544	0.01199	0.00959	0.05863	0.00859	0.00973	0.00696	0.00348	0.00342	0.00071	0.00338	0.00279	0.00284	0.82131
25	0.00545	0.00445	0.00482	0.00503	0.00626	0.00382	0.00366	0.00657	0.01010	0.01242	0.08313	0.21891	0.59574	0.01196	0.00545	0.00159	0.00236	0.01022	0.00425	0.00382
26	0.09056	0.01218	0.01290	0.00996	0.01351	0.01346	0.00823	0.70313	0.01985	0.05540	0.01073	0.01074	0.00759	0.00534	0.00439	0.00136	0.00482	0.00396	0.00442	0.00747
27	0.01059	0.01196	0.02550	0.03830	0.02303	0.01160	0.72106	0.01419	0.01039	0.01419	0.00891	0.01206	0.00679	0.00413	0.00601	0.00156	0.06627	0.00522	0.00226	0.00600
28	0.00577	0.00433	0.00538	0.00593	0.00672	0.00394	0.00427	0.00698	0.00993	0.01298	0.15692	0.43193	0.23862	0.01254	0.00564	0.00171	0.00259	0.07564	0.00433	0.00386
29	0.70913	0.00893	0.00752	0.00648	0.00937	0.01011	0.00533	0.08595	0.00939	0.07970	0.00780	0.00852	0.00580	0.00445	0.00310	0.00139	0.00363	0.00280	0.02522	0.00535
30	0.00563	0.00442	0.00503	0.00525	0.00630	0.00389	0.00375	0.00680	0.01015	0.01292	0.16840	0.25057	0.44018	0.04812	0.00624	0.00172	0.00245	0.01008	0.00428	0.00382
31	0.00572	0.00452	0.00515	0.00516	0.00639	0.00395	0.00381	0.00713	0.01092	0.01406	0.28806	0.14158	0.46526	0.01111	0.00541	0.00154	0.00229	0.00955	0.00446	0.00395
32	0.25406	0.00774	0.00786	0.00692	0.00934	0.00822	0.00549	0.06049	0.18016	0.12607	0.09893	0.04001	0.15361	0.00692	0.00431	0.00146	0.00327	0.00550	0.01400	0.00564
33	0.00867	0.00644	0.00757	0.00759	0.00916	0.00676	0.00606	0.02646	0.24629	0.04121	0.05270	0.13554	0.10793	0.00978	0.00529	0.00170	0.00339	0.25019	0.06213	0.00514
34	0.01033	0.00974	0.01650	0.31278	0.42894	0.01052	0.05574	0.03769	0.01016	0.01407	0.00860	0.01171	0.00688	0.00434	0.00468	0.00142	0.01856	0.00411	0.02699	0.00625
35	0.02336	0.49649	0.01908	0.00931	0.03273	0.19150	0.00805	0.06946	0.01121	0.08987	0.00794	0.00860	0.00650	0.00433	0.00347	0.00110	0.00548	0.00289	0.00257	0.00603
36	0.44076	0.00929	0.01144	0.09201	0.27616	0.01018	0.00880	0.02837	0.00918	0.03794	0.00815	0.01074	0.00665	0.00450	0.00371	0.00141	0.00442	0.02782	0.00269	0.00577
37	0.00712	0.00647	0.02297	0.29952	0.06963	0.00667	0.00791	0.00917	0.00984	0.01271	0.10006	0.16159	0.23427	0.00865	0.00508	0.00156	0.00399	0.02490	0.00333	0.00456
38	0.04316	0.00798	0.01040	0.00807	0.01147	0.00723	0.00664	0.06231	0.03863	0.70627	0.01713	0.01505	0.01095	0.00557	0.00447	0.00140	0.00385	0.00448	0.02741	0.00753
39	0.00998	0.09061	0.39702	0.01169	0.03202	0.03020	0.06837	0.01347	0.01000	0.05786	0.10689	0.02348	0.02525	0.00556	0.00560	0.00146	0.09751	0.00436	0.00261	0.00603
40	0.00935	0.00841	0.01391	0.30899	0.28525	0.00904	0.05378	0.01220	0.02377	0.01400	0.06090	0.04965	0.01059	0.00513	0.00450	0.00140	0.00499	0.00477	0.09605	0.02332
41	0.00568	0.00429	0.00520	0.00566	0.00649	0.00385	0.00401	0.00675	0.00981	0.01268	0.14103	0.41182	0.30424	0.01256	0.00585	0.02115	0.00251	0.02836	0.00426	0.00379
42	0.03719	0.01038	0.01112	0.00925	0.01210	0.01163	0.00742	0.34155	0.34126	0.04063	0.04195	0.01627	0.06503	0.00629	0.00486	0.00146	0.02520	0.00497	0.00447	0.00697
43	0.03247	0.33559	0.33827	0.01003	0.01483	0.03341	0.02619	0.01358	0.00952	0.01300	0.00829	0.01104	0.00704	0.00453	0.00377	0.00122	0.00552	0.04812	0.00216	0.08141
44	0.00610	0.00437	0.00584	0.00671	0.00728	0.00417	0.00497	0.00732	0.00945	0.01254	0.08567	0.51247	0.05532	0.03986	0.00642	0.00195	0.00305	0.21847	0.00421	0.00383
45	0.25799	0.01058	0.01081	0.00883	0.01189	0.01191	0.00721	0.35011	0.15910	0.08039	0.01129	0.01127	0.00822	0.00532	0.00444	0.00143	0.03461	0.00384	0.00404	0.00672
46	0.87276	0.00876	0.00666	0.00596	0.00876	0.01017	0.00491	0.01332	0.00771	0.02033	0.00631	0.00736	0.00491	0.00421	0.00280	0.00140	0.00351	0.00245	0.00280	0.00491
47	0.01666	0.01850	0.01289	0.01119	0.01389	0.55760	0.00862	0.22643	0.06308	0.01623	0.00873	0.00942	0.00682	0.00496	0.00424	0.00124	0.00704	0.00336	0.00306	0.00602
48	0.01008	0.00800	0.00929	0.00702	0.01048	0.00671	0.00559	0.09439	0.02941	0.04223	0.08787	0.03722	0.03940	0.00488	0.00388	0.00092	0.00337	0.00401	0.00334	0.59193
49	0.01033	0.02453	0.11975	0.25821	0.11589	0.03357	0.13131	0.03177	0.07842	0.05279	0.06788	0.03469	0.01046	0.00513	0.00468	0.00146	0.00563	0.00473	0.00280	0.00597
50	0.01066	0.12168	0.16134	0.05873	0.19711	0.01060	0.01808	0.12271	0.02543	0.02956	0.07595	0.09364	0.02273	0.00659	0.02437	0.00153	0.00509	0.00504	0.00300	0.00617
51	0.00921	0.00899	0.01280	0.01105	0.01134	0.01203	0.03490	0.01035	0.00768	0.01156	0.05702	0.08131	0.03825	0.00852	0.01290	0.00191	0.65775	0.00520	0.00243	0.00481
52	0.00645	0.00542	0.00668	0.00766	0.08658	0.00507	0.00500	0.00823	0.03863	0.01334	0.12641	0.16829	0.45395	0.01058	0.00553	0.00156	0.02389	0.00904	0.01336	0.00434
53	0.02978	0.11537	0.17263	0.04435	0.25526	0.04325	0.04035	0.06736	0.07978	0.08310	0.01009	0.01163	0.00778	0.00463	0.00428	0.00136	0.00542	0.01404	0.00282	0.00672
54	0.01645	0.00899	0.03452	0.02052	0.11578	0.00828	0.01705	0.12838	0.03123	0.45043	0.04669	0.01528	0.01144	0.03232	0.00512	0.00148	0.00423	0.00460	0.04011	0.00711
55	0.00552	0.00408	0.00516	0.00598	0.00650	0.00372	0.00407	0.00641	0.00910	0.01189	0.05247	0.67048	0.17094	0.01356	0.00569	0.00177	0.00255	0.01214	0.00423	0.00372
56	0.04042	0.01141	0.04908	0.11496	0.19306	0.08456	0.13033	0.10429	0.02944	0.03774	0.01122	0.01687	0.00972	0.00572	0.00509	0.00152	0.03032	0.11529	0.00291	0.00606
57	0.15376	0.09807	0.01400	0.01298	0.17581	0.13012	0.02130	0.15848	0.09781	0.08088	0.00996	0.01064	0.00760	0.00474	0.00403	0.00132	0.00508	0.00364	0.00325	0.00651

[dist]
# distance from previous block
# <min> <max>
2	11

[block]
# block no. 6 follows, 57 sequences, length 21
# corresponding to MSA columns:
# 320-340
name=unknown_G
#
# <colnr> <probs for GDERKNQSTAVLIFYWHMCP>
#	G	D	E	R	K	N	Q	S	T	A	V	L	I	F	Y	W	H	M	C	P
0	0.10009	0.12734	0.21284	0.00955	0.02227	0.06566	0.02233	0.07391	0.06596	0.02570	0.02696	0.05034	0.03025	0.02399	0.00461	0.00138	0.01534	0.02042	0.00286	0.09820
1	0.03992	0.06013	0.00758	0.00577	0.00794	0.00621	0.00454	0.01166	0.05382	0.03377	0.03008	0.09089	0.01217	0.00561	0.00359	0.00108	0.00284	0.00458	0.38137	0.23646
2	0.10483	0.01052	0.04850	0.02378	0.08805	0.02959	0.07398	0.20178	0.09946	0.03007	0.12182	0.05206	0.01358	0.00618	0.00544	0.00148	0.07414	0.00503	0.00359	0.00613
3	0.80720	0.00899	0.00736	0.00693	0.03812	0.01034	0.00538	0.04479	0.00835	0.02046	0.00657	0.00764	0.00510	0.00425	0.00293	0.00140	0.00363	0.00258	0.00285	0.00510
4	0.01069	0.15161	0.49057	0.01191	0.01721	0.07609	0.06406	0.04202	0.02088	0.02919	0.00888	0.04098	0.00703	0.00470	0.00421	0.00136	0.00627	0.00373	0.00226	0.00635
5	0.01066	0.00809	0.00938	0.00707	0.01050	0.00686	0.00555	0.07201	0.06175	0.07775	0.01037	0.01263	0.00864	0.09355	0.00573	0.00123	0.00364	0.00351	0.00318	0.58787
6	0.01723	0.01269	0.01360	0.01043	0.01405	0.01405	0.00861	0.79738	0.02131	0.02856	0.01088	0.01088	0.00771	0.00544	0.00453	0.00136	0.00499	0.00408	0.00453	0.00771
7	0.00551	0.00397	0.00523	0.00623	0.00655	0.00369	0.00417	0.00632	0.00875	0.01160	0.02589	0.80325	0.06393	0.01408	0.00577	0.00183	0.00261	0.01274	0.00421	0.00369
8	0.00988	0.01071	0.02240	0.01654	0.02019	0.01043	0.60770	0.01317	0.01000	0.01371	0.01011	0.01464	0.00833	0.00889	0.12785	0.00243	0.04597	0.03899	0.00238	0.00567
9	0.01693	0.02160	0.01284	0.01167	0.01401	0.82256	0.00876	0.01809	0.01284	0.01109	0.00700	0.00817	0.00584	0.00467	0.00409	0.00117	0.00817	0.00292	0.00233	0.00525
10	0.14656	0.00911	0.01031	0.00815	0.01136	0.00930	0.00669	0.25069	0.03522	0.37275	0.01380	0.01302	0.00932	0.00533	0.00417	0.00136	0.00398	0.00408	0.07778	0.00698
11	0.00554	0.00398	0.00526	0.00625	0.00657	0.00370	0.00419	0.00638	0.00885	0.01178	0.04925	0.79223	0.05127	0.01397	0.00576	0.00182	0.00261	0.01265	0.00423	0.00370
12	0.01075	0.22979	0.40702	0.01127	0.01622	0.06276	0.05719	0.06032	0.01059	0.01415	0.03603	0.01186	0.00815	0.00480	0.00413	0.00133	0.00600	0.03910	0.00233	0.00621
13	0.00712	0.00496	0.00694	0.00751	0.00840	0.00478	0.02753	0.00882	0.03047	0.04942	0.02407	0.46322	0.04072	0.01266	0.00584	0.00188	0.00339	0.28385	0.00422	0.00420
14	0.07287	0.00741	0.00945	0.00750	0.01050	0.00679	0.00612	0.05621	0.01279	0.57525	0.11611	0.01709	0.01463	0.00595	0.00445	0.00138	0.00356	0.00483	0.06024	0.00688
15	0.03243	0.00744	0.01003	0.22966	0.03422	0.04018	0.01943	0.01201	0.03748	0.10758	0.03243	0.17889	0.06021	0.00799	0.00568	0.00160	0.06912	0.06701	0.04157	0.00504
16	0.18741	0.02907	0.06786	0.10051	0.14557	0.01039	0.17988	0.06904	0.01075	0.12501	0.00986	0.02811	0.00746	0.00461	0.00433	0.00143	0.00534	0.00417	0.00297	0.00623
17	0.03291	0.00875	0.00970	0.00835	0.01073	0.02722	0.00662	0.19765	0.20238	0.13875	0.04036	0.07353	0.08609	0.02300	0.05820	0.00192	0.02315	0.02606	0.01841	0.00621
18	0.00594	0.00442	0.00597	0.00682	0.00712	0.00445	0.00480	0.00683	0.00869	0.01167	0.02367	0.72662	0.02813	0.01367	0.00641	0.00187	0.05648	0.06858	0.00406	0.00380
19	0.02605	0.03185	0.02506	0.12593	0.26575	0.07798	0.00963	0.05347	0.01036	0.09607	0.02256	0.04046	0.00986	0.12617	0.02039	0.00193	0.04325	0.00464	0.00285	0.00578
20	0.04629	0.00985	0.01408	0.01152	0.01296	0.02378	0.11965	0.09817	0.00962	0.01420	0.04059	0.04052	0.00924	0.02794	0.03316	0.00194	0.42972	0.01551	0.00263	0.03865

[dist]
# distance from previous block
# <min> <max>
0	6

[block]
# block no. 7 follows, 57 sequences, length 22
# corresponding to MSA columns:
# 347-368
name=unknown_H
#
# <colnr> <probs for GDERKNQSTAVLIFYWHMCP>
#	G	D	E	R	K	N	Q	S	T	A	V	L	I	F	Y	W	H	M	C	P
0	0.00835	0.00608	0.00708	0.00711	0.00844	0.04207	0.00555	0.01086	0.07489	0.08146	0.18483	0.18692	0.12336	0.01154	0.04129	0.00192	0.00369	0.18558	0.00435	0.00464
1	0.01017	0.00865	0.00960	0.00699	0.01092	0.04291	0.00557	0.01214	0.00969	0.04651	0.00840	0.00958	0.00685	0.00350	0.00344	0.00072	0.00359	0.00277	0.00279	0.79521
2	0.20145	0.01097	0.01199	0.04808	0.02574	0.01212	0.02588	0.45898	0.05223	0.07687	0.01075	0.01158	0.00787	0.00525	0.00422	0.00140	0.00463	0.01913	0.00402	0.00684
3	0.00952	0.00888	0.01230	0.01128	0.04708	0.01171	0.00882	0.03612	0.05033	0.01191	0.00837	0.01270	0.00793	0.05122	0.15651	0.00296	0.54074	0.00431	0.00233	0.00500
4	0.35256	0.00957	0.00890	0.00760	0.01038	0.07189	0.00610	0.07688	0.12963	0.18442	0.06964	0.01294	0.01075	0.00531	0.00386	0.00139	0.00393	0.00391	0.02433	0.00601
5	0.01462	0.01151	0.01271	0.01029	0.01314	0.01326	0.00839	0.48032	0.23479	0.02357	0.01231	0.01241	0.00916	0.00596	0.00593	0.00149	0.11438	0.00435	0.00422	0.00719
6	0.00873	0.00818	0.01376	0.68333	0.12963	0.00981	0.01230	0.01159	0.00920	0.01199	0.00902	0.05622	0.00747	0.00499	0.00459	0.00151	0.00577	0.00450	0.00216	0.00523
7	0.00909	0.02344	0.81727	0.01292	0.01961	0.01052	0.01674	0.01435	0.00957	0.01435	0.00813	0.00957	0.00574	0.00431	0.00431	0.00144	0.00670	0.00335	0.00191	0.00670
8	0.00634	0.00468	0.00565	0.00550	0.00675	0.00418	0.00416	0.00805	0.01164	0.03293	0.44557	0.07000	0.32109	0.01034	0.00539	0.00151	0.00235	0.04507	0.00465	0.00416
9	0.00565	0.00406	0.00529	0.00611	0.00650	0.00378	0.00411	0.00656	0.00907	0.01214	0.10508	0.68352	0.06486	0.05230	0.00653	0.00190	0.00265	0.01197	0.00422	0.00370
10	0.00622	0.00465	0.00535	0.00523	0.00656	0.00406	0.00390	0.00770	0.01115	0.03988	0.31135	0.10366	0.45255	0.01073	0.00536	0.00151	0.00232	0.00919	0.00453	0.00410
11	0.00563	0.00447	0.00506	0.00519	0.00636	0.00390	0.00379	0.00692	0.01055	0.01344	0.21355	0.20460	0.47745	0.01154	0.00544	0.00157	0.00233	0.00994	0.00438	0.00390
12	0.00676	0.00477	0.00604	0.00613	0.00665	0.00495	0.00432	0.02161	0.00799	0.01081	0.05128	0.05342	0.04715	0.42217	0.22340	0.00447	0.00613	0.10538	0.00307	0.00348
13	0.53801	0.00997	0.00917	0.00755	0.01067	0.01120	0.00623	0.26905	0.01248	0.07556	0.00856	0.00904	0.00624	0.00470	0.00348	0.00139	0.00401	0.00312	0.00355	0.00600
14	0.05858	0.01051	0.01204	0.00927	0.01281	0.01090	0.00765	0.44918	0.01732	0.34434	0.01348	0.01254	0.00899	0.00545	0.00446	0.00138	0.00446	0.00420	0.00488	0.00758
15	0.00551	0.00400	0.00520	0.00615	0.00653	0.00369	0.00413	0.00633	0.00883	0.01163	0.02693	0.76358	0.10292	0.01394	0.00574	0.00181	0.00260	0.01257	0.00421	0.00369
16	0.01180	0.00952	0.00991	0.00868	0.01092	0.04301	0.00668	0.24582	0.31867	0.01944	0.04047	0.13721	0.01515	0.07806	0.00630	0.00174	0.00404	0.00607	0.02029	0.00622
17	0.01275	0.01047	0.01108	0.00952	0.01235	0.01196	0.00753	0.21617	0.60980	0.02134	0.01656	0.01541	0.01231	0.00597	0.00459	0.00149	0.00393	0.00486	0.00459	0.00730
18	0.01094	0.00654	0.00697	0.00609	0.00789	0.00679	0.00476	0.19450	0.03125	0.06202	0.03032	0.03249	0.04354	0.02513	0.00423	0.00127	0.00298	0.00473	0.51233	0.00523
19	0.01211	0.84348	0.02374	0.00775	0.01163	0.01793	0.00775	0.01357	0.00921	0.01066	0.00630	0.00727	0.00582	0.00388	0.00291	0.00097	0.00485	0.00242	0.00194	0.00582
20	0.00940	0.00805	0.00940	0.00671	0.01074	0.00604	0.00537	0.01141	0.00940	0.01477	0.00805	0.00940	0.00671	0.00336	0.00336	0.00067	0.00336	0.00268	0.00268	0.86845
21	0.59738	0.06396	0.00898	0.00689	0.00981	0.02931	0.00573	0.10845	0.02260	0.06081	0.04411	0.00956	0.00750	0.00468	0.00328	0.00137	0.00384	0.00307	0.00322	0.00546

[dist]
# distance from previous block
# <min> <max>
0	3

[block]
# block no. 8 follows, 57 sequences, length 31
# corresponding to MSA columns:
# 372-402
name=unknown_I
#
# <colnr> <probs for GDERKNQSTAVLIFYWHMCP>
#	G	D	E	R	K	N	Q	S	T	A	V	L	I	F	Y	W	H	M	C	P
0	0.01337	0.58197	0.02018	0.00885	0.01228	0.21274	0.00799	0.03557	0.04901	0.01163	0.00718	0.00805	0.00626	0.00422	0.00332	0.00105	0.00560	0.00272	0.00223	0.00579
1	0.00543	0.00456	0.00472	0.00479	0.00622	0.00385	0.00358	0.00659	0.01029	0.01236	0.06215	0.09328	0.72958	0.01161	0.00540	0.00156	0.00235	0.02363	0.00423	0.00383
2	0.01018	0.02476	0.04097	0.01033	0.01141	0.10673	0.02082	0.05096	0.02568	0.01216	0.00979	0.02907	0.00954	0.07178	0.12348	0.00271	0.37229	0.05991	0.00252	0.00491
3	0.03386	0.20046	0.23126	0.02780	0.08890	0.06481	0.06175	0.02875	0.06803	0.01396	0.01110	0.06285	0.03424	0.00523	0.00412	0.00133	0.00533	0.00428	0.04598	0.00598
4	0.01034	0.00873	0.00935	0.00854	0.01078	0.00986	0.00657	0.04858	0.61353	0.01815	0.05890	0.09716	0.06507	0.00736	0.00480	0.00155	0.00340	0.00624	0.00456	0.00652
5	0.00550	0.00452	0.00481	0.00498	0.00628	0.00388	0.00368	0.00663	0.01007	0.01223	0.05766	0.14695	0.64303	0.03424	0.00592	0.00167	0.00246	0.03750	0.00418	0.00380
6	0.02949	0.20691	0.19609	0.02939	0.13256	0.05829	0.11383	0.05124	0.05667	0.07046	0.00920	0.01044	0.00705	0.00438	0.00415	0.00131	0.00575	0.00369	0.00260	0.00648
7	0.02700	0.02910	0.04388	0.01151	0.07653	0.16128	0.06831	0.12837	0.15723	0.09265	0.01392	0.05297	0.03921	0.00591	0.00465	0.00140	0.01588	0.02031	0.04362	0.00627
8	0.00601	0.00410	0.00528	0.00613	0.00660	0.00388	0.00427	0.00708	0.00898	0.01246	0.03975	0.64175	0.04777	0.01317	0.01901	0.00183	0.00280	0.05655	0.10877	0.00380
9	0.01025	0.00899	0.03506	0.03413	0.42617	0.02102	0.01007	0.01288	0.02801	0.07497	0.19053	0.03061	0.07315	0.00619	0.00478	0.00141	0.00433	0.01795	0.00334	0.00615
10	0.02613	0.10153	0.02513	0.08147	0.23096	0.05980	0.03164	0.05591	0.12389	0.13346	0.05185	0.02932	0.01078	0.00524	0.00440	0.00137	0.00487	0.01236	0.00335	0.00653
11	0.05346	0.27862	0.11787	0.00923	0.01241	0.05673	0.02901	0.09040	0.01068	0.05860	0.02500	0.06493	0.02401	0.00665	0.02705	0.00151	0.07530	0.03510	0.01768	0.00574
12	0.07724	0.01268	0.04221	0.13402	0.25029	0.16485	0.02608	0.09058	0.05114	0.01522	0.00886	0.02708	0.00728	0.00499	0.00512	0.00142	0.06829	0.00394	0.00262	0.00611
13	0.00552	0.00460	0.00482	0.00483	0.00628	0.00391	0.00364	0.00678	0.01055	0.01285	0.12065	0.05569	0.70068	0.01133	0.00539	0.00154	0.00234	0.03044	0.00428	0.00388
14	0.00865	0.00815	0.01376	0.80199	0.05836	0.01009	0.01263	0.01166	0.00910	0.01169	0.00807	0.01205	0.00608	0.00451	0.00453	0.00150	0.00602	0.00403	0.00202	0.00511
15	0.00805	0.00479	0.00551	0.00523	0.00646	0.00466	0.00395	0.01065	0.04963	0.04514	0.34823	0.02474	0.04905	0.00719	0.00426	0.00126	0.00226	0.00610	0.40833	0.00450
16	0.03802	0.01280	0.01326	0.02652	0.02661	0.05905	0.00858	0.69013	0.01984	0.02658	0.01054	0.01079	0.00757	0.00532	0.00444	0.00135	0.00510	0.00398	0.02217	0.00737
17	0.00667	0.00475	0.00576	0.00549	0.00676	0.00426	0.00413	0.00839	0.01175	0.04780	0.48541	0.03653	0.28400	0.04003	0.00598	0.00158	0.00239	0.02943	0.00466	0.00421
18	0.00564	0.00453	0.00503	0.00506	0.00633	0.00392	0.00374	0.00699	0.01076	0.01363	0.23244	0.13174	0.53181	0.01124	0.00540	0.00154	0.00229	0.00960	0.00440	0.00392
19	0.69157	0.00925	0.00797	0.00682	0.00969	0.01058	0.00562	0.11510	0.00974	0.06474	0.00752	0.00833	0.00564	0.00455	0.00346	0.00141	0.02662	0.00282	0.00316	0.00542
20	0.00561	0.00401	0.00536	0.00641	0.00671	0.00376	0.00436	0.00646	0.00876	0.01167	0.02493	0.79820	0.02977	0.01411	0.00581	0.00185	0.00271	0.05159	0.00420	0.00371
21	0.04535	0.01041	0.01205	0.00926	0.01281	0.01073	0.00765	0.43693	0.01727	0.36931	0.01377	0.01274	0.00914	0.00547	0.00449	0.00138	0.00445	0.00424	0.00494	0.00762
22	0.07904	0.00778	0.01025	0.00792	0.01137	0.00690	0.00654	0.02148	0.01261	0.76085	0.01708	0.01487	0.01078	0.00551	0.00444	0.00140	0.00383	0.00441	0.00542	0.00752
23	0.05297	0.03721	0.58758	0.01351	0.01937	0.01091	0.15805	0.01438	0.02118	0.01460	0.00830	0.01001	0.00603	0.00430	0.00461	0.00145	0.02332	0.00369	0.00207	0.00645
24	0.00630	0.00467	0.00594	0.00603	0.00711	0.00431	0.00467	0.00813	0.01157	0.01566	0.45677	0.10644	0.18234	0.01069	0.00555	0.00160	0.00258	0.15087	0.00463	0.00412
25	0.01140	0.00798	0.01239	0.18888	0.11226	0.00873	0.05260	0.02674	0.00968	0.18965	0.02235	0.01548	0.00974	0.10670	0.10548	0.00255	0.10406	0.00467	0.00307	0.00559
26	0.00574	0.00459	0.00514	0.00504	0.00637	0.00399	0.00377	0.00724	0.01119	0.01438	0.32306	0.06091	0.51110	0.01074	0.00536	0.00150	0.00225	0.00915	0.00449	0.00399
27	0.00855	0.00432	0.00451	0.00449	0.00552	0.00428	0.00330	0.01047	0.00940	0.04029	0.01538	0.06078	0.01283	0.05143	0.00444	0.00129	0.00232	0.00482	0.74735	0.00422
28	0.01096	0.01042	0.03992	0.23150	0.36413	0.01070	0.07894	0.04751	0.10595	0.04037	0.01003	0.01228	0.00776	0.00452	0.00458	0.00143	0.00550	0.00427	0.00266	0.00655
29	0.00993	0.06223	0.21933	0.05922	0.16055	0.01004	0.07819	0.01318	0.03064	0.05488	0.08192	0.01437	0.02317	0.02687	0.06175	0.00192	0.07869	0.00450	0.00265	0.00596
30	0.00577	0.00438	0.00536	0.00602	0.00675	0.00405	0.00425	0.00713	0.03421	0.01225	0.05199	0.54132	0.23724	0.01300	0.00564	0.00175	0.00263	0.04816	0.00424	0.00387

[dist]
# distance from previous block
# <min> <max>
0	21

[block]
# block no. 9 follows, 57 sequences, length 24
# corresponding to MSA columns:
# 424-447
name=unknown_J
#
# <colnr> <probs for GDERKNQSTAVLIFYWHMCP>
#	G	D	E	R	K	N	Q	S	T	A	V	L	I	F	Y	W	H	M	C	P
0	0.67812	0.00953	0.00808	0.02079	0.03326	0.03300	0.00585	0.07084	0.07380	0.02025	0.00774	0.00860	0.00595	0.00447	0.00319	0.00140	0.00384	0.00287	0.00303	0.00537
1	0.01080	0.04401	0.05675	0.02183	0.10095	0.02423	0.05318	0.07117	0.19667	0.06651	0.05905	0.06291	0.04322	0.03862	0.01956	0.00169	0.04384	0.03538	0.04363	0.00599
2	0.00672	0.00513	0.00741	0.00728	0.00792	0.00604	0.00556	0.00808	0.00717	0.01031	0.01201	0.01886	0.01166	0.14000	0.66237	0.00654	0.06555	0.00503	0.00244	0.00393
3	0.29187	0.01190	0.01091	0.04875	0.04276	0.15671	0.00763	0.19442	0.02533	0.06089	0.00871	0.01012	0.00677	0.02344	0.01893	0.00156	0.06686	0.00344	0.00317	0.00583
4	0.00710	0.00481	0.00610	0.00567	0.00696	0.00435	0.00429	0.00906	0.01244	0.06596	0.64167	0.03426	0.16143	0.00939	0.00530	0.00144	0.00227	0.00819	0.00490	0.00441
5	0.01183	0.00601	0.00750	0.00635	0.00868	0.00515	0.00501	0.01341	0.01171	0.34086	0.15665	0.05900	0.29231	0.00845	0.00495	0.00143	0.00297	0.00710	0.00484	0.04581
6	0.00571	0.00413	0.00543	0.00636	0.00682	0.00386	0.00445	0.00669	0.00909	0.01201	0.05114	0.68149	0.08473	0.01369	0.00579	0.00183	0.00274	0.08606	0.00423	0.00376
7	0.01304	0.61322	0.03935	0.00885	0.01235	0.17273	0.00826	0.03603	0.01017	0.01133	0.00659	0.00769	0.00587	0.00423	0.00364	0.00107	0.03512	0.00264	0.00209	0.00575
8	0.01031	0.17431	0.56257	0.01172	0.01748	0.03625	0.03097	0.05055	0.01016	0.01425	0.00791	0.00921	0.00591	0.00424	0.00404	0.00131	0.00622	0.00322	0.00209	0.03730
9	0.04134	0.10926	0.06044	0.02529	0.05945	0.01099	0.08075	0.16294	0.14653	0.07989	0.08029	0.01475	0.01190	0.01497	0.00471	0.00140	0.01389	0.01799	0.02364	0.03956
10	0.01003	0.05403	0.01440	0.01168	0.01188	0.01409	0.00980	0.01105	0.00706	0.01089	0.00597	0.00977	0.00594	0.00772	0.01424	0.00193	0.78866	0.00388	0.00198	0.00500
11	0.00637	0.00438	0.00546	0.00570	0.00595	0.00448	0.00367	0.00693	0.00728	0.00999	0.01633	0.21256	0.01843	0.46922	0.17636	0.00429	0.00545	0.00763	0.02628	0.00326
12	0.01070	0.01101	0.05424	0.20393	0.45590	0.03270	0.05926	0.01346	0.00987	0.02724	0.00835	0.01128	0.00677	0.00450	0.00535	0.00144	0.07133	0.00405	0.00222	0.00639
13	0.01045	0.24745	0.38655	0.01067	0.01549	0.01199	0.04926	0.03248	0.05207	0.04496	0.04654	0.04054	0.00917	0.00540	0.01722	0.00142	0.00564	0.00393	0.00252	0.00625
14	0.00630	0.00495	0.00725	0.00741	0.00820	0.00469	0.06852	0.02448	0.02511	0.01235	0.02423	0.69966	0.06352	0.01288	0.00568	0.00178	0.00309	0.01177	0.00407	0.00404
15	0.00573	0.00409	0.00528	0.00612	0.00645	0.00384	0.00410	0.00651	0.00864	0.01146	0.04140	0.65719	0.06305	0.11703	0.00793	0.00214	0.00288	0.03853	0.00404	0.00360
16	0.00908	0.02097	0.00845	0.03286	0.02312	0.09147	0.00638	0.07969	0.03650	0.02159	0.01809	0.26418	0.01956	0.10201	0.02183	0.02093	0.02150	0.19365	0.00364	0.00450
17	0.02641	0.06386	0.40945	0.02649	0.04517	0.01055	0.07586	0.05682	0.02524	0.08668	0.05199	0.02781	0.00911	0.00538	0.01266	0.00150	0.05174	0.00415	0.00271	0.00640
18	0.01104	0.00896	0.01286	0.01070	0.01202	0.01080	0.08197	0.05739	0.06338	0.10944	0.06058	0.05728	0.01153	0.05210	0.02959	0.00201	0.39463	0.00514	0.00312	0.00545
19	0.01042	0.00669	0.00788	0.00701	0.00903	0.00670	0.00544	0.01542	0.24291	0.17261	0.28339	0.04287	0.13506	0.00796	0.00494	0.00147	0.00293	0.00679	0.02477	0.00571
20	0.01099	0.08549	0.01123	0.04507	0.02730	0.06069	0.00686	0.11216	0.19117	0.02928	0.01524	0.10419	0.06794	0.00624	0.00429	0.00126	0.00406	0.00512	0.00354	0.20788
21	0.00940	0.00805	0.00940	0.00671	0.01074	0.00604	0.00537	0.01141	0.00940	0.01477	0.00805	0.00940	0.00671	0.00336	0.00336	0.00067	0.00336	0.00268	0.00268	0.86845
22	0.00914	0.00778	0.00912	0.00668	0.01046	0.00588	0.00529	0.01107	0.00935	0.01455	0.00919	0.06484	0.00827	0.00408	0.00352	0.00075	0.00331	0.00337	0.00279	0.81057
23	0.01104	0.00747	0.00931	0.00714	0.01037	0.00622	0.02484	0.04099	0.02529	0.16749	0.15070	0.01722	0.06610	0.00546	0.00417	0.00106	0.00334	0.00459	0.00382	0.43337

[dist]
# distance from previous block
# <min> <max>
3	33

[block]
# block no. 10 follows, 57 sequences, length 7
# corresponding to MSA columns:
# 481-487
name=unknown_K
#
# <colnr> <probs for GDERKNQSTAVLIFYWHMCP>
#	G	D	E	R	K	N	Q	S	T	A	V	L	I	F	Y	W	H	M	C	P
0	0.01255	0.00993	0.02682	0.01011	0.04731	0.07244	0.08036	0.17020	0.08206	0.12636	0.03151	0.07181	0.09447	0.00712	0.00564	0.06510	0.00456	0.00538	0.00378	0.07248
1	0.11770	0.07081	0.21842	0.00919	0.01278	0.00991	0.03063	0.03392	0.15035	0.10768	0.03529	0.01370	0.03384	0.00537	0.00454	0.00140	0.04074	0.00414	0.09345	0.00613
2	0.05285	0.00802	0.00904	0.00750	0.00999	0.03455	0.00590	0.17095	0.01297	0.26811	0.07051	0.10240	0.03294	0.05442	0.00551	0.00153	0.00376	0.00553	0.08960	0.05392
3	0.03893	0.08959	0.01246	0.00929	0.01219	0.16026	0.00759	0.30901	0.05004	0.06135	0.09467	0.01574	0.01253	0.00598	0.00441	0.00133	0.00497	0.06129	0.00384	0.04454
4	0.00690	0.00503	0.00735	0.00726	0.00830	0.00457	0.06258	0.00812	0.00940	0.05190	0.07379	0.61194	0.05343	0.01200	0.00551	0.00169	0.00305	0.01094	0.00410	0.05212
5	0.00610	0.00450	0.00548	0.00576	0.00675	0.00408	0.00432	0.00716	0.01000	0.01284	0.16329	0.18526	0.34348	0.01220	0.00685	0.09222	0.00277	0.11910	0.00410	0.00373
6	0.00874	0.00797	0.01342	0.23306	0.18751	0.00867	0.08682	0.01128	0.00985	0.01349	0.10631	0.02081	0.01426	0.00935	0.09098	0.00218	0.04654	0.12070	0.00281	0.00527

[dist]
# distance from previous block
# <min> <max>
0	4

[block]
# block no. 11 follows, 57 sequences, length 9
# corresponding to MSA columns:
# 492-500
name=unknown_L
#
# <colnr> <probs for GDERKNQSTAVLIFYWHMCP>
#	G	D	E	R	K	N	Q	S	T	A	V	L	I	F	Y	W	H	M	C	P
0	0.00715	0.00512	0.00709	0.00789	0.00894	0.00505	0.00678	0.00924	0.01084	0.01435	0.15936	0.04814	0.02895	0.01196	0.00610	0.00197	0.00382	0.64874	0.00431	0.00419
1	0.71041	0.00815	0.00659	0.00589	0.00856	0.00913	0.00481	0.01288	0.00835	0.06209	0.01225	0.01266	0.11340	0.00526	0.00324	0.00142	0.00336	0.00352	0.00314	0.00491
2	0.00793	0.00663	0.00597	0.00582	0.00612	0.11070	0.00353	0.00808	0.00740	0.00909	0.01333	0.02686	0.01509	0.73211	0.02060	0.00397	0.00488	0.00611	0.00269	0.00307
3	0.01037	0.01072	0.11838	0.00803	0.01236	0.00768	0.00732	0.11393	0.01097	0.01650	0.00843	0.00961	0.00671	0.00375	0.00364	0.00086	0.00402	0.00296	0.00282	0.64094
4	0.01207	0.11883	0.01624	0.01157	0.02712	0.02893	0.16236	0.20718	0.05595	0.03288	0.01171	0.05693	0.04096	0.00687	0.03147	0.00165	0.14119	0.00482	0.00314	0.02813
5	0.02592	0.00798	0.01181	0.23461	0.07900	0.00968	0.02768	0.02816	0.04910	0.01216	0.01006	0.04031	0.00935	0.11828	0.11924	0.00276	0.20173	0.00479	0.00245	0.00490
6	0.02639	0.00826	0.06961	0.13561	0.06044	0.00773	0.03196	0.03085	0.14309	0.04666	0.07189	0.12240	0.08567	0.00717	0.00465	0.00148	0.00394	0.01747	0.11934	0.00539
7	0.00995	0.00779	0.00951	0.11460	0.01265	0.04861	0.02475	0.08231	0.07117	0.08001	0.07729	0.11252	0.08237	0.02555	0.11488	0.00225	0.00520	0.01820	0.00359	0.09680
8	0.14329	0.03270	0.15751	0.02966	0.03637	0.02069	0.00799	0.04194	0.03118	0.12015	0.04416	0.04941	0.16398	0.02686	0.00531	0.00151	0.04315	0.00525	0.00340	0.03547

[dist]
# distance from previous block
# <min> <max>
0	41

[block]
# block no. 12 follows, 57 sequences, length 7
# corresponding to MSA columns:
# 542-548
name=unknown_M
#
# <colnr> <probs for GDERKNQSTAVLIFYWHMCP>
#	G	D	E	R	K	N	Q	S	T	A	V	L	I	F	Y	W	H	M	C	P
0	0.01493	0.09769	0.01241	0.00873	0.01175	0.01127	0.00715	0.36981	0.09451	0.16725	0.03722	0.01544	0.03365	0.09016	0.00630	0.00166	0.00440	0.00463	0.00429	0.00674
1	0.00774	0.00516	0.00686	0.09282	0.00954	0.00510	0.00523	0.00912	0.00974	0.08505	0.17192	0.16585	0.11503	0.18763	0.03621	0.00240	0.00379	0.07277	0.00388	0.00417
2	0.01007	0.00574	0.00632	0.00564	0.00718	0.00574	0.00429	0.11450	0.01148	0.08955	0.10036	0.02083	0.06839	0.09068	0.00586	0.00154	0.00289	0.00525	0.43885	0.00483
3	0.09733	0.00680	0.00842	0.06268	0.01089	0.00706	0.00664	0.09049	0.04394	0.11044	0.20622	0.05655	0.02263	0.00865	0.00512	0.00164	0.00371	0.24127	0.00431	0.00520
4	0.01096	0.00592	0.00674	0.00588	0.00772	0.00576	0.00461	0.10318	0.01207	0.15967	0.13742	0.02118	0.09659	0.00658	0.00412	0.00126	0.00278	0.00540	0.39693	0.00521
5	0.01111	0.00969	0.01385	0.05170	0.01341	0.01257	0.05046	0.01349	0.07987	0.09663	0.00860	0.01135	0.00727	0.00714	0.01185	0.00183	0.58681	0.00421	0.00262	0.00551
6	0.02965	0.00897	0.03135	0.00979	0.05955	0.08316	0.04942	0.08317	0.08309	0.05494	0.03459	0.15912	0.13220	0.00875	0.00510	0.00159	0.00429	0.13722	0.00383	0.02024

[dist]
# distance from previous block
# <min> <max>
4	11

[block]
# block no. 13 follows, 57 sequences, length 49
# corresponding to MSA columns:
# 565-587,600-621,629-632
name=unknown_N
#
# <colnr> <probs for GDERKNQSTAVLIFYWHMCP>
#	G	D	E	R	K	N	Q	S	T	A	V	L	I	F	Y	W	H	M	C	P
0	0.33100	0.01998	0.11066	0.06936	0.05871	0.03630	0.00810	0.06004	0.07342	0.05455	0.04385	0.06016	0.02981	0.00558	0.00416	0.00145	0.01984	0.00425	0.00315	0.00564
