[name]
unknown

[dist]
# distance from previous block
# <min> <max>
0	393

[block]
# block no. 0 follows, 57 sequences, length 20
# corresponding to MSA columns:
# 413-432
name=unknown_A
#
# <colnr> <probs for GDERKNQSTAVLIFYWHMCP>
#	G	D	E	R	K	N	Q	S	T	A	V	L	I	F	Y	W	H	M	C	P
0	0.04928	0.04365	0.04124	0.15248	0.05016	0.02980	0.08995	0.07722	0.02346	0.07116	0.05217	0.13844	0.04840	0.00792	0.03766	0.00170	0.00500	0.02838	0.01240	0.03954
1	0.00833	0.03538	0.00774	0.02053	0.03158	0.02552	0.01753	0.02266	0.00995	0.08570	0.11073	0.32487	0.10727	0.10182	0.00708	0.00185	0.00334	0.00857	0.02186	0.04768
2	0.02795	0.02059	0.00809	0.04810	0.06177	0.04278	0.00586	0.03689	0.03577	0.03681	0.12107	0.32641	0.07430	0.04037	0.00591	0.00166	0.02371	0.00826	0.05144	0.02227
3	0.11638	0.00684	0.00815	0.06652	0.03084	0.00727	0.01806	0.05911	0.11067	0.06303	0.06209	0.14279	0.07252	0.18330	0.03107	0.00229	0.00405	0.00654	0.00364	0.00485
4	0.01216	0.29187	0.07787	0.04685	0.05332	0.18384	0.02038	0.03443	0.03006	0.04781	0.04529	0.04505	0.00993	0.07638	0.00556	0.00149	0.00550	0.00403	0.00264	0.00555
5	0.01003	0.06351	0.02610	0.06066	0.09121	0.00895	0.02563	0.05406	0.02436	0.01469	0.02519	0.03852	0.00834	0.00472	0.00500	0.00109	0.09218	0.00369	0.01562	0.42644
6	0.01225	0.04607	0.10196	0.14553	0.14550	0.09072	0.06514	0.09224	0.03828	0.09953	0.02949	0.01221	0.00836	0.00623	0.04088	0.01387	0.02133	0.00408	0.00291	0.02340
7	0.12000	0.00754	0.00969	0.04884	0.07407	0.02761	0.02726	0.05039	0.00941	0.06274	0.03338	0.13144	0.01237	0.03353	0.19896	0.01381	0.05255	0.00538	0.00306	0.07798
8	0.01103	0.00817	0.02780	0.03688	0.06491	0.03270	0.00683	0.08489	0.15945	0.13063	0.06848	0.15332	0.03580	0.06752	0.04997	0.00200	0.00436	0.00634	0.02633	0.02261
9	0.03559	0.02878	0.00908	0.08846	0.08755	0.04927	0.00649	0.04212	0.02460	0.03979	0.08057	0.15866	0.10312	0.02280	0.00720	0.14579	0.00394	0.00636	0.02294	0.03688
10	0.00797	0.00550	0.00692	0.00657	0.00774	0.00540	0.00487	0.03161	0.00933	0.06500	0.06776	0.22453	0.12267	0.10829	0.06954	0.05419	0.05477	0.03655	0.02595	0.08485
11	0.00846	0.00612	0.00793	0.04796	0.00944	0.00602	0.04416	0.05260	0.06474	0.07313	0.21105	0.05289	0.19378	0.17913	0.00881	0.00209	0.00353	0.01952	0.00404	0.00461
12	0.06941	0.04935	0.01013	0.00772	0.01069	0.00747	0.00638	0.06094	0.02445	0.41603	0.03024	0.06029	0.01282	0.00708	0.02623	0.00154	0.00401	0.07503	0.02057	0.09962
13	0.05093	0.00722	0.00826	0.06155	0.02332	0.03388	0.00567	0.04573	0.03888	0.11335	0.07053	0.10433	0.13371	0.08049	0.00610	0.00158	0.00362	0.00600	0.02648	0.17836
14	0.05672	0.00542	0.00677	0.03418	0.00843	0.00523	0.00493	0.02953	0.01014	0.14780	0.11968	0.32576	0.06947	0.09920	0.00706	0.00191	0.00320	0.03388	0.02612	0.00458
15	0.00646	0.00445	0.00584	0.00629	0.00702	0.00408	0.01721	0.00745	0.00926	0.05212	0.05777	0.56358	0.14722	0.06115	0.00665	0.00190	0.00284	0.03058	0.00419	0.00393
16	0.07506	0.00500	0.00558	0.00587	0.00670	0.01786	0.00413	0.00800	0.03081	0.01267	0.06968	0.33264	0.15483	0.08533	0.00804	0.09374	0.00302	0.02277	0.05452	0.00374
17	0.00685	0.00475	0.00572	0.00585	0.00679	0.00446	0.00418	0.02442	0.02947	0.03915	0.17180	0.28951	0.20305	0.09187	0.00750	0.03114	0.00281	0.02868	0.03801	0.00401
18	0.05967	0.00639	0.00794	0.00707	0.00879	0.00633	0.00541	0.05296	0.02309	0.25885	0.12127	0.18122	0.03522	0.10927	0.00758	0.00189	0.04490	0.02599	0.03085	0.00530
19	0.01116	0.31082	0.45382	0.01072	0.01610	0.01313	0.01263	0.05698	0.01025	0.05394	0.00812	0.00912	0.00615	0.00428	0.00384	0.00127	0.00581	0.00312	0.00225	0.00649

[dist]
# distance from previous block
# <min> <max>
7	33

[block]
# block no. 1 follows, 57 sequences, length 19
# corresponding to MSA columns:
# 473-491
name=unknown_B
#
# <colnr> <probs for GDERKNQSTAVLIFYWHMCP>
#	G	D	E	R	K	N	Q	S	T	A	V	L	I	F	Y	W	H	M	C	P
0	0.01130	0.00978	0.04431	0.20753	0.06799	0.04029	0.00869	0.09252	0.02591	0.08533	0.01010	0.01159	0.02240	0.00439	0.00406	0.00113	0.00465	0.00361	0.00296	0.34145
1	0.00739	0.03745	0.00906	0.00805	0.00875	0.00770	0.00638	0.00875	0.00723	0.01047	0.01083	0.01673	0.01043	0.09057	0.56540	0.00574	0.17781	0.00472	0.00234	0.00420
2	0.01089	0.00939	0.01007	0.00871	0.01157	0.01021	0.00681	0.02151	0.64291	0.01810	0.01633	0.01538	0.01239	0.00558	0.00436	0.00136	0.00354	0.00463	0.00422	0.18204
3	0.00929	0.01838	0.52893	0.18077	0.11456	0.01050	0.04715	0.01374	0.00960	0.01385	0.00820	0.01038	0.00601	0.00430	0.00441	0.00144	0.00645	0.00365	0.00199	0.00639
4	0.00539	0.00446	0.00473	0.00494	0.00621	0.00380	0.00360	0.00646	0.00999	0.01210	0.04165	0.20486	0.65214	0.01203	0.00544	0.00159	0.00236	0.01024	0.00421	0.00380
5	0.01139	0.67386	0.02168	0.17467	0.01561	0.01633	0.00873	0.01316	0.00918	0.01085	0.00666	0.00825	0.00586	0.00401	0.00324	0.00108	0.00509	0.00275	0.00195	0.00566
6	0.01025	0.00477	0.00680	0.00631	0.00704	0.00458	0.00445	0.00932	0.00744	0.17203	0.01057	0.01555	0.00937	0.08257	0.04142	0.59295	0.00422	0.00431	0.00279	0.00327
7	0.01269	0.09320	0.05419	0.02744	0.16170	0.01853	0.05198	0.09773	0.04865	0.18803	0.07624	0.01745	0.10657	0.00589	0.00454	0.00136	0.00446	0.00502	0.00372	0.02060
8	0.01820	0.00819	0.01045	0.00833	0.01162	0.00774	0.00678	0.02255	0.19863	0.62871	0.01801	0.01577	0.01183	0.00573	0.00457	0.00143	0.00379	0.00469	0.00537	0.00759
9	0.18236	0.00565	0.00716	0.00701	0.00823	0.00658	0.00551	0.00915	0.00737	0.01251	0.01095	0.01568	0.01002	0.02794	0.65631	0.00609	0.01038	0.00437	0.00250	0.00422
10	0.00739	0.00570	0.00836	0.17489	0.01354	0.00606	0.00806	0.00955	0.01005	0.01300	0.02163	0.08633	0.05170	0.01095	0.00585	0.00193	0.00440	0.55256	0.00374	0.00431
11	0.05897	0.05500	0.11780	0.01448	0.02981	0.01223	0.33961	0.09753	0.01075	0.03747	0.00850	0.01084	0.00660	0.00496	0.00677	0.00155	0.17420	0.00434	0.00252	0.00610
12	0.00984	0.01429	0.22915	0.18211	0.02415	0.01093	0.43480	0.01388	0.01007	0.01388	0.00867	0.01151	0.00641	0.00409	0.00491	0.00150	0.00707	0.00456	0.00214	0.00604
13	0.00988	0.00541	0.00687	0.00605	0.00784	0.00481	0.00470	0.01173	0.01229	0.22295	0.43646	0.03034	0.17653	0.00860	0.00507	0.00143	0.00261	0.00738	0.03399	0.00508
14	0.04219	0.05586	0.27638	0.03312	0.08274	0.04078	0.01107	0.11512	0.03987	0.24183	0.01142	0.01160	0.00792	0.00485	0.00431	0.00138	0.00530	0.00383	0.00345	0.00697
15	0.48303	0.00813	0.00913	0.00784	0.01036	0.00879	0.09771	0.03310	0.02231	0.05038	0.02456	0.11415	0.01093	0.00614	0.00388	0.00149	0.00388	0.05044	0.04870	0.00503
16	0.00673	0.00467	0.00591	0.00573	0.00649	0.00462	0.00403	0.00793	0.00932	0.03299	0.27883	0.02956	0.10197	0.29514	0.18298	0.00367	0.00506	0.00699	0.00363	0.00375
17	0.00925	0.00773	0.03874	0.00783	0.00965	0.02937	0.03135	0.18910	0.01255	0.03049	0.10720	0.30331	0.13236	0.03100	0.00571	0.00167	0.00367	0.03988	0.00415	0.00499
18	0.03348	0.06829	0.06882	0.01079	0.02308	0.24765	0.07723	0.08994	0.02671	0.07230	0.01309	0.06659	0.01214	0.00682	0.00473	0.00148	0.00582	0.16216	0.00326	0.00562

[dist]
# distance from previous block
# <min> <max>
0	1

[block]
# block no. 2 follows, 57 sequences, length 11
# corresponding to MSA columns:
# 493-503
name=unknown_C
#
# <colnr> <probs for GDERKNQSTAVLIFYWHMCP>
#	G	D	E	R	K	N	Q	S	T	A	V	L	I	F	Y	W	H	M	C	P
0	0.81257	0.00967	0.00709	0.00636	0.00913	0.06730	0.00518	0.01366	0.00807	0.01968	0.00636	0.00742	0.00497	0.00424	0.00289	0.00139	0.00383	0.00249	0.00277	0.00493
1	0.00946	0.01459	0.34107	0.01024	0.01461	0.00940	0.03130	0.01606	0.25047	0.01561	0.01493	0.01625	0.07332	0.00563	0.00446	0.00140	0.00486	0.03619	0.00312	0.12704
2	0.00940	0.00676	0.01019	0.34630	0.01800	0.00767	0.00848	0.01185	0.04130	0.12425	0.02779	0.14052	0.04842	0.01121	0.12549	0.01613	0.03212	0.00592	0.00316	0.00503
3	0.13290	0.61389	0.02012	0.00877	0.04758	0.09019	0.00772	0.01396	0.00938	0.01224	0.00647	0.00754	0.00575	0.00400	0.00307	0.00106	0.00499	0.00255	0.00211	0.00570
4	0.00667	0.00473	0.00709	0.00709	0.00779	0.00542	0.00542	0.00779	0.00709	0.01015	0.01154	0.01724	0.01084	0.03143	0.71018	0.12770	0.01099	0.00473	0.00236	0.00376
5	0.03872	0.03667	0.03190	0.04147	0.03393	0.01012	0.00783	0.23655	0.15798	0.22121	0.04003	0.03584	0.01210	0.00694	0.02841	0.00162	0.00452	0.04294	0.00439	0.00684
6	0.01235	0.01246	0.09755	0.09048	0.22859	0.12052	0.12546	0.01498	0.01077	0.13425	0.01113	0.06267	0.00921	0.00534	0.00488	0.00144	0.02172	0.02706	0.00288	0.00626
7	0.00585	0.00419	0.00518	0.00567	0.00635	0.00380	0.00393	0.00645	0.00906	0.01165	0.07572	0.42392	0.27434	0.01326	0.00729	0.12290	0.00268	0.01030	0.00394	0.00352
8	0.14794	0.06939	0.10668	0.10344	0.22438	0.01102	0.03167	0.04571	0.04094	0.04092	0.03456	0.01141	0.00800	0.00569	0.02864	0.00160	0.07548	0.00384	0.00262	0.00607
9	0.81238	0.00871	0.00685	0.00601	0.00890	0.00988	0.00494	0.01319	0.00783	0.01994	0.00643	0.00750	0.00503	0.00415	0.00284	0.00135	0.00349	0.00247	0.00280	0.06530
10	0.13362	0.39030	0.03652	0.06599	0.01297	0.01302	0.03326	0.06240	0.00999	0.01414	0.00945	0.01435	0.00875	0.00525	0.00372	0.00126	0.00469	0.11183	0.00261	0.06588

[dist]
# distance from previous block
# <min> <max>
0	7

[block]
# block no. 3 follows, 57 sequences, length 22
# corresponding to MSA columns:
# 511-532
name=unknown_D
#
# <colnr> <probs for GDERKNQSTAVLIFYWHMCP>
#	G	D	E	R	K	N	Q	S	T	A	V	L	I	F	Y	W	H	M	C	P
0	0.01132	0.00948	0.01012	0.00896	0.01147	0.01080	0.00700	0.09463	0.64826	0.01977	0.10071	0.01812	0.01629	0.00641	0.00468	0.00151	0.00357	0.00535	0.00464	0.00692
1	0.78217	0.00829	0.00640	0.00578	0.00840	0.00954	0.00473	0.01303	0.00790	0.01997	0.00720	0.00836	0.00561	0.00432	0.00284	0.00137	0.00336	0.00264	0.09326	0.00484
2	0.01054	0.00802	0.00951	0.00685	0.01083	0.00611	0.00550	0.01253	0.00977	0.09870	0.00908	0.01003	0.00718	0.00359	0.00348	0.00075	0.00341	0.00288	0.00299	0.77824
3	0.00607	0.00446	0.00598	0.09229	0.00900	0.00441	0.00493	0.00724	0.00893	0.01208	0.02421	0.61093	0.09567	0.01219	0.00539	0.00171	0.00291	0.01093	0.07678	0.00388
4	0.00755	0.00548	0.00685	0.00620	0.00753	0.00530	0.00473	0.09123	0.01372	0.01926	0.72633	0.03144	0.03908	0.00886	0.00526	0.00142	0.00244	0.00776	0.00494	0.00464
5	0.00647	0.00485	0.00728	0.00728	0.00809	0.00566	0.00566	0.00809	0.00728	0.01052	0.01214	0.01780	0.01133	0.03398	0.82279	0.00728	0.01214	0.00485	0.00243	0.00405
6	0.00940	0.00805	0.00940	0.00671	0.01074	0.00604	0.00537	0.01141	0.00940	0.01477	0.00805	0.00940	0.00671	0.00336	0.00336	0.00067	0.00336	0.00268	0.00268	0.86845
7	0.11742	0.00783	0.01008	0.00782	0.01125	0.00706	0.00646	0.02109	0.01237	0.72504	0.01656	0.01450	0.01050	0.00545	0.00436	0.00140	0.00382	0.00432	0.00529	0.00739
8	0.66938	0.00828	0.00725	0.00633	0.00911	0.00915	0.00517	0.01443	0.00877	0.15723	0.02575	0.04595	0.00789	0.00499	0.00329	0.00142	0.00350	0.00340	0.00340	0.00532
9	0.00780	0.00640	0.00820	0.00747	0.00747	0.00785	0.00536	0.00816	0.00672	0.00956	0.01124	0.02246	0.01264	0.53746	0.02008	0.00352	0.30595	0.00563	0.00247	0.00355
10	0.00610	0.00444	0.00574	0.00578	0.00667	0.00408	0.00420	0.00781	0.01154	0.01598	0.54583	0.24954	0.09390	0.01074	0.00546	0.00154	0.00228	0.00955	0.00472	0.00408
11	0.00685	0.00526	0.00824	0.00782	0.00871	0.00591	0.04959	0.00821	0.00742	0.01055	0.01227	0.06248	0.01188	0.05469	0.62660	0.07138	0.03043	0.00529	0.00248	0.00397
12	0.00624	0.00485	0.00549	0.00550	0.00665	0.00446	0.00397	0.03169	0.03297	0.01373	0.19389	0.19548	0.38658	0.07955	0.00685	0.00180	0.00262	0.00940	0.00427	0.00401
13	0.00651	0.00470	0.00649	0.00649	0.00702	0.00523	0.00467	0.00758	0.00705	0.00993	0.01287	0.02183	0.01308	0.30834	0.55083	0.00630	0.00950	0.00544	0.00254	0.00360
14	0.02443	0.00924	0.01141	0.04583	0.03548	0.01008	0.05148	0.27286	0.19481	0.03168	0.01549	0.15008	0.01393	0.00865	0.03937	0.01523	0.00468	0.05504	0.00404	0.00620
15	0.22872	0.00640	0.00698	0.00627	0.00824	0.00631	0.00481	0.01256	0.00978	0.22829	0.06240	0.11261	0.12613	0.13071	0.00718	0.00193	0.00341	0.02821	0.00405	0.00499
16	0.00575	0.00416	0.00526	0.00599	0.00643	0.00388	0.00406	0.00659	0.00883	0.01162	0.05688	0.57531	0.11825	0.12224	0.00801	0.00213	0.00287	0.04407	0.00404	0.00362
17	0.00808	0.00698	0.01114	0.02726	0.03999	0.00809	0.09389	0.03592	0.00818	0.01172	0.01053	0.01547	0.00962	0.03645	0.50302	0.02244	0.13949	0.00471	0.00239	0.00461
18	0.00808	0.00602	0.00835	0.08929	0.01034	0.02179	0.00626	0.02787	0.00779	0.03163	0.02211	0.02775	0.01072	0.11140	0.35191	0.15834	0.08911	0.00480	0.00249	0.00393
19	0.00794	0.00478	0.00601	0.00611	0.00725	0.00428	0.00443	0.00901	0.00996	0.13459	0.08673	0.39317	0.21872	0.03795	0.00628	0.02074	0.00282	0.03053	0.00438	0.00432
20	0.01069	0.00919	0.00971	0.00883	0.01124	0.01052	0.00683	0.02231	0.72486	0.01825	0.02026	0.05462	0.05903	0.00680	0.00470	0.00155	0.00347	0.00571	0.00457	0.00683
21	0.26541	0.17593	0.06705	0.00907	0.01253	0.07680	0.03733	0.20673	0.01204	0.01851	0.00778	0.00879	0.00610	0.00458	0.00402	0.00128	0.03596	0.00312	0.00291	0.04408

[dist]
# distance from previous block
# <min> <max>
1	16

[block]
# block no. 4 follows, 57 sequences, length 28
# corresponding to MSA columns:
# 549-576
name=unknown_E
#
# <colnr> <probs for GDERKNQSTAVLIFYWHMCP>
#	G	D	E	R	K	N	Q	S	T	A	V	L	I	F	Y	W	H	M	C	P
0	0.01347	0.20099	0.03669	0.01075	0.02783	0.40582	0.04318	0.03457	0.01118	0.01178	0.00922	0.10483	0.00884	0.00617	0.01760	0.00137	0.04367	0.00421	0.00249	0.00534
1	0.00588	0.00484	0.00563	0.06039	0.00800	0.00438	0.00430	0.00745	0.01098	0.01395	0.26907	0.03861	0.52976	0.01036	0.00530	0.00150	0.00250	0.00879	0.00429	0.00404
2	0.00891	0.00791	0.03727	0.29113	0.10300	0.00836	0.02052	0.01233	0.09954	0.04522	0.02958	0.12351	0.01247	0.07044	0.08593	0.00230	0.01622	0.00567	0.00293	0.01673
3	0.00862	0.00713	0.04291	0.08994	0.04851	0.02208	0.00662	0.01053	0.02684	0.07491	0.04014	0.27354	0.04419	0.08084	0.00647	0.00173	0.00384	0.05578	0.00351	0.15186
4	0.13013	0.00785	0.01002	0.00779	0.01121	0.00711	0.00643	0.02095	0.01229	0.71318	0.01639	0.01438	0.01040	0.00543	0.00433	0.00140	0.00381	0.00429	0.00525	0.00735
5	0.01070	0.01222	0.02674	0.01910	0.02368	0.01146	0.79603	0.01451	0.01070	0.01451	0.00917	0.01222	0.00688	0.00382	0.00535	0.00153	0.00764	0.00535	0.00229	0.00611
6	0.02076	0.00604	0.00803	0.01877	0.00878	0.02455	0.03197	0.00902	0.00887	0.03243	0.11098	0.02362	0.16034	0.07098	0.33940	0.00406	0.08997	0.00603	0.02116	0.00426
7	0.00660	0.00465	0.00535	0.00538	0.00661	0.00407	0.00390	0.00777	0.01025	0.06666	0.13445	0.22142	0.44058	0.05369	0.00630	0.00173	0.00256	0.00966	0.00433	0.00406
8	0.00659	0.00439	0.00494	0.00494	0.00494	0.00439	0.00275	0.00659	0.00659	0.00879	0.01428	0.02965	0.01647	0.84075	0.02306	0.00439	0.00439	0.00659	0.00275	0.00275
9	0.18828	0.00826	0.02740	0.03461	0.01162	0.00789	0.03121	0.07178	0.02219	0.39829	0.02660	0.08819	0.01183	0.02083	0.00468	0.00151	0.00397	0.01929	0.01518	0.00637
10	0.23732	0.00630	0.00695	0.00624	0.00810	0.00640	0.00479	0.01201	0.00985	0.17691	0.17662	0.04987	0.07559	0.11749	0.08458	0.00238	0.00412	0.00569	0.00392	0.00486
11	0.00613	0.00444	0.00549	0.00606	0.00661	0.00425	0.00410	0.01879	0.03687	0.01233	0.08127	0.54969	0.09841	0.12092	0.00787	0.00209	0.00285	0.01089	0.01713	0.00380
12	0.00668	0.00514	0.00755	0.00746	0.00816	0.00609	0.00577	0.00815	0.00728	0.01051	0.01226	0.04646	0.01184	0.06606	0.70570	0.00661	0.06661	0.00515	0.00247	0.00404
13	0.00730	0.00503	0.00651	0.00673	0.00776	0.00479	0.02047	0.00920	0.07123	0.06644	0.03807	0.45133	0.16411	0.01218	0.00611	0.04209	0.00300	0.06919	0.00420	0.00426
14	0.03832	0.00585	0.00701	0.00660	0.00817	0.00566	0.00497	0.04798	0.07335	0.14567	0.17891	0.24995	0.13221	0.03574	0.00569	0.00165	0.00297	0.02262	0.02172	0.00497
15	0.07096	0.03096	0.01177	0.00991	0.01255	0.20779	0.05554	0.06968	0.34229	0.05404	0.02514	0.04885	0.01124	0.00577	0.00439	0.00141	0.00498	0.00463	0.02183	0.00626
16	0.00689	0.00549	0.00672	0.00702	0.00788	0.03335	0.02476	0.04456	0.02758	0.01323	0.08700	0.54775	0.08814	0.01278	0.02411	0.00186	0.00331	0.04929	0.00414	0.00415
17	0.08266	0.00609	0.00736	0.00679	0.00847	0.00595	0.00512	0.03186	0.05217	0.23013	0.04057	0.21875	0.06618	0.11358	0.04513	0.02031	0.00384	0.03297	0.01701	0.00507
18	0.02023	0.00458	0.00581	0.00613	0.00695	0.00427	0.00436	0.00809	0.00971	0.06727	0.15686	0.42231	0.11393	0.08602	0.02157	0.00204	0.00301	0.04859	0.00425	0.00404
19	0.00749	0.00599	0.00724	0.00659	0.00800	0.03999	0.03029	0.01025	0.06567	0.03287	0.60067	0.04443	0.10515	0.00888	0.00523	0.00144	0.00273	0.00780	0.00469	0.00459
20	0.04778	0.00510	0.00625	0.00626	0.00712	0.00504	0.02177	0.02639	0.00894	0.04068	0.03681	0.19827	0.05650	0.28887	0.01112	0.00257	0.00362	0.12459	0.09846	0.00386
21	0.02181	0.01806	0.01080	0.24160	0.04492	0.02369	0.03801	0.02870	0.02823	0.19285	0.02527	0.11906	0.02322	0.07818	0.01719	0.00183	0.00468	0.03283	0.04369	0.00540
22	0.00610	0.00445	0.00485	0.00504	0.00623	0.00397	0.00374	0.00747	0.01009	0.01343	0.08738	0.16353	0.45698	0.01068	0.00507	0.00151	0.00239	0.04312	0.16006	0.00392
23	0.00645	0.00479	0.00706	0.00709	0.00783	0.00551	0.00542	0.00793	0.00728	0.01043	0.01269	0.04428	0.01227	0.08879	0.74228	0.00691	0.01131	0.00523	0.00251	0.00395
24	0.02147	0.00807	0.01204	0.19552	0.07706	0.03094	0.07979	0.03385	0.02388	0.05186	0.06014	0.04950	0.07619	0.00979	0.09100	0.03109	0.08926	0.03087	0.02259	0.00509
25	0.01000	0.00945	0.01493	0.20164	0.31677	0.04408	0.09082	0.01294	0.04707	0.03033	0.02181	0.07690	0.06374	0.00594	0.00495	0.01252	0.00527	0.02224	0.00273	0.00586
26	0.01392	0.00874	0.01007	0.00853	0.01120	0.00921	0.00675	0.16016	0.30527	0.23797	0.07095	0.09251	0.01542	0.00681	0.00471	0.00148	0.00370	0.00569	0.02006	0.00685
27	0.08981	0.08349	0.04772	0.08732	0.20484	0.02766	0.03591	0.05436	0.06338	0.02297	0.01165	0.04009	0.04309	0.02219	0.00569	0.00151	0.08646	0.02874	0.03730	0.00582

[dist]
# distance from previous block
# <min> <max>
0	26

[block]
# block no. 5 follows, 57 sequences, length 10
# corresponding to MSA columns:
# 603-612
name=unknown_F
#
# <colnr> <probs for GDERKNQSTAVLIFYWHMCP>
#	G	D	E	R	K	N	Q	S	T	A	V	L	I	F	Y	W	H	M	C	P
0	0.00811	0.00492	0.00612	0.00591	0.00712	0.00448	0.00435	0.00949	0.01059	0.12446	0.24872	0.16649	0.17843	0.12484	0.00774	0.00194	0.00290	0.04918	0.02986	0.00435
1	0.06940	0.00836	0.00944	0.00687	0.01079	0.00677	0.00552	0.05503	0.00994	0.01591	0.00809	0.00934	0.00664	0.00353	0.00338	0.00076	0.00346	0.00275	0.00280	0.76125
2	0.00877	0.00734	0.00932	0.00731	0.01026	0.00618	0.03940	0.01075	0.04132	0.01366	0.01178	0.09600	0.04136	0.00699	0.02806	0.07823	0.02678	0.00441	0.00287	0.54918
3	0.00664	0.00453	0.00638	0.00640	0.00705	0.00480	0.00471	0.00732	0.00783	0.01079	0.09361	0.06457	0.08746	0.06205	0.40134	0.20479	0.00750	0.00590	0.00284	0.00349
4	0.01131	0.00591	0.00755	0.00676	0.00868	0.00545	0.00525	0.01372	0.06590	0.28712	0.22568	0.16049	0.10539	0.00882	0.00506	0.00151	0.00298	0.03243	0.03450	0.00549
5	0.00721	0.00461	0.00581	0.00604	0.00683	0.00431	0.00424	0.00818	0.00925	0.08103	0.09277	0.35263	0.12902	0.18483	0.03585	0.00245	0.00341	0.05355	0.00403	0.00394
6	0.05555	0.00575	0.00659	0.00606	0.00764	0.00537	0.00444	0.05077	0.00985	0.02586	0.10994	0.19169	0.13357	0.13372	0.04992	0.00212	0.00358	0.00725	0.03605	0.15430
7	0.00677	0.00496	0.00600	0.00616	0.00700	0.00464	0.00426	0.03929	0.00896	0.01202	0.02153	0.38824	0.08586	0.23399	0.01013	0.00239	0.00335	0.06423	0.00368	0.08656
8	0.00723	0.00488	0.00626	0.00669	0.00753	0.00469	0.00489	0.03342	0.03130	0.05619	0.10276	0.47771	0.06214	0.05534	0.00655	0.00191	0.00304	0.11898	0.00430	0.00420
9	0.00987	0.00606	0.00676	0.00615	0.00790	0.00603	0.00480	0.09841	0.07144	0.09766	0.09800	0.06661	0.16216	0.00766	0.00444	0.00136	0.00286	0.03686	0.29989	0.00508

[dist]
# distance from previous block
# <min> <max>
0	1

[block]
# block no. 6 follows, 57 sequences, length 31
# corresponding to MSA columns:
# 614-644
name=unknown_G
#
# <colnr> <probs for GDERKNQSTAVLIFYWHMCP>
#	G	D	E	R	K	N	Q	S	T	A	V	L	I	F	Y	W	H	M	C	P
0	0.01021	0.00634	0.00775	0.00746	0.00904	0.00638	0.00556	0.04618	0.18338	0.17283	0.02194	0.43471	0.03621	0.01031	0.00523	0.00167	0.00320	0.02159	0.00458	0.00542
1	0.06539	0.01247	0.01321	0.01017	0.01375	0.01383	0.00840	0.75323	0.02054	0.02809	0.01062	0.01068	0.00755	0.00537	0.00444	0.00136	0.00490	0.00399	0.00444	0.00755
2	0.00894	0.00799	0.01321	0.09474	0.39600	0.00853	0.01027	0.01121	0.00891	0.01267	0.01002	0.01410	0.00884	0.01684	0.35319	0.00389	0.00832	0.00438	0.00230	0.00564
3	0.00856	0.00805	0.01359	0.82986	0.03121	0.01007	0.01258	0.01158	0.00906	0.01158	0.00805	0.01208	0.00604	0.00453	0.00453	0.00151	0.00604	0.00403	0.00201	0.00503
4	0.00647	0.00501	0.00573	0.00590	0.00696	0.02771	0.00434	0.00788	0.01075	0.03040	0.27029	0.26742	0.27136	0.01132	0.00547	0.00160	0.00264	0.05028	0.00442	0.00406
5	0.01008	0.00943	0.01319	0.01132	0.01154	0.01290	0.00940	0.01118	0.00746	0.04461	0.04264	0.01145	0.00798	0.00869	0.03868	0.00210	0.73585	0.00421	0.00228	0.00501
6	0.01733	0.01252	0.01349	0.01035	0.01397	0.01380	0.00855	0.77093	0.02102	0.05541	0.01112	0.01103	0.00783	0.00545	0.00453	0.00136	0.00495	0.00410	0.00457	0.00771
7	0.00544	0.00458	0.00471	0.00471	0.00618	0.00386	0.00352	0.00665	0.01047	0.01266	0.10180	0.06197	0.73521	0.01138	0.00536	0.00153	0.00229	0.00954	0.00427	0.00386
8	0.00655	0.00454	0.00571	0.00571	0.00598	0.00481	0.00371	0.00708	0.00682	0.00936	0.01357	0.02576	0.01478	0.57540	0.28610	0.00534	0.00694	0.00602	0.00264	0.00317
9	0.00619	0.00456	0.00581	0.00578	0.00679	0.00418	0.00432	0.00800	0.01178	0.01619	0.55428	0.14813	0.14472	0.01043	0.00546	0.00153	0.00234	0.05064	0.00473	0.00413
10	0.00552	0.00394	0.00526	0.00631	0.00657	0.00368	0.00421	0.00631	0.00868	0.01157	0.02498	0.83779	0.02997	0.01420	0.00578	0.00184	0.00263	0.01288	0.00421	0.00368
11	0.00856	0.00805	0.01359	0.82986	0.03121	0.01007	0.01258	0.01158	0.00906	0.01158	0.00805	0.01208	0.00604	0.00453	0.00453	0.00151	0.00604	0.00403	0.00201	0.00503
12	0.00592	0.00405	0.00528	0.00623	0.00662	0.00383	0.00429	0.00692	0.00886	0.01221	0.02391	0.70894	0.02792	0.01321	0.00555	0.00178	0.00267	0.05885	0.08919	0.00376
13	0.00659	0.00439	0.00494	0.00494	0.00494	0.00439	0.00275	0.00659	0.00659	0.00879	0.01428	0.02965	0.01647	0.84075	0.02306	0.00439	0.00439	0.00659	0.00275	0.00275
14	0.01693	0.02160	0.01284	0.01167	0.01401	0.82256	0.00876	0.01809	0.01284	0.01109	0.00700	0.00817	0.00584	0.00467	0.00409	0.00117	0.00817	0.00292	0.00233	0.00525
15	0.01211	0.84348	0.02374	0.00775	0.01163	0.01793	0.00775	0.01357	0.00921	0.01066	0.00630	0.00727	0.00582	0.00388	0.00291	0.00097	0.00485	0.00242	0.00194	0.00582
16	0.13176	0.00723	0.00762	0.00608	0.00895	0.00658	0.00482	0.04621	0.03463	0.01695	0.01033	0.01172	0.00824	0.00425	0.00331	0.00095	0.00307	0.00326	0.26919	0.41484
17	0.00631	0.00444	0.00543	0.00540	0.00611	0.00414	0.00371	0.00726	0.00983	0.01326	0.33209	0.11361	0.16430	0.21780	0.01087	0.07686	0.00293	0.00814	0.00396	0.00356
18	0.01866	0.00904	0.04396	0.00845	0.01190	0.04281	0.00715	0.02138	0.07238	0.66604	0.03805	0.01546	0.01179	0.00565	0.00455	0.00140	0.00410	0.00457	0.00522	0.00743
19	0.00878	0.00626	0.00776	0.00768	0.00927	0.00633	0.00636	0.07823	0.09463	0.05306	0.18308	0.03822	0.10617	0.01017	0.00558	0.00175	0.00356	0.36367	0.00448	0.00493
20	0.00750	0.00508	0.00634	0.00663	0.00755	0.00501	0.00482	0.00983	0.09151	0.06287	0.09241	0.38174	0.06348	0.10614	0.02049	0.00212	0.00326	0.09693	0.02197	0.00432
21	0.02576	0.00481	0.00573	0.00584	0.00649	0.00465	0.00384	0.00857	0.03319	0.08340	0.02050	0.31228	0.07499	0.37429	0.01310	0.00288	0.00354	0.00869	0.00368	0.00378
22	0.00703	0.00453	0.00590	0.00648	0.00716	0.00427	0.00467	0.00808	0.00922	0.06634	0.04774	0.47435	0.06142	0.11524	0.00785	0.00213	0.00316	0.14268	0.01780	0.00396
23	0.00779	0.00589	0.00844	0.00775	0.00842	0.00671	0.03820	0.04255	0.00786	0.01102	0.03573	0.05504	0.01247	0.18003	0.29238	0.14976	0.11818	0.00537	0.00260	0.00380
24	0.08509	0.00604	0.00746	0.00677	0.00864	0.00567	0.00519	0.03538	0.01106	0.27870	0.13105	0.25362	0.08299	0.03378	0.00552	0.00164	0.00318	0.02830	0.00462	0.00531
25	0.01762	0.00944	0.01127	0.00878	0.01204	0.00948	0.00716	0.32370	0.04007	0.41287	0.05048	0.01514	0.01157	0.04227	0.00539	0.00152	0.00424	0.00464	0.00500	0.00732
26	0.00587	0.00463	0.00533	0.00552	0.00669	0.00415	0.00410	0.00748	0.02952	0.01355	0.19443	0.20820	0.42294	0.01154	0.00548	0.00161	0.00248	0.05812	0.00437	0.00399
27	0.01056	0.04186	0.00877	0.00790	0.00921	0.25872	0.00579	0.01148	0.00998	0.05288	0.05950	0.20729	0.03229	0.10122	0.07988	0.05713	0.00556	0.00641	0.02923	0.00433
28	0.03566	0.00559	0.00690	0.02706	0.00832	0.00549	0.00489	0.05769	0.02203	0.14710	0.02010	0.35617	0.05509	0.14386	0.03584	0.00225	0.00367	0.00842	0.04925	0.00462
29	0.00773	0.00465	0.00578	0.00583	0.00641	0.00446	0.00386	0.00823	0.00812	0.09442	0.01917	0.25030	0.06191	0.40019	0.04902	0.03430	0.00405	0.02444	0.00351	0.00364
30	0.00743	0.00663	0.01087	0.00921	0.01108	0.00627	0.20208	0.00996	0.05719	0.01366	0.09067	0.25225	0.18766	0.03788	0.00597	0.00171	0.00392	0.03949	0.04148	0.00459

[dist]
# distance from previous block
# <min> <max>
4	19

[block]
# block no. 7 follows, 57 sequences, length 28
# corresponding to MSA columns:
# 667-694
name=unknown_H
#
# <colnr> <probs for GDERKNQSTAVLIFYWHMCP>
#	G	D	E	R	K	N	Q	S	T	A	V	L	I	F	Y	W	H	M	C	P
0	0.03019	0.00992	0.03144	0.03479	0.07516	0.06821	0.03977	0.08058	0.25831	0.03939	0.04953	0.06224	0.07932	0.02638	0.03423	0.00176	0.05192	0.00552	0.01538	0.00596
1	0.00827	0.00529	0.00687	0.02752	0.01795	0.00501	0.00497	0.02366	0.03739	0.09604	0.11400	0.32762	0.07690	0.05978	0.00760	0.09156	0.00320	0.03313	0.00399	0.04924
2	0.60923	0.00873	0.00787	0.00667	0.00962	0.00958	0.00548	0.07897	0.00991	0.16945	0.01040	0.01058	0.03785	0.00485	0.00337	0.00140	0.00364	0.00326	0.00353	0.00562
3	0.02959	0.00808	0.00891	0.00753	0.00980	0.00853	0.00599	0.30801	0.04920	0.08810	0.08465	0.08786	0.03292	0.00678	0.00438	0.00136	0.00352	0.01966	0.22922	0.00592
4	0.00729	0.03868	0.00652	0.00588	0.00710	0.00519	0.00430	0.01867	0.05562	0.05266	0.15698	0.24102	0.24579	0.09619	0.00703	0.00184	0.00285	0.00886	0.03323	0.00427
5	0.00718	0.00468	0.00579	0.00597	0.00668	0.00449	0.00414	0.00836	0.04002	0.05373	0.10017	0.28389	0.10644	0.21070	0.01059	0.06775	0.00324	0.04844	0.02397	0.00379
6	0.00658	0.00456	0.00623	0.00629	0.00671	0.00496	0.00441	0.00728	0.00700	0.00974	0.01322	0.06661	0.01386	0.31434	0.42721	0.08102	0.00818	0.00582	0.00260	0.00339
7	0.01673	0.01244	0.01332	0.01032	0.01386	0.01382	0.00849	0.73257	0.08692	0.02775	0.01151	0.01138	0.00822	0.00550	0.00454	0.00137	0.00487	0.00417	0.00454	0.00766
8	0.08555	0.00478	0.00572	0.00604	0.00686	0.00465	0.00430	0.00799	0.00892	0.04213	0.08811	0.36197	0.10207	0.10068	0.00829	0.07880	0.00308	0.06012	0.01615	0.00379
9	0.31619	0.00808	0.00918	0.00733	0.01059	0.00788	0.00605	0.01904	0.01114	0.53959	0.01386	0.01262	0.00903	0.00512	0.00395	0.00140	0.00373	0.00383	0.00464	0.00674
10	0.00618	0.00440	0.00568	0.00578	0.00662	0.00407	0.00418	0.00786	0.01132	0.01586	0.50724	0.28003	0.06849	0.01071	0.00539	0.00154	0.00229	0.00953	0.03874	0.00407
11	0.30914	0.01122	0.01115	0.00884	0.01218	0.01253	0.00730	0.50905	0.01644	0.04695	0.00951	0.00980	0.00685	0.00502	0.00394	0.00138	0.00445	0.00354	0.00397	0.00675
12	0.00586	0.00461	0.00529	0.00512	0.00643	0.00404	0.00384	0.00748	0.01152	0.01507	0.41043	0.03895	0.44435	0.01042	0.00535	0.00148	0.00222	0.00891	0.00458	0.00404
13	0.01122	0.01077	0.01839	0.02781	0.81248	0.01077	0.01391	0.01391	0.01032	0.01480	0.00852	0.01122	0.00718	0.00404	0.00449	0.00135	0.00538	0.00404	0.00224	0.00718
14	0.00730	0.00522	0.00730	0.00835	0.00939	0.00522	0.00730	0.00939	0.01043	0.01356	0.02399	0.05111	0.02608	0.01252	0.00626	0.00209	0.00417	0.78199	0.00417	0.00417
15	0.01613	0.01847	0.01257	0.01112	0.01368	0.57774	0.00850	0.13870	0.13180	0.01494	0.00930	0.00989	0.00731	0.00501	0.00423	0.00125	0.00700	0.00342	0.00301	0.00592
16	0.00773	0.00514	0.00627	0.00604	0.00738	0.00474	0.00449	0.04017	0.02529	0.09041	0.29321	0.23928	0.23148	0.01054	0.00534	0.00156	0.00260	0.00919	0.00462	0.00452
17	0.00551	0.00398	0.00522	0.00622	0.00655	0.00369	0.00417	0.00632	0.00876	0.01160	0.02606	0.79646	0.07060	0.01405	0.00576	0.00182	0.00261	0.01271	0.00421	0.00369
18	0.00586	0.00446	0.00548	0.00647	0.00679	0.02784	0.00434	0.00666	0.00880	0.01155	0.02444	0.81332	0.02926	0.01392	0.00573	0.00182	0.00279	0.01259	0.00415	0.00373
19	0.00775	0.00527	0.00647	0.00618	0.00690	0.00543	0.00423	0.07058	0.00863	0.03308	0.05140	0.10974	0.01680	0.42381	0.18101	0.02394	0.00568	0.00657	0.00314	0.02338
20	0.01393	0.00645	0.00844	0.00728	0.00941	0.00590	0.00558	0.05943	0.01161	0.42510	0.06037	0.24931	0.01845	0.08864	0.00672	0.00181	0.00354	0.00726	0.00484	0.00592
21	0.00940	0.00805	0.00940	0.00671	0.01074	0.00604	0.00537	0.01141	0.00940	0.01477	0.00805	0.00940	0.00671	0.00336	0.00336	0.00067	0.00336	0.00268	0.00268	0.86845
22	0.30994	0.00833	0.00918	0.00739	0.01058	0.00830	0.00606	0.06715	0.02595	0.42860	0.01322	0.02460	0.00902	0.00518	0.00391	0.00138	0.00374	0.00387	0.01687	0.03673
23	0.00587	0.00429	0.00547	0.00603	0.00665	0.00402	0.00425	0.00697	0.00944	0.01254	0.14537	0.45436	0.14406	0.07778	0.03931	0.00216	0.00312	0.06042	0.00414	0.00377
24	0.17014	0.00541	0.00621	0.00647	0.00765	0.00539	0.00476	0.00957	0.00905	0.09709	0.02089	0.44783	0.05361	0.05679	0.00608	0.00186	0.00315	0.07970	0.00401	0.00433
25	0.00676	0.00460	0.00568	0.00569	0.00662	0.00423	0.00407	0.00796	0.01019	0.05223	0.27320	0.19603	0.20014	0.13469	0.02310	0.02400	0.00297	0.02969	0.00421	0.00393
26	0.00801	0.00514	0.00643	0.00629	0.00752	0.00479	0.00465	0.04006	0.02345	0.10240	0.26373	0.30302	0.14509	0.03013	0.00580	0.00166	0.00275	0.02997	0.00458	0.00453
27	0.00654	0.00457	0.00609	0.00670	0.00731	0.00454	0.00483	0.00803	0.03676	0.03250	0.05355	0.50201	0.02554	0.06939	0.12086	0.00275	0.00429	0.09582	0.00394	0.00398

[dist]
# distance from previous block
# <min> <max>
9	12

[block]
# block no. 8 follows, 57 sequences, length 20
# corresponding to MSA columns:
# 708-727
name=unknown_I
#
# <colnr> <probs for GDERKNQSTAVLIFYWHMCP>
#	G	D	E	R	K	N	Q	S	T	A	V	L	I	F	Y	W	H	M	C	P
0	0.05420	0.00943	0.03856	0.09733	0.12746	0.05170	0.05773	0.10715	0.01097	0.02508	0.02399	0.10713	0.04156	0.02810	0.07246	0.00195	0.00542	0.03577	0.00305	0.10095
1	0.06057	0.03241	0.01264	0.06279	0.07322	0.07964	0.12139	0.01256	0.02702	0.08874	0.06452	0.18611	0.01456	0.00927	0.06566	0.00196	0.07223	0.00624	0.00322	0.00527
2	0.02914	0.00496	0.00633	0.00642	0.00763	0.00452	0.00470	0.00979	0.01003	0.16738	0.07380	0.46948	0.13862	0.01155	0.00540	0.00168	0.00286	0.03665	0.00449	0.00456
3	0.10069	0.00759	0.00903	0.00767	0.00989	0.00778	0.03715	0.13412	0.09334	0.16678	0.05652	0.06677	0.08110	0.08546	0.00707	0.05291	0.00381	0.02314	0.04366	0.00553
4	0.08892	0.00623	0.02959	0.00622	0.00794	0.00571	0.00489	0.04129	0.06127	0.05791	0.19009	0.18039	0.28317	0.00975	0.00504	0.00154	0.00284	0.00828	0.00428	0.00465
5	0.03083	0.00506	0.00588	0.00573	0.00716	0.00485	0.00455	0.01113	0.01022	0.12031	0.05727	0.02788	0.11541	0.04551	0.00522	0.00154	0.00291	0.15820	0.37577	0.00457
6	0.24261	0.00700	0.00791	0.00676	0.00929	0.00678	0.00536	0.01528	0.01058	0.37099	0.04562	0.12013	0.09483	0.03103	0.00488	0.00156	0.00341	0.00573	0.00444	0.00580
7	0.08003	0.00651	0.00934	0.00813	0.00976	0.00640	0.11903	0.05155	0.02740	0.05138	0.15403	0.26981	0.05245	0.12428	0.00763	0.00198	0.00378	0.00811	0.00384	0.00459
8	0.00624	0.00459	0.00569	0.00571	0.00670	0.00420	0.00414	0.00779	0.02864	0.01455	0.36889	0.21972	0.20721	0.01118	0.00627	0.06272	0.00247	0.00911	0.00437	0.01981
9	0.01070	0.01222	0.02674	0.01910	0.02368	0.01146	0.79603	0.01451	0.01070	0.01451	0.00917	0.01222	0.00688	0.00382	0.00535	0.00153	0.00764	0.00535	0.00229	0.00611
10	0.00839	0.00513	0.00639	0.00609	0.00743	0.00471	0.00449	0.01026	0.04262	0.13960	0.27768	0.21734	0.17568	0.06528	0.00647	0.00174	0.00276	0.00873	0.00459	0.00461
11	0.02345	0.00483	0.00608	0.00620	0.00723	0.00452	0.00446	0.00904	0.03278	0.09631	0.16556	0.39931	0.13629	0.02671	0.02440	0.03154	0.00295	0.00971	0.00433	0.00428
12	0.00577	0.00427	0.00529	0.00584	0.00651	0.00392	0.00408	0.00683	0.00956	0.01254	0.13935	0.45481	0.20316	0.07249	0.00690	0.00191	0.00268	0.04614	0.00421	0.00375
13	0.47357	0.00878	0.00874	0.00714	0.01030	0.00925	0.00588	0.09508	0.01089	0.28632	0.01069	0.01047	0.00735	0.00477	0.00358	0.00137	0.00377	0.00333	0.00391	0.03481
14	0.04934	0.00541	0.00661	0.00646	0.00772	0.00529	0.00478	0.02214	0.06503	0.10701	0.11178	0.25515	0.13716	0.03672	0.03972	0.09425	0.00343	0.03348	0.00407	0.00442
15	0.00942	0.00824	0.01037	0.04225	0.01220	0.00646	0.04177	0.01156	0.00944	0.01462	0.00810	0.00964	0.00669	0.00343	0.00350	0.00075	0.00367	0.00286	0.00264	0.79241
16	0.00659	0.00439	0.00494	0.00494	0.00494	0.00439	0.00275	0.00659	0.00659	0.00879	0.01428	0.02965	0.01647	0.84075	0.02306	0.00439	0.00439	0.00659	0.00275	0.00275
17	0.00670	0.00470	0.00585	0.00637	0.00705	0.00450	0.00440	0.04309	0.03200	0.03403	0.02523	0.61160	0.10902	0.05446	0.00676	0.02207	0.00288	0.01117	0.00415	0.00400
18	0.04758	0.00584	0.00810	0.07751	0.04418	0.00579	0.02462	0.02455	0.00954	0.09378	0.07477	0.33911	0.03078	0.07288	0.03120	0.03660	0.00386	0.03178	0.00373	0.03380
19	0.07644	0.01201	0.15378	0.02978	0.04373	0.02177	0.04265	0.14875	0.11912	0.03207	0.06169	0.01435	0.01072	0.04410	0.02469	0.00173	0.09589	0.01805	0.00323	0.04546

[dist]
# distance from previous block
# <min> <max>
3	20

[block]
# block no. 9 follows, 57 sequences, length 57
# corresponding to MSA columns:
# 748-804
name=unknown_J
#
# <colnr> <probs for GDERKNQSTAVLIFYWHMCP>
#	G	D	E	R	K	N	Q	S	T	A	V	L	I	F	Y	W	H	M	C	P
0	0.00647	0.00485	0.00728	0.00728	0.00809	0.00566	0.00566	0.00809	0.00728	0.01052	0.01214	0.01780	0.01133	0.03398	0.82279	0.00728	0.01214	0.00485	0.00243	0.00405
1	0.00610	0.00438	0.00537	0.00577	0.00657	0.00399	0.00407	0.00714	0.00962	0.03092	0.13040	0.39669	0.24644	0.06592	0.01956	0.01467	0.00282	0.03156	0.00418	0.00382
2	0.06247	0.00981	0.03064	0.06663	0.06080	0.03021	0.03937	0.22328	0.10879	0.06156	0.05270	0.06345	0.04903	0.00691	0.00520	0.00153	0.03950	0.07817	0.00383	0.00611
3	0.12670	0.00885	0.01304	0.46982	0.08260	0.03250	0.06284	0.04280	0.00973	0.01428	0.00889	0.01256	0.00699	0.00470	0.00428	0.00145	0.00545	0.02369	0.06356	0.00528
4	0.01920	0.00952	0.01164	0.00892	0.01247	0.00935	0.00737	0.30383	0.01600	0.52960	0.01533	0.01377	0.00994	0.00555	0.00455	0.00139	0.00427	0.00438	0.00522	0.00771
5	0.00659	0.00439	0.00494	0.00494	0.00494	0.00439	0.00275	0.00659	0.00659	0.00879	0.01428	0.02965	0.01647	0.84075	0.02306	0.00439	0.00439	0.00659	0.00275	0.00275
6	0.01263	0.41798	0.22088	0.01010	0.01428	0.23025	0.01029	0.01497	0.01027	0.01171	0.00695	0.00809	0.00580	0.00420	0.00357	0.00114	0.00620	0.00279	0.00204	0.00589
7	0.00599	0.00418	0.00512	0.00565	0.00586	0.00401	0.00355	0.00649	0.00795	0.01057	0.04117	0.44206	0.05363	0.36750	0.01315	0.00291	0.00336	0.00995	0.00360	0.00330
8	0.56711	0.00986	0.00914	0.00833	0.05024	0.01120	0.00639	0.20074	0.06572	0.02192	0.00834	0.00905	0.00630	0.00462	0.00342	0.00140	0.00396	0.00310	0.00331	0.00584
9	0.00856	0.00805	0.01359	0.82986	0.03121	0.01007	0.01258	0.01158	0.00906	0.01158	0.00805	0.01208	0.00604	0.00453	0.00453	0.00151	0.00604	0.00403	0.00201	0.00503
10	0.00863	0.00863	0.03378	0.01266	0.06793	0.00786	0.31757	0.02698	0.01175	0.01625	0.35756	0.02340	0.07328	0.00671	0.00525	0.00147	0.00470	0.00669	0.00361	0.00529
11	0.00659	0.00439	0.00494	0.00494	0.00494	0.00439	0.00275	0.00659	0.00659	0.00879	0.01428	0.02965	0.01647	0.84075	0.02306	0.00439	0.00439	0.00659	0.00275	0.00275
12	0.00713	0.06114	0.11642	0.00829	0.02811	0.00632	0.04027	0.00887	0.00916	0.01215	0.02143	0.33578	0.10466	0.09800	0.00720	0.00198	0.00397	0.12126	0.00347	0.00439
13	0.00760	0.00632	0.00912	0.00816	0.00870	0.00743	0.05674	0.00855	0.00714	0.01016	0.01138	0.02047	0.01190	0.35715	0.25328	0.00449	0.19973	0.00539	0.00245	0.00386
14	0.00963	0.01067	0.09741	0.09372	0.35517	0.00945	0.12078	0.01256	0.02580	0.01387	0.05395	0.01615	0.04985	0.09375	0.00678	0.00174	0.01529	0.00494	0.00254	0.00596
15	0.00787	0.00394	0.00590	0.00590	0.00590	0.00394	0.00394	0.00590	0.00590	0.00787	0.00787	0.01377	0.00787	0.01574	0.01771	0.86816	0.00394	0.00394	0.00197	0.00197
16	0.01254	0.01037	0.01096	0.00948	0.01227	0.01186	0.00748	0.18913	0.63718	0.02100	0.01683	0.01562	0.01252	0.00600	0.00459	0.00150	0.00388	0.00490	0.00459	0.00729
17	0.00637	0.00463	0.00600	0.00565	0.00674	0.00426	0.00424	0.00846	0.01272	0.01792	0.77779	0.03426	0.07521	0.00936	0.00534	0.00143	0.00214	0.00825	0.00496	0.00426
18	0.01693	0.02160	0.01284	0.01167	0.01401	0.82256	0.00876	0.01809	0.01284	0.01109	0.00700	0.00817	0.00584	0.00467	0.00409	0.00117	0.00817	0.00292	0.00233	0.00525
19	0.00758	0.00407	0.00587	0.00587	0.00593	0.00413	0.00389	0.00616	0.00610	0.00820	0.00910	0.01634	0.00936	0.13489	0.07819	0.68098	0.00461	0.00438	0.00211	0.00223
20	0.00953	0.00874	0.01512	0.62359	0.14588	0.01015	0.06792	0.01251	0.00951	0.04160	0.00856	0.01208	0.00646	0.00445	0.00458	0.00148	0.00598	0.00414	0.00220	0.00553
21	0.00666	0.00443	0.00515	0.00531	0.00546	0.00442	0.00326	0.00697	0.00717	0.00968	0.01583	0.08111	0.01800	0.68444	0.01975	0.00391	0.00418	0.07683	0.03446	0.00299
22	0.00584	0.00428	0.00550	0.00600	0.00670	0.00394	0.00426	0.00714	0.01020	0.01372	0.26355	0.46559	0.12923	0.01231	0.00562	0.00169	0.00251	0.04357	0.00444	0.00390
23	0.14994	0.04472	0.02680	0.00768	0.01149	0.00888	0.02107	0.15710	0.01134	0.01802	0.00824	0.00931	0.00655	0.00393	0.00352	0.00096	0.00389	0.00296	0.00299	0.50060
24	0.00939	0.02075	0.67274	0.05729	0.04146	0.01016	0.03500	0.01416	0.00970	0.03692	0.00938	0.01082	0.02602	0.00449	0.00436	0.00143	0.00639	0.00363	0.00211	0.02378
25	0.01082	0.16084	0.39880	0.02430	0.03656	0.02630	0.01217	0.07795	0.01880	0.03774	0.00835	0.01002	0.00649	0.01721	0.00546	0.02752	0.06350	0.00340	0.00235	0.05141
26	0.00726	0.00527	0.00637	0.00639	0.01814	0.00509	0.00459	0.00991	0.10511	0.04825	0.24857	0.20250	0.21347	0.04768	0.02459	0.02642	0.00294	0.00867	0.00434	0.00443
27	0.00659	0.00439	0.00494	0.00494	0.00494	0.00439	0.00275	0.00659	0.00659	0.00879	0.01428	0.02965	0.01647	0.84075	0.02306	0.00439	0.00439	0.00659	0.00275	0.00275
28	0.00700	0.00688	0.06693	0.00736	0.00868	0.03959	0.02837	0.02164	0.03002	0.01394	0.21877	0.43542	0.05241	0.01165	0.02794	0.00179	0.00350	0.00970	0.00406	0.00436
29	0.01503	0.16748	0.01540	0.01038	0.01324	0.14890	0.00869	0.39410	0.01531	0.01945	0.00858	0.00960	0.00676	0.00543	0.00585	0.00136	0.14111	0.00356	0.00327	0.00650
30	0.01003	0.03003	0.01511	0.36221	0.26011	0.01017	0.03866	0.04481	0.01000	0.01379	0.00825	0.01120	0.00657	0.00429	0.00459	0.00133	0.02639	0.00383	0.00229	0.13633
31	0.15033	0.00936	0.08415	0.15453	0.03045	0.03936	0.01971	0.03076	0.03476	0.08452	0.02642	0.03582	0.00927	0.02821	0.12040	0.03995	0.02225	0.00422	0.03435	0.04117
32	0.00661	0.00442	0.00517	0.02190	0.00562	0.00445	0.00308	0.00665	0.00675	0.00899	0.01460	0.08004	0.01680	0.74109	0.02139	0.03569	0.00430	0.00684	0.00280	0.00282
33	0.01418	0.00955	0.01338	0.01079	0.01266	0.01118	0.05818	0.11162	0.01087	0.27347	0.01066	0.01205	0.00797	0.00680	0.00973	0.02220	0.39077	0.00426	0.00349	0.00619
34	0.00827	0.00543	0.00674	0.00689	0.02766	0.00514	0.00493	0.04909	0.03366	0.10188	0.10831	0.32115	0.19753	0.03698	0.02000	0.00180	0.00312	0.03532	0.02151	0.00461
35	0.09166	0.00805	0.00908	0.00776	0.01018	0.00830	0.00610	0.19174	0.10586	0.19721	0.04027	0.15416	0.05979	0.04519	0.00549	0.00162	0.00370	0.01569	0.01818	0.01999
36	0.00555	0.00396	0.00528	0.00629	0.00658	0.00370	0.00421	0.00637	0.00879	0.01175	0.04662	0.81563	0.03032	0.01406	0.00577	0.00183	0.00262	0.01275	0.00423	0.00370
37	0.00570	0.00413	0.00537	0.00630	0.00665	0.00390	0.00423	0.00680	0.02855	0.01181	0.03887	0.76387	0.04794	0.03482	0.00618	0.00188	0.00268	0.01237	0.00419	0.00376
38	0.09096	0.00657	0.00749	0.00670	0.00867	0.00647	0.00513	0.06579	0.08260	0.19447	0.09624	0.15116	0.17847	0.07119	0.00621	0.00173	0.00325	0.00718	0.00441	0.00530
39	0.07735	0.00586	0.00698	0.00675	0.00821	0.00574	0.00499	0.05899	0.03916	0.16489	0.02136	0.41053	0.06609	0.04989	0.00590	0.00176	0.00317	0.01937	0.03809	0.00490
40	0.00991	0.00991	0.01388	0.01190	0.01190	0.01388	0.00991	0.01091	0.00694	0.01091	0.00595	0.00991	0.00595	0.00793	0.01487	0.00198	0.83246	0.00397	0.00198	0.00496
