[name]
unknown

[dist]
# distance from previous block
# <min> <max>
0	199

[block]
# block no. 0 follows, 53 sequences, length 39
# corresponding to MSA columns:
# 199-237
name=unknown_A
#
# <colnr> <probs for GDERKNQSTAVLIFYWHMCP>
#	G	D	E	R	K	N	Q	S	T	A	V	L	I	F	Y	W	H	M	C	P
0	0.29440	0.00853	0.00865	0.00772	0.01017	0.03091	0.00618	0.04586	0.13663	0.09199	0.09417	0.01752	0.01387	0.01005	0.10246	0.01983	0.00494	0.04946	0.00385	0.04279
1	0.01143	0.01047	0.03082	0.27907	0.25544	0.03501	0.01163	0.15845	0.01253	0.01668	0.01242	0.09457	0.03867	0.00609	0.00491	0.00153	0.00553	0.00536	0.00302	0.00637
2	0.04090	0.01045	0.11498	0.13397	0.04713	0.00931	0.03579	0.03627	0.01956	0.03611	0.01759	0.04102	0.16782	0.00716	0.00657	0.00157	0.13660	0.02501	0.00305	0.10914
3	0.01184	0.03335	0.01685	0.16823	0.48027	0.04012	0.01264	0.01479	0.03138	0.05669	0.00986	0.02699	0.00808	0.00467	0.00463	0.00140	0.00556	0.00430	0.00264	0.06573
4	0.11591	0.01323	0.03870	0.05847	0.44874	0.14054	0.05704	0.01513	0.01079	0.01535	0.00836	0.01083	0.00689	0.00456	0.00490	0.00144	0.03609	0.00392	0.00243	0.00669
5	0.01124	0.01328	0.14619	0.05516	0.59052	0.01112	0.04980	0.01445	0.01060	0.01520	0.00892	0.01171	0.00729	0.00465	0.00513	0.02506	0.00599	0.00420	0.00230	0.00720
6	0.26416	0.00874	0.01220	0.01180	0.10727	0.02215	0.13207	0.01206	0.00877	0.01519	0.01001	0.01492	0.00909	0.11984	0.20411	0.00343	0.03186	0.00452	0.00266	0.00516
7	0.01129	0.01536	0.25415	0.02017	0.34746	0.01146	0.09267	0.04678	0.10992	0.01662	0.02163	0.01250	0.00853	0.00474	0.00480	0.00149	0.00603	0.00439	0.00272	0.00728
8	0.01441	0.01240	0.10979	0.27127	0.02093	0.01191	0.01115	0.31979	0.04066	0.12340	0.01139	0.01255	0.00800	0.00533	0.00476	0.00151	0.00563	0.00429	0.00374	0.00708
9	0.72723	0.00842	0.00679	0.00635	0.00887	0.00962	0.00506	0.01286	0.00830	0.01996	0.00983	0.14007	0.00944	0.00613	0.00346	0.00155	0.00355	0.00436	0.00320	0.00497
10	0.01463	0.01485	0.16744	0.14198	0.01854	0.16656	0.06691	0.07968	0.01264	0.20855	0.01262	0.03509	0.02792	0.00552	0.00477	0.00148	0.00622	0.00452	0.00345	0.00663
11	0.12862	0.00889	0.01197	0.01162	0.13916	0.00834	0.00806	0.03489	0.01268	0.56282	0.01556	0.01437	0.01022	0.00545	0.00456	0.00147	0.00430	0.00442	0.00494	0.00766
12	0.01514	0.01029	0.01340	0.04440	0.18719	0.01079	0.00938	0.15613	0.23492	0.21878	0.03879	0.01534	0.01182	0.00575	0.00483	0.00150	0.00458	0.00486	0.00447	0.00763
13	0.01324	0.01381	0.01393	0.04768	0.08632	0.30096	0.11526	0.03427	0.03352	0.06864	0.03391	0.03928	0.13732	0.00668	0.00499	0.00147	0.00621	0.03343	0.00329	0.00579
14	0.14526	0.00565	0.00687	0.00676	0.00771	0.00636	0.00497	0.00897	0.00755	0.01224	0.01245	0.02055	0.01240	0.25685	0.45860	0.00582	0.00902	0.00523	0.00272	0.00402
15	0.00614	0.00484	0.00567	0.00596	0.00719	0.00438	0.00454	0.00756	0.01069	0.01350	0.11546	0.17042	0.44710	0.01399	0.05729	0.00212	0.00339	0.11125	0.00440	0.00412
16	0.01257	0.01073	0.01252	0.01293	0.13985	0.01200	0.00881	0.12665	0.54213	0.02048	0.01744	0.01674	0.03314	0.00617	0.00485	0.00156	0.00425	0.00519	0.00444	0.00755
17	0.00903	0.00850	0.01434	0.82054	0.03292	0.01062	0.01327	0.01221	0.00956	0.01221	0.00850	0.01274	0.00637	0.00478	0.00478	0.00159	0.00637	0.00425	0.00212	0.00531
18	0.04038	0.01361	0.01459	0.05217	0.24922	0.18659	0.01044	0.14320	0.16770	0.05760	0.01151	0.01240	0.00882	0.00519	0.00463	0.00143	0.00577	0.00421	0.00346	0.00707
19	0.01405	0.01156	0.02015	0.07251	0.12688	0.01150	0.33343	0.16920	0.01362	0.14122	0.01136	0.01312	0.00823	0.00549	0.02404	0.00167	0.00655	0.00495	0.00341	0.00707
20	0.02005	0.14135	0.01334	0.00845	0.01221	0.00894	0.00721	0.02185	0.01304	0.67754	0.01689	0.01488	0.01091	0.00562	0.00453	0.00141	0.00424	0.00444	0.00529	0.00781
21	0.00695	0.00531	0.00736	0.11020	0.01093	0.00532	0.00625	0.00888	0.01120	0.01502	0.27926	0.22341	0.09818	0.01133	0.00585	0.00178	0.00340	0.18056	0.00441	0.00440
22	0.01166	0.14411	0.01850	0.23990	0.40810	0.07097	0.01285	0.01427	0.01053	0.01370	0.00836	0.01117	0.00691	0.00442	0.00445	0.00139	0.00599	0.00389	0.00226	0.00658
23	0.01091	0.01043	0.01775	0.19258	0.54597	0.01107	0.03389	0.01371	0.01030	0.01448	0.00899	0.01236	0.00749	0.00621	0.04811	0.00182	0.04047	0.00434	0.00232	0.00680
24	0.00580	0.00427	0.00543	0.00636	0.00686	0.00391	0.00431	0.00669	0.00943	0.01232	0.02990	0.70276	0.15546	0.01451	0.00603	0.00189	0.00272	0.01302	0.00444	0.00391
25	0.01050	0.01160	0.02418	0.01751	0.02181	0.01084	0.64460	0.02823	0.01143	0.01520	0.01595	0.01820	0.13504	0.00536	0.00563	0.00161	0.00710	0.00633	0.00279	0.00609
26	0.00698	0.00558	0.00775	0.00979	0.13498	0.00523	0.00591	0.00847	0.01050	0.01414	0.15129	0.39364	0.18451	0.01162	0.00565	0.00170	0.00307	0.01038	0.02421	0.00462
27	0.01590	0.01330	0.01392	0.15629	0.01784	0.10632	0.00971	0.48653	0.09198	0.02382	0.01122	0.01197	0.00820	0.00554	0.00473	0.00146	0.00571	0.00426	0.00404	0.00727
28	0.00637	0.00427	0.00540	0.00629	0.00678	0.00402	0.00432	0.00747	0.00941	0.01319	0.02539	0.64855	0.05656	0.01331	0.00565	0.00180	0.00272	0.03245	0.14206	0.00399
29	0.01349	0.01061	0.01349	0.01480	0.25372	0.06628	0.00915	0.07487	0.02738	0.14481	0.04033	0.01268	0.00959	0.00470	0.00436	0.00119	0.00473	0.00399	0.00344	0.28638
30	0.01197	0.52438	0.05661	0.01169	0.13932	0.03466	0.00917	0.01383	0.01011	0.03212	0.01062	0.07957	0.03760	0.00542	0.00383	0.00122	0.00506	0.00415	0.00249	0.00618
31	0.00677	0.00456	0.00527	0.00545	0.00549	0.00451	0.00314	0.00690	0.00731	0.00974	0.01688	0.15979	0.01967	0.70038	0.02139	0.00420	0.00433	0.00802	0.00314	0.00305
32	0.00948	0.00896	0.01515	0.69306	0.15687	0.01074	0.01350	0.01261	0.00977	0.01276	0.00858	0.01260	0.00656	0.00469	0.00477	0.00156	0.00626	0.00425	0.00216	0.00567
33	0.00977	0.00933	0.01612	0.56689	0.21814	0.01076	0.05372	0.01288	0.00992	0.01317	0.00878	0.01268	0.00685	0.00539	0.02500	0.00170	0.00645	0.00434	0.00221	0.00589
34	0.00582	0.00419	0.00552	0.00658	0.00691	0.00389	0.00440	0.00666	0.00923	0.01223	0.02730	0.79502	0.06488	0.01485	0.00608	0.00193	0.00276	0.01344	0.00444	0.00389
35	0.00891	0.00445	0.00445	0.00445	0.00557	0.00445	0.00334	0.01114	0.01002	0.01782	0.01559	0.01782	0.01225	0.00557	0.00334	0.00111	0.00223	0.00445	0.85856	0.00445
36	0.00565	0.00484	0.00484	0.00484	0.00646	0.00403	0.00363	0.00686	0.01089	0.01291	0.04842	0.04600	0.80027	0.01210	0.00565	0.00161	0.00242	0.01009	0.00444	0.00403
37	0.00620	0.00425	0.00557	0.00638	0.00664	0.00402	0.00420	0.00673	0.00876	0.01169	0.04408	0.62284	0.04007	0.12412	0.00954	0.07237	0.00312	0.01175	0.00406	0.00362
38	0.01183	0.01136	0.01940	0.02934	0.80221	0.01136	0.01467	0.01467	0.01088	0.01562	0.00899	0.01183	0.00757	0.00426	0.00473	0.00142	0.00568	0.00426	0.00237	0.00757

[dist]
# distance from previous block
# <min> <max>
0	11

[block]
# block no. 1 follows, 53 sequences, length 14
# corresponding to MSA columns:
# 249-262
name=unknown_B
#
# <colnr> <probs for GDERKNQSTAVLIFYWHMCP>
#	G	D	E	R	K	N	Q	S	T	A	V	L	I	F	Y	W	H	M	C	P
0	0.86579	0.00924	0.00702	0.00629	0.00924	0.01072	0.00518	0.01405	0.00813	0.02144	0.00666	0.00776	0.00518	0.00444	0.00296	0.00148	0.00370	0.00259	0.00296	0.00518
1	0.00602	0.00486	0.00535	0.00523	0.00668	0.00419	0.00392	0.00757	0.01176	0.01497	0.29573	0.04261	0.55167	0.01134	0.00565	0.00158	0.00237	0.00961	0.00471	0.00419
2	0.00727	0.00553	0.00769	0.00753	0.00827	0.00642	0.00566	0.00919	0.04566	0.01119	0.01325	0.02079	0.01287	0.18964	0.58008	0.00652	0.05009	0.00545	0.00272	0.00420
3	0.00991	0.00850	0.00991	0.00708	0.01133	0.00637	0.00566	0.01203	0.00991	0.01557	0.00850	0.00991	0.00708	0.00354	0.00354	0.00071	0.00354	0.00283	0.00283	0.86124
4	0.00916	0.00873	0.01468	0.57820	0.02725	0.01065	0.07187	0.01205	0.00979	0.01304	0.08490	0.01469	0.01018	0.00565	0.00630	0.00165	0.10868	0.00477	0.00245	0.00531
5	0.00986	0.02279	0.68027	0.01469	0.02139	0.01126	0.14272	0.01516	0.01029	0.01516	0.00876	0.01055	0.00625	0.00446	0.00472	0.00153	0.00723	0.00388	0.00208	0.00696
6	0.00991	0.00850	0.00991	0.00708	0.01133	0.00637	0.00566	0.01203	0.00991	0.01557	0.00850	0.00991	0.00708	0.00354	0.00354	0.00071	0.00354	0.00283	0.00283	0.86124
7	0.01107	0.01091	0.01680	0.30923	0.45165	0.06545	0.01351	0.01386	0.01054	0.01404	0.00921	0.03561	0.00774	0.00480	0.00476	0.00148	0.00604	0.00444	0.00235	0.00652
8	0.01448	0.01577	0.01547	0.01682	0.22654	0.32278	0.01098	0.09481	0.01225	0.01460	0.00797	0.01022	0.00677	0.00566	0.00721	0.00151	0.20352	0.00379	0.00259	0.00628
9	0.01043	0.00968	0.01591	0.18719	0.48455	0.00991	0.01238	0.01301	0.01046	0.01464	0.03929	0.04154	0.03693	0.00547	0.00514	0.02405	0.00530	0.00483	0.00259	0.06672
10	0.01060	0.00947	0.01510	0.12093	0.45926	0.00961	0.01148	0.01366	0.04674	0.03293	0.10647	0.01692	0.03294	0.04546	0.00577	0.00159	0.00499	0.00506	0.00298	0.04804
11	0.01106	0.01185	0.08226	0.19255	0.57887	0.01118	0.01462	0.01420	0.01054	0.01487	0.00885	0.01188	0.00720	0.00439	0.00473	0.00146	0.00593	0.00420	0.00229	0.00706
12	0.22314	0.00758	0.00891	0.00733	0.01020	0.00729	0.00594	0.01743	0.01229	0.41543	0.21382	0.01913	0.01865	0.00653	0.00457	0.00149	0.00352	0.00524	0.00503	0.00650
13	0.07925	0.01670	0.01530	0.01254	0.01575	0.37841	0.14080	0.13506	0.07827	0.06764	0.01007	0.01097	0.00763	0.00505	0.00459	0.00139	0.00696	0.00397	0.00326	0.00639

[dist]
# distance from previous block
# <min> <max>
0	5

[block]
# block no. 2 follows, 53 sequences, length 48
# corresponding to MSA columns:
# 268-315
name=unknown_C
#
# <colnr> <probs for GDERKNQSTAVLIFYWHMCP>
#	G	D	E	R	K	N	Q	S	T	A	V	L	I	F	Y	W	H	M	C	P
0	0.01167	0.00943	0.01130	0.00997	0.05056	0.04397	0.02223	0.11450	0.03866	0.08594	0.01755	0.01935	0.14683	0.00840	0.04540	0.00175	0.13671	0.03119	0.00358	0.19102
1	0.01116	0.01019	0.01551	0.19208	0.30856	0.01128	0.04148	0.01681	0.21897	0.03057	0.03619	0.01440	0.01033	0.00541	0.00551	0.00156	0.05529	0.00476	0.00312	0.00681
2	0.01145	0.00978	0.01032	0.00927	0.01187	0.01114	0.00721	0.04981	0.68047	0.01976	0.04594	0.02040	0.07746	0.00701	0.00495	0.00161	0.00368	0.00584	0.00484	0.00721
3	0.00662	0.00466	0.00606	0.00635	0.00668	0.00485	0.00424	0.00736	0.00774	0.01059	0.01727	0.23296	0.01937	0.37529	0.26352	0.00488	0.00668	0.00810	0.00319	0.00357
4	0.00683	0.00510	0.00756	0.00756	0.00838	0.00591	0.00583	0.00846	0.00765	0.01101	0.01291	0.01938	0.01221	0.07402	0.77527	0.00754	0.01241	0.00521	0.00258	0.00420
5	0.00813	0.00708	0.01011	0.04791	0.01075	0.00901	0.00757	0.00944	0.00781	0.01135	0.01228	0.13331	0.01275	0.06792	0.31792	0.00432	0.30909	0.00607	0.00266	0.00453
6	0.01082	0.00848	0.01048	0.03803	0.09024	0.00920	0.00764	0.04999	0.32118	0.06745	0.12492	0.08947	0.05343	0.02737	0.00595	0.00171	0.02817	0.04469	0.00443	0.00634
7	0.01172	0.01125	0.01921	0.05949	0.77289	0.01133	0.01462	0.01458	0.01083	0.01549	0.00897	0.01186	0.00753	0.00428	0.00473	0.00143	0.00570	0.00426	0.00236	0.00748
8	0.01278	0.83490	0.02505	0.00818	0.01227	0.01891	0.00818	0.01431	0.00971	0.01125	0.00664	0.00767	0.00613	0.00409	0.00307	0.00102	0.00511	0.00256	0.00204	0.00613
9	0.00573	0.00484	0.00495	0.00492	0.00650	0.00407	0.00369	0.00701	0.01108	0.01334	0.10011	0.04529	0.74831	0.01194	0.00565	0.00161	0.00241	0.00999	0.00450	0.00407
10	0.01297	0.01162	0.01984	0.11261	0.10397	0.05623	0.34685	0.05660	0.05127	0.12340	0.01192	0.04991	0.00926	0.00516	0.00519	0.00156	0.00649	0.00535	0.00319	0.00664
11	0.00705	0.00471	0.00597	0.00597	0.00619	0.00494	0.00383	0.00730	0.00707	0.00966	0.01379	0.02631	0.01504	0.54051	0.23244	0.09037	0.00675	0.00619	0.00273	0.00318
12	0.00585	0.00418	0.00557	0.00664	0.00694	0.00390	0.00444	0.00672	0.00928	0.01241	0.04902	0.80565	0.03201	0.01482	0.00609	0.00193	0.00276	0.01344	0.00446	0.00390
13	0.01030	0.00641	0.00900	0.00875	0.02639	0.00624	0.04131	0.05621	0.01109	0.16698	0.02260	0.44023	0.04312	0.01146	0.00613	0.00182	0.03529	0.08692	0.00451	0.00525
14	0.01046	0.01046	0.01464	0.01255	0.01255	0.01464	0.01046	0.01150	0.00732	0.01150	0.00627	0.01046	0.00627	0.00837	0.01569	0.00209	0.82328	0.00418	0.00209	0.00523
15	0.00971	0.05547	0.77758	0.01342	0.02037	0.01140	0.01730	0.01511	0.01008	0.01499	0.00850	0.01000	0.00606	0.00452	0.00449	0.00150	0.00699	0.00349	0.00202	0.00703
16	0.01043	0.00884	0.01038	0.00780	0.02890	0.00697	0.00606	0.05714	0.01066	0.01642	0.00868	0.01004	0.00715	0.00368	0.00364	0.00077	0.00369	0.00295	0.00293	0.79286
17	0.00590	0.00456	0.00538	0.00579	0.00676	0.00404	0.00411	0.00711	0.01057	0.01359	0.15648	0.37462	0.35807	0.01295	0.00584	0.00173	0.00254	0.01134	0.00457	0.00404
18	0.00606	0.00457	0.00561	0.00596	0.00686	0.00412	0.00424	0.00743	0.01096	0.01452	0.26760	0.37207	0.24741	0.01260	0.00584	0.00172	0.00252	0.01112	0.00469	0.00412
19	0.03526	0.04651	0.14226	0.04484	0.06358	0.13362	0.12359	0.01347	0.00992	0.05607	0.02355	0.01230	0.00796	0.00792	0.00867	0.22295	0.03565	0.00413	0.00249	0.00527
20	0.01189	0.01093	0.01763	0.04246	0.61049	0.01112	0.02992	0.03456	0.10093	0.03363	0.01199	0.01397	0.03904	0.00490	0.00481	0.00146	0.00536	0.00466	0.00286	0.00739
21	0.03581	0.00488	0.00573	0.00593	0.00610	0.00502	0.00369	0.00729	0.00761	0.01057	0.01753	0.24854	0.02044	0.54806	0.01827	0.00369	0.03568	0.00852	0.00329	0.00333
22	0.00903	0.00850	0.01434	0.82054	0.03292	0.01062	0.01327	0.01221	0.00956	0.01221	0.00850	0.01274	0.00637	0.00478	0.00478	0.00159	0.00637	0.00425	0.00212	0.00531
23	0.01199	0.30749	0.36822	0.01196	0.01737	0.03054	0.09145	0.03268	0.01065	0.06359	0.00869	0.00991	0.00662	0.00445	0.00415	0.00134	0.00628	0.00349	0.00238	0.00673
24	0.00819	0.00737	0.01156	0.03752	0.01199	0.00819	0.12645	0.01030	0.03568	0.01233	0.01749	0.06520	0.12180	0.10789	0.23993	0.00379	0.14424	0.02239	0.00296	0.00471
25	0.01150	0.01103	0.01873	0.11111	0.69835	0.01138	0.01440	0.01432	0.01064	0.01514	0.00886	0.01188	0.00741	0.00444	0.00507	0.00146	0.03045	0.00426	0.00233	0.00726
26	0.01028	0.00638	0.00771	0.00681	0.00878	0.00607	0.00532	0.02764	0.08076	0.18214	0.28887	0.03199	0.27144	0.00929	0.00573	0.00156	0.03100	0.00778	0.00499	0.00548
27	0.00720	0.00533	0.00668	0.00658	0.00672	0.00588	0.00438	0.00765	0.00753	0.01035	0.03044	0.15069	0.01824	0.51720	0.09004	0.00411	0.10694	0.00750	0.00305	0.00349
28	0.01266	0.04722	0.13635	0.04048	0.01371	0.08255	0.04504	0.03861	0.03609	0.19683	0.19395	0.05841	0.01915	0.00714	0.00504	0.00152	0.00485	0.05008	0.00414	0.00619
29	0.01057	0.01013	0.01739	0.38122	0.43843	0.01105	0.03525	0.01359	0.01030	0.01409	0.00879	0.01227	0.00703	0.00448	0.00478	0.00150	0.00605	0.00429	0.00226	0.00653
30	0.01145	0.01097	0.01872	0.13585	0.69864	0.01126	0.01448	0.01434	0.01070	0.01516	0.00892	0.01195	0.00741	0.00433	0.00474	0.00144	0.00577	0.00426	0.00233	0.00727
31	0.00668	0.00525	0.00650	0.00650	0.00773	0.00486	0.02446	0.03243	0.03217	0.01468	0.18056	0.31182	0.30630	0.01212	0.00578	0.00171	0.00283	0.02868	0.00456	0.00437
32	0.07971	0.01133	0.01537	0.15920	0.28561	0.05331	0.03378	0.15420	0.04962	0.09609	0.01057	0.01220	0.00794	0.00493	0.00463	0.00147	0.00555	0.00422	0.00328	0.00700
33	0.01052	0.00998	0.01654	0.38460	0.39055	0.01116	0.01356	0.01397	0.04764	0.01415	0.00918	0.01248	0.00732	0.00474	0.00513	0.00153	0.03379	0.00431	0.00237	0.00647
34	0.02085	0.05638	0.01199	0.00855	0.01228	0.00793	0.00715	0.04343	0.01369	0.73831	0.01795	0.01564	0.01140	0.00580	0.00470	0.00145	0.00416	0.00466	0.00566	0.00802
35	0.00818	0.00720	0.04046	0.15768	0.12498	0.00690	0.00816	0.01021	0.01011	0.04042	0.08926	0.19708	0.12907	0.03975	0.08868	0.00237	0.00508	0.02587	0.00351	0.00503
36	0.36042	0.03442	0.02938	0.00867	0.03050	0.05748	0.00707	0.04410	0.01125	0.32760	0.01173	0.01152	0.00809	0.00521	0.00434	0.00147	0.03243	0.00366	0.00406	0.00659
37	0.01030	0.03763	0.01692	0.27387	0.39646	0.01061	0.05732	0.01312	0.01047	0.01420	0.02619	0.03020	0.05481	0.00535	0.00488	0.00151	0.00568	0.02160	0.00254	0.00635
38	0.25059	0.03887	0.03210	0.14297	0.25707	0.02259	0.07981	0.08203	0.01098	0.02830	0.00856	0.01074	0.00669	0.00453	0.00426	0.00147	0.00544	0.00384	0.00274	0.00642
39	0.01274	0.28873	0.33627	0.01162	0.01654	0.19689	0.02862	0.03275	0.01105	0.01341	0.00776	0.00905	0.00617	0.00450	0.00403	0.00129	0.00676	0.00317	0.00220	0.00642
40	0.00896	0.00664	0.02479	0.07404	0.07386	0.00653	0.03327	0.01000	0.00943	0.05426	0.15493	0.03315	0.01786	0.15185	0.03417	0.19306	0.03621	0.05140	0.00323	0.02237
41	0.15960	0.12976	0.15526	0.05724	0.01494	0.07488	0.00987	0.14972	0.02101	0.07289	0.03578	0.01105	0.00814	0.00533	0.00510	0.00145	0.07473	0.00371	0.00313	0.00641
42	0.01282	0.18111	0.01466	0.08606	0.11392	0.07984	0.00870	0.04432	0.11929	0.12440	0.01425	0.15450	0.01281	0.00679	0.00462	0.00146	0.00487	0.00566	0.00357	0.00635
43	0.01407	0.00718	0.03240	0.03552	0.01112	0.00615	0.00669	0.01604	0.01249	0.40410	0.15783	0.10690	0.07452	0.00858	0.00531	0.00162	0.00371	0.08433	0.00515	0.00629
44	0.01412	0.17863	0.10449	0.07064	0.20376	0.07649	0.04311	0.05279	0.01173	0.16832	0.01044	0.01163	0.00784	0.00531	0.01939	0.00148	0.00590	0.00392	0.00306	0.00694
45	0.00977	0.00939	0.01386	0.63894	0.06450	0.05776	0.01224	0.03850	0.01032	0.01297	0.01096	0.02989	0.04854	0.00543	0.00498	0.00157	0.01788	0.00467	0.00241	0.00543
46	0.00624	0.00471	0.00648	0.08168	0.00937	0.00473	0.00527	0.00736	0.00910	0.01204	0.02470	0.59298	0.08392	0.04736	0.07803	0.00250	0.00404	0.01146	0.00400	0.00402
47	0.00909	0.06105	0.24778	0.09705	0.09587	0.00896	0.03068	0.01242	0.03684	0.03173	0.03381	0.26338	0.01564	0.00795	0.00502	0.00161	0.00503	0.00701	0.02326	0.00580

[dist]
# distance from previous block
# <min> <max>
2	10

[block]
# block no. 3 follows, 53 sequences, length 40
# corresponding to MSA columns:
# 326-365
name=unknown_D
#
# <colnr> <probs for GDERKNQSTAVLIFYWHMCP>
#	G	D	E	R	K	N	Q	S	T	A	V	L	I	F	Y	W	H	M	C	P
0	0.01105	0.01038	0.03890	0.15146	0.41017	0.01058	0.02627	0.01460	0.07222	0.04158	0.01050	0.01387	0.00870	0.02740	0.04923	0.00191	0.04571	0.01480	0.00269	0.03800
1	0.01038	0.02698	0.01103	0.00772	0.01194	0.00711	0.03444	0.02710	0.02168	0.02736	0.00886	0.01021	0.00726	0.00369	0.00367	0.00079	0.00378	0.00302	0.00291	0.77007
2	0.05090	0.01163	0.09780	0.06136	0.15312	0.04002	0.04809	0.09415	0.17693	0.02890	0.12162	0.04646	0.01516	0.00628	0.00488	0.00153	0.00490	0.01672	0.01297	0.00657
3	0.00741	0.00525	0.00735	0.00730	0.00838	0.00553	0.00559	0.00897	0.00870	0.04417	0.04043	0.13354	0.05836	0.05645	0.49990	0.00545	0.00910	0.04087	0.00324	0.04402
4	0.01213	0.01142	0.01551	0.15186	0.31030	0.06030	0.03057	0.06922	0.23645	0.01694	0.01194	0.01348	0.00930	0.00521	0.00503	0.00152	0.02405	0.00455	0.00321	0.00703
5	0.00580	0.00424	0.00547	0.00645	0.00688	0.00390	0.00435	0.00668	0.00935	0.01228	0.02882	0.74102	0.11790	0.01465	0.00605	0.00190	0.00273	0.01319	0.00444	0.00390
6	0.01306	0.78978	0.02441	0.00841	0.01241	0.06303	0.00824	0.01458	0.00992	0.01127	0.00669	0.00772	0.00613	0.00414	0.00314	0.00103	0.00531	0.00258	0.00207	0.00610
7	0.01016	0.01002	0.01441	0.13795	0.01564	0.01377	0.01082	0.01157	0.00776	0.01169	0.00712	0.01196	0.00685	0.00794	0.01375	0.00202	0.67474	0.02444	0.00216	0.00522
8	0.00588	0.00474	0.00526	0.00547	0.00675	0.00411	0.00403	0.00717	0.01086	0.01353	0.12745	0.19666	0.53879	0.01244	0.00577	0.00169	0.00254	0.03827	0.00453	0.00407
9	0.00627	0.00487	0.00570	0.00549	0.00684	0.00430	0.00412	0.00806	0.01236	0.01640	0.46702	0.04026	0.37949	0.01080	0.00564	0.00155	0.00233	0.00928	0.00490	0.00430
10	0.01090	0.01037	0.01761	0.22882	0.57832	0.01090	0.01394	0.01375	0.01048	0.01463	0.00950	0.04198	0.00815	0.00478	0.00479	0.00148	0.00575	0.00460	0.00238	0.00686
11	0.00967	0.02418	0.77117	0.01393	0.02089	0.01115	0.05320	0.01514	0.01015	0.01514	0.00863	0.01022	0.00611	0.00452	0.00459	0.00152	0.00711	0.00363	0.00204	0.00704
12	0.00903	0.00850	0.01434	0.82054	0.03292	0.01062	0.01327	0.01221	0.00956	0.01221	0.00850	0.01274	0.00637	0.00478	0.00478	0.00159	0.00637	0.00425	0.00212	0.00531
13	0.00683	0.00512	0.00768	0.00768	0.00853	0.00597	0.00597	0.00853	0.00768	0.01110	0.01280	0.01878	0.01195	0.03585	0.81308	0.00768	0.01280	0.00512	0.00256	0.00427
14	0.00991	0.00850	0.00991	0.00708	0.01133	0.00637	0.00566	0.01203	0.00991	0.01557	0.00850	0.00991	0.00708	0.00354	0.00354	0.00071	0.00354	0.00283	0.00283	0.86124
15	0.01212	0.01041	0.01156	0.04823	0.04850	0.01198	0.00823	0.06850	0.67780	0.02003	0.01802	0.01696	0.01352	0.00626	0.00485	0.00160	0.00407	0.00524	0.00462	0.00749
16	0.00692	0.00462	0.00522	0.00526	0.00526	0.00461	0.00294	0.00694	0.00701	0.00935	0.01539	0.05458	0.01779	0.80816	0.02379	0.00456	0.00458	0.00714	0.00294	0.00292
17	0.00732	0.00593	0.00670	0.02614	0.00839	0.01897	0.00495	0.00985	0.06981	0.03105	0.25834	0.06334	0.38518	0.01045	0.00576	0.00160	0.02148	0.03668	0.00456	0.02350
18	0.01241	0.77085	0.02387	0.00828	0.01206	0.01814	0.00811	0.01390	0.00960	0.01129	0.00743	0.04116	0.00717	0.00469	0.00365	0.00110	0.03506	0.00306	0.00214	0.00601
19	0.02131	0.00835	0.01123	0.00861	0.01231	0.00735	0.00711	0.05472	0.01404	0.77358	0.01855	0.01607	0.01168	0.00591	0.00481	0.00148	0.00412	0.00479	0.00587	0.00813
20	0.00584	0.00432	0.00546	0.00629	0.00686	0.00394	0.00429	0.00682	0.00971	0.01271	0.07295	0.64192	0.17307	0.01416	0.00599	0.00186	0.00268	0.01267	0.00448	0.00394
21	0.08087	0.00952	0.01483	0.60638	0.11500	0.03718	0.04399	0.01299	0.00979	0.01346	0.00841	0.01210	0.00643	0.00467	0.00464	0.00155	0.00622	0.00413	0.00224	0.00560
22	0.01251	0.76652	0.09107	0.00864	0.01298	0.01825	0.00898	0.01438	0.00974	0.01157	0.00681	0.00787	0.00613	0.00413	0.00319	0.00106	0.00528	0.00264	0.00204	0.00621
23	0.00583	0.00428	0.00547	0.00638	0.00687	0.00392	0.00432	0.00675	0.00953	0.01251	0.05238	0.69269	0.14274	0.01441	0.00602	0.00188	0.00271	0.01294	0.00446	0.00392
24	0.01263	0.77798	0.04786	0.00882	0.01303	0.01841	0.04003	0.01438	0.00979	0.01152	0.00682	0.00795	0.00618	0.00410	0.00321	0.00106	0.00529	0.00271	0.00206	0.00617
25	0.03628	0.81216	0.02455	0.00813	0.01218	0.01869	0.00810	0.01430	0.00967	0.01153	0.00665	0.00767	0.00611	0.00410	0.00306	0.00103	0.00507	0.00256	0.00207	0.00611
26	0.02623	0.00649	0.00772	0.00639	0.00886	0.00589	0.00509	0.03165	0.01164	0.29077	0.04419	0.01670	0.01249	0.00559	0.00398	0.00122	0.00311	0.00450	0.39892	0.10857
27	0.00589	0.00421	0.00563	0.00674	0.00705	0.00394	0.00456	0.00678	0.00922	0.01228	0.02630	0.79940	0.03146	0.01491	0.00612	0.00195	0.00283	0.04239	0.00444	0.00390
28	0.01507	0.01247	0.01237	0.01030	0.01343	0.07907	0.00822	0.36381	0.35501	0.02374	0.01475	0.01423	0.01092	0.00599	0.00472	0.00149	0.00478	0.00468	0.03741	0.00753
29	0.00710	0.00507	0.00702	0.00812	0.00896	0.00499	0.00666	0.00887	0.01041	0.01364	0.02564	0.30020	0.02881	0.01377	0.00644	0.00212	0.00388	0.52964	0.00441	0.00424
30	0.00715	0.00449	0.00531	0.00559	0.00646	0.00425	0.00401	0.00886	0.01065	0.01596	0.21214	0.29220	0.07881	0.01013	0.00497	0.00152	0.00243	0.00887	0.31198	0.00425
31	0.00944	0.00708	0.00862	0.00770	0.00829	0.00818	0.00552	0.08853	0.02809	0.03637	0.01291	0.02355	0.01360	0.50070	0.03727	0.00364	0.18729	0.00592	0.00304	0.00425
32	0.00612	0.00441	0.00578	0.00678	0.00716	0.00421	0.00461	0.00736	0.03296	0.01242	0.02572	0.74852	0.03047	0.04154	0.00668	0.00203	0.00293	0.04193	0.00440	0.00398
33	0.00694	0.00467	0.00538	0.00538	0.00544	0.00473	0.00311	0.00706	0.00700	0.00939	0.01490	0.03041	0.01700	0.77683	0.07900	0.00485	0.00520	0.00682	0.00287	0.00299
34	0.01980	0.01076	0.01272	0.00975	0.01351	0.01093	0.00806	0.40532	0.01808	0.41727	0.01516	0.01387	0.00998	0.00583	0.00479	0.00146	0.00466	0.00455	0.00535	0.00813
35	0.01468	0.01282	0.01185	0.03299	0.03652	0.19496	0.00821	0.06539	0.39156	0.12797	0.03012	0.01557	0.02386	0.00604	0.00474	0.00149	0.00509	0.00479	0.00431	0.00704
36	0.00640	0.00447	0.00569	0.00645	0.00674	0.00431	0.00433	0.00713	0.00867	0.01152	0.02266	0.48638	0.02664	0.27253	0.01191	0.00282	0.00355	0.10021	0.00395	0.00363
37	0.01061	0.00875	0.01053	0.03154	0.03611	0.00697	0.00633	0.04066	0.01051	0.04102	0.00895	0.01031	0.00726	0.00375	0.00370	0.00081	0.00377	0.00303	0.00297	0.75244
38	0.01581	0.01053	0.01397	0.13767	0.08668	0.01117	0.04248	0.26695	0.10006	0.22524	0.03142	0.01425	0.01027	0.00560	0.00485	0.00150	0.00505	0.00470	0.00437	0.00743
39	0.01192	0.05713	0.02777	0.00943	0.01183	0.12687	0.00744	0.09008	0.35779	0.01769	0.06646	0.16268	0.01711	0.00775	0.00494	0.00156	0.00449	0.00645	0.00424	0.00638

[dist]
# distance from previous block
# <min> <max>
0	6

[block]
# block no. 4 follows, 53 sequences, length 44
# corresponding to MSA columns:
# 376-397,399-420
name=unknown_E
#
# <colnr> <probs for GDERKNQSTAVLIFYWHMCP>
#	G	D	E	R	K	N	Q	S	T	A	V	L	I	F	Y	W	H	M	C	P
0	0.01150	0.05603	0.01614	0.06302	0.33565	0.04688	0.05024	0.06361	0.05921	0.02572	0.02590	0.09109	0.03745	0.00635	0.00598	0.00155	0.08879	0.00541	0.00298	0.00650
1	0.00656	0.00478	0.00562	0.00550	0.00674	0.00431	0.00409	0.00838	0.01201	0.01652	0.41986	0.08796	0.28933	0.01043	0.00543	0.00153	0.00234	0.00899	0.09532	0.00431
2	0.03516	0.03000	0.07948	0.01060	0.05504	0.01000	0.03879	0.11957	0.03788	0.01726	0.00900	0.01058	0.00725	0.00470	0.00540	0.00117	0.10208	0.00351	0.00296	0.41956
3	0.01375	0.00851	0.01142	0.12650	0.01481	0.00839	0.03393	0.13841	0.02777	0.24421	0.18578	0.01904	0.01732	0.00635	0.00489	0.00142	0.00427	0.01844	0.00450	0.11028
4	0.01257	0.10620	0.16464	0.07562	0.30041	0.05460	0.09488	0.04652	0.01137	0.07467	0.00945	0.01137	0.00728	0.00452	0.00460	0.00142	0.00619	0.00406	0.00262	0.00700
5	0.00923	0.00795	0.01087	0.08260	0.01330	0.02085	0.09147	0.02824	0.22217	0.01691	0.19518	0.10033	0.06244	0.00853	0.00541	0.00166	0.00411	0.08940	0.02374	0.00560
6	0.00774	0.00612	0.00665	0.00612	0.00791	0.00580	0.00469	0.10797	0.03944	0.01688	0.22639	0.05324	0.47218	0.01058	0.00552	0.00157	0.00280	0.00890	0.00470	0.00479
7	0.01450	0.01089	0.03430	0.03948	0.03916	0.07079	0.14423	0.05663	0.02201	0.25814	0.03500	0.05102	0.01096	0.02896	0.00709	0.00166	0.12651	0.00513	0.00378	0.03977
8	0.00977	0.06908	0.09695	0.08597	0.07332	0.14537	0.00878	0.01197	0.02923	0.01292	0.01661	0.34673	0.01793	0.00931	0.00518	0.00164	0.00506	0.04568	0.00331	0.00520
9	0.01034	0.00508	0.00538	0.00504	0.00647	0.00503	0.00386	0.03841	0.01077	0.08823	0.01574	0.01747	0.01207	0.00561	0.00352	0.00116	0.00249	0.00448	0.75394	0.00491
10	0.01096	0.01256	0.15384	0.41703	0.05188	0.01132	0.11233	0.10170	0.03077	0.03774	0.00958	0.01235	0.00702	0.00481	0.00485	0.00156	0.00643	0.00435	0.00263	0.00629
11	0.00940	0.00888	0.01501	0.71450	0.13602	0.01072	0.01346	0.01254	0.00973	0.01267	0.00856	0.01262	0.00653	0.00471	0.00477	0.00157	0.00628	0.00425	0.00216	0.00561
12	0.00583	0.00421	0.00553	0.00655	0.00691	0.00390	0.00440	0.00671	0.00932	0.01237	0.04213	0.77412	0.07089	0.01473	0.00607	0.00192	0.00275	0.01332	0.00445	0.00390
13	0.03181	0.00817	0.00875	0.00778	0.01009	0.00883	0.00610	0.10308	0.31851	0.08010	0.03255	0.03295	0.08394	0.00689	0.00455	0.00147	0.00342	0.02044	0.22424	0.00633
14	0.01043	0.00846	0.00967	0.01967	0.03243	0.07919	0.00692	0.07866	0.01223	0.07651	0.24188	0.16150	0.06432	0.00940	0.00704	0.00167	0.13208	0.03847	0.00418	0.00527
15	0.00974	0.02367	0.73803	0.01420	0.02107	0.01119	0.08583	0.01515	0.01020	0.01515	0.00867	0.01034	0.00616	0.00450	0.00464	0.00152	0.00715	0.00372	0.00205	0.00701
16	0.00750	0.00444	0.00563	0.00563	0.00563	0.00444	0.00341	0.00666	0.00666	0.00888	0.01231	0.02447	0.01369	0.50052	0.02203	0.35276	0.00444	0.00581	0.00256	0.00256
17	0.00943	0.01002	0.07941	0.01443	0.07124	0.00853	0.30665	0.01230	0.01064	0.03655	0.01691	0.22313	0.01721	0.00860	0.00576	0.00178	0.00569	0.15275	0.00336	0.00560
18	0.01333	0.01058	0.01298	0.01108	0.01239	0.09880	0.03032	0.01464	0.00983	0.19902	0.01184	0.10875	0.01060	0.00807	0.01046	0.00182	0.42097	0.00536	0.00332	0.00582
19	0.00797	0.00524	0.00768	0.00750	0.00845	0.00585	0.00575	0.00932	0.00796	0.06670	0.01304	0.01899	0.01198	0.07621	0.65731	0.06670	0.01113	0.00513	0.00278	0.00431
20	0.00740	0.00498	0.00626	0.00606	0.00732	0.00448	0.00449	0.00917	0.01225	0.07163	0.45819	0.17317	0.19490	0.01088	0.00566	0.00160	0.00250	0.00952	0.00500	0.00456
21	0.00850	0.00584	0.00639	0.00591	0.00786	0.00522	0.00462	0.06356	0.01210	0.10356	0.06621	0.03972	0.57751	0.01081	0.00549	0.00160	0.00289	0.04595	0.02144	0.00482
22	0.01307	0.02317	0.03602	0.24963	0.10724	0.00943	0.00991	0.05307	0.06639	0.22626	0.10822	0.01701	0.02743	0.00599	0.00514	0.00153	0.02496	0.00506	0.00389	0.00655
23	0.01628	0.01266	0.08309	0.01038	0.01411	0.03420	0.00898	0.31849	0.24080	0.18732	0.01494	0.01410	0.01052	0.00586	0.00478	0.00150	0.00484	0.00462	0.00473	0.00780
24	0.06379	0.01083	0.01532	0.30184	0.16707	0.07017	0.03800	0.01318	0.00941	0.01328	0.00779	0.01130	0.00651	0.00569	0.00783	0.00167	0.24424	0.00409	0.00225	0.00575
25	0.01787	0.01068	0.01276	0.01090	0.06512	0.01102	0.00831	0.40993	0.01760	0.28830	0.01470	0.05484	0.01068	0.00616	0.00480	0.00146	0.00464	0.00495	0.03752	0.00774
26	0.00593	0.00424	0.00565	0.00666	0.00701	0.00396	0.00451	0.00689	0.00949	0.01272	0.07952	0.75795	0.03245	0.01458	0.00608	0.00192	0.00277	0.02924	0.00449	0.00394
27	0.00933	0.00881	0.01477	0.73125	0.07999	0.01073	0.02643	0.01285	0.03509	0.01273	0.00890	0.01285	0.00673	0.00479	0.00479	0.00158	0.00627	0.00431	0.00223	0.00554
28	0.01173	0.01126	0.01923	0.05616	0.77613	0.01133	0.01462	0.01459	0.01084	0.01550	0.00897	0.01186	0.00753	0.00428	0.00473	0.00143	0.00570	0.00426	0.00236	0.00749
29	0.00990	0.00741	0.00873	0.00773	0.00963	0.00770	0.00609	0.17707	0.11241	0.02127	0.48012	0.02958	0.03218	0.00874	0.00543	0.00155	0.00324	0.06051	0.00505	0.00566
30	0.00695	0.00463	0.00521	0.00521	0.00521	0.00463	0.00290	0.00695	0.00695	0.00927	0.01506	0.03128	0.01738	0.83203	0.02433	0.00463	0.00463	0.00695	0.00290	0.00290
31	0.00604	0.00451	0.00558	0.00604	0.00684	0.00409	0.00423	0.00730	0.01062	0.01407	0.22602	0.42825	0.21680	0.02890	0.00623	0.00181	0.00260	0.01138	0.00461	0.00406
32	0.07739	0.01310	0.01383	0.01067	0.01443	0.01454	0.00881	0.73232	0.02147	0.02952	0.01114	0.01122	0.00792	0.00565	0.00465	0.00144	0.00515	0.00418	0.00465	0.00792
33	0.00586	0.00485	0.00513	0.00506	0.00658	0.00412	0.00380	0.00727	0.01139	0.01409	0.19002	0.04406	0.65794	0.01167	0.00565	0.00159	0.00239	0.00982	0.00459	0.00412
34	0.01183	0.01136	0.01940	0.02934	0.80221	0.01136	0.01467	0.01467	0.01088	0.01562	0.00899	0.01183	0.00757	0.00426	0.00473	0.00142	0.00568	0.00426	0.00237	0.00757
35	0.86579	0.00924	0.00702	0.00629	0.00924	0.01072	0.00518	0.01405	0.00813	0.02144	0.00666	0.00776	0.00518	0.00444	0.00296	0.00148	0.00370	0.00259	0.00296	0.00518
36	0.00609	0.00489	0.00561	0.00555	0.00690	0.00447	0.00417	0.00754	0.01073	0.01365	0.17922	0.03912	0.50739	0.03829	0.14224	0.00270	0.00420	0.00890	0.00423	0.00413
37	0.00683	0.00512	0.00768	0.00768	0.00853	0.00597	0.00597	0.00853	0.00768	0.01110	0.01280	0.01878	0.01195	0.03585	0.81308	0.00768	0.01280	0.00512	0.00256	0.00427
38	0.00686	0.00501	0.00710	0.00710	0.00776	0.00566	0.00525	0.00816	0.00751	0.01067	0.01333	0.02170	0.01322	0.22225	0.62841	0.00697	0.01089	0.00555	0.00264	0.00395
39	0.01116	0.01372	0.08264	0.01969	0.02468	0.01202	0.73125	0.01530	0.01120	0.01530	0.00959	0.01270	0.00717	0.00406	0.00556	0.00160	0.00799	0.00549	0.00239	0.00649
40	0.01948	0.00764	0.01028	0.00804	0.01136	0.00666	0.00658	0.02139	0.01341	0.69228	0.07642	0.01782	0.01432	0.00618	0.00477	0.00146	0.00380	0.00507	0.06544	0.00761
41	0.01102	0.05475	0.55767	0.01263	0.01835	0.10247	0.01470	0.01720	0.13651	0.01537	0.01011	0.01107	0.00744	0.00488	0.00451	0.00148	0.00663	0.00374	0.00253	0.00693
42	0.00612	0.00483	0.00547	0.00537	0.00670	0.00423	0.00398	0.00767	0.01172	0.01516	0.33188	0.07277	0.46142	0.03395	0.00618	0.00167	0.00243	0.00959	0.00471	0.00418
43	0.03409	0.03043	0.08580	0.01712	0.21805	0.00981	0.22343	0.01297	0.01034	0.01473	0.01262	0.12178	0.01215	0.02937	0.00593	0.00166	0.02546	0.06560	0.00283	0.06585

[dist]
# distance from previous block
# <min> <max>
2	7

[block]
# block no. 5 follows, 53 sequences, length 13
# corresponding to MSA columns:
# 429-441
name=unknown_F
#
# <colnr> <probs for GDERKNQSTAVLIFYWHMCP>
#	G	D	E	R	K	N	Q	S	T	A	V	L	I	F	Y	W	H	M	C	P
0	0.01050	0.11153	0.09544	0.07495	0.12166	0.01045	0.00943	0.02907	0.17324	0.01561	0.01440	0.03890	0.05738	0.00587	0.00449	0.00136	0.00465	0.04337	0.00321	0.17448
1	0.00623	0.00483	0.00567	0.00553	0.00683	0.00427	0.00412	0.00796	0.01216	0.01608	0.43260	0.08042	0.37399	0.01105	0.00567	0.00157	0.00235	0.00952	0.00486	0.00427
2	0.01038	0.00888	0.01041	0.12916	0.01450	0.01020	0.00793	0.01996	0.52075	0.01775	0.06098	0.10303	0.01733	0.00757	0.00510	0.00167	0.00401	0.03943	0.00442	0.00655
3	0.00805	0.00422	0.00610	0.00610	0.00625	0.00414	0.00410	0.00629	0.00667	0.00874	0.01211	0.01752	0.08355	0.01618	0.01744	0.77929	0.00399	0.00472	0.00230	0.00226
4	0.00579	0.00444	0.00532	0.00595	0.00676	0.00396	0.00414	0.00682	0.00997	0.01274	0.06451	0.50543	0.31960	0.01370	0.00591	0.00180	0.00262	0.01209	0.00447	0.00396
5	0.00888	0.00816	0.07014	0.00764	0.00986	0.00721	0.00646	0.04758	0.19531	0.03785	0.34536	0.03035	0.16493	0.00884	0.00534	0.00157	0.00326	0.03093	0.00474	0.00559
6	0.07745	0.00991	0.01003	0.00751	0.01149	0.08333	0.00596	0.01286	0.01012	0.01566	0.00825	0.00962	0.00684	0.00374	0.00357	0.00082	0.00403	0.00284	0.00281	0.71315
7	0.00848	0.00748	0.01054	0.00959	0.00996	0.00973	0.00764	0.00969	0.00743	0.01106	0.01012	0.01648	0.01002	0.11703	0.35979	0.00480	0.37831	0.00491	0.00239	0.00454
8	0.01298	0.01165	0.07567	0.06601	0.14393	0.08587	0.05663	0.08415	0.03306	0.14421	0.01299	0.10365	0.01110	0.00885	0.07109	0.00206	0.06084	0.00540	0.00343	0.00643
9	0.00700	0.00500	0.00628	0.08296	0.00829	0.00518	0.00427	0.00759	0.00782	0.01043	0.05071	0.10439	0.03623	0.58129	0.05978	0.00404	0.00489	0.00737	0.00309	0.00338
10	0.16260	0.01110	0.01322	0.01034	0.01378	0.07770	0.13258	0.14592	0.06529	0.10123	0.06172	0.01325	0.01047	0.00517	0.00440	0.00136	0.00497	0.00431	0.02829	0.13230
11	0.00951	0.00998	0.04853	0.01339	0.01592	0.00985	0.33745	0.01224	0.03299	0.01296	0.01112	0.01759	0.01025	0.19693	0.12457	0.00321	0.12016	0.00557	0.00256	0.00523
12	0.01166	0.11720	0.07215	0.13083	0.13241	0.11421	0.08949	0.03836	0.05617	0.01468	0.08920	0.01364	0.01101	0.00551	0.00569	0.00148	0.08293	0.00449	0.00277	0.00614

[dist]
# distance from previous block
# <min> <max>
0	2

[block]
# block no. 6 follows, 53 sequences, length 33
# corresponding to MSA columns:
# 444-474,476,477
name=unknown_G
#
# <colnr> <probs for GDERKNQSTAVLIFYWHMCP>
#	G	D	E	R	K	N	Q	S	T	A	V	L	I	F	Y	W	H	M	C	P
0	0.00933	0.00803	0.02761	0.06919	0.01192	0.00858	0.02753	0.08361	0.06288	0.03113	0.23063	0.09532	0.10548	0.03090	0.00773	0.00174	0.15271	0.00704	0.00397	0.02467
1	0.07206	0.00942	0.01114	0.04995	0.09161	0.02828	0.00736	0.05403	0.09403	0.04438	0.05197	0.01256	0.00996	0.00461	0.00406	0.00109	0.00409	0.00376	0.00330	0.44234
2	0.13986	0.13635	0.05799	0.04231	0.01373	0.04864	0.04646	0.11666	0.14537	0.05463	0.06024	0.01398	0.03383	0.00573	0.00489	0.00145	0.04683	0.00436	0.00352	0.02320
3	0.01227	0.60139	0.15628	0.00939	0.01372	0.06549	0.00983	0.01450	0.01008	0.01210	0.00806	0.01071	0.00731	0.00472	0.00359	0.00118	0.00562	0.04540	0.00220	0.00616
4	0.00667	0.00488	0.00626	0.00591	0.00708	0.00447	0.00444	0.00884	0.01331	0.01864	0.73603	0.03658	0.10909	0.00997	0.00564	0.00151	0.00227	0.00877	0.00519	0.00447
5	0.01278	0.83490	0.02505	0.00818	0.01227	0.01891	0.00818	0.01431	0.00971	0.01125	0.00664	0.00767	0.00613	0.00409	0.00307	0.00102	0.00511	0.00256	0.00204	0.00613
6	0.00675	0.00474	0.00589	0.00598	0.00634	0.00488	0.00391	0.00739	0.00774	0.01049	0.04232	0.09827	0.05832	0.48932	0.22258	0.00492	0.00637	0.00728	0.00310	0.00344
7	0.03396	0.01031	0.01495	0.49137	0.18534	0.05278	0.01251	0.07384	0.05126	0.01491	0.00928	0.01237	0.00713	0.00483	0.00470	0.00152	0.00606	0.00421	0.00256	0.00611
8	0.00636	0.00514	0.00568	0.00550	0.00700	0.00460	0.00414	0.00856	0.05200	0.01544	0.30661	0.04099	0.49890	0.01101	0.00560	0.00158	0.00243	0.00935	0.00474	0.00438
9	0.00760	0.00543	0.00758	0.00868	0.00974	0.00541	0.00752	0.00972	0.01090	0.01419	0.02537	0.09750	0.02774	0.01330	0.00657	0.00219	0.00431	0.72750	0.00440	0.00437
10	0.10749	0.00876	0.01038	0.03094	0.05530	0.02602	0.00728	0.17147	0.03004	0.17228	0.01639	0.25223	0.01543	0.00899	0.02228	0.00176	0.04559	0.00694	0.00427	0.00616
11	0.01239	0.01107	0.01096	0.00974	0.01239	0.07046	0.00760	0.08506	0.60665	0.01957	0.01965	0.01842	0.06663	0.00672	0.00506	0.00159	0.01881	0.00544	0.00460	0.00718
12	0.00695	0.00463	0.00521	0.00521	0.00521	0.00463	0.00290	0.00695	0.00695	0.00927	0.01506	0.03128	0.01738	0.83203	0.02433	0.00463	0.00463	0.00695	0.00290	0.00290
13	0.05566	0.00573	0.00690	0.00675	0.00808	0.00565	0.00499	0.01127	0.10152	0.06525	0.35722	0.26559	0.06599	0.01050	0.00549	0.00165	0.00278	0.00922	0.00485	0.00491
14	0.01032	0.15996	0.58766	0.01344	0.01975	0.01253	0.10247	0.01502	0.01016	0.01450	0.00837	0.01000	0.00620	0.00441	0.00442	0.00144	0.00685	0.00360	0.00207	0.00684
15	0.00678	0.00457	0.00528	0.00544	0.00550	0.00452	0.00315	0.00695	0.00739	0.00987	0.03115	0.14675	0.01995	0.69867	0.02135	0.00419	0.00432	0.00794	0.00316	0.00307
16	0.00753	0.00560	0.00795	0.00775	0.00874	0.00644	0.00599	0.05611	0.00855	0.01216	0.01285	0.01902	0.01202	0.07824	0.71972	0.00713	0.01189	0.00517	0.00272	0.00443
17	0.01132	0.01215	0.11604	0.03512	0.03268	0.04078	0.09082	0.06625	0.35862	0.01816	0.03373	0.01854	0.03941	0.00633	0.00491	0.00157	0.00491	0.04564	0.05629	0.00673
18	0.01067	0.00901	0.00977	0.00872	0.01115	0.00995	0.00680	0.05291	0.51201	0.01905	0.11353	0.02278	0.10441	0.00746	0.00524	0.00157	0.02155	0.01817	0.00469	0.05057
19	0.00629	0.00449	0.00608	0.00719	0.00767	0.00429	0.00525	0.00746	0.00961	0.01272	0.02609	0.63606	0.03059	0.01453	0.00623	0.00201	0.00318	0.20182	0.00443	0.00401
20	0.00714	0.00490	0.00701	0.00740	0.00819	0.00457	0.03615	0.00840	0.01005	0.05723	0.09882	0.61687	0.03051	0.01340	0.00600	0.00188	0.00313	0.06952	0.00451	0.00432
21	0.69673	0.00953	0.00848	0.00728	0.01024	0.01091	0.02110	0.05446	0.02593	0.07172	0.00800	0.00893	0.00604	0.00480	0.00380	0.00151	0.03869	0.00301	0.00323	0.00560
22	0.00695	0.00463	0.00521	0.00521	0.00521	0.00463	0.00290	0.00695	0.00695	0.00927	0.01506	0.03128	0.01738	0.83203	0.02433	0.00463	0.00463	0.00695	0.00290	0.00290
23	0.00740	0.00538	0.00661	0.00618	0.00758	0.00506	0.00467	0.01033	0.07198	0.04138	0.59659	0.03544	0.16366	0.00979	0.00556	0.00153	0.00245	0.00852	0.00512	0.00477
24	0.01604	0.01993	0.01230	0.01140	0.01351	0.68825	0.00845	0.01718	0.01280	0.01168	0.00995	0.10942	0.00962	0.03265	0.00517	0.00143	0.00778	0.00448	0.00272	0.00525
25	0.00692	0.00475	0.00578	0.00578	0.00598	0.00494	0.00361	0.00732	0.00712	0.00969	0.01454	0.02840	0.01613	0.64864	0.20600	0.00534	0.00652	0.00653	0.00282	0.00321
26	0.01082	0.00958	0.01611	0.46629	0.29298	0.01078	0.02665	0.01376	0.01023	0.06202	0.00926	0.01259	0.00713	0.00475	0.00506	0.00154	0.02742	0.00431	0.00244	0.00627
27	0.00582	0.00418	0.00553	0.00660	0.00692	0.00389	0.00441	0.00666	0.00920	0.01222	0.02697	0.80662	0.05349	0.01489	0.00609	0.00193	0.00276	0.01349	0.00444	0.00389
28	0.00684	0.00508	0.00746	0.00746	0.00823	0.00585	0.00569	0.00839	0.00761	0.01093	0.01301	0.01992	0.01245	0.10866	0.74095	0.00740	0.01206	0.00529	0.00259	0.00414
29	0.01228	0.01126	0.01465	0.01309	0.06196	0.05059	0.06173	0.06099	0.20570	0.05372	0.01092	0.01280	0.00887	0.00692	0.00995	0.00179	0.38867	0.00458	0.00318	0.00636
30	0.06827	0.09540	0.03316	0.01008	0.01359	0.04765	0.00849	0.48561	0.09243	0.02441	0.01285	0.04252	0.03243	0.00603	0.00455	0.00143	0.00502	0.00457	0.00421	0.00728
31	0.00744	0.00665	0.06986	0.00701	0.00855	0.00521	0.00563	0.04747	0.01073	0.04959	0.06159	0.45017	0.22733	0.01231	0.00572	0.00176	0.00319	0.01081	0.00436	0.00461
32	0.26511	0.01894	0.06028	0.01063	0.01352	0.52933	0.00857	0.01737	0.01175	0.01476	0.00725	0.00846	0.00586	0.00476	0.00393	0.00132	0.00709	0.00296	0.00258	0.00553

[dist]
# distance from previous block
# <min> <max>
0	14

[block]
# block no. 7 follows, 53 sequences, length 12
# corresponding to MSA columns:
# 492-503
name=unknown_H
#
# <colnr> <probs for GDERKNQSTAVLIFYWHMCP>
#	G	D	E	R	K	N	Q	S	T	A	V	L	I	F	Y	W	H	M	C	P
0	0.00606	0.00433	0.00579	0.00677	0.00719	0.00407	0.00470	0.00712	0.00969	0.01299	0.09530	0.69697	0.03249	0.01437	0.00610	0.00192	0.00286	0.07281	0.00451	0.00398
1	0.01007	0.00863	0.01238	0.07329	0.10003	0.04056	0.06106	0.01198	0.01030	0.06906	0.17368	0.03590	0.05038	0.06219	0.06712	0.00229	0.19651	0.00589	0.00331	0.00535
