[name]
unknown

[dist]
# distance from previous block
# <min> <max>
0	112

[block]
# block no. 0 follows, 57 sequences, length 35
# corresponding to MSA columns:
# 132-166
name=unknown_A
#
# <colnr> <probs for GDERKNQSTAVLIFYWHMCP>
#	G	D	E	R	K	N	Q	S	T	A	V	L	I	F	Y	W	H	M	C	P
0	0.00730	0.00522	0.00730	0.00835	0.00939	0.00522	0.00730	0.00939	0.01043	0.01356	0.02399	0.05111	0.02608	0.01252	0.00626	0.00209	0.00417	0.78199	0.00417	0.00417
1	0.00641	0.00463	0.00606	0.00570	0.00677	0.00428	0.00428	0.00855	0.01283	0.01817	0.81009	0.03385	0.04276	0.00926	0.00534	0.00143	0.00214	0.00819	0.00499	0.00428
2	0.00862	0.00812	0.01371	0.81052	0.05005	0.01008	0.01262	0.01163	0.00909	0.01166	0.00807	0.01206	0.00607	0.00452	0.00453	0.00151	0.00602	0.00403	0.00202	0.00509
3	0.01019	0.00702	0.00803	0.00690	0.00898	0.00695	0.00545	0.20388	0.03218	0.09282	0.29544	0.02912	0.24445	0.00859	0.00507	0.00145	0.00311	0.02029	0.00469	0.00538
4	0.74940	0.00962	0.00764	0.00664	0.00952	0.03693	0.00545	0.10110	0.00940	0.02095	0.00684	0.00778	0.00525	0.00436	0.00304	0.00139	0.00382	0.00265	0.00298	0.00523
5	0.01117	0.01335	0.22941	0.05531	0.01504	0.01087	0.01009	0.04572	0.48083	0.05673	0.01480	0.01438	0.01088	0.00551	0.00452	0.00150	0.00462	0.00452	0.00378	0.00697
6	0.00607	0.00451	0.00586	0.00665	0.00705	0.00452	0.00458	0.00755	0.05236	0.01205	0.02367	0.74429	0.02778	0.01334	0.00603	0.00181	0.03588	0.01194	0.02015	0.00393
7	0.00968	0.00822	0.00955	0.00685	0.01086	0.00633	0.00549	0.04000	0.00983	0.01527	0.00816	0.00945	0.00675	0.00343	0.00340	0.00070	0.00342	0.00274	0.00275	0.83714
8	0.00992	0.00741	0.00842	0.00798	0.00962	0.01895	0.00626	0.14667	0.17149	0.03878	0.01950	0.11174	0.04868	0.15160	0.00835	0.00217	0.00405	0.21913	0.00410	0.00519
9	0.00856	0.00805	0.01359	0.82986	0.03121	0.01007	0.01258	0.01158	0.00906	0.01158	0.00805	0.01208	0.00604	0.00453	0.00453	0.00151	0.00604	0.00403	0.00201	0.00503
10	0.00575	0.00415	0.00547	0.00647	0.00682	0.00395	0.00440	0.00692	0.03125	0.01185	0.02475	0.78595	0.02937	0.01391	0.00577	0.00184	0.00271	0.04064	0.00422	0.00380
11	0.00582	0.00418	0.00549	0.00644	0.00679	0.00398	0.00441	0.00691	0.02573	0.01172	0.02424	0.72752	0.02870	0.05450	0.00664	0.00198	0.00284	0.06423	0.00414	0.00374
12	0.01891	0.00789	0.01024	0.00794	0.01123	0.00718	0.00653	0.09897	0.01349	0.66226	0.01689	0.01510	0.01090	0.00556	0.00443	0.00137	0.00381	0.00448	0.08544	0.00739
13	0.00730	0.00441	0.00587	0.00647	0.00716	0.00404	0.00448	0.00821	0.00924	0.10825	0.02471	0.71672	0.04955	0.01309	0.00562	0.00178	0.00277	0.01179	0.00437	0.00417
14	0.01064	0.23199	0.22107	0.12672	0.18874	0.01266	0.03415	0.01358	0.00946	0.03174	0.00781	0.00990	0.00629	0.00448	0.00490	0.00135	0.07271	0.00348	0.00211	0.00621
15	0.00675	0.00523	0.00776	0.00765	0.00841	0.00625	0.00603	0.00834	0.00736	0.01064	0.01207	0.01830	0.01141	0.03140	0.73789	0.00673	0.07153	0.02968	0.00245	0.00412
16	0.87276	0.00876	0.00666	0.00596	0.00876	0.01017	0.00491	0.01332	0.00771	0.02033	0.00631	0.00736	0.00491	0.00421	0.00280	0.00140	0.00351	0.00245	0.00280	0.00491
17	0.01987	0.00758	0.01027	0.00791	0.01133	0.00657	0.00653	0.02164	0.01284	0.78492	0.01776	0.01548	0.01123	0.00560	0.00450	0.00139	0.00379	0.00454	0.03867	0.00758
18	0.01250	0.77995	0.02295	0.00799	0.01181	0.04000	0.00782	0.05218	0.00990	0.01155	0.00654	0.00747	0.00591	0.00398	0.00302	0.00099	0.00494	0.00252	0.00208	0.00589
19	0.00553	0.00427	0.00510	0.00562	0.00646	0.00385	0.00396	0.00656	0.00948	0.01210	0.06880	0.44535	0.34725	0.01366	0.03829	0.00191	0.00285	0.01100	0.00417	0.00378
20	0.00705	0.00520	0.00645	0.00609	0.00730	0.00509	0.00458	0.01042	0.10768	0.01796	0.65162	0.06201	0.03749	0.00891	0.00518	0.00144	0.00233	0.00784	0.04076	0.00460
21	0.00691	0.00451	0.00664	0.00664	0.00717	0.00496	0.00490	0.00723	0.00691	0.00963	0.01207	0.01775	0.04226	0.04794	0.49114	0.30420	0.00871	0.00477	0.00235	0.00329
22	0.34773	0.00877	0.00823	0.00718	0.00972	0.00993	0.00575	0.14133	0.21528	0.02064	0.01179	0.01221	0.00894	0.00511	0.00362	0.00136	0.00350	0.00374	0.16935	0.00581
23	0.00924	0.01763	0.50720	0.01083	0.01652	0.00893	0.03165	0.01330	0.00953	0.01450	0.00813	0.00957	0.00612	0.00395	0.00399	0.00116	0.00552	0.00316	0.00220	0.31687
24	0.00909	0.02344	0.81727	0.01292	0.01961	0.01052	0.01674	0.01435	0.00957	0.01435	0.00813	0.00957	0.00574	0.00431	0.00431	0.00144	0.00670	0.00335	0.00191	0.00670
25	0.00666	0.00537	0.00607	0.00632	0.00755	0.00528	0.00464	0.00998	0.16352	0.01335	0.03159	0.33920	0.32246	0.01152	0.00542	0.00168	0.00276	0.04789	0.00428	0.00444
26	0.00575	0.00461	0.00514	0.00500	0.00636	0.00399	0.00375	0.00727	0.01126	0.01445	0.33046	0.03997	0.52471	0.01065	0.00535	0.00149	0.00224	0.00905	0.00450	0.00399
27	0.01211	0.84348	0.02374	0.00775	0.01163	0.01793	0.00775	0.01357	0.00921	0.01066	0.00630	0.00727	0.00582	0.00388	0.00291	0.00097	0.00485	0.00242	0.00194	0.00582
28	0.00903	0.00832	0.01359	0.12565	0.22297	0.00924	0.08376	0.01075	0.00874	0.01212	0.01223	0.06157	0.07108	0.04052	0.05549	0.08005	0.16218	0.00521	0.00244	0.00509
29	0.03282	0.01008	0.01583	0.08727	0.51138	0.01019	0.01177	0.08051	0.01158	0.16865	0.01042	0.01197	0.00785	0.00450	0.00447	0.00137	0.00507	0.00410	0.00307	0.00710
30	0.00606	0.00454	0.00567	0.00636	0.00723	0.00422	0.00486	0.00732	0.00962	0.01227	0.03053	0.32737	0.26251	0.04590	0.00649	0.00192	0.00307	0.24608	0.00414	0.00384
31	0.00635	0.00451	0.00542	0.00573	0.00677	0.00401	0.00415	0.00752	0.01006	0.05210	0.11602	0.36315	0.34225	0.01210	0.00553	0.00166	0.00257	0.04174	0.00436	0.00402
32	0.25949	0.01037	0.04650	0.14719	0.17851	0.01064	0.16889	0.01387	0.02869	0.04167	0.00834	0.01059	0.00645	0.00443	0.00469	0.00147	0.04598	0.00386	0.00252	0.00585
33	0.03700	0.00796	0.00868	0.00728	0.00968	0.00842	0.00581	0.21713	0.13749	0.15090	0.01462	0.01484	0.01071	0.00548	0.00396	0.00128	0.00341	0.00433	0.34486	0.00617
34	0.01053	0.03677	0.14490	0.07421	0.17179	0.01066	0.08763	0.07427	0.20301	0.01628	0.05293	0.01513	0.04483	0.01783	0.00506	0.00149	0.01834	0.00475	0.00314	0.00644

[dist]
# distance from previous block
# <min> <max>
0	3

[block]
# block no. 1 follows, 57 sequences, length 15
# corresponding to MSA columns:
# 170-184
name=unknown_B
#
# <colnr> <probs for GDERKNQSTAVLIFYWHMCP>
#	G	D	E	R	K	N	Q	S	T	A	V	L	I	F	Y	W	H	M	C	P
0	0.00856	0.00805	0.01359	0.82986	0.03121	0.01007	0.01258	0.01158	0.00906	0.01158	0.00805	0.01208	0.00604	0.00453	0.00453	0.00151	0.00604	0.00403	0.00201	0.00503
1	0.00786	0.00694	0.01060	0.29698	0.06713	0.00767	0.03831	0.01058	0.03996	0.01425	0.26853	0.02323	0.11442	0.02750	0.00587	0.00157	0.04421	0.00617	0.00336	0.00484
2	0.00702	0.00789	0.12928	0.00748	0.02297	0.00584	0.00652	0.00948	0.03210	0.01490	0.34566	0.09858	0.12703	0.07166	0.02769	0.00188	0.03189	0.03264	0.00391	0.01559
3	0.01629	0.13104	0.01429	0.01115	0.01369	0.71541	0.00862	0.01749	0.01236	0.01103	0.00691	0.00805	0.00583	0.00456	0.00393	0.00114	0.00773	0.00285	0.00228	0.00533
4	0.01039	0.15384	0.25973	0.04436	0.06800	0.01047	0.02707	0.04188	0.04374	0.03346	0.03531	0.01071	0.00791	0.00428	0.00393	0.00116	0.00500	0.00343	0.00255	0.23279
5	0.01010	0.00811	0.07279	0.09937	0.06835	0.00724	0.00770	0.05822	0.01119	0.14955	0.15117	0.11386	0.14100	0.00865	0.02768	0.00167	0.04743	0.00664	0.00387	0.00543
6	0.00888	0.00758	0.00772	0.00762	0.00897	0.07842	0.00557	0.10011	0.15187	0.01496	0.03939	0.44502	0.08454	0.01061	0.00524	0.00164	0.00352	0.00927	0.00417	0.00492
7	0.46055	0.05429	0.03394	0.00967	0.06090	0.17677	0.02911	0.06972	0.01006	0.01752	0.00703	0.00830	0.00560	0.00449	0.00386	0.00135	0.03580	0.00292	0.00268	0.00545
8	0.01068	0.00873	0.00933	0.00844	0.01072	0.00990	0.00658	0.05000	0.60513	0.01889	0.08676	0.01911	0.01624	0.00648	0.00457	0.00149	0.00338	0.02703	0.08997	0.00656
9	0.00690	0.00548	0.00620	0.00595	0.00739	0.00528	0.00447	0.03580	0.11523	0.01558	0.29586	0.12355	0.33508	0.01013	0.00527	0.00152	0.00254	0.00871	0.00453	0.00453
10	0.01169	0.57905	0.18081	0.00970	0.01418	0.01581	0.06413	0.05554	0.01003	0.01261	0.00711	0.00826	0.00597	0.00404	0.00344	0.00112	0.00541	0.00290	0.00210	0.00611
11	0.00669	0.00447	0.00588	0.00591	0.00623	0.00472	0.00397	0.00699	0.00686	0.00938	0.01354	0.04548	0.03061	0.40253	0.29281	0.13553	0.00686	0.00583	0.00259	0.00312
12	0.00853	0.00746	0.02285	0.04175	0.00967	0.05014	0.00574	0.03832	0.20096	0.01665	0.34157	0.05296	0.11426	0.04508	0.00578	0.00159	0.00328	0.00694	0.02140	0.00507
13	0.05652	0.11089	0.14812	0.22592	0.10687	0.02394	0.01068	0.05104	0.02174	0.07070	0.04060	0.05003	0.00986	0.00593	0.01937	0.00153	0.00534	0.03229	0.00277	0.00585
14	0.04644	0.02192	0.08550	0.04032	0.20364	0.03739	0.02795	0.04309	0.05704	0.03282	0.03303	0.12209	0.03761	0.00606	0.00443	0.00133	0.00448	0.02004	0.00305	0.17177

[dist]
# distance from previous block
# <min> <max>
0	15

[block]
# block no. 2 follows, 57 sequences, length 9
# corresponding to MSA columns:
# 200-208
name=unknown_C
#
# <colnr> <probs for GDERKNQSTAVLIFYWHMCP>
#	G	D	E	R	K	N	Q	S	T	A	V	L	I	F	Y	W	H	M	C	P
0	0.23439	0.13358	0.23870	0.01045	0.04249	0.09176	0.02292	0.07092	0.05971	0.01626	0.00809	0.00920	0.00627	0.00456	0.00411	0.00135	0.03348	0.00318	0.00256	0.00602
1	0.01349	0.06609	0.01346	0.12013	0.05403	0.09052	0.02623	0.26176	0.14467	0.06120	0.02535	0.01311	0.00932	0.04590	0.00568	0.00154	0.03327	0.00427	0.00356	0.00644
2	0.00839	0.00579	0.00702	0.00621	0.00799	0.00527	0.00476	0.06975	0.01239	0.07932	0.41512	0.08975	0.16282	0.00881	0.00505	0.00139	0.00268	0.00760	0.00457	0.09530
3	0.00708	0.00601	0.00666	0.04623	0.00871	0.04580	0.00513	0.00957	0.06828	0.01478	0.30151	0.08308	0.28414	0.00991	0.00531	0.00155	0.00301	0.08453	0.00430	0.00438
4	0.00653	0.00437	0.00531	0.00543	0.00555	0.00443	0.00332	0.00669	0.00687	0.00925	0.01487	0.12078	0.01691	0.60153	0.11210	0.05829	0.00505	0.00695	0.00283	0.00295
5	0.00958	0.00890	0.01456	0.63253	0.02779	0.01057	0.08525	0.06786	0.07211	0.01362	0.00917	0.01239	0.00684	0.00465	0.00461	0.00150	0.00592	0.00424	0.00242	0.00549
6	0.00948	0.00803	0.00896	0.00882	0.03891	0.00886	0.00653	0.01811	0.51199	0.01681	0.05320	0.11919	0.10863	0.00814	0.00496	0.00159	0.00337	0.05391	0.00442	0.00608
7	0.01025	0.05806	0.01024	0.04897	0.01022	0.00955	0.00685	0.07130	0.00955	0.04527	0.01064	0.01317	0.00871	0.00684	0.02872	0.00159	0.28910	0.00403	0.35192	0.00501
8	0.02471	0.06167	0.05880	0.00837	0.02444	0.03876	0.02329	0.08074	0.01086	0.07345	0.00931	0.01100	0.00750	0.00412	0.00373	0.00094	0.00415	0.02462	0.00298	0.52656

[dist]
# distance from previous block
# <min> <max>
1	2

[block]
# block no. 3 follows, 57 sequences, length 69
# corresponding to MSA columns:
# 211-225,232-285
name=unknown_D
#
# <colnr> <probs for GDERKNQSTAVLIFYWHMCP>
#	G	D	E	R	K	N	Q	S	T	A	V	L	I	F	Y	W	H	M	C	P
0	0.00909	0.02344	0.81727	0.01292	0.01961	0.01052	0.01674	0.01435	0.00957	0.01435	0.00813	0.00957	0.00574	0.00431	0.00431	0.00144	0.00670	0.00335	0.00191	0.00670
1	0.06702	0.01012	0.03108	0.19319	0.33620	0.01057	0.03774	0.07781	0.10176	0.06081	0.01076	0.01255	0.02101	0.00472	0.00445	0.00142	0.00513	0.00421	0.00290	0.00654
2	0.29865	0.16132	0.01371	0.04391	0.07155	0.11360	0.03659	0.12329	0.02609	0.01716	0.00763	0.00890	0.00611	0.00450	0.00394	0.00130	0.03087	0.00312	0.00274	0.02502
3	0.01031	0.00987	0.01586	0.36203	0.39367	0.03392	0.02381	0.03650	0.01007	0.01359	0.00839	0.01162	0.00674	0.00504	0.02295	0.00156	0.02170	0.00404	0.00222	0.00611
4	0.00622	0.00441	0.00572	0.00594	0.00667	0.00419	0.00426	0.00776	0.01074	0.01513	0.40547	0.36490	0.04773	0.01105	0.00555	0.00158	0.01680	0.00982	0.06202	0.00403
5	0.00601	0.00462	0.00549	0.00527	0.00652	0.00410	0.00396	0.00776	0.01187	0.01589	0.51604	0.03760	0.33823	0.01011	0.00535	0.00147	0.00220	0.00872	0.00469	0.00410
6	0.00628	0.00433	0.00529	0.00555	0.00576	0.00430	0.00348	0.00677	0.00764	0.01033	0.07306	0.24495	0.02152	0.49717	0.08074	0.00373	0.00438	0.00825	0.00327	0.00321
7	0.01070	0.01222	0.02674	0.01910	0.02368	0.01146	0.79603	0.01451	0.01070	0.01451	0.00917	0.01222	0.00688	0.00382	0.00535	0.00153	0.00764	0.00535	0.00229	0.00611
8	0.00620	0.00471	0.00586	0.00646	0.00752	0.00436	0.00514	0.00769	0.01017	0.01292	0.07170	0.20431	0.30985	0.01231	0.00579	0.00180	0.00309	0.31192	0.00423	0.00395
9	0.87276	0.00876	0.00666	0.00596	0.00876	0.01017	0.00491	0.01332	0.00771	0.02033	0.00631	0.00736	0.00491	0.00421	0.00280	0.00140	0.00351	0.00245	0.00280	0.00491
10	0.01226	0.01023	0.01080	0.00942	0.01216	0.01173	0.00741	0.15277	0.67399	0.02055	0.01718	0.01590	0.01281	0.00603	0.00460	0.00151	0.00382	0.00495	0.00460	0.00726
11	0.03098	0.01071	0.01142	0.00899	0.01226	0.07726	0.00732	0.34730	0.01602	0.32087	0.01335	0.01274	0.00911	0.00535	0.00434	0.00132	0.00453	0.00411	0.07264	0.02939
12	0.01365	0.53516	0.04058	0.00903	0.01264	0.13872	0.00833	0.15564	0.01191	0.01405	0.00727	0.00816	0.00616	0.00435	0.00360	0.00110	0.01826	0.00284	0.00247	0.00608
13	0.05745	0.00830	0.02555	0.00775	0.02626	0.00668	0.00626	0.01600	0.01080	0.34427	0.01201	0.01181	0.00846	0.00436	0.00386	0.00104	0.00367	0.00348	0.00387	0.43813
14	0.06095	0.14163	0.33596	0.01036	0.01483	0.01021	0.07578	0.01420	0.02572	0.10776	0.09821	0.01495	0.04900	0.00537	0.00432	0.00138	0.00518	0.01512	0.00296	0.00610
15	0.00811	0.00726	0.01156	0.52418	0.07365	0.00854	0.01019	0.01100	0.04880	0.01207	0.01269	0.20341	0.01232	0.03041	0.00534	0.00166	0.00504	0.00620	0.00269	0.00490
16	0.02033	0.00771	0.01052	0.00806	0.01157	0.00666	0.00666	0.02208	0.01297	0.81562	0.01788	0.01542	0.01122	0.00561	0.00456	0.00140	0.00386	0.00456	0.00561	0.00771
17	0.00735	0.00465	0.00613	0.00635	0.00723	0.00433	0.00453	0.00893	0.02848	0.09063	0.27348	0.48528	0.03187	0.01163	0.00550	0.00166	0.00261	0.01042	0.00460	0.00433
18	0.01289	0.03190	0.11241	0.03662	0.19236	0.05152	0.19360	0.02898	0.05774	0.18299	0.01175	0.03613	0.00896	0.00494	0.00469	0.00143	0.00568	0.01556	0.00317	0.00667
19	0.01324	0.00630	0.00826	0.00688	0.00917	0.00569	0.00546	0.03225	0.02431	0.39011	0.36436	0.02428	0.04899	0.00737	0.00488	0.00141	0.00303	0.00628	0.03174	0.00598
20	0.10547	0.00782	0.01003	0.00782	0.01117	0.00709	0.00644	0.03829	0.01262	0.68857	0.04558	0.01518	0.01166	0.00560	0.00441	0.00140	0.00378	0.00447	0.00528	0.00730
21	0.01016	0.01076	0.05990	0.13130	0.42951	0.01018	0.17414	0.01311	0.01007	0.01403	0.01006	0.07016	0.00890	0.00497	0.00479	0.00146	0.00579	0.02199	0.00238	0.00633
22	0.00709	0.00568	0.00792	0.00996	0.13111	0.00555	0.00639	0.00923	0.05698	0.01319	0.05035	0.39348	0.11353	0.01136	0.00554	0.00174	0.00335	0.15904	0.00395	0.00456
23	0.00623	0.00456	0.00586	0.00574	0.00676	0.00419	0.00427	0.00812	0.01204	0.01673	0.62712	0.13130	0.10990	0.01014	0.00542	0.00150	0.00226	0.02889	0.00480	0.00416
24	0.03760	0.01391	0.33221	0.01135	0.06050	0.00846	0.07596	0.01511	0.01054	0.20175	0.02681	0.01492	0.04628	0.00526	0.00440	0.00140	0.00509	0.02164	0.10046	0.00635
25	0.05443	0.11854	0.01592	0.04088	0.11099	0.30430	0.10143	0.02643	0.01130	0.11156	0.00873	0.01001	0.00679	0.00458	0.00451	0.00128	0.03514	0.00354	0.00271	0.02691
26	0.01206	0.82324	0.02351	0.00785	0.01164	0.01783	0.00781	0.01350	0.00915	0.01067	0.00629	0.00733	0.00582	0.00398	0.00320	0.00099	0.02494	0.00246	0.00194	0.00579
27	0.00632	0.00463	0.00592	0.00560	0.00671	0.00423	0.00420	0.00836	0.01260	0.01762	0.73949	0.03475	0.11370	0.00947	0.00535	0.00143	0.00215	0.00832	0.00492	0.00423
28	0.01855	0.06539	0.01166	0.00839	0.01178	0.01966	0.00700	0.12358	0.02443	0.59752	0.01632	0.03177	0.01111	0.00581	0.00450	0.00139	0.00411	0.02456	0.00509	0.00737
29	0.61633	0.00849	0.00781	0.00662	0.00961	0.00922	0.00545	0.01600	0.02724	0.24131	0.00980	0.00982	0.00686	0.00464	0.00333	0.00141	0.00360	0.00310	0.00362	0.00574
30	0.00552	0.00456	0.00479	0.00480	0.00617	0.00389	0.00354	0.00673	0.01042	0.01277	0.13090	0.07292	0.66630	0.03920	0.00597	0.00163	0.00236	0.00944	0.00425	0.00383
31	0.01211	0.84348	0.02374	0.00775	0.01163	0.01793	0.00775	0.01357	0.00921	0.01066	0.00630	0.00727	0.00582	0.00388	0.00291	0.00097	0.00485	0.00242	0.00194	0.00582
32	0.00591	0.00450	0.00543	0.00544	0.00652	0.00402	0.00399	0.00749	0.01128	0.01507	0.42119	0.17575	0.29527	0.01085	0.00542	0.00153	0.00227	0.00946	0.00459	0.00402
33	0.01693	0.02160	0.01284	0.01167	0.01401	0.82256	0.00876	0.01809	0.01284	0.01109	0.00700	0.00817	0.00584	0.00467	0.00409	0.00117	0.00817	0.00292	0.00233	0.00525
34	0.00993	0.00588	0.00773	0.00787	0.00943	0.00580	0.00673	0.05679	0.01131	0.13232	0.02111	0.03901	0.02092	0.01013	0.00550	0.00181	0.00390	0.51969	0.11923	0.00490
35	0.87276	0.00876	0.00666	0.00596	0.00876	0.01017	0.00491	0.01332	0.00771	0.02033	0.00631	0.00736	0.00491	0.00421	0.00280	0.00140	0.00351	0.00245	0.00280	0.00491
36	0.00845	0.00422	0.00422	0.00422	0.00528	0.00422	0.00317	0.01056	0.00950	0.01689	0.01478	0.01689	0.01161	0.00528	0.00317	0.00106	0.00211	0.00422	0.86591	0.00422
37	0.00940	0.00805	0.00940	0.00671	0.01074	0.00604	0.00537	0.01141	0.00940	0.01477	0.00805	0.00940	0.00671	0.00336	0.00336	0.00067	0.00336	0.00268	0.00268	0.86845
38	0.01116	0.01075	0.01847	0.04250	0.78203	0.01077	0.02973	0.01388	0.01030	0.01474	0.00853	0.01125	0.00715	0.00404	0.00450	0.00135	0.00544	0.00406	0.00224	0.00712
39	0.02554	0.07689	0.23675	0.01106	0.07420	0.02918	0.01959	0.08385	0.01063	0.05403	0.00928	0.04604	0.00764	0.00481	0.00468	0.00122	0.05568	0.00373	0.00270	0.24249
40	0.00657	0.00448	0.00537	0.00537	0.00552	0.00463	0.00328	0.00687	0.00672	0.00910	0.01388	0.02748	0.01553	0.69264	0.16989	0.00492	0.00581	0.00627	0.00269	0.00298
41	0.01723	0.01269	0.01360	0.01043	0.01405	0.01405	0.00861	0.79738	0.02131	0.02856	0.01088	0.01088	0.00771	0.00544	0.00453	0.00136	0.00499	0.00408	0.00453	0.00771
42	0.00765	0.00628	0.00697	0.00680	0.00837	0.00650	0.00511	0.01296	0.28761	0.01528	0.13266	0.18714	0.25694	0.00988	0.00520	0.00159	0.00284	0.03074	0.00445	0.00504
43	0.01194	0.01018	0.01516	0.01787	0.35606	0.01102	0.04287	0.15155	0.03563	0.05714	0.03360	0.05341	0.02841	0.00591	0.00643	0.00150	0.14689	0.00483	0.00307	0.00654
44	0.72582	0.00899	0.00745	0.00645	0.00931	0.01025	0.00530	0.09383	0.00936	0.05222	0.00749	0.00832	0.00564	0.00442	0.00306	0.00139	0.00363	0.00276	0.02903	0.00528
45	0.85257	0.00881	0.00693	0.00647	0.02760	0.01018	0.00512	0.01333	0.00777	0.02020	0.00636	0.00745	0.00496	0.00420	0.00284	0.00140	0.00355	0.00249	0.00279	0.00496
46	0.00730	0.00522	0.00730	0.00835	0.00939	0.00522	0.00730	0.00939	0.01043	0.01356	0.02399	0.05111	0.02608	0.01252	0.00626	0.00209	0.00417	0.78199	0.00417	0.00417
47	0.87276	0.00876	0.00666	0.00596	0.00876	0.01017	0.00491	0.01332	0.00771	0.02033	0.00631	0.00736	0.00491	0.00421	0.00280	0.00140	0.00351	0.00245	0.00280	0.00491
48	0.01951	0.00789	0.01051	0.00810	0.01151	0.00702	0.00668	0.07029	0.01349	0.72997	0.05329	0.01597	0.01242	0.00576	0.00459	0.00140	0.00385	0.00469	0.00551	0.00756
49	0.03836	0.00833	0.02993	0.00839	0.01197	0.00712	0.02018	0.04392	0.01298	0.74317	0.01705	0.01492	0.01078	0.00551	0.00453	0.00140	0.00401	0.00448	0.00537	0.00760
50	0.00552	0.00394	0.00526	0.00631	0.00657	0.00368	0.00421	0.00631	0.00868	0.01157	0.02498	0.83779	0.02997	0.01420	0.00578	0.00184	0.00263	0.01288	0.00421	0.00368
51	0.00552	0.00394	0.00526	0.00631	0.00657	0.00368	0.00421	0.00631	0.00868	0.01157	0.02498	0.83779	0.02997	0.01420	0.00578	0.00184	0.00263	0.01288	0.00421	0.00368
52	0.04414	0.03417	0.04386	0.12707	0.14166	0.01128	0.04958	0.22651	0.14556	0.06124	0.01157	0.02749	0.00889	0.00637	0.03913	0.00167	0.00530	0.00439	0.00345	0.00666
53	0.01171	0.15669	0.11763	0.01502	0.19007	0.08497	0.11419	0.04495	0.16560	0.01497	0.01015	0.01138	0.00799	0.00460	0.00440	0.00134	0.01546	0.00396	0.01844	0.00651
54	0.00937	0.00812	0.00989	0.02389	0.01144	0.00637	0.02785	0.01175	0.03330	0.01474	0.00884	0.03118	0.00752	0.00376	0.00354	0.00077	0.00352	0.00312	0.00276	0.77828
55	0.01078	0.46607	0.34457	0.01014	0.01518	0.01444	0.03405	0.01386	0.00940	0.01237	0.00717	0.00840	0.00584	0.00403	0.00355	0.00117	0.00564	0.00289	0.00196	0.02849
56	0.00974	0.00900	0.01443	0.12831	0.48070	0.00933	0.01120	0.01299	0.07878	0.01413	0.01349	0.13933	0.04670	0.00617	0.00474	0.00147	0.00476	0.00572	0.00280	0.00621
57	0.00870	0.00504	0.00623	0.00603	0.00750	0.00443	0.00447	0.00996	0.01061	0.18259	0.11917	0.30442	0.29159	0.01090	0.00533	0.00160	0.00272	0.00947	0.00459	0.00465
58	0.00958	0.02020	0.10396	0.04313	0.19255	0.00850	0.02006	0.01261	0.05150	0.04618	0.11794	0.01684	0.04399	0.00650	0.02139	0.00152	0.09759	0.00484	0.17551	0.00561
59	0.03031	0.16592	0.11219	0.01150	0.08102	0.05869	0.04564	0.20163	0.01307	0.15329	0.01105	0.04625	0.00871	0.00533	0.00447	0.00135	0.02129	0.01826	0.00340	0.00664
60	0.00536	0.00459	0.00459	0.00459	0.00612	0.00383	0.00344	0.00650	0.01033	0.01224	0.04590	0.04361	0.81065	0.01148	0.00536	0.00153	0.00230	0.00956	0.00421	0.00383
61	0.00557	0.00398	0.00530	0.00627	0.00658	0.00372	0.00421	0.00644	0.00892	0.01195	0.07100	0.79067	0.03072	0.01391	0.00576	0.00182	0.00260	0.01261	0.00425	0.00372
62	0.02347	0.01270	0.17937	0.07895	0.06842	0.01083	0.07876	0.08497	0.32531	0.03546	0.01376	0.01416	0.02863	0.00530	0.00456	0.00147	0.00497	0.00456	0.01765	0.00670
63	0.05009	0.01060	0.02908	0.02012	0.02378	0.07955	0.00763	0.06828	0.38576	0.19563	0.01585	0.01551	0.02076	0.00594	0.00487	0.00148	0.03351	0.02039	0.00432	0.00685
64	0.00563	0.00395	0.00522	0.00623	0.00652	0.00370	0.00417	0.00647	0.00871	0.01176	0.02460	0.80772	0.02930	0.01387	0.00569	0.00181	0.00261	0.01256	0.03578	0.00370
65	0.00741	0.00572	0.00787	0.07313	0.07797	0.00567	0.00586	0.02701	0.03272	0.01739	0.58679	0.02886	0.05619	0.00818	0.00509	0.00142	0.00283	0.00722	0.03796	0.00472
66	0.01260	0.04748	0.06345	0.13188	0.22179	0.04461	0.12874	0.14857	0.06629	0.07502	0.01013	0.01174	0.00761	0.00461	0.00455	0.00140	0.00568	0.00420	0.00299	0.00668
67	0.23960	0.03524	0.11242	0.00997	0.03159	0.29099	0.01955	0.03289	0.04700	0.05716	0.03226	0.01113	0.03685	0.00503	0.00411	0.00134	0.02090	0.00352	0.00285	0.00560
68	0.00726	0.00526	0.00637	0.00636	0.00754	0.00507	0.00470	0.05224	0.06068	0.03921	0.25143	0.31286	0.17362	0.01099	0.00542	0.00162	0.00271	0.03771	0.00451	0.00446

[dist]
# distance from previous block
# <min> <max>
0	4

[block]
# block no. 4 follows, 57 sequences, length 13
# corresponding to MSA columns:
# 290-302
name=unknown_E
#
# <colnr> <probs for GDERKNQSTAVLIFYWHMCP>
#	G	D	E	R	K	N	Q	S	T	A	V	L	I	F	Y	W	H	M	C	P
0	0.03663	0.11078	0.14072	0.07981	0.10219	0.08163	0.05247	0.20598	0.06307	0.03203	0.00950	0.01074	0.00723	0.00476	0.00442	0.00135	0.02055	0.00376	0.02590	0.00650
1	0.00710	0.00626	0.00801	0.05775	0.12727	0.00612	0.00614	0.00956	0.07036	0.01349	0.08583	0.03360	0.48944	0.00935	0.00540	0.00152	0.02504	0.02924	0.00381	0.00471
2	0.16874	0.00861	0.00922	0.00701	0.01066	0.00772	0.00563	0.06118	0.07425	0.01698	0.00875	0.00972	0.00702	0.00387	0.00343	0.00092	0.00350	0.00293	0.00298	0.58690
3	0.00605	0.00462	0.00555	0.00531	0.00654	0.00412	0.00399	0.00784	0.01196	0.01611	0.54451	0.03724	0.30962	0.01003	0.00535	0.00146	0.00219	0.00867	0.00472	0.00412
4	0.01365	0.01092	0.01159	0.00970	0.01269	0.01238	0.00775	0.33295	0.49156	0.02279	0.01542	0.01450	0.01139	0.00586	0.00458	0.00147	0.00415	0.00471	0.00458	0.00739
5	0.00843	0.00447	0.00493	0.00474	0.00590	0.00434	0.00358	0.01054	0.01046	0.04985	0.20986	0.02099	0.01923	0.00627	0.00376	0.00116	0.00219	0.00521	0.61971	0.00438
6	0.01122	0.01077	0.01839	0.02781	0.81248	0.01077	0.01391	0.01391	0.01032	0.01480	0.00852	0.01122	0.00718	0.00404	0.00449	0.00135	0.00538	0.00404	0.00224	0.00718
7	0.00548	0.00463	0.00477	0.00484	0.00634	0.00392	0.00370	0.00669	0.01034	0.01233	0.04446	0.04410	0.75879	0.01154	0.00542	0.00157	0.00242	0.06062	0.00421	0.00385
8	0.00856	0.00805	0.01359	0.82986	0.03121	0.01007	0.01258	0.01158	0.00906	0.01158	0.00805	0.01208	0.00604	0.00453	0.00453	0.00151	0.00604	0.00403	0.00201	0.00503
9	0.00561	0.00427	0.00516	0.00563	0.00645	0.00383	0.00396	0.00674	0.00991	0.01287	0.15993	0.43754	0.29680	0.01247	0.00557	0.00167	0.00244	0.01099	0.00433	0.00383
10	0.00566	0.00402	0.00532	0.00630	0.00658	0.00379	0.00423	0.00645	0.00861	0.01146	0.02423	0.75380	0.02893	0.06832	0.00694	0.00202	0.00281	0.04279	0.00411	0.00364
11	0.03074	0.10903	0.15409	0.02722	0.06612	0.08661	0.00880	0.02818	0.01015	0.05413	0.00830	0.00952	0.00657	0.00395	0.00371	0.00102	0.00482	0.00302	0.00257	0.38146
12	0.01293	0.11817	0.04666	0.01139	0.08454	0.07211	0.02331	0.19031	0.32617	0.01864	0.01254	0.01255	0.00957	0.00519	0.00428	0.00135	0.00475	0.00414	0.00365	0.03776

[dist]
# distance from previous block
# <min> <max>
1	36

[block]
# block no. 5 follows, 57 sequences, length 36
# corresponding to MSA columns:
# 339-374
name=unknown_F
#
# <colnr> <probs for GDERKNQSTAVLIFYWHMCP>
#	G	D	E	R	K	N	Q	S	T	A	V	L	I	F	Y	W	H	M	C	P
0	0.01088	0.13622	0.47937	0.01241	0.04341	0.01155	0.06576	0.04247	0.03941	0.07086	0.00906	0.01021	0.00664	0.00448	0.00447	0.00137	0.02697	0.00356	0.00242	0.01850
1	0.02894	0.41086	0.20799	0.06262	0.08113	0.01382	0.06655	0.01365	0.00953	0.02781	0.00840	0.02215	0.02014	0.00435	0.00375	0.00122	0.00547	0.00340	0.00215	0.00606
2	0.01159	0.00989	0.01043	0.00929	0.01191	0.01142	0.00725	0.06593	0.76192	0.01948	0.01803	0.01658	0.01350	0.00611	0.00461	0.00153	0.00366	0.00507	0.00461	0.00720
3	0.00693	0.00687	0.09162	0.02285	0.05213	0.00518	0.00614	0.00878	0.01040	0.03990	0.22456	0.29477	0.19189	0.01034	0.00529	0.00158	0.00311	0.00909	0.00406	0.00452
4	0.03440	0.07672	0.20983	0.03840	0.08474	0.10342	0.05164	0.12488	0.02620	0.19063	0.01060	0.01113	0.00754	0.00474	0.00431	0.00135	0.00566	0.00379	0.00325	0.00675
5	0.00556	0.00396	0.00525	0.00626	0.00652	0.00370	0.00416	0.00632	0.00860	0.01147	0.02461	0.81043	0.02951	0.04218	0.00637	0.00193	0.00269	0.01267	0.00416	0.00365
6	0.00977	0.00530	0.00678	0.00606	0.00771	0.00481	0.00472	0.01174	0.01220	0.19843	0.45232	0.02890	0.08903	0.00822	0.00493	0.00140	0.00260	0.03125	0.10885	0.00501
7	0.01079	0.01254	0.12094	0.18732	0.32914	0.04220	0.13309	0.05079	0.02516	0.01454	0.00866	0.01128	0.00678	0.00435	0.00481	0.00143	0.02332	0.00412	0.00231	0.00642
8	0.00844	0.00859	0.06355	0.39205	0.14230	0.00867	0.02446	0.01144	0.03801	0.01281	0.02658	0.15422	0.02803	0.00683	0.00488	0.00157	0.00509	0.05450	0.00274	0.00524
9	0.00543	0.00431	0.00488	0.00535	0.00632	0.00376	0.00378	0.00642	0.00960	0.01195	0.03671	0.39263	0.46756	0.01267	0.00554	0.00167	0.00244	0.01102	0.00421	0.00376
10	0.00949	0.01476	0.41441	0.01024	0.01455	0.00807	0.06605	0.01318	0.01025	0.08361	0.09892	0.05966	0.03161	0.00578	0.00444	0.00140	0.00498	0.00492	0.13782	0.00586
11	0.01411	0.06860	0.03681	0.10189	0.22044	0.03452	0.06201	0.17497	0.03165	0.18166	0.01116	0.01247	0.00823	0.00487	0.00447	0.00138	0.00523	0.01521	0.00344	0.00689
12	0.01129	0.00904	0.00957	0.00858	0.01098	0.01030	0.00668	0.06141	0.63430	0.03429	0.01770	0.03151	0.01348	0.00614	0.00444	0.00147	0.00346	0.00509	0.11350	0.00677
13	0.81844	0.00880	0.00725	0.03268	0.03467	0.01018	0.00543	0.01328	0.00784	0.01988	0.00643	0.00763	0.00501	0.00421	0.00291	0.00140	0.00364	0.00255	0.00276	0.00498
14	0.00636	0.00471	0.00551	0.00526	0.00662	0.00414	0.00396	0.00802	0.01166	0.04081	0.42739	0.03783	0.40094	0.01018	0.00532	0.00147	0.00227	0.00872	0.00464	0.00417
15	0.01536	0.03596	0.01266	0.04383	0.06909	0.01039	0.02881	0.23072	0.16706	0.25938	0.01389	0.01342	0.00977	0.00529	0.00444	0.00136	0.00438	0.00433	0.01864	0.05122
16	0.14266	0.00885	0.01004	0.02729	0.01165	0.06763	0.00662	0.02002	0.02851	0.58511	0.01510	0.01371	0.00985	0.00531	0.00423	0.00138	0.00413	0.00412	0.02683	0.00696
17	0.00551	0.00428	0.00502	0.00549	0.00638	0.00379	0.00387	0.00656	0.00973	0.01236	0.09317	0.42162	0.38083	0.01261	0.00556	0.00167	0.00244	0.01104	0.00427	0.00379
18	0.13843	0.00863	0.00986	0.00820	0.01125	0.00892	0.00661	0.02159	0.31397	0.39843	0.01644	0.01484	0.01131	0.00561	0.00433	0.00145	0.00370	0.00447	0.00483	0.00711
19	0.00607	0.00462	0.00558	0.00534	0.00656	0.00413	0.00401	0.00789	0.01202	0.01626	0.56344	0.03700	0.29060	0.00998	0.00535	0.00146	0.00219	0.00864	0.00474	0.00413
20	0.00991	0.00991	0.01388	0.01190	0.01190	0.01388	0.00991	0.01091	0.00694	0.01091	0.00595	0.00991	0.00595	0.00793	0.01487	0.00198	0.83246	0.00397	0.00198	0.00496
21	0.51636	0.00703	0.00591	0.00540	0.00758	0.00781	0.00433	0.01265	0.00859	0.05164	0.00993	0.01124	0.00766	0.00466	0.00301	0.00127	0.00300	0.00320	0.32394	0.00477
22	0.00856	0.00805	0.01359	0.82986	0.03121	0.01007	0.01258	0.01158	0.00906	0.01158	0.00805	0.01208	0.00604	0.00453	0.00453	0.00151	0.00604	0.00403	0.00201	0.00503
23	0.01068	0.00979	0.02547	0.10253	0.14260	0.03181	0.00879	0.02933	0.46733	0.01649	0.01509	0.03893	0.01213	0.04070	0.01826	0.00171	0.00449	0.01364	0.00371	0.00652
24	0.00934	0.00821	0.01183	0.18424	0.19248	0.00860	0.02895	0.01376	0.16661	0.03173	0.09764	0.01974	0.13436	0.00620	0.00468	0.00141	0.00425	0.00546	0.00334	0.06717
25	0.01103	0.15723	0.15817	0.00960	0.03897	0.07771	0.00882	0.06028	0.01058	0.04242	0.03721	0.01283	0.05158	0.00506	0.00462	0.00117	0.05731	0.01887	0.00273	0.23378
26	0.00880	0.10441	0.45704	0.01081	0.01528	0.00950	0.01257	0.01258	0.00982	0.01369	0.01334	0.02347	0.01268	0.00706	0.00482	0.00161	0.00564	0.26845	0.00269	0.00574
27	0.00856	0.00805	0.01359	0.82986	0.03121	0.01007	0.01258	0.01158	0.00906	0.01158	0.00805	0.01208	0.00604	0.00453	0.00453	0.00151	0.00604	0.00403	0.00201	0.00503
28	0.01113	0.01007	0.01163	0.00861	0.01248	0.08473	0.07648	0.07394	0.01086	0.03664	0.00853	0.00981	0.00684	0.00374	0.00373	0.00087	0.00434	0.00310	0.00284	0.61965
29	0.00991	0.00942	0.01622	0.44204	0.04374	0.01041	0.20072	0.08045	0.04763	0.01437	0.02107	0.03875	0.00808	0.00484	0.00475	0.00148	0.00596	0.00470	0.00256	0.03291
30	0.01046	0.17344	0.23376	0.01219	0.01541	0.01347	0.10538	0.04054	0.00904	0.01284	0.00716	0.00962	0.00604	0.00560	0.00823	0.00156	0.32366	0.00367	0.00208	0.00583
31	0.01014	0.05356	0.01197	0.12845	0.08113	0.00819	0.02327	0.04782	0.01023	0.04206	0.03478	0.01297	0.00889	0.00450	0.00412	0.00105	0.01760	0.04136	0.00282	0.45509
32	0.01482	0.00964	0.00953	0.00792	0.01056	0.16919	0.00623	0.01658	0.01240	0.35544	0.19729	0.01773	0.01701	0.00604	0.00446	0.00127	0.00419	0.00488	0.04764	0.08719
33	0.00933	0.00913	0.01205	0.14742	0.11597	0.07125	0.03528	0.03524	0.00982	0.01289	0.05938	0.05918	0.16964	0.00750	0.00752	0.00160	0.22315	0.00574	0.00285	0.00507
34	0.00968	0.03055	0.02488	0.17194	0.01315	0.12555	0.00687	0.01147	0.05381	0.02484	0.01333	0.06397	0.06723	0.00812	0.00705	0.18233	0.00453	0.00476	0.13621	0.03973
35	0.10231	0.42116	0.17191	0.00939	0.01329	0.14364	0.00944	0.02657	0.00980	0.01274	0.00682	0.00803	0.00574	0.00431	0.00386	0.00118	0.03912	0.00277	0.00213	0.00579

[dist]
# distance from previous block
# <min> <max>
0	1

[block]
# block no. 6 follows, 57 sequences, length 6
# corresponding to MSA columns:
# 376-381
name=unknown_G
#
# <colnr> <probs for GDERKNQSTAVLIFYWHMCP>
#	G	D	E	R	K	N	Q	S	T	A	V	L	I	F	Y	W	H	M	C	P
0	0.00847	0.00861	0.10648	0.05224	0.01262	0.00696	0.13072	0.01133	0.03901	0.06311	0.26055	0.02352	0.08253	0.08570	0.08595	0.00230	0.00509	0.00626	0.00355	0.00501
1	0.00558	0.00437	0.00517	0.00556	0.00651	0.00396	0.00399	0.00668	0.00953	0.01211	0.07221	0.34670	0.39733	0.01452	0.08203	0.00218	0.00334	0.01033	0.00408	0.00381
2	0.01239	0.08764	0.01567	0.13801	0.26552	0.01068	0.04447	0.05524	0.03155	0.14223	0.00992	0.01156	0.00758	0.00468	0.00504	0.00134	0.06454	0.00393	0.00292	0.08507
3	0.01188	0.09019	0.11668	0.03229	0.09979	0.00934	0.03269	0.01575	0.11758	0.18760	0.01560	0.02042	0.03976	0.00742	0.03080	0.00170	0.02444	0.13622	0.00361	0.00624
4	0.00576	0.00450	0.00523	0.00528	0.00643	0.00396	0.00387	0.00721	0.01095	0.01426	0.31704	0.17327	0.40377	0.01114	0.00542	0.00154	0.00229	0.00963	0.00449	0.00396
5	0.04000	0.00775	0.00969	0.03181	0.01117	0.00749	0.00644	0.12806	0.04557	0.41757	0.14048	0.01951	0.07458	0.00741	0.03001	0.00160	0.00393	0.00538	0.00493	0.00660

[dist]
# distance from previous block
# <min> <max>
1	9

[block]
# block no. 7 follows, 57 sequences, length 13
# corresponding to MSA columns:
# 391-403
name=unknown_H
#
# <colnr> <probs for GDERKNQSTAVLIFYWHMCP>
#	G	D	E	R	K	N	Q	S	T	A	V	L	I	F	Y	W	H	M	C	P
0	0.04797	0.04537	0.18721	0.02143	0.05203	0.04123	0.02384	0.08682	0.10208	0.22698	0.08648	0.01508	0.03232	0.00557	0.00446	0.00140	0.00471	0.00453	0.00384	0.00664
1	0.01147	0.00777	0.00926	0.02660	0.04240	0.08875	0.03465	0.02846	0.01142	0.21962	0.17961	0.18136	0.05082	0.03902	0.03114	0.00178	0.00420	0.02211	0.00424	0.00533
2	0.34704	0.04087	0.01088	0.02833	0.03657	0.06712	0.00712	0.27092	0.03323	0.03328	0.00886	0.02344	0.00688	0.00488	0.00389	0.00134	0.01658	0.00342	0.00337	0.05199
3	0.00576	0.00457	0.00518	0.00510	0.00639	0.00399	0.00380	0.00727	0.01118	0.01444	0.33331	0.08219	0.47919	0.01079	0.00537	0.00151	0.00225	0.00922	0.00450	0.00399
4	0.01307	0.00997	0.04585	0.00794	0.01181	0.06413	0.00666	0.07694	0.01142	0.20153	0.01049	0.01084	0.00773	0.00418	0.00382	0.00096	0.00409	0.00328	0.00345	0.50184
5	0.00663	0.00444	0.00539	0.00535	0.00635	0.00413	0.00394	0.00846	0.01125	0.01635	0.44715	0.14673	0.11037	0.00932	0.00493	0.00141	0.00222	0.00814	0.19329	0.00413
6	0.00565	0.00447	0.00502	0.00514	0.00628	0.00392	0.00372	0.00689	0.01037	0.01317	0.19544	0.18340	0.48024	0.04807	0.00621	0.00169	0.00242	0.00975	0.00430	0.00384
7	0.01462	0.00779	0.05119	0.00782	0.01069	0.00651	0.00672	0.04507	0.03267	0.44271	0.11724	0.02344	0.07238	0.00719	0.00485	0.00148	0.00371	0.09818	0.02535	0.02040
8	0.01693	0.02160	0.01284	0.01167	0.01401	0.82256	0.00876	0.01809	0.01284	0.01109	0.00700	0.00817	0.00584	0.00467	0.00409	0.00117	0.00817	0.00292	0.00233	0.00525
9	0.87276	0.00876	0.00666	0.00596	0.00876	0.01017	0.00491	0.01332	0.00771	0.02033	0.00631	0.00736	0.00491	0.00421	0.00280	0.00140	0.00351	0.00245	0.00280	0.00491
10	0.31554	0.40101	0.01520	0.00729	0.01044	0.07008	0.00652	0.01378	0.00903	0.05298	0.00778	0.03836	0.00689	0.02473	0.00362	0.00127	0.00447	0.00305	0.00255	0.00540
11	0.01106	0.00796	0.00899	0.00762	0.00977	0.00834	0.00612	0.33405	0.01568	0.02162	0.30088	0.02464	0.07472	0.00769	0.00487	0.00142	0.00346	0.06034	0.08514	0.00565
12	0.03906	0.08106	0.07252	0.08386	0.10078	0.01021	0.10939	0.06392	0.09866	0.01439	0.04289	0.04235	0.01082	0.10130	0.02612	0.03603	0.05344	0.00485	0.00282	0.00552

[dist]
# distance from previous block
# <min> <max>
1	5

[block]
# block no. 8 follows, 57 sequences, length 10
# corresponding to MSA columns:
# 409-418
name=unknown_I
#
# <colnr> <probs for GDERKNQSTAVLIFYWHMCP>
#	G	D	E	R	K	N	Q	S	T	A	V	L	I	F	Y	W	H	M	C	P
0	0.00827	0.00687	0.00965	0.21108	0.01425	0.03208	0.00766	0.00994	0.00822	0.03407	0.03245	0.01731	0.01078	0.09992	0.30485	0.02531	0.10522	0.02698	0.00251	0.03260
1	0.03448	0.20111	0.22098	0.01018	0.01434	0.02575	0.04641	0.17909	0.03727	0.08200	0.02163	0.02263	0.00815	0.03042	0.00490	0.00140	0.02383	0.00381	0.00303	0.02859
2	0.01200	0.62814	0.07022	0.00921	0.01291	0.04126	0.04923	0.04024	0.00964	0.01172	0.00671	0.00803	0.00594	0.00432	0.00421	0.00113	0.07435	0.00283	0.00206	0.00586
3	0.07733	0.00543	0.00617	0.00575	0.00737	0.00499	0.00432	0.01019	0.01020	0.16188	0.10201	0.10851	0.32738	0.11923	0.00740	0.00191	0.00302	0.02813	0.00423	0.00453
4	0.00969	0.03344	0.23712	0.03047	0.07311	0.00868	0.08410	0.04623	0.01019	0.07053	0.04854	0.18113	0.01386	0.02726	0.00595	0.01393	0.04574	0.02664	0.00306	0.03035
5	0.01138	0.06892	0.07939	0.25185	0.21458	0.04613	0.07132	0.04735	0.03584	0.08233	0.01031	0.01238	0.02560	0.00510	0.01728	0.00149	0.00576	0.00414	0.00264	0.00620
6	0.00613	0.00430	0.00515	0.00545	0.00576	0.00415	0.00344	0.00666	0.00799	0.01060	0.07006	0.28280	0.09451	0.43246	0.03796	0.00323	0.00373	0.00887	0.00346	0.00327
7	0.01015	0.00880	0.01525	0.19673	0.25414	0.00909	0.13657	0.01269	0.01019	0.07012	0.03905	0.01911	0.05110	0.00619	0.00550	0.02457	0.02323	0.09893	0.00285	0.00576
8	0.01095	0.04030	0.26559	0.04118	0.09664	0.05297	0.12256	0.07576	0.02588	0.06889	0.04146	0.08400	0.02425	0.00577	0.00469	0.00146	0.00566	0.02282	0.00293	0.00620
9	0.01239	0.02614	0.23423	0.02939	0.05412	0.03887	0.05918	0.02942	0.03385	0.24215	0.04501	0.11158	0.02524	0.00645	0.00473	0.00148	0.00497	0.03082	0.00364	0.00632

[dist]
# distance from previous block
# <min> <max>
2	7

[block]
# block no. 9 follows, 57 sequences, length 20
# corresponding to MSA columns:
# 426-445
name=unknown_J
#
# <colnr> <probs for GDERKNQSTAVLIFYWHMCP>
#	G	D	E	R	K	N	Q	S	T	A	V	L	I	F	Y	W	H	M	C	P
0	0.01470	0.00833	0.00966	0.00850	0.03548	0.05903	0.00647	0.05186	0.13234	0.37247	0.13332	0.06368	0.01670	0.00657	0.00463	0.00141	0.00376	0.00548	0.05909	0.00651
1	0.01448	0.21545	0.02944	0.00942	0.03137	0.02988	0.00792	0.33001	0.05917	0.11659	0.01343	0.03869	0.05967	0.00574	0.00439	0.00131	0.01815	0.00437	0.00381	0.00671
2	0.32437	0.01085	0.01089	0.02704	0.01223	0.01232	0.00730	0.44447	0.01523	0.02417	0.00905	0.00974	0.00668	0.00508	0.00433	0.00140	0.04067	0.00349	0.02425	0.00644
3	0.06486	0.00575	0.00708	0.00624	0.00803	0.00540	0.00483	0.01231	0.03794	0.20160	0.45159	0.02764	0.09001	0.03277	0.00546	0.00151	0.00275	0.00687	0.02224	0.00512
4	0.00715	0.00511	0.00712	0.00809	0.00909	0.00508	0.00697	0.00917	0.01046	0.01369	0.06592	0.09421	0.02718	0.01244	0.00618	0.00204	0.00398	0.69773	0.00422	0.00415
5	0.00558	0.00451	0.00496	0.00503	0.00630	0.00389	0.00370	0.00687	0.01059	0.01328	0.18892	0.14683	0.56086	0.01141	0.00541	0.00155	0.00231	0.00974	0.00436	0.00389
6	0.02033	0.00771	0.01052	0.00806	0.01157	0.00666	0.00666	0.02208	0.01297	0.81562	0.01788	0.01542	0.01122	0.00561	0.00456	0.00140	0.00386	0.00456	0.00561	0.00771
7	0.00889	0.00961	0.08909	0.61471	0.02667	0.01006	0.01197	0.01338	0.11390	0.01305	0.03832	0.01326	0.00836	0.00489	0.00455	0.00150	0.00564	0.00426	0.00245	0.00545
8	0.15753	0.00877	0.05233	0.00863	0.04756	0.00780	0.00699	0.05366	0.02549	0.47922	0.01443	0.01357	0.00964	0.00521	0.00412	0.00137	0.00389	0.00408	0.08890	0.00682
9	0.02033	0.00771	0.01052	0.00806	0.01157	0.00666	0.00666	0.02208	0.01297	0.81562	0.01788	0.01542	0.01122	0.00561	0.00456	0.00140	0.00386	0.00456	0.00561	0.00771
10	0.00861	0.01486	0.37612	0.01244	0.01679	0.00881	0.18981	0.01235	0.00994	0.01388	0.01483	0.09282	0.05795	0.00694	0.00508	0.00161	0.00585	0.14290	0.00273	0.00569
11	0.01104	0.03239	0.02308	0.06258	0.12280	0.00797	0.00735	0.11957	0.06357	0.09057	0.04640	0.03119	0.02777	0.00970	0.02143	0.30548	0.00444	0.00456	0.00312	0.00497
12	0.01632	0.09468	0.01377	0.01119	0.01372	0.68832	0.00861	0.05203	0.03873	0.01207	0.00748	0.00849	0.00618	0.00468	0.00402	0.00117	0.00758	0.00300	0.00247	0.00547
13	0.02611	0.00731	0.00858	0.00671	0.00973	0.00626	0.00533	0.06167	0.02391	0.09953	0.12685	0.02909	0.01385	0.01577	0.00417	0.00105	0.00323	0.01634	0.08990	0.44461
14	0.01686	0.01216	0.01313	0.01019	0.01372	0.01341	0.00838	0.68658	0.09123	0.06962	0.01193	0.01166	0.00844	0.00551	0.00454	0.00138	0.00480	0.00420	0.00460	0.00766
15	0.00687	0.00473	0.00515	0.00501	0.00639	0.00432	0.00380	0.00884	0.03427	0.03105	0.19705	0.03365	0.39466	0.00920	0.00478	0.00140	0.00232	0.02226	0.22005	0.00420
16	0.00653	0.00437	0.00496	0.00502	0.00503	0.00435	0.00283	0.00657	0.00671	0.00894	0.01488	0.07487	0.01723	0.79450	0.02210	0.00425	0.00429	0.00694	0.00283	0.00280
17	0.01006	0.06175	0.01425	0.48194	0.06591	0.01052	0.05770	0.11662	0.01088	0.01449	0.00968	0.05159	0.00788	0.00506	0.00444	0.00143	0.00546	0.00445	0.06038	0.00550
18	0.01305	0.01060	0.02767	0.12680	0.19229	0.01112	0.03743	0.25097	0.01327	0.08452	0.00967	0.01127	0.00731	0.00495	0.00540	0.00137	0.08353	0.00397	0.00320	0.10159
19	0.04192	0.16466	0.27947	0.02557	0.13173	0.01171	0.06145	0.05955	0.07271	0.04870	0.00956	0.01149	0.00756	0.04897	0.00514	0.00150	0.00552	0.00379	0.00259	0.00641

[dist]
# distance from previous block
# <min> <max>
3	34

[block]
# block no. 10 follows, 57 sequences, length 34
# corresponding to MSA columns:
# 486-519
name=unknown_K
#
# <colnr> <probs for GDERKNQSTAVLIFYWHMCP>
#	G	D	E	R	K	N	Q	S	T	A	V	L	I	F	Y	W	H	M	C	P
0	0.00776	0.00692	0.05486	0.00827	0.03341	0.03548	0.05545	0.00860	0.02077	0.01126	0.05627	0.17896	0.07672	0.09448	0.02504	0.24228	0.02764	0.04904	0.00301	0.00377
1	0.00949	0.11242	0.34162	0.10698	0.06054	0.01028	0.01169	0.01283	0.02464	0.03599	0.01119	0.02523	0.05479	0.00652	0.03047	0.03357	0.05820	0.00409	0.04370	0.00576
