[name]
unknown

[dist]
# distance from previous block
# <min> <max>
0	162

[block]
# block no. 0 follows, 59 sequences, length 19
# corresponding to MSA columns:
# 167-185
name=unknown_A
#
# <colnr> <probs for GDERKNQSTAVLIFYWHMCP>
#	G	D	E	R	K	N	Q	S	T	A	V	L	I	F	Y	W	H	M	C	P
0	0.07397	0.01603	0.03355	0.04391	0.02457	0.04019	0.04349	0.09194	0.09088	0.02600	0.11005	0.06292	0.07024	0.00809	0.02617	0.09260	0.00415	0.02739	0.00336	0.11051
1	0.01017	0.00964	0.01557	0.29634	0.12362	0.03885	0.16973	0.01399	0.10110	0.04668	0.04874	0.01308	0.00900	0.00496	0.00549	0.00148	0.07875	0.00448	0.00263	0.00570
2	0.00964	0.04859	0.17192	0.09966	0.15551	0.02231	0.10190	0.04630	0.10869	0.01507	0.11728	0.04328	0.02956	0.00549	0.00455	0.00140	0.00503	0.00494	0.00293	0.00594
3	0.00677	0.00542	0.02113	0.04539	0.00834	0.00553	0.01967	0.02154	0.00846	0.01156	0.12962	0.12214	0.08930	0.22005	0.17505	0.04463	0.05174	0.00679	0.00312	0.00374
4	0.01013	0.11987	0.12048	0.01304	0.18857	0.05682	0.02972	0.03336	0.13996	0.01477	0.13642	0.03227	0.01369	0.00682	0.04325	0.00161	0.02564	0.00464	0.00300	0.00593
5	0.00592	0.00435	0.00544	0.00609	0.00669	0.00410	0.00420	0.04367	0.00938	0.01233	0.04904	0.66770	0.13882	0.01293	0.00551	0.00172	0.00261	0.01157	0.00414	0.00381
6	0.01105	0.05380	0.30178	0.08496	0.07344	0.00960	0.04190	0.07971	0.01063	0.10037	0.00912	0.01033	0.00669	0.00419	0.00406	0.00122	0.00522	0.00345	0.00266	0.18582
7	0.01137	0.01012	0.06842	0.10379	0.25511	0.00887	0.08178	0.05260	0.01056	0.11949	0.01025	0.01177	0.02428	0.00425	0.00421	0.00121	0.00486	0.00388	0.00282	0.21034
8	0.14604	0.19759	0.16221	0.07446	0.01408	0.13474	0.04315	0.03808	0.00954	0.01331	0.00835	0.04315	0.00735	0.05047	0.03880	0.00167	0.00574	0.00362	0.00233	0.00530
9	0.04072	0.02179	0.03821	0.02657	0.01288	0.07243	0.09277	0.25025	0.16427	0.03266	0.01215	0.01330	0.00927	0.00605	0.03034	0.00151	0.00487	0.01524	0.14859	0.00613
10	0.00905	0.09466	0.71789	0.01196	0.01802	0.01068	0.01517	0.01372	0.00933	0.01364	0.00841	0.01080	0.00642	0.00449	0.00416	0.00139	0.00627	0.03565	0.00196	0.00635
11	0.00629	0.00392	0.00549	0.00605	0.00625	0.00384	0.00408	0.00615	0.00734	0.00985	0.01719	0.46318	0.01982	0.03719	0.07433	0.31037	0.00378	0.00870	0.00315	0.00300
12	0.00852	0.00821	0.01437	0.76241	0.02977	0.00993	0.08168	0.01154	0.00897	0.01154	0.00795	0.01179	0.00596	0.00435	0.00449	0.00147	0.00602	0.00404	0.00199	0.00500
13	0.00609	0.00430	0.00485	0.00490	0.00529	0.00411	0.00302	0.00651	0.00772	0.01007	0.07490	0.09607	0.17857	0.55627	0.01654	0.00333	0.00359	0.00759	0.00322	0.00306
14	0.00987	0.09404	0.65759	0.01214	0.01811	0.01101	0.04613	0.05518	0.01002	0.03450	0.00819	0.00944	0.00588	0.00423	0.00413	0.00136	0.00625	0.00333	0.00210	0.00650
15	0.00703	0.00474	0.00599	0.00577	0.00689	0.00443	0.00428	0.00923	0.04325	0.05809	0.52371	0.16199	0.08827	0.00946	0.00511	0.00145	0.00231	0.00833	0.04533	0.00433
16	0.05418	0.04077	0.27621	0.02548	0.08530	0.00975	0.02476	0.11931	0.04439	0.13804	0.01029	0.02402	0.00759	0.00460	0.00410	0.00128	0.00496	0.00371	0.00307	0.11819
17	0.02587	0.04561	0.07479	0.00959	0.03155	0.07443	0.05831	0.14425	0.03587	0.16093	0.01252	0.02922	0.03955	0.09979	0.00683	0.00164	0.04810	0.00442	0.00339	0.09334
18	0.24348	0.13039	0.08401	0.01025	0.08327	0.09222	0.03395	0.06233	0.05107	0.06283	0.02215	0.00970	0.00708	0.00445	0.00389	0.00125	0.02536	0.00324	0.00279	0.06630

[dist]
# distance from previous block
# <min> <max>
4	16

[block]
# block no. 1 follows, 59 sequences, length 16
# corresponding to MSA columns:
# 205-220
name=unknown_B
#
# <colnr> <probs for GDERKNQSTAVLIFYWHMCP>
#	G	D	E	R	K	N	Q	S	T	A	V	L	I	F	Y	W	H	M	C	P
0	0.05116	0.00425	0.00534	0.00610	0.00666	0.00406	0.00426	0.00688	0.00896	0.01247	0.10070	0.64463	0.06376	0.01266	0.00545	0.00173	0.00262	0.05049	0.00410	0.00374
1	0.00897	0.00857	0.08364	0.00952	0.07335	0.02868	0.02330	0.12122	0.07856	0.02965	0.11534	0.33243	0.04062	0.00905	0.00501	0.00154	0.00375	0.01774	0.00385	0.00520
2	0.01373	0.14740	0.06688	0.05548	0.03831	0.09470	0.03196	0.28499	0.10840	0.05827	0.01004	0.01067	0.00757	0.00499	0.00464	0.00132	0.04710	0.00373	0.00330	0.00651
3	0.72961	0.10651	0.00858	0.00605	0.00897	0.01058	0.00513	0.01291	0.00777	0.01843	0.00624	0.00727	0.00498	0.00402	0.00277	0.00128	0.00356	0.00240	0.00263	0.05031
4	0.01005	0.05260	0.01110	0.03686	0.09244	0.05543	0.02911	0.04437	0.18913	0.03919	0.01584	0.09521	0.06814	0.02512	0.02677	0.00161	0.03477	0.06211	0.00338	0.10678
5	0.06063	0.00705	0.00932	0.00736	0.01034	0.00627	0.00601	0.01884	0.01236	0.64254	0.15339	0.01771	0.01589	0.00601	0.00449	0.00137	0.00345	0.00495	0.00523	0.00681
6	0.00857	0.02068	0.72644	0.01168	0.01745	0.00956	0.01472	0.01310	0.00899	0.01335	0.00863	0.01161	0.00682	0.10240	0.00633	0.00174	0.00626	0.00363	0.00196	0.00608
7	0.00588	0.00475	0.00576	0.03549	0.03103	0.00435	0.00438	0.00735	0.01037	0.01336	0.24064	0.09770	0.44103	0.02812	0.03109	0.00172	0.00282	0.02610	0.00408	0.00396
8	0.00820	0.06177	0.00714	0.00599	0.00658	0.12440	0.00389	0.00848	0.00754	0.00910	0.01274	0.05276	0.01433	0.63909	0.01793	0.00352	0.00478	0.00585	0.00262	0.00326
9	0.77560	0.00899	0.00728	0.00632	0.00914	0.01035	0.00521	0.10522	0.00906	0.02075	0.00667	0.00758	0.00510	0.00424	0.00293	0.00136	0.00359	0.00258	0.00293	0.00510
10	0.01178	0.00913	0.01175	0.03843	0.01308	0.00991	0.09969	0.06378	0.46774	0.11315	0.05717	0.01616	0.01314	0.00628	0.02214	0.00157	0.00421	0.00498	0.02933	0.00659
11	0.00886	0.02285	0.82190	0.01259	0.01912	0.01026	0.01632	0.01399	0.00932	0.01399	0.00793	0.00932	0.00559	0.00420	0.00420	0.00140	0.00653	0.00326	0.00186	0.00653
12	0.00537	0.00388	0.00509	0.00606	0.00638	0.00360	0.00406	0.00616	0.00854	0.01131	0.02545	0.79851	0.07189	0.01369	0.00561	0.00178	0.00254	0.01238	0.00410	0.00360
13	0.03724	0.00735	0.00879	0.00741	0.00988	0.02658	0.01939	0.01566	0.16348	0.24492	0.21421	0.04225	0.04507	0.00672	0.00457	0.00135	0.00332	0.03028	0.00446	0.10708
14	0.05449	0.00843	0.02407	0.12984	0.15542	0.03076	0.03361	0.03404	0.00970	0.01416	0.05231	0.12782	0.02402	0.00573	0.00443	0.00124	0.02198	0.00498	0.01457	0.24840
15	0.16703	0.06112	0.08065	0.01157	0.09183	0.27852	0.00898	0.15387	0.01200	0.02797	0.00766	0.00887	0.00605	0.00470	0.00454	0.00130	0.06164	0.00317	0.00269	0.00583

[dist]
# distance from previous block
# <min> <max>
6	10

[block]
# block no. 2 follows, 59 sequences, length 10
# corresponding to MSA columns:
# 231-240
name=unknown_C
#
# <colnr> <probs for GDERKNQSTAVLIFYWHMCP>
#	G	D	E	R	K	N	Q	S	T	A	V	L	I	F	Y	W	H	M	C	P
0	0.49204	0.01034	0.06449	0.08686	0.04710	0.07666	0.02315	0.01278	0.00840	0.01649	0.00774	0.04866	0.00658	0.00487	0.00404	0.00140	0.05195	0.00338	0.02810	0.00499
1	0.01217	0.00859	0.03441	0.00886	0.01139	0.00850	0.06676	0.14240	0.21055	0.16712	0.07240	0.06551	0.02583	0.01968	0.00599	0.07279	0.00401	0.03441	0.02265	0.00598
2	0.01048	0.00996	0.01655	0.16701	0.62302	0.01041	0.01287	0.01385	0.06597	0.01416	0.00891	0.01147	0.00726	0.00416	0.00439	0.00135	0.00524	0.00401	0.00231	0.00663
3	0.11620	0.00700	0.00766	0.00667	0.00853	0.00727	0.00509	0.16037	0.05969	0.09626	0.19425	0.05471	0.07355	0.14635	0.00746	0.00187	0.00341	0.00591	0.03267	0.00507
4	0.04832	0.00795	0.01056	0.00939	0.07867	0.00737	0.00695	0.04470	0.06265	0.53140	0.01493	0.01400	0.01007	0.00679	0.05352	0.00165	0.00433	0.00421	0.00457	0.07794
5	0.00640	0.00453	0.00549	0.00540	0.00657	0.00403	0.00399	0.00791	0.01099	0.05281	0.38048	0.17161	0.30272	0.01041	0.00525	0.00149	0.00230	0.00904	0.00450	0.00408
6	0.00681	0.00480	0.00602	0.00590	0.00640	0.00507	0.00401	0.04436	0.00780	0.01072	0.06467	0.06619	0.01637	0.45304	0.27413	0.00472	0.00647	0.00619	0.00287	0.00345
7	0.01325	0.00973	0.01061	0.00904	0.01185	0.01084	0.00717	0.16232	0.55763	0.13168	0.01658	0.01523	0.01206	0.00580	0.00447	0.00145	0.00378	0.00473	0.00462	0.00716
8	0.00772	0.03216	0.00674	0.00589	0.00659	0.00466	0.00415	0.00698	0.00691	0.00954	0.07437	0.01548	0.01094	0.06668	0.05079	0.57570	0.00404	0.00419	0.00231	0.10415
9	0.00927	0.01028	0.08089	0.05128	0.05030	0.01096	0.15504	0.01203	0.05419	0.01261	0.05674	0.01357	0.00948	0.02115	0.06581	0.00209	0.35751	0.01915	0.00240	0.00525

[dist]
# distance from previous block
# <min> <max>
0	1

[block]
# block no. 3 follows, 59 sequences, length 6
# corresponding to MSA columns:
# 242-247
name=unknown_D
#
# <colnr> <probs for GDERKNQSTAVLIFYWHMCP>
#	G	D	E	R	K	N	Q	S	T	A	V	L	I	F	Y	W	H	M	C	P
0	0.61404	0.07020	0.11606	0.00818	0.05406	0.01070	0.00714	0.04959	0.00861	0.01846	0.00671	0.00781	0.00520	0.00414	0.00310	0.00134	0.00408	0.00266	0.00261	0.00532
1	0.01238	0.00594	0.00689	0.00598	0.00798	0.00580	0.00471	0.01570	0.11579	0.27940	0.01586	0.01600	0.01148	0.00536	0.00372	0.00120	0.00280	0.00434	0.47305	0.00561
2	0.04248	0.01154	0.14079	0.08006	0.08129	0.04356	0.05310	0.08310	0.22403	0.04018	0.13987	0.01563	0.01395	0.00556	0.00449	0.00141	0.00462	0.00474	0.00347	0.00614
3	0.00562	0.00423	0.00513	0.00543	0.00625	0.00382	0.00383	0.00682	0.00994	0.01311	0.24668	0.34636	0.26352	0.05089	0.00619	0.00171	0.00242	0.01006	0.00424	0.00375
4	0.00958	0.01475	0.35107	0.01239	0.05079	0.03318	0.14115	0.04556	0.02892	0.04357	0.01231	0.13490	0.03586	0.00633	0.00536	0.02407	0.03645	0.00532	0.00266	0.00579
5	0.00610	0.00427	0.00562	0.00588	0.00659	0.00405	0.00427	0.00710	0.00957	0.01291	0.26709	0.27021	0.13380	0.01347	0.06528	0.11663	0.00329	0.05632	0.00392	0.00362

[dist]
# distance from previous block
# <min> <max>
14	41

[block]
# block no. 4 follows, 59 sequences, length 15
# corresponding to MSA columns:
# 304-318
name=unknown_E
#
# <colnr> <probs for GDERKNQSTAVLIFYWHMCP>
#	G	D	E	R	K	N	Q	S	T	A	V	L	I	F	Y	W	H	M	C	P
0	0.03028	0.02856	0.00840	0.00772	0.03706	0.04951	0.02216	0.03521	0.07680	0.04387	0.27700	0.14912	0.09607	0.00839	0.00508	0.00143	0.02473	0.03161	0.01656	0.05042
1	0.01040	0.00905	0.04962	0.00906	0.01138	0.05947	0.09118	0.13539	0.07876	0.07742	0.07177	0.14541	0.09351	0.03745	0.03446	0.00180	0.00459	0.07013	0.00380	0.00535
2	0.00651	0.00495	0.00714	0.00704	0.00780	0.00574	0.00547	0.00793	0.00745	0.01068	0.03556	0.03969	0.06094	0.02792	0.64187	0.03011	0.06099	0.00521	0.02308	0.00393
3	0.00756	0.00491	0.00629	0.00650	0.00753	0.00468	0.00481	0.03903	0.02667	0.08902	0.11528	0.44470	0.10299	0.01228	0.03428	0.00186	0.00316	0.07987	0.00427	0.00431
4	0.07084	0.02026	0.01214	0.01103	0.01333	0.77538	0.00830	0.01734	0.01220	0.01138	0.00678	0.00791	0.00563	0.00452	0.00390	0.00115	0.00768	0.00282	0.00230	0.00510
5	0.00787	0.00565	0.00662	0.00659	0.00786	0.00576	0.00484	0.01199	0.21365	0.05655	0.14049	0.34331	0.09256	0.00987	0.00501	0.00156	0.00273	0.00867	0.06364	0.00479
6	0.00998	0.01022	0.01392	0.01183	0.01208	0.04752	0.03708	0.01104	0.00713	0.01076	0.00595	0.00967	0.00582	0.00746	0.01373	0.00188	0.77322	0.00387	0.00196	0.00488
7	0.09476	0.02117	0.02564	0.03657	0.01015	0.05873	0.00594	0.04739	0.04180	0.27988	0.04306	0.05771	0.03782	0.17100	0.00792	0.00197	0.00411	0.03676	0.01222	0.00540
8	0.09246	0.00785	0.00980	0.00800	0.01078	0.02834	0.03551	0.06674	0.04023	0.43498	0.06488	0.01844	0.03930	0.02802	0.04376	0.00176	0.00429	0.05402	0.00453	0.00630
9	0.00555	0.00397	0.00525	0.00619	0.00654	0.00373	0.00425	0.00642	0.00863	0.01147	0.03983	0.72542	0.04849	0.03907	0.00617	0.00187	0.00270	0.06675	0.00407	0.00361
10	0.01010	0.10662	0.54452	0.01287	0.01850	0.04118	0.14805	0.01434	0.00971	0.04215	0.00821	0.00968	0.00598	0.00413	0.00423	0.00136	0.00645	0.00353	0.00207	0.00632
11	0.03941	0.08685	0.04120	0.11461	0.06944	0.03631	0.24204	0.03378	0.04072	0.06907	0.08143	0.03324	0.01084	0.01992	0.02589	0.00160	0.04044	0.00476	0.00281	0.00564
12	0.00811	0.00700	0.01121	0.11172	0.05147	0.00732	0.12258	0.04962	0.01003	0.01332	0.03391	0.17050	0.06339	0.03128	0.00634	0.00178	0.05014	0.24229	0.00334	0.00466
13	0.00837	0.00867	0.05759	0.78911	0.02980	0.00984	0.01249	0.01143	0.00886	0.01143	0.00785	0.01164	0.00587	0.00440	0.00440	0.00147	0.00592	0.00389	0.00196	0.00500
14	0.02886	0.06867	0.09194	0.11489	0.05919	0.08610	0.14061	0.03536	0.02175	0.08176	0.05379	0.02304	0.04766	0.00569	0.00524	0.00938	0.05794	0.04160	0.02099	0.00555

[dist]
# distance from previous block
# <min> <max>
1	52

[block]
# block no. 5 follows, 59 sequences, length 30
# corresponding to MSA columns:
# 371-400
name=unknown_F
#
# <colnr> <probs for GDERKNQSTAVLIFYWHMCP>
#	G	D	E	R	K	N	Q	S	T	A	V	L	I	F	Y	W	H	M	C	P
0	0.12648	0.12553	0.07992	0.01006	0.03031	0.12473	0.08172	0.12107	0.03350	0.13319	0.02659	0.03040	0.00856	0.00495	0.00402	0.00129	0.00510	0.01800	0.00319	0.03136
1	0.03605	0.02253	0.11454	0.05517	0.08824	0.07814	0.10403	0.08832	0.10077	0.09942	0.01326	0.01469	0.06526	0.03232	0.00498	0.00144	0.00511	0.01408	0.00317	0.05847
2	0.00976	0.11667	0.06868	0.28862	0.08442	0.01081	0.11834	0.06402	0.00994	0.01327	0.00969	0.02977	0.02604	0.00538	0.01674	0.00147	0.04511	0.03137	0.00237	0.04753
3	0.79680	0.00891	0.02610	0.00614	0.00897	0.00989	0.00517	0.01347	0.04576	0.01950	0.00679	0.00771	0.00525	0.00418	0.00286	0.00136	0.00349	0.00254	0.00279	0.02232
4	0.00916	0.00785	0.00916	0.00654	0.01047	0.00589	0.00523	0.01112	0.00916	0.01439	0.00785	0.00916	0.00654	0.00327	0.00327	0.00065	0.00327	0.00262	0.00262	0.87178
5	0.00849	0.00779	0.01266	0.63861	0.09463	0.00926	0.01122	0.03332	0.00960	0.01251	0.06710	0.01481	0.05171	0.00509	0.00451	0.00145	0.00534	0.00450	0.00237	0.00504
6	0.00724	0.00489	0.00628	0.00586	0.00708	0.00458	0.00441	0.00967	0.04789	0.06718	0.67111	0.07150	0.05731	0.00896	0.00515	0.00142	0.00228	0.00789	0.00483	0.00446
7	0.00682	0.00458	0.00603	0.00665	0.00754	0.00433	0.00518	0.00825	0.00974	0.05116	0.07934	0.35209	0.11218	0.01197	0.00559	0.00177	0.00307	0.28813	0.03154	0.00402
8	0.00582	0.00446	0.00534	0.00521	0.00636	0.00397	0.00387	0.00747	0.01136	0.01521	0.48550	0.08966	0.31952	0.01012	0.00524	0.00145	0.00217	0.00877	0.00454	0.00397
9	0.00719	0.00467	0.00595	0.00567	0.00686	0.00428	0.00430	0.00907	0.01171	0.07130	0.55129	0.08521	0.10715	0.00918	0.00509	0.00143	0.00233	0.04177	0.06121	0.00431
10	0.87598	0.00854	0.00649	0.00581	0.00854	0.00991	0.00478	0.01298	0.00752	0.01982	0.00615	0.00717	0.00478	0.00410	0.00273	0.00137	0.00342	0.00239	0.00273	0.00478
11	0.03777	0.02380	0.01020	0.00787	0.04911	0.00682	0.01977	0.03866	0.00961	0.02611	0.00803	0.00932	0.00659	0.00345	0.00339	0.00076	0.00353	0.00278	0.00268	0.72974
12	0.02032	0.03577	0.11924	0.01085	0.06579	0.02971	0.05400	0.08741	0.30503	0.03766	0.04588	0.01536	0.04102	0.00568	0.00488	0.00141	0.04403	0.01591	0.03231	0.02773
13	0.07495	0.47581	0.01812	0.00863	0.01178	0.12416	0.03312	0.09867	0.01045	0.01309	0.00722	0.00883	0.00633	0.02980	0.03247	0.00140	0.03435	0.00295	0.00233	0.00556
14	0.01144	0.00765	0.00890	0.00741	0.00958	0.00789	0.00589	0.28327	0.04098	0.09900	0.39716	0.02223	0.02459	0.00712	0.00474	0.00135	0.00325	0.00598	0.04584	0.00573
15	0.87598	0.00854	0.00649	0.00581	0.00854	0.00991	0.00478	0.01298	0.00752	0.01982	0.00615	0.00717	0.00478	0.00410	0.00273	0.00137	0.00342	0.00239	0.00273	0.00478
16	0.01081	0.01037	0.01770	0.06547	0.77983	0.01046	0.01349	0.01345	0.01000	0.01428	0.00829	0.01097	0.00694	0.00396	0.00437	0.00132	0.00528	0.00393	0.00218	0.00690
17	0.01311	0.01041	0.01110	0.00934	0.01215	0.01175	0.00743	0.34315	0.44674	0.02198	0.01525	0.05336	0.01177	0.00608	0.00452	0.00144	0.00401	0.00494	0.00444	0.00704
18	0.01296	0.01047	0.01110	0.00939	0.01224	0.01191	0.00747	0.28917	0.54033	0.02167	0.01546	0.01447	0.01145	0.00576	0.00447	0.00144	0.00396	0.00465	0.00447	0.00717
19	0.00572	0.00411	0.00546	0.00596	0.00651	0.00385	0.00416	0.00700	0.00991	0.01362	0.31508	0.52338	0.03334	0.01255	0.02611	0.00178	0.00262	0.01068	0.00434	0.00381
20	0.01092	0.00640	0.00733	0.00640	0.00826	0.00648	0.00511	0.17648	0.01275	0.11622	0.16235	0.02109	0.03210	0.00657	0.00419	0.00128	0.00301	0.06371	0.34410	0.00524
21	0.00987	0.00887	0.01506	0.48599	0.31417	0.00993	0.02861	0.01265	0.00949	0.05100	0.00849	0.01163	0.00655	0.00428	0.00442	0.00141	0.00559	0.00398	0.00222	0.00581
22	0.00707	0.00604	0.00636	0.00648	0.00781	0.04098	0.00488	0.01037	0.16074	0.01328	0.05726	0.24681	0.31334	0.01064	0.00523	0.00161	0.00299	0.08955	0.00412	0.00442
23	0.00546	0.00390	0.00519	0.00619	0.00647	0.00365	0.00418	0.00626	0.00847	0.01129	0.02410	0.79804	0.02882	0.03044	0.00599	0.00185	0.00265	0.03940	0.00407	0.00359
24	0.00985	0.00646	0.03293	0.00704	0.00871	0.00606	0.00547	0.04010	0.14986	0.16150	0.06860	0.35422	0.02050	0.00912	0.00483	0.00153	0.00306	0.00799	0.09695	0.00522
25	0.01752	0.01527	0.01202	0.01010	0.01298	0.41455	0.00791	0.18823	0.01433	0.24816	0.01070	0.01057	0.00760	0.00498	0.00421	0.00124	0.00608	0.00355	0.00366	0.00633
26	0.00650	0.00451	0.00671	0.00678	0.00739	0.00508	0.00511	0.00737	0.00694	0.00984	0.01191	0.07282	0.01166	0.02852	0.62138	0.16670	0.00972	0.00510	0.00240	0.00354
27	0.05462	0.00819	0.03393	0.00800	0.01148	0.00702	0.00678	0.05073	0.01264	0.73355	0.01642	0.01437	0.01039	0.00537	0.00436	0.00137	0.00387	0.00430	0.00521	0.00737
28	0.00942	0.00619	0.00729	0.00674	0.00830	0.03364	0.00510	0.01265	0.12689	0.15354	0.37199	0.17982	0.04292	0.00878	0.00501	0.00147	0.00287	0.00766	0.00467	0.00506
29	0.04662	0.00848	0.01402	0.61500	0.20806	0.00997	0.01223	0.01187	0.00905	0.01237	0.00788	0.01138	0.00609	0.00429	0.00433	0.00143	0.00563	0.00386	0.00205	0.00538

[dist]
# distance from previous block
# <min> <max>
1	53

[block]
# block no. 6 follows, 59 sequences, length 15
# corresponding to MSA columns:
# 455-469
name=unknown_G
#
# <colnr> <probs for GDERKNQSTAVLIFYWHMCP>
#	G	D	E	R	K	N	Q	S	T	A	V	L	I	F	Y	W	H	M	C	P
0	0.60641	0.04833	0.02579	0.00793	0.04640	0.10455	0.00622	0.05406	0.00917	0.04718	0.00699	0.00793	0.00540	0.00424	0.00313	0.00132	0.00423	0.00268	0.00278	0.00524
1	0.00972	0.00765	0.01101	0.40663	0.03539	0.04762	0.00910	0.03666	0.00885	0.07582	0.00889	0.01253	0.00717	0.00945	0.08069	0.17848	0.04345	0.00397	0.00237	0.00456
2	0.01040	0.00990	0.03008	0.22850	0.14660	0.01045	0.20109	0.04563	0.15905	0.03700	0.01060	0.02377	0.00823	0.00501	0.00526	0.02067	0.03448	0.00455	0.00275	0.00599
3	0.00880	0.00750	0.00872	0.00649	0.01004	0.00579	0.00513	0.01095	0.03186	0.01420	0.01082	0.06214	0.04459	0.00436	0.00354	0.00079	0.00319	0.00360	0.00283	0.75466
4	0.06143	0.00616	0.00695	0.00667	0.00834	0.00626	0.00513	0.01269	0.20653	0.08271	0.13087	0.16627	0.20222	0.00924	0.00496	0.00156	0.00293	0.06979	0.00433	0.00497
5	0.00728	0.00459	0.00591	0.00581	0.00654	0.00448	0.00407	0.02020	0.00928	0.06203	0.24495	0.18573	0.02436	0.21889	0.09049	0.05630	0.00392	0.00751	0.03389	0.00378
6	0.00691	0.00466	0.00584	0.00553	0.00677	0.00419	0.00415	0.00865	0.01166	0.07212	0.52863	0.09932	0.20570	0.00964	0.00519	0.00144	0.00227	0.00840	0.00468	0.00426
7	0.06641	0.37443	0.08489	0.00945	0.01281	0.32941	0.00854	0.04581	0.01075	0.01211	0.00673	0.00776	0.00569	0.00419	0.00345	0.00110	0.00605	0.00269	0.00219	0.00555
8	0.00677	0.00460	0.00587	0.00636	0.00712	0.00440	0.00448	0.00863	0.06989	0.06113	0.09116	0.60483	0.07035	0.01216	0.00543	0.00170	0.00267	0.02403	0.00428	0.00415
9	0.01228	0.71310	0.02207	0.00852	0.01217	0.10936	0.04589	0.01377	0.00945	0.01062	0.00635	0.00742	0.00572	0.00386	0.00308	0.00099	0.00522	0.00255	0.00195	0.00562
10	0.00808	0.00654	0.00780	0.00617	0.00886	0.00536	0.00482	0.03415	0.01083	0.01592	0.31432	0.02005	0.06493	0.00595	0.00415	0.00100	0.00281	0.00506	0.00360	0.46962
11	0.44807	0.00965	0.03286	0.15790	0.03251	0.01063	0.03602	0.13754	0.06646	0.01895	0.00819	0.00952	0.00617	0.00446	0.00359	0.00139	0.00437	0.00326	0.00293	0.00553
12	0.01077	0.09964	0.22534	0.01385	0.01834	0.01090	0.36383	0.06209	0.01062	0.06398	0.01014	0.07168	0.00827	0.00479	0.00464	0.00141	0.00619	0.00484	0.00257	0.00609
13	0.64258	0.00963	0.00772	0.00660	0.00951	0.07100	0.00535	0.06314	0.00895	0.01893	0.00671	0.00771	0.00526	0.00410	0.00300	0.00125	0.00383	0.00256	0.00279	0.11938
14	0.08285	0.00792	0.02479	0.00826	0.01058	0.00776	0.07956	0.16187	0.03348	0.05094	0.08233	0.08286	0.13116	0.05918	0.00599	0.00164	0.01594	0.09101	0.00375	0.05814

[dist]
# distance from previous block
# <min> <max>
0	6

[block]
# block no. 7 follows, 59 sequences, length 11
# corresponding to MSA columns:
# 476-486
name=unknown_H
#
# <colnr> <probs for GDERKNQSTAVLIFYWHMCP>
#	G	D	E	R	K	N	Q	S	T	A	V	L	I	F	Y	W	H	M	C	P
0	0.00720	0.00596	0.00621	0.00602	0.00739	0.05051	0.00442	0.00936	0.08499	0.02766	0.15148	0.19015	0.30159	0.03673	0.00609	0.03765	0.00293	0.00821	0.00396	0.05146
1	0.01543	0.03035	0.01099	0.00849	0.01157	0.00966	0.00691	0.30323	0.11794	0.28091	0.01445	0.05923	0.01068	0.00576	0.00434	0.00133	0.00397	0.00463	0.04595	0.05416
2	0.00638	0.00472	0.00551	0.00540	0.00678	0.00410	0.00405	0.00777	0.01043	0.04687	0.21342	0.16405	0.40327	0.01049	0.00518	0.00149	0.00245	0.04260	0.00425	0.05078
3	0.00993	0.00831	0.00957	0.00691	0.01079	0.00668	0.00555	0.09120	0.01033	0.01575	0.00813	0.00930	0.00664	0.00348	0.00339	0.00072	0.00343	0.00275	0.00280	0.78433
4	0.73358	0.00845	0.00694	0.00607	0.00879	0.00960	0.00498	0.05589	0.00862	0.06564	0.00748	0.00831	0.00564	0.00430	0.00294	0.00135	0.00344	0.00269	0.05025	0.00505
5	0.01349	0.00991	0.01016	0.00856	0.01121	0.05820	0.00680	0.24220	0.32287	0.10869	0.01459	0.01415	0.01070	0.00552	0.00421	0.00134	0.00395	0.00438	0.14245	0.00663
6	0.00576	0.00431	0.00535	0.00573	0.00657	0.00394	0.00418	0.00706	0.01001	0.01320	0.23166	0.33317	0.22967	0.03534	0.00595	0.00171	0.00255	0.08581	0.00425	0.00379
7	0.23451	0.00947	0.01000	0.00810	0.01111	0.01020	0.00661	0.28673	0.10687	0.19629	0.06705	0.01292	0.01060	0.00537	0.00406	0.00137	0.00390	0.00407	0.00426	0.00653
8	0.04074	0.00741	0.00958	0.00775	0.01078	0.00679	0.00636	0.01979	0.09279	0.61672	0.01910	0.01888	0.05684	0.00626	0.00456	0.00143	0.00366	0.05849	0.00512	0.00694
9	0.00901	0.00611	0.00723	0.00692	0.00846	0.00613	0.00524	0.06892	0.15023	0.10591	0.08611	0.27998	0.14704	0.03115	0.00558	0.00166	0.00309	0.06189	0.00437	0.00499
10	0.00996	0.00725	0.00863	0.00742	0.00963	0.00717	0.00578	0.11766	0.10646	0.07415	0.05446	0.19211	0.01520	0.00909	0.06368	0.00172	0.03392	0.01746	0.03985	0.21839

[dist]
# distance from previous block
# <min> <max>
12	37

[block]
# block no. 8 follows, 59 sequences, length 14
# corresponding to MSA columns:
# 534-547
name=unknown_I
#
# <colnr> <probs for GDERKNQSTAVLIFYWHMCP>
#	G	D	E	R	K	N	Q	S	T	A	V	L	I	F	Y	W	H	M	C	P
0	0.00976	0.05110	0.11685	0.06090	0.29777	0.03304	0.10583	0.01284	0.03459	0.02870	0.12557	0.04943	0.01297	0.00626	0.03388	0.00157	0.00535	0.00491	0.00273	0.00593
1	0.02725	0.03023	0.07611	0.04374	0.05129	0.05954	0.07538	0.04258	0.04442	0.19839	0.03041	0.16484	0.03287	0.00712	0.00472	0.00147	0.00449	0.06488	0.00369	0.03660
2	0.01012	0.00823	0.00985	0.00723	0.01102	0.00674	0.02563	0.04090	0.07379	0.05386	0.00925	0.01015	0.00735	0.00368	0.00351	0.00080	0.00347	0.00301	0.00296	0.70847
3	0.00660	0.00429	0.00555	0.00616	0.00688	0.00392	0.00435	0.00756	0.00910	0.07620	0.02653	0.62519	0.13506	0.01272	0.00551	0.00173	0.00269	0.05181	0.00421	0.00395
4	0.00819	0.00593	0.00697	0.00622	0.00776	0.00592	0.00480	0.13662	0.04374	0.01874	0.52207	0.02835	0.10401	0.00821	0.00489	0.00136	0.00260	0.00705	0.07181	0.00477
5	0.00694	0.00510	0.00731	0.00794	0.06506	0.00562	0.00527	0.00768	0.00705	0.00989	0.01212	0.07177	0.01254	0.23455	0.37229	0.10990	0.04744	0.00546	0.00247	0.00361
6	0.00900	0.00804	0.00930	0.00846	0.00902	0.10041	0.01643	0.02540	0.00767	0.01030	0.00925	0.02512	0.00919	0.14331	0.17359	0.15054	0.25294	0.00444	0.02371	0.00390
7	0.00623	0.00438	0.00568	0.00583	0.00615	0.00463	0.00390	0.00691	0.00696	0.00956	0.01467	0.14183	0.01615	0.43430	0.30843	0.00493	0.00674	0.00670	0.00277	0.00326
8	0.79889	0.00848	0.00673	0.00587	0.00871	0.00955	0.00482	0.01282	0.00766	0.01933	0.00630	0.00735	0.00494	0.00403	0.00278	0.00130	0.00340	0.00241	0.00272	0.08189
9	0.01054	0.00839	0.01137	0.03416	0.06277	0.02330	0.02224	0.08968	0.00976	0.09855	0.01301	0.13219	0.03405	0.02769	0.03680	0.00194	0.31964	0.05560	0.00312	0.00521
10	0.03008	0.02711	0.14899	0.03375	0.06570	0.03790	0.03014	0.03906	0.21017	0.10072	0.04999	0.12602	0.01356	0.04067	0.00525	0.00155	0.00439	0.00549	0.00354	0.02591
11	0.01339	0.09355	0.07801	0.06306	0.04491	0.17467	0.00900	0.23297	0.16399	0.03220	0.01051	0.01119	0.00803	0.00608	0.03784	0.00154	0.00569	0.00377	0.00325	0.00635
12	0.00838	0.00704	0.00824	0.00626	0.00947	0.00544	0.00488	0.01015	0.00929	0.01405	0.06518	0.06678	0.05969	0.03570	0.00437	0.00096	0.00312	0.00416	0.00295	0.67389
13	0.13229	0.02710	0.11514	0.06281	0.03431	0.08426	0.03363	0.19142	0.09599	0.03737	0.01093	0.08454	0.00919	0.00623	0.02057	0.00153	0.03910	0.00446	0.00320	0.00595

[dist]
# distance from previous block
# <min> <max>
1	3

[block]
# block no. 9 follows, 59 sequences, length 21
# corresponding to MSA columns:
# 551-571
name=unknown_J
#
# <colnr> <probs for GDERKNQSTAVLIFYWHMCP>
#	G	D	E	R	K	N	Q	S	T	A	V	L	I	F	Y	W	H	M	C	P
0	0.04301	0.00744	0.04949	0.03093	0.03194	0.00645	0.00614	0.06580	0.04891	0.11175	0.13060	0.10460	0.16575	0.00768	0.00464	0.00137	0.00336	0.04353	0.00391	0.13272
1	0.01132	0.17398	0.06688	0.05639	0.31250	0.03426	0.03402	0.06276	0.08585	0.03776	0.03701	0.01221	0.00886	0.00461	0.00413	0.00127	0.00498	0.02008	0.00269	0.02845
2	0.00645	0.00474	0.00614	0.00657	0.00713	0.00478	0.00467	0.05269	0.00949	0.01286	0.11268	0.57511	0.02714	0.05163	0.03227	0.00202	0.03647	0.03926	0.00400	0.00392
3	0.00646	0.00470	0.00675	0.00674	0.00732	0.00535	0.00503	0.00753	0.00695	0.00988	0.01222	0.05082	0.01217	0.15454	0.60023	0.06154	0.03049	0.00522	0.00244	0.00363
4	0.01115	0.09976	0.09608	0.16320	0.21054	0.21123	0.01067	0.01358	0.02325	0.01227	0.00950	0.08146	0.00865	0.00527	0.00426	0.00133	0.00582	0.02400	0.00235	0.00561
5	0.03470	0.00858	0.06509	0.08825	0.07006	0.00787	0.03695	0.05200	0.13548	0.10379	0.10087	0.13019	0.03011	0.00686	0.00463	0.00143	0.00399	0.03700	0.00368	0.07846
6	0.00590	0.00436	0.00581	0.00611	0.00687	0.00403	0.02627	0.00716	0.00964	0.01306	0.19409	0.46159	0.13118	0.02821	0.00572	0.00168	0.00262	0.03907	0.04281	0.00382
7	0.00700	0.00537	0.00626	0.00593	0.00730	0.00526	0.00450	0.02944	0.12203	0.01618	0.41943	0.04901	0.21337	0.03029	0.00551	0.00152	0.00251	0.03390	0.03070	0.00448
8	0.06349	0.04748	0.10665	0.04458	0.11959	0.08310	0.03480	0.29466	0.09029	0.05762	0.01010	0.01079	0.00748	0.00479	0.00422	0.00133	0.00522	0.00379	0.00334	0.00669
9	0.01049	0.01140	0.11829	0.28786	0.16056	0.05511	0.10824	0.04140	0.00995	0.05961	0.00886	0.01183	0.00689	0.03089	0.00562	0.02454	0.02827	0.00405	0.01047	0.00570
10	0.00569	0.00409	0.00530	0.00618	0.00670	0.00383	0.00441	0.00671	0.00890	0.01177	0.02617	0.61862	0.11510	0.01306	0.00558	0.00177	0.00272	0.11984	0.02987	0.00369
11	0.09277	0.00793	0.01029	0.05548	0.01229	0.00743	0.00680	0.06903	0.01249	0.65507	0.01547	0.01389	0.00990	0.00528	0.00429	0.00137	0.00392	0.00421	0.00496	0.00713
12	0.03302	0.14455	0.28367	0.08543	0.04939	0.01035	0.06075	0.04715	0.03015	0.03059	0.04837	0.10886	0.02672	0.00577	0.00443	0.00139	0.01620	0.00484	0.00264	0.00573
13	0.03400	0.00789	0.02761	0.00791	0.01017	0.03897	0.05168	0.07785	0.11240	0.17137	0.28427	0.07437	0.04149	0.00719	0.00473	0.00141	0.00351	0.00620	0.03138	0.00559
14	0.00719	0.00474	0.00581	0.00572	0.00669	0.00447	0.00407	0.00888	0.04840	0.06938	0.26906	0.21257	0.14073	0.13895	0.00816	0.02540	0.00278	0.00837	0.02458	0.00405
15	0.09296	0.06143	0.09765	0.06128	0.04389	0.21090	0.00854	0.12248	0.06434	0.04130	0.01082	0.06909	0.00956	0.04726	0.00509	0.00150	0.00539	0.03795	0.00300	0.00559
16	0.03527	0.03053	0.10631	0.13357	0.08900	0.02226	0.15376	0.08536	0.03843	0.12421	0.01239	0.02669	0.03168	0.03151	0.00516	0.00154	0.00534	0.05794	0.00308	0.00597
17	0.00908	0.00878	0.03281	0.52743	0.10904	0.00981	0.09467	0.03852	0.00927	0.01229	0.00815	0.01179	0.00637	0.00576	0.02630	0.05178	0.02683	0.00406	0.00210	0.00516
18	0.00805	0.00489	0.00593	0.02687	0.00721	0.00485	0.00434	0.04380	0.00918	0.06436	0.03425	0.19503	0.03828	0.22186	0.00950	0.02420	0.00331	0.08705	0.20308	0.00396
19	0.01233	0.05197	0.27908	0.01169	0.05559	0.03820	0.06977	0.11960	0.07156	0.14865	0.03435	0.01211	0.00876	0.00600	0.03671	0.00160	0.02832	0.00402	0.00316	0.00653
20	0.08725	0.07357	0.14808	0.08276	0.04905	0.08499	0.03875	0.05801	0.03257	0.10116	0.06304	0.03909	0.01094	0.01275	0.01460	0.00150	0.04325	0.04994	0.00303	0.00569

[dist]
# distance from previous block
# <min> <max>
0	16

[block]
# block no. 10 follows, 59 sequences, length 17
# corresponding to MSA columns:
# 588-590,593-606
name=unknown_K
#
# <colnr> <probs for GDERKNQSTAVLIFYWHMCP>
#	G	D	E	R	K	N	Q	S	T	A	V	L	I	F	Y	W	H	M	C	P
0	0.01453	0.30920	0.03629	0.00951	0.01254	0.36229	0.00806	0.08247	0.01175	0.07252	0.00835	0.03826	0.00707	0.00473	0.00371	0.00113	0.00602	0.00325	0.00261	0.00567
1	0.01006	0.05083	0.05350	0.19898	0.15370	0.00901	0.07157	0.05519	0.01027	0.05537	0.04411	0.03585	0.01932	0.01939	0.00461	0.00132	0.00484	0.03175	0.00274	0.16758
2	0.01043	0.12120	0.13706	0.20272	0.08467	0.03210	0.05520	0.09244	0.03079	0.05050	0.01194	0.09777	0.04326	0.00566	0.00437	0.00139	0.00516	0.00484	0.00276	0.00574
3	0.12841	0.00739	0.00838	0.03656	0.01010	0.02176	0.00578	0.10031	0.05290	0.25256	0.13648	0.08036	0.09419	0.00694	0.00443	0.00140	0.00342	0.00569	0.03724	0.00570
4	0.02046	0.00969	0.01267	0.31189	0.18183	0.09419	0.01005	0.08561	0.03320	0.05003	0.00959	0.01255	0.00765	0.03621	0.06624	0.00188	0.00591	0.00401	0.04077	0.00558
5	0.01086	0.00982	0.07249	0.04543	0.02289	0.09057	0.03875	0.09470	0.07037	0.11027	0.15897	0.10762	0.05901	0.00801	0.02850	0.00162	0.04147	0.01941	0.00376	0.00547
6	0.07738	0.01029	0.01099	0.00874	0.01171	0.03972	0.00702	0.41527	0.05696	0.20315	0.01243	0.01355	0.00926	0.09595	0.00624	0.00166	0.00449	0.00424	0.00427	0.00668
7	0.78349	0.00843	0.00690	0.00603	0.00884	0.00954	0.00497	0.01391	0.00807	0.10629	0.00737	0.00802	0.00545	0.00425	0.00292	0.00137	0.00345	0.00261	0.00303	0.00508
8	0.00836	0.00479	0.00576	0.00571	0.00693	0.00455	0.00439	0.01022	0.02450	0.10156	0.13107	0.12584	0.10132	0.05027	0.00548	0.00157	0.00275	0.12067	0.27990	0.00436
9	0.00559	0.00439	0.00483	0.00487	0.00594	0.00387	0.00346	0.00667	0.00978	0.01234	0.16827	0.11384	0.49075	0.13646	0.00785	0.00192	0.00255	0.00896	0.00402	0.00363
10	0.00709	0.00522	0.00574	0.00545	0.00707	0.00478	0.00413	0.00961	0.09688	0.07370	0.15308	0.07013	0.52086	0.00999	0.00510	0.00148	0.00248	0.00843	0.00436	0.00442
11	0.01259	0.36023	0.01563	0.00880	0.01139	0.34147	0.00732	0.01388	0.01061	0.01120	0.06865	0.09955	0.01090	0.00557	0.00378	0.00115	0.00560	0.00408	0.00251	0.00511
12	0.03141	0.00850	0.00922	0.00861	0.01076	0.00964	0.00678	0.04224	0.59286	0.01749	0.01872	0.08236	0.01598	0.00740	0.00476	0.00159	0.00354	0.11749	0.00436	0.00628
13	0.04438	0.00660	0.00734	0.00611	0.00851	0.00609	0.00489	0.09116	0.01047	0.04428	0.01235	0.01612	0.01036	0.02013	0.00393	0.00110	0.00308	0.07238	0.33155	0.29917
14	0.54228	0.00857	0.00843	0.09596	0.01180	0.00945	0.00614	0.07385	0.00950	0.13403	0.00839	0.00918	0.00610	0.00437	0.00332	0.00133	0.00383	0.00299	0.00316	0.05732
15	0.00844	0.00482	0.00639	0.00606	0.00690	0.00471	0.00435	0.02938	0.03894	0.08318	0.18557	0.08340	0.05237	0.05053	0.03189	0.36778	0.00349	0.00588	0.02235	0.00357
16	0.00693	0.00620	0.03477	0.03536	0.00869	0.00565	0.02524	0.02898	0.11091	0.01437	0.21997	0.07660	0.33270	0.06642	0.00625	0.00167	0.00299	0.00780	0.00404	0.00445

[dist]
# distance from previous block
# <min> <max>
0	15

[block]
# block no. 11 follows, 59 sequences, length 24
# corresponding to MSA columns:
# 622-645
name=unknown_L
#
# <colnr> <probs for GDERKNQSTAVLIFYWHMCP>
#	G	D	E	R	K	N	Q	S	T	A	V	L	I	F	Y	W	H	M	C	P
0	0.00715	0.00544	0.00816	0.00758	0.00855	0.00598	0.05146	0.00859	0.00792	0.04075	0.05255	0.08599	0.05269	0.10714	0.46940	0.00497	0.06290	0.00587	0.00282	0.00409
1	0.03520	0.14810	0.22346	0.02235	0.12066	0.01112	0.11064	0.02823	0.09437	0.14057	0.01034	0.01114	0.00761	0.00447	0.00426	0.00133	0.01296	0.00382	0.00286	0.00652
2	0.00851	0.00655	0.05007	0.00725	0.00868	0.01961	0.01989	0.02400	0.03124	0.10679	0.05765	0.34539	0.08992	0.02300	0.00588	0.00165	0.05065	0.06724	0.07143	0.00460
3	0.00571	0.00462	0.00627	0.00630	0.00731	0.00415	0.05329	0.00689	0.00947	0.01221	0.09621	0.44982	0.29757	0.01190	0.00543	0.00164	0.00271	0.01061	0.00405	0.00383
4	0.03642	0.00819	0.05179	0.05014	0.11315	0.03029	0.01989	0.04423	0.03383	0.08855	0.11106	0.17772	0.10342	0.00809	0.00574	0.00153	0.08056	0.02663	0.00356	0.00519
5	0.01094	0.05760	0.01265	0.01056	0.02766	0.10854	0.00844	0.06084	0.04749	0.03741	0.00861	0.05023	0.00799	0.00909	0.06872	0.02915	0.43228	0.00422	0.00250	0.00510
6	0.01206	0.00621	0.00762	0.00663	0.00877	0.00576	0.00519	0.02855	0.08409	0.33091	0.06526	0.08953	0.19424	0.04785	0.00559	0.00158	0.00316	0.03363	0.05779	0.00558
7	0.01108	0.00557	0.00712	0.00617	0.00813	0.00488	0.00481	0.01253	0.01143	0.31539	0.24621	0.06100	0.22877	0.00876	0.00552	0.04289	0.00285	0.00700	0.00472	0.00517
8	0.02750	0.10194	0.14817	0.08896	0.09114	0.01176	0.10394	0.18313	0.07481	0.07689	0.00983	0.01100	0.00731	0.00471	0.00469	0.00137	0.03947	0.00391	0.00299	0.00648
9	0.01446	0.03472	0.20323	0.01047	0.05591	0.03706	0.03402	0.04587	0.09044	0.36640	0.01488	0.01421	0.04748	0.00527	0.00439	0.00137	0.00472	0.00432	0.00394	0.00684
10	0.00631	0.00421	0.00500	0.00517	0.00524	0.00420	0.00308	0.00641	0.00674	0.00902	0.01520	0.15754	0.01755	0.63904	0.05275	0.04533	0.00430	0.00721	0.00285	0.00284
11	0.04737	0.07036	0.22886	0.06033	0.08383	0.13760	0.06609	0.14465	0.02048	0.01546	0.00897	0.03889	0.00728	0.00609	0.04343	0.00160	0.00623	0.00386	0.00258	0.00603
12	0.00865	0.00514	0.00641	0.00570	0.00736	0.00455	0.00439	0.01047	0.01172	0.15538	0.44682	0.02970	0.18092	0.00835	0.00487	0.00135	0.00245	0.00717	0.05835	0.04025
13	0.01310	0.40382	0.03821	0.00900	0.01210	0.26739	0.00787	0.04155	0.10880	0.01243	0.00834	0.00907	0.00693	0.00441	0.00349	0.00110	0.00552	0.00298	0.03820	0.00568
14	0.00808	0.00594	0.00689	0.00632	0.00779	0.03370	0.01690	0.01110	0.10608	0.07258	0.41686	0.06982	0.14153	0.03461	0.00550	0.00150	0.00277	0.00737	0.03998	0.00466
15	0.00574	0.00446	0.00524	0.00527	0.00643	0.00396	0.00395	0.00725	0.01086	0.01420	0.34369	0.12251	0.38821	0.01067	0.00531	0.00151	0.00231	0.05015	0.00440	0.00390
16	0.00570	0.00423	0.00525	0.00562	0.00637	0.00387	0.00398	0.00689	0.00983	0.01305	0.23878	0.37935	0.20144	0.05918	0.00641	0.00177	0.00252	0.03781	0.00422	0.00374
17	0.00740	0.00505	0.00642	0.00591	0.00722	0.00478	0.00449	0.01017	0.06906	0.06737	0.68469	0.03100	0.06198	0.00866	0.00511	0.00140	0.00229	0.00760	0.00485	0.00456
18	0.00573	0.00428	0.00530	0.00588	0.00661	0.00394	0.00419	0.01981	0.00955	0.01246	0.10657	0.50907	0.21714	0.01249	0.00550	0.00169	0.00257	0.05926	0.00418	0.00377
19	0.34032	0.35870	0.13666	0.00747	0.01112	0.01280	0.00759	0.01309	0.00849	0.01485	0.00685	0.00795	0.00562	0.00404	0.00302	0.00118	0.00436	0.00260	0.04793	0.00538
20	0.01283	0.05277	0.01875	0.01369	0.01701	0.08226	0.32832	0.24899	0.04262	0.01746	0.00905	0.01083	0.00694	0.00486	0.00592	0.00144	0.11277	0.00432	0.00292	0.00623
21	0.05091	0.07224	0.67518	0.01152	0.01751	0.01038	0.01443	0.01369	0.00920	0.01407	0.00772	0.00907	0.00563	0.00410	0.00398	0.00132	0.00603	0.00312	0.00196	0.06795
22	0.00941	0.00875	0.03974	0.52142	0.11965	0.00961	0.03584	0.04156	0.05168	0.04040	0.00963	0.03467	0.00778	0.04529	0.00534	0.00159	0.00548	0.00437	0.00243	0.00539
23	0.00592	0.04856	0.00649	0.00684	0.03316	0.00456	0.00457	0.00683	0.00869	0.01152	0.04374	0.72271	0.05448	0.01277	0.00542	0.00171	0.00274	0.01151	0.00394	0.00383

[dist]
# distance from previous block
# <min> <max>
0	3

[block]
# block no. 12 follows, 59 sequences, length 8
# corresponding to MSA columns:
# 649-656
name=unknown_M
#
# <colnr> <probs for GDERKNQSTAVLIFYWHMCP>
#	G	D	E	R	K	N	Q	S	T	A	V	L	I	F	Y	W	H	M	C	P
0	0.01312	0.02707	0.05403	0.00891	0.01146	0.21036	0.00731	0.22355	0.07460	0.06663	0.08135	0.03649	0.05393	0.00649	0.00505	0.04948	0.00488	0.00459	0.05499	0.00570
1	0.00998	0.23163	0.24171	0.01170	0.12576	0.01132	0.01025	0.05981	0.06431	0.01354	0.01023	0.08007	0.00921	0.04110	0.05941	0.00180	0.00550	0.00428	0.00250	0.00589
2	0.00643	0.06031	0.00690	0.00664	0.00742	0.00503	0.00509	0.00764	0.00914	0.01197	0.06547	0.42294	0.05772	0.06912	0.00670	0.00194	0.00323	0.23858	0.00389	0.00384
3	0.03306	0.00786	0.01187	0.08276	0.19031	0.00813	0.07979	0.08201	0.07082	0.01501	0.05687	0.22345	0.03379	0.00786	0.00495	0.00155	0.00428	0.07685	0.00338	0.00538
4	0.00991	0.01048	0.04852	0.32931	0.29238	0.05769	0.09638	0.01310	0.03953	0.01303	0.00990	0.01258	0.03872	0.00451	0.00449	0.00140	0.00575	0.00423	0.00226	0.00583
5	0.01130	0.32921	0.03393	0.11655	0.10431	0.09551	0.03058	0.06008	0.05309	0.01272	0.00909	0.07447	0.00825	0.00512	0.00428	0.00125	0.03815	0.00398	0.00244	0.00567
6	0.00769	0.00573	0.00646	0.00645	0.00726	0.05917	0.00458	0.00867	0.00860	0.05582	0.08240	0.21898	0.01976	0.26005	0.14804	0.00329	0.00513	0.05624	0.00336	0.03234
7	0.18246	0.07778	0.02618	0.02887	0.04264	0.00838	0.00625	0.08977	0.01036	0.08447	0.05577	0.14281	0.01211	0.00593	0.00391	0.00123	0.00365	0.00481	0.00331	0.20929

[dist]
# distance from previous block
# <min> <max>
8	28

[block]
# block no. 13 follows, 59 sequences, length 17
# corresponding to MSA columns:
# 689-705
name=unknown_N
#
# <colnr> <probs for GDERKNQSTAVLIFYWHMCP>
#	G	D	E	R	K	N	Q	S	T	A	V	L	I	F	Y	W	H	M	C	P
0	0.01052	0.12223	0.03265	0.00842	0.01192	0.04360	0.07793	0.04396	0.00994	0.05879	0.00969	0.08101	0.00859	0.00466	0.00400	0.00100	0.02202	0.00388	0.00279	0.44238
1	0.01062	0.00993	0.01653	0.04412	0.69769	0.01001	0.01251	0.04322	0.01030	0.01460	0.00976	0.08232	0.00890	0.00485	0.00448	0.00136	0.00502	0.00468	0.00243	0.00667
2	0.01542	0.01160	0.01308	0.01128	0.08222	0.01262	0.00850	0.66638	0.01881	0.02536	0.01108	0.05634	0.00863	0.00559	0.00445	0.00133	0.00472	0.00440	0.00415	0.03403
3	0.55151	0.09433	0.06111	0.00869	0.07952	0.01101	0.00691	0.09200	0.00936	0.01870	0.00694	0.00802	0.00543	0.00416	0.00316	0.00130	0.00404	0.00274	0.00271	0.02836
4	0.80152	0.00848	0.00672	0.00587	0.00871	0.00956	0.00482	0.01282	0.00766	0.01935	0.00630	0.00735	0.00493	0.00403	0.00278	0.00131	0.00340	0.00241	0.00272	0.07926
5	0.00890	0.00494	0.00630	0.00567	0.00711	0.00455	0.00436	0.01091	0.01192	0.15219	0.53157	0.02689	0.03085	0.00771	0.00468	0.00132	0.00236	0.00667	0.16638	0.00472
6	0.00729	0.00618	0.05383	0.00622	0.00782	0.00518	0.00512	0.06210	0.01228	0.03421	0.54606	0.03125	0.13835	0.03885	0.00572	0.00152	0.00271	0.02634	0.00447	0.00449
7	0.01092	0.14598	0.39047	0.01134	0.03556	0.04474	0.05804	0.08106	0.03697	0.05902	0.03092	0.04223	0.00831	0.00482	0.00415	0.00132	0.00561	0.00389	0.00260	0.02207
8	0.00788	0.00720	0.01181	0.68187	0.02601	0.00873	0.01075	0.01056	0.00921	0.01193	0.08894	0.06143	0.03467	0.00560	0.00459	0.00148	0.00522	0.00497	0.00243	0.00472
9	0.02656	0.28169	0.10166	0.00928	0.01308	0.07290	0.00862	0.29384	0.05273	0.03310	0.00886	0.00938	0.00684	0.00453	0.00376	0.00117	0.00501	0.00325	0.00306	0.06068
10	0.05494	0.15334	0.08579	0.06639	0.13646	0.01123	0.14323	0.04679	0.04901	0.07661	0.01967	0.01083	0.00742	0.00440	0.00457	0.00129	0.04450	0.00378	0.00265	0.07708
11	0.10725	0.12242	0.19181	0.04653	0.09318	0.01068	0.03389	0.08858	0.03520	0.13538	0.05389	0.01163	0.00891	0.00479	0.00429	0.00133	0.02613	0.00376	0.00304	0.01732
12	0.00787	0.02739	0.02819	0.00702	0.00820	0.00589	0.06418	0.02011	0.03187	0.04876	0.05412	0.03731	0.04276	0.33642	0.16632	0.06283	0.00566	0.01681	0.02442	0.00388
13	0.00787	0.00701	0.01132	0.54913	0.06698	0.00822	0.01022	0.01024	0.00902	0.01160	0.01368	0.07586	0.07562	0.00679	0.00517	0.03013	0.00506	0.08891	0.00252	0.00465
14	0.02280	0.00979	0.04917	0.30937	0.09944	0.00997	0.16662	0.07011	0.05461	0.08760	0.02154	0.01364	0.02925	0.00488	0.00478	0.00145	0.02040	0.01592	0.00280	0.00587
15	0.04554	0.03350	0.12984	0.06557	0.17054	0.03493	0.05752	0.08854	0.05064	0.10100	0.01077	0.04830	0.00900	0.07729	0.00652	0.00166	0.05544	0.00447	0.00293	0.00601
16	0.01224	0.00842	0.02508	0.00879	0.01114	0.02952	0.06657	0.13571	0.11674	0.18129	0.07314	0.13355	0.02940	0.03138	0.00588	0.03508	0.00409	0.04827	0.03783	0.00587

[dist]
# distance from previous block
# <min> <max>
0	9

[block]
# block no. 14 follows, 59 sequences, length 13
# corresponding to MSA columns:
