[name]
unknown

[dist]
# distance from previous block
# <min> <max>
0	205

[block]
# block no. 0 follows, 63 sequences, length 14
# corresponding to MSA columns:
# 283-296
name=unknown_A
#
# <colnr> <probs for GDERKNQSTAVLIFYWHMCP>
#	G	D	E	R	K	N	Q	S	T	A	V	L	I	F	Y	W	H	M	C	P
0	0.07896	0.05502	0.12095	0.01088	0.12127	0.03126	0.03465	0.05741	0.13692	0.13125	0.01174	0.01292	0.03291	0.02631	0.00459	0.00133	0.02212	0.01897	0.00311	0.08744
1	0.09389	0.14949	0.18420	0.01028	0.05971	0.03155	0.06619	0.10780	0.05785	0.10244	0.07233	0.01144	0.00928	0.00466	0.00406	0.00126	0.02103	0.00370	0.00293	0.00591
2	0.02838	0.15007	0.16767	0.00949	0.05647	0.09130	0.00848	0.08242	0.06118	0.13437	0.07832	0.02764	0.02668	0.00496	0.00389	0.00119	0.00456	0.00389	0.00308	0.05596
3	0.03487	0.12795	0.16998	0.01105	0.06004	0.05366	0.11937	0.12637	0.05511	0.08531	0.03722	0.01169	0.00838	0.05076	0.00510	0.00141	0.01801	0.00384	0.00281	0.01708
4	0.07882	0.09382	0.42324	0.01120	0.07269	0.03069	0.03772	0.03089	0.02368	0.06141	0.02996	0.05887	0.00814	0.00507	0.01512	0.00137	0.00529	0.00382	0.00239	0.00581
5	0.01047	0.31576	0.02265	0.01320	0.01705	0.01265	0.46193	0.04404	0.00974	0.01259	0.00810	0.03795	0.00678	0.00395	0.00413	0.00123	0.00590	0.00417	0.00215	0.00555
6	0.00763	0.07334	0.02489	0.05034	0.06917	0.04429	0.05103	0.01001	0.06346	0.01331	0.27287	0.06144	0.14562	0.08718	0.00614	0.00158	0.00354	0.00631	0.00341	0.00444
7	0.00569	0.00429	0.00526	0.00501	0.00612	0.00386	0.00376	0.00743	0.01128	0.01539	0.61540	0.03382	0.24900	0.00914	0.00496	0.00135	0.00202	0.00794	0.00443	0.00386
8	0.01224	0.32788	0.01486	0.00869	0.01146	0.24693	0.00727	0.01712	0.28716	0.01264	0.00989	0.01005	0.00795	0.00453	0.00355	0.00113	0.00497	0.00324	0.00275	0.00568
9	0.00839	0.00714	0.00835	0.00619	0.00964	0.00544	0.00497	0.01022	0.00882	0.01350	0.01033	0.01268	0.05494	0.00402	0.00337	0.00074	0.00310	0.04630	0.00265	0.77920
10	0.00728	0.00577	0.09872	0.00626	0.00701	0.00447	0.00505	0.00653	0.00598	0.00819	0.00788	0.01329	0.00768	0.05417	0.07156	0.67753	0.00448	0.00376	0.00188	0.00249
11	0.01189	0.15176	0.13844	0.00996	0.01312	0.18932	0.04006	0.09996	0.22646	0.01445	0.00978	0.01031	0.00760	0.00475	0.00445	0.00126	0.05424	0.00350	0.00280	0.00589
12	0.00595	0.00430	0.00562	0.00529	0.00628	0.00397	0.00397	0.00793	0.01190	0.01686	0.82382	0.03140	0.03966	0.00859	0.00496	0.00132	0.00198	0.00760	0.00463	0.00397
13	0.01087	0.01163	0.16780	0.03346	0.05533	0.00963	0.14762	0.18796	0.12244	0.06386	0.05933	0.01526	0.07221	0.00533	0.00443	0.00136	0.00480	0.01737	0.00328	0.00605

[dist]
# distance from previous block
# <min> <max>
0	9

[block]
# block no. 1 follows, 63 sequences, length 19
# corresponding to MSA columns:
# 306-324
name=unknown_B
#
# <colnr> <probs for GDERKNQSTAVLIFYWHMCP>
#	G	D	E	R	K	N	Q	S	T	A	V	L	I	F	Y	W	H	M	C	P
0	0.11223	0.00833	0.03697	0.02203	0.25797	0.00802	0.06791	0.02673	0.07152	0.10878	0.06596	0.11893	0.04189	0.00607	0.00433	0.00138	0.00404	0.02810	0.00321	0.00560
1	0.33034	0.00982	0.09355	0.02408	0.06217	0.02654	0.03608	0.05198	0.00999	0.30172	0.01025	0.01029	0.00704	0.00441	0.00362	0.00130	0.00411	0.00334	0.00343	0.00593
2	0.00527	0.00426	0.00459	0.00452	0.00575	0.00368	0.00333	0.00648	0.00989	0.01242	0.22060	0.03753	0.59117	0.06474	0.00603	0.00157	0.00222	0.00840	0.00398	0.00358
3	0.01179	0.75267	0.02079	0.00764	0.01106	0.11680	0.00731	0.01310	0.00895	0.00994	0.00592	0.00685	0.00540	0.00369	0.00283	0.00092	0.00487	0.00230	0.00184	0.00533
4	0.00601	0.00450	0.00676	0.00676	0.00751	0.00525	0.00525	0.00751	0.00676	0.00976	0.01126	0.01651	0.01051	0.03153	0.83560	0.00676	0.01126	0.00450	0.00225	0.00375
5	0.01169	0.43232	0.15584	0.02297	0.01295	0.15090	0.03589	0.01390	0.02509	0.06396	0.00783	0.03524	0.00661	0.00425	0.00342	0.00109	0.00526	0.00308	0.00220	0.00552
6	0.01205	0.00927	0.01485	0.07728	0.54336	0.00936	0.01107	0.04020	0.03766	0.17343	0.00991	0.01137	0.00752	0.00423	0.00435	0.00129	0.01950	0.00387	0.00282	0.00660
7	0.00514	0.00378	0.00481	0.00557	0.00604	0.00346	0.00379	0.00598	0.00848	0.01112	0.06465	0.68113	0.15554	0.01255	0.00528	0.00164	0.00237	0.01125	0.00394	0.00346
8	0.00711	0.00555	0.00591	0.00544	0.00706	0.00533	0.00417	0.12524	0.05001	0.01471	0.12734	0.06916	0.49630	0.00918	0.00474	0.00138	0.00254	0.00767	0.04688	0.00429
9	0.01068	0.12891	0.15324	0.05226	0.19859	0.01033	0.12224	0.07788	0.03382	0.07646	0.08597	0.01222	0.00980	0.00449	0.00413	0.00126	0.00498	0.00403	0.00270	0.00600
10	0.00948	0.05148	0.14732	0.19136	0.27110	0.01037	0.17317	0.01291	0.04176	0.01285	0.00808	0.01052	0.00632	0.00402	0.00454	0.00134	0.03163	0.00385	0.00206	0.00585
11	0.00635	0.00399	0.00476	0.00476	0.00476	0.00399	0.00276	0.00599	0.00599	0.00798	0.01208	0.02463	0.01372	0.68845	0.02043	0.17492	0.00399	0.00563	0.00241	0.00241
12	0.71250	0.00913	0.00741	0.00708	0.04888	0.07664	0.00536	0.01327	0.00798	0.07044	0.00670	0.00755	0.00511	0.00401	0.00288	0.00128	0.00371	0.00251	0.00271	0.00485
13	0.01168	0.00860	0.00922	0.00788	0.01026	0.00957	0.00624	0.22202	0.40877	0.05840	0.03791	0.01464	0.01167	0.00545	0.00404	0.00130	0.00339	0.00441	0.15832	0.00624
14	0.01176	0.01078	0.04036	0.08239	0.21587	0.02655	0.13763	0.27119	0.08798	0.01770	0.00995	0.02298	0.00778	0.00518	0.02193	0.00144	0.00527	0.01396	0.00300	0.00631
15	0.00866	0.00756	0.01183	0.11067	0.35520	0.00770	0.00903	0.01053	0.00890	0.03823	0.01319	0.21252	0.04896	0.00657	0.00495	0.00136	0.05235	0.00584	0.00270	0.08325
16	0.00506	0.00415	0.00446	0.00463	0.00580	0.00355	0.00338	0.00612	0.00944	0.01159	0.08927	0.19364	0.62235	0.01099	0.00504	0.00147	0.00218	0.00938	0.00395	0.00355
17	0.02479	0.50950	0.04378	0.00846	0.03641	0.04110	0.00753	0.10806	0.12876	0.01338	0.00872	0.03723	0.00748	0.00445	0.00332	0.00108	0.00442	0.00321	0.00255	0.00575
18	0.01008	0.17197	0.23316	0.01204	0.04483	0.01116	0.21086	0.06098	0.04057	0.02459	0.02494	0.01002	0.00691	0.00413	0.00446	0.00124	0.04668	0.00362	0.00228	0.07549

[dist]
# distance from previous block
# <min> <max>
0	1

[block]
# block no. 2 follows, 63 sequences, length 9
# corresponding to MSA columns:
# 326-334
name=unknown_C
#
# <colnr> <probs for GDERKNQSTAVLIFYWHMCP>
#	G	D	E	R	K	N	Q	S	T	A	V	L	I	F	Y	W	H	M	C	P
0	0.05196	0.14008	0.32448	0.01010	0.03157	0.01029	0.04264	0.08708	0.04111	0.20633	0.00998	0.01024	0.00701	0.00435	0.00386	0.00126	0.00496	0.00342	0.00296	0.00632
1	0.00616	0.02419	0.00777	0.00734	0.00822	0.00512	0.08487	0.00777	0.04528	0.01147	0.03911	0.61975	0.05014	0.01124	0.00548	0.00164	0.03104	0.02587	0.00364	0.00390
2	0.00518	0.00402	0.00471	0.00506	0.00594	0.00356	0.00360	0.00624	0.00930	0.01191	0.15012	0.36854	0.38407	0.01137	0.00513	0.00152	0.00223	0.00994	0.00401	0.00356
3	0.01211	0.19630	0.21226	0.01224	0.10991	0.13492	0.08722	0.04239	0.02747	0.11419	0.00857	0.00950	0.00647	0.00411	0.00384	0.00120	0.00554	0.00331	0.00247	0.00599
4	0.00813	0.00829	0.05017	0.74983	0.08169	0.00940	0.01193	0.01100	0.00850	0.01106	0.00750	0.01105	0.00566	0.00416	0.00419	0.00139	0.00559	0.00371	0.00188	0.00487
5	0.00570	0.00415	0.00470	0.00477	0.00535	0.00388	0.00314	0.00636	0.00809	0.01047	0.11902	0.09658	0.25948	0.41154	0.01285	0.00271	0.00312	0.03163	0.00334	0.00312
6	0.00930	0.01854	0.62017	0.01241	0.05406	0.00973	0.06172	0.03356	0.03749	0.04989	0.02594	0.01009	0.00672	0.00428	0.00437	0.00135	0.02853	0.00348	0.00217	0.00619
7	0.00957	0.00917	0.01443	0.42789	0.18309	0.07001	0.11901	0.01219	0.00923	0.03491	0.00830	0.01118	0.00638	0.00411	0.00418	0.00132	0.00553	0.00385	0.06040	0.00523
8	0.00628	0.00423	0.00536	0.00546	0.00639	0.00382	0.00395	0.00761	0.01004	0.06495	0.33230	0.34188	0.17102	0.01047	0.00507	0.00148	0.00228	0.00926	0.00426	0.00389

[dist]
# distance from previous block
# <min> <max>
0	3

[block]
# block no. 3 follows, 63 sequences, length 82
# corresponding to MSA columns:
# 338-395,409-432
name=unknown_D
#
# <colnr> <probs for GDERKNQSTAVLIFYWHMCP>
#	G	D	E	R	K	N	Q	S	T	A	V	L	I	F	Y	W	H	M	C	P
0	0.01010	0.00858	0.00916	0.02644	0.01085	0.00985	0.00647	0.03124	0.71458	0.01731	0.04410	0.01663	0.03310	0.00585	0.00427	0.00140	0.00327	0.00488	0.03556	0.00635
1	0.73866	0.00862	0.00748	0.01784	0.00933	0.02135	0.03096	0.06719	0.00825	0.01879	0.00632	0.00734	0.00488	0.00395	0.00284	0.00128	0.00356	0.00250	0.00268	0.03618
2	0.00927	0.00925	0.02969	0.19052	0.29127	0.00992	0.15464	0.01168	0.00883	0.01251	0.03483	0.01144	0.00743	0.00480	0.00613	0.01565	0.14781	0.00407	0.03481	0.00544
3	0.00986	0.00943	0.04652	0.08726	0.42526	0.00859	0.02259	0.01266	0.04119	0.03577	0.00834	0.01026	0.00673	0.00373	0.00388	0.00110	0.00448	0.00343	0.00234	0.25659
4	0.01104	0.00694	0.00853	0.00654	0.00965	0.00564	0.00520	0.02469	0.02053	0.22925	0.07485	0.07517	0.01166	0.00491	0.00375	0.00096	0.00312	0.00411	0.00353	0.48994
5	0.00936	0.00926	0.01287	0.01100	0.01108	0.01288	0.00917	0.02933	0.00676	0.01051	0.00563	0.00922	0.00556	0.00730	0.01357	0.00183	0.82444	0.00368	0.00190	0.00466
6	0.00832	0.00765	0.01096	0.22325	0.01489	0.00894	0.02422	0.01013	0.00821	0.01198	0.08646	0.01313	0.02393	0.00572	0.00738	0.00137	0.29532	0.01701	0.02398	0.19713
7	0.00590	0.00395	0.00485	0.00522	0.00535	0.00387	0.00328	0.00612	0.00688	0.00916	0.01654	0.29410	0.01928	0.48080	0.01506	0.06104	0.00351	0.04921	0.00301	0.00285
8	0.00526	0.00378	0.00501	0.00595	0.00630	0.00354	0.00412	0.00611	0.00825	0.01092	0.02391	0.74656	0.06114	0.01293	0.00539	0.00171	0.00255	0.07920	0.00390	0.00346
9	0.00833	0.00785	0.01316	0.71278	0.13898	0.00945	0.01175	0.01127	0.02444	0.01129	0.00772	0.01118	0.00589	0.00417	0.00420	0.00138	0.00547	0.00376	0.00194	0.00498
10	0.00800	0.00753	0.01271	0.82343	0.04724	0.00935	0.01170	0.01079	0.00843	0.01081	0.00748	0.01119	0.00563	0.00419	0.00420	0.00140	0.00559	0.00374	0.00187	0.00472
11	0.77882	0.00843	0.00707	0.05060	0.03528	0.02463	0.00531	0.02479	0.00758	0.01823	0.00608	0.00724	0.00473	0.00394	0.00278	0.00130	0.00353	0.00243	0.00256	0.00467
12	0.00588	0.00455	0.00540	0.00562	0.00669	0.00426	0.00426	0.02060	0.04814	0.01295	0.17993	0.23295	0.32084	0.01068	0.00513	0.00154	0.00252	0.12015	0.00406	0.00385
13	0.00607	0.00410	0.00469	0.00465	0.00479	0.00405	0.00271	0.00631	0.00680	0.00914	0.10016	0.02818	0.03373	0.74591	0.01932	0.00373	0.00381	0.00633	0.00280	0.00272
14	0.00611	0.00409	0.00465	0.00465	0.00467	0.00411	0.00263	0.00615	0.00613	0.00820	0.01319	0.02718	0.01514	0.82791	0.04555	0.00416	0.00429	0.00607	0.00254	0.00258
15	0.01652	0.01091	0.01208	0.00926	0.01260	0.01175	0.00765	0.66309	0.01831	0.17749	0.01131	0.01089	0.00776	0.00508	0.00421	0.00127	0.00443	0.00387	0.00439	0.00715
16	0.00921	0.00957	0.03208	0.01131	0.01161	0.01272	0.03934	0.01032	0.00662	0.01032	0.00568	0.00927	0.00555	0.00714	0.01324	0.00181	0.79400	0.00371	0.00185	0.00468
17	0.00794	0.00747	0.01261	0.84216	0.02895	0.00934	0.01167	0.01074	0.00841	0.01074	0.00747	0.01121	0.00560	0.00420	0.00420	0.00140	0.00560	0.00374	0.00187	0.00467
18	0.01083	0.73475	0.13852	0.00788	0.01186	0.01564	0.00839	0.01269	0.00859	0.01038	0.00609	0.00705	0.00538	0.00365	0.00288	0.00096	0.00474	0.00237	0.00179	0.00551
19	0.00573	0.00401	0.00516	0.00578	0.00613	0.00387	0.00401	0.00653	0.00801	0.01069	0.06808	0.43481	0.02440	0.24742	0.00990	0.00239	0.00311	0.14311	0.00356	0.00328
20	0.01210	0.29427	0.11327	0.00971	0.01262	0.24426	0.02271	0.04771	0.04774	0.02266	0.00708	0.00834	0.00592	0.00459	0.00500	0.00120	0.13031	0.00295	0.00217	0.00539
21	0.00905	0.03260	0.10468	0.05830	0.13230	0.00846	0.17635	0.03389	0.07391	0.04598	0.05851	0.15494	0.01274	0.02396	0.02348	0.01763	0.01937	0.00566	0.00285	0.00532
22	0.00506	0.00425	0.00439	0.00441	0.00577	0.00359	0.00331	0.00618	0.00967	0.01166	0.08495	0.06038	0.74807	0.01061	0.00499	0.00143	0.00216	0.02160	0.00394	0.00357
23	0.00512	0.00368	0.00486	0.00580	0.00608	0.00342	0.00388	0.00586	0.00810	0.01075	0.02387	0.82042	0.05645	0.01308	0.00535	0.00170	0.00243	0.01184	0.00390	0.00342
24	0.01144	0.59496	0.01847	0.00804	0.02320	0.08322	0.00722	0.04474	0.10988	0.01161	0.00811	0.03845	0.00721	0.00436	0.00328	0.00104	0.01388	0.00304	0.00231	0.00551
25	0.01005	0.01601	0.01003	0.28276	0.07189	0.01922	0.00790	0.03326	0.03086	0.18051	0.05245	0.21088	0.01385	0.00683	0.00463	0.00143	0.01789	0.00596	0.01850	0.00510
26	0.00681	0.00533	0.00786	0.03112	0.05012	0.00621	0.00598	0.00822	0.00712	0.02663	0.01209	0.04031	0.03970	0.07037	0.57258	0.00524	0.09313	0.00481	0.00237	0.00400
27	0.00843	0.02174	0.83048	0.01198	0.01819	0.00976	0.01553	0.01331	0.00888	0.01331	0.00754	0.00888	0.00533	0.00399	0.00399	0.00133	0.00621	0.00311	0.00178	0.00621
28	0.01085	0.01124	0.01808	0.11390	0.31509	0.10663	0.27304	0.02498	0.00993	0.03474	0.00807	0.01053	0.00637	0.00398	0.00471	0.00132	0.03445	0.00403	0.00219	0.00585
29	0.51772	0.00909	0.01028	0.02277	0.24561	0.04010	0.02901	0.01249	0.00809	0.01635	0.00673	0.00842	0.00546	0.00481	0.02977	0.00147	0.02136	0.00291	0.00239	0.00518
30	0.03728	0.05892	0.20492	0.01878	0.43791	0.02007	0.07895	0.01264	0.00929	0.01336	0.00900	0.03872	0.02135	0.00434	0.00413	0.00129	0.00525	0.01554	0.00213	0.00611
31	0.00937	0.02244	0.01049	0.02024	0.10852	0.00698	0.02243	0.05212	0.03499	0.01430	0.00803	0.00951	0.00663	0.01437	0.00361	0.00083	0.00357	0.00289	0.00256	0.64613
32	0.00611	0.00408	0.00458	0.00458	0.00458	0.00408	0.00255	0.00611	0.00611	0.00815	0.01325	0.02751	0.01528	0.85226	0.02140	0.00408	0.00408	0.00611	0.00255	0.00255
33	0.00605	0.00434	0.00593	0.00597	0.00645	0.00478	0.00428	0.00700	0.00663	0.00927	0.01254	0.03565	0.01299	0.33249	0.49577	0.00553	0.00823	0.03032	0.00244	0.00331
34	0.00511	0.00370	0.00483	0.00574	0.00607	0.00342	0.00385	0.00587	0.00816	0.01078	0.02454	0.79232	0.08411	0.01299	0.00534	0.00169	0.00242	0.01173	0.00390	0.00342
35	0.00601	0.00450	0.00676	0.00676	0.00751	0.00525	0.00525	0.00751	0.00676	0.00976	0.01126	0.01651	0.01051	0.03153	0.83560	0.00676	0.01126	0.00450	0.00225	0.00375
36	0.01046	0.00903	0.00951	0.00855	0.01093	0.01046	0.00665	0.02234	0.81845	0.01759	0.01711	0.01568	0.01283	0.00570	0.00428	0.00143	0.00333	0.00475	0.00428	0.00665
37	0.88196	0.00813	0.00618	0.00553	0.00813	0.00943	0.00455	0.01236	0.00715	0.01886	0.00585	0.00683	0.00455	0.00390	0.00260	0.00130	0.00325	0.00228	0.00260	0.00455
38	0.00794	0.00747	0.01261	0.84216	0.02895	0.00934	0.01167	0.01074	0.00841	0.01074	0.00747	0.01121	0.00560	0.00420	0.00420	0.00140	0.00560	0.00374	0.00187	0.00467
39	0.88196	0.00813	0.00618	0.00553	0.00813	0.00943	0.00455	0.01236	0.00715	0.01886	0.00585	0.00683	0.00455	0.00390	0.00260	0.00130	0.00325	0.00228	0.00260	0.00455
40	0.00896	0.00746	0.00874	0.00626	0.00998	0.00562	0.00501	0.01082	0.00880	0.03323	0.00769	0.00885	0.00633	0.00316	0.00314	0.00064	0.00312	0.00253	0.00256	0.85710
41	0.01598	0.01177	0.01262	0.00967	0.01304	0.01304	0.00799	0.81202	0.01976	0.02649	0.01009	0.01009	0.00715	0.00505	0.00421	0.00126	0.00463	0.00378	0.00421	0.00715
42	0.01570	0.01163	0.01246	0.00961	0.01293	0.01290	0.00792	0.77130	0.06096	0.02603	0.01045	0.01038	0.00744	0.00508	0.00421	0.00127	0.00456	0.00383	0.00421	0.00712
43	0.20235	0.25024	0.32830	0.00943	0.01382	0.02641	0.05577	0.04640	0.00897	0.01409	0.00684	0.00800	0.00531	0.00389	0.00339	0.00120	0.00509	0.00281	0.00209	0.00560
44	0.01718	0.00986	0.01143	0.00876	0.01208	0.01019	0.00724	0.48347	0.01656	0.35958	0.01279	0.01184	0.00850	0.00511	0.00421	0.00128	0.00419	0.00397	0.00462	0.00715
45	0.00619	0.00443	0.00610	0.00704	0.00777	0.00434	0.00574	0.00772	0.00917	0.01201	0.03391	0.31131	0.03652	0.01207	0.00564	0.00184	0.00335	0.51722	0.00389	0.00372
46	0.00920	0.00920	0.01288	0.01104	0.01104	0.01288	0.00920	0.01012	0.00644	0.01012	0.00552	0.00920	0.00552	0.00736	0.01380	0.00184	0.84457	0.00368	0.00184	0.00460
47	0.00538	0.00393	0.00508	0.00567	0.00624	0.00363	0.00401	0.00649	0.00914	0.01223	0.19847	0.54019	0.11474	0.01182	0.00526	0.00161	0.00239	0.05609	0.00406	0.00357
48	0.88196	0.00813	0.00618	0.00553	0.00813	0.00943	0.00455	0.01236	0.00715	0.01886	0.00585	0.00683	0.00455	0.00390	0.00260	0.00130	0.00325	0.00228	0.00260	0.00455
49	0.00920	0.00920	0.01288	0.01104	0.01104	0.01288	0.00920	0.01012	0.00644	0.01012	0.00552	0.00920	0.00552	0.00736	0.01380	0.00184	0.84457	0.00368	0.00184	0.00460
50	0.00629	0.00474	0.00598	0.00657	0.00732	0.00478	0.00484	0.00903	0.13247	0.01253	0.07748	0.52151	0.02569	0.01143	0.00525	0.00168	0.00280	0.15159	0.00400	0.00403
51	0.00529	0.00427	0.00470	0.00459	0.00587	0.00368	0.00345	0.00665	0.01034	0.01314	0.29655	0.03751	0.56925	0.00998	0.00497	0.00139	0.00208	0.00846	0.00414	0.00368
52	0.00884	0.00754	0.00878	0.00628	0.01001	0.00573	0.00503	0.02376	0.00890	0.01391	0.00751	0.00874	0.00624	0.00315	0.00313	0.00063	0.00314	0.00251	0.00252	0.86364
53	0.00606	0.00405	0.00460	0.00465	0.00466	0.00404	0.00261	0.00610	0.00621	0.00828	0.01373	0.06801	0.01590	0.81092	0.02061	0.00396	0.00399	0.00640	0.00261	0.00259
54	0.00640	0.00641	0.07917	0.00674	0.00841	0.00515	0.01993	0.00900	0.07504	0.01284	0.10332	0.13134	0.29156	0.00989	0.00509	0.00157	0.00316	0.21703	0.00377	0.00418
55	0.00605	0.00410	0.00469	0.00479	0.00497	0.00404	0.00289	0.00631	0.00674	0.00897	0.02983	0.07877	0.06175	0.68620	0.01818	0.00358	0.00379	0.04372	0.01787	0.00277
56	0.01041	0.00897	0.00909	0.00822	0.01046	0.03954	0.00637	0.02101	0.71675	0.01715	0.01642	0.01539	0.01238	0.00558	0.00414	0.00137	0.00336	0.00460	0.08243	0.00634
57	0.01059	0.00994	0.01721	0.03889	0.74244	0.00990	0.05798	0.01312	0.00964	0.03785	0.00819	0.01059	0.00674	0.00379	0.00421	0.00126	0.00508	0.00383	0.00217	0.00658
58	0.00702	0.00444	0.03190	0.00600	0.00638	0.00424	0.00442	0.00623	0.00590	0.00810	0.00829	0.01358	0.00804	0.01847	0.21926	0.63389	0.00562	0.00385	0.00193	0.00244
59	0.00515	0.00369	0.00485	0.00578	0.00603	0.00344	0.00384	0.00587	0.00801	0.01065	0.02321	0.80355	0.04351	0.04330	0.00593	0.00179	0.00249	0.01168	0.00385	0.00339
60	0.01012	0.01135	0.02440	0.01745	0.02167	0.01071	0.78410	0.04000	0.01025	0.01390	0.00856	0.01130	0.00640	0.00359	0.00494	0.00141	0.00701	0.00492	0.00220	0.00572
61	0.01006	0.51022	0.33175	0.03380	0.01417	0.01378	0.01052	0.01281	0.00867	0.01123	0.00654	0.00769	0.00537	0.00377	0.00324	0.00108	0.00519	0.00262	0.00179	0.00569
62	0.00947	0.00555	0.00704	0.00624	0.00793	0.00528	0.00487	0.01254	0.10970	0.20409	0.48879	0.02635	0.05467	0.00762	0.00473	0.00135	0.00258	0.03152	0.00467	0.00501
63	0.00608	0.00406	0.00459	0.00463	0.00464	0.00405	0.00259	0.00610	0.00618	0.00824	0.01358	0.05482	0.01570	0.82438	0.02086	0.00400	0.00402	0.00631	0.00259	0.00258
64	0.02665	0.55851	0.03014	0.03143	0.08869	0.12260	0.04263	0.01309	0.00906	0.01069	0.00629	0.00761	0.00555	0.00384	0.00344	0.00103	0.02878	0.00266	0.00190	0.00541
65	0.00657	0.00443	0.00572	0.00531	0.00645	0.00405	0.00401	0.00848	0.01171	0.05758	0.72187	0.03084	0.08587	0.00849	0.00489	0.00132	0.00207	0.00745	0.01877	0.00410
66	0.00872	0.00747	0.00872	0.00623	0.00996	0.00560	0.00498	0.01058	0.00872	0.01370	0.00747	0.00872	0.00623	0.00311	0.00311	0.00062	0.00311	0.00249	0.00249	0.87796
67	0.00514	0.00368	0.00488	0.00581	0.00609	0.00343	0.00389	0.00590	0.00816	0.01088	0.04102	0.81828	0.04118	0.01303	0.00535	0.00169	0.00242	0.01180	0.00392	0.00343
68	0.00586	0.00428	0.00541	0.00513	0.00617	0.00391	0.00384	0.00772	0.01153	0.01611	0.70508	0.03227	0.14199	0.00879	0.00492	0.00133	0.00200	0.00769	0.02204	0.00391
69	0.00507	0.00425	0.00434	0.00433	0.00565	0.00360	0.00320	0.00613	0.00952	0.01147	0.07933	0.03938	0.74611	0.05201	0.00578	0.00155	0.00222	0.00867	0.00387	0.00352
70	0.00916	0.01030	0.05305	0.01525	0.01884	0.00930	0.59841	0.01239	0.00983	0.01326	0.01155	0.01934	0.01034	0.00537	0.00511	0.00153	0.00633	0.18286	0.00250	0.00529
71	0.00546	0.00393	0.00524	0.00615	0.00660	0.00371	0.00444	0.00646	0.00850	0.01122	0.03593	0.64332	0.06139	0.01268	0.00543	0.00173	0.00270	0.16768	0.00391	0.00352
72	0.01054	0.00907	0.00955	0.00857	0.01096	0.01050	0.00667	0.03444	0.80621	0.01772	0.01700	0.01560	0.01275	0.00569	0.00428	0.00142	0.00335	0.00474	0.00428	0.00666
73	0.01124	0.85479	0.02203	0.00719	0.01079	0.01663	0.00719	0.01259	0.00854	0.00989	0.00584	0.00674	0.00539	0.00360	0.00270	0.00090	0.00450	0.00225	0.00180	0.00539
74	0.01124	0.85479	0.02203	0.00719	0.01079	0.01663	0.00719	0.01259	0.00854	0.00989	0.00584	0.00674	0.00539	0.00360	0.00270	0.00090	0.00450	0.00225	0.00180	0.00539
75	0.00843	0.02174	0.83048	0.01198	0.01819	0.00976	0.01553	0.01331	0.00888	0.01331	0.00754	0.00888	0.00533	0.00399	0.00399	0.00133	0.00621	0.00311	0.00178	0.00621
76	0.01040	0.00999	0.01706	0.02580	0.82604	0.00999	0.01290	0.01290	0.00957	0.01373	0.00791	0.01040	0.00666	0.00375	0.00416	0.00125	0.00499	0.00375	0.00208	0.00666
77	0.00773	0.00494	0.00594	0.00559	0.00632	0.00512	0.00382	0.04595	0.03967	0.07023	0.02482	0.02271	0.02840	0.47978	0.17978	0.00392	0.00529	0.00544	0.05094	0.00361
78	0.00524	0.00379	0.00495	0.00581	0.00618	0.00354	0.00398	0.00605	0.00817	0.01078	0.02407	0.71380	0.08455	0.03804	0.01667	0.00183	0.00266	0.05262	0.00384	0.00343
79	0.00685	0.00397	0.00538	0.00536	0.00537	0.00408	0.00346	0.00586	0.00584	0.00784	0.01002	0.05605	0.01093	0.30275	0.01755	0.50904	0.03035	0.00488	0.00217	0.00223
80	0.03944	0.01027	0.03988	0.06004	0.62781	0.01022	0.01191	0.08274	0.04995	0.01505	0.00845	0.01051	0.00685	0.00399	0.00412	0.00127	0.00489	0.00373	0.00237	0.00653
81	0.02656	0.36915	0.10817	0.06109	0.05255	0.16305	0.03825	0.04105	0.00955	0.01159	0.00663	0.00807	0.00558	0.00406	0.00394	0.00111	0.05002	0.00283	0.00202	0.03476

[dist]
# distance from previous block
# <min> <max>
1	19

[block]
# block no. 4 follows, 63 sequences, length 36
# corresponding to MSA columns:
# 452-487
name=unknown_E
#
# <colnr> <probs for GDERKNQSTAVLIFYWHMCP>
#	G	D	E	R	K	N	Q	S	T	A	V	L	I	F	Y	W	H	M	C	P
0	0.01103	0.01911	0.02650	0.01249	0.19991	0.01008	0.00823	0.11375	0.41965	0.04345	0.01384	0.05581	0.01099	0.00540	0.00424	0.00134	0.00389	0.00463	0.00364	0.03203
1	0.00659	0.00473	0.00610	0.00578	0.00703	0.00424	0.03605	0.00799	0.01972	0.06347	0.17930	0.25969	0.26838	0.05605	0.00582	0.00158	0.00263	0.00851	0.01983	0.03651
2	0.00911	0.14143	0.61776	0.05372	0.01761	0.02476	0.03935	0.02685	0.00907	0.01287	0.00735	0.00876	0.00542	0.00396	0.00385	0.00127	0.00596	0.00308	0.00184	0.00599
3	0.00941	0.13400	0.50260	0.01209	0.07090	0.02208	0.05889	0.05800	0.00950	0.01338	0.00797	0.00996	0.00619	0.00550	0.04631	0.00155	0.00609	0.01756	0.00202	0.00596
4	0.01140	0.00619	0.00770	0.00664	0.00861	0.00606	0.00524	0.07353	0.08855	0.27669	0.20332	0.04777	0.04673	0.02619	0.07142	0.00181	0.00366	0.01973	0.08338	0.00540
5	0.00866	0.00890	0.05286	0.09785	0.18512	0.04538	0.10354	0.04606	0.00928	0.01244	0.01366	0.08901	0.09565	0.00965	0.11676	0.00214	0.06665	0.02880	0.00256	0.00502
6	0.06750	0.02538	0.09635	0.21975	0.27925	0.02403	0.10259	0.05607	0.00964	0.03955	0.00795	0.01028	0.00616	0.00412	0.00444	0.00133	0.03387	0.00369	0.00224	0.00580
7	0.00581	0.00417	0.00558	0.00603	0.00650	0.00428	0.00435	0.00677	0.00753	0.01016	0.01814	0.29625	0.04600	0.20465	0.24140	0.00367	0.00546	0.11672	0.00313	0.00338
8	0.09971	0.00795	0.00953	0.00763	0.01063	0.00785	0.00622	0.09087	0.16023	0.51700	0.01502	0.01349	0.01000	0.00515	0.00406	0.00131	0.00357	0.00409	0.01892	0.00676
9	0.00856	0.00750	0.01137	0.29780	0.10907	0.03687	0.06048	0.03183	0.00915	0.04431	0.05431	0.01710	0.07221	0.04093	0.13143	0.00230	0.02322	0.03424	0.00257	0.00476
10	0.00994	0.09399	0.53877	0.01200	0.04203	0.06065	0.07035	0.05564	0.03928	0.02743	0.00804	0.00923	0.00591	0.00408	0.00397	0.00128	0.00593	0.00327	0.00211	0.00611
11	0.01570	0.02004	0.01191	0.01083	0.01300	0.83539	0.00812	0.01679	0.01191	0.01029	0.00650	0.00758	0.00541	0.00433	0.00379	0.00108	0.00758	0.00271	0.00217	0.00487
12	0.01565	0.00671	0.00876	0.00703	0.00983	0.00593	0.00576	0.04061	0.02517	0.61049	0.03409	0.02020	0.14028	0.00643	0.00443	0.00135	0.00336	0.04267	0.00488	0.00637
13	0.01027	0.00962	0.01637	0.12494	0.71258	0.00983	0.01262	0.01279	0.00948	0.02967	0.00803	0.01058	0.00661	0.00383	0.00417	0.00127	0.00504	0.00375	0.00212	0.00643
14	0.01116	0.83002	0.04607	0.00734	0.01101	0.01643	0.00744	0.01261	0.00855	0.00999	0.00589	0.00681	0.00539	0.00361	0.00274	0.00091	0.00455	0.00227	0.00180	0.00542
15	0.00499	0.00426	0.00430	0.00429	0.00569	0.00356	0.00321	0.00608	0.00964	0.01150	0.06354	0.04021	0.80328	0.01059	0.00497	0.00142	0.00213	0.00884	0.00392	0.00356
16	0.00506	0.00423	0.00441	0.00450	0.00581	0.00359	0.00336	0.00615	0.00955	0.01151	0.06438	0.09717	0.72277	0.01079	0.00502	0.00145	0.00219	0.03056	0.00392	0.00356
17	0.01853	0.00768	0.01008	0.00773	0.01099	0.00696	0.00639	0.11104	0.01292	0.73715	0.01584	0.01383	0.01003	0.00519	0.00422	0.00130	0.00370	0.00418	0.00509	0.00715
18	0.00675	0.00403	0.00457	0.00468	0.00555	0.00388	0.00345	0.00839	0.00929	0.01442	0.17533	0.13487	0.08260	0.04586	0.00478	0.00136	0.00222	0.04241	0.44178	0.00377
19	0.88196	0.00813	0.00618	0.00553	0.00813	0.00943	0.00455	0.01236	0.00715	0.01886	0.00585	0.00683	0.00455	0.00390	0.00260	0.00130	0.00325	0.00228	0.00260	0.00455
20	0.00610	0.00409	0.00464	0.00462	0.00467	0.00407	0.00262	0.00621	0.00641	0.00859	0.05456	0.02771	0.01653	0.80926	0.02056	0.00394	0.00397	0.00619	0.00265	0.00262
21	0.01152	0.65495	0.01951	0.00835	0.04827	0.08598	0.00737	0.05607	0.00954	0.01108	0.00810	0.00888	0.04729	0.00410	0.00306	0.00098	0.00467	0.00278	0.00208	0.00541
22	0.00729	0.00630	0.01834	0.03163	0.05708	0.00525	0.02177	0.00912	0.00964	0.01379	0.21473	0.09180	0.12657	0.00657	0.00420	0.00110	0.00296	0.01882	0.00329	0.34974
23	0.01129	0.10283	0.31044	0.01397	0.19264	0.16741	0.01169	0.08698	0.03941	0.01384	0.00782	0.00910	0.00608	0.00412	0.00389	0.00122	0.00578	0.00320	0.00223	0.00607
24	0.01046	0.01038	0.01609	0.13407	0.66048	0.06959	0.01239	0.01289	0.00959	0.01308	0.00775	0.01031	0.00643	0.00385	0.00414	0.00126	0.00526	0.00367	0.00206	0.00626
25	0.01046	0.00903	0.00951	0.00855	0.01093	0.01046	0.00665	0.02234	0.81845	0.01759	0.01711	0.01568	0.01283	0.00570	0.00428	0.00143	0.00333	0.00475	0.00428	0.00665
26	0.00609	0.00407	0.00459	0.00462	0.00462	0.00406	0.00258	0.00611	0.00616	0.00821	0.01348	0.04729	0.01558	0.83207	0.02101	0.00402	0.00404	0.00625	0.00258	0.00257
27	0.00508	0.00424	0.00445	0.00459	0.00588	0.00361	0.00345	0.00616	0.00945	0.01137	0.03979	0.11118	0.71163	0.01092	0.00505	0.00147	0.00225	0.05198	0.00390	0.00355
28	0.00610	0.00412	0.00484	0.00484	0.00492	0.00421	0.00286	0.00627	0.00619	0.00834	0.01302	0.02624	0.01473	0.75751	0.11540	0.00438	0.00490	0.00593	0.00251	0.00269
29	0.01518	0.01147	0.01169	0.00924	0.01229	0.07746	0.00751	0.61549	0.03867	0.07642	0.01217	0.04103	0.04073	0.00553	0.00425	0.00128	0.00458	0.00424	0.00409	0.00668
30	0.01207	0.69923	0.02014	0.00787	0.01120	0.16922	0.00737	0.01337	0.00917	0.00996	0.00597	0.00690	0.00540	0.00373	0.00290	0.00093	0.00507	0.00233	0.00187	0.00530
31	0.00660	0.00481	0.00594	0.00621	0.00688	0.00493	0.00440	0.06304	0.05647	0.01175	0.01904	0.41194	0.03966	0.18420	0.09523	0.00268	0.00399	0.06498	0.00350	0.00376
32	0.02274	0.38743	0.25260	0.01075	0.04228	0.07230	0.09897	0.02417	0.00915	0.01179	0.00679	0.00816	0.00554	0.00389	0.00377	0.00114	0.02804	0.00294	0.00191	0.00566
33	0.00633	0.00480	0.00660	0.00649	0.00717	0.00549	0.00486	0.00803	0.04808	0.00991	0.01279	0.01916	0.03828	0.18845	0.57943	0.00562	0.03742	0.00495	0.00245	0.00369
34	0.00595	0.00440	0.00562	0.00597	0.00691	0.00413	0.00472	0.00751	0.01001	0.01325	0.26895	0.13100	0.18832	0.04425	0.00596	0.00171	0.00280	0.28078	0.00406	0.00373
35	0.64157	0.00825	0.00705	0.00610	0.00868	0.00937	0.00499	0.11184	0.04141	0.04627	0.00781	0.00854	0.00590	0.00424	0.00295	0.00128	0.00333	0.00276	0.07268	0.00499

[dist]
# distance from previous block
# <min> <max>
0	5

[block]
# block no. 5 follows, 63 sequences, length 54
# corresponding to MSA columns:
# 510-563
name=unknown_F
#
# <colnr> <probs for GDERKNQSTAVLIFYWHMCP>
#	G	D	E	R	K	N	Q	S	T	A	V	L	I	F	Y	W	H	M	C	P
0	0.06644	0.05477	0.09325	0.00899	0.04552	0.00860	0.00767	0.05608	0.01035	0.36137	0.03916	0.01199	0.00891	0.00537	0.00565	0.02258	0.12510	0.00376	0.00358	0.06085
1	0.00606	0.00409	0.00465	0.00472	0.00479	0.00406	0.00274	0.00618	0.00638	0.00847	0.01468	0.06141	0.03743	0.77221	0.01987	0.00385	0.00395	0.02915	0.00268	0.00265
2	0.00647	0.00495	0.00684	0.00678	0.00759	0.01955	0.00520	0.03598	0.00737	0.01037	0.01203	0.07387	0.01167	0.05995	0.70398	0.00602	0.01008	0.00502	0.00244	0.00382
3	0.00887	0.01111	0.18434	0.18530	0.15764	0.00894	0.13640	0.01233	0.04840	0.02578	0.01047	0.04442	0.00912	0.00532	0.00472	0.01112	0.01623	0.09044	0.00240	0.02665
4	0.01497	0.01858	0.01154	0.01049	0.01266	0.73280	0.00789	0.01722	0.09752	0.01118	0.02239	0.00887	0.00682	0.00455	0.00386	0.00112	0.00703	0.00301	0.00243	0.00505
5	0.00667	0.00484	0.00589	0.00588	0.00719	0.00455	0.00470	0.00893	0.06044	0.04839	0.27363	0.03686	0.29105	0.00973	0.00511	0.00152	0.00267	0.21365	0.00419	0.00411
6	0.00763	0.00574	0.00648	0.00626	0.01636	0.03376	0.00464	0.07011	0.07330	0.02863	0.28753	0.14323	0.14517	0.00909	0.00554	0.06168	0.00280	0.03188	0.05593	0.00424
7	0.00889	0.01073	0.14464	0.34807	0.29231	0.00951	0.07119	0.01190	0.00897	0.01235	0.00825	0.03945	0.00673	0.00428	0.00425	0.00135	0.00550	0.00401	0.00201	0.00561
8	0.00555	0.00434	0.00484	0.00476	0.00583	0.00391	0.00343	0.00697	0.02934	0.01258	0.25854	0.06390	0.43751	0.13133	0.00733	0.00178	0.00241	0.00812	0.00392	0.00359
9	0.09522	0.01080	0.06028	0.02588	0.01545	0.01038	0.27869	0.28132	0.01281	0.09793	0.00943	0.01074	0.00685	0.00497	0.00506	0.05580	0.00527	0.00404	0.00313	0.00598
10	0.00988	0.00929	0.01553	0.27376	0.55086	0.00991	0.01233	0.04414	0.00962	0.01333	0.00786	0.01064	0.00636	0.00394	0.00418	0.00130	0.00517	0.00374	0.00210	0.00607
11	0.00845	0.00616	0.00805	0.03876	0.00905	0.02258	0.05495	0.03552	0.05035	0.04568	0.03521	0.20641	0.01431	0.00728	0.00546	0.00138	0.12088	0.01852	0.30658	0.00442
12	0.00558	0.00428	0.00511	0.00490	0.00605	0.00381	0.00368	0.00722	0.01103	0.01479	0.53076	0.03480	0.33402	0.00936	0.00496	0.00136	0.00204	0.00808	0.00436	0.00381
13	0.01080	0.00942	0.00968	0.00866	0.01106	0.03180	0.00674	0.05155	0.76798	0.01773	0.01658	0.01527	0.01243	0.00564	0.00426	0.00141	0.00348	0.00466	0.00422	0.00663
14	0.02836	0.00527	0.00597	0.00597	0.00667	0.03432	0.00418	0.00869	0.07589	0.02357	0.08056	0.15244	0.03071	0.32657	0.15505	0.00338	0.00489	0.04076	0.00313	0.00363
15	0.01574	0.01901	0.01200	0.01069	0.01300	0.73322	0.00811	0.11558	0.01289	0.01230	0.00694	0.00789	0.00563	0.00442	0.00384	0.00111	0.00721	0.00284	0.00242	0.00516
16	0.00984	0.01066	0.02167	0.01714	0.10498	0.01024	0.61384	0.01399	0.08635	0.01404	0.04650	0.01257	0.00854	0.00400	0.00481	0.00140	0.00628	0.00493	0.00244	0.00579
17	0.01223	0.00640	0.00814	0.00672	0.00889	0.00603	0.00535	0.12115	0.01301	0.32834	0.40578	0.02200	0.02411	0.00682	0.00458	0.00131	0.00295	0.00580	0.00479	0.00561
18	0.00905	0.00865	0.01418	0.32880	0.37773	0.02818	0.04311	0.01155	0.00929	0.01254	0.06021	0.01360	0.02446	0.02061	0.00462	0.00138	0.00508	0.01922	0.00224	0.00547
19	0.55820	0.00843	0.00773	0.00648	0.00929	0.03710	0.00532	0.05371	0.00935	0.25535	0.00921	0.00920	0.00642	0.00435	0.00319	0.00129	0.00356	0.00293	0.00342	0.00545
20	0.00800	0.00523	0.00585	0.00534	0.00711	0.00475	0.00412	0.01038	0.09356	0.14939	0.11354	0.03224	0.51329	0.00893	0.00474	0.00138	0.00248	0.00747	0.01767	0.00452
21	0.00611	0.00408	0.00458	0.00458	0.00458	0.00408	0.00255	0.00611	0.00611	0.00815	0.01325	0.02751	0.01528	0.85226	0.02140	0.00408	0.00408	0.00611	0.00255	0.00255
22	0.88196	0.00813	0.00618	0.00553	0.00813	0.00943	0.00455	0.01236	0.00715	0.01886	0.00585	0.00683	0.00455	0.00390	0.00260	0.00130	0.00325	0.00228	0.00260	0.00455
23	0.00611	0.00408	0.00458	0.00458	0.00458	0.00408	0.00255	0.00611	0.00611	0.00815	0.01325	0.02751	0.01528	0.85226	0.02140	0.00408	0.00408	0.00611	0.00255	0.00255
24	0.13552	0.05519	0.01135	0.00922	0.01174	0.26359	0.02662	0.13349	0.23978	0.02803	0.01006	0.01034	0.00774	0.00483	0.00416	0.00127	0.03474	0.00347	0.00314	0.00573
25	0.18466	0.47643	0.11401	0.00754	0.01102	0.02881	0.00756	0.01234	0.00834	0.01235	0.00685	0.02429	0.00614	0.00417	0.00327	0.00109	0.02478	0.02174	0.00208	0.04253
26	0.02750	0.01365	0.18115	0.01003	0.01393	0.01219	0.00943	0.59918	0.05344	0.02325	0.00982	0.01004	0.00699	0.00484	0.00414	0.00128	0.00487	0.00367	0.00368	0.00689
27	0.01165	0.62884	0.01903	0.00768	0.01106	0.01527	0.00720	0.10411	0.13529	0.01295	0.00807	0.00851	0.00674	0.00409	0.00311	0.00102	0.00433	0.00281	0.00245	0.00579
28	0.01185	0.01173	0.00941	0.00845	0.02252	0.31553	0.00644	0.11320	0.01125	0.01426	0.04138	0.01220	0.03197	0.00516	0.00468	0.00115	0.08974	0.00364	0.23772	0.04771
29	0.00516	0.00427	0.00453	0.00455	0.00587	0.00364	0.00344	0.00635	0.00982	0.01204	0.13501	0.06046	0.68062	0.01050	0.00501	0.00143	0.00218	0.03751	0.00399	0.00361
30	0.85108	0.00809	0.00631	0.00560	0.00822	0.00931	0.00461	0.01265	0.00733	0.04784	0.00624	0.00710	0.00476	0.00395	0.00266	0.00130	0.00326	0.00235	0.00269	0.00465
31	0.01009	0.00944	0.01575	0.08141	0.68015	0.00961	0.01207	0.04061	0.00979	0.01381	0.00906	0.04521	0.00805	0.00447	0.00427	0.00130	0.00488	0.03142	0.00228	0.00631
32	0.00729	0.00531	0.00559	0.00526	0.00671	0.03368	0.00394	0.03822	0.01028	0.08694	0.14634	0.08871	0.46188	0.05916	0.00579	0.00155	0.00266	0.00782	0.01881	0.00406
33	0.06124	0.00945	0.04352	0.00898	0.01101	0.01036	0.00753	0.24106	0.03543	0.16526	0.02589	0.01247	0.00855	0.08012	0.00851	0.00170	0.25580	0.00403	0.00336	0.00572
34	0.00611	0.00410	0.00472	0.00472	0.00477	0.00415	0.00272	0.00620	0.00615	0.00825	0.01312	0.02682	0.01499	0.80110	0.07215	0.00424	0.00452	0.00601	0.00253	0.00262
35	0.10118	0.00725	0.00839	0.00633	0.00961	0.00605	0.00509	0.01244	0.02351	0.15334	0.07674	0.01148	0.00965	0.00405	0.00342	0.00088	0.00312	0.00323	0.00317	0.55108
36	0.01672	0.00849	0.01042	0.00793	0.01128	0.00803	0.00653	0.24119	0.01377	0.49683	0.01357	0.01239	0.00894	0.00488	0.00407	0.00120	0.00381	0.00388	0.00457	0.12150
37	0.00658	0.00512	0.00634	0.00672	0.06823	0.00477	0.00459	0.00892	0.06614	0.03785	0.38105	0.03176	0.33867	0.00873	0.00483	0.00136	0.00240	0.00751	0.00415	0.00428
38	0.00975	0.01252	0.11590	0.01707	0.02154	0.01053	0.72085	0.01345	0.00980	0.01345	0.00840	0.01106	0.00626	0.00359	0.00485	0.00141	0.00699	0.00475	0.00209	0.00573
39	0.07171	0.00666	0.00840	0.00669	0.00944	0.00604	0.00546	0.03522	0.01131	0.58596	0.03231	0.01554	0.05036	0.00540	0.00399	0.00126	0.00324	0.00434	0.13038	0.00628
40	0.01500	0.00677	0.00884	0.00710	0.00975	0.00621	0.00574	0.04968	0.06777	0.54136	0.21437	0.01842	0.01762	0.00606	0.00441	0.00131	0.00321	0.00507	0.00496	0.00634
41	0.01083	0.00775	0.00909	0.00686	0.01030	0.00659	0.00550	0.03181	0.13000	0.15094	0.01049	0.01072	0.00793	0.00389	0.00350	0.00087	0.00326	0.00315	0.00325	0.58328
42	0.01622	0.00932	0.01072	0.00831	0.01140	0.00965	0.00683	0.44586	0.01588	0.31625	0.01280	0.01217	0.00869	0.00509	0.00409	0.00125	0.00398	0.00396	0.09070	0.00683
43	0.00604	0.00407	0.00459	0.00460	0.00471	0.00402	0.00264	0.00609	0.00639	0.00841	0.01545	0.04230	0.07506	0.75703	0.01980	0.02327	0.00389	0.00636	0.00265	0.00262
44	0.01488	0.00940	0.01075	0.00817	0.01151	0.00937	0.00671	0.40965	0.01504	0.22941	0.01132	0.01107	0.00791	0.00467	0.00393	0.00113	0.00394	0.00363	0.03411	0.19341
45	0.04094	0.03254	0.01210	0.00948	0.01252	0.13832	0.02117	0.47052	0.13477	0.04977	0.01048	0.01049	0.00768	0.00490	0.00406	0.00124	0.00481	0.00369	0.00376	0.02676
46	0.01509	0.01124	0.01201	0.00939	0.01257	0.01249	0.00770	0.69286	0.12050	0.02511	0.01107	0.01093	0.00795	0.00513	0.00418	0.00128	0.00440	0.00391	0.02518	0.00701
47	0.00610	0.00414	0.00490	0.00490	0.00501	0.00425	0.00294	0.00631	0.00621	0.00838	0.01296	0.02593	0.01460	0.73398	0.13874	0.00446	0.00511	0.00588	0.00250	0.00272
48	0.00872	0.00747	0.00872	0.00623	0.00996	0.00560	0.00498	0.01058	0.00872	0.01370	0.00747	0.00872	0.00623	0.00311	0.00311	0.00062	0.00311	0.00249	0.00249	0.87796
49	0.00896	0.05260	0.10924	0.01115	0.02093	0.04321	0.17208	0.01095	0.02160	0.01106	0.00878	0.05786	0.00850	0.13545	0.01035	0.00194	0.30385	0.00460	0.00217	0.00473
50	0.00511	0.00416	0.00453	0.00471	0.00587	0.00358	0.00346	0.00619	0.00945	0.01163	0.08986	0.19272	0.60310	0.01101	0.00506	0.00148	0.00222	0.02835	0.00395	0.00356
51	0.00619	0.00401	0.00469	0.00474	0.00475	0.00400	0.00273	0.00603	0.00614	0.00819	0.01311	0.06615	0.01506	0.72396	0.02010	0.09500	0.00395	0.00614	0.00254	0.00251
52	0.52666	0.01032	0.03261	0.02255	0.04110	0.10563	0.00622	0.09099	0.04845	0.03333	0.00732	0.00816	0.00561	0.00414	0.00316	0.00125	0.00409	0.00274	0.00278	0.04289
53	0.18430	0.15758	0.10223	0.02581	0.08391	0.10696	0.00788	0.02713	0.11748	0.01401	0.00905	0.05044	0.00771	0.00568	0.03674	0.00142	0.00481	0.00350	0.00256	0.05080

[dist]
# distance from previous block
# <min> <max>
0	19

[block]
# block no. 6 follows, 63 sequences, length 28
# corresponding to MSA columns:
# 583-610
name=unknown_G
#
# <colnr> <probs for GDERKNQSTAVLIFYWHMCP>
#	G	D	E	R	K	N	Q	S	T	A	V	L	I	F	Y	W	H	M	C	P
0	0.04697	0.11555	0.09556	0.03421	0.16449	0.04947	0.03232	0.16645	0.05798	0.11225	0.03246	0.01080	0.00797	0.00456	0.00424	0.00124	0.03134	0.00363	0.00301	0.02551
1	0.01182	0.31439	0.04378	0.01337	0.20461	0.13744	0.09447	0.02951	0.00992	0.06089	0.00881	0.01001	0.03534	0.00413	0.00369	0.00113	0.00528	0.00337	0.00228	0.00574
2	0.00538	0.00442	0.00476	0.00472	0.00603	0.00390	0.00352	0.00703	0.04298	0.01256	0.18026	0.09111	0.59807	0.01024	0.00496	0.00142	0.00217	0.00868	0.00405	0.00374
3	0.02113	0.00860	0.01218	0.09159	0.02524	0.02952	0.13813	0.01126	0.00881	0.01311	0.00747	0.00939	0.00610	0.00363	0.00426	0.00094	0.05994	0.00312	0.00231	0.54327
4	0.00889	0.00476	0.00495	0.00464	0.00592	0.00487	0.00356	0.05414	0.05447	0.05135	0.01383	0.01531	0.01068	0.00496	0.00314	0.00103	0.00225	0.00397	0.74289	0.00438
5	0.00514	0.00369	0.00485	0.00578	0.00605	0.00343	0.00385	0.00586	0.00806	0.01070	0.02356	0.80784	0.05195	0.03034	0.00568	0.00175	0.00246	0.01174	0.00387	0.00340
6	0.00500	0.00426	0.00431	0.00430	0.00570	0.00356	0.00322	0.00610	0.00966	0.01155	0.07045	0.04013	0.79635	0.01057	0.00497	0.00142	0.00212	0.00883	0.00393	0.00356
7	0.00872	0.00747	0.00872	0.00623	0.00996	0.00560	0.00498	0.01058	0.00872	0.01370	0.00747	0.00872	0.00623	0.00311	0.00311	0.00062	0.00311	0.00249	0.00249	0.87796
8	0.00774	0.00400	0.00417	0.00425	0.00523	0.00400	0.00327	0.00970	0.00889	0.01540	0.01446	0.01843	0.01194	0.00548	0.00319	0.00106	0.00213	0.07286	0.79989	0.00391
9	0.10551	0.00725	0.00940	0.00728	0.01047	0.00651	0.00602	0.01967	0.01154	0.74762	0.01551	0.01356	0.00982	0.00507	0.00406	0.00130	0.00354	0.00403	0.00494	0.00689
10	0.00500	0.00426	0.00430	0.00429	0.00570	0.00356	0.00322	0.00609	0.00965	0.01152	0.06519	0.04019	0.80163	0.01059	0.00497	0.00142	0.00213	0.00884	0.00392	0.00356
11	0.01124	0.85479	0.02203	0.00719	0.01079	0.01663	0.00719	0.01259	0.00854	0.00989	0.00584	0.00674	0.00539	0.00360	0.00270	0.00090	0.00450	0.00225	0.00180	0.00539
12	0.00992	0.01134	0.02481	0.01772	0.02197	0.01063	0.81077	0.01347	0.00992	0.01347	0.00850	0.01134	0.00638	0.00354	0.00496	0.00142	0.00709	0.00496	0.00213	0.00567
13	0.01108	0.80856	0.06689	0.00746	0.01120	0.01625	0.00766	0.01263	0.00856	0.01008	0.00594	0.00686	0.00539	0.00362	0.00277	0.00092	0.00459	0.00230	0.00180	0.00544
14	0.00872	0.00747	0.00872	0.00623	0.00996	0.00560	0.00498	0.01058	0.00872	0.01370	0.00747	0.00872	0.00623	0.00311	0.00311	0.00062	0.00311	0.00249	0.00249	0.87796
15	0.00601	0.00449	0.00670	0.00670	0.00743	0.00522	0.00518	0.00747	0.00674	0.00972	0.01131	0.01681	0.01064	0.05376	0.81355	0.00668	0.01107	0.00455	0.00226	0.00372
16	0.00611	0.00408	0.00458	0.00458	0.00458	0.00408	0.00255	0.00611	0.00611	0.00815	0.01325	0.02751	0.01528	0.85226	0.02140	0.00408	0.00408	0.00611	0.00255	0.00255
17	0.00782	0.00731	0.01228	0.80618	0.02797	0.00908	0.01134	0.01053	0.00839	0.01074	0.00815	0.04727	0.00656	0.00459	0.00425	0.00141	0.00547	0.00409	0.00196	0.00462
18	0.00623	0.00454	0.00642	0.00716	0.00795	0.00442	0.02088	0.00780	0.00927	0.01224	0.07016	0.31291	0.02598	0.01180	0.00559	0.00181	0.00334	0.47385	0.00389	0.00376
19	0.02583	0.00757	0.00813	0.00752	0.00944	0.00851	0.00576	0.01806	0.56677	0.02882	0.07535	0.11236	0.01610	0.00665	0.00430	0.00141	0.00301	0.00565	0.08296	0.00581
