[name]
unknown

[dist]
# distance from previous block
# <min> <max>
0	154

[block]
# block no. 0 follows, 55 sequences, length 16
# corresponding to MSA columns:
# 419-434
name=unknown_A
#
# <colnr> <probs for GDERKNQSTAVLIFYWHMCP>
#	G	D	E	R	K	N	Q	S	T	A	V	L	I	F	Y	W	H	M	C	P
0	0.01056	0.00883	0.00987	0.00893	0.01109	0.01000	0.00710	0.06598	0.46599	0.01828	0.08551	0.02289	0.05779	0.00756	0.00573	0.00162	0.06440	0.08789	0.02137	0.02861
1	0.00624	0.00482	0.00555	0.00568	0.00679	0.00428	0.00406	0.00728	0.00953	0.01224	0.05427	0.23206	0.34096	0.15648	0.00872	0.00214	0.00304	0.06763	0.00397	0.06425
2	0.01109	0.01035	0.01579	0.43102	0.26414	0.04284	0.03413	0.10728	0.01141	0.01506	0.00875	0.01183	0.00678	0.00460	0.00464	0.00147	0.00600	0.00414	0.00247	0.00621
3	0.00590	0.00497	0.00522	0.00498	0.00669	0.00414	0.00376	0.00725	0.01080	0.01338	0.12337	0.04126	0.67009	0.01096	0.00535	0.00150	0.00242	0.00918	0.00429	0.06449
4	0.00622	0.00456	0.00591	0.00684	0.00734	0.00444	0.00477	0.00799	0.06458	0.01256	0.02510	0.71896	0.02931	0.01387	0.00589	0.00189	0.00288	0.06849	0.00435	0.00407
5	0.00613	0.00464	0.00565	0.00559	0.00672	0.00416	0.00412	0.00782	0.01179	0.01586	0.46564	0.14889	0.27422	0.01091	0.00555	0.00156	0.00231	0.00951	0.00477	0.00416
6	0.01954	0.00894	0.01129	0.00878	0.01232	0.00850	0.00721	0.14964	0.08282	0.61335	0.01722	0.01520	0.01115	0.00578	0.00468	0.00144	0.00413	0.00465	0.00549	0.00787
7	0.01220	0.01030	0.01087	0.00959	0.01234	0.01186	0.00752	0.10341	0.71937	0.02047	0.01814	0.01672	0.01356	0.00624	0.00473	0.00156	0.00383	0.00515	0.00473	0.00742
8	0.01244	0.83930	0.02438	0.00796	0.01194	0.01841	0.00796	0.01393	0.00945	0.01095	0.00647	0.00746	0.00597	0.00398	0.00299	0.00100	0.00498	0.00249	0.00199	0.00597
9	0.01199	0.01289	0.00908	0.00840	0.01030	0.36762	0.00631	0.05724	0.01232	0.01392	0.06012	0.06371	0.21517	0.00747	0.00458	0.00134	0.00519	0.00581	0.12167	0.00488
10	0.01018	0.01018	0.01425	0.01221	0.01221	0.01425	0.01018	0.01120	0.00712	0.01120	0.00611	0.01018	0.00611	0.00814	0.01527	0.00204	0.82799	0.00407	0.00204	0.00509
11	0.00603	0.00437	0.00553	0.00597	0.00671	0.00401	0.00420	0.00737	0.01053	0.01430	0.27742	0.44597	0.14006	0.01230	0.00565	0.00169	0.00248	0.01095	0.03044	0.00401
12	0.86937	0.00900	0.00684	0.00612	0.00900	0.01044	0.00504	0.01368	0.00792	0.02087	0.00648	0.00756	0.00504	0.00432	0.00288	0.00144	0.00360	0.00252	0.00288	0.00504
13	0.00729	0.00501	0.00708	0.00696	0.00775	0.00554	0.00519	0.00863	0.00779	0.04542	0.04136	0.02125	0.01386	0.19713	0.59095	0.00639	0.01010	0.00546	0.00279	0.00405
14	0.06338	0.01073	0.10397	0.02330	0.01217	0.12150	0.04069	0.01375	0.01072	0.16330	0.01687	0.11536	0.04014	0.04437	0.00634	0.03245	0.00501	0.16691	0.00368	0.00536
15	0.00920	0.02317	0.77464	0.01299	0.01958	0.01057	0.01665	0.01443	0.00971	0.01455	0.00854	0.01022	0.00616	0.00585	0.04259	0.00175	0.00714	0.00351	0.00199	0.00675

[dist]
# distance from previous block
# <min> <max>
0	2

[block]
# block no. 1 follows, 55 sequences, length 22
# corresponding to MSA columns:
# 437-458
name=unknown_B
#
# <colnr> <probs for GDERKNQSTAVLIFYWHMCP>
#	G	D	E	R	K	N	Q	S	T	A	V	L	I	F	Y	W	H	M	C	P
0	0.01190	0.01213	0.01674	0.16417	0.51862	0.13205	0.01289	0.02963	0.01098	0.01426	0.00938	0.01197	0.02569	0.00454	0.00457	0.00139	0.00599	0.00410	0.00237	0.00662
1	0.01198	0.64324	0.02172	0.04616	0.05767	0.04816	0.00846	0.01359	0.00968	0.01149	0.02723	0.00980	0.03000	0.00459	0.00386	0.00112	0.04011	0.00310	0.00217	0.00586
2	0.10989	0.01001	0.10153	0.00829	0.01218	0.00758	0.02879	0.03491	0.01070	0.22743	0.01190	0.05528	0.00928	0.02028	0.00441	0.00124	0.00413	0.00406	0.00360	0.33450
3	0.05305	0.00707	0.03872	0.00671	0.00856	0.05116	0.04031	0.00938	0.01119	0.02701	0.25144	0.06696	0.35038	0.01011	0.02424	0.00165	0.00341	0.00801	0.02614	0.00449
4	0.00882	0.00839	0.01417	0.70374	0.02949	0.01010	0.06072	0.01217	0.03360	0.01234	0.01086	0.01439	0.05172	0.00506	0.00475	0.00155	0.00601	0.00457	0.00229	0.00523
5	0.50076	0.04741	0.01077	0.08998	0.08867	0.03452	0.00763	0.04880	0.00923	0.03846	0.00737	0.00905	0.00584	0.00477	0.00452	0.00147	0.07935	0.00312	0.00277	0.00553
6	0.01265	0.26819	0.13234	0.01178	0.04584	0.20245	0.07687	0.05078	0.01099	0.01307	0.00874	0.01222	0.00774	0.03152	0.00537	0.00143	0.05259	0.04713	0.00241	0.00589
7	0.01244	0.83930	0.02438	0.00796	0.01194	0.01841	0.00796	0.01393	0.00945	0.01095	0.00647	0.00746	0.00597	0.00398	0.00299	0.00100	0.00498	0.00249	0.00199	0.00597
8	0.01730	0.01229	0.01334	0.01037	0.01397	0.01350	0.00852	0.64757	0.10302	0.09288	0.01258	0.01221	0.00887	0.00568	0.00466	0.00142	0.00487	0.00434	0.00475	0.00785
9	0.00678	0.00443	0.00541	0.00547	0.00579	0.00431	0.00348	0.00674	0.00768	0.01011	0.06308	0.08790	0.12421	0.41356	0.04409	0.18967	0.00412	0.00710	0.00308	0.00300
10	0.01093	0.04426	0.04197	0.12584	0.15422	0.17776	0.04394	0.02280	0.03058	0.02729	0.18180	0.03522	0.07139	0.00634	0.00478	0.00141	0.00528	0.00541	0.00320	0.00559
11	0.01402	0.01003	0.01102	0.00942	0.01237	0.01112	0.00747	0.12604	0.55800	0.15982	0.01780	0.01627	0.01290	0.00612	0.00471	0.00153	0.00392	0.00502	0.00490	0.00753
12	0.00668	0.00449	0.00517	0.00530	0.00535	0.00446	0.00308	0.00681	0.00707	0.00942	0.01595	0.10623	0.01847	0.73807	0.02157	0.00420	0.00433	0.02741	0.00300	0.00295
13	0.01093	0.22901	0.43156	0.04635	0.03441	0.06092	0.01332	0.01450	0.00977	0.02955	0.00783	0.00944	0.00610	0.00467	0.00495	0.00138	0.07356	0.00329	0.00209	0.00637
14	0.00933	0.02406	0.81240	0.01326	0.02014	0.01080	0.01719	0.01473	0.00982	0.01473	0.00835	0.00982	0.00589	0.00442	0.00442	0.00147	0.00688	0.00344	0.00196	0.00688
15	0.00601	0.00487	0.00535	0.00521	0.00666	0.00429	0.00391	0.00785	0.03319	0.01470	0.28817	0.04082	0.54071	0.01091	0.00547	0.00154	0.00234	0.00924	0.00459	0.00417
16	0.00654	0.00454	0.00589	0.00678	0.00735	0.00441	0.00495	0.00805	0.02993	0.01290	0.02389	0.53492	0.02724	0.04552	0.00648	0.00197	0.00310	0.18173	0.07983	0.00400
17	0.01191	0.01266	0.08786	0.08769	0.07750	0.06194	0.29160	0.10939	0.08281	0.03390	0.01112	0.01382	0.00858	0.00492	0.00488	0.00149	0.00622	0.02820	0.05712	0.00640
18	0.00617	0.00497	0.00620	0.00630	0.00733	0.00479	0.02080	0.00737	0.00963	0.01245	0.04518	0.30350	0.37501	0.01385	0.06707	0.00214	0.04892	0.02174	0.03254	0.00403
19	0.08451	0.00800	0.01050	0.00812	0.01166	0.00711	0.00670	0.02200	0.01291	0.75146	0.01746	0.01521	0.01103	0.00565	0.00454	0.00144	0.00393	0.00452	0.00554	0.00770
20	0.01063	0.05312	0.05784	0.10160	0.33735	0.01055	0.10225	0.05502	0.05587	0.01587	0.10382	0.03588	0.01277	0.00545	0.00481	0.00146	0.00529	0.02106	0.00294	0.00644
21	0.01160	0.13869	0.22765	0.07287	0.17789	0.03656	0.08979	0.06351	0.04596	0.04940	0.01058	0.01206	0.03365	0.00474	0.00443	0.00139	0.00589	0.00407	0.00263	0.00665

[dist]
# distance from previous block
# <min> <max>
2	11

[block]
# block no. 2 follows, 55 sequences, length 38
# corresponding to MSA columns:
# 484-521
name=unknown_C
#
# <colnr> <probs for GDERKNQSTAVLIFYWHMCP>
#	G	D	E	R	K	N	Q	S	T	A	V	L	I	F	Y	W	H	M	C	P
0	0.00714	0.00488	0.00640	0.00595	0.00714	0.00448	0.00448	0.00932	0.01317	0.04941	0.77448	0.03402	0.04264	0.00937	0.00546	0.00146	0.00226	0.00827	0.00515	0.00453
1	0.01244	0.83930	0.02438	0.00796	0.01194	0.01841	0.00796	0.01393	0.00945	0.01095	0.00647	0.00746	0.00597	0.00398	0.00299	0.00100	0.00498	0.00249	0.00199	0.00597
2	0.00741	0.00487	0.00612	0.00649	0.00701	0.00481	0.00467	0.00827	0.00853	0.03945	0.01919	0.11441	0.02136	0.45181	0.01551	0.00336	0.00424	0.26536	0.00356	0.00358
3	0.00599	0.00467	0.00543	0.00537	0.00662	0.00412	0.00398	0.00758	0.01157	0.01517	0.37650	0.11167	0.40259	0.01104	0.00553	0.00155	0.00232	0.00951	0.00467	0.00412
4	0.00569	0.00411	0.00540	0.00637	0.00673	0.00381	0.00428	0.00657	0.00914	0.01215	0.05471	0.76787	0.06744	0.01426	0.00590	0.00186	0.00266	0.01289	0.00435	0.00381
5	0.00612	0.00474	0.00696	0.00734	0.00793	0.00450	0.05604	0.00712	0.00899	0.01199	0.02450	0.72069	0.04911	0.03892	0.00659	0.00194	0.01620	0.01228	0.00411	0.00394
6	0.66174	0.00879	0.00769	0.00659	0.00957	0.00974	0.00542	0.04316	0.00942	0.15781	0.00901	0.00946	0.00650	0.00465	0.00327	0.00143	0.00367	0.00302	0.03345	0.00562
7	0.86937	0.00900	0.00684	0.00612	0.00900	0.01044	0.00504	0.01368	0.00792	0.02087	0.00648	0.00756	0.00504	0.00432	0.00288	0.00144	0.00360	0.00252	0.00288	0.00504
8	0.01274	0.78892	0.02369	0.00821	0.01209	0.06770	0.00802	0.01422	0.00968	0.01097	0.00651	0.00752	0.00597	0.00403	0.00306	0.00101	0.00519	0.00252	0.00202	0.00593
9	0.00571	0.00412	0.00543	0.00645	0.00681	0.00383	0.00437	0.00658	0.00904	0.01197	0.02664	0.77347	0.06772	0.01439	0.00593	0.00188	0.00273	0.03482	0.00432	0.00380
10	0.00676	0.00454	0.00525	0.00525	0.00531	0.00461	0.00304	0.00688	0.00682	0.00915	0.01450	0.02956	0.01653	0.77807	0.08159	0.00473	0.00509	0.00664	0.00280	0.00292
11	0.01026	0.03955	0.01461	0.01206	0.01220	0.01440	0.01010	0.01129	0.00721	0.01119	0.00612	0.01008	0.00610	0.00800	0.01483	0.00200	0.79883	0.00402	0.00203	0.00512
12	0.00995	0.25259	0.42831	0.01103	0.01602	0.01239	0.04011	0.01357	0.00986	0.01365	0.06600	0.01225	0.03258	0.00562	0.02065	0.00149	0.04159	0.00384	0.00229	0.00620
13	0.01767	0.01963	0.01286	0.01140	0.01402	0.65618	0.00867	0.05820	0.03414	0.11120	0.00908	0.00968	0.00699	0.00499	0.00429	0.00125	0.00755	0.00332	0.00299	0.00588
14	0.01159	0.01162	0.01759	0.11237	0.57199	0.08469	0.04623	0.01455	0.03187	0.01469	0.03241	0.01221	0.00837	0.00447	0.00464	0.00140	0.00581	0.00425	0.00244	0.00681
15	0.00965	0.00827	0.00965	0.00689	0.01102	0.00620	0.00551	0.01171	0.00965	0.01516	0.00827	0.00965	0.00689	0.00345	0.00345	0.00069	0.00345	0.00276	0.00276	0.86494
16	0.01736	0.01287	0.01378	0.01064	0.01430	0.01428	0.00876	0.75126	0.06311	0.02880	0.01158	0.01150	0.00825	0.00562	0.00466	0.00141	0.00504	0.00425	0.00466	0.00788
17	0.00950	0.00917	0.01467	0.56285	0.09981	0.03829	0.06857	0.01283	0.03795	0.01304	0.03747	0.01433	0.00863	0.00501	0.00475	0.00152	0.00598	0.02804	0.00241	0.02517
18	0.01224	0.03391	0.09914	0.11782	0.33388	0.09251	0.05254	0.09916	0.05285	0.02777	0.00949	0.01157	0.00746	0.00528	0.02319	0.00155	0.00614	0.00407	0.00268	0.00675
19	0.01356	0.00920	0.01015	0.00855	0.01120	0.00996	0.00685	0.25583	0.25477	0.11352	0.06601	0.01756	0.01387	0.00629	0.00455	0.00143	0.00381	0.03073	0.15537	0.00677
20	0.00644	0.00492	0.00707	0.00745	0.00829	0.00465	0.04895	0.00779	0.00969	0.01277	0.06067	0.48032	0.09604	0.04117	0.00657	0.00197	0.00335	0.18365	0.00419	0.00404
21	0.00837	0.03689	0.01112	0.00943	0.01016	0.00946	0.03765	0.00980	0.00824	0.01200	0.10758	0.03859	0.01391	0.06980	0.27341	0.00383	0.32717	0.00531	0.00268	0.00460
22	0.06688	0.02118	0.04150	0.23597	0.17397	0.01128	0.17339	0.07870	0.05055	0.03573	0.01002	0.01246	0.02004	0.00483	0.00518	0.00151	0.04341	0.00443	0.00270	0.00626
23	0.01080	0.00599	0.00709	0.00628	0.00807	0.00588	0.00488	0.04435	0.08611	0.16135	0.27890	0.02263	0.02255	0.00693	0.00445	0.00133	0.00276	0.00584	0.30838	0.00542
24	0.00724	0.00555	0.00684	0.00735	0.00860	0.00551	0.00597	0.01019	0.10052	0.01391	0.04088	0.13010	0.21295	0.04128	0.00656	0.00199	0.00356	0.38226	0.00431	0.00444
25	0.01122	0.04691	0.30190	0.21666	0.13780	0.01078	0.03093	0.03822	0.05004	0.09669	0.00998	0.01172	0.00727	0.00468	0.00452	0.00146	0.00594	0.00397	0.00266	0.00664
26	0.00849	0.00642	0.00767	0.00744	0.00883	0.00649	0.01797	0.16618	0.04906	0.01606	0.03727	0.46077	0.14781	0.01164	0.00555	0.00172	0.00329	0.02808	0.00439	0.00487
27	0.00578	0.00417	0.00537	0.00629	0.00666	0.00389	0.00423	0.00660	0.00893	0.01177	0.02654	0.68869	0.09268	0.07549	0.00724	0.00207	0.00285	0.03282	0.00421	0.00373
28	0.00925	0.00853	0.01468	0.68314	0.07556	0.01015	0.05903	0.01227	0.00956	0.03071	0.00920	0.04111	0.00730	0.00495	0.00474	0.00155	0.00609	0.00455	0.00226	0.00538
29	0.01042	0.01118	0.08684	0.17171	0.27503	0.02659	0.13053	0.03673	0.03873	0.02612	0.01234	0.05917	0.03422	0.00572	0.00494	0.00154	0.00576	0.05347	0.00274	0.00624
30	0.00871	0.00804	0.00861	0.00826	0.00926	0.13279	0.00634	0.01032	0.01894	0.01115	0.01152	0.01694	0.01076	0.08104	0.54068	0.00560	0.06848	0.00471	0.03345	0.00437
31	0.00942	0.00584	0.00548	0.00530	0.00662	0.04389	0.00400	0.01282	0.10176	0.01731	0.01523	0.01692	0.01191	0.00549	0.00347	0.00115	0.00264	0.00438	0.72163	0.00474
32	0.00656	0.00483	0.00662	0.04610	0.00890	0.00484	0.00577	0.00790	0.00940	0.01238	0.02397	0.44154	0.04893	0.06274	0.01893	0.00219	0.01519	0.26520	0.00405	0.00398
33	0.66328	0.01193	0.04643	0.00755	0.01057	0.13699	0.00638	0.04355	0.00935	0.01941	0.00685	0.00793	0.00534	0.00445	0.00322	0.00140	0.00456	0.00270	0.00283	0.00529
34	0.03202	0.62038	0.05290	0.00833	0.01225	0.01609	0.00814	0.06050	0.03100	0.05094	0.00833	0.00988	0.00720	0.00449	0.00339	0.00111	0.00487	0.02614	0.00252	0.03953
35	0.01061	0.06123	0.01641	0.28513	0.36067	0.02910	0.03213	0.03130	0.01031	0.01399	0.00940	0.01362	0.00792	0.00491	0.00486	0.00146	0.02759	0.04079	0.03238	0.00619
36	0.00993	0.00976	0.07829	0.00759	0.01186	0.00694	0.00664	0.04903	0.01033	0.01588	0.02847	0.01037	0.00779	0.00378	0.00364	0.00081	0.00379	0.00302	0.00284	0.72925
37	0.00792	0.00539	0.00618	0.00574	0.00706	0.00535	0.00440	0.06239	0.01197	0.01752	0.32890	0.02869	0.17576	0.00835	0.00512	0.00138	0.03448	0.00696	0.27189	0.00455

[dist]
# distance from previous block
# <min> <max>
0	2

[block]
# block no. 3 follows, 55 sequences, length 13
# corresponding to MSA columns:
# 524-536
name=unknown_D
#
# <colnr> <probs for GDERKNQSTAVLIFYWHMCP>
#	G	D	E	R	K	N	Q	S	T	A	V	L	I	F	Y	W	H	M	C	P
0	0.03388	0.01425	0.24141	0.07544	0.05742	0.01070	0.17846	0.12209	0.02971	0.04510	0.06331	0.01347	0.02342	0.00509	0.00503	0.00147	0.02833	0.00456	0.00295	0.04392
1	0.00609	0.00440	0.00526	0.00562	0.00616	0.00411	0.00370	0.00688	0.00906	0.01191	0.11749	0.33524	0.17846	0.27102	0.01136	0.00260	0.00314	0.00998	0.00394	0.00358
2	0.01010	0.02041	0.57309	0.06915	0.04076	0.03287	0.14022	0.01484	0.01016	0.03277	0.00872	0.01057	0.00627	0.00439	0.00461	0.00148	0.00693	0.00385	0.00214	0.00666
3	0.00657	0.00484	0.00582	0.00610	0.00681	0.00470	0.00422	0.00835	0.06211	0.01294	0.15029	0.29369	0.13082	0.22553	0.01035	0.00245	0.00320	0.05323	0.00409	0.00392
4	0.00582	0.00439	0.00560	0.03156	0.00746	0.00407	0.00443	0.00691	0.00969	0.01269	0.10619	0.56398	0.19381	0.01318	0.00576	0.00177	0.00269	0.01175	0.00433	0.00391
5	0.07028	0.01326	0.06653	0.01040	0.01421	0.01364	0.00900	0.66873	0.01984	0.02747	0.01080	0.01103	0.00771	0.00542	0.00449	0.00140	0.00506	0.00404	0.02912	0.00756
6	0.01225	0.78893	0.07307	0.00829	0.01245	0.01794	0.00853	0.01398	0.00948	0.01118	0.00658	0.00761	0.00597	0.00401	0.00307	0.00102	0.00509	0.00255	0.00199	0.00603
7	0.09167	0.01016	0.01624	0.01195	0.01598	0.00942	0.28510	0.06458	0.04222	0.16961	0.01105	0.01207	0.00802	0.00439	0.00448	0.00129	0.00524	0.00426	0.00340	0.22888
8	0.08348	0.03133	0.10166	0.03255	0.06303	0.06878	0.00926	0.25241	0.10301	0.14249	0.01313	0.01406	0.02785	0.00564	0.00450	0.00144	0.00504	0.02942	0.00394	0.00696
9	0.00879	0.08526	0.14539	0.00946	0.03047	0.00863	0.06502	0.01196	0.05959	0.03643	0.24371	0.05129	0.14359	0.00774	0.00579	0.00151	0.06986	0.00647	0.00363	0.00540
10	0.13518	0.01473	0.01058	0.00943	0.01176	0.38658	0.00726	0.10229	0.04353	0.01599	0.07812	0.01496	0.08592	0.00604	0.00455	0.00134	0.02626	0.00433	0.03571	0.00543
11	0.00854	0.00546	0.00641	0.00633	0.02598	0.00541	0.00394	0.03472	0.03916	0.08146	0.01743	0.06475	0.06590	0.59433	0.01823	0.00364	0.00426	0.00686	0.00336	0.00384
12	0.12247	0.04695	0.05279	0.02815	0.09044	0.05468	0.06450	0.05801	0.03692	0.20424	0.01148	0.04056	0.00883	0.00593	0.02157	0.00153	0.06064	0.00424	0.00347	0.08259

[dist]
# distance from previous block
# <min> <max>
2	8

[block]
# block no. 4 follows, 55 sequences, length 25
# corresponding to MSA columns:
# 545-569
name=unknown_E
#
# <colnr> <probs for GDERKNQSTAVLIFYWHMCP>
#	G	D	E	R	K	N	Q	S	T	A	V	L	I	F	Y	W	H	M	C	P
0	0.00841	0.00582	0.00720	0.00647	0.00798	0.00560	0.00496	0.09843	0.01392	0.05501	0.61820	0.05181	0.07966	0.00915	0.00537	0.00147	0.00263	0.00796	0.00503	0.00491
1	0.01778	0.02055	0.01291	0.01156	0.01410	0.72546	0.00874	0.01904	0.01320	0.10242	0.00846	0.00924	0.00662	0.00490	0.00425	0.00123	0.00788	0.00319	0.00278	0.00568
2	0.00797	0.00584	0.00794	0.00757	0.00867	0.00665	0.00585	0.09752	0.00913	0.01298	0.01256	0.01836	0.01162	0.09128	0.64015	0.00636	0.01071	0.00501	0.02934	0.00449
3	0.00920	0.03314	0.54698	0.01267	0.01796	0.00981	0.11279	0.01318	0.00943	0.01369	0.00942	0.05403	0.00772	0.00689	0.02413	0.09994	0.00655	0.00430	0.00216	0.00601
4	0.01241	0.70724	0.02271	0.00863	0.01208	0.05475	0.00826	0.01383	0.00936	0.01099	0.00646	0.00781	0.00599	0.00449	0.00444	0.00112	0.09887	0.00269	0.00201	0.00584
5	0.05772	0.03791	0.03531	0.03201	0.02688	0.02367	0.05755	0.05258	0.01051	0.02905	0.01126	0.04900	0.01031	0.00543	0.00419	0.00115	0.00428	0.10058	0.00306	0.44757
6	0.01563	0.12693	0.01632	0.01234	0.01508	0.58004	0.09793	0.01717	0.01213	0.01172	0.00729	0.00884	0.00612	0.00476	0.00476	0.00126	0.05054	0.00327	0.00232	0.00555
7	0.00630	0.00487	0.00651	0.09940	0.00962	0.00492	0.00525	0.00752	0.00906	0.01181	0.04195	0.36475	0.17939	0.10424	0.09259	0.00266	0.00429	0.03721	0.00372	0.00393
8	0.01594	0.01977	0.01354	0.12467	0.05183	0.67105	0.00976	0.01747	0.01253	0.01162	0.00741	0.00908	0.00608	0.00475	0.00428	0.00126	0.00796	0.00320	0.00235	0.00545
9	0.00765	0.00509	0.00596	0.00554	0.00717	0.00443	0.00423	0.00927	0.01186	0.10571	0.32287	0.03779	0.43474	0.01026	0.00540	0.00152	0.00248	0.00872	0.00478	0.00455
10	0.24200	0.03615	0.02318	0.00862	0.01204	0.03107	0.00721	0.27818	0.01448	0.26884	0.01195	0.01183	0.00831	0.02064	0.00448	0.00146	0.00445	0.00386	0.00432	0.00692
11	0.00638	0.00511	0.00596	0.00604	0.00749	0.00450	0.00455	0.00789	0.02331	0.01288	0.03274	0.24947	0.38025	0.01248	0.03666	0.00184	0.00319	0.09312	0.00407	0.10206
12	0.00965	0.00827	0.00965	0.00689	0.01102	0.00620	0.00551	0.01171	0.00965	0.01516	0.00827	0.00965	0.00689	0.00345	0.00345	0.00069	0.00345	0.00276	0.00276	0.86494
13	0.00633	0.00473	0.00588	0.00563	0.00680	0.00428	0.00421	0.00827	0.01251	0.01719	0.62373	0.05855	0.20448	0.01013	0.00550	0.00150	0.00224	0.00884	0.00493	0.00428
14	0.00672	0.00449	0.00509	0.00513	0.00514	0.00448	0.00288	0.00675	0.00685	0.00913	0.01508	0.06126	0.01745	0.80496	0.02300	0.00441	0.00444	0.00701	0.00288	0.00286
15	0.04617	0.01158	0.01265	0.00996	0.01345	0.01262	0.00815	0.51659	0.14919	0.15069	0.01343	0.01281	0.00943	0.00569	0.00461	0.00143	0.00465	0.00439	0.00478	0.00772
16	0.00556	0.00472	0.00480	0.00478	0.00632	0.00395	0.00358	0.00680	0.01075	0.01291	0.09004	0.04420	0.76246	0.01165	0.00550	0.00156	0.00235	0.00974	0.00437	0.00395
17	0.01065	0.01036	0.01423	0.01212	0.01235	0.01426	0.01009	0.06060	0.00806	0.01234	0.00643	0.01024	0.00622	0.00798	0.01460	0.00200	0.77593	0.00408	0.00220	0.00527
18	0.86937	0.00900	0.00684	0.00612	0.00900	0.01044	0.00504	0.01368	0.00792	0.02087	0.00648	0.00756	0.00504	0.00432	0.00288	0.00144	0.00360	0.00252	0.00288	0.00504
19	0.01738	0.02217	0.01318	0.01199	0.01438	0.81783	0.00899	0.01858	0.01318	0.01139	0.00719	0.00839	0.00599	0.00479	0.00419	0.00120	0.00839	0.00300	0.00240	0.00539
20	0.01021	0.01028	0.01483	0.01254	0.01275	0.01414	0.04464	0.01136	0.00729	0.01136	0.00625	0.01028	0.00615	0.00796	0.01484	0.00202	0.79178	0.00413	0.00205	0.00514
21	0.01244	0.83930	0.02438	0.00796	0.01194	0.01841	0.00796	0.01393	0.00945	0.01095	0.00647	0.00746	0.00597	0.00398	0.00299	0.00100	0.00498	0.00249	0.00199	0.00597
22	0.01244	0.83930	0.02438	0.00796	0.01194	0.01841	0.00796	0.01393	0.00945	0.01095	0.00647	0.00746	0.00597	0.00398	0.00299	0.00100	0.00498	0.00249	0.00199	0.00597
23	0.01032	0.00812	0.00958	0.00705	0.01092	0.00630	0.00561	0.03073	0.01013	0.06565	0.00995	0.05647	0.00855	0.00427	0.00369	0.00082	0.00348	0.00350	0.00308	0.74177
24	0.05523	0.00961	0.01141	0.03450	0.01280	0.01034	0.04466	0.22550	0.24431	0.13019	0.13500	0.01728	0.01558	0.00624	0.00473	0.00147	0.00411	0.00519	0.02500	0.00683

[dist]
# distance from previous block
# <min> <max>
3	7

[block]
# block no. 5 follows, 55 sequences, length 19
# corresponding to MSA columns:
# 600-618
name=unknown_F
#
# <colnr> <probs for GDERKNQSTAVLIFYWHMCP>
#	G	D	E	R	K	N	Q	S	T	A	V	L	I	F	Y	W	H	M	C	P
0	0.00587	0.00423	0.00558	0.00637	0.00678	0.00405	0.00433	0.00681	0.00900	0.01208	0.07414	0.62846	0.06455	0.06318	0.07886	0.00249	0.00362	0.01166	0.00412	0.00380
1	0.03604	0.00875	0.00930	0.00767	0.01018	0.00942	0.00617	0.34952	0.06083	0.07059	0.01363	0.01433	0.01012	0.00553	0.00402	0.00128	0.00367	0.00430	0.36837	0.00629
2	0.01810	0.00888	0.01108	0.00852	0.01202	0.00831	0.00699	0.19390	0.01489	0.50484	0.07164	0.01555	0.01257	0.00577	0.00462	0.00136	0.00405	0.00466	0.00519	0.08706
3	0.00679	0.00511	0.00615	0.00690	0.00756	0.03592	0.00497	0.00795	0.00983	0.03105	0.08796	0.57860	0.06155	0.01323	0.00585	0.00184	0.00311	0.11721	0.00434	0.00406
4	0.01266	0.73047	0.06588	0.00857	0.01258	0.08157	0.00854	0.01434	0.00977	0.01118	0.00663	0.00766	0.00597	0.00407	0.00316	0.00104	0.00535	0.00258	0.00202	0.00597
5	0.00587	0.00451	0.00539	0.00577	0.00674	0.00403	0.00417	0.00715	0.01049	0.01357	0.18648	0.33393	0.33476	0.01242	0.00570	0.00169	0.00254	0.04636	0.00447	0.00398
6	0.00577	0.00412	0.00551	0.00659	0.00690	0.00386	0.00449	0.00665	0.00900	0.01199	0.02559	0.79145	0.03055	0.01448	0.00596	0.00190	0.00278	0.05427	0.00432	0.00381
7	0.01540	0.01206	0.01638	0.01247	0.01589	0.01316	0.16875	0.44696	0.04753	0.08478	0.01105	0.01194	0.00804	0.00560	0.00613	0.00152	0.10666	0.00452	0.00395	0.00721
8	0.01237	0.00777	0.05495	0.00757	0.01008	0.00676	0.00638	0.03528	0.11937	0.26933	0.29295	0.02360	0.03929	0.00730	0.00490	0.00146	0.00334	0.02104	0.07014	0.00613
9	0.07683	0.01057	0.01120	0.00904	0.01220	0.04529	0.00733	0.31830	0.13512	0.22565	0.01406	0.01350	0.00987	0.00560	0.00440	0.00140	0.00436	0.00432	0.08377	0.00719
10	0.74349	0.01050	0.00770	0.00687	0.00971	0.10428	0.00555	0.01453	0.00870	0.04464	0.00693	0.00791	0.00535	0.00442	0.00309	0.00141	0.00417	0.00264	0.00291	0.00517
11	0.00585	0.00417	0.00556	0.00652	0.00685	0.00397	0.00443	0.00673	0.00889	0.01190	0.03952	0.71647	0.02940	0.05423	0.04162	0.00225	0.00325	0.04042	0.00418	0.00378
12	0.00620	0.00454	0.00571	0.00591	0.00683	0.00415	0.00430	0.00779	0.01127	0.01536	0.39427	0.28352	0.16618	0.01147	0.00561	0.00163	0.00244	0.03485	0.02385	0.00412
13	0.01672	0.02111	0.01283	0.01171	0.01401	0.76779	0.00879	0.01794	0.01283	0.01135	0.00752	0.00900	0.00634	0.00665	0.05434	0.00159	0.00864	0.00312	0.00240	0.00532
14	0.00730	0.00602	0.00831	0.00811	0.00883	0.02835	0.00633	0.00880	0.00770	0.01095	0.01259	0.08289	0.01234	0.02910	0.63018	0.00618	0.11371	0.00548	0.00258	0.00427
15	0.00686	0.00454	0.00536	0.00539	0.00548	0.00459	0.00323	0.00691	0.00689	0.00923	0.01444	0.02942	0.01637	0.71099	0.07071	0.05761	0.00495	0.03135	0.00280	0.00290
16	0.86937	0.00900	0.00684	0.00612	0.00900	0.01044	0.00504	0.01368	0.00792	0.02087	0.00648	0.00756	0.00504	0.00432	0.00288	0.00144	0.00360	0.00252	0.00288	0.00504
17	0.06354	0.01016	0.01695	0.25636	0.49105	0.01089	0.04168	0.01352	0.01001	0.01451	0.00845	0.01154	0.00685	0.00437	0.00474	0.00145	0.02107	0.00409	0.00227	0.00651
18	0.01038	0.00787	0.01013	0.00867	0.01063	0.00830	0.06722	0.13300	0.17602	0.03547	0.13607	0.02271	0.05232	0.08527	0.00868	0.11200	0.02101	0.05599	0.02226	0.01601

[dist]
# distance from previous block
# <min> <max>
2	23

[block]
# block no. 6 follows, 55 sequences, length 38
# corresponding to MSA columns:
# 642-679
name=unknown_G
#
# <colnr> <probs for GDERKNQSTAVLIFYWHMCP>
#	G	D	E	R	K	N	Q	S	T	A	V	L	I	F	Y	W	H	M	C	P
0	0.00926	0.00840	0.07431	0.00777	0.00967	0.04937	0.00644	0.10073	0.02297	0.06076	0.22972	0.24678	0.09844	0.01030	0.02463	0.00172	0.02109	0.00826	0.00427	0.00509
1	0.11751	0.25631	0.27957	0.01129	0.05148	0.01325	0.05034	0.04124	0.10964	0.01550	0.00907	0.01007	0.00705	0.00452	0.00392	0.00134	0.00544	0.00344	0.00256	0.00647
2	0.10867	0.06702	0.07414	0.04600	0.22142	0.12210	0.14049	0.04728	0.03995	0.02637	0.02137	0.01191	0.00790	0.00476	0.00470	0.00142	0.02535	0.02019	0.00265	0.00631
3	0.00580	0.00465	0.00508	0.00512	0.00637	0.00404	0.00372	0.00706	0.01067	0.01341	0.18550	0.11562	0.53763	0.06634	0.00674	0.00178	0.00250	0.00967	0.00437	0.00393
4	0.01175	0.12668	0.14682	0.09292	0.08733	0.06522	0.08042	0.04114	0.10907	0.06785	0.04567	0.01334	0.02754	0.00533	0.00518	0.00144	0.05865	0.00433	0.00295	0.00635
5	0.00617	0.00472	0.00538	0.00531	0.00659	0.00414	0.00391	0.00763	0.01122	0.02775	0.29496	0.10676	0.44684	0.04025	0.00616	0.00166	0.00243	0.00945	0.00456	0.00410
6	0.01276	0.01072	0.03131	0.09760	0.13480	0.01115	0.08710	0.30795	0.04319	0.03546	0.03088	0.04325	0.00991	0.00854	0.08954	0.00207	0.00608	0.00482	0.00350	0.02936
7	0.00965	0.00827	0.00965	0.00689	0.01102	0.00620	0.00551	0.01171	0.00965	0.01516	0.00827	0.00965	0.00689	0.00345	0.00345	0.00069	0.00345	0.00276	0.00276	0.86494
8	0.00598	0.00458	0.00549	0.00558	0.00666	0.00408	0.00406	0.00750	0.01128	0.01492	0.35401	0.21724	0.31885	0.01147	0.00559	0.00160	0.00237	0.01000	0.00465	0.00408
9	0.00574	0.00414	0.00540	0.00638	0.00675	0.00385	0.00431	0.00659	0.00900	0.01189	0.02665	0.73853	0.07918	0.03846	0.00644	0.00195	0.00277	0.03390	0.00427	0.00377
10	0.00589	0.00431	0.00549	0.00632	0.00686	0.00400	0.00442	0.00686	0.00929	0.01214	0.04175	0.58492	0.14793	0.05690	0.00684	0.00199	0.00288	0.08317	0.00425	0.00381
11	0.01017	0.01061	0.02085	0.28051	0.11332	0.01092	0.40033	0.01383	0.02830	0.01412	0.02685	0.01385	0.00821	0.00455	0.00512	0.00155	0.00676	0.02175	0.00241	0.00598
12	0.01151	0.01105	0.01888	0.02855	0.80748	0.01105	0.01428	0.01428	0.01059	0.01520	0.00875	0.01151	0.00737	0.00415	0.00461	0.00138	0.00553	0.00415	0.00230	0.00737
13	0.86937	0.00900	0.00684	0.00612	0.00900	0.01044	0.00504	0.01368	0.00792	0.02087	0.00648	0.00756	0.00504	0.00432	0.00288	0.00144	0.00360	0.00252	0.00288	0.00504
14	0.01188	0.07400	0.15599	0.13924	0.07214	0.06866	0.07686	0.12598	0.07226	0.05143	0.04079	0.04146	0.02712	0.00557	0.00465	0.00145	0.00566	0.01540	0.00311	0.00636
15	0.01249	0.01045	0.01103	0.00965	0.01245	0.01200	0.00758	0.13943	0.68288	0.02093	0.01777	0.01643	0.01326	0.00620	0.00472	0.00155	0.00390	0.00510	0.00472	0.00745
16	0.01108	0.01018	0.01674	0.14181	0.42700	0.01083	0.07158	0.06630	0.02264	0.02643	0.00978	0.02486	0.00835	0.03515	0.02998	0.00178	0.06126	0.01516	0.00258	0.00650
17	0.00588	0.00429	0.00554	0.00622	0.00682	0.00396	0.00433	0.00703	0.00996	0.01330	0.17665	0.57177	0.11917	0.01325	0.00582	0.00178	0.00261	0.03324	0.00447	0.00393
18	0.04558	0.00813	0.01067	0.00824	0.01175	0.00729	0.00680	0.06445	0.01353	0.72227	0.01752	0.01537	0.01114	0.00570	0.00458	0.00143	0.00396	0.00458	0.02928	0.00773
19	0.00576	0.00417	0.00548	0.00649	0.00689	0.00388	0.00446	0.00667	0.00912	0.01204	0.02692	0.73857	0.07892	0.01430	0.00594	0.00188	0.00277	0.05761	0.00432	0.00382
20	0.00665	0.00496	0.00734	0.00734	0.00813	0.00574	0.00565	0.00822	0.00744	0.01070	0.01258	0.01896	0.01193	0.08000	0.77337	0.00731	0.01201	0.00508	0.00251	0.00408
21	0.86937	0.00900	0.00684	0.00612	0.00900	0.01044	0.00504	0.01368	0.00792	0.02087	0.00648	0.00756	0.00504	0.00432	0.00288	0.00144	0.00360	0.00252	0.00288	0.00504
22	0.00594	0.00433	0.00549	0.00631	0.00694	0.00400	0.00449	0.00703	0.00954	0.01256	0.05214	0.56958	0.16451	0.01351	0.00583	0.00183	0.00278	0.09160	0.02771	0.00389
23	0.58348	0.01023	0.00915	0.00760	0.01076	0.01159	0.00627	0.25601	0.01239	0.04299	0.00823	0.00889	0.00609	0.00475	0.00348	0.00143	0.00408	0.00309	0.00350	0.00600
24	0.01616	0.01584	0.01305	0.01110	0.01358	0.36507	0.00876	0.25373	0.01474	0.07221	0.00936	0.01057	0.00731	0.00732	0.05412	0.00176	0.11210	0.00373	0.00328	0.00623
25	0.00637	0.00526	0.00696	0.00649	0.00799	0.00470	0.05641	0.00810	0.01131	0.01465	0.27240	0.09217	0.40418	0.01084	0.00560	0.00161	0.00286	0.07345	0.00443	0.00424
26	0.01008	0.00971	0.01414	0.54079	0.12235	0.06019	0.01193	0.03826	0.01004	0.01309	0.00826	0.01166	0.00644	0.00469	0.00501	0.00145	0.04427	0.00394	0.00226	0.08144
27	0.01219	0.77366	0.08783	0.00839	0.01260	0.01780	0.00870	0.01399	0.00948	0.01125	0.00662	0.00765	0.00596	0.00402	0.00310	0.00103	0.00513	0.00256	0.00199	0.00604
28	0.07554	0.10382	0.54811	0.01280	0.01870	0.01154	0.11018	0.01485	0.00990	0.04107	0.00848	0.00994	0.00616	0.00435	0.00430	0.00143	0.00646	0.00356	0.00221	0.00660
29	0.00879	0.00827	0.01395	0.82532	0.03204	0.01034	0.01292	0.01189	0.00930	0.01189	0.00827	0.01240	0.00620	0.00465	0.00465	0.00155	0.00620	0.00413	0.00207	0.00517
30	0.00597	0.00425	0.00568	0.00672	0.00709	0.00403	0.00471	0.00693	0.00908	0.01206	0.02509	0.69368	0.02969	0.04462	0.00666	0.00202	0.00299	0.12063	0.00426	0.00381
31	0.02877	0.00941	0.01018	0.00946	0.03333	0.12148	0.00713	0.05062	0.00950	0.05006	0.02859	0.01579	0.01038	0.12711	0.15540	0.01368	0.22424	0.00459	0.08543	0.00486
32	0.00915	0.00813	0.01355	0.67962	0.02833	0.00991	0.03304	0.01196	0.00924	0.04110	0.00907	0.01356	0.00714	0.04610	0.03588	0.00192	0.03054	0.00435	0.00226	0.00515
33	0.00911	0.00851	0.09879	0.00888	0.01103	0.00717	0.02881	0.02596	0.17000	0.06768	0.02182	0.24294	0.05418	0.01016	0.00552	0.00179	0.00404	0.21404	0.00418	0.00540
34	0.00668	0.00443	0.00528	0.00550	0.00562	0.00437	0.00335	0.00677	0.00731	0.00969	0.01714	0.16230	0.03882	0.58692	0.01924	0.07032	0.00411	0.03605	0.00310	0.00300
35	0.00931	0.03583	0.01498	0.33663	0.09565	0.00952	0.14004	0.01225	0.02811	0.03251	0.11496	0.09922	0.01420	0.00628	0.00529	0.00155	0.02948	0.00583	0.00291	0.00545
36	0.01329	0.27152	0.15662	0.01028	0.01413	0.15293	0.02734	0.10573	0.08656	0.05167	0.03884	0.02233	0.00898	0.00509	0.00423	0.00129	0.01609	0.00375	0.00295	0.00638
37	0.17225	0.01396	0.10415	0.03952	0.13048	0.21536	0.00920	0.01454	0.01020	0.04076	0.00847	0.01107	0.00711	0.06527	0.00575	0.00153	0.03214	0.00350	0.00259	0.11214

[dist]
# distance from previous block
# <min> <max>
0	1

[block]
# block no. 7 follows, 55 sequences, length 10
# corresponding to MSA columns:
# 681-690
name=unknown_H
#
# <colnr> <probs for GDERKNQSTAVLIFYWHMCP>
#	G	D	E	R	K	N	Q	S	T	A	V	L	I	F	Y	W	H	M	C	P
0	0.06107	0.01153	0.03599	0.13133	0.33415	0.08914	0.05579	0.05722	0.01118	0.08198	0.00976	0.02553	0.00776	0.00486	0.00490	0.00143	0.03586	0.00420	0.02983	0.00650
1	0.00647	0.00468	0.00588	0.00568	0.00675	0.00429	0.00420	0.00838	0.01225	0.01711	0.60619	0.09224	0.13469	0.03273	0.00594	0.00158	0.00231	0.00874	0.03566	0.00424
2	0.01111	0.02959	0.05217	0.11265	0.28696	0.02983	0.07089	0.04326	0.13432	0.04419	0.06805	0.01583	0.01173	0.05069	0.00578	0.00163	0.00523	0.01653	0.00311	0.00645
3	0.00714	0.00473	0.00602	0.00638	0.00684	0.00468	0.00463	0.00761	0.00822	0.01074	0.01902	0.03614	0.06914	0.37656	0.01586	0.14108	0.00422	0.26447	0.00328	0.00325
4	0.00740	0.00802	0.11394	0.00790	0.00951	0.02969	0.02541	0.02843	0.00962	0.01292	0.07572	0.30311	0.05830	0.13569	0.08392	0.00268	0.00487	0.07491	0.00357	0.00439
5	0.00926	0.00936	0.07100	0.49881	0.07464	0.00954	0.07728	0.01239	0.00995	0.03074	0.05292	0.01568	0.00981	0.00527	0.00475	0.00153	0.00574	0.04158	0.05430	0.00545
6	0.01028	0.00825	0.00971	0.00697	0.01107	0.00624	0.00559	0.01233	0.00985	0.05992	0.00884	0.01000	0.00715	0.00358	0.00351	0.00073	0.00347	0.00286	0.00293	0.81672
7	0.08713	0.08478	0.14992	0.07443	0.16752	0.07911	0.02541	0.04858	0.08667	0.07780	0.00993	0.01111	0.00756	0.00463	0.00421	0.00134	0.00541	0.00372	0.00289	0.06788
8	0.03173	0.07011	0.35411	0.01100	0.01547	0.07832	0.04717	0.08213	0.03517	0.05405	0.07619	0.03820	0.04971	0.00594	0.00461	0.00145	0.00566	0.02967	0.00305	0.00626
9	0.04895	0.11370	0.10873	0.03846	0.03461	0.05870	0.19574	0.05073	0.04724	0.02994	0.03540	0.08980	0.02914	0.03683	0.01907	0.00168	0.03293	0.00532	0.01725	0.00578

[dist]
# distance from previous block
# <min> <max>
0	18

[block]
# block no. 8 follows, 55 sequences, length 15
# corresponding to MSA columns:
# 709-723
name=unknown_I
#
# <colnr> <probs for GDERKNQSTAVLIFYWHMCP>
#	G	D	E	R	K	N	Q	S	T	A	V	L	I	F	Y	W	H	M	C	P
0	0.06271	0.42195	0.16181	0.04006	0.03479	0.01496	0.02556	0.12081	0.03341	0.01528	0.00802	0.00911	0.00648	0.00438	0.00368	0.00121	0.00530	0.00314	0.00251	0.02481
1	0.00796	0.00414	0.00601	0.00601	0.00613	0.00419	0.00406	0.00649	0.00638	0.00880	0.00905	0.01533	0.00892	0.05473	0.06913	0.72338	0.00450	0.00424	0.04821	0.00232
2	0.00675	0.00455	0.00525	0.00523	0.00534	0.00456	0.00305	0.00696	0.00721	0.00972	0.06544	0.03019	0.01842	0.74800	0.05746	0.00444	0.00471	0.00679	0.00295	0.00298
3	0.01655	0.01991	0.01338	0.01189	0.01413	0.64855	0.00912	0.08868	0.01326	0.01301	0.00743	0.00886	0.00618	0.00526	0.00555	0.00132	0.10555	0.00323	0.00256	0.00559
4	0.00616	0.00451	0.00551	0.00598	0.00690	0.00406	0.00431	0.00735	0.01018	0.03043	0.12788	0.41729	0.28382	0.01276	0.00574	0.00174	0.00264	0.05429	0.00445	0.00402
5	0.00655	0.00454	0.00565	0.00624	0.00672	0.00439	0.00440	0.00746	0.00873	0.01166	0.02273	0.31114	0.07575	0.28607	0.01177	0.00275	0.00359	0.17337	0.04287	0.00360
6	0.00863	0.00568	0.00699	0.00639	0.00786	0.00553	0.00487	0.04826	0.07046	0.07343	0.54119	0.06683	0.03402	0.00867	0.00514	0.00145	0.00259	0.00755	0.08949	0.00498
7	0.00606	0.00439	0.00559	0.00596	0.00667	0.00404	0.00417	0.00727	0.01041	0.01403	0.28868	0.40605	0.13966	0.04282	0.00672	0.02584	0.00259	0.01066	0.00447	0.00392
8	0.01018	0.01018	0.01425	0.01221	0.01221	0.01425	0.01018	0.01120	0.00712	0.01120	0.00611	0.01018	0.00611	0.00814	0.01527	0.00204	0.82799	0.00407	0.00204	0.00509
9	0.01098	0.01255	0.02745	0.01961	0.02431	0.01176	0.79059	0.01490	0.01098	0.01490	0.00941	0.01255	0.00706	0.00392	0.00549	0.00157	0.00784	0.00549	0.00235	0.00627
10	0.01706	0.02158	0.01349	0.01287	0.05681	0.77467	0.00927	0.01835	0.01304	0.01159	0.00727	0.00856	0.00607	0.00476	0.00422	0.00121	0.00824	0.00306	0.00239	0.00550
11	0.00914	0.00875	0.01403	0.62019	0.02704	0.01132	0.01223	0.01171	0.00875	0.01171	0.00772	0.01184	0.00618	0.00553	0.00733	0.00167	0.21353	0.00412	0.00206	0.00515
12	0.01310	0.00965	0.06238	0.00920	0.01179	0.00946	0.00786	0.10835	0.11834	0.21513	0.13138	0.01741	0.03758	0.00730	0.02192	0.00164	0.15233	0.00511	0.00421	0.05584
13	0.03020	0.04746	0.05124	0.19062	0.23167	0.00989	0.01078	0.01588	0.03275	0.22672	0.02575	0.01416	0.00936	0.00527	0.00506	0.00147	0.04252	0.02596	0.00332	0.01992
14	0.05571	0.00924	0.01300	0.21621	0.01675	0.01221	0.01005	0.02758	0.04939	0.01265	0.00798	0.01168	0.00700	0.00917	0.07908	0.00231	0.44833	0.00415	0.00232	0.00520

[dist]
# distance from previous block
# <min> <max>
0	4

[block]
# block no. 9 follows, 55 sequences, length 15
# corresponding to MSA columns:
# 728-742
name=unknown_J
#
# <colnr> <probs for GDERKNQSTAVLIFYWHMCP>
#	G	D	E	R	K	N	Q	S	T	A	V	L	I	F	Y	W	H	M	C	P
0	0.42577	0.05750	0.01033	0.00823	0.01120	0.09763	0.00668	0.13592	0.17161	0.02032	0.00981	0.01019	0.00750	0.00495	0.00367	0.00141	0.00444	0.00338	0.00343	0.00604
1	0.01117	0.02807	0.13213	0.06506	0.01380	0.02904	0.00857	0.01443	0.06684	0.11442	0.03841	0.01260	0.00931	0.00576	0.02499	0.00139	0.08886	0.00383	0.04099	0.29032
2	0.07336	0.01072	0.01396	0.04719	0.25661	0.04957	0.05348	0.04346	0.31927	0.01716	0.01280	0.01382	0.01000	0.00680	0.04991	0.00181	0.00533	0.00453	0.00338	0.00680
3	0.08697	0.04849	0.03998	0.01164	0.05675	0.37226	0.00894	0.19816	0.05819	0.06187	0.00943	0.01007	0.00720	0.00500	0.00423	0.00131	0.00638	0.00351	0.00325	0.00638
4	0.00950	0.00591	0.00818	0.00756	0.00874	0.00654	0.00585	0.02970	0.00872	0.13728	0.01332	0.01872	0.01185	0.13225	0.47579	0.00534	0.06600	0.00506	0.03894	0.00473
5	0.00649	0.00469	0.00554	0.00562	0.00682	0.00413	0.00410	0.00785	0.01091	0.04910	0.22942	0.25080	0.37423	0.01169	0.00558	0.00162	0.00248	0.01015	0.00458	0.00418
6	0.04877	0.00932	0.01027	0.00809	0.03405	0.03930	0.00622	0.06296	0.05337	0.03312	0.00914	0.01020	0.00735	0.00390	0.00366	0.00087	0.00384	0.00306	0.00303	0.64950
7	0.00993	0.05059	0.66811	0.05725	0.02042	0.01095	0.05936	0.01485	0.00997	0.04385	0.00871	0.01025	0.00619	0.00444	0.00445	0.00146	0.00672	0.00360	0.00213	0.00676
8	0.07031	0.14104	0.03256	0.01161	0.02662	0.21540	0.10589	0.12189	0.05758	0.03685	0.00947	0.04194	0.00793	0.00547	0.00547	0.00141	0.09550	0.00407	0.00292	0.00606
9	0.04899	0.00562	0.00696	0.00761	0.05155	0.00585	0.00496	0.02005	0.03618	0.01215	0.05056	0.15538	0.01964	0.40146	0.03611	0.00323	0.02776	0.09870	0.00336	0.00391
10	0.00581	0.00419	0.00528	0.00608	0.00645	0.00390	0.00402	0.00654	0.00877	0.01153	0.02632	0.63228	0.11118	0.13433	0.00848	0.00224	0.00293	0.01192	0.00410	0.00365
11	0.05256	0.19839	0.01357	0.00763	0.01165	0.00943	0.03314	0.01314	0.00980	0.06650	0.00847	0.00955	0.00690	0.00378	0.00346	0.00087	0.00399	0.00290	0.00277	0.54149
12	0.02984	0.31373	0.05766	0.10813	0.09730	0.07364	0.04993	0.07141	0.04870	0.01412	0.00824	0.00990	0.00677	0.00455	0.00441	0.00126	0.04180	0.00343	0.00247	0.05273
13	0.00819	0.04561	0.00699	0.00588	0.00646	0.00615	0.00381	0.08389	0.00834	0.01107	0.01342	0.02606	0.01478	0.64122	0.03774	0.06323	0.00473	0.00608	0.00290	0.00344
14	0.00622	0.00461	0.00601	0.03308	0.00788	0.00443	0.00491	0.00744	0.00956	0.01257	0.08928	0.41855	0.13951	0.07935	0.03522	0.00224	0.00345	0.12767	0.00412	0.00391

[dist]
# distance from previous block
# <min> <max>
0	1

[block]
# block no. 10 follows, 55 sequences, length 16
# corresponding to MSA columns:
# 744-759
name=unknown_K
#
# <colnr> <probs for GDERKNQSTAVLIFYWHMCP>
#	G	D	E	R	K	N	Q	S	T	A	V	L	I	F	Y	W	H	M	C	P
0	0.00649	0.00461	0.00587	0.00659	0.00703	0.00447	0.00448	0.04571	0.00935	0.01246	0.02345	0.65469	0.02766	0.12110	0.00821	0.00222	0.00312	0.04447	0.00414	0.00388
1	0.00682	0.00482	0.00613	0.00579	0.00700	0.00438	0.00434	0.00883	0.01271	0.04019	0.66061	0.05849	0.14274	0.00985	0.00548	0.00149	0.00228	0.00863	0.00501	0.00441
2	0.00601	0.00467	0.00542	0.00542	0.00662	0.00414	0.00400	0.00751	0.01125	0.01467	0.32461	0.11870	0.39930	0.04052	0.00621	0.00168	0.00245	0.02821	0.00456	0.00405
3	0.00808	0.00404	0.00606	0.00606	0.00606	0.00404	0.00404	0.00606	0.00606	0.00808	0.00808	0.01414	0.00808	0.01616	0.01818	0.86465	0.00404	0.00404	0.00202	0.00202
4	0.86937	0.00900	0.00684	0.00612	0.00900	0.01044	0.00504	0.01368	0.00792	0.02087	0.00648	0.00756	0.00504	0.00432	0.00288	0.00144	0.00360	0.00252	0.00288	0.00504
5	0.01012	0.01010	0.01424	0.04525	0.01302	0.01409	0.01029	0.01122	0.00721	0.01122	0.00619	0.01027	0.00611	0.00800	0.01484	0.00202	0.79460	0.00407	0.00204	0.00509
6	0.00933	0.02406	0.81240	0.01326	0.02014	0.01080	0.01719	0.01473	0.00982	0.01473	0.00835	0.00982	0.00589	0.00442	0.00442	0.00147	0.00688	0.00344	0.00196	0.00688
7	0.01018	0.01018	0.01425	0.01221	0.01221	0.01425	0.01018	0.01120	0.00712	0.01120	0.00611	0.01018	0.00611	0.00814	0.01527	0.00204	0.82799	0.00407	0.00204	0.00509
8	0.00987	0.13590	0.57285	0.05231	0.01948	0.01172	0.07059	0.01437	0.00982	0.01409	0.00815	0.00981	0.00604	0.00429	0.00427	0.00138	0.00650	0.00346	0.00203	0.04306
9	0.00968	0.00560	0.00644	0.00573	0.00725	0.00570	0.04323	0.08798	0.01101	0.01840	0.01449	0.01650	0.01129	0.00536	0.00350	0.00114	0.00274	0.00438	0.73479	0.00479
10	0.00806	0.00721	0.01095	0.14831	0.15784	0.00792	0.02322	0.00981	0.00940	0.01264	0.01961	0.26376	0.12860	0.00943	0.00675	0.00172	0.12026	0.04634	0.00322	0.00494
11	0.00669	0.00541	0.00574	0.00532	0.00723	0.00463	0.00406	0.00862	0.04919	0.03559	0.08462	0.03859	0.62235	0.01039	0.00523	0.00147	0.00256	0.00868	0.00427	0.08935
12	0.02790	0.32940	0.15250	0.00993	0.01377	0.08695	0.04841	0.06281	0.07212	0.04342	0.02314	0.01082	0.00807	0.00558	0.02645	0.00143	0.02214	0.00354	0.04542	0.00619
13	0.04020	0.00794	0.00918	0.00683	0.01059	0.00615	0.00539	0.01134	0.00952	0.01509	0.00968	0.07969	0.00886	0.00442	0.00364	0.00082	0.00339	0.00364	0.00289	0.76074
14	0.01033	0.04767	0.19779	0.06403	0.03590	0.00988	0.16463	0.05220	0.10112	0.04798	0.11789	0.01821	0.03720	0.00627	0.00530	0.02539	0.00538	0.04345	0.00326	0.00609
15	0.04622	0.04474	0.13287	0.06697	0.06757	0.00926	0.05835	0.06932	0.02013	0.03103	0.01170	0.05861	0.03296	0.02431	0.13365	0.10435	0.06402	0.01597	0.00271	0.00527

[dist]
# distance from previous block
# <min> <max>
1	25

[block]
# block no. 11 follows, 55 sequences, length 31
# corresponding to MSA columns:
# 785-815
name=unknown_L
#
# <colnr> <probs for GDERKNQSTAVLIFYWHMCP>
#	G	D	E	R	K	N	Q	S	T	A	V	L	I	F	Y	W	H	M	C	P
