[name]
unknown

[dist]
# distance from previous block
# <min> <max>
0	162

[block]
# block no. 0 follows, 62 sequences, length 18
# corresponding to MSA columns:
# 205-222
name=unknown_A
#
# <colnr> <probs for GDERKNQSTAVLIFYWHMCP>
#	G	D	E	R	K	N	Q	S	T	A	V	L	I	F	Y	W	H	M	C	P
0	0.01051	0.00713	0.00892	0.00767	0.00982	0.00717	0.04652	0.05614	0.24200	0.16490	0.06241	0.14390	0.06107	0.07078	0.00585	0.00161	0.00345	0.02195	0.00407	0.06413
1	0.02390	0.00671	0.09474	0.00716	0.00874	0.00527	0.04648	0.02085	0.03517	0.01322	0.18275	0.36011	0.09882	0.01100	0.04623	0.00180	0.00355	0.02562	0.00368	0.00421
2	0.01080	0.04908	0.25819	0.05433	0.05517	0.03562	0.15551	0.05051	0.00995	0.11164	0.00945	0.02182	0.00713	0.00493	0.01636	0.00141	0.06334	0.00388	0.05757	0.02331
3	0.01059	0.37842	0.19079	0.01043	0.07321	0.10821	0.02418	0.01275	0.00911	0.01127	0.00887	0.03021	0.04777	0.00469	0.00425	0.00117	0.06319	0.00336	0.00205	0.00548
4	0.00539	0.00414	0.00469	0.00500	0.00598	0.00367	0.00363	0.00650	0.00930	0.01192	0.09178	0.27950	0.43771	0.02901	0.00543	0.00157	0.00234	0.04160	0.04725	0.00359
5	0.00933	0.00955	0.07649	0.22733	0.38858	0.00898	0.05107	0.01193	0.00932	0.04103	0.01118	0.07682	0.04971	0.00506	0.00439	0.00136	0.00501	0.00472	0.00238	0.00575
6	0.02474	0.06108	0.35124	0.05870	0.05768	0.08618	0.06717	0.08164	0.05934	0.06403	0.00891	0.01027	0.00665	0.01816	0.00460	0.00136	0.02617	0.00354	0.00248	0.00605
7	0.01122	0.02401	0.01210	0.01000	0.01173	0.22312	0.09357	0.06210	0.01027	0.05613	0.07346	0.01499	0.10195	0.00707	0.02119	0.03385	0.22106	0.00454	0.00277	0.00487
8	0.00792	0.00470	0.00567	0.00539	0.00645	0.00439	0.00383	0.00934	0.03141	0.12624	0.19268	0.14440	0.13140	0.22156	0.00899	0.00208	0.00289	0.00724	0.07939	0.00404
9	0.03077	0.00856	0.01091	0.17345	0.11567	0.05048	0.00807	0.12618	0.05513	0.18047	0.10631	0.03580	0.04971	0.00562	0.00433	0.00132	0.00425	0.00473	0.00358	0.02467
10	0.00750	0.00676	0.05174	0.00882	0.01039	0.00600	0.16367	0.00912	0.00873	0.05888	0.04710	0.41308	0.03361	0.07090	0.02152	0.00187	0.04757	0.00842	0.02003	0.00431
11	0.00534	0.00426	0.00480	0.00510	0.00612	0.00381	0.00366	0.00673	0.03736	0.01182	0.08139	0.32692	0.46476	0.01139	0.00515	0.00153	0.00230	0.00987	0.00401	0.00368
12	0.03285	0.09291	0.57359	0.01118	0.01645	0.08758	0.01318	0.09878	0.01037	0.01446	0.00762	0.00875	0.00558	0.00415	0.00390	0.00128	0.00602	0.00308	0.00212	0.00615
13	0.01041	0.00936	0.01523	0.25329	0.43115	0.01000	0.04528	0.05411	0.07222	0.04401	0.00906	0.01134	0.00707	0.00419	0.00427	0.00133	0.00512	0.00394	0.00245	0.00617
14	0.17784	0.00790	0.00914	0.00730	0.01025	0.00784	0.00598	0.12532	0.05326	0.45853	0.04114	0.01322	0.01013	0.00513	0.00393	0.00130	0.00355	0.00398	0.04778	0.00645
15	0.00850	0.00754	0.09125	0.00693	0.00899	0.00628	0.00601	0.09115	0.08759	0.06613	0.53374	0.02477	0.02898	0.00738	0.00473	0.00134	0.00294	0.00637	0.00435	0.00502
16	0.01102	0.05224	0.05968	0.01003	0.06582	0.04012	0.06900	0.14750	0.08636	0.11352	0.02466	0.16030	0.03879	0.00870	0.06857	0.00182	0.01302	0.01972	0.00349	0.00564
17	0.07382	0.00992	0.01125	0.00938	0.01176	0.04533	0.05356	0.24865	0.24415	0.05405	0.01274	0.09074	0.01052	0.00614	0.00537	0.00144	0.09658	0.00482	0.00370	0.00608

[dist]
# distance from previous block
# <min> <max>
1	6

[block]
# block no. 1 follows, 62 sequences, length 17
# corresponding to MSA columns:
# 229-245
name=unknown_B
#
# <colnr> <probs for GDERKNQSTAVLIFYWHMCP>
#	G	D	E	R	K	N	Q	S	T	A	V	L	I	F	Y	W	H	M	C	P
0	0.00748	0.00583	0.00661	0.00629	0.00786	0.00587	0.00490	0.05357	0.18194	0.02959	0.20383	0.07882	0.28692	0.00911	0.00494	0.00148	0.00275	0.09334	0.00423	0.00464
1	0.06354	0.00667	0.00788	0.00714	0.00881	0.00693	0.00546	0.16716	0.06307	0.10970	0.04373	0.28367	0.02768	0.01854	0.04684	0.05810	0.01866	0.02092	0.00382	0.03171
2	0.00817	0.00770	0.01301	0.79497	0.07349	0.00949	0.01189	0.01099	0.00857	0.01104	0.00759	0.01130	0.00573	0.00423	0.00425	0.00141	0.00564	0.00378	0.00190	0.00484
3	0.01168	0.00603	0.00784	0.00670	0.00872	0.00562	0.00534	0.06470	0.02965	0.32023	0.37806	0.05189	0.02506	0.00745	0.00474	0.00138	0.00294	0.05171	0.00480	0.00546
4	0.00534	0.00389	0.00494	0.00563	0.00608	0.00360	0.00383	0.00621	0.00856	0.01131	0.09083	0.60273	0.12778	0.07230	0.00651	0.00184	0.00254	0.02869	0.00391	0.00347
5	0.00833	0.00789	0.01373	0.69599	0.07910	0.00939	0.07183	0.01103	0.00859	0.01115	0.00766	0.01136	0.00586	0.00455	0.00475	0.03248	0.00568	0.00387	0.00192	0.00483
6	0.04632	0.10951	0.01111	0.00796	0.01047	0.02275	0.03314	0.21356	0.07165	0.16337	0.05169	0.15467	0.01356	0.00662	0.00426	0.00134	0.00382	0.02583	0.04259	0.00578
7	0.00617	0.00480	0.00567	0.00611	0.00693	0.00478	0.00429	0.00897	0.15380	0.01212	0.02518	0.53799	0.15374	0.04129	0.00574	0.00171	0.00264	0.01007	0.00397	0.00404
8	0.10605	0.00851	0.00944	0.00768	0.01030	0.00884	0.00620	0.24415	0.07633	0.04554	0.07917	0.02977	0.01157	0.03719	0.00521	0.00133	0.05207	0.04525	0.00352	0.21189
9	0.05887	0.01047	0.01116	0.01029	0.09359	0.09527	0.00746	0.27438	0.10895	0.13347	0.04762	0.01253	0.02052	0.00572	0.02541	0.00138	0.00456	0.00398	0.00373	0.07063
10	0.00754	0.00610	0.00686	0.00675	0.00816	0.00642	0.00504	0.03575	0.30060	0.01446	0.08361	0.29380	0.16469	0.00951	0.00491	0.00154	0.00281	0.03245	0.00415	0.00483
11	0.00889	0.00810	0.01305	0.71719	0.07888	0.00981	0.01158	0.07916	0.00956	0.01243	0.00782	0.01120	0.00587	0.00430	0.00425	0.00140	0.00555	0.00379	0.00211	0.00507
12	0.00963	0.00949	0.01452	0.40795	0.35811	0.06280	0.01189	0.01216	0.00918	0.01215	0.00763	0.01066	0.00612	0.00413	0.00444	0.00133	0.02757	0.00369	0.00201	0.02455
13	0.00950	0.00920	0.01627	0.29574	0.30968	0.00986	0.16182	0.03503	0.00948	0.01304	0.00853	0.03442	0.00700	0.00437	0.00473	0.00138	0.03558	0.00425	0.02444	0.00565
14	0.00584	0.00520	0.05819	0.00625	0.00707	0.00421	0.00473	0.02970	0.00868	0.01162	0.05730	0.62905	0.07871	0.04248	0.00614	0.02410	0.00283	0.01045	0.00375	0.00371
15	0.03533	0.01264	0.01123	0.01040	0.05811	0.28983	0.03638	0.11067	0.20349	0.06795	0.05676	0.06608	0.01127	0.00560	0.00423	0.00130	0.00510	0.00447	0.00340	0.00576
16	0.15041	0.04514	0.02239	0.00882	0.06657	0.02647	0.00666	0.10411	0.01902	0.14529	0.04932	0.08143	0.01055	0.03004	0.00551	0.00138	0.09884	0.00435	0.01834	0.10537

[dist]
# distance from previous block
# <min> <max>
0	7

[block]
# block no. 2 follows, 62 sequences, length 8
# corresponding to MSA columns:
# 253-260
name=unknown_C
#
# <colnr> <probs for GDERKNQSTAVLIFYWHMCP>
#	G	D	E	R	K	N	Q	S	T	A	V	L	I	F	Y	W	H	M	C	P
0	0.01150	0.09501	0.15563	0.07641	0.09028	0.17319	0.00933	0.07351	0.03880	0.07426	0.09566	0.01229	0.01027	0.00574	0.03304	0.00142	0.00544	0.00380	0.00279	0.03163
1	0.00809	0.04822	0.00768	0.00677	0.03261	0.03162	0.00506	0.03799	0.05881	0.06791	0.44554	0.06925	0.11449	0.00823	0.00479	0.00137	0.00280	0.03992	0.00424	0.00460
2	0.00540	0.00391	0.00498	0.00557	0.00604	0.00362	0.00378	0.00632	0.00880	0.01176	0.16079	0.56437	0.10383	0.08182	0.00667	0.00183	0.00250	0.01056	0.00396	0.00349
3	0.04101	0.00824	0.03580	0.22487	0.08351	0.00864	0.01971	0.13891	0.01090	0.11800	0.03475	0.03318	0.05616	0.00678	0.04641	0.00163	0.04864	0.00445	0.07296	0.00545
4	0.05731	0.03285	0.03235	0.08331	0.17685	0.10087	0.07481	0.07862	0.03458	0.13176	0.01011	0.04818	0.00828	0.03778	0.00565	0.00146	0.07237	0.00420	0.00289	0.00577
5	0.04824	0.00505	0.00621	0.00599	0.00721	0.00480	0.00439	0.01017	0.04068	0.16568	0.14908	0.26692	0.08507	0.13899	0.00746	0.00191	0.00297	0.04079	0.00406	0.00433
6	0.00672	0.00476	0.00557	0.00542	0.00672	0.00432	0.00407	0.04506	0.01062	0.06257	0.22690	0.18537	0.37325	0.01017	0.00504	0.00147	0.00243	0.03126	0.00422	0.00407
7	0.03634	0.09604	0.03564	0.07495	0.07608	0.12031	0.12006	0.06327	0.05684	0.09900	0.07415	0.03451	0.03137	0.00522	0.00465	0.00131	0.04442	0.00437	0.01591	0.00556

[dist]
# distance from previous block
# <min> <max>
9	95

[block]
# block no. 3 follows, 62 sequences, length 8
# corresponding to MSA columns:
# 356-363
name=unknown_D
#
# <colnr> <probs for GDERKNQSTAVLIFYWHMCP>
#	G	D	E	R	K	N	Q	S	T	A	V	L	I	F	Y	W	H	M	C	P
0	0.09317	0.03619	0.06019	0.08971	0.03061	0.06970	0.05440	0.06823	0.06538	0.09171	0.02279	0.04131	0.04984	0.08957	0.04219	0.00184	0.02901	0.01765	0.00300	0.04352
1	0.00534	0.00386	0.00498	0.00582	0.00621	0.00360	0.00399	0.00615	0.00829	0.01089	0.02471	0.66877	0.10442	0.06271	0.00638	0.00186	0.00263	0.06208	0.00387	0.00345
2	0.00664	0.00547	0.02686	0.00677	0.00780	0.00511	0.02926	0.05909	0.06794	0.01258	0.02274	0.51950	0.10337	0.05298	0.00602	0.00176	0.00305	0.05516	0.00382	0.00407
3	0.08997	0.02601	0.11068	0.03712	0.10683	0.03876	0.03281	0.16602	0.03204	0.16435	0.01219	0.03964	0.04890	0.00505	0.00406	0.00127	0.00447	0.00411	0.00333	0.07240
4	0.00871	0.00538	0.00727	0.02226	0.00796	0.00559	0.02316	0.04973	0.00839	0.12544	0.03190	0.10638	0.01383	0.25913	0.20031	0.05809	0.03201	0.00572	0.02468	0.00404
5	0.00533	0.00399	0.00489	0.00535	0.00603	0.00362	0.00372	0.00635	0.00916	0.01201	0.16787	0.45913	0.23990	0.04486	0.00589	0.00168	0.00237	0.01027	0.00402	0.00356
6	0.12231	0.16789	0.23825	0.00928	0.01327	0.04164	0.05966	0.01277	0.02899	0.01344	0.00721	0.00859	0.00578	0.00401	0.00413	0.00114	0.05901	0.00292	0.00217	0.19753
7	0.03108	0.03882	0.27298	0.06454	0.11784	0.03631	0.06475	0.10925	0.01070	0.03714	0.06425	0.01372	0.02538	0.00668	0.05789	0.00169	0.00568	0.03286	0.00264	0.00579

[dist]
# distance from previous block
# <min> <max>
7	82

[block]
# block no. 4 follows, 62 sequences, length 25
# corresponding to MSA columns:
# 446-470
name=unknown_E
#
# <colnr> <probs for GDERKNQSTAVLIFYWHMCP>
#	G	D	E	R	K	N	Q	S	T	A	V	L	I	F	Y	W	H	M	C	P
0	0.03448	0.00883	0.03923	0.02470	0.16011	0.02019	0.09396	0.08794	0.05385	0.18291	0.09231	0.06455	0.03761	0.00559	0.00436	0.00131	0.00419	0.00498	0.02369	0.05525
1	0.03665	0.04168	0.10934	0.02819	0.05574	0.01929	0.00804	0.21237	0.03906	0.20784	0.01174	0.06980	0.00910	0.00516	0.00406	0.00123	0.00425	0.00417	0.00361	0.12870
2	0.03681	0.03227	0.03821	0.00983	0.07343	0.04006	0.03572	0.19855	0.16956	0.09075	0.02946	0.01366	0.05529	0.00554	0.00467	0.03486	0.01146	0.00418	0.01542	0.10027
3	0.08704	0.00852	0.03799	0.01274	0.24454	0.00826	0.02517	0.04426	0.09859	0.04951	0.10985	0.02560	0.07727	0.02648	0.00500	0.00137	0.03607	0.01386	0.00314	0.08475
4	0.04582	0.08307	0.14604	0.00942	0.01299	0.04094	0.07009	0.13608	0.03167	0.11315	0.01848	0.01064	0.00740	0.02656	0.00500	0.00127	0.06298	0.00351	0.00293	0.17197
5	0.02516	0.00585	0.00742	0.02061	0.00867	0.00539	0.02466	0.06206	0.02404	0.08467	0.15710	0.29311	0.07928	0.00887	0.01737	0.00143	0.00307	0.00743	0.00383	0.15996
6	0.00641	0.00529	0.00745	0.00699	0.00819	0.00505	0.07479	0.02866	0.03135	0.01257	0.10388	0.43184	0.17060	0.01044	0.00539	0.00154	0.03064	0.00931	0.00375	0.04585
7	0.00994	0.00755	0.00907	0.00663	0.01016	0.00602	0.00534	0.01177	0.00915	0.10424	0.02112	0.00983	0.00727	0.00365	0.00376	0.00077	0.03833	0.00285	0.00283	0.72973
8	0.00859	0.02160	0.79697	0.01236	0.01857	0.00992	0.04676	0.01348	0.00902	0.01348	0.00767	0.00908	0.00543	0.00402	0.00408	0.00135	0.00632	0.00322	0.00181	0.00627
9	0.03639	0.00546	0.00655	0.00601	0.00742	0.00534	0.01488	0.07716	0.02486	0.04939	0.33782	0.13492	0.23689	0.00908	0.00513	0.00142	0.02496	0.00776	0.00420	0.00435
10	0.02841	0.35505	0.33070	0.00905	0.01326	0.03450	0.01008	0.03879	0.00921	0.01227	0.02713	0.04200	0.03437	0.00496	0.00401	0.03007	0.00504	0.00345	0.00214	0.00552
11	0.02004	0.00535	0.00651	0.00607	0.00769	0.00504	0.00475	0.01149	0.08006	0.17663	0.20527	0.10441	0.19215	0.00862	0.00477	0.00144	0.00273	0.08691	0.06532	0.00475
12	0.00606	0.00446	0.00641	0.00645	0.00706	0.00505	0.00482	0.00731	0.00678	0.00965	0.01219	0.05045	0.01209	0.16387	0.67018	0.00620	0.00988	0.00511	0.00239	0.00359
13	0.00594	0.00415	0.00498	0.00542	0.00619	0.00382	0.00384	0.01628	0.00895	0.03059	0.04964	0.44073	0.24488	0.05045	0.00586	0.00169	0.00252	0.04131	0.06911	0.00366
14	0.13161	0.00857	0.01236	0.11298	0.01392	0.02093	0.11465	0.05016	0.02165	0.02490	0.00798	0.01112	0.00680	0.01045	0.16382	0.00256	0.27450	0.00388	0.00230	0.00484
15	0.00526	0.00384	0.00493	0.00573	0.00616	0.00355	0.00391	0.00610	0.00847	0.01114	0.05198	0.68164	0.12589	0.03139	0.00574	0.00174	0.00249	0.03261	0.00394	0.00348
16	0.00546	0.00418	0.00508	0.00596	0.00633	0.02524	0.00402	0.00623	0.00835	0.01089	0.02424	0.77528	0.07712	0.01294	0.00536	0.00169	0.00259	0.01166	0.00390	0.00350
17	0.00628	0.00452	0.00567	0.00550	0.00655	0.00425	0.00409	0.00848	0.04792	0.02802	0.56327	0.13434	0.11547	0.00925	0.00499	0.00140	0.00219	0.01774	0.02598	0.00407
18	0.03567	0.00587	0.00943	0.00827	0.00977	0.00560	0.16911	0.00891	0.04659	0.01327	0.17548	0.39138	0.08420	0.00958	0.00509	0.00154	0.00339	0.00890	0.00370	0.00423
19	0.00567	0.00440	0.00546	0.00553	0.00642	0.00419	0.00409	0.00701	0.00989	0.01321	0.31077	0.24227	0.26374	0.01138	0.03735	0.00171	0.03775	0.02133	0.00406	0.00376
20	0.00764	0.00603	0.00831	0.05669	0.04111	0.00713	0.00597	0.00897	0.03389	0.03711	0.01131	0.05038	0.01148	0.29515	0.21834	0.00377	0.18515	0.00514	0.00249	0.00394
21	0.00571	0.00431	0.00515	0.00597	0.00630	0.03115	0.00401	0.00646	0.00818	0.01082	0.02188	0.72562	0.02594	0.07424	0.00651	0.00187	0.00277	0.02234	0.02731	0.00346
22	0.00643	0.00489	0.00606	0.00612	0.00703	0.00498	0.00463	0.02602	0.02712	0.02468	0.04591	0.20499	0.27409	0.06879	0.10995	0.02631	0.05695	0.08773	0.00352	0.00380
23	0.01185	0.64135	0.01961	0.00845	0.04289	0.08480	0.00749	0.03483	0.04312	0.03230	0.00711	0.00804	0.00618	0.00482	0.03064	0.00118	0.00499	0.00265	0.00214	0.00556
24	0.01321	0.02628	0.05978	0.06128	0.02625	0.14164	0.20354	0.15873	0.10929	0.13016	0.01067	0.01142	0.00774	0.00457	0.00433	0.00131	0.00558	0.00406	0.01398	0.00617

[dist]
# distance from previous block
# <min> <max>
3	7

[block]
# block no. 5 follows, 62 sequences, length 11
# corresponding to MSA columns:
# 478-488
name=unknown_F
#
# <colnr> <probs for GDERKNQSTAVLIFYWHMCP>
#	G	D	E	R	K	N	Q	S	T	A	V	L	I	F	Y	W	H	M	C	P
0	0.05070	0.13333	0.23740	0.03266	0.08447	0.07490	0.10470	0.04703	0.07915	0.02760	0.03172	0.02337	0.00781	0.00439	0.00396	0.00125	0.00531	0.00368	0.00246	0.04412
1	0.00983	0.06487	0.33254	0.12293	0.12530	0.02984	0.04850	0.05965	0.04764	0.03919	0.00940	0.06045	0.00766	0.00480	0.00434	0.00135	0.01935	0.00404	0.00238	0.00594
2	0.28714	0.00747	0.00847	0.00692	0.00976	0.00737	0.00563	0.05340	0.01066	0.46986	0.01364	0.08082	0.00998	0.00551	0.00386	0.00135	0.00347	0.00429	0.00429	0.00610
3	0.06433	0.00804	0.04710	0.03350	0.07332	0.03736	0.06779	0.05628	0.02688	0.15724	0.13745	0.07603	0.07969	0.07454	0.00588	0.00160	0.00396	0.03005	0.01380	0.00516
4	0.01124	0.10194	0.17889	0.02494	0.18192	0.02234	0.06029	0.05536	0.08005	0.12642	0.02317	0.03518	0.02875	0.00483	0.00409	0.00128	0.00474	0.00414	0.04430	0.00615
5	0.00695	0.00482	0.03076	0.00527	0.00614	0.00438	0.00388	0.02775	0.00859	0.02530	0.06631	0.21680	0.05549	0.19492	0.04742	0.00220	0.00325	0.00684	0.27920	0.00372
6	0.07422	0.01033	0.01109	0.00878	0.01186	0.04813	0.00722	0.46280	0.01613	0.22126	0.03729	0.01339	0.00964	0.00546	0.00423	0.00132	0.00435	0.04150	0.00430	0.00670
7	0.01045	0.21650	0.14364	0.06578	0.05846	0.07577	0.05354	0.07701	0.05716	0.02545	0.07356	0.05143	0.01078	0.00534	0.00429	0.00128	0.02591	0.03542	0.00268	0.00554
8	0.01161	0.09093	0.08610	0.05394	0.13349	0.06226	0.06589	0.05339	0.04335	0.15322	0.02854	0.06430	0.00957	0.02390	0.03187	0.00158	0.07291	0.00441	0.00296	0.00578
9	0.00782	0.00568	0.00720	0.00689	0.00808	0.00568	0.02914	0.13198	0.04675	0.03843	0.13814	0.46837	0.04908	0.02902	0.00544	0.00161	0.00299	0.00918	0.00408	0.00443
10	0.00740	0.00509	0.00630	0.00617	0.00748	0.00486	0.00489	0.05123	0.02976	0.06182	0.30905	0.09468	0.18033	0.00959	0.00510	0.00152	0.00277	0.18513	0.02254	0.00429

[dist]
# distance from previous block
# <min> <max>
1	3

[block]
# block no. 6 follows, 62 sequences, length 28
# corresponding to MSA columns:
# 492-519
name=unknown_G
#
# <colnr> <probs for GDERKNQSTAVLIFYWHMCP>
#	G	D	E	R	K	N	Q	S	T	A	V	L	I	F	Y	W	H	M	C	P
0	0.00865	0.00776	0.01244	0.29908	0.28784	0.00843	0.01898	0.04078	0.03136	0.01275	0.02481	0.15492	0.01959	0.02107	0.00497	0.01257	0.00465	0.02151	0.00259	0.00523
1	0.00588	0.04924	0.00600	0.00546	0.00662	0.00466	0.00413	0.00748	0.03930	0.01238	0.14911	0.25872	0.36302	0.01067	0.00505	0.00151	0.00251	0.06046	0.00396	0.00385
2	0.03492	0.06237	0.01411	0.10260	0.12922	0.02158	0.13022	0.14611	0.06475	0.03214	0.02725	0.01250	0.02773	0.00582	0.03581	0.00152	0.05467	0.00413	0.07149	0.02107
3	0.07043	0.01036	0.02232	0.00899	0.01175	0.09005	0.04633	0.28254	0.08956	0.15638	0.02218	0.03380	0.02694	0.02568	0.05708	0.00173	0.01977	0.00429	0.00376	0.01606
4	0.00754	0.00696	0.02022	0.00968	0.01133	0.00690	0.21563	0.00941	0.03114	0.01158	0.02368	0.25039	0.02409	0.09479	0.06718	0.03900	0.08084	0.03643	0.00286	0.05034
5	0.03899	0.06535	0.04760	0.05493	0.04568	0.60546	0.00868	0.03972	0.01147	0.01152	0.00681	0.00807	0.00559	0.00427	0.00378	0.00112	0.00689	0.00284	0.00222	0.02903
6	0.00808	0.00762	0.01296	0.74752	0.06216	0.00926	0.03337	0.01083	0.00859	0.01108	0.00828	0.04671	0.00669	0.00460	0.00432	0.00143	0.00555	0.00417	0.00199	0.00479
7	0.00810	0.00766	0.01278	0.79640	0.02835	0.00964	0.01168	0.01084	0.00840	0.01084	0.00746	0.01124	0.00567	0.00442	0.00477	0.00144	0.04992	0.00378	0.00189	0.00472
8	0.01284	0.00963	0.01044	0.00878	0.01151	0.01074	0.00699	0.25965	0.47410	0.09100	0.04667	0.01467	0.01210	0.00564	0.00433	0.00138	0.00373	0.00458	0.00440	0.00682
9	0.00610	0.00414	0.00552	0.00622	0.00683	0.00388	0.00454	0.00723	0.00903	0.04381	0.09947	0.56452	0.05691	0.01220	0.00541	0.00171	0.00272	0.15194	0.00407	0.00375
10	0.01186	0.78041	0.02135	0.00750	0.01105	0.06426	0.00731	0.01322	0.00895	0.03316	0.00626	0.00709	0.00561	0.00373	0.00284	0.00093	0.00471	0.00236	0.00194	0.00548
11	0.04183	0.00790	0.05278	0.00821	0.01042	0.00724	0.07884	0.15281	0.01114	0.04714	0.12372	0.24193	0.02706	0.02879	0.00538	0.00146	0.03439	0.01598	0.00356	0.09940
12	0.00522	0.00402	0.00472	0.00516	0.00596	0.00358	0.00361	0.00618	0.00905	0.01154	0.09505	0.41901	0.36231	0.03712	0.00572	0.00165	0.00235	0.01026	0.00397	0.00353
13	0.05555	0.00827	0.01019	0.00800	0.01105	0.04217	0.02641	0.11449	0.01275	0.57593	0.05886	0.03386	0.01158	0.00549	0.00427	0.00132	0.00388	0.00446	0.00476	0.00672
14	0.05280	0.00800	0.01014	0.00784	0.01110	0.00749	0.00646	0.13466	0.03129	0.66058	0.01541	0.01359	0.00988	0.00520	0.00421	0.00131	0.00376	0.00415	0.00499	0.00712
15	0.00993	0.00942	0.01590	0.25747	0.58204	0.00998	0.01261	0.02792	0.00955	0.01329	0.00792	0.01076	0.00645	0.00395	0.00423	0.00131	0.00522	0.00379	0.00209	0.00618
16	0.00911	0.00520	0.00608	0.00568	0.00712	0.00504	0.00430	0.04870	0.06256	0.13727	0.12059	0.18458	0.09610	0.00775	0.00426	0.00132	0.00256	0.00662	0.28048	0.00466
17	0.00618	0.00437	0.00638	0.00643	0.00704	0.00490	0.00483	0.00712	0.00678	0.00956	0.01248	0.06126	0.03356	0.07310	0.61582	0.12005	0.00927	0.00505	0.00237	0.00345
18	0.00653	0.00453	0.00550	0.00541	0.00573	0.00476	0.00349	0.03804	0.00693	0.00943	0.01298	0.03991	0.01420	0.60045	0.22009	0.00463	0.00590	0.00581	0.00260	0.00308
19	0.00712	0.00472	0.00680	0.00662	0.00748	0.00524	0.00504	0.00846	0.00718	0.07440	0.01208	0.01796	0.01125	0.13433	0.66421	0.00605	0.00985	0.00474	0.00255	0.00392
20	0.00689	0.00575	0.00793	0.00749	0.00790	0.00700	0.00577	0.00791	0.00731	0.01046	0.07028	0.13011	0.04848	0.11704	0.27725	0.01790	0.25212	0.00592	0.00265	0.00383
21	0.05448	0.00966	0.03181	0.00830	0.01121	0.01005	0.00692	0.42098	0.08025	0.14973	0.01211	0.01220	0.00869	0.00622	0.03911	0.00150	0.00430	0.00394	0.12207	0.00646
22	0.00671	0.00573	0.00898	0.42460	0.01783	0.00661	0.00794	0.00859	0.00839	0.01100	0.04483	0.32362	0.02768	0.02553	0.05136	0.00188	0.00458	0.00718	0.00282	0.00412
23	0.01147	0.00690	0.00803	0.00670	0.00870	0.00685	0.00515	0.20972	0.02299	0.20184	0.13742	0.02284	0.13948	0.18315	0.00813	0.00192	0.00352	0.00580	0.00415	0.00522
24	0.00817	0.00597	0.00832	0.00795	0.02895	0.03117	0.02770	0.00963	0.00770	0.08725	0.01152	0.03161	0.01042	0.06947	0.52134	0.00494	0.08331	0.00461	0.03566	0.00429
25	0.00853	0.02201	0.82841	0.01213	0.01842	0.00988	0.01572	0.01348	0.00898	0.01348	0.00764	0.00898	0.00539	0.00404	0.00404	0.00135	0.00629	0.00314	0.00180	0.00629
26	0.00710	0.00617	0.01987	0.06443	0.03275	0.02447	0.08653	0.00940	0.07729	0.01206	0.03656	0.42195	0.01967	0.08280	0.00650	0.00179	0.01260	0.02444	0.04942	0.00420
27	0.03157	0.00761	0.03935	0.00939	0.09946	0.03206	0.02209	0.03435	0.18905	0.04178	0.11436	0.21470	0.08142	0.00807	0.00469	0.00146	0.00344	0.03979	0.02025	0.00511

[dist]
# distance from previous block
# <min> <max>
0	12

[block]
# block no. 7 follows, 62 sequences, length 38
# corresponding to MSA columns:
# 532-569
name=unknown_H
#
# <colnr> <probs for GDERKNQSTAVLIFYWHMCP>
#	G	D	E	R	K	N	Q	S	T	A	V	L	I	F	Y	W	H	M	C	P
0	0.41857	0.07230	0.01035	0.00804	0.01080	0.23528	0.02461	0.11068	0.01045	0.04237	0.00705	0.00788	0.00548	0.00421	0.00328	0.00122	0.00484	0.00273	0.00272	0.01713
1	0.02774	0.07173	0.04583	0.20160	0.13937	0.07406	0.12543	0.03829	0.02349	0.05405	0.00900	0.05184	0.00747	0.00460	0.00445	0.00128	0.03213	0.00406	0.00243	0.08114
2	0.00637	0.00503	0.00568	0.00614	0.00672	0.05177	0.00425	0.03086	0.00915	0.01196	0.13246	0.56798	0.05757	0.03249	0.00619	0.04504	0.00286	0.01002	0.00382	0.00364
3	0.01173	0.17828	0.06347	0.00751	0.01850	0.00897	0.00656	0.07236	0.09270	0.21465	0.09107	0.01738	0.10488	0.03780	0.02419	0.00147	0.00391	0.00469	0.00368	0.03619
4	0.02469	0.09538	0.25882	0.03127	0.04582	0.09166	0.06894	0.15251	0.02527	0.03472	0.06003	0.01328	0.05570	0.00505	0.00415	0.00129	0.00528	0.01752	0.00278	0.00585
5	0.00624	0.00486	0.00535	0.00538	0.00647	0.02269	0.00397	0.00765	0.02590	0.03232	0.13222	0.22895	0.39359	0.01024	0.00526	0.00147	0.03362	0.00870	0.06125	0.00386
6	0.00818	0.00793	0.01400	0.70920	0.02761	0.00941	0.11014	0.01105	0.00874	0.01123	0.00894	0.01240	0.03433	0.00440	0.00438	0.00142	0.00574	0.00412	0.00200	0.00481
7	0.19075	0.01006	0.02310	0.00816	0.01152	0.03351	0.03186	0.30986	0.03096	0.05856	0.00888	0.00943	0.00662	0.00427	0.00363	0.00111	0.00408	0.00319	0.00333	0.24712
8	0.00957	0.00879	0.04390	0.04723	0.04655	0.05629	0.08282	0.08066	0.15284	0.03472	0.02609	0.05502	0.02049	0.22225	0.03465	0.00220	0.00475	0.00507	0.00305	0.06303
9	0.00548	0.00398	0.00548	0.00620	0.00656	0.00376	0.02236	0.00629	0.00812	0.01081	0.02222	0.71370	0.02637	0.08321	0.00681	0.00194	0.00280	0.05665	0.00379	0.00346
10	0.00786	0.00717	0.00828	0.00823	0.00880	0.08587	0.00640	0.02752	0.00867	0.01137	0.01667	0.38097	0.01889	0.01045	0.00757	0.00173	0.22396	0.15227	0.00323	0.00409
11	0.07075	0.00864	0.01106	0.01044	0.12358	0.01864	0.00740	0.16240	0.03266	0.45428	0.01356	0.02695	0.00934	0.00572	0.02365	0.00144	0.00420	0.00414	0.00432	0.00682
12	0.02590	0.00682	0.00994	0.30486	0.04583	0.00720	0.00784	0.04245	0.00999	0.25606	0.03067	0.12713	0.04487	0.05499	0.00544	0.00157	0.00422	0.00546	0.00347	0.00529
13	0.00650	0.00552	0.00808	0.04180	0.00903	0.00629	0.04120	0.00753	0.00781	0.01080	0.01752	0.54731	0.02032	0.01204	0.04521	0.00197	0.19474	0.00919	0.00323	0.00390
14	0.00850	0.00802	0.01375	0.68448	0.07352	0.00957	0.07200	0.02597	0.00889	0.01167	0.00785	0.01137	0.00595	0.00425	0.00440	0.00140	0.01616	0.00388	0.02342	0.00495
15	0.01032	0.00869	0.00920	0.00824	0.01056	0.00983	0.00645	0.09105	0.62672	0.01771	0.01960	0.03343	0.09732	0.00651	0.00445	0.00145	0.00336	0.02452	0.00427	0.00633
16	0.01814	0.00742	0.00978	0.00760	0.01077	0.00669	0.00624	0.05210	0.05522	0.72426	0.01645	0.01443	0.01054	0.00528	0.00424	0.00131	0.00359	0.00428	0.03456	0.00710
17	0.01072	0.00822	0.00923	0.04918	0.01112	0.00915	0.00648	0.11557	0.45486	0.06488	0.15604	0.01765	0.01642	0.00606	0.00437	0.00138	0.00336	0.00507	0.04411	0.00613
18	0.00521	0.00376	0.00494	0.00582	0.00616	0.00349	0.00392	0.00603	0.00840	0.01118	0.06095	0.77035	0.06807	0.01299	0.00539	0.00170	0.00243	0.01174	0.00398	0.00349
19	0.00834	0.00790	0.01304	0.67290	0.09246	0.00979	0.01153	0.01094	0.00846	0.01116	0.02093	0.01141	0.00632	0.00462	0.00528	0.00145	0.09281	0.00384	0.00195	0.00487
20	0.01034	0.01045	0.01359	0.13928	0.19021	0.10567	0.01018	0.04614	0.00887	0.01205	0.02900	0.01035	0.00685	0.00576	0.00856	0.00154	0.38004	0.00375	0.00214	0.00524
21	0.01129	0.72016	0.04936	0.00789	0.01143	0.06102	0.03247	0.01279	0.00880	0.01020	0.00637	0.00787	0.00586	0.03516	0.00361	0.00107	0.00485	0.00256	0.00188	0.00536
22	0.00975	0.04875	0.16593	0.00822	0.01080	0.07296	0.00763	0.07473	0.06471	0.07447	0.09445	0.01847	0.11765	0.08886	0.05699	0.00195	0.06376	0.00495	0.00313	0.01185
23	0.00981	0.33107	0.33755	0.00919	0.01334	0.01171	0.01021	0.01295	0.04186	0.04919	0.00983	0.09385	0.01935	0.00514	0.00400	0.00124	0.02778	0.00394	0.00232	0.00567
24	0.32602	0.00893	0.00869	0.00756	0.01012	0.01013	0.00603	0.15977	0.30986	0.04070	0.01228	0.06228	0.00978	0.00544	0.00377	0.00138	0.00353	0.00416	0.00370	0.00587
25	0.00993	0.01246	0.11262	0.01760	0.08257	0.01061	0.63314	0.01387	0.03726	0.01377	0.00875	0.01128	0.00658	0.00373	0.00483	0.00141	0.00679	0.00471	0.00218	0.00591
26	0.01723	0.00900	0.10359	0.00809	0.01163	0.00685	0.00732	0.05036	0.01211	0.66917	0.04839	0.01439	0.01103	0.00526	0.00428	0.00132	0.00390	0.00427	0.00481	0.00700
27	0.00974	0.00766	0.00861	0.00779	0.00979	0.00841	0.00615	0.10445	0.40987	0.03436	0.22174	0.03549	0.02065	0.00718	0.00468	0.00145	0.00322	0.08861	0.00438	0.00576
28	0.00537	0.00389	0.00508	0.00570	0.00619	0.00360	0.00393	0.00643	0.00915	0.01237	0.21394	0.61084	0.07352	0.01209	0.00531	0.00162	0.00234	0.01088	0.00412	0.00360
29	0.00565	0.00449	0.00541	0.00575	0.00671	0.00418	0.01622	0.00740	0.06498	0.01172	0.03046	0.42506	0.33762	0.01159	0.00521	0.00160	0.00255	0.04567	0.00395	0.00379
30	0.01369	0.01632	0.01063	0.00969	0.01169	0.60306	0.00729	0.01607	0.09485	0.01230	0.12065	0.01216	0.01125	0.00515	0.00402	0.00116	0.00623	0.00368	0.03516	0.00496
31	0.00600	0.00421	0.00594	0.02654	0.00727	0.00404	0.04080	0.00704	0.00835	0.01175	0.03702	0.61371	0.02345	0.01134	0.00542	0.03408	0.00272	0.00992	0.13680	0.00362
32	0.00517	0.00377	0.00487	0.00575	0.00613	0.00347	0.00387	0.00594	0.00831	0.01093	0.02556	0.76110	0.11336	0.01306	0.00539	0.00170	0.00244	0.01176	0.00395	0.00347
33	0.00523	0.00374	0.00497	0.00590	0.00618	0.00348	0.00395	0.00603	0.00834	0.01117	0.06304	0.80722	0.02874	0.01310	0.00541	0.00171	0.00245	0.01188	0.00399	0.00348
34	0.00806	0.00760	0.01277	0.82187	0.02890	0.00953	0.01176	0.01086	0.00846	0.01086	0.00752	0.01130	0.00567	0.00432	0.00447	0.00143	0.02421	0.00378	0.00189	0.00473
35	0.01544	0.06576	0.01230	0.01014	0.01253	0.59616	0.00785	0.10102	0.01248	0.06638	0.00785	0.00868	0.00620	0.00456	0.00403	0.00113	0.02416	0.00300	0.03499	0.00532
36	0.00604	0.00449	0.00662	0.00667	0.00736	0.00516	0.00509	0.00743	0.00687	0.00983	0.01211	0.05857	0.01178	0.07825	0.74566	0.00643	0.01053	0.00503	0.00238	0.00371
37	0.00525	0.00383	0.00490	0.00565	0.00610	0.00353	0.00383	0.00610	0.00857	0.01132	0.08171	0.67100	0.12781	0.03179	0.00572	0.00172	0.00243	0.01126	0.00397	0.00349

[dist]
# distance from previous block
# <min> <max>
0	1

[block]
# block no. 8 follows, 62 sequences, length 20
# corresponding to MSA columns:
# 571-590
name=unknown_I
#
# <colnr> <probs for GDERKNQSTAVLIFYWHMCP>
#	G	D	E	R	K	N	Q	S	T	A	V	L	I	F	Y	W	H	M	C	P
0	0.01036	0.00927	0.03113	0.00950	0.01076	0.07234	0.03299	0.11653	0.00976	0.07217	0.01244	0.18187	0.04161	0.01648	0.02089	0.00171	0.33657	0.00567	0.00298	0.00496
1	0.05334	0.00953	0.05315	0.00884	0.01066	0.11723	0.04132	0.01346	0.18513	0.03277	0.01128	0.02635	0.00959	0.02818	0.30061	0.00339	0.08314	0.00426	0.00277	0.00499
2	0.07246	0.02289	0.03911	0.08636	0.05542	0.33330	0.03652	0.19620	0.01274	0.06787	0.00825	0.00933	0.00626	0.00458	0.00428	0.00125	0.03128	0.00332	0.00283	0.00573
3	0.00721	0.06758	0.06480	0.05270	0.01071	0.00759	0.05892	0.00866	0.00813	0.01111	0.01575	0.43226	0.01777	0.00967	0.00676	0.00164	0.16960	0.04185	0.00301	0.00426
4	0.00600	0.00462	0.00636	0.00627	0.00715	0.00505	0.00484	0.00733	0.00784	0.01076	0.08471	0.02288	0.19048	0.02397	0.52890	0.03326	0.03729	0.00573	0.00281	0.00374
5	0.02462	0.44279	0.16422	0.00899	0.01294	0.03376	0.03885	0.09160	0.07686	0.05662	0.00828	0.00889	0.00654	0.00414	0.00344	0.00112	0.00488	0.00301	0.00248	0.00597
6	0.01100	0.01103	0.02227	0.01613	0.02014	0.01054	0.64991	0.09705	0.01118	0.05596	0.00979	0.01306	0.00752	0.00418	0.00494	0.00143	0.00659	0.03878	0.00260	0.00589
7	0.01909	0.00724	0.00987	0.00757	0.01086	0.00625	0.00625	0.02074	0.01218	0.82687	0.01679	0.01448	0.01053	0.00527	0.00428	0.00132	0.00362	0.00428	0.00527	0.00724
8	0.01190	0.42432	0.23054	0.00899	0.01314	0.01338	0.00954	0.10248	0.01029	0.09796	0.00797	0.00865	0.00617	0.00421	0.00380	0.00114	0.03410	0.00294	0.00245	0.00603
9	0.00930	0.09066	0.01508	0.05791	0.43804	0.00952	0.05265	0.01136	0.00912	0.01258	0.01107	0.15611	0.01106	0.00603	0.00494	0.00139	0.05006	0.04503	0.00247	0.00564
10	0.00529	0.00375	0.00490	0.00578	0.00600	0.00353	0.00380	0.00595	0.00793	0.01057	0.02234	0.75730	0.02675	0.10562	0.00722	0.00199	0.00265	0.01144	0.00380	0.00336
11	0.00662	0.00503	0.00686	0.10734	0.00946	0.00514	0.00522	0.00852	0.01080	0.03559	0.52308	0.02827	0.13331	0.00952	0.04935	0.00168	0.03910	0.00696	0.00401	0.00415
12	0.01580	0.01209	0.03729	0.01017	0.03201	0.06293	0.02172	0.61315	0.01780	0.10372	0.01070	0.02444	0.00772	0.00513	0.00426	0.00128	0.00482	0.00394	0.00406	0.00697
13	0.01007	0.00977	0.01653	0.11563	0.59494	0.01044	0.04529	0.01247	0.00916	0.01307	0.00766	0.01050	0.00646	0.00431	0.00553	0.00137	0.11472	0.00383	0.00205	0.00620
14	0.01287	0.00862	0.00949	0.00801	0.01045	0.04155	0.00634	0.19562	0.23663	0.20046	0.13861	0.07216	0.01599	0.00640	0.00444	0.00136	0.00361	0.00531	0.01586	0.00622
15	0.00974	0.00987	0.11825	0.02958	0.03355	0.00799	0.16348	0.02538	0.13810	0.08781	0.15944	0.02957	0.02171	0.00528	0.00438	0.00127	0.00432	0.00485	0.00332	0.14211
16	0.00668	0.00479	0.00604	0.05454	0.04194	0.00500	0.00395	0.02331	0.00682	0.00919	0.01257	0.02468	0.01388	0.66681	0.09942	0.00405	0.00498	0.00574	0.00252	0.00310
17	0.00907	0.00733	0.00866	0.00636	0.00972	0.00578	0.00502	0.01078	0.00870	0.04845	0.00837	0.01058	0.00719	0.07001	0.00495	0.00097	0.02634	0.00292	0.00263	0.74620
18	0.05121	0.16779	0.47036	0.03111	0.01573	0.01125	0.03069	0.04196	0.02074	0.01344	0.01551	0.00900	0.00597	0.00427	0.00442	0.00128	0.06165	0.00312	0.00204	0.03846
19	0.05701	0.04765	0.01977	0.00970	0.02430	0.17147	0.07594	0.20309	0.11387	0.10272	0.01294	0.03162	0.05215	0.03288	0.00477	0.00139	0.00493	0.02448	0.00346	0.00586

[dist]
# distance from previous block
# <min> <max>
0	12

[block]
# block no. 9 follows, 62 sequences, length 40
# corresponding to MSA columns:
# 603-642
name=unknown_J
#
# <colnr> <probs for GDERKNQSTAVLIFYWHMCP>
#	G	D	E	R	K	N	Q	S	T	A	V	L	I	F	Y	W	H	M	C	P
0	0.03073	0.00731	0.00999	0.05559	0.01155	0.00711	0.00670	0.03066	0.01141	0.59787	0.08541	0.01509	0.01219	0.00571	0.00532	0.00138	0.09044	0.00445	0.00461	0.00650
1	0.07846	0.01181	0.01160	0.05371	0.01320	0.11770	0.00766	0.48755	0.03518	0.04998	0.02625	0.01034	0.00760	0.00484	0.00402	0.00123	0.00479	0.00360	0.00367	0.06681
2	0.04731	0.02949	0.01232	0.01073	0.01312	0.64503	0.04119	0.04930	0.08927	0.01224	0.00781	0.00868	0.00628	0.00449	0.00389	0.00116	0.00691	0.00306	0.00249	0.00523
3	0.03435	0.01610	0.01364	0.01130	0.01404	0.48644	0.12055	0.12636	0.01259	0.07494	0.00813	0.00912	0.00624	0.00446	0.00426	0.00119	0.02360	0.00333	0.00272	0.02663
4	0.00923	0.06687	0.31520	0.01364	0.01817	0.00994	0.36615	0.01282	0.00941	0.02936	0.00986	0.10113	0.00844	0.00485	0.00455	0.00140	0.00611	0.00492	0.00226	0.00570
5	0.00758	0.00532	0.03946	0.00623	0.00717	0.00486	0.00482	0.00858	0.04186	0.05899	0.16526	0.08983	0.05009	0.07812	0.06101	0.26471	0.02462	0.04810	0.02980	0.00358
6	0.01622	0.00657	0.00863	0.00684	0.00960	0.00582	0.00558	0.03124	0.01175	0.62077	0.06666	0.01620	0.02753	0.00553	0.00413	0.00127	0.00325	0.00452	0.14142	0.00646
7	0.00804	0.00756	0.01276	0.84023	0.02931	0.00945	0.01182	0.01087	0.00851	0.01087	0.00756	0.01134	0.00567	0.00425	0.00425	0.00142	0.00567	0.00378	0.00189	0.00473
8	0.00631	0.00459	0.00651	0.00643	0.00695	0.00525	0.00476	0.00726	0.00660	0.00937	0.01136	0.01866	0.01131	0.21138	0.56992	0.06159	0.04118	0.00483	0.00230	0.00344
9	0.00642	0.02504	0.00662	0.00656	0.00720	0.00472	0.03185	0.00757	0.02819	0.03964	0.02011	0.58242	0.02315	0.10843	0.03534	0.00213	0.02375	0.03346	0.00363	0.00375
10	0.00610	0.00447	0.00640	0.00640	0.00701	0.00508	0.00477	0.00732	0.00671	0.00955	0.01180	0.01893	0.01160	0.19504	0.67179	0.00630	0.00995	0.00488	0.00234	0.00356
11	0.00608	0.00456	0.00684	0.00684	0.00760	0.00532	0.00532	0.00760	0.00684	0.00988	0.01140	0.01672	0.01064	0.03191	0.83360	0.00684	0.01140	0.00456	0.00228	0.00380
12	0.00642	0.00516	0.00698	0.00704	0.00800	0.00514	0.05458	0.00928	0.14326	0.01240	0.04195	0.58209	0.07000	0.01119	0.00519	0.00164	0.00290	0.01870	0.00392	0.00417
13	0.81638	0.00835	0.00664	0.00583	0.00852	0.00958	0.00480	0.04510	0.00793	0.04670	0.00647	0.00730	0.00491	0.00404	0.00275	0.00132	0.00336	0.00243	0.00279	0.00480
14	0.00827	0.00777	0.01306	0.68633	0.14272	0.00929	0.01164	0.01097	0.00869	0.01132	0.00872	0.03175	0.02274	0.00453	0.00429	0.00140	0.00544	0.00409	0.00201	0.00496
15	0.00515	0.00429	0.00449	0.00450	0.00583	0.00363	0.00335	0.00632	0.00990	0.01210	0.13115	0.07344	0.69993	0.01065	0.00504	0.00144	0.00215	0.00896	0.00403	0.00363
16	0.00993	0.00989	0.01530	0.34602	0.43020	0.07105	0.03197	0.01250	0.00941	0.01244	0.00774	0.01066	0.00622	0.00401	0.00422	0.00132	0.00555	0.00374	0.00203	0.00579
17	0.03330	0.00750	0.00966	0.00766	0.01074	0.00697	0.00625	0.02058	0.14321	0.66027	0.03629	0.01499	0.01155	0.00541	0.00427	0.00134	0.00353	0.00441	0.00505	0.00703
18	0.00641	0.00463	0.00508	0.00493	0.00643	0.00401	0.00375	0.00783	0.02493	0.07766	0.10337	0.07393	0.61586	0.01021	0.00500	0.00145	0.00235	0.03407	0.00412	0.00398
19	0.00989	0.01182	0.06734	0.05460	0.05105	0.01063	0.70194	0.01348	0.00991	0.01351	0.00849	0.01130	0.00637	0.00365	0.00491	0.00142	0.00698	0.00482	0.00212	0.00576
20	0.05211	0.00395	0.00501	0.00591	0.00628	0.00378	0.00399	0.00628	0.00810	0.01130	0.02251	0.80261	0.02688	0.01283	0.00528	0.00171	0.00251	0.01157	0.00388	0.00352
21	0.01063	0.34732	0.33212	0.05736	0.03202	0.08529	0.03068	0.02437	0.00934	0.02494	0.00707	0.00835	0.00560	0.00394	0.00355	0.00116	0.00562	0.00289	0.00195	0.00578
22	0.00608	0.00456	0.00684	0.00684	0.00760	0.00532	0.00532	0.00760	0.00684	0.00988	0.01140	0.01672	0.01064	0.03191	0.83360	0.00684	0.01140	0.00456	0.00228	0.00380
23	0.01384	0.01053	0.01108	0.00913	0.01204	0.03599	0.00733	0.36459	0.38252	0.08529	0.01387	0.01306	0.01007	0.00540	0.00428	0.00135	0.00409	0.00428	0.00431	0.00694
24	0.01980	0.13681	0.35372	0.01007	0.01440	0.01016	0.05607	0.05855	0.08515	0.12620	0.03546	0.05592	0.00925	0.00499	0.00407	0.00131	0.00499	0.00408	0.00288	0.00612
25	0.01895	0.00747	0.01002	0.00768	0.01098	0.00659	0.00634	0.05915	0.01256	0.78792	0.01647	0.01428	0.01037	0.00526	0.00428	0.00131	0.00367	0.00426	0.00522	0.00724
26	0.01032	0.01049	0.05706	0.12124	0.12849	0.07232	0.02262	0.01202	0.00817	0.06196	0.00727	0.01034	0.00626	0.02292	0.00945	0.00164	0.42633	0.00374	0.00215	0.00520
27	0.09631	0.06415	0.23192	0.12394	0.16782	0.05735	0.01088	0.03065	0.12897	0.01438	0.02856	0.01078	0.00762	0.00440	0.00394	0.00131	0.00508	0.00356	0.00247	0.00590
28	0.00994	0.02311	0.02356	0.00931	0.01048	0.08995	0.01944	0.08260	0.08066	0.01293	0.00931	0.02414	0.00818	0.02300	0.14443	0.00244	0.33556	0.00404	0.08202	0.00490
29	0.00541	0.00386	0.00500	0.00579	0.00612	0.00363	0.00391	0.00618	0.00820	0.01089	0.05001	0.65239	0.05908	0.11008	0.00730	0.00199	0.00270	0.05026	0.00381	0.00340
30	0.00754	0.00693	0.02276	0.05302	0.01121	0.02321	0.12576	0.01123	0.15458	0.01370	0.14116	0.22862	0.10841	0.00861	0.00498	0.00152	0.00367	0.06475	0.00368	0.00466
31	0.04687	0.01143	0.02768	0.01338	0.01683	0.10814	0.41621	0.06089	0.08252	0.11015	0.01087	0.05631	0.00852	0.00470	0.00460	0.00138	0.00592	0.00482	0.00295	0.00583
32	0.01898	0.00742	0.00998	0.00765	0.01095	0.00651	0.00632	0.05014	0.01247	0.79705	0.01654	0.01432	0.01041	0.00526	0.00428	0.00132	0.00366	0.00426	0.00523	0.00724
33	0.00740	0.00519	0.00644	0.00624	0.00765	0.00488	0.02843	0.00978	0.09902	0.09660	0.04518	0.29518	0.31598	0.01026	0.00504	0.00154	0.00277	0.04397	0.00409	0.00436
34	0.00804	0.00756	0.01276	0.84023	0.02931	0.00945	0.01182	0.01087	0.00851	0.01087	0.00756	0.01134	0.00567	0.00425	0.00425	0.00142	0.00567	0.00378	0.00189	0.00473
35	0.01016	0.00973	0.01660	0.14803	0.70493	0.01001	0.01287	0.01273	0.00951	0.01345	0.00794	0.01065	0.00658	0.00386	0.00422	0.00129	0.00515	0.00379	0.00207	0.00644
36	0.03968	0.00744	0.00969	0.00750	0.01066	0.00674	0.00618	0.07929	0.01247	0.70314	0.01587	0.01405	0.01016	0.00521	0.00417	0.00130	0.00360	0.00418	0.05170	0.00700
37	0.00882	0.00756	0.00882	0.00630	0.01008	0.00567	0.00504	0.01071	0.00882	0.01387	0.00756	0.00882	0.00630	0.00315	0.00315	0.00063	0.00315	0.00252	0.00252	0.87647
38	0.01094	0.01087	0.03012	0.01455	0.05118	0.02578	0.45162	0.12071	0.07023	0.03638	0.04057	0.01253	0.01977	0.00445	0.00506	0.00137	0.03979	0.00469	0.00279	0.04660
39	0.01266	0.07296	0.03696	0.00963	0.01194	0.08589	0.03883	0.13375	0.13553	0.14791	0.01173	0.01238	0.03833	0.00629	0.02333	0.00153	0.20713	0.00405	0.00328	0.00590

[dist]
# distance from previous block
# <min> <max>
0	44

[block]
# block no. 10 follows, 62 sequences, length 30
# corresponding to MSA columns:
# 687-716
name=unknown_K
#
# <colnr> <probs for GDERKNQSTAVLIFYWHMCP>
#	G	D	E	R	K	N	Q	S	T	A	V	L	I	F	Y	W	H	M	C	P
0	0.01857	0.00761	0.01005	0.00775	0.01102	0.00687	0.00639	0.07090	0.04451	0.74404	0.01639	0.01427	0.01042	0.00528	0.00428	0.00132	0.00368	0.00427	0.00517	0.00722
1	0.00928	0.00639	0.00807	0.06685	0.01007	0.02705	0.02121	0.01196	0.08514	0.15233	0.26066	0.10898	0.09510	0.00777	0.01481	0.00141	0.02311	0.00639	0.00401	0.07940
2	0.81892	0.00827	0.00691	0.00601	0.00871	0.00943	0.02565	0.01291	0.00754	0.05541	0.00649	0.00737	0.00492	0.00400	0.00277	0.00132	0.00341	0.00246	0.00274	0.00476
3	0.00619	0.00413	0.00464	0.00464	0.00464	0.00413	0.00258	0.00619	0.00619	0.00825	0.01341	0.02785	0.01547	0.85046	0.02166	0.00413	0.00413	0.00619	0.00258	0.00258
4	0.00913	0.00799	0.01294	0.24941	0.25914	0.00858	0.05697	0.06353	0.02405	0.02925	0.08154	0.08292	0.01163	0.00738	0.06090	0.01644	0.00520	0.00498	0.00268	0.00536
5	0.00927	0.01001	0.02075	0.04914	0.01949	0.00939	0.62272	0.01236	0.00996	0.02817	0.01464	0.01659	0.14654	0.00488	0.00498	0.00143	0.00618	0.00564	0.00251	0.00536
6	0.01178	0.00952	0.01211	0.00995	0.01264	0.04460	0.13217	0.07091	0.41783	0.12407	0.01563	0.05613	0.03153	0.00580	0.00470	0.00142	0.02389	0.00506	0.00393	0.00631
7	0.00943	0.00561	0.00685	0.00606	0.00773	0.00537	0.00472	0.07616	0.04279	0.16045	0.38566	0.05082	0.10171	0.00770	0.00462	0.00133	0.00263	0.02143	0.09404	0.00489
8	0.01065	0.01123	0.01433	0.01171	0.01375	0.16752	0.21019	0.04534	0.11068	0.01277	0.01003	0.05021	0.00887	0.02572	0.06318	0.00191	0.19793	0.02621	0.00260	0.00517
9	0.01036	0.00994	0.01696	0.08197	0.76941	0.01006	0.01297	0.01291	0.00961	0.01369	0.00797	0.01059	0.00667	0.00382	0.00422	0.00127	0.00510	0.00379	0.00209	0.00660
10	0.00578	0.00380	0.00511	0.00573	0.00593	0.00368	0.00379	0.00597	0.00733	0.00981	0.01849	0.54136	0.02168	0.12230	0.05086	0.16933	0.00336	0.00936	0.00329	0.00305
11	0.01006	0.00618	0.00735	0.00683	0.00814	0.04126	0.00509	0.04012	0.01917	0.21906	0.04542	0.33333	0.07466	0.09648	0.00724	0.00180	0.06140	0.00776	0.00396	0.00468
12	0.00566	0.00442	0.00498	0.00491	0.00613	0.00398	0.00366	0.00739	0.03488	0.01353	0.28018	0.09192	0.44938	0.01031	0.02091	0.00151	0.00234	0.00837	0.04172	0.00383
13	0.00664	0.00497	0.00587	0.00562	0.00687	0.00482	0.00421	0.00973	0.12207	0.02649	0.43884	0.10209	0.19033	0.00891	0.00486	0.00139	0.00229	0.00773	0.04196	0.00430
14	0.00589	0.00434	0.00550	0.00521	0.00628	0.00396	0.00391	0.00777	0.01173	0.01632	0.71791	0.03301	0.14437	0.00898	0.00502	0.00135	0.00203	0.00787	0.00459	0.00396
