[name]
unknown

[dist]
# distance from previous block
# <min> <max>
0	252

[block]
# block no. 0 follows, 52 sequences, length 9
# corresponding to MSA columns:
# 253-261
name=unknown_A
#
# <colnr> <probs for GDERKNQSTAVLIFYWHMCP>
#	G	D	E	R	K	N	Q	S	T	A	V	L	I	F	Y	W	H	M	C	P
0	0.00781	0.00558	0.00781	0.00892	0.01004	0.00558	0.00781	0.01004	0.01116	0.01450	0.02566	0.05466	0.02789	0.01339	0.00669	0.00223	0.00446	0.76685	0.00446	0.00446
1	0.00957	0.00579	0.00726	0.00909	0.14961	0.00579	0.00547	0.01194	0.01032	0.01766	0.01459	0.01697	0.01156	0.00541	0.00364	0.00119	0.00289	0.00448	0.70168	0.00509
2	0.71058	0.01013	0.00847	0.00724	0.01040	0.01163	0.00597	0.15372	0.01088	0.02334	0.00763	0.00855	0.00579	0.00474	0.00333	0.00149	0.00404	0.00294	0.00333	0.00579
3	0.00688	0.00606	0.00763	0.00954	0.15038	0.00543	0.00577	0.00838	0.01092	0.01354	0.04034	0.09272	0.60285	0.01103	0.00559	0.00162	0.00308	0.00939	0.00412	0.00473
4	0.05663	0.00608	0.00700	0.00655	0.00753	0.00644	0.00463	0.03277	0.04022	0.07634	0.01694	0.08585	0.04995	0.35632	0.05170	0.00318	0.05771	0.00652	0.12324	0.00440
5	0.00831	0.00485	0.00568	0.00586	0.00677	0.00467	0.00412	0.01000	0.02841	0.06349	0.06029	0.30065	0.05401	0.11555	0.00743	0.00195	0.00293	0.00853	0.30211	0.00440
6	0.01106	0.00842	0.04138	0.00839	0.02568	0.02162	0.00657	0.20588	0.01318	0.05226	0.10116	0.09040	0.14130	0.01086	0.02359	0.17608	0.01853	0.00653	0.03191	0.00522
7	0.00847	0.00631	0.00715	0.00672	0.00831	0.00616	0.00506	0.14838	0.01331	0.01771	0.20121	0.22048	0.27277	0.01097	0.00557	0.00163	0.00301	0.00942	0.04240	0.00493
8	0.03861	0.03639	0.01267	0.07113	0.01443	0.18699	0.02532	0.22965	0.06627	0.06989	0.02510	0.06317	0.01073	0.02026	0.02726	0.00169	0.03006	0.00485	0.05914	0.00639

[dist]
# distance from previous block
# <min> <max>
6	132

[block]
# block no. 1 follows, 52 sequences, length 21
# corresponding to MSA columns:
# 395-415
name=unknown_B
#
# <colnr> <probs for GDERKNQSTAVLIFYWHMCP>
#	G	D	E	R	K	N	Q	S	T	A	V	L	I	F	Y	W	H	M	C	P
0	0.00927	0.02443	0.02857	0.00758	0.00953	0.02029	0.02350	0.07517	0.04459	0.05407	0.10575	0.22491	0.13266	0.04491	0.04914	0.01821	0.00410	0.00808	0.03181	0.08341
1	0.03306	0.09424	0.05514	0.04083	0.10049	0.04276	0.00807	0.09125	0.04285	0.03451	0.06439	0.09449	0.08419	0.03106	0.05040	0.05486	0.01827	0.00586	0.03150	0.02177
2	0.03440	0.15404	0.21824	0.03335	0.04657	0.05621	0.05661	0.07723	0.05491	0.04146	0.01083	0.03872	0.02181	0.02395	0.00541	0.00149	0.04485	0.00425	0.00287	0.07279
3	0.04467	0.20848	0.09588	0.03738	0.07148	0.03126	0.05090	0.11410	0.05906	0.13221	0.01308	0.01374	0.04730	0.00651	0.03429	0.00163	0.00553	0.00430	0.02140	0.00679
4	0.00789	0.03293	0.00705	0.00678	0.00785	0.03515	0.00490	0.00988	0.05617	0.03952	0.13096	0.39200	0.10917	0.05256	0.00652	0.00186	0.00319	0.02434	0.06675	0.00454
5	0.03054	0.03814	0.12393	0.09999	0.20354	0.00988	0.04645	0.03046	0.05791	0.01497	0.01410	0.17891	0.02920	0.00792	0.02498	0.00176	0.04123	0.00630	0.01765	0.02213
6	0.01168	0.09545	0.15530	0.08765	0.10970	0.03114	0.09096	0.04566	0.04895	0.07212	0.02556	0.01339	0.00914	0.00756	0.06956	0.00196	0.02927	0.00437	0.06890	0.02170
7	0.02828	0.01043	0.01105	0.09048	0.02591	0.15023	0.03406	0.09527	0.03085	0.10780	0.05702	0.18604	0.03025	0.00902	0.03527	0.00180	0.03133	0.00660	0.05257	0.00573
8	0.00625	0.00499	0.00571	0.00649	0.00717	0.02991	0.00446	0.00720	0.00985	0.01253	0.03148	0.61256	0.21540	0.01415	0.00602	0.00187	0.00292	0.01258	0.00443	0.00403
9	0.02539	0.01041	0.01326	0.14999	0.14857	0.08296	0.03528	0.09180	0.06088	0.13598	0.01298	0.01461	0.02819	0.00702	0.03527	0.03102	0.02067	0.00458	0.08471	0.00642
10	0.01437	0.01249	0.01409	0.26113	0.09711	0.20228	0.03526	0.05659	0.01225	0.15691	0.01116	0.03226	0.00851	0.00543	0.00499	0.00148	0.02545	0.00441	0.03751	0.00630
11	0.00915	0.00861	0.01453	0.81804	0.03338	0.01077	0.01346	0.01238	0.00969	0.01238	0.00861	0.01292	0.00646	0.00484	0.00484	0.00161	0.00646	0.00431	0.00215	0.00538
12	0.86392	0.00937	0.00712	0.00637	0.00937	0.01087	0.00525	0.01425	0.00825	0.02174	0.00675	0.00787	0.00525	0.00450	0.00300	0.00150	0.00375	0.00262	0.00300	0.00525
13	0.01039	0.00889	0.01038	0.00757	0.01167	0.00717	0.00607	0.03731	0.03080	0.01624	0.00892	0.01033	0.00738	0.00391	0.00409	0.00081	0.03159	0.00303	0.00296	0.78050
14	0.01363	0.72809	0.02394	0.00876	0.01277	0.08132	0.00842	0.05310	0.01080	0.01239	0.00704	0.00804	0.00632	0.00430	0.00330	0.00107	0.00547	0.00272	0.00224	0.00627
15	0.01317	0.02812	0.03259	0.02973	0.01214	0.01051	0.00787	0.23170	0.04662	0.10885	0.05484	0.03854	0.01222	0.02967	0.07989	0.02474	0.13235	0.00504	0.09514	0.00625
16	0.03451	0.03000	0.01351	0.01119	0.04222	0.01010	0.13528	0.21923	0.06483	0.03739	0.02965	0.16475	0.06124	0.09630	0.00759	0.00196	0.02330	0.00700	0.00393	0.00605
17	0.30276	0.04072	0.01406	0.04756	0.07483	0.13563	0.13130	0.06868	0.01141	0.05649	0.01081	0.01216	0.04490	0.00506	0.00423	0.00146	0.00559	0.00404	0.02231	0.00602
18	0.01227	0.09512	0.11942	0.05366	0.03245	0.02467	0.12274	0.13658	0.11761	0.05673	0.05805	0.01579	0.01171	0.07149	0.02786	0.00190	0.00574	0.00493	0.02475	0.00653
19	0.00957	0.00838	0.03024	0.04184	0.13082	0.02915	0.03549	0.04802	0.03745	0.03973	0.08843	0.20123	0.07909	0.04153	0.05222	0.01406	0.08009	0.00751	0.01975	0.00541
20	0.01077	0.05197	0.12421	0.04091	0.09762	0.03615	0.10431	0.02859	0.11880	0.05042	0.09243	0.06219	0.05518	0.03740	0.00634	0.02303	0.02389	0.00582	0.02386	0.00614

[dist]
# distance from previous block
# <min> <max>
1	115

[block]
# block no. 2 follows, 52 sequences, length 15
# corresponding to MSA columns:
# 535-549
name=unknown_C
#
# <colnr> <probs for GDERKNQSTAVLIFYWHMCP>
#	G	D	E	R	K	N	Q	S	T	A	V	L	I	F	Y	W	H	M	C	P
0	0.05798	0.02705	0.00905	0.02430	0.05058	0.00709	0.00622	0.04454	0.01026	0.12582	0.07799	0.09452	0.06424	0.08303	0.13088	0.10069	0.03570	0.02066	0.02440	0.00499
1	0.03388	0.01226	0.11894	0.04670	0.04652	0.07214	0.07151	0.04481	0.07670	0.03812	0.05959	0.04846	0.01191	0.05931	0.03798	0.01836	0.17595	0.00516	0.01588	0.00582
2	0.06468	0.00504	0.00593	0.00632	0.00730	0.00482	0.00456	0.00882	0.01001	0.04652	0.07826	0.38356	0.13889	0.06960	0.00689	0.00197	0.00303	0.06278	0.08673	0.00429
3	0.01045	0.04086	0.05338	0.03029	0.03476	0.03072	0.08910	0.10740	0.08614	0.01605	0.03345	0.19746	0.01529	0.04018	0.05871	0.00218	0.09929	0.00684	0.04174	0.00572
4	0.00733	0.00510	0.00594	0.00608	0.00643	0.00520	0.00388	0.00865	0.06286	0.01114	0.01773	0.13994	0.01974	0.56862	0.04098	0.00396	0.00454	0.05430	0.02400	0.00358
5	0.01217	0.00887	0.03223	0.02177	0.03179	0.00914	0.00716	0.15487	0.12037	0.12390	0.06714	0.05952	0.05444	0.15725	0.05553	0.00253	0.06503	0.00611	0.00415	0.00603
6	0.40842	0.01039	0.01036	0.00836	0.01180	0.01126	0.00690	0.25148	0.01401	0.20723	0.01114	0.01104	0.00774	0.00525	0.00400	0.00149	0.00432	0.00368	0.00427	0.00686
7	0.01515	0.01039	0.01241	0.01013	0.01280	0.01156	0.02381	0.27514	0.16648	0.16305	0.01408	0.01518	0.01065	0.04994	0.03260	0.02490	0.11327	0.00485	0.02658	0.00705
8	0.00741	0.00622	0.03687	0.00666	0.00821	0.00547	0.00529	0.02744	0.06436	0.01864	0.58992	0.07207	0.11312	0.00988	0.00563	0.00156	0.00268	0.00863	0.00505	0.00488
9	0.00590	0.00422	0.00562	0.00675	0.00703	0.00394	0.00450	0.00675	0.00928	0.01237	0.02671	0.82653	0.03205	0.01518	0.00619	0.00197	0.00281	0.01378	0.00450	0.00394
10	0.03171	0.01002	0.01481	0.06274	0.01513	0.01148	0.12675	0.16255	0.01160	0.09115	0.00965	0.01258	0.00777	0.00825	0.01071	0.15697	0.24276	0.00451	0.00309	0.00577
11	0.00687	0.00540	0.00814	0.00843	0.00919	0.00533	0.06396	0.00821	0.00970	0.01296	0.02437	0.59154	0.02834	0.01373	0.00666	0.00200	0.03873	0.14792	0.00424	0.00429
12	0.00963	0.00954	0.01746	0.65227	0.03170	0.01108	0.17316	0.01303	0.01005	0.01303	0.00886	0.01295	0.00665	0.00469	0.00503	0.00162	0.00682	0.00460	0.00222	0.00562
13	0.80391	0.00963	0.00863	0.00736	0.01049	0.01097	0.05992	0.01433	0.00847	0.02130	0.00696	0.00824	0.00540	0.00447	0.00319	0.00151	0.00406	0.00284	0.00296	0.00534
14	0.02479	0.12008	0.09153	0.05138	0.02815	0.03381	0.06580	0.10136	0.05722	0.04159	0.07533	0.06310	0.05760	0.00616	0.00458	0.00136	0.00481	0.00517	0.02415	0.14203

[dist]
# distance from previous block
# <min> <max>
0	3

[block]
# block no. 3 follows, 52 sequences, length 8
# corresponding to MSA columns:
# 556-563
name=unknown_D
#
# <colnr> <probs for GDERKNQSTAVLIFYWHMCP>
#	G	D	E	R	K	N	Q	S	T	A	V	L	I	F	Y	W	H	M	C	P
0	0.00754	0.00591	0.00716	0.00671	0.00848	0.00519	0.00501	0.00961	0.04154	0.01501	0.17394	0.25048	0.11798	0.04980	0.00627	0.00167	0.00311	0.06113	0.00419	0.21927
1	0.03894	0.00963	0.02649	0.00913	0.01175	0.03176	0.04510	0.05944	0.39712	0.05364	0.06381	0.04094	0.09433	0.00712	0.00488	0.00156	0.00393	0.00599	0.08785	0.00659
2	0.01155	0.00981	0.03073	0.15373	0.09046	0.05519	0.06203	0.04758	0.04886	0.09364	0.10888	0.03729	0.03479	0.00609	0.00484	0.00141	0.00491	0.02447	0.03102	0.14272
3	0.01218	0.01313	0.02710	0.01943	0.02423	0.01255	0.69940	0.09746	0.01265	0.01713	0.01000	0.01292	0.00745	0.00427	0.00563	0.00161	0.00787	0.00557	0.00271	0.00672
4	0.01005	0.00861	0.01005	0.00718	0.01148	0.00646	0.00574	0.01220	0.01005	0.01579	0.00861	0.01005	0.00718	0.00359	0.00359	0.00072	0.00359	0.00287	0.00287	0.85932
5	0.00875	0.00587	0.00732	0.00715	0.00822	0.00588	0.00522	0.07066	0.01108	0.07779	0.12411	0.32033	0.09810	0.13183	0.03026	0.00237	0.03958	0.03647	0.00437	0.00466
6	0.00912	0.03266	0.15052	0.06411	0.02801	0.00851	0.10539	0.06338	0.04338	0.01600	0.13761	0.10055	0.13705	0.05522	0.00637	0.00177	0.00477	0.00702	0.02299	0.00557
7	0.05951	0.46149	0.05907	0.01064	0.06800	0.06232	0.00914	0.10572	0.05868	0.05165	0.00897	0.00972	0.00728	0.00467	0.00376	0.00123	0.00534	0.00328	0.00284	0.00670

[dist]
# distance from previous block
# <min> <max>
0	10

[block]
# block no. 4 follows, 52 sequences, length 16
# corresponding to MSA columns:
# 574-584,587-591
name=unknown_E
#
# <colnr> <probs for GDERKNQSTAVLIFYWHMCP>
#	G	D	E	R	K	N	Q	S	T	A	V	L	I	F	Y	W	H	M	C	P
0	0.11535	0.16621	0.04717	0.03632	0.07078	0.11053	0.03347	0.14376	0.11205	0.03232	0.01013	0.01142	0.00805	0.02211	0.00518	0.00148	0.04418	0.00385	0.00320	0.02246
1	0.46149	0.09369	0.06809	0.11821	0.01487	0.04147	0.05470	0.01450	0.00937	0.03928	0.00805	0.00970	0.00621	0.00460	0.00366	0.00145	0.00491	0.00326	0.03684	0.00564
2	0.08973	0.04583	0.01199	0.01002	0.01245	0.32424	0.00775	0.18261	0.03784	0.01715	0.01073	0.04725	0.00940	0.07044	0.04223	0.00192	0.02265	0.00434	0.04559	0.00585
3	0.00672	0.00512	0.00611	0.00601	0.00728	0.00473	0.00448	0.00906	0.04874	0.01667	0.42141	0.12382	0.26861	0.01102	0.00571	0.00162	0.00251	0.02408	0.02181	0.00450
4	0.00610	0.00433	0.00553	0.00641	0.00670	0.00408	0.00419	0.00681	0.00897	0.01188	0.02570	0.65207	0.06378	0.15805	0.00941	0.00243	0.00313	0.01244	0.00422	0.00377
5	0.03641	0.00546	0.00726	0.00695	0.00827	0.00517	0.05352	0.01020	0.01037	0.07241	0.07163	0.32747	0.09140	0.02833	0.00557	0.00168	0.00314	0.02208	0.22801	0.00465
6	0.00793	0.00446	0.00637	0.00637	0.00651	0.00460	0.00429	0.00682	0.00668	0.00905	0.01037	0.01842	0.01064	0.16304	0.14904	0.56986	0.00573	0.00487	0.00233	0.00261
7	0.01810	0.02310	0.01373	0.01248	0.01498	0.81024	0.00936	0.01935	0.01373	0.01186	0.00749	0.00874	0.00624	0.00499	0.00437	0.00125	0.00874	0.00312	0.00250	0.00562
8	0.86392	0.00937	0.00712	0.00637	0.00937	0.01087	0.00525	0.01425	0.00825	0.02174	0.00675	0.00787	0.00525	0.00450	0.00300	0.00150	0.00375	0.00262	0.00300	0.00525
9	0.01069	0.23391	0.54360	0.01288	0.01909	0.01339	0.07309	0.01514	0.01022	0.01434	0.00827	0.00981	0.00625	0.00445	0.00430	0.00141	0.00672	0.00349	0.00208	0.00687
10	0.00931	0.00553	0.00665	0.00615	0.00796	0.00481	0.00468	0.01086	0.01202	0.17766	0.20591	0.12801	0.38040	0.01079	0.00560	0.00162	0.00280	0.00921	0.00499	0.00504
11	0.00735	0.00464	0.00580	0.00580	0.00589	0.00474	0.00357	0.00706	0.00696	0.00938	0.01346	0.02644	0.01491	0.55691	0.11018	0.19962	0.00550	0.00620	0.00271	0.00290
12	0.22645	0.14788	0.05428	0.06228	0.09398	0.15276	0.04932	0.07773	0.01153	0.05391	0.00862	0.01028	0.00684	0.01988	0.00441	0.00144	0.00579	0.00352	0.00286	0.00623
13	0.47716	0.00882	0.03975	0.00738	0.01002	0.00902	0.04037	0.01302	0.05852	0.01867	0.06393	0.05780	0.11187	0.00720	0.00474	0.03826	0.00382	0.02105	0.00346	0.00513
14	0.07059	0.08904	0.07249	0.07552	0.02837	0.04707	0.00749	0.06669	0.01136	0.03142	0.08111	0.20482	0.13313	0.00882	0.00499	0.00157	0.00424	0.02000	0.02340	0.01788
15	0.13384	0.10062	0.08603	0.01297	0.12258	0.01116	0.09409	0.06003	0.01057	0.04984	0.01049	0.07376	0.00918	0.00620	0.00596	0.03573	0.07647	0.00464	0.04108	0.05474

[dist]
# distance from previous block
# <min> <max>
2	22

[block]
# block no. 5 follows, 52 sequences, length 13
# corresponding to MSA columns:
# 614-626
name=unknown_F
#
# <colnr> <probs for GDERKNQSTAVLIFYWHMCP>
#	G	D	E	R	K	N	Q	S	T	A	V	L	I	F	Y	W	H	M	C	P
0	0.17799	0.05378	0.28874	0.01071	0.02790	0.02323	0.04013	0.05217	0.05621	0.06993	0.04361	0.01559	0.02814	0.00577	0.00446	0.00153	0.00529	0.05037	0.03805	0.00641
1	0.04824	0.01985	0.01309	0.01156	0.01426	0.60240	0.00883	0.12622	0.01465	0.04498	0.00887	0.00984	0.00699	0.00516	0.00436	0.00129	0.00761	0.00341	0.04237	0.00602
2	0.01296	0.83261	0.02539	0.00829	0.01244	0.01917	0.00829	0.01451	0.00985	0.01140	0.00674	0.00777	0.00622	0.00415	0.00311	0.00104	0.00518	0.00259	0.00207	0.00622
3	0.24079	0.00993	0.01008	0.00880	0.01178	0.01115	0.00699	0.04435	0.45395	0.12751	0.01595	0.01495	0.01168	0.00592	0.00441	0.00158	0.00389	0.00460	0.00456	0.00712
4	0.01144	0.02849	0.22194	0.04790	0.09306	0.04770	0.17120	0.06363	0.05974	0.04592	0.03433	0.03982	0.03079	0.03686	0.00607	0.00169	0.02650	0.02336	0.00302	0.00654
5	0.00912	0.00693	0.04504	0.05847	0.03834	0.00605	0.02217	0.02914	0.01167	0.09581	0.29049	0.07098	0.14974	0.06185	0.00785	0.07598	0.00365	0.00752	0.00427	0.00493
6	0.00616	0.00460	0.00571	0.00633	0.00712	0.00420	0.00451	0.00737	0.01040	0.01358	0.13492	0.44861	0.22414	0.03409	0.00651	0.00191	0.00282	0.06837	0.00457	0.00407
7	0.00866	0.00566	0.00689	0.00687	0.00773	0.00562	0.00481	0.08014	0.01013	0.06103	0.02090	0.28677	0.05594	0.29581	0.03360	0.02861	0.00420	0.06843	0.00396	0.00425
8	0.03088	0.15989	0.11401	0.11516	0.11367	0.10427	0.12657	0.03225	0.03039	0.04547	0.00914	0.01121	0.00720	0.00488	0.00519	0.00145	0.05672	0.00401	0.02123	0.00643
9	0.01129	0.00948	0.04501	0.04452	0.14768	0.00962	0.02395	0.11041	0.06103	0.07712	0.02998	0.15812	0.05087	0.00926	0.03402	0.00191	0.10277	0.04820	0.01860	0.00616
10	0.00606	0.00437	0.00576	0.00676	0.00720	0.00407	0.00467	0.00707	0.00967	0.01283	0.05925	0.70460	0.07199	0.01470	0.00617	0.00195	0.00288	0.06146	0.00453	0.00400
11	0.08166	0.06158	0.09063	0.03551	0.03074	0.01110	0.11540	0.15120	0.04043	0.09205	0.03293	0.09522	0.01157	0.00708	0.02129	0.00169	0.06640	0.00539	0.04171	0.00643
12	0.06415	0.06841	0.14067	0.07072	0.08154	0.05192	0.04938	0.14837	0.02472	0.09916	0.01228	0.08410	0.01041	0.02136	0.01998	0.00170	0.02156	0.01954	0.00342	0.00660

[dist]
# distance from previous block
# <min> <max>
2	21

[block]
# block no. 6 follows, 52 sequences, length 43
# corresponding to MSA columns:
# 648-690
name=unknown_G
#
# <colnr> <probs for GDERKNQSTAVLIFYWHMCP>
#	G	D	E	R	K	N	Q	S	T	A	V	L	I	F	Y	W	H	M	C	P
0	0.04313	0.15613	0.16450	0.06376	0.04564	0.07862	0.01039	0.06229	0.05784	0.19499	0.01170	0.02889	0.00875	0.00540	0.00479	0.00143	0.03316	0.00409	0.00344	0.02107
1	0.00638	0.00508	0.00571	0.00547	0.00697	0.00439	0.00406	0.00793	0.01163	0.01510	0.28975	0.06025	0.45493	0.05127	0.00656	0.00171	0.00257	0.00932	0.00462	0.04630
2	0.00878	0.00722	0.03952	0.02454	0.01042	0.02592	0.04403	0.01078	0.02761	0.07217	0.11355	0.35552	0.04286	0.03486	0.00608	0.00174	0.00376	0.05127	0.00417	0.11518
3	0.05109	0.19927	0.11640	0.01293	0.10872	0.06587	0.02354	0.23643	0.06085	0.01913	0.00992	0.02087	0.00787	0.00521	0.00465	0.00139	0.02990	0.00391	0.01502	0.00703
4	0.03078	0.00557	0.00691	0.00664	0.00800	0.00532	0.00494	0.01098	0.07009	0.07904	0.44066	0.20387	0.08748	0.01051	0.00562	0.00163	0.00271	0.00923	0.00506	0.00494
5	0.00620	0.00440	0.00558	0.00640	0.00672	0.00416	0.00422	0.00693	0.00896	0.01185	0.02553	0.58893	0.07267	0.18806	0.01010	0.00254	0.00324	0.03559	0.00417	0.00375
6	0.07181	0.02375	0.03697	0.13299	0.18356	0.01207	0.01057	0.30676	0.02593	0.08866	0.03463	0.03008	0.00960	0.00555	0.00474	0.00149	0.00526	0.00457	0.00379	0.00723
7	0.07184	0.06701	0.06382	0.11390	0.10076	0.01186	0.06705	0.21580	0.05738	0.07297	0.04078	0.02673	0.01027	0.00559	0.00470	0.00149	0.00530	0.02048	0.01809	0.02419
8	0.00595	0.00476	0.00533	0.00551	0.00677	0.00414	0.00401	0.00727	0.01109	0.01398	0.16751	0.21871	0.50286	0.01253	0.00583	0.00169	0.00251	0.01078	0.00464	0.00414
9	0.01209	0.04135	0.24714	0.12320	0.12699	0.07286	0.12553	0.05802	0.02516	0.05462	0.00966	0.01175	0.00727	0.00490	0.00527	0.00152	0.04257	0.00421	0.01914	0.00675
10	0.86392	0.00937	0.00712	0.00637	0.00937	0.01087	0.00525	0.01425	0.00825	0.02174	0.00675	0.00787	0.00525	0.00450	0.00300	0.00150	0.00375	0.00262	0.00300	0.00525
11	0.01003	0.00948	0.05190	0.00753	0.01198	0.00671	0.00638	0.01237	0.01006	0.01577	0.00862	0.01006	0.00712	0.00364	0.00364	0.00076	0.00378	0.00291	0.00283	0.81443
12	0.00771	0.00491	0.00677	0.02592	0.00735	0.00529	0.00462	0.00741	0.00701	0.00959	0.01170	0.02127	0.01225	0.29538	0.19906	0.33009	0.03273	0.00539	0.00250	0.00307
13	0.01986	0.00959	0.01177	0.00910	0.01270	0.00932	0.00749	0.25111	0.01629	0.51612	0.01664	0.01514	0.01090	0.00592	0.00476	0.00146	0.00436	0.00470	0.06479	0.00799
14	0.00699	0.00482	0.00557	0.00571	0.00619	0.00475	0.00367	0.00801	0.03069	0.01182	0.05723	0.16638	0.10581	0.44357	0.05118	0.00353	0.00418	0.00830	0.06799	0.00362
15	0.00617	0.00490	0.00554	0.00544	0.00683	0.00427	0.00406	0.00778	0.01200	0.01549	0.33390	0.07407	0.47944	0.01149	0.00574	0.00161	0.00240	0.00981	0.00482	0.00427
16	0.00679	0.00497	0.00677	0.00686	0.00751	0.00540	0.00496	0.00797	0.00794	0.01098	0.01715	0.08704	0.06970	0.23914	0.48783	0.00611	0.00931	0.00669	0.00296	0.00392
17	0.00714	0.00473	0.00662	0.00676	0.00724	0.00502	0.00480	0.00749	0.00765	0.01048	0.01573	0.12011	0.05580	0.14533	0.35008	0.22442	0.00770	0.00653	0.00285	0.00349
18	0.01208	0.35588	0.04626	0.03773	0.03489	0.04487	0.27769	0.01467	0.01036	0.01327	0.00818	0.01047	0.00681	0.00463	0.00540	0.00140	0.08255	0.00401	0.02264	0.00621
19	0.01358	0.08383	0.11384	0.07779	0.18828	0.02684	0.01054	0.06542	0.01196	0.20178	0.01356	0.10928	0.01129	0.00620	0.00475	0.00148	0.00511	0.00528	0.02500	0.02420
20	0.01229	0.00941	0.02915	0.08967	0.04554	0.03656	0.00777	0.19720	0.03870	0.09703	0.10188	0.11533	0.08230	0.00757	0.00500	0.00149	0.00432	0.00637	0.04091	0.07152
21	0.03539	0.01608	0.18191	0.05994	0.02645	0.13550	0.03251	0.23927	0.06533	0.03358	0.01046	0.02436	0.00809	0.00661	0.02932	0.00172	0.07908	0.00424	0.00330	0.00683
22	0.07348	0.03036	0.07330	0.11141	0.10039	0.15121	0.07801	0.16278	0.01291	0.03243	0.00904	0.01133	0.00715	0.01984	0.00634	0.00159	0.10498	0.00408	0.00292	0.00646
23	0.01063	0.00934	0.01372	0.14935	0.19957	0.01017	0.05306	0.07338	0.15056	0.01667	0.04435	0.08497	0.04729	0.00755	0.02488	0.00176	0.03662	0.02246	0.03734	0.00632
24	0.00607	0.00447	0.00569	0.00642	0.00707	0.00410	0.00447	0.00722	0.01025	0.01355	0.14006	0.56645	0.15669	0.01391	0.00606	0.00186	0.00273	0.03425	0.00462	0.00407
25	0.00760	0.00473	0.00702	0.00702	0.00746	0.00517	0.00509	0.00753	0.00709	0.00990	0.01103	0.01765	0.01069	0.06171	0.42120	0.38994	0.00868	0.00483	0.00239	0.00327
26	0.00706	0.00479	0.00574	0.00573	0.00593	0.00493	0.00353	0.00747	0.00743	0.01018	0.03708	0.02936	0.01735	0.65179	0.15974	0.00507	0.00601	0.00672	0.02083	0.00326
27	0.68917	0.00956	0.00874	0.00742	0.01052	0.01078	0.04365	0.05456	0.02816	0.05610	0.00834	0.00933	0.00630	0.00470	0.00337	0.00149	0.00401	0.00310	0.03508	0.00563
28	0.00905	0.00846	0.01420	0.76174	0.04809	0.01045	0.01305	0.01216	0.00970	0.01245	0.00951	0.05284	0.00774	0.00534	0.00491	0.00163	0.00627	0.00477	0.00227	0.00536
29	0.01296	0.83261	0.02539	0.00829	0.01244	0.01917	0.00829	0.01451	0.00985	0.01140	0.00674	0.00777	0.00622	0.00415	0.00311	0.00104	0.00518	0.00259	0.00207	0.00622
30	0.01127	0.00706	0.00919	0.13320	0.02461	0.00692	0.00659	0.05334	0.01117	0.16128	0.05511	0.03953	0.08297	0.11330	0.04031	0.00206	0.00443	0.00561	0.11514	0.11690
31	0.00643	0.00465	0.00562	0.00616	0.00663	0.00445	0.00405	0.00740	0.02665	0.01173	0.02583	0.41824	0.13531	0.27011	0.02919	0.00290	0.00362	0.02330	0.00398	0.00375
32	0.82242	0.00958	0.00749	0.00661	0.00965	0.01108	0.00544	0.05200	0.00896	0.02217	0.00699	0.00806	0.00540	0.00456	0.00309	0.00150	0.00383	0.00271	0.00309	0.00540
33	0.00930	0.00877	0.01481	0.77652	0.07373	0.01081	0.01353	0.01251	0.00976	0.01256	0.00864	0.01287	0.00652	0.00482	0.00484	0.00161	0.00642	0.00431	0.00217	0.00550
34	0.01031	0.01048	0.01445	0.68725	0.03030	0.10941	0.01284	0.01321	0.01010	0.01229	0.00839	0.01231	0.00643	0.00501	0.00522	0.00159	0.03865	0.00416	0.00219	0.00541
35	0.01842	0.01357	0.01454	0.01115	0.01503	0.01503	0.00921	0.78330	0.02278	0.03054	0.01163	0.01163	0.00824	0.00582	0.00485	0.00145	0.00533	0.00436	0.00485	0.00824
36	0.00590	0.00422	0.00562	0.00675	0.00703	0.00394	0.00450	0.00675	0.00928	0.01237	0.02671	0.82653	0.03205	0.01518	0.00619	0.00197	0.00281	0.01378	0.00450	0.00394
37	0.00620	0.00436	0.00568	0.00661	0.00707	0.00408	0.00455	0.00729	0.00976	0.01324	0.07698	0.67189	0.06028	0.01415	0.00601	0.00189	0.00280	0.04367	0.04944	0.00404
38	0.00796	0.00620	0.02926	0.05589	0.02678	0.00589	0.03640	0.02742	0.02513	0.01346	0.14070	0.13867	0.10334	0.01438	0.08964	0.22482	0.00478	0.02218	0.02294	0.00417
39	0.09830	0.01201	0.06925	0.03084	0.16108	0.06583	0.04812	0.07942	0.01057	0.01575	0.00969	0.06402	0.00877	0.00801	0.04735	0.00198	0.23510	0.00472	0.02315	0.00605
40	0.02330	0.02287	0.04279	0.10413	0.04807	0.00753	0.03221	0.06384	0.01027	0.01402	0.04802	0.17365	0.10866	0.09963	0.00912	0.08838	0.03479	0.00716	0.01490	0.04666
41	0.02375	0.18125	0.05473	0.01083	0.05302	0.11259	0.04639	0.12852	0.03595	0.03442	0.03413	0.01297	0.03428	0.03303	0.00516	0.00135	0.02290	0.00402	0.00311	0.16760
42	0.10856	0.06832	0.07804	0.01038	0.01374	0.11822	0.09848	0.06472	0.09204	0.08806	0.04071	0.03093	0.05909	0.00626	0.00490	0.01965	0.00529	0.02215	0.03104	0.03941

[dist]
# distance from previous block
# <min> <max>
9	74

[block]
# block no. 7 follows, 52 sequences, length 6
# corresponding to MSA columns:
# 796-801
name=unknown_H
#
# <colnr> <probs for GDERKNQSTAVLIFYWHMCP>
#	G	D	E	R	K	N	Q	S	T	A	V	L	I	F	Y	W	H	M	C	P
0	0.04491	0.05842	0.05867	0.04032	0.14865	0.08546	0.00923	0.07967	0.04525	0.05305	0.01363	0.16255	0.01300	0.00991	0.07790	0.00211	0.03581	0.02084	0.00333	0.03729
1	0.13182	0.03566	0.14138	0.02668	0.06649	0.04035	0.06914	0.10410	0.06537	0.05071	0.03502	0.01464	0.03831	0.04699	0.03949	0.00189	0.02769	0.00451	0.00325	0.05653
2	0.00843	0.00569	0.00676	0.00677	0.00735	0.03374	0.00474	0.03656	0.03076	0.01181	0.05273	0.11879	0.05053	0.17874	0.01457	0.32881	0.00415	0.07245	0.02319	0.00345
3	0.00989	0.04410	0.10624	0.08086	0.06782	0.00949	0.08794	0.07391	0.05136	0.03078	0.09200	0.08463	0.13426	0.02536	0.03485	0.00189	0.04878	0.00653	0.00349	0.00582
4	0.01072	0.09813	0.62919	0.06838	0.02051	0.01171	0.01605	0.01557	0.01038	0.06281	0.00914	0.01057	0.00653	0.00466	0.00450	0.00149	0.00674	0.00362	0.00230	0.00702
5	0.00653	0.00460	0.00575	0.00609	0.00692	0.00424	0.00433	0.00808	0.01120	0.01559	0.31240	0.37029	0.12297	0.01201	0.00570	0.00169	0.00253	0.01066	0.08418	0.00424

[dist]
# distance from previous block
# <min> <max>
1	4

[block]
# block no. 8 follows, 52 sequences, length 11
# corresponding to MSA columns:
# 806-816
name=unknown_I
#
# <colnr> <probs for GDERKNQSTAVLIFYWHMCP>
#	G	D	E	R	K	N	Q	S	T	A	V	L	I	F	Y	W	H	M	C	P
0	0.06740	0.16531	0.01302	0.00918	0.04238	0.06161	0.00721	0.16535	0.04676	0.01776	0.03004	0.08409	0.06251	0.00770	0.03501	0.00161	0.02730	0.00510	0.08669	0.06396
1	0.69824	0.01008	0.00813	0.00715	0.01001	0.04280	0.00584	0.06922	0.00960	0.02120	0.00894	0.00996	0.03967	0.00511	0.00382	0.00152	0.03698	0.00316	0.00314	0.00543
2	0.00630	0.00493	0.00553	0.00569	0.00692	0.00444	0.00412	0.00803	0.03892	0.01414	0.15079	0.22637	0.43291	0.03695	0.00631	0.00178	0.00263	0.01042	0.02862	0.00423
3	0.00763	0.00562	0.00761	0.03770	0.00879	0.00630	0.00551	0.03950	0.00830	0.01149	0.01448	0.02289	0.04436	0.26371	0.42706	0.04355	0.03287	0.00580	0.00281	0.00404
4	0.01125	0.00957	0.07298	0.10308	0.06187	0.00899	0.03231	0.14479	0.06931	0.05470	0.10275	0.01998	0.03627	0.02412	0.03557	0.00179	0.00481	0.04012	0.15970	0.00607
5	0.00684	0.00481	0.00595	0.00626	0.00711	0.00454	0.00446	0.00801	0.00997	0.03398	0.11476	0.28225	0.20248	0.14509	0.07189	0.00272	0.00390	0.06042	0.02049	0.00407
6	0.01408	0.39018	0.08502	0.01179	0.08553	0.10260	0.00995	0.12001	0.01221	0.04845	0.00841	0.00958	0.00690	0.00483	0.00458	0.00127	0.05221	0.00333	0.00271	0.02637
7	0.00697	0.00491	0.00672	0.00704	0.00782	0.00457	0.03547	0.00808	0.00977	0.04066	0.05919	0.53256	0.10228	0.09022	0.00774	0.00213	0.00324	0.03879	0.02767	0.00417
8	0.13421	0.08314	0.01520	0.02779	0.15491	0.13424	0.08177	0.08254	0.07587	0.06149	0.05728	0.04876	0.01113	0.00564	0.00455	0.00145	0.00550	0.00469	0.00336	0.00648
9	0.01336	0.17987	0.05902	0.08337	0.05087	0.05459	0.06611	0.12321	0.09071	0.08981	0.02468	0.02504	0.00966	0.00687	0.03975	0.00172	0.04183	0.01377	0.00334	0.02242
10	0.05497	0.04800	0.06037	0.01032	0.06041	0.09725	0.00804	0.15502	0.03605	0.04774	0.06749	0.09852	0.06029	0.01947	0.00603	0.02314	0.05325	0.00565	0.05153	0.03644

[dist]
# distance from previous block
# <min> <max>
4	25

[block]
# block no. 9 follows, 52 sequences, length 6
# corresponding to MSA columns:
# 842-847
name=unknown_J
#
# <colnr> <probs for GDERKNQSTAVLIFYWHMCP>
#	G	D	E	R	K	N	Q	S	T	A	V	L	I	F	Y	W	H	M	C	P
0	0.05107	0.00726	0.00883	0.04302	0.01001	0.04236	0.00652	0.01018	0.02925	0.01312	0.08708	0.12260	0.05524	0.10716	0.20364	0.00355	0.16185	0.00661	0.02609	0.00456
1	0.01068	0.07292	0.08676	0.00878	0.01302	0.00875	0.03967	0.06700	0.03784	0.01637	0.01030	0.06340	0.00897	0.00476	0.00404	0.00102	0.00432	0.00394	0.00303	0.53443
2	0.00892	0.00544	0.00751	0.03385	0.00828	0.00581	0.00520	0.06812	0.00819	0.01099	0.01147	0.04224	0.03903	0.06373	0.08447	0.55378	0.03223	0.00500	0.00258	0.00317
3	0.07307	0.01020	0.03893	0.05675	0.13252	0.01019	0.07944	0.09135	0.13182	0.09068	0.01602	0.07981	0.06350	0.00670	0.00539	0.00158	0.03813	0.02191	0.00375	0.04827
4	0.06518	0.03534	0.05433	0.06209	0.04823	0.08431	0.08074	0.06871	0.05625	0.08085	0.01237	0.08639	0.01087	0.03951	0.07397	0.02109	0.07212	0.00524	0.01679	0.02562
5	0.09092	0.09231	0.03099	0.03558	0.03721	0.05110	0.00750	0.13898	0.05144	0.03695	0.06368	0.09498	0.04642	0.00748	0.02214	0.00155	0.02351	0.02510	0.02497	0.11718

[dist]
# distance from previous block
# <min> <max>
7	225

[block]
# block no. 10 follows, 52 sequences, length 16
# corresponding to MSA columns:
# 1114-1129
name=unknown_K
#
# <colnr> <probs for GDERKNQSTAVLIFYWHMCP>
#	G	D	E	R	K	N	Q	S	T	A	V	L	I	F	Y	W	H	M	C	P
0	0.04081	0.08247	0.09428	0.00981	0.01271	0.04945	0.03400	0.12865	0.05403	0.06798	0.03902	0.06511	0.05807	0.03574	0.01875	0.00179	0.07211	0.08225	0.01666	0.03630
1	0.00969	0.05826	0.07267	0.01029	0.06358	0.04005	0.03994	0.03077	0.06459	0.04117	0.08161	0.11756	0.10499	0.01164	0.08058	0.04880	0.03439	0.06142	0.00359	0.02442
2	0.01199	0.03267	0.09309	0.04613	0.20093	0.04548	0.06888	0.16133	0.04194	0.01767	0.03287	0.05557	0.04970	0.02564	0.00597	0.02213	0.02129	0.02861	0.00328	0.03484
3	0.05380	0.03904	0.09181	0.03407	0.10670	0.12945	0.04354	0.09188	0.06762	0.09293	0.03546	0.03053	0.01017	0.00633	0.02610	0.00158	0.02026	0.01805	0.00338	0.09732
4	0.01275	0.00933	0.04293	0.06471	0.01299	0.04041	0.01943	0.08722	0.07085	0.18910	0.10038	0.13494	0.02909	0.02755	0.00637	0.00165	0.06737	0.00640	0.02192	0.05461
5	0.00964	0.02769	0.00831	0.02508	0.00930	0.00580	0.02171	0.02650	0.01258	0.13611	0.38026	0.14042	0.08141	0.00948	0.00542	0.00156	0.00309	0.02710	0.04288	0.02568
6	0.05521	0.16751	0.10716	0.06284	0.03350	0.08986	0.12103	0.05945	0.03150	0.08683	0.01117	0.03277	0.02628	0.00566	0.00550	0.00150	0.07413	0.01876	0.00298	0.00637
7	0.11732	0.02991	0.07259	0.10805	0.05323	0.04020	0.17192	0.06731	0.06669	0.06166	0.03188	0.01518	0.04426	0.00557	0.00509	0.00154	0.03077	0.01794	0.03716	0.02174
8	0.03655	0.00492	0.00611	0.00641	0.00712	0.00468	0.00434	0.00866	0.00964	0.07390	0.11367	0.43364	0.04924	0.20614	0.01028	0.00250	0.00332	0.01043	0.00429	0.00416
9	0.00814	0.00812	0.07695	0.07537	0.07381	0.02279	0.00761	0.01038	0.02970	0.04016	0.04380	0.20326	0.24731	0.01249	0.07619	0.00223	0.02634	0.02656	0.00374	0.00504
10	0.01245	0.18019	0.07945	0.04189	0.08407	0.04641	0.08298	0.07787	0.03207	0.07466	0.03074	0.01475	0.04019	0.02717	0.02888	0.00174	0.09629	0.01631	0.02556	0.00632
11	0.01079	0.07152	0.02868	0.04845	0.03071	0.00872	0.04022	0.04555	0.02769	0.12960	0.18333	0.15606	0.08133	0.00880	0.00657	0.00164	0.10325	0.00730	0.00414	0.00565
12	0.00653	0.06827	0.00725	0.00696	0.00758	0.00519	0.00494	0.00749	0.00941	0.01239	0.02512	0.72879	0.02987	0.01425	0.00597	0.00191	0.00307	0.04656	0.00431	0.00414
13	0.02728	0.04188	0.06940	0.10846	0.09750	0.06834	0.09826	0.15763	0.01319	0.04181	0.07370	0.06371	0.05208	0.00698	0.02084	0.00165	0.02598	0.00549	0.01952	0.00629
14	0.04532	0.05327	0.29981	0.07266	0.11462	0.11927	0.06211	0.04134	0.02770	0.08085	0.03177	0.01188	0.00825	0.00493	0.00463	0.00147	0.00648	0.00404	0.00279	0.00680
15	0.01859	0.01178	0.01367	0.07281	0.01574	0.01260	0.00898	0.52195	0.01940	0.23429	0.01339	0.01302	0.00910	0.00579	0.00485	0.00148	0.00510	0.00449	0.00495	0.00802

[dist]
# distance from previous block
# <min> <max>
0	1

[block]
# block no. 11 follows, 52 sequences, length 10
# corresponding to MSA columns:
# 1131-1140
name=unknown_L
#
# <colnr> <probs for GDERKNQSTAVLIFYWHMCP>
#	G	D	E	R	K	N	Q	S	T	A	V	L	I	F	Y	W	H	M	C	P
0	0.00654	0.00485	0.00611	0.00610	0.00719	0.00442	0.00453	0.00840	0.01242	0.01696	0.50750	0.16690	0.17690	0.01132	0.00583	0.00164	0.00249	0.04048	0.00501	0.00438
1	0.01179	0.00965	0.04468	0.20957	0.13382	0.00995	0.05373	0.03836	0.06846	0.12396	0.01346	0.04680	0.01147	0.00715	0.00666	0.03733	0.07422	0.08936	0.00336	0.00621
2	0.01116	0.02369	0.03763	0.30837	0.15857	0.03170	0.01073	0.03544	0.02593	0.10558	0.04810	0.12773	0.02705	0.00670	0.00501	0.00157	0.00523	0.00591	0.00330	0.02058
3	0.07242	0.00885	0.01430	0.71008	0.07830	0.01082	0.01294	0.01267	0.00967	0.01328	0.00851	0.01249	0.00644	0.00479	0.00471	0.00160	0.00622	0.00418	0.00223	0.00551
4	0.00842	0.00797	0.06709	0.00788	0.01012	0.00680	0.03838	0.02915	0.13534	0.01780	0.34173	0.08925	0.11580	0.00877	0.00530	0.00153	0.00334	0.00765	0.04027	0.05741
5	0.07961	0.04405	0.02404	0.04308	0.06847	0.02536	0.12802	0.10077	0.09871	0.10226	0.03306	0.14885	0.01390	0.03389	0.00582	0.00170	0.01927	0.00625	0.01659	0.00630
6	0.02823	0.05326	0.01318	0.03162	0.04767	0.21173	0.05381	0.05502	0.06019	0.03047	0.01233	0.09595	0.01141	0.02380	0.02425	0.00176	0.12759	0.03206	0.08000	0.00566
7	0.07249	0.00821	0.01023	0.00921	0.02762	0.03714	0.06535	0.06040	0.03512	0.03776	0.07020	0.14520	0.20300	0.01025	0.03497	0.00189	0.09743	0.02868	0.00384	0.04100
8	0.01278	0.00999	0.04458	0.04814	0.01353	0.02065	0.01841	0.06771	0.10969	0.14981	0.02547	0.02699	0.01015	0.02149	0.00548	0.00132	0.05595	0.00423	0.00373	0.34990
9	0.01097	0.04072	0.06356	0.13332	0.04683	0.06836	0.08806	0.07594	0.05550	0.03289	0.04334	0.03593	0.10405	0.02977	0.01523	0.00159	0.00530	0.00534	0.03904	0.10427

[dist]
# distance from previous block
# <min> <max>
2	83

[block]
# block no. 12 follows, 52 sequences, length 28
# corresponding to MSA columns:
# 1231-1258
name=unknown_M
#
# <colnr> <probs for GDERKNQSTAVLIFYWHMCP>
#	G	D	E	R	K	N	Q	S	T	A	V	L	I	F	Y	W	H	M	C	P
0	0.04709	0.03495	0.08373	0.15932	0.11202	0.05250	0.04331	0.09670	0.08911	0.05390	0.01058	0.01238	0.00812	0.00526	0.00545	0.00148	0.07082	0.00417	0.03888	0.07022
1	0.01212	0.09287	0.09031	0.05480	0.16621	0.09707	0.05547	0.04263	0.01073	0.04960	0.01088	0.03667	0.03665	0.03771	0.00758	0.00167	0.16296	0.00460	0.00270	0.02676
2	0.03448	0.00923	0.01091	0.00866	0.01190	0.00910	0.00700	0.21069	0.08439	0.30164	0.12288	0.01763	0.01544	0.02260	0.00518	0.00148	0.00405	0.00512	0.02490	0.09273
3	0.01200	0.02824	0.02915	0.23433	0.23391	0.11360	0.01139	0.05008	0.01125	0.02723	0.00897	0.01155	0.00719	0.00473	0.00493	0.00136	0.03815	0.00389	0.02410	0.14396
4	0.00654	0.00492	0.00607	0.00606	0.00717	0.00452	0.00444	0.00857	0.03104	0.01660	0.45490	0.20126	0.20714	0.01143	0.00580	0.00164	0.00247	0.01004	0.00497	0.00441
5	0.21401	0.00837	0.00994	0.00801	0.01135	0.00802	0.00661	0.04144	0.01254	0.53213	0.01621	0.01613	0.01106	0.00596	0.00446	0.00151	0.00400	0.03787	0.04316	0.00722
6	0.00637	0.00493	0.00579	0.00558	0.00694	0.00436	0.00418	0.00819	0.01255	0.01667	0.47091	0.04075	0.37344	0.01094	0.00572	0.00157	0.00236	0.00940	0.00497	0.00436
7	0.00590	0.00422	0.00562	0.00675	0.00703	0.00394	0.00450	0.00675	0.00928	0.01237	0.02671	0.82653	0.03205	0.01518	0.00619	0.00197	0.00281	0.01378	0.00450	0.00394
8	0.00704	0.00474	0.00551	0.00551	0.00558	0.00482	0.00321	0.00719	0.00711	0.00956	0.01507	0.03059	0.01713	0.75941	0.09428	0.00497	0.00543	0.00688	0.00291	0.00306
9	0.01842	0.01357	0.01454	0.01115	0.01503	0.01503	0.00921	0.78330	0.02278	0.03054	0.01163	0.01163	0.00824	0.00582	0.00485	0.00145	0.00533	0.00436	0.00485	0.00824
10	0.86392	0.00937	0.00712	0.00637	0.00937	0.01087	0.00525	0.01425	0.00825	0.02174	0.00675	0.00787	0.00525	0.00450	0.00300	0.00150	0.00375	0.00262	0.00300	0.00525
11	0.86392	0.00937	0.00712	0.00637	0.00937	0.01087	0.00525	0.01425	0.00825	0.02174	0.00675	0.00787	0.00525	0.00450	0.00300	0.00150	0.00375	0.00262	0.00300	0.00525
12	0.00601	0.00455	0.00556	0.00609	0.00692	0.00409	0.00427	0.00722	0.01056	0.01379	0.16459	0.46156	0.26038	0.01342	0.00597	0.00179	0.00262	0.01187	0.00464	0.00409
13	0.01296	0.83261	0.02539	0.00829	0.01244	0.01917	0.00829	0.01451	0.00985	0.01140	0.00674	0.00777	0.00622	0.00415	0.00311	0.00104	0.00518	0.00259	0.00207	0.00622
14	0.01405	0.00935	0.00987	0.00806	0.01066	0.01013	0.00650	0.42359	0.01690	0.02473	0.01358	0.01463	0.01019	0.00574	0.00417	0.00130	0.00390	0.00443	0.40171	0.00651
15	0.04293	0.00831	0.00969	0.00894	0.01133	0.00882	0.00729	0.06168	0.29881	0.14572	0.05999	0.02965	0.05334	0.00872	0.00542	0.00177	0.00400	0.22221	0.00490	0.00649
16	0.00666	0.00518	0.00607	0.00597	0.00729	0.00477	0.00447	0.00897	0.05228	0.01611	0.36680	0.09977	0.32875	0.02980	0.00618	0.00170	0.00261	0.03731	0.00485	0.00446
17	0.00588	0.00446	0.00542	0.00613	0.00688	0.00401	0.00424	0.00689	0.00998	0.01282	0.05722	0.54991	0.28054	0.01408	0.00602	0.00185	0.00268	0.01247	0.00452	0.00401
18	0.02107	0.00840	0.01123	0.00871	0.01239	0.00746	0.00716	0.02376	0.06763	0.74866	0.01916	0.01660	0.01219	0.00604	0.00488	0.00151	0.00410	0.00492	0.00592	0.00821
19	0.01449	0.00822	0.01090	0.20693	0.01637	0.04160	0.00816	0.03585	0.02348	0.35145	0.03180	0.13443	0.03062	0.03788	0.02410	0.00185	0.00488	0.00622	0.00441	0.00636
20	0.00601	0.00439	0.00565	0.00661	0.00710	0.00406	0.00455	0.00696	0.00956	0.01252	0.02920	0.66907	0.12717	0.03221	0.00655	0.00200	0.00290	0.05506	0.00446	0.00396
21	0.01670	0.00722	0.00943	0.00777	0.01061	0.00643	0.00620	0.03197	0.02853	0.52355	0.06253	0.11806	0.07775	0.00779	0.00505	0.00155	0.00363	0.00655	0.06173	0.00695
22	0.01215	0.43807	0.01986	0.01002	0.01239	0.03541	0.00903	0.03476	0.00937	0.01233	0.00713	0.00943	0.00659	0.00595	0.00814	0.00148	0.32032	0.00337	0.03835	0.00583
23	0.01042	0.15937	0.11712	0.29296	0.13396	0.01226	0.10656	0.01349	0.01012	0.01340	0.00998	0.03314	0.02593	0.02017	0.00523	0.00155	0.02137	0.00451	0.00232	0.00611
24	0.00867	0.00621	0.00801	0.00757	0.00834	0.00714	0.00582	0.01006	0.00907	0.04803	0.03235	0.12584	0.08364	0.09572	0.13292	0.00293	0.19012	0.02039	0.19261	0.00456
25	0.00631	0.00473	0.00581	0.00612	0.00707	0.00430	0.00443	0.00774	0.01113	0.01472	0.26755	0.29619	0.24119	0.04716	0.00673	0.00187	0.00273	0.05537	0.00469	0.00416
26	0.01068	0.09644	0.01269	0.00827	0.01234	0.02475	0.04694	0.03506	0.01066	0.01567	0.02411	0.01237	0.00870	0.00430	0.00387	0.00091	0.00417	0.03549	0.00293	0.62963
27	0.01150	0.02698	0.07330	0.02985	0.14380	0.00839	0.03121	0.06430	0.01162	0.12329	0.06662	0.17409	0.01543	0.00773	0.02015	0.00157	0.02007	0.00626	0.00371	0.16014

[dist]
# distance from previous block
# <min> <max>
0	5

[block]
# block no. 13 follows, 52 sequences, length 14
# corresponding to MSA columns:
# 1265-1278
name=unknown_N
#
# <colnr> <probs for GDERKNQSTAVLIFYWHMCP>
#	G	D	E	R	K	N	Q	S	T	A	V	L	I	F	Y	W	H	M	C	P
0	0.08450	0.19623	0.14094	0.02799	0.08278	0.08435	0.00999	0.10736	0.03002	0.02793	0.00936	0.01088	0.00748	0.00601	0.03243	0.00156	0.03628	0.00360	0.06435	0.03599
1	0.00948	0.03715	0.40619	0.04689	0.03548	0.01011	0.09616	0.01406	0.04891	0.01478	0.03859	0.01698	0.01082	0.04346	0.09303	0.00240	0.00716	0.05947	0.00263	0.00626
2	0.07066	0.04157	0.05471	0.00852	0.01273	0.00895	0.03046	0.12040	0.02547	0.04345	0.00955	0.01064	0.00750	0.00422	0.00388	0.00101	0.00423	0.00332	0.02058	0.51813
3	0.00588	0.00491	0.00511	0.00506	0.00664	0.00415	0.00380	0.00724	0.01140	0.01392	0.14708	0.04527	0.69899	0.01196	0.00573	0.00162	0.00243	0.01004	0.00461	0.00415
4	0.01266	0.75853	0.09687	0.00880	0.01322	0.01845	0.00917	0.01459	0.00988	0.01176	0.00692	0.00800	0.00621	0.00419	0.00325	0.00108	0.00536	0.00268	0.00207	0.00631
5	0.00590	0.00422	0.00562	0.00675	0.00703	0.00394	0.00450	0.00675	0.00928	0.01237	0.02671	0.82653	0.03205	0.01518	0.00619	0.00197	0.00281	0.01378	0.00450	0.00394
6	0.00608	0.00449	0.00543	0.00605	0.00681	0.00407	0.00419	0.00718	0.01009	0.01325	0.08792	0.49313	0.25084	0.03347	0.00635	0.00187	0.00269	0.01185	0.04022	0.00403
7	0.01782	0.02178	0.01365	0.01226	0.01487	0.71324	0.00927	0.07476	0.05298	0.01363	0.00840	0.00941	0.00681	0.00513	0.00443	0.00128	0.00825	0.00333	0.00279	0.00591
8	0.00686	0.00495	0.00648	0.00610	0.00724	0.00457	0.00457	0.00914	0.01372	0.01943	0.79691	0.03620	0.04572	0.00991	0.00572	0.00152	0.00229	0.00876	0.00533	0.00457
9	0.07846	0.00861	0.01063	0.00833	0.01175	0.00814	0.00684	0.12285	0.01424	0.55602	0.01688	0.01543	0.01107	0.00583	0.00457	0.00145	0.00405	0.00461	0.10261	0.00761
10	0.00705	0.00470	0.00529	0.00529	0.00529	0.00470	0.00294	0.00705	0.00705	0.00940	0.01527	0.03171	0.01762	0.82969	0.02467	0.00470	0.00470	0.00705	0.00294	0.00294
11	0.01162	0.22374	0.35633	0.01221	0.04792	0.05821	0.04538	0.01515	0.01082	0.06250	0.03370	0.01462	0.02540	0.00547	0.00448	0.00144	0.00613	0.05564	0.00266	0.00658
12	0.14206	0.01382	0.03127	0.03839	0.07400	0.23291	0.10740	0.05210	0.04287	0.08897	0.02340	0.03792	0.02181	0.00566	0.00463	0.00146	0.00608	0.03136	0.00329	0.04059
13	0.10784	0.01046	0.05769	0.07191	0.09058	0.02603	0.08392	0.06408	0.01122	0.01706	0.07346	0.04230	0.03613	0.00543	0.00469	0.00131	0.02225	0.00463	0.00311	0.26590

[dist]
# distance from previous block
# <min> <max>
0	67

[block]
# block no. 14 follows, 52 sequences, length 15
# corresponding to MSA columns:
# 1355-1369
name=unknown_O
#
# <colnr> <probs for GDERKNQSTAVLIFYWHMCP>
#	G	D	E	R	K	N	Q	S	T	A	V	L	I	F	Y	W	H	M	C	P
0	0.04103	0.17631	0.10577	0.03498	0.06769	0.16356	0.03756	0.07067	0.01205	0.09790	0.01274	0.07378	0.03774	0.02084	0.00489	0.00148	0.00582	0.02571	0.00318	0.00628
1	0.01129	0.00690	0.00807	0.00703	0.00900	0.00693	0.00549	0.12210	0.07406	0.11871	0.33525	0.02438	0.02558	0.00753	0.00485	0.00142	0.00306	0.00635	0.21624	0.00578
2	0.01005	0.00861	0.01005	0.00718	0.01148	0.00646	0.00574	0.01220	0.01005	0.01579	0.00861	0.01005	0.00718	0.00359	0.00359	0.00072	0.00359	0.00287	0.00287	0.85932
3	0.01296	0.83261	0.02539	0.00829	0.01244	0.01917	0.00829	0.01451	0.00985	0.01140	0.00674	0.00777	0.00622	0.00415	0.00311	0.00104	0.00518	0.00259	0.00207	0.00622
4	0.00915	0.00861	0.01453	0.81804	0.03338	0.01077	0.01346	0.01238	0.00969	0.01238	0.00861	0.01292	0.00646	0.00484	0.00484	0.00161	0.00646	0.00431	0.00215	0.00538
5	0.04785	0.00731	0.02976	0.01169	0.17516	0.00677	0.02305	0.01003	0.01065	0.02958	0.08119	0.20326	0.27259	0.01014	0.00581	0.00168	0.02909	0.03533	0.00389	0.00516
