[name]
unknown

[dist]
# distance from previous block
# <min> <max>
0	156

[block]
# block no. 0 follows, 55 sequences, length 9
# corresponding to MSA columns:
# 257-261,268-271
name=unknown_A
#
# <colnr> <probs for GDERKNQSTAVLIFYWHMCP>
#	G	D	E	R	K	N	Q	S	T	A	V	L	I	F	Y	W	H	M	C	P
0	0.02989	0.00899	0.03577	0.19492	0.06679	0.03517	0.00859	0.04000	0.20150	0.04934	0.20023	0.03560	0.04161	0.00671	0.00509	0.00152	0.02292	0.00569	0.00382	0.00585
1	0.00617	0.00463	0.00572	0.00568	0.00676	0.00418	0.00417	0.00789	0.01185	0.01607	0.49368	0.16815	0.22622	0.01089	0.00556	0.00156	0.00232	0.00954	0.00480	0.00418
2	0.01241	0.08929	0.09074	0.01334	0.10179	0.10171	0.08300	0.16932	0.01258	0.01659	0.03514	0.01564	0.01013	0.00617	0.00619	0.00152	0.12208	0.08554	0.02064	0.00618
3	0.01437	0.07892	0.04167	0.10496	0.10621	0.05793	0.03370	0.28041	0.01425	0.09836	0.00995	0.01121	0.00745	0.00524	0.00548	0.00142	0.08438	0.00398	0.00339	0.03674
4	0.00730	0.00653	0.00640	0.00616	0.00750	0.09005	0.00458	0.00896	0.01204	0.01541	0.41680	0.08591	0.29502	0.01010	0.00538	0.00150	0.00293	0.00862	0.00451	0.00430
5	0.00996	0.00981	0.02992	0.28691	0.05595	0.04929	0.13467	0.01298	0.05131	0.03703	0.01190	0.05183	0.04508	0.02900	0.04394	0.00196	0.12526	0.00513	0.00263	0.00545
6	0.00735	0.00555	0.00633	0.00591	0.00728	0.00527	0.00438	0.09035	0.01223	0.01619	0.32359	0.07912	0.30353	0.10333	0.00748	0.00186	0.00285	0.00854	0.00449	0.00439
7	0.01118	0.13674	0.08049	0.04873	0.13905	0.03703	0.03095	0.07152	0.01068	0.07016	0.01358	0.15360	0.04985	0.00711	0.00609	0.00153	0.11706	0.00570	0.00305	0.00591
8	0.68834	0.01002	0.00794	0.00710	0.00981	0.06390	0.00575	0.01506	0.09173	0.01971	0.00782	0.00875	0.00611	0.00471	0.00366	0.00146	0.03690	0.00290	0.00301	0.00531

[dist]
# distance from previous block
# <min> <max>
3	5

[block]
# block no. 1 follows, 55 sequences, length 10
# corresponding to MSA columns:
# 277-286
name=unknown_B
#
# <colnr> <probs for GDERKNQSTAVLIFYWHMCP>
#	G	D	E	R	K	N	Q	S	T	A	V	L	I	F	Y	W	H	M	C	P
0	0.06100	0.00977	0.01554	0.24806	0.41889	0.01073	0.01229	0.03914	0.01008	0.01455	0.00908	0.03755	0.00783	0.02749	0.00575	0.00158	0.05763	0.00440	0.00241	0.00625
1	0.01238	0.26878	0.08308	0.11819	0.03260	0.13799	0.00941	0.06049	0.05740	0.03417	0.02501	0.01147	0.00813	0.00488	0.00421	0.00125	0.02151	0.02252	0.00267	0.08388
2	0.10806	0.43793	0.04956	0.00854	0.01214	0.01488	0.00798	0.15939	0.01181	0.06840	0.02927	0.00977	0.00764	0.00502	0.00427	0.02142	0.03153	0.00323	0.00292	0.00623
3	0.00740	0.00508	0.00639	0.00632	0.00709	0.00511	0.00448	0.00836	0.00902	0.06470	0.08940	0.21200	0.16119	0.23235	0.10899	0.00314	0.05286	0.00840	0.00373	0.00400
4	0.00581	0.00443	0.00534	0.00574	0.00663	0.00396	0.00406	0.00704	0.01041	0.01358	0.20195	0.38956	0.29963	0.01252	0.00569	0.00169	0.00247	0.01101	0.00449	0.00396
5	0.02467	0.16352	0.25144	0.02862	0.06346	0.01050	0.04758	0.01411	0.06430	0.06991	0.03723	0.06612	0.06792	0.00644	0.00459	0.00147	0.00510	0.06388	0.00306	0.00609
6	0.02844	0.06206	0.02903	0.18037	0.11112	0.05900	0.03334	0.05194	0.01068	0.12910	0.01025	0.01237	0.00795	0.00801	0.09187	0.00200	0.04497	0.00398	0.02268	0.10083
7	0.01069	0.03265	0.21721	0.01042	0.02853	0.00875	0.08343	0.05920	0.03474	0.12443	0.07124	0.07658	0.14732	0.00718	0.00546	0.00153	0.04845	0.00604	0.02014	0.00600
8	0.00782	0.00522	0.00623	0.00605	0.00731	0.00491	0.00444	0.00997	0.06191	0.08028	0.24314	0.14882	0.21434	0.11558	0.00772	0.00195	0.00291	0.03468	0.03227	0.00447
9	0.11127	0.07179	0.06328	0.14518	0.13714	0.07004	0.04214	0.09781	0.05079	0.06171	0.01157	0.06121	0.02286	0.00565	0.00445	0.00146	0.00528	0.02715	0.00308	0.00615

[dist]
# distance from previous block
# <min> <max>
5	34

[block]
# block no. 2 follows, 55 sequences, length 18
# corresponding to MSA columns:
# 321-338
name=unknown_C
#
# <colnr> <probs for GDERKNQSTAVLIFYWHMCP>
#	G	D	E	R	K	N	Q	S	T	A	V	L	I	F	Y	W	H	M	C	P
0	0.02801	0.04486	0.08283	0.02421	0.19892	0.01074	0.04779	0.10153	0.20102	0.04932	0.01318	0.01443	0.03038	0.00900	0.10803	0.00221	0.00592	0.00458	0.00334	0.01969
1	0.01343	0.08266	0.01256	0.00993	0.01277	0.19636	0.00785	0.08881	0.45745	0.01761	0.01415	0.01366	0.01083	0.00560	0.00441	0.00139	0.00498	0.00433	0.00389	0.03731
2	0.00622	0.00438	0.00547	0.00600	0.00637	0.00418	0.00399	0.00701	0.00884	0.01182	0.10618	0.40661	0.06139	0.28157	0.01168	0.00270	0.00331	0.05479	0.00391	0.00357
3	0.13042	0.02596	0.10781	0.04175	0.04227	0.00993	0.22484	0.09772	0.01119	0.03693	0.01309	0.08653	0.06170	0.00628	0.01910	0.00157	0.00549	0.00529	0.00304	0.06907
4	0.03655	0.36935	0.37458	0.01091	0.01614	0.01420	0.04745	0.03807	0.02864	0.01386	0.00788	0.00909	0.00621	0.00429	0.00383	0.00127	0.00588	0.00316	0.00217	0.00645
5	0.00896	0.00534	0.00688	0.00659	0.00802	0.00493	0.00499	0.01103	0.03968	0.15348	0.33122	0.22994	0.10821	0.01040	0.00548	0.00162	0.00281	0.05065	0.00490	0.00490
6	0.00640	0.00480	0.00593	0.00626	0.00724	0.00449	0.00466	0.02712	0.01072	0.01411	0.19723	0.30121	0.22979	0.02937	0.03179	0.00196	0.00311	0.10531	0.00441	0.00411
7	0.03006	0.00984	0.02508	0.19789	0.12102	0.08241	0.06946	0.05068	0.02944	0.06745	0.05823	0.10058	0.03415	0.02426	0.02604	0.00175	0.03937	0.02351	0.00315	0.00563
8	0.04274	0.01279	0.16526	0.11916	0.15571	0.09098	0.03543	0.01539	0.03408	0.15105	0.01187	0.06601	0.00958	0.02663	0.00503	0.00153	0.00549	0.00467	0.04029	0.00628
9	0.01448	0.00851	0.00987	0.00814	0.01090	0.00856	0.00651	0.24516	0.07900	0.26267	0.04494	0.09303	0.13558	0.00757	0.00488	0.00148	0.00379	0.00624	0.04207	0.00662
10	0.11590	0.06840	0.04633	0.05310	0.03091	0.03666	0.10906	0.12892	0.04583	0.06103	0.01076	0.05667	0.00923	0.00705	0.03070	0.00176	0.14746	0.03113	0.00312	0.00598
11	0.04024	0.03264	0.18862	0.02225	0.07067	0.03962	0.00882	0.06295	0.07007	0.04454	0.11771	0.11444	0.12648	0.03382	0.00545	0.00160	0.00442	0.00641	0.00358	0.00567
12	0.03488	0.00741	0.00937	0.03262	0.01096	0.00715	0.00632	0.06760	0.08810	0.39065	0.16414	0.08432	0.01881	0.00712	0.00482	0.00148	0.00355	0.00600	0.04819	0.00655
13	0.04804	0.01069	0.01297	0.22127	0.14639	0.10319	0.00986	0.07736	0.11574	0.14216	0.04299	0.02796	0.01026	0.00540	0.00459	0.00145	0.00525	0.00451	0.00348	0.00643
14	0.06876	0.16253	0.13269	0.04095	0.06985	0.04667	0.08941	0.07299	0.02893	0.10928	0.04886	0.03246	0.02830	0.02242	0.00501	0.00146	0.02566	0.00441	0.00311	0.00626
15	0.01100	0.04983	0.03337	0.17406	0.45445	0.02787	0.02700	0.01381	0.02466	0.02851	0.00880	0.01172	0.00726	0.00571	0.03346	0.00167	0.07385	0.00410	0.00233	0.00653
16	0.00581	0.00413	0.00547	0.00649	0.00678	0.00389	0.00437	0.00663	0.00887	0.01181	0.02498	0.75445	0.02982	0.06034	0.00695	0.00205	0.00287	0.04631	0.00423	0.00375
17	0.01084	0.12047	0.16124	0.13026	0.03473	0.04625	0.09102	0.07934	0.02238	0.03234	0.01132	0.08203	0.01017	0.00622	0.00544	0.00152	0.06678	0.05651	0.02525	0.00588

[dist]
# distance from previous block
# <min> <max>
0	7

[block]
# block no. 3 follows, 55 sequences, length 10
# corresponding to MSA columns:
# 346-355
name=unknown_D
#
# <colnr> <probs for GDERKNQSTAVLIFYWHMCP>
#	G	D	E	R	K	N	Q	S	T	A	V	L	I	F	Y	W	H	M	C	P
0	0.08143	0.01222	0.15701	0.30604	0.05259	0.01079	0.06205	0.12237	0.03743	0.09901	0.01003	0.01187	0.00720	0.00481	0.00452	0.00149	0.00573	0.00407	0.00297	0.00636
1	0.00662	0.00500	0.00685	0.02565	0.06035	0.00497	0.00518	0.00768	0.00916	0.01245	0.11578	0.47281	0.02694	0.15941	0.00922	0.00228	0.02789	0.03386	0.00390	0.00400
2	0.45559	0.20311	0.08710	0.00906	0.01276	0.04424	0.10204	0.01417	0.00902	0.01692	0.00703	0.00838	0.00561	0.00422	0.00341	0.00135	0.00492	0.00297	0.00251	0.00558
3	0.00796	0.00537	0.00603	0.00583	0.00737	0.00493	0.00441	0.06056	0.01130	0.07497	0.07490	0.17890	0.40347	0.01064	0.00524	0.00157	0.00275	0.03202	0.09722	0.00455
4	0.00735	0.00473	0.00564	0.00557	0.00587	0.00474	0.00347	0.00773	0.00750	0.04199	0.04682	0.02995	0.01776	0.67247	0.08497	0.00441	0.00502	0.03772	0.00306	0.00325
5	0.03084	0.25504	0.03883	0.09211	0.22626	0.01378	0.11194	0.04915	0.01019	0.01386	0.00784	0.01023	0.00659	0.00469	0.00555	0.00139	0.10938	0.00377	0.00227	0.00628
6	0.03884	0.08695	0.08893	0.03182	0.05928	0.25565	0.06213	0.08037	0.06815	0.01456	0.00916	0.01149	0.00764	0.05997	0.00610	0.00153	0.04995	0.00379	0.00271	0.06099
7	0.03483	0.04585	0.04135	0.00778	0.01015	0.00649	0.07829	0.01135	0.01177	0.10244	0.36028	0.04702	0.13263	0.00805	0.00505	0.00143	0.00343	0.02296	0.00429	0.06453
8	0.22721	0.08708	0.07891	0.04020	0.05705	0.05554	0.02009	0.04493	0.07382	0.01674	0.08788	0.01557	0.08241	0.00642	0.02491	0.00151	0.00459	0.00441	0.00317	0.06757
9	0.00991	0.00862	0.04858	0.00776	0.02711	0.06036	0.00614	0.12338	0.01276	0.06408	0.19035	0.07505	0.23294	0.03654	0.00564	0.00153	0.00369	0.00703	0.00416	0.07436

[dist]
# distance from previous block
# <min> <max>
5	39

[block]
# block no. 4 follows, 55 sequences, length 8
# corresponding to MSA columns:
# 397-404
name=unknown_E
#
# <colnr> <probs for GDERKNQSTAVLIFYWHMCP>
#	G	D	E	R	K	N	Q	S	T	A	V	L	I	F	Y	W	H	M	C	P
0	0.08768	0.19631	0.01480	0.02518	0.04890	0.04169	0.06662	0.11273	0.01155	0.05150	0.03309	0.06945	0.01054	0.00557	0.00414	0.00126	0.00466	0.04305	0.00314	0.16813
1	0.13962	0.01109	0.09680	0.00908	0.01263	0.01010	0.00806	0.19338	0.14059	0.25406	0.06648	0.01444	0.01175	0.00571	0.00445	0.00146	0.00432	0.00446	0.00448	0.00706
2	0.10078	0.03716	0.01115	0.02638	0.09304	0.00984	0.00748	0.17372	0.11240	0.05460	0.09208	0.13915	0.01532	0.00706	0.00508	0.00148	0.03988	0.00580	0.00390	0.06370
3	0.03560	0.05795	0.03373	0.09229	0.03732	0.02505	0.02236	0.04061	0.02909	0.03670	0.03064	0.09833	0.03765	0.00552	0.00413	0.00113	0.00411	0.00463	0.00306	0.40010
4	0.15269	0.16165	0.06995	0.00996	0.03433	0.15145	0.02669	0.05582	0.16296	0.01589	0.01083	0.06534	0.00925	0.00552	0.00429	0.00137	0.02325	0.00414	0.00307	0.03154
5	0.30577	0.16189	0.03983	0.00960	0.06597	0.04897	0.00768	0.04889	0.10906	0.06705	0.01044	0.01290	0.00860	0.00534	0.00415	0.00142	0.02839	0.05486	0.00318	0.00599
6	0.00788	0.00664	0.06059	0.00720	0.00870	0.00581	0.00583	0.01032	0.06508	0.07040	0.15257	0.22893	0.12983	0.04945	0.14204	0.00274	0.02904	0.00823	0.00399	0.00471
7	0.01259	0.29008	0.11471	0.00958	0.01308	0.16317	0.03830	0.05062	0.03550	0.06472	0.11638	0.01441	0.04732	0.00553	0.00417	0.00127	0.00537	0.00423	0.00304	0.00594

[dist]
# distance from previous block
# <min> <max>
4	6

[block]
# block no. 5 follows, 55 sequences, length 13
# corresponding to MSA columns:
# 411-423
name=unknown_F
#
# <colnr> <probs for GDERKNQSTAVLIFYWHMCP>
#	G	D	E	R	K	N	Q	S	T	A	V	L	I	F	Y	W	H	M	C	P
0	0.08231	0.00575	0.00687	0.00629	0.00785	0.00555	0.00480	0.05124	0.01265	0.08233	0.51074	0.09288	0.09473	0.00913	0.00519	0.00150	0.00266	0.00787	0.00483	0.00483
1	0.01089	0.01402	0.22474	0.09669	0.34934	0.04567	0.01326	0.01488	0.06466	0.04393	0.01038	0.04445	0.00850	0.00593	0.03133	0.00165	0.00600	0.00439	0.00258	0.00671
2	0.01108	0.01993	0.58381	0.01197	0.01789	0.01040	0.01430	0.06418	0.06023	0.08950	0.01010	0.01092	0.00713	0.00467	0.00441	0.00142	0.00606	0.00367	0.00271	0.06563
3	0.01043	0.00902	0.02949	0.14769	0.20810	0.03708	0.03752	0.02509	0.02998	0.07868	0.01422	0.15241	0.02907	0.00756	0.02431	0.00164	0.01585	0.04927	0.00318	0.08943
4	0.19859	0.01183	0.01325	0.18158	0.13549	0.11887	0.03448	0.17666	0.01241	0.01817	0.00845	0.01029	0.00652	0.00463	0.00416	0.00138	0.00551	0.00362	0.00291	0.05119
5	0.02838	0.00905	0.01244	0.48054	0.02337	0.03635	0.01029	0.09965	0.04225	0.01488	0.02564	0.04156	0.00852	0.00574	0.02174	0.00154	0.00554	0.00435	0.00274	0.12543
6	0.00693	0.00467	0.00590	0.00616	0.00695	0.00443	0.00436	0.00801	0.00948	0.05434	0.11456	0.31473	0.14926	0.16605	0.07808	0.00274	0.00390	0.05142	0.00405	0.00397
7	0.03163	0.00873	0.01019	0.04329	0.05180	0.00956	0.00727	0.07812	0.38628	0.09525	0.04590	0.05709	0.02671	0.07826	0.00648	0.00183	0.00400	0.04683	0.00435	0.00644
8	0.45650	0.00770	0.00719	0.00660	0.00885	0.00839	0.00515	0.04062	0.05087	0.08981	0.01465	0.14398	0.05796	0.06263	0.00530	0.00174	0.00355	0.01977	0.00363	0.00510
9	0.17704	0.06856	0.10836	0.04014	0.18775	0.08050	0.03355	0.18005	0.03193	0.03712	0.00898	0.01025	0.00687	0.00466	0.00415	0.00138	0.00545	0.00363	0.00299	0.00663
10	0.04564	0.00688	0.00784	0.00712	0.00905	0.00705	0.00544	0.03658	0.20754	0.13278	0.11366	0.07671	0.18278	0.07452	0.06340	0.00219	0.00393	0.00694	0.00443	0.00550
11	0.51112	0.04528	0.01053	0.00950	0.07452	0.07980	0.00707	0.13367	0.02631	0.02008	0.00767	0.00879	0.00601	0.00472	0.00394	0.00142	0.03769	0.00306	0.00303	0.00578
12	0.01164	0.00839	0.00943	0.00835	0.01076	0.00908	0.00651	0.02038	0.48932	0.13437	0.18234	0.02187	0.05298	0.00712	0.00491	0.00153	0.00336	0.00602	0.00495	0.00669

[dist]
# distance from previous block
# <min> <max>
1	3

[block]
# block no. 6 follows, 55 sequences, length 7
# corresponding to MSA columns:
# 427-433
name=unknown_G
#
# <colnr> <probs for GDERKNQSTAVLIFYWHMCP>
#	G	D	E	R	K	N	Q	S	T	A	V	L	I	F	Y	W	H	M	C	P
0	0.00993	0.00695	0.00817	0.00715	0.00932	0.00662	0.00552	0.06178	0.12624	0.09937	0.15691	0.08670	0.10665	0.08034	0.00656	0.00169	0.00339	0.05567	0.00428	0.15677
1	0.47268	0.01179	0.11652	0.00884	0.01250	0.01100	0.05010	0.13236	0.06051	0.07089	0.00913	0.00981	0.00668	0.00472	0.00372	0.00145	0.00452	0.00336	0.00330	0.00611
2	0.01623	0.03623	0.03700	0.06640	0.01523	0.30323	0.04469	0.08685	0.11926	0.21056	0.01205	0.01215	0.00868	0.00522	0.00449	0.00137	0.00607	0.00401	0.00369	0.00658
3	0.13688	0.06203	0.01311	0.20151	0.01744	0.24765	0.03412	0.07461	0.08767	0.04968	0.02702	0.01127	0.00795	0.00497	0.00422	0.00138	0.00594	0.00375	0.00296	0.00582
4	0.01288	0.10598	0.40701	0.01166	0.01677	0.09857	0.01273	0.18445	0.04429	0.04899	0.00946	0.01025	0.00690	0.00479	0.00432	0.00138	0.00621	0.00358	0.00286	0.00691
5	0.35400	0.05687	0.00901	0.04994	0.01046	0.00905	0.00583	0.03988	0.06289	0.08462	0.00948	0.01114	0.00747	0.00670	0.00608	0.15342	0.00389	0.00341	0.04969	0.06619
6	0.03722	0.16702	0.05327	0.00985	0.01358	0.08512	0.00857	0.37566	0.05728	0.08780	0.01055	0.01071	0.00779	0.00507	0.00419	0.00128	0.00517	0.00371	0.00378	0.05236

[dist]
# distance from previous block
# <min> <max>
0	1

[block]
# block no. 7 follows, 55 sequences, length 6
# corresponding to MSA columns:
# 435,436,443-446
name=unknown_H
#
# <colnr> <probs for GDERKNQSTAVLIFYWHMCP>
#	G	D	E	R	K	N	Q	S	T	A	V	L	I	F	Y	W	H	M	C	P
0	0.01129	0.00567	0.00777	0.00738	0.00899	0.00524	0.00575	0.01267	0.01085	0.27697	0.10051	0.25928	0.02267	0.01205	0.05024	0.05379	0.00394	0.13510	0.00463	0.00521
1	0.00953	0.00913	0.05931	0.04299	0.01124	0.07393	0.00728	0.10637	0.05980	0.01608	0.20319	0.05173	0.05023	0.03224	0.16067	0.00275	0.03925	0.05539	0.00370	0.00517
2	0.15971	0.00634	0.00700	0.00674	0.00835	0.00651	0.00506	0.01230	0.11497	0.09569	0.13839	0.22631	0.08237	0.07232	0.00638	0.00184	0.00321	0.03729	0.00427	0.00494
3	0.17105	0.01495	0.07490	0.06159	0.08614	0.24072	0.06742	0.12018	0.03905	0.01669	0.00839	0.00997	0.00657	0.00492	0.00492	0.00142	0.05870	0.00360	0.00278	0.00606
4	0.04960	0.00590	0.00734	0.00684	0.00842	0.00557	0.00506	0.05132	0.01110	0.22137	0.12069	0.32346	0.06718	0.08562	0.00695	0.00189	0.00327	0.00867	0.00461	0.00512
5	0.07601	0.01055	0.05510	0.09461	0.20128	0.09360	0.02701	0.03833	0.07877	0.01519	0.05866	0.17895	0.01483	0.00719	0.00483	0.00154	0.00490	0.02967	0.00323	0.00575

[dist]
# distance from previous block
# <min> <max>
0	3

[block]
# block no. 8 follows, 55 sequences, length 21
# corresponding to MSA columns:
# 450-470
name=unknown_I
#
# <colnr> <probs for GDERKNQSTAVLIFYWHMCP>
#	G	D	E	R	K	N	Q	S	T	A	V	L	I	F	Y	W	H	M	C	P
0	0.00910	0.09534	0.00987	0.00914	0.08839	0.00721	0.00626	0.04757	0.02643	0.06463	0.04611	0.28751	0.07146	0.04418	0.03889	0.06904	0.00406	0.05571	0.01428	0.00482
1	0.01030	0.01120	0.08794	0.19152	0.24072	0.03988	0.04092	0.01313	0.01004	0.01427	0.00841	0.01085	0.00676	0.00406	0.00423	0.00120	0.00530	0.00362	0.00238	0.29328
2	0.01677	0.02033	0.01385	0.01367	0.09945	0.67443	0.00955	0.07287	0.01352	0.01306	0.00764	0.00892	0.00628	0.00478	0.00427	0.00123	0.00785	0.00320	0.00255	0.00578
3	0.00623	0.00469	0.00585	0.00618	0.00706	0.00448	0.00449	0.00782	0.03006	0.01330	0.17035	0.29916	0.20901	0.06563	0.09395	0.00251	0.00381	0.05719	0.00419	0.00403
4	0.09325	0.00502	0.00585	0.03682	0.00720	0.00514	0.00402	0.00790	0.00777	0.02945	0.01690	0.27642	0.01924	0.42212	0.01476	0.02931	0.00389	0.00812	0.00331	0.00352
5	0.77736	0.00922	0.00813	0.00852	0.09463	0.01050	0.00603	0.01374	0.00820	0.02026	0.00672	0.00798	0.00529	0.00430	0.00306	0.00143	0.00381	0.00269	0.00282	0.00529
6	0.16870	0.00726	0.01034	0.41155	0.02001	0.00870	0.00902	0.01088	0.00862	0.01333	0.01068	0.10080	0.00977	0.01205	0.17650	0.00282	0.00666	0.00499	0.00255	0.00478
7	0.44604	0.00837	0.00845	0.00690	0.01010	0.00849	0.00566	0.01654	0.01008	0.29923	0.01118	0.01106	0.00778	0.00477	0.00359	0.00135	0.00366	0.00337	0.03512	0.09826
8	0.01000	0.13443	0.61826	0.01213	0.01815	0.01193	0.01487	0.01569	0.09442	0.01472	0.00923	0.01031	0.00679	0.00456	0.00426	0.00142	0.00627	0.00350	0.00226	0.00680
9	0.01152	0.00997	0.01295	0.17388	0.14375	0.05753	0.04100	0.12624	0.14829	0.04716	0.03205	0.07974	0.05458	0.01811	0.00513	0.00156	0.00498	0.02180	0.00353	0.00621
10	0.00636	0.00432	0.00572	0.00611	0.00669	0.00403	0.00427	0.00712	0.00979	0.01321	0.24320	0.38526	0.09851	0.01316	0.00791	0.15150	0.00279	0.02224	0.00414	0.00367
11	0.01445	0.15859	0.04605	0.01253	0.06851	0.24221	0.09350	0.15509	0.08500	0.04048	0.03351	0.01127	0.00859	0.00495	0.00435	0.00131	0.00616	0.00390	0.00310	0.00645
12	0.12831	0.00698	0.00804	0.00724	0.00924	0.00704	0.00553	0.05659	0.09927	0.21223	0.10361	0.19952	0.03547	0.08127	0.00652	0.00184	0.00349	0.01774	0.00450	0.00559
13	0.04536	0.03903	0.22690	0.01224	0.01636	0.16456	0.14617	0.13070	0.01261	0.04565	0.04561	0.01189	0.00869	0.00495	0.00463	0.00139	0.01690	0.00410	0.05597	0.00629
14	0.09519	0.00588	0.00705	0.00667	0.00813	0.00599	0.00500	0.03386	0.02517	0.12488	0.03743	0.15208	0.13342	0.12343	0.21122	0.00345	0.00568	0.00701	0.00376	0.00468
15	0.03532	0.01075	0.01188	0.00991	0.02939	0.02782	0.00779	0.42309	0.11305	0.15257	0.03024	0.10121	0.01231	0.00667	0.00477	0.00148	0.00448	0.00539	0.00468	0.00720
16	0.00834	0.00626	0.00924	0.14307	0.01275	0.00716	0.02492	0.01067	0.04817	0.05717	0.01368	0.08760	0.01287	0.08597	0.36052	0.00441	0.05117	0.02321	0.02816	0.00466
17	0.63851	0.00992	0.03765	0.00745	0.01058	0.01065	0.02760	0.05913	0.08836	0.06005	0.00873	0.00937	0.00653	0.00465	0.00338	0.00146	0.00395	0.00311	0.00326	0.00568
18	0.01058	0.00845	0.00921	0.00858	0.02644	0.03490	0.00634	0.08548	0.34938	0.03232	0.06520	0.08609	0.03155	0.08503	0.04286	0.06096	0.00425	0.00596	0.02116	0.02524
19	0.01156	0.13706	0.06580	0.22472	0.26419	0.07736	0.01166	0.03203	0.03868	0.03805	0.02532	0.01153	0.00778	0.00457	0.00432	0.00135	0.00568	0.00386	0.00250	0.03198
20	0.09678	0.01151	0.07696	0.07573	0.02874	0.06281	0.14692	0.07557	0.14729	0.01652	0.04486	0.03167	0.09535	0.00620	0.00546	0.00154	0.06165	0.00522	0.00328	0.00594

[dist]
# distance from previous block
# <min> <max>
1	16

[block]
# block no. 9 follows, 55 sequences, length 10
# corresponding to MSA columns:
# 487-496
name=unknown_J
#
# <colnr> <probs for GDERKNQSTAVLIFYWHMCP>
#	G	D	E	R	K	N	Q	S	T	A	V	L	I	F	Y	W	H	M	C	P
0	0.12433	0.06937	0.12159	0.00941	0.01314	0.06438	0.00860	0.19613	0.07687	0.21157	0.03184	0.01245	0.00938	0.00530	0.00425	0.00139	0.00483	0.00399	0.02431	0.00689
1	0.00713	0.00496	0.00649	0.00644	0.00709	0.00520	0.00459	0.00819	0.00844	0.03828	0.10142	0.09728	0.06600	0.29801	0.26877	0.00447	0.03045	0.02966	0.00330	0.00384
2	0.12974	0.01438	0.04481	0.01165	0.01482	0.23311	0.14470	0.20597	0.04353	0.01816	0.01068	0.08745	0.00915	0.00573	0.00455	0.00143	0.00607	0.00472	0.00326	0.00610
3	0.03262	0.00598	0.00735	0.00675	0.00838	0.00567	0.00500	0.02918	0.05956	0.22419	0.12811	0.22543	0.09709	0.13351	0.00798	0.00203	0.00334	0.00807	0.00458	0.00516
4	0.13068	0.01254	0.08716	0.01113	0.08246	0.11443	0.00876	0.15613	0.13546	0.07855	0.03998	0.01536	0.03369	0.00682	0.03187	0.00166	0.00525	0.03798	0.00367	0.00644
5	0.00899	0.00603	0.00695	0.00659	0.00753	0.02606	0.00460	0.08231	0.01016	0.07492	0.11116	0.15247	0.02101	0.37796	0.04465	0.00313	0.00436	0.04314	0.00377	0.00421
6	0.04658	0.06062	0.08530	0.00786	0.01018	0.00846	0.00680	0.07886	0.14847	0.03084	0.04996	0.02272	0.13626	0.10449	0.12422	0.03161	0.00531	0.03263	0.00354	0.00528
7	0.03396	0.01002	0.01446	0.03486	0.40127	0.01045	0.01066	0.10933	0.14496	0.06213	0.01323	0.09134	0.01144	0.00599	0.00477	0.00149	0.00474	0.02452	0.00344	0.00694
8	0.01040	0.00872	0.01005	0.00725	0.01134	0.00697	0.00582	0.08488	0.01079	0.01649	0.00854	0.00979	0.00699	0.00365	0.00356	0.00076	0.00360	0.00289	0.00293	0.78458
9	0.00698	0.00571	0.00844	0.12553	0.01160	0.00576	0.06506	0.00851	0.00945	0.01241	0.10091	0.18893	0.15053	0.18274	0.04189	0.00251	0.00437	0.06104	0.00354	0.00411

[dist]
# distance from previous block
# <min> <max>
2	79

[block]
# block no. 10 follows, 55 sequences, length 11
# corresponding to MSA columns:
# 577-587
name=unknown_K
#
# <colnr> <probs for GDERKNQSTAVLIFYWHMCP>
#	G	D	E	R	K	N	Q	S	T	A	V	L	I	F	Y	W	H	M	C	P
0	0.01097	0.00851	0.01093	0.09370	0.08825	0.00880	0.02098	0.10718	0.17427	0.06993	0.07077	0.05445	0.06861	0.03273	0.02194	0.00164	0.00429	0.02069	0.02161	0.10976
1	0.02896	0.01121	0.09243	0.19165	0.06122	0.09559	0.04990	0.03752	0.03357	0.01430	0.04285	0.07174	0.07109	0.00605	0.00495	0.00140	0.03437	0.00506	0.02634	0.11979
2	0.00645	0.00460	0.00564	0.00597	0.00654	0.00446	0.00407	0.00772	0.03049	0.01248	0.13224	0.30863	0.09911	0.24737	0.04540	0.00276	0.00360	0.03972	0.02898	0.00375
3	0.07072	0.03314	0.08319	0.06061	0.09098	0.03391	0.02256	0.19704	0.16132	0.06552	0.04624	0.03222	0.01131	0.02251	0.00491	0.00152	0.00477	0.01723	0.03368	0.00663
4	0.05271	0.00628	0.00785	0.00703	0.00883	0.00599	0.02268	0.05077	0.03420	0.21587	0.11060	0.22213	0.09782	0.09320	0.00696	0.00187	0.00340	0.00781	0.03874	0.00526
5	0.14000	0.03693	0.07176	0.15787	0.03923	0.11476	0.00943	0.21879	0.06974	0.05258	0.01040	0.04012	0.00813	0.00533	0.00432	0.00143	0.00541	0.00409	0.00333	0.00633
6	0.17165	0.00589	0.00667	0.00629	0.00794	0.00573	0.00474	0.01109	0.01064	0.14502	0.22252	0.22066	0.11371	0.03993	0.00564	0.00168	0.00297	0.00796	0.00443	0.00483
7	0.03787	0.00594	0.00715	0.00682	0.00763	0.00647	0.00488	0.08652	0.00911	0.01268	0.01715	0.14679	0.07594	0.31893	0.17778	0.00391	0.06012	0.00703	0.00323	0.00406
8	0.05666	0.01021	0.01558	0.11415	0.13057	0.02716	0.17718	0.13899	0.05589	0.09515	0.01256	0.08795	0.01060	0.02440	0.00531	0.00159	0.00544	0.02085	0.00340	0.00635
9	0.01252	0.01114	0.03845	0.01124	0.04257	0.06128	0.08049	0.29191	0.08930	0.01991	0.08732	0.10105	0.01454	0.00818	0.03801	0.00178	0.05331	0.02677	0.00389	0.00632
10	0.03308	0.01188	0.04604	0.01051	0.03823	0.10072	0.03098	0.26855	0.14141	0.10240	0.04201	0.05820	0.01255	0.04202	0.00558	0.00161	0.00498	0.03845	0.00414	0.00666

[dist]
# distance from previous block
# <min> <max>
2	5

[block]
# block no. 11 follows, 55 sequences, length 6
# corresponding to MSA columns:
# 593-598
name=unknown_L
#
# <colnr> <probs for GDERKNQSTAVLIFYWHMCP>
#	G	D	E	R	K	N	Q	S	T	A	V	L	I	F	Y	W	H	M	C	P
0	0.00867	0.00578	0.00783	0.00736	0.02739	0.00567	0.03252	0.03250	0.07694	0.01146	0.01358	0.01802	0.08543	0.07260	0.01338	0.47090	0.00399	0.00485	0.02258	0.07855
1	0.01704	0.01380	0.01261	0.01031	0.01344	0.20440	0.00831	0.43826	0.01763	0.11683	0.01196	0.01350	0.00905	0.00579	0.00457	0.00138	0.00558	0.04403	0.04457	0.00695
2	0.18044	0.01075	0.01236	0.01037	0.03848	0.01171	0.06264	0.38800	0.07921	0.04831	0.01251	0.10208	0.01043	0.00623	0.00452	0.00149	0.00461	0.00506	0.00408	0.00672
3	0.00963	0.00826	0.00951	0.00871	0.00978	0.07381	0.00672	0.12328	0.01004	0.01350	0.01246	0.10387	0.01240	0.12045	0.31326	0.00420	0.14676	0.00566	0.00296	0.00475
4	0.03643	0.08471	0.10764	0.13768	0.20505	0.10118	0.13596	0.04781	0.01071	0.01429	0.00821	0.01070	0.00657	0.00465	0.00531	0.00145	0.06914	0.00396	0.00232	0.00626
5	0.07874	0.01555	0.39360	0.01132	0.01572	0.00933	0.08122	0.04451	0.04218	0.01593	0.06831	0.09705	0.01362	0.00672	0.00484	0.00159	0.00549	0.08531	0.00299	0.00599

[dist]
# distance from previous block
# <min> <max>
0	3

[block]
# block no. 12 follows, 55 sequences, length 11
# corresponding to MSA columns:
# 602-612
name=unknown_M
#
# <colnr> <probs for GDERKNQSTAVLIFYWHMCP>
#	G	D	E	R	K	N	Q	S	T	A	V	L	I	F	Y	W	H	M	C	P
0	0.03988	0.04436	0.02518	0.06733	0.06424	0.08989	0.04419	0.01461	0.15739	0.05500	0.13837	0.08940	0.06878	0.00716	0.00513	0.00149	0.03304	0.00601	0.04291	0.00563
1	0.02447	0.21663	0.10023	0.00856	0.01142	0.04325	0.03425	0.03905	0.07956	0.04865	0.04523	0.19025	0.10776	0.00794	0.00464	0.00146	0.00435	0.02334	0.00345	0.00552
2	0.00951	0.00909	0.01331	0.29185	0.21872	0.05728	0.02855	0.01232	0.04019	0.01332	0.04633	0.08211	0.05348	0.00807	0.05491	0.00190	0.03035	0.02040	0.00275	0.00555
3	0.69869	0.01039	0.07780	0.00708	0.01039	0.01035	0.00638	0.04410	0.00902	0.07935	0.00770	0.00851	0.00570	0.00448	0.00322	0.00144	0.00397	0.00282	0.00308	0.00552
4	0.17094	0.00652	0.00818	0.00734	0.00924	0.00644	0.05303	0.02443	0.01043	0.13898	0.12782	0.19500	0.10679	0.04537	0.03913	0.00196	0.00385	0.03544	0.00413	0.00497
5	0.09743	0.01027	0.03586	0.05370	0.06106	0.07580	0.02679	0.20642	0.06602	0.03041	0.07342	0.15400	0.01450	0.00752	0.00529	0.03901	0.00457	0.00587	0.02626	0.00580
6	0.03008	0.00554	0.00688	0.00672	0.00798	0.00529	0.00489	0.04222	0.03433	0.13785	0.15730	0.36176	0.06810	0.08652	0.00711	0.00193	0.00313	0.02307	0.00453	0.00476
7	0.14206	0.19956	0.12092	0.11606	0.10934	0.03867	0.08461	0.07622	0.01080	0.04905	0.00839	0.01004	0.00650	0.00442	0.00404	0.00135	0.00559	0.00355	0.00259	0.00625
8	0.00705	0.00470	0.00609	0.00641	0.00717	0.00460	0.00461	0.00816	0.00902	0.05406	0.04759	0.31507	0.11299	0.15081	0.15617	0.00326	0.00489	0.06822	0.02514	0.00400
9	0.03200	0.01171	0.05083	0.08338	0.04913	0.12207	0.10172	0.15002	0.07099	0.08124	0.01498	0.10014	0.05651	0.02476	0.00529	0.00157	0.00541	0.02859	0.00356	0.00607
10	0.10232	0.00677	0.00745	0.00680	0.00805	0.02528	0.00493	0.10883	0.00982	0.07261	0.01386	0.09267	0.03136	0.23456	0.03998	0.14310	0.02580	0.00568	0.05583	0.00432

[dist]
# distance from previous block
# <min> <max>
1	22

[block]
# block no. 13 follows, 55 sequences, length 15
# corresponding to MSA columns:
# 635-649
name=unknown_N
#
# <colnr> <probs for GDERKNQSTAVLIFYWHMCP>
#	G	D	E	R	K	N	Q	S	T	A	V	L	I	F	Y	W	H	M	C	P
0	0.17885	0.08889	0.01091	0.05022	0.05103	0.05034	0.01902	0.05185	0.10158	0.03902	0.03306	0.17219	0.01398	0.06737	0.00623	0.00175	0.03588	0.01908	0.00340	0.00536
1	0.01090	0.02797	0.01312	0.12682	0.10418	0.06790	0.05434	0.10716	0.10696	0.01564	0.05922	0.05341	0.02376	0.04700	0.04274	0.00197	0.08921	0.03869	0.00323	0.00578
2	0.01094	0.01129	0.01510	0.01268	0.01328	0.07232	0.06509	0.03154	0.00821	0.01192	0.00655	0.01024	0.00621	0.00754	0.01351	0.00193	0.69015	0.00410	0.00215	0.00527
3	0.01312	0.08055	0.23149	0.03663	0.01611	0.15674	0.04886	0.16631	0.11830	0.03468	0.04501	0.01208	0.00926	0.00516	0.00447	0.00139	0.00599	0.00404	0.00317	0.00664
4	0.00620	0.00435	0.00556	0.00617	0.00662	0.00411	0.00422	0.00700	0.00908	0.01209	0.10499	0.45530	0.08223	0.16138	0.00966	0.04304	0.00313	0.06722	0.00402	0.00363
5	0.14558	0.01072	0.04483	0.04780	0.13831	0.01045	0.19185	0.11807	0.03992	0.11386	0.04432	0.01368	0.00964	0.04413	0.00550	0.00161	0.00535	0.00460	0.00334	0.00644
6	0.00755	0.00490	0.00743	0.00729	0.00802	0.00521	0.02621	0.00813	0.00763	0.04087	0.01345	0.14354	0.01350	0.02466	0.41975	0.24119	0.00819	0.00601	0.00277	0.00371
7	0.04505	0.09791	0.35789	0.01127	0.01582	0.18416	0.01186	0.09844	0.05726	0.01569	0.03358	0.01110	0.00805	0.02673	0.00476	0.00144	0.00631	0.00364	0.00266	0.00636
8	0.32179	0.00837	0.03817	0.00708	0.00936	0.03434	0.00569	0.01407	0.08345	0.13129	0.01460	0.15196	0.02989	0.06560	0.00577	0.01848	0.00376	0.00552	0.04554	0.00527
9	0.09765	0.02912	0.00844	0.00718	0.00913	0.02132	0.00563	0.07611	0.08298	0.12537	0.16262	0.06808	0.10224	0.07662	0.00666	0.00176	0.02901	0.03991	0.04479	0.00535
10	0.00780	0.00423	0.00602	0.00611	0.00636	0.00419	0.00425	0.00669	0.00704	0.00951	0.02978	0.03432	0.05078	0.03504	0.03141	0.64929	0.00400	0.06065	0.04001	0.00253
11	0.00898	0.00847	0.01431	0.76757	0.08825	0.01039	0.01302	0.01206	0.00940	0.01213	0.00830	0.01234	0.00629	0.00461	0.00465	0.00154	0.00615	0.00414	0.00208	0.00533
12	0.01135	0.07865	0.35000	0.01445	0.05604	0.06261	0.19533	0.07000	0.08738	0.01578	0.00962	0.01110	0.00719	0.00455	0.00461	0.00144	0.00656	0.00408	0.00255	0.00672
13	0.00712	0.00602	0.00638	0.00675	0.00765	0.06405	0.00479	0.00907	0.06489	0.01342	0.14261	0.45113	0.13481	0.03670	0.00614	0.00179	0.00315	0.02500	0.00428	0.00424
14	0.10995	0.03701	0.01045	0.03541	0.06084	0.00980	0.01738	0.09333	0.25002	0.05617	0.01586	0.07773	0.04528	0.08855	0.00668	0.00181	0.02833	0.00547	0.04395	0.00598

[dist]
# distance from previous block
# <min> <max>
6	13

[block]
# block no. 14 follows, 55 sequences, length 8
# corresponding to MSA columns:
# 663-670
name=unknown_O
#
# <colnr> <probs for GDERKNQSTAVLIFYWHMCP>
#	G	D	E	R	K	N	Q	S	T	A	V	L	I	F	Y	W	H	M	C	P
0	0.08728	0.00743	0.02323	0.05237	0.02589	0.05419	0.00530	0.01009	0.00886	0.02845	0.08084	0.04073	0.01530	0.36023	0.01252	0.00265	0.00438	0.02732	0.00305	0.14988
1	0.03584	0.04014	0.02538	0.03259	0.03800	0.01056	0.00783	0.21606	0.21215	0.23820	0.01527	0.04999	0.01143	0.02492	0.00504	0.00153	0.00432	0.00490	0.00456	0.02128
2	0.00654	0.00493	0.00610	0.00598	0.00720	0.00457	0.00457	0.00879	0.03621	0.01663	0.51048	0.07042	0.20933	0.01043	0.00557	0.00157	0.00249	0.07903	0.00482	0.00434
3	0.00863	0.00814	0.01397	0.70267	0.02927	0.00982	0.05824	0.01157	0.00937	0.01206	0.00993	0.08749	0.00850	0.00552	0.00482	0.00158	0.00598	0.00505	0.00229	0.00511
4	0.02529	0.03486	0.35847	0.09168	0.12189	0.02381	0.02540	0.08584	0.02370	0.07455	0.00995	0.02400	0.00749	0.00495	0.00481	0.00146	0.03369	0.00398	0.03752	0.00666
5	0.01088	0.16172	0.14025	0.01415	0.01814	0.03427	0.33284	0.03843	0.01054	0.01406	0.01005	0.01500	0.00868	0.00594	0.02238	0.00165	0.07106	0.08149	0.00247	0.00600
6	0.01593	0.00791	0.00980	0.00812	0.01086	0.00766	0.00652	0.16488	0.03923	0.40635	0.01805	0.14322	0.01450	0.00733	0.00480	0.00150	0.00381	0.03395	0.08879	0.00678
7	0.79464	0.00863	0.00678	0.00609	0.00882	0.00991	0.00498	0.01325	0.00837	0.02068	0.07564	0.00991	0.00840	0.00477	0.00310	0.00144	0.00348	0.00303	0.00307	0.00498

[dist]
# distance from previous block
# <min> <max>
0	1

[block]
# block no. 15 follows, 55 sequences, length 26
# corresponding to MSA columns:
# 672-688,694-702
name=unknown_P
#
# <colnr> <probs for GDERKNQSTAVLIFYWHMCP>
#	G	D	E	R	K	N	Q	S	T	A	V	L	I	F	Y	W	H	M	C	P
0	0.01075	0.22413	0.01583	0.01005	0.01186	0.03508	0.00863	0.01207	0.00836	0.01183	0.00708	0.02962	0.00681	0.00633	0.00954	0.00151	0.43187	0.00363	0.00221	0.15278
1	0.04664	0.01272	0.01425	0.04973	0.05286	0.06182	0.05442	0.50429	0.11499	0.02440	0.01137	0.01179	0.00831	0.00537	0.00462	0.00142	0.00531	0.00426	0.00410	0.00734
2	0.00605	0.00439	0.00569	0.00638	0.00694	0.00413	0.00445	0.00739	0.02338	0.01332	0.17272	0.56795	0.07203	0.03824	0.00637	0.00188	0.00273	0.04755	0.00443	0.00396
3	0.01107	0.00985	0.01642	0.05317	0.62658	0.00982	0.01244	0.01361	0.01071	0.05265	0.05856	0.07091	0.02281	0.00540	0.00477	0.00143	0.00503	0.00514	0.00280	0.00684
4	0.01643	0.01222	0.01354	0.01049	0.01396	0.01345	0.03438	0.66872	0.06079	0.02723	0.01179	0.01234	0.00864	0.02749	0.00512	0.00148	0.00498	0.00436	0.04506	0.00753
5	0.01658	0.01087	0.01210	0.00953	0.01285	0.01157	0.00778	0.51454	0.05494	0.17501	0.01573	0.05330	0.05640	0.00643	0.00475	0.00144	0.00451	0.00509	0.01918	0.00740
6	0.00580	0.00432	0.00533	0.00591	0.00659	0.00393	0.00407	0.00684	0.00978	0.01280	0.13324	0.50120	0.21793	0.05148	0.00660	0.00188	0.00263	0.01147	0.00436	0.00385
7	0.04285	0.01036	0.03589	0.20155	0.24481	0.01074	0.05991	0.14511	0.06249	0.05141	0.01188	0.01403	0.04004	0.02679	0.00513	0.00154	0.00532	0.00455	0.01908	0.00650
8	0.00974	0.00958	0.01223	0.01083	0.01122	0.07101	0.00882	0.01088	0.00764	0.01104	0.00788	0.01224	0.00758	0.01503	0.22341	0.02202	0.53762	0.00423	0.00218	0.00480
9	0.01230	0.02333	0.01006	0.00845	0.01110	0.00974	0.00674	0.16864	0.33715	0.10767	0.06026	0.02286	0.16489	0.00745	0.00491	0.00153	0.00371	0.02787	0.00471	0.00662
10	0.04694	0.00474	0.00595	0.00619	0.00682	0.00473	0.00442	0.00768	0.00863	0.01210	0.10516	0.16562	0.07776	0.18751	0.07939	0.15034	0.00426	0.09854	0.01970	0.00351
11	0.01098	0.00825	0.01082	0.04425	0.07061	0.00872	0.04363	0.07513	0.22545	0.09601	0.21640	0.02256	0.05139	0.02165	0.00562	0.00158	0.02726	0.03164	0.02195	0.00612
12	0.00841	0.00698	0.00923	0.19096	0.06842	0.03501	0.00735	0.03275	0.03055	0.02964	0.08734	0.08073	0.14063	0.09637	0.10117	0.00254	0.00526	0.03740	0.02450	0.00474
13	0.01207	0.74165	0.11877	0.00859	0.01292	0.01750	0.00907	0.01403	0.00950	0.01140	0.00669	0.00775	0.00596	0.00403	0.00316	0.00105	0.00520	0.00260	0.00199	0.00608
14	0.06474	0.01190	0.03056	0.16309	0.10387	0.10724	0.06125	0.11870	0.21821	0.01725	0.01171	0.03280	0.00920	0.00542	0.00482	0.00149	0.02351	0.00450	0.00329	0.00643
15	0.00870	0.00813	0.01364	0.79243	0.03103	0.01010	0.01258	0.01176	0.00946	0.01216	0.04025	0.01330	0.00771	0.00485	0.00468	0.00155	0.00604	0.00431	0.00219	0.00514
16	0.01404	0.60876	0.02109	0.00887	0.01247	0.19389	0.00812	0.01548	0.01051	0.05958	0.00735	0.00818	0.00631	0.00427	0.00335	0.00107	0.00567	0.00273	0.00231	0.00596
17	0.08498	0.18932	0.04323	0.06992	0.01437	0.12407	0.00889	0.22323	0.02254	0.04868	0.02016	0.01035	0.00740	0.00574	0.01830	0.00147	0.09444	0.00359	0.00308	0.00625
18	0.02374	0.00948	0.01055	0.02398	0.04169	0.06001	0.00687	0.12748	0.06278	0.11386	0.05543	0.05026	0.05286	0.00594	0.00486	0.01384	0.02879	0.00463	0.00372	0.29925
19	0.00668	0.00507	0.00635	0.00630	0.00753	0.00464	0.02719	0.00843	0.03675	0.03484	0.15891	0.24445	0.32234	0.05198	0.00651	0.00181	0.00289	0.05872	0.00437	0.00422
20	0.00669	0.00501	0.00677	0.08625	0.00924	0.00534	0.00527	0.00766	0.00841	0.01143	0.01956	0.44424	0.02249	0.20368	0.02540	0.00256	0.05377	0.03780	0.03461	0.00382
21	0.01074	0.00811	0.00963	0.00711	0.01095	0.00635	0.00567	0.03466	0.01031	0.09402	0.01040	0.06030	0.00883	0.00441	0.00375	0.00086	0.00350	0.00362	0.00320	0.70358
22	0.01318	0.06126	0.01377	0.07065	0.03870	0.02931	0.05380	0.27944	0.28068	0.02059	0.01416	0.01552	0.02267	0.00667	0.02636	0.00164	0.00506	0.03559	0.00400	0.00694
23	0.01185	0.01071	0.02580	0.28034	0.13129	0.03386	0.10020	0.17576	0.09189	0.02773	0.02448	0.01395	0.00894	0.02215	0.00517	0.00156	0.00572	0.01911	0.00310	0.00638
24	0.81718	0.00895	0.00701	0.00616	0.00912	0.01018	0.00507	0.01356	0.00802	0.02053	0.00659	0.00768	0.00515	0.00427	0.00291	0.00139	0.00359	0.00253	0.00287	0.05723
25	0.04480	0.00767	0.00917	0.00816	0.00996	0.03471	0.02225	0.14001	0.04515	0.07831	0.09038	0.09066	0.07371	0.03194	0.26240	0.00347	0.03211	0.00609	0.00374	0.00530

[dist]
# distance from previous block
# <min> <max>
0	89

[block]
# block no. 16 follows, 55 sequences, length 10
# corresponding to MSA columns:
# 792-801
name=unknown_Q
#
# <colnr> <probs for GDERKNQSTAVLIFYWHMCP>
#	G	D	E	R	K	N	Q	S	T	A	V	L	I	F	Y	W	H	M	C	P
0	0.00940	0.00578	0.00776	0.00788	0.02748	0.00582	0.00577	0.05672	0.01002	0.12933	0.01906	0.29807	0.01992	0.09731	0.13574	0.03233	0.02043	0.10252	0.00394	0.00471
1	0.00755	0.00493	0.00622	0.00629	0.00710	0.00476	0.00444	0.00900	0.03273	0.06938	0.17548	0.24420	0.06472	0.23441	0.05922	0.00280	0.00387	0.05471	0.00408	0.00410
2	0.05625	0.00953	0.01546	0.20418	0.36343	0.01010	0.06738	0.04749	0.01060	0.01507	0.03982	0.06711	0.04521	0.00561	0.00497	0.00150	0.02233	0.00514	0.00270	0.00615
3	0.08583	0.00799	0.00892	0.00787	0.00980	0.00862	0.00609	0.19638	0.11173	0.06552	0.05803	0.10247	0.07614	0.09695	0.00827	0.06854	0.03317	0.03821	0.00403	0.00544
4	0.03845	0.01046	0.03414	0.00886	0.01158	0.05989	0.00712	0.22084	0.22472	0.06987	0.09467	0.04722	0.02794	0.07011	0.00613	0.00167	0.00430	0.00533	0.00426	0.05246
5	0.01333	0.01307	0.03834	0.01187	0.01497	0.15221	0.15500	0.19902	0.18154	0.03299	0.04152	0.05806	0.03019	0.00610	0.00517	0.00149	0.02972	0.00520	0.00370	0.00649
6	0.00950	0.02041	0.60606	0.01330	0.01900	0.01084	0.09074	0.01469	0.05202	0.01465	0.00965	0.04742	0.00758	0.00517	0.00530	0.00154	0.05906	0.00421	0.00226	0.00659
7	0.00611	0.00452	0.00585	0.00624	0.00698	0.00436	0.00449	0.00738	0.00968	0.01298	0.17196	0.34720	0.15151	0.06514	0.14149	0.00285	0.00434	0.03892	0.00408	0.00394
8	0.16904	0.00845	0.01002	0.00791	0.01123	0.00814	0.00650	0.10685	0.01311	0.52767	0.01629	0.01487	0.03647	0.00567	0.00433	0.00143	0.00391	0.00440	0.03658	0.00714
9	0.80298	0.00894	0.00705	0.00618	0.00915	0.01011	0.00507	0.01352	0.00805	0.02043	0.00662	0.00772	0.00518	0.00425	0.00292	0.00138	0.00359	0.00254	0.00287	0.07144

[dist]
# distance from previous block
# <min> <max>
0	7

[block]
# block no. 17 follows, 55 sequences, length 15
# corresponding to MSA columns:
# 816-818,829-840
name=unknown_R
#
# <colnr> <probs for GDERKNQSTAVLIFYWHMCP>
#	G	D	E	R	K	N	Q	S	T	A	V	L	I	F	Y	W	H	M	C	P
0	0.04687	0.00557	0.00694	0.00636	0.00797	0.00517	0.00488	0.02607	0.01237	0.15086	0.44296	0.11052	0.12067	0.00940	0.00529	0.00153	0.00272	0.02396	0.00493	0.00497
1	0.13397	0.01017	0.02959	0.19120	0.10673	0.03557	0.04840	0.13476	0.01236	0.20607	0.01117	0.01225	0.00792	0.00494	0.00438	0.00144	0.00509	0.00407	0.03337	0.00654
2	0.00745	0.00551	0.00668	0.00633	0.00655	0.00611	0.00419	0.02949	0.00740	0.01012	0.01421	0.02670	0.03703	0.61600	0.09084	0.00429	0.10863	0.00629	0.00279	0.00339
3	0.00836	0.00569	0.00689	0.00670	0.00787	0.00562	0.00485	0.07883	0.06528	0.05618	0.15763	0.29903	0.12058	0.06716	0.00786	0.08061	0.00316	0.00891	0.00428	0.00451
4	0.01150	0.01074	0.01775	0.15517	0.62840	0.01117	0.01369	0.06749	0.01116	0.01564	0.00884	0.01163	0.00722	0.00433	0.00462	0.00141	0.00561	0.00415	0.00243	0.00705
5	0.05916	0.01445	0.12950	0.01238	0.01611	0.10646	0.15123	0.23120	0.06652	0.07451	0.01062	0.02503	0.00801	0.00536	0.00545	0.00149	0.06810	0.00434	0.00337	0.00670
6	0.01023	0.14785	0.51996	0.01268	0.01841	0.01217	0.09535	0.01573	0.09674	0.01468	0.00933	0.01057	0.00694	0.00451	0.00434	0.00142	0.00633	0.00370	0.00231	0.00673
7	0.00841	0.00500	0.00624	0.00620	0.00734	0.00457	0.00449	0.00958	0.01017	0.13432	0.11777	0.27731	0.16877	0.14506	0.00846	0.00213	0.00314	0.05394	0.02271	0.00439
8	0.01061	0.19705	0.39087	0.01197	0.01665	0.02662	0.08066	0.01428	0.03037	0.03011	0.00835	0.01039	0.00664	0.02067	0.00620	0.02403	0.10247	0.00363	0.00219	0.00622
9	0.08942	0.00658	0.00775	0.00724	0.00885	0.00675	0.00548	0.07747	0.05777	0.13769	0.05781	0.26764	0.07467	0.07963	0.05008	0.00220	0.02545	0.02818	0.00422	0.00512
10	0.03324	0.01324	0.09872	0.12403	0.04309	0.04688	0.44837	0.07381	0.02855	0.01575	0.02282	0.01230	0.00759	0.00439	0.00505	0.00152	0.00699	0.00484	0.00256	0.00626
11	0.12663	0.00711	0.00814	0.00746	0.00927	0.02771	0.02360	0.05543	0.07633	0.10890	0.14536	0.17114	0.04244	0.04469	0.06409	0.00212	0.00419	0.04179	0.02842	0.00518
12	0.04745	0.01393	0.01114	0.00952	0.01224	0.35693	0.00739	0.05455	0.01308	0.30140	0.04778	0.01416	0.02891	0.03442	0.00509	0.00144	0.00577	0.00420	0.02440	0.00622
13	0.00906	0.00736	0.01137	0.07457	0.18485	0.00745	0.05655	0.02899	0.02946	0.04766	0.21343	0.09135	0.08411	0.03085	0.04044	0.04291	0.02407	0.00668	0.00358	0.00527
14	0.01159	0.01092	0.08123	0.02225	0.04737	0.00924	0.06935	0.15848	0.04117	0.04027	0.01004	0.02872	0.00801	0.00463	0.00453	0.00113	0.03366	0.00383	0.02040	0.39317

[dist]
# distance from previous block
# <min> <max>
3	51

[block]
# block no. 18 follows, 55 sequences, length 13
# corresponding to MSA columns:
# 892-897,900-906
name=unknown_S
#
# <colnr> <probs for GDERKNQSTAVLIFYWHMCP>
#	G	D	E	R	K	N	Q	S	T	A	V	L	I	F	Y	W	H	M	C	P
0	0.29726	0.24166	0.03124	0.04936	0.04831	0.10565	0.00753	0.04020	0.00970	0.01545	0.00755	0.00948	0.00642	0.03305	0.01724	0.00147	0.02009	0.00305	0.01944	0.03587
1	0.02754	0.00624	0.00729	0.00668	0.00838	0.00607	0.00511	0.08683	0.04959	0.12491	0.12849	0.10636	0.21129	0.09887	0.00749	0.02065	0.00334	0.06076	0.02912	0.00497
