[name]
unknown

[dist]
# distance from previous block
# <min> <max>
18	141

[block]
# block no. 0 follows, 53 sequences, length 11
# corresponding to MSA columns:
# 324,327-336
name=unknown_A
#
# <colnr> <probs for GDERKNQSTAVLIFYWHMCP>
#	G	D	E	R	K	N	Q	S	T	A	V	L	I	F	Y	W	H	M	C	P
0	0.01230	0.06734	0.04703	0.03618	0.07544	0.04432	0.02355	0.16309	0.16314	0.05225	0.04796	0.03153	0.04272	0.08926	0.00687	0.00179	0.01786	0.02544	0.02947	0.02245
1	0.08294	0.07101	0.12430	0.05786	0.07467	0.04980	0.00969	0.08860	0.11647	0.06862	0.06028	0.04940	0.02474	0.00623	0.00554	0.00153	0.07836	0.00480	0.01876	0.00639
2	0.03732	0.19451	0.06253	0.04561	0.06663	0.05517	0.12139	0.03567	0.01075	0.08173	0.01201	0.10747	0.02736	0.00602	0.00502	0.00141	0.04455	0.00507	0.00298	0.07679
3	0.00668	0.00498	0.00697	0.00700	0.00783	0.00544	0.00527	0.00819	0.00850	0.01187	0.08749	0.06468	0.08697	0.10439	0.55438	0.00601	0.00966	0.00648	0.00310	0.00412
4	0.05144	0.27464	0.20124	0.02996	0.08552	0.08401	0.01110	0.04427	0.01057	0.02876	0.03173	0.01047	0.00770	0.00571	0.02337	0.00152	0.08571	0.00353	0.00244	0.00630
5	0.03463	0.07656	0.19446	0.04936	0.03214	0.04092	0.11632	0.04982	0.05342	0.01498	0.04977	0.15385	0.04998	0.03868	0.00596	0.01863	0.00538	0.00627	0.00312	0.00575
6	0.00615	0.00457	0.00563	0.00631	0.00694	0.00427	0.00434	0.00743	0.03116	0.01261	0.05718	0.53310	0.17642	0.08726	0.00762	0.00210	0.00293	0.03568	0.00434	0.00396
7	0.00921	0.00723	0.01001	0.06679	0.16054	0.00734	0.00756	0.04804	0.09145	0.05206	0.12756	0.26517	0.10865	0.00951	0.00539	0.00165	0.00374	0.00845	0.00413	0.00555
8	0.06394	0.07141	0.09909	0.08143	0.04210	0.11009	0.03825	0.06348	0.01087	0.06998	0.02841	0.05816	0.00989	0.00938	0.09563	0.00220	0.10253	0.00462	0.03273	0.00583
9	0.00988	0.00841	0.01437	0.02485	0.07688	0.00829	0.22242	0.05174	0.02660	0.06238	0.10380	0.18810	0.05452	0.04526	0.05647	0.00215	0.02712	0.00757	0.00364	0.00555
10	0.00645	0.00472	0.00601	0.00686	0.03130	0.00446	0.00448	0.00739	0.00936	0.01239	0.09078	0.40178	0.12308	0.21156	0.01041	0.00251	0.00332	0.05520	0.00407	0.00386

[dist]
# distance from previous block
# <min> <max>
4	21

[block]
# block no. 1 follows, 53 sequences, length 20
# corresponding to MSA columns:
# 358-377
name=unknown_B
#
# <colnr> <probs for GDERKNQSTAVLIFYWHMCP>
#	G	D	E	R	K	N	Q	S	T	A	V	L	I	F	Y	W	H	M	C	P
0	0.03073	0.09420	0.00908	0.00683	0.00901	0.02626	0.00539	0.01111	0.06117	0.04715	0.10862	0.17762	0.21651	0.00926	0.00498	0.00146	0.00334	0.03484	0.00402	0.13841
1	0.01308	0.11112	0.14147	0.01532	0.19578	0.09200	0.04943	0.13216	0.07809	0.03759	0.04104	0.01221	0.00924	0.00497	0.00451	0.00137	0.00574	0.00412	0.00308	0.04768
2	0.01240	0.29200	0.05836	0.00889	0.01217	0.04667	0.00799	0.11301	0.06023	0.05881	0.08970	0.06823	0.01332	0.00620	0.00471	0.00132	0.03774	0.01993	0.00340	0.08492
3	0.03294	0.14823	0.06603	0.03684	0.07065	0.02227	0.09933	0.07342	0.07289	0.19435	0.02195	0.02888	0.02231	0.00560	0.00476	0.00143	0.01816	0.02921	0.00366	0.04709
4	0.01027	0.08476	0.13012	0.02790	0.04059	0.05530	0.16599	0.03880	0.08873	0.01481	0.03135	0.11516	0.06321	0.05085	0.00608	0.00172	0.00551	0.04200	0.00320	0.02367
5	0.00618	0.00456	0.00574	0.02710	0.00735	0.00430	0.00438	0.00719	0.00962	0.01264	0.10710	0.45531	0.16190	0.13609	0.00868	0.00224	0.00307	0.02844	0.00423	0.00387
6	0.00893	0.00832	0.03261	0.10376	0.11053	0.02669	0.10913	0.02434	0.02928	0.03299	0.13736	0.14390	0.14128	0.00947	0.03417	0.00184	0.00485	0.03157	0.00365	0.00535
7	0.02830	0.03830	0.08363	0.06654	0.02879	0.14073	0.04932	0.06315	0.14344	0.03385	0.05642	0.06124	0.09609	0.00731	0.02004	0.00160	0.02321	0.00553	0.02872	0.02379
8	0.00792	0.00588	0.00723	0.00710	0.00790	0.02518	0.00520	0.02891	0.04927	0.01208	0.04030	0.15616	0.14446	0.05032	0.14755	0.22236	0.05692	0.00713	0.01421	0.00392
9	0.00598	0.00437	0.00554	0.00634	0.00686	0.00404	0.00433	0.00693	0.00955	0.01254	0.06829	0.59814	0.14273	0.06638	0.00719	0.00205	0.00287	0.03760	0.00438	0.00389
10	0.01133	0.03058	0.05886	0.05450	0.24167	0.07095	0.07442	0.05447	0.02984	0.05575	0.08333	0.11476	0.02933	0.00696	0.00539	0.00156	0.02857	0.03817	0.00333	0.00623
11	0.09475	0.08768	0.23729	0.01030	0.01486	0.02427	0.05124	0.04517	0.01184	0.31505	0.01423	0.01394	0.04762	0.00541	0.00448	0.00146	0.00523	0.00429	0.00383	0.00704
12	0.03609	0.00494	0.00615	0.00649	0.00731	0.00471	0.00451	0.00905	0.02809	0.07127	0.12972	0.48482	0.04747	0.09927	0.00764	0.00208	0.00302	0.01063	0.03241	0.00432
13	0.01249	0.01043	0.01332	0.19278	0.10004	0.02929	0.02256	0.20206	0.19989	0.03798	0.03413	0.07381	0.01188	0.00637	0.00526	0.00157	0.03028	0.00535	0.00380	0.00673
14	0.11587	0.05069	0.06187	0.03110	0.05428	0.07569	0.07865	0.25914	0.03543	0.05229	0.01023	0.01200	0.00795	0.03190	0.03458	0.00179	0.05920	0.00415	0.01660	0.00661
15	0.01277	0.00943	0.00912	0.00808	0.01000	0.13294	0.00635	0.09392	0.02613	0.13195	0.05769	0.04442	0.05825	0.00772	0.02608	0.00159	0.06721	0.03308	0.25769	0.00561
16	0.00839	0.00573	0.00703	0.00648	0.00805	0.00542	0.00497	0.03525	0.06146	0.07901	0.50054	0.05109	0.16821	0.00974	0.00554	0.00155	0.00268	0.02876	0.00509	0.00500
17	0.03243	0.01113	0.01242	0.02560	0.01337	0.03838	0.00823	0.35577	0.08028	0.11182	0.03701	0.04072	0.01102	0.00644	0.00590	0.00149	0.09230	0.02391	0.00427	0.08751
18	0.00921	0.05212	0.01085	0.09313	0.02829	0.02699	0.06114	0.06656	0.02862	0.03163	0.03893	0.22924	0.06561	0.04110	0.10480	0.00247	0.02432	0.02119	0.05877	0.00505
19	0.00594	0.00441	0.00557	0.00645	0.00707	0.00404	0.00453	0.00696	0.00966	0.01252	0.03083	0.60419	0.19045	0.01424	0.00605	0.00189	0.00283	0.07397	0.00443	0.00396

[dist]
# distance from previous block
# <min> <max>
1	3

[block]
# block no. 2 follows, 53 sequences, length 12
# corresponding to MSA columns:
# 381-392
name=unknown_C
#
# <colnr> <probs for GDERKNQSTAVLIFYWHMCP>
#	G	D	E	R	K	N	Q	S	T	A	V	L	I	F	Y	W	H	M	C	P
0	0.03151	0.17892	0.13171	0.10545	0.05918	0.05678	0.01036	0.09684	0.02593	0.06016	0.01104	0.02816	0.03640	0.00773	0.06144	0.00189	0.08323	0.00420	0.00285	0.00622
1	0.03780	0.00806	0.00948	0.00845	0.00937	0.05334	0.02760	0.03117	0.03245	0.01418	0.06145	0.03916	0.01330	0.16065	0.04568	0.00242	0.23855	0.00528	0.19692	0.00469
2	0.04508	0.04183	0.18814	0.05043	0.15444	0.11988	0.01178	0.17676	0.03909	0.05177	0.03010	0.01164	0.00830	0.00523	0.00508	0.00146	0.04498	0.00400	0.00310	0.00690
3	0.11403	0.05207	0.05147	0.05697	0.06738	0.03145	0.10177	0.17733	0.05113	0.08586	0.02760	0.03449	0.00979	0.05851	0.00638	0.00170	0.04494	0.00467	0.00347	0.01898
4	0.00602	0.00432	0.00548	0.00626	0.00665	0.00404	0.00415	0.00684	0.00920	0.01220	0.06691	0.60617	0.09409	0.13358	0.00870	0.00228	0.00299	0.01207	0.00426	0.00378
5	0.00669	0.00507	0.00620	0.00608	0.00727	0.00473	0.00449	0.00915	0.05575	0.01692	0.49032	0.15437	0.19350	0.01083	0.00567	0.00160	0.00245	0.00949	0.00495	0.00449
6	0.03109	0.05529	0.18737	0.05877	0.06190	0.07457	0.07642	0.07173	0.04757	0.03358	0.01073	0.03697	0.00924	0.06259	0.06729	0.00222	0.08635	0.01749	0.00278	0.00606
7	0.01596	0.02433	0.02581	0.00909	0.02958	0.06276	0.00721	0.13305	0.06251	0.35446	0.09959	0.04054	0.08159	0.02480	0.00535	0.00155	0.00430	0.00569	0.00493	0.00691
8	0.00657	0.00485	0.00568	0.00585	0.00697	0.00437	0.00419	0.00810	0.02892	0.03633	0.17766	0.28105	0.34478	0.05420	0.00670	0.00184	0.00269	0.01047	0.00456	0.00422
9	0.00650	0.00468	0.00582	0.00651	0.00706	0.00449	0.00444	0.02482	0.02765	0.01282	0.04084	0.57699	0.09383	0.10919	0.00807	0.00219	0.00307	0.03420	0.02285	0.00400
10	0.06274	0.06106	0.03658	0.07624	0.20227	0.11208	0.07466	0.13633	0.05005	0.07407	0.01058	0.03704	0.00845	0.00529	0.00496	0.00146	0.03181	0.00440	0.00318	0.00676
11	0.00797	0.00579	0.00684	0.00687	0.00815	0.00576	0.00526	0.07595	0.05168	0.01577	0.11846	0.20230	0.17091	0.06040	0.02689	0.00204	0.00350	0.13816	0.08268	0.00463

[dist]
# distance from previous block
# <min> <max>
0	1

[block]
# block no. 3 follows, 53 sequences, length 7
# corresponding to MSA columns:
# 394-400
name=unknown_D
#
# <colnr> <probs for GDERKNQSTAVLIFYWHMCP>
#	G	D	E	R	K	N	Q	S	T	A	V	L	I	F	Y	W	H	M	C	P
0	0.01284	0.07157	0.06256	0.07326	0.05560	0.11551	0.03338	0.17966	0.02756	0.01797	0.03114	0.01192	0.00867	0.00485	0.00422	0.00121	0.00522	0.00383	0.08267	0.19636
1	0.00779	0.00432	0.00615	0.00626	0.00654	0.00421	0.00433	0.00665	0.00745	0.00984	0.05398	0.07610	0.08082	0.01558	0.01539	0.63894	0.00383	0.04648	0.00273	0.00262
2	0.00945	0.00651	0.00802	0.03010	0.02834	0.03207	0.00582	0.02741	0.11710	0.06678	0.08005	0.19031	0.06023	0.01253	0.03046	0.24644	0.00406	0.03602	0.00377	0.00452
3	0.08808	0.13594	0.05450	0.03533	0.05395	0.17971	0.00879	0.09983	0.08232	0.04857	0.02587	0.03816	0.00947	0.00839	0.07987	0.00198	0.03579	0.00417	0.00313	0.00614
4	0.03056	0.00751	0.01159	0.38126	0.07554	0.00881	0.00993	0.03103	0.00960	0.01305	0.01379	0.14202	0.03807	0.01181	0.13000	0.00261	0.04206	0.03287	0.00281	0.00508
5	0.11652	0.24800	0.08422	0.02612	0.06487	0.08290	0.02291	0.12477	0.04012	0.04276	0.00944	0.02461	0.00764	0.00498	0.00418	0.00131	0.02254	0.00363	0.03962	0.02885
6	0.04299	0.12520	0.13910	0.02657	0.02672	0.03974	0.05678	0.12134	0.04939	0.05741	0.01158	0.04639	0.03098	0.00521	0.00428	0.00127	0.00508	0.00422	0.00318	0.20259

[dist]
# distance from previous block
# <min> <max>
0	5

[block]
# block no. 4 follows, 53 sequences, length 13
# corresponding to MSA columns:
# 406-418
name=unknown_E
#
# <colnr> <probs for GDERKNQSTAVLIFYWHMCP>
#	G	D	E	R	K	N	Q	S	T	A	V	L	I	F	Y	W	H	M	C	P
0	0.06448	0.13442	0.19972	0.03193	0.07805	0.05448	0.06609	0.14739	0.02664	0.05145	0.03688	0.01169	0.00855	0.00577	0.02733	0.00156	0.00596	0.00395	0.00301	0.04066
1	0.00759	0.00531	0.00642	0.00624	0.00712	0.00526	0.00437	0.00973	0.07272	0.03623	0.27504	0.07311	0.07179	0.31636	0.04601	0.00299	0.00388	0.04152	0.00413	0.00418
2	0.00892	0.00596	0.00820	0.05398	0.01014	0.00582	0.02749	0.01119	0.03056	0.11207	0.34105	0.11164	0.11457	0.01049	0.02978	0.00181	0.02487	0.06762	0.01885	0.00501
3	0.01196	0.14473	0.18368	0.10144	0.14572	0.05026	0.05052	0.09981	0.01201	0.04329	0.06494	0.01289	0.00986	0.00573	0.02313	0.00154	0.00596	0.00420	0.02175	0.00656
4	0.01388	0.01054	0.14418	0.01022	0.05764	0.00794	0.00879	0.06945	0.04691	0.30498	0.10506	0.11036	0.01725	0.00742	0.00506	0.00157	0.00436	0.04443	0.02324	0.00674
5	0.00677	0.00486	0.00694	0.00710	0.00771	0.00538	0.00521	0.00791	0.00772	0.01086	0.01493	0.14181	0.01549	0.14509	0.53988	0.04928	0.00970	0.00660	0.00287	0.00390
6	0.00926	0.00759	0.00995	0.05775	0.08226	0.00782	0.03645	0.07818	0.15053	0.02896	0.06721	0.19134	0.18923	0.00955	0.00544	0.00167	0.00385	0.05316	0.00421	0.00557
7	0.08335	0.05528	0.15014	0.08655	0.07975	0.03690	0.10343	0.08747	0.05326	0.09142	0.04296	0.03172	0.00985	0.00637	0.03026	0.00171	0.03533	0.00457	0.00318	0.00651
8	0.00680	0.00450	0.00535	0.00558	0.00564	0.00445	0.00330	0.00684	0.00736	0.00982	0.01698	0.19695	0.01977	0.60881	0.02015	0.05911	0.00421	0.00816	0.00317	0.00305
9	0.00797	0.00565	0.00655	0.00658	0.00783	0.02211	0.00484	0.05158	0.01151	0.06396	0.15954	0.34394	0.22477	0.01183	0.00567	0.00170	0.00298	0.03284	0.02355	0.00459
10	0.15154	0.00849	0.03932	0.00861	0.03521	0.00816	0.04023	0.06089	0.09827	0.12880	0.09122	0.07526	0.16221	0.00767	0.00497	0.00155	0.01825	0.00634	0.04719	0.00584
11	0.03609	0.15202	0.07173	0.06607	0.01473	0.17143	0.00913	0.16369	0.02954	0.10541	0.04040	0.01405	0.04471	0.00584	0.00490	0.00140	0.03954	0.01945	0.00344	0.00641
12	0.00581	0.00420	0.00551	0.00656	0.00691	0.00389	0.00439	0.00667	0.00925	0.01224	0.02756	0.78574	0.07399	0.01482	0.00608	0.00192	0.00275	0.01339	0.00444	0.00389

[dist]
# distance from previous block
# <min> <max>
4	6

[block]
# block no. 5 follows, 53 sequences, length 18
# corresponding to MSA columns:
# 425-442
name=unknown_F
#
# <colnr> <probs for GDERKNQSTAVLIFYWHMCP>
#	G	D	E	R	K	N	Q	S	T	A	V	L	I	F	Y	W	H	M	C	P
0	0.06534	0.01074	0.07085	0.03154	0.13264	0.07013	0.03110	0.08357	0.07458	0.04207	0.09914	0.03636	0.02189	0.07127	0.11552	0.00257	0.02620	0.00524	0.00336	0.00590
1	0.00763	0.00576	0.00817	0.00788	0.00847	0.00685	0.00599	0.00892	0.03016	0.01084	0.01189	0.01870	0.01152	0.12582	0.49563	0.11134	0.11271	0.00511	0.00255	0.00405
2	0.00742	0.00497	0.00639	0.03222	0.00826	0.00475	0.00506	0.02434	0.01041	0.04746	0.10247	0.40280	0.12815	0.01241	0.00624	0.03713	0.00308	0.08637	0.06576	0.00429
3	0.06829	0.11954	0.03932	0.13605	0.08467	0.04695	0.08768	0.14066	0.03023	0.02736	0.00908	0.01101	0.00715	0.00488	0.00509	0.00138	0.06191	0.00388	0.01612	0.09874
4	0.01018	0.05840	0.08716	0.02487	0.01220	0.02785	0.05704	0.06881	0.05189	0.06329	0.07191	0.11813	0.14501	0.00805	0.00514	0.01208	0.00427	0.04242	0.01859	0.11270
5	0.07025	0.00579	0.00653	0.00601	0.00755	0.00572	0.00459	0.05304	0.03060	0.04363	0.39861	0.02842	0.10459	0.02607	0.00527	0.00149	0.00268	0.00698	0.18733	0.00485
6	0.00684	0.00501	0.00631	0.00686	0.00764	0.00484	0.00494	0.03991	0.03158	0.01417	0.12046	0.49766	0.09672	0.04396	0.00666	0.00196	0.00305	0.09268	0.00450	0.00426
7	0.06924	0.09206	0.09864	0.06274	0.12918	0.06199	0.05336	0.17613	0.07844	0.08183	0.01133	0.01341	0.00880	0.00534	0.00457	0.00146	0.00557	0.03558	0.00341	0.00693
8	0.00980	0.00831	0.01078	0.04430	0.16564	0.04994	0.00896	0.05530	0.05899	0.01557	0.02091	0.03539	0.08012	0.00954	0.00566	0.00181	0.00473	0.37709	0.03167	0.00549
9	0.03076	0.00476	0.00593	0.00651	0.00736	0.00443	0.00465	0.00825	0.00990	0.05679	0.05527	0.52282	0.14542	0.02925	0.00617	0.00189	0.00293	0.06435	0.02833	0.00423
10	0.00833	0.00610	0.00688	0.00644	0.00802	0.03400	0.00491	0.01089	0.06253	0.07867	0.40716	0.06508	0.24418	0.01000	0.00552	0.00156	0.00284	0.02710	0.00491	0.00487
11	0.05494	0.05307	0.10952	0.03867	0.20363	0.05229	0.12140	0.13862	0.05719	0.04097	0.05103	0.01306	0.00974	0.00504	0.00468	0.00145	0.00573	0.00447	0.02766	0.00685
12	0.05975	0.02854	0.03602	0.01368	0.11102	0.13339	0.11607	0.01458	0.02256	0.08018	0.03663	0.04799	0.01066	0.00780	0.04580	0.00189	0.15720	0.03217	0.03819	0.00589
13	0.00683	0.00455	0.00544	0.00571	0.00581	0.00450	0.00347	0.00698	0.00752	0.01001	0.01737	0.18789	0.02014	0.59382	0.01969	0.04824	0.00423	0.04145	0.00322	0.00311
14	0.03747	0.03048	0.03332	0.05272	0.11481	0.00856	0.00768	0.07199	0.12456	0.01667	0.11734	0.08495	0.16906	0.02321	0.00575	0.00165	0.02675	0.04312	0.02426	0.00566
15	0.02524	0.04509	0.06224	0.03257	0.04059	0.03849	0.00754	0.06828	0.02287	0.04101	0.01047	0.05826	0.00917	0.00854	0.08441	0.03835	0.02523	0.00410	0.00298	0.37456
16	0.07180	0.09658	0.01328	0.06041	0.05863	0.03589	0.06584	0.08258	0.03606	0.02416	0.07322	0.09050	0.01359	0.00723	0.02817	0.00156	0.01798	0.04430	0.00331	0.17492
17	0.04312	0.10253	0.05873	0.20686	0.05186	0.04118	0.00934	0.09323	0.04509	0.01558	0.02341	0.03479	0.04126	0.02422	0.01901	0.00152	0.02184	0.00434	0.00291	0.15918

[dist]
# distance from previous block
# <min> <max>
1	26

[block]
# block no. 6 follows, 53 sequences, length 18
# corresponding to MSA columns:
# 480-497
name=unknown_G
#
# <colnr> <probs for GDERKNQSTAVLIFYWHMCP>
#	G	D	E	R	K	N	Q	S	T	A	V	L	I	F	Y	W	H	M	C	P
0	0.04954	0.16434	0.17586	0.01142	0.06142	0.04097	0.04181	0.15734	0.07622	0.05123	0.05219	0.02640	0.05972	0.00575	0.00448	0.00142	0.00526	0.00459	0.00337	0.00668
1	0.01097	0.01074	0.01443	0.31929	0.04550	0.10778	0.09963	0.04742	0.06875	0.01415	0.01052	0.01348	0.01976	0.00725	0.05183	0.02064	0.05980	0.00446	0.04705	0.02654
2	0.00807	0.00592	0.00689	0.00670	0.00785	0.03015	0.00500	0.00989	0.02957	0.05969	0.24390	0.22955	0.17757	0.01058	0.00616	0.00163	0.06232	0.00897	0.08497	0.00462
3	0.01049	0.01056	0.01521	0.01287	0.01307	0.01453	0.04299	0.01166	0.00749	0.01166	0.00642	0.01056	0.00632	0.00818	0.01526	0.00207	0.78903	0.00424	0.00211	0.00528
4	0.04114	0.14906	0.11574	0.09426	0.05385	0.01079	0.01858	0.07417	0.09531	0.05443	0.01474	0.11103	0.03683	0.01633	0.02806	0.00173	0.00508	0.04927	0.02354	0.00606
5	0.07245	0.00710	0.00852	0.00750	0.00979	0.00688	0.00587	0.05545	0.08204	0.28525	0.10189	0.15682	0.09726	0.02612	0.00550	0.00166	0.00349	0.03347	0.02688	0.00606
6	0.00591	0.00432	0.00553	0.00645	0.00693	0.00399	0.00441	0.00682	0.00939	0.01229	0.02890	0.66925	0.13350	0.03989	0.00663	0.00199	0.00285	0.04268	0.00439	0.00389
7	0.04231	0.03220	0.05492	0.14683	0.26041	0.05002	0.18343	0.05272	0.04024	0.01554	0.01096	0.01337	0.04160	0.00495	0.00517	0.00151	0.02998	0.00467	0.00263	0.00653
8	0.02198	0.05501	0.04438	0.08998	0.09532	0.00979	0.03683	0.08670	0.06219	0.03524	0.03144	0.06107	0.04879	0.02601	0.17981	0.00296	0.06390	0.03967	0.00320	0.00573
9	0.00606	0.00482	0.00542	0.00565	0.00681	0.00431	0.00406	0.00763	0.03525	0.01351	0.12420	0.26526	0.44618	0.04075	0.00639	0.00180	0.00262	0.01066	0.00449	0.00412
10	0.00952	0.00610	0.00774	0.00808	0.04279	0.00589	0.00564	0.08476	0.02168	0.11435	0.05018	0.42490	0.10003	0.03668	0.00616	0.00183	0.00335	0.03375	0.03149	0.00507
11	0.02462	0.10892	0.09353	0.20575	0.09121	0.04691	0.09600	0.04999	0.06000	0.04302	0.01043	0.01266	0.02757	0.00576	0.01766	0.00162	0.09114	0.00431	0.00268	0.00623
12	0.00735	0.00532	0.00691	0.02423	0.00850	0.00534	0.00535	0.00945	0.05417	0.04646	0.14463	0.34159	0.13117	0.01483	0.09840	0.00246	0.02516	0.05982	0.00432	0.00452
13	0.00786	0.00558	0.00659	0.00624	0.00761	0.02545	0.00472	0.00965	0.01213	0.07207	0.42717	0.04901	0.21523	0.05095	0.04919	0.00203	0.00334	0.03587	0.00474	0.00458
14	0.01052	0.00848	0.00997	0.00715	0.01137	0.00641	0.00574	0.01263	0.01011	0.05735	0.00904	0.01025	0.00733	0.00367	0.00361	0.00075	0.00357	0.00294	0.00299	0.81613
15	0.01139	0.05181	0.01054	0.04898	0.01200	0.00912	0.00741	0.20951	0.08874	0.06332	0.02025	0.20236	0.05230	0.00968	0.00544	0.00173	0.00424	0.18091	0.00440	0.00588
16	0.04973	0.00915	0.01071	0.00876	0.01188	0.00928	0.00705	0.17302	0.16909	0.35844	0.01866	0.06570	0.04670	0.00674	0.00481	0.00152	0.00403	0.00549	0.03189	0.00736
17	0.01137	0.00944	0.01155	0.06599	0.03803	0.03771	0.04587	0.16542	0.02691	0.02946	0.01292	0.08033	0.02707	0.07575	0.00642	0.00156	0.01974	0.03135	0.01687	0.28625

[dist]
# distance from previous block
# <min> <max>
0	1

[block]
# block no. 7 follows, 53 sequences, length 15
# corresponding to MSA columns:
# 499-513
name=unknown_H
#
# <colnr> <probs for GDERKNQSTAVLIFYWHMCP>
#	G	D	E	R	K	N	Q	S	T	A	V	L	I	F	Y	W	H	M	C	P
0	0.09619	0.06096	0.10480	0.06905	0.07556	0.06968	0.02312	0.16673	0.04849	0.02942	0.05167	0.04323	0.01067	0.00602	0.00503	0.02223	0.01966	0.02391	0.00330	0.07026
1	0.00812	0.00641	0.00807	0.11602	0.01144	0.00664	0.00610	0.05317	0.07664	0.01526	0.19496	0.05908	0.15135	0.13948	0.04468	0.00234	0.00418	0.05418	0.00397	0.03791
2	0.00595	0.00434	0.00557	0.00644	0.00694	0.00401	0.00442	0.00691	0.00955	0.01256	0.06045	0.64463	0.12601	0.04038	0.00663	0.00198	0.00283	0.04207	0.00442	0.00392
3	0.03046	0.02847	0.04583	0.02202	0.04362	0.00717	0.03150	0.07544	0.01125	0.04790	0.07910	0.15875	0.09482	0.02805	0.02708	0.03822	0.01325	0.10906	0.04298	0.06501
4	0.01175	0.10916	0.09330	0.04798	0.01466	0.02595	0.05932	0.08235	0.08584	0.04713	0.01022	0.01130	0.00794	0.00444	0.00407	0.00113	0.00477	0.00362	0.02451	0.35053
5	0.00841	0.00632	0.00821	0.00752	0.00925	0.00609	0.05201	0.07380	0.04526	0.04723	0.16095	0.17748	0.25419	0.01125	0.02595	0.00182	0.00357	0.06930	0.02647	0.00493
6	0.00632	0.00450	0.00559	0.00614	0.00683	0.00418	0.00431	0.00752	0.01009	0.01363	0.14855	0.43211	0.15144	0.07492	0.00719	0.00199	0.00283	0.05068	0.05719	0.00399
7	0.03383	0.04541	0.01194	0.03975	0.06370	0.04225	0.03747	0.18050	0.08496	0.09595	0.12920	0.08944	0.08881	0.00739	0.00497	0.00149	0.00433	0.00625	0.00425	0.02811
8	0.01264	0.10559	0.16083	0.07387	0.11121	0.03337	0.11571	0.10062	0.04184	0.09177	0.01095	0.03088	0.00866	0.00610	0.02579	0.00165	0.04032	0.01840	0.00304	0.00674
9	0.09174	0.01232	0.05300	0.10255	0.16898	0.11102	0.12357	0.08962	0.01143	0.01600	0.00973	0.02692	0.00819	0.04754	0.03984	0.00190	0.04120	0.00446	0.03394	0.00607
10	0.00714	0.00495	0.00608	0.00660	0.03347	0.00497	0.00402	0.00758	0.00766	0.01025	0.01644	0.07304	0.01865	0.64317	0.05097	0.00424	0.00486	0.08948	0.00311	0.00332
11	0.00991	0.00850	0.00991	0.00708	0.01133	0.00637	0.00566	0.01203	0.00991	0.01557	0.00850	0.00991	0.00708	0.00354	0.00354	0.00071	0.00354	0.00283	0.00283	0.86124
12	0.00949	0.00850	0.01063	0.03143	0.06142	0.07842	0.03404	0.05115	0.00912	0.01224	0.01126	0.01811	0.01094	0.19420	0.30167	0.01833	0.12663	0.00508	0.00264	0.00471
13	0.00870	0.03615	0.04932	0.01095	0.12958	0.00751	0.02690	0.02171	0.03309	0.03849	0.13309	0.07127	0.18318	0.04262	0.11147	0.00248	0.03779	0.03476	0.00363	0.01728
14	0.02781	0.10087	0.05664	0.18071	0.15846	0.07692	0.03772	0.03003	0.03713	0.01363	0.02290	0.03775	0.03797	0.08362	0.02486	0.00192	0.03897	0.02366	0.00269	0.00573

[dist]
# distance from previous block
# <min> <max>
2	5

[block]
# block no. 8 follows, 53 sequences, length 18
# corresponding to MSA columns:
# 521-538
name=unknown_I
#
# <colnr> <probs for GDERKNQSTAVLIFYWHMCP>
#	G	D	E	R	K	N	Q	S	T	A	V	L	I	F	Y	W	H	M	C	P
0	0.01210	0.01217	0.13982	0.05486	0.14543	0.04738	0.03015	0.08642	0.09808	0.10319	0.04951	0.08502	0.03197	0.00688	0.02008	0.00161	0.00519	0.00542	0.02601	0.03872
1	0.02823	0.05400	0.01358	0.12815	0.13850	0.02032	0.03375	0.06489	0.04698	0.06995	0.06125	0.04618	0.01180	0.04711	0.03766	0.00190	0.11130	0.00498	0.02928	0.05017
2	0.06387	0.02727	0.06760	0.03661	0.07911	0.03363	0.02284	0.10225	0.10687	0.13742	0.17131	0.04310	0.05123	0.00679	0.00484	0.00149	0.00428	0.00569	0.02739	0.00640
3	0.00956	0.00948	0.01395	0.01166	0.01345	0.06225	0.18640	0.01221	0.05764	0.01383	0.07436	0.13966	0.07788	0.02533	0.02370	0.00196	0.19839	0.05979	0.00331	0.00521
4	0.00920	0.00979	0.13883	0.03056	0.03963	0.02788	0.01769	0.02758	0.07777	0.05985	0.27884	0.10044	0.07194	0.00877	0.00538	0.00162	0.00405	0.08040	0.00423	0.00554
5	0.08067	0.00935	0.03508	0.00834	0.01068	0.05857	0.01810	0.11120	0.10357	0.08087	0.06037	0.03497	0.04706	0.00846	0.04919	0.01903	0.04133	0.03267	0.15755	0.03292
6	0.00692	0.00500	0.00725	0.00725	0.00793	0.00568	0.00543	0.00818	0.00750	0.01068	0.01289	0.02036	0.01254	0.15011	0.65725	0.05197	0.01117	0.00534	0.00258	0.00395
7	0.00717	0.00543	0.00658	0.00630	0.00758	0.00523	0.00475	0.00952	0.05482	0.03659	0.40124	0.11845	0.26015	0.01065	0.00608	0.00161	0.03937	0.00910	0.00479	0.00460
8	0.02824	0.03907	0.15330	0.18749	0.11530	0.03289	0.07023	0.07047	0.01974	0.01474	0.00981	0.04112	0.00826	0.00904	0.10086	0.00229	0.08399	0.00455	0.00254	0.00606
9	0.01680	0.02002	0.01291	0.01165	0.01387	0.66575	0.00884	0.01810	0.01283	0.04120	0.00829	0.00968	0.00680	0.00527	0.00514	0.00130	0.07087	0.00332	0.06183	0.00554
10	0.00700	0.00472	0.00614	0.00682	0.00764	0.00443	0.00508	0.00839	0.01031	0.04170	0.09882	0.45085	0.10169	0.01305	0.00593	0.00186	0.00305	0.16895	0.04933	0.00424
11	0.00608	0.00429	0.00546	0.00630	0.00675	0.00399	0.00425	0.00704	0.00944	0.01276	0.06626	0.64669	0.08948	0.05431	0.00680	0.00198	0.00278	0.01226	0.04918	0.00391
12	0.09152	0.01024	0.06488	0.32015	0.13889	0.01041	0.09196	0.03239	0.04142	0.02613	0.00953	0.02515	0.00771	0.02238	0.00635	0.06532	0.02284	0.00444	0.00254	0.00575
13	0.00609	0.00455	0.00564	0.00618	0.00698	0.00415	0.00440	0.00732	0.01038	0.01361	0.16471	0.42692	0.22424	0.03820	0.00650	0.00188	0.00275	0.05694	0.00453	0.00403
14	0.01058	0.06715	0.09935	0.03471	0.05747	0.00951	0.00837	0.10747	0.16158	0.04133	0.11878	0.08683	0.09184	0.00785	0.00503	0.00156	0.00421	0.05509	0.02515	0.00613
15	0.15550	0.04761	0.19258	0.02913	0.08458	0.06325	0.02506	0.10545	0.05988	0.04484	0.09025	0.04964	0.02082	0.00587	0.00449	0.00148	0.00516	0.00470	0.00334	0.00637
16	0.07605	0.09079	0.04552	0.00799	0.00972	0.00817	0.00676	0.03451	0.00850	0.01272	0.01146	0.01615	0.01044	0.02777	0.60468	0.00604	0.01080	0.00456	0.00259	0.00478
17	0.01188	0.00734	0.01021	0.03831	0.06418	0.00731	0.04844	0.03895	0.07193	0.20125	0.07038	0.13785	0.05431	0.04606	0.00624	0.00171	0.02891	0.03369	0.11515	0.00587

[dist]
# distance from previous block
# <min> <max>
0	3

[block]
# block no. 9 follows, 53 sequences, length 7
# corresponding to MSA columns:
# 542-548
name=unknown_J
#
# <colnr> <probs for GDERKNQSTAVLIFYWHMCP>
#	G	D	E	R	K	N	Q	S	T	A	V	L	I	F	Y	W	H	M	C	P
0	0.01136	0.08553	0.14437	0.01056	0.05701	0.00966	0.04817	0.06998	0.03977	0.04387	0.00941	0.01062	0.00738	0.00417	0.00402	0.00107	0.00476	0.00341	0.00290	0.43200
1	0.02670	0.07414	0.20281	0.00975	0.01317	0.03869	0.02567	0.12985	0.08039	0.01712	0.07042	0.12920	0.09814	0.00796	0.00501	0.00158	0.00482	0.05490	0.00368	0.00601
2	0.00718	0.00541	0.00707	0.00792	0.04784	0.00531	0.00538	0.03747	0.03515	0.01446	0.16090	0.38849	0.08702	0.06515	0.04972	0.00227	0.00368	0.06080	0.00430	0.00446
3	0.26121	0.04045	0.06222	0.28809	0.07533	0.01093	0.04644	0.05316	0.02646	0.03546	0.00898	0.01127	0.00682	0.00472	0.00413	0.00149	0.00523	0.00377	0.04800	0.00583
4	0.04699	0.08358	0.09713	0.05557	0.04175	0.04773	0.02696	0.14487	0.03998	0.05774	0.03453	0.09378	0.03349	0.03379	0.01841	0.00162	0.02811	0.00515	0.00341	0.10541
5	0.01146	0.16821	0.13959	0.07263	0.08237	0.01138	0.05804	0.08369	0.05896	0.05770	0.01285	0.06986	0.03076	0.04773	0.00557	0.00159	0.00526	0.02837	0.00310	0.05087
6	0.00638	0.00507	0.00582	0.00603	0.00735	0.00462	0.00460	0.00835	0.04463	0.01422	0.15144	0.16003	0.43725	0.01209	0.00581	0.00173	0.00277	0.11294	0.00457	0.00428

[dist]
# distance from previous block
# <min> <max>
0	1

[block]
# block no. 10 follows, 53 sequences, length 23
# corresponding to MSA columns:
# 550-572
name=unknown_K
#
# <colnr> <probs for GDERKNQSTAVLIFYWHMCP>
#	G	D	E	R	K	N	Q	S	T	A	V	L	I	F	Y	W	H	M	C	P
0	0.00629	0.00437	0.00577	0.00660	0.00699	0.00414	0.00454	0.00706	0.00920	0.01225	0.06357	0.57607	0.05281	0.08602	0.00851	0.05733	0.00313	0.07740	0.00419	0.00376
1	0.06301	0.06294	0.21289	0.01210	0.01618	0.01070	0.15611	0.07028	0.03317	0.09627	0.05980	0.01770	0.01198	0.00616	0.00549	0.00159	0.04950	0.08945	0.00330	0.02141
2	0.02303	0.00579	0.02472	0.00762	0.03262	0.00527	0.00541	0.03320	0.02263	0.08011	0.02409	0.47006	0.08843	0.05507	0.00704	0.02953	0.00334	0.04191	0.03556	0.00458
3	0.00623	0.00493	0.00546	0.00540	0.00680	0.00437	0.00402	0.00804	0.03097	0.01493	0.25370	0.09494	0.49338	0.01130	0.00558	0.00159	0.00243	0.00963	0.03205	0.00426
4	0.00699	0.00536	0.00606	0.00605	0.00744	0.00501	0.00455	0.00950	0.08120	0.02838	0.17278	0.11722	0.38862	0.05522	0.00663	0.00182	0.00284	0.06835	0.02149	0.00447
5	0.07190	0.23425	0.22684	0.01242	0.06760	0.09549	0.05992	0.06807	0.01107	0.03289	0.00840	0.01000	0.00670	0.00584	0.03476	0.00160	0.03981	0.00351	0.00249	0.00644
6	0.01052	0.01002	0.01567	0.35814	0.32826	0.03800	0.01283	0.03166	0.01042	0.01398	0.00998	0.05273	0.00874	0.00555	0.00545	0.00157	0.04966	0.02819	0.00247	0.00616
7	0.00710	0.00487	0.00622	0.00685	0.00765	0.00462	0.00502	0.02679	0.01025	0.03807	0.06412	0.47510	0.10579	0.04730	0.00672	0.00199	0.00315	0.14234	0.03183	0.00423
8	0.00657	0.00520	0.00627	0.04002	0.00840	0.00494	0.00492	0.00879	0.05926	0.01444	0.18375	0.24619	0.32123	0.01182	0.00574	0.00172	0.00286	0.05896	0.00453	0.00438
9	0.01102	0.14265	0.08264	0.04566	0.29362	0.01134	0.09644	0.04532	0.01114	0.02940	0.05700	0.04381	0.03918	0.00679	0.03436	0.00168	0.00574	0.03290	0.00284	0.00647
10	0.00608	0.00456	0.00558	0.00616	0.00694	0.00416	0.00438	0.00721	0.01006	0.01303	0.10392	0.42195	0.24912	0.06489	0.00711	0.00200	0.00287	0.07160	0.00441	0.00396
11	0.01278	0.83490	0.02505	0.00818	0.01227	0.01891	0.00818	0.01431	0.00971	0.01125	0.00664	0.00767	0.00613	0.00409	0.00307	0.00102	0.00511	0.00256	0.00204	0.00613
12	0.04201	0.00610	0.00748	0.00669	0.00832	0.00595	0.00515	0.07290	0.03554	0.07214	0.63274	0.03090	0.03755	0.00890	0.00539	0.00150	0.00271	0.00772	0.00517	0.00515
13	0.01249	0.05715	0.28549	0.04669	0.01821	0.20226	0.11463	0.07919	0.01197	0.01512	0.03569	0.02821	0.00830	0.00529	0.00538	0.00148	0.05936	0.00418	0.00258	0.00632
14	0.01012	0.00616	0.00725	0.00666	0.00867	0.00567	0.00526	0.04564	0.04782	0.17539	0.10301	0.06885	0.36011	0.01010	0.00544	0.00163	0.00314	0.08767	0.03612	0.00529
15	0.06814	0.01129	0.04886	0.01198	0.01597	0.01045	0.22555	0.14035	0.06686	0.04699	0.04085	0.01266	0.00927	0.00483	0.00497	0.00133	0.03309	0.00439	0.00333	0.23886
16	0.00958	0.00878	0.04228	0.30120	0.07757	0.05964	0.03185	0.01166	0.01026	0.03530	0.14042	0.03071	0.02593	0.01989	0.02533	0.11558	0.00534	0.00522	0.03848	0.00498
17	0.01216	0.30853	0.26105	0.01185	0.02876	0.01445	0.07722	0.10247	0.01132	0.03362	0.00870	0.02512	0.00708	0.00501	0.00509	0.00139	0.07328	0.00373	0.00252	0.00662
18	0.03320	0.25359	0.20440	0.00921	0.01267	0.02311	0.00925	0.04989	0.03925	0.01446	0.05584	0.21967	0.01575	0.00775	0.00461	0.00150	0.00478	0.03215	0.00316	0.00576
19	0.00894	0.16982	0.11000	0.00750	0.01024	0.07277	0.00691	0.01075	0.01071	0.03234	0.04473	0.11507	0.36451	0.00914	0.00493	0.00149	0.00410	0.00746	0.00357	0.00504
20	0.01068	0.15774	0.29675	0.01151	0.05860	0.05550	0.02835	0.04845	0.01079	0.04324	0.02536	0.18059	0.02490	0.00711	0.00491	0.01521	0.00548	0.00578	0.00293	0.00609
21	0.02832	0.12477	0.12044	0.01215	0.06866	0.05733	0.13231	0.01321	0.01041	0.06957	0.02437	0.15209	0.01386	0.02099	0.03531	0.02938	0.00574	0.07227	0.00312	0.00570
22	0.01214	0.22430	0.19318	0.01103	0.05861	0.06470	0.02821	0.03980	0.04010	0.09664	0.03443	0.01660	0.05803	0.02331	0.03445	0.00170	0.00572	0.04766	0.00309	0.00632

[dist]
# distance from previous block
# <min> <max>
13	92

[block]
# block no. 11 follows, 53 sequences, length 21
# corresponding to MSA columns:
# 683-688,690-704
name=unknown_L
#
# <colnr> <probs for GDERKNQSTAVLIFYWHMCP>
#	G	D	E	R	K	N	Q	S	T	A	V	L	I	F	Y	W	H	M	C	P
0	0.01220	0.04006	0.01547	0.06692	0.17751	0.12064	0.03135	0.04182	0.04828	0.03647	0.00916	0.03695	0.00808	0.00699	0.02272	0.00178	0.31047	0.00443	0.00263	0.00607
1	0.03410	0.12450	0.11750	0.01069	0.05340	0.03342	0.06230	0.09713	0.04125	0.03847	0.05976	0.11000	0.01256	0.00604	0.00447	0.00132	0.00483	0.00510	0.00327	0.17987
2	0.01007	0.00845	0.02778	0.02635	0.05892	0.08264	0.00685	0.04935	0.06762	0.07118	0.18310	0.16831	0.09270	0.01992	0.00560	0.00166	0.00399	0.08046	0.02973	0.00533
3	0.06476	0.00834	0.03248	0.03065	0.01156	0.00770	0.00685	0.12555	0.01397	0.35358	0.19066	0.06976	0.04861	0.00737	0.00498	0.00152	0.00382	0.00613	0.00508	0.00664
4	0.01166	0.15890	0.30239	0.04946	0.05953	0.06198	0.03962	0.05807	0.03207	0.05272	0.01054	0.07880	0.00898	0.00572	0.00509	0.00148	0.04927	0.00451	0.00271	0.00650
5	0.01104	0.01021	0.01585	0.12089	0.43893	0.01079	0.03333	0.01624	0.18753	0.01604	0.01323	0.03910	0.03466	0.00542	0.00483	0.00151	0.00513	0.00502	0.02329	0.00696
6	0.00614	0.00438	0.00590	0.00701	0.00743	0.00415	0.00498	0.00720	0.00946	0.01255	0.02617	0.70007	0.03093	0.01468	0.00618	0.00198	0.00304	0.13934	0.00443	0.00397
7	0.01278	0.83490	0.02505	0.00818	0.01227	0.01891	0.00818	0.01431	0.00971	0.01125	0.00664	0.00767	0.00613	0.00409	0.00307	0.00102	0.00511	0.00256	0.00204	0.00613
8	0.11429	0.03354	0.03207	0.02407	0.02808	0.00889	0.02839	0.12530	0.08104	0.15715	0.08979	0.04298	0.09224	0.00815	0.03251	0.01954	0.00430	0.01927	0.05225	0.00613
9	0.00784	0.00553	0.00649	0.00671	0.00794	0.00537	0.00505	0.05794	0.04803	0.03440	0.02886	0.31412	0.21685	0.02876	0.00597	0.00181	0.00313	0.11584	0.09480	0.00458
10	0.00705	0.00524	0.00737	0.00812	0.00912	0.00506	0.02843	0.00879	0.01043	0.01356	0.02717	0.29185	0.09477	0.01340	0.00634	0.00205	0.00383	0.44880	0.00436	0.00427
11	0.01089	0.18679	0.08357	0.03149	0.04812	0.03676	0.00820	0.10502	0.05837	0.02880	0.13248	0.08157	0.04073	0.05086	0.02837	0.00179	0.02513	0.02180	0.01344	0.00581
12	0.00819	0.00729	0.05882	0.04476	0.01037	0.00664	0.00659	0.02473	0.12482	0.03220	0.15038	0.25769	0.10592	0.01036	0.00577	0.00172	0.02623	0.07031	0.04214	0.00507
13	0.00716	0.00513	0.00636	0.00673	0.00756	0.00498	0.00478	0.03199	0.05292	0.02847	0.13527	0.43821	0.09253	0.09803	0.00780	0.00211	0.00312	0.05808	0.00445	0.00432
14	0.00710	0.00482	0.00578	0.00598	0.00630	0.00486	0.00384	0.02831	0.00820	0.01118	0.01774	0.21043	0.02009	0.50028	0.07741	0.00393	0.00473	0.03601	0.03953	0.00348
15	0.01347	0.05251	0.19191	0.01425	0.12274	0.08584	0.06836	0.13779	0.10209	0.08623	0.02746	0.02736	0.00943	0.00544	0.00509	0.00148	0.03370	0.00445	0.00335	0.00705
16	0.00788	0.00654	0.00914	0.00859	0.00919	0.00805	0.00672	0.00941	0.02622	0.01163	0.04353	0.05364	0.04752	0.07594	0.40145	0.03415	0.22752	0.00568	0.00276	0.00442
17	0.00655	0.00493	0.00613	0.00641	0.00736	0.00485	0.00470	0.00832	0.03924	0.01317	0.09964	0.24874	0.22175	0.07239	0.16594	0.00311	0.00485	0.05036	0.02740	0.00417
18	0.01245	0.09688	0.11775	0.04847	0.16917	0.06691	0.07456	0.04726	0.08132	0.08310	0.01116	0.01413	0.00909	0.03758	0.02626	0.00178	0.06429	0.02828	0.00299	0.00658
19	0.03301	0.14570	0.10837	0.06261	0.08172	0.05412	0.04488	0.16232	0.01251	0.01698	0.01061	0.03406	0.03075	0.03118	0.00491	0.00138	0.00536	0.00413	0.00296	0.15247
20	0.01059	0.00972	0.06701	0.02347	0.06776	0.03116	0.02876	0.14103	0.09001	0.01808	0.12579	0.05237	0.05896	0.03225	0.04991	0.00193	0.04082	0.02643	0.10304	0.02091

[dist]
# distance from previous block
# <min> <max>
0	55

[block]
# block no. 12 follows, 53 sequences, length 17
# corresponding to MSA columns:
# 773-777,818-829
name=unknown_M
#
# <colnr> <probs for GDERKNQSTAVLIFYWHMCP>
#	G	D	E	R	K	N	Q	S	T	A	V	L	I	F	Y	W	H	M	C	P
0	0.07122	0.00887	0.01058	0.09848	0.04263	0.03546	0.00767	0.06988	0.17436	0.19613	0.01651	0.15480	0.01413	0.02629	0.00563	0.00167	0.02875	0.00614	0.02442	0.00637
1	0.01076	0.08220	0.05835	0.16048	0.17124	0.10299	0.00989	0.04036	0.02332	0.02752	0.06816	0.05104	0.07565	0.04995	0.04636	0.00193	0.00579	0.00530	0.00296	0.00574
2	0.03341	0.09250	0.16117	0.06209	0.11390	0.10915	0.02826	0.10327	0.05474	0.05174	0.02744	0.07080	0.01011	0.00657	0.02845	0.00161	0.00593	0.00465	0.00308	0.03111
3	0.00804	0.00723	0.06830	0.00787	0.00939	0.02630	0.02523	0.01032	0.04753	0.05545	0.14647	0.35822	0.06050	0.05111	0.02717	0.00206	0.00388	0.07594	0.00426	0.00474
4	0.00716	0.00501	0.00637	0.00635	0.00670	0.00534	0.00424	0.02262	0.00763	0.01046	0.01482	0.09186	0.01620	0.46762	0.25232	0.03873	0.02341	0.00675	0.00291	0.00349
5	0.04446	0.09988	0.11874	0.11637	0.15945	0.08109	0.06371	0.01487	0.06310	0.03735	0.00978	0.03002	0.00821	0.03539	0.00650	0.01658	0.08143	0.00430	0.00260	0.00618
6	0.01104	0.22323	0.09679	0.00973	0.01283	0.03013	0.03889	0.06005	0.20856	0.01542	0.01611	0.10662	0.06957	0.00711	0.00529	0.00151	0.05565	0.02183	0.00343	0.00621
7	0.00611	0.00444	0.00575	0.00663	0.00717	0.00414	0.00468	0.00718	0.00966	0.01274	0.06570	0.59186	0.10770	0.04624	0.00680	0.00202	0.00297	0.09984	0.00441	0.00395
8	0.00696	0.00548	0.00695	0.00821	0.06319	0.02255	0.00537	0.00854	0.02924	0.01355	0.10263	0.46768	0.11577	0.03136	0.03029	0.00202	0.00343	0.04357	0.02884	0.00438
9	0.06179	0.03119	0.04304	0.08428	0.03311	0.07141	0.08286	0.20309	0.11213	0.09347	0.01289	0.04056	0.02076	0.00700	0.03659	0.00175	0.03043	0.00478	0.02221	0.00667
10	0.01059	0.03542	0.03339	0.00847	0.01060	0.02407	0.03419	0.13698	0.03616	0.07735	0.13325	0.12050	0.20009	0.00901	0.00629	0.00161	0.08611	0.00737	0.02300	0.00557
11	0.00695	0.00463	0.00521	0.00521	0.00521	0.00463	0.00290	0.00695	0.00695	0.00927	0.01506	0.03128	0.01738	0.83203	0.02433	0.00463	0.00463	0.00695	0.00290	0.00290
12	0.03769	0.26747	0.20750	0.04128	0.08354	0.06528	0.06533	0.06777	0.01147	0.05242	0.05083	0.01137	0.00878	0.00480	0.00422	0.00134	0.00587	0.00380	0.00269	0.00655
13	0.01363	0.01318	0.04598	0.10184	0.24340	0.13844	0.02862	0.15151	0.10350	0.05165	0.01177	0.01318	0.02657	0.00611	0.02832	0.00163	0.00610	0.00440	0.00326	0.00691
14	0.00872	0.00700	0.00846	0.00785	0.00927	0.02028	0.02555	0.04365	0.12753	0.03926	0.15034	0.18908	0.17246	0.06158	0.00766	0.00189	0.07944	0.03066	0.00429	0.00504
15	0.00599	0.00478	0.00537	0.00538	0.00671	0.00416	0.00397	0.00746	0.01147	0.01465	0.26396	0.12784	0.49792	0.01174	0.00569	0.00162	0.00241	0.01005	0.00468	0.00416
16	0.00593	0.00428	0.00565	0.00670	0.00710	0.00399	0.00460	0.00687	0.00935	0.01237	0.02737	0.74139	0.06921	0.01472	0.00611	0.00194	0.00286	0.06120	0.00443	0.00392

[dist]
# distance from previous block
# <min> <max>
0	1

[block]
# block no. 13 follows, 53 sequences, length 19
# corresponding to MSA columns:
# 831-849
name=unknown_N
#
# <colnr> <probs for GDERKNQSTAVLIFYWHMCP>
#	G	D	E	R	K	N	Q	S	T	A	V	L	I	F	Y	W	H	M	C	P
0	0.01296	0.00982	0.01091	0.00954	0.01220	0.01110	0.00752	0.05398	0.58400	0.11750	0.06359	0.01807	0.01537	0.00666	0.00540	0.00161	0.04208	0.00542	0.00488	0.00737
1	0.00987	0.00817	0.01177	0.02880	0.01164	0.02310	0.04981	0.01131	0.00837	0.07546	0.01116	0.05347	0.01055	0.07842	0.26133	0.00391	0.32988	0.00523	0.00274	0.00500
2	0.13248	0.03767	0.04183	0.13993	0.20676	0.07793	0.04676	0.04706	0.01122	0.14936	0.01044	0.01244	0.00795	0.02692	0.03001	0.00173	0.00580	0.00410	0.00312	0.00650
3	0.01426	0.01080	0.01152	0.00944	0.01246	0.01185	0.00759	0.45230	0.18626	0.02441	0.01852	0.05519	0.10564	0.00708	0.00489	0.00150	0.00433	0.00567	0.04916	0.00713
4	0.01015	0.02321	0.01383	0.29448	0.13035	0.01019	0.06311	0.04918	0.01032	0.01487	0.01110	0.01419	0.02992	0.00554	0.00598	0.00152	0.11469	0.00452	0.18724	0.00562
5	0.01019	0.00951	0.01297	0.01122	0.01150	0.01279	0.00914	0.05458	0.00816	0.01226	0.00812	0.01360	0.00812	0.10562	0.08110	0.00280	0.61631	0.00459	0.00237	0.00504
6	0.00984	0.00674	0.00793	0.00708	0.00903	0.00669	0.00548	0.04960	0.17132	0.10987	0.38443	0.03050	0.16447	0.00888	0.00535	0.00154	0.00294	0.00759	0.00509	0.00563
7	0.01119	0.01262	0.02692	0.01931	0.02393	0.01196	0.72224	0.01503	0.01107	0.01517	0.00949	0.01267	0.00721	0.00418	0.00596	0.00159	0.04043	0.00547	0.00242	0.04116
8	0.00692	0.00476	0.00588	0.00588	0.00610	0.00499	0.00372	0.00738	0.00715	0.00976	0.01445	0.02792	0.01592	0.61835	0.23601	0.00545	0.00683	0.00646	0.00281	0.00326
9	0.00603	0.00451	0.00558	0.00608	0.00682	0.00415	0.00423	0.00717	0.01006	0.01323	0.14949	0.43331	0.22074	0.06051	0.04313	0.00220	0.00316	0.01121	0.00439	0.00398
10	0.00673	0.00501	0.00672	0.04289	0.00917	0.00487	0.00598	0.00834	0.01041	0.01355	0.07651	0.33097	0.13922	0.01311	0.00614	0.00195	0.00348	0.30636	0.00437	0.00421
11	0.00690	0.00461	0.00523	0.00528	0.00530	0.00460	0.00297	0.00694	0.00706	0.00941	0.01560	0.06934	0.01806	0.79304	0.02346	0.00451	0.00454	0.00727	0.00297	0.00294
12	0.00815	0.00664	0.00954	0.00956	0.04626	0.00802	0.00707	0.00987	0.04236	0.01183	0.03722	0.07143	0.01275	0.03550	0.39882	0.08353	0.18866	0.00551	0.00272	0.00454
13	0.00970	0.00599	0.00717	0.00669	0.00818	0.00581	0.00492	0.01233	0.10463	0.15002	0.09953	0.09896	0.17460	0.21539	0.04138	0.00262	0.00392	0.03886	0.00437	0.00494
14	0.02531	0.00722	0.00788	0.00682	0.00894	0.01909	0.00536	0.14453	0.04769	0.15472	0.05338	0.05393	0.05135	0.00659	0.00425	0.00134	0.00328	0.00534	0.38716	0.00583
15	0.01573	0.01224	0.01672	0.01271	0.01639	0.01304	0.18374	0.47752	0.01791	0.06964	0.01202	0.01418	0.00908	0.00582	0.00550	0.00153	0.04158	0.04042	0.02690	0.00735
16	0.03119	0.00613	0.00805	0.00878	0.07047	0.00621	0.02949	0.03107	0.07166	0.01316	0.02069	0.29821	0.07429	0.24097	0.04802	0.00284	0.00433	0.02627	0.00370	0.00446
17	0.03668	0.14524	0.03536	0.09243	0.20337	0.09207	0.05433	0.16516	0.01277	0.03296	0.00933	0.01180	0.00764	0.04160	0.01934	0.00164	0.02477	0.00403	0.00288	0.00659
18	0.01104	0.02982	0.06864	0.01069	0.02934	0.04628	0.13109	0.08269	0.04277	0.03741	0.01309	0.12260	0.03250	0.00594	0.00459	0.00127	0.00486	0.00530	0.00326	0.31681

[dist]
# distance from previous block
# <min> <max>
0	13

[block]
# block no. 14 follows, 53 sequences, length 16
# corresponding to MSA columns:
# 863-878
name=unknown_O
#
# <colnr> <probs for GDERKNQSTAVLIFYWHMCP>
#	G	D	E	R	K	N	Q	S	T	A	V	L	I	F	Y	W	H	M	C	P
0	0.08441	0.07192	0.14783	0.09568	0.03998	0.11951	0.01005	0.04406	0.02251	0.12347	0.03443	0.01531	0.06495	0.00608	0.00551	0.00151	0.07874	0.02472	0.00319	0.00614
1	0.00737	0.00506	0.00615	0.02709	0.00745	0.00518	0.00447	0.03403	0.00933	0.01327	0.03638	0.28026	0.08455	0.20343	0.06928	0.00278	0.02684	0.00851	0.16454	0.00403
2	0.17453	0.00838	0.00951	0.02904	0.01134	0.00876	0.00670	0.10084	0.11869	0.23188	0.08630	0.02032	0.05087	0.00821	0.04200	0.00184	0.00431	0.06228	0.01780	0.00640
