[name]
unknown

[dist]
# distance from previous block
# <min> <max>
0	87

[block]
# block no. 0 follows, 50 sequences, length 37
# corresponding to MSA columns:
# 96-132
name=unknown_A
#
# <colnr> <probs for GDERKNQSTAVLIFYWHMCP>
#	G	D	E	R	K	N	Q	S	T	A	V	L	I	F	Y	W	H	M	C	P
0	0.03395	0.00846	0.01319	0.07448	0.31817	0.00860	0.01094	0.01250	0.01134	0.01574	0.05431	0.03289	0.03317	0.00889	0.00576	0.00184	0.00508	0.32824	0.00357	0.01888
1	0.01082	0.01008	0.01580	0.30256	0.30575	0.01110	0.02861	0.01583	0.14939	0.01582	0.03854	0.01629	0.04662	0.00561	0.00507	0.00160	0.00560	0.00511	0.00304	0.00676
2	0.00980	0.05388	0.00621	0.00506	0.00649	0.00584	0.00395	0.03277	0.01079	0.01853	0.01559	0.01777	0.01228	0.00572	0.00351	0.00116	0.00259	0.00452	0.77869	0.00485
3	0.00889	0.00797	0.01139	0.01040	0.01083	0.01047	0.00840	0.01028	0.00792	0.01184	0.01087	0.06109	0.01077	0.02229	0.37842	0.00485	0.40048	0.00537	0.00255	0.00491
4	0.00712	0.00534	0.00801	0.00801	0.00890	0.00623	0.00623	0.00890	0.00801	0.01157	0.01335	0.01958	0.01246	0.03738	0.80507	0.00801	0.01335	0.00534	0.00267	0.00445
5	0.01085	0.11631	0.68086	0.01336	0.02023	0.01234	0.01687	0.01601	0.01062	0.04535	0.00913	0.01048	0.00656	0.00474	0.00457	0.00152	0.00701	0.00362	0.00226	0.00730
6	0.00737	0.00578	0.03677	0.00687	0.00812	0.00485	0.00531	0.00934	0.01243	0.04460	0.45883	0.27688	0.06882	0.01166	0.00597	0.00172	0.00282	0.02206	0.00507	0.00472
7	0.00613	0.00438	0.00585	0.00701	0.00733	0.00410	0.00473	0.00705	0.00960	0.01279	0.02744	0.79776	0.03283	0.01556	0.00638	0.00203	0.00294	0.03738	0.00463	0.00407
8	0.65229	0.06241	0.07854	0.00802	0.01155	0.04305	0.03193	0.01495	0.00914	0.02043	0.00747	0.00876	0.00582	0.00465	0.00339	0.00150	0.00457	0.00295	0.02290	0.00567
9	0.00670	0.00494	0.00627	0.00624	0.00731	0.00451	0.00456	0.00862	0.01284	0.01768	0.54065	0.19351	0.14452	0.01159	0.00598	0.00167	0.00248	0.01023	0.00520	0.00451
10	0.03496	0.07013	0.21686	0.05999	0.05972	0.01154	0.05203	0.11244	0.10158	0.03293	0.02753	0.01248	0.00897	0.00500	0.00457	0.00138	0.00554	0.00411	0.00321	0.17505
11	0.00979	0.00910	0.01514	0.56078	0.08458	0.01055	0.06595	0.02634	0.03251	0.01403	0.01203	0.04191	0.03863	0.00575	0.00510	0.00164	0.00616	0.01824	0.02099	0.02078
12	0.01425	0.36942	0.07192	0.01145	0.01535	0.21220	0.08641	0.04872	0.08018	0.01418	0.00942	0.02843	0.00798	0.00505	0.00420	0.00131	0.00651	0.00379	0.00271	0.00650
13	0.01909	0.00780	0.01025	0.00812	0.01136	0.00694	0.00661	0.04206	0.01397	0.59808	0.08618	0.01882	0.01532	0.00646	0.00487	0.00149	0.00384	0.00529	0.12583	0.00761
14	0.04005	0.15057	0.06683	0.01063	0.01448	0.05956	0.00929	0.30967	0.20934	0.06080	0.01300	0.01283	0.00966	0.00573	0.00461	0.00147	0.00529	0.00432	0.00421	0.00767
15	0.04104	0.41013	0.11915	0.01011	0.01470	0.03885	0.05697	0.05599	0.01137	0.06845	0.00882	0.00984	0.00708	0.00450	0.00388	0.00120	0.00554	0.00331	0.00274	0.12633
16	0.04514	0.39068	0.16823	0.00982	0.01421	0.01520	0.00998	0.09613	0.09686	0.03008	0.04754	0.01280	0.03333	0.00539	0.00412	0.00135	0.00528	0.00395	0.00309	0.00682
17	0.01178	0.32514	0.37471	0.02823	0.01718	0.01407	0.02736	0.01569	0.02751	0.05379	0.05369	0.01171	0.00920	0.00498	0.00427	0.00139	0.00609	0.00377	0.00259	0.00687
18	0.00598	0.00480	0.00534	0.00574	0.00692	0.00416	0.00410	0.00713	0.01079	0.01336	0.05979	0.31786	0.50932	0.01361	0.00606	0.00180	0.00265	0.01176	0.00465	0.00416
19	0.01173	0.01123	0.01914	0.19204	0.63700	0.01168	0.01500	0.01477	0.01106	0.01555	0.00927	0.01253	0.00764	0.00455	0.00494	0.00152	0.00607	0.00444	0.00242	0.00741
20	0.01259	0.01133	0.01771	0.06434	0.55306	0.01170	0.01326	0.11939	0.04515	0.01809	0.01162	0.07776	0.01024	0.00568	0.00506	0.00154	0.00557	0.00528	0.00308	0.00755
21	0.02156	0.00902	0.01178	0.00909	0.01288	0.00822	0.00749	0.10119	0.03179	0.68778	0.01883	0.01652	0.01201	0.00616	0.00498	0.00153	0.00433	0.00497	0.02147	0.00840
22	0.00713	0.00530	0.00782	0.00782	0.00864	0.00613	0.00599	0.00878	0.00795	0.01143	0.01353	0.02055	0.01288	0.09606	0.74698	0.00777	0.01272	0.00548	0.00270	0.00434
23	0.00978	0.00918	0.01548	0.64899	0.15566	0.01097	0.01372	0.01297	0.01010	0.01325	0.00915	0.01343	0.00712	0.00641	0.04240	0.00193	0.00684	0.00447	0.00228	0.00587
24	0.01139	0.01087	0.01852	0.28466	0.54709	0.01159	0.01482	0.01447	0.01090	0.01513	0.00921	0.01265	0.00749	0.00462	0.00495	0.00154	0.00616	0.00444	0.00239	0.00713
25	0.00850	0.00686	0.01075	0.03982	0.21061	0.00669	0.03124	0.01017	0.01030	0.03625	0.02143	0.51084	0.02416	0.01172	0.00592	0.00186	0.00406	0.03954	0.00397	0.00531
26	0.02220	0.00874	0.01173	0.00899	0.01285	0.00771	0.00743	0.05951	0.01470	0.76136	0.01930	0.01673	0.01216	0.00616	0.00501	0.00154	0.00430	0.00499	0.00611	0.00848
27	0.00607	0.00434	0.00578	0.00694	0.00723	0.00405	0.00463	0.00694	0.00954	0.01272	0.02747	0.82157	0.03297	0.01562	0.00636	0.00202	0.00289	0.01417	0.00463	0.00405
28	0.01125	0.01450	0.19419	0.11623	0.26985	0.01147	0.17376	0.05424	0.01172	0.01642	0.03400	0.04922	0.00966	0.00528	0.00519	0.00159	0.00658	0.00515	0.00269	0.00701
29	0.00800	0.00506	0.00754	0.10145	0.01020	0.00537	0.00575	0.00755	0.00787	0.01050	0.01434	0.25607	0.01571	0.01551	0.02865	0.46076	0.02620	0.00730	0.00292	0.00326
30	0.01091	0.01091	0.01527	0.01309	0.01309	0.01527	0.01091	0.01200	0.00763	0.01200	0.00654	0.01091	0.00654	0.00872	0.01636	0.00218	0.81570	0.00436	0.00218	0.00545
31	0.01034	0.00886	0.01034	0.00738	0.01181	0.00664	0.00591	0.01255	0.01034	0.01624	0.00886	0.01034	0.00738	0.00369	0.00369	0.00074	0.00369	0.00295	0.00295	0.85530
32	0.04586	0.79638	0.02540	0.00845	0.01267	0.01939	0.00841	0.01491	0.01006	0.01214	0.00693	0.00800	0.00636	0.00428	0.00319	0.00108	0.00527	0.00267	0.00217	0.00636
33	0.01165	0.01115	0.01900	0.21298	0.61667	0.01166	0.01496	0.01470	0.01103	0.01546	0.00926	0.01256	0.00760	0.00457	0.00495	0.00152	0.00609	0.00444	0.00241	0.00735
34	0.01661	0.02064	0.01397	0.01258	0.01495	0.65113	0.04885	0.01799	0.01331	0.01245	0.01012	0.10461	0.00960	0.00640	0.00506	0.00141	0.02724	0.00466	0.00280	0.00562
35	0.05589	0.00667	0.00861	0.02478	0.01007	0.00656	0.02777	0.01088	0.04623	0.03549	0.08794	0.21686	0.05018	0.07101	0.11513	0.00271	0.02723	0.04610	0.00384	0.14605
36	0.12739	0.29199	0.14733	0.01150	0.05079	0.07478	0.04286	0.03214	0.04675	0.01537	0.00837	0.00986	0.00689	0.00492	0.00486	0.00138	0.06625	0.00342	0.00257	0.05058

[dist]
# distance from previous block
# <min> <max>
0	6

[block]
# block no. 1 follows, 50 sequences, length 35
# corresponding to MSA columns:
# 139-168,171,172,177-179
name=unknown_B
#
# <colnr> <probs for GDERKNQSTAVLIFYWHMCP>
#	G	D	E	R	K	N	Q	S	T	A	V	L	I	F	Y	W	H	M	C	P
0	0.01336	0.09530	0.47667	0.01248	0.01843	0.01143	0.04208	0.01822	0.05041	0.19674	0.01185	0.01229	0.00821	0.00511	0.00472	0.00153	0.00632	0.00408	0.00321	0.00754
1	0.01249	0.11819	0.46858	0.01285	0.03673	0.05509	0.03056	0.01687	0.02843	0.11938	0.01120	0.04856	0.00862	0.00542	0.00469	0.00152	0.00650	0.00430	0.00288	0.00717
2	0.02029	0.00867	0.01121	0.00878	0.01232	0.00799	0.00720	0.09258	0.03869	0.61900	0.01854	0.01675	0.01211	0.00689	0.02404	0.00167	0.00441	0.00496	0.07586	0.00805
3	0.03797	0.01156	0.01254	0.01266	0.11080	0.07269	0.00881	0.02399	0.51669	0.11031	0.01750	0.01659	0.01301	0.00622	0.00495	0.00161	0.00461	0.00514	0.00463	0.00773
4	0.01272	0.05057	0.29606	0.18060	0.08050	0.01108	0.04439	0.03332	0.01151	0.16154	0.03532	0.01333	0.00901	0.00532	0.00526	0.00158	0.03333	0.00440	0.00311	0.00704
5	0.01085	0.01010	0.03395	0.08765	0.18295	0.00974	0.22471	0.01412	0.04084	0.06750	0.03530	0.10043	0.08888	0.00852	0.04798	0.00200	0.01817	0.00666	0.00331	0.00634
6	0.00725	0.00483	0.00544	0.00544	0.00544	0.00483	0.00302	0.00725	0.00725	0.00966	0.01571	0.03262	0.01812	0.82483	0.02537	0.00483	0.00483	0.00725	0.00302	0.00302
7	0.01478	0.01090	0.01925	0.11822	0.13314	0.01078	0.26296	0.04342	0.03531	0.24393	0.01317	0.02758	0.00953	0.00535	0.00561	0.00162	0.02815	0.00528	0.00372	0.00727
8	0.03334	0.01433	0.35518	0.01066	0.01435	0.00796	0.04284	0.01151	0.01012	0.01464	0.04043	0.36756	0.01949	0.02707	0.00592	0.00185	0.00514	0.00858	0.00338	0.00565
9	0.00633	0.00496	0.00573	0.00577	0.00706	0.00436	0.00424	0.00791	0.01205	0.01564	0.30621	0.16246	0.41507	0.01223	0.00596	0.00169	0.00252	0.01055	0.00493	0.00436
10	0.01145	0.01262	0.02664	0.04610	0.02447	0.01209	0.66134	0.03154	0.01187	0.01614	0.03939	0.04237	0.00987	0.00499	0.00608	0.00170	0.02591	0.00617	0.00274	0.00652
11	0.03222	0.01298	0.05862	0.03055	0.05963	0.09389	0.16878	0.06243	0.09561	0.25146	0.01346	0.01399	0.00956	0.00567	0.00595	0.00161	0.06745	0.00483	0.00399	0.00733
12	0.02236	0.00848	0.01157	0.00887	0.01272	0.00733	0.00733	0.02429	0.01427	0.79719	0.01966	0.01697	0.01234	0.00617	0.00501	0.00154	0.00424	0.00501	0.00617	0.00848
13	0.00745	0.00568	0.00844	0.00829	0.00908	0.00676	0.00647	0.00900	0.00792	0.01147	0.01267	0.01879	0.01188	0.03451	0.71544	0.04588	0.06802	0.00523	0.00261	0.00442
14	0.03063	0.24931	0.48639	0.01298	0.04275	0.01406	0.03182	0.05070	0.01102	0.01554	0.00851	0.00995	0.00649	0.00464	0.00431	0.00143	0.00661	0.00349	0.00229	0.00710
15	0.00690	0.00509	0.00645	0.00611	0.00735	0.00464	0.00458	0.00911	0.01375	0.01914	0.69432	0.03864	0.14434	0.01051	0.00588	0.00158	0.00237	0.00921	0.00537	0.00464
16	0.00607	0.00436	0.00577	0.00689	0.00722	0.00405	0.00461	0.00695	0.00959	0.01274	0.02805	0.80230	0.05187	0.01554	0.00635	0.00202	0.00288	0.01408	0.00463	0.00405
17	0.01875	0.01411	0.01483	0.01146	0.01538	0.03517	0.00943	0.73582	0.04581	0.03062	0.01211	0.01209	0.00863	0.00599	0.00498	0.00150	0.00553	0.00449	0.00493	0.00839
18	0.01351	0.79982	0.02570	0.00868	0.01288	0.04706	0.00857	0.01510	0.01027	0.01174	0.00696	0.00803	0.00640	0.00429	0.00324	0.00107	0.00546	0.00268	0.00215	0.00638
19	0.01149	0.00938	0.01149	0.02370	0.07091	0.00768	0.00703	0.06028	0.01137	0.04910	0.00953	0.01091	0.00768	0.00401	0.00394	0.00089	0.00404	0.00327	0.00316	0.69012
20	0.01165	0.01399	0.07755	0.02083	0.08020	0.01263	0.63123	0.01569	0.01143	0.01576	0.00977	0.01304	0.00745	0.00450	0.00630	0.00169	0.05148	0.00556	0.00247	0.00678
21	0.01000	0.02578	0.79900	0.01421	0.02157	0.01158	0.01842	0.01579	0.01052	0.01579	0.00895	0.01052	0.00631	0.00474	0.00474	0.00158	0.00737	0.00368	0.00210	0.00737
22	0.00951	0.00896	0.01512	0.78757	0.05887	0.01110	0.01389	0.01282	0.01001	0.01285	0.00888	0.01326	0.00668	0.00497	0.00498	0.00166	0.00662	0.00443	0.00222	0.00561
23	0.02141	0.00959	0.03518	0.00931	0.01326	0.00838	0.00788	0.09805	0.03464	0.67912	0.01861	0.01633	0.01185	0.00612	0.00500	0.00154	0.00445	0.00494	0.00590	0.00843
24	0.00855	0.00439	0.00654	0.00654	0.00658	0.00443	0.00439	0.00662	0.00658	0.00882	0.00904	0.01577	0.00906	0.03747	0.05593	0.79559	0.00476	0.00445	0.00221	0.00229
25	0.00712	0.00534	0.00801	0.00801	0.00890	0.00623	0.00623	0.00890	0.00801	0.01157	0.01335	0.01958	0.01246	0.03738	0.80507	0.00801	0.01335	0.00534	0.00267	0.00445
26	0.01349	0.80341	0.02576	0.00866	0.01287	0.04356	0.00856	0.01508	0.01025	0.01174	0.00695	0.00803	0.00640	0.00429	0.00324	0.00107	0.00544	0.00268	0.00215	0.00638
27	0.05911	0.01553	0.01534	0.10373	0.16444	0.23566	0.01090	0.29746	0.01629	0.02064	0.00968	0.01115	0.00743	0.00527	0.00474	0.00145	0.00660	0.00402	0.00343	0.00713
28	0.01091	0.01091	0.01527	0.01309	0.01309	0.01527	0.01091	0.01200	0.00763	0.01200	0.00654	0.01091	0.00654	0.00872	0.01636	0.00218	0.81570	0.00436	0.00218	0.00545
29	0.00959	0.00947	0.03621	0.74912	0.07512	0.01113	0.01404	0.01296	0.01006	0.01301	0.00889	0.01316	0.00670	0.00495	0.00497	0.00165	0.00662	0.00441	0.00223	0.00571
30	0.01299	0.24567	0.34925	0.01195	0.01732	0.03982	0.03842	0.13242	0.03335	0.04138	0.00989	0.02859	0.00773	0.00513	0.00443	0.00143	0.00631	0.00391	0.00284	0.00717
31	0.01702	0.05444	0.03942	0.01298	0.01720	0.01063	0.24802	0.11437	0.01430	0.35443	0.05438	0.01563	0.01167	0.00560	0.00522	0.00156	0.00574	0.00526	0.00452	0.00760
32	0.00596	0.00493	0.00517	0.00535	0.00678	0.00420	0.00390	0.00712	0.01097	0.01325	0.04599	0.16831	0.65294	0.03445	0.00648	0.00182	0.00264	0.01100	0.00459	0.00415
33	0.00607	0.00434	0.00578	0.00694	0.00723	0.00405	0.00463	0.00694	0.00954	0.01272	0.02747	0.82157	0.03297	0.01562	0.00636	0.00202	0.00289	0.01417	0.00463	0.00405
34	0.05215	0.00987	0.01456	0.23913	0.23874	0.03701	0.03490	0.03471	0.02193	0.02943	0.01080	0.03289	0.00971	0.13153	0.03041	0.00228	0.05621	0.00504	0.00273	0.00597

[dist]
# distance from previous block
# <min> <max>
4	24

[block]
# block no. 2 follows, 50 sequences, length 15
# corresponding to MSA columns:
# 207-221
name=unknown_C
#
# <colnr> <probs for GDERKNQSTAVLIFYWHMCP>
#	G	D	E	R	K	N	Q	S	T	A	V	L	I	F	Y	W	H	M	C	P
0	0.05921	0.04150	0.12687	0.01316	0.07482	0.05096	0.12238	0.07627	0.03768	0.26258	0.07314	0.01524	0.01205	0.00566	0.00497	0.00154	0.00562	0.00490	0.00412	0.00734
1	0.05717	0.36686	0.14770	0.00980	0.01414	0.03300	0.00973	0.08023	0.12384	0.04775	0.01178	0.01218	0.03659	0.00525	0.00408	0.00134	0.00530	0.00382	0.00312	0.02632
2	0.02939	0.29477	0.10058	0.01098	0.02761	0.12619	0.03673	0.09383	0.07665	0.04095	0.02494	0.01153	0.00865	0.02186	0.00512	0.00142	0.03855	0.00380	0.00301	0.04346
3	0.01142	0.03786	0.00971	0.02369	0.01057	0.00883	0.00624	0.21147	0.08194	0.05942	0.10462	0.07302	0.21597	0.09004	0.00732	0.00191	0.00392	0.00739	0.02874	0.00591
4	0.00923	0.00889	0.11115	0.00829	0.01078	0.00668	0.00727	0.03354	0.05680	0.06742	0.12743	0.22590	0.08325	0.03685	0.02802	0.00193	0.00416	0.06353	0.00425	0.10463
5	0.03575	0.38467	0.04777	0.05588	0.03405	0.18713	0.00941	0.09132	0.03732	0.03617	0.00991	0.01087	0.03038	0.00507	0.00404	0.00128	0.00611	0.00354	0.00282	0.00651
6	0.00627	0.00459	0.00589	0.00656	0.00722	0.00421	0.00454	0.00751	0.01077	0.01442	0.19917	0.55411	0.12826	0.01405	0.00620	0.00188	0.00273	0.01259	0.00482	0.00421
7	0.00707	0.00511	0.00647	0.00696	0.00772	0.00501	0.00519	0.00832	0.00979	0.01282	0.05755	0.15681	0.14188	0.23954	0.08773	0.00338	0.00483	0.22578	0.00402	0.00401
8	0.12273	0.03517	0.06735	0.14880	0.03248	0.01192	0.19612	0.13477	0.01266	0.07079	0.01050	0.01333	0.00805	0.00525	0.00529	0.00157	0.03576	0.02638	0.00321	0.05786
9	0.00852	0.00686	0.01056	0.07582	0.17839	0.00743	0.00800	0.01011	0.00865	0.01213	0.01242	0.02011	0.01205	0.19562	0.36545	0.04598	0.00897	0.00544	0.00264	0.00486
10	0.00729	0.00488	0.00556	0.00562	0.00567	0.00488	0.00326	0.00740	0.00745	0.00992	0.01623	0.03377	0.01864	0.78536	0.02447	0.00471	0.00482	0.04388	0.00310	0.00310
11	0.01647	0.04851	0.01415	0.03974	0.01531	0.24211	0.00920	0.29319	0.23061	0.02150	0.01273	0.01283	0.00960	0.00585	0.00480	0.00148	0.00610	0.00436	0.00410	0.00735
12	0.03157	0.01039	0.01153	0.05586	0.01378	0.03979	0.00766	0.22399	0.07617	0.07066	0.07259	0.01749	0.04022	0.00616	0.00473	0.00134	0.00452	0.04079	0.00416	0.26659
13	0.04904	0.01211	0.01279	0.05333	0.01478	0.05785	0.00857	0.33882	0.21402	0.12305	0.01465	0.01504	0.01082	0.04526	0.00589	0.00171	0.00510	0.00483	0.00471	0.00764
14	0.01041	0.00636	0.03507	0.00695	0.00880	0.00551	0.00577	0.01275	0.01251	0.14715	0.27913	0.03125	0.05644	0.00879	0.00520	0.00157	0.00319	0.12346	0.23433	0.00537

[dist]
# distance from previous block
# <min> <max>
2	6

[block]
# block no. 3 follows, 50 sequences, length 27
# corresponding to MSA columns:
# 228-254
name=unknown_D
#
# <colnr> <probs for GDERKNQSTAVLIFYWHMCP>
#	G	D	E	R	K	N	Q	S	T	A	V	L	I	F	Y	W	H	M	C	P
0	0.34965	0.15459	0.05538	0.00910	0.01265	0.09393	0.00796	0.11448	0.12579	0.02007	0.00973	0.01034	0.00756	0.00511	0.00387	0.00145	0.00504	0.00346	0.00335	0.00648
1	0.01386	0.74666	0.02491	0.00896	0.01306	0.09897	0.00864	0.01543	0.01053	0.01177	0.00701	0.00810	0.00640	0.00435	0.00333	0.00109	0.00570	0.00272	0.00218	0.00633
2	0.06664	0.32638	0.03427	0.00966	0.01349	0.08971	0.00853	0.15153	0.11092	0.10597	0.01110	0.01126	0.00851	0.00520	0.00411	0.00133	0.00532	0.00371	0.00358	0.02877
3	0.07748	0.01283	0.20133	0.06178	0.08989	0.00910	0.01048	0.01459	0.01067	0.11415	0.01300	0.07544	0.03812	0.00593	0.00505	0.00142	0.03737	0.00480	0.00323	0.21331
4	0.02572	0.06352	0.03707	0.10975	0.31820	0.10830	0.05589	0.08232	0.08271	0.01677	0.01052	0.01329	0.00858	0.00523	0.00510	0.00152	0.02300	0.02247	0.00293	0.00708
5	0.78205	0.01069	0.00798	0.00710	0.01018	0.06428	0.00579	0.03477	0.00925	0.02192	0.00712	0.00826	0.00555	0.00470	0.00323	0.00152	0.00424	0.00278	0.00310	0.00550
6	0.00724	0.00485	0.00551	0.00551	0.00554	0.00487	0.00311	0.00730	0.00727	0.00972	0.01564	0.03224	0.01796	0.80188	0.04809	0.00492	0.00508	0.00719	0.00301	0.00306
7	0.00714	0.00525	0.00755	0.00755	0.00828	0.00598	0.00566	0.00861	0.00787	0.01123	0.01377	0.02191	0.01347	0.17777	0.66607	0.00744	0.01183	0.00568	0.00273	0.00420
8	0.24031	0.03284	0.01338	0.02961	0.14026	0.04439	0.03674	0.10680	0.18545	0.10401	0.01245	0.01287	0.00927	0.00540	0.00446	0.00154	0.00491	0.00427	0.00389	0.00714
9	0.02790	0.00545	0.00680	0.03484	0.00849	0.00508	0.00493	0.00972	0.01292	0.05342	0.50876	0.06854	0.19185	0.03177	0.00627	0.00170	0.00275	0.00898	0.00507	0.00475
10	0.00701	0.00510	0.00724	0.00740	0.00822	0.00559	0.00557	0.00866	0.00892	0.01274	0.07667	0.15497	0.03912	0.04895	0.53320	0.00596	0.00976	0.00724	0.04331	0.00437
11	0.12622	0.03191	0.01404	0.38832	0.02336	0.06121	0.03788	0.10005	0.05616	0.07867	0.01048	0.01279	0.00777	0.00597	0.02360	0.00173	0.00613	0.00427	0.00316	0.00627
12	0.03200	0.20349	0.23805	0.04217	0.04703	0.10859	0.07918	0.07221	0.01193	0.04708	0.02288	0.01107	0.00768	0.00523	0.00517	0.01506	0.03788	0.00387	0.00268	0.00673
13	0.00884	0.00601	0.00738	0.00694	0.00844	0.00582	0.00518	0.01232	0.11477	0.08357	0.43080	0.13014	0.10170	0.04739	0.00665	0.00180	0.00292	0.00892	0.00520	0.00524
14	0.00725	0.00483	0.00544	0.00544	0.00544	0.00483	0.00302	0.00725	0.00725	0.00966	0.01571	0.03262	0.01812	0.82483	0.02537	0.00483	0.00483	0.00725	0.00302	0.00302
15	0.03595	0.16208	0.24841	0.03279	0.09059	0.05660	0.02881	0.06785	0.01224	0.14388	0.03644	0.01242	0.00910	0.00523	0.00474	0.00146	0.02087	0.00407	0.01937	0.00713
16	0.01230	0.02665	0.01708	0.09482	0.28021	0.01164	0.09757	0.06600	0.12480	0.05488	0.01323	0.05370	0.01129	0.00634	0.00603	0.00167	0.06320	0.04818	0.00337	0.00703
17	0.00606	0.00474	0.00550	0.00597	0.00701	0.00418	0.00422	0.00724	0.01079	0.01366	0.09929	0.38345	0.40272	0.01373	0.00609	0.00182	0.00267	0.01199	0.00470	0.00418
18	0.01776	0.00813	0.01068	0.00868	0.01167	0.00773	0.00698	0.03976	0.07974	0.51776	0.07860	0.01950	0.01538	0.05451	0.07732	0.00233	0.02516	0.00550	0.00541	0.00740
19	0.01391	0.08592	0.11126	0.06378	0.20870	0.01126	0.04165	0.06204	0.04576	0.18212	0.01340	0.06621	0.01087	0.00615	0.00538	0.00158	0.03500	0.02417	0.00361	0.00725
20	0.01078	0.02398	0.65040	0.01452	0.02111	0.06406	0.07598	0.01621	0.02781	0.01558	0.00914	0.01084	0.00662	0.00487	0.00511	0.00158	0.02813	0.00388	0.00223	0.00717
21	0.01100	0.26729	0.56627	0.01250	0.01893	0.01403	0.01544	0.01553	0.01040	0.01456	0.00834	0.00976	0.00634	0.00459	0.00427	0.00142	0.00675	0.00338	0.00211	0.00707
22	0.01033	0.05836	0.10049	0.01015	0.07410	0.04211	0.00814	0.01299	0.04176	0.10011	0.06694	0.14328	0.17922	0.01025	0.02648	0.00185	0.00458	0.08419	0.01894	0.00573
23	0.03164	0.02775	0.26239	0.04716	0.05573	0.04748	0.08689	0.04975	0.04341	0.14099	0.04917	0.03391	0.01111	0.00571	0.00492	0.00153	0.00591	0.01959	0.01995	0.05500
24	0.01278	0.00742	0.00902	0.00785	0.00945	0.02680	0.00584	0.06935	0.01089	0.22879	0.03404	0.02286	0.01461	0.32113	0.12959	0.00375	0.05545	0.00587	0.01909	0.00542
25	0.04388	0.00759	0.00974	0.04626	0.04783	0.00767	0.00723	0.08594	0.02198	0.20764	0.06363	0.08975	0.03749	0.02384	0.00587	0.00173	0.02459	0.13074	0.13049	0.00612
26	0.03061	0.23020	0.14762	0.13749	0.12462	0.04161	0.05969	0.04828	0.03685	0.01503	0.01100	0.03081	0.02774	0.00546	0.00458	0.00148	0.00605	0.03163	0.00267	0.00658

[dist]
# distance from previous block
# <min> <max>
2	27

[block]
# block no. 4 follows, 50 sequences, length 14
# corresponding to MSA columns:
# 323-336
name=unknown_E
#
# <colnr> <probs for GDERKNQSTAVLIFYWHMCP>
#	G	D	E	R	K	N	Q	S	T	A	V	L	I	F	Y	W	H	M	C	P
0	0.00972	0.07815	0.05290	0.00752	0.00992	0.00752	0.00626	0.06297	0.01154	0.05059	0.13441	0.12068	0.08108	0.09949	0.04269	0.00210	0.00430	0.03083	0.04763	0.13969
1	0.04256	0.03751	0.12132	0.10069	0.08698	0.00857	0.00908	0.01330	0.06010	0.05860	0.15186	0.05679	0.04805	0.07724	0.04882	0.00215	0.00512	0.00601	0.01874	0.04650
2	0.02796	0.15157	0.31173	0.01317	0.09938	0.02861	0.02827	0.03366	0.01114	0.05841	0.04403	0.01342	0.00967	0.00713	0.05443	0.00183	0.00641	0.01860	0.01908	0.06151
3	0.01005	0.00596	0.00794	0.00730	0.00891	0.00586	0.00558	0.01164	0.01016	0.15785	0.08089	0.04828	0.08861	0.12636	0.31781	0.00447	0.00743	0.02096	0.02231	0.05163
4	0.01034	0.00886	0.01034	0.00738	0.01181	0.00664	0.00591	0.01255	0.01034	0.01624	0.00886	0.01034	0.00738	0.00369	0.00369	0.00074	0.00369	0.00295	0.00295	0.85530
5	0.04764	0.15706	0.06979	0.02307	0.03965	0.05687	0.02104	0.12851	0.11058	0.06336	0.07248	0.05101	0.03638	0.00639	0.00465	0.00143	0.00492	0.02042	0.00380	0.08097
6	0.00718	0.00489	0.00562	0.00576	0.00594	0.00483	0.00350	0.00746	0.00788	0.01039	0.01891	0.06954	0.06194	0.68555	0.02212	0.00435	0.00460	0.06300	0.00329	0.00325
7	0.86003	0.00964	0.00733	0.00655	0.00964	0.01118	0.00540	0.01465	0.00848	0.02236	0.00694	0.00810	0.00540	0.00463	0.00308	0.00154	0.00386	0.00270	0.00308	0.00540
8	0.01477	0.14068	0.07044	0.03061	0.03824	0.32740	0.03215	0.04764	0.09216	0.02826	0.01015	0.01212	0.00836	0.00645	0.02696	0.00161	0.06295	0.01903	0.02369	0.00633
9	0.01573	0.01170	0.06131	0.02792	0.03597	0.01147	0.00887	0.42450	0.01778	0.12304	0.01550	0.15193	0.01320	0.00751	0.00513	0.00158	0.00487	0.00617	0.04841	0.00737
10	0.03253	0.18913	0.13361	0.04933	0.09376	0.08380	0.13732	0.05010	0.07211	0.04956	0.01038	0.02891	0.00833	0.00521	0.00507	0.00149	0.03529	0.00436	0.00288	0.00684
11	0.01707	0.12699	0.01526	0.01035	0.01403	0.03468	0.00866	0.49340	0.08373	0.06578	0.01256	0.01263	0.00921	0.00578	0.00462	0.00142	0.00513	0.00433	0.06657	0.00779
12	0.03773	0.32829	0.04954	0.00917	0.01317	0.07226	0.00827	0.12140	0.05222	0.05064	0.02484	0.01181	0.03152	0.00505	0.00400	0.00119	0.00510	0.00366	0.00320	0.16693
13	0.00748	0.00564	0.00819	0.00797	0.00893	0.00641	0.00614	0.00901	0.00802	0.01161	0.01279	0.01920	0.01209	0.06874	0.66876	0.04413	0.03885	0.00523	0.00266	0.04814

[dist]
# distance from previous block
# <min> <max>
1	2

[block]
# block no. 5 follows, 50 sequences, length 27
# corresponding to MSA columns:
# 347-361,373-384
name=unknown_F
#
# <colnr> <probs for GDERKNQSTAVLIFYWHMCP>
#	G	D	E	R	K	N	Q	S	T	A	V	L	I	F	Y	W	H	M	C	P
0	0.03038	0.02954	0.04141	0.01045	0.03046	0.02210	0.16442	0.03903	0.01315	0.01832	0.43206	0.02810	0.08283	0.00843	0.00594	0.02189	0.00427	0.00747	0.00433	0.00541
1	0.00762	0.00524	0.00675	0.00629	0.00762	0.00478	0.00475	0.00987	0.01390	0.05293	0.70052	0.03719	0.10323	0.01021	0.00584	0.00158	0.00245	0.00896	0.00545	0.00483
2	0.06339	0.01124	0.03471	0.15380	0.19203	0.02703	0.01156	0.04827	0.10640	0.06776	0.01048	0.01282	0.00833	0.00618	0.00790	0.00173	0.22217	0.00446	0.00305	0.00670
3	0.01316	0.05464	0.05771	0.00943	0.01326	0.03612	0.06122	0.03551	0.05876	0.17391	0.03854	0.08073	0.01225	0.00585	0.00458	0.00127	0.00454	0.00497	0.01982	0.31373
4	0.00725	0.00483	0.00544	0.00544	0.00544	0.00483	0.00302	0.00725	0.00725	0.00966	0.01571	0.03262	0.01812	0.82483	0.02537	0.00483	0.00483	0.00725	0.00302	0.00302
5	0.00712	0.00534	0.00801	0.00801	0.00890	0.00623	0.00623	0.00890	0.00801	0.01157	0.01335	0.01958	0.01246	0.03738	0.80507	0.00801	0.01335	0.00534	0.00267	0.00445
6	0.10253	0.02785	0.01298	0.03352	0.03174	0.16612	0.03222	0.12606	0.01446	0.33978	0.03011	0.03771	0.01075	0.00598	0.00476	0.00150	0.00549	0.00466	0.00454	0.00724
7	0.03670	0.00727	0.03743	0.00814	0.00980	0.00729	0.00653	0.04466	0.03201	0.11553	0.03865	0.02159	0.04986	0.13895	0.38701	0.00511	0.03904	0.00571	0.00349	0.00521
8	0.00866	0.00433	0.00649	0.00649	0.00649	0.00433	0.00433	0.00649	0.00649	0.00866	0.00866	0.01515	0.00866	0.01732	0.01948	0.85498	0.00433	0.00433	0.00216	0.00216
9	0.08378	0.01107	0.05656	0.01301	0.01648	0.01034	0.27015	0.12633	0.05703	0.06770	0.03788	0.18420	0.02783	0.00751	0.00546	0.00170	0.00559	0.00714	0.00385	0.00642
10	0.28775	0.01274	0.01179	0.00958	0.01305	0.09285	0.00780	0.35657	0.01641	0.10458	0.01187	0.01201	0.03100	0.00568	0.00436	0.00150	0.00510	0.00402	0.00424	0.00709
11	0.00721	0.00499	0.00622	0.00622	0.00649	0.00526	0.00400	0.00775	0.00748	0.01024	0.01499	0.02866	0.01640	0.58542	0.26242	0.00580	0.00742	0.00667	0.00291	0.00346
12	0.06242	0.00989	0.03413	0.06307	0.01308	0.02217	0.02994	0.22985	0.08687	0.07793	0.03269	0.01617	0.01154	0.04181	0.00539	0.00159	0.00443	0.00480	0.24574	0.00650
13	0.01301	0.01101	0.01162	0.01027	0.01320	0.01269	0.00804	0.09718	0.71303	0.02185	0.01950	0.01797	0.01458	0.00669	0.00506	0.00167	0.00409	0.00553	0.00506	0.00794
14	0.01131	0.00974	0.01541	0.08556	0.22413	0.03640	0.12939	0.04092	0.01248	0.06826	0.19409	0.07282	0.01894	0.00675	0.00532	0.00155	0.00516	0.00635	0.02866	0.02674
15	0.01116	0.01038	0.01741	0.13510	0.55787	0.01068	0.01380	0.01403	0.01113	0.01551	0.01217	0.03884	0.01130	0.00612	0.00525	0.00163	0.00576	0.11206	0.00279	0.00700
16	0.01620	0.12946	0.01557	0.01099	0.02897	0.08347	0.00891	0.39914	0.15295	0.02366	0.01205	0.01219	0.00909	0.00560	0.00461	0.00139	0.00537	0.00420	0.00418	0.07198
17	0.00720	0.00502	0.00639	0.00639	0.00672	0.00535	0.00421	0.00786	0.00753	0.01037	0.01483	0.02778	0.01602	0.53247	0.31485	0.00601	0.00800	0.00654	0.00289	0.00355
18	0.07907	0.02734	0.02890	0.00888	0.01177	0.03319	0.00730	0.20684	0.06250	0.18439	0.19299	0.02018	0.03846	0.02193	0.00564	0.00160	0.02526	0.00568	0.03129	0.00679
19	0.00866	0.00433	0.00649	0.00649	0.00649	0.00433	0.00433	0.00649	0.00649	0.00866	0.00866	0.01515	0.00866	0.01732	0.01948	0.85498	0.00433	0.00433	0.00216	0.00216
20	0.01042	0.02878	0.01247	0.05666	0.26906	0.00811	0.00912	0.01254	0.01146	0.08925	0.16358	0.22761	0.02224	0.00876	0.00570	0.00165	0.02452	0.00785	0.02416	0.00605
21	0.01298	0.44135	0.24200	0.01040	0.01514	0.06505	0.01118	0.01578	0.01067	0.05852	0.00868	0.00985	0.00700	0.00477	0.00424	0.00129	0.03133	0.00326	0.03985	0.00665
22	0.01065	0.01460	0.23445	0.04375	0.28920	0.01035	0.08124	0.01447	0.02402	0.01613	0.05774	0.03730	0.02935	0.00533	0.00493	0.00147	0.00588	0.00489	0.00276	0.11148
23	0.00749	0.00557	0.00817	0.00804	0.00875	0.00654	0.00616	0.00879	0.00782	0.01124	0.01268	0.01947	0.01212	0.08154	0.64415	0.07800	0.06130	0.00531	0.00262	0.00424
24	0.01306	0.45121	0.04769	0.22140	0.01920	0.14730	0.01045	0.01520	0.01076	0.01221	0.00764	0.00964	0.00646	0.00461	0.00394	0.00128	0.00635	0.00326	0.00223	0.00610
25	0.00979	0.00698	0.00842	0.02861	0.01025	0.00714	0.00608	0.01460	0.20812	0.09500	0.12610	0.16970	0.14362	0.01298	0.09616	0.00240	0.00448	0.00816	0.00466	0.03673
26	0.01414	0.02991	0.01415	0.33159	0.04862	0.01152	0.01079	0.21657	0.05236	0.13967	0.03271	0.01634	0.01058	0.00605	0.00506	0.00161	0.00557	0.04192	0.00390	0.00692

[dist]
# distance from previous block
# <min> <max>
0	4

[block]
# block no. 6 follows, 50 sequences, length 51
# corresponding to MSA columns:
# 389-439
name=unknown_G
#
# <colnr> <probs for GDERKNQSTAVLIFYWHMCP>
#	G	D	E	R	K	N	Q	S	T	A	V	L	I	F	Y	W	H	M	C	P
0	0.02730	0.21906	0.21084	0.04645	0.03820	0.02602	0.14403	0.06790	0.03539	0.06437	0.03586	0.04278	0.00971	0.00536	0.00468	0.00148	0.00618	0.00460	0.00297	0.00684
1	0.18204	0.00889	0.03058	0.00824	0.01181	0.00802	0.00693	0.02068	0.03218	0.53520	0.01980	0.01800	0.08303	0.00645	0.00472	0.00156	0.00408	0.00506	0.00530	0.00745
2	0.01276	0.06535	0.06498	0.03914	0.07803	0.00957	0.00852	0.10798	0.01236	0.08628	0.01011	0.01124	0.00783	0.00440	0.00415	0.00107	0.00460	0.00353	0.00331	0.46480
3	0.03769	0.29863	0.06266	0.01108	0.01462	0.41939	0.00954	0.04627	0.01266	0.01333	0.00768	0.00886	0.00648	0.00480	0.00403	0.00123	0.00724	0.00308	0.00251	0.02823
4	0.00941	0.00886	0.01495	0.81285	0.03433	0.01107	0.01384	0.01274	0.00997	0.01274	0.00886	0.01329	0.00664	0.00498	0.00498	0.00166	0.00664	0.00443	0.00221	0.00554
5	0.01034	0.00860	0.01420	0.38915	0.12526	0.00941	0.06300	0.01265	0.00996	0.05721	0.01130	0.01612	0.02701	0.08207	0.02381	0.08045	0.00605	0.00490	0.00266	0.04586
6	0.00905	0.00952	0.12004	0.00818	0.01077	0.00755	0.00736	0.08768	0.09924	0.01935	0.37885	0.03018	0.15324	0.00970	0.02566	0.00176	0.00385	0.00759	0.00470	0.00572
7	0.01054	0.00883	0.02880	0.39973	0.12354	0.00938	0.04780	0.01334	0.01096	0.09355	0.06126	0.10224	0.05535	0.00684	0.00527	0.00166	0.00553	0.00618	0.00324	0.00595
8	0.00981	0.00927	0.01567	0.70618	0.13788	0.01118	0.01404	0.01308	0.01016	0.01322	0.00893	0.01316	0.00682	0.00491	0.00498	0.00164	0.00655	0.00443	0.00225	0.00586
9	0.01076	0.00637	0.00874	0.02776	0.06958	0.00597	0.00656	0.03003	0.01150	0.19056	0.03906	0.38699	0.10252	0.01162	0.00587	0.00183	0.00366	0.07028	0.00477	0.00555
10	0.00811	0.00565	0.00753	0.00822	0.00950	0.00546	0.00696	0.01018	0.01163	0.04193	0.09204	0.05136	0.13891	0.03942	0.00720	0.00220	0.00411	0.54030	0.00467	0.00463
11	0.01000	0.02578	0.79900	0.01421	0.02157	0.01158	0.01842	0.01579	0.01052	0.01579	0.00895	0.01052	0.00631	0.00474	0.00474	0.00158	0.00737	0.00368	0.00210	0.00737
12	0.01274	0.01370	0.14519	0.05140	0.57579	0.01138	0.01506	0.01608	0.01143	0.08459	0.01019	0.01248	0.00799	0.00466	0.00491	0.00151	0.00603	0.00437	0.00273	0.00778
13	0.01056	0.16089	0.66881	0.01325	0.02009	0.01295	0.01675	0.01564	0.01046	0.01510	0.00861	0.01010	0.00633	0.00466	0.00448	0.00149	0.00702	0.00351	0.00211	0.00720
14	0.01802	0.02273	0.01378	0.01263	0.01512	0.75934	0.00954	0.01936	0.01397	0.01235	0.00877	0.01168	0.00769	0.00563	0.00463	0.00134	0.00874	0.04629	0.00268	0.00571
15	0.03205	0.01306	0.04263	0.09072	0.62053	0.08388	0.01453	0.01551	0.01140	0.01575	0.00911	0.01196	0.00756	0.00456	0.00485	0.00148	0.00626	0.00427	0.00246	0.00744
16	0.01199	0.01149	0.01960	0.12404	0.70302	0.01175	0.01512	0.01499	0.01118	0.01586	0.00931	0.01245	0.00775	0.00451	0.00494	0.00150	0.00601	0.00444	0.00244	0.00761
17	0.00989	0.00667	0.02372	0.00823	0.03475	0.00615	0.00607	0.03808	0.06412	0.12608	0.11282	0.27871	0.12440	0.05517	0.00685	0.00195	0.00354	0.06612	0.02131	0.00537
18	0.00935	0.00876	0.01496	0.69126	0.03136	0.01057	0.05357	0.01262	0.01036	0.01341	0.05417	0.01645	0.00991	0.00561	0.00516	0.00168	0.00641	0.03636	0.00252	0.00551
19	0.01194	0.41116	0.14130	0.09082	0.09243	0.01544	0.11204	0.01484	0.01056	0.01355	0.00881	0.01184	0.00755	0.00477	0.00426	0.00137	0.00620	0.03223	0.00231	0.00658
20	0.04206	0.09559	0.10135	0.02820	0.30049	0.01128	0.03134	0.04673	0.01241	0.25260	0.02270	0.01332	0.00936	0.00512	0.00474	0.00148	0.00545	0.00440	0.00367	0.00770
21	0.15801	0.00910	0.02659	0.00866	0.01231	0.00834	0.00728	0.03611	0.01317	0.60377	0.01682	0.01518	0.01088	0.00594	0.00495	0.00155	0.02503	0.00457	0.02395	0.00780
22	0.00977	0.00914	0.01481	0.35352	0.30480	0.00991	0.01230	0.01254	0.01077	0.01422	0.01745	0.02065	0.15773	0.00647	0.00519	0.00162	0.00554	0.02464	0.00283	0.00612
23	0.01114	0.01029	0.01751	0.37364	0.39753	0.01122	0.03168	0.01424	0.01082	0.03336	0.00996	0.01432	0.00812	0.00502	0.00504	0.00159	0.00621	0.02905	0.00251	0.00674
24	0.01043	0.03688	0.65017	0.01564	0.09709	0.03065	0.03701	0.01561	0.01074	0.01563	0.01002	0.01166	0.02665	0.00490	0.00478	0.00156	0.00713	0.00396	0.00223	0.00727
25	0.00842	0.00694	0.01068	0.34547	0.04662	0.00811	0.00884	0.01021	0.00867	0.01158	0.01166	0.01993	0.01115	0.23643	0.18158	0.04323	0.01801	0.00539	0.00254	0.00455
26	0.01862	0.02376	0.01413	0.01284	0.01541	0.80482	0.00963	0.01990	0.01413	0.01220	0.00770	0.00899	0.00642	0.00514	0.00449	0.00128	0.00899	0.00321	0.00257	0.00578
27	0.01125	0.29992	0.48387	0.01270	0.01886	0.01444	0.06441	0.01550	0.01047	0.01441	0.00833	0.00985	0.00642	0.00454	0.00428	0.00141	0.00674	0.00348	0.00214	0.00699
28	0.01351	0.03231	0.24930	0.01144	0.01574	0.03405	0.06644	0.03761	0.13554	0.20564	0.03408	0.11458	0.01360	0.00688	0.00513	0.00163	0.00542	0.00588	0.00407	0.00716
29	0.00677	0.00508	0.00627	0.00597	0.00727	0.00458	0.00448	0.00885	0.01344	0.01839	0.60977	0.03986	0.22936	0.01079	0.00588	0.00160	0.00239	0.00938	0.00528	0.00458
30	0.00970	0.00931	0.01542	0.73230	0.05784	0.02619	0.03856	0.01296	0.01014	0.01295	0.00922	0.02724	0.00717	0.00513	0.00503	0.00166	0.00666	0.00462	0.00228	0.00563
31	0.11159	0.05016	0.07715	0.05527	0.04201	0.14288	0.12437	0.14981	0.01344	0.09076	0.01093	0.03874	0.00875	0.03636	0.00581	0.00165	0.02570	0.00460	0.00338	0.00664
32	0.00620	0.00441	0.00583	0.00692	0.00722	0.00415	0.00464	0.00706	0.00947	0.01261	0.02676	0.75286	0.03198	0.06218	0.00747	0.00219	0.00306	0.03645	0.00453	0.00401
33	0.03129	0.00597	0.00779	0.00687	0.00869	0.00545	0.00531	0.01290	0.01401	0.19579	0.59757	0.03194	0.03817	0.00915	0.00561	0.00156	0.00282	0.00796	0.00558	0.00557
34	0.03112	0.03096	0.05392	0.01057	0.03959	0.05032	0.02647	0.14805	0.02915	0.42035	0.01656	0.05520	0.01198	0.00646	0.00497	0.00154	0.00491	0.02071	0.02945	0.00771
35	0.00723	0.00489	0.00573	0.00573	0.00583	0.00499	0.00338	0.00744	0.00734	0.00988	0.01544	0.03114	0.01748	0.73546	0.11386	0.00519	0.00580	0.00703	0.00298	0.00318
36	0.00789	0.00542	0.00668	0.00624	0.00770	0.00499	0.00472	0.01040	0.03851	0.05859	0.55816	0.03678	0.17949	0.01014	0.00571	0.00157	0.00253	0.00879	0.04076	0.00491
37	0.01069	0.01016	0.01725	0.47167	0.36554	0.01141	0.01448	0.01385	0.01057	0.01428	0.00908	0.01287	0.00719	0.00475	0.00496	0.00158	0.00633	0.00443	0.00232	0.00657
38	0.01219	0.01170	0.01997	0.06891	0.75653	0.01181	0.01523	0.01517	0.01128	0.01611	0.00935	0.01238	0.00783	0.00447	0.00494	0.00149	0.00596	0.00444	0.00245	0.00778
39	0.00959	0.00904	0.01527	0.76475	0.08102	0.01112	0.01393	0.01289	0.01005	0.01295	0.00889	0.01323	0.00672	0.00495	0.00498	0.00165	0.00660	0.00443	0.00223	0.00568
40	0.01333	0.82783	0.02612	0.00853	0.01279	0.01972	0.00853	0.01493	0.01013	0.01173	0.00693	0.00800	0.00640	0.00426	0.00320	0.00107	0.00533	0.00267	0.00213	0.00640
41	0.01126	0.01040	0.01596	0.11082	0.41709	0.00983	0.01164	0.01399	0.01082	0.01587	0.00913	0.01170	0.00756	0.00422	0.00448	0.00123	0.00518	0.00389	0.00262	0.32234
42	0.00941	0.00886	0.01495	0.81285	0.03433	0.01107	0.01384	0.01274	0.00997	0.01274	0.00886	0.01329	0.00664	0.00498	0.00498	0.00166	0.00664	0.00443	0.00221	0.00554
43	0.00708	0.00512	0.00679	0.00649	0.00754	0.00495	0.00483	0.00918	0.01268	0.01796	0.61595	0.03414	0.03962	0.06975	0.13312	0.00280	0.00425	0.00832	0.00488	0.00455
44	0.00971	0.00916	0.01625	0.02993	0.13147	0.00864	0.26484	0.01265	0.03017	0.04010	0.08666	0.08066	0.22849	0.00812	0.00573	0.00167	0.00521	0.02097	0.00368	0.00588
45	0.01573	0.12293	0.05113	0.00987	0.05068	0.00924	0.02632	0.02949	0.01253	0.35450	0.06032	0.04229	0.04072	0.00606	0.00467	0.00137	0.00444	0.00499	0.00445	0.14828
46	0.03871	0.01208	0.04222	0.01139	0.01299	0.17439	0.04797	0.01332	0.02451	0.01318	0.01180	0.01916	0.01125	0.01538	0.21039	0.00341	0.22049	0.10923	0.00282	0.00533
47	0.01217	0.01028	0.01459	0.22270	0.13471	0.04056	0.06915	0.08758	0.12080	0.07340	0.04163	0.05144	0.04970	0.00668	0.00526	0.00164	0.00551	0.04191	0.00367	0.00661
48	0.01067	0.03173	0.12664	0.07434	0.27955	0.01074	0.18477	0.01429	0.02389	0.01616	0.11024	0.05045	0.01413	0.00592	0.00531	0.00160	0.00607	0.02380	0.00297	0.00671
49	0.01034	0.02858	0.11029	0.08753	0.13329	0.00963	0.01000	0.09637	0.11714	0.01709	0.04217	0.23409	0.03710	0.00875	0.00541	0.00172	0.00478	0.03560	0.00383	0.00629
50	0.00857	0.02701	0.22148	0.04579	0.08961	0.00820	0.04803	0.01149	0.01073	0.01492	0.09941	0.27060	0.05001	0.00950	0.00580	0.00176	0.02040	0.04747	0.00353	0.00568

[dist]
# distance from previous block
# <min> <max>
3	7

[block]
# block no. 7 follows, 50 sequences, length 11
# corresponding to MSA columns:
# 447-457
name=unknown_H
#
# <colnr> <probs for GDERKNQSTAVLIFYWHMCP>
#	G	D	E	R	K	N	Q	S	T	A	V	L	I	F	Y	W	H	M	C	P
0	0.01321	0.01504	0.09557	0.23213	0.10640	0.18910	0.13967	0.05225	0.01224	0.05280	0.01019	0.04031	0.00813	0.00528	0.00504	0.00155	0.00715	0.00470	0.00277	0.00646
1	0.01435	0.06539	0.04451	0.08214	0.25963	0.03440	0.10995	0.06236	0.01240	0.18483	0.01247	0.04333	0.00984	0.03544	0.00575	0.00165	0.00586	0.00503	0.00347	0.00722
2	0.01314	0.01039	0.01433	0.22170	0.22720	0.07072	0.01107	0.06708	0.01235	0.14088	0.04989	0.08359	0.01239	0.00745	0.03445	0.00181	0.00589	0.00552	0.00351	0.00665
3	0.01375	0.01163	0.01741	0.08356	0.42117	0.07146	0.06433	0.04274	0.01219	0.12902	0.01225	0.07617	0.01029	0.00570	0.00509	0.00155	0.00589	0.00529	0.00325	0.00728
4	0.01378	0.02718	0.09715	0.06138	0.01535	0.00910	0.09821	0.04690	0.10157	0.25285	0.07131	0.08066	0.05299	0.04123	0.00611	0.00176	0.00496	0.00628	0.00443	0.00682
5	0.01312	0.01747	0.38525	0.01378	0.10051	0.04853	0.01330	0.04356	0.01192	0.18114	0.01358	0.11170	0.01111	0.00641	0.00501	0.00160	0.00601	0.00534	0.00344	0.00721
6	0.01077	0.01810	0.39872	0.01639	0.08008	0.01089	0.23346	0.01519	0.01099	0.04817	0.01178	0.10065	0.00997	0.00581	0.00527	0.00165	0.00693	0.00558	0.00270	0.00691
7	0.01231	0.01050	0.05081	0.14005	0.19811	0.05719	0.07346	0.01484	0.01138	0.14598	0.01546	0.14692	0.02848	0.00837	0.03467	0.00189	0.00587	0.03373	0.00352	0.00644
8	0.01313	0.01011	0.05972	0.30557	0.11068	0.00989	0.05292	0.03778	0.02580	0.20259	0.01343	0.01755	0.01035	0.00738	0.04216	0.00195	0.00619	0.06258	0.00354	0.00669
9	0.01095	0.01462	0.27379	0.32669	0.13777	0.01068	0.01455	0.01479	0.01069	0.08018	0.01081	0.05346	0.00853	0.00546	0.00497	0.00162	0.00639	0.00473	0.00267	0.00666
10	0.01290	0.01497	0.17582	0.09191	0.22533	0.04834	0.16327	0.09380	0.01263	0.06805	0.01086	0.03999	0.00854	0.00519	0.00512	0.00157	0.00665	0.00489	0.00296	0.00721

[dist]
# distance from previous block
# <min> <max>
0	1

[block]
# block no. 8 follows, 50 sequences, length 6
# corresponding to MSA columns:
# 479-484
name=unknown_I
#
# <colnr> <probs for GDERKNQSTAVLIFYWHMCP>
#	G	D	E	R	K	N	Q	S	T	A	V	L	I	F	Y	W	H	M	C	P
0	0.01113	0.07084	0.10965	0.18731	0.11519	0.01149	0.22998	0.01444	0.01097	0.05492	0.01352	0.03540	0.07283	0.00570	0.00559	0.00162	0.03482	0.00540	0.00278	0.00643
1	0.01184	0.01032	0.09245	0.12757	0.24950	0.00888	0.01118	0.01457	0.01156	0.15187	0.04417	0.07870	0.08928	0.00741	0.00532	0.00166	0.00510	0.06837	0.00368	0.00660
2	0.01051	0.00958	0.09756	0.22469	0.06971	0.00831	0.05053	0.01315	0.01094	0.12026	0.05443	0.16441	0.05157	0.04462	0.00635	0.00186	0.00519	0.04688	0.00363	0.00582
3	0.01332	0.01896	0.31475	0.10899	0.12584	0.16224	0.05982	0.04323	0.01209	0.07995	0.00982	0.01156	0.00723	0.00493	0.00485	0.00152	0.00713	0.00405	0.00272	0.00702
4	0.01095	0.01178	0.07319	0.37011	0.13478	0.03955	0.18358	0.01437	0.01091	0.03709	0.01058	0.03908	0.00863	0.00534	0.00524	0.00165	0.00682	0.02750	0.00258	0.00628
5	0.05182	0.01236	0.14186	0.07449	0.03894	0.05471	0.11404	0.01694	0.01219	0.24915	0.07880	0.06860	0.01444	0.00669	0.00521	0.00163	0.00558	0.04179	0.00402	0.00674

[dist]
# distance from previous block
# <min> <max>
24	92

[block]
# block no. 9 follows, 50 sequences, length 34
# corresponding to MSA columns:
# 591-624
name=unknown_J
#
# <colnr> <probs for GDERKNQSTAVLIFYWHMCP>
#	G	D	E	R	K	N	Q	S	T	A	V	L	I	F	Y	W	H	M	C	P
0	0.01227	0.07358	0.39612	0.02785	0.04740	0.06157	0.02671	0.05204	0.03080	0.09780	0.04159	0.02753	0.01895	0.02915	0.02391	0.00178	0.00649	0.01446	0.00307	0.00694
1	0.01188	0.12742	0.28108	0.03888	0.05027	0.02708	0.01195	0.16280	0.01296	0.01754	0.02565	0.03196	0.04344	0.05252	0.00632	0.00175	0.02845	0.05826	0.00314	0.00665
2	0.01029	0.14429	0.24652	0.03291	0.05439	0.01059	0.02692	0.03011	0.02300	0.04611	0.02994	0.06655	0.04120	0.02188	0.15068	0.00277	0.00710	0.04563	0.00298	0.00615
3	0.04376	0.05439	0.07894	0.03504	0.03132	0.05285	0.03711	0.01175	0.01126	0.03239	0.21079	0.08706	0.06116	0.02292	0.11398	0.00246	0.00565	0.03688	0.00372	0.06658
4	0.01194	0.23897	0.35977	0.01300	0.05912	0.06389	0.02325	0.05066	0.01108	0.01487	0.00896	0.03730	0.00748	0.00529	0.00516	0.00146	0.06107	0.00387	0.00240	0.02048
5	0.06160	0.28762	0.17351	0.01147	0.04409	0.05847	0.06701	0.04810	0.03136	0.02641	0.06404	0.01298	0.02104	0.00641	0.03283	0.00162	0.01944	0.00411	0.02144	0.00646
