[name]
unknown

[dist]
# distance from previous block
# <min> <max>
0	114

[block]
# block no. 0 follows, 61 sequences, length 6
# corresponding to MSA columns:
# 146-151
name=unknown_A
#
# <colnr> <probs for GDERKNQSTAVLIFYWHMCP>
#	G	D	E	R	K	N	Q	S	T	A	V	L	I	F	Y	W	H	M	C	P
0	0.00950	0.02408	0.09588	0.03324	0.01123	0.00791	0.05481	0.04051	0.12908	0.10404	0.01448	0.05014	0.05874	0.10466	0.16589	0.00280	0.06197	0.00509	0.02079	0.00514
1	0.00641	0.00560	0.06465	0.00585	0.00652	0.00493	0.00433	0.00719	0.00665	0.00918	0.01260	0.02374	0.01359	0.56523	0.24119	0.00472	0.00634	0.00559	0.00247	0.00322
2	0.01088	0.03912	0.05482	0.13617	0.10669	0.19811	0.06931	0.04336	0.07794	0.01287	0.01109	0.04976	0.04557	0.00556	0.00524	0.00138	0.08454	0.02183	0.02040	0.00536
3	0.04131	0.04018	0.07574	0.13531	0.11527	0.04126	0.09746	0.23553	0.03698	0.06604	0.00955	0.01131	0.00724	0.02903	0.00494	0.00141	0.02226	0.00393	0.01910	0.00614
4	0.00721	0.00589	0.03258	0.00807	0.04465	0.00535	0.08679	0.00859	0.00901	0.03133	0.10713	0.19777	0.12889	0.04619	0.03879	0.08769	0.02137	0.04980	0.07883	0.00405
5	0.00630	0.00498	0.00703	0.08837	0.00968	0.00494	0.04201	0.00814	0.03928	0.01234	0.08161	0.40454	0.13394	0.01064	0.00518	0.00162	0.00313	0.09378	0.03850	0.00399

[dist]
# distance from previous block
# <min> <max>
0	3

[block]
# block no. 1 follows, 61 sequences, length 22
# corresponding to MSA columns:
# 155-176
name=unknown_B
#
# <colnr> <probs for GDERKNQSTAVLIFYWHMCP>
#	G	D	E	R	K	N	Q	S	T	A	V	L	I	F	Y	W	H	M	C	P
0	0.03138	0.41996	0.14132	0.00985	0.03595	0.09666	0.05820	0.05453	0.00994	0.04585	0.00728	0.00835	0.00594	0.00404	0.00367	0.00111	0.02384	0.00291	0.00222	0.03702
1	0.00999	0.02895	0.07139	0.04471	0.12539	0.04419	0.02153	0.04906	0.02724	0.02757	0.00902	0.01043	0.02791	0.00402	0.00407	0.00098	0.03604	0.00324	0.00256	0.45172
2	0.06190	0.38721	0.18161	0.00997	0.04002	0.07162	0.05026	0.08517	0.01011	0.01333	0.00763	0.02678	0.00651	0.00436	0.00366	0.00117	0.01560	0.01510	0.00224	0.00575
3	0.00733	0.00572	0.00805	0.00970	0.14013	0.00568	0.00626	0.00934	0.04290	0.03613	0.17342	0.25157	0.10073	0.02354	0.00575	0.00163	0.03325	0.13058	0.00379	0.00451
4	0.01519	0.01008	0.01131	0.00884	0.01213	0.01055	0.00721	0.41694	0.15225	0.19249	0.01266	0.01207	0.00891	0.00509	0.00420	0.00126	0.00411	0.00399	0.00434	0.10638
5	0.01166	0.03937	0.08337	0.00893	0.03818	0.02070	0.00756	0.11924	0.09664	0.17527	0.06855	0.04374	0.01426	0.02744	0.01685	0.00156	0.02303	0.13733	0.00382	0.06251
6	0.14865	0.00789	0.00927	0.00708	0.01048	0.00709	0.00579	0.06555	0.01095	0.38699	0.01184	0.01135	0.00814	0.00442	0.00370	0.00110	0.00353	0.00342	0.00395	0.28882
7	0.00606	0.00481	0.00633	0.00583	0.00718	0.00429	0.03922	0.00779	0.01093	0.01478	0.44697	0.09801	0.25625	0.00940	0.00506	0.00141	0.00244	0.02912	0.00425	0.03987
8	0.01814	0.00707	0.00959	0.00744	0.01058	0.00612	0.00611	0.01982	0.01226	0.75369	0.06938	0.01642	0.03146	0.00569	0.00440	0.00134	0.00353	0.00467	0.00526	0.00703
9	0.01891	0.00757	0.01009	0.00778	0.01109	0.00674	0.00642	0.04917	0.04164	0.76701	0.01678	0.01456	0.01063	0.00534	0.00433	0.00134	0.00369	0.00434	0.00526	0.00731
10	0.00527	0.00437	0.00463	0.00466	0.00601	0.00373	0.00352	0.00649	0.01003	0.01227	0.12610	0.06441	0.68265	0.01080	0.00513	0.00147	0.00224	0.03843	0.00408	0.00369
11	0.00878	0.01374	0.32223	0.20113	0.10580	0.02380	0.04508	0.01201	0.00877	0.01241	0.00879	0.04463	0.00750	0.02560	0.00596	0.00153	0.10874	0.02617	0.01182	0.00551
12	0.01316	0.00830	0.00978	0.00867	0.03975	0.00873	0.00662	0.09298	0.36556	0.25317	0.10417	0.01670	0.01461	0.00586	0.00439	0.00138	0.00347	0.00488	0.03120	0.00663
13	0.00525	0.00375	0.00500	0.00600	0.00625	0.00350	0.00400	0.00600	0.00825	0.01100	0.02374	0.84580	0.02849	0.01350	0.00550	0.00175	0.00250	0.01225	0.00400	0.00350
14	0.00810	0.00529	0.00645	0.00631	0.00766	0.00510	0.00482	0.05338	0.05716	0.10468	0.11424	0.26317	0.19130	0.01085	0.03459	0.00174	0.00314	0.08557	0.03194	0.00450
15	0.02531	0.07404	0.32925	0.04781	0.04483	0.05488	0.08034	0.04933	0.03314	0.10651	0.01029	0.05424	0.00831	0.01565	0.00472	0.00141	0.02744	0.02386	0.00267	0.00597
16	0.01903	0.00434	0.00530	0.00541	0.00608	0.00424	0.00379	0.00753	0.00902	0.02345	0.22044	0.23204	0.08815	0.18643	0.04166	0.00225	0.01696	0.02062	0.09962	0.00363
17	0.00581	0.00435	0.00521	0.00562	0.00650	0.00401	0.00409	0.02951	0.00961	0.01254	0.10151	0.39858	0.28448	0.01160	0.00525	0.00160	0.00252	0.07164	0.03181	0.00376
18	0.02256	0.06955	0.18369	0.17193	0.24588	0.03619	0.02494	0.05807	0.02719	0.08095	0.03268	0.01117	0.00765	0.00437	0.00415	0.00131	0.00529	0.00374	0.00253	0.00614
19	0.03834	0.00952	0.03545	0.16758	0.12616	0.07787	0.06776	0.07465	0.02217	0.07938	0.04227	0.05203	0.05574	0.01541	0.02722	0.00156	0.05804	0.00471	0.03873	0.00540
20	0.01415	0.16197	0.01444	0.01018	0.05642	0.04817	0.02154	0.49147	0.04745	0.02100	0.01068	0.01130	0.03327	0.02047	0.01731	0.00137	0.00487	0.00383	0.00355	0.00657
21	0.02589	0.01131	0.09142	0.16083	0.20281	0.04558	0.13299	0.06395	0.11126	0.01464	0.00923	0.01112	0.00714	0.00429	0.00443	0.00132	0.01940	0.00392	0.00253	0.07594

[dist]
# distance from previous block
# <min> <max>
1	4

[block]
# block no. 2 follows, 61 sequences, length 18
# corresponding to MSA columns:
# 181-188,192-201
name=unknown_C
#
# <colnr> <probs for GDERKNQSTAVLIFYWHMCP>
#	G	D	E	R	K	N	Q	S	T	A	V	L	I	F	Y	W	H	M	C	P
0	0.12492	0.01461	0.31768	0.01069	0.05444	0.02629	0.01046	0.14872	0.17493	0.04041	0.02922	0.01120	0.00827	0.00476	0.00404	0.00136	0.00488	0.00370	0.00306	0.00637
1	0.01071	0.00925	0.00974	0.00877	0.01120	0.01071	0.00682	0.02289	0.81396	0.01802	0.01753	0.01607	0.01315	0.00584	0.00438	0.00146	0.00341	0.00487	0.00438	0.00682
2	0.00684	0.00480	0.00594	0.00600	0.00713	0.00451	0.00458	0.02788	0.03312	0.05290	0.25910	0.21179	0.20118	0.02656	0.00556	0.00161	0.00269	0.12942	0.00427	0.00412
3	0.01153	0.00893	0.01296	0.03384	0.01330	0.03497	0.17578	0.16434	0.03322	0.12610	0.02675	0.03283	0.03612	0.07765	0.04442	0.00196	0.06644	0.08994	0.00341	0.00551
4	0.25283	0.01676	0.51275	0.03543	0.01546	0.00957	0.02584	0.01289	0.00864	0.01505	0.00919	0.01037	0.04917	0.00443	0.00377	0.00136	0.00529	0.00332	0.00218	0.00568
5	0.00629	0.00475	0.00583	0.00641	0.00706	0.00480	0.00448	0.00892	0.14062	0.01206	0.02241	0.59883	0.04276	0.07094	0.00648	0.00188	0.00282	0.04469	0.00396	0.00401
6	0.00815	0.04774	0.10674	0.19814	0.01471	0.00796	0.02859	0.03442	0.05961	0.03464	0.07545	0.16794	0.08517	0.02370	0.00552	0.00155	0.04930	0.04273	0.00310	0.00483
7	0.05146	0.21363	0.17986	0.00938	0.02858	0.09950	0.02653	0.06863	0.05369	0.08406	0.01209	0.04293	0.07154	0.00564	0.01567	0.00134	0.02296	0.00402	0.00280	0.00572
8	0.02814	0.03066	0.19976	0.02763	0.03439	0.17330	0.00898	0.08467	0.13646	0.03277	0.03375	0.10632	0.03900	0.00609	0.00429	0.00136	0.00500	0.01549	0.02633	0.00563
9	0.00544	0.00401	0.00512	0.00575	0.00635	0.00369	0.00405	0.00651	0.00920	0.01216	0.14857	0.54730	0.15922	0.01227	0.00539	0.00165	0.00246	0.05312	0.00411	0.00363
10	0.01091	0.01138	0.06229	0.16074	0.31157	0.08788	0.11110	0.05110	0.07697	0.03498	0.00934	0.02328	0.00742	0.00479	0.01649	0.00142	0.00568	0.00409	0.00249	0.00609
11	0.03410	0.10221	0.09184	0.06605	0.18961	0.06271	0.02967	0.10720	0.06358	0.04773	0.07141	0.04137	0.02678	0.00571	0.01504	0.01638	0.01553	0.00432	0.00290	0.00585
12	0.09979	0.00798	0.01041	0.00828	0.01105	0.02757	0.06616	0.05531	0.03279	0.44915	0.05822	0.04900	0.01172	0.00568	0.00470	0.00137	0.04339	0.00463	0.04655	0.00626
13	0.00984	0.00750	0.00854	0.03004	0.04254	0.00781	0.00594	0.19916	0.15829	0.04884	0.14910	0.02443	0.25624	0.00750	0.00465	0.00138	0.00325	0.00625	0.02323	0.00546
14	0.03471	0.27681	0.18802	0.02661	0.05576	0.05037	0.03942	0.03501	0.03834	0.13209	0.03495	0.02888	0.00830	0.00468	0.00407	0.00123	0.02846	0.00359	0.00271	0.00596
15	0.01127	0.03368	0.03908	0.07532	0.04146	0.00798	0.02467	0.05692	0.14520	0.20064	0.03279	0.09160	0.07944	0.00748	0.02470	0.03215	0.04279	0.00538	0.04181	0.00564
16	0.00558	0.00401	0.00537	0.00635	0.00678	0.00380	0.00457	0.00659	0.00862	0.01139	0.02407	0.66439	0.04832	0.01311	0.00558	0.00179	0.00279	0.16931	0.00399	0.00360
17	0.00975	0.00917	0.03371	0.11876	0.33776	0.02530	0.03046	0.07191	0.09515	0.01468	0.02610	0.05140	0.09223	0.00574	0.00446	0.00138	0.00454	0.03254	0.02911	0.00584

[dist]
# distance from previous block
# <min> <max>
3	17

[block]
# block no. 3 follows, 61 sequences, length 19
# corresponding to MSA columns:
# 220-238
name=unknown_D
#
# <colnr> <probs for GDERKNQSTAVLIFYWHMCP>
#	G	D	E	R	K	N	Q	S	T	A	V	L	I	F	Y	W	H	M	C	P
0	0.01508	0.01378	0.01186	0.00988	0.01256	0.29528	0.00784	0.28430	0.07055	0.09683	0.00990	0.01066	0.00751	0.00512	0.00483	0.00126	0.06533	0.01464	0.00340	0.05939
1	0.01098	0.00900	0.03241	0.02054	0.02253	0.03555	0.00649	0.25352	0.07079	0.04580	0.14736	0.03604	0.08256	0.00661	0.02247	0.00133	0.00389	0.00493	0.00378	0.18343
2	0.00749	0.00573	0.00645	0.00607	0.00769	0.00562	0.00459	0.01148	0.20560	0.05395	0.18779	0.12865	0.30663	0.00905	0.00487	0.00144	0.00259	0.00775	0.00426	0.03228
3	0.10735	0.01025	0.01120	0.00862	0.01201	0.01074	0.00710	0.48027	0.01604	0.17446	0.01081	0.01063	0.00756	0.00484	0.00401	0.00123	0.00420	0.00364	0.00412	0.11094
4	0.00614	0.00427	0.00542	0.00570	0.00652	0.00393	0.00413	0.00740	0.00982	0.04163	0.25981	0.35107	0.15683	0.05323	0.00613	0.00171	0.00254	0.06573	0.00419	0.00381
5	0.01240	0.00983	0.01162	0.15026	0.02622	0.05122	0.03273	0.28545	0.17165	0.06922	0.04205	0.03874	0.01134	0.00591	0.00451	0.00141	0.00460	0.06092	0.00376	0.00616
6	0.01812	0.00927	0.01120	0.00859	0.01197	0.00921	0.00709	0.34354	0.01558	0.49759	0.01427	0.01289	0.00929	0.00527	0.00432	0.00132	0.00411	0.00415	0.00491	0.00733
7	0.72707	0.00815	0.00698	0.00602	0.00880	0.00907	0.00496	0.01413	0.00821	0.16170	0.00794	0.00835	0.00573	0.00423	0.00296	0.00133	0.00339	0.00269	0.00314	0.00514
8	0.10414	0.00607	0.00620	0.00565	0.00736	0.00645	0.00440	0.06763	0.13583	0.07072	0.01400	0.04384	0.01101	0.00537	0.00345	0.00118	0.00268	0.00427	0.49480	0.00495
9	0.01018	0.43664	0.37157	0.01020	0.01510	0.01359	0.06322	0.01328	0.00899	0.01190	0.00692	0.00817	0.00556	0.00386	0.00349	0.00115	0.00554	0.00287	0.00185	0.00591
10	0.00524	0.00379	0.00496	0.00590	0.00622	0.00351	0.00395	0.00601	0.00835	0.01104	0.02499	0.79550	0.07799	0.01333	0.00547	0.00173	0.00248	0.01205	0.00400	0.00351
11	0.00628	0.00416	0.00493	0.00498	0.00505	0.00420	0.00295	0.00631	0.00637	0.00855	0.01354	0.06745	0.01542	0.69383	0.07872	0.06108	0.00459	0.00628	0.00261	0.00269
12	0.00749	0.00771	0.08596	0.00988	0.05166	0.00646	0.12327	0.01042	0.07302	0.01317	0.04132	0.27382	0.05104	0.00919	0.00514	0.00163	0.00405	0.18513	0.03497	0.00468
13	0.00879	0.00820	0.01440	0.68778	0.06716	0.00965	0.09660	0.01169	0.00894	0.03421	0.00805	0.01155	0.00602	0.00424	0.00439	0.00143	0.00582	0.00398	0.00205	0.00507
14	0.00639	0.00451	0.00551	0.00554	0.00586	0.00475	0.00359	0.00743	0.04712	0.00943	0.01401	0.08337	0.01527	0.54841	0.21636	0.00453	0.00580	0.00622	0.00273	0.00318
15	0.00566	0.00439	0.00509	0.00518	0.00622	0.00398	0.00379	0.00717	0.02842	0.01302	0.24498	0.17407	0.37565	0.06539	0.00627	0.00168	0.00242	0.03876	0.00412	0.00375
16	0.01058	0.00817	0.00945	0.00918	0.06815	0.00882	0.00664	0.12158	0.37459	0.07023	0.07892	0.08692	0.09603	0.00707	0.00461	0.00144	0.00344	0.02391	0.00422	0.00606
17	0.00756	0.00727	0.06703	0.19656	0.01376	0.00694	0.02419	0.05488	0.10589	0.01293	0.01684	0.40969	0.01782	0.03173	0.00536	0.00165	0.00390	0.00801	0.00336	0.00464
18	0.01325	0.00950	0.01088	0.01012	0.08036	0.03968	0.00733	0.18271	0.28770	0.17154	0.01384	0.01469	0.01055	0.08405	0.00639	0.00165	0.04079	0.00448	0.00400	0.00647

[dist]
# distance from previous block
# <min> <max>
3	18

[block]
# block no. 4 follows, 61 sequences, length 19
# corresponding to MSA columns:
# 257-275
name=unknown_E
#
# <colnr> <probs for GDERKNQSTAVLIFYWHMCP>
#	G	D	E	R	K	N	Q	S	T	A	V	L	I	F	Y	W	H	M	C	P
0	0.08267	0.08580	0.19972	0.04483	0.10181	0.01022	0.10057	0.10999	0.02978	0.03971	0.03772	0.02431	0.00799	0.00441	0.00400	0.00124	0.00498	0.00375	0.00266	0.10386
1	0.03829	0.42035	0.05634	0.00930	0.04018	0.09156	0.00817	0.16456	0.07895	0.01464	0.00799	0.00874	0.00653	0.00439	0.00380	0.00113	0.03350	0.00301	0.00259	0.00596
2	0.00628	0.00421	0.00496	0.00502	0.00514	0.00424	0.00303	0.00641	0.00653	0.00871	0.01437	0.04738	0.03219	0.69491	0.07341	0.04008	0.00455	0.03317	0.00267	0.00275
3	0.01227	0.12368	0.22792	0.02484	0.03282	0.09666	0.11364	0.17501	0.01212	0.07327	0.03777	0.01054	0.00768	0.00446	0.00411	0.00125	0.00560	0.00367	0.00280	0.02989
4	0.01154	0.12154	0.24665	0.03190	0.11767	0.02406	0.05882	0.07839	0.03849	0.13882	0.04327	0.01286	0.04747	0.00484	0.00416	0.00130	0.00502	0.00403	0.00294	0.00624
5	0.00883	0.00565	0.00657	0.00610	0.00736	0.00604	0.00466	0.03065	0.12088	0.07538	0.09132	0.08512	0.05601	0.04679	0.04156	0.00168	0.06570	0.00553	0.32951	0.00465
6	0.00978	0.00934	0.02782	0.18016	0.53731	0.00953	0.02179	0.03154	0.00980	0.01365	0.02393	0.04995	0.00903	0.00487	0.00443	0.00137	0.00505	0.04221	0.00236	0.00609
7	0.05513	0.03614	0.08812	0.10412	0.16020	0.04304	0.14792	0.09442	0.03649	0.09535	0.01039	0.02790	0.01765	0.00489	0.00471	0.00139	0.03523	0.02810	0.00282	0.00600
8	0.00859	0.06033	0.03628	0.08798	0.06783	0.02847	0.00730	0.09085	0.01043	0.01384	0.13567	0.05948	0.19417	0.00831	0.03062	0.00161	0.13375	0.01649	0.00318	0.00482
9	0.00577	0.00412	0.00558	0.00644	0.00688	0.00403	0.00470	0.00683	0.00841	0.01119	0.02194	0.54551	0.02545	0.06658	0.07095	0.00236	0.00365	0.19226	0.00377	0.00358
10	0.00694	0.00556	0.02654	0.03207	0.05731	0.00500	0.02254	0.03179	0.01002	0.04488	0.19874	0.26917	0.20004	0.06202	0.00611	0.00167	0.00300	0.00851	0.00387	0.00422
11	0.01131	0.02988	0.32076	0.10980	0.07604	0.12581	0.08568	0.13179	0.01129	0.02942	0.00818	0.00979	0.00608	0.00435	0.00440	0.00133	0.02210	0.00354	0.00238	0.00608
12	0.03025	0.01087	0.01348	0.51757	0.02380	0.19920	0.08610	0.01254	0.00955	0.01136	0.00812	0.04309	0.00664	0.00462	0.00429	0.00137	0.00617	0.00400	0.00211	0.00488
13	0.62903	0.00855	0.00777	0.02590	0.00979	0.00952	0.00548	0.09809	0.00953	0.14955	0.00827	0.00869	0.00594	0.00434	0.00315	0.00133	0.00359	0.00285	0.00325	0.00538
14	0.00978	0.07478	0.21467	0.17773	0.14393	0.08664	0.08088	0.01281	0.02224	0.01233	0.00859	0.05924	0.00733	0.00489	0.00494	0.00138	0.06604	0.00408	0.00213	0.00561
15	0.00747	0.00685	0.03954	0.01980	0.08723	0.03230	0.00612	0.05465	0.06011	0.01352	0.09795	0.31350	0.17364	0.00970	0.00520	0.00154	0.02059	0.04200	0.00371	0.00455
16	0.00619	0.00420	0.00495	0.00501	0.00511	0.00426	0.00299	0.00640	0.00646	0.00869	0.01399	0.07791	0.01595	0.71138	0.10546	0.00431	0.00484	0.00646	0.00266	0.00279
17	0.07318	0.00503	0.00624	0.02314	0.00771	0.00479	0.00456	0.00978	0.00982	0.15211	0.17905	0.31060	0.12065	0.01048	0.03766	0.00171	0.00304	0.00819	0.02784	0.00442
18	0.01166	0.06449	0.19776	0.08706	0.10633	0.04913	0.10074	0.11521	0.05973	0.10215	0.04142	0.01177	0.00850	0.00460	0.00424	0.00132	0.00531	0.00396	0.01840	0.00622

[dist]
# distance from previous block
# <min> <max>
0	1

[block]
# block no. 5 follows, 61 sequences, length 21
# corresponding to MSA columns:
# 277-297
name=unknown_F
#
# <colnr> <probs for GDERKNQSTAVLIFYWHMCP>
#	G	D	E	R	K	N	Q	S	T	A	V	L	I	F	Y	W	H	M	C	P
0	0.00949	0.00964	0.04755	0.37443	0.17579	0.06617	0.01056	0.04565	0.08766	0.01315	0.01231	0.01520	0.07608	0.00523	0.00439	0.00140	0.00516	0.03216	0.00256	0.00544
1	0.01188	0.00631	0.00805	0.04120	0.00968	0.00601	0.00555	0.08046	0.04020	0.31022	0.18220	0.14369	0.09061	0.00769	0.00468	0.00140	0.00314	0.00658	0.03492	0.00553
2	0.01070	0.06912	0.06043	0.08626	0.16006	0.02977	0.02168	0.15278	0.02086	0.06124	0.05972	0.07190	0.03823	0.01725	0.03968	0.00157	0.00475	0.02216	0.02169	0.05013
3	0.08309	0.01131	0.08447	0.01223	0.12741	0.11691	0.09821	0.05149	0.06875	0.17965	0.01227	0.08979	0.01015	0.00558	0.00435	0.00138	0.00496	0.02870	0.00331	0.00598
4	0.01611	0.00854	0.01010	0.00793	0.01088	0.00861	0.00649	0.31733	0.01469	0.37547	0.01387	0.01330	0.00946	0.00591	0.02509	0.00141	0.00401	0.00412	0.13995	0.00672
5	0.00827	0.00775	0.01303	0.73216	0.09854	0.00940	0.01175	0.01108	0.00887	0.01154	0.04135	0.01227	0.00728	0.00445	0.00433	0.00142	0.00553	0.00399	0.00205	0.00493
6	0.07716	0.13353	0.17953	0.04614	0.07707	0.06934	0.08849	0.06338	0.05006	0.07088	0.00944	0.03171	0.00759	0.00548	0.02841	0.00146	0.01984	0.01770	0.00263	0.02017
7	0.04619	0.01013	0.06543	0.06363	0.46379	0.04609	0.01067	0.01270	0.05866	0.01394	0.04428	0.05565	0.07981	0.00532	0.00434	0.00134	0.00467	0.00478	0.00262	0.00596
8	0.00602	0.00467	0.00498	0.00477	0.00628	0.00404	0.00362	0.02706	0.01051	0.04123	0.15350	0.03840	0.65924	0.01027	0.00504	0.00143	0.00228	0.00861	0.00416	0.00392
9	0.03476	0.00757	0.00988	0.00766	0.01086	0.00687	0.00630	0.07584	0.02872	0.69944	0.02953	0.01457	0.01087	0.00535	0.00427	0.00132	0.00365	0.00432	0.03108	0.00712
10	0.05099	0.05921	0.15118	0.05448	0.17851	0.03861	0.04623	0.06159	0.03684	0.04272	0.09407	0.01550	0.01166	0.00540	0.00460	0.00136	0.03394	0.06138	0.04603	0.00570
11	0.00797	0.00622	0.00749	0.03099	0.00868	0.06082	0.04523	0.04181	0.00929	0.06000	0.03873	0.37395	0.08219	0.11408	0.03862	0.00207	0.02016	0.00830	0.03929	0.00411
12	0.39267	0.00782	0.00791	0.00655	0.00927	0.00821	0.00536	0.10060	0.01062	0.27128	0.03511	0.01153	0.00862	0.00480	0.00347	0.00129	0.00340	0.00348	0.10231	0.00569
13	0.02778	0.02172	0.04755	0.08689	0.03969	0.01780	0.12509	0.06586	0.01032	0.16321	0.08151	0.09821	0.02686	0.00719	0.01971	0.04820	0.08114	0.00530	0.02066	0.00532
14	0.08230	0.07998	0.02221	0.16466	0.08898	0.02986	0.03002	0.06215	0.04587	0.02703	0.00880	0.04422	0.00738	0.00442	0.00397	0.00113	0.02249	0.00359	0.00260	0.26833
15	0.00619	0.00420	0.00488	0.00497	0.00510	0.00420	0.00298	0.00640	0.00664	0.00883	0.01527	0.07860	0.03973	0.70948	0.05646	0.00400	0.00434	0.03219	0.00277	0.00279
16	0.00537	0.00438	0.00470	0.00472	0.00601	0.00378	0.00354	0.00658	0.00998	0.01234	0.15050	0.05700	0.62426	0.04517	0.00583	0.00158	0.00233	0.04422	0.00405	0.00367
17	0.03444	0.00925	0.07965	0.22160	0.16437	0.00903	0.02646	0.07726	0.08220	0.02411	0.02553	0.05800	0.02796	0.06017	0.02248	0.00171	0.02586	0.03029	0.01420	0.00543
18	0.01148	0.60437	0.07776	0.00883	0.01223	0.09121	0.03649	0.01313	0.00894	0.01057	0.00624	0.00755	0.00557	0.00416	0.00415	0.00108	0.08622	0.00265	0.00189	0.00547
19	0.57844	0.14916	0.01018	0.04424	0.01034	0.06651	0.00598	0.03438	0.00827	0.01668	0.00622	0.00743	0.00503	0.00417	0.00335	0.00128	0.03844	0.00253	0.00248	0.00491
20	0.02280	0.04006	0.01064	0.00915	0.06086	0.03166	0.02683	0.22812	0.05770	0.14364	0.01350	0.01624	0.02422	0.00628	0.02259	0.00142	0.01792	0.07564	0.15654	0.03418

[dist]
# distance from previous block
# <min> <max>
0	3

[block]
# block no. 6 follows, 61 sequences, length 19
# corresponding to MSA columns:
# 301-319
name=unknown_G
#
# <colnr> <probs for GDERKNQSTAVLIFYWHMCP>
#	G	D	E	R	K	N	Q	S	T	A	V	L	I	F	Y	W	H	M	C	P
0	0.00942	0.00848	0.01001	0.09920	0.10562	0.06491	0.01830	0.02918	0.27326	0.01540	0.15466	0.01890	0.08179	0.00623	0.00470	0.00137	0.02759	0.00525	0.06023	0.00549
1	0.00540	0.00439	0.00479	0.00473	0.00606	0.00378	0.00357	0.00675	0.01044	0.01313	0.24375	0.03924	0.59835	0.01039	0.00511	0.00144	0.00219	0.02856	0.00419	0.00376
2	0.00541	0.00385	0.00511	0.00606	0.00635	0.00363	0.00412	0.00620	0.00826	0.01099	0.02319	0.75455	0.02763	0.05328	0.00631	0.00188	0.00268	0.06307	0.00393	0.00349
3	0.00943	0.00753	0.00833	0.00753	0.00954	0.00827	0.00582	0.01771	0.51116	0.04859	0.24764	0.02197	0.06424	0.00694	0.00462	0.00143	0.00296	0.00591	0.00450	0.00588
4	0.03870	0.00983	0.01289	0.01103	0.01151	0.05771	0.02925	0.01127	0.00736	0.04227	0.00682	0.01083	0.00648	0.00721	0.01231	0.00179	0.68539	0.03038	0.00214	0.00483
5	0.40462	0.00954	0.00944	0.00760	0.01068	0.01045	0.00627	0.31025	0.01303	0.16558	0.00957	0.00961	0.00672	0.00467	0.00357	0.00132	0.00392	0.00326	0.00375	0.00613
6	0.16501	0.01679	0.03653	0.13957	0.05253	0.00783	0.00720	0.03106	0.00807	0.03894	0.01004	0.02496	0.00905	0.07010	0.30014	0.00357	0.04506	0.02649	0.00250	0.00456
7	0.01637	0.01207	0.01293	0.00991	0.01336	0.01336	0.00819	0.80738	0.02025	0.02715	0.01034	0.01034	0.00733	0.00517	0.00431	0.00129	0.00474	0.00388	0.00431	0.00733
8	0.00835	0.00773	0.01296	0.73382	0.09766	0.00940	0.01171	0.01116	0.00873	0.01148	0.00795	0.01160	0.00605	0.00429	0.00425	0.00140	0.00554	0.00384	0.03713	0.00493
9	0.02388	0.00512	0.00635	0.00580	0.00712	0.00494	0.00442	0.03558	0.05469	0.06013	0.65483	0.02845	0.03444	0.00808	0.00483	0.00134	0.00230	0.00704	0.04615	0.00450
10	0.00599	0.00440	0.00561	0.00530	0.00637	0.00402	0.00398	0.00792	0.01193	0.01666	0.73487	0.03319	0.12563	0.00904	0.00508	0.00137	0.00205	0.00793	0.00466	0.00402
11	0.04257	0.00555	0.03384	0.00652	0.00771	0.00503	0.00502	0.02933	0.04026	0.08447	0.05850	0.40013	0.08117	0.07132	0.03296	0.00198	0.00336	0.08216	0.00389	0.00424
12	0.03973	0.01218	0.18167	0.12211	0.14169	0.00998	0.15056	0.08163	0.01062	0.14848	0.00953	0.01106	0.00690	0.00448	0.00487	0.00139	0.05018	0.00395	0.00276	0.00623
13	0.00810	0.00542	0.00654	0.00621	0.00766	0.00525	0.00469	0.01132	0.14091	0.11171	0.28142	0.18900	0.16816	0.00927	0.00498	0.00148	0.00261	0.02608	0.00446	0.00471
14	0.00532	0.00384	0.00506	0.00600	0.00636	0.00358	0.00411	0.00615	0.00842	0.01113	0.02480	0.76144	0.07219	0.01327	0.00550	0.00174	0.00255	0.05100	0.00400	0.00353
15	0.00852	0.05701	0.08835	0.04580	0.23978	0.02310	0.03758	0.01058	0.00939	0.03336	0.05512	0.19495	0.08615	0.03560	0.00514	0.00150	0.00417	0.02069	0.03809	0.00513
16	0.01054	0.06005	0.16937	0.18508	0.08082	0.06825	0.06171	0.03310	0.06882	0.07673	0.00987	0.04709	0.00802	0.00548	0.01551	0.00148	0.07676	0.01306	0.00257	0.00570
17	0.01883	0.00722	0.00984	0.00758	0.01082	0.00625	0.00625	0.02051	0.01232	0.79415	0.04738	0.01532	0.01180	0.00546	0.00436	0.00133	0.00360	0.00446	0.00531	0.00721
18	0.01524	0.00756	0.01033	0.02231	0.06960	0.00740	0.00691	0.06942	0.01170	0.49308	0.08492	0.01614	0.02856	0.03465	0.02659	0.00162	0.07844	0.00468	0.00443	0.00642

[dist]
# distance from previous block
# <min> <max>
0	8

[block]
# block no. 7 follows, 61 sequences, length 15
# corresponding to MSA columns:
# 328-342
name=unknown_H
#
# <colnr> <probs for GDERKNQSTAVLIFYWHMCP>
#	G	D	E	R	K	N	Q	S	T	A	V	L	I	F	Y	W	H	M	C	P
0	0.16939	0.04990	0.03561	0.02469	0.09729	0.18444	0.10109	0.15196	0.04342	0.07358	0.00875	0.00971	0.00662	0.00438	0.00392	0.00126	0.00536	0.00346	0.00293	0.02226
1	0.15403	0.01128	0.01155	0.11012	0.16095	0.19306	0.00847	0.06303	0.05896	0.09639	0.00947	0.02914	0.00764	0.03724	0.00494	0.00143	0.03011	0.00374	0.00286	0.00560
2	0.04062	0.00822	0.01218	0.04137	0.41441	0.02152	0.00911	0.01178	0.05633	0.01446	0.15136	0.01825	0.10821	0.00663	0.03316	0.00150	0.00430	0.00509	0.00296	0.03854
3	0.00909	0.00889	0.01294	0.51317	0.06945	0.07121	0.04902	0.04122	0.00933	0.01186	0.00988	0.06881	0.03401	0.00537	0.00515	0.00145	0.06742	0.00455	0.00226	0.00493
4	0.00651	0.00428	0.00488	0.00485	0.00516	0.00415	0.00292	0.00676	0.00708	0.03627	0.03234	0.07925	0.10327	0.66386	0.01821	0.00359	0.00380	0.00690	0.00297	0.00296
5	0.01069	0.02382	0.11036	0.21987	0.23167	0.07478	0.02644	0.09722	0.04236	0.01405	0.00815	0.01046	0.00644	0.00467	0.00535	0.00139	0.10032	0.00371	0.00234	0.00590
6	0.00612	0.00439	0.00563	0.00532	0.00635	0.00404	0.00399	0.00811	0.01196	0.01696	0.75189	0.03199	0.07626	0.00876	0.00500	0.00135	0.00204	0.00771	0.03810	0.00404
7	0.00590	0.00430	0.00532	0.00535	0.00603	0.00423	0.00374	0.00680	0.00830	0.01106	0.14752	0.09195	0.20818	0.25025	0.18864	0.03375	0.00482	0.00719	0.00329	0.00339
8	0.00619	0.00442	0.00570	0.00554	0.00655	0.00438	0.00421	0.00794	0.00995	0.01419	0.37881	0.02723	0.14181	0.01554	0.24628	0.00296	0.00483	0.00662	0.10292	0.00393
9	0.00926	0.00773	0.00849	0.00771	0.00970	0.00863	0.00595	0.01825	0.56213	0.01779	0.26942	0.02113	0.02179	0.00677	0.00460	0.00143	0.00298	0.00579	0.00450	0.00595
10	0.00875	0.03736	0.44474	0.06151	0.01564	0.00863	0.04077	0.02509	0.00964	0.05187	0.08096	0.07590	0.02175	0.00596	0.00465	0.00143	0.02327	0.05951	0.01694	0.00560
11	0.11774	0.07676	0.06268	0.00912	0.01260	0.03713	0.00794	0.48083	0.05158	0.05916	0.00975	0.00993	0.00708	0.00480	0.00393	0.00126	0.00459	0.00352	0.00370	0.03591
12	0.11188	0.03478	0.04189	0.23206	0.05293	0.04778	0.08967	0.05327	0.02723	0.08181	0.01011	0.05088	0.00825	0.00495	0.00418	0.00133	0.01423	0.02246	0.05735	0.05298
13	0.02917	0.02780	0.01015	0.05983	0.01193	0.02926	0.03288	0.06454	0.06139	0.05645	0.01092	0.02955	0.04583	0.00434	0.00367	0.00094	0.00372	0.00356	0.00295	0.51112
14	0.12018	0.37325	0.01590	0.11398	0.04510	0.03225	0.00773	0.12294	0.02778	0.01419	0.00751	0.00927	0.00633	0.03608	0.00419	0.00125	0.01692	0.00303	0.00243	0.03971

[dist]
# distance from previous block
# <min> <max>
0	12

[block]
# block no. 8 follows, 61 sequences, length 29
# corresponding to MSA columns:
# 355-383
name=unknown_I
#
# <colnr> <probs for GDERKNQSTAVLIFYWHMCP>
#	G	D	E	R	K	N	Q	S	T	A	V	L	I	F	Y	W	H	M	C	P
0	0.65086	0.00841	0.00719	0.00620	0.00892	0.00945	0.00507	0.07861	0.05013	0.05092	0.00783	0.00855	0.00593	0.00426	0.00299	0.00129	0.00340	0.00276	0.04438	0.04285
1	0.00916	0.08683	0.11172	0.02933	0.13062	0.08305	0.03537	0.04539	0.00970	0.01288	0.04178	0.19849	0.02959	0.00823	0.03978	0.01395	0.03259	0.03126	0.04523	0.00503
2	0.00992	0.08950	0.11811	0.20931	0.13330	0.04487	0.05320	0.01262	0.02557	0.08305	0.02470	0.09674	0.01886	0.00619	0.02097	0.00150	0.00519	0.03827	0.00267	0.00547
3	0.00815	0.00625	0.00721	0.00732	0.00854	0.03802	0.00583	0.04856	0.11501	0.03219	0.08160	0.09853	0.05533	0.12425	0.00759	0.00204	0.00376	0.34156	0.00388	0.00439
4	0.01014	0.00630	0.00839	0.02615	0.00928	0.00643	0.03132	0.08364	0.01110	0.17655	0.22546	0.02144	0.08625	0.03697	0.11564	0.00219	0.05747	0.00564	0.07462	0.00501
5	0.01197	0.12627	0.13981	0.10246	0.17410	0.10665	0.03550	0.06240	0.04024	0.10193	0.00932	0.01059	0.00706	0.00435	0.00397	0.00125	0.00528	0.00355	0.04726	0.00605
6	0.01235	0.10989	0.19420	0.02297	0.11536	0.05612	0.03276	0.03546	0.03967	0.21477	0.01204	0.02949	0.03072	0.03044	0.00460	0.00136	0.00482	0.00405	0.04279	0.00614
7	0.00535	0.00382	0.00510	0.00603	0.00634	0.00357	0.00410	0.00620	0.00850	0.01138	0.06454	0.77873	0.02900	0.01320	0.00549	0.00174	0.00252	0.03681	0.00404	0.00354
8	0.00967	0.00931	0.08629	0.40532	0.10370	0.02147	0.01061	0.03017	0.07777	0.07648	0.03022	0.03335	0.00931	0.00524	0.00453	0.00143	0.01699	0.04466	0.01801	0.00546
9	0.01259	0.11668	0.13231	0.05704	0.21861	0.03084	0.09257	0.06555	0.01072	0.18496	0.00974	0.01083	0.00716	0.00437	0.00441	0.00130	0.02729	0.00376	0.00285	0.00643
10	0.01121	0.01653	0.02458	0.10577	0.09379	0.05513	0.00717	0.02859	0.01009	0.23530	0.04044	0.22653	0.02940	0.03790	0.02369	0.00166	0.02338	0.00635	0.01718	0.00531
11	0.58680	0.12266	0.00942	0.00672	0.00941	0.13007	0.00558	0.03080	0.00858	0.01687	0.00648	0.00750	0.00520	0.00408	0.00290	0.00123	0.00413	0.00249	0.03422	0.00486
12	0.00536	0.00433	0.00477	0.00476	0.00601	0.00374	0.00353	0.00667	0.01032	0.01305	0.24382	0.10020	0.55720	0.01056	0.00512	0.00145	0.00217	0.00899	0.00419	0.00374
13	0.03009	0.03278	0.05030	0.02728	0.01256	0.00776	0.08518	0.08302	0.01012	0.04349	0.00837	0.00991	0.00669	0.00375	0.00377	0.00091	0.01781	0.01122	0.00271	0.55228
14	0.00822	0.00553	0.00660	0.00598	0.00740	0.00557	0.00460	0.07661	0.08707	0.04722	0.47292	0.02475	0.02777	0.00819	0.03205	0.00148	0.00276	0.00627	0.16431	0.00470
15	0.01208	0.00908	0.06535	0.01030	0.10091	0.00864	0.00775	0.01841	0.34062	0.21566	0.04818	0.01727	0.03055	0.00589	0.00458	0.00141	0.01909	0.04200	0.03576	0.00646
16	0.00706	0.00676	0.07821	0.00721	0.00881	0.00565	0.03228	0.01040	0.12841	0.02862	0.25090	0.30377	0.06716	0.00954	0.00505	0.00154	0.00305	0.03698	0.00404	0.00457
17	0.00532	0.00432	0.00472	0.00474	0.00599	0.00372	0.00351	0.00658	0.01018	0.01278	0.20755	0.11262	0.58154	0.01070	0.00513	0.00146	0.00218	0.00910	0.00416	0.00372
18	0.02723	0.02284	0.00762	0.00688	0.00845	0.02480	0.01908	0.11300	0.03719	0.03082	0.05210	0.43348	0.08289	0.00965	0.00481	0.00146	0.00314	0.00847	0.00380	0.10227
19	0.01124	0.65605	0.14024	0.00826	0.01227	0.01556	0.00864	0.04446	0.04756	0.01169	0.00696	0.00780	0.00595	0.00391	0.00310	0.00103	0.00481	0.00262	0.00206	0.00578
20	0.06521	0.01068	0.01159	0.04506	0.01302	0.04360	0.00761	0.47873	0.04767	0.19538	0.01185	0.03063	0.00847	0.00529	0.00423	0.00132	0.00449	0.00407	0.00424	0.00686
21	0.04438	0.04438	0.01087	0.00857	0.04954	0.00749	0.00672	0.06982	0.01235	0.66205	0.01529	0.01365	0.00987	0.00513	0.00419	0.00130	0.00381	0.00413	0.01939	0.00709
22	0.00714	0.00479	0.00607	0.00567	0.00696	0.00442	0.00435	0.00932	0.03535	0.07767	0.59463	0.03237	0.14013	0.00888	0.00505	0.00140	0.00231	0.04453	0.00464	0.00433
23	0.44609	0.00811	0.00818	0.00670	0.00967	0.00843	0.00550	0.06393	0.02580	0.30339	0.01060	0.01034	0.00731	0.00455	0.00342	0.00129	0.00351	0.00322	0.01951	0.05045
24	0.00741	0.00519	0.00755	0.00722	0.00808	0.00605	0.00566	0.00886	0.00729	0.06839	0.01154	0.01652	0.01051	0.05756	0.65987	0.00590	0.08097	0.00457	0.01673	0.00413
25	0.00894	0.00583	0.00690	0.00618	0.00783	0.00568	0.00474	0.08616	0.08130	0.11566	0.32199	0.08473	0.16793	0.03629	0.00537	0.00148	0.00274	0.00709	0.03832	0.00485
26	0.00641	0.00462	0.00630	0.00724	0.00807	0.00452	0.00599	0.00803	0.00949	0.01234	0.02426	0.24739	0.07236	0.01224	0.00579	0.00189	0.00350	0.55174	0.00398	0.00383
27	0.09591	0.15971	0.43146	0.04698	0.05418	0.05705	0.01199	0.01365	0.00912	0.04295	0.00751	0.00883	0.00568	0.00413	0.00393	0.00127	0.02236	0.00303	0.00209	0.01819
28	0.01016	0.06427	0.07623	0.10903	0.31388	0.03744	0.09356	0.05480	0.06967	0.01428	0.05136	0.04916	0.01001	0.00497	0.00438	0.00135	0.00512	0.02174	0.00261	0.00599

[dist]
# distance from previous block
# <min> <max>
0	3

[block]
# block no. 9 follows, 61 sequences, length 32
# corresponding to MSA columns:
# 387-418
name=unknown_J
#
# <colnr> <probs for GDERKNQSTAVLIFYWHMCP>
#	G	D	E	R	K	N	Q	S	T	A	V	L	I	F	Y	W	H	M	C	P
0	0.00744	0.00474	0.00604	0.00556	0.00690	0.00427	0.00426	0.00928	0.01179	0.10699	0.59056	0.03201	0.15939	0.00881	0.00502	0.00138	0.00228	0.02424	0.00468	0.00436
1	0.01190	0.62371	0.01999	0.00837	0.01173	0.09775	0.03394	0.02986	0.08688	0.01140	0.00734	0.00816	0.00634	0.00408	0.00339	0.00104	0.02355	0.00275	0.00219	0.00563
2	0.00670	0.00478	0.00653	0.00715	0.03883	0.00456	0.02623	0.00789	0.00884	0.03852	0.05160	0.30276	0.10416	0.16323	0.00838	0.00214	0.00335	0.18848	0.02209	0.00381
3	0.00694	0.00457	0.00592	0.00548	0.00666	0.00419	0.00415	0.00891	0.01202	0.06761	0.71583	0.03103	0.06992	0.00857	0.00498	0.00135	0.00214	0.00753	0.02797	0.00425
4	0.00567	0.00410	0.00519	0.00587	0.00637	0.00386	0.00415	0.00657	0.00849	0.01110	0.04258	0.47127	0.12749	0.14446	0.00810	0.00212	0.00294	0.13242	0.00379	0.00346
5	0.00631	0.00452	0.00583	0.00564	0.00665	0.00423	0.00420	0.00845	0.03572	0.02764	0.65076	0.13505	0.05605	0.00937	0.00512	0.00142	0.00219	0.02213	0.00461	0.00411
6	0.87904	0.00833	0.00633	0.00566	0.00833	0.00966	0.00467	0.01266	0.00733	0.01933	0.00600	0.00700	0.00467	0.00400	0.00267	0.00133	0.00333	0.00233	0.00267	0.00467
7	0.01911	0.00768	0.01021	0.00783	0.01117	0.00685	0.00647	0.07895	0.01291	0.76595	0.01650	0.01434	0.01042	0.00532	0.00433	0.00133	0.00374	0.00430	0.00526	0.00733
8	0.00887	0.08807	0.76251	0.01189	0.01804	0.01056	0.01524	0.01358	0.00907	0.01336	0.00759	0.00892	0.00546	0.00406	0.00399	0.00133	0.00623	0.00311	0.00182	0.00630
9	0.61398	0.00800	0.00709	0.00613	0.00876	0.02477	0.00500	0.01391	0.00885	0.17288	0.08606	0.01089	0.00928	0.00472	0.00324	0.00133	0.00336	0.00325	0.00337	0.00512
10	0.00630	0.00470	0.00590	0.00562	0.00672	0.00447	0.00420	0.00890	0.06757	0.01658	0.66580	0.08262	0.08621	0.00902	0.00506	0.00139	0.00217	0.00795	0.00462	0.00419
11	0.00793	0.00506	0.00644	0.00613	0.00742	0.00486	0.00472	0.01061	0.07603	0.09797	0.46688	0.10977	0.03079	0.00874	0.00494	0.00144	0.00254	0.08417	0.05900	0.00455
12	0.00985	0.01950	0.63744	0.01264	0.01843	0.00998	0.11754	0.04163	0.00984	0.07055	0.00859	0.00985	0.00602	0.00416	0.00425	0.00137	0.00624	0.00353	0.00220	0.00639
13	0.01547	0.09642	0.01350	0.00986	0.01298	0.20244	0.00805	0.49601	0.06857	0.02105	0.00953	0.00978	0.00711	0.00490	0.00406	0.00122	0.00534	0.00353	0.00359	0.00658
14	0.81924	0.00826	0.00659	0.00580	0.00852	0.00943	0.00478	0.01324	0.00768	0.07535	0.00676	0.00753	0.00508	0.00409	0.00278	0.00133	0.00336	0.00247	0.00285	0.00485
15	0.79105	0.00856	0.00691	0.00603	0.00877	0.00981	0.00496	0.06821	0.00839	0.04609	0.00666	0.00748	0.00505	0.00412	0.00283	0.00133	0.00344	0.00251	0.00287	0.00494
16	0.00532	0.00431	0.00469	0.00472	0.00594	0.00372	0.00347	0.00652	0.00999	0.01250	0.18111	0.11685	0.57863	0.03599	0.00563	0.00155	0.00225	0.00907	0.00409	0.00367
17	0.00521	0.00431	0.00457	0.00463	0.00592	0.00367	0.00342	0.00637	0.00992	0.01217	0.12351	0.11509	0.66449	0.01093	0.00513	0.00147	0.00220	0.00925	0.00408	0.00367
18	0.01616	0.01834	0.01239	0.01079	0.01333	0.61985	0.00829	0.22149	0.01429	0.01484	0.00761	0.00843	0.00601	0.00463	0.00399	0.00116	0.00699	0.00306	0.00276	0.00560
19	0.00967	0.00844	0.01405	0.22910	0.33715	0.00894	0.05800	0.02964	0.00987	0.05271	0.06643	0.03042	0.01097	0.00610	0.02862	0.00158	0.02301	0.06699	0.00264	0.00567
20	0.00575	0.00449	0.00530	0.00557	0.00676	0.00404	0.00441	0.00720	0.01013	0.01283	0.16152	0.09037	0.43858	0.01099	0.00534	0.00159	0.00265	0.21460	0.00411	0.00378
21	0.87904	0.00833	0.00633	0.00566	0.00833	0.00966	0.00467	0.01266	0.00733	0.01933	0.00600	0.00700	0.00467	0.00400	0.00267	0.00133	0.00333	0.00233	0.00267	0.00467
22	0.01139	0.00948	0.01000	0.00878	0.01131	0.01087	0.00689	0.12750	0.68453	0.01918	0.01647	0.01530	0.01231	0.00573	0.00433	0.00143	0.00355	0.00471	0.02942	0.00681
23	0.00778	0.00696	0.00876	0.00807	0.00921	0.08805	0.06123	0.03542	0.00837	0.01113	0.03873	0.09717	0.01271	0.07581	0.47864	0.00475	0.03509	0.00537	0.00261	0.00413
24	0.06604	0.01263	0.01889	0.01422	0.01781	0.15602	0.45364	0.06275	0.09944	0.01484	0.00922	0.01098	0.00701	0.00412	0.00454	0.00135	0.00640	0.00433	0.00260	0.03317
25	0.00593	0.00441	0.00536	0.00571	0.00676	0.00400	0.00439	0.00728	0.00986	0.02770	0.14464	0.22517	0.34312	0.01131	0.00535	0.00162	0.00264	0.17681	0.00412	0.00381
26	0.13837	0.00734	0.00912	0.00720	0.01022	0.00682	0.00591	0.04586	0.01179	0.60700	0.06542	0.01458	0.01160	0.00535	0.00410	0.00132	0.00350	0.00424	0.03363	0.00664
27	0.00624	0.00578	0.05745	0.00726	0.05366	0.00475	0.00538	0.00814	0.03327	0.01323	0.19395	0.31930	0.18774	0.01034	0.00511	0.00155	0.00283	0.05739	0.02248	0.00415
28	0.00861	0.00472	0.00575	0.00560	0.00682	0.00442	0.00418	0.02481	0.01001	0.13953	0.12695	0.24964	0.08620	0.02150	0.00476	0.00143	0.00257	0.03445	0.25367	0.00440
29	0.01799	0.00732	0.00976	0.00762	0.01076	0.00653	0.00624	0.03211	0.05519	0.71912	0.06721	0.01577	0.01262	0.00557	0.00438	0.00134	0.00357	0.00457	0.00523	0.00710
30	0.01082	0.00927	0.01528	0.16674	0.51260	0.00984	0.01178	0.01316	0.00953	0.09197	0.00905	0.03089	0.00742	0.00462	0.00517	0.00138	0.07775	0.00408	0.00243	0.00625
31	0.01478	0.01132	0.12298	0.00918	0.01245	0.09452	0.03556	0.11363	0.04638	0.35831	0.06256	0.01428	0.02022	0.03331	0.00520	0.00143	0.02916	0.00432	0.00401	0.00640

[dist]
# distance from previous block
# <min> <max>
0	3

[block]
# block no. 10 follows, 61 sequences, length 16
# corresponding to MSA columns:
# 422-437
name=unknown_K
#
# <colnr> <probs for GDERKNQSTAVLIFYWHMCP>
#	G	D	E	R	K	N	Q	S	T	A	V	L	I	F	Y	W	H	M	C	P
0	0.01007	0.00681	0.00920	0.03771	0.02077	0.01717	0.04789	0.08497	0.01980	0.14341	0.05766	0.07824	0.05812	0.05135	0.04027	0.00191	0.03131	0.22561	0.01641	0.04132
1	0.12402	0.01441	0.01353	0.05963	0.13856	0.37403	0.07493	0.01444	0.01008	0.01248	0.00688	0.00887	0.00574	0.00464	0.00531	0.00132	0.12042	0.00327	0.00220	0.00525
2	0.00975	0.00917	0.01533	0.06501	0.65334	0.00920	0.01169	0.01217	0.00991	0.01400	0.07949	0.03804	0.04427	0.00486	0.00441	0.00131	0.00469	0.00464	0.00248	0.00625
3	0.00915	0.00798	0.01013	0.06154	0.01219	0.00647	0.04580	0.03339	0.00929	0.01419	0.00778	0.00927	0.00637	0.00334	0.00339	0.00075	0.00360	0.00280	0.00254	0.75001
4	0.00616	0.00421	0.00497	0.00495	0.00521	0.00411	0.00305	0.00670	0.00783	0.01069	0.21111	0.07689	0.02252	0.59463	0.01685	0.00334	0.00355	0.00699	0.00321	0.00302
5	0.00611	0.00449	0.00646	0.00653	0.00714	0.00508	0.00487	0.00736	0.00691	0.00982	0.01265	0.07291	0.01267	0.15477	0.65477	0.00617	0.00983	0.00536	0.00246	0.00364
6	0.00732	0.00482	0.00616	0.00563	0.00686	0.00447	0.00425	0.03054	0.01206	0.07726	0.66540	0.03058	0.07554	0.04325	0.00570	0.00147	0.00232	0.00743	0.00465	0.00432
7	0.01057	0.00542	0.00711	0.00652	0.00814	0.00499	0.00500	0.01252	0.04435	0.28273	0.22601	0.23723	0.02399	0.02672	0.00524	0.00154	0.00290	0.04851	0.03544	0.00508
8	0.01664	0.00763	0.00974	0.00778	0.01078	0.00722	0.00632	0.04841	0.16048	0.58684	0.07713	0.01608	0.01325	0.00568	0.00440	0.00136	0.00353	0.00467	0.00508	0.00699
9	0.00864	0.02228	0.82630	0.01228	0.01864	0.01000	0.01592	0.01364	0.00909	0.01364	0.00773	0.00909	0.00546	0.00409	0.00409	0.00136	0.00637	0.00318	0.00182	0.00637
10	0.01528	0.01152	0.01231	0.00969	0.01294	0.01285	0.00792	0.65625	0.17316	0.02539	0.01173	0.01145	0.00845	0.00530	0.00432	0.00133	0.00448	0.00407	0.00432	0.00723
11	0.00720	0.00608	0.00798	0.00733	0.00763	0.00743	0.00552	0.00792	0.00688	0.00970	0.01375	0.02116	0.09863	0.32278	0.16187	0.00358	0.29300	0.00542	0.00246	0.00366
12	0.01066	0.01023	0.01748	0.02644	0.82174	0.01023	0.01322	0.01322	0.00981	0.01407	0.00810	0.01066	0.00682	0.00384	0.00426	0.00128	0.00512	0.00384	0.00213	0.00682
13	0.00614	0.00420	0.00466	0.00466	0.00482	0.00412	0.00268	0.00626	0.00664	0.00870	0.01678	0.02961	0.10156	0.75915	0.02013	0.00389	0.00396	0.00657	0.00276	0.00272
14	0.00940	0.00561	0.00717	0.00634	0.00791	0.00539	0.00490	0.06219	0.03339	0.16866	0.50610	0.08403	0.02997	0.00807	0.00503	0.00138	0.01865	0.00697	0.02390	0.00493
15	0.00849	0.05136	0.01375	0.73611	0.08655	0.01000	0.01182	0.01127	0.00871	0.01118	0.00760	0.01119	0.00581	0.00424	0.00422	0.00140	0.00564	0.00375	0.00193	0.00497

[dist]
# distance from previous block
# <min> <max>
0	1

[block]
# block no. 11 follows, 61 sequences, length 10
# corresponding to MSA columns:
# 439-448
name=unknown_L
#
# <colnr> <probs for GDERKNQSTAVLIFYWHMCP>
#	G	D	E	R	K	N	Q	S	T	A	V	L	I	F	Y	W	H	M	C	P
0	0.00745	0.00681	0.04571	0.01164	0.20701	0.00621	0.00741	0.03437	0.00960	0.01305	0.06543	0.33656	0.08146	0.00962	0.00529	0.00159	0.02135	0.12127	0.00345	0.00470
1	0.00680	0.00504	0.00638	0.00625	0.00692	0.00559	0.00444	0.00910	0.11248	0.01038	0.01316	0.02143	0.01309	0.36348	0.39118	0.00508	0.00745	0.00532	0.00270	0.00373
2	0.00865	0.00734	0.00862	0.00629	0.00984	0.00558	0.00500	0.01058	0.00925	0.01436	0.08771	0.01122	0.00976	0.00374	0.00338	0.00071	0.00308	0.00307	0.00277	0.78907
3	0.00548	0.00392	0.00525	0.00614	0.00653	0.00369	0.00429	0.00645	0.00872	0.01167	0.08502	0.70444	0.02906	0.01298	0.00551	0.00174	0.00261	0.08887	0.00405	0.00359
4	0.07227	0.26643	0.01410	0.00892	0.03592	0.20975	0.00715	0.11458	0.05469	0.04937	0.00808	0.00933	0.00664	0.00575	0.00527	0.11568	0.00509	0.00308	0.00261	0.00528
5	0.01024	0.01117	0.02264	0.01644	0.02017	0.01105	0.63767	0.04148	0.01000	0.01383	0.00832	0.01117	0.00644	0.00418	0.00616	0.00147	0.11629	0.00476	0.00223	0.04429
6	0.01955	0.05410	0.02781	0.13820	0.13770	0.06788	0.08381	0.03740	0.03292	0.02713	0.01981	0.02574	0.01843	0.01873	0.12875	0.00213	0.02423	0.01387	0.00248	0.11935
7	0.01099	0.67584	0.02174	0.00883	0.01239	0.01531	0.11208	0.01271	0.00903	0.01083	0.00764	0.01074	0.00715	0.00431	0.00331	0.00107	0.00491	0.06363	0.00205	0.00544
8	0.00557	0.00420	0.00519	0.00558	0.00643	0.00382	0.00409	0.00685	0.00982	0.01289	0.22325	0.34008	0.25763	0.01146	0.00532	0.00159	0.00244	0.08587	0.00418	0.00372
9	0.12605	0.00749	0.00831	0.00662	0.00962	0.00671	0.00522	0.05421	0.06492	0.05309	0.02949	0.11979	0.01055	0.00517	0.00366	0.00102	0.00321	0.00423	0.00316	0.47747

[dist]
# distance from previous block
# <min> <max>
0	3

[block]
# block no. 12 follows, 61 sequences, length 7
# corresponding to MSA columns:
# 452-458
