[name]
unknown

[dist]
# distance from previous block
# <min> <max>
0	51

[block]
# block no. 0 follows, 62 sequences, length 49
# corresponding to MSA columns:
# 54-102
name=unknown_A
#
# <colnr> <probs for GDERKNQSTAVLIFYWHMCP>
#	G	D	E	R	K	N	Q	S	T	A	V	L	I	F	Y	W	H	M	C	P
0	0.00690	0.00502	0.00720	0.00798	0.00903	0.00499	0.02305	0.00889	0.00986	0.01286	0.04198	0.04686	0.02451	0.01151	0.00584	0.00193	0.00394	0.75980	0.00390	0.00396
1	0.00909	0.00864	0.01467	0.49558	0.36570	0.00973	0.01234	0.01180	0.00901	0.01215	0.00775	0.01100	0.00612	0.00406	0.00424	0.00135	0.00541	0.00379	0.00198	0.00558
2	0.00912	0.00755	0.00885	0.00634	0.01011	0.00569	0.00508	0.01100	0.00892	0.03732	0.00783	0.00899	0.00642	0.00321	0.00318	0.00065	0.00316	0.00257	0.00260	0.85140
3	0.00518	0.00414	0.00463	0.00492	0.00591	0.00366	0.00351	0.00613	0.00895	0.01109	0.03453	0.27370	0.51603	0.05023	0.04584	0.00190	0.00278	0.00955	0.00381	0.00352
4	0.00729	0.00504	0.00663	0.00739	0.04814	0.00485	0.00516	0.06291	0.00981	0.06171	0.06080	0.48804	0.08966	0.01117	0.00523	0.00164	0.00296	0.11340	0.00399	0.00421
5	0.00535	0.00382	0.00512	0.00611	0.00643	0.00360	0.00423	0.00621	0.00831	0.01104	0.02336	0.76992	0.02779	0.01318	0.00547	0.00175	0.00261	0.08825	0.00395	0.00350
6	0.01076	0.01043	0.01841	0.01755	0.24574	0.02459	0.32379	0.05962	0.03333	0.04623	0.00906	0.01215	0.00738	0.02321	0.00629	0.00150	0.12052	0.02109	0.00246	0.00593
7	0.83905	0.00820	0.00656	0.04527	0.00923	0.00954	0.00495	0.01243	0.00730	0.01870	0.00600	0.00712	0.00466	0.00396	0.00271	0.00132	0.00340	0.00237	0.00260	0.00461
8	0.00931	0.00931	0.01303	0.01117	0.01117	0.01303	0.00931	0.01024	0.00652	0.01024	0.00559	0.00931	0.00559	0.00745	0.01396	0.00186	0.84267	0.00372	0.00186	0.00465
9	0.00913	0.05928	0.70083	0.01182	0.01765	0.01040	0.03623	0.04955	0.04078	0.01409	0.00807	0.00927	0.00580	0.00413	0.00403	0.00133	0.00605	0.00325	0.00202	0.00629
10	0.00804	0.00756	0.01276	0.84023	0.02931	0.00945	0.01182	0.01087	0.00851	0.01087	0.00756	0.01134	0.00567	0.00425	0.00425	0.00142	0.00567	0.00378	0.00189	0.00473
11	0.01488	0.00928	0.01064	0.00805	0.01151	0.02594	0.00658	0.29964	0.01396	0.27836	0.01144	0.01111	0.00797	0.00455	0.00392	0.00109	0.00394	0.00356	0.00401	0.26955
12	0.00514	0.00395	0.00471	0.00528	0.00601	0.00352	0.00367	0.00604	0.00884	0.01125	0.04868	0.51480	0.33839	0.01223	0.00526	0.00161	0.00234	0.01078	0.00397	0.00352
13	0.01120	0.01043	0.00990	0.00893	0.01131	0.10579	0.00691	0.02196	0.72318	0.01695	0.01608	0.01493	0.01212	0.00561	0.00427	0.00140	0.00387	0.00457	0.00408	0.00653
14	0.00954	0.01031	0.02140	0.08786	0.08873	0.00995	0.59471	0.01262	0.00951	0.01289	0.00893	0.01298	0.00729	0.08601	0.00651	0.00168	0.00657	0.00492	0.00217	0.00543
15	0.00537	0.00424	0.00484	0.00486	0.00600	0.00371	0.00358	0.00671	0.01026	0.01323	0.29530	0.14341	0.46249	0.01043	0.00508	0.00144	0.00215	0.00897	0.00419	0.00371
16	0.00998	0.00952	0.01620	0.16991	0.66390	0.00985	0.01263	0.01255	0.00953	0.01344	0.02703	0.01117	0.00734	0.00399	0.00424	0.00129	0.00509	0.00388	0.00213	0.00632
17	0.00606	0.00445	0.00621	0.00621	0.00683	0.00496	0.00459	0.00720	0.00682	0.00958	0.01333	0.02041	0.04936	0.22036	0.60730	0.00596	0.00929	0.00514	0.00243	0.00351
18	0.01591	0.01982	0.01210	0.01090	0.01316	0.78805	0.00821	0.06081	0.01250	0.01132	0.00678	0.00781	0.00558	0.00442	0.00386	0.00111	0.00751	0.00280	0.00231	0.00506
19	0.00863	0.00790	0.01272	0.63719	0.10202	0.00935	0.01109	0.04938	0.00913	0.01206	0.00815	0.03181	0.00650	0.00482	0.01509	0.00144	0.01671	0.00393	0.00211	0.04995
20	0.00954	0.28907	0.53726	0.01046	0.01571	0.02660	0.01269	0.01320	0.00895	0.01229	0.00738	0.00909	0.00582	0.00408	0.00366	0.00122	0.00570	0.01950	0.00186	0.00595
21	0.88052	0.00823	0.00625	0.00560	0.00823	0.00955	0.00461	0.01251	0.00724	0.01909	0.00592	0.00691	0.00461	0.00395	0.00263	0.00132	0.00329	0.00230	0.00263	0.00461
22	0.01138	0.85302	0.02230	0.00728	0.01092	0.01684	0.00728	0.01274	0.00865	0.01001	0.00592	0.00683	0.00546	0.00364	0.00273	0.00091	0.00455	0.00228	0.00182	0.00546
23	0.00518	0.00372	0.00492	0.00587	0.00616	0.00346	0.00392	0.00593	0.00820	0.01088	0.02414	0.81925	0.05613	0.01324	0.00542	0.00172	0.00246	0.01199	0.00395	0.00346
24	0.00529	0.00390	0.00497	0.00579	0.00623	0.00363	0.00393	0.00632	0.02642	0.01109	0.02570	0.73129	0.12404	0.01285	0.00536	0.00169	0.00245	0.01156	0.00396	0.00355
25	0.00617	0.00415	0.00474	0.00471	0.00480	0.00411	0.00271	0.00636	0.00673	0.00907	0.08866	0.02821	0.01777	0.77209	0.02011	0.00387	0.00393	0.00633	0.00277	0.00271
26	0.01513	0.01140	0.01218	0.00958	0.01280	0.01271	0.00783	0.66234	0.16910	0.02513	0.01155	0.01128	0.00831	0.00523	0.00427	0.00131	0.00444	0.00401	0.00427	0.00714
27	0.00996	0.00558	0.00649	0.00575	0.00740	0.00553	0.00447	0.06045	0.08686	0.15000	0.24616	0.01987	0.01921	0.00617	0.00398	0.00120	0.00255	0.00516	0.34825	0.00497
28	0.10752	0.00862	0.01029	0.00797	0.01123	0.00849	0.00658	0.23531	0.01380	0.52476	0.01387	0.01253	0.00902	0.00509	0.00410	0.00131	0.00388	0.00395	0.00472	0.00697
29	0.01053	0.01011	0.01727	0.02612	0.82392	0.01011	0.01306	0.01306	0.00969	0.01390	0.00800	0.01053	0.00674	0.00379	0.00421	0.00126	0.00505	0.00379	0.00211	0.00674
30	0.01159	0.81288	0.02180	0.00746	0.01103	0.05620	0.00733	0.01295	0.00881	0.01003	0.00595	0.00687	0.00546	0.00368	0.00278	0.00092	0.00470	0.00230	0.00184	0.00544
31	0.01075	0.00994	0.01390	0.01419	0.21387	0.04672	0.09121	0.11403	0.07031	0.02551	0.00989	0.05133	0.02188	0.00537	0.00620	0.00136	0.17374	0.00428	0.00272	0.11281
32	0.00981	0.00860	0.01120	0.05507	0.09657	0.05583	0.08427	0.08263	0.14273	0.05200	0.08718	0.05907	0.15155	0.00682	0.00524	0.00142	0.05876	0.02244	0.00345	0.00537
33	0.00878	0.00635	0.00762	0.00598	0.00874	0.00507	0.00471	0.01055	0.00999	0.10174	0.19419	0.03499	0.11185	0.00572	0.00396	0.00098	0.00282	0.00482	0.00350	0.46763
34	0.01217	0.01222	0.00900	0.00815	0.01009	0.34635	0.00621	0.07611	0.15704	0.01461	0.01261	0.01326	0.04733	0.00516	0.00377	0.00116	0.00478	0.00384	0.25103	0.00510
35	0.00833	0.00493	0.00641	0.00583	0.00722	0.00451	0.00444	0.02580	0.01176	0.15440	0.56056	0.10477	0.06707	0.00856	0.00492	0.00137	0.00238	0.00750	0.00467	0.00456
36	0.00739	0.00370	0.00554	0.00554	0.00554	0.00370	0.00370	0.00554	0.00554	0.00739	0.00739	0.01293	0.00739	0.01478	0.01663	0.87620	0.00370	0.00370	0.00185	0.00185
37	0.00673	0.00474	0.00655	0.00641	0.00706	0.00529	0.00474	0.04577	0.00721	0.01011	0.01131	0.01820	0.01108	0.19079	0.54541	0.09916	0.00881	0.00475	0.00239	0.00351
38	0.01585	0.00983	0.01121	0.00889	0.01201	0.01040	0.00730	0.43181	0.12476	0.26271	0.01370	0.01400	0.00979	0.00555	0.00435	0.00134	0.00415	0.04077	0.00455	0.00702
39	0.00927	0.15295	0.14345	0.00826	0.01060	0.00931	0.00774	0.06360	0.00975	0.06888	0.12176	0.16520	0.05448	0.00734	0.00596	0.00143	0.14614	0.00573	0.00309	0.00505
40	0.01536	0.09757	0.01296	0.01057	0.01290	0.73956	0.00810	0.01672	0.02913	0.01054	0.00675	0.00777	0.00564	0.00435	0.00374	0.00109	0.00729	0.00274	0.00220	0.00502
41	0.88052	0.00823	0.00625	0.00560	0.00823	0.00955	0.00461	0.01251	0.00724	0.01909	0.00592	0.00691	0.00461	0.00395	0.00263	0.00132	0.00329	0.00230	0.00263	0.00461
42	0.00863	0.03551	0.73880	0.05222	0.01898	0.01002	0.05097	0.01334	0.00900	0.01330	0.00765	0.00917	0.00545	0.00403	0.00407	0.00135	0.00627	0.00324	0.00182	0.00617
43	0.00798	0.00744	0.01248	0.80067	0.02833	0.00924	0.01158	0.01077	0.00857	0.01096	0.00827	0.01309	0.00657	0.00461	0.00433	0.00144	0.00559	0.04140	0.00199	0.00469
44	0.00582	0.00395	0.00509	0.00577	0.00630	0.00362	0.00394	0.00665	0.00853	0.04761	0.03726	0.68627	0.12011	0.03035	0.00567	0.00172	0.00251	0.01119	0.00399	0.00363
45	0.88052	0.00823	0.00625	0.00560	0.00823	0.00955	0.00461	0.01251	0.00724	0.01909	0.00592	0.00691	0.00461	0.00395	0.00263	0.00132	0.00329	0.00230	0.00263	0.00461
46	0.01087	0.00916	0.00972	0.00860	0.01103	0.01050	0.00673	0.09206	0.70705	0.01857	0.05492	0.01613	0.01377	0.00585	0.00436	0.00142	0.00342	0.00486	0.00434	0.00665
47	0.00605	0.00443	0.00633	0.00638	0.00697	0.00500	0.00474	0.00725	0.00678	0.00962	0.01238	0.06035	0.01242	0.18475	0.63967	0.00607	0.00958	0.00524	0.00242	0.00355
48	0.04012	0.21431	0.16777	0.09134	0.05278	0.19662	0.00991	0.03324	0.02093	0.01195	0.00738	0.00974	0.00624	0.00467	0.00476	0.00126	0.09277	0.02671	0.00211	0.00539

[dist]
# distance from previous block
# <min> <max>
0	6

[block]
# block no. 1 follows, 62 sequences, length 9
# corresponding to MSA columns:
# 109-117
name=unknown_B
#
# <colnr> <probs for GDERKNQSTAVLIFYWHMCP>
#	G	D	E	R	K	N	Q	S	T	A	V	L	I	F	Y	W	H	M	C	P
0	0.81879	0.06823	0.00739	0.00572	0.00842	0.01006	0.00480	0.01252	0.00734	0.01845	0.00592	0.00691	0.00467	0.00393	0.00264	0.00129	0.00338	0.00230	0.00258	0.00467
1	0.00931	0.00931	0.01303	0.01117	0.01117	0.01303	0.00931	0.01024	0.00652	0.01024	0.00559	0.00931	0.00559	0.00745	0.01396	0.00186	0.84267	0.00372	0.00186	0.00465
2	0.12717	0.01260	0.01308	0.03468	0.01391	0.26492	0.17854	0.05074	0.15576	0.01467	0.04870	0.03060	0.02620	0.00497	0.00417	0.00131	0.00552	0.00419	0.00290	0.00538
3	0.88052	0.00823	0.00625	0.00560	0.00823	0.00955	0.00461	0.01251	0.00724	0.01909	0.00592	0.00691	0.00461	0.00395	0.00263	0.00132	0.00329	0.00230	0.00263	0.00461
4	0.01648	0.00776	0.00980	0.00774	0.01072	0.00739	0.00631	0.12913	0.08955	0.55210	0.10228	0.01588	0.01349	0.00566	0.00436	0.00133	0.00357	0.00463	0.00497	0.00685
5	0.00573	0.00428	0.00515	0.00502	0.00610	0.00384	0.00373	0.00736	0.01093	0.01487	0.49571	0.08960	0.28030	0.00952	0.00497	0.00138	0.00208	0.00825	0.03732	0.00384
6	0.00730	0.00375	0.00563	0.00563	0.00568	0.00380	0.00380	0.00568	0.00563	0.00756	0.00766	0.01319	0.00761	0.01593	0.07135	0.81797	0.00421	0.00375	0.00188	0.00198
7	0.01030	0.07609	0.00882	0.00685	0.00892	0.00882	0.00547	0.11411	0.33569	0.01752	0.01417	0.01444	0.01085	0.00520	0.00366	0.00120	0.00308	0.00415	0.34505	0.00561
8	0.00609	0.00438	0.00513	0.00515	0.00618	0.00405	0.00377	0.03207	0.01037	0.01422	0.29653	0.21190	0.26247	0.00978	0.00485	0.00141	0.00223	0.00848	0.10707	0.00386

[dist]
# distance from previous block
# <min> <max>
0	2

[block]
# block no. 2 follows, 62 sequences, length 32
# corresponding to MSA columns:
# 120-151
name=unknown_C
#
# <colnr> <probs for GDERKNQSTAVLIFYWHMCP>
#	G	D	E	R	K	N	Q	S	T	A	V	L	I	F	Y	W	H	M	C	P
0	0.01357	0.35623	0.01611	0.00886	0.01194	0.20400	0.00759	0.23192	0.06775	0.01519	0.00817	0.00898	0.00666	0.02108	0.00389	0.00115	0.00522	0.00306	0.00276	0.00585
1	0.00834	0.00544	0.00746	0.08127	0.02151	0.00542	0.00518	0.06234	0.00770	0.02053	0.00859	0.02942	0.00793	0.02796	0.06040	0.46250	0.00427	0.00381	0.02383	0.14609
2	0.01134	0.46211	0.10811	0.00926	0.03073	0.08448	0.04760	0.02928	0.12135	0.02484	0.00836	0.00941	0.00694	0.02504	0.00386	0.00117	0.00497	0.00309	0.00234	0.00572
3	0.01349	0.01059	0.01126	0.00925	0.01217	0.01194	0.00744	0.43220	0.40190	0.02249	0.01362	0.01293	0.01000	0.00543	0.00429	0.00136	0.00405	0.00430	0.00429	0.00700
4	0.01049	0.02662	0.03012	0.14569	0.09695	0.00997	0.03558	0.06489	0.37319	0.05685	0.03271	0.03142	0.02591	0.00553	0.00458	0.00141	0.02374	0.01471	0.00350	0.00612
5	0.00822	0.00764	0.01144	0.22371	0.19324	0.03706	0.03104	0.01001	0.00847	0.01134	0.01234	0.15226	0.03972	0.07612	0.04357	0.00195	0.09822	0.02644	0.00249	0.00471
6	0.00627	0.00414	0.00524	0.00559	0.00623	0.00389	0.00395	0.00740	0.00908	0.04006	0.18474	0.39244	0.06579	0.11642	0.00716	0.00188	0.00266	0.06054	0.07285	0.00367
7	0.00782	0.00468	0.00578	0.00561	0.00695	0.00418	0.00425	0.00921	0.01023	0.14636	0.19629	0.21209	0.26343	0.00978	0.00494	0.00147	0.00253	0.05417	0.04594	0.00429
8	0.01214	0.00991	0.01050	0.00897	0.01166	0.01131	0.00711	0.24115	0.59516	0.02030	0.01535	0.01430	0.01139	0.00559	0.00431	0.00140	0.00373	0.00454	0.00431	0.00687
9	0.81253	0.00815	0.00654	0.00575	0.00844	0.00929	0.00474	0.01316	0.00763	0.08284	0.00678	0.00751	0.00508	0.00405	0.00276	0.00132	0.00332	0.00246	0.00284	0.00482
10	0.14911	0.01017	0.01104	0.00859	0.01185	0.01088	0.00709	0.48814	0.01607	0.22809	0.01122	0.01079	0.00767	0.00497	0.00401	0.00129	0.00420	0.00371	0.00426	0.00684
11	0.28405	0.00755	0.00876	0.00696	0.01005	0.00727	0.00575	0.01821	0.01066	0.57841	0.01345	0.01215	0.00871	0.00486	0.00377	0.00132	0.00352	0.00367	0.00446	0.00643
12	0.01138	0.85302	0.02230	0.00728	0.01092	0.01684	0.00728	0.01274	0.00865	0.01001	0.00592	0.00683	0.00546	0.00364	0.00273	0.00091	0.00455	0.00228	0.00182	0.00546
13	0.03012	0.03202	0.01230	0.01048	0.01273	0.48362	0.09215	0.05454	0.01157	0.03673	0.04842	0.06637	0.01021	0.00625	0.02476	0.00140	0.00646	0.05219	0.00272	0.00498
14	0.01239	0.00975	0.01098	0.00953	0.03605	0.03298	0.04110	0.21598	0.42166	0.07450	0.01429	0.01437	0.01078	0.04576	0.00511	0.00149	0.00404	0.00449	0.02822	0.00653
15	0.00855	0.00500	0.00604	0.00576	0.00716	0.00478	0.00449	0.02530	0.04662	0.12581	0.18041	0.10503	0.12794	0.00853	0.01737	0.00146	0.00276	0.09481	0.21766	0.00450
16	0.03475	0.00800	0.01303	0.41934	0.29974	0.00891	0.01091	0.01106	0.00890	0.01216	0.01087	0.03703	0.06176	0.02808	0.00478	0.00145	0.00499	0.01678	0.00223	0.00524
17	0.00527	0.00386	0.00493	0.00571	0.00616	0.00356	0.00391	0.00612	0.00848	0.01112	0.05004	0.65694	0.14050	0.03791	0.00586	0.00175	0.00251	0.03795	0.00393	0.00348
18	0.00739	0.00370	0.00554	0.00554	0.00554	0.00370	0.00370	0.00554	0.00554	0.00739	0.00739	0.01293	0.00739	0.01478	0.01663	0.87620	0.00370	0.00370	0.00185	0.00185
19	0.01178	0.59618	0.10199	0.00921	0.04934	0.13284	0.00855	0.02735	0.00942	0.01089	0.00636	0.00739	0.00555	0.00382	0.00312	0.00100	0.00520	0.00253	0.00193	0.00556
20	0.00702	0.00438	0.00523	0.00509	0.00616	0.00416	0.00383	0.00905	0.02662	0.04088	0.38261	0.08356	0.08887	0.00792	0.00439	0.00128	0.00218	0.03187	0.28081	0.00408
21	0.01024	0.01644	0.41528	0.02814	0.18578	0.03652	0.09440	0.08947	0.01038	0.02683	0.00812	0.00976	0.00606	0.00413	0.00438	0.00132	0.02257	0.00355	0.00221	0.02444
22	0.01090	0.00977	0.01016	0.00975	0.05884	0.06581	0.00714	0.06021	0.62230	0.01704	0.01568	0.04062	0.01222	0.00664	0.03207	0.00159	0.00406	0.00478	0.00397	0.00644
23	0.88052	0.00823	0.00625	0.00560	0.00823	0.00955	0.00461	0.01251	0.00724	0.01909	0.00592	0.00691	0.00461	0.00395	0.00263	0.00132	0.00329	0.00230	0.00263	0.00461
24	0.01050	0.07487	0.11494	0.07566	0.35382	0.03575	0.07659	0.02970	0.07167	0.04865	0.04819	0.02297	0.00888	0.00445	0.00421	0.00129	0.00509	0.00406	0.00253	0.00616
25	0.00896	0.00938	0.13991	0.00881	0.01146	0.04583	0.15865	0.01186	0.03225	0.05332	0.11396	0.04748	0.04328	0.00556	0.00410	0.00125	0.00407	0.00497	0.28999	0.00492
26	0.00557	0.00437	0.00565	0.00590	0.00675	0.00403	0.02952	0.00701	0.03650	0.01203	0.11412	0.48566	0.24397	0.01157	0.00523	0.00159	0.00251	0.01030	0.00398	0.00374
27	0.09147	0.00855	0.01071	0.01101	0.14255	0.07103	0.04541	0.03524	0.06096	0.14071	0.02725	0.01487	0.02861	0.10672	0.12137	0.00244	0.06849	0.00435	0.00301	0.00528
28	0.01002	0.02826	0.01151	0.06255	0.06959	0.02156	0.07875	0.09601	0.28557	0.03408	0.05048	0.09682	0.04431	0.00668	0.00490	0.00146	0.03082	0.05731	0.00361	0.00573
29	0.00627	0.00411	0.00524	0.00530	0.00575	0.00399	0.00362	0.00616	0.00747	0.00975	0.07757	0.13245	0.20137	0.15600	0.02826	0.31129	0.02289	0.00674	0.00294	0.00284
30	0.01092	0.16707	0.23323	0.06495	0.11860	0.09259	0.01054	0.07919	0.03503	0.03269	0.03039	0.00988	0.00713	0.00434	0.00416	0.00121	0.03348	0.00331	0.00237	0.05893
31	0.00916	0.00724	0.00799	0.00723	0.00862	0.00818	0.00532	0.08900	0.34786	0.01443	0.01449	0.03568	0.01310	0.30493	0.03909	0.00257	0.04754	0.00526	0.02733	0.00497

[dist]
# distance from previous block
# <min> <max>
0	2

[block]
# block no. 3 follows, 62 sequences, length 39
# corresponding to MSA columns:
# 154-192
name=unknown_D
#
# <colnr> <probs for GDERKNQSTAVLIFYWHMCP>
#	G	D	E	R	K	N	Q	S	T	A	V	L	I	F	Y	W	H	M	C	P
0	0.05081	0.09558	0.01378	0.12274	0.10471	0.10945	0.09106	0.06099	0.02365	0.02857	0.00831	0.03386	0.00690	0.00415	0.00380	0.00110	0.00490	0.00351	0.00247	0.22965
1	0.01343	0.01111	0.06608	0.00923	0.01233	0.02849	0.00782	0.35134	0.32251	0.08476	0.03859	0.01325	0.01056	0.00540	0.00429	0.00135	0.00418	0.00429	0.00417	0.00683
2	0.03214	0.00822	0.01004	0.00763	0.01103	0.00752	0.00625	0.15727	0.03623	0.43969	0.01309	0.01219	0.00883	0.00469	0.00396	0.00114	0.00367	0.00373	0.00431	0.22835
3	0.00820	0.00481	0.00617	0.00561	0.00702	0.00437	0.00433	0.01007	0.01158	0.14718	0.54443	0.02923	0.10020	0.00817	0.00479	0.00134	0.00234	0.03238	0.06329	0.00449
4	0.00878	0.00833	0.01411	0.59646	0.26724	0.00965	0.01219	0.01153	0.00886	0.01178	0.00769	0.01110	0.00599	0.00412	0.00424	0.00137	0.00549	0.00378	0.00196	0.00533
5	0.01237	0.00924	0.01141	0.24544	0.01682	0.01049	0.00850	0.23607	0.27513	0.11066	0.01252	0.01287	0.00904	0.00510	0.00428	0.00138	0.00441	0.00419	0.00372	0.00636
6	0.00715	0.00456	0.00534	0.00502	0.00614	0.00441	0.00380	0.04580	0.01119	0.01687	0.46099	0.02536	0.05807	0.00725	0.00424	0.00121	0.00213	0.00621	0.32014	0.00413
7	0.32372	0.07144	0.18343	0.00958	0.06672	0.08104	0.00857	0.09692	0.01008	0.08500	0.00815	0.00939	0.00619	0.00435	0.00352	0.00128	0.00469	0.01751	0.00274	0.00568
8	0.00614	0.00409	0.00480	0.00488	0.00496	0.00407	0.00288	0.00625	0.00661	0.00887	0.04928	0.10166	0.01723	0.68199	0.03823	0.04190	0.00403	0.00664	0.00276	0.00272
9	0.01582	0.08099	0.01313	0.00944	0.01272	0.07823	0.00782	0.58352	0.04578	0.09473	0.01041	0.01031	0.00745	0.00497	0.00410	0.00124	0.00477	0.00369	0.00398	0.00689
10	0.00762	0.02474	0.16631	0.00737	0.00961	0.00639	0.00683	0.00960	0.00826	0.04360	0.10086	0.01793	0.03228	0.16514	0.23196	0.00325	0.03733	0.00469	0.00267	0.11355
11	0.28732	0.22310	0.01246	0.00742	0.01044	0.01223	0.00641	0.29324	0.01221	0.01913	0.00831	0.03043	0.00669	0.00458	0.00332	0.00119	0.00401	0.00318	0.04866	0.00569
12	0.51026	0.18414	0.06525	0.00652	0.00957	0.01061	0.00601	0.03167	0.00838	0.07139	0.00735	0.00816	0.00568	0.00407	0.00292	0.00121	0.00373	0.00262	0.05536	0.00510
13	0.01330	0.03812	0.01302	0.15375	0.10054	0.33745	0.02440	0.11174	0.06948	0.05597	0.00870	0.01005	0.00675	0.00493	0.01530	0.00132	0.02342	0.00346	0.00268	0.00563
14	0.00721	0.00627	0.02214	0.05235	0.09767	0.00595	0.10470	0.00906	0.02677	0.02926	0.01994	0.30595	0.11799	0.06670	0.03212	0.00191	0.00408	0.08230	0.00328	0.00436
15	0.00909	0.00492	0.00624	0.00591	0.00728	0.00442	0.00439	0.01024	0.00978	0.22611	0.10842	0.25382	0.18186	0.10482	0.00686	0.00180	0.00291	0.04246	0.00422	0.00446
16	0.00880	0.00538	0.00679	0.00661	0.00773	0.02237	0.00504	0.02095	0.00984	0.15771	0.16373	0.26785	0.02322	0.08296	0.00688	0.00179	0.03974	0.12613	0.03211	0.00438
17	0.06603	0.00533	0.00640	0.00591	0.00720	0.00533	0.00436	0.03320	0.02781	0.14564	0.08813	0.08319	0.09952	0.21868	0.15256	0.00300	0.00466	0.00602	0.03276	0.00426
18	0.01125	0.00848	0.00930	0.00786	0.01024	0.00918	0.00624	0.26970	0.28038	0.05523	0.18554	0.01975	0.09502	0.00663	0.00452	0.00136	0.00340	0.00548	0.00438	0.00605
19	0.01133	0.00994	0.00987	0.00880	0.01120	0.07054	0.00684	0.07470	0.66465	0.03164	0.01624	0.04090	0.01248	0.00585	0.00432	0.00141	0.00375	0.00481	0.00417	0.00654
20	0.01055	0.53888	0.23246	0.00889	0.01315	0.01415	0.03519	0.04749	0.00932	0.01183	0.00807	0.00900	0.03694	0.00408	0.00330	0.00108	0.00500	0.00292	0.00201	0.00569
21	0.01080	0.03230	0.02818	0.07902	0.37856	0.05499	0.14746	0.01329	0.00974	0.06225	0.00852	0.01090	0.00684	0.00400	0.00439	0.00123	0.02263	0.01253	0.00235	0.11002
22	0.03500	0.00723	0.01131	0.22667	0.01574	0.00766	0.12824	0.02476	0.07944	0.10881	0.05198	0.05493	0.01268	0.15248	0.00756	0.00192	0.00466	0.06097	0.00309	0.00487
23	0.00741	0.00566	0.00764	0.02605	0.03059	0.00582	0.01715	0.03327	0.09060	0.01349	0.03808	0.11257	0.05345	0.01076	0.01495	0.00185	0.00384	0.51859	0.00386	0.00436
24	0.57566	0.05253	0.08195	0.00942	0.09437	0.04555	0.06036	0.01293	0.00811	0.01687	0.00650	0.00780	0.00510	0.00392	0.00314	0.00129	0.00425	0.00273	0.00241	0.00511
25	0.00963	0.00969	0.03711	0.01132	0.04483	0.09298	0.17770	0.04262	0.02577	0.03512	0.03120	0.07021	0.01014	0.07666	0.13388	0.00252	0.17629	0.00492	0.00254	0.00487
26	0.00934	0.05602	0.08245	0.02335	0.01259	0.01898	0.14137	0.08631	0.07827	0.03197	0.08606	0.14508	0.02792	0.00623	0.00439	0.00128	0.00424	0.02303	0.00319	0.15792
27	0.19301	0.00777	0.00793	0.00651	0.00898	0.00819	0.00526	0.24848	0.01211	0.08370	0.01084	0.01162	0.00809	0.00466	0.00340	0.00114	0.00328	0.00348	0.29289	0.07866
28	0.01207	0.03109	0.18469	0.02208	0.02966	0.02789	0.02622	0.10182	0.18416	0.18868	0.03622	0.01406	0.01032	0.05926	0.01375	0.00156	0.00450	0.00423	0.04157	0.00618
29	0.00540	0.00422	0.00486	0.00503	0.00607	0.00373	0.00369	0.00662	0.00981	0.01257	0.21193	0.19779	0.42947	0.03791	0.00568	0.00158	0.00232	0.04360	0.00407	0.00364
30	0.00942	0.00818	0.01062	0.09884	0.03470	0.05898	0.06702	0.08931	0.03521	0.03217	0.09248	0.04714	0.01274	0.17033	0.01883	0.00203	0.16072	0.00504	0.04158	0.00465
31	0.00569	0.00428	0.00517	0.00512	0.00610	0.00388	0.00375	0.00714	0.01043	0.01400	0.43089	0.10736	0.26567	0.07642	0.01630	0.00170	0.00241	0.02578	0.00419	0.00372
32	0.00648	0.00500	0.00696	0.03466	0.09374	0.00517	0.00512	0.00758	0.00771	0.01047	0.05216	0.09954	0.09749	0.28299	0.24243	0.00382	0.00586	0.02630	0.00282	0.00371
33	0.02923	0.51988	0.05602	0.14191	0.04621	0.01397	0.02385	0.03547	0.00897	0.01144	0.00660	0.00815	0.00564	0.00387	0.00347	0.00106	0.02477	0.00276	0.00198	0.05475
34	0.03175	0.00475	0.00528	0.00527	0.00649	0.00443	0.00386	0.02042	0.05630	0.02850	0.15913	0.20803	0.39629	0.04316	0.00563	0.00158	0.00245	0.00872	0.00403	0.00393
35	0.01171	0.02872	0.03794	0.35901	0.09745	0.16746	0.00987	0.02428	0.02127	0.14263	0.00959	0.03998	0.00742	0.00471	0.00416	0.00131	0.00546	0.00389	0.00265	0.02048
36	0.01121	0.28886	0.12164	0.11078	0.01460	0.09444	0.03618	0.09393	0.03591	0.04514	0.01999	0.04328	0.00772	0.00554	0.03238	0.00137	0.00534	0.00358	0.00249	0.02559
37	0.05409	0.35906	0.07303	0.00766	0.01098	0.07790	0.00711	0.06215	0.00976	0.03337	0.02984	0.01080	0.05324	0.01902	0.00388	0.00108	0.02299	0.00319	0.00246	0.15840
38	0.09701	0.15034	0.05673	0.00822	0.01129	0.04270	0.05561	0.19272	0.03562	0.01650	0.06494	0.03564	0.09282	0.00549	0.00392	0.00120	0.00417	0.01643	0.00313	0.10554

[dist]
# distance from previous block
# <min> <max>
0	11

[block]
# block no. 4 follows, 62 sequences, length 9
# corresponding to MSA columns:
# 204-212
name=unknown_E
#
# <colnr> <probs for GDERKNQSTAVLIFYWHMCP>
#	G	D	E	R	K	N	Q	S	T	A	V	L	I	F	Y	W	H	M	C	P
0	0.07737	0.11609	0.31146	0.01146	0.07479	0.10901	0.05248	0.02778	0.09302	0.03531	0.00925	0.04726	0.00748	0.00463	0.00392	0.00129	0.00540	0.00369	0.00244	0.00586
1	0.01113	0.00950	0.06008	0.03825	0.04619	0.00804	0.07916	0.15514	0.01118	0.09110	0.00922	0.01070	0.00715	0.03503	0.00444	0.00111	0.00422	0.00341	0.00297	0.41197
2	0.03414	0.00712	0.03778	0.04420	0.00960	0.02540	0.00566	0.10043	0.03841	0.10915	0.09815	0.08743	0.15974	0.07838	0.08905	0.00211	0.00428	0.00597	0.00361	0.05938
3	0.00721	0.00563	0.00745	0.05052	0.00903	0.00596	0.02928	0.05516	0.07775	0.01263	0.07250	0.28449	0.08328	0.09299	0.02713	0.04135	0.04722	0.08282	0.00351	0.00409
4	0.00835	0.00799	0.07342	0.11818	0.09346	0.00748	0.00756	0.06971	0.12821	0.01458	0.16570	0.03737	0.06924	0.10972	0.00671	0.00176	0.00395	0.06828	0.00337	0.00497
5	0.00612	0.04289	0.00672	0.05839	0.04454	0.00508	0.00478	0.00725	0.00883	0.01108	0.04598	0.11582	0.41491	0.05955	0.07919	0.04228	0.00370	0.03576	0.00334	0.00378
6	0.00985	0.00994	0.07932	0.08715	0.11526	0.05500	0.02392	0.06106	0.16717	0.03149	0.07906	0.03141	0.05247	0.00521	0.00415	0.00122	0.00421	0.00442	0.00311	0.17458
7	0.09335	0.00675	0.00818	0.00770	0.04529	0.02428	0.05283	0.07629	0.05345	0.01595	0.16773	0.06314	0.05283	0.03922	0.00490	0.00142	0.00333	0.07262	0.15677	0.05398
8	0.01049	0.07463	0.09295	0.04802	0.06029	0.10812	0.00779	0.10154	0.09360	0.03094	0.01250	0.06559	0.06325	0.05562	0.00537	0.00139	0.02997	0.00443	0.00291	0.13061

[dist]
# distance from previous block
# <min> <max>
2	4

[block]
# block no. 5 follows, 62 sequences, length 31
# corresponding to MSA columns:
# 217-247
name=unknown_F
#
# <colnr> <probs for GDERKNQSTAVLIFYWHMCP>
#	G	D	E	R	K	N	Q	S	T	A	V	L	I	F	Y	W	H	M	C	P
0	0.01040	0.00986	0.01579	0.22021	0.50267	0.04438	0.04932	0.01335	0.04190	0.03867	0.00851	0.01099	0.00679	0.00404	0.00425	0.00131	0.00530	0.00386	0.00225	0.00615
1	0.01075	0.00555	0.00688	0.00584	0.00798	0.00477	0.00461	0.01226	0.01110	0.32502	0.19021	0.02783	0.32370	0.00798	0.00467	0.00134	0.00272	0.00669	0.00455	0.03553
2	0.01182	0.01071	0.01038	0.00910	0.01153	0.13411	0.02549	0.10547	0.49685	0.03880	0.05885	0.01588	0.01290	0.00580	0.00435	0.00138	0.00420	0.03212	0.00398	0.00626
3	0.04611	0.00822	0.00984	0.14262	0.01314	0.00900	0.00704	0.29197	0.07903	0.06523	0.23362	0.01709	0.01670	0.00597	0.00436	0.00132	0.00379	0.00493	0.03434	0.00568
4	0.09515	0.00663	0.00824	0.00677	0.00934	0.00615	0.00552	0.04377	0.01148	0.48043	0.11483	0.01897	0.05727	0.00616	0.00424	0.00133	0.00325	0.04559	0.06889	0.00600
5	0.12753	0.00568	0.02795	0.00601	0.00751	0.00520	0.01462	0.02366	0.00994	0.09302	0.25315	0.23824	0.12631	0.03571	0.00522	0.00154	0.00277	0.00766	0.00399	0.00430
6	0.00760	0.00387	0.00556	0.00548	0.00559	0.00384	0.00362	0.00612	0.00584	0.03357	0.00853	0.01506	0.00862	0.13084	0.01694	0.72695	0.00375	0.00406	0.00206	0.00212
7	0.39900	0.02469	0.00896	0.00736	0.01012	0.01027	0.00600	0.19060	0.17217	0.08191	0.01020	0.01040	0.00757	0.00578	0.03674	0.00155	0.00399	0.00338	0.00350	0.00580
8	0.02549	0.05771	0.01093	0.03483	0.03174	0.05637	0.03997	0.05718	0.03476	0.08060	0.00961	0.03508	0.00822	0.04931	0.08357	0.00176	0.06934	0.00372	0.00277	0.30704
9	0.00640	0.01955	0.00701	0.00729	0.03305	0.00490	0.04664	0.00822	0.06251	0.01186	0.02026	0.56821	0.02291	0.05393	0.00593	0.00175	0.00302	0.04932	0.06329	0.00395
10	0.13071	0.39903	0.03734	0.00816	0.01137	0.19378	0.00728	0.06737	0.01900	0.05766	0.00716	0.00788	0.00585	0.00405	0.00321	0.00106	0.00502	0.00265	0.00241	0.02899
11	0.00980	0.14515	0.30389	0.10398	0.21560	0.03329	0.07026	0.01345	0.04161	0.01286	0.00788	0.00970	0.00615	0.00399	0.00398	0.00127	0.00563	0.00343	0.00202	0.00604
12	0.00826	0.00665	0.00792	0.00789	0.03446	0.03679	0.00579	0.01251	0.23230	0.03351	0.01428	0.07531	0.01310	0.10833	0.31068	0.00373	0.02594	0.03392	0.02390	0.00471
13	0.00531	0.00425	0.00477	0.00496	0.00611	0.00371	0.00370	0.00652	0.00976	0.01223	0.14416	0.17679	0.52849	0.01099	0.00515	0.00151	0.00231	0.06159	0.00405	0.00365
14	0.00551	0.00441	0.00473	0.00481	0.00605	0.00392	0.00354	0.00712	0.04344	0.01237	0.10700	0.15698	0.56356	0.01049	0.00496	0.00145	0.00223	0.00892	0.04476	0.00376
15	0.01218	0.00852	0.00947	0.00811	0.01062	0.00923	0.00641	0.14587	0.43010	0.15821	0.06092	0.04229	0.06637	0.00629	0.00442	0.00140	0.00344	0.00521	0.00446	0.00645
16	0.71676	0.00798	0.00670	0.00585	0.00845	0.00899	0.00480	0.03835	0.00833	0.09093	0.03992	0.00894	0.00682	0.00432	0.00294	0.00131	0.00328	0.00279	0.02767	0.00488
17	0.10032	0.00955	0.01165	0.01004	0.01072	0.05044	0.00822	0.06413	0.03218	0.01243	0.00701	0.02656	0.00667	0.04218	0.01153	0.00181	0.58367	0.00384	0.00226	0.00479
18	0.00945	0.19505	0.61422	0.01144	0.04193	0.01125	0.01364	0.01349	0.00901	0.03281	0.00751	0.00872	0.00557	0.00398	0.00378	0.00125	0.00582	0.00301	0.00190	0.00615
19	0.04069	0.41121	0.01704	0.00971	0.06007	0.21585	0.00790	0.10830	0.03216	0.02551	0.00717	0.00809	0.00601	0.00421	0.00367	0.00108	0.03055	0.00281	0.00236	0.00563
20	0.79111	0.00813	0.00663	0.00580	0.00850	0.00920	0.00478	0.01336	0.00775	0.10293	0.00705	0.00770	0.00522	0.00409	0.00280	0.00132	0.00333	0.00251	0.00291	0.00488
21	0.02634	0.02537	0.20709	0.01977	0.13630	0.06576	0.00945	0.09047	0.13627	0.04171	0.04441	0.06011	0.06936	0.02854	0.01917	0.00151	0.00477	0.00475	0.00305	0.00582
22	0.00560	0.00418	0.00523	0.00545	0.00632	0.00381	0.00400	0.00702	0.01022	0.01371	0.36191	0.28175	0.20545	0.01074	0.00520	0.00152	0.00230	0.05759	0.00426	0.00375
23	0.01190	0.00917	0.01139	0.23127	0.02632	0.07560	0.04167	0.15325	0.06727	0.14014	0.05263	0.01422	0.04787	0.00536	0.00472	0.00135	0.04386	0.00435	0.05202	0.00564
24	0.00854	0.00864	0.01601	0.07640	0.17231	0.00858	0.31315	0.01098	0.00949	0.01282	0.04824	0.10204	0.13097	0.00618	0.00538	0.00145	0.05496	0.00604	0.00266	0.00517
25	0.00677	0.00407	0.00597	0.00597	0.00626	0.00437	0.00423	0.00641	0.00611	0.00844	0.00952	0.01580	0.00941	0.09899	0.33685	0.45506	0.00675	0.00426	0.00208	0.00268
26	0.01136	0.71652	0.04627	0.00752	0.01107	0.01565	0.00744	0.06953	0.00941	0.01145	0.00666	0.00770	0.00590	0.00482	0.03334	0.00117	0.00481	0.00254	0.02133	0.00552
27	0.02620	0.00595	0.00741	0.00663	0.00831	0.00581	0.00515	0.07783	0.03233	0.18379	0.21301	0.17235	0.10335	0.00914	0.02575	0.01731	0.03389	0.03201	0.00421	0.02956
28	0.00974	0.04313	0.19268	0.20027	0.31777	0.02916	0.02256	0.03815	0.05592	0.01363	0.03136	0.01108	0.00745	0.00425	0.00416	0.00131	0.00534	0.00375	0.00225	0.00603
29	0.01201	0.04157	0.01147	0.02539	0.09223	0.10507	0.00772	0.11697	0.45557	0.04321	0.03450	0.01366	0.01102	0.00529	0.00421	0.00134	0.00425	0.00430	0.00376	0.00645
30	0.64196	0.00913	0.02188	0.01848	0.03897	0.06991	0.00546	0.01237	0.00800	0.01728	0.01903	0.02516	0.02702	0.00435	0.00302	0.00126	0.00369	0.00288	0.00264	0.06751

[dist]
# distance from previous block
# <min> <max>
7	16

[block]
# block no. 6 follows, 62 sequences, length 13
# corresponding to MSA columns:
# 268-280
name=unknown_G
#
# <colnr> <probs for GDERKNQSTAVLIFYWHMCP>
#	G	D	E	R	K	N	Q	S	T	A	V	L	I	F	Y	W	H	M	C	P
0	0.14224	0.09309	0.33378	0.02490	0.01279	0.03317	0.00944	0.01264	0.00899	0.09202	0.06456	0.02711	0.00998	0.09588	0.00575	0.00161	0.00481	0.01928	0.00263	0.00533
1	0.00845	0.02755	0.01124	0.00997	0.03026	0.01045	0.00790	0.00944	0.00713	0.01061	0.00973	0.15827	0.01059	0.03840	0.01148	0.00183	0.55906	0.03201	0.00236	0.04328
2	0.07436	0.08546	0.07307	0.08375	0.15977	0.09085	0.02799	0.09481	0.07320	0.04541	0.09777	0.01411	0.03746	0.00514	0.00410	0.00129	0.00467	0.01815	0.00297	0.00568
3	0.07164	0.07483	0.03168	0.06769	0.21211	0.04437	0.03966	0.07937	0.02293	0.08223	0.03054	0.02735	0.00978	0.11405	0.02770	0.00182	0.02159	0.03244	0.00280	0.00544
4	0.03898	0.00926	0.06522	0.01039	0.02850	0.02163	0.20351	0.07768	0.09843	0.09377	0.13810	0.09691	0.03843	0.00609	0.00457	0.00136	0.00438	0.00564	0.00349	0.05365
5	0.00537	0.00427	0.00466	0.00463	0.00577	0.00373	0.00336	0.00650	0.00974	0.01227	0.19964	0.07326	0.53896	0.10088	0.00684	0.00172	0.00235	0.00855	0.00395	0.00356
6	0.01230	0.10296	0.01308	0.03820	0.02637	0.21284	0.06203	0.11130	0.30173	0.01547	0.02814	0.01299	0.00977	0.00513	0.00413	0.00129	0.00506	0.02804	0.00325	0.00594
7	0.01186	0.65222	0.02135	0.00876	0.01244	0.01571	0.09366	0.11724	0.01028	0.01260	0.00677	0.00777	0.00580	0.00383	0.00318	0.00101	0.00485	0.00277	0.00218	0.00572
8	0.00548	0.00407	0.00518	0.00594	0.00660	0.00377	0.00436	0.00653	0.00881	0.01137	0.02762	0.51209	0.20332	0.01246	0.00543	0.00171	0.00268	0.16506	0.00394	0.00358
9	0.01015	0.01040	0.02024	0.01543	0.05884	0.02857	0.56798	0.04782	0.01050	0.04149	0.01281	0.01474	0.09464	0.00457	0.00481	0.00139	0.00609	0.00521	0.03872	0.00558
10	0.01794	0.00750	0.09620	0.00952	0.11607	0.00625	0.00688	0.01988	0.07143	0.01174	0.01366	0.13273	0.01406	0.15860	0.02506	0.13565	0.00420	0.11181	0.00284	0.03796
11	0.03679	0.01054	0.01112	0.00882	0.01164	0.04732	0.00710	0.55241	0.01643	0.09832	0.01097	0.01265	0.00846	0.09747	0.04872	0.00187	0.00496	0.00408	0.00394	0.00639
12	0.01035	0.00824	0.01122	0.06816	0.14548	0.03283	0.05012	0.08986	0.04164	0.09276	0.09244	0.12310	0.01331	0.00586	0.00447	0.00124	0.01973	0.00514	0.00327	0.18076

[dist]
# distance from previous block
# <min> <max>
5	14

[block]
# block no. 7 follows, 62 sequences, length 24
# corresponding to MSA columns:
# 296-319
name=unknown_H
#
# <colnr> <probs for GDERKNQSTAVLIFYWHMCP>
#	G	D	E	R	K	N	Q	S	T	A	V	L	I	F	Y	W	H	M	C	P
0	0.00528	0.00416	0.00476	0.00494	0.00598	0.00365	0.00358	0.00646	0.00979	0.01250	0.20151	0.24545	0.45486	0.01099	0.00513	0.00149	0.00220	0.00951	0.00410	0.00365
1	0.01055	0.00891	0.00938	0.00833	0.01073	0.01012	0.00651	0.09441	0.66084	0.01801	0.01925	0.01787	0.09380	0.00621	0.00439	0.00143	0.00337	0.00514	0.00428	0.00647
2	0.15571	0.00777	0.00905	0.00719	0.01015	0.00757	0.00590	0.14332	0.01230	0.46717	0.01656	0.01528	0.09066	0.00558	0.00405	0.00131	0.00355	0.00435	0.02617	0.00637
3	0.01561	0.01137	0.01217	0.00939	0.01263	0.01256	0.00774	0.75499	0.01925	0.02607	0.01047	0.01060	0.00749	0.00510	0.00417	0.00126	0.00450	0.00384	0.06379	0.00701
4	0.01005	0.00839	0.01366	0.08894	0.51528	0.00853	0.01043	0.01229	0.00953	0.06813	0.02787	0.08402	0.00986	0.00505	0.00442	0.00131	0.02149	0.00464	0.09017	0.00594
5	0.01085	0.76768	0.02052	0.00702	0.01029	0.01556	0.00681	0.01208	0.00840	0.00983	0.00667	0.00894	0.00647	0.08877	0.00463	0.00123	0.00451	0.00267	0.00190	0.00517
6	0.06908	0.00985	0.01184	0.01512	0.34940	0.11845	0.00870	0.03128	0.08086	0.01458	0.00979	0.01177	0.00799	0.01986	0.00452	0.00128	0.03906	0.00372	0.18725	0.00562
7	0.01150	0.00978	0.00986	0.00860	0.01094	0.05550	0.00666	0.17102	0.53864	0.01816	0.01498	0.01555	0.01173	0.09049	0.00603	0.00166	0.00393	0.00465	0.00402	0.00631
8	0.01797	0.09283	0.01147	0.00780	0.01115	0.00814	0.00657	0.11362	0.01275	0.64975	0.01491	0.01321	0.00963	0.00508	0.00412	0.00127	0.00384	0.00402	0.00480	0.00706
9	0.01002	0.00909	0.01521	0.10118	0.59147	0.00924	0.02756	0.01263	0.02500	0.03823	0.06355	0.01374	0.00982	0.02913	0.00484	0.00139	0.00482	0.02446	0.00246	0.00616
10	0.00565	0.00391	0.00508	0.00587	0.00635	0.00360	0.00403	0.00649	0.00847	0.03667	0.02514	0.72025	0.10531	0.01278	0.00537	0.00169	0.00251	0.03323	0.00399	0.00360
11	0.00613	0.00423	0.00524	0.00522	0.00577	0.00411	0.00358	0.00658	0.00810	0.01076	0.17196	0.07322	0.17986	0.25975	0.05912	0.15285	0.01657	0.02066	0.00320	0.00310
12	0.01145	0.67201	0.10212	0.00804	0.01186	0.02865	0.00818	0.06579	0.03702	0.01174	0.00677	0.00759	0.00583	0.00386	0.00303	0.00100	0.00474	0.00256	0.00207	0.00570
13	0.01160	0.00766	0.00883	0.00758	0.00980	0.00801	0.00598	0.19642	0.20602	0.15728	0.16446	0.10248	0.04848	0.00712	0.00457	0.00139	0.00331	0.02201	0.02110	0.00588
14	0.01061	0.10549	0.09175	0.18849	0.08469	0.07410	0.02664	0.06914	0.11076	0.03102	0.00884	0.01040	0.00691	0.00448	0.00458	0.00125	0.06123	0.00350	0.00253	0.10359
15	0.01262	0.19291	0.05448	0.00883	0.01193	0.06949	0.00763	0.16471	0.34437	0.07135	0.01228	0.01187	0.00923	0.00497	0.00392	0.00126	0.00433	0.00382	0.00356	0.00644
16	0.00543	0.00386	0.00513	0.00605	0.00637	0.00366	0.00418	0.00626	0.00820	0.01090	0.02272	0.70828	0.02694	0.06595	0.00650	0.00190	0.00273	0.09762	0.00386	0.00345
17	0.01012	0.08651	0.26916	0.03215	0.05958	0.01945	0.11820	0.04891	0.09394	0.07171	0.09203	0.01484	0.01139	0.00514	0.00433	0.00135	0.00507	0.04732	0.00289	0.00591
18	0.00696	0.00671	0.06258	0.00774	0.03278	0.00655	0.00616	0.00858	0.00922	0.01323	0.25727	0.19699	0.09396	0.00886	0.00698	0.00153	0.20004	0.00713	0.06249	0.00424
19	0.00585	0.00459	0.00628	0.00683	0.02478	0.00426	0.03588	0.00714	0.00913	0.01179	0.04947	0.38658	0.22983	0.01161	0.00538	0.00167	0.00294	0.18836	0.00385	0.00377
20	0.01036	0.00994	0.01697	0.08076	0.77059	0.01007	0.01298	0.01291	0.00961	0.01370	0.00797	0.01059	0.00667	0.00382	0.00422	0.00127	0.00510	0.00379	0.00209	0.00660
21	0.01079	0.00947	0.02052	0.02613	0.03545	0.02278	0.03127	0.09135	0.60603	0.01794	0.04987	0.01571	0.02125	0.00568	0.00435	0.00141	0.00371	0.00478	0.01502	0.00649
22	0.00612	0.00440	0.00603	0.00603	0.00652	0.00488	0.00432	0.00708	0.00660	0.00928	0.01213	0.02079	0.01240	0.33130	0.53663	0.00585	0.00874	0.00515	0.00239	0.00335
23	0.00892	0.00862	0.05270	0.09885	0.33738	0.00813	0.03695	0.01217	0.07704	0.02695	0.19374	0.05200	0.02747	0.00563	0.00446	0.00132	0.00418	0.00516	0.00301	0.03534

[dist]
# distance from previous block
# <min> <max>
0	1

[block]
# block no. 8 follows, 62 sequences, length 13
# corresponding to MSA columns:
# 321-333
name=unknown_I
#
# <colnr> <probs for GDERKNQSTAVLIFYWHMCP>
#	G	D	E	R	K	N	Q	S	T	A	V	L	I	F	Y	W	H	M	C	P
0	0.01252	0.00861	0.00965	0.00827	0.01092	0.00927	0.00652	0.06499	0.52405	0.19824	0.01652	0.04333	0.01230	0.00575	0.00429	0.00137	0.00346	0.00477	0.00443	0.05074
1	0.09442	0.32091	0.33226	0.00994	0.01442	0.04170	0.07608	0.01307	0.00899	0.01279	0.03503	0.00895	0.00663	0.00402	0.00354	0.00118	0.00534	0.00304	0.00203	0.00565
2	0.00928	0.00774	0.01080	0.43518	0.01990	0.00913	0.00901	0.01508	0.28198	0.05253	0.06876	0.01460	0.01096	0.00515	0.00430	0.00140	0.00442	0.00443	0.02989	0.00545
3	0.00885	0.00772	0.00861	0.00633	0.00978	0.03228	0.00496	0.01058	0.00873	0.01333	0.00797	0.01021	0.00696	0.06660	0.00456	0.00091	0.00337	0.00280	0.00251	0.78293
4	0.00571	0.00412	0.00541	0.00566	0.00638	0.00383	0.00410	0.00719	0.01036	0.01429	0.45130	0.34747	0.05953	0.01070	0.00522	0.00152	0.00228	0.04681	0.00434	0.00378
5	0.01546	0.01962	0.01303	0.01148	0.01383	0.77181	0.06811	0.01674	0.01191	0.01065	0.00673	0.00796	0.00555	0.00433	0.00393	0.00112	0.00764	0.00291	0.00219	0.00499
6	0.01576	0.01065	0.01175	0.00922	0.01244	0.01156	0.00755	0.54261	0.14979	0.16473	0.01253	0.01189	0.00876	0.00525	0.00427	0.00131	0.00428	0.00407	0.00444	0.00715
7	0.01669	0.00693	0.00926	0.00727	0.01017	0.00615	0.00594	0.05073	0.01247	0.65311	0.15676	0.01732	0.01556	0.00586	0.00441	0.00132	0.00338	0.00486	0.00512	0.00668
8	0.01608	0.05388	0.01047	0.00774	0.01075	0.00811	0.00638	0.12776	0.11164	0.49824	0.06406	0.01474	0.01191	0.00542	0.00420	0.00130	0.00364	0.00437	0.03254	0.00678
9	0.00529	0.00421	0.00479	0.00518	0.00623	0.00371	0.00387	0.00638	0.00928	0.01147	0.03518	0.26584	0.50610	0.01160	0.00524	0.00158	0.00245	0.10405	0.00395	0.00359
10	0.01356	0.03542	0.01165	0.00913	0.01204	0.01200	0.00743	0.48065	0.26540	0.02231	0.01383	0.01340	0.05013	0.00562	0.00453	0.00134	0.02630	0.00435	0.00413	0.00678
11	0.00905	0.00773	0.00906	0.03046	0.01075	0.00613	0.00537	0.03168	0.03501	0.01424	0.00794	0.00916	0.00652	0.00332	0.00325	0.00070	0.00327	0.00266	0.00261	0.80110
12	0.05133	0.02121	0.02001	0.02134	0.12482	0.04832	0.00584	0.00923	0.04696	0.01284	0.12041	0.30368	0.15422	0.03393	0.00526	0.00154	0.00327	0.00792	0.00350	0.00438

[dist]
# distance from previous block
# <min> <max>
0	1

[block]
# block no. 9 follows, 62 sequences, length 83
# corresponding to MSA columns:
# 335-399,415-432
name=unknown_J
#
# <colnr> <probs for GDERKNQSTAVLIFYWHMCP>
#	G	D	E	R	K	N	Q	S	T	A	V	L	I	F	Y	W	H	M	C	P
0	0.00819	0.00730	0.01184	0.21362	0.26921	0.00786	0.03386	0.01038	0.02304	0.01187	0.01197	0.11861	0.01187	0.08819	0.06360	0.00210	0.02276	0.07627	0.00254	0.00493
1	0.01092	0.56649	0.09318	0.00801	0.01184	0.06218	0.02523	0.01273	0.00894	0.01108	0.00645	0.00751	0.00562	0.00364	0.00304	0.00093	0.00471	0.00248	0.00197	0.15305
2	0.00831	0.00773	0.01094	0.00952	0.00984	0.01013	0.03583	0.00949	0.02364	0.01010	0.00823	0.01401	0.00832	0.16487	0.13612	0.00299	0.51921	0.00437	0.00212	0.00423
3	0.00640	0.00443	0.00565	0.00534	0.00646	0.00403	0.00401	0.00822	0.01157	0.04967	0.65258	0.07015	0.13739	0.00903	0.00501	0.00137	0.00211	0.00792	0.00458	0.00407
4	0.00597	0.00435	0.00527	0.00519	0.00630	0.00392	0.00391	0.00758	0.01077	0.02850	0.43014	0.09948	0.28410	0.00969	0.00502	0.00142	0.00221	0.04820	0.03408	0.00389
5	0.00543	0.00390	0.00518	0.00600	0.00643	0.00365	0.00421	0.00643	0.00876	0.01172	0.10964	0.66258	0.05130	0.01261	0.00542	0.00170	0.00255	0.08490	0.00403	0.00356
6	0.88052	0.00823	0.00625	0.00560	0.00823	0.00955	0.00461	0.01251	0.00724	0.01909	0.00592	0.00691	0.00461	0.00395	0.00263	0.00132	0.00329	0.00230	0.00263	0.00461
7	0.88052	0.00823	0.00625	0.00560	0.00823	0.00955	0.00461	0.01251	0.00724	0.01909	0.00592	0.00691	0.00461	0.00395	0.00263	0.00132	0.00329	0.00230	0.00263	0.00461
8	0.88052	0.00823	0.00625	0.00560	0.00823	0.00955	0.00461	0.01251	0.00724	0.01909	0.00592	0.00691	0.00461	0.00395	0.00263	0.00132	0.00329	0.00230	0.00263	0.00461
9	0.00978	0.01210	0.08889	0.01712	0.02147	0.01048	0.72173	0.01340	0.00990	0.01354	0.00896	0.03541	0.00700	0.00390	0.00495	0.00144	0.00697	0.00508	0.00218	0.00572
10	0.01096	0.33274	0.41994	0.00972	0.01463	0.01203	0.01133	0.01413	0.00927	0.11672	0.00816	0.00888	0.00608	0.00405	0.00358	0.00118	0.00529	0.00296	0.00225	0.00610
