[name]
unknown

[dist]
# distance from previous block
# <min> <max>
0	33

[block]
# block no. 0 follows, 61 sequences, length 14
# corresponding to MSA columns:
# 33-46
name=unknown_A
#
# <colnr> <probs for GDERKNQSTAVLIFYWHMCP>
#	G	D	E	R	K	N	Q	S	T	A	V	L	I	F	Y	W	H	M	C	P
0	0.00963	0.00784	0.01054	0.22448	0.04184	0.03079	0.00884	0.11374	0.04699	0.04045	0.01438	0.02560	0.01379	0.00772	0.00582	0.00165	0.08030	0.30729	0.00325	0.00504
1	0.00858	0.00810	0.01243	0.66926	0.02575	0.03634	0.01104	0.03660	0.00890	0.01143	0.00827	0.04063	0.00676	0.00587	0.03415	0.00166	0.06325	0.00411	0.00209	0.00479
2	0.10175	0.00819	0.01303	0.60486	0.16822	0.00970	0.01141	0.01158	0.00869	0.01244	0.00756	0.01086	0.00582	0.00419	0.00412	0.00140	0.00537	0.00367	0.00203	0.00513
3	0.38607	0.00787	0.00929	0.21370	0.06688	0.00886	0.00733	0.01308	0.03856	0.10117	0.02906	0.01079	0.00735	0.00611	0.05427	0.00168	0.00455	0.00339	0.00282	0.02717
4	0.08068	0.00619	0.00788	0.08424	0.02501	0.00580	0.00553	0.01128	0.01075	0.14042	0.35989	0.02109	0.05041	0.00640	0.00433	0.00123	0.00301	0.00544	0.00392	0.16650
5	0.87904	0.00833	0.00633	0.00566	0.00833	0.00966	0.00467	0.01266	0.00733	0.01933	0.00600	0.00700	0.00467	0.00400	0.00267	0.00133	0.00333	0.00233	0.00267	0.00467
6	0.00677	0.00472	0.00584	0.00580	0.00684	0.00448	0.00429	0.00796	0.00975	0.07936	0.17836	0.30354	0.29322	0.01071	0.00572	0.00155	0.05375	0.00918	0.00412	0.00404
7	0.46310	0.00847	0.00855	0.00701	0.00991	0.00910	0.00579	0.10948	0.01050	0.28816	0.01016	0.01002	0.00701	0.00469	0.00378	0.00135	0.03009	0.00323	0.00372	0.00587
8	0.15367	0.00811	0.00975	0.00802	0.02738	0.00794	0.00639	0.11106	0.06140	0.51453	0.01453	0.03720	0.00992	0.00534	0.00410	0.00135	0.00372	0.00422	0.00463	0.00676
9	0.00544	0.00416	0.00468	0.00493	0.00572	0.00374	0.00336	0.00624	0.00873	0.01102	0.06959	0.25675	0.39181	0.19374	0.00886	0.00212	0.00269	0.00927	0.00373	0.00340
10	0.01285	0.14957	0.06556	0.01246	0.06143	0.17280	0.20751	0.03678	0.03800	0.12935	0.03008	0.01088	0.00781	0.00450	0.00460	0.00128	0.04204	0.00386	0.00275	0.00590
11	0.01071	0.01169	0.06499	0.21198	0.30942	0.11491	0.07296	0.04151	0.04431	0.01340	0.00825	0.01059	0.00654	0.00422	0.00447	0.00131	0.02438	0.00375	0.00226	0.03835
12	0.01233	0.03243	0.06606	0.08597	0.17703	0.02697	0.17442	0.15925	0.03150	0.11245	0.00960	0.01114	0.00715	0.00461	0.00515	0.00138	0.06923	0.00408	0.00291	0.00633
13	0.04366	0.00892	0.01294	0.24727	0.20844	0.03036	0.04197	0.07081	0.06546	0.12764	0.02955	0.02542	0.03697	0.00491	0.00430	0.00135	0.00478	0.00431	0.00301	0.02794

[dist]
# distance from previous block
# <min> <max>
0	2

[block]
# block no. 1 follows, 61 sequences, length 67
# corresponding to MSA columns:
# 49-115
name=unknown_B
#
# <colnr> <probs for GDERKNQSTAVLIFYWHMCP>
#	G	D	E	R	K	N	Q	S	T	A	V	L	I	F	Y	W	H	M	C	P
0	0.01263	0.01062	0.07585	0.08487	0.10321	0.00986	0.19380	0.15550	0.07836	0.17052	0.01132	0.01285	0.00834	0.04615	0.00535	0.00151	0.00523	0.00438	0.00330	0.00635
1	0.01408	0.08935	0.16523	0.03182	0.05379	0.03953	0.06010	0.07859	0.03627	0.32247	0.02591	0.01199	0.00860	0.00486	0.00457	0.00132	0.03754	0.00390	0.00354	0.00654
2	0.02982	0.01062	0.01871	0.06915	0.32250	0.01080	0.28390	0.11446	0.01109	0.04055	0.00871	0.01100	0.00675	0.00416	0.00491	0.00138	0.03843	0.00425	0.00251	0.00630
3	0.00619	0.00447	0.00618	0.00618	0.00669	0.00498	0.00446	0.00722	0.00670	0.00945	0.01222	0.02068	0.01240	0.30472	0.56136	0.00601	0.00908	0.00517	0.00241	0.00343
4	0.01376	0.00962	0.05366	0.12874	0.25232	0.00907	0.04118	0.08544	0.04287	0.30170	0.01176	0.01233	0.00824	0.00463	0.00433	0.00134	0.00474	0.00407	0.00350	0.00670
5	0.02520	0.15515	0.16253	0.00976	0.03011	0.03560	0.04791	0.11214	0.18654	0.07744	0.03320	0.08411	0.01076	0.00555	0.00415	0.00133	0.00458	0.00456	0.00327	0.00612
6	0.00991	0.00798	0.01229	0.06782	0.28733	0.00880	0.00918	0.01166	0.00917	0.10494	0.07080	0.15912	0.01321	0.00696	0.00684	0.00152	0.19840	0.00564	0.00294	0.00547
7	0.70152	0.00871	0.00745	0.00635	0.00917	0.00985	0.00524	0.11175	0.00934	0.08653	0.00744	0.00804	0.00549	0.00425	0.00301	0.00133	0.00353	0.00269	0.00309	0.00521
8	0.01345	0.09422	0.12190	0.00962	0.01307	0.09223	0.02335	0.19857	0.24773	0.12366	0.01215	0.01185	0.00885	0.00500	0.00413	0.00131	0.00476	0.00390	0.00365	0.00662
9	0.06933	0.06222	0.33692	0.01029	0.01439	0.17654	0.03141	0.05613	0.02339	0.09507	0.06100	0.02641	0.00888	0.00481	0.00404	0.00129	0.00563	0.00369	0.00272	0.00587
10	0.00545	0.00404	0.00519	0.00580	0.00641	0.00378	0.00410	0.00651	0.00895	0.01183	0.11614	0.52590	0.16408	0.01370	0.06016	0.00201	0.00306	0.04529	0.00397	0.00363
11	0.01340	0.00806	0.01233	0.17219	0.03689	0.00807	0.10858	0.05924	0.05833	0.34884	0.06795	0.01582	0.05084	0.00543	0.00461	0.00139	0.01314	0.00478	0.00393	0.00617
12	0.07048	0.08214	0.28780	0.01238	0.14100	0.01053	0.01087	0.08440	0.13195	0.09692	0.01043	0.01144	0.00781	0.00463	0.00403	0.00133	0.00492	0.01755	0.00292	0.00646
13	0.01191	0.11755	0.10320	0.04216	0.01359	0.14333	0.07687	0.15266	0.08099	0.05949	0.04886	0.05891	0.06073	0.00563	0.00425	0.00130	0.00507	0.00460	0.00316	0.00576
14	0.01048	0.01181	0.03653	0.14163	0.03013	0.09992	0.44031	0.03396	0.00998	0.01300	0.02089	0.01114	0.00674	0.00444	0.00590	0.00146	0.10959	0.00444	0.00219	0.00546
15	0.00885	0.00652	0.06096	0.00680	0.00843	0.00554	0.00541	0.03629	0.09121	0.14939	0.05224	0.35881	0.09970	0.08136	0.00640	0.00177	0.00321	0.00830	0.00404	0.00475
16	0.01341	0.14222	0.16155	0.01021	0.01410	0.04127	0.10162	0.14663	0.08332	0.20402	0.03228	0.01172	0.00872	0.00473	0.00414	0.00129	0.00498	0.00390	0.00341	0.00648
17	0.01185	0.01144	0.11731	0.01222	0.01566	0.03221	0.27265	0.11598	0.04498	0.14523	0.03094	0.06481	0.00983	0.00597	0.02256	0.00156	0.06250	0.01310	0.00318	0.00602
18	0.00603	0.00434	0.00580	0.00669	0.00733	0.00418	0.00519	0.00731	0.00899	0.01175	0.02413	0.40869	0.07602	0.04950	0.00640	0.00194	0.00320	0.35493	0.00392	0.00367
19	0.02316	0.01072	0.09431	0.09250	0.10238	0.01015	0.07780	0.19455	0.11112	0.11201	0.02358	0.04752	0.02616	0.00543	0.00493	0.00141	0.04805	0.00457	0.00338	0.00628
20	0.03859	0.03103	0.16041	0.06583	0.20100	0.06586	0.09030	0.13154	0.13025	0.02872	0.00972	0.01095	0.00737	0.00445	0.00424	0.00133	0.00537	0.00386	0.00279	0.00638
21	0.01016	0.01155	0.03862	0.01736	0.02155	0.01075	0.73355	0.03529	0.01033	0.01405	0.00918	0.02973	0.00720	0.00404	0.00518	0.00146	0.01797	0.01397	0.00229	0.00578
22	0.00569	0.00394	0.00516	0.00605	0.00644	0.00374	0.00424	0.00664	0.00842	0.01146	0.02256	0.65706	0.02633	0.04768	0.00608	0.00183	0.00272	0.10888	0.06152	0.00355
23	0.01185	0.11903	0.30155	0.00999	0.01421	0.01090	0.03208	0.22037	0.05098	0.09052	0.06380	0.03578	0.00982	0.00509	0.00415	0.00131	0.00496	0.00406	0.00318	0.00637
24	0.00921	0.00718	0.02013	0.00876	0.04036	0.00710	0.08085	0.04539	0.19535	0.08345	0.30018	0.07314	0.05001	0.00749	0.00486	0.00144	0.00340	0.05215	0.00420	0.00534
25	0.00622	0.00417	0.00475	0.00478	0.00483	0.00414	0.00273	0.00633	0.00659	0.00883	0.04771	0.06145	0.01723	0.77967	0.02055	0.00396	0.00402	0.00657	0.00276	0.00271
26	0.00966	0.00953	0.01728	0.39645	0.17206	0.01035	0.23512	0.05776	0.00990	0.01327	0.00815	0.01127	0.00625	0.00414	0.00469	0.00141	0.02076	0.00418	0.00217	0.00559
27	0.07965	0.01097	0.06994	0.00990	0.03603	0.02141	0.04129	0.29468	0.23584	0.06911	0.04228	0.02322	0.01788	0.00543	0.00447	0.00138	0.02175	0.00434	0.00387	0.00655
28	0.03525	0.01133	0.01218	0.01178	0.10963	0.21693	0.07693	0.10907	0.01137	0.10960	0.01190	0.16115	0.01095	0.00750	0.04144	0.00162	0.04747	0.00525	0.00314	0.00550
29	0.00525	0.00375	0.00500	0.00600	0.00625	0.00350	0.00400	0.00600	0.00825	0.01100	0.02374	0.84580	0.02849	0.01350	0.00550	0.00175	0.00250	0.01225	0.00400	0.00350
30	0.00954	0.01651	0.44304	0.03955	0.08103	0.01037	0.15659	0.04373	0.00959	0.02884	0.00898	0.01082	0.02829	0.00459	0.00534	0.00143	0.08967	0.00387	0.00214	0.00607
31	0.01120	0.14758	0.25680	0.01127	0.02909	0.13085	0.10151	0.02645	0.05847	0.06658	0.00961	0.04575	0.00795	0.00502	0.00468	0.00133	0.05302	0.02453	0.00250	0.00581
32	0.00626	0.00418	0.00470	0.00470	0.00470	0.00418	0.00261	0.00626	0.00626	0.00835	0.01357	0.02819	0.01566	0.84862	0.02192	0.00418	0.00418	0.00626	0.00261	0.00261
33	0.01913	0.00764	0.01019	0.00781	0.01115	0.00679	0.00645	0.07232	0.01285	0.77267	0.01656	0.01438	0.01045	0.00532	0.00433	0.00133	0.00374	0.00430	0.00526	0.00733
34	0.02747	0.00910	0.01257	0.18430	0.05595	0.02030	0.08612	0.23006	0.06953	0.09634	0.01249	0.12010	0.01067	0.00608	0.00472	0.00144	0.01970	0.02372	0.00345	0.00589
35	0.01080	0.01220	0.14580	0.04935	0.42752	0.03239	0.03658	0.04026	0.15055	0.03712	0.00997	0.01144	0.00775	0.00434	0.00428	0.00133	0.00513	0.00394	0.00263	0.00662
36	0.00919	0.00908	0.01274	0.01099	0.01105	0.01263	0.00913	0.01017	0.00662	0.01034	0.00608	0.00997	0.00602	0.00933	0.07320	0.00225	0.78082	0.00383	0.00192	0.00465
37	0.09076	0.00897	0.01364	0.26377	0.29585	0.00960	0.02706	0.06892	0.02303	0.14307	0.00950	0.01129	0.00704	0.00435	0.00416	0.00135	0.00490	0.00382	0.00281	0.00611
38	0.01357	0.08179	0.04689	0.07884	0.14165	0.21059	0.08330	0.15310	0.01219	0.09812	0.00881	0.01006	0.00669	0.00450	0.00444	0.00127	0.03170	0.00360	0.00281	0.00607
39	0.01027	0.35309	0.37399	0.01135	0.08648	0.01297	0.01164	0.03407	0.04575	0.01282	0.00757	0.00870	0.00600	0.00401	0.00359	0.00118	0.00537	0.00298	0.00204	0.00612
40	0.00512	0.00436	0.00440	0.00439	0.00583	0.00365	0.00329	0.00623	0.00988	0.01178	0.06392	0.04121	0.79963	0.01085	0.00509	0.00145	0.00218	0.00906	0.00402	0.00365
41	0.00902	0.00950	0.06839	0.50886	0.29691	0.00982	0.01265	0.01193	0.00905	0.01222	0.00781	0.01105	0.00609	0.00413	0.00428	0.00138	0.00557	0.00379	0.00198	0.00558
42	0.01244	0.01134	0.04903	0.11132	0.40857	0.05129	0.01132	0.22847	0.01269	0.04877	0.00892	0.01062	0.00687	0.00435	0.00426	0.00130	0.00521	0.00379	0.00281	0.00664
43	0.01477	0.26110	0.01523	0.00998	0.01266	0.56978	0.00804	0.04055	0.01146	0.01094	0.00658	0.00760	0.00560	0.00424	0.00357	0.00106	0.00676	0.00267	0.00218	0.00522
44	0.06866	0.00809	0.00929	0.00684	0.01049	0.00682	0.00553	0.09024	0.01036	0.11819	0.00899	0.00967	0.00690	0.00371	0.00341	0.00084	0.00341	0.00289	0.00308	0.62259
45	0.01228	0.01182	0.18344	0.02219	0.02824	0.00906	0.22222	0.04479	0.09636	0.23389	0.05999	0.01389	0.02037	0.00494	0.00467	0.00139	0.01611	0.00458	0.00343	0.00636
46	0.00615	0.00413	0.00473	0.00484	0.00487	0.00410	0.00276	0.00624	0.00648	0.00864	0.01467	0.11661	0.01705	0.75830	0.02015	0.00391	0.00399	0.00691	0.00276	0.00271
47	0.00813	0.00766	0.01292	0.83826	0.02967	0.00957	0.01196	0.01101	0.00861	0.01101	0.00766	0.01148	0.00574	0.00431	0.00431	0.00144	0.00574	0.00383	0.00191	0.00479
48	0.04879	0.00859	0.01178	0.16718	0.04706	0.03064	0.05841	0.08601	0.07277	0.23475	0.06399	0.02489	0.01113	0.00570	0.00525	0.00144	0.07477	0.03736	0.00360	0.00590
49	0.01050	0.01233	0.15096	0.06935	0.01941	0.01055	0.41733	0.01422	0.04922	0.08274	0.00924	0.01140	0.00688	0.00450	0.00591	0.00148	0.11121	0.00445	0.00244	0.00587
50	0.00626	0.00418	0.00470	0.00470	0.00470	0.00418	0.00261	0.00626	0.00626	0.00835	0.01357	0.02819	0.01566	0.84862	0.02192	0.00418	0.00418	0.00626	0.00261	0.00261
51	0.02220	0.00978	0.01780	0.01336	0.01655	0.00978	0.40840	0.03797	0.07053	0.17834	0.01172	0.06753	0.00922	0.00529	0.00588	0.00149	0.09991	0.00517	0.00314	0.00595
52	0.01017	0.10649	0.27138	0.20848	0.13102	0.02058	0.06758	0.01389	0.04721	0.07027	0.00874	0.01052	0.00653	0.00420	0.00412	0.00133	0.00560	0.00362	0.00229	0.00600
53	0.00671	0.00479	0.00668	0.00767	0.00856	0.00476	0.00654	0.00853	0.00969	0.01263	0.02293	0.15733	0.02530	0.01212	0.00589	0.00195	0.00377	0.68629	0.00397	0.00390
54	0.00844	0.00441	0.00445	0.00431	0.00543	0.00448	0.00327	0.04931	0.00959	0.01661	0.01387	0.01578	0.01086	0.00503	0.00308	0.00102	0.00214	0.00401	0.82976	0.00418
55	0.01575	0.00899	0.01022	0.00843	0.01114	0.07416	0.00684	0.15511	0.06662	0.42253	0.01524	0.05655	0.01150	0.00701	0.03040	0.00157	0.03014	0.05681	0.00448	0.00651
56	0.01486	0.01110	0.03563	0.04419	0.13146	0.11168	0.00852	0.19699	0.11639	0.24877	0.02865	0.01249	0.00929	0.00503	0.00428	0.00131	0.00472	0.00405	0.00388	0.00671
57	0.00549	0.00440	0.00487	0.00493	0.00614	0.00386	0.00362	0.02097	0.01013	0.01276	0.17125	0.18086	0.53369	0.01090	0.00515	0.00149	0.00226	0.00933	0.00413	0.00375
58	0.84530	0.00881	0.00656	0.00588	0.00853	0.04179	0.00481	0.01284	0.00752	0.01898	0.00602	0.00703	0.00470	0.00402	0.00271	0.00132	0.00351	0.00235	0.00265	0.00468
59	0.00598	0.00437	0.00562	0.00537	0.00638	0.00401	0.00400	0.00789	0.01183	0.01656	0.72500	0.07291	0.09558	0.00919	0.00510	0.00138	0.00207	0.00810	0.00465	0.00401
60	0.01133	0.79625	0.07586	0.00770	0.01156	0.01658	0.00794	0.01295	0.00878	0.01037	0.00610	0.00705	0.00552	0.00371	0.00285	0.00095	0.00472	0.00236	0.00184	0.00558
61	0.00883	0.00752	0.00877	0.00631	0.00999	0.00568	0.00501	0.01067	0.00883	0.01381	0.00789	0.00969	0.00674	0.03625	0.00392	0.00078	0.00323	0.00270	0.00255	0.84084
62	0.00531	0.00380	0.00495	0.00584	0.00613	0.00355	0.00388	0.00602	0.00818	0.01085	0.02390	0.75794	0.06076	0.06875	0.00657	0.00190	0.00260	0.01172	0.00391	0.00345
63	0.01706	0.00730	0.00959	0.00762	0.01057	0.00664	0.00618	0.07382	0.04128	0.63717	0.05661	0.08018	0.01339	0.00615	0.00446	0.00137	0.00356	0.00511	0.00509	0.00685
64	0.07629	0.01094	0.01177	0.00921	0.01239	0.01205	0.00757	0.63281	0.03682	0.07092	0.03282	0.01136	0.00852	0.00635	0.03884	0.00154	0.00476	0.00396	0.00418	0.00689
65	0.27098	0.01158	0.01073	0.07223	0.01300	0.12148	0.00735	0.37330	0.01405	0.03238	0.00838	0.00912	0.00620	0.00461	0.00374	0.00127	0.00475	0.00324	0.00333	0.02827
66	0.01114	0.01045	0.01463	0.16997	0.41538	0.08014	0.01114	0.09536	0.03564	0.02722	0.00863	0.01094	0.00694	0.00537	0.03677	0.00152	0.02253	0.00378	0.00246	0.03000

[dist]
# distance from previous block
# <min> <max>
7	28

[block]
# block no. 2 follows, 61 sequences, length 39
# corresponding to MSA columns:
# 148-186
name=unknown_C
#
# <colnr> <probs for GDERKNQSTAVLIFYWHMCP>
#	G	D	E	R	K	N	Q	S	T	A	V	L	I	F	Y	W	H	M	C	P
0	0.00590	0.00431	0.00544	0.00563	0.00644	0.00401	0.00415	0.00731	0.01012	0.01366	0.35610	0.20350	0.14693	0.09797	0.00703	0.00183	0.00262	0.10915	0.00416	0.00372
1	0.57522	0.01176	0.00840	0.00744	0.01004	0.22087	0.00591	0.07251	0.02705	0.01762	0.00674	0.00764	0.00527	0.00424	0.00314	0.00128	0.00458	0.00261	0.00271	0.00499
2	0.01095	0.68802	0.18080	0.00834	0.01255	0.01566	0.00905	0.01304	0.00882	0.01082	0.00633	0.00734	0.00551	0.00377	0.00303	0.00101	0.00495	0.00248	0.00184	0.00569
3	0.00647	0.00412	0.00493	0.00493	0.00495	0.00414	0.00289	0.00620	0.00618	0.00826	0.01247	0.02526	0.01411	0.68050	0.04766	0.15180	0.00434	0.00578	0.00247	0.00253
4	0.00652	0.00546	0.02720	0.00754	0.00862	0.00586	0.04019	0.00850	0.03051	0.01044	0.01155	0.01675	0.01064	0.04865	0.73336	0.00633	0.01082	0.00465	0.00236	0.00405
5	0.00711	0.00466	0.00648	0.00635	0.00709	0.00505	0.00467	0.00822	0.00721	0.06955	0.01304	0.05880	0.01287	0.24186	0.52104	0.00555	0.00862	0.00538	0.00269	0.00376
6	0.03172	0.01942	0.63829	0.07295	0.01878	0.02739	0.05195	0.01360	0.00914	0.03695	0.00790	0.00948	0.00567	0.00425	0.00447	0.00138	0.03522	0.00334	0.00198	0.00612
7	0.00531	0.00383	0.00504	0.00588	0.00625	0.00355	0.00398	0.00619	0.00865	0.01156	0.09283	0.74479	0.06019	0.01299	0.00545	0.00170	0.00245	0.01174	0.00406	0.00355
8	0.52697	0.00820	0.00800	0.00661	0.00956	0.00871	0.00546	0.06212	0.00984	0.30229	0.01011	0.00988	0.00692	0.00453	0.00335	0.00133	0.00353	0.00312	0.00370	0.00576
9	0.00605	0.00438	0.00560	0.00530	0.00627	0.00405	0.00391	0.00788	0.01162	0.01629	0.71496	0.03242	0.08424	0.07071	0.00632	0.00157	0.00220	0.00775	0.00454	0.00393
10	0.00920	0.00981	0.01999	0.22826	0.05057	0.00983	0.49830	0.01232	0.00957	0.01282	0.00984	0.09056	0.00842	0.00475	0.00489	0.00147	0.00635	0.00540	0.00228	0.00536
11	0.00556	0.00435	0.00503	0.00492	0.00612	0.00383	0.00367	0.00707	0.01084	0.01420	0.39896	0.07306	0.42688	0.01006	0.00510	0.00142	0.00213	0.00863	0.00434	0.00383
12	0.00720	0.00476	0.00592	0.00546	0.00682	0.00431	0.00415	0.00919	0.02765	0.09155	0.55476	0.03229	0.21176	0.00889	0.00500	0.00138	0.00225	0.00770	0.00462	0.00433
13	0.00920	0.14916	0.64360	0.01195	0.01776	0.01115	0.07273	0.01354	0.00912	0.01311	0.00753	0.00894	0.00555	0.00400	0.00396	0.00130	0.00616	0.00319	0.00185	0.00620
14	0.00638	0.00492	0.02296	0.00548	0.00677	0.00425	0.00425	0.00836	0.02610	0.04205	0.53300	0.07671	0.22407	0.00929	0.00505	0.00140	0.00226	0.00808	0.00448	0.00414
15	0.00886	0.00426	0.00445	0.00428	0.00546	0.00419	0.00326	0.01084	0.00928	0.07555	0.01427	0.01596	0.01101	0.00504	0.00311	0.00103	0.00213	0.00404	0.80874	0.00426
16	0.07477	0.00528	0.00685	0.10387	0.00987	0.00565	0.00562	0.02198	0.02370	0.01268	0.07365	0.42782	0.07139	0.01047	0.00550	0.00165	0.04265	0.08896	0.00361	0.00402
17	0.01702	0.02183	0.07378	0.02351	0.01241	0.00789	0.02810	0.12259	0.02912	0.57242	0.01505	0.03496	0.01006	0.00535	0.00434	0.00134	0.00412	0.00438	0.00468	0.00703
18	0.01103	0.00936	0.00977	0.00876	0.01106	0.03879	0.00683	0.06594	0.64076	0.03815	0.01691	0.06548	0.01341	0.00634	0.00468	0.00147	0.02310	0.01740	0.00424	0.00650
19	0.00985	0.00991	0.01457	0.51768	0.09148	0.09770	0.10863	0.04641	0.02779	0.01246	0.00813	0.01115	0.00621	0.00428	0.00434	0.00138	0.00595	0.00390	0.01294	0.00525
20	0.08860	0.11461	0.10110	0.02368	0.04004	0.02696	0.02265	0.07869	0.00944	0.05073	0.02752	0.05926	0.00833	0.00627	0.02743	0.00150	0.20099	0.00391	0.00260	0.10569
21	0.00841	0.01195	0.25801	0.21530	0.11634	0.00907	0.02757	0.01113	0.00862	0.01209	0.02737	0.05009	0.04509	0.00622	0.00640	0.06570	0.09890	0.01437	0.00219	0.00517
22	0.01558	0.01945	0.01197	0.01087	0.01311	0.75281	0.00818	0.01774	0.08891	0.01126	0.00770	0.00856	0.00628	0.00457	0.00393	0.00114	0.00735	0.00297	0.00243	0.00517
23	0.87904	0.00833	0.00633	0.00566	0.00833	0.00966	0.00467	0.01266	0.00733	0.01933	0.00600	0.00700	0.00467	0.00400	0.00267	0.00133	0.00333	0.00233	0.00267	0.00467
24	0.87904	0.00833	0.00633	0.00566	0.00833	0.00966	0.00467	0.01266	0.00733	0.01933	0.00600	0.00700	0.00467	0.00400	0.00267	0.00133	0.00333	0.00233	0.00267	0.00467
25	0.00546	0.00401	0.00515	0.00584	0.00641	0.00370	0.00412	0.00651	0.00909	0.01203	0.12942	0.57225	0.13877	0.01242	0.00542	0.00167	0.00250	0.06752	0.00409	0.00362
26	0.00563	0.00460	0.00521	0.00538	0.00662	0.00418	0.00423	0.00691	0.00978	0.01208	0.07422	0.07873	0.57025	0.01102	0.00554	0.00158	0.02685	0.15948	0.00397	0.00374
27	0.10976	0.08931	0.15274	0.08048	0.03500	0.05190	0.00891	0.12933	0.13640	0.08310	0.01006	0.01069	0.00749	0.00505	0.01847	0.00137	0.00483	0.00350	0.00305	0.05857
28	0.04704	0.00432	0.00541	0.00593	0.00666	0.00410	0.00428	0.00727	0.00927	0.02687	0.17075	0.48451	0.09756	0.02305	0.00550	0.00168	0.00261	0.08534	0.00407	0.00377
29	0.05391	0.16575	0.18987	0.04753	0.05161	0.04207	0.07697	0.06925	0.08559	0.07369	0.00947	0.03124	0.00746	0.00468	0.00441	0.00129	0.04429	0.00371	0.00268	0.03455
30	0.00945	0.16991	0.50932	0.04997	0.03722	0.01069	0.01267	0.02549	0.00955	0.04000	0.06769	0.01131	0.00858	0.00454	0.00398	0.00129	0.00552	0.01459	0.00224	0.00599
31	0.00593	0.00399	0.00518	0.00576	0.00630	0.00371	0.00398	0.00703	0.00916	0.03226	0.16931	0.60144	0.04678	0.01180	0.00521	0.00161	0.00240	0.01060	0.06380	0.00373
32	0.00790	0.00667	0.01027	0.44121	0.04104	0.00793	0.00885	0.01006	0.00878	0.02816	0.05803	0.12631	0.04810	0.00648	0.00536	0.00147	0.08449	0.00544	0.08892	0.00454
33	0.01097	0.05106	0.08533	0.17729	0.15379	0.09387	0.12055	0.07332	0.07977	0.03895	0.01796	0.02593	0.00772	0.00500	0.01545	0.00143	0.02909	0.00408	0.00257	0.00586
34	0.00968	0.00731	0.01185	0.35112	0.10396	0.00800	0.05484	0.01183	0.00926	0.13438	0.02983	0.13368	0.01163	0.04594	0.00577	0.00161	0.03544	0.02583	0.00291	0.00512
35	0.00552	0.00410	0.00515	0.00548	0.00623	0.00373	0.00388	0.00679	0.00995	0.01336	0.31123	0.40361	0.18248	0.01133	0.00527	0.00155	0.00227	0.01006	0.00426	0.00373
36	0.07308	0.00899	0.04293	0.10396	0.01338	0.08757	0.10339	0.05544	0.04711	0.05684	0.07408	0.10962	0.07070	0.00714	0.00465	0.00147	0.00451	0.10515	0.02501	0.00495
37	0.01080	0.01021	0.06318	0.22581	0.33829	0.02001	0.07682	0.06088	0.02448	0.07616	0.00959	0.01175	0.01939	0.00437	0.00446	0.00135	0.01590	0.00403	0.01641	0.00612
38	0.21669	0.00926	0.04851	0.15143	0.04405	0.03759	0.02210	0.09502	0.09129	0.12655	0.01166	0.09171	0.00966	0.00561	0.00406	0.00141	0.00431	0.02017	0.00331	0.00560

[dist]
# distance from previous block
# <min> <max>
3	31

[block]
# block no. 3 follows, 61 sequences, length 29
# corresponding to MSA columns:
# 218-246
name=unknown_D
#
# <colnr> <probs for GDERKNQSTAVLIFYWHMCP>
#	G	D	E	R	K	N	Q	S	T	A	V	L	I	F	Y	W	H	M	C	P
0	0.09552	0.00889	0.02869	0.09899	0.05012	0.02953	0.03056	0.11137	0.01090	0.21759	0.06973	0.03186	0.01039	0.00684	0.04029	0.00167	0.14359	0.00432	0.00342	0.00575
1	0.08592	0.08780	0.11456	0.03838	0.01673	0.02804	0.33401	0.05404	0.03002	0.05671	0.01049	0.05549	0.03002	0.00469	0.00436	0.00135	0.00560	0.00458	0.00263	0.03458
2	0.02250	0.22913	0.31808	0.00979	0.01413	0.01107	0.05713	0.06047	0.04542	0.05117	0.03265	0.04574	0.03378	0.00485	0.00390	0.00124	0.00501	0.00389	0.00256	0.04749
3	0.00560	0.00436	0.00510	0.00503	0.00620	0.00385	0.00376	0.00712	0.01081	0.01421	0.39777	0.08907	0.39380	0.01013	0.00513	0.00144	0.00217	0.02626	0.00434	0.00383
4	0.01324	0.03425	0.01139	0.00915	0.01205	0.01183	0.00737	0.33611	0.45115	0.04428	0.01432	0.01348	0.01053	0.00550	0.00431	0.00137	0.00398	0.00439	0.00431	0.00700
5	0.01078	0.13897	0.25094	0.02195	0.03949	0.11867	0.10062	0.06052	0.04435	0.03807	0.02461	0.03416	0.03991	0.00563	0.02760	0.00143	0.00572	0.00401	0.02683	0.00573
6	0.01099	0.66998	0.12988	0.00864	0.01273	0.01546	0.05556	0.01300	0.00889	0.01092	0.00642	0.00753	0.00560	0.00372	0.00309	0.00100	0.00496	0.00259	0.00188	0.02716
7	0.01152	0.85121	0.02257	0.00737	0.01106	0.01704	0.00737	0.01290	0.00875	0.01013	0.00599	0.00691	0.00553	0.00369	0.00276	0.00092	0.00461	0.00230	0.00184	0.00553
8	0.00550	0.00417	0.00474	0.00498	0.00598	0.00369	0.00359	0.00670	0.00968	0.01264	0.15694	0.27087	0.41237	0.01091	0.00506	0.00149	0.00224	0.00944	0.06531	0.00369
9	0.00713	0.00575	0.04399	0.05138	0.05424	0.00501	0.00579	0.02234	0.00939	0.06503	0.06730	0.42269	0.13379	0.02282	0.00540	0.00164	0.00317	0.06506	0.00380	0.00427
10	0.00871	0.00771	0.01266	0.69142	0.02658	0.00931	0.03337	0.01206	0.05629	0.04268	0.00942	0.01382	0.00738	0.00481	0.00442	0.00146	0.00548	0.04513	0.00230	0.00499
11	0.01857	0.00784	0.01023	0.00792	0.01121	0.00718	0.00652	0.08715	0.06027	0.71017	0.01647	0.01438	0.01053	0.00535	0.00433	0.00134	0.00374	0.00433	0.00519	0.00730
12	0.00690	0.00470	0.00552	0.00528	0.00667	0.00416	0.00397	0.00854	0.02788	0.09124	0.27838	0.12467	0.39632	0.00990	0.00505	0.00144	0.00234	0.00849	0.00437	0.00418
13	0.04696	0.04781	0.14044	0.07325	0.43370	0.03353	0.03453	0.08223	0.02267	0.01488	0.00847	0.02708	0.00693	0.00426	0.00415	0.00130	0.00528	0.00380	0.00234	0.00637
14	0.01157	0.00943	0.01373	0.01773	0.42968	0.00977	0.01006	0.09722	0.17694	0.08530	0.01240	0.06246	0.01032	0.00533	0.00442	0.00137	0.00441	0.02796	0.00326	0.00664
15	0.00531	0.00379	0.00507	0.00606	0.00634	0.00355	0.00410	0.00610	0.00830	0.01106	0.02371	0.81836	0.02836	0.01344	0.00551	0.00176	0.00255	0.03911	0.00400	0.00351
16	0.04767	0.01115	0.10843	0.16413	0.40537	0.01038	0.02774	0.08455	0.01029	0.03872	0.00826	0.01052	0.00648	0.00429	0.00466	0.00135	0.04364	0.00374	0.00236	0.00626
17	0.00825	0.00614	0.00743	0.03208	0.00908	0.00516	0.00488	0.01022	0.02410	0.07241	0.19450	0.04185	0.15160	0.00649	0.00419	0.00109	0.00286	0.02736	0.02227	0.36804
18	0.00540	0.00383	0.00502	0.00592	0.00617	0.00361	0.00394	0.00611	0.00809	0.01078	0.02267	0.73944	0.02707	0.09897	0.00719	0.00200	0.00271	0.03380	0.00386	0.00342
19	0.78217	0.00911	0.00703	0.03223	0.00940	0.05819	0.00519	0.03004	0.00794	0.01872	0.00618	0.00726	0.00481	0.00406	0.00282	0.00132	0.00370	0.00244	0.00265	0.00475
20	0.09211	0.01310	0.03423	0.00922	0.01222	0.23092	0.00751	0.29352	0.06959	0.10773	0.01008	0.01028	0.00739	0.00479	0.00395	0.00122	0.00510	0.00347	0.02927	0.05430
21	0.72607	0.00829	0.00694	0.00608	0.00875	0.00939	0.00501	0.05909	0.00854	0.07592	0.00766	0.00907	0.00593	0.00440	0.00298	0.00134	0.00343	0.02431	0.02185	0.00497
22	0.00631	0.00428	0.00522	0.00522	0.00545	0.00447	0.00331	0.00678	0.00654	0.00908	0.01309	0.02489	0.01426	0.61111	0.22190	0.00473	0.00591	0.00576	0.03872	0.00297
23	0.07893	0.06704	0.12709	0.11171	0.06296	0.02064	0.03475	0.19248	0.13314	0.08711	0.03533	0.01176	0.00866	0.00482	0.00410	0.00133	0.00474	0.00388	0.00327	0.00627
24	0.00633	0.00499	0.00583	0.00580	0.00692	0.01614	0.00431	0.00889	0.08953	0.01463	0.37411	0.19108	0.20686	0.00994	0.00511	0.00148	0.00244	0.03713	0.00433	0.00414
25	0.00628	0.00591	0.04032	0.00625	0.00751	0.00551	0.00504	0.00791	0.03136	0.01230	0.12920	0.13679	0.38159	0.03525	0.02448	0.00173	0.11233	0.02496	0.00363	0.02164
26	0.03291	0.04462	0.04634	0.10291	0.12648	0.02212	0.02643	0.16184	0.09363	0.08149	0.02470	0.02129	0.00838	0.00469	0.00431	0.00123	0.02780	0.00383	0.01425	0.15076
27	0.00633	0.00474	0.00576	0.00566	0.00685	0.00433	0.00417	0.00836	0.05286	0.02879	0.33669	0.23941	0.19717	0.00994	0.00504	0.00145	0.00238	0.02044	0.00425	0.05539
28	0.65032	0.07499	0.00890	0.00679	0.02056	0.01045	0.01681	0.09419	0.00907	0.05268	0.00699	0.00779	0.00533	0.00413	0.00297	0.00129	0.00367	0.00263	0.00286	0.01758

[dist]
# distance from previous block
# <min> <max>
1	6

[block]
# block no. 4 follows, 61 sequences, length 12
# corresponding to MSA columns:
# 253-264
name=unknown_E
#
# <colnr> <probs for GDERKNQSTAVLIFYWHMCP>
#	G	D	E	R	K	N	Q	S	T	A	V	L	I	F	Y	W	H	M	C	P
0	0.01005	0.05585	0.01398	0.17336	0.29685	0.02392	0.05421	0.02784	0.15712	0.01440	0.01046	0.01231	0.00823	0.00446	0.00409	0.00129	0.00464	0.00402	0.11700	0.00591
1	0.00915	0.00782	0.02353	0.07960	0.14266	0.00820	0.08326	0.05637	0.10612	0.02479	0.01201	0.03593	0.02434	0.03611	0.15757	0.01313	0.03887	0.00461	0.11714	0.01879
2	0.00569	0.00417	0.00561	0.00623	0.00678	0.00417	0.00453	0.00676	0.00815	0.01089	0.02190	0.44519	0.09239	0.05784	0.20912	0.00314	0.00493	0.09539	0.00351	0.00360
3	0.00572	0.00439	0.00523	0.00502	0.00620	0.00390	0.00377	0.00740	0.01130	0.01516	0.52809	0.03566	0.33335	0.00960	0.00508	0.00139	0.00209	0.00828	0.00446	0.00390
4	0.01006	0.00981	0.01779	0.39451	0.04851	0.01059	0.31219	0.11687	0.01077	0.01428	0.00842	0.01136	0.00628	0.00415	0.00460	0.00142	0.00617	0.00431	0.00234	0.00557
5	0.12933	0.01133	0.01178	0.00925	0.01251	0.01264	0.00760	0.63389	0.08834	0.02532	0.01040	0.01041	0.00749	0.00508	0.00410	0.00131	0.00444	0.00376	0.00410	0.00693
6	0.00757	0.00475	0.00596	0.00549	0.00688	0.00424	0.00418	0.00928	0.01150	0.12190	0.50117	0.06620	0.21633	0.00903	0.00500	0.00139	0.00230	0.00782	0.00462	0.00437
7	0.01047	0.00749	0.00901	0.00665	0.01028	0.00580	0.00537	0.01234	0.00950	0.14033	0.00977	0.01154	0.00785	0.00390	0.00349	0.00080	0.00330	0.03707	0.00305	0.70199
8	0.32749	0.00815	0.01003	0.13205	0.14890	0.00883	0.00760	0.01440	0.06859	0.16336	0.02896	0.04616	0.00874	0.00491	0.00378	0.00137	0.00399	0.00390	0.00318	0.00563
9	0.00932	0.02138	0.75478	0.01207	0.01818	0.01030	0.01524	0.08343	0.01008	0.01483	0.00796	0.00920	0.00562	0.00419	0.00411	0.00136	0.00622	0.00324	0.00204	0.00645
10	0.00531	0.00389	0.00501	0.00588	0.00633	0.00359	0.00405	0.00617	0.00854	0.01118	0.02631	0.70012	0.13240	0.01308	0.00547	0.00172	0.00253	0.05090	0.00400	0.00354
11	0.01542	0.15916	0.01427	0.00999	0.01295	0.36624	0.00811	0.33128	0.01482	0.01709	0.00801	0.00865	0.00625	0.00460	0.00386	0.00115	0.00602	0.00313	0.00299	0.00601

[dist]
# distance from previous block
# <min> <max>
0	2

[block]
# block no. 5 follows, 61 sequences, length 12
# corresponding to MSA columns:
# 267-278
name=unknown_F
#
# <colnr> <probs for GDERKNQSTAVLIFYWHMCP>
#	G	D	E	R	K	N	Q	S	T	A	V	L	I	F	Y	W	H	M	C	P
0	0.03156	0.04539	0.05097	0.01018	0.08686	0.06268	0.02833	0.01351	0.17663	0.04082	0.02950	0.08816	0.03662	0.00805	0.00487	0.00158	0.00424	0.27132	0.00354	0.00522
1	0.01129	0.76626	0.06861	0.00813	0.01200	0.01637	0.04363	0.01298	0.00884	0.01050	0.00621	0.00725	0.00557	0.00371	0.00294	0.00097	0.00483	0.00248	0.00186	0.00559
2	0.01047	0.02682	0.12511	0.01356	0.04046	0.03359	0.24251	0.08349	0.05291	0.01382	0.00799	0.01041	0.00647	0.00538	0.00799	0.00156	0.30536	0.00409	0.00233	0.00568
3	0.01215	0.01002	0.01024	0.00936	0.03651	0.09382	0.00717	0.20029	0.31761	0.06307	0.05030	0.07259	0.01396	0.00664	0.00455	0.00143	0.00416	0.07588	0.00408	0.00618
4	0.03097	0.03908	0.04555	0.07610	0.05759	0.05549	0.01834	0.07611	0.17055	0.16844	0.16330	0.03590	0.01550	0.02219	0.00472	0.00140	0.00405	0.00496	0.00386	0.00589
5	0.00643	0.00451	0.00553	0.00526	0.00648	0.00403	0.00395	0.00812	0.01133	0.05620	0.51673	0.07289	0.26364	0.00946	0.00507	0.00140	0.00218	0.00820	0.00452	0.00408
6	0.00534	0.00385	0.00496	0.00577	0.00612	0.00358	0.00386	0.00612	0.00840	0.01114	0.05923	0.69681	0.08623	0.06877	0.00654	0.00187	0.00257	0.01142	0.00394	0.00347
7	0.08634	0.07072	0.26022	0.02769	0.08363	0.07281	0.19991	0.06477	0.01040	0.07123	0.00846	0.00991	0.00626	0.00411	0.00415	0.00132	0.00590	0.00366	0.00244	0.00607
8	0.01127	0.00761	0.05434	0.05557	0.02916	0.00677	0.04562	0.08691	0.03587	0.24267	0.07603	0.21606	0.05547	0.00791	0.00481	0.00149	0.00378	0.04903	0.00410	0.00552
9	0.01590	0.00657	0.00872	0.00699	0.00978	0.00568	0.00566	0.01745	0.01174	0.62625	0.05659	0.06409	0.13153	0.00674	0.00454	0.00137	0.00331	0.00561	0.00504	0.00644
10	0.03247	0.03358	0.15151	0.03849	0.02802	0.01005	0.28016	0.14465	0.01124	0.05426	0.01111	0.11227	0.00969	0.00563	0.00500	0.00145	0.03576	0.02598	0.00287	0.00581
11	0.06870	0.08610	0.04055	0.00947	0.07822	0.09291	0.00721	0.14562	0.06832	0.11590	0.13507	0.04399	0.05813	0.00611	0.00425	0.00131	0.00417	0.02458	0.00365	0.00574

[dist]
# distance from previous block
# <min> <max>
3	26

[block]
# block no. 6 follows, 61 sequences, length 19
# corresponding to MSA columns:
# 310-328
name=unknown_G
#
# <colnr> <probs for GDERKNQSTAVLIFYWHMCP>
#	G	D	E	R	K	N	Q	S	T	A	V	L	I	F	Y	W	H	M	C	P
0	0.06390	0.04947	0.11229	0.03070	0.05095	0.01114	0.00866	0.37975	0.07144	0.10356	0.03582	0.01190	0.02250	0.00505	0.00414	0.00130	0.00453	0.00393	0.00372	0.02525
1	0.00916	0.10160	0.16215	0.00934	0.03711	0.00826	0.06669	0.04255	0.05895	0.07166	0.06125	0.07442	0.12799	0.00772	0.01767	0.00154	0.00440	0.12895	0.00331	0.00528
2	0.00559	0.00413	0.00522	0.03091	0.00686	0.00384	0.00407	0.00677	0.00936	0.01255	0.18088	0.47143	0.18268	0.01144	0.00520	0.00157	0.00243	0.01016	0.04121	0.00370
3	0.00921	0.00916	0.07749	0.11459	0.22920	0.00829	0.11270	0.02957	0.03629	0.04210	0.07546	0.01985	0.08070	0.00598	0.00464	0.00142	0.00471	0.09438	0.03874	0.00552
4	0.03094	0.12872	0.07666	0.10798	0.08855	0.05963	0.08421	0.14382	0.03635	0.08768	0.05369	0.04029	0.02075	0.00513	0.00420	0.00131	0.00498	0.01618	0.00303	0.00590
5	0.02436	0.11090	0.10897	0.11220	0.12727	0.19708	0.04474	0.09849	0.03364	0.06686	0.03011	0.01043	0.00743	0.00446	0.00404	0.00125	0.00568	0.00355	0.00264	0.00590
6	0.00630	0.00449	0.00626	0.04968	0.00805	0.00444	0.02452	0.00749	0.02742	0.03906	0.02041	0.60053	0.02347	0.10835	0.04629	0.00223	0.00347	0.01014	0.00366	0.00375
7	0.26436	0.03773	0.02985	0.09961	0.20747	0.11368	0.03313	0.08476	0.02805	0.01595	0.00760	0.00921	0.00601	0.00414	0.00369	0.00126	0.00492	0.00321	0.00252	0.04283
8	0.00748	0.00374	0.00561	0.00561	0.00561	0.00374	0.00374	0.00561	0.00561	0.00748	0.00748	0.01309	0.00748	0.01496	0.01684	0.87467	0.00374	0.00374	0.00187	0.00187
9	0.01086	0.16932	0.30224	0.00995	0.01430	0.01151	0.03146	0.11197	0.18831	0.03311	0.01011	0.01056	0.00760	0.00449	0.00391	0.00125	0.00493	0.00351	0.00283	0.06779
10	0.02252	0.05912	0.20434	0.13659	0.11367	0.04515	0.02440	0.06062	0.11267	0.06443	0.03261	0.01144	0.00816	0.00458	0.00430	0.00130	0.02232	0.00374	0.00273	0.06531
11	0.14711	0.14397	0.22087	0.02608	0.01214	0.02651	0.00844	0.01327	0.00952	0.14516	0.06456	0.03232	0.05746	0.00607	0.02671	0.00144	0.00458	0.02157	0.00298	0.02923
12	0.00813	0.00766	0.01292	0.83826	0.02967	0.00957	0.01196	0.01101	0.00861	0.01101	0.00766	0.01148	0.00574	0.00431	0.00431	0.00144	0.00574	0.00383	0.00191	0.00479
13	0.01535	0.00684	0.00888	0.00716	0.00981	0.00629	0.00577	0.04950	0.06466	0.53024	0.13169	0.01774	0.03452	0.00639	0.00493	0.03867	0.00335	0.00492	0.04696	0.00635
14	0.04636	0.06569	0.09462	0.15181	0.12602	0.02171	0.13087	0.02484	0.04818	0.02687	0.03609	0.03852	0.11130	0.00548	0.00453	0.00137	0.02141	0.00485	0.03411	0.00537
15	0.01104	0.16775	0.01555	0.10381	0.08326	0.04154	0.12791	0.03832	0.15901	0.07678	0.01167	0.05722	0.02653	0.00528	0.00480	0.00135	0.05495	0.00449	0.00292	0.00581
16	0.01325	0.00674	0.00848	0.00696	0.00938	0.00633	0.00557	0.09504	0.05369	0.38206	0.26854	0.02205	0.08925	0.00690	0.00463	0.00135	0.00312	0.00580	0.00488	0.00597
17	0.00546	0.00401	0.00506	0.00573	0.00628	0.00371	0.00400	0.00639	0.00877	0.01149	0.07942	0.54598	0.16406	0.06532	0.00647	0.00184	0.00262	0.06589	0.00396	0.00354
18	0.01065	0.29100	0.36251	0.03695	0.01578	0.12726	0.05828	0.01373	0.00952	0.01205	0.02153	0.00883	0.00619	0.00407	0.00371	0.00119	0.00594	0.00305	0.00196	0.00578

[dist]
# distance from previous block
# <min> <max>
1	5

[block]
# block no. 7 follows, 61 sequences, length 8
# corresponding to MSA columns:
# 334-341
name=unknown_H
#
# <colnr> <probs for GDERKNQSTAVLIFYWHMCP>
#	G	D	E	R	K	N	Q	S	T	A	V	L	I	F	Y	W	H	M	C	P
0	0.03273	0.29864	0.43817	0.01087	0.04110	0.03382	0.03653	0.01322	0.00905	0.01247	0.00760	0.03376	0.00624	0.00423	0.00368	0.00122	0.00560	0.00321	0.00195	0.00591
1	0.58639	0.00929	0.04343	0.14679	0.01300	0.01013	0.00682	0.11245	0.00925	0.01866	0.00690	0.00826	0.00522	0.00420	0.00321	0.00135	0.00405	0.00282	0.00271	0.00509
2	0.00596	0.00405	0.00545	0.00616	0.00663	0.00385	0.00447	0.00657	0.00837	0.01102	0.04791	0.46602	0.08452	0.01309	0.00745	0.14887	0.00295	0.15968	0.00366	0.00334
3	0.03674	0.00688	0.00851	0.00716	0.00946	0.00662	0.00566	0.14806	0.01249	0.35889	0.11259	0.18458	0.01716	0.00732	0.00453	0.00139	0.00331	0.00620	0.05655	0.00589
4	0.00742	0.00387	0.00576	0.00586	0.00597	0.00387	0.00409	0.00597	0.00608	0.00807	0.00914	0.01692	0.00935	0.01463	0.01566	0.78049	0.00377	0.08889	0.00210	0.00210
5	0.15298	0.00512	0.00552	0.00535	0.00671	0.00503	0.00403	0.00857	0.03484	0.01539	0.35621	0.12866	0.23819	0.00903	0.00471	0.00143	0.00239	0.00767	0.00409	0.00407
6	0.01046	0.70839	0.01961	0.00714	0.01025	0.01476	0.00680	0.01174	0.00867	0.01028	0.00898	0.14828	0.00940	0.00534	0.00322	0.00106	0.00425	0.00398	0.00221	0.00519
7	0.01059	0.19236	0.27025	0.03422	0.10444	0.06302	0.01055	0.04452	0.09592	0.04046	0.01002	0.05415	0.00836	0.00492	0.00395	0.00128	0.00511	0.01706	0.02283	0.00598

[dist]
# distance from previous block
# <min> <max>
2	38

[block]
# block no. 8 follows, 61 sequences, length 12
# corresponding to MSA columns:
# 380-391
name=unknown_I
#
# <colnr> <probs for GDERKNQSTAVLIFYWHMCP>
#	G	D	E	R	K	N	Q	S	T	A	V	L	I	F	Y	W	H	M	C	P
0	0.28145	0.05384	0.11942	0.02494	0.05158	0.02252	0.02645	0.06866	0.08281	0.04621	0.05658	0.06319	0.02039	0.04151	0.00456	0.00146	0.00412	0.00421	0.00303	0.02308
1	0.05420	0.01583	0.44745	0.02358	0.06706	0.03203	0.06534	0.01267	0.02926	0.01362	0.02107	0.06192	0.01967	0.00654	0.05571	0.00169	0.00591	0.00410	0.00227	0.06010
2	0.00965	0.05558	0.02929	0.26537	0.07977	0.08159	0.02408	0.01246	0.08127	0.02992	0.05059	0.01266	0.02179	0.00558	0.00526	0.08362	0.00475	0.00387	0.01514	0.12777
3	0.00911	0.06292	0.20891	0.17813	0.03539	0.00956	0.06682	0.05526	0.07932	0.02757	0.03468	0.13246	0.01089	0.00615	0.00513	0.01403	0.05043	0.00510	0.00270	0.00544
4	0.00637	0.00499	0.00785	0.00742	0.00838	0.00554	0.05419	0.00800	0.00747	0.01066	0.06212	0.04206	0.01305	0.05535	0.67880	0.00600	0.01018	0.00512	0.00251	0.00393
5	0.00734	0.00384	0.00575	0.00575	0.00584	0.00392	0.00392	0.00584	0.00575	0.00775	0.00792	0.01351	0.00784	0.01684	0.10503	0.78073	0.00459	0.00384	0.00192	0.00208
6	0.04265	0.00627	0.00710	0.00629	0.00762	0.00647	0.00454	0.17645	0.01051	0.07792	0.06414	0.07021	0.07720	0.35919	0.06241	0.00289	0.00429	0.00601	0.00348	0.00435
7	0.00913	0.00716	0.00845	0.00631	0.00971	0.00550	0.00500	0.01090	0.00917	0.06748	0.01162	0.06890	0.05887	0.00452	0.00354	0.00081	0.00311	0.00374	0.00293	0.70314
8	0.19610	0.00896	0.01002	0.00797	0.01089	0.02258	0.04706	0.24529	0.03924	0.17294	0.04448	0.01209	0.00924	0.00490	0.00383	0.00125	0.00388	0.00381	0.09621	0.05927
9	0.00834	0.00602	0.00673	0.00670	0.00776	0.04760	0.00480	0.02451	0.12388	0.08872	0.08480	0.38880	0.02201	0.12348	0.02048	0.00201	0.00340	0.02158	0.00394	0.00441
10	0.00751	0.00545	0.00650	0.00631	0.00714	0.00561	0.01766	0.07568	0.07674	0.01226	0.02976	0.13685	0.04840	0.40123	0.01295	0.00281	0.00380	0.11611	0.02340	0.00382
11	0.11436	0.04273	0.01768	0.02562	0.04182	0.01966	0.00619	0.09783	0.12715	0.07795	0.06361	0.16788	0.04483	0.00677	0.00441	0.00134	0.02005	0.00560	0.00360	0.11092

[dist]
# distance from previous block
# <min> <max>
0	31

# created by:
# /st0/software/busco_prod/Augustus/scripts/msa2prfl.pl ./align_prep/869548.fa
