[name]
unknown

[dist]
# distance from previous block
# <min> <max>
0	80

[block]
# block no. 0 follows, 52 sequences, length 30
# corresponding to MSA columns:
# 81-110
name=unknown_A
#
# <colnr> <probs for GDERKNQSTAVLIFYWHMCP>
#	G	D	E	R	K	N	Q	S	T	A	V	L	I	F	Y	W	H	M	C	P
0	0.01224	0.12848	0.02901	0.04563	0.02600	0.10187	0.03660	0.06566	0.10273	0.02665	0.01054	0.01251	0.00866	0.02062	0.00486	0.00125	0.02944	0.01746	0.03399	0.28579
1	0.00710	0.00496	0.00635	0.00638	0.00726	0.00494	0.00463	0.00805	0.04155	0.01182	0.05807	0.09163	0.25386	0.04055	0.19792	0.23490	0.00553	0.00736	0.00342	0.00374
2	0.00846	0.00715	0.01109	0.06952	0.24382	0.00717	0.03074	0.01006	0.00952	0.01293	0.01761	0.25464	0.03934	0.20235	0.01003	0.00243	0.00462	0.05024	0.00329	0.00502
3	0.07876	0.01172	0.09980	0.02438	0.13105	0.07660	0.06174	0.04903	0.06868	0.04359	0.01172	0.05093	0.01027	0.06188	0.13696	0.03073	0.03832	0.00493	0.00299	0.00592
4	0.01209	0.00777	0.04023	0.00790	0.01022	0.00705	0.00639	0.09589	0.06821	0.21956	0.11740	0.17297	0.12602	0.02958	0.05390	0.00206	0.00420	0.00773	0.00481	0.00600
5	0.00668	0.00509	0.00601	0.00592	0.00723	0.00466	0.00446	0.00889	0.04029	0.01642	0.38648	0.09782	0.31084	0.01103	0.00569	0.00162	0.00253	0.04117	0.03270	0.00446
6	0.00722	0.00504	0.00669	0.00690	0.00777	0.00474	0.02022	0.02352	0.01078	0.04220	0.20061	0.42838	0.08162	0.08089	0.00754	0.00205	0.00312	0.05179	0.00457	0.00432
7	0.31264	0.00758	0.00771	0.00701	0.00920	0.00802	0.00546	0.05137	0.05356	0.12705	0.05913	0.11077	0.04757	0.06959	0.00630	0.02403	0.00368	0.03760	0.04634	0.00538
8	0.00745	0.00526	0.00600	0.00600	0.00650	0.00526	0.00384	0.04022	0.03704	0.01182	0.04106	0.14259	0.08547	0.53764	0.01793	0.00366	0.00417	0.03090	0.00355	0.00365
9	0.02879	0.04204	0.01152	0.00938	0.01199	0.03990	0.00753	0.38061	0.06922	0.02210	0.04307	0.15294	0.05436	0.02722	0.00565	0.00169	0.00457	0.07645	0.00449	0.00647
10	0.03307	0.00470	0.00611	0.00612	0.00674	0.00451	0.00423	0.00769	0.00833	0.04160	0.05763	0.13308	0.13981	0.06099	0.01334	0.43301	0.00360	0.00685	0.02534	0.00323
11	0.19574	0.00671	0.00746	0.00704	0.00897	0.00675	0.00540	0.01336	0.06219	0.16751	0.09221	0.23951	0.08366	0.02198	0.00531	0.00172	0.00334	0.03958	0.02616	0.00539
12	0.00891	0.03180	0.09363	0.01147	0.04112	0.02342	0.15882	0.01205	0.03706	0.01613	0.26101	0.11183	0.02495	0.00868	0.00593	0.00169	0.02846	0.11372	0.00387	0.00543
13	0.00784	0.00596	0.00776	0.00762	0.00862	0.00674	0.00570	0.01119	0.13789	0.01246	0.01506	0.02296	0.01434	0.20535	0.47441	0.00589	0.00933	0.03317	0.00313	0.00458
14	0.00880	0.00570	0.00685	0.00669	0.00803	0.00540	0.00487	0.04019	0.05214	0.10608	0.11327	0.28526	0.19779	0.10926	0.00798	0.00209	0.00324	0.02696	0.00461	0.00480
15	0.00752	0.00444	0.00579	0.00588	0.00604	0.00434	0.00375	0.00665	0.00720	0.00946	0.01562	0.08776	0.07956	0.29351	0.01877	0.42767	0.00412	0.00644	0.00278	0.00270
16	0.01060	0.11081	0.62036	0.01374	0.05033	0.05137	0.01605	0.01529	0.01028	0.01463	0.00835	0.00998	0.00622	0.00471	0.00488	0.00149	0.03836	0.00351	0.00209	0.00693
17	0.09277	0.00948	0.01194	0.01007	0.01280	0.01013	0.08849	0.14790	0.22664	0.08656	0.04910	0.07055	0.01543	0.04083	0.03002	0.00196	0.00480	0.07965	0.00436	0.00651
18	0.00690	0.00499	0.00709	0.00718	0.00784	0.00556	0.00530	0.00812	0.00779	0.01096	0.01497	0.08135	0.03117	0.16487	0.57306	0.03956	0.01029	0.00620	0.00282	0.00398
19	0.00589	0.00427	0.00557	0.00660	0.00699	0.00395	0.00443	0.00676	0.00942	0.01243	0.02845	0.76573	0.09172	0.01496	0.00615	0.00194	0.00278	0.01350	0.00450	0.00395
20	0.03229	0.16167	0.01550	0.01018	0.01372	0.03690	0.03553	0.35354	0.10183	0.11929	0.01321	0.06242	0.01038	0.00609	0.00461	0.00144	0.00500	0.00478	0.00428	0.00735
21	0.00826	0.00620	0.00870	0.10417	0.02570	0.00646	0.03034	0.04797	0.01002	0.04355	0.03999	0.22071	0.13210	0.10801	0.14398	0.03106	0.01646	0.00812	0.00361	0.00459
22	0.00915	0.00861	0.01453	0.81804	0.03338	0.01077	0.01346	0.01238	0.00969	0.01238	0.00861	0.01292	0.00646	0.00484	0.00484	0.00161	0.00646	0.00431	0.00215	0.00538
23	0.01144	0.01307	0.02859	0.02042	0.02533	0.01225	0.78186	0.01552	0.01144	0.01552	0.00980	0.01307	0.00735	0.00408	0.00572	0.00163	0.00817	0.00572	0.00245	0.00654
24	0.00856	0.00711	0.01062	0.23864	0.01614	0.00864	0.00862	0.01039	0.00883	0.03980	0.01452	0.14903	0.04573	0.03805	0.21586	0.00344	0.16185	0.00641	0.00290	0.00484
25	0.01195	0.01103	0.01616	0.21079	0.20377	0.05834	0.10499	0.07027	0.06654	0.04313	0.04145	0.01342	0.00939	0.00491	0.00480	0.00142	0.00577	0.00451	0.00300	0.11435
26	0.00978	0.00617	0.00835	0.00879	0.07957	0.00587	0.00600	0.01161	0.01179	0.14701	0.27643	0.11373	0.13374	0.04297	0.03493	0.00194	0.02748	0.02836	0.04020	0.00527
27	0.00761	0.00544	0.00743	0.00764	0.00842	0.00587	0.00569	0.00932	0.03712	0.04862	0.02016	0.34645	0.04068	0.05551	0.28724	0.00409	0.05551	0.03902	0.00371	0.00447
28	0.01084	0.04441	0.01768	0.15364	0.34074	0.01073	0.12512	0.05409	0.01139	0.01557	0.04574	0.09414	0.01222	0.00610	0.00512	0.00157	0.00569	0.03582	0.00290	0.00647
29	0.01170	0.03325	0.05721	0.17641	0.13361	0.14059	0.07169	0.04553	0.10072	0.02712	0.01360	0.12290	0.03170	0.00654	0.00499	0.00156	0.00589	0.00572	0.00312	0.00616

[dist]
# distance from previous block
# <min> <max>
1	2

[block]
# block no. 1 follows, 52 sequences, length 7
# corresponding to MSA columns:
# 113-119
name=unknown_B
#
# <colnr> <probs for GDERKNQSTAVLIFYWHMCP>
#	G	D	E	R	K	N	Q	S	T	A	V	L	I	F	Y	W	H	M	C	P
0	0.01223	0.08909	0.06766	0.07982	0.15806	0.03249	0.01048	0.07283	0.24082	0.04083	0.05119	0.01443	0.01132	0.00592	0.00587	0.00156	0.09036	0.00465	0.00347	0.00692
1	0.00867	0.00627	0.00811	0.07197	0.01071	0.00558	0.00570	0.01062	0.01145	0.07239	0.28284	0.17825	0.07484	0.00877	0.00513	0.00142	0.00320	0.00768	0.00429	0.22211
2	0.01005	0.00861	0.01005	0.00718	0.01148	0.00646	0.00574	0.01220	0.01005	0.01579	0.00861	0.01005	0.00718	0.00359	0.00359	0.00072	0.00359	0.00287	0.00287	0.85932
3	0.01227	0.07437	0.06717	0.05192	0.29321	0.05347	0.03919	0.01534	0.04721	0.09007	0.04999	0.01477	0.02561	0.00544	0.00495	0.01972	0.00529	0.02071	0.00308	0.10622
4	0.01199	0.06343	0.28339	0.01070	0.01525	0.01057	0.03525	0.14194	0.06706	0.07548	0.14005	0.01565	0.01415	0.00577	0.00472	0.00142	0.00518	0.00473	0.00363	0.08965
5	0.00598	0.00435	0.00564	0.00652	0.00700	0.00401	0.00443	0.00699	0.00985	0.01309	0.09990	0.68332	0.10219	0.01443	0.00610	0.00190	0.00273	0.01299	0.00458	0.00401
6	0.09306	0.01373	0.23244	0.05404	0.16630	0.01001	0.03228	0.04446	0.04559	0.16228	0.05183	0.05038	0.01111	0.00567	0.00473	0.00153	0.00535	0.00480	0.00346	0.00696

[dist]
# distance from previous block
# <min> <max>
1	29

[block]
# block no. 2 follows, 52 sequences, length 33
# corresponding to MSA columns:
# 150-182
name=unknown_C
#
# <colnr> <probs for GDERKNQSTAVLIFYWHMCP>
#	G	D	E	R	K	N	Q	S	T	A	V	L	I	F	Y	W	H	M	C	P
0	0.00824	0.02175	0.13201	0.00870	0.01085	0.00751	0.02029	0.01053	0.01073	0.03460	0.21839	0.11333	0.13776	0.01115	0.05819	0.00207	0.11808	0.03914	0.00379	0.03290
1	0.00692	0.00516	0.00635	0.00665	0.00774	0.00485	0.00505	0.03332	0.01146	0.01506	0.20872	0.22862	0.22525	0.05173	0.00691	0.00195	0.00310	0.16222	0.00462	0.00432
2	0.05510	0.26194	0.05563	0.00991	0.01369	0.07285	0.00879	0.24308	0.14728	0.06966	0.01133	0.01142	0.00859	0.00527	0.00420	0.00135	0.00522	0.00384	0.00370	0.00715
3	0.04146	0.05566	0.10058	0.01646	0.11903	0.06171	0.29424	0.08270	0.04934	0.02557	0.01010	0.02500	0.00794	0.00467	0.00487	0.00144	0.00648	0.00462	0.00284	0.08528
4	0.02290	0.22330	0.49707	0.01313	0.04325	0.01330	0.06357	0.03187	0.01054	0.02680	0.00849	0.00995	0.00641	0.00449	0.00430	0.00141	0.00656	0.00352	0.00222	0.00692
5	0.01092	0.09196	0.06965	0.01198	0.12844	0.01061	0.00875	0.01802	0.32590	0.04015	0.18969	0.04033	0.01953	0.00681	0.00491	0.00152	0.00413	0.00581	0.00417	0.00672
6	0.00710	0.00497	0.00615	0.00610	0.00632	0.00529	0.00391	0.00757	0.00724	0.00992	0.01447	0.02800	0.01595	0.60965	0.22204	0.00541	0.02722	0.00651	0.00283	0.00335
7	0.01244	0.22924	0.21301	0.04221	0.12166	0.04482	0.12390	0.01562	0.01082	0.08285	0.00976	0.01227	0.00778	0.00489	0.00474	0.00143	0.02449	0.02872	0.00261	0.00674
8	0.01230	0.01161	0.01948	0.05079	0.70320	0.01174	0.03865	0.06377	0.01176	0.01666	0.00928	0.01203	0.00767	0.00442	0.00483	0.00145	0.00583	0.00436	0.00255	0.00761
9	0.01913	0.01165	0.01376	0.01148	0.06411	0.01215	0.00887	0.47883	0.01904	0.28936	0.01399	0.01329	0.00947	0.00578	0.00485	0.00147	0.00495	0.00453	0.00508	0.00821
10	0.01009	0.01041	0.02003	0.40551	0.05247	0.01128	0.32366	0.01347	0.01033	0.01373	0.00976	0.04604	0.00790	0.00509	0.00569	0.00165	0.03939	0.00526	0.00238	0.00586
11	0.01508	0.07651	0.02349	0.03205	0.04612	0.05785	0.00733	0.02988	0.03890	0.36148	0.05321	0.16875	0.05271	0.00786	0.00501	0.00155	0.00429	0.00662	0.00470	0.00661
12	0.00692	0.00519	0.00779	0.00779	0.00865	0.00606	0.00606	0.00865	0.00779	0.01125	0.01298	0.01904	0.01211	0.03634	0.81049	0.00779	0.01298	0.00519	0.00260	0.00433
13	0.28303	0.01161	0.01346	0.01115	0.04202	0.06254	0.11387	0.22412	0.01389	0.12964	0.01112	0.04358	0.00849	0.00546	0.00441	0.00151	0.00519	0.00437	0.00384	0.00671
14	0.00713	0.00631	0.02708	0.25280	0.03771	0.00640	0.00772	0.00890	0.00967	0.01262	0.02284	0.45060	0.10926	0.01118	0.00565	0.00180	0.00406	0.01001	0.00367	0.00457
15	0.01475	0.58530	0.05322	0.00873	0.01278	0.01597	0.00849	0.01653	0.01070	0.19186	0.00962	0.00995	0.00754	0.00473	0.00399	0.00120	0.03179	0.00321	0.00297	0.00669
16	0.04672	0.01180	0.01849	0.08562	0.61132	0.04023	0.03471	0.06379	0.01168	0.01660	0.00910	0.01179	0.00746	0.00448	0.00474	0.00145	0.00587	0.00425	0.00257	0.00734
17	0.01628	0.01091	0.01219	0.00996	0.01294	0.05589	0.02047	0.32736	0.07477	0.21382	0.04123	0.12407	0.01389	0.00734	0.00545	0.00157	0.03388	0.00593	0.00483	0.00722
18	0.03601	0.00986	0.01413	0.05708	0.27681	0.03597	0.05441	0.05220	0.09123	0.01582	0.01333	0.06315	0.03653	0.04193	0.06477	0.00214	0.06561	0.00536	0.05742	0.00624
19	0.00700	0.00483	0.00600	0.00609	0.00635	0.00503	0.00394	0.00754	0.00748	0.01016	0.01561	0.06167	0.01731	0.57546	0.20953	0.00522	0.00658	0.03786	0.00298	0.00337
20	0.41646	0.07164	0.05969	0.00980	0.03279	0.03137	0.03443	0.18629	0.01197	0.02110	0.00810	0.00939	0.00630	0.00512	0.00482	0.00151	0.07646	0.00337	0.00317	0.00622
21	0.00788	0.00545	0.00643	0.00647	0.00724	0.00540	0.00449	0.03957	0.04139	0.03423	0.05934	0.15667	0.10077	0.39265	0.01464	0.00317	0.00401	0.10228	0.00388	0.00402
22	0.00802	0.00506	0.00634	0.00609	0.00713	0.00474	0.00435	0.00901	0.01039	0.07936	0.23849	0.08430	0.18279	0.17245	0.06699	0.09427	0.00393	0.00800	0.00416	0.00414
23	0.03239	0.01192	0.06597	0.06482	0.09492	0.04257	0.07256	0.19056	0.01326	0.08576	0.04299	0.01490	0.01022	0.00712	0.02886	0.00180	0.15389	0.03527	0.02362	0.00660
24	0.33444	0.05760	0.12771	0.00991	0.02609	0.03886	0.02665	0.22394	0.02565	0.02153	0.00991	0.03885	0.00806	0.00550	0.00412	0.00150	0.00505	0.02478	0.00340	0.00645
25	0.00901	0.00557	0.00676	0.00659	0.00787	0.00530	0.00475	0.01123	0.07882	0.11800	0.12635	0.25986	0.14759	0.10659	0.00824	0.03268	0.00319	0.00907	0.04776	0.00479
26	0.00708	0.00513	0.00689	0.00677	0.00736	0.00558	0.00486	0.00816	0.00838	0.01171	0.11762	0.02588	0.04359	0.28658	0.37400	0.03324	0.03384	0.00636	0.00310	0.00386
27	0.12651	0.09220	0.03332	0.01209	0.08897	0.10259	0.02693	0.27979	0.08334	0.05322	0.01073	0.01140	0.00811	0.00530	0.00458	0.00142	0.02137	0.00396	0.02713	0.00703
28	0.01020	0.03440	0.10604	0.01459	0.04359	0.01013	0.35568	0.06223	0.03174	0.01590	0.03900	0.10136	0.12401	0.00696	0.00549	0.00163	0.00601	0.02173	0.00323	0.00607
29	0.00842	0.00531	0.00637	0.00621	0.00770	0.00474	0.00462	0.01010	0.02688	0.12280	0.16298	0.23284	0.31725	0.02119	0.00588	0.00171	0.00282	0.01844	0.02897	0.00478
30	0.00867	0.01182	0.21634	0.01150	0.03250	0.00814	0.13541	0.01239	0.06163	0.01476	0.03951	0.22399	0.05543	0.02582	0.03223	0.00197	0.00537	0.05956	0.03735	0.00560
31	0.10282	0.14156	0.01362	0.01014	0.03005	0.18908	0.02610	0.12025	0.12552	0.01691	0.01361	0.07883	0.03300	0.02904	0.00508	0.00156	0.00541	0.04784	0.00349	0.00608
32	0.01150	0.00830	0.00952	0.00859	0.01071	0.00888	0.00669	0.16408	0.23899	0.06901	0.08401	0.14119	0.07166	0.01014	0.02494	0.05901	0.00405	0.05798	0.00465	0.00611

[dist]
# distance from previous block
# <min> <max>
5	24

[block]
# block no. 3 follows, 52 sequences, length 12
# corresponding to MSA columns:
# 221-232
name=unknown_D
#
# <colnr> <probs for GDERKNQSTAVLIFYWHMCP>
#	G	D	E	R	K	N	Q	S	T	A	V	L	I	F	Y	W	H	M	C	P
0	0.34342	0.22264	0.06306	0.04596	0.04831	0.06646	0.00799	0.05245	0.01008	0.01688	0.00865	0.05081	0.00770	0.03260	0.00436	0.00150	0.00494	0.00366	0.00277	0.00576
1	0.27958	0.00641	0.00651	0.00618	0.00788	0.00664	0.00465	0.01093	0.00977	0.06988	0.12645	0.12032	0.12310	0.08678	0.03201	0.04105	0.00360	0.00666	0.04697	0.00462
2	0.00642	0.00492	0.00646	0.00690	0.00763	0.00502	0.00504	0.00761	0.00918	0.01218	0.02650	0.36772	0.18160	0.04726	0.21866	0.00354	0.03551	0.03990	0.00386	0.00411
3	0.01198	0.00889	0.01041	0.00802	0.01148	0.03366	0.00643	0.05184	0.01127	0.12857	0.05955	0.01337	0.01064	0.00731	0.06823	0.00156	0.04586	0.00386	0.00350	0.50358
4	0.00953	0.00723	0.01051	0.06497	0.17137	0.00764	0.00783	0.07457	0.03093	0.01406	0.04830	0.06763	0.01372	0.09241	0.13640	0.17669	0.00598	0.03556	0.01978	0.00491
5	0.03138	0.00551	0.00667	0.00666	0.00767	0.00533	0.00463	0.04105	0.02715	0.09648	0.08529	0.36319	0.07685	0.20738	0.01023	0.00247	0.00348	0.00973	0.00433	0.00450
6	0.00842	0.00421	0.00631	0.00631	0.00631	0.00421	0.00421	0.00631	0.00631	0.00842	0.00842	0.01473	0.00842	0.01684	0.01894	0.85901	0.00421	0.00421	0.00210	0.00210
7	0.04123	0.10214	0.05501	0.07037	0.09246	0.11509	0.00957	0.04976	0.06896	0.10901	0.01250	0.05601	0.01078	0.00829	0.05391	0.00193	0.08135	0.05204	0.00331	0.00626
8	0.00929	0.00602	0.00849	0.06850	0.07867	0.00601	0.00646	0.01090	0.03250	0.09849	0.06796	0.24498	0.05274	0.05319	0.04440	0.09980	0.00422	0.04559	0.05699	0.00481
9	0.06977	0.01078	0.01194	0.00951	0.01286	0.01150	0.00775	0.39126	0.11191	0.19358	0.07464	0.01536	0.01271	0.00617	0.00476	0.00148	0.00444	0.00485	0.03716	0.00756
10	0.38195	0.00955	0.07606	0.08489	0.03638	0.00910	0.00726	0.04184	0.01045	0.04310	0.10868	0.01781	0.11187	0.00631	0.00418	0.00152	0.00403	0.00483	0.03472	0.00545
11	0.03591	0.09515	0.07541	0.05852	0.03228	0.09395	0.15646	0.18971	0.04518	0.03038	0.02149	0.04343	0.00947	0.04029	0.02401	0.00177	0.03209	0.00480	0.00322	0.00648

[dist]
# distance from previous block
# <min> <max>
1	24

[block]
# block no. 4 follows, 52 sequences, length 111
# corresponding to MSA columns:
# 274-318,322-387
name=unknown_E
#
# <colnr> <probs for GDERKNQSTAVLIFYWHMCP>
#	G	D	E	R	K	N	Q	S	T	A	V	L	I	F	Y	W	H	M	C	P
0	0.00599	0.00500	0.00526	0.00517	0.00679	0.00421	0.00387	0.00734	0.01125	0.01384	0.12933	0.07072	0.66547	0.01185	0.00568	0.00161	0.00248	0.00997	0.00454	0.02963
1	0.01149	0.00815	0.00984	0.00895	0.03239	0.00826	0.02211	0.13667	0.16621	0.10386	0.07508	0.19951	0.09703	0.01874	0.00577	0.01916	0.00377	0.00758	0.00459	0.06086
2	0.01062	0.01089	0.01844	0.05640	0.01785	0.03006	0.30382	0.01401	0.07105	0.01434	0.02724	0.06096	0.02724	0.00671	0.00873	0.00176	0.26466	0.00563	0.02628	0.02329
3	0.03404	0.01239	0.01331	0.01054	0.01410	0.01371	0.00860	0.56455	0.17100	0.06160	0.03683	0.01375	0.01073	0.00607	0.00485	0.00150	0.00487	0.00470	0.00489	0.00796
4	0.03674	0.00507	0.00616	0.00635	0.00752	0.00473	0.00466	0.00943	0.01060	0.08358	0.11557	0.35538	0.17334	0.01247	0.03036	0.00190	0.00314	0.03614	0.09230	0.00455
5	0.00902	0.00561	0.00693	0.00646	0.00795	0.00519	0.00485	0.04229	0.01251	0.11776	0.35220	0.14046	0.16052	0.06007	0.00673	0.00179	0.00293	0.02030	0.03151	0.00493
6	0.00733	0.00463	0.00536	0.00536	0.00543	0.00463	0.00312	0.00720	0.00714	0.00978	0.01447	0.02887	0.01621	0.68391	0.02274	0.10756	0.00450	0.00656	0.05227	0.00293
7	0.00784	0.00589	0.00711	0.00723	0.00836	0.00592	0.00532	0.06166	0.10025	0.01599	0.18109	0.35472	0.09006	0.05392	0.00681	0.00194	0.00320	0.07325	0.00466	0.00478
8	0.04678	0.00607	0.00702	0.00685	0.00805	0.00609	0.00486	0.06015	0.07075	0.07692	0.05799	0.29486	0.07900	0.20910	0.01011	0.00245	0.00361	0.01742	0.02721	0.00472
9	0.10895	0.00618	0.00681	0.00662	0.00819	0.00617	0.00491	0.02257	0.08554	0.07589	0.08525	0.22226	0.21123	0.07554	0.02899	0.00209	0.00347	0.01677	0.01773	0.00488
10	0.04291	0.00620	0.00712	0.00697	0.00823	0.02954	0.00504	0.01152	0.06482	0.11265	0.12804	0.27066	0.06009	0.14337	0.03160	0.00236	0.00380	0.02960	0.03069	0.00481
11	0.01371	0.01160	0.01196	0.01068	0.03919	0.11341	0.02828	0.26197	0.15917	0.04212	0.07338	0.04562	0.03727	0.05210	0.00620	0.00174	0.00505	0.07564	0.00432	0.00658
12	0.04493	0.00587	0.00677	0.00669	0.00799	0.00578	0.00490	0.05963	0.06334	0.02810	0.20154	0.28611	0.18126	0.05686	0.00669	0.00188	0.00304	0.01931	0.00461	0.00471
13	0.00794	0.00529	0.00632	0.00620	0.00718	0.00512	0.00433	0.02770	0.03632	0.05599	0.03810	0.13819	0.23425	0.22931	0.07794	0.09951	0.00436	0.00815	0.00378	0.00403
14	0.07849	0.01399	0.06012	0.03350	0.01535	0.11014	0.06410	0.40743	0.05667	0.02320	0.03302	0.04005	0.00994	0.02577	0.00525	0.00156	0.00571	0.00469	0.00397	0.00703
15	0.01263	0.03763	0.03604	0.01160	0.03655	0.01005	0.15608	0.03881	0.23631	0.14860	0.01671	0.05101	0.02886	0.07262	0.00692	0.00185	0.02466	0.03194	0.03451	0.00662
16	0.00665	0.00504	0.00578	0.00586	0.00704	0.00460	0.00420	0.00845	0.04478	0.02692	0.19130	0.21098	0.36223	0.08500	0.00747	0.00196	0.00279	0.01013	0.00457	0.00427
17	0.00875	0.02980	0.00850	0.00781	0.02522	0.00747	0.00575	0.03717	0.23259	0.01619	0.09372	0.20756	0.19341	0.02959	0.00577	0.00168	0.00329	0.00838	0.00443	0.07293
18	0.21393	0.22914	0.04705	0.02080	0.01348	0.08815	0.03578	0.21449	0.03419	0.01932	0.00893	0.01033	0.00717	0.03269	0.00460	0.00146	0.00537	0.00351	0.00317	0.00643
19	0.00648	0.00491	0.00695	0.00830	0.04940	0.00463	0.02111	0.00759	0.00957	0.01274	0.02597	0.67698	0.05615	0.02613	0.00639	0.00198	0.00320	0.06300	0.00432	0.00421
20	0.01005	0.00861	0.01005	0.00718	0.01148	0.00646	0.00574	0.01220	0.01005	0.01579	0.00861	0.01005	0.00718	0.00359	0.00359	0.00072	0.00359	0.00287	0.00287	0.85932
21	0.00844	0.00551	0.00673	0.00657	0.00717	0.00566	0.00442	0.05831	0.07260	0.01190	0.01628	0.13307	0.05422	0.27714	0.01633	0.29785	0.00413	0.00685	0.00323	0.00357
22	0.01638	0.03788	0.03758	0.01320	0.10775	0.03417	0.00990	0.52574	0.12427	0.02594	0.01210	0.01232	0.00889	0.00564	0.00478	0.00146	0.00531	0.00440	0.00435	0.00794
23	0.00671	0.00489	0.00608	0.00648	0.00743	0.00465	0.00464	0.00823	0.03219	0.03722	0.05650	0.40221	0.24632	0.02864	0.12152	0.00271	0.00425	0.01076	0.00429	0.00428
24	0.00757	0.00532	0.00794	0.00782	0.00882	0.00610	0.00610	0.00930	0.00805	0.04565	0.01325	0.01893	0.01211	0.03503	0.77547	0.00751	0.01260	0.00518	0.00274	0.00450
25	0.07784	0.03164	0.01451	0.06993	0.08152	0.09356	0.08198	0.23227	0.01348	0.01843	0.01038	0.01417	0.00880	0.07101	0.07851	0.00233	0.07065	0.01956	0.00321	0.00623
26	0.01212	0.01106	0.01114	0.01001	0.01251	0.06768	0.00780	0.02364	0.65365	0.01898	0.03585	0.01807	0.03328	0.00679	0.00558	0.00164	0.05295	0.00543	0.00459	0.00723
27	0.00705	0.00470	0.00529	0.00529	0.00529	0.00470	0.00294	0.00705	0.00705	0.00940	0.01527	0.03171	0.01762	0.82969	0.02467	0.00470	0.00470	0.00705	0.00294	0.00294
28	0.07463	0.00529	0.00639	0.00602	0.00733	0.00502	0.00454	0.00931	0.01292	0.01886	0.65541	0.03445	0.10627	0.00981	0.00575	0.01767	0.00245	0.00832	0.00502	0.00454
29	0.00591	0.00453	0.00543	0.00602	0.00687	0.00404	0.00420	0.00701	0.01028	0.01319	0.09543	0.47706	0.31522	0.01370	0.00598	0.00181	0.00264	0.01207	0.00456	0.00404
30	0.00972	0.02507	0.80458	0.01381	0.02097	0.01125	0.01790	0.01535	0.01023	0.01535	0.00870	0.01023	0.00614	0.00460	0.00460	0.00153	0.00716	0.00358	0.00205	0.00716
31	0.01179	0.04606	0.62579	0.01306	0.01950	0.01096	0.04167	0.02721	0.01098	0.13301	0.01027	0.01121	0.00709	0.00480	0.00464	0.00152	0.00666	0.00383	0.00269	0.00729
32	0.01181	0.01037	0.01715	0.29327	0.45073	0.01116	0.01364	0.03651	0.01102	0.06500	0.00959	0.01255	0.00753	0.00474	0.00507	0.00152	0.02450	0.00435	0.00261	0.00690
33	0.00930	0.00852	0.01167	0.01032	0.01042	0.01133	0.00818	0.01018	0.00737	0.01105	0.00932	0.01679	0.00981	0.21470	0.10942	0.00341	0.52620	0.00504	0.00238	0.00460
34	0.86392	0.00937	0.00712	0.00637	0.00937	0.01087	0.00525	0.01425	0.00825	0.02174	0.00675	0.00787	0.00525	0.00450	0.00300	0.00150	0.00375	0.00262	0.00300	0.00525
35	0.00705	0.00470	0.00529	0.00529	0.00529	0.00470	0.00294	0.00705	0.00705	0.00940	0.01527	0.03171	0.01762	0.82969	0.02467	0.00470	0.00470	0.00705	0.00294	0.00294
36	0.01810	0.02310	0.01373	0.01248	0.01498	0.81024	0.00936	0.01935	0.01373	0.01186	0.00749	0.00874	0.00624	0.00499	0.00437	0.00125	0.00874	0.00312	0.00250	0.00562
37	0.01193	0.01164	0.02038	0.02870	0.72130	0.01162	0.08180	0.01489	0.01102	0.01575	0.00914	0.01207	0.00763	0.00435	0.00503	0.00147	0.01689	0.00444	0.00240	0.00754
38	0.01160	0.01270	0.05079	0.01780	0.02222	0.01184	0.58305	0.07324	0.06702	0.01683	0.01187	0.04052	0.00964	0.00519	0.00562	0.00166	0.00728	0.04160	0.00295	0.00659
39	0.01242	0.01059	0.01117	0.00994	0.01274	0.01223	0.00776	0.06979	0.74606	0.02087	0.01925	0.01771	0.01441	0.00653	0.00493	0.00163	0.00392	0.00541	0.00493	0.00770
40	0.00847	0.00615	0.00766	0.02700	0.02792	0.00528	0.00528	0.01003	0.01062	0.07351	0.10400	0.26142	0.17515	0.03235	0.00573	0.00156	0.00319	0.00847	0.00413	0.22208
41	0.33659	0.00960	0.02237	0.08116	0.18281	0.01024	0.03264	0.03659	0.06884	0.05198	0.01022	0.04764	0.00850	0.00622	0.00537	0.07131	0.00466	0.00423	0.00309	0.00593
42	0.00691	0.00495	0.00585	0.00621	0.00663	0.00491	0.00400	0.00833	0.06389	0.01170	0.03232	0.33677	0.06253	0.39552	0.01472	0.00320	0.00377	0.02023	0.00381	0.00376
43	0.00727	0.00467	0.00573	0.00573	0.00582	0.00476	0.00348	0.00710	0.00700	0.00943	0.01387	0.02749	0.01548	0.60769	0.10775	0.14916	0.00550	0.00637	0.00276	0.00294
44	0.00756	0.00506	0.00603	0.00595	0.00712	0.00457	0.00428	0.00884	0.01092	0.07482	0.21019	0.15553	0.28399	0.15665	0.00912	0.00221	0.00306	0.03525	0.00453	0.00431
45	0.01144	0.00971	0.01403	0.08295	0.32057	0.01028	0.01075	0.06869	0.17911	0.03587	0.03877	0.02108	0.03974	0.00694	0.00550	0.02312	0.00491	0.10618	0.00360	0.00676
46	0.01296	0.83261	0.02539	0.00829	0.01244	0.01917	0.00829	0.01451	0.00985	0.01140	0.00674	0.00777	0.00622	0.00415	0.00311	0.00104	0.00518	0.00259	0.00207	0.00622
47	0.01148	0.00910	0.03261	0.02871	0.08667	0.00875	0.13529	0.07953	0.06876	0.11117	0.01922	0.08208	0.05685	0.00947	0.03339	0.00198	0.00536	0.20943	0.00403	0.00613
48	0.00607	0.00466	0.00543	0.00577	0.00672	0.00416	0.00405	0.00722	0.01052	0.01352	0.15254	0.31862	0.35243	0.07671	0.00736	0.00198	0.00273	0.01101	0.00450	0.00402
49	0.01179	0.01127	0.01920	0.02897	0.77272	0.01126	0.01452	0.01460	0.01098	0.01572	0.00971	0.03948	0.00850	0.00468	0.00484	0.00146	0.00566	0.00464	0.00247	0.00755
50	0.19744	0.01220	0.06389	0.01551	0.24400	0.01215	0.01034	0.24301	0.07021	0.05734	0.01079	0.01218	0.00824	0.00519	0.00446	0.00149	0.00506	0.01563	0.00361	0.00726
51	0.00808	0.00692	0.01058	0.00923	0.01072	0.01942	0.15431	0.01018	0.06228	0.01267	0.02066	0.22874	0.10004	0.20681	0.04594	0.04942	0.00499	0.03107	0.00352	0.00443
52	0.10063	0.00590	0.00672	0.00671	0.00814	0.00583	0.00507	0.01080	0.06272	0.06695	0.13622	0.19719	0.17183	0.08143	0.00714	0.00200	0.00328	0.10116	0.01556	0.00472
53	0.00622	0.00455	0.00584	0.00631	0.00705	0.00418	0.00443	0.00761	0.01103	0.01492	0.29764	0.46037	0.12595	0.01301	0.00597	0.00177	0.00259	0.01162	0.00479	0.00418
54	0.20169	0.01081	0.01123	0.00942	0.01232	0.05802	0.03117	0.18809	0.15721	0.12397	0.01425	0.01627	0.02849	0.04600	0.00590	0.00172	0.03222	0.04041	0.00419	0.00664
55	0.03997	0.00750	0.01248	0.01020	0.01242	0.00709	0.21390	0.01160	0.01053	0.08730	0.07768	0.12918	0.10920	0.13882	0.03365	0.00235	0.00503	0.05598	0.03007	0.00505
56	0.01060	0.00576	0.00719	0.00648	0.00832	0.00517	0.00498	0.01261	0.02370	0.21665	0.30231	0.10142	0.18150	0.00942	0.00533	0.00155	0.00285	0.00809	0.08068	0.00539
57	0.00592	0.00455	0.00532	0.00588	0.00672	0.00406	0.00406	0.00690	0.00996	0.01262	0.05058	0.43565	0.35046	0.06526	0.00715	0.00199	0.00277	0.01177	0.00442	0.00395
58	0.37260	0.00838	0.00825	0.00764	0.01006	0.00922	0.00617	0.06003	0.12964	0.06287	0.06172	0.08270	0.03937	0.00763	0.00452	0.00167	0.00378	0.11401	0.00408	0.00567
59	0.05736	0.00713	0.00823	0.00724	0.00955	0.00665	0.00557	0.07723	0.05111	0.03981	0.12049	0.20815	0.07966	0.00924	0.02140	0.00156	0.00353	0.02989	0.02361	0.23259
60	0.00976	0.00830	0.00973	0.00716	0.01119	0.00630	0.00571	0.01185	0.01007	0.01558	0.01051	0.04106	0.02474	0.00443	0.00380	0.00082	0.00356	0.02257	0.00300	0.78986
61	0.00614	0.00472	0.00550	0.00571	0.00675	0.00421	0.00406	0.00743	0.01091	0.01413	0.21846	0.25053	0.35693	0.07342	0.00726	0.00193	0.00268	0.01059	0.00458	0.00408
62	0.03277	0.00602	0.00705	0.00684	0.00832	0.00587	0.00512	0.06784	0.06171	0.05274	0.22440	0.25873	0.20086	0.01117	0.00565	0.00170	0.00299	0.03050	0.00479	0.00494
63	0.04173	0.00956	0.01158	0.00907	0.01251	0.00951	0.00745	0.26204	0.01595	0.44381	0.01585	0.01497	0.01066	0.00773	0.05384	0.00185	0.00493	0.00465	0.05460	0.00771
64	0.24927	0.00771	0.00864	0.00739	0.01012	0.00764	0.00589	0.02576	0.03933	0.34169	0.07029	0.12019	0.04855	0.00730	0.00458	0.00156	0.00361	0.00589	0.02825	0.00632
65	0.00684	0.00477	0.00565	0.00581	0.00648	0.00446	0.00388	0.00771	0.00958	0.02982	0.13950	0.20880	0.18435	0.32733	0.01313	0.00288	0.00346	0.02773	0.00405	0.00378
66	0.00682	0.00534	0.02957	0.00634	0.00750	0.00445	0.00472	0.00814	0.01057	0.04790	0.13756	0.39552	0.26400	0.04035	0.00650	0.00187	0.00288	0.01110	0.00455	0.00432
67	0.00955	0.00670	0.01006	0.01205	0.18493	0.00691	0.00722	0.01069	0.02020	0.06693	0.06848	0.01960	0.01364	0.15292	0.19925	0.17509	0.02271	0.00533	0.00297	0.00476
68	0.00578	0.00491	0.00498	0.00496	0.00658	0.00411	0.00372	0.00706	0.01117	0.01339	0.08383	0.04615	0.76258	0.01216	0.00573	0.00163	0.00245	0.01016	0.00454	0.00411
69	0.00644	0.00508	0.00574	0.00561	0.00696	0.00458	0.00414	0.00841	0.03952	0.01538	0.31386	0.07490	0.42082	0.05882	0.00681	0.00179	0.00259	0.00950	0.00472	0.00432
70	0.01098	0.05972	0.10109	0.07047	0.29524	0.01145	0.25860	0.01440	0.01102	0.01522	0.03389	0.01603	0.00997	0.00517	0.00515	0.00156	0.00648	0.06427	0.00259	0.00669
71	0.01083	0.00981	0.01151	0.04848	0.20030	0.11634	0.00848	0.07438	0.03001	0.01470	0.06248	0.08462	0.11292	0.00987	0.02850	0.13743	0.00516	0.02553	0.00328	0.00535
72	0.46133	0.00899	0.00840	0.00736	0.01008	0.00999	0.00581	0.03583	0.16550	0.12363	0.01209	0.01393	0.00957	0.10161	0.00621	0.00190	0.00397	0.00405	0.00382	0.00593
73	0.81495	0.03099	0.00769	0.00645	0.00952	0.01095	0.00534	0.01419	0.00835	0.02129	0.00681	0.00794	0.00533	0.00446	0.00302	0.00146	0.00378	0.00263	0.00297	0.03188
74	0.01255	0.33777	0.09497	0.01054	0.03340	0.08129	0.04857	0.03681	0.07934	0.02457	0.00896	0.01012	0.00737	0.00463	0.00439	0.00120	0.03963	0.00339	0.00266	0.15786
75	0.01036	0.03405	0.01240	0.05993	0.05629	0.05602	0.08491	0.05971	0.01018	0.06227	0.01204	0.01670	0.01046	0.02146	0.41190	0.04194	0.00962	0.02155	0.00289	0.00532
76	0.00703	0.00466	0.00533	0.00542	0.00555	0.00461	0.00317	0.00731	0.00769	0.01052	0.05032	0.10450	0.01992	0.67986	0.02113	0.00414	0.00430	0.00762	0.04374	0.00317
77	0.00893	0.00524	0.00645	0.00607	0.00687	0.00505	0.00404	0.00974	0.00933	0.11901	0.15067	0.05479	0.04228	0.48221	0.06582	0.00375	0.00460	0.00723	0.00383	0.00408
78	0.00706	0.00543	0.00715	0.00688	0.00813	0.00513	0.03143	0.02932	0.01027	0.01368	0.11885	0.24412	0.22234	0.05026	0.12397	0.05011	0.00458	0.00911	0.00398	0.04821
79	0.00726	0.00531	0.00792	0.00783	0.00855	0.00622	0.00604	0.00851	0.00760	0.01093	0.01215	0.01816	0.01143	0.03282	0.68199	0.10858	0.04705	0.00503	0.00252	0.00411
80	0.01037	0.00548	0.00722	0.00710	0.00854	0.00491	0.00523	0.01167	0.01107	0.23090	0.08331	0.45755	0.09600	0.01196	0.00576	0.00178	0.00314	0.02784	0.00497	0.00520
81	0.03464	0.00460	0.00653	0.00666	0.00694	0.00463	0.00473	0.00719	0.00729	0.01003	0.03274	0.02130	0.01239	0.03816	0.01649	0.66256	0.00419	0.11372	0.00258	0.00263
82	0.13538	0.00604	0.00701	0.00686	0.00850	0.00585	0.00518	0.01158	0.02856	0.14870	0.10654	0.32212	0.13203	0.01081	0.00538	0.00173	0.00317	0.04489	0.00463	0.00506
83	0.00765	0.00499	0.00575	0.00569	0.00597	0.00497	0.00341	0.00830	0.03408	0.03857	0.03606	0.09295	0.01916	0.68829	0.02137	0.00419	0.00444	0.00749	0.00330	0.00340
84	0.08825	0.00659	0.00771	0.00752	0.00912	0.00684	0.00583	0.03146	0.13955	0.05982	0.20551	0.17892	0.04654	0.02234	0.03444	0.00199	0.00368	0.11715	0.02151	0.00525
85	0.00875	0.00553	0.00663	0.00650	0.00767	0.00528	0.00465	0.03315	0.04242	0.09770	0.11024	0.23681	0.14562	0.18856	0.00972	0.00235	0.00339	0.03516	0.04528	0.00460
86	0.10628	0.00586	0.00674	0.00631	0.00785	0.00570	0.00473	0.03191	0.01182	0.09279	0.32832	0.13146	0.10761	0.06343	0.00645	0.00177	0.00295	0.00795	0.06522	0.00486
87	0.00754	0.00507	0.00634	0.00633	0.00732	0.00475	0.00453	0.00923	0.02894	0.05888	0.31324	0.21485	0.11794	0.14936	0.00899	0.00220	0.00306	0.04243	0.00464	0.00437
88	0.04433	0.01179	0.01729	0.01311	0.01679	0.03276	0.26595	0.27506	0.07426	0.06379	0.06417	0.01643	0.05031	0.02464	0.00562	0.00161	0.00578	0.00547	0.00396	0.00689
89	0.00673	0.00470	0.00616	0.00680	0.00753	0.00438	0.00493	0.00808	0.01058	0.03279	0.17479	0.47673	0.09124	0.02963	0.00647	0.00194	0.00298	0.11467	0.00466	0.00422
90	0.03154	0.00523	0.00607	0.00602	0.00692	0.00507	0.00415	0.02914	0.02969	0.01458	0.24639	0.17722	0.14926	0.25420	0.01131	0.00256	0.00329	0.00901	0.00425	0.00409
91	0.00893	0.00530	0.00713	0.00760	0.00871	0.00497	0.00586	0.01036	0.01056	0.13246	0.02565	0.40480	0.05486	0.04061	0.00675	0.00206	0.00358	0.25041	0.00466	0.00473
92	0.00707	0.00561	0.00781	0.00778	0.00921	0.00527	0.05241	0.00898	0.01122	0.01453	0.13941	0.11260	0.26090	0.01295	0.03387	0.00209	0.00393	0.29551	0.00441	0.00444
93	0.01150	0.00916	0.01001	0.00895	0.01134	0.01021	0.00698	0.06970	0.49721	0.05341	0.09042	0.02320	0.08193	0.04701	0.00627	0.00179	0.01971	0.02960	0.00481	0.00679
94	0.03575	0.00513	0.00559	0.00564	0.00704	0.00464	0.00416	0.00817	0.03522	0.01471	0.18693	0.16959	0.47661	0.01185	0.00568	0.00166	0.00257	0.01012	0.00462	0.00431
95	0.00741	0.00529	0.00779	0.00768	0.00868	0.00600	0.00598	0.00915	0.00826	0.03978	0.03493	0.02026	0.03746	0.03382	0.73550	0.00721	0.01206	0.00543	0.00285	0.00447
96	0.01169	0.00855	0.01030	0.00755	0.01158	0.00677	0.00607	0.01374	0.01051	0.12900	0.01034	0.02379	0.00824	0.00427	0.00419	0.00089	0.02886	0.00337	0.00332	0.69695
97	0.01106	0.18273	0.11397	0.00864	0.01192	0.01082	0.00804	0.07587	0.15679	0.06293	0.11737	0.02174	0.15530	0.00819	0.03251	0.00167	0.00455	0.00576	0.00391	0.00624
98	0.00806	0.00521	0.00679	0.00669	0.00754	0.00521	0.00475	0.00966	0.04294	0.06748	0.20085	0.18425	0.02505	0.19714	0.15416	0.05275	0.00513	0.00806	0.00399	0.00428
99	0.00577	0.00491	0.00496	0.00495	0.00657	0.00411	0.00371	0.00703	0.01114	0.01331	0.07433	0.04628	0.77213	0.01219	0.00573	0.00163	0.00245	0.01018	0.00453	0.00411
100	0.01630	0.00780	0.01184	0.00961	0.01261	0.00697	0.09406	0.01831	0.01260	0.49082	0.04216	0.15076	0.01715	0.00806	0.00537	0.00166	0.00435	0.07748	0.00519	0.00690
101	0.01005	0.00861	0.01005	0.00718	0.01148	0.00646	0.00574	0.01220	0.01005	0.01579	0.00861	0.01005	0.00718	0.00359	0.00359	0.00072	0.00359	0.00287	0.00287	0.85932
102	0.00614	0.00437	0.00571	0.00669	0.00715	0.00408	0.00462	0.00718	0.00966	0.01295	0.05351	0.68673	0.07293	0.01445	0.00609	0.00193	0.00286	0.05815	0.03081	0.00402
103	0.00705	0.00470	0.00529	0.00529	0.00529	0.00470	0.00294	0.00705	0.00705	0.00940	0.01527	0.03171	0.01762	0.82969	0.02467	0.00470	0.00470	0.00705	0.00294	0.00294
104	0.01547	0.37397	0.01850	0.01041	0.01353	0.43797	0.00867	0.01681	0.01181	0.01157	0.00744	0.00914	0.00664	0.03406	0.00455	0.00128	0.00705	0.00303	0.00233	0.00578
105	0.01220	0.01144	0.01863	0.04910	0.68323	0.01169	0.01403	0.04905	0.07199	0.01672	0.01003	0.01248	0.00822	0.00457	0.00481	0.00146	0.00561	0.00441	0.00269	0.00764
106	0.00667	0.00467	0.00597	0.00631	0.00660	0.00478	0.00413	0.00733	0.00789	0.01073	0.01820	0.26923	0.02071	0.39892	0.20168	0.00459	0.00605	0.00865	0.00333	0.00356
107	0.01333	0.01113	0.03345	0.05410	0.01407	0.02742	0.00832	0.17117	0.47518	0.05894	0.03422	0.01718	0.02173	0.03088	0.00550	0.00168	0.00445	0.00524	0.00463	0.00738
108	0.01007	0.00868	0.01021	0.00737	0.01153	0.00675	0.00591	0.01218	0.00996	0.01565	0.00854	0.01007	0.00715	0.00376	0.00401	0.00077	0.03176	0.00292	0.00285	0.82988
109	0.00593	0.00423	0.00564	0.00673	0.00703	0.00395	0.00450	0.00680	0.00938	0.01254	0.04501	0.80775	0.03238	0.01506	0.00617	0.00196	0.00280	0.01366	0.00452	0.00395
110	0.01046	0.06976	0.24658	0.00960	0.01474	0.00915	0.02424	0.03993	0.01055	0.01586	0.00864	0.01006	0.00685	0.00401	0.00394	0.00102	0.00490	0.00317	0.00263	0.50390

[dist]
# distance from previous block
# <min> <max>
0	4

[block]
# block no. 5 follows, 52 sequences, length 41
# corresponding to MSA columns:
# 392-416,445-452,462-469
name=unknown_F
#
# <colnr> <probs for GDERKNQSTAVLIFYWHMCP>
#	G	D	E	R	K	N	Q	S	T	A	V	L	I	F	Y	W	H	M	C	P
0	0.01135	0.27563	0.27351	0.01113	0.01610	0.03992	0.08137	0.01455	0.01026	0.03116	0.00859	0.01025	0.00690	0.00604	0.04847	0.00159	0.00637	0.00345	0.00235	0.14101
1	0.79918	0.01032	0.05121	0.00688	0.01013	0.01098	0.00603	0.03039	0.00866	0.02157	0.00696	0.00808	0.00536	0.00453	0.00313	0.00150	0.00397	0.00271	0.00299	0.00542
2	0.01202	0.16487	0.42395	0.01335	0.07969	0.01228	0.03942	0.05818	0.01138	0.08617	0.03115	0.01137	0.00806	0.00480	0.00444	0.00142	0.00615	0.00382	0.00271	0.02478
3	0.00595	0.00427	0.00565	0.00667	0.00703	0.00397	0.00448	0.00688	0.00956	0.01278	0.06965	0.76528	0.05018	0.01483	0.00615	0.00194	0.00277	0.01342	0.00454	0.00397
4	0.01094	0.01044	0.01777	0.32207	0.51537	0.01124	0.01435	0.01395	0.01054	0.01455	0.00893	0.01234	0.00723	0.00451	0.00482	0.00150	0.00602	0.00431	0.00231	0.00683
5	0.01241	0.06898	0.10646	0.02840	0.06645	0.01233	0.05736	0.07545	0.43955	0.04394	0.01553	0.02775	0.01182	0.00590	0.00482	0.00156	0.00486	0.00500	0.00404	0.00740
6	0.11376	0.03617	0.09461	0.15604	0.27202	0.02382	0.04520	0.10242	0.01199	0.08455	0.00978	0.01171	0.00738	0.00477	0.00457	0.00149	0.00573	0.00409	0.00297	0.00693
7	0.00637	0.00522	0.00564	0.00549	0.00706	0.00465	0.00413	0.00855	0.05468	0.01511	0.23890	0.04239	0.56193	0.01135	0.00568	0.00161	0.00249	0.00959	0.00474	0.00441
8	0.01001	0.02403	0.72800	0.01350	0.02011	0.04521	0.01697	0.01524	0.01042	0.01523	0.03206	0.01095	0.00733	0.00487	0.00490	0.00154	0.02676	0.00373	0.00217	0.00697
9	0.04438	0.06045	0.09843	0.01377	0.16064	0.09615	0.03040	0.07121	0.02913	0.27377	0.05028	0.01442	0.02429	0.00551	0.00469	0.00145	0.00537	0.00451	0.00395	0.00722
10	0.00608	0.00435	0.00583	0.00695	0.00731	0.00409	0.00481	0.00706	0.00946	0.01257	0.02661	0.75353	0.03166	0.01501	0.00623	0.00199	0.00297	0.08499	0.00450	0.00399
11	0.02166	0.00838	0.01133	0.00868	0.01244	0.00731	0.00717	0.04204	0.01409	0.78409	0.01894	0.01638	0.01190	0.00599	0.00487	0.00150	0.00415	0.00486	0.00597	0.00825
12	0.01591	0.03020	0.01492	0.04115	0.24531	0.01082	0.02420	0.19501	0.05535	0.24895	0.01410	0.05915	0.01073	0.00589	0.00489	0.00150	0.00497	0.00507	0.00425	0.00764
13	0.01513	0.01251	0.03504	0.17760	0.14708	0.01344	0.02820	0.46637	0.01766	0.02377	0.01050	0.01195	0.00772	0.00531	0.00485	0.00149	0.00574	0.00435	0.00378	0.00751
14	0.00608	0.00474	0.00603	0.00641	0.00734	0.00425	0.02327	0.00727	0.01036	0.01339	0.10992	0.46852	0.28791	0.01342	0.00597	0.00181	0.00277	0.01190	0.00453	0.00411
15	0.05364	0.11961	0.02868	0.01804	0.30859	0.26695	0.01124	0.05878	0.01213	0.02753	0.00835	0.01019	0.00694	0.00483	0.00489	0.00137	0.04537	0.00364	0.00259	0.00664
16	0.00704	0.00474	0.00548	0.00548	0.00555	0.00480	0.00318	0.00717	0.00711	0.00954	0.01509	0.03072	0.01719	0.76770	0.08607	0.00494	0.00535	0.00690	0.00291	0.00304
17	0.01005	0.00861	0.01005	0.00718	0.01148	0.00646	0.00574	0.01220	0.01005	0.01579	0.00861	0.01005	0.00718	0.00359	0.00359	0.00072	0.00359	0.00287	0.00287	0.85932
18	0.00590	0.00422	0.00562	0.00675	0.00703	0.00394	0.00450	0.00675	0.00928	0.01237	0.02671	0.82653	0.03205	0.01518	0.00619	0.00197	0.00281	0.01378	0.00450	0.00394
19	0.07953	0.03031	0.01573	0.01834	0.33503	0.01164	0.05343	0.05015	0.17208	0.03617	0.01158	0.01346	0.00931	0.00787	0.07276	0.00207	0.06589	0.00454	0.00316	0.00697
20	0.01119	0.01429	0.18873	0.06762	0.46914	0.01176	0.06444	0.01459	0.01049	0.01514	0.00880	0.01161	0.00714	0.00477	0.00581	0.00154	0.07924	0.00424	0.00229	0.00715
21	0.00599	0.00440	0.00563	0.00642	0.00699	0.00403	0.00440	0.00706	0.01005	0.01331	0.12139	0.62608	0.13813	0.01416	0.00607	0.00187	0.00270	0.01270	0.00460	0.00403
22	0.00743	0.00560	0.00792	0.00759	0.00813	0.00634	0.02413	0.00836	0.00758	0.01067	0.01334	0.05231	0.01383	0.28847	0.39441	0.05283	0.07850	0.00599	0.00271	0.00388
23	0.00681	0.00541	0.02445	0.00615	0.00748	0.00468	0.00479	0.00907	0.01337	0.01870	0.70393	0.03666	0.12029	0.01002	0.00569	0.00154	0.00241	0.00879	0.00518	0.00458
24	0.00644	0.00496	0.00590	0.00571	0.00705	0.00441	0.00432	0.00830	0.01257	0.01675	0.47463	0.04094	0.34438	0.01096	0.00575	0.00159	0.00242	0.03356	0.00497	0.00438
25	0.01187	0.50533	0.32024	0.01049	0.01574	0.03707	0.01196	0.01496	0.01009	0.01291	0.00750	0.00873	0.00619	0.00434	0.00371	0.00123	0.00603	0.00298	0.00207	0.00656
26	0.80987	0.00981	0.00747	0.00665	0.00965	0.03797	0.00544	0.01470	0.00860	0.04483	0.00714	0.00816	0.00548	0.00456	0.00310	0.00149	0.00393	0.00271	0.00307	0.00535
27	0.01842	0.01357	0.01454	0.01115	0.01503	0.01503	0.00921	0.78330	0.02278	0.03054	0.01163	0.01163	0.00824	0.00582	0.00485	0.00145	0.00533	0.00436	0.00485	0.00824
28	0.01176	0.01111	0.01809	0.06685	0.64896	0.01141	0.01372	0.01598	0.10688	0.01627	0.02520	0.01324	0.00920	0.00473	0.00483	0.00147	0.00549	0.00454	0.00275	0.00750
29	0.00915	0.00861	0.01453	0.81804	0.03338	0.01077	0.01346	0.01238	0.00969	0.01238	0.00861	0.01292	0.00646	0.00484	0.00484	0.00161	0.00646	0.00431	0.00215	0.00538
30	0.01842	0.01357	0.01454	0.01115	0.01503	0.01503	0.00921	0.78330	0.02278	0.03054	0.01163	0.01163	0.00824	0.00582	0.00485	0.00145	0.00533	0.00436	0.00485	0.00824
31	0.03696	0.01090	0.01274	0.00983	0.01359	0.01115	0.00811	0.38849	0.04285	0.39090	0.01529	0.01403	0.01014	0.00590	0.00482	0.00148	0.00469	0.00460	0.00535	0.00816
32	0.01060	0.01060	0.01484	0.01272	0.01272	0.01484	0.01060	0.01166	0.00742	0.01166	0.00636	0.01060	0.00636	0.00848	0.01590	0.00212	0.82082	0.00424	0.00212	0.00530
33	0.01842	0.01357	0.01454	0.01115	0.01503	0.01503	0.00921	0.78330	0.02278	0.03054	0.01163	0.01163	0.00824	0.00582	0.00485	0.00145	0.00533	0.00436	0.00485	0.00824
34	0.01810	0.02310	0.01373	0.01248	0.01498	0.81024	0.00936	0.01935	0.01373	0.01186	0.00749	0.00874	0.00624	0.00499	0.00437	0.00125	0.00874	0.00312	0.00250	0.00562
35	0.02174	0.00825	0.01125	0.00862	0.01237	0.00712	0.00712	0.02362	0.01387	0.80282	0.01912	0.01649	0.01200	0.00600	0.00487	0.00150	0.00412	0.00487	0.00600	0.00825
36	0.00693	0.00515	0.00758	0.00758	0.00837	0.00594	0.00579	0.00852	0.00773	0.01109	0.01318	0.02012	0.01258	0.10385	0.74362	0.00753	0.01228	0.00535	0.00263	0.00421
37	0.00713	0.00483	0.00577	0.00603	0.00625	0.00482	0.00391	0.00758	0.00792	0.01049	0.01779	0.07893	0.02028	0.63587	0.02037	0.00410	0.00455	0.14679	0.00330	0.00327
38	0.00774	0.00579	0.00768	0.00749	0.00841	0.00655	0.00556	0.02958	0.08391	0.01218	0.01414	0.02174	0.01357	0.21911	0.52729	0.00631	0.00995	0.00563	0.00296	0.00442
39	0.86392	0.00937	0.00712	0.00637	0.00937	0.01087	0.00525	0.01425	0.00825	0.02174	0.00675	0.00787	0.00525	0.00450	0.00300	0.00150	0.00375	0.00262	0.00300	0.00525
40	0.00660	0.00454	0.00555	0.00604	0.00623	0.00441	0.00380	0.00709	0.00831	0.01110	0.04362	0.35943	0.02476	0.44124	0.01586	0.00339	0.00384	0.03703	0.00370	0.00345

[dist]
# distance from previous block
# <min> <max>
2	4

[block]
# block no. 6 follows, 52 sequences, length 12
# corresponding to MSA columns:
# 496-507
name=unknown_G
#
# <colnr> <probs for GDERKNQSTAVLIFYWHMCP>
#	G	D	E	R	K	N	Q	S	T	A	V	L	I	F	Y	W	H	M	C	P
