[name]
unknown

[dist]
# distance from previous block
# <min> <max>
2	98

[block]
# block no. 0 follows, 51 sequences, length 12
# corresponding to MSA columns:
# 140-151
name=unknown_A
#
# <colnr> <probs for GDERKNQSTAVLIFYWHMCP>
#	G	D	E	R	K	N	Q	S	T	A	V	L	I	F	Y	W	H	M	C	P
0	0.07749	0.13989	0.26126	0.01285	0.08371	0.01174	0.06743	0.03833	0.03464	0.06679	0.02904	0.05302	0.02131	0.00569	0.00486	0.00149	0.02687	0.01764	0.00296	0.04298
1	0.11081	0.12157	0.24207	0.03966	0.01678	0.04222	0.09061	0.07638	0.06452	0.05753	0.02715	0.04588	0.00932	0.00541	0.00452	0.00148	0.00582	0.00441	0.00308	0.03078
2	0.05809	0.04842	0.05046	0.10066	0.07179	0.00921	0.01929	0.07232	0.06152	0.04478	0.12478	0.14036	0.04903	0.00776	0.00539	0.00156	0.03277	0.01550	0.00378	0.08254
3	0.01075	0.01047	0.05235	0.03167	0.03610	0.00846	0.16207	0.01346	0.01050	0.03851	0.00969	0.03166	0.00801	0.00438	0.00473	0.00110	0.03335	0.00399	0.00286	0.52590
4	0.00672	0.00688	0.07754	0.00687	0.00874	0.00513	0.00599	0.00866	0.01133	0.01451	0.13587	0.11687	0.41493	0.01192	0.00593	0.00178	0.00330	0.14804	0.00444	0.00455
5	0.00818	0.00557	0.00621	0.00590	0.00625	0.00571	0.00355	0.07675	0.00858	0.01146	0.01515	0.03033	0.01701	0.75334	0.02320	0.00447	0.00482	0.00690	0.00315	0.00346
6	0.01436	0.12742	0.01535	0.02815	0.01456	0.17857	0.06641	0.20780	0.15801	0.01882	0.02990	0.01613	0.09097	0.00623	0.00476	0.00145	0.00571	0.00492	0.00377	0.00671
7	0.00850	0.00725	0.01094	0.11864	0.21030	0.00719	0.00844	0.01077	0.01158	0.01604	0.27632	0.15343	0.08188	0.00866	0.00542	0.00158	0.00393	0.00779	0.00391	0.04743
8	0.05256	0.15597	0.25631	0.05971	0.04795	0.01276	0.15130	0.06079	0.01107	0.01561	0.01101	0.01366	0.04217	0.00605	0.02327	0.00168	0.04543	0.02361	0.00258	0.00651
9	0.04765	0.01068	0.08545	0.27593	0.23689	0.01019	0.02754	0.03053	0.01042	0.01483	0.01161	0.13490	0.01083	0.00637	0.00528	0.00160	0.02860	0.00565	0.00274	0.04231
10	0.00718	0.00537	0.00671	0.00698	0.02446	0.00506	0.00497	0.04236	0.01211	0.01630	0.32612	0.24396	0.17551	0.05205	0.00686	0.00188	0.00294	0.04986	0.00478	0.00452
11	0.04993	0.17151	0.15463	0.01356	0.03503	0.12407	0.21723	0.04819	0.02877	0.01551	0.04850	0.01371	0.04765	0.00522	0.00471	0.00145	0.00657	0.00459	0.00277	0.00640

[dist]
# distance from previous block
# <min> <max>
6	10

[block]
# block no. 1 follows, 51 sequences, length 16
# corresponding to MSA columns:
# 163-178
name=unknown_B
#
# <colnr> <probs for GDERKNQSTAVLIFYWHMCP>
#	G	D	E	R	K	N	Q	S	T	A	V	L	I	F	Y	W	H	M	C	P
0	0.00625	0.00483	0.00554	0.00579	0.00686	0.00432	0.00415	0.00746	0.01071	0.01364	0.14254	0.22121	0.39637	0.10491	0.00813	0.00210	0.00289	0.04375	0.00450	0.00406
1	0.01069	0.00922	0.01039	0.00967	0.03045	0.07542	0.04913	0.02768	0.26648	0.05196	0.15990	0.11880	0.09882	0.00888	0.00546	0.00167	0.00413	0.05063	0.00459	0.00603
2	0.01241	0.06779	0.07002	0.03816	0.01289	0.01123	0.02693	0.12189	0.01154	0.09446	0.01196	0.04969	0.01008	0.03995	0.00855	0.00175	0.23397	0.00485	0.16587	0.00602
3	0.00862	0.00519	0.00697	0.00742	0.00841	0.00486	0.00555	0.01000	0.01073	0.11541	0.09644	0.44807	0.02959	0.05088	0.00703	0.00208	0.00342	0.16992	0.00476	0.00468
4	0.01413	0.00838	0.01167	0.00973	0.02444	0.00815	0.08154	0.06678	0.12991	0.28369	0.18963	0.07955	0.02096	0.02088	0.00561	0.00164	0.00410	0.00663	0.02582	0.00678
5	0.00969	0.00608	0.00765	0.00690	0.00860	0.00573	0.00528	0.05260	0.03962	0.12733	0.51297	0.08988	0.08870	0.00972	0.00564	0.00158	0.00284	0.00846	0.00534	0.00537
6	0.13668	0.01026	0.01092	0.00886	0.01182	0.05213	0.03792	0.26996	0.01527	0.13707	0.05455	0.01471	0.01134	0.00580	0.00437	0.00141	0.00441	0.00451	0.20135	0.00664
7	0.01752	0.03404	0.01428	0.03503	0.03823	0.55953	0.00960	0.16615	0.01523	0.01597	0.00866	0.00990	0.00693	0.00527	0.00474	0.00133	0.02394	0.00353	0.02388	0.00624
8	0.01719	0.21198	0.01673	0.01196	0.04043	0.53733	0.00926	0.01863	0.01292	0.06925	0.00833	0.00931	0.00680	0.00491	0.00418	0.00124	0.00757	0.00321	0.00269	0.00610
9	0.00877	0.00776	0.01214	0.02246	0.03050	0.02062	0.15650	0.01124	0.04550	0.01556	0.25929	0.02863	0.13303	0.02401	0.00817	0.08513	0.06343	0.05839	0.00388	0.00497
10	0.00635	0.00478	0.00593	0.00668	0.00744	0.00447	0.00472	0.00793	0.03974	0.01345	0.06523	0.54951	0.19134	0.01410	0.00614	0.00191	0.00289	0.05854	0.00461	0.00423
11	0.00833	0.00537	0.00660	0.00647	0.00775	0.00510	0.00489	0.01071	0.04621	0.06774	0.31875	0.13108	0.11197	0.05381	0.00656	0.00180	0.00292	0.07771	0.12144	0.00478
12	0.00705	0.00491	0.00648	0.00710	0.00795	0.00469	0.00546	0.00865	0.01104	0.01504	0.20114	0.29630	0.07444	0.01299	0.00662	0.03447	0.00323	0.23498	0.05319	0.00427
13	0.19491	0.00872	0.00967	0.00805	0.01093	0.02146	0.00639	0.10990	0.02911	0.34548	0.01597	0.09410	0.01265	0.06623	0.00605	0.00178	0.00415	0.00541	0.04237	0.00668
14	0.00726	0.00549	0.00688	0.00764	0.00852	0.00551	0.00565	0.01028	0.12123	0.01416	0.02707	0.51413	0.06975	0.01363	0.00617	0.00198	0.00331	0.16209	0.00462	0.00465
15	0.18091	0.01131	0.03206	0.02814	0.01319	0.04089	0.00788	0.30050	0.04688	0.17160	0.01512	0.01505	0.06583	0.00746	0.04011	0.00180	0.00514	0.00463	0.00442	0.00707

[dist]
# distance from previous block
# <min> <max>
0	16

[block]
# block no. 2 follows, 51 sequences, length 15
# corresponding to MSA columns:
# 195-209
name=unknown_C
#
# <colnr> <probs for GDERKNQSTAVLIFYWHMCP>
#	G	D	E	R	K	N	Q	S	T	A	V	L	I	F	Y	W	H	M	C	P
0	0.30948	0.10540	0.01168	0.00928	0.03716	0.20423	0.00712	0.03451	0.05683	0.01710	0.01022	0.07843	0.00912	0.00572	0.00393	0.00140	0.00515	0.00410	0.04150	0.04763
1	0.01046	0.00815	0.01164	0.10612	0.09352	0.00852	0.06107	0.03870	0.16839	0.05905	0.07000	0.04423	0.12470	0.00916	0.00768	0.14790	0.00451	0.01682	0.00375	0.00564
2	0.00605	0.00460	0.00558	0.00616	0.00700	0.00412	0.00430	0.00722	0.01055	0.01368	0.13119	0.47422	0.28004	0.01377	0.00606	0.00183	0.00267	0.01217	0.00467	0.00412
3	0.00689	0.00533	0.00726	0.07910	0.04504	0.00522	0.00572	0.00836	0.01050	0.01400	0.17706	0.36333	0.12926	0.08593	0.00765	0.00207	0.00339	0.03524	0.00428	0.00437
4	0.00898	0.00837	0.01391	0.74357	0.03145	0.01031	0.01280	0.01206	0.00987	0.01259	0.01136	0.05112	0.04224	0.00572	0.00501	0.00165	0.00621	0.00506	0.00239	0.00534
5	0.00697	0.00587	0.00695	0.00682	0.00794	0.00603	0.00530	0.00819	0.01013	0.01280	0.03528	0.06629	0.45806	0.09553	0.03019	0.00230	0.12162	0.10547	0.00400	0.00426
6	0.01303	0.56744	0.09207	0.00915	0.01303	0.12294	0.00891	0.01487	0.01039	0.01214	0.00800	0.01010	0.00724	0.05323	0.00477	0.00135	0.00577	0.00314	0.03641	0.00604
7	0.00622	0.00444	0.00576	0.00666	0.00700	0.00422	0.00445	0.00704	0.00916	0.01217	0.02582	0.64142	0.05731	0.12621	0.03707	0.00257	0.00350	0.03080	0.00428	0.00389
8	0.16204	0.08097	0.12670	0.06102	0.09141	0.07003	0.01016	0.10217	0.05196	0.05818	0.01007	0.01194	0.00791	0.00645	0.03693	0.00171	0.03466	0.01551	0.00311	0.05706
9	0.01257	0.07981	0.03498	0.10491	0.15006	0.21118	0.07905	0.02610	0.01151	0.02343	0.07244	0.04071	0.01154	0.05367	0.00682	0.00169	0.06589	0.00488	0.00280	0.00595
10	0.10860	0.00996	0.05677	0.00927	0.05787	0.00795	0.00735	0.01554	0.03632	0.16154	0.01089	0.01154	0.00818	0.00440	0.00399	0.00109	0.00410	0.00347	0.00350	0.47767
11	0.01258	0.29970	0.23017	0.01078	0.01531	0.08028	0.04582	0.08556	0.02393	0.03449	0.01152	0.01310	0.05409	0.04226	0.00518	0.00149	0.00599	0.00403	0.00275	0.02099
12	0.01360	0.10320	0.16340	0.01307	0.04827	0.04638	0.13197	0.16131	0.03253	0.08923	0.01164	0.06380	0.00942	0.00572	0.00520	0.00148	0.03413	0.00484	0.00337	0.05746
13	0.01006	0.00908	0.03867	0.02181	0.01148	0.04614	0.03406	0.06206	0.03877	0.04160	0.10682	0.05682	0.13282	0.04303	0.07073	0.00205	0.05226	0.00607	0.00369	0.21198
14	0.07808	0.39363	0.11350	0.01014	0.01414	0.10494	0.05647	0.04257	0.04279	0.01493	0.07798	0.01175	0.01028	0.00506	0.00401	0.00129	0.00567	0.00374	0.00275	0.00628

[dist]
# distance from previous block
# <min> <max>
0	42

[block]
# block no. 3 follows, 51 sequences, length 13
# corresponding to MSA columns:
# 253-265
name=unknown_D
#
# <colnr> <probs for GDERKNQSTAVLIFYWHMCP>
#	G	D	E	R	K	N	Q	S	T	A	V	L	I	F	Y	W	H	M	C	P
0	0.01314	0.83025	0.02575	0.00841	0.01261	0.01945	0.00841	0.01472	0.00999	0.01156	0.00683	0.00788	0.00631	0.00420	0.00315	0.00105	0.00526	0.00263	0.00210	0.00631
1	0.01007	0.00887	0.01086	0.04338	0.01261	0.00782	0.00676	0.01211	0.00985	0.01519	0.00992	0.01175	0.03586	0.00469	0.00548	0.00100	0.11503	0.00344	0.00284	0.67248
2	0.13895	0.00969	0.00985	0.00901	0.01140	0.03027	0.00699	0.11487	0.36930	0.01999	0.01807	0.15629	0.01616	0.02724	0.00545	0.00177	0.00406	0.03962	0.00449	0.00653
3	0.69577	0.00928	0.00805	0.00691	0.01011	0.01027	0.00570	0.01633	0.00949	0.17602	0.00933	0.00971	0.00668	0.00486	0.00342	0.00152	0.00388	0.00311	0.00364	0.00592
4	0.01485	0.01180	0.01396	0.13060	0.10858	0.06408	0.00994	0.34335	0.01599	0.06202	0.01168	0.03940	0.00924	0.02274	0.00597	0.00159	0.05944	0.00473	0.06304	0.00698
5	0.01075	0.01075	0.01505	0.01290	0.01290	0.01505	0.01075	0.01183	0.00753	0.01183	0.00645	0.01075	0.00645	0.00860	0.01613	0.00215	0.81830	0.00430	0.00215	0.00538
6	0.00694	0.00450	0.00574	0.00654	0.00712	0.00422	0.00452	0.00812	0.00986	0.03420	0.04349	0.62558	0.04936	0.01346	0.00580	0.00184	0.00282	0.02985	0.13180	0.00423
7	0.00605	0.00468	0.00543	0.00588	0.00684	0.00416	0.00412	0.00716	0.01047	0.01331	0.10076	0.37095	0.37253	0.05578	0.00700	0.00195	0.00274	0.01159	0.00455	0.00406
8	0.00844	0.00542	0.00628	0.00603	0.00777	0.00469	0.00459	0.00987	0.01167	0.13156	0.11292	0.13966	0.48463	0.01167	0.00577	0.00169	0.00284	0.03482	0.00487	0.00482
9	0.03766	0.01025	0.01139	0.00934	0.01252	0.01098	0.00752	0.25331	0.25500	0.20913	0.01653	0.01570	0.01176	0.00612	0.00472	0.00151	0.00422	0.00487	0.10983	0.00764
10	0.00822	0.00623	0.00753	0.00769	0.00888	0.00642	0.00580	0.03290	0.16085	0.01596	0.15865	0.24716	0.04726	0.10266	0.00809	0.00219	0.00357	0.16037	0.00462	0.00495
11	0.03442	0.01093	0.07080	0.03702	0.07112	0.04534	0.00850	0.18416	0.13385	0.03587	0.21391	0.06274	0.05542	0.00755	0.00517	0.00156	0.00442	0.00634	0.00440	0.00649
12	0.10028	0.01196	0.01307	0.01060	0.01373	0.08455	0.06985	0.26818	0.09253	0.02105	0.01265	0.10381	0.01096	0.00653	0.00528	0.00149	0.04403	0.00523	0.00388	0.12034

[dist]
# distance from previous block
# <min> <max>
0	8

[block]
# block no. 4 follows, 51 sequences, length 10
# corresponding to MSA columns:
# 295-304
name=unknown_E
#
# <colnr> <probs for GDERKNQSTAVLIFYWHMCP>
#	G	D	E	R	K	N	Q	S	T	A	V	L	I	F	Y	W	H	M	C	P
0	0.19267	0.01024	0.01177	0.02542	0.01319	0.03661	0.05947	0.13176	0.09398	0.17901	0.03465	0.01513	0.01083	0.03194	0.00515	0.00156	0.00465	0.02650	0.00416	0.11131
1	0.01084	0.24030	0.54854	0.01290	0.01921	0.01362	0.06023	0.01535	0.01034	0.01450	0.00835	0.00988	0.00632	0.00451	0.00433	0.00143	0.00679	0.00349	0.00211	0.00697
2	0.01260	0.01258	0.00985	0.00914	0.01100	0.28097	0.00680	0.05715	0.14726	0.01602	0.09206	0.11506	0.01679	0.06867	0.00632	0.00171	0.00524	0.00601	0.11924	0.00554
3	0.00715	0.00487	0.00662	0.00694	0.00755	0.00499	0.00491	0.00816	0.00877	0.03635	0.04586	0.31524	0.04687	0.14909	0.28648	0.03670	0.00678	0.00896	0.00363	0.00406
4	0.00702	0.00527	0.00790	0.00790	0.00878	0.00614	0.00614	0.00878	0.00790	0.01141	0.01316	0.01931	0.01229	0.03686	0.80782	0.00790	0.01316	0.00527	0.00263	0.00439
5	0.00687	0.00524	0.00661	0.00708	0.00782	0.00524	0.00506	0.00881	0.06513	0.01387	0.11097	0.49173	0.13171	0.01349	0.00699	0.03090	0.04141	0.03220	0.00449	0.00437
6	0.04384	0.01271	0.01356	0.01131	0.01332	0.14968	0.02532	0.14548	0.01216	0.08048	0.00944	0.01202	0.00786	0.03398	0.03978	0.00199	0.30605	0.00417	0.00315	0.07370
7	0.03432	0.00923	0.01363	0.32032	0.06039	0.01009	0.05865	0.09850	0.06236	0.15071	0.01427	0.06262	0.03307	0.00612	0.00497	0.00159	0.00533	0.00534	0.04204	0.00644
8	0.07557	0.01472	0.01582	0.07366	0.14891	0.22888	0.09430	0.17502	0.05474	0.01827	0.01056	0.04803	0.00870	0.00552	0.00480	0.00148	0.00651	0.00458	0.00324	0.00669
9	0.08472	0.01115	0.06988	0.00937	0.01232	0.03809	0.00793	0.24578	0.08526	0.05266	0.03463	0.01457	0.01026	0.00823	0.00783	0.17703	0.01925	0.02641	0.00373	0.08090

[dist]
# distance from previous block
# <min> <max>
1	26

[block]
# block no. 5 follows, 51 sequences, length 7
# corresponding to MSA columns:
# 331-337
name=unknown_F
#
# <colnr> <probs for GDERKNQSTAVLIFYWHMCP>
#	G	D	E	R	K	N	Q	S	T	A	V	L	I	F	Y	W	H	M	C	P
0	0.01248	0.01155	0.01895	0.10846	0.53555	0.03378	0.07068	0.01566	0.03342	0.05927	0.00994	0.01262	0.00798	0.00479	0.00545	0.00153	0.04337	0.00451	0.00268	0.00732
1	0.01080	0.00733	0.00897	0.00714	0.01025	0.00591	0.00558	0.01277	0.01147	0.14016	0.15955	0.10103	0.06180	0.00690	0.00463	0.00119	0.00334	0.00588	0.00413	0.43118
2	0.01053	0.01021	0.01792	0.45971	0.30792	0.01133	0.08428	0.01376	0.01048	0.01411	0.00903	0.01278	0.00708	0.00465	0.00498	0.00158	0.00645	0.00450	0.00230	0.00640
3	0.02676	0.00843	0.01143	0.04839	0.01285	0.00823	0.06827	0.04693	0.05413	0.09070	0.08208	0.10269	0.04348	0.05212	0.00698	0.00161	0.07878	0.00593	0.00374	0.24647
4	0.00746	0.00491	0.00618	0.00676	0.00758	0.00466	0.00477	0.00920	0.04339	0.05398	0.06914	0.55388	0.08387	0.01311	0.00585	0.00184	0.00291	0.03342	0.08260	0.00449
5	0.04462	0.01364	0.05221	0.05734	0.05745	0.11489	0.02488	0.27809	0.11230	0.07879	0.02657	0.01285	0.00942	0.00568	0.00521	0.00148	0.03934	0.00435	0.00394	0.05693
6	0.01127	0.01046	0.01726	0.27026	0.47486	0.01120	0.01374	0.05479	0.01131	0.01558	0.01023	0.05818	0.00883	0.00525	0.00496	0.00155	0.00587	0.00492	0.00261	0.00688

[dist]
# distance from previous block
# <min> <max>
0	3

[block]
# block no. 6 follows, 51 sequences, length 14
# corresponding to MSA columns:
# 341-354
name=unknown_G
#
# <colnr> <probs for GDERKNQSTAVLIFYWHMCP>
#	G	D	E	R	K	N	Q	S	T	A	V	L	I	F	Y	W	H	M	C	P
0	0.60469	0.08694	0.01057	0.05883	0.04475	0.07249	0.00693	0.01512	0.03236	0.01942	0.00751	0.00884	0.00596	0.00464	0.00341	0.00147	0.00458	0.00296	0.00289	0.00563
1	0.00948	0.00920	0.01346	0.01153	0.01277	0.05102	0.12948	0.01128	0.00999	0.01386	0.12997	0.16957	0.01871	0.01107	0.05663	0.00225	0.29255	0.03877	0.00329	0.00513
2	0.00951	0.01095	0.16550	0.01054	0.04875	0.00829	0.04380	0.12326	0.01296	0.01799	0.21740	0.22164	0.04972	0.00923	0.00579	0.00167	0.02510	0.00805	0.00409	0.00578
3	0.00609	0.00498	0.00529	0.00522	0.00670	0.00427	0.00386	0.00747	0.01150	0.01428	0.18655	0.04454	0.61524	0.05408	0.00680	0.00180	0.00257	0.00993	0.00464	0.00418
4	0.01222	0.05552	0.35098	0.01200	0.01679	0.10079	0.01251	0.05423	0.29920	0.01753	0.01287	0.01311	0.00959	0.00549	0.00471	0.00154	0.00602	0.00428	0.00334	0.00729
5	0.01917	0.01153	0.04216	0.01005	0.01391	0.01131	0.00852	0.39195	0.03798	0.34384	0.01517	0.01419	0.01018	0.00594	0.00486	0.00149	0.00481	0.00464	0.04015	0.00815
6	0.00773	0.00523	0.00664	0.00617	0.00756	0.00473	0.00467	0.00987	0.01352	0.06758	0.63633	0.03701	0.15406	0.01015	0.00574	0.00156	0.00246	0.00886	0.00533	0.00480
7	0.36517	0.00900	0.00980	0.00789	0.01139	0.00903	0.00651	0.04379	0.01202	0.45802	0.01402	0.01300	0.00925	0.00546	0.00416	0.00152	0.00406	0.00399	0.00480	0.00712
8	0.00841	0.00431	0.00631	0.00631	0.00631	0.00431	0.00415	0.00647	0.00647	0.00863	0.00918	0.01654	0.00940	0.09240	0.01975	0.77779	0.00431	0.00454	0.00221	0.00221
9	0.01807	0.02211	0.01404	0.01256	0.01510	0.70996	0.00953	0.08144	0.01441	0.01357	0.00789	0.00918	0.00650	0.00528	0.00496	0.00132	0.04216	0.00332	0.00271	0.00590
10	0.02595	0.00968	0.01409	0.09513	0.22819	0.02644	0.04923	0.01276	0.01006	0.01468	0.02797	0.01370	0.00908	0.06396	0.02909	0.02351	0.06795	0.00425	0.00266	0.27160
11	0.02812	0.01015	0.05570	0.01154	0.05344	0.00959	0.11401	0.19518	0.04603	0.08053	0.04489	0.14053	0.06361	0.05191	0.06973	0.00228	0.00564	0.00681	0.00402	0.00630
12	0.03345	0.01347	0.02832	0.01208	0.03127	0.21174	0.11039	0.15470	0.03467	0.04959	0.01389	0.14396	0.02391	0.02903	0.03065	0.00187	0.04969	0.01765	0.00356	0.00610
13	0.24562	0.06649	0.01046	0.00791	0.01087	0.00947	0.03736	0.04325	0.10682	0.05184	0.01651	0.06863	0.09797	0.04064	0.00517	0.00157	0.00400	0.02232	0.00367	0.14943

[dist]
# distance from previous block
# <min> <max>
0	18

[block]
# block no. 7 follows, 51 sequences, length 24
# corresponding to MSA columns:
# 373-384,386-397
name=unknown_H
#
# <colnr> <probs for GDERKNQSTAVLIFYWHMCP>
#	G	D	E	R	K	N	Q	S	T	A	V	L	I	F	Y	W	H	M	C	P
0	0.01153	0.14431	0.35584	0.01224	0.01727	0.04583	0.06375	0.03783	0.20415	0.01636	0.01196	0.03741	0.00938	0.00544	0.00464	0.00151	0.00606	0.00442	0.00300	0.00706
1	0.03292	0.01162	0.01163	0.00960	0.01281	0.12777	0.00768	0.18244	0.10257	0.25273	0.04945	0.03007	0.04062	0.00656	0.00489	0.00147	0.00491	0.03292	0.00472	0.07262
2	0.01618	0.01285	0.01318	0.01058	0.01409	0.05983	0.00857	0.48428	0.17651	0.02586	0.01345	0.01408	0.01011	0.00602	0.00481	0.00146	0.00506	0.02319	0.02669	0.07319
3	0.01272	0.01080	0.01139	0.01010	0.01297	0.01246	0.00790	0.08412	0.72895	0.02136	0.01937	0.01783	0.01449	0.00661	0.00499	0.00165	0.00401	0.00547	0.00499	0.00782
4	0.33211	0.00971	0.01244	0.30560	0.10813	0.01121	0.02594	0.03474	0.06973	0.03390	0.00927	0.01151	0.00706	0.00489	0.00423	0.00157	0.00519	0.00386	0.00291	0.00601
5	0.01061	0.10558	0.37544	0.01098	0.01638	0.01049	0.03580	0.02917	0.02688	0.03573	0.01124	0.04289	0.03413	0.00510	0.00439	0.00131	0.00561	0.00411	0.00271	0.23146
6	0.00601	0.00496	0.00528	0.00525	0.00678	0.00423	0.00392	0.00743	0.01161	0.01437	0.17888	0.07126	0.63877	0.01213	0.00582	0.00165	0.00247	0.01023	0.00471	0.00423
7	0.00595	0.00444	0.00553	0.00641	0.00701	0.00403	0.00437	0.00689	0.00982	0.01271	0.03235	0.64386	0.20933	0.01471	0.00616	0.00192	0.00277	0.01314	0.00456	0.00403
8	0.00615	0.00460	0.00567	0.00622	0.00700	0.00417	0.00433	0.00734	0.01062	0.01396	0.17184	0.46808	0.22501	0.03311	0.00652	0.00190	0.00271	0.01198	0.00468	0.00412
9	0.80603	0.00943	0.00750	0.00661	0.00971	0.01077	0.00545	0.01508	0.00874	0.07390	0.00768	0.00857	0.00578	0.00466	0.00317	0.00152	0.00383	0.00281	0.00324	0.00552
10	0.01374	0.01042	0.01131	0.00990	0.01286	0.01172	0.00778	0.05828	0.65702	0.11958	0.01957	0.01785	0.01436	0.00656	0.00499	0.00164	0.00399	0.00543	0.00513	0.00788
11	0.01643	0.07289	0.05928	0.05678	0.01589	0.03402	0.02544	0.37212	0.14965	0.12729	0.01335	0.01323	0.00955	0.00575	0.00480	0.00149	0.00529	0.00450	0.00445	0.00778
12	0.03566	0.18493	0.01909	0.10483	0.17226	0.15054	0.09622	0.08257	0.06395	0.01567	0.00930	0.01117	0.00749	0.00486	0.00472	0.00141	0.02190	0.00400	0.00276	0.00667
13	0.86201	0.00950	0.00722	0.00646	0.00950	0.01102	0.00532	0.01445	0.00836	0.02205	0.00684	0.00798	0.00532	0.00456	0.00304	0.00152	0.00380	0.00266	0.00304	0.00532
14	0.03011	0.03590	0.01541	0.01219	0.01468	0.10667	0.23582	0.01322	0.01119	0.06662	0.07395	0.21825	0.04657	0.00892	0.01909	0.00180	0.06136	0.01916	0.00355	0.00554
15	0.00598	0.00480	0.00533	0.00558	0.00684	0.00416	0.00404	0.00723	0.01103	0.01377	0.12303	0.24559	0.51948	0.01295	0.00593	0.00173	0.00256	0.01114	0.00465	0.00416
16	0.00734	0.00532	0.00688	0.00682	0.00715	0.00585	0.00470	0.00800	0.00774	0.01077	0.01581	0.10680	0.03310	0.39928	0.23757	0.03341	0.07169	0.00701	0.02105	0.00369
17	0.01135	0.02339	0.68861	0.01345	0.02022	0.01143	0.01675	0.07494	0.01160	0.06903	0.00975	0.01091	0.00679	0.00486	0.00471	0.00155	0.00691	0.00378	0.00256	0.00742
18	0.06134	0.00848	0.00978	0.00880	0.01131	0.00893	0.00698	0.04655	0.31164	0.20072	0.05564	0.11586	0.03581	0.00841	0.00526	0.00171	0.00385	0.08709	0.00505	0.00679
19	0.01042	0.01482	0.37336	0.01049	0.01465	0.00826	0.01140	0.01386	0.01053	0.13263	0.05892	0.14367	0.01480	0.03691	0.12038	0.00262	0.00658	0.00611	0.00337	0.00622
20	0.00608	0.00473	0.00553	0.00587	0.00694	0.00418	0.00420	0.00739	0.01105	0.01420	0.17864	0.32595	0.38153	0.01307	0.00597	0.00176	0.00259	0.01140	0.00472	0.00418
21	0.07951	0.18845	0.19912	0.00994	0.01416	0.02257	0.02559	0.10898	0.05647	0.04380	0.09653	0.04556	0.01268	0.00580	0.00440	0.00139	0.00508	0.00456	0.00335	0.07204
22	0.03548	0.06643	0.11894	0.00946	0.01336	0.02126	0.00864	0.14152	0.06959	0.13593	0.05218	0.05584	0.01217	0.00604	0.00477	0.00136	0.01884	0.02090	0.00393	0.20337
23	0.09367	0.04585	0.13491	0.01386	0.10603	0.04842	0.06987	0.18464	0.04326	0.10445	0.01099	0.02681	0.00838	0.00565	0.00574	0.00156	0.08090	0.00438	0.00349	0.00713

[dist]
# distance from previous block
# <min> <max>
3	28

[block]
# block no. 8 follows, 51 sequences, length 12
# corresponding to MSA columns:
# 430-435,452-457
name=unknown_I
#
# <colnr> <probs for GDERKNQSTAVLIFYWHMCP>
#	G	D	E	R	K	N	Q	S	T	A	V	L	I	F	Y	W	H	M	C	P
0	0.01083	0.24178	0.46639	0.01257	0.01814	0.01370	0.05342	0.01488	0.01016	0.01419	0.00879	0.01150	0.00712	0.00512	0.00521	0.00149	0.06487	0.03090	0.00220	0.00674
1	0.01041	0.01018	0.01794	0.23562	0.25363	0.01062	0.18369	0.01421	0.06223	0.01516	0.04374	0.04905	0.05990	0.00579	0.00525	0.00160	0.00598	0.00571	0.00288	0.00639
2	0.00855	0.03001	0.01059	0.03341	0.01119	0.06578	0.06202	0.01038	0.00894	0.01208	0.04813	0.01890	0.01287	0.07679	0.53169	0.00590	0.04008	0.00530	0.00272	0.00469
3	0.00815	0.00555	0.00715	0.06463	0.00938	0.00557	0.00529	0.01016	0.06158	0.05136	0.18668	0.21572	0.06104	0.16528	0.01021	0.05824	0.00361	0.03453	0.03145	0.00442
4	0.01184	0.01138	0.01818	0.25214	0.45565	0.03917	0.05022	0.05109	0.03366	0.01574	0.00950	0.01253	0.00760	0.00468	0.00491	0.00152	0.00619	0.00444	0.00256	0.00702
5	0.01235	0.01249	0.06788	0.01273	0.01587	0.09167	0.20512	0.08842	0.05495	0.05599	0.03835	0.06382	0.01179	0.04937	0.00739	0.00175	0.09599	0.02066	0.02850	0.06491
6	0.00717	0.00486	0.00628	0.00662	0.00755	0.00445	0.00478	0.00864	0.01133	0.05512	0.26530	0.41581	0.12316	0.01285	0.00603	0.00181	0.00279	0.04609	0.00490	0.00446
7	0.00799	0.00617	0.00849	0.00802	0.00877	0.00708	0.02717	0.00983	0.04399	0.01205	0.01412	0.04611	0.01408	0.24203	0.35006	0.00518	0.10280	0.02259	0.05913	0.00434
8	0.01247	0.15803	0.10044	0.09382	0.14743	0.08575	0.01098	0.06567	0.17785	0.01637	0.04275	0.01338	0.01028	0.00594	0.01806	0.00157	0.02488	0.00433	0.00314	0.00684
9	0.00669	0.00506	0.00617	0.00664	0.00749	0.00479	0.00461	0.00866	0.06516	0.01384	0.10652	0.49881	0.14213	0.06709	0.00723	0.00203	0.00297	0.01157	0.00453	0.02802
10	0.20190	0.01248	0.07167	0.00979	0.02510	0.11672	0.05227	0.05108	0.04096	0.03167	0.06110	0.02387	0.01002	0.00509	0.00433	0.00128	0.01694	0.00392	0.00320	0.25658
11	0.04047	0.25584	0.28041	0.07976	0.12231	0.01323	0.01258	0.03873	0.01065	0.01478	0.02280	0.06890	0.00908	0.00541	0.00436	0.00143	0.00584	0.00432	0.00250	0.00659

[dist]
# distance from previous block
# <min> <max>
1	9

[block]
# block no. 9 follows, 51 sequences, length 11
# corresponding to MSA columns:
# 468-478
name=unknown_J
#
# <colnr> <probs for GDERKNQSTAVLIFYWHMCP>
#	G	D	E	R	K	N	Q	S	T	A	V	L	I	F	Y	W	H	M	C	P
0	0.05635	0.03849	0.01045	0.02304	0.01169	0.00756	0.00615	0.03360	0.03148	0.11483	0.03100	0.01436	0.06160	0.00495	0.00404	0.00103	0.00375	0.00395	0.01965	0.52204
1	0.00637	0.00493	0.00561	0.00555	0.00676	0.00438	0.00401	0.00782	0.01155	0.01501	0.30065	0.08927	0.39952	0.10723	0.00808	0.00200	0.00272	0.00970	0.00467	0.00417
2	0.01155	0.00927	0.01073	0.06444	0.07503	0.03027	0.00801	0.01997	0.41687	0.04852	0.04987	0.02083	0.01550	0.00684	0.00491	0.00160	0.00411	0.06416	0.13079	0.00674
3	0.59631	0.05241	0.00894	0.00700	0.01005	0.01097	0.00581	0.08647	0.01042	0.07734	0.00909	0.00996	0.00685	0.00489	0.00340	0.00146	0.00391	0.00317	0.08575	0.00580
4	0.00613	0.00456	0.00574	0.00653	0.00722	0.00417	0.00459	0.00725	0.01022	0.01332	0.08326	0.55492	0.19959	0.01428	0.00617	0.00191	0.00284	0.05858	0.00462	0.00410
5	0.04243	0.01273	0.21589	0.01316	0.06720	0.00940	0.15513	0.01211	0.00935	0.01365	0.04155	0.01565	0.01003	0.06880	0.01074	0.19735	0.07631	0.02072	0.00249	0.00529
6	0.00885	0.00548	0.00697	0.00692	0.00794	0.00530	0.00515	0.01023	0.02835	0.09139	0.13222	0.06293	0.07939	0.26495	0.02943	0.06006	0.00419	0.18180	0.00414	0.00431
7	0.06172	0.26644	0.31949	0.04657	0.01652	0.03216	0.01220	0.04228	0.01032	0.01453	0.00881	0.03770	0.00746	0.00660	0.03930	0.00172	0.06361	0.00379	0.00237	0.00641
8	0.01060	0.00948	0.04110	0.23040	0.11043	0.02345	0.00991	0.03097	0.14743	0.05492	0.10018	0.06055	0.03211	0.06123	0.00709	0.00185	0.05284	0.00587	0.00355	0.00605
9	0.13441	0.00656	0.00777	0.00752	0.02609	0.00647	0.00563	0.01243	0.04508	0.13443	0.14369	0.07773	0.10720	0.06582	0.00804	0.09187	0.00366	0.09099	0.00428	0.02033
10	0.04929	0.03126	0.01186	0.00914	0.01246	0.07892	0.05662	0.10256	0.05150	0.03240	0.06286	0.03487	0.04015	0.00833	0.07671	0.00179	0.00539	0.00460	0.00347	0.32581

[dist]
# distance from previous block
# <min> <max>
1	22

[block]
# block no. 10 follows, 51 sequences, length 21
# corresponding to MSA columns:
# 501-521
name=unknown_K
#
# <colnr> <probs for GDERKNQSTAVLIFYWHMCP>
#	G	D	E	R	K	N	Q	S	T	A	V	L	I	F	Y	W	H	M	C	P
0	0.07095	0.26899	0.10123	0.03779	0.10740	0.06353	0.01843	0.07669	0.07664	0.01582	0.01163	0.07690	0.02278	0.00628	0.01435	0.00150	0.00549	0.01414	0.00298	0.00648
1	0.00989	0.02636	0.01489	0.32662	0.17497	0.02717	0.05638	0.01291	0.03537	0.01405	0.06212	0.05359	0.02538	0.02664	0.03826	0.00197	0.05292	0.03190	0.00282	0.00580
2	0.02210	0.02246	0.01046	0.23451	0.03237	0.00794	0.00822	0.02213	0.00961	0.09690	0.02328	0.01763	0.01114	0.06876	0.32883	0.00428	0.00841	0.00498	0.06076	0.00522
3	0.00822	0.00676	0.00861	0.20107	0.01378	0.03855	0.00676	0.02927	0.00988	0.01287	0.08743	0.07521	0.11889	0.20064	0.10916	0.03473	0.00570	0.00686	0.02125	0.00436
4	0.00739	0.00519	0.00618	0.00587	0.00737	0.00457	0.00442	0.00918	0.01261	0.06616	0.40325	0.07211	0.35562	0.01101	0.00577	0.00161	0.00253	0.00946	0.00506	0.00464
5	0.00652	0.00495	0.00596	0.00638	0.00745	0.00453	0.00481	0.00794	0.01091	0.01401	0.13907	0.21261	0.32041	0.07238	0.00750	0.00206	0.00311	0.16066	0.00456	0.00417
6	0.01146	0.00605	0.00764	0.00671	0.00881	0.00530	0.00522	0.01326	0.01295	0.26956	0.29245	0.07892	0.24247	0.00974	0.00555	0.00160	0.00300	0.00832	0.00534	0.00567
7	0.01358	0.00928	0.01053	0.00919	0.01190	0.01002	0.00720	0.06541	0.45321	0.17676	0.11106	0.06629	0.01876	0.00741	0.00515	0.00163	0.00379	0.00625	0.00524	0.00734
8	0.01275	0.01084	0.01210	0.01045	0.01340	0.01231	0.03943	0.11091	0.64190	0.02152	0.04572	0.01803	0.01503	0.00659	0.00505	0.00164	0.00419	0.00555	0.00490	0.00769
9	0.01029	0.00961	0.03174	0.10201	0.04476	0.00889	0.10461	0.05017	0.04216	0.01636	0.08330	0.06525	0.01274	0.00576	0.00534	0.00131	0.05246	0.00502	0.00321	0.34502
10	0.16835	0.06039	0.09054	0.02610	0.08585	0.04154	0.08183	0.17156	0.16653	0.02047	0.01173	0.01332	0.00910	0.00545	0.00458	0.00154	0.00541	0.02516	0.00356	0.00700
11	0.00981	0.00904	0.01504	0.61797	0.13594	0.01072	0.02900	0.01333	0.03451	0.01369	0.00962	0.01345	0.00736	0.00493	0.00484	0.00159	0.00615	0.00445	0.05275	0.00582
12	0.00609	0.00452	0.00565	0.00648	0.00710	0.00414	0.00448	0.00710	0.00991	0.01287	0.04948	0.58287	0.19393	0.04006	0.00677	0.00201	0.00289	0.04509	0.00453	0.00403
13	0.00736	0.00539	0.00713	0.00716	0.00791	0.00585	0.00517	0.03262	0.02991	0.01204	0.01734	0.14414	0.04573	0.22875	0.41465	0.00562	0.00862	0.00721	0.00322	0.00418
14	0.01159	0.01234	0.06665	0.01623	0.06358	0.01234	0.33023	0.08490	0.05731	0.01636	0.01035	0.01334	0.00828	0.00813	0.07329	0.00222	0.17191	0.00506	0.02943	0.00646
15	0.00691	0.00471	0.00560	0.00580	0.00594	0.00468	0.00350	0.00725	0.00787	0.01057	0.04635	0.18288	0.02144	0.60260	0.05983	0.00427	0.00473	0.00842	0.00335	0.00330
16	0.01013	0.00739	0.01028	0.00886	0.01092	0.00736	0.08026	0.04438	0.08368	0.10782	0.23580	0.07759	0.17095	0.00950	0.00629	0.00170	0.05069	0.06611	0.00468	0.00560
17	0.71897	0.01164	0.07555	0.00752	0.01091	0.05691	0.00671	0.01508	0.00900	0.04095	0.00738	0.00846	0.00563	0.00464	0.00331	0.00151	0.00440	0.00283	0.00301	0.00559
18	0.01129	0.04175	0.05295	0.17058	0.21633	0.06452	0.03107	0.01557	0.12678	0.03665	0.01560	0.01725	0.10161	0.01667	0.00549	0.00157	0.02984	0.00511	0.00311	0.03624
19	0.08806	0.00717	0.02281	0.00724	0.00936	0.00678	0.00574	0.04150	0.09627	0.11780	0.18497	0.13631	0.19325	0.00964	0.00535	0.00164	0.00329	0.03445	0.00477	0.02360
20	0.27715	0.03979	0.01178	0.05643	0.05955	0.04045	0.02885	0.12833	0.07236	0.07495	0.03783	0.03812	0.02641	0.00564	0.00426	0.00145	0.00459	0.00436	0.00368	0.08401

[dist]
# distance from previous block
# <min> <max>
0	22

[block]
# block no. 11 follows, 51 sequences, length 9
# corresponding to MSA columns:
# 584-592
name=unknown_L
#
# <colnr> <probs for GDERKNQSTAVLIFYWHMCP>
#	G	D	E	R	K	N	Q	S	T	A	V	L	I	F	Y	W	H	M	C	P
0	0.00783	0.00496	0.00631	0.00644	0.00694	0.00496	0.00426	0.00850	0.00838	0.06500	0.01856	0.24827	0.02056	0.40863	0.15442	0.00432	0.00565	0.00856	0.00357	0.00387
1	0.05837	0.05044	0.13916	0.01223	0.01626	0.01144	0.16463	0.15468	0.11529	0.09855	0.04152	0.07266	0.01204	0.00682	0.02219	0.00171	0.00573	0.00547	0.00382	0.00697
2	0.04699	0.08117	0.06890	0.07072	0.09760	0.09828	0.04191	0.15190	0.06042	0.07040	0.01093	0.01219	0.00834	0.00576	0.02270	0.00151	0.00574	0.00404	0.04975	0.09074
3	0.00631	0.00468	0.00580	0.00617	0.00699	0.00426	0.00432	0.00765	0.01105	0.01473	0.26690	0.37584	0.19600	0.05740	0.00705	0.00194	0.00272	0.01128	0.00474	0.00417
4	0.00702	0.00471	0.00540	0.00552	0.00555	0.00468	0.00314	0.00711	0.00738	0.00985	0.01671	0.11564	0.01941	0.74171	0.02304	0.00447	0.00456	0.00787	0.00314	0.00308
5	0.04036	0.05867	0.10786	0.01249	0.06846	0.11794	0.04260	0.16399	0.01392	0.17806	0.03986	0.03893	0.01031	0.00606	0.00578	0.00153	0.07775	0.00463	0.00378	0.00702
6	0.03828	0.04081	0.01471	0.07477	0.07699	0.09253	0.09136	0.14535	0.02666	0.07706	0.06060	0.01705	0.02629	0.00681	0.02380	0.00163	0.03331	0.05455	0.00358	0.09384
7	0.00884	0.01096	0.16861	0.00933	0.01181	0.05275	0.00867	0.03700	0.00952	0.01318	0.01413	0.01864	0.06424	0.07207	0.40313	0.00486	0.04173	0.00511	0.00274	0.04268
8	0.01217	0.03235	0.10553	0.11931	0.04597	0.07564	0.12969	0.08307	0.09179	0.06823	0.06880	0.07986	0.01324	0.02281	0.00549	0.00162	0.00579	0.00564	0.00350	0.02949

[dist]
# distance from previous block
# <min> <max>
1	19

[block]
# block no. 12 follows, 51 sequences, length 8
# corresponding to MSA columns:
# 614,615,618-623
name=unknown_M
#
# <colnr> <probs for GDERKNQSTAVLIFYWHMCP>
#	G	D	E	R	K	N	Q	S	T	A	V	L	I	F	Y	W	H	M	C	P
0	0.03528	0.00946	0.01196	0.06880	0.05644	0.01056	0.02824	0.13412	0.18456	0.01868	0.08776	0.07342	0.04425	0.00786	0.00653	0.00168	0.10237	0.06263	0.00403	0.05138
1	0.07262	0.00585	0.00684	0.00684	0.02911	0.00605	0.00466	0.03304	0.00990	0.01458	0.16849	0.02872	0.10291	0.30722	0.10100	0.00340	0.02374	0.00687	0.06393	0.00423
2	0.01076	0.01126	0.06994	0.06321	0.01540	0.04884	0.10942	0.10210	0.01131	0.01529	0.01528	0.13713	0.06963	0.00861	0.00862	0.00184	0.24143	0.05102	0.00321	0.00570
3	0.07568	0.06591	0.64088	0.01274	0.01926	0.01150	0.01584	0.01606	0.01048	0.07455	0.00935	0.01054	0.00661	0.00474	0.00448	0.00152	0.00666	0.00360	0.00245	0.00715
4	0.00831	0.00585	0.00730	0.06407	0.00973	0.00582	0.00555	0.06737	0.01113	0.04447	0.08429	0.26968	0.14697	0.13938	0.00879	0.00225	0.00369	0.07635	0.03443	0.00458
5	0.04723	0.03324	0.01299	0.01117	0.09592	0.00888	0.06077	0.10696	0.01250	0.09523	0.07004	0.06245	0.01230	0.00551	0.00448	0.00122	0.00437	0.00475	0.00366	0.34633
6	0.20674	0.01123	0.01255	0.09996	0.07312	0.06703	0.04012	0.19295	0.06867	0.08462	0.04334	0.01320	0.00982	0.00547	0.00445	0.00150	0.00506	0.00430	0.04923	0.00666
7	0.01515	0.11921	0.06321	0.00989	0.01330	0.09786	0.00854	0.14385	0.11641	0.17630	0.04263	0.03765	0.03687	0.00629	0.00520	0.00145	0.04364	0.00479	0.00411	0.05365

[dist]
# distance from previous block
# <min> <max>
0	11

[block]
# block no. 13 follows, 51 sequences, length 11
# corresponding to MSA columns:
# 635-645
name=unknown_N
#
# <colnr> <probs for GDERKNQSTAVLIFYWHMCP>
#	G	D	E	R	K	N	Q	S	T	A	V	L	I	F	Y	W	H	M	C	P
0	0.17144	0.04671	0.01321	0.03906	0.03682	0.04805	0.05883	0.21151	0.09240	0.07463	0.02725	0.02591	0.03512	0.00564	0.00447	0.00143	0.00489	0.00447	0.00388	0.09428
1	0.01233	0.00874	0.00959	0.00858	0.01027	0.10762	0.00661	0.03856	0.01039	0.17154	0.01334	0.01768	0.01138	0.10870	0.29888	0.04063	0.05506	0.00493	0.03630	0.02887
2	0.05228	0.01196	0.01302	0.01001	0.01391	0.01251	0.00820	0.48716	0.06879	0.08303	0.01205	0.01209	0.00872	0.00544	0.00458	0.00134	0.00479	0.00415	0.00452	0.18144
3	0.01324	0.01793	0.31925	0.04328	0.08197	0.05207	0.09479	0.24435	0.01454	0.02007	0.01011	0.01162	0.00741	0.00503	0.00482	0.00151	0.00654	0.00420	0.03996	0.00731
4	0.00791	0.02909	0.02794	0.00730	0.00842	0.02300	0.00539	0.06907	0.03102	0.01445	0.02499	0.53869	0.08804	0.05012	0.00665	0.00195	0.00342	0.01111	0.04684	0.00461
5	0.01046	0.00867	0.01397	0.04774	0.03138	0.00937	0.15947	0.04212	0.03098	0.08157	0.09615	0.24311	0.01890	0.00915	0.00784	0.00182	0.17003	0.00788	0.00375	0.00564
6	0.00900	0.00558	0.00684	0.00643	0.00742	0.00549	0.00447	0.03356	0.02854	0.09014	0.21987	0.08722	0.02488	0.34416	0.06681	0.00329	0.00438	0.00753	0.03996	0.00444
7	0.00848	0.00623	0.00756	0.00723	0.00837	0.03987	0.00541	0.03103	0.01007	0.04937	0.15029	0.02588	0.10446	0.11996	0.34857	0.05495	0.00779	0.00649	0.00355	0.00445
8	0.01305	0.00997	0.01149	0.00956	0.01223	0.02872	0.03081	0.27969	0.12423	0.05529	0.01661	0.01829	0.07673	0.04583	0.16381	0.00289	0.02506	0.00533	0.02700	0.04342
9	0.03508	0.03480	0.07428	0.01049	0.06785	0.00912	0.03878	0.10161	0.04176	0.01773	0.01040	0.05055	0.00881	0.00478	0.00419	0.00110	0.00449	0.00399	0.00317	0.47702
10	0.05047	0.15278	0.06791	0.05294	0.20245	0.15190	0.07568	0.09270	0.04147	0.01630	0.00909	0.01081	0.00730	0.00470	0.00445	0.00137	0.00629	0.00385	0.00276	0.04479

[dist]
# distance from previous block
# <min> <max>
1	15

[block]
# block no. 14 follows, 51 sequences, length 22
# corresponding to MSA columns:
# 665-677,679-687
name=unknown_O
#
# <colnr> <probs for GDERKNQSTAVLIFYWHMCP>
#	G	D	E	R	K	N	Q	S	T	A	V	L	I	F	Y	W	H	M	C	P
0	0.01138	0.00893	0.01022	0.10158	0.01346	0.06657	0.00734	0.05713	0.08035	0.09822	0.01702	0.11852	0.05802	0.05741	0.05190	0.00205	0.02810	0.04542	0.00378	0.16261
1	0.03536	0.07458	0.09810	0.00832	0.01285	0.00845	0.00757	0.01464	0.03260	0.10330	0.01005	0.01093	0.00780	0.00418	0.00388	0.00098	0.00423	0.00326	0.00317	0.55575
2	0.01174	0.01134	0.03165	0.22742	0.26632	0.05194	0.08136	0.10285	0.01259	0.01693	0.08260	0.01492	0.02143	0.00532	0.00499	0.00150	0.00592	0.00487	0.00298	0.04133
3	0.01460	0.01134	0.03666	0.05830	0.01542	0.05038	0.08831	0.20394	0.08745	0.16143	0.03781	0.03803	0.05706	0.00737	0.02406	0.00175	0.07658	0.00542	0.01716	0.00692
4	0.00695	0.00474	0.00563	0.00576	0.00602	0.00470	0.00356	0.00719	0.00781	0.01033	0.01949	0.12291	0.09225	0.54590	0.08469	0.05263	0.00499	0.00792	0.00323	0.00327
5	0.14797	0.00875	0.01091	0.00851	0.01220	0.00812	0.00702	0.05337	0.01358	0.65192	0.01720	0.01521	0.01098	0.00585	0.00466	0.00152	0.00417	0.00458	0.00558	0.00791
6	0.00857	0.00429	0.00630	0.00630	0.00636	0.00429	0.00422	0.00670	0.00663	0.00911	0.00898	0.01514	0.00877	0.01641	0.01828	0.80675	0.00415	0.00429	0.05220	0.00228
7	0.00652	0.00469	0.00630	0.00739	0.00797	0.00447	0.00547	0.00779	0.01001	0.01318	0.02767	0.57811	0.06090	0.01477	0.00640	0.00206	0.00331	0.22430	0.00455	0.00415
8	0.01332	0.01065	0.01131	0.00998	0.01271	0.03282	0.00804	0.23532	0.37821	0.02217	0.01813	0.02240	0.01497	0.00750	0.00517	0.00167	0.00447	0.13110	0.05290	0.00716
9	0.41847	0.06107	0.15295	0.00903	0.01308	0.01194	0.00872	0.15519	0.01196	0.08462	0.00925	0.01006	0.00680	0.00563	0.02125	0.00163	0.00504	0.00340	0.00339	0.00651
10	0.06349	0.04207	0.05297	0.01285	0.04634	0.06742	0.18476	0.05724	0.04342	0.13401	0.01136	0.01259	0.01844	0.00509	0.00549	0.00142	0.06492	0.00435	0.00334	0.16841
11	0.81225	0.05761	0.00831	0.00658	0.00969	0.01152	0.00550	0.01446	0.00846	0.02143	0.00684	0.00798	0.00538	0.00454	0.00305	0.00149	0.00389	0.00266	0.00299	0.00538
12	0.00688	0.00518	0.00603	0.00585	0.00728	0.00464	0.00437	0.00892	0.03315	0.03490	0.36977	0.09342	0.37914	0.01130	0.00579	0.00163	0.00252	0.00971	0.00498	0.00455
13	0.00786	0.00646	0.00784	0.05323	0.00972	0.05303	0.00588	0.00965	0.03887	0.01186	0.03215	0.16123	0.01707	0.18685	0.37018	0.00512	0.00846	0.00707	0.00316	0.00431
14	0.00873	0.00739	0.00997	0.00918	0.00996	0.00919	0.00727	0.01135	0.08225	0.01310	0.05730	0.01914	0.03726	0.06913	0.33565	0.00450	0.26054	0.00544	0.03769	0.00495
15	0.75610	0.00984	0.00890	0.00754	0.01075	0.01114	0.05095	0.04255	0.00926	0.04554	0.00758	0.00870	0.00576	0.00463	0.00333	0.00153	0.00413	0.00298	0.00317	0.00560
16	0.04811	0.04393	0.20460	0.08343	0.12494	0.07507	0.09481	0.07796	0.08227	0.02800	0.03640	0.03568	0.00971	0.00536	0.00481	0.00151	0.00615	0.00462	0.00301	0.02964
17	0.00606	0.00458	0.00552	0.00619	0.00694	0.00414	0.00427	0.00706	0.01001	0.01284	0.05487	0.49465	0.27457	0.06084	0.00720	0.00204	0.00286	0.02685	0.00449	0.00401
18	0.01370	0.29164	0.04094	0.00994	0.02384	0.19392	0.00836	0.12403	0.02995	0.01514	0.01106	0.09838	0.01053	0.04272	0.00520	0.00146	0.00575	0.01609	0.00305	0.05430
19	0.00998	0.03331	0.00938	0.00799	0.00982	0.03664	0.00613	0.05837	0.10227	0.03560	0.01677	0.06357	0.05833	0.17519	0.12673	0.00308	0.04792	0.05025	0.02502	0.12365
20	0.19886	0.03584	0.05675	0.02594	0.03716	0.03670	0.00843	0.23450	0.07981	0.15846	0.03025	0.01284	0.00957	0.00622	0.02242	0.00162	0.00502	0.00417	0.00418	0.03124
21	0.07223	0.02515	0.01124	0.09551	0.03153	0.00905	0.00757	0.12198	0.05704	0.23160	0.03420	0.03104	0.08049	0.00620	0.00464	0.00141	0.00427	0.00502	0.02715	0.14267

[dist]
# distance from previous block
# <min> <max>
2	9

[block]
# block no. 15 follows, 51 sequences, length 12
# corresponding to MSA columns:
# 739-750
name=unknown_P
#
# <colnr> <probs for GDERKNQSTAVLIFYWHMCP>
#	G	D	E	R	K	N	Q	S	T	A	V	L	I	F	Y	W	H	M	C	P
0	0.04532	0.09001	0.01674	0.06051	0.10421	0.20903	0.07722	0.20942	0.01495	0.11083	0.01040	0.01141	0.00777	0.00513	0.00464	0.00141	0.00641	0.00406	0.00349	0.00703
1	0.00749	0.00572	0.00698	0.00668	0.00786	0.00561	0.00486	0.01029	0.08725	0.01651	0.38802	0.15415	0.09407	0.11500	0.00844	0.00203	0.02466	0.00886	0.00467	0.04084
2	0.00735	0.00568	0.00683	0.00734	0.03843	0.00559	0.00485	0.00996	0.10375	0.01418	0.14198	0.24628	0.17764	0.19582	0.01013	0.00243	0.00338	0.00957	0.00430	0.00450
3	0.05205	0.04834	0.14710	0.03802	0.06637	0.05628	0.00983	0.15772	0.09930	0.09433	0.08007	0.07103	0.04505	0.00673	0.00489	0.00154	0.00507	0.00549	0.00396	0.00682
4	0.13683	0.13651	0.17916	0.03754	0.10332	0.12468	0.08633	0.06866	0.02617	0.01658	0.00863	0.01025	0.00677	0.00465	0.00430	0.00141	0.00629	0.00366	0.00265	0.03561
5	0.04242	0.04383	0.06709	0.03170	0.11498	0.04350	0.04862	0.24317	0.04949	0.15562	0.04468	0.01494	0.04118	0.00579	0.00483	0.00147	0.00527	0.00476	0.00411	0.03253
6	0.05136	0.03571	0.06934	0.10610	0.27372	0.04428	0.10224	0.07862	0.07308	0.06727	0.01141	0.04501	0.00918	0.00531	0.00489	0.00153	0.00590	0.00483	0.00313	0.00705
7	0.00685	0.00498	0.00635	0.00700	0.00776	0.00475	0.00509	0.03330	0.01076	0.01427	0.11858	0.47299	0.10851	0.05068	0.00705	0.00206	0.00318	0.12698	0.00460	0.00426
8	0.00659	0.00483	0.00631	0.00661	0.00740	0.00444	0.02541	0.00733	0.00965	0.01244	0.05414	0.37623	0.23653	0.07795	0.00913	0.10290	0.00327	0.04087	0.00412	0.00385
9	0.01200	0.08280	0.08796	0.00953	0.01323	0.09118	0.03876	0.05781	0.05094	0.06009	0.06471	0.06312	0.02934	0.00583	0.00472	0.00125	0.02367	0.00470	0.00339	0.29497
10	0.00765	0.00614	0.00916	0.16136	0.03765	0.00703	0.00740	0.00987	0.03350	0.01207	0.01504	0.09823	0.03627	0.09298	0.43724	0.00529	0.00936	0.00623	0.00289	0.00464
11	0.03370	0.07593	0.03749	0.00918	0.01323	0.04276	0.00774	0.22329	0.08981	0.04826	0.01081	0.01138	0.00831	0.00479	0.00418	0.00114	0.00462	0.00366	0.00367	0.36605

[dist]
# distance from previous block
# <min> <max>
1	38

[block]
# block no. 16 follows, 51 sequences, length 37
# corresponding to MSA columns:
# 789-817,819-826
name=unknown_Q
#
# <colnr> <probs for GDERKNQSTAVLIFYWHMCP>
#	G	D	E	R	K	N	Q	S	T	A	V	L	I	F	Y	W	H	M	C	P
0	0.04340	0.14022	0.14129	0.02514	0.03742	0.12301	0.03102	0.07110	0.05172	0.05561	0.08614	0.01555	0.06141	0.00605	0.00516	0.00143	0.04801	0.00462	0.00328	0.04841
1	0.02561	0.00871	0.01137	0.02636	0.17235	0.03005	0.00798	0.02506	0.04820	0.09897	0.04533	0.08012	0.07382	0.02344	0.05259	0.00182	0.01969	0.02001	0.02486	0.20366
