[name]
unknown

[dist]
# distance from previous block
# <min> <max>
0	89

[block]
# block no. 0 follows, 49 sequences, length 34
# corresponding to MSA columns:
# 109-124,144-161
name=unknown_A
#
# <colnr> <probs for GDERKNQSTAVLIFYWHMCP>
#	G	D	E	R	K	N	Q	S	T	A	V	L	I	F	Y	W	H	M	C	P
0	0.08246	0.02505	0.04177	0.00885	0.02833	0.00861	0.00706	0.12364	0.03085	0.21517	0.07388	0.07510	0.02789	0.10355	0.00737	0.00192	0.00434	0.02284	0.02862	0.08270
1	0.07719	0.05023	0.06299	0.01994	0.01241	0.02650	0.02356	0.20378	0.02931	0.10788	0.04658	0.09255	0.08241	0.09098	0.02160	0.00203	0.00491	0.00624	0.01678	0.02214
2	0.07610	0.01213	0.12997	0.02553	0.01353	0.04987	0.02316	0.12356	0.07244	0.13442	0.09538	0.06602	0.06675	0.02647	0.02007	0.00178	0.00501	0.00593	0.03142	0.02045
3	0.05640	0.06647	0.11067	0.02302	0.01406	0.04367	0.04239	0.11997	0.06317	0.19124	0.03353	0.04246	0.10051	0.02462	0.00539	0.00161	0.00502	0.00555	0.01970	0.03055
4	0.02655	0.02451	0.05931	0.06748	0.02748	0.04461	0.03787	0.11792	0.02709	0.19378	0.11050	0.07883	0.03132	0.00763	0.01932	0.00165	0.02140	0.00591	0.02288	0.07396
5	0.04433	0.02896	0.06558	0.01130	0.03065	0.08843	0.09522	0.05854	0.06171	0.16141	0.02639	0.04150	0.02321	0.02478	0.07764	0.00213	0.02130	0.00500	0.00377	0.12814
6	0.06479	0.04684	0.08619	0.10970	0.08226	0.07502	0.06780	0.14347	0.02910	0.10740	0.02503	0.01430	0.02258	0.02648	0.00583	0.02965	0.00584	0.00460	0.03479	0.01835
7	0.04015	0.37007	0.24233	0.01077	0.01569	0.03179	0.01145	0.11108	0.01223	0.05757	0.00917	0.01029	0.00723	0.00599	0.03057	0.00158	0.01874	0.00349	0.00280	0.00702
8	0.02478	0.09857	0.19013	0.05781	0.03758	0.05227	0.04873	0.14866	0.03802	0.01828	0.09623	0.03432	0.02822	0.03890	0.00618	0.00167	0.03666	0.00509	0.00338	0.03453
9	0.00736	0.00523	0.00660	0.00662	0.00688	0.00561	0.00435	0.00794	0.00778	0.01068	0.01610	0.10372	0.01791	0.51697	0.21752	0.00533	0.03926	0.00742	0.00310	0.00362
10	0.01359	0.15978	0.04081	0.06946	0.01579	0.06799	0.02621	0.16055	0.09384	0.01704	0.00968	0.01173	0.00797	0.00673	0.00861	0.01865	0.25767	0.00421	0.00309	0.00660
11	0.01014	0.02616	0.79609	0.01441	0.02189	0.01174	0.01868	0.01601	0.01068	0.01601	0.00907	0.01068	0.00641	0.00480	0.00480	0.00160	0.00747	0.00374	0.00214	0.00747
12	0.01217	0.03945	0.48993	0.01517	0.04547	0.03956	0.12532	0.04985	0.02661	0.06842	0.01017	0.01172	0.00733	0.00504	0.00534	0.00161	0.03253	0.00423	0.00269	0.00739
13	0.00741	0.00472	0.00631	0.00719	0.00776	0.00436	0.00490	0.00837	0.01004	0.07198	0.02727	0.75837	0.03186	0.01512	0.00635	0.00202	0.00304	0.01367	0.00481	0.00445
14	0.00773	0.00624	0.00735	0.00758	0.00825	0.03869	0.00542	0.00939	0.03771	0.01440	0.18655	0.38186	0.04531	0.11844	0.00951	0.00230	0.06394	0.04047	0.00441	0.00445
15	0.00749	0.00502	0.00620	0.00660	0.00765	0.00450	0.00470	0.00869	0.01090	0.07272	0.08979	0.45111	0.24771	0.02989	0.00657	0.00195	0.00296	0.02616	0.00484	0.00453
16	0.01225	0.01060	0.01750	0.27087	0.36135	0.01128	0.05451	0.03173	0.05544	0.07491	0.04206	0.01460	0.00996	0.00520	0.00513	0.00159	0.00598	0.00488	0.00304	0.00712
17	0.01042	0.03879	0.01113	0.00775	0.01183	0.00714	0.02295	0.01236	0.01030	0.01581	0.02704	0.01147	0.00849	0.00498	0.00504	0.06523	0.00393	0.00330	0.00295	0.71909
18	0.00621	0.00442	0.00585	0.00698	0.00726	0.00414	0.00463	0.00705	0.00959	0.01278	0.02739	0.78749	0.03284	0.04816	0.00723	0.00217	0.00301	0.01409	0.00463	0.00407
19	0.14330	0.01024	0.01212	0.07213	0.01463	0.02946	0.04474	0.08604	0.01153	0.04200	0.00931	0.01105	0.00741	0.00522	0.01871	0.00131	0.04650	0.00355	0.00318	0.42755
20	0.06731	0.15768	0.01533	0.03516	0.01423	0.08907	0.02387	0.23059	0.03992	0.03926	0.01120	0.06662	0.00953	0.00595	0.00490	0.00138	0.03512	0.00448	0.00361	0.14480
21	0.35205	0.04729	0.04433	0.10360	0.03085	0.11508	0.00890	0.18964	0.01335	0.03916	0.00897	0.01024	0.00677	0.00514	0.00414	0.00151	0.00555	0.00355	0.00338	0.00650
22	0.01253	0.13853	0.01816	0.05522	0.12387	0.01389	0.08340	0.09411	0.02625	0.04241	0.01000	0.03297	0.00875	0.02433	0.05555	0.00215	0.24377	0.00475	0.00289	0.00649
23	0.00727	0.00513	0.00655	0.00679	0.00776	0.00480	0.00486	0.00933	0.04036	0.03907	0.34126	0.38370	0.09856	0.01273	0.00613	0.00181	0.00276	0.01134	0.00511	0.00467
24	0.00943	0.00639	0.00806	0.00815	0.00931	0.03897	0.00614	0.02667	0.01030	0.10391	0.02049	0.32528	0.02151	0.03359	0.28581	0.00415	0.00729	0.06550	0.00407	0.00497
25	0.03405	0.00937	0.01143	0.00919	0.01251	0.00922	0.00740	0.15507	0.11390	0.43257	0.07660	0.04491	0.01563	0.03702	0.00593	0.00172	0.00431	0.00572	0.00562	0.00783
26	0.03034	0.01115	0.01363	0.01150	0.01330	0.03784	0.03352	0.21361	0.09010	0.01847	0.01144	0.03211	0.00993	0.04344	0.12036	0.00284	0.29156	0.00504	0.00345	0.00637
27	0.00726	0.00486	0.00554	0.00563	0.00565	0.00484	0.00319	0.00733	0.00753	0.01004	0.01684	0.09251	0.01952	0.76131	0.02428	0.00469	0.00475	0.00788	0.00319	0.00314
28	0.01374	0.01656	0.09133	0.07641	0.02136	0.21762	0.30569	0.03382	0.01211	0.04039	0.00940	0.01207	0.00732	0.00578	0.01894	0.00174	0.10192	0.00470	0.00265	0.00645
29	0.00735	0.00490	0.00552	0.00552	0.00552	0.00490	0.00306	0.00735	0.00735	0.00980	0.01593	0.03309	0.01838	0.82229	0.02574	0.00490	0.00490	0.00735	0.00306	0.00306
30	0.01181	0.10793	0.05287	0.24851	0.02107	0.01260	0.08433	0.01915	0.29717	0.04540	0.03858	0.01564	0.01154	0.00576	0.00498	0.00161	0.00554	0.00501	0.00359	0.00689
31	0.01468	0.01144	0.01326	0.01100	0.01416	0.04256	0.06581	0.19987	0.34836	0.10028	0.06635	0.05934	0.01558	0.00704	0.00528	0.00165	0.00478	0.00597	0.00495	0.00762
32	0.01339	0.01326	0.05358	0.16852	0.07713	0.17027	0.05988	0.08584	0.06675	0.07499	0.03091	0.10880	0.02638	0.00738	0.01904	0.00172	0.00633	0.00583	0.00353	0.00645
33	0.01294	0.00820	0.00990	0.00923	0.03536	0.02812	0.00669	0.09269	0.17744	0.13505	0.04572	0.06564	0.01375	0.01123	0.01065	0.31778	0.00442	0.00557	0.00405	0.00558

[dist]
# distance from previous block
# <min> <max>
3	19

[block]
# block no. 1 follows, 49 sequences, length 33
# corresponding to MSA columns:
# 181-213
name=unknown_B
#
# <colnr> <probs for GDERKNQSTAVLIFYWHMCP>
#	G	D	E	R	K	N	Q	S	T	A	V	L	I	F	Y	W	H	M	C	P
0	0.01253	0.03077	0.09361	0.15731	0.07238	0.02902	0.16247	0.16005	0.03349	0.03049	0.01122	0.04776	0.00916	0.00790	0.05607	0.00207	0.06863	0.00518	0.00313	0.00676
1	0.01194	0.01219	0.01457	0.01267	0.01318	0.10650	0.01034	0.04607	0.00937	0.01312	0.00873	0.07590	0.00887	0.00887	0.01387	0.00206	0.61851	0.00510	0.00258	0.00559
2	0.00906	0.00734	0.00937	0.00873	0.00961	0.00874	0.00659	0.02900	0.13560	0.01331	0.01437	0.03624	0.01390	0.24057	0.28866	0.00489	0.14987	0.00597	0.00321	0.00496
3	0.02489	0.01294	0.01436	0.28362	0.02110	0.20361	0.04455	0.01538	0.06905	0.01412	0.07205	0.01451	0.01084	0.00734	0.03345	0.00189	0.14293	0.00472	0.00286	0.00579
4	0.00771	0.00574	0.00716	0.00754	0.00838	0.00585	0.00535	0.06988	0.04173	0.01452	0.02547	0.52494	0.08161	0.05914	0.09516	0.00279	0.01652	0.01146	0.00440	0.00465
5	0.00799	0.00526	0.00607	0.00601	0.00634	0.00526	0.00364	0.00886	0.04242	0.03707	0.05046	0.09731	0.02057	0.65723	0.02169	0.00427	0.00457	0.00787	0.00351	0.00363
6	0.01086	0.00921	0.01069	0.00767	0.01214	0.00713	0.00615	0.04545	0.01106	0.01714	0.00912	0.01056	0.00754	0.00384	0.00380	0.00078	0.00382	0.00306	0.00308	0.81689
7	0.01081	0.01048	0.01648	0.44950	0.26318	0.04097	0.01377	0.01372	0.01049	0.01394	0.00957	0.04091	0.00804	0.00557	0.00600	0.00167	0.07136	0.00479	0.00242	0.00630
8	0.05729	0.01078	0.01257	0.00975	0.01354	0.01087	0.00800	0.32560	0.03455	0.34490	0.05872	0.01555	0.01236	0.00621	0.00496	0.00150	0.00465	0.00488	0.00538	0.05796
9	0.00630	0.00473	0.00584	0.00665	0.00740	0.00431	0.00470	0.00738	0.01030	0.01322	0.03399	0.52483	0.24275	0.03397	0.00682	0.00205	0.00302	0.07292	0.00465	0.00417
10	0.44456	0.00944	0.01035	0.00855	0.01173	0.01000	0.06769	0.06853	0.01116	0.12871	0.03840	0.04887	0.04052	0.00737	0.03887	0.00185	0.00472	0.00461	0.00384	0.04022
11	0.01110	0.01630	0.23535	0.01770	0.02284	0.01215	0.44677	0.01534	0.01111	0.01571	0.01023	0.04245	0.00820	0.00519	0.00644	0.00169	0.07258	0.00543	0.00251	0.04089
12	0.00640	0.00503	0.00585	0.00611	0.00734	0.00438	0.00438	0.00772	0.01116	0.01437	0.13698	0.33349	0.37530	0.01322	0.00606	0.00178	0.00273	0.01152	0.00473	0.04147
13	0.00858	0.00561	0.00681	0.00675	0.00813	0.00514	0.00496	0.03943	0.01197	0.09500	0.15533	0.29766	0.25274	0.04732	0.00689	0.00194	0.00312	0.03282	0.00494	0.00487
14	0.03249	0.01501	0.15603	0.04383	0.05678	0.02574	0.26034	0.11745	0.11186	0.04158	0.01140	0.01322	0.00854	0.00545	0.00627	0.00168	0.07691	0.00496	0.00323	0.00723
15	0.01278	0.01162	0.05006	0.12251	0.27248	0.01231	0.04619	0.07405	0.03836	0.07875	0.01052	0.01354	0.00849	0.02596	0.02726	0.00194	0.17848	0.00470	0.00300	0.00699
16	0.00999	0.00655	0.00849	0.00796	0.00906	0.00715	0.00587	0.01241	0.08699	0.11309	0.01646	0.08707	0.01587	0.26214	0.26557	0.00475	0.06531	0.00664	0.00364	0.00500
17	0.13577	0.05515	0.03508	0.08414	0.03311	0.16224	0.03477	0.13131	0.01307	0.09361	0.00972	0.01118	0.00745	0.00555	0.00584	0.00151	0.09854	0.00388	0.00332	0.07477
18	0.00807	0.00637	0.00743	0.00715	0.00869	0.00639	0.00535	0.01280	0.18966	0.01835	0.38262	0.14130	0.16485	0.01071	0.00584	0.00170	0.00286	0.00933	0.00520	0.00534
19	0.01212	0.10750	0.05103	0.24298	0.14923	0.01279	0.18725	0.06837	0.03876	0.03662	0.01058	0.03197	0.00841	0.00512	0.00505	0.00157	0.00652	0.00489	0.01245	0.00678
20	0.01119	0.02434	0.68697	0.01436	0.02139	0.01202	0.04810	0.07718	0.01186	0.03258	0.00958	0.01104	0.00675	0.00491	0.00488	0.00160	0.00730	0.00392	0.00247	0.00756
21	0.00786	0.00498	0.00662	0.00731	0.00802	0.00467	0.00519	0.00899	0.01031	0.07612	0.05946	0.56849	0.03068	0.07865	0.00792	0.00225	0.00338	0.09988	0.00472	0.00448
22	0.01092	0.01409	0.16763	0.01380	0.01544	0.01466	0.04085	0.01307	0.00847	0.01307	0.00724	0.01108	0.00663	0.00789	0.01391	0.00208	0.62666	0.00435	0.00221	0.00596
23	0.00630	0.00454	0.00582	0.00672	0.00714	0.00422	0.00448	0.00720	0.00983	0.01302	0.06226	0.65237	0.09415	0.08668	0.00810	0.00226	0.00305	0.01322	0.00459	0.00406
24	0.05292	0.01165	0.01408	0.19479	0.01907	0.01338	0.01018	0.34444	0.11994	0.08406	0.01250	0.01349	0.00910	0.00612	0.00591	0.00164	0.07043	0.00465	0.00420	0.00745
25	0.00674	0.00469	0.00574	0.00634	0.00658	0.00452	0.00402	0.00728	0.00876	0.01160	0.02340	0.41612	0.05612	0.37746	0.01510	0.00333	0.00385	0.03072	0.00396	0.00366
26	0.02788	0.01217	0.01198	0.01055	0.01354	0.07486	0.00825	0.10220	0.61323	0.03983	0.01848	0.01720	0.01381	0.00660	0.00506	0.00166	0.00457	0.00534	0.00493	0.00787
27	0.03019	0.01178	0.06401	0.07901	0.03799	0.01079	0.36527	0.04910	0.04119	0.10611	0.01374	0.10644	0.01155	0.00755	0.03986	0.00198	0.00696	0.00639	0.00341	0.00668
28	0.83579	0.00990	0.00764	0.00678	0.00994	0.01146	0.00559	0.03497	0.00901	0.02293	0.00718	0.00832	0.00556	0.00473	0.00318	0.00156	0.00396	0.00279	0.00318	0.00556
29	0.00837	0.00717	0.01150	0.34110	0.04688	0.00799	0.04586	0.01041	0.00975	0.01278	0.01697	0.22569	0.04644	0.09277	0.03871	0.03402	0.00558	0.02997	0.00317	0.00486
30	0.00878	0.00439	0.00659	0.00659	0.00659	0.00439	0.00439	0.00659	0.00659	0.00878	0.00878	0.01537	0.00878	0.01757	0.01976	0.85288	0.00439	0.00439	0.00220	0.00220
31	0.01223	0.23131	0.01887	0.42561	0.02545	0.13942	0.05238	0.01485	0.01092	0.01273	0.00834	0.01135	0.00669	0.00484	0.00454	0.00146	0.00686	0.00389	0.00230	0.00596
32	0.01184	0.00898	0.06019	0.00993	0.01216	0.00892	0.03077	0.03559	0.09466	0.16583	0.01445	0.01739	0.01168	0.02153	0.38648	0.00478	0.08985	0.00517	0.00364	0.00616

[dist]
# distance from previous block
# <min> <max>
0	1

[block]
# block no. 2 follows, 49 sequences, length 6
# corresponding to MSA columns:
# 215-220
name=unknown_C
#
# <colnr> <probs for GDERKNQSTAVLIFYWHMCP>
#	G	D	E	R	K	N	Q	S	T	A	V	L	I	F	Y	W	H	M	C	P
0	0.03369	0.01231	0.04655	0.12885	0.16030	0.04821	0.06952	0.21938	0.04037	0.03973	0.01230	0.03705	0.02784	0.00775	0.04439	0.02140	0.03489	0.00503	0.00346	0.00698
1	0.00878	0.00439	0.00659	0.00659	0.00659	0.00439	0.00439	0.00659	0.00659	0.00878	0.00878	0.01537	0.00878	0.01757	0.01976	0.85288	0.00439	0.00439	0.00220	0.00220
2	0.77833	0.01020	0.00817	0.00712	0.01034	0.01176	0.00587	0.08697	0.01005	0.02356	0.00753	0.00859	0.00577	0.00482	0.00331	0.00156	0.00407	0.00291	0.00331	0.00577
3	0.14754	0.00915	0.03253	0.00977	0.01258	0.00905	0.09465	0.08452	0.03141	0.08711	0.01213	0.01565	0.01009	0.05880	0.24294	0.03714	0.00764	0.00473	0.00338	0.08922
4	0.01009	0.00897	0.01087	0.15455	0.01535	0.04006	0.00740	0.01212	0.01005	0.01450	0.01062	0.05349	0.00988	0.10414	0.00732	0.00157	0.03642	0.00442	0.00290	0.48529
5	0.00923	0.14323	0.04859	0.00750	0.01008	0.00833	0.00623	0.03259	0.01059	0.01448	0.08321	0.15982	0.08466	0.12320	0.03943	0.00212	0.00444	0.00690	0.00354	0.20184

[dist]
# distance from previous block
# <min> <max>
2	33

[block]
# block no. 3 follows, 49 sequences, length 15
# corresponding to MSA columns:
# 254-259,265-273
name=unknown_D
#
# <colnr> <probs for GDERKNQSTAVLIFYWHMCP>
#	G	D	E	R	K	N	Q	S	T	A	V	L	I	F	Y	W	H	M	C	P
0	0.21455	0.00973	0.01234	0.01263	0.15816	0.00967	0.00850	0.07707	0.01325	0.36162	0.06207	0.01512	0.01191	0.00580	0.00467	0.00155	0.00451	0.00464	0.00469	0.00752
1	0.29372	0.00969	0.00976	0.00767	0.01151	0.02898	0.00619	0.01573	0.04904	0.10915	0.01017	0.01090	0.00778	0.00455	0.00379	0.00118	0.00402	0.00330	0.00352	0.40938
2	0.01280	0.01009	0.01129	0.00901	0.01262	0.00988	0.00717	0.14190	0.25230	0.05311	0.07783	0.01589	0.01366	0.00574	0.00463	0.00128	0.00403	0.00469	0.00435	0.34774
3	0.85801	0.00978	0.00743	0.00665	0.00978	0.01134	0.00548	0.01486	0.00861	0.02269	0.00704	0.00821	0.00548	0.00469	0.00313	0.00156	0.00391	0.00274	0.00313	0.00548
4	0.01633	0.00732	0.00973	0.00796	0.01080	0.00651	0.00638	0.01874	0.03395	0.47241	0.29595	0.02562	0.05003	0.00794	0.00543	0.00158	0.00355	0.00673	0.00593	0.00708
5	0.01006	0.02408	0.70008	0.01432	0.02125	0.01137	0.06309	0.01562	0.01098	0.01630	0.05845	0.01257	0.00910	0.00512	0.00495	0.00161	0.00721	0.00421	0.00238	0.00726
6	0.00640	0.00464	0.00607	0.00697	0.00753	0.00431	0.00487	0.00759	0.01051	0.01399	0.12016	0.61619	0.09196	0.01483	0.00640	0.00199	0.00296	0.06360	0.00480	0.00424
7	0.00940	0.05694	0.00821	0.00690	0.00747	0.00604	0.00488	0.04713	0.00797	0.01049	0.01089	0.01713	0.03650	0.06688	0.03762	0.65062	0.00472	0.00472	0.00250	0.00299
8	0.01841	0.00814	0.01070	0.00855	0.01177	0.00740	0.00692	0.05677	0.04616	0.54186	0.20281	0.02194	0.02084	0.00725	0.00530	0.00157	0.00389	0.00605	0.00599	0.00767
9	0.00922	0.02497	0.00890	0.03149	0.00929	0.00621	0.04171	0.00979	0.08555	0.01188	0.09350	0.03461	0.01395	0.01437	0.01507	0.57336	0.00440	0.00528	0.00292	0.00351
10	0.00716	0.00494	0.00568	0.00576	0.00607	0.00481	0.00353	0.00759	0.00856	0.01133	0.07878	0.08458	0.09558	0.60706	0.02054	0.00409	0.00436	0.03258	0.00356	0.00342
11	0.06195	0.20507	0.11159	0.01545	0.13114	0.03906	0.15459	0.05428	0.01145	0.04017	0.01022	0.06218	0.00888	0.00567	0.00559	0.00154	0.06684	0.00476	0.00280	0.00676
12	0.08541	0.11694	0.03032	0.05017	0.07259	0.03119	0.00853	0.07020	0.06150	0.23235	0.07011	0.03725	0.01277	0.00605	0.00487	0.00146	0.02043	0.00480	0.00420	0.07887
13	0.13599	0.17609	0.04698	0.02509	0.01369	0.05409	0.02800	0.09239	0.07487	0.06863	0.04714	0.01238	0.00983	0.00551	0.00513	0.00140	0.06585	0.00396	0.00342	0.12954
14	0.01242	0.10447	0.01245	0.00926	0.01181	0.08718	0.03325	0.04227	0.16091	0.10311	0.18686	0.09414	0.04845	0.00818	0.00542	0.00158	0.01735	0.03020	0.00451	0.02618

[dist]
# distance from previous block
# <min> <max>
0	17

[block]
# block no. 4 follows, 49 sequences, length 27
# corresponding to MSA columns:
# 291-317
name=unknown_E
#
# <colnr> <probs for GDERKNQSTAVLIFYWHMCP>
#	G	D	E	R	K	N	Q	S	T	A	V	L	I	F	Y	W	H	M	C	P
0	0.06351	0.15306	0.15253	0.01204	0.03361	0.13996	0.06505	0.09568	0.05405	0.09366	0.03779	0.02498	0.02276	0.00570	0.00492	0.00148	0.02453	0.00440	0.00338	0.00691
1	0.01025	0.00633	0.00831	0.00828	0.05743	0.00577	0.00583	0.02559	0.01353	0.15931	0.40054	0.07934	0.17958	0.00995	0.00576	0.00163	0.00308	0.00863	0.00527	0.00560
2	0.01283	0.53799	0.10413	0.06020	0.04135	0.05300	0.01002	0.03259	0.02482	0.01310	0.00840	0.01063	0.00745	0.04517	0.01860	0.00153	0.00599	0.00338	0.00237	0.00644
3	0.07073	0.07685	0.17753	0.10233	0.10007	0.01191	0.05325	0.06886	0.05944	0.12498	0.01293	0.01488	0.03258	0.00583	0.00544	0.00161	0.04608	0.02424	0.00339	0.00708
4	0.06736	0.01375	0.05087	0.12564	0.12553	0.11923	0.07754	0.15201	0.06729	0.07479	0.01121	0.02513	0.00864	0.00568	0.00563	0.00160	0.05304	0.00460	0.00344	0.00704
5	0.00878	0.00439	0.00659	0.00659	0.00659	0.00439	0.00439	0.00659	0.00659	0.00878	0.00878	0.01537	0.00878	0.01757	0.01976	0.85288	0.00439	0.00439	0.00220	0.00220
6	0.01206	0.01126	0.03649	0.05049	0.38082	0.04883	0.05206	0.07861	0.01237	0.04454	0.01588	0.11129	0.07557	0.03984	0.00613	0.00174	0.00557	0.00631	0.00331	0.00684
7	0.25691	0.06837	0.10324	0.01280	0.12056	0.10438	0.03706	0.01682	0.07967	0.06266	0.01263	0.02770	0.04208	0.00581	0.00445	0.00155	0.00547	0.02802	0.00328	0.00652
8	0.00621	0.00442	0.00585	0.00697	0.00725	0.00414	0.00462	0.00705	0.00958	0.01277	0.02734	0.78404	0.03278	0.05170	0.00731	0.00218	0.00302	0.01406	0.00462	0.00406
9	0.01295	0.00966	0.01095	0.05207	0.01332	0.01069	0.00771	0.08735	0.44620	0.09797	0.11317	0.04489	0.02942	0.00739	0.00523	0.00166	0.00401	0.00621	0.03182	0.00732
10	0.04339	0.01943	0.01536	0.01376	0.04175	0.49693	0.04657	0.08251	0.01350	0.01465	0.00811	0.01005	0.00679	0.00589	0.00691	0.00153	0.16024	0.00374	0.00275	0.00614
11	0.01758	0.00905	0.01115	0.00900	0.01226	0.00883	0.00727	0.13077	0.12724	0.41642	0.14986	0.02115	0.04184	0.00721	0.00527	0.00159	0.00407	0.00596	0.00576	0.00774
12	0.00624	0.00443	0.00584	0.00694	0.00722	0.00416	0.00459	0.00706	0.00953	0.01271	0.02710	0.76841	0.03248	0.06775	0.00770	0.00224	0.00306	0.01392	0.00459	0.00404
13	0.01986	0.01314	0.01454	0.01115	0.01517	0.01417	0.00921	0.63649	0.02207	0.17167	0.01357	0.01307	0.00932	0.00610	0.00506	0.00153	0.00533	0.00465	0.00528	0.00860
14	0.85801	0.00978	0.00743	0.00665	0.00978	0.01134	0.00548	0.01486	0.00861	0.02269	0.00704	0.00821	0.00548	0.00469	0.00313	0.00156	0.00391	0.00274	0.00313	0.00548
15	0.00667	0.00504	0.00664	0.00723	0.00794	0.00477	0.02244	0.00833	0.04446	0.01379	0.07795	0.61240	0.10653	0.04181	0.00696	0.00206	0.00311	0.01286	0.00467	0.00437
16	0.00792	0.00539	0.00611	0.00602	0.00629	0.00545	0.00361	0.05172	0.00854	0.01139	0.01690	0.11013	0.01932	0.69471	0.02262	0.00442	0.00474	0.00789	0.00334	0.00349
17	0.00943	0.00471	0.00471	0.00471	0.00589	0.00471	0.00353	0.01178	0.01060	0.01885	0.01650	0.01885	0.01296	0.00589	0.00353	0.00118	0.00236	0.00471	0.85036	0.00471
18	0.02177	0.00921	0.01200	0.00930	0.01315	0.00844	0.00765	0.08695	0.06315	0.68271	0.01934	0.01689	0.01237	0.00628	0.00509	0.00157	0.00439	0.00508	0.00609	0.00857
19	0.01922	0.01416	0.01518	0.01163	0.01568	0.01568	0.00961	0.77388	0.02378	0.03187	0.01214	0.01214	0.00860	0.00607	0.00506	0.00152	0.00556	0.00455	0.00506	0.00860
20	0.00621	0.00450	0.00581	0.00679	0.00723	0.00416	0.00456	0.00713	0.00988	0.01304	0.04697	0.70124	0.10489	0.04304	0.00706	0.00211	0.00295	0.01366	0.00466	0.00410
21	0.06330	0.07248	0.01480	0.01229	0.01516	0.64065	0.00946	0.08705	0.01462	0.01464	0.00811	0.00928	0.00664	0.00521	0.00445	0.00132	0.00829	0.00331	0.00283	0.00613
22	0.00888	0.00569	0.00673	0.02938	0.00755	0.00574	0.00417	0.04941	0.00899	0.06037	0.01700	0.11088	0.01870	0.62174	0.02078	0.00413	0.00475	0.00770	0.00351	0.00389
23	0.00633	0.00497	0.00574	0.00605	0.00727	0.00439	0.00445	0.00773	0.01148	0.01458	0.15977	0.25289	0.43002	0.01329	0.00616	0.00181	0.00274	0.05117	0.00483	0.00433
24	0.01355	0.50840	0.15654	0.01152	0.05991	0.09682	0.01090	0.03807	0.03763	0.01381	0.00822	0.00939	0.00693	0.00465	0.00387	0.00125	0.00613	0.00320	0.00241	0.00680
25	0.03601	0.11594	0.15026	0.01178	0.03892	0.06402	0.02241	0.25012	0.03721	0.07221	0.02258	0.04990	0.00975	0.00602	0.00524	0.00149	0.04162	0.00458	0.00370	0.05626
26	0.01387	0.01246	0.07223	0.06122	0.01620	0.01252	0.05013	0.19569	0.33644	0.05610	0.01521	0.01558	0.01140	0.02484	0.00591	0.00169	0.03242	0.00504	0.00436	0.05667

[dist]
# distance from previous block
# <min> <max>
1	2

[block]
# block no. 5 follows, 49 sequences, length 10
# corresponding to MSA columns:
# 320,322-330
name=unknown_F
#
# <colnr> <probs for GDERKNQSTAVLIFYWHMCP>
#	G	D	E	R	K	N	Q	S	T	A	V	L	I	F	Y	W	H	M	C	P
0	0.01172	0.00940	0.01045	0.00929	0.01162	0.01056	0.00719	0.13088	0.40473	0.02050	0.12250	0.02172	0.01870	0.07715	0.10792	0.00274	0.00529	0.00611	0.00471	0.00681
1	0.12723	0.00879	0.00938	0.00818	0.01075	0.00932	0.00646	0.13687	0.18504	0.08764	0.15648	0.02582	0.14706	0.03363	0.00582	0.00174	0.00379	0.02475	0.00488	0.00639
2	0.01414	0.03517	0.16588	0.09534	0.04469	0.01159	0.06457	0.19180	0.07176	0.13337	0.01360	0.01529	0.02375	0.04416	0.05048	0.00210	0.00633	0.00489	0.00382	0.00727
3	0.12580	0.00910	0.01007	0.00738	0.01168	0.00737	0.00592	0.01302	0.01023	0.01732	0.00872	0.01018	0.00722	0.00387	0.00366	0.00086	0.00377	0.00296	0.00301	0.73786
4	0.01077	0.05043	0.09938	0.15141	0.08502	0.02465	0.04702	0.03211	0.09677	0.02661	0.11697	0.03918	0.03037	0.02847	0.00758	0.00179	0.13633	0.00561	0.00330	0.00624
5	0.01053	0.00721	0.00963	0.04476	0.01092	0.00814	0.00703	0.01302	0.11431	0.09233	0.04190	0.09839	0.01604	0.08258	0.05766	0.17571	0.13336	0.06779	0.00367	0.00500
6	0.12337	0.01104	0.01256	0.11880	0.01624	0.01224	0.00884	0.31086	0.13750	0.12194	0.01441	0.06587	0.01114	0.00654	0.00492	0.00162	0.00494	0.00520	0.00457	0.00741
7	0.00702	0.00487	0.00591	0.00614	0.00643	0.00485	0.00387	0.00758	0.00848	0.01140	0.06273	0.19798	0.05365	0.49337	0.10023	0.00432	0.00515	0.00886	0.00358	0.00358
8	0.03506	0.03405	0.05161	0.20886	0.23783	0.01225	0.20993	0.06218	0.03233	0.05161	0.01034	0.01308	0.00788	0.00482	0.00517	0.00160	0.00666	0.00482	0.00284	0.00707
9	0.01206	0.12133	0.05701	0.03925	0.01373	0.00988	0.00776	0.09931	0.01206	0.04786	0.01060	0.05722	0.00908	0.00499	0.00414	0.00107	0.00447	0.00397	0.00326	0.48092

[dist]
# distance from previous block
# <min> <max>
1	12

[block]
# block no. 6 follows, 49 sequences, length 37
# corresponding to MSA columns:
# 345-381
name=unknown_G
#
# <colnr> <probs for GDERKNQSTAVLIFYWHMCP>
#	G	D	E	R	K	N	Q	S	T	A	V	L	I	F	Y	W	H	M	C	P
0	0.06583	0.02759	0.07460	0.01281	0.07085	0.15123	0.02508	0.20353	0.04252	0.08669	0.01089	0.02407	0.00844	0.00586	0.00598	0.00151	0.09326	0.00424	0.00362	0.08140
1	0.13796	0.02582	0.01090	0.04955	0.04369	0.01002	0.00762	0.18798	0.06151	0.05982	0.04607	0.18862	0.01630	0.01045	0.06036	0.00212	0.01697	0.02867	0.00420	0.03138
2	0.01034	0.01080	0.06094	0.11117	0.03106	0.07606	0.04586	0.04462	0.00999	0.01334	0.01282	0.07788	0.03452	0.13424	0.10858	0.00307	0.20071	0.00587	0.00284	0.00529
3	0.00679	0.00516	0.00718	0.03886	0.00914	0.00498	0.02655	0.00849	0.03374	0.01433	0.13657	0.61398	0.04705	0.01398	0.00627	0.00195	0.00318	0.01267	0.00468	0.00446
4	0.00863	0.00765	0.01243	0.56063	0.02649	0.00913	0.01136	0.01132	0.01011	0.01306	0.01479	0.21399	0.01476	0.00829	0.00553	0.00182	0.00567	0.05618	0.00301	0.00518
5	0.00847	0.00724	0.01073	0.09867	0.01291	0.00918	0.00832	0.01023	0.00823	0.01194	0.01133	0.01719	0.01057	0.04344	0.49663	0.00583	0.21658	0.00510	0.00254	0.00487
6	0.30346	0.00969	0.01071	0.00853	0.01220	0.00977	0.00704	0.11451	0.01365	0.43972	0.01463	0.01355	0.00966	0.00571	0.00442	0.00156	0.00433	0.00423	0.00506	0.00755
7	0.04895	0.01046	0.01213	0.01016	0.01309	0.03282	0.05470	0.18097	0.26354	0.09902	0.12658	0.07500	0.03509	0.00758	0.00530	0.00165	0.00445	0.00642	0.00494	0.00715
8	0.00616	0.00440	0.00587	0.00704	0.00733	0.00411	0.00469	0.00704	0.00968	0.01291	0.02787	0.81899	0.03344	0.01584	0.00645	0.00205	0.00293	0.01438	0.00469	0.00411
9	0.01091	0.00926	0.01071	0.00774	0.01217	0.00728	0.00620	0.04479	0.03314	0.01725	0.00945	0.01079	0.00776	0.00393	0.00384	0.00081	0.00383	0.00314	0.00314	0.79385
10	0.10165	0.01037	0.01441	0.52313	0.05446	0.04767	0.01230	0.05323	0.03395	0.01523	0.00905	0.01256	0.00699	0.00545	0.00587	0.00169	0.07919	0.00428	0.00260	0.00592
11	0.01014	0.02616	0.79609	0.01441	0.02189	0.01174	0.01868	0.01601	0.01068	0.01601	0.00907	0.01068	0.00641	0.00480	0.00480	0.00160	0.00747	0.00374	0.00214	0.00747
12	0.03795	0.00878	0.00925	0.02526	0.01088	0.08318	0.00633	0.01516	0.06392	0.19298	0.21012	0.02745	0.19045	0.00844	0.00558	0.00155	0.02389	0.00691	0.00481	0.06713
13	0.00697	0.00509	0.00655	0.00634	0.00748	0.00467	0.00469	0.00912	0.01363	0.01903	0.65505	0.11935	0.10097	0.01109	0.00602	0.00165	0.00246	0.00980	0.00541	0.00467
14	0.00943	0.00471	0.00471	0.00471	0.00589	0.00471	0.00353	0.01178	0.01060	0.01885	0.01650	0.01885	0.01296	0.00589	0.00353	0.00118	0.00236	0.00471	0.85036	0.00471
15	0.01299	0.01107	0.01167	0.01037	0.01331	0.01277	0.00810	0.07304	0.73477	0.02182	0.02006	0.01845	0.01501	0.00681	0.00514	0.00170	0.00410	0.00565	0.00514	0.00804
16	0.01014	0.02616	0.79609	0.01441	0.02189	0.01174	0.01868	0.01601	0.01068	0.01601	0.00907	0.01068	0.00641	0.00480	0.00480	0.00160	0.00747	0.00374	0.00214	0.00747
17	0.01889	0.02410	0.01433	0.01303	0.01563	0.80199	0.00977	0.02019	0.01433	0.01238	0.00782	0.00912	0.00651	0.00521	0.00456	0.00130	0.00912	0.00326	0.00261	0.00586
18	0.00616	0.00440	0.00587	0.00704	0.00733	0.00411	0.00469	0.00704	0.00968	0.01291	0.02787	0.81899	0.03344	0.01584	0.00645	0.00205	0.00293	0.01438	0.00469	0.00411
19	0.01258	0.01086	0.01143	0.01029	0.01315	0.01258	0.00800	0.02687	0.78161	0.02115	0.02058	0.01887	0.01544	0.00686	0.00515	0.00172	0.00400	0.00572	0.00515	0.00800
20	0.01049	0.00899	0.01049	0.00749	0.01198	0.00674	0.00599	0.01273	0.01049	0.01648	0.00899	0.01049	0.00749	0.00374	0.00374	0.00075	0.00374	0.00300	0.00300	0.85320
21	0.00827	0.00458	0.00620	0.00620	0.00620	0.00458	0.00392	0.00686	0.00686	0.00915	0.01135	0.02173	0.01223	0.30641	0.02191	0.54850	0.00458	0.00545	0.00251	0.00251
22	0.00963	0.00803	0.01226	0.03665	0.30675	0.00800	0.00944	0.01232	0.05841	0.03810	0.02073	0.35209	0.05532	0.01020	0.00575	0.00179	0.00436	0.04027	0.00387	0.00603
23	0.01240	0.01190	0.02032	0.06156	0.76113	0.01198	0.01546	0.01542	0.01146	0.01638	0.00949	0.01255	0.00796	0.00453	0.00501	0.00151	0.00604	0.00451	0.00249	0.00792
24	0.00623	0.00446	0.00601	0.00711	0.00744	0.00424	0.00479	0.00716	0.00959	0.01284	0.02699	0.76960	0.03216	0.01721	0.05564	0.00243	0.00359	0.01382	0.00457	0.00413
25	0.00616	0.00440	0.00587	0.00704	0.00733	0.00411	0.00469	0.00704	0.00968	0.01291	0.02787	0.81899	0.03344	0.01584	0.00645	0.00205	0.00293	0.01438	0.00469	0.00411
26	0.01049	0.00899	0.01049	0.00749	0.01198	0.00674	0.00599	0.01273	0.01049	0.01648	0.00899	0.01049	0.00749	0.00374	0.00374	0.00075	0.00374	0.00300	0.00300	0.85320
27	0.00965	0.00516	0.00520	0.00512	0.00642	0.00528	0.00386	0.01287	0.06624	0.01902	0.01679	0.01885	0.01314	0.00596	0.00365	0.00122	0.00248	0.00479	0.78937	0.00495
28	0.18701	0.10453	0.06896	0.19769	0.24065	0.02969	0.01196	0.07395	0.01141	0.01752	0.00874	0.01112	0.00693	0.00481	0.00441	0.00151	0.00580	0.00386	0.00271	0.00673
29	0.20820	0.14613	0.01471	0.00968	0.01343	0.01445	0.00821	0.37355	0.04621	0.08167	0.01108	0.01141	0.00820	0.00632	0.02439	0.00163	0.00521	0.00394	0.00418	0.00742
30	0.01243	0.01148	0.03299	0.07845	0.50681	0.01148	0.06229	0.05149	0.02404	0.04620	0.01099	0.03405	0.00942	0.05566	0.00672	0.00178	0.02847	0.00505	0.00287	0.00734
31	0.01875	0.02683	0.03597	0.05246	0.03085	0.00983	0.00853	0.15479	0.02971	0.45421	0.01632	0.01662	0.01137	0.06844	0.00709	0.00184	0.03848	0.00502	0.00511	0.00779
32	0.85801	0.00978	0.00743	0.00665	0.00978	0.01134	0.00548	0.01486	0.00861	0.02269	0.00704	0.00821	0.00548	0.00469	0.00313	0.00156	0.00391	0.00274	0.00313	0.00548
33	0.00642	0.00479	0.00597	0.00661	0.00738	0.00432	0.00454	0.00750	0.01027	0.01357	0.08224	0.56531	0.16716	0.04530	0.00696	0.00202	0.00294	0.01262	0.00462	0.03945
34	0.09538	0.01073	0.01242	0.00975	0.01349	0.01094	0.00800	0.29817	0.05189	0.38728	0.01619	0.03841	0.01120	0.00636	0.00494	0.00157	0.00468	0.00498	0.00544	0.00816
35	0.01644	0.01221	0.04654	0.03037	0.01472	0.01252	0.00908	0.42297	0.12755	0.11783	0.09298	0.01790	0.01459	0.00685	0.00523	0.00160	0.00495	0.03275	0.00506	0.00786
36	0.00616	0.00440	0.00587	0.00704	0.00733	0.00411	0.00469	0.00704	0.00968	0.01291	0.02787	0.81899	0.03344	0.01584	0.00645	0.00205	0.00293	0.01438	0.00469	0.00411

[dist]
# distance from previous block
# <min> <max>
0	1

[block]
# block no. 7 follows, 49 sequences, length 17
# corresponding to MSA columns:
# 383-385,387-391,393-401
name=unknown_H
#
# <colnr> <probs for GDERKNQSTAVLIFYWHMCP>
#	G	D	E	R	K	N	Q	S	T	A	V	L	I	F	Y	W	H	M	C	P
0	0.00672	0.00490	0.00668	0.05401	0.00919	0.00482	0.00555	0.00786	0.00976	0.01293	0.02560	0.60423	0.03002	0.08444	0.00810	0.00231	0.00355	0.11073	0.00441	0.00418
1	0.01402	0.24669	0.01791	0.06072	0.08368	0.27616	0.01001	0.01571	0.01137	0.01279	0.02713	0.01163	0.02326	0.00723	0.04387	0.00175	0.12367	0.00384	0.00251	0.00605
2	0.17346	0.00999	0.01212	0.18571	0.01752	0.01041	0.00869	0.15585	0.01347	0.21132	0.01190	0.01268	0.00839	0.00526	0.00449	0.00145	0.00491	0.00408	0.00404	0.14425
3	0.10562	0.05833	0.06611	0.04506	0.03757	0.01114	0.00896	0.06000	0.04577	0.04540	0.01144	0.08508	0.01042	0.00682	0.00703	0.00156	0.17421	0.02301	0.00323	0.19324
4	0.01451	0.01257	0.01618	0.10145	0.17695	0.07268	0.05503	0.24480	0.05980	0.04670	0.01156	0.01415	0.00914	0.00777	0.05228	0.00200	0.07024	0.02139	0.00358	0.00725
5	0.00637	0.00478	0.00593	0.00650	0.00735	0.00433	0.00460	0.00770	0.01112	0.01463	0.18431	0.44789	0.22520	0.01393	0.00625	0.00188	0.00278	0.03527	0.00487	0.00430
6	0.00793	0.00618	0.00864	0.00803	0.00857	0.00700	0.03678	0.00890	0.00787	0.01105	0.01373	0.02488	0.01447	0.40774	0.30553	0.00562	0.10399	0.00625	0.00281	0.00404
7	0.06361	0.22634	0.01814	0.07191	0.12047	0.21657	0.01046	0.05613	0.02794	0.01464	0.00821	0.01023	0.00698	0.00545	0.00600	0.00147	0.12280	0.00363	0.00261	0.00642
8	0.13696	0.01081	0.01196	0.00964	0.01319	0.01146	0.00785	0.25394	0.16887	0.27050	0.04216	0.01541	0.01210	0.00624	0.00484	0.00158	0.00451	0.00485	0.00520	0.00791
9	0.01457	0.03333	0.05946	0.05989	0.04685	0.21713	0.03501	0.20603	0.03689	0.03001	0.01172	0.04652	0.01023	0.10152	0.04544	0.00222	0.02839	0.00496	0.00342	0.00640
10	0.00753	0.00518	0.00758	0.00758	0.00822	0.00582	0.00564	0.00841	0.00776	0.01100	0.01290	0.02036	0.01250	0.11287	0.57905	0.16463	0.01098	0.00542	0.00265	0.00394
11	0.01144	0.01162	0.01638	0.01355	0.01472	0.06469	0.12222	0.03831	0.00996	0.01415	0.07462	0.04679	0.01143	0.00826	0.01255	0.00200	0.51344	0.00539	0.00277	0.00572
12	0.07945	0.01353	0.01426	0.01115	0.01501	0.01507	0.00916	0.64773	0.09478	0.03018	0.01257	0.01250	0.00902	0.00605	0.00493	0.00154	0.00530	0.00453	0.00493	0.00832
13	0.00821	0.00734	0.01275	0.01118	0.01319	0.00690	0.20939	0.01043	0.01107	0.01449	0.02612	0.29248	0.12992	0.01184	0.00640	0.00199	0.00483	0.21238	0.00412	0.00500
14	0.27948	0.01073	0.03111	0.08528	0.05184	0.01105	0.02487	0.14442	0.04846	0.24632	0.01267	0.01283	0.00880	0.00549	0.00448	0.00158	0.00485	0.00420	0.00430	0.00723
15	0.00650	0.00487	0.00604	0.00632	0.00730	0.00440	0.00452	0.00807	0.01193	0.01596	0.32933	0.33035	0.21998	0.01297	0.00615	0.00179	0.00263	0.01145	0.00503	0.00440
16	0.05009	0.22472	0.01788	0.04654	0.08193	0.01534	0.01032	0.01310	0.00899	0.01303	0.00835	0.05747	0.00823	0.00734	0.01037	0.00179	0.41168	0.00449	0.00241	0.00592

[dist]
# distance from previous block
# <min> <max>
5	17

[block]
# block no. 8 follows, 49 sequences, length 15
# corresponding to MSA columns:
# 419-433
name=unknown_I
#
# <colnr> <probs for GDERKNQSTAVLIFYWHMCP>
#	G	D	E	R	K	N	Q	S	T	A	V	L	I	F	Y	W	H	M	C	P
0	0.02408	0.00796	0.00969	0.00829	0.02175	0.00778	0.04888	0.12219	0.05825	0.04293	0.06427	0.05511	0.06646	0.02675	0.00514	0.00146	0.00377	0.02492	0.26596	0.13436
1	0.23091	0.02471	0.03025	0.00986	0.01286	0.01147	0.05412	0.20052	0.03831	0.10053	0.04179	0.04928	0.03622	0.03125	0.03813	0.00200	0.07209	0.00510	0.00402	0.00656
2	0.00691	0.00477	0.00636	0.00682	0.00748	0.00455	0.00485	0.00779	0.01026	0.01379	0.17453	0.36517	0.10941	0.01647	0.07433	0.13229	0.00396	0.04192	0.00432	0.00402
3	0.01085	0.02079	0.49840	0.05899	0.06402	0.05125	0.11088	0.01561	0.01128	0.02956	0.04299	0.01390	0.03825	0.00531	0.00506	0.00160	0.00712	0.00459	0.00255	0.00702
4	0.00648	0.00480	0.00610	0.00684	0.00762	0.00442	0.00493	0.00779	0.01086	0.01427	0.13192	0.48638	0.17710	0.01434	0.00636	0.00196	0.00298	0.09578	0.00480	0.00429
5	0.01136	0.13756	0.13324	0.17812	0.09142	0.01231	0.07880	0.04210	0.07396	0.03408	0.09998	0.01641	0.01300	0.00594	0.00535	0.00158	0.03183	0.02323	0.00313	0.00660
6	0.01195	0.01263	0.06570	0.01799	0.02247	0.01111	0.56479	0.01565	0.01177	0.08024	0.01337	0.12311	0.01151	0.00603	0.00590	0.00174	0.00736	0.00692	0.00313	0.00663
7	0.01298	0.01066	0.01194	0.07645	0.01480	0.01219	0.00849	0.13591	0.49669	0.03941	0.04281	0.01939	0.05784	0.00708	0.00553	0.00169	0.02802	0.00577	0.00482	0.00753
8	0.00772	0.00510	0.00640	0.00650	0.00752	0.00466	0.00460	0.00912	0.01151	0.06956	0.26721	0.31162	0.15578	0.09920	0.00819	0.00212	0.00301	0.01075	0.00490	0.00454
9	0.01541	0.15859	0.08150	0.01152	0.01551	0.08762	0.05259	0.22833	0.22057	0.05855	0.01311	0.01315	0.00981	0.00570	0.00475	0.00149	0.00571	0.00445	0.00402	0.00762
10	0.00832	0.00634	0.00829	0.00807	0.00946	0.00630	0.03053	0.04944	0.07917	0.01760	0.29229	0.20331	0.06569	0.04209	0.00689	0.00197	0.00353	0.15073	0.00492	0.00506
11	0.00709	0.00517	0.00666	0.00629	0.00751	0.00474	0.00472	0.00941	0.01415	0.01990	0.74558	0.03840	0.09045	0.01048	0.00596	0.00160	0.00240	0.00923	0.00552	0.00474
12	0.00842	0.00616	0.00792	0.00766	0.00867	0.00637	0.02387	0.03233	0.07397	0.03754	0.08572	0.23149	0.06632	0.22516	0.10870	0.00342	0.02877	0.02876	0.00407	0.00466
13	0.01334	0.54038	0.04679	0.04112	0.01591	0.04270	0.10099	0.05356	0.01108	0.01362	0.00780	0.00953	0.00676	0.00485	0.00492	0.00132	0.07297	0.00345	0.00238	0.00653
14	0.00975	0.00742	0.00916	0.03817	0.01119	0.00659	0.01899	0.03236	0.05612	0.06704	0.11407	0.12433	0.15964	0.00898	0.01849	0.00153	0.00375	0.02463	0.00421	0.28360

[dist]
# distance from previous block
# <min> <max>
3	41

[block]
# block no. 9 follows, 49 sequences, length 25
# corresponding to MSA columns:
# 476-500
name=unknown_J
#
# <colnr> <probs for GDERKNQSTAVLIFYWHMCP>
#	G	D	E	R	K	N	Q	S	T	A	V	L	I	F	Y	W	H	M	C	P
0	0.22866	0.02342	0.03589	0.06040	0.04294	0.01007	0.04978	0.12854	0.01303	0.15194	0.05649	0.06927	0.07131	0.00707	0.00485	0.00163	0.00465	0.02938	0.00419	0.00649
1	0.08702	0.03840	0.09009	0.03244	0.13067	0.15226	0.10079	0.06088	0.06077	0.08423	0.01113	0.01274	0.01797	0.00646	0.02897	0.00177	0.06894	0.00441	0.00318	0.00687
2	0.03203	0.01201	0.06324	0.09247	0.10065	0.03969	0.16626	0.05140	0.09051	0.09895	0.01268	0.05537	0.01011	0.00552	0.00503	0.00149	0.00581	0.00512	0.00346	0.14820
3	0.05737	0.35342	0.11723	0.06775	0.01608	0.11955	0.01040	0.09040	0.01195	0.01530	0.00810	0.00964	0.00671	0.00499	0.00473	0.00134	0.05391	0.00333	0.00260	0.04519
4	0.00849	0.00451	0.00647	0.00644	0.00652	0.00448	0.00425	0.00690	0.00724	0.00973	0.06548	0.01919	0.01277	0.11785	0.01952	0.68571	0.00431	0.00510	0.00255	0.00249
5	0.01734	0.01385	0.01480	0.03584	0.06159	0.07276	0.00997	0.55576	0.04796	0.02703	0.01282	0.01541	0.01003	0.00653	0.00537	0.00158	0.02052	0.05835	0.00457	0.00792
6	0.00651	0.00480	0.00601	0.00686	0.00748	0.00451	0.00476	0.00780	0.02769	0.01315	0.03055	0.56407	0.15426	0.07359	0.00779	0.00222	0.00316	0.06603	0.00458	0.00419
7	0.01369	0.01370	0.14520	0.18736	0.10032	0.01234	0.01201	0.28640	0.03956	0.04350	0.02387	0.01460	0.00947	0.06801	0.00661	0.00183	0.00600	0.00474	0.00359	0.00720
8	0.01336	0.01394	0.09512	0.10533	0.18430	0.03034	0.16049	0.18452	0.06620	0.01939	0.01067	0.01282	0.00816	0.00531	0.00585	0.00161	0.05403	0.00475	0.00319	0.02060
9	0.00796	0.00575	0.00656	0.00679	0.00802	0.02926	0.00498	0.00928	0.01120	0.06974	0.09942	0.31873	0.28245	0.04127	0.02294	0.00208	0.00345	0.06080	0.00472	0.00460
10	0.00720	0.00489	0.00578	0.00592	0.00603	0.00493	0.00353	0.00746	0.00769	0.01033	0.01713	0.12408	0.01966	0.66038	0.09018	0.00485	0.00541	0.00801	0.00322	0.00331
11	0.57447	0.04911	0.01034	0.06526	0.01285	0.04413	0.00702	0.10563	0.01117	0.06781	0.00858	0.00962	0.00644	0.00498	0.00368	0.00153	0.00462	0.00324	0.00341	0.00611
12	0.01210	0.00973	0.01529	0.46677	0.05736	0.01124	0.05362	0.09042	0.01206	0.09753	0.01211	0.01651	0.02289	0.00606	0.00592	0.00172	0.05447	0.04474	0.00315	0.00631
13	0.19044	0.01256	0.10402	0.03632	0.08267	0.03383	0.02161	0.08211	0.10951	0.05425	0.02779	0.01309	0.00941	0.00539	0.00483	0.00146	0.03224	0.01467	0.00349	0.16033
14	0.00673	0.00495	0.00600	0.00634	0.00735	0.00446	0.00455	0.00811	0.01135	0.02778	0.20625	0.32445	0.27094	0.05021	0.00707	0.00197	0.00287	0.03941	0.00484	0.00436
15	0.01387	0.01517	0.10339	0.04270	0.13765	0.14162	0.05355	0.15464	0.09759	0.01857	0.02336	0.01332	0.00931	0.03300	0.00611	0.00160	0.04237	0.00446	0.00332	0.08437
16	0.49395	0.01313	0.07050	0.00980	0.03832	0.09003	0.00817	0.10843	0.01128	0.02115	0.00801	0.00939	0.00626	0.00519	0.00468	0.00156	0.06290	0.00328	0.00315	0.03084
17	0.10376	0.01003	0.01185	0.07681	0.05789	0.02397	0.00814	0.16244	0.07893	0.16268	0.06150	0.01593	0.01223	0.04421	0.03513	0.00186	0.00504	0.00477	0.00424	0.11858
18	0.01068	0.00606	0.00565	0.00543	0.00683	0.05204	0.00411	0.01295	0.01103	0.05892	0.01616	0.01819	0.01256	0.00587	0.00368	0.00121	0.00286	0.00465	0.75616	0.00498
19	0.01016	0.04599	0.03938	0.00778	0.01146	0.00722	0.00641	0.03134	0.01107	0.03160	0.07242	0.13552	0.01459	0.00627	0.00440	0.00109	0.00379	0.00530	0.00350	0.55071
20	0.00858	0.00559	0.00739	0.03434	0.00934	0.00513	0.00550	0.00994	0.01062	0.09025	0.09121	0.47756	0.02812	0.06050	0.00714	0.00201	0.00344	0.05187	0.00458	0.08690
21	0.06069	0.05163	0.01233	0.00913	0.01284	0.00905	0.00761	0.07024	0.06330	0.58340	0.01852	0.01793	0.01257	0.00646	0.00499	0.00158	0.00442	0.03951	0.00567	0.00812
22	0.03111	0.16140	0.07819	0.01387	0.13258	0.12029	0.02781	0.13855	0.13866	0.01863	0.06741	0.01442	0.02416	0.00577	0.00471	0.00146	0.00574	0.00458	0.00353	0.00712
23	0.03533	0.02435	0.07414	0.07177	0.01571	0.01107	0.03887	0.20218	0.15192	0.10976	0.01559	0.07742	0.02935	0.00729	0.02238	0.00169	0.00516	0.00549	0.00427	0.09628
24	0.04217	0.05242	0.05267	0.01166	0.01570	0.02812	0.07790	0.48473	0.01919	0.02619	0.07886	0.01398	0.01152	0.00594	0.00497	0.00148	0.00554	0.00478	0.00437	0.05779

[dist]
# distance from previous block
# <min> <max>
0	5

[block]
# block no. 10 follows, 49 sequences, length 9
# corresponding to MSA columns:
# 506-514
name=unknown_K
#
# <colnr> <probs for GDERKNQSTAVLIFYWHMCP>
#	G	D	E	R	K	N	Q	S	T	A	V	L	I	F	Y	W	H	M	C	P
0	0.01270	0.03154	0.09104	0.11416	0.18507	0.14511	0.02591	0.05543	0.06138	0.01568	0.01060	0.05617	0.00913	0.00596	0.00609	0.00155	0.08982	0.00470	0.00288	0.07511
1	0.00756	0.00617	0.00834	0.00751	0.00922	0.00578	0.06083	0.01057	0.06712	0.01780	0.42388	0.06430	0.24522	0.01063	0.00596	0.00168	0.00309	0.03434	0.00502	0.00498
2	0.00940	0.00611	0.00804	0.05394	0.00979	0.00679	0.00592	0.01135	0.02677	0.07056	0.01555	0.02145	0.03380	0.15702	0.27641	0.00430	0.06403	0.00558	0.20837	0.00482
3	0.06931	0.00569	0.00647	0.00633	0.00785	0.00536	0.00476	0.00986	0.03773	0.03851	0.32178	0.13764	0.28917	0.01132	0.00580	0.00171	0.00279	0.02817	0.00497	0.00478
4	0.01341	0.24774	0.08025	0.05240	0.06526	0.03309	0.16952	0.08527	0.04127	0.07075	0.01128	0.06147	0.00945	0.00566	0.00515	0.00150	0.03166	0.00490	0.00310	0.00689
5	0.00842	0.00791	0.06541	0.04645	0.04216	0.00653	0.00669	0.01147	0.07318	0.04050	0.18868	0.08446	0.27452	0.05402	0.00666	0.00179	0.00363	0.00825	0.00436	0.06492
6	0.01259	0.20265	0.09470	0.00947	0.01375	0.05004	0.00867	0.09392	0.12401	0.01732	0.01208	0.01271	0.03777	0.00509	0.00420	0.00119	0.00495	0.00386	0.00328	0.28775
7	0.05585	0.06954	0.13716	0.10727	0.04549	0.07208	0.02284	0.11650	0.06561	0.04882	0.01181	0.06905	0.00994	0.00768	0.04358	0.00187	0.04633	0.00485	0.00329	0.06047
8	0.15772	0.19193	0.09048	0.02295	0.03953	0.07596	0.00912	0.16856	0.03376	0.04069	0.01071	0.04587	0.00911	0.04156	0.04009	0.00188	0.00588	0.00427	0.00332	0.00659

[dist]
# distance from previous block
# <min> <max>
