[name]
unknown

[dist]
# distance from previous block
# <min> <max>
0	51

[block]
# block no. 0 follows, 51 sequences, length 7
# corresponding to MSA columns:
# 53-59
name=unknown_A
#
# <colnr> <probs for GDERKNQSTAVLIFYWHMCP>
#	G	D	E	R	K	N	Q	S	T	A	V	L	I	F	Y	W	H	M	C	P
0	0.01284	0.08337	0.15693	0.04538	0.05543	0.03640	0.12865	0.11578	0.06034	0.08798	0.01349	0.04309	0.03855	0.00582	0.00489	0.00149	0.00578	0.02788	0.00341	0.07249
1	0.05199	0.00555	0.00636	0.00643	0.00776	0.00522	0.00473	0.04328	0.01125	0.04872	0.11382	0.29874	0.29003	0.04470	0.00654	0.00189	0.00304	0.04082	0.00459	0.00455
2	0.04967	0.03302	0.06862	0.13544	0.25254	0.07369	0.08124	0.06406	0.06522	0.04547	0.01160	0.07657	0.00986	0.00570	0.00491	0.00155	0.00593	0.00511	0.00304	0.00675
3	0.03279	0.06829	0.10935	0.08996	0.06287	0.05550	0.09619	0.07468	0.07539	0.13065	0.01430	0.12742	0.01235	0.00675	0.00503	0.00159	0.00556	0.02105	0.00364	0.00662
4	0.00870	0.00747	0.01165	0.05804	0.14575	0.00755	0.08324	0.03909	0.02728	0.01463	0.02121	0.37498	0.07831	0.01043	0.00602	0.00178	0.02989	0.03357	0.03509	0.00532
5	0.06262	0.01180	0.20683	0.00947	0.01301	0.00814	0.03120	0.03733	0.06475	0.17842	0.08007	0.15104	0.09063	0.00805	0.00512	0.00163	0.00450	0.00682	0.02224	0.00633
6	0.01336	0.04786	0.19727	0.04595	0.14088	0.12248	0.14310	0.05901	0.05248	0.07431	0.01024	0.01192	0.00774	0.00505	0.00543	0.00153	0.04719	0.00432	0.00288	0.00699

[dist]
# distance from previous block
# <min> <max>
3	7

[block]
# block no. 1 follows, 51 sequences, length 9
# corresponding to MSA columns:
# 68-76
name=unknown_B
#
# <colnr> <probs for GDERKNQSTAVLIFYWHMCP>
#	G	D	E	R	K	N	Q	S	T	A	V	L	I	F	Y	W	H	M	C	P
0	0.03788	0.11981	0.10715	0.01157	0.03195	0.05564	0.01022	0.45997	0.05865	0.02416	0.01072	0.01121	0.00796	0.00554	0.00487	0.00145	0.02563	0.00405	0.00394	0.00764
1	0.01239	0.03975	0.05107	0.27175	0.17618	0.07406	0.06575	0.06664	0.09367	0.04886	0.01061	0.01279	0.00810	0.00497	0.00481	0.00150	0.00612	0.00437	0.00295	0.04364
2	0.04398	0.01121	0.09075	0.06687	0.24304	0.01010	0.05041	0.09530	0.05322	0.08216	0.08481	0.05374	0.01376	0.07128	0.00660	0.00181	0.00524	0.00551	0.00352	0.00669
3	0.05095	0.14861	0.04530	0.01326	0.07085	0.29023	0.03959	0.03559	0.01112	0.01338	0.00761	0.00987	0.00662	0.00630	0.02167	0.00163	0.21536	0.00362	0.00242	0.00599
4	0.01331	0.00749	0.00939	0.00797	0.01044	0.00717	0.00626	0.11710	0.01275	0.26210	0.04826	0.10807	0.09796	0.05081	0.14763	0.00279	0.00552	0.00656	0.00457	0.07383
5	0.01717	0.05044	0.04146	0.01366	0.06998	0.66060	0.01006	0.01929	0.04886	0.01280	0.00829	0.00954	0.00682	0.00505	0.00445	0.00130	0.00824	0.00336	0.00261	0.00601
6	0.06346	0.07358	0.01247	0.03498	0.01316	0.25671	0.00781	0.04214	0.08057	0.09078	0.02828	0.04970	0.01019	0.00579	0.00484	0.00133	0.04082	0.00426	0.04379	0.13534
7	0.00621	0.00471	0.00568	0.00612	0.00703	0.00424	0.00435	0.00748	0.01082	0.01408	0.17683	0.36937	0.28682	0.04200	0.00671	0.00191	0.00275	0.03412	0.00466	0.00414
8	0.01130	0.00721	0.00911	0.00875	0.06442	0.00677	0.00607	0.07558	0.03262	0.15884	0.19437	0.07959	0.10197	0.13209	0.00822	0.00198	0.00374	0.00707	0.00452	0.08577

[dist]
# distance from previous block
# <min> <max>
0	1

[block]
# block no. 2 follows, 51 sequences, length 7
# corresponding to MSA columns:
# 78-84
name=unknown_C
#
# <colnr> <probs for GDERKNQSTAVLIFYWHMCP>
#	G	D	E	R	K	N	Q	S	T	A	V	L	I	F	Y	W	H	M	C	P
0	0.00662	0.00471	0.00570	0.00619	0.00704	0.00425	0.00428	0.00765	0.01020	0.03936	0.07834	0.45279	0.26262	0.07735	0.00752	0.00207	0.00290	0.01174	0.00454	0.00414
1	0.00647	0.00589	0.04539	0.00708	0.00831	0.00478	0.02737	0.00790	0.01033	0.01347	0.08354	0.43636	0.24187	0.03768	0.00660	0.00194	0.00322	0.04310	0.00439	0.00431
2	0.04805	0.04469	0.21399	0.01377	0.09785	0.10184	0.06511	0.12918	0.07540	0.06887	0.05036	0.04668	0.01093	0.00577	0.00482	0.00151	0.00598	0.00478	0.00341	0.00699
3	0.00961	0.00895	0.04165	0.02424	0.01109	0.08859	0.03812	0.01216	0.07051	0.05203	0.04785	0.23534	0.06699	0.06511	0.11422	0.00278	0.06033	0.04162	0.00375	0.00508
4	0.00933	0.00571	0.00740	0.04709	0.00946	0.00551	0.00551	0.04368	0.01090	0.12129	0.06936	0.34813	0.09969	0.08629	0.00807	0.03633	0.00357	0.05178	0.02612	0.00478
5	0.01179	0.11281	0.17313	0.08884	0.09189	0.08010	0.12666	0.06349	0.03923	0.03146	0.04427	0.05414	0.04918	0.00587	0.00489	0.00151	0.00616	0.00513	0.00297	0.00649
6	0.06999	0.05037	0.10193	0.01129	0.04580	0.01134	0.06612	0.19849	0.07526	0.06098	0.05421	0.04616	0.04323	0.00631	0.00540	0.00151	0.05167	0.00509	0.03015	0.06471

[dist]
# distance from previous block
# <min> <max>
0	24

[block]
# block no. 3 follows, 51 sequences, length 23
# corresponding to MSA columns:
# 109-131
name=unknown_D
#
# <colnr> <probs for GDERKNQSTAVLIFYWHMCP>
#	G	D	E	R	K	N	Q	S	T	A	V	L	I	F	Y	W	H	M	C	P
0	0.01071	0.09421	0.14760	0.00995	0.03247	0.04579	0.03156	0.05969	0.08114	0.04067	0.18310	0.06445	0.02992	0.03385	0.03090	0.00178	0.01709	0.00585	0.03502	0.04423
1	0.01064	0.00727	0.00912	0.03779	0.01085	0.02654	0.03754	0.02676	0.10056	0.15345	0.20174	0.12578	0.18378	0.00997	0.02234	0.00176	0.00379	0.00808	0.00479	0.01745
2	0.02688	0.00882	0.02491	0.06465	0.05347	0.06879	0.03767	0.04237	0.07392	0.04246	0.07940	0.27140	0.08844	0.00977	0.00609	0.00173	0.05097	0.02115	0.02170	0.00540
3	0.03453	0.09337	0.17216	0.01126	0.07646	0.00964	0.03836	0.04455	0.01170	0.19488	0.05512	0.06960	0.03301	0.03769	0.00561	0.00159	0.01444	0.00528	0.04855	0.04221
4	0.03182	0.00782	0.00972	0.00805	0.01077	0.00745	0.00639	0.12865	0.01408	0.39251	0.09090	0.12457	0.01752	0.02480	0.00541	0.00160	0.00380	0.00639	0.10091	0.00684
5	0.01084	0.00721	0.00810	0.00747	0.00942	0.03693	0.00577	0.08717	0.03694	0.15032	0.13310	0.18269	0.23537	0.01056	0.00564	0.00169	0.00353	0.05683	0.00490	0.00551
6	0.01032	0.00971	0.07105	0.10543	0.07050	0.03564	0.03765	0.09069	0.04257	0.04631	0.13455	0.16790	0.04577	0.00981	0.03733	0.01759	0.03199	0.02562	0.00384	0.00574
7	0.10289	0.00960	0.01082	0.00886	0.01206	0.00991	0.00715	0.20761	0.13763	0.28495	0.03690	0.05312	0.08278	0.00704	0.00491	0.00157	0.00415	0.00565	0.00510	0.00731
8	0.00729	0.00496	0.00620	0.00673	0.00751	0.00476	0.00472	0.02766	0.03654	0.03287	0.11485	0.55880	0.06154	0.01299	0.00582	0.00181	0.00285	0.01161	0.08603	0.00446
9	0.01072	0.02403	0.11079	0.02605	0.04334	0.01061	0.13572	0.08795	0.02595	0.01626	0.03697	0.01539	0.01043	0.04997	0.08854	0.00240	0.15737	0.00491	0.13672	0.00589
10	0.04369	0.03781	0.06228	0.33303	0.17775	0.01116	0.03071	0.08359	0.04310	0.02942	0.06006	0.02928	0.01057	0.02084	0.00524	0.00162	0.00572	0.00482	0.00296	0.00636
11	0.00791	0.00599	0.00655	0.00643	0.00778	0.03960	0.00475	0.00956	0.02398	0.05974	0.21830	0.14634	0.30381	0.07576	0.03113	0.00210	0.00347	0.03764	0.00459	0.00454
12	0.00722	0.00474	0.00537	0.00540	0.00552	0.00472	0.00313	0.00748	0.00768	0.01056	0.04459	0.06082	0.01913	0.71609	0.02227	0.00432	0.00445	0.00730	0.05603	0.00318
13	0.06639	0.00953	0.02572	0.03007	0.08312	0.04382	0.00761	0.14263	0.13985	0.03299	0.13230	0.11155	0.05970	0.00793	0.00505	0.00158	0.00415	0.02519	0.06464	0.00618
14	0.01202	0.01198	0.07433	0.13560	0.14490	0.06436	0.06798	0.04211	0.07553	0.06798	0.05488	0.01418	0.01043	0.00685	0.03691	0.00179	0.09757	0.00465	0.00310	0.07285
15	0.00635	0.00469	0.00618	0.03072	0.00802	0.00455	0.00490	0.00745	0.00960	0.01270	0.05817	0.52394	0.11801	0.07044	0.07938	0.00265	0.00401	0.03993	0.00425	0.00407
16	0.00668	0.00545	0.00589	0.00636	0.00722	0.03908	0.00442	0.00770	0.01025	0.01290	0.07516	0.39987	0.27608	0.09463	0.00790	0.00211	0.00319	0.02670	0.00436	0.00406
17	0.02666	0.04940	0.17496	0.04559	0.20603	0.04137	0.02611	0.10914	0.01305	0.13086	0.08013	0.01417	0.01135	0.00537	0.00477	0.00145	0.00556	0.00452	0.00347	0.04605
18	0.04691	0.08183	0.08125	0.22383	0.09111	0.06531	0.08378	0.09030	0.07990	0.03160	0.04017	0.04179	0.01007	0.00554	0.00480	0.00153	0.00596	0.00477	0.00307	0.00647
19	0.42470	0.05831	0.07037	0.04045	0.08066	0.02746	0.02031	0.01332	0.00934	0.01771	0.01235	0.07575	0.07148	0.00627	0.00471	0.00158	0.05206	0.00461	0.00300	0.00558
20	0.02659	0.11645	0.16953	0.02900	0.12073	0.03943	0.01061	0.10418	0.03550	0.08100	0.01485	0.03732	0.07386	0.00623	0.00471	0.00146	0.00530	0.04679	0.00338	0.07308
21	0.00817	0.00659	0.03361	0.00764	0.00899	0.00601	0.00589	0.10546	0.01184	0.01591	0.09727	0.43502	0.07813	0.04370	0.00666	0.00194	0.00351	0.08689	0.00449	0.03228
22	0.01173	0.07566	0.03248	0.05122	0.02497	0.07497	0.04866	0.11935	0.06806	0.05325	0.07098	0.04840	0.02900	0.12123	0.10154	0.03104	0.02267	0.00559	0.00352	0.00569

[dist]
# distance from previous block
# <min> <max>
0	40

[block]
# block no. 4 follows, 51 sequences, length 6
# corresponding to MSA columns:
# 172-177
name=unknown_E
#
# <colnr> <probs for GDERKNQSTAVLIFYWHMCP>
#	G	D	E	R	K	N	Q	S	T	A	V	L	I	F	Y	W	H	M	C	P
0	0.01332	0.04551	0.14879	0.03555	0.15814	0.04898	0.05765	0.05844	0.07964	0.15128	0.05879	0.01561	0.01173	0.04225	0.02147	0.00176	0.00566	0.00482	0.03366	0.00696
1	0.01054	0.05586	0.07587	0.04892	0.23420	0.01000	0.15767	0.01386	0.03849	0.04056	0.10853	0.06058	0.06919	0.00678	0.00529	0.00159	0.00542	0.04695	0.00332	0.00637
2	0.08092	0.00578	0.00729	0.00705	0.00832	0.00616	0.00536	0.01021	0.03836	0.04252	0.18267	0.05416	0.08143	0.08587	0.35674	0.00460	0.00752	0.00667	0.00372	0.00464
3	0.01194	0.00958	0.03079	0.06299	0.16977	0.03719	0.02833	0.05254	0.05587	0.12857	0.07075	0.14146	0.07310	0.00785	0.00604	0.00162	0.06513	0.00667	0.00389	0.03592
4	0.05597	0.03567	0.06650	0.04295	0.13203	0.06338	0.07945	0.08252	0.07505	0.09065	0.05896	0.07516	0.08997	0.00700	0.00507	0.00157	0.00516	0.02269	0.00377	0.00649
5	0.00820	0.00437	0.00620	0.00620	0.00634	0.00429	0.00413	0.00651	0.00687	0.00902	0.01259	0.01899	0.07663	0.07695	0.01849	0.72028	0.00415	0.00501	0.00241	0.00237

[dist]
# distance from previous block
# <min> <max>
0	1

[block]
# block no. 5 follows, 51 sequences, length 18
# corresponding to MSA columns:
# 184-201
name=unknown_F
#
# <colnr> <probs for GDERKNQSTAVLIFYWHMCP>
#	G	D	E	R	K	N	Q	S	T	A	V	L	I	F	Y	W	H	M	C	P
0	0.03398	0.02944	0.01556	0.44280	0.17960	0.05951	0.03315	0.05110	0.03147	0.01452	0.00964	0.02834	0.00785	0.02305	0.00550	0.01516	0.00622	0.00452	0.00255	0.00605
1	0.06187	0.10136	0.25684	0.03414	0.06429	0.04643	0.03281	0.13912	0.04645	0.05380	0.01022	0.01225	0.00795	0.00604	0.01942	0.00165	0.07429	0.02110	0.00303	0.00693
2	0.01094	0.01043	0.01605	0.35703	0.14356	0.07650	0.12870	0.01387	0.01087	0.03427	0.02807	0.05141	0.00964	0.00543	0.00495	0.00155	0.00619	0.00507	0.07955	0.00592
3	0.00712	0.00515	0.00735	0.03345	0.00874	0.00576	0.00560	0.00850	0.00807	0.01150	0.01485	0.10646	0.01500	0.14811	0.53179	0.02552	0.00999	0.00639	0.03652	0.00413
4	0.06502	0.09111	0.13803	0.06688	0.03221	0.10981	0.09039	0.06323	0.05658	0.06872	0.01370	0.03865	0.06964	0.01739	0.00572	0.00159	0.05696	0.00488	0.00315	0.00634
5	0.01263	0.15733	0.31889	0.03744	0.01690	0.01259	0.02899	0.14465	0.06316	0.07282	0.02927	0.04087	0.03197	0.00573	0.00464	0.00148	0.00577	0.00454	0.00327	0.00706
6	0.00948	0.00617	0.00746	0.00700	0.00818	0.00658	0.00514	0.03813	0.08769	0.07103	0.04703	0.05149	0.03530	0.23293	0.18894	0.00379	0.02979	0.00617	0.15288	0.00483
7	0.00840	0.00679	0.00951	0.01019	0.10106	0.01895	0.04855	0.01057	0.05382	0.01501	0.19771	0.15038	0.11014	0.06193	0.02869	0.07789	0.02795	0.00790	0.04972	0.00484
8	0.06430	0.11181	0.20623	0.08385	0.09916	0.04790	0.02824	0.05761	0.08288	0.07624	0.02971	0.03210	0.02037	0.01884	0.00512	0.00156	0.01975	0.00447	0.00313	0.00675
9	0.02356	0.03204	0.01143	0.11010	0.12334	0.02631	0.00829	0.09134	0.07328	0.05454	0.06781	0.14578	0.09133	0.00802	0.00545	0.00159	0.03294	0.00679	0.08012	0.00594
10	0.00613	0.00443	0.00569	0.00658	0.00706	0.00410	0.00447	0.00700	0.00965	0.01268	0.05123	0.64355	0.12583	0.04276	0.00717	0.02264	0.00292	0.02768	0.00447	0.00396
11	0.03037	0.00659	0.03251	0.03375	0.00982	0.00607	0.01932	0.06490	0.01120	0.07916	0.07030	0.38092	0.08586	0.04455	0.03411	0.00210	0.00391	0.03164	0.04794	0.00496
12	0.09964	0.12060	0.17750	0.04759	0.04397	0.03700	0.07464	0.05465	0.04305	0.14901	0.04540	0.02507	0.00995	0.00554	0.00511	0.00152	0.04521	0.00439	0.00337	0.00678
13	0.00884	0.02359	0.00836	0.04811	0.01009	0.04123	0.00607	0.06585	0.07036	0.01526	0.09185	0.28390	0.08309	0.04539	0.04976	0.02695	0.02199	0.04131	0.05314	0.00487
14	0.00680	0.00485	0.00616	0.00679	0.00762	0.00453	0.00498	0.00806	0.01029	0.03046	0.07813	0.39594	0.18254	0.06697	0.03073	0.00229	0.00349	0.14071	0.00448	0.00420
15	0.11880	0.05790	0.11480	0.06717	0.03827	0.02875	0.04288	0.16381	0.04052	0.08662	0.05232	0.06081	0.02871	0.00653	0.00544	0.00159	0.05386	0.02100	0.00367	0.00656
16	0.03475	0.09527	0.06987	0.01309	0.08050	0.03334	0.06412	0.13086	0.03276	0.02868	0.02927	0.03126	0.03605	0.00757	0.03108	0.00185	0.24696	0.00475	0.02162	0.00633
17	0.08156	0.05252	0.14564	0.01146	0.06892	0.01125	0.03046	0.15893	0.10181	0.04437	0.01199	0.01323	0.02601	0.02752	0.00528	0.00148	0.02695	0.00419	0.02463	0.15178

[dist]
# distance from previous block
# <min> <max>
1	9

[block]
# block no. 6 follows, 51 sequences, length 17
# corresponding to MSA columns:
# 236-240,244-255
name=unknown_G
#
# <colnr> <probs for GDERKNQSTAVLIFYWHMCP>
#	G	D	E	R	K	N	Q	S	T	A	V	L	I	F	Y	W	H	M	C	P
0	0.00832	0.00628	0.02975	0.00770	0.01947	0.00552	0.03080	0.04105	0.01165	0.07586	0.18699	0.33949	0.16640	0.01256	0.03287	0.00195	0.00357	0.01021	0.00464	0.00491
1	0.05814	0.01162	0.04547	0.19032	0.12016	0.01139	0.33527	0.03716	0.03299	0.06559	0.01052	0.01319	0.00785	0.00467	0.00513	0.00159	0.00667	0.00493	0.03075	0.00659
2	0.02534	0.03218	0.19897	0.01098	0.05532	0.00896	0.04591	0.11896	0.02842	0.01734	0.09407	0.22457	0.08002	0.00869	0.00529	0.00163	0.00471	0.00756	0.00377	0.02731
3	0.01167	0.06722	0.07322	0.01141	0.05919	0.01039	0.08041	0.13401	0.15130	0.05219	0.11813	0.11293	0.04594	0.00763	0.00521	0.00159	0.00465	0.02759	0.00416	0.02116
4	0.03966	0.00876	0.01072	0.00857	0.01171	0.00848	0.00692	0.17961	0.02915	0.42382	0.11042	0.03803	0.03805	0.02840	0.00552	0.00160	0.00408	0.00566	0.03348	0.00734
5	0.00680	0.00456	0.00599	0.00682	0.00734	0.00423	0.00466	0.00776	0.00976	0.04634	0.05218	0.68160	0.05842	0.05121	0.00704	0.00208	0.00300	0.03145	0.00458	0.00417
6	0.05417	0.13500	0.06772	0.04542	0.08123	0.03791	0.03264	0.04392	0.16862	0.03913	0.06585	0.04520	0.01339	0.00630	0.00473	0.01139	0.00471	0.02989	0.07615	0.03664
7	0.01028	0.00820	0.03591	0.00932	0.04573	0.00808	0.00701	0.05401	0.22240	0.07815	0.13661	0.20815	0.09216	0.00969	0.00579	0.00172	0.02430	0.03175	0.00470	0.00602
8	0.00917	0.00532	0.00682	0.00693	0.00798	0.00519	0.00509	0.01059	0.01040	0.12392	0.05383	0.41511	0.05440	0.01214	0.02829	0.00191	0.03992	0.02825	0.16991	0.00483
9	0.00810	0.00559	0.00741	0.00814	0.00924	0.00548	0.00670	0.02606	0.01100	0.03932	0.02652	0.15676	0.08577	0.08678	0.00819	0.00236	0.00417	0.49347	0.00445	0.00449
10	0.07760	0.05449	0.07527	0.19652	0.20685	0.09205	0.09329	0.08023	0.01185	0.03238	0.00906	0.01152	0.00706	0.00484	0.00498	0.00151	0.02705	0.00414	0.00268	0.00663
11	0.00652	0.00469	0.00589	0.00666	0.00712	0.00450	0.00453	0.00767	0.02872	0.01236	0.02610	0.52552	0.08375	0.17982	0.01006	0.00255	0.00337	0.07200	0.00425	0.00393
12	0.00708	0.00515	0.00677	0.00675	0.00791	0.00470	0.02870	0.00868	0.01141	0.03706	0.25627	0.28470	0.20480	0.03281	0.00641	0.00183	0.00295	0.05454	0.02703	0.00444
13	0.04864	0.01260	0.07779	0.05385	0.35811	0.02693	0.14633	0.05739	0.04746	0.04756	0.02997	0.01338	0.01765	0.00486	0.00493	0.00150	0.00599	0.00468	0.00294	0.03743
14	0.03260	0.04737	0.13447	0.00918	0.01227	0.00868	0.02828	0.06156	0.08249	0.14155	0.12070	0.14279	0.01846	0.00777	0.00524	0.00157	0.02194	0.01967	0.06691	0.03652
15	0.04422	0.01863	0.50757	0.04122	0.01786	0.00985	0.01386	0.02754	0.01064	0.10855	0.01214	0.08920	0.01002	0.03463	0.03120	0.00191	0.00639	0.00494	0.00292	0.00672
16	0.28354	0.01116	0.01101	0.04338	0.01315	0.06971	0.00754	0.20546	0.06371	0.18820	0.01204	0.01224	0.00860	0.00648	0.03076	0.00171	0.00506	0.00399	0.01538	0.00687

[dist]
# distance from previous block
# <min> <max>
5	39

[block]
# block no. 7 follows, 51 sequences, length 16
# corresponding to MSA columns:
# 297-312
name=unknown_H
#
# <colnr> <probs for GDERKNQSTAVLIFYWHMCP>
#	G	D	E	R	K	N	Q	S	T	A	V	L	I	F	Y	W	H	M	C	P
0	0.01281	0.01190	0.04160	0.10502	0.03322	0.11729	0.02197	0.18357	0.09012	0.04299	0.01612	0.08735	0.08049	0.04545	0.00715	0.01937	0.06788	0.00584	0.00370	0.00616
1	0.09024	0.04418	0.14119	0.05250	0.04656	0.03064	0.06063	0.13807	0.04712	0.08317	0.01153	0.05256	0.00940	0.02433	0.03120	0.01755	0.04638	0.00466	0.00337	0.06474
2	0.00796	0.00638	0.00800	0.06652	0.03935	0.02674	0.00600	0.02495	0.04369	0.01317	0.03956	0.35661	0.06159	0.14015	0.03217	0.02935	0.02156	0.02783	0.00380	0.04463
3	0.00672	0.00467	0.00596	0.00633	0.00672	0.00465	0.00421	0.00733	0.00850	0.01141	0.04986	0.29778	0.07350	0.29426	0.14117	0.05523	0.00519	0.00926	0.00360	0.00363
4	0.01122	0.01056	0.05384	0.16753	0.24433	0.02662	0.07942	0.01456	0.05519	0.06696	0.03232	0.07197	0.01138	0.03604	0.02350	0.00185	0.05436	0.00546	0.02650	0.00639
5	0.03925	0.05661	0.01508	0.10755	0.23927	0.04105	0.03840	0.08096	0.03211	0.08670	0.05046	0.09096	0.01240	0.02079	0.00550	0.00157	0.02487	0.00542	0.00339	0.04764
6	0.00619	0.00474	0.00571	0.00618	0.00716	0.00425	0.00446	0.00751	0.01092	0.01412	0.16224	0.36461	0.31433	0.01332	0.00605	0.00181	0.00273	0.05478	0.00470	0.00419
7	0.00735	0.00544	0.00654	0.00657	0.00771	0.00524	0.00483	0.03434	0.05636	0.01629	0.28977	0.22906	0.16154	0.06586	0.00709	0.00192	0.00295	0.05142	0.03515	0.00458
8	0.03015	0.07350	0.20521	0.05728	0.09085	0.03202	0.04162	0.06367	0.06648	0.04948	0.01330	0.07462	0.03251	0.00676	0.00585	0.01860	0.05654	0.03764	0.01687	0.02705
9	0.13803	0.00978	0.01214	0.04032	0.08069	0.04079	0.04948	0.07805	0.08402	0.20014	0.07903	0.01723	0.02722	0.00716	0.02806	0.00174	0.04004	0.02356	0.03586	0.00665
10	0.00615	0.00453	0.00569	0.00645	0.00706	0.00416	0.00444	0.00719	0.01003	0.01316	0.09293	0.55930	0.16788	0.05618	0.00713	0.00205	0.00289	0.03420	0.00455	0.00404
11	0.00684	0.00478	0.00600	0.00644	0.00736	0.00434	0.00462	0.00806	0.01078	0.04209	0.16538	0.41820	0.21291	0.01340	0.00642	0.02568	0.00283	0.04489	0.00470	0.00427
12	0.02990	0.02932	0.03588	0.03146	0.03382	0.10215	0.03249	0.23937	0.06941	0.08481	0.01365	0.06216	0.02335	0.06464	0.04147	0.00200	0.03465	0.00517	0.02479	0.03949
13	0.05648	0.04564	0.07673	0.02885	0.05335	0.02577	0.03723	0.20480	0.03613	0.10179	0.03412	0.08821	0.03227	0.00633	0.00470	0.00142	0.00480	0.00523	0.02207	0.13409
14	0.06491	0.17598	0.20135	0.01239	0.08614	0.07612	0.01104	0.10491	0.07995	0.01712	0.00950	0.01063	0.00747	0.00489	0.00452	0.00135	0.02716	0.00361	0.00289	0.09807
15	0.01209	0.08559	0.11557	0.02850	0.09287	0.08075	0.04663	0.07785	0.10015	0.04119	0.05044	0.07545	0.01301	0.00664	0.00542	0.00153	0.04585	0.04233	0.02582	0.05232

[dist]
# distance from previous block
# <min> <max>
1	32

[block]
# block no. 8 follows, 51 sequences, length 30
# corresponding to MSA columns:
# 347-376
name=unknown_I
#
# <colnr> <probs for GDERKNQSTAVLIFYWHMCP>
#	G	D	E	R	K	N	Q	S	T	A	V	L	I	F	Y	W	H	M	C	P
0	0.04750	0.00938	0.04193	0.02921	0.02455	0.02472	0.02613	0.17561	0.07204	0.09969	0.14656	0.08350	0.07983	0.05069	0.01656	0.00180	0.00433	0.00654	0.03851	0.02092
1	0.02577	0.02222	0.07209	0.22371	0.03655	0.02522	0.02386	0.01219	0.04907	0.05297	0.04901	0.22437	0.07863	0.02617	0.00570	0.00173	0.00472	0.02116	0.00356	0.04128
2	0.04558	0.05685	0.00975	0.01948	0.03323	0.03675	0.03196	0.03204	0.06112	0.06125	0.10628	0.35452	0.03978	0.04446	0.00628	0.00183	0.00386	0.02790	0.00423	0.02286
3	0.00933	0.07400	0.19976	0.00947	0.01278	0.00814	0.07062	0.01207	0.02876	0.07429	0.02446	0.17537	0.22422	0.02991	0.00609	0.01913	0.00463	0.00774	0.00365	0.00557
4	0.06415	0.00905	0.03147	0.02976	0.08228	0.04377	0.00697	0.13387	0.03702	0.06555	0.03856	0.06551	0.06335	0.25621	0.04912	0.00282	0.00522	0.00618	0.00368	0.00546
5	0.00989	0.02937	0.03678	0.19199	0.08016	0.03199	0.05738	0.04467	0.04334	0.03962	0.08563	0.15434	0.07152	0.05118	0.00670	0.00181	0.03304	0.00701	0.01805	0.00556
6	0.03345	0.06705	0.13701	0.00801	0.01015	0.00753	0.02479	0.01091	0.02570	0.05359	0.01693	0.08888	0.06016	0.34954	0.05216	0.00323	0.00532	0.03762	0.00323	0.00472
7	0.06362	0.05867	0.04370	0.07004	0.20429	0.06532	0.21120	0.08524	0.04545	0.03447	0.01101	0.01305	0.02613	0.00496	0.00501	0.00151	0.01690	0.00465	0.02797	0.00680
8	0.03023	0.03161	0.28097	0.01364	0.13047	0.03008	0.02928	0.04573	0.05113	0.02895	0.01115	0.01511	0.00947	0.09505	0.15321	0.02299	0.00743	0.00457	0.00271	0.00623
9	0.00713	0.00499	0.00680	0.00693	0.00766	0.00526	0.00504	0.00838	0.00879	0.02502	0.07525	0.16209	0.06438	0.14761	0.39064	0.02974	0.00803	0.00755	0.02458	0.00412
10	0.01037	0.04039	0.05768	0.01029	0.06044	0.05722	0.02868	0.04937	0.14309	0.03802	0.03844	0.18877	0.05276	0.09859	0.00773	0.00203	0.02349	0.05847	0.02852	0.00566
11	0.03031	0.04561	0.26656	0.01798	0.26737	0.01085	0.07786	0.03245	0.01115	0.05805	0.04459	0.02925	0.00996	0.03035	0.02271	0.00173	0.00619	0.00464	0.00278	0.02962
12	0.00846	0.00691	0.00862	0.00849	0.02144	0.05410	0.00638	0.04160	0.00892	0.01237	0.01280	0.01921	0.01206	0.10956	0.58552	0.00643	0.03909	0.00522	0.02823	0.00458
13	0.02387	0.41631	0.09908	0.00917	0.04162	0.01330	0.00838	0.01345	0.02978	0.04034	0.03129	0.08069	0.06862	0.04058	0.00536	0.02490	0.00481	0.00484	0.00287	0.04074
14	0.01314	0.83025	0.02575	0.00841	0.01261	0.01945	0.00841	0.01472	0.00999	0.01156	0.00683	0.00788	0.00631	0.00420	0.00315	0.00105	0.00526	0.00263	0.00210	0.00631
15	0.00720	0.00519	0.00624	0.00601	0.00741	0.00467	0.00449	0.00924	0.02846	0.04880	0.42157	0.11139	0.29893	0.01113	0.00579	0.00163	0.00253	0.00963	0.00506	0.00463
16	0.00932	0.00881	0.01520	0.52359	0.08387	0.01010	0.09698	0.01257	0.03075	0.01338	0.01204	0.13868	0.01098	0.00646	0.00522	0.00168	0.00605	0.00604	0.00268	0.00559
17	0.00770	0.00642	0.03066	0.02745	0.00897	0.03068	0.02161	0.00882	0.00798	0.01089	0.01354	0.03940	0.01383	0.30365	0.39646	0.05029	0.00903	0.00592	0.00273	0.00397
18	0.00850	0.00599	0.00814	0.03174	0.00915	0.00678	0.00589	0.02534	0.00863	0.05289	0.01492	0.04674	0.03611	0.21524	0.38472	0.00532	0.07957	0.00595	0.04392	0.00445
19	0.03992	0.00814	0.00886	0.00811	0.01002	0.00894	0.00608	0.04144	0.38229	0.04466	0.11761	0.03799	0.01953	0.17983	0.00924	0.00229	0.00386	0.02529	0.03988	0.00604
20	0.00697	0.00493	0.00666	0.00706	0.00761	0.00483	0.02106	0.00785	0.00913	0.01217	0.05405	0.31847	0.04880	0.22740	0.06581	0.05474	0.00448	0.13029	0.00386	0.00381
21	0.01185	0.02634	0.04984	0.14191	0.30019	0.03302	0.08320	0.08670	0.06928	0.02976	0.03011	0.01692	0.06753	0.00576	0.00506	0.00155	0.00574	0.02524	0.00314	0.00686
22	0.02860	0.03655	0.08890	0.03054	0.01410	0.08965	0.07613	0.12250	0.05621	0.17020	0.09456	0.03097	0.01422	0.08232	0.00676	0.00180	0.00531	0.00530	0.03887	0.00650
23	0.00928	0.00550	0.00693	0.00666	0.00815	0.00497	0.00495	0.01099	0.02350	0.15659	0.23424	0.25068	0.18960	0.04074	0.00648	0.00182	0.00299	0.02592	0.00501	0.00502
24	0.03677	0.01205	0.07389	0.03910	0.13855	0.04994	0.02883	0.15764	0.09088	0.13536	0.02923	0.05878	0.01115	0.00610	0.00529	0.00151	0.03861	0.00500	0.02279	0.05851
25	0.03395	0.07163	0.13440	0.02578	0.15002	0.05450	0.09158	0.14661	0.08985	0.01787	0.01136	0.04648	0.00948	0.03111	0.02894	0.00182	0.03976	0.00481	0.00316	0.00688
26	0.00885	0.04349	0.00800	0.00752	0.02807	0.03599	0.00544	0.03948	0.01109	0.06274	0.08452	0.29121	0.16311	0.05489	0.04091	0.00212	0.00391	0.04062	0.06324	0.00480
27	0.01019	0.00624	0.00764	0.00736	0.00895	0.00608	0.00553	0.03500	0.10600	0.14513	0.12769	0.29659	0.08728	0.02738	0.00598	0.00179	0.00325	0.04615	0.06032	0.00544
28	0.09211	0.02760	0.06462	0.07082	0.08619	0.03222	0.08897	0.08246	0.08251	0.11431	0.01275	0.01398	0.02842	0.00667	0.03991	0.00173	0.01896	0.00448	0.03886	0.09243
29	0.02686	0.07972	0.10680	0.10281	0.10377	0.02516	0.09803	0.06196	0.18458	0.04780	0.03434	0.03077	0.02663	0.00572	0.00508	0.00154	0.02206	0.00494	0.00339	0.02805

[dist]
# distance from previous block
# <min> <max>
2	30

[block]
# block no. 9 follows, 51 sequences, length 13
# corresponding to MSA columns:
# 437-449
name=unknown_J
#
# <colnr> <probs for GDERKNQSTAVLIFYWHMCP>
#	G	D	E	R	K	N	Q	S	T	A	V	L	I	F	Y	W	H	M	C	P
0	0.04839	0.04341	0.12946	0.01070	0.06721	0.03485	0.06252	0.01290	0.06149	0.02592	0.09913	0.15669	0.07786	0.02153	0.00554	0.00161	0.01983	0.00685	0.07523	0.03888
1	0.00922	0.00849	0.03525	0.00909	0.04166	0.07237	0.02442	0.06187	0.03066	0.01414	0.05649	0.21069	0.07241	0.16399	0.09812	0.00293	0.03720	0.00779	0.02067	0.02254
2	0.02511	0.00688	0.00945	0.02965	0.02878	0.00665	0.06552	0.04160	0.04757	0.09831	0.14070	0.12338	0.14617	0.11971	0.00855	0.02819	0.00397	0.03250	0.01613	0.02119
3	0.07175	0.11880	0.05558	0.10624	0.07532	0.12065	0.04902	0.03936	0.03353	0.08738	0.01121	0.04409	0.00964	0.03428	0.03469	0.00187	0.06653	0.03086	0.00305	0.00614
4	0.03268	0.03219	0.01395	0.02796	0.11457	0.48882	0.00965	0.04522	0.07498	0.01427	0.01075	0.03602	0.02853	0.00571	0.00489	0.00139	0.02853	0.00413	0.01965	0.00610
5	0.01048	0.00587	0.00745	0.00704	0.00861	0.00555	0.00529	0.01266	0.05686	0.18650	0.15197	0.20871	0.09852	0.05311	0.04414	0.02947	0.00372	0.03548	0.06332	0.00526
6	0.00722	0.00546	0.00700	0.00712	0.00764	0.00582	0.00503	0.02856	0.00921	0.01250	0.06001	0.32412	0.08167	0.21355	0.12696	0.00347	0.07742	0.00942	0.00374	0.00409
7	0.03804	0.04026	0.08825	0.02397	0.03940	0.03421	0.03539	0.09771	0.10591	0.17620	0.03255	0.04164	0.01218	0.02792	0.05831	0.00207	0.06599	0.02636	0.04695	0.00669
8	0.00634	0.00482	0.00591	0.00649	0.00735	0.00449	0.00460	0.00797	0.03824	0.01377	0.11035	0.47069	0.23160	0.01433	0.02862	0.00202	0.00307	0.03047	0.00461	0.00426
9	0.00635	0.00471	0.00596	0.00674	0.00739	0.00443	0.00469	0.00792	0.04043	0.01361	0.09374	0.60740	0.12807	0.01419	0.00614	0.00191	0.00285	0.03459	0.00465	0.00423
10	0.02899	0.03484	0.11501	0.03466	0.05210	0.06942	0.00969	0.26547	0.09183	0.04277	0.02978	0.13172	0.03335	0.00730	0.00535	0.00159	0.02941	0.00590	0.00398	0.00684
11	0.01314	0.03853	0.01599	0.03309	0.10885	0.07126	0.13064	0.10823	0.04719	0.08802	0.01316	0.07670	0.03275	0.00653	0.00659	0.00158	0.12216	0.00539	0.02630	0.05388
12	0.03196	0.03141	0.00656	0.00615	0.00740	0.00509	0.00454	0.00890	0.01111	0.04295	0.20711	0.26475	0.23868	0.03623	0.00620	0.00178	0.00284	0.02458	0.05731	0.00447

[dist]
# distance from previous block
# <min> <max>
14	116

[block]
# block no. 10 follows, 51 sequences, length 25
# corresponding to MSA columns:
# 568-592
name=unknown_K
#
# <colnr> <probs for GDERKNQSTAVLIFYWHMCP>
#	G	D	E	R	K	N	Q	S	T	A	V	L	I	F	Y	W	H	M	C	P
0	0.01268	0.03109	0.06058	0.03829	0.12051	0.06963	0.02208	0.12061	0.05163	0.08471	0.10531	0.07356	0.01479	0.02801	0.00625	0.00158	0.06345	0.00549	0.00373	0.08600
1	0.01242	0.07012	0.03025	0.04034	0.05323	0.02991	0.08257	0.13131	0.05418	0.05459	0.02537	0.02609	0.02496	0.03442	0.00868	0.06625	0.16114	0.00478	0.03593	0.05346
2	0.02932	0.02559	0.01312	0.06331	0.15064	0.04085	0.05456	0.07969	0.03836	0.12537	0.01363	0.08777	0.01223	0.13899	0.00811	0.00199	0.00508	0.00560	0.00357	0.10223
3	0.00942	0.00681	0.00865	0.00889	0.06817	0.00649	0.00611	0.03557	0.09346	0.07811	0.17677	0.21623	0.12695	0.01052	0.02336	0.01893	0.00355	0.00840	0.00449	0.08913
4	0.01109	0.00902	0.04404	0.05310	0.09556	0.03226	0.00807	0.07257	0.07928	0.08454	0.04083	0.09265	0.02640	0.10030	0.10762	0.06513	0.04219	0.00596	0.00354	0.02584
5	0.01459	0.07664	0.01517	0.01369	0.13581	0.13301	0.03377	0.24883	0.05403	0.04731	0.04648	0.05347	0.05159	0.00650	0.00544	0.00150	0.04636	0.00515	0.00376	0.00689
6	0.00938	0.02455	0.07056	0.00886	0.01090	0.00707	0.06133	0.03270	0.01067	0.09213	0.07395	0.28050	0.09341	0.05065	0.07414	0.00238	0.04893	0.00855	0.00397	0.03536
7	0.12505	0.01300	0.08518	0.04910	0.25263	0.06504	0.03838	0.08453	0.11814	0.05206	0.01119	0.02759	0.00882	0.00527	0.00483	0.00151	0.01987	0.00438	0.00326	0.03018
8	0.03294	0.01272	0.13974	0.04684	0.13665	0.04115	0.07887	0.11195	0.01305	0.14648	0.06653	0.07866	0.01283	0.00619	0.00498	0.00152	0.00543	0.00542	0.02095	0.03710
9	0.05073	0.00930	0.01296	0.01103	0.01234	0.03039	0.08144	0.01305	0.03515	0.07802	0.02886	0.03306	0.02118	0.07434	0.07782	0.00261	0.34205	0.04703	0.03321	0.00542
10	0.01120	0.01049	0.01721	0.25718	0.35673	0.01116	0.07474	0.04525	0.06863	0.01588	0.01152	0.01422	0.03423	0.00502	0.00494	0.00153	0.00584	0.00474	0.02055	0.02892
11	0.01149	0.01033	0.03448	0.21320	0.32124	0.01056	0.04320	0.09501	0.01218	0.04285	0.03321	0.07101	0.03201	0.00626	0.00515	0.00160	0.00560	0.04083	0.00313	0.00666
12	0.01163	0.00815	0.01225	0.08643	0.10907	0.02639	0.07483	0.01386	0.01167	0.17106	0.15773	0.09633	0.03571	0.03215	0.03474	0.00195	0.03571	0.04200	0.03240	0.00593
13	0.04229	0.00549	0.00662	0.00636	0.00727	0.00534	0.00427	0.01021	0.00894	0.13892	0.01918	0.16199	0.05483	0.43370	0.07023	0.00372	0.00478	0.00779	0.00380	0.00426
14	0.04749	0.03668	0.07900	0.06810	0.01903	0.14683	0.21206	0.17478	0.13223	0.01889	0.01109	0.01241	0.00833	0.00515	0.00494	0.00152	0.00667	0.00456	0.00334	0.00691
15	0.02339	0.13369	0.12912	0.09701	0.21528	0.07533	0.03665	0.07188	0.07129	0.05054	0.01146	0.02235	0.03051	0.00522	0.00463	0.00146	0.00594	0.00435	0.00295	0.00695
16	0.01397	0.00733	0.00889	0.00774	0.01016	0.02507	0.00618	0.05586	0.03142	0.32780	0.12175	0.08634	0.12799	0.00880	0.00532	0.00161	0.00367	0.07653	0.06730	0.00628
17	0.00839	0.00429	0.00638	0.00641	0.00646	0.00427	0.00429	0.00652	0.00677	0.00907	0.03640	0.04441	0.01070	0.01677	0.01828	0.79705	0.00415	0.00477	0.00233	0.00229
18	0.00867	0.00703	0.04578	0.03270	0.01035	0.00621	0.02816	0.05239	0.01078	0.06846	0.02447	0.44221	0.11030	0.03331	0.00663	0.00188	0.03080	0.03088	0.00424	0.04473
19	0.09095	0.02734	0.02754	0.02772	0.04011	0.01028	0.02969	0.18333	0.07857	0.24444	0.02848	0.04112	0.01161	0.03525	0.00580	0.00164	0.03339	0.00498	0.07071	0.00705
20	0.00764	0.00512	0.00614	0.00616	0.00699	0.00486	0.00421	0.00890	0.02832	0.05568	0.14510	0.18120	0.15097	0.31373	0.02483	0.00296	0.00372	0.03521	0.00417	0.00409
21	0.00674	0.00480	0.00630	0.00722	0.00786	0.00462	0.00532	0.00830	0.02544	0.01371	0.06259	0.52227	0.05410	0.03105	0.00662	0.00205	0.00325	0.18887	0.03466	0.00423
22	0.02972	0.01137	0.01617	0.24696	0.16353	0.07233	0.09371	0.10350	0.02847	0.05949	0.01089	0.05670	0.00895	0.00570	0.00559	0.00158	0.05085	0.00495	0.00304	0.02650
23	0.02971	0.00772	0.00921	0.02233	0.02919	0.05404	0.01682	0.07071	0.02582	0.03258	0.01562	0.24286	0.01635	0.06470	0.04777	0.13902	0.08579	0.02388	0.04311	0.02275
24	0.07917	0.05107	0.10116	0.02899	0.08282	0.02056	0.07816	0.09354	0.03513	0.04799	0.03184	0.03187	0.00962	0.00508	0.00443	0.00129	0.00504	0.02004	0.00322	0.26896

[dist]
# distance from previous block
# <min> <max>
3	24

[block]
# block no. 11 follows, 51 sequences, length 10
# corresponding to MSA columns:
# 619-628
name=unknown_L
#
# <colnr> <probs for GDERKNQSTAVLIFYWHMCP>
#	G	D	E	R	K	N	Q	S	T	A	V	L	I	F	Y	W	H	M	C	P
0	0.02539	0.14387	0.16257	0.05123	0.07217	0.01254	0.03323	0.19452	0.01365	0.06337	0.06902	0.01334	0.01053	0.01919	0.00529	0.00147	0.03412	0.00430	0.00336	0.06685
1	0.00883	0.03242	0.01216	0.03577	0.01259	0.00745	0.15848	0.01138	0.05376	0.04939	0.09731	0.26480	0.11434	0.01166	0.04714	0.02829	0.02476	0.02039	0.00394	0.00512
2	0.00948	0.00830	0.01180	0.17264	0.03282	0.00996	0.02865	0.03825	0.13862	0.01436	0.03276	0.03612	0.03559	0.01647	0.26005	0.00370	0.13638	0.00540	0.00310	0.00557
3	0.01170	0.03655	0.01847	0.11640	0.57906	0.01174	0.01376	0.01494	0.04176	0.01550	0.00939	0.01222	0.00780	0.00468	0.00526	0.00147	0.04201	0.00429	0.00251	0.05048
4	0.01224	0.01300	0.10296	0.16306	0.18906	0.03938	0.10831	0.10798	0.10316	0.03009	0.01156	0.01489	0.00920	0.00555	0.00543	0.00161	0.03241	0.04007	0.00311	0.00693
5	0.00777	0.00518	0.00629	0.00604	0.00746	0.00461	0.00451	0.00954	0.01241	0.08025	0.37718	0.13219	0.27910	0.01099	0.00571	0.00162	0.00259	0.00951	0.03234	0.00471
6	0.00599	0.00428	0.00570	0.00684	0.00713	0.00399	0.00456	0.00684	0.00941	0.01254	0.02709	0.82409	0.03250	0.01540	0.00627	0.00200	0.00285	0.01397	0.00456	0.00399
7	0.03982	0.04087	0.07063	0.03799	0.01222	0.06444	0.04645	0.10225	0.01341	0.04345	0.28407	0.10297	0.08247	0.00858	0.00533	0.00158	0.00433	0.02927	0.00427	0.00559
8	0.03601	0.02930	0.00902	0.04418	0.03562	0.07358	0.00632	0.08180	0.03575	0.04940	0.14521	0.10917	0.26074	0.02879	0.00586	0.00169	0.00393	0.03406	0.00431	0.00526
9	0.00661	0.00487	0.00621	0.00700	0.00774	0.00463	0.00512	0.00818	0.03199	0.01349	0.06584	0.47510	0.13541	0.05033	0.00708	0.00209	0.00321	0.15636	0.00454	0.00421

[dist]
# distance from previous block
# <min> <max>
0	3

[block]
# block no. 12 follows, 51 sequences, length 8
# corresponding to MSA columns:
# 632-637,640,641
name=unknown_M
#
# <colnr> <probs for GDERKNQSTAVLIFYWHMCP>
#	G	D	E	R	K	N	Q	S	T	A	V	L	I	F	Y	W	H	M	C	P
0	0.01249	0.11160	0.20027	0.06635	0.10381	0.03223	0.11541	0.05987	0.07813	0.07356	0.01089	0.03077	0.00853	0.00543	0.00566	0.00156	0.06902	0.00452	0.00296	0.00693
1	0.06917	0.03041	0.01482	0.17258	0.10762	0.05210	0.07158	0.13666	0.06650	0.07741	0.07968	0.01487	0.01160	0.00658	0.02617	0.00172	0.04560	0.00482	0.00352	0.00658
2	0.00628	0.00491	0.00569	0.00567	0.00697	0.00432	0.00419	0.00790	0.01206	0.01573	0.34079	0.13530	0.40891	0.01185	0.00586	0.00165	0.00246	0.01021	0.00490	0.00432
3	0.00993	0.00675	0.04929	0.00750	0.00947	0.00545	0.00626	0.01170	0.01151	0.17902	0.06584	0.21315	0.23792	0.01146	0.00586	0.00181	0.00356	0.15349	0.00478	0.00526
4	0.01140	0.00949	0.01089	0.00850	0.04032	0.03409	0.00647	0.04016	0.01099	0.05395	0.00933	0.01059	0.00754	0.00391	0.00382	0.00084	0.00398	0.00312	0.00310	0.72750
5	0.02904	0.00976	0.01206	0.01064	0.01133	0.07844	0.03191	0.02861	0.04425	0.01220	0.00931	0.04823	0.00904	0.03303	0.04739	0.20052	0.37219	0.00480	0.00255	0.00470
6	0.00685	0.00478	0.00610	0.00675	0.00712	0.00471	0.00468	0.00769	0.00884	0.01176	0.02181	0.33598	0.02517	0.32599	0.05046	0.00338	0.00438	0.15597	0.00386	0.00373
7	0.01519	0.02940	0.07448	0.03007	0.05253	0.13065	0.02837	0.27931	0.09787	0.07041	0.01375	0.01410	0.05234	0.00586	0.00500	0.00144	0.02193	0.00454	0.00391	0.06884

[dist]
# distance from previous block
# <min> <max>
0	2

[block]
# block no. 13 follows, 51 sequences, length 15
# corresponding to MSA columns:
# 644-658
name=unknown_N
#
# <colnr> <probs for GDERKNQSTAVLIFYWHMCP>
#	G	D	E	R	K	N	Q	S	T	A	V	L	I	F	Y	W	H	M	C	P
0	0.01325	0.11307	0.06007	0.15307	0.21714	0.14092	0.12036	0.05291	0.02790	0.04185	0.00937	0.01160	0.00736	0.00472	0.00473	0.00145	0.00668	0.00418	0.00265	0.00673
1	0.00996	0.00860	0.01035	0.06962	0.01318	0.00680	0.00635	0.01219	0.01020	0.01565	0.01023	0.01177	0.03591	0.00406	0.00382	0.00083	0.00382	0.00330	0.00292	0.76045
2	0.00917	0.01031	0.13350	0.03104	0.07663	0.00864	0.02469	0.02505	0.12225	0.02666	0.12642	0.19338	0.06997	0.01020	0.03985	0.00198	0.07307	0.00757	0.00382	0.00581
3	0.03420	0.00579	0.00800	0.07055	0.02663	0.00595	0.02365	0.02465	0.02931	0.01375	0.02346	0.52477	0.04338	0.02578	0.01701	0.00206	0.01803	0.09430	0.00416	0.00454
4	0.00708	0.00477	0.00627	0.00700	0.00775	0.00442	0.00504	0.00832	0.01042	0.05178	0.09942	0.55812	0.09116	0.01400	0.00619	0.00194	0.00304	0.10423	0.00471	0.00434
5	0.01129	0.00741	0.00885	0.00834	0.01043	0.00764	0.00679	0.02910	0.21309	0.14320	0.05283	0.03334	0.13564	0.00949	0.00578	0.00178	0.02169	0.22183	0.06547	0.00602
6	0.01314	0.83025	0.02575	0.00841	0.01261	0.01945	0.00841	0.01472	0.00999	0.01156	0.00683	0.00788	0.00631	0.00420	0.00315	0.00105	0.00526	0.00263	0.00210	0.00631
7	0.00737	0.00476	0.00576	0.00581	0.00591	0.00481	0.00356	0.00727	0.00728	0.00974	0.01491	0.03024	0.01679	0.63481	0.06374	0.12277	0.00512	0.04339	0.00292	0.00301
8	0.00613	0.00436	0.00573	0.00669	0.00701	0.00409	0.00445	0.00701	0.00951	0.01275	0.07313	0.71574	0.03224	0.07676	0.00767	0.00218	0.00296	0.01314	0.00449	0.00395
9	0.12859	0.00867	0.00909	0.00839	0.01076	0.00961	0.00664	0.03362	0.39726	0.03565	0.09619	0.02453	0.07762	0.00778	0.00497	0.00166	0.00364	0.08295	0.04597	0.00639
10	0.04434	0.36057	0.06624	0.08333	0.02619	0.05924	0.02090	0.10539	0.01233	0.10957	0.03710	0.01178	0.01871	0.00517	0.00431	0.00133	0.01994	0.00378	0.00313	0.00663
11	0.01547	0.00964	0.01084	0.00893	0.01178	0.01016	0.00714	0.34003	0.08150	0.16895	0.01651	0.11115	0.01329	0.00710	0.00481	0.00150	0.00416	0.00578	0.16417	0.00708
12	0.00689	0.00499	0.00703	0.00720	0.00796	0.00538	0.00536	0.00848	0.00908	0.01293	0.12422	0.18066	0.02128	0.06897	0.46921	0.00545	0.00880	0.00755	0.03429	0.00428
13	0.03355	0.44877	0.03461	0.02523	0.01398	0.24703	0.00907	0.04815	0.01161	0.03247	0.00763	0.00885	0.00653	0.00484	0.00440	0.00123	0.05032	0.00306	0.00247	0.00620
14	0.09369	0.00850	0.04713	0.06211	0.01244	0.00803	0.05170	0.07424	0.06483	0.09047	0.13782	0.07298	0.13552	0.05908	0.02451	0.00197	0.00440	0.04073	0.00420	0.00563

[dist]
# distance from previous block
# <min> <max>
4	10

[block]
# block no. 14 follows, 51 sequences, length 9
# corresponding to MSA columns:
# 670,685-689,703-705
name=unknown_O
#
# <colnr> <probs for GDERKNQSTAVLIFYWHMCP>
#	G	D	E	R	K	N	Q	S	T	A	V	L	I	F	Y	W	H	M	C	P
0	0.09246	0.01203	0.01315	0.01013	0.01399	0.01276	0.00835	0.51785	0.01924	0.17732	0.01263	0.01231	0.00876	0.00567	0.00467	0.00144	0.00492	0.00427	0.00485	0.06321
1	0.00735	0.00538	0.00675	0.00717	0.00813	0.00519	0.00528	0.06792	0.01160	0.01543	0.14649	0.46244	0.11066	0.01330	0.00611	0.00188	0.00314	0.10654	0.00472	0.00451
2	0.00692	0.00519	0.00736	0.00790	0.00863	0.00497	0.04094	0.03470	0.01021	0.01359	0.02563	0.66799	0.03000	0.01433	0.00626	0.00199	0.00339	0.10120	0.00447	0.00433
3	0.02164	0.00901	0.01181	0.00905	0.01287	0.00819	0.00748	0.11500	0.01515	0.70746	0.01847	0.01613	0.01171	0.00606	0.00494	0.00152	0.00433	0.00488	0.00594	0.00836
4	0.00613	0.00438	0.00587	0.00701	0.00736	0.00412	0.00482	0.00710	0.00955	0.01271	0.02700	0.76565	0.03218	0.01526	0.00631	0.00202	0.00298	0.07095	0.00456	0.00403
5	0.01638	0.01734	0.01617	0.01307	0.01636	0.35930	0.12374	0.23227	0.01552	0.01821	0.00915	0.01055	0.00715	0.00525	0.00536	0.00139	0.05268	0.00396	0.00320	0.07292
6	0.66594	0.01003	0.00869	0.00737	0.01061	0.01131	0.00607	0.12745	0.01102	0.09053	0.00865	0.00930	0.00636	0.00489	0.00348	0.00151	0.00407	0.00312	0.00358	0.00603
7	0.00619	0.00456	0.00581	0.00641	0.00711	0.00417	0.00446	0.00746	0.01075	0.01437	0.21466	0.52224	0.14637	0.01368	0.00609	0.00184	0.00267	0.01223	0.00477	0.00417
8	0.00736	0.00526	0.00639	0.00628	0.00638	0.00567	0.00399	0.00766	0.00737	0.01005	0.01512	0.06878	0.01714	0.64219	0.10332	0.00474	0.06892	0.00707	0.00296	0.00336

[dist]
# distance from previous block
# <min> <max>
0	1

[block]
# block no. 15 follows, 51 sequences, length 97
# corresponding to MSA columns:
# 707-729,736-783,785-810
name=unknown_P
#
# <colnr> <probs for GDERKNQSTAVLIFYWHMCP>
#	G	D	E	R	K	N	Q	S	T	A	V	L	I	F	Y	W	H	M	C	P
0	0.00803	0.00850	0.08634	0.00793	0.01004	0.02640	0.02013	0.01172	0.11520	0.01544	0.18636	0.06151	0.25327	0.02659	0.11943	0.00257	0.02355	0.00772	0.00411	0.00516
1	0.00605	0.00435	0.00577	0.00685	0.00720	0.00403	0.00458	0.00693	0.00942	0.01260	0.02680	0.81147	0.03211	0.01521	0.00623	0.00198	0.00286	0.01380	0.00454	0.01722
2	0.00690	0.00528	0.00649	0.00692	0.00828	0.00488	0.00568	0.00874	0.01166	0.01488	0.15308	0.04920	0.34911	0.01257	0.00623	0.00190	0.00334	0.33580	0.00468	0.00439
3	0.01212	0.01193	0.01709	0.03989	0.08559	0.06548	0.19922	0.06006	0.23301	0.01685	0.01350	0.02707	0.02415	0.00687	0.02142	0.00181	0.13072	0.02313	0.00339	0.00669
4	0.01197	0.02982	0.21464	0.09386	0.22414	0.04548	0.13432	0.05342	0.05042	0.03392	0.00983	0.01208	0.00756	0.00496	0.00556	0.00157	0.05234	0.00440	0.00264	0.00705
5	0.01078	0.00986	0.01467	0.07584	0.09553	0.01196	0.05071	0.01223	0.00915	0.01344	0.01041	0.01573	0.00968	0.03678	0.24034	0.00392	0.36518	0.00510	0.00275	0.00594
6	0.12621	0.02077	0.01295	0.01170	0.01424	0.65422	0.00888	0.03371	0.01316	0.01379	0.00770	0.00902	0.00635	0.00512	0.00456	0.00132	0.02986	0.00318	0.01756	0.00567
