[name]
unknown

[dist]
# distance from previous block
# <min> <max>
3	187

[block]
# block no. 0 follows, 49 sequences, length 37
# corresponding to MSA columns:
# 908-944
name=unknown_A
#
# <colnr> <probs for GDERKNQSTAVLIFYWHMCP>
#	G	D	E	R	K	N	Q	S	T	A	V	L	I	F	Y	W	H	M	C	P
0	0.09581	0.04074	0.04080	0.08049	0.13559	0.01146	0.10461	0.12847	0.07183	0.08854	0.01396	0.06423	0.03258	0.02776	0.00576	0.00170	0.02132	0.00544	0.02202	0.00689
1	0.02965	0.02574	0.01388	0.05325	0.11299	0.06067	0.06080	0.08059	0.04650	0.12030	0.06947	0.05097	0.02675	0.02856	0.01794	0.00168	0.05529	0.00535	0.02045	0.11918
2	0.01323	0.01260	0.07435	0.04647	0.12659	0.08385	0.08333	0.12520	0.04801	0.07947	0.01467	0.09539	0.03448	0.03970	0.00600	0.00168	0.00571	0.02052	0.00366	0.08511
3	0.05412	0.01001	0.02720	0.06661	0.11272	0.03285	0.03211	0.10262	0.07249	0.12575	0.09023	0.09870	0.05855	0.00761	0.00592	0.00165	0.05458	0.00634	0.02011	0.01984
4	0.08284	0.05564	0.01257	0.02891	0.10794	0.00969	0.04872	0.07562	0.05758	0.07086	0.06163	0.10504	0.09146	0.00860	0.03105	0.00179	0.04138	0.00636	0.06076	0.04155
5	0.01314	0.15709	0.08827	0.07873	0.08488	0.07345	0.03711	0.09329	0.04614	0.07578	0.04344	0.05848	0.03050	0.03332	0.00544	0.00156	0.00558	0.00503	0.00341	0.06535
6	0.01259	0.01273	0.09522	0.09581	0.15685	0.03547	0.13388	0.06776	0.11720	0.06360	0.02558	0.03237	0.01062	0.00559	0.00510	0.00155	0.00590	0.01957	0.02223	0.08036
7	0.07408	0.05038	0.02805	0.12784	0.08206	0.02508	0.02239	0.10076	0.05468	0.08033	0.04940	0.04501	0.07636	0.06530	0.03367	0.02097	0.02282	0.01691	0.00369	0.02024
8	0.01200	0.04569	0.05302	0.06015	0.04081	0.05160	0.04513	0.14820	0.03889	0.05338	0.08917	0.16391	0.03066	0.02581	0.00609	0.02640	0.00489	0.00673	0.00396	0.09353
9	0.01222	0.09523	0.16555	0.05387	0.10931	0.04024	0.09032	0.05364	0.04407	0.05459	0.02641	0.04628	0.01021	0.00568	0.00519	0.00147	0.03015	0.02467	0.00309	0.12781
10	0.17931	0.11967	0.09441	0.11375	0.14214	0.08565	0.04095	0.04613	0.01127	0.03750	0.00918	0.02667	0.00745	0.00496	0.00434	0.00145	0.00587	0.00390	0.00280	0.06260
11	0.00824	0.00488	0.00706	0.00703	0.00745	0.00503	0.00496	0.00759	0.00740	0.01017	0.01160	0.04674	0.01174	0.07540	0.22123	0.49894	0.00673	0.02361	0.00256	0.03164
12	0.01141	0.01585	0.33287	0.05007	0.12371	0.00972	0.05756	0.01532	0.01173	0.10856	0.11911	0.06050	0.01468	0.00625	0.00515	0.00158	0.00582	0.00547	0.00335	0.04128
13	0.08134	0.00882	0.01032	0.00845	0.01153	0.00845	0.00667	0.15198	0.03415	0.22980	0.05945	0.14793	0.01598	0.03472	0.00564	0.00160	0.00407	0.00625	0.00474	0.16813
14	0.00948	0.00711	0.00882	0.00890	0.05743	0.00722	0.00631	0.03016	0.18105	0.04585	0.42539	0.05189	0.06983	0.00917	0.00562	0.00163	0.00317	0.02569	0.03946	0.00584
15	0.00696	0.00511	0.00603	0.00580	0.00716	0.00460	0.00435	0.00897	0.01304	0.01791	0.47072	0.03978	0.29520	0.01078	0.00575	0.00159	0.00244	0.00927	0.07993	0.00460
16	0.85801	0.00978	0.00743	0.00665	0.00978	0.01134	0.00548	0.01486	0.00861	0.02269	0.00704	0.00821	0.00548	0.00469	0.00313	0.00156	0.00391	0.00274	0.00313	0.00548
17	0.00614	0.00468	0.00565	0.00635	0.00717	0.00419	0.00440	0.00722	0.01052	0.01349	0.06891	0.51869	0.29528	0.01455	0.00627	0.00191	0.00278	0.01287	0.00473	0.00419
18	0.01014	0.02616	0.79609	0.01441	0.02189	0.01174	0.01868	0.01601	0.01068	0.01601	0.00907	0.01068	0.00641	0.00480	0.00480	0.00160	0.00747	0.00374	0.00214	0.00747
19	0.00724	0.00581	0.00625	0.00606	0.00774	0.00544	0.00456	0.01043	0.10922	0.01618	0.19144	0.06706	0.47593	0.01129	0.00575	0.00167	0.00271	0.00954	0.05083	0.00486
20	0.01106	0.01106	0.01549	0.01328	0.01328	0.01549	0.01106	0.01217	0.00774	0.01217	0.00664	0.01106	0.00664	0.00885	0.01659	0.00221	0.81303	0.00443	0.00221	0.00553
21	0.01779	0.00780	0.01035	0.00835	0.01145	0.00702	0.00673	0.02062	0.06178	0.53332	0.23158	0.02298	0.02239	0.00742	0.00533	0.00158	0.00376	0.00624	0.00600	0.00751
22	0.01164	0.01357	0.04885	0.02052	0.02550	0.01239	0.71994	0.01580	0.01181	0.01605	0.01095	0.04790	0.00874	0.00477	0.00596	0.00172	0.00826	0.00627	0.00264	0.00672
23	0.00607	0.00475	0.00551	0.00612	0.00709	0.00419	0.00428	0.00714	0.01057	0.01327	0.03911	0.44828	0.39689	0.01438	0.00622	0.00189	0.00275	0.01259	0.00469	0.00419
24	0.01688	0.01564	0.01390	0.01382	0.12247	0.30975	0.00955	0.16562	0.02812	0.11498	0.01300	0.04323	0.03024	0.00617	0.00514	0.00147	0.02623	0.00468	0.05223	0.00689
25	0.01523	0.03815	0.01326	0.01064	0.01398	0.01387	0.00856	0.33047	0.42756	0.02516	0.01660	0.01578	0.01230	0.00643	0.00501	0.00160	0.00464	0.00512	0.02754	0.00811
26	0.03516	0.06730	0.07255	0.16111	0.18168	0.09029	0.01102	0.02977	0.02638	0.11135	0.05048	0.10113	0.02726	0.00664	0.00502	0.00158	0.00564	0.00565	0.00342	0.00658
27	0.01486	0.04560	0.01486	0.08687	0.03705	0.05685	0.03186	0.30131	0.23864	0.02241	0.01344	0.01413	0.01018	0.00722	0.03234	0.00183	0.05405	0.00480	0.00418	0.00753
28	0.01252	0.01201	0.02053	0.03104	0.79074	0.01201	0.01552	0.01552	0.01151	0.01652	0.00951	0.01252	0.00801	0.00451	0.00501	0.00150	0.00601	0.00451	0.00250	0.00801
29	0.00937	0.00527	0.00702	0.00739	0.00846	0.00479	0.00527	0.01051	0.01072	0.16290	0.02727	0.61581	0.05994	0.01384	0.00618	0.00195	0.00322	0.03010	0.00499	0.00499
30	0.00735	0.00492	0.00563	0.00563	0.00567	0.00496	0.00321	0.00743	0.00739	0.00989	0.01583	0.03252	0.01814	0.78828	0.05940	0.00504	0.00528	0.00727	0.00305	0.00313
31	0.01734	0.01235	0.01317	0.01031	0.01380	0.01358	0.00845	0.62766	0.02125	0.02937	0.01298	0.01343	0.00944	0.00604	0.00477	0.00145	0.00495	0.00458	0.16724	0.00785
32	0.33049	0.01048	0.01136	0.05853	0.03422	0.01138	0.02921	0.18513	0.06897	0.07271	0.01192	0.03915	0.02069	0.00631	0.01923	0.00165	0.00479	0.00434	0.00388	0.07555
33	0.05213	0.00999	0.01149	0.00912	0.01236	0.01035	0.00746	0.30210	0.01672	0.29174	0.01539	0.01511	0.01068	0.00612	0.00501	0.00148	0.02789	0.00469	0.18260	0.00757
34	0.05558	0.01137	0.03922	0.02670	0.02767	0.03680	0.11453	0.13647	0.05916	0.09704	0.01267	0.03157	0.02125	0.04631	0.00607	0.00155	0.02505	0.00472	0.00371	0.24256
35	0.01136	0.00977	0.00964	0.00876	0.01077	0.10990	0.00666	0.06110	0.21064	0.03835	0.20041	0.05967	0.02184	0.05659	0.09468	0.00246	0.00535	0.00646	0.04111	0.03449
36	0.06281	0.05690	0.05056	0.02600	0.09280	0.09904	0.10591	0.21741	0.08445	0.04368	0.02639	0.01268	0.00916	0.00544	0.00517	0.00149	0.02906	0.00445	0.00363	0.06293

[dist]
# distance from previous block
# <min> <max>
1	9

[block]
# block no. 1 follows, 49 sequences, length 79
# corresponding to MSA columns:
# 961-980,984-1042
name=unknown_B
#
# <colnr> <probs for GDERKNQSTAVLIFYWHMCP>
#	G	D	E	R	K	N	Q	S	T	A	V	L	I	F	Y	W	H	M	C	P
0	0.05553	0.13508	0.05174	0.01020	0.01414	0.04377	0.03089	0.20588	0.03583	0.20728	0.01243	0.01255	0.00897	0.00552	0.00497	0.00141	0.03641	0.00413	0.02454	0.09873
1	0.04313	0.03417	0.06329	0.00942	0.01331	0.00901	0.04891	0.08071	0.03258	0.12195	0.08001	0.01598	0.02662	0.00623	0.01904	0.00140	0.03138	0.01966	0.00383	0.33937
2	0.01177	0.00869	0.01031	0.00771	0.01171	0.00694	0.00614	0.03608	0.02612	0.10713	0.05069	0.04236	0.02997	0.00513	0.00422	0.00099	0.00374	0.00423	0.00370	0.62236
3	0.01889	0.02410	0.01433	0.01303	0.01563	0.80199	0.00977	0.02019	0.01433	0.01238	0.00782	0.00912	0.00651	0.00521	0.00456	0.00130	0.00912	0.00326	0.00261	0.00586
4	0.01578	0.01250	0.01386	0.04288	0.03561	0.01419	0.00936	0.40446	0.32019	0.02584	0.01508	0.01481	0.01113	0.00640	0.00549	0.00163	0.03288	0.00500	0.00482	0.00813
5	0.01239	0.02658	0.02801	0.08415	0.03307	0.09668	0.03501	0.15925	0.05373	0.01737	0.01402	0.18021	0.01349	0.00833	0.00744	0.00175	0.16195	0.00649	0.05397	0.00611
6	0.00706	0.00530	0.00656	0.00633	0.00760	0.00490	0.00471	0.00954	0.03994	0.01855	0.57066	0.09978	0.17808	0.01109	0.00598	0.00165	0.00252	0.00971	0.00533	0.00474
7	0.01729	0.07365	0.01277	0.00919	0.01256	0.01140	0.00761	0.31921	0.05808	0.22694	0.01515	0.01492	0.01074	0.00599	0.00461	0.00144	0.00447	0.00464	0.18175	0.00759
8	0.00943	0.00709	0.02279	0.00767	0.00974	0.00628	0.00587	0.02856	0.01023	0.06611	0.04637	0.20600	0.01824	0.12746	0.11389	0.00282	0.02551	0.02863	0.00374	0.25355
9	0.00756	0.00542	0.00639	0.00624	0.00663	0.00560	0.00400	0.00857	0.03612	0.01189	0.10673	0.04445	0.06586	0.56348	0.06584	0.00426	0.03619	0.00758	0.00349	0.00370
10	0.01266	0.65389	0.02195	0.00783	0.01150	0.01681	0.00758	0.01444	0.01034	0.01335	0.00901	0.01036	0.00784	0.00465	0.00331	0.00110	0.00477	0.00312	0.17936	0.00612
11	0.01421	0.00685	0.00901	0.00815	0.01047	0.00632	0.00660	0.01663	0.04050	0.34642	0.09149	0.11559	0.04847	0.00956	0.00562	0.00176	0.00382	0.17110	0.08104	0.00640
12	0.21604	0.01002	0.01144	0.00899	0.01275	0.01003	0.00742	0.17562	0.01501	0.45906	0.01535	0.01408	0.01008	0.00586	0.00463	0.00156	0.00447	0.00443	0.00529	0.00788
13	0.00752	0.00622	0.00799	0.00791	0.00900	0.00639	0.03306	0.00988	0.07924	0.01384	0.03031	0.34174	0.23508	0.06308	0.00832	0.00212	0.07572	0.05355	0.00433	0.00469
14	0.01049	0.00899	0.01049	0.00749	0.01198	0.00674	0.00599	0.01273	0.01049	0.01648	0.00899	0.01049	0.00749	0.00374	0.00374	0.00075	0.00374	0.00300	0.00300	0.85320
15	0.85801	0.00978	0.00743	0.00665	0.00978	0.01134	0.00548	0.01486	0.00861	0.02269	0.00704	0.00821	0.00548	0.00469	0.00313	0.00156	0.00391	0.00274	0.00313	0.00548
16	0.01438	0.01086	0.01175	0.01014	0.01323	0.01212	0.00801	0.13160	0.55931	0.10797	0.02051	0.01890	0.04436	0.00691	0.00516	0.00167	0.00420	0.00568	0.00524	0.00801
17	0.00779	0.00688	0.01220	0.01087	0.01247	0.00646	0.20266	0.00964	0.01040	0.01391	0.02325	0.55866	0.02651	0.01273	0.00637	0.00198	0.00449	0.06374	0.00414	0.00484
18	0.01049	0.00899	0.01049	0.00749	0.01198	0.00674	0.00599	0.01273	0.01049	0.01648	0.00899	0.01049	0.00749	0.00374	0.00374	0.00075	0.00374	0.00300	0.00300	0.85320
19	0.00884	0.00635	0.00838	0.02511	0.02759	0.02024	0.02752	0.01140	0.03455	0.07688	0.52872	0.09684	0.08766	0.01002	0.00585	0.00163	0.00311	0.00886	0.00520	0.00523
20	0.00633	0.00451	0.00578	0.00673	0.00704	0.00423	0.00441	0.00710	0.00941	0.01247	0.02707	0.66816	0.06332	0.13685	0.00933	0.00247	0.00321	0.01316	0.00445	0.00396
21	0.01752	0.05305	0.01745	0.01422	0.01736	0.61534	0.13868	0.04129	0.01404	0.01357	0.00832	0.00993	0.00677	0.00504	0.00476	0.00137	0.00877	0.00373	0.00265	0.00613
22	0.01195	0.01103	0.04393	0.22380	0.24618	0.01098	0.05499	0.10749	0.03050	0.03769	0.01277	0.05600	0.03945	0.00578	0.00507	0.00154	0.00574	0.00521	0.00315	0.08675
23	0.01321	0.05828	0.13705	0.16113	0.22408	0.07091	0.04273	0.05389	0.05767	0.08728	0.01099	0.01300	0.00837	0.00621	0.03222	0.00177	0.00663	0.00441	0.00302	0.00717
24	0.01166	0.00652	0.00746	0.00672	0.00868	0.00650	0.00521	0.01593	0.14239	0.15230	0.16543	0.02338	0.05167	0.00724	0.00463	0.00144	0.00298	0.00603	0.36788	0.00593
25	0.00664	0.00493	0.00619	0.00634	0.00735	0.00448	0.00458	0.00836	0.01239	0.01682	0.42136	0.27706	0.17997	0.01246	0.00612	0.00175	0.00258	0.01102	0.00514	0.00448
26	0.00913	0.05568	0.37914	0.10243	0.03774	0.00976	0.03069	0.01292	0.01070	0.01480	0.03338	0.13664	0.10594	0.00779	0.00527	0.00169	0.00582	0.03128	0.00301	0.00618
27	0.01335	0.00786	0.01017	0.04051	0.05771	0.00725	0.00683	0.07090	0.01217	0.23032	0.01718	0.17529	0.01549	0.08333	0.00690	0.00179	0.00413	0.00661	0.06438	0.16783
28	0.20034	0.00907	0.01095	0.00860	0.01235	0.00858	0.00710	0.05156	0.01358	0.60052	0.01690	0.01510	0.01087	0.00592	0.00467	0.00156	0.00427	0.00457	0.00555	0.00794
29	0.00712	0.00512	0.00636	0.00636	0.00758	0.00462	0.00471	0.00892	0.01262	0.03817	0.40620	0.19335	0.23032	0.01205	0.00607	0.00174	0.00267	0.03624	0.00516	0.00462
30	0.00965	0.00856	0.01363	0.23646	0.26583	0.00915	0.01131	0.01261	0.03643	0.01493	0.04255	0.15462	0.03923	0.00841	0.00561	0.00178	0.00522	0.11463	0.00336	0.00601
31	0.03132	0.00885	0.01035	0.00918	0.01186	0.00929	0.00720	0.02188	0.37219	0.24571	0.06146	0.12371	0.01892	0.00826	0.00537	0.00173	0.00389	0.03612	0.00537	0.00733
32	0.31256	0.00978	0.01072	0.00855	0.01220	0.00993	0.00705	0.12503	0.01372	0.42045	0.01438	0.01338	0.00953	0.00569	0.00440	0.00156	0.00434	0.00420	0.00500	0.00752
33	0.00633	0.00465	0.00623	0.03830	0.00839	0.00442	0.00502	0.00739	0.00999	0.01327	0.06168	0.71452	0.07096	0.01503	0.00635	0.00200	0.00304	0.01357	0.00464	0.00420
34	0.02132	0.00860	0.01145	0.00891	0.01262	0.00759	0.00731	0.05910	0.01464	0.70153	0.02106	0.04474	0.04336	0.00682	0.00516	0.00158	0.00425	0.00559	0.00609	0.00829
35	0.00616	0.00440	0.00587	0.00704	0.00733	0.00411	0.00469	0.00704	0.00968	0.01291	0.02787	0.81899	0.03344	0.01584	0.00645	0.00205	0.00293	0.01438	0.00469	0.00411
36	0.12201	0.04697	0.03707	0.04986	0.04047	0.47083	0.00992	0.07698	0.01333	0.01542	0.00809	0.00971	0.00661	0.00541	0.00532	0.00145	0.06817	0.00347	0.00278	0.00613
37	0.01042	0.00567	0.00577	0.00541	0.00688	0.00582	0.00415	0.08900	0.01194	0.02017	0.01605	0.01817	0.01252	0.00591	0.00369	0.00121	0.00268	0.00470	0.76471	0.00511
38	0.01295	0.11953	0.08238	0.10812	0.15336	0.05274	0.15942	0.07073	0.10615	0.03259	0.01077	0.01273	0.00838	0.00519	0.00548	0.00157	0.04326	0.00459	0.00298	0.00710
39	0.00628	0.00505	0.00560	0.00564	0.00706	0.00437	0.00416	0.00778	0.01198	0.01515	0.22398	0.13373	0.52636	0.01256	0.00603	0.00172	0.00256	0.01073	0.00490	0.00437
40	0.01691	0.01778	0.01694	0.01370	0.01707	0.38782	0.15402	0.11243	0.01443	0.08206	0.00986	0.01124	0.00758	0.00532	0.00552	0.00144	0.05078	0.00413	0.00322	0.06777
41	0.01170	0.01240	0.13175	0.11964	0.15182	0.04279	0.01109	0.07750	0.04456	0.05657	0.01377	0.12654	0.01258	0.02515	0.00556	0.00163	0.00546	0.03250	0.00339	0.11360
42	0.01040	0.01001	0.03455	0.16353	0.17628	0.05082	0.03185	0.05683	0.04608	0.01676	0.16844	0.03789	0.11961	0.00819	0.02433	0.00177	0.02647	0.00645	0.00364	0.00608
43	0.01847	0.01364	0.01459	0.01132	0.01519	0.01512	0.00931	0.69998	0.07272	0.03074	0.01283	0.01280	0.00919	0.00612	0.00501	0.00152	0.00536	0.00463	0.03305	0.00843
44	0.03544	0.00996	0.02559	0.14567	0.18493	0.01045	0.06190	0.10962	0.09421	0.01755	0.01577	0.12599	0.03410	0.02205	0.03798	0.00203	0.00569	0.05099	0.00358	0.00649
45	0.00737	0.00488	0.00555	0.00558	0.00558	0.00487	0.00313	0.00733	0.00738	0.00984	0.01596	0.04815	0.01841	0.78326	0.02518	0.02913	0.00485	0.00741	0.00307	0.00306
46	0.01331	0.74053	0.06052	0.00892	0.01327	0.01901	0.00900	0.03494	0.01078	0.01289	0.03312	0.00932	0.00791	0.00459	0.00345	0.00113	0.00541	0.00301	0.00235	0.00653
47	0.00955	0.00899	0.01517	0.81013	0.03483	0.01123	0.01404	0.01292	0.01011	0.01292	0.00899	0.01348	0.00674	0.00506	0.00506	0.00169	0.00674	0.00449	0.00225	0.00562
48	0.01252	0.01201	0.02053	0.03104	0.79074	0.01201	0.01552	0.01552	0.01151	0.01652	0.00951	0.01252	0.00801	0.00451	0.00501	0.00150	0.00601	0.00451	0.00250	0.00801
49	0.01150	0.01198	0.01793	0.01466	0.01563	0.04334	0.14266	0.01315	0.00871	0.01287	0.00730	0.01144	0.00681	0.00793	0.01432	0.00209	0.64498	0.00465	0.00229	0.00577
50	0.00722	0.00542	0.00813	0.00813	0.00903	0.00632	0.00632	0.00903	0.00813	0.01174	0.01354	0.01987	0.01264	0.03792	0.80225	0.00813	0.01354	0.00542	0.00271	0.00451
51	0.00735	0.00490	0.00552	0.00552	0.00552	0.00490	0.00306	0.00735	0.00735	0.00980	0.01593	0.03309	0.01838	0.82229	0.02574	0.00490	0.00490	0.00735	0.00306	0.00306
52	0.00778	0.00611	0.00902	0.00874	0.00949	0.00744	0.00686	0.00934	0.00802	0.01168	0.01246	0.01855	0.01171	0.03335	0.66951	0.04047	0.11704	0.00525	0.00262	0.00456
53	0.04469	0.00833	0.01056	0.00832	0.01148	0.00752	0.00662	0.05546	0.01183	0.32214	0.01327	0.01409	0.00967	0.00772	0.00787	0.16369	0.03551	0.00421	0.00421	0.25280
54	0.01352	0.82533	0.02650	0.00865	0.01298	0.02001	0.00865	0.01514	0.01027	0.01190	0.00703	0.00811	0.00649	0.00433	0.00324	0.00108	0.00541	0.00270	0.00216	0.00649
55	0.00808	0.00714	0.01230	0.01093	0.01268	0.00680	0.19609	0.01049	0.03836	0.01434	0.02398	0.46027	0.05505	0.01228	0.00634	0.00198	0.00457	0.10913	0.00417	0.00500
56	0.01049	0.00899	0.01049	0.00749	0.01198	0.00674	0.00599	0.01273	0.01049	0.01648	0.00899	0.01049	0.00749	0.00374	0.00374	0.00075	0.00374	0.00300	0.00300	0.85320
57	0.03954	0.01094	0.01508	0.01487	0.17653	0.03821	0.05777	0.12125	0.02652	0.38916	0.01531	0.03349	0.01079	0.00595	0.00530	0.00157	0.01993	0.00504	0.00474	0.00802
58	0.79533	0.01046	0.00798	0.00707	0.01022	0.03998	0.00579	0.04443	0.00940	0.02267	0.00727	0.00840	0.00563	0.00477	0.00326	0.00155	0.00416	0.00283	0.00319	0.00561
59	0.00723	0.00539	0.00797	0.00797	0.00881	0.00623	0.00612	0.00893	0.00808	0.01162	0.01369	0.02068	0.01300	0.08638	0.75428	0.00793	0.01301	0.00554	0.00273	0.00443
60	0.01194	0.01364	0.02984	0.02131	0.02643	0.01279	0.77238	0.01620	0.01194	0.01620	0.01023	0.01364	0.00767	0.00426	0.00597	0.00171	0.00853	0.00597	0.00256	0.00682
61	0.00599	0.00508	0.00517	0.00524	0.00686	0.00426	0.00389	0.00724	0.01141	0.01361	0.04981	0.09538	0.74289	0.01299	0.00601	0.00173	0.00258	0.01090	0.00470	0.00426
62	0.01413	0.01164	0.01231	0.01061	0.01374	0.01330	0.00838	0.20172	0.60423	0.02366	0.01861	0.01729	0.01384	0.00668	0.00513	0.00167	0.00437	0.00544	0.00513	0.00814
63	0.01194	0.01364	0.02984	0.02131	0.02643	0.01279	0.77238	0.01620	0.01194	0.01620	0.01023	0.01364	0.00767	0.00426	0.00597	0.00171	0.00853	0.00597	0.00256	0.00682
64	0.01046	0.01054	0.01715	0.03260	0.03738	0.06117	0.26871	0.01264	0.00974	0.01313	0.01115	0.01798	0.01047	0.18277	0.14148	0.00348	0.14548	0.00566	0.00262	0.00538
65	0.00962	0.20574	0.04543	0.22482	0.03610	0.01120	0.00954	0.01187	0.00935	0.01231	0.01073	0.03202	0.00969	0.03286	0.29799	0.01945	0.00877	0.00463	0.00246	0.00541
66	0.01160	0.01114	0.09744	0.08267	0.06379	0.06872	0.03808	0.05260	0.03263	0.10313	0.09782	0.09724	0.09963	0.00905	0.02449	0.00184	0.03203	0.05422	0.01575	0.00611
67	0.01118	0.00897	0.01056	0.00758	0.01204	0.00678	0.00607	0.01341	0.01071	0.06080	0.00961	0.01087	0.00778	0.00389	0.00382	0.00080	0.00378	0.00311	0.00318	0.80507
68	0.00629	0.00482	0.00549	0.00591	0.00681	0.00432	0.00404	0.00723	0.01022	0.01287	0.04975	0.32568	0.37454	0.14728	0.00941	0.00236	0.00308	0.01144	0.00444	0.00402
69	0.02269	0.00861	0.01174	0.00900	0.01291	0.00743	0.00743	0.02464	0.01447	0.79425	0.01995	0.01721	0.01252	0.00626	0.00509	0.00156	0.00430	0.00509	0.00626	0.00861
70	0.01197	0.01121	0.04111	0.07290	0.16654	0.07693	0.00973	0.13085	0.08601	0.01864	0.16700	0.04247	0.04609	0.00839	0.02716	0.03472	0.03204	0.00594	0.00385	0.00643
71	0.14042	0.23304	0.01685	0.01161	0.05146	0.36817	0.00906	0.06992	0.01293	0.03286	0.00815	0.00927	0.00671	0.00495	0.00407	0.00131	0.00687	0.00322	0.00281	0.00633
72	0.85801	0.00978	0.00743	0.00665	0.00978	0.01134	0.00548	0.01486	0.00861	0.02269	0.00704	0.00821	0.00548	0.00469	0.00313	0.00156	0.00391	0.00274	0.00313	0.00548
73	0.01114	0.01031	0.04969	0.01517	0.18390	0.01068	0.05493	0.09092	0.05193	0.02861	0.02717	0.01704	0.01120	0.10064	0.19191	0.00352	0.12671	0.00523	0.00308	0.00622
74	0.00647	0.00489	0.00587	0.00623	0.00720	0.00442	0.00444	0.00780	0.01120	0.01462	0.20081	0.31233	0.28254	0.07180	0.00760	0.00205	0.00290	0.03780	0.00477	0.00425
75	0.04603	0.14571	0.18015	0.01261	0.07180	0.07031	0.02878	0.09509	0.18733	0.02781	0.01347	0.05060	0.02060	0.00613	0.00476	0.00154	0.00569	0.02098	0.00349	0.00714
76	0.00671	0.00481	0.00606	0.00648	0.00700	0.00468	0.00435	0.00766	0.00953	0.01278	0.10907	0.34517	0.09945	0.24499	0.10468	0.00348	0.00463	0.01042	0.00410	0.00395
77	0.02272	0.15068	0.01401	0.07062	0.01378	0.04886	0.02306	0.11717	0.06623	0.02733	0.01313	0.05319	0.03725	0.02718	0.13408	0.03583	0.03499	0.00495	0.00329	0.10165
78	0.01083	0.00915	0.07646	0.01015	0.07402	0.02720	0.00769	0.04032	0.02639	0.11850	0.21959	0.17012	0.05526	0.04120	0.00662	0.00175	0.02811	0.00779	0.00444	0.06439

[dist]
# distance from previous block
# <min> <max>
2	14

[block]
# block no. 2 follows, 49 sequences, length 20
# corresponding to MSA columns:
# 1071-1090
name=unknown_C
#
# <colnr> <probs for GDERKNQSTAVLIFYWHMCP>
#	G	D	E	R	K	N	Q	S	T	A	V	L	I	F	Y	W	H	M	C	P
0	0.01010	0.00895	0.01420	0.15518	0.35353	0.00925	0.01111	0.01254	0.01118	0.02947	0.08853	0.06935	0.10981	0.05023	0.00670	0.00182	0.02251	0.02603	0.00329	0.00622
1	0.01235	0.01191	0.06596	0.19117	0.12074	0.06041	0.02375	0.08923	0.17663	0.03830	0.03788	0.01627	0.03649	0.00605	0.00526	0.00159	0.02509	0.00504	0.06905	0.00682
2	0.00860	0.00621	0.00722	0.00660	0.00811	0.00597	0.00489	0.09723	0.01353	0.03506	0.36046	0.05292	0.22411	0.13627	0.00892	0.00213	0.00324	0.00874	0.00490	0.00489
3	0.31306	0.03864	0.04827	0.20337	0.10815	0.01196	0.03801	0.06935	0.01074	0.01865	0.00870	0.01109	0.00680	0.00505	0.00479	0.00157	0.04334	0.00381	0.03067	0.02398
4	0.00605	0.00502	0.00529	0.00545	0.00693	0.00426	0.00400	0.00731	0.01135	0.01379	0.07413	0.16233	0.65036	0.01317	0.00605	0.00175	0.00261	0.01117	0.00473	0.00426
5	0.01142	0.01198	0.07626	0.07452	0.37716	0.03164	0.02827	0.01666	0.16797	0.01658	0.01468	0.10916	0.02836	0.00656	0.00522	0.00163	0.00546	0.00598	0.00330	0.00719
6	0.01126	0.01232	0.02566	0.24582	0.02882	0.01235	0.55654	0.01526	0.01142	0.01526	0.00988	0.01360	0.00741	0.00449	0.00571	0.00170	0.00802	0.00555	0.00247	0.00648
7	0.00734	0.00513	0.00635	0.00634	0.00757	0.00460	0.00464	0.00904	0.01245	0.05316	0.37378	0.23515	0.23138	0.01215	0.00605	0.00174	0.00266	0.01065	0.00516	0.00466
8	0.01174	0.01305	0.02655	0.01947	0.02341	0.01341	0.59769	0.01527	0.01097	0.01527	0.00941	0.01305	0.00744	0.00532	0.00841	0.00182	0.19312	0.00561	0.00248	0.00652
9	0.00692	0.00499	0.00670	0.00772	0.00845	0.00477	0.00589	0.00843	0.01075	0.01418	0.07344	0.46287	0.06917	0.01470	0.00659	0.00211	0.00350	0.27974	0.00473	0.00435
10	0.01014	0.02616	0.79609	0.01441	0.02189	0.01174	0.01868	0.01601	0.01068	0.01601	0.00907	0.01068	0.00641	0.00480	0.00480	0.00160	0.00747	0.00374	0.00214	0.00747
11	0.01147	0.01636	0.20480	0.01925	0.02460	0.01271	0.55372	0.01591	0.01139	0.01591	0.00975	0.01281	0.00732	0.00466	0.00634	0.00171	0.05660	0.00536	0.00244	0.00689
12	0.01352	0.82533	0.02650	0.00865	0.01298	0.02001	0.00865	0.01514	0.01027	0.01190	0.00703	0.00811	0.00649	0.00433	0.00324	0.00108	0.00541	0.00270	0.00216	0.00649
13	0.01751	0.01198	0.01323	0.01068	0.01428	0.01308	0.00865	0.37335	0.28977	0.16715	0.01655	0.01544	0.01173	0.00638	0.00509	0.00160	0.00478	0.00506	0.00531	0.00839
14	0.60672	0.00943	0.00873	0.00736	0.01072	0.01017	0.00606	0.01781	0.01037	0.25480	0.01092	0.01092	0.00759	0.00516	0.00372	0.00156	0.00403	0.00344	0.00407	0.00642
15	0.01224	0.01174	0.02004	0.10210	0.72180	0.01194	0.01538	0.01528	0.01139	0.01619	0.00946	0.01260	0.00789	0.00456	0.00501	0.00152	0.00607	0.00450	0.00248	0.00779
16	0.01386	0.01069	0.01168	0.01007	0.01286	0.01180	0.00797	0.34423	0.25385	0.02376	0.01950	0.16462	0.04022	0.00868	0.00546	0.00172	0.00447	0.04228	0.00499	0.00728
17	0.00760	0.00592	0.00761	0.00766	0.00865	0.00591	0.02926	0.02907	0.07722	0.01466	0.09483	0.42201	0.11819	0.09746	0.00848	0.00223	0.02500	0.02906	0.00452	0.00466
18	0.03213	0.01026	0.01321	0.01136	0.01236	0.03679	0.00926	0.03265	0.04660	0.11284	0.01121	0.01487	0.02550	0.05685	0.07644	0.00266	0.48112	0.00488	0.00311	0.00588
19	0.03896	0.27360	0.04507	0.03875	0.01436	0.03292	0.06614	0.13607	0.07926	0.03382	0.08282	0.03152	0.01329	0.04677	0.03008	0.00181	0.00557	0.01914	0.00351	0.00652

[dist]
# distance from previous block
# <min> <max>
1	35

[block]
# block no. 3 follows, 49 sequences, length 21
# corresponding to MSA columns:
# 1129-1149
name=unknown_D
#
# <colnr> <probs for GDERKNQSTAVLIFYWHMCP>
#	G	D	E	R	K	N	Q	S	T	A	V	L	I	F	Y	W	H	M	C	P
0	0.08550	0.15720	0.06787	0.05777	0.08564	0.09024	0.01015	0.17671	0.03499	0.06178	0.03572	0.01201	0.00899	0.00557	0.00528	0.00147	0.06051	0.00404	0.00339	0.03517
1	0.03898	0.03893	0.03938	0.14778	0.04575	0.01017	0.11930	0.07342	0.07952	0.03487	0.15703	0.02057	0.06067	0.01000	0.08779	0.00230	0.01774	0.00599	0.00369	0.00613
2	0.01496	0.01175	0.01392	0.01132	0.01430	0.01331	0.04451	0.34758	0.20564	0.05084	0.03266	0.01628	0.04127	0.00852	0.04732	0.00201	0.10647	0.00529	0.00453	0.00753
3	0.00794	0.00663	0.00973	0.00921	0.01019	0.03649	0.10380	0.00894	0.00956	0.01263	0.02086	0.49482	0.02390	0.06111	0.04403	0.09163	0.02966	0.01072	0.00382	0.00433
4	0.00704	0.00514	0.00609	0.00604	0.00740	0.00454	0.00446	0.00869	0.01238	0.04346	0.32404	0.17024	0.35780	0.01215	0.00602	0.00172	0.00262	0.01051	0.00508	0.00458
5	0.01375	0.79019	0.02596	0.00884	0.01309	0.05430	0.00870	0.01536	0.01045	0.01192	0.00706	0.00816	0.00649	0.00436	0.00330	0.00109	0.00557	0.00273	0.00218	0.00646
6	0.00659	0.00478	0.00639	0.00716	0.00749	0.00481	0.00488	0.00750	0.00911	0.01232	0.02371	0.58048	0.02779	0.12273	0.12652	0.00332	0.02433	0.01191	0.00413	0.00407
7	0.01868	0.02324	0.01459	0.01361	0.04344	0.73973	0.00997	0.05253	0.01464	0.01337	0.00806	0.00937	0.00666	0.00522	0.00460	0.00132	0.00885	0.00336	0.00271	0.00606
8	0.00955	0.00899	0.01517	0.81013	0.03483	0.01123	0.01404	0.01292	0.01011	0.01292	0.00899	0.01348	0.00674	0.00506	0.00506	0.00169	0.00674	0.00449	0.00225	0.00562
9	0.01954	0.00834	0.01096	0.00863	0.01203	0.00753	0.00704	0.07699	0.01500	0.58985	0.13948	0.02011	0.01775	0.00687	0.00517	0.00155	0.00403	0.00567	0.03560	0.00787
10	0.79781	0.01081	0.00793	0.00711	0.01020	0.06806	0.00578	0.01525	0.00902	0.02195	0.00710	0.00828	0.00555	0.00473	0.00323	0.00155	0.00429	0.00278	0.00309	0.00550
11	0.00937	0.00642	0.00789	0.00728	0.00890	0.00640	0.00556	0.01323	0.12691	0.08803	0.43904	0.08977	0.09822	0.00987	0.00605	0.00166	0.02790	0.00849	0.03345	0.00552
12	0.33303	0.00926	0.00942	0.00728	0.01122	0.00854	0.00590	0.01443	0.01007	0.07699	0.00907	0.01013	0.00710	0.00429	0.00361	0.00112	0.00385	0.00305	0.00329	0.46834
13	0.00616	0.00440	0.00587	0.00704	0.00733	0.00411	0.00469	0.00704	0.00968	0.01291	0.02787	0.81899	0.03344	0.01584	0.00645	0.00205	0.00293	0.01438	0.00469	0.00411
14	0.00701	0.00527	0.00666	0.00732	0.00848	0.00491	0.00585	0.00875	0.01149	0.01478	0.11167	0.20405	0.25623	0.01363	0.00648	0.00202	0.00346	0.31273	0.00477	0.00444
15	0.01014	0.02616	0.79609	0.01441	0.02189	0.01174	0.01868	0.01601	0.01068	0.01601	0.00907	0.01068	0.00641	0.00480	0.00480	0.00160	0.00747	0.00374	0.00214	0.00747
16	0.00623	0.00500	0.00552	0.00566	0.00699	0.00434	0.00411	0.00758	0.01154	0.01447	0.16283	0.17842	0.52090	0.03526	0.00660	0.00184	0.00266	0.01097	0.00479	0.00429
17	0.00687	0.00516	0.00636	0.00606	0.00738	0.00465	0.00455	0.00899	0.01364	0.01867	0.60935	0.04041	0.22744	0.01094	0.00597	0.00162	0.00243	0.00952	0.00536	0.00465
18	0.01306	0.01029	0.01117	0.00982	0.01238	0.01150	0.00768	0.22419	0.37742	0.02171	0.01847	0.04838	0.01581	0.11732	0.00810	0.00216	0.00457	0.07413	0.00478	0.00707
19	0.06714	0.07573	0.38588	0.01378	0.09045	0.01157	0.03098	0.05062	0.01114	0.06490	0.01133	0.07556	0.00962	0.03783	0.00611	0.00174	0.04098	0.00485	0.00288	0.00691
20	0.04358	0.00902	0.01037	0.00746	0.01190	0.00692	0.00597	0.01282	0.01041	0.01672	0.00891	0.01040	0.00741	0.00378	0.00372	0.00078	0.00375	0.00299	0.00300	0.82010

[dist]
# distance from previous block
# <min> <max>
0	2

[block]
# block no. 4 follows, 49 sequences, length 43
# corresponding to MSA columns:
# 1152-1171,1175-1197
name=unknown_E
#
# <colnr> <probs for GDERKNQSTAVLIFYWHMCP>
#	G	D	E	R	K	N	Q	S	T	A	V	L	I	F	Y	W	H	M	C	P
0	0.00707	0.00512	0.00655	0.00736	0.00814	0.00490	0.00560	0.00841	0.01032	0.01336	0.02902	0.29357	0.14181	0.14386	0.00967	0.00256	0.00384	0.29026	0.00442	0.00417
1	0.01246	0.01284	0.08542	0.17951	0.04924	0.06660	0.05001	0.13885	0.08167	0.01783	0.02642	0.01426	0.02629	0.00615	0.00668	0.00163	0.12671	0.00471	0.05561	0.03709
2	0.04544	0.12896	0.01464	0.01043	0.01329	0.12423	0.00858	0.23385	0.14473	0.02042	0.01189	0.01275	0.00930	0.00609	0.00586	0.00150	0.10001	0.00424	0.09687	0.00692
3	0.39061	0.00879	0.00879	0.00718	0.01059	0.00865	0.00583	0.01556	0.01070	0.17993	0.04210	0.01514	0.07638	0.00571	0.00402	0.00139	0.00378	0.00420	0.00397	0.19668
4	0.01137	0.07250	0.25339	0.06056	0.11095	0.01030	0.04381	0.05523	0.01188	0.08960	0.01870	0.08983	0.13614	0.00721	0.00516	0.00161	0.00555	0.00613	0.00340	0.00668
5	0.01097	0.04670	0.50473	0.01391	0.01988	0.01211	0.10042	0.03428	0.14353	0.01691	0.01143	0.01318	0.00858	0.03457	0.00570	0.00173	0.00679	0.00444	0.00280	0.00733
6	0.02135	0.00831	0.01131	0.00877	0.01245	0.00720	0.00720	0.02334	0.01446	0.72757	0.08613	0.01898	0.01555	0.00661	0.00516	0.00157	0.00414	0.00543	0.00620	0.00828
7	0.07185	0.00874	0.01168	0.04639	0.01355	0.00835	0.03763	0.08162	0.01384	0.47754	0.03728	0.01827	0.05238	0.00862	0.06002	0.00202	0.00510	0.00530	0.03234	0.00747
8	0.03647	0.01095	0.11141	0.05083	0.01439	0.02578	0.00882	0.04423	0.03118	0.46964	0.04634	0.01762	0.03865	0.00631	0.00495	0.00155	0.00470	0.00510	0.06348	0.00761
9	0.00887	0.00535	0.00684	0.00675	0.00754	0.00527	0.00466	0.00987	0.00951	0.09825	0.08854	0.16734	0.02237	0.35106	0.13648	0.00406	0.00552	0.03292	0.02446	0.00433
10	0.06722	0.00615	0.00739	0.00684	0.00852	0.00595	0.00527	0.01203	0.06653	0.07624	0.53085	0.03461	0.10662	0.00977	0.00569	0.00163	0.00284	0.03525	0.00531	0.00527
11	0.01241	0.01109	0.03294	0.36990	0.21044	0.03654	0.10497	0.03383	0.01159	0.09333	0.01057	0.01353	0.00790	0.00499	0.00510	0.00160	0.00650	0.00469	0.02133	0.00673
12	0.01096	0.01879	0.40662	0.02036	0.30014	0.01154	0.06858	0.01559	0.02515	0.01618	0.01171	0.01367	0.04778	0.00511	0.00502	0.00158	0.00670	0.00456	0.00249	0.00747
13	0.00641	0.00466	0.00618	0.00704	0.00759	0.00444	0.00492	0.00758	0.01015	0.01359	0.09468	0.60027	0.08283	0.01699	0.07496	0.00252	0.00384	0.04251	0.00460	0.00423
14	0.01140	0.01156	0.02313	0.14116	0.02417	0.01149	0.48872	0.01495	0.01152	0.04985	0.02588	0.01727	0.06322	0.00560	0.00634	0.00172	0.05103	0.01861	0.01601	0.00636
15	0.02822	0.00767	0.00994	0.14215	0.03133	0.04414	0.02870	0.03758	0.04214	0.07641	0.02121	0.37233	0.04411	0.03892	0.00649	0.00196	0.00450	0.05277	0.00414	0.00530
16	0.00720	0.00573	0.00658	0.00689	0.00817	0.00554	0.00504	0.01036	0.12520	0.01494	0.07971	0.34026	0.30525	0.01300	0.00608	0.00186	0.00300	0.04555	0.00481	0.00481
17	0.00672	0.00467	0.00616	0.00690	0.00749	0.00432	0.00475	0.00794	0.01077	0.03147	0.18269	0.62336	0.05497	0.01444	0.00631	0.00194	0.00284	0.01302	0.00491	0.00434
18	0.02682	0.01106	0.03530	0.31927	0.06326	0.05499	0.14889	0.04467	0.05148	0.03169	0.03842	0.01891	0.05094	0.00631	0.00562	0.00170	0.02435	0.05709	0.00309	0.00615
19	0.01310	0.01054	0.06616	0.11832	0.01576	0.02535	0.00952	0.12258	0.06646	0.14263	0.01382	0.04419	0.01136	0.03933	0.13091	0.00283	0.11805	0.02188	0.02074	0.00646
20	0.00868	0.00668	0.00748	0.00751	0.00860	0.06017	0.00547	0.01008	0.01156	0.07079	0.20231	0.38126	0.13311	0.01239	0.00657	0.00182	0.04526	0.01073	0.00473	0.00480
21	0.43053	0.17903	0.05015	0.00894	0.01253	0.04258	0.03174	0.06816	0.01079	0.07484	0.00852	0.00956	0.00661	0.00503	0.00427	0.00149	0.04253	0.00327	0.00316	0.00628
22	0.01306	0.00824	0.00960	0.00836	0.01091	0.00834	0.00654	0.07724	0.23151	0.20334	0.15953	0.08117	0.14296	0.00882	0.00549	0.00166	0.00361	0.00745	0.00537	0.00677
23	0.02609	0.00771	0.00804	0.00695	0.00907	0.00819	0.00549	0.22450	0.04038	0.03939	0.01535	0.01678	0.01170	0.00596	0.00404	0.00131	0.00337	0.00468	0.55499	0.00600
24	0.07163	0.19668	0.04158	0.02144	0.04038	0.11938	0.07313	0.12418	0.05649	0.01849	0.17151	0.01637	0.01595	0.00614	0.00471	0.00144	0.00549	0.00495	0.00362	0.00646
25	0.48158	0.00876	0.00808	0.00703	0.00984	0.00954	0.00569	0.07307	0.01130	0.11694	0.07711	0.02962	0.02901	0.00600	0.00393	0.00153	0.00372	0.00434	0.10700	0.00589
26	0.18985	0.10462	0.12219	0.04299	0.14886	0.25850	0.01097	0.01657	0.01153	0.01583	0.01947	0.01072	0.01794	0.00500	0.00429	0.00143	0.00661	0.00360	0.00264	0.00639
27	0.00783	0.00560	0.00779	0.00895	0.00998	0.00555	0.00760	0.00993	0.01133	0.01478	0.02695	0.17795	0.02979	0.01427	0.00690	0.00228	0.00438	0.63891	0.00466	0.00457
28	0.01297	0.03535	0.40788	0.01490	0.02068	0.01196	0.18962	0.06039	0.01209	0.12696	0.01089	0.01234	0.00770	0.00516	0.00571	0.00164	0.04886	0.00450	0.00299	0.00743
29	0.01108	0.05179	0.38332	0.05636	0.10367	0.01177	0.06898	0.04750	0.10592	0.01651	0.01132	0.03345	0.00902	0.02985	0.00611	0.03238	0.00646	0.00465	0.00280	0.00705
30	0.80036	0.00970	0.00773	0.00681	0.01000	0.01107	0.00561	0.01554	0.00901	0.07593	0.00793	0.00884	0.00596	0.00480	0.00326	0.00156	0.00394	0.00290	0.00335	0.00569
31	0.19223	0.01213	0.01597	0.01225	0.01605	0.02962	0.16936	0.25138	0.02766	0.16431	0.01186	0.01255	0.00843	0.00558	0.00544	0.00161	0.04751	0.00456	0.00415	0.00735
32	0.00637	0.00460	0.00594	0.00692	0.00739	0.00430	0.00475	0.00733	0.00983	0.01292	0.02910	0.63972	0.10113	0.07108	0.00778	0.00224	0.00316	0.06676	0.00458	0.00409
33	0.00955	0.00899	0.01517	0.81013	0.03483	0.01123	0.01404	0.01292	0.01011	0.01292	0.00899	0.01348	0.00674	0.00506	0.00506	0.00169	0.00674	0.00449	0.00225	0.00562
34	0.01081	0.00580	0.00741	0.00660	0.00836	0.00531	0.00509	0.01310	0.01365	0.18098	0.48367	0.02995	0.03388	0.00866	0.00533	0.00151	0.00278	0.00747	0.16409	0.00556
35	0.01352	0.82533	0.02650	0.00865	0.01298	0.02001	0.00865	0.01514	0.01027	0.01190	0.00703	0.00811	0.00649	0.00433	0.00324	0.00108	0.00541	0.00270	0.00216	0.00649
36	0.01354	0.00657	0.00875	0.00744	0.00975	0.00584	0.00585	0.01567	0.01414	0.34156	0.42138	0.05595	0.05442	0.00890	0.00562	0.00160	0.00321	0.00768	0.00580	0.00633
37	0.01889	0.02410	0.01433	0.01303	0.01563	0.80199	0.00977	0.02019	0.01433	0.01238	0.00782	0.00912	0.00651	0.00521	0.00456	0.00130	0.00912	0.00326	0.00261	0.00586
38	0.00674	0.00512	0.00621	0.00601	0.00732	0.00458	0.00448	0.00871	0.01323	0.01787	0.52324	0.07753	0.27778	0.01136	0.00599	0.00165	0.00247	0.00986	0.00525	0.00458
39	0.01922	0.01416	0.01518	0.01163	0.01568	0.01568	0.00961	0.77388	0.02378	0.03187	0.01214	0.01214	0.00860	0.00607	0.00506	0.00152	0.00556	0.00455	0.00506	0.00860
40	0.00672	0.00504	0.00622	0.00616	0.00734	0.00455	0.00453	0.00860	0.01293	0.01754	0.49264	0.15985	0.22576	0.01178	0.00604	0.00169	0.00251	0.01032	0.00522	0.00455
41	0.07173	0.01304	0.01403	0.29781	0.02118	0.19159	0.01097	0.05533	0.01143	0.05497	0.00905	0.01190	0.00716	0.00601	0.00721	0.00167	0.17717	0.00412	0.02772	0.00593
42	0.01152	0.01277	0.09972	0.25750	0.17148	0.04264	0.07214	0.05613	0.01142	0.01576	0.00918	0.01212	0.00723	0.00494	0.00556	0.00150	0.05583	0.00423	0.00260	0.14572

[dist]
# distance from previous block
# <min> <max>
0	15

[block]
# block no. 5 follows, 49 sequences, length 20
# corresponding to MSA columns:
# 1216-1220,1224-1238
name=unknown_F
#
# <colnr> <probs for GDERKNQSTAVLIFYWHMCP>
#	G	D	E	R	K	N	Q	S	T	A	V	L	I	F	Y	W	H	M	C	P
0	0.69440	0.01068	0.00843	0.00748	0.01050	0.05981	0.00608	0.06713	0.00997	0.02199	0.00786	0.00928	0.00621	0.00694	0.05438	0.00196	0.00496	0.00307	0.00320	0.00565
1	0.01191	0.00958	0.01217	0.03387	0.01366	0.01013	0.07614	0.05193	0.37775	0.06965	0.18566	0.02208	0.03709	0.00719	0.00532	0.00161	0.00418	0.00630	0.00484	0.05894
2	0.01013	0.00958	0.01621	0.65864	0.18181	0.01139	0.01433	0.01343	0.01038	0.01362	0.00909	0.01329	0.00699	0.00495	0.00505	0.00165	0.00660	0.00450	0.00230	0.00608
3	0.01124	0.00817	0.00916	0.00828	0.01049	0.00882	0.00640	0.01948	0.39344	0.07580	0.25357	0.02450	0.02473	0.00775	0.00518	0.00160	0.00332	0.00659	0.11484	0.00664
4	0.01014	0.02616	0.79609	0.01441	0.02189	0.01174	0.01868	0.01601	0.01068	0.01601	0.00907	0.01068	0.00641	0.00480	0.00480	0.00160	0.00747	0.00374	0.00214	0.00747
5	0.00642	0.00507	0.00578	0.00574	0.00713	0.00443	0.00425	0.00805	0.01235	0.01596	0.31240	0.11499	0.45508	0.01220	0.00602	0.00170	0.00253	0.01046	0.00501	0.00443
6	0.01252	0.01201	0.02053	0.03104	0.79074	0.01201	0.01552	0.01552	0.01151	0.01652	0.00951	0.01252	0.00801	0.00451	0.00501	0.00150	0.00601	0.00451	0.00250	0.00801
7	0.01889	0.02410	0.01433	0.01303	0.01563	0.80199	0.00977	0.02019	0.01433	0.01238	0.00782	0.00912	0.00651	0.00521	0.00456	0.00130	0.00912	0.00326	0.00261	0.00586
8	0.00626	0.00474	0.00581	0.00655	0.00737	0.00429	0.00464	0.00742	0.01057	0.01359	0.06728	0.50008	0.26966	0.01455	0.00632	0.00194	0.00290	0.05709	0.00473	0.00422
9	0.16336	0.01848	0.01264	0.01105	0.01399	0.47177	0.00850	0.12412	0.01420	0.01724	0.00870	0.01015	0.00706	0.02157	0.00473	0.00141	0.00715	0.00344	0.02021	0.06021
10	0.10013	0.01414	0.01417	0.01114	0.01496	0.06519	0.00912	0.61048	0.04670	0.04674	0.01183	0.01191	0.00848	0.00591	0.00484	0.00152	0.00555	0.00435	0.00475	0.00810
11	0.00880	0.00618	0.00711	0.00680	0.00808	0.00609	0.00487	0.05706	0.07033	0.05327	0.11325	0.11977	0.19942	0.25790	0.02766	0.00283	0.00397	0.03750	0.00439	0.00473
12	0.11860	0.01142	0.01522	0.36151	0.17661	0.05039	0.01219	0.16225	0.01307	0.01852	0.00941	0.01216	0.00718	0.00511	0.00478	0.00158	0.00613	0.00423	0.00297	0.00667
13	0.05467	0.01024	0.07342	0.00924	0.01204	0.00945	0.00783	0.17423	0.03174	0.21456	0.01683	0.04461	0.04292	0.16732	0.03331	0.00249	0.04988	0.03430	0.00438	0.00653
14	0.00650	0.00501	0.00596	0.00618	0.00737	0.00447	0.00457	0.00807	0.01193	0.01555	0.26511	0.22788	0.34517	0.01285	0.00614	0.00179	0.00272	0.05338	0.00495	0.00440
15	0.01418	0.01426	0.18127	0.05851	0.05253	0.07887	0.03961	0.08847	0.02679	0.18520	0.06291	0.01860	0.06168	0.00677	0.00591	0.00164	0.05604	0.03587	0.00392	0.00698
16	0.03876	0.17220	0.04121	0.22539	0.11607	0.09526	0.06265	0.01601	0.05870	0.05120	0.01104	0.01314	0.03231	0.00536	0.00516	0.00152	0.04041	0.00433	0.00279	0.00648
17	0.02140	0.00849	0.01145	0.00887	0.01257	0.00745	0.00729	0.04399	0.01472	0.71409	0.07858	0.01865	0.01511	0.00657	0.00515	0.00157	0.00419	0.00538	0.00617	0.00831
18	0.00614	0.00508	0.00538	0.00540	0.00695	0.00432	0.00401	0.00754	0.01177	0.01447	0.14491	0.09450	0.64672	0.01267	0.00600	0.00171	0.00256	0.01070	0.00481	0.00432
19	0.01230	0.34504	0.08783	0.03747	0.12259	0.06320	0.03883	0.03334	0.06990	0.01465	0.02748	0.01559	0.10051	0.00581	0.00442	0.00138	0.00557	0.00458	0.00290	0.00661

[dist]
# distance from previous block
# <min> <max>
0	3

[block]
# block no. 6 follows, 49 sequences, length 10
# corresponding to MSA columns:
# 1242-1251
name=unknown_G
#
# <colnr> <probs for GDERKNQSTAVLIFYWHMCP>
#	G	D	E	R	K	N	Q	S	T	A	V	L	I	F	Y	W	H	M	C	P
0	0.01313	0.10792	0.09865	0.02575	0.03148	0.07845	0.20363	0.12618	0.03480	0.04247	0.02444	0.08006	0.01080	0.02237	0.00662	0.02785	0.05008	0.00549	0.00323	0.00658
1	0.00955	0.00899	0.01517	0.81013	0.03483	0.01123	0.01404	0.01292	0.01011	0.01292	0.00899	0.01348	0.00674	0.00506	0.00506	0.00169	0.00674	0.00449	0.00225	0.00562
2	0.01179	0.01320	0.02740	0.01995	0.02420	0.01325	0.64322	0.01551	0.01122	0.01551	0.00962	0.01320	0.00750	0.00504	0.00777	0.00179	0.14501	0.00571	0.00250	0.00660
3	0.00868	0.00627	0.00767	0.02995	0.04389	0.00588	0.00563	0.03521	0.03761	0.07644	0.20272	0.08618	0.36240	0.02943	0.02216	0.00189	0.00341	0.02462	0.00479	0.00516
4	0.01343	0.07889	0.26950	0.03580	0.09702	0.02496	0.07101	0.06053	0.05877	0.14978	0.01335	0.06608	0.01063	0.00606	0.00503	0.00160	0.00604	0.02070	0.00349	0.00734
5	0.00828	0.00817	0.09593	0.00836	0.01009	0.00666	0.00714	0.01059	0.03667	0.05222	0.13448	0.31701	0.14791	0.01184	0.00698	0.00188	0.07836	0.04793	0.00439	0.00511
6	0.00711	0.00555	0.00764	0.00837	0.02763	0.00589	0.00591	0.00836	0.00987	0.01353	0.09258	0.50222	0.05197	0.01681	0.10223	0.00274	0.09009	0.03282	0.00422	0.00448
7	0.01352	0.09554	0.29889	0.01416	0.08667	0.04593	0.08275	0.11945	0.01310	0.08799	0.01105	0.01234	0.00813	0.00510	0.00471	0.00149	0.00629	0.00421	0.08138	0.00730
8	0.05802	0.02970	0.09293	0.03104	0.08542	0.17971	0.12627	0.09274	0.08454	0.10094	0.03538	0.01330	0.00971	0.00555	0.00534	0.00155	0.03272	0.00459	0.00350	0.00706
9	0.69536	0.01164	0.00885	0.00776	0.01092	0.09196	0.00629	0.08554	0.01059	0.02249	0.00759	0.00867	0.00587	0.00487	0.00345	0.00153	0.00459	0.00296	0.00325	0.00580

[dist]
# distance from previous block
# <min> <max>
0	3

[block]
# block no. 7 follows, 49 sequences, length 12
# corresponding to MSA columns:
# 1255-1266
name=unknown_H
#
# <colnr> <probs for GDERKNQSTAVLIFYWHMCP>
#	G	D	E	R	K	N	Q	S	T	A	V	L	I	F	Y	W	H	M	C	P
0	0.51647	0.09814	0.04674	0.04160	0.02783	0.04535	0.04487	0.04932	0.01002	0.01973	0.00788	0.00980	0.00638	0.02517	0.00463	0.00162	0.03232	0.00332	0.00294	0.00589
1	0.01117	0.01244	0.16133	0.05384	0.06232	0.00987	0.08965	0.04717	0.16548	0.06185	0.14896	0.06913	0.03339	0.00704	0.00532	0.00162	0.00509	0.00626	0.00400	0.04409
