[name]
unknown

[dist]
# distance from previous block
# <min> <max>
0	110

[block]
# block no. 0 follows, 55 sequences, length 40
# corresponding to MSA columns:
# 229-268
name=unknown_A
#
# <colnr> <probs for GDERKNQSTAVLIFYWHMCP>
#	G	D	E	R	K	N	Q	S	T	A	V	L	I	F	Y	W	H	M	C	P
0	0.00681	0.00504	0.00655	0.03442	0.02423	0.00486	0.00517	0.00872	0.04423	0.02971	0.18161	0.37127	0.14122	0.03120	0.00610	0.00180	0.00299	0.08541	0.00437	0.00430
1	0.00689	0.00503	0.00660	0.00750	0.05281	0.00502	0.00475	0.00796	0.03106	0.01186	0.08659	0.33232	0.04088	0.27178	0.01220	0.04577	0.02206	0.04147	0.00364	0.00380
2	0.05803	0.00706	0.00801	0.02646	0.00952	0.03394	0.00567	0.07556	0.07560	0.13834	0.05469	0.20023	0.08117	0.06789	0.06426	0.03096	0.00431	0.01897	0.03415	0.00517
3	0.03917	0.02506	0.00727	0.01987	0.03266	0.00559	0.00484	0.02208	0.00951	0.08576	0.08836	0.24243	0.06040	0.22987	0.02414	0.00244	0.00371	0.01865	0.03229	0.04589
4	0.00769	0.00495	0.00595	0.00618	0.00716	0.00468	0.00436	0.02473	0.03996	0.07471	0.04146	0.42716	0.15506	0.08106	0.00691	0.00191	0.00292	0.01000	0.08882	0.00433
5	0.00603	0.00447	0.00552	0.00586	0.00663	0.00411	0.00412	0.00726	0.01021	0.01358	0.23712	0.34547	0.19877	0.08872	0.02522	0.00208	0.00290	0.02368	0.00435	0.00390
6	0.04663	0.00635	0.00800	0.00704	0.00908	0.00590	0.00539	0.02689	0.04496	0.32514	0.16389	0.18579	0.07176	0.06372	0.00632	0.00175	0.00331	0.00747	0.00489	0.00572
7	0.00694	0.00480	0.00602	0.04527	0.00740	0.00479	0.00415	0.00779	0.02207	0.02317	0.12715	0.14720	0.09203	0.37082	0.04509	0.06651	0.00406	0.00776	0.00346	0.00353
8	0.00892	0.00835	0.01379	0.78591	0.03108	0.01040	0.01265	0.01251	0.04746	0.01225	0.00878	0.01264	0.00659	0.00473	0.00466	0.00155	0.00608	0.00419	0.00220	0.00527
9	0.00749	0.00483	0.00598	0.00615	0.00705	0.00451	0.00438	0.02332	0.00989	0.06837	0.10634	0.31990	0.15886	0.12985	0.00875	0.04237	0.00312	0.05387	0.03091	0.00406
10	0.00915	0.00567	0.00684	0.00650	0.00792	0.00536	0.00479	0.06363	0.03010	0.13059	0.11502	0.25683	0.19411	0.09273	0.00746	0.01885	0.00316	0.02090	0.01564	0.00474
11	0.01699	0.01885	0.01293	0.01131	0.01400	0.57084	0.00868	0.17386	0.05284	0.04228	0.00989	0.01051	0.02623	0.00523	0.00436	0.00127	0.00721	0.00357	0.00312	0.00604
12	0.01439	0.00698	0.00886	0.00733	0.00980	0.00650	0.00584	0.09590	0.01356	0.38106	0.23823	0.06076	0.03410	0.00728	0.00484	0.00143	0.00333	0.00614	0.08735	0.00632
13	0.02044	0.00478	0.00594	0.00609	0.00675	0.00460	0.00414	0.00774	0.00846	0.03224	0.05967	0.28667	0.05864	0.29121	0.07778	0.03539	0.00425	0.03644	0.00356	0.04521
14	0.00765	0.00508	0.00634	0.00663	0.00749	0.00496	0.00471	0.02372	0.06982	0.05716	0.06604	0.43008	0.07585	0.08705	0.00798	0.05284	0.00315	0.05041	0.02879	0.00425
15	0.00703	0.00537	0.00647	0.00606	0.00748	0.00505	0.00456	0.01003	0.08647	0.01724	0.51755	0.07244	0.15761	0.00943	0.00529	0.00147	0.00245	0.00821	0.02365	0.04614
16	0.01079	0.01095	0.03903	0.27345	0.06409	0.01110	0.38536	0.01444	0.03257	0.05735	0.00959	0.01259	0.00717	0.00455	0.00556	0.00157	0.04648	0.00483	0.00249	0.00606
17	0.01214	0.01028	0.01084	0.00958	0.01231	0.01184	0.00750	0.09601	0.72686	0.02038	0.01821	0.01678	0.01362	0.00624	0.00473	0.00156	0.00382	0.00516	0.00473	0.00741
18	0.00914	0.00620	0.00782	0.03791	0.00878	0.00671	0.00527	0.12342	0.00961	0.04064	0.03910	0.02132	0.01336	0.32389	0.19713	0.11298	0.02405	0.00547	0.00305	0.00414
19	0.00693	0.00483	0.00571	0.00561	0.00567	0.00510	0.00341	0.00710	0.00683	0.00926	0.01407	0.02855	0.01599	0.73758	0.07939	0.00459	0.04709	0.00650	0.00276	0.00303
20	0.00991	0.00972	0.01525	0.01186	0.01456	0.09494	0.30573	0.01264	0.01234	0.04307	0.38824	0.02278	0.02463	0.00674	0.00532	0.00147	0.00508	0.00659	0.00379	0.00534
21	0.01036	0.00825	0.00972	0.00698	0.01108	0.00624	0.00560	0.01241	0.00988	0.06567	0.00891	0.01004	0.00718	0.00359	0.00352	0.00074	0.00348	0.00288	0.00295	0.81053
22	0.01244	0.83930	0.02438	0.00796	0.01194	0.01841	0.00796	0.01393	0.00945	0.01095	0.00647	0.00746	0.00597	0.00398	0.00299	0.00100	0.00498	0.00249	0.00199	0.00597
23	0.00933	0.02406	0.81240	0.01326	0.02014	0.01080	0.01719	0.01473	0.00982	0.01473	0.00835	0.00982	0.00589	0.00442	0.00442	0.00147	0.00688	0.00344	0.00196	0.00688
24	0.00709	0.00550	0.00770	0.00746	0.00799	0.00649	0.00561	0.00830	0.00748	0.01072	0.03713	0.03835	0.01355	0.21125	0.49484	0.00581	0.11257	0.00556	0.00263	0.00397
25	0.00747	0.00432	0.00595	0.00595	0.00606	0.00443	0.00390	0.00659	0.00648	0.00875	0.01075	0.01983	0.01134	0.27598	0.13102	0.47588	0.00536	0.00503	0.00234	0.00257
26	0.01098	0.01255	0.02745	0.01961	0.02431	0.01176	0.79059	0.01490	0.01098	0.01490	0.00941	0.01255	0.00706	0.00392	0.00549	0.00157	0.00784	0.00549	0.00235	0.00627
27	0.04360	0.01163	0.01278	0.00991	0.01347	0.01256	0.00816	0.57443	0.05624	0.16909	0.01279	0.01234	0.00887	0.00561	0.00457	0.00141	0.00472	0.00428	0.02584	0.00771
28	0.00653	0.00460	0.00590	0.00653	0.00723	0.00429	0.00451	0.00798	0.03939	0.03759	0.07254	0.66178	0.07120	0.01320	0.00573	0.00178	0.00275	0.01187	0.00438	0.03022
29	0.00933	0.02406	0.81240	0.01326	0.02014	0.01080	0.01719	0.01473	0.00982	0.01473	0.00835	0.00982	0.00589	0.00442	0.00442	0.00147	0.00688	0.00344	0.00196	0.00688
30	0.00745	0.00589	0.00715	0.00606	0.00819	0.00492	0.00465	0.00949	0.01174	0.01683	0.46101	0.02778	0.11896	0.00781	0.00483	0.00123	0.00262	0.00675	0.00427	0.28237
31	0.03876	0.00858	0.01111	0.00854	0.01213	0.00787	0.00705	0.11904	0.01427	0.69560	0.01720	0.01507	0.01092	0.00571	0.00464	0.00143	0.00410	0.00457	0.00556	0.00785
32	0.00961	0.00871	0.01230	0.01076	0.01080	0.01182	0.00875	0.01003	0.00692	0.01054	0.00675	0.01130	0.00672	0.01081	0.04626	0.18030	0.62704	0.00410	0.00205	0.00442
33	0.01017	0.02679	0.03350	0.26254	0.12283	0.07026	0.09799	0.02434	0.00945	0.01253	0.00856	0.01228	0.00718	0.00925	0.10656	0.03926	0.13461	0.00425	0.00224	0.00542
34	0.00760	0.00599	0.00791	0.00825	0.02555	0.02206	0.02891	0.00939	0.03609	0.03049	0.05796	0.30057	0.12191	0.03108	0.00712	0.01557	0.06189	0.21324	0.00402	0.00439
35	0.01329	0.00732	0.00883	0.00745	0.00979	0.03702	0.00588	0.03947	0.07749	0.32769	0.36875	0.02439	0.03754	0.00752	0.00504	0.00145	0.00333	0.00639	0.00521	0.00615
36	0.00674	0.00458	0.00542	0.00541	0.00555	0.00468	0.00326	0.00703	0.00705	0.00954	0.03750	0.02897	0.01701	0.70686	0.12764	0.00481	0.00549	0.00658	0.00284	0.00304
37	0.70610	0.03449	0.00916	0.00806	0.04220	0.06711	0.03556	0.02488	0.00875	0.01958	0.00679	0.00801	0.00534	0.00434	0.00317	0.00141	0.00423	0.00275	0.00280	0.00527
38	0.02069	0.02146	0.04694	0.03882	0.01036	0.00711	0.00673	0.03960	0.05045	0.03087	0.01242	0.03013	0.01120	0.05355	0.54898	0.00555	0.00988	0.00486	0.00278	0.04762
39	0.71969	0.04722	0.04678	0.00726	0.01046	0.01098	0.03805	0.03186	0.02315	0.02006	0.00702	0.00813	0.00544	0.00436	0.00314	0.00143	0.00403	0.00277	0.00285	0.00533

[dist]
# distance from previous block
# <min> <max>
0	7

[block]
# block no. 1 follows, 55 sequences, length 8
# corresponding to MSA columns:
# 276-283
name=unknown_B
#
# <colnr> <probs for GDERKNQSTAVLIFYWHMCP>
#	G	D	E	R	K	N	Q	S	T	A	V	L	I	F	Y	W	H	M	C	P
0	0.00824	0.00649	0.04136	0.03379	0.00945	0.00696	0.00656	0.00884	0.00730	0.03419	0.01018	0.01586	0.00961	0.06689	0.33103	0.25318	0.13927	0.00457	0.00236	0.00387
1	0.00638	0.00550	0.02820	0.00796	0.03870	0.00479	0.05102	0.00760	0.00942	0.01234	0.02732	0.53466	0.17956	0.01273	0.00608	0.02498	0.00323	0.03139	0.00400	0.00414
2	0.01234	0.01038	0.01095	0.00962	0.01239	0.01193	0.00755	0.12120	0.70135	0.02070	0.01796	0.01658	0.01341	0.00622	0.00472	0.00156	0.00386	0.00512	0.00472	0.00743
3	0.00808	0.00404	0.00606	0.00606	0.00606	0.00404	0.00404	0.00606	0.00606	0.00808	0.00808	0.01414	0.00808	0.01616	0.01818	0.86465	0.00404	0.00404	0.00202	0.00202
4	0.00895	0.02138	0.70019	0.01223	0.01830	0.00991	0.01541	0.01390	0.01029	0.01528	0.11923	0.01329	0.01118	0.00513	0.00457	0.00147	0.00622	0.00413	0.00240	0.00653
5	0.00937	0.00656	0.00705	0.00689	0.00722	0.11731	0.00473	0.00780	0.00705	0.00854	0.00796	0.01334	0.00779	0.01458	0.01624	0.74447	0.00465	0.00390	0.00207	0.00249
6	0.01179	0.01028	0.07545	0.13905	0.18170	0.00958	0.10315	0.03083	0.07424	0.14753	0.06195	0.05283	0.01228	0.00595	0.00528	0.00154	0.03353	0.03321	0.00339	0.00643
7	0.01215	0.03671	0.09952	0.08016	0.09130	0.03055	0.05706	0.18347	0.02478	0.05785	0.02931	0.01363	0.02137	0.02596	0.03087	0.01602	0.10743	0.01661	0.00311	0.06213

[dist]
# distance from previous block
# <min> <max>
3	36

[block]
# block no. 2 follows, 55 sequences, length 13
# corresponding to MSA columns:
# 320-332
name=unknown_C
#
# <colnr> <probs for GDERKNQSTAVLIFYWHMCP>
#	G	D	E	R	K	N	Q	S	T	A	V	L	I	F	Y	W	H	M	C	P
0	0.00828	0.00725	0.01018	0.00930	0.00969	0.00929	0.00738	0.00933	0.00741	0.01096	0.01077	0.09527	0.01112	0.07133	0.27570	0.03611	0.38002	0.00541	0.00247	0.02273
1	0.00969	0.00841	0.00999	0.00729	0.01111	0.00680	0.00586	0.01168	0.00946	0.01486	0.00811	0.00969	0.00683	0.00380	0.00433	0.00079	0.06526	0.00285	0.00270	0.80048
2	0.04193	0.00561	0.00703	0.00673	0.00806	0.00534	0.00494	0.03457	0.01038	0.18387	0.10116	0.28330	0.05036	0.16276	0.02762	0.00233	0.00366	0.05125	0.00435	0.00476
3	0.00634	0.00484	0.00591	0.00616	0.00723	0.00437	0.00447	0.00781	0.02353	0.01341	0.13892	0.36415	0.21268	0.04691	0.00635	0.00179	0.00282	0.06954	0.00426	0.06852
4	0.00686	0.00507	0.00549	0.00545	0.00586	0.02761	0.00341	0.00736	0.00817	0.01068	0.10179	0.05099	0.11480	0.57205	0.05240	0.00380	0.00441	0.00728	0.00325	0.00327
5	0.05801	0.00898	0.06932	0.00812	0.01120	0.00771	0.00703	0.12959	0.01372	0.37003	0.19324	0.01892	0.01768	0.02287	0.00506	0.00149	0.00386	0.00528	0.04125	0.00665
6	0.15854	0.00637	0.00694	0.00632	0.00826	0.00620	0.00482	0.03835	0.03299	0.09849	0.14685	0.16420	0.15609	0.03712	0.00536	0.00158	0.00306	0.00718	0.04008	0.07121
7	0.05637	0.00539	0.00634	0.00618	0.00750	0.00510	0.00449	0.00964	0.03697	0.08474	0.11267	0.24562	0.18458	0.12418	0.04031	0.00223	0.00346	0.01928	0.00413	0.04081
8	0.00662	0.00493	0.00714	0.00714	0.00792	0.00562	0.00544	0.00810	0.00752	0.01069	0.01392	0.02042	0.04054	0.11262	0.71116	0.00697	0.01132	0.00533	0.00259	0.00401
9	0.01039	0.00965	0.04428	0.20191	0.36893	0.00975	0.01155	0.06417	0.01043	0.02872	0.01057	0.02760	0.02327	0.04945	0.08134	0.02864	0.00611	0.00459	0.00256	0.00609
10	0.00772	0.00534	0.00631	0.00616	0.00745	0.00501	0.00451	0.04240	0.04260	0.06953	0.18408	0.23200	0.26239	0.08131	0.00704	0.00187	0.00291	0.02241	0.00448	0.00448
11	0.02722	0.00592	0.00755	0.00734	0.00867	0.00579	0.02865	0.08615	0.03329	0.07198	0.09652	0.44172	0.08931	0.01134	0.00550	0.00171	0.00321	0.04246	0.02088	0.00478
12	0.04548	0.11676	0.02520	0.02818	0.16753	0.04160	0.07077	0.04304	0.04578	0.21157	0.01117	0.01228	0.00841	0.00656	0.04499	0.00171	0.08569	0.00411	0.00332	0.02584

[dist]
# distance from previous block
# <min> <max>
0	48

[block]
# block no. 3 follows, 55 sequences, length 30
# corresponding to MSA columns:
# 381-410
name=unknown_D
#
# <colnr> <probs for GDERKNQSTAVLIFYWHMCP>
#	G	D	E	R	K	N	Q	S	T	A	V	L	I	F	Y	W	H	M	C	P
0	0.01181	0.54002	0.01883	0.03992	0.01177	0.03522	0.00737	0.04857	0.02181	0.04017	0.00989	0.05938	0.02041	0.08438	0.00585	0.01657	0.01596	0.00395	0.00255	0.00556
1	0.01267	0.04628	0.06653	0.13696	0.08258	0.05367	0.01010	0.25675	0.09908	0.01835	0.01044	0.01239	0.00821	0.02103	0.06310	0.00196	0.08600	0.00420	0.00323	0.00649
2	0.04136	0.00815	0.01077	0.01952	0.02465	0.02652	0.06418	0.03222	0.05492	0.22383	0.10937	0.05214	0.01478	0.00846	0.07372	0.00183	0.00475	0.02099	0.00401	0.20384
3	0.00884	0.02227	0.09059	0.05553	0.03472	0.03250	0.05549	0.01161	0.09209	0.02431	0.04314	0.09589	0.06228	0.06444	0.09313	0.12865	0.01612	0.02216	0.00305	0.04320
4	0.04688	0.00548	0.00634	0.00640	0.00742	0.01911	0.00458	0.03946	0.01019	0.06370	0.12396	0.33128	0.10374	0.14785	0.00845	0.00215	0.00328	0.04551	0.01997	0.00425
5	0.00594	0.00439	0.00560	0.00633	0.00701	0.00405	0.00454	0.00712	0.00987	0.01296	0.11370	0.51791	0.17125	0.01333	0.00586	0.00181	0.00276	0.09724	0.00440	0.00393
6	0.00823	0.00621	0.02339	0.00646	0.00823	0.00571	0.00513	0.04438	0.09076	0.06809	0.22965	0.07321	0.30999	0.01043	0.02691	0.00171	0.00313	0.04110	0.03236	0.00491
7	0.02571	0.00714	0.02978	0.05049	0.05671	0.02104	0.02558	0.01150	0.04985	0.09534	0.08098	0.11004	0.07467	0.03361	0.12928	0.07225	0.04063	0.07693	0.00356	0.00491
8	0.06408	0.00686	0.00822	0.00723	0.00932	0.00667	0.00556	0.09410	0.04748	0.24942	0.13156	0.19488	0.09415	0.05146	0.00601	0.00171	0.00341	0.00745	0.00474	0.00571
9	0.00965	0.00827	0.00965	0.00689	0.01102	0.00620	0.00551	0.01171	0.00965	0.01516	0.00827	0.00965	0.00689	0.00345	0.00345	0.00069	0.00345	0.00276	0.00276	0.86494
10	0.01009	0.00996	0.01581	0.50265	0.23821	0.05051	0.04538	0.01295	0.00982	0.01285	0.00830	0.01188	0.00654	0.00464	0.00511	0.00151	0.04168	0.00413	0.00216	0.00581
11	0.00742	0.00496	0.00609	0.00610	0.00735	0.00448	0.00453	0.02135	0.01116	0.08222	0.22806	0.27577	0.26532	0.01148	0.00559	0.00165	0.00269	0.04470	0.00465	0.00442
12	0.02078	0.00527	0.00683	0.00677	0.00791	0.00499	0.02214	0.00983	0.04687	0.09180	0.16032	0.34810	0.10802	0.08726	0.00724	0.00197	0.00313	0.05188	0.00441	0.00449
13	0.03993	0.01215	0.02392	0.01758	0.02146	0.03781	0.61642	0.01433	0.01051	0.01453	0.00956	0.01379	0.00774	0.00484	0.00649	0.00163	0.09881	0.04009	0.00242	0.00598
14	0.12218	0.00874	0.01061	0.00828	0.01174	0.00836	0.00682	0.14180	0.01392	0.56585	0.01677	0.01508	0.03698	0.00576	0.00449	0.00144	0.00404	0.00451	0.00519	0.00743
15	0.02656	0.00505	0.00608	0.00629	0.00731	0.00488	0.00456	0.00916	0.07160	0.02805	0.22201	0.33228	0.15497	0.03895	0.02039	0.00187	0.00290	0.03229	0.02048	0.00433
16	0.00607	0.00433	0.00522	0.00571	0.00609	0.00408	0.00368	0.00669	0.00853	0.01121	0.05421	0.40958	0.13082	0.30794	0.01221	0.00277	0.00328	0.01027	0.00381	0.00348
17	0.05171	0.00947	0.01123	0.00880	0.01213	0.00950	0.00717	0.26647	0.06000	0.43165	0.01539	0.01487	0.01055	0.04758	0.00554	0.00158	0.00430	0.00457	0.02002	0.00745
18	0.05279	0.00869	0.01104	0.00855	0.01210	0.00813	0.00705	0.12070	0.04528	0.64914	0.01700	0.01498	0.01091	0.00570	0.00461	0.00144	0.00408	0.00456	0.00547	0.00778
19	0.00807	0.00512	0.00641	0.00629	0.00748	0.00489	0.00462	0.00990	0.04601	0.09894	0.17551	0.22697	0.16255	0.06102	0.09092	0.02705	0.00385	0.00855	0.04136	0.00448
20	0.36968	0.00864	0.00861	0.00733	0.01013	0.00931	0.00591	0.11097	0.08695	0.19394	0.01271	0.05715	0.00974	0.00565	0.00387	0.00144	0.00369	0.00422	0.08395	0.00611
21	0.01200	0.72480	0.13506	0.00870	0.01309	0.01734	0.00926	0.01404	0.00950	0.01148	0.00673	0.00779	0.00596	0.00404	0.00319	0.00106	0.00524	0.00262	0.00199	0.00610
22	0.00665	0.00469	0.00638	0.00653	0.00711	0.00495	0.00470	0.00752	0.00822	0.01135	0.07867	0.18531	0.07576	0.12693	0.31279	0.09862	0.02366	0.00734	0.01911	0.00370
23	0.00997	0.00773	0.01048	0.09064	0.08068	0.03435	0.02119	0.10053	0.01014	0.04744	0.01140	0.01561	0.00984	0.05145	0.33156	0.03786	0.05091	0.00461	0.06849	0.00512
24	0.00797	0.00628	0.00714	0.00706	0.00825	0.00667	0.00504	0.01296	0.27672	0.01447	0.08667	0.25743	0.07807	0.17353	0.02833	0.00238	0.00356	0.00842	0.00419	0.00487
25	0.00755	0.00492	0.00697	0.00683	0.00755	0.00538	0.00509	0.00838	0.00778	0.03937	0.04896	0.01984	0.03551	0.10043	0.45788	0.16818	0.02390	0.00521	0.03646	0.00379
26	0.01071	0.01065	0.06052	0.08892	0.40063	0.01012	0.09761	0.07257	0.01119	0.01576	0.04623	0.03967	0.01044	0.01832	0.04017	0.00176	0.00579	0.02073	0.03174	0.00646
27	0.03144	0.00478	0.00592	0.00641	0.00691	0.00473	0.00434	0.04094	0.02071	0.01217	0.02118	0.50446	0.04456	0.15010	0.01005	0.09664	0.00331	0.02383	0.00380	0.00371
28	0.01507	0.00797	0.00972	0.00803	0.01078	0.00780	0.00649	0.14269	0.08057	0.36452	0.08079	0.04824	0.10029	0.00731	0.00503	0.00150	0.01539	0.03723	0.04391	0.00668
29	0.11199	0.03500	0.06873	0.07838	0.14117	0.05053	0.07030	0.09979	0.02760	0.03621	0.05112	0.09373	0.04837	0.04213	0.00568	0.00162	0.02327	0.00540	0.00317	0.00583

[dist]
# distance from previous block
# <min> <max>
0	25

[block]
# block no. 4 follows, 55 sequences, length 42
# corresponding to MSA columns:
# 436-477
name=unknown_E
#
# <colnr> <probs for GDERKNQSTAVLIFYWHMCP>
#	G	D	E	R	K	N	Q	S	T	A	V	L	I	F	Y	W	H	M	C	P
0	0.10589	0.00894	0.01064	0.05471	0.02848	0.04819	0.00715	0.06963	0.02989	0.48510	0.06415	0.01544	0.01207	0.02164	0.00486	0.00148	0.00426	0.00456	0.00479	0.01814
1	0.01115	0.01002	0.05259	0.09088	0.26859	0.00962	0.09285	0.09205	0.04048	0.04481	0.00998	0.01313	0.00819	0.03056	0.04794	0.12486	0.00576	0.00436	0.00273	0.03945
2	0.02092	0.00569	0.00713	0.00676	0.00767	0.02171	0.00482	0.01025	0.09799	0.07210	0.02736	0.06284	0.03335	0.07299	0.06379	0.44507	0.00446	0.00516	0.00299	0.02696
3	0.01557	0.00863	0.01035	0.00860	0.01151	0.00878	0.00688	0.08609	0.27932	0.37043	0.07487	0.01884	0.01507	0.03562	0.00547	0.00161	0.00386	0.02618	0.00513	0.00720
4	0.00639	0.00456	0.00588	0.00656	0.00706	0.00445	0.00454	0.02248	0.02633	0.01276	0.08329	0.57203	0.02834	0.09608	0.04025	0.00233	0.00338	0.05235	0.01701	0.00394
5	0.00790	0.00475	0.00587	0.00589	0.00641	0.00457	0.00384	0.00830	0.00818	0.08505	0.03417	0.20172	0.04707	0.44630	0.03414	0.05588	0.00409	0.02878	0.00350	0.00359
6	0.01026	0.00734	0.00791	0.00742	0.00892	0.04664	0.00565	0.16595	0.02807	0.04710	0.04118	0.27659	0.03844	0.02820	0.00559	0.00161	0.02502	0.05010	0.19294	0.00509
7	0.03596	0.01017	0.01446	0.01160	0.01428	0.03590	0.19716	0.20161	0.07522	0.01769	0.01550	0.08944	0.07341	0.00932	0.07014	0.00207	0.07435	0.04225	0.00352	0.00593
8	0.00731	0.00484	0.00609	0.00646	0.00734	0.00459	0.00462	0.02636	0.03290	0.05676	0.13614	0.49672	0.08303	0.01204	0.00554	0.00171	0.00277	0.03467	0.06577	0.00435
9	0.06051	0.00763	0.00812	0.00727	0.00919	0.00823	0.00555	0.15425	0.19900	0.03410	0.06701	0.09400	0.05600	0.09658	0.00656	0.00178	0.00349	0.00604	0.16911	0.00558
10	0.01716	0.01590	0.01336	0.01091	0.01412	0.29469	0.00868	0.48346	0.01824	0.02241	0.00979	0.01030	0.00730	0.00525	0.00443	0.00130	0.00615	0.00374	0.02319	0.02963
11	0.00828	0.00495	0.00672	0.00627	0.00714	0.00456	0.00436	0.00761	0.00722	0.02829	0.01059	0.08891	0.01079	0.07594	0.04271	0.51902	0.00414	0.00490	0.00252	0.15506
12	0.00698	0.00448	0.00538	0.00538	0.00547	0.00454	0.00323	0.00688	0.00679	0.00921	0.01359	0.02696	0.01517	0.64272	0.08471	0.12325	0.00502	0.00620	0.02119	0.00285
13	0.01048	0.00930	0.01109	0.00966	0.01138	0.12819	0.10497	0.02398	0.09051	0.04820	0.10438	0.08856	0.05238	0.00951	0.00831	0.16724	0.05578	0.05787	0.00340	0.00479
14	0.04141	0.00474	0.00592	0.00580	0.00634	0.00475	0.00389	0.00795	0.00758	0.04990	0.03595	0.05580	0.05628	0.30919	0.08462	0.26586	0.00463	0.00588	0.04028	0.00323
15	0.00679	0.00504	0.00705	0.00700	0.00757	0.00575	0.00516	0.00797	0.00732	0.01038	0.01315	0.04324	0.01332	0.24338	0.55661	0.00634	0.04187	0.00564	0.00261	0.00383
16	0.00953	0.00614	0.00640	0.00600	0.00749	0.02111	0.00454	0.04911	0.14188	0.03588	0.10378	0.05161	0.03373	0.03539	0.00472	0.00139	0.00282	0.00547	0.46798	0.00503
17	0.15403	0.00811	0.00876	0.00741	0.00993	0.00841	0.00589	0.19676	0.04079	0.18726	0.02757	0.09482	0.07883	0.02533	0.00480	0.00151	0.00365	0.00553	0.12458	0.00603
18	0.03844	0.01036	0.01088	0.00913	0.01216	0.02672	0.00724	0.19424	0.42813	0.03713	0.03666	0.01556	0.03029	0.00589	0.00452	0.00140	0.00400	0.00475	0.00438	0.11812
19	0.00879	0.00827	0.01395	0.82532	0.03204	0.01034	0.01292	0.01189	0.00930	0.01189	0.00827	0.01240	0.00620	0.00465	0.00465	0.00155	0.00620	0.00413	0.00207	0.00517
20	0.01230	0.01036	0.01093	0.00961	0.01238	0.01191	0.00754	0.11620	0.70642	0.02064	0.01801	0.01662	0.01345	0.00622	0.00472	0.00156	0.00385	0.00513	0.00472	0.00743
21	0.00596	0.00417	0.00531	0.00611	0.00631	0.00397	0.00392	0.00655	0.00834	0.01113	0.02275	0.62236	0.02713	0.23065	0.01060	0.00258	0.00318	0.01153	0.00392	0.00353
22	0.01520	0.01071	0.01169	0.00940	0.01257	0.01156	0.00761	0.46066	0.15292	0.11084	0.01791	0.04130	0.10296	0.00672	0.00481	0.00147	0.00435	0.00535	0.00474	0.00723
23	0.01696	0.02141	0.01351	0.01212	0.01459	0.76227	0.03235	0.01871	0.04372	0.01181	0.00771	0.00886	0.00634	0.00483	0.00425	0.00122	0.00819	0.00316	0.00249	0.00550
24	0.01407	0.01100	0.01142	0.00954	0.01246	0.03385	0.00765	0.36462	0.33337	0.02330	0.01489	0.01512	0.01121	0.00600	0.00457	0.00145	0.00431	0.02133	0.09268	0.00718
25	0.00749	0.00523	0.00656	0.00689	0.00792	0.00502	0.00507	0.00966	0.07722	0.05229	0.06080	0.40885	0.08715	0.06716	0.00704	0.01320	0.00320	0.12714	0.00427	0.03785
26	0.00933	0.02406	0.81240	0.01326	0.02014	0.01080	0.01719	0.01473	0.00982	0.01473	0.00835	0.00982	0.00589	0.00442	0.00442	0.00147	0.00688	0.00344	0.00196	0.00688
27	0.01176	0.00884	0.00975	0.00895	0.01129	0.02442	0.00714	0.04094	0.48231	0.10018	0.01984	0.02387	0.03551	0.00777	0.00536	0.02413	0.00389	0.14570	0.02179	0.00655
28	0.05886	0.00835	0.00907	0.00774	0.01017	0.02850	0.00611	0.17125	0.13109	0.13355	0.16782	0.06358	0.10126	0.00743	0.00477	0.00145	0.00357	0.00613	0.05050	0.02882
29	0.00608	0.00420	0.00534	0.00613	0.00656	0.00395	0.00415	0.00706	0.00913	0.01251	0.05995	0.61353	0.06354	0.07604	0.00703	0.00199	0.00279	0.02914	0.07708	0.00380
30	0.01143	0.00956	0.01018	0.00911	0.01161	0.01092	0.00709	0.07240	0.65845	0.01982	0.07119	0.03591	0.01609	0.00664	0.00477	0.00155	0.00361	0.00555	0.02709	0.00704
31	0.02664	0.00683	0.00786	0.00718	0.00919	0.00684	0.00556	0.04551	0.19504	0.12707	0.13305	0.12901	0.17317	0.00889	0.00507	0.00155	0.00315	0.04123	0.03859	0.02856
32	0.00782	0.00528	0.00637	0.00628	0.00757	0.00494	0.00472	0.02726	0.03843	0.07628	0.17657	0.16007	0.25632	0.08783	0.00751	0.01970	0.00307	0.09515	0.00441	0.00441
33	0.19541	0.00835	0.01000	0.00788	0.01128	0.00794	0.00649	0.06458	0.01262	0.58146	0.01626	0.01463	0.03120	0.00561	0.00433	0.00144	0.00391	0.00434	0.00506	0.00722
34	0.00572	0.00416	0.00541	0.00639	0.00681	0.00385	0.00436	0.00661	0.00913	0.01201	0.02759	0.73240	0.10228	0.01425	0.00591	0.00187	0.00272	0.04039	0.00432	0.00381
35	0.01020	0.00791	0.00965	0.03063	0.01065	0.04397	0.02423	0.17325	0.03245	0.03323	0.01214	0.01711	0.01083	0.11600	0.38886	0.02749	0.02554	0.00487	0.01595	0.00505
36	0.00691	0.00567	0.02874	0.00774	0.02416	0.00595	0.00589	0.00831	0.00788	0.01113	0.03833	0.07239	0.05311	0.09583	0.52874	0.04244	0.04406	0.00587	0.00275	0.00410
37	0.00723	0.00441	0.00611	0.00617	0.00639	0.00460	0.00416	0.00684	0.00676	0.00922	0.01192	0.06265	0.01260	0.24725	0.22041	0.36619	0.00622	0.00551	0.00248	0.00287
38	0.03111	0.02598	0.00987	0.00709	0.01078	0.00650	0.02614	0.01156	0.00956	0.03204	0.01042	0.04076	0.02964	0.04748	0.00470	0.00102	0.00361	0.00362	0.00290	0.68521
39	0.00837	0.00495	0.00700	0.00788	0.07705	0.00489	0.00486	0.00809	0.01783	0.03236	0.01279	0.10095	0.03161	0.10983	0.01406	0.45857	0.00386	0.00552	0.08626	0.00327
40	0.02326	0.07524	0.10088	0.06449	0.06552	0.07089	0.03634	0.06208	0.02829	0.09297	0.04968	0.02306	0.03415	0.00698	0.04764	0.00162	0.02035	0.02900	0.00315	0.16441
41	0.15198	0.02773	0.04034	0.08324	0.03451	0.03100	0.04495	0.06914	0.08631	0.04692	0.03428	0.14157	0.03222	0.00758	0.00576	0.05375	0.03334	0.02229	0.00338	0.04972

[dist]
# distance from previous block
# <min> <max>
1	72

[block]
# block no. 5 follows, 55 sequences, length 33
# corresponding to MSA columns:
# 550-582
name=unknown_F
#
# <colnr> <probs for GDERKNQSTAVLIFYWHMCP>
#	G	D	E	R	K	N	Q	S	T	A	V	L	I	F	Y	W	H	M	C	P
0	0.04455	0.00833	0.01125	0.17019	0.10476	0.00914	0.02051	0.12699	0.11461	0.03652	0.09903	0.03741	0.02658	0.03158	0.04293	0.07290	0.00486	0.00516	0.02704	0.00565
1	0.00998	0.02318	0.02369	0.04645	0.25333	0.00793	0.00841	0.07291	0.01077	0.04906	0.05657	0.12577	0.08973	0.03435	0.02307	0.07786	0.00443	0.00608	0.00326	0.07317
2	0.06419	0.00800	0.00925	0.00794	0.00993	0.00873	0.00620	0.27298	0.01274	0.07134	0.01246	0.01673	0.01069	0.13843	0.25101	0.02378	0.00684	0.00475	0.05852	0.00549
3	0.00638	0.00475	0.00580	0.00631	0.00707	0.00450	0.00440	0.03892	0.02964	0.01334	0.09054	0.55025	0.16776	0.03949	0.00631	0.00186	0.00278	0.01147	0.00436	0.00408
4	0.02432	0.00639	0.00743	0.00699	0.00843	0.01877	0.00519	0.06717	0.10526	0.10411	0.07188	0.18998	0.09787	0.06440	0.00825	0.12960	0.00350	0.02666	0.04902	0.00479
5	0.03057	0.00472	0.00556	0.00592	0.00676	0.00440	0.00410	0.00760	0.02045	0.01272	0.06893	0.41144	0.16883	0.13111	0.00808	0.00209	0.00295	0.02476	0.03819	0.04080
6	0.07627	0.00712	0.00903	0.00739	0.01021	0.00647	0.00599	0.01776	0.03418	0.49556	0.16514	0.02228	0.09018	0.00708	0.00482	0.00148	0.00346	0.02375	0.00524	0.00660
7	0.16892	0.00787	0.00932	0.00754	0.01050	0.00759	0.00608	0.05480	0.04131	0.47070	0.06228	0.01713	0.03469	0.06289	0.00571	0.00165	0.00381	0.00479	0.01573	0.00667
8	0.00647	0.00461	0.00559	0.00601	0.00675	0.00429	0.00412	0.00778	0.03482	0.03439	0.09386	0.44435	0.19019	0.12467	0.00814	0.00212	0.00290	0.01074	0.00424	0.00396
9	0.01862	0.00885	0.01103	0.00867	0.01201	0.00851	0.00708	0.19675	0.04546	0.53636	0.01705	0.05934	0.01186	0.00621	0.00470	0.00145	0.00409	0.00504	0.02935	0.00757
10	0.00785	0.00474	0.00520	0.00507	0.00605	0.00465	0.00363	0.03429	0.01027	0.01585	0.16423	0.05528	0.08429	0.15936	0.00774	0.00186	0.00273	0.00631	0.41648	0.00413
11	0.00802	0.00506	0.00625	0.00621	0.00747	0.00468	0.00462	0.00958	0.02402	0.10872	0.13460	0.22703	0.23038	0.06710	0.05220	0.00216	0.00346	0.05775	0.03622	0.00447
12	0.00608	0.00485	0.00612	0.00620	0.00737	0.00435	0.03121	0.00743	0.01037	0.01324	0.13304	0.26156	0.37806	0.03531	0.00621	0.00178	0.00284	0.07565	0.00431	0.00402
13	0.00879	0.00827	0.01395	0.82532	0.03204	0.01034	0.01292	0.01189	0.00930	0.01189	0.00827	0.01240	0.00620	0.00465	0.00465	0.00155	0.00620	0.00413	0.00207	0.00517
14	0.00965	0.00827	0.00965	0.00689	0.01102	0.00620	0.00551	0.01171	0.00965	0.01516	0.00827	0.00965	0.00689	0.00345	0.00345	0.00069	0.00345	0.00276	0.00276	0.86494
15	0.01197	0.01019	0.01075	0.00955	0.01225	0.01176	0.00746	0.07502	0.74813	0.02011	0.01843	0.01695	0.01379	0.00626	0.00473	0.00157	0.00378	0.00519	0.00473	0.00740
16	0.03728	0.01356	0.01177	0.00984	0.01280	0.27196	0.00782	0.21811	0.01511	0.24611	0.03044	0.01465	0.03273	0.00588	0.00455	0.00137	0.00558	0.03278	0.02102	0.00663
17	0.06286	0.00601	0.00746	0.00669	0.00872	0.00542	0.00515	0.01326	0.01137	0.31078	0.12399	0.21943	0.18109	0.00948	0.00514	0.00158	0.00309	0.00811	0.00487	0.00550
18	0.00676	0.00516	0.00601	0.00602	0.00728	0.00475	0.00441	0.03708	0.03345	0.01447	0.16535	0.28007	0.27957	0.03022	0.00584	0.00166	0.00272	0.02900	0.03191	0.04827
19	0.00641	0.00512	0.00582	0.00581	0.00721	0.00461	0.00434	0.00838	0.05152	0.01386	0.15303	0.16769	0.40262	0.03695	0.00604	0.00169	0.00271	0.06016	0.00433	0.05170
20	0.00808	0.00404	0.00606	0.00606	0.00606	0.00404	0.00404	0.00606	0.00606	0.00808	0.00808	0.01414	0.00808	0.01616	0.01818	0.86465	0.00404	0.00404	0.00202	0.00202
21	0.00849	0.00539	0.00663	0.00656	0.00782	0.00506	0.00485	0.04607	0.02320	0.11107	0.11330	0.30191	0.17991	0.08860	0.00727	0.00196	0.00315	0.06973	0.00446	0.00458
22	0.03922	0.00735	0.00868	0.00711	0.00981	0.00672	0.00557	0.07589	0.03633	0.07211	0.06860	0.05717	0.03999	0.04086	0.12695	0.00218	0.00481	0.00480	0.03825	0.34762
23	0.00618	0.00455	0.00573	0.00615	0.00689	0.00414	0.00425	0.00726	0.00957	0.01290	0.14095	0.48829	0.10392	0.09769	0.00752	0.00200	0.00286	0.02986	0.00419	0.05510
24	0.22543	0.00691	0.00713	0.00659	0.00845	0.00737	0.00511	0.09083	0.04903	0.05042	0.09067	0.12220	0.06701	0.04251	0.04767	0.00191	0.00375	0.02743	0.13457	0.00501
25	0.04800	0.00569	0.00678	0.00664	0.00794	0.00561	0.00488	0.02583	0.07540	0.10804	0.09919	0.27097	0.10528	0.11487	0.03295	0.00220	0.00352	0.04256	0.02896	0.00470
26	0.03316	0.00708	0.02825	0.05265	0.01010	0.03645	0.00603	0.04943	0.04805	0.04809	0.09456	0.12932	0.03477	0.05661	0.17252	0.09416	0.00565	0.00613	0.02733	0.05966
27	0.00973	0.03070	0.08298	0.00993	0.01124	0.02906	0.00848	0.02973	0.06597	0.04532	0.01336	0.18799	0.02890	0.03284	0.03348	0.02382	0.34206	0.00623	0.00301	0.00515
28	0.00634	0.00460	0.00557	0.00597	0.00655	0.00440	0.00402	0.00761	0.04087	0.01225	0.10855	0.37166	0.13546	0.21886	0.01048	0.02037	0.00315	0.02553	0.00400	0.00374
29	0.03643	0.00654	0.00908	0.03137	0.04177	0.01787	0.06683	0.02837	0.05901	0.04547	0.03677	0.09144	0.09651	0.08539	0.09915	0.17401	0.00506	0.02172	0.04283	0.00439
30	0.03762	0.00933	0.01395	0.26909	0.11308	0.03760	0.10405	0.06146	0.06650	0.01471	0.02136	0.06190	0.04295	0.01891	0.04106	0.00184	0.03619	0.01570	0.02705	0.00564
31	0.01151	0.02215	0.08876	0.04085	0.06207	0.03751	0.04299	0.15006	0.14322	0.06691	0.03601	0.11362	0.05752	0.04770	0.00579	0.00166	0.00464	0.02536	0.01385	0.02785
32	0.03013	0.02104	0.03220	0.15398	0.12653	0.06722	0.06603	0.04780	0.06488	0.03152	0.07521	0.04465	0.07204	0.03682	0.00563	0.00154	0.02536	0.00525	0.02782	0.06436

[dist]
# distance from previous block
# <min> <max>
1	37

[block]
# block no. 6 follows, 55 sequences, length 18
# corresponding to MSA columns:
# 620-637
name=unknown_G
#
# <colnr> <probs for GDERKNQSTAVLIFYWHMCP>
#	G	D	E	R	K	N	Q	S	T	A	V	L	I	F	Y	W	H	M	C	P
0	0.00872	0.00699	0.00827	0.04850	0.01034	0.00650	0.00564	0.07829	0.06521	0.01540	0.07965	0.13680	0.13802	0.05644	0.00606	0.01583	0.00348	0.03566	0.00371	0.27046
1	0.00840	0.00690	0.02826	0.00753	0.03890	0.00635	0.02704	0.12481	0.01286	0.01730	0.23092	0.03214	0.32285	0.00909	0.00515	0.00149	0.00316	0.03550	0.07640	0.00495
2	0.56390	0.00812	0.00705	0.02866	0.00931	0.00912	0.00517	0.03788	0.04736	0.03553	0.03268	0.01408	0.08520	0.02491	0.00395	0.00150	0.00348	0.00390	0.07313	0.00507
3	0.03410	0.00663	0.00771	0.00714	0.00872	0.00674	0.00529	0.11782	0.09365	0.10035	0.11691	0.26495	0.06971	0.11167	0.00747	0.00196	0.00342	0.00818	0.02242	0.00516
4	0.00908	0.00593	0.00715	0.00681	0.00844	0.00561	0.00514	0.04651	0.07674	0.11108	0.11161	0.29520	0.14558	0.01025	0.00526	0.00159	0.00303	0.04408	0.04424	0.05668
5	0.01013	0.00645	0.00762	0.00679	0.00867	0.00634	0.00525	0.07862	0.10660	0.13239	0.31046	0.07470	0.14172	0.00856	0.00506	0.00148	0.00292	0.00730	0.07348	0.00544
6	0.03649	0.00474	0.00597	0.00633	0.00709	0.00448	0.00439	0.00861	0.00943	0.08561	0.09092	0.50044	0.04107	0.12777	0.00810	0.00214	0.00306	0.02436	0.02485	0.00414
7	0.14887	0.00783	0.00892	0.00759	0.01011	0.00790	0.00603	0.13573	0.04382	0.26841	0.07880	0.11101	0.05996	0.04048	0.00544	0.00164	0.00371	0.03023	0.01742	0.00611
8	0.04938	0.00549	0.00654	0.00642	0.00770	0.00533	0.00467	0.01088	0.07965	0.10989	0.11656	0.28881	0.12873	0.06149	0.00706	0.04925	0.00303	0.00862	0.04589	0.00462
9	0.04291	0.01131	0.01126	0.00937	0.01217	0.09158	0.00750	0.38017	0.10838	0.07670	0.04363	0.05127	0.01227	0.02896	0.00516	0.00152	0.00470	0.03818	0.05628	0.00668
10	0.01011	0.00644	0.00757	0.00699	0.00867	0.00644	0.00523	0.05525	0.15468	0.13813	0.13347	0.19380	0.10921	0.08561	0.00683	0.00184	0.00323	0.00781	0.05334	0.00534
11	0.11046	0.00570	0.00666	0.00647	0.00796	0.00548	0.00483	0.03149	0.01066	0.13165	0.14264	0.31362	0.13730	0.03672	0.00580	0.00174	0.00303	0.02861	0.00444	0.00474
12	0.00834	0.00573	0.00670	0.00643	0.00788	0.00545	0.00482	0.09905	0.01185	0.06826	0.14349	0.24317	0.26416	0.04217	0.00612	0.00173	0.00300	0.03940	0.02757	0.00466
13	0.01244	0.83930	0.02438	0.00796	0.01194	0.01841	0.00796	0.01393	0.00945	0.01095	0.00647	0.00746	0.00597	0.00398	0.00299	0.00100	0.00498	0.00249	0.00199	0.00597
14	0.01052	0.00863	0.01178	0.35405	0.01983	0.01019	0.00952	0.15699	0.11071	0.01611	0.01151	0.01537	0.00934	0.03463	0.07723	0.02334	0.03717	0.02898	0.04845	0.00564
15	0.00717	0.00510	0.00689	0.00683	0.00768	0.00518	0.02275	0.02698	0.04174	0.01252	0.09624	0.21186	0.09663	0.07059	0.18113	0.14528	0.00527	0.02589	0.02034	0.00391
16	0.00798	0.00498	0.00637	0.00633	0.00713	0.00513	0.00464	0.00928	0.02721	0.05178	0.03811	0.02633	0.03445	0.25348	0.21054	0.07449	0.00590	0.09758	0.12439	0.00390
17	0.00752	0.02974	0.00838	0.00761	0.00840	0.00702	0.00585	0.03294	0.00782	0.01110	0.01204	0.01915	0.01177	0.17389	0.55068	0.00605	0.08819	0.00512	0.00256	0.00417

[dist]
# distance from previous block
# <min> <max>
0	11

[block]
# block no. 7 follows, 55 sequences, length 15
# corresponding to MSA columns:
# 650-664
name=unknown_H
#
# <colnr> <probs for GDERKNQSTAVLIFYWHMCP>
#	G	D	E	R	K	N	Q	S	T	A	V	L	I	F	Y	W	H	M	C	P
0	0.64874	0.01054	0.03624	0.00831	0.04770	0.07407	0.03574	0.01376	0.00880	0.01893	0.00921	0.01027	0.05257	0.00478	0.00337	0.00143	0.00427	0.00321	0.00285	0.00522
1	0.01090	0.01033	0.06365	0.08611	0.14624	0.02737	0.11321	0.08655	0.06819	0.05788	0.07986	0.07352	0.02524	0.04840	0.02858	0.00185	0.05722	0.00560	0.00327	0.00602
2	0.00798	0.00492	0.00684	0.01988	0.00757	0.00461	0.01732	0.00773	0.00790	0.03326	0.07064	0.16477	0.01569	0.10384	0.01325	0.40537	0.00375	0.00622	0.00294	0.09552
3	0.00985	0.00724	0.00826	0.00755	0.00957	0.00760	0.00585	0.01635	0.34082	0.09286	0.20803	0.05511	0.14659	0.00940	0.03651	0.00179	0.00347	0.02256	0.00475	0.00586
4	0.00671	0.00474	0.00555	0.00568	0.00630	0.00455	0.00377	0.03474	0.00942	0.01263	0.12769	0.25105	0.14166	0.31949	0.01229	0.00272	0.00332	0.00902	0.03499	0.00369
5	0.01019	0.00842	0.00931	0.00764	0.01040	0.03136	0.00599	0.10553	0.16214	0.01868	0.27046	0.01944	0.02044	0.00626	0.00452	0.00121	0.00342	0.00525	0.00412	0.29522
6	0.00993	0.00845	0.01245	0.00970	0.01267	0.00776	0.14763	0.05287	0.01038	0.05059	0.01390	0.14319	0.04754	0.02774	0.00593	0.00138	0.06934	0.02188	0.00321	0.34345
7	0.00688	0.00473	0.00663	0.00717	0.02865	0.00492	0.00488	0.00739	0.00799	0.01098	0.06256	0.26077	0.01928	0.13601	0.20439	0.17298	0.02455	0.02251	0.00316	0.00356
8	0.01476	0.01860	0.10429	0.07626	0.07508	0.45149	0.06267	0.08424	0.04327	0.01418	0.00846	0.00995	0.00665	0.00476	0.00443	0.00133	0.00734	0.00357	0.00260	0.00604
9	0.00691	0.00446	0.00518	0.00518	0.00518	0.00446	0.00295	0.00669	0.00669	0.00892	0.01394	0.02865	0.01594	0.74645	0.02308	0.09893	0.00446	0.00647	0.00273	0.00273
10	0.00592	0.00427	0.00536	0.00599	0.00645	0.00398	0.00400	0.00680	0.00922	0.01224	0.11137	0.53060	0.11721	0.14366	0.00864	0.00222	0.00289	0.01130	0.00417	0.00371
11	0.00950	0.01013	0.08042	0.08950	0.27517	0.03170	0.03968	0.01176	0.00920	0.01290	0.01061	0.09132	0.00999	0.01175	0.15613	0.03085	0.10619	0.00512	0.00244	0.00565
12	0.00730	0.00551	0.00766	0.00773	0.05420	0.00547	0.05663	0.00803	0.00782	0.01053	0.04120	0.02889	0.04523	0.59213	0.06925	0.00402	0.00513	0.03680	0.00292	0.00355
13	0.01738	0.02217	0.01318	0.01199	0.01438	0.81783	0.00899	0.01858	0.01318	0.01139	0.00719	0.00839	0.00599	0.00479	0.00419	0.00120	0.00839	0.00300	0.00240	0.00539
14	0.00650	0.00459	0.00565	0.00573	0.00662	0.00419	0.00405	0.00774	0.01059	0.03193	0.31127	0.23606	0.20244	0.10780	0.00806	0.02616	0.00272	0.00953	0.00440	0.00396

[dist]
# distance from previous block
# <min> <max>
0	1

[block]
# block no. 8 follows, 55 sequences, length 39
# corresponding to MSA columns:
# 666-704
name=unknown_I
#
# <colnr> <probs for GDERKNQSTAVLIFYWHMCP>
#	G	D	E	R	K	N	Q	S	T	A	V	L	I	F	Y	W	H	M	C	P
0	0.01311	0.01373	0.08141	0.01537	0.12711	0.11494	0.19482	0.19240	0.04151	0.03221	0.04436	0.01255	0.00908	0.00599	0.02879	0.00164	0.05677	0.00452	0.00310	0.00659
1	0.17304	0.21572	0.01493	0.00990	0.04194	0.18807	0.00796	0.20463	0.01320	0.04827	0.00837	0.00913	0.00657	0.00466	0.00378	0.00124	0.00542	0.00317	0.00307	0.03691
2	0.16362	0.00589	0.00647	0.02163	0.02040	0.02096	0.01699	0.00871	0.00963	0.01432	0.09682	0.30662	0.21636	0.03635	0.00583	0.00988	0.00314	0.02824	0.00392	0.00422
3	0.32445	0.01058	0.01078	0.00858	0.01198	0.01151	0.00708	0.36192	0.01518	0.17893	0.01089	0.01078	0.00758	0.00516	0.00402	0.00142	0.00435	0.00368	0.00423	0.00688
4	0.01273	0.09470	0.02496	0.04162	0.06562	0.04050	0.02748	0.25466	0.05844	0.07479	0.13347	0.04423	0.09354	0.00674	0.00474	0.00141	0.00444	0.00556	0.00405	0.00634
5	0.00773	0.00590	0.00642	0.00624	0.00671	0.03996	0.00407	0.03715	0.03308	0.01073	0.01533	0.08608	0.03119	0.56045	0.10690	0.00418	0.02456	0.00674	0.00301	0.00355
6	0.00665	0.00495	0.00731	0.00731	0.00808	0.00573	0.00561	0.00820	0.00743	0.01068	0.01261	0.01912	0.01200	0.09025	0.76321	0.00727	0.01191	0.00511	0.00251	0.00406
7	0.83667	0.00896	0.00699	0.00620	0.00911	0.01030	0.00511	0.01402	0.00813	0.05131	0.00694	0.00788	0.00529	0.00437	0.00295	0.00144	0.00361	0.00260	0.00299	0.00515
8	0.01245	0.01060	0.05213	0.08893	0.05869	0.01095	0.00876	0.27534	0.20515	0.03630	0.16050	0.01720	0.01588	0.00631	0.00499	0.00148	0.01819	0.00520	0.00422	0.00673
9	0.01276	0.01300	0.01465	0.01231	0.01386	0.20568	0.08970	0.03948	0.04434	0.05950	0.00866	0.01163	0.00743	0.00753	0.03554	0.00189	0.39681	0.01700	0.00263	0.00560
10	0.01069	0.11017	0.01278	0.08145	0.03944	0.02479	0.00743	0.05437	0.01026	0.02626	0.02845	0.01052	0.00771	0.00441	0.00478	0.00103	0.08055	0.00327	0.00272	0.47892
11	0.00844	0.00482	0.00662	0.00645	0.00675	0.00499	0.00444	0.03679	0.00744	0.02959	0.02469	0.09910	0.01206	0.10834	0.01611	0.55711	0.03978	0.00538	0.01822	0.00287
12	0.00931	0.05576	0.01288	0.01067	0.01103	0.01214	0.00878	0.01039	0.00754	0.01123	0.00948	0.12306	0.01006	0.01170	0.10081	0.00255	0.58003	0.00533	0.00239	0.00486
13	0.00756	0.00435	0.00637	0.00637	0.00660	0.00458	0.00443	0.00676	0.00652	0.00893	0.00991	0.01679	0.00988	0.09618	0.24377	0.54507	0.00645	0.00455	0.00223	0.00269
14	0.00691	0.00535	0.00787	0.00773	0.00845	0.00638	0.00601	0.00843	0.00745	0.01079	0.01236	0.03763	0.01186	0.06400	0.70363	0.00679	0.07648	0.00518	0.00251	0.00417
15	0.00640	0.00445	0.00529	0.00566	0.00615	0.00419	0.00369	0.00697	0.00846	0.02430	0.02502	0.32220	0.17268	0.33688	0.01300	0.01588	0.00342	0.02814	0.00372	0.00349
16	0.01226	0.00951	0.01029	0.00874	0.01119	0.01049	0.00681	0.29066	0.29708	0.02126	0.11033	0.03362	0.04540	0.10270	0.00703	0.00184	0.00404	0.00573	0.00451	0.00649
17	0.01070	0.02889	0.10236	0.01611	0.02041	0.03590	0.52913	0.03568	0.03027	0.01546	0.06118	0.01473	0.03495	0.00476	0.00517	0.00151	0.00679	0.00539	0.03450	0.00611
18	0.66910	0.00902	0.00787	0.00676	0.00978	0.01007	0.00556	0.04332	0.04368	0.14451	0.00904	0.00941	0.00655	0.00468	0.00330	0.00144	0.00371	0.00304	0.00347	0.00569
19	0.00598	0.00432	0.00529	0.00585	0.00629	0.00407	0.00385	0.00670	0.00868	0.01137	0.04492	0.45178	0.15045	0.22963	0.03663	0.00269	0.00342	0.01061	0.00389	0.00358
20	0.00983	0.00815	0.00952	0.00706	0.01090	0.00642	0.00559	0.01249	0.05675	0.03393	0.01000	0.05109	0.00862	0.00422	0.00367	0.00082	0.00343	0.00347	0.00302	0.75102
21	0.00935	0.00598	0.00759	0.00694	0.00855	0.00570	0.01995	0.05533	0.05959	0.13234	0.29059	0.21141	0.12091	0.03669	0.00597	0.00167	0.00302	0.00859	0.00476	0.00507
22	0.00644	0.00471	0.00616	0.00662	0.00752	0.00442	0.00509	0.00812	0.01103	0.01482	0.29620	0.26749	0.11912	0.01207	0.00586	0.00177	0.00290	0.21092	0.00459	0.00414
23	0.00698	0.00516	0.00597	0.00653	0.00726	0.03077	0.00463	0.02100	0.02291	0.02360	0.04857	0.50558	0.10194	0.05938	0.00662	0.00191	0.00309	0.06709	0.06695	0.00407
24	0.33725	0.00787	0.00762	0.00705	0.00909	0.00880	0.00539	0.01515	0.22666	0.05073	0.01370	0.06178	0.01227	0.14879	0.00773	0.02405	0.00377	0.03443	0.01264	0.00524
25	0.03059	0.00857	0.00936	0.00815	0.01066	0.00915	0.00635	0.08530	0.39045	0.04682	0.08492	0.03784	0.06079	0.02835	0.03092	0.00169	0.00381	0.00550	0.03612	0.10463
26	0.01056	0.00865	0.01123	0.00966	0.01098	0.04218	0.05866	0.11104	0.02243	0.05317	0.03166	0.07243	0.01246	0.12922	0.10675	0.01847	0.22479	0.03046	0.03014	0.00507
27	0.00705	0.00501	0.00625	0.00667	0.00751	0.00493	0.00473	0.00926	0.09545	0.03823	0.06268	0.48163	0.11056	0.04029	0.03688	0.03962	0.00331	0.03145	0.00423	0.00427
28	0.00851	0.00683	0.00793	0.00628	0.00922	0.00538	0.00485	0.01013	0.00991	0.03418	0.06126	0.05678	0.18968	0.03375	0.00528	0.02795	0.00317	0.00533	0.00336	0.51023
29	0.00840	0.00578	0.00688	0.00619	0.00755	0.00530	0.00428	0.02775	0.03461	0.05544	0.07939	0.13544	0.03032	0.34530	0.01300	0.04016	0.00376	0.00668	0.00345	0.18033
30	0.03111	0.00612	0.00719	0.00655	0.00795	0.00607	0.00475	0.06028	0.07225	0.13738	0.11175	0.07926	0.09085	0.27250	0.01154	0.04004	0.00371	0.02449	0.02148	0.00472
31	0.00798	0.00505	0.00627	0.00631	0.00748	0.00464	0.00462	0.02788	0.01073	0.10299	0.15052	0.33061	0.19184	0.05791	0.00658	0.00184	0.00292	0.05071	0.01868	0.00445
