[name]
unknown

[dist]
# distance from previous block
# <min> <max>
0	228

[block]
# block no. 0 follows, 53 sequences, length 33
# corresponding to MSA columns:
# 304-311,317,321-344
name=unknown_A
#
# <colnr> <probs for GDERKNQSTAVLIFYWHMCP>
#	G	D	E	R	K	N	Q	S	T	A	V	L	I	F	Y	W	H	M	C	P
0	0.01168	0.18763	0.07481	0.03268	0.01266	0.14798	0.00849	0.01405	0.03644	0.07101	0.01632	0.09072	0.04202	0.00807	0.00491	0.00157	0.00528	0.20683	0.00341	0.02345
1	0.00733	0.00890	0.17588	0.00782	0.01003	0.00565	0.00724	0.00941	0.01025	0.04601	0.08351	0.38908	0.18516	0.01139	0.00560	0.00174	0.00365	0.02250	0.00404	0.00482
2	0.01200	0.15770	0.32387	0.01270	0.08355	0.05710	0.02239	0.10134	0.03716	0.03634	0.01093	0.01199	0.04028	0.00505	0.00454	0.00138	0.02065	0.00389	0.01895	0.03819
3	0.00987	0.00869	0.01298	0.24247	0.16584	0.03227	0.05181	0.04744	0.03895	0.02797	0.01295	0.07889	0.02923	0.12608	0.08315	0.00256	0.00617	0.00564	0.00287	0.01415
4	0.00637	0.00449	0.00586	0.00656	0.00705	0.00436	0.00459	0.00736	0.00911	0.01228	0.05081	0.48027	0.06785	0.11897	0.08597	0.01654	0.00408	0.07481	0.02880	0.00386
5	0.00910	0.00857	0.01447	0.79941	0.05346	0.01064	0.01331	0.01228	0.00959	0.01230	0.00851	0.01272	0.00640	0.00476	0.00478	0.00159	0.00635	0.00425	0.00213	0.00537
6	0.11239	0.08060	0.04030	0.06514	0.13505	0.05940	0.10424	0.18082	0.01296	0.01831	0.02790	0.08460	0.01053	0.00595	0.00465	0.00148	0.00546	0.02695	0.00323	0.02005
7	0.00782	0.00550	0.00838	0.09055	0.02883	0.00559	0.04243	0.00858	0.03086	0.01210	0.10755	0.21309	0.04611	0.01277	0.01053	0.32289	0.00399	0.03539	0.00328	0.00376
8	0.00839	0.00662	0.00966	0.31067	0.01719	0.00722	0.00798	0.01144	0.04863	0.04911	0.38513	0.02614	0.07743	0.00774	0.00525	0.00155	0.00395	0.00678	0.00404	0.00507
9	0.01099	0.07848	0.01882	0.23279	0.19099	0.01155	0.19356	0.01375	0.01023	0.05084	0.01063	0.01391	0.03485	0.03300	0.00643	0.00165	0.07414	0.00475	0.00252	0.00613
10	0.01246	0.44770	0.03545	0.01148	0.02930	0.03796	0.16336	0.05530	0.06297	0.01396	0.00888	0.02547	0.00757	0.00469	0.00439	0.00126	0.03370	0.00379	0.00254	0.03777
11	0.01324	0.00667	0.00883	0.00765	0.00971	0.00666	0.00602	0.06409	0.01104	0.30976	0.01547	0.01843	0.01219	0.09332	0.30529	0.00402	0.00724	0.00505	0.08946	0.00585
12	0.00774	0.00622	0.00684	0.00714	0.02495	0.03898	0.00512	0.04830	0.03830	0.03196	0.09614	0.31058	0.30241	0.01183	0.00568	0.00171	0.00317	0.04387	0.00444	0.00460
13	0.04644	0.25795	0.09609	0.01062	0.01410	0.17048	0.06280	0.09635	0.02280	0.01504	0.02727	0.01547	0.01007	0.00700	0.03748	0.00164	0.00631	0.09319	0.00288	0.00601
14	0.01083	0.01008	0.01856	0.09406	0.31505	0.00996	0.23583	0.01370	0.01080	0.05191	0.01290	0.11916	0.01195	0.00628	0.00530	0.00161	0.00590	0.05680	0.00292	0.00638
15	0.10013	0.01017	0.01444	0.07385	0.01490	0.02567	0.09664	0.04434	0.00927	0.04910	0.00940	0.05128	0.00868	0.00743	0.01045	0.00186	0.42744	0.03670	0.00271	0.00552
16	0.00937	0.00957	0.01899	0.11465	0.02004	0.00943	0.41821	0.01232	0.01051	0.01412	0.02988	0.20390	0.01499	0.00754	0.00594	0.00174	0.02510	0.06515	0.00304	0.00550
17	0.00708	0.00529	0.00764	0.00754	0.00838	0.00595	0.00575	0.00844	0.00777	0.01115	0.01334	0.08146	0.01316	0.06853	0.61347	0.04988	0.03682	0.00569	0.00269	0.03997
18	0.01260	0.19856	0.20863	0.04145	0.08514	0.02917	0.14870	0.13081	0.05198	0.03467	0.00957	0.01100	0.00730	0.00465	0.00449	0.00140	0.00619	0.00400	0.00278	0.00691
19	0.01617	0.01104	0.01217	0.00989	0.01320	0.01204	0.00799	0.34616	0.30498	0.16538	0.01586	0.01486	0.01130	0.00604	0.00477	0.00150	0.00441	0.00480	0.02960	0.00782
20	0.02144	0.00813	0.01109	0.00850	0.01220	0.00702	0.00702	0.02329	0.01368	0.80552	0.01886	0.01627	0.01183	0.00592	0.00481	0.00148	0.00407	0.00481	0.00592	0.00813
21	0.00782	0.00611	0.05000	0.00665	0.00812	0.00494	0.00522	0.00921	0.01042	0.09555	0.09194	0.33599	0.26817	0.05345	0.00681	0.00187	0.01863	0.01012	0.00440	0.00457
22	0.00693	0.00470	0.00556	0.00556	0.00568	0.00482	0.00333	0.00717	0.00705	0.00952	0.01474	0.02953	0.01662	0.72079	0.13452	0.00506	0.00578	0.00670	0.00285	0.00309
23	0.00749	0.00438	0.00589	0.00590	0.00630	0.00419	0.00401	0.00666	0.00788	0.01033	0.08827	0.05528	0.15297	0.07845	0.01514	0.53129	0.00366	0.00619	0.00294	0.00278
24	0.29383	0.00856	0.00976	0.00784	0.01120	0.00845	0.00646	0.04611	0.01197	0.49601	0.01443	0.01345	0.00956	0.00653	0.03391	0.00171	0.00431	0.00408	0.00480	0.00704
25	0.04727	0.61709	0.17589	0.00925	0.01386	0.01693	0.00993	0.03949	0.01013	0.01303	0.00718	0.00827	0.00614	0.00424	0.00340	0.00115	0.00544	0.00280	0.00217	0.00634
26	0.01232	0.01119	0.01898	0.02828	0.76216	0.01114	0.01428	0.01511	0.01102	0.05566	0.00949	0.01205	0.00779	0.00434	0.00474	0.00142	0.00560	0.00429	0.00255	0.00760
27	0.00996	0.00557	0.00730	0.00674	0.00835	0.00506	0.00513	0.01194	0.02250	0.19718	0.40149	0.17939	0.08261	0.01004	0.00555	0.00160	0.00285	0.02634	0.00518	0.00523
28	0.01297	0.00621	0.00831	0.00747	0.00946	0.00564	0.00571	0.01486	0.03376	0.35819	0.14836	0.29658	0.02407	0.01066	0.03270	0.00185	0.00362	0.00845	0.00516	0.00595
29	0.01669	0.06805	0.02917	0.00933	0.01268	0.03773	0.00778	0.25179	0.09850	0.29535	0.07525	0.04950	0.01366	0.00641	0.00478	0.00146	0.00449	0.00514	0.00488	0.00737
30	0.00792	0.00481	0.00633	0.00681	0.00763	0.00445	0.00485	0.00890	0.00983	0.10343	0.04291	0.52979	0.08211	0.05746	0.00735	0.03074	0.00316	0.07274	0.00446	0.00432
31	0.03702	0.01200	0.03813	0.01027	0.01367	0.01290	0.00848	0.36495	0.36363	0.06423	0.01517	0.01440	0.01104	0.00601	0.00476	0.00152	0.00456	0.00475	0.00474	0.00777
32	0.18333	0.08842	0.05662	0.02031	0.07496	0.26099	0.04387	0.04400	0.03676	0.07478	0.00879	0.01004	0.00689	0.00505	0.00495	0.00141	0.06630	0.00351	0.00288	0.00613

[dist]
# distance from previous block
# <min> <max>
2	10

[block]
# block no. 1 follows, 53 sequences, length 26
# corresponding to MSA columns:
# 364-377,382-393
name=unknown_B
#
# <colnr> <probs for GDERKNQSTAVLIFYWHMCP>
#	G	D	E	R	K	N	Q	S	T	A	V	L	I	F	Y	W	H	M	C	P
0	0.03909	0.12642	0.10873	0.07022	0.10427	0.15754	0.13656	0.05950	0.01204	0.07971	0.05366	0.01228	0.00922	0.00492	0.00456	0.00140	0.00632	0.00420	0.00290	0.00644
1	0.01278	0.83490	0.02505	0.00818	0.01227	0.01891	0.00818	0.01431	0.00971	0.01125	0.00664	0.00767	0.00613	0.00409	0.00307	0.00102	0.00511	0.00256	0.00204	0.00613
2	0.01208	0.00615	0.00791	0.00700	0.00913	0.00548	0.00551	0.01402	0.02571	0.31053	0.22250	0.10270	0.18507	0.00944	0.00542	0.00160	0.00317	0.05562	0.00520	0.00575
3	0.00700	0.00485	0.00658	0.00660	0.00714	0.00526	0.00469	0.00796	0.00777	0.01101	0.05130	0.04604	0.01556	0.28000	0.42702	0.05952	0.00855	0.00601	0.03345	0.00371
4	0.00864	0.00548	0.00836	0.03272	0.00930	0.00561	0.04917	0.00891	0.03611	0.03566	0.01376	0.11046	0.01407	0.02986	0.04350	0.44704	0.02119	0.11371	0.00294	0.00350
5	0.00677	0.00584	0.02495	0.00887	0.02399	0.00534	0.09777	0.00817	0.00928	0.01254	0.02229	0.61421	0.02577	0.03215	0.07554	0.00243	0.00444	0.01140	0.00392	0.00433
6	0.10041	0.00806	0.01039	0.00810	0.01161	0.00725	0.00667	0.02184	0.01298	0.69401	0.01755	0.01554	0.01122	0.00576	0.00456	0.00146	0.00394	0.00458	0.04637	0.00768
7	0.01144	0.03425	0.04696	0.01818	0.04921	0.01209	0.58514	0.06292	0.01145	0.01561	0.00978	0.01346	0.00777	0.05085	0.00700	0.00177	0.04784	0.00537	0.00255	0.00634
8	0.01170	0.00666	0.00784	0.00685	0.00886	0.00662	0.00535	0.06871	0.11057	0.17286	0.26233	0.02268	0.02248	0.00708	0.00464	0.00139	0.00300	0.00595	0.25861	0.00583
9	0.00769	0.00636	0.00888	0.00894	0.00941	0.00755	0.00709	0.00903	0.00887	0.01234	0.01863	0.30758	0.02086	0.01560	0.12047	0.00284	0.23363	0.18626	0.00351	0.00443
10	0.00691	0.00478	0.00611	0.00618	0.00655	0.00507	0.00414	0.00767	0.00747	0.01044	0.01496	0.07620	0.01609	0.45873	0.31115	0.00545	0.00742	0.00660	0.03458	0.00352
11	0.01178	0.00867	0.00960	0.05452	0.03216	0.09357	0.00693	0.11306	0.01199	0.13390	0.01784	0.31428	0.01797	0.03913	0.03729	0.00199	0.02979	0.02430	0.03576	0.00548
12	0.10351	0.01043	0.01132	0.10590	0.01465	0.07714	0.03430	0.11724	0.25303	0.05785	0.01512	0.07300	0.01264	0.00673	0.00477	0.00158	0.00475	0.05592	0.03374	0.00636
13	0.38872	0.02422	0.08540	0.11383	0.10348	0.06542	0.00919	0.02389	0.00983	0.08885	0.00852	0.01005	0.00644	0.00481	0.00435	0.00149	0.03922	0.00339	0.00290	0.00598
14	0.01260	0.04669	0.11695	0.01608	0.02002	0.19079	0.38256	0.02803	0.01127	0.01410	0.00853	0.01109	0.00672	0.00486	0.00635	0.00155	0.10876	0.00450	0.00236	0.00618
15	0.00685	0.00496	0.00718	0.00725	0.00793	0.00560	0.00542	0.00812	0.00762	0.01081	0.01371	0.07084	0.01366	0.12876	0.63030	0.04772	0.01078	0.00582	0.00270	0.00397
16	0.01098	0.01008	0.03704	0.13585	0.01556	0.03197	0.02573	0.04151	0.15008	0.05971	0.03244	0.10086	0.01188	0.00769	0.00894	0.00179	0.30325	0.00556	0.00325	0.00585
17	0.00915	0.00874	0.01511	0.77561	0.03247	0.01070	0.05658	0.01239	0.00965	0.01239	0.00856	0.01275	0.00642	0.00474	0.00483	0.00159	0.00647	0.00433	0.00214	0.00537
18	0.02070	0.00818	0.01093	0.00845	0.01204	0.00723	0.00696	0.03961	0.03372	0.74175	0.01860	0.01626	0.01184	0.00591	0.00476	0.00147	0.00402	0.00480	0.03478	0.00799
19	0.01419	0.01067	0.10463	0.01184	0.06990	0.00877	0.10866	0.10881	0.01276	0.27897	0.04422	0.10892	0.01369	0.06210	0.01804	0.00184	0.00513	0.00596	0.00418	0.00673
20	0.01288	0.01179	0.08414	0.02985	0.04869	0.03881	0.06667	0.12578	0.03117	0.12163	0.03588	0.05911	0.02468	0.00707	0.00854	0.00171	0.27676	0.00510	0.00337	0.00634
21	0.00808	0.00514	0.00646	0.00676	0.00768	0.00498	0.00476	0.01014	0.06960	0.08601	0.07232	0.48714	0.04816	0.06925	0.03218	0.00215	0.00333	0.01043	0.06087	0.00458
22	0.00587	0.00438	0.00547	0.00619	0.00685	0.00397	0.00427	0.00692	0.00995	0.01301	0.10391	0.58114	0.20294	0.01385	0.00596	0.00183	0.00265	0.01235	0.00451	0.00397
23	0.01251	0.01194	0.03535	0.15107	0.13116	0.09657	0.07461	0.09128	0.22841	0.04660	0.02862	0.01537	0.04377	0.00566	0.00487	0.00152	0.00552	0.00490	0.00353	0.00673
24	0.01418	0.05830	0.02953	0.21067	0.14748	0.07106	0.03800	0.24201	0.01419	0.08247	0.01007	0.01179	0.00752	0.00515	0.00508	0.00147	0.03672	0.00416	0.00328	0.00687
25	0.06135	0.01233	0.04413	0.22679	0.07066	0.11443	0.08037	0.14586	0.01242	0.04405	0.00934	0.01168	0.00719	0.00634	0.04065	0.00174	0.04708	0.00408	0.00290	0.05661

[dist]
# distance from previous block
# <min> <max>
1	182

[block]
# block no. 2 follows, 53 sequences, length 37
# corresponding to MSA columns:
# 579-615
name=unknown_C
#
# <colnr> <probs for GDERKNQSTAVLIFYWHMCP>
#	G	D	E	R	K	N	Q	S	T	A	V	L	I	F	Y	W	H	M	C	P
0	0.00954	0.15799	0.13000	0.00869	0.01118	0.03101	0.00812	0.01161	0.01031	0.04694	0.13437	0.10418	0.13031	0.00888	0.02655	0.00170	0.12878	0.00632	0.02819	0.00533
1	0.06937	0.07087	0.09783	0.01742	0.31960	0.05234	0.03036	0.05674	0.06468	0.04682	0.01186	0.10931	0.01062	0.00589	0.00464	0.00147	0.00527	0.00513	0.00305	0.01674
2	0.01038	0.01001	0.03629	0.27116	0.10389	0.05489	0.03269	0.05001	0.15085	0.01531	0.06046	0.06857	0.01340	0.04120	0.00607	0.00173	0.02380	0.04013	0.00326	0.00590
3	0.01432	0.13898	0.01456	0.01022	0.01286	0.13003	0.00845	0.31757	0.01468	0.01891	0.00985	0.01182	0.00808	0.01961	0.12386	0.00236	0.10682	0.00400	0.02665	0.00637
4	0.02893	0.00803	0.05588	0.00815	0.03051	0.03166	0.00629	0.07403	0.05905	0.01612	0.14434	0.31250	0.10134	0.00999	0.00528	0.00158	0.00354	0.00869	0.00417	0.08992
5	0.01474	0.00888	0.03271	0.08054	0.01353	0.00845	0.00767	0.17836	0.02814	0.29048	0.01730	0.12623	0.04019	0.00776	0.00557	0.03762	0.00435	0.03443	0.00456	0.05849
6	0.06818	0.00487	0.00491	0.00485	0.00598	0.00494	0.00354	0.01091	0.00957	0.03366	0.01544	0.05313	0.01319	0.10485	0.00598	0.00160	0.00268	0.00502	0.64233	0.00437
7	0.04512	0.00858	0.01384	0.53600	0.06701	0.01025	0.05028	0.01227	0.03190	0.01294	0.01014	0.06171	0.00881	0.05574	0.00665	0.00182	0.05420	0.00499	0.00245	0.00531
8	0.05832	0.00658	0.00804	0.00785	0.00888	0.05540	0.00609	0.00967	0.00813	0.01199	0.01206	0.01750	0.01115	0.04983	0.63533	0.00638	0.03904	0.00483	0.03852	0.00440
9	0.00588	0.00420	0.00560	0.00662	0.00694	0.00392	0.00444	0.00679	0.00941	0.01261	0.07191	0.78217	0.03241	0.01467	0.00607	0.00192	0.00274	0.01330	0.00449	0.00392
10	0.01805	0.00814	0.01070	0.00903	0.03322	0.00755	0.00703	0.03153	0.11830	0.57530	0.04358	0.08673	0.01478	0.00684	0.00495	0.00154	0.00392	0.00574	0.00551	0.00756
11	0.07774	0.00777	0.01007	0.00817	0.01129	0.00709	0.00668	0.04480	0.01314	0.57857	0.07023	0.06832	0.01557	0.00704	0.00492	0.00155	0.00390	0.05050	0.00545	0.00721
12	0.01014	0.01116	0.08238	0.20461	0.24459	0.01102	0.12953	0.01300	0.00975	0.01366	0.00954	0.04205	0.00829	0.03083	0.04441	0.00199	0.11975	0.00485	0.00235	0.00609
13	0.01116	0.00613	0.00646	0.00576	0.00747	0.00630	0.00450	0.13871	0.01228	0.06624	0.01511	0.01669	0.01155	0.00562	0.00366	0.00119	0.00283	0.00445	0.66860	0.00527
14	0.00807	0.00677	0.00959	0.00906	0.00972	0.00786	0.04209	0.04567	0.00920	0.01291	0.01764	0.41392	0.01986	0.03512	0.09924	0.00264	0.21900	0.00905	0.01802	0.00458
15	0.00871	0.00739	0.07782	0.00728	0.00918	0.02318	0.00614	0.01053	0.01037	0.10927	0.12492	0.10484	0.20491	0.06267	0.20741	0.00328	0.00589	0.00745	0.00391	0.00487
16	0.01410	0.01407	0.23692	0.05366	0.24633	0.01017	0.02993	0.04127	0.01171	0.25259	0.01182	0.01269	0.00834	0.00502	0.00505	0.00150	0.02978	0.00425	0.00339	0.00742
17	0.03670	0.00797	0.01289	0.01028	0.01304	0.00745	0.18832	0.03620	0.01164	0.27265	0.03798	0.19548	0.01578	0.00816	0.02302	0.00171	0.00467	0.00694	0.10303	0.00611
18	0.11257	0.03025	0.06009	0.04243	0.44332	0.07791	0.05818	0.04798	0.01117	0.03409	0.00898	0.01128	0.00726	0.00536	0.02798	0.00161	0.00607	0.00401	0.00260	0.00688
19	0.01102	0.10627	0.37825	0.08680	0.13774	0.04207	0.05779	0.01492	0.01053	0.04791	0.00986	0.01328	0.00790	0.00503	0.00462	0.00149	0.00641	0.04901	0.00243	0.00668
20	0.00837	0.00644	0.04118	0.00754	0.00838	0.00649	0.00579	0.05408	0.02262	0.01142	0.01168	0.04172	0.01161	0.16834	0.25709	0.26836	0.05722	0.00523	0.00265	0.00380
21	0.04872	0.18275	0.12491	0.01334	0.03864	0.08995	0.20928	0.08721	0.05428	0.01600	0.04419	0.01183	0.00879	0.00497	0.00506	0.00143	0.04520	0.00424	0.00278	0.00643
22	0.03530	0.09466	0.46301	0.01374	0.01942	0.01191	0.17264	0.03218	0.05664	0.01552	0.00983	0.03641	0.00763	0.00486	0.00466	0.00151	0.00662	0.00429	0.00243	0.00675
23	0.01964	0.00778	0.01037	0.00809	0.01145	0.00685	0.00663	0.03741	0.01353	0.68635	0.05156	0.01713	0.01320	0.00604	0.00471	0.00145	0.00385	0.00493	0.08135	0.00765
24	0.00669	0.02906	0.00643	0.00673	0.00737	0.00464	0.00467	0.00794	0.02776	0.03733	0.05904	0.69714	0.05961	0.01384	0.00591	0.00186	0.00287	0.01246	0.00446	0.00420
25	0.03706	0.24419	0.09927	0.01136	0.03700	0.15519	0.07349	0.08142	0.02815	0.04971	0.01008	0.06499	0.00879	0.00680	0.03868	0.00164	0.03889	0.00427	0.00283	0.00619
26	0.00636	0.00487	0.00590	0.00625	0.00735	0.00447	0.00470	0.00809	0.02753	0.01441	0.20002	0.25874	0.30159	0.01243	0.00589	0.00176	0.00279	0.11803	0.00462	0.00422
27	0.00582	0.00430	0.00545	0.00632	0.00685	0.00393	0.00430	0.00676	0.00959	0.01253	0.05307	0.66696	0.16803	0.01431	0.00601	0.00187	0.00270	0.01282	0.00446	0.00393
28	0.39162	0.16604	0.08569	0.01015	0.04007	0.10513	0.07633	0.01539	0.04294	0.01705	0.00780	0.00907	0.00621	0.00448	0.00365	0.00138	0.00529	0.00317	0.00266	0.00586
29	0.06718	0.23353	0.22995	0.00992	0.01405	0.06444	0.01023	0.05418	0.05877	0.06258	0.03437	0.01637	0.04340	0.00596	0.00435	0.00143	0.00538	0.07455	0.00307	0.00630
30	0.04827	0.03862	0.10176	0.03830	0.07487	0.02568	0.02624	0.08684	0.07204	0.12731	0.12585	0.03649	0.03168	0.02981	0.02600	0.00174	0.02656	0.02145	0.05425	0.00623
31	0.01278	0.19493	0.17849	0.01262	0.08469	0.22062	0.03484	0.02898	0.05571	0.01379	0.00922	0.03281	0.00776	0.00593	0.03182	0.00150	0.00659	0.00374	0.00253	0.06066
32	0.01030	0.03187	0.03152	0.00801	0.02736	0.06904	0.00636	0.01229	0.01087	0.05773	0.11257	0.02810	0.08017	0.02318	0.00501	0.00121	0.02244	0.03683	0.02203	0.40312
33	0.01077	0.17317	0.08783	0.00831	0.01105	0.02795	0.00739	0.06949	0.12397	0.03736	0.03319	0.01989	0.05956	0.11669	0.03112	0.05077	0.00482	0.04990	0.03529	0.04149
34	0.05719	0.02946	0.12068	0.05307	0.03308	0.10795	0.00919	0.07390	0.05731	0.03189	0.03819	0.10307	0.05581	0.00725	0.00655	0.00159	0.14453	0.00545	0.05808	0.00574
35	0.01008	0.05575	0.08231	0.05151	0.12168	0.07767	0.00898	0.07058	0.03411	0.01447	0.01732	0.22206	0.07013	0.03271	0.01510	0.00180	0.05154	0.05332	0.00336	0.00554
36	0.08661	0.08333	0.05793	0.04170	0.04666	0.04770	0.00768	0.08785	0.16378	0.03960	0.01996	0.09202	0.14840	0.02863	0.00526	0.00162	0.00436	0.02717	0.00379	0.00594

[dist]
# distance from previous block
# <min> <max>
4	58

[block]
# block no. 3 follows, 53 sequences, length 53
# corresponding to MSA columns:
# 755-807
name=unknown_D
#
# <colnr> <probs for GDERKNQSTAVLIFYWHMCP>
#	G	D	E	R	K	N	Q	S	T	A	V	L	I	F	Y	W	H	M	C	P
0	0.01098	0.19354	0.24796	0.01095	0.01519	0.06319	0.08436	0.02837	0.04699	0.03628	0.07132	0.01495	0.06072	0.00706	0.04542	0.00170	0.02094	0.00450	0.00283	0.03275
1	0.05553	0.26019	0.01628	0.06162	0.03840	0.05038	0.06846	0.05131	0.05332	0.09015	0.03666	0.01658	0.04659	0.00580	0.00432	0.00136	0.00496	0.06226	0.02277	0.05308
2	0.19531	0.02510	0.03411	0.12953	0.02448	0.02545	0.02964	0.15210	0.07294	0.07296	0.01162	0.07432	0.00972	0.02802	0.00546	0.00160	0.04468	0.00470	0.00350	0.05477
3	0.20096	0.07749	0.09255	0.05059	0.05681	0.14249	0.10161	0.04901	0.01089	0.01621	0.04463	0.02599	0.00855	0.00510	0.00479	0.00142	0.04771	0.00394	0.00274	0.05651
4	0.01119	0.01016	0.01098	0.04943	0.06320	0.13039	0.04298	0.09194	0.03424	0.06340	0.03806	0.07915	0.26676	0.00831	0.00580	0.00155	0.05686	0.00678	0.00377	0.02507
5	0.01297	0.05783	0.07646	0.12275	0.26056	0.14919	0.03193	0.12798	0.03077	0.01667	0.05955	0.01268	0.00961	0.00507	0.00465	0.00141	0.00609	0.00426	0.00290	0.00667
6	0.00843	0.00575	0.00702	0.02522	0.00859	0.00555	0.00516	0.07014	0.01140	0.07588	0.12389	0.20710	0.23135	0.08624	0.05498	0.00231	0.00386	0.05809	0.00438	0.00466
7	0.08687	0.01551	0.33192	0.02260	0.09351	0.01926	0.04024	0.08621	0.01094	0.01632	0.01285	0.10254	0.05296	0.00723	0.02655	0.00175	0.05841	0.00522	0.00284	0.00628
8	0.01975	0.01109	0.01274	0.00982	0.01355	0.03233	0.00809	0.39525	0.01796	0.40621	0.01495	0.01373	0.00987	0.00580	0.00478	0.00145	0.00477	0.00451	0.00527	0.00806
9	0.10953	0.01126	0.01243	0.00959	0.01332	0.01181	0.00791	0.45538	0.01784	0.23007	0.01269	0.01222	0.00871	0.00550	0.00451	0.00140	0.00467	0.00416	0.00476	0.06223
10	0.00660	0.00499	0.00617	0.00656	0.00773	0.00461	0.00520	0.00827	0.01119	0.01447	0.19082	0.12510	0.29713	0.03370	0.00649	0.00189	0.00312	0.25720	0.00455	0.00421
11	0.00915	0.00504	0.00618	0.00609	0.00721	0.00516	0.00459	0.01094	0.00968	0.08908	0.01715	0.17169	0.01566	0.01318	0.15721	0.00257	0.02766	0.00634	0.43073	0.00468
12	0.00662	0.00482	0.00648	0.00690	0.00735	0.00503	0.00490	0.00767	0.00860	0.01178	0.05950	0.33938	0.02325	0.19018	0.21814	0.00398	0.03020	0.05774	0.00360	0.00388
13	0.00629	0.00457	0.00590	0.00676	0.00722	0.00441	0.00461	0.00785	0.04957	0.01292	0.07100	0.68068	0.03071	0.05537	0.00694	0.00204	0.00293	0.03172	0.00443	0.00407
14	0.00952	0.00904	0.01555	0.56192	0.19192	0.01042	0.05257	0.01253	0.00990	0.01308	0.00980	0.06462	0.00828	0.00528	0.00490	0.00158	0.00608	0.00492	0.00234	0.00575
15	0.79626	0.00915	0.00736	0.00647	0.00949	0.01042	0.00533	0.01481	0.00859	0.08601	0.00766	0.00846	0.00572	0.00456	0.00311	0.00148	0.00373	0.00277	0.00320	0.00542
16	0.00945	0.03207	0.01528	0.13807	0.32729	0.00916	0.09414	0.01182	0.01027	0.01391	0.01603	0.21782	0.06931	0.00753	0.00520	0.00160	0.00507	0.00709	0.00299	0.00590
17	0.01056	0.00562	0.00684	0.00615	0.00803	0.00499	0.00474	0.01231	0.01200	0.22414	0.20984	0.08367	0.25026	0.00917	0.00512	0.00150	0.00281	0.00777	0.12920	0.00528
18	0.00727	0.00575	0.00835	0.04890	0.00979	0.00682	0.00646	0.00875	0.00792	0.01125	0.01384	0.10405	0.01403	0.09896	0.50630	0.00573	0.10007	0.02874	0.00277	0.00427
19	0.02719	0.08820	0.38721	0.01066	0.01538	0.01004	0.01176	0.05489	0.02580	0.16174	0.01332	0.12855	0.01131	0.02651	0.00516	0.00160	0.00545	0.00526	0.00332	0.00666
20	0.09316	0.01027	0.03464	0.07338	0.15773	0.04177	0.04828	0.05668	0.01247	0.37667	0.01353	0.01360	0.00927	0.00521	0.00459	0.00146	0.00497	0.00437	0.03073	0.00722
21	0.00791	0.00674	0.01104	0.01019	0.01174	0.00665	0.15535	0.01058	0.06012	0.01392	0.02203	0.37155	0.02416	0.01168	0.00626	0.00194	0.01916	0.24017	0.00402	0.00479
22	0.07842	0.30925	0.16359	0.01070	0.01474	0.26476	0.02391	0.05879	0.01160	0.01399	0.00756	0.00872	0.00618	0.00455	0.00386	0.00125	0.00652	0.00305	0.00240	0.00616
23	0.01676	0.05427	0.01439	0.07722	0.01610	0.48842	0.04818	0.07200	0.01358	0.11695	0.03169	0.01109	0.00820	0.00515	0.00449	0.00132	0.00724	0.00375	0.00311	0.00608
24	0.00897	0.00799	0.01114	0.46649	0.02180	0.04903	0.00941	0.03381	0.00969	0.01238	0.06120	0.03998	0.01245	0.22483	0.01003	0.00238	0.00564	0.00543	0.00268	0.00468
25	0.11125	0.22907	0.09780	0.01008	0.05271	0.04683	0.00878	0.12010	0.06311	0.11093	0.03530	0.01240	0.03071	0.00518	0.00407	0.00132	0.00490	0.00386	0.00339	0.04822
26	0.00953	0.00894	0.06269	0.18234	0.05018	0.02206	0.09021	0.05074	0.02854	0.05504	0.04559	0.27464	0.03942	0.00862	0.00534	0.00166	0.00484	0.02706	0.00355	0.02903
27	0.02144	0.00813	0.01109	0.00850	0.01220	0.00702	0.00702	0.02329	0.01368	0.80552	0.01886	0.01627	0.01183	0.00592	0.00481	0.00148	0.00407	0.00481	0.00592	0.00813
28	0.01187	0.00924	0.01370	0.16082	0.20426	0.00969	0.04906	0.06745	0.12257	0.11452	0.01717	0.04507	0.08355	0.00668	0.00508	0.00159	0.00494	0.06251	0.00369	0.00654
29	0.01151	0.24677	0.30038	0.01098	0.01547	0.01252	0.05318	0.05582	0.01067	0.07405	0.01062	0.07825	0.00912	0.00724	0.04778	0.00176	0.04027	0.00445	0.00272	0.00642
30	0.01182	0.02941	0.00767	0.00639	0.00816	0.02154	0.00498	0.12629	0.01183	0.10773	0.01417	0.01630	0.01105	0.02830	0.02403	0.08599	0.00357	0.00444	0.47113	0.00520
31	0.00676	0.00495	0.00706	0.00716	0.00781	0.00556	0.00530	0.00809	0.00768	0.01087	0.01439	0.09228	0.01463	0.17364	0.60373	0.00664	0.01049	0.00619	0.00278	0.00399
32	0.01048	0.00972	0.01589	0.07477	0.50741	0.00984	0.03266	0.01372	0.05116	0.01558	0.07252	0.02007	0.06297	0.00614	0.00506	0.00154	0.00511	0.07572	0.00302	0.00665
33	0.01326	0.21357	0.22338	0.01299	0.06210	0.01255	0.13166	0.05518	0.02317	0.15368	0.01084	0.01253	0.00819	0.00497	0.00469	0.00143	0.02078	0.02510	0.00304	0.00691
34	0.02024	0.00835	0.01106	0.00855	0.01209	0.00750	0.00703	0.08454	0.01439	0.69219	0.06806	0.01712	0.01365	0.00615	0.00486	0.00148	0.00405	0.00501	0.00578	0.00790
35	0.00606	0.00439	0.00561	0.00627	0.00689	0.00404	0.00434	0.00726	0.01027	0.01383	0.18665	0.55894	0.12253	0.01338	0.00589	0.00180	0.00261	0.01198	0.02324	0.00404
36	0.02137	0.00966	0.01637	0.20031	0.24288	0.01028	0.12224	0.01415	0.01054	0.10847	0.01237	0.05040	0.02703	0.00606	0.00608	0.00163	0.08338	0.04751	0.00297	0.00630
37	0.00979	0.00741	0.05934	0.00901	0.06852	0.00620	0.02084	0.01179	0.02449	0.15467	0.07657	0.21114	0.21756	0.01920	0.02693	0.00182	0.02564	0.00832	0.03540	0.00536
38	0.01318	0.77361	0.02425	0.00839	0.01246	0.01861	0.00825	0.07190	0.01066	0.01265	0.00701	0.00795	0.00628	0.00421	0.00319	0.00105	0.00512	0.00269	0.00225	0.00628
39	0.00795	0.00591	0.00706	0.00627	0.00796	0.00547	0.00475	0.05902	0.02750	0.01819	0.47767	0.03084	0.12010	0.05022	0.00615	0.00156	0.00276	0.00749	0.04849	0.10465
40	0.00925	0.00775	0.01323	0.07942	0.15208	0.00812	0.12117	0.01145	0.00933	0.05337	0.01296	0.09619	0.01213	0.05615	0.31663	0.00408	0.02263	0.00586	0.00283	0.00536
41	0.01049	0.00682	0.00610	0.00571	0.00717	0.07565	0.00435	0.07913	0.01141	0.01836	0.01452	0.01647	0.01136	0.00553	0.00355	0.00115	0.00305	0.00432	0.70998	0.00487
42	0.00767	0.00686	0.05793	0.00718	0.00818	0.02819	0.00553	0.02931	0.00807	0.01107	0.01335	0.02329	0.01372	0.38542	0.36770	0.00559	0.00850	0.00575	0.00273	0.00398
43	0.00998	0.09258	0.68576	0.01362	0.02028	0.01183	0.07119	0.01508	0.01014	0.01482	0.00849	0.01008	0.00615	0.00447	0.00449	0.00148	0.00697	0.00360	0.00205	0.00694
44	0.02144	0.00813	0.01109	0.00850	0.01220	0.00702	0.00702	0.02329	0.01368	0.80552	0.01886	0.01627	0.01183	0.00592	0.00481	0.00148	0.00407	0.00481	0.00592	0.00813
45	0.00656	0.00449	0.00542	0.00579	0.00592	0.00443	0.00353	0.00691	0.00772	0.01033	0.01880	0.30075	0.02199	0.52627	0.04713	0.00383	0.00430	0.00913	0.00341	0.00328
46	0.01171	0.35789	0.35462	0.04108	0.01728	0.05688	0.04046	0.04437	0.01061	0.01382	0.00786	0.00926	0.00623	0.00441	0.00398	0.00130	0.00628	0.00324	0.00218	0.00655
47	0.01204	0.00971	0.06054	0.04502	0.01522	0.03311	0.21012	0.04861	0.01159	0.17498	0.01648	0.19881	0.01502	0.00764	0.00525	0.00162	0.00514	0.04654	0.07657	0.00597
48	0.00582	0.00416	0.00555	0.00666	0.00693	0.00388	0.00444	0.00666	0.00915	0.01220	0.02634	0.82891	0.03161	0.01497	0.00610	0.00194	0.00277	0.01359	0.00444	0.00388
49	0.00695	0.00541	0.00651	0.00657	0.00787	0.00524	0.00503	0.00981	0.08973	0.01544	0.26076	0.13803	0.25682	0.01286	0.05724	0.00208	0.00345	0.10102	0.00460	0.00457
50	0.03736	0.05405	0.14714	0.05249	0.13705	0.04278	0.17455	0.14809	0.01296	0.08824	0.01066	0.01280	0.00806	0.00494	0.00476	0.00147	0.00612	0.02102	0.02852	0.00692
51	0.09185	0.01445	0.01335	0.01198	0.03240	0.30945	0.04865	0.02813	0.01048	0.01319	0.00947	0.06294	0.02612	0.00758	0.02930	0.00179	0.27645	0.00446	0.00260	0.00537
52	0.04297	0.03489	0.11932	0.06405	0.01623	0.05909	0.11147	0.06832	0.01028	0.04322	0.00948	0.01211	0.02510	0.00696	0.02728	0.00184	0.30737	0.00432	0.02979	0.00591

[dist]
# distance from previous block
# <min> <max>
0	5

[block]
# block no. 4 follows, 53 sequences, length 13
# corresponding to MSA columns:
# 813-825
name=unknown_E
#
# <colnr> <probs for GDERKNQSTAVLIFYWHMCP>
#	G	D	E	R	K	N	Q	S	T	A	V	L	I	F	Y	W	H	M	C	P
0	0.00852	0.00530	0.00720	0.00782	0.00885	0.00511	0.00624	0.01008	0.01037	0.09616	0.02402	0.27648	0.02617	0.08646	0.00786	0.00227	0.00391	0.39827	0.00444	0.00450
1	0.00629	0.00450	0.00606	0.00704	0.00756	0.00427	0.00511	0.00753	0.00992	0.01326	0.09555	0.59861	0.03198	0.01414	0.00616	0.00196	0.00306	0.16844	0.00450	0.00405
2	0.06002	0.01121	0.01291	0.02919	0.01425	0.01247	0.05428	0.31783	0.32557	0.04060	0.01517	0.01647	0.01164	0.00628	0.00487	0.00157	0.00471	0.04907	0.00452	0.00737
3	0.06390	0.06661	0.03317	0.00820	0.02831	0.02061	0.00659	0.05954	0.05323	0.19847	0.01261	0.01431	0.00983	0.07959	0.01926	0.00159	0.00427	0.00406	0.06918	0.24669
4	0.03023	0.13249	0.17657	0.04978	0.11280	0.05795	0.07025	0.05558	0.01085	0.04532	0.01045	0.08421	0.00919	0.00610	0.00530	0.05114	0.00561	0.00460	0.00274	0.07885
5	0.01062	0.07124	0.65425	0.01336	0.01986	0.01194	0.05121	0.08431	0.01123	0.01626	0.00877	0.01020	0.00630	0.00460	0.00453	0.00148	0.00683	0.00364	0.00229	0.00708
6	0.00983	0.02315	0.71038	0.01507	0.07554	0.01117	0.05863	0.01511	0.01021	0.01518	0.00866	0.01036	0.00622	0.00449	0.00461	0.00151	0.00702	0.00370	0.00206	0.00707
7	0.01032	0.02224	0.03179	0.09341	0.12011	0.01905	0.02592	0.06789	0.00978	0.05207	0.01246	0.11336	0.02844	0.04439	0.01047	0.23762	0.07423	0.00559	0.01601	0.00484
8	0.01217	0.14287	0.29599	0.01208	0.04642	0.02976	0.05164	0.13179	0.08339	0.05526	0.01184	0.08461	0.00985	0.00580	0.00459	0.00147	0.00569	0.00476	0.00315	0.00685
9	0.00615	0.00435	0.00540	0.00610	0.00639	0.00412	0.00392	0.00676	0.00862	0.01138	0.02454	0.53765	0.08111	0.25707	0.01147	0.00272	0.00330	0.01137	0.00398	0.00360
10	0.00624	0.00453	0.00590	0.00661	0.00725	0.00423	0.00475	0.00751	0.01028	0.01373	0.16917	0.50290	0.09980	0.03232	0.00646	0.00193	0.00289	0.10493	0.00455	0.00405
11	0.01298	0.14693	0.28056	0.01252	0.01723	0.06862	0.11162	0.13803	0.03452	0.06228	0.01001	0.01188	0.00768	0.00513	0.00501	0.00146	0.04054	0.02324	0.00291	0.00683
12	0.04931	0.01278	0.01400	0.01100	0.01429	0.03917	0.02874	0.57047	0.04909	0.04632	0.01118	0.01168	0.00818	0.00591	0.00578	0.00150	0.08653	0.00428	0.02230	0.00750

[dist]
# distance from previous block
# <min> <max>
5	22

[block]
# block no. 5 follows, 53 sequences, length 21
# corresponding to MSA columns:
# 849-869
name=unknown_F
#
# <colnr> <probs for GDERKNQSTAVLIFYWHMCP>
#	G	D	E	R	K	N	Q	S	T	A	V	L	I	F	Y	W	H	M	C	P
0	0.01241	0.19942	0.44358	0.01157	0.01718	0.03020	0.02712	0.05320	0.01115	0.11393	0.00957	0.01041	0.00695	0.00464	0.00425	0.00137	0.00613	0.00352	0.00269	0.03072
1	0.07383	0.13159	0.05449	0.04990	0.04562	0.00997	0.07521	0.01742	0.04920	0.31094	0.03927	0.03399	0.03936	0.00662	0.02834	0.00162	0.00496	0.00480	0.00401	0.01886
2	0.11947	0.10299	0.31980	0.01303	0.09461	0.08274	0.03430	0.01634	0.06387	0.07043	0.02025	0.01098	0.00766	0.00483	0.00446	0.00144	0.01968	0.00370	0.00273	0.00667
3	0.00655	0.00445	0.00554	0.00592	0.00628	0.00427	0.00385	0.00688	0.00843	0.01112	0.05773	0.31491	0.11443	0.28267	0.03598	0.11086	0.00377	0.00936	0.00362	0.00339
4	0.00705	0.00542	0.00659	0.00694	0.00798	0.00537	0.00508	0.01024	0.12986	0.01496	0.17409	0.39436	0.12930	0.01219	0.00581	0.00179	0.00291	0.07079	0.00465	0.00462
5	0.01088	0.00994	0.01594	0.19821	0.31905	0.01077	0.06393	0.09690	0.01139	0.01562	0.01190	0.10118	0.02916	0.00668	0.01920	0.00169	0.06285	0.00551	0.00284	0.00635
6	0.01089	0.00827	0.00940	0.02717	0.04100	0.05113	0.00675	0.16521	0.05983	0.05632	0.01774	0.17915	0.02755	0.15869	0.06184	0.00262	0.00509	0.10204	0.00396	0.00534
7	0.00718	0.00462	0.00600	0.00656	0.00718	0.00430	0.00451	0.00815	0.00966	0.06753	0.08908	0.56046	0.05135	0.11645	0.00827	0.00221	0.00309	0.03488	0.00441	0.00413
8	0.00684	0.00508	0.00747	0.00747	0.00825	0.00586	0.00571	0.00840	0.00762	0.01094	0.01299	0.01984	0.01241	0.10368	0.74588	0.00742	0.01211	0.00528	0.00259	0.00415
9	0.01160	0.03907	0.21059	0.09115	0.06445	0.01171	0.11437	0.13287	0.17352	0.01798	0.01269	0.01605	0.01012	0.00574	0.00494	0.00158	0.00583	0.06557	0.00330	0.00687
10	0.01317	0.05133	0.06677	0.00995	0.03347	0.09972	0.00814	0.18486	0.24105	0.04190	0.01608	0.03759	0.05592	0.00626	0.00456	0.00144	0.00469	0.00496	0.11145	0.00669
11	0.00991	0.00964	0.01568	0.33433	0.25044	0.04200	0.09024	0.01263	0.01030	0.01356	0.01233	0.11675	0.02891	0.00623	0.00507	0.00159	0.00583	0.02606	0.00264	0.00586
12	0.00589	0.00435	0.00540	0.00616	0.00672	0.00398	0.00417	0.00679	0.00949	0.01235	0.05329	0.58890	0.18899	0.07091	0.00726	0.00205	0.00281	0.01226	0.00435	0.00386
13	0.01363	0.01237	0.01599	0.08304	0.35463	0.08715	0.01167	0.21755	0.03377	0.01870	0.00979	0.01180	0.00776	0.00514	0.00542	0.00146	0.06244	0.00419	0.03644	0.00706
14	0.01168	0.01143	0.01917	0.08279	0.66473	0.02754	0.05147	0.01449	0.01072	0.01513	0.00885	0.01183	0.00739	0.00446	0.00520	0.00146	0.03780	0.00430	0.00234	0.00723
15	0.00752	0.03132	0.00941	0.00841	0.00951	0.00714	0.04069	0.00953	0.02896	0.01146	0.01246	0.01837	0.01163	0.06982	0.65564	0.00664	0.04929	0.00512	0.00259	0.00449
16	0.03778	0.12299	0.05143	0.06308	0.10544	0.12085	0.02831	0.13242	0.10792	0.01667	0.01234	0.03150	0.04059	0.00748	0.05399	0.00180	0.02579	0.00446	0.02880	0.00635
17	0.01283	0.02668	0.09793	0.01948	0.36662	0.13854	0.01234	0.07975	0.03075	0.01579	0.00882	0.01093	0.00722	0.00493	0.00564	0.00142	0.08763	0.00390	0.00261	0.06621
18	0.01191	0.01126	0.13213	0.00928	0.03627	0.00804	0.00820	0.06898	0.04272	0.11817	0.01119	0.04290	0.00887	0.00473	0.00413	0.00109	0.00431	0.00386	0.00337	0.46860
19	0.04171	0.06043	0.10994	0.00954	0.01287	0.06352	0.05032	0.12547	0.06198	0.09424	0.07518	0.04046	0.06046	0.00831	0.06199	0.00184	0.00538	0.00508	0.04572	0.06556
20	0.01090	0.11465	0.16716	0.00971	0.03877	0.03431	0.02185	0.05485	0.03225	0.09225	0.20459	0.08863	0.03226	0.00754	0.01934	0.00154	0.00465	0.00588	0.00375	0.05514

[dist]
# distance from previous block
# <min> <max>
4	128

[block]
# block no. 6 follows, 53 sequences, length 38
# corresponding to MSA columns:
# 1005-1011,1026-1046,1054-1061,1064,1065
name=unknown_G
#
# <colnr> <probs for GDERKNQSTAVLIFYWHMCP>
#	G	D	E	R	K	N	Q	S	T	A	V	L	I	F	Y	W	H	M	C	P
0	0.03845	0.03938	0.14755	0.04075	0.01277	0.00891	0.03470	0.01245	0.06271	0.05922	0.09493	0.18099	0.06500	0.01979	0.00703	0.00175	0.12787	0.03673	0.00355	0.00546
1	0.08791	0.12762	0.09278	0.02891	0.04912	0.03309	0.00772	0.01252	0.04020	0.05066	0.01196	0.03146	0.02063	0.11071	0.22685	0.00346	0.00709	0.00460	0.02340	0.02932
2	0.17936	0.01169	0.03033	0.08248	0.10920	0.13800	0.02316	0.06340	0.08078	0.04384	0.07283	0.02570	0.01102	0.00545	0.00445	0.00141	0.01520	0.00428	0.03784	0.05956
3	0.00615	0.00456	0.00632	0.07122	0.00906	0.00448	0.00520	0.00726	0.00941	0.01255	0.05945	0.71413	0.03014	0.01390	0.00598	0.00190	0.00307	0.02689	0.00429	0.00403
4	0.10071	0.01172	0.06728	0.05175	0.11404	0.04273	0.12776	0.14768	0.01311	0.16656	0.04931	0.02858	0.01028	0.00616	0.02386	0.00165	0.02166	0.00472	0.00366	0.00680
5	0.02890	0.22170	0.11579	0.11376	0.10185	0.14871	0.07161	0.09439	0.03332	0.01506	0.00857	0.01028	0.00682	0.00463	0.00427	0.00134	0.00634	0.00365	0.00256	0.00645
6	0.01724	0.05169	0.01391	0.01172	0.01450	0.58120	0.00904	0.15139	0.07680	0.01551	0.00902	0.00980	0.00716	0.00516	0.00439	0.00129	0.00752	0.00345	0.00304	0.00617
7	0.00934	0.00653	0.00769	0.00708	0.00904	0.00613	0.00528	0.02448	0.13300	0.08735	0.04994	0.29302	0.10446	0.02499	0.00543	0.00157	0.00317	0.00822	0.05294	0.16035
8	0.01278	0.73191	0.08659	0.00874	0.01306	0.01810	0.00897	0.05077	0.01034	0.01244	0.00703	0.00804	0.00622	0.00420	0.00326	0.00108	0.00527	0.00272	0.00217	0.00630
9	0.00785	0.00527	0.00664	0.00662	0.00785	0.00494	0.00493	0.01016	0.05674	0.07843	0.32178	0.27247	0.13322	0.01132	0.00572	0.00169	0.00278	0.05199	0.00489	0.00472
10	0.02163	0.00657	0.03392	0.07779	0.01181	0.00599	0.06494	0.01054	0.01081	0.09259	0.16145	0.34471	0.04510	0.01072	0.00568	0.00176	0.00381	0.08100	0.00428	0.00490
11	0.00982	0.00628	0.00807	0.03596	0.00961	0.00630	0.00576	0.04900	0.06251	0.13644	0.28565	0.23893	0.04864	0.03518	0.00648	0.00174	0.03500	0.00861	0.00477	0.00526
12	0.07764	0.01077	0.02225	0.04773	0.01285	0.08020	0.00748	0.27009	0.02963	0.20123	0.01325	0.01349	0.00943	0.00553	0.00432	0.00138	0.00461	0.00422	0.17711	0.00679
13	0.07709	0.01023	0.10557	0.11550	0.22511	0.00910	0.04931	0.01191	0.00989	0.01460	0.05082	0.19070	0.01470	0.03269	0.00612	0.00173	0.04358	0.02266	0.00298	0.00572
14	0.02093	0.00802	0.01093	0.00842	0.01202	0.00694	0.00694	0.02279	0.01367	0.77780	0.04639	0.01695	0.01300	0.00605	0.00484	0.00148	0.00400	0.00494	0.00589	0.00801
15	0.01118	0.20162	0.43388	0.10744	0.01984	0.01285	0.05037	0.05193	0.01073	0.04533	0.00873	0.01030	0.00649	0.00455	0.00431	0.00141	0.00639	0.00358	0.00234	0.00671
16	0.00997	0.00936	0.07014	0.28453	0.09687	0.00916	0.04509	0.07097	0.02157	0.05560	0.01433	0.11653	0.05122	0.01053	0.11068	0.00239	0.00638	0.00588	0.00305	0.00572
17	0.00739	0.00588	0.00840	0.00832	0.00891	0.00659	0.03585	0.00868	0.00886	0.01259	0.01919	0.41966	0.02149	0.02656	0.11263	0.00269	0.15448	0.05556	0.07193	0.00434
18	0.00823	0.00568	0.00784	0.00754	0.00833	0.00637	0.00565	0.00944	0.00820	0.07393	0.01540	0.09813	0.03648	0.18999	0.41239	0.00532	0.08732	0.00632	0.00308	0.00434
19	0.01164	0.04841	0.01219	0.00972	0.01220	0.04686	0.09028	0.04579	0.17552	0.12851	0.03841	0.01845	0.06096	0.01561	0.25951	0.00345	0.00735	0.00535	0.00376	0.00604
20	0.12096	0.05010	0.01624	0.06773	0.08071	0.20700	0.19125	0.06142	0.01171	0.01586	0.00965	0.01277	0.00790	0.00502	0.00465	0.00143	0.01744	0.03349	0.07876	0.00589
21	0.08027	0.00555	0.00580	0.00555	0.00699	0.00573	0.00428	0.05438	0.01054	0.04823	0.01553	0.05023	0.01305	0.03257	0.03149	0.00159	0.00314	0.04149	0.57881	0.00478
22	0.01118	0.31718	0.13437	0.27737	0.09383	0.03274	0.01192	0.03021	0.01014	0.01295	0.00786	0.01023	0.00638	0.00453	0.00431	0.00135	0.02165	0.00349	0.00217	0.00614
23	0.00703	0.00477	0.00632	0.00632	0.00673	0.00507	0.00433	0.00747	0.00733	0.01003	0.01480	0.02463	0.05148	0.36044	0.33494	0.12856	0.00769	0.00597	0.00272	0.00338
24	0.07965	0.03188	0.09395	0.14306	0.17849	0.06377	0.17323	0.04469	0.01119	0.05678	0.03179	0.02957	0.00864	0.00494	0.00489	0.00149	0.01650	0.00456	0.00276	0.01819
25	0.05251	0.16843	0.17270	0.03560	0.15302	0.02726	0.09549	0.04530	0.04968	0.07811	0.01100	0.01436	0.00899	0.00526	0.00454	0.00146	0.00575	0.06094	0.00292	0.00670
26	0.01252	0.00586	0.00673	0.00592	0.00784	0.00564	0.00464	0.03007	0.04149	0.23005	0.03854	0.01778	0.01307	0.00582	0.00389	0.00125	0.00284	0.00470	0.55572	0.00564
27	0.00691	0.00511	0.00693	0.00776	0.04528	0.00526	0.00510	0.01932	0.00868	0.01185	0.03847	0.34585	0.04189	0.19676	0.20297	0.01688	0.01841	0.00904	0.00351	0.00401
28	0.04184	0.02796	0.21084	0.02623	0.19239	0.11489	0.03799	0.05789	0.07187	0.05563	0.05038	0.03901	0.04098	0.00565	0.00471	0.00147	0.00579	0.00473	0.00309	0.00667
29	0.00625	0.00495	0.00630	0.07939	0.00933	0.00471	0.00519	0.00764	0.01027	0.01312	0.08853	0.35974	0.30651	0.01252	0.00582	0.00178	0.00305	0.06646	0.00429	0.00415
30	0.01045	0.00858	0.00924	0.00868	0.01078	0.00969	0.00660	0.02052	0.57404	0.01828	0.02049	0.17772	0.01775	0.00808	0.00498	0.00164	0.00345	0.00694	0.07549	0.00658
31	0.09214	0.02418	0.14237	0.02881	0.03461	0.08750	0.04657	0.30222	0.11941	0.04243	0.01147	0.02737	0.00863	0.00548	0.00459	0.00147	0.00561	0.00429	0.00373	0.00711
32	0.02977	0.03345	0.11812	0.10247	0.09383	0.04639	0.02239	0.21204	0.07761	0.10878	0.05266	0.03321	0.02183	0.00592	0.00479	0.00150	0.00530	0.01922	0.00378	0.00692
33	0.00718	0.00501	0.00580	0.00568	0.00714	0.00436	0.00422	0.00863	0.01145	0.07711	0.21473	0.16031	0.44796	0.01152	0.00565	0.00163	0.00257	0.00987	0.00474	0.00445
34	0.07426	0.00475	0.00590	0.00682	0.00746	0.00463	0.00486	0.00764	0.00936	0.01322	0.02549	0.63996	0.05808	0.01381	0.00590	0.00192	0.00303	0.10454	0.00432	0.00405
35	0.09641	0.05252	0.24078	0.01646	0.22529	0.08339	0.05056	0.06819	0.01139	0.04059	0.02394	0.01152	0.00776	0.00492	0.00490	0.00147	0.03753	0.01295	0.00267	0.00676
36	0.11477	0.05945	0.03486	0.10095	0.25106	0.05979	0.02156	0.05085	0.08742	0.02550	0.02835	0.08710	0.03008	0.00598	0.00456	0.00148	0.00503	0.00508	0.01984	0.00629
37	0.01253	0.65526	0.02180	0.00812	0.01203	0.01667	0.00778	0.07089	0.01083	0.01329	0.03285	0.01027	0.03417	0.00461	0.00340	0.00106	0.00482	0.00315	0.00249	0.07399

[dist]
# distance from previous block
# <min> <max>
1	23

[block]
# block no. 7 follows, 53 sequences, length 15
# corresponding to MSA columns:
# 1089-1101,1103,1104
name=unknown_H
#
# <colnr> <probs for GDERKNQSTAVLIFYWHMCP>
#	G	D	E	R	K	N	Q	S	T	A	V	L	I	F	Y	W	H	M	C	P
0	0.01615	0.06202	0.01472	0.04106	0.12358	0.10790	0.03221	0.21459	0.05594	0.19823	0.01205	0.01234	0.00870	0.00515	0.00455	0.00136	0.00535	0.00414	0.00394	0.07604
1	0.08310	0.00665	0.00707	0.00634	0.00831	0.00682	0.00495	0.06660	0.10891	0.09488	0.11741	0.02194	0.10850	0.00693	0.00430	0.00137	0.00296	0.00563	0.33188	0.00547
2	0.00814	0.00544	0.00713	0.00750	0.00849	0.00552	0.00552	0.01072	0.09669	0.08028	0.02257	0.47191	0.02439	0.01666	0.14265	0.00286	0.00482	0.06966	0.00429	0.00476
3	0.01028	0.00779	0.00926	0.00736	0.01066	0.00645	0.00572	0.01317	0.08129	0.08228	0.01379	0.16832	0.01287	0.00620	0.00426	0.00109	0.00346	0.00530	0.00359	0.54686
4	0.00724	0.00563	0.00638	0.00648	0.00763	0.03042	0.00470	0.00947	0.06266	0.03495	0.26517	0.31316	0.20485	0.01165	0.00569	0.00168	0.00282	0.01021	0.00469	0.00451
5	0.00990	0.00976	0.01487	0.08104	0.01484	0.01285	0.08043	0.01149	0.00792	0.01185	0.00769	0.01204	0.00717	0.01153	0.12578	0.00279	0.56621	0.00445	0.00219	0.00521
6	0.00718	0.00485	0.00582	0.00601	0.00721	0.00428	0.00434	0.00840	0.01071	0.08047	0.11740	0.35767	0.34310	0.01249	0.00576	0.00172	0.00268	0.01090	0.00465	0.00437
7	0.13664	0.00914	0.01100	0.00861	0.01219	0.00887	0.00710	0.13471	0.04417	0.55314	0.01611	0.01445	0.01048	0.00571	0.00455	0.00148	0.00418	0.00445	0.00530	0.00770
8	0.01088	0.00611	0.00663	0.00606	0.00776	0.00627	0.00467	0.07035	0.10072	0.09192	0.03788	0.05813	0.01403	0.00630	0.00396	0.00128	0.00283	0.00515	0.55367	0.00539
9	0.00800	0.00509	0.00701	0.00743	0.00832	0.00478	0.02381	0.00950	0.03331	0.10090	0.02483	0.64111	0.02803	0.01333	0.00594	0.00189	0.00319	0.06440	0.00456	0.00456
10	0.00748	0.00586	0.00801	0.00786	0.00869	0.00651	0.00618	0.00955	0.03160	0.01466	0.27736	0.11278	0.02697	0.03939	0.17669	0.00313	0.11783	0.13099	0.00396	0.00451
