[name]
unknown

[dist]
# distance from previous block
# <min> <max>
0	118

[block]
# block no. 0 follows, 57 sequences, length 13
# corresponding to MSA columns:
# 175-187
name=unknown_A
#
# <colnr> <probs for GDERKNQSTAVLIFYWHMCP>
#	G	D	E	R	K	N	Q	S	T	A	V	L	I	F	Y	W	H	M	C	P
0	0.00917	0.04844	0.00738	0.00631	0.00689	0.00520	0.00448	0.00833	0.04285	0.06838	0.00901	0.01370	0.00828	0.01393	0.01537	0.71918	0.00396	0.00396	0.00236	0.00283
1	0.03898	0.08104	0.08076	0.04805	0.05354	0.06158	0.00917	0.34146	0.15421	0.04952	0.01127	0.01166	0.00838	0.00582	0.02327	0.00150	0.00521	0.00398	0.00369	0.00691
2	0.08856	0.10752	0.10736	0.05057	0.04801	0.10329	0.10629	0.05038	0.10572	0.06348	0.02038	0.01111	0.00784	0.00490	0.00503	0.00138	0.07211	0.00383	0.00285	0.03938
3	0.05195	0.00492	0.00655	0.00651	0.00724	0.00553	0.00481	0.00811	0.00723	0.01089	0.01247	0.02009	0.01225	0.22680	0.55043	0.00600	0.00937	0.00512	0.03995	0.00378
4	0.00659	0.00438	0.00508	0.00513	0.00517	0.00440	0.00297	0.00661	0.00668	0.00894	0.01440	0.06189	0.01651	0.74438	0.05436	0.03564	0.00462	0.00668	0.00276	0.00281
5	0.03116	0.41545	0.24964	0.00986	0.01435	0.03428	0.03307	0.03915	0.04092	0.06613	0.00830	0.00917	0.00653	0.00435	0.00386	0.00122	0.02078	0.00311	0.00240	0.00626
6	0.01134	0.04710	0.18447	0.14502	0.06422	0.02987	0.15260	0.16063	0.07586	0.01658	0.01043	0.01212	0.02716	0.00491	0.00498	0.00145	0.03783	0.00427	0.00279	0.00637
7	0.01146	0.02692	0.20998	0.08342	0.20438	0.02752	0.02331	0.06857	0.01104	0.11636	0.02339	0.01522	0.02070	0.02513	0.01674	0.00157	0.00535	0.04891	0.05374	0.00631
8	0.00866	0.07886	0.14885	0.09369	0.11606	0.00851	0.04809	0.01104	0.00964	0.03777	0.07672	0.26155	0.03187	0.00792	0.00528	0.00154	0.03862	0.00695	0.00308	0.00530
9	0.01072	0.41349	0.12897	0.02088	0.04767	0.02465	0.00874	0.05838	0.02190	0.01246	0.00951	0.03033	0.02590	0.07190	0.06961	0.00192	0.03126	0.00375	0.00235	0.00562
10	0.00630	0.00450	0.00563	0.00571	0.00671	0.00407	0.00414	0.00782	0.01107	0.03670	0.39422	0.27422	0.19993	0.01110	0.00546	0.00157	0.00236	0.00978	0.00461	0.00410
11	0.03696	0.01301	0.14480	0.01369	0.13786	0.10267	0.12828	0.06412	0.04138	0.10675	0.04643	0.03937	0.04621	0.00534	0.00456	0.00138	0.00544	0.00470	0.01404	0.04300
12	0.00782	0.00677	0.02016	0.04454	0.00992	0.00673	0.02338	0.04675	0.09486	0.01500	0.18218	0.12798	0.22431	0.00901	0.00585	0.00152	0.06920	0.02477	0.00394	0.07531

[dist]
# distance from previous block
# <min> <max>
0	19

[block]
# block no. 1 follows, 57 sequences, length 8
# corresponding to MSA columns:
# 207-214
name=unknown_B
#
# <colnr> <probs for GDERKNQSTAVLIFYWHMCP>
#	G	D	E	R	K	N	Q	S	T	A	V	L	I	F	Y	W	H	M	C	P
0	0.02976	0.12248	0.01159	0.03120	0.03408	0.10062	0.00701	0.06229	0.24496	0.01594	0.12027	0.04537	0.07858	0.00664	0.00486	0.00140	0.03974	0.00527	0.03219	0.00574
1	0.00681	0.00502	0.00612	0.00590	0.00616	0.00542	0.00390	0.00730	0.00737	0.01004	0.06909	0.02772	0.07047	0.56418	0.10057	0.00405	0.08727	0.00646	0.00289	0.00327
2	0.01047	0.01057	0.01316	0.27727	0.01837	0.12838	0.04126	0.03948	0.00965	0.01268	0.06195	0.01244	0.00882	0.00607	0.00802	0.00159	0.28820	0.00419	0.04235	0.00509
3	0.10363	0.00563	0.00656	0.00609	0.00764	0.00550	0.00464	0.01084	0.06512	0.08171	0.46667	0.09074	0.11048	0.00880	0.00498	0.00147	0.00258	0.00755	0.00463	0.00473
4	0.00667	0.00509	0.00746	0.00735	0.00806	0.00601	0.00567	0.00813	0.00721	0.01041	0.01197	0.01828	0.01143	0.09426	0.71782	0.00677	0.05605	0.00494	0.00243	0.00400
5	0.00801	0.00713	0.04926	0.07556	0.06930	0.00677	0.00693	0.07906	0.06587	0.01420	0.04134	0.33631	0.07859	0.02830	0.07186	0.00214	0.00439	0.03102	0.01909	0.00486
6	0.01250	0.00979	0.01221	0.05049	0.17549	0.01070	0.00872	0.14911	0.35911	0.07616	0.01460	0.03328	0.01117	0.00563	0.00452	0.00144	0.00422	0.00477	0.04914	0.00697
7	0.44698	0.00859	0.02478	0.03454	0.03199	0.00899	0.00599	0.09943	0.00989	0.04164	0.01036	0.12118	0.00936	0.00571	0.00365	0.00138	0.00369	0.00432	0.04032	0.08721

[dist]
# distance from previous block
# <min> <max>
2	65

[block]
# block no. 2 follows, 57 sequences, length 22
# corresponding to MSA columns:
# 280-301
name=unknown_C
#
# <colnr> <probs for GDERKNQSTAVLIFYWHMCP>
#	G	D	E	R	K	N	Q	S	T	A	V	L	I	F	Y	W	H	M	C	P
0	0.66632	0.00872	0.00751	0.02420	0.00969	0.00984	0.00541	0.08286	0.00941	0.06543	0.00992	0.02564	0.04997	0.00498	0.00329	0.00142	0.00363	0.00333	0.00320	0.00524
1	0.00949	0.00788	0.00902	0.00673	0.01036	0.00639	0.00535	0.01256	0.08640	0.01536	0.00966	0.01079	0.00784	0.00380	0.00346	0.00079	0.00327	0.00306	0.07948	0.70833
2	0.00625	0.00472	0.00615	0.04182	0.00798	0.00461	0.00473	0.00823	0.04834	0.01416	0.28929	0.39537	0.09537	0.01228	0.03740	0.00186	0.00300	0.00996	0.00432	0.00413
3	0.00616	0.00429	0.00526	0.00558	0.00595	0.00414	0.00362	0.00690	0.00849	0.01151	0.13470	0.31254	0.06429	0.34720	0.03962	0.00296	0.00356	0.00906	0.02078	0.00342
4	0.00623	0.00448	0.00577	0.00583	0.00659	0.00425	0.00417	0.00770	0.01058	0.01463	0.43106	0.20267	0.07070	0.12773	0.05442	0.00228	0.00319	0.02950	0.00431	0.00390
5	0.00746	0.00486	0.00583	0.00620	0.00697	0.00486	0.00441	0.00969	0.08534	0.03905	0.02033	0.37320	0.02171	0.14115	0.00787	0.00206	0.00307	0.07673	0.17507	0.00415
6	0.00738	0.00661	0.00989	0.00916	0.00977	0.00764	0.07627	0.00851	0.00837	0.01165	0.01837	0.46640	0.05319	0.01116	0.00863	0.00184	0.26830	0.00922	0.00333	0.00431
7	0.00991	0.00991	0.01388	0.01190	0.01190	0.01388	0.00991	0.01091	0.00694	0.01091	0.00595	0.00991	0.00595	0.00793	0.01487	0.00198	0.83246	0.00397	0.00198	0.00496
8	0.87276	0.00876	0.00666	0.00596	0.00876	0.01017	0.00491	0.01332	0.00771	0.02033	0.00631	0.00736	0.00491	0.00421	0.00280	0.00140	0.00351	0.00245	0.00280	0.00491
9	0.55795	0.00837	0.00808	0.00674	0.00980	0.00887	0.00555	0.01656	0.00965	0.31404	0.01058	0.01034	0.00724	0.00472	0.00345	0.00140	0.00363	0.00323	0.00384	0.00594
10	0.87276	0.00876	0.00666	0.00596	0.00876	0.01017	0.00491	0.01332	0.00771	0.02033	0.00631	0.00736	0.00491	0.00421	0.00280	0.00140	0.00351	0.00245	0.00280	0.00491
11	0.01104	0.00810	0.01009	0.00869	0.01016	0.00941	0.00687	0.22602	0.01140	0.06754	0.01160	0.03501	0.01046	0.13790	0.23134	0.00355	0.17139	0.00488	0.01930	0.00527
12	0.01723	0.01269	0.01360	0.01043	0.01405	0.01405	0.00861	0.79738	0.02131	0.02856	0.01088	0.01088	0.00771	0.00544	0.00453	0.00136	0.00499	0.00408	0.00453	0.00771
13	0.42360	0.00845	0.00884	0.00718	0.01036	0.00868	0.00593	0.05588	0.01089	0.40072	0.01206	0.01139	0.00806	0.00494	0.00373	0.00140	0.00375	0.00354	0.00423	0.00638
14	0.00568	0.00406	0.00544	0.00649	0.00682	0.00382	0.00448	0.00658	0.00883	0.01174	0.02489	0.76798	0.02962	0.01405	0.00583	0.00186	0.00277	0.08113	0.00420	0.00372
15	0.04964	0.01183	0.01260	0.00995	0.01334	0.01314	0.00814	0.59736	0.16639	0.05214	0.01234	0.01201	0.00885	0.00553	0.00448	0.00140	0.00463	0.00423	0.00452	0.00750
16	0.00727	0.00417	0.00554	0.00554	0.00557	0.00420	0.00348	0.00628	0.00625	0.00836	0.01079	0.02078	0.01171	0.37293	0.04907	0.46382	0.00443	0.00512	0.00232	0.00238
17	0.09530	0.00805	0.01024	0.00796	0.01133	0.00740	0.00656	0.07421	0.01307	0.66453	0.04255	0.01500	0.01146	0.00559	0.00443	0.00140	0.00385	0.00446	0.00527	0.00735
18	0.00848	0.00697	0.03003	0.00740	0.00913	0.03713	0.03155	0.01080	0.05502	0.06543	0.21285	0.26330	0.05280	0.00897	0.00538	0.00147	0.03777	0.00779	0.03264	0.11510
19	0.00748	0.00492	0.00606	0.00623	0.00692	0.00484	0.00434	0.03047	0.03790	0.05224	0.10428	0.30359	0.02396	0.27643	0.01108	0.00256	0.00342	0.07740	0.03193	0.00394
20	0.03384	0.00800	0.00977	0.00798	0.01083	0.00788	0.00640	0.08266	0.17914	0.42830	0.11317	0.01784	0.01532	0.02773	0.00507	0.00150	0.00364	0.00508	0.02896	0.00690
21	0.01338	0.01147	0.09850	0.06354	0.12466	0.02204	0.02138	0.21661	0.02357	0.14962	0.05648	0.01388	0.01016	0.00584	0.00612	0.00150	0.12666	0.02444	0.00354	0.00661

[dist]
# distance from previous block
# <min> <max>
3	66

[block]
# block no. 3 follows, 57 sequences, length 19
# corresponding to MSA columns:
# 392-410
name=unknown_D
#
# <colnr> <probs for GDERKNQSTAVLIFYWHMCP>
#	G	D	E	R	K	N	Q	S	T	A	V	L	I	F	Y	W	H	M	C	P
0	0.08994	0.04737	0.06264	0.00682	0.00939	0.03331	0.00583	0.02580	0.04210	0.01546	0.17317	0.04045	0.17752	0.00696	0.00455	0.00126	0.02263	0.00563	0.04030	0.18887
1	0.01120	0.01257	0.13336	0.08598	0.17677	0.05400	0.09076	0.06937	0.11009	0.04044	0.02853	0.02461	0.00914	0.00548	0.00594	0.00151	0.11020	0.02091	0.00284	0.00630
2	0.02727	0.00547	0.00650	0.00579	0.00758	0.00520	0.00453	0.01384	0.02492	0.25017	0.07229	0.05092	0.01462	0.00667	0.01875	0.00136	0.00292	0.01963	0.45630	0.00529
3	0.31158	0.00910	0.01300	0.28039	0.03714	0.01023	0.14681	0.03849	0.03612	0.01622	0.00843	0.01085	0.00644	0.00488	0.01744	0.00154	0.00525	0.00377	0.03700	0.00534
4	0.00684	0.00464	0.00535	0.00512	0.00637	0.00419	0.00382	0.00853	0.01116	0.04065	0.35939	0.03358	0.29584	0.04526	0.00573	0.00153	0.00234	0.00781	0.14769	0.00416
5	0.00635	0.00452	0.00594	0.00650	0.02279	0.00422	0.00452	0.00769	0.01023	0.02778	0.27958	0.38835	0.08660	0.06453	0.00669	0.00185	0.00274	0.06078	0.00435	0.00400
6	0.01868	0.00885	0.01094	0.00845	0.01183	0.00853	0.00696	0.23431	0.01503	0.54594	0.01575	0.01427	0.01028	0.00554	0.00446	0.00137	0.00405	0.00440	0.06288	0.00748
7	0.00658	0.00482	0.00594	0.00611	0.00717	0.00445	0.00453	0.00779	0.00934	0.02836	0.07264	0.23063	0.21555	0.13015	0.06499	0.00243	0.00375	0.13003	0.00385	0.06091
8	0.01236	0.80289	0.02325	0.00788	0.01175	0.01774	0.00780	0.05186	0.00980	0.01154	0.00652	0.00745	0.00591	0.00395	0.00299	0.00099	0.00485	0.00250	0.00207	0.00591
9	0.01078	0.00563	0.00749	0.00711	0.00866	0.00521	0.01673	0.03664	0.01059	0.25346	0.02165	0.38366	0.04201	0.03344	0.00571	0.00172	0.00329	0.07818	0.06292	0.00511
10	0.04169	0.00808	0.01333	0.79827	0.03035	0.01007	0.01229	0.01164	0.00901	0.01191	0.00799	0.01190	0.00600	0.00452	0.00446	0.00151	0.00594	0.00397	0.00204	0.00503
11	0.70452	0.06166	0.00841	0.00657	0.00948	0.05018	0.00546	0.02823	0.00865	0.07276	0.00720	0.00800	0.00548	0.00432	0.00302	0.00136	0.00387	0.00264	0.00295	0.00522
12	0.00991	0.00991	0.01388	0.01190	0.01190	0.01388	0.00991	0.01091	0.00694	0.01091	0.00595	0.00991	0.00595	0.00793	0.01487	0.00198	0.83246	0.00397	0.00198	0.00496
13	0.83386	0.00872	0.00684	0.00605	0.00889	0.01001	0.00499	0.01372	0.00795	0.05663	0.00684	0.00773	0.00520	0.00427	0.00288	0.00140	0.00352	0.00255	0.00293	0.00504
14	0.01175	0.21220	0.23417	0.03679	0.10693	0.04094	0.02769	0.15472	0.01183	0.03175	0.00990	0.06976	0.00852	0.00527	0.00420	0.00134	0.00546	0.01770	0.00273	0.00637
15	0.01230	0.01025	0.01083	0.00943	0.01218	0.01175	0.00742	0.15825	0.66844	0.02062	0.01713	0.01586	0.01277	0.00602	0.00460	0.00151	0.00383	0.00494	0.00460	0.00726
16	0.01022	0.02431	0.01274	0.09604	0.23950	0.02409	0.02690	0.09628	0.10078	0.01607	0.13608	0.02879	0.03832	0.05054	0.03277	0.00178	0.04032	0.00523	0.01336	0.00587
17	0.01043	0.00822	0.00877	0.00799	0.00997	0.04082	0.00614	0.05251	0.38797	0.06326	0.17291	0.07916	0.03500	0.04556	0.00568	0.00164	0.00349	0.02943	0.02515	0.00592
18	0.04041	0.12679	0.10091	0.02739	0.14620	0.07313	0.01901	0.12932	0.09942	0.01630	0.04159	0.01216	0.00918	0.03037	0.02221	0.00149	0.01688	0.00389	0.00295	0.08040

[dist]
# distance from previous block
# <min> <max>
0	18

[block]
# block no. 4 follows, 57 sequences, length 21
# corresponding to MSA columns:
# 429-449
name=unknown_E
#
# <colnr> <probs for GDERKNQSTAVLIFYWHMCP>
#	G	D	E	R	K	N	Q	S	T	A	V	L	I	F	Y	W	H	M	C	P
0	0.02598	0.25265	0.27028	0.03937	0.01435	0.01143	0.01001	0.04676	0.03386	0.03869	0.01111	0.02469	0.06140	0.00483	0.00386	0.00120	0.00496	0.00368	0.00256	0.13833
1	0.00887	0.08905	0.12084	0.00967	0.05962	0.00860	0.02600	0.06346	0.02954	0.02802	0.05601	0.21272	0.07153	0.03616	0.07578	0.00210	0.06955	0.00669	0.00321	0.02258
2	0.01244	0.65948	0.03600	0.00812	0.01165	0.12377	0.00773	0.01397	0.00972	0.01123	0.00703	0.00811	0.00623	0.00409	0.00311	0.00101	0.00513	0.00263	0.06290	0.00564
3	0.00584	0.00418	0.00550	0.00633	0.00672	0.00399	0.00438	0.00674	0.00870	0.01158	0.03975	0.61100	0.05352	0.09344	0.04644	0.00235	0.00336	0.07852	0.00400	0.00367
4	0.01619	0.07060	0.01388	0.03529	0.01408	0.01348	0.00841	0.62040	0.05668	0.06091	0.01105	0.01110	0.00794	0.00527	0.00438	0.00132	0.00484	0.00399	0.00426	0.03592
5	0.01098	0.00670	0.00922	0.06645	0.04496	0.00664	0.02792	0.03708	0.07537	0.22642	0.03083	0.31752	0.08141	0.00916	0.00536	0.00161	0.02454	0.00802	0.00429	0.00552
6	0.01110	0.27792	0.38829	0.01068	0.01583	0.03929	0.03986	0.03775	0.01009	0.04785	0.00805	0.00917	0.00618	0.00418	0.00384	0.00122	0.00575	0.00313	0.00225	0.07756
7	0.01072	0.00915	0.01063	0.07795	0.01320	0.01036	0.03128	0.07498	0.54498	0.01860	0.10910	0.01862	0.03762	0.00640	0.00473	0.00151	0.00381	0.00544	0.00435	0.00657
8	0.00649	0.00513	0.00802	0.00801	0.00888	0.00488	0.09393	0.00780	0.00906	0.01205	0.02227	0.54961	0.02573	0.07100	0.00704	0.00203	0.00359	0.14662	0.00388	0.00398
9	0.01474	0.00855	0.00970	0.00799	0.01074	0.03405	0.00640	0.17073	0.12060	0.31857	0.07320	0.03960	0.09759	0.00668	0.00463	0.00141	0.00376	0.00545	0.05902	0.00659
10	0.01354	0.11954	0.04993	0.04424	0.18446	0.15623	0.07041	0.16948	0.07026	0.04696	0.00986	0.02752	0.00784	0.00484	0.00432	0.00132	0.00574	0.00399	0.00299	0.00653
11	0.01211	0.84348	0.02374	0.00775	0.01163	0.01793	0.00775	0.01357	0.00921	0.01066	0.00630	0.00727	0.00582	0.00388	0.00291	0.00097	0.00485	0.00242	0.00194	0.00582
12	0.00701	0.00465	0.00575	0.00569	0.00667	0.00424	0.00405	0.00832	0.01051	0.07017	0.31554	0.21679	0.17841	0.13204	0.00798	0.00197	0.00273	0.00903	0.00438	0.00407
13	0.17146	0.00629	0.02171	0.00643	0.00823	0.00601	0.00508	0.01164	0.02638	0.15011	0.19336	0.13654	0.09120	0.05040	0.03089	0.00183	0.00340	0.04377	0.03039	0.00486
14	0.04538	0.09737	0.05548	0.02461	0.03583	0.10851	0.02271	0.14560	0.09177	0.23821	0.01213	0.01258	0.00888	0.03228	0.01806	0.00155	0.03465	0.00402	0.00378	0.00661
15	0.00661	0.00467	0.00585	0.00574	0.00690	0.00423	0.00431	0.00834	0.01164	0.04427	0.47593	0.13717	0.20979	0.01040	0.00542	0.00153	0.00239	0.04589	0.00470	0.00422
16	0.00637	0.00483	0.00586	0.00583	0.00682	0.00461	0.00430	0.00760	0.01023	0.02885	0.23651	0.19436	0.32459	0.04852	0.00710	0.02307	0.05155	0.02087	0.00419	0.00397
17	0.01155	0.03838	0.19477	0.05487	0.16298	0.14203	0.10500	0.05183	0.03274	0.03774	0.00990	0.04514	0.00834	0.01603	0.01975	0.00157	0.03641	0.02227	0.00257	0.00613
18	0.01170	0.01110	0.14057	0.01071	0.07320	0.07332	0.00886	0.03449	0.08153	0.17457	0.01450	0.12226	0.02337	0.01035	0.10811	0.00225	0.06465	0.02503	0.00348	0.00594
19	0.00751	0.00573	0.00693	0.00714	0.00830	0.00592	0.00546	0.01134	0.19537	0.01397	0.08539	0.22892	0.11443	0.03092	0.02424	0.06301	0.00344	0.17333	0.00413	0.00453
20	0.00895	0.00676	0.00975	0.02417	0.10543	0.03131	0.05952	0.01062	0.01798	0.07726	0.01327	0.03108	0.02720	0.21031	0.30578	0.00422	0.00747	0.00528	0.03898	0.00465

[dist]
# distance from previous block
# <min> <max>
5	14

[block]
# block no. 5 follows, 57 sequences, length 16
# corresponding to MSA columns:
# 471-486
name=unknown_F
#
# <colnr> <probs for GDERKNQSTAVLIFYWHMCP>
#	G	D	E	R	K	N	Q	S	T	A	V	L	I	F	Y	W	H	M	C	P
0	0.00646	0.00469	0.00569	0.00566	0.00679	0.00436	0.00427	0.00797	0.01048	0.02994	0.27017	0.06617	0.29624	0.08115	0.08125	0.00230	0.00352	0.07660	0.03227	0.00401
1	0.00610	0.00472	0.00645	0.00806	0.07997	0.00441	0.00507	0.00720	0.00927	0.01228	0.05896	0.59927	0.13590	0.01265	0.00560	0.00174	0.00285	0.03138	0.00406	0.00406
2	0.00599	0.00458	0.00551	0.00550	0.00665	0.00410	0.00413	0.00763	0.01138	0.01512	0.41387	0.11726	0.31971	0.01072	0.00544	0.00154	0.00235	0.04988	0.00458	0.00405
3	0.79379	0.00832	0.00653	0.00599	0.00856	0.00957	0.00484	0.01268	0.00780	0.01953	0.00801	0.08298	0.00719	0.00512	0.00308	0.00144	0.00343	0.00340	0.00293	0.00480
4	0.00961	0.00941	0.01307	0.01126	0.01126	0.01302	0.00926	0.01051	0.00691	0.01071	0.00671	0.01171	0.00691	0.08376	0.01562	0.00220	0.75706	0.00420	0.00205	0.00476
5	0.01723	0.01269	0.01360	0.01043	0.01405	0.01405	0.00861	0.79738	0.02131	0.02856	0.01088	0.01088	0.00771	0.00544	0.00453	0.00136	0.00499	0.00408	0.00453	0.00771
6	0.00684	0.00489	0.00678	0.00782	0.00866	0.00482	0.00651	0.00860	0.00998	0.01305	0.02424	0.25346	0.02708	0.01295	0.00614	0.00202	0.00378	0.58416	0.00418	0.00405
7	0.87276	0.00876	0.00666	0.00596	0.00876	0.01017	0.00491	0.01332	0.00771	0.02033	0.00631	0.00736	0.00491	0.00421	0.00280	0.00140	0.00351	0.00245	0.00280	0.00491
8	0.82040	0.00870	0.00690	0.00609	0.00894	0.00995	0.00502	0.01386	0.00803	0.06918	0.00702	0.00786	0.00529	0.00429	0.00291	0.00140	0.00353	0.00258	0.00298	0.00508
9	0.05689	0.00856	0.01085	0.00835	0.01185	0.00801	0.00690	0.14726	0.01409	0.65358	0.01624	0.01434	0.01037	0.00552	0.00448	0.00140	0.00402	0.00439	0.00531	0.00759
10	0.00607	0.00474	0.00559	0.00541	0.00674	0.00413	0.00401	0.00765	0.01112	0.01483	0.36551	0.13931	0.33486	0.01039	0.00528	0.00147	0.00234	0.00899	0.00445	0.05711
11	0.01548	0.00674	0.00882	0.00712	0.00981	0.00599	0.00575	0.03799	0.01274	0.51611	0.18871	0.02105	0.06610	0.00672	0.00467	0.00139	0.00329	0.00560	0.06944	0.00648
12	0.00774	0.00579	0.00695	0.00643	0.00791	0.00578	0.00489	0.01204	0.17919	0.03965	0.56679	0.03048	0.09120	0.00867	0.00517	0.00146	0.00250	0.00755	0.00487	0.00495
13	0.01065	0.09947	0.14430	0.04602	0.02662	0.01269	0.03664	0.10521	0.00952	0.01353	0.00757	0.01082	0.00666	0.03916	0.01020	0.03942	0.36980	0.00387	0.00232	0.00552
14	0.01096	0.00623	0.00781	0.00696	0.00882	0.00601	0.00533	0.01447	0.14267	0.23897	0.31095	0.12643	0.04333	0.04295	0.00580	0.00161	0.00301	0.00722	0.00489	0.00556
15	0.09080	0.00749	0.00979	0.00776	0.01094	0.00676	0.00635	0.01998	0.01208	0.67529	0.01705	0.05770	0.01167	0.00705	0.03644	0.00165	0.00409	0.00483	0.00517	0.00712

[dist]
# distance from previous block
# <min> <max>
5	27

[block]
# block no. 6 follows, 57 sequences, length 12
# corresponding to MSA columns:
# 518-522,530-536
name=unknown_G
#
# <colnr> <probs for GDERKNQSTAVLIFYWHMCP>
#	G	D	E	R	K	N	Q	S	T	A	V	L	I	F	Y	W	H	M	C	P
0	0.00568	0.00415	0.00534	0.00600	0.00656	0.00381	0.00414	0.00677	0.00968	0.01295	0.18259	0.59225	0.11751	0.01292	0.00565	0.00172	0.00250	0.01159	0.00436	0.00381
1	0.00967	0.00630	0.02377	0.02396	0.00930	0.00585	0.02114	0.06508	0.01090	0.15854	0.09148	0.32987	0.10339	0.01030	0.02314	0.00169	0.02728	0.00842	0.04149	0.02841
2	0.69892	0.00829	0.00697	0.00610	0.00886	0.00927	0.00500	0.01424	0.00852	0.12225	0.00843	0.00911	0.00622	0.00447	0.00306	0.00138	0.00345	0.00286	0.06740	0.00522
3	0.00592	0.00446	0.00589	0.00632	0.00697	0.00443	0.00454	0.00711	0.00917	0.01236	0.13430	0.43474	0.13637	0.01679	0.16395	0.00280	0.02608	0.00998	0.00391	0.00389
4	0.04501	0.00630	0.00752	0.00651	0.00866	0.00600	0.00512	0.01472	0.10495	0.26699	0.22096	0.02456	0.14586	0.00743	0.00465	0.00140	0.00292	0.00621	0.10858	0.00564
5	0.00652	0.00469	0.00623	0.00620	0.00722	0.00441	0.00480	0.00857	0.01216	0.01697	0.62494	0.08460	0.03906	0.01013	0.00553	0.00157	0.00253	0.14486	0.00480	0.00422
6	0.00559	0.00437	0.00507	0.00537	0.00638	0.00385	0.00384	0.00678	0.01018	0.01300	0.16675	0.31512	0.41348	0.01204	0.00550	0.00162	0.00238	0.01048	0.00434	0.00385
7	0.01211	0.84348	0.02374	0.00775	0.01163	0.01793	0.00775	0.01357	0.00921	0.01066	0.00630	0.00727	0.00582	0.00388	0.00291	0.00097	0.00485	0.00242	0.00194	0.00582
8	0.00684	0.00476	0.00600	0.00561	0.00687	0.00430	0.00424	0.00879	0.01241	0.05186	0.64487	0.03472	0.17276	0.00948	0.00531	0.00144	0.00224	0.00827	0.00488	0.00435
9	0.00723	0.00481	0.00632	0.00584	0.00705	0.00441	0.00441	0.00934	0.01284	0.06476	0.76381	0.03277	0.04091	0.00905	0.00530	0.00142	0.00224	0.00798	0.00502	0.00448
10	0.00909	0.02344	0.81727	0.01292	0.01961	0.01052	0.01674	0.01435	0.00957	0.01435	0.00813	0.00957	0.00574	0.00431	0.00431	0.00144	0.00670	0.00335	0.00191	0.00670
11	0.75411	0.00963	0.05817	0.06772	0.01112	0.01018	0.00622	0.01326	0.00793	0.01930	0.00655	0.00785	0.00504	0.00424	0.00303	0.00141	0.00389	0.00263	0.00269	0.00503

[dist]
# distance from previous block
# <min> <max>
0	27

[block]
# block no. 7 follows, 57 sequences, length 53
# corresponding to MSA columns:
# 566-618
name=unknown_H
#
# <colnr> <probs for GDERKNQSTAVLIFYWHMCP>
#	G	D	E	R	K	N	Q	S	T	A	V	L	I	F	Y	W	H	M	C	P
0	0.01339	0.01021	0.01099	0.00934	0.01221	0.01148	0.00742	0.21462	0.53574	0.08267	0.01647	0.01530	0.01208	0.00592	0.00456	0.00147	0.00393	0.00481	0.02012	0.00729
1	0.02033	0.00771	0.01052	0.00806	0.01157	0.00666	0.00666	0.02208	0.01297	0.81562	0.01788	0.01542	0.01122	0.00561	0.00456	0.00140	0.00386	0.00456	0.00561	0.00771
2	0.00646	0.00475	0.00624	0.00705	0.00797	0.00453	0.00569	0.00803	0.01003	0.01296	0.05563	0.25726	0.16661	0.01266	0.00594	0.00190	0.00336	0.41472	0.00422	0.00398
3	0.01223	0.36367	0.22950	0.00996	0.01434	0.01289	0.05463	0.04759	0.01052	0.12564	0.01012	0.01283	0.00825	0.00496	0.00397	0.00129	0.00531	0.06327	0.00275	0.00628
4	0.01938	0.00924	0.01146	0.00879	0.01233	0.00893	0.00726	0.26006	0.01553	0.57403	0.01573	0.01403	0.01014	0.00556	0.00455	0.00139	0.00420	0.00441	0.00528	0.00771
5	0.00557	0.00396	0.00524	0.00625	0.00650	0.00371	0.00414	0.00632	0.00858	0.01144	0.02447	0.79982	0.02934	0.05304	0.00660	0.00196	0.00271	0.01259	0.00414	0.00364
6	0.05598	0.01189	0.01335	0.02954	0.03001	0.15913	0.11958	0.18283	0.02832	0.11152	0.04885	0.01397	0.05835	0.00539	0.00471	0.00132	0.02564	0.00442	0.00350	0.09169
7	0.09232	0.00967	0.01163	0.01072	0.07307	0.01116	0.00808	0.29074	0.04206	0.03485	0.05338	0.04253	0.01083	0.00882	0.07499	0.00202	0.17263	0.02368	0.02079	0.00604
8	0.00723	0.00517	0.00721	0.00814	0.00919	0.00514	0.00707	0.00932	0.01062	0.01392	0.08456	0.04978	0.02736	0.01227	0.00619	0.00204	0.00402	0.72236	0.00424	0.00418
9	0.01041	0.01219	0.10464	0.08656	0.14180	0.01085	0.41210	0.01406	0.02839	0.03059	0.02661	0.01335	0.00822	0.00464	0.00557	0.00153	0.05371	0.02618	0.00243	0.00614
10	0.03122	0.01242	0.01365	0.08418	0.11215	0.14605	0.02880	0.21726	0.13327	0.04771	0.01031	0.01149	0.00793	0.00545	0.00584	0.00146	0.11702	0.00404	0.00329	0.00646
11	0.00629	0.00457	0.00560	0.00557	0.00619	0.00458	0.00381	0.00718	0.00824	0.01103	0.11466	0.03978	0.16879	0.37175	0.21842	0.00419	0.00565	0.00699	0.00323	0.00347
12	0.00560	0.00400	0.00533	0.00626	0.00659	0.00373	0.00421	0.00650	0.00902	0.01212	0.09105	0.77014	0.03105	0.01378	0.00575	0.00181	0.00259	0.01249	0.00427	0.00373
13	0.01203	0.00923	0.01339	0.27046	0.07544	0.01008	0.07006	0.21944	0.01290	0.10227	0.01335	0.09386	0.04731	0.00614	0.00498	0.00149	0.02278	0.00532	0.00341	0.00607
14	0.14576	0.01293	0.01165	0.01018	0.04050	0.17527	0.00782	0.30624	0.16010	0.05282	0.01164	0.01171	0.02313	0.00530	0.00421	0.00136	0.00506	0.00391	0.00380	0.00660
15	0.00882	0.00825	0.01334	0.73623	0.02899	0.01030	0.01207	0.01252	0.07025	0.01212	0.00878	0.01237	0.00664	0.00478	0.00492	0.00153	0.03657	0.00411	0.00221	0.00520
16	0.00974	0.00786	0.00947	0.03702	0.01144	0.00617	0.00581	0.01178	0.00961	0.05119	0.00948	0.01233	0.00808	0.00406	0.00363	0.00082	0.00353	0.05066	0.00289	0.74441
17	0.01299	0.01237	0.05625	0.02650	0.22003	0.07366	0.17941	0.17007	0.09189	0.06758	0.01108	0.03810	0.00867	0.00497	0.00470	0.00142	0.00572	0.00463	0.00320	0.00678
18	0.13747	0.03076	0.04178	0.04122	0.05195	0.01126	0.05022	0.20349	0.11675	0.03006	0.07234	0.01368	0.02402	0.00692	0.03735	0.00172	0.11508	0.00441	0.00343	0.00610
19	0.00659	0.00439	0.00494	0.00494	0.00494	0.00439	0.00275	0.00659	0.00659	0.00879	0.01428	0.02965	0.01647	0.84075	0.02306	0.00439	0.00439	0.00659	0.00275	0.00275
20	0.04348	0.08972	0.09535	0.04869	0.14482	0.04220	0.02426	0.10024	0.05228	0.08875	0.00996	0.02035	0.00785	0.02359	0.00448	0.00127	0.00482	0.00371	0.00300	0.19117
21	0.01687	0.01277	0.01338	0.01039	0.01392	0.03627	0.00853	0.73058	0.06687	0.02751	0.01121	0.01116	0.00801	0.00546	0.00453	0.00136	0.00499	0.00411	0.00448	0.00761
22	0.00601	0.02511	0.00587	0.00577	0.00680	0.00438	0.00420	0.00743	0.02016	0.01346	0.21159	0.35619	0.26378	0.01167	0.00544	0.00161	0.00252	0.02463	0.00431	0.01907
23	0.04170	0.04227	0.44534	0.01187	0.03103	0.07256	0.07590	0.04160	0.01038	0.02650	0.02453	0.01131	0.03495	0.00456	0.00424	0.00132	0.00596	0.00370	0.00239	0.10790
24	0.01353	0.18497	0.09884	0.01324	0.13643	0.10475	0.07418	0.08941	0.01155	0.13914	0.00985	0.01147	0.00766	0.00549	0.02292	0.00146	0.04646	0.01930	0.00293	0.00643
25	0.14204	0.00781	0.00989	0.00772	0.01109	0.00712	0.00637	0.02060	0.01221	0.68844	0.02955	0.01458	0.01084	0.00547	0.00432	0.00140	0.00378	0.00432	0.00520	0.00725
26	0.00559	0.00460	0.00491	0.00483	0.00626	0.00392	0.00362	0.00695	0.01087	0.01353	0.21237	0.04148	0.64338	0.01099	0.00535	0.00151	0.00226	0.00927	0.00438	0.00392
27	0.01063	0.10765	0.46943	0.04289	0.04963	0.01143	0.04881	0.07988	0.03245	0.04436	0.00896	0.01042	0.00666	0.00554	0.03311	0.00160	0.02398	0.00361	0.00240	0.00654
28	0.00777	0.00400	0.00600	0.00600	0.00606	0.00406	0.00406	0.00606	0.00600	0.00806	0.00818	0.01407	0.00812	0.01706	0.07609	0.80574	0.00453	0.00400	0.00200	0.00212
29	0.01270	0.00940	0.01129	0.00939	0.01104	0.02671	0.00770	0.22488	0.01219	0.10273	0.01168	0.01326	0.03751	0.00658	0.00824	0.00155	0.31918	0.00429	0.16386	0.00582
30	0.00672	0.00494	0.00619	0.00621	0.02296	0.00473	0.00443	0.00912	0.05632	0.01623	0.50182	0.11004	0.10611	0.05650	0.02046	0.00173	0.00265	0.00816	0.05038	0.00431
31	0.00982	0.04010	0.01566	0.39548	0.25286	0.01041	0.07225	0.02962	0.03758	0.01348	0.00904	0.01221	0.00715	0.00559	0.03730	0.00166	0.00592	0.00415	0.03390	0.00583
32	0.12307	0.01206	0.01240	0.00991	0.01300	0.04572	0.00812	0.53267	0.09389	0.02454	0.01050	0.01084	0.00774	0.00551	0.00510	0.00142	0.06855	0.00392	0.00404	0.00699
33	0.49170	0.00961	0.00944	0.12946	0.04293	0.07080	0.01979	0.04743	0.00947	0.07926	0.00871	0.04814	0.00704	0.00491	0.00361	0.00142	0.00442	0.00355	0.00298	0.00533
34	0.01095	0.00990	0.01498	0.01194	0.01481	0.01053	0.23831	0.13171	0.26437	0.01728	0.01412	0.07854	0.01186	0.00854	0.07465	0.00204	0.03600	0.02693	0.00357	0.01898
35	0.00829	0.00602	0.00671	0.00622	0.00794	0.00576	0.00473	0.12268	0.04130	0.06176	0.11129	0.17635	0.40301	0.01033	0.00524	0.00154	0.00287	0.00877	0.00443	0.00475
36	0.00932	0.00840	0.01396	0.67987	0.10523	0.01020	0.01236	0.01216	0.00922	0.04174	0.00836	0.01201	0.00634	0.00470	0.00505	0.00151	0.04802	0.00404	0.00217	0.00534
37	0.01576	0.01955	0.01293	0.01157	0.01389	0.69897	0.04540	0.03859	0.01265	0.01177	0.00860	0.07236	0.00780	0.00538	0.00429	0.00124	0.00763	0.00383	0.00254	0.00524
38	0.01760	0.00629	0.00820	0.13180	0.03364	0.00631	0.00621	0.07623	0.02237	0.02715	0.22273	0.20215	0.13484	0.00884	0.00502	0.00148	0.00335	0.00771	0.00394	0.07414
39	0.01044	0.13253	0.31957	0.04151	0.04804	0.02984	0.06018	0.07505	0.11310	0.01523	0.02194	0.05022	0.02368	0.00548	0.00441	0.00142	0.00551	0.03279	0.00278	0.00629
40	0.01711	0.01186	0.01298	0.00999	0.01350	0.01290	0.00824	0.68604	0.02011	0.10904	0.04366	0.01227	0.00947	0.00561	0.00457	0.00137	0.00476	0.00429	0.00466	0.00757
41	0.02033	0.00771	0.01052	0.00806	0.01157	0.00666	0.00666	0.02208	0.01297	0.81562	0.01788	0.01542	0.01122	0.00561	0.00456	0.00140	0.00386	0.00456	0.00561	0.00771
42	0.00934	0.03252	0.07607	0.56329	0.09788	0.00997	0.04355	0.01240	0.00942	0.03467	0.00880	0.01208	0.00665	0.00450	0.00441	0.00144	0.00575	0.00401	0.05781	0.00544
43	0.00707	0.00516	0.00619	0.00581	0.00717	0.00490	0.00440	0.00999	0.08631	0.03660	0.53150	0.03318	0.19475	0.00919	0.00518	0.00144	0.00235	0.00795	0.03634	0.00454
44	0.01718	0.01217	0.01320	0.01019	0.01375	0.01335	0.00839	0.70130	0.05746	0.08875	0.01177	0.01151	0.00826	0.00549	0.00454	0.00137	0.00483	0.00417	0.00462	0.00768
45	0.00649	0.00482	0.00613	0.00634	0.00748	0.00450	0.00509	0.00833	0.01130	0.01504	0.35026	0.04188	0.20865	0.02988	0.00607	0.00174	0.00292	0.27448	0.00448	0.00410
46	0.01955	0.00745	0.00874	0.00652	0.01002	0.00577	0.00517	0.01106	0.00989	0.03304	0.10562	0.02422	0.04464	0.00459	0.00373	0.00084	0.00317	0.00379	0.00311	0.68907
47	0.33923	0.00970	0.00977	0.00792	0.01103	0.04236	0.00649	0.15819	0.02721	0.25194	0.01085	0.01076	0.00760	0.00497	0.00417	0.00137	0.03305	0.00350	0.00391	0.05601
48	0.00878	0.00883	0.01677	0.01311	0.01588	0.00848	0.41018	0.01242	0.09500	0.01389	0.01691	0.29911	0.04372	0.00792	0.00542	0.00164	0.00529	0.00807	0.00327	0.00531
49	0.00567	0.00421	0.00517	0.00573	0.00636	0.00384	0.00392	0.00663	0.00938	0.01227	0.11870	0.49508	0.21590	0.07667	0.00696	0.00192	0.00263	0.01107	0.00418	0.00371
50	0.00998	0.00859	0.04248	0.08620	0.31193	0.00808	0.03115	0.01274	0.03740	0.09095	0.17470	0.03236	0.09787	0.00710	0.02735	0.00159	0.00452	0.00569	0.00340	0.00593
51	0.00992	0.01061	0.06770	0.07372	0.07534	0.07909	0.11032	0.03397	0.00984	0.01358	0.01013	0.04176	0.02385	0.02281	0.09288	0.00193	0.05248	0.01099	0.00255	0.25654
52	0.01018	0.17240	0.03355	0.02988	0.01041	0.03671	0.02799	0.06281	0.09691	0.05295	0.07698	0.11806	0.08018	0.00704	0.00430	0.00135	0.00378	0.01928	0.14992	0.00533

[dist]
# distance from previous block
# <min> <max>
0	85

[block]
# block no. 8 follows, 57 sequences, length 18
# corresponding to MSA columns:
# 714-731
name=unknown_I
#
# <colnr> <probs for GDERKNQSTAVLIFYWHMCP>
#	G	D	E	R	K	N	Q	S	T	A	V	L	I	F	Y	W	H	M	C	P
0	0.11019	0.07551	0.05576	0.08550	0.13197	0.04815	0.03851	0.18493	0.07592	0.06999	0.01029	0.02555	0.00794	0.00487	0.00416	0.00134	0.00495	0.00393	0.01891	0.04162
1	0.15778	0.06804	0.07076	0.10407	0.14574	0.01051	0.04232	0.05664	0.05781	0.02982	0.04859	0.01314	0.00937	0.00583	0.02332	0.00155	0.06454	0.02634	0.03085	0.03298
2	0.05741	0.00878	0.03419	0.07118	0.18680	0.02729	0.06546	0.02382	0.00999	0.04970	0.02462	0.06118	0.04539	0.00539	0.00450	0.00128	0.03012	0.00465	0.14379	0.14447
3	0.00670	0.00476	0.00710	0.00699	0.00767	0.00518	0.02351	0.00766	0.00756	0.01063	0.06032	0.09408	0.01466	0.08717	0.49756	0.13758	0.00874	0.00579	0.00269	0.00366
4	0.02184	0.00894	0.04132	0.12940	0.03536	0.03392	0.00780	0.01652	0.34191	0.03074	0.20820	0.03182	0.01878	0.00662	0.00503	0.00149	0.02988	0.00556	0.01898	0.00588
5	0.00789	0.00455	0.00687	0.05544	0.00790	0.00494	0.00489	0.00668	0.00626	0.00847	0.00816	0.01384	0.00797	0.01630	0.08752	0.69878	0.04503	0.00402	0.00201	0.00248
6	0.00864	0.00802	0.01298	0.68853	0.04265	0.00984	0.01165	0.03056	0.00946	0.01222	0.02943	0.01434	0.05494	0.00522	0.00507	0.00152	0.04315	0.00446	0.00228	0.00505
7	0.00958	0.00722	0.00780	0.00707	0.00925	0.00747	0.00548	0.01607	0.36682	0.09724	0.06731	0.02830	0.33522	0.00838	0.00494	0.00152	0.00303	0.00700	0.00457	0.00574
8	0.01233	0.45932	0.09720	0.04912	0.01389	0.14568	0.03331	0.01433	0.01000	0.03491	0.00746	0.00868	0.00623	0.00413	0.00348	0.00109	0.00551	0.00289	0.02633	0.06412
9	0.00552	0.00394	0.00526	0.00631	0.00657	0.00368	0.00421	0.00631	0.00868	0.01157	0.02498	0.83779	0.02997	0.01420	0.00578	0.00184	0.00263	0.01288	0.00421	0.00368
10	0.04924	0.01276	0.16557	0.01119	0.07357	0.04319	0.02524	0.21182	0.08144	0.18617	0.03171	0.03180	0.02436	0.00549	0.00445	0.00140	0.00487	0.00444	0.02444	0.00686
11	0.06768	0.01086	0.09993	0.03616	0.33528	0.00960	0.04560	0.03927	0.08077	0.12708	0.01193	0.06873	0.00970	0.00526	0.00447	0.00142	0.00484	0.00470	0.03007	0.00664
12	0.01145	0.00953	0.01015	0.00905	0.01151	0.01088	0.00707	0.10463	0.63746	0.01913	0.01764	0.01858	0.01389	0.05612	0.00578	0.00171	0.00381	0.04031	0.00447	0.00683
13	0.01079	0.03456	0.54376	0.03234	0.04042	0.01115	0.09956	0.12363	0.01142	0.03732	0.00886	0.01025	0.00633	0.00444	0.00444	0.00142	0.00640	0.00372	0.00243	0.00676
14	0.01006	0.00974	0.04226	0.03668	0.14385	0.00876	0.15242	0.04820	0.03585	0.01527	0.02936	0.01341	0.03353	0.00467	0.00475	0.00120	0.04291	0.01952	0.03907	0.30851
15	0.00710	0.00560	0.00798	0.00748	0.00804	0.00650	0.03006	0.00817	0.00711	0.01012	0.01194	0.02052	0.01219	0.29687	0.42602	0.00545	0.11725	0.00533	0.00247	0.00380
16	0.00787	0.00394	0.00590	0.00590	0.00590	0.00394	0.00394	0.00590	0.00590	0.00787	0.00787	0.01377	0.00787	0.01574	0.01771	0.86816	0.00394	0.00394	0.00197	0.00197
17	0.01057	0.11769	0.19699	0.12425	0.18664	0.03540	0.02263	0.04236	0.02089	0.03723	0.03694	0.02253	0.01910	0.01655	0.00447	0.00133	0.00533	0.00392	0.00251	0.09265

[dist]
# distance from previous block
# <min> <max>
0	1

[block]
# block no. 9 follows, 57 sequences, length 13
# corresponding to MSA columns:
# 733-745
name=unknown_J
#
# <colnr> <probs for GDERKNQSTAVLIFYWHMCP>
#	G	D	E	R	K	N	Q	S	T	A	V	L	I	F	Y	W	H	M	C	P
0	0.63936	0.09034	0.04999	0.00699	0.01008	0.03414	0.00614	0.03304	0.06586	0.01893	0.00740	0.00826	0.00577	0.00436	0.00310	0.00136	0.00397	0.00274	0.00283	0.00533
1	0.00787	0.00394	0.00590	0.00590	0.00590	0.00394	0.00394	0.00590	0.00590	0.00787	0.00787	0.01377	0.00787	0.01574	0.01771	0.86816	0.00394	0.00394	0.00197	0.00197
2	0.00657	0.00447	0.00532	0.00532	0.00546	0.00460	0.00322	0.00683	0.00670	0.00907	0.01393	0.02772	0.01564	0.70938	0.15329	0.00486	0.00565	0.00631	0.00269	0.00296
3	0.01002	0.04200	0.20647	0.09910	0.11807	0.01029	0.03042	0.05885	0.19703	0.01608	0.09019	0.01630	0.03498	0.00575	0.00482	0.00147	0.02265	0.02603	0.00318	0.00628
4	0.73078	0.07021	0.03598	0.00666	0.00965	0.05856	0.00574	0.01365	0.00818	0.01888	0.00641	0.00748	0.00506	0.00421	0.00294	0.00136	0.00399	0.00251	0.00268	0.00505
5	0.00577	0.00412	0.00555	0.00660	0.00697	0.00390	0.00465	0.00675	0.00893	0.01185	0.02484	0.72589	0.02942	0.01396	0.00585	0.00188	0.00285	0.12228	0.00420	0.00375
6	0.01695	0.05735	0.01414	0.01028	0.01392	0.01426	0.00857	0.75525	0.02065	0.02760	0.01063	0.01069	0.00760	0.00536	0.00445	0.00134	0.00498	0.00399	0.00439	0.00760
7	0.06205	0.12707	0.10142	0.02735	0.17822	0.08235	0.05670	0.11543	0.06075	0.07219	0.00934	0.01060	0.00723	0.00480	0.00494	0.00137	0.06510	0.00374	0.00286	0.00649
8	0.01123	0.00933	0.02771	0.12693	0.30731	0.02419	0.01014	0.08871	0.07354	0.08746	0.01350	0.16073	0.01233	0.00653	0.00477	0.00149	0.00472	0.01981	0.00330	0.00626
9	0.00653	0.00437	0.00496	0.00502	0.00504	0.00435	0.00283	0.00657	0.00671	0.00894	0.01489	0.07580	0.01724	0.79355	0.02208	0.00425	0.00429	0.00695	0.00283	0.00280
10	0.00562	0.00402	0.00534	0.00624	0.00659	0.00374	0.00421	0.00655	0.00912	0.01228	0.10954	0.75120	0.03135	0.01367	0.00574	0.00180	0.00258	0.01238	0.00429	0.00374
11	0.10108	0.03698	0.08353	0.03515	0.05697	0.05953	0.03051	0.31996	0.08517	0.10900	0.03100	0.01185	0.00879	0.00515	0.00431	0.00138	0.00498	0.00401	0.00380	0.00685
12	0.05164	0.00582	0.00667	0.00609	0.00780	0.00566	0.00467	0.06473	0.03481	0.14884	0.13804	0.14392	0.12812	0.00808	0.00453	0.00140	0.00281	0.00682	0.22452	0.00503

[dist]
# distance from previous block
# <min> <max>
0	2

[block]
# block no. 10 follows, 57 sequences, length 25
# corresponding to MSA columns:
# 748-772
name=unknown_K
#
# <colnr> <probs for GDERKNQSTAVLIFYWHMCP>
#	G	D	E	R	K	N	Q	S	T	A	V	L	I	F	Y	W	H	M	C	P
0	0.01193	0.02098	0.02288	0.26546	0.06376	0.07245	0.00923	0.12099	0.03622	0.08396	0.00949	0.01118	0.00717	0.00453	0.00435	0.00123	0.01951	0.00365	0.00295	0.22809
1	0.15106	0.00637	0.02581	0.00622	0.00818	0.00593	0.00499	0.01195	0.03494	0.14060	0.34791	0.05606	0.09137	0.00766	0.00459	0.00141	0.00283	0.00641	0.06774	0.01799
2	0.18215	0.00872	0.00983	0.00737	0.01109	0.00781	0.02874	0.08558	0.01047	0.07611	0.00873	0.00966	0.00678	0.00390	0.00350	0.00096	0.00370	0.00298	0.00308	0.52884
3	0.01098	0.01052	0.01796	0.09953	0.74263	0.01070	0.01379	0.01370	0.01021	0.01452	0.00848	0.01129	0.00708	0.00408	0.00449	0.00136	0.00544	0.00404	0.00222	0.00699
4	0.00636	0.00475	0.00671	0.00704	0.00791	0.00441	0.04474	0.00763	0.00956	0.02770	0.06475	0.51224	0.13565	0.01264	0.00573	0.00179	0.00307	0.12916	0.00417	0.00400
5	0.00551	0.00399	0.00521	0.00620	0.00654	0.00369	0.00416	0.00632	0.00878	0.01161	0.02634	0.78619	0.08070	0.01402	0.00576	0.00182	0.00261	0.01267	0.00421	0.00369
6	0.00567	0.00421	0.00530	0.00594	0.00660	0.00384	0.00416	0.00677	0.00966	0.01271	0.14184	0.53614	0.19078	0.01288	0.00565	0.00173	0.00254	0.03545	0.00432	0.00381
7	0.00555	0.00399	0.00527	0.00624	0.00657	0.00371	0.00419	0.00641	0.00889	0.01186	0.05870	0.78341	0.05057	0.01392	0.00575	0.00181	0.00260	0.01260	0.00424	0.00371
8	0.02033	0.00771	0.01052	0.00806	0.01157	0.00666	0.00666	0.02208	0.01297	0.81562	0.01788	0.01542	0.01122	0.00561	0.00456	0.00140	0.00386	0.00456	0.00561	0.00771
9	0.69687	0.02977	0.00816	0.00686	0.00971	0.08539	0.00560	0.06005	0.00918	0.04447	0.00700	0.00789	0.00537	0.00436	0.00308	0.00137	0.00406	0.00266	0.00293	0.00521
10	0.00923	0.00758	0.00914	0.00882	0.05756	0.03014	0.02968	0.01446	0.25370	0.05506	0.28471	0.02580	0.15034	0.00784	0.00533	0.00149	0.03256	0.00667	0.00435	0.00553
11	0.01176	0.74002	0.09746	0.00837	0.01238	0.01711	0.00866	0.01356	0.00917	0.01101	0.00646	0.00757	0.00581	0.00405	0.00342	0.00105	0.03178	0.00256	0.00194	0.00587
12	0.08815	0.00961	0.01289	0.63991	0.02667	0.09565	0.01139	0.01240	0.00926	0.01230	0.00771	0.01116	0.00591	0.00464	0.00469	0.00148	0.03524	0.00377	0.00212	0.00504
13	0.00563	0.00402	0.00538	0.00643	0.00674	0.00377	0.00439	0.00649	0.00878	0.01169	0.02492	0.79068	0.02974	0.01410	0.00581	0.00185	0.00272	0.05894	0.00420	0.00371
14	0.01211	0.84348	0.02374	0.00775	0.01163	0.01793	0.00775	0.01357	0.00921	0.01066	0.00630	0.00727	0.00582	0.00388	0.00291	0.00097	0.00485	0.00242	0.00194	0.00582
15	0.01030	0.00963	0.01522	0.30497	0.39221	0.01061	0.01221	0.01496	0.15562	0.01444	0.01018	0.01256	0.00800	0.00460	0.00452	0.00144	0.00528	0.00423	0.00260	0.00643
16	0.01223	0.18870	0.30921	0.01075	0.01542	0.02640	0.06201	0.05250	0.10008	0.13406	0.01059	0.01111	0.00775	0.00504	0.01573	0.00141	0.00555	0.00370	0.00295	0.02481
17	0.00558	0.00399	0.00533	0.00638	0.00667	0.00374	0.00432	0.00642	0.00874	0.01164	0.02494	0.80976	0.02983	0.01414	0.00580	0.00185	0.00268	0.04029	0.00421	0.00370
18	0.00970	0.00816	0.00890	0.00841	0.01053	0.00910	0.00665	0.01888	0.54681	0.01700	0.02309	0.04259	0.11921	0.00811	0.00502	0.00164	0.00350	0.14207	0.00447	0.00614
19	0.00599	0.00491	0.00532	0.00516	0.00663	0.00439	0.00389	0.00810	0.05854	0.01421	0.24635	0.03943	0.55986	0.01057	0.00531	0.00150	0.00233	0.00894	0.00444	0.00414
20	0.72070	0.00858	0.00735	0.00633	0.00926	0.00954	0.00522	0.01488	0.00865	0.16220	0.00837	0.00880	0.00603	0.00446	0.00312	0.00140	0.00357	0.00283	0.00330	0.00541
21	0.01064	0.01207	0.02590	0.01863	0.02292	0.01162	0.74494	0.01428	0.01045	0.01428	0.00896	0.01207	0.00682	0.00409	0.00597	0.00156	0.06124	0.00526	0.00227	0.00604
22	0.00730	0.00522	0.00730	0.00835	0.00939	0.00522	0.00730	0.00939	0.01043	0.01356	0.02399	0.05111	0.02608	0.01252	0.00626	0.00209	0.00417	0.78199	0.00417	0.00417
23	0.01070	0.01222	0.02674	0.01910	0.02368	0.01146	0.79603	0.01451	0.01070	0.01451	0.00917	0.01222	0.00688	0.00382	0.00535	0.00153	0.00764	0.00535	0.00229	0.00611
24	0.87276	0.00876	0.00666	0.00596	0.00876	0.01017	0.00491	0.01332	0.00771	0.02033	0.00631	0.00736	0.00491	0.00421	0.00280	0.00140	0.00351	0.00245	0.00280	0.00491

[dist]
# distance from previous block
# <min> <max>
0	1

[block]
# block no. 11 follows, 57 sequences, length 21
# corresponding to MSA columns:
# 774-781,787-799
name=unknown_L
#
# <colnr> <probs for GDERKNQSTAVLIFYWHMCP>
#	G	D	E	R	K	N	Q	S	T	A	V	L	I	F	Y	W	H	M	C	P
0	0.01100	0.01055	0.01801	0.09149	0.75045	0.01071	0.01380	0.01372	0.01022	0.01455	0.00849	0.01128	0.00709	0.00408	0.00449	0.00136	0.00544	0.00404	0.00222	0.00701
1	0.00652	0.00452	0.00552	0.00552	0.00579	0.00470	0.00351	0.00697	0.00690	0.00935	0.01489	0.02715	0.04412	0.60551	0.22563	0.00502	0.00628	0.00626	0.00272	0.00312
2	0.01151	0.01154	0.02424	0.01746	0.02177	0.01084	0.68000	0.01531	0.03721	0.08643	0.01023	0.01270	0.00752	0.00434	0.00555	0.02219	0.00708	0.00524	0.00266	0.00619
3	0.00668	0.00562	0.04433	0.00756	0.00857	0.00494	0.00622	0.00870	0.03634	0.01310	0.05938	0.39901	0.02722	0.01252	0.00586	0.00190	0.00349	0.34025	0.00413	0.00418
4	0.00980	0.01083	0.10401	0.01322	0.01676	0.00911	0.38248	0.01345	0.04804	0.05626	0.16426	0.01845	0.06399	0.00577	0.00540	0.00149	0.03306	0.00580	0.03212	0.00571
5	0.00613	0.00456	0.00571	0.00556	0.00663	0.00414	0.00412	0.00796	0.01196	0.01645	0.59416	0.11476	0.18081	0.01015	0.00539	0.00149	0.00221	0.00890	0.00477	0.00414
