[name]
unknown

[dist]
# distance from previous block
# <min> <max>
0	131

[block]
# block no. 0 follows, 55 sequences, length 9
# corresponding to MSA columns:
# 287-295
name=unknown_A
#
# <colnr> <probs for GDERKNQSTAVLIFYWHMCP>
#	G	D	E	R	K	N	Q	S	T	A	V	L	I	F	Y	W	H	M	C	P
0	0.05041	0.03839	0.01168	0.08814	0.01386	0.04596	0.04596	0.06237	0.10771	0.21894	0.01496	0.04649	0.01236	0.00752	0.02235	0.02676	0.02327	0.10607	0.00396	0.05283
1	0.01279	0.01092	0.07913	0.00927	0.01230	0.08018	0.03726	0.17389	0.04015	0.13896	0.03574	0.13828	0.04319	0.03167	0.01982	0.00162	0.00480	0.02058	0.00394	0.10551
2	0.04928	0.01307	0.01266	0.01028	0.01351	0.10718	0.00828	0.48983	0.18133	0.02455	0.03474	0.01266	0.00991	0.00571	0.00457	0.00141	0.00506	0.00433	0.00435	0.00729
3	0.00574	0.00424	0.00537	0.00610	0.00669	0.00387	0.00419	0.00677	0.00968	0.01277	0.11793	0.60679	0.16577	0.01352	0.00581	0.00179	0.00258	0.01209	0.00441	0.00387
4	0.00888	0.00842	0.01449	0.70472	0.06582	0.01012	0.05482	0.01189	0.00943	0.01220	0.00921	0.05288	0.00751	0.00508	0.00476	0.00156	0.00609	0.00466	0.00220	0.00526
5	0.01151	0.23247	0.28157	0.02960	0.01717	0.06397	0.14776	0.01515	0.03729	0.05910	0.01049	0.01245	0.03094	0.00484	0.00433	0.00137	0.00615	0.02501	0.00251	0.00632
6	0.01117	0.00918	0.01459	0.30774	0.29764	0.01006	0.01181	0.01470	0.07446	0.09702	0.01154	0.01584	0.00938	0.00546	0.00510	0.00154	0.03026	0.06324	0.00292	0.00633
7	0.01092	0.01236	0.02638	0.01901	0.02333	0.01197	0.72710	0.01460	0.01067	0.01460	0.00914	0.01236	0.00698	0.00426	0.00629	0.00161	0.07456	0.00537	0.00233	0.00618
8	0.00838	0.00673	0.00764	0.00776	0.05187	0.00672	0.00550	0.03700	0.21187	0.04261	0.09986	0.09182	0.38498	0.00959	0.00523	0.00157	0.00302	0.00813	0.00444	0.00528

[dist]
# distance from previous block
# <min> <max>
0	24

[block]
# block no. 1 follows, 55 sequences, length 15
# corresponding to MSA columns:
# 320-334
name=unknown_B
#
# <colnr> <probs for GDERKNQSTAVLIFYWHMCP>
#	G	D	E	R	K	N	Q	S	T	A	V	L	I	F	Y	W	H	M	C	P
0	0.10367	0.07427	0.13116	0.04902	0.02863	0.10538	0.04318	0.07766	0.05324	0.18323	0.06900	0.02542	0.01083	0.00546	0.00457	0.00142	0.01959	0.00429	0.00356	0.00641
1	0.01716	0.00898	0.01080	0.00853	0.01168	0.00888	0.00695	0.27807	0.01569	0.39887	0.05966	0.05094	0.03936	0.00646	0.00471	0.00143	0.00404	0.00523	0.05534	0.00721
2	0.00567	0.00431	0.00522	0.00586	0.00661	0.00387	0.00407	0.00669	0.00973	0.01253	0.08205	0.52356	0.28639	0.01334	0.00576	0.00176	0.00255	0.01180	0.00437	0.00387
3	0.00988	0.01043	0.07535	0.09019	0.29410	0.04453	0.04882	0.01262	0.03536	0.02564	0.06511	0.13082	0.04396	0.02523	0.00611	0.00161	0.06543	0.00598	0.00293	0.00590
4	0.07420	0.01009	0.01544	0.32575	0.18204	0.01122	0.09235	0.13381	0.06244	0.01671	0.00983	0.02824	0.00771	0.00490	0.00463	0.00149	0.00565	0.00442	0.00282	0.00626
5	0.00760	0.00564	0.00831	0.00843	0.00978	0.00539	0.06378	0.00951	0.01057	0.04021	0.05087	0.18157	0.12530	0.01202	0.00607	0.00194	0.00395	0.44043	0.00423	0.00442
6	0.00570	0.00410	0.00535	0.00634	0.00667	0.00381	0.00423	0.00650	0.00892	0.01181	0.02631	0.76730	0.06817	0.04270	0.00653	0.00196	0.00274	0.01284	0.00427	0.00375
7	0.01636	0.02005	0.01308	0.01174	0.01389	0.67861	0.00891	0.05125	0.01277	0.01208	0.00748	0.00935	0.00642	0.03023	0.00590	0.00139	0.08935	0.00327	0.00247	0.00540
8	0.00624	0.00448	0.00563	0.00615	0.00663	0.00414	0.00402	0.00694	0.00841	0.01138	0.02154	0.56608	0.02545	0.22557	0.01033	0.00248	0.00322	0.01079	0.00382	0.06671
9	0.10641	0.01997	0.01259	0.01132	0.01374	0.67008	0.00861	0.05034	0.01278	0.01313	0.00724	0.00848	0.00598	0.00490	0.00448	0.00126	0.03767	0.00304	0.00253	0.00545
10	0.04089	0.04438	0.07876	0.01363	0.07332	0.12171	0.20311	0.05853	0.03228	0.07707	0.05579	0.02989	0.01018	0.00756	0.06525	0.00192	0.07199	0.00471	0.00297	0.00607
11	0.01159	0.12417	0.11464	0.00955	0.01368	0.02222	0.07827	0.09896	0.02487	0.06717	0.02420	0.04584	0.01870	0.00481	0.00410	0.00113	0.00471	0.00400	0.00307	0.32432
12	0.03834	0.00804	0.03676	0.00869	0.01131	0.00719	0.09909	0.04744	0.04463	0.08284	0.21495	0.10803	0.07861	0.00746	0.00523	0.00141	0.03076	0.00654	0.00396	0.15870
13	0.04910	0.08705	0.07742	0.01001	0.01333	0.09011	0.09060	0.07690	0.13913	0.09804	0.06688	0.04930	0.02318	0.02782	0.00499	0.00145	0.00494	0.00484	0.00358	0.08134
14	0.01372	0.05164	0.03016	0.03680	0.28529	0.07576	0.04407	0.06799	0.03689	0.16999	0.02284	0.01296	0.02638	0.00484	0.00445	0.00131	0.00514	0.00419	0.00332	0.10224

[dist]
# distance from previous block
# <min> <max>
1	39

[block]
# block no. 2 follows, 55 sequences, length 75
# corresponding to MSA columns:
# 374-448
name=unknown_C
#
# <colnr> <probs for GDERKNQSTAVLIFYWHMCP>
#	G	D	E	R	K	N	Q	S	T	A	V	L	I	F	Y	W	H	M	C	P
0	0.23174	0.03171	0.11485	0.02771	0.01310	0.12372	0.03487	0.07192	0.04134	0.12862	0.04451	0.01338	0.03180	0.00637	0.03266	0.00162	0.00532	0.01638	0.00338	0.02499
1	0.00953	0.03525	0.60061	0.04033	0.01809	0.03814	0.01437	0.01391	0.00995	0.03107	0.02059	0.04761	0.03568	0.02251	0.00488	0.00151	0.00622	0.00420	0.00234	0.04320
2	0.00947	0.07462	0.12935	0.00777	0.01206	0.00763	0.00728	0.01190	0.00970	0.01454	0.01095	0.02990	0.05706	0.00440	0.00374	0.00091	0.00399	0.00351	0.00271	0.59852
3	0.00796	0.00632	0.02980	0.00658	0.00830	0.00573	0.01443	0.03978	0.09040	0.05130	0.39842	0.05314	0.22149	0.03833	0.00597	0.00162	0.00286	0.00801	0.00467	0.00488
4	0.00781	0.00422	0.00633	0.00633	0.00649	0.00438	0.00438	0.00649	0.00633	0.00860	0.00892	0.01493	0.00876	0.01973	0.17061	0.70130	0.00565	0.00422	0.00211	0.00243
5	0.01151	0.01105	0.01888	0.02855	0.80748	0.01105	0.01428	0.01428	0.01059	0.01520	0.00875	0.01151	0.00737	0.00415	0.00461	0.00138	0.00553	0.00415	0.00230	0.00737
6	0.00620	0.00468	0.00573	0.00560	0.00675	0.00421	0.00415	0.00799	0.01207	0.01635	0.52425	0.11094	0.25287	0.01060	0.00553	0.00153	0.00229	0.00924	0.00483	0.00421
7	0.00567	0.00405	0.00540	0.00648	0.00675	0.00378	0.00432	0.00648	0.00891	0.01188	0.02564	0.83347	0.03077	0.01457	0.00594	0.00189	0.00270	0.01323	0.00432	0.00378
8	0.00617	0.00473	0.00551	0.00532	0.00662	0.00419	0.00399	0.00792	0.01196	0.01597	0.45497	0.03866	0.37435	0.01039	0.00543	0.00150	0.00226	0.00892	0.02694	0.00419
9	0.00644	0.00467	0.00638	0.00670	0.00726	0.00496	0.00484	0.00756	0.00796	0.01092	0.01797	0.22211	0.04598	0.19223	0.38643	0.00502	0.00767	0.04793	0.00316	0.00379
10	0.01244	0.83930	0.02438	0.00796	0.01194	0.01841	0.00796	0.01393	0.00945	0.01095	0.00647	0.00746	0.00597	0.00398	0.00299	0.00100	0.00498	0.00249	0.00199	0.00597
11	0.01150	0.10909	0.03490	0.27258	0.19772	0.07492	0.07095	0.01440	0.03281	0.06723	0.01048	0.01264	0.03439	0.00474	0.00446	0.00139	0.00578	0.00416	0.00258	0.03329
12	0.00926	0.00627	0.00857	0.00859	0.05835	0.00624	0.03940	0.04244	0.05530	0.09913	0.08018	0.19524	0.01961	0.25158	0.07194	0.00290	0.00463	0.02164	0.01399	0.00474
13	0.54919	0.00904	0.00796	0.00687	0.00966	0.01021	0.00559	0.12719	0.06594	0.04923	0.00953	0.01027	0.00718	0.00483	0.00338	0.00140	0.00366	0.00325	0.10999	0.00563
14	0.01026	0.01070	0.02105	0.21796	0.07548	0.01083	0.44508	0.03008	0.03766	0.01462	0.03532	0.04929	0.00933	0.00488	0.00520	0.00156	0.00668	0.00546	0.00258	0.00597
15	0.01347	0.61702	0.06598	0.00888	0.01284	0.09101	0.00861	0.08339	0.01105	0.04013	0.00746	0.00829	0.00633	0.00428	0.00338	0.00109	0.00537	0.00281	0.00239	0.00621
16	0.00625	0.00499	0.00563	0.00554	0.00692	0.00452	0.00415	0.00842	0.05473	0.01500	0.30115	0.08733	0.44314	0.01090	0.00550	0.00156	0.00243	0.02296	0.00461	0.00427
17	0.00563	0.00449	0.00492	0.00527	0.00641	0.00389	0.00378	0.00672	0.01004	0.01247	0.03945	0.29558	0.53798	0.01251	0.00558	0.00166	0.00246	0.01076	0.02651	0.00389
18	0.01805	0.01209	0.01333	0.01026	0.01393	0.01307	0.00846	0.64090	0.04246	0.16040	0.01260	0.01213	0.00870	0.00563	0.00466	0.00141	0.00488	0.00430	0.00484	0.00790
19	0.01178	0.00958	0.01078	0.00804	0.01195	0.00867	0.00649	0.20345	0.08071	0.01899	0.00990	0.01068	0.00777	0.00422	0.00385	0.00094	0.00387	0.00332	0.00339	0.58162
20	0.00649	0.00479	0.00605	0.00634	0.00718	0.00456	0.00451	0.02442	0.04410	0.01510	0.31342	0.43582	0.08570	0.01199	0.00567	0.00169	0.00258	0.01071	0.00464	0.00425
21	0.00575	0.00423	0.00536	0.00621	0.00673	0.00389	0.00426	0.00667	0.00925	0.01209	0.04086	0.64133	0.15717	0.03727	0.00638	0.00191	0.00274	0.03979	0.00429	0.00380
22	0.01217	0.01054	0.01407	0.32150	0.07365	0.02781	0.02861	0.23336	0.11219	0.01804	0.01029	0.01230	0.00779	0.00533	0.00550	0.00151	0.07206	0.00426	0.00317	0.02582
23	0.00644	0.00472	0.00604	0.00576	0.00688	0.00432	0.00430	0.00848	0.01275	0.01778	0.69890	0.06728	0.11911	0.00994	0.00551	0.00149	0.00223	0.00874	0.00501	0.00432
24	0.05487	0.01228	0.01694	0.04456	0.35650	0.10613	0.11137	0.11482	0.01232	0.06182	0.00935	0.01121	0.00729	0.00445	0.00453	0.00136	0.00583	0.00406	0.00287	0.05744
25	0.01148	0.49504	0.27562	0.01028	0.01513	0.03614	0.04262	0.01472	0.03739	0.01263	0.00764	0.00879	0.00628	0.00422	0.00364	0.00120	0.00574	0.00302	0.00210	0.00631
26	0.00567	0.00405	0.00540	0.00648	0.00675	0.00378	0.00432	0.00648	0.00891	0.01188	0.02564	0.83347	0.03077	0.01457	0.00594	0.00189	0.00270	0.01323	0.00432	0.00378
27	0.00863	0.00807	0.01364	0.76123	0.03034	0.00995	0.02491	0.01160	0.00930	0.01193	0.00937	0.06366	0.00775	0.00526	0.00475	0.00157	0.00601	0.00472	0.00221	0.00510
28	0.01230	0.17104	0.21745	0.06123	0.17266	0.06453	0.04247	0.08173	0.06783	0.05191	0.00949	0.01080	0.00729	0.00460	0.00428	0.00135	0.00584	0.00374	0.00269	0.00676
29	0.00854	0.00665	0.00922	0.02254	0.00994	0.02395	0.03890	0.00981	0.00913	0.03973	0.03527	0.21063	0.01855	0.02528	0.03203	0.07244	0.17834	0.18690	0.05779	0.00438
30	0.83617	0.00895	0.00699	0.00620	0.00911	0.01030	0.00511	0.01403	0.00813	0.05177	0.00694	0.00788	0.00529	0.00437	0.00295	0.00144	0.00361	0.00260	0.00299	0.00515
31	0.00635	0.00475	0.00589	0.00560	0.00680	0.00429	0.00420	0.00832	0.01261	0.01732	0.63919	0.03694	0.21056	0.01001	0.00549	0.00149	0.00223	0.00872	0.00495	0.00429
32	0.01157	0.00999	0.01052	0.00947	0.01210	0.01157	0.00736	0.02472	0.79908	0.01946	0.01893	0.01736	0.01420	0.00631	0.00473	0.00158	0.00368	0.00526	0.00473	0.00736
33	0.00591	0.00426	0.00562	0.00650	0.00699	0.00398	0.00455	0.00699	0.00957	0.01276	0.10470	0.64752	0.07110	0.01378	0.00591	0.00185	0.00276	0.07695	0.00440	0.00389
34	0.00952	0.00913	0.01274	0.01114	0.01137	0.01246	0.00917	0.01102	0.03222	0.01134	0.00782	0.01224	0.00756	0.02866	0.15924	0.00305	0.63982	0.00432	0.00222	0.00495
35	0.00732	0.00535	0.00666	0.00705	0.00793	0.00534	0.00523	0.05742	0.05315	0.01414	0.09613	0.37539	0.06182	0.10474	0.00782	0.00213	0.00338	0.17044	0.00426	0.00429
36	0.03771	0.01030	0.01332	0.01118	0.01331	0.11596	0.17658	0.09561	0.03144	0.01489	0.01495	0.29164	0.01552	0.00850	0.00618	0.00164	0.08452	0.02368	0.00337	0.02970
37	0.00563	0.00436	0.00513	0.00569	0.00655	0.00387	0.00398	0.00665	0.00981	0.01244	0.06546	0.45991	0.36757	0.01316	0.00573	0.00173	0.00253	0.01156	0.00435	0.00387
38	0.08350	0.18453	0.06016	0.01092	0.03958	0.08004	0.00926	0.04143	0.02584	0.05710	0.00807	0.02350	0.00704	0.00663	0.02201	0.00167	0.32674	0.00372	0.00253	0.00574
39	0.10223	0.01138	0.01371	0.03790	0.10324	0.01218	0.03556	0.44274	0.02691	0.15084	0.01153	0.01176	0.00814	0.00525	0.00450	0.00142	0.00494	0.00415	0.00423	0.00741
40	0.01367	0.38013	0.02908	0.02869	0.03637	0.09187	0.06125	0.13728	0.01210	0.06042	0.00845	0.00947	0.00680	0.00446	0.00400	0.00116	0.02012	0.00328	0.00277	0.08863
41	0.00879	0.00827	0.01395	0.82532	0.03204	0.01034	0.01292	0.01189	0.00930	0.01189	0.00827	0.01240	0.00620	0.00465	0.00465	0.00155	0.00620	0.00413	0.00207	0.00517
42	0.01172	0.29469	0.08345	0.01287	0.08149	0.02820	0.15465	0.04047	0.01015	0.03598	0.00809	0.01004	0.00671	0.00518	0.02041	0.00142	0.10819	0.00366	0.00237	0.08026
43	0.01153	0.00937	0.02528	0.00796	0.01187	0.03022	0.02851	0.09648	0.01155	0.08382	0.03804	0.01189	0.02295	0.00430	0.00388	0.00092	0.00393	0.00349	0.00329	0.59071
44	0.00578	0.00461	0.00515	0.00525	0.00647	0.00401	0.00383	0.00708	0.01077	0.01363	0.20017	0.17310	0.50055	0.03107	0.00599	0.00167	0.00243	0.01002	0.00445	0.00397
45	0.01086	0.00865	0.01013	0.00751	0.01126	0.02173	0.00603	0.01307	0.02772	0.08511	0.00924	0.01038	0.00740	0.00404	0.00435	0.00087	0.05640	0.00307	0.00301	0.69917
46	0.01211	0.75260	0.10819	0.00852	0.01281	0.01760	0.00894	0.01402	0.00949	0.01135	0.00667	0.00771	0.00596	0.00403	0.00314	0.00105	0.00518	0.00259	0.00199	0.00607
47	0.00824	0.00512	0.00675	0.00613	0.00752	0.00467	0.00467	0.01039	0.01319	0.11055	0.71376	0.03256	0.04014	0.00908	0.00539	0.00146	0.00240	0.00798	0.00520	0.00480
48	0.01038	0.02753	0.01015	0.00708	0.01118	0.00674	0.00572	0.03430	0.01013	0.04659	0.00870	0.00988	0.00708	0.00361	0.00352	0.00075	0.00355	0.00287	0.00291	0.78735
49	0.01786	0.00731	0.00987	0.00781	0.01089	0.00641	0.00635	0.01991	0.02455	0.63997	0.17667	0.01966	0.01807	0.00652	0.00484	0.00145	0.00360	0.00544	0.00562	0.00720
50	0.00612	0.00472	0.00560	0.00548	0.00673	0.00419	0.00411	0.00784	0.01188	0.01579	0.44757	0.07852	0.34764	0.01074	0.00553	0.00154	0.00233	0.02476	0.00474	0.00417
51	0.00665	0.00498	0.00748	0.00748	0.00831	0.00582	0.00582	0.00831	0.00748	0.01080	0.01246	0.01828	0.01163	0.03489	0.81807	0.00748	0.01246	0.00498	0.00249	0.00415
52	0.00648	0.00439	0.00516	0.00544	0.00551	0.00432	0.00321	0.00669	0.00733	0.00977	0.01753	0.24048	0.02054	0.62152	0.01904	0.00382	0.00404	0.00846	0.00321	0.00307
53	0.00667	0.00464	0.00575	0.00559	0.00666	0.00429	0.00415	0.00865	0.01212	0.01731	0.56116	0.09687	0.11807	0.00962	0.00523	0.00146	0.00225	0.00841	0.11682	0.00429
54	0.01118	0.01240	0.19622	0.07615	0.01636	0.00968	0.10382	0.15104	0.05994	0.07182	0.03103	0.10047	0.01334	0.00754	0.01995	0.00172	0.00549	0.10212	0.00353	0.00621
55	0.00988	0.00826	0.00967	0.00692	0.01104	0.00622	0.00554	0.01195	0.00972	0.03201	0.00848	0.00978	0.00699	0.00349	0.00347	0.00070	0.00346	0.00280	0.00282	0.84679
56	0.03547	0.01247	0.01148	0.01005	0.01277	0.14544	0.00786	0.14416	0.51015	0.01955	0.01519	0.01450	0.01145	0.00593	0.00480	0.00149	0.02138	0.00462	0.00423	0.00702
57	0.01120	0.10838	0.23408	0.02772	0.04255	0.01040	0.09278	0.04424	0.01057	0.09498	0.02442	0.04948	0.03127	0.00534	0.00508	0.00136	0.05839	0.00438	0.00286	0.14050
58	0.01224	0.10837	0.40948	0.01278	0.05150	0.03461	0.06250	0.11089	0.01173	0.09487	0.00973	0.02244	0.00721	0.00486	0.00469	0.00142	0.02721	0.00386	0.00276	0.00686
59	0.01697	0.02107	0.01295	0.01169	0.01409	0.74935	0.00880	0.05348	0.01358	0.01249	0.03859	0.00955	0.00756	0.00501	0.00427	0.00122	0.00800	0.00326	0.00261	0.00547
60	0.00644	0.00474	0.00567	0.00581	0.00692	0.00429	0.00421	0.00811	0.03108	0.03687	0.24802	0.29104	0.30629	0.01173	0.00559	0.00164	0.00250	0.01025	0.00459	0.00421
61	0.08243	0.19174	0.06948	0.04781	0.13985	0.01237	0.23988	0.04482	0.02372	0.04498	0.03010	0.03463	0.00855	0.00468	0.00443	0.00139	0.00577	0.00441	0.00266	0.00629
62	0.02272	0.00808	0.01300	0.54556	0.02508	0.00948	0.04894	0.01284	0.04819	0.06988	0.01243	0.03406	0.04981	0.00706	0.04489	0.00186	0.01899	0.01903	0.00272	0.00536
63	0.00564	0.00470	0.00494	0.00503	0.00648	0.00400	0.00378	0.00689	0.01063	0.01288	0.08140	0.08974	0.69301	0.01188	0.00556	0.00161	0.00245	0.04109	0.00436	0.00396
64	0.04295	0.00750	0.00854	0.00732	0.00957	0.02275	0.02329	0.08266	0.14437	0.16826	0.14664	0.02050	0.06755	0.00664	0.00446	0.00138	0.00333	0.00550	0.22091	0.00590
65	0.01325	0.04602	0.11713	0.09160	0.01905	0.12952	0.25257	0.08000	0.02651	0.12376	0.03159	0.01303	0.02434	0.00492	0.00480	0.00144	0.00645	0.00456	0.00308	0.00638
66	0.01235	0.81945	0.02413	0.02749	0.01242	0.01822	0.00808	0.01388	0.00945	0.01097	0.00651	0.00758	0.00598	0.00400	0.00302	0.00101	0.00500	0.00253	0.00199	0.00595
67	0.00858	0.00502	0.00643	0.00670	0.00766	0.00475	0.00479	0.01011	0.04033	0.13207	0.02301	0.48107	0.04262	0.09509	0.00736	0.00204	0.00317	0.06073	0.05396	0.00451
68	0.05225	0.04122	0.02618	0.08653	0.07874	0.08916	0.19226	0.13537	0.03992	0.14287	0.01081	0.01243	0.00804	0.02480	0.00554	0.00153	0.03809	0.00440	0.00331	0.00654
69	0.01467	0.01346	0.01419	0.09866	0.18368	0.24702	0.03199	0.10217	0.03471	0.12836	0.04478	0.01240	0.00923	0.00512	0.00474	0.00137	0.02066	0.00411	0.00325	0.02545
70	0.34169	0.09140	0.01321	0.00948	0.01270	0.06970	0.12893	0.10576	0.01092	0.03608	0.00967	0.01156	0.02607	0.00598	0.03570	0.00161	0.00522	0.01965	0.02310	0.04155
71	0.00630	0.00520	0.02581	0.05925	0.03618	0.00478	0.00564	0.00768	0.01851	0.01239	0.03935	0.63770	0.06666	0.01294	0.00575	0.00182	0.00317	0.04266	0.00407	0.00414
72	0.00665	0.00498	0.00748	0.00748	0.00831	0.00582	0.00582	0.00831	0.00748	0.01080	0.01246	0.01828	0.01163	0.03489	0.81807	0.00748	0.01246	0.00498	0.00249	0.00415
73	0.01328	0.32329	0.22146	0.00998	0.01444	0.03210	0.02325	0.12711	0.03979	0.10885	0.01908	0.01059	0.00777	0.00473	0.00396	0.00127	0.00534	0.00350	0.02351	0.00669
74	0.01420	0.01118	0.03959	0.00997	0.02756	0.01126	0.02019	0.44395	0.03222	0.05679	0.03995	0.01542	0.06580	0.00631	0.01251	0.00142	0.03349	0.02300	0.00413	0.13108

[dist]
# distance from previous block
# <min> <max>
0	1

[block]
# block no. 3 follows, 55 sequences, length 21
# corresponding to MSA columns:
# 450-470
name=unknown_D
#
# <colnr> <probs for GDERKNQSTAVLIFYWHMCP>
#	G	D	E	R	K	N	Q	S	T	A	V	L	I	F	Y	W	H	M	C	P
0	0.00964	0.00801	0.01040	0.00929	0.01040	0.02412	0.00745	0.14182	0.00990	0.01400	0.01053	0.01508	0.00958	0.04357	0.43328	0.00482	0.22570	0.00462	0.00274	0.00502
1	0.00661	0.00518	0.00697	0.00862	0.10576	0.00484	0.00529	0.00791	0.00992	0.01328	0.12100	0.40156	0.19620	0.05119	0.00639	0.00181	0.00299	0.01021	0.02999	0.00430
2	0.01607	0.01961	0.01446	0.01248	0.01511	0.65090	0.10551	0.01766	0.01263	0.02935	0.00811	0.00964	0.00660	0.00569	0.03043	0.00145	0.00818	0.00344	0.02720	0.00549
3	0.00684	0.00455	0.00524	0.00522	0.00543	0.00451	0.00314	0.00725	0.00778	0.01068	0.11284	0.03095	0.02028	0.68005	0.02017	0.00393	0.00412	0.02505	0.03886	0.00311
4	0.00877	0.00686	0.00762	0.00708	0.00883	0.00701	0.00537	0.14330	0.14251	0.01734	0.14854	0.20627	0.25198	0.01009	0.00532	0.00160	0.00309	0.00864	0.00457	0.00521
5	0.05080	0.01124	0.03588	0.00937	0.01260	0.01185	0.00782	0.49650	0.09368	0.06226	0.04560	0.01354	0.01051	0.00572	0.00444	0.00138	0.00443	0.00442	0.11084	0.00712
6	0.04999	0.01024	0.01358	0.01020	0.01402	0.00988	0.12306	0.23434	0.05493	0.16907	0.01187	0.02345	0.00871	0.00489	0.00440	0.00125	0.00467	0.00419	0.00392	0.24333
7	0.00568	0.00457	0.00506	0.00525	0.00647	0.00396	0.00382	0.00691	0.01057	0.01322	0.14227	0.21524	0.53651	0.01209	0.00559	0.00163	0.00241	0.01038	0.00443	0.00396
8	0.01195	0.00954	0.01048	0.00808	0.01156	0.03299	0.00647	0.20330	0.07245	0.04327	0.10876	0.01386	0.01238	0.00504	0.00415	0.00106	0.00388	0.00406	0.00374	0.43299
9	0.04464	0.00804	0.01304	0.66051	0.05695	0.00975	0.01197	0.01177	0.00947	0.01264	0.01024	0.01713	0.00874	0.00563	0.00480	0.00161	0.00583	0.09972	0.00238	0.00513
10	0.01252	0.03719	0.03793	0.01124	0.07462	0.03444	0.08507	0.11657	0.05659	0.09733	0.02116	0.01161	0.00834	0.00464	0.00477	0.00118	0.04755	0.00382	0.00328	0.33013
11	0.00984	0.00763	0.05523	0.15409	0.12921	0.00693	0.00841	0.01184	0.01029	0.14510	0.06419	0.32608	0.03406	0.00893	0.00519	0.00163	0.00413	0.00800	0.00378	0.00544
12	0.00594	0.00424	0.00549	0.00634	0.00670	0.00399	0.00429	0.00680	0.00899	0.01195	0.05755	0.62458	0.05860	0.11599	0.00813	0.00220	0.00298	0.05734	0.00416	0.00372
13	0.00978	0.14282	0.69761	0.01249	0.01894	0.01191	0.01584	0.01462	0.00977	0.01418	0.00807	0.00948	0.00590	0.00436	0.00421	0.00140	0.00660	0.00330	0.00197	0.00674
14	0.01198	0.46385	0.17604	0.07245	0.03892	0.04543	0.06150	0.03787	0.01026	0.03210	0.00769	0.00909	0.00628	0.00424	0.00374	0.00121	0.00575	0.00316	0.00221	0.00623
15	0.00595	0.00423	0.00529	0.00599	0.00631	0.00399	0.00390	0.00662	0.00862	0.01141	0.04558	0.55798	0.08314	0.21634	0.01026	0.00250	0.00311	0.01126	0.00397	0.00357
16	0.02048	0.00855	0.01119	0.00858	0.01219	0.00778	0.00709	0.11798	0.01438	0.71390	0.01746	0.01526	0.01107	0.00574	0.00468	0.00143	0.00410	0.00462	0.00562	0.00792
17	0.02598	0.01263	0.08103	0.02256	0.06780	0.07249	0.02411	0.30054	0.07906	0.22107	0.03685	0.01326	0.00999	0.00549	0.00463	0.00142	0.00510	0.00437	0.00429	0.00734
18	0.22442	0.00893	0.04441	0.00959	0.03623	0.00821	0.09165	0.02791	0.01102	0.32937	0.02619	0.11383	0.01231	0.00644	0.00453	0.00153	0.00431	0.02865	0.00418	0.00631
19	0.01334	0.00755	0.00978	0.10909	0.01303	0.00766	0.00702	0.03579	0.16848	0.30876	0.15482	0.05613	0.04591	0.00706	0.00490	0.00151	0.00376	0.01546	0.02354	0.00641
20	0.01370	0.00667	0.00861	0.00742	0.00970	0.00611	0.00578	0.07562	0.01265	0.38092	0.12999	0.22735	0.07755	0.00893	0.00517	0.00156	0.00337	0.00769	0.00512	0.00610

[dist]
# distance from previous block
# <min> <max>
1	5

[block]
# block no. 4 follows, 55 sequences, length 30
# corresponding to MSA columns:
# 477-506
name=unknown_E
#
# <colnr> <probs for GDERKNQSTAVLIFYWHMCP>
#	G	D	E	R	K	N	Q	S	T	A	V	L	I	F	Y	W	H	M	C	P
0	0.08512	0.02678	0.05828	0.00940	0.01264	0.03008	0.00809	0.15926	0.08719	0.33011	0.01337	0.01301	0.00930	0.00607	0.01545	0.00155	0.09318	0.00420	0.00432	0.03261
1	0.43372	0.10817	0.02747	0.06179	0.01310	0.17727	0.04288	0.03745	0.01001	0.04054	0.00740	0.00865	0.00580	0.00446	0.00353	0.00135	0.00522	0.00298	0.00272	0.00549
2	0.01378	0.00866	0.01033	0.05188	0.04500	0.00916	0.00717	0.13708	0.24173	0.20614	0.05683	0.01645	0.01305	0.00590	0.00448	0.00142	0.00383	0.00486	0.15550	0.00678
3	0.07882	0.12110	0.01061	0.00727	0.00976	0.00883	0.00598	0.14825	0.01339	0.13783	0.27377	0.04856	0.10244	0.00750	0.00469	0.00141	0.00349	0.00614	0.00442	0.00573
4	0.05533	0.06360	0.16977	0.01089	0.01489	0.04433	0.08852	0.16410	0.04205	0.11168	0.02267	0.03780	0.00882	0.00529	0.00496	0.00138	0.04727	0.00423	0.00335	0.09906
5	0.01132	0.01127	0.01429	0.14869	0.06759	0.13645	0.12782	0.08534	0.09628	0.01502	0.02803	0.13292	0.01221	0.00679	0.00572	0.00157	0.06475	0.02502	0.00314	0.00575
6	0.00597	0.00473	0.00537	0.00521	0.00657	0.00413	0.00391	0.00759	0.01172	0.01523	0.37802	0.04040	0.47305	0.01079	0.00549	0.00152	0.00229	0.00920	0.00467	0.00413
7	0.01585	0.01185	0.05984	0.01134	0.04681	0.06168	0.04913	0.25019	0.07889	0.24011	0.01348	0.02713	0.00997	0.00601	0.00557	0.00151	0.06909	0.03018	0.00423	0.00714
8	0.01062	0.01029	0.01842	0.16670	0.33659	0.01052	0.20888	0.05902	0.01094	0.01500	0.01079	0.10037	0.00963	0.00539	0.00498	0.00151	0.00591	0.00546	0.00263	0.00634
9	0.00762	0.00557	0.00684	0.00638	0.00768	0.00539	0.00481	0.09262	0.01326	0.01830	0.54768	0.11648	0.09480	0.03198	0.00595	0.00160	0.00267	0.02090	0.00485	0.00463
10	0.00779	0.00549	0.00711	0.00681	0.00741	0.00605	0.00489	0.00909	0.03155	0.04574	0.08323	0.04829	0.01707	0.35951	0.23161	0.00441	0.08195	0.02130	0.01674	0.00396
11	0.01244	0.83930	0.02438	0.00796	0.01194	0.01841	0.00796	0.01393	0.00945	0.01095	0.00647	0.00746	0.00597	0.00398	0.00299	0.00100	0.00498	0.00249	0.00199	0.00597
12	0.01039	0.01137	0.02367	0.01713	0.02140	0.01049	0.63966	0.01385	0.01066	0.01467	0.01066	0.08161	0.00904	0.00477	0.00531	0.00150	0.00694	0.00585	0.00256	0.09847
13	0.00781	0.00680	0.00790	0.00777	0.00871	0.09310	0.00592	0.00929	0.00803	0.01072	0.01207	0.01817	0.01144	0.09455	0.66816	0.00657	0.01140	0.00491	0.00251	0.00418
14	0.00737	0.00630	0.00643	0.00701	0.00774	0.09174	0.00492	0.00883	0.03512	0.01289	0.07749	0.57932	0.05045	0.01230	0.00554	0.00173	0.00331	0.02818	0.04919	0.00415
15	0.06073	0.14812	0.05532	0.01126	0.01430	0.53763	0.03174	0.06460	0.01262	0.01318	0.00741	0.00856	0.00608	0.00465	0.00401	0.00122	0.00731	0.00306	0.00247	0.00572
16	0.00676	0.00455	0.00525	0.00525	0.00532	0.00461	0.00304	0.00688	0.00682	0.00915	0.01449	0.02954	0.01652	0.77665	0.08300	0.00473	0.00510	0.00663	0.00279	0.00292
17	0.00601	0.00490	0.00533	0.00520	0.00667	0.00431	0.00391	0.00788	0.03757	0.01453	0.26178	0.04101	0.56258	0.01095	0.00547	0.00154	0.00235	0.00927	0.00456	0.00417
18	0.01199	0.00856	0.00996	0.00847	0.01059	0.00946	0.00676	0.18387	0.19109	0.09168	0.22219	0.01968	0.01931	0.00706	0.00590	0.00150	0.09219	0.00559	0.08795	0.00621
19	0.01987	0.00563	0.02201	0.00679	0.00797	0.00517	0.00501	0.04352	0.04269	0.03865	0.04437	0.52840	0.02428	0.01129	0.00526	0.00165	0.00299	0.02413	0.09658	0.06376
20	0.01020	0.04524	0.61638	0.01444	0.06132	0.01136	0.09950	0.06042	0.01069	0.01552	0.00860	0.01021	0.00622	0.00441	0.00452	0.00146	0.00675	0.00371	0.00218	0.00687
21	0.01199	0.31669	0.06913	0.05161	0.01360	0.09920	0.00832	0.03331	0.01023	0.03626	0.00775	0.00911	0.00647	0.00428	0.00417	0.00106	0.04848	0.00296	0.00244	0.26292
22	0.06355	0.35597	0.04747	0.00904	0.01221	0.24465	0.00796	0.06191	0.01124	0.01307	0.01156	0.01253	0.09229	0.02059	0.00433	0.00127	0.01850	0.00367	0.00259	0.00561
23	0.00602	0.00435	0.00558	0.00643	0.00692	0.00409	0.00452	0.00697	0.00911	0.01193	0.02662	0.55226	0.11209	0.10310	0.00788	0.00217	0.00308	0.11895	0.00415	0.00376
24	0.00697	0.00451	0.00506	0.00506	0.00521	0.00453	0.00295	0.00725	0.00711	0.00997	0.01465	0.02868	0.01622	0.72361	0.04473	0.00423	0.00449	0.00645	0.09530	0.00302
25	0.01345	0.01197	0.05330	0.02512	0.01267	0.09760	0.00787	0.37415	0.08442	0.02150	0.08963	0.02713	0.09782	0.03093	0.00530	0.00151	0.00476	0.00529	0.02916	0.00643
26	0.00621	0.00449	0.00596	0.00690	0.00742	0.00432	0.00497	0.00770	0.03263	0.01284	0.06936	0.62765	0.03033	0.01374	0.00596	0.00190	0.00298	0.14627	0.00437	0.00401
27	0.15492	0.00957	0.02854	0.24500	0.08225	0.06237	0.04371	0.03638	0.01033	0.09950	0.01096	0.07595	0.00907	0.00543	0.00430	0.00143	0.00499	0.00455	0.06000	0.05074
28	0.00978	0.00914	0.01138	0.03584	0.01215	0.07515	0.07618	0.08212	0.01064	0.01405	0.01745	0.11570	0.12955	0.02443	0.04576	0.00194	0.16840	0.06478	0.00322	0.09235
29	0.02930	0.02595	0.01626	0.05579	0.06580	0.00966	0.25485	0.09529	0.01136	0.04292	0.01006	0.01222	0.00782	0.00536	0.03075	0.00147	0.02409	0.00426	0.09533	0.20147

[dist]
# distance from previous block
# <min> <max>
0	28

[block]
# block no. 5 follows, 55 sequences, length 59
# corresponding to MSA columns:
# 535-593
name=unknown_F
#
# <colnr> <probs for GDERKNQSTAVLIFYWHMCP>
#	G	D	E	R	K	N	Q	S	T	A	V	L	I	F	Y	W	H	M	C	P
0	0.03062	0.06258	0.07264	0.09859	0.07672	0.08917	0.00828	0.05245	0.04259	0.03367	0.06374	0.09601	0.15127	0.04215	0.00606	0.00161	0.04492	0.00607	0.00328	0.01758
1	0.01532	0.01161	0.01178	0.00959	0.01265	0.07631	0.00771	0.41746	0.15995	0.08983	0.05406	0.01541	0.04691	0.00613	0.00465	0.00141	0.00462	0.00480	0.04269	0.00710
2	0.00667	0.00489	0.00698	0.00698	0.00763	0.00554	0.00519	0.00799	0.00733	0.01043	0.01292	0.02082	0.01273	0.20217	0.65230	0.00686	0.01080	0.00536	0.00256	0.00388
3	0.00794	0.00689	0.04110	0.08525	0.03185	0.00718	0.00700	0.02216	0.04456	0.01318	0.17264	0.05839	0.03145	0.05394	0.20965	0.10108	0.09228	0.00587	0.00312	0.00447
4	0.01504	0.03018	0.04173	0.06387	0.02599	0.03976	0.09770	0.05822	0.08903	0.34365	0.03322	0.01566	0.01109	0.05968	0.02758	0.00183	0.03010	0.00481	0.00416	0.00671
5	0.00663	0.00494	0.00593	0.00636	0.00724	0.00469	0.00456	0.05732	0.01024	0.01325	0.04182	0.44822	0.22679	0.06964	0.00700	0.00197	0.00301	0.07208	0.00425	0.00407
6	0.01614	0.01990	0.01293	0.06392	0.01504	0.68546	0.00900	0.03599	0.01267	0.01174	0.00765	0.00975	0.00654	0.04177	0.00544	0.00140	0.03361	0.00330	0.00244	0.00532
7	0.01352	0.23296	0.01747	0.17409	0.14331	0.06566	0.01029	0.25667	0.01372	0.01757	0.00870	0.01030	0.00685	0.00469	0.00417	0.00130	0.00557	0.00364	0.00291	0.00660
8	0.08307	0.00837	0.00985	0.00753	0.01112	0.00729	0.00606	0.08271	0.01157	0.24246	0.01236	0.06431	0.00968	0.00507	0.00401	0.00110	0.00370	0.00408	0.00388	0.42177
9	0.02775	0.18069	0.05409	0.03350	0.15239	0.09759	0.10990	0.09943	0.05455	0.04014	0.01084	0.08525	0.00951	0.00593	0.01729	0.00147	0.00572	0.00471	0.00293	0.00632
10	0.01300	0.00791	0.00929	0.00797	0.01048	0.00806	0.00630	0.07914	0.25669	0.24448	0.15755	0.04224	0.09395	0.00746	0.00494	0.00151	0.00345	0.01847	0.02058	0.00653
11	0.07634	0.11029	0.03703	0.04837	0.17375	0.02358	0.03646	0.09163	0.19886	0.07557	0.01217	0.01400	0.00969	0.05852	0.00559	0.00161	0.00484	0.01168	0.00340	0.00662
12	0.01162	0.60664	0.19925	0.00956	0.01421	0.01617	0.03979	0.01409	0.00960	0.01204	0.00704	0.00823	0.00602	0.00406	0.00341	0.00112	0.00547	0.00282	0.00202	0.02684
13	0.01113	0.02886	0.19393	0.03313	0.06747	0.01052	0.08977	0.05628	0.24590	0.06273	0.08013	0.01644	0.01297	0.00636	0.01932	0.00163	0.02498	0.02824	0.00356	0.00666
14	0.01061	0.13055	0.39246	0.01299	0.06507	0.01088	0.11770	0.01433	0.01029	0.07811	0.01285	0.03911	0.07423	0.00532	0.00454	0.00143	0.00592	0.00457	0.00262	0.00644
15	0.00640	0.00607	0.05759	0.00666	0.00825	0.00480	0.00572	0.00814	0.01049	0.01327	0.06512	0.13491	0.40323	0.01186	0.00576	0.00177	0.00325	0.23831	0.00419	0.00422
16	0.02256	0.14014	0.43618	0.01292	0.01815	0.05311	0.13119	0.01512	0.05237	0.01427	0.01966	0.01055	0.00706	0.00464	0.00486	0.00143	0.04333	0.00377	0.00226	0.00646
17	0.08657	0.04057	0.17530	0.02864	0.06461	0.05536	0.02393	0.08878	0.09289	0.11419	0.08408	0.03027	0.03131	0.01922	0.00518	0.00152	0.03065	0.01706	0.00354	0.00635
18	0.00771	0.00647	0.04672	0.00660	0.00818	0.01708	0.00520	0.01024	0.08384	0.06495	0.12918	0.23597	0.27072	0.06385	0.00660	0.00182	0.00314	0.02280	0.00431	0.00463
19	0.00729	0.00545	0.00650	0.01955	0.00823	0.00526	0.00520	0.01014	0.08681	0.03032	0.21086	0.06381	0.28883	0.01050	0.00550	0.00165	0.00296	0.17779	0.04882	0.00455
20	0.05493	0.48037	0.12265	0.00953	0.01360	0.12183	0.03353	0.02899	0.01049	0.07474	0.00791	0.00877	0.00642	0.00433	0.00357	0.00116	0.00562	0.00297	0.00244	0.00616
21	0.02389	0.01051	0.01273	0.12698	0.15656	0.08050	0.02406	0.09472	0.22002	0.07516	0.05748	0.03611	0.04888	0.00601	0.00474	0.00148	0.00485	0.00510	0.00371	0.00652
22	0.00629	0.00530	0.00552	0.00541	0.00702	0.00484	0.00407	0.00890	0.10130	0.01380	0.10145	0.06771	0.62974	0.01107	0.00542	0.00157	0.00251	0.00930	0.00443	0.00435
23	0.01000	0.00554	0.00732	0.00653	0.00819	0.00505	0.00501	0.01219	0.02534	0.20665	0.55539	0.08130	0.03488	0.00889	0.00531	0.00149	0.00267	0.00778	0.00521	0.00524
24	0.05172	0.37223	0.06115	0.00935	0.02754	0.10751	0.00826	0.16739	0.01226	0.04492	0.00923	0.03759	0.00806	0.05835	0.00505	0.00142	0.00531	0.00368	0.00288	0.00612
25	0.42680	0.00994	0.00963	0.06622	0.01224	0.01128	0.00678	0.28856	0.01312	0.02289	0.00907	0.01009	0.00678	0.00489	0.00367	0.00140	0.00419	0.00339	0.08307	0.00600
26	0.00644	0.00463	0.00595	0.00675	0.00724	0.00446	0.00461	0.05696	0.00974	0.01300	0.02471	0.78062	0.02930	0.01400	0.00586	0.00186	0.00285	0.01264	0.00434	0.00404
27	0.00671	0.00450	0.00515	0.00519	0.00523	0.00451	0.00296	0.00679	0.00688	0.00919	0.01510	0.06613	0.01741	0.78041	0.04197	0.00446	0.00462	0.00701	0.00288	0.00289
28	0.01529	0.01023	0.01074	0.00860	0.01147	0.03765	0.00697	0.45567	0.01710	0.10269	0.01295	0.01339	0.00941	0.00553	0.00422	0.00130	0.00423	0.00424	0.26157	0.00676
29	0.00759	0.00552	0.00679	0.00627	0.00764	0.00525	0.00464	0.01054	0.09039	0.03779	0.51361	0.07494	0.05751	0.08771	0.00702	0.00174	0.00272	0.00779	0.00466	0.05988
30	0.00761	0.00603	0.05749	0.00616	0.00737	0.00495	0.00478	0.02007	0.00960	0.04974	0.11371	0.17438	0.12070	0.25507	0.01061	0.00243	0.00349	0.03524	0.10645	0.00412
31	0.01058	0.00570	0.00747	0.00657	0.00829	0.00522	0.00503	0.01275	0.03148	0.23396	0.49455	0.05574	0.03217	0.06173	0.00643	0.00167	0.00288	0.00737	0.00511	0.00530
32	0.01197	0.01014	0.01076	0.00941	0.01223	0.01147	0.00737	0.08938	0.68201	0.02003	0.01759	0.01633	0.01319	0.00607	0.00464	0.00151	0.00379	0.00501	0.00460	0.06252
33	0.00719	0.00523	0.00678	0.00738	0.00837	0.00505	0.00561	0.00943	0.06972	0.02775	0.02358	0.47337	0.02645	0.01256	0.00581	0.00185	0.00331	0.23667	0.00427	0.05962
34	0.65835	0.04700	0.00900	0.04372	0.03491	0.05716	0.00619	0.02748	0.00895	0.06144	0.00738	0.00844	0.00565	0.00444	0.00322	0.00141	0.00415	0.00281	0.00294	0.00538
35	0.01166	0.00830	0.00941	0.00823	0.01045	0.04222	0.02121	0.06839	0.23325	0.14391	0.19770	0.03450	0.08386	0.00762	0.00524	0.00152	0.02520	0.03857	0.04271	0.00606
36	0.00639	0.00485	0.00588	0.00569	0.00690	0.00443	0.00425	0.00848	0.03100	0.01653	0.52371	0.06950	0.25098	0.02129	0.00575	0.00156	0.00236	0.02136	0.00482	0.00429
37	0.00965	0.00827	0.00965	0.00689	0.01102	0.00620	0.00551	0.01171	0.00965	0.01516	0.00827	0.00965	0.00689	0.00345	0.00345	0.00069	0.00345	0.00276	0.00276	0.86494
38	0.00576	0.00473	0.00514	0.00508	0.00650	0.00413	0.00381	0.00711	0.01073	0.01334	0.16203	0.04121	0.62121	0.02666	0.06000	0.00200	0.00304	0.00923	0.00430	0.00400
39	0.00550	0.00471	0.00471	0.00471	0.00628	0.00393	0.00353	0.00668	0.01060	0.01257	0.04713	0.04477	0.80560	0.01178	0.00550	0.00157	0.00236	0.00982	0.00432	0.00393
40	0.00879	0.00827	0.01395	0.82532	0.03204	0.01034	0.01292	0.01189	0.00930	0.01189	0.00827	0.01240	0.00620	0.00465	0.00465	0.00155	0.00620	0.00413	0.00207	0.00517
41	0.01186	0.00640	0.00693	0.00601	0.00790	0.00653	0.00474	0.15822	0.01246	0.11718	0.01482	0.01600	0.01112	0.00549	0.00369	0.00119	0.00294	0.00435	0.59674	0.00544
42	0.01091	0.00836	0.01046	0.00777	0.01157	0.00677	0.04090	0.04476	0.02362	0.09468	0.01081	0.06690	0.00915	0.00459	0.00390	0.00093	0.00371	0.00389	0.00325	0.63305
43	0.01001	0.00965	0.01662	0.43043	0.29168	0.01058	0.08518	0.01327	0.02889	0.01359	0.00879	0.01213	0.00689	0.00441	0.00467	0.00146	0.00596	0.00424	0.00226	0.03928
44	0.69657	0.04872	0.00870	0.04312	0.01076	0.07705	0.00596	0.03693	0.00889	0.01949	0.00675	0.00794	0.00530	0.00439	0.00312	0.00140	0.00422	0.00268	0.00281	0.00520
45	0.27031	0.01571	0.01101	0.00968	0.01244	0.40897	0.00752	0.07065	0.04442	0.09595	0.00885	0.00945	0.00673	0.00487	0.00391	0.00132	0.00611	0.00320	0.00313	0.00579
46	0.01893	0.00813	0.01070	0.00812	0.01181	0.00696	0.00668	0.04419	0.01297	0.65607	0.01648	0.01467	0.01065	0.00537	0.00447	0.00131	0.00391	0.00435	0.00523	0.14899
47	0.02073	0.00814	0.01094	0.00838	0.01199	0.00717	0.00693	0.05677	0.01369	0.77608	0.01804	0.01563	0.01136	0.00575	0.00468	0.00144	0.00401	0.00466	0.00571	0.00792
48	0.00959	0.02370	0.79446	0.01315	0.01995	0.01072	0.01696	0.01491	0.00990	0.03255	0.00857	0.00996	0.00602	0.00445	0.00443	0.00147	0.00681	0.00347	0.00205	0.00690
49	0.00790	0.00588	0.00856	0.04479	0.01077	0.00600	0.04105	0.00983	0.01025	0.03743	0.02344	0.11122	0.07627	0.04867	0.00729	0.00211	0.03889	0.50123	0.00399	0.00442
50	0.00641	0.00475	0.00598	0.00567	0.00685	0.00432	0.00425	0.00845	0.01276	0.01770	0.68548	0.03633	0.16405	0.00987	0.00549	0.00148	0.00222	0.00863	0.00499	0.00432
51	0.02056	0.00841	0.01110	0.00851	0.01212	0.00757	0.00703	0.09700	0.01414	0.73521	0.01766	0.01538	0.01117	0.00574	0.00468	0.00144	0.00407	0.00463	0.00565	0.00792
52	0.01148	0.01252	0.20229	0.09562	0.12278	0.00958	0.06021	0.10158	0.05061	0.11042	0.08556	0.07615	0.02830	0.00612	0.00484	0.00150	0.00516	0.00536	0.00344	0.00648
53	0.01226	0.01015	0.01740	0.07657	0.48603	0.01006	0.10112	0.01514	0.02517	0.12721	0.01143	0.04471	0.00940	0.00506	0.00482	0.00147	0.00544	0.02664	0.00296	0.00695
54	0.00569	0.00409	0.00540	0.00641	0.00674	0.00380	0.00430	0.00654	0.00907	0.01207	0.04667	0.79016	0.05310	0.01436	0.00591	0.00187	0.00268	0.01300	0.00434	0.00380
55	0.04087	0.65517	0.11311	0.00847	0.01257	0.04162	0.00875	0.01402	0.00957	0.01201	0.00709	0.00820	0.00619	0.00413	0.00320	0.00108	0.00513	0.00270	0.04016	0.00595
56	0.01254	0.01024	0.01721	0.13888	0.32772	0.01039	0.14339	0.07016	0.03808	0.12969	0.01144	0.04944	0.00906	0.00505	0.00484	0.00148	0.00558	0.00490	0.00311	0.00681
57	0.01108	0.01061	0.01810	0.15506	0.68436	0.01094	0.01406	0.01390	0.01039	0.01467	0.00867	0.01166	0.00718	0.00423	0.00461	0.00141	0.00563	0.00414	0.00227	0.00702
58	0.00574	0.00424	0.00536	0.00622	0.00676	0.00389	0.00429	0.00666	0.00925	0.01203	0.02930	0.63893	0.17185	0.03048	0.00624	0.00189	0.00274	0.04604	0.00429	0.00381

[dist]
# distance from previous block
# <min> <max>
13	24

[block]
# block no. 6 follows, 55 sequences, length 38
# corresponding to MSA columns:
# 652-689
name=unknown_G
#
# <colnr> <probs for GDERKNQSTAVLIFYWHMCP>
#	G	D	E	R	K	N	Q	S	T	A	V	L	I	F	Y	W	H	M	C	P
0	0.08798	0.00999	0.01262	0.03940	0.01361	0.07871	0.13076	0.12582	0.05435	0.12729	0.10338	0.12115	0.02588	0.00690	0.00513	0.00151	0.02651	0.00596	0.00391	0.01915
1	0.02473	0.07050	0.01000	0.00769	0.00977	0.04414	0.00589	0.15840	0.09773	0.08676	0.05169	0.08054	0.04442	0.20824	0.01931	0.01993	0.00439	0.00579	0.00380	0.04627
2	0.06975	0.01159	0.02817	0.02384	0.01384	0.03228	0.05265	0.43291	0.02853	0.04537	0.01284	0.01323	0.06231	0.00550	0.00459	0.00132	0.01559	0.00431	0.00394	0.13744
3	0.03826	0.00641	0.00796	0.00770	0.03096	0.00663	0.04039	0.08006	0.08370	0.01349	0.01764	0.20564	0.04598	0.36538	0.02701	0.00298	0.00429	0.00764	0.00352	0.00435
4	0.01221	0.01249	0.06718	0.05383	0.03326	0.01193	0.38000	0.20580	0.02764	0.01830	0.03234	0.01246	0.00828	0.00482	0.00561	0.00150	0.05371	0.00482	0.00301	0.05082
5	0.00888	0.00837	0.01413	0.79669	0.05991	0.01036	0.01297	0.01197	0.00935	0.01201	0.00829	0.01237	0.00624	0.00463	0.00465	0.00154	0.00618	0.00413	0.00208	0.00525
6	0.06050	0.00831	0.00948	0.00684	0.01091	0.00645	0.00548	0.01183	0.00954	0.01550	0.00816	0.00952	0.00678	0.00350	0.00341	0.00073	0.00345	0.00274	0.00276	0.81408
7	0.00607	0.00442	0.00573	0.00612	0.00685	0.00408	0.00434	0.00752	0.01086	0.01481	0.35409	0.42275	0.09672	0.01220	0.00572	0.00169	0.00249	0.02484	0.00465	0.00406
8	0.00569	0.00406	0.00539	0.00644	0.00671	0.00380	0.00428	0.00648	0.00886	0.01181	0.02538	0.81420	0.03044	0.03429	0.00636	0.00195	0.00274	0.01307	0.00428	0.00376
9	0.00791	0.00493	0.00579	0.00551	0.00695	0.00442	0.00415	0.00961	0.01142	0.09528	0.27890	0.09558	0.29417	0.00964	0.00508	0.00147	0.00246	0.00823	0.14394	0.00453
10	0.00560	0.00447	0.00502	0.00541	0.00648	0.00389	0.00386	0.00668	0.01006	0.01252	0.06552	0.33792	0.49074	0.01274	0.00566	0.00169	0.00248	0.01104	0.00435	0.00389
11	0.02930	0.00467	0.00595	0.00640	0.00704	0.00444	0.00442	0.00826	0.00926	0.07084	0.08726	0.49793	0.02703	0.16436	0.00902	0.00230	0.00319	0.05014	0.00418	0.00401
12	0.01244	0.83930	0.02438	0.00796	0.01194	0.01841	0.00796	0.01393	0.00945	0.01095	0.00647	0.00746	0.00597	0.00398	0.00299	0.00100	0.00498	0.00249	0.00199	0.00597
13	0.00879	0.00827	0.01395	0.82532	0.03204	0.01034	0.01292	0.01189	0.00930	0.01189	0.00827	0.01240	0.00620	0.00465	0.00465	0.00155	0.00620	0.00413	0.00207	0.00517
14	0.04716	0.07396	0.01354	0.01125	0.01386	0.63086	0.00865	0.06282	0.07128	0.01332	0.00821	0.00912	0.00667	0.00488	0.00413	0.00123	0.00746	0.00318	0.00269	0.00571
15	0.00677	0.00490	0.00605	0.00597	0.00702	0.00452	0.01626	0.00810	0.01041	0.03402	0.23616	0.09834	0.25512	0.19000	0.00955	0.00226	0.00314	0.09320	0.00421	0.00398
16	0.01198	0.71901	0.14066	0.00874	0.01315	0.01729	0.00932	0.01405	0.00951	0.01150	0.00675	0.00781	0.00596	0.00404	0.00320	0.00107	0.00526	0.00263	0.00199	0.00610
17	0.00596	0.00427	0.00562	0.00660	0.00700	0.00403	0.00461	0.00691	0.00907	0.01199	0.02563	0.65746	0.05719	0.06287	0.00703	0.00207	0.00300	0.11066	0.00423	0.00379
18	0.04264	0.00776	0.00952	0.00767	0.01058	0.00730	0.00620	0.12509	0.02600	0.41818	0.11893	0.03550	0.10940	0.00698	0.00478	0.00144	0.00361	0.00573	0.02709	0.02558
19	0.01093	0.00879	0.00977	0.00819	0.01105	0.00896	0.00647	0.10961	0.32648	0.03561	0.12707	0.01920	0.05363	0.00635	0.00458	0.00133	0.00354	0.02264	0.00428	0.22153
20	0.09333	0.00670	0.00822	0.00775	0.01004	0.00615	0.00652	0.01139	0.01023	0.06618	0.01763	0.05768	0.01789	0.00882	0.00507	0.00159	0.00390	0.39710	0.00379	0.26005
21	0.00580	0.00425	0.00531	0.00601	0.00653	0.00391	0.00405	0.00669	0.00928	0.01218	0.08041	0.57166	0.16258	0.08933	0.00746	0.00205	0.00277	0.01173	0.00423	0.00376
22	0.01335	0.01185	0.01646	0.04208	0.01598	0.03649	0.15327	0.28747	0.01341	0.03469	0.00886	0.01111	0.00703	0.00620	0.00882	0.00167	0.31743	0.00436	0.00310	0.00637
23	0.01018	0.01018	0.01425	0.01221	0.01221	0.01425	0.01018	0.01120	0.00712	0.01120	0.00611	0.01018	0.00611	0.00814	0.01527	0.00204	0.82799	0.00407	0.00204	0.00509
24	0.07846	0.12813	0.01346	0.00943	0.01268	0.01339	0.00780	0.30110	0.32874	0.03912	0.01341	0.01294	0.01001	0.00556	0.00432	0.00142	0.00439	0.00426	0.00420	0.00720
