[name]
unknown

[dist]
# distance from previous block
# <min> <max>
0	87

[block]
# block no. 0 follows, 55 sequences, length 13
# corresponding to MSA columns:
# 95-107
name=unknown_A
#
# <colnr> <probs for GDERKNQSTAVLIFYWHMCP>
#	G	D	E	R	K	N	Q	S	T	A	V	L	I	F	Y	W	H	M	C	P
0	0.07315	0.00985	0.01112	0.02561	0.01240	0.09724	0.02781	0.09463	0.02442	0.38208	0.05126	0.04068	0.01302	0.00661	0.00522	0.00152	0.04150	0.07071	0.00455	0.00663
1	0.01255	0.70467	0.02217	0.00808	0.01185	0.01710	0.00781	0.08820	0.01089	0.01322	0.05993	0.00963	0.00867	0.00450	0.00331	0.00106	0.00480	0.00304	0.00245	0.00605
2	0.00867	0.06991	0.00798	0.00632	0.00789	0.00567	0.00490	0.01049	0.01210	0.11918	0.47028	0.13877	0.10104	0.00947	0.00525	0.00149	0.00272	0.00824	0.00478	0.00485
3	0.01056	0.00882	0.01455	0.42361	0.20490	0.00999	0.03548	0.01321	0.00988	0.08942	0.01031	0.05577	0.00842	0.00539	0.00541	0.00154	0.06015	0.00471	0.02201	0.00587
4	0.01199	0.55741	0.19407	0.01005	0.01468	0.01608	0.06195	0.06220	0.01040	0.01316	0.00736	0.00854	0.00615	0.00417	0.00356	0.00116	0.00558	0.00300	0.00217	0.00631
5	0.00736	0.00621	0.00618	0.00622	0.00768	0.06749	0.00478	0.00876	0.01099	0.04155	0.10779	0.11669	0.46217	0.01123	0.00554	0.00164	0.00317	0.11599	0.00429	0.00426
6	0.06314	0.00453	0.00555	0.00626	0.00689	0.00434	0.00433	0.00726	0.00936	0.01314	0.10048	0.60613	0.09010	0.03386	0.00611	0.00186	0.00276	0.02572	0.00426	0.00392
7	0.15053	0.13736	0.20735	0.01046	0.01437	0.12876	0.06149	0.07430	0.08642	0.01587	0.00932	0.01128	0.00754	0.05987	0.00532	0.00157	0.00575	0.00367	0.00273	0.00605
8	0.08993	0.00571	0.00658	0.00684	0.00792	0.00583	0.00495	0.06093	0.07136	0.01481	0.06338	0.48299	0.08326	0.01189	0.00587	0.03329	0.00307	0.03275	0.00419	0.00445
9	0.07095	0.08141	0.19650	0.07452	0.08595	0.03592	0.01020	0.06481	0.07038	0.02723	0.00916	0.01047	0.00710	0.00436	0.00401	0.00121	0.00506	0.00342	0.00273	0.23461
10	0.11095	0.03669	0.08840	0.08677	0.12623	0.03403	0.04096	0.06845	0.10729	0.04334	0.04567	0.01388	0.02615	0.00512	0.00431	0.00135	0.00481	0.01968	0.00316	0.13276
11	0.06796	0.08130	0.04163	0.03621	0.01375	0.07389	0.06867	0.08698	0.13002	0.09269	0.02413	0.03245	0.00935	0.00540	0.00521	0.00136	0.07656	0.00418	0.00336	0.14492
12	0.08948	0.04196	0.09797	0.00894	0.01256	0.03344	0.03114	0.09194	0.13774	0.09940	0.03292	0.01442	0.06221	0.00540	0.00442	0.00129	0.01944	0.00426	0.00359	0.20750

[dist]
# distance from previous block
# <min> <max>
9	41

[block]
# block no. 1 follows, 55 sequences, length 20
# corresponding to MSA columns:
# 153-172
name=unknown_B
#
# <colnr> <probs for GDERKNQSTAVLIFYWHMCP>
#	G	D	E	R	K	N	Q	S	T	A	V	L	I	F	Y	W	H	M	C	P
0	0.08920	0.04882	0.17596	0.02858	0.06909	0.03571	0.01789	0.05338	0.03077	0.22003	0.03915	0.05330	0.01865	0.00560	0.00465	0.00140	0.02589	0.00447	0.00357	0.07389
1	0.06452	0.00846	0.00975	0.03512	0.04204	0.03519	0.02136	0.06953	0.09144	0.08231	0.10291	0.01937	0.13274	0.00705	0.02703	0.00143	0.00402	0.00516	0.00378	0.23680
2	0.01053	0.00896	0.03632	0.08042	0.06906	0.02350	0.07201	0.11007	0.04828	0.05660	0.13355	0.07018	0.01599	0.11223	0.00732	0.00179	0.01509	0.00568	0.00354	0.11890
3	0.01195	0.00944	0.01477	0.21505	0.35283	0.00963	0.01129	0.03725	0.02759	0.12613	0.04109	0.01315	0.00919	0.00471	0.00454	0.00137	0.00507	0.00426	0.00301	0.09768
4	0.01203	0.11715	0.01694	0.24584	0.31199	0.08151	0.01185	0.09738	0.03447	0.01503	0.00874	0.01111	0.00700	0.00454	0.00439	0.00137	0.00579	0.00387	0.00253	0.00646
5	0.00866	0.00714	0.00848	0.00722	0.00997	0.00615	0.00568	0.01166	0.09406	0.01470	0.01629	0.15532	0.05133	0.00789	0.02231	0.00136	0.00360	0.10389	0.00349	0.46080
6	0.18390	0.12180	0.27791	0.03952	0.13733	0.01191	0.01153	0.09721	0.01077	0.01704	0.00809	0.00954	0.00623	0.00439	0.00394	0.00135	0.00539	0.00331	0.00253	0.04630
7	0.63214	0.00869	0.00821	0.00863	0.09400	0.00990	0.00595	0.01276	0.00802	0.01835	0.00775	0.01101	0.00685	0.11070	0.00623	0.00185	0.03787	0.00330	0.00277	0.00501
8	0.00769	0.00564	0.00708	0.00738	0.00856	0.00557	0.00584	0.09189	0.01166	0.01539	0.12304	0.27506	0.12171	0.01204	0.00586	0.00183	0.00342	0.28140	0.00444	0.00449
9	0.01393	0.09923	0.01526	0.03971	0.13341	0.03110	0.02595	0.14698	0.05012	0.15442	0.01040	0.01165	0.00797	0.00568	0.00690	0.00149	0.19637	0.00405	0.00334	0.04205
10	0.00997	0.01004	0.01339	0.63398	0.02754	0.11299	0.01163	0.01272	0.00983	0.01217	0.00813	0.01160	0.00625	0.00454	0.00446	0.00141	0.00619	0.00384	0.00218	0.09712
11	0.00985	0.02090	0.62536	0.01481	0.11980	0.01092	0.01577	0.01574	0.09430	0.01530	0.00953	0.01084	0.00697	0.00459	0.00448	0.00147	0.00636	0.00372	0.00230	0.00699
12	0.00723	0.00509	0.00656	0.00629	0.00759	0.00451	0.00460	0.00893	0.01131	0.04669	0.41492	0.29508	0.03357	0.01027	0.00534	0.00150	0.00259	0.00914	0.00458	0.11419
13	0.00791	0.00588	0.00910	0.00793	0.00915	0.00589	0.10983	0.00900	0.00821	0.04782	0.01644	0.02401	0.09741	0.29514	0.25699	0.06928	0.00706	0.00608	0.00289	0.00398
14	0.08157	0.01097	0.01292	0.01356	0.19880	0.11271	0.00891	0.08665	0.01296	0.37993	0.01326	0.01347	0.00930	0.00526	0.00449	0.00140	0.00497	0.01751	0.00418	0.00718
15	0.00716	0.00636	0.00639	0.00718	0.00772	0.10771	0.00491	0.00802	0.00945	0.01181	0.02329	0.72813	0.02761	0.01333	0.00572	0.00180	0.00343	0.01192	0.00407	0.00398
16	0.12267	0.00593	0.00671	0.00677	0.00800	0.00625	0.00505	0.01027	0.10253	0.01491	0.12352	0.31810	0.13955	0.01180	0.04331	0.00196	0.03730	0.02670	0.00410	0.00455
17	0.43881	0.03137	0.00825	0.00696	0.00915	0.02814	0.01560	0.09211	0.00939	0.01769	0.02048	0.01332	0.00867	0.12209	0.11572	0.03205	0.00525	0.00381	0.01631	0.00484
18	0.11579	0.15267	0.07577	0.03260	0.02598	0.14006	0.00870	0.20930	0.08717	0.04900	0.00984	0.01079	0.00763	0.02439	0.00462	0.00140	0.01486	0.00361	0.00327	0.02256
19	0.01246	0.19447	0.05460	0.05923	0.03134	0.24580	0.00804	0.05848	0.01128	0.03897	0.05881	0.06561	0.02207	0.11182	0.00671	0.00170	0.00572	0.00467	0.00287	0.00535

[dist]
# distance from previous block
# <min> <max>
0	6

[block]
# block no. 2 follows, 55 sequences, length 6
# corresponding to MSA columns:
# 180-185
name=unknown_C
#
# <colnr> <probs for GDERKNQSTAVLIFYWHMCP>
#	G	D	E	R	K	N	Q	S	T	A	V	L	I	F	Y	W	H	M	C	P
0	0.01109	0.00987	0.10627	0.00802	0.01180	0.00727	0.00723	0.01398	0.05425	0.14643	0.01515	0.01541	0.10484	0.00534	0.00465	0.00113	0.04323	0.00422	0.00342	0.42639
1	0.01353	0.10943	0.01253	0.00813	0.01202	0.00968	0.00678	0.17508	0.04324	0.14644	0.01069	0.01100	0.00802	0.00444	0.00389	0.00103	0.00407	0.00343	0.00362	0.41297
2	0.00604	0.00450	0.00569	0.00637	0.00715	0.00415	0.00469	0.00731	0.01006	0.01312	0.11621	0.43611	0.20569	0.01310	0.00587	0.00181	0.00283	0.14093	0.00440	0.00396
3	0.01244	0.00713	0.00912	0.00798	0.01010	0.00702	0.00641	0.10724	0.01243	0.24876	0.11897	0.10411	0.04451	0.03997	0.04581	0.00199	0.04354	0.11956	0.00455	0.04837
4	0.00965	0.03456	0.00931	0.00705	0.01026	0.00680	0.00561	0.01287	0.10526	0.05335	0.05880	0.05794	0.09444	0.00595	0.00418	0.00108	0.00336	0.02825	0.00353	0.48775
5	0.01268	0.01247	0.13430	0.02975	0.01443	0.03740	0.04657	0.15199	0.31740	0.08654	0.03232	0.01484	0.01131	0.00791	0.06703	0.00195	0.00549	0.00471	0.00397	0.00695

[dist]
# distance from previous block
# <min> <max>
6	22

[block]
# block no. 3 follows, 55 sequences, length 21
# corresponding to MSA columns:
# 209-229
name=unknown_D
#
# <colnr> <probs for GDERKNQSTAVLIFYWHMCP>
#	G	D	E	R	K	N	Q	S	T	A	V	L	I	F	Y	W	H	M	C	P
0	0.06478	0.06525	0.01042	0.06965	0.04911	0.00753	0.03148	0.01238	0.05022	0.11046	0.04126	0.22759	0.07142	0.00794	0.00471	0.00145	0.00379	0.02318	0.00370	0.14367
1	0.31033	0.00975	0.00993	0.02791	0.01164	0.03557	0.01946	0.19989	0.01261	0.10895	0.03429	0.04476	0.03367	0.00547	0.00398	0.00135	0.00415	0.00412	0.00373	0.11844
2	0.03249	0.01008	0.04512	0.22399	0.08526	0.04783	0.00960	0.14917	0.05983	0.09455	0.03249	0.02403	0.01101	0.03186	0.00527	0.00158	0.00509	0.06848	0.04037	0.02190
3	0.10934	0.05946	0.03467	0.11784	0.27731	0.01114	0.04723	0.14415	0.01172	0.01723	0.00935	0.04343	0.00783	0.00509	0.00464	0.02094	0.00514	0.00418	0.00282	0.06650
4	0.07548	0.01141	0.10854	0.09564	0.22033	0.00983	0.02816	0.09275	0.01137	0.08310	0.03050	0.01168	0.00815	0.00459	0.00447	0.00130	0.01897	0.00386	0.00297	0.17691
5	0.01253	0.00787	0.01225	0.05333	0.15740	0.00745	0.07311	0.01511	0.02777	0.26257	0.28190	0.02095	0.02108	0.00650	0.00499	0.00144	0.00407	0.00587	0.00438	0.01943
6	0.01105	0.00748	0.01123	0.30991	0.08082	0.00774	0.00888	0.01348	0.01121	0.18711	0.18705	0.01929	0.05303	0.00617	0.00479	0.00143	0.00441	0.00536	0.00371	0.06585
7	0.01126	0.01023	0.01434	0.07960	0.26164	0.04805	0.04166	0.02844	0.07081	0.04861	0.04965	0.01272	0.00949	0.00508	0.00576	0.00135	0.10652	0.00417	0.00287	0.18777
8	0.00785	0.00417	0.00617	0.00617	0.00627	0.00427	0.00418	0.00635	0.00626	0.00844	0.00892	0.01544	0.00893	0.05971	0.11025	0.72288	0.00503	0.00429	0.00211	0.00231
9	0.03716	0.01359	0.24237	0.07451	0.18910	0.00972	0.14716	0.01414	0.01063	0.08142	0.05683	0.01522	0.06503	0.00521	0.00476	0.00147	0.00571	0.00481	0.01475	0.00640
10	0.00855	0.00514	0.00801	0.01769	0.07424	0.00507	0.03031	0.00786	0.00741	0.03606	0.01140	0.10921	0.01170	0.03928	0.01434	0.56695	0.00418	0.03688	0.00256	0.00315
11	0.01052	0.00772	0.01143	0.22507	0.06491	0.00845	0.03390	0.01417	0.11187	0.12777	0.02975	0.11888	0.01554	0.00795	0.00569	0.00170	0.04350	0.15181	0.00370	0.00566
12	0.01091	0.00873	0.01075	0.00840	0.04338	0.00709	0.02511	0.06513	0.01075	0.06356	0.00935	0.02152	0.00758	0.00392	0.00373	0.00085	0.00377	0.00323	0.00306	0.68920
13	0.00668	0.00452	0.00505	0.00505	0.00516	0.00447	0.00287	0.00676	0.00703	0.00927	0.01693	0.03145	0.07208	0.77882	0.02241	0.00430	0.00436	0.00698	0.00292	0.00290
14	0.01248	0.06855	0.03332	0.03352	0.18617	0.01156	0.03183	0.11390	0.32865	0.06504	0.02353	0.04746	0.01163	0.00577	0.00464	0.00147	0.00457	0.00495	0.00385	0.00709
15	0.01659	0.01994	0.01319	0.01168	0.01410	0.65589	0.00892	0.08836	0.01341	0.01316	0.00752	0.00882	0.00621	0.00505	0.00498	0.00125	0.06522	0.00317	0.00259	0.03993
16	0.03317	0.01056	0.05314	0.00851	0.01255	0.00919	0.00725	0.24465	0.03787	0.07049	0.01007	0.01069	0.00762	0.00439	0.00396	0.00103	0.00417	0.00341	0.00353	0.46374
17	0.08230	0.00840	0.01068	0.00832	0.01183	0.00778	0.00685	0.06830	0.05051	0.66869	0.01708	0.01502	0.01095	0.00567	0.00455	0.00144	0.00399	0.00452	0.00543	0.00768
18	0.00890	0.00843	0.01398	0.75742	0.03039	0.01066	0.01269	0.01183	0.00912	0.01183	0.00809	0.01222	0.00619	0.00494	0.00554	0.00159	0.07483	0.00413	0.00206	0.00516
19	0.07903	0.07782	0.06396	0.05339	0.23509	0.04336	0.02434	0.12228	0.09850	0.05750	0.01018	0.01134	0.00786	0.00465	0.00424	0.00132	0.00506	0.00384	0.00310	0.09313
20	0.04135	0.74254	0.02267	0.00793	0.01184	0.01718	0.00777	0.01465	0.00972	0.07806	0.00746	0.00816	0.00640	0.00414	0.00312	0.00105	0.00484	0.00267	0.00233	0.00610

[dist]
# distance from previous block
# <min> <max>
2	14

[block]
# block no. 4 follows, 55 sequences, length 10
# corresponding to MSA columns:
# 246-255
name=unknown_E
#
# <colnr> <probs for GDERKNQSTAVLIFYWHMCP>
#	G	D	E	R	K	N	Q	S	T	A	V	L	I	F	Y	W	H	M	C	P
0	0.00862	0.00782	0.02643	0.03583	0.05788	0.00746	0.14907	0.02492	0.08218	0.03078	0.21983	0.02943	0.18924	0.00832	0.00557	0.00159	0.01927	0.08653	0.00396	0.00527
1	0.00602	0.00420	0.00529	0.00603	0.00621	0.00401	0.00384	0.00657	0.00822	0.01096	0.02212	0.57614	0.02633	0.27796	0.01162	0.00273	0.00328	0.01116	0.00384	0.00347
2	0.05796	0.00870	0.01153	0.08135	0.10472	0.06450	0.02320	0.01094	0.00828	0.01195	0.00926	0.01408	0.00859	0.06031	0.25738	0.04809	0.20762	0.00437	0.00233	0.00483
3	0.01018	0.01018	0.01425	0.01221	0.01221	0.01425	0.01018	0.01120	0.00712	0.01120	0.00611	0.01018	0.00611	0.00814	0.01527	0.00204	0.82799	0.00407	0.00204	0.00509
4	0.00800	0.00410	0.00615	0.00615	0.00619	0.00415	0.00415	0.00619	0.00615	0.00824	0.00834	0.01439	0.00829	0.01728	0.06592	0.81348	0.00454	0.00410	0.00205	0.00215
5	0.00986	0.00870	0.05402	0.34394	0.14055	0.00865	0.04038	0.01271	0.01086	0.08491	0.19646	0.01783	0.01587	0.00579	0.00482	0.00148	0.00495	0.00521	0.02734	0.00567
6	0.00904	0.00844	0.01396	0.65690	0.11926	0.00994	0.01234	0.01196	0.00946	0.01245	0.00896	0.04199	0.00727	0.00488	0.00462	0.00149	0.00584	0.00439	0.00222	0.05459
7	0.02595	0.00783	0.02813	0.01107	0.13886	0.00733	0.03730	0.01399	0.04290	0.19952	0.22551	0.02271	0.10875	0.00713	0.00543	0.00146	0.04616	0.00607	0.04108	0.02282
8	0.04673	0.09391	0.05433	0.05567	0.01340	0.01005	0.03985	0.14851	0.08363	0.21525	0.09168	0.01621	0.02916	0.04139	0.00532	0.00152	0.00446	0.00477	0.00410	0.04006
9	0.03699	0.35026	0.17107	0.01105	0.05562	0.09331	0.04347	0.05947	0.04814	0.03311	0.00928	0.05191	0.00796	0.00495	0.00394	0.00127	0.00559	0.00377	0.00258	0.00626

[dist]
# distance from previous block
# <min> <max>
0	42

[block]
# block no. 5 follows, 55 sequences, length 12
# corresponding to MSA columns:
# 298-309
name=unknown_F
#
# <colnr> <probs for GDERKNQSTAVLIFYWHMCP>
#	G	D	E	R	K	N	Q	S	T	A	V	L	I	F	Y	W	H	M	C	P
0	0.18126	0.22097	0.04537	0.00853	0.01180	0.05203	0.03771	0.08118	0.07448	0.07104	0.02856	0.04242	0.05480	0.00568	0.00399	0.00133	0.00452	0.02402	0.00328	0.04703
1	0.11299	0.06082	0.14327	0.01474	0.21713	0.01069	0.05640	0.08006	0.07294	0.08636	0.06546	0.03764	0.01091	0.00530	0.00445	0.00143	0.00499	0.00452	0.00324	0.00665
2	0.01006	0.31512	0.19163	0.00973	0.06502	0.01153	0.00918	0.01270	0.01028	0.01418	0.13890	0.01448	0.03206	0.00523	0.00394	0.00119	0.00458	0.00410	0.06185	0.08425
3	0.00909	0.00819	0.07588	0.00861	0.01052	0.00796	0.00737	0.16644	0.01057	0.01485	0.01186	0.01614	0.01040	0.02646	0.58666	0.00575	0.01052	0.00470	0.00288	0.00514
4	0.01153	0.00988	0.06725	0.04191	0.04519	0.00830	0.07729	0.08154	0.04512	0.11112	0.01110	0.02951	0.00876	0.00756	0.08481	0.00177	0.00536	0.00406	0.00324	0.34471
5	0.00675	0.00457	0.00540	0.00540	0.00551	0.00469	0.00322	0.00697	0.00686	0.00926	0.01436	0.02880	0.01620	0.72819	0.13102	0.00491	0.00558	0.00652	0.00277	0.00300
6	0.08992	0.00914	0.05916	0.00842	0.01203	0.00773	0.00731	0.06948	0.01319	0.60351	0.05938	0.01552	0.01218	0.00575	0.00456	0.00144	0.00408	0.00460	0.00518	0.00742
7	0.01125	0.00995	0.01688	0.25045	0.49609	0.01044	0.03272	0.01406	0.01042	0.06698	0.00969	0.01315	0.00782	0.00462	0.00469	0.00146	0.00564	0.02451	0.00252	0.00668
8	0.00674	0.00462	0.00566	0.00566	0.00586	0.00483	0.00354	0.00714	0.00694	0.00945	0.01413	0.02750	0.01564	0.64258	0.21585	0.00523	0.00643	0.00633	0.00274	0.00314
9	0.06245	0.08036	0.01365	0.01138	0.01392	0.71716	0.00870	0.01798	0.01263	0.01186	0.00710	0.00828	0.00594	0.00471	0.00404	0.00120	0.00789	0.00293	0.00239	0.00542
10	0.00947	0.00845	0.01266	0.01713	0.38865	0.00851	0.00944	0.01331	0.12516	0.01598	0.17530	0.08870	0.09338	0.00713	0.00500	0.00149	0.00405	0.00646	0.00358	0.00614
11	0.01108	0.01126	0.07964	0.03122	0.16688	0.01100	0.12085	0.08324	0.18893	0.02827	0.06395	0.03755	0.03560	0.00611	0.00612	0.00157	0.10163	0.00522	0.00334	0.00652

[dist]
# distance from previous block
# <min> <max>
4	5

[block]
# block no. 6 follows, 55 sequences, length 11
# corresponding to MSA columns:
# 316-321,323-327
name=unknown_G
#
# <colnr> <probs for GDERKNQSTAVLIFYWHMCP>
#	G	D	E	R	K	N	Q	S	T	A	V	L	I	F	Y	W	H	M	C	P
0	0.01106	0.03211	0.07420	0.11360	0.11763	0.01077	0.10096	0.12564	0.19759	0.01778	0.08766	0.03480	0.03250	0.00596	0.00486	0.00150	0.00500	0.01635	0.00354	0.00648
1	0.00666	0.00495	0.00728	0.00728	0.00805	0.00571	0.00558	0.00818	0.00742	0.01066	0.01264	0.01925	0.01205	0.09903	0.75450	0.00724	0.01182	0.00513	0.00252	0.00405
2	0.01367	0.15215	0.01395	0.00967	0.01282	0.05070	0.00795	0.23455	0.41412	0.02037	0.01413	0.01355	0.01069	0.00565	0.00439	0.00141	0.00452	0.00439	0.00414	0.00719
3	0.05620	0.41175	0.17354	0.00951	0.01359	0.05099	0.04022	0.03138	0.03381	0.01353	0.03044	0.04557	0.00901	0.00509	0.00382	0.00125	0.00527	0.02861	0.00249	0.03394
4	0.03594	0.16310	0.29001	0.01219	0.01683	0.08788	0.15161	0.02785	0.03620	0.07302	0.02114	0.02852	0.00812	0.02211	0.00478	0.00145	0.00621	0.00408	0.00263	0.00634
5	0.00949	0.05576	0.62778	0.01347	0.01965	0.01090	0.12371	0.01430	0.01001	0.01448	0.01044	0.01193	0.04787	0.00472	0.00456	0.00147	0.00669	0.00402	0.00214	0.00660
6	0.00678	0.00489	0.00734	0.00734	0.00809	0.00565	0.00565	0.00809	0.00734	0.01054	0.01204	0.01788	0.01129	0.03311	0.74198	0.08901	0.01166	0.00489	0.00245	0.00395
7	0.01155	0.12729	0.12828	0.03484	0.07775	0.11051	0.20683	0.02901	0.11950	0.01456	0.02504	0.01321	0.02225	0.00586	0.02921	0.00161	0.01763	0.01608	0.00272	0.00626
8	0.01216	0.01032	0.05032	0.05134	0.10293	0.02894	0.14523	0.14122	0.04992	0.11283	0.02567	0.15254	0.01355	0.00712	0.00542	0.00159	0.02988	0.04905	0.00368	0.00628
9	0.00874	0.00769	0.01014	0.04783	0.06992	0.04299	0.00763	0.03184	0.00887	0.01246	0.01377	0.17090	0.02886	0.04001	0.18926	0.00311	0.22331	0.02699	0.05093	0.00474
10	0.00586	0.00444	0.00618	0.00682	0.00738	0.00410	0.03461	0.00682	0.00915	0.01206	0.02706	0.72675	0.10356	0.01390	0.00588	0.00185	0.00287	0.01260	0.00424	0.00389

[dist]
# distance from previous block
# <min> <max>
2	10

[block]
# block no. 7 follows, 55 sequences, length 30
# corresponding to MSA columns:
# 492-521
name=unknown_H
#
# <colnr> <probs for GDERKNQSTAVLIFYWHMCP>
#	G	D	E	R	K	N	Q	S	T	A	V	L	I	F	Y	W	H	M	C	P
0	0.17664	0.20468	0.04472	0.01239	0.16982	0.10531	0.00880	0.03944	0.03215	0.07693	0.02581	0.01128	0.01963	0.00476	0.00386	0.00128	0.00501	0.01317	0.00288	0.04144
1	0.00808	0.00404	0.00606	0.00606	0.00606	0.00404	0.00404	0.00606	0.00606	0.00808	0.00808	0.01414	0.00808	0.01616	0.01818	0.86465	0.00404	0.00404	0.00202	0.00202
2	0.01356	0.01098	0.01164	0.00987	0.01286	0.01250	0.00784	0.27427	0.54629	0.02267	0.01641	0.01534	0.01216	0.00608	0.00471	0.00152	0.00415	0.00491	0.00471	0.00754
3	0.01022	0.01064	0.06295	0.29788	0.44416	0.01054	0.03639	0.01321	0.01006	0.01391	0.00923	0.04318	0.00777	0.00473	0.00469	0.00147	0.00579	0.00449	0.00228	0.00642
4	0.01086	0.02995	0.43416	0.04694	0.01848	0.00992	0.13107	0.01487	0.01044	0.11973	0.03608	0.04403	0.02491	0.00530	0.00498	0.00150	0.02718	0.00459	0.00278	0.02225
5	0.01020	0.05628	0.65875	0.04620	0.02001	0.01092	0.05639	0.01506	0.01005	0.06099	0.00891	0.01032	0.00630	0.00446	0.00444	0.00146	0.00665	0.00361	0.00221	0.00680
6	0.01135	0.00977	0.01033	0.00935	0.01190	0.01128	0.00725	0.02403	0.76925	0.01917	0.01919	0.04816	0.01483	0.00662	0.00478	0.00159	0.00364	0.00556	0.00472	0.00723
7	0.01251	0.73914	0.05352	0.04267	0.01310	0.01730	0.00848	0.01423	0.00962	0.04375	0.00710	0.00810	0.00620	0.00410	0.00318	0.00105	0.00506	0.00268	0.00215	0.00605
8	0.00926	0.00877	0.01311	0.01123	0.01214	0.01118	0.08259	0.01170	0.06912	0.01207	0.00939	0.01348	0.00854	0.01591	0.26299	0.00365	0.43278	0.00458	0.00242	0.00509
9	0.00574	0.00410	0.00548	0.00656	0.00686	0.00384	0.00444	0.00660	0.00898	0.01195	0.02560	0.80365	0.03062	0.01451	0.00596	0.00190	0.00276	0.04235	0.00432	0.00380
10	0.00677	0.00459	0.00545	0.00567	0.00586	0.00456	0.00360	0.00718	0.00762	0.01014	0.03711	0.09599	0.01999	0.64189	0.01954	0.00391	0.00428	0.10952	0.00319	0.00313
11	0.06300	0.39403	0.24207	0.01118	0.03203	0.03117	0.08894	0.06320	0.01050	0.01424	0.00764	0.00897	0.00615	0.00424	0.00379	0.00125	0.00580	0.00321	0.00225	0.00634
12	0.00610	0.00441	0.00577	0.00667	0.00711	0.00424	0.00462	0.00750	0.03891	0.01245	0.05256	0.68537	0.02979	0.04462	0.00658	0.00198	0.00291	0.07017	0.00430	0.00394
13	0.01134	0.00575	0.00674	0.00598	0.00777	0.00550	0.00465	0.06358	0.01182	0.19288	0.13323	0.06826	0.04985	0.00690	0.00424	0.00131	0.00280	0.00575	0.40634	0.00532
14	0.01058	0.02763	0.11207	0.34364	0.16838	0.04411	0.11012	0.04595	0.05181	0.01427	0.00907	0.01187	0.00696	0.00462	0.00485	0.00149	0.01984	0.00421	0.00239	0.00616
15	0.01050	0.12901	0.10679	0.42187	0.03825	0.02806	0.05309	0.01434	0.07155	0.05261	0.00972	0.01265	0.00749	0.00483	0.00446	0.00146	0.00588	0.01905	0.00251	0.00587
16	0.00670	0.00459	0.00559	0.00563	0.00581	0.00476	0.00350	0.00708	0.00699	0.00950	0.01459	0.05639	0.01630	0.63915	0.18972	0.00504	0.00611	0.00662	0.00280	0.00313
17	0.01292	0.74611	0.02305	0.00827	0.01205	0.05060	0.00803	0.01439	0.00969	0.04371	0.00697	0.00793	0.00620	0.00421	0.00348	0.00105	0.03052	0.00265	0.00216	0.00600
18	0.00588	0.00430	0.00586	0.03742	0.00783	0.00416	0.00476	0.00688	0.00903	0.01203	0.04118	0.71905	0.04495	0.01483	0.03913	0.00210	0.00325	0.02931	0.00417	0.00387
19	0.00891	0.00848	0.01438	0.76705	0.03099	0.01054	0.03685	0.01195	0.00926	0.01195	0.00822	0.01232	0.00622	0.00477	0.00511	0.00157	0.03997	0.00417	0.00207	0.00520
20	0.00728	0.00433	0.00546	0.00546	0.00546	0.00433	0.00329	0.00649	0.00649	0.00866	0.01210	0.02411	0.01348	0.51772	0.02154	0.33876	0.00433	0.00571	0.00251	0.00251
21	0.00742	0.00558	0.00663	0.00594	0.00771	0.00493	0.00451	0.00925	0.02320	0.04763	0.29658	0.06032	0.28078	0.04212	0.02405	0.00165	0.01707	0.00772	0.00427	0.14264
22	0.00636	0.00492	0.00606	0.00582	0.00696	0.00462	0.00437	0.00812	0.01190	0.01615	0.50217	0.08839	0.26239	0.01044	0.00592	0.00155	0.03596	0.00896	0.00471	0.00424
23	0.00662	0.00496	0.00569	0.00574	0.00723	0.00438	0.00453	0.00816	0.01111	0.04425	0.15392	0.04363	0.51588	0.01142	0.00564	0.00166	0.00276	0.15372	0.00449	0.00422
24	0.01283	0.00817	0.01071	0.04243	0.02100	0.05166	0.02779	0.02663	0.00988	0.24497	0.04519	0.01545	0.01078	0.05566	0.06916	0.14162	0.17472	0.00463	0.02142	0.00531
25	0.01244	0.83930	0.02438	0.00796	0.01194	0.01841	0.00796	0.01393	0.00945	0.01095	0.00647	0.00746	0.00597	0.00398	0.00299	0.00100	0.00498	0.00249	0.00199	0.00597
26	0.00879	0.00827	0.01395	0.82532	0.03204	0.01034	0.01292	0.01189	0.00930	0.01189	0.00827	0.01240	0.00620	0.00465	0.00465	0.00155	0.00620	0.00413	0.00207	0.00517
27	0.00705	0.00462	0.00654	0.00654	0.00695	0.00504	0.00464	0.00735	0.00694	0.00967	0.01184	0.02009	0.01196	0.22047	0.42009	0.23097	0.00837	0.00516	0.00245	0.00328
28	0.01235	0.43856	0.18860	0.00952	0.01404	0.05000	0.02594	0.04650	0.01048	0.05862	0.00803	0.00898	0.00648	0.00422	0.00361	0.00113	0.00537	0.00300	0.00242	0.10215
29	0.04570	0.00753	0.01012	0.09512	0.02789	0.00860	0.03684	0.11157	0.02922	0.01494	0.06114	0.01801	0.04181	0.10408	0.16036	0.04598	0.10586	0.00508	0.06525	0.00489

[dist]
# distance from previous block
# <min> <max>
0	32

[block]
# block no. 8 follows, 55 sequences, length 24
# corresponding to MSA columns:
# 554-577
name=unknown_I
#
# <colnr> <probs for GDERKNQSTAVLIFYWHMCP>
#	G	D	E	R	K	N	Q	S	T	A	V	L	I	F	Y	W	H	M	C	P
0	0.01218	0.07741	0.06703	0.10988	0.17711	0.12527	0.01001	0.07252	0.08698	0.04545	0.05300	0.01309	0.02430	0.00503	0.00437	0.00130	0.00532	0.00411	0.00302	0.10262
1	0.00896	0.00842	0.01406	0.75292	0.07252	0.01022	0.01272	0.01201	0.00938	0.01218	0.00829	0.01225	0.00629	0.00458	0.00460	0.00151	0.00606	0.00408	0.00210	0.03683
2	0.01436	0.01118	0.01188	0.00982	0.01290	0.01260	0.00788	0.39040	0.39184	0.02407	0.01506	0.01440	0.01109	0.00592	0.00463	0.00147	0.00430	0.00471	0.04400	0.00749
3	0.00695	0.00493	0.00651	0.00678	0.00785	0.00465	0.00539	0.00888	0.01167	0.02961	0.38482	0.13227	0.09470	0.01131	0.00584	0.00175	0.00299	0.26410	0.00470	0.00431
4	0.00965	0.05092	0.76466	0.01305	0.01971	0.03299	0.01666	0.01481	0.00990	0.01452	0.00826	0.00971	0.00590	0.00442	0.00437	0.00145	0.00685	0.00339	0.00198	0.00681
5	0.01208	0.66295	0.14647	0.00894	0.01323	0.01680	0.00945	0.01417	0.00952	0.03067	0.00703	0.00813	0.00610	0.00424	0.00369	0.00112	0.03449	0.00274	0.00208	0.00613
6	0.00588	0.00424	0.00562	0.00664	0.00708	0.00398	0.00466	0.00687	0.00922	0.01216	0.02667	0.69569	0.07195	0.01421	0.00597	0.00190	0.00287	0.10620	0.00431	0.00385
7	0.01130	0.01082	0.01837	0.02769	0.77842	0.01080	0.01389	0.01400	0.01059	0.01510	0.01014	0.01272	0.03633	0.00442	0.00464	0.00139	0.00541	0.00435	0.00238	0.00724
8	0.01266	0.21329	0.37625	0.01110	0.01625	0.02619	0.04778	0.05601	0.01115	0.15280	0.02818	0.01105	0.00792	0.00471	0.00421	0.00135	0.00579	0.00367	0.00287	0.00678
9	0.00895	0.00845	0.01419	0.76490	0.06700	0.01048	0.01290	0.01198	0.00930	0.01202	0.00823	0.01230	0.00625	0.00473	0.00496	0.00156	0.03033	0.00413	0.00208	0.00527
10	0.00666	0.00493	0.00721	0.00721	0.00795	0.00567	0.00548	0.00814	0.00740	0.01060	0.01270	0.01962	0.01222	0.12362	0.73014	0.00715	0.01158	0.00518	0.00253	0.00401
11	0.00665	0.00498	0.00748	0.00748	0.00831	0.00582	0.00582	0.00831	0.00748	0.01080	0.01246	0.01828	0.01163	0.03489	0.81807	0.00748	0.01246	0.00498	0.00249	0.00415
12	0.07594	0.07387	0.10741	0.01116	0.04842	0.16401	0.02268	0.19282	0.09557	0.06701	0.01047	0.01165	0.00809	0.03473	0.00548	0.00150	0.04472	0.00388	0.01410	0.00650
13	0.00707	0.00494	0.00575	0.00542	0.00692	0.00433	0.00411	0.00874	0.01185	0.06856	0.36484	0.03790	0.41020	0.01026	0.00538	0.00150	0.00239	0.00874	0.02671	0.00440
14	0.02667	0.00688	0.00809	0.03648	0.00964	0.01830	0.02325	0.11209	0.03387	0.13649	0.13713	0.05026	0.07260	0.00683	0.00439	0.00135	0.00328	0.00569	0.30123	0.00547
15	0.06302	0.01148	0.01324	0.20686	0.01811	0.15831	0.07058	0.06894	0.06108	0.22815	0.01170	0.01267	0.00835	0.00594	0.02683	0.00161	0.01909	0.00418	0.00353	0.00632
16	0.01182	0.02981	0.09426	0.09830	0.29071	0.00990	0.03957	0.09215	0.02793	0.10921	0.01540	0.04452	0.10427	0.00587	0.00476	0.00146	0.00506	0.00517	0.00324	0.00661
17	0.00596	0.00432	0.00569	0.00667	0.00719	0.00405	0.00478	0.00702	0.00936	0.01228	0.02735	0.63431	0.09772	0.01404	0.00598	0.00190	0.00293	0.14025	0.00431	0.00388
18	0.03425	0.03790	0.00911	0.00844	0.03713	0.05042	0.00641	0.02523	0.06363	0.17160	0.02346	0.19440	0.15246	0.00959	0.00563	0.00166	0.03675	0.12229	0.00424	0.00538
19	0.01233	0.01055	0.03544	0.07430	0.34812	0.06176	0.03176	0.05091	0.02682	0.12685	0.04635	0.01676	0.08649	0.00562	0.00473	0.00141	0.00506	0.01651	0.00328	0.03496
20	0.03177	0.00690	0.00885	0.00770	0.00971	0.02004	0.01998	0.03187	0.02431	0.28864	0.19417	0.15370	0.09127	0.00878	0.00585	0.00158	0.05839	0.02603	0.00475	0.00570
21	0.00961	0.00977	0.04364	0.61766	0.10084	0.02474	0.06304	0.03306	0.00990	0.01292	0.00840	0.01209	0.00639	0.00466	0.00493	0.00153	0.02491	0.00418	0.00218	0.00558
22	0.09219	0.03312	0.01146	0.02848	0.05861	0.11820	0.00766	0.05927	0.11481	0.24792	0.03474	0.01553	0.04315	0.00592	0.00496	0.00143	0.04452	0.02472	0.00402	0.04928
23	0.04131	0.05201	0.06234	0.03621	0.01266	0.04074	0.04554	0.05717	0.06374	0.07412	0.07494	0.08045	0.01248	0.00586	0.00470	0.01571	0.01841	0.00471	0.00337	0.29352

[dist]
# distance from previous block
# <min> <max>
1	20

[block]
# block no. 9 follows, 55 sequences, length 60
# corresponding to MSA columns:
# 598-657
name=unknown_J
#
# <colnr> <probs for GDERKNQSTAVLIFYWHMCP>
#	G	D	E	R	K	N	Q	S	T	A	V	L	I	F	Y	W	H	M	C	P
0	0.03217	0.04558	0.01316	0.03244	0.20318	0.03029	0.07703	0.06096	0.04325	0.04843	0.16317	0.12993	0.01933	0.00756	0.00507	0.00154	0.00447	0.07298	0.00366	0.00579
1	0.02367	0.00849	0.03014	0.04455	0.17885	0.01852	0.00849	0.08147	0.02731	0.11672	0.06751	0.05863	0.10597	0.00777	0.00507	0.00155	0.00428	0.14939	0.00387	0.05774
2	0.00956	0.05254	0.13888	0.01989	0.01909	0.05757	0.04006	0.05519	0.03499	0.02745	0.03981	0.11051	0.02403	0.06261	0.14637	0.00271	0.03883	0.05103	0.00306	0.06584
3	0.03022	0.00973	0.03280	0.02275	0.09611	0.05595	0.02734	0.06089	0.06709	0.10087	0.12071	0.01650	0.05189	0.00653	0.02216	0.00145	0.07330	0.00476	0.00356	0.19541
4	0.00671	0.00475	0.00628	0.00628	0.00670	0.00517	0.00433	0.00754	0.00712	0.00991	0.01355	0.02433	0.01426	0.43353	0.42302	0.00600	0.00851	0.00587	0.00265	0.00349
5	0.01348	0.56127	0.04690	0.00992	0.03386	0.19600	0.02425	0.03361	0.01062	0.01180	0.00692	0.00808	0.00608	0.00428	0.00360	0.00110	0.01732	0.00280	0.00216	0.00595
6	0.02962	0.00793	0.01092	0.04304	0.14367	0.00712	0.00743	0.01566	0.01141	0.32691	0.06374	0.01802	0.08860	0.03231	0.00513	0.00140	0.00396	0.00494	0.00413	0.17406
7	0.07104	0.08329	0.22793	0.02820	0.04808	0.02087	0.12483	0.06716	0.04006	0.16304	0.07094	0.01333	0.01043	0.00508	0.00452	0.00143	0.00546	0.00435	0.00332	0.00664
8	0.00995	0.01020	0.01741	0.16527	0.01915	0.02257	0.23822	0.01228	0.00887	0.01247	0.00846	0.01310	0.00739	0.00799	0.05880	0.00213	0.34901	0.02910	0.00224	0.00537
9	0.00944	0.05347	0.78398	0.01307	0.01984	0.01108	0.01686	0.01470	0.00981	0.01460	0.00828	0.00974	0.00590	0.00440	0.00437	0.00146	0.00681	0.00340	0.00197	0.00684
10	0.00982	0.05874	0.01350	0.32670	0.09690	0.00966	0.05512	0.01379	0.11107	0.05295	0.11390	0.01895	0.06280	0.00610	0.00482	0.00151	0.00492	0.02984	0.00322	0.00570
11	0.01053	0.02573	0.25779	0.26781	0.07347	0.06584	0.02809	0.03304	0.03021	0.05707	0.02691	0.04643	0.02983	0.00542	0.00485	0.00150	0.02231	0.00452	0.00262	0.00605
12	0.00879	0.00827	0.01395	0.82532	0.03204	0.01034	0.01292	0.01189	0.00930	0.01189	0.00827	0.01240	0.00620	0.00465	0.00465	0.00155	0.00620	0.00413	0.00207	0.00517
13	0.01145	0.01099	0.01877	0.04760	0.78895	0.01104	0.01425	0.01422	0.01056	0.01512	0.00874	0.01154	0.00734	0.00416	0.00461	0.00139	0.00554	0.00414	0.00230	0.00732
14	0.01098	0.05442	0.25105	0.23206	0.14979	0.03235	0.07194	0.03340	0.01053	0.06935	0.00963	0.01265	0.00741	0.00478	0.00460	0.00147	0.00617	0.02852	0.00249	0.00639
15	0.04583	0.00892	0.01603	0.01228	0.01521	0.00863	0.31971	0.01426	0.01023	0.19661	0.01324	0.06847	0.01117	0.10817	0.09745	0.00258	0.03637	0.00573	0.00334	0.00575
16	0.00918	0.00502	0.00679	0.00689	0.00800	0.00463	0.00498	0.01038	0.01015	0.19011	0.08628	0.53737	0.02638	0.01344	0.05498	0.00209	0.00353	0.01043	0.00459	0.00477
17	0.01255	0.01454	0.26912	0.02143	0.07940	0.02455	0.01107	0.21836	0.05289	0.09578	0.05092	0.04773	0.05031	0.00614	0.00475	0.00148	0.00521	0.02331	0.00362	0.00682
18	0.05172	0.04116	0.06144	0.13893	0.15117	0.08986	0.02442	0.06154	0.01129	0.09761	0.01347	0.08906	0.01239	0.00685	0.00485	0.00156	0.00530	0.12819	0.00327	0.00591
19	0.02484	0.00581	0.00883	0.00818	0.00951	0.00552	0.10776	0.00959	0.04209	0.04673	0.14625	0.46813	0.05877	0.01118	0.00557	0.00171	0.00338	0.01025	0.02135	0.00456
20	0.00696	0.00500	0.02608	0.00648	0.00711	0.00467	0.00468	0.00790	0.00835	0.03272	0.01892	0.34413	0.02104	0.21550	0.13821	0.03629	0.00492	0.05154	0.05570	0.00379
21	0.02735	0.06637	0.07424	0.06113	0.04806	0.24891	0.00972	0.23480	0.07434	0.03668	0.00970	0.01075	0.00747	0.00586	0.02270	0.00151	0.04698	0.00375	0.00320	0.00648
22	0.00913	0.00901	0.01648	0.62573	0.02949	0.01040	0.17621	0.01232	0.00964	0.01252	0.00915	0.04260	0.00728	0.00486	0.00487	0.00157	0.00642	0.00475	0.00221	0.00535
23	0.01223	0.01029	0.01102	0.00972	0.02281	0.01160	0.00753	0.12161	0.64162	0.02040	0.01716	0.01602	0.01286	0.00602	0.00464	0.00150	0.00387	0.00496	0.00457	0.05955
24	0.01145	0.01039	0.04143	0.14999	0.22224	0.01799	0.07509	0.08449	0.03671	0.05564	0.01011	0.01288	0.00806	0.00461	0.00446	0.00129	0.00518	0.02851	0.00290	0.21656
25	0.01126	0.11854	0.39934	0.01281	0.02589	0.01186	0.11931	0.06190	0.01067	0.07297	0.00955	0.03773	0.00745	0.00511	0.00539	0.00148	0.07549	0.00412	0.00255	0.00657
26	0.01069	0.01667	0.31808	0.01689	0.02236	0.01125	0.47835	0.01509	0.01063	0.04058	0.00931	0.01164	0.00677	0.00417	0.00507	0.00153	0.00736	0.00470	0.00232	0.00655
27	0.00875	0.00994	0.20812	0.02756	0.01132	0.00629	0.00797	0.01141	0.01138	0.10895	0.29890	0.13416	0.11928	0.00863	0.00517	0.00154	0.00375	0.00744	0.00413	0.00531
28	0.01140	0.02231	0.20659	0.28023	0.10151	0.02606	0.06515	0.02073	0.01048	0.14267	0.01108	0.06201	0.00866	0.00528	0.00470	0.00150	0.00585	0.00466	0.00285	0.00627
29	0.01013	0.01916	0.53645	0.10888	0.14447	0.01067	0.04395	0.01466	0.01006	0.04595	0.00884	0.01072	0.00642	0.00444	0.00452	0.00147	0.00651	0.00375	0.00219	0.00678
30	0.00998	0.19558	0.64661	0.01214	0.01841	0.01240	0.01525	0.01456	0.00974	0.01394	0.00795	0.00933	0.00591	0.00433	0.00412	0.00137	0.00648	0.00324	0.00197	0.00668
31	0.04019	0.01873	0.51101	0.01234	0.01803	0.01946	0.07504	0.04719	0.01112	0.18701	0.01063	0.01130	0.00725	0.00472	0.00452	0.00147	0.00617	0.00386	0.00295	0.00702
32	0.01196	0.02617	0.17908	0.06415	0.01410	0.04383	0.01754	0.09272	0.02708	0.16428	0.03998	0.02089	0.02190	0.07630	0.06880	0.00225	0.00575	0.11365	0.00360	0.00596
33	0.00616	0.00456	0.00579	0.00636	0.00703	0.00432	0.00443	0.00793	0.04985	0.01383	0.20157	0.55614	0.08899	0.01282	0.00574	0.00176	0.00261	0.01150	0.00452	0.00411
34	0.00619	0.00467	0.00583	0.00639	0.00708	0.01141	0.00455	0.00753	0.02336	0.01265	0.10406	0.45066	0.14625	0.05774	0.08195	0.00246	0.00375	0.05536	0.00414	0.00395
35	0.02379	0.00897	0.03809	0.00990	0.01279	0.04199	0.15314	0.02972	0.05828	0.24646	0.13966	0.08463	0.10590	0.00738	0.00512	0.00153	0.00443	0.01786	0.00434	0.00604
36	0.00943	0.02336	0.76470	0.01365	0.02039	0.01086	0.06419	0.01474	0.00989	0.01474	0.00841	0.00999	0.00596	0.00439	0.00448	0.00148	0.00693	0.00356	0.00199	0.00684
37	0.01071	0.00563	0.00732	0.00705	0.00865	0.00513	0.00531	0.01242	0.03938	0.26067	0.04103	0.40094	0.11108	0.01102	0.00547	0.00171	0.00317	0.05327	0.00480	0.00525
38	0.01142	0.01071	0.01794	0.18574	0.50134	0.02848	0.08522	0.01467	0.03951	0.04602	0.00943	0.01211	0.00749	0.00438	0.00470	0.00144	0.00581	0.00430	0.00249	0.00680
39	0.01043	0.01006	0.06378	0.48040	0.26678	0.01036	0.01320	0.01348	0.00998	0.06421	0.00907	0.01219	0.00688	0.00455	0.00462	0.00149	0.00589	0.00413	0.00237	0.00612
40	0.00558	0.00470	0.00486	0.00496	0.00644	0.00397	0.00373	0.00677	0.01050	0.01257	0.04498	0.09347	0.72941	0.01199	0.00556	0.00161	0.00245	0.03819	0.00432	0.00393
41	0.00999	0.01594	0.40068	0.01138	0.01575	0.03483	0.05757	0.03157	0.08172	0.06109	0.01425	0.14649	0.01300	0.00708	0.00495	0.00160	0.00558	0.07722	0.00312	0.00619
42	0.01396	0.01224	0.18170	0.06071	0.01634	0.01642	0.11802	0.09339	0.02831	0.28105	0.03056	0.06019	0.01158	0.00608	0.00491	0.00153	0.00531	0.04699	0.00393	0.00677
43	0.01311	0.01049	0.01332	0.38273	0.04720	0.11081	0.02951	0.10767	0.01213	0.15811	0.01140	0.03572	0.00879	0.00551	0.00472	0.00149	0.00580	0.03222	0.00324	0.00605
44	0.01101	0.01146	0.10634	0.30152	0.25932	0.01077	0.04906	0.09373	0.02592	0.04069	0.00993	0.04177	0.00794	0.00496	0.00470	0.00149	0.00580	0.00450	0.00265	0.00643
45	0.01092	0.01125	0.11125	0.16789	0.28509	0.03525	0.03695	0.04988	0.01090	0.07026	0.01274	0.10017	0.02812	0.00614	0.00486	0.00152	0.00543	0.04219	0.00292	0.00627
46	0.01095	0.04036	0.29041	0.15381	0.11655	0.03556	0.01215	0.01426	0.01045	0.11790	0.04791	0.08030	0.01072	0.00564	0.00461	0.00146	0.00553	0.00478	0.00290	0.03374
47	0.01009	0.00796	0.04248	0.31588	0.06628	0.00807	0.00896	0.03171	0.02981	0.11461	0.01304	0.10191	0.01191	0.16427	0.02423	0.00221	0.00516	0.00563	0.00309	0.03270
48	0.02920	0.04851	0.29090	0.11250	0.13778	0.09061	0.05979	0.01379	0.01042	0.02952	0.03139	0.03624	0.06328	0.00549	0.00461	0.00146	0.00601	0.01984	0.00254	0.00611
49	0.04997	0.04637	0.09616	0.23128	0.20182	0.03049	0.01131	0.07110	0.01134	0.14453	0.03560	0.01272	0.00868	0.00554	0.02229	0.00156	0.00557	0.00414	0.00305	0.00648
50	0.03361	0.06694	0.26303	0.04638	0.23529	0.03953	0.01233	0.01579	0.01083	0.17334	0.03098	0.03253	0.00901	0.00499	0.00446	0.00141	0.00553	0.00418	0.00300	0.00686
51	0.01126	0.05308	0.12127	0.37841	0.05522	0.01099	0.04162	0.06308	0.11625	0.08742	0.01078	0.01268	0.00789	0.00492	0.00458	0.00149	0.00566	0.00421	0.00292	0.00628
52	0.01004	0.07536	0.26367	0.20069	0.04225	0.01158	0.27692	0.01394	0.01005	0.01380	0.00873	0.01175	0.00667	0.00444	0.00495	0.00150	0.02127	0.01407	0.00216	0.00616
53	0.03282	0.27997	0.29145	0.05952	0.01586	0.01261	0.01107	0.05670	0.02795	0.08596	0.00943	0.03147	0.00742	0.00472	0.00396	0.00128	0.00541	0.00356	0.00266	0.05617
54	0.02873	0.05487	0.06435	0.00769	0.00906	0.00628	0.03089	0.03935	0.00997	0.01374	0.10477	0.54333	0.02610	0.01160	0.00569	0.00173	0.02308	0.01031	0.00396	0.00449
55	0.00877	0.00858	0.06227	0.03740	0.01458	0.00767	0.23919	0.01154	0.02472	0.04518	0.06358	0.16293	0.01727	0.01296	0.14680	0.00272	0.00655	0.11883	0.00331	0.00516
56	0.01226	0.01129	0.04622	0.15247	0.31635	0.07114	0.01115	0.08455	0.01172	0.07587	0.03485	0.01213	0.00847	0.00461	0.00445	0.00131	0.00535	0.00401	0.00289	0.12892
57	0.00896	0.02489	0.00926	0.17558	0.01351	0.00725	0.00703	0.07534	0.03039	0.06824	0.05682	0.38111	0.04875	0.00986	0.00565	0.00166	0.03639	0.00860	0.00385	0.02686
58	0.04215	0.00630	0.00665	0.00648	0.00793	0.03479	0.00479	0.07340	0.03170	0.04930	0.07520	0.25436	0.29763	0.06110	0.00647	0.00181	0.00322	0.02792	0.00425	0.00454
59	0.09482	0.17737	0.06871	0.05910	0.02102	0.05254	0.00865	0.16330	0.16796	0.05671	0.01186	0.03438	0.00958	0.00566	0.00442	0.00141	0.02015	0.03241	0.00348	0.00648

[dist]
# distance from previous block
# <min> <max>
36	185

[block]
# block no. 10 follows, 55 sequences, length 11
# corresponding to MSA columns:
# 894-904
name=unknown_K
#
# <colnr> <probs for GDERKNQSTAVLIFYWHMCP>
#	G	D	E	R	K	N	Q	S	T	A	V	L	I	F	Y	W	H	M	C	P
0	0.13901	0.01084	0.01299	0.01073	0.01321	0.06419	0.08611	0.15391	0.09583	0.10367	0.01180	0.01523	0.00965	0.00645	0.00681	0.00163	0.17524	0.07292	0.00357	0.00620
1	0.03584	0.01047	0.06923	0.04465	0.01362	0.00994	0.03930	0.26567	0.08204	0.13138	0.01486	0.15589	0.01289	0.00707	0.00499	0.00151	0.01748	0.02095	0.00415	0.05808
2	0.60269	0.00906	0.00915	0.10321	0.01274	0.01032	0.03765	0.01427	0.04244	0.05586	0.00794	0.00928	0.00605	0.00458	0.00374	0.00146	0.02841	0.00310	0.00295	0.03510
3	0.00878	0.00567	0.00722	0.00623	0.00811	0.00496	0.00480	0.01090	0.01245	0.10639	0.55130	0.02773	0.03278	0.00791	0.00496	0.00132	0.00260	0.00688	0.04151	0.14750
4	0.01064	0.00771	0.01002	0.00876	0.01042	0.00861	0.04394	0.06095	0.18917	0.09715	0.01424	0.01870	0.01223	0.14654	0.17932	0.02319	0.09353	0.01906	0.04039	0.00545
5	0.00716	0.00452	0.00577	0.00615	0.00666	0.00426	0.00408	0.00793	0.00899	0.06922	0.09168	0.47293	0.02658	0.24909	0.01089	0.00257	0.00326	0.01033	0.00406	0.00386
6	0.06751	0.00832	0.01347	0.76942	0.03047	0.01034	0.01238	0.01201	0.00921	0.01250	0.00815	0.01207	0.00612	0.00463	0.00453	0.00154	0.00602	0.00402	0.00212	0.00516
7	0.07129	0.01084	0.01146	0.00948	0.01231	0.04123	0.00762	0.38952	0.14309	0.07664	0.01352	0.07193	0.01082	0.00797	0.05070	0.00181	0.03113	0.00494	0.02687	0.00685
8	0.01174	0.13477	0.10918	0.01334	0.01723	0.01189	0.30544	0.10990	0.01142	0.05963	0.00996	0.01265	0.00792	0.03663	0.09421	0.00221	0.03838	0.00454	0.00275	0.00620
9	0.05240	0.00999	0.05910	0.26871	0.29712	0.00968	0.01176	0.01411	0.01028	0.10743	0.01030	0.01379	0.00817	0.00487	0.00454	0.00143	0.00533	0.03998	0.00277	0.06826
10	0.00782	0.00511	0.00665	0.00704	0.00817	0.00483	0.00551	0.00926	0.01035	0.09142	0.05715	0.30996	0.18122	0.01231	0.00605	0.00185	0.02012	0.24632	0.00443	0.00442

[dist]
# distance from previous block
# <min> <max>
2	15

[block]
# block no. 11 follows, 55 sequences, length 6
# corresponding to MSA columns:
# 922-927
name=unknown_L
#
# <colnr> <probs for GDERKNQSTAVLIFYWHMCP>
#	G	D	E	R	K	N	Q	S	T	A	V	L	I	F	Y	W	H	M	C	P
0	0.01020	0.00813	0.01302	0.01054	0.01312	0.00786	0.21663	0.04625	0.11302	0.10408	0.10997	0.15553	0.12609	0.00827	0.00538	0.00161	0.00441	0.03614	0.00411	0.00565
1	0.04523	0.00934	0.01463	0.07499	0.33213	0.00952	0.08386	0.03389	0.08495	0.04859	0.01301	0.05778	0.03090	0.08244	0.00652	0.00176	0.00505	0.03110	0.00303	0.03129
2	0.05114	0.01026	0.01389	0.28695	0.14073	0.06689	0.03928	0.11144	0.01218	0.17647	0.01194	0.01341	0.03469	0.00512	0.00460	0.00145	0.00548	0.00434	0.00331	0.00641
3	0.00672	0.00552	0.00688	0.00787	0.08107	0.00513	0.00524	0.00886	0.05080	0.01437	0.19042	0.15300	0.38014	0.01081	0.00549	0.00161	0.00285	0.05438	0.00431	0.00451
4	0.01173	0.07069	0.33713	0.01175	0.06208	0.04457	0.01163	0.04446	0.13962	0.09361	0.01116	0.01188	0.00828	0.00593	0.03502	0.00159	0.00576	0.00384	0.00302	0.08625
5	0.03248	0.04640	0.01796	0.08885	0.01853	0.19863	0.29475	0.01623	0.07057	0.07875	0.03501	0.03816	0.00939	0.00515	0.00511	0.00146	0.02887	0.00481	0.00293	0.00597

[dist]
# distance from previous block
# <min> <max>
0	16

[block]
# block no. 12 follows, 55 sequences, length 6
# corresponding to MSA columns:
# 944-949
name=unknown_M
#
# <colnr> <probs for GDERKNQSTAVLIFYWHMCP>
#	G	D	E	R	K	N	Q	S	T	A	V	L	I	F	Y	W	H	M	C	P
0	0.00985	0.00792	0.06729	0.00776	0.00981	0.00698	0.00650	0.10170	0.09030	0.09195	0.19804	0.11556	0.08348	0.08641	0.00702	0.00188	0.00371	0.09409	0.00440	0.00535
