[name]
unknown

[dist]
# distance from previous block
# <min> <max>
12	101

[block]
# block no. 0 follows, 62 sequences, length 36
# corresponding to MSA columns:
# 139-155,164-182
name=unknown_A
#
# <colnr> <probs for GDERKNQSTAVLIFYWHMCP>
#	G	D	E	R	K	N	Q	S	T	A	V	L	I	F	Y	W	H	M	C	P
0	0.12591	0.07916	0.02047	0.04819	0.01151	0.06879	0.02226	0.03877	0.05867	0.06591	0.00869	0.02538	0.00717	0.02409	0.00483	0.00117	0.07968	0.00327	0.00272	0.30335
1	0.06899	0.02821	0.16992	0.00949	0.07722	0.00784	0.02278	0.04699	0.02772	0.09589	0.05249	0.01088	0.00846	0.00410	0.00369	0.00104	0.00408	0.00333	0.00284	0.35405
2	0.11350	0.20434	0.35957	0.00968	0.01421	0.02513	0.04475	0.06384	0.00965	0.02393	0.04020	0.00939	0.00699	0.00415	0.00362	0.00120	0.00512	0.00313	0.00228	0.05530
3	0.00671	0.03279	0.01661	0.03016	0.00904	0.00532	0.09182	0.02279	0.01932	0.02829	0.02940	0.53086	0.07527	0.04243	0.00572	0.00169	0.00330	0.02040	0.02407	0.00402
4	0.03290	0.00901	0.03100	0.01143	0.08100	0.00837	0.17009	0.06343	0.01094	0.33527	0.01187	0.02899	0.00851	0.00482	0.00493	0.00130	0.06235	0.00422	0.01829	0.10129
5	0.01314	0.12343	0.15219	0.00871	0.01234	0.00925	0.02171	0.03999	0.04169	0.30397	0.01096	0.01101	0.00777	0.00467	0.00472	0.00121	0.07830	0.00350	0.00334	0.14810
6	0.02421	0.10895	0.20870	0.03477	0.01087	0.02000	0.00774	0.03434	0.00890	0.01229	0.11860	0.11124	0.04683	0.06035	0.07024	0.08997	0.01952	0.00528	0.00270	0.00450
7	0.00661	0.00398	0.00546	0.00552	0.00578	0.00403	0.00374	0.00612	0.00645	0.00864	0.02585	0.07413	0.06725	0.17796	0.15253	0.43083	0.00485	0.00530	0.00239	0.00258
8	0.04808	0.02793	0.05819	0.00975	0.04780	0.04299	0.05825	0.06238	0.11208	0.11549	0.02709	0.14287	0.04134	0.02320	0.00631	0.00152	0.14128	0.00543	0.00330	0.02473
9	0.01070	0.02300	0.14208	0.12254	0.15754	0.03017	0.07763	0.12438	0.10569	0.05729	0.02352	0.07529	0.00968	0.00528	0.00438	0.00137	0.00499	0.01548	0.00296	0.00602
10	0.00559	0.00398	0.00490	0.00547	0.00581	0.00377	0.00363	0.00621	0.00780	0.01022	0.02230	0.45336	0.10782	0.27679	0.01053	0.00247	0.00305	0.05956	0.00352	0.00322
11	0.03287	0.01802	0.57922	0.01215	0.05713	0.00951	0.04875	0.04405	0.00991	0.13527	0.00911	0.00998	0.00632	0.00423	0.00410	0.00134	0.00573	0.00343	0.00246	0.00642
12	0.01030	0.34956	0.35926	0.01075	0.03789	0.04330	0.06111	0.02829	0.04015	0.01242	0.00740	0.00857	0.00585	0.00395	0.00360	0.00117	0.00553	0.00300	0.00199	0.00592
13	0.00568	0.00424	0.00609	0.00645	0.00692	0.00413	0.04121	0.00656	0.00784	0.01055	0.01997	0.58714	0.02331	0.12838	0.10488	0.00264	0.00398	0.02305	0.00348	0.00349
14	0.00672	0.00489	0.00723	0.00703	0.00754	0.00581	0.00540	0.00744	0.00652	0.00938	0.00990	0.01509	0.00938	0.02554	0.56731	0.19456	0.10037	0.00428	0.00214	0.00347
15	0.01138	0.07760	0.27205	0.01135	0.01509	0.25713	0.10423	0.02530	0.10333	0.01270	0.00864	0.01031	0.00686	0.03854	0.00500	0.00139	0.02764	0.00352	0.00232	0.00563
16	0.00930	0.00990	0.07605	0.37751	0.41961	0.00981	0.01272	0.01214	0.00912	0.01256	0.00779	0.01077	0.00618	0.00401	0.00422	0.00134	0.00541	0.00374	0.00199	0.00583
17	0.01070	0.01064	0.01643	0.10465	0.68404	0.07310	0.01257	0.01315	0.00975	0.01334	0.00785	0.01039	0.00654	0.00388	0.00419	0.00127	0.00532	0.00371	0.00209	0.00640
18	0.00526	0.00374	0.00491	0.00583	0.00605	0.00351	0.00384	0.00594	0.00800	0.01066	0.02268	0.78489	0.02717	0.07745	0.00667	0.00191	0.00260	0.01164	0.00384	0.00339
19	0.00735	0.00379	0.00564	0.00572	0.00579	0.00379	0.00394	0.00579	0.00587	0.00780	0.00855	0.01562	0.00870	0.01455	0.01581	0.80924	0.00371	0.06432	0.00201	0.00201
20	0.00951	0.00956	0.01290	0.01224	0.08898	0.05041	0.00927	0.01060	0.00708	0.01053	0.00632	0.01018	0.00618	0.03179	0.04626	0.00204	0.66566	0.00379	0.00194	0.00477
21	0.01008	0.01257	0.10354	0.01647	0.02077	0.03123	0.64816	0.01439	0.07174	0.01385	0.00913	0.01147	0.00683	0.00382	0.00484	0.00142	0.00681	0.00476	0.00228	0.00585
22	0.00518	0.00372	0.00492	0.00588	0.00616	0.00346	0.00393	0.00593	0.00819	0.01088	0.02399	0.82558	0.04990	0.01326	0.00542	0.00172	0.00246	0.01201	0.00395	0.00346
23	0.01138	0.00953	0.01007	0.00882	0.01137	0.01095	0.00693	0.13414	0.70341	0.01908	0.01631	0.01507	0.01217	0.00568	0.00432	0.00142	0.00355	0.00467	0.00432	0.00681
24	0.00710	0.11729	0.07603	0.00698	0.00865	0.04514	0.03162	0.00869	0.00953	0.01247	0.19871	0.35238	0.09066	0.00932	0.00475	0.00144	0.00332	0.00816	0.00352	0.00423
25	0.01156	0.01088	0.08563	0.03640	0.30524	0.07219	0.04548	0.07351	0.05804	0.11599	0.01227	0.04699	0.05046	0.00513	0.00448	0.00132	0.02260	0.00444	0.03124	0.00613
26	0.00566	0.00413	0.00530	0.00592	0.00646	0.00392	0.00411	0.02010	0.02912	0.01234	0.14958	0.62726	0.07148	0.01211	0.00531	0.00164	0.00247	0.02531	0.00408	0.00370
27	0.02082	0.04204	0.15663	0.06229	0.01163	0.07018	0.03849	0.01086	0.07998	0.01288	0.11617	0.22197	0.10429	0.02653	0.00499	0.00149	0.00407	0.00678	0.00321	0.00470
28	0.01048	0.12074	0.23347	0.02957	0.11889	0.01070	0.11305	0.03518	0.17758	0.05971	0.02675	0.01163	0.00843	0.00447	0.00410	0.00130	0.00505	0.00390	0.01877	0.00622
29	0.07306	0.00440	0.00488	0.00494	0.00525	0.00447	0.00304	0.00683	0.00683	0.00998	0.04673	0.13136	0.01706	0.60686	0.03428	0.00347	0.00387	0.00663	0.02310	0.00296
30	0.00659	0.00494	0.00637	0.00689	0.06872	0.00478	0.00442	0.03518	0.00985	0.01349	0.34308	0.09594	0.10976	0.23288	0.03675	0.00229	0.00326	0.00726	0.00370	0.00386
31	0.01223	0.06868	0.08059	0.06060	0.24721	0.12221	0.08697	0.11639	0.01121	0.08231	0.00888	0.01070	0.00694	0.02546	0.00478	0.00134	0.02494	0.00372	0.01878	0.00607
32	0.00968	0.11630	0.02483	0.00970	0.05158	0.12359	0.00747	0.04648	0.04525	0.01169	0.01150	0.22377	0.01202	0.00879	0.04657	0.00176	0.23592	0.00563	0.00268	0.00479
33	0.01071	0.06024	0.06481	0.00771	0.02129	0.00755	0.02485	0.09171	0.01020	0.09475	0.00866	0.00962	0.00674	0.00404	0.00390	0.02927	0.00378	0.00296	0.00284	0.53436
34	0.07159	0.03884	0.16359	0.03107	0.05285	0.00882	0.06696	0.13516	0.01124	0.13143	0.08420	0.03204	0.02435	0.00596	0.02630	0.00146	0.02507	0.00434	0.07899	0.00575
35	0.00979	0.00732	0.03434	0.00694	0.00854	0.00726	0.00530	0.24613	0.04744	0.04879	0.07639	0.14487	0.02638	0.28813	0.01028	0.00231	0.00384	0.00626	0.01497	0.00473

[dist]
# distance from previous block
# <min> <max>
0	4

[block]
# block no. 1 follows, 62 sequences, length 28
# corresponding to MSA columns:
# 187-214
name=unknown_B
#
# <colnr> <probs for GDERKNQSTAVLIFYWHMCP>
#	G	D	E	R	K	N	Q	S	T	A	V	L	I	F	Y	W	H	M	C	P
0	0.28893	0.05654	0.04920	0.02031	0.06632	0.11156	0.00703	0.09334	0.06916	0.11422	0.01042	0.01102	0.03817	0.01932	0.00390	0.00131	0.00435	0.00342	0.00310	0.02838
1	0.04961	0.23438	0.11716	0.00845	0.03280	0.02300	0.03035	0.03570	0.09757	0.01358	0.00940	0.01050	0.03077	0.02267	0.00384	0.00108	0.00422	0.00319	0.00251	0.26921
2	0.13108	0.06436	0.05594	0.00886	0.02035	0.07228	0.13569	0.01239	0.03010	0.09918	0.03314	0.07147	0.05504	0.06517	0.04830	0.00180	0.00481	0.01729	0.06783	0.00493
3	0.00716	0.00583	0.00916	0.22848	0.03796	0.00602	0.06445	0.00888	0.00887	0.04355	0.03101	0.36810	0.09221	0.00897	0.00492	0.00154	0.00381	0.03663	0.00324	0.02922
4	0.00599	0.06762	0.00675	0.00618	0.03055	0.00511	0.00442	0.00710	0.00916	0.01180	0.11955	0.35338	0.30501	0.01069	0.00532	0.00151	0.03304	0.00922	0.00375	0.00386
5	0.01138	0.09548	0.13400	0.05985	0.08042	0.00954	0.16791	0.04618	0.01008	0.15760	0.00986	0.03821	0.00760	0.00445	0.00439	0.00124	0.02931	0.00397	0.00279	0.12573
6	0.00571	0.00422	0.00555	0.06773	0.00771	0.00415	0.00436	0.00662	0.00821	0.01082	0.06302	0.47588	0.08999	0.17476	0.00846	0.00214	0.00305	0.05060	0.00357	0.00344
7	0.00658	0.00495	0.00711	0.06862	0.00890	0.00569	0.00543	0.03407	0.00729	0.01024	0.01141	0.01797	0.01097	0.16646	0.60810	0.00580	0.00953	0.00475	0.00237	0.00378
8	0.00982	0.10839	0.19375	0.06954	0.14614	0.06909	0.09180	0.01327	0.06682	0.01300	0.02529	0.01110	0.00763	0.00553	0.03717	0.00151	0.05365	0.00372	0.06713	0.00563
9	0.03838	0.01492	0.01167	0.06184	0.06028	0.45327	0.00823	0.09081	0.05613	0.02677	0.04280	0.04048	0.00850	0.00521	0.00472	0.00126	0.06305	0.00371	0.00269	0.00526
10	0.00651	0.00457	0.00558	0.00624	0.06564	0.00457	0.00336	0.00670	0.00645	0.00867	0.01300	0.02656	0.01482	0.78742	0.02036	0.00391	0.00419	0.00601	0.00254	0.00289
11	0.00639	0.00442	0.00525	0.00518	0.00639	0.00388	0.00383	0.00771	0.01024	0.07368	0.26173	0.20088	0.37421	0.01029	0.00505	0.00146	0.00229	0.00890	0.00426	0.00396
12	0.10609	0.00913	0.01036	0.08151	0.03360	0.04052	0.01937	0.25407	0.10588	0.13253	0.02178	0.11416	0.02155	0.00607	0.00437	0.00138	0.01545	0.00493	0.01130	0.00595
13	0.07632	0.33246	0.12275	0.03151	0.07058	0.01295	0.00876	0.11406	0.11544	0.04593	0.00877	0.00945	0.00689	0.00435	0.00375	0.00119	0.02300	0.00317	0.00267	0.00602
14	0.00626	0.00410	0.00473	0.00472	0.00475	0.00409	0.00269	0.00620	0.00631	0.00845	0.03610	0.02698	0.01564	0.77140	0.02085	0.06145	0.00404	0.00607	0.00259	0.00257
15	0.03537	0.01551	0.47597	0.04199	0.01539	0.00864	0.01169	0.04616	0.00976	0.16483	0.01095	0.01194	0.03391	0.00743	0.09008	0.00191	0.00601	0.00372	0.00269	0.00605
16	0.01083	0.19649	0.01322	0.00904	0.02960	0.08482	0.00728	0.10249	0.13006	0.01333	0.00960	0.04176	0.00862	0.06930	0.03458	0.00171	0.18085	0.00395	0.00270	0.04978
17	0.00981	0.00961	0.01554	0.31286	0.47395	0.04158	0.02983	0.01238	0.00929	0.01260	0.00775	0.01070	0.00628	0.00406	0.00447	0.00133	0.02626	0.00377	0.00203	0.00588
18	0.00520	0.00429	0.00457	0.00455	0.00587	0.00366	0.00339	0.00642	0.01003	0.01241	0.17412	0.07112	0.65859	0.01053	0.00504	0.00143	0.00214	0.00889	0.00408	0.00366
19	0.01589	0.02028	0.01206	0.01096	0.01315	0.83338	0.00822	0.01699	0.01206	0.01041	0.00658	0.00767	0.00548	0.00438	0.00384	0.00110	0.00767	0.00274	0.00219	0.00493
20	0.00935	0.00843	0.01374	0.01054	0.03743	0.00727	0.25570	0.02534	0.00941	0.04626	0.01011	0.09646	0.00905	0.02871	0.00459	0.00115	0.00446	0.00452	0.00268	0.41479
21	0.00533	0.00389	0.00527	0.00635	0.02309	0.00369	0.00419	0.00616	0.00815	0.01089	0.02302	0.77198	0.04537	0.01396	0.04491	0.00196	0.00294	0.01149	0.00383	0.00354
22	0.05464	0.01081	0.01508	0.04570	0.30977	0.02602	0.08323	0.32638	0.01378	0.05936	0.00922	0.01049	0.00693	0.00440	0.00423	0.00129	0.00502	0.00385	0.00313	0.00666
23	0.00603	0.00405	0.00529	0.00597	0.00641	0.00382	0.00404	0.02320	0.00854	0.04255	0.04561	0.72462	0.02661	0.06370	0.00634	0.00184	0.00265	0.01114	0.00394	0.00364
24	0.00868	0.00526	0.00676	0.00615	0.00767	0.00496	0.00481	0.01135	0.07266	0.15818	0.53040	0.02915	0.05858	0.00819	0.00491	0.00139	0.00255	0.06891	0.00467	0.00476
25	0.00961	0.06913	0.37796	0.04216	0.03993	0.01040	0.10980	0.04170	0.10198	0.03517	0.02937	0.01114	0.00772	0.00563	0.03664	0.00158	0.05787	0.00381	0.00242	0.00598
26	0.00538	0.00420	0.00473	0.00495	0.00590	0.00377	0.00354	0.00633	0.00892	0.01115	0.06390	0.19423	0.46469	0.12857	0.03164	0.00205	0.00284	0.04602	0.00374	0.00346
27	0.14631	0.00577	0.00663	0.00589	0.00786	0.00545	0.00460	0.01238	0.01008	0.28041	0.10201	0.14020	0.16710	0.00758	0.00429	0.00137	0.00283	0.00630	0.07794	0.00500

[dist]
# distance from previous block
# <min> <max>
10	13

[block]
# block no. 2 follows, 62 sequences, length 15
# corresponding to MSA columns:
# 229,230,234-246
name=unknown_C
#
# <colnr> <probs for GDERKNQSTAVLIFYWHMCP>
#	G	D	E	R	K	N	Q	S	T	A	V	L	I	F	Y	W	H	M	C	P
0	0.01145	0.08384	0.34766	0.01139	0.07916	0.07386	0.03555	0.02631	0.03817	0.16417	0.04864	0.04210	0.00927	0.00487	0.00412	0.00130	0.00522	0.00397	0.00285	0.00613
1	0.06218	0.00821	0.01101	0.15432	0.05796	0.00839	0.00783	0.11521	0.04152	0.44744	0.01304	0.01270	0.00872	0.00500	0.00443	0.00135	0.02604	0.00401	0.00412	0.00655
2	0.00642	0.00424	0.00528	0.00555	0.00637	0.00388	0.00396	0.00752	0.00925	0.06386	0.15027	0.38849	0.17331	0.07681	0.00642	0.00176	0.00259	0.04373	0.03653	0.00378
3	0.05655	0.01271	0.19985	0.05503	0.13167	0.06082	0.02957	0.08500	0.12808	0.18189	0.01106	0.01144	0.00791	0.00462	0.00413	0.00133	0.00492	0.00378	0.00321	0.00643
4	0.00650	0.00476	0.00519	0.00518	0.00536	0.03518	0.00316	0.00675	0.00656	0.00862	0.01329	0.05639	0.01500	0.69135	0.11590	0.00424	0.00505	0.00609	0.00258	0.00284
5	0.00528	0.00377	0.00504	0.00597	0.00628	0.00353	0.00406	0.00612	0.00837	0.01119	0.05733	0.78396	0.02852	0.01308	0.00543	0.00172	0.00250	0.04037	0.00398	0.00350
6	0.03307	0.07334	0.30790	0.06467	0.06299	0.08877	0.08045	0.06682	0.15306	0.01460	0.00936	0.01041	0.00704	0.00438	0.00407	0.00131	0.00557	0.00360	0.00252	0.00608
7	0.11044	0.09174	0.11459	0.01545	0.29632	0.01108	0.06291	0.14948	0.04403	0.05169	0.00870	0.00998	0.00670	0.00418	0.00394	0.00127	0.00490	0.00355	0.00270	0.00636
8	0.00652	0.00504	0.00631	0.00609	0.00729	0.00491	0.02947	0.00945	0.11845	0.01444	0.29482	0.22485	0.16961	0.00943	0.00491	0.00145	0.00252	0.02074	0.05948	0.00422
9	0.04813	0.00815	0.07735	0.08803	0.15721	0.00712	0.02144	0.01218	0.00972	0.19069	0.03473	0.11556	0.16721	0.00688	0.00484	0.00141	0.03474	0.00585	0.00339	0.00539
10	0.06622	0.09916	0.26992	0.04622	0.12479	0.04661	0.03141	0.07156	0.12161	0.05744	0.00938	0.01027	0.00704	0.00434	0.00392	0.00128	0.00511	0.00348	0.00264	0.01762
11	0.06269	0.01087	0.09195	0.09161	0.49052	0.02193	0.03532	0.04697	0.04303	0.01470	0.04377	0.01136	0.00810	0.00422	0.00417	0.00130	0.00500	0.00387	0.00239	0.00624
12	0.00612	0.00466	0.00607	0.00667	0.05816	0.00435	0.00443	0.02060	0.01033	0.01405	0.38419	0.23260	0.16022	0.06074	0.00607	0.00161	0.00251	0.00859	0.00409	0.00395
13	0.03637	0.15354	0.06553	0.06166	0.23617	0.11529	0.09335	0.08019	0.01078	0.09534	0.00850	0.00987	0.00656	0.00412	0.00396	0.00122	0.00541	0.00350	0.00255	0.00608
14	0.10155	0.09840	0.08277	0.02600	0.15848	0.06327	0.00858	0.12829	0.03332	0.11562	0.01071	0.01168	0.04232	0.00471	0.00405	0.00123	0.02152	0.01317	0.00299	0.07135

[dist]
# distance from previous block
# <min> <max>
0	25

[block]
# block no. 3 follows, 62 sequences, length 18
# corresponding to MSA columns:
# 284-301
name=unknown_D
#
# <colnr> <probs for GDERKNQSTAVLIFYWHMCP>
#	G	D	E	R	K	N	Q	S	T	A	V	L	I	F	Y	W	H	M	C	P
0	0.01314	0.07867	0.03420	0.00867	0.01127	0.17942	0.00716	0.26835	0.05780	0.07427	0.01370	0.01409	0.10007	0.01919	0.00481	0.00130	0.04560	0.00418	0.05838	0.00575
1	0.05291	0.12555	0.13212	0.04902	0.14177	0.06780	0.13519	0.01328	0.02686	0.06253	0.07416	0.02507	0.00979	0.00464	0.00409	0.00126	0.00510	0.01940	0.00258	0.04688
2	0.01017	0.25383	0.40878	0.01077	0.01565	0.01165	0.09891	0.04434	0.00962	0.05247	0.00920	0.01022	0.03795	0.00424	0.00384	0.00123	0.00554	0.00342	0.00219	0.00597
3	0.05962	0.00734	0.00955	0.00729	0.01062	0.00633	0.00600	0.01888	0.01145	0.66929	0.01492	0.01329	0.00963	0.00489	0.00403	0.00122	0.00354	0.00393	0.00474	0.13345
4	0.00622	0.00519	0.01997	0.04723	0.03655	0.00497	0.02935	0.00789	0.00950	0.01293	0.29205	0.07053	0.18027	0.07026	0.18522	0.00276	0.00474	0.00692	0.00349	0.00398
5	0.00846	0.00538	0.00630	0.00595	0.00733	0.02966	0.00444	0.01014	0.04937	0.15240	0.21957	0.19932	0.21057	0.00968	0.00564	0.05667	0.00276	0.00779	0.00419	0.00437
6	0.00584	0.00439	0.00631	0.08261	0.00874	0.00469	0.00512	0.00702	0.00768	0.01044	0.01744	0.43111	0.01952	0.06531	0.27918	0.00352	0.00583	0.02847	0.00313	0.00365
7	0.00975	0.00510	0.00618	0.00566	0.00721	0.00479	0.00434	0.04211	0.01023	0.20396	0.08308	0.16249	0.12659	0.00887	0.04455	0.00158	0.00304	0.00643	0.25934	0.00472
8	0.00907	0.04981	0.02978	0.09470	0.25846	0.04785	0.03906	0.03482	0.06081	0.01288	0.01337	0.21564	0.02254	0.00702	0.00495	0.00145	0.03740	0.05225	0.00284	0.00528
9	0.00962	0.00715	0.00827	0.00756	0.00946	0.00762	0.00606	0.12264	0.27006	0.05814	0.21521	0.04122	0.05472	0.00785	0.00483	0.00149	0.00326	0.15503	0.00435	0.00544
10	0.09107	0.03302	0.14429	0.00943	0.01251	0.00870	0.09875	0.08980	0.05400	0.17745	0.01332	0.11643	0.02508	0.00617	0.00483	0.00143	0.04904	0.03473	0.02421	0.00573
11	0.00827	0.00695	0.04139	0.00826	0.03712	0.00608	0.11174	0.06254	0.02264	0.08258	0.19242	0.08177	0.28634	0.00817	0.00488	0.00142	0.00342	0.02539	0.00385	0.00477
12	0.31247	0.00717	0.00785	0.00644	0.00924	0.00701	0.00527	0.01586	0.01014	0.43562	0.01675	0.01560	0.12227	0.00559	0.00382	0.00133	0.00330	0.00426	0.00418	0.00583
13	0.03090	0.01081	0.08738	0.14063	0.01580	0.11551	0.13937	0.04070	0.04225	0.07270	0.02491	0.07090	0.04872	0.00693	0.03746	0.00165	0.06632	0.03908	0.00279	0.00518
14	0.00718	0.00483	0.00587	0.00575	0.00686	0.00463	0.00423	0.00880	0.04855	0.09304	0.11356	0.20828	0.26002	0.10710	0.06294	0.00217	0.02136	0.02691	0.00387	0.00406
15	0.00895	0.03530	0.01359	0.11904	0.31683	0.04299	0.06909	0.01104	0.00883	0.01206	0.01068	0.09073	0.02848	0.00978	0.14214	0.00228	0.05100	0.00482	0.01709	0.00527
16	0.00557	0.00434	0.00647	0.00675	0.00739	0.00404	0.06561	0.00658	0.00846	0.01126	0.04348	0.72452	0.06454	0.01234	0.00537	0.00168	0.00280	0.01129	0.00383	0.00365
17	0.02996	0.08854	0.26762	0.11094	0.05123	0.04838	0.01980	0.02797	0.03943	0.03867	0.02452	0.13700	0.01124	0.00622	0.00453	0.00141	0.02480	0.05976	0.00264	0.00534

[dist]
# distance from previous block
# <min> <max>
0	7

[block]
# block no. 4 follows, 62 sequences, length 22
# corresponding to MSA columns:
# 309-330
name=unknown_E
#
# <colnr> <probs for GDERKNQSTAVLIFYWHMCP>
#	G	D	E	R	K	N	Q	S	T	A	V	L	I	F	Y	W	H	M	C	P
0	0.02440	0.04479	0.00924	0.00882	0.07802	0.02028	0.07835	0.00998	0.06847	0.04618	0.04102	0.33035	0.12679	0.03562	0.02243	0.00167	0.00359	0.00790	0.03760	0.00451
1	0.33106	0.01204	0.03312	0.03690	0.06994	0.22912	0.03468	0.07937	0.01032	0.03156	0.04054	0.01060	0.04130	0.00471	0.00379	0.00127	0.01844	0.00337	0.00272	0.00514
2	0.01202	0.54023	0.06445	0.04401	0.06135	0.11540	0.02799	0.03209	0.00960	0.04830	0.00695	0.00800	0.00584	0.00390	0.00325	0.00104	0.00513	0.00273	0.00211	0.00562
3	0.00649	0.00555	0.02391	0.00761	0.00878	0.00508	0.11196	0.02063	0.02977	0.01179	0.05688	0.46239	0.07822	0.06302	0.02428	0.03815	0.00357	0.02445	0.00349	0.01399
4	0.02770	0.24720	0.18979	0.01228	0.13656	0.03385	0.09792	0.01335	0.02884	0.04715	0.04193	0.01015	0.00766	0.00406	0.00375	0.00115	0.00504	0.00340	0.00231	0.08592
5	0.22648	0.01311	0.30299	0.00935	0.03112	0.00902	0.02613	0.08838	0.01995	0.13753	0.05573	0.02811	0.02474	0.00489	0.00388	0.00134	0.00456	0.00379	0.00304	0.00587
6	0.01289	0.00728	0.00854	0.00721	0.00962	0.00741	0.00573	0.07019	0.25986	0.30108	0.09535	0.01761	0.04819	0.00594	0.00422	0.00132	0.00317	0.00490	0.12332	0.00617
7	0.00997	0.01045	0.05449	0.24387	0.51142	0.04409	0.03913	0.01267	0.00945	0.01291	0.00783	0.01059	0.00633	0.00395	0.00423	0.00131	0.00546	0.00376	0.00204	0.00607
8	0.01130	0.05608	0.06333	0.05546	0.40052	0.05179	0.03783	0.08605	0.10440	0.04762	0.03753	0.01165	0.00855	0.00442	0.00418	0.00128	0.00494	0.00394	0.00274	0.00640
9	0.00882	0.14428	0.00993	0.00712	0.02454	0.00744	0.03907	0.03700	0.08331	0.09646	0.03968	0.15714	0.28120	0.00837	0.00457	0.00140	0.00327	0.03787	0.00368	0.00483
10	0.00559	0.00432	0.00516	0.00562	0.00651	0.00399	0.00411	0.00714	0.04317	0.01203	0.08970	0.38429	0.30993	0.01160	0.00526	0.00161	0.00251	0.08972	0.00402	0.00373
11	0.02495	0.31430	0.40875	0.00982	0.03000	0.01171	0.01111	0.01315	0.00909	0.06009	0.02183	0.02720	0.03217	0.00444	0.00364	0.00120	0.00516	0.00334	0.00219	0.00585
12	0.01129	0.11405	0.37168	0.01199	0.08386	0.04838	0.04136	0.08190	0.06821	0.09577	0.00924	0.01005	0.00678	0.00438	0.00420	0.00129	0.02322	0.00345	0.00259	0.00632
13	0.11985	0.00671	0.00754	0.00653	0.00863	0.00684	0.00515	0.09177	0.10610	0.21037	0.13953	0.08683	0.03168	0.00641	0.00409	0.00131	0.00301	0.00528	0.14693	0.00543
14	0.07881	0.05772	0.35481	0.06829	0.08370	0.02209	0.14351	0.06335	0.04367	0.01448	0.00815	0.00984	0.00612	0.00430	0.00434	0.01942	0.00571	0.00356	0.00222	0.00592
15	0.01169	0.04546	0.13966	0.05463	0.27886	0.00996	0.02597	0.09816	0.06910	0.13307	0.03277	0.01225	0.02427	0.00476	0.00462	0.00133	0.04008	0.00401	0.00298	0.00640
16	0.00781	0.00692	0.04265	0.00810	0.03647	0.02208	0.05644	0.02050	0.12396	0.04768	0.08084	0.15067	0.22361	0.00908	0.00500	0.00154	0.00346	0.14470	0.00381	0.00468
17	0.00528	0.00383	0.00499	0.00573	0.00617	0.00354	0.00391	0.00621	0.00877	0.01172	0.12899	0.68308	0.08697	0.01254	0.00535	0.00166	0.00239	0.01130	0.00405	0.00354
18	0.07831	0.47769	0.14204	0.00881	0.01262	0.10500	0.04167	0.03102	0.00943	0.04909	0.00695	0.00787	0.00570	0.00391	0.00324	0.00108	0.00513	0.00270	0.00214	0.00559
19	0.10189	0.08982	0.12539	0.03688	0.08680	0.18602	0.00915	0.16855	0.07029	0.05300	0.00868	0.00951	0.00661	0.00452	0.00407	0.00125	0.02548	0.00329	0.00282	0.00597
20	0.00739	0.00498	0.00648	0.00673	0.02547	0.00480	0.02197	0.00906	0.06115	0.08356	0.02166	0.32421	0.10852	0.19305	0.00875	0.00217	0.00328	0.09904	0.00371	0.00401
21	0.04601	0.43806	0.03420	0.00798	0.01123	0.01294	0.04018	0.03030	0.12845	0.02535	0.04256	0.00999	0.00826	0.00434	0.00376	0.00107	0.03946	0.00317	0.00255	0.11012

[dist]
# distance from previous block
# <min> <max>
2	4

[block]
# block no. 5 follows, 62 sequences, length 17
# corresponding to MSA columns:
# 335-351
name=unknown_F
#
# <colnr> <probs for GDERKNQSTAVLIFYWHMCP>
#	G	D	E	R	K	N	Q	S	T	A	V	L	I	F	Y	W	H	M	C	P
0	0.01042	0.00912	0.00945	0.00803	0.01074	0.05004	0.00626	0.07389	0.44431	0.01654	0.01394	0.06458	0.01128	0.00539	0.00404	0.00120	0.00356	0.00445	0.00369	0.24907
1	0.01127	0.00891	0.03712	0.05943	0.01179	0.00892	0.00686	0.29830	0.11733	0.05643	0.16862	0.03793	0.05740	0.00610	0.00436	0.00128	0.00372	0.00504	0.00396	0.09523
2	0.00589	0.00434	0.00550	0.00521	0.00628	0.00396	0.00391	0.00777	0.01173	0.01632	0.71831	0.03300	0.14397	0.00897	0.00502	0.00135	0.00203	0.00787	0.00459	0.00396
3	0.01055	0.00992	0.01216	0.03238	0.01177	0.06260	0.00860	0.13678	0.05917	0.01331	0.00767	0.01047	0.00675	0.00887	0.08358	0.00213	0.51189	0.00382	0.00245	0.00513
4	0.20235	0.00894	0.00992	0.00785	0.01097	0.05912	0.02293	0.11845	0.01206	0.48563	0.01283	0.01184	0.00845	0.00488	0.00391	0.00130	0.00401	0.00372	0.00432	0.00650
5	0.06119	0.00919	0.01146	0.21830	0.04888	0.03459	0.00832	0.22394	0.03369	0.23884	0.01093	0.01148	0.00762	0.00470	0.00409	0.00128	0.00454	0.00377	0.00359	0.05960
6	0.00614	0.00425	0.00525	0.00521	0.00549	0.00437	0.00335	0.00672	0.00704	0.00967	0.11052	0.02589	0.01739	0.57025	0.19682	0.00438	0.00546	0.00601	0.00277	0.00302
7	0.00633	0.00493	0.00732	0.00718	0.00788	0.00592	0.00563	0.00780	0.00681	0.00991	0.01095	0.01614	0.01024	0.03001	0.76989	0.00645	0.07601	0.00449	0.00225	0.00387
8	0.04800	0.14025	0.05138	0.14157	0.12071	0.02024	0.02497	0.10366	0.00961	0.01315	0.00951	0.05707	0.00865	0.00932	0.10538	0.08753	0.00554	0.03601	0.00246	0.00500
9	0.00735	0.00482	0.00615	0.00596	0.00709	0.00458	0.00440	0.00975	0.07558	0.09072	0.43843	0.25633	0.05323	0.00949	0.00501	0.00146	0.00240	0.00841	0.00449	0.00437
10	0.01574	0.01192	0.01146	0.00926	0.01218	0.18348	0.02437	0.34257	0.07015	0.20318	0.01162	0.01142	0.00822	0.00500	0.00411	0.00124	0.00486	0.00380	0.05893	0.00648
11	0.05805	0.00971	0.01107	0.00873	0.01187	0.01016	0.00724	0.45775	0.01610	0.28016	0.01306	0.01435	0.00950	0.00562	0.00431	0.00134	0.00422	0.06542	0.00447	0.00685
12	0.01109	0.19870	0.07755	0.04539	0.09806	0.10959	0.16636	0.11162	0.01096	0.01383	0.03039	0.06307	0.03521	0.00494	0.00412	0.00125	0.00541	0.00431	0.00254	0.00561
13	0.00632	0.00482	0.00698	0.00690	0.00752	0.00568	0.00530	0.00766	0.00692	0.01003	0.01200	0.07645	0.01180	0.07822	0.63945	0.00577	0.07468	0.00512	0.02461	0.00377
14	0.00737	0.00569	0.00803	0.00755	0.00810	0.00692	0.00586	0.00850	0.00698	0.04491	0.01125	0.06725	0.01115	0.13423	0.44256	0.00474	0.20746	0.00503	0.00245	0.00396
15	0.01012	0.01023	0.01808	0.14296	0.47456	0.02816	0.19193	0.01283	0.00951	0.01316	0.00794	0.01075	0.00644	0.00398	0.00480	0.00135	0.04097	0.00404	0.00208	0.00609
16	0.02733	0.00735	0.05839	0.05694	0.02307	0.00646	0.00628	0.05188	0.06876	0.28900	0.05907	0.11391	0.09815	0.06942	0.00607	0.02478	0.00360	0.00584	0.01827	0.00542

[dist]
# distance from previous block
# <min> <max>
0	6

[block]
# block no. 6 follows, 62 sequences, length 18
# corresponding to MSA columns:
# 358-375
name=unknown_G
#
# <colnr> <probs for GDERKNQSTAVLIFYWHMCP>
#	G	D	E	R	K	N	Q	S	T	A	V	L	I	F	Y	W	H	M	C	P
0	0.00840	0.00815	0.02903	0.13390	0.24217	0.01966	0.10725	0.01125	0.05205	0.01333	0.09548	0.03953	0.14356	0.00668	0.01945	0.00149	0.00456	0.04259	0.01628	0.00521
1	0.42046	0.00908	0.02090	0.00841	0.01111	0.04392	0.11460	0.07734	0.00965	0.10120	0.02322	0.05742	0.00877	0.00528	0.00400	0.00139	0.02587	0.04910	0.00310	0.00517
2	0.01212	0.19884	0.18710	0.01153	0.08314	0.10924	0.07678	0.09129	0.01073	0.09159	0.00832	0.00934	0.00636	0.00418	0.00404	0.00118	0.02499	0.00327	0.00253	0.06344
3	0.00800	0.00632	0.00842	0.00768	0.00818	0.00774	0.00587	0.00952	0.06010	0.04504	0.01070	0.01741	0.01055	0.25966	0.23317	0.02208	0.26830	0.00476	0.00249	0.00401
4	0.15006	0.00908	0.01039	0.00818	0.01133	0.07355	0.03789	0.10069	0.01214	0.52324	0.01331	0.01222	0.00872	0.00491	0.00402	0.00130	0.00414	0.00384	0.00439	0.00659
5	0.04784	0.18781	0.17706	0.06544	0.03982	0.02668	0.09268	0.21849	0.01195	0.04941	0.00854	0.02018	0.00654	0.00434	0.00389	0.00123	0.00520	0.00350	0.00272	0.02668
6	0.00611	0.00442	0.00614	0.00614	0.00666	0.00494	0.00445	0.00715	0.00663	0.00936	0.01203	0.02024	0.01217	0.29100	0.57661	0.00598	0.00910	0.00507	0.00237	0.00341
7	0.00608	0.00456	0.00684	0.00684	0.00760	0.00532	0.00532	0.00760	0.00684	0.00988	0.01140	0.01672	0.01064	0.03191	0.83360	0.00684	0.01140	0.00456	0.00228	0.00380
8	0.00906	0.00863	0.01441	0.40460	0.31875	0.00986	0.02919	0.01175	0.02298	0.01207	0.00792	0.01119	0.00641	0.00553	0.04014	0.00163	0.07450	0.00386	0.00203	0.00548
9	0.01307	0.16392	0.08935	0.00916	0.01201	0.22057	0.00805	0.09448	0.11013	0.10104	0.00979	0.01034	0.00751	0.00482	0.00447	0.00122	0.06506	0.00338	0.06588	0.00576
10	0.08058	0.00795	0.00990	0.00767	0.01087	0.00751	0.00633	0.14307	0.01295	0.62027	0.01489	0.01331	0.00960	0.00514	0.00412	0.00130	0.00372	0.00406	0.02981	0.00696
11	0.00518	0.00370	0.00494	0.00592	0.00617	0.00346	0.00395	0.00592	0.00815	0.01086	0.02345	0.84768	0.02814	0.01333	0.00543	0.00173	0.00247	0.01210	0.00395	0.00346
12	0.00735	0.00602	0.00984	0.34467	0.01700	0.00658	0.06549	0.00922	0.00866	0.04614	0.01563	0.38383	0.01659	0.00855	0.00489	0.00157	0.00421	0.03638	0.00304	0.00431
13	0.00611	0.00443	0.00616	0.00616	0.00669	0.00495	0.00448	0.00717	0.00664	0.00938	0.01201	0.02013	0.01212	0.28300	0.58454	0.00601	0.00917	0.00506	0.00237	0.00342
14	0.00524	0.00375	0.00499	0.00589	0.00618	0.00349	0.00395	0.00606	0.00840	0.01127	0.07607	0.79390	0.02893	0.01303	0.00540	0.00170	0.00244	0.01181	0.00400	0.00349
15	0.42099	0.00865	0.00877	0.00710	0.01010	0.00919	0.00585	0.17604	0.01145	0.28806	0.01039	0.01008	0.00710	0.00462	0.00351	0.00131	0.00368	0.00327	0.00383	0.00601
16	0.00810	0.00470	0.00512	0.00490	0.00597	0.00496	0.00372	0.04149	0.04326	0.01544	0.04021	0.01653	0.01184	0.03849	0.08229	0.00172	0.02276	0.00425	0.64010	0.00416
17	0.00837	0.00673	0.04092	0.00661	0.00848	0.00626	0.00536	0.06940	0.17176	0.06943	0.27732	0.07827	0.20223	0.00825	0.00478	0.00141	0.00285	0.02230	0.00428	0.00496

[dist]
# distance from previous block
# <min> <max>
2	5

[block]
# block no. 7 follows, 62 sequences, length 22
# corresponding to MSA columns:
# 381-402
name=unknown_H
#
# <colnr> <probs for GDERKNQSTAVLIFYWHMCP>
#	G	D	E	R	K	N	Q	S	T	A	V	L	I	F	Y	W	H	M	C	P
0	0.01234	0.33936	0.12282	0.00950	0.03869	0.03432	0.03416	0.16690	0.07483	0.08220	0.03986	0.01034	0.00819	0.00449	0.00368	0.00116	0.00472	0.00341	0.00290	0.00614
1	0.00529	0.00390	0.00505	0.00584	0.00632	0.00365	0.00407	0.00618	0.00837	0.01099	0.02553	0.64776	0.14001	0.01392	0.05146	0.00198	0.00299	0.04931	0.00386	0.00352
2	0.01228	0.04417	0.04443	0.00874	0.01221	0.02490	0.02675	0.32759	0.15989	0.01944	0.01032	0.01062	0.00780	0.00448	0.00388	0.00110	0.00415	0.00353	0.00346	0.27026
3	0.02146	0.06460	0.15556	0.08692	0.03266	0.04153	0.05825	0.03249	0.03126	0.12655	0.11489	0.05402	0.02456	0.00527	0.00414	0.00123	0.00442	0.00448	0.00308	0.13262
4	0.02525	0.14129	0.19120	0.02731	0.01373	0.02515	0.04470	0.17576	0.08834	0.11657	0.01106	0.01251	0.02041	0.00501	0.00433	0.00130	0.02971	0.03749	0.00315	0.02573
5	0.00892	0.07546	0.56826	0.01123	0.01630	0.00979	0.07800	0.02664	0.02846	0.02636	0.00920	0.01166	0.02137	0.08359	0.00572	0.00159	0.00582	0.00370	0.00210	0.00583
6	0.00884	0.00848	0.01533	0.35881	0.21656	0.00909	0.17605	0.01136	0.00898	0.01210	0.00961	0.03715	0.03311	0.00508	0.00513	0.05004	0.00544	0.00445	0.01921	0.00517
7	0.00940	0.00841	0.06298	0.12412	0.07324	0.00765	0.19348	0.01183	0.01000	0.12020	0.15353	0.11911	0.04396	0.00642	0.00507	0.00143	0.03475	0.00598	0.00321	0.00521
8	0.04513	0.15897	0.23650	0.04876	0.03077	0.02760	0.14034	0.12423	0.01079	0.05025	0.03039	0.05992	0.00833	0.00478	0.00408	0.00129	0.00531	0.00410	0.00261	0.00585
9	0.00769	0.00709	0.01190	0.47618	0.02105	0.00827	0.08796	0.00977	0.00838	0.01093	0.01230	0.12143	0.07179	0.00673	0.00600	0.05413	0.06629	0.00537	0.00234	0.00440
10	0.01877	0.00731	0.00986	0.00761	0.01087	0.00642	0.00627	0.02081	0.04278	0.79608	0.01681	0.01454	0.01063	0.00529	0.00428	0.00132	0.00361	0.00430	0.00523	0.00722
11	0.00633	0.00474	0.00616	0.00602	0.00639	0.00522	0.00423	0.00713	0.00728	0.01011	0.10010	0.08625	0.04267	0.37313	0.23084	0.00405	0.08696	0.00622	0.00280	0.00335
12	0.01078	0.37349	0.02769	0.05479	0.01155	0.10192	0.00726	0.05422	0.08271	0.01180	0.00914	0.05927	0.00850	0.07222	0.00580	0.00142	0.07581	0.00378	0.02268	0.00513
13	0.00524	0.00377	0.00497	0.00582	0.00617	0.00350	0.00393	0.00608	0.00848	0.01132	0.08066	0.75938	0.05911	0.01291	0.00539	0.00169	0.00242	0.01167	0.00400	0.00350
14	0.36456	0.00945	0.00934	0.00753	0.01049	0.01039	0.00620	0.34843	0.01332	0.12566	0.00951	0.00971	0.00678	0.00465	0.00354	0.00128	0.00385	0.00328	0.04601	0.00602
15	0.00548	0.00412	0.00503	0.00559	0.00628	0.00381	0.00396	0.00665	0.02409	0.01150	0.07237	0.46253	0.23823	0.06089	0.00626	0.00178	0.00259	0.07134	0.00392	0.00357
16	0.01852	0.00816	0.01044	0.00801	0.01132	0.00761	0.00661	0.17536	0.01371	0.67007	0.01550	0.01365	0.00989	0.00524	0.00427	0.00131	0.00383	0.00419	0.00507	0.00724
17	0.14878	0.00739	0.00933	0.00727	0.01047	0.00675	0.00601	0.01950	0.01144	0.70525	0.01515	0.01334	0.00964	0.00507	0.00403	0.00132	0.00357	0.00398	0.00487	0.00684
18	0.00524	0.00382	0.00490	0.00568	0.00609	0.00352	0.00384	0.00607	0.00849	0.01121	0.07025	0.68881	0.11764	0.03568	0.00581	0.00174	0.00245	0.01134	0.00395	0.00348
19	0.00565	0.00390	0.00514	0.00583	0.00630	0.00361	0.00399	0.00659	0.00882	0.03313	0.12635	0.68803	0.06193	0.01242	0.00533	0.00166	0.00243	0.01120	0.00408	0.00363
20	0.62891	0.00904	0.00799	0.00669	0.00954	0.01022	0.00552	0.20038	0.01052	0.06631	0.00754	0.00811	0.00556	0.00430	0.00311	0.00131	0.00364	0.00277	0.00316	0.00537
21	0.01043	0.35530	0.28399	0.01077	0.08801	0.01271	0.01046	0.05657	0.06219	0.01314	0.00774	0.00876	0.00619	0.00398	0.00351	0.00112	0.00502	0.00296	0.00217	0.05499

[dist]
# distance from previous block
# <min> <max>
0	1

[block]
# block no. 8 follows, 62 sequences, length 18
# corresponding to MSA columns:
# 404-420,427
name=unknown_I
#
# <colnr> <probs for GDERKNQSTAVLIFYWHMCP>
#	G	D	E	R	K	N	Q	S	T	A	V	L	I	F	Y	W	H	M	C	P
0	0.00551	0.00431	0.00499	0.00486	0.00605	0.00379	0.00363	0.00703	0.01079	0.01417	0.41906	0.05744	0.42346	0.00984	0.00503	0.00140	0.00209	0.00844	0.00431	0.00379
1	0.00617	0.00466	0.00689	0.00684	0.00753	0.00546	0.00528	0.00759	0.00679	0.00980	0.01135	0.01712	0.01076	0.07570	0.76727	0.00656	0.03355	0.00462	0.00228	0.00376
2	0.01577	0.04814	0.01249	0.01071	0.01308	0.71940	0.00817	0.09978	0.01277	0.01212	0.00693	0.00791	0.00566	0.00443	0.00384	0.00111	0.00725	0.00284	0.00240	0.00519
3	0.00596	0.00406	0.00468	0.00485	0.00496	0.00399	0.00285	0.00614	0.00668	0.00885	0.01648	0.17105	0.05356	0.66749	0.01809	0.00359	0.00375	0.00734	0.00288	0.00278
4	0.88052	0.00823	0.00625	0.00560	0.00823	0.00955	0.00461	0.01251	0.00724	0.01909	0.00592	0.00691	0.00461	0.00395	0.00263	0.00132	0.00329	0.00230	0.00263	0.00461
5	0.00861	0.02145	0.78563	0.01244	0.01862	0.00993	0.05795	0.01348	0.00904	0.01348	0.00769	0.00912	0.00545	0.00402	0.00409	0.00135	0.00634	0.00324	0.00182	0.00626
6	0.00526	0.00376	0.00500	0.00587	0.00619	0.00351	0.00396	0.00611	0.00849	0.01141	0.09400	0.77558	0.02920	0.01292	0.00539	0.00169	0.00243	0.01171	0.00401	0.00351
7	0.00518	0.00370	0.00494	0.00592	0.00617	0.00346	0.00395	0.00592	0.00815	0.01086	0.02345	0.84768	0.02814	0.01333	0.00543	0.00173	0.00247	0.01210	0.00395	0.00346
8	0.01167	0.00708	0.01146	0.00950	0.01180	0.00673	0.16455	0.01384	0.03425	0.30009	0.01712	0.19230	0.01567	0.00783	0.00532	0.00156	0.03717	0.14261	0.00398	0.00547
9	0.00919	0.00884	0.01223	0.01053	0.01062	0.01223	0.00875	0.01021	0.00673	0.01074	0.00632	0.00989	0.00606	0.00723	0.01299	0.00178	0.76838	0.00375	0.07895	0.00459
10	0.00923	0.13022	0.01123	0.00677	0.01054	0.00743	0.02753	0.01109	0.00883	0.01330	0.00735	0.00861	0.00618	0.00323	0.00314	0.00069	0.00346	0.00255	0.00241	0.72620
11	0.00541	0.00433	0.00484	0.00471	0.00598	0.00375	0.00353	0.00685	0.01060	0.01364	0.34252	0.03743	0.52144	0.00998	0.00502	0.00140	0.00210	0.00849	0.00423	0.00375
12	0.00540	0.00390	0.00509	0.00577	0.00624	0.00363	0.00400	0.00640	0.00890	0.01192	0.15468	0.61139	0.08015	0.03312	0.00576	0.00171	0.00247	0.04188	0.00403	0.00355
13	0.05664	0.20268	0.27479	0.08609	0.13749	0.06317	0.05223	0.01322	0.00910	0.02772	0.00729	0.00899	0.00575	0.00407	0.00410	0.00125	0.03444	0.00317	0.00201	0.00579
14	0.01533	0.01040	0.01148	0.00899	0.01210	0.01124	0.00736	0.56860	0.08208	0.13782	0.06262	0.01274	0.01030	0.00541	0.00429	0.00129	0.00420	0.00422	0.02261	0.00693
15	0.00520	0.00376	0.00492	0.00580	0.00615	0.00348	0.00390	0.00599	0.00835	0.01107	0.04586	0.77274	0.08099	0.01304	0.00539	0.00170	0.00244	0.01177	0.00397	0.00348
16	0.02623	0.06380	0.04976	0.15030	0.15556	0.02296	0.07783	0.02614	0.08857	0.08558	0.10563	0.05442	0.03148	0.01519	0.00480	0.00139	0.02695	0.00486	0.00301	0.00555
17	0.41398	0.07023	0.12052	0.00867	0.04723	0.16914	0.00745	0.02429	0.01971	0.02581	0.00759	0.02093	0.01792	0.00430	0.00329	0.00124	0.00470	0.00290	0.00247	0.02763

[dist]
# distance from previous block
# <min> <max>
0	2

[block]
# block no. 9 follows, 62 sequences, length 23
# corresponding to MSA columns:
# 431-453
name=unknown_J
#
# <colnr> <probs for GDERKNQSTAVLIFYWHMCP>
#	G	D	E	R	K	N	Q	S	T	A	V	L	I	F	Y	W	H	M	C	P
0	0.01112	0.16263	0.18614	0.06872	0.08228	0.12644	0.06202	0.03657	0.00984	0.05369	0.00774	0.00917	0.00607	0.00404	0.00403	0.00114	0.02791	0.00315	0.00227	0.13504
1	0.00956	0.06233	0.09069	0.13014	0.10074	0.14164	0.03317	0.01154	0.00903	0.01162	0.08451	0.01344	0.01012	0.06539	0.08666	0.00208	0.12604	0.00410	0.00230	0.00489
2	0.02320	0.08180	0.26560	0.03233	0.15349	0.02182	0.13944	0.09826	0.01080	0.09588	0.02267	0.01088	0.01591	0.00429	0.00418	0.00130	0.00549	0.00381	0.00260	0.00626
3	0.00734	0.00372	0.00555	0.00554	0.00557	0.00371	0.00371	0.00563	0.00577	0.00773	0.03612	0.01360	0.00855	0.01457	0.01622	0.84533	0.00364	0.00384	0.00195	0.00192
4	0.00593	0.00402	0.00513	0.00571	0.00631	0.00369	0.00394	0.00680	0.00866	0.04977	0.05972	0.60582	0.14174	0.05248	0.00608	0.00177	0.00256	0.02227	0.00398	0.00364
5	0.00704	0.00585	0.00819	0.13888	0.06193	0.00647	0.00642	0.01970	0.00912	0.01251	0.16918	0.02367	0.17609	0.05489	0.12813	0.00237	0.09284	0.02816	0.04433	0.00422
6	0.01057	0.42378	0.15654	0.04966	0.03683	0.01356	0.06149	0.06253	0.04459	0.01238	0.00748	0.00894	0.00621	0.00523	0.03609	0.00138	0.05184	0.00309	0.00213	0.00568
7	0.00599	0.00450	0.00565	0.00629	0.00697	0.00443	0.00452	0.00818	0.09713	0.01220	0.06841	0.57519	0.07825	0.01191	0.00531	0.00168	0.00267	0.09279	0.00403	0.00390
8	0.00524	0.00378	0.00497	0.00581	0.00617	0.00350	0.00392	0.00609	0.00850	0.01135	0.08358	0.75123	0.06436	0.01287	0.00538	0.00169	0.00242	0.01163	0.00400	0.00350
9	0.00815	0.00769	0.03445	0.02166	0.07467	0.04963	0.14171	0.04499	0.00864	0.01161	0.04702	0.05007	0.01237	0.25865	0.20649	0.00347	0.00658	0.00530	0.00257	0.00430
10	0.01795	0.00752	0.01030	0.00794	0.01118	0.00673	0.03286	0.04090	0.05101	0.71952	0.01703	0.01500	0.03074	0.00537	0.00432	0.00133	0.00372	0.00444	0.00506	0.00708
11	0.00615	0.00416	0.00487	0.00494	0.00510	0.00412	0.00301	0.00649	0.00703	0.00946	0.09142	0.07179	0.01895	0.68332	0.01841	0.00362	0.00383	0.04758	0.00292	0.00283
12	0.01528	0.01939	0.05109	0.01084	0.01330	0.71239	0.00850	0.05466	0.05400	0.01172	0.00736	0.00828	0.00595	0.00447	0.00389	0.00113	0.00724	0.00292	0.00238	0.00520
13	0.02515	0.00940	0.04031	0.11168	0.01369	0.03735	0.03579	0.22440	0.10657	0.17066	0.11544	0.01586	0.05132	0.00573	0.00452	0.00135	0.01610	0.00471	0.00391	0.00605
14	0.88052	0.00823	0.00625	0.00560	0.00823	0.00955	0.00461	0.01251	0.00724	0.01909	0.00592	0.00691	0.00461	0.00395	0.00263	0.00132	0.00329	0.00230	0.00263	0.00461
15	0.01260	0.57923	0.05521	0.00848	0.01184	0.23214	0.00788	0.01406	0.00963	0.02642	0.00638	0.00730	0.00556	0.00389	0.00311	0.00099	0.00543	0.00248	0.00199	0.00539
16	0.00538	0.00405	0.00492	0.00535	0.00608	0.00367	0.00377	0.00642	0.00917	0.01195	0.15398	0.41018	0.26593	0.05521	0.00610	0.00171	0.00244	0.03615	0.00399	0.00355
17	0.14427	0.13395	0.13388	0.00872	0.03763	0.07995	0.00781	0.01481	0.07724	0.16774	0.10478	0.01293	0.02000	0.00510	0.00416	0.00127	0.03302	0.00384	0.00320	0.00568
18	0.07762	0.00926	0.05266	0.12855	0.28091	0.00877	0.07469	0.01472	0.03691	0.21714	0.02521	0.03645	0.00872	0.00466	0.00423	0.00134	0.00469	0.00422	0.00307	0.00618
19	0.00608	0.00423	0.00529	0.00534	0.00560	0.00442	0.00346	0.00658	0.00655	0.00892	0.01391	0.07045	0.02913	0.55188	0.25562	0.00473	0.00610	0.00609	0.00259	0.00300
20	0.00978	0.18743	0.36366	0.02415	0.01643	0.06342	0.16206	0.01321	0.02065	0.01228	0.00771	0.00974	0.00612	0.02361	0.03070	0.00151	0.03642	0.00346	0.00197	0.00569
21	0.03397	0.03773	0.14508	0.12399	0.09302	0.02234	0.04535	0.17650	0.04229	0.09904	0.06519	0.02488	0.04991	0.00524	0.00440	0.00134	0.01625	0.00436	0.00317	0.00597
22	0.00559	0.00410	0.00526	0.00597	0.00652	0.00390	0.00419	0.02725	0.00869	0.01142	0.02500	0.63786	0.12855	0.01359	0.04518	0.00194	0.00300	0.05451	0.00388	0.00361

[dist]
# distance from previous block
# <min> <max>
1	6

[block]
# block no. 10 follows, 62 sequences, length 7
# corresponding to MSA columns:
# 460-466
name=unknown_K
#
# <colnr> <probs for GDERKNQSTAVLIFYWHMCP>
#	G	D	E	R	K	N	Q	S	T	A	V	L	I	F	Y	W	H	M	C	P
0	0.01188	0.04968	0.01398	0.14359	0.05173	0.11215	0.13064	0.04628	0.01014	0.16144	0.02522	0.04626	0.02784	0.00587	0.01921	0.00149	0.12986	0.00440	0.00288	0.00548
1	0.00665	0.00561	0.06246	0.00721	0.06609	0.00457	0.00506	0.00697	0.00771	0.01019	0.04638	0.17122	0.18506	0.08598	0.01043	0.30219	0.00341	0.00666	0.00285	0.00331
2	0.11206	0.06650	0.01152	0.02915	0.05708	0.04798	0.03125	0.28412	0.06412	0.05421	0.06641	0.03216	0.02656	0.00517	0.00395	0.00123	0.00416	0.00410	0.03303	0.06524
3	0.05600	0.01171	0.08226	0.01383	0.18617	0.08868	0.11404	0.13511	0.08074	0.14416	0.03793	0.01183	0.00870	0.00462	0.00424	0.00131	0.00507	0.00403	0.00322	0.00635
4	0.00981	0.05348	0.13720	0.01180	0.01502	0.12152	0.29219	0.01253	0.02895	0.01268	0.04055	0.01378	0.06981	0.00553	0.00552	0.05987	0.03440	0.00448	0.06580	0.00507
5	0.01047	0.12643	0.03937	0.00885	0.06838	0.00802	0.05899	0.01252	0.00932	0.10289	0.00867	0.00971	0.00682	0.00362	0.00344	0.00088	0.00386	0.00300	0.03279	0.48197
6	0.00930	0.29750	0.07187	0.06417	0.01077	0.00926	0.00668	0.01083	0.00900	0.10235	0.01626	0.27201	0.08891	0.00756	0.00415	0.00132	0.00378	0.00633	0.00307	0.00488

[dist]
# distance from previous block
# <min> <max>
0	4

[block]
# block no. 11 follows, 62 sequences, length 26
# corresponding to MSA columns:
# 471-496
name=unknown_L
#
# <colnr> <probs for GDERKNQSTAVLIFYWHMCP>
#	G	D	E	R	K	N	Q	S	T	A	V	L	I	F	Y	W	H	M	C	P
0	0.00525	0.00373	0.00492	0.00584	0.00608	0.00350	0.00386	0.00594	0.00802	0.01070	0.02283	0.79672	0.02735	0.06537	0.00644	0.00188	0.00257	0.01173	0.00386	0.00340
1	0.01194	0.00962	0.11189	0.06119	0.11721	0.03207	0.06683	0.02755	0.01092	0.26737	0.17414	0.02667	0.02509	0.00564	0.00476	0.00135	0.03133	0.00487	0.00364	0.00591
