[name]
unknown

[dist]
# distance from previous block
# <min> <max>
25	98

[block]
# block no. 0 follows, 55 sequences, length 53
# corresponding to MSA columns:
# 132-180,182-185
name=unknown_A
#
# <colnr> <probs for GDERKNQSTAVLIFYWHMCP>
#	G	D	E	R	K	N	Q	S	T	A	V	L	I	F	Y	W	H	M	C	P
0	0.12741	0.02808	0.09893	0.04688	0.14540	0.02877	0.00927	0.16459	0.07738	0.07138	0.01196	0.02486	0.03269	0.05302	0.00541	0.00157	0.00484	0.00429	0.00336	0.05993
1	0.09694	0.03798	0.12284	0.12972	0.10397	0.02220	0.04389	0.08312	0.01098	0.07933	0.04176	0.01480	0.05923	0.03722	0.00576	0.01964	0.02991	0.00446	0.00302	0.05321
2	0.10212	0.06470	0.08075	0.14905	0.15966	0.01048	0.03618	0.06573	0.04165	0.06238	0.01019	0.05253	0.00845	0.00601	0.02200	0.01875	0.03179	0.00429	0.00286	0.07044
3	0.05664	0.08806	0.01236	0.05957	0.08537	0.05774	0.00793	0.15305	0.06539	0.01626	0.02807	0.04361	0.12280	0.02415	0.02257	0.02790	0.08589	0.00511	0.00328	0.03427
4	0.21196	0.02342	0.04506	0.11707	0.11469	0.04283	0.00880	0.14719	0.06075	0.05477	0.01083	0.01193	0.03519	0.00494	0.00409	0.00136	0.00475	0.00382	0.00322	0.09333
5	0.00990	0.00663	0.00841	0.00731	0.01975	0.01968	0.02875	0.01122	0.03350	0.12006	0.05330	0.09959	0.07923	0.10751	0.02123	0.14043	0.00390	0.00580	0.00348	0.22035
6	0.17819	0.00838	0.00913	0.03269	0.01081	0.00929	0.00650	0.16596	0.13192	0.05764	0.03509	0.13532	0.04937	0.04767	0.03758	0.00196	0.03514	0.03771	0.00396	0.00569
7	0.18850	0.00975	0.02661	0.05391	0.16912	0.04075	0.04059	0.10347	0.04382	0.09153	0.04901	0.13807	0.01273	0.00647	0.00453	0.00150	0.00454	0.00549	0.00354	0.00607
8	0.07799	0.00592	0.00736	0.00755	0.03973	0.02833	0.00527	0.00956	0.00866	0.08825	0.04074	0.15965	0.09232	0.02751	0.11959	0.24984	0.01802	0.00642	0.00326	0.00405
9	0.05655	0.00510	0.00610	0.03869	0.00777	0.00501	0.00444	0.02405	0.00962	0.03848	0.13096	0.27946	0.13330	0.17348	0.00929	0.02827	0.00324	0.00880	0.03339	0.00400
10	0.00585	0.00421	0.00559	0.00662	0.00703	0.00395	0.00462	0.00681	0.00916	0.01212	0.02640	0.72084	0.06137	0.01428	0.00597	0.00190	0.00285	0.09227	0.00431	0.00384
11	0.06651	0.00534	0.00657	0.03911	0.00827	0.00528	0.00472	0.00989	0.02951	0.11505	0.02002	0.36957	0.04636	0.19789	0.00980	0.02840	0.00352	0.00880	0.02110	0.00429
12	0.02220	0.00561	0.00673	0.00657	0.00796	0.00535	0.00486	0.03830	0.06546	0.10850	0.14408	0.30167	0.19067	0.04471	0.00619	0.00177	0.00298	0.02704	0.00456	0.00478
13	0.00666	0.00549	0.00606	0.00544	0.00740	0.00455	0.00413	0.00811	0.01050	0.01373	0.13363	0.03523	0.46992	0.05814	0.00614	0.00155	0.00274	0.02638	0.00400	0.19018
14	0.13106	0.00873	0.00958	0.00707	0.01100	0.00742	0.00570	0.07113	0.01033	0.01704	0.00824	0.00947	0.00671	0.00373	0.00346	0.00085	0.00359	0.00283	0.00292	0.67915
15	0.01094	0.00572	0.00726	0.00641	0.00835	0.00503	0.00494	0.01258	0.01208	0.27670	0.27523	0.10013	0.22040	0.02584	0.00563	0.00158	0.00290	0.00792	0.00502	0.00535
16	0.04446	0.00718	0.00789	0.00714	0.00916	0.00742	0.00546	0.05141	0.25201	0.10344	0.10924	0.07436	0.20899	0.06749	0.00631	0.00175	0.00327	0.00704	0.02036	0.00561
17	0.01479	0.00893	0.01023	0.00862	0.01145	0.00942	0.00683	0.08995	0.37861	0.28231	0.01760	0.01683	0.01269	0.03923	0.00536	0.00160	0.00382	0.00496	0.06959	0.00719
18	0.03607	0.00489	0.00558	0.00543	0.00582	0.00484	0.00329	0.00818	0.00743	0.07034	0.01532	0.07643	0.01694	0.69726	0.02050	0.00402	0.00433	0.00685	0.00313	0.00334
19	0.41649	0.00757	0.00710	0.00639	0.00863	0.00831	0.00509	0.06258	0.02788	0.07456	0.02407	0.02627	0.03043	0.05820	0.04601	0.00191	0.00394	0.03059	0.14887	0.00510
20	0.00567	0.00405	0.00540	0.00648	0.00675	0.00378	0.00432	0.00648	0.00891	0.01188	0.02564	0.83347	0.03077	0.01457	0.00594	0.00189	0.00270	0.01323	0.00432	0.00378
21	0.82755	0.00894	0.00703	0.00622	0.00914	0.01026	0.00513	0.01412	0.00818	0.05980	0.00706	0.00797	0.00536	0.00439	0.00297	0.00144	0.00362	0.00263	0.00302	0.00518
22	0.01085	0.00895	0.00940	0.00847	0.01071	0.03103	0.00657	0.10026	0.44877	0.01864	0.05904	0.05218	0.07575	0.00905	0.06188	0.00193	0.00424	0.00582	0.07010	0.00636
23	0.00808	0.00404	0.00606	0.00606	0.00606	0.00404	0.00404	0.00606	0.00606	0.00808	0.00808	0.01414	0.00808	0.01616	0.01818	0.86465	0.00404	0.00404	0.00202	0.00202
24	0.01098	0.01255	0.02745	0.01961	0.02431	0.01176	0.79059	0.01490	0.01098	0.01490	0.00941	0.01255	0.00706	0.00392	0.00549	0.00157	0.00784	0.00549	0.00235	0.00627
25	0.00629	0.00481	0.00585	0.00580	0.00695	0.00445	0.00429	0.00829	0.03542	0.01551	0.40496	0.15485	0.26201	0.01208	0.04558	0.00186	0.00287	0.00927	0.00463	0.00424
26	0.00994	0.01114	0.07784	0.07418	0.21401	0.04189	0.25481	0.01279	0.01023	0.01387	0.04753	0.03339	0.04075	0.07878	0.05647	0.00212	0.00652	0.00535	0.00258	0.00582
27	0.00879	0.00827	0.01395	0.82532	0.03204	0.01034	0.01292	0.01189	0.00930	0.01189	0.00827	0.01240	0.00620	0.00465	0.00465	0.00155	0.00620	0.00413	0.00207	0.00517
28	0.00780	0.00667	0.01067	0.39318	0.08285	0.00757	0.00933	0.00982	0.00918	0.01208	0.01515	0.29622	0.01591	0.00943	0.02090	0.03537	0.00488	0.04531	0.00297	0.00468
29	0.05922	0.04074	0.08686	0.11453	0.27230	0.02929	0.22261	0.02677	0.01066	0.05174	0.01029	0.01256	0.03214	0.00452	0.00470	0.00145	0.00611	0.00448	0.00254	0.00647
30	0.00847	0.05897	0.06921	0.02186	0.00799	0.00559	0.00546	0.00734	0.00663	0.00884	0.00800	0.01335	0.00774	0.01427	0.01591	0.72739	0.00436	0.00390	0.00201	0.00270
31	0.01151	0.01105	0.01888	0.02855	0.80748	0.01105	0.01428	0.01428	0.01059	0.01520	0.00875	0.01151	0.00737	0.00415	0.00461	0.00138	0.00553	0.00415	0.00230	0.00737
32	0.00819	0.00844	0.09911	0.02425	0.05615	0.00702	0.02184	0.06229	0.10328	0.01505	0.07528	0.30169	0.12941	0.02876	0.00576	0.00173	0.00379	0.03885	0.00395	0.00516
33	0.12208	0.14706	0.19283	0.05052	0.14409	0.13313	0.06697	0.03154	0.02843	0.03065	0.00827	0.00985	0.00649	0.00442	0.00409	0.00135	0.00603	0.00348	0.00243	0.00629
34	0.00602	0.00436	0.00575	0.00672	0.00719	0.00415	0.00473	0.00730	0.02718	0.01244	0.04171	0.68951	0.05039	0.01402	0.00595	0.00189	0.00288	0.09953	0.00434	0.00393
35	0.00560	0.00458	0.00495	0.00519	0.00645	0.00393	0.00379	0.00674	0.01032	0.01262	0.06540	0.21590	0.60249	0.01233	0.00561	0.00165	0.00245	0.02176	0.00434	0.00391
36	0.01357	0.20447	0.21324	0.07148	0.07718	0.01169	0.04616	0.06290	0.01142	0.21328	0.01133	0.01191	0.02162	0.00482	0.00427	0.00135	0.00541	0.00388	0.00317	0.00682
37	0.02139	0.12860	0.22558	0.06242	0.13583	0.01127	0.03027	0.02518	0.08493	0.03325	0.01027	0.01301	0.00842	0.00921	0.11924	0.00229	0.04827	0.02175	0.00257	0.00624
38	0.00730	0.00539	0.00791	0.16533	0.01232	0.00560	0.02407	0.00888	0.00946	0.03672	0.06652	0.41161	0.02326	0.06565	0.01709	0.00201	0.00386	0.07811	0.04466	0.00428
39	0.01077	0.04408	0.37286	0.08638	0.10117	0.03407	0.14849	0.01533	0.05583	0.04984	0.00949	0.01133	0.00704	0.00468	0.00495	0.01064	0.02001	0.00406	0.00242	0.00659
40	0.05555	0.16283	0.14972	0.10592	0.06898	0.04329	0.04062	0.16693	0.04536	0.10291	0.01000	0.01097	0.00739	0.00479	0.00424	0.00137	0.00551	0.00377	0.00313	0.00671
41	0.00955	0.00927	0.01521	0.52954	0.17714	0.03661	0.06636	0.01248	0.00997	0.01305	0.04811	0.03392	0.00895	0.00500	0.00476	0.00151	0.00597	0.00463	0.00235	0.00560
42	0.00821	0.00595	0.00712	0.00718	0.00842	0.00606	0.00523	0.05023	0.15891	0.05397	0.07123	0.44402	0.09840	0.01238	0.03803	0.00195	0.00340	0.00992	0.00446	0.00493
43	0.02718	0.05408	0.04089	0.04281	0.03377	0.13110	0.03795	0.13137	0.15112	0.03503	0.07316	0.06064	0.04387	0.00666	0.00531	0.00148	0.05554	0.02401	0.03801	0.00602
44	0.02636	0.00851	0.01214	0.14732	0.06069	0.00899	0.05271	0.12033	0.04923	0.19571	0.02816	0.07670	0.01350	0.02053	0.02526	0.00180	0.03329	0.10867	0.00395	0.00616
45	0.01051	0.17507	0.36579	0.01081	0.04092	0.01109	0.01154	0.02597	0.05798	0.03932	0.03748	0.02518	0.00861	0.00468	0.00407	0.00125	0.00531	0.00366	0.00260	0.15814
46	0.01048	0.00824	0.00973	0.00699	0.01109	0.00625	0.00561	0.01252	0.00992	0.07387	0.00901	0.01010	0.00723	0.00362	0.00354	0.00074	0.00348	0.00290	0.00298	0.80169
47	0.00613	0.00487	0.00618	0.00606	0.00730	0.00439	0.02809	0.00769	0.01100	0.01439	0.27520	0.18849	0.34980	0.01210	0.03015	0.00179	0.00291	0.03489	0.00445	0.00413
48	0.01063	0.14888	0.11593	0.02664	0.05998	0.03921	0.00829	0.01297	0.00986	0.04093	0.00919	0.05310	0.00799	0.00452	0.00399	0.00103	0.01874	0.00356	0.00264	0.42192
49	0.02421	0.00438	0.00553	0.00631	0.00674	0.00421	0.00430	0.00690	0.00883	0.01197	0.02524	0.62602	0.09083	0.07794	0.00756	0.01835	0.01635	0.02929	0.02127	0.00375
50	0.01084	0.00985	0.01043	0.00823	0.02409	0.08916	0.02197	0.06680	0.04231	0.01541	0.00959	0.02504	0.00832	0.06719	0.00529	0.00116	0.00426	0.00353	0.00295	0.57355
51	0.04080	0.08272	0.13620	0.02822	0.08285	0.04119	0.02023	0.17020	0.03979	0.09204	0.02229	0.06336	0.03782	0.00562	0.00438	0.00133	0.00489	0.00455	0.00341	0.11813
52	0.01163	0.29384	0.06327	0.09506	0.01433	0.11711	0.03050	0.04622	0.04795	0.03869	0.07644	0.08376	0.03007	0.00607	0.00450	0.00134	0.02583	0.00476	0.00293	0.00569

[dist]
# distance from previous block
# <min> <max>
1	9

[block]
# block no. 1 follows, 55 sequences, length 16
# corresponding to MSA columns:
# 196-211
name=unknown_B
#
# <colnr> <probs for GDERKNQSTAVLIFYWHMCP>
#	G	D	E	R	K	N	Q	S	T	A	V	L	I	F	Y	W	H	M	C	P
0	0.01266	0.09191	0.12090	0.03074	0.15243	0.10223	0.11885	0.10542	0.01194	0.06195	0.00972	0.03578	0.00784	0.00529	0.01790	0.00143	0.01825	0.00415	0.00282	0.08778
1	0.02991	0.17719	0.21990	0.04009	0.05022	0.04763	0.04303	0.09015	0.04449	0.11584	0.00985	0.01073	0.00734	0.00474	0.00452	0.00133	0.03292	0.00363	0.00295	0.06355
2	0.00805	0.03513	0.00848	0.00932	0.09947	0.00607	0.00611	0.02701	0.00932	0.03156	0.01855	0.25685	0.02052	0.21478	0.02554	0.01629	0.00420	0.16875	0.00355	0.03044
3	0.01028	0.18902	0.56265	0.01202	0.01792	0.01234	0.04177	0.04960	0.01036	0.01456	0.00933	0.01058	0.03073	0.00459	0.00421	0.00138	0.00630	0.00355	0.00218	0.00663
4	0.00678	0.00476	0.00654	0.00654	0.00702	0.00524	0.00464	0.00762	0.00714	0.01000	0.01298	0.02235	0.01329	0.31872	0.48713	0.05845	0.00912	0.00556	0.00258	0.00355
5	0.00937	0.02825	0.01340	0.52084	0.03795	0.01002	0.05220	0.03660	0.08547	0.01360	0.01049	0.02760	0.00834	0.01890	0.04886	0.00187	0.00596	0.00453	0.06036	0.00541
6	0.00953	0.00883	0.01415	0.44174	0.23229	0.00965	0.01169	0.01251	0.02799	0.01338	0.00954	0.05424	0.00806	0.00490	0.00454	0.00141	0.00541	0.00444	0.00240	0.12330
7	0.00645	0.00476	0.00596	0.00572	0.00684	0.00435	0.00428	0.00837	0.01237	0.01706	0.61925	0.03677	0.16577	0.04832	0.00636	0.00164	0.00240	0.03421	0.00486	0.00424
8	0.01019	0.00892	0.04837	0.05017	0.20380	0.02311	0.00878	0.05716	0.10299	0.06356	0.07820	0.06973	0.07013	0.03744	0.11946	0.00245	0.00558	0.03060	0.00350	0.00588
9	0.00895	0.00517	0.00655	0.00621	0.00761	0.00476	0.00468	0.01091	0.02557	0.14339	0.34022	0.18947	0.09476	0.00964	0.00519	0.00152	0.00266	0.02366	0.10423	0.00484
10	0.01038	0.01017	0.04856	0.33231	0.24300	0.01094	0.01195	0.03164	0.16678	0.01490	0.01064	0.01301	0.00826	0.00503	0.00511	0.00151	0.04352	0.00433	0.02164	0.00633
11	0.86937	0.00900	0.00684	0.00612	0.00900	0.01044	0.00504	0.01368	0.00792	0.02087	0.00648	0.00756	0.00504	0.00432	0.00288	0.00144	0.00360	0.00252	0.00288	0.00504
12	0.01066	0.03029	0.04726	0.15063	0.11505	0.01108	0.08066	0.04308	0.20449	0.03365	0.04985	0.01467	0.01079	0.02017	0.04444	0.00190	0.11725	0.00476	0.00312	0.00620
13	0.00677	0.00451	0.00535	0.00539	0.00548	0.00457	0.00320	0.00685	0.00689	0.00926	0.01464	0.06406	0.01665	0.69153	0.09221	0.04500	0.00510	0.00677	0.00282	0.00294
14	0.00967	0.34492	0.01535	0.14780	0.05044	0.01157	0.00779	0.01189	0.04522	0.01234	0.01354	0.21911	0.02710	0.00711	0.00423	0.00138	0.00436	0.00593	0.05499	0.00527
15	0.04938	0.03160	0.09989	0.01168	0.01284	0.06212	0.01034	0.01205	0.00789	0.01200	0.00678	0.01029	0.00632	0.00871	0.05599	0.00217	0.58869	0.00388	0.00211	0.00527

[dist]
# distance from previous block
# <min> <max>
0	1

[block]
# block no. 2 follows, 55 sequences, length 10
# corresponding to MSA columns:
# 213-222
name=unknown_C
#
# <colnr> <probs for GDERKNQSTAVLIFYWHMCP>
#	G	D	E	R	K	N	Q	S	T	A	V	L	I	F	Y	W	H	M	C	P
0	0.01053	0.01164	0.09150	0.13565	0.41740	0.01044	0.12575	0.01365	0.01021	0.01449	0.00883	0.01170	0.00713	0.00518	0.03199	0.00159	0.00614	0.00418	0.00229	0.07971
1	0.01088	0.02033	0.59231	0.01210	0.01811	0.01072	0.01449	0.10871	0.03516	0.04791	0.00939	0.01043	0.00669	0.00459	0.00438	0.00140	0.00616	0.00357	0.00259	0.08006
2	0.00734	0.00491	0.00610	0.00643	0.00735	0.00462	0.00482	0.00851	0.00966	0.06014	0.05454	0.18273	0.18883	0.21074	0.01016	0.00248	0.00355	0.21902	0.00406	0.00399
3	0.00654	0.00490	0.00672	0.03250	0.00802	0.00524	0.00506	0.00780	0.00868	0.01199	0.12476	0.24447	0.04768	0.14567	0.28517	0.00412	0.03525	0.00806	0.00343	0.00394
4	0.00743	0.00493	0.00597	0.00594	0.00729	0.00437	0.00446	0.00888	0.01109	0.09325	0.21111	0.21291	0.33777	0.01134	0.00556	0.00164	0.00267	0.05433	0.00464	0.00442
5	0.59757	0.00853	0.00747	0.00669	0.00934	0.00948	0.00540	0.06660	0.02683	0.01986	0.02843	0.08912	0.00981	0.00584	0.00358	0.00146	0.00361	0.03592	0.00328	0.06119
6	0.00985	0.00885	0.00966	0.00728	0.01097	0.05908	0.00577	0.01182	0.00966	0.01448	0.00862	0.01042	0.00730	0.00666	0.08450	0.00140	0.00466	0.00299	0.00271	0.72330
7	0.00924	0.00891	0.01559	0.67754	0.10850	0.01053	0.07922	0.01238	0.00957	0.01247	0.00841	0.01233	0.00639	0.00454	0.00472	0.00154	0.00627	0.00425	0.00211	0.00548
8	0.07464	0.00964	0.01121	0.00969	0.03349	0.01030	0.03566	0.28735	0.16107	0.06376	0.08354	0.09243	0.02737	0.00707	0.00482	0.00151	0.00418	0.04245	0.00438	0.03544
9	0.00830	0.03734	0.01068	0.29027	0.06145	0.03547	0.00851	0.01025	0.00921	0.01224	0.01430	0.23672	0.01475	0.03454	0.07492	0.00217	0.02569	0.03858	0.03303	0.04159

[dist]
# distance from previous block
# <min> <max>
0	19

[block]
# block no. 3 follows, 55 sequences, length 16
# corresponding to MSA columns:
# 252-267
name=unknown_D
#
# <colnr> <probs for GDERKNQSTAVLIFYWHMCP>
#	G	D	E	R	K	N	Q	S	T	A	V	L	I	F	Y	W	H	M	C	P
0	0.07108	0.16487	0.09667	0.08314	0.06365	0.05325	0.00906	0.09464	0.03853	0.03169	0.11698	0.01604	0.04002	0.00685	0.02922	0.00159	0.04707	0.02667	0.00313	0.00585
1	0.35345	0.00949	0.00974	0.00836	0.02802	0.01022	0.02491	0.12475	0.16151	0.07973	0.01289	0.01297	0.05125	0.00529	0.00391	0.00140	0.00391	0.00396	0.00374	0.09050
2	0.07609	0.04213	0.33757	0.05664	0.03747	0.07732	0.12035	0.06566	0.03199	0.01566	0.03230	0.01190	0.00801	0.03932	0.00524	0.00155	0.00623	0.00401	0.00254	0.02801
3	0.03312	0.08268	0.02962	0.02431	0.03488	0.14594	0.11741	0.16293	0.03528	0.02983	0.04367	0.01466	0.05581	0.00565	0.00509	0.00136	0.05028	0.02699	0.00320	0.09729
4	0.82476	0.00921	0.00721	0.00636	0.00928	0.01065	0.00524	0.05443	0.00865	0.02132	0.00672	0.00775	0.00519	0.00438	0.00297	0.00144	0.00368	0.00261	0.00297	0.00519
5	0.06043	0.00615	0.00794	0.00735	0.00881	0.02256	0.00567	0.01175	0.02460	0.16758	0.04591	0.01859	0.01284	0.09750	0.44445	0.03612	0.00858	0.00501	0.00331	0.00484
6	0.00873	0.00827	0.00960	0.00907	0.00984	0.09949	0.02898	0.01011	0.02335	0.01165	0.01600	0.22955	0.04451	0.08284	0.12590	0.00286	0.21044	0.06129	0.00310	0.00444
7	0.00627	0.00462	0.00587	0.00582	0.00682	0.00422	0.00426	0.00808	0.01205	0.01661	0.56219	0.18176	0.14269	0.01074	0.00557	0.00156	0.00231	0.00948	0.00487	0.00422
8	0.00600	0.00470	0.00536	0.00524	0.00650	0.00414	0.00387	0.00752	0.01139	0.01481	0.34863	0.06424	0.43683	0.05243	0.00642	0.00169	0.00241	0.00921	0.00457	0.00405
9	0.01103	0.00944	0.01005	0.00913	0.01157	0.01082	0.00706	0.02302	0.71959	0.01910	0.06576	0.05243	0.01665	0.00685	0.00483	0.00158	0.00355	0.00578	0.00474	0.00704
10	0.00965	0.00827	0.00965	0.00689	0.01102	0.00620	0.00551	0.01171	0.00965	0.01516	0.00827	0.00965	0.00689	0.00345	0.00345	0.00069	0.00345	0.00276	0.00276	0.86494
11	0.00645	0.00441	0.00531	0.00571	0.00586	0.00432	0.00355	0.00683	0.00766	0.01020	0.01871	0.28878	0.02188	0.52876	0.01706	0.00354	0.00392	0.05045	0.00338	0.00321
12	0.00860	0.01032	0.14839	0.07844	0.09561	0.00868	0.05260	0.01179	0.05122	0.01418	0.12289	0.07532	0.06019	0.02089	0.07163	0.00214	0.09902	0.05955	0.00312	0.00541
13	0.00893	0.00644	0.00871	0.21182	0.01413	0.00659	0.00683	0.05134	0.01043	0.05768	0.06203	0.24459	0.03282	0.00792	0.00471	0.00144	0.00375	0.00693	0.13596	0.11697
14	0.05295	0.06547	0.09990	0.02352	0.03561	0.02568	0.00824	0.14100	0.13995	0.15849	0.04983	0.04356	0.06186	0.00608	0.00449	0.00140	0.00438	0.00490	0.00400	0.06868
15	0.11272	0.49895	0.07083	0.00890	0.02946	0.06296	0.00829	0.05053	0.03707	0.02903	0.00764	0.00855	0.00641	0.00426	0.00336	0.00113	0.00502	0.00285	0.00245	0.04960

[dist]
# distance from previous block
# <min> <max>
0	51

[block]
# block no. 4 follows, 55 sequences, length 21
# corresponding to MSA columns:
# 319-339
name=unknown_E
#
# <colnr> <probs for GDERKNQSTAVLIFYWHMCP>
#	G	D	E	R	K	N	Q	S	T	A	V	L	I	F	Y	W	H	M	C	P
0	0.41733	0.10636	0.03514	0.01040	0.08117	0.06751	0.07959	0.04394	0.02894	0.01791	0.04906	0.01030	0.00801	0.00461	0.00368	0.00137	0.00473	0.00343	0.00285	0.02369
1	0.06178	0.05186	0.07836	0.07686	0.04429	0.00977	0.00821	0.15254	0.07955	0.04916	0.06717	0.10929	0.07315	0.02006	0.02512	0.00169	0.04730	0.00578	0.00362	0.03446
2	0.01076	0.02916	0.01128	0.07397	0.09679	0.00978	0.00793	0.06255	0.34670	0.03411	0.07027	0.03075	0.06575	0.00645	0.00470	0.00145	0.00399	0.03106	0.00399	0.09858
3	0.00635	0.00485	0.00532	0.00513	0.00666	0.00415	0.00387	0.00781	0.01135	0.04439	0.23569	0.04117	0.58484	0.01098	0.00546	0.00154	0.00238	0.00927	0.00458	0.00419
4	0.00576	0.00411	0.00550	0.00658	0.00689	0.00386	0.00447	0.00663	0.00900	0.01198	0.02559	0.79512	0.03057	0.01449	0.00596	0.00190	0.00278	0.05069	0.00432	0.00380
5	0.00648	0.00473	0.00583	0.00556	0.00674	0.00430	0.00417	0.00848	0.01250	0.01742	0.61892	0.03576	0.18803	0.00973	0.00537	0.00146	0.00222	0.00847	0.04951	0.00430
6	0.01627	0.04575	0.03476	0.01176	0.03248	0.69640	0.00891	0.01770	0.01268	0.01196	0.00779	0.00909	0.00643	0.00479	0.00411	0.00120	0.00775	0.00311	0.06164	0.00542
7	0.00879	0.00827	0.01395	0.82532	0.03204	0.01034	0.01292	0.01189	0.00930	0.01189	0.00827	0.01240	0.00620	0.00465	0.00465	0.00155	0.00620	0.00413	0.00207	0.00517
8	0.86937	0.00900	0.00684	0.00612	0.00900	0.01044	0.00504	0.01368	0.00792	0.02087	0.00648	0.00756	0.00504	0.00432	0.00288	0.00144	0.00360	0.00252	0.00288	0.00504
9	0.00778	0.00416	0.00592	0.00592	0.00594	0.00419	0.00386	0.00627	0.00624	0.00835	0.00950	0.01745	0.00991	0.17631	0.04551	0.66924	0.00441	0.00460	0.00219	0.00225
10	0.00617	0.00471	0.00566	0.00548	0.00671	0.00421	0.00409	0.00796	0.01211	0.01628	0.51163	0.06962	0.30746	0.01050	0.00551	0.00152	0.00227	0.00909	0.00481	0.00421
11	0.01240	0.02354	0.02549	0.00949	0.05361	0.00947	0.00736	0.22561	0.05461	0.04111	0.00984	0.01072	0.00766	0.00442	0.00424	0.00104	0.02428	0.00344	0.00339	0.46828
12	0.01092	0.01080	0.06354	0.27061	0.29888	0.02989	0.03118	0.06264	0.05783	0.03557	0.01050	0.05810	0.00872	0.00516	0.00468	0.00147	0.00556	0.00466	0.00272	0.02658
13	0.07719	0.12867	0.07816	0.04019	0.31503	0.06389	0.02913	0.12711	0.03410	0.01657	0.00900	0.01123	0.00740	0.03719	0.00499	0.00147	0.00551	0.00383	0.00271	0.00664
14	0.00955	0.04909	0.02611	0.04468	0.17104	0.03638	0.06191	0.03025	0.05025	0.01271	0.01230	0.09601	0.01206	0.06971	0.07980	0.14992	0.03030	0.05020	0.00277	0.00496
15	0.04962	0.00793	0.01191	0.19595	0.18832	0.00820	0.02808	0.03262	0.01081	0.12624	0.07228	0.06274	0.10014	0.03943	0.00564	0.00165	0.00459	0.04466	0.00347	0.00572
16	0.01277	0.31232	0.07096	0.03780	0.06863	0.09493	0.02120	0.06714	0.04110	0.06986	0.03561	0.01091	0.00843	0.00546	0.02549	0.00135	0.01790	0.00351	0.00280	0.09183
17	0.04070	0.07725	0.01543	0.01268	0.13128	0.03416	0.13784	0.04005	0.01080	0.09034	0.00934	0.01075	0.00730	0.00403	0.00408	0.00110	0.00487	0.00362	0.00290	0.36149
18	0.02623	0.04361	0.17422	0.04493	0.09994	0.03072	0.02863	0.09718	0.05103	0.10500	0.01232	0.02939	0.03174	0.08008	0.03179	0.04670	0.00538	0.00453	0.00315	0.05343
19	0.04039	0.05077	0.04330	0.08046	0.12589	0.02929	0.03878	0.12223	0.20042	0.04911	0.05830	0.05901	0.01286	0.06168	0.00593	0.00168	0.00473	0.00520	0.00362	0.00636
20	0.00958	0.01025	0.11244	0.59648	0.04858	0.01002	0.03544	0.01286	0.00974	0.05577	0.00967	0.01422	0.00752	0.00505	0.00473	0.00156	0.00610	0.04203	0.00238	0.00557

[dist]
# distance from previous block
# <min> <max>
3	59

[block]
# block no. 5 follows, 55 sequences, length 16
# corresponding to MSA columns:
# 400-415
name=unknown_F
#
# <colnr> <probs for GDERKNQSTAVLIFYWHMCP>
#	G	D	E	R	K	N	Q	S	T	A	V	L	I	F	Y	W	H	M	C	P
0	0.46514	0.07740	0.16833	0.00941	0.05629	0.03439	0.00855	0.04201	0.02765	0.04501	0.00788	0.00891	0.00600	0.00444	0.00350	0.00139	0.00466	0.00300	0.00278	0.02325
1	0.00985	0.03393	0.46145	0.03228	0.03256	0.01029	0.03274	0.03606	0.06178	0.01524	0.02044	0.01128	0.01830	0.00474	0.00485	0.00136	0.04690	0.00371	0.00246	0.15975
2	0.00696	0.00531	0.00647	0.00624	0.00750	0.00514	0.00468	0.01017	0.10519	0.01719	0.52003	0.11014	0.14239	0.00999	0.00546	0.00155	0.00248	0.02364	0.00487	0.00462
3	0.01028	0.14073	0.31456	0.04502	0.08141	0.01161	0.06774	0.01582	0.15784	0.01515	0.05136	0.01442	0.01051	0.00528	0.00450	0.00145	0.00557	0.03742	0.00281	0.00652
4	0.00616	0.00450	0.00566	0.00584	0.00664	0.00414	0.00412	0.00759	0.01091	0.01486	0.38847	0.29353	0.13493	0.08242	0.00720	0.00188	0.00258	0.01001	0.00456	0.00400
5	0.00821	0.03896	0.15824	0.00829	0.01098	0.00749	0.02874	0.01274	0.14830	0.01663	0.33413	0.08392	0.08753	0.00806	0.00505	0.00149	0.00366	0.00697	0.00410	0.02650
6	0.71195	0.00862	0.00725	0.00632	0.00921	0.00965	0.00519	0.01475	0.00874	0.12715	0.00851	0.00916	0.00626	0.00457	0.00314	0.00142	0.00358	0.00290	0.04626	0.00539
7	0.00659	0.00463	0.00597	0.00618	0.00711	0.00428	0.00456	0.00822	0.01129	0.03161	0.38742	0.29256	0.11198	0.01148	0.00565	0.00166	0.00258	0.07220	0.01982	0.00421
8	0.00635	0.00499	0.00586	0.00597	0.00697	0.02459	0.00433	0.00788	0.01120	0.01491	0.36607	0.26036	0.21382	0.01214	0.03137	0.00179	0.00286	0.00984	0.00456	0.00413
9	0.00896	0.00845	0.01414	0.71566	0.02978	0.01002	0.04563	0.01200	0.00941	0.01232	0.00832	0.01216	0.00630	0.00451	0.00458	0.00147	0.00602	0.00407	0.00214	0.08407
10	0.09146	0.03904	0.09774	0.05739	0.14515	0.00880	0.02547	0.03705	0.05733	0.02681	0.04131	0.20070	0.03792	0.00724	0.00492	0.00149	0.02518	0.00622	0.00322	0.08556
11	0.11867	0.04649	0.01144	0.00895	0.01183	0.08020	0.00723	0.16583	0.16713	0.01840	0.01249	0.01301	0.05272	0.00562	0.00524	0.00134	0.08890	0.00403	0.00348	0.17700
12	0.04016	0.03790	0.52293	0.01222	0.05603	0.00997	0.01351	0.01346	0.03191	0.01400	0.00869	0.01092	0.00677	0.00748	0.05157	0.09368	0.03106	0.00362	0.00216	0.03196
13	0.01196	0.01345	0.12177	0.05288	0.37904	0.08999	0.02756	0.04801	0.08626	0.03228	0.00977	0.01150	0.00770	0.00450	0.00447	0.00134	0.00565	0.00396	0.00270	0.08521
14	0.03612	0.00853	0.01323	0.43513	0.15899	0.00924	0.01086	0.01295	0.01000	0.07822	0.02957	0.01368	0.03602	0.00485	0.00448	0.00139	0.00521	0.00424	0.00268	0.12464
15	0.12114	0.01314	0.01210	0.02431	0.08168	0.23266	0.02373	0.10824	0.04044	0.05375	0.00901	0.01005	0.00704	0.00448	0.00399	0.00117	0.00538	0.00334	0.00305	0.24130

[dist]
# distance from previous block
# <min> <max>
8	13

[block]
# block no. 6 follows, 55 sequences, length 18
# corresponding to MSA columns:
# 432-449
name=unknown_G
#
# <colnr> <probs for GDERKNQSTAVLIFYWHMCP>
#	G	D	E	R	K	N	Q	S	T	A	V	L	I	F	Y	W	H	M	C	P
0	0.30318	0.07052	0.01108	0.07963	0.01301	0.27046	0.01717	0.03641	0.01049	0.03643	0.00872	0.04631	0.00745	0.01845	0.00429	0.01329	0.00549	0.00359	0.03879	0.00524
1	0.01009	0.01176	0.16172	0.07026	0.07542	0.00982	0.10038	0.09482	0.12611	0.01647	0.06918	0.06836	0.03450	0.00816	0.04763	0.00189	0.02962	0.05440	0.00333	0.00610
2	0.00755	0.00427	0.00590	0.00590	0.00598	0.00435	0.00384	0.00648	0.00640	0.00862	0.01045	0.01938	0.01104	0.26188	0.09495	0.52835	0.00497	0.00494	0.00230	0.00246
3	0.00780	0.00650	0.00929	0.00852	0.00904	0.00771	0.04316	0.00885	0.00762	0.01080	0.01293	0.06957	0.01375	0.27723	0.22236	0.00419	0.21864	0.05529	0.00269	0.00406
4	0.03994	0.00594	0.00739	0.00718	0.00792	0.03868	0.00535	0.00868	0.00789	0.01127	0.06794	0.02041	0.01400	0.18856	0.45067	0.05387	0.05240	0.00531	0.00270	0.00392
5	0.00869	0.00709	0.01037	0.34766	0.04462	0.00742	0.00843	0.01110	0.01033	0.04402	0.15182	0.05526	0.07778	0.00636	0.00465	0.00137	0.00429	0.00553	0.04149	0.15172
6	0.01298	0.70855	0.02317	0.00887	0.01272	0.09595	0.03853	0.03228	0.01016	0.01156	0.00676	0.00784	0.00606	0.00409	0.00324	0.00105	0.00542	0.00269	0.00210	0.00597
7	0.00656	0.00500	0.00638	0.03799	0.00814	0.00474	0.00476	0.00869	0.04417	0.01541	0.37325	0.28904	0.12637	0.01086	0.00550	0.00159	0.00264	0.00962	0.00455	0.03473
8	0.04240	0.11416	0.22870	0.01131	0.06980	0.07292	0.01041	0.06577	0.01103	0.10457	0.03380	0.01139	0.00831	0.00628	0.04324	0.00160	0.04972	0.00367	0.00288	0.10804
9	0.05741	0.05071	0.11924	0.06820	0.04307	0.01020	0.18912	0.01689	0.08472	0.21657	0.01275	0.04443	0.00965	0.00546	0.00516	0.00152	0.03858	0.01628	0.00347	0.00658
10	0.00703	0.00511	0.00682	0.00762	0.00862	0.00502	0.00636	0.00878	0.01015	0.01312	0.02635	0.09771	0.12649	0.07699	0.04029	0.00245	0.00428	0.53862	0.00411	0.00409
11	0.01932	0.00870	0.01097	0.00848	0.01192	0.00821	0.00698	0.17998	0.01481	0.59139	0.01664	0.01499	0.01081	0.00570	0.00457	0.00140	0.00406	0.00455	0.06885	0.00765
12	0.02337	0.01212	0.11911	0.23962	0.10562	0.03649	0.18673	0.02560	0.04591	0.13104	0.01049	0.01249	0.00761	0.00471	0.00494	0.00150	0.01895	0.00442	0.00286	0.00641
13	0.01079	0.00654	0.00875	0.00807	0.02413	0.00653	0.02419	0.04923	0.05275	0.18957	0.11861	0.19079	0.08252	0.03610	0.03614	0.06721	0.05087	0.02770	0.00428	0.00523
14	0.04246	0.00844	0.00979	0.00896	0.03633	0.00907	0.00676	0.10835	0.27832	0.15571	0.05052	0.11604	0.03102	0.00763	0.01659	0.00161	0.02903	0.00598	0.07093	0.00647
15	0.56666	0.07135	0.04819	0.00849	0.02417	0.07726	0.03641	0.04157	0.00915	0.01846	0.00691	0.00827	0.00551	0.00461	0.00404	0.00143	0.05651	0.00289	0.00271	0.00541
16	0.04627	0.00911	0.01040	0.04289	0.01223	0.00977	0.00711	0.22736	0.21043	0.17676	0.01646	0.12586	0.01339	0.00693	0.00469	0.00150	0.00399	0.00573	0.06236	0.00675
17	0.01079	0.07177	0.18062	0.01142	0.01523	0.00975	0.16661	0.04653	0.04790	0.08444	0.01284	0.15520	0.01159	0.00637	0.00521	0.00146	0.04191	0.00567	0.00313	0.11158

[dist]
# distance from previous block
# <min> <max>
0	56

[block]
# block no. 7 follows, 55 sequences, length 9
# corresponding to MSA columns:
# 506-514
name=unknown_H
#
# <colnr> <probs for GDERKNQSTAVLIFYWHMCP>
#	G	D	E	R	K	N	Q	S	T	A	V	L	I	F	Y	W	H	M	C	P
0	0.01052	0.00923	0.03267	0.05617	0.09091	0.00793	0.00746	0.01457	0.13682	0.04644	0.01042	0.01147	0.00823	0.00416	0.00391	0.00100	0.00396	0.00347	0.00309	0.53758
1	0.00721	0.00542	0.00647	0.00581	0.00761	0.00465	0.00443	0.00899	0.01147	0.04334	0.35613	0.05421	0.28159	0.01005	0.03052	0.00157	0.00285	0.00783	0.00439	0.14546
2	0.00702	0.00488	0.00679	0.08672	0.00917	0.00518	0.00521	0.00769	0.00785	0.01062	0.01621	0.15199	0.05324	0.20047	0.18909	0.15594	0.00587	0.04701	0.02552	0.00352
3	0.00705	0.00544	0.00613	0.00586	0.00729	0.00508	0.00437	0.08436	0.01206	0.01565	0.24365	0.14652	0.39295	0.03505	0.00600	0.00165	0.00269	0.00927	0.00452	0.00439
4	0.01055	0.36099	0.30239	0.09067	0.01718	0.01367	0.04876	0.01407	0.03603	0.01290	0.00878	0.04861	0.00747	0.00478	0.00398	0.00131	0.00576	0.00373	0.00221	0.00617
5	0.01526	0.06654	0.08673	0.03139	0.01489	0.00881	0.14629	0.03246	0.01211	0.40210	0.05261	0.03618	0.01259	0.00599	0.00486	0.00149	0.00496	0.05361	0.00429	0.00684
6	0.00952	0.16857	0.10159	0.00845	0.03255	0.00956	0.00738	0.01413	0.18797	0.04350	0.14430	0.07852	0.16048	0.00764	0.00470	0.00145	0.00381	0.00634	0.00382	0.00572
7	0.07249	0.00866	0.00919	0.03070	0.01083	0.08068	0.00689	0.09316	0.09424	0.07537	0.05162	0.08089	0.03270	0.07544	0.05327	0.00223	0.03877	0.17369	0.00388	0.00530
8	0.05287	0.13826	0.15925	0.04649	0.04340	0.07271	0.00956	0.13810	0.04472	0.07876	0.03729	0.01262	0.04012	0.00516	0.00434	0.00130	0.01712	0.00392	0.00317	0.09081

[dist]
# distance from previous block
# <min> <max>
12	44

[block]
# block no. 8 follows, 55 sequences, length 31
# corresponding to MSA columns:
# 562-592
name=unknown_I
#
# <colnr> <probs for GDERKNQSTAVLIFYWHMCP>
#	G	D	E	R	K	N	Q	S	T	A	V	L	I	F	Y	W	H	M	C	P
0	0.01053	0.01118	0.09083	0.21145	0.08753	0.06398	0.01015	0.08823	0.08957	0.01485	0.03223	0.01605	0.06067	0.07142	0.00744	0.00178	0.10510	0.00478	0.01650	0.00572
1	0.00877	0.00632	0.00769	0.00714	0.02532	0.00621	0.00537	0.10516	0.05761	0.05055	0.49824	0.03143	0.13398	0.00897	0.00532	0.00149	0.00285	0.02756	0.00488	0.00512
2	0.01239	0.05432	0.10417	0.01251	0.11349	0.13741	0.02730	0.12534	0.20928	0.01786	0.12481	0.01538	0.01390	0.00577	0.00462	0.00141	0.00516	0.00473	0.00360	0.00656
3	0.00615	0.00444	0.00585	0.00667	0.00727	0.00419	0.00487	0.00738	0.00980	0.01301	0.11345	0.51611	0.08275	0.03478	0.00641	0.00194	0.00298	0.16366	0.00436	0.00393
4	0.00931	0.00841	0.01297	0.58368	0.04903	0.00951	0.01103	0.04125	0.00981	0.01320	0.00859	0.01234	0.00677	0.02999	0.00500	0.00146	0.00554	0.00394	0.00233	0.17584
5	0.01592	0.09084	0.03401	0.04703	0.01582	0.58903	0.06896	0.06065	0.01293	0.01272	0.00759	0.00899	0.00619	0.00469	0.00424	0.00124	0.00774	0.00327	0.00246	0.00568
6	0.01203	0.25135	0.32407	0.03653	0.01676	0.15515	0.05083	0.01560	0.04180	0.02917	0.00825	0.00955	0.00645	0.00451	0.00424	0.00131	0.02053	0.00332	0.00226	0.00629
7	0.01018	0.01018	0.01425	0.01221	0.01221	0.01425	0.01018	0.01120	0.00712	0.01120	0.00611	0.01018	0.00611	0.00814	0.01527	0.00204	0.82799	0.00407	0.00204	0.00509
8	0.00878	0.00588	0.00759	0.05303	0.00990	0.00598	0.00592	0.02899	0.11673	0.09711	0.04159	0.43504	0.02407	0.03511	0.00610	0.00187	0.00345	0.10356	0.00438	0.00492
9	0.01346	0.01527	0.07584	0.01533	0.03746	0.18998	0.35238	0.16067	0.04324	0.01706	0.02741	0.01184	0.00801	0.00468	0.00492	0.00144	0.00705	0.00458	0.00291	0.00645
10	0.00665	0.00498	0.00748	0.00748	0.00831	0.00582	0.00582	0.00831	0.00748	0.01080	0.01246	0.01828	0.01163	0.03489	0.81807	0.00748	0.01246	0.00498	0.00249	0.00415
11	0.00900	0.00589	0.00663	0.00612	0.00804	0.00540	0.00469	0.02789	0.08880	0.14822	0.06684	0.11138	0.47279	0.01027	0.00531	0.00157	0.00284	0.00865	0.00464	0.00503
12	0.00735	0.00493	0.00589	0.00592	0.00693	0.00458	0.00419	0.00876	0.03253	0.07092	0.14261	0.21879	0.22845	0.19508	0.00960	0.00230	0.00312	0.03972	0.00422	0.00412
13	0.01083	0.00930	0.00983	0.00890	0.01136	0.01059	0.00690	0.02245	0.69549	0.01885	0.05935	0.02048	0.08141	0.00692	0.00483	0.00157	0.00350	0.00579	0.00472	0.00693
14	0.00808	0.00404	0.00606	0.00606	0.00606	0.00404	0.00404	0.00606	0.00606	0.00808	0.00808	0.01414	0.00808	0.01616	0.01818	0.86465	0.00404	0.00404	0.00202	0.00202
15	0.00751	0.00495	0.00694	0.00685	0.00761	0.00540	0.00505	0.00866	0.00772	0.05512	0.01380	0.06156	0.01356	0.19837	0.51951	0.03851	0.00931	0.00571	0.01985	0.00399
16	0.19152	0.01067	0.01101	0.00898	0.01210	0.01184	0.00729	0.37847	0.16942	0.06675	0.06220	0.01347	0.01107	0.00572	0.00433	0.00144	0.00423	0.00435	0.01820	0.00693
17	0.00643	0.00461	0.00594	0.00674	0.00723	0.00445	0.00460	0.05599	0.00972	0.01298	0.02473	0.78164	0.02933	0.01401	0.00586	0.00186	0.00285	0.01266	0.00434	0.00404
18	0.01453	0.01003	0.01088	0.00887	0.01169	0.01091	0.00722	0.46435	0.07778	0.05848	0.01387	0.01614	0.01078	0.01993	0.00478	0.00144	0.00424	0.05303	0.19429	0.00677
19	0.08637	0.00671	0.00850	0.00713	0.00954	0.00615	0.00558	0.01617	0.01172	0.44156	0.14806	0.09697	0.03835	0.08790	0.00664	0.00179	0.00353	0.00624	0.00496	0.00611
20	0.03508	0.00627	0.00807	0.00708	0.00906	0.00585	0.00545	0.03545	0.01134	0.34089	0.11053	0.14095	0.03885	0.11475	0.04676	0.00221	0.00399	0.03740	0.03439	0.00563
21	0.01076	0.00877	0.00957	0.00867	0.01085	0.00982	0.00671	0.09647	0.49537	0.01900	0.11256	0.06686	0.01883	0.05973	0.00616	0.00178	0.00367	0.04341	0.00461	0.00643
22	0.03978	0.00920	0.01045	0.00875	0.01159	0.00966	0.00699	0.22209	0.21738	0.23062	0.01873	0.07870	0.06309	0.02268	0.00519	0.00158	0.00401	0.02774	0.00482	0.00693
23	0.00761	0.00511	0.00668	0.05773	0.00860	0.00511	0.00488	0.00878	0.00914	0.07463	0.09335	0.13212	0.16217	0.20877	0.17883	0.01584	0.00538	0.00757	0.00360	0.00410
24	0.02802	0.00589	0.00787	0.04770	0.01043	0.00602	0.00704	0.05897	0.01093	0.04455	0.02223	0.18917	0.02397	0.03591	0.00649	0.00205	0.00412	0.47986	0.00419	0.00457
25	0.05785	0.00605	0.00700	0.00678	0.00767	0.05606	0.00478	0.00980	0.00839	0.12446	0.01412	0.21213	0.01439	0.07368	0.01198	0.36752	0.00399	0.00639	0.00324	0.00372
26	0.06841	0.00590	0.00765	0.05257	0.00926	0.00648	0.00561	0.04205	0.00899	0.04461	0.07855	0.10226	0.06104	0.10892	0.21671	0.10522	0.05320	0.00613	0.01224	0.00420
27	0.00968	0.00830	0.01284	0.16610	0.26128	0.00888	0.02458	0.04321	0.05432	0.02917	0.03736	0.10639	0.03781	0.02919	0.03875	0.02161	0.02873	0.07300	0.00309	0.00569
28	0.04246	0.00768	0.01160	0.14587	0.14633	0.00814	0.04507	0.01229	0.02813	0.09988	0.08421	0.08257	0.06924	0.06217	0.03186	0.00197	0.05665	0.05505	0.00340	0.00543
29	0.00732	0.00579	0.00677	0.02240	0.03923	0.04419	0.00480	0.00857	0.00998	0.02338	0.24371	0.15533	0.10899	0.22585	0.07079	0.00276	0.00419	0.00807	0.00383	0.00405
30	0.00882	0.00806	0.01096	0.21206	0.14449	0.04710	0.02072	0.01196	0.08661	0.01388	0.11878	0.06681	0.12448	0.07750	0.02635	0.00191	0.00475	0.00629	0.00328	0.00520

[dist]
# distance from previous block
# <min> <max>
0	26

# created by:
# /st0/software/busco_prod/Augustus/scripts/msa2prfl.pl ./align_prep/923657.fa
