[name]
unknown

[dist]
# distance from previous block
# <min> <max>
5	82

[block]
# block no. 0 follows, 57 sequences, length 7
# corresponding to MSA columns:
# 106-112
name=unknown_A
#
# <colnr> <probs for GDERKNQSTAVLIFYWHMCP>
#	G	D	E	R	K	N	Q	S	T	A	V	L	I	F	Y	W	H	M	C	P
0	0.03504	0.11701	0.12252	0.01201	0.11297	0.04439	0.08609	0.02809	0.12803	0.04618	0.05430	0.07791	0.05618	0.00589	0.00443	0.00137	0.00478	0.00508	0.00313	0.05462
1	0.01103	0.14878	0.05321	0.03768	0.08702	0.11961	0.05446	0.05182	0.13968	0.01373	0.01254	0.05244	0.03547	0.08511	0.03651	0.00188	0.02890	0.02157	0.00292	0.00564
2	0.01367	0.07920	0.03475	0.14396	0.05158	0.05279	0.00928	0.33384	0.09350	0.04711	0.01057	0.01158	0.00791	0.00524	0.00488	0.00138	0.04941	0.00398	0.03878	0.00660
3	0.06541	0.00848	0.01031	0.00873	0.06792	0.00747	0.00644	0.01259	0.03321	0.05533	0.00861	0.00997	0.00701	0.00403	0.00444	0.00094	0.07099	0.00304	0.00281	0.61230
4	0.00665	0.00448	0.00564	0.00580	0.00604	0.00461	0.00382	0.00702	0.00711	0.00960	0.01491	0.07984	0.01658	0.51687	0.16377	0.06612	0.00562	0.06957	0.00284	0.00310
5	0.00800	0.00494	0.00643	0.00636	0.00704	0.00504	0.00464	0.00853	0.00863	0.06838	0.06836	0.20264	0.08692	0.09055	0.01035	0.19039	0.07100	0.04933	0.09872	0.00374
6	0.00648	0.00585	0.04004	0.00696	0.05145	0.00502	0.00503	0.00823	0.02604	0.01356	0.20087	0.11524	0.35210	0.07854	0.03002	0.00192	0.01910	0.00836	0.02095	0.00423

[dist]
# distance from previous block
# <min> <max>
7	11

[block]
# block no. 1 follows, 57 sequences, length 23
# corresponding to MSA columns:
# 125-147
name=unknown_B
#
# <colnr> <probs for GDERKNQSTAVLIFYWHMCP>
#	G	D	E	R	K	N	Q	S	T	A	V	L	I	F	Y	W	H	M	C	P
0	0.01193	0.13595	0.06590	0.00888	0.03738	0.02372	0.03800	0.05025	0.07724	0.17736	0.04807	0.04533	0.09163	0.00652	0.00468	0.00138	0.02731	0.04162	0.10097	0.00590
1	0.03780	0.00695	0.00918	0.00745	0.01032	0.00615	0.00610	0.01828	0.01241	0.58488	0.10777	0.02135	0.06493	0.00678	0.00472	0.00145	0.00353	0.05514	0.02810	0.00670
2	0.01020	0.00985	0.05340	0.31201	0.12396	0.05404	0.09363	0.01277	0.00991	0.07415	0.03354	0.07896	0.03488	0.00582	0.00538	0.00151	0.05935	0.00510	0.01599	0.00554
3	0.05442	0.02829	0.02992	0.12264	0.22477	0.08367	0.10949	0.06203	0.03224	0.07407	0.01237	0.07629	0.03948	0.00566	0.00463	0.00144	0.00539	0.02418	0.00297	0.00604
4	0.00572	0.00426	0.00525	0.00572	0.00648	0.00389	0.00402	0.00666	0.00944	0.01224	0.11173	0.42330	0.27912	0.01376	0.04201	0.04509	0.00295	0.01054	0.00410	0.00372
5	0.06473	0.00595	0.00733	0.00694	0.00875	0.00562	0.00550	0.03318	0.02590	0.21976	0.07362	0.19940	0.16095	0.00988	0.00521	0.00165	0.00328	0.15269	0.00454	0.00512
6	0.04889	0.05319	0.06935	0.10856	0.13963	0.05576	0.03387	0.32379	0.03739	0.06087	0.00984	0.01095	0.00730	0.00488	0.00449	0.00137	0.01579	0.00390	0.00335	0.00681
7	0.00856	0.00805	0.01359	0.82986	0.03121	0.01007	0.01258	0.01158	0.00906	0.01158	0.00805	0.01208	0.00604	0.00453	0.00453	0.00151	0.00604	0.00403	0.00201	0.00503
8	0.01606	0.01160	0.05152	0.00968	0.01315	0.01184	0.00822	0.50177	0.11248	0.14575	0.01295	0.01259	0.00911	0.00548	0.00445	0.00137	0.00456	0.00425	0.05577	0.00739
9	0.00629	0.00486	0.00575	0.00565	0.00688	0.00449	0.00426	0.00848	0.05020	0.01530	0.39822	0.07968	0.30825	0.03008	0.00581	0.00160	0.00246	0.05301	0.00456	0.00419
10	0.00812	0.00553	0.00664	0.00678	0.00777	0.00556	0.00488	0.12141	0.03183	0.03461	0.03493	0.53408	0.02360	0.03511	0.00575	0.00174	0.00304	0.02379	0.10032	0.00450
11	0.05710	0.00633	0.00750	0.00678	0.00860	0.00621	0.00523	0.09102	0.05283	0.15474	0.24268	0.17294	0.11153	0.00891	0.00499	0.00151	0.00302	0.02348	0.02936	0.00524
12	0.00963	0.00912	0.01546	0.30228	0.38287	0.00988	0.04985	0.01221	0.00958	0.01311	0.01012	0.05384	0.01973	0.03578	0.00567	0.00158	0.03243	0.01867	0.00233	0.00588
13	0.16559	0.03929	0.01082	0.00849	0.01123	0.04655	0.00692	0.30859	0.01392	0.13918	0.01144	0.01362	0.00896	0.05605	0.05541	0.00192	0.03214	0.02740	0.03627	0.00620
14	0.00810	0.00503	0.00578	0.00556	0.00719	0.00443	0.00433	0.00956	0.01070	0.12950	0.08047	0.07541	0.45522	0.01008	0.00512	0.00152	0.00269	0.08111	0.09371	0.00448
15	0.00760	0.00546	0.00721	0.00697	0.00770	0.00599	0.00519	0.02445	0.00840	0.05057	0.04170	0.14293	0.09788	0.18069	0.24062	0.03100	0.10072	0.02773	0.00319	0.00402
16	0.00961	0.02135	0.70181	0.06636	0.02014	0.01035	0.04215	0.01452	0.00972	0.05029	0.00860	0.01008	0.00604	0.00436	0.00437	0.00144	0.00656	0.00351	0.00210	0.00661
17	0.00596	0.00447	0.00595	0.00654	0.00694	0.00451	0.00457	0.00693	0.00894	0.01212	0.10624	0.61446	0.05703	0.03719	0.04071	0.00209	0.05630	0.01119	0.00403	0.00382
18	0.00790	0.00437	0.00635	0.00628	0.00653	0.00453	0.00436	0.03346	0.00673	0.00910	0.00919	0.04192	0.00912	0.01806	0.13726	0.68056	0.00515	0.00438	0.00220	0.00253
19	0.50705	0.00847	0.00814	0.00679	0.00976	0.00905	0.00558	0.07545	0.01039	0.24662	0.01158	0.01148	0.03484	0.00498	0.00353	0.00139	0.00363	0.00348	0.03190	0.00586
20	0.01055	0.03994	0.16743	0.06637	0.03927	0.03326	0.09896	0.08409	0.04371	0.02751	0.00970	0.01308	0.02044	0.05136	0.03528	0.00193	0.23331	0.01552	0.00255	0.00574
21	0.65274	0.00943	0.02720	0.00688	0.00996	0.01019	0.00582	0.10325	0.00993	0.11676	0.00826	0.00878	0.00600	0.00452	0.00325	0.00140	0.00379	0.00291	0.00332	0.00560
22	0.02939	0.03719	0.07890	0.05064	0.17332	0.07111	0.04389	0.14920	0.12089	0.06751	0.01153	0.01248	0.02457	0.00543	0.01966	0.00143	0.00521	0.00409	0.01947	0.07409

[dist]
# distance from previous block
# <min> <max>
0	2

[block]
# block no. 2 follows, 57 sequences, length 12
# corresponding to MSA columns:
# 150-161
name=unknown_C
#
# <colnr> <probs for GDERKNQSTAVLIFYWHMCP>
#	G	D	E	R	K	N	Q	S	T	A	V	L	I	F	Y	W	H	M	C	P
0	0.03632	0.08750	0.01298	0.01001	0.02940	0.06615	0.02575	0.28134	0.32304	0.02051	0.01340	0.03580	0.01038	0.00566	0.00437	0.00139	0.00455	0.00449	0.02009	0.00686
1	0.00750	0.00569	0.00735	0.00721	0.00808	0.02446	0.00543	0.00912	0.03804	0.03713	0.04162	0.15919	0.04850	0.10459	0.34571	0.02736	0.06195	0.03230	0.00312	0.02566
2	0.04570	0.17248	0.32931	0.01039	0.02605	0.02183	0.02988	0.06723	0.04038	0.07987	0.00958	0.03486	0.00752	0.00506	0.00447	0.03006	0.00531	0.00366	0.00268	0.07367
3	0.01119	0.17381	0.40850	0.01187	0.05193	0.04588	0.04541	0.03573	0.01029	0.08508	0.01031	0.03045	0.03297	0.00490	0.00440	0.00135	0.02322	0.00384	0.00250	0.00638
4	0.00601	0.00427	0.00545	0.00616	0.00663	0.00407	0.00421	0.00728	0.03039	0.01244	0.09917	0.59451	0.05059	0.08178	0.00706	0.00198	0.00278	0.03612	0.03531	0.00379
5	0.04768	0.00988	0.07663	0.03596	0.05285	0.01115	0.02655	0.01147	0.00807	0.04138	0.03925	0.01231	0.00846	0.01036	0.11610	0.00247	0.45292	0.00419	0.02716	0.00517
6	0.01276	0.09801	0.20456	0.05339	0.06294	0.03332	0.09516	0.06451	0.06593	0.18647	0.01249	0.03733	0.02993	0.00523	0.00461	0.00141	0.01771	0.00442	0.00326	0.00657
7	0.03809	0.12374	0.01469	0.07379	0.05227	0.06214	0.06352	0.26923	0.04093	0.06693	0.02787	0.05615	0.00949	0.00637	0.02698	0.00154	0.04174	0.00447	0.01377	0.00630
8	0.00666	0.00554	0.00596	0.00627	0.00714	0.05315	0.00442	0.00831	0.04617	0.01318	0.18147	0.41048	0.17376	0.04823	0.00623	0.00176	0.00292	0.01012	0.00420	0.00404
9	0.01034	0.09074	0.01624	0.24896	0.27723	0.03874	0.07090	0.04372	0.02331	0.01351	0.00997	0.09230	0.00899	0.00537	0.00484	0.00143	0.03021	0.00483	0.00247	0.00590
10	0.01358	0.03046	0.07885	0.06541	0.11245	0.11445	0.10635	0.17225	0.06557	0.11638	0.01144	0.04431	0.00884	0.00520	0.00453	0.00139	0.00555	0.00446	0.03199	0.00653
11	0.02549	0.00720	0.02406	0.08791	0.05319	0.03003	0.03416	0.03069	0.02032	0.01237	0.05432	0.09094	0.01334	0.05536	0.35193	0.00413	0.07999	0.01721	0.00275	0.00462

[dist]
# distance from previous block
# <min> <max>
9	32

[block]
# block no. 3 follows, 57 sequences, length 14
# corresponding to MSA columns:
# 196-209
name=unknown_D
#
# <colnr> <probs for GDERKNQSTAVLIFYWHMCP>
#	G	D	E	R	K	N	Q	S	T	A	V	L	I	F	Y	W	H	M	C	P
0	0.01244	0.01034	0.05701	0.02326	0.06137	0.01019	0.06033	0.25233	0.11974	0.07056	0.07836	0.02736	0.02573	0.00591	0.00504	0.00140	0.04424	0.01560	0.06514	0.05365
1	0.01468	0.01128	0.01215	0.00986	0.01298	0.01267	0.00798	0.50274	0.27226	0.02442	0.01338	0.01322	0.00989	0.00733	0.05223	0.00176	0.00495	0.00446	0.00444	0.00732
2	0.00668	0.00441	0.00531	0.00531	0.00541	0.00451	0.00320	0.00671	0.00662	0.00892	0.01348	0.02687	0.01512	0.67276	0.11997	0.07780	0.00530	0.00615	0.00264	0.00284
3	0.01138	0.00953	0.01578	0.17088	0.53832	0.00980	0.01223	0.01401	0.01028	0.08889	0.00975	0.01216	0.00766	0.00436	0.00441	0.00136	0.00513	0.00410	0.06334	0.00663
4	0.00693	0.00471	0.00541	0.00527	0.00614	0.00440	0.00360	0.00774	0.00893	0.05520	0.10374	0.03394	0.28313	0.37841	0.05075	0.00306	0.00379	0.02761	0.00363	0.00362
5	0.01023	0.08522	0.14217	0.13830	0.07971	0.06891	0.02769	0.04578	0.11777	0.01443	0.06845	0.01626	0.06658	0.00597	0.00531	0.00146	0.06871	0.02831	0.00292	0.00581
6	0.00652	0.00506	0.00688	0.00628	0.00750	0.00467	0.05017	0.00827	0.01126	0.01531	0.46979	0.03472	0.18600	0.12267	0.00780	0.00189	0.00289	0.04390	0.00434	0.00408
7	0.01123	0.21079	0.21416	0.04892	0.06842	0.04686	0.01030	0.01362	0.00932	0.09569	0.00910	0.01196	0.00764	0.08270	0.03355	0.00184	0.11191	0.00374	0.00245	0.00581
8	0.06071	0.01047	0.01092	0.00899	0.01198	0.04188	0.00722	0.29481	0.27303	0.13046	0.01413	0.01358	0.01023	0.00554	0.00433	0.00138	0.00418	0.00434	0.06766	0.02415
9	0.00747	0.00531	0.00666	0.00634	0.00697	0.00574	0.00446	0.03227	0.02267	0.03428	0.05225	0.02516	0.06856	0.41140	0.23867	0.00448	0.05450	0.00607	0.00299	0.00375
10	0.31938	0.01217	0.01179	0.06628	0.06033	0.20589	0.08440	0.05735	0.01046	0.03695	0.00813	0.00971	0.00634	0.00458	0.00409	0.00135	0.02938	0.00336	0.06261	0.00543
11	0.18667	0.00982	0.01375	0.06226	0.40873	0.02492	0.01038	0.02938	0.05562	0.01564	0.00981	0.01201	0.03171	0.00638	0.04960	0.00175	0.05885	0.00397	0.00258	0.00616
12	0.01186	0.01024	0.01351	0.10608	0.20671	0.03586	0.02868	0.10823	0.26103	0.05128	0.05136	0.01419	0.01098	0.00553	0.00532	0.00148	0.06294	0.00460	0.00349	0.00664
13	0.00700	0.00567	0.00775	0.16779	0.04171	0.00578	0.00625	0.03234	0.00955	0.01249	0.04495	0.30529	0.17204	0.08458	0.00683	0.00187	0.00365	0.04375	0.00355	0.03715

[dist]
# distance from previous block
# <min> <max>
0	22

[block]
# block no. 4 follows, 57 sequences, length 11
# corresponding to MSA columns:
# 232-242
name=unknown_E
#
# <colnr> <probs for GDERKNQSTAVLIFYWHMCP>
#	G	D	E	R	K	N	Q	S	T	A	V	L	I	F	Y	W	H	M	C	P
0	0.00733	0.00680	0.06104	0.00637	0.00726	0.04711	0.00467	0.00867	0.04843	0.01086	0.05442	0.15044	0.05445	0.45076	0.03828	0.02474	0.00444	0.00717	0.00313	0.00365
1	0.01079	0.07210	0.18025	0.05984	0.24985	0.01088	0.16744	0.04503	0.04554	0.04123	0.01034	0.05392	0.00861	0.00493	0.00462	0.00143	0.00579	0.01834	0.00259	0.00647
2	0.63917	0.00844	0.00762	0.06230	0.01050	0.00958	0.00564	0.05300	0.00928	0.06083	0.08846	0.01095	0.00927	0.00487	0.00336	0.00141	0.00363	0.00333	0.00320	0.00514
3	0.00986	0.00913	0.04931	0.09917	0.15924	0.00827	0.00833	0.02789	0.13473	0.01545	0.01096	0.03402	0.00893	0.00461	0.00400	0.00114	0.00409	0.00394	0.09008	0.31686
4	0.00596	0.00461	0.00543	0.00522	0.00649	0.00408	0.00392	0.00767	0.01176	0.01563	0.48242	0.03803	0.37201	0.01021	0.00535	0.00147	0.00221	0.00878	0.00465	0.00408
5	0.01214	0.13611	0.01486	0.09878	0.13603	0.19450	0.07630	0.05468	0.01121	0.02962	0.04243	0.01207	0.00885	0.00472	0.00406	0.00124	0.00546	0.00387	0.14743	0.00564
6	0.00610	0.00436	0.00590	0.00681	0.00736	0.00416	0.00506	0.00738	0.00958	0.01278	0.10402	0.54089	0.03019	0.01324	0.00587	0.00187	0.00300	0.22327	0.00428	0.00388
7	0.01138	0.02765	0.04303	0.16291	0.44920	0.03176	0.03739	0.09873	0.04656	0.01578	0.02646	0.01189	0.00799	0.00450	0.00450	0.00138	0.00548	0.00414	0.00260	0.00667
8	0.14867	0.08773	0.01283	0.01154	0.10774	0.30566	0.00819	0.08562	0.02661	0.03217	0.08889	0.01155	0.01001	0.00517	0.00446	0.00130	0.03958	0.00369	0.00292	0.00568
9	0.01060	0.06441	0.01010	0.00692	0.01049	0.00669	0.00558	0.01242	0.00977	0.11756	0.01091	0.09372	0.00958	0.00478	0.00373	0.00090	0.00345	0.00394	0.00317	0.61129
10	0.01118	0.40785	0.15700	0.01184	0.05628	0.01409	0.15575	0.04503	0.03340	0.01341	0.03445	0.01026	0.00769	0.00477	0.01793	0.00133	0.00571	0.00358	0.00231	0.00612

[dist]
# distance from previous block
# <min> <max>
0	1

[block]
# block no. 5 follows, 57 sequences, length 8
# corresponding to MSA columns:
# 244-251
name=unknown_F
#
# <colnr> <probs for GDERKNQSTAVLIFYWHMCP>
#	G	D	E	R	K	N	Q	S	T	A	V	L	I	F	Y	W	H	M	C	P
0	0.02863	0.05898	0.10627	0.00991	0.01218	0.06611	0.06653	0.01300	0.05458	0.06697	0.15816	0.03199	0.04969	0.00698	0.00710	0.00155	0.20219	0.02799	0.02579	0.00538
1	0.00921	0.03564	0.21069	0.07661	0.04218	0.05286	0.02354	0.03216	0.10207	0.01495	0.17101	0.03871	0.08935	0.00673	0.00555	0.00148	0.07300	0.00545	0.00322	0.00559
2	0.00649	0.00440	0.00532	0.00551	0.00575	0.00438	0.00350	0.00676	0.00728	0.00966	0.01738	0.13369	0.06215	0.53310	0.07726	0.05828	0.00458	0.04844	0.00302	0.00305
3	0.08127	0.00694	0.00851	0.00763	0.00907	0.00767	0.02324	0.05938	0.12212	0.07823	0.01378	0.05689	0.03321	0.05925	0.05088	0.16540	0.08846	0.03133	0.09199	0.00474
4	0.00600	0.00439	0.00550	0.00578	0.00659	0.00418	0.00414	0.00729	0.00960	0.01301	0.18061	0.30480	0.20021	0.05232	0.12615	0.00256	0.00391	0.00931	0.04978	0.00387
5	0.00665	0.00490	0.00603	0.00633	0.00721	0.00478	0.00468	0.04683	0.00974	0.01273	0.06612	0.27188	0.19041	0.13697	0.07362	0.00258	0.00393	0.13678	0.00390	0.00392
6	0.00984	0.02071	0.67582	0.01208	0.01800	0.01007	0.01492	0.05949	0.01034	0.05252	0.00993	0.06817	0.00781	0.00513	0.00443	0.00146	0.00618	0.00412	0.00240	0.00659
7	0.00979	0.26366	0.16739	0.00939	0.01237	0.03298	0.03411	0.01253	0.05337	0.01212	0.02619	0.01501	0.03047	0.08294	0.08474	0.00221	0.10726	0.03568	0.00244	0.00536

[dist]
# distance from previous block
# <min> <max>
5	39

[block]
# block no. 6 follows, 57 sequences, length 10
# corresponding to MSA columns:
# 293-302
name=unknown_G
#
# <colnr> <probs for GDERKNQSTAVLIFYWHMCP>
#	G	D	E	R	K	N	Q	S	T	A	V	L	I	F	Y	W	H	M	C	P
0	0.01111	0.10993	0.15573	0.06637	0.06261	0.03292	0.03652	0.05453	0.15577	0.07733	0.07074	0.03849	0.02864	0.00573	0.00482	0.00141	0.03948	0.00466	0.03702	0.00617
1	0.16688	0.00807	0.00958	0.00781	0.03932	0.00700	0.04154	0.01148	0.00904	0.01535	0.00916	0.06612	0.00831	0.03244	0.00421	0.00107	0.00364	0.00364	0.00278	0.55257
2	0.00946	0.04020	0.05094	0.11545	0.08686	0.02252	0.02076	0.05877	0.04915	0.04593	0.15440	0.01883	0.06331	0.03323	0.11715	0.00232	0.06810	0.00525	0.01658	0.02081
3	0.00974	0.07804	0.04614	0.21107	0.05653	0.04547	0.05343	0.03275	0.04426	0.02575	0.02438	0.09952	0.01045	0.00803	0.04121	0.03992	0.13391	0.01868	0.01554	0.00518
4	0.00625	0.00485	0.00573	0.00575	0.00698	0.00449	0.00436	0.02443	0.02621	0.01436	0.25766	0.13633	0.36542	0.01201	0.04123	0.00183	0.00295	0.07066	0.00436	0.00412
5	0.00688	0.00465	0.00631	0.00636	0.00681	0.00501	0.00446	0.00771	0.03780	0.00994	0.01326	0.09333	0.01380	0.24670	0.34068	0.17717	0.00722	0.00587	0.00267	0.00337
6	0.00637	0.00437	0.00531	0.00549	0.00568	0.00439	0.00341	0.00681	0.00742	0.01003	0.06224	0.18007	0.01999	0.55282	0.10286	0.00405	0.00475	0.00768	0.00312	0.00315
7	0.68200	0.00824	0.00695	0.00630	0.00887	0.00931	0.00506	0.01370	0.04796	0.07211	0.00965	0.09567	0.00841	0.00545	0.00332	0.00145	0.00344	0.00382	0.00323	0.00508
8	0.00877	0.00842	0.01477	0.63506	0.08353	0.00985	0.09449	0.01171	0.00930	0.01211	0.00930	0.06558	0.00776	0.00505	0.00469	0.00152	0.00594	0.00474	0.00220	0.00521
9	0.00849	0.00838	0.09285	0.07130	0.11002	0.00715	0.05675	0.00969	0.00822	0.01158	0.01073	0.12838	0.01066	0.04200	0.02900	0.24167	0.05030	0.00523	0.00245	0.09514

[dist]
# distance from previous block
# <min> <max>
7	35

[block]
# block no. 7 follows, 57 sequences, length 57
# corresponding to MSA columns:
# 347-403
name=unknown_H
#
# <colnr> <probs for GDERKNQSTAVLIFYWHMCP>
#	G	D	E	R	K	N	Q	S	T	A	V	L	I	F	Y	W	H	M	C	P
0	0.00718	0.00498	0.00679	0.02569	0.00830	0.00464	0.02696	0.02502	0.00979	0.06465	0.08708	0.55991	0.07950	0.01192	0.00549	0.00169	0.00297	0.02655	0.00420	0.03667
1	0.00628	0.00516	0.02033	0.00632	0.03583	0.00440	0.00458	0.00779	0.01063	0.02533	0.21422	0.17283	0.39932	0.01080	0.00534	0.00155	0.00260	0.03603	0.01513	0.01553
2	0.04326	0.09794	0.18322	0.08265	0.06316	0.04814	0.07773	0.02476	0.06265	0.04304	0.02015	0.01215	0.03083	0.02093	0.00564	0.00143	0.09017	0.00395	0.00258	0.08563
3	0.01147	0.02111	0.06235	0.12005	0.35723	0.01095	0.02283	0.14937	0.10996	0.01712	0.03299	0.02765	0.00944	0.02181	0.00492	0.00147	0.00512	0.00446	0.00300	0.00671
4	0.00662	0.00502	0.00708	0.00706	0.00766	0.00576	0.00530	0.00786	0.00739	0.01043	0.01413	0.09112	0.03015	0.16611	0.53308	0.00577	0.06224	0.02070	0.00268	0.00385
5	0.01465	0.26989	0.01774	0.04124	0.01468	0.10157	0.08119	0.31812	0.01453	0.05257	0.00897	0.00981	0.00689	0.00475	0.00430	0.00126	0.02454	0.00358	0.00318	0.00655
6	0.00571	0.00412	0.00540	0.00610	0.00659	0.00382	0.00419	0.00681	0.00965	0.01303	0.19633	0.62588	0.06957	0.01300	0.00567	0.00174	0.00251	0.01171	0.00438	0.00382
7	0.01125	0.01069	0.01809	0.08030	0.71242	0.01086	0.03159	0.04318	0.01066	0.01510	0.00860	0.01128	0.00711	0.00412	0.00451	0.00136	0.00546	0.00407	0.00231	0.00703
8	0.01232	0.04091	0.01600	0.06397	0.46022	0.04166	0.01149	0.10302	0.13074	0.04651	0.01042	0.01196	0.00821	0.00467	0.00460	0.00138	0.01786	0.00412	0.00296	0.00699
9	0.00856	0.00805	0.01359	0.82986	0.03121	0.01007	0.01258	0.01158	0.00906	0.01158	0.00805	0.01208	0.00604	0.00453	0.00453	0.00151	0.00604	0.00403	0.00201	0.00503
10	0.04495	0.01045	0.03756	0.06685	0.18149	0.08457	0.03340	0.01315	0.04883	0.03690	0.03646	0.03273	0.03374	0.00666	0.02975	0.00164	0.19483	0.00439	0.03371	0.06794
11	0.00663	0.00481	0.00649	0.00643	0.00687	0.00537	0.00455	0.00754	0.00698	0.00979	0.01286	0.02260	0.01335	0.37609	0.45821	0.00589	0.03390	0.00557	0.00255	0.00352
12	0.00565	0.00474	0.00522	0.00565	0.03413	0.00412	0.00392	0.00679	0.00996	0.01211	0.04058	0.12020	0.65773	0.03755	0.02963	0.00181	0.00279	0.00947	0.00404	0.00390
13	0.72783	0.00914	0.00757	0.00653	0.00942	0.01045	0.00538	0.11236	0.00958	0.03859	0.00732	0.00818	0.00554	0.00442	0.00307	0.00139	0.00367	0.00274	0.02152	0.00531
14	0.01384	0.01615	0.03601	0.01022	0.01292	0.44449	0.00799	0.01858	0.24036	0.01392	0.01162	0.01193	0.03230	0.00514	0.00420	0.00124	0.00607	0.00374	0.00307	0.10623
15	0.01127	0.00973	0.01025	0.00922	0.01178	0.01127	0.00717	0.02408	0.80430	0.01896	0.01844	0.01691	0.01383	0.00615	0.00461	0.00154	0.00359	0.00512	0.00461	0.00717
16	0.01730	0.01213	0.01319	0.01016	0.01374	0.01327	0.00838	0.69794	0.04870	0.10092	0.01180	0.01152	0.00825	0.00548	0.00454	0.00137	0.00483	0.00416	0.00464	0.00769
17	0.00724	0.00515	0.00711	0.00806	0.00902	0.00515	0.00692	0.00916	0.01011	0.01316	0.02319	0.04933	0.02528	0.08126	0.00765	0.00228	0.00419	0.71763	0.00405	0.00405
18	0.01183	0.69829	0.14579	0.00856	0.01286	0.01654	0.00911	0.01388	0.00935	0.02930	0.00684	0.00781	0.00592	0.00398	0.00316	0.00105	0.00511	0.00261	0.00202	0.00599
19	0.01798	0.00808	0.01046	0.00800	0.01151	0.00714	0.00656	0.07781	0.02816	0.60573	0.03784	0.01476	0.01123	0.00539	0.00441	0.00130	0.00382	0.00437	0.00508	0.13037
20	0.13308	0.03535	0.43449	0.01210	0.01707	0.01014	0.15661	0.01380	0.02372	0.01525	0.00952	0.03865	0.00762	0.00483	0.00430	0.00145	0.00589	0.02545	0.04463	0.00603
21	0.00574	0.00415	0.00548	0.00646	0.00691	0.00389	0.00456	0.00673	0.00902	0.01187	0.02625	0.68167	0.08181	0.01379	0.00582	0.00185	0.00281	0.11323	0.00420	0.00375
22	0.04293	0.01088	0.01231	0.00950	0.01303	0.01146	0.00783	0.50351	0.03551	0.28596	0.01321	0.01240	0.00891	0.00547	0.00449	0.00138	0.00454	0.00421	0.00484	0.00761
23	0.00597	0.00416	0.00509	0.00565	0.00586	0.00399	0.00355	0.00644	0.00787	0.01042	0.02145	0.45772	0.06155	0.36400	0.01308	0.00291	0.00336	0.01006	0.00359	0.00329
24	0.00568	0.00436	0.00521	0.00552	0.00645	0.00388	0.00394	0.00694	0.01032	0.01346	0.22748	0.34143	0.32510	0.01196	0.00551	0.00162	0.00238	0.01048	0.00440	0.00388
25	0.00869	0.00677	0.00890	0.00901	0.01062	0.00715	0.03569	0.04027	0.19444	0.01536	0.02172	0.04041	0.02192	0.01049	0.00579	0.00191	0.00419	0.54741	0.00422	0.00506
26	0.01911	0.00804	0.01046	0.00814	0.01150	0.00735	0.00668	0.07898	0.05578	0.68097	0.01726	0.01523	0.01111	0.00561	0.00450	0.00139	0.00385	0.00454	0.04196	0.00753
27	0.01675	0.02112	0.01327	0.01187	0.01430	0.78067	0.03229	0.03499	0.01296	0.01157	0.00715	0.00835	0.00591	0.00466	0.00413	0.00118	0.00809	0.00302	0.00238	0.00533
28	0.00849	0.00840	0.01539	0.01231	0.01467	0.00841	0.33018	0.01089	0.01001	0.01340	0.04866	0.11109	0.13410	0.00830	0.00669	0.00171	0.10382	0.14533	0.00318	0.00496
29	0.18021	0.00798	0.00978	0.00771	0.01105	0.00748	0.00635	0.02051	0.03974	0.63822	0.01572	0.01396	0.01012	0.00536	0.00423	0.00141	0.00378	0.00418	0.00505	0.00717
30	0.07748	0.00824	0.03531	0.06342	0.12210	0.01778	0.16458	0.01113	0.00961	0.03818	0.01563	0.28733	0.01626	0.00831	0.00523	0.00164	0.01603	0.07974	0.01685	0.00512
31	0.01175	0.00604	0.00776	0.00657	0.00876	0.00538	0.00518	0.01393	0.03660	0.31805	0.35706	0.02704	0.13624	0.00793	0.00497	0.00141	0.00289	0.00676	0.00503	0.03067
32	0.11821	0.00999	0.03000	0.14187	0.17989	0.03230	0.06521	0.06834	0.08628	0.18105	0.01166	0.01341	0.00870	0.00501	0.00442	0.00144	0.00497	0.02736	0.00340	0.00648
33	0.01084	0.02340	0.05062	0.05414	0.06464	0.05335	0.02555	0.07593	0.01071	0.03426	0.00849	0.00989	0.00678	0.00382	0.00374	0.00092	0.00433	0.00310	0.00276	0.55271
34	0.63167	0.01160	0.00860	0.00796	0.03268	0.17315	0.00613	0.05592	0.00953	0.01876	0.00675	0.00782	0.00531	0.00436	0.00320	0.00135	0.00457	0.00268	0.00279	0.00519
35	0.01209	0.22361	0.01823	0.05626	0.28903	0.01307	0.05873	0.12051	0.07790	0.02547	0.00941	0.01146	0.00772	0.00470	0.00461	0.00133	0.03882	0.01774	0.00273	0.00659
36	0.00592	0.00446	0.00542	0.00586	0.00663	0.00415	0.00410	0.00742	0.03949	0.01289	0.15000	0.43566	0.21792	0.06009	0.00657	0.00184	0.00263	0.02078	0.00426	0.00389
37	0.00720	0.00499	0.00618	0.00588	0.00701	0.00475	0.00438	0.00949	0.05188	0.04441	0.50323	0.03311	0.09820	0.12095	0.00765	0.00187	0.00271	0.05305	0.02877	0.00429
38	0.00653	0.00485	0.00623	0.00644	0.00698	0.02084	0.00457	0.00756	0.00765	0.01054	0.01612	0.19985	0.03268	0.22801	0.39108	0.00497	0.00759	0.00708	0.02677	0.00367
39	0.01211	0.84348	0.02374	0.00775	0.01163	0.01793	0.00775	0.01357	0.00921	0.01066	0.00630	0.00727	0.00582	0.00388	0.00291	0.00097	0.00485	0.00242	0.00194	0.00582
40	0.00940	0.00805	0.00940	0.00671	0.01074	0.00604	0.00537	0.01141	0.00940	0.01477	0.00805	0.00940	0.00671	0.00336	0.00336	0.00067	0.00336	0.00268	0.00268	0.86845
41	0.00658	0.00442	0.00509	0.00509	0.00514	0.00447	0.00293	0.00668	0.00663	0.00889	0.01415	0.02892	0.01616	0.79113	0.07226	0.00457	0.00487	0.00648	0.00273	0.00283
42	0.00839	0.00524	0.00676	0.00615	0.00762	0.00485	0.00473	0.01084	0.04279	0.12220	0.62626	0.03159	0.07028	0.00883	0.00523	0.00145	0.00247	0.02449	0.00500	0.00481
43	0.87276	0.00876	0.00666	0.00596	0.00876	0.01017	0.00491	0.01332	0.00771	0.02033	0.00631	0.00736	0.00491	0.00421	0.00280	0.00140	0.00351	0.00245	0.00280	0.00491
44	0.01173	0.00996	0.01051	0.00932	0.01196	0.01149	0.00728	0.08428	0.74334	0.01970	0.01785	0.01644	0.01336	0.00609	0.00460	0.00152	0.00370	0.00504	0.00460	0.00721
45	0.87276	0.00876	0.00666	0.00596	0.00876	0.01017	0.00491	0.01332	0.00771	0.02033	0.00631	0.00736	0.00491	0.00421	0.00280	0.00140	0.00351	0.00245	0.00280	0.00491
46	0.12893	0.01234	0.01268	0.00987	0.01336	0.02857	0.00813	0.68051	0.01937	0.02716	0.01021	0.01037	0.00731	0.00526	0.00430	0.00136	0.00485	0.00385	0.00427	0.00730
47	0.00597	0.00433	0.00524	0.00579	0.00631	0.00406	0.00396	0.00674	0.00860	0.01112	0.02607	0.37228	0.18237	0.24536	0.01059	0.00252	0.00321	0.08818	0.00379	0.00350
48	0.00659	0.00462	0.00584	0.00619	0.00714	0.00410	0.00432	0.00766	0.00910	0.03698	0.03431	0.61085	0.07589	0.01195	0.00529	0.00162	0.00270	0.01070	0.04561	0.10853
49	0.00606	0.00457	0.00576	0.00571	0.00676	0.00428	0.00425	0.00772	0.01098	0.01492	0.42382	0.13338	0.22278	0.01365	0.11246	0.00227	0.00355	0.00867	0.00437	0.00406
50	0.01855	0.00872	0.01096	0.00845	0.01196	0.00818	0.00695	0.15542	0.06209	0.58055	0.01608	0.01435	0.01048	0.00547	0.00448	0.00136	0.00400	0.00439	0.00518	0.06240
51	0.04524	0.00773	0.00915	0.00743	0.01015	0.00763	0.00604	0.16830	0.03770	0.36478	0.03846	0.01601	0.01175	0.00572	0.00420	0.00132	0.00356	0.02164	0.22668	0.00652
52	0.04949	0.00835	0.01075	0.00827	0.01177	0.00767	0.00684	0.11547	0.01379	0.69296	0.01663	0.01459	0.01057	0.00554	0.00449	0.00140	0.00398	0.00443	0.00538	0.00761
53	0.00949	0.00995	0.05539	0.02355	0.05111	0.01189	0.06514	0.01108	0.00793	0.01200	0.05477	0.01226	0.00872	0.00898	0.06119	0.01912	0.54935	0.00434	0.01869	0.00507
54	0.00657	0.00443	0.00532	0.00536	0.00548	0.00454	0.00325	0.00678	0.00675	0.00911	0.01419	0.05784	0.01599	0.66993	0.13723	0.02964	0.00543	0.00650	0.00273	0.00295
55	0.87276	0.00876	0.00666	0.00596	0.00876	0.01017	0.00491	0.01332	0.00771	0.02033	0.00631	0.00736	0.00491	0.00421	0.00280	0.00140	0.00351	0.00245	0.00280	0.00491
56	0.21576	0.00852	0.00995	0.00785	0.01119	0.00834	0.00647	0.10140	0.03015	0.53264	0.01450	0.01313	0.00946	0.00528	0.00415	0.00140	0.00389	0.00404	0.00483	0.00705

[dist]
# distance from previous block
# <min> <max>
0	1

[block]
# block no. 8 follows, 57 sequences, length 15
# corresponding to MSA columns:
# 405-419
name=unknown_I
#
# <colnr> <probs for GDERKNQSTAVLIFYWHMCP>
#	G	D	E	R	K	N	Q	S	T	A	V	L	I	F	Y	W	H	M	C	P
0	0.00706	0.00565	0.00847	0.00852	0.03971	0.00615	0.04760	0.00858	0.00827	0.01155	0.02973	0.13042	0.05500	0.09880	0.36065	0.00439	0.06296	0.07821	0.02411	0.00418
1	0.00947	0.00640	0.00775	0.00685	0.00868	0.00636	0.00530	0.04180	0.17230	0.10728	0.49008	0.02637	0.03029	0.00781	0.00497	0.00141	0.00277	0.00675	0.02181	0.03555
2	0.03872	0.00522	0.00611	0.00624	0.00727	0.00520	0.00467	0.05372	0.01965	0.02602	0.03763	0.18998	0.13637	0.14289	0.03529	0.02771	0.00360	0.14185	0.10781	0.00406
3	0.87276	0.00876	0.00666	0.00596	0.00876	0.01017	0.00491	0.01332	0.00771	0.02033	0.00631	0.00736	0.00491	0.00421	0.00280	0.00140	0.00351	0.00245	0.00280	0.00491
4	0.05693	0.01055	0.01143	0.00928	0.01242	0.01158	0.00751	0.37079	0.27313	0.13933	0.01425	0.01352	0.01019	0.00563	0.00444	0.00142	0.00421	0.00441	0.03171	0.00729
5	0.03790	0.75247	0.08686	0.00811	0.01218	0.01710	0.00839	0.01362	0.00919	0.01125	0.00645	0.00746	0.00578	0.00392	0.00302	0.00102	0.00495	0.00250	0.00196	0.00586
6	0.00537	0.00452	0.00466	0.00477	0.00617	0.00381	0.00352	0.00648	0.01016	0.01217	0.04374	0.12582	0.72984	0.01176	0.00540	0.00156	0.00233	0.00991	0.00421	0.00381
7	0.01272	0.73999	0.02237	0.00825	0.01193	0.11924	0.00788	0.01414	0.00966	0.01072	0.00639	0.00738	0.00582	0.00398	0.00306	0.00099	0.00526	0.00249	0.00199	0.00574
8	0.22814	0.00644	0.00742	0.05058	0.03504	0.00703	0.00558	0.03203	0.00866	0.01426	0.04349	0.01964	0.13593	0.07410	0.28653	0.00363	0.00653	0.00507	0.00295	0.02694
9	0.01088	0.01149	0.01278	0.34849	0.05108	0.23217	0.04610	0.02460	0.01022	0.01185	0.01000	0.07787	0.00915	0.00641	0.00563	0.04736	0.02972	0.04679	0.00245	0.00495
10	0.00968	0.00759	0.00965	0.00835	0.01053	0.00776	0.06398	0.12527	0.17206	0.04108	0.22190	0.05346	0.12016	0.00824	0.00513	0.00153	0.00360	0.09684	0.00439	0.02881
11	0.00658	0.00462	0.00560	0.00567	0.00674	0.00417	0.00415	0.00793	0.01054	0.05059	0.25741	0.21149	0.28230	0.07214	0.00676	0.00180	0.00265	0.05042	0.00439	0.00404
12	0.02746	0.00916	0.01343	0.35080	0.04071	0.03953	0.03579	0.01138	0.00826	0.01151	0.00766	0.01194	0.00669	0.03754	0.05244	0.00208	0.32247	0.00411	0.00209	0.00497
13	0.63561	0.08870	0.04018	0.00670	0.00986	0.01042	0.00589	0.01464	0.00868	0.13278	0.00803	0.00859	0.00593	0.00438	0.00312	0.00136	0.00381	0.00279	0.00309	0.00546
14	0.12597	0.03300	0.02612	0.23390	0.21648	0.01021	0.06766	0.02842	0.05207	0.01519	0.01171	0.10093	0.02111	0.00638	0.00517	0.02631	0.00526	0.00520	0.00293	0.00601

[dist]
# distance from previous block
# <min> <max>
1	67

[block]
# block no. 9 follows, 57 sequences, length 14
# corresponding to MSA columns:
# 487-500
name=unknown_J
#
# <colnr> <probs for GDERKNQSTAVLIFYWHMCP>
#	G	D	E	R	K	N	Q	S	T	A	V	L	I	F	Y	W	H	M	C	P
0	0.00916	0.01416	0.33969	0.08272	0.13152	0.00919	0.01197	0.01330	0.05773	0.01457	0.05392	0.01418	0.00996	0.00639	0.04046	0.00166	0.03303	0.03158	0.06710	0.05770
1	0.14837	0.01338	0.01102	0.00942	0.01199	0.25391	0.00743	0.24829	0.07849	0.01902	0.06430	0.01265	0.03377	0.00562	0.00463	0.00135	0.04140	0.00400	0.02501	0.00594
2	0.00576	0.00454	0.00522	0.00537	0.00656	0.00400	0.00402	0.00714	0.01065	0.01360	0.21791	0.16710	0.45714	0.01146	0.00548	0.00159	0.00244	0.06171	0.00439	0.00393
3	0.03074	0.00804	0.03844	0.33816	0.08637	0.00863	0.02922	0.04242	0.00954	0.04805	0.05257	0.11329	0.01165	0.02323	0.02000	0.07560	0.05094	0.00536	0.00275	0.00499
4	0.07832	0.07390	0.01238	0.05878	0.04145	0.02278	0.00789	0.18440	0.18850	0.20112	0.01325	0.03342	0.00983	0.00566	0.00486	0.00143	0.04681	0.00436	0.00407	0.00678
5	0.01686	0.01954	0.01262	0.01125	0.01375	0.67654	0.00854	0.07215	0.05404	0.06089	0.00851	0.00924	0.00670	0.00485	0.00417	0.00121	0.00746	0.00321	0.00280	0.00567
6	0.00815	0.00480	0.00592	0.00592	0.00656	0.00458	0.00398	0.00876	0.00831	0.11364	0.01891	0.20244	0.04591	0.45837	0.01497	0.00317	0.00386	0.07442	0.00360	0.00374
7	0.03915	0.02511	0.13731	0.22432	0.16765	0.00991	0.07200	0.03384	0.07369	0.07023	0.03386	0.01523	0.02779	0.00526	0.00460	0.00148	0.00537	0.04423	0.00285	0.00611
8	0.01028	0.01211	0.06510	0.01785	0.04538	0.01094	0.65200	0.01380	0.01028	0.01407	0.00967	0.03606	0.00787	0.04083	0.00634	0.00167	0.03208	0.00543	0.00234	0.00592
9	0.00741	0.00505	0.00750	0.00733	0.00833	0.00573	0.00573	0.00903	0.00766	0.06466	0.01252	0.01764	0.01132	0.03208	0.76777	0.00689	0.01158	0.00483	0.00264	0.00429
10	0.69544	0.03252	0.01009	0.00940	0.06578	0.03171	0.02202	0.03272	0.00963	0.02090	0.00851	0.01045	0.00701	0.00551	0.00409	0.00173	0.01968	0.00333	0.00336	0.00614
11	0.00663	0.00539	0.03025	0.00688	0.02753	0.00480	0.00498	0.02002	0.04888	0.02305	0.07766	0.45300	0.17225	0.01230	0.02846	0.00183	0.00310	0.02464	0.04411	0.00425
12	0.07269	0.01312	0.23822	0.10211	0.01674	0.00956	0.07965	0.10664	0.03525	0.09230	0.02405	0.03448	0.00844	0.01843	0.00460	0.00139	0.00521	0.00410	0.00300	0.13000
13	0.05129	0.10595	0.04403	0.04946	0.11868	0.06515	0.14209	0.22819	0.01304	0.01764	0.00945	0.01240	0.00773	0.00506	0.00495	0.00139	0.04775	0.04387	0.00295	0.02893

[dist]
# distance from previous block
# <min> <max>
0	1

[block]
# block no. 10 follows, 57 sequences, length 7
# corresponding to MSA columns:
# 502-508
name=unknown_K
#
# <colnr> <probs for GDERKNQSTAVLIFYWHMCP>
#	G	D	E	R	K	N	Q	S	T	A	V	L	I	F	Y	W	H	M	C	P
0	0.00718	0.00579	0.00825	0.00725	0.00877	0.00548	0.06880	0.00861	0.00856	0.01203	0.07341	0.12037	0.06576	0.19024	0.23161	0.00358	0.00607	0.00638	0.00304	0.15884
1	0.13088	0.00506	0.00581	0.00595	0.00707	0.00493	0.00437	0.00836	0.00935	0.04491	0.13017	0.29264	0.17765	0.01133	0.00656	0.10159	0.00289	0.04263	0.00391	0.00395
2	0.12895	0.53353	0.05435	0.00767	0.01144	0.01455	0.00743	0.04349	0.00967	0.04865	0.00745	0.00833	0.00623	0.00407	0.00313	0.00106	0.00451	0.00270	0.02686	0.07593
3	0.03645	0.00720	0.07269	0.00701	0.00879	0.00612	0.00580	0.07244	0.04920	0.06908	0.23302	0.20190	0.06050	0.07463	0.00643	0.00175	0.00331	0.02992	0.04888	0.00485
4	0.00659	0.00437	0.00546	0.00587	0.00638	0.00417	0.00396	0.00742	0.00865	0.04000	0.07106	0.40075	0.07245	0.24261	0.03815	0.00265	0.00346	0.03537	0.03694	0.00366
5	0.00911	0.00692	0.00878	0.15444	0.01279	0.00737	0.00665	0.07274	0.15400	0.06076	0.30628	0.05181	0.11439	0.00778	0.00498	0.00148	0.00344	0.00670	0.00427	0.00531
6	0.03653	0.00793	0.00966	0.07449	0.01191	0.02384	0.00662	0.14987	0.01255	0.34097	0.01519	0.04534	0.01202	0.11627	0.00695	0.00181	0.00421	0.04368	0.07402	0.00612

[dist]
# distance from previous block
# <min> <max>
3	4

[block]
# block no. 11 follows, 57 sequences, length 6
# corresponding to MSA columns:
# 514,517-521
name=unknown_L
#
# <colnr> <probs for GDERKNQSTAVLIFYWHMCP>
#	G	D	E	R	K	N	Q	S	T	A	V	L	I	F	Y	W	H	M	C	P
0	0.01139	0.01278	0.04303	0.09334	0.12052	0.25345	0.07321	0.01340	0.01039	0.01282	0.05187	0.06504	0.01026	0.00686	0.03551	0.00164	0.10861	0.00460	0.06600	0.00530
1	0.06483	0.03551	0.01127	0.00893	0.01182	0.11086	0.03106	0.10808	0.15826	0.01662	0.01104	0.03188	0.00919	0.00530	0.00476	0.00123	0.06058	0.03025	0.02639	0.26215
2	0.00951	0.00670	0.00800	0.00653	0.00916	0.00563	0.00508	0.04419	0.01075	0.10407	0.13025	0.07770	0.12180	0.05006	0.00537	0.00132	0.00320	0.03006	0.00377	0.36685
3	0.00706	0.00405	0.00565	0.00584	0.00611	0.00390	0.00396	0.00622	0.00735	0.00971	0.06708	0.18121	0.09561	0.01459	0.01330	0.55294	0.00339	0.00655	0.00283	0.00264
4	0.00990	0.00864	0.01284	0.54354	0.07390	0.04442	0.01099	0.04343	0.01014	0.06057	0.05552	0.05444	0.00978	0.00549	0.00502	0.00150	0.03724	0.00469	0.00263	0.00533
5	0.03621	0.07684	0.05586	0.10793	0.13305	0.06325	0.04414	0.06327	0.09536	0.05682	0.07928	0.01442	0.01131	0.00517	0.00428	0.00132	0.00477	0.02013	0.05566	0.07092

[dist]
# distance from previous block
# <min> <max>
1	23

[block]
# block no. 12 follows, 57 sequences, length 9
# corresponding to MSA columns:
# 545-553
name=unknown_M
#
# <colnr> <probs for GDERKNQSTAVLIFYWHMCP>
#	G	D	E	R	K	N	Q	S	T	A	V	L	I	F	Y	W	H	M	C	P
0	0.07263	0.01101	0.19659	0.13927	0.01559	0.00828	0.05128	0.03738	0.04148	0.07788	0.05767	0.07907	0.05317	0.04593	0.00548	0.00162	0.00479	0.04540	0.01738	0.03808
1	0.00767	0.00595	0.00863	0.02556	0.07367	0.00599	0.04865	0.03772	0.03034	0.01405	0.22103	0.17200	0.06819	0.06563	0.05315	0.09061	0.02169	0.02479	0.02034	0.00435
2	0.00632	0.00433	0.00511	0.00534	0.00571	0.00416	0.00342	0.00677	0.00800	0.01062	0.06143	0.20033	0.12822	0.42775	0.01488	0.04471	0.00353	0.02918	0.02697	0.00321
3	0.01188	0.75292	0.02267	0.00820	0.01166	0.01749	0.00799	0.01328	0.00896	0.01069	0.00626	0.00756	0.00583	0.00432	0.00421	0.00108	0.09475	0.00259	0.00194	0.00572
4	0.17613	0.00820	0.00969	0.00771	0.01089	0.00799	0.00632	0.08879	0.04551	0.50926	0.04195	0.01427	0.01093	0.00547	0.00421	0.00139	0.00376	0.00426	0.03633	0.00693
5	0.00561	0.00463	0.00494	0.00495	0.00639	0.00396	0.00377	0.00694	0.01068	0.01313	0.14948	0.04268	0.66235	0.01123	0.00540	0.00155	0.00238	0.05172	0.00431	0.00391
6	0.00575	0.00455	0.00518	0.00514	0.00639	0.00397	0.00381	0.00722	0.01109	0.01432	0.31921	0.10852	0.46694	0.01091	0.00539	0.00152	0.00227	0.00936	0.00449	0.00397
7	0.10416	0.00712	0.00726	0.00663	0.00862	0.00782	0.00516	0.01693	0.32641	0.06503	0.01550	0.01578	0.01175	0.00553	0.00379	0.00131	0.00295	0.00441	0.37817	0.00568
8	0.01211	0.84348	0.02374	0.00775	0.01163	0.01793	0.00775	0.01357	0.00921	0.01066	0.00630	0.00727	0.00582	0.00388	0.00291	0.00097	0.00485	0.00242	0.00194	0.00582

[dist]
# distance from previous block
# <min> <max>
0	8

[block]
# block no. 13 follows, 57 sequences, length 18
# corresponding to MSA columns:
# 562-579
name=unknown_N
#
# <colnr> <probs for GDERKNQSTAVLIFYWHMCP>
#	G	D	E	R	K	N	Q	S	T	A	V	L	I	F	Y	W	H	M	C	P
0	0.00948	0.00813	0.00943	0.00682	0.01078	0.00627	0.00545	0.01196	0.04401	0.01495	0.00851	0.00972	0.00702	0.00348	0.00341	0.00071	0.00337	0.00279	0.00277	0.83094
1	0.00940	0.00805	0.00940	0.00671	0.01074	0.00604	0.00537	0.01141	0.00940	0.01477	0.00805	0.00940	0.00671	0.00336	0.00336	0.00067	0.00336	0.00268	0.00268	0.86845
2	0.00647	0.00485	0.00728	0.00728	0.00809	0.00566	0.00566	0.00809	0.00728	0.01052	0.01214	0.01780	0.01133	0.03398	0.82279	0.00728	0.01214	0.00485	0.00243	0.00405
3	0.87276	0.00876	0.00666	0.00596	0.00876	0.01017	0.00491	0.01332	0.00771	0.02033	0.00631	0.00736	0.00491	0.00421	0.00280	0.00140	0.00351	0.00245	0.00280	0.00491
4	0.00590	0.00461	0.00534	0.00516	0.00645	0.00406	0.00387	0.00755	0.01161	0.01528	0.43724	0.03861	0.41742	0.01034	0.00535	0.00148	0.00221	0.00886	0.00461	0.00406
5	0.00856	0.00805	0.01359	0.82986	0.03121	0.01007	0.01258	0.01158	0.00906	0.01158	0.00805	0.01208	0.00604	0.00453	0.00453	0.00151	0.00604	0.00403	0.00201	0.00503
6	0.01165	0.01986	0.63355	0.01181	0.01778	0.00964	0.01445	0.01611	0.01034	0.19682	0.01035	0.01090	0.00699	0.00460	0.00436	0.00143	0.00605	0.00362	0.00275	0.00693
7	0.44433	0.00922	0.00944	0.00836	0.05290	0.00978	0.00641	0.14142	0.01134	0.20274	0.00991	0.01009	0.00702	0.00467	0.00360	0.00135	0.00391	0.00329	0.00369	0.05652
8	0.12521	0.00781	0.00854	0.00773	0.00996	0.00839	0.00598	0.03692	0.32879	0.15441	0.04440	0.17419	0.03128	0.00751	0.00459	0.00153	0.00336	0.00630	0.02702	0.00607
9	0.00956	0.01186	0.16101	0.40118	0.26211	0.01043	0.05373	0.01292	0.00961	0.01319	0.00827	0.01137	0.00637	0.00431	0.00452	0.00145	0.00604	0.00397	0.00208	0.00603
10	0.00937	0.00871	0.01472	0.27330	0.36026	0.00923	0.04912	0.01210	0.01041	0.01438	0.15794	0.01676	0.01391	0.00537	0.00475	0.00144	0.00506	0.02462	0.00273	0.00584
11	0.00867	0.00634	0.00726	0.00689	0.00847	0.00639	0.00516	0.11516	0.12543	0.05436	0.10665	0.30249	0.20815	0.01032	0.00525	0.00160	0.00301	0.00894	0.00446	0.00501
12	0.65082	0.00975	0.05976	0.03383	0.03706	0.01003	0.00645	0.05129	0.00903	0.05804	0.03358	0.00920	0.00675	0.00451	0.00326	0.00140	0.00390	0.00298	0.00299	0.00535
13	0.11222	0.00978	0.01120	0.08721	0.08720	0.04026	0.00798	0.18329	0.16772	0.11133	0.03516	0.02650	0.03141	0.02492	0.00499	0.00150	0.02070	0.00455	0.02572	0.00638
14	0.01183	0.03830	0.05300	0.22326	0.21785	0.03729	0.07724	0.07343	0.06812	0.09217	0.01029	0.01269	0.00792	0.00489	0.00495	0.00145	0.03765	0.01845	0.00286	0.00636
15	0.01187	0.19126	0.04744	0.05265	0.38584	0.04963	0.01089	0.03461	0.05421	0.04936	0.00925	0.01092	0.00748	0.00433	0.00405	0.00125	0.00510	0.00368	0.04401	0.02216
16	0.04911	0.07392	0.19369	0.01097	0.05568	0.11348	0.05945	0.07719	0.02298	0.06490	0.01206	0.08636	0.04491	0.00557	0.00429	0.00131	0.00527	0.00457	0.00294	0.11136
17	0.07402	0.03842	0.11097	0.07409	0.03837	0.12987	0.00854	0.08862	0.03265	0.03078	0.05780	0.07950	0.10430	0.00775	0.03037	0.00165	0.05795	0.02581	0.00315	0.00539

[dist]
# distance from previous block
# <min> <max>
0	23

[block]
# block no. 14 follows, 57 sequences, length 43
# corresponding to MSA columns:
# 604-646
name=unknown_O
#
# <colnr> <probs for GDERKNQSTAVLIFYWHMCP>
#	G	D	E	R	K	N	Q	S	T	A	V	L	I	F	Y	W	H	M	C	P
0	0.06923	0.07534	0.05051	0.24590	0.06765	0.00971	0.06022	0.06527	0.04329	0.05307	0.05130	0.07773	0.02222	0.00569	0.00440	0.00140	0.00481	0.01548	0.02091	0.05585
1	0.01121	0.13912	0.19001	0.03722	0.01389	0.01081	0.00930	0.11883	0.14438	0.04911	0.01162	0.04333	0.00951	0.00622	0.03074	0.00148	0.00497	0.02988	0.00316	0.13521
2	0.10755	0.15691	0.04484	0.00892	0.01202	0.08934	0.03350	0.19083	0.10222	0.02925	0.10539	0.01324	0.01180	0.00577	0.01728	0.00138	0.00474	0.00409	0.01981	0.04112
3	0.00885	0.00836	0.01183	0.06798	0.01226	0.02731	0.03392	0.01025	0.00751	0.01101	0.00842	0.01319	0.00800	0.05155	0.24172	0.00347	0.43157	0.00431	0.00219	0.03631
4	0.00634	0.00506	0.00584	0.00566	0.00701	0.00485	0.00428	0.02447	0.04866	0.01358	0.18091	0.03449	0.43363	0.04336	0.15873	0.00268	0.00430	0.00799	0.00400	0.00416
5	0.00991	0.00807	0.00990	0.00730	0.01108	0.00636	0.03121	0.03221	0.00993	0.04850	0.00991	0.01249	0.01844	0.01449	0.00391	0.00087	0.00360	0.04064	0.00293	0.71824
6	0.01219	0.00925	0.02648	0.04873	0.03383	0.00862	0.04763	0.19876	0.04410	0.11127	0.08657	0.03263	0.03227	0.00534	0.00432	0.00119	0.00412	0.00449	0.00375	0.28448
7	0.01166	0.01024	0.01446	0.08629	0.32606	0.01098	0.03490	0.15023	0.21843	0.01778	0.01329	0.03551	0.03894	0.00540	0.00462	0.00144	0.00479	0.00480	0.00336	0.00684
8	0.02200	0.00989	0.07560	0.16690	0.21498	0.00928	0.04768	0.08298	0.05383	0.08521	0.07167	0.06066	0.05884	0.00598	0.00472	0.00146	0.00485	0.01409	0.00325	0.00612
9	0.03876	0.01057	0.09943	0.04843	0.01338	0.04651	0.04318	0.05967	0.01074	0.14631	0.02618	0.04197	0.00904	0.02464	0.00487	0.00123	0.03201	0.00395	0.00320	0.33592
10	0.03902	0.00523	0.00753	0.00734	0.00831	0.00602	0.00574	0.00896	0.00753	0.04968	0.01193	0.01700	0.01086	0.03039	0.71141	0.03090	0.03064	0.00471	0.00257	0.00422
