[name]
unknown

[dist]
# distance from previous block
# <min> <max>
6	94

[block]
# block no. 0 follows, 49 sequences, length 13
# corresponding to MSA columns:
# 97-109
name=unknown_A
#
# <colnr> <probs for GDERKNQSTAVLIFYWHMCP>
#	G	D	E	R	K	N	Q	S	T	A	V	L	I	F	Y	W	H	M	C	P
0	0.06964	0.00991	0.01138	0.05076	0.01337	0.03504	0.00758	0.21388	0.01560	0.32879	0.05853	0.01795	0.04076	0.04256	0.00583	0.00168	0.00462	0.00521	0.05960	0.00731
1	0.10522	0.01012	0.03562	0.11526	0.01442	0.06631	0.02046	0.12145	0.01322	0.09715	0.10067	0.04916	0.09201	0.00726	0.00534	0.00158	0.03568	0.00579	0.09725	0.00604
2	0.54261	0.01170	0.01077	0.05779	0.10698	0.09381	0.00794	0.05820	0.01069	0.04743	0.00827	0.00967	0.00638	0.00488	0.00379	0.00153	0.00498	0.00329	0.00316	0.00611
3	0.07560	0.08768	0.07437	0.07823	0.03650	0.04076	0.00950	0.22159	0.04362	0.04374	0.01102	0.03971	0.00890	0.00682	0.03444	0.00166	0.03348	0.00431	0.00354	0.14452
4	0.01281	0.09769	0.06511	0.14819	0.11839	0.07622	0.05208	0.10807	0.08812	0.02952	0.01175	0.05547	0.00981	0.00663	0.02088	0.00170	0.05221	0.00492	0.03372	0.00673
5	0.00646	0.00481	0.00575	0.00614	0.00694	0.00439	0.00421	0.00756	0.01061	0.01385	0.15806	0.34599	0.25001	0.14056	0.00926	0.00232	0.00305	0.01135	0.00458	0.00410
6	0.00871	0.05971	0.01169	0.11293	0.01350	0.00858	0.06507	0.03012	0.01059	0.01427	0.13268	0.19501	0.07453	0.09332	0.05677	0.00248	0.09336	0.00808	0.00364	0.00496
7	0.06029	0.00882	0.04758	0.00816	0.01082	0.00811	0.00672	0.12775	0.06391	0.18073	0.11136	0.06731	0.16493	0.07440	0.03454	0.00212	0.00435	0.00706	0.00479	0.00625
8	0.02977	0.00570	0.00709	0.00699	0.00774	0.00591	0.00487	0.00974	0.03845	0.05586	0.07935	0.19065	0.05518	0.29547	0.11569	0.03520	0.03998	0.00830	0.00381	0.00428
9	0.01536	0.18008	0.01617	0.04533	0.07598	0.21708	0.00930	0.14831	0.04994	0.05971	0.01221	0.03998	0.03152	0.00596	0.00485	0.00141	0.02705	0.00443	0.04861	0.00670
10	0.02430	0.00681	0.00887	0.02743	0.04850	0.00658	0.02747	0.02720	0.06276	0.05801	0.09493	0.20708	0.14905	0.07289	0.06335	0.00235	0.00439	0.00848	0.02077	0.07878
11	0.08751	0.10271	0.05826	0.05714	0.12000	0.05205	0.06160	0.06417	0.09990	0.08872	0.03505	0.03294	0.02117	0.03358	0.00583	0.00166	0.03335	0.00488	0.03273	0.00676
12	0.07427	0.10736	0.06559	0.01108	0.04087	0.15517	0.03802	0.08094	0.14799	0.06412	0.04621	0.03670	0.05357	0.02318	0.00516	0.00155	0.00555	0.00499	0.00374	0.03394

[dist]
# distance from previous block
# <min> <max>
6	120

[block]
# block no. 1 follows, 49 sequences, length 6
# corresponding to MSA columns:
# 244-249
name=unknown_B
#
# <colnr> <probs for GDERKNQSTAVLIFYWHMCP>
#	G	D	E	R	K	N	Q	S	T	A	V	L	I	F	Y	W	H	M	C	P
0	0.08565	0.06772	0.07693	0.04787	0.09260	0.07797	0.02502	0.09479	0.06185	0.17342	0.04398	0.04927	0.03140	0.04270	0.00577	0.00169	0.00534	0.00517	0.00397	0.00691
1	0.06207	0.04154	0.11056	0.05834	0.01462	0.03300	0.03778	0.08100	0.05439	0.11575	0.08006	0.05185	0.06947	0.00679	0.00538	0.00152	0.03982	0.00549	0.02821	0.10236
2	0.05015	0.02719	0.05727	0.02882	0.10342	0.00990	0.06213	0.13955	0.06292	0.07486	0.05308	0.13218	0.03558	0.00740	0.00513	0.00157	0.00478	0.02611	0.02783	0.09013
3	0.09918	0.06976	0.13540	0.08703	0.06237	0.03421	0.01030	0.01604	0.09468	0.08752	0.03426	0.01515	0.03772	0.02719	0.04082	0.00196	0.09584	0.00461	0.00327	0.04267
4	0.04880	0.01130	0.07364	0.04124	0.11556	0.02519	0.04736	0.16138	0.09058	0.03618	0.04751	0.05916	0.01255	0.03471	0.05473	0.05426	0.00570	0.00537	0.02345	0.05132
5	0.10112	0.17032	0.05099	0.03045	0.04719	0.04600	0.04153	0.09505	0.05598	0.04723	0.05514	0.01353	0.03066	0.00557	0.00503	0.00138	0.05058	0.00422	0.00334	0.14469

[dist]
# distance from previous block
# <min> <max>
7	12

[block]
# block no. 2 follows, 49 sequences, length 6
# corresponding to MSA columns:
# 264-269
name=unknown_C
#
# <colnr> <probs for GDERKNQSTAVLIFYWHMCP>
#	G	D	E	R	K	N	Q	S	T	A	V	L	I	F	Y	W	H	M	C	P
0	0.04922	0.01229	0.09373	0.10425	0.09161	0.03321	0.01048	0.12194	0.05779	0.08092	0.02950	0.01465	0.00994	0.00588	0.00584	0.00151	0.07874	0.03310	0.00350	0.16190
1	0.01424	0.30833	0.08988	0.01090	0.04051	0.06881	0.00968	0.18039	0.09692	0.01838	0.01071	0.01161	0.00851	0.00538	0.00464	0.00137	0.03445	0.00385	0.07443	0.00703
2	0.41070	0.06327	0.06376	0.02774	0.03339	0.01088	0.04244	0.04853	0.01071	0.12572	0.01085	0.03693	0.00846	0.00642	0.02947	0.00174	0.00489	0.00401	0.05384	0.00625
3	0.06845	0.04358	0.04074	0.08936	0.19701	0.03268	0.09821	0.14281	0.08039	0.06633	0.01142	0.01325	0.00874	0.00595	0.00578	0.05215	0.00579	0.00458	0.02573	0.00706
4	0.00833	0.00819	0.06154	0.09215	0.01366	0.00821	0.05720	0.01037	0.00935	0.01306	0.04174	0.17425	0.01708	0.07487	0.23076	0.00388	0.11551	0.05175	0.00317	0.00494
5	0.00707	0.00518	0.00631	0.00673	0.00742	0.00503	0.00462	0.00893	0.05959	0.01397	0.13809	0.36604	0.09866	0.20101	0.01075	0.00261	0.00343	0.04584	0.00447	0.00425

[dist]
# distance from previous block
# <min> <max>
5	7

[block]
# block no. 3 follows, 49 sequences, length 8
# corresponding to MSA columns:
# 277-284
name=unknown_D
#
# <colnr> <probs for GDERKNQSTAVLIFYWHMCP>
#	G	D	E	R	K	N	Q	S	T	A	V	L	I	F	Y	W	H	M	C	P
0	0.04344	0.40240	0.04522	0.04403	0.01541	0.11509	0.05289	0.12856	0.01268	0.01577	0.00880	0.03302	0.00763	0.00533	0.00478	0.00136	0.05044	0.00377	0.00278	0.00658
1	0.01207	0.01146	0.01948	0.02911	0.72511	0.01154	0.01475	0.01497	0.01123	0.01612	0.00985	0.01313	0.00840	0.00731	0.07195	0.00206	0.00664	0.00458	0.00252	0.00772
2	0.01179	0.04867	0.05637	0.18862	0.04348	0.06047	0.09341	0.03848	0.15274	0.05639	0.01560	0.08847	0.04400	0.00677	0.00538	0.00164	0.02351	0.00587	0.05192	0.00641
3	0.00676	0.00479	0.00601	0.00647	0.00731	0.00441	0.00463	0.00802	0.01103	0.01487	0.19974	0.37194	0.18008	0.01351	0.00689	0.05103	0.00287	0.04551	0.04986	0.00423
4	0.01048	0.00926	0.01213	0.17191	0.10387	0.07513	0.04377	0.03478	0.03661	0.02898	0.06942	0.06394	0.07111	0.09135	0.03613	0.06025	0.03087	0.00615	0.03850	0.00538
5	0.00698	0.00528	0.00691	0.05322	0.00922	0.00515	0.00534	0.00917	0.04583	0.01596	0.29910	0.39794	0.09561	0.01262	0.00610	0.00183	0.00298	0.01126	0.00488	0.00462
6	0.00771	0.00484	0.00664	0.00672	0.00700	0.00508	0.00454	0.00755	0.00748	0.01023	0.01368	0.07698	0.01458	0.27600	0.24319	0.28839	0.00705	0.00629	0.00278	0.00326
7	0.01321	0.09452	0.14036	0.11804	0.15909	0.09327	0.06757	0.10113	0.02850	0.04392	0.04705	0.01324	0.00963	0.00534	0.00508	0.00151	0.02236	0.00446	0.02475	0.00696

[dist]
# distance from previous block
# <min> <max>
7	20

[block]
# block no. 4 follows, 49 sequences, length 16
# corresponding to MSA columns:
# 310-324,332
name=unknown_E
#
# <colnr> <probs for GDERKNQSTAVLIFYWHMCP>
#	G	D	E	R	K	N	Q	S	T	A	V	L	I	F	Y	W	H	M	C	P
0	0.01299	0.06466	0.10909	0.06894	0.06251	0.08205	0.09101	0.05972	0.19718	0.06854	0.05354	0.01676	0.05115	0.00623	0.00546	0.00160	0.03264	0.00522	0.00371	0.00700
1	0.00918	0.00796	0.01237	0.43071	0.09102	0.00905	0.01064	0.03307	0.01090	0.01434	0.07637	0.07522	0.08754	0.03894	0.00659	0.02817	0.00536	0.02959	0.01763	0.00537
2	0.01202	0.03561	0.05693	0.01078	0.06156	0.02055	0.04412	0.09762	0.14549	0.05404	0.06154	0.01939	0.05459	0.01860	0.00578	0.01505	0.03258	0.03031	0.12217	0.10127
3	0.00983	0.00748	0.00847	0.00823	0.00983	0.03361	0.00632	0.09737	0.10434	0.04169	0.14989	0.23576	0.09348	0.04250	0.00674	0.00196	0.00383	0.12836	0.00484	0.00544
4	0.03870	0.01021	0.07106	0.03418	0.01296	0.03308	0.00745	0.04373	0.01222	0.14769	0.10872	0.04098	0.04273	0.00597	0.00459	0.00123	0.00424	0.00490	0.00395	0.37142
5	0.01150	0.01098	0.01870	0.29645	0.53322	0.01175	0.01502	0.01463	0.01104	0.01529	0.00933	0.01284	0.00758	0.00469	0.00502	0.00156	0.00626	0.00450	0.00242	0.00719
6	0.01215	0.00967	0.01539	0.52459	0.09696	0.01110	0.03712	0.04062	0.06939	0.11636	0.01148	0.01425	0.00835	0.00531	0.00509	0.00165	0.00617	0.00471	0.00311	0.00654
7	0.03145	0.00746	0.00861	0.00705	0.00994	0.00661	0.00559	0.04208	0.04042	0.11398	0.09986	0.02016	0.05501	0.00633	0.00441	0.00123	0.00338	0.03008	0.21146	0.29490
8	0.01426	0.01135	0.01191	0.01008	0.01295	0.07081	0.03426	0.22460	0.27980	0.04909	0.05597	0.01820	0.01422	0.00665	0.00495	0.00155	0.00465	0.02802	0.13949	0.00719
9	0.01816	0.05099	0.01319	0.04391	0.08181	0.01006	0.00844	0.16731	0.03868	0.38597	0.01600	0.01545	0.01096	0.00589	0.00479	0.00149	0.00460	0.00476	0.10973	0.00782
10	0.00716	0.00505	0.00644	0.00680	0.00782	0.00463	0.00503	0.00877	0.01181	0.03955	0.26978	0.33534	0.16687	0.01310	0.00623	0.00186	0.00292	0.09128	0.00501	0.00454
11	0.01297	0.00954	0.02934	0.08479	0.09834	0.00932	0.08509	0.08665	0.09585	0.16856	0.07564	0.11388	0.09207	0.00784	0.00547	0.00167	0.00481	0.00698	0.00442	0.00677
12	0.00689	0.00491	0.00550	0.00561	0.00609	0.00466	0.00348	0.00737	0.00882	0.01139	0.05013	0.11920	0.20636	0.51732	0.01834	0.00373	0.00405	0.00894	0.00371	0.00352
13	0.05645	0.05405	0.05545	0.01000	0.01321	0.03609	0.00848	0.24417	0.19781	0.07016	0.05617	0.04290	0.04788	0.00706	0.00536	0.00160	0.03236	0.01764	0.03594	0.00720
14	0.01379	0.06064	0.05749	0.02989	0.10251	0.11750	0.04632	0.09933	0.01274	0.07822	0.01132	0.01321	0.02655	0.03254	0.00591	0.00144	0.05044	0.00418	0.02344	0.21253
15	0.01543	0.39920	0.04187	0.01072	0.05350	0.08300	0.00911	0.15452	0.01359	0.09897	0.01065	0.03878	0.00877	0.00541	0.00414	0.00130	0.00553	0.00394	0.03457	0.00700

[dist]
# distance from previous block
# <min> <max>
1	2

[block]
# block no. 5 follows, 49 sequences, length 19
# corresponding to MSA columns:
# 335-353
name=unknown_F
#
# <colnr> <probs for GDERKNQSTAVLIFYWHMCP>
#	G	D	E	R	K	N	Q	S	T	A	V	L	I	F	Y	W	H	M	C	P
0	0.10288	0.11077	0.02420	0.01848	0.03863	0.05392	0.04108	0.06631	0.10674	0.05086	0.03911	0.02927	0.02644	0.12582	0.10563	0.00283	0.04245	0.00518	0.00346	0.00594
1	0.00710	0.00515	0.00620	0.00611	0.00744	0.00458	0.00451	0.00885	0.01262	0.04257	0.38377	0.15863	0.31013	0.01192	0.00601	0.00170	0.00260	0.01035	0.00515	0.00462
2	0.02789	0.00525	0.00621	0.00655	0.00757	0.00503	0.00468	0.02677	0.03034	0.01534	0.13536	0.38604	0.19126	0.02952	0.03209	0.00207	0.00323	0.01096	0.06933	0.00451
3	0.00886	0.00602	0.00715	0.00672	0.00793	0.00595	0.00481	0.05767	0.05227	0.05098	0.28193	0.10221	0.08709	0.22381	0.03050	0.00265	0.00375	0.00830	0.04661	0.00479
4	0.26303	0.00964	0.01081	0.00866	0.01229	0.00971	0.00712	0.09468	0.06568	0.44493	0.01550	0.01423	0.01030	0.00583	0.00452	0.00157	0.00429	0.00440	0.00516	0.00766
5	0.01342	0.73776	0.02488	0.00883	0.01300	0.01921	0.00858	0.01640	0.09320	0.01289	0.00849	0.00927	0.00745	0.00460	0.00345	0.00115	0.00526	0.00303	0.00248	0.00665
6	0.01226	0.09908	0.02051	0.12482	0.61380	0.01278	0.01460	0.01516	0.01121	0.01558	0.00918	0.01216	0.00769	0.00455	0.00482	0.00148	0.00603	0.00431	0.00243	0.00755
7	0.04091	0.00850	0.01031	0.01031	0.09364	0.00879	0.00673	0.13872	0.08941	0.13127	0.03234	0.02296	0.01472	0.35373	0.01383	0.00299	0.00486	0.00598	0.00407	0.00593
8	0.76783	0.01025	0.00826	0.00719	0.01041	0.01181	0.00592	0.09647	0.01024	0.02367	0.00759	0.00864	0.00581	0.00484	0.00334	0.00156	0.00409	0.00293	0.00334	0.00581
9	0.01293	0.64879	0.02273	0.00860	0.01234	0.07019	0.00815	0.01464	0.01115	0.01318	0.12402	0.01262	0.01266	0.00529	0.00374	0.00117	0.00520	0.00371	0.00270	0.00619
10	0.00855	0.00533	0.00663	0.00617	0.00759	0.00491	0.00467	0.01081	0.01346	0.07459	0.54061	0.03397	0.10036	0.00949	0.00549	0.00153	0.00253	0.00822	0.15009	0.00499
11	0.00788	0.00580	0.00842	0.06200	0.03254	0.00656	0.00629	0.00886	0.00804	0.01122	0.01327	0.04965	0.01337	0.20162	0.39649	0.11275	0.04248	0.00590	0.00274	0.00411
12	0.01318	0.01200	0.09852	0.16065	0.08130	0.01109	0.06365	0.21140	0.03945	0.08592	0.06110	0.09312	0.03231	0.00690	0.00531	0.00164	0.00555	0.00600	0.00394	0.00697
13	0.00708	0.00502	0.00644	0.00660	0.00720	0.00509	0.00458	0.00823	0.00938	0.01294	0.13768	0.15995	0.06592	0.28639	0.21649	0.00444	0.00622	0.02265	0.02369	0.00400
14	0.10543	0.10940	0.07508	0.01022	0.01436	0.06478	0.03414	0.25067	0.03422	0.03951	0.02684	0.01218	0.02386	0.00528	0.00439	0.00133	0.00529	0.00398	0.00366	0.17535
15	0.00928	0.00675	0.03057	0.00734	0.00890	0.02574	0.00561	0.03623	0.03159	0.09954	0.16513	0.34888	0.14265	0.01176	0.00584	0.00177	0.00331	0.01030	0.04366	0.00516
16	0.05967	0.13380	0.08428	0.00949	0.03126	0.03736	0.03032	0.05693	0.03916	0.02539	0.05303	0.25924	0.04954	0.02140	0.03192	0.00190	0.01800	0.00764	0.04400	0.00565
17	0.12965	0.16014	0.23172	0.01053	0.01505	0.03004	0.05184	0.02838	0.03686	0.05468	0.01040	0.02705	0.00848	0.01707	0.02411	0.02684	0.00578	0.01423	0.02443	0.09271
18	0.04059	0.05186	0.09493	0.01224	0.13239	0.00995	0.00907	0.12458	0.05188	0.03020	0.09000	0.04496	0.06523	0.06041	0.00620	0.00164	0.00470	0.00546	0.00368	0.16004

[dist]
# distance from previous block
# <min> <max>
0	90

[block]
# block no. 6 follows, 49 sequences, length 9
# corresponding to MSA columns:
# 447-455
name=unknown_G
#
# <colnr> <probs for GDERKNQSTAVLIFYWHMCP>
#	G	D	E	R	K	N	Q	S	T	A	V	L	I	F	Y	W	H	M	C	P
0	0.05196	0.16603	0.14081	0.01560	0.18151	0.03072	0.06177	0.15296	0.03524	0.05037	0.01034	0.01170	0.00798	0.00498	0.00455	0.00143	0.00587	0.00408	0.03424	0.02787
1	0.23672	0.01064	0.05944	0.00941	0.01268	0.02410	0.03501	0.05231	0.01155	0.21621	0.03469	0.05767	0.02394	0.00642	0.00580	0.00158	0.09298	0.00477	0.00399	0.10008
2	0.01189	0.02607	0.17537	0.05137	0.09586	0.03696	0.03474	0.05438	0.10088	0.10107	0.10384	0.02152	0.11081	0.04559	0.00619	0.00175	0.00521	0.00594	0.00389	0.00668
3	0.00863	0.00808	0.08899	0.00857	0.02673	0.00605	0.00691	0.02613	0.01053	0.04477	0.05642	0.40011	0.02320	0.03609	0.02125	0.03152	0.00406	0.03919	0.00403	0.14873
4	0.00709	0.00672	0.05448	0.02738	0.03722	0.00550	0.02283	0.00890	0.01110	0.01453	0.11409	0.32232	0.24671	0.01262	0.00613	0.00187	0.00354	0.08783	0.00445	0.00472
5	0.00891	0.00518	0.00682	0.00729	0.00824	0.00477	0.00520	0.01006	0.01053	0.13066	0.02663	0.57053	0.05489	0.04515	0.00693	0.00207	0.00330	0.05922	0.02882	0.00480
6	0.75005	0.01000	0.00822	0.00713	0.01037	0.01139	0.00587	0.06585	0.00998	0.07159	0.00819	0.00904	0.00612	0.00488	0.00338	0.00156	0.00405	0.00301	0.00345	0.00588
7	0.01226	0.01081	0.01510	0.01283	0.01324	0.01466	0.01069	0.01345	0.00844	0.09275	0.00801	0.01170	0.00724	0.00858	0.01541	0.00215	0.72971	0.00449	0.00263	0.00585
8	0.00764	0.00546	0.00706	0.00711	0.00824	0.00534	0.00530	0.03931	0.01172	0.03602	0.24654	0.26330	0.13019	0.01732	0.15631	0.00300	0.00493	0.03588	0.00463	0.00471

[dist]
# distance from previous block
# <min> <max>
0	1

[block]
# block no. 7 follows, 49 sequences, length 8
# corresponding to MSA columns:
# 457-464
name=unknown_H
#
# <colnr> <probs for GDERKNQSTAVLIFYWHMCP>
#	G	D	E	R	K	N	Q	S	T	A	V	L	I	F	Y	W	H	M	C	P
0	0.01922	0.01416	0.01518	0.01163	0.01568	0.01568	0.00961	0.77388	0.02378	0.03187	0.01214	0.01214	0.00860	0.00607	0.00506	0.00152	0.00556	0.00455	0.00506	0.00860
1	0.00739	0.00563	0.00765	0.00804	0.00925	0.00534	0.03399	0.00916	0.01114	0.01436	0.06822	0.17116	0.19751	0.07205	0.00795	0.00227	0.00397	0.35595	0.00452	0.00445
2	0.00634	0.00471	0.00591	0.00652	0.00728	0.00428	0.00454	0.00762	0.01103	0.01463	0.19473	0.50228	0.18346	0.01408	0.00626	0.00189	0.00274	0.01254	0.00488	0.00428
3	0.01050	0.00897	0.00948	0.00914	0.01095	0.05338	0.00683	0.05953	0.34923	0.01746	0.02154	0.31474	0.02101	0.01249	0.06814	0.00231	0.00473	0.00870	0.00464	0.00620
4	0.03876	0.43672	0.02077	0.00995	0.01386	0.03922	0.03212	0.15048	0.01331	0.14024	0.01008	0.01064	0.00784	0.00523	0.00472	0.00134	0.05061	0.00362	0.00338	0.00711
5	0.00769	0.00577	0.00721	0.00724	0.00841	0.00571	0.00554	0.00995	0.04789	0.03423	0.25349	0.18881	0.20098	0.03487	0.00730	0.00194	0.04849	0.11488	0.00482	0.00475
6	0.01358	0.04258	0.09327	0.00921	0.02643	0.02881	0.00785	0.05150	0.03933	0.25231	0.09363	0.17168	0.05786	0.00855	0.00546	0.00163	0.01917	0.00718	0.06343	0.00653
7	0.00726	0.00529	0.00687	0.00701	0.00785	0.00509	0.02317	0.00862	0.03664	0.01338	0.10579	0.25396	0.15389	0.16470	0.03069	0.08052	0.00390	0.07711	0.00417	0.00409

[dist]
# distance from previous block
# <min> <max>
2	12

[block]
# block no. 8 follows, 49 sequences, length 19
# corresponding to MSA columns:
# 481,482,489-505
name=unknown_I
#
# <colnr> <probs for GDERKNQSTAVLIFYWHMCP>
#	G	D	E	R	K	N	Q	S	T	A	V	L	I	F	Y	W	H	M	C	P
0	0.15116	0.53480	0.04256	0.03650	0.02848	0.01682	0.02604	0.04117	0.01064	0.02915	0.00862	0.00976	0.02248	0.00468	0.00359	0.00125	0.00525	0.00318	0.00258	0.02129
1	0.28260	0.14481	0.07982	0.18372	0.01838	0.06224	0.05947	0.03212	0.01037	0.01686	0.00855	0.01131	0.00691	0.00509	0.00452	0.00154	0.03029	0.01911	0.01628	0.00599
2	0.01150	0.01163	0.04632	0.32952	0.21138	0.03902	0.09411	0.05481	0.04702	0.01591	0.02643	0.01436	0.00892	0.00527	0.00532	0.00161	0.01998	0.01875	0.00277	0.03538
3	0.00752	0.00573	0.00802	0.08694	0.01045	0.00648	0.00605	0.00879	0.00829	0.01142	0.01574	0.09486	0.03400	0.27624	0.35981	0.00555	0.04014	0.00682	0.00298	0.00417
4	0.00620	0.00499	0.00548	0.00565	0.00698	0.00432	0.00409	0.00751	0.01142	0.01425	0.14013	0.18838	0.53219	0.03714	0.00665	0.00185	0.00268	0.01106	0.00476	0.00427
5	0.00914	0.00560	0.00687	0.00675	0.00828	0.00502	0.00498	0.01088	0.03203	0.14366	0.13699	0.31558	0.27023	0.01231	0.00598	0.00179	0.00300	0.01073	0.00508	0.00510
6	0.01451	0.01158	0.01245	0.01067	0.01380	0.01307	0.00858	0.28564	0.45090	0.02436	0.01818	0.01983	0.01424	0.00720	0.00527	0.00170	0.00460	0.07042	0.00507	0.00792
7	0.05229	0.00895	0.01097	0.00870	0.01209	0.00858	0.00710	0.13811	0.04243	0.48604	0.04973	0.01720	0.01326	0.00631	0.00484	0.00151	0.00414	0.00505	0.11489	0.00780
8	0.01338	0.79206	0.05853	0.00889	0.01335	0.01966	0.00907	0.01518	0.01029	0.01207	0.00712	0.00822	0.00649	0.00435	0.00331	0.00110	0.00549	0.00275	0.00216	0.00653
9	0.00933	0.00875	0.01446	0.71195	0.05807	0.01064	0.01319	0.01250	0.01028	0.01311	0.01277	0.01658	0.07640	0.00573	0.00514	0.00168	0.00634	0.00504	0.00247	0.00558
10	0.01322	0.75418	0.09501	0.00917	0.01377	0.01927	0.00955	0.01522	0.01031	0.01226	0.00721	0.00834	0.00648	0.00437	0.00338	0.00113	0.00559	0.00280	0.00216	0.00658
11	0.10169	0.05538	0.58888	0.01261	0.01882	0.01177	0.01536	0.05181	0.01085	0.01691	0.00938	0.01188	0.00722	0.05963	0.00598	0.00179	0.00674	0.00387	0.00245	0.00698
12	0.01206	0.01189	0.01995	0.02523	0.50629	0.01305	0.08166	0.01465	0.01050	0.01528	0.00878	0.01221	0.00760	0.00569	0.00832	0.00172	0.23087	0.00461	0.00243	0.00721
13	0.00608	0.00513	0.00526	0.00523	0.00689	0.00431	0.00392	0.00746	0.01177	0.01423	0.11511	0.04772	0.72445	0.01259	0.00598	0.00170	0.00255	0.01054	0.00477	0.00431
14	0.00971	0.00915	0.01546	0.76735	0.07633	0.01128	0.01412	0.01306	0.01019	0.01312	0.00902	0.01343	0.00681	0.00503	0.00505	0.00168	0.00670	0.00449	0.00226	0.00575
15	0.00809	0.00543	0.00664	0.00621	0.00778	0.00482	0.00470	0.01004	0.01330	0.08503	0.46205	0.06080	0.28433	0.01093	0.00591	0.00164	0.00262	0.00943	0.00532	0.00492
16	0.01731	0.01293	0.01393	0.01108	0.01466	0.01432	0.00900	0.62017	0.11105	0.02897	0.01449	0.08288	0.01155	0.00701	0.00519	0.00159	0.00515	0.00554	0.00504	0.00814
17	0.01195	0.00991	0.01224	0.30213	0.03242	0.09857	0.00981	0.05389	0.01175	0.08424	0.07670	0.05373	0.01347	0.02317	0.00700	0.04218	0.06095	0.03202	0.05822	0.00566
18	0.12962	0.00611	0.00744	0.02264	0.00871	0.00670	0.00535	0.01028	0.02087	0.04807	0.01471	0.08213	0.01480	0.25970	0.33556	0.00526	0.00813	0.00625	0.00321	0.00446

[dist]
# distance from previous block
# <min> <max>
4	9

[block]
# block no. 9 follows, 49 sequences, length 19
# corresponding to MSA columns:
# 518-536
name=unknown_J
#
# <colnr> <probs for GDERKNQSTAVLIFYWHMCP>
#	G	D	E	R	K	N	Q	S	T	A	V	L	I	F	Y	W	H	M	C	P
0	0.01211	0.06936	0.07871	0.01093	0.01387	0.24395	0.10192	0.03079	0.01325	0.01602	0.22504	0.02207	0.10097	0.00724	0.00517	0.00148	0.00585	0.00605	0.02950	0.00572
1	0.00611	0.00513	0.00531	0.00526	0.00691	0.00433	0.00395	0.00752	0.01184	0.01441	0.13523	0.04742	0.70422	0.01253	0.00597	0.00169	0.00254	0.01050	0.00480	0.00433
2	0.01036	0.11111	0.23036	0.01285	0.01638	0.01237	0.12219	0.01351	0.01024	0.01464	0.09669	0.01498	0.01201	0.00997	0.09716	0.00243	0.19903	0.00490	0.00267	0.00616
3	0.10560	0.01368	0.03628	0.04849	0.08014	0.06761	0.05435	0.40103	0.05532	0.04809	0.01152	0.01232	0.00845	0.00559	0.00483	0.00153	0.00574	0.00440	0.02739	0.00763
4	0.00881	0.00620	0.00765	0.00720	0.00791	0.00674	0.00500	0.09388	0.00939	0.01284	0.01420	0.02541	0.01481	0.43927	0.24869	0.05255	0.02598	0.00624	0.00312	0.00412
5	0.00924	0.00489	0.00508	0.00512	0.00623	0.00489	0.00376	0.02741	0.01068	0.01821	0.01750	0.09809	0.01508	0.03665	0.00466	0.00141	0.00257	0.00576	0.71808	0.00468
6	0.10190	0.00511	0.00607	0.00688	0.00748	0.00507	0.00468	0.00806	0.00933	0.01369	0.02404	0.60982	0.02834	0.11347	0.00846	0.00236	0.00333	0.03347	0.00432	0.00415
7	0.80922	0.00971	0.00768	0.00679	0.00996	0.01112	0.00559	0.01544	0.00895	0.06775	0.00779	0.00874	0.00589	0.00479	0.00324	0.00156	0.00393	0.00288	0.00331	0.00566
8	0.01134	0.10238	0.01672	0.01276	0.01324	0.01600	0.01079	0.01250	0.00803	0.01214	0.00668	0.01073	0.00662	0.00834	0.01510	0.00209	0.72246	0.00423	0.00221	0.00564
9	0.01296	0.04757	0.10248	0.04329	0.11383	0.01195	0.01026	0.09173	0.32854	0.05452	0.01523	0.01531	0.02383	0.00580	0.00485	0.00151	0.00492	0.00480	0.00402	0.10260
10	0.06207	0.12554	0.29369	0.01344	0.06543	0.02843	0.04322	0.14842	0.01304	0.06904	0.01027	0.01229	0.00790	0.00553	0.00547	0.00157	0.06105	0.02325	0.00309	0.00727
11	0.00752	0.00495	0.00611	0.00615	0.00632	0.00509	0.00387	0.00762	0.00752	0.01015	0.01510	0.02982	0.01676	0.58764	0.14301	0.10042	0.00616	0.02961	0.00296	0.00324
12	0.00724	0.00509	0.00631	0.00605	0.00728	0.00469	0.00452	0.00945	0.01344	0.01912	0.59237	0.05874	0.13188	0.01029	0.00571	0.00157	0.00242	0.00898	0.10018	0.00469
13	0.04064	0.01387	0.01450	0.01238	0.05712	0.05917	0.00953	0.52916	0.16434	0.02767	0.01320	0.01314	0.00965	0.00605	0.00499	0.00154	0.00545	0.00465	0.00474	0.00822
14	0.06134	0.02680	0.01414	0.16742	0.12194	0.05302	0.02390	0.22382	0.05259	0.08262	0.01212	0.01360	0.00901	0.00551	0.00472	0.00151	0.00542	0.00448	0.10901	0.00704
15	0.02975	0.00613	0.00704	0.00705	0.00846	0.00596	0.00523	0.09415	0.02768	0.01665	0.12252	0.33139	0.26057	0.01263	0.00601	0.00183	0.00317	0.04410	0.00481	0.00488
16	0.02820	0.10036	0.04752	0.00906	0.02075	0.00957	0.04097	0.08282	0.04269	0.14679	0.01679	0.12213	0.03484	0.04382	0.00630	0.00169	0.04854	0.00608	0.18488	0.00619
17	0.00773	0.00631	0.03370	0.02215	0.00835	0.00571	0.00509	0.04272	0.02630	0.01463	0.12226	0.12046	0.22127	0.22292	0.05742	0.00290	0.00426	0.02019	0.05117	0.00445
18	0.05514	0.00673	0.00842	0.00809	0.04380	0.00603	0.03331	0.01013	0.02193	0.01575	0.11855	0.17942	0.24305	0.01063	0.02816	0.00172	0.00363	0.00842	0.02114	0.17596

[dist]
# distance from previous block
# <min> <max>
4	35

[block]
# block no. 10 follows, 49 sequences, length 24
# corresponding to MSA columns:
# 588-592,605-623
name=unknown_K
#
# <colnr> <probs for GDERKNQSTAVLIFYWHMCP>
#	G	D	E	R	K	N	Q	S	T	A	V	L	I	F	Y	W	H	M	C	P
0	0.00746	0.07259	0.00771	0.00638	0.00774	0.00576	0.00479	0.00875	0.01131	0.02948	0.21364	0.22487	0.27529	0.04170	0.00725	0.04333	0.00308	0.01984	0.00454	0.00448
1	0.01834	0.01372	0.01468	0.01146	0.01534	0.01527	0.00940	0.67453	0.12457	0.03044	0.01326	0.01304	0.00951	0.00618	0.00507	0.00154	0.00536	0.00471	0.00507	0.00852
2	0.46378	0.00950	0.00885	0.00757	0.01057	0.01050	0.00615	0.12005	0.05754	0.10363	0.06080	0.01331	0.01070	0.00566	0.00394	0.00153	0.00393	0.00402	0.09171	0.00626
3	0.44794	0.07863	0.01206	0.00877	0.01237	0.01360	0.00736	0.30335	0.01466	0.04559	0.00932	0.00993	0.00693	0.00523	0.00392	0.00151	0.00467	0.00349	0.00386	0.00683
4	0.81925	0.00998	0.00779	0.00688	0.01005	0.01154	0.00567	0.04993	0.00931	0.02311	0.00728	0.00840	0.00562	0.00476	0.00322	0.00156	0.00399	0.00282	0.00322	0.00562
5	0.01324	0.75947	0.08992	0.00913	0.01371	0.01933	0.00948	0.01521	0.01031	0.01224	0.00720	0.00832	0.00648	0.00437	0.00337	0.00112	0.00558	0.00279	0.00216	0.00657
6	0.23707	0.09879	0.06512	0.02513	0.07863	0.04409	0.00874	0.17562	0.02694	0.03961	0.02891	0.05970	0.00992	0.00582	0.00431	0.00147	0.00496	0.00441	0.02778	0.05299
7	0.01214	0.08519	0.04461	0.01993	0.02697	0.05009	0.00815	0.06018	0.35701	0.01839	0.03096	0.01761	0.01325	0.02263	0.03840	0.02434	0.03474	0.02088	0.10780	0.00673
8	0.00665	0.00469	0.00607	0.00670	0.00730	0.00436	0.00466	0.00759	0.01039	0.01383	0.15406	0.47319	0.11910	0.04753	0.00822	0.07218	0.00307	0.04178	0.00456	0.00406
9	0.03177	0.00821	0.01190	0.37805	0.07714	0.02436	0.01002	0.04204	0.01042	0.01400	0.01479	0.06854	0.06260	0.10376	0.07825	0.00262	0.00631	0.01944	0.03050	0.00529
10	0.00829	0.00612	0.00690	0.00700	0.00819	0.04363	0.00507	0.00996	0.02464	0.06696	0.23448	0.33427	0.16703	0.03214	0.00651	0.00187	0.00321	0.02409	0.00490	0.00475
11	0.00878	0.00439	0.00659	0.00659	0.00659	0.00439	0.00439	0.00659	0.00659	0.00878	0.00878	0.01537	0.00878	0.01757	0.01976	0.85288	0.00439	0.00439	0.00220	0.00220
12	0.08390	0.41353	0.10513	0.03053	0.03986	0.17007	0.01015	0.05309	0.01162	0.01448	0.00778	0.00912	0.00656	0.00478	0.00411	0.00129	0.02188	0.00315	0.00248	0.00650
13	0.07777	0.00553	0.00704	0.00698	0.00791	0.00583	0.00515	0.00875	0.00862	0.01280	0.04107	0.08276	0.09745	0.06656	0.24543	0.21862	0.02129	0.02200	0.03715	0.02129
14	0.01173	0.06176	0.11861	0.12530	0.16398	0.01067	0.01108	0.06482	0.09842	0.07366	0.04375	0.10712	0.04225	0.00756	0.02068	0.00173	0.00539	0.00598	0.00359	0.02192
15	0.04234	0.05380	0.08087	0.03914	0.10354	0.07575	0.04317	0.18373	0.11619	0.06948	0.01440	0.08024	0.02764	0.00657	0.00514	0.00158	0.01691	0.00541	0.02696	0.00714
16	0.70532	0.00961	0.00753	0.00676	0.00961	0.03132	0.00546	0.03209	0.00941	0.02194	0.03415	0.01073	0.00786	0.02657	0.00393	0.00162	0.00395	0.00327	0.06347	0.00542
17	0.01381	0.02305	0.06617	0.09054	0.22800	0.01271	0.07899	0.25147	0.03529	0.03074	0.01278	0.01448	0.04437	0.00573	0.00554	0.00158	0.03827	0.00491	0.03414	0.00743
18	0.00914	0.00984	0.12554	0.03762	0.03937	0.02196	0.10484	0.01159	0.01084	0.05270	0.04560	0.36411	0.04776	0.01039	0.00576	0.00180	0.00471	0.03418	0.05679	0.00546
19	0.00732	0.00665	0.04960	0.07447	0.03168	0.00571	0.02169	0.00904	0.01034	0.01412	0.07888	0.52687	0.04369	0.01256	0.00598	0.00186	0.00370	0.02954	0.02025	0.04604
20	0.09832	0.11251	0.01589	0.05007	0.01520	0.03329	0.11595	0.17255	0.02902	0.06515	0.01274	0.06676	0.02533	0.00737	0.02929	0.00178	0.07773	0.00516	0.05939	0.00651
21	0.01279	0.01231	0.09245	0.06831	0.16464	0.01159	0.07291	0.12852	0.21307	0.03723	0.01410	0.02817	0.01085	0.00578	0.00496	0.00157	0.00531	0.00507	0.10303	0.00735
22	0.07986	0.00782	0.01915	0.00770	0.00938	0.03405	0.01948	0.04760	0.06180	0.04528	0.14237	0.06763	0.08786	0.08317	0.03965	0.00215	0.06465	0.00661	0.16853	0.00526
23	0.01355	0.17609	0.08786	0.01044	0.01367	0.12859	0.02296	0.06339	0.01201	0.09447	0.04723	0.07878	0.01173	0.00784	0.03796	0.00173	0.09783	0.00489	0.00331	0.08565

[dist]
# distance from previous block
# <min> <max>
19	85

[block]
# block no. 11 follows, 49 sequences, length 14
# corresponding to MSA columns:
# 740-743,752-761
name=unknown_L
#
# <colnr> <probs for GDERKNQSTAVLIFYWHMCP>
#	G	D	E	R	K	N	Q	S	T	A	V	L	I	F	Y	W	H	M	C	P
0	0.00840	0.00563	0.00690	0.00663	0.00798	0.00527	0.00494	0.04258	0.01286	0.06367	0.36163	0.15005	0.16153	0.06737	0.00726	0.00192	0.00301	0.03920	0.03830	0.00486
1	0.01176	0.03648	0.01002	0.00889	0.03962	0.00792	0.01971	0.06648	0.11251	0.15147	0.08564	0.10183	0.13542	0.08262	0.04155	0.00223	0.00437	0.03755	0.03791	0.00603
2	0.00965	0.00591	0.00684	0.00645	0.00776	0.00584	0.00465	0.04712	0.04164	0.08487	0.08220	0.09564	0.11591	0.21127	0.06301	0.00280	0.00419	0.00740	0.19200	0.00485
3	0.01109	0.14236	0.37273	0.01348	0.01873	0.04108	0.13291	0.02821	0.01088	0.01505	0.01024	0.06253	0.00869	0.00689	0.03877	0.00182	0.03873	0.00467	0.00250	0.03866
4	0.24536	0.03053	0.01288	0.08217	0.05362	0.07912	0.03308	0.17791	0.01332	0.09372	0.01053	0.01222	0.00804	0.02310	0.02386	0.00177	0.04871	0.00407	0.03941	0.00658
5	0.00982	0.00821	0.00956	0.05299	0.04225	0.06881	0.03119	0.06557	0.03921	0.03693	0.18204	0.14553	0.14747	0.04722	0.02579	0.00198	0.00441	0.04046	0.03524	0.00531
6	0.04301	0.07630	0.03050	0.02832	0.12353	0.06349	0.05583	0.07084	0.03321	0.04308	0.07328	0.04209	0.01193	0.00554	0.00487	0.00130	0.02469	0.00461	0.00335	0.26023
7	0.12551	0.00982	0.06470	0.00863	0.01161	0.02937	0.00734	0.06071	0.10818	0.22876	0.10310	0.09141	0.05659	0.00778	0.00504	0.00163	0.00413	0.02436	0.04468	0.00665
8	0.00770	0.00533	0.00655	0.00655	0.00778	0.00490	0.00476	0.00974	0.03993	0.06103	0.30890	0.26371	0.20798	0.03348	0.00655	0.00184	0.00282	0.01060	0.00508	0.00476
9	0.04441	0.00728	0.01027	0.03078	0.01136	0.00742	0.07657	0.01300	0.07009	0.11961	0.04494	0.12968	0.07254	0.15376	0.04485	0.04387	0.04018	0.07010	0.00404	0.00525
10	0.00797	0.00576	0.00665	0.00664	0.00803	0.00540	0.00482	0.04691	0.04681	0.04582	0.09119	0.30910	0.29700	0.04919	0.00682	0.00192	0.00308	0.01066	0.02702	0.01921
11	0.00817	0.00594	0.03645	0.00696	0.00790	0.00536	0.00511	0.00921	0.00945	0.05963	0.11999	0.16634	0.04547	0.28174	0.15662	0.05379	0.00574	0.00812	0.00377	0.00422
12	0.10755	0.05384	0.04113	0.08598	0.08750	0.03805	0.11118	0.09268	0.08306	0.03080	0.04578	0.01778	0.09593	0.02357	0.00583	0.00165	0.03714	0.00534	0.00347	0.03173
13	0.00799	0.00579	0.00663	0.03059	0.00840	0.03315	0.00496	0.00957	0.02219	0.03951	0.11281	0.32354	0.13799	0.08275	0.04171	0.00229	0.00376	0.00991	0.11195	0.00452

[dist]
# distance from previous block
# <min> <max>
3	14

[block]
# block no. 12 follows, 49 sequences, length 10
# corresponding to MSA columns:
# 776-785
name=unknown_M
#
# <colnr> <probs for GDERKNQSTAVLIFYWHMCP>
#	G	D	E	R	K	N	Q	S	T	A	V	L	I	F	Y	W	H	M	C	P
0	0.08303	0.02868	0.04259	0.03225	0.10289	0.05327	0.08655	0.13904	0.14098	0.03909	0.03917	0.09608	0.03510	0.00706	0.00512	0.00163	0.00521	0.02498	0.03051	0.00679
1	0.00955	0.04270	0.01026	0.00954	0.04855	0.03033	0.04084	0.09245	0.01212	0.03477	0.08854	0.34631	0.10463	0.05695	0.00728	0.00197	0.02742	0.02624	0.00431	0.00524
2	0.03376	0.03153	0.06730	0.02714	0.10423	0.03885	0.06241	0.13728	0.12002	0.05379	0.09176	0.03696	0.01443	0.06594	0.02198	0.00195	0.04865	0.00551	0.00384	0.03266
3	0.02658	0.04393	0.03880	0.05566	0.05383	0.00897	0.02220	0.03286	0.07843	0.10000	0.04768	0.10008	0.06594	0.09520	0.10691	0.00279	0.06723	0.00647	0.00375	0.04269
4	0.01058	0.00888	0.03430	0.06858	0.07974	0.00891	0.04398	0.04783	0.08887	0.07329	0.08643	0.08386	0.13449	0.04199	0.03706	0.00209	0.07824	0.03326	0.00399	0.03363
5	0.03367	0.05926	0.09482	0.03145	0.07777	0.03331	0.21398	0.11095	0.06033	0.04347	0.04629	0.01450	0.01047	0.00773	0.06303	0.00203	0.03148	0.00498	0.03297	0.02751
6	0.01145	0.00894	0.01141	0.04842	0.07437	0.00922	0.03828	0.15076	0.12745	0.03808	0.12665	0.09547	0.06003	0.06328	0.00664	0.00179	0.00431	0.00676	0.04948	0.06721
7	0.00684	0.00529	0.00624	0.00656	0.00768	0.00495	0.00476	0.00901	0.06127	0.01487	0.15687	0.30622	0.28685	0.04821	0.00700	0.00198	0.00297	0.05313	0.00479	0.00451
8	0.01244	0.06864	0.12530	0.03235	0.07666	0.07558	0.03483	0.07737	0.13554	0.03484	0.04784	0.02747	0.03026	0.01739	0.00534	0.00148	0.02721	0.00474	0.02087	0.14385
9	0.04747	0.03861	0.00787	0.00709	0.00856	0.00663	0.00527	0.01231	0.10328	0.07574	0.12001	0.24800	0.09138	0.10467	0.00783	0.00210	0.00345	0.03385	0.07075	0.00512

[dist]
# distance from previous block
# <min> <max>
12	20

[block]
# block no. 13 follows, 49 sequences, length 8
# corresponding to MSA columns:
# 806-813
name=unknown_N
#
# <colnr> <probs for GDERKNQSTAVLIFYWHMCP>
#	G	D	E	R	K	N	Q	S	T	A	V	L	I	F	Y	W	H	M	C	P
0	0.07890	0.04214	0.08139	0.16756	0.05921	0.08792	0.02998	0.05985	0.03351	0.02899	0.01404	0.09095	0.04489	0.02562	0.08349	0.00233	0.02594	0.02178	0.01561	0.00590
1	0.00739	0.00546	0.00679	0.00759	0.03946	0.00512	0.00507	0.00924	0.05037	0.03956	0.08503	0.40899	0.23066	0.06600	0.00738	0.00206	0.00315	0.01142	0.00463	0.00464
2	0.00870	0.00638	0.04004	0.04891	0.01010	0.00573	0.03071	0.00932	0.00940	0.05332	0.07176	0.09270	0.12855	0.07298	0.08887	0.27806	0.00517	0.03179	0.00342	0.00408
3	0.04042	0.04313	0.00791	0.00689	0.00859	0.00628	0.00538	0.01127	0.06326	0.05896	0.32821	0.10627	0.21209	0.01077	0.00576	0.00170	0.00307	0.06998	0.00497	0.00511
4	0.01028	0.00711	0.00844	0.00783	0.00954	0.00706	0.00580	0.12881	0.06905	0.07293	0.14189	0.31728	0.06078	0.07677	0.00737	0.00199	0.00361	0.00943	0.00481	0.04920
5	0.12067	0.02514	0.01102	0.04899	0.01274	0.00915	0.07222	0.07347	0.14727	0.04161	0.07695	0.19059	0.05238	0.00897	0.00533	0.00174	0.00424	0.05538	0.03622	0.00592
6	0.13719	0.26177	0.07226	0.03684	0.04500	0.03299	0.05009	0.10900	0.01245	0.06574	0.03214	0.01478	0.05337	0.00574	0.00435	0.00143	0.00531	0.02910	0.00330	0.02715
7	0.01356	0.06337	0.09237	0.00934	0.01251	0.10762	0.00813	0.08626	0.09849	0.12069	0.05767	0.09540	0.01445	0.00685	0.00474	0.00145	0.00481	0.00553	0.12874	0.06803

[dist]
# distance from previous block
# <min> <max>
68	209

# created by:
# /st0/software/busco_prod/Augustus/scripts/msa2prfl.pl ./align_prep/937275.fa
