[name]
unknown

[dist]
# distance from previous block
# <min> <max>
4	42

[block]
# block no. 0 follows, 46 sequences, length 17
# corresponding to MSA columns:
# 128-144
name=unknown_A
#
# <colnr> <probs for GDERKNQSTAVLIFYWHMCP>
#	G	D	E	R	K	N	Q	S	T	A	V	L	I	F	Y	W	H	M	C	P
0	0.00832	0.05371	0.00981	0.09107	0.01174	0.00770	0.00689	0.00989	0.00888	0.01223	0.01534	0.02264	0.05023	0.15220	0.45039	0.03674	0.02285	0.00591	0.01884	0.00464
1	0.01701	0.01365	0.04951	0.01140	0.01529	0.01407	0.00956	0.53352	0.09542	0.02843	0.01495	0.09690	0.01224	0.00730	0.00536	0.00162	0.00535	0.00582	0.00499	0.05761
2	0.01519	0.02799	0.07870	0.01433	0.13661	0.07760	0.04674	0.12262	0.01472	0.17473	0.09811	0.09996	0.01638	0.00726	0.00542	0.00161	0.00552	0.00624	0.00438	0.04588
3	0.01388	0.06027	0.07981	0.01426	0.12614	0.06076	0.03540	0.05851	0.29381	0.06292	0.04261	0.01593	0.01265	0.00600	0.00507	0.00156	0.00538	0.00502	0.00412	0.09589
4	0.00986	0.00637	0.00820	0.09009	0.01115	0.00640	0.00604	0.04825	0.01340	0.07050	0.36340	0.06830	0.03070	0.07836	0.00736	0.00191	0.00352	0.00777	0.16307	0.00534
5	0.01500	0.59241	0.08856	0.01031	0.01490	0.09275	0.01014	0.09482	0.01266	0.01503	0.00817	0.00925	0.00701	0.00484	0.00386	0.00125	0.00622	0.00317	0.00262	0.00704
6	0.01126	0.01811	0.35360	0.05529	0.11796	0.05003	0.08822	0.01561	0.02330	0.03999	0.06814	0.09851	0.02319	0.00677	0.00547	0.00171	0.00667	0.00599	0.00311	0.00707
7	0.06154	0.01025	0.01618	0.11008	0.22763	0.01052	0.10706	0.09260	0.01283	0.06070	0.02662	0.20949	0.01548	0.00803	0.00565	0.00177	0.00559	0.00744	0.00374	0.00681
8	0.00695	0.00555	0.00718	0.00881	0.07413	0.00507	0.00557	0.00820	0.01097	0.01410	0.03612	0.47323	0.29590	0.01442	0.00644	0.00197	0.00321	0.01277	0.00471	0.00471
9	0.01271	0.00919	0.01242	0.01081	0.07896	0.00759	0.04402	0.01505	0.01193	0.14269	0.05188	0.08931	0.01342	0.00598	0.00475	0.00121	0.00431	0.00522	0.00393	0.47464
10	0.01153	0.08860	0.39303	0.01360	0.04979	0.05825	0.01418	0.01619	0.06044	0.03072	0.02971	0.09069	0.02255	0.00698	0.00641	0.00173	0.09026	0.00537	0.00296	0.00704
11	0.01428	0.00843	0.00858	0.00768	0.00984	0.08858	0.00590	0.01664	0.04034	0.23203	0.05830	0.08876	0.05444	0.00807	0.00532	0.02566	0.00396	0.00632	0.31071	0.00617
12	0.09764	0.07962	0.22678	0.08881	0.17792	0.01185	0.05773	0.01526	0.01110	0.02597	0.01119	0.05213	0.02325	0.00553	0.00485	0.00155	0.00615	0.00472	0.00279	0.09514
13	0.01555	0.04071	0.09933	0.03232	0.27108	0.02272	0.07671	0.11544	0.10364	0.14925	0.01340	0.01436	0.00986	0.00554	0.00527	0.00162	0.00609	0.00493	0.00390	0.00827
14	0.00693	0.00497	0.00655	0.00750	0.00815	0.00466	0.00541	0.00817	0.01094	0.01448	0.09499	0.53701	0.09717	0.01554	0.00715	0.02624	0.00332	0.13150	0.00491	0.00440
15	0.03949	0.00941	0.01193	0.00945	0.01313	0.00885	0.00770	0.11427	0.05347	0.55426	0.04743	0.05786	0.01502	0.00716	0.00534	0.00166	0.00445	0.00586	0.02484	0.00842
16	0.03222	0.01324	0.01846	0.03364	0.34560	0.09373	0.08706	0.04747	0.08992	0.16595	0.01315	0.01436	0.00982	0.00544	0.00528	0.00161	0.00628	0.00494	0.00378	0.00807

[dist]
# distance from previous block
# <min> <max>
1	4

[block]
# block no. 1 follows, 46 sequences, length 18
# corresponding to MSA columns:
# 149-166
name=unknown_B
#
# <colnr> <probs for GDERKNQSTAVLIFYWHMCP>
#	G	D	E	R	K	N	Q	S	T	A	V	L	I	F	Y	W	H	M	C	P
0	0.01567	0.16421	0.06718	0.08699	0.21494	0.18494	0.02954	0.10027	0.01386	0.05995	0.00994	0.01169	0.00784	0.00519	0.00482	0.00148	0.00695	0.00410	0.00304	0.00741
1	0.00841	0.00593	0.00765	0.07822	0.01067	0.00571	0.00580	0.01016	0.02852	0.06262	0.11094	0.32172	0.15994	0.10838	0.00868	0.00227	0.00371	0.02305	0.00463	0.03301
2	0.01260	0.08560	0.15334	0.01670	0.06718	0.07207	0.25717	0.03577	0.05917	0.01658	0.03925	0.04309	0.01057	0.00603	0.00665	0.00171	0.08864	0.00542	0.00297	0.01949
3	0.07096	0.06882	0.39433	0.03396	0.06629	0.01228	0.01440	0.08816	0.01310	0.17114	0.01180	0.01252	0.00823	0.00540	0.00491	0.00162	0.00647	0.00420	0.00347	0.00794
4	0.06684	0.00928	0.01201	0.00932	0.01323	0.00845	0.00767	0.07670	0.01548	0.65038	0.05977	0.01826	0.01436	0.00667	0.00525	0.00163	0.00446	0.00537	0.00624	0.00861
5	0.00658	0.00512	0.00587	0.00618	0.00733	0.00453	0.00438	0.00787	0.01162	0.01480	0.14966	0.27849	0.40010	0.06357	0.00768	0.00208	0.00292	0.01188	0.00494	0.00441
6	0.01224	0.20889	0.54298	0.01355	0.02015	0.08428	0.01628	0.01692	0.01141	0.01541	0.00888	0.01040	0.00673	0.00495	0.00462	0.00152	0.00747	0.00361	0.00228	0.00743
7	0.02538	0.01174	0.01778	0.04479	0.23369	0.03300	0.14429	0.10868	0.07553	0.08783	0.01825	0.02105	0.09904	0.00682	0.00563	0.00171	0.00595	0.04744	0.00392	0.00746
8	0.00670	0.00470	0.00622	0.00740	0.00779	0.00442	0.00506	0.00776	0.01028	0.01388	0.02859	0.73649	0.03384	0.01603	0.00665	0.00213	0.00314	0.05565	0.03892	0.00435
9	0.00839	0.00626	0.00749	0.00806	0.00891	0.03448	0.00572	0.03267	0.04271	0.03905	0.05628	0.56804	0.03018	0.03047	0.06685	0.00260	0.00440	0.03780	0.00476	0.00488
10	0.05807	0.01212	0.01386	0.01105	0.01451	0.06658	0.06761	0.30264	0.04336	0.15351	0.12567	0.03592	0.05673	0.00735	0.00545	0.00164	0.00526	0.00606	0.00506	0.00755
11	0.00658	0.00483	0.00608	0.00689	0.00751	0.00443	0.00468	0.00766	0.01076	0.01418	0.10397	0.57506	0.15391	0.05778	0.00769	0.00220	0.00306	0.01350	0.00490	0.00433
12	0.01060	0.02735	0.78682	0.01507	0.02288	0.01228	0.01953	0.01674	0.01116	0.01674	0.00949	0.01116	0.00670	0.00502	0.00502	0.00167	0.00781	0.00391	0.00223	0.00781
13	0.01303	0.01271	0.02233	0.03154	0.71365	0.01263	0.08311	0.01629	0.01208	0.01724	0.01001	0.01319	0.00834	0.00469	0.00532	0.00159	0.00652	0.00485	0.00262	0.00826
14	0.01201	0.01298	0.02662	0.02253	0.16485	0.01249	0.53067	0.01579	0.01204	0.01655	0.01211	0.08645	0.01050	0.00576	0.00646	0.00179	0.03378	0.00670	0.00285	0.00706
15	0.08922	0.01046	0.01124	0.00999	0.01300	0.01168	0.00788	0.02513	0.54163	0.11879	0.06050	0.02090	0.01709	0.00733	0.00529	0.00177	0.00415	0.03068	0.00534	0.00791
16	0.00998	0.00940	0.01586	0.80150	0.03641	0.01175	0.01468	0.01351	0.01057	0.01351	0.00940	0.01409	0.00705	0.00529	0.00529	0.00176	0.00705	0.00470	0.00235	0.00587
17	0.01094	0.01009	0.01549	0.01290	0.01577	0.01046	0.21403	0.01859	0.31654	0.01824	0.03931	0.19299	0.03704	0.00915	0.00607	0.00190	0.00521	0.05402	0.00450	0.00676

[dist]
# distance from previous block
# <min> <max>
0	29

[block]
# block no. 2 follows, 46 sequences, length 115
# corresponding to MSA columns:
# 196-215,221-261,349-385,420-436
name=unknown_C
#
# <colnr> <probs for GDERKNQSTAVLIFYWHMCP>
#	G	D	E	R	K	N	Q	S	T	A	V	L	I	F	Y	W	H	M	C	P
0	0.24769	0.01000	0.01147	0.00906	0.01294	0.00988	0.00748	0.10863	0.01460	0.49134	0.01625	0.01483	0.01062	0.00608	0.00476	0.00163	0.00454	0.00459	0.00551	0.00811
1	0.08263	0.01270	0.06181	0.01054	0.01468	0.02988	0.00911	0.31423	0.01804	0.32687	0.01544	0.01466	0.01040	0.00620	0.00504	0.00159	0.00521	0.00476	0.04780	0.00840
2	0.01413	0.81739	0.02770	0.00905	0.01357	0.02092	0.00905	0.01583	0.01074	0.01244	0.00735	0.00848	0.00678	0.00452	0.00339	0.00113	0.00565	0.00283	0.00226	0.00678
3	0.01094	0.00640	0.00860	0.00876	0.01037	0.00612	0.00705	0.01345	0.04401	0.16094	0.11839	0.23199	0.03006	0.01280	0.00658	0.00209	0.00404	0.30642	0.00533	0.00566
4	0.01345	0.00800	0.01049	0.00965	0.05576	0.00764	0.00708	0.03749	0.01335	0.24640	0.18858	0.05256	0.14364	0.03470	0.00732	0.00178	0.07278	0.00728	0.00505	0.07701
5	0.05397	0.01351	0.01437	0.01130	0.01521	0.01489	0.00925	0.59094	0.09673	0.05175	0.01614	0.01576	0.05817	0.00682	0.00527	0.00162	0.00535	0.00522	0.00522	0.00851
6	0.01416	0.01328	0.01211	0.01091	0.01377	0.13821	0.00843	0.04086	0.59047	0.02072	0.01894	0.01794	0.01434	0.00682	0.00518	0.00169	0.00498	0.00548	0.05390	0.00782
7	0.20615	0.01268	0.01315	0.09386	0.01650	0.04862	0.00914	0.31801	0.11543	0.09661	0.01284	0.01318	0.00926	0.00599	0.00482	0.00164	0.00539	0.00447	0.00454	0.00772
8	0.01118	0.01031	0.01687	0.61212	0.17043	0.01219	0.01467	0.06124	0.01174	0.01544	0.00970	0.01382	0.00741	0.00525	0.00528	0.00172	0.00683	0.00470	0.00258	0.00652
9	0.00859	0.00566	0.00684	0.00653	0.00817	0.00499	0.00490	0.01039	0.01324	0.09809	0.32340	0.13999	0.32534	0.01209	0.00621	0.00177	0.00285	0.01043	0.00543	0.00512
10	0.00749	0.00492	0.00640	0.00723	0.00789	0.00457	0.00501	0.00870	0.01080	0.04719	0.07274	0.63716	0.06098	0.01498	0.00646	0.00203	0.00308	0.02994	0.05784	0.00459
11	0.00884	0.00798	0.04872	0.00919	0.03543	0.00708	0.05066	0.01312	0.11138	0.01988	0.45652	0.05605	0.09300	0.00961	0.00592	0.00169	0.00351	0.00851	0.04720	0.00574
12	0.03256	0.04350	0.01250	0.01011	0.03859	0.00948	0.00788	0.04315	0.11761	0.45090	0.01839	0.01822	0.01299	0.04894	0.05267	0.00221	0.02895	0.00533	0.03806	0.00795
13	0.00722	0.00555	0.00602	0.00593	0.00770	0.00475	0.00454	0.00878	0.01252	0.04557	0.13680	0.04874	0.61856	0.01288	0.00627	0.00180	0.00286	0.05370	0.00508	0.00473
14	0.00919	0.00595	0.00747	0.00706	0.00858	0.00558	0.00530	0.01207	0.05817	0.09012	0.46991	0.14232	0.09530	0.01096	0.00605	0.00172	0.00287	0.00961	0.04636	0.00542
15	0.01282	0.05497	0.10760	0.08177	0.15344	0.03000	0.25876	0.04601	0.16501	0.01802	0.01235	0.01435	0.00943	0.00527	0.00547	0.00169	0.00698	0.00525	0.00321	0.00760
16	0.00664	0.00512	0.00612	0.00683	0.00789	0.00461	0.00501	0.00794	0.01122	0.01414	0.03936	0.38682	0.35055	0.01495	0.00661	0.00203	0.00314	0.11168	0.00490	0.00444
17	0.01102	0.00609	0.00663	0.00622	0.00779	0.00615	0.00474	0.08424	0.01271	0.05727	0.06583	0.08535	0.01714	0.00803	0.02044	0.00154	0.00317	0.00607	0.58410	0.00546
18	0.00962	0.00746	0.01083	0.01316	0.18587	0.00790	0.00764	0.01091	0.00920	0.03750	0.01452	0.05044	0.01501	0.36231	0.18070	0.00463	0.05754	0.00655	0.00310	0.00510
19	0.01337	0.23099	0.34016	0.01354	0.04479	0.09069	0.04609	0.01700	0.01150	0.06323	0.00968	0.01170	0.00766	0.03116	0.00597	0.00164	0.04706	0.00395	0.00263	0.00719
20	0.06994	0.01054	0.02341	0.00978	0.01362	0.03453	0.00807	0.11836	0.06209	0.52535	0.01871	0.04218	0.01274	0.00672	0.00520	0.00164	0.00476	0.00537	0.01855	0.00844
21	0.18466	0.01274	0.01814	0.13423	0.28974	0.06367	0.11568	0.06581	0.01239	0.04036	0.00981	0.01236	0.00766	0.00501	0.00496	0.00163	0.00644	0.00448	0.00301	0.00721
22	0.01527	0.38463	0.09949	0.03498	0.09248	0.20461	0.03544	0.01763	0.01217	0.04647	0.00876	0.01020	0.00725	0.00492	0.00430	0.00134	0.00696	0.00353	0.00260	0.00697
23	0.00898	0.00468	0.00680	0.00680	0.00683	0.00470	0.00449	0.00704	0.00701	0.00937	0.01012	0.01821	0.01038	0.10586	0.04023	0.73379	0.00488	0.00496	0.00241	0.00245
24	0.02685	0.24448	0.08917	0.01355	0.08872	0.15518	0.01105	0.14447	0.08055	0.04216	0.01048	0.01150	0.00831	0.00560	0.00521	0.00148	0.04650	0.00398	0.00331	0.00743
25	0.10754	0.00727	0.00898	0.03385	0.01115	0.00722	0.00660	0.03892	0.04431	0.21784	0.03522	0.36054	0.02297	0.01180	0.02169	0.00204	0.00413	0.04676	0.00507	0.00611
26	0.00655	0.00468	0.00625	0.00745	0.00781	0.00438	0.00506	0.00756	0.01030	0.01374	0.04307	0.76513	0.03505	0.01637	0.00676	0.00215	0.00313	0.04532	0.00492	0.00433
27	0.01863	0.02339	0.01562	0.01394	0.01674	0.69787	0.05746	0.02025	0.01466	0.01336	0.00949	0.01276	0.00827	0.00592	0.00501	0.00145	0.00922	0.04700	0.00285	0.00612
28	0.01142	0.21021	0.61112	0.01367	0.02073	0.01428	0.01711	0.01653	0.01106	0.01575	0.00899	0.01054	0.00672	0.00491	0.00465	0.00155	0.00731	0.00366	0.00224	0.00757
29	0.01371	0.01494	0.01951	0.01557	0.01843	0.17967	0.24831	0.03980	0.10431	0.01587	0.01177	0.01439	0.02613	0.00832	0.05105	0.00218	0.20113	0.00525	0.00306	0.00661
30	0.00682	0.00547	0.00612	0.00615	0.00763	0.00487	0.00454	0.00885	0.03882	0.01614	0.22687	0.15742	0.46548	0.01300	0.00629	0.00181	0.00274	0.01115	0.00515	0.00470
31	0.00806	0.00616	0.00793	0.00790	0.00928	0.00594	0.02335	0.03721	0.05250	0.01768	0.26946	0.23467	0.15488	0.01278	0.00646	0.00194	0.00341	0.13013	0.00518	0.00508
32	0.00853	0.00725	0.00766	0.00801	0.00907	0.07025	0.00569	0.02461	0.07692	0.01596	0.16040	0.48037	0.07810	0.01345	0.00632	0.00193	0.00362	0.01191	0.00494	0.00501
33	0.00674	0.00486	0.00644	0.00761	0.00805	0.00462	0.00526	0.00808	0.02685	0.01386	0.02889	0.73689	0.03421	0.01621	0.00676	0.00216	0.00323	0.06994	0.00491	0.00443
34	0.01748	0.01313	0.01412	0.01130	0.01501	0.01454	0.00918	0.51696	0.19845	0.04319	0.05743	0.01692	0.03380	0.00697	0.00539	0.00165	0.00515	0.00549	0.00535	0.00851
35	0.01292	0.01240	0.02117	0.07254	0.74241	0.01252	0.01614	0.01608	0.01196	0.01707	0.00992	0.01314	0.00830	0.00474	0.00524	0.00158	0.00632	0.00471	0.00260	0.00824
36	0.01149	0.01093	0.01857	0.42869	0.39748	0.01214	0.01543	0.01482	0.01128	0.01533	0.00966	0.01360	0.00769	0.00501	0.00526	0.00167	0.00668	0.00470	0.00248	0.00709
37	0.01045	0.01004	0.01596	0.56686	0.02970	0.01307	0.01375	0.01327	0.00983	0.01327	0.00866	0.01334	0.00702	0.00647	0.00888	0.00193	0.24463	0.00468	0.00234	0.00585
38	0.32998	0.01214	0.01205	0.00977	0.01340	0.01346	0.00799	0.39419	0.01747	0.07529	0.01217	0.05817	0.00955	0.00642	0.00462	0.00164	0.00493	0.00469	0.00459	0.00750
39	0.01194	0.01341	0.02898	0.02096	0.02587	0.01257	0.69519	0.01609	0.01227	0.01663	0.01232	0.08458	0.01040	0.00553	0.00628	0.00181	0.00840	0.00701	0.00287	0.00688
40	0.00676	0.00493	0.00633	0.00733	0.00790	0.00461	0.00504	0.02273	0.01068	0.01405	0.03121	0.69460	0.10862	0.01598	0.00669	0.00211	0.00314	0.03796	0.00491	0.00442
41	0.01289	0.01236	0.02111	0.08088	0.73433	0.01251	0.01613	0.01605	0.01195	0.01703	0.00991	0.01315	0.00829	0.00475	0.00524	0.00158	0.00633	0.00471	0.00260	0.00822
42	0.01230	0.01329	0.02808	0.03367	0.02564	0.01260	0.65019	0.01683	0.03699	0.03099	0.01264	0.03506	0.01028	0.00546	0.00625	0.00183	0.00828	0.04963	0.00301	0.00699
43	0.02228	0.00944	0.01235	0.00955	0.01347	0.00858	0.00786	0.10918	0.01623	0.65082	0.06763	0.01874	0.01493	0.00679	0.00537	0.00163	0.00452	0.00552	0.00635	0.00874
44	0.00746	0.00577	0.00687	0.00663	0.00815	0.00535	0.00505	0.01031	0.05797	0.01874	0.46207	0.04303	0.28298	0.01162	0.00624	0.00175	0.00277	0.04677	0.00545	0.00501
45	0.01588	0.01041	0.01184	0.01013	0.01333	0.01119	0.00801	0.06326	0.46790	0.22804	0.08308	0.02053	0.01773	0.00726	0.00543	0.00173	0.00421	0.00603	0.00572	0.00829
46	0.01522	0.01244	0.01946	0.04153	0.58764	0.03525	0.01440	0.05527	0.01322	0.13654	0.01171	0.01374	0.00906	0.00511	0.00524	0.00158	0.00609	0.00477	0.00336	0.00839
47	0.00827	0.00596	0.00820	0.00934	0.01055	0.00589	0.00805	0.01056	0.01206	0.01561	0.02966	0.09674	0.07780	0.01463	0.00721	0.00238	0.00464	0.66277	0.00487	0.00481
48	0.00734	0.00540	0.00688	0.00651	0.00781	0.00493	0.00488	0.00971	0.01464	0.02043	0.69730	0.04076	0.13151	0.01110	0.00624	0.00168	0.00251	0.00974	0.00572	0.00493
49	0.01211	0.01409	0.05378	0.11669	0.02854	0.01314	0.64723	0.01651	0.01220	0.01651	0.01050	0.01414	0.00786	0.00458	0.00608	0.00178	0.00865	0.00598	0.00262	0.00700
50	0.01168	0.06546	0.34868	0.01526	0.04452	0.01279	0.15318	0.01747	0.10408	0.03354	0.06694	0.01492	0.01144	0.00593	0.00628	0.00172	0.07063	0.00505	0.00307	0.00737
51	0.01335	0.00648	0.00808	0.00701	0.00915	0.00599	0.00549	0.02789	0.01391	0.25063	0.28906	0.02611	0.02626	0.00793	0.00511	0.00151	0.00314	0.00669	0.27996	0.00624
52	0.00860	0.00549	0.00684	0.00723	0.00839	0.00548	0.00582	0.01082	0.01156	0.01706	0.11218	0.03875	0.06114	0.05761	0.07560	0.00259	0.00451	0.27110	0.28445	0.00478
53	0.13929	0.02838	0.06837	0.01351	0.09805	0.05208	0.04187	0.09440	0.32143	0.06629	0.01503	0.01501	0.01123	0.00605	0.00498	0.00167	0.00533	0.00490	0.00430	0.00784
54	0.00759	0.00551	0.00776	0.00789	0.00861	0.00613	0.00586	0.00903	0.00861	0.01208	0.01627	0.06492	0.01665	0.21290	0.53474	0.00706	0.01102	0.04986	0.00314	0.00436
55	0.00695	0.00514	0.00650	0.00667	0.00770	0.00468	0.00481	0.00876	0.01296	0.01764	0.42432	0.28582	0.16243	0.01305	0.00640	0.00184	0.00271	0.01155	0.00538	0.00468
56	0.01347	0.66166	0.12289	0.00973	0.01468	0.01887	0.01019	0.01577	0.01081	0.01331	0.00776	0.00899	0.00684	0.00454	0.00363	0.00118	0.00581	0.00298	0.00232	0.06456
57	0.01303	0.10570	0.24901	0.02020	0.24308	0.01363	0.14370	0.05647	0.05056	0.03906	0.01068	0.01266	0.00820	0.00500	0.00515	0.00160	0.00694	0.00461	0.00286	0.00787
58	0.01143	0.00894	0.00987	0.00925	0.01171	0.00963	0.00731	0.02038	0.42550	0.06602	0.04074	0.04755	0.18172	0.00979	0.00588	0.00188	0.00394	0.11625	0.00527	0.00693
59	0.01181	0.05854	0.05120	0.00873	0.01342	0.00912	0.00747	0.05646	0.06990	0.01819	0.01039	0.01159	0.00841	0.00439	0.00413	0.00097	0.00434	0.00346	0.00333	0.64417
60	0.01600	0.50003	0.02241	0.01040	0.01440	0.17905	0.00929	0.08248	0.07142	0.03681	0.00945	0.01019	0.00788	0.00513	0.00405	0.00128	0.00632	0.00342	0.00298	0.00702
61	0.03273	0.00929	0.08142	0.01499	0.21590	0.00784	0.00970	0.01168	0.02871	0.01557	0.02236	0.37193	0.05518	0.01146	0.00610	0.00194	0.00459	0.08869	0.00401	0.00590
62	0.01214	0.11788	0.35550	0.01542	0.10827	0.02424	0.07356	0.02635	0.03759	0.03844	0.03478	0.01266	0.00906	0.00507	0.00487	0.00149	0.00660	0.00425	0.00281	0.10903
63	0.01053	0.00948	0.03448	0.00906	0.01158	0.00977	0.00719	0.01998	0.44964	0.01970	0.12414	0.07467	0.17910	0.00940	0.00574	0.00179	0.00371	0.00797	0.00521	0.00688
64	0.01255	0.01199	0.02054	0.08828	0.66592	0.01214	0.03386	0.01569	0.01191	0.01686	0.01091	0.03003	0.00953	0.00531	0.00536	0.00163	0.00629	0.03050	0.00272	0.00796
65	0.00697	0.00526	0.00652	0.00735	0.00815	0.00500	0.00518	0.00896	0.05862	0.01444	0.04513	0.57032	0.16509	0.01520	0.00660	0.00207	0.00316	0.05642	0.00495	0.00463
66	0.01451	0.05464	0.11793	0.11651	0.34131	0.01331	0.01421	0.16539	0.02709	0.06811	0.01112	0.01307	0.00847	0.00529	0.00514	0.00160	0.00630	0.00458	0.00334	0.00808
67	0.00677	0.00489	0.00643	0.00730	0.00784	0.00461	0.00500	0.00828	0.02720	0.01508	0.16520	0.65372	0.03728	0.01532	0.00663	0.00205	0.00299	0.01384	0.00508	0.00451
68	0.00629	0.00537	0.00542	0.00544	0.00722	0.00450	0.00411	0.00766	0.01205	0.01431	0.05303	0.05106	0.76381	0.01341	0.00627	0.00180	0.00272	0.02614	0.00491	0.00447
69	0.01271	0.34465	0.33316	0.01453	0.09886	0.01599	0.03967	0.04071	0.02610	0.01570	0.00904	0.01060	0.00721	0.00485	0.00444	0.00145	0.00668	0.00370	0.00246	0.00748
70	0.01362	0.01105	0.01184	0.01056	0.01357	0.01260	0.00824	0.02744	0.70555	0.06730	0.04277	0.02018	0.01691	0.00724	0.00540	0.00178	0.00415	0.00604	0.00546	0.00831
71	0.00643	0.00462	0.00611	0.00730	0.00765	0.00430	0.00488	0.00737	0.01018	0.01352	0.02992	0.78639	0.05883	0.01646	0.00673	0.00214	0.00305	0.01490	0.00491	0.00430
72	0.01056	0.01037	0.01678	0.71896	0.03501	0.04504	0.06155	0.01405	0.01088	0.01370	0.00943	0.01391	0.00710	0.00524	0.00532	0.00175	0.00727	0.00474	0.00239	0.00596
73	0.01379	0.06293	0.01448	0.01156	0.01478	0.05271	0.05924	0.09319	0.51106	0.02140	0.03574	0.01989	0.01533	0.00711	0.00539	0.00174	0.00501	0.04193	0.00484	0.00788
74	0.00733	0.00535	0.00689	0.00660	0.00783	0.00491	0.00491	0.00964	0.01445	0.02023	0.68013	0.08886	0.10038	0.01135	0.00627	0.00170	0.00254	0.01002	0.00570	0.00491
75	0.01344	0.01150	0.01212	0.01082	0.01386	0.01329	0.00844	0.05934	0.73995	0.02259	0.02114	0.01943	0.01583	0.00714	0.00538	0.00178	0.00425	0.00593	0.00538	0.00839
76	0.01415	0.12121	0.48030	0.01283	0.01916	0.01237	0.01504	0.01920	0.04655	0.19142	0.01236	0.01277	0.00859	0.00540	0.00490	0.00160	0.00662	0.00419	0.00336	0.00798
77	0.85155	0.01022	0.00777	0.00695	0.01022	0.01186	0.00573	0.01554	0.00900	0.02372	0.00736	0.00859	0.00573	0.00491	0.00327	0.00164	0.00409	0.00286	0.00327	0.00573
78	0.01308	0.01256	0.02146	0.03245	0.78123	0.01256	0.01622	0.01622	0.01204	0.01727	0.00994	0.01308	0.00837	0.00471	0.00523	0.00157	0.00628	0.00471	0.00262	0.00837
79	0.00639	0.00540	0.00555	0.00563	0.00738	0.00457	0.00430	0.00780	0.01206	0.01438	0.05194	0.05143	0.73194	0.01347	0.00631	0.00183	0.00282	0.05741	0.00491	0.00449
80	0.00759	0.00553	0.00783	0.00783	0.00854	0.00624	0.00577	0.00901	0.00830	0.01178	0.01477	0.02416	0.01469	0.22971	0.60521	0.00767	0.01194	0.00616	0.00292	0.00435
81	0.00743	0.00536	0.00702	0.00669	0.00789	0.00495	0.00498	0.00984	0.01472	0.02081	0.74054	0.07851	0.04913	0.01110	0.00626	0.00169	0.00252	0.00984	0.00577	0.00495
82	0.01060	0.02735	0.78682	0.01507	0.02288	0.01228	0.01953	0.01674	0.01116	0.01674	0.00949	0.01116	0.00670	0.00502	0.00502	0.00167	0.00781	0.00391	0.00223	0.00781
83	0.00786	0.00654	0.00707	0.00676	0.00827	0.04412	0.00506	0.01030	0.03829	0.01847	0.47196	0.06556	0.26740	0.01139	0.00616	0.00170	0.00297	0.00980	0.00535	0.00497
84	0.01061	0.02676	0.76171	0.01483	0.02255	0.01211	0.01910	0.01663	0.01115	0.01676	0.00948	0.01115	0.00673	0.00499	0.00499	0.00165	0.00769	0.00388	0.00226	0.03495
85	0.00998	0.00940	0.01586	0.80150	0.03641	0.01175	0.01468	0.01351	0.01057	0.01351	0.00940	0.01409	0.00705	0.00529	0.00529	0.00176	0.00705	0.00470	0.00235	0.00587
86	0.02372	0.00900	0.01227	0.00941	0.01350	0.00777	0.00777	0.02576	0.01513	0.78489	0.02086	0.01799	0.01309	0.00654	0.00532	0.00164	0.00450	0.00532	0.00654	0.00900
87	0.00998	0.00940	0.01586	0.80150	0.03641	0.01175	0.01468	0.01351	0.01057	0.01351	0.00940	0.01409	0.00705	0.00529	0.00529	0.00176	0.00705	0.00470	0.00235	0.00587
88	0.00665	0.00480	0.00629	0.00713	0.00769	0.00444	0.00489	0.00791	0.01120	0.01512	0.18455	0.62023	0.06899	0.01524	0.00662	0.00203	0.00293	0.01374	0.00510	0.00444
89	0.01304	0.01119	0.01178	0.01057	0.01354	0.01287	0.00823	0.04713	0.71919	0.02209	0.02264	0.02086	0.04836	0.00741	0.00541	0.00179	0.00416	0.00616	0.00536	0.00822
90	0.01179	0.01099	0.01748	0.24222	0.27852	0.02234	0.05097	0.05799	0.01182	0.01616	0.01174	0.03889	0.01052	0.00754	0.02628	0.00198	0.10540	0.06766	0.00292	0.00680
91	0.00970	0.00956	0.06117	0.10339	0.13263	0.00886	0.00945	0.03613	0.12546	0.01678	0.04277	0.07118	0.26258	0.00967	0.00587	0.00181	0.00461	0.07799	0.00418	0.00620
92	0.00650	0.00465	0.00619	0.00732	0.00768	0.00433	0.00491	0.00751	0.01040	0.01395	0.07296	0.76565	0.03584	0.01623	0.00672	0.00212	0.00303	0.01471	0.00496	0.00433
93	0.02091	0.01051	0.01280	0.00994	0.01377	0.01032	0.00816	0.26749	0.01813	0.45590	0.06230	0.01758	0.01391	0.00671	0.00528	0.00160	0.00472	0.00536	0.04602	0.00857
94	0.01331	0.17032	0.06886	0.04691	0.32749	0.05258	0.12578	0.02653	0.05872	0.01626	0.01006	0.01246	0.00823	0.00505	0.00544	0.00156	0.03562	0.00454	0.00272	0.00757
95	0.00709	0.00588	0.00694	0.00788	0.05317	0.00524	0.00563	0.00872	0.01198	0.01471	0.04490	0.08852	0.55385	0.01327	0.00641	0.00191	0.00333	0.15104	0.00477	0.00476
96	0.01232	0.01159	0.01896	0.12400	0.57074	0.01203	0.01462	0.01650	0.08416	0.01705	0.01210	0.06050	0.01051	0.00571	0.00534	0.00165	0.00599	0.00543	0.00298	0.00783
97	0.01107	0.02409	0.62170	0.03555	0.17016	0.01232	0.01879	0.01657	0.01132	0.01677	0.00957	0.01160	0.00703	0.00497	0.00507	0.00166	0.00750	0.00408	0.00231	0.00788
98	0.01510	0.11289	0.26886	0.06084	0.07011	0.04349	0.09018	0.10549	0.01371	0.15204	0.01169	0.01277	0.00836	0.00534	0.00506	0.00159	0.00678	0.00444	0.00344	0.00782
99	0.01360	0.10138	0.28231	0.01577	0.02116	0.04234	0.23399	0.06624	0.01261	0.07836	0.01048	0.01241	0.00778	0.00538	0.00626	0.00168	0.07318	0.00469	0.00293	0.00745
100	0.79054	0.01112	0.00832	0.00741	0.01067	0.05432	0.00605	0.03013	0.00962	0.02332	0.00751	0.00872	0.00585	0.00496	0.00339	0.00162	0.00442	0.00293	0.00328	0.00581
101	0.01446	0.46710	0.04683	0.01446	0.16198	0.15118	0.01078	0.01648	0.01171	0.01363	0.00898	0.04372	0.00829	0.00525	0.00418	0.00132	0.00640	0.00384	0.00252	0.00690
102	0.00675	0.00520	0.00617	0.00631	0.00755	0.00462	0.00459	0.00842	0.01268	0.01667	0.31702	0.22444	0.33420	0.01317	0.00636	0.00182	0.00270	0.01147	0.00525	0.00462
103	0.03509	0.10303	0.06528	0.01691	0.22257	0.05413	0.02246	0.12764	0.12846	0.15204	0.01350	0.01397	0.01002	0.00567	0.00501	0.00157	0.00578	0.00467	0.00405	0.00816
104	0.13581	0.01993	0.44853	0.01313	0.04330	0.01150	0.01449	0.05687	0.01241	0.17820	0.01172	0.01235	0.00806	0.00538	0.00485	0.00165	0.00643	0.00412	0.00345	0.00783
105	0.02372	0.00900	0.01227	0.00941	0.01350	0.00777	0.00777	0.02576	0.01513	0.78489	0.02086	0.01799	0.01309	0.00654	0.00532	0.00164	0.00450	0.00532	0.00654	0.00900
106	0.02158	0.00974	0.01346	0.01077	0.03100	0.00898	0.04589	0.04108	0.10584	0.62226	0.02002	0.01779	0.01301	0.00647	0.00537	0.00166	0.00475	0.00542	0.00610	0.00881
107	0.01575	0.27411	0.11898	0.03424	0.05046	0.07867	0.01086	0.11616	0.12326	0.11031	0.01223	0.01259	0.00925	0.00555	0.00462	0.00147	0.00599	0.00416	0.00367	0.00769
108	0.00665	0.00533	0.00596	0.00607	0.00757	0.00465	0.00456	0.00824	0.01245	0.01567	0.19445	0.12542	0.51486	0.01326	0.00636	0.00183	0.00281	0.05419	0.00509	0.00457
109	0.00680	0.00491	0.00652	0.00768	0.00823	0.00462	0.00550	0.00801	0.01059	0.01395	0.03023	0.63621	0.07374	0.01604	0.00682	0.00218	0.00337	0.14528	0.00490	0.00441
110	0.01113	0.01160	0.06279	0.01591	0.01984	0.01024	0.45104	0.01482	0.01182	0.01735	0.01406	0.08848	0.01189	0.00605	0.00554	0.00166	0.00660	0.00657	0.22629	0.00632
111	0.01133	0.08817	0.68957	0.01453	0.02183	0.05209	0.01826	0.01689	0.01132	0.01622	0.00926	0.01087	0.00671	0.00501	0.00488	0.00162	0.00773	0.00380	0.00226	0.00765
112	0.00671	0.00582	0.04530	0.00762	0.00842	0.00475	0.00561	0.00801	0.01056	0.01418	0.07637	0.68982	0.06610	0.01549	0.00661	0.00208	0.00325	0.01396	0.00483	0.00452
113	0.01359	0.01346	0.02818	0.02020	0.02538	0.01246	0.64460	0.01768	0.01268	0.09794	0.01170	0.01449	0.00855	0.00465	0.00603	0.00172	0.00820	0.00599	0.00310	0.04941
114	0.00748	0.00540	0.00707	0.00665	0.00790	0.00499	0.00499	0.00998	0.01496	0.02120	0.77844	0.03949	0.04988	0.01081	0.00624	0.00166	0.00249	0.00956	0.00582	0.00499

[dist]
# distance from previous block
# <min> <max>
1	2

[block]
# block no. 3 follows, 46 sequences, length 45
# corresponding to MSA columns:
# 439-460,481-503
name=unknown_D
#
# <colnr> <probs for GDERKNQSTAVLIFYWHMCP>
#	G	D	E	R	K	N	Q	S	T	A	V	L	I	F	Y	W	H	M	C	P
0	0.01315	0.01136	0.01195	0.01076	0.01375	0.01315	0.00837	0.02809	0.77168	0.02211	0.02152	0.01972	0.01614	0.00717	0.00538	0.00179	0.00418	0.00598	0.00538	0.00837
1	0.00762	0.00539	0.00711	0.00711	0.00757	0.00585	0.00488	0.00855	0.00808	0.01124	0.01543	0.02781	0.01627	0.43388	0.40321	0.00678	0.00956	0.00669	0.00302	0.00395
2	0.85155	0.01022	0.00777	0.00695	0.01022	0.01186	0.00573	0.01554	0.00900	0.02372	0.00736	0.00859	0.00573	0.00491	0.00327	0.00164	0.00409	0.00286	0.00327	0.00573
3	0.01966	0.01433	0.01543	0.01196	0.01608	0.01584	0.00983	0.67890	0.08501	0.05802	0.01369	0.01344	0.00971	0.00642	0.00530	0.00160	0.00564	0.00488	0.00534	0.00894
4	0.00837	0.00598	0.00835	0.00956	0.01072	0.00596	0.00826	0.01069	0.01202	0.01565	0.02807	0.11397	0.03075	0.01475	0.00726	0.00241	0.00474	0.69279	0.00487	0.00483
5	0.01351	0.24993	0.39541	0.01238	0.01835	0.01481	0.01411	0.07674	0.06782	0.07378	0.01084	0.01164	0.00806	0.00525	0.00462	0.00152	0.00653	0.00392	0.00303	0.00774
6	0.01134	0.01086	0.01887	0.40099	0.33257	0.01193	0.06908	0.01472	0.01137	0.01537	0.01057	0.01580	0.00873	0.00542	0.00543	0.00172	0.00678	0.03894	0.00260	0.00692
7	0.01119	0.01125	0.04751	0.43027	0.23257	0.01202	0.04908	0.01584	0.08723	0.01566	0.01129	0.03309	0.00900	0.00554	0.00535	0.00172	0.00658	0.00511	0.00280	0.00689
8	0.01060	0.02735	0.78682	0.01507	0.02288	0.01228	0.01953	0.01674	0.01116	0.01674	0.00949	0.01116	0.00670	0.00502	0.00502	0.00167	0.00781	0.00391	0.00223	0.00781
9	0.01288	0.01235	0.02109	0.08357	0.73172	0.01251	0.01612	0.01604	0.01194	0.01702	0.00991	0.01315	0.00829	0.00475	0.00524	0.00158	0.00633	0.00471	0.00260	0.00821
10	0.01002	0.00742	0.00869	0.00794	0.00993	0.00759	0.00609	0.01618	0.24551	0.06453	0.43467	0.03332	0.10742	0.00970	0.00592	0.00171	0.00314	0.00838	0.00564	0.00620
11	0.07325	0.07482	0.48844	0.01369	0.01994	0.03154	0.06635	0.04973	0.01201	0.07406	0.01099	0.04271	0.00840	0.00557	0.00496	0.00165	0.00700	0.00448	0.00291	0.00751
12	0.00745	0.00508	0.00607	0.00629	0.00643	0.00510	0.00380	0.00778	0.00820	0.01101	0.01871	0.17441	0.02157	0.60296	0.08888	0.00487	0.00553	0.00885	0.00348	0.00353
13	0.00637	0.00531	0.00557	0.00568	0.00731	0.00451	0.00424	0.00774	0.01200	0.01452	0.07912	0.11509	0.66920	0.01359	0.00632	0.00183	0.00276	0.02944	0.00494	0.00448
14	0.00648	0.00466	0.00615	0.00733	0.00771	0.00434	0.00495	0.00744	0.01024	0.01357	0.03007	0.76592	0.06388	0.01640	0.00674	0.00214	0.00309	0.02967	0.00491	0.00431
15	0.01230	0.09973	0.61611	0.01414	0.02120	0.01268	0.03891	0.01756	0.01156	0.09282	0.01045	0.01168	0.00738	0.00511	0.00493	0.00162	0.00731	0.00401	0.00268	0.00781
16	0.01248	0.01426	0.03119	0.02228	0.02763	0.01337	0.76203	0.01693	0.01248	0.01693	0.01070	0.01426	0.00802	0.00446	0.00624	0.00178	0.00891	0.00624	0.00267	0.00713
17	0.00808	0.00580	0.00790	0.00843	0.00966	0.00562	0.00702	0.01054	0.01335	0.01810	0.34573	0.05110	0.03866	0.01300	0.00685	0.00211	0.00386	0.43399	0.00527	0.00492
18	0.01296	0.01082	0.05585	0.58222	0.03065	0.03827	0.01347	0.01627	0.01162	0.16001	0.01153	0.01452	0.00817	0.00552	0.00526	0.00172	0.00669	0.00473	0.00315	0.00658
19	0.00653	0.00466	0.00623	0.00737	0.00770	0.00442	0.00494	0.00747	0.00998	0.01335	0.02812	0.75378	0.03355	0.03878	0.04351	0.00252	0.00363	0.01440	0.00477	0.00428
20	0.01017	0.00540	0.00549	0.00532	0.00660	0.00547	0.00395	0.04659	0.01147	0.01965	0.01699	0.02046	0.01375	0.06463	0.00545	0.00153	0.00281	0.00512	0.74415	0.00499
21	0.00638	0.00483	0.00590	0.00675	0.00751	0.00435	0.00464	0.00743	0.01071	0.01373	0.03653	0.58080	0.26016	0.01560	0.00660	0.00204	0.00295	0.01386	0.00491	0.00435
22	0.01587	0.07272	0.21154	0.01091	0.01535	0.00963	0.03669	0.01923	0.03299	0.34347	0.05264	0.12486	0.01558	0.00752	0.00537	0.00169	0.00529	0.00634	0.00470	0.00762
23	0.01257	0.03961	0.01726	0.21921	0.33592	0.04330	0.01301	0.09222	0.03343	0.01808	0.09060	0.01691	0.03320	0.00597	0.00530	0.00162	0.00599	0.00530	0.00328	0.00721
24	0.16037	0.03241	0.11426	0.03817	0.32919	0.06327	0.08564	0.08301	0.01271	0.01926	0.00957	0.01183	0.00756	0.00496	0.00490	0.00160	0.00651	0.00431	0.00292	0.00754
25	0.01413	0.81739	0.02770	0.00905	0.01357	0.02092	0.00905	0.01583	0.01074	0.01244	0.00735	0.00848	0.00678	0.00452	0.00339	0.00113	0.00565	0.00283	0.00226	0.00678
26	0.00826	0.00568	0.00749	0.00745	0.00795	0.02305	0.00525	0.00862	0.00820	0.01122	0.03362	0.02344	0.01460	0.23453	0.36161	0.21744	0.00900	0.00598	0.00287	0.00375
27	0.00937	0.00728	0.00824	0.00775	0.00977	0.00742	0.00600	0.01496	0.23015	0.04838	0.18909	0.03650	0.29111	0.01276	0.06294	0.00227	0.00407	0.04089	0.00514	0.00591
28	0.01097	0.01072	0.01958	0.49654	0.03133	0.01197	0.22137	0.04423	0.01179	0.01542	0.01123	0.01738	0.00909	0.00577	0.00570	0.00181	0.00736	0.05873	0.00274	0.00627
29	0.01909	0.00987	0.01203	0.00989	0.01347	0.00988	0.00795	0.02635	0.32075	0.45976	0.03799	0.01917	0.01514	0.00689	0.00536	0.00170	0.00433	0.00568	0.00606	0.00865
30	0.18728	0.01299	0.02259	0.01677	0.02121	0.01319	0.44256	0.07178	0.08086	0.04005	0.01128	0.01349	0.00845	0.00512	0.00576	0.00175	0.02912	0.00534	0.00332	0.00710
31	0.00681	0.00579	0.00592	0.00581	0.00766	0.00512	0.00438	0.00919	0.06715	0.01520	0.08830	0.04804	0.68661	0.01281	0.00618	0.00178	0.00278	0.01070	0.00499	0.00477
32	0.00651	0.00510	0.00579	0.00624	0.00735	0.00451	0.00442	0.00767	0.01113	0.01393	0.05935	0.31643	0.42437	0.07241	0.00795	0.00217	0.00305	0.03251	0.00481	0.00434
33	0.07058	0.01348	0.01449	0.01131	0.01531	0.01476	0.00929	0.57390	0.07663	0.10729	0.01393	0.01364	0.00982	0.00633	0.00514	0.00160	0.00539	0.00479	0.02366	0.00866
34	0.01220	0.01180	0.01940	0.29276	0.50991	0.03142	0.01555	0.01542	0.01161	0.01589	0.00971	0.01334	0.00789	0.00492	0.00524	0.00163	0.00662	0.00467	0.00253	0.00747
35	0.01308	0.01256	0.02146	0.03245	0.78123	0.01256	0.01622	0.01622	0.01204	0.01727	0.00994	0.01308	0.00837	0.00471	0.00523	0.00157	0.00628	0.00471	0.00262	0.00837
36	0.00634	0.00536	0.00548	0.00545	0.00720	0.00450	0.00409	0.00776	0.01227	0.01479	0.10710	0.05004	0.72522	0.01320	0.00625	0.00178	0.00266	0.01104	0.00498	0.00450
37	0.04405	0.01966	0.01521	0.01271	0.01619	0.38905	0.01000	0.38549	0.01966	0.02326	0.01037	0.01106	0.00785	0.00587	0.00498	0.00148	0.00755	0.00405	0.00400	0.00752
38	0.01093	0.00940	0.01048	0.00979	0.04540	0.00968	0.00720	0.01946	0.39477	0.01934	0.07729	0.02579	0.17660	0.00805	0.00536	0.00160	0.00380	0.00676	0.00480	0.15351
39	0.01236	0.01182	0.02015	0.21142	0.60790	0.01237	0.01587	0.01559	0.01170	0.01640	0.00982	0.01332	0.00807	0.00484	0.00525	0.00161	0.00646	0.00471	0.00255	0.00779
40	0.00785	0.00555	0.00693	0.00686	0.00734	0.00590	0.00456	0.00916	0.03853	0.01188	0.05254	0.02990	0.01868	0.50042	0.26586	0.00589	0.00780	0.00707	0.00330	0.00397
41	0.00751	0.00505	0.00582	0.00599	0.00604	0.00501	0.00345	0.00764	0.00804	0.01071	0.01844	0.14570	0.02147	0.70003	0.02402	0.00470	0.00483	0.00874	0.00345	0.00336
42	0.01569	0.13087	0.18116	0.01247	0.01708	0.09608	0.08847	0.12659	0.01458	0.15917	0.06416	0.04548	0.01237	0.00625	0.00513	0.00157	0.00636	0.00514	0.00391	0.00748
43	0.06245	0.19837	0.15839	0.21216	0.11219	0.04162	0.03290	0.03565	0.01155	0.04192	0.00936	0.01165	0.00731	0.00497	0.00463	0.00151	0.00650	0.00398	0.00267	0.04023
44	0.02730	0.11130	0.20772	0.08637	0.24387	0.03009	0.03016	0.07059	0.01270	0.05996	0.03141	0.01291	0.00900	0.00518	0.00493	0.00154	0.00641	0.00437	0.00299	0.04117

[dist]
# distance from previous block
# <min> <max>
0	35

[block]
# block no. 4 follows, 46 sequences, length 18
# corresponding to MSA columns:
# 539-556
name=unknown_E
#
# <colnr> <probs for GDERKNQSTAVLIFYWHMCP>
#	G	D	E	R	K	N	Q	S	T	A	V	L	I	F	Y	W	H	M	C	P
0	0.07976	0.23994	0.18299	0.01260	0.06140	0.09654	0.01161	0.13391	0.03943	0.07993	0.01043	0.01124	0.00794	0.00530	0.00450	0.00147	0.00632	0.00384	0.00332	0.00752
1	0.01114	0.01051	0.05670	0.00998	0.01256	0.05647	0.04946	0.03291	0.25463	0.04632	0.23858	0.11738	0.06278	0.00918	0.00581	0.00175	0.00434	0.00799	0.00497	0.00653
2	0.01187	0.01553	0.18253	0.01643	0.02082	0.01297	0.30761	0.03398	0.14638	0.01739	0.01306	0.06438	0.01076	0.00650	0.00733	0.00185	0.11420	0.00601	0.00321	0.00717
3	0.01403	0.41373	0.24414	0.01264	0.05300	0.05189	0.03371	0.05689	0.01212	0.05043	0.00912	0.01034	0.00728	0.00491	0.00428	0.00138	0.00653	0.00357	0.00266	0.00735
4	0.00716	0.00539	0.00766	0.00824	0.00892	0.00511	0.04224	0.03102	0.01069	0.01427	0.02773	0.74718	0.03285	0.01565	0.00668	0.00211	0.00344	0.01428	0.00481	0.00458
5	0.01308	0.01256	0.02146	0.03245	0.78123	0.01256	0.01622	0.01622	0.01204	0.01727	0.00994	0.01308	0.00837	0.00471	0.00523	0.00157	0.00628	0.00471	0.00262	0.00837
6	0.00731	0.00638	0.03418	0.00990	0.05077	0.00557	0.05371	0.00875	0.01041	0.01402	0.02630	0.69167	0.03092	0.01479	0.00658	0.00208	0.00376	0.01356	0.00456	0.00481
7	0.01194	0.01154	0.01991	0.19755	0.51690	0.01193	0.06786	0.01514	0.01175	0.01624	0.01263	0.01577	0.05663	0.00536	0.00538	0.00164	0.00641	0.00522	0.00271	0.00749
8	0.00759	0.00552	0.00776	0.00776	0.00845	0.00621	0.00569	0.00897	0.00828	0.01173	0.01483	0.02450	0.01484	0.24890	0.58623	0.00759	0.01172	0.00621	0.00293	0.00431
9	0.00755	0.00566	0.00850	0.00850	0.00944	0.00661	0.00661	0.00944	0.00850	0.01227	0.01416	0.02077	0.01322	0.03965	0.79326	0.00850	0.01416	0.00566	0.00283	0.00472
10	0.01335	0.11111	0.28320	0.08605	0.07809	0.12800	0.09268	0.01708	0.01182	0.05621	0.00980	0.01196	0.00753	0.00610	0.02471	0.00177	0.04652	0.00424	0.00264	0.00713
11	0.00818	0.00697	0.01148	0.01051	0.01196	0.00671	0.14993	0.03321	0.01111	0.01485	0.02532	0.57384	0.04987	0.01363	0.00682	0.00206	0.02074	0.03333	0.00444	0.00504
12	0.00972	0.00802	0.01318	0.01274	0.03951	0.00790	0.14319	0.03850	0.01260	0.01661	0.02381	0.07209	0.02509	0.01224	0.00696	0.00225	0.00561	0.54007	0.00442	0.00551
13	0.00647	0.00540	0.00566	0.00570	0.00741	0.00459	0.00434	0.00795	0.01227	0.01487	0.10509	0.05054	0.68368	0.01327	0.00631	0.00181	0.00279	0.05236	0.00497	0.00452
14	0.01165	0.03863	0.20738	0.16750	0.03710	0.03022	0.20128	0.04211	0.04715	0.04171	0.01626	0.01809	0.10492	0.00617	0.00552	0.00171	0.00690	0.00570	0.00312	0.00689
15	0.00697	0.00520	0.00695	0.00758	0.00821	0.00518	0.00543	0.00832	0.01077	0.01459	0.13910	0.50056	0.08150	0.01786	0.09865	0.00281	0.03394	0.03714	0.00470	0.00453
16	0.07057	0.31026	0.01766	0.00950	0.01302	0.06609	0.00832	0.07099	0.01275	0.20737	0.01216	0.01285	0.00927	0.00781	0.05463	0.00187	0.04857	0.00403	0.05519	0.00708
17	0.01310	0.03811	0.06292	0.08111	0.12971	0.03427	0.24122	0.08165	0.01318	0.07670	0.04175	0.11290	0.01316	0.00681	0.00603	0.00174	0.02854	0.00654	0.00351	0.00705

[dist]
# distance from previous block
# <min> <max>
0	1

[block]
# block no. 5 follows, 46 sequences, length 18
# corresponding to MSA columns:
# 566-583
name=unknown_F
#
# <colnr> <probs for GDERKNQSTAVLIFYWHMCP>
#	G	D	E	R	K	N	Q	S	T	A	V	L	I	F	Y	W	H	M	C	P
0	0.01437	0.39062	0.27358	0.01167	0.01707	0.08743	0.01260	0.07039	0.01248	0.05234	0.00915	0.01021	0.00722	0.00500	0.00428	0.00139	0.00667	0.00349	0.00271	0.00732
1	0.35631	0.07013	0.06022	0.01116	0.06192	0.06975	0.00895	0.17569	0.07684	0.02287	0.01023	0.01126	0.00789	0.00647	0.02840	0.00179	0.00564	0.00383	0.00365	0.00701
2	0.01640	0.07631	0.01767	0.03998	0.17058	0.05600	0.06422	0.29225	0.01669	0.09021	0.01247	0.04850	0.00997	0.00686	0.00617	0.05286	0.00604	0.00512	0.00401	0.00769
3	0.00801	0.00623	0.00896	0.00871	0.00943	0.00745	0.00669	0.00956	0.00834	0.01205	0.01371	0.02163	0.01334	0.14053	0.60595	0.00737	0.09875	0.00582	0.00283	0.00463
4	0.00641	0.00472	0.00601	0.00705	0.00759	0.00432	0.00477	0.00740	0.01042	0.01362	0.03289	0.69389	0.14941	0.01607	0.00667	0.00209	0.00301	0.01443	0.00491	0.00432
5	0.01594	0.21263	0.18847	0.01433	0.09812	0.11464	0.02545	0.17126	0.01480	0.08129	0.01046	0.01143	0.00793	0.00531	0.00472	0.00147	0.00669	0.00400	0.00333	0.00773
6	0.00935	0.00704	0.00791	0.00741	0.00940	0.00696	0.00563	0.01440	0.20271	0.06396	0.23048	0.08430	0.30806	0.01095	0.00600	0.00177	0.00314	0.00933	0.00536	0.00584
7	0.01188	0.00688	0.00709	0.00636	0.00818	0.00719	0.00495	0.16074	0.01381	0.02240	0.01635	0.01832	0.01265	0.00620	0.00401	0.00130	0.00313	0.00489	0.67795	0.00573
8	0.01179	0.01136	0.01971	0.34526	0.43640	0.01227	0.05650	0.01516	0.01146	0.01572	0.00976	0.01356	0.00781	0.00493	0.00531	0.00166	0.00674	0.00479	0.00251	0.00729
9	0.01219	0.03619	0.01517	0.01269	0.01329	0.06246	0.01049	0.01353	0.00903	0.04292	0.00864	0.01276	0.00800	0.01141	0.08566	0.00271	0.59626	0.00463	0.03613	0.00583
10	0.00848	0.00706	0.00898	0.00880	0.00972	0.05464	0.00674	0.01013	0.00880	0.01215	0.01370	0.02094	0.01310	0.10679	0.64116	0.00748	0.04811	0.00567	0.00284	0.00471
11	0.01077	0.00988	0.01658	0.52842	0.09205	0.01150	0.07575	0.05446	0.01139	0.01498	0.01093	0.06475	0.00922	0.00661	0.00638	0.03923	0.02281	0.00548	0.00272	0.00609
12	0.01981	0.01303	0.13414	0.01233	0.01718	0.00995	0.11715	0.08240	0.01493	0.49727	0.01701	0.01599	0.01106	0.00600	0.00540	0.00166	0.00574	0.00519	0.00523	0.00855
13	0.00690	0.00531	0.00632	0.00630	0.00765	0.00473	0.00468	0.00876	0.01321	0.01748	0.39128	0.13193	0.33396	0.01256	0.00632	0.00178	0.00269	0.02809	0.00534	0.00470
14	0.05174	0.00585	0.00796	0.00800	0.00913	0.00620	0.00600	0.01051	0.00983	0.07803	0.05766	0.24006	0.02091	0.05241	0.40427	0.00536	0.00888	0.00835	0.00390	0.00497
15	0.03392	0.37934	0.23526	0.01161	0.01659	0.15519	0.01205	0.01790	0.06619	0.01469	0.00911	0.01022	0.00741	0.00503	0.00423	0.00138	0.00680	0.00346	0.00258	0.00704
16	0.01393	0.04243	0.01261	0.01030	0.01361	0.01263	0.00817	0.09566	0.53842	0.06108	0.02036	0.01904	0.04470	0.00693	0.00520	0.00166	0.00433	0.00567	0.00510	0.07815
17	0.08773	0.09917	0.11252	0.01120	0.06673	0.01075	0.03227	0.04856	0.02583	0.03324	0.00968	0.01113	0.00774	0.00450	0.00422	0.00117	0.00503	0.00355	0.00309	0.42188

[dist]
# distance from previous block
# <min> <max>
2	58

[block]
# block no. 6 follows, 46 sequences, length 33
# corresponding to MSA columns:
# 643-675
name=unknown_G
#
# <colnr> <probs for GDERKNQSTAVLIFYWHMCP>
#	G	D	E	R	K	N	Q	S	T	A	V	L	I	F	Y	W	H	M	C	P
0	0.01301	0.03664	0.26422	0.01355	0.04467	0.01079	0.10875	0.08066	0.01310	0.11883	0.04330	0.07710	0.02941	0.00684	0.00563	0.00166	0.02086	0.03176	0.00370	0.07552
1	0.01469	0.00813	0.01066	0.00986	0.04856	0.00787	0.00748	0.03168	0.08219	0.30446	0.19545	0.02982	0.10400	0.00908	0.00633	0.00177	0.03873	0.07670	0.00555	0.00699
2	0.00705	0.00482	0.00647	0.00758	0.00805	0.00451	0.00524	0.00810	0.01040	0.03422	0.02884	0.73673	0.03406	0.01616	0.00675	0.00215	0.00323	0.06623	0.00495	0.00446
