[name]
unknown

[dist]
# distance from previous block
# <min> <max>
0	144

[block]
# block no. 0 follows, 59 sequences, length 6
# corresponding to MSA columns:
# 144-149
name=unknown_A
#
# <colnr> <probs for GDERKNQSTAVLIFYWHMCP>
#	G	D	E	R	K	N	Q	S	T	A	V	L	I	F	Y	W	H	M	C	P
0	0.00736	0.00567	0.00813	0.01003	0.10792	0.00559	0.00746	0.00936	0.01014	0.01321	0.02407	0.04418	0.11705	0.01107	0.00578	0.00188	0.00399	0.59888	0.00384	0.00439
1	0.01177	0.01160	0.11253	0.02302	0.62349	0.00997	0.01302	0.01458	0.01029	0.11325	0.00938	0.01124	0.00731	0.00415	0.00436	0.00133	0.00522	0.00392	0.00255	0.00700
2	0.00614	0.00433	0.00563	0.00587	0.00619	0.00452	0.00394	0.00684	0.00712	0.00975	0.01567	0.21484	0.01749	0.38576	0.28144	0.00462	0.00635	0.00730	0.00291	0.00330
3	0.00547	0.00401	0.00517	0.00606	0.00653	0.00370	0.00420	0.00637	0.00878	0.01149	0.02697	0.68447	0.13267	0.01338	0.00561	0.00177	0.00262	0.06299	0.00410	0.00364
4	0.01065	0.26891	0.27790	0.00940	0.01411	0.01131	0.03647	0.04090	0.00976	0.04909	0.00791	0.00898	0.00620	0.00391	0.00359	0.00107	0.00499	0.00296	0.00233	0.22956
5	0.00854	0.00875	0.05522	0.00777	0.00919	0.14306	0.02623	0.06015	0.01009	0.01268	0.05457	0.36454	0.06719	0.07084	0.05862	0.00208	0.00463	0.00811	0.02339	0.00433

[dist]
# distance from previous block
# <min> <max>
0	2

[block]
# block no. 1 follows, 59 sequences, length 9
# corresponding to MSA columns:
# 152-160
name=unknown_B
#
# <colnr> <probs for GDERKNQSTAVLIFYWHMCP>
#	G	D	E	R	K	N	Q	S	T	A	V	L	I	F	Y	W	H	M	C	P
0	0.00583	0.00412	0.00514	0.00572	0.00607	0.00392	0.00380	0.00652	0.00824	0.01091	0.05867	0.45656	0.08097	0.26344	0.01069	0.00252	0.00313	0.05666	0.00370	0.00338
1	0.04265	0.25757	0.41081	0.01060	0.01547	0.02855	0.03506	0.06525	0.02757	0.01412	0.02781	0.00949	0.00682	0.00439	0.00408	0.00128	0.02688	0.00324	0.00222	0.00614
2	0.03782	0.04609	0.04358	0.15412	0.02850	0.00856	0.06649	0.07610	0.04436	0.29560	0.09049	0.06412	0.01294	0.00582	0.00451	0.00141	0.00441	0.00501	0.00392	0.00616
3	0.00568	0.00429	0.00518	0.00550	0.00635	0.00388	0.00394	0.00689	0.00989	0.01295	0.21881	0.31108	0.27860	0.06151	0.00643	0.00176	0.00252	0.04682	0.00420	0.00374
4	0.04076	0.01560	0.01204	0.01026	0.01304	0.39982	0.00801	0.24153	0.10900	0.09207	0.01019	0.01036	0.00759	0.00501	0.00417	0.00126	0.00603	0.00356	0.00346	0.00623
5	0.01338	0.07795	0.03272	0.03212	0.01383	0.09407	0.10069	0.28449	0.03403	0.08850	0.02541	0.05896	0.00948	0.00763	0.06567	0.00179	0.04517	0.00454	0.00343	0.00616
6	0.01297	0.04663	0.03001	0.02697	0.07213	0.00840	0.07439	0.05140	0.13742	0.27500	0.01460	0.03021	0.01177	0.15022	0.00762	0.00191	0.00442	0.03397	0.00388	0.00608
7	0.00548	0.00389	0.00509	0.00602	0.00625	0.00366	0.00396	0.00618	0.00825	0.01100	0.02330	0.76084	0.02790	0.09668	0.00732	0.00204	0.00273	0.01194	0.00396	0.00350
8	0.10161	0.04268	0.02642	0.02064	0.03621	0.22562	0.04527	0.19170	0.09796	0.03605	0.06990	0.01260	0.01018	0.00527	0.00433	0.00131	0.01971	0.01445	0.03219	0.00589

[dist]
# distance from previous block
# <min> <max>
2	6

[block]
# block no. 2 follows, 59 sequences, length 30
# corresponding to MSA columns:
# 168-197
name=unknown_C
#
# <colnr> <probs for GDERKNQSTAVLIFYWHMCP>
#	G	D	E	R	K	N	Q	S	T	A	V	L	I	F	Y	W	H	M	C	P
0	0.09558	0.03054	0.00987	0.00901	0.04778	0.04709	0.00671	0.08246	0.33586	0.09551	0.05707	0.12395	0.01474	0.00676	0.00445	0.00146	0.00376	0.01718	0.00410	0.00611
1	0.42591	0.02596	0.03853	0.00877	0.06635	0.05741	0.03300	0.03185	0.00901	0.04187	0.00874	0.00985	0.03733	0.00443	0.00377	0.00125	0.03422	0.00311	0.00273	0.15590
2	0.04417	0.50894	0.15340	0.03386	0.01326	0.04596	0.00920	0.06005	0.00970	0.01246	0.00739	0.00857	0.01890	0.00435	0.00397	0.00115	0.05391	0.00288	0.00212	0.00576
3	0.00966	0.00617	0.00710	0.06924	0.00936	0.00657	0.00522	0.10625	0.09632	0.05494	0.04471	0.05529	0.05043	0.00749	0.04667	0.00155	0.00346	0.00500	0.40956	0.00500
4	0.01041	0.00877	0.01146	0.15967	0.11087	0.05274	0.00869	0.03388	0.11838	0.07401	0.13405	0.01618	0.01359	0.00621	0.00639	0.00149	0.16108	0.02064	0.04597	0.00553
5	0.00571	0.00463	0.00507	0.00506	0.00637	0.00411	0.00377	0.00740	0.03928	0.01320	0.19019	0.09559	0.54558	0.02838	0.00561	0.00157	0.00236	0.02798	0.00423	0.00391
6	0.00868	0.09899	0.04963	0.07709	0.08284	0.02006	0.04337	0.03941	0.08222	0.01349	0.08188	0.05439	0.16406	0.05682	0.02447	0.00174	0.04161	0.05102	0.00319	0.00505
7	0.64580	0.00791	0.00669	0.00598	0.00844	0.00893	0.00481	0.01341	0.05769	0.06180	0.05937	0.01110	0.00874	0.03745	0.00388	0.00147	0.00332	0.00326	0.04505	0.00491
8	0.20000	0.02703	0.01128	0.36568	0.08667	0.06114	0.00909	0.05536	0.00975	0.01499	0.04711	0.01167	0.00796	0.00463	0.00392	0.00136	0.00486	0.00370	0.06868	0.00513
9	0.00615	0.00415	0.00477	0.00512	0.00599	0.00382	0.00365	0.00747	0.00951	0.01341	0.10675	0.33331	0.24111	0.01043	0.00484	0.00148	0.00230	0.00908	0.22286	0.00382
10	0.00943	0.18298	0.66678	0.01161	0.01760	0.01166	0.01462	0.01384	0.00926	0.01329	0.00758	0.00889	0.00561	0.00412	0.00393	0.00131	0.00618	0.00309	0.00187	0.00636
11	0.01406	0.00846	0.00986	0.00820	0.01081	0.00867	0.00651	0.29498	0.08413	0.25008	0.01831	0.18262	0.06845	0.00754	0.00473	0.00146	0.00378	0.00630	0.00464	0.00642
12	0.00636	0.00466	0.00685	0.00685	0.00755	0.00536	0.00521	0.00769	0.00699	0.01002	0.01187	0.01824	0.01137	0.10388	0.72949	0.03571	0.01090	0.00485	0.00238	0.00376
13	0.01504	0.01144	0.01220	0.00970	0.01293	0.01274	0.00790	0.59140	0.20901	0.02510	0.01343	0.01300	0.03410	0.00565	0.00446	0.00137	0.00445	0.00439	0.00443	0.00727
14	0.00915	0.00572	0.00592	0.00555	0.00703	0.00612	0.00426	0.04426	0.19935	0.01743	0.04183	0.01679	0.01270	0.00548	0.00354	0.00116	0.00251	0.00445	0.60181	0.00493
15	0.01093	0.01049	0.01793	0.02711	0.81723	0.01049	0.01355	0.01355	0.01006	0.01443	0.00831	0.01093	0.00700	0.00394	0.00437	0.00131	0.00525	0.00394	0.00219	0.00700
16	0.01166	0.00761	0.00935	0.00864	0.01045	0.04873	0.00723	0.06930	0.01112	0.20849	0.01748	0.06328	0.01667	0.00885	0.00633	0.00170	0.10332	0.34378	0.00402	0.04198
17	0.01360	0.00736	0.00897	0.00746	0.01009	0.00713	0.00595	0.03922	0.20933	0.36620	0.15507	0.02062	0.08923	0.00665	0.00462	0.00139	0.00329	0.00555	0.00488	0.03339
18	0.48974	0.00929	0.00862	0.04509	0.03140	0.04928	0.00619	0.06555	0.10740	0.11347	0.00958	0.01003	0.00706	0.00463	0.00344	0.00136	0.00390	0.00323	0.02512	0.00561
19	0.03336	0.12552	0.03842	0.03112	0.03033	0.10448	0.03309	0.34153	0.07726	0.07693	0.01137	0.04597	0.02046	0.00536	0.00420	0.00130	0.00501	0.00416	0.00360	0.00651
20	0.01140	0.69371	0.14385	0.00846	0.01256	0.02922	0.00894	0.01336	0.00904	0.01095	0.00642	0.00749	0.00566	0.00393	0.00328	0.00103	0.02052	0.00253	0.00189	0.00577
21	0.01049	0.01005	0.01713	0.16391	0.68387	0.01038	0.01334	0.01317	0.00985	0.01390	0.00823	0.01107	0.00681	0.00402	0.00438	0.00134	0.00536	0.00393	0.00215	0.00664
22	0.01054	0.00966	0.01632	0.19572	0.50520	0.01027	0.04421	0.01310	0.00974	0.04823	0.02773	0.01176	0.00766	0.00449	0.00518	0.00140	0.06604	0.00410	0.00233	0.00631
23	0.00615	0.00487	0.00760	0.00762	0.00843	0.00458	0.09067	0.00739	0.00897	0.01201	0.06061	0.62518	0.02675	0.03075	0.00598	0.00182	0.00324	0.07960	0.00390	0.00389
24	0.00893	0.00606	0.00778	0.00743	0.02839	0.00652	0.00537	0.13619	0.00946	0.05182	0.01249	0.02005	0.01201	0.24881	0.31877	0.07221	0.00716	0.03331	0.00295	0.00426
25	0.00990	0.00939	0.01554	0.07115	0.61449	0.00961	0.01187	0.01222	0.00972	0.01366	0.01208	0.06770	0.07215	0.00537	0.00501	0.00140	0.04510	0.00492	0.00244	0.00629
26	0.01272	0.01230	0.05682	0.11623	0.06518	0.12527	0.08184	0.25904	0.07976	0.03313	0.01175	0.04278	0.03358	0.00556	0.00478	0.00140	0.02640	0.02200	0.00327	0.00617
27	0.00651	0.00518	0.00564	0.00593	0.00675	0.03638	0.00417	0.03796	0.00934	0.01183	0.04071	0.35336	0.24354	0.15063	0.01976	0.00216	0.00326	0.04936	0.00379	0.00373
28	0.01100	0.16027	0.32765	0.01042	0.01468	0.10374	0.05113	0.08463	0.05629	0.01486	0.03345	0.01086	0.00795	0.00458	0.00395	0.00126	0.00553	0.00355	0.08820	0.00599
29	0.02729	0.02603	0.04675	0.01383	0.09422	0.16105	0.21265	0.09116	0.05614	0.10251	0.01056	0.01249	0.01885	0.00539	0.01613	0.00149	0.07206	0.02234	0.00296	0.00609

[dist]
# distance from previous block
# <min> <max>
0	170

[block]
# block no. 3 follows, 59 sequences, length 27
# corresponding to MSA columns:
# 397-423
name=unknown_D
#
# <colnr> <probs for GDERKNQSTAVLIFYWHMCP>
#	G	D	E	R	K	N	Q	S	T	A	V	L	I	F	Y	W	H	M	C	P
0	0.09467	0.14977	0.15675	0.00951	0.02632	0.01137	0.03782	0.24095	0.01269	0.04169	0.07125	0.02877	0.02048	0.02158	0.00452	0.00134	0.01613	0.00402	0.00317	0.04721
1	0.07541	0.12427	0.16220	0.00933	0.01321	0.01190	0.00892	0.33774	0.05419	0.04790	0.05901	0.01139	0.00918	0.00497	0.00404	0.00127	0.00468	0.00376	0.00346	0.05318
2	0.06310	0.04957	0.07679	0.00810	0.01174	0.10358	0.00705	0.07441	0.02574	0.10934	0.02302	0.01095	0.00790	0.00430	0.00371	0.00102	0.00434	0.01850	0.00306	0.39377
3	0.08849	0.07686	0.14002	0.05057	0.01113	0.00796	0.02516	0.03638	0.00928	0.06761	0.12051	0.01834	0.01394	0.24303	0.00947	0.00215	0.01990	0.00481	0.00297	0.05143
4	0.41096	0.03139	0.11370	0.00880	0.05429	0.03448	0.02465	0.04955	0.00919	0.05880	0.01705	0.05890	0.01524	0.00622	0.04034	0.00161	0.01611	0.00370	0.00285	0.04218
5	0.00940	0.02301	0.01075	0.03101	0.01145	0.03382	0.07887	0.07630	0.04287	0.01458	0.07959	0.07168	0.01242	0.07907	0.04023	0.00165	0.04685	0.00473	0.00302	0.32869
6	0.00623	0.00467	0.00600	0.04923	0.00800	0.00462	0.00467	0.04943	0.00918	0.01207	0.02433	0.55623	0.13368	0.05306	0.05487	0.00214	0.00344	0.01044	0.00384	0.00386
7	0.01258	0.08305	0.01070	0.00883	0.06175	0.05799	0.00662	0.18441	0.06457	0.13584	0.05317	0.06936	0.02671	0.00610	0.00417	0.00129	0.00390	0.02626	0.17682	0.00588
8	0.01197	0.31100	0.11360	0.03303	0.03368	0.08556	0.07018	0.14107	0.04361	0.01461	0.00880	0.03624	0.00738	0.00512	0.01493	0.00131	0.03200	0.00364	0.02634	0.00595
9	0.01160	0.00856	0.01139	0.15528	0.11233	0.00909	0.00834	0.11467	0.14430	0.13355	0.07162	0.02966	0.05237	0.00575	0.00484	0.00137	0.03681	0.00479	0.00364	0.08005
10	0.01126	0.03124	0.00922	0.00755	0.00974	0.02237	0.00608	0.27182	0.06704	0.05968	0.02057	0.06522	0.19656	0.00745	0.00502	0.00140	0.04692	0.03086	0.12443	0.00558
11	0.01601	0.01263	0.01329	0.01036	0.01369	0.09108	0.04936	0.61447	0.03424	0.04553	0.01065	0.01091	0.00767	0.00516	0.00436	0.00131	0.00511	0.00397	0.04316	0.00704
12	0.00910	0.00837	0.01338	0.65523	0.03782	0.01014	0.03869	0.05895	0.06374	0.01288	0.00902	0.02823	0.00700	0.00480	0.00470	0.00148	0.02468	0.00421	0.00233	0.00524
13	0.01059	0.01029	0.01684	0.16893	0.63596	0.03242	0.01309	0.01319	0.00982	0.01368	0.00812	0.01097	0.00673	0.00413	0.00463	0.00135	0.02668	0.00390	0.00214	0.00652
14	0.01052	0.05384	0.01045	0.00930	0.04669	0.01017	0.00704	0.02002	0.58395	0.03715	0.05966	0.01987	0.04151	0.00656	0.00458	0.00149	0.00357	0.06291	0.00425	0.00646
15	0.00569	0.00403	0.00516	0.00590	0.00618	0.00385	0.00391	0.00637	0.00809	0.01074	0.02235	0.58910	0.05085	0.19588	0.03143	0.00248	0.00323	0.03763	0.00374	0.00342
16	0.00892	0.00511	0.00624	0.00575	0.00693	0.00482	0.00411	0.01882	0.00897	0.16845	0.05007	0.02811	0.19540	0.33139	0.09336	0.02703	0.00438	0.02442	0.00362	0.00410
17	0.00691	0.04335	0.05586	0.00729	0.00860	0.00633	0.00609	0.00902	0.03324	0.01113	0.01233	0.05924	0.01152	0.02673	0.62839	0.00570	0.00992	0.00492	0.04914	0.00426
18	0.00537	0.00387	0.00510	0.00608	0.00639	0.00359	0.00407	0.00616	0.00852	0.01130	0.02516	0.80982	0.06076	0.01373	0.00562	0.00178	0.00255	0.01243	0.00410	0.00359
19	0.00613	0.00510	0.00601	0.05479	0.02659	0.00478	0.00468	0.00821	0.05375	0.01333	0.16935	0.06979	0.49933	0.01013	0.00518	0.00151	0.00268	0.05044	0.00408	0.00414
20	0.01465	0.00811	0.01043	0.00854	0.01119	0.00799	0.04173	0.23062	0.02771	0.34255	0.01700	0.22959	0.01463	0.00754	0.00478	0.00147	0.00391	0.00648	0.00466	0.00641
21	0.01088	0.00875	0.00945	0.00843	0.01081	0.00983	0.00657	0.04248	0.63178	0.06013	0.10141	0.01899	0.04802	0.00647	0.00459	0.00147	0.00335	0.00542	0.00457	0.00661
22	0.00551	0.00394	0.00528	0.00630	0.00661	0.00370	0.00433	0.00638	0.00859	0.01142	0.02427	0.78162	0.02892	0.01371	0.00567	0.00181	0.00268	0.07153	0.00410	0.00362
23	0.05908	0.01838	0.01153	0.01056	0.01268	0.68318	0.00797	0.01619	0.01159	0.01120	0.00741	0.00909	0.00631	0.00808	0.10632	0.00189	0.00821	0.00306	0.00231	0.00496
24	0.01512	0.00972	0.08165	0.00927	0.01216	0.00902	0.02768	0.09648	0.05329	0.40405	0.01412	0.01384	0.02894	0.00587	0.00625	0.00147	0.15747	0.00434	0.04264	0.00663
25	0.01425	0.00970	0.01081	0.00883	0.01167	0.01037	0.00727	0.47840	0.04801	0.10967	0.01598	0.03403	0.06595	0.00674	0.00464	0.00143	0.00422	0.10046	0.05102	0.00656
26	0.00697	0.00536	0.00699	0.00664	0.00685	0.00626	0.00469	0.00757	0.00667	0.00939	0.01191	0.02236	0.01288	0.47660	0.23820	0.00462	0.15468	0.00551	0.00246	0.00340

[dist]
# distance from previous block
# <min> <max>
0	1

[block]
# block no. 4 follows, 59 sequences, length 7
# corresponding to MSA columns:
# 425-431
name=unknown_E
#
# <colnr> <probs for GDERKNQSTAVLIFYWHMCP>
#	G	D	E	R	K	N	Q	S	T	A	V	L	I	F	Y	W	H	M	C	P
0	0.00895	0.00794	0.01030	0.00746	0.01123	0.00619	0.07695	0.01100	0.00935	0.01417	0.01099	0.01216	0.07329	0.00396	0.00361	0.00080	0.00356	0.00340	0.00270	0.72199
1	0.01207	0.69058	0.06410	0.00811	0.01176	0.01607	0.00808	0.01368	0.00911	0.06743	0.00700	0.00793	0.00604	0.00417	0.00377	0.00106	0.05844	0.00265	0.00214	0.00579
2	0.00706	0.00591	0.00929	0.00851	0.00944	0.00703	0.06035	0.00870	0.00728	0.01057	0.01079	0.01591	0.01001	0.02757	0.65759	0.00599	0.12686	0.00464	0.00230	0.00420
3	0.01195	0.74170	0.07077	0.00812	0.01196	0.07173	0.00815	0.01357	0.00923	0.01064	0.00629	0.00728	0.00566	0.00386	0.00299	0.00099	0.00505	0.00245	0.00191	0.00568
4	0.00642	0.00428	0.00482	0.00482	0.00482	0.00428	0.00268	0.00642	0.00642	0.00856	0.01392	0.02890	0.01606	0.84478	0.02248	0.00428	0.00428	0.00642	0.00268	0.00268
5	0.01535	0.01084	0.01191	0.00951	0.01262	0.01183	0.00776	0.58092	0.09306	0.09065	0.01327	0.07124	0.01051	0.00622	0.00457	0.00140	0.00445	0.03233	0.00448	0.00707
6	0.05955	0.12720	0.02789	0.07529	0.01355	0.21206	0.02250	0.06980	0.04037	0.14404	0.01022	0.04975	0.00840	0.00558	0.00526	0.00136	0.10035	0.01809	0.00304	0.00570

[dist]
# distance from previous block
# <min> <max>
0	1

[block]
# block no. 5 follows, 59 sequences, length 10
# corresponding to MSA columns:
# 433-442
name=unknown_F
#
# <colnr> <probs for GDERKNQSTAVLIFYWHMCP>
#	G	D	E	R	K	N	Q	S	T	A	V	L	I	F	Y	W	H	M	C	P
0	0.00923	0.00534	0.00690	0.00651	0.00792	0.00503	0.00487	0.01165	0.07581	0.18556	0.32728	0.28800	0.02887	0.00958	0.00513	0.00152	0.00271	0.00846	0.00471	0.00492
1	0.01123	0.01112	0.05321	0.21858	0.32410	0.08298	0.11218	0.01396	0.01020	0.07822	0.00936	0.01255	0.00744	0.00449	0.00451	0.00139	0.00583	0.03008	0.00246	0.00611
2	0.03986	0.00926	0.01059	0.00800	0.01155	0.00878	0.00652	0.28800	0.01393	0.17470	0.03981	0.01160	0.00894	0.00463	0.00395	0.00107	0.00388	0.00363	0.00388	0.34743
3	0.03976	0.08022	0.17441	0.07705	0.01490	0.02747	0.02879	0.06723	0.13987	0.05569	0.00942	0.01094	0.00737	0.00560	0.00706	0.00152	0.24021	0.00381	0.00272	0.00594
4	0.01220	0.26145	0.17926	0.01015	0.01398	0.01205	0.08550	0.05255	0.07865	0.14845	0.01055	0.04226	0.00829	0.00505	0.00471	0.00132	0.06044	0.00396	0.00294	0.00624
5	0.00650	0.00581	0.07476	0.00565	0.00624	0.00470	0.00403	0.00704	0.00693	0.00937	0.01474	0.13116	0.01684	0.66664	0.01876	0.00372	0.00425	0.00694	0.00279	0.00312
6	0.01188	0.01118	0.07706	0.06590	0.07338	0.09287	0.04803	0.20829	0.05005	0.05340	0.04757	0.01491	0.01039	0.12926	0.02420	0.00191	0.03572	0.00449	0.03379	0.00572
7	0.00949	0.00784	0.01235	0.21924	0.24302	0.00832	0.04636	0.02771	0.05410	0.05154	0.03898	0.09614	0.01174	0.07744	0.00603	0.00165	0.00462	0.00529	0.07270	0.00543
8	0.00820	0.04453	0.51287	0.01012	0.01466	0.00879	0.01187	0.01233	0.04577	0.01330	0.04939	0.01584	0.08011	0.07536	0.07619	0.00212	0.00602	0.00444	0.00243	0.00563
9	0.01040	0.01236	0.17505	0.14508	0.13551	0.04681	0.01042	0.10055	0.02805	0.01512	0.00865	0.02397	0.00690	0.00433	0.00422	0.00119	0.01886	0.00355	0.00254	0.24644

[dist]
# distance from previous block
# <min> <max>
2	5

[block]
# block no. 6 follows, 59 sequences, length 6
# corresponding to MSA columns:
# 448-453
name=unknown_G
#
# <colnr> <probs for GDERKNQSTAVLIFYWHMCP>
#	G	D	E	R	K	N	Q	S	T	A	V	L	I	F	Y	W	H	M	C	P
0	0.05889	0.00816	0.03853	0.15985	0.05608	0.00833	0.00760	0.14150	0.07493	0.08157	0.04963	0.05036	0.01078	0.05113	0.00765	0.15869	0.00436	0.00461	0.00319	0.02415
1	0.00750	0.00510	0.00631	0.00597	0.00708	0.00490	0.00438	0.04701	0.03484	0.05802	0.43238	0.12644	0.07487	0.13474	0.00778	0.00189	0.00280	0.02935	0.00438	0.00427
2	0.00864	0.00798	0.06947	0.01145	0.14038	0.00688	0.08298	0.01141	0.05310	0.06065	0.15215	0.08612	0.08744	0.05820	0.00614	0.00172	0.00412	0.14248	0.00359	0.00512
3	0.05959	0.07869	0.10225	0.01171	0.03542	0.26992	0.09772	0.06195	0.03582	0.04032	0.00901	0.01045	0.02987	0.00512	0.00570	0.00137	0.13328	0.00365	0.00252	0.00564
4	0.01289	0.03177	0.01040	0.05161	0.05466	0.11646	0.00723	0.07194	0.05396	0.23440	0.01681	0.09056	0.07248	0.02931	0.02730	0.00168	0.03240	0.07458	0.00385	0.00572
5	0.00605	0.00471	0.00572	0.00617	0.04783	0.00429	0.00408	0.00733	0.01008	0.01323	0.27501	0.10215	0.33390	0.15041	0.00811	0.00194	0.00272	0.00841	0.00400	0.00384

[dist]
# distance from previous block
# <min> <max>
9	117

[block]
# block no. 7 follows, 59 sequences, length 22
# corresponding to MSA columns:
# 571-592
name=unknown_H
#
# <colnr> <probs for GDERKNQSTAVLIFYWHMCP>
#	G	D	E	R	K	N	Q	S	T	A	V	L	I	F	Y	W	H	M	C	P
0	0.06951	0.09306	0.06220	0.05364	0.03170	0.02278	0.06236	0.12321	0.07000	0.12128	0.07304	0.02696	0.10236	0.00583	0.00440	0.00133	0.01341	0.00480	0.00353	0.05459
1	0.00670	0.00507	0.01921	0.02647	0.00755	0.00470	0.00459	0.02841	0.04834	0.01179	0.04673	0.32489	0.19045	0.04059	0.00812	0.16755	0.00308	0.02213	0.00355	0.03008
2	0.15206	0.00908	0.04345	0.15009	0.13281	0.03098	0.03109	0.08582	0.03109	0.03968	0.03282	0.17611	0.01195	0.00658	0.00491	0.00149	0.04605	0.00552	0.00304	0.00539
3	0.01069	0.07092	0.14296	0.06242	0.02790	0.08151	0.06596	0.07203	0.05272	0.01464	0.00843	0.00984	0.00665	0.00408	0.00410	0.00108	0.02451	0.00327	0.00256	0.33373
4	0.04544	0.03419	0.05923	0.09500	0.08264	0.00937	0.12769	0.07510	0.05039	0.07620	0.06649	0.05350	0.01083	0.00654	0.00657	0.08178	0.07920	0.00475	0.01906	0.01602
5	0.00616	0.00446	0.00562	0.00624	0.00698	0.00423	0.00460	0.02895	0.00958	0.01271	0.07111	0.46246	0.14651	0.02538	0.00577	0.00177	0.00283	0.15340	0.03740	0.00384
6	0.00765	0.00418	0.00615	0.03006	0.00674	0.00433	0.00424	0.00655	0.02771	0.00826	0.00842	0.01419	0.00825	0.04143	0.06921	0.73986	0.00442	0.00401	0.00204	0.00230
7	0.03455	0.09491	0.11970	0.05244	0.14840	0.04080	0.08169	0.12385	0.08089	0.16349	0.01079	0.01146	0.00785	0.00463	0.00425	0.00133	0.00517	0.00392	0.00323	0.00665
8	0.03518	0.00702	0.00867	0.02881	0.02597	0.00686	0.00600	0.05619	0.13274	0.30924	0.10122	0.09308	0.13884	0.00754	0.00474	0.00146	0.00335	0.02252	0.00462	0.00596
9	0.00544	0.00434	0.00488	0.00504	0.00618	0.00378	0.00367	0.00665	0.01014	0.01282	0.17810	0.21950	0.50112	0.01139	0.00531	0.00154	0.00228	0.00981	0.00424	0.00378
10	0.03866	0.63542	0.03964	0.00860	0.01217	0.15730	0.03059	0.01403	0.00959	0.01094	0.00638	0.00743	0.00567	0.00393	0.00313	0.00102	0.00537	0.00255	0.00199	0.00557
11	0.01122	0.20081	0.25619	0.03522	0.13583	0.04038	0.08832	0.10836	0.02266	0.01479	0.00809	0.00959	0.00631	0.00421	0.00414	0.00126	0.01522	0.00345	0.00234	0.03160
12	0.00892	0.01486	0.43312	0.01026	0.01439	0.00836	0.03875	0.01250	0.01006	0.07311	0.19241	0.01656	0.03534	0.00754	0.05602	0.00178	0.05264	0.00477	0.00291	0.00572
13	0.00595	0.00461	0.00537	0.00563	0.00688	0.00415	0.00447	0.00744	0.01032	0.01311	0.13469	0.07025	0.45767	0.01110	0.00540	0.00162	0.00271	0.21494	0.02982	0.00388
14	0.05338	0.13430	0.01307	0.04830	0.11043	0.08285	0.02316	0.15771	0.07931	0.05771	0.03983	0.02417	0.02697	0.02078	0.00452	0.00133	0.01922	0.00412	0.09294	0.00590
15	0.00614	0.00447	0.00567	0.00614	0.00691	0.00411	0.00429	0.00748	0.03269	0.02409	0.08318	0.58726	0.08440	0.03601	0.00586	0.00173	0.00269	0.03215	0.00405	0.06068
16	0.04226	0.03811	0.02312	0.07850	0.12460	0.07647	0.03314	0.18972	0.05504	0.14581	0.02514	0.07659	0.01003	0.00550	0.00434	0.00133	0.00473	0.00458	0.00354	0.05747
17	0.01076	0.27143	0.36489	0.01065	0.01528	0.09488	0.03543	0.02609	0.00960	0.01263	0.00722	0.00861	0.00576	0.00425	0.00431	0.00122	0.05239	0.00301	0.00202	0.05957
18	0.00913	0.00498	0.00507	0.00475	0.00604	0.00512	0.00364	0.09291	0.01046	0.01765	0.01401	0.01585	0.01092	0.00516	0.00323	0.00106	0.00235	0.00410	0.77911	0.00447
19	0.01121	0.29816	0.19806	0.04784	0.10093	0.07356	0.04222	0.06733	0.05301	0.01382	0.04829	0.01049	0.00818	0.00445	0.00387	0.00122	0.00540	0.00348	0.00242	0.00606
20	0.00635	0.00563	0.00578	0.00596	0.02840	0.05502	0.00425	0.00767	0.01037	0.01286	0.18611	0.09697	0.48633	0.02541	0.04154	0.00176	0.00312	0.00851	0.00398	0.00397
21	0.00697	0.00515	0.00721	0.00702	0.00789	0.00588	0.00537	0.05689	0.00786	0.01114	0.01200	0.01828	0.01141	0.12629	0.68227	0.00641	0.01052	0.00488	0.00253	0.00402

[dist]
# distance from previous block
# <min> <max>
0	41

[block]
# block no. 8 follows, 59 sequences, length 7
# corresponding to MSA columns:
# 634-640
name=unknown_I
#
# <colnr> <probs for GDERKNQSTAVLIFYWHMCP>
#	G	D	E	R	K	N	Q	S	T	A	V	L	I	F	Y	W	H	M	C	P
0	0.05106	0.01029	0.01169	0.00909	0.01230	0.01088	0.03902	0.46873	0.06011	0.07797	0.04968	0.01249	0.00974	0.00520	0.00421	0.00126	0.00426	0.00412	0.06645	0.09145
1	0.00754	0.00532	0.00732	0.00702	0.00790	0.00598	0.00533	0.08520	0.00819	0.01147	0.01130	0.01710	0.01064	0.09589	0.56505	0.12829	0.00939	0.00467	0.00253	0.00390
2	0.01322	0.09492	0.04366	0.11098	0.07269	0.23940	0.04877	0.11643	0.02434	0.08255	0.05853	0.01211	0.02129	0.00500	0.00440	0.00128	0.02179	0.00391	0.01891	0.00581
3	0.01033	0.01038	0.11752	0.00791	0.01203	0.00761	0.00718	0.08861	0.06920	0.04201	0.00918	0.01005	0.00716	0.00386	0.00363	0.00090	0.00389	0.00307	0.00292	0.58256
4	0.07639	0.37241	0.08279	0.04289	0.01366	0.05264	0.05046	0.15188	0.01144	0.06805	0.00811	0.00897	0.00636	0.00426	0.00358	0.00116	0.00503	0.00310	0.00269	0.03412
5	0.00916	0.17511	0.06300	0.03269	0.01018	0.04145	0.00652	0.04923	0.02509	0.04327	0.01639	0.16177	0.10043	0.08202	0.06662	0.00203	0.02395	0.02894	0.01591	0.04623
6	0.01125	0.22496	0.23923	0.00947	0.01320	0.09299	0.00955	0.08289	0.07643	0.05235	0.03636	0.11110	0.01069	0.00575	0.00409	0.00131	0.00507	0.00453	0.00289	0.00591

[dist]
# distance from previous block
# <min> <max>
5	95

[block]
# block no. 9 follows, 59 sequences, length 31
# corresponding to MSA columns:
# 736-766
name=unknown_J
#
# <colnr> <probs for GDERKNQSTAVLIFYWHMCP>
#	G	D	E	R	K	N	Q	S	T	A	V	L	I	F	Y	W	H	M	C	P
0	0.59357	0.03108	0.10806	0.00748	0.01076	0.00982	0.03793	0.03763	0.00870	0.07724	0.00810	0.03856	0.00640	0.00458	0.00329	0.00138	0.00403	0.00318	0.00289	0.00531
1	0.01920	0.00936	0.10818	0.00783	0.01061	0.02542	0.00696	0.16355	0.02419	0.18033	0.07275	0.08773	0.05184	0.00751	0.03802	0.00156	0.00415	0.00525	0.13553	0.04002
2	0.00560	0.00430	0.00515	0.00554	0.00647	0.00386	0.00405	0.00682	0.00991	0.01278	0.16688	0.32930	0.34075	0.01185	0.00544	0.00162	0.00247	0.06920	0.00423	0.00378
3	0.00823	0.00629	0.10595	0.00666	0.00758	0.00471	0.00546	0.00730	0.00643	0.03631	0.00804	0.01298	0.00753	0.01364	0.01522	0.73501	0.00416	0.00379	0.00203	0.00267
4	0.01681	0.01206	0.01272	0.00986	0.01324	0.04607	0.00807	0.67501	0.01929	0.10341	0.01119	0.01138	0.00798	0.02608	0.00485	0.00140	0.00487	0.00404	0.00439	0.00729
5	0.00709	0.00507	0.00606	0.00592	0.00649	0.00522	0.00401	0.05888	0.02924	0.01204	0.12554	0.14292	0.03590	0.43269	0.06364	0.00328	0.02081	0.02825	0.00337	0.00361
6	0.01459	0.01404	0.01146	0.01002	0.01196	0.39304	0.00784	0.03697	0.01117	0.16606	0.01078	0.01188	0.04037	0.00740	0.05696	0.00172	0.16360	0.00378	0.02094	0.00544
7	0.04325	0.00569	0.00731	0.00693	0.00795	0.00637	0.00523	0.10511	0.00866	0.01243	0.01201	0.03919	0.01162	0.17580	0.49677	0.03511	0.00874	0.00502	0.00272	0.00410
8	0.00759	0.00526	0.00589	0.00557	0.00608	0.00539	0.00352	0.10400	0.00843	0.01122	0.01508	0.07433	0.04151	0.65572	0.02946	0.00372	0.00429	0.00655	0.00301	0.00337
9	0.00616	0.00429	0.00478	0.00484	0.00510	0.00415	0.00287	0.00639	0.00714	0.00927	0.01955	0.08065	0.14641	0.65904	0.01866	0.00368	0.00385	0.00727	0.00299	0.00290
10	0.00654	0.00495	0.00696	0.00686	0.00740	0.00574	0.00511	0.00769	0.00697	0.00993	0.01231	0.04769	0.01244	0.21632	0.55773	0.00591	0.06798	0.00533	0.00247	0.00370
11	0.12185	0.01952	0.01178	0.01070	0.01303	0.72689	0.00807	0.01707	0.01190	0.01191	0.00674	0.00787	0.00558	0.00450	0.00383	0.00117	0.00741	0.00279	0.00233	0.00508
12	0.01085	0.00992	0.01583	0.26056	0.45987	0.01080	0.01241	0.10949	0.01089	0.01502	0.00837	0.01109	0.00669	0.00438	0.00475	0.00138	0.03502	0.00393	0.00239	0.00637
13	0.04013	0.02855	0.04685	0.08400	0.36300	0.13222	0.03555	0.04318	0.02897	0.07911	0.00961	0.01135	0.01799	0.00453	0.00449	0.00132	0.02671	0.00385	0.03233	0.00626
14	0.00690	0.00552	0.00836	0.20676	0.08077	0.00581	0.00709	0.00846	0.00890	0.02439	0.01926	0.48977	0.03653	0.01045	0.00524	0.00168	0.00370	0.06268	0.00344	0.00429
15	0.01059	0.01021	0.01706	0.08164	0.66346	0.01082	0.01299	0.01304	0.00957	0.01374	0.00797	0.01083	0.00677	0.00443	0.00562	0.00140	0.10721	0.00393	0.00214	0.00658
16	0.00840	0.00961	0.11217	0.71584	0.02850	0.00975	0.01257	0.01159	0.00890	0.01173	0.00800	0.01157	0.00597	0.00440	0.00436	0.00145	0.00588	0.00385	0.02037	0.00509
17	0.00582	0.00444	0.00532	0.00536	0.00643	0.00399	0.00398	0.00733	0.01079	0.01427	0.36695	0.13643	0.31974	0.03756	0.00587	0.00161	0.00238	0.05346	0.00438	0.00388
18	0.00815	0.00481	0.00615	0.00610	0.00721	0.00451	0.00445	0.01003	0.04195	0.12625	0.25303	0.36519	0.03765	0.01005	0.00504	0.00152	0.00257	0.00891	0.09197	0.00449
19	0.02581	0.00614	0.00885	0.00768	0.00882	0.00641	0.10194	0.07959	0.00848	0.01177	0.01261	0.04780	0.01296	0.39956	0.23818	0.00430	0.00672	0.00571	0.00274	0.00393
20	0.00654	0.00494	0.00616	0.00622	0.00653	0.00529	0.00433	0.00715	0.00766	0.01029	0.03405	0.20697	0.08932	0.39255	0.02427	0.00300	0.10579	0.07237	0.00317	0.00339
21	0.02212	0.00927	0.01137	0.09242	0.05770	0.01062	0.00813	0.26728	0.18190	0.02905	0.01172	0.01331	0.00920	0.01089	0.16673	0.00254	0.06406	0.00430	0.01294	0.01443
22	0.00731	0.00444	0.00532	0.00535	0.00625	0.00436	0.00388	0.01662	0.00933	0.04262	0.12769	0.17871	0.07692	0.08506	0.10681	0.00230	0.00365	0.00691	0.30246	0.00400
23	0.01035	0.00833	0.01185	0.41727	0.04534	0.00971	0.00971	0.15512	0.05518	0.04679	0.01145	0.01444	0.04086	0.00660	0.03165	0.03143	0.03453	0.02367	0.03029	0.00543
24	0.16583	0.00747	0.00837	0.00697	0.00957	0.00758	0.00561	0.07428	0.10935	0.32374	0.06614	0.01493	0.01198	0.00545	0.00395	0.00132	0.00332	0.00429	0.16372	0.00613
25	0.00785	0.10910	0.01933	0.01829	0.02864	0.00723	0.01941	0.04205	0.05800	0.02208	0.16929	0.16542	0.17934	0.06775	0.00643	0.00168	0.03183	0.03803	0.00371	0.00456
26	0.04652	0.01165	0.01222	0.09762	0.01474	0.11783	0.03612	0.32945	0.05559	0.01938	0.00931	0.01026	0.00704	0.00456	0.00406	0.00117	0.00497	0.00354	0.00331	0.21066
27	0.05118	0.03777	0.01140	0.02865	0.16710	0.08182	0.01835	0.06103	0.03175	0.16780	0.08535	0.07512	0.04479	0.00640	0.00450	0.00137	0.00430	0.06128	0.00362	0.05640
28	0.03923	0.04897	0.13124	0.01584	0.01149	0.05241	0.05095	0.10144	0.04880	0.04658	0.05658	0.22359	0.05364	0.03704	0.02275	0.00172	0.00452	0.04458	0.00346	0.00519
29	0.07407	0.05820	0.10997	0.00867	0.01164	0.03045	0.00781	0.16813	0.08713	0.15723	0.05855	0.05130	0.02360	0.00788	0.06140	0.00179	0.03446	0.02000	0.02162	0.00608
30	0.06350	0.06950	0.03174	0.00843	0.01088	0.05453	0.00700	0.10103	0.13723	0.14621	0.04348	0.04200	0.02346	0.00820	0.07497	0.00185	0.09212	0.00443	0.02233	0.05712

[dist]
# distance from previous block
# <min> <max>
6	150

# created by:
# /st0/software/busco_prod/Augustus/scripts/msa2prfl.pl ./align_prep/939345.fa
