[name]
unknown

[dist]
# distance from previous block
# <min> <max>
3	54

[block]
# block no. 0 follows, 61 sequences, length 8
# corresponding to MSA columns:
# 69-76
name=unknown_A
#
# <colnr> <probs for GDERKNQSTAVLIFYWHMCP>
#	G	D	E	R	K	N	Q	S	T	A	V	L	I	F	Y	W	H	M	C	P
0	0.00988	0.18783	0.33486	0.00956	0.01429	0.03184	0.03361	0.04030	0.03079	0.01353	0.00770	0.00887	0.00603	0.00383	0.00360	0.00106	0.00503	0.00294	0.00221	0.25224
1	0.02848	0.01104	0.15450	0.01215	0.17257	0.00840	0.02678	0.04191	0.09414	0.12074	0.02600	0.01132	0.00824	0.00424	0.00394	0.00114	0.00434	0.00359	0.00299	0.26349
2	0.00626	0.00418	0.00470	0.00470	0.00470	0.00418	0.00261	0.00626	0.00626	0.00835	0.01357	0.02819	0.01566	0.84862	0.02192	0.00418	0.00418	0.00626	0.00261	0.00261
3	0.01164	0.09501	0.07249	0.04942	0.25594	0.03626	0.00990	0.17076	0.19949	0.01681	0.01087	0.03397	0.00868	0.00487	0.00416	0.00131	0.00472	0.00408	0.00308	0.00653
4	0.01060	0.00955	0.07339	0.05015	0.27858	0.00801	0.04536	0.03014	0.00986	0.10777	0.01015	0.07034	0.00854	0.00457	0.00407	0.00115	0.00439	0.00412	0.00278	0.26650
5	0.01066	0.11862	0.47356	0.01164	0.07201	0.01052	0.01241	0.06678	0.03088	0.08581	0.00878	0.00968	0.00640	0.00419	0.00393	0.00125	0.00544	0.00327	0.00243	0.06171
6	0.01101	0.52809	0.09271	0.00975	0.06977	0.06628	0.02791	0.01256	0.00874	0.01065	0.00651	0.00818	0.00581	0.00491	0.00488	0.07214	0.05010	0.00279	0.00190	0.00533
7	0.01401	0.01769	0.06964	0.01030	0.01285	0.59019	0.00829	0.05384	0.01177	0.01187	0.00899	0.01076	0.03676	0.00610	0.04275	0.00141	0.00710	0.02282	0.00243	0.06042

[dist]
# distance from previous block
# <min> <max>
1	3

[block]
# block no. 1 follows, 61 sequences, length 85
# corresponding to MSA columns:
# 80-146,148-159,170-175
name=unknown_B
#
# <colnr> <probs for GDERKNQSTAVLIFYWHMCP>
#	G	D	E	R	K	N	Q	S	T	A	V	L	I	F	Y	W	H	M	C	P
0	0.24092	0.01034	0.02208	0.06340	0.08046	0.09102	0.04782	0.03778	0.02219	0.01400	0.00714	0.02495	0.00622	0.00596	0.02082	0.00161	0.29234	0.00355	0.00233	0.00507
1	0.53847	0.00838	0.00783	0.04418	0.01017	0.00912	0.00549	0.04088	0.07396	0.02782	0.00762	0.00858	0.00593	0.00413	0.00328	0.00122	0.01922	0.00276	0.00282	0.17814
2	0.00596	0.00416	0.00534	0.00598	0.00633	0.00404	0.00418	0.00677	0.00810	0.01076	0.04590	0.38897	0.02400	0.27957	0.01082	0.00256	0.00333	0.17631	0.00357	0.00333
3	0.00760	0.00486	0.00615	0.00633	0.00732	0.00466	0.00454	0.02169	0.07680	0.10653	0.12045	0.52708	0.06694	0.01108	0.00518	0.00161	0.00267	0.00988	0.00428	0.00435
4	0.02580	0.06646	0.62121	0.01134	0.01690	0.00992	0.04349	0.02472	0.00951	0.08448	0.00873	0.00980	0.00619	0.00421	0.00401	0.00132	0.00582	0.00333	0.03650	0.00627
5	0.00852	0.02025	0.72394	0.01156	0.01732	0.00954	0.01455	0.01358	0.04346	0.01413	0.07517	0.01130	0.00869	0.00456	0.00419	0.00137	0.00588	0.00363	0.00217	0.00620
6	0.01626	0.01201	0.01286	0.00989	0.01331	0.01330	0.00816	0.79143	0.03640	0.02696	0.01049	0.01046	0.00744	0.00518	0.00431	0.00130	0.00471	0.00390	0.00431	0.00732
7	0.01606	0.01169	0.01271	0.01005	0.02879	0.01288	0.00812	0.73512	0.04246	0.04935	0.01075	0.01072	0.00763	0.00517	0.00429	0.00129	0.00464	0.00392	0.01709	0.00725
8	0.00626	0.00418	0.00470	0.00470	0.00470	0.00418	0.00261	0.00626	0.00626	0.00835	0.01357	0.02819	0.01566	0.84862	0.02192	0.00418	0.00418	0.00626	0.00261	0.00261
9	0.01732	0.00846	0.04043	0.00816	0.01142	0.00750	0.00697	0.15183	0.01340	0.58953	0.03968	0.01622	0.01162	0.00574	0.00444	0.00137	0.00392	0.05008	0.00493	0.00700
10	0.00996	0.00838	0.00889	0.00805	0.01023	0.00947	0.00621	0.04698	0.63091	0.01731	0.05067	0.04533	0.07622	0.02789	0.00491	0.00152	0.00327	0.00553	0.02206	0.00621
11	0.00548	0.00401	0.00549	0.00679	0.03651	0.00377	0.00439	0.00631	0.00833	0.01114	0.02315	0.80144	0.02763	0.01311	0.00546	0.00174	0.00262	0.02507	0.00393	0.00363
12	0.00626	0.00418	0.00470	0.00470	0.00470	0.00418	0.00261	0.00626	0.00626	0.00835	0.01357	0.02819	0.01566	0.84862	0.02192	0.00418	0.00418	0.00626	0.00261	0.00261
13	0.00893	0.00766	0.00893	0.00638	0.01021	0.00574	0.00510	0.01085	0.00893	0.01404	0.00766	0.00893	0.00638	0.00319	0.00319	0.00064	0.00319	0.00255	0.00255	0.87495
14	0.01074	0.01033	0.01843	0.04015	0.66701	0.01023	0.13309	0.01344	0.00990	0.03267	0.00839	0.01091	0.00685	0.00385	0.00439	0.00131	0.00542	0.00404	0.00221	0.00664
15	0.00615	0.00462	0.00692	0.00692	0.00769	0.00538	0.00538	0.00769	0.00692	0.01000	0.01154	0.01692	0.01077	0.03231	0.83154	0.00692	0.01154	0.00462	0.00231	0.00385
16	0.00813	0.00766	0.01292	0.83826	0.02967	0.00957	0.01196	0.01101	0.00861	0.01101	0.00766	0.01148	0.00574	0.00431	0.00431	0.00144	0.00574	0.00383	0.00191	0.00479
17	0.00864	0.02228	0.82630	0.01228	0.01864	0.01000	0.01592	0.01364	0.00909	0.01364	0.00773	0.00909	0.00546	0.00409	0.00409	0.00136	0.00637	0.00318	0.00182	0.00637
18	0.01117	0.00899	0.01457	0.06014	0.34471	0.00881	0.10608	0.04144	0.05479	0.12598	0.09824	0.01426	0.02180	0.00478	0.00441	0.00129	0.00460	0.00452	0.00310	0.06631
19	0.00615	0.00462	0.00692	0.00692	0.00769	0.00538	0.00538	0.00769	0.00692	0.01000	0.01154	0.01692	0.01077	0.03231	0.83154	0.00692	0.01154	0.00462	0.00231	0.00385
20	0.00523	0.00384	0.00491	0.00576	0.00619	0.00352	0.00389	0.00602	0.00848	0.01109	0.02663	0.72901	0.14342	0.01312	0.00544	0.00171	0.00245	0.01179	0.00400	0.00352
21	0.00963	0.00945	0.01690	0.33378	0.40531	0.01008	0.12723	0.01246	0.00941	0.01287	0.00802	0.01111	0.00637	0.00399	0.00440	0.00136	0.00566	0.00401	0.00206	0.00590
22	0.00943	0.04619	0.68219	0.01213	0.01799	0.01040	0.05502	0.05437	0.03411	0.02679	0.00830	0.00952	0.00592	0.00418	0.00413	0.00135	0.00614	0.00336	0.00210	0.00639
23	0.00999	0.00598	0.00662	0.00585	0.00747	0.02648	0.00458	0.08098	0.02221	0.13233	0.17580	0.02064	0.09686	0.00649	0.00434	0.00123	0.03077	0.00527	0.35126	0.00484
24	0.00745	0.00375	0.00559	0.00559	0.00559	0.00375	0.00371	0.00563	0.00563	0.00751	0.00765	0.01351	0.00771	0.03777	0.01697	0.85086	0.00375	0.00381	0.00189	0.00189
25	0.02204	0.00834	0.00936	0.00691	0.01055	0.01858	0.00553	0.10347	0.03551	0.01565	0.00853	0.02459	0.00707	0.00372	0.00340	0.00078	0.00343	0.00296	0.00284	0.70674
26	0.00662	0.03286	0.00664	0.02069	0.00756	0.01770	0.00484	0.03287	0.00889	0.02522	0.03150	0.55881	0.07668	0.04589	0.00638	0.00178	0.04260	0.06485	0.00375	0.00387
27	0.00585	0.00438	0.00542	0.00519	0.00629	0.00395	0.00388	0.00764	0.01157	0.01585	0.62557	0.05125	0.21852	0.00938	0.00509	0.00139	0.00208	0.00818	0.00456	0.00395
28	0.00995	0.01155	0.13317	0.01541	0.21058	0.01006	0.18506	0.01614	0.26722	0.01538	0.05809	0.01422	0.01082	0.00489	0.00453	0.00140	0.00503	0.01718	0.00300	0.00633
29	0.04954	0.01129	0.06254	0.13338	0.43570	0.05859	0.05795	0.09400	0.01077	0.03336	0.00831	0.01047	0.00655	0.00412	0.00422	0.00131	0.00541	0.00376	0.00241	0.00632
30	0.01520	0.00800	0.02382	0.00950	0.08225	0.00749	0.01922	0.07269	0.08159	0.46634	0.08842	0.01603	0.02848	0.00565	0.00460	0.00134	0.02302	0.00468	0.03503	0.00666
31	0.00533	0.00379	0.00499	0.00590	0.00615	0.00356	0.00391	0.00606	0.00819	0.01095	0.03913	0.77478	0.02788	0.06916	0.00659	0.00190	0.00260	0.01176	0.00392	0.00345
32	0.08836	0.10534	0.22190	0.01293	0.16143	0.05395	0.02893	0.17457	0.01176	0.08851	0.00878	0.00970	0.00651	0.00433	0.00393	0.00127	0.00521	0.00340	0.00280	0.00640
33	0.01037	0.13402	0.39162	0.01523	0.23096	0.01113	0.03953	0.04969	0.02634	0.03995	0.00823	0.00967	0.00628	0.00408	0.00401	0.00128	0.00560	0.00340	0.00220	0.00643
34	0.00823	0.00753	0.01066	0.00943	0.00987	0.00982	0.02446	0.01901	0.02578	0.01087	0.03837	0.04022	0.00983	0.06263	0.23435	0.00333	0.46428	0.00461	0.00231	0.00440
35	0.42563	0.03017	0.00908	0.00806	0.03469	0.06682	0.02216	0.01169	0.00769	0.02821	0.00785	0.04143	0.00734	0.10045	0.01624	0.00181	0.16998	0.00362	0.00252	0.00457
36	0.00530	0.00424	0.00474	0.00490	0.00602	0.00368	0.00356	0.00647	0.00988	0.01245	0.17088	0.21333	0.51719	0.01111	0.00518	0.00150	0.00222	0.00955	0.00413	0.00368
37	0.02423	0.00981	0.03828	0.07127	0.27772	0.05979	0.00937	0.06307	0.03772	0.30656	0.02831	0.01330	0.03112	0.00489	0.00429	0.00132	0.00460	0.00417	0.00358	0.00660
38	0.07277	0.00590	0.00701	0.00588	0.00808	0.00555	0.00471	0.01534	0.02099	0.38504	0.03034	0.01511	0.01103	0.00517	0.00365	0.00119	0.00287	0.00413	0.38964	0.00561
39	0.01034	0.10350	0.31263	0.01038	0.03785	0.04773	0.03272	0.06369	0.16800	0.04703	0.08732	0.01376	0.03622	0.00516	0.00418	0.00132	0.00491	0.00418	0.00299	0.00610
40	0.00530	0.00379	0.00506	0.00606	0.00633	0.00354	0.00409	0.00609	0.00830	0.01105	0.02371	0.82138	0.02838	0.01345	0.00551	0.00176	0.00254	0.03616	0.00400	0.00351
41	0.01225	0.71808	0.02091	0.00797	0.01142	0.14755	0.00752	0.01359	0.00931	0.01020	0.00610	0.00705	0.00553	0.00381	0.00294	0.00095	0.00511	0.00238	0.00190	0.00544
42	0.00539	0.00385	0.00511	0.00589	0.00625	0.00359	0.00399	0.00632	0.00880	0.01188	0.14173	0.71136	0.03008	0.02672	0.00571	0.00173	0.00246	0.01148	0.00409	0.00357
43	0.00589	0.00446	0.00530	0.01837	0.00664	0.00398	0.00392	0.00743	0.01080	0.02952	0.38359	0.08502	0.38796	0.00994	0.00510	0.00143	0.00225	0.02018	0.00432	0.00391
44	0.00862	0.02156	0.78384	0.01234	0.01851	0.00990	0.04099	0.01349	0.00911	0.01359	0.00809	0.02629	0.00596	0.00427	0.00415	0.00137	0.00632	0.00343	0.00187	0.00629
45	0.87904	0.00833	0.00633	0.00566	0.00833	0.00966	0.00467	0.01266	0.00733	0.01933	0.00600	0.00700	0.00467	0.00400	0.00267	0.00133	0.00333	0.00233	0.00267	0.00467
46	0.01515	0.01159	0.01239	0.01013	0.03874	0.02934	0.00802	0.65080	0.10567	0.02482	0.01221	0.01208	0.03801	0.00540	0.00434	0.00131	0.00457	0.00416	0.00419	0.00707
47	0.00685	0.00491	0.00682	0.00776	0.00875	0.00488	0.00674	0.00879	0.00993	0.01291	0.03941	0.06357	0.04323	0.01185	0.00590	0.00195	0.00386	0.74394	0.00398	0.00395
48	0.01031	0.00877	0.00964	0.00915	0.04655	0.00997	0.00678	0.03393	0.67221	0.01789	0.09293	0.01726	0.01533	0.00601	0.00441	0.00143	0.00335	0.00507	0.02249	0.00651
49	0.00610	0.00440	0.00576	0.00542	0.00644	0.00406	0.00406	0.00813	0.01219	0.01727	0.81947	0.03218	0.04064	0.00881	0.00508	0.00135	0.00203	0.00779	0.00474	0.00406
50	0.01191	0.00968	0.01433	0.09743	0.43698	0.01946	0.01063	0.13857	0.04833	0.08611	0.00995	0.01179	0.00774	0.01828	0.00465	0.00135	0.01631	0.00397	0.04605	0.00649
51	0.01071	0.00925	0.00974	0.00877	0.01120	0.01071	0.00682	0.02289	0.81396	0.01802	0.01753	0.01607	0.01315	0.00584	0.00438	0.00146	0.00341	0.00487	0.00438	0.00682
52	0.01116	0.00948	0.00999	0.00886	0.01137	0.01092	0.00693	0.08527	0.75085	0.01875	0.01696	0.01562	0.01269	0.00579	0.00438	0.00145	0.00351	0.00479	0.00438	0.00686
53	0.00836	0.00781	0.01302	0.68202	0.12285	0.00938	0.01164	0.01128	0.02391	0.01153	0.00872	0.04296	0.00715	0.00474	0.00437	0.00144	0.00548	0.01625	0.00210	0.00501
54	0.01052	0.01013	0.01739	0.06825	0.76617	0.01021	0.02767	0.01312	0.00975	0.01391	0.00809	0.01072	0.00676	0.00386	0.00428	0.00129	0.00519	0.00386	0.00212	0.00670
55	0.01071	0.00925	0.00974	0.00877	0.01120	0.01071	0.00682	0.02289	0.81396	0.01802	0.01753	0.01607	0.01315	0.00584	0.00438	0.00146	0.00341	0.00487	0.00438	0.00682
56	0.00708	0.00470	0.00688	0.09336	0.02514	0.00514	0.00505	0.00708	0.00659	0.00899	0.02653	0.01711	0.01033	0.18590	0.19821	0.35942	0.02278	0.00454	0.00219	0.00297
57	0.01152	0.85121	0.02257	0.00737	0.01106	0.01704	0.00737	0.01290	0.00875	0.01013	0.00599	0.00691	0.00553	0.00369	0.00276	0.00092	0.00461	0.00230	0.00184	0.00553
58	0.00893	0.00766	0.00893	0.00638	0.01021	0.00574	0.00510	0.01085	0.00893	0.01404	0.00766	0.00893	0.00638	0.00319	0.00319	0.00064	0.00319	0.00255	0.00255	0.87495
59	0.00866	0.00519	0.00733	0.00687	0.00805	0.00558	0.00530	0.02609	0.00806	0.15173	0.01269	0.01765	0.01122	0.11765	0.58116	0.00553	0.00922	0.00473	0.00291	0.00439
60	0.00886	0.00553	0.00623	0.00555	0.00750	0.00493	0.00435	0.06744	0.01119	0.17677	0.07202	0.03350	0.54640	0.00929	0.00490	0.00142	0.00269	0.02243	0.00432	0.00467
61	0.00519	0.00436	0.00451	0.00449	0.00589	0.00368	0.00336	0.00637	0.01003	0.01219	0.12071	0.05323	0.72976	0.01074	0.00510	0.00145	0.00217	0.00901	0.00407	0.00368
62	0.00538	0.00412	0.00486	0.00524	0.00607	0.00369	0.00370	0.00640	0.00928	0.01190	0.12664	0.36388	0.34654	0.05788	0.00620	0.00172	0.00244	0.02646	0.00401	0.00358
63	0.01120	0.01155	0.01603	0.13177	0.58609	0.14266	0.01226	0.01357	0.01004	0.01310	0.00781	0.01030	0.00647	0.00400	0.00421	0.00127	0.00563	0.00367	0.00212	0.00626
64	0.04681	0.00746	0.00994	0.00765	0.01096	0.00658	0.00632	0.03661	0.01233	0.78282	0.01651	0.01433	0.01040	0.00529	0.00428	0.00133	0.00368	0.00426	0.00523	0.00725
65	0.00813	0.00766	0.01292	0.83826	0.02967	0.00957	0.01196	0.01101	0.00861	0.01101	0.00766	0.01148	0.00574	0.00431	0.00431	0.00144	0.00574	0.00383	0.00191	0.00479
66	0.01137	0.81002	0.06251	0.00761	0.01143	0.01669	0.00780	0.01294	0.00877	0.01031	0.00608	0.00702	0.00552	0.00371	0.00283	0.00094	0.00469	0.00235	0.00184	0.00557
67	0.00619	0.00421	0.00560	0.00630	0.00683	0.00402	0.00458	0.00726	0.00883	0.03389	0.08362	0.49538	0.02676	0.10011	0.00726	0.00201	0.00300	0.18655	0.00394	0.00366
68	0.00528	0.00431	0.00450	0.00460	0.00590	0.00368	0.00342	0.00642	0.00971	0.01192	0.06183	0.11312	0.68144	0.01089	0.00507	0.00147	0.00223	0.02436	0.03620	0.00366
69	0.01050	0.01007	0.01720	0.07676	0.77265	0.01019	0.01314	0.01308	0.00973	0.01388	0.00807	0.01071	0.00676	0.00387	0.00427	0.00129	0.00516	0.00384	0.00212	0.00670
70	0.00530	0.00379	0.00506	0.00606	0.00633	0.00354	0.00409	0.00609	0.00830	0.01106	0.02371	0.82079	0.02837	0.01345	0.00551	0.00176	0.00255	0.03673	0.00400	0.00351
71	0.00556	0.00402	0.00532	0.00621	0.00669	0.00378	0.00447	0.00658	0.00874	0.01153	0.04505	0.63157	0.08099	0.01292	0.00554	0.00176	0.00272	0.14892	0.00401	0.00360
72	0.01844	0.00875	0.01087	0.00834	0.01170	0.00844	0.00689	0.25659	0.01470	0.58578	0.01500	0.01337	0.00966	0.00528	0.00433	0.00132	0.00399	0.00420	0.00503	0.00733
73	0.00813	0.00766	0.01292	0.83826	0.02967	0.00957	0.01196	0.01101	0.00861	0.01101	0.00766	0.01148	0.00574	0.00431	0.00431	0.00144	0.00574	0.00383	0.00191	0.00479
74	0.08471	0.01177	0.01240	0.00957	0.01296	0.01307	0.00791	0.74442	0.01923	0.02653	0.01000	0.01008	0.00711	0.00508	0.00418	0.00130	0.00463	0.00376	0.00418	0.00711
75	0.00608	0.00440	0.00573	0.00540	0.00642	0.00406	0.00405	0.00809	0.01215	0.01717	0.80539	0.03235	0.05479	0.00884	0.00508	0.00136	0.00203	0.00781	0.00473	0.00406
76	0.00959	0.00845	0.00988	0.00717	0.01095	0.03278	0.03667	0.05140	0.00966	0.01458	0.00780	0.00907	0.00641	0.00335	0.00334	0.00072	0.00357	0.00273	0.00262	0.76928
77	0.00988	0.00517	0.00667	0.00601	0.00728	0.00492	0.00436	0.01089	0.00895	0.24430	0.09394	0.05764	0.05838	0.31632	0.14313	0.00328	0.00483	0.00599	0.00368	0.00439
78	0.00902	0.01642	0.47113	0.01041	0.01563	0.02723	0.04836	0.01296	0.02593	0.01381	0.00793	0.00927	0.00599	0.00380	0.00383	0.00111	0.00528	0.00308	0.00215	0.30667
79	0.01014	0.01154	0.02496	0.01790	0.02210	0.01098	0.77658	0.01367	0.01003	0.01367	0.00860	0.01154	0.00650	0.00378	0.00542	0.00147	0.03814	0.00503	0.00217	0.00577
80	0.01916	0.00760	0.01016	0.00779	0.01113	0.00673	0.00644	0.06572	0.01278	0.77937	0.01662	0.01442	0.01047	0.00532	0.00433	0.00133	0.00373	0.00431	0.00527	0.00733
81	0.00712	0.00535	0.00678	0.00720	0.07101	0.00504	0.00491	0.05906	0.01141	0.03406	0.37148	0.10678	0.24369	0.00909	0.00497	0.00141	0.00260	0.02221	0.02144	0.00439
82	0.00940	0.00895	0.01521	0.43078	0.42724	0.00990	0.01259	0.01212	0.00921	0.01255	0.00788	0.01107	0.00628	0.00407	0.00429	0.00136	0.00543	0.00383	0.00202	0.00581
83	0.00545	0.00438	0.00486	0.00474	0.00604	0.00379	0.00355	0.00687	0.01066	0.01363	0.31765	0.03818	0.54475	0.01017	0.00509	0.00142	0.00213	0.00863	0.00426	0.00379
84	0.00536	0.00382	0.00509	0.00605	0.00633	0.00359	0.00410	0.00615	0.00827	0.01101	0.02338	0.78064	0.02790	0.03962	0.00604	0.00184	0.00262	0.05074	0.00395	0.00349

[dist]
# distance from previous block
# <min> <max>
0	1

[block]
# block no. 2 follows, 61 sequences, length 61
# corresponding to MSA columns:
# 177-237
name=unknown_C
#
# <colnr> <probs for GDERKNQSTAVLIFYWHMCP>
#	G	D	E	R	K	N	Q	S	T	A	V	L	I	F	Y	W	H	M	C	P
0	0.01005	0.18326	0.39642	0.01290	0.01794	0.05666	0.23695	0.01373	0.00950	0.01282	0.00760	0.00930	0.00578	0.00390	0.00410	0.00129	0.00635	0.00352	0.00195	0.00597
1	0.01141	0.82108	0.05178	0.00755	0.01133	0.01679	0.00768	0.01293	0.00876	0.01026	0.00605	0.00699	0.00553	0.00370	0.00281	0.00094	0.00467	0.00234	0.00184	0.00556
2	0.23747	0.33128	0.19365	0.02967	0.04212	0.07820	0.00894	0.01331	0.00877	0.01350	0.00655	0.00773	0.00534	0.00394	0.00321	0.00117	0.00496	0.00264	0.00209	0.00547
3	0.00625	0.00481	0.00587	0.00599	0.00718	0.00457	0.00474	0.00854	0.05953	0.01406	0.28037	0.06739	0.27575	0.01081	0.02584	0.00170	0.00290	0.20544	0.00421	0.00405
4	0.17767	0.00898	0.04899	0.00854	0.01166	0.03398	0.08118	0.05640	0.01084	0.40930	0.01258	0.01295	0.00879	0.04205	0.05546	0.00180	0.00475	0.00400	0.00392	0.00616
5	0.00995	0.00516	0.00549	0.00496	0.00644	0.00520	0.00386	0.09335	0.01050	0.09281	0.01394	0.01534	0.01062	0.00506	0.00327	0.00106	0.00244	0.00403	0.70184	0.00467
6	0.01106	0.71836	0.15138	0.00816	0.01227	0.01592	0.00874	0.01302	0.00881	0.01070	0.00627	0.00726	0.00552	0.00375	0.00298	0.00099	0.00489	0.00244	0.00184	0.00566
7	0.00528	0.00437	0.00462	0.00456	0.00593	0.00372	0.00342	0.00654	0.01026	0.01268	0.18693	0.03974	0.67605	0.01052	0.00509	0.00144	0.00215	0.00885	0.00414	0.00372
8	0.00515	0.00438	0.00444	0.00446	0.00589	0.00367	0.00336	0.00628	0.00987	0.01178	0.05988	0.04139	0.78782	0.01088	0.00511	0.00146	0.00221	0.02430	0.00402	0.00365
9	0.01059	0.01016	0.01736	0.04923	0.79951	0.01022	0.01318	0.01316	0.00977	0.01399	0.00809	0.01068	0.00679	0.00385	0.00427	0.00128	0.00513	0.00384	0.00213	0.00677
10	0.00512	0.00436	0.00440	0.00439	0.00583	0.00365	0.00329	0.00623	0.00988	0.01178	0.06316	0.04122	0.80038	0.01086	0.00509	0.00145	0.00218	0.00906	0.00402	0.00365
11	0.48213	0.02661	0.00973	0.13248	0.05603	0.02813	0.00707	0.17001	0.01042	0.03130	0.00740	0.00866	0.00560	0.00429	0.00338	0.00132	0.00419	0.00298	0.00286	0.00539
12	0.15585	0.01357	0.01139	0.03952	0.02615	0.26218	0.00774	0.31597	0.09495	0.01909	0.00910	0.00963	0.00687	0.00477	0.00392	0.00127	0.00534	0.00339	0.00329	0.00603
13	0.00610	0.00461	0.00674	0.00707	0.00781	0.00448	0.04856	0.00738	0.00871	0.01161	0.05042	0.43604	0.04336	0.06608	0.07411	0.00234	0.00394	0.20317	0.00369	0.00374
14	0.00617	0.00455	0.00578	0.00547	0.00655	0.00424	0.00410	0.00844	0.03822	0.01681	0.72759	0.04772	0.09024	0.00894	0.00507	0.00137	0.00210	0.00786	0.00467	0.00412
15	0.02199	0.00777	0.01273	0.70600	0.02685	0.00942	0.02421	0.01210	0.02028	0.08278	0.00856	0.01171	0.00627	0.00449	0.00456	0.00144	0.02765	0.00388	0.00226	0.00505
16	0.01548	0.01898	0.01260	0.04202	0.06385	0.70808	0.00875	0.05796	0.01235	0.01164	0.00698	0.00822	0.00573	0.00444	0.00395	0.00114	0.00737	0.00294	0.00231	0.00522
17	0.01001	0.00957	0.01631	0.23542	0.61785	0.01006	0.01290	0.01265	0.00950	0.01328	0.00799	0.01087	0.00654	0.00396	0.00428	0.00132	0.00528	0.00384	0.00208	0.00630
18	0.00933	0.20926	0.62441	0.01132	0.01703	0.01162	0.03404	0.01348	0.00904	0.01285	0.00736	0.00867	0.00550	0.00399	0.00382	0.00127	0.00599	0.00303	0.00183	0.00616
19	0.00874	0.00817	0.01349	0.67425	0.14706	0.00977	0.01191	0.02473	0.03739	0.01197	0.00811	0.01150	0.00619	0.00430	0.00430	0.00141	0.00555	0.00387	0.00207	0.00520
20	0.00626	0.00418	0.00470	0.00470	0.00470	0.00418	0.00261	0.00626	0.00626	0.00835	0.01357	0.02819	0.01566	0.84862	0.02192	0.00418	0.00418	0.00626	0.00261	0.00261
21	0.00639	0.00456	0.00574	0.00545	0.00659	0.00420	0.00408	0.00846	0.03183	0.03880	0.62168	0.07960	0.14798	0.00920	0.00507	0.00139	0.00216	0.00806	0.00460	0.00413
22	0.01052	0.01009	0.01722	0.07260	0.77671	0.01020	0.01315	0.01309	0.00974	0.01390	0.00808	0.01071	0.00676	0.00386	0.00427	0.00129	0.00515	0.00384	0.00212	0.00671
23	0.00813	0.00766	0.01292	0.83826	0.02967	0.00957	0.01196	0.01101	0.00861	0.01101	0.00766	0.01148	0.00574	0.00431	0.00431	0.00144	0.00574	0.00383	0.00191	0.00479
24	0.00813	0.00766	0.01292	0.83826	0.02967	0.00957	0.01196	0.01101	0.00861	0.01101	0.00766	0.01148	0.00574	0.00431	0.00431	0.00144	0.00574	0.00383	0.00191	0.00479
25	0.02508	0.03288	0.07815	0.01631	0.02066	0.01069	0.64087	0.03424	0.01042	0.07333	0.00918	0.01144	0.00673	0.00383	0.00484	0.00142	0.00674	0.00475	0.00244	0.00597
26	0.00812	0.00763	0.01281	0.80786	0.02893	0.00956	0.01179	0.01093	0.00855	0.01098	0.00769	0.01155	0.00583	0.00489	0.01990	0.00155	0.02091	0.00384	0.00192	0.00477
27	0.00522	0.00385	0.00489	0.00572	0.00618	0.00352	0.00388	0.00603	0.00851	0.01110	0.02709	0.71036	0.16177	0.01306	0.00543	0.00170	0.00245	0.01171	0.00400	0.00352
28	0.00535	0.00423	0.00482	0.00503	0.00610	0.00370	0.00367	0.00654	0.00985	0.01250	0.17595	0.24274	0.46633	0.01121	0.00521	0.00152	0.00227	0.02518	0.00413	0.00368
29	0.87904	0.00833	0.00633	0.00566	0.00833	0.00966	0.00467	0.01266	0.00733	0.01933	0.00600	0.00700	0.00467	0.00400	0.00267	0.00133	0.00333	0.00233	0.00267	0.00467
30	0.00979	0.00890	0.00962	0.00708	0.01078	0.07103	0.01943	0.04033	0.00962	0.01423	0.00769	0.00894	0.00635	0.00337	0.00332	0.00071	0.00368	0.00266	0.00258	0.75988
31	0.02511	0.05959	0.04189	0.01356	0.14387	0.57018	0.03574	0.03817	0.01164	0.01188	0.00706	0.00843	0.00582	0.00428	0.00393	0.00116	0.00698	0.00304	0.00224	0.00545
32	0.77902	0.00837	0.00670	0.00594	0.00856	0.00963	0.00486	0.06669	0.00827	0.01955	0.00698	0.03402	0.00570	0.00440	0.00287	0.00134	0.00338	0.00278	0.01614	0.00480
33	0.01517	0.01003	0.01137	0.00896	0.01199	0.03226	0.03492	0.41607	0.09695	0.19458	0.03005	0.01285	0.00963	0.00526	0.00423	0.00129	0.00422	0.00419	0.08921	0.00677
34	0.01085	0.00954	0.00980	0.00883	0.01125	0.03153	0.00686	0.02275	0.79363	0.01783	0.01726	0.01586	0.01296	0.00581	0.00437	0.00145	0.00352	0.00482	0.00433	0.00677
35	0.00525	0.00375	0.00500	0.00600	0.00625	0.00350	0.00400	0.00600	0.00825	0.01100	0.02374	0.84580	0.02849	0.01350	0.00550	0.00175	0.00250	0.01225	0.00400	0.00350
36	0.01066	0.01023	0.01748	0.02644	0.82174	0.01023	0.01322	0.01322	0.00981	0.01407	0.00810	0.01066	0.00682	0.00384	0.00426	0.00128	0.00512	0.00384	0.00213	0.00682
37	0.01895	0.00794	0.01038	0.00795	0.01130	0.00724	0.00657	0.12261	0.01335	0.72167	0.01613	0.01410	0.01023	0.00531	0.00433	0.00133	0.00380	0.00427	0.00520	0.00733
38	0.00528	0.00405	0.00485	0.00542	0.00619	0.00363	0.00383	0.00625	0.00905	0.01154	0.06069	0.47944	0.33127	0.01228	0.00534	0.00163	0.00241	0.03922	0.00403	0.00359
39	0.00864	0.02228	0.82630	0.01228	0.01864	0.01000	0.01592	0.01364	0.00909	0.01364	0.00773	0.00909	0.00546	0.00409	0.00409	0.00136	0.00637	0.00318	0.00182	0.00637
40	0.00523	0.00381	0.00493	0.00583	0.00620	0.00351	0.00393	0.00602	0.00840	0.01106	0.02573	0.76531	0.10770	0.01324	0.00546	0.00172	0.00247	0.01193	0.00400	0.00351
41	0.00525	0.00375	0.00500	0.00600	0.00625	0.00350	0.00400	0.00600	0.00825	0.01100	0.02374	0.84580	0.02849	0.01350	0.00550	0.00175	0.00250	0.01225	0.00400	0.00350
42	0.01071	0.00925	0.00974	0.00877	0.01120	0.01071	0.00682	0.02289	0.81396	0.01802	0.01753	0.01607	0.01315	0.00584	0.00438	0.00146	0.00341	0.00487	0.00438	0.00682
43	0.18727	0.07265	0.12322	0.01188	0.07614	0.29121	0.10604	0.05907	0.01059	0.01430	0.00719	0.00857	0.00567	0.00415	0.00379	0.00124	0.00604	0.00313	0.00234	0.00552
44	0.00832	0.00457	0.00462	0.00452	0.00568	0.00473	0.00342	0.01141	0.09476	0.01627	0.01442	0.01606	0.01127	0.00511	0.00316	0.00105	0.00216	0.00411	0.78007	0.00431
45	0.00616	0.00460	0.00687	0.00687	0.00762	0.00535	0.00531	0.00766	0.00691	0.00996	0.01159	0.01721	0.01089	0.05287	0.81115	0.00685	0.01135	0.00466	0.00232	0.00381
46	0.00550	0.00435	0.00495	0.00487	0.00608	0.00380	0.00362	0.00694	0.01067	0.01382	0.34825	0.08106	0.47036	0.01022	0.00511	0.00143	0.00214	0.00875	0.00429	0.00380
47	0.00579	0.00409	0.00551	0.00645	0.00693	0.00391	0.00476	0.00693	0.00881	0.01178	0.04344	0.59288	0.02738	0.01274	0.00555	0.00178	0.00286	0.21913	0.02563	0.00365
48	0.00603	0.00440	0.00567	0.00535	0.00640	0.00404	0.00402	0.00801	0.01205	0.01693	0.77167	0.03275	0.08866	0.00894	0.00508	0.00136	0.00204	0.00787	0.00470	0.00404
49	0.01012	0.01149	0.02468	0.01774	0.02183	0.01103	0.75783	0.01359	0.00995	0.01359	0.00853	0.01149	0.00648	0.00387	0.00563	0.00148	0.05777	0.00500	0.00216	0.00574
50	0.87904	0.00833	0.00633	0.00566	0.00833	0.00966	0.00467	0.01266	0.00733	0.01933	0.00600	0.00700	0.00467	0.00400	0.00267	0.00133	0.00333	0.00233	0.00267	0.00467
51	0.04574	0.01703	0.01297	0.03242	0.05652	0.55431	0.05320	0.08494	0.04139	0.03343	0.00780	0.00893	0.00620	0.00454	0.00422	0.00120	0.02396	0.00320	0.00255	0.00544
52	0.01092	0.00936	0.00986	0.00881	0.01128	0.01081	0.00687	0.05138	0.78514	0.01835	0.01727	0.01586	0.01294	0.00582	0.00438	0.00145	0.00346	0.00483	0.00438	0.00684
53	0.00622	0.00453	0.00586	0.00551	0.00656	0.00424	0.00414	0.00852	0.03361	0.01729	0.79805	0.03175	0.03991	0.00873	0.00506	0.00136	0.00207	0.00771	0.00473	0.00414
54	0.01706	0.00970	0.01125	0.00870	0.01197	0.01001	0.00717	0.43041	0.03773	0.35200	0.01341	0.01251	0.00901	0.00525	0.00426	0.00130	0.00415	0.00410	0.04284	0.00717
55	0.01729	0.00700	0.00937	0.00737	0.01036	0.00618	0.00602	0.01938	0.04135	0.68700	0.10430	0.01665	0.01403	0.00572	0.00438	0.00133	0.00344	0.00472	0.02725	0.00687
56	0.00605	0.00442	0.00583	0.00651	0.00734	0.00420	0.00514	0.00753	0.00968	0.01271	0.13178	0.29718	0.13350	0.01186	0.00558	0.00176	0.00301	0.33805	0.00408	0.00379
57	0.87904	0.00833	0.00633	0.00566	0.00833	0.00966	0.00467	0.01266	0.00733	0.01933	0.00600	0.00700	0.00467	0.00400	0.00267	0.00133	0.00333	0.00233	0.00267	0.00467
58	0.07042	0.03930	0.01017	0.00723	0.01085	0.02185	0.02091	0.11527	0.04326	0.01606	0.00824	0.00923	0.00662	0.00366	0.00338	0.00084	0.00362	0.00285	0.00282	0.60344
59	0.00652	0.00492	0.00689	0.00677	0.00725	0.00572	0.00506	0.00754	0.00682	0.00968	0.01200	0.04037	0.01223	0.22596	0.49543	0.02738	0.08626	0.02723	0.00242	0.00357
60	0.03311	0.01074	0.04361	0.09043	0.56819	0.03746	0.01204	0.08318	0.01075	0.05679	0.00861	0.01067	0.00683	0.00410	0.00422	0.00129	0.00515	0.00377	0.00248	0.00659

[dist]
# distance from previous block
# <min> <max>
0	2

[block]
# block no. 3 follows, 61 sequences, length 14
# corresponding to MSA columns:
# 240-253
name=unknown_D
#
# <colnr> <probs for GDERKNQSTAVLIFYWHMCP>
#	G	D	E	R	K	N	Q	S	T	A	V	L	I	F	Y	W	H	M	C	P
0	0.74491	0.00908	0.00723	0.00627	0.00903	0.03787	0.00514	0.08842	0.00877	0.01963	0.00648	0.00739	0.00499	0.00410	0.00288	0.00130	0.00361	0.00250	0.00280	0.02759
1	0.00529	0.00378	0.00503	0.00597	0.00626	0.00353	0.00400	0.00610	0.00844	0.01130	0.06198	0.80671	0.02907	0.01327	0.00548	0.00173	0.00248	0.01203	0.00403	0.00353
2	0.01042	0.01039	0.01767	0.08979	0.56605	0.03689	0.13480	0.01309	0.00986	0.01372	0.02255	0.01111	0.00724	0.00393	0.00436	0.00129	0.00547	0.00402	0.00218	0.03517
3	0.00947	0.12937	0.30786	0.01317	0.01755	0.01110	0.29802	0.01292	0.00927	0.01299	0.02273	0.03800	0.00736	0.00455	0.00509	0.00138	0.07105	0.00419	0.01818	0.00574
4	0.00690	0.00455	0.00589	0.00556	0.00670	0.00415	0.00416	0.00872	0.01167	0.07472	0.63206	0.10546	0.09474	0.00914	0.00507	0.00140	0.00220	0.00804	0.00466	0.00422
5	0.00875	0.00859	0.01304	0.73017	0.05539	0.05958	0.01169	0.01144	0.00880	0.01106	0.00754	0.01116	0.00576	0.00442	0.00463	0.00143	0.03598	0.00376	0.00194	0.00487
6	0.00963	0.05710	0.01536	0.39122	0.33333	0.02359	0.03496	0.03071	0.00954	0.01274	0.02217	0.01183	0.00714	0.00430	0.00426	0.00135	0.00539	0.01754	0.00215	0.00568
7	0.00544	0.00434	0.00487	0.00481	0.00605	0.00377	0.00358	0.00683	0.01054	0.01351	0.30570	0.08303	0.51163	0.01034	0.00511	0.00144	0.00215	0.00883	0.00425	0.00377
8	0.00679	0.00458	0.00583	0.00542	0.00664	0.00415	0.00410	0.00867	0.01187	0.06752	0.66157	0.03235	0.14643	0.00888	0.00503	0.00137	0.00216	0.00775	0.00468	0.00421
9	0.00800	0.02757	0.45610	0.00967	0.01376	0.02061	0.01096	0.01227	0.08482	0.01341	0.04278	0.11468	0.10568	0.00683	0.00467	0.01355	0.00485	0.04155	0.00277	0.00547
10	0.03352	0.68144	0.11482	0.00857	0.01258	0.01566	0.05832	0.01303	0.00884	0.01101	0.00636	0.00746	0.00556	0.00374	0.00306	0.00102	0.00494	0.00258	0.00188	0.00562
11	0.00945	0.00679	0.00704	0.00653	0.00829	0.00756	0.00503	0.01684	0.43497	0.01710	0.01589	0.01607	0.01216	0.00546	0.00374	0.00125	0.00275	0.00447	0.41314	0.00550
12	0.00672	0.00483	0.00666	0.00756	0.00853	0.00477	0.00649	0.00858	0.00987	0.01284	0.04779	0.10002	0.06256	0.01186	0.00585	0.00192	0.00373	0.68148	0.00399	0.00392
13	0.01172	0.07015	0.02725	0.06695	0.38228	0.14792	0.06304	0.02971	0.01030	0.06555	0.00932	0.06473	0.00807	0.00476	0.00441	0.00129	0.01984	0.00420	0.00248	0.00602

[dist]
# distance from previous block
# <min> <max>
1	2

[block]
# block no. 4 follows, 61 sequences, length 41
# corresponding to MSA columns:
# 256-296
name=unknown_E
#
# <colnr> <probs for GDERKNQSTAVLIFYWHMCP>
#	G	D	E	R	K	N	Q	S	T	A	V	L	I	F	Y	W	H	M	C	P
0	0.00587	0.00480	0.00551	0.00577	0.03216	0.00433	0.00422	0.00772	0.04213	0.01328	0.20506	0.03813	0.52645	0.01012	0.00511	0.00147	0.00245	0.07732	0.00411	0.00398
1	0.00942	0.00942	0.01319	0.01131	0.01131	0.01319	0.00942	0.01037	0.00660	0.01037	0.00565	0.00942	0.00565	0.00754	0.01414	0.00188	0.84073	0.00377	0.00188	0.00471
2	0.00893	0.00766	0.00893	0.00638	0.01021	0.00574	0.00510	0.01085	0.00893	0.01404	0.00766	0.00893	0.00638	0.00319	0.00319	0.00064	0.00319	0.00255	0.00255	0.87495
3	0.00532	0.00437	0.00469	0.00467	0.00600	0.00374	0.00351	0.00659	0.01023	0.01271	0.18973	0.06170	0.63657	0.01060	0.00512	0.00145	0.00219	0.02295	0.00414	0.00372
4	0.00625	0.00473	0.00703	0.00698	0.00771	0.00556	0.00542	0.00772	0.00690	0.00996	0.01144	0.01703	0.01077	0.05454	0.78660	0.00671	0.03388	0.00464	0.00230	0.00383
5	0.01311	0.01484	0.01212	0.02709	0.01256	0.43009	0.00850	0.04102	0.04208	0.02791	0.00774	0.02289	0.00683	0.00637	0.02431	0.00154	0.27736	0.01625	0.00238	0.00503
6	0.00512	0.00432	0.00443	0.00450	0.00586	0.00363	0.00334	0.00620	0.00974	0.01168	0.05505	0.09941	0.74990	0.01106	0.00512	0.00147	0.00220	0.00930	0.00401	0.00363
7	0.01066	0.01023	0.01748	0.02644	0.82174	0.01023	0.01322	0.01322	0.00981	0.01407	0.00810	0.01066	0.00682	0.00384	0.00426	0.00128	0.00512	0.00384	0.00213	0.00682
8	0.01093	0.01208	0.24506	0.05269	0.01386	0.00885	0.02545	0.05977	0.22771	0.14905	0.07098	0.01635	0.07677	0.00571	0.00440	0.00139	0.00438	0.00473	0.00362	0.00623
9	0.00574	0.00396	0.00533	0.00626	0.00666	0.00373	0.00439	0.00665	0.00852	0.02815	0.02349	0.73642	0.02769	0.01314	0.00553	0.00177	0.00269	0.10224	0.00402	0.00363
10	0.00682	0.00487	0.00680	0.00780	0.00874	0.00486	0.00673	0.00872	0.00980	0.01276	0.02287	0.10473	0.02505	0.01201	0.00592	0.00197	0.00386	0.73779	0.00397	0.00393
11	0.00576	0.00446	0.00477	0.00475	0.00617	0.00379	0.00359	0.00692	0.00993	0.04350	0.07462	0.08894	0.68063	0.01079	0.00511	0.00148	0.00231	0.03458	0.00408	0.00380
12	0.01046	0.01003	0.01711	0.09233	0.75745	0.01018	0.01312	0.01304	0.00971	0.01382	0.00807	0.01073	0.00674	0.00388	0.00427	0.00129	0.00517	0.00384	0.00211	0.00666
13	0.00853	0.00814	0.01400	0.70371	0.12758	0.00971	0.04495	0.01140	0.00883	0.01150	0.00776	0.01139	0.00591	0.00422	0.00433	0.00142	0.00573	0.00388	0.00195	0.00508
14	0.00864	0.02228	0.82630	0.01228	0.01864	0.01000	0.01592	0.01364	0.00909	0.01364	0.00773	0.00909	0.00546	0.00409	0.00409	0.00136	0.00637	0.00318	0.00182	0.00637
15	0.00525	0.00375	0.00500	0.00600	0.00625	0.00350	0.00400	0.00600	0.00825	0.01100	0.02374	0.84580	0.02849	0.01350	0.00550	0.00175	0.00250	0.01225	0.00400	0.00350
16	0.01576	0.00848	0.05970	0.00855	0.01167	0.00727	0.02869	0.11327	0.01258	0.50563	0.01649	0.02006	0.01247	0.00642	0.00464	0.00145	0.00411	0.15150	0.00466	0.00660
17	0.01071	0.01049	0.01679	0.04775	0.74019	0.04942	0.01272	0.01317	0.00985	0.01374	0.00842	0.03182	0.00728	0.00413	0.00428	0.00129	0.00520	0.00400	0.00218	0.00659
18	0.01261	0.57736	0.01922	0.02415	0.01203	0.23702	0.00780	0.01393	0.00960	0.01027	0.00619	0.00733	0.00554	0.00405	0.00355	0.00102	0.03854	0.00252	0.00195	0.00534
19	0.00971	0.05749	0.09827	0.00725	0.01131	0.00713	0.00656	0.03895	0.00946	0.04575	0.00802	0.00911	0.00643	0.00347	0.00335	0.00078	0.00369	0.00272	0.00260	0.66797
20	0.01176	0.06069	0.28015	0.03856	0.17985	0.05459	0.04401	0.04628	0.07230	0.14128	0.02317	0.01123	0.00785	0.00447	0.00417	0.00131	0.00532	0.00375	0.00282	0.00645
21	0.00530	0.00379	0.00506	0.00606	0.00633	0.00355	0.00409	0.00609	0.00830	0.01106	0.02371	0.82039	0.02837	0.01344	0.00551	0.00176	0.00255	0.03713	0.00400	0.00351
22	0.01368	0.00824	0.01283	0.16305	0.29117	0.00812	0.00956	0.01585	0.01071	0.36205	0.02553	0.01389	0.03592	0.00488	0.00434	0.00134	0.00446	0.00428	0.00357	0.00653
23	0.03034	0.05296	0.05219	0.01092	0.02368	0.46922	0.04138	0.09545	0.06571	0.04010	0.01983	0.00947	0.00695	0.00480	0.00464	0.00124	0.05962	0.00331	0.00266	0.00553
24	0.00930	0.02032	0.69378	0.01291	0.03062	0.00994	0.09944	0.01397	0.00936	0.04886	0.00824	0.00963	0.00582	0.00409	0.00421	0.00137	0.00633	0.00344	0.00201	0.00636
25	0.01570	0.11234	0.01376	0.01008	0.01308	0.33221	0.00815	0.40795	0.01579	0.01872	0.00840	0.00894	0.00643	0.00471	0.00397	0.00118	0.00590	0.00327	0.00321	0.00621
26	0.00748	0.00374	0.00561	0.00561	0.00561	0.00374	0.00374	0.00561	0.00561	0.00748	0.00748	0.01309	0.00748	0.01496	0.01684	0.87467	0.00374	0.00374	0.00187	0.00187
27	0.04731	0.51575	0.22869	0.00883	0.01314	0.01454	0.00955	0.09463	0.00996	0.01317	0.00689	0.00783	0.00566	0.00396	0.00326	0.00109	0.00502	0.00269	0.00212	0.00589
28	0.00862	0.00764	0.01279	0.80222	0.02886	0.00943	0.01172	0.01144	0.00877	0.04632	0.00806	0.01162	0.00596	0.00435	0.00431	0.00143	0.00565	0.00385	0.00206	0.00490
29	0.00625	0.00423	0.00499	0.00499	0.00509	0.00434	0.00298	0.00645	0.00635	0.00857	0.01330	0.02670	0.01502	0.74100	0.12865	0.00454	0.00515	0.00605	0.00257	0.00277
30	0.00532	0.00380	0.00508	0.00607	0.00635	0.00356	0.00411	0.00611	0.00831	0.01107	0.02370	0.81428	0.02834	0.01343	0.00552	0.00176	0.00256	0.04311	0.00400	0.00352
31	0.00893	0.00766	0.00893	0.00638	0.01021	0.00574	0.00510	0.01085	0.00893	0.01404	0.00766	0.00893	0.00638	0.00319	0.00319	0.00064	0.00319	0.00255	0.00255	0.87495
32	0.01161	0.02937	0.01685	0.03440	0.37045	0.17310	0.14853	0.03074	0.06005	0.01350	0.00866	0.01117	0.00716	0.00441	0.00482	0.00133	0.04671	0.01870	0.00235	0.00607
33	0.00622	0.00423	0.00495	0.00495	0.00508	0.00430	0.00295	0.00643	0.00644	0.00863	0.01417	0.02725	0.03745	0.73093	0.11508	0.00442	0.00497	0.00615	0.00261	0.00278
34	0.02799	0.01016	0.01587	0.11346	0.53814	0.05501	0.05530	0.01303	0.02451	0.01380	0.04804	0.01166	0.00832	0.00424	0.00443	0.00130	0.01809	0.00399	0.00230	0.03036
35	0.01134	0.02291	0.01530	0.07080	0.45754	0.07192	0.01117	0.10255	0.03207	0.01469	0.00813	0.01033	0.00671	0.00453	0.00536	0.00132	0.10531	0.00371	0.00241	0.04187
36	0.00993	0.00948	0.01619	0.21091	0.60295	0.00990	0.02458	0.01256	0.00962	0.01347	0.03387	0.01155	0.00765	0.00410	0.00431	0.00132	0.00519	0.00398	0.00217	0.00625
37	0.01453	0.01683	0.01184	0.01072	0.02747	0.56817	0.02089	0.07441	0.10351	0.02297	0.06362	0.01079	0.00903	0.00500	0.00429	0.00121	0.02302	0.00353	0.00282	0.00538
38	0.00688	0.00557	0.00825	0.02253	0.00904	0.00543	0.09379	0.00902	0.04763	0.03447	0.28285	0.26937	0.13571	0.00955	0.00550	0.00152	0.03611	0.00853	0.00397	0.00428
39	0.01394	0.01150	0.01469	0.01451	0.21549	0.07907	0.09044	0.32425	0.02948	0.09054	0.00985	0.01073	0.00731	0.00451	0.00427	0.00125	0.00512	0.00387	0.00335	0.06583
40	0.01077	0.00996	0.01715	0.13643	0.47041	0.01031	0.13192	0.04186	0.03640	0.04924	0.00882	0.01122	0.00698	0.00418	0.00476	0.00136	0.03543	0.00408	0.00239	0.00635

[dist]
# distance from previous block
# <min> <max>
5	61

[block]
# block no. 5 follows, 61 sequences, length 48
# corresponding to MSA columns:
# 365-412
name=unknown_F
#
# <colnr> <probs for GDERKNQSTAVLIFYWHMCP>
#	G	D	E	R	K	N	Q	S	T	A	V	L	I	F	Y	W	H	M	C	P
0	0.04188	0.01242	0.20824	0.01288	0.17897	0.03024	0.03133	0.12360	0.05534	0.06116	0.10671	0.01335	0.02022	0.00491	0.00421	0.00127	0.00468	0.00414	0.00305	0.08140
1	0.01106	0.01035	0.01695	0.02491	0.75109	0.02226	0.01269	0.04178	0.01024	0.02865	0.00831	0.01064	0.00688	0.00391	0.00424	0.00127	0.00508	0.00381	0.00228	0.02361
2	0.01112	0.00997	0.01687	0.05169	0.74556	0.00997	0.01275	0.01363	0.00993	0.06438	0.00864	0.01094	0.00703	0.00395	0.00427	0.00129	0.00505	0.00387	0.00232	0.00679
3	0.02605	0.04534	0.30506	0.00954	0.03914	0.02059	0.02285	0.01315	0.06821	0.05509	0.13530	0.01339	0.01203	0.00477	0.00400	0.00117	0.00445	0.00393	0.00285	0.21307
4	0.00624	0.00472	0.00710	0.04022	0.00849	0.00552	0.00557	0.00778	0.00697	0.00999	0.01144	0.01702	0.01070	0.05406	0.77565	0.00663	0.01110	0.00463	0.00230	0.00385
5	0.01064	0.00972	0.03895	0.00889	0.01147	0.01069	0.00714	0.02256	0.78517	0.01786	0.01718	0.01582	0.01287	0.00578	0.00437	0.00146	0.00351	0.00481	0.00429	0.00680
6	0.00919	0.00765	0.00896	0.00641	0.01023	0.00576	0.00513	0.01109	0.00902	0.03382	0.00788	0.00907	0.00648	0.00324	0.00322	0.00065	0.00320	0.00260	0.00262	0.85378
7	0.00749	0.00509	0.00567	0.00562	0.00576	0.00495	0.00327	0.00724	0.00709	0.00960	0.01458	0.02910	0.01645	0.80755	0.04845	0.00443	0.00482	0.00655	0.00300	0.00330
8	0.00893	0.00766	0.00893	0.00638	0.01021	0.00574	0.00510	0.01085	0.00893	0.01404	0.00766	0.00893	0.00638	0.00319	0.00319	0.00064	0.00319	0.00255	0.00255	0.87495
9	0.00893	0.00766	0.00893	0.00638	0.01021	0.00574	0.00510	0.01085	0.00893	0.01404	0.00766	0.00893	0.00638	0.00319	0.00319	0.00064	0.00319	0.00255	0.00255	0.87495
10	0.01197	0.00778	0.00970	0.00709	0.01078	0.00623	0.02314	0.03641	0.01020	0.23245	0.01027	0.01057	0.00756	0.00383	0.00357	0.00086	0.00345	0.00312	0.00334	0.59767
11	0.00969	0.01035	0.02061	0.01484	0.01890	0.00936	0.57884	0.01281	0.00982	0.01377	0.00911	0.03134	0.00739	0.00393	0.00466	0.00128	0.00611	0.02092	0.00235	0.21393
12	0.00902	0.01096	0.15975	0.04035	0.02557	0.00803	0.19196	0.02625	0.04018	0.01428	0.06029	0.02530	0.01000	0.00463	0.00421	0.00117	0.00481	0.04864	0.00264	0.31196
13	0.00898	0.03380	0.34961	0.01275	0.15973	0.00856	0.02506	0.01228	0.00922	0.01363	0.00914	0.03485	0.00782	0.00453	0.00402	0.00119	0.00499	0.05286	0.00228	0.24472
14	0.01486	0.01126	0.01286	0.14975	0.01606	0.01266	0.00879	0.65566	0.03574	0.02422	0.01005	0.01066	0.00719	0.00504	0.00431	0.00132	0.00488	0.00389	0.00391	0.00689
15	0.01062	0.01036	0.01818	0.02572	0.75187	0.01029	0.08254	0.01327	0.00984	0.01405	0.00816	0.01074	0.00680	0.00382	0.00434	0.00129	0.00530	0.00395	0.00214	0.00673
16	0.00553	0.00437	0.00499	0.00494	0.00616	0.00383	0.00371	0.00697	0.01062	0.01372	0.32775	0.07532	0.47214	0.01028	0.00513	0.00145	0.00220	0.03283	0.00427	0.00380
17	0.01152	0.85121	0.02257	0.00737	0.01106	0.01704	0.00737	0.01290	0.00875	0.01013	0.00599	0.00691	0.00553	0.00369	0.00276	0.00092	0.00461	0.00230	0.00184	0.00553
18	0.00822	0.00777	0.02721	0.06935	0.37028	0.00750	0.06052	0.01021	0.00922	0.01265	0.01575	0.29262	0.06498	0.00764	0.00480	0.00148	0.00424	0.01740	0.00288	0.00527
19	0.00928	0.01472	0.32816	0.01435	0.01900	0.00967	0.38773	0.01315	0.00971	0.02786	0.01033	0.04002	0.00866	0.00495	0.00479	0.00148	0.00639	0.08164	0.00233	0.00580
20	0.00525	0.00401	0.00484	0.00549	0.00619	0.00360	0.00385	0.00617	0.00886	0.01129	0.03069	0.53543	0.30625	0.01253	0.00537	0.00165	0.00244	0.03853	0.00400	0.00356
21	0.01344	0.01494	0.41613	0.01034	0.01517	0.00840	0.03716	0.03014	0.01074	0.36715	0.01211	0.01234	0.00814	0.00478	0.00427	0.00136	0.00515	0.01805	0.00344	0.00674
22	0.01474	0.01141	0.01200	0.00960	0.01274	0.02760	0.00780	0.56694	0.24871	0.02421	0.01235	0.01194	0.00897	0.00535	0.00432	0.00134	0.00441	0.00414	0.00429	0.00714
23	0.87904	0.00833	0.00633	0.00566	0.00833	0.00966	0.00467	0.01266	0.00733	0.01933	0.00600	0.00700	0.00467	0.00400	0.00267	0.00133	0.00333	0.00233	0.00267	0.00467
24	0.00864	0.02228	0.82630	0.01228	0.01864	0.01000	0.01592	0.01364	0.00909	0.01364	0.00773	0.00909	0.00546	0.00409	0.00409	0.00136	0.00637	0.00318	0.00182	0.00637
25	0.00616	0.00457	0.00671	0.00671	0.00741	0.00527	0.00512	0.00756	0.00686	0.00984	0.01173	0.01798	0.01123	0.10913	0.75535	0.00666	0.01085	0.00477	0.00234	0.00373
26	0.00626	0.00418	0.00470	0.00470	0.00470	0.00418	0.00261	0.00626	0.00626	0.00835	0.01357	0.02819	0.01566	0.84862	0.02192	0.00418	0.00418	0.00626	0.00261	0.00261
