[name]
unknown

[dist]
# distance from previous block
# <min> <max>
2	77

[block]
# block no. 0 follows, 51 sequences, length 8
# corresponding to MSA columns:
# 94-101
name=unknown_A
#
# <colnr> <probs for GDERKNQSTAVLIFYWHMCP>
#	G	D	E	R	K	N	Q	S	T	A	V	L	I	F	Y	W	H	M	C	P
0	0.19432	0.01211	0.01201	0.01283	0.15637	0.16146	0.00851	0.05175	0.08380	0.13575	0.01462	0.01513	0.07434	0.00711	0.03786	0.00175	0.00556	0.00452	0.00367	0.00653
1	0.04928	0.04459	0.03732	0.13804	0.08965	0.04241	0.09615	0.07383	0.03008	0.07458	0.06861	0.03608	0.03751	0.00804	0.05183	0.00196	0.09201	0.00520	0.01666	0.00617
2	0.01220	0.00664	0.00855	0.00738	0.00953	0.00623	0.00577	0.01560	0.09466	0.26270	0.47218	0.02857	0.03245	0.00846	0.00545	0.00155	0.00306	0.00731	0.00558	0.00612
3	0.01196	0.04436	0.01483	0.26828	0.22036	0.06795	0.01124	0.05490	0.01162	0.08011	0.03312	0.04128	0.06596	0.00685	0.02687	0.00171	0.02405	0.00513	0.00308	0.00631
4	0.00892	0.00776	0.01118	0.01087	0.06719	0.03647	0.07381	0.03366	0.00902	0.01247	0.01274	0.05597	0.01261	0.18033	0.35371	0.00497	0.09492	0.00581	0.00278	0.00481
5	0.01199	0.01230	0.04901	0.09413	0.61377	0.04043	0.01445	0.01524	0.03505	0.01554	0.00933	0.01218	0.00773	0.00472	0.00536	0.00151	0.04305	0.00434	0.00247	0.00738
6	0.01237	0.01161	0.01857	0.02625	0.63396	0.01213	0.01385	0.05154	0.08051	0.01685	0.01012	0.01259	0.00836	0.00496	0.00569	0.00153	0.06425	0.00448	0.00276	0.00764
7	0.11747	0.01020	0.01342	0.04931	0.18186	0.04174	0.07400	0.09617	0.09847	0.03474	0.10606	0.01859	0.03282	0.04448	0.00580	0.00169	0.00493	0.02790	0.03396	0.00637

[dist]
# distance from previous block
# <min> <max>
0	6

[block]
# block no. 1 follows, 51 sequences, length 8
# corresponding to MSA columns:
# 108-115
name=unknown_B
#
# <colnr> <probs for GDERKNQSTAVLIFYWHMCP>
#	G	D	E	R	K	N	Q	S	T	A	V	L	I	F	Y	W	H	M	C	P
0	0.01256	0.37802	0.07399	0.00904	0.01279	0.03351	0.00850	0.06801	0.05129	0.05820	0.01204	0.06598	0.01108	0.00614	0.00421	0.00132	0.00495	0.07594	0.00316	0.10927
1	0.86201	0.00950	0.00722	0.00646	0.00950	0.01102	0.00532	0.01445	0.00836	0.02205	0.00684	0.00798	0.00532	0.00456	0.00304	0.00152	0.00380	0.00266	0.00304	0.00532
2	0.01240	0.00938	0.01067	0.00985	0.05171	0.01003	0.00732	0.17004	0.30194	0.07607	0.14641	0.02384	0.13362	0.00775	0.00522	0.00159	0.00385	0.00647	0.00493	0.00689
3	0.00614	0.00446	0.00573	0.00661	0.00711	0.00414	0.00452	0.00713	0.00982	0.01297	0.07245	0.63342	0.11498	0.05106	0.00705	0.00207	0.00293	0.03884	0.00454	0.00402
4	0.01107	0.00900	0.04110	0.05074	0.06157	0.02838	0.03116	0.10575	0.09736	0.07128	0.05216	0.05948	0.01406	0.06625	0.23220	0.00354	0.00719	0.00568	0.04614	0.00591
5	0.00640	0.00466	0.00603	0.00671	0.00739	0.00434	0.00480	0.00771	0.01061	0.01417	0.18176	0.48248	0.11035	0.04063	0.00680	0.00199	0.00295	0.09139	0.00467	0.00416
6	0.01228	0.04453	0.03609	0.01001	0.01238	0.09173	0.00832	0.16879	0.18090	0.01838	0.01762	0.07150	0.01667	0.04961	0.00673	0.00191	0.02929	0.21288	0.00418	0.00619
7	0.08009	0.10681	0.10332	0.05191	0.05545	0.09973	0.04969	0.10238	0.11174	0.12917	0.01164	0.01218	0.00859	0.00516	0.00448	0.00142	0.00562	0.00406	0.00355	0.05301

[dist]
# distance from previous block
# <min> <max>
0	5

[block]
# block no. 2 follows, 51 sequences, length 8
# corresponding to MSA columns:
# 121-128
name=unknown_C
#
# <colnr> <probs for GDERKNQSTAVLIFYWHMCP>
#	G	D	E	R	K	N	Q	S	T	A	V	L	I	F	Y	W	H	M	C	P
0	0.01142	0.01034	0.03949	0.36446	0.09284	0.02986	0.01159	0.12203	0.03398	0.04054	0.04562	0.03285	0.01053	0.00710	0.03004	0.00184	0.07607	0.03015	0.00308	0.00616
1	0.00638	0.00476	0.00573	0.00606	0.00693	0.00435	0.00427	0.00762	0.01074	0.01409	0.20680	0.29221	0.25264	0.11519	0.00840	0.00215	0.00293	0.04010	0.00456	0.00408
2	0.04032	0.00860	0.01140	0.00997	0.04062	0.00870	0.05477	0.06321	0.15310	0.25436	0.11167	0.06741	0.06047	0.03293	0.03037	0.00190	0.03238	0.00633	0.00478	0.00672
3	0.00832	0.00435	0.00624	0.00624	0.00624	0.00435	0.00406	0.00652	0.00652	0.00869	0.00964	0.01768	0.01002	0.14584	0.02013	0.72157	0.00435	0.00473	0.00227	0.00227
4	0.02541	0.00873	0.01142	0.07219	0.05779	0.00922	0.04839	0.11005	0.17826	0.06179	0.11381	0.02763	0.09477	0.00825	0.00544	0.00170	0.00439	0.13554	0.01896	0.00626
5	0.01208	0.03422	0.05505	0.00872	0.01296	0.04325	0.03310	0.05775	0.01147	0.08790	0.01047	0.03963	0.00856	0.00456	0.00407	0.00100	0.00439	0.00371	0.00327	0.56385
6	0.05041	0.07798	0.14140	0.01238	0.05233	0.19344	0.06209	0.09800	0.09696	0.05825	0.01196	0.07708	0.01005	0.00630	0.00513	0.02543	0.00616	0.00480	0.00330	0.00655
7	0.19139	0.22353	0.01469	0.03655	0.01279	0.09416	0.00772	0.08698	0.04611	0.07778	0.06456	0.01201	0.01003	0.00541	0.00459	0.00137	0.04674	0.00377	0.00333	0.05651

[dist]
# distance from previous block
# <min> <max>
1	5

[block]
# block no. 3 follows, 51 sequences, length 12
# corresponding to MSA columns:
# 134-145
name=unknown_D
#
# <colnr> <probs for GDERKNQSTAVLIFYWHMCP>
#	G	D	E	R	K	N	Q	S	T	A	V	L	I	F	Y	W	H	M	C	P
0	0.05542	0.07894	0.09063	0.07044	0.04136	0.03400	0.00919	0.07525	0.14702	0.10715	0.09050	0.03603	0.01495	0.00680	0.00521	0.00157	0.02896	0.06612	0.00395	0.03651
1	0.04044	0.06755	0.05350	0.01037	0.10128	0.00846	0.00744	0.04121	0.05896	0.06271	0.04969	0.10800	0.01541	0.15815	0.00846	0.00203	0.00442	0.04008	0.00353	0.15829
2	0.07116	0.02213	0.01294	0.10834	0.13743	0.03660	0.03483	0.07791	0.18630	0.07267	0.11970	0.01851	0.01544	0.00634	0.00492	0.00156	0.00473	0.03072	0.03110	0.00665
3	0.00704	0.00569	0.00793	0.00735	0.00851	0.00547	0.05996	0.00862	0.01110	0.01495	0.28473	0.20911	0.19395	0.10329	0.00858	0.00207	0.04320	0.00968	0.00440	0.00438
4	0.01502	0.09527	0.01508	0.03713	0.05392	0.08555	0.03431	0.33578	0.12508	0.02209	0.03820	0.01339	0.01027	0.00582	0.00508	0.00146	0.03537	0.00448	0.05954	0.00717
5	0.00852	0.00697	0.00967	0.00855	0.00989	0.00746	0.06122	0.03565	0.01128	0.03554	0.21218	0.14053	0.19524	0.01076	0.02502	0.00187	0.16117	0.00829	0.04524	0.00493
6	0.01251	0.07301	0.09933	0.03655	0.09501	0.06065	0.05992	0.07585	0.01211	0.11222	0.05125	0.08199	0.01297	0.00839	0.05545	0.00188	0.01792	0.03854	0.00349	0.09097
7	0.00718	0.00522	0.00678	0.00688	0.00764	0.00543	0.00502	0.00887	0.03540	0.01281	0.12293	0.08559	0.06658	0.25617	0.26281	0.00459	0.00675	0.08564	0.00362	0.00410
8	0.02460	0.07540	0.03416	0.10411	0.03756	0.08378	0.02077	0.14965	0.03961	0.17724	0.02361	0.01293	0.00918	0.00552	0.00528	0.00142	0.05841	0.00419	0.03520	0.09739
9	0.01229	0.29856	0.14593	0.11128	0.01689	0.08374	0.03734	0.03432	0.09114	0.03698	0.01047	0.03474	0.00887	0.05131	0.00543	0.00157	0.00590	0.00415	0.00276	0.00632
10	0.00753	0.00529	0.00573	0.00550	0.00729	0.00447	0.00416	0.00885	0.01148	0.09466	0.06724	0.08555	0.65098	0.01188	0.00574	0.00166	0.00268	0.00996	0.00475	0.00459
11	0.01228	0.05058	0.01608	0.08457	0.32818	0.01140	0.03760	0.01735	0.18423	0.08312	0.01513	0.01627	0.06584	0.00587	0.00553	0.00156	0.04878	0.00508	0.00342	0.00714

[dist]
# distance from previous block
# <min> <max>
0	9

[block]
# block no. 4 follows, 51 sequences, length 19
# corresponding to MSA columns:
# 155-163,165-174
name=unknown_E
#
# <colnr> <probs for GDERKNQSTAVLIFYWHMCP>
#	G	D	E	R	K	N	Q	S	T	A	V	L	I	F	Y	W	H	M	C	P
0	0.19831	0.01386	0.01157	0.01056	0.03820	0.26666	0.03770	0.12787	0.03284	0.01838	0.03407	0.03591	0.03108	0.00623	0.00447	0.00147	0.00574	0.05009	0.06911	0.00589
1	0.00893	0.00866	0.01563	0.01290	0.01482	0.00902	0.27495	0.01106	0.00996	0.01368	0.01735	0.34323	0.01883	0.01014	0.00791	0.00192	0.15133	0.06108	0.00340	0.00519
2	0.01095	0.01092	0.02035	0.07621	0.37794	0.01078	0.25965	0.01391	0.01078	0.01495	0.01117	0.07019	0.01012	0.07201	0.00691	0.00184	0.00638	0.00572	0.00262	0.00660
3	0.01077	0.00775	0.01134	0.00925	0.01172	0.00738	0.14010	0.06844	0.04084	0.12691	0.05842	0.02912	0.24572	0.10196	0.03955	0.00222	0.00475	0.03614	0.04207	0.00555
4	0.01635	0.01342	0.01339	0.01095	0.01436	0.07972	0.00880	0.44881	0.29460	0.02570	0.01437	0.01388	0.01056	0.00610	0.00491	0.00153	0.00515	0.00472	0.00475	0.00793
5	0.01098	0.01003	0.01472	0.04606	0.30340	0.00894	0.03968	0.01376	0.02453	0.01597	0.00917	0.01129	0.00758	0.00403	0.00425	0.00109	0.00475	0.00367	0.00273	0.46337
6	0.03883	0.16588	0.30634	0.01085	0.03734	0.01100	0.01134	0.01660	0.01142	0.20024	0.07586	0.01356	0.01105	0.00528	0.00443	0.00139	0.00536	0.00413	0.00340	0.06570
7	0.35276	0.04650	0.09792	0.00958	0.02566	0.01215	0.02847	0.13734	0.17686	0.02158	0.01109	0.01162	0.00836	0.00524	0.00405	0.00152	0.00461	0.00384	0.03422	0.00662
8	0.11800	0.01270	0.01411	0.01463	0.19384	0.10250	0.00969	0.27944	0.01580	0.14120	0.04272	0.01284	0.00974	0.00549	0.00466	0.00146	0.00540	0.00432	0.00405	0.00741
9	0.01603	0.02954	0.13745	0.01144	0.06282	0.13120	0.00972	0.10221	0.01348	0.25676	0.01303	0.01305	0.02506	0.00526	0.00457	0.00134	0.00551	0.00409	0.00390	0.15354
10	0.01222	0.01150	0.02006	0.08288	0.65682	0.01155	0.07706	0.01524	0.01122	0.04010	0.00958	0.01246	0.00781	0.00445	0.00495	0.00149	0.00604	0.00451	0.00253	0.00755
11	0.00823	0.00605	0.00785	0.00682	0.00885	0.00526	0.03271	0.01032	0.01259	0.06312	0.40875	0.03401	0.21231	0.00937	0.00547	0.00148	0.00294	0.03274	0.00476	0.12637
12	0.01353	0.00948	0.01603	0.04831	0.01682	0.00900	0.24501	0.06863	0.01289	0.22121	0.03946	0.02483	0.04321	0.00727	0.00560	0.00170	0.00557	0.16692	0.00419	0.04035
13	0.00620	0.00433	0.00576	0.00671	0.00707	0.00404	0.00451	0.00691	0.00944	0.01257	0.05605	0.70566	0.06195	0.01519	0.00715	0.06228	0.00292	0.01295	0.00442	0.00389
14	0.01010	0.00993	0.01848	0.12419	0.25712	0.00990	0.24737	0.01297	0.01075	0.01468	0.01393	0.19233	0.01370	0.00713	0.00554	0.00169	0.00598	0.03508	0.00296	0.00617
15	0.00887	0.00884	0.00750	0.00746	0.00881	0.18045	0.00543	0.01024	0.01189	0.01422	0.19878	0.25543	0.24140	0.01113	0.00563	0.00164	0.00395	0.00948	0.00430	0.00455
16	0.04470	0.00509	0.00619	0.00621	0.00716	0.00481	0.01630	0.00823	0.01069	0.01488	0.26100	0.24346	0.16640	0.15820	0.00921	0.00226	0.00309	0.00978	0.01820	0.00414
17	0.03772	0.00825	0.07518	0.00807	0.01008	0.00712	0.00662	0.07574	0.09369	0.08817	0.07994	0.29963	0.07597	0.08210	0.00725	0.00201	0.00385	0.02872	0.00444	0.00546
18	0.01189	0.01112	0.01608	0.01796	0.27418	0.05142	0.06177	0.04460	0.04204	0.04429	0.04651	0.04944	0.04066	0.00695	0.00853	0.00172	0.25610	0.00530	0.00300	0.00646

[dist]
# distance from previous block
# <min> <max>
3	21

[block]
# block no. 5 follows, 51 sequences, length 7
# corresponding to MSA columns:
# 200-206
name=unknown_F
#
# <colnr> <probs for GDERKNQSTAVLIFYWHMCP>
#	G	D	E	R	K	N	Q	S	T	A	V	L	I	F	Y	W	H	M	C	P
0	0.00911	0.00741	0.00914	0.00854	0.00975	0.03216	0.00661	0.06656	0.09000	0.01482	0.09891	0.06349	0.01665	0.07158	0.36527	0.00465	0.09167	0.00604	0.02256	0.00509
1	0.01077	0.01012	0.01011	0.00954	0.03430	0.13136	0.02538	0.08589	0.12718	0.01660	0.10074	0.14710	0.16812	0.00923	0.00575	0.00163	0.03238	0.03630	0.00418	0.03333
2	0.00696	0.00475	0.00535	0.00544	0.00559	0.00466	0.00315	0.00712	0.00763	0.01005	0.01905	0.09153	0.08033	0.70326	0.02212	0.00432	0.00444	0.00790	0.00322	0.00314
3	0.01147	0.01356	0.15621	0.01289	0.01550	0.03541	0.09969	0.07170	0.04983	0.03707	0.09366	0.01434	0.01155	0.00707	0.00973	0.00180	0.34439	0.00491	0.00300	0.00621
4	0.00704	0.00472	0.00539	0.00550	0.00553	0.00469	0.00313	0.00712	0.00736	0.00981	0.01658	0.10715	0.01925	0.75042	0.02324	0.00450	0.00458	0.00779	0.00313	0.00307
5	0.01424	0.05767	0.11241	0.01057	0.01398	0.17617	0.00924	0.10440	0.26477	0.07806	0.06700	0.01523	0.01274	0.00602	0.00473	0.00148	0.00544	0.00469	0.03418	0.00699
6	0.08437	0.04519	0.01324	0.01094	0.01383	0.36187	0.00861	0.10710	0.10154	0.14483	0.01126	0.01155	0.00842	0.00563	0.00512	0.00144	0.05087	0.00387	0.00367	0.00665

[dist]
# distance from previous block
# <min> <max>
0	7

[block]
# block no. 6 follows, 51 sequences, length 20
# corresponding to MSA columns:
# 215-234
name=unknown_G
#
# <colnr> <probs for GDERKNQSTAVLIFYWHMCP>
#	G	D	E	R	K	N	Q	S	T	A	V	L	I	F	Y	W	H	M	C	P
0	0.05630	0.00691	0.01020	0.27188	0.07557	0.00764	0.00847	0.01065	0.00990	0.03438	0.08398	0.19875	0.04044	0.07437	0.07768	0.00249	0.00539	0.01666	0.00336	0.00497
1	0.11098	0.07364	0.06425	0.03616	0.16681	0.02635	0.04482	0.09150	0.06169	0.13274	0.02881	0.01423	0.00992	0.00536	0.00455	0.00144	0.00510	0.03209	0.00358	0.08600
2	0.01222	0.40763	0.28275	0.01070	0.01551	0.10677	0.01162	0.01520	0.01078	0.01339	0.04121	0.01151	0.00864	0.00499	0.00403	0.00130	0.00620	0.02676	0.00236	0.00643
3	0.01164	0.00816	0.01309	0.48847	0.02487	0.00919	0.03509	0.01443	0.01086	0.17134	0.01352	0.05670	0.01099	0.00637	0.00510	0.00166	0.00560	0.06689	0.04013	0.00589
4	0.03648	0.32559	0.22429	0.01259	0.07475	0.15070	0.01176	0.01554	0.01059	0.01334	0.00763	0.00928	0.00639	0.00488	0.00503	0.00136	0.07785	0.00326	0.00222	0.00645
5	0.02482	0.03840	0.02725	0.03652	0.04612	0.06708	0.06714	0.07150	0.07333	0.27337	0.12561	0.06306	0.01720	0.00706	0.00515	0.00157	0.00481	0.03856	0.00462	0.00682
6	0.00825	0.00515	0.00616	0.00586	0.00716	0.00477	0.00438	0.01012	0.01198	0.06934	0.35722	0.03382	0.16147	0.09134	0.00724	0.00183	0.00279	0.03561	0.17089	0.00462
7	0.01146	0.01095	0.01846	0.18095	0.52514	0.01145	0.05696	0.01532	0.06896	0.01565	0.01043	0.01401	0.00860	0.00488	0.00499	0.00154	0.00593	0.02449	0.00263	0.00718
8	0.04858	0.37213	0.24107	0.03094	0.04982	0.01442	0.03035	0.01541	0.04630	0.03855	0.03011	0.01255	0.00890	0.00509	0.00412	0.00137	0.00569	0.03541	0.00261	0.00660
9	0.00857	0.00753	0.08623	0.00774	0.00928	0.00610	0.00634	0.01064	0.04276	0.08118	0.10543	0.31125	0.07525	0.14892	0.00947	0.00231	0.03941	0.03257	0.00418	0.00484
10	0.00614	0.00447	0.00580	0.00657	0.00712	0.00412	0.00451	0.00729	0.01036	0.01388	0.16501	0.61973	0.09844	0.01420	0.00615	0.00189	0.00273	0.01277	0.00471	0.00412
11	0.07579	0.01126	0.01788	0.03881	0.01801	0.01139	0.29536	0.13533	0.13389	0.14293	0.01525	0.01589	0.05353	0.00563	0.00518	0.00160	0.00581	0.00540	0.00396	0.00708
12	0.01281	0.01331	0.06647	0.07836	0.09684	0.11784	0.23446	0.06509	0.04123	0.06680	0.08548	0.01531	0.02490	0.00539	0.00512	0.00149	0.00638	0.00511	0.00325	0.05437
13	0.01072	0.00610	0.00799	0.00743	0.00914	0.00557	0.02444	0.04004	0.01162	0.20939	0.06919	0.32282	0.16476	0.05717	0.00684	0.00193	0.00347	0.03120	0.00486	0.00533
14	0.00600	0.00461	0.00550	0.00607	0.00696	0.00411	0.00425	0.00714	0.01050	0.01346	0.10342	0.45564	0.32713	0.01379	0.00605	0.00183	0.00266	0.01214	0.00464	0.00411
15	0.08809	0.01007	0.01223	0.00949	0.01315	0.04731	0.07320	0.09740	0.04644	0.23854	0.02534	0.04934	0.02758	0.00568	0.00456	0.00133	0.00458	0.00473	0.00420	0.23673
16	0.01426	0.02533	0.03177	0.13794	0.32638	0.04198	0.04555	0.04446	0.05733	0.18540	0.01192	0.01341	0.00883	0.00515	0.00520	0.00153	0.02828	0.00454	0.00341	0.00735
17	0.01095	0.01008	0.01080	0.02678	0.01131	0.15769	0.07684	0.04362	0.01035	0.03815	0.01435	0.09564	0.03066	0.26829	0.04594	0.00285	0.07324	0.00625	0.06146	0.00476
18	0.03580	0.01110	0.04848	0.27231	0.38847	0.01127	0.05508	0.04914	0.01135	0.01596	0.04708	0.01349	0.00914	0.00489	0.00492	0.00154	0.00600	0.00459	0.00262	0.00678
19	0.12974	0.10774	0.10132	0.13623	0.05552	0.08549	0.00994	0.07652	0.04270	0.10893	0.01075	0.03414	0.00840	0.00605	0.02426	0.00160	0.00573	0.00408	0.00322	0.04764

[dist]
# distance from previous block
# <min> <max>
0	66

[block]
# block no. 7 follows, 51 sequences, length 11
# corresponding to MSA columns:
# 313-323
name=unknown_H
#
# <colnr> <probs for GDERKNQSTAVLIFYWHMCP>
#	G	D	E	R	K	N	Q	S	T	A	V	L	I	F	Y	W	H	M	C	P
0	0.01098	0.03975	0.01760	0.06702	0.25218	0.07432	0.17795	0.01362	0.02471	0.01435	0.01309	0.15450	0.01281	0.00727	0.00613	0.02166	0.04050	0.04249	0.00292	0.00613
1	0.01141	0.00743	0.00927	0.07640	0.01198	0.00730	0.00659	0.14431	0.01312	0.14343	0.07205	0.27981	0.11188	0.00977	0.00542	0.00163	0.00381	0.00845	0.00459	0.07137
2	0.01308	0.09145	0.03220	0.09984	0.14802	0.14766	0.02762	0.05588	0.03976	0.08813	0.03527	0.10330	0.01295	0.00677	0.00493	0.00152	0.00565	0.05288	0.00341	0.02967
3	0.08055	0.01195	0.07688	0.02955	0.23179	0.05243	0.01039	0.06570	0.12101	0.19641	0.01484	0.03700	0.03807	0.00585	0.00480	0.00153	0.00509	0.00489	0.00393	0.00733
4	0.01147	0.35126	0.39425	0.01128	0.01664	0.05748	0.01298	0.01502	0.01026	0.01349	0.00822	0.00984	0.00664	0.00650	0.05400	0.00173	0.00690	0.00330	0.00215	0.00661
5	0.00785	0.00602	0.00661	0.00692	0.00788	0.05445	0.00499	0.00894	0.01054	0.04403	0.10943	0.33123	0.17125	0.08945	0.00830	0.03627	0.00355	0.08370	0.00434	0.00425
6	0.04053	0.05342	0.52049	0.07395	0.06000	0.04271	0.01524	0.01652	0.05899	0.05869	0.00991	0.01127	0.00718	0.00487	0.00461	0.00153	0.00662	0.00382	0.00256	0.00708
7	0.00776	0.04022	0.20943	0.12479	0.01485	0.00748	0.00956	0.01027	0.00980	0.01335	0.01906	0.44586	0.02103	0.01071	0.00558	0.00181	0.00464	0.03518	0.00350	0.00513
8	0.01122	0.01140	0.02148	0.23559	0.34602	0.01172	0.26050	0.01462	0.01096	0.01503	0.00933	0.01276	0.00735	0.00444	0.00518	0.00157	0.00681	0.00483	0.00238	0.00679
9	0.01219	0.01382	0.04879	0.06389	0.09368	0.19418	0.22658	0.05240	0.01229	0.01501	0.05490	0.01807	0.10423	0.04438	0.00636	0.00168	0.02302	0.00555	0.00299	0.00597
10	0.01365	0.01133	0.01640	0.25186	0.28546	0.01249	0.01250	0.25129	0.01449	0.04718	0.01017	0.01245	0.00772	0.00517	0.00518	0.00154	0.02623	0.00441	0.00325	0.00724

[dist]
# distance from previous block
# <min> <max>
0	9

[block]
# block no. 8 follows, 51 sequences, length 16
# corresponding to MSA columns:
# 333-348
name=unknown_I
#
# <colnr> <probs for GDERKNQSTAVLIFYWHMCP>
#	G	D	E	R	K	N	Q	S	T	A	V	L	I	F	Y	W	H	M	C	P
0	0.00638	0.00465	0.00606	0.00681	0.00749	0.00432	0.00490	0.00771	0.01063	0.01417	0.16814	0.51386	0.10783	0.01392	0.00620	0.00191	0.00292	0.10319	0.00471	0.00419
1	0.00640	0.00461	0.00615	0.00723	0.00776	0.00436	0.00525	0.00758	0.00991	0.01305	0.02798	0.61932	0.06932	0.01486	0.00636	0.00204	0.00320	0.17598	0.00455	0.00411
2	0.01163	0.01296	0.09830	0.13365	0.31140	0.03163	0.17097	0.05253	0.05026	0.01630	0.02353	0.01468	0.00919	0.00510	0.00513	0.00157	0.00643	0.03501	0.00276	0.00696
3	0.07735	0.05198	0.24355	0.01495	0.16992	0.05016	0.02258	0.15236	0.01316	0.09045	0.01185	0.03956	0.02969	0.00552	0.00468	0.00150	0.00583	0.00446	0.00327	0.00720
4	0.01482	0.42048	0.06192	0.01065	0.01409	0.32349	0.00951	0.01647	0.01137	0.01197	0.00721	0.00859	0.00632	0.00486	0.00460	0.00123	0.06109	0.00300	0.00227	0.00606
5	0.01290	0.03598	0.01387	0.04967	0.12395	0.00981	0.03982	0.13265	0.05419	0.07875	0.01069	0.01184	0.00825	0.00454	0.00431	0.00115	0.00465	0.00382	0.00343	0.39573
6	0.01348	0.05205	0.24927	0.01162	0.02809	0.09375	0.03714	0.16057	0.05816	0.09494	0.11888	0.03421	0.01390	0.00614	0.00490	0.00150	0.00573	0.00497	0.00375	0.00695
7	0.00605	0.00436	0.00575	0.00684	0.00722	0.00406	0.00465	0.00697	0.00955	0.01265	0.02800	0.76324	0.06444	0.01521	0.00627	0.00199	0.00290	0.04125	0.00456	0.00402
8	0.01036	0.00843	0.01362	0.10411	0.07692	0.00901	0.13369	0.04325	0.01018	0.07107	0.01399	0.09926	0.01361	0.17577	0.07200	0.00284	0.09049	0.04283	0.00319	0.00538
9	0.01229	0.04883	0.02170	0.10911	0.13864	0.01215	0.34794	0.03631	0.04305	0.07297	0.01094	0.01438	0.00860	0.00521	0.00618	0.00164	0.07162	0.02885	0.00289	0.00671
10	0.00794	0.00629	0.00769	0.04455	0.01003	0.00661	0.00602	0.01250	0.21293	0.01517	0.06237	0.44728	0.06242	0.01211	0.00587	0.00188	0.00337	0.06523	0.00461	0.00512
11	0.00792	0.00644	0.00901	0.00850	0.00898	0.00792	0.00652	0.00913	0.00764	0.01109	0.01211	0.02016	0.01216	0.20569	0.44891	0.00586	0.19961	0.00546	0.00260	0.00431
12	0.01157	0.01250	0.08087	0.10344	0.35707	0.08361	0.04961	0.04545	0.01196	0.01599	0.07149	0.01895	0.01284	0.00612	0.00516	0.00158	0.00598	0.09619	0.00297	0.00664
13	0.01166	0.35176	0.35384	0.01302	0.04570	0.03203	0.09913	0.01531	0.01046	0.01389	0.00812	0.00971	0.00645	0.00442	0.00418	0.00135	0.00654	0.00348	0.00215	0.00679
14	0.01236	0.00681	0.00853	0.00787	0.00974	0.00654	0.00593	0.08823	0.04965	0.24515	0.02335	0.35502	0.06001	0.06316	0.00688	0.00196	0.00370	0.03430	0.00496	0.00584
15	0.00743	0.00573	0.00813	0.10190	0.04712	0.00569	0.00634	0.00974	0.01274	0.01775	0.55116	0.10970	0.03764	0.00989	0.00575	0.00163	0.00314	0.04896	0.00477	0.00481

[dist]
# distance from previous block
# <min> <max>
0	6

[block]
# block no. 9 follows, 51 sequences, length 13
# corresponding to MSA columns:
# 355,357,358,361-367,379-381
name=unknown_J
#
# <colnr> <probs for GDERKNQSTAVLIFYWHMCP>
#	G	D	E	R	K	N	Q	S	T	A	V	L	I	F	Y	W	H	M	C	P
0	0.00751	0.00603	0.02359	0.00679	0.00832	0.00546	0.00529	0.01048	0.09380	0.03716	0.22049	0.18708	0.28389	0.01156	0.00584	0.00174	0.00298	0.07236	0.00480	0.00484
1	0.13895	0.01293	0.01317	0.01109	0.04124	0.04785	0.00869	0.47782	0.15477	0.02652	0.01226	0.01229	0.00898	0.00575	0.00464	0.00151	0.00507	0.00431	0.00447	0.00768
2	0.28492	0.14209	0.01584	0.03451	0.11144	0.09877	0.10964	0.01581	0.01067	0.08677	0.01051	0.01176	0.03815	0.00494	0.00413	0.00144	0.00548	0.00389	0.00300	0.00623
3	0.06839	0.00849	0.04085	0.00928	0.03262	0.00798	0.06627	0.08522	0.04283	0.09626	0.35224	0.02633	0.09821	0.00812	0.00571	0.00158	0.03219	0.00694	0.00462	0.00584
4	0.00810	0.00648	0.00981	0.00874	0.01057	0.00594	0.12653	0.02843	0.01117	0.05448	0.04851	0.30078	0.28548	0.01167	0.00596	0.00180	0.00382	0.06255	0.00434	0.00484
5	0.01312	0.01102	0.01221	0.01112	0.06565	0.06132	0.03699	0.23097	0.22689	0.01968	0.01427	0.01816	0.01215	0.19726	0.00957	0.00226	0.00512	0.00527	0.00399	0.04297
6	0.01634	0.04721	0.16412	0.01083	0.01498	0.18650	0.01006	0.12259	0.01392	0.23096	0.01256	0.01396	0.00929	0.00561	0.00467	0.00141	0.00598	0.03944	0.00385	0.08571
7	0.07341	0.18745	0.27864	0.01095	0.01593	0.01360	0.01153	0.20476	0.04308	0.10046	0.01052	0.01100	0.00765	0.00509	0.00434	0.00143	0.00570	0.00376	0.00337	0.00733
8	0.01059	0.07663	0.52453	0.01557	0.02196	0.01225	0.23847	0.01556	0.01070	0.01534	0.00901	0.01104	0.00659	0.00448	0.00489	0.00155	0.00742	0.00419	0.00220	0.00701
9	0.00714	0.00480	0.00552	0.00552	0.00558	0.00485	0.00318	0.00725	0.00719	0.00965	0.01534	0.03135	0.01751	0.77734	0.07448	0.00496	0.00530	0.00703	0.00296	0.00307
10	0.00854	0.00427	0.00640	0.00640	0.00640	0.00427	0.00427	0.00640	0.00640	0.00854	0.00854	0.01494	0.00854	0.01707	0.01921	0.85702	0.00427	0.00427	0.00213	0.00213
11	0.01769	0.03736	0.06130	0.01118	0.04517	0.07610	0.00912	0.33505	0.03036	0.24785	0.01440	0.06816	0.01084	0.00636	0.00491	0.00150	0.00526	0.00504	0.00468	0.00769
12	0.07931	0.02937	0.01191	0.03317	0.01342	0.14514	0.02202	0.04788	0.37835	0.07531	0.01729	0.01681	0.06450	0.00648	0.00520	0.00157	0.03619	0.00503	0.00418	0.00684

[dist]
# distance from previous block
# <min> <max>
0	2

[block]
# block no. 10 follows, 51 sequences, length 7
# corresponding to MSA columns:
# 384,385,390-394
name=unknown_K
#
# <colnr> <probs for GDERKNQSTAVLIFYWHMCP>
#	G	D	E	R	K	N	Q	S	T	A	V	L	I	F	Y	W	H	M	C	P
0	0.00943	0.00881	0.01401	0.47018	0.04851	0.01044	0.04102	0.01204	0.00948	0.01285	0.01027	0.01465	0.03200	0.04046	0.05099	0.00209	0.11976	0.00462	0.00240	0.08596
1	0.04823	0.01083	0.10871	0.01302	0.14676	0.00916	0.03240	0.06908	0.10536	0.14844	0.06032	0.13207	0.06088	0.00763	0.00517	0.00163	0.00462	0.02480	0.00414	0.00672
2	0.05171	0.01277	0.03979	0.03922	0.18176	0.12224	0.06425	0.15589	0.01346	0.08887	0.03679	0.05121	0.01067	0.04554	0.00644	0.00168	0.04850	0.00497	0.00346	0.02078
3	0.01023	0.09408	0.06060	0.01192	0.12839	0.06721	0.00848	0.06254	0.06237	0.01553	0.07394	0.27073	0.04062	0.00940	0.00533	0.00166	0.00456	0.06285	0.00380	0.00574
4	0.01032	0.00995	0.01105	0.01119	0.07599	0.13874	0.04314	0.05335	0.04438	0.01505	0.11874	0.26598	0.04116	0.01135	0.05577	0.00208	0.07459	0.00804	0.00378	0.00533
5	0.06123	0.06318	0.02689	0.11180	0.07922	0.04891	0.06726	0.06462	0.10475	0.11900	0.04179	0.02927	0.01160	0.00825	0.06739	0.00200	0.00588	0.03042	0.00362	0.05292
6	0.06418	0.03119	0.01459	0.01224	0.05749	0.09436	0.12389	0.09227	0.08566	0.18136	0.04154	0.06710	0.01270	0.00650	0.00535	0.00156	0.03105	0.03466	0.00405	0.03825

[dist]
# distance from previous block
# <min> <max>
0	13

[block]
# block no. 11 follows, 51 sequences, length 9
# corresponding to MSA columns:
# 408-416
name=unknown_L
#
# <colnr> <probs for GDERKNQSTAVLIFYWHMCP>
#	G	D	E	R	K	N	Q	S	T	A	V	L	I	F	Y	W	H	M	C	P
0	0.06430	0.07107	0.19537	0.05402	0.12858	0.07221	0.04941	0.11376	0.08427	0.06745	0.01101	0.02742	0.00847	0.00522	0.00463	0.00148	0.00593	0.00426	0.00320	0.02794
1	0.04828	0.03438	0.05477	0.10390	0.03006	0.09515	0.04439	0.17372	0.02790	0.02966	0.04910	0.08051	0.07468	0.00796	0.03066	0.00173	0.03161	0.01983	0.00357	0.05815
2	0.05602	0.03774	0.05327	0.06113	0.24812	0.09931	0.01106	0.17842	0.01401	0.11117	0.02621	0.01228	0.00868	0.00520	0.00491	0.00144	0.02329	0.00418	0.00346	0.04010
3	0.01160	0.01326	0.02900	0.02071	0.02568	0.01243	0.77879	0.01574	0.01160	0.01574	0.00994	0.01326	0.00746	0.00414	0.00580	0.00166	0.00829	0.00580	0.00249	0.00663
4	0.03697	0.14455	0.11409	0.12749	0.27857	0.04008	0.06654	0.03685	0.04780	0.01559	0.03953	0.01245	0.00889	0.00484	0.00461	0.00145	0.00599	0.00424	0.00263	0.00683
5	0.00907	0.00695	0.00956	0.14841	0.07548	0.00694	0.00740	0.01201	0.05681	0.06902	0.27466	0.02980	0.18142	0.00854	0.00540	0.00157	0.00374	0.03865	0.00430	0.05029
6	0.78462	0.00940	0.00761	0.00667	0.00978	0.01067	0.00550	0.01532	0.00889	0.09373	0.00800	0.00879	0.00595	0.00470	0.00322	0.00152	0.00384	0.00287	0.00332	0.00560
7	0.00906	0.00705	0.02715	0.09887	0.01168	0.00667	0.00635	0.06143	0.04873	0.06249	0.23570	0.10554	0.17454	0.07072	0.00690	0.00182	0.00364	0.00790	0.00439	0.04935
8	0.01415	0.01127	0.01323	0.01278	0.12475	0.05500	0.00898	0.34409	0.01566	0.04410	0.01147	0.01354	0.00914	0.01308	0.20316	0.00298	0.00737	0.00443	0.00371	0.08711

[dist]
# distance from previous block
# <min> <max>
0	1

[block]
# block no. 12 follows, 51 sequences, length 7
# corresponding to MSA columns:
# 418-424
name=unknown_M
#
# <colnr> <probs for GDERKNQSTAVLIFYWHMCP>
#	G	D	E	R	K	N	Q	S	T	A	V	L	I	F	Y	W	H	M	C	P
0	0.11314	0.01451	0.08028	0.01033	0.01373	0.21415	0.00885	0.14051	0.05290	0.20424	0.01323	0.01525	0.01007	0.00605	0.00466	0.00150	0.00576	0.05789	0.02612	0.00684
1	0.00880	0.05181	0.00957	0.06051	0.01054	0.00678	0.05130	0.02926	0.01043	0.05302	0.15360	0.14229	0.02350	0.27439	0.01192	0.00271	0.00438	0.08678	0.00386	0.00454
2	0.00631	0.00459	0.00600	0.00693	0.00752	0.00428	0.00496	0.00750	0.01016	0.01342	0.08349	0.58846	0.10424	0.01449	0.00627	0.00197	0.00301	0.11765	0.00462	0.00413
3	0.04495	0.00930	0.01069	0.00876	0.01159	0.00956	0.00694	0.26476	0.08264	0.20059	0.08222	0.05709	0.04766	0.05691	0.00700	0.04919	0.00427	0.00577	0.00480	0.03533
4	0.18296	0.44803	0.06203	0.00863	0.01253	0.01567	0.00821	0.07058	0.07873	0.03720	0.02968	0.01023	0.00823	0.00484	0.00362	0.00128	0.00486	0.00330	0.00294	0.00645
5	0.00871	0.04529	0.00792	0.00658	0.00855	0.00600	0.00513	0.01118	0.05860	0.08400	0.25393	0.09624	0.27829	0.01005	0.00546	0.00156	0.00299	0.03424	0.00472	0.07056
6	0.01272	0.01182	0.01808	0.21805	0.43235	0.08028	0.06284	0.01559	0.01134	0.07544	0.00981	0.01253	0.00767	0.00469	0.00491	0.00150	0.00630	0.00441	0.00267	0.00701

[dist]
# distance from previous block
# <min> <max>
4	23

[block]
# block no. 13 follows, 51 sequences, length 33
# corresponding to MSA columns:
# 466-484,488-501
name=unknown_N
#
# <colnr> <probs for GDERKNQSTAVLIFYWHMCP>
#	G	D	E	R	K	N	Q	S	T	A	V	L	I	F	Y	W	H	M	C	P
0	0.06313	0.15452	0.06386	0.00788	0.01080	0.06777	0.00694	0.04752	0.08379	0.06357	0.01399	0.01498	0.04030	0.00643	0.02721	0.00146	0.00450	0.00421	0.26399	0.05314
1	0.24222	0.06417	0.03608	0.01066	0.01354	0.51304	0.00847	0.01770	0.01205	0.01489	0.00755	0.00880	0.00617	0.00488	0.00398	0.00133	0.00714	0.00304	0.01863	0.00566
2	0.25492	0.01437	0.24030	0.06030	0.09518	0.01082	0.07633	0.01530	0.06786	0.01794	0.05412	0.01236	0.00925	0.00498	0.00437	0.00152	0.00546	0.00406	0.00288	0.04767
3	0.00694	0.00531	0.00700	0.00798	0.05133	0.00503	0.00542	0.00893	0.03796	0.01531	0.24725	0.36670	0.13494	0.01243	0.00599	0.00180	0.00298	0.06741	0.00470	0.00458
4	0.01150	0.01117	0.01774	0.17065	0.47659	0.03695	0.05576	0.01544	0.08364	0.01555	0.01211	0.01457	0.04629	0.00509	0.00497	0.00153	0.00586	0.00482	0.00274	0.00705
5	0.00668	0.00485	0.00653	0.00693	0.00756	0.00497	0.00499	0.00792	0.00912	0.01243	0.08191	0.28923	0.06546	0.14798	0.27261	0.00433	0.00657	0.05214	0.00375	0.00405
6	0.01684	0.01946	0.01581	0.02920	0.05435	0.52385	0.09536	0.13102	0.01481	0.01568	0.03241	0.01087	0.00804	0.00520	0.00473	0.00137	0.00790	0.00390	0.00296	0.00626
7	0.00596	0.00454	0.00549	0.00619	0.00697	0.00407	0.00428	0.00700	0.01017	0.01304	0.06086	0.53382	0.29149	0.01421	0.00610	0.00187	0.00271	0.01258	0.00459	0.00407
8	0.01419	0.01199	0.01219	0.01046	0.01353	0.05029	0.00826	0.22147	0.55310	0.02286	0.01729	0.01620	0.01287	0.00639	0.00495	0.00160	0.00452	0.00515	0.00486	0.00783
9	0.01348	0.00981	0.01333	0.09385	0.13799	0.00970	0.02024	0.12470	0.03546	0.14861	0.06663	0.01429	0.01119	0.00541	0.00522	0.00134	0.04611	0.00445	0.00377	0.23439
10	0.01109	0.27022	0.46077	0.01319	0.01921	0.01401	0.11698	0.01533	0.01042	0.01436	0.00836	0.01000	0.00641	0.00446	0.00436	0.00142	0.00678	0.00361	0.00214	0.00688
11	0.00908	0.03602	0.01361	0.01116	0.03841	0.00802	0.20881	0.02958	0.05765	0.03312	0.07196	0.11932	0.26619	0.00936	0.00572	0.00170	0.00459	0.06628	0.00398	0.00544
12	0.00655	0.00552	0.00611	0.00639	0.03776	0.00491	0.00451	0.00864	0.04925	0.01475	0.16373	0.04286	0.60868	0.01148	0.00573	0.00163	0.00266	0.00967	0.00463	0.00454
13	0.01093	0.08339	0.19129	0.08026	0.08038	0.03373	0.16211	0.01400	0.00998	0.02657	0.00945	0.03830	0.00810	0.02430	0.03885	0.00197	0.17305	0.00471	0.00241	0.00623
14	0.01305	0.13843	0.05349	0.01076	0.01394	0.05008	0.10998	0.18081	0.03126	0.07977	0.01518	0.17426	0.01419	0.00761	0.00503	0.00157	0.00520	0.04708	0.04192	0.00638
15	0.00591	0.00499	0.00514	0.00523	0.00682	0.00421	0.00395	0.00719	0.01115	0.01332	0.04795	0.07316	0.73437	0.01259	0.00587	0.00170	0.00259	0.04514	0.00456	0.00416
16	0.00715	0.00476	0.00536	0.00536	0.00536	0.00476	0.00298	0.00715	0.00715	0.00953	0.01548	0.03216	0.01787	0.82729	0.02501	0.00476	0.00476	0.00715	0.00298	0.00298
17	0.01336	0.03273	0.18399	0.19603	0.20550	0.03869	0.03176	0.08700	0.01233	0.13565	0.01073	0.01247	0.00780	0.00497	0.00482	0.00152	0.00616	0.00426	0.00308	0.00716
18	0.01153	0.01398	0.15366	0.01449	0.01872	0.03701	0.29919	0.01851	0.24782	0.03789	0.01507	0.04765	0.03175	0.00596	0.00534	0.00165	0.00623	0.02319	0.00346	0.00689
19	0.00857	0.00732	0.01086	0.01171	0.11362	0.00877	0.00803	0.01013	0.00816	0.01191	0.01136	0.01783	0.01097	0.11425	0.43207	0.00537	0.19648	0.00514	0.00253	0.00491
20	0.01019	0.00873	0.01019	0.00728	0.01165	0.00655	0.00582	0.01237	0.01019	0.01601	0.00873	0.01019	0.00728	0.00364	0.00364	0.00073	0.00364	0.00291	0.00291	0.85734
21	0.01315	0.00673	0.00872	0.00803	0.02459	0.00619	0.00604	0.01571	0.07384	0.33025	0.10427	0.23621	0.11572	0.00983	0.00551	0.00169	0.00345	0.01859	0.00525	0.00621
22	0.00685	0.00499	0.00645	0.00615	0.00730	0.00458	0.00459	0.00905	0.01357	0.01906	0.72181	0.07346	0.08288	0.01041	0.00582	0.00157	0.00235	0.00919	0.00533	0.00458
23	0.01231	0.01120	0.03110	0.19632	0.39657	0.01179	0.06859	0.05728	0.01141	0.06518	0.00970	0.01255	0.00765	0.00507	0.00599	0.00158	0.08147	0.00450	0.00272	0.00703
24	0.01072	0.07329	0.08502	0.24574	0.26415	0.01164	0.12232	0.01393	0.01061	0.01441	0.01040	0.03047	0.00898	0.00542	0.00523	0.00159	0.02122	0.05591	0.00249	0.00647
25	0.01419	0.00870	0.01309	0.01583	0.29690	0.00819	0.00934	0.01664	0.02523	0.29487	0.14239	0.04459	0.07456	0.00685	0.00516	0.00153	0.00432	0.00605	0.00447	0.00710
26	0.00812	0.00681	0.00973	0.00910	0.00964	0.00859	0.00717	0.00950	0.00772	0.01135	0.01144	0.01807	0.01114	0.10552	0.50194	0.00593	0.24600	0.00517	0.00253	0.00454
27	0.01374	0.10245	0.03146	0.03272	0.06247	0.19217	0.04131	0.02431	0.05405	0.14990	0.04156	0.13696	0.05659	0.01789	0.00522	0.00156	0.00545	0.02030	0.00378	0.00614
28	0.01171	0.16647	0.47190	0.01479	0.10642	0.07640	0.03715	0.01588	0.01080	0.03275	0.00869	0.01024	0.00660	0.00460	0.00444	0.00143	0.00683	0.00359	0.00226	0.00703
29	0.01429	0.01614	0.01193	0.01136	0.03923	0.44919	0.00830	0.05232	0.02082	0.01323	0.02845	0.03839	0.01074	0.08714	0.10155	0.00249	0.04534	0.02484	0.01889	0.00537
30	0.00761	0.00551	0.00702	0.00647	0.00778	0.00522	0.00490	0.05203	0.01442	0.02033	0.75066	0.03533	0.04426	0.00982	0.00575	0.00154	0.00249	0.00864	0.00538	0.00484
31	0.01019	0.00873	0.01019	0.00728	0.01165	0.00655	0.00582	0.01237	0.01019	0.01601	0.00873	0.01019	0.00728	0.00364	0.00364	0.00073	0.00364	0.00291	0.00291	0.85734
32	0.06933	0.11512	0.01677	0.04759	0.25347	0.07256	0.02188	0.06186	0.01110	0.03446	0.00853	0.01076	0.00713	0.00516	0.00619	0.00143	0.13715	0.00379	0.00268	0.11303

[dist]
# distance from previous block
# <min> <max>
0	1

[block]
# block no. 14 follows, 51 sequences, length 23
# corresponding to MSA columns:
# 504-526
name=unknown_O
#
# <colnr> <probs for GDERKNQSTAVLIFYWHMCP>
#	G	D	E	R	K	N	Q	S	T	A	V	L	I	F	Y	W	H	M	C	P
0	0.00703	0.00507	0.00679	0.00779	0.00861	0.00490	0.00618	0.00861	0.01044	0.01360	0.02778	0.33150	0.08790	0.04817	0.00729	0.00222	0.00377	0.40364	0.00448	0.00424
1	0.01488	0.09076	0.01401	0.01110	0.04623	0.11689	0.00857	0.22775	0.28961	0.04560	0.04946	0.01462	0.01205	0.00597	0.00472	0.00146	0.00509	0.00466	0.00426	0.03232
2	0.01017	0.08385	0.69428	0.01368	0.02056	0.01192	0.04666	0.01543	0.01039	0.01529	0.00871	0.01030	0.00631	0.00459	0.00457	0.00150	0.00706	0.00362	0.00211	0.02900
3	0.10705	0.01061	0.04248	0.02450	0.22783	0.01019	0.04821	0.08900	0.07731	0.17136	0.03924	0.04878	0.01183	0.00596	0.00483	0.00153	0.00490	0.02774	0.00392	0.04274
4	0.01177	0.20480	0.44959	0.04917	0.01911	0.01320	0.05341	0.04575	0.03609	0.05945	0.00949	0.01075	0.00702	0.00474	0.00443	0.00145	0.00647	0.00371	0.00254	0.00705
5	0.00715	0.00476	0.00536	0.00536	0.00536	0.00476	0.00298	0.00715	0.00715	0.00953	0.01548	0.03216	0.01787	0.82729	0.02501	0.00476	0.00476	0.00715	0.00298	0.00298
6	0.00854	0.00427	0.00640	0.00640	0.00640	0.00427	0.00427	0.00640	0.00640	0.00854	0.00854	0.01494	0.00854	0.01707	0.01921	0.85702	0.00427	0.00427	0.00213	0.00213
7	0.01391	0.01246	0.04902	0.04581	0.09105	0.06281	0.00951	0.17940	0.37426	0.05346	0.01594	0.01573	0.02721	0.00665	0.01916	0.00168	0.00512	0.00498	0.00432	0.00754
8	0.05817	0.01035	0.05339	0.39243	0.28952	0.01076	0.02480	0.01342	0.01028	0.01460	0.01000	0.04568	0.00845	0.00529	0.00486	0.00159	0.00597	0.01951	0.01468	0.00626
9	0.00710	0.00494	0.00624	0.00624	0.00655	0.00524	0.00408	0.00771	0.00741	0.01018	0.01468	0.02768	0.01592	0.55197	0.29768	0.00586	0.00769	0.00649	0.00286	0.00347
10	0.00781	0.00507	0.00561	0.00549	0.00576	0.00513	0.00326	0.03590	0.00810	0.01135	0.01541	0.02979	0.01690	0.70054	0.02174	0.00422	0.00450	0.00674	0.10333	0.00336
11	0.01054	0.01155	0.06454	0.18669	0.04901	0.01092	0.37516	0.04610	0.04061	0.01542	0.01253	0.13021	0.01114	0.00614	0.00552	0.00168	0.00671	0.00644	0.00289	0.00619
12	0.01940	0.01261	0.01404	0.01076	0.01467	0.01353	0.00889	0.61900	0.02118	0.19494	0.01342	0.01285	0.00917	0.00594	0.00492	0.00148	0.00515	0.00453	0.00516	0.00836
13	0.01116	0.01478	0.18527	0.12919	0.17241	0.05735	0.10241	0.01425	0.01000	0.01402	0.00829	0.01146	0.00679	0.00571	0.00807	0.00171	0.23417	0.00429	0.00225	0.00642
14	0.00669	0.00501	0.00717	0.00760	0.00819	0.00549	0.00560	0.00804	0.00853	0.01191	0.01893	0.36415	0.02078	0.02680	0.44019	0.00519	0.03306	0.00897	0.00345	0.00425
15	0.00841	0.00531	0.00638	0.00632	0.00688	0.00529	0.00411	0.04795	0.00900	0.05617	0.01795	0.21784	0.01982	0.45772	0.04787	0.03593	0.00454	0.00825	0.03039	0.00387
16	0.01076	0.01127	0.04447	0.11382	0.14907	0.05905	0.01132	0.01257	0.00899	0.01271	0.00881	0.04609	0.00843	0.04549	0.03222	0.00216	0.40993	0.00479	0.00237	0.00569
17	0.01115	0.00950	0.01489	0.46022	0.19073	0.01086	0.01239	0.08663	0.03063	0.03590	0.00991	0.01327	0.00764	0.00568	0.00567	0.04972	0.00590	0.00442	0.02875	0.00615
18	0.01049	0.28435	0.01466	0.00871	0.01085	0.02955	0.00719	0.01437	0.17540	0.01375	0.01599	0.25690	0.01643	0.03445	0.00645	0.00169	0.08258	0.00698	0.00350	0.00572
19	0.01022	0.00969	0.01644	0.55943	0.28255	0.01117	0.01412	0.01338	0.01027	0.01370	0.00890	0.01280	0.00695	0.00474	0.00490	0.00158	0.00632	0.00437	0.00226	0.00622
20	0.26246	0.01158	0.02353	0.00839	0.01094	0.17886	0.00664	0.05069	0.05696	0.08448	0.03378	0.09880	0.12974	0.00749	0.00458	0.00155	0.00474	0.01531	0.00383	0.00565
21	0.01403	0.07661	0.18655	0.01102	0.01496	0.13568	0.01040	0.14399	0.14063	0.07996	0.02334	0.01435	0.05217	0.00598	0.00520	0.00148	0.04286	0.00448	0.00362	0.03269
22	0.01332	0.05496	0.02427	0.11416	0.12453	0.00917	0.02391	0.02608	0.08694	0.23723	0.13403	0.04550	0.06152	0.00688	0.00519	0.00155	0.01383	0.00590	0.00432	0.00671

[dist]
# distance from previous block
# <min> <max>
1	12

[block]
# block no. 15 follows, 51 sequences, length 14
# corresponding to MSA columns:
# 539-552
name=unknown_P
#
# <colnr> <probs for GDERKNQSTAVLIFYWHMCP>
#	G	D	E	R	K	N	Q	S	T	A	V	L	I	F	Y	W	H	M	C	P
0	0.01361	0.47439	0.02264	0.01502	0.21689	0.10828	0.03413	0.03863	0.01120	0.01350	0.00779	0.00939	0.00679	0.00440	0.00388	0.00121	0.00592	0.00330	0.00233	0.00669
1	0.01233	0.31073	0.18074	0.00940	0.01407	0.01279	0.00959	0.06786	0.01149	0.06325	0.05241	0.01137	0.00924	0.00472	0.00396	0.00116	0.00506	0.00352	0.00291	0.21338
2	0.00716	0.02447	0.07586	0.00708	0.00888	0.00591	0.00589	0.00994	0.08221	0.01441	0.10031	0.26473	0.30662	0.03315	0.00625	0.00183	0.00330	0.03285	0.00437	0.00478
3	0.00686	0.00470	0.00549	0.00577	0.00596	0.00460	0.00351	0.00718	0.00798	0.01053	0.02014	0.19838	0.06427	0.58669	0.01946	0.00393	0.00423	0.03356	0.00345	0.00330
4	0.09640	0.42765	0.01850	0.00864	0.01249	0.01481	0.00784	0.06761	0.08560	0.20029	0.01136	0.01122	0.00855	0.00502	0.00385	0.00129	0.00474	0.00357	0.00359	0.00697
5	0.01166	0.09411	0.20307	0.16222	0.13441	0.03703	0.06507	0.09249	0.01227	0.03567	0.07959	0.01440	0.02603	0.00539	0.00482	0.00150	0.00605	0.00462	0.00292	0.00667
6	0.04900	0.00565	0.00712	0.00693	0.00781	0.00646	0.00528	0.00992	0.00859	0.01393	0.01376	0.03825	0.01263	0.10822	0.34759	0.00452	0.07726	0.00526	0.26742	0.00442
7	0.04588	0.05816	0.00879	0.00742	0.00923	0.00632	0.00566	0.01295	0.01097	0.24900	0.03599	0.39539	0.06454	0.03248	0.00602	0.00183	0.00352	0.03554	0.00477	0.00551
8	0.05588	0.09918	0.13862	0.06306	0.36331	0.04146	0.02964	0.05236	0.05438	0.01644	0.00943	0.01144	0.00755	0.00464	0.00454	0.00143	0.00590	0.00400	0.00264	0.03409
9	0.05887	0.06476	0.04196	0.06305	0.09725	0.06326	0.06997	0.07448	0.04053	0.13631	0.01755	0.08466	0.10111	0.00707	0.00517	0.00156	0.01955	0.02785	0.00376	0.02128
10	0.03496	0.56855	0.09089	0.03985	0.01441	0.09946	0.00943	0.03947	0.01081	0.01304	0.00738	0.00861	0.00639	0.00440	0.00356	0.00115	0.00577	0.00291	0.00229	0.03667
11	0.01218	0.22610	0.28606	0.01310	0.05904	0.15129	0.08363	0.01533	0.01093	0.01360	0.01004	0.01224	0.03579	0.04430	0.00538	0.00154	0.00675	0.00395	0.00235	0.00640
12	0.04381	0.09055	0.11466	0.02479	0.14861	0.06928	0.14017	0.05063	0.07433	0.01573	0.01394	0.02732	0.07925	0.00633	0.00580	0.03203	0.03456	0.01884	0.00296	0.00641
13	0.13055	0.23822	0.16223	0.00913	0.01266	0.04002	0.02114	0.03985	0.01052	0.04475	0.03733	0.13798	0.02339	0.05227	0.00551	0.00166	0.00503	0.01883	0.00311	0.00583

[dist]
# distance from previous block
# <min> <max>
9	14

[block]
# block no. 16 follows, 51 sequences, length 8
# corresponding to MSA columns:
# 599-603,606-608
name=unknown_Q
#
# <colnr> <probs for GDERKNQSTAVLIFYWHMCP>
#	G	D	E	R	K	N	Q	S	T	A	V	L	I	F	Y	W	H	M	C	P
0	0.01138	0.01019	0.01204	0.07276	0.07910	0.06066	0.00808	0.09706	0.01142	0.01614	0.01030	0.06049	0.00936	0.05315	0.00669	0.00143	0.08681	0.00437	0.00304	0.38553
1	0.00768	0.00602	0.00750	0.03721	0.00919	0.00636	0.00571	0.01048	0.10374	0.01414	0.11861	0.21523	0.11796	0.15148	0.03116	0.00252	0.05113	0.09513	0.00416	0.00458
2	0.00695	0.00568	0.00634	0.00684	0.00777	0.04526	0.00498	0.00831	0.01103	0.01419	0.17060	0.39667	0.19649	0.01308	0.00604	0.00183	0.00315	0.08589	0.00461	0.00428
3	0.01343	0.66225	0.09754	0.00942	0.01372	0.10871	0.00945	0.01536	0.01047	0.01199	0.00711	0.00823	0.00630	0.00435	0.00344	0.00112	0.00586	0.00278	0.00215	0.00633
