[name]
unknown

[dist]
# distance from previous block
# <min> <max>
0	46

[block]
# block no. 0 follows, 62 sequences, length 14
# corresponding to MSA columns:
# 74-85,87,88
name=unknown_A
#
# <colnr> <probs for GDERKNQSTAVLIFYWHMCP>
#	G	D	E	R	K	N	Q	S	T	A	V	L	I	F	Y	W	H	M	C	P
0	0.00773	0.00512	0.00790	0.00719	0.00826	0.00492	0.08868	0.00847	0.02578	0.06999	0.06239	0.18380	0.08198	0.05181	0.05191	0.26723	0.00401	0.05613	0.00312	0.00360
1	0.00853	0.00822	0.03938	0.52584	0.02232	0.00963	0.01037	0.04069	0.07402	0.01196	0.00906	0.01330	0.00744	0.03340	0.04135	0.00180	0.10569	0.02983	0.00227	0.00489
2	0.05021	0.06117	0.32363	0.05415	0.05236	0.04366	0.01015	0.03584	0.02115	0.06380	0.01090	0.01179	0.06847	0.00450	0.00384	0.00118	0.00485	0.00354	0.00250	0.17230
3	0.00919	0.11463	0.14572	0.03014	0.01228	0.02347	0.06429	0.09342	0.03908	0.01394	0.01264	0.19455	0.03482	0.00621	0.00413	0.00123	0.00424	0.00533	0.01277	0.17790
4	0.10282	0.01302	0.05876	0.05423	0.05960	0.24336	0.03275	0.10160	0.08296	0.09504	0.00913	0.00999	0.00691	0.00465	0.00448	0.00126	0.05383	0.00340	0.00291	0.05931
5	0.02503	0.02519	0.05800	0.02827	0.03630	0.00793	0.02287	0.13252	0.04146	0.07196	0.11471	0.13010	0.07955	0.04794	0.05391	0.00188	0.09373	0.00597	0.01766	0.00503
6	0.00849	0.00742	0.01125	0.50492	0.04864	0.00870	0.00960	0.09477	0.00965	0.01272	0.01124	0.11493	0.03873	0.00701	0.04311	0.00167	0.02631	0.00499	0.00251	0.03333
7	0.01219	0.16485	0.03783	0.14292	0.06521	0.12273	0.05010	0.14278	0.03919	0.06627	0.00863	0.00994	0.00667	0.00439	0.00417	0.00119	0.03215	0.00340	0.01977	0.06562
8	0.04550	0.00978	0.01051	0.00803	0.01127	0.03288	0.00649	0.36267	0.01359	0.01932	0.00883	0.01016	0.00699	0.04031	0.00477	0.00114	0.03075	0.00329	0.00326	0.37046
9	0.01039	0.10157	0.25136	0.06737	0.04345	0.00960	0.06892	0.06245	0.03795	0.09184	0.02859	0.01186	0.03863	0.00457	0.00423	0.00122	0.02653	0.00375	0.02048	0.11524
10	0.03416	0.07038	0.24400	0.07728	0.12247	0.00980	0.06454	0.01355	0.08600	0.06071	0.06381	0.03017	0.01008	0.00519	0.00490	0.00139	0.06301	0.03013	0.00265	0.00578
11	0.00963	0.00595	0.00728	0.00643	0.00822	0.00581	0.00499	0.03656	0.14900	0.18023	0.41148	0.05166	0.08981	0.00771	0.00474	0.00137	0.00267	0.00664	0.00465	0.00517
12	0.00623	0.00423	0.00552	0.02910	0.00699	0.00398	0.00421	0.00753	0.00960	0.04439	0.26344	0.41694	0.07853	0.03494	0.00557	0.00161	0.00250	0.02637	0.04449	0.00382
13	0.01035	0.07988	0.20364	0.08128	0.08014	0.02764	0.23116	0.02618	0.03735	0.06219	0.00853	0.01049	0.00651	0.00444	0.00538	0.00139	0.10142	0.00390	0.01232	0.00583

[dist]
# distance from previous block
# <min> <max>
0	3

[block]
# block no. 1 follows, 62 sequences, length 8
# corresponding to MSA columns:
# 92-99
name=unknown_B
#
# <colnr> <probs for GDERKNQSTAVLIFYWHMCP>
#	G	D	E	R	K	N	Q	S	T	A	V	L	I	F	Y	W	H	M	C	P
0	0.00649	0.00546	0.00832	0.00825	0.04672	0.00555	0.08009	0.00787	0.00898	0.01231	0.17284	0.37756	0.08057	0.04043	0.03980	0.00188	0.08061	0.00870	0.00353	0.00403
1	0.31683	0.00627	0.00679	0.00604	0.00775	0.00659	0.00459	0.01189	0.03866	0.18419	0.00967	0.01235	0.00788	0.06992	0.00901	0.28728	0.00356	0.00355	0.00299	0.00419
2	0.00920	0.09045	0.34087	0.01111	0.08433	0.02548	0.03998	0.03967	0.02713	0.01361	0.03056	0.05902	0.00837	0.00534	0.02755	0.00134	0.00516	0.00381	0.00234	0.17468
3	0.10885	0.05082	0.09385	0.02468	0.02469	0.07397	0.00726	0.11376	0.08850	0.07723	0.05877	0.08882	0.03265	0.04499	0.02152	0.00159	0.05472	0.00477	0.02322	0.00534
4	0.00675	0.00545	0.00736	0.00702	0.03015	0.00523	0.06324	0.04565	0.05039	0.01361	0.21792	0.20508	0.21432	0.10013	0.00681	0.00175	0.00303	0.00816	0.00383	0.00413
5	0.00595	0.00534	0.06547	0.00617	0.00724	0.00412	0.00486	0.00719	0.00885	0.03867	0.05717	0.54639	0.17661	0.01166	0.00521	0.00162	0.00276	0.03700	0.00386	0.00385
6	0.03029	0.03331	0.07876	0.06885	0.04356	0.11715	0.08671	0.20297	0.04420	0.07472	0.01295	0.05020	0.05541	0.00573	0.00435	0.00135	0.00502	0.05384	0.02489	0.00574
7	0.09033	0.14932	0.08040	0.08757	0.08418	0.10950	0.00887	0.10896	0.08661	0.05499	0.00861	0.00973	0.00671	0.00461	0.00455	0.00127	0.07193	0.00332	0.00268	0.02585

[dist]
# distance from previous block
# <min> <max>
7	22

[block]
# block no. 2 follows, 62 sequences, length 30
# corresponding to MSA columns:
# 132-161
name=unknown_C
#
# <colnr> <probs for GDERKNQSTAVLIFYWHMCP>
#	G	D	E	R	K	N	Q	S	T	A	V	L	I	F	Y	W	H	M	C	P
0	0.00737	0.00429	0.00628	0.00613	0.00619	0.00469	0.00429	0.00616	0.00581	0.00794	0.00809	0.02925	0.00821	0.05175	0.07810	0.67587	0.08127	0.00403	0.00195	0.00231
1	0.03155	0.07105	0.02763	0.00710	0.00910	0.01484	0.00571	0.07231	0.18368	0.09227	0.07726	0.22163	0.10543	0.00815	0.00456	0.00143	0.00325	0.03358	0.00394	0.02554
2	0.00627	0.00479	0.00549	0.00534	0.00661	0.00447	0.00397	0.00867	0.08849	0.03289	0.29793	0.12280	0.35841	0.02805	0.00535	0.00149	0.00233	0.00832	0.00423	0.00409
3	0.00629	0.00508	0.00696	0.02511	0.00797	0.01827	0.00535	0.00756	0.00750	0.01038	0.02987	0.20764	0.07050	0.03434	0.45486	0.00450	0.08470	0.00654	0.00277	0.00381
4	0.00862	0.02144	0.78512	0.01244	0.01862	0.00993	0.05845	0.01348	0.00904	0.01348	0.00769	0.00912	0.00545	0.00402	0.00410	0.00135	0.00634	0.00325	0.00182	0.00626
5	0.01098	0.01277	0.02266	0.01729	0.06404	0.13833	0.64146	0.01412	0.01034	0.01315	0.00826	0.01084	0.00632	0.00372	0.00479	0.00137	0.00714	0.00460	0.00216	0.00567
6	0.00590	0.00433	0.00555	0.00557	0.00644	0.00407	0.00405	0.00786	0.03833	0.01513	0.53984	0.25464	0.07234	0.00996	0.00511	0.00145	0.00219	0.00886	0.00444	0.00394
7	0.00906	0.00505	0.00602	0.00562	0.00686	0.00484	0.00414	0.03212	0.02683	0.16148	0.04118	0.08517	0.11836	0.22990	0.03179	0.00224	0.00339	0.05709	0.16460	0.00426
8	0.00580	0.00479	0.00655	0.00617	0.00743	0.00435	0.06631	0.00721	0.00965	0.01247	0.17648	0.19531	0.36359	0.03257	0.03920	0.00179	0.00310	0.04958	0.00384	0.00381
9	0.01861	0.00773	0.01014	0.00781	0.01109	0.00701	0.00644	0.09548	0.03190	0.73201	0.01618	0.01411	0.01028	0.00526	0.00428	0.00132	0.00372	0.00425	0.00515	0.00723
10	0.01643	0.00675	0.00871	0.00691	0.00970	0.00610	0.00563	0.04403	0.03130	0.61012	0.01597	0.01467	0.01056	0.00521	0.00400	0.00125	0.00330	0.00421	0.18859	0.00654
11	0.00588	0.00401	0.00522	0.00598	0.00650	0.00375	0.00423	0.00685	0.00858	0.03365	0.03526	0.61882	0.07854	0.03409	0.00576	0.00176	0.00267	0.10143	0.03342	0.00362
12	0.01037	0.59851	0.05209	0.12157	0.01426	0.01440	0.06583	0.01222	0.00880	0.01061	0.00841	0.00970	0.04958	0.00412	0.00328	0.00106	0.00483	0.00307	0.00197	0.00531
13	0.00904	0.00613	0.00669	0.00623	0.00781	0.00651	0.00478	0.07431	0.22912	0.04372	0.05948	0.10992	0.06275	0.00728	0.01976	0.00140	0.00289	0.01749	0.31971	0.00500
14	0.45741	0.02303	0.01017	0.00892	0.05429	0.06882	0.06962	0.04496	0.00884	0.09293	0.00777	0.00933	0.00611	0.02811	0.02049	0.00153	0.07663	0.00315	0.00276	0.00514
15	0.00999	0.28853	0.05989	0.30422	0.04442	0.06334	0.03721	0.02795	0.00908	0.01145	0.00762	0.01044	0.00635	0.00438	0.00414	0.00123	0.04170	0.02227	0.04064	0.00516
16	0.00829	0.21559	0.09188	0.00759	0.00979	0.02890	0.02298	0.01117	0.10709	0.01211	0.05852	0.22955	0.06194	0.04206	0.02512	0.00163	0.01753	0.04040	0.00309	0.00476
17	0.02385	0.38935	0.13150	0.05259	0.03991	0.03512	0.00850	0.03752	0.12081	0.01278	0.00895	0.03928	0.00757	0.00445	0.00347	0.00112	0.00457	0.00334	0.02336	0.05195
18	0.00794	0.00675	0.05420	0.02948	0.00897	0.00612	0.00562	0.13890	0.05262	0.03251	0.15946	0.32508	0.13648	0.00949	0.00492	0.00149	0.00308	0.00827	0.00399	0.00463
19	0.01864	0.00714	0.00973	0.00749	0.01071	0.00618	0.00618	0.02030	0.01217	0.79896	0.04453	0.01508	0.01155	0.00538	0.00430	0.00132	0.00357	0.00440	0.00525	0.00713
20	0.00978	0.05729	0.10514	0.07159	0.12303	0.03961	0.10797	0.07649	0.05802	0.03105	0.01754	0.10374	0.01072	0.00719	0.03887	0.01362	0.05130	0.05575	0.01586	0.00544
21	0.02590	0.10860	0.07678	0.05132	0.11223	0.00896	0.04739	0.10471	0.02817	0.07678	0.05032	0.13430	0.04351	0.05058	0.03448	0.00169	0.01838	0.01746	0.00310	0.00535
22	0.00822	0.00486	0.00539	0.00500	0.00619	0.00505	0.02124	0.04306	0.03168	0.01578	0.02736	0.01727	0.06863	0.00553	0.00376	0.00110	0.03885	0.00441	0.68239	0.00422
23	0.00592	0.00442	0.00533	0.00568	0.00649	0.00421	0.00404	0.03412	0.03521	0.01167	0.04020	0.41953	0.26171	0.03557	0.04015	0.04902	0.00298	0.02634	0.00377	0.00366
24	0.04916	0.06930	0.14430	0.04725	0.12852	0.07495	0.20955	0.05060	0.04529	0.04943	0.04069	0.02686	0.00827	0.00454	0.00457	0.00133	0.03288	0.00412	0.00253	0.00582
25	0.01026	0.00973	0.11309	0.20680	0.02756	0.03631	0.09237	0.02533	0.09891	0.13842	0.05716	0.04458	0.06696	0.00569	0.00444	0.00139	0.00469	0.02388	0.02690	0.00550
26	0.00527	0.00380	0.00500	0.00588	0.00624	0.00353	0.00400	0.00613	0.00847	0.01128	0.06786	0.74596	0.06326	0.01292	0.00540	0.00170	0.00247	0.03333	0.00399	0.00351
27	0.01077	0.03291	0.11427	0.11121	0.10357	0.09203	0.08295	0.15655	0.03179	0.02718	0.02426	0.05391	0.03922	0.00671	0.04558	0.00163	0.03760	0.01945	0.00278	0.00563
28	0.04195	0.09415	0.05514	0.17593	0.20993	0.04881	0.04605	0.02655	0.04758	0.11783	0.01049	0.05105	0.02194	0.00510	0.01141	0.00136	0.02209	0.00416	0.00271	0.00578
29	0.00961	0.03418	0.12060	0.32380	0.15392	0.02699	0.18202	0.02287	0.04453	0.02825	0.00843	0.01098	0.00640	0.00409	0.00434	0.00136	0.00583	0.00396	0.00217	0.00566

[dist]
# distance from previous block
# <min> <max>
1	3

[block]
# block no. 3 follows, 62 sequences, length 18
# corresponding to MSA columns:
# 165,166,174-189
name=unknown_D
#
# <colnr> <probs for GDERKNQSTAVLIFYWHMCP>
#	G	D	E	R	K	N	Q	S	T	A	V	L	I	F	Y	W	H	M	C	P
0	0.02535	0.05902	0.01074	0.02825	0.01131	0.02754	0.04334	0.10825	0.01057	0.07576	0.02648	0.05102	0.02510	0.00443	0.00365	0.00094	0.00374	0.00365	0.00300	0.47788
1	0.22527	0.11155	0.12254	0.03518	0.18663	0.10395	0.03670	0.08318	0.01009	0.03750	0.00748	0.00881	0.00585	0.00407	0.00362	0.00124	0.00504	0.00310	0.00244	0.00577
2	0.05247	0.01403	0.01230	0.00993	0.01298	0.23520	0.00798	0.56146	0.01732	0.02205	0.00905	0.00939	0.00665	0.00486	0.00407	0.00123	0.00543	0.00347	0.00363	0.00650
3	0.00975	0.01199	0.24913	0.01039	0.06658	0.05186	0.02901	0.03177	0.04190	0.10048	0.01367	0.17148	0.03922	0.00670	0.00514	0.00142	0.06770	0.02666	0.02471	0.04043
4	0.00817	0.00770	0.01300	0.79718	0.07133	0.00949	0.01188	0.01099	0.00857	0.01103	0.00759	0.01130	0.00573	0.00423	0.00425	0.00141	0.00564	0.00378	0.00190	0.00483
5	0.05858	0.00473	0.00568	0.00544	0.00661	0.00452	0.00412	0.00848	0.03876	0.01612	0.59151	0.06945	0.13220	0.00886	0.00489	0.00139	0.00222	0.02796	0.00440	0.00406
6	0.05397	0.02880	0.04363	0.09817	0.13816	0.02876	0.05406	0.04550	0.05558	0.05592	0.03187	0.06584	0.04100	0.00739	0.01755	0.00160	0.03073	0.19316	0.00312	0.00519
7	0.07827	0.00801	0.01189	0.27129	0.21819	0.00856	0.00935	0.03335	0.03749	0.17962	0.02464	0.01329	0.04066	0.00515	0.01616	0.00141	0.00459	0.00410	0.02819	0.00577
8	0.00536	0.00382	0.00509	0.00596	0.00625	0.00366	0.00405	0.00614	0.00801	0.01071	0.02210	0.71789	0.02622	0.06953	0.05125	0.00217	0.00312	0.04146	0.00377	0.00343
9	0.00976	0.02445	0.14571	0.16976	0.14618	0.02061	0.10772	0.02213	0.10424	0.05377	0.00986	0.01259	0.00784	0.02734	0.05381	0.00179	0.05753	0.01672	0.00250	0.00570
10	0.62133	0.00815	0.00748	0.00629	0.00913	0.00888	0.00519	0.05203	0.00909	0.22444	0.00888	0.00899	0.00624	0.00434	0.00313	0.00131	0.00344	0.00288	0.00338	0.00540
11	0.00647	0.00472	0.00667	0.00719	0.00813	0.00452	0.03296	0.00801	0.00937	0.02715	0.04588	0.30084	0.09571	0.01169	0.00558	0.00179	0.00335	0.41219	0.00392	0.00387
12	0.00687	0.00576	0.01758	0.17140	0.05276	0.00611	0.03088	0.00857	0.00843	0.02379	0.07115	0.21402	0.08104	0.03511	0.19938	0.00282	0.03172	0.00671	0.02172	0.00418
13	0.04420	0.02436	0.07350	0.00883	0.09162	0.03442	0.00638	0.01984	0.00848	0.02482	0.01600	0.31405	0.03967	0.08412	0.08963	0.00227	0.03316	0.03220	0.04814	0.00431
14	0.00853	0.02201	0.82841	0.01213	0.01842	0.00988	0.01572	0.01348	0.00898	0.01348	0.00764	0.00898	0.00539	0.00404	0.00404	0.00135	0.00629	0.00314	0.00180	0.00629
15	0.05255	0.00756	0.00971	0.00755	0.01064	0.00696	0.00619	0.10332	0.01268	0.64955	0.05769	0.01491	0.01160	0.02326	0.00462	0.00137	0.00365	0.00437	0.00497	0.00687
16	0.04280	0.08101	0.03987	0.01864	0.08957	0.00811	0.06433	0.05697	0.11648	0.06507	0.06018	0.21259	0.05871	0.00762	0.00458	0.00145	0.00381	0.05949	0.00350	0.00522
17	0.28253	0.03606	0.21924	0.00891	0.03428	0.00897	0.03811	0.05013	0.00975	0.21323	0.00977	0.01017	0.00685	0.00437	0.00362	0.00130	0.00436	0.00329	0.04917	0.00588

[dist]
# distance from previous block
# <min> <max>
0	4

[block]
# block no. 4 follows, 62 sequences, length 15
# corresponding to MSA columns:
# 194-208
name=unknown_E
#
# <colnr> <probs for GDERKNQSTAVLIFYWHMCP>
#	G	D	E	R	K	N	Q	S	T	A	V	L	I	F	Y	W	H	M	C	P
0	0.01043	0.13863	0.17948	0.17869	0.07843	0.06151	0.07386	0.04796	0.03074	0.05764	0.00914	0.03337	0.00742	0.00471	0.00435	0.00131	0.03070	0.02295	0.02304	0.00562
1	0.00656	0.00464	0.00610	0.00616	0.00681	0.00490	0.00442	0.04687	0.02610	0.01091	0.03855	0.21948	0.06084	0.14342	0.29646	0.09835	0.00605	0.00682	0.00298	0.00356
2	0.02351	0.26690	0.22909	0.02647	0.03655	0.03853	0.05091	0.07157	0.02346	0.04500	0.05375	0.03692	0.00914	0.00477	0.00381	0.00120	0.00493	0.02492	0.00253	0.04604
3	0.03701	0.21465	0.26758	0.06660	0.09865	0.01121	0.05483	0.04948	0.02353	0.05940	0.02298	0.02456	0.02905	0.00452	0.00403	0.00126	0.01874	0.00364	0.00238	0.00587
4	0.01608	0.00673	0.00895	0.00714	0.00992	0.00595	0.00578	0.04379	0.01206	0.62546	0.10018	0.06375	0.06185	0.00638	0.00446	0.00135	0.00334	0.00532	0.00502	0.00649
5	0.00723	0.04298	0.16357	0.03218	0.06426	0.02384	0.02116	0.00972	0.04936	0.01208	0.01875	0.35064	0.08486	0.02334	0.00513	0.00159	0.00390	0.07760	0.00320	0.00460
6	0.01015	0.12739	0.21737	0.08979	0.14718	0.04047	0.12135	0.03768	0.03651	0.03577	0.00921	0.02456	0.00765	0.00470	0.00446	0.00134	0.02872	0.04753	0.00233	0.00583
7	0.05731	0.01870	0.11097	0.02290	0.05001	0.00616	0.02110	0.01007	0.00936	0.10089	0.13151	0.19285	0.13692	0.03532	0.05123	0.00183	0.02791	0.00684	0.00347	0.00467
8	0.00596	0.00444	0.00658	0.00672	0.00741	0.00507	0.00513	0.00737	0.00701	0.01001	0.01302	0.12863	0.01300	0.02941	0.72206	0.00615	0.01019	0.00557	0.00250	0.00375
9	0.01164	0.31662	0.26141	0.00967	0.01384	0.07190	0.03767	0.09928	0.03528	0.06827	0.00861	0.03264	0.00688	0.00442	0.00368	0.00118	0.00525	0.00332	0.00248	0.00597
10	0.02243	0.09266	0.03939	0.07357	0.11857	0.06619	0.12716	0.15942	0.05639	0.09112	0.02782	0.05132	0.02022	0.00520	0.00430	0.00132	0.00501	0.02885	0.00310	0.00596
11	0.00626	0.00569	0.04915	0.00614	0.02823	0.02221	0.00469	0.00759	0.00931	0.03589	0.06053	0.24149	0.40431	0.02406	0.03255	0.00171	0.00305	0.02484	0.02835	0.00394
12	0.00523	0.00388	0.00490	0.00566	0.00618	0.00354	0.00390	0.00611	0.00861	0.01123	0.05133	0.64351	0.18072	0.01265	0.00536	0.00167	0.00244	0.03560	0.00397	0.00351
13	0.05847	0.03914	0.30354	0.03558	0.22181	0.03208	0.07192	0.06661	0.00995	0.04807	0.00883	0.03788	0.00713	0.02642	0.00467	0.00140	0.01421	0.00386	0.00236	0.00607
14	0.02590	0.15585	0.26092	0.07359	0.09637	0.03506	0.06579	0.03523	0.03956	0.04557	0.02111	0.05362	0.00792	0.00462	0.00405	0.00125	0.01335	0.00384	0.00239	0.05401

[dist]
# distance from previous block
# <min> <max>
0	12

[block]
# block no. 5 follows, 62 sequences, length 17
# corresponding to MSA columns:
# 221-237
name=unknown_F
#
# <colnr> <probs for GDERKNQSTAVLIFYWHMCP>
#	G	D	E	R	K	N	Q	S	T	A	V	L	I	F	Y	W	H	M	C	P
0	0.04503	0.56524	0.11432	0.00848	0.01212	0.17075	0.00835	0.01363	0.00928	0.01084	0.00624	0.00724	0.00542	0.00384	0.00309	0.00101	0.00530	0.00247	0.00192	0.00542
1	0.02817	0.01288	0.24992	0.00959	0.02765	0.03024	0.06202	0.09311	0.01020	0.02529	0.00799	0.00922	0.00614	0.00373	0.00369	0.00101	0.00465	0.00305	0.00248	0.40899
2	0.01219	0.00855	0.00949	0.00824	0.01056	0.05277	0.02519	0.04948	0.39352	0.20557	0.04526	0.09479	0.01415	0.04397	0.00521	0.00153	0.00370	0.00540	0.00428	0.00616
3	0.01497	0.09512	0.01298	0.04486	0.01354	0.63914	0.00822	0.06917	0.04220	0.01176	0.00720	0.00822	0.00588	0.00441	0.00380	0.00112	0.00694	0.00289	0.00236	0.00519
4	0.01003	0.00781	0.04340	0.00847	0.01064	0.02876	0.07977	0.07136	0.12342	0.13460	0.03705	0.13738	0.09222	0.03962	0.00553	0.00163	0.00395	0.15527	0.00388	0.00520
5	0.04705	0.00711	0.00845	0.03859	0.01015	0.00677	0.00570	0.12179	0.04868	0.18126	0.08801	0.06253	0.12408	0.00701	0.02163	0.00136	0.00349	0.03209	0.00389	0.18035
6	0.00908	0.00566	0.00653	0.00581	0.00758	0.02804	0.00446	0.02654	0.01080	0.19001	0.22097	0.08283	0.29363	0.03116	0.01912	0.00152	0.00292	0.00715	0.00425	0.04195
7	0.00953	0.00769	0.02391	0.33584	0.04608	0.00888	0.00896	0.07419	0.02946	0.07410	0.00990	0.08718	0.00867	0.00731	0.01884	0.09998	0.13752	0.00458	0.00259	0.00480
8	0.01017	0.00982	0.01701	0.13759	0.67766	0.01005	0.04969	0.01278	0.00954	0.01347	0.00797	0.01069	0.00658	0.00385	0.00426	0.00129	0.00524	0.00385	0.00208	0.00642
9	0.00818	0.00784	0.01364	0.78184	0.02880	0.00955	0.06839	0.01107	0.00862	0.01107	0.00764	0.01135	0.00573	0.00421	0.00431	0.00142	0.00578	0.00387	0.00191	0.00480
10	0.00908	0.00810	0.01273	0.31159	0.27487	0.00883	0.02063	0.08634	0.01005	0.01348	0.01232	0.09620	0.05758	0.00626	0.01929	0.00151	0.00491	0.03825	0.00260	0.00537
11	0.00591	0.00442	0.00502	0.00484	0.00616	0.00384	0.00364	0.00733	0.01058	0.04394	0.31693	0.05603	0.49632	0.00990	0.00501	0.00140	0.00217	0.00842	0.00426	0.00387
12	0.09420	0.00814	0.00993	0.00775	0.01093	0.00785	0.00638	0.15223	0.04615	0.57412	0.01470	0.01318	0.00956	0.00514	0.00411	0.00131	0.00373	0.00405	0.01961	0.00693
13	0.00655	0.00459	0.00581	0.06477	0.00818	0.00430	0.00463	0.00788	0.00953	0.06616	0.10987	0.28458	0.29888	0.01044	0.00506	0.00154	0.00272	0.07202	0.02856	0.00395
14	0.00784	0.00530	0.00720	0.04623	0.00871	0.00553	0.01447	0.02060	0.02561	0.11185	0.02008	0.46772	0.07335	0.04097	0.03756	0.00192	0.08829	0.00884	0.00368	0.00425
15	0.00874	0.00807	0.01331	0.19046	0.45669	0.00838	0.01052	0.01100	0.00942	0.01299	0.06938	0.11965	0.05176	0.00579	0.00447	0.00137	0.00450	0.00537	0.00257	0.00556
16	0.04783	0.00913	0.01092	0.04291	0.01229	0.00938	0.00713	0.31930	0.02505	0.36225	0.01321	0.01256	0.02552	0.00522	0.00454	0.00130	0.03602	0.00402	0.00435	0.04707

[dist]
# distance from previous block
# <min> <max>
0	25

[block]
# block no. 6 follows, 62 sequences, length 69
# corresponding to MSA columns:
# 263-331
name=unknown_G
#
# <colnr> <probs for GDERKNQSTAVLIFYWHMCP>
#	G	D	E	R	K	N	Q	S	T	A	V	L	I	F	Y	W	H	M	C	P
0	0.00878	0.00775	0.00873	0.10438	0.01172	0.05364	0.02042	0.06665	0.21448	0.01458	0.06426	0.07995	0.17754	0.00747	0.01175	0.00142	0.00373	0.05222	0.00359	0.08697
1	0.02131	0.07635	0.04478	0.00915	0.05454	0.02684	0.05459	0.11495	0.03173	0.14343	0.09511	0.12254	0.02288	0.00609	0.00451	0.00126	0.02823	0.00514	0.00349	0.13310
2	0.02792	0.16425	0.35697	0.01052	0.05537	0.01036	0.02995	0.06892	0.03356	0.09057	0.05258	0.04158	0.02965	0.00493	0.00398	0.00128	0.00497	0.00396	0.00270	0.00600
3	0.04131	0.00727	0.00957	0.00745	0.01059	0.00652	0.00613	0.03319	0.04270	0.72385	0.02949	0.01459	0.01091	0.00529	0.00421	0.00131	0.00355	0.00429	0.03077	0.00700
4	0.00591	0.00444	0.00479	0.00469	0.00611	0.00377	0.00352	0.00708	0.00996	0.05691	0.11342	0.08952	0.65404	0.01044	0.00501	0.00144	0.00224	0.00880	0.00409	0.00382
5	0.01133	0.09395	0.10263	0.13825	0.16370	0.09325	0.04516	0.07333	0.09892	0.05996	0.00918	0.01055	0.00706	0.00438	0.00425	0.00126	0.02539	0.00360	0.00262	0.05124
6	0.07289	0.01200	0.29030	0.00951	0.04290	0.00770	0.00934	0.03162	0.00980	0.27882	0.01225	0.09686	0.00969	0.00684	0.02974	0.04656	0.01950	0.00449	0.00329	0.00590
7	0.00520	0.00377	0.00492	0.00580	0.00615	0.00348	0.00390	0.00601	0.00838	0.01112	0.05216	0.76661	0.08078	0.01300	0.00539	0.00170	0.00243	0.01174	0.00398	0.00348
8	0.01133	0.01173	0.00935	0.02090	0.01054	0.32071	0.00653	0.03313	0.16252	0.03426	0.17001	0.07429	0.03969	0.00648	0.00470	0.00130	0.03737	0.00509	0.03506	0.00501
9	0.01113	0.15192	0.28232	0.01186	0.11304	0.03917	0.02326	0.13084	0.04250	0.06146	0.03676	0.01207	0.00849	0.00521	0.01864	0.00137	0.00526	0.03583	0.00271	0.00615
10	0.00615	0.00476	0.00678	0.00683	0.00738	0.00548	0.00516	0.00735	0.00712	0.01006	0.01435	0.19875	0.03248	0.07404	0.51378	0.00500	0.08181	0.00633	0.00266	0.00372
11	0.00529	0.00378	0.00504	0.00589	0.00623	0.00353	0.00400	0.00618	0.00856	0.01151	0.10372	0.75452	0.02930	0.01284	0.00540	0.00169	0.00244	0.02253	0.00402	0.00352
12	0.01077	0.29980	0.20914	0.02367	0.21316	0.01233	0.07836	0.03495	0.02435	0.04452	0.00783	0.00924	0.00623	0.00392	0.00374	0.00118	0.00526	0.00327	0.00216	0.00612
13	0.00941	0.02017	0.01087	0.07217	0.11154	0.05455	0.06353	0.06368	0.17599	0.03276	0.08463	0.07098	0.13187	0.03855	0.01662	0.00157	0.02670	0.00573	0.00337	0.00530
14	0.00860	0.00661	0.00679	0.00617	0.00704	0.05622	0.00420	0.14728	0.02743	0.01237	0.05411	0.02286	0.01438	0.54375	0.06180	0.00339	0.00472	0.00552	0.00298	0.00377
15	0.00727	0.00573	0.00790	0.00739	0.00915	0.00534	0.03702	0.01885	0.00929	0.01293	0.07320	0.05564	0.03878	0.01262	0.14906	0.00240	0.00495	0.32700	0.00329	0.21221
16	0.07504	0.01091	0.01091	0.00907	0.01179	0.13618	0.03959	0.22372	0.21012	0.14219	0.04451	0.04517	0.01077	0.00550	0.00421	0.00133	0.00447	0.00439	0.00392	0.00624
17	0.01138	0.85302	0.02230	0.00728	0.01092	0.01684	0.00728	0.01274	0.00865	0.01001	0.00592	0.00683	0.00546	0.00364	0.00273	0.00091	0.00455	0.00228	0.00182	0.00546
18	0.01067	0.00782	0.01200	0.00942	0.01182	0.01716	0.16563	0.01298	0.04880	0.17990	0.12046	0.01599	0.03653	0.03360	0.03768	0.03572	0.11102	0.00477	0.00331	0.12473
19	0.04327	0.07927	0.69703	0.01129	0.01710	0.01017	0.01420	0.01376	0.00906	0.05571	0.00792	0.00904	0.00563	0.00407	0.00391	0.00131	0.00591	0.00311	0.00201	0.00621
20	0.09840	0.00784	0.00985	0.00763	0.01087	0.00731	0.00630	0.10554	0.01257	0.66545	0.01507	0.01332	0.00963	0.00513	0.00412	0.00131	0.00371	0.00405	0.00491	0.00700
21	0.00739	0.00370	0.00554	0.00554	0.00554	0.00370	0.00370	0.00554	0.00554	0.00739	0.00739	0.01293	0.00739	0.01478	0.01663	0.87620	0.00370	0.00370	0.00185	0.00185
22	0.01095	0.00798	0.04206	0.08381	0.01243	0.02013	0.05164	0.08450	0.04332	0.18423	0.01485	0.15656	0.01362	0.00748	0.00579	0.00154	0.10298	0.10992	0.04090	0.00532
23	0.01830	0.01922	0.67183	0.01189	0.01731	0.00948	0.06285	0.01280	0.00895	0.01330	0.00905	0.05429	0.00741	0.00490	0.00450	0.00141	0.02848	0.03605	0.00203	0.00595
24	0.00625	0.00400	0.00535	0.00606	0.00656	0.00370	0.00417	0.00712	0.00860	0.07040	0.05037	0.74580	0.02721	0.01256	0.00534	0.00169	0.00256	0.02441	0.00407	0.00376
25	0.04622	0.00795	0.00961	0.00753	0.01048	0.00775	0.00617	0.21509	0.01352	0.47695	0.02915	0.01366	0.01010	0.00520	0.00406	0.00126	0.00363	0.00412	0.12089	0.00665
26	0.03007	0.39176	0.32935	0.01022	0.04710	0.05347	0.01081	0.04166	0.00931	0.01232	0.00684	0.00802	0.00553	0.00398	0.00365	0.00114	0.02420	0.00278	0.00195	0.00583
27	0.00540	0.00400	0.00508	0.00582	0.00634	0.00375	0.00402	0.00661	0.03267	0.01146	0.05948	0.65985	0.13396	0.01253	0.00534	0.00167	0.00247	0.03195	0.00399	0.00361
28	0.00608	0.00455	0.00677	0.00677	0.00750	0.00528	0.00523	0.00755	0.00682	0.00983	0.01146	0.01707	0.01079	0.05816	0.80756	0.00675	0.01116	0.00461	0.00229	0.00376
29	0.00889	0.00544	0.00710	0.00639	0.00797	0.00499	0.03881	0.05130	0.01037	0.17678	0.11566	0.23631	0.23245	0.07001	0.00614	0.00166	0.00300	0.00804	0.00414	0.00455
30	0.01320	0.04585	0.05567	0.03922	0.04339	0.07603	0.08779	0.31678	0.11412	0.08192	0.01152	0.05253	0.00909	0.01911	0.00459	0.00137	0.00492	0.01303	0.00354	0.00632
31	0.00913	0.01243	0.27678	0.01170	0.01547	0.00825	0.25868	0.01233	0.00950	0.07304	0.04494	0.14039	0.01147	0.00574	0.00471	0.00141	0.02059	0.00545	0.07257	0.00544
32	0.33456	0.01012	0.03658	0.01006	0.01278	0.06855	0.20640	0.04158	0.01786	0.04281	0.00856	0.01848	0.00717	0.03649	0.00543	0.00151	0.08306	0.03734	0.01561	0.00505
33	0.00903	0.22829	0.10743	0.04236	0.01173	0.02435	0.05703	0.01102	0.00923	0.06316	0.02782	0.20201	0.01527	0.00769	0.00447	0.00144	0.00433	0.16545	0.00301	0.00487
34	0.00665	0.00483	0.00688	0.00673	0.00749	0.00549	0.00514	0.04174	0.00745	0.01057	0.03727	0.03238	0.01170	0.07395	0.63416	0.07531	0.02130	0.00478	0.00245	0.00374
35	0.07184	0.06361	0.12239	0.01182	0.12682	0.02928	0.06162	0.21206	0.01230	0.14709	0.00999	0.01131	0.00748	0.01723	0.00429	0.00129	0.00479	0.01963	0.00320	0.06196
36	0.01022	0.01089	0.02109	0.04539	0.32447	0.02293	0.43954	0.01324	0.00975	0.01346	0.00819	0.01097	0.00649	0.00385	0.00504	0.00138	0.04052	0.00443	0.00212	0.00603
37	0.03177	0.00818	0.01039	0.00798	0.01128	0.00767	0.00659	0.17580	0.01364	0.65708	0.01533	0.01353	0.00979	0.00522	0.00425	0.00131	0.00382	0.00416	0.00503	0.00720
38	0.01240	0.00582	0.00763	0.00672	0.02347	0.00510	0.00514	0.01387	0.01105	0.42475	0.12918	0.13627	0.18463	0.00794	0.00469	0.00140	0.00297	0.00676	0.00468	0.00553
39	0.05222	0.00521	0.00652	0.00601	0.00650	0.00559	0.03531	0.03050	0.00689	0.00988	0.01204	0.02319	0.01316	0.60112	0.11682	0.00399	0.05378	0.00553	0.00254	0.00321
40	0.01124	0.00506	0.00582	0.00511	0.00679	0.00481	0.00401	0.03102	0.01008	0.24293	0.01461	0.01535	0.01072	0.00505	0.00337	0.00109	0.00250	0.00405	0.61144	0.00496
41	0.00637	0.00423	0.00581	0.00641	0.00703	0.00413	0.00475	0.00745	0.00859	0.04823	0.06475	0.47567	0.02436	0.02444	0.10521	0.03241	0.00390	0.15880	0.00376	0.00372
42	0.05414	0.02090	0.75357	0.01170	0.01768	0.00999	0.01484	0.04479	0.00933	0.01429	0.00765	0.00892	0.00542	0.00408	0.00398	0.00134	0.00607	0.00313	0.00194	0.00624
43	0.00872	0.04502	0.73104	0.01217	0.01797	0.01028	0.04637	0.01329	0.00889	0.01321	0.00752	0.00904	0.00544	0.00419	0.00456	0.00137	0.04973	0.00322	0.00181	0.00616
44	0.00628	0.00418	0.00552	0.00585	0.00658	0.00389	0.00424	0.00764	0.00986	0.04835	0.31143	0.43679	0.03093	0.01094	0.00518	0.00156	0.00243	0.06230	0.03218	0.00387
45	0.00592	0.00449	0.00536	0.00568	0.00662	0.00417	0.00415	0.04818	0.00980	0.01267	0.10999	0.39202	0.29246	0.01146	0.00523	0.00159	0.00254	0.06984	0.00404	0.00379
46	0.00546	0.00394	0.00521	0.00598	0.00645	0.00369	0.00423	0.00651	0.00890	0.01190	0.12985	0.62451	0.06063	0.01245	0.00541	0.00169	0.00255	0.09300	0.00404	0.00358
47	0.00951	0.00722	0.00890	0.00779	0.00947	0.00778	0.03394	0.15706	0.10084	0.07442	0.05053	0.19678	0.18598	0.00877	0.01361	0.00156	0.10994	0.00700	0.00383	0.00507
48	0.01307	0.01287	0.01408	0.04527	0.01478	0.28458	0.18882	0.10752	0.03765	0.09842	0.03010	0.06335	0.00955	0.00540	0.00471	0.00134	0.02890	0.03108	0.00302	0.00552
49	0.00921	0.00779	0.00903	0.00648	0.01025	0.00606	0.00520	0.05223	0.00940	0.01454	0.00770	0.00890	0.00635	0.00325	0.00321	0.00066	0.00323	0.00259	0.00261	0.83131
50	0.01069	0.01133	0.05346	0.00998	0.01160	0.19235	0.06517	0.02473	0.08177	0.04473	0.01054	0.03959	0.03993	0.05639	0.04342	0.04731	0.24530	0.00434	0.00256	0.00483
51	0.01490	0.05709	0.03528	0.00906	0.01159	0.35473	0.00732	0.06312	0.01186	0.23863	0.05174	0.02108	0.03348	0.00527	0.00443	0.00122	0.03956	0.00383	0.03016	0.00563
52	0.02996	0.05117	0.01005	0.00800	0.00934	0.00871	0.00641	0.05595	0.03124	0.01174	0.00811	0.04324	0.00763	0.00966	0.06912	0.18701	0.26799	0.00379	0.00233	0.17854
53	0.08790	0.00809	0.00717	0.03163	0.00876	0.17481	0.00527	0.03651	0.00923	0.03018	0.01652	0.38650	0.03568	0.09448	0.02099	0.00186	0.00417	0.03291	0.00328	0.00405
54	0.00674	0.00511	0.00673	0.00649	0.00740	0.00558	0.00497	0.00842	0.03967	0.03874	0.09728	0.07919	0.17079	0.07959	0.33302	0.00381	0.08244	0.01693	0.00313	0.00398
55	0.00869	0.00761	0.01101	0.04329	0.01078	0.00960	0.05414	0.00995	0.00761	0.04320	0.05198	0.04576	0.03364	0.08318	0.05812	0.00218	0.45341	0.00478	0.05664	0.00444
56	0.01087	0.00791	0.02653	0.10204	0.01532	0.00734	0.26397	0.01312	0.01010	0.23087	0.04806	0.19319	0.03780	0.00663	0.00481	0.00146	0.00467	0.00640	0.00350	0.00542
57	0.00953	0.00818	0.01407	0.47097	0.14635	0.00918	0.09842	0.01208	0.00906	0.08521	0.00926	0.04441	0.00745	0.02368	0.00510	0.00147	0.03360	0.00434	0.00235	0.00527
58	0.00602	0.00431	0.00580	0.00610	0.00674	0.00454	0.00445	0.02144	0.00782	0.01095	0.01782	0.31128	0.06617	0.06654	0.37458	0.00406	0.00652	0.00752	0.06368	0.00367
59	0.24038	0.00750	0.00894	0.00706	0.01019	0.00710	0.00583	0.01862	0.01091	0.61936	0.01400	0.01254	0.00901	0.00493	0.00386	0.00132	0.00354	0.00377	0.00459	0.00656
60	0.04468	0.16695	0.62572	0.01089	0.01644	0.01111	0.01348	0.01361	0.03605	0.01324	0.00759	0.00875	0.00563	0.00403	0.00376	0.00127	0.00576	0.00301	0.00192	0.00609
61	0.00620	0.00488	0.00568	0.00555	0.00676	0.00467	0.00412	0.00907	0.11651	0.01460	0.36801	0.14354	0.27531	0.00958	0.00499	0.00144	0.00229	0.00831	0.00431	0.00417
62	0.00916	0.00725	0.02732	0.13694	0.15328	0.00737	0.04838	0.01152	0.04835	0.11042	0.04722	0.25696	0.01500	0.00787	0.01987	0.00158	0.05713	0.00655	0.02272	0.00512
63	0.00667	0.00459	0.00663	0.00656	0.00736	0.00517	0.00501	0.00807	0.00711	0.04334	0.01214	0.03552	0.01142	0.09572	0.68361	0.00605	0.00993	0.00482	0.03644	0.00384
64	0.01009	0.00813	0.00885	0.00806	0.01023	0.00907	0.00633	0.06363	0.55490	0.04487	0.04348	0.04888	0.08372	0.00700	0.00457	0.00148	0.00332	0.07301	0.00429	0.00608
65	0.01051	0.00784	0.02451	0.01001	0.01253	0.00735	0.21670	0.10774	0.01119	0.15418	0.03093	0.17251	0.07383	0.00759	0.00493	0.00151	0.00438	0.11308	0.02338	0.00530
66	0.58193	0.00882	0.00777	0.00657	0.00938	0.05341	0.00538	0.05441	0.00933	0.21489	0.00881	0.00895	0.00622	0.00435	0.00318	0.00130	0.00368	0.00288	0.00333	0.00539
67	0.47100	0.10214	0.06309	0.08441	0.01174	0.02837	0.00675	0.03524	0.11933	0.01667	0.00818	0.02275	0.00648	0.00440	0.00324	0.00130	0.00398	0.00305	0.00271	0.00517
68	0.00928	0.00666	0.02553	0.03568	0.00948	0.00661	0.00574	0.11072	0.12002	0.10657	0.09066	0.23280	0.07329	0.03208	0.09093	0.00209	0.00412	0.01665	0.00391	0.01718

[dist]
# distance from previous block
# <min> <max>
2	14

[block]
# block no. 7 follows, 62 sequences, length 12
# corresponding to MSA columns:
# 354-365
name=unknown_H
#
# <colnr> <probs for GDERKNQSTAVLIFYWHMCP>
#	G	D	E	R	K	N	Q	S	T	A	V	L	I	F	Y	W	H	M	C	P
0	0.01808	0.00886	0.01088	0.00834	0.01167	0.00865	0.00689	0.29343	0.01488	0.55035	0.01452	0.01301	0.00939	0.00521	0.00427	0.00130	0.00399	0.00412	0.00492	0.00724
1	0.00778	0.00691	0.01089	0.26430	0.23695	0.00743	0.00889	0.01009	0.02498	0.01243	0.08025	0.12760	0.09377	0.00834	0.06305	0.00179	0.00472	0.00581	0.01912	0.00490
2	0.01144	0.00948	0.01487	0.06637	0.50775	0.00968	0.02730	0.09072	0.05990	0.09078	0.03134	0.02694	0.00905	0.00465	0.00432	0.00132	0.00472	0.01999	0.00287	0.00652
3	0.00746	0.00589	0.00864	0.11259	0.01109	0.00709	0.00682	0.00947	0.03521	0.04066	0.05349	0.01724	0.01161	0.02073	0.46461	0.00450	0.13095	0.04510	0.00256	0.00428
4	0.00613	0.00434	0.00572	0.00572	0.00610	0.00471	0.00393	0.00688	0.00651	0.00905	0.01242	0.02236	0.01309	0.44681	0.42205	0.00546	0.00771	0.00538	0.00243	0.00318
5	0.03480	0.00763	0.05372	0.00710	0.00948	0.00692	0.00595	0.17255	0.01191	0.26231	0.01499	0.14955	0.01240	0.00694	0.02158	0.00142	0.00357	0.00529	0.20624	0.00567
6	0.01068	0.00937	0.01640	0.27881	0.03783	0.00994	0.28316	0.10500	0.03004	0.08520	0.05185	0.01262	0.00854	0.00459	0.00492	0.00141	0.03677	0.00448	0.00275	0.00563
7	0.01535	0.00811	0.00987	0.00787	0.01072	0.00804	0.00639	0.20491	0.10719	0.41646	0.14258	0.01637	0.01472	0.00583	0.00440	0.00133	0.00359	0.00478	0.00483	0.00667
8	0.00675	0.00460	0.00559	0.00554	0.00664	0.00423	0.00406	0.04003	0.01047	0.06173	0.27136	0.28823	0.22644	0.01020	0.00501	0.00147	0.00239	0.00892	0.03228	0.00405
9	0.00962	0.09576	0.27744	0.08585	0.28136	0.05327	0.03830	0.01271	0.00947	0.01300	0.04987	0.03766	0.00842	0.00448	0.00410	0.00128	0.00542	0.00389	0.00216	0.00593
10	0.00589	0.00437	0.00556	0.00631	0.00688	0.00429	0.00450	0.00777	0.07882	0.01166	0.02328	0.61585	0.05747	0.03686	0.00585	0.00179	0.00277	0.11236	0.00394	0.00378
11	0.01187	0.03918	0.01051	0.00948	0.05120	0.28916	0.03897	0.06928	0.15803	0.01447	0.01150	0.05467	0.00951	0.00520	0.00386	0.00120	0.00483	0.00409	0.20774	0.00525

[dist]
# distance from previous block
# <min> <max>
1	19

[block]
# block no. 8 follows, 62 sequences, length 19
# corresponding to MSA columns:
# 385-403
name=unknown_I
#
# <colnr> <probs for GDERKNQSTAVLIFYWHMCP>
#	G	D	E	R	K	N	Q	S	T	A	V	L	I	F	Y	W	H	M	C	P
0	0.04180	0.18680	0.01427	0.12892	0.10636	0.13235	0.02242	0.08090	0.05026	0.07236	0.03145	0.01042	0.00759	0.00475	0.00447	0.02273	0.03548	0.00343	0.00264	0.04061
1	0.01164	0.04159	0.01011	0.04067	0.01112	0.37502	0.00691	0.04719	0.03298	0.01174	0.00899	0.01136	0.00765	0.01120	0.19421	0.02845	0.03748	0.00349	0.10358	0.00462
2	0.00713	0.00522	0.00657	0.03999	0.00845	0.00521	0.00519	0.02560	0.09582	0.03611	0.11573	0.28999	0.08485	0.04603	0.00578	0.00169	0.00306	0.16084	0.02145	0.03530
3	0.03969	0.00773	0.01267	0.75136	0.05042	0.00963	0.01148	0.01097	0.00841	0.01123	0.00743	0.01107	0.00566	0.00437	0.00461	0.00143	0.04141	0.00373	0.00192	0.00478
4	0.17832	0.00834	0.00971	0.00764	0.01080	0.00828	0.00630	0.16104	0.04356	0.50194	0.01361	0.01236	0.00893	0.00501	0.00397	0.00131	0.00374	0.00385	0.00456	0.00673
5	0.00646	0.00424	0.00608	0.00632	0.00687	0.00411	0.03193	0.00708	0.00781	0.04324	0.01833	0.51014	0.02070	0.05668	0.09952	0.11970	0.00390	0.00899	0.03442	0.00348
6	0.00618	0.00433	0.00617	0.00623	0.00674	0.00481	0.00455	0.00701	0.00667	0.00938	0.01214	0.07209	0.01234	0.18283	0.54268	0.09621	0.00865	0.00526	0.00240	0.00334
7	0.88052	0.00823	0.00625	0.00560	0.00823	0.00955	0.00461	0.01251	0.00724	0.01909	0.00592	0.00691	0.00461	0.00395	0.00263	0.00132	0.00329	0.00230	0.00263	0.00461
8	0.00546	0.00411	0.00500	0.00553	0.00619	0.00381	0.00384	0.00670	0.03277	0.01162	0.09268	0.50398	0.21998	0.05765	0.00616	0.00175	0.00249	0.02276	0.00395	0.00359
9	0.00782	0.00659	0.00972	0.07773	0.25039	0.01731	0.00744	0.00977	0.03105	0.01181	0.01393	0.08358	0.06556	0.12838	0.18203	0.00290	0.00567	0.02131	0.06235	0.00464
10	0.00619	0.00485	0.00709	0.00747	0.02346	0.00469	0.05706	0.00791	0.03810	0.01211	0.07351	0.47946	0.06342	0.01204	0.02867	0.00184	0.00334	0.16105	0.00381	0.00393
11	0.01151	0.00692	0.00793	0.00678	0.00885	0.00714	0.00535	0.14892	0.15576	0.17290	0.16589	0.03582	0.01644	0.00607	0.00412	0.00126	0.00301	0.00503	0.22468	0.00563
12	0.03200	0.00841	0.00898	0.00763	0.01012	0.03702	0.00606	0.12781	0.30708	0.20534	0.01717	0.01626	0.07454	0.00576	0.00413	0.00132	0.00348	0.00464	0.11603	0.00621
13	0.04263	0.04031	0.04699	0.03299	0.01290	0.10038	0.07040	0.26195	0.12064	0.09737	0.05694	0.04323	0.04317	0.00557	0.00428	0.00132	0.00465	0.00456	0.00366	0.00608
14	0.01224	0.01024	0.01321	0.12670	0.11042	0.11929	0.07796	0.07859	0.01042	0.15911	0.01012	0.06214	0.00833	0.01712	0.00641	0.00147	0.16333	0.00437	0.00291	0.00561
15	0.00554	0.00428	0.00539	0.00570	0.00655	0.00390	0.02502	0.01771	0.00896	0.01155	0.04310	0.47179	0.29794	0.03241	0.00562	0.00166	0.00257	0.02618	0.02050	0.00362
16	0.08890	0.02581	0.00815	0.03048	0.00950	0.05779	0.00553	0.07158	0.01994	0.22526	0.03330	0.22536	0.08741	0.00767	0.00440	0.00139	0.00349	0.02514	0.02875	0.04019
17	0.04366	0.07126	0.01483	0.02589	0.14592	0.08807	0.14812	0.12214	0.03792	0.17422	0.01124	0.04908	0.01960	0.00486	0.00422	0.00128	0.00500	0.00430	0.00322	0.02518
18	0.01188	0.07970	0.03733	0.03344	0.12893	0.09906	0.02014	0.20621	0.06400	0.05526	0.02304	0.09910	0.02107	0.00634	0.01289	0.00141	0.05264	0.03852	0.00321	0.00582

[dist]
# distance from previous block
# <min> <max>
6	45

[block]
# block no. 9 follows, 62 sequences, length 16
# corresponding to MSA columns:
# 449-464
name=unknown_J
#
# <colnr> <probs for GDERKNQSTAVLIFYWHMCP>
#	G	D	E	R	K	N	Q	S	T	A	V	L	I	F	Y	W	H	M	C	P
0	0.05144	0.05992	0.08276	0.02173	0.09157	0.08448	0.06929	0.07256	0.01092	0.25363	0.01187	0.03457	0.02564	0.00505	0.00452	0.00129	0.04479	0.00407	0.06390	0.00600
1	0.01050	0.01079	0.15070	0.04374	0.04684	0.00901	0.12313	0.15937	0.07035	0.08169	0.04868	0.12912	0.05412	0.00635	0.00492	0.00143	0.03463	0.00556	0.00332	0.00576
2	0.00693	0.02460	0.00623	0.00601	0.00644	0.00458	0.00428	0.00689	0.01873	0.02314	0.08534	0.24913	0.04932	0.03232	0.01096	0.38398	0.04131	0.03386	0.00294	0.00301
3	0.01737	0.00803	0.00975	0.00770	0.01076	0.04436	0.00628	0.06443	0.06644	0.63732	0.01698	0.01513	0.04323	0.00547	0.00426	0.00131	0.00375	0.00440	0.02615	0.00687
4	0.06336	0.08633	0.02527	0.02052	0.04999	0.00878	0.03539	0.06804	0.18155	0.22492	0.01578	0.07953	0.05556	0.00639	0.00455	0.02191	0.00382	0.03853	0.00385	0.00593
5	0.01153	0.07723	0.22054	0.05266	0.11683	0.05924	0.04799	0.12038	0.04637	0.09917	0.02103	0.03912	0.00831	0.00478	0.00412	0.00128	0.00511	0.01573	0.00286	0.04573
6	0.01157	0.01027	0.01705	0.08490	0.21214	0.04888	0.27088	0.09135	0.01104	0.10561	0.03537	0.03980	0.00871	0.00466	0.00480	0.00137	0.02818	0.00460	0.00281	0.00601
7	0.00599	0.00439	0.00564	0.00654	0.04884	0.00399	0.00431	0.00705	0.00912	0.04091	0.09302	0.48303	0.24847	0.01146	0.00518	0.00158	0.00252	0.01016	0.00396	0.00385
8	0.06049	0.00948	0.08962	0.04996	0.02071	0.04893	0.05076	0.11753	0.09199	0.09564	0.12736	0.12812	0.03969	0.00684	0.00470	0.00142	0.02107	0.02666	0.00362	0.00541
9	0.01076	0.06036	0.23338	0.08481	0.17701	0.12277	0.05015	0.05530	0.07103	0.02851	0.03330	0.01082	0.00765	0.00485	0.01724	0.00138	0.01864	0.00367	0.00242	0.00595
10	0.05468	0.04323	0.02259	0.11045	0.10480	0.02740	0.05026	0.01198	0.06597	0.09771	0.06903	0.08155	0.14988	0.00675	0.00461	0.00139	0.02173	0.03227	0.03863	0.00507
11	0.02541	0.00517	0.00738	0.00701	0.00808	0.00567	0.03774	0.00895	0.06867	0.01180	0.11827	0.06262	0.04117	0.05117	0.51531	0.00485	0.00823	0.00554	0.00290	0.00408
12	0.04320	0.02788	0.11064	0.11928	0.14746	0.03793	0.19942	0.09232	0.05457	0.04928	0.00974	0.05440	0.00788	0.00473	0.00456	0.00137	0.02243	0.00440	0.00263	0.00589
13	0.01027	0.03960	0.07594	0.09214	0.07386	0.03581	0.17450	0.13133	0.02517	0.03783	0.05999	0.04626	0.04273	0.02937	0.01218	0.00143	0.01532	0.01172	0.00288	0.08165
14	0.05877	0.04396	0.06507	0.08054	0.06926	0.07256	0.07247	0.07153	0.05395	0.14104	0.03826	0.05778	0.06629	0.02006	0.03764	0.01185	0.01443	0.00472	0.00318	0.01662
15	0.11076	0.03658	0.03055	0.03231	0.02173	0.03695	0.01911	0.23706	0.04331	0.14342	0.09740	0.05164	0.03395	0.00611	0.00462	0.03680	0.00393	0.00457	0.02500	0.02421

[dist]
# distance from previous block
# <min> <max>
6	107

# created by:
# /st0/software/busco_prod/Augustus/scripts/msa2prfl.pl ./align_prep/956854.fa
