[name]
unknown

[dist]
# distance from previous block
# <min> <max>
0	7

[block]
# block no. 0 follows, 51 sequences, length 23
# corresponding to MSA columns:
# 67-89
name=unknown_A
#
# <colnr> <probs for GDERKNQSTAVLIFYWHMCP>
#	G	D	E	R	K	N	Q	S	T	A	V	L	I	F	Y	W	H	M	C	P
0	0.00816	0.00643	0.01023	0.01023	0.01173	0.00630	0.10030	0.01051	0.01115	0.01461	0.02420	0.12938	0.02621	0.01263	0.00662	0.00216	0.00481	0.59536	0.00428	0.00472
1	0.01008	0.00704	0.00908	0.00815	0.00899	0.00807	0.00607	0.06450	0.00918	0.08812	0.01331	0.02217	0.01316	0.35416	0.19271	0.00440	0.16722	0.00577	0.00317	0.00466
2	0.00628	0.00445	0.00588	0.00691	0.00724	0.00422	0.00472	0.00718	0.00937	0.01246	0.02587	0.67570	0.03070	0.09350	0.00813	0.00229	0.00319	0.08357	0.00441	0.00394
3	0.00697	0.00522	0.00780	0.00785	0.00870	0.00604	0.00607	0.00869	0.00797	0.01146	0.01380	0.05594	0.01321	0.03588	0.77134	0.00763	0.01269	0.00566	0.00272	0.00437
4	0.03573	0.01664	0.01403	0.01155	0.01489	0.33797	0.02927	0.29561	0.01710	0.16283	0.01131	0.01146	0.00814	0.00552	0.00471	0.00140	0.00664	0.00400	0.00405	0.00716
5	0.00603	0.00431	0.00567	0.00673	0.00705	0.00402	0.00448	0.00686	0.00938	0.01245	0.02731	0.77245	0.05381	0.04541	0.00695	0.00209	0.00291	0.01361	0.00450	0.00396
6	0.01218	0.01045	0.01099	0.00985	0.01263	0.01201	0.00768	0.04805	0.73601	0.02060	0.02086	0.01921	0.04370	0.00686	0.00503	0.00166	0.00388	0.00570	0.00498	0.00766
7	0.00616	0.00462	0.00571	0.00623	0.00705	0.00417	0.00437	0.00744	0.01086	0.01432	0.20345	0.45525	0.22552	0.01347	0.00605	0.00181	0.00264	0.01194	0.00475	0.00417
8	0.01182	0.01416	0.10045	0.01925	0.07773	0.03104	0.54563	0.06523	0.01215	0.01650	0.01068	0.05193	0.00860	0.00489	0.00556	0.00163	0.00758	0.00573	0.00270	0.00673
9	0.06095	0.01095	0.01490	0.22355	0.06928	0.07672	0.10710	0.05023	0.01165	0.11998	0.01027	0.01217	0.00765	0.00468	0.00459	0.00136	0.00573	0.00410	0.00312	0.20100
10	0.02855	0.00987	0.01191	0.00889	0.01298	0.00892	0.02530	0.18103	0.02935	0.22754	0.01244	0.01247	0.00893	0.00486	0.00433	0.00115	0.00428	0.00389	0.00422	0.39908
11	0.04567	0.01291	0.03058	0.01058	0.01380	0.07981	0.00855	0.25336	0.44475	0.02294	0.01574	0.01500	0.01170	0.00618	0.00485	0.00157	0.00484	0.00486	0.00463	0.00768
12	0.25102	0.01014	0.01030	0.00856	0.01170	0.07006	0.00693	0.10037	0.05142	0.31635	0.01363	0.01353	0.00959	0.00817	0.07171	0.00203	0.00525	0.00417	0.02820	0.00685
13	0.00748	0.00584	0.00655	0.00601	0.00793	0.00518	0.00458	0.01003	0.06665	0.03867	0.25536	0.03777	0.42751	0.01032	0.00551	0.00153	0.00270	0.00873	0.00472	0.08692
14	0.01279	0.01195	0.01396	0.01157	0.01460	0.09329	0.12673	0.11294	0.39196	0.01960	0.06829	0.01822	0.04645	0.00728	0.02635	0.00176	0.00535	0.00562	0.00429	0.00701
15	0.01232	0.06813	0.01632	0.03626	0.01512	0.03284	0.17408	0.07873	0.04647	0.07451	0.01138	0.02780	0.00944	0.04401	0.02804	0.00194	0.21072	0.00494	0.10089	0.00606
16	0.02100	0.00901	0.01169	0.00904	0.01277	0.00830	0.00744	0.11288	0.04338	0.66565	0.03369	0.01660	0.01249	0.00616	0.00496	0.00152	0.00428	0.00498	0.00589	0.00827
17	0.00676	0.00504	0.00585	0.00573	0.00705	0.00458	0.00426	0.00884	0.03019	0.01669	0.37714	0.09417	0.32302	0.01088	0.00562	0.00159	0.00245	0.00936	0.07628	0.00448
18	0.00954	0.00883	0.01078	0.00974	0.01083	0.04976	0.02570	0.01305	0.13993	0.01517	0.17162	0.15398	0.07127	0.00966	0.00909	0.00184	0.27260	0.00739	0.00386	0.00537
19	0.70930	0.00893	0.00732	0.00647	0.00939	0.01008	0.00530	0.01495	0.00903	0.08697	0.00878	0.00971	0.00660	0.00480	0.00324	0.00148	0.00369	0.00304	0.08539	0.00551
20	0.01688	0.07561	0.01775	0.01346	0.01694	0.39002	0.15506	0.20222	0.01543	0.03715	0.00930	0.01053	0.00718	0.00506	0.00473	0.00138	0.00755	0.00398	0.00316	0.00663
21	0.00849	0.00507	0.00597	0.00581	0.00620	0.00494	0.00352	0.00874	0.00800	0.08599	0.01683	0.09712	0.01854	0.68000	0.02151	0.00422	0.00455	0.00751	0.00341	0.00358
22	0.01699	0.01101	0.01222	0.00959	0.01305	0.01155	0.00785	0.48308	0.01903	0.18099	0.01974	0.01885	0.14039	0.00702	0.00504	0.00151	0.00461	0.00552	0.02439	0.00757

[dist]
# distance from previous block
# <min> <max>
2	15

[block]
# block no. 1 follows, 51 sequences, length 9
# corresponding to MSA columns:
# 108-116
name=unknown_B
#
# <colnr> <probs for GDERKNQSTAVLIFYWHMCP>
#	G	D	E	R	K	N	Q	S	T	A	V	L	I	F	Y	W	H	M	C	P
0	0.05064	0.01104	0.01752	0.17401	0.52604	0.01170	0.01358	0.04902	0.06816	0.01666	0.00994	0.01258	0.00799	0.00472	0.00480	0.00151	0.00572	0.00439	0.00271	0.00726
1	0.01185	0.07364	0.17350	0.01442	0.05350	0.01146	0.24084	0.07359	0.06678	0.06090	0.04551	0.07003	0.01176	0.00598	0.00539	0.00158	0.02411	0.02040	0.00325	0.03153
2	0.01160	0.01326	0.02900	0.02071	0.02568	0.01243	0.77879	0.01574	0.01160	0.01574	0.00994	0.01326	0.00746	0.00414	0.00580	0.00166	0.00829	0.00580	0.00249	0.00663
3	0.01014	0.05222	0.52552	0.01472	0.02065	0.01160	0.17903	0.01486	0.01045	0.01511	0.01007	0.06351	0.00820	0.00538	0.00539	0.00161	0.03767	0.00475	0.00233	0.00681
4	0.00593	0.00498	0.00514	0.00510	0.00671	0.00420	0.00383	0.00728	0.01148	0.01394	0.12701	0.04620	0.71701	0.01220	0.00581	0.00165	0.00247	0.01022	0.00465	0.00420
5	0.00829	0.00517	0.00629	0.00608	0.00739	0.00469	0.00445	0.00991	0.01176	0.09570	0.29491	0.16393	0.20384	0.07048	0.00698	0.00184	0.00281	0.00914	0.08166	0.00467
6	0.00893	0.00783	0.06569	0.00755	0.00963	0.00686	0.00628	0.01391	0.18623	0.04989	0.39091	0.06368	0.09825	0.00894	0.00539	0.00158	0.00314	0.00771	0.05199	0.00561
7	0.09393	0.00985	0.01174	0.00915	0.01278	0.00975	0.00753	0.24268	0.01619	0.46449	0.05896	0.01563	0.01235	0.00612	0.00481	0.00151	0.00440	0.00481	0.00544	0.00789
8	0.01215	0.01002	0.01510	0.50322	0.07626	0.01169	0.03093	0.15058	0.03639	0.06726	0.01031	0.01314	0.00759	0.00527	0.00526	0.00161	0.02930	0.00448	0.00303	0.00641

[dist]
# distance from previous block
# <min> <max>
0	1

[block]
# block no. 2 follows, 51 sequences, length 8
# corresponding to MSA columns:
# 122-129
name=unknown_C
#
# <colnr> <probs for GDERKNQSTAVLIFYWHMCP>
#	G	D	E	R	K	N	Q	S	T	A	V	L	I	F	Y	W	H	M	C	P
0	0.70384	0.01180	0.08806	0.00814	0.01168	0.04132	0.04397	0.01482	0.00893	0.02072	0.00722	0.00851	0.00555	0.00457	0.00339	0.00152	0.00456	0.00293	0.00290	0.00559
1	0.01545	0.01432	0.06785	0.01703	0.24646	0.07463	0.01146	0.36363	0.10039	0.02296	0.01141	0.01229	0.00861	0.00539	0.00486	0.00148	0.00576	0.00438	0.00382	0.00785
2	0.03249	0.00819	0.01216	0.27736	0.09852	0.00911	0.02931	0.03386	0.04438	0.04799	0.11761	0.09448	0.10498	0.00771	0.00597	0.00167	0.05850	0.00659	0.00351	0.00563
3	0.00596	0.00438	0.00560	0.00658	0.00706	0.00401	0.00445	0.00687	0.00966	0.01265	0.03027	0.71510	0.13944	0.01498	0.00621	0.00195	0.00280	0.01347	0.00456	0.00401
4	0.01091	0.06492	0.37689	0.01204	0.01682	0.01077	0.07148	0.04745	0.12092	0.05906	0.01411	0.14720	0.01234	0.00679	0.00501	0.00162	0.00577	0.00583	0.00327	0.00679
5	0.00605	0.00447	0.00566	0.00645	0.00706	0.00408	0.00443	0.00712	0.01017	0.01339	0.10779	0.61043	0.16619	0.01435	0.00614	0.00189	0.00273	0.01284	0.00465	0.00408
6	0.00696	0.00549	0.00744	0.00776	0.00814	0.00605	0.00563	0.00801	0.00915	0.01261	0.06799	0.49750	0.04684	0.05357	0.10369	0.00281	0.13146	0.01072	0.00393	0.00425
7	0.00995	0.01011	0.05813	0.48949	0.21085	0.01071	0.01317	0.01347	0.04249	0.01365	0.00985	0.01442	0.00805	0.06818	0.00644	0.00183	0.00617	0.00459	0.00242	0.00601

[dist]
# distance from previous block
# <min> <max>
3	8

[block]
# block no. 3 follows, 51 sequences, length 50
# corresponding to MSA columns:
# 138-144,146-150,160-174,183-205
name=unknown_D
#
# <colnr> <probs for GDERKNQSTAVLIFYWHMCP>
#	G	D	E	R	K	N	Q	S	T	A	V	L	I	F	Y	W	H	M	C	P
0	0.01257	0.05878	0.08047	0.01277	0.01644	0.06647	0.17174	0.04884	0.42550	0.01830	0.01489	0.01504	0.01125	0.00573	0.00517	0.00160	0.01826	0.00507	0.00386	0.00725
1	0.74086	0.00957	0.00861	0.07378	0.05938	0.01106	0.00659	0.01433	0.00865	0.02091	0.00714	0.00865	0.00557	0.00458	0.00330	0.00153	0.00415	0.00290	0.00293	0.00548
2	0.06421	0.01172	0.01938	0.06583	0.57077	0.01196	0.08914	0.07728	0.01196	0.01743	0.00935	0.01203	0.00759	0.00452	0.00485	0.00149	0.00596	0.00442	0.00266	0.00745
3	0.00639	0.00487	0.00577	0.00581	0.00693	0.00436	0.00420	0.00793	0.01176	0.01555	0.34810	0.17321	0.31281	0.06155	0.00705	0.00186	0.00262	0.01018	0.00481	0.00425
4	0.01125	0.05777	0.01432	0.05014	0.04536	0.06025	0.06090	0.09599	0.03706	0.01596	0.13520	0.02698	0.04901	0.00897	0.04721	0.00201	0.26709	0.00545	0.00328	0.00580
5	0.01161	0.01093	0.07405	0.00947	0.01256	0.01070	0.00798	0.08135	0.47820	0.02024	0.08073	0.01890	0.03837	0.00661	0.00487	0.00153	0.00401	0.00547	0.05174	0.07068
6	0.00718	0.00490	0.00621	0.00647	0.00747	0.00446	0.00468	0.00863	0.01132	0.05590	0.25619	0.36341	0.17105	0.03028	0.00641	0.00185	0.00281	0.04149	0.00486	0.00444
7	0.00695	0.00479	0.00607	0.00661	0.00729	0.00474	0.00471	0.00852	0.02484	0.01409	0.09373	0.43493	0.06173	0.05063	0.07651	0.00245	0.01516	0.03925	0.13276	0.00425
8	0.01615	0.07958	0.01489	0.01133	0.03124	0.05831	0.02079	0.39565	0.21310	0.05533	0.01324	0.01315	0.00980	0.00597	0.00523	0.00151	0.03804	0.00453	0.00442	0.00774
9	0.00985	0.00963	0.02772	0.01200	0.01407	0.01049	0.18192	0.01407	0.13504	0.01626	0.20867	0.03701	0.05670	0.00796	0.00844	0.00178	0.22236	0.01656	0.00369	0.00579
10	0.01241	0.29791	0.39514	0.01199	0.01740	0.14640	0.02576	0.01595	0.01085	0.01362	0.00796	0.00933	0.00629	0.00457	0.00413	0.00134	0.00686	0.00325	0.00217	0.00667
11	0.00837	0.00531	0.00659	0.00609	0.00760	0.00479	0.00463	0.01044	0.01315	0.09438	0.52065	0.03545	0.18322	0.00981	0.00554	0.00154	0.00253	0.00848	0.06654	0.00490
12	0.00715	0.00476	0.00536	0.00536	0.00536	0.00476	0.00298	0.00715	0.00715	0.00953	0.01548	0.03216	0.01787	0.82729	0.02501	0.00476	0.00476	0.00715	0.00298	0.00298
13	0.86201	0.00950	0.00722	0.00646	0.00950	0.01102	0.00532	0.01445	0.00836	0.02205	0.00684	0.00798	0.00532	0.00456	0.00304	0.00152	0.00380	0.00266	0.00304	0.00532
14	0.00845	0.00666	0.03765	0.00649	0.00853	0.00564	0.00524	0.03014	0.06723	0.08508	0.17742	0.07864	0.43155	0.01063	0.00560	0.00163	0.00298	0.00897	0.01638	0.00509
15	0.00620	0.00515	0.00544	0.00534	0.00694	0.00447	0.00401	0.00800	0.03379	0.01466	0.18478	0.04454	0.63589	0.01184	0.00578	0.00164	0.00250	0.00996	0.00473	0.00434
16	0.00928	0.00873	0.01474	0.81548	0.03385	0.01092	0.01365	0.01256	0.00983	0.01256	0.00873	0.01310	0.00655	0.00491	0.00491	0.00164	0.00655	0.00437	0.00218	0.00546
17	0.08650	0.03881	0.01348	0.05926	0.01504	0.09121	0.00872	0.41846	0.04127	0.13129	0.01207	0.01226	0.00861	0.00564	0.00461	0.00145	0.00536	0.00421	0.03429	0.00746
18	0.00618	0.00457	0.00580	0.00652	0.00721	0.00419	0.00458	0.00737	0.01043	0.01376	0.13607	0.54171	0.17007	0.01405	0.00615	0.00189	0.00279	0.04785	0.00468	0.00413
19	0.01648	0.00738	0.00996	0.00865	0.01141	0.00670	0.00717	0.03966	0.01320	0.48500	0.03491	0.08409	0.03370	0.00892	0.00556	0.00175	0.00415	0.20892	0.00549	0.00689
20	0.05426	0.00963	0.01357	0.01115	0.06152	0.00881	0.08447	0.08079	0.02871	0.44524	0.01508	0.01437	0.01015	0.00535	0.00474	0.00141	0.00468	0.00456	0.00478	0.13672
21	0.00708	0.00474	0.00538	0.00544	0.00546	0.00472	0.00307	0.00713	0.00727	0.00970	0.01613	0.07608	0.01868	0.78227	0.02397	0.00461	0.00466	0.00752	0.00307	0.00303
22	0.00941	0.00886	0.01497	0.78118	0.06717	0.01095	0.01371	0.01267	0.00989	0.01271	0.00876	0.01306	0.00660	0.00489	0.00491	0.00163	0.00652	0.00437	0.00219	0.00556
23	0.00596	0.00439	0.00558	0.00653	0.00705	0.00402	0.00442	0.00688	0.00971	0.01267	0.03087	0.69444	0.15970	0.01490	0.00619	0.00194	0.00279	0.01337	0.00456	0.00402
24	0.01479	0.00969	0.01106	0.00940	0.01257	0.01021	0.00746	0.02408	0.48894	0.24305	0.01902	0.01789	0.01380	0.00638	0.00491	0.00156	0.00396	0.01902	0.00513	0.07706
25	0.82808	0.00946	0.00739	0.00655	0.00963	0.01087	0.00540	0.01483	0.00859	0.05347	0.00735	0.00834	0.00560	0.00462	0.00312	0.00152	0.00382	0.00275	0.00316	0.00544
26	0.45475	0.00994	0.00942	0.00802	0.01105	0.01107	0.00652	0.17553	0.07549	0.09494	0.01142	0.01381	0.00906	0.05117	0.00515	0.00173	0.00426	0.03644	0.00393	0.00627
27	0.01520	0.01324	0.01399	0.01241	0.05796	0.13472	0.06078	0.17273	0.35908	0.08420	0.01515	0.01477	0.01121	0.00592	0.00494	0.00154	0.00538	0.00487	0.00438	0.00754
28	0.01189	0.01130	0.01873	0.10379	0.65970	0.01165	0.01435	0.01574	0.07429	0.01609	0.01007	0.01276	0.00825	0.00462	0.00488	0.00149	0.00575	0.00447	0.00262	0.00756
29	0.01314	0.83025	0.02575	0.00841	0.01261	0.01945	0.00841	0.01472	0.00999	0.01156	0.00683	0.00788	0.00631	0.00420	0.00315	0.00105	0.00526	0.00263	0.00210	0.00631
30	0.00763	0.00621	0.00986	0.00906	0.01015	0.00710	0.06910	0.00941	0.00812	0.01165	0.01266	0.01924	0.01195	0.09064	0.63674	0.00681	0.06114	0.00539	0.00262	0.00453
31	0.00662	0.00493	0.00559	0.00576	0.00708	0.00428	0.00419	0.00789	0.01107	0.04555	0.11190	0.26046	0.48159	0.01278	0.00590	0.00174	0.00264	0.01101	0.00470	0.00432
32	0.00748	0.00517	0.00643	0.00607	0.00746	0.00464	0.00457	0.00946	0.01309	0.06118	0.54405	0.07193	0.21886	0.01062	0.00577	0.00159	0.00248	0.00923	0.00521	0.00470
33	0.00732	0.00509	0.00632	0.00604	0.00736	0.00459	0.00452	0.00928	0.01292	0.05129	0.52553	0.09468	0.20855	0.01071	0.00575	0.00159	0.00247	0.00933	0.02198	0.00464
34	0.55784	0.00996	0.00894	0.00774	0.01086	0.01129	0.00629	0.07987	0.16239	0.08674	0.01085	0.01104	0.00803	0.00521	0.00373	0.00155	0.00398	0.00356	0.00383	0.00630
35	0.01795	0.01340	0.01433	0.01116	0.01496	0.01490	0.00916	0.69434	0.11021	0.02978	0.01273	0.01254	0.00911	0.00599	0.00493	0.00150	0.00523	0.00455	0.00493	0.00829
36	0.01314	0.83025	0.02575	0.00841	0.01261	0.01945	0.00841	0.01472	0.00999	0.01156	0.00683	0.00788	0.00631	0.00420	0.00315	0.00105	0.00526	0.00263	0.00210	0.00631
37	0.01878	0.01361	0.01465	0.01123	0.01516	0.01501	0.00928	0.75815	0.02284	0.05345	0.01202	0.01194	0.00847	0.00590	0.00492	0.00148	0.00537	0.00444	0.00495	0.00836
38	0.86201	0.00950	0.00722	0.00646	0.00950	0.01102	0.00532	0.01445	0.00836	0.02205	0.00684	0.00798	0.00532	0.00456	0.00304	0.00152	0.00380	0.00266	0.00304	0.00532
39	0.00934	0.00880	0.01486	0.79792	0.05090	0.01094	0.01368	0.01261	0.00986	0.01263	0.00875	0.01308	0.00658	0.00490	0.00491	0.00163	0.00653	0.00437	0.00219	0.00551
40	0.00593	0.00489	0.00521	0.00533	0.00676	0.00417	0.00392	0.00720	0.01118	0.01370	0.10730	0.15205	0.63009	0.01265	0.00587	0.00170	0.00252	0.01074	0.00463	0.00417
41	0.00978	0.00726	0.00851	0.00764	0.00956	0.00751	0.00589	0.06292	0.22963	0.05477	0.47118	0.02950	0.05828	0.00875	0.00548	0.00158	0.00304	0.00756	0.00527	0.00589
42	0.00640	0.00537	0.00564	0.00565	0.00732	0.00478	0.00435	0.00853	0.05854	0.01402	0.06686	0.04590	0.66386	0.01212	0.00584	0.00171	0.00274	0.07137	0.00461	0.00441
43	0.00610	0.00445	0.00584	0.00671	0.00720	0.00418	0.00460	0.00714	0.00977	0.01303	0.08087	0.65780	0.09417	0.01609	0.05498	0.00230	0.00341	0.01280	0.00450	0.00407
44	0.01030	0.04329	0.64385	0.01418	0.02078	0.01178	0.08997	0.01642	0.07378	0.01589	0.00979	0.01124	0.00706	0.00477	0.00477	0.00156	0.00704	0.00397	0.00235	0.00722
45	0.00704	0.00520	0.00759	0.00759	0.00835	0.00597	0.00575	0.00857	0.00781	0.01118	0.01345	0.02089	0.01297	0.13420	0.71141	0.00751	0.01213	0.00550	0.00268	0.00421
46	0.01175	0.18370	0.01468	0.00986	0.01239	0.20812	0.07774	0.03791	0.01223	0.01437	0.14346	0.09192	0.11679	0.00771	0.00519	0.00146	0.02528	0.01655	0.00344	0.00545
47	0.01270	0.00862	0.01121	0.00950	0.06483	0.00714	0.02865	0.01515	0.03390	0.19420	0.01434	0.05887	0.04391	0.00538	0.00436	0.00112	0.00396	0.00457	0.00381	0.47378
48	0.01576	0.15589	0.10150	0.03149	0.02715	0.02879	0.06156	0.27271	0.03237	0.16038	0.05534	0.01345	0.01055	0.00557	0.00469	0.00144	0.00546	0.00446	0.00404	0.00741
49	0.01241	0.01225	0.06711	0.04910	0.46633	0.01129	0.12840	0.03726	0.04264	0.06000	0.02281	0.01304	0.00874	0.00466	0.00497	0.00148	0.00598	0.00463	0.00285	0.04403

[dist]
# distance from previous block
# <min> <max>
0	1

[block]
# block no. 4 follows, 51 sequences, length 146
# corresponding to MSA columns:
# 235-267,269-298,306-333,384-387,417-431,446-456,461-469,517-532
name=unknown_E
#
# <colnr> <probs for GDERKNQSTAVLIFYWHMCP>
#	G	D	E	R	K	N	Q	S	T	A	V	L	I	F	Y	W	H	M	C	P
0	0.01673	0.02055	0.01545	0.01322	0.01613	0.61777	0.10732	0.03321	0.03559	0.01345	0.02903	0.01053	0.00784	0.00509	0.00464	0.00132	0.00822	0.00373	0.00273	0.03747
1	0.01081	0.00932	0.01139	0.15002	0.09311	0.07208	0.01847	0.07431	0.07867	0.03057	0.14404	0.02288	0.06680	0.03977	0.00629	0.00170	0.03490	0.05256	0.07654	0.00575
2	0.00700	0.00470	0.00540	0.00555	0.00558	0.00467	0.00318	0.00711	0.00743	0.00991	0.01693	0.13109	0.01969	0.72587	0.02267	0.00442	0.00453	0.00800	0.00318	0.00310
3	0.01160	0.14430	0.38020	0.01467	0.11713	0.07721	0.04629	0.04905	0.01147	0.01551	0.04988	0.01233	0.02314	0.00512	0.00480	0.00146	0.02238	0.00407	0.00252	0.00685
4	0.01137	0.01061	0.01726	0.29166	0.44780	0.01141	0.01373	0.04304	0.04870	0.01565	0.00967	0.01270	0.00772	0.00470	0.00485	0.00151	0.00590	0.00439	0.00258	0.03474
5	0.00646	0.00485	0.00598	0.00602	0.00712	0.00438	0.00439	0.00820	0.01227	0.01656	0.44293	0.20828	0.23098	0.01180	0.00590	0.00167	0.00248	0.01035	0.00502	0.00438
6	0.01049	0.01037	0.01455	0.01255	0.01261	0.01443	0.01043	0.01161	0.00755	0.01180	0.00692	0.01135	0.00686	0.01057	0.07130	0.00255	0.76219	0.00437	0.00218	0.00531
7	0.00981	0.01033	0.02132	0.01608	0.01950	0.00969	0.52410	0.01283	0.01077	0.01454	0.01502	0.24161	0.01499	0.04711	0.00686	0.00190	0.00659	0.00816	0.00309	0.00571
8	0.00986	0.02542	0.80183	0.01401	0.02127	0.01141	0.01816	0.01556	0.01038	0.01556	0.00882	0.01038	0.00623	0.00467	0.00467	0.00156	0.00726	0.00363	0.00208	0.00726
9	0.01203	0.01035	0.01094	0.00986	0.01258	0.01194	0.00766	0.02549	0.75907	0.02053	0.04870	0.01902	0.01616	0.00679	0.00503	0.00166	0.00383	0.00568	0.00502	0.00766
10	0.00712	0.00488	0.00593	0.00593	0.00613	0.00507	0.00369	0.00751	0.00731	0.00995	0.01496	0.02928	0.01662	0.65017	0.20043	0.00547	0.00665	0.00672	0.00290	0.00329
11	0.86201	0.00950	0.00722	0.00646	0.00950	0.01102	0.00532	0.01445	0.00836	0.02205	0.00684	0.00798	0.00532	0.00456	0.00304	0.00152	0.00380	0.00266	0.00304	0.00532
12	0.01208	0.01159	0.01980	0.05228	0.77516	0.01165	0.01504	0.01501	0.01115	0.01596	0.00923	0.01219	0.00775	0.00439	0.00487	0.00146	0.00586	0.00438	0.00243	0.00772
13	0.01803	0.01344	0.01438	0.01118	0.01499	0.01494	0.00918	0.70453	0.09989	0.02993	0.01262	0.01245	0.00902	0.00598	0.00492	0.00149	0.00526	0.00454	0.00492	0.00830
14	0.86201	0.00950	0.00722	0.00646	0.00950	0.01102	0.00532	0.01445	0.00836	0.02205	0.00684	0.00798	0.00532	0.00456	0.00304	0.00152	0.00380	0.00266	0.00304	0.00532
15	0.00959	0.00576	0.00622	0.00574	0.00736	0.00564	0.00441	0.07578	0.02437	0.05314	0.14007	0.02618	0.17116	0.00774	0.00447	0.00136	0.00270	0.00639	0.43688	0.00504
16	0.00928	0.00873	0.01474	0.81548	0.03385	0.01092	0.01365	0.01256	0.00983	0.01256	0.00873	0.01310	0.00655	0.00491	0.00491	0.00164	0.00655	0.00437	0.00218	0.00546
17	0.00928	0.00873	0.01474	0.81548	0.03385	0.01092	0.01365	0.01256	0.00983	0.01256	0.00873	0.01310	0.00655	0.00491	0.00491	0.00164	0.00655	0.00437	0.00218	0.00546
18	0.00667	0.00543	0.00596	0.00575	0.00734	0.00494	0.00434	0.00926	0.07356	0.01586	0.28014	0.04169	0.49892	0.01124	0.00574	0.00162	0.00255	0.00953	0.00486	0.00459
19	0.00676	0.00502	0.00630	0.00598	0.00722	0.00455	0.00448	0.00890	0.01345	0.01862	0.66810	0.03850	0.17300	0.01045	0.00580	0.00156	0.00235	0.00914	0.00527	0.00455
20	0.01019	0.00873	0.01019	0.00728	0.01165	0.00655	0.00582	0.01237	0.01019	0.01601	0.00873	0.01019	0.00728	0.00364	0.00364	0.00073	0.00364	0.00291	0.00291	0.85734
21	0.86201	0.00950	0.00722	0.00646	0.00950	0.01102	0.00532	0.01445	0.00836	0.02205	0.00684	0.00798	0.00532	0.00456	0.00304	0.00152	0.00380	0.00266	0.00304	0.00532
22	0.01129	0.01449	0.12283	0.01905	0.02376	0.01258	0.60237	0.01530	0.01101	0.01530	0.00943	0.01263	0.00720	0.00469	0.00677	0.00170	0.09527	0.00537	0.00240	0.00657
23	0.00699	0.00510	0.00722	0.00728	0.00794	0.00572	0.00536	0.00831	0.00781	0.01106	0.01442	0.06529	0.01459	0.20912	0.59309	0.00689	0.01077	0.00614	0.00281	0.00406
24	0.00602	0.00431	0.00570	0.00678	0.00709	0.00402	0.00452	0.00689	0.00947	0.01263	0.04050	0.78627	0.04255	0.02951	0.00659	0.00203	0.00287	0.01371	0.00455	0.00399
25	0.02138	0.00839	0.01131	0.00873	0.01244	0.00736	0.00719	0.03387	0.02969	0.75184	0.04124	0.01726	0.01314	0.00620	0.00497	0.00152	0.00414	0.00506	0.00603	0.00825
26	0.03453	0.00672	0.00783	0.00692	0.00895	0.00653	0.00539	0.07357	0.07648	0.12715	0.34404	0.03064	0.18145	0.00895	0.00532	0.00154	0.00302	0.00757	0.05777	0.00562
27	0.01314	0.83025	0.02575	0.00841	0.01261	0.01945	0.00841	0.01472	0.00999	0.01156	0.00683	0.00788	0.00631	0.00420	0.00315	0.00105	0.00526	0.00263	0.00210	0.00631
28	0.01125	0.00912	0.01059	0.00765	0.01196	0.00726	0.00615	0.07357	0.01134	0.04278	0.00932	0.01053	0.00752	0.00390	0.00378	0.00081	0.00380	0.00310	0.00317	0.76239
29	0.01181	0.01131	0.01931	0.12684	0.70273	0.01158	0.01491	0.01477	0.01102	0.01562	0.00918	0.01228	0.00763	0.00444	0.00487	0.00148	0.00593	0.00438	0.00240	0.00750
30	0.86201	0.00950	0.00722	0.00646	0.00950	0.01102	0.00532	0.01445	0.00836	0.02205	0.00684	0.00798	0.00532	0.00456	0.00304	0.00152	0.00380	0.00266	0.00304	0.00532
31	0.00928	0.00873	0.01474	0.81548	0.03385	0.01092	0.01365	0.01256	0.00983	0.01256	0.00873	0.01310	0.00655	0.00491	0.00491	0.00164	0.00655	0.00437	0.00218	0.00546
32	0.02084	0.00837	0.01105	0.00856	0.01216	0.00746	0.00704	0.06535	0.01427	0.69501	0.01870	0.01658	0.01199	0.00604	0.00482	0.00149	0.00410	0.00488	0.07323	0.00806
33	0.00780	0.00512	0.00604	0.00584	0.00715	0.00478	0.00436	0.01010	0.03402	0.04308	0.36887	0.09804	0.17679	0.00974	0.00526	0.00152	0.00249	0.00839	0.19593	0.00469
34	0.00748	0.00527	0.00723	0.00832	0.00924	0.00520	0.00690	0.00939	0.01080	0.01431	0.02590	0.24684	0.02873	0.01373	0.00653	0.00215	0.00402	0.54595	0.03762	0.00439
35	0.00609	0.00503	0.00536	0.00540	0.00691	0.00435	0.00403	0.00765	0.02421	0.01409	0.13189	0.10725	0.62546	0.01233	0.00584	0.00168	0.00255	0.02095	0.00467	0.00426
36	0.40742	0.00974	0.01001	0.00810	0.01157	0.01024	0.00668	0.13911	0.01287	0.32106	0.01242	0.01193	0.00842	0.00535	0.00406	0.00151	0.00420	0.00381	0.00450	0.00697
37	0.02075	0.01044	0.01269	0.00973	0.01358	0.01031	0.00804	0.31499	0.01754	0.50409	0.01647	0.01483	0.01070	0.00601	0.00493	0.00150	0.00465	0.00474	0.00563	0.00836
38	0.00710	0.00525	0.00629	0.00625	0.00752	0.00494	0.00471	0.00964	0.05577	0.01698	0.37857	0.12471	0.21971	0.01094	0.00570	0.00165	0.00265	0.05907	0.06795	0.00461
39	0.00986	0.02542	0.80183	0.01401	0.02127	0.01141	0.01816	0.01556	0.01038	0.01556	0.00882	0.01038	0.00623	0.00467	0.00467	0.00156	0.00726	0.00363	0.00208	0.00726
40	0.01193	0.01144	0.01952	0.09397	0.73466	0.01161	0.01497	0.01488	0.01108	0.01577	0.00920	0.01224	0.00768	0.00442	0.00487	0.00147	0.00590	0.00438	0.00241	0.00760
41	0.01437	0.01592	0.02150	0.01683	0.04216	0.26731	0.41056	0.03166	0.04140	0.05206	0.01018	0.01227	0.00776	0.00470	0.00518	0.00150	0.00783	0.00481	0.02552	0.00646
42	0.01204	0.01151	0.01961	0.02957	0.77449	0.01151	0.01488	0.01494	0.01119	0.01602	0.00972	0.01338	0.00836	0.00464	0.00492	0.00148	0.00580	0.02576	0.00249	0.00769
43	0.00608	0.00434	0.00576	0.00676	0.00711	0.00406	0.00454	0.00704	0.00973	0.01306	0.08764	0.74803	0.03335	0.02900	0.00656	0.00201	0.00284	0.01345	0.00460	0.00403
44	0.00784	0.00522	0.00685	0.00633	0.00765	0.00479	0.00479	0.01014	0.01392	0.06565	0.74843	0.03553	0.04435	0.00981	0.00575	0.00154	0.00243	0.00866	0.00545	0.00486
45	0.00702	0.00527	0.00790	0.00790	0.00878	0.00614	0.00614	0.00878	0.00790	0.01141	0.01316	0.01931	0.01229	0.03686	0.80782	0.00790	0.01316	0.00527	0.00263	0.00439
46	0.00640	0.00505	0.00580	0.00575	0.00718	0.00445	0.00440	0.00812	0.01221	0.01577	0.32348	0.04402	0.45688	0.01165	0.00588	0.00167	0.00259	0.06948	0.00487	0.00436
47	0.00613	0.00438	0.00586	0.00700	0.00735	0.00411	0.00480	0.00708	0.00955	0.01270	0.02701	0.76864	0.03220	0.01526	0.00631	0.00202	0.00297	0.06805	0.00456	0.00403
48	0.01806	0.02280	0.01379	0.01253	0.01508	0.76910	0.00941	0.01994	0.05135	0.01244	0.00820	0.00932	0.00675	0.00514	0.00446	0.00129	0.00862	0.00328	0.00265	0.00580
49	0.00928	0.00873	0.01474	0.81548	0.03385	0.01092	0.01365	0.01256	0.00983	0.01256	0.00873	0.01310	0.00655	0.00491	0.00491	0.00164	0.00655	0.00437	0.00218	0.00546
50	0.01439	0.54462	0.02172	0.00986	0.01334	0.19592	0.00888	0.05261	0.01131	0.01263	0.00721	0.00852	0.00642	0.00483	0.00455	0.00121	0.07047	0.00297	0.00234	0.00620
51	0.05985	0.01041	0.01214	0.00958	0.01323	0.01062	0.00783	0.25088	0.14310	0.39044	0.01642	0.01498	0.01107	0.00601	0.00483	0.00152	0.00447	0.00474	0.00535	0.02252
52	0.01489	0.07822	0.13139	0.01430	0.01904	0.01153	0.30823	0.08283	0.02646	0.23220	0.02400	0.01369	0.00926	0.00503	0.00511	0.00154	0.00637	0.00493	0.00368	0.00731
53	0.11883	0.00850	0.01076	0.00849	0.01206	0.00782	0.00696	0.02251	0.05070	0.65158	0.01816	0.03660	0.01203	0.00617	0.00476	0.00154	0.00409	0.00494	0.00564	0.00787
54	0.01166	0.08145	0.16343	0.37435	0.07355	0.16405	0.01328	0.01478	0.01075	0.01314	0.00835	0.01123	0.00650	0.00491	0.00495	0.00151	0.02997	0.00386	0.00224	0.00606
55	0.00596	0.00437	0.00561	0.00660	0.00707	0.00401	0.00446	0.00687	0.00964	0.01264	0.02998	0.72499	0.12973	0.01502	0.00621	0.00195	0.00280	0.01351	0.00456	0.00401
56	0.01200	0.00981	0.01052	0.00946	0.01213	0.01112	0.00737	0.02386	0.65992	0.05734	0.02208	0.02059	0.07652	0.00822	0.03482	0.00189	0.00414	0.00590	0.00493	0.00739
57	0.00597	0.00512	0.00517	0.00506	0.00682	0.00424	0.00381	0.00725	0.01116	0.01338	0.04826	0.04592	0.76546	0.01212	0.00573	0.00162	0.00253	0.01009	0.00450	0.03578
58	0.01868	0.01376	0.01475	0.01131	0.01524	0.01524	0.00934	0.78025	0.02311	0.03097	0.01180	0.01180	0.00836	0.00590	0.00492	0.00147	0.00541	0.00442	0.00492	0.00836
59	0.01868	0.01376	0.01475	0.01131	0.01524	0.01524	0.00934	0.78025	0.02311	0.03097	0.01180	0.01180	0.00836	0.00590	0.00492	0.00147	0.00541	0.00442	0.00492	0.00836
60	0.01019	0.00873	0.01019	0.00728	0.01165	0.00655	0.00582	0.01237	0.01019	0.01601	0.00873	0.01019	0.00728	0.00364	0.00364	0.00073	0.00364	0.00291	0.00291	0.85734
61	0.00636	0.00479	0.00644	0.00732	0.00759	0.00487	0.00505	0.00724	0.00926	0.01249	0.02545	0.75966	0.03044	0.01486	0.00705	0.00201	0.06744	0.01320	0.00437	0.00410
62	0.00986	0.02542	0.80183	0.01401	0.02127	0.01141	0.01816	0.01556	0.01038	0.01556	0.00882	0.01038	0.00623	0.00467	0.00467	0.00156	0.00726	0.00363	0.00208	0.00726
63	0.02205	0.00836	0.01140	0.00874	0.01254	0.00722	0.00722	0.02395	0.01407	0.80004	0.01939	0.01673	0.01216	0.00608	0.00494	0.00152	0.00418	0.00494	0.00608	0.00836
64	0.01147	0.01192	0.01481	0.01272	0.01309	0.09159	0.01049	0.01260	0.00822	0.01196	0.00663	0.01055	0.00646	0.00812	0.01464	0.00202	0.71699	0.00415	0.00221	0.02935
65	0.01198	0.01166	0.02041	0.06727	0.69880	0.01170	0.07551	0.01501	0.01116	0.01586	0.00927	0.01229	0.00770	0.00439	0.00494	0.00148	0.00607	0.00449	0.00242	0.00758
66	0.01639	0.01165	0.01246	0.00995	0.01344	0.07661	0.00812	0.30397	0.04980	0.18087	0.01375	0.01597	0.01057	0.00616	0.00511	0.00142	0.02801	0.06432	0.00447	0.16696
67	0.16816	0.01521	0.01513	0.01257	0.01501	0.28511	0.12231	0.03773	0.01120	0.05014	0.00816	0.01027	0.00666	0.00581	0.00742	0.00161	0.21499	0.00387	0.00275	0.00588
68	0.01352	0.01076	0.01107	0.00972	0.01252	0.05106	0.00761	0.08395	0.55398	0.08750	0.05129	0.01798	0.01502	0.00658	0.00492	0.00159	0.00414	0.00539	0.04391	0.00749
69	0.00613	0.00462	0.00574	0.00644	0.00706	0.00431	0.00443	0.00709	0.00984	0.01282	0.05903	0.56420	0.20704	0.05169	0.00721	0.00203	0.01936	0.01245	0.00447	0.00403
70	0.00793	0.00553	0.00648	0.00614	0.00752	0.00541	0.00463	0.01142	0.09772	0.01894	0.47101	0.03148	0.09937	0.00891	0.00518	0.00148	0.00250	0.00768	0.19574	0.00493
71	0.00759	0.00587	0.00788	0.00765	0.00822	0.00680	0.00563	0.00914	0.03668	0.01132	0.01483	0.06058	0.03167	0.27025	0.39769	0.00566	0.09919	0.00626	0.00290	0.00417
72	0.08252	0.01123	0.01350	0.01108	0.01324	0.02492	0.00915	0.22516	0.05084	0.15730	0.01090	0.01221	0.00830	0.00695	0.00934	0.00177	0.33657	0.00436	0.00381	0.00683
73	0.00660	0.00504	0.00615	0.00657	0.00771	0.00464	0.00502	0.00836	0.02445	0.01469	0.17550	0.24035	0.29945	0.01287	0.00611	0.00184	0.00298	0.16262	0.00472	0.00434
74	0.00794	0.00545	0.00663	0.00620	0.00757	0.00520	0.00469	0.02327	0.05184	0.03496	0.56405	0.03322	0.09429	0.00931	0.00540	0.00150	0.00249	0.00808	0.12303	0.00489
75	0.58841	0.00913	0.00858	0.00721	0.01049	0.00979	0.00594	0.01754	0.01022	0.27546	0.01093	0.01083	0.00755	0.00506	0.00366	0.00152	0.00393	0.00340	0.00403	0.00631
76	0.00647	0.00472	0.00609	0.00636	0.00720	0.00434	0.00454	0.00811	0.01187	0.01630	0.42476	0.35694	0.09922	0.01240	0.00599	0.00174	0.00255	0.01107	0.00500	0.00434
77	0.01314	0.83025	0.02575	0.00841	0.01261	0.01945	0.00841	0.01472	0.00999	0.01156	0.00683	0.00788	0.00631	0.00420	0.00315	0.00105	0.00526	0.00263	0.00210	0.00631
78	0.00820	0.00595	0.00774	0.00699	0.00852	0.00580	0.03358	0.01185	0.09992	0.03220	0.56690	0.03153	0.04797	0.00893	0.00543	0.00152	0.00275	0.00787	0.10123	0.00511
79	0.86201	0.00950	0.00722	0.00646	0.00950	0.01102	0.00532	0.01445	0.00836	0.02205	0.00684	0.00798	0.00532	0.00456	0.00304	0.00152	0.00380	0.00266	0.00304	0.00532
80	0.00721	0.00490	0.00632	0.00632	0.00663	0.00520	0.00418	0.00765	0.00735	0.01010	0.01413	0.02634	0.01519	0.48887	0.29615	0.07336	0.00764	0.00627	0.00279	0.00340
81	0.01263	0.29042	0.42446	0.01147	0.01720	0.01384	0.01337	0.05343	0.01125	0.09559	0.00939	0.01027	0.00697	0.00472	0.00421	0.00138	0.00619	0.00347	0.00263	0.00711
82	0.01865	0.02223	0.01373	0.01235	0.01498	0.74417	0.00932	0.01997	0.01394	0.07445	0.00853	0.00949	0.00679	0.00514	0.00447	0.00129	0.00849	0.00331	0.00281	0.00591
83	0.01019	0.00873	0.01019	0.00728	0.01165	0.00655	0.00582	0.01237	0.01019	0.01601	0.00873	0.01019	0.00728	0.00364	0.00364	0.00073	0.00364	0.00291	0.00291	0.85734
84	0.00735	0.00567	0.00690	0.00717	0.00849	0.00551	0.00564	0.01041	0.09446	0.01575	0.20015	0.15715	0.22535	0.01204	0.00606	0.00185	0.00321	0.21733	0.00479	0.00472
85	0.00714	0.00478	0.00545	0.00545	0.00549	0.00482	0.00310	0.00721	0.00717	0.00960	0.01540	0.03168	0.01766	0.79799	0.05403	0.00488	0.00508	0.00708	0.00296	0.00303
86	0.02205	0.00836	0.01140	0.00874	0.01254	0.00722	0.00722	0.02395	0.01407	0.80004	0.01939	0.01673	0.01216	0.00608	0.00494	0.00152	0.00418	0.00494	0.00608	0.00836
87	0.01614	0.00710	0.00866	0.00711	0.00975	0.00666	0.00572	0.07453	0.01309	0.39982	0.01735	0.01706	0.01207	0.00591	0.00428	0.00135	0.00344	0.00474	0.37851	0.00670
88	0.00596	0.00440	0.00558	0.00652	0.00704	0.00402	0.00442	0.00688	0.00972	0.01267	0.03098	0.69093	0.16315	0.01489	0.00619	0.00194	0.00279	0.01335	0.00456	0.00402
89	0.00986	0.02542	0.80183	0.01401	0.02127	0.01141	0.01816	0.01556	0.01038	0.01556	0.00882	0.01038	0.00623	0.00467	0.00467	0.00156	0.00726	0.00363	0.00208	0.00726
90	0.00701	0.00526	0.00655	0.00671	0.00783	0.00500	0.00506	0.00945	0.05637	0.01629	0.34687	0.20292	0.15686	0.03497	0.00653	0.00185	0.00291	0.11214	0.00489	0.00454
91	0.01284	0.69946	0.12968	0.00928	0.01385	0.04051	0.00975	0.01497	0.01015	0.01211	0.00712	0.00825	0.00630	0.00429	0.00339	0.00112	0.00563	0.00278	0.00211	0.00642
92	0.00703	0.00524	0.00778	0.00778	0.00861	0.00608	0.00599	0.00870	0.00786	0.01132	0.01328	0.01993	0.01256	0.07509	0.76996	0.00775	0.01276	0.00536	0.00265	0.00432
93	0.07368	0.01727	0.32115	0.01170	0.01670	0.01257	0.01217	0.28155	0.11953	0.06827	0.01184	0.01215	0.00843	0.00544	0.00470	0.00154	0.00574	0.00417	0.00375	0.00764
94	0.01092	0.17994	0.61422	0.01280	0.01931	0.01315	0.01585	0.05238	0.01092	0.01554	0.00858	0.00996	0.00634	0.00464	0.00439	0.00146	0.00679	0.00348	0.00222	0.00713
95	0.01942	0.00968	0.01195	0.00935	0.01290	0.00943	0.00770	0.25399	0.01673	0.48037	0.07540	0.01798	0.01409	0.00657	0.00506	0.00153	0.00443	0.02983	0.00562	0.00796
96	0.01272	0.72757	0.12476	0.00912	0.01372	0.01842	0.00965	0.01482	0.01004	0.01207	0.00709	0.00820	0.00630	0.00426	0.00335	0.00112	0.00551	0.00276	0.00210	0.00643
97	0.01404	0.01393	0.01902	0.04605	0.01893	0.16906	0.29881	0.07744	0.09640	0.07839	0.02496	0.02750	0.00948	0.00561	0.00618	0.00160	0.07763	0.00509	0.00329	0.00661
98	0.01314	0.83025	0.02575	0.00841	0.01261	0.01945	0.00841	0.01472	0.00999	0.01156	0.00683	0.00788	0.00631	0.00420	0.00315	0.00105	0.00526	0.00263	0.00210	0.00631
99	0.01172	0.00962	0.01124	0.00831	0.01229	0.00847	0.00673	0.12664	0.01199	0.03326	0.00923	0.01060	0.00747	0.00438	0.00476	0.00096	0.06297	0.00328	0.00322	0.65285
100	0.01331	0.01113	0.01196	0.01076	0.03409	0.01272	0.00824	0.15259	0.63853	0.02219	0.01834	0.01707	0.01369	0.00648	0.00498	0.00163	0.00420	0.00533	0.00492	0.00788
101	0.86201	0.00950	0.00722	0.00646	0.00950	0.01102	0.00532	0.01445	0.00836	0.02205	0.00684	0.00798	0.00532	0.00456	0.00304	0.00152	0.00380	0.00266	0.00304	0.00532
102	0.01065	0.13345	0.41214	0.05037	0.02105	0.01263	0.21082	0.01501	0.01059	0.01485	0.02438	0.02311	0.00774	0.00484	0.00510	0.00154	0.02836	0.00435	0.00229	0.00674
103	0.02163	0.00826	0.01125	0.00869	0.01240	0.00714	0.00715	0.02350	0.01394	0.77936	0.01959	0.03793	0.01270	0.00633	0.00498	0.00153	0.00415	0.00518	0.00604	0.00825
104	0.01547	0.00707	0.00940	0.00789	0.01026	0.00663	0.00614	0.03831	0.01175	0.43560	0.04163	0.02173	0.01469	0.18309	0.14775	0.00331	0.00584	0.02234	0.00475	0.00635
105	0.01369	0.05536	0.22461	0.01470	0.10124	0.09373	0.12856	0.05270	0.04266	0.14516	0.02547	0.04517	0.01011	0.00561	0.00495	0.00153	0.00630	0.01806	0.00333	0.00705
106	0.01323	0.04815	0.21641	0.11540	0.12065	0.25164	0.04254	0.01683	0.04813	0.03938	0.02131	0.02642	0.00823	0.00516	0.00471	0.00146	0.00703	0.00413	0.00265	0.00653
107	0.01371	0.00846	0.01031	0.07253	0.01310	0.00881	0.00730	0.03117	0.30149	0.25697	0.07075	0.09059	0.07769	0.00776	0.00520	0.00164	0.00391	0.00657	0.00506	0.00697
108	0.01115	0.03512	0.30538	0.03249	0.06018	0.01170	0.38069	0.01555	0.01106	0.03758	0.00995	0.02625	0.00755	0.00460	0.00520	0.00158	0.00737	0.00490	0.00247	0.02923
109	0.01195	0.01222	0.02287	0.02508	0.44122	0.01201	0.31306	0.01610	0.06495	0.01624	0.01026	0.01302	0.00815	0.00444	0.00524	0.00155	0.00666	0.00502	0.00263	0.00733
110	0.01023	0.01009	0.05095	0.01126	0.01359	0.02200	0.11453	0.01668	0.28581	0.01656	0.06420	0.12011	0.03347	0.00862	0.00693	0.00182	0.10829	0.09468	0.00402	0.00616
111	0.00599	0.00428	0.00570	0.00684	0.00713	0.00399	0.00456	0.00684	0.00941	0.01254	0.02709	0.82409	0.03250	0.01540	0.00627	0.00200	0.00285	0.01397	0.00456	0.00399
112	0.01087	0.00930	0.00988	0.00897	0.01127	0.03123	0.00692	0.02108	0.54390	0.02008	0.24296	0.02338	0.02382	0.00760	0.00521	0.00162	0.00357	0.00645	0.00505	0.00682
113	0.00706	0.00503	0.00673	0.00675	0.00723	0.00549	0.00471	0.00802	0.00759	0.01059	0.01443	0.03866	0.01510	0.38707	0.44703	0.00641	0.00926	0.00625	0.00282	0.00376
114	0.00702	0.00527	0.00790	0.00790	0.00878	0.00614	0.00614	0.00878	0.00790	0.01141	0.01316	0.01931	0.01229	0.03686	0.80782	0.00790	0.01316	0.00527	0.00263	0.00439
115	0.01004	0.02424	0.73920	0.01369	0.02060	0.01148	0.01733	0.01640	0.07195	0.01596	0.00970	0.01101	0.00692	0.00483	0.00470	0.00157	0.00700	0.00378	0.00231	0.00730
116	0.00606	0.00434	0.00577	0.00679	0.00714	0.00404	0.00457	0.00704	0.00977	0.01311	0.08784	0.76172	0.03360	0.01497	0.00623	0.00196	0.00281	0.01357	0.00463	0.00404
117	0.01314	0.83025	0.02575	0.00841	0.01261	0.01945	0.00841	0.01472	0.00999	0.01156	0.00683	0.00788	0.00631	0.00420	0.00315	0.00105	0.00526	0.00263	0.00210	0.00631
118	0.00614	0.00439	0.00588	0.00702	0.00737	0.00412	0.00483	0.00711	0.00956	0.01272	0.02700	0.76320	0.03217	0.01525	0.00631	0.00202	0.00298	0.07335	0.00456	0.00403
119	0.86201	0.00950	0.00722	0.00646	0.00950	0.01102	0.00532	0.01445	0.00836	0.02205	0.00684	0.00798	0.00532	0.00456	0.00304	0.00152	0.00380	0.00266	0.00304	0.00532
120	0.00599	0.00428	0.00570	0.00684	0.00713	0.00399	0.00456	0.00684	0.00941	0.01254	0.02709	0.82409	0.03250	0.01540	0.00627	0.00200	0.00285	0.01397	0.00456	0.00399
121	0.01836	0.02342	0.01393	0.01266	0.01519	0.80756	0.00950	0.01962	0.01393	0.01203	0.00760	0.00886	0.00633	0.00506	0.00443	0.00127	0.00886	0.00317	0.00253	0.00570
122	0.01097	0.01111	0.01502	0.01290	0.01297	0.03732	0.01072	0.01205	0.00771	0.01183	0.00648	0.01070	0.00645	0.00850	0.01580	0.00213	0.79556	0.00427	0.00216	0.00538
123	0.00687	0.00502	0.00645	0.00609	0.00729	0.00460	0.00457	0.00911	0.01371	0.01923	0.73887	0.03749	0.10185	0.01022	0.00580	0.00155	0.00233	0.00900	0.00535	0.00460
124	0.00825	0.00601	0.00745	0.00673	0.00821	0.00582	0.00514	0.09635	0.01487	0.02080	0.68472	0.03419	0.06310	0.00965	0.00570	0.00154	0.00267	0.00842	0.00533	0.00504
125	0.00977	0.00911	0.01515	0.73068	0.09374	0.01110	0.01364	0.03433	0.01031	0.01335	0.00886	0.01299	0.00670	0.00490	0.00491	0.00162	0.00646	0.00437	0.00228	0.00572
126	0.01259	0.01175	0.01937	0.05429	0.70986	0.01193	0.01458	0.07561	0.01209	0.01712	0.00943	0.01216	0.00779	0.00452	0.00487	0.00147	0.00583	0.00438	0.00262	0.00775
127	0.00827	0.00489	0.00724	0.00712	0.00752	0.00529	0.00513	0.00777	0.00726	0.02475	0.02620	0.01712	0.01077	0.03852	0.28992	0.49163	0.03017	0.00477	0.00246	0.00318
128	0.01752	0.01272	0.01364	0.01076	0.01437	0.02402	0.00876	0.56923	0.15060	0.08309	0.01376	0.01375	0.00997	0.02793	0.00546	0.00160	0.00509	0.00471	0.00493	0.00808
129	0.01103	0.27110	0.51101	0.01266	0.04356	0.02759	0.01468	0.01525	0.01041	0.01436	0.02194	0.01010	0.00701	0.00462	0.00423	0.00139	0.00654	0.00343	0.00216	0.00691
130	0.01067	0.00934	0.01170	0.00922	0.03277	0.02174	0.06146	0.01459	0.11589	0.02781	0.07278	0.01373	0.01150	0.00467	0.00421	0.00103	0.00406	0.00402	0.00339	0.56544
131	0.00689	0.00514	0.00647	0.00665	0.00762	0.00492	0.00478	0.00943	0.06956	0.01655	0.38854	0.34376	0.08703	0.01204	0.00592	0.00174	0.00265	0.01072	0.00499	0.00459
132	0.01208	0.52233	0.26414	0.01043	0.01546	0.03878	0.02583	0.01499	0.01035	0.01310	0.02820	0.00954	0.00736	0.00452	0.00378	0.00124	0.00596	0.00318	0.00220	0.00655
133	0.01110	0.08800	0.25266	0.21771	0.02061	0.11724	0.01241	0.03465	0.01074	0.01398	0.00899	0.01161	0.00712	0.00807	0.08880	0.00208	0.00737	0.00380	0.00237	0.08071
134	0.10794	0.01036	0.01270	0.10490	0.05113	0.01249	0.00928	0.10185	0.21411	0.01777	0.01172	0.01430	0.00961	0.03619	0.00849	0.00184	0.22566	0.01580	0.00341	0.03049
135	0.19364	0.00920	0.01092	0.00856	0.01223	0.00890	0.00707	0.10709	0.01392	0.55424	0.01597	0.01438	0.01034	0.00575	0.00455	0.00152	0.00424	0.00442	0.00533	0.00774
136	0.01792	0.02131	0.01379	0.01228	0.01495	0.66136	0.00933	0.12115	0.02863	0.01469	0.00856	0.00976	0.00695	0.00624	0.03072	0.00152	0.00845	0.00344	0.00290	0.00605
137	0.00778	0.00534	0.00682	0.00722	0.00799	0.00528	0.00541	0.00893	0.00975	0.05055	0.02532	0.23809	0.11532	0.22009	0.01145	0.00272	0.03606	0.22759	0.00413	0.00417
138	0.00597	0.00433	0.00564	0.00670	0.00709	0.00400	0.00450	0.00686	0.00955	0.01260	0.02888	0.76256	0.09287	0.01516	0.00624	0.00197	0.00282	0.01369	0.00456	0.00400
139	0.00643	0.00493	0.00565	0.00561	0.00671	0.00448	0.00399	0.00774	0.01091	0.01416	0.23940	0.07988	0.37221	0.16596	0.04822	0.00253	0.00340	0.00931	0.00440	0.00406
140	0.08122	0.01153	0.01686	0.05182	0.01769	0.01205	0.23174	0.16618	0.21883	0.08800	0.01342	0.01407	0.00981	0.00537	0.00500	0.00156	0.00559	0.00497	0.00398	0.04030
141	0.00696	0.00502	0.00657	0.00618	0.00734	0.00464	0.00464	0.00927	0.01391	0.01971	0.79405	0.03671	0.04637	0.01005	0.00580	0.00155	0.00232	0.00889	0.00541	0.00464
142	0.01019	0.00873	0.01019	0.00728	0.01165	0.00655	0.00582	0.01237	0.01019	0.01601	0.00873	0.01019	0.00728	0.00364	0.00364	0.00073	0.00364	0.00291	0.00291	0.85734
143	0.86201	0.00950	0.00722	0.00646	0.00950	0.01102	0.00532	0.01445	0.00836	0.02205	0.00684	0.00798	0.00532	0.00456	0.00304	0.00152	0.00380	0.00266	0.00304	0.00532
144	0.86201	0.00950	0.00722	0.00646	0.00950	0.01102	0.00532	0.01445	0.00836	0.02205	0.00684	0.00798	0.00532	0.00456	0.00304	0.00152	0.00380	0.00266	0.00304	0.00532
145	0.09687	0.04883	0.01586	0.01224	0.01570	0.25632	0.14684	0.13147	0.06536	0.08351	0.01057	0.01162	0.00802	0.00596	0.02723	0.00159	0.00676	0.00411	0.00339	0.04777

[dist]
# distance from previous block
# <min> <max>
0	8

[block]
# block no. 5 follows, 51 sequences, length 19
# corresponding to MSA columns:
# 563-581
