[name]
unknown

[dist]
# distance from previous block
# <min> <max>
4	73

[block]
# block no. 0 follows, 48 sequences, length 10
# corresponding to MSA columns:
# 128-137
name=unknown_A
#
# <colnr> <probs for GDERKNQSTAVLIFYWHMCP>
#	G	D	E	R	K	N	Q	S	T	A	V	L	I	F	Y	W	H	M	C	P
0	0.01274	0.03244	0.05978	0.09770	0.10794	0.04404	0.05345	0.15286	0.01414	0.07201	0.09381	0.08227	0.07239	0.00716	0.00526	0.00156	0.00526	0.00618	0.00393	0.07506
1	0.05895	0.04137	0.01290	0.06050	0.08201	0.01020	0.04860	0.11875	0.12401	0.04877	0.04046	0.08542	0.09342	0.01849	0.00575	0.01718	0.00467	0.03678	0.00408	0.08771
2	0.04798	0.01096	0.03405	0.03307	0.10821	0.02435	0.03154	0.20135	0.05173	0.07177	0.05161	0.07966	0.04100	0.01743	0.00533	0.00154	0.00488	0.02165	0.00412	0.15780
3	0.04824	0.01068	0.01452	0.08074	0.01637	0.04296	0.13049	0.15100	0.04794	0.08671	0.05499	0.08920	0.01372	0.04846	0.02997	0.00197	0.03941	0.00600	0.00392	0.08271
4	0.01034	0.00821	0.00842	0.00737	0.00978	0.06736	0.00571	0.01263	0.05091	0.10257	0.10182	0.04825	0.36640	0.00961	0.00589	0.00155	0.03519	0.00784	0.00452	0.13562
5	0.01181	0.01021	0.03159	0.06060	0.01431	0.04231	0.02955	0.05221	0.01179	0.06565	0.04154	0.06506	0.01116	0.00549	0.00481	0.00115	0.02778	0.00451	0.00345	0.50503
6	0.80153	0.00985	0.00783	0.00690	0.01013	0.01125	0.00569	0.01573	0.00912	0.07318	0.00800	0.00893	0.00602	0.00487	0.00330	0.00159	0.00400	0.00293	0.00338	0.00576
7	0.01132	0.00859	0.00965	0.00886	0.01110	0.00926	0.00678	0.04656	0.39642	0.07374	0.15428	0.14880	0.07432	0.00932	0.00562	0.00175	0.00359	0.00801	0.00527	0.00676
8	0.01124	0.01071	0.01685	0.50756	0.17877	0.03392	0.04472	0.04564	0.05032	0.01513	0.00991	0.01353	0.00765	0.00523	0.00546	0.00167	0.02794	0.00465	0.00262	0.00648
9	0.01022	0.00817	0.00972	0.00798	0.01104	0.00720	0.00626	0.03810	0.05687	0.04194	0.05595	0.13214	0.08163	0.00767	0.00541	0.00132	0.04100	0.03668	0.00390	0.43679

[dist]
# distance from previous block
# <min> <max>
5	8

[block]
# block no. 1 follows, 48 sequences, length 13
# corresponding to MSA columns:
# 147-159
name=unknown_B
#
# <colnr> <probs for GDERKNQSTAVLIFYWHMCP>
#	G	D	E	R	K	N	Q	S	T	A	V	L	I	F	Y	W	H	M	C	P
0	0.00821	0.00838	0.09085	0.00821	0.01000	0.00699	0.00671	0.01246	0.17055	0.01485	0.02584	0.33716	0.12422	0.11489	0.03449	0.00248	0.00425	0.00990	0.00431	0.00526
1	0.00875	0.00714	0.00799	0.00760	0.00942	0.00737	0.00573	0.01490	0.27673	0.01840	0.25765	0.12094	0.21621	0.01051	0.00582	0.00174	0.00309	0.00905	0.00519	0.00577
2	0.01951	0.01437	0.01540	0.01181	0.01591	0.01591	0.00975	0.77056	0.02412	0.03234	0.01232	0.01232	0.00873	0.00616	0.00513	0.00154	0.00565	0.00462	0.00513	0.00873
3	0.01405	0.01104	0.01195	0.01030	0.01324	0.01235	0.00821	0.27082	0.38412	0.02419	0.05491	0.05921	0.01655	0.00770	0.00535	0.00170	0.00444	0.05004	0.03216	0.00767
4	0.85592	0.00992	0.00754	0.00675	0.00992	0.01151	0.00556	0.01508	0.00873	0.02302	0.00714	0.00834	0.00556	0.00476	0.00318	0.00159	0.00397	0.00278	0.00318	0.00556
5	0.01013	0.00845	0.00814	0.00761	0.00948	0.08611	0.00576	0.06191	0.11334	0.03519	0.17997	0.11036	0.23437	0.00991	0.00551	0.00163	0.00367	0.00832	0.09462	0.00550
6	0.01289	0.00971	0.01206	0.06931	0.01475	0.00847	0.02618	0.07338	0.05744	0.11084	0.01142	0.01240	0.00872	0.00459	0.00431	0.00107	0.00438	0.00377	0.00366	0.55066
7	0.01827	0.14336	0.01614	0.01062	0.01454	0.01458	0.00898	0.45267	0.04986	0.15686	0.01325	0.01321	0.00955	0.00759	0.04553	0.00183	0.00575	0.00450	0.00475	0.00814
8	0.00646	0.00463	0.00607	0.00700	0.00745	0.00433	0.00477	0.00753	0.01033	0.01384	0.10901	0.65256	0.05891	0.05153	0.00738	0.00216	0.00304	0.03399	0.00478	0.00421
9	0.01372	0.82276	0.02689	0.00878	0.01317	0.02030	0.00878	0.01536	0.01043	0.01207	0.00713	0.00823	0.00658	0.00439	0.00329	0.00110	0.00549	0.00274	0.00219	0.00658
10	0.01313	0.03362	0.01456	0.06214	0.06610	0.05546	0.07538	0.15169	0.02826	0.07209	0.10633	0.01791	0.01435	0.06066	0.06365	0.00233	0.11966	0.00547	0.03079	0.00642
11	0.03148	0.00524	0.00619	0.00642	0.00748	0.00490	0.00456	0.00871	0.03180	0.01572	0.24716	0.29978	0.23150	0.06629	0.00744	0.00203	0.00291	0.01106	0.00487	0.00448
12	0.00630	0.00479	0.00572	0.00635	0.00718	0.00430	0.00438	0.00738	0.01063	0.01363	0.07846	0.46461	0.29828	0.05413	0.00731	0.00208	0.00291	0.01262	0.00473	0.00421

[dist]
# distance from previous block
# <min> <max>
0	28

[block]
# block no. 2 follows, 48 sequences, length 35
# corresponding to MSA columns:
# 202-216,247-266
name=unknown_C
#
# <colnr> <probs for GDERKNQSTAVLIFYWHMCP>
#	G	D	E	R	K	N	Q	S	T	A	V	L	I	F	Y	W	H	M	C	P
0	0.57876	0.01007	0.00986	0.03679	0.01162	0.01239	0.00728	0.01420	0.00862	0.01976	0.00741	0.00962	0.00615	0.00591	0.00682	0.00175	0.21415	0.00335	0.02992	0.00555
1	0.70130	0.00987	0.00876	0.00757	0.01083	0.01105	0.02472	0.03347	0.00990	0.10372	0.00936	0.01109	0.00720	0.00525	0.00362	0.00161	0.00419	0.02692	0.00359	0.00597
2	0.85592	0.00992	0.00754	0.00675	0.00992	0.01151	0.00556	0.01508	0.00873	0.02302	0.00714	0.00834	0.00556	0.00476	0.00318	0.00159	0.00397	0.00278	0.00318	0.00556
3	0.00684	0.00502	0.00671	0.00726	0.00787	0.00477	0.02269	0.00792	0.00998	0.01324	0.06568	0.47664	0.08870	0.15396	0.03171	0.00272	0.00384	0.07588	0.00441	0.00416
4	0.01345	0.00897	0.01076	0.00810	0.01213	0.00741	0.00649	0.05890	0.02766	0.17868	0.03957	0.04597	0.01146	0.00530	0.00437	0.00109	0.00392	0.00434	0.02020	0.53122
5	0.00707	0.00500	0.00639	0.00677	0.00771	0.00457	0.00487	0.00863	0.01190	0.03547	0.28929	0.39095	0.14648	0.01341	0.00630	0.00187	0.00284	0.04082	0.00510	0.00456
6	0.79819	0.01023	0.00808	0.00710	0.01034	0.01181	0.00585	0.06722	0.00979	0.02366	0.00750	0.00861	0.00578	0.00486	0.00331	0.00158	0.00408	0.00291	0.00331	0.00578
7	0.01602	0.01348	0.01358	0.01185	0.04180	0.08807	0.00911	0.33999	0.32496	0.02478	0.01538	0.01512	0.01148	0.00708	0.02341	0.00175	0.00548	0.00499	0.02363	0.00802
8	0.00937	0.00710	0.00808	0.00772	0.00938	0.00717	0.00576	0.15019	0.07689	0.01851	0.11986	0.32506	0.19620	0.01197	0.00596	0.00181	0.00340	0.01038	0.01973	0.00546
9	0.00720	0.00489	0.00621	0.00674	0.00745	0.00469	0.00481	0.00869	0.01085	0.01528	0.17883	0.37016	0.05244	0.08613	0.03722	0.00237	0.00350	0.07329	0.11488	0.00436
10	0.03032	0.00500	0.00640	0.00731	0.00804	0.00477	0.00535	0.00836	0.01060	0.01450	0.07199	0.52403	0.08428	0.01451	0.00639	0.00204	0.00326	0.15383	0.03463	0.00438
11	0.00653	0.00519	0.00587	0.00576	0.00723	0.00452	0.00430	0.00825	0.01272	0.01642	0.33389	0.07446	0.47239	0.01215	0.00608	0.00170	0.00254	0.01037	0.00511	0.00452
12	0.03394	0.07687	0.54295	0.01388	0.05356	0.01165	0.01585	0.03266	0.01125	0.01640	0.01191	0.01807	0.01021	0.00631	0.00508	0.00170	0.00678	0.12116	0.00268	0.00706
13	0.01029	0.02654	0.79309	0.01462	0.02221	0.01192	0.01896	0.01625	0.01083	0.01625	0.00921	0.01083	0.00650	0.00487	0.00487	0.00162	0.00758	0.00379	0.00217	0.00758
14	0.01478	0.55736	0.02374	0.01045	0.01461	0.11825	0.05670	0.08847	0.02879	0.01465	0.00827	0.00939	0.00708	0.00471	0.00386	0.00121	0.00611	0.00327	0.00264	0.02564
15	0.20536	0.00947	0.01223	0.10356	0.16215	0.00988	0.02102	0.05354	0.04534	0.09015	0.07622	0.05634	0.05603	0.01789	0.00510	0.00163	0.00466	0.00546	0.00378	0.06020
16	0.01207	0.04440	0.10254	0.01021	0.01293	0.02970	0.00887	0.11938	0.20073	0.04689	0.01478	0.03800	0.01263	0.11224	0.15075	0.00327	0.06482	0.00548	0.00379	0.00652
17	0.26175	0.05893	0.03020	0.06424	0.01408	0.03372	0.00810	0.04442	0.24572	0.14118	0.01442	0.01527	0.01085	0.00606	0.00452	0.00163	0.00466	0.02893	0.00425	0.00704
18	0.07555	0.22238	0.03951	0.02287	0.01278	0.04608	0.00777	0.10404	0.07558	0.04268	0.08381	0.01670	0.06510	0.02679	0.00496	0.00143	0.00474	0.00470	0.00366	0.13887
19	0.00888	0.00702	0.00920	0.00865	0.00928	0.02801	0.00653	0.01006	0.00831	0.03517	0.01314	0.02184	0.01313	0.24843	0.39148	0.00582	0.16188	0.00579	0.00286	0.00453
20	0.09705	0.01120	0.01327	0.01063	0.01375	0.01237	0.00877	0.25039	0.06720	0.28805	0.01409	0.01397	0.00989	0.00668	0.00717	0.00171	0.15651	0.00469	0.00483	0.00780
21	0.18458	0.01085	0.01354	0.10629	0.18590	0.05171	0.02797	0.07715	0.06482	0.01853	0.01307	0.05074	0.01187	0.00689	0.00534	0.00171	0.02787	0.10766	0.00344	0.03005
22	0.00931	0.02831	0.00784	0.00726	0.00876	0.00589	0.00544	0.01186	0.06720	0.10875	0.23001	0.30402	0.12117	0.01180	0.00596	0.00179	0.00313	0.03159	0.02463	0.00529
23	0.00680	0.00475	0.00621	0.00711	0.00769	0.00441	0.00494	0.00790	0.01040	0.03024	0.07268	0.63976	0.08765	0.03102	0.00687	0.00209	0.00309	0.05725	0.00481	0.00433
24	0.03531	0.00592	0.00724	0.00753	0.00847	0.00588	0.00534	0.08218	0.01144	0.04103	0.07234	0.50316	0.02872	0.11294	0.00866	0.00234	0.00361	0.04851	0.00465	0.00474
25	0.01160	0.01113	0.01910	0.31007	0.49936	0.01193	0.03298	0.01482	0.01118	0.01544	0.00948	0.01308	0.00766	0.00477	0.00512	0.00160	0.00642	0.00460	0.00245	0.00723
26	0.00919	0.00767	0.00919	0.00888	0.01002	0.07738	0.00690	0.01128	0.03029	0.03175	0.01378	0.04378	0.01270	0.03023	0.58705	0.00648	0.05592	0.00551	0.03706	0.00495
27	0.00743	0.00510	0.00623	0.00623	0.00644	0.00532	0.00390	0.00787	0.00765	0.01042	0.01559	0.03039	0.01727	0.63383	0.21007	0.00575	0.00706	0.00699	0.00302	0.00346
28	0.01209	0.00668	0.00857	0.00819	0.01009	0.00629	0.00646	0.06549	0.01288	0.21822	0.05359	0.26271	0.09910	0.01163	0.00605	0.00190	0.00382	0.16852	0.03185	0.00585
29	0.02230	0.00989	0.01262	0.00968	0.01367	0.00925	0.00799	0.17741	0.01662	0.63609	0.01862	0.01641	0.01189	0.00631	0.00515	0.00158	0.00463	0.00505	0.00610	0.00873
30	0.01076	0.02327	0.59649	0.01643	0.02340	0.01219	0.21228	0.01630	0.01116	0.01630	0.00951	0.01161	0.00683	0.00473	0.00518	0.00165	0.00786	0.00438	0.00228	0.00741
31	0.80429	0.00985	0.00781	0.00690	0.01012	0.01126	0.00568	0.01570	0.00910	0.07064	0.00796	0.00890	0.00600	0.00486	0.00330	0.00159	0.00399	0.00293	0.00337	0.00575
32	0.00837	0.00545	0.00671	0.00648	0.00797	0.00484	0.00482	0.01011	0.01277	0.09911	0.33111	0.18751	0.27169	0.01189	0.00606	0.00174	0.00279	0.01033	0.00528	0.00497
33	0.00841	0.00557	0.00725	0.00699	0.00838	0.00513	0.01726	0.01041	0.01282	0.07167	0.38225	0.12809	0.13696	0.04121	0.00677	0.00187	0.00308	0.08937	0.05161	0.00492
34	0.01279	0.01186	0.01592	0.01273	0.01536	0.09391	0.19936	0.09411	0.09191	0.01827	0.03207	0.01522	0.01073	0.00623	0.00694	0.00162	0.14130	0.00510	0.20821	0.00634

[dist]
# distance from previous block
# <min> <max>
0	14

[block]
# block no. 3 follows, 48 sequences, length 10
# corresponding to MSA columns:
# 281-286,288-291
name=unknown_D
#
# <colnr> <probs for GDERKNQSTAVLIFYWHMCP>
#	G	D	E	R	K	N	Q	S	T	A	V	L	I	F	Y	W	H	M	C	P
0	0.33879	0.10977	0.05908	0.01306	0.12563	0.15755	0.03536	0.03492	0.01120	0.04210	0.00840	0.00990	0.00670	0.00496	0.00434	0.00149	0.02391	0.00346	0.00292	0.00646
1	0.01205	0.01185	0.01949	0.01546	0.01723	0.01446	0.22545	0.01470	0.04271	0.04766	0.00897	0.01258	0.00768	0.00746	0.01278	0.00205	0.51354	0.00502	0.00265	0.00623
2	0.01338	0.05520	0.07783	0.01306	0.06176	0.03135	0.09941	0.12294	0.04171	0.06614	0.01074	0.01285	0.00854	0.02666	0.00718	0.00157	0.13239	0.00438	0.02161	0.19131
3	0.00688	0.00504	0.00626	0.00664	0.00756	0.00470	0.00471	0.00880	0.03564	0.01609	0.27125	0.39626	0.15139	0.01315	0.00616	0.00184	0.00275	0.01167	0.03866	0.00455
4	0.00916	0.00679	0.00869	0.00824	0.00891	0.00766	0.00608	0.01054	0.03352	0.06416	0.05510	0.23482	0.08698	0.20457	0.01338	0.00269	0.19513	0.00873	0.03013	0.00474
5	0.00782	0.00529	0.00674	0.00662	0.00778	0.00492	0.00483	0.00953	0.01225	0.06085	0.37739	0.18588	0.14657	0.07306	0.06477	0.00244	0.00367	0.00988	0.00499	0.00471
6	0.07111	0.00794	0.00977	0.00827	0.01106	0.00751	0.00654	0.08178	0.03124	0.38331	0.07525	0.16946	0.07340	0.00881	0.00537	0.00168	0.00387	0.00741	0.02925	0.00696
7	0.24148	0.01230	0.01256	0.00994	0.01368	0.01351	0.00819	0.47197	0.01867	0.09381	0.01340	0.01336	0.04302	0.00611	0.00466	0.00157	0.00495	0.00445	0.00470	0.00769
8	0.03052	0.02801	0.01180	0.04186	0.03685	0.00793	0.06916	0.03806	0.03447	0.18095	0.05107	0.12779	0.01885	0.10115	0.00795	0.00210	0.00474	0.12865	0.00439	0.07368
9	0.10492	0.25462	0.05535	0.03108	0.05069	0.12068	0.02310	0.10154	0.01250	0.01704	0.00948	0.01207	0.00806	0.00528	0.00446	0.00135	0.02454	0.03282	0.03183	0.09861

[dist]
# distance from previous block
# <min> <max>
0	25

[block]
# block no. 4 follows, 48 sequences, length 17
# corresponding to MSA columns:
# 318-334
name=unknown_E
#
# <colnr> <probs for GDERKNQSTAVLIFYWHMCP>
#	G	D	E	R	K	N	Q	S	T	A	V	L	I	F	Y	W	H	M	C	P
0	0.02825	0.11011	0.22403	0.08040	0.06576	0.01278	0.07860	0.09135	0.07755	0.09811	0.01186	0.03145	0.00905	0.00560	0.00528	0.00158	0.03236	0.00461	0.00333	0.02794
1	0.08524	0.10463	0.16745	0.04320	0.08730	0.03475	0.11830	0.06169	0.04879	0.06095	0.01116	0.03136	0.00907	0.00574	0.00560	0.00160	0.05599	0.02718	0.00310	0.03690
2	0.00743	0.00502	0.00631	0.00672	0.00735	0.00481	0.00472	0.00800	0.02642	0.01219	0.02621	0.22821	0.17846	0.15470	0.01303	0.20071	0.00382	0.09827	0.00389	0.00372
3	0.08784	0.00659	0.00814	0.04193	0.03060	0.00662	0.00609	0.03248	0.05065	0.09717	0.10046	0.37773	0.06850	0.04021	0.00651	0.00196	0.00361	0.02291	0.00468	0.00532
4	0.10308	0.01395	0.10141	0.16597	0.19087	0.06206	0.07756	0.12898	0.03276	0.01862	0.00992	0.01237	0.00768	0.00606	0.02623	0.00179	0.02628	0.00440	0.00299	0.00703
5	0.04997	0.16614	0.28875	0.04829	0.03825	0.08803	0.06659	0.01832	0.13635	0.03609	0.01089	0.01201	0.00829	0.00516	0.00465	0.00152	0.00655	0.00409	0.00291	0.00716
6	0.00634	0.00453	0.00606	0.00725	0.00759	0.00425	0.00492	0.00730	0.00991	0.01320	0.02823	0.78162	0.03374	0.01599	0.00657	0.00210	0.00306	0.04838	0.00476	0.00419
7	0.01048	0.00891	0.01048	0.00772	0.01206	0.00678	0.00622	0.01277	0.01072	0.01663	0.01031	0.01377	0.00905	0.00449	0.00402	0.00087	0.00386	0.05270	0.00315	0.79501
8	0.20250	0.08729	0.04169	0.04533	0.03409	0.02420	0.03307	0.08400	0.03226	0.27084	0.01296	0.01334	0.00922	0.00684	0.02688	0.02786	0.01735	0.00425	0.01896	0.00709
9	0.00916	0.00720	0.00885	0.04436	0.01105	0.00601	0.00579	0.01111	0.01122	0.03843	0.14786	0.15750	0.08030	0.03749	0.00574	0.00143	0.00353	0.00698	0.00397	0.40203
10	0.04229	0.02869	0.00892	0.00817	0.03177	0.00687	0.02026	0.07026	0.01293	0.08481	0.20501	0.16457	0.18372	0.01193	0.04494	0.00203	0.00397	0.03112	0.03229	0.00545
11	0.09877	0.03434	0.07457	0.01193	0.07902	0.08583	0.02292	0.09851	0.15692	0.06912	0.04122	0.10169	0.02852	0.00807	0.02606	0.00180	0.00538	0.02135	0.00405	0.02994
12	0.05447	0.22882	0.08457	0.02665	0.03399	0.02619	0.02472	0.13217	0.03287	0.03403	0.07217	0.04109	0.05218	0.00608	0.00450	0.00136	0.00502	0.00478	0.00350	0.13084
13	0.03607	0.18847	0.12733	0.02887	0.08104	0.01379	0.04041	0.19854	0.04843	0.06839	0.02965	0.01342	0.00964	0.00549	0.00465	0.00144	0.00563	0.02156	0.00357	0.07362
14	0.05773	0.09284	0.12556	0.03856	0.16687	0.04590	0.01106	0.18637	0.01429	0.01987	0.06182	0.01533	0.05908	0.00586	0.00479	0.00145	0.00554	0.00471	0.00345	0.07893
15	0.02589	0.09508	0.09893	0.02948	0.11889	0.04454	0.02823	0.14962	0.04911	0.07757	0.06325	0.06951	0.01357	0.06281	0.02057	0.00193	0.03484	0.00556	0.00373	0.00688
16	0.01330	0.13184	0.04498	0.07373	0.11802	0.05075	0.03289	0.09886	0.09144	0.07665	0.01587	0.01745	0.08394	0.00750	0.03406	0.00176	0.02892	0.02028	0.00360	0.05415

[dist]
# distance from previous block
# <min> <max>
0	56

[block]
# block no. 5 follows, 48 sequences, length 20
# corresponding to MSA columns:
# 411-430
name=unknown_F
#
# <colnr> <probs for GDERKNQSTAVLIFYWHMCP>
#	G	D	E	R	K	N	Q	S	T	A	V	L	I	F	Y	W	H	M	C	P
0	0.04088	0.04519	0.09614	0.08153	0.05525	0.03769	0.05089	0.09138	0.05605	0.05836	0.04092	0.06908	0.01258	0.03805	0.00575	0.00161	0.00532	0.03160	0.00357	0.17815
1	0.11941	0.11323	0.10180	0.04205	0.02818	0.03197	0.05080	0.14380	0.09652	0.10829	0.01255	0.04496	0.00977	0.00577	0.00464	0.00150	0.00537	0.00458	0.00382	0.07099
2	0.03367	0.10941	0.08853	0.05186	0.10244	0.03996	0.09008	0.12919	0.05794	0.07994	0.03716	0.01375	0.01001	0.01830	0.00554	0.00154	0.03275	0.00456	0.02138	0.07197
3	0.08527	0.20386	0.17662	0.01212	0.03939	0.07354	0.06421	0.11805	0.03881	0.04387	0.00995	0.01131	0.00777	0.00658	0.04237	0.00174	0.00656	0.00388	0.00305	0.05105
4	0.01311	0.20635	0.27381	0.01425	0.11833	0.06592	0.01293	0.06836	0.03402	0.04729	0.02552	0.01230	0.02425	0.00532	0.00493	0.00146	0.03053	0.00403	0.00286	0.03442
5	0.11179	0.12579	0.03271	0.09343	0.13501	0.09220	0.06793	0.07385	0.09913	0.01785	0.04085	0.01372	0.01007	0.00543	0.00467	0.00149	0.00584	0.01680	0.00323	0.04822
6	0.00763	0.00545	0.00754	0.00872	0.00962	0.00536	0.00716	0.00953	0.01118	0.01464	0.02752	0.29748	0.03092	0.01477	0.00692	0.00227	0.00417	0.51981	0.00474	0.00455
7	0.01213	0.03894	0.01991	0.22908	0.50737	0.03602	0.05237	0.01523	0.01138	0.01552	0.00942	0.01275	0.00768	0.00472	0.00507	0.00156	0.00649	0.00454	0.00247	0.00733
8	0.00606	0.00520	0.00520	0.00520	0.00693	0.00433	0.00390	0.00736	0.01170	0.01386	0.05198	0.04938	0.78558	0.01299	0.00606	0.00173	0.00260	0.01083	0.00476	0.00433
9	0.02302	0.00873	0.01191	0.00913	0.01310	0.00754	0.00754	0.02501	0.01469	0.79122	0.02024	0.01746	0.01270	0.00635	0.00516	0.00159	0.00437	0.00516	0.00635	0.00873
10	0.00867	0.00453	0.00653	0.00653	0.00659	0.00450	0.00431	0.00678	0.00695	0.00920	0.01127	0.01858	0.04015	0.09188	0.02007	0.73925	0.00443	0.00498	0.00241	0.00239
11	0.01031	0.01020	0.01860	0.61431	0.06957	0.01175	0.16416	0.01390	0.01070	0.01394	0.00940	0.01367	0.00709	0.00494	0.00531	0.00171	0.00716	0.00486	0.00235	0.00606
12	0.00733	0.00550	0.00825	0.00825	0.00916	0.00641	0.00641	0.00916	0.00825	0.01191	0.01374	0.02016	0.01283	0.03848	0.79934	0.00825	0.01374	0.00550	0.00275	0.00458
13	0.04001	0.01693	0.19878	0.06380	0.16489	0.07437	0.26731	0.08034	0.01274	0.01752	0.00978	0.01227	0.00742	0.00479	0.00527	0.00161	0.00747	0.00474	0.00271	0.00726
14	0.03024	0.07654	0.01606	0.10122	0.15598	0.21358	0.03743	0.07072	0.05559	0.03168	0.01195	0.10437	0.01087	0.00667	0.00572	0.00159	0.05469	0.00536	0.00318	0.00654
15	0.00931	0.00709	0.00941	0.00912	0.01047	0.05389	0.06336	0.01091	0.01078	0.08071	0.04025	0.40646	0.03936	0.01690	0.13273	0.00296	0.00577	0.08122	0.00430	0.00501
16	0.14886	0.04826	0.01201	0.02700	0.08466	0.00950	0.02489	0.06735	0.03816	0.01779	0.01111	0.05103	0.01010	0.09704	0.00667	0.00165	0.00453	0.00448	0.00326	0.33164
17	0.11845	0.01393	0.13258	0.06540	0.21738	0.06127	0.04892	0.01725	0.12382	0.03665	0.01184	0.04730	0.00966	0.00554	0.00482	0.00156	0.00578	0.00473	0.00318	0.06995
18	0.01023	0.05667	0.08862	0.02270	0.04880	0.03997	0.02677	0.03787	0.02598	0.05349	0.21878	0.09477	0.04274	0.08631	0.03418	0.00219	0.01723	0.05580	0.00408	0.03285
19	0.09348	0.11199	0.16989	0.06833	0.03533	0.09903	0.17687	0.05948	0.03807	0.03102	0.00960	0.01149	0.00737	0.00496	0.00503	0.00153	0.02491	0.00420	0.00282	0.04460

[dist]
# distance from previous block
# <min> <max>
4	28

[block]
# block no. 6 follows, 48 sequences, length 19
# corresponding to MSA columns:
# 475-493
name=unknown_G
#
# <colnr> <probs for GDERKNQSTAVLIFYWHMCP>
#	G	D	E	R	K	N	Q	S	T	A	V	L	I	F	Y	W	H	M	C	P
0	0.01554	0.03427	0.04798	0.08249	0.08136	0.04942	0.06586	0.24686	0.05234	0.11645	0.01322	0.01422	0.03320	0.00605	0.00604	0.00159	0.07204	0.00480	0.00396	0.05230
1	0.03673	0.10253	0.08819	0.14202	0.15714	0.03554	0.03453	0.04997	0.04317	0.05356	0.03305	0.01431	0.02378	0.02018	0.03967	0.00188	0.05980	0.00457	0.00302	0.05635
2	0.08083	0.00578	0.00677	0.00670	0.00743	0.00618	0.00464	0.00868	0.00849	0.01237	0.01996	0.08977	0.11517	0.37205	0.19509	0.00467	0.04062	0.00747	0.00334	0.00400
3	0.37638	0.01028	0.00833	0.00749	0.00989	0.10271	0.00594	0.06748	0.01120	0.02044	0.01249	0.01392	0.04446	0.00583	0.00429	0.00147	0.03654	0.00400	0.25132	0.00554
4	0.01315	0.01377	0.01587	0.01340	0.01455	0.15313	0.04284	0.06163	0.01037	0.01402	0.00756	0.01103	0.00692	0.00771	0.01289	0.00195	0.54712	0.00429	0.00255	0.04525
5	0.04785	0.13157	0.02934	0.03342	0.01563	0.05136	0.16103	0.07462	0.06946	0.02814	0.01246	0.01559	0.03099	0.03900	0.17392	0.00311	0.06819	0.00501	0.00309	0.00622
6	0.00742	0.00514	0.00644	0.00644	0.00673	0.00543	0.00416	0.00800	0.00771	0.01057	0.01539	0.02930	0.01680	0.57063	0.27262	0.00602	0.00777	0.00684	0.00299	0.00358
7	0.01413	0.76290	0.02596	0.00911	0.01337	0.07870	0.00886	0.01575	0.01073	0.01211	0.00719	0.00831	0.00659	0.00446	0.00339	0.00111	0.00577	0.00279	0.00223	0.00654
8	0.00681	0.00484	0.00627	0.00719	0.00777	0.00455	0.00495	0.00823	0.03151	0.02744	0.06218	0.68206	0.07707	0.01518	0.00645	0.00203	0.00303	0.03318	0.00484	0.00441
9	0.03920	0.01129	0.01304	0.11826	0.01684	0.01269	0.00949	0.30384	0.24351	0.05464	0.01640	0.02015	0.01312	0.00720	0.00534	0.00173	0.00513	0.09587	0.00472	0.00756
10	0.01245	0.01312	0.07825	0.08735	0.59452	0.01226	0.04640	0.03626	0.03838	0.01701	0.01007	0.01289	0.00817	0.00475	0.00511	0.00156	0.00629	0.00462	0.00266	0.00787
11	0.01133	0.01056	0.01574	0.26889	0.17543	0.03099	0.06824	0.03860	0.11085	0.01661	0.05497	0.01523	0.01100	0.00635	0.02870	0.00172	0.00604	0.00489	0.00314	0.12072
12	0.00724	0.00527	0.00703	0.00808	0.00898	0.00506	0.00642	0.00892	0.01103	0.01431	0.03037	0.35052	0.11564	0.01478	0.00676	0.00218	0.00381	0.38437	0.00474	0.00447
13	0.01338	0.24931	0.16814	0.01049	0.01503	0.01369	0.02126	0.13247	0.09099	0.05704	0.04411	0.01497	0.02515	0.00580	0.00456	0.00141	0.00539	0.03011	0.00352	0.09318
14	0.01211	0.01046	0.04626	0.15132	0.08746	0.02164	0.03324	0.10848	0.03689	0.06134	0.02775	0.07047	0.02585	0.02725	0.00620	0.01350	0.04044	0.00532	0.04279	0.17122
15	0.04701	0.12321	0.17649	0.05634	0.08374	0.03511	0.05815	0.06960	0.01179	0.04339	0.01128	0.01424	0.02652	0.00620	0.01793	0.00162	0.06525	0.03289	0.02454	0.09469
16	0.02583	0.05941	0.02457	0.04471	0.07883	0.00857	0.00779	0.05822	0.06990	0.04523	0.04150	0.20722	0.01972	0.08056	0.02302	0.00213	0.00465	0.10860	0.00402	0.08553
17	0.02397	0.00644	0.00716	0.02047	0.00895	0.03801	0.00544	0.04476	0.01136	0.02916	0.04430	0.37688	0.23426	0.02754	0.04483	0.00223	0.00401	0.04555	0.00451	0.02019
18	0.04198	0.05026	0.21136	0.01318	0.05249	0.03391	0.08517	0.11358	0.05296	0.10585	0.01205	0.02797	0.00928	0.00856	0.07632	0.00217	0.04100	0.00466	0.00344	0.05383

[dist]
# distance from previous block
# <min> <max>
13	109

[block]
# block no. 7 follows, 48 sequences, length 9
# corresponding to MSA columns:
# 609-617
name=unknown_H
#
# <colnr> <probs for GDERKNQSTAVLIFYWHMCP>
#	G	D	E	R	K	N	Q	S	T	A	V	L	I	F	Y	W	H	M	C	P
0	0.00778	0.00526	0.00654	0.00707	0.00787	0.00500	0.00490	0.00941	0.04924	0.05803	0.02838	0.49997	0.11548	0.12941	0.00916	0.00242	0.00342	0.04149	0.00464	0.00452
1	0.00735	0.00608	0.00854	0.02928	0.00999	0.02349	0.06202	0.00870	0.01031	0.01358	0.05638	0.53832	0.08475	0.04412	0.02969	0.00228	0.02401	0.03225	0.00434	0.00451
2	0.01362	0.15791	0.10267	0.08406	0.12892	0.12297	0.09904	0.04912	0.05863	0.04490	0.01027	0.01225	0.00813	0.00597	0.02319	0.00166	0.04374	0.00428	0.02173	0.00692
3	0.01223	0.03461	0.06530	0.11384	0.06791	0.06393	0.10050	0.09391	0.04579	0.03304	0.01239	0.01587	0.02348	0.06251	0.04623	0.00217	0.09146	0.00500	0.10355	0.00628
4	0.00682	0.00493	0.00545	0.00574	0.00696	0.00441	0.00415	0.00828	0.01125	0.01508	0.09457	0.24767	0.39483	0.01240	0.00576	0.00172	0.00265	0.01066	0.15228	0.00441
5	0.01452	0.01319	0.06371	0.07744	0.09326	0.05211	0.20110	0.15932	0.08112	0.10422	0.03746	0.01496	0.01057	0.00651	0.02844	0.00181	0.00662	0.00520	0.02105	0.00739
6	0.03389	0.02848	0.04827	0.05728	0.12407	0.04709	0.09569	0.13933	0.19236	0.11439	0.01536	0.01588	0.03692	0.00656	0.01995	0.00174	0.00583	0.00517	0.00411	0.00763
7	0.01094	0.00897	0.03402	0.03266	0.10615	0.00874	0.05544	0.06990	0.08884	0.07253	0.10796	0.04651	0.12988	0.15064	0.02657	0.00240	0.03072	0.00704	0.00409	0.00599
8	0.00799	0.00552	0.00649	0.00653	0.00795	0.00495	0.00477	0.03402	0.01199	0.07361	0.12138	0.31314	0.35652	0.01307	0.00613	0.00183	0.00295	0.01134	0.00499	0.00481

[dist]
# distance from previous block
# <min> <max>
1	14

[block]
# block no. 8 follows, 48 sequences, length 22
# corresponding to MSA columns:
# 634-645,650-659
name=unknown_I
#
# <colnr> <probs for GDERKNQSTAVLIFYWHMCP>
#	G	D	E	R	K	N	Q	S	T	A	V	L	I	F	Y	W	H	M	C	P
0	0.12802	0.04307	0.03949	0.06507	0.16577	0.04828	0.01034	0.22784	0.06770	0.03677	0.01178	0.05690	0.00969	0.00602	0.00505	0.00156	0.02385	0.00478	0.00372	0.04430
1	0.06282	0.03339	0.07173	0.03999	0.11252	0.08657	0.01018	0.19135	0.11333	0.02058	0.02605	0.01273	0.00938	0.00548	0.00508	0.00143	0.03199	0.00423	0.00363	0.15754
2	0.05595	0.08456	0.04435	0.04202	0.11710	0.03867	0.09193	0.09151	0.01265	0.05790	0.01468	0.01589	0.08960	0.00562	0.00469	0.00137	0.00528	0.00477	0.03359	0.18787
3	0.06927	0.01214	0.01572	0.13515	0.20163	0.08066	0.06303	0.09771	0.12777	0.03165	0.01262	0.06649	0.01055	0.00610	0.00530	0.00162	0.02156	0.00526	0.00346	0.03232
4	0.01470	0.01445	0.01431	0.04766	0.12752	0.21662	0.02790	0.10699	0.20745	0.03452	0.01519	0.01588	0.05545	0.00634	0.00554	0.00157	0.04072	0.00498	0.03515	0.00706
5	0.00876	0.00560	0.00682	0.00652	0.00816	0.00495	0.00494	0.01050	0.01279	0.11681	0.28956	0.14032	0.31743	0.01173	0.00604	0.00174	0.00289	0.03412	0.00526	0.00506
6	0.11404	0.00677	0.00823	0.00824	0.00910	0.00770	0.00630	0.00977	0.00965	0.01476	0.02284	0.36727	0.10282	0.01212	0.00812	0.00199	0.17433	0.05830	0.05292	0.00474
7	0.00987	0.00930	0.01571	0.76156	0.07973	0.01145	0.01434	0.01327	0.01034	0.01333	0.00915	0.01362	0.00692	0.00510	0.00513	0.00170	0.00680	0.00456	0.00230	0.00584
8	0.00683	0.00524	0.00581	0.00576	0.00731	0.00452	0.00428	0.00834	0.01219	0.03812	0.19928	0.11863	0.54041	0.01258	0.00608	0.00174	0.00265	0.01070	0.00499	0.00455
9	0.21725	0.00750	0.00834	0.00712	0.00980	0.00731	0.00570	0.01619	0.01249	0.28225	0.17864	0.02313	0.09992	0.00749	0.00479	0.00157	0.00347	0.00600	0.09475	0.00628
10	0.00622	0.00511	0.00547	0.00558	0.00707	0.00436	0.00411	0.00758	0.01175	0.01448	0.12680	0.14729	0.61016	0.01313	0.00613	0.00177	0.00263	0.01115	0.00486	0.00436
11	0.01163	0.01218	0.06064	0.05219	0.01730	0.03649	0.16677	0.03942	0.04274	0.01605	0.00963	0.01228	0.00787	0.00564	0.00770	0.00152	0.20236	0.00437	0.03306	0.26015
12	0.10652	0.01410	0.01441	0.01127	0.01519	0.04016	0.00926	0.64051	0.05006	0.03034	0.01196	0.01206	0.00858	0.00602	0.00492	0.00155	0.00553	0.00443	0.00485	0.00828
13	0.00652	0.00472	0.00592	0.00669	0.00721	0.00440	0.00452	0.00745	0.01000	0.01315	0.06485	0.53673	0.13253	0.13528	0.00940	0.00246	0.00325	0.03629	0.00456	0.00408
14	0.40946	0.00758	0.00723	0.00685	0.00906	0.00811	0.00529	0.01364	0.01000	0.10871	0.01575	0.22978	0.01515	0.00818	0.00438	0.00167	0.00352	0.00654	0.12367	0.00544
15	0.01952	0.01436	0.01505	0.01171	0.01558	0.06127	0.00962	0.63420	0.02217	0.09807	0.01258	0.01256	0.00889	0.00622	0.00550	0.00156	0.03313	0.00459	0.00500	0.00846
16	0.01060	0.00885	0.01063	0.04585	0.01299	0.00693	0.00642	0.01291	0.01087	0.03174	0.04559	0.02685	0.01003	0.00445	0.00404	0.00089	0.00388	0.00365	0.00322	0.73961
17	0.01008	0.00789	0.03418	0.00980	0.01180	0.00731	0.10109	0.04832	0.08042	0.09053	0.05103	0.38060	0.04853	0.04608	0.03039	0.00220	0.00458	0.02500	0.00453	0.00563
18	0.00897	0.00473	0.00650	0.00665	0.00710	0.00461	0.00462	0.00834	0.00840	0.04031	0.01548	0.16013	0.03256	0.01518	0.01402	0.50049	0.00387	0.03195	0.12280	0.00331
19	0.16699	0.05728	0.05262	0.02546	0.02513	0.00926	0.05271	0.03463	0.03274	0.01584	0.01324	0.07982	0.01235	0.01919	0.30703	0.02430	0.00830	0.02962	0.02806	0.00542
20	0.06383	0.16541	0.10350	0.00982	0.04049	0.02660	0.00863	0.04894	0.01122	0.06002	0.04739	0.01401	0.01055	0.03755	0.08967	0.00213	0.02585	0.00412	0.03091	0.19936
21	0.02566	0.21950	0.04287	0.03445	0.05603	0.05448	0.02347	0.13359	0.03571	0.01727	0.01047	0.01387	0.00913	0.06284	0.00609	0.00154	0.02159	0.02817	0.00316	0.20012

[dist]
# distance from previous block
# <min> <max>
2	16

[block]
# block no. 9 follows, 48 sequences, length 15
# corresponding to MSA columns:
# 689-702,704
name=unknown_J
#
# <colnr> <probs for GDERKNQSTAVLIFYWHMCP>
#	G	D	E	R	K	N	Q	S	T	A	V	L	I	F	Y	W	H	M	C	P
0	0.00823	0.02822	0.00766	0.00736	0.00871	0.00619	0.00536	0.04235	0.08336	0.02877	0.05167	0.44967	0.14650	0.01336	0.02456	0.00199	0.00347	0.01110	0.03401	0.03746
1	0.09937	0.01105	0.01653	0.08135	0.25354	0.01127	0.10000	0.10399	0.02472	0.03701	0.01237	0.01656	0.02842	0.00578	0.00526	0.00157	0.02146	0.05934	0.00330	0.10709
2	0.00737	0.00493	0.00562	0.00572	0.00574	0.00491	0.00324	0.00744	0.00765	0.01019	0.01711	0.09448	0.01984	0.75715	0.02459	0.00475	0.00482	0.00802	0.00324	0.00319
3	0.00669	0.00490	0.00620	0.00700	0.00771	0.00457	0.00503	0.00788	0.01051	0.01371	0.07072	0.45927	0.16349	0.08150	0.00814	0.00228	0.00332	0.12818	0.00467	0.00423
4	0.01073	0.00905	0.01290	0.12523	0.03342	0.01141	0.00978	0.01324	0.05509	0.06337	0.03037	0.03226	0.02291	0.03592	0.15673	0.00323	0.34049	0.02512	0.00305	0.00569
5	0.09197	0.02256	0.01146	0.03040	0.01263	0.01032	0.00765	0.22737	0.01490	0.20678	0.03369	0.11459	0.02400	0.00952	0.05285	0.00205	0.05681	0.00603	0.05751	0.00692
6	0.00643	0.00460	0.00605	0.00704	0.00746	0.00430	0.00477	0.00745	0.01019	0.01363	0.08723	0.68539	0.05312	0.04773	0.00730	0.00216	0.00305	0.03313	0.00476	0.00420
7	0.01031	0.00965	0.01624	0.57788	0.21024	0.01126	0.01424	0.01358	0.01069	0.01410	0.01032	0.01609	0.00849	0.00554	0.00523	0.00171	0.00654	0.04919	0.00249	0.00621
8	0.18526	0.00985	0.01116	0.00893	0.01253	0.00994	0.00732	0.15406	0.06407	0.40192	0.01734	0.01608	0.03909	0.00627	0.00475	0.00158	0.00437	0.00483	0.03287	0.00777
9	0.00768	0.00570	0.00702	0.00755	0.00851	0.00559	0.00549	0.05425	0.05035	0.01528	0.06563	0.48665	0.11675	0.04177	0.00705	0.00210	0.00340	0.09972	0.00479	0.00472
10	0.00763	0.00522	0.00670	0.00706	0.00803	0.00488	0.00506	0.00956	0.03802	0.05366	0.24859	0.44186	0.09726	0.01337	0.00627	0.00189	0.00294	0.03214	0.00511	0.00475
11	0.01062	0.00943	0.01494	0.59019	0.08918	0.01134	0.01309	0.06695	0.01135	0.01519	0.01031	0.01504	0.00812	0.00560	0.00547	0.00169	0.03259	0.02590	0.05698	0.00601
12	0.01509	0.06690	0.01565	0.08306	0.08631	0.13289	0.04922	0.20031	0.13825	0.05918	0.03496	0.03329	0.01135	0.02589	0.02352	0.00178	0.00618	0.00503	0.00392	0.00721
13	0.01427	0.01023	0.01211	0.01055	0.04084	0.01117	0.00811	0.33124	0.05253	0.06836	0.01358	0.01634	0.01096	0.06071	0.19468	0.00331	0.03670	0.00501	0.05450	0.04481
14	0.02759	0.01185	0.01041	0.00953	0.01140	0.21560	0.00717	0.11001	0.01240	0.01555	0.01424	0.15361	0.01417	0.08410	0.16699	0.00317	0.02756	0.00627	0.03361	0.06475

[dist]
# distance from previous block
# <min> <max>
0	2

[block]
# block no. 10 follows, 48 sequences, length 13
# corresponding to MSA columns:
# 711-717,737-742
name=unknown_K
#
# <colnr> <probs for GDERKNQSTAVLIFYWHMCP>
#	G	D	E	R	K	N	Q	S	T	A	V	L	I	F	Y	W	H	M	C	P
0	0.03254	0.00844	0.01043	0.00878	0.01157	0.00817	0.00697	0.15770	0.03019	0.33363	0.12510	0.16837	0.04078	0.00900	0.00556	0.00170	0.00403	0.02438	0.00557	0.00708
1	0.01066	0.00726	0.00880	0.00783	0.00982	0.00732	0.00605	0.05311	0.17366	0.10139	0.50808	0.03087	0.03591	0.00911	0.00574	0.00163	0.00313	0.00790	0.00561	0.00612
2	0.07651	0.00669	0.00815	0.00722	0.00949	0.00622	0.00560	0.01603	0.01221	0.32079	0.06396	0.18041	0.04943	0.00860	0.00501	0.00160	0.00341	0.00725	0.20520	0.00625
3	0.00728	0.00533	0.00679	0.00722	0.00827	0.00504	0.00561	0.00903	0.01178	0.01559	0.22850	0.14349	0.16477	0.10138	0.00865	0.00231	0.00356	0.25617	0.00480	0.00444
4	0.00819	0.00557	0.00647	0.00641	0.00798	0.00501	0.00481	0.01015	0.03681	0.08257	0.14345	0.18829	0.38536	0.01221	0.00599	0.00177	0.00292	0.04044	0.04070	0.00491
5	0.01323	0.01099	0.01158	0.01012	0.01311	0.01241	0.00795	0.15616	0.56291	0.02256	0.02272	0.02119	0.09730	0.00747	0.00530	0.00170	0.00418	0.00613	0.00516	0.00782
6	0.00721	0.00553	0.00642	0.00655	0.00773	0.00523	0.00479	0.00946	0.06312	0.01511	0.18190	0.15228	0.28853	0.13988	0.00934	0.00233	0.00330	0.08207	0.00470	0.00451
7	0.01249	0.01132	0.01156	0.00865	0.01295	0.09306	0.00688	0.09354	0.01248	0.01792	0.00933	0.01067	0.00761	0.00421	0.00403	0.00090	0.00458	0.00323	0.00322	0.67136
8	0.01182	0.00832	0.00964	0.00861	0.01095	0.00843	0.00661	0.12983	0.16965	0.09552	0.08241	0.21815	0.06975	0.03749	0.00629	0.00181	0.00387	0.03246	0.00492	0.08345
9	0.01386	0.09837	0.06278	0.01159	0.01432	0.03272	0.01009	0.24027	0.06745	0.01942	0.01145	0.01325	0.03371	0.00806	0.03592	0.00193	0.26752	0.00454	0.00345	0.04930
10	0.09821	0.00583	0.00646	0.00714	0.00797	0.03114	0.00497	0.00863	0.01010	0.01444	0.06202	0.57729	0.07713	0.03338	0.02858	0.00220	0.00359	0.01204	0.00447	0.00440
11	0.00741	0.00567	0.00718	0.00726	0.00809	0.00596	0.00532	0.00904	0.03580	0.01290	0.05225	0.14669	0.16603	0.20158	0.21087	0.00422	0.04672	0.05887	0.00380	0.00433
12	0.01246	0.04635	0.10749	0.02398	0.01630	0.02353	0.12550	0.09627	0.07823	0.05176	0.01231	0.06672	0.01023	0.00562	0.00499	0.00136	0.01732	0.00491	0.00347	0.29121

[dist]
# distance from previous block
# <min> <max>
2	9

[block]
# block no. 11 follows, 48 sequences, length 21
# corresponding to MSA columns:
# 768-788
name=unknown_L
#
# <colnr> <probs for GDERKNQSTAVLIFYWHMCP>
#	G	D	E	R	K	N	Q	S	T	A	V	L	I	F	Y	W	H	M	C	P
0	0.02330	0.00665	0.00857	0.06949	0.01111	0.00680	0.03171	0.07665	0.04524	0.01565	0.05502	0.32868	0.15126	0.08502	0.04189	0.00240	0.00431	0.00999	0.02128	0.00497
1	0.00980	0.00752	0.00937	0.00991	0.06985	0.00773	0.00703	0.09552	0.12040	0.01916	0.20814	0.16639	0.07689	0.01047	0.00587	0.00179	0.00372	0.11540	0.04924	0.00581
2	0.03323	0.03931	0.10501	0.25682	0.21242	0.03836	0.02750	0.04740	0.02866	0.02804	0.03439	0.04449	0.00982	0.00574	0.00554	0.00162	0.04157	0.00488	0.00284	0.03236
3	0.00967	0.00823	0.01367	0.46137	0.11641	0.00948	0.02585	0.01172	0.00979	0.01292	0.03628	0.04043	0.01012	0.03965	0.00893	0.16664	0.00598	0.00515	0.00253	0.00516
4	0.00705	0.00501	0.00616	0.00639	0.00743	0.00458	0.00469	0.00833	0.01149	0.01535	0.23376	0.20794	0.25320	0.01322	0.00756	0.08926	0.00297	0.06408	0.04726	0.00427
5	0.00976	0.01521	0.28647	0.18831	0.02249	0.01050	0.15019	0.01413	0.03403	0.01517	0.03004	0.05919	0.06463	0.00877	0.06671	0.00221	0.00728	0.00574	0.00280	0.00637
6	0.01235	0.01136	0.01393	0.05378	0.07066	0.11424	0.04972	0.04317	0.01117	0.07421	0.02987	0.09051	0.07540	0.01045	0.06331	0.00228	0.25824	0.00610	0.00331	0.00595
7	0.00771	0.00559	0.00716	0.00776	0.00870	0.00555	0.00581	0.04940	0.02863	0.01523	0.06031	0.44189	0.07609	0.01594	0.06762	0.00250	0.00424	0.15276	0.03240	0.00470
8	0.08056	0.00949	0.01037	0.00852	0.01127	0.02432	0.00674	0.25470	0.01584	0.18391	0.10978	0.01949	0.01587	0.09238	0.00707	0.00187	0.00436	0.00546	0.13122	0.00677
9	0.01359	0.77950	0.02629	0.00903	0.01319	0.02006	0.00891	0.01520	0.01029	0.01209	0.00711	0.00839	0.00659	0.00463	0.00401	0.00116	0.04839	0.00284	0.00220	0.00653
10	0.17588	0.00952	0.00927	0.00849	0.01092	0.05156	0.00660	0.04979	0.24831	0.07106	0.02065	0.08289	0.09640	0.03786	0.02981	0.00201	0.00444	0.03415	0.04410	0.00630
11	0.01139	0.00683	0.00861	0.00769	0.00963	0.00651	0.00595	0.09843	0.01478	0.16233	0.39786	0.14307	0.06333	0.01024	0.00589	0.00169	0.00330	0.03105	0.00553	0.00588
12	0.00733	0.00525	0.00626	0.00634	0.00765	0.00468	0.00469	0.00889	0.01205	0.04962	0.23460	0.19805	0.33986	0.04148	0.00689	0.00192	0.00291	0.05193	0.00500	0.00460
13	0.09631	0.04462	0.23757	0.14765	0.01954	0.03723	0.01265	0.13923	0.01245	0.03790	0.01016	0.04685	0.00824	0.00623	0.00651	0.00170	0.12086	0.00452	0.00302	0.00676
14	0.00631	0.00466	0.00590	0.00674	0.00737	0.00426	0.00462	0.00741	0.01057	0.01389	0.09943	0.61323	0.16674	0.01504	0.00642	0.00198	0.00286	0.01346	0.00484	0.00426
15	0.01154	0.08144	0.41724	0.01569	0.12823	0.01184	0.06897	0.02868	0.03756	0.05126	0.01321	0.01454	0.05919	0.00549	0.00493	0.00157	0.00649	0.00462	0.03020	0.00732
16	0.01818	0.01136	0.01314	0.00993	0.01411	0.01111	0.00815	0.35600	0.01785	0.24664	0.01376	0.01336	0.00957	0.00559	0.00479	0.00135	0.00479	0.00436	0.00493	0.23105
17	0.00714	0.00500	0.00575	0.00582	0.00621	0.00485	0.00360	0.00764	0.00883	0.01165	0.08159	0.10262	0.13103	0.55060	0.04317	0.00411	0.00453	0.00863	0.00367	0.00355
18	0.01498	0.04370	0.07384	0.03015	0.01440	0.08037	0.02484	0.08557	0.01337	0.20898	0.01557	0.01700	0.05977	0.00598	0.00477	0.00135	0.00511	0.03740	0.00407	0.25879
19	0.35678	0.20247	0.01606	0.01041	0.03935	0.01386	0.09169	0.06924	0.01091	0.03624	0.00878	0.01036	0.00703	0.00508	0.00461	0.00150	0.05311	0.00360	0.05264	0.00629
20	0.03077	0.08977	0.17737	0.02959	0.03105	0.01336	0.03809	0.29204	0.07130	0.07284	0.03078	0.05111	0.02392	0.00637	0.00520	0.00159	0.01811	0.00508	0.00404	0.00762

[dist]
# distance from previous block
# <min> <max>
3	38

[block]
# block no. 12 follows, 48 sequences, length 24
# corresponding to MSA columns:
# 828-851
name=unknown_M
#
# <colnr> <probs for GDERKNQSTAVLIFYWHMCP>
#	G	D	E	R	K	N	Q	S	T	A	V	L	I	F	Y	W	H	M	C	P
0	0.08776	0.01150	0.05697	0.01183	0.08625	0.03809	0.05182	0.05930	0.11573	0.05741	0.01270	0.06842	0.01063	0.00565	0.00461	0.00134	0.00483	0.00476	0.00362	0.30679
1	0.14440	0.03675	0.01168	0.00944	0.01196	0.05554	0.08210	0.03455	0.01140	0.13388	0.07170	0.16175	0.01686	0.06556	0.05941	0.00229	0.02123	0.00671	0.00400	0.05878
2	0.09360	0.05606	0.12172	0.00877	0.01125	0.03012	0.00779	0.01323	0.04889	0.07739	0.01372	0.04080	0.01263	0.18852	0.24923	0.00431	0.00789	0.00542	0.00323	0.00545
3	0.01289	0.13928	0.13563	0.05809	0.30173	0.01386	0.16061	0.08647	0.01255	0.01719	0.00957	0.01197	0.00758	0.00472	0.00497	0.00152	0.00671	0.00447	0.00267	0.00752
4	0.01212	0.26457	0.20541	0.06717	0.06914	0.04611	0.06694	0.01525	0.01112	0.03758	0.01163	0.01310	0.05590	0.00513	0.00446	0.00137	0.00611	0.00412	0.00264	0.10015
5	0.03668	0.00697	0.00990	0.00878	0.01082	0.00689	0.05403	0.01106	0.00960	0.04024	0.01518	0.02354	0.02970	0.09240	0.36702	0.00484	0.00882	0.09102	0.00323	0.16925
6	0.01216	0.06728	0.01970	0.01459	0.01701	0.02992	0.24095	0.05573	0.01120	0.03937	0.07078	0.03161	0.02317	0.00726	0.01014	0.00187	0.33249	0.00554	0.00300	0.00624
7	0.85592	0.00992	0.00754	0.00675	0.00992	0.01151	0.00556	0.01508	0.00873	0.02302	0.00714	0.00834	0.00556	0.00476	0.00318	0.00159	0.00397	0.00278	0.00318	0.00556
8	0.00696	0.00501	0.00647	0.00724	0.00781	0.00486	0.00507	0.02518	0.01015	0.01350	0.04266	0.52954	0.06954	0.10847	0.06306	0.00282	0.00413	0.07882	0.00446	0.00425
9	0.00670	0.00483	0.00592	0.00637	0.00695	0.00451	0.00425	0.00769	0.01031	0.01371	0.15849	0.38208	0.13726	0.21377	0.01124	0.00267	0.00332	0.01139	0.00451	0.00404
10	0.01233	0.01248	0.01588	0.12943	0.17637	0.11699	0.01192	0.04365	0.01054	0.01414	0.00869	0.01247	0.00765	0.00960	0.08174	0.00242	0.32051	0.00446	0.00252	0.00622
11	0.00812	0.00589	0.00701	0.00688	0.00831	0.00557	0.00515	0.04597	0.04399	0.04226	0.25614	0.19229	0.24867	0.04655	0.00696	0.00193	0.00311	0.05522	0.00504	0.00493
12	0.01008	0.00925	0.01347	0.07064	0.09063	0.01127	0.03580	0.01294	0.08250	0.01420	0.04715	0.11001	0.03884	0.01199	0.08546	0.02779	0.31275	0.00637	0.00314	0.00571
13	0.01242	0.01229	0.03736	0.12913	0.51535	0.01233	0.09902	0.04091	0.05886	0.01704	0.01043	0.01330	0.00837	0.00482	0.00520	0.00159	0.00637	0.00480	0.00275	0.00768
14	0.00685	0.00511	0.00644	0.00713	0.00795	0.00484	0.00511	0.00878	0.04753	0.01481	0.13376	0.49680	0.14328	0.01428	0.00639	0.00198	0.00305	0.07648	0.00490	0.00452
15	0.01284	0.00889	0.01052	0.00794	0.01182	0.00740	0.00628	0.05351	0.04034	0.14307	0.01263	0.03085	0.01027	0.06315	0.00579	0.00131	0.00403	0.00417	0.02533	0.53987
16	0.01148	0.00903	0.01146	0.18240	0.01644	0.07568	0.05464	0.01458	0.05155	0.11445	0.22984	0.02464	0.09572	0.00762	0.00537	0.00159	0.00472	0.00658	0.06053	0.02168
17	0.00745	0.00564	0.00650	0.00700	0.00784	0.02613	0.00492	0.00887	0.03271	0.02866	0.04288	0.39991	0.17757	0.13553	0.03088	0.00259	0.00383	0.06228	0.00446	0.00436
18	0.04199	0.01834	0.01427	0.01281	0.02922	0.44359	0.00982	0.06074	0.05677	0.06783	0.00963	0.01119	0.00780	0.00685	0.02193	0.00170	0.17211	0.00394	0.00312	0.00635
19	0.03621	0.04146	0.24285	0.01201	0.01675	0.03680	0.01184	0.30363	0.18759	0.02349	0.01299	0.01323	0.00951	0.00584	0.00493	0.00158	0.00585	0.00450	0.02099	0.00795
20	0.00909	0.00824	0.01371	0.12964	0.15382	0.00849	0.11195	0.01134	0.01071	0.01451	0.02052	0.28760	0.08921	0.00984	0.00639	0.00184	0.04335	0.03458	0.02959	0.00559
