[name]
unknown

[dist]
# distance from previous block
# <min> <max>
0	67

[block]
# block no. 0 follows, 66 sequences, length 47
# corresponding to MSA columns:
# 92-138
name=unknown_A
#
# <colnr> <probs for GDERKNQSTAVLIFYWHMCP>
#	G	D	E	R	K	N	Q	S	T	A	V	L	I	F	Y	W	H	M	C	P
0	0.00992	0.00936	0.01549	0.03193	0.64339	0.01920	0.05903	0.01295	0.06861	0.02743	0.02989	0.03763	0.00833	0.00418	0.00412	0.00124	0.00468	0.00410	0.00233	0.00617
1	0.00900	0.00719	0.00862	0.00663	0.03546	0.00553	0.00508	0.01078	0.00866	0.06553	0.00863	0.00958	0.02695	0.00333	0.00315	0.00068	0.00307	0.00270	0.00259	0.77682
2	0.00960	0.00920	0.01545	0.13407	0.58750	0.00952	0.05884	0.01289	0.08155	0.01314	0.00901	0.01118	0.02181	0.00395	0.00409	0.00125	0.00482	0.00386	0.00220	0.00606
3	0.01164	0.01185	0.01007	0.00937	0.03349	0.25764	0.00705	0.04201	0.51157	0.01486	0.01318	0.01348	0.01028	0.00522	0.00403	0.00128	0.00453	0.02915	0.00345	0.00584
4	0.05470	0.00813	0.01301	0.23449	0.13475	0.00858	0.10808	0.01346	0.00914	0.22706	0.00943	0.01096	0.00684	0.00439	0.00491	0.00130	0.08670	0.00373	0.00277	0.05758
5	0.00940	0.00776	0.01284	0.54363	0.21886	0.00877	0.01086	0.01190	0.00877	0.10177	0.00828	0.01092	0.00617	0.00404	0.00403	0.00129	0.00501	0.00364	0.00222	0.01982
6	0.37032	0.00846	0.00850	0.00703	0.00973	0.00928	0.00574	0.19306	0.11612	0.18164	0.02084	0.01064	0.01972	0.00469	0.00360	0.00127	0.01668	0.00338	0.00359	0.00569
7	0.01040	0.00923	0.01538	0.12599	0.65725	0.00944	0.01177	0.03801	0.00955	0.06202	0.00814	0.01035	0.00653	0.00379	0.00403	0.00123	0.00480	0.00364	0.00223	0.00623
8	0.00801	0.00757	0.01280	0.72614	0.14672	0.00911	0.01144	0.01067	0.00828	0.01079	0.00727	0.01070	0.00556	0.00399	0.00405	0.00133	0.00532	0.00361	0.00183	0.00479
9	0.02235	0.00675	0.08060	0.00651	0.00862	0.00531	0.00556	0.01242	0.00963	0.33217	0.13241	0.03753	0.07371	0.15482	0.05714	0.00208	0.00387	0.03974	0.00383	0.00493
10	0.00508	0.00374	0.00502	0.00574	0.00617	0.00347	0.01527	0.00593	0.00808	0.01069	0.04896	0.72735	0.08645	0.01221	0.00515	0.00162	0.00243	0.03953	0.00376	0.00337
11	0.00898	0.06405	0.39475	0.01111	0.09082	0.00828	0.05174	0.01220	0.02017	0.09464	0.04348	0.13214	0.01095	0.00562	0.00416	0.00133	0.00478	0.03272	0.00260	0.00551
12	0.01230	0.02535	0.03039	0.05575	0.40543	0.11185	0.03615	0.08032	0.01065	0.15542	0.01981	0.01056	0.00724	0.00416	0.00413	0.00121	0.01683	0.00362	0.00272	0.00612
13	0.00820	0.00772	0.01296	0.63536	0.19980	0.00915	0.01132	0.01078	0.00831	0.01105	0.00735	0.01067	0.00571	0.00405	0.00426	0.00132	0.02679	0.00361	0.01668	0.00491
14	0.03020	0.01541	0.50134	0.01011	0.01494	0.00822	0.04289	0.01503	0.00962	0.28342	0.02367	0.01070	0.00732	0.00429	0.00395	0.00128	0.00506	0.00348	0.00288	0.00620
15	0.01014	0.00739	0.00872	0.00635	0.00983	0.00592	0.00512	0.06396	0.00953	0.12148	0.00862	0.00931	0.00666	0.00342	0.00321	0.00073	0.00314	0.00273	0.01626	0.69750
16	0.00981	0.00971	0.01750	0.04488	0.64699	0.00962	0.15902	0.01240	0.00931	0.01319	0.02362	0.01062	0.00697	0.00368	0.00417	0.00124	0.00515	0.00390	0.00206	0.00615
17	0.00619	0.00512	0.03854	0.00602	0.00723	0.00429	0.01984	0.00785	0.04519	0.04343	0.09195	0.47896	0.14812	0.01013	0.00478	0.00145	0.00263	0.00901	0.00368	0.06558
18	0.00674	0.00701	0.07013	0.00650	0.02781	0.06526	0.00526	0.01824	0.02940	0.01355	0.36298	0.02753	0.27756	0.00860	0.02702	0.00144	0.03058	0.00664	0.00364	0.00411
19	0.00814	0.02099	0.83640	0.01156	0.01756	0.00942	0.01499	0.01285	0.00857	0.01285	0.00728	0.00857	0.00514	0.00385	0.00385	0.00128	0.00600	0.00300	0.00171	0.00600
20	0.11275	0.10592	0.01147	0.00894	0.01133	0.49167	0.00700	0.05096	0.06139	0.05033	0.00777	0.02771	0.00639	0.00438	0.00350	0.00109	0.00574	0.00296	0.00250	0.02617
21	0.08677	0.12172	0.01017	0.00684	0.00963	0.02569	0.02589	0.02459	0.09995	0.19011	0.07674	0.04512	0.04583	0.00500	0.00364	0.00108	0.00337	0.00404	0.00336	0.21046
22	0.00982	0.00942	0.01607	0.10067	0.75805	0.00958	0.01234	0.01226	0.00913	0.01299	0.00759	0.01011	0.00633	0.00366	0.00402	0.00122	0.00487	0.00361	0.00199	0.00625
23	0.01030	0.00998	0.02817	0.14093	0.26136	0.08797	0.07267	0.06877	0.17087	0.02759	0.03282	0.01278	0.02251	0.00460	0.00412	0.00128	0.00478	0.01947	0.01330	0.00572
24	0.01354	0.00722	0.00875	0.00733	0.00983	0.00722	0.00588	0.06745	0.25154	0.40240	0.04102	0.05154	0.03214	0.00592	0.00419	0.00132	0.00327	0.03528	0.03796	0.00620
25	0.00547	0.00410	0.00558	0.00617	0.00682	0.00387	0.02396	0.00668	0.01781	0.01111	0.04515	0.53859	0.11178	0.01170	0.00520	0.00165	0.00273	0.18439	0.00374	0.00351
26	0.00582	0.00398	0.00457	0.00469	0.00509	0.00379	0.00298	0.00630	0.00721	0.02373	0.04930	0.15535	0.15869	0.49592	0.01390	0.00288	0.00323	0.02571	0.02392	0.00294
27	0.00518	0.00385	0.00468	0.00509	0.00579	0.00350	0.00360	0.00622	0.00878	0.01156	0.15804	0.41352	0.25287	0.04394	0.00556	0.00159	0.00229	0.03471	0.02580	0.00341
28	0.00905	0.04126	0.03030	0.31705	0.25325	0.00998	0.04677	0.03940	0.02412	0.01198	0.00737	0.01016	0.00599	0.00479	0.01960	0.00141	0.12737	0.00358	0.00201	0.03455
29	0.80094	0.00783	0.00630	0.00557	0.00807	0.00902	0.00458	0.04255	0.00747	0.03820	0.00624	0.00721	0.00483	0.00477	0.03199	0.00144	0.00347	0.00237	0.00262	0.00452
30	0.21112	0.00888	0.01006	0.10551	0.03217	0.03766	0.04408	0.11111	0.24093	0.07229	0.02405	0.01120	0.00827	0.00461	0.00389	0.00127	0.02047	0.00363	0.00321	0.04560
31	0.01151	0.01167	0.01369	0.06961	0.32446	0.20071	0.03496	0.07926	0.09302	0.02719	0.00830	0.00994	0.00668	0.00442	0.00487	0.00126	0.08678	0.00352	0.00242	0.00573
32	0.02705	0.00715	0.00775	0.00683	0.00892	0.00777	0.00535	0.04852	0.42867	0.12084	0.03114	0.01502	0.01999	0.00525	0.00376	0.00123	0.00291	0.00429	0.22713	0.02043
33	0.05943	0.01246	0.01159	0.00949	0.02977	0.17387	0.00750	0.55516	0.01613	0.02114	0.00866	0.00903	0.00638	0.00454	0.00384	0.00115	0.00488	0.00330	0.00345	0.05825
34	0.05540	0.04993	0.22005	0.01241	0.06040	0.08078	0.25527	0.03827	0.04463	0.07760	0.02858	0.02227	0.02721	0.00428	0.00410	0.00127	0.00548	0.00399	0.00248	0.00560
35	0.00772	0.00725	0.04993	0.04376	0.05041	0.03362	0.00585	0.02754	0.18607	0.02376	0.20289	0.07660	0.17400	0.02311	0.00466	0.00133	0.00312	0.00603	0.00357	0.06878
36	0.00672	0.00483	0.00589	0.00568	0.00682	0.00470	0.00422	0.02796	0.10766	0.04836	0.41558	0.21289	0.11506	0.00895	0.00475	0.00138	0.00230	0.00786	0.00421	0.00417
37	0.01025	0.01042	0.02971	0.08992	0.11603	0.14601	0.08200	0.08534	0.16786	0.01383	0.04504	0.06064	0.04508	0.00554	0.00484	0.00133	0.06271	0.01524	0.00287	0.00533
38	0.03211	0.22809	0.05693	0.03413	0.03407	0.09241	0.17672	0.08367	0.06812	0.03438	0.01023	0.05999	0.04098	0.00479	0.00408	0.00121	0.02615	0.00407	0.00253	0.00532
39	0.02708	0.00514	0.00653	0.00568	0.00734	0.00469	0.00437	0.01181	0.02045	0.29268	0.32267	0.06057	0.07074	0.07418	0.00563	0.00148	0.00266	0.00600	0.06555	0.00475
40	0.00541	0.00390	0.00521	0.00605	0.00656	0.00370	0.00450	0.00650	0.00843	0.01113	0.05712	0.55650	0.06678	0.01199	0.00526	0.00168	0.00270	0.22935	0.00379	0.00345
41	0.01071	0.00935	0.01320	0.08032	0.40714	0.04531	0.01711	0.07034	0.16428	0.06094	0.02219	0.01241	0.00860	0.00453	0.00422	0.00127	0.01871	0.02394	0.01935	0.00607
42	0.01047	0.58778	0.17231	0.00815	0.01195	0.04624	0.01910	0.03250	0.04115	0.01104	0.02275	0.00787	0.00618	0.00378	0.00305	0.00100	0.00471	0.00261	0.00195	0.00540
43	0.00509	0.00372	0.00466	0.00531	0.00581	0.00342	0.00366	0.00589	0.00813	0.01062	0.05077	0.58301	0.18731	0.04896	0.00589	0.01228	0.00241	0.03719	0.01258	0.00330
44	0.00815	0.00676	0.00820	0.00755	0.00857	0.07783	0.02060	0.04971	0.00813	0.04506	0.03801	0.02568	0.01060	0.05028	0.44045	0.00415	0.11903	0.02982	0.03730	0.00413
45	0.01249	0.07240	0.01247	0.03801	0.03665	0.02868	0.10879	0.11826	0.06430	0.25984	0.01321	0.07202	0.03251	0.00572	0.00493	0.00134	0.07090	0.03822	0.00352	0.00574
46	0.00510	0.00368	0.00481	0.00564	0.00600	0.00344	0.00389	0.00591	0.00796	0.01052	0.03385	0.69656	0.07818	0.04499	0.00578	0.00173	0.00250	0.07243	0.00372	0.00331

[dist]
# distance from previous block
# <min> <max>
0	2

[block]
# block no. 1 follows, 66 sequences, length 12
# corresponding to MSA columns:
# 141-152
name=unknown_B
#
# <colnr> <probs for GDERKNQSTAVLIFYWHMCP>
#	G	D	E	R	K	N	Q	S	T	A	V	L	I	F	Y	W	H	M	C	P
0	0.03494	0.00919	0.02788	0.19341	0.47661	0.00948	0.03860	0.07693	0.02260	0.03253	0.00871	0.02483	0.01803	0.00412	0.00404	0.00126	0.00482	0.00383	0.00230	0.00588
1	0.03495	0.04908	0.02217	0.00639	0.00948	0.00620	0.00530	0.01098	0.05154	0.04461	0.03321	0.03898	0.00963	0.00451	0.00345	0.00088	0.00317	0.08045	0.00278	0.58224
2	0.02707	0.12993	0.03439	0.00887	0.01062	0.14067	0.08477	0.05761	0.02754	0.01142	0.01082	0.19927	0.01115	0.05859	0.03484	0.00169	0.13841	0.00527	0.00255	0.00452
3	0.06875	0.00802	0.00947	0.00759	0.01020	0.00827	0.00620	0.25196	0.05538	0.34097	0.09777	0.01433	0.01187	0.00545	0.00442	0.00127	0.03928	0.01787	0.03480	0.00613
4	0.00782	0.00650	0.02934	0.03053	0.11251	0.00622	0.02318	0.02300	0.14581	0.05806	0.24206	0.05893	0.17557	0.00802	0.03034	0.00150	0.00329	0.02886	0.00368	0.00480
5	0.00775	0.00681	0.01031	0.18394	0.18279	0.02370	0.03884	0.03952	0.01904	0.01205	0.05002	0.12318	0.04791	0.03415	0.09539	0.00205	0.00497	0.11028	0.00273	0.00457
6	0.00591	0.00478	0.04037	0.00584	0.00643	0.00439	0.00439	0.00682	0.00703	0.00952	0.01532	0.17317	0.01703	0.37627	0.16960	0.00356	0.00502	0.13855	0.00282	0.00319
7	0.09601	0.05963	0.01326	0.07283	0.20093	0.08622	0.06281	0.12740	0.13007	0.05438	0.00909	0.01020	0.00702	0.00439	0.00431	0.00126	0.04809	0.00355	0.00277	0.00579
8	0.00906	0.00862	0.01514	0.27908	0.45061	0.00911	0.08921	0.01140	0.00867	0.01193	0.00752	0.01052	0.00612	0.00440	0.00486	0.05754	0.00512	0.00372	0.00193	0.00544
9	0.00997	0.00985	0.01543	0.13687	0.64196	0.05871	0.01188	0.01228	0.00910	0.01253	0.00741	0.00994	0.00617	0.00384	0.00435	0.00124	0.03694	0.00355	0.00198	0.00599
10	0.01455	0.01833	0.01159	0.01047	0.01236	0.76114	0.00794	0.01558	0.01099	0.00991	0.00618	0.00747	0.00524	0.00446	0.00459	0.00112	0.08866	0.00270	0.00206	0.00468
11	0.00871	0.22742	0.16279	0.03351	0.01147	0.00900	0.03416	0.03123	0.02564	0.03577	0.03213	0.04699	0.12573	0.00532	0.00371	0.00111	0.00399	0.03421	0.00257	0.16454

[dist]
# distance from previous block
# <min> <max>
0	1

[block]
# block no. 2 follows, 66 sequences, length 6
# corresponding to MSA columns:
# 154-159
name=unknown_C
#
# <colnr> <probs for GDERKNQSTAVLIFYWHMCP>
#	G	D	E	R	K	N	Q	S	T	A	V	L	I	F	Y	W	H	M	C	P
0	0.00615	0.00466	0.00539	0.00527	0.00651	0.00446	0.00399	0.00832	0.08492	0.04077	0.14755	0.06649	0.40256	0.05320	0.10311	0.00211	0.00340	0.04357	0.00370	0.00387
1	0.00842	0.00789	0.01103	0.30272	0.06812	0.03344	0.00881	0.03141	0.09740	0.01166	0.03654	0.07701	0.02779	0.00670	0.03016	0.00161	0.22762	0.00454	0.00242	0.00472
2	0.00792	0.00674	0.00786	0.00585	0.00907	0.00513	0.00462	0.00960	0.00843	0.01287	0.01062	0.06806	0.06538	0.00418	0.00328	0.00073	0.00289	0.00346	0.00259	0.76073
3	0.00590	0.00393	0.00442	0.00442	0.00442	0.00393	0.00246	0.00590	0.00590	0.00787	0.01278	0.02655	0.01475	0.85742	0.02065	0.00393	0.00393	0.00590	0.00246	0.00246
4	0.00855	0.14991	0.71112	0.01085	0.01646	0.01044	0.01375	0.01274	0.00852	0.01234	0.00703	0.00825	0.00515	0.00380	0.00366	0.00122	0.00574	0.00287	0.00172	0.00587
5	0.01189	0.55473	0.01753	0.00808	0.03554	0.11742	0.00707	0.08462	0.00981	0.05468	0.00727	0.03422	0.00636	0.00405	0.00308	0.00097	0.00459	0.00280	0.00225	0.03304

[dist]
# distance from previous block
# <min> <max>
0	2

[block]
# block no. 3 follows, 66 sequences, length 48
# corresponding to MSA columns:
# 162-209
name=unknown_D
#
# <colnr> <probs for GDERKNQSTAVLIFYWHMCP>
#	G	D	E	R	K	N	Q	S	T	A	V	L	I	F	Y	W	H	M	C	P
0	0.01137	0.05117	0.14510	0.02085	0.01278	0.00823	0.10926	0.12000	0.03931	0.19815	0.03235	0.03779	0.05602	0.00509	0.00407	0.00122	0.00429	0.02974	0.00328	0.10993
1	0.03075	0.03119	0.05834	0.00908	0.04028	0.01051	0.00740	0.32825	0.31202	0.03077	0.05245	0.01399	0.02893	0.00536	0.00409	0.00129	0.00387	0.02136	0.00380	0.00627
2	0.03073	0.00972	0.03077	0.00838	0.01152	0.01796	0.04367	0.41766	0.04462	0.02589	0.00944	0.03104	0.00746	0.02888	0.00455	0.02238	0.00407	0.00360	0.00331	0.24435
3	0.00499	0.00370	0.00462	0.00527	0.00576	0.00337	0.00359	0.00581	0.00822	0.01075	0.07432	0.61409	0.18771	0.04062	0.00560	0.00165	0.00232	0.01050	0.00376	0.00332
4	0.00818	0.04007	0.76657	0.01129	0.01699	0.00944	0.02648	0.01282	0.02197	0.01294	0.03181	0.00930	0.00626	0.00400	0.00387	0.00128	0.00580	0.00316	0.00184	0.00591
5	0.02089	0.02321	0.02691	0.04609	0.07965	0.02448	0.00481	0.04668	0.00722	0.00979	0.01122	0.03072	0.01216	0.58112	0.02670	0.00314	0.03419	0.00517	0.00241	0.00343
6	0.00617	0.00404	0.00499	0.00515	0.00535	0.00406	0.00329	0.00640	0.00663	0.03320	0.01504	0.23880	0.01720	0.50359	0.03273	0.05385	0.02403	0.02974	0.00285	0.00287
7	0.08255	0.00839	0.00927	0.00747	0.01010	0.00887	0.00606	0.35333	0.07392	0.21507	0.01247	0.04875	0.00924	0.00519	0.00382	0.00122	0.00356	0.00407	0.13058	0.00606
8	0.04452	0.02456	0.20792	0.02259	0.15962	0.03981	0.12623	0.07943	0.02792	0.02826	0.02339	0.07264	0.03267	0.02047	0.02525	0.00150	0.00510	0.05016	0.00255	0.00541
9	0.00982	0.00937	0.01586	0.07939	0.74681	0.00952	0.01214	0.01244	0.02653	0.01312	0.00803	0.01081	0.00677	0.00381	0.00405	0.00123	0.00481	0.01717	0.00207	0.00625
10	0.01258	0.01365	0.01047	0.00957	0.03147	0.44646	0.02500	0.08730	0.09264	0.03204	0.00923	0.02790	0.00786	0.05672	0.08816	0.00184	0.01608	0.00359	0.02254	0.00490
11	0.01082	0.68103	0.07393	0.00770	0.01114	0.08112	0.02756	0.01239	0.00853	0.01000	0.00613	0.00718	0.00543	0.00407	0.01822	0.00103	0.00481	0.00240	0.02132	0.00516
12	0.01255	0.00669	0.00778	0.00650	0.00866	0.00683	0.00521	0.12256	0.13385	0.28810	0.01399	0.01382	0.00999	0.00502	0.00386	0.00117	0.02319	0.00398	0.32061	0.00564
13	0.08499	0.01055	0.01134	0.00876	0.01188	0.01154	0.00723	0.64793	0.01687	0.08012	0.00965	0.00970	0.00685	0.00476	0.00409	0.00121	0.02223	0.00351	0.00388	0.04292
14	0.00533	0.00400	0.00546	0.00610	0.00655	0.00387	0.01910	0.00625	0.00804	0.01067	0.03340	0.65876	0.07083	0.02157	0.00561	0.00168	0.02761	0.09809	0.00367	0.00342
15	0.00606	0.00406	0.00480	0.00488	0.00523	0.00394	0.00315	0.00654	0.00717	0.02780	0.08393	0.09851	0.07419	0.56735	0.01531	0.00311	0.00348	0.07459	0.00299	0.00292
16	0.02849	0.00446	0.00578	0.00586	0.00687	0.00424	0.00453	0.00850	0.02191	0.07102	0.36245	0.21371	0.04976	0.00948	0.00489	0.00148	0.00254	0.17143	0.01864	0.00395
17	0.00589	0.00409	0.00489	0.00498	0.00534	0.00408	0.00327	0.00667	0.02253	0.00980	0.09817	0.09906	0.06261	0.50471	0.07791	0.00329	0.00395	0.05327	0.02250	0.00299
18	0.67593	0.00767	0.00669	0.00581	0.00836	0.00855	0.00480	0.04933	0.00823	0.13286	0.00797	0.00920	0.00605	0.00425	0.00291	0.00127	0.00323	0.02816	0.02391	0.00482
19	0.01355	0.01050	0.01128	0.00903	0.01181	0.04317	0.02640	0.59108	0.09774	0.02197	0.01150	0.06835	0.00937	0.02677	0.00460	0.00135	0.00433	0.02705	0.00387	0.00629
20	0.01106	0.06770	0.01263	0.00994	0.01121	0.10121	0.00822	0.17046	0.07063	0.01341	0.00715	0.00919	0.00614	0.00599	0.00906	0.00150	0.47347	0.00345	0.00243	0.00515
21	0.01492	0.01304	0.01216	0.00975	0.01269	0.21335	0.03398	0.53435	0.06320	0.03840	0.00937	0.00959	0.00685	0.00470	0.00399	0.00119	0.00514	0.00350	0.00354	0.00629
22	0.01004	0.00964	0.01647	0.02490	0.83211	0.00964	0.01245	0.01245	0.00924	0.01325	0.00763	0.01004	0.00643	0.00361	0.00402	0.00120	0.00482	0.00361	0.00201	0.00643
23	0.00999	0.00959	0.01638	0.04174	0.81565	0.00963	0.01243	0.01241	0.00922	0.01320	0.00762	0.01006	0.00641	0.00362	0.00402	0.00121	0.00483	0.00361	0.00200	0.00639
24	0.00776	0.00732	0.01230	0.80302	0.05138	0.00911	0.01124	0.01041	0.00810	0.01044	0.00718	0.01075	0.00544	0.00412	0.00428	0.00136	0.02581	0.00360	0.00181	0.00456
25	0.00846	0.00729	0.00867	0.00661	0.03584	0.00554	0.00505	0.01029	0.00844	0.01322	0.00722	0.00846	0.00602	0.00302	0.00304	0.00062	0.00306	0.00244	0.00239	0.85429
26	0.01199	0.13415	0.01336	0.01041	0.03745	0.35290	0.00822	0.01307	0.00890	0.02952	0.00609	0.00805	0.00541	0.00523	0.00731	0.00132	0.33687	0.00298	0.00198	0.00478
27	0.05350	0.02403	0.01031	0.00917	0.01127	0.57733	0.00698	0.04499	0.09069	0.03371	0.00832	0.00909	0.00660	0.00439	0.00358	0.00109	0.00594	0.00298	0.09113	0.00491
28	0.00504	0.00374	0.00472	0.00540	0.00594	0.00342	0.00377	0.00595	0.00838	0.01095	0.07900	0.60158	0.18580	0.01187	0.00510	0.00158	0.00233	0.04826	0.00381	0.00338
29	0.00723	0.00573	0.00643	0.00595	0.00751	0.00587	0.00455	0.01210	0.28304	0.03340	0.33595	0.02712	0.23352	0.00780	0.00455	0.00133	0.00242	0.00666	0.00419	0.00466
30	0.00562	0.00392	0.00479	0.00515	0.00567	0.00367	0.00353	0.00626	0.00781	0.02285	0.05655	0.32480	0.18380	0.23571	0.00964	0.03835	0.00287	0.07249	0.00338	0.00315
31	0.55233	0.00694	0.00629	0.00551	0.00779	0.00752	0.00446	0.02713	0.00856	0.12900	0.11259	0.01320	0.06988	0.00502	0.00321	0.00126	0.00294	0.00363	0.02813	0.00463
32	0.00783	0.00730	0.01217	0.82969	0.02761	0.00909	0.01119	0.02769	0.00835	0.01069	0.00727	0.01079	0.00544	0.00407	0.00406	0.00135	0.00539	0.00361	0.00185	0.00456
33	0.00742	0.00575	0.00682	0.00692	0.00817	0.00608	0.00550	0.03956	0.23121	0.01328	0.03699	0.12188	0.08379	0.09623	0.00656	0.00185	0.00332	0.31055	0.00374	0.00438
34	0.00595	0.00423	0.00544	0.00539	0.00567	0.00460	0.00363	0.00652	0.00614	0.00851	0.01185	0.02204	0.01274	0.52079	0.33055	0.00485	0.03056	0.00525	0.00233	0.00295
35	0.06111	0.58287	0.09120	0.00776	0.01124	0.10138	0.00762	0.05501	0.00919	0.03172	0.00633	0.00713	0.00537	0.00371	0.00293	0.00097	0.00472	0.00242	0.00202	0.00531
36	0.11148	0.00755	0.02602	0.02193	0.00899	0.04960	0.00615	0.07690	0.00796	0.02888	0.00893	0.01332	0.00825	0.12731	0.23840	0.00316	0.20800	0.00390	0.03907	0.00422
37	0.03120	0.01063	0.08940	0.07924	0.24738	0.02429	0.15870	0.02834	0.03688	0.01245	0.00733	0.00986	0.00603	0.00468	0.00663	0.00141	0.23431	0.00374	0.00204	0.00546
38	0.00548	0.00410	0.00512	0.00523	0.00611	0.00377	0.00386	0.00709	0.02377	0.01360	0.42376	0.23214	0.18695	0.00986	0.00492	0.00142	0.00217	0.05287	0.00412	0.00366
39	0.00511	0.00368	0.00500	0.00576	0.00607	0.00361	0.00395	0.00592	0.00751	0.01013	0.02017	0.69169	0.02371	0.03839	0.14596	0.00253	0.00383	0.01018	0.00346	0.00333
40	0.01085	0.85986	0.02126	0.00694	0.01041	0.01605	0.00694	0.01215	0.00824	0.00955	0.00564	0.00651	0.00521	0.00347	0.00260	0.00087	0.00434	0.00217	0.00174	0.00521
41	0.00671	0.00474	0.00677	0.00749	0.00847	0.00469	0.02155	0.00850	0.00926	0.02949	0.02119	0.11281	0.02304	0.01106	0.00552	0.00183	0.00367	0.70568	0.00373	0.00380
42	0.00619	0.00417	0.00484	0.00479	0.00582	0.00374	0.00347	0.00731	0.00913	0.06406	0.17892	0.15837	0.34204	0.11258	0.00662	0.00168	0.00240	0.01904	0.06122	0.00361
43	0.03599	0.02057	0.81005	0.01137	0.01725	0.00941	0.01465	0.01282	0.00851	0.01302	0.00723	0.00850	0.00512	0.00385	0.00381	0.00128	0.00591	0.00297	0.00174	0.00595
44	0.00534	0.00377	0.00488	0.00546	0.00580	0.00358	0.00371	0.00617	0.00807	0.01088	0.14034	0.52429	0.02604	0.17065	0.00805	0.00204	0.00268	0.06137	0.00362	0.00325
45	0.59665	0.00776	0.00724	0.03132	0.00909	0.02786	0.02477	0.05008	0.00782	0.01642	0.00800	0.05434	0.00718	0.00651	0.05688	0.00166	0.03434	0.04504	0.00263	0.00441
46	0.00530	0.00414	0.00482	0.00483	0.00589	0.00372	0.00355	0.00686	0.03003	0.01295	0.32622	0.17183	0.38555	0.00984	0.00484	0.00138	0.00208	0.00851	0.00403	0.00363
47	0.00944	0.20631	0.35323	0.01074	0.08352	0.03845	0.03605	0.01288	0.05528	0.04812	0.05194	0.05897	0.00892	0.00463	0.00376	0.00120	0.00490	0.00377	0.00231	0.00559

[dist]
# distance from previous block
# <min> <max>
4	13

[block]
# block no. 4 follows, 66 sequences, length 8
# corresponding to MSA columns:
# 223-230
name=unknown_E
#
# <colnr> <probs for GDERKNQSTAVLIFYWHMCP>
#	G	D	E	R	K	N	Q	S	T	A	V	L	I	F	Y	W	H	M	C	P
0	0.00690	0.00678	0.09287	0.00680	0.00852	0.00542	0.00591	0.08619	0.02915	0.01289	0.02216	0.28690	0.17757	0.00958	0.00482	0.00150	0.00323	0.18235	0.00352	0.04694
1	0.01064	0.03479	0.12288	0.04549	0.12692	0.00908	0.06905	0.17952	0.07347	0.08191	0.01167	0.01641	0.00987	0.02381	0.04603	0.00166	0.00495	0.12307	0.00306	0.00570
2	0.01189	0.24700	0.14694	0.01097	0.07055	0.12570	0.11259	0.10919	0.01052	0.08725	0.00803	0.00923	0.00625	0.02207	0.00402	0.00119	0.00529	0.00323	0.00243	0.00568
3	0.00701	0.04690	0.00641	0.05231	0.00708	0.04240	0.00389	0.04648	0.00771	0.00994	0.03541	0.02400	0.12025	0.49924	0.04460	0.00298	0.00411	0.00559	0.03042	0.00327
4	0.03413	0.03312	0.03179	0.04496	0.39556	0.00881	0.00934	0.06585	0.07533	0.02655	0.04111	0.09792	0.01102	0.00553	0.00447	0.00131	0.03262	0.05206	0.00273	0.02578
5	0.09480	0.03770	0.05903	0.00974	0.07190	0.15491	0.03839	0.07677	0.17180	0.08320	0.02154	0.01209	0.01875	0.00718	0.08535	0.00173	0.00521	0.01612	0.00299	0.03080
6	0.01142	0.11972	0.06374	0.00861	0.07085	0.02668	0.00691	0.12092	0.01093	0.20538	0.05167	0.08855	0.04445	0.00618	0.00408	0.00126	0.00378	0.08498	0.04580	0.02410
7	0.03513	0.00994	0.01372	0.03834	0.48683	0.08655	0.01011	0.03633	0.05602	0.03367	0.00818	0.01013	0.00673	0.00504	0.03655	0.00140	0.05232	0.00349	0.00230	0.06721

[dist]
# distance from previous block
# <min> <max>
0	3

[block]
# block no. 5 follows, 66 sequences, length 12
# corresponding to MSA columns:
# 234-245
name=unknown_F
#
# <colnr> <probs for GDERKNQSTAVLIFYWHMCP>
#	G	D	E	R	K	N	Q	S	T	A	V	L	I	F	Y	W	H	M	C	P
0	0.02759	0.00540	0.00607	0.00542	0.00704	0.00513	0.00414	0.07130	0.04710	0.03301	0.16029	0.05587	0.16412	0.07129	0.01714	0.00145	0.00277	0.03266	0.15387	0.12833
1	0.08978	0.00853	0.01047	0.02394	0.06678	0.00880	0.04475	0.22248	0.11580	0.13441	0.02682	0.02607	0.04192	0.00517	0.00412	0.00123	0.01838	0.03660	0.00354	0.11043
2	0.00756	0.02108	0.08114	0.00731	0.00938	0.00584	0.07629	0.04051	0.04012	0.05614	0.15053	0.16333	0.12873	0.04515	0.03854	0.00165	0.00368	0.04312	0.00337	0.07651
3	0.77908	0.00762	0.00606	0.00539	0.00778	0.00873	0.00438	0.03192	0.00734	0.03644	0.00654	0.00789	0.00519	0.03522	0.00326	0.00134	0.00316	0.00247	0.03578	0.00442
4	0.01002	0.00821	0.00869	0.00779	0.00963	0.07555	0.02223	0.15145	0.25539	0.04834	0.05702	0.18205	0.03308	0.00762	0.02107	0.00148	0.01967	0.03734	0.03813	0.00525
5	0.00955	0.00911	0.01526	0.10926	0.68826	0.00930	0.01174	0.01218	0.03118	0.01295	0.00936	0.01159	0.04416	0.00402	0.00406	0.00123	0.00471	0.00387	0.00212	0.00609
6	0.00841	0.00721	0.00841	0.00601	0.00961	0.00541	0.00481	0.01022	0.00841	0.01322	0.00721	0.00841	0.00601	0.00300	0.00300	0.00060	0.00300	0.00240	0.00240	0.88222
7	0.00667	0.00408	0.00501	0.00542	0.00618	0.00398	0.00415	0.00809	0.00854	0.03236	0.04824	0.21128	0.03892	0.08766	0.00592	0.00166	0.00274	0.22778	0.28771	0.00361
8	0.00533	0.00391	0.00483	0.00529	0.00589	0.00364	0.00375	0.00626	0.00837	0.01094	0.11091	0.37536	0.19502	0.14030	0.00746	0.00192	0.00264	0.10124	0.00364	0.00330
9	0.00707	0.00500	0.00624	0.00592	0.00697	0.00509	0.00455	0.03093	0.02601	0.06927	0.26359	0.17624	0.18884	0.00891	0.00559	0.00142	0.09078	0.03913	0.05439	0.00405
10	0.00580	0.00392	0.00443	0.00449	0.00456	0.00387	0.00256	0.00588	0.00615	0.00814	0.01448	0.07874	0.04722	0.77174	0.01907	0.00369	0.00376	0.00636	0.00259	0.00255
11	0.01259	0.01045	0.04793	0.00883	0.01141	0.14234	0.06046	0.21489	0.02694	0.17470	0.05185	0.03509	0.10230	0.00594	0.00468	0.00129	0.04492	0.03428	0.00355	0.00555

[dist]
# distance from previous block
# <min> <max>
6	26

[block]
# block no. 6 follows, 66 sequences, length 18
# corresponding to MSA columns:
# 272-289
name=unknown_G
#
# <colnr> <probs for GDERKNQSTAVLIFYWHMCP>
#	G	D	E	R	K	N	Q	S	T	A	V	L	I	F	Y	W	H	M	C	P
0	0.06502	0.05787	0.22292	0.02360	0.01241	0.09514	0.02587	0.04213	0.06279	0.02916	0.00883	0.06497	0.00753	0.00534	0.02647	0.00129	0.05651	0.00357	0.00242	0.18615
1	0.00975	0.13325	0.41211	0.04202	0.04732	0.03523	0.01106	0.04570	0.04909	0.07065	0.06405	0.01061	0.00824	0.00445	0.00418	0.00124	0.03954	0.00342	0.00238	0.00572
2	0.04187	0.00470	0.00639	0.00652	0.00706	0.00534	0.00493	0.00721	0.00700	0.01012	0.01421	0.24898	0.01540	0.09672	0.35944	0.00392	0.08997	0.06396	0.00273	0.00355
3	0.02638	0.00908	0.04641	0.16655	0.25352	0.03073	0.07468	0.04032	0.13399	0.04736	0.05254	0.01464	0.04529	0.00491	0.00420	0.00131	0.00455	0.03523	0.00276	0.00557
4	0.00825	0.00764	0.01262	0.39117	0.08389	0.00881	0.10360	0.01125	0.06955	0.02454	0.01030	0.07745	0.00923	0.00562	0.00532	0.00145	0.09303	0.06911	0.00237	0.00479
5	0.00690	0.00418	0.00531	0.00555	0.00643	0.00379	0.00397	0.00785	0.00868	0.12349	0.05726	0.48856	0.16202	0.04927	0.00563	0.00163	0.00255	0.03589	0.01722	0.00382
6	0.07293	0.00934	0.01554	0.09352	0.68255	0.00956	0.03315	0.01225	0.00898	0.01336	0.00747	0.00988	0.00619	0.00366	0.00393	0.00123	0.00480	0.00354	0.00203	0.00609
7	0.01442	0.01441	0.08207	0.00985	0.01289	0.25747	0.00835	0.47021	0.04208	0.01926	0.00864	0.00908	0.00640	0.00465	0.00411	0.00119	0.02228	0.00332	0.00323	0.00611
8	0.00548	0.00412	0.00572	0.00614	0.00681	0.00387	0.03273	0.00663	0.00858	0.01137	0.10628	0.49686	0.10244	0.03367	0.00557	0.00167	0.00273	0.15208	0.00374	0.00350
9	0.00546	0.00376	0.00475	0.00533	0.00552	0.00363	0.00349	0.00593	0.00714	0.00950	0.01846	0.47581	0.02173	0.31930	0.01108	0.02340	0.00305	0.06644	0.00324	0.00299
10	0.00608	0.00447	0.00531	0.00549	0.00651	0.00421	0.00404	0.02512	0.06348	0.03956	0.11863	0.35290	0.28530	0.01044	0.00490	0.00149	0.00242	0.05189	0.00392	0.00383
11	0.01085	0.85986	0.02126	0.00694	0.01041	0.01605	0.00694	0.01215	0.00824	0.00955	0.00564	0.00651	0.00521	0.00347	0.00260	0.00087	0.00434	0.00217	0.00174	0.00521
12	0.00598	0.00408	0.00492	0.00518	0.00544	0.00406	0.00338	0.00662	0.03543	0.00915	0.01604	0.18953	0.03888	0.48937	0.01468	0.06636	0.00350	0.09164	0.00289	0.00287
13	0.00589	0.00392	0.00458	0.00462	0.00468	0.00395	0.00270	0.00594	0.00600	0.00804	0.01294	0.06468	0.01482	0.74492	0.06434	0.03273	0.00422	0.00600	0.00248	0.00254
14	0.00873	0.00854	0.01316	0.48964	0.14084	0.05804	0.06973	0.01132	0.02411	0.01127	0.00762	0.01065	0.00598	0.00426	0.00478	0.00133	0.07476	0.00366	0.04670	0.00486
15	0.70519	0.00762	0.00687	0.10462	0.01032	0.00875	0.00527	0.01210	0.00741	0.06969	0.00737	0.00835	0.02509	0.00404	0.00285	0.00127	0.00340	0.00264	0.00262	0.00455
16	0.00884	0.06509	0.43406	0.02610	0.01448	0.00871	0.04026	0.02686	0.00874	0.04591	0.02057	0.00943	0.00634	0.00497	0.03818	0.00134	0.03488	0.00309	0.00212	0.20004
17	0.00881	0.08135	0.09476	0.06975	0.14723	0.02297	0.06027	0.04332	0.07917	0.01399	0.18144	0.01420	0.01332	0.00518	0.01699	0.00123	0.00418	0.00419	0.00278	0.13487

[dist]
# distance from previous block
# <min> <max>
1	3

[block]
# block no. 7 follows, 66 sequences, length 18
# corresponding to MSA columns:
# 293-310
name=unknown_H
#
# <colnr> <probs for GDERKNQSTAVLIFYWHMCP>
#	G	D	E	R	K	N	Q	S	T	A	V	L	I	F	Y	W	H	M	C	P
0	0.01046	0.26674	0.32636	0.01025	0.04375	0.05702	0.04326	0.11763	0.02920	0.01350	0.00732	0.00834	0.00569	0.00387	0.00351	0.00111	0.00518	0.00292	0.00215	0.04174
1	0.02789	0.01125	0.04010	0.07460	0.24896	0.19297	0.05002	0.07823	0.02567	0.11249	0.01043	0.05244	0.03298	0.00517	0.01791	0.00132	0.00520	0.00404	0.00272	0.00561
2	0.00571	0.03079	0.00634	0.00554	0.00684	0.00434	0.04365	0.00712	0.00965	0.01275	0.29498	0.19140	0.31182	0.00925	0.00473	0.00135	0.00241	0.00810	0.00380	0.03944
3	0.01034	0.25503	0.01387	0.31503	0.01687	0.18303	0.00839	0.03310	0.00919	0.02621	0.00801	0.06926	0.00708	0.00459	0.00361	0.00116	0.00514	0.00357	0.02176	0.00475
4	0.00571	0.00418	0.00531	0.00572	0.00635	0.00404	0.00401	0.03319	0.04644	0.01260	0.21753	0.57108	0.04643	0.01100	0.00499	0.00153	0.00235	0.00988	0.00396	0.00369
5	0.03252	0.01062	0.15482	0.03063	0.05903	0.02142	0.10433	0.09238	0.05425	0.31447	0.01190	0.05002	0.00867	0.00491	0.00441	0.00131	0.03054	0.00419	0.00345	0.00614
6	0.82123	0.00800	0.00630	0.00559	0.00811	0.00926	0.00459	0.03938	0.04059	0.01840	0.00623	0.00704	0.00480	0.00387	0.00263	0.00126	0.00319	0.00234	0.00263	0.00456
7	0.00506	0.00368	0.00472	0.00539	0.00581	0.00340	0.00366	0.00592	0.00829	0.01103	0.12100	0.64333	0.10638	0.04499	0.00570	0.00167	0.00233	0.01052	0.00380	0.00334
8	0.00917	0.16653	0.43289	0.05248	0.01750	0.01088	0.20297	0.03873	0.00907	0.01259	0.00729	0.00891	0.00546	0.00373	0.00387	0.00123	0.00582	0.00333	0.00188	0.00569
9	0.00786	0.00736	0.01054	0.12815	0.01223	0.02177	0.02541	0.00969	0.04322	0.01016	0.00824	0.03280	0.00763	0.01352	0.25600	0.00308	0.39194	0.00405	0.00206	0.00429
10	0.00715	0.00488	0.00660	0.00595	0.00731	0.00454	0.04132	0.00934	0.04729	0.09132	0.49235	0.08210	0.13163	0.00820	0.00471	0.00133	0.00244	0.02920	0.01810	0.00422
11	0.00520	0.00400	0.00480	0.00503	0.00589	0.00370	0.00365	0.00627	0.00865	0.01116	0.13213	0.24066	0.35423	0.06700	0.09938	0.00218	0.00327	0.03578	0.00359	0.00342
12	0.01088	0.00858	0.01027	0.00849	0.01039	0.02195	0.03242	0.32396	0.06172	0.03425	0.17906	0.01684	0.02582	0.02784	0.00637	0.00144	0.15548	0.04274	0.01613	0.00537
13	0.00605	0.00402	0.00468	0.00469	0.00529	0.00382	0.00316	0.00693	0.00814	0.02667	0.17458	0.10273	0.14186	0.35627	0.01111	0.00239	0.00288	0.03025	0.10127	0.00321
14	0.02604	0.00883	0.00931	0.00798	0.01037	0.02578	0.00631	0.20663	0.46208	0.05057	0.09002	0.01600	0.05052	0.00575	0.00416	0.00132	0.00342	0.00470	0.00409	0.00611
15	0.01412	0.00615	0.00809	0.00658	0.00901	0.00547	0.00528	0.04489	0.01135	0.54790	0.14048	0.08055	0.06706	0.00641	0.00428	0.00129	0.00305	0.00539	0.02680	0.00587
16	0.11723	0.06650	0.08760	0.02759	0.01025	0.00776	0.05690	0.09436	0.07220	0.05935	0.10164	0.14438	0.08833	0.04236	0.00481	0.00143	0.00362	0.00561	0.00327	0.00483
17	0.03639	0.23719	0.22279	0.02910	0.02575	0.06160	0.00897	0.16216	0.01059	0.01436	0.02874	0.00874	0.00648	0.00401	0.00357	0.00107	0.01643	0.00292	0.00237	0.11677

[dist]
# distance from previous block
# <min> <max>
0	55

[block]
# block no. 8 follows, 66 sequences, length 15
# corresponding to MSA columns:
# 366-380
name=unknown_I
#
# <colnr> <probs for GDERKNQSTAVLIFYWHMCP>
#	G	D	E	R	K	N	Q	S	T	A	V	L	I	F	Y	W	H	M	C	P
0	0.16348	0.04568	0.05656	0.00873	0.07780	0.08242	0.02419	0.01291	0.08995	0.05241	0.00896	0.03931	0.00746	0.00420	0.00341	0.00104	0.00390	0.01706	0.00265	0.29787
1	0.01025	0.00992	0.03198	0.09942	0.33130	0.11165	0.05289	0.01332	0.09028	0.05796	0.02707	0.05670	0.02145	0.00468	0.00405	0.00123	0.00471	0.00419	0.02343	0.04354
2	0.00518	0.00405	0.00471	0.00481	0.00585	0.00358	0.00357	0.00645	0.00966	0.01248	0.27082	0.17485	0.42477	0.01014	0.00489	0.00141	0.00214	0.04314	0.00397	0.00354
3	0.00736	0.00596	0.00816	0.04396	0.02775	0.02016	0.02704	0.00879	0.02677	0.02888	0.03844	0.13297	0.01273	0.13250	0.17980	0.00287	0.19532	0.01577	0.08085	0.00393
4	0.00576	0.00397	0.00504	0.00555	0.00598	0.00381	0.00390	0.00656	0.00782	0.02304	0.05953	0.36485	0.06303	0.26164	0.00978	0.00233	0.00306	0.15770	0.00343	0.00322
5	0.00782	0.00722	0.01164	0.73481	0.02550	0.00890	0.01062	0.01125	0.07911	0.01102	0.00870	0.01285	0.00687	0.00452	0.00414	0.00138	0.00514	0.04178	0.00210	0.00464
6	0.00968	0.00731	0.00923	0.00774	0.00937	0.00803	0.04019	0.22543	0.05690	0.04545	0.28275	0.04898	0.01853	0.02664	0.00645	0.03305	0.12215	0.00532	0.03189	0.00493
7	0.00623	0.00456	0.00662	0.06173	0.00829	0.00530	0.00521	0.00778	0.00687	0.01022	0.01086	0.01555	0.00985	0.04161	0.63754	0.00527	0.02845	0.00424	0.12012	0.00370
8	0.01037	0.00792	0.01162	0.15896	0.26760	0.00841	0.00885	0.07694	0.11543	0.12416	0.01224	0.12808	0.01064	0.00568	0.00440	0.00134	0.01901	0.01958	0.00308	0.00568
9	0.00583	0.00477	0.00525	0.00517	0.00639	0.02248	0.00384	0.01783	0.04316	0.01267	0.22452	0.18683	0.37358	0.00956	0.00474	0.00137	0.00235	0.02454	0.00386	0.04129
10	0.00831	0.00756	0.02818	0.27279	0.16861	0.01911	0.05006	0.04544	0.06293	0.02692	0.03350	0.18855	0.01960	0.01460	0.00452	0.00140	0.00433	0.02329	0.01539	0.00489
11	0.00655	0.00500	0.00602	0.00639	0.00720	0.00519	0.00457	0.03882	0.18390	0.01233	0.02023	0.57018	0.02235	0.04355	0.00553	0.00167	0.00275	0.04987	0.00380	0.00409
12	0.00951	0.00871	0.01404	0.05608	0.59708	0.00887	0.01062	0.06472	0.02430	0.01353	0.01043	0.08797	0.03473	0.00576	0.03464	0.00145	0.00470	0.00454	0.00239	0.00589
13	0.00973	0.00878	0.01436	0.22956	0.51585	0.00923	0.01125	0.01275	0.06286	0.04622	0.00844	0.01067	0.00670	0.00389	0.00400	0.00124	0.00475	0.00366	0.00223	0.03383
14	0.01457	0.01094	0.01226	0.02921	0.06688	0.01207	0.00805	0.71027	0.03667	0.02391	0.00997	0.01073	0.00733	0.00493	0.00409	0.00124	0.00446	0.02183	0.00387	0.00673

[dist]
# distance from previous block
# <min> <max>
1	17

[block]
# block no. 9 follows, 66 sequences, length 39
# corresponding to MSA columns:
# 401-439
name=unknown_J
#
# <colnr> <probs for GDERKNQSTAVLIFYWHMCP>
#	G	D	E	R	K	N	Q	S	T	A	V	L	I	F	Y	W	H	M	C	P
0	0.07375	0.00880	0.02018	0.00971	0.02438	0.00930	0.17525	0.15431	0.24871	0.03264	0.07038	0.02552	0.01103	0.00505	0.00431	0.00130	0.02668	0.00444	0.08864	0.00562
1	0.00930	0.00842	0.01321	0.33433	0.36133	0.02445	0.01063	0.04341	0.03872	0.03493	0.05492	0.01238	0.02769	0.00437	0.00409	0.00127	0.00475	0.00397	0.00235	0.00548
2	0.00686	0.00629	0.05444	0.00640	0.00789	0.00578	0.00510	0.02650	0.22600	0.01385	0.19203	0.26135	0.14327	0.01923	0.00485	0.00145	0.00272	0.00765	0.00388	0.00447
3	0.00827	0.00705	0.00825	0.00596	0.00943	0.00532	0.00476	0.01008	0.00858	0.01338	0.05078	0.00957	0.00772	0.00328	0.00310	0.00064	0.00295	0.00266	0.00251	0.83570
4	0.03007	0.00728	0.01228	0.68491	0.05280	0.00876	0.05328	0.01029	0.00815	0.01079	0.00824	0.06820	0.00692	0.00463	0.00426	0.00137	0.01709	0.00417	0.00197	0.00454
5	0.00551	0.00418	0.00510	0.00500	0.00609	0.00377	0.00383	0.00713	0.01056	0.01415	0.49765	0.03459	0.29572	0.00921	0.00486	0.00136	0.00213	0.08130	0.00417	0.00369
6	0.00887	0.01901	0.69940	0.05057	0.03527	0.00948	0.02646	0.05561	0.00922	0.03800	0.00769	0.00896	0.00544	0.00394	0.00390	0.00128	0.00580	0.00313	0.00195	0.00600
7	0.00502	0.00362	0.00476	0.00552	0.00589	0.00336	0.00374	0.00588	0.00824	0.01104	0.11220	0.72732	0.06414	0.01211	0.00512	0.00159	0.00229	0.01094	0.00384	0.00336
8	0.00868	0.08448	0.47249	0.01020	0.03198	0.00912	0.04140	0.03564	0.07666	0.03578	0.11571	0.03968	0.01101	0.00486	0.00399	0.00127	0.00488	0.00403	0.00251	0.00564
9	0.00846	0.08216	0.64865	0.01043	0.01580	0.02570	0.01286	0.01244	0.00859	0.01256	0.00766	0.00885	0.01823	0.00383	0.00367	0.00117	0.00548	0.00295	0.00184	0.10867
10	0.00740	0.00486	0.00614	0.00609	0.00740	0.00464	0.00500	0.00891	0.00968	0.11187	0.12486	0.03540	0.29317	0.00946	0.00534	0.00153	0.04143	0.28955	0.02320	0.00406
11	0.77691	0.00772	0.00625	0.00564	0.00808	0.00887	0.00464	0.01247	0.05045	0.03844	0.00722	0.00905	0.00584	0.00424	0.00278	0.00129	0.00318	0.03969	0.00272	0.00453
12	0.00841	0.00721	0.00841	0.00601	0.00961	0.00541	0.00481	0.01022	0.00841	0.01322	0.00721	0.00841	0.00601	0.00300	0.00300	0.00060	0.00300	0.00240	0.00240	0.88222
13	0.02250	0.00963	0.01156	0.19082	0.04879	0.02706	0.00827	0.44572	0.03832	0.02859	0.00903	0.01056	0.00682	0.01924	0.00530	0.04227	0.04744	0.00366	0.01864	0.00578
14	0.00714	0.00446	0.00574	0.00601	0.00695	0.00419	0.00464	0.00829	0.00873	0.10532	0.03735	0.22091	0.14188	0.14354	0.00756	0.00199	0.00314	0.27471	0.00371	0.00375
15	0.03741	0.76047	0.01996	0.00717	0.01052	0.06589	0.00694	0.03409	0.00869	0.01026	0.00579	0.00665	0.00523	0.00356	0.00270	0.00090	0.00449	0.00224	0.00184	0.00520
16	0.00557	0.00374	0.00459	0.00499	0.00509	0.00364	0.00307	0.00576	0.00665	0.00886	0.01646	0.37308	0.01936	0.45316	0.01388	0.05500	0.00325	0.00812	0.00297	0.00277
17	0.00860	0.05316	0.06821	0.16830	0.08283	0.00815	0.02556	0.11486	0.08290	0.01531	0.28243	0.03235	0.02881	0.00584	0.00426	0.00127	0.00380	0.00505	0.00326	0.00505
18	0.00546	0.00401	0.00501	0.00527	0.00606	0.00371	0.00384	0.00693	0.02178	0.01297	0.32000	0.32786	0.16908	0.01023	0.00490	0.00145	0.00222	0.05424	0.03139	0.00360
19	0.16080	0.00733	0.01102	0.64639	0.03885	0.00899	0.00992	0.01061	0.00792	0.01182	0.00729	0.01097	0.00573	0.00425	0.00401	0.00135	0.02133	0.02492	0.00198	0.00450
20	0.00766	0.00721	0.01217	0.84767	0.02794	0.00901	0.01127	0.01037	0.00811	0.01037	0.00721	0.01082	0.00541	0.00406	0.00406	0.00135	0.00541	0.00361	0.00180	0.00451
21	0.00951	0.00815	0.01876	0.05672	0.03270	0.05760	0.00667	0.06321	0.26564	0.06183	0.10947	0.04990	0.08289	0.00729	0.03040	0.00154	0.10234	0.02670	0.00349	0.00520
22	0.00921	0.00892	0.01506	0.27967	0.26164	0.01004	0.12953	0.05399	0.00895	0.01233	0.00796	0.01077	0.02200	0.00451	0.00572	0.00137	0.14709	0.00387	0.00205	0.00531
23	0.03534	0.01773	0.12466	0.00676	0.00844	0.00537	0.02630	0.00878	0.05442	0.04021	0.01821	0.39181	0.08280	0.10698	0.02232	0.00183	0.00347	0.00773	0.00320	0.03365
24	0.05029	0.00705	0.00892	0.00671	0.00999	0.00590	0.00549	0.01607	0.01029	0.51060	0.01247	0.01160	0.00838	0.00426	0.00364	0.00102	0.00328	0.00341	0.00399	0.31664
25	0.02750	0.18842	0.04237	0.00866	0.01191	0.06574	0.02248	0.42734	0.03022	0.05097	0.03131	0.00960	0.00737	0.00446	0.00367	0.00111	0.00448	0.00332	0.00326	0.05583
26	0.01040	0.29018	0.31692	0.03138	0.01363	0.01108	0.02140	0.07855	0.00958	0.08312	0.00859	0.01717	0.02419	0.00408	0.00348	0.00110	0.00479	0.00308	0.00231	0.06497
27	0.03945	0.52401	0.07810	0.00770	0.01125	0.01362	0.00749	0.16064	0.01057	0.10208	0.00763	0.00804	0.00601	0.00393	0.00312	0.00102	0.00435	0.00271	0.00254	0.00573
28	0.00569	0.00420	0.00581	0.00693	0.05016	0.00402	0.00478	0.00689	0.00868	0.01168	0.13671	0.48900	0.03688	0.03278	0.00554	0.00167	0.00275	0.17850	0.00373	0.00361
29	0.00628	0.00506	0.03561	0.06327	0.03099	0.00486	0.00545	0.00739	0.00754	0.01021	0.05115	0.14632	0.01666	0.18079	0.16504	0.07869	0.00503	0.17341	0.00281	0.00344
30	0.02627	0.00936	0.02848	0.12953	0.64463	0.00945	0.01177	0.01273	0.03932	0.03768	0.00811	0.01035	0.00657	0.00379	0.00400	0.00123	0.00478	0.00363	0.00215	0.00615
31	0.00834	0.01288	0.36025	0.08293	0.04858	0.00803	0.10727	0.01201	0.05727	0.05888	0.01239	0.16074	0.04106	0.00578	0.00429	0.00137	0.00490	0.00517	0.00255	0.00532
32	0.01748	0.00739	0.00963	0.00746	0.01056	0.00677	0.00614	0.08698	0.06173	0.71715	0.01551	0.01355	0.00992	0.00504	0.00408	0.00126	0.00352	0.00407	0.00489	0.00687
33	0.00685	0.00498	0.00663	0.04712	0.00843	0.00545	0.00574	0.00872	0.03287	0.01219	0.01740	0.18996	0.01827	0.00924	0.00570	0.00159	0.09621	0.34052	0.17828	0.00385
34	0.00930	0.00891	0.01517	0.24757	0.54865	0.00929	0.03805	0.01180	0.00890	0.01246	0.00752	0.01021	0.00612	0.00370	0.00401	0.00122	0.00496	0.00359	0.00197	0.04660
35	0.00865	0.00852	0.02634	0.13887	0.19787	0.00859	0.21063	0.01271	0.14173	0.01361	0.11929	0.01599	0.05544	0.00504	0.00440	0.00133	0.00462	0.01825	0.00277	0.00535
36	0.04618	0.00765	0.00949	0.00697	0.01036	0.00647	0.04300	0.05498	0.00929	0.11374	0.00834	0.00920	0.00646	0.00353	0.00359	0.00081	0.03097	0.00281	0.00278	0.62336
37	0.00946	0.00970	0.07525	0.13621	0.50725	0.00896	0.02134	0.03845	0.00925	0.02294	0.00839	0.05024	0.00718	0.00414	0.00400	0.00121	0.00473	0.00387	0.00218	0.07526
38	0.04889	0.03357	0.16680	0.03354	0.03415	0.02080	0.14046	0.01462	0.13392	0.16853	0.03918	0.02699	0.03203	0.00501	0.00437	0.00131	0.02781	0.03062	0.00308	0.03431

[dist]
# distance from previous block
# <min> <max>
2	11

[block]
# block no. 10 follows, 66 sequences, length 9
# corresponding to MSA columns:
# 451-459
name=unknown_K
#
# <colnr> <probs for GDERKNQSTAVLIFYWHMCP>
#	G	D	E	R	K	N	Q	S	T	A	V	L	I	F	Y	W	H	M	C	P
0	0.04069	0.00918	0.01308	0.06162	0.43861	0.03258	0.00972	0.07661	0.12324	0.03782	0.03358	0.01242	0.00873	0.00443	0.00400	0.00123	0.00435	0.03165	0.00271	0.05374
1	0.00894	0.02624	0.10304	0.11815	0.34662	0.03744	0.09427	0.01169	0.02306	0.01295	0.10301	0.03584	0.01072	0.00464	0.00417	0.00126	0.00480	0.02042	0.00237	0.03038
2	0.01004	0.00964	0.01647	0.02490	0.83211	0.00964	0.01245	0.01245	0.00924	0.01325	0.00763	0.01004	0.00643	0.00361	0.00402	0.00120	0.00482	0.00361	0.00201	0.00643
3	0.01516	0.01934	0.01150	0.01045	0.01254	0.84113	0.00784	0.01620	0.01150	0.00993	0.00627	0.00732	0.00523	0.00418	0.00366	0.00105	0.00732	0.00261	0.00209	0.00470
4	0.00582	0.00474	0.00596	0.00668	0.08214	0.00435	0.00445	0.00758	0.03096	0.01323	0.31758	0.07433	0.38132	0.00899	0.00475	0.00135	0.00236	0.03560	0.00386	0.00393
