[name]
unknown

[dist]
# distance from previous block
# <min> <max>
8	95

[block]
# block no. 0 follows, 59 sequences, length 33
# corresponding to MSA columns:
# 127-146,148-160
name=unknown_A
#
# <colnr> <probs for GDERKNQSTAVLIFYWHMCP>
#	G	D	E	R	K	N	Q	S	T	A	V	L	I	F	Y	W	H	M	C	P
0	0.03613	0.00760	0.01912	0.00745	0.00938	0.03130	0.00582	0.17754	0.04953	0.14405	0.11731	0.20029	0.05774	0.04238	0.00600	0.02687	0.01467	0.01766	0.02381	0.00534
1	0.03571	0.02126	0.02109	0.00679	0.00848	0.00622	0.02255	0.05850	0.02262	0.11785	0.25262	0.08270	0.12703	0.07519	0.00669	0.00167	0.04366	0.03075	0.04122	0.01738
2	0.10141	0.02475	0.00923	0.00770	0.00984	0.03320	0.01652	0.17695	0.03936	0.16108	0.06003	0.17473	0.07686	0.04765	0.00583	0.00160	0.03744	0.00626	0.00404	0.00552
3	0.02588	0.00895	0.06061	0.00813	0.01104	0.02189	0.01567	0.11826	0.08099	0.32127	0.10564	0.03589	0.02941	0.05058	0.00561	0.00151	0.02066	0.00497	0.01355	0.05950
4	0.03616	0.02668	0.07110	0.02266	0.05632	0.05881	0.02297	0.07800	0.07842	0.08079	0.13479	0.10168	0.03834	0.02265	0.03884	0.02257	0.03379	0.00557	0.03145	0.03843
5	0.05628	0.01008	0.03193	0.04049	0.02124	0.05077	0.03534	0.30011	0.03787	0.13586	0.09737	0.05303	0.03009	0.00596	0.00452	0.00134	0.01307	0.00484	0.02030	0.04953
6	0.03786	0.03109	0.04573	0.01884	0.04502	0.04460	0.04583	0.14408	0.09671	0.11787	0.06094	0.07095	0.04275	0.02722	0.02836	0.00157	0.03037	0.00500	0.01582	0.08940
7	0.12215	0.01052	0.03723	0.03016	0.04632	0.05750	0.03916	0.20042	0.15647	0.19085	0.01285	0.04156	0.00955	0.00539	0.00424	0.00138	0.00445	0.00432	0.01892	0.00656
8	0.49180	0.10463	0.01066	0.00753	0.01057	0.05739	0.04838	0.04766	0.00945	0.13586	0.00831	0.00897	0.00620	0.00483	0.01796	0.00140	0.00430	0.00298	0.00305	0.01807
9	0.20418	0.13320	0.05258	0.09047	0.11183	0.11696	0.03061	0.06111	0.02180	0.06850	0.00810	0.00940	0.00630	0.00431	0.00385	0.00125	0.01675	0.00320	0.00264	0.05294
10	0.01021	0.01057	0.05578	0.43535	0.22352	0.06700	0.02565	0.06522	0.01025	0.01344	0.00810	0.01101	0.00628	0.00430	0.00434	0.00137	0.00577	0.00380	0.00223	0.03582
11	0.00783	0.00634	0.00715	0.00691	0.00843	0.00666	0.00520	0.02558	0.30668	0.01567	0.18614	0.20671	0.15688	0.00934	0.00505	0.00155	0.00283	0.02560	0.00441	0.00506
12	0.00538	0.00384	0.00512	0.00615	0.00641	0.00359	0.00410	0.00615	0.00846	0.01127	0.02434	0.84190	0.02921	0.01384	0.00564	0.00179	0.00256	0.01256	0.00410	0.00359
13	0.00718	0.00474	0.00615	0.00577	0.00700	0.00433	0.00441	0.00913	0.01213	0.07519	0.64547	0.05085	0.09738	0.00918	0.00520	0.00143	0.00232	0.04299	0.00480	0.00436
14	0.00559	0.00402	0.00530	0.00596	0.00644	0.00373	0.00410	0.00668	0.00948	0.01285	0.21611	0.62576	0.05235	0.01261	0.00552	0.00169	0.00244	0.01137	0.00428	0.00373
15	0.03641	0.00431	0.00539	0.00605	0.00667	0.00413	0.00423	0.00712	0.02702	0.01246	0.10315	0.59880	0.10496	0.01301	0.02517	0.00184	0.00279	0.02862	0.00409	0.00380
16	0.01092	0.57880	0.24710	0.00946	0.01404	0.01517	0.04570	0.01348	0.00914	0.01157	0.00677	0.00793	0.00569	0.00389	0.00332	0.00110	0.00535	0.00274	0.00190	0.00592
17	0.03945	0.22765	0.10327	0.01007	0.01337	0.37864	0.00889	0.09753	0.04007	0.01343	0.00756	0.00847	0.00613	0.00441	0.00373	0.00115	0.00627	0.00294	0.00246	0.02452
18	0.05581	0.01946	0.02031	0.00731	0.00905	0.00586	0.04808	0.04661	0.01018	0.13885	0.10025	0.32694	0.03843	0.04872	0.00595	0.01456	0.00341	0.04267	0.00398	0.05358
19	0.04669	0.03090	0.02634	0.00875	0.01152	0.15523	0.00712	0.12034	0.07410	0.31848	0.07849	0.03202	0.01204	0.00646	0.02580	0.00150	0.02926	0.00445	0.00417	0.00635
20	0.00765	0.13574	0.15054	0.00723	0.00984	0.00777	0.00689	0.01082	0.09302	0.01356	0.14458	0.11805	0.24926	0.00829	0.00466	0.00142	0.00353	0.01869	0.00353	0.00490
21	0.01067	0.00927	0.01533	0.31152	0.44103	0.00993	0.01225	0.03609	0.01016	0.06826	0.02759	0.01201	0.00769	0.00437	0.00441	0.00137	0.00529	0.00406	0.00246	0.00624
22	0.02951	0.18490	0.43828	0.01060	0.01565	0.01204	0.01209	0.14918	0.03048	0.05072	0.00874	0.00978	0.00651	0.01797	0.00424	0.00134	0.00559	0.00333	0.00256	0.00648
23	0.01203	0.02413	0.01213	0.06597	0.11576	0.07123	0.02357	0.12049	0.39827	0.04757	0.01421	0.05224	0.01119	0.00570	0.00446	0.00142	0.00445	0.00479	0.00379	0.00660
24	0.00838	0.00770	0.01078	0.00960	0.00981	0.01029	0.00774	0.00940	0.00682	0.01029	0.00837	0.01394	0.00839	0.10940	0.23781	0.00361	0.51679	0.00439	0.00214	0.00434
25	0.01593	0.01205	0.01339	0.01036	0.01382	0.01331	0.03844	0.68923	0.10463	0.02631	0.01133	0.01128	0.00812	0.00532	0.00446	0.00135	0.00481	0.00413	0.00434	0.00740
26	0.00874	0.00705	0.00975	0.04499	0.05885	0.00703	0.08426	0.06293	0.12571	0.05831	0.08029	0.14175	0.24579	0.00855	0.00503	0.00152	0.00363	0.03677	0.00391	0.00514
27	0.00633	0.00427	0.00498	0.00506	0.00512	0.00430	0.00296	0.00649	0.00663	0.00888	0.01463	0.09326	0.01681	0.73063	0.06841	0.00425	0.00459	0.00681	0.00277	0.00282
28	0.00639	0.00414	0.00512	0.00535	0.00547	0.00407	0.00331	0.00639	0.00710	0.00951	0.05142	0.20471	0.01895	0.48218	0.01692	0.13793	0.00373	0.02145	0.00299	0.00285
29	0.13977	0.09025	0.04967	0.12821	0.23794	0.10154	0.03427	0.08862	0.03399	0.04371	0.00838	0.01004	0.00655	0.00433	0.00398	0.00131	0.00530	0.00350	0.00260	0.00606
30	0.10597	0.20669	0.01510	0.00961	0.02701	0.01343	0.04947	0.40181	0.05599	0.02077	0.01035	0.01144	0.02361	0.00504	0.00397	0.00128	0.00467	0.02380	0.00348	0.00651
31	0.00545	0.00390	0.00520	0.00617	0.00647	0.00364	0.00417	0.00629	0.00864	0.01155	0.05226	0.79548	0.02957	0.01363	0.00563	0.00178	0.00258	0.02983	0.00413	0.00362
32	0.01191	0.01302	0.13773	0.08417	0.15852	0.04198	0.25086	0.13734	0.04225	0.06423	0.00962	0.01135	0.00712	0.00436	0.00461	0.00140	0.00604	0.00426	0.00277	0.00648

[dist]
# distance from previous block
# <min> <max>
2	6

[block]
# block no. 1 follows, 59 sequences, length 12
# corresponding to MSA columns:
# 170-181
name=unknown_B
#
# <colnr> <probs for GDERKNQSTAVLIFYWHMCP>
#	G	D	E	R	K	N	Q	S	T	A	V	L	I	F	Y	W	H	M	C	P
0	0.00726	0.00553	0.00719	0.00680	0.00716	0.00648	0.00494	0.02325	0.00716	0.01031	0.01201	0.03735	0.01256	0.37573	0.25395	0.00439	0.15724	0.00541	0.05166	0.00363
1	0.02356	0.18844	0.18957	0.05854	0.05800	0.07502	0.10852	0.09180	0.09980	0.03446	0.00993	0.01099	0.02324	0.00455	0.00410	0.00130	0.00558	0.00376	0.00266	0.00619
2	0.00612	0.00431	0.00542	0.00600	0.00670	0.00400	0.00417	0.00747	0.03656	0.04120	0.07700	0.60527	0.15420	0.01254	0.00546	0.00169	0.00256	0.01120	0.00421	0.00390
3	0.01109	0.17683	0.01284	0.00918	0.04578	0.01133	0.02218	0.10257	0.37102	0.03451	0.03498	0.06279	0.07394	0.00624	0.00430	0.00137	0.00386	0.00513	0.00380	0.00627
4	0.00716	0.00469	0.00558	0.00542	0.00599	0.00464	0.00354	0.00811	0.03281	0.05633	0.09521	0.06321	0.08226	0.51617	0.08731	0.00366	0.00443	0.00677	0.00325	0.00346
5	0.01055	0.01234	0.18088	0.10840	0.37383	0.01009	0.06239	0.03213	0.00986	0.05952	0.00895	0.01183	0.00721	0.04673	0.00580	0.00154	0.04525	0.00403	0.00235	0.00633
6	0.05158	0.00946	0.04426	0.00848	0.01115	0.02793	0.00696	0.22932	0.17609	0.12968	0.01597	0.16852	0.02606	0.00713	0.00458	0.00145	0.00394	0.02750	0.00419	0.04574
7	0.01463	0.00727	0.00933	0.00715	0.01043	0.00606	0.00578	0.01634	0.01094	0.45677	0.01515	0.01484	0.04635	0.03028	0.04178	0.00148	0.00391	0.00413	0.00424	0.29315
8	0.01174	0.47386	0.06782	0.01447	0.28393	0.01414	0.01005	0.01380	0.00955	0.05281	0.00755	0.00892	0.00638	0.00394	0.00351	0.00112	0.00496	0.00305	0.00217	0.00626
9	0.01314	0.55733	0.04474	0.00910	0.04667	0.04691	0.00814	0.11692	0.02925	0.07931	0.00809	0.00868	0.00657	0.00421	0.00336	0.00108	0.00484	0.00292	0.00260	0.00615
10	0.02479	0.13736	0.11747	0.00950	0.04688	0.00983	0.03568	0.13682	0.01150	0.13392	0.01030	0.05209	0.00823	0.00469	0.00390	0.00113	0.00443	0.00379	0.00315	0.24455
11	0.13882	0.04740	0.03295	0.01224	0.13602	0.08051	0.04001	0.25962	0.14714	0.04715	0.01044	0.01094	0.00784	0.00482	0.00410	0.00134	0.00484	0.00379	0.00344	0.00658

[dist]
# distance from previous block
# <min> <max>
0	2

[block]
# block no. 2 follows, 59 sequences, length 20
# corresponding to MSA columns:
# 184-203
name=unknown_C
#
# <colnr> <probs for GDERKNQSTAVLIFYWHMCP>
#	G	D	E	R	K	N	Q	S	T	A	V	L	I	F	Y	W	H	M	C	P
0	0.00658	0.00470	0.00589	0.00618	0.00716	0.00427	0.00435	0.00810	0.04267	0.04464	0.07270	0.57250	0.10074	0.01166	0.00526	0.00161	0.00265	0.01041	0.00408	0.08386
1	0.03195	0.04289	0.02469	0.05430	0.08798	0.00971	0.02232	0.23145	0.06454	0.23288	0.05507	0.03025	0.01077	0.00590	0.02119	0.00143	0.00446	0.00439	0.00401	0.05980
2	0.00537	0.00389	0.00508	0.00603	0.00637	0.00360	0.00404	0.00616	0.00858	0.01132	0.02585	0.78273	0.08741	0.01364	0.00561	0.00177	0.00254	0.01232	0.00410	0.00360
3	0.00972	0.00695	0.00941	0.02556	0.02464	0.00707	0.07249	0.13302	0.03090	0.08900	0.12238	0.07988	0.07920	0.21654	0.04396	0.00240	0.02155	0.01680	0.00368	0.00484
4	0.00988	0.01139	0.15274	0.17790	0.30947	0.02441	0.01187	0.04386	0.01003	0.03407	0.05840	0.03198	0.00948	0.00663	0.05437	0.00175	0.03902	0.00431	0.00247	0.00598
5	0.00679	0.00525	0.00736	0.00720	0.00761	0.00619	0.00539	0.00770	0.00705	0.01003	0.01281	0.13548	0.01349	0.16425	0.40284	0.05107	0.13725	0.00595	0.00257	0.00371
6	0.75900	0.12210	0.00875	0.00604	0.00892	0.01093	0.00516	0.01302	0.00771	0.01854	0.00615	0.00716	0.00490	0.00406	0.00275	0.00131	0.00359	0.00239	0.00262	0.00490
7	0.00906	0.11318	0.50402	0.01174	0.01686	0.01038	0.11083	0.01331	0.02666	0.01406	0.10074	0.02971	0.01053	0.00488	0.00432	0.00137	0.00578	0.00417	0.00236	0.00604
8	0.00804	0.00630	0.00965	0.16504	0.03780	0.00662	0.05219	0.00955	0.00814	0.04340	0.01171	0.10710	0.01132	0.10136	0.21335	0.06780	0.02696	0.00528	0.00261	0.10577
9	0.01067	0.00650	0.00836	0.00746	0.00934	0.00627	0.03709	0.10332	0.06465	0.20478	0.04067	0.33377	0.12966	0.00947	0.00505	0.00156	0.00331	0.00830	0.00443	0.00532
10	0.00638	0.00459	0.00646	0.00646	0.00702	0.00515	0.00473	0.00744	0.00688	0.00973	0.01225	0.02024	0.01225	0.24425	0.59250	0.03294	0.00962	0.00515	0.00243	0.00355
11	0.01218	0.54435	0.09329	0.00994	0.05293	0.01553	0.04071	0.13895	0.01094	0.01385	0.00722	0.00830	0.00607	0.00416	0.00367	0.00111	0.02546	0.00293	0.00232	0.00610
12	0.07872	0.01105	0.01293	0.01177	0.05450	0.12164	0.00919	0.01240	0.00803	0.04822	0.00662	0.00955	0.00600	0.00672	0.01118	0.00172	0.57879	0.00364	0.00221	0.00510
13	0.00644	0.00427	0.00554	0.00598	0.00671	0.00390	0.00419	0.00757	0.00972	0.06232	0.19338	0.54648	0.10275	0.01206	0.00543	0.00165	0.00250	0.01079	0.00435	0.00396
14	0.00618	0.00450	0.00514	0.00517	0.00639	0.00392	0.00378	0.00738	0.01017	0.05281	0.16494	0.20328	0.46682	0.03216	0.00570	0.00160	0.00241	0.00945	0.00426	0.00393
15	0.00567	0.00448	0.00531	0.00562	0.00648	0.00420	0.00406	0.00670	0.00932	0.01190	0.08347	0.33497	0.37021	0.05285	0.00664	0.00177	0.03751	0.04114	0.00399	0.00371
16	0.00609	0.00414	0.00491	0.00524	0.00532	0.00406	0.00313	0.00634	0.00707	0.00942	0.01722	0.28630	0.02022	0.58170	0.01715	0.00349	0.00374	0.00836	0.00313	0.00296
17	0.06117	0.00862	0.01014	0.00783	0.01121	0.00816	0.00638	0.16732	0.07192	0.34334	0.01312	0.01248	0.00908	0.00485	0.00402	0.00118	0.00376	0.00383	0.03212	0.21949
18	0.07107	0.00842	0.00936	0.00716	0.01058	0.00759	0.00572	0.12487	0.08109	0.01714	0.05036	0.03200	0.00952	0.00442	0.00366	0.00094	0.00345	0.00353	0.00320	0.54593
19	0.05584	0.01177	0.07394	0.09200	0.28073	0.02819	0.01071	0.26701	0.10292	0.01904	0.00992	0.01116	0.00754	0.00469	0.00430	0.00136	0.00504	0.00392	0.00314	0.00678

[dist]
# distance from previous block
# <min> <max>
0	1

[block]
# block no. 3 follows, 59 sequences, length 11
# corresponding to MSA columns:
# 205-208,211-217
name=unknown_D
#
# <colnr> <probs for GDERKNQSTAVLIFYWHMCP>
#	G	D	E	R	K	N	Q	S	T	A	V	L	I	F	Y	W	H	M	C	P
0	0.01034	0.06318	0.33396	0.01631	0.25992	0.01064	0.06526	0.08756	0.01067	0.01512	0.00958	0.03361	0.02623	0.00457	0.00429	0.00133	0.00562	0.00399	0.00237	0.03544
1	0.14864	0.15155	0.23764	0.08448	0.01530	0.10249	0.01013	0.14792	0.01133	0.01619	0.03109	0.00959	0.00689	0.00450	0.00381	0.00128	0.00543	0.00325	0.00258	0.00591
2	0.00618	0.00425	0.00517	0.00536	0.00557	0.00424	0.00335	0.00665	0.00738	0.01000	0.07832	0.19878	0.02036	0.53172	0.09055	0.00379	0.00443	0.00768	0.00312	0.00310
3	0.69257	0.00854	0.00727	0.00618	0.00912	0.00937	0.00507	0.04190	0.00850	0.06921	0.00721	0.00801	0.00547	0.00413	0.00296	0.00128	0.00347	0.00260	0.00295	0.10417
4	0.48959	0.00976	0.07216	0.00759	0.01096	0.00919	0.05547	0.01387	0.06837	0.04700	0.00809	0.00901	0.00618	0.00411	0.00330	0.00125	0.00390	0.00295	0.00284	0.17441
5	0.03410	0.13438	0.01358	0.00959	0.01224	0.14400	0.05232	0.19067	0.05503	0.12279	0.01180	0.11532	0.01021	0.00615	0.00503	0.00137	0.06723	0.00478	0.00345	0.00598
6	0.00678	0.00542	0.00731	0.00683	0.00815	0.00510	0.06393	0.06930	0.01082	0.01428	0.19015	0.33673	0.23677	0.01072	0.00531	0.00157	0.00292	0.00954	0.00414	0.00423
7	0.03368	0.22676	0.01507	0.01043	0.06128	0.14592	0.00819	0.16700	0.17281	0.03953	0.00992	0.01045	0.00782	0.00500	0.00467	0.00128	0.06729	0.00355	0.00311	0.00625
8	0.00836	0.00732	0.05130	0.00734	0.00984	0.00588	0.04867	0.04294	0.02488	0.04717	0.21938	0.16943	0.05934	0.00735	0.00456	0.00125	0.00328	0.00647	0.00369	0.27156
9	0.14644	0.02617	0.12244	0.03686	0.11316	0.15608	0.13935	0.07053	0.01097	0.09006	0.00870	0.01002	0.00652	0.00429	0.00411	0.00131	0.00575	0.00359	0.00272	0.04093
10	0.01500	0.04217	0.06991	0.02983	0.01285	0.09861	0.03037	0.10857	0.13554	0.32419	0.01491	0.05963	0.02673	0.00578	0.00442	0.00138	0.00460	0.00469	0.00417	0.00663

[dist]
# distance from previous block
# <min> <max>
0	24

[block]
# block no. 4 follows, 59 sequences, length 10
# corresponding to MSA columns:
# 242-251
name=unknown_E
#
# <colnr> <probs for GDERKNQSTAVLIFYWHMCP>
#	G	D	E	R	K	N	Q	S	T	A	V	L	I	F	Y	W	H	M	C	P
0	0.00549	0.00422	0.00496	0.00532	0.00619	0.00376	0.00375	0.00657	0.00966	0.01242	0.15269	0.35727	0.35463	0.04473	0.00606	0.00171	0.00242	0.01029	0.00416	0.00370
1	0.00808	0.00592	0.00715	0.00693	0.00816	0.00612	0.00515	0.06611	0.13551	0.05363	0.18134	0.35562	0.08827	0.01019	0.00556	0.00159	0.03674	0.00886	0.00431	0.00476
2	0.09184	0.26842	0.20015	0.01092	0.05495	0.03878	0.08586	0.06397	0.01046	0.12298	0.00875	0.00958	0.00656	0.00425	0.00379	0.00124	0.00528	0.00332	0.00266	0.00622
3	0.00808	0.00505	0.00591	0.00561	0.00617	0.00506	0.00359	0.06070	0.00808	0.07445	0.01486	0.10084	0.01612	0.61881	0.04532	0.00372	0.00437	0.00661	0.00313	0.00351
4	0.00649	0.00650	0.07150	0.00698	0.00869	0.00514	0.05819	0.00868	0.03397	0.01406	0.26853	0.16948	0.24639	0.03259	0.00570	0.00161	0.00311	0.04410	0.00400	0.00429
5	0.01253	0.35457	0.03602	0.01040	0.09030	0.18765	0.00812	0.08625	0.02536	0.01290	0.00782	0.00981	0.00687	0.06016	0.00478	0.00128	0.00536	0.00313	0.00239	0.07430
6	0.18858	0.09217	0.02604	0.01265	0.15364	0.03564	0.11134	0.10550	0.02776	0.15260	0.01013	0.03506	0.00781	0.00476	0.00419	0.00134	0.01741	0.00396	0.00318	0.00623
7	0.62553	0.04974	0.09931	0.00802	0.04322	0.08534	0.00690	0.01356	0.00835	0.01769	0.00650	0.00764	0.00509	0.00413	0.00308	0.00133	0.00432	0.00259	0.00253	0.00514
8	0.58881	0.00850	0.00792	0.04355	0.01009	0.01005	0.00587	0.03461	0.08153	0.01803	0.00861	0.06421	0.00744	0.00534	0.00440	0.00147	0.08810	0.00357	0.00292	0.00499
9	0.01533	0.12499	0.01365	0.01044	0.01311	0.61525	0.00814	0.05848	0.01224	0.01195	0.00702	0.00809	0.00585	0.00439	0.00380	0.00108	0.00701	0.00283	0.00237	0.07397

[dist]
# distance from previous block
# <min> <max>
5	41

[block]
# block no. 5 follows, 59 sequences, length 22
# corresponding to MSA columns:
# 295-316
name=unknown_F
#
# <colnr> <probs for GDERKNQSTAVLIFYWHMCP>
#	G	D	E	R	K	N	Q	S	T	A	V	L	I	F	Y	W	H	M	C	P
0	0.01479	0.01153	0.03328	0.00984	0.01312	0.03596	0.02488	0.45253	0.13683	0.08729	0.01157	0.01159	0.00840	0.00529	0.00486	0.00133	0.04792	0.00402	0.00406	0.08092
1	0.01274	0.09456	0.04449	0.05844	0.03530	0.10111	0.12571	0.07912	0.10513	0.14372	0.06641	0.01299	0.01034	0.00488	0.00428	0.00127	0.00503	0.00419	0.00335	0.08693
2	0.00970	0.00653	0.00782	0.00753	0.04599	0.00639	0.00547	0.08481	0.11672	0.13752	0.15356	0.12760	0.25503	0.00874	0.00494	0.00147	0.00303	0.00746	0.00442	0.00528
3	0.34491	0.00928	0.00985	0.00766	0.01105	0.00941	0.04271	0.18494	0.01126	0.05254	0.00824	0.00908	0.00626	0.00414	0.00345	0.00114	0.00389	0.00302	0.00315	0.27400
4	0.02406	0.32018	0.17282	0.00943	0.01341	0.04671	0.03025	0.12708	0.11796	0.04132	0.01016	0.01062	0.02704	0.00463	0.00378	0.00121	0.00499	0.00346	0.00282	0.02808
5	0.01253	0.00777	0.02988	0.00784	0.01055	0.00700	0.02790	0.11607	0.05130	0.26833	0.08170	0.15127	0.03875	0.00780	0.03158	0.00153	0.00387	0.00590	0.00427	0.13413
6	0.00586	0.00460	0.00621	0.00623	0.00722	0.00419	0.04397	0.00704	0.00957	0.01247	0.14290	0.36593	0.27406	0.01223	0.02373	0.03030	0.00292	0.03276	0.00401	0.00380
7	0.03280	0.03747	0.01283	0.50742	0.02290	0.01013	0.02952	0.08896	0.04739	0.03897	0.05956	0.01364	0.02802	0.00517	0.00491	0.00145	0.04656	0.00431	0.00268	0.00531
8	0.04030	0.12065	0.35084	0.01070	0.01546	0.03716	0.02645	0.24234	0.01294	0.08882	0.00924	0.00986	0.00663	0.00457	0.00408	0.00131	0.00554	0.00346	0.00297	0.00668
9	0.00661	0.00453	0.00577	0.00610	0.00672	0.00440	0.00425	0.00748	0.00884	0.05928	0.07289	0.49658	0.13167	0.11235	0.00795	0.00201	0.04461	0.01019	0.00395	0.00383
10	0.15036	0.00649	0.00800	0.00698	0.00927	0.00609	0.00545	0.01520	0.01048	0.43229	0.01788	0.28115	0.01587	0.00796	0.00456	0.00150	0.00332	0.00674	0.00459	0.00581
11	0.01274	0.00855	0.01038	0.09971	0.01307	0.01942	0.00744	0.25445	0.08490	0.16542	0.03045	0.14738	0.01379	0.00812	0.03170	0.00169	0.02486	0.05574	0.00413	0.00606
12	0.00909	0.04073	0.78646	0.01245	0.01882	0.02865	0.01595	0.01405	0.00939	0.01384	0.00786	0.00925	0.00560	0.00419	0.00416	0.00138	0.00652	0.00323	0.00187	0.00648
13	0.00720	0.00475	0.00518	0.00538	0.00599	0.03004	0.00373	0.00840	0.00849	0.01282	0.03993	0.24757	0.01785	0.18436	0.04949	0.00225	0.01895	0.00703	0.33688	0.00371
14	0.45099	0.26843	0.07421	0.00737	0.01076	0.03685	0.00691	0.07551	0.00930	0.01684	0.00665	0.00760	0.00536	0.00412	0.00305	0.00123	0.00430	0.00259	0.00253	0.00541
15	0.00571	0.00434	0.00500	0.00510	0.00600	0.00391	0.00357	0.00682	0.00975	0.01267	0.22733	0.17703	0.34618	0.15694	0.00831	0.00201	0.00261	0.00905	0.00404	0.00363
16	0.03395	0.18243	0.36407	0.01073	0.01509	0.01190	0.04810	0.08934	0.02923	0.01444	0.01011	0.01221	0.04428	0.00517	0.00504	0.00138	0.08323	0.03087	0.00241	0.00601
17	0.00606	0.00431	0.00527	0.00554	0.00601	0.00411	0.00366	0.00677	0.00816	0.01094	0.09123	0.30667	0.08406	0.34541	0.03891	0.00288	0.00355	0.03428	0.00350	0.02869
18	0.03403	0.45189	0.05591	0.00752	0.01131	0.01281	0.00713	0.07232	0.00995	0.01330	0.00897	0.00980	0.04664	0.00416	0.00326	0.00096	0.00427	0.00295	0.00241	0.24043
19	0.01049	0.05899	0.44285	0.01076	0.01577	0.00973	0.04432	0.03842	0.08680	0.09155	0.01033	0.03639	0.00782	0.00467	0.00416	0.00130	0.00534	0.00381	0.00272	0.11379
20	0.01147	0.27203	0.30247	0.07657	0.03793	0.05949	0.01111	0.05373	0.01020	0.07478	0.00817	0.00929	0.00623	0.00421	0.00377	0.00121	0.00552	0.00313	0.00235	0.04632
21	0.14246	0.09947	0.03419	0.28925	0.12348	0.05667	0.03135	0.06024	0.00993	0.04079	0.00792	0.01004	0.00615	0.00423	0.00390	0.00129	0.00516	0.00341	0.00243	0.06763

[dist]
# distance from previous block
# <min> <max>
0	3

[block]
# block no. 6 follows, 59 sequences, length 9
# corresponding to MSA columns:
# 320-328
name=unknown_G
#
# <colnr> <probs for GDERKNQSTAVLIFYWHMCP>
#	G	D	E	R	K	N	Q	S	T	A	V	L	I	F	Y	W	H	M	C	P
0	0.00662	0.00463	0.00604	0.00596	0.00695	0.00435	0.00444	0.00871	0.03384	0.03863	0.56915	0.20021	0.03667	0.00999	0.00530	0.00151	0.00236	0.04575	0.00467	0.00422
1	0.00558	0.00446	0.00499	0.00497	0.00618	0.00397	0.00366	0.00683	0.01004	0.01271	0.18994	0.07552	0.52435	0.06149	0.06372	0.00204	0.00301	0.00872	0.00404	0.00376
2	0.01240	0.74825	0.02197	0.00787	0.01162	0.01703	0.00766	0.10698	0.01037	0.01246	0.00667	0.00750	0.00589	0.00396	0.00302	0.00099	0.00474	0.00255	0.00219	0.00589
3	0.01062	0.01057	0.01344	0.01147	0.01188	0.06367	0.00950	0.07073	0.00817	0.01194	0.00622	0.00963	0.00592	0.00735	0.01309	0.00184	0.72296	0.00381	0.00214	0.00505
4	0.00864	0.00689	0.00851	0.00762	0.00847	0.00784	0.02402	0.10790	0.06914	0.01275	0.01470	0.09981	0.04980	0.35980	0.01418	0.00277	0.16596	0.02381	0.00311	0.00426
5	0.01451	0.03292	0.01369	0.01097	0.01373	0.35552	0.08155	0.15192	0.01268	0.06766	0.00837	0.00955	0.00656	0.00483	0.00520	0.00124	0.09412	0.00344	0.00285	0.10869
6	0.00939	0.00656	0.00907	0.00871	0.04724	0.00748	0.00644	0.06554	0.00871	0.10771	0.01162	0.01678	0.01051	0.13857	0.39451	0.00455	0.13433	0.00472	0.00285	0.00472
7	0.01128	0.42882	0.01624	0.10545	0.01279	0.01210	0.00725	0.03383	0.00974	0.10909	0.01200	0.09250	0.05641	0.00548	0.00371	0.00116	0.00428	0.00427	0.00280	0.07079
8	0.05169	0.09143	0.10570	0.00872	0.03668	0.00901	0.01873	0.08206	0.14431	0.13730	0.17855	0.03842	0.05198	0.02035	0.00471	0.00142	0.00388	0.00523	0.00390	0.00593

[dist]
# distance from previous block
# <min> <max>
25	40

[block]
# block no. 7 follows, 59 sequences, length 7
# corresponding to MSA columns:
# 388-394
name=unknown_H
#
# <colnr> <probs for GDERKNQSTAVLIFYWHMCP>
#	G	D	E	R	K	N	Q	S	T	A	V	L	I	F	Y	W	H	M	C	P
0	0.01051	0.01032	0.03493	0.32703	0.11427	0.06272	0.06073	0.10223	0.01057	0.01418	0.00806	0.01067	0.00633	0.00451	0.00506	0.00133	0.07218	0.00372	0.00240	0.13825
1	0.56346	0.00905	0.00830	0.00699	0.00992	0.01008	0.00573	0.13576	0.06640	0.13356	0.00925	0.00946	0.00667	0.00461	0.00335	0.00137	0.00369	0.00310	0.00350	0.00574
2	0.14151	0.00643	0.00703	0.00637	0.00822	0.00657	0.00493	0.04849	0.12658	0.08717	0.30174	0.07375	0.14828	0.00798	0.00465	0.00144	0.00282	0.00669	0.00435	0.00501
3	0.57320	0.00852	0.00765	0.00656	0.00944	0.00933	0.00532	0.01513	0.13086	0.08932	0.00914	0.00951	0.00685	0.00442	0.00321	0.00131	0.00344	0.00299	0.00323	0.10057
4	0.00811	0.00692	0.01051	0.00930	0.01035	0.00780	0.09584	0.00967	0.00925	0.04320	0.13887	0.20347	0.06576	0.00947	0.00816	0.00173	0.25271	0.10095	0.00341	0.00453
5	0.00969	0.00774	0.00926	0.05267	0.01083	0.00875	0.00662	0.08938	0.23583	0.05633	0.13428	0.06764	0.14883	0.00782	0.00630	0.00154	0.13084	0.00621	0.00397	0.00549
6	0.01111	0.00671	0.00830	0.02978	0.00970	0.00668	0.00575	0.16797	0.03423	0.18939	0.15241	0.29859	0.04276	0.00901	0.00499	0.00152	0.00330	0.00783	0.00454	0.00544

[dist]
# distance from previous block
# <min> <max>
1	2

[block]
# block no. 8 follows, 59 sequences, length 27
# corresponding to MSA columns:
# 397-423
name=unknown_I
#
# <colnr> <probs for GDERKNQSTAVLIFYWHMCP>
#	G	D	E	R	K	N	Q	S	T	A	V	L	I	F	Y	W	H	M	C	P
0	0.01247	0.25206	0.16989	0.01041	0.05286	0.09813	0.02495	0.06068	0.11578	0.10635	0.01066	0.04881	0.00857	0.00498	0.00396	0.00126	0.00513	0.00387	0.00295	0.00624
1	0.07490	0.01791	0.01230	0.01068	0.01332	0.55645	0.00824	0.22493	0.01436	0.01592	0.00778	0.00861	0.00611	0.00472	0.00401	0.00120	0.00683	0.00311	0.00287	0.00573
2	0.01117	0.00999	0.04475	0.00802	0.01179	0.04699	0.02235	0.17163	0.01175	0.03290	0.00904	0.03334	0.00739	0.00414	0.00371	0.00091	0.00403	0.00330	0.00302	0.55980
3	0.00620	0.00492	0.00582	0.00658	0.00707	0.03811	0.00453	0.00767	0.05204	0.01158	0.02250	0.71144	0.02626	0.01422	0.05651	0.00208	0.00341	0.01126	0.00394	0.00386
4	0.00802	0.00530	0.00669	0.02517	0.00810	0.00512	0.00485	0.04081	0.06397	0.09660	0.30023	0.30703	0.09069	0.01004	0.00518	0.00154	0.00272	0.00885	0.00449	0.00461
5	0.00786	0.00584	0.00662	0.00673	0.00781	0.03770	0.00490	0.02257	0.11412	0.06302	0.11969	0.39472	0.08364	0.05607	0.00619	0.00177	0.00309	0.04903	0.00418	0.00445
6	0.02146	0.15657	0.09691	0.03283	0.08654	0.00971	0.04004	0.07892	0.01061	0.04644	0.06916	0.01128	0.00920	0.00427	0.00378	0.00105	0.00435	0.00349	0.00277	0.31062
7	0.00645	0.00460	0.00543	0.00525	0.00655	0.00405	0.00392	0.00796	0.01106	0.05815	0.35615	0.10662	0.38725	0.01022	0.00521	0.00147	0.00229	0.00879	0.00449	0.00410
8	0.00559	0.00400	0.00535	0.00626	0.00664	0.00376	0.00435	0.00657	0.00892	0.01194	0.08705	0.71313	0.02989	0.01332	0.00564	0.00178	0.00265	0.07532	0.00416	0.00367
9	0.01162	0.01071	0.01266	0.22546	0.06968	0.08761	0.00955	0.16234	0.19667	0.01611	0.01079	0.01230	0.01799	0.00551	0.00592	0.00148	0.13037	0.00414	0.00307	0.00601
10	0.17146	0.00770	0.00958	0.00749	0.01079	0.00710	0.00619	0.02001	0.01173	0.67851	0.01543	0.01364	0.00984	0.00522	0.00414	0.00137	0.00370	0.00408	0.00498	0.00703
11	0.05985	0.03787	0.06089	0.00875	0.01237	0.01054	0.00757	0.36517	0.01418	0.03241	0.00907	0.00990	0.00691	0.00506	0.01950	0.00123	0.03787	0.00336	0.00337	0.29412
12	0.04897	0.01018	0.03252	0.09097	0.08074	0.01022	0.00825	0.31967	0.05866	0.07425	0.01043	0.02730	0.00794	0.00493	0.00427	0.01102	0.00443	0.00386	0.00352	0.18787
13	0.01229	0.01053	0.04452	0.01006	0.04940	0.01110	0.00787	0.20437	0.48545	0.04041	0.01510	0.03127	0.01144	0.00570	0.00443	0.00141	0.00400	0.00468	0.00420	0.04177
14	0.01840	0.00874	0.01084	0.00839	0.01174	0.00844	0.00691	0.21894	0.04660	0.56727	0.01564	0.01401	0.01018	0.00544	0.00440	0.00135	0.00398	0.00434	0.02698	0.00741
15	0.00632	0.00468	0.00685	0.00685	0.00755	0.00538	0.00521	0.00773	0.00702	0.01007	0.01206	0.01862	0.01159	0.12258	0.73858	0.00679	0.01100	0.00492	0.00240	0.00380
16	0.06208	0.01067	0.01141	0.00898	0.01215	0.01157	0.00736	0.56632	0.05088	0.08773	0.01491	0.01451	0.09385	0.00590	0.00439	0.00135	0.00431	0.00454	0.02021	0.00688
17	0.09630	0.00589	0.00785	0.03824	0.00922	0.00651	0.00574	0.01085	0.00821	0.14967	0.03245	0.01691	0.01123	0.10378	0.43292	0.00466	0.04735	0.00463	0.00299	0.00460
18	0.01257	0.18969	0.09786	0.00985	0.01270	0.34075	0.04481	0.05592	0.01085	0.01195	0.02076	0.01200	0.02256	0.10220	0.03610	0.00174	0.00648	0.00363	0.00239	0.00518
19	0.00965	0.04710	0.04146	0.02930	0.01118	0.00709	0.00611	0.04457	0.05281	0.04215	0.03065	0.07526	0.00967	0.00464	0.00370	0.00092	0.00354	0.00382	0.00298	0.57336
20	0.05837	0.20320	0.05616	0.03481	0.33170	0.06226	0.02875	0.03697	0.04483	0.03435	0.00938	0.01102	0.02759	0.00546	0.03604	0.00147	0.00538	0.00365	0.00244	0.00619
21	0.04397	0.12417	0.24271	0.02740	0.14097	0.03655	0.08932	0.10367	0.02789	0.05704	0.02136	0.01190	0.04448	0.00468	0.00419	0.00132	0.00544	0.00393	0.00268	0.00631
22	0.01109	0.10988	0.12425	0.02910	0.22464	0.01001	0.08018	0.05760	0.02395	0.08216	0.03054	0.04948	0.00892	0.00467	0.00417	0.00123	0.00489	0.00414	0.00277	0.13633
23	0.06092	0.00776	0.04503	0.06031	0.01009	0.06143	0.00592	0.05891	0.04272	0.07049	0.18567	0.09416	0.22344	0.03076	0.00527	0.00153	0.00353	0.02340	0.00390	0.00477
24	0.09931	0.06159	0.12820	0.01092	0.09217	0.01036	0.02900	0.12608	0.18740	0.13742	0.01309	0.05120	0.02321	0.00543	0.00423	0.00139	0.00443	0.00443	0.00361	0.00653
25	0.05765	0.16425	0.16489	0.00973	0.01325	0.05280	0.08100	0.07308	0.07548	0.08964	0.08642	0.03790	0.01190	0.00624	0.02631	0.00150	0.00508	0.03384	0.00315	0.00589
26	0.00923	0.00709	0.04540	0.00718	0.00915	0.02717	0.00586	0.04379	0.04116	0.11415	0.15140	0.04305	0.04913	0.05726	0.26893	0.00329	0.00620	0.00538	0.00349	0.10170

[dist]
# distance from previous block
# <min> <max>
0	32

[block]
# block no. 9 follows, 59 sequences, length 39
# corresponding to MSA columns:
# 506,510-519,521-548
name=unknown_J
#
# <colnr> <probs for GDERKNQSTAVLIFYWHMCP>
#	G	D	E	R	K	N	Q	S	T	A	V	L	I	F	Y	W	H	M	C	P
0	0.84723	0.00867	0.00672	0.00595	0.00871	0.01003	0.00490	0.03940	0.00796	0.02008	0.00630	0.00729	0.00487	0.00414	0.00279	0.00137	0.00346	0.00244	0.00279	0.00487
1	0.01184	0.04976	0.06608	0.10586	0.21381	0.03151	0.09105	0.17655	0.10126	0.03312	0.01004	0.02388	0.00788	0.00506	0.00504	0.02062	0.03311	0.00418	0.00293	0.00640
2	0.07534	0.02213	0.05354	0.04449	0.05927	0.22400	0.25121	0.07757	0.01162	0.09677	0.00900	0.01044	0.00671	0.00431	0.00436	0.00132	0.00633	0.00389	0.00276	0.03494
3	0.00889	0.00653	0.00748	0.00711	0.00884	0.00676	0.00547	0.01436	0.30355	0.08494	0.12002	0.16055	0.16964	0.00904	0.00502	0.00156	0.00301	0.06748	0.00445	0.00531
4	0.08408	0.05872	0.01049	0.00836	0.01059	0.07281	0.03353	0.25616	0.03325	0.04602	0.08551	0.25012	0.01652	0.00780	0.00460	0.00144	0.00408	0.00656	0.00387	0.00550
5	0.00543	0.00387	0.00515	0.00616	0.00642	0.00363	0.00412	0.00621	0.00845	0.01126	0.02413	0.81286	0.02890	0.02971	0.00597	0.00185	0.00262	0.02563	0.00407	0.00358
6	0.00622	0.00457	0.00550	0.00524	0.00649	0.00406	0.00394	0.00794	0.01160	0.03578	0.51391	0.04646	0.31261	0.00976	0.00520	0.00143	0.00219	0.00843	0.00460	0.00409
7	0.13027	0.01003	0.01096	0.00875	0.01196	0.01074	0.00715	0.34666	0.15562	0.24250	0.01318	0.01240	0.00914	0.00531	0.00422	0.00137	0.00413	0.00407	0.00450	0.00706
8	0.19985	0.00746	0.00873	0.00715	0.00994	0.00727	0.00579	0.05641	0.03799	0.43439	0.12057	0.04734	0.02620	0.00606	0.00424	0.00139	0.00344	0.00485	0.00465	0.00627
9	0.00613	0.00448	0.00594	0.00635	0.00699	0.00426	0.02034	0.00726	0.00908	0.01203	0.11671	0.34197	0.09279	0.17151	0.00886	0.00224	0.00322	0.17231	0.00387	0.00364
10	0.01042	0.01191	0.02606	0.01862	0.02308	0.01117	0.80119	0.01415	0.01042	0.01415	0.00894	0.01191	0.00670	0.00372	0.00521	0.00149	0.00745	0.00521	0.00223	0.00596
11	0.01816	0.00802	0.01032	0.00809	0.01139	0.00745	0.00662	0.05521	0.12949	0.65118	0.01700	0.01492	0.01106	0.00549	0.00442	0.00137	0.00376	0.00446	0.00522	0.02637
12	0.00929	0.00873	0.01355	0.70176	0.08452	0.03652	0.01201	0.05845	0.00974	0.01247	0.00801	0.01152	0.00606	0.00444	0.00440	0.00144	0.00585	0.00389	0.00213	0.00522
13	0.01564	0.05399	0.01326	0.01196	0.05034	0.70803	0.00879	0.01685	0.01192	0.01095	0.00681	0.00817	0.00575	0.00468	0.00457	0.00118	0.05672	0.00294	0.00224	0.00521
14	0.01638	0.01848	0.01321	0.01136	0.01402	0.60259	0.04484	0.17243	0.01405	0.04050	0.00801	0.00890	0.00626	0.00469	0.00414	0.00120	0.00719	0.00323	0.00280	0.00571
15	0.01915	0.00786	0.01037	0.00803	0.01140	0.00709	0.00661	0.05751	0.06013	0.73647	0.01714	0.01491	0.01093	0.00549	0.00444	0.00137	0.00379	0.00445	0.00536	0.00749
16	0.00834	0.00785	0.01325	0.83417	0.03042	0.00981	0.01227	0.01128	0.00883	0.01128	0.00785	0.01178	0.00589	0.00442	0.00442	0.00147	0.00589	0.00393	0.00196	0.00491
17	0.00738	0.00474	0.00592	0.00558	0.00674	0.00432	0.00411	0.00891	0.01102	0.09196	0.44322	0.07416	0.16295	0.12453	0.00756	0.00184	0.00264	0.02383	0.00444	0.00418
18	0.04419	0.00618	0.00723	0.00687	0.00842	0.00640	0.00525	0.01321	0.23472	0.06715	0.30910	0.16564	0.05053	0.00880	0.00498	0.00152	0.00283	0.04739	0.00452	0.00508
19	0.00620	0.00434	0.00511	0.00508	0.00552	0.00416	0.00325	0.00693	0.00858	0.01160	0.24193	0.08469	0.09463	0.48226	0.01501	0.00306	0.00337	0.00752	0.00351	0.00325
20	0.01144	0.00792	0.00899	0.00764	0.00981	0.00829	0.00600	0.29413	0.08876	0.08288	0.21210	0.11489	0.06741	0.01676	0.00495	0.00144	0.00342	0.00642	0.04098	0.00577
21	0.84348	0.00850	0.00663	0.00589	0.00865	0.00978	0.00485	0.01331	0.00771	0.05020	0.00658	0.00747	0.00502	0.00415	0.00280	0.00137	0.00343	0.00247	0.00284	0.00489
22	0.06769	0.01202	0.01278	0.00985	0.01333	0.01329	0.00813	0.73569	0.01977	0.04777	0.01052	0.01051	0.00744	0.00524	0.00432	0.00133	0.00475	0.00389	0.00435	0.00735
23	0.04448	0.00520	0.00655	0.00644	0.00769	0.00491	0.00473	0.04332	0.01048	0.15508	0.16252	0.43655	0.06563	0.01061	0.00516	0.00160	0.00282	0.01718	0.00443	0.00460
24	0.01058	0.36648	0.32421	0.01012	0.02619	0.01290	0.03560	0.04156	0.00957	0.03766	0.00834	0.03610	0.00704	0.02455	0.02308	0.00142	0.01302	0.00343	0.00220	0.00596
25	0.00708	0.00486	0.00613	0.00651	0.00717	0.00483	0.00478	0.03750	0.02324	0.02988	0.05266	0.26545	0.02305	0.27207	0.01092	0.00259	0.00364	0.23017	0.00373	0.00376
26	0.00613	0.00416	0.00490	0.00520	0.00527	0.00408	0.00308	0.00635	0.00700	0.00933	0.01687	0.25951	0.01979	0.60909	0.01770	0.00358	0.00379	0.00816	0.00308	0.00293
27	0.01534	0.01298	0.06932	0.01173	0.03151	0.01308	0.10898	0.63415	0.01848	0.02491	0.01017	0.01069	0.00727	0.00500	0.00450	0.00135	0.00531	0.00408	0.00393	0.00724
28	0.01293	0.64917	0.02059	0.00847	0.01189	0.21171	0.00779	0.01428	0.00982	0.01049	0.00630	0.00730	0.00567	0.00396	0.00311	0.00099	0.00550	0.00248	0.00198	0.00554
29	0.01154	0.02912	0.22856	0.10723	0.21857	0.01023	0.09879	0.05047	0.04442	0.12724	0.00992	0.01141	0.00727	0.00447	0.00460	0.00139	0.02149	0.00398	0.00273	0.00656
30	0.00756	0.00466	0.00581	0.00568	0.00606	0.00474	0.00369	0.02514	0.02591	0.04675	0.01324	0.07267	0.01414	0.46552	0.09928	0.18250	0.00481	0.00592	0.00279	0.00313
31	0.00666	0.00464	0.00540	0.00552	0.00589	0.00466	0.00359	0.00766	0.05466	0.01002	0.01772	0.08934	0.07139	0.55793	0.01711	0.03930	0.00393	0.08828	0.00310	0.00318
32	0.07131	0.12348	0.04837	0.06358	0.09884	0.08677	0.06805	0.15072	0.12694	0.06676	0.01055	0.02131	0.00828	0.00496	0.00428	0.00134	0.01549	0.01954	0.00314	0.00626
33	0.03830	0.01037	0.03860	0.01957	0.06072	0.01028	0.04082	0.31519	0.08805	0.29674	0.01341	0.01331	0.00934	0.00532	0.00444	0.00138	0.00450	0.01808	0.00440	0.00718
34	0.11519	0.01227	0.11526	0.01242	0.14238	0.06603	0.03929	0.15130	0.11997	0.11289	0.01068	0.01118	0.00786	0.00467	0.00412	0.00132	0.00486	0.00377	0.00333	0.06119
35	0.00786	0.00492	0.00643	0.00598	0.00726	0.00456	0.00452	0.00996	0.03028	0.11205	0.58133	0.11530	0.05291	0.00969	0.02552	0.00158	0.00261	0.00793	0.00477	0.00455
36	0.01099	0.01171	0.06449	0.01572	0.14943	0.05640	0.31429	0.05668	0.10426	0.03408	0.03120	0.01339	0.03910	0.00469	0.00487	0.00138	0.02238	0.00469	0.00282	0.05741
37	0.04393	0.00987	0.01282	0.05955	0.27205	0.09027	0.04365	0.07039	0.07474	0.05947	0.05495	0.10581	0.01214	0.02752	0.02317	0.00158	0.00494	0.00517	0.00312	0.02486
38	0.09182	0.02412	0.04343	0.00812	0.02337	0.00743	0.02518	0.05594	0.01102	0.30790	0.05763	0.04408	0.04493	0.00676	0.03011	0.00149	0.03189	0.03754	0.00396	0.14329

[dist]
# distance from previous block
# <min> <max>
0	12

[block]
# block no. 10 follows, 59 sequences, length 32
# corresponding to MSA columns:
# 561-592
name=unknown_K
#
# <colnr> <probs for GDERKNQSTAVLIFYWHMCP>
#	G	D	E	R	K	N	Q	S	T	A	V	L	I	F	Y	W	H	M	C	P
0	0.05816	0.08688	0.15844	0.03568	0.06875	0.00881	0.05159	0.04734	0.04991	0.10019	0.14682	0.07438	0.04419	0.00609	0.00438	0.00135	0.00429	0.00519	0.00336	0.04419
1	0.01038	0.01011	0.04987	0.11339	0.30604	0.02939	0.11590	0.07764	0.01092	0.03128	0.07851	0.05541	0.01113	0.02441	0.00497	0.00142	0.00513	0.00483	0.00277	0.05651
2	0.01439	0.01067	0.01168	0.00943	0.01238	0.01191	0.00765	0.43923	0.24815	0.06964	0.01299	0.01273	0.00949	0.00558	0.00488	0.00138	0.04726	0.00427	0.03929	0.02700
3	0.66267	0.00814	0.00715	0.00620	0.00889	0.00903	0.00506	0.02744	0.00861	0.14467	0.02817	0.00973	0.00704	0.01909	0.01730	0.01580	0.00362	0.00301	0.00322	0.00515
4	0.01651	0.02060	0.01255	0.01132	0.01366	0.78499	0.00853	0.05822	0.01294	0.01169	0.00702	0.00810	0.00578	0.00459	0.00400	0.00115	0.00780	0.00290	0.00239	0.00524
5	0.01000	0.05596	0.24499	0.20247	0.07113	0.00973	0.14033	0.01328	0.00956	0.08610	0.00993	0.02450	0.00791	0.02844	0.03984	0.00174	0.00613	0.02973	0.00244	0.00580
6	0.01115	0.17353	0.25870	0.03169	0.05056	0.02104	0.12782	0.01421	0.01028	0.13569	0.07482	0.01385	0.03317	0.00497	0.00428	0.00133	0.00532	0.01868	0.00284	0.00608
7	0.00670	0.00435	0.00533	0.00549	0.00587	0.00419	0.00354	0.00731	0.00816	0.04506	0.12653	0.25362	0.02318	0.44647	0.01433	0.00302	0.00348	0.02647	0.00352	0.00337
8	0.01406	0.00652	0.00851	0.00702	0.00945	0.00594	0.00560	0.03875	0.04473	0.44988	0.26337	0.05067	0.03522	0.00697	0.00469	0.00138	0.00314	0.00591	0.03202	0.00615
9	0.01015	0.09916	0.05630	0.06679	0.19619	0.06202	0.00889	0.04980	0.17356	0.01459	0.04960	0.08244	0.07733	0.00656	0.01390	0.00145	0.00456	0.01769	0.00316	0.00585
10	0.01375	0.12948	0.14969	0.05224	0.05400	0.06237	0.05009	0.07571	0.07470	0.24155	0.01159	0.01231	0.00840	0.00495	0.00445	0.00134	0.02474	0.01871	0.00339	0.00653
11	0.00570	0.00424	0.00531	0.00585	0.00651	0.00394	0.00409	0.00705	0.02885	0.01269	0.16953	0.51548	0.15785	0.02958	0.00582	0.00172	0.00251	0.02526	0.00422	0.00379
12	0.03499	0.00982	0.01095	0.00891	0.01188	0.01057	0.00718	0.34618	0.23038	0.18858	0.04852	0.04757	0.01209	0.00600	0.00449	0.00140	0.00402	0.00483	0.00462	0.00701
13	0.13648	0.02128	0.04202	0.23001	0.19233	0.04453	0.14271	0.01413	0.00981	0.11218	0.00899	0.01104	0.00670	0.00427	0.00425	0.00139	0.00549	0.00390	0.00260	0.00591
14	0.00767	0.00384	0.00575	0.00575	0.00575	0.00384	0.00384	0.00575	0.00575	0.00767	0.00767	0.01343	0.00767	0.01534	0.01726	0.87150	0.00384	0.00384	0.00192	0.00192
15	0.00880	0.00627	0.00743	0.00675	0.00845	0.00640	0.00518	0.01392	0.25271	0.08783	0.45270	0.03973	0.06987	0.00799	0.00493	0.00143	0.00267	0.00691	0.00475	0.00528
16	0.00636	0.00428	0.00493	0.00506	0.00512	0.00426	0.00297	0.00651	0.00674	0.00897	0.01515	0.09703	0.01752	0.74302	0.02044	0.00399	0.00413	0.03786	0.00285	0.00281
17	0.12525	0.01065	0.01730	0.01850	0.32869	0.02744	0.21357	0.05592	0.01007	0.01524	0.00846	0.01168	0.00707	0.00469	0.00559	0.00146	0.10129	0.02863	0.00242	0.00609
18	0.00932	0.06400	0.67838	0.02615	0.03862	0.01076	0.06820	0.02974	0.00962	0.01406	0.00796	0.00949	0.00575	0.00416	0.00421	0.00138	0.00642	0.00339	0.00195	0.00645
19	0.01081	0.01059	0.06575	0.25524	0.14070	0.07362	0.01022	0.08778	0.10194	0.05197	0.01211	0.04320	0.04884	0.00597	0.01859	0.00153	0.04789	0.00454	0.00289	0.00583
20	0.81701	0.00844	0.00661	0.00593	0.00858	0.00974	0.00485	0.03300	0.00790	0.01966	0.00703	0.04262	0.00589	0.00454	0.00290	0.00138	0.00342	0.00286	0.00283	0.00480
21	0.00735	0.00559	0.00802	0.04377	0.00911	0.00563	0.04680	0.00940	0.01154	0.05021	0.58120	0.02854	0.07563	0.00886	0.02146	0.00155	0.06937	0.00719	0.00430	0.00446
22	0.00539	0.00394	0.00507	0.00593	0.00636	0.00362	0.00401	0.00624	0.00877	0.01155	0.05138	0.72105	0.12370	0.01337	0.00557	0.00174	0.00251	0.01203	0.00412	0.00362
23	0.00883	0.00828	0.01382	0.52780	0.25080	0.00946	0.01183	0.01156	0.00942	0.01253	0.05127	0.01394	0.04235	0.00481	0.00448	0.00142	0.00535	0.00437	0.00227	0.00541
24	0.02097	0.00531	0.00689	0.00615	0.00763	0.00503	0.00477	0.01064	0.01187	0.15949	0.53865	0.02898	0.10443	0.00906	0.02557	0.00156	0.03639	0.00715	0.00469	0.00475
25	0.25911	0.04555	0.01087	0.08178	0.07961	0.09476	0.01768	0.12781	0.06423	0.04796	0.10576	0.01310	0.02401	0.00520	0.00394	0.00134	0.00441	0.00400	0.00327	0.00562
26	0.06225	0.04662	0.06927	0.02191	0.07234	0.20237	0.01623	0.24027	0.02599	0.05899	0.02037	0.01049	0.00744	0.00624	0.03815	0.01600	0.05086	0.00360	0.00308	0.02751
27	0.00663	0.00490	0.00602	0.00576	0.00702	0.00461	0.00440	0.00914	0.06204	0.03138	0.52667	0.04499	0.19676	0.00983	0.01857	0.00155	0.00250	0.04832	0.00460	0.00430
28	0.01134	0.02590	0.07704	0.17469	0.15620	0.06310	0.06530	0.13367	0.13250	0.02608	0.03643	0.01235	0.00876	0.00512	0.00503	0.01671	0.03653	0.00417	0.00292	0.00616
29	0.00966	0.00966	0.01353	0.01160	0.01160	0.01353	0.00966	0.01063	0.00676	0.01063	0.00580	0.00966	0.00580	0.00773	0.01449	0.00193	0.83670	0.00387	0.00193	0.00483
30	0.00948	0.00910	0.01241	0.06456	0.01226	0.02744	0.00902	0.04167	0.00759	0.01123	0.00714	0.01145	0.00687	0.04447	0.10354	0.00253	0.60831	0.00405	0.00212	0.00476
31	0.00830	0.00750	0.01232	0.27425	0.27670	0.00799	0.02529	0.01048	0.00931	0.01267	0.04692	0.24932	0.01444	0.00712	0.00478	0.00150	0.00456	0.00657	0.00278	0.01718

[dist]
# distance from previous block
# <min> <max>
7	21

[block]
# block no. 11 follows, 59 sequences, length 16
# corresponding to MSA columns:
# 615-630
name=unknown_L
#
# <colnr> <probs for GDERKNQSTAVLIFYWHMCP>
#	G	D	E	R	K	N	Q	S	T	A	V	L	I	F	Y	W	H	M	C	P
0	0.07657	0.04625	0.15176	0.03115	0.05065	0.05240	0.04349	0.12806	0.02500	0.23119	0.03122	0.01179	0.00852	0.00512	0.00468	0.02488	0.01800	0.00383	0.00347	0.05198
1	0.08085	0.02635	0.02922	0.04694	0.01053	0.00678	0.01852	0.05890	0.01088	0.27420	0.02125	0.02462	0.18785	0.06223	0.00614	0.02345	0.00379	0.09806	0.00406	0.00539
2	0.00631	0.00473	0.00710	0.00710	0.00789	0.00552	0.00552	0.00789	0.00710	0.01025	0.01183	0.01735	0.01104	0.03312	0.82728	0.00710	0.01183	0.00473	0.00237	0.00394
3	0.00958	0.00853	0.01119	0.34991	0.03628	0.01008	0.00908	0.01722	0.41442	0.01495	0.01439	0.01561	0.03751	0.02629	0.00493	0.00155	0.00450	0.00471	0.00334	0.00591
