[name]
unknown

[dist]
# distance from previous block
# <min> <max>
0	98

[block]
# block no. 0 follows, 62 sequences, length 27
# corresponding to MSA columns:
# 112-138
name=unknown_A
#
# <colnr> <probs for GDERKNQSTAVLIFYWHMCP>
#	G	D	E	R	K	N	Q	S	T	A	V	L	I	F	Y	W	H	M	C	P
0	0.05215	0.02577	0.14981	0.03527	0.11195	0.03614	0.02023	0.03537	0.09380	0.08359	0.04900	0.11651	0.09739	0.00637	0.00431	0.00134	0.00412	0.01265	0.00320	0.06104
1	0.02877	0.09608	0.19088	0.02032	0.03988	0.00888	0.01857	0.11610	0.04459	0.06345	0.02930	0.10085	0.05633	0.01818	0.05186	0.00161	0.00471	0.00474	0.00300	0.10191
2	0.06202	0.04557	0.05497	0.01180	0.16685	0.06754	0.03762	0.04991	0.08398	0.15119	0.10384	0.05114	0.01235	0.00542	0.00451	0.00130	0.03334	0.00451	0.00333	0.04882
3	0.04569	0.15586	0.20474	0.02281	0.04081	0.01006	0.00881	0.12082	0.03437	0.07859	0.02482	0.05585	0.02598	0.00490	0.00394	0.00118	0.01584	0.00383	0.00285	0.13825
4	0.06433	0.03467	0.05673	0.00820	0.02905	0.04941	0.01578	0.15114	0.08354	0.13361	0.08516	0.04501	0.02393	0.04725	0.00489	0.00134	0.00394	0.00440	0.01141	0.14621
5	0.00972	0.02630	0.01082	0.02632	0.11359	0.00747	0.04142	0.03361	0.12280	0.05625	0.05053	0.04160	0.03332	0.00465	0.00385	0.00103	0.00363	0.00402	0.00306	0.40599
6	0.00561	0.00412	0.00508	0.00522	0.00604	0.00374	0.00373	0.00677	0.00984	0.01313	0.33266	0.25467	0.23670	0.04244	0.00633	0.04496	0.00233	0.00897	0.00408	0.00359
7	0.01196	0.10765	0.06593	0.12649	0.21739	0.13389	0.05327	0.08784	0.06028	0.06331	0.00876	0.01026	0.00680	0.00434	0.00426	0.00126	0.02416	0.00358	0.00256	0.00600
8	0.01060	0.00857	0.04033	0.06354	0.02009	0.02369	0.08132	0.17561	0.09569	0.07667	0.06826	0.03668	0.02940	0.03335	0.11459	0.00215	0.02689	0.00479	0.08231	0.00545
9	0.00596	0.00432	0.00555	0.00529	0.00624	0.00399	0.00391	0.00779	0.01154	0.01621	0.72472	0.05438	0.07373	0.05066	0.00586	0.00149	0.00213	0.00780	0.00453	0.00391
10	0.00932	0.01198	0.14055	0.04056	0.06682	0.00999	0.49375	0.01268	0.00972	0.01353	0.06929	0.03407	0.00932	0.00454	0.00533	0.00144	0.05426	0.00494	0.00231	0.00560
11	0.00590	0.00441	0.00535	0.04653	0.00732	0.00408	0.00420	0.00732	0.00985	0.02345	0.20999	0.19837	0.34062	0.01011	0.00497	0.00147	0.00246	0.05072	0.05908	0.00380
12	0.01099	0.41056	0.30009	0.01023	0.05414	0.01361	0.01060	0.11981	0.01034	0.01366	0.00719	0.00821	0.00574	0.00398	0.00346	0.00113	0.00520	0.00286	0.00215	0.00605
13	0.52719	0.00864	0.00824	0.00679	0.00971	0.00941	0.00560	0.15327	0.01063	0.21062	0.00923	0.00927	0.00646	0.00446	0.00330	0.00131	0.00361	0.00303	0.00354	0.00569
14	0.00684	0.00515	0.00678	0.00690	0.00780	0.00513	0.03253	0.08637	0.04982	0.01343	0.08173	0.59729	0.02533	0.01139	0.00524	0.00164	0.00292	0.04560	0.00399	0.00413
15	0.00898	0.00507	0.00667	0.00593	0.00745	0.00463	0.00457	0.01108	0.02953	0.19548	0.59875	0.05603	0.03260	0.00804	0.00485	0.00135	0.00241	0.00703	0.00478	0.00477
16	0.00683	0.00446	0.00580	0.00556	0.00664	0.00406	0.00413	0.00853	0.01122	0.07851	0.57052	0.17463	0.08408	0.00938	0.00503	0.00141	0.00222	0.00828	0.00455	0.00414
17	0.00668	0.00474	0.00625	0.00696	0.00774	0.00469	0.00541	0.04080	0.03358	0.02507	0.02225	0.45445	0.02509	0.01201	0.00551	0.00179	0.00319	0.32588	0.00398	0.00395
18	0.01120	0.01067	0.01699	0.03857	0.65794	0.03910	0.05538	0.09154	0.01078	0.01498	0.00820	0.01047	0.00671	0.00394	0.00425	0.00127	0.00524	0.00382	0.00232	0.00663
19	0.00525	0.00430	0.00467	0.00490	0.00614	0.00372	0.00372	0.00638	0.00951	0.01155	0.03835	0.14481	0.63370	0.01121	0.00517	0.00153	0.00239	0.09515	0.00395	0.00361
20	0.00589	0.00439	0.00504	0.00497	0.00623	0.00386	0.00375	0.00731	0.01041	0.03775	0.28356	0.08340	0.46109	0.01005	0.00503	0.00143	0.00224	0.04079	0.01896	0.00385
21	0.01035	0.01007	0.01761	0.07217	0.71767	0.01012	0.07321	0.01298	0.00965	0.01371	0.00802	0.01065	0.00666	0.00380	0.00428	0.00129	0.00525	0.00388	0.00210	0.00655
22	0.00966	0.00991	0.05699	0.01108	0.01155	0.01259	0.00953	0.01084	0.00688	0.04324	0.00615	0.00950	0.00577	0.00718	0.01304	0.00181	0.76374	0.00371	0.00200	0.00485
23	0.02645	0.00493	0.00557	0.00524	0.00647	0.00511	0.00401	0.04500	0.05565	0.05144	0.09046	0.01684	0.01329	0.00912	0.10368	0.04910	0.00350	0.00440	0.49542	0.00429
24	0.01133	0.05722	0.08487	0.13395	0.07194	0.01140	0.20404	0.18571	0.03941	0.04587	0.00879	0.01067	0.00666	0.00466	0.00548	0.00140	0.10396	0.00401	0.00268	0.00598
25	0.01038	0.10011	0.50069	0.05606	0.01719	0.01093	0.04678	0.12569	0.03540	0.04525	0.00850	0.00959	0.00614	0.00424	0.00401	0.00130	0.00571	0.00336	0.00237	0.00628
26	0.03129	0.02935	0.33914	0.00968	0.01361	0.00937	0.01020	0.11609	0.06033	0.17503	0.04741	0.01271	0.00926	0.05395	0.00582	0.00152	0.06202	0.00394	0.00315	0.00614

[dist]
# distance from previous block
# <min> <max>
1	22

[block]
# block no. 1 follows, 62 sequences, length 8
# corresponding to MSA columns:
# 165-172
name=unknown_B
#
# <colnr> <probs for GDERKNQSTAVLIFYWHMCP>
#	G	D	E	R	K	N	Q	S	T	A	V	L	I	F	Y	W	H	M	C	P
0	0.01197	0.00573	0.00724	0.00614	0.00813	0.00529	0.00481	0.01425	0.05625	0.34976	0.23944	0.02109	0.04386	0.05107	0.00520	0.00143	0.00286	0.00544	0.15464	0.00540
1	0.01098	0.00977	0.01479	0.01198	0.04278	0.01027	0.25710	0.11604	0.31241	0.04895	0.01435	0.01511	0.05512	0.02939	0.00535	0.00150	0.02958	0.00494	0.00346	0.00615
2	0.88052	0.00823	0.00625	0.00560	0.00823	0.00955	0.00461	0.01251	0.00724	0.01909	0.00592	0.00691	0.00461	0.00395	0.00263	0.00132	0.00329	0.00230	0.00263	0.00461
3	0.01148	0.00801	0.01282	0.00993	0.01258	0.00771	0.22203	0.13654	0.01208	0.19396	0.18165	0.09330	0.01697	0.05397	0.00572	0.00154	0.00433	0.00594	0.00388	0.00555
4	0.00545	0.00407	0.00510	0.00586	0.00637	0.00385	0.00400	0.00682	0.05060	0.01131	0.02570	0.69858	0.13130	0.01260	0.00532	0.00168	0.00247	0.01131	0.00397	0.00365
5	0.00604	0.00450	0.00569	0.00599	0.00674	0.00439	0.00426	0.00840	0.09161	0.01388	0.32044	0.45907	0.03108	0.01084	0.00517	0.00155	0.00239	0.00972	0.00426	0.00400
6	0.88052	0.00823	0.00625	0.00560	0.00823	0.00955	0.00461	0.01251	0.00724	0.01909	0.00592	0.00691	0.00461	0.00395	0.00263	0.00132	0.00329	0.00230	0.00263	0.00461
7	0.00569	0.00411	0.00542	0.00620	0.00675	0.00393	0.00457	0.00678	0.00865	0.01141	0.05257	0.49176	0.08861	0.05752	0.03524	0.00205	0.00317	0.19817	0.00384	0.00356

[dist]
# distance from previous block
# <min> <max>
2	22

[block]
# block no. 2 follows, 62 sequences, length 16
# corresponding to MSA columns:
# 197-212
name=unknown_C
#
# <colnr> <probs for GDERKNQSTAVLIFYWHMCP>
#	G	D	E	R	K	N	Q	S	T	A	V	L	I	F	Y	W	H	M	C	P
0	0.21135	0.35093	0.11853	0.02147	0.02716	0.08421	0.02356	0.01404	0.05011	0.05328	0.00743	0.00826	0.00594	0.00403	0.00322	0.00115	0.00473	0.00277	0.00235	0.00549
1	0.30158	0.15029	0.02403	0.04206	0.05155	0.08413	0.03409	0.16860	0.07805	0.01737	0.00804	0.00889	0.00625	0.00431	0.00345	0.00124	0.00452	0.00308	0.00283	0.00564
2	0.00817	0.00692	0.02296	0.20097	0.06320	0.00721	0.05370	0.01199	0.14303	0.04258	0.22637	0.13991	0.01965	0.00698	0.00465	0.00142	0.00375	0.00628	0.02529	0.00496
3	0.00541	0.00393	0.00513	0.00593	0.00643	0.00366	0.00419	0.00640	0.00875	0.01156	0.08185	0.62763	0.10462	0.01259	0.00541	0.00170	0.00256	0.09469	0.00400	0.00356
4	0.00938	0.06997	0.55253	0.01275	0.01798	0.05111	0.15430	0.01345	0.00916	0.01296	0.00754	0.00925	0.00560	0.00414	0.00467	0.00135	0.05257	0.00343	0.00188	0.00598
5	0.00561	0.00433	0.00511	0.00492	0.00610	0.00384	0.00369	0.00722	0.01106	0.01473	0.49576	0.03562	0.36752	0.00957	0.00502	0.00138	0.00207	0.00823	0.00438	0.00384
6	0.01138	0.00954	0.01007	0.00882	0.01137	0.01095	0.00693	0.13448	0.70306	0.01908	0.01631	0.01507	0.01217	0.00568	0.00432	0.00142	0.00355	0.00467	0.00432	0.00681
7	0.01531	0.08734	0.01288	0.01042	0.01272	0.62500	0.00809	0.06013	0.01188	0.05633	0.00723	0.00822	0.00586	0.00460	0.00441	0.00115	0.05787	0.00291	0.00242	0.00521
8	0.06498	0.00699	0.00757	0.00634	0.00847	0.00728	0.00507	0.22356	0.03368	0.14508	0.04355	0.01421	0.01066	0.00515	0.00361	0.00116	0.00307	0.00404	0.40008	0.00545
9	0.00612	0.00410	0.00466	0.00473	0.00475	0.00408	0.00268	0.00617	0.00633	0.00844	0.01412	0.08600	0.01637	0.79108	0.02051	0.00396	0.00401	0.00661	0.00268	0.00264
10	0.01020	0.00937	0.05488	0.00746	0.01125	0.06484	0.03394	0.01224	0.00938	0.08042	0.00829	0.00931	0.00655	0.00348	0.00341	0.00079	0.00382	0.00280	0.00267	0.66491
11	0.00762	0.00505	0.00597	0.00575	0.00638	0.00520	0.00383	0.05248	0.05983	0.05560	0.01484	0.11909	0.01581	0.51935	0.08611	0.00355	0.00451	0.02235	0.00309	0.00359
12	0.00925	0.00755	0.00883	0.00645	0.01007	0.00590	0.00515	0.01165	0.05025	0.04643	0.02856	0.00998	0.00765	0.00351	0.00330	0.00072	0.00315	0.00284	0.00278	0.77599
13	0.01148	0.00942	0.01233	0.15604	0.12188	0.05728	0.05857	0.17231	0.11605	0.08485	0.05298	0.01457	0.04052	0.00685	0.05487	0.00168	0.00514	0.01398	0.00329	0.00589
14	0.07020	0.02461	0.05137	0.06979	0.01155	0.06522	0.02011	0.03789	0.07867	0.08098	0.18807	0.06139	0.01555	0.00651	0.01491	0.00140	0.10243	0.00489	0.00331	0.09114
15	0.08250	0.26476	0.13914	0.00848	0.02205	0.01153	0.00804	0.14572	0.08016	0.08256	0.03798	0.06730	0.02231	0.00523	0.00376	0.00123	0.00430	0.00402	0.00306	0.00587

[dist]
# distance from previous block
# <min> <max>
4	44

[block]
# block no. 3 follows, 62 sequences, length 28
# corresponding to MSA columns:
# 257-284
name=unknown_D
#
# <colnr> <probs for GDERKNQSTAVLIFYWHMCP>
#	G	D	E	R	K	N	Q	S	T	A	V	L	I	F	Y	W	H	M	C	P
0	0.14838	0.02830	0.17499	0.16258	0.09284	0.11644	0.00987	0.06340	0.05035	0.06624	0.04156	0.01072	0.00769	0.00450	0.00391	0.00130	0.00514	0.00350	0.00264	0.00564
1	0.15598	0.02715	0.07573	0.00909	0.01206	0.00820	0.15321	0.05529	0.06597	0.15337	0.16481	0.02897	0.05365	0.00572	0.00430	0.00136	0.00410	0.01197	0.00359	0.00551
2	0.01151	0.03712	0.07559	0.11860	0.01572	0.08750	0.16116	0.01500	0.10355	0.16693	0.06178	0.02795	0.01082	0.00550	0.00501	0.01858	0.03296	0.03593	0.00317	0.00563
3	0.00660	0.00664	0.08543	0.00772	0.00894	0.00643	0.00666	0.00839	0.00701	0.01025	0.01053	0.01533	0.00969	0.02711	0.68254	0.00588	0.08419	0.00435	0.00220	0.00411
4	0.00938	0.00970	0.01872	0.01419	0.01746	0.00948	0.51390	0.01404	0.15301	0.01402	0.01288	0.09476	0.01138	0.00567	0.00502	0.00151	0.00574	0.08073	0.00288	0.00553
5	0.00997	0.00818	0.08081	0.03274	0.06908	0.04215	0.00717	0.09255	0.02611	0.12584	0.01574	0.26207	0.01571	0.00902	0.00593	0.08420	0.00400	0.10030	0.00351	0.00492
6	0.01162	0.24710	0.37182	0.01000	0.01469	0.02093	0.03002	0.08665	0.03073	0.12505	0.00890	0.00947	0.00650	0.00423	0.00376	0.00122	0.00526	0.00320	0.00258	0.00626
7	0.00706	0.00539	0.00735	0.08618	0.01052	0.00563	0.00682	0.00985	0.08072	0.01296	0.04984	0.09862	0.06230	0.01048	0.00548	0.00180	0.00378	0.52723	0.00379	0.00420
8	0.00605	0.00425	0.00547	0.00615	0.00692	0.00405	0.00476	0.00744	0.00922	0.01242	0.07204	0.34255	0.12892	0.01139	0.00527	0.00168	0.00285	0.27864	0.08622	0.00371
9	0.00928	0.01011	0.07195	0.56082	0.10494	0.08210	0.01146	0.03452	0.00932	0.01192	0.00760	0.01061	0.00582	0.00417	0.00414	0.00133	0.00568	0.00358	0.00203	0.04861
10	0.00977	0.00880	0.01023	0.20959	0.09131	0.11866	0.00800	0.09637	0.01019	0.01353	0.01148	0.12517	0.01072	0.02642	0.01502	0.00150	0.05734	0.03438	0.13670	0.00483
11	0.00550	0.00388	0.00506	0.00588	0.00615	0.00370	0.00398	0.00622	0.00796	0.01059	0.02169	0.64000	0.02570	0.15327	0.00819	0.00215	0.00287	0.08015	0.00372	0.00335
12	0.00901	0.00852	0.01455	0.59974	0.15144	0.00986	0.08205	0.05130	0.00940	0.01238	0.00786	0.01117	0.00599	0.00417	0.00432	0.00139	0.00566	0.00389	0.00207	0.00525
13	0.00991	0.09884	0.31504	0.04640	0.11264	0.01025	0.01122	0.03200	0.03583	0.07279	0.00879	0.01090	0.00696	0.00728	0.07852	0.01670	0.10629	0.01153	0.00231	0.00579
14	0.00716	0.00453	0.00604	0.00598	0.00702	0.00420	0.00454	0.00883	0.01089	0.09165	0.46701	0.22312	0.03274	0.00981	0.00514	0.00150	0.00249	0.09870	0.00448	0.00418
15	0.23298	0.01646	0.01067	0.00950	0.01192	0.54904	0.00730	0.09079	0.01160	0.01414	0.00676	0.00772	0.00543	0.00434	0.00357	0.00117	0.00629	0.00273	0.00250	0.00507
16	0.00923	0.00538	0.00720	0.08473	0.00963	0.00512	0.00526	0.01098	0.01074	0.21437	0.30144	0.02610	0.19426	0.01011	0.08447	0.00189	0.00369	0.00646	0.00418	0.00477
17	0.07369	0.60468	0.09545	0.00760	0.01112	0.04774	0.00764	0.01255	0.00901	0.01163	0.07802	0.00927	0.00845	0.00418	0.00309	0.00103	0.00453	0.00286	0.00214	0.00533
18	0.01264	0.04425	0.01070	0.00877	0.01062	0.16871	0.00705	0.01487	0.08082	0.22541	0.01320	0.01403	0.06720	0.00924	0.10867	0.00208	0.18886	0.00420	0.00324	0.00542
19	0.08727	0.01383	0.14626	0.00922	0.01151	0.32025	0.02668	0.01230	0.00956	0.01175	0.01130	0.21590	0.01160	0.05311	0.01591	0.00158	0.02936	0.00536	0.00261	0.00464
20	0.02942	0.00833	0.00952	0.00837	0.00958	0.07507	0.02914	0.03551	0.10849	0.01289	0.08791	0.06927	0.11623	0.06840	0.00863	0.00170	0.26119	0.00547	0.01578	0.03910
21	0.00592	0.00430	0.00557	0.00535	0.00632	0.00396	0.00398	0.00780	0.01166	0.01638	0.73073	0.09119	0.07263	0.00912	0.00505	0.00137	0.00205	0.00807	0.00460	0.00396
22	0.88052	0.00823	0.00625	0.00560	0.00823	0.00955	0.00461	0.01251	0.00724	0.01909	0.00592	0.00691	0.00461	0.00395	0.00263	0.00132	0.00329	0.00230	0.00263	0.00461
23	0.00708	0.00378	0.00535	0.00539	0.00540	0.00377	0.00350	0.00568	0.00577	0.00769	0.00914	0.04872	0.00971	0.16979	0.01712	0.67980	0.00373	0.00449	0.00207	0.00205
24	0.00805	0.00590	0.00784	0.00776	0.00855	0.00625	0.00569	0.00879	0.00799	0.01145	0.01350	0.02093	0.01309	0.16893	0.67512	0.00657	0.01061	0.00542	0.00297	0.00460
25	0.00969	0.03408	0.01967	0.02584	0.01794	0.00975	0.55396	0.01380	0.09531	0.01420	0.01102	0.01314	0.02700	0.00420	0.00458	0.00136	0.00581	0.00484	0.12831	0.00552
26	0.12574	0.01020	0.01110	0.00908	0.03495	0.01106	0.00721	0.52846	0.01653	0.10648	0.08697	0.01228	0.01033	0.00528	0.00412	0.00129	0.00415	0.00405	0.00413	0.00658
27	0.09444	0.00811	0.00924	0.00802	0.01027	0.00899	0.00643	0.04398	0.34714	0.20873	0.01497	0.03908	0.01152	0.00603	0.00509	0.00144	0.08312	0.03663	0.05065	0.00612

[dist]
# distance from previous block
# <min> <max>
0	3

[block]
# block no. 4 follows, 62 sequences, length 9
# corresponding to MSA columns:
# 288-296
name=unknown_E
#
# <colnr> <probs for GDERKNQSTAVLIFYWHMCP>
#	G	D	E	R	K	N	Q	S	T	A	V	L	I	F	Y	W	H	M	C	P
0	0.00877	0.08959	0.01120	0.00863	0.02449	0.07632	0.09400	0.04883	0.05301	0.01295	0.10778	0.09242	0.09988	0.03131	0.12622	0.00219	0.04841	0.00559	0.00302	0.05538
1	0.00699	0.00571	0.00687	0.00692	0.00767	0.05429	0.02524	0.03245	0.00888	0.01169	0.09413	0.30050	0.02141	0.15142	0.10589	0.00267	0.02893	0.12119	0.00339	0.00377
2	0.74440	0.08974	0.00819	0.00601	0.00879	0.01047	0.00508	0.06094	0.00815	0.01869	0.00618	0.00710	0.00485	0.00399	0.00274	0.00128	0.00350	0.00239	0.00265	0.00485
3	0.01419	0.01197	0.01138	0.00944	0.01209	0.24332	0.05474	0.19953	0.06282	0.16883	0.04175	0.09204	0.01085	0.00572	0.00429	0.00127	0.00503	0.00462	0.00365	0.04247
4	0.05053	0.00515	0.00605	0.00573	0.00612	0.00573	0.00388	0.03392	0.00696	0.01024	0.01193	0.02238	0.01284	0.55271	0.11021	0.00379	0.08999	0.00535	0.05322	0.00326
5	0.00666	0.00521	0.00773	0.00823	0.08582	0.00498	0.06367	0.00807	0.00920	0.01276	0.21389	0.22446	0.08186	0.13590	0.02722	0.01911	0.00341	0.02244	0.05541	0.00397
6	0.01430	0.03627	0.01119	0.00927	0.01181	0.27312	0.00727	0.23174	0.14883	0.11228	0.01217	0.09135	0.00999	0.00576	0.00421	0.00128	0.00508	0.00445	0.00363	0.00600
7	0.00927	0.00801	0.01218	0.11322	0.08014	0.03340	0.14159	0.04671	0.10045	0.04159	0.07778	0.11538	0.01370	0.00742	0.00635	0.08565	0.04634	0.05283	0.00304	0.00495
8	0.01236	0.05514	0.22670	0.00990	0.01380	0.06587	0.06269	0.11556	0.04308	0.17513	0.04414	0.01141	0.00858	0.00468	0.00442	0.00124	0.03573	0.00372	0.00315	0.10269

[dist]
# distance from previous block
# <min> <max>
0	1

[block]
# block no. 5 follows, 62 sequences, length 10
# corresponding to MSA columns:
# 298-307
name=unknown_F
#
# <colnr> <probs for GDERKNQSTAVLIFYWHMCP>
#	G	D	E	R	K	N	Q	S	T	A	V	L	I	F	Y	W	H	M	C	P
0	0.00608	0.00426	0.00536	0.00576	0.00619	0.00418	0.00392	0.00731	0.05063	0.01127	0.12327	0.38456	0.02415	0.22914	0.01022	0.05465	0.00305	0.05901	0.00358	0.00341
1	0.00551	0.00446	0.00489	0.00502	0.00618	0.00403	0.00365	0.00722	0.05774	0.01211	0.10152	0.21460	0.51137	0.03526	0.00556	0.00157	0.00234	0.00922	0.00400	0.00376
2	0.00959	0.32943	0.53020	0.01033	0.01564	0.01245	0.01260	0.01320	0.00886	0.01219	0.00700	0.00819	0.00542	0.00389	0.00356	0.00119	0.00565	0.00282	0.00181	0.00598
3	0.12777	0.01151	0.01040	0.00874	0.01147	0.14511	0.00696	0.30836	0.21596	0.03862	0.01309	0.01284	0.06005	0.00537	0.00404	0.00131	0.00447	0.00404	0.00373	0.00616
4	0.00834	0.00853	0.01703	0.01303	0.01563	0.00817	0.47488	0.01070	0.00901	0.01220	0.01289	0.20071	0.01300	0.11284	0.00752	0.00187	0.03248	0.03376	0.00266	0.00474
5	0.00795	0.00477	0.00603	0.00573	0.00672	0.00462	0.00417	0.00896	0.00854	0.13100	0.09893	0.02778	0.12673	0.32003	0.15253	0.00336	0.00480	0.07006	0.00343	0.00386
6	0.02898	0.08445	0.01340	0.00995	0.01233	0.17923	0.11625	0.13612	0.02392	0.09834	0.06109	0.01300	0.00971	0.08047	0.02299	0.00166	0.09560	0.00412	0.00299	0.00538
7	0.00660	0.00543	0.00812	0.00760	0.00847	0.00630	0.04122	0.00806	0.00728	0.01028	0.01382	0.01928	0.08126	0.05448	0.56243	0.00523	0.11259	0.03518	0.00244	0.00393
8	0.01006	0.01118	0.02321	0.01682	0.02077	0.01085	0.70264	0.01426	0.08015	0.01384	0.00923	0.01176	0.00699	0.00395	0.00536	0.00145	0.04443	0.00494	0.00233	0.00578
9	0.08602	0.02262	0.16571	0.05424	0.11892	0.02854	0.00909	0.05374	0.07965	0.08456	0.01195	0.07676	0.04034	0.05632	0.00621	0.00158	0.09075	0.00460	0.00287	0.00554

[dist]
# distance from previous block
# <min> <max>
1	21

[block]
# block no. 6 follows, 62 sequences, length 14
# corresponding to MSA columns:
# 329-342
name=unknown_G
#
# <colnr> <probs for GDERKNQSTAVLIFYWHMCP>
#	G	D	E	R	K	N	Q	S	T	A	V	L	I	F	Y	W	H	M	C	P
0	0.05936	0.03050	0.00850	0.09102	0.01097	0.23964	0.00606	0.05652	0.01061	0.01256	0.05258	0.10162	0.28869	0.00759	0.00442	0.00133	0.00436	0.00610	0.00317	0.00440
1	0.07283	0.03991	0.31313	0.06420	0.07896	0.00987	0.01077	0.11290	0.01017	0.03788	0.00792	0.00934	0.00600	0.00425	0.00444	0.00123	0.05801	0.00320	0.00242	0.15257
2	0.06565	0.04744	0.22613	0.18401	0.12295	0.18739	0.03368	0.01337	0.00940	0.01237	0.00717	0.00926	0.00564	0.00429	0.00453	0.00131	0.05463	0.00327	0.00201	0.00548
3	0.16569	0.00902	0.00950	0.00774	0.01056	0.02803	0.00628	0.25154	0.12651	0.23273	0.01249	0.01209	0.00880	0.00501	0.00385	0.00128	0.00376	0.00381	0.09500	0.00632
4	0.00592	0.00432	0.00538	0.00513	0.00606	0.00397	0.00373	0.00755	0.01101	0.01524	0.62038	0.03246	0.13709	0.11487	0.00711	0.00170	0.00229	0.00767	0.00433	0.00378
5	0.01004	0.00511	0.00646	0.00570	0.00740	0.00459	0.00442	0.01176	0.01111	0.25704	0.31982	0.06641	0.12463	0.00760	0.00451	0.00131	0.00253	0.00649	0.13820	0.00489
6	0.00528	0.00394	0.00492	0.00547	0.00611	0.00358	0.00380	0.00630	0.00912	0.01200	0.15585	0.53612	0.20796	0.01202	0.00527	0.00160	0.00232	0.01069	0.00407	0.00358
7	0.00573	0.00461	0.00515	0.00497	0.00629	0.00416	0.00374	0.00781	0.05743	0.01401	0.34197	0.03596	0.47350	0.00968	0.00498	0.00140	0.00217	0.00824	0.00426	0.00394
8	0.00791	0.00741	0.00848	0.00803	0.00874	0.11086	0.00623	0.00912	0.00747	0.00998	0.01051	0.06738	0.01039	0.07393	0.46109	0.00462	0.17679	0.00474	0.00231	0.00401
9	0.01194	0.74825	0.02101	0.00774	0.01120	0.11957	0.00740	0.01328	0.00908	0.01006	0.00600	0.00693	0.00546	0.00373	0.00287	0.00093	0.00494	0.00233	0.00187	0.00539
10	0.00768	0.00614	0.00748	0.00653	0.00848	0.00562	0.00496	0.01007	0.08022	0.03065	0.13409	0.25747	0.03409	0.00760	0.00488	0.00123	0.05154	0.00650	0.00346	0.33132
11	0.02969	0.00906	0.01117	0.00908	0.02490	0.00938	0.06604	0.39362	0.01496	0.14656	0.05363	0.09399	0.09499	0.00658	0.00453	0.00137	0.00408	0.01610	0.00415	0.00615
12	0.01052	0.00959	0.01549	0.31000	0.35998	0.01042	0.06517	0.14007	0.01095	0.01489	0.00824	0.01083	0.00642	0.00415	0.00429	0.00133	0.00535	0.00388	0.00238	0.00604
13	0.01240	0.00925	0.01037	0.04066	0.01190	0.01020	0.00713	0.34151	0.26603	0.06202	0.11554	0.01735	0.01437	0.00616	0.00448	0.00139	0.00387	0.05473	0.00427	0.00637

[dist]
# distance from previous block
# <min> <max>
0	2

[block]
# block no. 7 follows, 62 sequences, length 21
# corresponding to MSA columns:
# 345-365
name=unknown_H
#
# <colnr> <probs for GDERKNQSTAVLIFYWHMCP>
#	G	D	E	R	K	N	Q	S	T	A	V	L	I	F	Y	W	H	M	C	P
0	0.06173	0.01070	0.04150	0.15561	0.09584	0.04052	0.41088	0.05550	0.01006	0.01394	0.00904	0.05814	0.00744	0.00442	0.00458	0.00140	0.00608	0.00473	0.00234	0.00553
1	0.78621	0.00850	0.00744	0.00636	0.00911	0.00968	0.04026	0.04600	0.00801	0.03779	0.00647	0.00743	0.00494	0.00401	0.00284	0.00132	0.00353	0.00253	0.00274	0.00483
2	0.04434	0.01046	0.04661	0.00887	0.01137	0.10608	0.05783	0.23641	0.10569	0.07721	0.08405	0.02822	0.01239	0.12296	0.01571	0.00177	0.00469	0.01617	0.00357	0.00560
3	0.00544	0.00397	0.00514	0.00590	0.00634	0.00376	0.00402	0.00669	0.03650	0.01165	0.09164	0.71554	0.06239	0.01257	0.00534	0.00167	0.00245	0.01134	0.00403	0.00362
4	0.06122	0.00972	0.01069	0.00851	0.01136	0.01059	0.00696	0.44744	0.08439	0.14847	0.01293	0.01274	0.03846	0.00543	0.00453	0.00131	0.04090	0.00410	0.07370	0.00654
5	0.00527	0.00386	0.00487	0.00557	0.00602	0.00355	0.00376	0.00609	0.00849	0.01116	0.07307	0.62625	0.14781	0.06520	0.00636	0.00181	0.00250	0.01099	0.00391	0.00345
6	0.00949	0.00910	0.01561	0.36012	0.47832	0.00986	0.03180	0.01217	0.00921	0.01265	0.00784	0.01089	0.00629	0.00398	0.00425	0.00133	0.00536	0.00382	0.00202	0.00589
7	0.05248	0.00706	0.00941	0.00732	0.01041	0.00621	0.00601	0.01942	0.01197	0.73178	0.07880	0.01552	0.01259	0.00548	0.00427	0.00132	0.00348	0.00447	0.00512	0.00689
8	0.00594	0.00422	0.00561	0.00578	0.00623	0.00442	0.00403	0.00676	0.00725	0.00995	0.05900	0.17487	0.05133	0.27563	0.33026	0.02936	0.00642	0.00678	0.00287	0.00331
9	0.00847	0.00808	0.01388	0.69085	0.14517	0.00960	0.04146	0.01129	0.00874	0.01142	0.00767	0.01123	0.00586	0.00416	0.00428	0.00140	0.00564	0.00383	0.00193	0.00506
10	0.00518	0.00370	0.00494	0.00592	0.00617	0.00346	0.00395	0.00592	0.00815	0.01086	0.02345	0.84768	0.02814	0.01333	0.00543	0.00173	0.00247	0.01210	0.00395	0.00346
11	0.01356	0.01098	0.01160	0.01005	0.04676	0.04238	0.00773	0.41370	0.35588	0.02185	0.01299	0.01253	0.00958	0.00531	0.00427	0.00134	0.00425	0.00420	0.00412	0.00692
12	0.01032	0.16723	0.06439	0.04212	0.07104	0.02086	0.00739	0.02512	0.12754	0.05213	0.00918	0.00999	0.00728	0.00392	0.00350	0.00097	0.00399	0.00310	0.00270	0.36724
13	0.05147	0.01178	0.11972	0.01335	0.14514	0.02072	0.13206	0.22602	0.05926	0.14893	0.01070	0.01172	0.00779	0.00463	0.00429	0.00133	0.00505	0.01611	0.00333	0.00658
14	0.00920	0.00491	0.00616	0.00582	0.00673	0.00465	0.00407	0.00989	0.00820	0.20126	0.01620	0.10246	0.01654	0.47618	0.01422	0.00299	0.00383	0.09926	0.00349	0.00391
15	0.00633	0.00464	0.00617	0.00694	0.00790	0.00448	0.00580	0.00801	0.00970	0.01254	0.06614	0.14151	0.14931	0.01164	0.00565	0.00182	0.00338	0.54026	0.00397	0.00382
16	0.01174	0.11881	0.27949	0.05615	0.07283	0.07719	0.06088	0.04278	0.05821	0.14317	0.02223	0.01069	0.00747	0.00444	0.00415	0.00128	0.01605	0.00358	0.00272	0.00614
17	0.01075	0.00646	0.05146	0.00711	0.00904	0.00542	0.00589	0.02909	0.03315	0.28597	0.09661	0.24815	0.04101	0.02963	0.00533	0.00160	0.00333	0.12053	0.00432	0.00515
18	0.00771	0.00570	0.00820	0.00751	0.00863	0.00641	0.04326	0.07082	0.00837	0.03519	0.01200	0.06809	0.01115	0.04953	0.51359	0.00483	0.05815	0.00495	0.07165	0.00426
19	0.01034	0.01052	0.06913	0.14539	0.44903	0.02948	0.04075	0.09756	0.01068	0.01473	0.04458	0.04092	0.00873	0.00458	0.00431	0.00132	0.00511	0.00424	0.00247	0.00614
20	0.02525	0.18693	0.36766	0.05651	0.09696	0.06987	0.01182	0.08655	0.02139	0.02825	0.00775	0.00901	0.00591	0.00411	0.00379	0.00123	0.00559	0.00313	0.00220	0.00607

[dist]
# distance from previous block
# <min> <max>
1	33

[block]
# block no. 8 follows, 62 sequences, length 41
# corresponding to MSA columns:
# 401-410,424-454
name=unknown_I
#
# <colnr> <probs for GDERKNQSTAVLIFYWHMCP>
#	G	D	E	R	K	N	Q	S	T	A	V	L	I	F	Y	W	H	M	C	P
0	0.03113	0.21029	0.12054	0.02691	0.25679	0.11624	0.03467	0.01451	0.10397	0.01309	0.02792	0.01019	0.00757	0.00422	0.00382	0.00120	0.00519	0.00344	0.00234	0.00598
1	0.00640	0.00421	0.00493	0.00495	0.00505	0.00425	0.00293	0.00660	0.02994	0.00858	0.01330	0.06536	0.01502	0.67869	0.03122	0.10306	0.00408	0.00613	0.00261	0.00268
2	0.07697	0.03397	0.03447	0.02464	0.04399	0.03596	0.00736	0.13554	0.45816	0.01816	0.05669	0.01406	0.01174	0.00547	0.00437	0.00138	0.02257	0.00436	0.00381	0.00631
3	0.08065	0.00882	0.00912	0.00759	0.01028	0.05533	0.00601	0.17281	0.14731	0.05616	0.04077	0.09063	0.03526	0.00584	0.00404	0.00120	0.00368	0.02886	0.00359	0.23206
4	0.01001	0.13181	0.52695	0.01227	0.06932	0.03481	0.05359	0.01419	0.03688	0.05962	0.00830	0.00943	0.00610	0.00409	0.00394	0.00128	0.00581	0.00327	0.00213	0.00621
5	0.06632	0.04462	0.03360	0.01041	0.09155	0.11874	0.01656	0.26122	0.03088	0.14991	0.07949	0.02884	0.02207	0.00542	0.00418	0.00128	0.00458	0.02053	0.00367	0.00614
6	0.00540	0.00401	0.00497	0.00561	0.00616	0.00372	0.00385	0.00648	0.02558	0.01131	0.06560	0.57701	0.17573	0.06168	0.00627	0.00179	0.00253	0.02483	0.00391	0.00353
7	0.00977	0.00950	0.04725	0.25628	0.20115	0.03714	0.15350	0.02715	0.02732	0.06349	0.01224	0.05357	0.07251	0.00509	0.00448	0.00138	0.00527	0.00481	0.00256	0.00553
8	0.01199	0.07690	0.10121	0.01737	0.37759	0.15300	0.03016	0.04676	0.07440	0.05725	0.00887	0.01024	0.00699	0.00419	0.00405	0.00124	0.00543	0.00356	0.00250	0.00630
9	0.02033	0.00946	0.03605	0.01036	0.07593	0.05992	0.00784	0.15140	0.03365	0.17911	0.01249	0.16040	0.01118	0.00699	0.00672	0.00150	0.20224	0.00529	0.00345	0.00570
10	0.21175	0.01168	0.03063	0.01628	0.36396	0.14885	0.00974	0.06153	0.00986	0.01497	0.00720	0.00906	0.00594	0.00433	0.00462	0.00130	0.07690	0.00326	0.00234	0.00579
11	0.00535	0.00394	0.00496	0.00559	0.00615	0.00362	0.00388	0.00630	0.00882	0.01160	0.11195	0.55308	0.17028	0.04712	0.00601	0.00174	0.00249	0.03963	0.00397	0.00352
12	0.15163	0.00956	0.01022	0.03798	0.04138	0.01073	0.00702	0.29783	0.27302	0.04137	0.01206	0.01205	0.00893	0.00505	0.00393	0.00132	0.00388	0.00392	0.06179	0.00633
13	0.00723	0.00522	0.00669	0.00627	0.00704	0.00562	0.00451	0.05053	0.03033	0.01045	0.01131	0.01905	0.01140	0.31223	0.30950	0.09642	0.03875	0.00484	0.00250	0.06009
14	0.05807	0.05691	0.25611	0.04160	0.10943	0.01007	0.10601	0.13433	0.01099	0.04347	0.06425	0.04522	0.00960	0.00499	0.00441	0.00135	0.02058	0.01392	0.00273	0.00594
15	0.03956	0.25372	0.03872	0.01015	0.05913	0.26318	0.01518	0.10993	0.09637	0.01370	0.00840	0.01954	0.00694	0.00475	0.01030	0.00120	0.02502	0.00321	0.01536	0.00564
16	0.00577	0.00440	0.00537	0.00580	0.00682	0.00405	0.00456	0.00714	0.00963	0.01226	0.11133	0.16435	0.34512	0.03516	0.00583	0.00171	0.00281	0.26023	0.00398	0.00369
17	0.00589	0.00409	0.00490	0.00516	0.00539	0.00401	0.00325	0.00633	0.00718	0.00956	0.04518	0.22519	0.06254	0.51143	0.05571	0.00338	0.00390	0.03083	0.00308	0.00299
18	0.00851	0.01557	0.48084	0.03907	0.01586	0.00850	0.08727	0.02407	0.02364	0.04163	0.13462	0.01561	0.07562	0.00533	0.00438	0.00136	0.00521	0.00457	0.00264	0.00568
19	0.00861	0.06593	0.76000	0.01166	0.01764	0.01007	0.01491	0.01327	0.00906	0.01340	0.03256	0.00957	0.00646	0.00416	0.00400	0.00132	0.00606	0.00324	0.00189	0.00617
20	0.00540	0.00414	0.00493	0.00516	0.00608	0.00369	0.00372	0.00662	0.00979	0.01278	0.24939	0.29264	0.33211	0.02518	0.00545	0.00155	0.00227	0.02132	0.00413	0.00365
21	0.00933	0.00822	0.00915	0.02198	0.01067	0.03911	0.00541	0.03293	0.02594	0.01411	0.00780	0.00901	0.00642	0.00333	0.00325	0.00070	0.00342	0.00264	0.00258	0.78401
22	0.00553	0.00421	0.00499	0.00503	0.00599	0.00377	0.00362	0.00684	0.01011	0.01336	0.34652	0.17951	0.31400	0.06967	0.00627	0.00164	0.00229	0.00883	0.00414	0.00366
23	0.00863	0.00826	0.06442	0.07836	0.10147	0.03774	0.04323	0.04787	0.06770	0.04291	0.31316	0.03579	0.09332	0.00683	0.00493	0.00137	0.02947	0.00590	0.00358	0.00506
24	0.00542	0.00436	0.00484	0.00484	0.00606	0.00384	0.00358	0.00693	0.02771	0.01297	0.23697	0.12164	0.52497	0.01041	0.00505	0.00144	0.00218	0.00889	0.00414	0.00375
25	0.01038	0.00974	0.01506	0.15165	0.26237	0.01136	0.06968	0.10764	0.02706	0.01386	0.00768	0.01042	0.00637	0.00521	0.00738	0.00150	0.27072	0.00389	0.00230	0.00574
26	0.01564	0.01808	0.01217	0.01073	0.01313	0.65861	0.02728	0.07897	0.05862	0.05587	0.00807	0.00880	0.00634	0.00455	0.00395	0.00115	0.00697	0.00308	0.00264	0.00536
27	0.01525	0.01154	0.01314	0.05756	0.01439	0.01278	0.04022	0.70142	0.05014	0.02502	0.01028	0.01055	0.00734	0.00502	0.00429	0.00130	0.00479	0.00391	0.00404	0.00701
28	0.01200	0.00917	0.01119	0.00987	0.04324	0.08624	0.00771	0.02796	0.00902	0.20680	0.00945	0.01133	0.00753	0.00906	0.11002	0.00212	0.33358	0.00376	0.00288	0.08707
29	0.00520	0.00376	0.00495	0.00585	0.00618	0.00351	0.00394	0.00598	0.00820	0.01087	0.02429	0.78153	0.07313	0.01363	0.02536	0.00183	0.00267	0.01174	0.00391	0.00347
30	0.02677	0.00608	0.00755	0.00689	0.00842	0.02099	0.05065	0.06624	0.08778	0.04267	0.23030	0.21429	0.16574	0.00905	0.00490	0.00146	0.00299	0.02986	0.01283	0.00453
31	0.01321	0.06721	0.05664	0.01167	0.08936	0.33500	0.02887	0.10533	0.22173	0.01470	0.00998	0.01047	0.00777	0.00469	0.00402	0.00123	0.00569	0.00355	0.00292	0.00595
32	0.03242	0.00732	0.00916	0.00762	0.00990	0.00735	0.04853	0.16152	0.09879	0.19174	0.17173	0.06318	0.09146	0.02503	0.00492	0.00143	0.00343	0.02482	0.03404	0.00560
33	0.00636	0.00434	0.00581	0.00611	0.00660	0.00430	0.01665	0.00721	0.00778	0.03535	0.02762	0.32525	0.02071	0.28606	0.10962	0.00312	0.00437	0.11599	0.00332	0.00343
34	0.00599	0.00425	0.00552	0.00625	0.00684	0.00409	0.00458	0.00738	0.03345	0.02078	0.04359	0.51055	0.07084	0.06016	0.00635	0.00187	0.00289	0.18539	0.01557	0.00368
35	0.01134	0.05608	0.01043	0.00849	0.02849	0.00938	0.00671	0.14982	0.05626	0.11915	0.01117	0.06325	0.00935	0.00691	0.00751	0.07150	0.21839	0.00435	0.14620	0.00523
36	0.01006	0.03708	0.38575	0.01240	0.04880	0.04776	0.15030	0.10908	0.03362	0.01490	0.05485	0.01122	0.00817	0.00498	0.00494	0.04814	0.00575	0.00388	0.00243	0.00589
37	0.00582	0.00431	0.00532	0.00585	0.00653	0.00406	0.00410	0.04914	0.00931	0.01222	0.07185	0.59916	0.16812	0.01215	0.00528	0.00163	0.00253	0.02489	0.00401	0.00372
38	0.02245	0.06047	0.20655	0.00926	0.02344	0.05098	0.03016	0.15586	0.03992	0.11760	0.01332	0.01414	0.08818	0.00516	0.00407	0.00122	0.00461	0.02398	0.00317	0.12546
39	0.02343	0.03521	0.21476	0.01054	0.08308	0.05127	0.04021	0.03619	0.08759	0.06969	0.02634	0.12308	0.01100	0.00568	0.00418	0.00128	0.00452	0.02375	0.01534	0.13286
40	0.01035	0.07826	0.10645	0.01146	0.12028	0.03151	0.09351	0.01349	0.07936	0.10343	0.02398	0.07377	0.01077	0.00566	0.00449	0.01936	0.00451	0.06773	0.00297	0.13866

[dist]
# distance from previous block
# <min> <max>
11	46

[block]
# block no. 9 follows, 62 sequences, length 67
# corresponding to MSA columns:
# 506-572
name=unknown_J
#
# <colnr> <probs for GDERKNQSTAVLIFYWHMCP>
#	G	D	E	R	K	N	Q	S	T	A	V	L	I	F	Y	W	H	M	C	P
0	0.12119	0.15393	0.07436	0.04794	0.04362	0.03487	0.03611	0.14469	0.05040	0.19864	0.01009	0.01034	0.00728	0.00445	0.00375	0.00122	0.00447	0.00342	0.00328	0.04596
1	0.02355	0.01006	0.01075	0.04776	0.04292	0.10988	0.02916	0.18647	0.09305	0.04973	0.06085	0.04990	0.01032	0.00499	0.00400	0.00112	0.00428	0.00407	0.00330	0.25384
2	0.06485	0.00642	0.00769	0.00692	0.00809	0.00708	0.00528	0.13951	0.01021	0.04329	0.16420	0.07720	0.01754	0.20442	0.09532	0.00265	0.09435	0.03724	0.00339	0.00437
3	0.00620	0.00429	0.00568	0.00634	0.00687	0.00419	0.00450	0.00753	0.03709	0.04469	0.05327	0.66939	0.02653	0.01229	0.00557	0.00171	0.02257	0.07348	0.00399	0.00381
4	0.08044	0.01818	0.58356	0.01201	0.04797	0.00981	0.05580	0.06067	0.00970	0.03653	0.00857	0.01082	0.00646	0.00441	0.00408	0.00137	0.00578	0.03551	0.00222	0.00613
5	0.03872	0.01145	0.08370	0.12997	0.44007	0.07757	0.03982	0.05656	0.02070	0.01422	0.04111	0.01111	0.00777	0.00422	0.00419	0.00129	0.00531	0.00382	0.00233	0.00610
6	0.01297	0.01334	0.01256	0.01058	0.01276	0.29509	0.07901	0.17332	0.11780	0.01517	0.00967	0.03989	0.00797	0.00545	0.00566	0.00134	0.13435	0.00397	0.04351	0.00556
7	0.00640	0.00411	0.00523	0.00576	0.00639	0.00390	0.00410	0.00765	0.01788	0.04367	0.08342	0.51232	0.04169	0.04529	0.00568	0.00168	0.00259	0.07185	0.12661	0.00376
8	0.04308	0.13135	0.24923	0.26351	0.02008	0.01059	0.12499	0.01269	0.00893	0.04944	0.00794	0.01014	0.00599	0.00486	0.02723	0.00148	0.01735	0.00355	0.00208	0.00551
9	0.04382	0.00672	0.00848	0.00748	0.00905	0.00707	0.03531	0.16150	0.01082	0.12629	0.02570	0.26388	0.01551	0.07452	0.03084	0.00184	0.06404	0.02234	0.07989	0.00491
10	0.00629	0.00435	0.00565	0.00636	0.00696	0.00422	0.00451	0.00800	0.06703	0.04475	0.02265	0.68058	0.02599	0.01231	0.00534	0.00171	0.00271	0.08265	0.00403	0.00389
11	0.00630	0.00474	0.00590	0.00637	0.00740	0.00453	0.00506	0.03585	0.02286	0.01278	0.07454	0.23663	0.23902	0.01136	0.00541	0.00169	0.00300	0.30866	0.00400	0.00389
12	0.05679	0.34003	0.31208	0.00974	0.02237	0.01250	0.04115	0.06648	0.00981	0.08131	0.00786	0.00869	0.00598	0.00403	0.00353	0.00117	0.00515	0.00298	0.00232	0.00601
13	0.01151	0.08104	0.01199	0.17201	0.01459	0.05447	0.05020	0.28095	0.01294	0.02636	0.04370	0.01294	0.03058	0.00540	0.01725	0.00132	0.00460	0.00403	0.15862	0.00552
14	0.00605	0.00452	0.00568	0.00567	0.00673	0.00422	0.00437	0.00809	0.03459	0.01506	0.49209	0.08947	0.17366	0.00973	0.00515	0.00147	0.00238	0.12271	0.00438	0.00397
15	0.01071	0.65906	0.21045	0.00841	0.01267	0.01521	0.00925	0.01291	0.00872	0.01082	0.00632	0.00733	0.00544	0.00373	0.00304	0.00101	0.00496	0.00248	0.00181	0.00565
16	0.01103	0.22049	0.34072	0.00982	0.01414	0.05811	0.01057	0.09112	0.11385	0.05188	0.00953	0.03419	0.00747	0.00462	0.00382	0.00124	0.00518	0.00350	0.00261	0.00612
17	0.00679	0.00571	0.00794	0.00771	0.00816	0.00657	0.02908	0.00805	0.02726	0.01118	0.05837	0.38872	0.03694	0.07501	0.02850	0.00204	0.22282	0.06200	0.00325	0.00392
18	0.05441	0.01181	0.01155	0.04354	0.01267	0.23947	0.06565	0.14959	0.07776	0.06187	0.02683	0.02495	0.00852	0.00836	0.09952	0.01773	0.06238	0.00393	0.01408	0.00538
19	0.01008	0.00948	0.01643	0.08390	0.04776	0.02014	0.34398	0.02841	0.18283	0.05300	0.01205	0.02479	0.00980	0.00670	0.05388	0.00179	0.02345	0.06290	0.00293	0.00569
20	0.01006	0.21394	0.53417	0.01054	0.01578	0.01149	0.01261	0.04425	0.04708	0.05053	0.00820	0.00910	0.00607	0.00413	0.00377	0.00125	0.00556	0.00310	0.00217	0.00620
21	0.01015	0.00866	0.04606	0.01025	0.01304	0.01667	0.23847	0.05135	0.12231	0.13150	0.06605	0.12469	0.12797	0.00680	0.00478	0.00144	0.00437	0.00635	0.00362	0.00548
22	0.09072	0.01165	0.01140	0.00971	0.01194	0.26676	0.11835	0.08753	0.04955	0.01426	0.09505	0.01608	0.03530	0.00764	0.05225	0.04380	0.00570	0.06444	0.00295	0.00489
23	0.01240	0.01242	0.01426	0.13215	0.36746	0.23025	0.01065	0.06813	0.04781	0.05147	0.00854	0.01029	0.00675	0.00426	0.00413	0.00125	0.00567	0.00358	0.00249	0.00603
24	0.00663	0.00466	0.00611	0.00602	0.00648	0.00499	0.00425	0.01900	0.00759	0.02326	0.10414	0.10264	0.01734	0.32745	0.22959	0.04605	0.04936	0.02813	0.00290	0.00340
25	0.05564	0.01210	0.01438	0.01154	0.01419	0.22521	0.24438	0.05105	0.10588	0.04680	0.02732	0.03665	0.04052	0.03327	0.00548	0.00145	0.04871	0.01721	0.00286	0.00535
26	0.07514	0.00849	0.00970	0.06346	0.12236	0.11884	0.02269	0.01126	0.06604	0.01173	0.01085	0.01605	0.02271	0.15580	0.21476	0.00319	0.03892	0.02096	0.00249	0.00455
27	0.00659	0.00508	0.00799	0.00745	0.00831	0.00567	0.06326	0.00786	0.00702	0.01005	0.01136	0.05030	0.01094	0.07857	0.57651	0.07310	0.03816	0.00489	0.02315	0.00373
28	0.00949	0.00959	0.04002	0.01354	0.03995	0.00905	0.43013	0.06222	0.04086	0.03590	0.05023	0.07683	0.04798	0.00759	0.06972	0.00187	0.02371	0.02311	0.00281	0.00539
29	0.00879	0.00798	0.01383	0.63229	0.06656	0.00930	0.09435	0.01154	0.00892	0.04934	0.00945	0.01256	0.03699	0.00450	0.00449	0.00141	0.01641	0.00413	0.00216	0.00501
30	0.01293	0.08404	0.01685	0.01221	0.01541	0.22007	0.28270	0.14478	0.02437	0.06864	0.03557	0.04451	0.00858	0.00474	0.00436	0.00128	0.00602	0.00433	0.00287	0.00572
31	0.00676	0.00491	0.00671	0.00765	0.07582	0.00478	0.00506	0.00845	0.03467	0.04580	0.20211	0.31206	0.08558	0.05288	0.09017	0.00220	0.00369	0.04278	0.00379	0.00414
32	0.06193	0.00884	0.01102	0.00879	0.01158	0.05624	0.10219	0.14065	0.07563	0.27514	0.05365	0.01765	0.09921	0.03308	0.00496	0.00144	0.00420	0.02378	0.00405	0.00596
33	0.00894	0.00849	0.01439	0.54548	0.31700	0.00969	0.01227	0.01166	0.00894	0.01197	0.00772	0.01105	0.00606	0.00409	0.00424	0.00136	0.00545	0.00378	0.00197	0.00546
34	0.00911	0.05270	0.29934	0.01379	0.01821	0.01017	0.37229	0.01287	0.02384	0.01306	0.00989	0.02518	0.03815	0.00569	0.04352	0.00165	0.03828	0.00444	0.00215	0.00568
35	0.01041	0.10982	0.03968	0.05417	0.07461	0.03860	0.55502	0.01350	0.00979	0.02407	0.00817	0.01068	0.00631	0.00377	0.00477	0.00135	0.02301	0.00441	0.00213	0.00571
36	0.02314	0.00982	0.01504	0.01147	0.01467	0.07162	0.29584	0.07069	0.06194	0.25471	0.01414	0.06544	0.04880	0.01659	0.00483	0.00142	0.00513	0.00514	0.00357	0.00599
37	0.01113	0.07060	0.06704	0.08773	0.26260	0.02609	0.17709	0.02691	0.04763	0.11050	0.01036	0.01356	0.00831	0.00462	0.00438	0.00135	0.00531	0.05601	0.00269	0.00608
38	0.00930	0.00815	0.01296	0.01526	0.32557	0.00799	0.10168	0.08181	0.01084	0.03647	0.10330	0.05785	0.15640	0.00695	0.02209	0.00148	0.00437	0.02885	0.00313	0.00554
39	0.01037	0.03397	0.09679	0.01258	0.02793	0.06126	0.27249	0.02394	0.09393	0.05769	0.00972	0.02834	0.00799	0.03838	0.04559	0.00182	0.16473	0.00444	0.00254	0.00550
40	0.01248	0.01069	0.04719	0.09898	0.04050	0.05864	0.25719	0.13671	0.02443	0.16527	0.03975	0.02859	0.00886	0.00487	0.00498	0.00138	0.04583	0.00450	0.00316	0.00600
41	0.00795	0.00494	0.00710	0.00676	0.00731	0.00549	0.00507	0.00808	0.00709	0.07374	0.04760	0.06298	0.01157	0.04066	0.23727	0.33380	0.10531	0.02133	0.00255	0.00339
42	0.00672	0.00586	0.00936	0.00917	0.05879	0.00558	0.13882	0.00880	0.04884	0.01234	0.05460	0.40027	0.14253	0.01006	0.00519	0.00160	0.00350	0.07011	0.00358	0.00428
43	0.01253	0.01038	0.02892	0.04430	0.01622	0.07406	0.32747	0.05421	0.09467	0.20512	0.02112	0.04444	0.00934	0.00568	0.03021	0.00155	0.00568	0.00480	0.00330	0.00601
44	0.01030	0.00969	0.01691	0.16920	0.59232	0.00994	0.07906	0.01294	0.00958	0.03714	0.00823	0.01087	0.00664	0.00390	0.00429	0.00131	0.00530	0.00391	0.00216	0.00631
45	0.00798	0.00742	0.01235	0.73402	0.04850	0.00913	0.01131	0.01066	0.00855	0.01103	0.00877	0.03997	0.00733	0.00496	0.00457	0.00146	0.02305	0.04219	0.00206	0.00470
46	0.01157	0.01032	0.02683	0.16455	0.26455	0.06254	0.20650	0.01465	0.04708	0.13455	0.00972	0.01154	0.00723	0.00418	0.00441	0.00134	0.00558	0.00414	0.00265	0.00609
47	0.01320	0.00948	0.07082	0.01139	0.01490	0.00802	0.29081	0.01624	0.05087	0.35073	0.05251	0.06822	0.01143	0.00530	0.00464	0.00139	0.00490	0.00516	0.00377	0.00622
48	0.00860	0.04188	0.80914	0.01201	0.01824	0.01005	0.01552	0.01346	0.00898	0.01339	0.00759	0.00893	0.00539	0.00403	0.00401	0.00134	0.00625	0.00312	0.00180	0.00627
49	0.01589	0.02028	0.01206	0.01096	0.01315	0.83338	0.00822	0.01699	0.01206	0.01041	0.00658	0.00767	0.00548	0.00438	0.00384	0.00110	0.00767	0.00274	0.00219	0.00493
50	0.01298	0.00939	0.14797	0.00915	0.03436	0.00686	0.04775	0.01570	0.04256	0.38771	0.05975	0.07126	0.03183	0.00652	0.00459	0.00143	0.00412	0.09589	0.00410	0.00610
51	0.02336	0.00970	0.06542	0.03314	0.01369	0.02814	0.14231	0.10486	0.07538	0.33176	0.03935	0.05853	0.01074	0.00550	0.00482	0.00139	0.03691	0.00476	0.00391	0.00632
52	0.00853	0.00749	0.01251	0.78770	0.02807	0.00921	0.01143	0.01127	0.00868	0.05019	0.00824	0.02393	0.00624	0.00444	0.00427	0.00142	0.00553	0.00393	0.00208	0.00483
53	0.01142	0.00917	0.08720	0.04306	0.07677	0.00776	0.15918	0.01489	0.09305	0.23939	0.10905	0.02870	0.08946	0.00576	0.00457	0.00137	0.00436	0.00526	0.00368	0.00591
54	0.03467	0.02234	0.05228	0.01111	0.06482	0.00878	0.15420	0.11864	0.04939	0.40824	0.02337	0.01288	0.00917	0.00480	0.00435	0.00133	0.00460	0.00427	0.00404	0.00674
55	0.01104	0.02721	0.05751	0.26377	0.18809	0.00925	0.16445	0.01383	0.01692	0.16486	0.01012	0.03679	0.00768	0.00448	0.00439	0.00137	0.00534	0.00431	0.00269	0.00589
