[name]
unknown

[dist]
# distance from previous block
# <min> <max>
0	133

[block]
# block no. 0 follows, 57 sequences, length 12
# corresponding to MSA columns:
# 136-147
name=unknown_A
#
# <colnr> <probs for GDERKNQSTAVLIFYWHMCP>
#	G	D	E	R	K	N	Q	S	T	A	V	L	I	F	Y	W	H	M	C	P
0	0.01063	0.09749	0.29509	0.02963	0.03449	0.06828	0.01058	0.06849	0.09533	0.03727	0.04035	0.01659	0.02664	0.06204	0.00568	0.00161	0.00536	0.06628	0.00294	0.02523
1	0.02791	0.00716	0.00923	0.02423	0.04857	0.00697	0.03396	0.05359	0.12348	0.15647	0.07870	0.07253	0.15262	0.02153	0.00639	0.09083	0.00362	0.00605	0.00398	0.07217
2	0.04442	0.05251	0.17659	0.09603	0.03477	0.00840	0.02651	0.03032	0.01013	0.09811	0.04060	0.02521	0.07630	0.01776	0.00457	0.00128	0.01540	0.00426	0.01389	0.22293
3	0.00745	0.00577	0.00733	0.00723	0.03988	0.00513	0.00518	0.00899	0.00995	0.03178	0.15868	0.23248	0.11877	0.04294	0.00595	0.00154	0.02407	0.06818	0.00381	0.21489
4	0.01468	0.07095	0.01312	0.00950	0.01300	0.01271	0.00784	0.48984	0.16339	0.02360	0.01156	0.01153	0.00856	0.00517	0.00427	0.00127	0.00449	0.00396	0.00411	0.12644
5	0.01209	0.01216	0.03174	0.01065	0.09280	0.25965	0.00754	0.07039	0.04773	0.06520	0.08952	0.10358	0.10623	0.00691	0.00461	0.00134	0.00499	0.00562	0.00347	0.06378
6	0.06979	0.01086	0.00868	0.04107	0.01054	0.25810	0.00616	0.04148	0.04750	0.03857	0.06704	0.10829	0.01314	0.00626	0.00410	0.00127	0.00457	0.00494	0.21613	0.04150
7	0.06803	0.04743	0.59484	0.01311	0.01899	0.04068	0.12614	0.01442	0.00971	0.01454	0.00806	0.00967	0.00585	0.00423	0.00430	0.00142	0.00661	0.00353	0.00204	0.00641
8	0.01099	0.01085	0.03522	0.23502	0.47955	0.04191	0.01296	0.05946	0.01058	0.01446	0.00837	0.01121	0.00678	0.00444	0.00490	0.00141	0.03915	0.00398	0.00230	0.00647
9	0.04432	0.13370	0.19703	0.03958	0.17893	0.06572	0.05809	0.06517	0.02503	0.12455	0.00978	0.02170	0.00744	0.00460	0.00421	0.00134	0.00557	0.00381	0.00282	0.00659
10	0.00731	0.00511	0.00573	0.00548	0.00596	0.00519	0.00344	0.06048	0.02516	0.01098	0.04460	0.02888	0.07342	0.65147	0.04544	0.00391	0.00444	0.00660	0.00308	0.00335
11	0.00665	0.00576	0.00585	0.00598	0.00708	0.06268	0.00431	0.00819	0.03264	0.01325	0.19142	0.27809	0.31357	0.03624	0.00591	0.00166	0.00288	0.00960	0.00420	0.00404

[dist]
# distance from previous block
# <min> <max>
8	18

[block]
# block no. 1 follows, 57 sequences, length 15
# corresponding to MSA columns:
# 167-177,181-184
name=unknown_B
#
# <colnr> <probs for GDERKNQSTAVLIFYWHMCP>
#	G	D	E	R	K	N	Q	S	T	A	V	L	I	F	Y	W	H	M	C	P
0	0.72680	0.00893	0.00754	0.00660	0.00931	0.02756	0.02633	0.03639	0.00844	0.04075	0.00768	0.03368	0.00639	0.03347	0.00379	0.00152	0.00378	0.00310	0.00295	0.00499
1	0.00856	0.00805	0.01359	0.82986	0.03121	0.01007	0.01258	0.01158	0.00906	0.01158	0.00805	0.01208	0.00604	0.00453	0.00453	0.00151	0.00604	0.00403	0.00201	0.00503
2	0.09264	0.04186	0.06206	0.09776	0.09872	0.02432	0.13583	0.18541	0.04501	0.07187	0.01032	0.04161	0.00810	0.00504	0.00469	0.00141	0.02683	0.00434	0.00316	0.03903
3	0.00911	0.00663	0.00744	0.00676	0.00840	0.03051	0.00494	0.06077	0.07083	0.06412	0.05243	0.21646	0.03039	0.18861	0.00867	0.00203	0.00360	0.02990	0.04013	0.15824
4	0.03129	0.20474	0.06416	0.00812	0.01033	0.10432	0.00694	0.07005	0.02238	0.01262	0.01217	0.15475	0.01231	0.08771	0.17572	0.00284	0.00640	0.00538	0.00280	0.00494
5	0.01109	0.31719	0.29004	0.01190	0.01671	0.01355	0.16077	0.04321	0.03446	0.02882	0.00821	0.00963	0.00641	0.00427	0.00428	0.00130	0.02611	0.00351	0.00225	0.00629
6	0.03574	0.00615	0.00804	0.00733	0.00853	0.00651	0.04289	0.06889	0.05379	0.02926	0.03832	0.03676	0.01473	0.31098	0.24355	0.00418	0.00658	0.05512	0.00312	0.01953
7	0.00856	0.00805	0.01359	0.82986	0.03121	0.01007	0.01258	0.01158	0.00906	0.01158	0.00805	0.01208	0.00604	0.00453	0.00453	0.00151	0.00604	0.00403	0.00201	0.00503
8	0.03750	0.13701	0.06808	0.04088	0.13282	0.13623	0.04433	0.03975	0.06985	0.03349	0.00880	0.01008	0.00705	0.00422	0.00391	0.00114	0.00522	0.00336	0.00264	0.21366
9	0.00669	0.00506	0.00611	0.00596	0.00732	0.00457	0.00442	0.00873	0.04756	0.02843	0.28330	0.23204	0.22094	0.01039	0.00526	0.00151	0.00257	0.03361	0.00437	0.08115
10	0.01117	0.07299	0.14248	0.08439	0.24968	0.02503	0.03064	0.10258	0.11785	0.01582	0.01015	0.01234	0.00815	0.04234	0.00557	0.00153	0.03578	0.00409	0.02095	0.00648
11	0.00562	0.00439	0.00505	0.00535	0.00631	0.00392	0.00379	0.00668	0.00967	0.01225	0.10200	0.29029	0.41843	0.06660	0.03674	0.00202	0.00288	0.01012	0.00411	0.00376
12	0.01229	0.01064	0.05536	0.01213	0.13026	0.02736	0.03926	0.23237	0.15529	0.05777	0.04279	0.01642	0.08352	0.00707	0.03614	0.00165	0.02935	0.00494	0.03887	0.00653
13	0.00662	0.00453	0.00523	0.00518	0.00544	0.00440	0.00307	0.00690	0.00724	0.00982	0.06042	0.09545	0.01865	0.68753	0.01974	0.00385	0.00407	0.00702	0.00299	0.04183
14	0.64603	0.00901	0.00788	0.00671	0.00958	0.01012	0.00548	0.11666	0.00996	0.09740	0.00832	0.00944	0.00632	0.03607	0.00396	0.00151	0.00377	0.00302	0.00330	0.00546

[dist]
# distance from previous block
# <min> <max>
0	1

[block]
# block no. 2 follows, 57 sequences, length 50
# corresponding to MSA columns:
# 186,192-198,202-243
name=unknown_C
#
# <colnr> <probs for GDERKNQSTAVLIFYWHMCP>
#	G	D	E	R	K	N	Q	S	T	A	V	L	I	F	Y	W	H	M	C	P
0	0.03602	0.10300	0.15878	0.08377	0.08771	0.01035	0.02042	0.09227	0.11161	0.04193	0.05608	0.05795	0.02383	0.00559	0.00433	0.00135	0.00471	0.01614	0.00314	0.08101
1	0.01074	0.26305	0.42817	0.06009	0.01737	0.02431	0.03885	0.03023	0.03385	0.04179	0.00831	0.00956	0.00630	0.00431	0.00396	0.00130	0.00594	0.00329	0.00221	0.00637
2	0.03127	0.10732	0.01841	0.04254	0.00934	0.00773	0.00610	0.00896	0.01654	0.01097	0.03772	0.12810	0.01313	0.06328	0.28715	0.11558	0.08359	0.00555	0.00262	0.00409
3	0.80131	0.00890	0.00724	0.02666	0.00957	0.01038	0.00535	0.03757	0.00815	0.02011	0.00648	0.00766	0.00505	0.00435	0.00323	0.00142	0.02617	0.00258	0.00282	0.00500
4	0.03843	0.02480	0.00947	0.00784	0.00985	0.06205	0.01865	0.25232	0.03909	0.01934	0.09832	0.04652	0.01348	0.02410	0.00543	0.02133	0.04837	0.00484	0.25030	0.00548
5	0.00980	0.00534	0.00625	0.00562	0.00715	0.00517	0.00434	0.06098	0.01185	0.11913	0.29226	0.02224	0.02218	0.00672	0.00419	0.00125	0.00252	0.00564	0.40249	0.00490
6	0.00918	0.11809	0.20342	0.00975	0.04423	0.02174	0.03841	0.03589	0.05825	0.03529	0.13921	0.08584	0.10599	0.00763	0.01618	0.00154	0.01691	0.04361	0.00332	0.00552
7	0.00704	0.00466	0.00596	0.00565	0.00677	0.00431	0.00423	0.00906	0.01221	0.04573	0.64298	0.07971	0.04999	0.00906	0.00512	0.00141	0.00223	0.00797	0.09155	0.00435
8	0.01317	0.03202	0.12000	0.04922	0.04472	0.03443	0.17034	0.19908	0.06277	0.12795	0.01234	0.03878	0.02105	0.00549	0.00499	0.00146	0.02737	0.02471	0.00348	0.00662
9	0.00590	0.00439	0.00597	0.00663	0.00721	0.00413	0.02403	0.00692	0.00896	0.01177	0.02579	0.59897	0.10435	0.05445	0.01994	0.00204	0.00313	0.09760	0.00405	0.00377
10	0.84241	0.00883	0.00707	0.00673	0.03708	0.01019	0.00522	0.01334	0.00780	0.02014	0.00639	0.00750	0.00499	0.00420	0.00286	0.00140	0.00357	0.00251	0.00278	0.00499
11	0.08653	0.14066	0.11679	0.01657	0.26873	0.11801	0.09338	0.06494	0.01084	0.01489	0.00791	0.00974	0.00640	0.00429	0.00433	0.00131	0.02241	0.00356	0.00236	0.00634
12	0.01127	0.00973	0.01025	0.00922	0.01178	0.01127	0.00717	0.02408	0.80430	0.01896	0.01844	0.01691	0.01383	0.00615	0.00461	0.00154	0.00359	0.00512	0.00461	0.00717
13	0.00994	0.00913	0.01497	0.44090	0.24777	0.01053	0.03084	0.04373	0.00982	0.02763	0.00885	0.03731	0.00728	0.00502	0.00547	0.00151	0.07688	0.00434	0.00232	0.00577
14	0.00669	0.00471	0.00594	0.00562	0.00682	0.00426	0.00422	0.00860	0.01225	0.04478	0.62512	0.06700	0.16763	0.00970	0.00534	0.00146	0.00224	0.00848	0.00485	0.00430
15	0.00765	0.00561	0.00756	0.00764	0.00870	0.00564	0.02951	0.06071	0.01047	0.03564	0.07962	0.32964	0.07759	0.04098	0.00672	0.00191	0.03764	0.23831	0.00411	0.00435
16	0.09087	0.00757	0.00932	0.00753	0.01039	0.00722	0.00610	0.07210	0.05905	0.47192	0.15104	0.01770	0.01596	0.00611	0.00447	0.00139	0.00351	0.00498	0.04607	0.00669
17	0.03734	0.01039	0.03069	0.11760	0.08302	0.05122	0.32464	0.01355	0.02684	0.05067	0.02979	0.01396	0.00888	0.06025	0.02305	0.00178	0.04692	0.00479	0.05903	0.00560
18	0.00686	0.00498	0.00611	0.00573	0.00704	0.00461	0.00433	0.00933	0.05287	0.04053	0.59203	0.03441	0.19524	0.00944	0.00529	0.00145	0.00229	0.00821	0.00483	0.00443
19	0.04129	0.03068	0.01273	0.03874	0.01383	0.01301	0.00822	0.52120	0.20655	0.04786	0.01254	0.01230	0.00908	0.00551	0.00446	0.00140	0.00461	0.00425	0.00438	0.00736
20	0.05702	0.00667	0.00787	0.00650	0.00893	0.00638	0.00523	0.08073	0.01191	0.36588	0.01592	0.01574	0.02431	0.00549	0.00390	0.00126	0.00318	0.00436	0.36266	0.00606
21	0.01088	0.08466	0.43736	0.04382	0.04846	0.01155	0.09587	0.09717	0.07795	0.03570	0.00950	0.01072	0.00695	0.00452	0.00437	0.00141	0.00606	0.00379	0.00256	0.00669
22	0.00599	0.00452	0.00558	0.00585	0.00681	0.00414	0.00431	0.00759	0.02143	0.01420	0.29207	0.28808	0.23911	0.01160	0.00555	0.00164	0.00251	0.07055	0.00447	0.00400
23	0.05708	0.00757	0.04090	0.03334	0.01062	0.00728	0.04616	0.01407	0.18536	0.08841	0.32425	0.02456	0.06324	0.00745	0.00501	0.00148	0.01484	0.03357	0.02937	0.00545
24	0.01033	0.01244	0.18828	0.06487	0.13535	0.00954	0.14122	0.04533	0.09365	0.04633	0.08187	0.01435	0.02878	0.00498	0.00458	0.00136	0.00523	0.00458	0.00297	0.10394
25	0.00940	0.00805	0.00940	0.00671	0.01074	0.00604	0.00537	0.01141	0.00940	0.01477	0.00805	0.00940	0.00671	0.00336	0.00336	0.00067	0.00336	0.00268	0.00268	0.86845
26	0.00954	0.00780	0.01154	0.12740	0.20385	0.00860	0.00878	0.08445	0.03316	0.03439	0.01196	0.06555	0.02316	0.07077	0.21084	0.02672	0.04825	0.00509	0.00279	0.00533
27	0.02532	0.06628	0.06312	0.07263	0.03390	0.00979	0.07032	0.12244	0.13533	0.08796	0.01275	0.08496	0.01067	0.00569	0.00440	0.00133	0.00452	0.02290	0.00348	0.16224
28	0.05154	0.38611	0.04940	0.00913	0.01256	0.10494	0.03179	0.13882	0.08382	0.01531	0.03033	0.01177	0.02184	0.00499	0.00379	0.00122	0.00509	0.02863	0.00287	0.00605
29	0.00895	0.00826	0.01359	0.79298	0.03044	0.01025	0.01241	0.04694	0.00961	0.01234	0.00818	0.01203	0.00612	0.00457	0.00453	0.00150	0.00599	0.00403	0.00213	0.00515
30	0.03238	0.00820	0.01012	0.00777	0.03548	0.00646	0.02863	0.01222	0.00963	0.06449	0.00889	0.02089	0.00727	0.00370	0.00354	0.00080	0.00357	0.00305	0.00286	0.73005
31	0.01198	0.01178	0.00989	0.00889	0.01061	0.24860	0.00661	0.11194	0.17116	0.01421	0.01229	0.02954	0.01120	0.22161	0.07112	0.00259	0.03280	0.00478	0.00320	0.00518
32	0.01012	0.21735	0.55325	0.01196	0.04294	0.01228	0.01398	0.04169	0.00994	0.01397	0.00821	0.01019	0.00640	0.00445	0.00404	0.00134	0.00609	0.02326	0.00208	0.00647
33	0.87276	0.00876	0.00666	0.00596	0.00876	0.01017	0.00491	0.01332	0.00771	0.02033	0.00631	0.00736	0.00491	0.00421	0.00280	0.00140	0.00351	0.00245	0.00280	0.00491
34	0.02050	0.00702	0.01932	0.00824	0.05339	0.00677	0.02963	0.10320	0.08203	0.03473	0.10493	0.10926	0.26531	0.05335	0.00607	0.00168	0.00346	0.06067	0.00406	0.02639
35	0.00584	0.00422	0.00519	0.00578	0.00624	0.00395	0.00387	0.00660	0.00866	0.01133	0.05339	0.46904	0.14739	0.20620	0.00975	0.00238	0.00303	0.03973	0.00389	0.00352
36	0.03581	0.01008	0.03285	0.07271	0.04185	0.09230	0.10128	0.05763	0.14483	0.05166	0.02777	0.03098	0.02286	0.12579	0.08330	0.00243	0.05231	0.00498	0.00312	0.00546
37	0.00577	0.00451	0.00493	0.00501	0.00611	0.00398	0.00357	0.00685	0.00989	0.01245	0.13372	0.11649	0.49268	0.14151	0.00816	0.00200	0.00267	0.02204	0.01397	0.00371
38	0.01417	0.05383	0.01232	0.01015	0.01242	0.38387	0.03051	0.08732	0.08340	0.06664	0.05227	0.01319	0.01008	0.06886	0.03967	0.00178	0.04680	0.00406	0.00309	0.00556
39	0.00904	0.00672	0.00779	0.00724	0.00889	0.00705	0.00552	0.07963	0.23553	0.04259	0.29201	0.16778	0.04555	0.00879	0.00506	0.00153	0.00297	0.02380	0.03715	0.00537
40	0.00946	0.11089	0.62450	0.03720	0.01806	0.01095	0.01454	0.01417	0.03283	0.02562	0.00899	0.03490	0.00695	0.00541	0.02540	0.00155	0.00636	0.00366	0.00214	0.00642
41	0.00592	0.00436	0.00534	0.00589	0.00653	0.00401	0.00406	0.00677	0.00879	0.01146	0.02669	0.45838	0.18183	0.15695	0.00866	0.00220	0.00300	0.06557	0.00390	0.02968
42	0.10452	0.01229	0.01222	0.00972	0.01306	0.07107	0.00791	0.52527	0.10241	0.04803	0.01104	0.01104	0.00800	0.00526	0.00429	0.00134	0.00482	0.00390	0.00417	0.03963
43	0.05810	0.00864	0.00985	0.00736	0.01112	0.03729	0.02631	0.01268	0.02274	0.06608	0.00921	0.01103	0.00755	0.00392	0.00359	0.00085	0.00372	0.02553	0.00293	0.67151
44	0.00730	0.00551	0.00796	0.00847	0.00956	0.00557	0.03478	0.00929	0.01032	0.01358	0.06690	0.09974	0.04730	0.01194	0.00644	0.00199	0.03525	0.60977	0.00407	0.00423
45	0.05330	0.00790	0.01022	0.00796	0.01131	0.00715	0.00654	0.06220	0.03058	0.68106	0.03101	0.01625	0.04149	0.00584	0.00453	0.00141	0.00381	0.00471	0.00535	0.00738
46	0.06255	0.08230	0.01264	0.00963	0.04217	0.05936	0.00760	0.31229	0.01485	0.22436	0.04001	0.01315	0.00982	0.04014	0.02933	0.00164	0.02317	0.00417	0.00410	0.00674
47	0.00989	0.00802	0.02280	0.00743	0.01080	0.00654	0.03276	0.05873	0.02158	0.06093	0.01218	0.08909	0.03802	0.02875	0.03097	0.00126	0.00390	0.00438	0.00315	0.54882
48	0.07492	0.09786	0.06049	0.00991	0.01279	0.03536	0.06596	0.10083	0.02279	0.23793	0.03468	0.02425	0.03095	0.00591	0.00633	0.00148	0.16341	0.00432	0.00357	0.00627
49	0.00798	0.00632	0.02762	0.00650	0.00732	0.03220	0.00463	0.08505	0.00863	0.01150	0.01414	0.06510	0.03315	0.44479	0.18737	0.03890	0.00611	0.00606	0.00290	0.00373

[dist]
# distance from previous block
# <min> <max>
6	13

[block]
# block no. 3 follows, 57 sequences, length 30
# corresponding to MSA columns:
# 260-275,278-291
name=unknown_D
#
# <colnr> <probs for GDERKNQSTAVLIFYWHMCP>
#	G	D	E	R	K	N	Q	S	T	A	V	L	I	F	Y	W	H	M	C	P
0	0.01042	0.08827	0.10385	0.07361	0.10808	0.03114	0.06258	0.09500	0.04614	0.05603	0.02527	0.18163	0.03257	0.04194	0.02184	0.00170	0.00497	0.00607	0.00320	0.00571
1	0.17280	0.01274	0.24722	0.00895	0.01276	0.02024	0.00905	0.09724	0.04409	0.16742	0.01297	0.07081	0.02974	0.00569	0.00415	0.00142	0.00454	0.00445	0.06753	0.00619
2	0.00731	0.00630	0.04540	0.00641	0.00800	0.02565	0.00521	0.00964	0.04761	0.04886	0.33863	0.11305	0.24402	0.00994	0.00531	0.00154	0.00289	0.06530	0.00443	0.00451
3	0.00838	0.01337	0.31978	0.03208	0.10126	0.00842	0.08884	0.01196	0.03766	0.01354	0.01476	0.19337	0.05218	0.00886	0.05687	0.00192	0.00571	0.02261	0.00278	0.00565
4	0.00579	0.00426	0.00537	0.00590	0.00658	0.00397	0.00414	0.00692	0.00950	0.01265	0.14147	0.46911	0.18123	0.03569	0.05538	0.00210	0.00313	0.02162	0.02141	0.00381
5	0.10779	0.03527	0.03238	0.01062	0.01374	0.21544	0.09949	0.20823	0.05412	0.08591	0.02601	0.01363	0.03822	0.00546	0.00439	0.00137	0.00563	0.03267	0.00348	0.00616
6	0.00931	0.00888	0.01371	0.67807	0.02807	0.04717	0.04483	0.05051	0.00989	0.01252	0.00901	0.05172	0.00730	0.00502	0.00461	0.00150	0.00599	0.00446	0.00227	0.00516
7	0.00717	0.00496	0.00696	0.00701	0.00808	0.00457	0.04511	0.00851	0.00991	0.07190	0.10516	0.43855	0.13689	0.02516	0.00590	0.00178	0.00309	0.10081	0.00426	0.00422
8	0.00554	0.00412	0.00518	0.00597	0.00653	0.00375	0.00410	0.00646	0.00916	0.01193	0.05223	0.63877	0.19040	0.01347	0.00569	0.00177	0.00257	0.02438	0.00423	0.00374
9	0.00986	0.23130	0.61613	0.01161	0.01759	0.01240	0.01446	0.01415	0.00948	0.01342	0.00767	0.00898	0.00576	0.00420	0.00395	0.00132	0.00623	0.00311	0.00192	0.00647
10	0.00929	0.00878	0.01493	0.50581	0.28400	0.00995	0.02749	0.01209	0.00948	0.01268	0.00920	0.05938	0.00781	0.00491	0.00460	0.00148	0.00566	0.00457	0.00222	0.00567
11	0.16057	0.00854	0.00819	0.00719	0.00944	0.06870	0.00565	0.10124	0.13631	0.11541	0.06527	0.04559	0.02924	0.00596	0.00400	0.00134	0.00359	0.00467	0.21344	0.00566
12	0.00570	0.00437	0.00519	0.00553	0.00639	0.00401	0.00390	0.00674	0.00938	0.01206	0.09675	0.31982	0.33774	0.08734	0.07167	0.00234	0.00336	0.00999	0.00400	0.00373
13	0.00931	0.00870	0.01460	0.58559	0.19305	0.01011	0.03156	0.03296	0.00985	0.01306	0.04206	0.01279	0.00789	0.00463	0.00458	0.00147	0.00575	0.00424	0.00226	0.00555
14	0.01105	0.26432	0.12285	0.23549	0.01877	0.10785	0.03942	0.03338	0.02916	0.01238	0.00835	0.01147	0.00701	0.00485	0.00454	0.00134	0.04371	0.03619	0.00224	0.00563
15	0.05849	0.01198	0.01287	0.00997	0.01350	0.01317	0.00822	0.66384	0.05714	0.08760	0.01155	0.01134	0.00813	0.00543	0.00446	0.00137	0.00476	0.00409	0.00454	0.00755
16	0.16507	0.02671	0.05189	0.33459	0.15900	0.11957	0.04398	0.01360	0.00969	0.02437	0.00783	0.01040	0.00609	0.00437	0.00415	0.00140	0.00581	0.00360	0.00229	0.00559
17	0.01564	0.00669	0.00845	0.00685	0.00945	0.00612	0.00553	0.05558	0.01230	0.48094	0.06683	0.01682	0.01317	0.00573	0.00418	0.00130	0.00327	0.00466	0.27008	0.00642
18	0.00586	0.00447	0.00538	0.00546	0.00651	0.00399	0.00398	0.00736	0.01107	0.01471	0.37806	0.21399	0.30055	0.01110	0.00544	0.00155	0.00230	0.00969	0.00455	0.00399
19	0.01189	0.79280	0.02257	0.00754	0.01125	0.01710	0.00748	0.01339	0.00923	0.01104	0.00681	0.00785	0.00617	0.00396	0.00292	0.00097	0.00468	0.00253	0.05411	0.00572
20	0.00835	0.00697	0.00902	0.04790	0.04673	0.00743	0.03536	0.01387	0.29062	0.01501	0.07004	0.33489	0.02152	0.00949	0.00520	0.00165	0.00350	0.05055	0.00411	0.01778
21	0.00927	0.07296	0.76936	0.01260	0.01913	0.01097	0.01620	0.01430	0.00955	0.01413	0.00802	0.00943	0.00574	0.00428	0.00422	0.00141	0.00659	0.00329	0.00191	0.00664
22	0.04763	0.01216	0.04645	0.00990	0.01351	0.03279	0.00839	0.53038	0.06589	0.16828	0.01222	0.01181	0.00848	0.00540	0.00446	0.00138	0.00480	0.00411	0.00450	0.00747
23	0.00552	0.00394	0.00526	0.00631	0.00657	0.00368	0.00421	0.00631	0.00868	0.01157	0.02498	0.83779	0.02997	0.01420	0.00578	0.00184	0.00263	0.01288	0.00421	0.00368
24	0.00856	0.00448	0.00458	0.00453	0.00562	0.00455	0.00339	0.01104	0.04775	0.01666	0.01470	0.01678	0.01158	0.00571	0.00377	0.03292	0.00225	0.00426	0.79259	0.00428
25	0.00583	0.00452	0.00531	0.00530	0.00646	0.00400	0.00390	0.00736	0.01118	0.01470	0.37157	0.14512	0.37670	0.01089	0.00541	0.00153	0.00227	0.00942	0.00454	0.00400
26	0.03892	0.00526	0.00686	0.08848	0.02688	0.00511	0.00529	0.00896	0.01067	0.06156	0.28202	0.23038	0.19265	0.00996	0.00522	0.00155	0.00290	0.00871	0.00423	0.00440
27	0.01677	0.00837	0.01076	0.00909	0.04802	0.00791	0.00703	0.13809	0.05411	0.48202	0.09570	0.01695	0.01390	0.00595	0.00461	0.00138	0.00389	0.02165	0.00500	0.04880
28	0.69534	0.04366	0.08561	0.00685	0.00995	0.03694	0.00621	0.01334	0.00808	0.01864	0.00680	0.00842	0.00548	0.03497	0.00374	0.00149	0.00405	0.00271	0.00267	0.00505
29	0.01003	0.01537	0.33913	0.08583	0.19352	0.01025	0.13358	0.04816	0.01055	0.02660	0.04592	0.04178	0.00899	0.00485	0.00464	0.00145	0.00602	0.00448	0.00245	0.00641

[dist]
# distance from previous block
# <min> <max>
0	1

[block]
# block no. 4 follows, 57 sequences, length 41
# corresponding to MSA columns:
# 293-306,308-326,329-336
name=unknown_E
#
# <colnr> <probs for GDERKNQSTAVLIFYWHMCP>
#	G	D	E	R	K	N	Q	S	T	A	V	L	I	F	Y	W	H	M	C	P
0	0.01076	0.01049	0.03519	0.06263	0.54078	0.01052	0.06970	0.04554	0.02429	0.01478	0.00986	0.05150	0.00874	0.00520	0.00536	0.01169	0.04835	0.02556	0.00249	0.00658
1	0.00745	0.00483	0.00592	0.00553	0.00674	0.00455	0.00418	0.02858	0.01225	0.04002	0.57236	0.02962	0.06467	0.00832	0.00485	0.00135	0.00226	0.00722	0.18489	0.00443
2	0.00782	0.00395	0.00586	0.00586	0.00586	0.00395	0.00389	0.00593	0.00593	0.00791	0.00813	0.01441	0.00822	0.04898	0.01793	0.83337	0.00395	0.00404	0.00200	0.00200
3	0.01412	0.01291	0.06722	0.01264	0.05448	0.10666	0.13896	0.25147	0.04457	0.10158	0.01073	0.01232	0.00811	0.00538	0.00569	0.00145	0.09361	0.01964	0.03189	0.00657
4	0.00562	0.00442	0.00508	0.00530	0.00638	0.00388	0.00383	0.00688	0.01040	0.01330	0.20076	0.26154	0.43297	0.01176	0.00547	0.00159	0.00235	0.01019	0.00437	0.00388
5	0.00883	0.05839	0.01435	0.68442	0.04377	0.01055	0.03110	0.01163	0.00909	0.01165	0.00909	0.01268	0.03142	0.00483	0.00491	0.00150	0.04047	0.00413	0.00209	0.00511
6	0.00852	0.00502	0.00637	0.00597	0.00740	0.00450	0.00449	0.01018	0.01160	0.15217	0.38262	0.17167	0.16626	0.00976	0.00522	0.00150	0.00254	0.00850	0.03103	0.00468
7	0.01274	0.64522	0.02061	0.00808	0.01164	0.05850	0.00758	0.02776	0.07735	0.06002	0.00833	0.00923	0.00711	0.02473	0.00373	0.00114	0.00484	0.00294	0.00247	0.00597
8	0.00595	0.00442	0.00543	0.00555	0.00652	0.00400	0.00402	0.00747	0.01099	0.01486	0.38594	0.25491	0.23090	0.01107	0.00542	0.00156	0.00231	0.00972	0.02496	0.00400
9	0.01040	0.01058	0.01360	0.04114	0.03963	0.08048	0.03429	0.01256	0.06764	0.01203	0.03514	0.01155	0.00803	0.00798	0.03645	0.00197	0.56479	0.00419	0.00235	0.00521
10	0.00663	0.00464	0.00566	0.00547	0.00657	0.00421	0.00400	0.00823	0.01130	0.04212	0.45449	0.10033	0.21539	0.08078	0.00681	0.00173	0.00246	0.00853	0.02655	0.00411
11	0.00592	0.00463	0.01837	0.00649	0.00713	0.00422	0.00465	0.00741	0.04175	0.01220	0.03923	0.66021	0.09783	0.01329	0.00570	0.00180	0.00279	0.05827	0.00420	0.00392
12	0.06750	0.20838	0.01499	0.01001	0.01302	0.40121	0.00815	0.15374	0.01319	0.05873	0.00808	0.00879	0.00640	0.00465	0.00384	0.00118	0.00633	0.00307	0.00284	0.00593
13	0.01164	0.16192	0.03265	0.01027	0.01181	0.12344	0.00875	0.02477	0.00898	0.05983	0.02169	0.01068	0.00741	0.00835	0.06850	0.00199	0.39676	0.00371	0.02154	0.00530
14	0.14826	0.45228	0.12591	0.00830	0.01219	0.02217	0.00835	0.05539	0.04313	0.04599	0.00805	0.00885	0.00651	0.00429	0.00332	0.00117	0.00474	0.00290	0.03224	0.00596
15	0.87276	0.00876	0.00666	0.00596	0.00876	0.01017	0.00491	0.01332	0.00771	0.02033	0.00631	0.00736	0.00491	0.00421	0.00280	0.00140	0.00351	0.00245	0.00280	0.00491
16	0.10436	0.01883	0.01214	0.01080	0.01334	0.63184	0.00824	0.07917	0.01299	0.05705	0.00783	0.00870	0.00618	0.00473	0.00402	0.00122	0.00721	0.00305	0.00273	0.00554
17	0.00639	0.00436	0.00544	0.00600	0.00678	0.00394	0.00420	0.00734	0.00933	0.05724	0.02949	0.55659	0.22180	0.03134	0.00600	0.00180	0.00269	0.03108	0.00425	0.00394
18	0.00631	0.00493	0.00585	0.00609	0.00717	0.00472	0.00447	0.00872	0.08920	0.01369	0.16346	0.31129	0.27047	0.01229	0.03245	0.00184	0.00292	0.04562	0.00432	0.00421
19	0.01196	0.80154	0.06433	0.00802	0.01204	0.01755	0.00821	0.01361	0.00923	0.01085	0.00639	0.00739	0.00581	0.00390	0.00298	0.00099	0.00494	0.00247	0.00194	0.00586
20	0.01529	0.00649	0.00805	0.00658	0.00908	0.00598	0.00530	0.05108	0.01190	0.45132	0.01629	0.01583	0.01123	0.00547	0.00398	0.00126	0.00318	0.00440	0.36103	0.00627
21	0.05453	0.00830	0.01034	0.00805	0.01133	0.00785	0.00662	0.15287	0.01391	0.57564	0.02976	0.01474	0.01093	0.00556	0.00439	0.00137	0.00388	0.00443	0.06823	0.00728
22	0.06361	0.00875	0.00829	0.00719	0.00926	0.07999	0.00563	0.20934	0.08512	0.03368	0.07390	0.01562	0.01242	0.02537	0.00436	0.00132	0.00367	0.00441	0.34255	0.00552
23	0.00561	0.00443	0.00506	0.00540	0.00646	0.00390	0.00393	0.00676	0.00997	0.01252	0.09851	0.28201	0.46018	0.02650	0.00584	0.00169	0.00252	0.05067	0.00424	0.00382
24	0.05492	0.00761	0.01009	0.00781	0.01119	0.00670	0.00644	0.02124	0.01261	0.74946	0.01727	0.01515	0.01097	0.00554	0.00443	0.00139	0.00377	0.00446	0.04150	0.00745
25	0.08851	0.00765	0.00912	0.00751	0.01021	0.00748	0.00604	0.10754	0.07909	0.36153	0.16910	0.03691	0.07603	0.00682	0.00464	0.00143	0.00347	0.00560	0.00491	0.00640
26	0.00592	0.00446	0.00549	0.00604	0.00690	0.00409	0.00448	0.00716	0.00984	0.01270	0.10945	0.34341	0.27029	0.04127	0.00629	0.00184	0.00282	0.14950	0.00423	0.00384
27	0.03003	0.00789	0.00980	0.00797	0.01089	0.00763	0.00642	0.08092	0.14168	0.48045	0.07656	0.05105	0.01442	0.00628	0.00458	0.00142	0.00363	0.00518	0.04621	0.00699
28	0.09515	0.00861	0.01067	0.00826	0.01172	0.00816	0.00682	0.14626	0.01385	0.61851	0.01573	0.01398	0.01009	0.00546	0.00440	0.00140	0.00401	0.00429	0.00519	0.00746
29	0.00557	0.00401	0.00528	0.00622	0.00657	0.00372	0.00418	0.00645	0.00898	0.01199	0.07287	0.76289	0.05687	0.01381	0.00574	0.00180	0.00259	0.01249	0.00425	0.00372
30	0.01111	0.00796	0.01220	0.12287	0.09629	0.00814	0.10608	0.09299	0.02721	0.12215	0.02303	0.09559	0.01341	0.00681	0.00480	0.00151	0.00455	0.11163	0.12596	0.00569
31	0.01100	0.03598	0.01353	0.01116	0.01185	0.01313	0.00929	0.01331	0.09128	0.07916	0.00827	0.01103	0.00721	0.00742	0.01255	0.00186	0.64989	0.00409	0.00256	0.00545
32	0.00685	0.00472	0.00545	0.00534	0.00537	0.00496	0.00319	0.00699	0.00671	0.00920	0.01379	0.02802	0.01567	0.76168	0.02188	0.00413	0.05409	0.00635	0.03268	0.00293
33	0.00918	0.00873	0.01480	0.62785	0.18947	0.01035	0.02589	0.01208	0.00928	0.01226	0.00810	0.01184	0.00628	0.00452	0.00485	0.00149	0.03142	0.00405	0.00206	0.00549
34	0.00896	0.00848	0.01415	0.63953	0.16325	0.01013	0.01244	0.01180	0.00924	0.01213	0.00921	0.01282	0.03073	0.00477	0.00490	0.00150	0.03429	0.00420	0.00212	0.00536
35	0.00941	0.00812	0.00955	0.00689	0.01078	0.00631	0.00553	0.01139	0.00931	0.01463	0.00798	0.00941	0.00669	0.00351	0.00375	0.00072	0.03193	0.00273	0.00266	0.83869
36	0.01219	0.58827	0.14953	0.00876	0.01292	0.03371	0.00911	0.03798	0.00987	0.06019	0.00765	0.00862	0.00638	0.00516	0.03178	0.00131	0.00542	0.00285	0.00226	0.00605
37	0.00808	0.00551	0.00668	0.00616	0.00758	0.00543	0.00468	0.02235	0.10914	0.06325	0.46923	0.02879	0.08865	0.03729	0.03982	0.00176	0.00296	0.00711	0.08075	0.00478
38	0.01236	0.01144	0.08195	0.05913	0.01407	0.02545	0.02158	0.23378	0.37272	0.02855	0.04698	0.03081	0.01208	0.00609	0.00486	0.01793	0.00447	0.00483	0.00409	0.00682
39	0.00685	0.00518	0.00659	0.05855	0.00859	0.00508	0.00492	0.03302	0.03509	0.01615	0.46421	0.10577	0.14583	0.03096	0.02123	0.00168	0.00287	0.02152	0.02157	0.00435
40	0.09485	0.14558	0.13887	0.01057	0.06075	0.04787	0.06262	0.04854	0.06205	0.02611	0.07382	0.04137	0.08785	0.00611	0.00506	0.00142	0.06542	0.01249	0.00297	0.00569

[dist]
# distance from previous block
# <min> <max>
1	50

[block]
# block no. 5 follows, 57 sequences, length 7
# corresponding to MSA columns:
# 387-389,392-395
name=unknown_F
#
# <colnr> <probs for GDERKNQSTAVLIFYWHMCP>
#	G	D	E	R	K	N	Q	S	T	A	V	L	I	F	Y	W	H	M	C	P
0	0.18815	0.10826	0.25756	0.05383	0.03849	0.03687	0.09829	0.03196	0.06399	0.01536	0.00826	0.00984	0.00638	0.00459	0.00469	0.00142	0.06017	0.00350	0.00242	0.00599
1	0.01052	0.16842	0.30763	0.02902	0.06592	0.03335	0.08567	0.06169	0.03214	0.01425	0.03162	0.04826	0.00847	0.00521	0.00520	0.00141	0.07851	0.00413	0.00242	0.00615
2	0.00724	0.00504	0.00627	0.00602	0.00723	0.00477	0.00447	0.00965	0.06381	0.05947	0.45401	0.14248	0.13819	0.03816	0.03106	0.00178	0.00280	0.00846	0.00463	0.00445
3	0.00895	0.00764	0.00902	0.09884	0.01211	0.00825	0.02698	0.06626	0.31466	0.01605	0.05499	0.07898	0.26246	0.00817	0.00495	0.00154	0.00354	0.00695	0.00412	0.00556
4	0.00609	0.00478	0.00553	0.00549	0.00672	0.00436	0.00406	0.00816	0.05132	0.01478	0.33673	0.14734	0.36674	0.01072	0.00537	0.00153	0.00235	0.00926	0.00453	0.00415
5	0.00861	0.00725	0.01019	0.00923	0.00966	0.00933	0.00736	0.00974	0.00741	0.04427	0.01063	0.07903	0.01065	0.08335	0.27956	0.00388	0.39764	0.00519	0.00251	0.00450
6	0.05709	0.05397	0.01260	0.01004	0.04712	0.05227	0.02993	0.26121	0.20260	0.04228	0.01150	0.01170	0.00869	0.00491	0.00415	0.00124	0.00447	0.00387	0.00372	0.17662

[dist]
# distance from previous block
# <min> <max>
1	3

[block]
# block no. 6 follows, 57 sequences, length 23
# corresponding to MSA columns:
# 400-422
name=unknown_G
#
# <colnr> <probs for GDERKNQSTAVLIFYWHMCP>
#	G	D	E	R	K	N	Q	S	T	A	V	L	I	F	Y	W	H	M	C	P
0	0.06214	0.13881	0.26789	0.02467	0.09925	0.02132	0.06190	0.05632	0.06330	0.09468	0.01029	0.01222	0.00796	0.00561	0.02747	0.00155	0.00566	0.02972	0.00281	0.00646
1	0.00964	0.11135	0.56578	0.01224	0.04390	0.01094	0.03626	0.01453	0.05644	0.02577	0.06368	0.01162	0.00892	0.00470	0.00428	0.00139	0.00594	0.00378	0.00236	0.00647
2	0.05988	0.00879	0.01434	0.56925	0.21598	0.01034	0.01238	0.01222	0.00923	0.01284	0.00801	0.01154	0.00624	0.00448	0.00468	0.00148	0.02673	0.00394	0.00211	0.00554
3	0.01093	0.29871	0.31833	0.00965	0.01412	0.03225	0.01067	0.01392	0.01006	0.07870	0.07443	0.01292	0.02285	0.00505	0.00414	0.00127	0.01900	0.02548	0.00261	0.03492
4	0.00920	0.00775	0.00900	0.00676	0.01027	0.00618	0.00532	0.01168	0.05579	0.01447	0.00970	0.01289	0.00858	0.07442	0.00518	0.00108	0.00348	0.02832	0.00285	0.71706
5	0.00654	0.00502	0.00678	0.00632	0.00765	0.00451	0.05048	0.00819	0.01112	0.03663	0.34939	0.19021	0.27915	0.01049	0.00541	0.00154	0.00265	0.00926	0.00445	0.00422
6	0.02429	0.00894	0.03744	0.04270	0.06356	0.00721	0.00688	0.04452	0.01014	0.07575	0.00889	0.01012	0.00702	0.00381	0.00380	0.00089	0.01515	0.00306	0.00289	0.62294
7	0.00570	0.00414	0.00540	0.00632	0.00671	0.00391	0.00427	0.00687	0.03077	0.01197	0.04679	0.77066	0.05208	0.01376	0.00573	0.00181	0.00263	0.01245	0.00424	0.00380
8	0.05616	0.04627	0.01167	0.00935	0.01204	0.16684	0.03628	0.23479	0.13377	0.05480	0.05972	0.06624	0.07969	0.00649	0.00453	0.00139	0.00482	0.00517	0.00387	0.00611
9	0.00593	0.00449	0.00526	0.00550	0.00651	0.00403	0.00404	0.00697	0.00986	0.01252	0.13227	0.18354	0.40090	0.06316	0.00735	0.05383	0.00274	0.08331	0.00408	0.00371
10	0.00833	0.00758	0.01069	0.00963	0.01007	0.00959	0.03644	0.00993	0.04575	0.01134	0.01241	0.20035	0.01334	0.08713	0.10216	0.00272	0.40884	0.00643	0.00274	0.00452
11	0.00991	0.00991	0.01388	0.01190	0.01190	0.01388	0.00991	0.01091	0.00694	0.01091	0.00595	0.00991	0.00595	0.00793	0.01487	0.00198	0.83246	0.00397	0.00198	0.00496
12	0.00799	0.00638	0.00897	0.00909	0.04802	0.00670	0.04727	0.05729	0.07520	0.01385	0.04545	0.16198	0.07825	0.02588	0.18985	0.01539	0.02363	0.17053	0.00359	0.00471
13	0.00940	0.00805	0.00940	0.00671	0.01074	0.00604	0.00537	0.01141	0.00940	0.01477	0.00805	0.00940	0.00671	0.00336	0.00336	0.00067	0.00336	0.00268	0.00268	0.86845
14	0.00594	0.00446	0.00515	0.00523	0.00623	0.00404	0.00373	0.00719	0.01015	0.01335	0.22509	0.16594	0.35417	0.10589	0.02589	0.00199	0.00276	0.00910	0.03991	0.00381
15	0.01125	0.00630	0.00695	0.00604	0.00798	0.00630	0.00479	0.13129	0.02890	0.11263	0.01462	0.01679	0.01134	0.00555	0.00371	0.00117	0.00294	0.03640	0.52917	0.05588
16	0.00651	0.00492	0.00599	0.00578	0.00693	0.00465	0.00428	0.00905	0.06807	0.01632	0.52866	0.09953	0.17234	0.03951	0.00596	0.00159	0.00239	0.00854	0.00468	0.00430
17	0.01252	0.01062	0.01093	0.00951	0.01226	0.03573	0.00748	0.16494	0.63813	0.02047	0.01673	0.01555	0.01248	0.00597	0.00458	0.00149	0.00398	0.00487	0.00453	0.00721
18	0.00666	0.00462	0.00550	0.00554	0.00581	0.00475	0.00347	0.00742	0.03643	0.00969	0.01566	0.08493	0.03899	0.59631	0.13532	0.02076	0.00528	0.00677	0.00290	0.00318
19	0.15651	0.00875	0.01011	0.00805	0.01108	0.00894	0.00662	0.18895	0.01334	0.39475	0.01477	0.01403	0.03995	0.00566	0.00471	0.00140	0.04365	0.00425	0.05772	0.00676
20	0.00664	0.00496	0.00595	0.00603	0.00667	0.00511	0.00412	0.00838	0.07682	0.01129	0.04417	0.19722	0.12938	0.32673	0.12803	0.00349	0.01992	0.00794	0.00342	0.00374
21	0.00657	0.00465	0.00566	0.00567	0.00605	0.00483	0.00369	0.00743	0.02951	0.00984	0.01637	0.06158	0.06707	0.53070	0.21684	0.00473	0.00606	0.00658	0.00288	0.00330
22	0.11643	0.11406	0.09351	0.01125	0.06568	0.14327	0.06876	0.11962	0.05747	0.05179	0.00941	0.03137	0.00753	0.00479	0.00418	0.00128	0.01667	0.00371	0.00293	0.07630

[dist]
# distance from previous block
# <min> <max>
3	41

[block]
# block no. 7 follows, 57 sequences, length 34
# corresponding to MSA columns:
# 469-481,483-494,499-507
name=unknown_H
#
# <colnr> <probs for GDERKNQSTAVLIFYWHMCP>
#	G	D	E	R	K	N	Q	S	T	A	V	L	I	F	Y	W	H	M	C	P
0	0.00663	0.00454	0.00563	0.00577	0.00677	0.00409	0.00414	0.00795	0.01053	0.05991	0.26696	0.33214	0.22345	0.03277	0.00592	0.00168	0.00251	0.01001	0.00449	0.00410
1	0.00748	0.00520	0.00653	0.00631	0.00762	0.00493	0.01850	0.01000	0.07247	0.06150	0.30084	0.19139	0.17161	0.01001	0.00524	0.00155	0.00268	0.05067	0.06096	0.00452
2	0.01192	0.78980	0.07568	0.00809	0.01215	0.01745	0.00834	0.01362	0.00923	0.01090	0.00642	0.00742	0.00581	0.00390	0.00300	0.00100	0.00497	0.00248	0.00194	0.00587
3	0.03898	0.00809	0.00951	0.00698	0.01084	0.00646	0.00562	0.01356	0.03892	0.13720	0.00987	0.01052	0.00760	0.00383	0.00357	0.00084	0.00345	0.00305	0.00320	0.67791
4	0.01344	0.06056	0.02819	0.01007	0.02339	0.15715	0.00800	0.17734	0.42207	0.01883	0.01379	0.01336	0.01043	0.00553	0.00438	0.00139	0.00482	0.00430	0.01615	0.00681
5	0.00872	0.05189	0.11171	0.05277	0.01091	0.04268	0.00726	0.01019	0.00874	0.07017	0.01529	0.25730	0.03469	0.06251	0.10928	0.07101	0.06040	0.00684	0.00306	0.00456
6	0.00850	0.00804	0.04386	0.12327	0.17102	0.03717	0.02368	0.02975	0.00992	0.02335	0.06888	0.31895	0.01863	0.00935	0.02083	0.00172	0.03201	0.04272	0.00329	0.00505
7	0.00909	0.02344	0.81727	0.01292	0.01961	0.01052	0.01674	0.01435	0.00957	0.01435	0.00813	0.00957	0.00574	0.00431	0.00431	0.00144	0.00670	0.00335	0.00191	0.00670
8	0.00914	0.02245	0.76279	0.01281	0.01922	0.01044	0.02909	0.01453	0.03279	0.01447	0.00880	0.01074	0.00644	0.00453	0.00437	0.00145	0.00657	0.02065	0.00205	0.00665
9	0.03094	0.01034	0.02808	0.19917	0.09641	0.04733	0.13781	0.11428	0.06367	0.12348	0.01129	0.02746	0.00866	0.00529	0.00507	0.00923	0.03051	0.02166	0.02311	0.00620
10	0.00871	0.00520	0.00653	0.00613	0.00755	0.00485	0.00467	0.02238	0.03208	0.13019	0.38072	0.14101	0.09802	0.00919	0.00507	0.00148	0.00262	0.03631	0.09253	0.00476
11	0.04412	0.00683	0.00944	0.16643	0.02516	0.00711	0.01716	0.06895	0.01101	0.17721	0.01716	0.15572	0.01617	0.00828	0.00499	0.00163	0.00416	0.18824	0.06490	0.00533
12	0.05614	0.34514	0.11096	0.02788	0.02792	0.01273	0.03881	0.04786	0.10305	0.07604	0.08853	0.01259	0.01099	0.00498	0.00386	0.00125	0.00461	0.00386	0.01670	0.00610
13	0.58960	0.00943	0.00944	0.00772	0.01084	0.01038	0.05744	0.12720	0.01050	0.11790	0.00856	0.00917	0.00621	0.00453	0.00343	0.00140	0.00403	0.00313	0.00336	0.00573
14	0.01124	0.05367	0.06167	0.11645	0.07817	0.05856	0.02375	0.13853	0.07569	0.04891	0.04171	0.08128	0.01146	0.02489	0.03173	0.00167	0.04530	0.00496	0.08460	0.00579
15	0.00659	0.00472	0.00593	0.00649	0.00729	0.00462	0.00487	0.00848	0.04810	0.01314	0.08071	0.33274	0.10601	0.06675	0.03027	0.00208	0.00332	0.19198	0.07188	0.00402
16	0.00908	0.00782	0.04723	0.00749	0.00964	0.00754	0.00613	0.04046	0.30347	0.05002	0.25273	0.02656	0.16276	0.00866	0.02516	0.00164	0.00337	0.02013	0.00450	0.00562
17	0.00675	0.00555	0.04524	0.00630	0.00763	0.00454	0.00505	0.00840	0.01058	0.04875	0.25456	0.23881	0.21546	0.02579	0.02541	0.00180	0.00305	0.07776	0.00431	0.00424
18	0.22008	0.00872	0.00934	0.00780	0.01061	0.00928	0.00629	0.13932	0.17934	0.22293	0.10258	0.01520	0.01325	0.00576	0.00419	0.00142	0.00365	0.00450	0.02932	0.00644
19	0.00649	0.00469	0.00603	0.00668	0.00748	0.00452	0.00514	0.00815	0.02789	0.01311	0.10218	0.30801	0.11216	0.06656	0.00689	0.00199	0.00320	0.27555	0.02933	0.00396
20	0.01669	0.02111	0.01273	0.01157	0.01392	0.78927	0.00869	0.01834	0.04532	0.01141	0.00747	0.00853	0.00616	0.00473	0.00411	0.00118	0.00798	0.00301	0.00243	0.00533
21	0.01351	0.00977	0.01308	0.05786	0.21716	0.04239	0.03432	0.11976	0.07692	0.20050	0.02904	0.01557	0.06393	0.00547	0.00455	0.00136	0.00462	0.01521	0.00375	0.07124
22	0.01157	0.01078	0.01338	0.05377	0.01363	0.14390	0.09426	0.01313	0.00911	0.09849	0.00914	0.01264	0.00786	0.05092	0.12196	0.00256	0.32085	0.00426	0.00257	0.00520
23	0.33177	0.00901	0.02704	0.28877	0.06094	0.01012	0.08243	0.01232	0.00851	0.01513	0.00782	0.01127	0.00643	0.05923	0.00574	0.00168	0.05061	0.00371	0.00239	0.00508
24	0.05147	0.13680	0.66750	0.01186	0.01797	0.01154	0.01492	0.01419	0.00943	0.01413	0.00779	0.00914	0.00571	0.00424	0.00404	0.00137	0.00628	0.00318	0.00196	0.00649
25	0.00580	0.00441	0.00524	0.00542	0.00636	0.00396	0.00386	0.00707	0.01037	0.01360	0.26671	0.26032	0.31208	0.06585	0.00663	0.00177	0.00248	0.00988	0.00435	0.00385
26	0.00857	0.00479	0.00494	0.00484	0.00603	0.00488	0.00364	0.02999	0.06185	0.01692	0.03013	0.05779	0.03887	0.00604	0.00353	0.00115	0.00231	0.00494	0.70433	0.00446
27	0.04514	0.00840	0.01219	0.00984	0.01252	0.00850	0.15821	0.08053	0.16782	0.16213	0.10788	0.09430	0.01583	0.00768	0.03816	0.00171	0.00454	0.00590	0.05264	0.00606
28	0.00684	0.00460	0.00559	0.00586	0.00696	0.00409	0.00426	0.00798	0.00999	0.07996	0.08121	0.38560	0.32303	0.01207	0.00551	0.00167	0.00264	0.04363	0.00437	0.00413
29	0.05421	0.02325	0.01676	0.04644	0.01626	0.04454	0.24498	0.14005	0.02732	0.07814	0.01961	0.01238	0.00794	0.01938	0.00762	0.00163	0.21551	0.01505	0.00296	0.00597
30	0.01057	0.00905	0.01440	0.04174	0.39001	0.00933	0.05126	0.06390	0.01074	0.05134	0.02776	0.07064	0.03473	0.03866	0.00627	0.00165	0.05905	0.09980	0.00301	0.00607
31	0.08605	0.02564	0.02967	0.00818	0.01078	0.07771	0.00659	0.17612	0.04675	0.19822	0.01628	0.13903	0.06115	0.04185	0.02994	0.00172	0.00448	0.00569	0.00408	0.03005
32	0.61634	0.02493	0.00969	0.04239	0.06352	0.01031	0.05967	0.03036	0.03168	0.01865	0.00748	0.00904	0.00592	0.00584	0.04688	0.00172	0.00453	0.00306	0.00275	0.00524
33	0.48341	0.05782	0.02203	0.00764	0.02724	0.05204	0.01967	0.02808	0.05893	0.04076	0.02861	0.04177	0.00823	0.00629	0.04323	0.00163	0.00437	0.00351	0.00300	0.06177

[dist]
# distance from previous block
# <min> <max>
1	8

[block]
# block no. 8 follows, 57 sequences, length 38
# corresponding to MSA columns:
# 518-555
name=unknown_I
#
# <colnr> <probs for GDERKNQSTAVLIFYWHMCP>
#	G	D	E	R	K	N	Q	S	T	A	V	L	I	F	Y	W	H	M	C	P
0	0.00714	0.00584	0.00631	0.00644	0.00753	0.04751	0.00470	0.00972	0.09834	0.01405	0.18529	0.30151	0.16744	0.02514	0.02900	0.00180	0.00318	0.02934	0.04538	0.00433
1	0.03175	0.18129	0.06552	0.01020	0.03580	0.06886	0.07335	0.18584	0.01268	0.07435	0.04470	0.08876	0.03924	0.00619	0.00460	0.00136	0.02157	0.02820	0.00335	0.02240
2	0.07088	0.03388	0.06390	0.01144	0.12032	0.01494	0.04585	0.08805	0.03120	0.22197	0.03179	0.01369	0.04392	0.00566	0.01831	0.00141	0.04042	0.00421	0.00360	0.13459
3	0.02785	0.14114	0.19937	0.04893	0.03468	0.07361	0.04988	0.15455	0.02208	0.02813	0.03177	0.10109	0.01033	0.00590	0.00464	0.00139	0.02670	0.01616	0.00294	0.01887
4	0.00999	0.01067	0.10732	0.01191	0.01517	0.02256	0.27283	0.05920	0.08859	0.05463	0.16975	0.10785	0.03546	0.00667	0.00510	0.00151	0.00506	0.00642	0.00355	0.00576
5	0.00593	0.00542	0.04751	0.00575	0.00704	0.00429	0.00450	0.00735	0.01017	0.01323	0.19767	0.22700	0.35577	0.06809	0.00663	0.00178	0.00274	0.02102	0.00415	0.00397
6	0.00761	0.00609	0.02729	0.00743	0.00875	0.00569	0.02233	0.10313	0.01122	0.01485	0.09485	0.34366	0.12205	0.01911	0.00576	0.00177	0.00340	0.18633	0.00420	0.00447
7	0.03078	0.07205	0.01728	0.22806	0.09453	0.11922	0.19608	0.02991	0.02416	0.04933	0.02696	0.01160	0.00751	0.00474	0.00531	0.00144	0.06863	0.00418	0.00248	0.00576
8	0.00890	0.00517	0.00655	0.00633	0.03283	0.00505	0.04530	0.01125	0.02633	0.05593	0.10568	0.06481	0.01584	0.00616	0.00382	0.00120	0.00265	0.00525	0.58632	0.00462
9	0.01291	0.00902	0.02657	0.00866	0.03352	0.06124	0.00670	0.14246	0.14008	0.19409	0.13679	0.09924	0.03776	0.00707	0.00469	0.00143	0.00384	0.00590	0.06186	0.00618
10	0.01270	0.04659	0.01565	0.20064	0.18176	0.18191	0.07028	0.08911	0.02661	0.05139	0.00870	0.01085	0.00683	0.00482	0.00526	0.00140	0.07298	0.00388	0.00260	0.00605
11	0.02045	0.02638	0.05440	0.02438	0.04246	0.02464	0.04705	0.02832	0.03671	0.02919	0.12574	0.18404	0.29062	0.01009	0.02241	0.00166	0.00365	0.01928	0.00384	0.00468
12	0.14648	0.00828	0.01076	0.00835	0.01175	0.00778	0.04758	0.05674	0.02496	0.58198	0.01617	0.01467	0.03284	0.00547	0.00436	0.00141	0.00401	0.00441	0.00491	0.00709
13	0.06154	0.00752	0.00913	0.04706	0.01089	0.00786	0.00647	0.16650	0.03715	0.18013	0.07433	0.17164	0.06434	0.02878	0.02716	0.00178	0.03813	0.04965	0.00426	0.00565
14	0.07349	0.05525	0.06467	0.03818	0.04585	0.11871	0.07189	0.08519	0.06349	0.05288	0.21448	0.01870	0.05399	0.00628	0.00459	0.00139	0.00468	0.01707	0.00359	0.00562
15	0.05465	0.00950	0.03959	0.23069	0.41196	0.00967	0.02868	0.01241	0.00979	0.01406	0.04811	0.03374	0.03018	0.00619	0.04054	0.00168	0.00554	0.00456	0.00244	0.00602
16	0.01278	0.00654	0.00819	0.00685	0.00916	0.00604	0.00544	0.07193	0.03187	0.33367	0.27899	0.02500	0.12920	0.00758	0.00486	0.00141	0.00308	0.00638	0.04514	0.00589
17	0.05956	0.02927	0.11177	0.05047	0.22278	0.06016	0.11113	0.04820	0.07475	0.11327	0.05940	0.01333	0.01004	0.00491	0.00451	0.00140	0.00536	0.01006	0.00311	0.00651
18	0.01124	0.14833	0.29725	0.03788	0.05609	0.01121	0.14562	0.05091	0.02688	0.09023	0.00983	0.02813	0.00766	0.02251	0.01916	0.01810	0.00597	0.00408	0.00260	0.00630
