[name]
unknown

[dist]
# distance from previous block
# <min> <max>
24	180

[block]
# block no. 0 follows, 20 sequences, length 34
# corresponding to MSA columns:
# 205-238
name=unknown_A
#
# <colnr> <probs for GDERKNQSTAVLIFYWHMCP>
#	G	D	E	R	K	N	Q	S	T	A	V	L	I	F	Y	W	H	M	C	P
0	0.16245	0.05759	0.02410	0.02496	0.16137	0.18413	0.01624	0.10764	0.02333	0.03203	0.06340	0.02571	0.06150	0.01023	0.00793	0.00253	0.01005	0.00782	0.00579	0.01121
1	0.02443	0.02055	0.06411	0.12113	0.02961	0.10579	0.05347	0.06056	0.02227	0.17515	0.06703	0.03154	0.06975	0.01537	0.06131	0.00355	0.01099	0.00916	0.00675	0.04748
2	0.12771	0.10484	0.02245	0.01565	0.02112	0.01818	0.04125	0.07799	0.09433	0.16664	0.07276	0.10933	0.02681	0.01227	0.00825	0.00266	0.00745	0.01014	0.00765	0.05253
3	0.02071	0.06597	0.06960	0.08542	0.22501	0.01930	0.07418	0.07019	0.02061	0.02952	0.01671	0.02069	0.01341	0.00779	0.00792	0.00226	0.00966	0.00707	0.03382	0.20017
4	0.24779	0.01901	0.06762	0.22382	0.13003	0.01908	0.06887	0.02418	0.01752	0.02945	0.01999	0.02418	0.05593	0.00919	0.00789	0.00279	0.00974	0.00770	0.00475	0.01049
5	0.02589	0.04735	0.02365	0.04623	0.02537	0.04374	0.06317	0.03752	0.24774	0.20690	0.05989	0.05451	0.02540	0.01175	0.00979	0.00285	0.03735	0.00985	0.00823	0.01279
6	0.01851	0.01374	0.01984	0.18447	0.11459	0.01456	0.01545	0.02427	0.07981	0.09845	0.08682	0.09528	0.07775	0.10212	0.01387	0.00361	0.00823	0.01180	0.00667	0.01017
7	0.02044	0.04672	0.01958	0.01665	0.02110	0.04748	0.01302	0.03917	0.45532	0.03425	0.12408	0.03605	0.03356	0.01465	0.03580	0.00331	0.00765	0.01033	0.00840	0.01244
8	0.01124	0.00877	0.01020	0.01007	0.01241	0.00773	0.00747	0.01424	0.02175	0.02853	0.32795	0.12691	0.34020	0.02064	0.01037	0.00291	0.00434	0.01778	0.00877	0.00773
9	0.69762	0.01671	0.01342	0.01180	0.01730	0.01903	0.00972	0.02699	0.01566	0.08775	0.01393	0.01542	0.01042	0.00831	0.00567	0.00270	0.00680	0.00505	0.00583	0.00988
10	0.01214	0.00862	0.00979	0.00966	0.01065	0.00819	0.00612	0.01338	0.01645	0.02174	0.15664	0.06407	0.16364	0.42753	0.03093	0.00624	0.00680	0.01444	0.00669	0.00627
11	0.01268	0.00846	0.00951	0.00951	0.00951	0.00846	0.00529	0.01268	0.01268	0.01691	0.02748	0.05708	0.03171	0.69345	0.04440	0.00846	0.00846	0.01268	0.00529	0.00529
12	0.01908	0.01908	0.02672	0.02290	0.02290	0.02672	0.01908	0.02099	0.01336	0.02099	0.01145	0.01908	0.01145	0.01527	0.02863	0.00382	0.67748	0.00763	0.00382	0.00954
13	0.01809	0.01550	0.01809	0.01292	0.02067	0.01163	0.01034	0.02196	0.01809	0.02842	0.01550	0.01809	0.01292	0.00646	0.00646	0.00129	0.00646	0.00517	0.00517	0.74677
14	0.01376	0.01134	0.01441	0.01426	0.01591	0.05197	0.01092	0.01661	0.01461	0.02010	0.02300	0.03458	0.02178	0.10277	0.57737	0.01291	0.02191	0.00933	0.00470	0.00777
15	0.03282	0.01299	0.01690	0.01348	0.01893	0.01153	0.01096	0.03639	0.02312	0.47597	0.03277	0.03047	0.02180	0.01062	0.00803	0.00252	0.00650	0.00859	0.21262	0.01299
16	0.03422	0.06738	0.02466	0.01954	0.02523	0.33664	0.01543	0.11192	0.02654	0.22339	0.02102	0.02074	0.01499	0.00967	0.00814	0.00242	0.01194	0.00686	0.00700	0.01229
17	0.31980	0.02067	0.02041	0.01630	0.02263	0.02294	0.01345	0.33280	0.02935	0.09604	0.01854	0.01896	0.01324	0.00956	0.00741	0.00266	0.00829	0.00669	0.00757	0.01270
18	0.65091	0.01564	0.01216	0.01100	0.01592	0.01796	0.00897	0.02489	0.01533	0.03820	0.01444	0.01676	0.01127	0.00839	0.00550	0.00261	0.00637	0.00520	0.10922	0.00926
19	0.75506	0.01687	0.01282	0.01147	0.01687	0.01957	0.00945	0.02564	0.01484	0.03914	0.01215	0.01417	0.00945	0.00810	0.00540	0.00270	0.00675	0.00472	0.00540	0.00945
20	0.75506	0.01687	0.01282	0.01147	0.01687	0.01957	0.00945	0.02564	0.01484	0.03914	0.01215	0.01417	0.00945	0.00810	0.00540	0.00270	0.00675	0.00472	0.00540	0.00945
21	0.75506	0.01687	0.01282	0.01147	0.01687	0.01957	0.00945	0.02564	0.01484	0.03914	0.01215	0.01417	0.00945	0.00810	0.00540	0.00270	0.00675	0.00472	0.00540	0.00945
22	0.01750	0.04512	0.64825	0.02486	0.03775	0.02026	0.03223	0.02762	0.01842	0.02762	0.01565	0.01842	0.01105	0.00829	0.00829	0.00276	0.01289	0.00645	0.00368	0.01289
23	0.01719	0.01624	0.02747	0.58523	0.14169	0.01957	0.02458	0.02292	0.01778	0.02316	0.01563	0.02302	0.01194	0.00859	0.00871	0.00286	0.01145	0.00775	0.00394	0.01027
24	0.01235	0.00892	0.01166	0.01097	0.01303	0.00823	0.00823	0.01646	0.02469	0.03498	0.63443	0.06516	0.08230	0.01783	0.01029	0.00274	0.00412	0.01578	0.00960	0.00823
25	0.01063	0.00759	0.01012	0.01215	0.01265	0.00709	0.00810	0.01215	0.01670	0.02227	0.04808	0.68775	0.05769	0.02733	0.01113	0.00354	0.00506	0.02480	0.00810	0.00709
26	0.01365	0.00835	0.01162	0.01162	0.01208	0.00881	0.00790	0.01299	0.01253	0.01717	0.02112	0.03759	0.02188	0.23114	0.22185	0.31777	0.01250	0.00957	0.00448	0.00540
27	0.07114	0.01150	0.01452	0.05876	0.09753	0.01181	0.01133	0.02304	0.01880	0.07390	0.02671	0.03427	0.02180	0.01077	0.00721	0.00242	0.00612	0.05377	0.43508	0.00953
28	0.03874	0.01549	0.02064	0.01582	0.02259	0.01377	0.01307	0.08052	0.02604	0.60555	0.03351	0.02910	0.02114	0.01077	0.00877	0.00269	0.00757	0.00871	0.01066	0.01484
29	0.01094	0.00813	0.01020	0.01123	0.01256	0.00739	0.00783	0.01316	0.01907	0.02528	0.18328	0.43187	0.17871	0.02422	0.01079	0.00325	0.00473	0.02156	0.00842	0.00739
30	0.01695	0.02069	0.11447	0.02740	0.07979	0.01712	0.24733	0.02236	0.01893	0.02632	0.05954	0.20780	0.02897	0.01412	0.01132	0.00310	0.05408	0.01371	0.00557	0.01045
31	0.08547	0.01709	0.02034	0.01632	0.02258	0.01714	0.01328	0.11320	0.16471	0.38712	0.03139	0.02815	0.02104	0.01080	0.00855	0.00275	0.00753	0.00862	0.00971	0.01422
32	0.01060	0.00769	0.01001	0.01187	0.01258	0.00711	0.00797	0.01218	0.01696	0.02238	0.05143	0.63755	0.10573	0.02689	0.01107	0.00349	0.00501	0.02427	0.00810	0.00711
33	0.11522	0.01509	0.02034	0.01599	0.02157	0.01398	0.09414	0.06087	0.02142	0.08146	0.14366	0.06742	0.08544	0.01203	0.00851	0.00245	0.00724	0.01049	0.00703	0.19565

[dist]
# distance from previous block
# <min> <max>
13	56

[block]
# block no. 1 follows, 20 sequences, length 17
# corresponding to MSA columns:
# 295-311
name=unknown_B
#
# <colnr> <probs for GDERKNQSTAVLIFYWHMCP>
#	G	D	E	R	K	N	Q	S	T	A	V	L	I	F	Y	W	H	M	C	P
0	0.02692	0.13386	0.02812	0.02117	0.07655	0.02553	0.01624	0.32025	0.13072	0.04106	0.02173	0.02288	0.01669	0.01448	0.06161	0.00348	0.01030	0.00778	0.00721	0.01339
1	0.02644	0.12715	0.02657	0.02251	0.14748	0.01787	0.01530	0.03117	0.04764	0.23036	0.05337	0.02495	0.01977	0.00912	0.00782	0.00226	0.00794	0.00754	0.00700	0.16774
2	0.02604	0.02758	0.22312	0.06580	0.08361	0.02042	0.02188	0.16146	0.09060	0.15794	0.02280	0.02336	0.01597	0.00964	0.00860	0.00273	0.01012	0.00779	0.00686	0.01368
3	0.02039	0.14466	0.33858	0.02689	0.10490	0.02272	0.08627	0.02944	0.07067	0.04919	0.01773	0.02020	0.01333	0.00839	0.00816	0.00263	0.01149	0.00708	0.00454	0.01275
4	0.01067	0.00809	0.00985	0.01102	0.01241	0.00727	0.00765	0.01262	0.01834	0.02371	0.10870	0.44965	0.23864	0.02493	0.01081	0.00329	0.00478	0.02208	0.00822	0.00727
5	0.01093	0.00792	0.01033	0.01171	0.01267	0.00732	0.00803	0.01299	0.01843	0.02478	0.16254	0.52967	0.10002	0.02518	0.01092	0.00335	0.00484	0.02266	0.00838	0.00732
6	0.02466	0.02463	0.14089	0.03267	0.20351	0.02031	0.13414	0.08038	0.05812	0.13881	0.02102	0.02334	0.01536	0.00903	0.00960	0.00277	0.03305	0.00832	0.00599	0.01339
7	0.01996	0.18055	0.03385	0.26419	0.23437	0.02402	0.02241	0.02454	0.01796	0.02376	0.01466	0.02017	0.01221	0.00864	0.00955	0.00263	0.06416	0.00701	0.00398	0.01136
8	0.03008	0.01392	0.01805	0.01471	0.02004	0.01292	0.01182	0.03660	0.10813	0.40952	0.18297	0.03886	0.03731	0.01268	0.00916	0.00275	0.00653	0.01066	0.01023	0.01306
9	0.02662	0.01944	0.08065	0.07130	0.12154	0.01743	0.09736	0.03145	0.02077	0.25808	0.02363	0.02534	0.01670	0.00993	0.01077	0.00280	0.07929	0.00838	0.06587	0.01265
10	0.02153	0.29652	0.16476	0.07431	0.02889	0.05837	0.01961	0.07415	0.01963	0.02528	0.01624	0.06081	0.01456	0.01018	0.00957	0.00254	0.08009	0.00724	0.00448	0.01124
11	0.01762	0.04380	0.10288	0.30494	0.04267	0.01915	0.10952	0.02316	0.01830	0.04567	0.02618	0.03070	0.09891	0.01091	0.01071	0.00293	0.06753	0.00938	0.00475	0.01029
12	0.01240	0.00834	0.00960	0.00988	0.00995	0.00827	0.00568	0.01261	0.01324	0.01766	0.03035	0.14482	0.03533	0.60078	0.03977	0.00777	0.00798	0.01437	0.00568	0.00554
13	0.09240	0.08855	0.02552	0.02019	0.02478	0.35914	0.01602	0.07922	0.02306	0.07562	0.01526	0.01747	0.01224	0.00992	0.01049	0.00254	0.10530	0.00618	0.00527	0.01084
14	0.01147	0.00834	0.00971	0.01023	0.01128	0.00777	0.00668	0.01281	0.01665	0.02165	0.10050	0.24679	0.19289	0.27689	0.02342	0.00518	0.00610	0.01787	0.00716	0.00657
15	0.02342	0.12587	0.05277	0.02363	0.09990	0.06566	0.08783	0.12624	0.07150	0.03179	0.01775	0.02003	0.01404	0.00823	0.00779	0.00221	0.00979	0.00693	0.00556	0.19906
16	0.01702	0.01711	0.11486	0.01659	0.02203	0.01218	0.09325	0.02153	0.02090	0.10990	0.14085	0.10725	0.23823	0.01625	0.00986	0.00290	0.00753	0.01432	0.00751	0.00992

[dist]
# distance from previous block
# <min> <max>
1	5

[block]
# block no. 2 follows, 20 sequences, length 18
# corresponding to MSA columns:
# 317-334
name=unknown_C
#
# <colnr> <probs for GDERKNQSTAVLIFYWHMCP>
#	G	D	E	R	K	N	Q	S	T	A	V	L	I	F	Y	W	H	M	C	P
0	0.01721	0.01195	0.01441	0.01232	0.01634	0.01072	0.00953	0.07028	0.02359	0.08653	0.28901	0.09645	0.13407	0.01565	0.00934	0.00253	0.00545	0.01343	0.00845	0.15274
1	0.02672	0.07482	0.14592	0.02984	0.20457	0.02325	0.02199	0.24138	0.02762	0.09163	0.01920	0.02093	0.01417	0.00910	0.00840	0.00259	0.01022	0.00742	0.00634	0.01392
2	0.01614	0.01084	0.01575	0.13368	0.02327	0.01119	0.04267	0.01953	0.01784	0.06947	0.03233	0.20541	0.03228	0.09329	0.01315	0.00357	0.00734	0.06137	0.18239	0.00849
3	0.02290	0.01967	0.02581	0.02510	0.12858	0.02225	0.01770	0.18725	0.02309	0.03306	0.01637	0.02076	0.01367	0.01408	0.05299	0.00344	0.22153	0.00739	0.00556	0.13879
4	0.01149	0.00867	0.01061	0.01057	0.01262	0.00780	0.00776	0.01463	0.02201	0.02965	0.38323	0.17426	0.23363	0.02061	0.01044	0.00293	0.00436	0.01802	0.00893	0.00780
5	0.02429	0.09825	0.09833	0.02518	0.12285	0.16528	0.01905	0.08340	0.15376	0.02991	0.04501	0.02312	0.01823	0.01000	0.00929	0.00261	0.04581	0.00760	0.00580	0.01224
6	0.01170	0.00834	0.01014	0.01060	0.01158	0.00786	0.00701	0.01340	0.01761	0.02364	0.18584	0.25610	0.12067	0.25045	0.02212	0.00495	0.00591	0.01780	0.00750	0.00678
7	0.01226	0.00889	0.01140	0.01078	0.01277	0.00820	0.00798	0.01605	0.02377	0.03339	0.57278	0.06563	0.10696	0.05642	0.01223	0.00308	0.00438	0.01573	0.00928	0.00802
8	0.01881	0.07656	0.07311	0.05776	0.02508	0.02109	0.01716	0.05090	0.01712	0.02497	0.01626	0.02425	0.01483	0.01650	0.07289	0.00384	0.26587	0.03713	0.00462	0.16125
9	0.01077	0.00770	0.01025	0.01205	0.01268	0.00718	0.00811	0.01251	0.01738	0.02334	0.09765	0.63511	0.05977	0.02653	0.01106	0.00347	0.00498	0.02403	0.00822	0.00718
10	0.02112	0.01774	0.02499	0.17819	0.06740	0.01999	0.03922	0.05898	0.09420	0.07572	0.01897	0.02281	0.01483	0.01033	0.01289	0.00277	0.16045	0.00769	0.00557	0.14613
11	0.08420	0.02471	0.12756	0.07751	0.02946	0.09129	0.06037	0.16329	0.02321	0.03218	0.01834	0.02294	0.01461	0.02250	0.16380	0.00538	0.01443	0.00763	0.00542	0.01117
12	0.01626	0.01750	0.07863	0.56322	0.05409	0.01858	0.02340	0.02198	0.01714	0.02232	0.01648	0.02555	0.01319	0.06368	0.01155	0.00334	0.01148	0.00804	0.00397	0.00961
13	0.01850	0.06670	0.22666	0.08538	0.16628	0.02072	0.02374	0.02609	0.06461	0.02597	0.01770	0.02249	0.01436	0.01652	0.09410	0.00426	0.08225	0.00751	0.00439	0.01178
14	0.01230	0.00891	0.01140	0.01215	0.01352	0.00889	0.00863	0.01513	0.05967	0.02220	0.04585	0.32918	0.14937	0.03202	0.12206	0.10839	0.00848	0.01758	0.00698	0.00728
15	0.01063	0.00759	0.01012	0.01215	0.01265	0.00709	0.00810	0.01215	0.01670	0.02227	0.04808	0.68775	0.05769	0.02733	0.01113	0.00354	0.00506	0.02480	0.00810	0.00709
16	0.01699	0.09543	0.46464	0.02235	0.03253	0.01939	0.05000	0.02492	0.01816	0.02612	0.02083	0.12989	0.01893	0.01135	0.00861	0.00282	0.01135	0.00951	0.00445	0.01173
17	0.03082	0.07229	0.02201	0.01527	0.02219	0.07004	0.01257	0.03421	0.02225	0.35126	0.02500	0.02365	0.01719	0.00904	0.00773	0.00216	0.00800	0.00706	0.00795	0.23931

[dist]
# distance from previous block
# <min> <max>
0	3

[block]
# block no. 3 follows, 20 sequences, length 24
# corresponding to MSA columns:
# 338-361
name=unknown_D
#
# <colnr> <probs for GDERKNQSTAVLIFYWHMCP>
#	G	D	E	R	K	N	Q	S	T	A	V	L	I	F	Y	W	H	M	C	P
0	0.01673	0.01528	0.02491	0.27473	0.20419	0.01745	0.02054	0.02114	0.01723	0.02361	0.02084	0.11067	0.01969	0.01952	0.10405	0.00457	0.05981	0.01020	0.00466	0.01020
1	0.01773	0.01149	0.01597	0.01479	0.01751	0.01272	0.01169	0.07708	0.01799	0.09964	0.02447	0.03241	0.02110	0.05339	0.51612	0.01153	0.02008	0.00913	0.00581	0.00934
2	0.02026	0.01710	0.02077	0.01777	0.08203	0.01439	0.01271	0.09395	0.02105	0.03166	0.01625	0.01878	0.01324	0.00708	0.00695	0.00158	0.00722	0.00575	0.00552	0.58595
3	0.01904	0.01658	0.02383	0.37560	0.04245	0.01998	0.01974	0.12990	0.02147	0.02830	0.02396	0.06814	0.06597	0.01210	0.01148	0.00301	0.09312	0.00967	0.00537	0.01028
4	0.01219	0.00825	0.00966	0.01015	0.01027	0.00813	0.00596	0.01255	0.01365	0.01820	0.03245	0.20916	0.03798	0.53282	0.03638	0.00727	0.00764	0.01561	0.00596	0.00572
5	0.02170	0.01874	0.01972	0.01775	0.02268	0.02170	0.01381	0.04635	0.62327	0.03649	0.03550	0.03254	0.02663	0.01183	0.00888	0.00296	0.00690	0.00986	0.00888	0.01381
6	0.01230	0.00878	0.01204	0.01405	0.01529	0.00852	0.01100	0.01503	0.01835	0.02414	0.04716	0.40061	0.05404	0.02575	0.01158	0.00377	0.00651	0.29545	0.00807	0.00755
7	0.01113	0.00811	0.01036	0.01155	0.01266	0.00750	0.00802	0.01321	0.01845	0.02459	0.15721	0.44946	0.13082	0.05777	0.01256	0.00359	0.00509	0.04243	0.00823	0.00727
8	0.23777	0.01165	0.01275	0.01185	0.01495	0.01189	0.00892	0.02081	0.01627	0.12466	0.03033	0.11263	0.09522	0.01922	0.01577	0.22379	0.00661	0.01038	0.00645	0.00808
9	0.01991	0.02827	0.18252	0.03415	0.04387	0.02166	0.48106	0.02787	0.02011	0.02787	0.01721	0.02241	0.01276	0.00756	0.00985	0.00290	0.01431	0.00945	0.00425	0.01201
10	0.03353	0.02384	0.02581	0.01979	0.02675	0.02617	0.01635	0.57478	0.04002	0.09154	0.02178	0.02148	0.01525	0.01049	0.00873	0.00262	0.00946	0.00791	0.00885	0.01483
11	0.01132	0.00814	0.01037	0.01127	0.01231	0.00758	0.00769	0.01340	0.01858	0.02512	0.20576	0.40077	0.10252	0.10542	0.01489	0.00388	0.00517	0.02045	0.00816	0.00719
12	0.40916	0.01589	0.01641	0.01343	0.01948	0.01631	0.01108	0.03379	0.01974	0.33190	0.02290	0.02167	0.01531	0.00940	0.00703	0.00270	0.00707	0.00668	0.00801	0.01205
13	0.02598	0.02136	0.02465	0.02031	0.02468	0.02555	0.01660	0.28776	0.18483	0.04005	0.02192	0.02342	0.01691	0.01225	0.01468	0.00306	0.20738	0.00831	0.00731	0.01299
14	0.01260	0.00933	0.01213	0.01334	0.01536	0.00886	0.01093	0.01594	0.02028	0.02636	0.13909	0.16321	0.17884	0.02318	0.01132	0.00355	0.00635	0.31325	0.00828	0.00780
15	0.01615	0.01551	0.01928	0.31082	0.03579	0.09200	0.01640	0.02005	0.01917	0.02387	0.10706	0.20328	0.05558	0.01528	0.00951	0.00297	0.00917	0.01337	0.00595	0.00879
16	0.01111	0.00796	0.01055	0.01182	0.01276	0.00741	0.00813	0.01336	0.01895	0.02584	0.21302	0.51261	0.06462	0.02466	0.01090	0.00332	0.00479	0.02226	0.00852	0.00741
17	0.24862	0.01471	0.01697	0.01375	0.01951	0.01426	0.01125	0.03425	0.02192	0.38903	0.10247	0.02949	0.02554	0.01087	0.00796	0.00270	0.00681	0.00844	0.00904	0.01242
18	0.01388	0.00877	0.01184	0.01241	0.01343	0.00861	0.00872	0.01457	0.01659	0.05984	0.07730	0.38893	0.08511	0.02542	0.01678	0.16649	0.03887	0.01818	0.00720	0.00705
19	0.01788	0.11517	0.35185	0.02017	0.02828	0.02053	0.02300	0.02466	0.01808	0.02696	0.06667	0.02350	0.01832	0.01022	0.01085	0.00272	0.10859	0.00737	0.09397	0.01123
20	0.12636	0.01455	0.01833	0.01441	0.02061	0.01328	0.01185	0.03860	0.02316	0.51965	0.03116	0.02799	0.02014	0.01041	0.00813	0.00264	0.00706	0.00822	0.06982	0.01362
21	0.01163	0.00811	0.01015	0.01103	0.01160	0.00775	0.00712	0.01302	0.01653	0.02237	0.13324	0.36562	0.05235	0.26236	0.02281	0.00516	0.00612	0.01907	0.00734	0.00663
22	0.01962	0.01971	0.06179	0.13074	0.07225	0.07931	0.09033	0.09362	0.02159	0.02848	0.04939	0.12234	0.02529	0.06820	0.01207	0.00330	0.01008	0.03063	0.05110	0.01016
23	0.02013	0.01825	0.03352	0.20854	0.10046	0.01873	0.23068	0.02719	0.05785	0.07820	0.09442	0.02939	0.02276	0.00961	0.00948	0.00285	0.01106	0.00986	0.00568	0.01134

[dist]
# distance from previous block
# <min> <max>
2	7

[block]
# block no. 4 follows, 20 sequences, length 18
# corresponding to MSA columns:
# 381-398
name=unknown_E
#
# <colnr> <probs for GDERKNQSTAVLIFYWHMCP>
#	G	D	E	R	K	N	Q	S	T	A	V	L	I	F	Y	W	H	M	C	P
0	0.01666	0.01387	0.01649	0.01244	0.01878	0.01079	0.00981	0.02060	0.01972	0.03005	0.16890	0.02975	0.03012	0.00928	0.00741	0.00165	0.00588	0.00780	0.00627	0.56373
1	0.05838	0.24128	0.03744	0.02208	0.02861	0.05571	0.17331	0.02992	0.04665	0.12229	0.01815	0.02051	0.01402	0.00913	0.01017	0.00261	0.08520	0.00743	0.00538	0.01172
2	0.01236	0.00924	0.01165	0.01133	0.01342	0.00876	0.00842	0.01688	0.05126	0.03153	0.44458	0.13774	0.13777	0.02142	0.04113	0.00341	0.00531	0.01656	0.00898	0.00824
3	0.01420	0.00792	0.01065	0.01065	0.01065	0.00792	0.00669	0.01188	0.01188	0.01583	0.01992	0.03835	0.02156	0.28697	0.03808	0.46066	0.00792	0.00955	0.00437	0.00437
4	0.01333	0.00915	0.01090	0.01041	0.01274	0.00820	0.00760	0.01610	0.02116	0.06730	0.30446	0.09903	0.25902	0.10469	0.01455	0.00357	0.00503	0.01628	0.00855	0.00793
5	0.02332	0.69869	0.04571	0.01493	0.02239	0.03451	0.01493	0.02612	0.01772	0.02052	0.01213	0.01399	0.01119	0.00746	0.00560	0.00187	0.00933	0.00466	0.00373	0.01119
6	0.02170	0.01874	0.01972	0.01775	0.02268	0.02170	0.01381	0.04635	0.62327	0.03649	0.03550	0.03254	0.02663	0.01183	0.00888	0.00296	0.00690	0.00986	0.00888	0.01381
7	0.02170	0.01874	0.01972	0.01775	0.02268	0.02170	0.01381	0.04635	0.62327	0.03649	0.03550	0.03254	0.02663	0.01183	0.00888	0.00296	0.00690	0.00986	0.00888	0.01381
8	0.75506	0.01687	0.01282	0.01147	0.01687	0.01957	0.00945	0.02564	0.01484	0.03914	0.01215	0.01417	0.00945	0.00810	0.00540	0.00270	0.00675	0.00472	0.00540	0.00945
9	0.01523	0.00808	0.00850	0.00878	0.01046	0.00801	0.00631	0.01865	0.01767	0.02999	0.03108	0.12434	0.02788	0.06145	0.00953	0.00270	0.00452	0.01075	0.58827	0.00778
10	0.03249	0.01505	0.01956	0.01470	0.02176	0.01244	0.01204	0.03602	0.02279	0.45041	0.02844	0.02603	0.01885	0.00943	0.00804	0.00225	0.00712	0.00763	0.00902	0.24590
11	0.01268	0.00846	0.00951	0.00951	0.00951	0.00846	0.00529	0.01268	0.01268	0.01691	0.02748	0.05708	0.03171	0.69345	0.04440	0.00846	0.00846	0.01268	0.00529	0.00529
12	0.02731	0.02153	0.02288	0.01889	0.02482	0.02432	0.01516	0.32239	0.33809	0.04554	0.02837	0.02686	0.02085	0.01117	0.00880	0.00279	0.00822	0.00888	0.00880	0.01431
13	0.01249	0.00923	0.01343	0.01343	0.01479	0.01058	0.01017	0.01520	0.01384	0.01981	0.02390	0.03724	0.02310	0.14723	0.57883	0.01329	0.02142	0.00978	0.00475	0.00746
14	0.01547	0.01262	0.01482	0.01172	0.01688	0.01011	0.00895	0.01881	0.01913	0.02814	0.16179	0.03917	0.08936	0.08723	0.01192	0.00257	0.00597	0.00963	0.00645	0.42927
15	0.01481	0.00908	0.01136	0.01091	0.01319	0.00836	0.00813	0.01833	0.02211	0.08289	0.35679	0.15266	0.10431	0.01775	0.00961	0.00276	0.00455	0.01551	0.12834	0.00853
16	0.03430	0.01429	0.01903	0.01504	0.02103	0.01278	0.01225	0.03918	0.06457	0.52089	0.11696	0.03475	0.03027	0.01183	0.00899	0.00272	0.00693	0.00981	0.01050	0.01387
17	0.02327	0.01659	0.02330	0.09201	0.17420	0.01756	0.01672	0.17883	0.02291	0.07155	0.01832	0.02370	0.01481	0.01599	0.01681	0.24019	0.00920	0.00780	0.00571	0.01053

[dist]
# distance from previous block
# <min> <max>
0	1

[block]
# block no. 5 follows, 20 sequences, length 46
# corresponding to MSA columns:
# 400-402,406-435,437-449
name=unknown_F
#
# <colnr> <probs for GDERKNQSTAVLIFYWHMCP>
#	G	D	E	R	K	N	Q	S	T	A	V	L	I	F	Y	W	H	M	C	P
0	0.01078	0.00765	0.01008	0.01196	0.01243	0.00718	0.00790	0.01218	0.01641	0.02188	0.04660	0.64241	0.05582	0.07521	0.01352	0.00390	0.00530	0.02393	0.00790	0.00696
1	0.24776	0.01330	0.01490	0.01336	0.01744	0.01443	0.01070	0.02654	0.05338	0.15981	0.02332	0.02688	0.01828	0.02917	0.23587	0.00664	0.01255	0.00775	0.05775	0.01017
2	0.50655	0.01621	0.01577	0.05605	0.02122	0.01767	0.01136	0.03013	0.01784	0.20727	0.01859	0.01910	0.01298	0.00889	0.00656	0.00271	0.00726	0.00605	0.00681	0.01097
3	0.02318	0.01016	0.01179	0.01036	0.01382	0.00955	0.00813	0.02703	0.02031	0.21773	0.03026	0.03166	0.02213	0.01035	0.00691	0.00223	0.00508	0.00832	0.52083	0.01016
4	0.02262	0.01910	0.02587	0.12755	0.20803	0.02083	0.01926	0.09220	0.24890	0.05955	0.02465	0.02611	0.01871	0.00979	0.00867	0.00274	0.00890	0.00851	0.00672	0.04128
5	0.01207	0.00891	0.01128	0.01068	0.01286	0.00811	0.00801	0.01593	0.02404	0.03343	0.56053	0.06770	0.15717	0.01841	0.01029	0.00277	0.00416	0.01613	0.00940	0.00811
6	0.07888	0.01055	0.01302	0.01189	0.01500	0.00985	0.00909	0.02143	0.02255	0.15107	0.35127	0.13603	0.10107	0.01720	0.00970	0.00285	0.00512	0.01486	0.00918	0.00940
7	0.03153	0.01761	0.02081	0.01698	0.02305	0.01814	0.01369	0.11750	0.26152	0.33015	0.03310	0.02968	0.02269	0.01116	0.00881	0.00279	0.00750	0.00908	0.00978	0.01444
8	0.01246	0.00935	0.01402	0.01402	0.01558	0.01090	0.01090	0.01558	0.01402	0.02025	0.02336	0.03427	0.02181	0.06542	0.65888	0.01402	0.02336	0.00935	0.00467	0.00779
9	0.01565	0.01256	0.01442	0.01332	0.01652	0.01317	0.01017	0.02725	0.24693	0.03459	0.36628	0.05459	0.10756	0.01596	0.00976	0.00284	0.00518	0.01379	0.00921	0.01023
10	0.01908	0.01908	0.02672	0.02290	0.02290	0.02672	0.01908	0.02099	0.01336	0.02099	0.01145	0.01908	0.01145	0.01527	0.02863	0.00382	0.67748	0.00763	0.00382	0.00954
11	0.01246	0.00935	0.01402	0.01402	0.01558	0.01090	0.01090	0.01558	0.01402	0.02025	0.02336	0.03427	0.02181	0.06542	0.65888	0.01402	0.02336	0.00935	0.00467	0.00779
12	0.01809	0.01550	0.01809	0.01292	0.02067	0.01163	0.01034	0.02196	0.01809	0.02842	0.01550	0.01809	0.01292	0.00646	0.00646	0.00129	0.00646	0.00517	0.00517	0.74677
13	0.01901	0.01568	0.01773	0.01716	0.02106	0.01760	0.01389	0.03642	0.41143	0.03284	0.03925	0.05567	0.03491	0.01614	0.00999	0.00333	0.00730	0.21021	0.00858	0.01178
14	0.01031	0.00884	0.00884	0.00884	0.01178	0.00736	0.00663	0.01252	0.01988	0.02356	0.08837	0.08395	0.63549	0.02209	0.01031	0.00295	0.00442	0.01841	0.00810	0.00736
15	0.03316	0.02443	0.02618	0.02007	0.02705	0.02705	0.01658	0.60995	0.04101	0.05497	0.02094	0.02094	0.01483	0.01047	0.00873	0.00262	0.00960	0.00785	0.00873	0.01483
16	0.02137	0.01739	0.01921	0.01765	0.02215	0.01959	0.01424	0.11476	0.39928	0.03644	0.03615	0.04696	0.03077	0.01463	0.00962	0.00317	0.00754	0.14790	0.00865	0.01254
17	0.02303	0.66631	0.07556	0.01542	0.02315	0.03381	0.01578	0.02619	0.01776	0.02087	0.01230	0.01421	0.01119	0.00750	0.00573	0.00191	0.00950	0.00475	0.00373	0.01128
18	0.01406	0.01004	0.01406	0.01606	0.01807	0.01004	0.01406	0.01807	0.02008	0.02610	0.04618	0.09839	0.05020	0.02410	0.01205	0.00402	0.00803	0.58032	0.00803	0.00803
19	0.01133	0.00874	0.01045	0.01162	0.01313	0.00821	0.00810	0.01471	0.06120	0.02365	0.05843	0.47200	0.21684	0.02475	0.01074	0.00333	0.00501	0.02194	0.00815	0.00765
20	0.09184	0.07747	0.03210	0.02294	0.02971	0.06657	0.15750	0.26726	0.05131	0.06104	0.01881	0.02075	0.01400	0.00945	0.00938	0.00269	0.03998	0.00786	0.00659	0.01275
21	0.01564	0.01366	0.02178	0.19713	0.20017	0.01441	0.01759	0.01994	0.01972	0.02709	0.17282	0.17594	0.03929	0.01467	0.00960	0.00292	0.00804	0.01337	0.00630	0.00993
22	0.01219	0.00891	0.01144	0.01081	0.01293	0.00816	0.00811	0.01615	0.02432	0.03409	0.59204	0.06662	0.12525	0.01816	0.01029	0.00276	0.00414	0.01598	0.00949	0.00816
23	0.02292	0.01640	0.02958	0.23684	0.03958	0.01677	0.18184	0.02714	0.01924	0.17379	0.02063	0.02538	0.01502	0.01207	0.01296	0.11396	0.01086	0.00868	0.00569	0.01064
24	0.01838	0.06802	0.20733	0.18571	0.08272	0.02079	0.18796	0.02540	0.01852	0.02551	0.01656	0.02210	0.01277	0.01215	0.05558	0.00359	0.01346	0.00802	0.00405	0.01139
25	0.01705	0.01634	0.02838	0.59361	0.09381	0.01964	0.06271	0.02293	0.01779	0.02303	0.01570	0.02317	0.01186	0.00857	0.00882	0.00289	0.01175	0.00792	0.00394	0.01007
26	0.05111	0.31452	0.03368	0.28242	0.03770	0.02650	0.01847	0.05152	0.06204	0.02466	0.01557	0.01940	0.01257	0.00845	0.00723	0.00243	0.00999	0.00643	0.00445	0.01086
27	0.02454	0.01474	0.01797	0.01428	0.02000	0.01340	0.01141	0.07496	0.08625	0.21756	0.17371	0.03469	0.03391	0.01138	0.00851	0.00234	0.00647	0.00951	0.00859	0.21577
28	0.16850	0.12651	0.02628	0.01780	0.02413	0.02392	0.05504	0.17469	0.17889	0.08676	0.02243	0.02239	0.01667	0.00970	0.00774	0.00263	0.00849	0.00750	0.00720	0.01274
29	0.01296	0.00960	0.01305	0.01281	0.01367	0.01093	0.00922	0.01478	0.01346	0.01900	0.02423	0.04221	0.02502	0.30683	0.38079	0.01122	0.05789	0.01054	0.00486	0.00692
30	0.03258	0.04157	0.02472	0.02247	0.02697	0.65843	0.01685	0.03483	0.02472	0.02135	0.01348	0.01573	0.01124	0.00899	0.00787	0.00225	0.01573	0.00562	0.00449	0.01011
31	0.03258	0.04157	0.02472	0.02247	0.02697	0.65843	0.01685	0.03483	0.02472	0.02135	0.01348	0.01573	0.01124	0.00899	0.00787	0.00225	0.01573	0.00562	0.00449	0.01011
32	0.07694	0.39967	0.03548	0.01658	0.02338	0.07214	0.01495	0.15949	0.07354	0.03094	0.01614	0.01722	0.01318	0.00865	0.00671	0.00221	0.00943	0.00588	0.00545	0.01204
33	0.03600	0.01543	0.02076	0.05889	0.02476	0.01424	0.01369	0.08722	0.02579	0.52903	0.05769	0.03006	0.02297	0.01093	0.00883	0.00271	0.00774	0.00893	0.01012	0.01422
34	0.02523	0.12689	0.02462	0.07048	0.02431	0.04390	0.05219	0.05334	0.04508	0.20995	0.02849	0.03261	0.06305	0.10023	0.01460	0.04919	0.00891	0.00912	0.00688	0.01092
35	0.01106	0.00887	0.00988	0.00962	0.01224	0.00768	0.00722	0.01397	0.02165	0.02777	0.28936	0.07703	0.43187	0.02052	0.01030	0.00287	0.00431	0.01744	0.00865	0.00768
36	0.03720	0.01634	0.02098	0.01626	0.02291	0.01525	0.01337	0.11625	0.06675	0.52826	0.03274	0.02875	0.02105	0.01082	0.00877	0.00271	0.00767	0.00873	0.01040	0.01477
37	0.19813	0.02128	0.02132	0.01950	0.07153	0.10328	0.01442	0.13465	0.07470	0.22286	0.02290	0.02238	0.01608	0.00973	0.00787	0.00264	0.00893	0.00728	0.00770	0.01282
38	0.03307	0.02699	0.02596	0.02043	0.02704	0.12142	0.01662	0.52399	0.03858	0.04995	0.01983	0.02016	0.01430	0.01025	0.00860	0.00256	0.01052	0.00752	0.00809	0.01413
39	0.02710	0.01748	0.02057	0.04164	0.02368	0.01768	0.01351	0.20961	0.10539	0.18149	0.06494	0.07987	0.02510	0.01185	0.00870	0.00258	0.00765	0.00976	0.00851	0.12288
40	0.02163	0.01527	0.01716	0.01526	0.01941	0.01605	0.01179	0.16470	0.17396	0.09932	0.04315	0.20884	0.12246	0.01700	0.00964	0.00300	0.00674	0.01446	0.00872	0.01143
41	0.01617	0.01452	0.02327	0.29695	0.18433	0.01585	0.01928	0.02111	0.02016	0.02732	0.18854	0.03843	0.07473	0.01189	0.00924	0.00279	0.00878	0.01067	0.00583	0.01013
42	0.03221	0.02396	0.02564	0.01988	0.02669	0.02661	0.01635	0.56311	0.08940	0.05344	0.02215	0.02191	0.01581	0.01058	0.00874	0.00265	0.00937	0.00802	0.00874	0.01475
43	0.01932	0.01643	0.02299	0.02219	0.08854	0.01802	0.08127	0.05361	0.22492	0.02960	0.02648	0.03372	0.02237	0.06458	0.06832	0.05008	0.05374	0.03762	0.05523	0.01096
44	0.07103	0.01212	0.01540	0.01331	0.01771	0.01107	0.01063	0.02916	0.02229	0.32401	0.12773	0.11080	0.07641	0.01502	0.00917	0.00285	0.00625	0.05160	0.06219	0.01127
45	0.02159	0.02073	0.03541	0.05354	0.63903	0.02073	0.02677	0.02677	0.01986	0.02850	0.01641	0.02159	0.01382	0.00777	0.00864	0.00259	0.01036	0.00777	0.00432	0.01382

[dist]
# distance from previous block
# <min> <max>
0	10

[block]
# block no. 6 follows, 20 sequences, length 17
# corresponding to MSA columns:
# 460-476
name=unknown_G
#
# <colnr> <probs for GDERKNQSTAVLIFYWHMCP>
#	G	D	E	R	K	N	Q	S	T	A	V	L	I	F	Y	W	H	M	C	P
0	0.01138	0.00821	0.01126	0.01248	0.01326	0.00838	0.00870	0.01325	0.01551	0.02116	0.03863	0.43006	0.04433	0.09958	0.21274	0.00720	0.01098	0.01896	0.00679	0.00714
1	0.01615	0.01065	0.01254	0.01180	0.01475	0.00992	0.00901	0.07037	0.02165	0.08708	0.12600	0.13588	0.29347	0.02098	0.01257	0.07677	0.00574	0.04800	0.00816	0.00852
2	0.01246	0.00935	0.01402	0.01402	0.01558	0.01090	0.01090	0.01558	0.01402	0.02025	0.02336	0.03427	0.02181	0.06542	0.65888	0.01402	0.02336	0.00935	0.00467	0.00779
3	0.01246	0.00935	0.01402	0.01402	0.01558	0.01090	0.01090	0.01558	0.01402	0.02025	0.02336	0.03427	0.02181	0.06542	0.65888	0.01402	0.02336	0.00935	0.00467	0.00779
4	0.01942	0.01810	0.02998	0.43220	0.10550	0.02074	0.09969	0.08306	0.05354	0.02761	0.01750	0.02342	0.01318	0.00880	0.00893	0.00286	0.01146	0.00821	0.00474	0.01107
5	0.01354	0.00863	0.01073	0.01140	0.01272	0.00807	0.00788	0.01532	0.01739	0.06507	0.07390	0.34624	0.11108	0.16807	0.01782	0.00439	0.00595	0.04924	0.04515	0.00741
6	0.01268	0.00846	0.00951	0.00951	0.00951	0.00846	0.00529	0.01268	0.01268	0.01691	0.02748	0.05708	0.03171	0.69345	0.04440	0.00846	0.00846	0.01268	0.00529	0.00529
7	0.03775	0.01706	0.02161	0.01657	0.02337	0.01611	0.01369	0.17366	0.02867	0.50869	0.03130	0.02767	0.02003	0.01072	0.00876	0.00268	0.00793	0.00856	0.01032	0.01484
8	0.21343	0.01283	0.01462	0.01423	0.04400	0.01313	0.01042	0.02469	0.01816	0.16408	0.05956	0.04037	0.02651	0.14780	0.04648	0.00446	0.00801	0.07036	0.05722	0.00962
9	0.01386	0.00875	0.01115	0.01165	0.01344	0.00811	0.00853	0.01666	0.01992	0.07036	0.19333	0.32605	0.10487	0.02130	0.01021	0.00310	0.00503	0.05699	0.08857	0.00811
10	0.01246	0.00935	0.01402	0.01402	0.01558	0.01090	0.01090	0.01558	0.01402	0.02025	0.02336	0.03427	0.02181	0.06542	0.65888	0.01402	0.02336	0.00935	0.00467	0.00779
11	0.46077	0.01806	0.01765	0.04764	0.05125	0.02057	0.01272	0.15532	0.02099	0.03978	0.01541	0.01815	0.01199	0.01340	0.06071	0.00363	0.00918	0.00610	0.00596	0.01074
12	0.01196	0.00846	0.01081	0.04464	0.01444	0.00818	0.00829	0.01424	0.01795	0.02475	0.13872	0.36601	0.10071	0.10222	0.01429	0.00377	0.00550	0.01890	0.07883	0.00731
13	0.01668	0.00982	0.01288	0.01174	0.01450	0.00900	0.00907	0.02068	0.02418	0.12671	0.48489	0.05954	0.06848	0.01664	0.00991	0.00276	0.00479	0.03964	0.04888	0.00922
14	0.75506	0.01687	0.01282	0.01147	0.01687	0.01957	0.00945	0.02564	0.01484	0.03914	0.01215	0.01417	0.00945	0.00810	0.00540	0.00270	0.00675	0.00472	0.00540	0.00945
15	0.10007	0.01737	0.02427	0.12159	0.16490	0.01845	0.04507	0.13406	0.02248	0.09378	0.02004	0.02491	0.01571	0.04682	0.01150	0.04327	0.00917	0.00797	0.06709	0.01147
16	0.01424	0.00990	0.01209	0.01199	0.01321	0.01037	0.00825	0.06796	0.01678	0.02322	0.03065	0.18906	0.03327	0.30215	0.16885	0.00770	0.01088	0.01396	0.04820	0.00728

[dist]
# distance from previous block
# <min> <max>
0	1

[block]
# block no. 7 follows, 20 sequences, length 21
# corresponding to MSA columns:
# 478-498
name=unknown_H
#
# <colnr> <probs for GDERKNQSTAVLIFYWHMCP>
#	G	D	E	R	K	N	Q	S	T	A	V	L	I	F	Y	W	H	M	C	P
0	0.03081	0.01565	0.01931	0.01588	0.02159	0.01545	0.01275	0.04153	0.22960	0.38306	0.08773	0.03380	0.02867	0.01177	0.00894	0.00279	0.00695	0.00976	0.01003	0.01391
1	0.02523	0.44258	0.03843	0.04639	0.05385	0.03080	0.01622	0.16737	0.05281	0.03003	0.01573	0.01732	0.01296	0.00847	0.00678	0.00218	0.00942	0.00596	0.00522	0.01225
2	0.01240	0.00944	0.01304	0.09321	0.01899	0.00937	0.01045	0.01592	0.02112	0.02885	0.33513	0.22848	0.09530	0.01986	0.01043	0.00307	0.00556	0.05302	0.00831	0.00805
3	0.01843	0.01160	0.01452	0.01283	0.01614	0.01126	0.00993	0.05005	0.09172	0.13014	0.44843	0.05412	0.06379	0.01576	0.00983	0.00275	0.00518	0.01369	0.00967	0.01016
4	0.01367	0.00976	0.01361	0.01562	0.01746	0.00970	0.01338	0.01740	0.01970	0.02567	0.04640	0.16544	0.05105	0.02446	0.01194	0.00396	0.00769	0.51713	0.00804	0.00792
5	0.01317	0.00978	0.01237	0.01157	0.01388	0.00942	0.00872	0.01910	0.07751	0.03511	0.58158	0.06228	0.07739	0.01730	0.01016	0.00276	0.00436	0.01525	0.00954	0.00872
6	0.03258	0.04157	0.02472	0.02247	0.02697	0.65843	0.01685	0.03483	0.02472	0.02135	0.01348	0.01573	0.01124	0.00899	0.00787	0.00225	0.01573	0.00562	0.00449	0.01011
7	0.12694	0.02345	0.02444	0.01895	0.02573	0.02608	0.01565	0.53404	0.03761	0.05292	0.01980	0.02006	0.01413	0.01016	0.00829	0.00263	0.00923	0.00745	0.00829	0.01413
8	0.15864	0.01973	0.01997	0.01714	0.02264	0.02256	0.01366	0.17459	0.37549	0.04130	0.02782	0.02646	0.02072	0.01083	0.00820	0.00283	0.00751	0.00845	0.00820	0.01325
9	0.01515	0.00758	0.01136	0.01136	0.01136	0.00758	0.00758	0.01136	0.01136	0.01515	0.01515	0.02652	0.01515	0.03030	0.03409	0.74621	0.00758	0.00758	0.00379	0.00379
10	0.02170	0.01874	0.01972	0.01775	0.02268	0.02170	0.01381	0.04635	0.62327	0.03649	0.03550	0.03254	0.02663	0.01183	0.00888	0.00296	0.00690	0.00986	0.00888	0.01381
11	0.01485	0.01289	0.02099	0.05779	0.08990	0.01444	0.06630	0.01835	0.01557	0.02207	0.02295	0.08936	0.02226	0.06713	0.35470	0.00908	0.07712	0.01053	0.00482	0.00891
12	0.10861	0.03459	0.06525	0.05952	0.02818	0.42757	0.01717	0.05541	0.02345	0.08006	0.01574	0.01763	0.01211	0.00905	0.00779	0.00242	0.01336	0.00607	0.00522	0.01080
13	0.01908	0.01908	0.02672	0.02290	0.02290	0.02672	0.01908	0.02099	0.01336	0.02099	0.01145	0.01908	0.01145	0.01527	0.02863	0.00382	0.67748	0.00763	0.00382	0.00954
14	0.01042	0.00884	0.00899	0.00895	0.01185	0.00741	0.00671	0.01273	0.02014	0.02418	0.11766	0.08294	0.60582	0.02186	0.01031	0.00293	0.00440	0.01827	0.00818	0.00741
15	0.01967	0.01915	0.06636	0.19740	0.31262	0.01831	0.05281	0.02506	0.01982	0.06157	0.06297	0.02922	0.05739	0.00976	0.00894	0.00274	0.01009	0.00908	0.00513	0.01191
16	0.02407	0.02214	0.06960	0.02683	0.03386	0.02118	0.27994	0.15455	0.02416	0.09617	0.02020	0.02421	0.01516	0.01540	0.08272	0.00412	0.05841	0.00911	0.00596	0.01222
17	0.01215	0.00983	0.01576	0.01561	0.01730	0.00923	0.08635	0.01460	0.01743	0.02326	0.04400	0.56171	0.05141	0.02452	0.01109	0.00350	0.00651	0.06038	0.00761	0.00776
18	0.01515	0.00758	0.01136	0.01136	0.01136	0.00758	0.00758	0.01136	0.01136	0.01515	0.01515	0.02652	0.01515	0.03030	0.03409	0.74621	0.00758	0.00758	0.00379	0.00379
19	0.22035	0.01677	0.02298	0.36126	0.11109	0.01979	0.01952	0.02589	0.07149	0.02890	0.01648	0.02141	0.01263	0.00872	0.00781	0.00282	0.00972	0.00711	0.00479	0.01047
20	0.05304	0.01778	0.02723	0.12430	0.14261	0.04613	0.11930	0.04937	0.01938	0.02664	0.02708	0.15804	0.06357	0.01357	0.01116	0.00301	0.06988	0.01206	0.00549	0.01036

[dist]
# distance from previous block
# <min> <max>
2	5

[block]
# block no. 8 follows, 20 sequences, length 10
# corresponding to MSA columns:
# 513-522
name=unknown_I
#
# <colnr> <probs for GDERKNQSTAVLIFYWHMCP>
#	G	D	E	R	K	N	Q	S	T	A	V	L	I	F	Y	W	H	M	C	P
0	0.01774	0.05180	0.01868	0.01579	0.01822	0.01729	0.01221	0.05613	0.18331	0.02786	0.08811	0.16157	0.03325	0.05331	0.01701	0.07564	0.12292	0.01253	0.00694	0.00969
1	0.01239	0.00984	0.01124	0.01072	0.01344	0.00917	0.00809	0.01768	0.08081	0.03026	0.34340	0.07000	0.31276	0.01907	0.01016	0.00285	0.00452	0.01632	0.00889	0.00840
2	0.01235	0.00892	0.01166	0.01097	0.01303	0.00823	0.00823	0.01646	0.02469	0.03498	0.63443	0.06516	0.08230	0.01783	0.01029	0.00274	0.00412	0.01578	0.00960	0.00823
3	0.01252	0.00912	0.01288	0.01288	0.01405	0.01029	0.00948	0.01485	0.01368	0.01941	0.02440	0.04003	0.02431	0.22403	0.50369	0.01261	0.01960	0.01019	0.00483	0.00716
4	0.01809	0.01550	0.01809	0.01292	0.02067	0.01163	0.01034	0.02196	0.01809	0.02842	0.01550	0.01809	0.01292	0.00646	0.00646	0.00129	0.00646	0.00517	0.00517	0.74677
5	0.01809	0.01550	0.01809	0.01292	0.02067	0.01163	0.01034	0.02196	0.01809	0.02842	0.01550	0.01809	0.01292	0.00646	0.00646	0.00129	0.00646	0.00517	0.00517	0.74677
6	0.01558	0.00827	0.00874	0.00862	0.01066	0.00815	0.00647	0.01966	0.01940	0.03295	0.13349	0.03818	0.03275	0.01149	0.00682	0.00216	0.00407	0.00946	0.61495	0.00815
7	0.43803	0.31228	0.02707	0.01297	0.01926	0.02604	0.01182	0.02585	0.01609	0.03107	0.01214	0.01409	0.01020	0.00782	0.00548	0.00234	0.00787	0.00470	0.00468	0.01020
8	0.02803	0.08979	0.02388	0.01746	0.02347	0.02222	0.01429	0.16077	0.30955	0.17041	0.02980	0.02758	0.02148	0.01087	0.00848	0.00272	0.00783	0.00867	0.00873	0.01397
9	0.02424	0.01708	0.02112	0.02103	0.08296	0.01809	0.01573	0.17464	0.15193	0.11245	0.03330	0.04934	0.02937	0.01490	0.00982	0.00314	0.00834	0.19183	0.00836	0.01234

[dist]
# distance from previous block
# <min> <max>
12	67

[block]
# block no. 9 follows, 20 sequences, length 26
# corresponding to MSA columns:
# 591-616
name=unknown_J
#
# <colnr> <probs for GDERKNQSTAVLIFYWHMCP>
#	G	D	E	R	K	N	Q	S	T	A	V	L	I	F	Y	W	H	M	C	P
0	0.01376	0.05617	0.01310	0.01130	0.01382	0.04611	0.00862	0.01574	0.01901	0.02392	0.09922	0.15167	0.29473	0.02085	0.01201	0.07241	0.00596	0.05315	0.06088	0.00756
1	0.02800	0.01252	0.01583	0.01294	0.01822	0.01071	0.01043	0.03092	0.02300	0.40489	0.05526	0.05066	0.25883	0.01516	0.00937	0.00279	0.00626	0.01250	0.00975	0.01195
2	0.01085	0.00776	0.01032	0.01199	0.01270	0.00723	0.00811	0.01270	0.01773	0.02390	0.12358	0.60758	0.06086	0.02611	0.01102	0.00344	0.00494	0.02364	0.00829	0.00723
3	0.03316	0.02443	0.02618	0.02007	0.02705	0.02705	0.01658	0.60995	0.04101	0.05497	0.02094	0.02094	0.01483	0.01047	0.00873	0.00262	0.00960	0.00785	0.00873	0.01483
4	0.01169	0.00889	0.01075	0.01029	0.01263	0.00795	0.00772	0.01519	0.02315	0.03131	0.45906	0.07119	0.25997	0.01920	0.01029	0.00281	0.00421	0.01662	0.00912	0.00795
5	0.41968	0.01956	0.01852	0.01508	0.02119	0.02182	0.01244	0.24861	0.02564	0.09736	0.01740	0.01808	0.01254	0.00923	0.00695	0.00267	0.00789	0.00626	0.00712	0.01195
6	0.02059	0.02353	0.05147	0.03676	0.04559	0.02206	0.60735	0.02794	0.02059	0.02794	0.01765	0.02353	0.01324	0.00735	0.01029	0.00294	0.01471	0.01029	0.00441	0.01176
7	0.01278	0.00856	0.00982	0.00995	0.01008	0.00856	0.00587	0.01304	0.01318	0.01753	0.02873	0.05983	0.03294	0.64887	0.04224	0.00816	0.00843	0.05049	0.00547	0.00547
8	0.01647	0.01550	0.02616	0.67248	0.06008	0.01938	0.02422	0.02229	0.01744	0.02229	0.01550	0.02326	0.01163	0.00872	0.00872	0.00291	0.01163	0.00775	0.00388	0.00969
9	0.01809	0.01550	0.01809	0.01292	0.02067	0.01163	0.01034	0.02196	0.01809	0.02842	0.01550	0.01809	0.01292	0.00646	0.00646	0.00129	0.00646	0.00517	0.00517	0.74677
10	0.01750	0.04512	0.64825	0.02486	0.03775	0.02026	0.03223	0.02762	0.01842	0.02762	0.01565	0.01842	0.01105	0.00829	0.00829	0.00276	0.01289	0.00645	0.00368	0.01289
11	0.02388	0.02216	0.03623	0.05346	0.61371	0.02176	0.02709	0.02810	0.02121	0.03049	0.01887	0.02496	0.01618	0.00950	0.00966	0.00305	0.01105	0.00852	0.00520	0.01490
12	0.02631	0.48659	0.03893	0.01736	0.02387	0.23590	0.01555	0.02893	0.01998	0.02079	0.01256	0.01455	0.01121	0.00796	0.00633	0.00199	0.01139	0.00497	0.00398	0.01084
13	0.01945	0.02016	0.03269	0.02625	0.02838	0.02559	0.16113	0.02267	0.01510	0.02267	0.01295	0.02016	0.01188	0.01336	0.02420	0.00361	0.51744	0.00828	0.00396	0.01008
14	0.07572	0.01536	0.01772	0.04378	0.02139	0.01585	0.01249	0.18330	0.05238	0.09994	0.03468	0.19417	0.06960	0.01589	0.00926	0.00291	0.00733	0.05425	0.00799	0.06600
15	0.01216	0.00942	0.01364	0.01791	0.09994	0.00899	0.01070	0.01418	0.01714	0.02314	0.04366	0.59492	0.05158	0.02460	0.01079	0.00341	0.00580	0.02242	0.00757	0.00802
16	0.02059	0.02353	0.05147	0.03676	0.04559	0.02206	0.60735	0.02794	0.02059	0.02794	0.01765	0.02353	0.01324	0.00735	0.01029	0.00294	0.01471	0.01029	0.00441	0.01176
17	0.01073	0.00778	0.01014	0.01181	0.01261	0.00719	0.00800	0.01249	0.01752	0.02329	0.09390	0.59717	0.10268	0.02624	0.01101	0.00344	0.00494	0.02366	0.00821	0.00719
18	0.02182	0.01793	0.05736	0.15271	0.06986	0.01689	0.20020	0.02681	0.01935	0.13781	0.02110	0.02585	0.01575	0.01404	0.05397	0.05779	0.01173	0.00879	0.05926	0.01097
19	0.03308	0.01510	0.01927	0.01526	0.02116	0.01396	0.01241	0.12115	0.02660	0.44346	0.08045	0.06477	0.06740	0.01277	0.00909	0.00275	0.00720	0.01052	0.01010	0.01351
20	0.01358	0.00870	0.01097	0.01175	0.01259	0.00840	0.00798	0.01489	0.01591	0.05559	0.03827	0.30158	0.04356	0.30991	0.02530	0.00565	0.00705	0.09439	0.00704	0.00688
21	0.02517	0.01880	0.03089	0.14655	0.11994	0.02022	0.13130	0.06794	0.02112	0.18133	0.02041	0.02381	0.01490	0.01009	0.01244	0.00295	0.12530	0.00848	0.00608	0.01226
22	0.01849	0.01410	0.02129	0.12830	0.17954	0.01444	0.01621	0.05447	0.02213	0.07527	0.23792	0.07557	0.04083	0.01408	0.01066	0.03995	0.00766	0.01162	0.00702	0.01043
23	0.01078	0.00766	0.01008	0.01195	0.01242	0.00719	0.00789	0.01219	0.01640	0.02187	0.04654	0.64061	0.05575	0.07712	0.01362	0.00391	0.00531	0.02389	0.00789	0.00695
24	0.01130	0.00850	0.01141	0.05985	0.01609	0.00819	0.00915	0.01361	0.01834	0.02442	0.14327	0.48146	0.11406	0.02395	0.01074	0.00331	0.00533	0.02149	0.00803	0.00749
