[name]
unknown

[dist]
# distance from previous block
# <min> <max>
0	79

[block]
# block no. 0 follows, 25 sequences, length 20
# corresponding to MSA columns:
# 79-98
name=unknown_A
#
# <colnr> <probs for GDERKNQSTAVLIFYWHMCP>
#	G	D	E	R	K	N	Q	S	T	A	V	L	I	F	Y	W	H	M	C	P
0	0.01023	0.00790	0.00933	0.00897	0.01113	0.00700	0.00673	0.01319	0.02019	0.02693	0.43022	0.06477	0.32059	0.01740	0.00915	0.00251	0.00377	0.01498	0.00799	0.00700
1	0.01097	0.00793	0.01036	0.00975	0.01158	0.00732	0.00732	0.01463	0.02195	0.03109	0.67505	0.05792	0.07316	0.01585	0.00914	0.00244	0.00366	0.01402	0.00854	0.00732
2	0.03479	0.01320	0.01799	0.01380	0.01979	0.01140	0.01140	0.03779	0.02219	0.68451	0.03059	0.02639	0.01919	0.00960	0.00780	0.00240	0.00660	0.00780	0.00960	0.01320
3	0.02830	0.01176	0.01591	0.01269	0.01756	0.01028	0.01028	0.03148	0.02213	0.50648	0.20618	0.03498	0.03390	0.01130	0.00816	0.00241	0.00580	0.00949	0.00931	0.01159
4	0.02295	0.01183	0.01512	0.01344	0.01728	0.01138	0.01067	0.05557	0.10730	0.30822	0.06576	0.18945	0.03240	0.01472	0.00870	0.00274	0.00608	0.08748	0.00840	0.01051
5	0.05796	0.02483	0.23204	0.14679	0.05874	0.07011	0.01970	0.07743	0.04836	0.16258	0.01823	0.01973	0.01279	0.00822	0.00744	0.00242	0.00962	0.00653	0.00533	0.01116
6	0.14945	0.01835	0.08339	0.02012	0.12800	0.01672	0.01492	0.08490	0.14397	0.19538	0.02148	0.02131	0.01537	0.00852	0.00716	0.00237	0.00743	0.00683	0.00654	0.04780
7	0.02090	0.01763	0.01905	0.01745	0.04947	0.05003	0.01315	0.17774	0.32035	0.03300	0.02560	0.07864	0.02090	0.01122	0.00935	0.00258	0.06757	0.00889	0.04518	0.01129
8	0.21306	0.01367	0.01603	0.23663	0.02683	0.05910	0.01298	0.01851	0.01385	0.02214	0.01465	0.04786	0.01322	0.04721	0.04700	0.14027	0.03875	0.00690	0.00405	0.00729
9	0.78228	0.01499	0.01140	0.01020	0.01499	0.01739	0.00840	0.02279	0.01320	0.03479	0.01080	0.01260	0.00840	0.00720	0.00480	0.00240	0.00600	0.00420	0.00480	0.00840
10	0.00916	0.00785	0.00785	0.00785	0.01047	0.00655	0.00589	0.01113	0.01767	0.02095	0.07855	0.07462	0.67599	0.01964	0.00916	0.00262	0.00393	0.01636	0.00720	0.00655
11	0.78228	0.01499	0.01140	0.01020	0.01499	0.01739	0.00840	0.02279	0.01320	0.03479	0.01080	0.01260	0.00840	0.00720	0.00480	0.00240	0.00600	0.00420	0.00480	0.00840
12	0.01240	0.01035	0.01485	0.01859	0.15337	0.01051	0.01117	0.01442	0.01527	0.02045	0.03842	0.25166	0.17615	0.05556	0.07067	0.04241	0.05644	0.01404	0.00565	0.00760
13	0.01985	0.08647	0.07920	0.18043	0.18466	0.13451	0.08960	0.02427	0.01779	0.05204	0.01577	0.05209	0.01318	0.00821	0.00758	0.00235	0.01045	0.00725	0.00412	0.01018
14	0.47971	0.01942	0.02200	0.01750	0.02302	0.10557	0.18201	0.02440	0.01570	0.03007	0.01226	0.01501	0.00951	0.00712	0.00625	0.00241	0.00893	0.00563	0.00446	0.00903
15	0.08584	0.01991	0.08184	0.04979	0.08356	0.01864	0.23088	0.08359	0.10761	0.10596	0.01895	0.02109	0.01388	0.00813	0.00859	0.00254	0.03486	0.00770	0.00545	0.01119
16	0.00936	0.00710	0.00863	0.00986	0.01100	0.00638	0.00678	0.01090	0.01574	0.02016	0.05408	0.51716	0.24924	0.02282	0.00966	0.00298	0.00432	0.02024	0.00720	0.00638
17	0.01608	0.01378	0.01608	0.01148	0.01837	0.01034	0.00919	0.01952	0.01608	0.02527	0.01378	0.01608	0.01148	0.00574	0.00574	0.00115	0.00574	0.00459	0.00459	0.77491
18	0.01347	0.00673	0.01010	0.01010	0.01010	0.00673	0.00673	0.01010	0.01010	0.01347	0.01347	0.02357	0.01347	0.02694	0.03030	0.77441	0.00673	0.00673	0.00337	0.00337
19	0.01693	0.01712	0.02517	0.45429	0.12834	0.07910	0.04576	0.02140	0.01606	0.02053	0.01339	0.01946	0.01060	0.00829	0.00977	0.00259	0.09166	0.00680	0.00356	0.00919

[dist]
# distance from previous block
# <min> <max>
0	1

[block]
# block no. 1 follows, 25 sequences, length 13
# corresponding to MSA columns:
# 100-112
name=unknown_B
#
# <colnr> <probs for GDERKNQSTAVLIFYWHMCP>
#	G	D	E	R	K	N	Q	S	T	A	V	L	I	F	Y	W	H	M	C	P
0	0.00940	0.00692	0.00881	0.01033	0.01112	0.00634	0.00699	0.01085	0.01530	0.01998	0.04845	0.61914	0.15091	0.02355	0.00978	0.00306	0.00441	0.02114	0.00720	0.00634
1	0.02303	0.01538	0.01902	0.01607	0.07365	0.01360	0.01185	0.13289	0.02114	0.18438	0.01863	0.01919	0.01365	0.00736	0.00673	0.00174	0.00671	0.00595	0.00625	0.40279
2	0.28837	0.01863	0.02141	0.01791	0.04892	0.06645	0.10198	0.14538	0.06181	0.13179	0.01748	0.01837	0.01263	0.00812	0.00689	0.00240	0.00827	0.00641	0.00605	0.01075
3	0.02073	0.73217	0.04063	0.01327	0.01990	0.03068	0.01327	0.02322	0.01575	0.01824	0.01078	0.01244	0.00995	0.00663	0.00498	0.00166	0.00829	0.00415	0.00332	0.00995
4	0.01139	0.00814	0.01123	0.01302	0.01432	0.00798	0.01058	0.01416	0.01676	0.02197	0.04166	0.31681	0.04703	0.02246	0.01042	0.00342	0.00619	0.40847	0.00716	0.00684
5	0.02026	0.01986	0.06857	0.07828	0.53190	0.04628	0.02270	0.02494	0.01797	0.07228	0.01555	0.01940	0.01243	0.00722	0.00764	0.00232	0.00942	0.00682	0.00421	0.01196
6	0.01434	0.01295	0.01870	0.15767	0.02368	0.01679	0.01425	0.01662	0.01261	0.01809	0.01554	0.02659	0.01530	0.15654	0.14533	0.00565	0.31011	0.00794	0.00379	0.00751
7	0.01128	0.00752	0.00846	0.00846	0.00846	0.00752	0.00470	0.01128	0.01128	0.01503	0.02443	0.05074	0.02819	0.72751	0.03946	0.00752	0.00752	0.01128	0.00470	0.00470
8	0.01864	0.01581	0.02578	0.29176	0.25304	0.01706	0.05395	0.07155	0.01900	0.07233	0.06973	0.02348	0.01704	0.00832	0.00792	0.00245	0.00916	0.00767	0.00479	0.01051
9	0.02115	0.10946	0.16160	0.16739	0.14675	0.06661	0.01976	0.02670	0.04234	0.14001	0.01711	0.01937	0.01258	0.00784	0.00728	0.00232	0.00955	0.00642	0.00476	0.01099
10	0.01012	0.00727	0.00898	0.00973	0.01102	0.00665	0.00685	0.01230	0.01718	0.02336	0.19881	0.39051	0.17355	0.02029	0.00925	0.00278	0.00413	0.01798	0.06259	0.00665
11	0.01929	0.01666	0.01753	0.01578	0.02016	0.01929	0.01227	0.04120	0.66513	0.03243	0.03156	0.02893	0.02367	0.01052	0.00789	0.00263	0.00614	0.00877	0.00789	0.01227
12	0.02133	0.01688	0.01900	0.01795	0.07143	0.01871	0.01311	0.14877	0.41633	0.07274	0.03117	0.02939	0.06696	0.01061	0.00793	0.00253	0.00668	0.00878	0.00760	0.01209

[dist]
# distance from previous block
# <min> <max>
0	27

[block]
# block no. 2 follows, 25 sequences, length 35
# corresponding to MSA columns:
# 140-174
name=unknown_C
#
# <colnr> <probs for GDERKNQSTAVLIFYWHMCP>
#	G	D	E	R	K	N	Q	S	T	A	V	L	I	F	Y	W	H	M	C	P
0	0.09719	0.01755	0.03162	0.06311	0.03166	0.01760	0.36139	0.02542	0.12159	0.02642	0.02399	0.02895	0.06903	0.00911	0.00849	0.00264	0.01002	0.03921	0.00505	0.00995
1	0.06675	0.03174	0.02177	0.01953	0.02276	0.52430	0.01503	0.02804	0.01946	0.01976	0.01156	0.01451	0.00994	0.00907	0.01060	0.00230	0.15478	0.00531	0.00392	0.00885
2	0.03352	0.01291	0.01759	0.01358	0.01935	0.01118	0.01118	0.03655	0.02218	0.64963	0.06499	0.02807	0.02207	0.00993	0.00787	0.00240	0.00644	0.00813	0.00954	0.01288
3	0.01117	0.00789	0.01019	0.00962	0.01144	0.00731	0.00721	0.01482	0.02164	0.03097	0.63932	0.05632	0.07023	0.01548	0.00894	0.00240	0.00366	0.01365	0.05044	0.00731
4	0.00961	0.00787	0.00848	0.00833	0.01075	0.00674	0.00625	0.01200	0.01874	0.02347	0.22721	0.07046	0.52576	0.01869	0.00916	0.00257	0.00386	0.01578	0.00753	0.00674
5	0.01217	0.00882	0.01205	0.01366	0.01553	0.00870	0.01186	0.01559	0.01783	0.02299	0.04467	0.08622	0.10551	0.02125	0.01056	0.00348	0.00683	0.56807	0.00715	0.00708
6	0.78228	0.01499	0.01140	0.01020	0.01499	0.01739	0.00840	0.02279	0.01320	0.03479	0.01080	0.01260	0.00840	0.00720	0.00480	0.00240	0.00600	0.00420	0.00480	0.00840
7	0.01508	0.01423	0.02405	0.64510	0.11375	0.01734	0.02175	0.02019	0.01571	0.02034	0.01386	0.02053	0.01052	0.00767	0.00774	0.00256	0.01023	0.00689	0.00348	0.00897
8	0.02048	0.02106	0.02964	0.07372	0.54974	0.12253	0.02234	0.02471	0.01822	0.02410	0.01415	0.01846	0.01184	0.00711	0.00757	0.00227	0.01000	0.00661	0.00384	0.01161
9	0.01929	0.01666	0.01753	0.01578	0.02016	0.01929	0.01227	0.04120	0.66513	0.03243	0.03156	0.02893	0.02367	0.01052	0.00789	0.00263	0.00614	0.00877	0.00789	0.01227
10	0.01300	0.00704	0.01056	0.01056	0.01084	0.00731	0.00731	0.01084	0.01056	0.01436	0.01490	0.02492	0.01463	0.03306	0.16097	0.62503	0.00949	0.00704	0.00352	0.00406
11	0.01648	0.10105	0.37082	0.02109	0.02933	0.05105	0.13570	0.02275	0.01636	0.02252	0.01643	0.05882	0.01425	0.07755	0.01067	0.00291	0.01079	0.00759	0.00378	0.01007
12	0.02947	0.02172	0.02327	0.01784	0.02404	0.02404	0.01474	0.65329	0.03646	0.04887	0.01862	0.01862	0.01319	0.00931	0.00776	0.00233	0.00853	0.00698	0.00776	0.01319
13	0.00971	0.00728	0.00849	0.00931	0.01043	0.00662	0.00625	0.01101	0.01513	0.01926	0.05163	0.36499	0.26446	0.16054	0.01544	0.00382	0.00489	0.01795	0.00671	0.00607
14	0.01608	0.01378	0.01608	0.01148	0.01837	0.01034	0.00919	0.01952	0.01608	0.02527	0.01378	0.01608	0.01148	0.00574	0.00574	0.00115	0.00574	0.00459	0.00459	0.77491
15	0.02236	0.10165	0.21107	0.01622	0.02377	0.01705	0.01647	0.10613	0.05176	0.17827	0.01973	0.04154	0.01468	0.00846	0.00708	0.00215	0.00818	0.00666	0.00586	0.14092
16	0.01856	0.01796	0.03115	0.13134	0.56642	0.01833	0.05567	0.02334	0.01741	0.02460	0.01454	0.01947	0.01201	0.00700	0.00776	0.00235	0.00955	0.00702	0.00379	0.01172
17	0.01202	0.00908	0.01164	0.01104	0.01157	0.01018	0.00771	0.01333	0.01338	0.01878	0.13317	0.04388	0.03189	0.39681	0.13541	0.00682	0.11155	0.01063	0.00508	0.00605
18	0.01485	0.01419	0.02453	0.67044	0.05267	0.01736	0.05731	0.02010	0.01566	0.02010	0.01389	0.02069	0.01042	0.00768	0.00783	0.00259	0.01049	0.00702	0.00347	0.00872
19	0.01608	0.01378	0.01608	0.01148	0.01837	0.01034	0.00919	0.01952	0.01608	0.02527	0.01378	0.01608	0.01148	0.00574	0.00574	0.00115	0.00574	0.00459	0.00459	0.77491
20	0.00997	0.00712	0.00960	0.01139	0.01207	0.00675	0.00810	0.01170	0.01536	0.02038	0.04245	0.61374	0.05014	0.02380	0.01004	0.00322	0.00495	0.12560	0.00719	0.00644
21	0.06036	0.06414	0.02007	0.04905	0.11581	0.01409	0.01232	0.04937	0.01749	0.06924	0.01843	0.02033	0.04865	0.00733	0.00642	0.00170	0.00673	0.00595	0.00497	0.40755
22	0.32336	0.02464	0.05403	0.04168	0.11427	0.25677	0.03416	0.02587	0.01730	0.02660	0.01215	0.01471	0.00974	0.00744	0.00633	0.00226	0.00989	0.00517	0.00423	0.00938
23	0.01464	0.01378	0.02326	0.70887	0.05340	0.01723	0.02153	0.01981	0.01550	0.01981	0.01378	0.02067	0.01034	0.00775	0.00775	0.00258	0.01034	0.00689	0.00345	0.00861
24	0.01115	0.00900	0.01225	0.03762	0.05039	0.00925	0.00937	0.01378	0.01647	0.02222	0.17143	0.17331	0.19470	0.02709	0.16676	0.00494	0.04299	0.01377	0.00627	0.00723
25	0.02896	0.03695	0.02197	0.01998	0.02397	0.69638	0.01498	0.03096	0.02197	0.01898	0.01199	0.01398	0.00999	0.00799	0.00699	0.00200	0.01398	0.00499	0.00400	0.00899
26	0.01116	0.00839	0.01069	0.01004	0.01167	0.00819	0.00747	0.01419	0.01992	0.02783	0.51510	0.05656	0.12530	0.08473	0.01300	0.00300	0.04439	0.01358	0.00774	0.00705
27	0.01014	0.00789	0.00921	0.00888	0.01107	0.00696	0.00666	0.01301	0.01997	0.02641	0.39973	0.06563	0.35140	0.01760	0.00915	0.00252	0.00378	0.01510	0.00792	0.00696
28	0.00957	0.00697	0.00902	0.01041	0.01121	0.00642	0.00708	0.01121	0.01583	0.02103	0.10918	0.59377	0.11371	0.02300	0.00975	0.00303	0.00436	0.02070	0.00733	0.00642
29	0.02484	0.01941	0.02066	0.01690	0.02228	0.02188	0.01362	0.37478	0.32251	0.04139	0.02450	0.02331	0.01796	0.00986	0.00782	0.00246	0.00744	0.00779	0.00782	0.01277
30	0.01512	0.01435	0.02376	0.60586	0.08486	0.01792	0.02122	0.01992	0.01527	0.02001	0.01348	0.02023	0.01043	0.00827	0.00945	0.00265	0.07807	0.00688	0.00346	0.00880
31	0.02325	0.34295	0.03054	0.05294	0.04538	0.25461	0.01476	0.04886	0.05541	0.02072	0.01291	0.01493	0.01096	0.00773	0.00691	0.00199	0.03619	0.00513	0.00399	0.00983
32	0.05043	0.01620	0.01982	0.01747	0.08370	0.01576	0.01280	0.16214	0.05963	0.16420	0.01906	0.01969	0.01403	0.00814	0.00788	0.00201	0.04318	0.00633	0.00636	0.27118
33	0.05848	0.06092	0.17837	0.02119	0.09436	0.05673	0.03674	0.17751	0.09429	0.11770	0.01889	0.01954	0.01366	0.00839	0.00740	0.00236	0.00907	0.00667	0.00587	0.01189
34	0.01468	0.00925	0.01354	0.03807	0.01600	0.00909	0.04021	0.01710	0.01602	0.12626	0.07304	0.28163	0.06409	0.07028	0.16780	0.00530	0.00928	0.01404	0.00652	0.00781

[dist]
# distance from previous block
# <min> <max>
3	18

[block]
# block no. 3 follows, 25 sequences, length 15
# corresponding to MSA columns:
# 194-208
name=unknown_D
#
# <colnr> <probs for GDERKNQSTAVLIFYWHMCP>
#	G	D	E	R	K	N	Q	S	T	A	V	L	I	F	Y	W	H	M	C	P
0	0.01984	0.26262	0.10706	0.01707	0.04682	0.02143	0.04398	0.08204	0.06890	0.05639	0.06500	0.02012	0.01683	0.00840	0.00772	0.00209	0.04780	0.00640	0.00495	0.09454
1	0.24359	0.16337	0.02327	0.01522	0.02045	0.09596	0.04855	0.08515	0.10099	0.02871	0.01477	0.01631	0.01178	0.00798	0.00710	0.00221	0.04352	0.00556	0.00495	0.06055
2	0.01097	0.00793	0.01036	0.00975	0.01158	0.00732	0.00732	0.01463	0.02195	0.03109	0.67505	0.05792	0.07316	0.01585	0.00914	0.00244	0.00366	0.01402	0.00854	0.00732
3	0.17053	0.00965	0.01126	0.04290	0.01452	0.01048	0.00865	0.01477	0.01464	0.02330	0.07953	0.29793	0.07647	0.05951	0.09464	0.00425	0.04027	0.01372	0.00595	0.00703
4	0.01471	0.00950	0.01169	0.01078	0.01346	0.00901	0.00820	0.01987	0.09342	0.11684	0.36487	0.11437	0.15119	0.01577	0.00889	0.00255	0.00445	0.01369	0.00828	0.00846
5	0.03094	0.01264	0.01641	0.01288	0.01816	0.01138	0.01054	0.06903	0.02196	0.53444	0.02899	0.02639	0.01897	0.00948	0.00738	0.00229	0.00619	0.00765	0.14210	0.01215
6	0.17008	0.01828	0.01950	0.01825	0.08949	0.06128	0.01320	0.18097	0.13369	0.14929	0.02036	0.02024	0.01474	0.00864	0.00706	0.00232	0.00757	0.00664	0.00672	0.05165
7	0.07669	0.04925	0.02291	0.01718	0.02315	0.04978	0.01419	0.54002	0.05875	0.04496	0.01807	0.01822	0.01305	0.00907	0.00744	0.00230	0.00848	0.00669	0.00725	0.01256
8	0.00998	0.00700	0.00894	0.01012	0.01071	0.00657	0.00669	0.01101	0.01456	0.01928	0.06678	0.50313	0.09757	0.12977	0.01539	0.04609	0.00500	0.01879	0.00666	0.00596
9	0.02097	0.34533	0.09695	0.09531	0.05749	0.06191	0.08218	0.02565	0.04145	0.08343	0.01481	0.01694	0.01166	0.00733	0.00656	0.00209	0.00944	0.00581	0.00422	0.01044
10	0.01960	0.30102	0.33171	0.01860	0.02744	0.02231	0.06224	0.02536	0.01683	0.08695	0.01447	0.01615	0.01092	0.00725	0.00661	0.00216	0.00988	0.00555	0.00395	0.01099
11	0.09097	0.01333	0.01750	0.01352	0.01943	0.01185	0.01117	0.03666	0.02152	0.63568	0.02910	0.02535	0.01838	0.00942	0.00757	0.00240	0.00655	0.00753	0.00924	0.01283
12	0.01125	0.00739	0.00989	0.01094	0.01185	0.00697	0.00771	0.01280	0.01582	0.04612	0.11989	0.46878	0.04854	0.06117	0.01272	0.05247	0.00503	0.07709	0.00707	0.00650
13	0.08180	0.13719	0.06965	0.06179	0.06441	0.04920	0.06808	0.06165	0.01924	0.19045	0.02557	0.02589	0.09383	0.00935	0.00729	0.00231	0.00825	0.00764	0.00586	0.01057
14	0.01739	0.01325	0.05657	0.06408	0.07904	0.01158	0.08818	0.02084	0.01735	0.15795	0.05951	0.28289	0.03098	0.01691	0.04337	0.00322	0.00791	0.01328	0.00645	0.00925

[dist]
# distance from previous block
# <min> <max>
1	7

[block]
# block no. 4 follows, 25 sequences, length 34
# corresponding to MSA columns:
# 216-249
name=unknown_E
#
# <colnr> <probs for GDERKNQSTAVLIFYWHMCP>
#	G	D	E	R	K	N	Q	S	T	A	V	L	I	F	Y	W	H	M	C	P
0	0.06559	0.17296	0.07752	0.12179	0.02587	0.01952	0.01473	0.10763	0.08652	0.11436	0.05511	0.02120	0.01665	0.00850	0.00691	0.00220	0.00788	0.00662	0.00568	0.06278
1	0.04438	0.21797	0.11351	0.06159	0.15306	0.12468	0.01742	0.02573	0.04042	0.07113	0.04904	0.01894	0.01482	0.00790	0.00680	0.00214	0.00936	0.00612	0.00446	0.01051
2	0.01294	0.00919	0.01135	0.01066	0.01288	0.00895	0.00809	0.01684	0.05695	0.07467	0.33900	0.12770	0.20679	0.01679	0.00999	0.00262	0.04470	0.01429	0.00781	0.00780
3	0.20801	0.19167	0.24241	0.01569	0.02332	0.02068	0.01685	0.06002	0.05425	0.02750	0.01369	0.01535	0.01062	0.00733	0.00610	0.00216	0.00847	0.00514	0.00428	0.06646
4	0.01984	0.02173	0.10069	0.06544	0.13464	0.04745	0.14436	0.12891	0.01957	0.02715	0.01429	0.01836	0.01138	0.00870	0.01152	0.00255	0.15687	0.00700	0.00439	0.05516
5	0.01150	0.00878	0.01066	0.01004	0.01225	0.00837	0.00757	0.01668	0.08482	0.02955	0.51272	0.05782	0.16804	0.01595	0.00902	0.00249	0.00395	0.01389	0.00825	0.00768
6	0.01126	0.00756	0.00869	0.00869	0.00877	0.00764	0.00499	0.01142	0.01134	0.01521	0.02422	0.04956	0.02768	0.68862	0.07766	0.00780	0.00829	0.01110	0.00467	0.00483
7	0.01232	0.00830	0.01032	0.00959	0.01193	0.00743	0.00727	0.01551	0.02092	0.07767	0.48044	0.05964	0.21687	0.01631	0.00905	0.00248	0.00394	0.01413	0.00829	0.00757
8	0.00948	0.00794	0.00830	0.00840	0.01093	0.00675	0.00643	0.01163	0.01786	0.02152	0.10005	0.07488	0.60520	0.01961	0.00928	0.00268	0.00415	0.06103	0.00725	0.00662
9	0.78228	0.01499	0.01140	0.01020	0.01499	0.01739	0.00840	0.02279	0.01320	0.03479	0.01080	0.01260	0.00840	0.00720	0.00480	0.00240	0.00600	0.00420	0.00480	0.00840
10	0.78228	0.01499	0.01140	0.01020	0.01499	0.01739	0.00840	0.02279	0.01320	0.03479	0.01080	0.01260	0.00840	0.00720	0.00480	0.00240	0.00600	0.00420	0.00480	0.00840
11	0.39133	0.01734	0.04814	0.01659	0.02262	0.01713	0.14343	0.06952	0.01778	0.16351	0.01644	0.01765	0.01165	0.00769	0.00661	0.00244	0.00798	0.00620	0.00572	0.01024
12	0.02510	0.07502	0.13909	0.02181	0.06452	0.04632	0.13793	0.16722	0.02290	0.19451	0.01920	0.02002	0.01344	0.00814	0.00773	0.00236	0.00964	0.00710	0.00604	0.01192
13	0.01016	0.00767	0.00938	0.00943	0.01120	0.00689	0.00689	0.01287	0.01931	0.02595	0.37922	0.19667	0.23882	0.01862	0.00930	0.00263	0.00390	0.01630	0.00789	0.00689
14	0.01108	0.00831	0.01246	0.01246	0.01385	0.00969	0.00969	0.01385	0.01246	0.01800	0.02077	0.03046	0.01938	0.05815	0.69678	0.01246	0.02077	0.00831	0.00415	0.00692
15	0.02297	0.06641	0.21838	0.05722	0.07520	0.04705	0.06559	0.13510	0.05816	0.15033	0.01871	0.01975	0.01327	0.00820	0.00756	0.00238	0.00958	0.00677	0.00560	0.01177
16	0.01836	0.08232	0.34117	0.07157	0.06050	0.01919	0.18168	0.04999	0.01793	0.06222	0.01527	0.01828	0.01112	0.00731	0.00771	0.00243	0.01107	0.00676	0.00401	0.01110
17	0.07710	0.01388	0.01798	0.01387	0.01981	0.01261	0.01145	0.07913	0.02266	0.60383	0.02864	0.02507	0.01816	0.00944	0.00762	0.00239	0.00670	0.00754	0.00920	0.01292
18	0.01211	0.00789	0.00995	0.01046	0.01219	0.00712	0.00762	0.01419	0.01730	0.08322	0.13205	0.38048	0.19795	0.02056	0.00948	0.00289	0.00461	0.05517	0.00759	0.00718
19	0.04521	0.02375	0.17315	0.12363	0.11274	0.06531	0.05947	0.12075	0.04124	0.09375	0.01660	0.01914	0.01221	0.00833	0.00864	0.00247	0.05079	0.00672	0.00498	0.01111
20	0.01726	0.04580	0.09371	0.01734	0.02102	0.01751	0.06099	0.13673	0.01828	0.02596	0.01913	0.09825	0.01770	0.02106	0.14837	0.00465	0.16994	0.00878	0.04826	0.00927
21	0.09615	0.01852	0.07759	0.04556	0.09372	0.06380	0.01385	0.04992	0.01827	0.12287	0.03227	0.01876	0.01367	0.00736	0.00664	0.00190	0.00763	0.00583	0.00528	0.30042
22	0.15129	0.01518	0.08915	0.14586	0.02452	0.01393	0.01374	0.03633	0.05263	0.10839	0.02186	0.11721	0.01942	0.04677	0.10654	0.00419	0.00952	0.00894	0.00545	0.00907
23	0.01347	0.00742	0.00811	0.00794	0.00975	0.00725	0.00595	0.01710	0.01786	0.02952	0.20820	0.03707	0.03487	0.01095	0.00647	0.00198	0.00363	0.00914	0.55605	0.00725
24	0.02106	0.08668	0.10999	0.04831	0.06253	0.10733	0.04142	0.09500	0.15322	0.04507	0.01747	0.01946	0.01365	0.00936	0.01056	0.00252	0.13378	0.00675	0.00507	0.01078
25	0.01868	0.01821	0.07511	0.29282	0.27420	0.01802	0.03951	0.06681	0.03931	0.05931	0.01592	0.02025	0.01214	0.00768	0.00774	0.00245	0.00963	0.00699	0.00435	0.01088
26	0.01580	0.00897	0.01141	0.01038	0.01317	0.00796	0.00792	0.01870	0.02033	0.17519	0.33495	0.12739	0.18502	0.01616	0.00893	0.00255	0.00447	0.01399	0.00835	0.00837
27	0.01192	0.01127	0.04843	0.01338	0.01509	0.01166	0.01099	0.01457	0.01436	0.02019	0.08314	0.13521	0.11184	0.03376	0.28953	0.00679	0.14399	0.01140	0.00516	0.00734
28	0.01050	0.00732	0.00947	0.01022	0.01114	0.00716	0.00709	0.01245	0.01543	0.02151	0.14032	0.36448	0.06547	0.11153	0.10891	0.00475	0.00692	0.01624	0.06265	0.00643
29	0.01929	0.01666	0.01753	0.01578	0.02016	0.01929	0.01227	0.04120	0.66513	0.03243	0.03156	0.02893	0.02367	0.01052	0.00789	0.00263	0.00614	0.00877	0.00789	0.01227
30	0.01840	0.02092	0.14232	0.13139	0.02719	0.08296	0.01671	0.16483	0.02167	0.02813	0.04459	0.10049	0.05912	0.01246	0.00834	0.00263	0.00892	0.09358	0.00569	0.00964
31	0.01074	0.00792	0.01004	0.00951	0.01144	0.00722	0.00713	0.01418	0.02139	0.02977	0.59732	0.06009	0.15171	0.01634	0.00915	0.00246	0.00369	0.01433	0.00836	0.00722
32	0.02049	0.26360	0.13708	0.02742	0.25556	0.07193	0.01945	0.02544	0.04065	0.04949	0.01427	0.01673	0.01163	0.00721	0.00668	0.00210	0.00939	0.00575	0.00397	0.01116
33	0.47607	0.07390	0.05086	0.01254	0.01793	0.06670	0.01089	0.02610	0.05987	0.09431	0.01449	0.01546	0.01091	0.00763	0.00564	0.00229	0.00710	0.00501	0.00521	0.03708

[dist]
# distance from previous block
# <min> <max>
1	8

[block]
# block no. 5 follows, 25 sequences, length 11
# corresponding to MSA columns:
# 258-268
name=unknown_F
#
# <colnr> <probs for GDERKNQSTAVLIFYWHMCP>
#	G	D	E	R	K	N	Q	S	T	A	V	L	I	F	Y	W	H	M	C	P
0	0.05223	0.05752	0.01476	0.01168	0.01473	0.01191	0.00901	0.05537	0.04205	0.18152	0.06393	0.04143	0.06176	0.23282	0.06365	0.00469	0.00773	0.05807	0.00658	0.00857
1	0.01805	0.20229	0.32576	0.02408	0.15646	0.02094	0.02200	0.05808	0.01788	0.02486	0.04961	0.01836	0.01398	0.00767	0.00696	0.00222	0.00965	0.00610	0.00393	0.01112
2	0.01363	0.00724	0.00753	0.00765	0.00909	0.00721	0.00542	0.01654	0.01540	0.02617	0.02630	0.07766	0.02321	0.12108	0.01097	0.00278	0.00427	0.00882	0.60223	0.00678
3	0.02073	0.73217	0.04063	0.01327	0.01990	0.03068	0.01327	0.02322	0.01575	0.01824	0.01078	0.01244	0.00995	0.00663	0.00498	0.00166	0.00829	0.00415	0.00332	0.00995
4	0.03021	0.01422	0.01786	0.01438	0.01990	0.01373	0.01166	0.03880	0.21216	0.49185	0.03088	0.02714	0.02052	0.00987	0.00782	0.00247	0.00646	0.00808	0.00909	0.01292
5	0.01191	0.00864	0.01038	0.00994	0.01007	0.00939	0.00632	0.01238	0.01214	0.01666	0.07145	0.04736	0.02946	0.59136	0.03557	0.00666	0.08918	0.01096	0.00483	0.00533
6	0.01128	0.00752	0.00846	0.00846	0.00846	0.00752	0.00470	0.01128	0.01128	0.01503	0.02443	0.05074	0.02819	0.72751	0.03946	0.00752	0.00752	0.01128	0.00470	0.00470
7	0.01608	0.01378	0.01608	0.01148	0.01837	0.01034	0.00919	0.01952	0.01608	0.02527	0.01378	0.01608	0.01148	0.00574	0.00574	0.00115	0.00574	0.00459	0.00459	0.77491
8	0.02019	0.11200	0.18885	0.01816	0.06659	0.01761	0.01656	0.15408	0.02120	0.09402	0.05419	0.12043	0.02089	0.01063	0.00757	0.00234	0.00811	0.00877	0.00578	0.05203
9	0.01536	0.01647	0.10914	0.01354	0.01767	0.05585	0.01188	0.06174	0.07580	0.04686	0.03752	0.19531	0.15627	0.05211	0.01007	0.00284	0.00686	0.04246	0.00628	0.06595
10	0.05375	0.05926	0.01953	0.01471	0.01928	0.01274	0.10081	0.02104	0.05914	0.07399	0.04683	0.19057	0.02574	0.01204	0.00769	0.00228	0.00665	0.03239	0.03910	0.20246

[dist]
# distance from previous block
# <min> <max>
11	36

[block]
# block no. 6 follows, 25 sequences, length 16
# corresponding to MSA columns:
# 310-325
name=unknown_G
#
# <colnr> <probs for GDERKNQSTAVLIFYWHMCP>
#	G	D	E	R	K	N	Q	S	T	A	V	L	I	F	Y	W	H	M	C	P
0	0.06294	0.10350	0.02675	0.08406	0.08747	0.01615	0.18409	0.01971	0.01671	0.02312	0.05445	0.10787	0.04934	0.04861	0.00992	0.00286	0.00873	0.07991	0.00496	0.00884
1	0.05295	0.02354	0.25427	0.04437	0.02503	0.01592	0.01769	0.06958	0.08634	0.08107	0.08188	0.03182	0.08884	0.01578	0.07121	0.00370	0.00987	0.00886	0.00620	0.01108
2	0.08558	0.03156	0.45590	0.02257	0.08185	0.01709	0.06853	0.02352	0.01665	0.02600	0.05471	0.01913	0.01402	0.00771	0.00732	0.00239	0.01016	0.00639	0.00389	0.04504
3	0.09539	0.02884	0.02333	0.02510	0.17214	0.39670	0.01636	0.10607	0.02199	0.02558	0.01329	0.01562	0.01076	0.00784	0.00704	0.00214	0.01149	0.00560	0.00450	0.01021
4	0.52454	0.17190	0.01877	0.01163	0.01687	0.05499	0.01001	0.02437	0.01485	0.07662	0.01226	0.01362	0.00959	0.00729	0.00516	0.00222	0.00695	0.00448	0.00478	0.00911
5	0.01066	0.00815	0.00976	0.01016	0.01180	0.00771	0.00731	0.01425	0.06526	0.02363	0.20440	0.29385	0.20828	0.05636	0.01094	0.00304	0.00451	0.03549	0.00745	0.00699
6	0.02135	0.07946	0.12419	0.11081	0.10877	0.03862	0.08539	0.13202	0.05072	0.05393	0.06772	0.05022	0.01985	0.01020	0.00849	0.00271	0.00971	0.00843	0.00581	0.01159
7	0.01103	0.00782	0.01035	0.01050	0.01118	0.00842	0.00721	0.01242	0.01212	0.01680	0.02429	0.09816	0.02608	0.35929	0.34019	0.00943	0.01337	0.01082	0.00466	0.00586
8	0.01799	0.01905	0.08119	0.21633	0.09515	0.01903	0.16250	0.09465	0.05892	0.02633	0.04688	0.02191	0.01490	0.00869	0.00990	0.00260	0.08138	0.00776	0.00458	0.01026
9	0.01136	0.00776	0.00939	0.00956	0.00992	0.00795	0.00612	0.01208	0.01204	0.01620	0.02542	0.05120	0.02843	0.56809	0.13027	0.00786	0.00937	0.06691	0.00484	0.00524
10	0.01609	0.07373	0.07337	0.01390	0.01767	0.01215	0.05618	0.02042	0.06698	0.11066	0.12223	0.22596	0.08005	0.01577	0.00989	0.05037	0.00640	0.01287	0.00663	0.00869
11	0.01687	0.02944	0.36993	0.07564	0.13311	0.01839	0.11393	0.02610	0.09296	0.02530	0.01633	0.01923	0.01214	0.00758	0.00776	0.00248	0.01064	0.00684	0.00401	0.01134
12	0.01097	0.00771	0.01118	0.01161	0.01255	0.00843	0.00853	0.01256	0.01271	0.01777	0.02537	0.19804	0.02677	0.07397	0.42431	0.10024	0.01462	0.01157	0.00482	0.00626
13	0.01748	0.15323	0.24241	0.01723	0.04231	0.01890	0.01736	0.08151	0.12770	0.02782	0.12418	0.02712	0.05113	0.00979	0.00742	0.00233	0.00810	0.00787	0.00548	0.01063
14	0.01590	0.01445	0.02326	0.65046	0.05092	0.01780	0.02096	0.07335	0.01727	0.02227	0.01419	0.02050	0.01058	0.00788	0.00775	0.00256	0.01018	0.00690	0.00381	0.00900
15	0.04361	0.01613	0.04840	0.13592	0.24496	0.01594	0.01718	0.09683	0.04469	0.02765	0.07468	0.10892	0.02218	0.01032	0.00787	0.00241	0.00789	0.00916	0.00527	0.05998

[dist]
# distance from previous block
# <min> <max>
0	84

[block]
# block no. 7 follows, 25 sequences, length 94
# corresponding to MSA columns:
# 410-503
name=unknown_H
#
# <colnr> <probs for GDERKNQSTAVLIFYWHMCP>
#	G	D	E	R	K	N	Q	S	T	A	V	L	I	F	Y	W	H	M	C	P
0	0.01766	0.01899	0.08280	0.02088	0.02353	0.02121	0.08670	0.02071	0.01373	0.04815	0.01224	0.01767	0.01080	0.01147	0.01979	0.00301	0.48984	0.00682	0.00379	0.07019
1	0.01752	0.03990	0.64560	0.02340	0.03457	0.01891	0.04965	0.02561	0.01754	0.02615	0.01586	0.01916	0.01175	0.00862	0.00822	0.00281	0.01199	0.00646	0.00398	0.01230
2	0.01555	0.04011	0.68733	0.02210	0.03356	0.01801	0.02865	0.02455	0.01637	0.02455	0.01391	0.01637	0.00982	0.00737	0.00737	0.00246	0.01146	0.00573	0.00327	0.01146
3	0.01363	0.01001	0.01532	0.06706	0.05426	0.00993	0.04685	0.01687	0.01730	0.05967	0.07017	0.25144	0.04057	0.01868	0.00976	0.00313	0.00684	0.27395	0.00674	0.00781
4	0.01830	0.02092	0.04575	0.03268	0.04052	0.01961	0.65098	0.02484	0.01830	0.02484	0.01569	0.02092	0.01176	0.00654	0.00915	0.00261	0.01307	0.00915	0.00392	0.01046
5	0.01108	0.00831	0.01246	0.01246	0.01385	0.00969	0.00969	0.01385	0.01246	0.01800	0.02077	0.03046	0.01938	0.05815	0.69678	0.01246	0.02077	0.00831	0.00415	0.00692
6	0.01152	0.00825	0.01045	0.01210	0.01274	0.00752	0.00806	0.01229	0.01599	0.02153	0.04370	0.70249	0.05182	0.02503	0.01061	0.00347	0.00519	0.02213	0.00776	0.00734
7	0.02304	0.25725	0.14113	0.05699	0.02647	0.24387	0.04290	0.06016	0.01930	0.04349	0.01314	0.01520	0.01051	0.00750	0.00661	0.00205	0.01095	0.00532	0.00401	0.01012
8	0.00942	0.00684	0.00891	0.01056	0.01118	0.00632	0.00709	0.01082	0.01507	0.01988	0.04559	0.67085	0.10104	0.02392	0.00984	0.00311	0.00445	0.02159	0.00720	0.00632
9	0.01021	0.00776	0.00801	0.00795	0.01035	0.00673	0.00596	0.01261	0.01788	0.02327	0.13071	0.06551	0.50819	0.01753	0.00855	0.00247	0.00385	0.01464	0.13109	0.00673
10	0.01710	0.06415	0.06036	0.42070	0.04518	0.01845	0.18236	0.02251	0.01664	0.05681	0.01498	0.02030	0.01113	0.00745	0.00791	0.00251	0.01075	0.00729	0.00388	0.00955
11	0.01782	0.10866	0.10062	0.07355	0.29336	0.01900	0.04101	0.05620	0.01711	0.02381	0.01506	0.01988	0.01269	0.01566	0.11957	0.00396	0.04074	0.00673	0.00394	0.01063
12	0.00916	0.00785	0.00785	0.00785	0.01047	0.00655	0.00589	0.01113	0.01767	0.02095	0.07855	0.07462	0.67599	0.01964	0.00916	0.00262	0.00393	0.01636	0.00720	0.00655
13	0.00963	0.00714	0.00904	0.01048	0.01147	0.00655	0.00735	0.01128	0.01565	0.02029	0.04979	0.54231	0.17619	0.02313	0.00981	0.00308	0.00459	0.06860	0.00719	0.00641
14	0.02049	0.32748	0.12120	0.01843	0.05866	0.04494	0.06202	0.04826	0.11763	0.05972	0.01744	0.04154	0.01432	0.00823	0.00668	0.00215	0.00876	0.00652	0.00474	0.01081
15	0.01970	0.05024	0.15874	0.05921	0.02877	0.17918	0.11959	0.02390	0.01647	0.02093	0.01243	0.01683	0.01032	0.00938	0.01334	0.00266	0.23872	0.00645	0.00359	0.00956
16	0.78228	0.01499	0.01140	0.01020	0.01499	0.01739	0.00840	0.02279	0.01320	0.03479	0.01080	0.01260	0.00840	0.00720	0.00480	0.00240	0.00600	0.00420	0.00480	0.00840
17	0.01978	0.01227	0.01443	0.01364	0.05228	0.06049	0.00988	0.02297	0.02128	0.22676	0.32328	0.04487	0.11934	0.01331	0.00850	0.00241	0.00566	0.01134	0.00810	0.00941
18	0.01526	0.01573	0.06056	0.26058	0.17880	0.01575	0.08377	0.02039	0.03723	0.02278	0.05481	0.13579	0.02130	0.01080	0.00884	0.00263	0.03099	0.00995	0.00459	0.00944
19	0.01591	0.01507	0.02555	0.52456	0.22781	0.01756	0.02216	0.02092	0.01610	0.02135	0.01401	0.02026	0.01088	0.00752	0.00773	0.00251	0.01002	0.00690	0.00355	0.00964
20	0.52082	0.01793	0.07895	0.01358	0.01915	0.01769	0.04620	0.02651	0.11951	0.05297	0.01533	0.01648	0.01152	0.00779	0.00587	0.00245	0.00695	0.00547	0.00525	0.00958
21	0.02073	0.73217	0.04063	0.01327	0.01990	0.03068	0.01327	0.02322	0.01575	0.01824	0.01078	0.01244	0.00995	0.00663	0.00498	0.00166	0.00829	0.00415	0.00332	0.00995
22	0.01464	0.01378	0.02326	0.70887	0.05340	0.01723	0.02153	0.01981	0.01550	0.01981	0.01378	0.02067	0.01034	0.00775	0.00775	0.00258	0.01034	0.00689	0.00345	0.00861
23	0.01929	0.01666	0.01753	0.01578	0.02016	0.01929	0.01227	0.04120	0.66513	0.03243	0.03156	0.02893	0.02367	0.01052	0.00789	0.00263	0.00614	0.00877	0.00789	0.01227
24	0.66447	0.01751	0.01437	0.01243	0.01732	0.08511	0.04506	0.02372	0.01436	0.03266	0.01119	0.01320	0.00874	0.00724	0.00526	0.00237	0.00719	0.00456	0.00467	0.00857
25	0.01883	0.01618	0.01714	0.01545	0.01969	0.01863	0.01200	0.03975	0.62994	0.03236	0.06676	0.03051	0.02638	0.01081	0.00796	0.00262	0.00600	0.00905	0.00792	0.01200
26	0.78228	0.01499	0.01140	0.01020	0.01499	0.01739	0.00840	0.02279	0.01320	0.03479	0.01080	0.01260	0.00840	0.00720	0.00480	0.00240	0.00600	0.00420	0.00480	0.00840
27	0.01929	0.01666	0.01753	0.01578	0.02016	0.01929	0.01227	0.04120	0.66513	0.03243	0.03156	0.02893	0.02367	0.01052	0.00789	0.00263	0.00614	0.00877	0.00789	0.01227
28	0.01186	0.00986	0.01467	0.12889	0.11695	0.01002	0.01200	0.01455	0.01609	0.02132	0.06376	0.38112	0.11209	0.01806	0.00913	0.00286	0.00613	0.03683	0.00615	0.00766
29	0.02947	0.02172	0.02327	0.01784	0.02404	0.02404	0.01474	0.65329	0.03646	0.04887	0.01862	0.01862	0.01319	0.00931	0.00776	0.00233	0.00853	0.00698	0.00776	0.01319
30	0.01198	0.00995	0.01483	0.01768	0.13372	0.00938	0.03691	0.01487	0.01791	0.02437	0.22034	0.28559	0.13750	0.01735	0.00915	0.00270	0.00539	0.01568	0.00683	0.00788
31	0.01128	0.00752	0.00846	0.00846	0.00846	0.00752	0.00470	0.01128	0.01128	0.01503	0.02443	0.05074	0.02819	0.72751	0.03946	0.00752	0.00752	0.01128	0.00470	0.00470
32	0.78228	0.01499	0.01140	0.01020	0.01499	0.01739	0.00840	0.02279	0.01320	0.03479	0.01080	0.01260	0.00840	0.00720	0.00480	0.00240	0.00600	0.00420	0.00480	0.00840
33	0.02734	0.01295	0.01652	0.01347	0.01839	0.01227	0.01084	0.03431	0.15296	0.43407	0.14694	0.03259	0.02983	0.01091	0.00806	0.00245	0.00597	0.00912	0.00906	0.01195
34	0.01810	0.02053	0.04455	0.06889	0.04121	0.01948	0.61727	0.02457	0.01815	0.02457	0.01558	0.02090	0.01169	0.00660	0.00908	0.00261	0.01293	0.00903	0.00390	0.01036
35	0.01232	0.00880	0.01230	0.01408	0.01579	0.00878	0.01220	0.01577	0.01768	0.02301	0.04115	0.12305	0.04500	0.02158	0.01066	0.00355	0.00699	0.59305	0.00714	0.00709
36	0.01544	0.01421	0.02326	0.67186	0.05183	0.01759	0.02117	0.05374	0.01663	0.02137	0.01404	0.02056	0.01049	0.00784	0.00775	0.00257	0.01024	0.00690	0.00368	0.00886
37	0.01124	0.00766	0.00918	0.00918	0.00943	0.00791	0.00560	0.01174	0.01149	0.01557	0.02377	0.04707	0.02659	0.60622	0.15857	0.00841	0.00992	0.01074	0.00460	0.00510
38	0.02787	0.06136	0.02325	0.01754	0.02314	0.12435	0.01430	0.49222	0.03203	0.04120	0.01847	0.05468	0.01454	0.00976	0.00761	0.00228	0.00912	0.00732	0.00692	0.01202
39	0.00945	0.00675	0.00900	0.01080	0.01125	0.00630	0.00720	0.01080	0.01484	0.01979	0.04274	0.72245	0.05128	0.02429	0.00990	0.00315	0.00450	0.02204	0.00720	0.00630
40	0.01805	0.01384	0.02267	0.57500	0.06825	0.01632	0.01997	0.02285	0.01666	0.12750	0.01653	0.02155	0.01183	0.00802	0.00776	0.00254	0.00969	0.00704	0.00445	0.00947
41	0.02309	0.35454	0.06157	0.01796	0.04436	0.27229	0.01530	0.02570	0.01775	0.01908	0.01144	0.01384	0.01006	0.00783	0.00785	0.00200	0.07727	0.00487	0.00359	0.00961
42	0.30306	0.17864	0.08990	0.01515	0.02077	0.23426	0.01358	0.02564	0.01683	0.02521	0.01148	0.01338	0.00938	0.00734	0.00579	0.00212	0.00956	0.00459	0.00407	0.00923
43	0.01816	0.01258	0.01583	0.11069	0.02160	0.01269	0.01158	0.02469	0.14498	0.11705	0.32190	0.04520	0.08055	0.01408	0.00927	0.00285	0.00620	0.01167	0.00828	0.01019
44	0.01067	0.00738	0.00851	0.00890	0.00926	0.00716	0.00536	0.01116	0.01268	0.01665	0.03377	0.19807	0.09766	0.50528	0.03007	0.00609	0.00651	0.01411	0.00549	0.00523
45	0.01608	0.01378	0.01608	0.01148	0.01837	0.01034	0.00919	0.01952	0.01608	0.02527	0.01378	0.01608	0.01148	0.00574	0.00574	0.00115	0.00574	0.00459	0.00459	0.77491
46	0.00945	0.00675	0.00900	0.01080	0.01125	0.00630	0.00720	0.01080	0.01484	0.01979	0.04274	0.72245	0.05128	0.02429	0.00990	0.00315	0.00450	0.02204	0.00720	0.00630
47	0.00945	0.00675	0.00900	0.01080	0.01125	0.00630	0.00720	0.01080	0.01484	0.01979	0.04274	0.72245	0.05128	0.02429	0.00990	0.00315	0.00450	0.02204	0.00720	0.00630
48	0.01929	0.01666	0.01753	0.01578	0.02016	0.01929	0.01227	0.04120	0.66513	0.03243	0.03156	0.02893	0.02367	0.01052	0.00789	0.00263	0.00614	0.00877	0.00789	0.01227
49	0.01929	0.01666	0.01753	0.01578	0.02016	0.01929	0.01227	0.04120	0.66513	0.03243	0.03156	0.02893	0.02367	0.01052	0.00789	0.00263	0.00614	0.00877	0.00789	0.01227
50	0.02095	0.01955	0.03220	0.04772	0.65926	0.01926	0.02412	0.02487	0.01871	0.02689	0.01645	0.02174	0.01406	0.00820	0.00846	0.00265	0.00976	0.00749	0.00450	0.01313
51	0.01562	0.01478	0.02503	0.56641	0.18821	0.01748	0.02202	0.02067	0.01597	0.02100	0.01395	0.02035	0.01076	0.00757	0.00774	0.00252	0.01009	0.00689	0.00353	0.00940
52	0.01242	0.00945	0.01161	0.01080	0.01308	0.00940	0.00818	0.01926	0.13392	0.03133	0.56302	0.05287	0.06454	0.01492	0.00893	0.00247	0.00409	0.01311	0.00842	0.00818
53	0.01128	0.00752	0.00846	0.00846	0.00846	0.00752	0.00470	0.01128	0.01128	0.01503	0.02443	0.05074	0.02819	0.72751	0.03946	0.00752	0.00752	0.01128	0.00470	0.00470
54	0.01322	0.00673	0.01003	0.01014	0.01017	0.00671	0.00676	0.01014	0.01040	0.01386	0.01529	0.06704	0.01582	0.02677	0.02903	0.72643	0.00659	0.00769	0.00361	0.00355
55	0.01552	0.01467	0.02483	0.58190	0.17355	0.01746	0.02197	0.02058	0.01592	0.02087	0.01394	0.02039	0.01071	0.00759	0.00774	0.00253	0.01012	0.00689	0.00352	0.00932
56	0.78228	0.01499	0.01140	0.01020	0.01499	0.01739	0.00840	0.02279	0.01320	0.03479	0.01080	0.01260	0.00840	0.00720	0.00480	0.00240	0.00600	0.00420	0.00480	0.00840
57	0.01077	0.00792	0.01008	0.00954	0.01146	0.00723	0.00715	0.01423	0.02146	0.02993	0.60651	0.05984	0.14242	0.01629	0.00915	0.00246	0.00369	0.01429	0.00838	0.00723
58	0.03082	0.01234	0.01660	0.01302	0.01840	0.01069	0.01065	0.03382	0.02189	0.57819	0.09773	0.03253	0.06542	0.01084	0.00802	0.00242	0.00614	0.00895	0.00934	0.01220
59	0.01555	0.04011	0.68733	0.02210	0.03356	0.01801	0.02865	0.02455	0.01637	0.02455	0.01391	0.01637	0.00982	0.00737	0.00737	0.00246	0.01146	0.00573	0.00327	0.01146
60	0.01555	0.04011	0.68733	0.02210	0.03356	0.01801	0.02865	0.02455	0.01637	0.02455	0.01391	0.01637	0.00982	0.00737	0.00737	0.00246	0.01146	0.00573	0.00327	0.01146
61	0.00945	0.00675	0.00900	0.01080	0.01125	0.00630	0.00720	0.01080	0.01484	0.01979	0.04274	0.72245	0.05128	0.02429	0.00990	0.00315	0.00450	0.02204	0.00720	0.00630
62	0.00953	0.00681	0.00907	0.01074	0.01126	0.00635	0.00720	0.01100	0.01523	0.02040	0.07660	0.68686	0.05245	0.02384	0.00986	0.00311	0.00445	0.02161	0.00727	0.00635
63	0.01347	0.00673	0.01010	0.01010	0.01010	0.00673	0.00673	0.01010	0.01010	0.01347	0.01347	0.02357	0.01347	0.02694	0.03030	0.77441	0.00673	0.00673	0.00337	0.00337
64	0.01128	0.00752	0.00846	0.00846	0.00846	0.00752	0.00470	0.01128	0.01128	0.01503	0.02443	0.05074	0.02819	0.72751	0.03946	0.00752	0.00752	0.01128	0.00470	0.00470
65	0.00956	0.00787	0.00841	0.00827	0.01072	0.00672	0.00621	0.01190	0.01862	0.02319	0.21025	0.07093	0.54290	0.01880	0.00916	0.00258	0.00387	0.01585	0.00749	0.00672
66	0.02637	0.01959	0.02379	0.05586	0.05156	0.02188	0.04121	0.41242	0.06432	0.09689	0.01892	0.01991	0.01371	0.00957	0.00975	0.00249	0.08540	0.00721	0.00691	0.01224
67	0.78228	0.01499	0.01140	0.01020	0.01499	0.01739	0.00840	0.02279	0.01320	0.03479	0.01080	0.01260	0.00840	0.00720	0.00480	0.00240	0.00600	0.00420	0.00480	0.00840
68	0.02536	0.22707	0.02630	0.01605	0.02136	0.20181	0.01346	0.24653	0.02473	0.03027	0.01529	0.01664	0.01208	0.00817	0.00653	0.00200	0.00942	0.00567	0.08068	0.01057
69	0.01929	0.01666	0.01753	0.01578	0.02016	0.01929	0.01227	0.04120	0.66513	0.03243	0.03156	0.02893	0.02367	0.01052	0.00789	0.00263	0.00614	0.00877	0.00789	0.01227
70	0.02725	0.18601	0.02624	0.01818	0.02310	0.44757	0.01457	0.12538	0.02285	0.02343	0.01275	0.01436	0.01047	0.00790	0.00667	0.00197	0.01190	0.00512	0.00443	0.00985
71	0.19573	0.01358	0.01657	0.01302	0.01876	0.01269	0.01075	0.03456	0.02026	0.54462	0.02633	0.02342	0.01687	0.00908	0.00715	0.00240	0.00647	0.00702	0.00856	0.01216
72	0.02123	0.02354	0.02710	0.14145	0.24705	0.23437	0.06038	0.02486	0.01801	0.02156	0.01316	0.01761	0.01094	0.00819	0.00976	0.00241	0.09813	0.00643	0.00377	0.01005
73	0.01567	0.07418	0.06982	0.01390	0.01800	0.01562	0.01179	0.02770	0.31958	0.02709	0.09759	0.10887	0.10017	0.01561	0.04669	0.00312	0.00690	0.01089	0.00685	0.00996
74	0.00945	0.00675	0.00900	0.01080	0.01125	0.00630	0.00720	0.01080	0.01484	0.01979	0.04274	0.72245	0.05128	0.02429	0.00990	0.00315	0.00450	0.02204	0.00720	0.00630
75	0.02214	0.01846	0.03523	0.03334	0.23872	0.01746	0.31400	0.02730	0.01894	0.16727	0.01855	0.02155	0.01353	0.00731	0.00839	0.00247	0.01045	0.00815	0.00512	0.01163
76	0.02206	0.27949	0.17113	0.01952	0.02703	0.09078	0.13643	0.02670	0.01792	0.11727	0.01534	0.01703	0.01161	0.00733	0.00687	0.00215	0.01018	0.00603	0.00440	0.01073
77	0.01838	0.01748	0.02970	0.07564	0.60889	0.01761	0.02266	0.02280	0.01738	0.02473	0.01630	0.06300	0.01462	0.00803	0.00782	0.00237	0.00897	0.00785	0.00403	0.01174
78	0.26965	0.18769	0.02388	0.01830	0.09202	0.24929	0.01342	0.02575	0.01723	0.02462	0.01161	0.01375	0.00972	0.00730	0.00589	0.00208	0.00957	0.00475	0.00408	0.00938
79	0.00937	0.00786	0.00815	0.00807	0.01060	0.00663	0.00606	0.01153	0.01817	0.02212	0.14768	0.07268	0.60613	0.01920	0.00916	0.00260	0.00390	0.01609	0.00735	0.00663
80	0.05993	0.01666	0.02447	0.12837	0.15151	0.02139	0.01848	0.02005	0.01360	0.02102	0.01160	0.01770	0.01051	0.01106	0.01822	0.00301	0.43296	0.00668	0.00356	0.00923
81	0.00916	0.00785	0.00785	0.00785	0.01047	0.00655	0.00589	0.01113	0.01767	0.02095	0.07855	0.07462	0.67599	0.01964	0.00916	0.00262	0.00393	0.01636	0.00720	0.00655
82	0.01347	0.00673	0.01010	0.01010	0.01010	0.00673	0.00673	0.01010	0.01010	0.01347	0.01347	0.02357	0.01347	0.02694	0.03030	0.77441	0.00673	0.00673	0.00337	0.00337
83	0.02041	0.68912	0.08086	0.01382	0.02075	0.02989	0.01422	0.02330	0.01579	0.01863	0.01097	0.01268	0.00994	0.00668	0.00512	0.00171	0.00849	0.00424	0.00331	0.01004
84	0.78228	0.01499	0.01140	0.01020	0.01499	0.01739	0.00840	0.02279	0.01320	0.03479	0.01080	0.01260	0.00840	0.00720	0.00480	0.00240	0.00600	0.00420	0.00480	0.00840
85	0.02896	0.03695	0.02197	0.01998	0.02397	0.69638	0.01498	0.03096	0.02197	0.01898	0.01199	0.01398	0.00999	0.00799	0.00699	0.00200	0.01398	0.00499	0.00400	0.00899
86	0.69995	0.01527	0.01242	0.01082	0.01576	0.01744	0.00891	0.05893	0.01498	0.07046	0.01230	0.01367	0.00925	0.00744	0.00513	0.00240	0.00617	0.00455	0.00522	0.00892
87	0.02846	0.02121	0.02270	0.01763	0.02366	0.02357	0.01449	0.59236	0.09904	0.04723	0.01990	0.01964	0.01423	0.00943	0.00777	0.00236	0.00829	0.00716	0.00777	0.01310
88	0.01475	0.01379	0.02318	0.61401	0.10472	0.01673	0.02094	0.01966	0.01565	0.02028	0.01543	0.05894	0.01274	0.00858	0.00786	0.00259	0.00992	0.00772	0.00368	0.00880
