[name]
unknown

[dist]
# distance from previous block
# <min> <max>
0	83

[block]
# block no. 0 follows, 21 sequences, length 49
# corresponding to MSA columns:
# 83-131
name=unknown_A
#
# <colnr> <probs for GDERKNQSTAVLIFYWHMCP>
#	G	D	E	R	K	N	Q	S	T	A	V	L	I	F	Y	W	H	M	C	P
0	0.01682	0.21971	0.04490	0.01430	0.01878	0.01794	0.01286	0.01994	0.01761	0.02291	0.03110	0.04927	0.09050	0.07222	0.01237	0.00314	0.04432	0.17742	0.00563	0.10826
1	0.02805	0.02347	0.06876	0.02110	0.02754	0.11593	0.10895	0.14407	0.08969	0.18876	0.02534	0.02957	0.01921	0.01072	0.00889	0.00273	0.01032	0.05701	0.00737	0.01253
2	0.03115	0.02162	0.02125	0.01745	0.02324	0.14769	0.01413	0.17870	0.02711	0.25875	0.02585	0.03020	0.01962	0.01111	0.00851	0.00254	0.00939	0.06860	0.00805	0.07504
3	0.01700	0.01463	0.01855	0.01618	0.02058	0.01487	0.06217	0.02878	0.26374	0.03004	0.08411	0.12057	0.08048	0.01453	0.00919	0.00279	0.00680	0.06544	0.00758	0.12199
4	0.08198	0.28610	0.09681	0.06547	0.11808	0.05677	0.01708	0.02383	0.01810	0.02406	0.02464	0.02651	0.10935	0.00983	0.00720	0.00234	0.00914	0.00752	0.00457	0.01060
5	0.02290	0.02022	0.03523	0.09766	0.08829	0.02025	0.27986	0.15115	0.02418	0.08077	0.02466	0.02767	0.06694	0.00946	0.00931	0.00275	0.01123	0.00963	0.00592	0.01194
6	0.02638	0.01810	0.07201	0.01590	0.02201	0.01617	0.01373	0.06940	0.22468	0.24532	0.02950	0.02783	0.02083	0.01022	0.00809	0.00253	0.00722	0.00831	0.08629	0.07548
7	0.01381	0.01013	0.01125	0.01001	0.01383	0.00837	0.00770	0.01651	0.02004	0.07801	0.12932	0.06556	0.43468	0.01782	0.00935	0.00258	0.00483	0.01490	0.00783	0.12347
8	0.01073	0.00798	0.01000	0.01090	0.01226	0.00725	0.00764	0.01300	0.01891	0.02515	0.20706	0.40915	0.18230	0.02326	0.01049	0.00314	0.00457	0.02068	0.00827	0.00725
9	0.01686	0.01561	0.02455	0.57769	0.05296	0.01926	0.02206	0.02538	0.11240	0.02389	0.01815	0.02409	0.01361	0.00898	0.00853	0.00284	0.01063	0.00788	0.00454	0.01008
10	0.01953	0.01982	0.02691	0.07046	0.12999	0.06744	0.01979	0.02225	0.01513	0.02179	0.01277	0.01958	0.01190	0.01448	0.04355	0.00370	0.45962	0.00740	0.00388	0.01000
11	0.06887	0.10572	0.37529	0.02568	0.03607	0.02168	0.19571	0.02675	0.01827	0.02707	0.01524	0.01866	0.01130	0.00773	0.00818	0.00265	0.01231	0.00707	0.00391	0.01186
12	0.01203	0.00936	0.01120	0.01027	0.01313	0.00812	0.00777	0.01545	0.02198	0.03005	0.40695	0.06430	0.24515	0.01749	0.00965	0.00259	0.00435	0.01508	0.00846	0.08661
13	0.02655	0.07118	0.11950	0.04296	0.06047	0.07582	0.01796	0.16497	0.16600	0.13316	0.02340	0.02325	0.01692	0.00973	0.00821	0.00259	0.00950	0.00765	0.00706	0.01311
14	0.07187	0.06913	0.26575	0.12557	0.07596	0.02083	0.05523	0.10780	0.02129	0.08286	0.01721	0.01989	0.01243	0.00850	0.00803	0.00263	0.01082	0.00693	0.00507	0.01219
15	0.01323	0.01017	0.01227	0.01149	0.01403	0.00997	0.00869	0.02013	0.11783	0.03305	0.48391	0.06078	0.13779	0.01698	0.00983	0.00273	0.00447	0.01480	0.00909	0.00877
16	0.02372	0.01934	0.03187	0.02433	0.02953	0.04092	0.24021	0.06257	0.02025	0.14322	0.02001	0.02359	0.01501	0.01017	0.01343	0.00289	0.17201	0.00863	0.08706	0.01125
17	0.01238	0.00825	0.00928	0.00928	0.00928	0.00825	0.00516	0.01238	0.01238	0.01650	0.02681	0.05569	0.03094	0.70092	0.04331	0.00825	0.00825	0.01238	0.00516	0.00516
18	0.69828	0.01574	0.01212	0.01092	0.01591	0.01815	0.00894	0.02458	0.01477	0.03764	0.01319	0.01533	0.01028	0.00807	0.00532	0.00258	0.00636	0.00489	0.06783	0.00911
19	0.01201	0.00850	0.01021	0.01011	0.01101	0.00846	0.00662	0.01337	0.01527	0.02056	0.13027	0.05666	0.11174	0.41225	0.13074	0.00756	0.00936	0.01302	0.00606	0.00623
20	0.01216	0.00912	0.01368	0.01368	0.01520	0.01064	0.01064	0.01520	0.01368	0.01976	0.02279	0.03343	0.02127	0.06382	0.66720	0.01368	0.02279	0.00912	0.00456	0.00760
21	0.02491	0.02066	0.02240	0.02141	0.08847	0.06378	0.01541	0.25949	0.20362	0.03850	0.02597	0.03199	0.02139	0.06511	0.01145	0.00317	0.00888	0.05332	0.00752	0.01254
22	0.02136	0.52937	0.10477	0.01528	0.02316	0.02875	0.01564	0.02501	0.01742	0.02194	0.01270	0.01472	0.01117	0.00721	0.00587	0.00183	0.00903	0.00481	0.00385	0.12610
23	0.02385	0.38316	0.15369	0.01740	0.02482	0.08063	0.01770	0.02794	0.01882	0.10054	0.03218	0.01812	0.01403	0.00864	0.00786	0.00224	0.04634	0.00590	0.00471	0.01142
24	0.01792	0.14330	0.56501	0.02280	0.03458	0.02185	0.02891	0.02673	0.01787	0.02591	0.01476	0.01732	0.01080	0.00796	0.00769	0.00256	0.01206	0.00603	0.00360	0.01233
25	0.01082	0.00865	0.00968	0.00942	0.01196	0.00751	0.00707	0.01369	0.02120	0.02728	0.30066	0.07484	0.42726	0.01995	0.01005	0.00280	0.00420	0.01697	0.00847	0.00751
26	0.01586	0.01471	0.02457	0.56181	0.09912	0.01775	0.02217	0.02104	0.01712	0.02221	0.01853	0.09327	0.01623	0.01035	0.00875	0.00288	0.01058	0.00931	0.00425	0.00950
27	0.02453	0.24324	0.03635	0.09480	0.12701	0.07777	0.12165	0.02874	0.01976	0.12303	0.01731	0.01993	0.01332	0.00808	0.00771	0.00238	0.01063	0.00700	0.00501	0.01174
28	0.01239	0.01014	0.01541	0.24842	0.02871	0.01116	0.01347	0.01535	0.01655	0.02173	0.03566	0.45736	0.04038	0.02024	0.01003	0.00324	0.00720	0.01831	0.00644	0.00781
29	0.03235	0.02384	0.02554	0.01958	0.02639	0.02639	0.01618	0.61946	0.04001	0.05363	0.02043	0.02043	0.01447	0.01022	0.00851	0.00255	0.00936	0.00766	0.00851	0.01447
30	0.01204	0.00870	0.01138	0.01071	0.01271	0.00803	0.00803	0.01606	0.02409	0.03413	0.64335	0.06357	0.08030	0.01740	0.01004	0.00268	0.00401	0.01539	0.00937	0.00803
31	0.01770	0.01478	0.02321	0.03261	0.35578	0.01461	0.01739	0.02227	0.02027	0.03022	0.17855	0.03409	0.03223	0.01056	0.00833	0.00245	0.00730	0.00965	0.15704	0.01096
32	0.01859	0.03030	0.29250	0.10143	0.13636	0.02033	0.22431	0.02638	0.01879	0.02664	0.01602	0.02060	0.01197	0.00775	0.00883	0.00274	0.01265	0.00787	0.00395	0.01202
33	0.01031	0.00847	0.00907	0.00925	0.01173	0.00724	0.00681	0.01257	0.01949	0.02400	0.13976	0.15821	0.51008	0.02177	0.01016	0.00293	0.00436	0.01849	0.00806	0.00724
34	0.02438	0.01960	0.02090	0.01771	0.02303	0.02219	0.01407	0.23381	0.40351	0.04149	0.06271	0.02972	0.02509	0.01142	0.00869	0.00277	0.00746	0.00928	0.00865	0.01351
35	0.03034	0.02251	0.02291	0.01824	0.02426	0.07254	0.01481	0.41858	0.09802	0.09804	0.02304	0.02283	0.01654	0.01025	0.00827	0.00252	0.00895	0.00780	0.06606	0.01350
36	0.02338	0.01783	0.02437	0.23788	0.03609	0.01858	0.04916	0.18519	0.02430	0.09850	0.01861	0.02155	0.01360	0.00858	0.00807	0.00236	0.00933	0.00722	0.00610	0.18928
37	0.01503	0.01014	0.01454	0.01324	0.01601	0.00930	0.04898	0.01863	0.02189	0.09522	0.34859	0.15702	0.11299	0.01828	0.01015	0.00292	0.00552	0.06420	0.00868	0.00868
38	0.03190	0.01924	0.02205	0.01748	0.02376	0.02025	0.01425	0.28301	0.16869	0.26374	0.02834	0.02604	0.01943	0.01063	0.00856	0.00266	0.00801	0.00843	0.00927	0.01425
39	0.01229	0.00851	0.01059	0.01054	0.01110	0.00885	0.00681	0.01341	0.01370	0.01882	0.07757	0.05060	0.03259	0.47882	0.20178	0.00918	0.01165	0.01179	0.00536	0.00603
40	0.02275	0.70604	0.04459	0.01456	0.02184	0.03367	0.01456	0.02548	0.01729	0.02002	0.01183	0.01365	0.01092	0.00728	0.00546	0.00182	0.00910	0.00455	0.00364	0.01092
41	0.16357	0.01693	0.02016	0.08523	0.02549	0.01727	0.02906	0.10441	0.07578	0.16092	0.02064	0.02155	0.01496	0.00891	0.00796	0.00238	0.02553	0.00688	0.00678	0.18559
42	0.01391	0.11732	0.01666	0.01309	0.01528	0.01320	0.00977	0.01897	0.10898	0.02354	0.03963	0.49006	0.04470	0.02139	0.00969	0.00312	0.00585	0.01896	0.00735	0.00852
43	0.39190	0.02561	0.01990	0.02107	0.11307	0.25019	0.01429	0.02838	0.01864	0.03046	0.01293	0.01543	0.01047	0.00816	0.00659	0.00246	0.01023	0.00536	0.00480	0.01008
44	0.02876	0.03186	0.02528	0.02564	0.12208	0.38259	0.01750	0.12210	0.10862	0.02884	0.01761	0.01923	0.01392	0.00918	0.00805	0.00239	0.01247	0.00670	0.00556	0.01161
45	0.02251	0.01497	0.01814	0.01321	0.02054	0.01162	0.01066	0.02617	0.01924	0.17597	0.01949	0.02033	0.01461	0.00730	0.00684	0.00159	0.00652	0.00587	0.00634	0.57807
46	0.01125	0.00819	0.01065	0.01144	0.01283	0.00759	0.00828	0.01396	0.01982	0.02691	0.28033	0.35316	0.11440	0.02241	0.01055	0.00314	0.00475	0.06444	0.00846	0.00744
47	0.01654	0.01248	0.01498	0.01195	0.01725	0.00997	0.00930	0.01998	0.01946	0.07042	0.15451	0.09342	0.08978	0.01207	0.00797	0.00199	0.00559	0.01029	0.00682	0.41521
48	0.44767	0.07516	0.06852	0.09415	0.02498	0.11738	0.01417	0.02616	0.01672	0.03134	0.01270	0.01542	0.00999	0.00807	0.00625	0.00253	0.00913	0.00522	0.00470	0.00974

[dist]
# distance from previous block
# <min> <max>
0	2

[block]
# block no. 1 follows, 21 sequences, length 11
# corresponding to MSA columns:
# 134-144
name=unknown_B
#
# <colnr> <probs for GDERKNQSTAVLIFYWHMCP>
#	G	D	E	R	K	N	Q	S	T	A	V	L	I	F	Y	W	H	M	C	P
0	0.76103	0.01646	0.01251	0.01119	0.01646	0.01909	0.00922	0.02502	0.01448	0.03818	0.01185	0.01382	0.00922	0.00790	0.00527	0.00263	0.00658	0.00461	0.00527	0.00922
1	0.01055	0.00754	0.01003	0.01173	0.01238	0.00703	0.00791	0.01230	0.01712	0.02304	0.11019	0.62833	0.05883	0.02568	0.01077	0.00337	0.00484	0.02326	0.00806	0.00703
2	0.01216	0.00912	0.01368	0.01368	0.01520	0.01064	0.01064	0.01520	0.01368	0.01976	0.02279	0.03343	0.02127	0.06382	0.66720	0.01368	0.02279	0.00912	0.00456	0.00760
3	0.02275	0.70604	0.04459	0.01456	0.02184	0.03367	0.01456	0.02548	0.01729	0.02002	0.01183	0.01365	0.01092	0.00728	0.00546	0.00182	0.00910	0.00455	0.00364	0.01092
4	0.01709	0.01448	0.01702	0.01241	0.01942	0.01101	0.00988	0.02089	0.01829	0.02837	0.07798	0.02224	0.01938	0.00741	0.00668	0.00140	0.00607	0.00608	0.00547	0.67842
5	0.02872	0.01369	0.01989	0.18566	0.02993	0.01339	0.01474	0.03238	0.02137	0.40541	0.03065	0.11795	0.02336	0.01221	0.00886	0.00280	0.00798	0.01043	0.00844	0.01216
6	0.01076	0.00768	0.01032	0.01229	0.01296	0.00725	0.00857	0.01252	0.01668	0.02216	0.04669	0.62583	0.05544	0.02630	0.01097	0.00351	0.00527	0.08990	0.00789	0.00702
7	0.76103	0.01646	0.01251	0.01119	0.01646	0.01909	0.00922	0.02502	0.01448	0.03818	0.01185	0.01382	0.00922	0.00790	0.00527	0.00263	0.00658	0.00461	0.00527	0.00922
8	0.01765	0.01513	0.01765	0.01260	0.02017	0.01134	0.01008	0.02143	0.01765	0.02773	0.01513	0.01765	0.01260	0.00630	0.00630	0.00126	0.00630	0.00504	0.00504	0.75295
9	0.01448	0.01238	0.01300	0.01254	0.01531	0.04362	0.00936	0.02239	0.16895	0.02910	0.23240	0.15972	0.19767	0.01806	0.00972	0.00288	0.00546	0.01555	0.00835	0.00905
10	0.07475	0.43631	0.03719	0.02059	0.11638	0.02844	0.01597	0.08966	0.02031	0.06907	0.01485	0.01654	0.01226	0.00790	0.00643	0.00212	0.00898	0.00561	0.00482	0.01181

[dist]
# distance from previous block
# <min> <max>
0	5

[block]
# block no. 2 follows, 21 sequences, length 66
# corresponding to MSA columns:
# 150-215
name=unknown_C
#
# <colnr> <probs for GDERKNQSTAVLIFYWHMCP>
#	G	D	E	R	K	N	Q	S	T	A	V	L	I	F	Y	W	H	M	C	P
0	0.01976	0.06251	0.01621	0.01270	0.01546	0.01338	0.00940	0.06138	0.06518	0.13531	0.02726	0.04253	0.02577	0.33653	0.09634	0.00644	0.00966	0.02883	0.00652	0.00886
1	0.02585	0.13188	0.06917	0.09319	0.02930	0.32031	0.01824	0.06938	0.02138	0.02343	0.01352	0.01691	0.01126	0.00949	0.01053	0.00249	0.11288	0.00607	0.00434	0.01039
2	0.07301	0.01349	0.01687	0.01480	0.01926	0.01286	0.03015	0.08671	0.02220	0.07501	0.13996	0.05224	0.03714	0.01474	0.00918	0.00276	0.00705	0.19689	0.00748	0.16819
3	0.01553	0.01216	0.01560	0.01688	0.10887	0.01063	0.01093	0.01858	0.01889	0.07073	0.05112	0.07165	0.30826	0.01850	0.05434	0.00323	0.00711	0.01256	0.00671	0.16773
4	0.01586	0.00793	0.00793	0.00793	0.00991	0.00793	0.00595	0.01983	0.01785	0.03173	0.02776	0.03173	0.02181	0.00991	0.00595	0.00198	0.00397	0.00793	0.74817	0.00793
5	0.01678	0.01422	0.01646	0.01249	0.01890	0.01146	0.00987	0.02205	0.06618	0.02872	0.09052	0.02822	0.06473	0.00898	0.00715	0.00165	0.00595	0.00743	0.00600	0.56226
6	0.02117	0.01828	0.01924	0.01732	0.02213	0.02117	0.01347	0.04522	0.63246	0.03560	0.03464	0.03175	0.02598	0.01155	0.00866	0.00289	0.00673	0.00962	0.00866	0.01347
7	0.01586	0.00793	0.00793	0.00793	0.00991	0.00793	0.00595	0.01983	0.01785	0.03173	0.02776	0.03173	0.02181	0.00991	0.00595	0.00198	0.00397	0.00793	0.74817	0.00793
8	0.12860	0.01915	0.02118	0.01823	0.02111	0.09130	0.01484	0.07115	0.01818	0.11144	0.01697	0.02132	0.01397	0.01954	0.11326	0.00464	0.27224	0.00724	0.00544	0.01021
9	0.01760	0.01833	0.02712	0.12038	0.03168	0.10751	0.20122	0.02180	0.01900	0.02367	0.02798	0.23388	0.02900	0.01507	0.00989	0.00304	0.01057	0.06739	0.00566	0.00921
10	0.02036	0.01721	0.02079	0.11401	0.07036	0.01948	0.01533	0.09941	0.34965	0.03484	0.11570	0.03299	0.02948	0.01152	0.00880	0.00279	0.00753	0.00979	0.00773	0.01223
11	0.01949	0.01719	0.03118	0.02377	0.02949	0.01642	0.28654	0.06509	0.01989	0.06785	0.02328	0.03647	0.02082	0.11674	0.06568	0.00447	0.01198	0.07342	0.00560	0.06465
12	0.02286	0.12210	0.03213	0.10467	0.26936	0.06587	0.06228	0.06554	0.02092	0.07290	0.01901	0.02623	0.01603	0.00932	0.00833	0.00257	0.01032	0.05247	0.00513	0.01197
13	0.01840	0.25254	0.27277	0.01864	0.02633	0.02302	0.02031	0.02531	0.06486	0.02418	0.01988	0.11417	0.01851	0.01118	0.00896	0.00260	0.05401	0.00860	0.00462	0.01108
14	0.01586	0.00793	0.00793	0.00793	0.00991	0.00793	0.00595	0.01983	0.01785	0.03173	0.02776	0.03173	0.02181	0.00991	0.00595	0.00198	0.00397	0.00793	0.74817	0.00793
15	0.01879	0.01580	0.01826	0.01315	0.02065	0.01251	0.01056	0.06783	0.01938	0.02974	0.01554	0.01786	0.01275	0.00661	0.00647	0.00136	0.00654	0.00525	0.00531	0.69565
16	0.76103	0.01646	0.01251	0.01119	0.01646	0.01909	0.00922	0.02502	0.01448	0.03818	0.01185	0.01382	0.00922	0.00790	0.00527	0.00263	0.00658	0.00461	0.00527	0.00922
17	0.01862	0.01862	0.02607	0.02234	0.02234	0.02607	0.01862	0.02048	0.01303	0.02048	0.01117	0.01862	0.01117	0.01489	0.02793	0.00372	0.68535	0.00745	0.00372	0.00931
18	0.01156	0.00812	0.01054	0.01181	0.01245	0.00798	0.00817	0.01309	0.01548	0.02065	0.03920	0.37762	0.04551	0.22139	0.06629	0.00561	0.00756	0.10350	0.00687	0.00660
19	0.76103	0.01646	0.01251	0.01119	0.01646	0.01909	0.00922	0.02502	0.01448	0.03818	0.01185	0.01382	0.00922	0.00790	0.00527	0.00263	0.00658	0.00461	0.00527	0.00922
20	0.01862	0.01862	0.02607	0.02234	0.02234	0.02607	0.01862	0.02048	0.01303	0.02048	0.01117	0.01862	0.01117	0.01489	0.02793	0.00372	0.68535	0.00745	0.00372	0.00931
21	0.01033	0.00851	0.00877	0.00888	0.01130	0.00729	0.00641	0.01221	0.01844	0.02220	0.07737	0.11521	0.54235	0.09644	0.01376	0.00350	0.00478	0.01771	0.00760	0.00695
22	0.01713	0.04085	0.58666	0.02298	0.03500	0.01884	0.02910	0.02634	0.01793	0.02704	0.01526	0.01793	0.01098	0.00789	0.00789	0.00254	0.01189	0.00615	0.00375	0.09386
23	0.01037	0.00741	0.00987	0.01185	0.01234	0.00691	0.00790	0.01185	0.01629	0.02172	0.04690	0.69537	0.05629	0.02666	0.01086	0.00346	0.00494	0.02419	0.00790	0.00691
24	0.01960	0.01829	0.11079	0.01396	0.02056	0.01328	0.01292	0.08822	0.02076	0.07205	0.02470	0.02635	0.05942	0.00914	0.00714	0.00198	0.00698	0.00729	0.16930	0.29727
25	0.01228	0.00907	0.01157	0.01149	0.01331	0.00870	0.00840	0.01711	0.06671	0.03103	0.44465	0.22441	0.07011	0.01936	0.01015	0.00289	0.00445	0.01724	0.00894	0.00814
26	0.01775	0.01551	0.01857	0.01367	0.02041	0.01296	0.01102	0.02132	0.01714	0.02693	0.01469	0.01775	0.01245	0.00725	0.00868	0.00153	0.08085	0.00531	0.00490	0.67131
27	0.01140	0.00832	0.01072	0.01088	0.01251	0.00764	0.00787	0.01453	0.02145	0.02964	0.42597	0.24948	0.11704	0.02042	0.01028	0.00292	0.00431	0.01816	0.00883	0.00764
28	0.01227	0.00917	0.01368	0.01382	0.01538	0.01058	0.01086	0.01538	0.01411	0.02017	0.02443	0.03802	0.02331	0.06087	0.61911	0.01296	0.02170	0.05178	0.00480	0.00762
29	0.02719	0.03020	0.02503	0.02171	0.02491	0.34094	0.01718	0.11868	0.02260	0.02572	0.01356	0.01729	0.01157	0.01117	0.01501	0.00279	0.25279	0.00651	0.00478	0.01037
30	0.01765	0.01513	0.01765	0.01260	0.02017	0.01134	0.01008	0.02143	0.01765	0.02773	0.01513	0.01765	0.01260	0.00630	0.00630	0.00126	0.00630	0.00504	0.00504	0.75295
31	0.01151	0.00826	0.01102	0.01198	0.01327	0.00777	0.00881	0.01433	0.01979	0.02707	0.27684	0.36251	0.06447	0.02262	0.01068	0.00322	0.00501	0.10489	0.00846	0.00748
32	0.01184	0.00872	0.01082	0.01208	0.01298	0.00867	0.00812	0.01559	0.08338	0.02250	0.04270	0.53138	0.04935	0.12106	0.01524	0.00408	0.00561	0.02091	0.00759	0.00738
33	0.01238	0.00825	0.00928	0.00928	0.00928	0.00825	0.00516	0.01238	0.01238	0.01650	0.02681	0.05569	0.03094	0.70092	0.04331	0.00825	0.00825	0.01238	0.00516	0.00516
34	0.20563	0.01734	0.01826	0.01445	0.02082	0.01739	0.01171	0.13327	0.10608	0.11433	0.02025	0.02055	0.01500	0.00863	0.00704	0.00222	0.00709	0.00647	0.00689	0.24659
35	0.01785	0.06413	0.07427	0.02722	0.13958	0.01816	0.18001	0.02572	0.11260	0.02685	0.03115	0.12931	0.09050	0.01246	0.00922	0.00282	0.00945	0.01188	0.00579	0.01104
36	0.01132	0.00810	0.01092	0.01261	0.01360	0.00770	0.00925	0.01364	0.01791	0.02395	0.11196	0.48782	0.05724	0.02492	0.01098	0.00348	0.00550	0.15380	0.00805	0.00725
37	0.01078	0.00791	0.00981	0.01082	0.01191	0.00727	0.00736	0.01259	0.01757	0.02321	0.13980	0.42252	0.16183	0.09840	0.01416	0.00376	0.00505	0.02048	0.00782	0.00693
38	0.02276	0.02715	0.07692	0.02727	0.12043	0.22609	0.12315	0.02988	0.10384	0.02587	0.02204	0.07287	0.01962	0.01095	0.00889	0.00271	0.01174	0.05144	0.00536	0.01103
39	0.01385	0.00894	0.01071	0.01094	0.01303	0.00804	0.00793	0.01576	0.01803	0.09112	0.05704	0.25662	0.26676	0.11881	0.01500	0.00387	0.00565	0.06242	0.00779	0.00767
40	0.01060	0.00757	0.01014	0.01211	0.01271	0.00711	0.00830	0.01225	0.01652	0.02198	0.04678	0.65395	0.05578	0.02644	0.01092	0.00349	0.00514	0.06333	0.00790	0.00698
41	0.01871	0.01782	0.03029	0.34848	0.36999	0.01960	0.02495	0.02405	0.01826	0.02495	0.01559	0.02183	0.01247	0.00802	0.00846	0.00267	0.01069	0.00757	0.00401	0.01158
42	0.01467	0.01125	0.01642	0.26957	0.03082	0.01254	0.01475	0.01917	0.01870	0.02619	0.09810	0.04917	0.07099	0.01395	0.00893	0.00287	0.00769	0.13748	0.16829	0.00846
43	0.02187	0.02033	0.03272	0.04721	0.55523	0.02073	0.02443	0.06968	0.06839	0.03024	0.01777	0.02185	0.01452	0.00808	0.00845	0.00256	0.00980	0.00775	0.00486	0.01355
44	0.01586	0.00793	0.00793	0.00793	0.00991	0.00793	0.00595	0.01983	0.01785	0.03173	0.02776	0.03173	0.02181	0.00991	0.00595	0.00198	0.00397	0.00793	0.74817	0.00793
45	0.01389	0.01094	0.01683	0.01490	0.01706	0.01037	0.09954	0.01573	0.01540	0.02083	0.02948	0.16374	0.03248	0.29751	0.02535	0.05775	0.00834	0.08446	0.00573	0.05968
46	0.11123	0.02441	0.02130	0.01791	0.02348	0.19083	0.01419	0.16730	0.14530	0.16460	0.02307	0.02235	0.01658	0.00990	0.00797	0.00255	0.00968	0.00732	0.00751	0.01249
47	0.01586	0.00793	0.00793	0.00793	0.00991	0.00793	0.00595	0.01983	0.01785	0.03173	0.02776	0.03173	0.02181	0.00991	0.00595	0.00198	0.00397	0.00793	0.74817	0.00793
48	0.01862	0.01862	0.02607	0.02234	0.02234	0.02607	0.01862	0.02048	0.01303	0.02048	0.01117	0.01862	0.01117	0.01489	0.02793	0.00372	0.68535	0.00745	0.00372	0.00931
49	0.10248	0.02053	0.07486	0.08762	0.35650	0.02024	0.02246	0.02601	0.01801	0.07128	0.01598	0.02038	0.01286	0.00896	0.01080	0.00275	0.10435	0.00721	0.00462	0.01212
50	0.01187	0.00804	0.00943	0.00993	0.01005	0.00791	0.00585	0.01224	0.01336	0.01781	0.03186	0.21648	0.03731	0.53144	0.03516	0.00705	0.00742	0.01535	0.00585	0.00560
51	0.01788	0.01682	0.02760	0.45048	0.22323	0.01946	0.02355	0.02481	0.06544	0.02454	0.01689	0.02293	0.01309	0.00848	0.00850	0.00275	0.01064	0.00773	0.00428	0.01091
52	0.01618	0.01071	0.01492	0.07503	0.05846	0.01047	0.01163	0.01989	0.03922	0.11073	0.13996	0.28367	0.09277	0.01900	0.00999	0.00308	0.00624	0.06107	0.00791	0.00907
53	0.08445	0.04802	0.02256	0.01712	0.02331	0.11561	0.01395	0.21887	0.02705	0.19575	0.02077	0.02069	0.01477	0.00941	0.00833	0.00236	0.02942	0.00686	0.00738	0.11333
54	0.02661	0.01919	0.02499	0.02714	0.20450	0.02008	0.01730	0.23744	0.09489	0.12623	0.06651	0.02651	0.02127	0.01013	0.00852	0.00258	0.00841	0.00853	0.03578	0.01337
55	0.02425	0.01669	0.02125	0.25214	0.03391	0.06239	0.01627	0.10450	0.02164	0.18617	0.02226	0.02793	0.01713	0.08957	0.06337	0.00414	0.01087	0.00833	0.00638	0.01081
56	0.02042	0.01959	0.07186	0.13048	0.05387	0.05539	0.06055	0.04621	0.12307	0.07172	0.04222	0.03003	0.02029	0.01014	0.00840	0.00254	0.00912	0.05296	0.02638	0.14474
57	0.02037	0.01465	0.01607	0.01413	0.01787	0.01559	0.01097	0.23240	0.09048	0.03725	0.07816	0.17542	0.07944	0.01520	0.00880	0.00271	0.00641	0.01279	0.14072	0.01056
58	0.02156	0.02096	0.02685	0.37611	0.17895	0.14016	0.02210	0.02629	0.01934	0.06434	0.01616	0.02137	0.01238	0.00849	0.00834	0.00263	0.01156	0.00724	0.00443	0.01074
59	0.01292	0.01027	0.01354	0.11025	0.01995	0.01037	0.01045	0.01819	0.06217	0.03057	0.41921	0.05840	0.15857	0.01637	0.00972	0.00275	0.00533	0.01427	0.00825	0.00846
60	0.01158	0.00833	0.01088	0.01136	0.01231	0.00848	0.00786	0.01341	0.01547	0.02110	0.09880	0.22928	0.07652	0.22029	0.20744	0.00758	0.01082	0.01537	0.00635	0.00676
61	0.02099	0.01955	0.11832	0.32190	0.13229	0.01730	0.02190	0.02664	0.01891	0.13985	0.01953	0.02352	0.01408	0.00878	0.00827	0.00267	0.01008	0.00758	0.05649	0.01133
62	0.01837	0.01116	0.01371	0.01242	0.01576	0.01064	0.00952	0.02462	0.11183	0.16087	0.27837	0.12375	0.14107	0.01674	0.00962	0.00281	0.00523	0.01446	0.00913	0.00993
63	0.02004	0.01951	0.03362	0.14479	0.46646	0.02056	0.06706	0.02509	0.01857	0.02627	0.01558	0.02126	0.01293	0.00826	0.01007	0.00269	0.06297	0.00774	0.00412	0.01240
64	0.01169	0.00887	0.01142	0.01363	0.06088	0.00824	0.00848	0.01308	0.01654	0.02137	0.05102	0.32913	0.21884	0.11592	0.01644	0.05639	0.00578	0.01829	0.00695	0.00704
65	0.09736	0.01469	0.01770	0.06536	0.06863	0.06050	0.01362	0.01867	0.01638	0.02382	0.02853	0.30924	0.03177	0.01801	0.01325	0.00323	0.14837	0.03634	0.00591	0.00860

[dist]
# distance from previous block
# <min> <max>
0	10

[block]
# block no. 3 follows, 21 sequences, length 19
# corresponding to MSA columns:
# 226-244
name=unknown_D
#
# <colnr> <probs for GDERKNQSTAVLIFYWHMCP>
#	G	D	E	R	K	N	Q	S	T	A	V	L	I	F	Y	W	H	M	C	P
0	0.04158	0.08264	0.02337	0.07599	0.02546	0.01715	0.05818	0.05332	0.12634	0.22632	0.05610	0.07919	0.02619	0.01235	0.00878	0.00279	0.00804	0.05655	0.00783	0.01183
1	0.08347	0.12451	0.13147	0.02475	0.08513	0.02275	0.14549	0.12790	0.06211	0.08436	0.01861	0.02056	0.01383	0.00850	0.00807	0.00257	0.01038	0.00744	0.00567	0.01244
2	0.01104	0.00778	0.01013	0.01176	0.01230	0.00742	0.00796	0.01249	0.01591	0.02115	0.04317	0.52535	0.05111	0.14573	0.01669	0.00435	0.00580	0.07574	0.00741	0.00669
3	0.06226	0.34304	0.02826	0.01382	0.01862	0.02257	0.01202	0.05852	0.05742	0.02577	0.07817	0.19217	0.02956	0.01356	0.00760	0.00247	0.00732	0.01099	0.00593	0.00993
4	0.02015	0.10706	0.34461	0.07882	0.03594	0.11569	0.10289	0.02723	0.01898	0.02496	0.01484	0.01817	0.01121	0.00795	0.00798	0.00251	0.01252	0.00654	0.00387	0.03806
5	0.01661	0.02237	0.23576	0.06748	0.02738	0.01386	0.06160	0.02203	0.01852	0.08650	0.07148	0.25719	0.03252	0.01536	0.00940	0.00297	0.00886	0.01370	0.00622	0.01018
6	0.01106	0.00785	0.01041	0.01221	0.01289	0.00748	0.00855	0.01279	0.01645	0.02184	0.04483	0.54572	0.05290	0.08628	0.01389	0.00395	0.00568	0.11066	0.00765	0.00690
7	0.02304	0.21333	0.18239	0.01701	0.02414	0.02125	0.01716	0.11076	0.02122	0.12326	0.02163	0.07908	0.01869	0.07777	0.01117	0.00303	0.00928	0.00844	0.00588	0.01148
8	0.02438	0.01849	0.03554	0.09060	0.03647	0.01747	0.32928	0.02999	0.02138	0.21265	0.07416	0.02810	0.02080	0.00915	0.00945	0.00278	0.01109	0.00981	0.00652	0.01188
9	0.01874	0.01286	0.01982	0.19000	0.13013	0.01326	0.01576	0.02239	0.01901	0.13816	0.07443	0.24627	0.03312	0.01530	0.00938	0.00294	0.00778	0.01375	0.00682	0.01009
10	0.02321	0.23139	0.02594	0.01622	0.02084	0.21172	0.01357	0.02584	0.02031	0.07255	0.02813	0.09305	0.07422	0.01325	0.00815	0.00253	0.00985	0.09368	0.00576	0.00978
11	0.27580	0.01728	0.02306	0.12321	0.11862	0.01946	0.06932	0.07113	0.01819	0.03127	0.01749	0.08458	0.01569	0.01052	0.00945	0.00284	0.06824	0.00839	0.00518	0.01028
12	0.02045	0.11878	0.07143	0.07906	0.07538	0.12575	0.01658	0.07540	0.02113	0.02667	0.10725	0.08355	0.05237	0.01236	0.01028	0.00264	0.07549	0.00962	0.00559	0.01020
13	0.13528	0.01960	0.13509	0.08190	0.02641	0.01571	0.06811	0.02595	0.06282	0.12048	0.02378	0.08746	0.02080	0.12392	0.01400	0.00370	0.00906	0.00966	0.00599	0.01028
14	0.07304	0.19394	0.09081	0.17581	0.14297	0.02428	0.02021	0.13076	0.02152	0.02970	0.01519	0.01867	0.01197	0.00826	0.00747	0.00245	0.01000	0.00650	0.00475	0.01171
15	0.01884	0.02847	0.28787	0.07860	0.03108	0.02013	0.02212	0.07246	0.17330	0.03059	0.07076	0.02574	0.02054	0.01050	0.01022	0.00284	0.07005	0.00817	0.00571	0.01200
16	0.26022	0.02107	0.01817	0.01506	0.02070	0.12210	0.01205	0.16925	0.02355	0.06290	0.02279	0.02350	0.07380	0.00983	0.00719	0.00238	0.00843	0.00702	0.00637	0.11363
17	0.14300	0.08093	0.07660	0.06155	0.02392	0.06564	0.01451	0.04537	0.03178	0.09516	0.01984	0.08524	0.01724	0.01214	0.02882	0.00282	0.05236	0.00796	0.00566	0.12948
18	0.13487	0.08552	0.20019	0.08481	0.03091	0.04294	0.08944	0.02683	0.03858	0.08064	0.01880	0.06608	0.01541	0.00985	0.00879	0.00272	0.03953	0.00800	0.00505	0.01104

[dist]
# distance from previous block
# <min> <max>
18	50

[block]
# block no. 4 follows, 21 sequences, length 22
# corresponding to MSA columns:
# 295-316
name=unknown_E
#
# <colnr> <probs for GDERKNQSTAVLIFYWHMCP>
#	G	D	E	R	K	N	Q	S	T	A	V	L	I	F	Y	W	H	M	C	P
0	0.02082	0.02055	0.10672	0.09523	0.12312	0.01772	0.01821	0.13314	0.06804	0.05096	0.05738	0.02846	0.02039	0.01000	0.00827	0.00248	0.00874	0.04127	0.03767	0.13082
1	0.02064	0.01905	0.02119	0.06518	0.12827	0.11535	0.01511	0.07909	0.05746	0.02872	0.10184	0.03058	0.02464	0.01223	0.01056	0.06900	0.00886	0.04114	0.00587	0.14522
2	0.01717	0.01585	0.01591	0.05280	0.01959	0.11678	0.01201	0.07387	0.02122	0.02659	0.11778	0.24952	0.09467	0.01856	0.01091	0.00304	0.04744	0.07057	0.00710	0.00863
3	0.02335	0.01861	0.01955	0.01556	0.02141	0.06440	0.01229	0.17245	0.09499	0.07422	0.02107	0.02420	0.01688	0.06061	0.05158	0.00320	0.00901	0.00725	0.00661	0.28278
4	0.08346	0.01507	0.02080	0.34213	0.03845	0.01767	0.01779	0.06827	0.10133	0.02903	0.08183	0.03541	0.02435	0.01159	0.00877	0.00291	0.00905	0.07618	0.00592	0.01001
5	0.02131	0.08110	0.07772	0.01658	0.02028	0.01840	0.01437	0.07982	0.01922	0.12876	0.06823	0.07342	0.02449	0.13012	0.01923	0.00384	0.17698	0.00979	0.00622	0.01013
6	0.01987	0.02242	0.20066	0.07874	0.02734	0.01600	0.01807	0.03005	0.15668	0.12575	0.17718	0.03438	0.03291	0.01156	0.00880	0.00274	0.00824	0.00974	0.00722	0.01166
7	0.01794	0.02695	0.24549	0.23998	0.09796	0.01993	0.11653	0.02693	0.07500	0.02619	0.01738	0.02181	0.01294	0.00836	0.00861	0.00277	0.01169	0.00770	0.00429	0.01156
8	0.02166	0.01601	0.06031	0.01414	0.01866	0.05990	0.01189	0.02752	0.08193	0.20028	0.27888	0.04597	0.09908	0.01405	0.00919	0.00267	0.00662	0.01184	0.00871	0.01069
9	0.01732	0.01946	0.15646	0.01952	0.07719	0.01430	0.03365	0.04819	0.07354	0.06345	0.10827	0.08386	0.08041	0.01962	0.07472	0.07323	0.00959	0.01085	0.00625	0.01013
10	0.01605	0.01476	0.02451	0.53095	0.10919	0.01777	0.02176	0.02110	0.01671	0.02183	0.01651	0.02552	0.01355	0.06040	0.05242	0.00387	0.01173	0.00800	0.00397	0.00942
11	0.02055	0.11523	0.18217	0.22517	0.14146	0.12631	0.02361	0.02620	0.01883	0.02364	0.01457	0.01893	0.01145	0.00814	0.00787	0.00252	0.01180	0.00654	0.00389	0.01113
12	0.09405	0.02076	0.07225	0.12811	0.17975	0.05893	0.05360	0.08716	0.02121	0.10521	0.02075	0.08346	0.01734	0.01024	0.00841	0.00270	0.00981	0.00887	0.00576	0.01166
13	0.01028	0.00774	0.00953	0.01096	0.01211	0.00699	0.00750	0.01195	0.01715	0.02207	0.05778	0.52561	0.21903	0.02525	0.01064	0.00329	0.00476	0.02247	0.00790	0.00699
14	0.01729	0.01102	0.01564	0.01342	0.01706	0.00980	0.06481	0.02058	0.02140	0.15471	0.21793	0.13201	0.23529	0.01743	0.00984	0.00284	0.00583	0.01533	0.00851	0.00927
15	0.02347	0.01989	0.02727	0.12149	0.31956	0.07972	0.02051	0.04787	0.06053	0.11556	0.02410	0.02656	0.05670	0.00950	0.00851	0.00260	0.00974	0.00834	0.00573	0.01236
16	0.02159	0.09662	0.45359	0.02161	0.03227	0.02046	0.02577	0.06681	0.04033	0.11499	0.01846	0.01971	0.01295	0.00860	0.00796	0.00261	0.01114	0.00664	0.00503	0.01284
17	0.01292	0.00927	0.01041	0.01015	0.01113	0.00931	0.00643	0.01588	0.07199	0.02120	0.11390	0.05703	0.09604	0.48225	0.03255	0.00651	0.00718	0.01305	0.00630	0.00650
18	0.01147	0.00933	0.01445	0.01433	0.01600	0.00864	0.07863	0.01368	0.01703	0.02249	0.04724	0.55802	0.10790	0.02390	0.01069	0.00333	0.00597	0.02195	0.00748	0.00747
19	0.02333	0.02006	0.03227	0.03496	0.27649	0.02030	0.14240	0.13982	0.06879	0.07214	0.02174	0.06985	0.01795	0.00981	0.00897	0.00270	0.01005	0.00948	0.00603	0.01286
20	0.21562	0.01936	0.07441	0.01557	0.02161	0.04424	0.01357	0.09980	0.05696	0.25171	0.02533	0.08443	0.01949	0.01109	0.00786	0.00270	0.00790	0.00863	0.00773	0.01202
21	0.01512	0.00992	0.01251	0.01395	0.04134	0.01002	0.01078	0.02026	0.05422	0.02929	0.08981	0.06190	0.03864	0.01645	0.00908	0.00296	0.00606	0.26069	0.28855	0.00845

[dist]
# distance from previous block
# <min> <max>
0	2

[block]
# block no. 5 follows, 21 sequences, length 31
# corresponding to MSA columns:
# 319-349
name=unknown_F
#
# <colnr> <probs for GDERKNQSTAVLIFYWHMCP>
#	G	D	E	R	K	N	Q	S	T	A	V	L	I	F	Y	W	H	M	C	P
0	0.02011	0.01482	0.01899	0.02102	0.15148	0.01475	0.01331	0.05926	0.13293	0.06737	0.06461	0.02863	0.02278	0.00971	0.00758	0.00227	0.00662	0.00824	0.21181	0.12372
1	0.04549	0.02337	0.02634	0.07893	0.23555	0.19545	0.04731	0.02773	0.05719	0.04422	0.01968	0.07494	0.01740	0.01361	0.05285	0.00333	0.01188	0.00861	0.00504	0.01108
2	0.01974	0.01798	0.02754	0.08019	0.39301	0.01862	0.02081	0.05973	0.10356	0.02910	0.02630	0.07970	0.06476	0.01085	0.00878	0.00270	0.00886	0.00992	0.00559	0.01230
3	0.01586	0.00793	0.00793	0.00793	0.00991	0.00793	0.00595	0.01983	0.01785	0.03173	0.02776	0.03173	0.02181	0.00991	0.00595	0.00198	0.00397	0.00793	0.74817	0.00793
4	0.02120	0.12554	0.37451	0.02156	0.03135	0.02058	0.06011	0.02821	0.01865	0.11647	0.01734	0.01929	0.01254	0.00854	0.00888	0.00255	0.04723	0.00660	0.00474	0.05410
5	0.02808	0.03354	0.02462	0.11144	0.03023	0.46641	0.01767	0.06213	0.02266	0.02267	0.01357	0.01702	0.01123	0.00956	0.01029	0.00249	0.09585	0.00612	0.00444	0.00999
6	0.01586	0.00793	0.00793	0.00793	0.00991	0.00793	0.00595	0.01983	0.01785	0.03173	0.02776	0.03173	0.02181	0.00991	0.00595	0.00198	0.00397	0.00793	0.74817	0.00793
7	0.44587	0.02404	0.11439	0.01569	0.02231	0.07224	0.01456	0.14305	0.02081	0.03813	0.01417	0.01588	0.01063	0.00845	0.00653	0.00259	0.00874	0.00554	0.00558	0.01082
8	0.03795	0.01485	0.01997	0.01531	0.02191	0.01305	0.01265	0.06395	0.02497	0.63039	0.03306	0.02863	0.02081	0.01052	0.00856	0.00263	0.00732	0.00852	0.01045	0.01448
9	0.01738	0.01186	0.01469	0.01274	0.01557	0.01193	0.00967	0.01940	0.01681	0.11696	0.03810	0.04575	0.17304	0.18977	0.06316	0.00480	0.11121	0.01120	0.00637	0.10960
10	0.03024	0.02417	0.02637	0.02407	0.11073	0.06699	0.01742	0.47319	0.06447	0.04712	0.02003	0.02073	0.01466	0.00983	0.00845	0.00254	0.00973	0.00760	0.00767	0.01399
11	0.01925	0.01758	0.01838	0.01399	0.02092	0.06491	0.01105	0.02567	0.10181	0.02825	0.01762	0.01938	0.01429	0.00721	0.00673	0.00156	0.00708	0.00570	0.00548	0.59312
12	0.09445	0.01905	0.02464	0.02780	0.21979	0.02011	0.01738	0.13742	0.17359	0.14251	0.02397	0.02426	0.01762	0.00955	0.00823	0.00265	0.00833	0.00799	0.00724	0.01343
13	0.01052	0.00850	0.00936	0.00944	0.01185	0.00733	0.00697	0.01300	0.02005	0.02524	0.20143	0.14825	0.45578	0.02125	0.01015	0.00290	0.00432	0.01812	0.00822	0.00733
14	0.01546	0.01415	0.02338	0.57901	0.05166	0.01726	0.02127	0.02088	0.01809	0.02362	0.11029	0.02888	0.02179	0.00985	0.00874	0.00281	0.01023	0.00875	0.00463	0.00924
15	0.01940	0.02079	0.04095	0.13384	0.12560	0.02159	0.36261	0.02532	0.01853	0.02555	0.01589	0.02205	0.01251	0.00852	0.01210	0.00294	0.10759	0.00897	0.00413	0.01114
16	0.02275	0.70604	0.04459	0.01456	0.02184	0.03367	0.01456	0.02548	0.01729	0.02002	0.01183	0.01365	0.01092	0.00728	0.00546	0.00182	0.00910	0.00455	0.00364	0.01092
17	0.24127	0.01979	0.02415	0.01860	0.02518	0.02094	0.09787	0.25433	0.02687	0.16074	0.02004	0.02053	0.01401	0.00918	0.00780	0.00264	0.00886	0.00729	0.00738	0.01254
18	0.02061	0.01871	0.01769	0.01582	0.01799	0.15202	0.01176	0.09092	0.01880	0.04597	0.02066	0.03377	0.02031	0.26452	0.11314	0.00619	0.10823	0.00909	0.00530	0.00851
19	0.02964	0.02216	0.01956	0.01708	0.02181	0.21936	0.01318	0.03513	0.10579	0.27411	0.02929	0.12600	0.02388	0.01256	0.00864	0.00265	0.00938	0.01010	0.00794	0.01174
20	0.02106	0.02022	0.03454	0.05223	0.64784	0.02022	0.02612	0.02612	0.01938	0.02780	0.01601	0.02106	0.01348	0.00758	0.00842	0.00253	0.01011	0.00758	0.00421	0.01348
21	0.01073	0.00840	0.00939	0.00997	0.01187	0.00748	0.00718	0.01259	0.01779	0.02203	0.06634	0.21232	0.38610	0.11524	0.01489	0.00381	0.00526	0.06418	0.00752	0.00690
22	0.01238	0.00825	0.00928	0.00928	0.00928	0.00825	0.00516	0.01238	0.01238	0.01650	0.02681	0.05569	0.03094	0.70092	0.04331	0.00825	0.00825	0.01238	0.00516	0.00516
23	0.01442	0.01762	0.11926	0.06020	0.02707	0.01348	0.16759	0.01926	0.01877	0.02568	0.11564	0.26522	0.06697	0.01627	0.00994	0.00302	0.00873	0.01537	0.00628	0.00925
24	0.06905	0.01661	0.02450	0.13915	0.25515	0.01740	0.01858	0.08967	0.02233	0.08053	0.15164	0.03050	0.02784	0.01038	0.00860	0.00263	0.00848	0.00914	0.00628	0.01155
25	0.22392	0.01842	0.07563	0.01413	0.02130	0.01517	0.01258	0.05545	0.01922	0.15600	0.01817	0.01902	0.01329	0.00793	0.00674	0.00210	0.00729	0.00586	0.00623	0.30158
26	0.01125	0.00865	0.01203	0.10249	0.01860	0.00865	0.00995	0.01355	0.01723	0.02279	0.09203	0.50949	0.09522	0.02309	0.01042	0.00327	0.00569	0.02079	0.00745	0.00737
27	0.02725	0.02141	0.02627	0.11389	0.12442	0.02324	0.01821	0.40060	0.03198	0.04332	0.01862	0.02061	0.01375	0.00927	0.00832	0.00249	0.00950	0.00743	0.00694	0.07249
28	0.03144	0.01686	0.02027	0.01645	0.02192	0.06481	0.03450	0.11283	0.02489	0.39186	0.03192	0.14161	0.02518	0.01302	0.00893	0.00274	0.00802	0.01095	0.00910	0.01270
29	0.11907	0.01674	0.02484	0.37996	0.16936	0.01948	0.02095	0.02594	0.09190	0.02691	0.01723	0.02225	0.01327	0.00860	0.00807	0.00275	0.00988	0.00741	0.00466	0.01074
30	0.06970	0.02314	0.02537	0.02031	0.02571	0.07570	0.04826	0.38941	0.03132	0.04251	0.01943	0.02414	0.01546	0.01125	0.01118	0.00279	0.10183	0.04286	0.00708	0.01254

[dist]
# distance from previous block
# <min> <max>
3	6

[block]
# block no. 6 follows, 21 sequences, length 10
# corresponding to MSA columns:
# 356-365
name=unknown_G
#
# <colnr> <probs for GDERKNQSTAVLIFYWHMCP>
#	G	D	E	R	K	N	Q	S	T	A	V	L	I	F	Y	W	H	M	C	P
0	0.02426	0.02605	0.17122	0.14799	0.16570	0.06877	0.02265	0.12237	0.02296	0.11870	0.01865	0.02124	0.01351	0.00879	0.00834	0.00262	0.01077	0.00727	0.00558	0.01256
1	0.15663	0.02405	0.02128	0.16285	0.03050	0.24284	0.01575	0.03168	0.02095	0.18778	0.01864	0.02022	0.01336	0.00902	0.00767	0.00252	0.01085	0.00658	0.00600	0.01086
2	0.01447	0.01523	0.11416	0.01386	0.01789	0.01098	0.01254	0.02014	0.07169	0.06282	0.17152	0.19177	0.16950	0.01831	0.00984	0.00299	0.00633	0.05906	0.00773	0.00915
3	0.02053	0.12844	0.03077	0.10793	0.19632	0.04885	0.04998	0.02747	0.10614	0.02562	0.01712	0.02089	0.01409	0.00916	0.01061	0.00258	0.10374	0.00722	0.00472	0.06781
4	0.01207	0.00905	0.01076	0.01136	0.01288	0.00875	0.00809	0.01561	0.06394	0.02356	0.10770	0.25615	0.17260	0.16490	0.01736	0.00427	0.00587	0.08025	0.00752	0.00731
5	0.07257	0.01960	0.02375	0.02253	0.10881	0.07330	0.06553	0.07746	0.12683	0.06235	0.02173	0.06616	0.01811	0.00998	0.00877	0.00244	0.03395	0.00836	0.00615	0.17161
6	0.03180	0.02061	0.02322	0.01769	0.02454	0.02133	0.01457	0.41250	0.03362	0.18637	0.02274	0.02201	0.01573	0.00979	0.00824	0.00241	0.00849	0.00753	0.00853	0.10825
7	0.03495	0.01813	0.01973	0.01584	0.02169	0.11587	0.01275	0.03813	0.02430	0.50090	0.08197	0.02974	0.02448	0.01083	0.00854	0.00257	0.00825	0.00865	0.00946	0.01320
8	0.01256	0.00937	0.01135	0.01217	0.01336	0.00949	0.00829	0.01752	0.11381	0.02381	0.08190	0.43012	0.04848	0.14695	0.01639	0.00419	0.00577	0.01912	0.00762	0.00771
9	0.05997	0.36901	0.06179	0.02038	0.12033	0.02455	0.01578	0.02592	0.01839	0.09743	0.02136	0.06539	0.04810	0.00980	0.00700	0.00227	0.00855	0.00757	0.00512	0.01128

[dist]
# distance from previous block
# <min> <max>
19	173

[block]
# block no. 7 follows, 21 sequences, length 24
# corresponding to MSA columns:
# 543-566
name=unknown_H
#
# <colnr> <probs for GDERKNQSTAVLIFYWHMCP>
#	G	D	E	R	K	N	Q	S	T	A	V	L	I	F	Y	W	H	M	C	P
0	0.69077	0.01717	0.01376	0.01200	0.01742	0.01979	0.00989	0.08234	0.01694	0.03967	0.01268	0.01446	0.00972	0.00812	0.00558	0.00263	0.00685	0.00490	0.00558	0.00972
1	0.01450	0.00931	0.01306	0.01215	0.01398	0.00910	0.00887	0.01421	0.01306	0.01864	0.01729	0.02669	0.01637	0.03581	0.22172	0.39143	0.01189	0.00749	0.00420	0.14023
2	0.02092	0.02353	0.08554	0.20844	0.18428	0.08287	0.14765	0.06363	0.04900	0.02728	0.01683	0.02154	0.01296	0.00825	0.00870	0.00268	0.01184	0.00788	0.00455	0.01162
3	0.01625	0.01439	0.02012	0.02639	0.24664	0.01422	0.01500	0.04686	0.08411	0.02724	0.04737	0.12770	0.24834	0.01553	0.00935	0.00281	0.00699	0.01361	0.00665	0.01043
4	0.01215	0.00824	0.00971	0.00992	0.01010	0.00831	0.00591	0.01256	0.01290	0.01732	0.02858	0.12082	0.03278	0.57664	0.09246	0.00821	0.00913	0.01334	0.00539	0.00555
5	0.01238	0.00825	0.00928	0.00928	0.00928	0.00825	0.00516	0.01238	0.01238	0.01650	0.02681	0.05569	0.03094	0.70092	0.04331	0.00825	0.00825	0.01238	0.00516	0.00516
6	0.01117	0.00779	0.01022	0.01125	0.01222	0.00723	0.00775	0.01271	0.01769	0.02378	0.17543	0.43737	0.10664	0.02454	0.01296	0.08169	0.00494	0.02001	0.00778	0.00684
7	0.02185	0.02494	0.03405	0.24579	0.04343	0.19486	0.23503	0.02698	0.01988	0.02343	0.01520	0.02065	0.01180	0.00834	0.00957	0.00271	0.03917	0.00789	0.00413	0.01029
8	0.01881	0.01100	0.01384	0.01225	0.01554	0.01052	0.00948	0.02506	0.09625	0.16310	0.40580	0.05060	0.05788	0.01481	0.00931	0.00265	0.00501	0.01282	0.05527	0.01001
9	0.01069	0.00844	0.00963	0.00976	0.01199	0.00738	0.00716	0.01327	0.02024	0.02601	0.24131	0.17882	0.38270	0.02120	0.01019	0.00291	0.00433	0.01825	0.00833	0.00738
10	0.01876	0.01414	0.01692	0.01276	0.01939	0.01093	0.01006	0.02222	0.01813	0.08738	0.02069	0.09949	0.01863	0.00914	0.00706	0.00165	0.00623	0.00766	0.00591	0.59284
11	0.01204	0.00870	0.01138	0.01071	0.01271	0.00803	0.00803	0.01606	0.02409	0.03413	0.64335	0.06357	0.08030	0.01740	0.01004	0.00268	0.00401	0.01539	0.00937	0.00803
12	0.02611	0.01573	0.01884	0.01479	0.02126	0.01439	0.01188	0.03513	0.18423	0.25933	0.02710	0.02556	0.01928	0.00925	0.00776	0.00220	0.00676	0.00755	0.00802	0.28482
13	0.01765	0.01513	0.01765	0.01260	0.02017	0.01134	0.01008	0.02143	0.01765	0.02773	0.01513	0.01765	0.01260	0.00630	0.00630	0.00126	0.00630	0.00504	0.00504	0.75295
14	0.03225	0.02686	0.02528	0.02000	0.02638	0.14207	0.01622	0.51370	0.03714	0.04771	0.01912	0.01951	0.01384	0.00995	0.00836	0.00249	0.01045	0.00727	0.00777	0.01364
15	0.01607	0.01513	0.02552	0.68047	0.05861	0.01891	0.02363	0.02174	0.01702	0.02174	0.01513	0.02269	0.01134	0.00851	0.00851	0.00284	0.01134	0.00756	0.00378	0.00945
16	0.01238	0.00825	0.00928	0.00928	0.00928	0.00825	0.00516	0.01238	0.01238	0.01650	0.02681	0.05569	0.03094	0.70092	0.04331	0.00825	0.00825	0.01238	0.00516	0.00516
17	0.01607	0.01513	0.02552	0.68047	0.05861	0.01891	0.02363	0.02174	0.01702	0.02174	0.01513	0.02269	0.01134	0.00851	0.00851	0.00284	0.01134	0.00756	0.00378	0.00945
18	0.01765	0.01513	0.01765	0.01260	0.02017	0.01134	0.01008	0.02143	0.01765	0.02773	0.01513	0.01765	0.01260	0.00630	0.00630	0.00126	0.00630	0.00504	0.00504	0.75295
19	0.01924	0.01508	0.01781	0.01280	0.02029	0.01143	0.01027	0.02298	0.01817	0.07619	0.01655	0.01852	0.01326	0.00663	0.00648	0.00137	0.00638	0.00531	0.00547	0.69578
20	0.01566	0.01233	0.01824	0.01622	0.01950	0.01213	0.08326	0.08110	0.02384	0.03258	0.31206	0.06459	0.05535	0.01738	0.01043	0.00308	0.00703	0.19798	0.00818	0.00905
21	0.01654	0.01238	0.01669	0.01730	0.08114	0.01349	0.01167	0.01868	0.01665	0.08260	0.07305	0.04602	0.15076	0.19289	0.07268	0.00517	0.14612	0.01157	0.00606	0.00855
22	0.01420	0.01201	0.01319	0.01472	0.01632	0.07740	0.01156	0.01691	0.01868	0.02341	0.04249	0.33944	0.04807	0.02329	0.01095	0.00354	0.00740	0.29125	0.00750	0.00766
23	0.51059	0.09073	0.01867	0.01386	0.01869	0.07133	0.01158	0.02586	0.01574	0.05683	0.01271	0.01509	0.01023	0.00884	0.00830	0.00264	0.08843	0.00516	0.00505	0.00966

[dist]
# distance from previous block
# <min> <max>
1	3

[block]
# block no. 8 follows, 21 sequences, length 30
# corresponding to MSA columns:
# 570-599
name=unknown_I
#
