[name]
unknown

[dist]
# distance from previous block
# <min> <max>
0	247

[block]
# block no. 0 follows, 21 sequences, length 16
# corresponding to MSA columns:
# 252-267
name=unknown_A
#
# <colnr> <probs for GDERKNQSTAVLIFYWHMCP>
#	G	D	E	R	K	N	Q	S	T	A	V	L	I	F	Y	W	H	M	C	P
0	0.01077	0.00873	0.00960	0.00960	0.01222	0.00756	0.00735	0.01346	0.02044	0.02561	0.20474	0.07895	0.47670	0.02079	0.01018	0.00291	0.00451	0.06025	0.00822	0.00742
1	0.02564	0.02956	0.33482	0.01992	0.02925	0.01717	0.02199	0.03475	0.09630	0.26735	0.02465	0.02387	0.01658	0.00945	0.00834	0.00270	0.00982	0.00757	0.00687	0.01341
2	0.02215	0.01972	0.09135	0.10330	0.13868	0.01715	0.14014	0.06376	0.02128	0.14474	0.05915	0.09495	0.02262	0.01091	0.00910	0.00278	0.00989	0.01031	0.00624	0.01177
3	0.01056	0.00762	0.01004	0.01191	0.01262	0.00710	0.00818	0.01222	0.01666	0.02202	0.04892	0.62546	0.08766	0.02619	0.01087	0.00345	0.00508	0.05855	0.00790	0.00698
4	0.02272	0.08118	0.22987	0.07250	0.03355	0.17770	0.09544	0.06716	0.08777	0.02724	0.01717	0.01965	0.01302	0.00862	0.00816	0.00256	0.01229	0.00698	0.00475	0.01165
5	0.02633	0.02175	0.13200	0.10607	0.19337	0.01743	0.05764	0.04873	0.02133	0.25623	0.02240	0.02372	0.01554	0.00890	0.00853	0.00265	0.00985	0.00787	0.00650	0.01313
6	0.01635	0.01602	0.02830	0.43518	0.09166	0.01793	0.12594	0.02178	0.01803	0.02330	0.02481	0.03033	0.09419	0.00991	0.00897	0.00283	0.01087	0.00935	0.00444	0.00980
7	0.01048	0.00848	0.00931	0.00944	0.01184	0.00731	0.00695	0.01290	0.01988	0.02494	0.18676	0.15830	0.46083	0.02143	0.01016	0.00291	0.00434	0.01828	0.00818	0.00731
8	0.05309	0.02218	0.18775	0.06017	0.07053	0.01556	0.01834	0.05291	0.03832	0.22291	0.14066	0.03081	0.02785	0.01077	0.00857	0.00267	0.00854	0.00896	0.00728	0.01214
9	0.01955	0.11924	0.35592	0.02040	0.02931	0.01861	0.05461	0.02612	0.01853	0.10495	0.02251	0.13144	0.01977	0.01132	0.00837	0.00271	0.01027	0.00952	0.00524	0.01160
10	0.01739	0.02706	0.27995	0.02182	0.02941	0.01741	0.11464	0.06715	0.08928	0.02854	0.02617	0.19235	0.02465	0.01320	0.00919	0.00293	0.01003	0.01190	0.00572	0.01120
11	0.02852	0.01801	0.02048	0.01701	0.02273	0.01929	0.01362	0.14195	0.33692	0.23639	0.03187	0.02893	0.02244	0.01099	0.00860	0.00275	0.00735	0.00895	0.00923	0.01396
12	0.02210	0.01618	0.01893	0.01383	0.02117	0.01345	0.01118	0.10177	0.02139	0.10842	0.01809	0.01941	0.01389	0.00733	0.00687	0.00160	0.00682	0.00582	0.00617	0.56560
13	0.03086	0.01786	0.07054	0.04764	0.02444	0.01548	0.01470	0.15186	0.02565	0.37562	0.03026	0.10838	0.02282	0.01217	0.00879	0.00273	0.00800	0.01008	0.00893	0.01316
14	0.01849	0.01581	0.02287	0.41998	0.04375	0.01770	0.01887	0.09938	0.02019	0.02771	0.01661	0.02196	0.01265	0.00838	0.00791	0.00243	0.00963	0.00710	0.05111	0.15747
15	0.57229	0.02345	0.17597	0.01451	0.02163	0.01926	0.01486	0.02551	0.01537	0.03533	0.01272	0.01488	0.00961	0.00795	0.00598	0.00265	0.00810	0.00503	0.00484	0.01007

[dist]
# distance from previous block
# <min> <max>
3	8

[block]
# block no. 1 follows, 21 sequences, length 23
# corresponding to MSA columns:
# 276-298
name=unknown_B
#
# <colnr> <probs for GDERKNQSTAVLIFYWHMCP>
#	G	D	E	R	K	N	Q	S	T	A	V	L	I	F	Y	W	H	M	C	P
0	0.26654	0.16092	0.07890	0.01592	0.02227	0.11796	0.01433	0.05633	0.07043	0.09919	0.01700	0.01783	0.01288	0.00862	0.00670	0.00243	0.00912	0.00586	0.00567	0.01111
1	0.05427	0.23625	0.17356	0.01887	0.02668	0.06782	0.06200	0.10152	0.02150	0.02899	0.06700	0.02074	0.01731	0.00873	0.00737	0.00228	0.01001	0.00675	0.00500	0.06336
2	0.07359	0.01236	0.01543	0.06243	0.02014	0.01200	0.01128	0.02679	0.06650	0.22953	0.15331	0.04988	0.15476	0.01476	0.00916	0.00283	0.00635	0.05982	0.00857	0.01051
3	0.02434	0.05100	0.14687	0.02663	0.16447	0.04532	0.06407	0.02960	0.02104	0.20222	0.06960	0.03096	0.02244	0.01042	0.00873	0.00268	0.00966	0.05110	0.00650	0.01235
4	0.02949	0.02140	0.02544	0.05872	0.12137	0.04375	0.01711	0.35002	0.03120	0.13119	0.02072	0.02149	0.01484	0.00943	0.00831	0.00247	0.00925	0.00750	0.00750	0.06878
5	0.01238	0.00825	0.00928	0.00928	0.00928	0.00825	0.00516	0.01238	0.01238	0.01650	0.02681	0.05569	0.03094	0.70092	0.04331	0.00825	0.00825	0.01238	0.00516	0.00516
6	0.02196	0.40341	0.13111	0.11196	0.02941	0.02693	0.01819	0.02783	0.06360	0.06984	0.01615	0.01809	0.01284	0.00814	0.00677	0.00224	0.00964	0.00592	0.00454	0.01142
7	0.02307	0.06361	0.07130	0.01510	0.01993	0.01402	0.01312	0.07109	0.04754	0.22501	0.09918	0.18644	0.03586	0.01558	0.00925	0.00288	0.00713	0.06052	0.00830	0.01108
8	0.01188	0.00895	0.01289	0.01303	0.01404	0.00856	0.05284	0.01344	0.01551	0.02069	0.03834	0.41724	0.04480	0.23503	0.02095	0.00493	0.00681	0.04654	0.00677	0.00675
9	0.01935	0.01507	0.01782	0.01281	0.02030	0.01144	0.01028	0.02309	0.01820	0.07956	0.01665	0.01858	0.01331	0.00665	0.00649	0.00137	0.00638	0.00533	0.00550	0.69180
10	0.01032	0.00760	0.00968	0.01134	0.01221	0.00695	0.00767	0.01191	0.01678	0.02192	0.05307	0.59911	0.14856	0.02586	0.01074	0.00336	0.00484	0.02321	0.00790	0.00695
11	0.03235	0.02384	0.02554	0.01958	0.02639	0.02639	0.01618	0.61946	0.04001	0.05363	0.02043	0.02043	0.01447	0.01022	0.00851	0.00255	0.00936	0.00766	0.00851	0.01447
12	0.01821	0.02854	0.26966	0.11824	0.03554	0.06250	0.11650	0.05605	0.02024	0.02712	0.04965	0.03174	0.06928	0.01069	0.00894	0.00280	0.01134	0.04712	0.00493	0.01092
13	0.02765	0.01460	0.02039	0.10253	0.07127	0.01448	0.01455	0.08346	0.02248	0.33283	0.03080	0.03120	0.06235	0.01890	0.10869	0.00434	0.01032	0.00902	0.00793	0.01221
14	0.02416	0.01977	0.02093	0.01792	0.02327	0.02256	0.01419	0.19885	0.47396	0.04042	0.03084	0.02872	0.02290	0.01119	0.00862	0.00280	0.00744	0.00910	0.00862	0.01374
15	0.01704	0.01544	0.02466	0.18074	0.29537	0.01638	0.01966	0.02267	0.06357	0.02536	0.02559	0.20548	0.02556	0.01327	0.00912	0.00288	0.00873	0.01224	0.00545	0.01078
16	0.02093	0.02271	0.03206	0.28144	0.08603	0.14338	0.18283	0.02783	0.07060	0.02464	0.01700	0.02200	0.01306	0.00838	0.00877	0.00271	0.01245	0.00801	0.00447	0.01069
17	0.76103	0.01646	0.01251	0.01119	0.01646	0.01909	0.00922	0.02502	0.01448	0.03818	0.01185	0.01382	0.00922	0.00790	0.00527	0.00263	0.00658	0.00461	0.00527	0.00922
18	0.01037	0.00741	0.00987	0.01185	0.01234	0.00691	0.00790	0.01185	0.01629	0.02172	0.04690	0.69537	0.05629	0.02666	0.01086	0.00346	0.00494	0.02419	0.00790	0.00691
19	0.02087	0.07165	0.12296	0.17873	0.20514	0.06504	0.04862	0.02887	0.09732	0.05216	0.01837	0.02183	0.01413	0.00854	0.00824	0.00261	0.01068	0.00744	0.00483	0.01196
20	0.07802	0.02313	0.11953	0.19402	0.08746	0.06784	0.01997	0.08476	0.10891	0.10356	0.02029	0.02246	0.01478	0.00917	0.00816	0.00268	0.01005	0.00742	0.00588	0.01191
21	0.17838	0.01544	0.01303	0.01174	0.01546	0.10634	0.00915	0.02626	0.01904	0.12599	0.02318	0.02517	0.01748	0.00942	0.00645	0.00225	0.00666	0.00697	0.37212	0.00948
22	0.42590	0.01816	0.02249	0.02978	0.30241	0.01960	0.01687	0.02551	0.01670	0.03348	0.01373	0.01710	0.01115	0.00776	0.00670	0.00259	0.00818	0.00596	0.00479	0.01115

[dist]
# distance from previous block
# <min> <max>
0	2

[block]
# block no. 2 follows, 21 sequences, length 18
# corresponding to MSA columns:
# 301-318
name=unknown_C
#
# <colnr> <probs for GDERKNQSTAVLIFYWHMCP>
#	G	D	E	R	K	N	Q	S	T	A	V	L	I	F	Y	W	H	M	C	P
0	0.01225	0.00831	0.00982	0.00992	0.01012	0.00846	0.00593	0.01267	0.01272	0.01714	0.02736	0.08536	0.03110	0.59352	0.11358	0.00863	0.00976	0.01260	0.00523	0.00553
1	0.02123	0.01972	0.07704	0.01875	0.05127	0.01930	0.01513	0.09242	0.38366	0.06015	0.11632	0.03332	0.03040	0.01171	0.00877	0.00278	0.00730	0.00981	0.00816	0.01276
2	0.02464	0.02410	0.18061	0.02671	0.17360	0.01830	0.02065	0.03519	0.17455	0.19532	0.02516	0.02508	0.01796	0.00948	0.00844	0.00269	0.00911	0.00803	0.00685	0.01352
3	0.01544	0.01213	0.01544	0.01433	0.01874	0.01047	0.01212	0.01930	0.01874	0.02646	0.03192	0.06162	0.03302	0.01596	0.00936	0.00275	0.00716	0.33366	0.00661	0.33476
4	0.02116	0.01846	0.02062	0.02047	0.07865	0.02108	0.01461	0.04350	0.57708	0.03489	0.03295	0.03079	0.02485	0.01119	0.00864	0.00285	0.00704	0.00944	0.00826	0.01347
5	0.02209	0.13925	0.14886	0.05509	0.27822	0.02067	0.02205	0.02736	0.01910	0.09824	0.01708	0.01989	0.01326	0.00788	0.00769	0.00235	0.00977	0.00671	0.00479	0.07965
6	0.01006	0.00862	0.00862	0.00862	0.01149	0.00718	0.00647	0.01221	0.01940	0.02299	0.08621	0.08190	0.64438	0.02155	0.01006	0.00287	0.00431	0.01796	0.00790	0.00718
7	0.02009	0.02296	0.05022	0.03587	0.04448	0.02152	0.61693	0.02726	0.02009	0.02726	0.01722	0.02296	0.01291	0.00717	0.01004	0.00287	0.01435	0.01004	0.00430	0.01148
8	0.01625	0.01558	0.02322	0.07847	0.02624	0.05548	0.16086	0.05021	0.02154	0.02781	0.17093	0.08965	0.16923	0.01494	0.00981	0.00286	0.00855	0.04243	0.00676	0.00919
9	0.38750	0.01679	0.01753	0.01713	0.08540	0.01809	0.01227	0.11117	0.02061	0.14502	0.01869	0.01976	0.01359	0.00883	0.00669	0.00255	0.00723	0.00634	0.07363	0.01120
10	0.03312	0.01751	0.02084	0.01635	0.02254	0.01764	0.01339	0.23005	0.09032	0.35463	0.02900	0.02662	0.01945	0.01049	0.00839	0.00259	0.00768	0.00833	0.05712	0.01396
11	0.01028	0.00825	0.00918	0.00975	0.01183	0.00715	0.00701	0.01234	0.01873	0.02329	0.10890	0.27019	0.42752	0.02287	0.01030	0.00304	0.00449	0.01972	0.00799	0.00715
12	0.01581	0.01335	0.01559	0.01207	0.01814	0.01028	0.00939	0.01910	0.01764	0.02638	0.02717	0.11987	0.08602	0.01079	0.00734	0.00174	0.00590	0.00911	0.00575	0.56855
13	0.02029	0.01978	0.02941	0.02395	0.02589	0.02546	0.10256	0.08521	0.01690	0.02496	0.01301	0.01942	0.01177	0.01331	0.02334	0.00348	0.51894	0.00784	0.00432	0.01016
14	0.03736	0.01580	0.02056	0.01577	0.02238	0.01446	0.01302	0.12282	0.02656	0.56928	0.03172	0.02776	0.02014	0.01049	0.00855	0.00262	0.00754	0.00843	0.01025	0.01448
15	0.01037	0.00741	0.00987	0.01185	0.01234	0.00691	0.00790	0.01185	0.01629	0.02172	0.04690	0.69537	0.05629	0.02666	0.01086	0.00346	0.00494	0.02419	0.00790	0.00691
16	0.03261	0.01814	0.10877	0.01648	0.02341	0.01324	0.01530	0.03689	0.02295	0.49863	0.03222	0.03455	0.02259	0.01157	0.00883	0.00278	0.00806	0.07021	0.00927	0.01351
17	0.76103	0.01646	0.01251	0.01119	0.01646	0.01909	0.00922	0.02502	0.01448	0.03818	0.01185	0.01382	0.00922	0.00790	0.00527	0.00263	0.00658	0.00461	0.00527	0.00922

[dist]
# distance from previous block
# <min> <max>
0	1

[block]
# block no. 3 follows, 21 sequences, length 73
# corresponding to MSA columns:
# 320-392
name=unknown_D
#
# <colnr> <probs for GDERKNQSTAVLIFYWHMCP>
#	G	D	E	R	K	N	Q	S	T	A	V	L	I	F	Y	W	H	M	C	P
0	0.01626	0.01539	0.02557	0.63129	0.05590	0.01944	0.02326	0.02165	0.01672	0.02165	0.01483	0.02238	0.01133	0.00899	0.00996	0.00290	0.06171	0.00755	0.00378	0.00944
1	0.02275	0.70604	0.04459	0.01456	0.02184	0.03367	0.01456	0.02548	0.01729	0.02002	0.01183	0.01365	0.01092	0.00728	0.00546	0.00182	0.00910	0.00455	0.00364	0.01092
2	0.01177	0.00938	0.01063	0.01019	0.01283	0.00860	0.00768	0.01638	0.06728	0.02885	0.32844	0.07006	0.34902	0.01897	0.00994	0.00279	0.00436	0.01620	0.00861	0.00803
3	0.01037	0.00741	0.00987	0.01185	0.01234	0.00691	0.00790	0.01185	0.01629	0.02172	0.04690	0.69537	0.05629	0.02666	0.01086	0.00346	0.00494	0.02419	0.00790	0.00691
4	0.44436	0.01559	0.01568	0.01292	0.01876	0.01621	0.01066	0.03223	0.01881	0.30785	0.02137	0.02046	0.01441	0.00905	0.00671	0.00263	0.00687	0.00634	0.00757	0.01152
5	0.03528	0.01363	0.01821	0.01420	0.02019	0.01191	0.01165	0.03866	0.02351	0.57284	0.03282	0.02932	0.02116	0.01045	0.00822	0.00255	0.00682	0.00848	0.10646	0.01363
6	0.03818	0.01448	0.01975	0.01514	0.02172	0.01251	0.01251	0.04147	0.02436	0.65373	0.03357	0.02897	0.02107	0.01053	0.00856	0.00263	0.00724	0.00856	0.01053	0.01448
7	0.02034	0.01949	0.03324	0.14266	0.56303	0.02003	0.02576	0.02549	0.01904	0.02693	0.01588	0.02130	0.01317	0.00772	0.00844	0.00257	0.01029	0.00758	0.00415	0.01290
8	0.02117	0.01828	0.01924	0.01732	0.02213	0.02117	0.01347	0.04522	0.63246	0.03560	0.03464	0.03175	0.02598	0.01155	0.00866	0.00289	0.00673	0.00962	0.00866	0.01347
9	0.76103	0.01646	0.01251	0.01119	0.01646	0.01909	0.00922	0.02502	0.01448	0.03818	0.01185	0.01382	0.00922	0.00790	0.00527	0.00263	0.00658	0.00461	0.00527	0.00922
10	0.03235	0.02384	0.02554	0.01958	0.02639	0.02639	0.01618	0.61946	0.04001	0.05363	0.02043	0.02043	0.01447	0.01022	0.00851	0.00255	0.00936	0.00766	0.00851	0.01447
11	0.76103	0.01646	0.01251	0.01119	0.01646	0.01909	0.00922	0.02502	0.01448	0.03818	0.01185	0.01382	0.00922	0.00790	0.00527	0.00263	0.00658	0.00461	0.00527	0.00922
12	0.02106	0.02022	0.03454	0.05223	0.64784	0.02022	0.02612	0.02612	0.01938	0.02780	0.01601	0.02106	0.01348	0.00758	0.00842	0.00253	0.01011	0.00758	0.00421	0.01348
13	0.02117	0.01828	0.01924	0.01732	0.02213	0.02117	0.01347	0.04522	0.63246	0.03560	0.03464	0.03175	0.02598	0.01155	0.00866	0.00289	0.00673	0.00962	0.00866	0.01347
14	0.01037	0.00741	0.00987	0.01185	0.01234	0.00691	0.00790	0.01185	0.01629	0.02172	0.04690	0.69537	0.05629	0.02666	0.01086	0.00346	0.00494	0.02419	0.00790	0.00691
15	0.03818	0.01448	0.01975	0.01514	0.02172	0.01251	0.01251	0.04147	0.02436	0.65373	0.03357	0.02897	0.02107	0.01053	0.00856	0.00263	0.00724	0.00856	0.01053	0.01448
16	0.01238	0.00825	0.00928	0.00928	0.00928	0.00825	0.00516	0.01238	0.01238	0.01650	0.02681	0.05569	0.03094	0.70092	0.04331	0.00825	0.00825	0.01238	0.00516	0.00516
17	0.01061	0.00759	0.01009	0.01169	0.01240	0.00707	0.00792	0.01245	0.01741	0.02349	0.13200	0.60523	0.05971	0.02534	0.01074	0.00334	0.00481	0.02294	0.00811	0.00707
18	0.01078	0.00832	0.00985	0.01017	0.01212	0.00738	0.00736	0.01335	0.02007	0.02623	0.25480	0.24221	0.30357	0.02160	0.01027	0.00297	0.00439	0.01882	0.00837	0.00738
19	0.01765	0.01513	0.01765	0.01260	0.02017	0.01134	0.01008	0.02143	0.01765	0.02773	0.01513	0.01765	0.01260	0.00630	0.00630	0.00126	0.00630	0.00504	0.00504	0.75295
20	0.01664	0.00939	0.01258	0.01243	0.01471	0.00858	0.00928	0.01945	0.02057	0.15087	0.23085	0.32148	0.05630	0.02034	0.01021	0.00308	0.00532	0.06022	0.00888	0.00883
21	0.01045	0.00765	0.00982	0.01136	0.01226	0.00703	0.00773	0.01219	0.01724	0.02276	0.09409	0.57257	0.13287	0.02536	0.01070	0.00333	0.00479	0.02278	0.00800	0.00703
22	0.01707	0.04402	0.65683	0.02426	0.03683	0.01976	0.03144	0.02695	0.01797	0.02695	0.01527	0.01797	0.01078	0.00809	0.00809	0.00270	0.01258	0.00629	0.00359	0.01258
23	0.02038	0.01638	0.02628	0.03769	0.42833	0.01621	0.01973	0.02484	0.01918	0.07056	0.02183	0.07211	0.01878	0.00963	0.00810	0.00249	0.00828	0.00891	0.15836	0.01193
24	0.01037	0.00741	0.00987	0.01185	0.01234	0.00691	0.00790	0.01185	0.01629	0.02172	0.04690	0.69537	0.05629	0.02666	0.01086	0.00346	0.00494	0.02419	0.00790	0.00691
25	0.01225	0.00875	0.01182	0.01182	0.01270	0.00963	0.00833	0.01401	0.01313	0.01838	0.02449	0.04282	0.02535	0.33244	0.40416	0.01139	0.01666	0.01049	0.00481	0.00657
26	0.01632	0.01528	0.02522	0.64825	0.05684	0.01902	0.02314	0.02288	0.04692	0.02242	0.01607	0.02313	0.01206	0.00866	0.00852	0.00284	0.01112	0.00766	0.00402	0.00965
27	0.01866	0.07051	0.10243	0.05208	0.02641	0.01842	0.10338	0.09020	0.01976	0.05222	0.02582	0.22878	0.02609	0.01498	0.01198	0.00303	0.10640	0.01272	0.00591	0.01022
28	0.06557	0.01521	0.02466	0.63600	0.05581	0.01892	0.02268	0.02196	0.01685	0.02284	0.01491	0.02210	0.01120	0.00847	0.00829	0.00282	0.01103	0.00737	0.00388	0.00944
29	0.01426	0.00754	0.01077	0.01077	0.01098	0.00744	0.00716	0.01126	0.01177	0.01549	0.02075	0.03210	0.06054	0.08017	0.03238	0.64267	0.00724	0.00852	0.00410	0.00405
30	0.02627	0.26395	0.03020	0.01688	0.02330	0.02662	0.01462	0.21284	0.19319	0.07663	0.02214	0.02169	0.01680	0.00956	0.00747	0.00239	0.00841	0.00715	0.00696	0.01294
31	0.01625	0.01327	0.04932	0.01272	0.01670	0.01115	0.01035	0.04763	0.06723	0.07266	0.26796	0.09065	0.10064	0.06334	0.01152	0.00294	0.00588	0.01272	0.00787	0.11921
32	0.12405	0.08233	0.32830	0.02093	0.02991	0.02143	0.05149	0.09327	0.02013	0.07829	0.01631	0.01847	0.01190	0.00887	0.00910	0.00268	0.05901	0.00652	0.00495	0.01206
33	0.02250	0.67625	0.07215	0.01500	0.02252	0.03305	0.01532	0.02555	0.01732	0.02033	0.01199	0.01385	0.01091	0.00732	0.00558	0.00186	0.00926	0.00463	0.00364	0.01100
34	0.76103	0.01646	0.01251	0.01119	0.01646	0.01909	0.00922	0.02502	0.01448	0.03818	0.01185	0.01382	0.00922	0.00790	0.00527	0.00263	0.00658	0.00461	0.00527	0.00922
35	0.01128	0.00835	0.01073	0.01148	0.01297	0.00751	0.00802	0.01353	0.01829	0.02498	0.17805	0.47058	0.09079	0.02279	0.01029	0.00308	0.00480	0.02045	0.00801	0.06404
36	0.70991	0.01632	0.01302	0.01147	0.01683	0.01863	0.00945	0.02618	0.01518	0.08171	0.01339	0.01490	0.01005	0.00809	0.00550	0.00263	0.00663	0.00489	0.00564	0.00959
37	0.12672	0.01398	0.01759	0.01395	0.01981	0.01272	0.01142	0.03586	0.02281	0.49415	0.07928	0.03255	0.05847	0.01132	0.00833	0.00265	0.00675	0.00909	0.00963	0.01293
38	0.01256	0.00810	0.01062	0.01181	0.01302	0.00742	0.00816	0.01437	0.01756	0.07067	0.08171	0.56566	0.09706	0.02455	0.01058	0.00331	0.00502	0.02207	0.00818	0.00757
39	0.01121	0.00867	0.01022	0.00983	0.01220	0.00768	0.00737	0.01445	0.02212	0.02946	0.40989	0.07125	0.31666	0.01914	0.01005	0.00276	0.00414	0.01647	0.00875	0.00768
40	0.01025	0.00845	0.00901	0.00925	0.01171	0.00721	0.00679	0.01245	0.01929	0.02363	0.12203	0.17124	0.51527	0.02200	0.01018	0.00295	0.00438	0.01869	0.00801	0.00721
41	0.03183	0.02312	0.02490	0.01926	0.02593	0.02552	0.01586	0.55965	0.07879	0.07492	0.02187	0.02150	0.01548	0.01032	0.00852	0.00258	0.00911	0.00783	0.00860	0.01441
42	0.01765	0.01513	0.01765	0.01260	0.02017	0.01134	0.01008	0.02143	0.01765	0.02773	0.01513	0.01765	0.01260	0.00630	0.00630	0.00126	0.00630	0.00504	0.00504	0.75295
43	0.02034	0.01756	0.01845	0.01667	0.02133	0.02012	0.01295	0.04275	0.58665	0.03466	0.03849	0.03550	0.07219	0.01229	0.00876	0.00289	0.00655	0.01024	0.00860	0.01300
44	0.01607	0.01513	0.02552	0.68047	0.05861	0.01891	0.02363	0.02174	0.01702	0.02174	0.01513	0.02269	0.01134	0.00851	0.00851	0.00284	0.01134	0.00756	0.00378	0.00945
45	0.01707	0.04402	0.65683	0.02426	0.03683	0.01976	0.03144	0.02695	0.01797	0.02695	0.01527	0.01797	0.01078	0.00809	0.00809	0.00270	0.01258	0.00629	0.00359	0.01258
46	0.01037	0.00741	0.00987	0.01185	0.01234	0.00691	0.00790	0.01185	0.01629	0.02172	0.04690	0.69537	0.05629	0.02666	0.01086	0.00346	0.00494	0.02419	0.00790	0.00691
47	0.03777	0.01514	0.02016	0.01545	0.02205	0.01349	0.01277	0.08235	0.02546	0.61129	0.03264	0.02836	0.02060	0.01051	0.00855	0.00263	0.00739	0.00849	0.01039	0.01448
48	0.06657	0.00903	0.01125	0.01219	0.01392	0.00864	0.00896	0.01589	0.01796	0.06722	0.09165	0.42994	0.09536	0.02273	0.01030	0.00330	0.00547	0.09380	0.00799	0.00781
49	0.02009	0.02296	0.05022	0.03587	0.04448	0.02152	0.61693	0.02726	0.02009	0.02726	0.01722	0.02296	0.01291	0.00717	0.01004	0.00287	0.01435	0.01004	0.00430	0.01148
50	0.01006	0.00862	0.00862	0.00862	0.01149	0.00718	0.00647	0.01221	0.01940	0.02299	0.08621	0.08190	0.64438	0.02155	0.01006	0.00287	0.00431	0.01796	0.00790	0.00718
51	0.01238	0.00825	0.00928	0.00928	0.00928	0.00825	0.00516	0.01238	0.01238	0.01650	0.02681	0.05569	0.03094	0.70092	0.04331	0.00825	0.00825	0.01238	0.00516	0.00516
52	0.01994	0.17122	0.44387	0.02257	0.03337	0.02213	0.07138	0.02772	0.01845	0.07051	0.01605	0.01828	0.01171	0.00803	0.00775	0.00253	0.01164	0.00639	0.00415	0.01230
53	0.01204	0.00870	0.01138	0.01071	0.01271	0.00803	0.00803	0.01606	0.02409	0.03413	0.64335	0.06357	0.08030	0.01740	0.01004	0.00268	0.00401	0.01539	0.00937	0.00803
54	0.01037	0.00741	0.00987	0.01185	0.01234	0.00691	0.00790	0.01185	0.01629	0.02172	0.04690	0.69537	0.05629	0.02666	0.01086	0.00346	0.00494	0.02419	0.00790	0.00691
55	0.01642	0.01458	0.02392	0.54512	0.09719	0.01758	0.02152	0.02183	0.01730	0.02350	0.01684	0.02374	0.01287	0.00862	0.00817	0.00270	0.01029	0.00761	0.10062	0.00956
56	0.12060	0.02598	0.06777	0.02317	0.11125	0.17370	0.01701	0.12363	0.14378	0.08061	0.02043	0.02117	0.01534	0.00935	0.00789	0.00256	0.01008	0.00710	0.00636	0.01224
57	0.01524	0.00942	0.01128	0.01039	0.01294	0.00845	0.00760	0.01775	0.02030	0.11625	0.25483	0.06291	0.24286	0.15312	0.01642	0.00384	0.00541	0.01463	0.00823	0.00812
58	0.66899	0.01621	0.01343	0.01169	0.01713	0.01825	0.00964	0.02711	0.01574	0.11656	0.01462	0.01575	0.01073	0.00823	0.00569	0.00263	0.00667	0.00511	0.00594	0.00989
59	0.02176	0.02066	0.03506	0.04885	0.56253	0.02073	0.06777	0.06638	0.02083	0.02951	0.01639	0.02116	0.01351	0.00773	0.00855	0.00255	0.01036	0.00776	0.00451	0.01340
60	0.07242	0.01503	0.01949	0.01625	0.02044	0.01605	0.05496	0.07316	0.12540	0.17739	0.02604	0.03036	0.02052	0.09364	0.09914	0.00478	0.05765	0.00889	0.05736	0.01101
61	0.01862	0.01862	0.02607	0.02234	0.02234	0.02607	0.01862	0.02048	0.01303	0.02048	0.01117	0.01862	0.01117	0.01489	0.02793	0.00372	0.68535	0.00745	0.00372	0.00931
62	0.02691	0.06521	0.02444	0.01845	0.02436	0.02081	0.05671	0.18138	0.23735	0.16335	0.02884	0.03082	0.02173	0.01121	0.00869	0.00275	0.00826	0.04721	0.00830	0.01323
63	0.01221	0.00822	0.00947	0.00956	0.00973	0.00814	0.00555	0.01259	0.01345	0.01806	0.06998	0.10146	0.03607	0.60696	0.03877	0.00753	0.00773	0.01342	0.00564	0.00548
64	0.03235	0.02384	0.02554	0.01958	0.02639	0.02639	0.01618	0.61946	0.04001	0.05363	0.02043	0.02043	0.01447	0.01022	0.00851	0.00255	0.00936	0.00766	0.00851	0.01447
65	0.03420	0.01353	0.01840	0.01457	0.02037	0.01177	0.01184	0.03741	0.02376	0.56122	0.08101	0.07935	0.02810	0.01221	0.00884	0.00270	0.00683	0.01020	0.01026	0.01345
66	0.71301	0.01633	0.01299	0.01145	0.01681	0.01865	0.00943	0.02611	0.01514	0.07908	0.01329	0.01483	0.01000	0.00807	0.00549	0.00263	0.00663	0.00487	0.00562	0.00957
67	0.01037	0.00741	0.00987	0.01185	0.01234	0.00691	0.00790	0.01185	0.01629	0.02172	0.04690	0.69537	0.05629	0.02666	0.01086	0.00346	0.00494	0.02419	0.00790	0.00691
68	0.01132	0.00841	0.01055	0.01057	0.01241	0.00764	0.00771	0.01445	0.02156	0.02943	0.41332	0.20233	0.17863	0.02015	0.01022	0.00288	0.00427	0.01775	0.00878	0.00764
69	0.01260	0.01068	0.01116	0.01091	0.01411	0.01024	0.00842	0.01936	0.14501	0.02575	0.07270	0.07264	0.47503	0.01964	0.00989	0.00295	0.00506	0.05728	0.00805	0.00852
70	0.76103	0.01646	0.01251	0.01119	0.01646	0.01909	0.00922	0.02502	0.01448	0.03818	0.01185	0.01382	0.00922	0.00790	0.00527	0.00263	0.00658	0.00461	0.00527	0.00922
71	0.76103	0.01646	0.01251	0.01119	0.01646	0.01909	0.00922	0.02502	0.01448	0.03818	0.01185	0.01382	0.00922	0.00790	0.00527	0.00263	0.00658	0.00461	0.00527	0.00922
72	0.07081	0.01960	0.03240	0.09447	0.56287	0.02005	0.02480	0.02573	0.01888	0.02807	0.01566	0.02069	0.01304	0.00767	0.00822	0.00256	0.00996	0.00738	0.00425	0.01290

[dist]
# distance from previous block
# <min> <max>
0	10

[block]
# block no. 4 follows, 21 sequences, length 66
# corresponding to MSA columns:
# 403-468
name=unknown_E
#
# <colnr> <probs for GDERKNQSTAVLIFYWHMCP>
#	G	D	E	R	K	N	Q	S	T	A	V	L	I	F	Y	W	H	M	C	P
0	0.02689	0.30535	0.08853	0.01921	0.02547	0.35761	0.01703	0.02998	0.02086	0.02105	0.01282	0.01491	0.01093	0.00812	0.00683	0.00209	0.01262	0.00518	0.00402	0.01053
1	0.01238	0.00825	0.00928	0.00928	0.00928	0.00825	0.00516	0.01238	0.01238	0.01650	0.02681	0.05569	0.03094	0.70092	0.04331	0.00825	0.00825	0.01238	0.00516	0.00516
2	0.01873	0.09934	0.12858	0.23432	0.10295	0.02195	0.13394	0.02588	0.05812	0.02480	0.01627	0.02116	0.01267	0.00860	0.00971	0.00274	0.05730	0.00762	0.00419	0.01113
3	0.01979	0.08822	0.49834	0.06557	0.03545	0.01993	0.02755	0.02813	0.01857	0.09631	0.01706	0.01919	0.01198	0.00833	0.00797	0.00263	0.01164	0.00650	0.00439	0.01246
4	0.01707	0.04402	0.65683	0.02426	0.03683	0.01976	0.03144	0.02695	0.01797	0.02695	0.01527	0.01797	0.01078	0.00809	0.00809	0.00270	0.01258	0.00629	0.00359	0.01258
5	0.01964	0.02208	0.04745	0.10809	0.04606	0.02123	0.55046	0.02664	0.01974	0.02664	0.01698	0.02293	0.01274	0.00732	0.00987	0.00287	0.01401	0.00977	0.00425	0.01125
6	0.01854	0.09110	0.02391	0.01945	0.06753	0.01581	0.09293	0.06679	0.01897	0.08070	0.02806	0.15786	0.04593	0.06163	0.16558	0.00562	0.01195	0.01182	0.00602	0.00980
7	0.01800	0.01630	0.02556	0.56451	0.05267	0.02020	0.02249	0.08601	0.01922	0.02509	0.01543	0.02217	0.01167	0.00913	0.00983	0.00287	0.05702	0.00757	0.00429	0.00998
8	0.01069	0.00824	0.00977	0.01024	0.01210	0.00732	0.00736	0.01313	0.01965	0.02557	0.22327	0.27739	0.30048	0.02210	0.01032	0.00301	0.00444	0.01931	0.00830	0.00732
9	0.13687	0.01106	0.01185	0.01055	0.01434	0.01022	0.00820	0.01848	0.02012	0.07225	0.22691	0.05446	0.25989	0.01562	0.00874	0.00258	0.00502	0.01291	0.00776	0.09217
10	0.02063	0.01830	0.02722	0.31481	0.21461	0.02071	0.02184	0.11679	0.10345	0.03014	0.01879	0.02310	0.01438	0.00891	0.00851	0.00271	0.01008	0.00786	0.00527	0.01188
11	0.01471	0.01093	0.01445	0.01589	0.01823	0.01132	0.01368	0.02132	0.10153	0.02682	0.04366	0.08740	0.04590	0.02191	0.01134	0.00378	0.00769	0.51289	0.00795	0.00859
12	0.03001	0.03690	0.02230	0.02036	0.02447	0.59295	0.01527	0.03240	0.02341	0.02205	0.01479	0.01718	0.01218	0.00890	0.00748	0.00217	0.01407	0.00576	0.08771	0.00965
13	0.01016	0.00821	0.00904	0.00971	0.01178	0.00709	0.00695	0.01209	0.01835	0.02256	0.07292	0.28935	0.44551	0.02328	0.01033	0.00307	0.00452	0.02007	0.00790	0.00709
14	0.01047	0.00758	0.00971	0.01135	0.01205	0.00703	0.00757	0.01192	0.01633	0.02149	0.04944	0.59093	0.11293	0.07206	0.01299	0.00372	0.00510	0.02277	0.00771	0.00682
15	0.01145	0.00868	0.01055	0.01008	0.01235	0.00778	0.00756	0.01490	0.02268	0.03077	0.47568	0.06909	0.25005	0.01865	0.01004	0.00274	0.00410	0.01616	0.00893	0.00778
16	0.02943	0.01191	0.01511	0.01231	0.01709	0.01071	0.00993	0.03298	0.02180	0.40970	0.03129	0.03005	0.02136	0.01029	0.00753	0.00238	0.00596	0.00831	0.29993	0.01191
17	0.02117	0.01828	0.01924	0.01732	0.02213	0.02117	0.01347	0.04522	0.63246	0.03560	0.03464	0.03175	0.02598	0.01155	0.00866	0.00289	0.00673	0.00962	0.00866	0.01347
18	0.01765	0.01513	0.01765	0.01260	0.02017	0.01134	0.01008	0.02143	0.01765	0.02773	0.01513	0.01765	0.01260	0.00630	0.00630	0.00126	0.00630	0.00504	0.00504	0.75295
19	0.76103	0.01646	0.01251	0.01119	0.01646	0.01909	0.00922	0.02502	0.01448	0.03818	0.01185	0.01382	0.00922	0.00790	0.00527	0.00263	0.00658	0.00461	0.00527	0.00922
20	0.01607	0.01513	0.02552	0.68047	0.05861	0.01891	0.02363	0.02174	0.01702	0.02174	0.01513	0.02269	0.01134	0.00851	0.00851	0.00284	0.01134	0.00756	0.00378	0.00945
21	0.01087	0.00773	0.01018	0.01171	0.01240	0.00728	0.00798	0.01264	0.01702	0.02289	0.11209	0.54638	0.05667	0.07744	0.01331	0.00376	0.00523	0.04961	0.00785	0.00695
22	0.01037	0.00741	0.00987	0.01185	0.01234	0.00691	0.00790	0.01185	0.01629	0.02172	0.04690	0.69537	0.05629	0.02666	0.01086	0.00346	0.00494	0.02419	0.00790	0.00691
23	0.02009	0.02296	0.05022	0.03587	0.04448	0.02152	0.61693	0.02726	0.02009	0.02726	0.01722	0.02296	0.01291	0.00717	0.01004	0.00287	0.01435	0.01004	0.00430	0.01148
24	0.01862	0.01862	0.02607	0.02234	0.02234	0.02607	0.01862	0.02048	0.01303	0.02048	0.01117	0.01862	0.01117	0.01489	0.02793	0.00372	0.68535	0.00745	0.00372	0.00931
25	0.01500	0.00939	0.01266	0.01374	0.01577	0.00889	0.01099	0.01786	0.01895	0.09435	0.04749	0.29846	0.09286	0.02302	0.01096	0.00353	0.00649	0.28322	0.00817	0.00821
26	0.01707	0.04402	0.65683	0.02426	0.03683	0.01976	0.03144	0.02695	0.01797	0.02695	0.01527	0.01797	0.01078	0.00809	0.00809	0.00270	0.01258	0.00629	0.00359	0.01258
27	0.01961	0.02630	0.14662	0.03402	0.04326	0.02124	0.52388	0.02721	0.01975	0.02721	0.01691	0.02216	0.01257	0.00732	0.00973	0.00284	0.01407	0.00945	0.00419	0.01165
28	0.02242	0.01890	0.01995	0.01757	0.02261	0.02175	0.01377	0.10956	0.56609	0.03762	0.03305	0.03048	0.02469	0.01140	0.00864	0.00285	0.00703	0.00940	0.00864	0.01358
29	0.01939	0.01507	0.01783	0.01282	0.02030	0.01144	0.01029	0.02313	0.01822	0.08096	0.01669	0.01861	0.01332	0.00666	0.00649	0.00138	0.00638	0.00534	0.00551	0.69015
30	0.20638	0.05383	0.01944	0.01559	0.02069	0.17141	0.01251	0.03144	0.02015	0.23884	0.02097	0.02192	0.01534	0.01645	0.09546	0.00397	0.01119	0.00675	0.00666	0.01102
31	0.01238	0.00825	0.00928	0.00928	0.00928	0.00825	0.00516	0.01238	0.01238	0.01650	0.02681	0.05569	0.03094	0.70092	0.04331	0.00825	0.00825	0.01238	0.00516	0.00516
32	0.02247	0.56101	0.13699	0.01653	0.02443	0.07309	0.01727	0.02626	0.01784	0.02114	0.01244	0.01442	0.01090	0.00750	0.00601	0.00198	0.01004	0.00488	0.00368	0.01111
33	0.02379	0.01151	0.01482	0.01299	0.01693	0.01047	0.01023	0.04664	0.02175	0.27885	0.10669	0.16183	0.03607	0.01496	0.00889	0.00272	0.00601	0.05163	0.12132	0.04191
34	0.02993	0.06771	0.02578	0.01889	0.02541	0.02603	0.01564	0.48846	0.13346	0.04854	0.02214	0.02180	0.01608	0.01024	0.00834	0.00256	0.00893	0.00777	0.00822	0.01408
35	0.11052	0.03361	0.06635	0.02072	0.02597	0.41632	0.04428	0.07026	0.05500	0.02645	0.01636	0.04550	0.01377	0.00954	0.00778	0.00242	0.01285	0.00680	0.00507	0.01042
36	0.01070	0.00766	0.01017	0.01162	0.01242	0.00714	0.00793	0.01269	0.01785	0.02420	0.16614	0.56906	0.06109	0.02481	0.01070	0.00330	0.00475	0.02243	0.00819	0.00714
37	0.01883	0.02022	0.04156	0.08519	0.12807	0.01950	0.41866	0.02495	0.01932	0.02629	0.02021	0.09800	0.01773	0.00952	0.00979	0.00288	0.01246	0.01109	0.00465	0.01110
38	0.07294	0.00998	0.01215	0.01182	0.01455	0.00952	0.00934	0.01940	0.02092	0.09981	0.25836	0.11329	0.11861	0.01770	0.00959	0.00293	0.00539	0.12134	0.06375	0.00862
39	0.01037	0.00741	0.00987	0.01185	0.01234	0.00691	0.00790	0.01185	0.01629	0.02172	0.04690	0.69537	0.05629	0.02666	0.01086	0.00346	0.00494	0.02419	0.00790	0.00691
40	0.01188	0.00869	0.01114	0.01053	0.01261	0.00796	0.00790	0.01573	0.02369	0.03318	0.59597	0.06513	0.12826	0.01775	0.01004	0.00269	0.00404	0.01561	0.00924	0.00796
41	0.01053	0.00764	0.00995	0.01148	0.01232	0.00706	0.00781	0.01235	0.01740	0.02321	0.11666	0.57880	0.10286	0.02524	0.01071	0.00333	0.00479	0.02274	0.00806	0.00706
42	0.02275	0.70604	0.04459	0.01456	0.02184	0.03367	0.01456	0.02548	0.01729	0.02002	0.01183	0.01365	0.01092	0.00728	0.00546	0.00182	0.00910	0.00455	0.00364	0.01092
43	0.01707	0.04402	0.65683	0.02426	0.03683	0.01976	0.03144	0.02695	0.01797	0.02695	0.01527	0.01797	0.01078	0.00809	0.00809	0.00270	0.01258	0.00629	0.00359	0.01258
44	0.03422	0.01361	0.01848	0.01447	0.02036	0.01183	0.01183	0.03762	0.02432	0.55974	0.12608	0.03421	0.03005	0.01157	0.00878	0.00264	0.00675	0.00959	0.01036	0.01350
45	0.02275	0.70604	0.04459	0.01456	0.02184	0.03367	0.01456	0.02548	0.01729	0.02002	0.01183	0.01365	0.01092	0.00728	0.00546	0.00182	0.00910	0.00455	0.00364	0.01092
46	0.01607	0.01513	0.02552	0.68047	0.05861	0.01891	0.02363	0.02174	0.01702	0.02174	0.01513	0.02269	0.01134	0.00851	0.00851	0.00284	0.01134	0.00756	0.00378	0.00945
47	0.01116	0.00853	0.00883	0.00875	0.01139	0.00739	0.00656	0.01380	0.01969	0.02556	0.13976	0.07223	0.48674	0.01932	0.00943	0.00272	0.00423	0.01615	0.12036	0.00739
48	0.01073	0.00768	0.01024	0.01192	0.01266	0.00719	0.00822	0.01262	0.01734	0.02331	0.11363	0.59320	0.05859	0.02546	0.01082	0.00339	0.00499	0.05286	0.00806	0.00709
49	0.02275	0.70604	0.04459	0.01456	0.02184	0.03367	0.01456	0.02548	0.01729	0.02002	0.01183	0.01365	0.01092	0.00728	0.00546	0.00182	0.00910	0.00455	0.00364	0.01092
50	0.01296	0.00925	0.01285	0.01481	0.01644	0.00914	0.01240	0.01632	0.01884	0.02462	0.04548	0.23153	0.05063	0.02422	0.01155	0.00381	0.00718	0.46249	0.00785	0.00763
51	0.76103	0.01646	0.01251	0.01119	0.01646	0.01909	0.00922	0.02502	0.01448	0.03818	0.01185	0.01382	0.00922	0.00790	0.00527	0.00263	0.00658	0.00461	0.00527	0.00922
52	0.01238	0.00825	0.00928	0.00928	0.00928	0.00825	0.00516	0.01238	0.01238	0.01650	0.02681	0.05569	0.03094	0.70092	0.04331	0.00825	0.00825	0.01238	0.00516	0.00516
53	0.02469	0.02009	0.03235	0.19154	0.08679	0.02115	0.18321	0.19686	0.02544	0.10365	0.01935	0.02269	0.01392	0.00879	0.00893	0.00272	0.01105	0.00838	0.00607	0.01232
54	0.02482	0.14108	0.03059	0.05936	0.21334	0.07647	0.04714	0.03247	0.12987	0.12983	0.02127	0.02265	0.01617	0.00885	0.00799	0.00249	0.00956	0.00751	0.00595	0.01260
55	0.01957	0.02153	0.04493	0.03256	0.04038	0.02049	0.52498	0.02781	0.06758	0.02841	0.06529	0.02666	0.01895	0.00827	0.00994	0.00286	0.01299	0.01041	0.00502	0.01137
56	0.01062	0.00771	0.01002	0.01141	0.01234	0.00712	0.00781	0.01257	0.01781	0.02386	0.14799	0.54422	0.10556	0.02474	0.01066	0.00328	0.00474	0.02227	0.00814	0.00712
57	0.02392	0.20174	0.02612	0.01640	0.02171	0.11379	0.01361	0.08156	0.21363	0.07187	0.10573	0.02780	0.02587	0.01063	0.00784	0.00243	0.00846	0.00824	0.00694	0.01171
58	0.02977	0.02054	0.02677	0.06719	0.06940	0.02212	0.06157	0.32590	0.03018	0.17355	0.02164	0.02250	0.01523	0.01013	0.01013	0.00270	0.06157	0.00800	0.00766	0.01345
59	0.01009	0.00848	0.00876	0.00898	0.01159	0.00715	0.00663	0.01217	0.01905	0.02285	0.08181	0.15063	0.57850	0.02212	0.01015	0.00294	0.00438	0.01866	0.00790	0.00715
60	0.01092	0.00804	0.01023	0.01098	0.01235	0.00735	0.00774	0.01340	0.01951	0.02631	0.26420	0.38282	0.14952	0.02264	0.01045	0.00310	0.00452	0.02017	0.00842	0.00735
61	0.16271	0.17435	0.19529	0.01735	0.02538	0.02235	0.01789	0.09844	0.05293	0.13071	0.01841	0.01901	0.01338	0.00869	0.00714	0.00248	0.00917	0.00629	0.00586	0.01216
62	0.01668	0.01350	0.01828	0.01653	0.01851	0.01652	0.01328	0.10806	0.01753	0.02506	0.01981	0.02811	0.01796	0.04463	0.42272	0.00974	0.17058	0.00852	0.00497	0.00903
63	0.01037	0.00741	0.00987	0.01185	0.01234	0.00691	0.00790	0.01185	0.01629	0.02172	0.04690	0.69537	0.05629	0.02666	0.01086	0.00346	0.00494	0.02419	0.00790	0.00691
64	0.13042	0.01533	0.01687	0.01239	0.01960	0.01252	0.00995	0.02197	0.01717	0.02932	0.01463	0.01707	0.01209	0.00654	0.00615	0.00147	0.00634	0.00498	0.00508	0.64012
65	0.07711	0.06445	0.02541	0.01783	0.02469	0.01758	0.11896	0.07651	0.09558	0.03143	0.05076	0.02240	0.01763	0.00820	0.00750	0.00207	0.00814	0.00719	0.00580	0.32074

[dist]
# distance from previous block
# <min> <max>
0	2

[block]
# block no. 5 follows, 21 sequences, length 17
# corresponding to MSA columns:
# 483-499
name=unknown_F
#
# <colnr> <probs for GDERKNQSTAVLIFYWHMCP>
#	G	D	E	R	K	N	Q	S	T	A	V	L	I	F	Y	W	H	M	C	P
0	0.04893	0.11802	0.32958	0.02230	0.03214	0.02097	0.10801	0.06557	0.01994	0.07672	0.01672	0.01896	0.01222	0.00804	0.00785	0.00248	0.01106	0.00671	0.00473	0.06903
1	0.01607	0.01513	0.02552	0.68047	0.05861	0.01891	0.02363	0.02174	0.01702	0.02174	0.01513	0.02269	0.01134	0.00851	0.00851	0.00284	0.01134	0.00756	0.00378	0.00945
2	0.02009	0.02296	0.05022	0.03587	0.04448	0.02152	0.61693	0.02726	0.02009	0.02726	0.01722	0.02296	0.01291	0.00717	0.01004	0.00287	0.01435	0.01004	0.00430	0.01148
3	0.02265	0.01902	0.02008	0.01762	0.02269	0.02186	0.01383	0.12124	0.55403	0.03799	0.03276	0.03025	0.02445	0.01137	0.00864	0.00284	0.00708	0.00936	0.00864	0.01360
4	0.01312	0.01019	0.01583	0.01623	0.01830	0.00988	0.06938	0.01647	0.01845	0.02429	0.04306	0.30494	0.04816	0.02308	0.01127	0.00365	0.00742	0.33093	0.00752	0.00785
5	0.01081	0.00772	0.01038	0.01236	0.01304	0.00729	0.00867	0.01261	0.01673	0.02222	0.04666	0.61602	0.05532	0.02624	0.01098	0.00352	0.00532	0.09917	0.00789	0.00703
6	0.01236	0.00832	0.00962	0.00962	0.00974	0.00843	0.00558	0.01259	0.01248	0.01675	0.02650	0.05397	0.03019	0.65172	0.09150	0.00867	0.00937	0.01212	0.00511	0.00535
7	0.03235	0.02384	0.02554	0.01958	0.02639	0.02639	0.01618	0.61946	0.04001	0.05363	0.02043	0.02043	0.01447	0.01022	0.00851	0.00255	0.00936	0.00766	0.00851	0.01447
8	0.03818	0.01448	0.01975	0.01514	0.02172	0.01251	0.01251	0.04147	0.02436	0.65373	0.03357	0.02897	0.02107	0.01053	0.00856	0.00263	0.00724	0.00856	0.01053	0.01448
9	0.02117	0.01828	0.01924	0.01732	0.02213	0.02117	0.01347	0.04522	0.63246	0.03560	0.03464	0.03175	0.02598	0.01155	0.00866	0.00289	0.00673	0.00962	0.00866	0.01347
10	0.01667	0.01747	0.03533	0.02650	0.03252	0.01628	0.39088	0.02214	0.02001	0.02697	0.11096	0.13002	0.08849	0.01269	0.01016	0.00293	0.01067	0.01353	0.00583	0.00996
11	0.02396	0.17464	0.02510	0.01638	0.02201	0.02278	0.01358	0.04018	0.40526	0.12034	0.02928	0.02722	0.02184	0.01043	0.00792	0.00261	0.00735	0.00831	0.00778	0.01303
12	0.12585	0.02496	0.17219	0.03732	0.37036	0.02003	0.02395	0.02761	0.06529	0.02969	0.01667	0.02014	0.01321	0.00805	0.00791	0.00261	0.00991	0.00702	0.00456	0.01266
13	0.02789	0.13034	0.02582	0.01787	0.02323	0.17101	0.01441	0.30783	0.02894	0.03568	0.01836	0.02326	0.01548	0.10809	0.01282	0.00317	0.01053	0.00736	0.00634	0.01154
14	0.01535	0.00951	0.01198	0.01089	0.01374	0.00849	0.00833	0.01886	0.02312	0.12023	0.43631	0.06257	0.19327	0.01731	0.00983	0.00271	0.00454	0.01497	0.00922	0.00877
15	0.12762	0.01996	0.03071	0.04387	0.51008	0.02053	0.02294	0.07139	0.02026	0.03126	0.01575	0.01998	0.01295	0.00783	0.00798	0.00254	0.00955	0.00716	0.00469	0.01295
16	0.02411	0.37251	0.03518	0.02078	0.10478	0.02681	0.01615	0.02917	0.07699	0.11311	0.01760	0.01912	0.01418	0.00906	0.00915	0.00235	0.08558	0.00634	0.00519	0.01183

[dist]
# distance from previous block
# <min> <max>
0	1

[block]
# block no. 6 follows, 21 sequences, length 7
# corresponding to MSA columns:
# 501-507
name=unknown_G
#
# <colnr> <probs for GDERKNQSTAVLIFYWHMCP>
#	G	D	E	R	K	N	Q	S	T	A	V	L	I	F	Y	W	H	M	C	P
0	0.01127	0.01234	0.09703	0.01352	0.01564	0.00864	0.01107	0.01388	0.01652	0.02243	0.04264	0.60411	0.05015	0.02416	0.01049	0.00335	0.00597	0.02178	0.00732	0.00768
1	0.03704	0.01631	0.02088	0.01601	0.02264	0.01522	0.01322	0.15449	0.02742	0.53639	0.03100	0.02730	0.01978	0.01047	0.00855	0.00262	0.00766	0.00838	0.01014	0.01448
2	0.02879	0.01844	0.02350	0.14973	0.06478	0.01981	0.01675	0.22405	0.10706	0.22059	0.02488	0.02490	0.01725	0.01000	0.00854	0.00267	0.00883	0.00816	0.00796	0.01330
3	0.01479	0.01170	0.01504	0.01489	0.01609	0.01314	0.01105	0.09111	0.01868	0.02555	0.03654	0.47687	0.04213	0.02226	0.01390	0.00339	0.13855	0.01881	0.00716	0.00835
4	0.02514	0.01892	0.02007	0.01604	0.02158	0.02018	0.01304	0.42319	0.03335	0.04373	0.04169	0.04030	0.21807	0.01388	0.00901	0.00266	0.00773	0.01099	0.00832	0.01212
5	0.01331	0.00971	0.01189	0.01265	0.01417	0.00956	0.00891	0.09374	0.01972	0.02612	0.04624	0.55907	0.09414	0.02407	0.01049	0.00329	0.00549	0.02150	0.00798	0.00795
6	0.02242	0.04997	0.02618	0.23099	0.08733	0.14875	0.01942	0.10066	0.02081	0.02623	0.01509	0.02003	0.01222	0.00996	0.01191	0.00275	0.14317	0.00704	0.03460	0.01048

[dist]
# distance from previous block
# <min> <max>
0	2

[block]
# block no. 7 follows, 21 sequences, length 10
# corresponding to MSA columns:
# 510-519
name=unknown_H
#
# <colnr> <probs for GDERKNQSTAVLIFYWHMCP>
#	G	D	E	R	K	N	Q	S	T	A	V	L	I	F	Y	W	H	M	C	P
0	0.02031	0.03113	0.23729	0.02271	0.06900	0.19807	0.03989	0.02659	0.05541	0.02465	0.02294	0.16857	0.02206	0.01253	0.00871	0.00273	0.01121	0.01044	0.00513	0.01064
1	0.18267	0.01512	0.01617	0.01252	0.01872	0.01366	0.01003	0.06390	0.01945	0.03280	0.10460	0.02356	0.02166	0.00852	0.00676	0.00186	0.00625	0.00661	0.00596	0.42918
2	0.01556	0.02963	0.37310	0.16681	0.03626	0.01685	0.02449	0.02296	0.01835	0.02617	0.09639	0.09127	0.02402	0.01116	0.00869	0.00280	0.01049	0.00946	0.00478	0.01076
3	0.01427	0.01057	0.01431	0.01401	0.01595	0.01177	0.01072	0.08953	0.01753	0.02440	0.02785	0.17855	0.02819	0.04893	0.43987	0.01003	0.01717	0.01228	0.00579	0.00830
4	0.01221	0.01001	0.01356	0.15861	0.02249	0.01011	0.01100	0.01585	0.02055	0.02712	0.29276	0.10268	0.23670	0.01733	0.00976	0.00282	0.00579	0.01504	0.00758	0.00801
5	0.33923	0.02111	0.01769	0.01500	0.02054	0.16087	0.01201	0.03292	0.02017	0.25531	0.01994	0.01960	0.01386	0.00904	0.00698	0.00254	0.00877	0.00622	0.00696	0.01125
6	0.01167	0.00841	0.01104	0.01096	0.01263	0.00778	0.00800	0.01513	0.02236	0.03138	0.51114	0.20362	0.07497	0.01945	0.01022	0.00285	0.00422	0.01734	0.00904	0.00778
7	0.02463	0.02010	0.02371	0.07582	0.02574	0.10158	0.01691	0.02935	0.07815	0.16249	0.01902	0.02214	0.01481	0.01230	0.01758	0.00313	0.32812	0.00767	0.00581	0.01095
8	0.02531	0.16197	0.20131	0.01882	0.02736	0.02335	0.01914	0.23230	0.02597	0.08786	0.01791	0.01887	0.01313	0.00870	0.00758	0.00233	0.00971	0.00649	0.00603	0.08585
9	0.08350	0.21295	0.03713	0.02754	0.13893	0.02510	0.16562	0.02671	0.06119	0.02591	0.01544	0.01926	0.01283	0.00871	0.01042	0.00261	0.10320	0.00721	0.00441	0.01133

[dist]
# distance from previous block
# <min> <max>
0	1

[block]
# block no. 8 follows, 21 sequences, length 130
# corresponding to MSA columns:
# 521-650
name=unknown_I
#
# <colnr> <probs for GDERKNQSTAVLIFYWHMCP>
#	G	D	E	R	K	N	Q	S	T	A	V	L	I	F	Y	W	H	M	C	P
0	0.02675	0.12402	0.17612	0.01947	0.02751	0.02446	0.01906	0.30496	0.08466	0.08070	0.02017	0.02049	0.01459	0.00944	0.00800	0.00252	0.00970	0.00714	0.00681	0.01343
