[name]
unknown

[dist]
# distance from previous block
# <min> <max>
0	419

[block]
# block no. 0 follows, 23 sequences, length 41
# corresponding to MSA columns:
# 423-463
name=unknown_A
#
# <colnr> <probs for GDERKNQSTAVLIFYWHMCP>
#	G	D	E	R	K	N	Q	S	T	A	V	L	I	F	Y	W	H	M	C	P
0	0.11052	0.01766	0.05576	0.01804	0.02325	0.01743	0.08489	0.13994	0.14716	0.07973	0.02756	0.04025	0.02399	0.01259	0.00872	0.00289	0.00830	0.16333	0.00704	0.01096
1	0.06610	0.22133	0.07655	0.01628	0.02260	0.10473	0.01466	0.19942	0.06017	0.03117	0.02073	0.02142	0.06090	0.00922	0.00701	0.00220	0.00901	0.00668	0.00560	0.04422
2	0.02323	0.06899	0.06604	0.09014	0.06366	0.01606	0.01469	0.06614	0.10564	0.22146	0.11380	0.03188	0.06133	0.01086	0.00818	0.00252	0.00746	0.00904	0.00738	0.01150
3	0.01749	0.01350	0.01610	0.01204	0.01839	0.01042	0.00953	0.02092	0.01759	0.07460	0.05674	0.06835	0.01940	0.00830	0.00669	0.00153	0.00585	0.00692	0.00564	0.61002
4	0.02569	0.06454	0.08828	0.01600	0.02275	0.01763	0.01427	0.13181	0.15419	0.21640	0.02400	0.02295	0.01701	0.00905	0.00756	0.00228	0.00762	0.00718	0.00734	0.14344
5	0.02833	0.11264	0.07378	0.02031	0.02538	0.56219	0.01656	0.03102	0.02185	0.02021	0.01256	0.01465	0.01043	0.00816	0.00712	0.00209	0.01379	0.00519	0.00405	0.00971
6	0.03602	0.01443	0.01921	0.01473	0.02102	0.01284	0.01217	0.08102	0.02426	0.62690	0.03114	0.02705	0.01965	0.01002	0.00816	0.00251	0.00705	0.00810	0.00991	0.01381
7	0.03031	0.03867	0.02299	0.02090	0.02508	0.68226	0.01568	0.03240	0.02299	0.01986	0.01254	0.01463	0.01045	0.00836	0.00732	0.00209	0.01463	0.00523	0.00418	0.00941
8	0.02119	0.12780	0.26927	0.01991	0.02841	0.01946	0.09048	0.06992	0.05111	0.11682	0.05002	0.02149	0.01625	0.00847	0.00767	0.00238	0.00975	0.00708	0.00535	0.05719
9	0.47266	0.02271	0.14085	0.01584	0.02251	0.04543	0.05603	0.08808	0.01768	0.03455	0.01316	0.01522	0.00989	0.00778	0.00625	0.00251	0.00846	0.00538	0.00495	0.01008
10	0.01513	0.00756	0.00756	0.00756	0.00945	0.00756	0.00567	0.01891	0.01702	0.03025	0.02647	0.03025	0.02080	0.00945	0.00567	0.00189	0.00378	0.00756	0.75988	0.00756
11	0.01155	0.00834	0.01094	0.01041	0.01232	0.00773	0.00789	0.01538	0.02278	0.03218	0.63334	0.06194	0.07528	0.01684	0.00964	0.00260	0.00399	0.04032	0.00887	0.00765
12	0.77215	0.01569	0.01193	0.01067	0.01569	0.01820	0.00879	0.02385	0.01381	0.03641	0.01130	0.01318	0.00879	0.00753	0.00502	0.00251	0.00628	0.00439	0.00502	0.00879
13	0.01679	0.01435	0.01638	0.01250	0.01882	0.01206	0.00990	0.02359	0.12422	0.02771	0.04713	0.02414	0.05149	0.00806	0.00672	0.00160	0.00589	0.00660	0.00570	0.56633
14	0.02248	0.06427	0.03510	0.02510	0.03149	0.02006	0.31839	0.03064	0.12633	0.14283	0.02119	0.02339	0.01556	0.00883	0.01041	0.00271	0.07519	0.00868	0.00579	0.01156
15	0.03152	0.02165	0.02368	0.01816	0.02463	0.02356	0.01500	0.56489	0.03635	0.12596	0.02100	0.02047	0.01456	0.00978	0.00812	0.00244	0.00868	0.00741	0.00835	0.01380
16	0.01858	0.13314	0.48818	0.02224	0.03283	0.02040	0.07917	0.02642	0.01761	0.06633	0.01539	0.01765	0.01111	0.00768	0.00755	0.00246	0.01135	0.00622	0.00392	0.01180
17	0.06784	0.04961	0.16800	0.07428	0.03349	0.01926	0.23792	0.08227	0.05083	0.04904	0.01927	0.07640	0.01585	0.00926	0.00843	0.00266	0.01069	0.00894	0.00501	0.01096
18	0.03641	0.01381	0.01883	0.01444	0.02071	0.01193	0.01193	0.03954	0.02322	0.66984	0.03201	0.02762	0.02009	0.01004	0.00816	0.00251	0.00690	0.00816	0.01004	0.01381
19	0.77215	0.01569	0.01193	0.01067	0.01569	0.01820	0.00879	0.02385	0.01381	0.03641	0.01130	0.01318	0.00879	0.00753	0.00502	0.00251	0.00628	0.00439	0.00502	0.00879
20	0.01981	0.01877	0.03074	0.08487	0.55356	0.01931	0.02337	0.02675	0.09096	0.02702	0.01726	0.02135	0.01410	0.00772	0.00806	0.00247	0.00934	0.00745	0.00448	0.01262
21	0.03344	0.01366	0.01824	0.01419	0.02001	0.01212	0.01164	0.06661	0.02394	0.57041	0.09909	0.03077	0.02586	0.01073	0.00831	0.00251	0.00667	0.00882	0.00983	0.01315
22	0.06058	0.12667	0.07413	0.01719	0.02407	0.02308	0.01538	0.36713	0.02964	0.15420	0.01978	0.01952	0.01394	0.00913	0.00753	0.00236	0.00865	0.00679	0.00728	0.01295
23	0.45576	0.01566	0.01525	0.01267	0.01817	0.01679	0.01042	0.07221	0.04635	0.23703	0.01935	0.01892	0.01340	0.00863	0.00637	0.00252	0.00667	0.00599	0.00696	0.01090
24	0.01513	0.00756	0.00756	0.00756	0.00945	0.00756	0.00567	0.01891	0.01702	0.03025	0.02647	0.03025	0.02080	0.00945	0.00567	0.00189	0.00378	0.00756	0.75988	0.00756
25	0.02893	0.09860	0.09998	0.01791	0.02500	0.01646	0.09492	0.05640	0.02179	0.38795	0.05159	0.02509	0.01899	0.00927	0.00801	0.00246	0.00852	0.00790	0.00765	0.01258
26	0.77215	0.01569	0.01193	0.01067	0.01569	0.01820	0.00879	0.02385	0.01381	0.03641	0.01130	0.01318	0.00879	0.00753	0.00502	0.00251	0.00628	0.00439	0.00502	0.00879
27	0.01513	0.00756	0.00756	0.00756	0.00945	0.00756	0.00567	0.01891	0.01702	0.03025	0.02647	0.03025	0.02080	0.00945	0.00567	0.00189	0.00378	0.00756	0.75988	0.00756
28	0.01683	0.01442	0.01683	0.01202	0.01923	0.01082	0.00961	0.02043	0.01683	0.02644	0.01442	0.01683	0.01202	0.00601	0.00601	0.00120	0.00601	0.00481	0.00481	0.76444
29	0.03031	0.03867	0.02299	0.02090	0.02508	0.68226	0.01568	0.03240	0.02299	0.01986	0.01254	0.01463	0.01045	0.00836	0.00732	0.00209	0.01463	0.00523	0.00418	0.00941
30	0.02050	0.02114	0.04486	0.03360	0.07589	0.01981	0.55367	0.02695	0.01942	0.07424	0.01752	0.02222	0.01292	0.00710	0.00938	0.00270	0.01294	0.00934	0.00454	0.01127
31	0.10241	0.02234	0.02316	0.02224	0.11834	0.10683	0.01567	0.29926	0.09460	0.08649	0.01952	0.02007	0.01436	0.00913	0.00771	0.00243	0.00909	0.00700	0.00685	0.01249
32	0.02152	0.01150	0.01604	0.05654	0.06356	0.01093	0.01157	0.02533	0.05076	0.26655	0.08611	0.27700	0.03609	0.01590	0.00907	0.00282	0.00626	0.01403	0.00815	0.01028
33	0.01513	0.00756	0.00756	0.00756	0.00945	0.00756	0.00567	0.01891	0.01702	0.03025	0.02647	0.03025	0.02080	0.00945	0.00567	0.00189	0.00378	0.00756	0.75988	0.00756
34	0.08264	0.01586	0.01958	0.01511	0.02135	0.01520	0.01248	0.16787	0.02585	0.49510	0.02796	0.02493	0.01800	0.00982	0.00795	0.00249	0.00730	0.00773	0.00930	0.01348
35	0.03032	0.02247	0.02405	0.01856	0.02496	0.02492	0.01530	0.60779	0.06838	0.05029	0.02015	0.02001	0.01434	0.00980	0.00812	0.00245	0.00880	0.00740	0.00812	0.01375
36	0.77215	0.01569	0.01193	0.01067	0.01569	0.01820	0.00879	0.02385	0.01381	0.03641	0.01130	0.01318	0.00879	0.00753	0.00502	0.00251	0.00628	0.00439	0.00502	0.00879
37	0.02917	0.01999	0.15892	0.01815	0.05968	0.01394	0.01633	0.03461	0.04801	0.43500	0.06098	0.02683	0.02080	0.00978	0.00814	0.00253	0.00796	0.00804	0.00815	0.01300
38	0.11894	0.01286	0.01422	0.01232	0.01595	0.01302	0.00916	0.05109	0.12397	0.14860	0.02599	0.07376	0.02328	0.22873	0.01795	0.00413	0.00690	0.00950	0.00675	0.08288
39	0.02006	0.01922	0.02532	0.38738	0.14956	0.09506	0.02074	0.10180	0.05404	0.02616	0.01598	0.02076	0.01224	0.00835	0.00802	0.00255	0.01058	0.00710	0.00456	0.01052
40	0.02152	0.02030	0.06453	0.02609	0.13540	0.06018	0.16195	0.13195	0.02208	0.07744	0.02226	0.13693	0.01999	0.01090	0.00864	0.00257	0.00969	0.01022	0.00582	0.05153

[dist]
# distance from previous block
# <min> <max>
0	6

[block]
# block no. 1 follows, 23 sequences, length 43
# corresponding to MSA columns:
# 470-512
name=unknown_B
#
# <colnr> <probs for GDERKNQSTAVLIFYWHMCP>
#	G	D	E	R	K	N	Q	S	T	A	V	L	I	F	Y	W	H	M	C	P
0	0.02085	0.01598	0.05093	0.01750	0.09743	0.01232	0.01282	0.02480	0.01855	0.15397	0.04381	0.02112	0.01621	0.00746	0.00690	0.00173	0.00683	0.00621	0.00585	0.45873
1	0.01976	0.50090	0.16391	0.01679	0.02441	0.02725	0.05519	0.02389	0.01672	0.02091	0.01427	0.05655	0.01312	0.00820	0.00628	0.00205	0.00939	0.00612	0.00375	0.01052
2	0.02040	0.01689	0.05862	0.01611	0.05817	0.01350	0.01283	0.05301	0.01856	0.11550	0.01690	0.01870	0.01307	0.00742	0.00791	0.00174	0.04993	0.00574	0.00548	0.48952
3	0.02658	0.02353	0.22662	0.01764	0.02537	0.01587	0.01786	0.03590	0.15375	0.33059	0.02668	0.02485	0.01796	0.00951	0.00804	0.00258	0.00842	0.00769	0.00756	0.01303
4	0.01767	0.01117	0.01558	0.01648	0.09212	0.01017	0.01121	0.02115	0.02052	0.14918	0.26302	0.13164	0.04624	0.01493	0.00904	0.00261	0.00578	0.07132	0.00784	0.08233
5	0.06324	0.02099	0.10179	0.01892	0.02572	0.01860	0.09133	0.22709	0.06427	0.19918	0.06720	0.02480	0.01963	0.00967	0.00822	0.00254	0.00873	0.00813	0.00747	0.01250
6	0.01965	0.13112	0.11924	0.02046	0.06358	0.01803	0.12283	0.05418	0.06000	0.09938	0.06585	0.10049	0.06756	0.01133	0.00829	0.00254	0.00869	0.01008	0.00594	0.01075
7	0.01068	0.00789	0.00998	0.01024	0.01183	0.00719	0.00738	0.01346	0.01990	0.02711	0.37358	0.26965	0.16111	0.02002	0.00982	0.00282	0.00415	0.01773	0.00827	0.00719
8	0.02026	0.01927	0.03071	0.24165	0.30123	0.06026	0.10345	0.05172	0.01921	0.05105	0.01584	0.02073	0.01234	0.00774	0.00823	0.00253	0.01071	0.00745	0.00433	0.01129
9	0.02084	0.15308	0.08902	0.10333	0.03226	0.16603	0.17449	0.02660	0.05669	0.02267	0.01563	0.01949	0.01255	0.01173	0.05842	0.00317	0.01264	0.00698	0.00416	0.01021
10	0.02166	0.01688	0.02437	0.32463	0.08278	0.01991	0.01924	0.14507	0.02094	0.10486	0.01698	0.02119	0.01264	0.00959	0.01113	0.00274	0.12200	0.00733	0.00529	0.01078
11	0.01024	0.00731	0.00982	0.01170	0.01232	0.00689	0.00814	0.01190	0.01588	0.02110	0.04453	0.64192	0.05290	0.02509	0.01045	0.00334	0.00501	0.08724	0.00753	0.00669
12	0.02833	0.01981	0.06309	0.10476	0.10926	0.01927	0.01735	0.27104	0.02730	0.22469	0.02171	0.02207	0.01495	0.00919	0.00809	0.00250	0.00884	0.00746	0.00733	0.01298
13	0.16046	0.11606	0.02540	0.06175	0.02588	0.24388	0.05805	0.13651	0.05002	0.02940	0.01468	0.01667	0.01153	0.00827	0.00702	0.00230	0.01068	0.00594	0.00508	0.01044
14	0.01121	0.00828	0.01047	0.00992	0.01195	0.00754	0.00744	0.01478	0.02232	0.03100	0.57637	0.06314	0.16109	0.01716	0.00957	0.00258	0.00387	0.01503	0.00873	0.00754
15	0.02263	0.02031	0.03197	0.04107	0.46236	0.02080	0.06841	0.17363	0.02330	0.03245	0.01637	0.02007	0.01304	0.00781	0.00817	0.00244	0.00977	0.00742	0.00502	0.01294
16	0.01775	0.01775	0.02485	0.02130	0.02130	0.02485	0.01775	0.01953	0.01243	0.01953	0.01065	0.01775	0.01065	0.01420	0.02663	0.00355	0.69998	0.00710	0.00355	0.00888
17	0.01609	0.01407	0.02038	0.02634	0.26483	0.01419	0.01504	0.02337	0.12730	0.02941	0.24801	0.04156	0.10080	0.01242	0.00876	0.00255	0.00654	0.01111	0.00679	0.01046
18	0.01015	0.00780	0.00928	0.00984	0.01154	0.00694	0.00703	0.01238	0.01844	0.02397	0.20398	0.31005	0.29655	0.02144	0.00987	0.00290	0.00427	0.01877	0.00786	0.00694
19	0.01035	0.00740	0.00992	0.01162	0.01235	0.00697	0.00815	0.01218	0.01640	0.02194	0.08783	0.59625	0.05452	0.02447	0.01039	0.00329	0.00495	0.08665	0.00762	0.00676
20	0.01128	0.00829	0.01056	0.00999	0.01200	0.00757	0.00749	0.01491	0.02248	0.03138	0.59672	0.06252	0.14050	0.01702	0.00957	0.00257	0.00386	0.01494	0.00878	0.00757
21	0.00986	0.00715	0.00933	0.01107	0.01171	0.00661	0.00743	0.01132	0.01576	0.02080	0.04754	0.66211	0.09928	0.02506	0.01030	0.00325	0.00466	0.02262	0.00753	0.00661
22	0.03085	0.02273	0.02435	0.01867	0.02516	0.02516	0.01542	0.63716	0.03815	0.05114	0.01948	0.01948	0.01380	0.00974	0.00812	0.00244	0.00893	0.00731	0.00812	0.01380
23	0.77215	0.01569	0.01193	0.01067	0.01569	0.01820	0.00879	0.02385	0.01381	0.03641	0.01130	0.01318	0.00879	0.00753	0.00502	0.00251	0.00628	0.00439	0.00502	0.00879
24	0.02008	0.01928	0.03294	0.04981	0.66422	0.01928	0.02490	0.02490	0.01848	0.02651	0.01526	0.02008	0.01285	0.00723	0.00803	0.00241	0.00964	0.00723	0.00402	0.01285
25	0.77215	0.01569	0.01193	0.01067	0.01569	0.01820	0.00879	0.02385	0.01381	0.03641	0.01130	0.01318	0.00879	0.00753	0.00502	0.00251	0.00628	0.00439	0.00502	0.00879
26	0.77215	0.01569	0.01193	0.01067	0.01569	0.01820	0.00879	0.02385	0.01381	0.03641	0.01130	0.01318	0.00879	0.00753	0.00502	0.00251	0.00628	0.00439	0.00502	0.00879
27	0.01148	0.00829	0.01085	0.01021	0.01212	0.00766	0.00766	0.01531	0.02297	0.03254	0.65994	0.06061	0.07656	0.01659	0.00957	0.00255	0.00383	0.01467	0.00893	0.00766
28	0.77215	0.01569	0.01193	0.01067	0.01569	0.01820	0.00879	0.02385	0.01381	0.03641	0.01130	0.01318	0.00879	0.00753	0.00502	0.00251	0.00628	0.00439	0.00502	0.00879
29	0.02008	0.01928	0.03294	0.04981	0.66422	0.01928	0.02490	0.02490	0.01848	0.02651	0.01526	0.02008	0.01285	0.00723	0.00803	0.00241	0.00964	0.00723	0.00402	0.01285
30	0.03009	0.02236	0.02393	0.01852	0.02488	0.02481	0.01524	0.59535	0.08118	0.04993	0.02043	0.02024	0.01457	0.00983	0.00813	0.00246	0.00875	0.00744	0.00813	0.01373
31	0.02018	0.01743	0.01835	0.01651	0.02110	0.02018	0.01284	0.04312	0.64956	0.03394	0.03303	0.03027	0.02477	0.01101	0.00826	0.00275	0.00642	0.00917	0.00826	0.01284
32	0.01132	0.00830	0.01045	0.01007	0.01196	0.00764	0.00752	0.01462	0.02135	0.02947	0.50424	0.06404	0.15366	0.06657	0.01189	0.00301	0.00433	0.04385	0.00838	0.00734
33	0.03368	0.01818	0.02154	0.01651	0.02289	0.01841	0.01364	0.33233	0.03054	0.36672	0.02587	0.02363	0.01701	0.00989	0.00814	0.00247	0.00790	0.00774	0.00910	0.01380
34	0.01987	0.01073	0.01181	0.01043	0.01360	0.01088	0.00816	0.09068	0.05980	0.12072	0.06357	0.03047	0.02341	0.01008	0.00667	0.00213	0.00494	0.00813	0.48449	0.00944
35	0.01909	0.02171	0.04687	0.03363	0.04148	0.02071	0.60764	0.02571	0.01886	0.02571	0.01616	0.02171	0.01224	0.00716	0.01033	0.00277	0.04383	0.00947	0.00408	0.01085
36	0.01002	0.00738	0.00926	0.01056	0.01150	0.00676	0.00717	0.01162	0.01632	0.02138	0.08622	0.52662	0.16347	0.05693	0.01165	0.00337	0.00470	0.02097	0.00749	0.00662
37	0.03446	0.01389	0.01833	0.01418	0.02014	0.01242	0.01167	0.07517	0.02369	0.58331	0.03082	0.02731	0.01975	0.00998	0.00797	0.00246	0.00680	0.00806	0.06624	0.01334
38	0.01377	0.01147	0.01673	0.01448	0.01548	0.01268	0.08318	0.01501	0.01299	0.01796	0.02245	0.07440	0.02489	0.45757	0.03308	0.00617	0.14536	0.01115	0.00468	0.00651
39	0.14991	0.01676	0.01829	0.01488	0.02036	0.01779	0.01209	0.19497	0.14916	0.23163	0.02512	0.02382	0.01756	0.00970	0.00748	0.00249	0.00702	0.00748	0.06114	0.01236
40	0.00989	0.00706	0.00942	0.01130	0.01177	0.00659	0.00753	0.01130	0.01554	0.02071	0.04472	0.70954	0.05367	0.02542	0.01036	0.00330	0.00471	0.02307	0.00753	0.00659
41	0.03539	0.01543	0.01984	0.01521	0.02152	0.01434	0.01256	0.14844	0.02594	0.55709	0.02973	0.02614	0.01894	0.00999	0.00815	0.00250	0.00727	0.00800	0.00969	0.01381
42	0.23203	0.02062	0.02452	0.01896	0.02520	0.06177	0.12608	0.25169	0.02537	0.11178	0.01770	0.01883	0.01267	0.00856	0.00749	0.00250	0.00919	0.00689	0.00652	0.01164

[dist]
# distance from previous block
# <min> <max>
4	9

[block]
# block no. 2 follows, 23 sequences, length 18
# corresponding to MSA columns:
# 523-540
name=unknown_C
#
# <colnr> <probs for GDERKNQSTAVLIFYWHMCP>
#	G	D	E	R	K	N	Q	S	T	A	V	L	I	F	Y	W	H	M	C	P
0	0.01148	0.00829	0.01085	0.01021	0.01212	0.00766	0.00766	0.01531	0.02297	0.03254	0.65994	0.06061	0.07656	0.01659	0.00957	0.00255	0.00383	0.01467	0.00893	0.00766
1	0.77215	0.01569	0.01193	0.01067	0.01569	0.01820	0.00879	0.02385	0.01381	0.03641	0.01130	0.01318	0.00879	0.00753	0.00502	0.00251	0.00628	0.00439	0.00502	0.00879
2	0.00985	0.00719	0.00928	0.01095	0.01168	0.00662	0.00738	0.01134	0.01587	0.02085	0.04902	0.63710	0.12333	0.02486	0.01027	0.00323	0.00464	0.02239	0.00753	0.00662
3	0.00989	0.00706	0.00942	0.01130	0.01177	0.00659	0.00753	0.01130	0.01554	0.02071	0.04472	0.70954	0.05367	0.02542	0.01036	0.00330	0.00471	0.02307	0.00753	0.00659
4	0.02169	0.71972	0.04252	0.01388	0.02083	0.03211	0.01388	0.02430	0.01649	0.01909	0.01128	0.01302	0.01041	0.00694	0.00521	0.00174	0.00868	0.00434	0.00347	0.01041
5	0.01104	0.00828	0.01023	0.00974	0.01185	0.00747	0.00731	0.01445	0.02192	0.03005	0.52431	0.06471	0.21374	0.01752	0.00957	0.00260	0.00389	0.01525	0.00860	0.00747
6	0.02169	0.71972	0.04252	0.01388	0.02083	0.03211	0.01388	0.02430	0.01649	0.01909	0.01128	0.01302	0.01041	0.00694	0.00521	0.00174	0.00868	0.00434	0.00347	0.01041
7	0.00965	0.00800	0.00844	0.00879	0.01111	0.00680	0.00642	0.01158	0.01795	0.02170	0.07524	0.19540	0.54811	0.02146	0.00973	0.00284	0.00422	0.01823	0.00753	0.00680
8	0.01745	0.01209	0.01252	0.01167	0.01480	0.01336	0.00897	0.03003	0.30750	0.03195	0.02948	0.03026	0.02262	0.01017	0.00686	0.00229	0.00499	0.00830	0.41471	0.00999
9	0.77215	0.01569	0.01193	0.01067	0.01569	0.01820	0.00879	0.02385	0.01381	0.03641	0.01130	0.01318	0.00879	0.00753	0.00502	0.00251	0.00628	0.00439	0.00502	0.00879
10	0.01683	0.01442	0.01683	0.01202	0.01923	0.01082	0.00961	0.02043	0.01683	0.02644	0.01442	0.01683	0.01202	0.00601	0.00601	0.00120	0.00601	0.00481	0.00481	0.76444
11	0.03085	0.02273	0.02435	0.01867	0.02516	0.02516	0.01542	0.63716	0.03815	0.05114	0.01948	0.01948	0.01380	0.00974	0.00812	0.00244	0.00893	0.00731	0.00812	0.01380
12	0.01572	0.00930	0.01178	0.01058	0.01347	0.00828	0.00814	0.01904	0.02208	0.14870	0.42186	0.05816	0.18889	0.01621	0.00931	0.00258	0.00446	0.01398	0.00884	0.00863
13	0.01683	0.01442	0.01683	0.01202	0.01923	0.01082	0.00961	0.02043	0.01683	0.02644	0.01442	0.01683	0.01202	0.00601	0.00601	0.00120	0.00601	0.00481	0.00481	0.76444
14	0.01532	0.01442	0.02434	0.69533	0.05589	0.01803	0.02253	0.02073	0.01622	0.02073	0.01442	0.02163	0.01082	0.00811	0.00811	0.00270	0.01082	0.00721	0.00361	0.00901
15	0.01297	0.00927	0.01293	0.01464	0.01651	0.00923	0.01273	0.01672	0.01895	0.02481	0.08234	0.08956	0.04860	0.02204	0.01110	0.00366	0.00724	0.57163	0.00756	0.00748
16	0.01303	0.00886	0.01148	0.01227	0.01393	0.00848	0.00926	0.04424	0.01876	0.05544	0.11926	0.38876	0.09087	0.02189	0.01019	0.00319	0.00548	0.14917	0.00784	0.00762
17	0.63054	0.01409	0.01146	0.01079	0.01496	0.01605	0.00855	0.02152	0.01413	0.03349	0.01751	0.14255	0.01713	0.01086	0.00601	0.00266	0.00599	0.00786	0.00549	0.00838

[dist]
# distance from previous block
# <min> <max>
0	3

[block]
# block no. 3 follows, 23 sequences, length 10
# corresponding to MSA columns:
# 544-553
name=unknown_D
#
# <colnr> <probs for GDERKNQSTAVLIFYWHMCP>
#	G	D	E	R	K	N	Q	S	T	A	V	L	I	F	Y	W	H	M	C	P
0	0.01310	0.00818	0.01094	0.01133	0.01283	0.00813	0.00828	0.01563	0.01657	0.06918	0.11216	0.31814	0.04130	0.03011	0.18023	0.00544	0.00896	0.01526	0.10670	0.00753
1	0.01426	0.01163	0.01521	0.06023	0.01896	0.01210	0.04148	0.05168	0.15104	0.02804	0.17969	0.25685	0.09179	0.01714	0.00938	0.00286	0.00590	0.01527	0.00759	0.00890
2	0.42931	0.01721	0.01612	0.01397	0.01872	0.02010	0.01133	0.10965	0.17839	0.03653	0.01785	0.01868	0.01364	0.00918	0.00779	0.00264	0.05605	0.00619	0.00615	0.01049
3	0.10404	0.01882	0.03554	0.12847	0.03776	0.01888	0.36522	0.02655	0.01842	0.11343	0.01745	0.02151	0.01269	0.00782	0.00930	0.00271	0.03740	0.00836	0.00491	0.01072
4	0.06951	0.03040	0.35487	0.02188	0.03075	0.01941	0.10563	0.03061	0.19880	0.02884	0.01989	0.02128	0.01461	0.00853	0.00794	0.00264	0.01023	0.00728	0.00501	0.01188
5	0.01098	0.00827	0.01014	0.00968	0.01181	0.00744	0.00726	0.01433	0.02177	0.02969	0.50507	0.06530	0.23320	0.01765	0.00958	0.00260	0.00390	0.01533	0.00856	0.00744
6	0.02000	0.01682	0.02398	0.10013	0.02532	0.02229	0.01753	0.02239	0.01434	0.10787	0.01399	0.01955	0.01195	0.01292	0.02193	0.00331	0.52443	0.00726	0.00444	0.00956
7	0.01911	0.02105	0.04318	0.03474	0.12225	0.02087	0.48098	0.02508	0.01827	0.02530	0.01558	0.02116	0.01219	0.00776	0.01139	0.00279	0.09436	0.00897	0.00403	0.01095
8	0.03085	0.02273	0.02435	0.01867	0.02516	0.02516	0.01542	0.63716	0.03815	0.05114	0.01948	0.01948	0.01380	0.00974	0.00812	0.00244	0.00893	0.00731	0.00812	0.01380
9	0.21807	0.02137	0.02005	0.01639	0.02199	0.17108	0.04276	0.09455	0.02214	0.26508	0.02025	0.01987	0.01399	0.00884	0.00724	0.00242	0.00908	0.00652	0.00693	0.01139

[dist]
# distance from previous block
# <min> <max>
0	1

[block]
# block no. 4 follows, 23 sequences, length 9
# corresponding to MSA columns:
# 555-563
name=unknown_E
#
# <colnr> <probs for GDERKNQSTAVLIFYWHMCP>
#	G	D	E	R	K	N	Q	S	T	A	V	L	I	F	Y	W	H	M	C	P
0	0.25695	0.06171	0.07817	0.01662	0.02324	0.02008	0.05768	0.20435	0.02343	0.15694	0.01820	0.01866	0.01283	0.00857	0.00707	0.00246	0.00832	0.00644	0.00656	0.01170
1	0.62926	0.01623	0.01382	0.01183	0.01711	0.01833	0.00975	0.08746	0.01714	0.09623	0.01404	0.01515	0.01034	0.00799	0.00562	0.00250	0.00660	0.00504	0.00580	0.00976
2	0.01409	0.00705	0.01057	0.01057	0.01057	0.00705	0.00705	0.01057	0.01057	0.01409	0.01409	0.02467	0.01409	0.02819	0.03171	0.76392	0.00705	0.00705	0.00352	0.00352
3	0.02342	0.10244	0.06101	0.01742	0.02357	0.02163	0.05799	0.32350	0.08595	0.03747	0.03027	0.03003	0.12760	0.01111	0.00813	0.00246	0.00833	0.00894	0.00694	0.01179
4	0.01683	0.01442	0.01683	0.01202	0.01923	0.01082	0.00961	0.02043	0.01683	0.02644	0.01442	0.01683	0.01202	0.00601	0.00601	0.00120	0.00601	0.00481	0.00481	0.76444
5	0.01132	0.00829	0.01062	0.01004	0.01202	0.00759	0.00753	0.01500	0.02259	0.03163	0.61074	0.06210	0.12632	0.01693	0.00957	0.00257	0.00385	0.01488	0.00881	0.00759
6	0.01182	0.00854	0.01281	0.01281	0.01413	0.00986	0.00986	0.01413	0.01281	0.01840	0.02103	0.03122	0.01972	0.05786	0.62293	0.08196	0.02039	0.00854	0.00427	0.00690
7	0.02029	0.01321	0.01486	0.01278	0.01628	0.06030	0.00997	0.08490	0.02457	0.17286	0.40978	0.04582	0.05296	0.01385	0.00895	0.00250	0.00582	0.01180	0.00874	0.00975
8	0.05349	0.31156	0.07073	0.01625	0.02280	0.10902	0.01480	0.14539	0.07957	0.02840	0.01546	0.01660	0.01244	0.00804	0.00653	0.00205	0.00919	0.00561	0.00506	0.06701

[dist]
# distance from previous block
# <min> <max>
1	4

[block]
# block no. 5 follows, 23 sequences, length 14
# corresponding to MSA columns:
# 568-581
name=unknown_F
#
# <colnr> <probs for GDERKNQSTAVLIFYWHMCP>
#	G	D	E	R	K	N	Q	S	T	A	V	L	I	F	Y	W	H	M	C	P
0	0.07487	0.03756	0.08231	0.02048	0.02543	0.57995	0.01657	0.03125	0.02189	0.02142	0.01265	0.01477	0.01033	0.00825	0.00721	0.00216	0.01387	0.00525	0.00416	0.00961
1	0.00986	0.00716	0.00931	0.01102	0.01170	0.00661	0.00741	0.01133	0.01580	0.02082	0.04807	0.65319	0.10785	0.02499	0.01029	0.00325	0.00465	0.02254	0.00753	0.00661
2	0.42094	0.01486	0.01428	0.01198	0.01705	0.01596	0.00981	0.08658	0.01891	0.19382	0.01917	0.01956	0.01361	0.00861	0.00618	0.00242	0.00637	0.00602	0.10351	0.01036
3	0.01195	0.00820	0.01042	0.00987	0.01178	0.00764	0.00740	0.01577	0.02220	0.03225	0.57858	0.05671	0.06940	0.01567	0.00907	0.00247	0.00382	0.01376	0.10537	0.00764
4	0.01287	0.00921	0.01279	0.01434	0.01621	0.00912	0.01238	0.01662	0.01923	0.02534	0.12220	0.08756	0.05053	0.02167	0.01100	0.00358	0.00700	0.53320	0.00766	0.00750
5	0.03085	0.02273	0.02435	0.01867	0.02516	0.02516	0.01542	0.63716	0.03815	0.05114	0.01948	0.01948	0.01380	0.00974	0.00812	0.00244	0.00893	0.00731	0.00812	0.01380
6	0.00976	0.00823	0.00846	0.00840	0.01107	0.00692	0.00630	0.01198	0.01891	0.02290	0.13554	0.07648	0.60697	0.02018	0.00959	0.00272	0.00408	0.01690	0.00766	0.00692
7	0.49347	0.01834	0.01660	0.01368	0.01925	0.02082	0.01128	0.25441	0.02296	0.04194	0.01437	0.01555	0.01067	0.00836	0.00619	0.00248	0.00727	0.00549	0.00619	0.01067
8	0.01180	0.00787	0.00885	0.00885	0.00885	0.00787	0.00492	0.01180	0.01180	0.01573	0.02557	0.05310	0.02950	0.71483	0.04130	0.00787	0.00787	0.01180	0.00492	0.00492
9	0.01203	0.00859	0.01187	0.01375	0.01515	0.00844	0.01125	0.01500	0.01765	0.02311	0.04354	0.29457	0.04899	0.02340	0.01093	0.00359	0.00656	0.41690	0.00749	0.00718
10	0.00989	0.00706	0.00942	0.01130	0.01177	0.00659	0.00753	0.01130	0.01554	0.02071	0.04472	0.70954	0.05367	0.02542	0.01036	0.00330	0.00471	0.02307	0.00753	0.00659
11	0.09140	0.01854	0.08639	0.01485	0.02233	0.01418	0.04662	0.07664	0.01860	0.02951	0.01469	0.01702	0.01170	0.00671	0.00647	0.00166	0.00734	0.00538	0.00494	0.50502
12	0.02349	0.30723	0.15933	0.01929	0.02643	0.22862	0.05602	0.05116	0.01963	0.02230	0.01295	0.01512	0.01065	0.00763	0.00673	0.00210	0.01148	0.00538	0.00390	0.01058
13	0.10040	0.08443	0.10875	0.01853	0.02502	0.01797	0.10962	0.02832	0.05293	0.18691	0.02018	0.04260	0.01529	0.00923	0.00924	0.00249	0.07035	0.00747	0.00589	0.08438

[dist]
# distance from previous block
# <min> <max>
0	2

[block]
# block no. 6 follows, 23 sequences, length 25
# corresponding to MSA columns:
# 584-608
name=unknown_G
#
# <colnr> <probs for GDERKNQSTAVLIFYWHMCP>
#	G	D	E	R	K	N	Q	S	T	A	V	L	I	F	Y	W	H	M	C	P
0	0.02277	0.63437	0.04007	0.01476	0.02136	0.11358	0.01411	0.02531	0.01730	0.01919	0.01144	0.01322	0.01042	0.00712	0.00547	0.00178	0.00942	0.00445	0.00356	0.01029
1	0.02338	0.46341	0.03960	0.01832	0.02521	0.07871	0.13079	0.02680	0.01818	0.08645	0.01445	0.01629	0.01175	0.00735	0.00649	0.00203	0.00991	0.00578	0.00431	0.01078
2	0.03641	0.01381	0.01883	0.01444	0.02071	0.01193	0.01193	0.03954	0.02322	0.66984	0.03201	0.02762	0.02009	0.01004	0.00816	0.00251	0.00690	0.00816	0.01004	0.01381
3	0.01054	0.00826	0.00953	0.00921	0.01154	0.00725	0.00691	0.01348	0.02073	0.02723	0.37118	0.06935	0.36863	0.01857	0.00958	0.00265	0.00397	0.01590	0.00823	0.00725
4	0.01002	0.00824	0.00882	0.00868	0.01123	0.00703	0.00651	0.01249	0.01952	0.02435	0.21457	0.07409	0.52703	0.01964	0.00959	0.00270	0.00405	0.01656	0.00786	0.00703
5	0.01409	0.00705	0.01057	0.01057	0.01057	0.00705	0.00705	0.01057	0.01057	0.01409	0.01409	0.02467	0.01409	0.02819	0.03171	0.76392	0.00705	0.00705	0.00352	0.00352
6	0.01532	0.01442	0.02434	0.69533	0.05589	0.01803	0.02253	0.02073	0.01622	0.02073	0.01442	0.02163	0.01082	0.00811	0.00811	0.00270	0.01082	0.00721	0.00361	0.00901
7	0.77215	0.01569	0.01193	0.01067	0.01569	0.01820	0.00879	0.02385	0.01381	0.03641	0.01130	0.01318	0.00879	0.00753	0.00502	0.00251	0.00628	0.00439	0.00502	0.00879
8	0.01950	0.01434	0.01710	0.01235	0.01943	0.01097	0.00993	0.02305	0.01770	0.11446	0.01683	0.01830	0.01312	0.00656	0.00630	0.00138	0.00613	0.00527	0.00552	0.66175
9	0.01834	0.01751	0.02980	0.28557	0.44204	0.01882	0.02404	0.02338	0.01765	0.02440	0.01496	0.02065	0.01211	0.00755	0.00806	0.00252	0.01007	0.00722	0.00387	0.01145
10	0.02008	0.01928	0.03294	0.04981	0.66422	0.01928	0.02490	0.02490	0.01848	0.02651	0.01526	0.02008	0.01285	0.00723	0.00803	0.00241	0.00964	0.00723	0.00402	0.01285
11	0.02884	0.02848	0.02387	0.01993	0.02460	0.29020	0.01584	0.30871	0.02852	0.03420	0.01547	0.01729	0.01202	0.00979	0.01033	0.00245	0.10576	0.00644	0.00590	0.01135
12	0.57930	0.01520	0.01374	0.01166	0.01701	0.01656	0.00961	0.02797	0.01628	0.20244	0.01673	0.01697	0.01175	0.00819	0.00584	0.00251	0.00644	0.00538	0.00634	0.01010
13	0.00980	0.00740	0.00907	0.01041	0.01154	0.00667	0.00714	0.01140	0.01639	0.02106	0.05555	0.52718	0.22904	0.02401	0.01014	0.00313	0.00454	0.02135	0.00753	0.00667
14	0.00959	0.00822	0.00822	0.00822	0.01096	0.00685	0.00617	0.01165	0.01850	0.02192	0.08220	0.07809	0.66092	0.02055	0.00959	0.00274	0.00411	0.01713	0.00754	0.00685
15	0.01978	0.02013	0.03780	0.04473	0.46202	0.01968	0.22321	0.02526	0.01870	0.02634	0.01564	0.02067	0.01268	0.00710	0.00853	0.00252	0.01095	0.00799	0.00404	0.01223
16	0.01915	0.02189	0.04788	0.03420	0.04241	0.02052	0.63475	0.02599	0.01915	0.02599	0.01642	0.02189	0.01231	0.00684	0.00958	0.00274	0.01368	0.00958	0.00410	0.01094
17	0.01180	0.00787	0.00885	0.00885	0.00885	0.00787	0.00492	0.01180	0.01180	0.01573	0.02557	0.05310	0.02950	0.71483	0.04130	0.00787	0.00787	0.01180	0.00492	0.00492
18	0.00989	0.00706	0.00942	0.01130	0.01177	0.00659	0.00753	0.01130	0.01554	0.02071	0.04472	0.70954	0.05367	0.02542	0.01036	0.00330	0.00471	0.02307	0.00753	0.00659
19	0.01921	0.01557	0.01711	0.01522	0.01929	0.01733	0.01196	0.11642	0.38476	0.03549	0.18224	0.03906	0.03677	0.01273	0.00870	0.00271	0.00619	0.03942	0.00836	0.01147
20	0.01935	0.40220	0.29720	0.01890	0.02796	0.02602	0.05953	0.02497	0.01692	0.02219	0.01293	0.01524	0.01048	0.00725	0.00649	0.00214	0.01033	0.00534	0.00349	0.01108
21	0.01211	0.00921	0.01125	0.01058	0.01287	0.00882	0.00798	0.01763	0.08591	0.03123	0.51732	0.05993	0.15125	0.01656	0.00944	0.00260	0.00413	0.01445	0.00867	0.00807
22	0.02142	0.30595	0.06850	0.02126	0.02736	0.11620	0.16451	0.02597	0.04169	0.02180	0.01359	0.01686	0.01145	0.00827	0.00963	0.00234	0.10258	0.00635	0.00391	0.01037
23	0.01409	0.00705	0.01057	0.01057	0.01057	0.00705	0.00705	0.01057	0.01057	0.01409	0.01409	0.02467	0.01409	0.02819	0.03171	0.76392	0.00705	0.00705	0.00352	0.00352
24	0.63049	0.01602	0.01314	0.01177	0.01671	0.01858	0.00955	0.02748	0.13357	0.03594	0.01539	0.01640	0.01180	0.00819	0.00563	0.00256	0.00630	0.00529	0.00563	0.00955

[dist]
# distance from previous block
# <min> <max>
0	4

[block]
# block no. 7 follows, 23 sequences, length 27
# corresponding to MSA columns:
# 613-639
name=unknown_H
#
# <colnr> <probs for GDERKNQSTAVLIFYWHMCP>
#	G	D	E	R	K	N	Q	S	T	A	V	L	I	F	Y	W	H	M	C	P
0	0.17400	0.16206	0.31718	0.01936	0.02825	0.02099	0.08019	0.02591	0.01689	0.06525	0.01449	0.01663	0.01078	0.00758	0.00689	0.00241	0.01005	0.00583	0.00422	0.01104
1	0.00989	0.00706	0.00942	0.01130	0.01177	0.00659	0.00753	0.01130	0.01554	0.02071	0.04472	0.70954	0.05367	0.02542	0.01036	0.00330	0.00471	0.02307	0.00753	0.00659
2	0.02169	0.71972	0.04252	0.01388	0.02083	0.03211	0.01388	0.02430	0.01649	0.01909	0.01128	0.01302	0.01041	0.00694	0.00521	0.00174	0.00868	0.00434	0.00347	0.01041
3	0.01161	0.00862	0.01269	0.01269	0.01402	0.00995	0.00971	0.01427	0.01294	0.01858	0.02205	0.03365	0.02105	0.11538	0.62920	0.01261	0.02058	0.00895	0.00439	0.00705
4	0.00989	0.00706	0.00942	0.01130	0.01177	0.00659	0.00753	0.01130	0.01554	0.02071	0.04472	0.70954	0.05367	0.02542	0.01036	0.00330	0.00471	0.02307	0.00753	0.00659
5	0.00993	0.00823	0.00869	0.00858	0.01117	0.00700	0.00643	0.01231	0.01930	0.02384	0.18645	0.07494	0.55548	0.01984	0.00959	0.00271	0.00406	0.01668	0.00779	0.00700
6	0.00991	0.00823	0.00867	0.00856	0.01116	0.00699	0.00642	0.01227	0.01926	0.02374	0.18104	0.07510	0.56095	0.01987	0.00959	0.00271	0.00406	0.01671	0.00777	0.00699
7	0.02169	0.71972	0.04252	0.01388	0.02083	0.03211	0.01388	0.02430	0.01649	0.01909	0.01128	0.01302	0.01041	0.00694	0.00521	0.00174	0.00868	0.00434	0.00347	0.01041
8	0.02018	0.01743	0.01835	0.01651	0.02110	0.02018	0.01284	0.04312	0.64956	0.03394	0.03303	0.03027	0.02477	0.01101	0.00826	0.00275	0.00642	0.00917	0.00826	0.01284
9	0.01683	0.01442	0.01683	0.01202	0.01923	0.01082	0.00961	0.02043	0.01683	0.02644	0.01442	0.01683	0.01202	0.00601	0.00601	0.00120	0.00601	0.00481	0.00481	0.76444
10	0.01683	0.01442	0.01683	0.01202	0.01923	0.01082	0.00961	0.02043	0.01683	0.02644	0.01442	0.01683	0.01202	0.00601	0.00601	0.00120	0.00601	0.00481	0.00481	0.76444
11	0.77215	0.01569	0.01193	0.01067	0.01569	0.01820	0.00879	0.02385	0.01381	0.03641	0.01130	0.01318	0.00879	0.00753	0.00502	0.00251	0.00628	0.00439	0.00502	0.00879
12	0.02018	0.01743	0.01835	0.01651	0.02110	0.02018	0.01284	0.04312	0.64956	0.03394	0.03303	0.03027	0.02477	0.01101	0.00826	0.00275	0.00642	0.00917	0.00826	0.01284
13	0.03085	0.02273	0.02435	0.01867	0.02516	0.02516	0.01542	0.63716	0.03815	0.05114	0.01948	0.01948	0.01380	0.00974	0.00812	0.00244	0.00893	0.00731	0.00812	0.01380
14	0.02169	0.71972	0.04252	0.01388	0.02083	0.03211	0.01388	0.02430	0.01649	0.01909	0.01128	0.01302	0.01041	0.00694	0.00521	0.00174	0.00868	0.00434	0.00347	0.01041
15	0.01627	0.04197	0.67279	0.02313	0.03512	0.01884	0.02998	0.02570	0.01713	0.02570	0.01456	0.01713	0.01028	0.00771	0.00771	0.00257	0.01199	0.00600	0.00343	0.01199
16	0.01775	0.01775	0.02485	0.02130	0.02130	0.02485	0.01775	0.01953	0.01243	0.01953	0.01065	0.01775	0.01065	0.01420	0.02663	0.00355	0.69998	0.00710	0.00355	0.00888
17	0.00995	0.00826	0.00877	0.00907	0.01158	0.00708	0.00692	0.01212	0.01833	0.02207	0.07602	0.11930	0.56292	0.02104	0.00980	0.00287	0.00447	0.07502	0.00753	0.00689
18	0.03085	0.02273	0.02435	0.01867	0.02516	0.02516	0.01542	0.63716	0.03815	0.05114	0.01948	0.01948	0.01380	0.00974	0.00812	0.00244	0.00893	0.00731	0.00812	0.01380
19	0.01119	0.00940	0.00986	0.00954	0.01240	0.00865	0.00721	0.01613	0.09892	0.02489	0.15472	0.06966	0.50083	0.01880	0.00942	0.00272	0.00436	0.01579	0.00782	0.00772
20	0.01344	0.00875	0.01135	0.01044	0.01277	0.00796	0.00792	0.01710	0.02271	0.08500	0.57108	0.05897	0.10878	0.01629	0.00945	0.00256	0.00410	0.01429	0.00894	0.00812
21	0.02050	0.02353	0.04362	0.03421	0.10081	0.09519	0.50558	0.02661	0.01952	0.02535	0.01587	0.02089	0.01215	0.00705	0.00917	0.00263	0.01340	0.00886	0.00410	0.01096
22	0.01162	0.00860	0.01257	0.01257	0.01385	0.00989	0.00955	0.01419	0.01290	0.01849	0.02217	0.03428	0.02133	0.13477	0.61019	0.01246	0.02017	0.00904	0.00441	0.00698
23	0.01107	0.00790	0.01077	0.01265	0.01364	0.00761	0.00958	0.01334	0.01670	0.02203	0.04407	0.48082	0.05109	0.02431	0.01067	0.00346	0.00573	0.24013	0.00751	0.00692
24	0.09324	0.02024	0.03103	0.11471	0.40346	0.07147	0.09947	0.02506	0.01821	0.02623	0.01471	0.01939	0.01197	0.00740	0.00789	0.00247	0.01035	0.00709	0.00409	0.01151
25	0.09135	0.25255	0.26883	0.02132	0.10624	0.02210	0.02021	0.02376	0.01664	0.02429	0.01579	0.07352	0.01412	0.00886	0.00690	0.00233	0.00946	0.00688	0.00401	0.01083
26	0.07634	0.01307	0.01635	0.01327	0.01837	0.01227	0.01073	0.03418	0.08681	0.42990	0.10124	0.03097	0.02631	0.01067	0.00789	0.00248	0.00616	0.00871	0.08221	0.01209

[dist]
# distance from previous block
# <min> <max>
0	11

[block]
# block no. 8 follows, 23 sequences, length 11
# corresponding to MSA columns:
# 651-661
name=unknown_I
#
# <colnr> <probs for GDERKNQSTAVLIFYWHMCP>
#	G	D	E	R	K	N	Q	S	T	A	V	L	I	F	Y	W	H	M	C	P
0	0.26348	0.21373	0.02629	0.04489	0.06715	0.06599	0.05655	0.02580	0.01720	0.09589	0.01749	0.01908	0.03985	0.00822	0.00642	0.00229	0.00842	0.00608	0.00499	0.01018
1	0.01284	0.00852	0.01017	0.01005	0.01242	0.00748	0.00742	0.01522	0.01919	0.09094	0.19028	0.22692	0.31884	0.01984	0.00963	0.00282	0.00449	0.01716	0.00809	0.00768
2	0.02551	0.48205	0.03565	0.01497	0.02173	0.02805	0.01396	0.15561	0.02192	0.10934	0.01567	0.01625	0.01237	0.00793	0.00620	0.00198	0.00850	0.00546	0.00529	0.01156
3	0.77215	0.01569	0.01193	0.01067	0.01569	0.01820	0.00879	0.02385	0.01381	0.03641	0.01130	0.01318	0.00879	0.00753	0.00502	0.00251	0.00628	0.00439	0.00502	0.00879
4	0.10567	0.01399	0.01818	0.01408	0.02024	0.01252	0.01163	0.03807	0.02234	0.61020	0.03006	0.02626	0.01902	0.00981	0.00786	0.00251	0.00685	0.00781	0.00957	0.01334
5	0.01078	0.00812	0.00998	0.00983	0.01177	0.00731	0.00725	0.01384	0.02085	0.02825	0.43014	0.14842	0.22623	0.01876	0.00968	0.00270	0.00401	0.01639	0.00839	0.00731
6	0.01112	0.00810	0.01046	0.01026	0.01200	0.00744	0.00755	0.01446	0.02153	0.03004	0.52822	0.16396	0.10808	0.01822	0.00970	0.00268	0.00398	0.01614	0.00863	0.00744
7	0.01148	0.00829	0.01085	0.01021	0.01212	0.00766	0.00766	0.01531	0.02297	0.03254	0.65994	0.06061	0.07656	0.01659	0.00957	0.00255	0.00383	0.01467	0.00893	0.00766
8	0.02018	0.01743	0.01835	0.01651	0.02110	0.02018	0.01284	0.04312	0.64956	0.03394	0.03303	0.03027	0.02477	0.01101	0.00826	0.00275	0.00642	0.00917	0.00826	0.01284
9	0.02018	0.01743	0.01835	0.01651	0.02110	0.02018	0.01284	0.04312	0.64956	0.03394	0.03303	0.03027	0.02477	0.01101	0.00826	0.00275	0.00642	0.00917	0.00826	0.01284
10	0.01683	0.01442	0.01683	0.01202	0.01923	0.01082	0.00961	0.02043	0.01683	0.02644	0.01442	0.01683	0.01202	0.00601	0.00601	0.00120	0.00601	0.00481	0.00481	0.76444

[dist]
# distance from previous block
# <min> <max>
0	33

[block]
# block no. 9 follows, 23 sequences, length 43
# corresponding to MSA columns:
# 695-737
name=unknown_J
#
# <colnr> <probs for GDERKNQSTAVLIFYWHMCP>
#	G	D	E	R	K	N	Q	S	T	A	V	L	I	F	Y	W	H	M	C	P
0	0.01839	0.02717	0.21227	0.03129	0.04049	0.02008	0.47565	0.02591	0.01862	0.02591	0.01593	0.02064	0.01178	0.00707	0.00908	0.00269	0.01324	0.00863	0.00393	0.01122
1	0.01627	0.04197	0.67279	0.02313	0.03512	0.01884	0.02998	0.02570	0.01713	0.02570	0.01456	0.01713	0.01028	0.00771	0.00771	0.00257	0.01199	0.00600	0.00343	0.01199
2	0.01157	0.00835	0.01096	0.01045	0.01236	0.00774	0.00794	0.01539	0.02275	0.03211	0.62805	0.06221	0.07502	0.01689	0.00965	0.00261	0.00402	0.04542	0.00886	0.00765
3	0.03347	0.01578	0.01955	0.01511	0.02115	0.01519	0.01244	0.19881	0.02682	0.46021	0.02827	0.02561	0.01844	0.00992	0.00798	0.00245	0.00724	0.00789	0.06029	0.01338
4	0.01146	0.00818	0.01122	0.01310	0.01426	0.00795	0.01027	0.01402	0.01709	0.02247	0.04385	0.40480	0.05023	0.02394	0.01078	0.00351	0.00607	0.31228	0.00750	0.00703
5	0.03254	0.01667	0.02209	0.01700	0.02326	0.01613	0.05528	0.20660	0.02695	0.42004	0.02793	0.02800	0.01906	0.01033	0.00839	0.00256	0.00796	0.03692	0.00897	0.01331
6	0.02169	0.71972	0.04252	0.01388	0.02083	0.03211	0.01388	0.02430	0.01649	0.01909	0.01128	0.01302	0.01041	0.00694	0.00521	0.00174	0.00868	0.00434	0.00347	0.01041
7	0.01148	0.00829	0.01085	0.01021	0.01212	0.00766	0.00766	0.01531	0.02297	0.03254	0.65994	0.06061	0.07656	0.01659	0.00957	0.00255	0.00383	0.01467	0.00893	0.00766
8	0.01532	0.01442	0.02434	0.69533	0.05589	0.01803	0.02253	0.02073	0.01622	0.02073	0.01442	0.02163	0.01082	0.00811	0.00811	0.00270	0.01082	0.00721	0.00361	0.00901
9	0.02008	0.01928	0.03294	0.04981	0.66422	0.01928	0.02490	0.02490	0.01848	0.02651	0.01526	0.02008	0.01285	0.00723	0.00803	0.00241	0.00964	0.00723	0.00402	0.01285
10	0.01627	0.04197	0.67279	0.02313	0.03512	0.01884	0.02998	0.02570	0.01713	0.02570	0.01456	0.01713	0.01028	0.00771	0.00771	0.00257	0.01199	0.00600	0.00343	0.01199
11	0.00984	0.00724	0.00923	0.01081	0.01164	0.00663	0.00732	0.01135	0.01600	0.02090	0.05062	0.61018	0.14922	0.02465	0.01024	0.00321	0.00461	0.02213	0.00753	0.00663
12	0.02803	0.03263	0.02340	0.12671	0.02994	0.48614	0.01672	0.11487	0.02404	0.02436	0.01381	0.01641	0.01098	0.00851	0.00755	0.00224	0.01324	0.00583	0.00464	0.00996
13	0.01180	0.00787	0.00885	0.00885	0.00885	0.00787	0.00492	0.01180	0.01180	0.01573	0.02557	0.05310	0.02950	0.71483	0.04130	0.00787	0.00787	0.01180	0.00492	0.00492
14	0.01513	0.00756	0.00756	0.00756	0.00945	0.00756	0.00567	0.01891	0.01702	0.03025	0.02647	0.03025	0.02080	0.00945	0.00567	0.00189	0.00378	0.00756	0.75988	0.00756
15	0.01976	0.01753	0.02998	0.30443	0.21045	0.01905	0.11813	0.06564	0.01912	0.06922	0.01637	0.02139	0.01242	0.00812	0.00895	0.00263	0.03364	0.00766	0.00453	0.01099
16	0.01933	0.01852	0.03158	0.15138	0.56850	0.01908	0.02453	0.02425	0.01812	0.02560	0.01513	0.02033	0.01253	0.00737	0.00805	0.00246	0.00982	0.00723	0.00395	0.01225
17	0.02186	0.01826	0.01929	0.01685	0.02174	0.02097	0.01325	0.13659	0.55336	0.03665	0.03089	0.02858	0.02304	0.01081	0.00823	0.00270	0.00682	0.00888	0.00823	0.01299
18	0.23279	0.09889	0.02290	0.06475	0.06573	0.25840	0.01462	0.10506	0.02095	0.02883	0.01326	0.01551	0.01060	0.00807	0.00666	0.00228	0.01039	0.00543	0.00479	0.01010
19	0.01052	0.00804	0.00965	0.00972	0.01165	0.00717	0.00711	0.01327	0.01999	0.02658	0.34089	0.18947	0.27725	0.01965	0.00973	0.00276	0.00409	0.01712	0.00818	0.00717
20	0.02092	0.02229	0.02126	0.10601	0.02702	0.22001	0.04403	0.02445	0.01877	0.02363	0.01394	0.01703	0.01139	0.00706	0.00687	0.00175	0.00969	0.00549	0.00442	0.39398
21	0.01098	0.00827	0.01015	0.00968	0.01181	0.00744	0.00726	0.01434	0.02178	0.02972	0.50677	0.06525	0.23148	0.01764	0.00958	0.00260	0.00390	0.01532	0.00856	0.00744
22	0.01012	0.00750	0.00950	0.01089	0.01197	0.00688	0.00765	0.01194	0.01669	0.02177	0.08224	0.51285	0.17247	0.02383	0.01023	0.00318	0.00474	0.06120	0.00760	0.00675
23	0.77215	0.01569	0.01193	0.01067	0.01569	0.01820	0.00879	0.02385	0.01381	0.03641	0.01130	0.01318	0.00879	0.00753	0.00502	0.00251	0.00628	0.00439	0.00502	0.00879
24	0.01092	0.00827	0.01006	0.00962	0.01178	0.00742	0.00721	0.01422	0.02164	0.02938	0.48789	0.06582	0.25058	0.01777	0.00958	0.00261	0.00391	0.01540	0.00852	0.00742
25	0.01080	0.00827	0.00990	0.00949	0.01170	0.00737	0.00712	0.01399	0.02136	0.02872	0.45200	0.06690	0.28688	0.01801	0.00958	0.00262	0.00393	0.01556	0.00843	0.00737
26	0.06763	0.04019	0.62789	0.02228	0.03380	0.01880	0.02854	0.02557	0.01691	0.02642	0.01434	0.01686	0.01018	0.00770	0.00753	0.00257	0.01160	0.00589	0.00353	0.01177
27	0.03031	0.03867	0.02299	0.02090	0.02508	0.68226	0.01568	0.03240	0.02299	0.01986	0.01254	0.01463	0.01045	0.00836	0.00732	0.00209	0.01463	0.00523	0.00418	0.00941
28	0.01308	0.00934	0.01308	0.01494	0.01681	0.00934	0.01308	0.01681	0.01868	0.02428	0.04296	0.09153	0.04670	0.02242	0.01121	0.00374	0.00747	0.60960	0.00747	0.00747
29	0.15692	0.01891	0.02011	0.01580	0.02169	0.02042	0.01301	0.38422	0.02991	0.15754	0.02080	0.02059	0.01454	0.00940	0.00743	0.00242	0.00777	0.00698	0.05901	0.01252
30	0.44012	0.01881	0.07086	0.06011	0.02213	0.01906	0.01297	0.10456	0.09208	0.06646	0.01636	0.01758	0.01210	0.00839	0.00638	0.00255	0.00745	0.00583	0.00580	0.01042
31	0.01079	0.00790	0.01033	0.01107	0.01233	0.00758	0.00802	0.01316	0.01745	0.02360	0.19936	0.32179	0.11615	0.06065	0.09303	0.00449	0.00684	0.06114	0.00737	0.00695
