[name]
unknown

[dist]
# distance from previous block
# <min> <max>
5	116

[block]
# block no. 0 follows, 23 sequences, length 12
# corresponding to MSA columns:
# 172-183
name=unknown_A
#
# <colnr> <probs for GDERKNQSTAVLIFYWHMCP>
#	G	D	E	R	K	N	Q	S	T	A	V	L	I	F	Y	W	H	M	C	P
0	0.02766	0.02115	0.02256	0.01803	0.02395	0.02368	0.01465	0.45983	0.22067	0.04601	0.02352	0.02270	0.01707	0.01012	0.00816	0.00253	0.00818	0.00786	0.00816	0.01351
1	0.08847	0.26704	0.31605	0.01809	0.02686	0.02363	0.02050	0.04796	0.07447	0.02607	0.01499	0.01664	0.01162	0.00780	0.00668	0.00229	0.00973	0.00562	0.00419	0.01130
2	0.00990	0.00823	0.00865	0.00855	0.01115	0.00698	0.00641	0.01225	0.01923	0.02366	0.17677	0.07523	0.56527	0.01990	0.00959	0.00271	0.00406	0.01672	0.00776	0.00698
3	0.01175	0.00847	0.01122	0.01101	0.01292	0.00794	0.00857	0.01557	0.02224	0.03114	0.55550	0.06585	0.07151	0.01757	0.00985	0.00275	0.00444	0.11538	0.00869	0.00763
4	0.01604	0.02010	0.13679	0.47165	0.04904	0.01880	0.09273	0.02210	0.01651	0.02210	0.01447	0.02070	0.01089	0.00822	0.00918	0.00273	0.04732	0.00727	0.00363	0.00973
5	0.03151	0.01787	0.02088	0.01643	0.02250	0.01844	0.01343	0.27133	0.13502	0.32286	0.02734	0.02492	0.01845	0.01009	0.00816	0.00252	0.00761	0.00800	0.00900	0.01364
6	0.01220	0.00958	0.01053	0.01031	0.01285	0.00891	0.00766	0.08251	0.02031	0.02570	0.10793	0.22642	0.39498	0.02025	0.00961	0.00283	0.00478	0.01731	0.00770	0.00763
7	0.01026	0.00733	0.00985	0.01173	0.01236	0.00691	0.00818	0.01195	0.01590	0.02113	0.04452	0.63694	0.05285	0.02507	0.01046	0.00335	0.00503	0.09197	0.00753	0.00669
8	0.01461	0.07969	0.09592	0.01585	0.01965	0.01353	0.08206	0.06449	0.01808	0.02435	0.06368	0.35140	0.03627	0.06809	0.01152	0.00323	0.00745	0.01534	0.00622	0.00856
9	0.10766	0.11567	0.17934	0.02643	0.19952	0.01914	0.06417	0.02431	0.01691	0.06155	0.01630	0.02193	0.01370	0.08743	0.01111	0.00302	0.00961	0.00696	0.00437	0.01087
10	0.12415	0.05690	0.01783	0.03571	0.01907	0.12003	0.01160	0.04795	0.01909	0.14888	0.02634	0.02738	0.08747	0.01074	0.00922	0.00244	0.08407	0.00771	0.13372	0.00971
11	0.52244	0.06119	0.09023	0.01395	0.01954	0.09737	0.01269	0.02489	0.01535	0.03150	0.01178	0.01400	0.00933	0.00792	0.00660	0.00247	0.04003	0.00479	0.00459	0.00932

[dist]
# distance from previous block
# <min> <max>
0	23

[block]
# block no. 1 follows, 23 sequences, length 36
# corresponding to MSA columns:
# 207-242
name=unknown_B
#
# <colnr> <probs for GDERKNQSTAVLIFYWHMCP>
#	G	D	E	R	K	N	Q	S	T	A	V	L	I	F	Y	W	H	M	C	P
0	0.02674	0.11758	0.02475	0.01918	0.08410	0.01891	0.03527	0.11078	0.14795	0.24970	0.06195	0.02600	0.02114	0.00975	0.00787	0.00244	0.00764	0.00804	0.00764	0.01258
1	0.09076	0.01672	0.06090	0.06646	0.11956	0.01533	0.01458	0.07710	0.08213	0.06648	0.02246	0.12303	0.02001	0.01064	0.00764	0.00237	0.00738	0.00903	0.02888	0.15852
2	0.02276	0.13516	0.09140	0.01861	0.02447	0.06442	0.05434	0.16581	0.15790	0.05096	0.02253	0.02329	0.04616	0.01005	0.00952	0.00252	0.07487	0.00759	0.00603	0.01161
3	0.02309	0.02636	0.28087	0.01901	0.02728	0.01693	0.04182	0.12842	0.02169	0.18025	0.02020	0.02153	0.01431	0.01350	0.07215	0.00344	0.01086	0.00702	0.00596	0.06529
4	0.01979	0.21939	0.17836	0.06040	0.02571	0.02154	0.01767	0.08293	0.05536	0.06106	0.05782	0.02677	0.04759	0.01025	0.00867	0.00246	0.05190	0.03632	0.00524	0.01078
5	0.09557	0.27626	0.09284	0.01694	0.02370	0.04820	0.07893	0.02784	0.01819	0.17460	0.01771	0.01905	0.01334	0.01130	0.05008	0.00291	0.00995	0.00626	0.00530	0.01102
6	0.03438	0.01321	0.01776	0.01378	0.01964	0.01151	0.01133	0.03758	0.02263	0.60888	0.03148	0.02787	0.02015	0.00999	0.00792	0.00245	0.00661	0.00810	0.08150	0.01321
7	0.02160	0.67597	0.04101	0.01405	0.02084	0.03136	0.01382	0.02547	0.05592	0.02002	0.01264	0.01409	0.01131	0.00720	0.00540	0.00180	0.00854	0.00464	0.00377	0.01056
8	0.01081	0.00827	0.00991	0.00950	0.01171	0.00737	0.00712	0.01401	0.02137	0.02876	0.45407	0.06684	0.28479	0.01800	0.00958	0.00262	0.00393	0.01555	0.00843	0.00737
9	0.01048	0.00794	0.00967	0.00991	0.01168	0.00713	0.00718	0.01313	0.01961	0.02616	0.32035	0.24207	0.24483	0.02017	0.00979	0.00281	0.00415	0.01769	0.00813	0.00713
10	0.01003	0.00729	0.00921	0.01067	0.01139	0.00675	0.00711	0.01139	0.01556	0.02039	0.04766	0.56667	0.12860	0.09050	0.01321	0.00366	0.00493	0.02124	0.00728	0.00646
11	0.01306	0.01028	0.01220	0.01289	0.01487	0.01066	0.00955	0.02067	0.18840	0.02487	0.04482	0.38749	0.10165	0.02067	0.00982	0.00315	0.00547	0.09334	0.00772	0.00843
12	0.03031	0.03867	0.02299	0.02090	0.02508	0.68226	0.01568	0.03240	0.02299	0.01986	0.01254	0.01463	0.01045	0.00836	0.00732	0.00209	0.01463	0.00523	0.00418	0.00941
13	0.02018	0.01743	0.01835	0.01651	0.02110	0.02018	0.01284	0.04312	0.64956	0.03394	0.03303	0.03027	0.02477	0.01101	0.00826	0.00275	0.00642	0.00917	0.00826	0.01284
14	0.01513	0.00756	0.00756	0.00756	0.00945	0.00756	0.00567	0.01891	0.01702	0.03025	0.02647	0.03025	0.02080	0.00945	0.00567	0.00189	0.00378	0.00756	0.75988	0.00756
15	0.03570	0.01494	0.01953	0.01498	0.02128	0.01361	0.01237	0.11555	0.02512	0.59115	0.03042	0.02658	0.01929	0.01000	0.00815	0.00250	0.00716	0.00805	0.00980	0.01381
16	0.01017	0.00824	0.00903	0.00883	0.01132	0.00710	0.00662	0.01277	0.01987	0.02518	0.25979	0.07272	0.48130	0.01933	0.00958	0.00268	0.00402	0.01637	0.00796	0.00710
17	0.01532	0.01442	0.02434	0.69533	0.05589	0.01803	0.02253	0.02073	0.01622	0.02073	0.01442	0.02163	0.01082	0.00811	0.00811	0.00270	0.01082	0.00721	0.00361	0.00901
18	0.01854	0.32539	0.40922	0.01926	0.02914	0.02439	0.02325	0.02511	0.01686	0.02293	0.01319	0.01541	0.01033	0.00739	0.00666	0.00222	0.01061	0.00530	0.00344	0.01133
19	0.07033	0.03366	0.02314	0.02194	0.05867	0.52500	0.01605	0.02987	0.02088	0.02112	0.01238	0.01524	0.01051	0.00900	0.00968	0.00232	0.10105	0.00553	0.00414	0.00949
20	0.03641	0.01381	0.01883	0.01444	0.02071	0.01193	0.01193	0.03954	0.02322	0.66984	0.03201	0.02762	0.02009	0.01004	0.00816	0.00251	0.00690	0.00816	0.01004	0.01381
21	0.01627	0.04197	0.67279	0.02313	0.03512	0.01884	0.02998	0.02570	0.01713	0.02570	0.01456	0.01713	0.01028	0.00771	0.00771	0.00257	0.01199	0.00600	0.00343	0.01199
22	0.02940	0.01782	0.02373	0.05994	0.08667	0.01820	0.05031	0.21353	0.08815	0.28855	0.02490	0.02408	0.01702	0.00949	0.00822	0.00253	0.00833	0.00794	0.00801	0.01318
23	0.01902	0.01820	0.03102	0.19343	0.52887	0.01900	0.02438	0.02397	0.01798	0.02522	0.01508	0.02043	0.01240	0.00743	0.00805	0.00248	0.00990	0.00723	0.00393	0.01200
24	0.01021	0.00824	0.00908	0.00887	0.01134	0.00711	0.00665	0.01284	0.01995	0.02538	0.27038	0.07240	0.47059	0.01926	0.00958	0.00268	0.00402	0.01633	0.00799	0.00711
25	0.01409	0.00705	0.01057	0.01057	0.01057	0.00705	0.00705	0.01057	0.01057	0.01409	0.01409	0.02467	0.01409	0.02819	0.03171	0.76392	0.00705	0.00705	0.00352	0.00352
26	0.09551	0.07063	0.02476	0.13136	0.02941	0.32699	0.05206	0.02804	0.05320	0.02262	0.01379	0.01714	0.01125	0.00881	0.00927	0.00243	0.08280	0.00608	0.00427	0.00957
27	0.01532	0.01442	0.02434	0.69533	0.05589	0.01803	0.02253	0.02073	0.01622	0.02073	0.01442	0.02163	0.01082	0.00811	0.00811	0.00270	0.01082	0.00721	0.00361	0.00901
28	0.00989	0.00706	0.00942	0.01130	0.01177	0.00659	0.00753	0.01130	0.01554	0.02071	0.04472	0.70954	0.05367	0.02542	0.01036	0.00330	0.00471	0.02307	0.00753	0.00659
29	0.01843	0.11992	0.27680	0.12988	0.11250	0.08348	0.02291	0.02422	0.01728	0.02300	0.01524	0.05097	0.01284	0.00891	0.00868	0.00251	0.05094	0.00694	0.00381	0.01074
30	0.02030	0.05871	0.09668	0.02233	0.02846	0.01979	0.20997	0.13350	0.05891	0.05225	0.12362	0.02716	0.02369	0.01011	0.01039	0.00265	0.07552	0.00906	0.00589	0.01100
31	0.01078	0.00749	0.00985	0.01135	0.01191	0.00717	0.00781	0.01207	0.01514	0.02011	0.04017	0.49531	0.04727	0.13654	0.01632	0.03456	0.00567	0.09722	0.00694	0.00631
32	0.01656	0.01569	0.02658	0.52729	0.21425	0.01835	0.02315	0.02182	0.01681	0.02224	0.01464	0.02123	0.01135	0.00788	0.00809	0.00263	0.01051	0.00722	0.00371	0.01001
33	0.10563	0.02030	0.03293	0.05759	0.03223	0.06176	0.29481	0.05460	0.01895	0.10413	0.01661	0.02037	0.01247	0.00877	0.01134	0.00276	0.12114	0.00794	0.00500	0.01066
34	0.01695	0.01577	0.01647	0.05281	0.05548	0.12210	0.01194	0.01946	0.01807	0.05366	0.07294	0.20728	0.12953	0.01556	0.01060	0.00267	0.07938	0.01278	0.00610	0.08046
35	0.02007	0.21331	0.03231	0.03077	0.31134	0.02079	0.05633	0.02393	0.01827	0.05919	0.07715	0.02437	0.01955	0.04840	0.00938	0.00257	0.00882	0.00759	0.00472	0.01116

[dist]
# distance from previous block
# <min> <max>
0	33

[block]
# block no. 2 follows, 23 sequences, length 22
# corresponding to MSA columns:
# 276-297
name=unknown_C
#
# <colnr> <probs for GDERKNQSTAVLIFYWHMCP>
#	G	D	E	R	K	N	Q	S	T	A	V	L	I	F	Y	W	H	M	C	P
0	0.09461	0.02044	0.02661	0.09551	0.30392	0.09766	0.03776	0.02734	0.10451	0.02654	0.01654	0.02015	0.01340	0.00861	0.00940	0.00257	0.07147	0.00704	0.00464	0.01127
1	0.02007	0.09146	0.06125	0.09943	0.22956	0.05640	0.03956	0.06658	0.08305	0.02681	0.01683	0.02013	0.01354	0.00973	0.03228	0.00264	0.00980	0.00678	0.00472	0.10937
2	0.01574	0.01620	0.05408	0.18695	0.12983	0.05487	0.01662	0.02046	0.04100	0.02456	0.14452	0.08227	0.09275	0.01267	0.01025	0.00271	0.06912	0.01061	0.00553	0.00929
3	0.01954	0.01835	0.03243	0.12997	0.07797	0.01824	0.27474	0.02817	0.12766	0.06522	0.01958	0.02287	0.01470	0.00787	0.00848	0.00250	0.01032	0.00829	0.00519	0.10791
4	0.01489	0.01273	0.01335	0.01241	0.01599	0.01342	0.00953	0.02727	0.32724	0.02850	0.09667	0.05355	0.31104	0.01562	0.00894	0.00273	0.00522	0.01308	0.00798	0.00983
5	0.01074	0.00806	0.00995	0.00990	0.01177	0.00727	0.00726	0.01371	0.02057	0.02786	0.41001	0.17722	0.21774	0.01910	0.00971	0.00273	0.00405	0.01674	0.00834	0.00727
6	0.57218	0.01411	0.01182	0.01049	0.01508	0.01577	0.00854	0.02447	0.01525	0.09475	0.01587	0.01749	0.01193	0.00810	0.00543	0.00240	0.00590	0.00530	0.13608	0.00905
7	0.01106	0.00821	0.01031	0.00993	0.01190	0.00746	0.00739	0.01445	0.02177	0.03002	0.52452	0.10105	0.17634	0.01778	0.00962	0.00263	0.00393	0.01558	0.00861	0.00746
8	0.01351	0.00977	0.01200	0.01257	0.01409	0.00980	0.00890	0.11957	0.01945	0.02598	0.04036	0.59016	0.04677	0.02271	0.00997	0.00315	0.00544	0.02034	0.00763	0.00784
9	0.77215	0.01569	0.01193	0.01067	0.01569	0.01820	0.00879	0.02385	0.01381	0.03641	0.01130	0.01318	0.00879	0.00753	0.00502	0.00251	0.00628	0.00439	0.00502	0.00879
10	0.01513	0.00756	0.00756	0.00756	0.00945	0.00756	0.00567	0.01891	0.01702	0.03025	0.02647	0.03025	0.02080	0.00945	0.00567	0.00189	0.00378	0.00756	0.75988	0.00756
11	0.01308	0.00934	0.01308	0.01494	0.01681	0.00934	0.01308	0.01681	0.01868	0.02428	0.04296	0.09153	0.04670	0.02242	0.01121	0.00374	0.00747	0.60960	0.00747	0.00747
12	0.03641	0.01381	0.01883	0.01444	0.02071	0.01193	0.01193	0.03954	0.02322	0.66984	0.03201	0.02762	0.02009	0.01004	0.00816	0.00251	0.00690	0.00816	0.01004	0.01381
13	0.01789	0.03819	0.56010	0.02217	0.03305	0.01952	0.02724	0.08110	0.07262	0.02864	0.01656	0.01845	0.01182	0.00817	0.00779	0.00257	0.01125	0.00638	0.00425	0.01222
14	0.01532	0.01442	0.02434	0.69533	0.05589	0.01803	0.02253	0.02073	0.01622	0.02073	0.01442	0.02163	0.01082	0.00811	0.00811	0.00270	0.01082	0.00721	0.00361	0.00901
15	0.01004	0.00718	0.00955	0.01120	0.01180	0.00669	0.00754	0.01167	0.01623	0.02182	0.10242	0.64868	0.05581	0.02459	0.01028	0.00323	0.00463	0.02228	0.00766	0.00669
16	0.01920	0.02133	0.09411	0.10008	0.47492	0.01929	0.10236	0.02476	0.01824	0.02588	0.01527	0.02017	0.01237	0.00730	0.00820	0.00249	0.01047	0.00741	0.00394	0.01220
17	0.02059	0.08594	0.18660	0.02336	0.11143	0.02051	0.05609	0.05493	0.25719	0.06641	0.02263	0.02310	0.01692	0.00898	0.00789	0.00255	0.00898	0.00760	0.00592	0.01240
18	0.09038	0.21475	0.03240	0.13020	0.33416	0.02259	0.01995	0.02403	0.01715	0.02451	0.01365	0.01768	0.01149	0.00731	0.00697	0.00227	0.00923	0.00615	0.00390	0.01123
19	0.01038	0.00741	0.00998	0.01186	0.01255	0.00701	0.00839	0.01215	0.01602	0.02126	0.04445	0.61436	0.05259	0.02496	0.01049	0.00336	0.00513	0.11340	0.00752	0.00673
20	0.01049	0.00731	0.00924	0.01053	0.01085	0.00699	0.00671	0.01146	0.01436	0.01915	0.03870	0.50313	0.04607	0.24220	0.02009	0.00473	0.00570	0.01952	0.00671	0.00606
21	0.01694	0.05701	0.47975	0.07000	0.07086	0.01974	0.08171	0.02493	0.01702	0.02486	0.01442	0.01793	0.01067	0.00800	0.00897	0.00262	0.05305	0.00648	0.00354	0.01151

[dist]
# distance from previous block
# <min> <max>
0	2

[block]
# block no. 3 follows, 23 sequences, length 18
# corresponding to MSA columns:
# 300-317
name=unknown_D
#
# <colnr> <probs for GDERKNQSTAVLIFYWHMCP>
#	G	D	E	R	K	N	Q	S	T	A	V	L	I	F	Y	W	H	M	C	P
0	0.21721	0.02110	0.05908	0.03125	0.31696	0.05195	0.01884	0.13558	0.02097	0.03316	0.01483	0.01777	0.01172	0.00784	0.00722	0.00243	0.00900	0.00635	0.00499	0.01176
1	0.15200	0.01166	0.01345	0.01385	0.01674	0.01237	0.01137	0.02260	0.11699	0.06138	0.03537	0.15688	0.03604	0.01773	0.00934	0.00323	0.00665	0.28632	0.00730	0.00876
2	0.01914	0.00999	0.01330	0.01151	0.01476	0.00897	0.00897	0.02276	0.02305	0.22836	0.46699	0.05047	0.05921	0.01458	0.00914	0.00254	0.00477	0.01267	0.00927	0.00955
3	0.02169	0.71972	0.04252	0.01388	0.02083	0.03211	0.01388	0.02430	0.01649	0.01909	0.01128	0.01302	0.01041	0.00694	0.00521	0.00174	0.00868	0.00434	0.00347	0.01041
4	0.01035	0.00742	0.00983	0.01098	0.01187	0.00690	0.00757	0.01245	0.01767	0.02411	0.22165	0.52291	0.06025	0.02288	0.01013	0.00308	0.00445	0.02065	0.00793	0.00690
5	0.01136	0.00829	0.01067	0.01008	0.01205	0.00760	0.00756	0.01507	0.02267	0.03184	0.62195	0.06176	0.11499	0.01685	0.00957	0.00256	0.00385	0.01484	0.00884	0.00760
6	0.01148	0.00829	0.01085	0.01021	0.01212	0.00766	0.00766	0.01531	0.02297	0.03254	0.65994	0.06061	0.07656	0.01659	0.00957	0.00255	0.00383	0.01467	0.00893	0.00766
7	0.77215	0.01569	0.01193	0.01067	0.01569	0.01820	0.00879	0.02385	0.01381	0.03641	0.01130	0.01318	0.00879	0.00753	0.00502	0.00251	0.00628	0.00439	0.00502	0.00879
8	0.01683	0.01442	0.01683	0.01202	0.01923	0.01082	0.00961	0.02043	0.01683	0.02644	0.01442	0.01683	0.01202	0.00601	0.00601	0.00120	0.00601	0.00481	0.00481	0.76444
9	0.02169	0.71972	0.04252	0.01388	0.02083	0.03211	0.01388	0.02430	0.01649	0.01909	0.01128	0.01302	0.01041	0.00694	0.00521	0.00174	0.00868	0.00434	0.00347	0.01041
10	0.03514	0.01584	0.02009	0.01540	0.02173	0.01494	0.01272	0.17560	0.02662	0.52898	0.02916	0.02577	0.01865	0.00997	0.00815	0.00249	0.00737	0.00797	0.00960	0.01381
11	0.01159	0.00869	0.01304	0.01304	0.01449	0.01014	0.01014	0.01449	0.01304	0.01884	0.02173	0.03188	0.02029	0.06086	0.68268	0.01304	0.02173	0.00869	0.00435	0.00724
12	0.01477	0.01341	0.02210	0.57206	0.04841	0.01631	0.02034	0.01989	0.01706	0.02212	0.07527	0.03146	0.01999	0.01017	0.00852	0.00278	0.00988	0.06227	0.00444	0.00875
13	0.02064	0.55074	0.07861	0.01580	0.02180	0.02997	0.01559	0.02352	0.01579	0.01958	0.01137	0.01413	0.01045	0.00830	0.00923	0.00212	0.13370	0.00494	0.00348	0.01023
14	0.00981	0.00737	0.00910	0.01049	0.01156	0.00666	0.00717	0.01139	0.01631	0.02103	0.05455	0.54388	0.21298	0.02414	0.01016	0.00315	0.00455	0.02151	0.00753	0.00666
15	0.01683	0.01442	0.01683	0.01202	0.01923	0.01082	0.00961	0.02043	0.01683	0.02644	0.01442	0.01683	0.01202	0.00601	0.00601	0.00120	0.00601	0.00481	0.00481	0.76444
16	0.02158	0.02679	0.08097	0.26244	0.03596	0.29477	0.01849	0.02566	0.01929	0.02138	0.01646	0.02020	0.03766	0.00851	0.00761	0.00230	0.01181	0.00646	0.00410	0.07755
17	0.00989	0.00706	0.00942	0.01130	0.01177	0.00659	0.00753	0.01130	0.01554	0.02071	0.04472	0.70954	0.05367	0.02542	0.01036	0.00330	0.00471	0.02307	0.00753	0.00659

[dist]
# distance from previous block
# <min> <max>
8	28

[block]
# block no. 4 follows, 23 sequences, length 23
# corresponding to MSA columns:
# 346-368
name=unknown_E
#
# <colnr> <probs for GDERKNQSTAVLIFYWHMCP>
#	G	D	E	R	K	N	Q	S	T	A	V	L	I	F	Y	W	H	M	C	P
0	0.07683	0.01645	0.02282	0.01729	0.02376	0.01565	0.08559	0.14274	0.02483	0.44729	0.02674	0.02465	0.01739	0.00946	0.00813	0.00252	0.00802	0.00795	0.00871	0.01317
1	0.01509	0.01086	0.01288	0.01183	0.01411	0.01097	0.00891	0.12444	0.02215	0.03016	0.28847	0.05591	0.07759	0.19074	0.01744	0.00401	0.00618	0.08272	0.00755	0.00800
2	0.02514	0.11182	0.02591	0.02021	0.02333	0.38799	0.01615	0.02718	0.01873	0.01966	0.01177	0.01548	0.01051	0.01013	0.01347	0.00253	0.24101	0.00574	0.00389	0.00935
3	0.01539	0.01240	0.01421	0.01304	0.01615	0.01328	0.00998	0.02779	0.30425	0.03317	0.37851	0.04699	0.05331	0.01408	0.00898	0.00264	0.00499	0.01221	0.00863	0.00998
4	0.02075	0.02577	0.16777	0.03106	0.11101	0.02086	0.33173	0.13392	0.02203	0.03044	0.01645	0.02029	0.01223	0.00757	0.00876	0.00261	0.01202	0.00818	0.00467	0.01188
5	0.00989	0.00706	0.00942	0.01130	0.01177	0.00659	0.00753	0.01130	0.01554	0.02071	0.04472	0.70954	0.05367	0.02542	0.01036	0.00330	0.00471	0.02307	0.00753	0.00659
6	0.03076	0.02519	0.02414	0.01901	0.02515	0.12664	0.01546	0.54377	0.03581	0.04631	0.01841	0.01873	0.01328	0.00953	0.00799	0.00238	0.00981	0.00698	0.00751	0.01312
7	0.12970	0.01040	0.01157	0.01222	0.01419	0.01101	0.00887	0.01921	0.12744	0.02545	0.03649	0.41457	0.04008	0.05226	0.01066	0.00332	0.00556	0.05183	0.00715	0.00801
8	0.03998	0.35681	0.06366	0.02126	0.13483	0.12638	0.01603	0.02466	0.01857	0.02285	0.08861	0.02031	0.01858	0.00840	0.00666	0.00207	0.00930	0.00628	0.00436	0.01040
9	0.01940	0.16135	0.46095	0.02115	0.03104	0.12364	0.02492	0.02648	0.01792	0.02363	0.01367	0.01602	0.01033	0.00767	0.00721	0.00235	0.01181	0.00558	0.00355	0.01131
10	0.01990	0.21281	0.14069	0.01697	0.02351	0.02319	0.01616	0.03492	0.36548	0.02844	0.02384	0.02325	0.01830	0.00932	0.00733	0.00244	0.00802	0.00730	0.00610	0.01203
11	0.01159	0.00869	0.01304	0.01304	0.01449	0.01014	0.01014	0.01449	0.01304	0.01884	0.02173	0.03188	0.02029	0.06086	0.68268	0.01304	0.02173	0.00869	0.00435	0.00724
12	0.11966	0.12462	0.02265	0.01466	0.02093	0.01812	0.01248	0.14106	0.02372	0.38541	0.02416	0.02223	0.01615	0.00922	0.00733	0.00238	0.00746	0.00698	0.00810	0.01269
13	0.17398	0.31060	0.14302	0.01523	0.02255	0.02347	0.01549	0.06132	0.01832	0.12603	0.01553	0.01640	0.01175	0.00783	0.00623	0.00220	0.00852	0.00540	0.00505	0.01108
14	0.01024	0.00825	0.00912	0.00890	0.01136	0.00713	0.00667	0.01290	0.02002	0.02555	0.27968	0.07212	0.46118	0.01920	0.00958	0.00268	0.00401	0.01629	0.00801	0.00713
15	0.02581	0.14076	0.02597	0.02023	0.10819	0.01908	0.04379	0.12351	0.06865	0.21699	0.02271	0.02568	0.01751	0.09186	0.01159	0.00301	0.00830	0.00780	0.00675	0.01182
16	0.01931	0.01589	0.01816	0.01320	0.02028	0.01335	0.01064	0.12953	0.02060	0.03081	0.01532	0.01730	0.01233	0.00667	0.00638	0.00142	0.00653	0.00525	0.00539	0.63165
17	0.01654	0.01170	0.01383	0.01255	0.01555	0.01183	0.00958	0.11506	0.09735	0.07030	0.29733	0.16487	0.09799	0.01635	0.00925	0.00270	0.00528	0.01418	0.00844	0.00933
18	0.01382	0.01211	0.01931	0.46831	0.04082	0.01444	0.01716	0.01768	0.01542	0.01996	0.02150	0.14818	0.02128	0.12032	0.01363	0.00361	0.00928	0.01072	0.00450	0.00795
19	0.02238	0.01338	0.01683	0.07903	0.02154	0.01360	0.01195	0.16027	0.03864	0.20058	0.03473	0.25422	0.06687	0.01553	0.00896	0.00279	0.00683	0.01337	0.00797	0.01052
20	0.02254	0.43683	0.13506	0.01690	0.02396	0.09607	0.01690	0.09081	0.01939	0.02365	0.01277	0.01474	0.01077	0.00785	0.00714	0.00206	0.04256	0.00513	0.00404	0.01084
21	0.05254	0.03325	0.01889	0.01462	0.05057	0.01230	0.03675	0.02074	0.01734	0.02718	0.06524	0.02038	0.01697	0.00703	0.00647	0.00151	0.00642	0.00587	0.00504	0.58087
22	0.02013	0.13535	0.07318	0.02021	0.02517	0.11912	0.12454	0.05623	0.09285	0.02454	0.02066	0.12560	0.01931	0.01154	0.01037	0.00264	0.09382	0.00946	0.00512	0.01015

[dist]
# distance from previous block
# <min> <max>
0	2

[block]
# block no. 5 follows, 23 sequences, length 42
# corresponding to MSA columns:
# 373-414
name=unknown_F
#
# <colnr> <probs for GDERKNQSTAVLIFYWHMCP>
#	G	D	E	R	K	N	Q	S	T	A	V	L	I	F	Y	W	H	M	C	P
0	0.01542	0.01274	0.01544	0.01206	0.01705	0.01095	0.00955	0.01895	0.01808	0.02767	0.18258	0.02897	0.02914	0.00959	0.00856	0.00178	0.06058	0.00770	0.04438	0.46882
1	0.08934	0.01854	0.02037	0.01601	0.02186	0.01978	0.01314	0.36556	0.06279	0.19374	0.02307	0.02235	0.01603	0.00968	0.00769	0.00243	0.00769	0.00739	0.06970	0.01284
2	0.03382	0.01439	0.01875	0.01477	0.02078	0.01324	0.01207	0.04011	0.12290	0.56864	0.03217	0.02804	0.02083	0.01020	0.00818	0.00255	0.00683	0.00832	0.00976	0.01366
3	0.01296	0.01013	0.01522	0.01304	0.01440	0.00996	0.10534	0.01416	0.01302	0.01748	0.02397	0.04735	0.02642	0.57802	0.05993	0.00724	0.00930	0.01133	0.00477	0.00596
4	0.01121	0.00819	0.01053	0.01014	0.01200	0.00751	0.00753	0.01470	0.02202	0.03075	0.56493	0.11494	0.11999	0.01762	0.00964	0.00263	0.00392	0.01555	0.00871	0.00751
5	0.02915	0.02189	0.02340	0.01833	0.02452	0.02437	0.01501	0.54262	0.13545	0.04840	0.02164	0.02120	0.01555	0.00994	0.00814	0.00249	0.00853	0.00760	0.00814	0.01365
6	0.00991	0.00823	0.00867	0.00856	0.01116	0.00699	0.00642	0.01227	0.01926	0.02373	0.18091	0.07510	0.56108	0.01987	0.00959	0.00271	0.00406	0.01671	0.00777	0.00699
7	0.01433	0.01193	0.02026	0.01892	0.02210	0.01165	0.14142	0.01871	0.01878	0.02464	0.03748	0.07715	0.03960	0.01920	0.01087	0.00353	0.00875	0.48573	0.00678	0.00819
8	0.01532	0.01442	0.02434	0.69533	0.05589	0.01803	0.02253	0.02073	0.01622	0.02073	0.01442	0.02163	0.01082	0.00811	0.00811	0.00270	0.01082	0.00721	0.00361	0.00901
9	0.77215	0.01569	0.01193	0.01067	0.01569	0.01820	0.00879	0.02385	0.01381	0.03641	0.01130	0.01318	0.00879	0.00753	0.00502	0.00251	0.00628	0.00439	0.00502	0.00879
10	0.01513	0.00756	0.00756	0.00756	0.00945	0.00756	0.00567	0.01891	0.01702	0.03025	0.02647	0.03025	0.02080	0.00945	0.00567	0.00189	0.00378	0.00756	0.75988	0.00756
11	0.03108	0.03552	0.02247	0.02008	0.02453	0.59724	0.01520	0.03331	0.02302	0.10230	0.01501	0.01628	0.01167	0.00857	0.00742	0.00214	0.01365	0.00560	0.00492	0.00997
12	0.03031	0.03867	0.02299	0.02090	0.02508	0.68226	0.01568	0.03240	0.02299	0.01986	0.01254	0.01463	0.01045	0.00836	0.00732	0.00209	0.01463	0.00523	0.00418	0.00941
13	0.01522	0.01034	0.01496	0.10120	0.02208	0.01065	0.01418	0.01912	0.01873	0.07523	0.03847	0.07758	0.04003	0.01962	0.01057	0.00351	0.00785	0.48531	0.00719	0.00817
14	0.01513	0.00756	0.00756	0.00756	0.00945	0.00756	0.00567	0.01891	0.01702	0.03025	0.02647	0.03025	0.02080	0.00945	0.00567	0.00189	0.00378	0.00756	0.75988	0.00756
15	0.03129	0.02202	0.02391	0.01833	0.02481	0.02411	0.01514	0.58958	0.03696	0.10040	0.02048	0.02013	0.01430	0.00976	0.00812	0.00244	0.00877	0.00737	0.00827	0.01380
16	0.01162	0.00859	0.01251	0.01251	0.01377	0.00985	0.00948	0.01415	0.01288	0.01844	0.02222	0.03457	0.02145	0.14380	0.60133	0.01238	0.01998	0.00909	0.00442	0.00695
17	0.01513	0.00756	0.00756	0.00756	0.00945	0.00756	0.00567	0.01891	0.01702	0.03025	0.02647	0.03025	0.02080	0.00945	0.00567	0.00189	0.00378	0.00756	0.75988	0.00756
18	0.01014	0.00824	0.00899	0.00880	0.01130	0.00709	0.00660	0.01272	0.01980	0.02502	0.25108	0.07298	0.49010	0.01939	0.00958	0.00269	0.00403	0.01641	0.00794	0.00709
19	0.01148	0.00829	0.01085	0.01021	0.01212	0.00766	0.00766	0.01531	0.02297	0.03254	0.65994	0.06061	0.07656	0.01659	0.00957	0.00255	0.00383	0.01467	0.00893	0.00766
20	0.01683	0.01442	0.01683	0.01202	0.01923	0.01082	0.00961	0.02043	0.01683	0.02644	0.01442	0.01683	0.01202	0.00601	0.00601	0.00120	0.00601	0.00481	0.00481	0.76444
21	0.01207	0.00850	0.01033	0.01015	0.01037	0.00909	0.00639	0.01262	0.01203	0.01641	0.02420	0.04796	0.02709	0.57626	0.14133	0.00846	0.04543	0.01107	0.00476	0.00548
22	0.02018	0.01743	0.01835	0.01651	0.02110	0.02018	0.01284	0.04312	0.64956	0.03394	0.03303	0.03027	0.02477	0.01101	0.00826	0.00275	0.00642	0.00917	0.00826	0.01284
23	0.01532	0.01442	0.02434	0.69533	0.05589	0.01803	0.02253	0.02073	0.01622	0.02073	0.01442	0.02163	0.01082	0.00811	0.00811	0.00270	0.01082	0.00721	0.00361	0.00901
24	0.77215	0.01569	0.01193	0.01067	0.01569	0.01820	0.00879	0.02385	0.01381	0.03641	0.01130	0.01318	0.00879	0.00753	0.00502	0.00251	0.00628	0.00439	0.00502	0.00879
25	0.01572	0.01511	0.02587	0.61066	0.05285	0.01862	0.06131	0.02099	0.01617	0.02099	0.01431	0.02141	0.01090	0.00841	0.00937	0.00276	0.05442	0.00736	0.00363	0.00913
26	0.01627	0.04197	0.67279	0.02313	0.03512	0.01884	0.02998	0.02570	0.01713	0.02570	0.01456	0.01713	0.01028	0.00771	0.00771	0.00257	0.01199	0.00600	0.00343	0.01199
27	0.01532	0.01442	0.02434	0.69533	0.05589	0.01803	0.02253	0.02073	0.01622	0.02073	0.01442	0.02163	0.01082	0.00811	0.00811	0.00270	0.01082	0.00721	0.00361	0.00901
28	0.03085	0.02273	0.02435	0.01867	0.02516	0.02516	0.01542	0.63716	0.03815	0.05114	0.01948	0.01948	0.01380	0.00974	0.00812	0.00244	0.00893	0.00731	0.00812	0.01380
29	0.01470	0.01310	0.02135	0.55182	0.04659	0.01585	0.01932	0.01978	0.01734	0.02309	0.11775	0.02827	0.02178	0.00953	0.00822	0.00264	0.00935	0.00842	0.04237	0.00873
30	0.09018	0.29272	0.05832	0.01301	0.01899	0.01975	0.01203	0.02302	0.01819	0.07691	0.14598	0.02479	0.02480	0.00908	0.00658	0.00198	0.00701	0.00692	0.00549	0.14423
31	0.01188	0.00888	0.01211	0.01400	0.05403	0.00848	0.00982	0.01472	0.01852	0.02498	0.21150	0.24582	0.09530	0.06477	0.01214	0.00340	0.00565	0.16908	0.00751	0.00741
32	0.02274	0.14829	0.08145	0.05436	0.02714	0.11461	0.10540	0.04703	0.06975	0.10564	0.05824	0.02221	0.01738	0.00940	0.00966	0.00249	0.08063	0.00740	0.00537	0.01080
33	0.02793	0.02159	0.02246	0.01783	0.02362	0.05071	0.01449	0.48593	0.11627	0.04614	0.07061	0.02388	0.01996	0.01038	0.00821	0.00247	0.00844	0.00803	0.00803	0.01301
34	0.01041	0.00825	0.00936	0.00908	0.01147	0.00720	0.00681	0.01324	0.02044	0.02654	0.33341	0.07049	0.40683	0.01883	0.00958	0.00266	0.00399	0.01606	0.00814	0.00720
35	0.01075	0.00784	0.01011	0.01044	0.01190	0.00720	0.00749	0.01355	0.01989	0.02736	0.38818	0.29896	0.11588	0.02014	0.00986	0.00284	0.00417	0.01794	0.00831	0.00720
36	0.12220	0.40778	0.06581	0.12298	0.02689	0.06082	0.01557	0.05489	0.01754	0.02366	0.01243	0.01503	0.01042	0.00746	0.00603	0.00209	0.00919	0.00508	0.00397	0.01017
37	0.01970	0.03988	0.51650	0.02241	0.03271	0.12488	0.02652	0.07668	0.01978	0.02685	0.01464	0.01693	0.01059	0.00798	0.00768	0.00248	0.01216	0.00598	0.00393	0.01173
38	0.01325	0.00931	0.01154	0.01069	0.01315	0.00879	0.00811	0.01836	0.07324	0.06449	0.50312	0.05865	0.14354	0.01630	0.00939	0.00259	0.00423	0.01420	0.00876	0.00830
39	0.02049	0.01691	0.03029	0.31515	0.16492	0.01783	0.15604	0.02573	0.01843	0.12767	0.01786	0.02235	0.01303	0.00797	0.00843	0.00262	0.01059	0.00789	0.00483	0.01095
40	0.02290	0.01610	0.02719	0.21762	0.03586	0.01638	0.17171	0.05844	0.03986	0.21259	0.04628	0.02785	0.05054	0.00946	0.00863	0.00264	0.00959	0.00892	0.00635	0.01109
41	0.01192	0.00768	0.01005	0.01129	0.01240	0.00703	0.00776	0.01352	0.01637	0.07113	0.04680	0.60514	0.10063	0.02383	0.01012	0.00319	0.00483	0.02143	0.00773	0.00717

[dist]
# distance from previous block
# <min> <max>
0	1

[block]
# block no. 6 follows, 23 sequences, length 24
# corresponding to MSA columns:
# 416-439
name=unknown_G
#
# <colnr> <probs for GDERKNQSTAVLIFYWHMCP>
#	G	D	E	R	K	N	Q	S	T	A	V	L	I	F	Y	W	H	M	C	P
0	0.02074	0.06475	0.14522	0.20534	0.03317	0.01942	0.01879	0.19114	0.02227	0.06370	0.01785	0.02266	0.01389	0.05283	0.07009	0.00375	0.01099	0.00727	0.00528	0.01084
1	0.07163	0.43529	0.25970	0.01688	0.02544	0.02653	0.01913	0.02475	0.01653	0.02258	0.01242	0.01446	0.01025	0.00725	0.00606	0.00208	0.00966	0.00492	0.00356	0.01085
2	0.06132	0.05445	0.27077	0.02458	0.03255	0.06539	0.20355	0.02596	0.01761	0.05567	0.01501	0.01858	0.01133	0.00840	0.01043	0.00267	0.09960	0.00710	0.00410	0.01096
3	0.67951	0.01746	0.01386	0.01356	0.05266	0.06348	0.01016	0.02449	0.01470	0.03472	0.01161	0.01367	0.00913	0.00757	0.00535	0.00248	0.00703	0.00461	0.00491	0.00906
4	0.01127	0.00834	0.01081	0.01033	0.01228	0.00788	0.00779	0.01476	0.02116	0.02951	0.50882	0.05907	0.14005	0.02270	0.09528	0.00391	0.00614	0.01421	0.00818	0.00751
5	0.01889	0.01807	0.03079	0.21111	0.51221	0.01897	0.02431	0.02386	0.01791	0.02507	0.01505	0.02047	0.01234	0.00745	0.00805	0.00248	0.00993	0.00723	0.00391	0.01189
6	0.01627	0.04197	0.67279	0.02313	0.03512	0.01884	0.02998	0.02570	0.01713	0.02570	0.01456	0.01713	0.01028	0.00771	0.00771	0.00257	0.01199	0.00600	0.00343	0.01199
7	0.01063	0.00826	0.00966	0.00931	0.01160	0.00729	0.00698	0.01365	0.02094	0.02773	0.39853	0.06852	0.34097	0.01838	0.00958	0.00264	0.00396	0.01578	0.00830	0.00729
8	0.01277	0.00962	0.01145	0.01129	0.01364	0.00948	0.00872	0.01889	0.11190	0.02884	0.30171	0.10426	0.16281	0.01734	0.00938	0.00277	0.00479	0.09273	0.05943	0.00817
9	0.01006	0.00719	0.00962	0.01150	0.01205	0.00674	0.00784	0.01160	0.01571	0.02091	0.04463	0.67529	0.05328	0.02525	0.01040	0.00332	0.00486	0.05557	0.00753	0.00664
10	0.00989	0.00706	0.00942	0.01130	0.01177	0.00659	0.00753	0.01130	0.01554	0.02071	0.04472	0.70954	0.05367	0.02542	0.01036	0.00330	0.00471	0.02307	0.00753	0.00659
11	0.77215	0.01569	0.01193	0.01067	0.01569	0.01820	0.00879	0.02385	0.01381	0.03641	0.01130	0.01318	0.00879	0.00753	0.00502	0.00251	0.00628	0.00439	0.00502	0.00879
12	0.01915	0.02189	0.04788	0.03420	0.04241	0.02052	0.63475	0.02599	0.01915	0.02599	0.01642	0.02189	0.01231	0.00684	0.00958	0.00274	0.01368	0.00958	0.00410	0.01094
13	0.03031	0.03867	0.02299	0.02090	0.02508	0.68226	0.01568	0.03240	0.02299	0.01986	0.01254	0.01463	0.01045	0.00836	0.00732	0.00209	0.01463	0.00523	0.00418	0.00941
14	0.01148	0.00829	0.01085	0.01021	0.01212	0.00766	0.00766	0.01531	0.02297	0.03254	0.65994	0.06061	0.07656	0.01659	0.00957	0.00255	0.00383	0.01467	0.00893	0.00766
15	0.03031	0.03867	0.02299	0.02090	0.02508	0.68226	0.01568	0.03240	0.02299	0.01986	0.01254	0.01463	0.01045	0.00836	0.00732	0.00209	0.01463	0.00523	0.00418	0.00941
16	0.03085	0.02273	0.02435	0.01867	0.02516	0.02516	0.01542	0.63716	0.03815	0.05114	0.01948	0.01948	0.01380	0.00974	0.00812	0.00244	0.00893	0.00731	0.00812	0.01380
17	0.01195	0.00842	0.01247	0.01247	0.01364	0.00959	0.00943	0.01380	0.01263	0.01801	0.02087	0.03199	0.01990	0.09077	0.55763	0.11799	0.01894	0.00863	0.00426	0.00660
18	0.01742	0.01646	0.02265	0.01955	0.01979	0.02265	0.01621	0.01945	0.01301	0.02089	0.01267	0.01934	0.01194	0.01360	0.02396	0.00334	0.61133	0.00716	0.09986	0.00871
19	0.02169	0.71972	0.04252	0.01388	0.02083	0.03211	0.01388	0.02430	0.01649	0.01909	0.01128	0.01302	0.01041	0.00694	0.00521	0.00174	0.00868	0.00434	0.00347	0.01041
20	0.06527	0.01606	0.02361	0.23293	0.22945	0.01732	0.01863	0.02593	0.11265	0.05688	0.02212	0.02522	0.05219	0.00892	0.00787	0.00250	0.00861	0.00781	0.00514	0.06090
21	0.06747	0.02144	0.03039	0.07318	0.23536	0.06634	0.12590	0.19524	0.02373	0.03277	0.01599	0.01946	0.01241	0.00827	0.00880	0.00252	0.03627	0.00735	0.00520	0.01192
22	0.12083	0.06287	0.08717	0.01837	0.02443	0.02234	0.05634	0.21804	0.19885	0.03647	0.02048	0.02111	0.01536	0.00952	0.00877	0.00259	0.05071	0.00728	0.00648	0.01202
23	0.06596	0.02640	0.26745	0.05881	0.02862	0.06122	0.06273	0.02597	0.04467	0.09297	0.05280	0.06352	0.01832	0.00946	0.00783	0.00246	0.00962	0.00790	0.00521	0.08809

[dist]
# distance from previous block
# <min> <max>
1	8

[block]
# block no. 7 follows, 23 sequences, length 17
# corresponding to MSA columns:
# 448-464
name=unknown_H
#
# <colnr> <probs for GDERKNQSTAVLIFYWHMCP>
#	G	D	E	R	K	N	Q	S	T	A	V	L	I	F	Y	W	H	M	C	P
0	0.02062	0.12902	0.22114	0.07673	0.08095	0.07928	0.01957	0.02585	0.01801	0.09501	0.01628	0.01891	0.01246	0.01083	0.04695	0.00284	0.01072	0.00614	0.00452	0.10417
1	0.15808	0.10247	0.09599	0.02202	0.15218	0.04244	0.01594	0.02132	0.01584	0.02482	0.04309	0.07674	0.01744	0.01229	0.01186	0.08706	0.07880	0.00774	0.00448	0.00940
2	0.46511	0.01870	0.05690	0.01691	0.06166	0.01891	0.05468	0.11022	0.01881	0.08915	0.01494	0.01651	0.01101	0.00799	0.00637	0.00251	0.00775	0.00574	0.00565	0.01049
3	0.14438	0.06398	0.07378	0.26872	0.03277	0.01742	0.01640	0.06041	0.04790	0.02626	0.02080	0.15307	0.01959	0.01151	0.00780	0.00269	0.00848	0.00962	0.00510	0.00934
4	0.14044	0.01342	0.01776	0.01803	0.10647	0.01328	0.01244	0.02556	0.01738	0.21851	0.02147	0.02437	0.01648	0.02378	0.20608	0.00545	0.01145	0.00722	0.00616	0.09425
5	0.01423	0.01292	0.01904	0.20791	0.02860	0.05261	0.05374	0.01804	0.01492	0.01989	0.01879	0.02733	0.01652	0.03940	0.40918	0.00881	0.01771	0.00813	0.00411	0.00811
6	0.01405	0.02061	0.23127	0.01558	0.02122	0.01290	0.01616	0.02169	0.09035	0.02833	0.24080	0.04837	0.10429	0.01414	0.00901	0.00275	0.00731	0.08488	0.00671	0.00957
7	0.02744	0.01950	0.02161	0.01731	0.02291	0.02149	0.01410	0.41631	0.13532	0.09993	0.02309	0.02337	0.01690	0.01565	0.08300	0.00367	0.00975	0.00785	0.00789	0.01291
8	0.03042	0.02415	0.02147	0.01783	0.02327	0.21431	0.01413	0.19979	0.13095	0.20559	0.02305	0.02203	0.01632	0.00963	0.00792	0.00241	0.00965	0.00723	0.00750	0.01235
9	0.02179	0.25581	0.12940	0.01560	0.02306	0.02136	0.01525	0.07474	0.08153	0.09230	0.01742	0.01824	0.01343	0.00778	0.00661	0.00198	0.00820	0.00581	0.00528	0.18443
10	0.77215	0.01569	0.01193	0.01067	0.01569	0.01820	0.00879	0.02385	0.01381	0.03641	0.01130	0.01318	0.00879	0.00753	0.00502	0.00251	0.00628	0.00439	0.00502	0.00879
11	0.01180	0.00787	0.00885	0.00885	0.00885	0.00787	0.00492	0.01180	0.01180	0.01573	0.02557	0.05310	0.02950	0.71483	0.04130	0.00787	0.00787	0.01180	0.00492	0.00492
12	0.02245	0.04870	0.02435	0.21393	0.03302	0.05386	0.04849	0.26055	0.06998	0.03485	0.08918	0.02503	0.02028	0.00978	0.00820	0.00252	0.00926	0.00811	0.00631	0.01116
13	0.02897	0.03137	0.02270	0.01927	0.02446	0.41777	0.01493	0.20592	0.02669	0.02963	0.01476	0.01628	0.01159	0.00850	0.00740	0.00209	0.01203	0.00578	0.00539	0.09446
14	0.01345	0.01043	0.01413	0.09711	0.02043	0.01017	0.01194	0.01677	0.01733	0.02337	0.06425	0.09831	0.05889	0.09459	0.01312	0.00353	0.00723	0.28587	0.00635	0.13271
15	0.01286	0.00962	0.01095	0.01057	0.01201	0.00996	0.00716	0.01760	0.11963	0.02166	0.10385	0.05132	0.11106	0.37589	0.08640	0.00626	0.00797	0.01206	0.00619	0.00698
16	0.01954	0.01748	0.02731	0.35993	0.26124	0.01964	0.02218	0.12429	0.02064	0.02777	0.01555	0.02074	0.01202	0.00808	0.00809	0.00256	0.01010	0.00723	0.00450	0.01113

[dist]
# distance from previous block
# <min> <max>
0	5

[block]
# block no. 8 follows, 23 sequences, length 26
# corresponding to MSA columns:
# 470-495
name=unknown_I
#
# <colnr> <probs for GDERKNQSTAVLIFYWHMCP>
#	G	D	E	R	K	N	Q	S	T	A	V	L	I	F	Y	W	H	M	C	P
0	0.07978	0.01503	0.02417	0.57154	0.11461	0.01817	0.02161	0.02142	0.01625	0.02265	0.01424	0.02076	0.01085	0.00797	0.00784	0.00266	0.01031	0.00697	0.00377	0.00939
1	0.06490	0.27493	0.02954	0.01692	0.02183	0.09587	0.04557	0.02640	0.01784	0.13092	0.01776	0.02354	0.01516	0.01016	0.01021	0.00247	0.12357	0.05697	0.00513	0.01031
2	0.13887	0.09372	0.06456	0.02054	0.12964	0.01750	0.01510	0.03253	0.07827	0.29572	0.02283	0.02219	0.01594	0.00880	0.00733	0.00244	0.00775	0.00698	0.00697	0.01232
3	0.09848	0.11031	0.02196	0.01760	0.08865	0.01754	0.01281	0.02992	0.16267	0.13724	0.02200	0.04370	0.01721	0.00888	0.00704	0.00218	0.00699	0.00712	0.00633	0.18136
4	0.77215	0.01569	0.01193	0.01067	0.01569	0.01820	0.00879	0.02385	0.01381	0.03641	0.01130	0.01318	0.00879	0.00753	0.00502	0.00251	0.00628	0.00439	0.00502	0.00879
5	0.01362	0.00944	0.01205	0.01134	0.01260	0.01003	0.00814	0.01534	0.01521	0.06173	0.12561	0.04768	0.09692	0.29918	0.15544	0.00680	0.07457	0.01150	0.00588	0.00693
6	0.01381	0.01220	0.01976	0.46803	0.04138	0.01469	0.01771	0.01798	0.01552	0.02026	0.02093	0.14059	0.02007	0.05287	0.08620	0.00423	0.01087	0.01029	0.00442	0.00820
7	0.01180	0.00787	0.00885	0.00885	0.00885	0.00787	0.00492	0.01180	0.01180	0.01573	0.02557	0.05310	0.02950	0.71483	0.04130	0.00787	0.00787	0.01180	0.00492	0.00492
8	0.02553	0.01222	0.01589	0.01270	0.01783	0.01037	0.01017	0.02871	0.02141	0.37137	0.14704	0.06913	0.07168	0.01199	0.00825	0.00235	0.00591	0.01010	0.00867	0.13868
9	0.02032	0.54794	0.20226	0.01623	0.02445	0.02875	0.01796	0.02465	0.01665	0.02076	0.01211	0.01406	0.01038	0.00714	0.00584	0.00195	0.00952	0.00476	0.00346	0.01081
10	0.00998	0.00714	0.00950	0.01123	0.01179	0.00665	0.00754	0.01154	0.01598	0.02143	0.08176	0.67047	0.05505	0.02489	0.01031	0.00325	0.00465	0.02256	0.00762	0.00665
11	0.01007	0.00720	0.00958	0.01118	0.01181	0.00671	0.00755	0.01175	0.01637	0.02205	0.11406	0.63640	0.05625	0.02443	0.01027	0.00321	0.00461	0.02212	0.00769	0.00671
12	0.02207	0.37809	0.11357	0.08443	0.02546	0.02339	0.01593	0.02602	0.01827	0.13529	0.07048	0.02100	0.01772	0.00852	0.00671	0.00214	0.00859	0.00639	0.00509	0.01083
13	0.02381	0.01680	0.08925	0.22237	0.06745	0.01462	0.03780	0.02832	0.01931	0.28525	0.02478	0.09377	0.01906	0.01053	0.00836	0.00266	0.00876	0.00917	0.00664	0.01129
14	0.01148	0.00829	0.01085	0.01021	0.01212	0.00766	0.00766	0.01531	0.02297	0.03254	0.65994	0.06061	0.07656	0.01659	0.00957	0.00255	0.00383	0.01467	0.00893	0.00766
15	0.03225	0.02047	0.02295	0.01760	0.02404	0.02181	0.01454	0.48570	0.03437	0.20795	0.02266	0.02154	0.01539	0.00982	0.00813	0.00245	0.00842	0.00752	0.00861	0.01380
16	0.02043	0.13715	0.19136	0.19155	0.03442	0.01961	0.05698	0.05290	0.03741	0.11729	0.01889	0.05453	0.01473	0.00904	0.00775	0.00250	0.00985	0.00757	0.00503	0.01101
17	0.01528	0.01244	0.07909	0.01194	0.01555	0.00921	0.01033	0.01906	0.02098	0.12543	0.34674	0.11502	0.15462	0.01617	0.00924	0.00265	0.00526	0.01399	0.00818	0.00880
18	0.02553	0.33757	0.03036	0.01506	0.02118	0.04694	0.01341	0.18375	0.02397	0.12722	0.08281	0.02181	0.01951	0.00917	0.00692	0.00213	0.00818	0.00677	0.00624	0.01148
19	0.01869	0.01571	0.01874	0.01522	0.06120	0.01305	0.01128	0.09342	0.01945	0.02936	0.01507	0.01735	0.01228	0.00653	0.00639	0.00142	0.00659	0.00526	0.00515	0.62785
20	0.01744	0.18790	0.53708	0.02114	0.03204	0.02170	0.02651	0.02540	0.01699	0.02427	0.01386	0.01625	0.01031	0.00754	0.00717	0.00239	0.01128	0.00564	0.00344	0.01165
21	0.01435	0.00976	0.01231	0.01295	0.01526	0.00953	0.01033	0.01910	0.08265	0.07850	0.04829	0.23665	0.15073	0.02065	0.01015	0.00325	0.00602	0.24349	0.00780	0.00822
22	0.01532	0.01442	0.02434	0.69533	0.05589	0.01803	0.02253	0.02073	0.01622	0.02073	0.01442	0.02163	0.01082	0.00811	0.00811	0.00270	0.01082	0.00721	0.00361	0.00901
23	0.01032	0.00802	0.00938	0.00952	0.01153	0.00709	0.00696	0.01288	0.01952	0.02547	0.28045	0.19257	0.33708	0.02007	0.00973	0.00278	0.00412	0.01739	0.00803	0.00709
24	0.01532	0.01442	0.02434	0.69533	0.05589	0.01803	0.02253	0.02073	0.01622	0.02073	0.01442	0.02163	0.01082	0.00811	0.00811	0.00270	0.01082	0.00721	0.00361	0.00901
25	0.01180	0.00787	0.00885	0.00885	0.00885	0.00787	0.00492	0.01180	0.01180	0.01573	0.02557	0.05310	0.02950	0.71483	0.04130	0.00787	0.00787	0.01180	0.00492	0.00492

[dist]
# distance from previous block
# <min> <max>
0	17

[block]
# block no. 9 follows, 23 sequences, length 24
# corresponding to MSA columns:
# 513-536
name=unknown_J
#
# <colnr> <probs for GDERKNQSTAVLIFYWHMCP>
#	G	D	E	R	K	N	Q	S	T	A	V	L	I	F	Y	W	H	M	C	P
0	0.02169	0.71972	0.04252	0.01388	0.02083	0.03211	0.01388	0.02430	0.01649	0.01909	0.01128	0.01302	0.01041	0.00694	0.00521	0.00174	0.00868	0.00434	0.00347	0.01041
1	0.01176	0.00804	0.00974	0.00974	0.01005	0.00835	0.00603	0.01237	0.01206	0.01639	0.02475	0.04858	0.02754	0.57545	0.17800	0.00897	0.01082	0.01114	0.00480	0.00541
2	0.01683	0.01442	0.01683	0.01202	0.01923	0.01082	0.00961	0.02043	0.01683	0.02644	0.01442	0.01683	0.01202	0.00601	0.00601	0.00120	0.00601	0.00481	0.00481	0.76444
3	0.01971	0.27626	0.02590	0.01459	0.01950	0.13713	0.01231	0.02324	0.04786	0.02181	0.02104	0.13806	0.02135	0.01149	0.00717	0.00217	0.00842	0.05268	0.00503	0.13427
4	0.02222	0.21591	0.19937	0.01697	0.02505	0.02158	0.01747	0.12299	0.05092	0.08891	0.01694	0.01794	0.01276	0.00792	0.00688	0.00210	0.00889	0.00591	0.00525	0.13402
5	0.01295	0.00827	0.01095	0.01099	0.01270	0.00760	0.00797	0.01577	0.02008	0.08128	0.36619	0.31222	0.06286	0.01950	0.00976	0.00284	0.00443	0.01742	0.00848	0.00775
6	0.01000	0.00711	0.00938	0.01116	0.01160	0.00666	0.00738	0.01133	0.01532	0.02043	0.04362	0.67189	0.05228	0.06496	0.01213	0.00356	0.00489	0.02242	0.00738	0.00649
7	0.02021	0.14890	0.16821	0.10469	0.03085	0.06493	0.07175	0.08072	0.09766	0.02609	0.01626	0.01913	0.01272	0.00897	0.00985	0.00255	0.09419	0.00676	0.00459	0.01097
8	0.01263	0.00789	0.01053	0.01142	0.01266	0.00726	0.00796	0.01458	0.01743	0.08354	0.14052	0.54319	0.05412	0.02258	0.01003	0.00310	0.00478	0.02034	0.00799	0.00744
9	0.01133	0.00855	0.01064	0.01088	0.01303	0.00786	0.00867	0.01459	0.02044	0.02705	0.31611	0.07433	0.24745	0.01938	0.01002	0.00293	0.00490	0.17634	0.00811	0.00736
