[name]
unknown

[dist]
# distance from previous block
# <min> <max>
0	1

[block]
# block no. 0 follows, 24 sequences, length 32
# corresponding to MSA columns:
# 1-32
name=unknown_A
#
# <colnr> <probs for GDERKNQSTAVLIFYWHMCP>
#	G	D	E	R	K	N	Q	S	T	A	V	L	I	F	Y	W	H	M	C	P
0	0.02955	0.01802	0.02068	0.01643	0.02222	0.01897	0.01350	0.33301	0.12009	0.24815	0.02600	0.02659	0.01858	0.01040	0.00812	0.00251	0.00767	0.03793	0.00853	0.01305
1	0.01955	0.03604	0.53683	0.02123	0.03176	0.01845	0.02586	0.09862	0.01973	0.09410	0.01652	0.01805	0.01142	0.00800	0.00762	0.00249	0.01087	0.00622	0.00454	0.01210
2	0.01644	0.01409	0.01644	0.01175	0.01879	0.01057	0.00940	0.01997	0.01644	0.02584	0.01409	0.01644	0.01175	0.00587	0.00587	0.00117	0.00587	0.00470	0.00470	0.76979
3	0.02120	0.72609	0.04155	0.01357	0.02035	0.03138	0.01357	0.02374	0.01611	0.01866	0.01102	0.01272	0.01018	0.00678	0.00509	0.00170	0.00848	0.00424	0.00339	0.01018
4	0.01696	0.16681	0.41499	0.09972	0.03264	0.02140	0.02423	0.02368	0.01605	0.02270	0.01321	0.01654	0.01017	0.00808	0.00898	0.00247	0.08140	0.00580	0.00339	0.01078
5	0.00966	0.00690	0.00920	0.01104	0.01150	0.00644	0.00736	0.01104	0.01518	0.02024	0.04371	0.71614	0.05245	0.02484	0.01012	0.00322	0.00460	0.02254	0.00736	0.00644
6	0.01143	0.00809	0.01068	0.01068	0.01138	0.00879	0.00733	0.01283	0.01213	0.01688	0.02313	0.04163	0.02437	0.39381	0.36177	0.01019	0.01439	0.01003	0.00453	0.00593
7	0.01821	0.01531	0.01681	0.01580	0.01971	0.01742	0.01260	0.03654	0.51840	0.03112	0.03439	0.04261	0.02887	0.01318	0.00870	0.00290	0.00650	0.14161	0.00790	0.01141
8	0.01000	0.00716	0.00951	0.01081	0.01158	0.00667	0.00739	0.01190	0.01676	0.02276	0.17949	0.57318	0.05732	0.02297	0.00995	0.00306	0.00441	0.02076	0.00766	0.00667
9	0.01708	0.01624	0.02758	0.40687	0.33357	0.01817	0.02307	0.02210	0.01685	0.02281	0.01447	0.02046	0.01147	0.00754	0.00789	0.00251	0.01005	0.00706	0.00371	0.01050
10	0.03110	0.02884	0.02183	0.01851	0.02355	0.38950	0.01443	0.16683	0.02575	0.17679	0.01809	0.01824	0.01308	0.00884	0.00751	0.00221	0.01136	0.00621	0.00624	0.01111
11	0.01839	0.02062	0.04335	0.06430	0.03994	0.02037	0.54839	0.02450	0.01790	0.02450	0.01537	0.02096	0.01179	0.00749	0.01101	0.00275	0.08501	0.00900	0.00393	0.01040
12	0.01103	0.00771	0.00981	0.01021	0.01074	0.00789	0.00671	0.01219	0.01321	0.01804	0.06084	0.20321	0.03462	0.37097	0.18052	0.00754	0.00987	0.01356	0.00547	0.00584
13	0.01326	0.00716	0.01044	0.01044	0.01061	0.00732	0.00703	0.01090	0.01073	0.01448	0.01578	0.02774	0.01600	0.10157	0.10856	0.60413	0.00864	0.00754	0.00368	0.00400
14	0.01073	0.00814	0.00995	0.01022	0.01193	0.00758	0.00738	0.01426	0.05104	0.02579	0.30171	0.27852	0.19411	0.01963	0.00955	0.00278	0.00421	0.01730	0.00795	0.00722
15	0.69107	0.01512	0.01244	0.01086	0.01591	0.01708	0.00894	0.02509	0.01457	0.11021	0.01340	0.01452	0.00987	0.00765	0.00526	0.00245	0.00621	0.00472	0.00548	0.00916
16	0.02684	0.03228	0.02296	0.02040	0.02367	0.50171	0.01577	0.06144	0.02089	0.02096	0.01219	0.01525	0.01043	0.00955	0.01152	0.00239	0.17265	0.00564	0.00415	0.00930
17	0.01140	0.00821	0.01128	0.01128	0.01219	0.00912	0.00808	0.01322	0.01231	0.01732	0.02258	0.03857	0.02305	0.29630	0.45747	0.01093	0.01639	0.00958	0.00445	0.00627
18	0.01981	0.02426	0.17286	0.16191	0.03718	0.05084	0.20465	0.08625	0.04831	0.05927	0.01661	0.02023	0.01222	0.00813	0.00906	0.00260	0.04282	0.00752	0.00460	0.01087
19	0.02147	0.02294	0.01781	0.01698	0.02028	0.29528	0.01308	0.04959	0.15935	0.02439	0.02692	0.13357	0.02607	0.01375	0.00851	0.00266	0.00965	0.12221	0.00616	0.00932
20	0.03048	0.01229	0.01599	0.01272	0.01786	0.01102	0.01036	0.03438	0.04431	0.51309	0.03014	0.02764	0.01995	0.00972	0.00745	0.00233	0.00607	0.00788	0.17417	0.01213
21	0.00950	0.00754	0.00854	0.00933	0.01105	0.00658	0.00660	0.01123	0.01683	0.02091	0.06451	0.35263	0.40252	0.02214	0.00970	0.00291	0.00427	0.01924	0.00736	0.00658
22	0.02369	0.11903	0.09525	0.02352	0.03105	0.02187	0.26110	0.19948	0.02376	0.09737	0.01757	0.01969	0.01277	0.00788	0.00807	0.00242	0.01058	0.00758	0.00555	0.01178
23	0.01590	0.04102	0.68023	0.02260	0.03432	0.01842	0.02930	0.02511	0.01674	0.02511	0.01423	0.01674	0.01005	0.00753	0.00753	0.00251	0.01172	0.00586	0.00335	0.01172
24	0.39197	0.01438	0.01516	0.01234	0.01789	0.01460	0.01018	0.03128	0.01828	0.36899	0.02156	0.02021	0.01432	0.00864	0.00650	0.00245	0.00645	0.00621	0.00746	0.01114
25	0.04611	0.02390	0.02237	0.08672	0.11306	0.22191	0.01609	0.11407	0.21789	0.02913	0.01980	0.02094	0.01525	0.00895	0.00764	0.00240	0.00985	0.00698	0.00577	0.01119
26	0.05680	0.01383	0.02102	0.16644	0.02854	0.01476	0.10381	0.10321	0.02058	0.02837	0.11387	0.06907	0.03118	0.01357	0.00909	0.00288	0.00842	0.17938	0.00617	0.00901
27	0.01241	0.00794	0.01022	0.01069	0.01230	0.00719	0.00761	0.01455	0.01786	0.08498	0.18325	0.42194	0.13718	0.02090	0.00965	0.00292	0.00454	0.01860	0.00789	0.00737
28	0.08894	0.02247	0.02033	0.01730	0.02227	0.20335	0.03569	0.11396	0.17962	0.15137	0.02291	0.02437	0.01727	0.00975	0.00769	0.00245	0.00919	0.03292	0.00684	0.01131
29	0.01708	0.01621	0.02274	0.24497	0.03194	0.02109	0.01785	0.02449	0.15382	0.02254	0.01639	0.02127	0.01347	0.01123	0.01614	0.00303	0.32429	0.00742	0.00449	0.00956
30	0.01339	0.01116	0.01462	0.16991	0.02335	0.01216	0.01172	0.02085	0.15710	0.02581	0.17945	0.18439	0.11394	0.01540	0.00891	0.00275	0.00607	0.01351	0.00694	0.00858
31	0.18390	0.02105	0.01793	0.03895	0.02135	0.18145	0.01173	0.08857	0.01945	0.02864	0.01350	0.01559	0.01083	0.00721	0.00627	0.00184	0.00847	0.00505	0.00489	0.31332

[dist]
# distance from previous block
# <min> <max>
0	2

[block]
# block no. 1 follows, 24 sequences, length 26
# corresponding to MSA columns:
# 35-60
name=unknown_B
#
# <colnr> <probs for GDERKNQSTAVLIFYWHMCP>
#	G	D	E	R	K	N	Q	S	T	A	V	L	I	F	Y	W	H	M	C	P
0	0.06374	0.13958	0.33530	0.01724	0.02628	0.01808	0.01958	0.02423	0.01670	0.06055	0.01443	0.01636	0.01093	0.00711	0.00659	0.00204	0.00912	0.00533	0.00414	0.20267
1	0.03056	0.01760	0.06494	0.01574	0.02131	0.06339	0.01360	0.05706	0.02180	0.46345	0.05948	0.02581	0.02004	0.01025	0.00968	0.00252	0.07445	0.00782	0.00821	0.01228
2	0.01277	0.01486	0.11599	0.01629	0.01982	0.01124	0.09307	0.01786	0.06841	0.02290	0.03468	0.42794	0.03816	0.01858	0.00952	0.00303	0.00710	0.05306	0.00638	0.00833
3	0.02094	0.02037	0.02815	0.18648	0.40448	0.11918	0.02181	0.02529	0.01848	0.05771	0.01519	0.01954	0.01214	0.00757	0.00777	0.00238	0.01027	0.00681	0.00417	0.01128
4	0.02017	0.01449	0.01740	0.01534	0.01862	0.08424	0.05473	0.04798	0.01978	0.17357	0.09345	0.19621	0.07157	0.01557	0.01025	0.00280	0.05634	0.07098	0.00721	0.00929
5	0.01665	0.13726	0.59051	0.02133	0.03236	0.02024	0.02709	0.02492	0.01665	0.02421	0.01378	0.01618	0.01006	0.00743	0.00719	0.00240	0.01126	0.00563	0.00335	0.01150
6	0.01568	0.01481	0.02505	0.60384	0.14755	0.01780	0.02237	0.02087	0.01619	0.02111	0.01422	0.02091	0.01087	0.00780	0.00792	0.00260	0.01040	0.00705	0.00358	0.00937
7	0.01882	0.40840	0.23366	0.01661	0.02436	0.02483	0.01826	0.02495	0.06356	0.02210	0.01596	0.02111	0.01390	0.00847	0.00651	0.00217	0.00922	0.05247	0.00402	0.01060
8	0.01375	0.02156	0.28005	0.01544	0.02140	0.01231	0.01663	0.01939	0.01835	0.04699	0.23944	0.03829	0.08714	0.01935	0.11105	0.00406	0.00970	0.01004	0.00582	0.00925
9	0.01110	0.00806	0.01081	0.01098	0.01196	0.00867	0.00781	0.01285	0.01297	0.01785	0.02861	0.10615	0.07030	0.25932	0.37618	0.00957	0.01425	0.01135	0.00493	0.00628
10	0.01088	0.00790	0.01025	0.01008	0.01174	0.00727	0.00740	0.01414	0.02102	0.02938	0.53594	0.17229	0.09631	0.01785	0.00949	0.00263	0.00390	0.01585	0.00844	0.00727
11	0.01497	0.01153	0.01375	0.01330	0.01511	0.05727	0.01003	0.01858	0.05908	0.06793	0.02553	0.13819	0.02501	0.10525	0.34737	0.00817	0.04501	0.01068	0.00542	0.00783
12	0.01498	0.01409	0.02378	0.70226	0.05462	0.01762	0.02202	0.02026	0.01586	0.02026	0.01409	0.02114	0.01057	0.00793	0.00793	0.00264	0.01057	0.00705	0.00352	0.00881
13	0.03151	0.01567	0.01895	0.01472	0.02045	0.01541	0.01210	0.23479	0.02680	0.40085	0.02668	0.02467	0.01770	0.00965	0.00769	0.00236	0.00706	0.00764	0.09246	0.01282
14	0.01662	0.01483	0.02799	0.02219	0.02645	0.01506	0.27431	0.02064	0.01638	0.05785	0.02132	0.03400	0.01925	0.02307	0.16468	0.06144	0.06990	0.10043	0.00479	0.00883
15	0.00956	0.00729	0.00880	0.01000	0.01123	0.00653	0.00690	0.01116	0.01618	0.02065	0.05636	0.49504	0.26538	0.02320	0.00986	0.00303	0.00440	0.02054	0.00736	0.00653
16	0.26362	0.01362	0.01551	0.01248	0.01792	0.01324	0.01026	0.03242	0.01940	0.43116	0.02462	0.02281	0.01626	0.00901	0.00685	0.00241	0.00633	0.00679	0.06377	0.01153
17	0.01054	0.00812	0.01221	0.01293	0.01404	0.00763	0.05443	0.01247	0.01565	0.02086	0.04156	0.62167	0.04901	0.02331	0.01012	0.00321	0.00543	0.06288	0.00711	0.00681
18	0.47754	0.01538	0.01730	0.12235	0.14099	0.01748	0.01358	0.02249	0.01464	0.03046	0.01282	0.01646	0.01029	0.01053	0.04709	0.00308	0.00831	0.00547	0.00448	0.00926
19	0.02260	0.07681	0.07301	0.02699	0.08060	0.26102	0.24372	0.02697	0.01923	0.02234	0.01373	0.01753	0.01105	0.00783	0.00927	0.00240	0.06389	0.00691	0.00391	0.01018
20	0.01275	0.00940	0.01273	0.01227	0.01390	0.01050	0.00929	0.06240	0.01503	0.02104	0.05141	0.03601	0.04225	0.15604	0.48620	0.01041	0.01689	0.00936	0.00491	0.00722
21	0.06303	0.30556	0.06776	0.01719	0.07160	0.02270	0.01452	0.11759	0.02026	0.11809	0.01590	0.01687	0.01227	0.00760	0.00635	0.00198	0.00810	0.00556	0.00524	0.10183
22	0.11430	0.01588	0.07178	0.10860	0.11471	0.01487	0.07934	0.02094	0.01648	0.07744	0.02519	0.19017	0.04960	0.01270	0.00933	0.00275	0.05004	0.01107	0.00539	0.00943
23	0.01112	0.00802	0.01050	0.01005	0.01182	0.00741	0.00747	0.01470	0.02195	0.03101	0.62481	0.10435	0.07329	0.01680	0.00941	0.00254	0.00380	0.01490	0.00864	0.00741
24	0.01193	0.00900	0.01085	0.01162	0.01321	0.00885	0.00835	0.05724	0.06452	0.02362	0.04703	0.47965	0.14741	0.02182	0.00974	0.00306	0.00506	0.05212	0.00745	0.00746
25	0.14857	0.01893	0.07348	0.04122	0.06551	0.01755	0.14448	0.09034	0.04421	0.22037	0.02012	0.02111	0.01407	0.00854	0.00840	0.00254	0.03534	0.00734	0.00631	0.01157

[dist]
# distance from previous block
# <min> <max>
2	9

[block]
# block no. 2 follows, 24 sequences, length 15
# corresponding to MSA columns:
# 70-84
name=unknown_C
#
# <colnr> <probs for GDERKNQSTAVLIFYWHMCP>
#	G	D	E	R	K	N	Q	S	T	A	V	L	I	F	Y	W	H	M	C	P
0	0.01828	0.01430	0.01490	0.01230	0.01716	0.05519	0.00980	0.10449	0.02092	0.08725	0.04073	0.04255	0.24134	0.01272	0.00793	0.00218	0.00633	0.04526	0.00664	0.23973
1	0.13579	0.01970	0.12237	0.01553	0.02246	0.01587	0.01448	0.14333	0.02274	0.33182	0.02250	0.02132	0.01498	0.00882	0.00734	0.00237	0.00775	0.00678	0.00746	0.05656
2	0.00990	0.00707	0.00947	0.01131	0.01188	0.00665	0.00777	0.01145	0.01542	0.02051	0.04358	0.66839	0.05193	0.02462	0.01018	0.00325	0.00481	0.06795	0.00736	0.00651
3	0.02516	0.10176	0.03140	0.05023	0.07115	0.13102	0.16089	0.26973	0.02618	0.03318	0.01591	0.01824	0.01208	0.00812	0.00782	0.00233	0.01079	0.00700	0.00547	0.01154
4	0.03511	0.01424	0.01887	0.01446	0.02062	0.01277	0.01195	0.09076	0.02395	0.62345	0.03023	0.02631	0.01910	0.00979	0.00797	0.00245	0.00692	0.00790	0.00965	0.01349
5	0.01012	0.00764	0.00935	0.00981	0.01139	0.00687	0.00702	0.01249	0.01851	0.02456	0.26890	0.30575	0.23776	0.02050	0.00964	0.00281	0.00414	0.01805	0.00783	0.00687
6	0.02334	0.01594	0.02604	0.06157	0.30239	0.01524	0.07528	0.02743	0.01951	0.23496	0.02748	0.02849	0.08718	0.00939	0.00820	0.00247	0.00838	0.00864	0.00619	0.01187
7	0.00963	0.00701	0.00909	0.01076	0.01143	0.00646	0.00724	0.01107	0.01545	0.02035	0.04709	0.65703	0.10937	0.02440	0.01005	0.00317	0.00455	0.02201	0.00736	0.00646
8	0.01336	0.01084	0.01581	0.09143	0.05191	0.01273	0.01221	0.01501	0.01369	0.01901	0.02382	0.19997	0.02579	0.08436	0.10728	0.09804	0.15336	0.03942	0.00485	0.00709
9	0.03508	0.01429	0.01890	0.01449	0.02064	0.01284	0.01197	0.09406	0.02403	0.62005	0.03017	0.02626	0.01907	0.00979	0.00797	0.00245	0.00693	0.00790	0.00964	0.01349
10	0.01945	0.02018	0.03008	0.07573	0.03168	0.09278	0.26793	0.03035	0.22589	0.02672	0.02296	0.02909	0.01855	0.00957	0.00872	0.00269	0.01044	0.06090	0.00558	0.01070
11	0.01135	0.00841	0.01229	0.01229	0.01355	0.00967	0.00935	0.01387	0.01261	0.01807	0.02165	0.03344	0.02082	0.13259	0.61813	0.01219	0.01974	0.00883	0.00431	0.00683
12	0.01377	0.01317	0.11801	0.01250	0.01534	0.00913	0.01073	0.01655	0.01567	0.08107	0.03334	0.37700	0.03614	0.12885	0.01387	0.00362	0.00635	0.01549	0.07164	0.00776
13	0.02872	0.02150	0.05911	0.01718	0.02294	0.10634	0.01447	0.20845	0.13860	0.24036	0.02384	0.02263	0.01661	0.00968	0.00843	0.00246	0.03116	0.00738	0.00764	0.01250
14	0.27965	0.12584	0.06281	0.01416	0.01970	0.07157	0.01245	0.11796	0.01968	0.11333	0.01809	0.08015	0.01519	0.00958	0.00660	0.00237	0.00781	0.00701	0.00581	0.01024

[dist]
# distance from previous block
# <min> <max>
3	10

[block]
# block no. 3 follows, 24 sequences, length 11
# corresponding to MSA columns:
# 95-105
name=unknown_D
#
# <colnr> <probs for GDERKNQSTAVLIFYWHMCP>
#	G	D	E	R	K	N	Q	S	T	A	V	L	I	F	Y	W	H	M	C	P
0	0.08762	0.07215	0.08140	0.01460	0.01927	0.08246	0.01305	0.10527	0.06932	0.02786	0.03612	0.04503	0.16947	0.01373	0.00825	0.00265	0.00777	0.12840	0.00624	0.00935
1	0.01525	0.00981	0.01155	0.01054	0.01347	0.00934	0.00809	0.02080	0.10026	0.11062	0.30006	0.05281	0.20340	0.01501	0.00865	0.00250	0.00450	0.01278	0.08190	0.00867
2	0.01169	0.09423	0.03445	0.01083	0.01325	0.01017	0.00860	0.01433	0.01821	0.02417	0.24798	0.28423	0.16191	0.01850	0.00906	0.00268	0.00491	0.01615	0.00721	0.00744
3	0.01678	0.19544	0.06444	0.01875	0.02363	0.06758	0.16949	0.02036	0.01706	0.02149	0.02458	0.24759	0.02599	0.01346	0.00834	0.00259	0.00899	0.03940	0.00506	0.00897
4	0.02019	0.02233	0.09163	0.08782	0.03060	0.08120	0.15838	0.06982	0.29129	0.02910	0.02241	0.02360	0.01679	0.00893	0.00820	0.00259	0.00972	0.00810	0.00587	0.01143
5	0.00983	0.00726	0.00919	0.01038	0.01141	0.00663	0.00715	0.01164	0.01667	0.02203	0.13547	0.51653	0.16107	0.02285	0.00989	0.00303	0.00438	0.02042	0.00755	0.00663
6	0.12740	0.01700	0.02757	0.20327	0.31092	0.01796	0.08240	0.02436	0.01727	0.07524	0.01551	0.01978	0.01198	0.00749	0.00761	0.00248	0.00943	0.00696	0.00442	0.01094
7	0.01870	0.02366	0.26210	0.01733	0.02393	0.01562	0.01787	0.11800	0.08422	0.08898	0.06419	0.14678	0.02602	0.01266	0.00843	0.00269	0.00832	0.04335	0.00633	0.01082
8	0.01162	0.00718	0.00984	0.01071	0.01130	0.00686	0.00744	0.01118	0.01364	0.01788	0.03449	0.31042	0.09673	0.02530	0.01898	0.32890	0.00572	0.06087	0.00569	0.00526
9	0.01445	0.00825	0.01113	0.01190	0.01347	0.00759	0.00860	0.01633	0.01677	0.13465	0.04139	0.53900	0.04612	0.02196	0.00982	0.00313	0.00522	0.07468	0.00778	0.00774
10	0.16060	0.02018	0.01873	0.01546	0.02086	0.15348	0.01239	0.11340	0.07213	0.30092	0.02239	0.02113	0.01536	0.00909	0.00728	0.00238	0.00840	0.00672	0.00742	0.01169

[dist]
# distance from previous block
# <min> <max>
0	4

[block]
# block no. 4 follows, 24 sequences, length 82
# corresponding to MSA columns:
# 110-191
name=unknown_E
#
# <colnr> <probs for GDERKNQSTAVLIFYWHMCP>
#	G	D	E	R	K	N	Q	S	T	A	V	L	I	F	Y	W	H	M	C	P
0	0.42244	0.01639	0.01568	0.01494	0.06655	0.03953	0.01097	0.08592	0.05741	0.08711	0.01625	0.01750	0.01223	0.00802	0.00604	0.00233	0.00679	0.00562	0.05485	0.05343
1	0.02333	0.08542	0.33274	0.01979	0.02833	0.12079	0.02128	0.14411	0.02211	0.10434	0.01658	0.01770	0.01184	0.00821	0.00742	0.00235	0.01072	0.00611	0.00508	0.01176
2	0.07457	0.02933	0.02145	0.01875	0.02305	0.40484	0.01454	0.11378	0.07768	0.07069	0.01597	0.01726	0.01241	0.00907	0.00867	0.00230	0.06403	0.00599	0.00534	0.01027
3	0.04734	0.01594	0.01808	0.01380	0.02017	0.01477	0.01113	0.13974	0.10869	0.11646	0.01962	0.01997	0.01469	0.00777	0.00679	0.00181	0.00657	0.00614	0.00642	0.40408
4	0.02021	0.01714	0.02151	0.01821	0.02105	0.02065	0.03529	0.20487	0.11060	0.03052	0.02169	0.13521	0.02025	0.01374	0.01502	0.00297	0.26473	0.00994	0.00608	0.01033
5	0.01072	0.00953	0.05131	0.01130	0.01306	0.00763	0.00877	0.01359	0.01839	0.02549	0.30911	0.39154	0.05941	0.02008	0.00963	0.00287	0.00467	0.01800	0.00770	0.00721
6	0.06638	0.01395	0.02549	0.13343	0.02982	0.01403	0.24179	0.01864	0.01647	0.02318	0.02648	0.29965	0.02778	0.01423	0.00912	0.00287	0.00889	0.01392	0.00534	0.00853
7	0.00961	0.00709	0.00901	0.01054	0.01137	0.00648	0.00714	0.01110	0.01566	0.02044	0.04976	0.61037	0.15431	0.02406	0.01000	0.00313	0.00450	0.02158	0.00736	0.00648
8	0.01257	0.01016	0.01144	0.01090	0.01357	0.01012	0.00822	0.02010	0.17418	0.02797	0.28026	0.10015	0.25661	0.01672	0.00910	0.00265	0.00450	0.01436	0.00803	0.00838
9	0.03558	0.01350	0.01840	0.01411	0.02024	0.01166	0.01166	0.03865	0.02270	0.67734	0.03128	0.02699	0.01963	0.00981	0.00797	0.00245	0.00675	0.00797	0.00981	0.01350
10	0.32764	0.01256	0.01268	0.01079	0.01526	0.01295	0.00875	0.02697	0.01734	0.24239	0.02168	0.02203	0.01539	0.00867	0.00608	0.00229	0.00567	0.00634	0.21468	0.00985
11	0.01695	0.01500	0.02462	0.02014	0.02386	0.01591	0.19393	0.02360	0.12259	0.06632	0.02896	0.19962	0.05074	0.01424	0.01201	0.00296	0.12205	0.03094	0.00603	0.00954
12	0.01032	0.00807	0.00935	0.00903	0.01129	0.00710	0.00677	0.01322	0.02032	0.02674	0.38145	0.06756	0.36419	0.01810	0.00936	0.00258	0.00388	0.01551	0.00806	0.00710
13	0.01120	0.00794	0.01051	0.01075	0.01143	0.00850	0.00738	0.01262	0.01254	0.01734	0.02578	0.12935	0.02796	0.34066	0.32094	0.00932	0.01322	0.01164	0.00489	0.00601
14	0.01933	0.01747	0.06534	0.01537	0.01892	0.12343	0.01283	0.05961	0.06097	0.10941	0.03211	0.23918	0.03243	0.01639	0.00907	0.00288	0.00794	0.14122	0.00690	0.00921
15	0.02045	0.02014	0.02723	0.21179	0.08312	0.12946	0.13046	0.06249	0.01931	0.05768	0.05967	0.02226	0.01595	0.00917	0.01036	0.00259	0.09561	0.00768	0.00468	0.00992
16	0.02038	0.03366	0.48642	0.02047	0.03046	0.01767	0.02438	0.06395	0.05859	0.14070	0.01859	0.01945	0.01279	0.00824	0.00767	0.00250	0.01035	0.00649	0.00503	0.01218
17	0.38328	0.11073	0.02004	0.01485	0.01896	0.17004	0.01224	0.02449	0.01559	0.02697	0.01120	0.01395	0.00947	0.00860	0.00910	0.00244	0.12989	0.00493	0.00428	0.00894
18	0.01782	0.17920	0.03114	0.03002	0.28304	0.01921	0.09900	0.02174	0.01734	0.02319	0.02085	0.11793	0.02073	0.01088	0.00804	0.00250	0.00886	0.07348	0.00463	0.01040
19	0.01240	0.00949	0.01245	0.01394	0.04908	0.00994	0.00942	0.01691	0.09815	0.02130	0.03292	0.29348	0.03566	0.14944	0.14672	0.00576	0.00904	0.06021	0.00621	0.00748
20	0.02315	0.07776	0.08431	0.10231	0.23859	0.02198	0.01994	0.27322	0.02527	0.03431	0.01611	0.01876	0.01231	0.00816	0.00765	0.00236	0.00939	0.00677	0.00540	0.01226
21	0.01827	0.31211	0.31542	0.01868	0.02648	0.02459	0.02101	0.02357	0.01573	0.02152	0.01231	0.01523	0.01016	0.00828	0.00961	0.00234	0.12532	0.00539	0.00339	0.01060
22	0.03558	0.01350	0.01840	0.01411	0.02024	0.01166	0.01166	0.03865	0.02270	0.67734	0.03128	0.02699	0.01963	0.00981	0.00797	0.00245	0.00675	0.00797	0.00981	0.01350
23	0.01018	0.00730	0.00984	0.01107	0.01175	0.00718	0.00760	0.01185	0.01497	0.02032	0.07892	0.51038	0.04672	0.08250	0.12472	0.00508	0.00753	0.01886	0.00674	0.00649
24	0.02315	0.01938	0.02696	0.06503	0.02869	0.02078	0.15978	0.31366	0.12571	0.03721	0.02219	0.08122	0.01797	0.01027	0.00847	0.00258	0.00919	0.00925	0.00671	0.01179
25	0.02725	0.01279	0.01598	0.01311	0.01771	0.01210	0.01049	0.12238	0.02292	0.37205	0.04957	0.11698	0.02478	0.01183	0.00789	0.00244	0.00618	0.00985	0.13230	0.01140
26	0.01050	0.00768	0.00963	0.00992	0.01130	0.00706	0.00701	0.01293	0.01860	0.02529	0.33334	0.26780	0.14693	0.08053	0.01228	0.00320	0.00439	0.01702	0.00777	0.00681
27	0.01736	0.01637	0.02370	0.11757	0.08236	0.01977	0.06626	0.02589	0.18896	0.02438	0.02068	0.06489	0.01812	0.01195	0.01431	0.00298	0.24016	0.02907	0.00516	0.01006
28	0.02040	0.02019	0.02397	0.21023	0.11417	0.17167	0.05190	0.02400	0.01791	0.06608	0.01802	0.06620	0.01601	0.01053	0.01042	0.00265	0.09882	0.04266	0.00461	0.00955
29	0.60358	0.01550	0.01360	0.01157	0.01678	0.01724	0.00954	0.06842	0.01664	0.14265	0.01494	0.01564	0.01075	0.00791	0.00562	0.00245	0.00641	0.00510	0.00593	0.00973
30	0.14041	0.07541	0.07902	0.09735	0.06360	0.06413	0.06229	0.09951	0.01979	0.06868	0.06058	0.09618	0.02000	0.01027	0.00757	0.00248	0.00865	0.00855	0.00550	0.01004
31	0.02403	0.01913	0.02094	0.06403	0.02471	0.02174	0.01432	0.30877	0.33794	0.03976	0.02515	0.02432	0.01851	0.01001	0.00800	0.00255	0.00766	0.00802	0.00770	0.01271
32	0.01082	0.00784	0.01046	0.01213	0.01330	0.00748	0.00930	0.01311	0.01659	0.02167	0.04620	0.42383	0.10279	0.02332	0.01037	0.00334	0.00557	0.24775	0.00734	0.00679
33	0.01590	0.04102	0.68023	0.02260	0.03432	0.01842	0.02930	0.02511	0.01674	0.02511	0.01423	0.01674	0.01005	0.00753	0.00753	0.00251	0.01172	0.00586	0.00335	0.01172
34	0.01757	0.07033	0.13705	0.02238	0.02591	0.02321	0.10667	0.02128	0.01410	0.02094	0.01187	0.01750	0.01056	0.01134	0.01920	0.00308	0.44702	0.00692	0.00352	0.00956
35	0.01366	0.01019	0.01244	0.01294	0.01503	0.01030	0.01007	0.09084	0.06061	0.02582	0.04376	0.32795	0.11563	0.02067	0.00989	0.00315	0.00594	0.19568	0.00746	0.00797
36	0.02244	0.01320	0.01619	0.01443	0.01820	0.01325	0.01152	0.19465	0.02374	0.19546	0.03343	0.23979	0.03217	0.01628	0.00912	0.00287	0.00676	0.11805	0.00813	0.01033
37	0.01156	0.00854	0.01177	0.01222	0.01375	0.00892	0.00945	0.01522	0.04136	0.02338	0.18066	0.17908	0.04357	0.03434	0.25660	0.00656	0.01097	0.11816	0.00657	0.00730
38	0.01553	0.00883	0.01048	0.01015	0.01251	0.00827	0.00752	0.01868	0.05157	0.12081	0.06408	0.19830	0.17684	0.01708	0.01001	0.06034	0.00481	0.01337	0.18291	0.00790
39	0.01467	0.00896	0.01172	0.01087	0.01323	0.00828	0.00819	0.01854	0.03948	0.12072	0.47931	0.13947	0.06275	0.01629	0.00922	0.00259	0.00435	0.01437	0.00868	0.00833
40	0.01571	0.01610	0.03107	0.02412	0.02846	0.01669	0.32873	0.02005	0.01607	0.02235	0.02081	0.14298	0.02008	0.01971	0.12463	0.00456	0.12318	0.01112	0.00455	0.00904
41	0.01135	0.00911	0.01012	0.01045	0.01246	0.00884	0.00747	0.01636	0.12230	0.02250	0.05565	0.28626	0.30249	0.07302	0.01175	0.00324	0.00487	0.01705	0.00729	0.00743
42	0.01133	0.00810	0.01150	0.01181	0.01301	0.00901	0.00885	0.01381	0.01337	0.01936	0.02553	0.14555	0.02581	0.09090	0.48577	0.01004	0.01633	0.01092	0.06215	0.00686
43	0.01087	0.00754	0.00960	0.01049	0.01177	0.00686	0.00733	0.01281	0.01714	0.04774	0.15234	0.47664	0.15530	0.02206	0.00979	0.00298	0.00445	0.01968	0.00768	0.00693
44	0.01742	0.01715	0.03101	0.25285	0.31912	0.01800	0.13970	0.02251	0.01732	0.02370	0.01644	0.05842	0.01400	0.00824	0.00828	0.00255	0.01027	0.00834	0.00400	0.01067
45	0.01171	0.00861	0.01138	0.01278	0.01460	0.00829	0.01067	0.01478	0.01801	0.02319	0.07343	0.16292	0.16211	0.02171	0.01050	0.00337	0.00623	0.41125	0.00738	0.00709
46	0.02263	0.53229	0.03636	0.01551	0.02124	0.16507	0.01421	0.02501	0.01711	0.01884	0.01123	0.01339	0.01020	0.00760	0.00709	0.00190	0.06229	0.00462	0.00354	0.00986
47	0.01498	0.01409	0.02378	0.70226	0.05462	0.01762	0.02202	0.02026	0.01586	0.02026	0.01409	0.02114	0.01057	0.00793	0.00793	0.00264	0.01057	0.00705	0.00352	0.00881
48	0.01179	0.00865	0.01074	0.01064	0.01292	0.00749	0.00766	0.01406	0.01725	0.04329	0.14789	0.37785	0.13698	0.01912	0.00912	0.00266	0.00465	0.01695	0.00722	0.13306
49	0.02120	0.72609	0.04155	0.01357	0.02035	0.03138	0.01357	0.02374	0.01611	0.01866	0.01102	0.01272	0.01018	0.00678	0.00509	0.00170	0.00848	0.00424	0.00339	0.01018
50	0.01131	0.00887	0.01300	0.01726	0.12066	0.00849	0.01017	0.01324	0.01566	0.02118	0.03895	0.60100	0.04585	0.02190	0.00975	0.00308	0.00540	0.01998	0.00679	0.00745
51	0.03558	0.01350	0.01840	0.01411	0.02024	0.01166	0.01166	0.03865	0.02270	0.67734	0.03128	0.02699	0.01963	0.00981	0.00797	0.00245	0.00675	0.00797	0.00981	0.01350
52	0.02031	0.02345	0.14242	0.02576	0.10628	0.07160	0.18446	0.12658	0.02139	0.04823	0.02071	0.09557	0.01833	0.01038	0.00858	0.00262	0.01043	0.04677	0.00527	0.01087
53	0.08559	0.06058	0.08304	0.03698	0.40716	0.01903	0.09184	0.02548	0.01787	0.07529	0.01567	0.01918	0.01236	0.00728	0.00759	0.00238	0.00951	0.00690	0.00439	0.01188
54	0.01910	0.01687	0.02674	0.02106	0.02572	0.01800	0.20611	0.06969	0.17076	0.06630	0.12863	0.03112	0.02655	0.01102	0.01121	0.00275	0.10460	0.02682	0.00637	0.01058
55	0.01051	0.00768	0.01025	0.01076	0.01203	0.00742	0.00776	0.01304	0.01765	0.02432	0.27523	0.32304	0.08842	0.02709	0.12217	0.00449	0.00700	0.01684	0.00736	0.00695
56	0.04509	0.05679	0.03629	0.02768	0.08111	0.05765	0.35488	0.08026	0.02065	0.11606	0.01830	0.03650	0.01385	0.00791	0.00847	0.00251	0.01116	0.00845	0.00521	0.01119
57	0.01639	0.17000	0.15145	0.02402	0.16769	0.01800	0.07122	0.02085	0.01709	0.02328	0.06273	0.17692	0.02453	0.01165	0.00794	0.00248	0.00854	0.01038	0.00479	0.01003
58	0.01143	0.00816	0.01123	0.01306	0.01429	0.00796	0.01043	0.01410	0.01692	0.02222	0.04273	0.36097	0.04859	0.02318	0.01059	0.00346	0.00613	0.36028	0.00733	0.00693
59	0.01867	0.01656	0.02726	0.15937	0.34018	0.01727	0.07787	0.06951	0.01892	0.02723	0.01699	0.02167	0.01350	0.00773	0.00763	0.00236	0.00900	0.00734	0.13003	0.01091
60	0.01760	0.07101	0.03395	0.30376	0.18372	0.01966	0.21031	0.02298	0.01723	0.02294	0.01463	0.02025	0.01142	0.00727	0.00813	0.00252	0.01101	0.00754	0.00375	0.01031
61	0.01877	0.01096	0.01344	0.01314	0.05945	0.00978	0.00938	0.02240	0.05437	0.22591	0.05802	0.05458	0.38720	0.01550	0.00876	0.00259	0.00536	0.01293	0.00793	0.00953
62	0.01999	0.57002	0.18705	0.01563	0.02353	0.02842	0.01715	0.02406	0.01626	0.02013	0.01175	0.01364	0.01015	0.00696	0.00565	0.00188	0.00922	0.00461	0.00338	0.01053
63	0.01625	0.08531	0.63894	0.02202	0.03342	0.01925	0.02828	0.02502	0.01670	0.02470	0.01402	0.01648	0.01005	0.00749	0.00738	0.00246	0.01151	0.00575	0.00335	0.01162
64	0.02120	0.72609	0.04155	0.01357	0.02035	0.03138	0.01357	0.02374	0.01611	0.01866	0.01102	0.01272	0.01018	0.00678	0.00509	0.00170	0.00848	0.00424	0.00339	0.01018
65	0.03007	0.01813	0.02185	0.01712	0.02234	0.01968	0.01417	0.31404	0.02765	0.28043	0.02221	0.02175	0.01528	0.01035	0.01094	0.00259	0.12338	0.00742	0.00790	0.01269
66	0.01542	0.01298	0.01400	0.01304	0.01654	0.01399	0.01013	0.02880	0.36490	0.02933	0.13242	0.04940	0.20467	0.01461	0.00875	0.00271	0.00538	0.04501	0.00793	0.01001
67	0.01130	0.00808	0.01000	0.01125	0.01229	0.00802	0.00776	0.01527	0.08721	0.02263	0.04064	0.57041	0.04606	0.02170	0.00943	0.00302	0.00470	0.01950	0.08351	0.00722
68	0.02193	0.01640	0.01773	0.01549	0.02012	0.01839	0.01217	0.08805	0.49555	0.10412	0.03068	0.02847	0.02259	0.01045	0.00787	0.00258	0.00634	0.00861	0.06007	0.01237
69	0.01872	0.02139	0.04679	0.03342	0.04144	0.02005	0.64305	0.02540	0.01872	0.02540	0.01604	0.02139	0.01203	0.00668	0.00936	0.00267	0.01337	0.00936	0.00401	0.01070
70	0.00966	0.00690	0.00920	0.01104	0.01150	0.00644	0.00736	0.01104	0.01518	0.02024	0.04371	0.71614	0.05245	0.02484	0.01012	0.00322	0.00460	0.02254	0.00736	0.00644
71	0.11960	0.01314	0.01648	0.01320	0.01850	0.01221	0.01075	0.03368	0.05415	0.47754	0.11803	0.02996	0.02628	0.01047	0.00781	0.00247	0.00623	0.00848	0.00899	0.01202
72	0.07327	0.01869	0.02822	0.02839	0.20723	0.01943	0.14158	0.20938	0.02360	0.03355	0.05987	0.06247	0.01875	0.00957	0.00872	0.00252	0.02893	0.00873	0.00571	0.01140
73	0.08375	0.01419	0.01697	0.01386	0.01886	0.01411	0.01118	0.10076	0.12851	0.33384	0.14618	0.03144	0.02907	0.01094	0.00801	0.00249	0.00629	0.00895	0.00875	0.01186
74	0.01381	0.00858	0.01361	0.01266	0.01338	0.00914	0.04434	0.01236	0.01135	0.01557	0.01508	0.02486	0.01459	0.03141	0.14916	0.54634	0.04802	0.00732	0.00362	0.00480
75	0.01299	0.00942	0.01096	0.01052	0.01271	0.00945	0.00783	0.01949	0.13039	0.02923	0.33043	0.10687	0.10085	0.04246	0.00979	0.00270	0.00442	0.01309	0.12830	0.00809
76	0.05949	0.01902	0.01672	0.01572	0.01817	0.21690	0.01204	0.02251	0.01773	0.09392	0.02496	0.20129	0.02553	0.03156	0.01240	0.03252	0.10170	0.06363	0.00579	0.00839
77	0.01568	0.01103	0.01301	0.01232	0.01503	0.01117	0.00923	0.07447	0.14104	0.08001	0.17486	0.26284	0.11273	0.01732	0.00913	0.00277	0.00520	0.01512	0.00803	0.00901
78	0.02858	0.01629	0.01717	0.01454	0.01909	0.12291	0.01138	0.04824	0.02156	0.40171	0.04834	0.16301	0.02601	0.01271	0.00830	0.00254	0.00754	0.01056	0.00830	0.01121
79	0.18477	0.01859	0.02697	0.04628	0.16442	0.01974	0.15561	0.10562	0.14217	0.03214	0.01815	0.02044	0.01387	0.00809	0.00760	0.00252	0.00893	0.00735	0.00544	0.01129
80	0.65068	0.01414	0.01148	0.01035	0.01476	0.01609	0.00841	0.02193	0.01498	0.03495	0.11959	0.02054	0.01954	0.00882	0.00564	0.00246	0.00574	0.00595	0.00554	0.00841
81	0.55690	0.01593	0.01488	0.08665	0.02104	0.01823	0.01103	0.10042	0.01725	0.07538	0.01361	0.01541	0.01009	0.00784	0.00580	0.00247	0.00697	0.00517	0.00543	0.00952

[dist]
# distance from previous block
# <min> <max>
0	6

[block]
# block no. 5 follows, 24 sequences, length 32
# corresponding to MSA columns:
# 198-229
name=unknown_F
#
# <colnr> <probs for GDERKNQSTAVLIFYWHMCP>
#	G	D	E	R	K	N	Q	S	T	A	V	L	I	F	Y	W	H	M	C	P
0	0.02448	0.01232	0.01577	0.01365	0.01778	0.01206	0.01126	0.10866	0.02168	0.29403	0.02980	0.03916	0.02408	0.01815	0.09152	0.00385	0.00846	0.12854	0.11413	0.01063
1	0.07062	0.26896	0.15949	0.02557	0.19775	0.02260	0.05233	0.02530	0.01719	0.07072	0.01441	0.01684	0.01146	0.00726	0.00672	0.00219	0.00934	0.00585	0.00412	0.01127
2	0.01731	0.22311	0.51046	0.02020	0.03061	0.02186	0.02512	0.02475	0.01657	0.02340	0.01338	0.01567	0.01008	0.00733	0.00688	0.00229	0.01086	0.00543	0.00336	0.01131
3	0.03440	0.01830	0.01921	0.01536	0.02109	0.14566	0.01238	0.03727	0.02265	0.54727	0.02752	0.02448	0.01777	0.00949	0.00781	0.00237	0.00824	0.00741	0.00868	0.01264
4	0.02161	0.01299	0.01548	0.01336	0.01752	0.01316	0.01051	0.03184	0.25328	0.22812	0.20674	0.03969	0.07612	0.01252	0.00847	0.00256	0.00560	0.01060	0.00874	0.01111
5	0.01313	0.01149	0.01693	0.01578	0.01671	0.01405	0.03833	0.01531	0.01354	0.01949	0.02430	0.23579	0.02635	0.03151	0.23280	0.00633	0.24334	0.01231	0.00493	0.00757
6	0.01713	0.01355	0.01669	0.01479	0.01711	0.01563	0.01175	0.10221	0.06089	0.07051	0.03779	0.15582	0.18467	0.01628	0.01422	0.00296	0.22016	0.01235	0.00646	0.00902
7	0.01085	0.00767	0.00956	0.01004	0.01063	0.00773	0.00657	0.01191	0.01319	0.01768	0.03309	0.22220	0.07923	0.35898	0.15868	0.00717	0.00930	0.01417	0.00554	0.00582
8	0.07549	0.06148	0.07706	0.15868	0.03616	0.15373	0.23563	0.06273	0.01937	0.02503	0.01433	0.01839	0.01098	0.00751	0.00788	0.00245	0.01183	0.00704	0.00415	0.01008
9	0.11770	0.03301	0.46161	0.02090	0.03048	0.01831	0.06507	0.06900	0.01801	0.02822	0.01598	0.02117	0.01242	0.00848	0.00755	0.00258	0.01060	0.04364	0.00417	0.01109
10	0.00961	0.00710	0.00900	0.01051	0.01136	0.00649	0.00713	0.01110	0.01569	0.02045	0.05014	0.60368	0.16075	0.02401	0.00999	0.00313	0.00450	0.02152	0.00736	0.00649
11	0.10459	0.01444	0.01631	0.03476	0.01966	0.01533	0.01202	0.14922	0.13436	0.12594	0.03463	0.04386	0.10272	0.01350	0.00847	0.00278	0.00689	0.14251	0.00756	0.01046
12	0.01944	0.49873	0.25352	0.01657	0.02499	0.02708	0.01879	0.02420	0.01632	0.02080	0.01209	0.01406	0.01013	0.00703	0.00590	0.00197	0.00956	0.00478	0.00338	0.01069
13	0.01770	0.01803	0.03411	0.27123	0.24767	0.01882	0.22887	0.02327	0.01751	0.02377	0.01500	0.02074	0.01169	0.00724	0.00838	0.00256	0.01113	0.00782	0.00381	0.01064
14	0.01108	0.00784	0.01033	0.01070	0.01133	0.00830	0.00728	0.01245	0.01272	0.01750	0.02725	0.17523	0.03003	0.32895	0.28431	0.00875	0.01229	0.01254	0.00510	0.00600
15	0.53664	0.02187	0.06195	0.01447	0.01985	0.15074	0.04492	0.02520	0.01577	0.03112	0.01177	0.01388	0.00919	0.00750	0.00577	0.00239	0.00852	0.00483	0.00459	0.00904
16	0.02487	0.02120	0.15048	0.01753	0.05110	0.01581	0.01583	0.16183	0.02286	0.21578	0.02010	0.02019	0.01406	0.00816	0.00733	0.00211	0.00804	0.00649	0.00655	0.20967
17	0.02757	0.02093	0.02235	0.01773	0.02361	0.02339	0.01445	0.49664	0.19024	0.04583	0.02230	0.02164	0.01613	0.00982	0.00797	0.00246	0.00812	0.00759	0.00797	0.01326
18	0.01991	0.01289	0.01544	0.01227	0.01759	0.01099	0.00966	0.06115	0.03880	0.16214	0.02721	0.12228	0.05957	0.01075	0.00730	0.00197	0.00586	0.00902	0.03872	0.35649
19	0.01317	0.00991	0.01446	0.01458	0.01652	0.00979	0.05707	0.05814	0.01797	0.02377	0.03789	0.33640	0.04228	0.02140	0.01120	0.03849	0.00671	0.25585	0.00695	0.00745
20	0.00966	0.00690	0.00920	0.01104	0.01150	0.00644	0.00736	0.01104	0.01518	0.02024	0.04371	0.71614	0.05245	0.02484	0.01012	0.00322	0.00460	0.02254	0.00736	0.00644
21	0.01183	0.00765	0.01010	0.01096	0.01217	0.00703	0.00765	0.01381	0.01725	0.06985	0.16730	0.51687	0.07358	0.02191	0.00979	0.00300	0.00457	0.01969	0.00781	0.00716
22	0.02854	0.03552	0.02197	0.01996	0.02409	0.61602	0.01502	0.03281	0.09213	0.02092	0.01445	0.01598	0.01175	0.00846	0.00725	0.00211	0.01342	0.00553	0.00452	0.00956
23	0.26176	0.01788	0.01466	0.01338	0.01704	0.14759	0.01029	0.09808	0.01962	0.04958	0.06763	0.15900	0.02407	0.01210	0.00721	0.00248	0.00746	0.00946	0.05184	0.00887
24	0.05235	0.01206	0.01521	0.01375	0.01719	0.01231	0.01107	0.12430	0.02103	0.17740	0.07569	0.12774	0.03069	0.02387	0.14352	0.00477	0.00951	0.11050	0.00739	0.00965
25	0.03045	0.01219	0.01658	0.01350	0.01851	0.01062	0.01081	0.03319	0.02121	0.54743	0.03374	0.16323	0.02612	0.01279	0.00840	0.00261	0.00632	0.01085	0.00933	0.01210
26	0.01823	0.01007	0.01260	0.01149	0.01441	0.00963	0.00905	0.06571	0.02131	0.16056	0.24133	0.10506	0.04326	0.01444	0.00846	0.00254	0.00516	0.07814	0.15957	0.00899
27	0.03306	0.01480	0.01871	0.01446	0.02034	0.01392	0.01191	0.15720	0.02516	0.50845	0.02849	0.02560	0.01846	0.00972	0.00780	0.00240	0.00693	0.00777	0.06176	0.01307
28	0.01706	0.15572	0.02132	0.01743	0.09561	0.10519	0.01181	0.01889	0.01510	0.01872	0.01934	0.07880	0.02033	0.23933	0.08295	0.00498	0.05618	0.00890	0.00437	0.00798
29	0.01192	0.00861	0.01173	0.01343	0.01504	0.00842	0.01122	0.01500	0.01763	0.02288	0.04509	0.21240	0.09191	0.02236	0.01067	0.00350	0.00653	0.45727	0.00732	0.00709
30	0.12717	0.01621	0.02238	0.15297	0.02850	0.05752	0.10080	0.02508	0.01817	0.16132	0.10346	0.02540	0.02084	0.00991	0.01006	0.00263	0.09392	0.00801	0.00581	0.00985
31	0.11679	0.01195	0.01650	0.01465	0.01785	0.01201	0.09352	0.07345	0.01826	0.07028	0.03061	0.30144	0.03162	0.01583	0.00855	0.00280	0.00658	0.05880	0.08994	0.00855

[dist]
# distance from previous block
# <min> <max>
0	4

[block]
# block no. 6 follows, 24 sequences, length 6
# corresponding to MSA columns:
# 235-240
name=unknown_G
#
# <colnr> <probs for GDERKNQSTAVLIFYWHMCP>
#	G	D	E	R	K	N	Q	S	T	A	V	L	I	F	Y	W	H	M	C	P
0	0.20686	0.01366	0.01833	0.16240	0.13128	0.01458	0.01431	0.02328	0.01676	0.14624	0.02242	0.15551	0.02025	0.01129	0.00761	0.00263	0.00742	0.00956	0.00584	0.00977
1	0.02391	0.21474	0.11452	0.09851	0.02824	0.35096	0.01749	0.02741	0.01929	0.02007	0.01241	0.01501	0.01022	0.00770	0.00675	0.00208	0.01201	0.00521	0.00374	0.00974
2	0.01268	0.00956	0.01296	0.01203	0.01393	0.01006	0.00901	0.01456	0.01291	0.01874	0.01965	0.03131	0.01922	0.16639	0.37627	0.06937	0.04778	0.00823	0.00432	0.13104
3	0.02249	0.10984	0.06185	0.01448	0.01987	0.01478	0.04528	0.04862	0.05772	0.24044	0.19357	0.03367	0.05287	0.01101	0.00796	0.00235	0.00677	0.00927	0.00752	0.03965
4	0.06356	0.02914	0.36440	0.09527	0.03437	0.01751	0.12482	0.02664	0.01771	0.12684	0.01698	0.01935	0.01183	0.00778	0.00779	0.00254	0.01077	0.00680	0.00457	0.01133
5	0.02882	0.01191	0.01614	0.01310	0.01793	0.01041	0.01051	0.03182	0.02185	0.50139	0.13657	0.10620	0.03217	0.01247	0.00843	0.00254	0.00603	0.01058	0.00937	0.01176

[dist]
# distance from previous block
# <min> <max>
1	6

[block]
# block no. 7 follows, 24 sequences, length 6
# corresponding to MSA columns:
# 247-252
name=unknown_H
#
# <colnr> <probs for GDERKNQSTAVLIFYWHMCP>
#	G	D	E	R	K	N	Q	S	T	A	V	L	I	F	Y	W	H	M	C	P
0	0.01005	0.00707	0.00909	0.01054	0.01091	0.00670	0.00683	0.01114	0.01442	0.01923	0.03980	0.57736	0.04751	0.17036	0.01644	0.00415	0.00525	0.02024	0.00683	0.00610
1	0.17391	0.01522	0.05504	0.07584	0.02148	0.04605	0.04925	0.02074	0.07237	0.02574	0.04765	0.22847	0.02844	0.01454	0.00911	0.00285	0.04057	0.05835	0.00584	0.00853
2	0.17610	0.12497	0.36500	0.02038	0.02949	0.02026	0.10976	0.02459	0.01626	0.02647	0.01339	0.01605	0.01004	0.00728	0.00691	0.00241	0.01035	0.00581	0.00377	0.01071
3	0.02619	0.01660	0.10720	0.15824	0.02803	0.01331	0.01548	0.03062	0.01975	0.37634	0.02476	0.02469	0.01653	0.00905	0.00762	0.00243	0.00786	0.00743	0.09632	0.01156
4	0.01225	0.00904	0.01289	0.07224	0.01702	0.00917	0.04288	0.01545	0.01674	0.02395	0.11651	0.18609	0.10375	0.02275	0.11452	0.00420	0.00794	0.04033	0.16490	0.00738
5	0.13365	0.05107	0.08202	0.09846	0.02846	0.01989	0.08032	0.23429	0.02424	0.14471	0.01831	0.01952	0.01289	0.00849	0.00749	0.00245	0.00897	0.00685	0.00629	0.01165

[dist]
# distance from previous block
# <min> <max>
2	5

[block]
# block no. 8 follows, 24 sequences, length 20
# corresponding to MSA columns:
# 258-277
name=unknown_I
#
# <colnr> <probs for GDERKNQSTAVLIFYWHMCP>
#	G	D	E	R	K	N	Q	S	T	A	V	L	I	F	Y	W	H	M	C	P
0	0.01924	0.01638	0.06984	0.01451	0.02063	0.01312	0.04417	0.11560	0.02077	0.09732	0.06248	0.08016	0.06774	0.01015	0.00751	0.00202	0.00688	0.00860	0.00623	0.31666
1	0.02181	0.02169	0.05393	0.16691	0.08104	0.13213	0.05605	0.10413	0.14213	0.05486	0.01874	0.02090	0.01414	0.00846	0.00773	0.00237	0.00977	0.00704	0.00543	0.07074
2	0.02112	0.25588	0.02481	0.01500	0.01889	0.21317	0.01194	0.02254	0.01797	0.01998	0.02337	0.07880	0.06984	0.12729	0.04269	0.00370	0.01038	0.00865	0.00496	0.00902
3	0.02152	0.02619	0.30985	0.01849	0.02740	0.01489	0.05824	0.02761	0.01841	0.20155	0.01892	0.01973	0.01315	0.00772	0.00739	0.00220	0.00914	0.00638	0.00545	0.18577
4	0.01982	0.59796	0.06355	0.01329	0.01959	0.02752	0.01326	0.02280	0.01666	0.02061	0.06275	0.01752	0.01579	0.00769	0.00555	0.00180	0.00795	0.00528	0.05077	0.00986
5	0.01854	0.01579	0.01691	0.01528	0.01940	0.01802	0.01185	0.03837	0.56936	0.03298	0.12048	0.03370	0.03123	0.01152	0.00825	0.00266	0.00592	0.00971	0.00816	0.01185
6	0.01001	0.00719	0.00974	0.01121	0.01180	0.00705	0.00766	0.01156	0.01463	0.01974	0.03929	0.57728	0.04619	0.06092	0.12035	0.00494	0.00740	0.01981	0.00675	0.00647
7	0.01164	0.00947	0.01201	0.10580	0.01794	0.00938	0.00932	0.01617	0.05964	0.02675	0.33752	0.05791	0.26476	0.01604	0.00908	0.00259	0.00494	0.01381	0.00750	0.00771
8	0.02962	0.03779	0.02247	0.02043	0.02451	0.68948	0.01532	0.03166	0.02247	0.01941	0.01226	0.01430	0.01021	0.00817	0.00715	0.00204	0.01430	0.00511	0.00409	0.00919
9	0.01145	0.00822	0.01073	0.01213	0.01319	0.00801	0.00883	0.04939	0.01706	0.02265	0.04193	0.55786	0.04888	0.02339	0.01015	0.00325	0.00535	0.13313	0.00738	0.00702
10	0.01024	0.00807	0.00924	0.00894	0.01124	0.00706	0.00671	0.01306	0.02012	0.02629	0.35566	0.06831	0.39027	0.01827	0.00936	0.00259	0.00389	0.01561	0.00800	0.00706
11	0.01993	0.01033	0.01290	0.01121	0.01457	0.00976	0.00877	0.02507	0.07612	0.22361	0.29290	0.04104	0.04294	0.01242	0.00806	0.00237	0.00485	0.01057	0.16287	0.00969
12	0.01426	0.00896	0.01104	0.01019	0.01255	0.00859	0.00775	0.01919	0.06386	0.07873	0.45498	0.04918	0.05690	0.01404	0.00843	0.00238	0.00412	0.01218	0.15442	0.00824
13	0.06539	0.01603	0.01806	0.01527	0.01984	0.01724	0.01244	0.29816	0.07307	0.11396	0.02627	0.08517	0.02248	0.01519	0.04842	0.00322	0.00815	0.08382	0.04668	0.01114
14	0.02362	0.01743	0.02749	0.05616	0.02858	0.01756	0.20755	0.11664	0.14403	0.18156	0.07423	0.02689	0.02118	0.00939	0.00852	0.00257	0.00894	0.00893	0.00702	0.01173
15	0.01599	0.01585	0.02312	0.01956	0.02065	0.02067	0.06455	0.01822	0.01352	0.01987	0.02120	0.02666	0.10246	0.01686	0.06148	0.00384	0.51436	0.00858	0.00410	0.00846
16	0.01199	0.01026	0.01761	0.01624	0.01848	0.00968	0.14206	0.01480	0.01635	0.02180	0.03764	0.48441	0.04300	0.02062	0.01007	0.00316	0.00682	0.10090	0.00665	0.00745
17	0.14339	0.05870	0.02483	0.02589	0.19447	0.16322	0.01698	0.07983	0.01857	0.02634	0.01290	0.01651	0.01091	0.00906	0.01112	0.00252	0.16408	0.00604	0.00434	0.01031
18	0.01887	0.01807	0.03082	0.15536	0.57109	0.01864	0.02396	0.02367	0.01770	0.02499	0.01478	0.01987	0.01224	0.00721	0.00786	0.00240	0.00961	0.00706	0.00386	0.01195
19	0.07049	0.15536	0.02363	0.01662	0.08554	0.01787	0.01244	0.10616	0.01917	0.02836	0.01404	0.01615	0.01154	0.00677	0.00613	0.00164	0.00715	0.00515	0.00482	0.39096

[dist]
# distance from previous block
# <min> <max>
1	4

[block]
# block no. 9 follows, 24 sequences, length 35
# corresponding to MSA columns:
# 282-316
name=unknown_J
#
# <colnr> <probs for GDERKNQSTAVLIFYWHMCP>
#	G	D	E	R	K	N	Q	S	T	A	V	L	I	F	Y	W	H	M	C	P
