[name]
unknown

[dist]
# distance from previous block
# <min> <max>
0	410

[block]
# block no. 0 follows, 26 sequences, length 32
# corresponding to MSA columns:
# 414-445
name=unknown_A
#
# <colnr> <probs for GDERKNQSTAVLIFYWHMCP>
#	G	D	E	R	K	N	Q	S	T	A	V	L	I	F	Y	W	H	M	C	P
0	0.00961	0.00685	0.00910	0.01047	0.01096	0.00664	0.00702	0.01093	0.01388	0.01865	0.03754	0.57880	0.04435	0.10716	0.08565	0.00452	0.00640	0.01897	0.00645	0.00605
1	0.73388	0.01617	0.01187	0.01064	0.01528	0.06505	0.00867	0.02286	0.01351	0.03295	0.01064	0.01242	0.00832	0.00710	0.00484	0.00232	0.00641	0.00416	0.00464	0.00826
2	0.01180	0.00778	0.01026	0.01005	0.01175	0.00715	0.00737	0.01477	0.01972	0.06856	0.47923	0.22522	0.06287	0.01722	0.00905	0.00256	0.00397	0.01533	0.00808	0.00726
3	0.01721	0.22156	0.02134	0.01272	0.01576	0.05542	0.01083	0.02105	0.05542	0.02310	0.06508	0.02256	0.01823	0.00957	0.00961	0.00214	0.14950	0.00657	0.25385	0.00848
4	0.06832	0.17054	0.10484	0.01691	0.06961	0.05466	0.01442	0.11180	0.01941	0.10852	0.01534	0.01651	0.01168	0.00722	0.00632	0.00189	0.00798	0.00540	0.00503	0.18362
5	0.02432	0.01511	0.01751	0.01436	0.01963	0.01539	0.01148	0.07979	0.31835	0.25693	0.02734	0.02507	0.01935	0.00928	0.00740	0.00228	0.00627	0.00759	0.00785	0.11469
6	0.00917	0.00689	0.00851	0.00980	0.01080	0.00622	0.00670	0.01065	0.01525	0.01966	0.05105	0.55545	0.21723	0.02256	0.00949	0.00294	0.00425	0.02010	0.00704	0.00622
7	0.01384	0.00872	0.01107	0.01010	0.01229	0.00859	0.04685	0.05041	0.01800	0.02834	0.15672	0.12296	0.03292	0.01195	0.00694	0.00213	0.00448	0.01036	0.43585	0.00747
8	0.01776	0.08454	0.45732	0.02210	0.03175	0.01952	0.12527	0.10587	0.01880	0.02668	0.01426	0.01672	0.01034	0.00727	0.00736	0.00235	0.01087	0.00618	0.00387	0.01116
9	0.03106	0.01543	0.01889	0.01473	0.02048	0.01518	0.01209	0.19905	0.09486	0.45404	0.02699	0.02411	0.01772	0.00941	0.00763	0.00235	0.00690	0.00752	0.00874	0.01281
10	0.01184	0.00786	0.00832	0.00803	0.01054	0.00690	0.00608	0.01433	0.01753	0.06374	0.10546	0.05834	0.44096	0.01588	0.00801	0.00235	0.00391	0.01321	0.18969	0.00701
11	0.08053	0.13876	0.17268	0.01543	0.02241	0.01766	0.01533	0.07905	0.06952	0.28379	0.02086	0.02001	0.01436	0.00830	0.00687	0.00225	0.00786	0.00634	0.00639	0.01160
12	0.02673	0.01946	0.07057	0.13418	0.02835	0.08622	0.05432	0.16046	0.02283	0.28847	0.02083	0.02104	0.01409	0.00853	0.00758	0.00234	0.00892	0.00697	0.00666	0.01145
13	0.00950	0.00690	0.00897	0.01016	0.01101	0.00637	0.00697	0.01129	0.01603	0.02152	0.16449	0.55483	0.10014	0.02188	0.00949	0.00291	0.00421	0.01969	0.00729	0.00637
14	0.60033	0.01793	0.05752	0.01488	0.05734	0.05343	0.05621	0.02302	0.01416	0.03137	0.01136	0.01357	0.00884	0.00703	0.00543	0.00234	0.00728	0.00474	0.00445	0.00879
15	0.01318	0.00659	0.00988	0.00988	0.00988	0.00659	0.00659	0.00988	0.00988	0.01318	0.01318	0.02306	0.01318	0.02635	0.02964	0.77931	0.00659	0.00659	0.00329	0.00329
16	0.02186	0.01906	0.06280	0.02694	0.25359	0.01894	0.01733	0.16625	0.22188	0.08007	0.02129	0.02192	0.01596	0.00856	0.00758	0.00237	0.00789	0.00732	0.00616	0.01222
17	0.02327	0.01879	0.02317	0.06226	0.18706	0.10562	0.03326	0.06113	0.12869	0.16763	0.01976	0.02107	0.01473	0.00893	0.00949	0.00243	0.08871	0.00705	0.00577	0.01117
18	0.02093	0.01332	0.01626	0.01188	0.01837	0.01041	0.00960	0.02417	0.01743	0.21403	0.01815	0.01859	0.01338	0.00669	0.00619	0.00147	0.00586	0.00538	0.00588	0.56202
19	0.02386	0.01877	0.01996	0.01645	0.02163	0.02120	0.01321	0.35116	0.35342	0.03978	0.02453	0.02325	0.01802	0.00970	0.00765	0.00242	0.00718	0.00770	0.00765	0.01245
20	0.07437	0.01850	0.06744	0.15975	0.33002	0.01795	0.06486	0.08997	0.01840	0.02681	0.01427	0.01830	0.01126	0.00712	0.00731	0.00228	0.00913	0.00653	0.00417	0.05156
21	0.00896	0.00768	0.00768	0.00768	0.01025	0.00640	0.00576	0.01089	0.01729	0.02049	0.07684	0.07300	0.68304	0.01921	0.00896	0.00256	0.00384	0.01601	0.00704	0.00640
22	0.01790	0.02046	0.04476	0.03197	0.03964	0.01918	0.65857	0.02430	0.01790	0.02430	0.01535	0.02046	0.01151	0.00639	0.00895	0.00256	0.01279	0.00895	0.00384	0.01023
23	0.02190	0.01757	0.06398	0.10301	0.08024	0.01581	0.28256	0.02694	0.01856	0.22121	0.02063	0.02519	0.01518	0.00827	0.00830	0.00251	0.00994	0.04181	0.00556	0.01082
24	0.02221	0.05889	0.13438	0.02630	0.13225	0.01828	0.22502	0.10322	0.02027	0.15702	0.01785	0.01986	0.01279	0.00749	0.00782	0.00236	0.00994	0.00733	0.00523	0.01148
25	0.02439	0.01303	0.01576	0.01287	0.01729	0.01288	0.01034	0.14443	0.08877	0.29348	0.16867	0.03162	0.02965	0.01069	0.00767	0.00230	0.00582	0.00884	0.09054	0.01095
26	0.00911	0.00713	0.00826	0.00917	0.01063	0.00628	0.00642	0.01072	0.01586	0.01991	0.05880	0.41048	0.35720	0.02155	0.00933	0.00283	0.00413	0.01887	0.00704	0.00628
27	0.01621	0.01420	0.01812	0.01685	0.12410	0.01137	0.01126	0.01976	0.01597	0.02473	0.01361	0.01621	0.01136	0.00580	0.00592	0.00130	0.00616	0.00485	0.00438	0.65784
28	0.01628	0.05161	0.09488	0.01433	0.01852	0.01413	0.01283	0.01957	0.01552	0.08873	0.06841	0.06744	0.05393	0.01584	0.08526	0.00335	0.15872	0.00806	0.00504	0.18754
29	0.19328	0.01328	0.01624	0.01275	0.01837	0.01239	0.01053	0.03386	0.01985	0.55235	0.02583	0.02296	0.01654	0.00889	0.00701	0.00235	0.00633	0.00688	0.00840	0.01192
30	0.00965	0.00677	0.00868	0.01004	0.01038	0.00643	0.00648	0.01067	0.01372	0.01829	0.03770	0.57271	0.04498	0.18660	0.01632	0.00406	0.00508	0.01915	0.00648	0.00580
31	0.02284	0.02516	0.28181	0.02182	0.06179	0.01628	0.13323	0.07427	0.01965	0.23825	0.01948	0.02022	0.01322	0.00787	0.00769	0.00240	0.00966	0.00699	0.00563	0.01174

[dist]
# distance from previous block
# <min> <max>
0	3

[block]
# block no. 1 follows, 26 sequences, length 32
# corresponding to MSA columns:
# 449-480
name=unknown_B
#
# <colnr> <probs for GDERKNQSTAVLIFYWHMCP>
#	G	D	E	R	K	N	Q	S	T	A	V	L	I	F	Y	W	H	M	C	P
0	0.65809	0.05255	0.04401	0.01136	0.01638	0.06917	0.00982	0.02299	0.01381	0.03163	0.01079	0.01258	0.00847	0.00708	0.00498	0.00228	0.00680	0.00423	0.00450	0.00847
1	0.01614	0.01553	0.02623	0.40189	0.25556	0.01796	0.04462	0.02072	0.01560	0.02121	0.01345	0.01939	0.01077	0.00784	0.00935	0.00252	0.08125	0.00682	0.00351	0.00965
2	0.02028	0.73799	0.03975	0.01298	0.01947	0.03001	0.01298	0.02271	0.01541	0.01785	0.01055	0.01217	0.00973	0.00649	0.00487	0.00162	0.00811	0.00406	0.00324	0.00973
3	0.00945	0.00752	0.00848	0.00863	0.01064	0.00655	0.00632	0.01169	0.01787	0.02278	0.22182	0.17831	0.42505	0.01905	0.00908	0.00260	0.00387	0.01636	0.00737	0.00655
4	0.00896	0.00768	0.00768	0.00768	0.01025	0.00640	0.00576	0.01089	0.01729	0.02049	0.07684	0.07300	0.68304	0.01921	0.00896	0.00256	0.00384	0.01601	0.00704	0.00640
5	0.73048	0.01454	0.01163	0.01024	0.01502	0.01658	0.00843	0.02340	0.01357	0.08338	0.01202	0.01333	0.00901	0.00722	0.00491	0.00235	0.00591	0.00437	0.00505	0.00857
6	0.00922	0.00668	0.00872	0.01035	0.01094	0.00618	0.00695	0.01059	0.01473	0.01945	0.04444	0.67927	0.09768	0.02342	0.00963	0.00304	0.00436	0.02115	0.00704	0.00618
7	0.03403	0.01291	0.01760	0.01350	0.01936	0.01115	0.01115	0.03697	0.02171	0.69137	0.02992	0.02582	0.01878	0.00939	0.00763	0.00235	0.00645	0.00763	0.00939	0.01291
8	0.01521	0.03923	0.69413	0.02162	0.03283	0.01762	0.02802	0.02402	0.01601	0.02402	0.01361	0.01601	0.00961	0.00721	0.00721	0.00240	0.01121	0.00560	0.00320	0.01121
9	0.01887	0.01629	0.01715	0.01544	0.01972	0.01887	0.01201	0.04031	0.67241	0.03173	0.03087	0.02830	0.02315	0.01029	0.00772	0.00257	0.00600	0.00858	0.00772	0.01201
10	0.78701	0.01467	0.01115	0.00997	0.01467	0.01702	0.00821	0.02230	0.01291	0.03403	0.01056	0.01232	0.00821	0.00704	0.00469	0.00235	0.00587	0.00411	0.00469	0.00821
11	0.02883	0.02125	0.02276	0.01745	0.02352	0.02352	0.01442	0.66082	0.03566	0.04780	0.01821	0.01821	0.01290	0.00911	0.00759	0.00228	0.00835	0.00683	0.00759	0.01290
12	0.78701	0.01467	0.01115	0.00997	0.01467	0.01702	0.00821	0.02230	0.01291	0.03403	0.01056	0.01232	0.00821	0.00704	0.00469	0.00235	0.00587	0.00411	0.00469	0.00821
13	0.01877	0.01802	0.03079	0.04656	0.68612	0.01802	0.02328	0.02328	0.01727	0.02478	0.01427	0.01877	0.01201	0.00676	0.00751	0.00225	0.00901	0.00676	0.00375	0.01201
14	0.01887	0.01629	0.01715	0.01544	0.01972	0.01887	0.01201	0.04031	0.67241	0.03173	0.03087	0.02830	0.02315	0.01029	0.00772	0.00257	0.00600	0.00858	0.00772	0.01201
15	0.73038	0.01454	0.01163	0.01024	0.01502	0.01657	0.00844	0.02340	0.01357	0.08347	0.01202	0.01334	0.00901	0.00722	0.00491	0.00235	0.00591	0.00437	0.00505	0.00857
16	0.03375	0.01336	0.01788	0.01371	0.01959	0.01182	0.01133	0.07080	0.02247	0.65647	0.02929	0.02540	0.01846	0.00937	0.00763	0.00234	0.00656	0.00758	0.00929	0.01291
17	0.01103	0.00735	0.00827	0.00827	0.00827	0.00735	0.00460	0.01103	0.01103	0.01471	0.02390	0.04964	0.02758	0.73343	0.03861	0.00735	0.00735	0.01103	0.00460	0.00460
18	0.06317	0.01025	0.01261	0.01076	0.01419	0.00966	0.00850	0.04966	0.02076	0.24226	0.30176	0.03811	0.04024	0.01173	0.00764	0.00227	0.00482	0.00987	0.13247	0.00928
19	0.00904	0.00739	0.00798	0.00846	0.01045	0.00634	0.00611	0.01080	0.01655	0.02019	0.06742	0.24915	0.51296	0.02043	0.00916	0.00270	0.00399	0.01750	0.00704	0.00634
20	0.01573	0.01348	0.01573	0.01123	0.01798	0.01011	0.00899	0.01910	0.01573	0.02472	0.01348	0.01573	0.01123	0.00562	0.00562	0.00112	0.00562	0.00449	0.00449	0.77980
21	0.00939	0.00774	0.00828	0.00826	0.01067	0.00663	0.00628	0.01165	0.01795	0.02215	0.17015	0.07101	0.55770	0.01871	0.00903	0.00258	0.00394	0.04409	0.00725	0.00655
22	0.00919	0.00678	0.00861	0.01008	0.01087	0.00620	0.00683	0.01062	0.01499	0.01955	0.04771	0.61794	0.15689	0.02300	0.00956	0.00299	0.00431	0.02063	0.00704	0.00620
23	0.01883	0.02175	0.04131	0.03010	0.03697	0.08517	0.56052	0.02453	0.01789	0.02341	0.01469	0.01959	0.01125	0.00692	0.00965	0.00254	0.05264	0.00843	0.00381	0.00998
24	0.11036	0.12972	0.02263	0.15953	0.06336	0.01885	0.01431	0.14689	0.04100	0.12274	0.01720	0.01954	0.01299	0.01268	0.07374	0.00320	0.00923	0.00635	0.00541	0.01027
25	0.00924	0.00660	0.00880	0.01056	0.01100	0.00616	0.00704	0.01056	0.01452	0.01936	0.04181	0.72848	0.05017	0.02376	0.00968	0.00308	0.00440	0.02156	0.00704	0.00616
26	0.00919	0.00678	0.00861	0.01008	0.01087	0.00620	0.00683	0.01062	0.01499	0.01955	0.04771	0.61794	0.15689	0.02300	0.00956	0.00299	0.00431	0.02063	0.00704	0.00620
27	0.01852	0.11040	0.23124	0.08885	0.05147	0.05147	0.12903	0.02450	0.04039	0.08588	0.01738	0.06492	0.01412	0.00862	0.00799	0.00239	0.03068	0.00748	0.00439	0.01028
28	0.02428	0.02645	0.02470	0.02877	0.26276	0.32713	0.01756	0.10347	0.06674	0.02520	0.01474	0.01707	0.01188	0.00776	0.00723	0.00214	0.01083	0.00605	0.00455	0.01067
29	0.01589	0.01401	0.01791	0.01279	0.01960	0.01079	0.05784	0.01949	0.01589	0.02468	0.01362	0.01608	0.01126	0.00568	0.00587	0.00123	0.00616	0.00483	0.00444	0.72193
30	0.01728	0.01845	0.03781	0.02744	0.03411	0.01745	0.51695	0.05834	0.01929	0.02615	0.09549	0.02694	0.04939	0.00819	0.00887	0.00252	0.01106	0.00971	0.00472	0.00985
31	0.07285	0.01400	0.02264	0.59881	0.10947	0.01698	0.02031	0.01997	0.01520	0.02099	0.01334	0.01949	0.01015	0.00746	0.00736	0.00249	0.00969	0.00654	0.00351	0.00875

[dist]
# distance from previous block
# <min> <max>
0	2

[block]
# block no. 2 follows, 26 sequences, length 105
# corresponding to MSA columns:
# 483-587
name=unknown_C
#
# <colnr> <probs for GDERKNQSTAVLIFYWHMCP>
#	G	D	E	R	K	N	Q	S	T	A	V	L	I	F	Y	W	H	M	C	P
0	0.01034	0.00758	0.00981	0.01081	0.01187	0.00731	0.00765	0.01354	0.05661	0.02287	0.19011	0.49438	0.05314	0.02086	0.00943	0.00291	0.00445	0.05214	0.00738	0.00680
1	0.01353	0.00887	0.01115	0.01055	0.01178	0.00938	0.00734	0.05577	0.01369	0.05933	0.02265	0.03923	0.02308	0.40639	0.26614	0.00840	0.01188	0.00954	0.00490	0.00640
2	0.14143	0.01316	0.01668	0.01299	0.01869	0.01199	0.01073	0.03487	0.02045	0.59761	0.02716	0.02389	0.01727	0.00905	0.00721	0.00235	0.00637	0.00713	0.00872	0.01224
3	0.00995	0.00715	0.00943	0.01008	0.01116	0.00663	0.00710	0.01234	0.01781	0.02460	0.34493	0.41044	0.06030	0.01985	0.00933	0.00275	0.00401	0.01785	0.00766	0.00663
4	0.01166	0.00806	0.00983	0.00920	0.01150	0.00717	0.00697	0.01467	0.02015	0.06942	0.44766	0.05990	0.26303	0.01630	0.00887	0.00244	0.00385	0.01406	0.00800	0.00728
5	0.00956	0.00684	0.00912	0.01061	0.01127	0.00640	0.00731	0.01124	0.01545	0.02077	0.11395	0.62102	0.05226	0.02269	0.00964	0.00302	0.00444	0.05091	0.00719	0.00631
6	0.02976	0.01386	0.01748	0.01404	0.01946	0.01332	0.01139	0.03791	0.20480	0.50577	0.03019	0.02652	0.02001	0.00964	0.00765	0.00241	0.00633	0.00789	0.00892	0.01265
7	0.01573	0.01348	0.01573	0.01123	0.01798	0.01011	0.00899	0.01910	0.01573	0.02472	0.01348	0.01573	0.01123	0.00562	0.00562	0.00112	0.00562	0.00449	0.00449	0.77980
8	0.01887	0.01629	0.01715	0.01544	0.01972	0.01887	0.01201	0.04031	0.67241	0.03173	0.03087	0.02830	0.02315	0.01029	0.00772	0.00257	0.00600	0.00858	0.00772	0.01201
9	0.01432	0.01348	0.02275	0.71520	0.05224	0.01685	0.02107	0.01938	0.01517	0.01938	0.01348	0.02022	0.01011	0.00758	0.00758	0.00253	0.01011	0.00674	0.00337	0.00843
10	0.01521	0.03923	0.69413	0.02162	0.03283	0.01762	0.02802	0.02402	0.01601	0.02402	0.01361	0.01601	0.00961	0.00721	0.00721	0.00240	0.01121	0.00560	0.00320	0.01121
11	0.00924	0.00660	0.00880	0.01056	0.01100	0.00616	0.00704	0.01056	0.01452	0.01936	0.04181	0.72848	0.05017	0.02376	0.00968	0.00308	0.00440	0.02156	0.00704	0.00616
12	0.03403	0.01291	0.01760	0.01350	0.01936	0.01115	0.01115	0.03697	0.02171	0.69137	0.02992	0.02582	0.01878	0.00939	0.00763	0.00235	0.00645	0.00763	0.00939	0.01291
13	0.01084	0.00758	0.00928	0.00924	0.00982	0.00779	0.00598	0.01182	0.01234	0.01673	0.06815	0.04679	0.06682	0.48648	0.19144	0.00789	0.00996	0.01081	0.00485	0.00538
14	0.01790	0.02046	0.04476	0.03197	0.03964	0.01918	0.65857	0.02430	0.01790	0.02430	0.01535	0.02046	0.01151	0.00639	0.00895	0.00256	0.01279	0.00895	0.00384	0.01023
15	0.00896	0.00768	0.00768	0.00768	0.01025	0.00640	0.00576	0.01089	0.01729	0.02049	0.07684	0.07300	0.68304	0.01921	0.00896	0.00256	0.00384	0.01601	0.00704	0.00640
16	0.16034	0.01771	0.01962	0.01645	0.01959	0.05393	0.01346	0.20318	0.01995	0.06910	0.01563	0.06030	0.01345	0.01111	0.01348	0.00271	0.26772	0.00712	0.00540	0.00976
17	0.01614	0.07606	0.52031	0.02193	0.03187	0.01864	0.10554	0.02526	0.06797	0.02430	0.01501	0.01732	0.01092	0.00730	0.00733	0.00239	0.01082	0.00617	0.00364	0.01106
18	0.01449	0.01441	0.02828	0.02129	0.02617	0.01346	0.34849	0.01954	0.01960	0.02721	0.33273	0.03769	0.04010	0.01073	0.00895	0.00248	0.00840	0.01122	0.00598	0.00877
19	0.01107	0.00758	0.00911	0.00913	0.00974	0.00744	0.00596	0.01229	0.01423	0.01937	0.18870	0.05480	0.04002	0.48745	0.02857	0.00575	0.00638	0.07118	0.00575	0.00546
20	0.01648	0.07886	0.50986	0.02147	0.03127	0.01785	0.10504	0.02408	0.01671	0.05255	0.04512	0.01862	0.01310	0.00753	0.00738	0.00237	0.01066	0.00639	0.00379	0.01088
21	0.13954	0.01316	0.01670	0.01300	0.01871	0.01197	0.01074	0.03491	0.02048	0.59926	0.02721	0.02393	0.01730	0.00906	0.00722	0.00235	0.00637	0.00713	0.00873	0.01225
22	0.00934	0.00668	0.00889	0.01050	0.01102	0.00623	0.00705	0.01081	0.01497	0.02008	0.08346	0.68477	0.05156	0.02323	0.00963	0.00304	0.00435	0.02105	0.00713	0.00623
23	0.78701	0.01467	0.01115	0.00997	0.01467	0.01702	0.00821	0.02230	0.01291	0.03403	0.01056	0.01232	0.00821	0.00704	0.00469	0.00235	0.00587	0.00411	0.00469	0.00821
24	0.02795	0.01517	0.02165	0.04871	0.02370	0.01472	0.09376	0.12856	0.07434	0.39372	0.05775	0.02544	0.01951	0.00926	0.00786	0.00239	0.00753	0.00801	0.00795	0.01201
25	0.13379	0.01836	0.01973	0.01551	0.02121	0.01990	0.01275	0.40506	0.08007	0.16699	0.02038	0.01964	0.01418	0.00897	0.00721	0.00232	0.00746	0.00674	0.00754	0.01218
26	0.00999	0.00793	0.00910	0.00941	0.01167	0.00705	0.00746	0.01252	0.01798	0.02254	0.16228	0.07334	0.44181	0.01904	0.00931	0.00275	0.00452	0.15743	0.00723	0.00665
27	0.73697	0.01505	0.01333	0.01141	0.01629	0.01716	0.05053	0.02243	0.01323	0.03340	0.01087	0.01285	0.00843	0.00700	0.00497	0.00236	0.00632	0.00442	0.00464	0.00835
28	0.01653	0.00846	0.01139	0.01142	0.01346	0.00763	0.00825	0.01833	0.01664	0.21699	0.03831	0.52184	0.04094	0.01954	0.00908	0.00286	0.00500	0.01747	0.00773	0.00815
29	0.01938	0.01835	0.02671	0.08033	0.45004	0.04990	0.02005	0.05416	0.15254	0.02656	0.01768	0.02056	0.01411	0.00768	0.00753	0.00232	0.00865	0.00705	0.00471	0.01167
30	0.02076	0.01359	0.01451	0.01230	0.01614	0.01469	0.00978	0.21750	0.15635	0.07551	0.02434	0.02509	0.01819	0.00925	0.00663	0.00212	0.00567	0.00734	0.34006	0.01019
31	0.02296	0.01024	0.01365	0.01159	0.01532	0.00910	0.00910	0.02587	0.02021	0.37502	0.20296	0.13522	0.03724	0.01303	0.00811	0.00242	0.00520	0.01120	0.06154	0.01002
32	0.01381	0.00714	0.00737	0.00731	0.00908	0.00708	0.00548	0.01735	0.01644	0.02848	0.08808	0.03101	0.02446	0.00948	0.00565	0.00183	0.00354	0.00771	0.70162	0.00708
33	0.01019	0.00773	0.00938	0.00897	0.01100	0.00692	0.00673	0.01325	0.02018	0.02734	0.49463	0.06172	0.26097	0.01665	0.00895	0.00244	0.00366	0.01443	0.00795	0.00692
34	0.01065	0.00769	0.01006	0.00960	0.01131	0.00710	0.00715	0.01409	0.02106	0.02977	0.64454	0.09608	0.07031	0.01599	0.00899	0.00243	0.00363	0.01418	0.00827	0.00710
35	0.78701	0.01467	0.01115	0.00997	0.01467	0.01702	0.00821	0.02230	0.01291	0.03403	0.01056	0.01232	0.00821	0.00704	0.00469	0.00235	0.00587	0.00411	0.00469	0.00821
36	0.78701	0.01467	0.01115	0.00997	0.01467	0.01702	0.00821	0.02230	0.01291	0.03403	0.01056	0.01232	0.00821	0.00704	0.00469	0.00235	0.00587	0.00411	0.00469	0.00821
37	0.00990	0.00772	0.00898	0.00866	0.01082	0.00680	0.00650	0.01269	0.01950	0.02573	0.39621	0.06438	0.36040	0.01726	0.00895	0.00247	0.00370	0.01480	0.00773	0.00680
38	0.01960	0.63629	0.07960	0.01339	0.02020	0.02765	0.01362	0.02251	0.01548	0.01878	0.01097	0.01269	0.00984	0.00647	0.00508	0.00163	0.00811	0.00419	0.00334	0.07055
39	0.01216	0.00919	0.01310	0.10181	0.01964	0.00948	0.01253	0.01576	0.01748	0.02275	0.08975	0.07423	0.08240	0.01872	0.00989	0.00322	0.00691	0.46720	0.00664	0.00714
40	0.01663	0.01070	0.01354	0.01323	0.01605	0.01087	0.01085	0.02356	0.15280	0.12745	0.13542	0.05844	0.03918	0.05126	0.01062	0.00315	0.00619	0.28364	0.00760	0.00883
41	0.02337	0.02257	0.03039	0.02322	0.02929	0.14839	0.27485	0.16528	0.10612	0.07178	0.01819	0.02004	0.01343	0.00793	0.00802	0.00237	0.01073	0.00760	0.00551	0.01093
42	0.01790	0.02046	0.04476	0.03197	0.03964	0.01918	0.65857	0.02430	0.01790	0.02430	0.01535	0.02046	0.01151	0.00639	0.00895	0.00256	0.01279	0.00895	0.00384	0.01023
43	0.02741	0.01676	0.02828	0.02082	0.02738	0.01570	0.25044	0.11222	0.02209	0.36279	0.02304	0.02287	0.01534	0.00825	0.00811	0.00242	0.00903	0.00801	0.00711	0.01192
44	0.00970	0.00754	0.00882	0.00887	0.01079	0.00666	0.00651	0.01217	0.01848	0.02418	0.30730	0.17160	0.34320	0.01849	0.00907	0.00258	0.00383	0.01600	0.00755	0.00666
45	0.03403	0.01291	0.01760	0.01350	0.01936	0.01115	0.01115	0.03697	0.02171	0.69137	0.02992	0.02582	0.01878	0.00939	0.00763	0.00235	0.00645	0.00763	0.00939	0.01291
46	0.00924	0.00660	0.00880	0.01056	0.01100	0.00616	0.00704	0.01056	0.01452	0.01936	0.04181	0.72848	0.05017	0.02376	0.00968	0.00308	0.00440	0.02156	0.00704	0.00616
47	0.13954	0.01316	0.01670	0.01300	0.01871	0.01197	0.01074	0.03491	0.02048	0.59926	0.02721	0.02393	0.01730	0.00906	0.00722	0.00235	0.00637	0.00713	0.00873	0.01225
48	0.01550	0.01460	0.02464	0.46577	0.25375	0.01670	0.02108	0.02020	0.01581	0.02111	0.01513	0.05465	0.01270	0.00812	0.00766	0.00247	0.00948	0.00748	0.00367	0.00947
49	0.02021	0.02135	0.02677	0.03634	0.44794	0.17447	0.01983	0.02375	0.01770	0.02259	0.01516	0.06274	0.01380	0.00851	0.00863	0.00231	0.05601	0.00727	0.00397	0.01066
50	0.01573	0.01348	0.01573	0.01123	0.01798	0.01011	0.00899	0.01910	0.01573	0.02472	0.01348	0.01573	0.01123	0.00562	0.00562	0.00112	0.00562	0.00449	0.00449	0.77980
51	0.01659	0.01659	0.02323	0.01991	0.01991	0.02323	0.01659	0.01825	0.01162	0.01825	0.00996	0.01659	0.00996	0.01328	0.02489	0.00332	0.71955	0.00664	0.00332	0.00830
52	0.01020	0.00773	0.00939	0.00898	0.01100	0.00693	0.00673	0.01327	0.02020	0.02741	0.49865	0.06161	0.25691	0.01663	0.00895	0.00244	0.00366	0.01441	0.00795	0.00693
53	0.01039	0.00765	0.00972	0.00938	0.01117	0.00698	0.00697	0.01358	0.02038	0.02826	0.55346	0.11174	0.14884	0.01664	0.00901	0.00246	0.00368	0.01463	0.00808	0.00698
54	0.00959	0.00771	0.00855	0.00834	0.01063	0.00667	0.00626	0.01210	0.01877	0.02401	0.29142	0.06721	0.46626	0.01790	0.00896	0.00250	0.00375	0.01520	0.00751	0.00667
55	0.07361	0.01266	0.01664	0.01293	0.01849	0.01123	0.01065	0.03504	0.02089	0.61689	0.02857	0.02523	0.01824	0.00923	0.00733	0.00231	0.00625	0.00740	0.05409	0.01231
56	0.01887	0.01629	0.01715	0.01544	0.01972	0.01887	0.01201	0.04031	0.67241	0.03173	0.03087	0.02830	0.02315	0.01029	0.00772	0.00257	0.00600	0.00858	0.00772	0.01201
57	0.01573	0.01348	0.01573	0.01123	0.01798	0.01011	0.00899	0.01910	0.01573	0.02472	0.01348	0.01573	0.01123	0.00562	0.00562	0.00112	0.00562	0.00449	0.00449	0.77980
58	0.78701	0.01467	0.01115	0.00997	0.01467	0.01702	0.00821	0.02230	0.01291	0.03403	0.01056	0.01232	0.00821	0.00704	0.00469	0.00235	0.00587	0.00411	0.00469	0.00821
59	0.01432	0.01348	0.02275	0.71520	0.05224	0.01685	0.02107	0.01938	0.01517	0.01938	0.01348	0.02022	0.01011	0.00758	0.00758	0.00253	0.01011	0.00674	0.00337	0.00843
60	0.00924	0.00660	0.00880	0.01056	0.01100	0.00616	0.00704	0.01056	0.01452	0.01936	0.04181	0.72848	0.05017	0.02376	0.00968	0.00308	0.00440	0.02156	0.00704	0.00616
61	0.01027	0.00750	0.00966	0.00962	0.01118	0.00688	0.00702	0.01324	0.01965	0.02726	0.49657	0.20254	0.11518	0.01758	0.00911	0.00255	0.00378	0.01559	0.00797	0.00688
62	0.02028	0.73799	0.03975	0.01298	0.01947	0.03001	0.01298	0.02271	0.01541	0.01785	0.01055	0.01217	0.00973	0.00649	0.00487	0.00162	0.00811	0.00406	0.00324	0.00973
63	0.01659	0.01659	0.02323	0.01991	0.01991	0.02323	0.01659	0.01825	0.01162	0.01825	0.00996	0.01659	0.00996	0.01328	0.02489	0.00332	0.71955	0.00664	0.00332	0.00830
64	0.00924	0.00660	0.00880	0.01056	0.01100	0.00616	0.00704	0.01056	0.01452	0.01936	0.04181	0.72848	0.05017	0.02376	0.00968	0.00308	0.00440	0.02156	0.00704	0.00616
65	0.01619	0.03308	0.49922	0.02520	0.11493	0.01790	0.08221	0.02524	0.06810	0.02475	0.01521	0.01773	0.01115	0.00732	0.00744	0.00241	0.01066	0.00628	0.00368	0.01129
66	0.02732	0.12482	0.02380	0.01871	0.02295	0.61796	0.01444	0.02933	0.02073	0.01847	0.01158	0.01349	0.00977	0.00765	0.00659	0.00191	0.01298	0.00478	0.00382	0.00891
67	0.01887	0.01629	0.01715	0.01544	0.01972	0.01887	0.01201	0.04031	0.67241	0.03173	0.03087	0.02830	0.02315	0.01029	0.00772	0.00257	0.00600	0.00858	0.00772	0.01201
68	0.01877	0.01802	0.03079	0.04656	0.68612	0.01802	0.02328	0.02328	0.01727	0.02478	0.01427	0.01877	0.01201	0.00676	0.00751	0.00225	0.00901	0.00676	0.00375	0.01201
69	0.78701	0.01467	0.01115	0.00997	0.01467	0.01702	0.00821	0.02230	0.01291	0.03403	0.01056	0.01232	0.00821	0.00704	0.00469	0.00235	0.00587	0.00411	0.00469	0.00821
70	0.01103	0.00735	0.00827	0.00827	0.00827	0.00735	0.00460	0.01103	0.01103	0.01471	0.02390	0.04964	0.02758	0.73343	0.03861	0.00735	0.00735	0.01103	0.00460	0.00460
71	0.02562	0.02209	0.02245	0.01821	0.02255	0.11847	0.01483	0.40308	0.05522	0.03644	0.01600	0.01764	0.01224	0.00990	0.01134	0.00248	0.16746	0.00659	0.00613	0.01126
72	0.00922	0.00668	0.00872	0.01036	0.01095	0.00618	0.00695	0.01058	0.01471	0.01944	0.04422	0.68334	0.09375	0.02345	0.00963	0.00304	0.00436	0.02118	0.00704	0.00618
73	0.01727	0.01690	0.02295	0.55167	0.07343	0.09660	0.01989	0.07138	0.01760	0.02175	0.01368	0.01925	0.01037	0.00770	0.00749	0.00243	0.01034	0.00653	0.00378	0.00897
74	0.02011	0.02106	0.06831	0.02015	0.06392	0.10215	0.07204	0.07048	0.36971	0.02858	0.02286	0.02305	0.01742	0.00934	0.00878	0.00250	0.05464	0.00762	0.00606	0.01122
75	0.01479	0.00947	0.01196	0.01206	0.01455	0.00926	0.00983	0.01968	0.08422	0.10341	0.12256	0.11464	0.11602	0.01707	0.00910	0.00287	0.00560	0.25829	0.05655	0.00809
76	0.01794	0.01765	0.03153	0.15034	0.49271	0.01800	0.11435	0.02281	0.01703	0.02386	0.01430	0.01925	0.01164	0.00684	0.00773	0.00234	0.00973	0.00707	0.00371	0.01119
77	0.01112	0.00779	0.01048	0.01048	0.01139	0.00858	0.00749	0.01292	0.01202	0.01727	0.02186	0.03670	0.02203	0.29242	0.42440	0.00982	0.01467	0.00908	0.05346	0.00602
78	0.00924	0.00660	0.00880	0.01056	0.01100	0.00616	0.00704	0.01056	0.01452	0.01936	0.04181	0.72848	0.05017	0.02376	0.00968	0.00308	0.00440	0.02156	0.00704	0.00616
79	0.01063	0.00775	0.00999	0.00943	0.01127	0.00711	0.00708	0.01411	0.02123	0.02983	0.64660	0.05762	0.10745	0.01572	0.00895	0.00240	0.00359	0.01385	0.00827	0.00711
80	0.00957	0.00683	0.00918	0.01094	0.01152	0.00644	0.00761	0.01113	0.01484	0.01973	0.04163	0.65786	0.04945	0.02345	0.00977	0.00313	0.00468	0.08895	0.00703	0.00625
81	0.02028	0.73799	0.03975	0.01298	0.01947	0.03001	0.01298	0.02271	0.01541	0.01785	0.01055	0.01217	0.00973	0.00649	0.00487	0.00162	0.00811	0.00406	0.00324	0.00973
82	0.01521	0.03923	0.69413	0.02162	0.03283	0.01762	0.02802	0.02402	0.01601	0.02402	0.01361	0.01601	0.00961	0.00721	0.00721	0.00240	0.01121	0.00560	0.00320	0.01121
83	0.03403	0.01291	0.01760	0.01350	0.01936	0.01115	0.01115	0.03697	0.02171	0.69137	0.02992	0.02582	0.01878	0.00939	0.00763	0.00235	0.00645	0.00763	0.00939	0.01291
84	0.02028	0.73799	0.03975	0.01298	0.01947	0.03001	0.01298	0.02271	0.01541	0.01785	0.01055	0.01217	0.00973	0.00649	0.00487	0.00162	0.00811	0.00406	0.00324	0.00973
85	0.01432	0.01348	0.02275	0.71520	0.05224	0.01685	0.02107	0.01938	0.01517	0.01938	0.01348	0.02022	0.01011	0.00758	0.00758	0.00253	0.01011	0.00674	0.00337	0.00843
86	0.01233	0.00864	0.01194	0.01360	0.01534	0.00864	0.01185	0.01582	0.01738	0.02300	0.03933	0.08246	0.04234	0.02030	0.01020	0.00340	0.00680	0.60108	0.04858	0.00699
87	0.00924	0.00660	0.00880	0.01056	0.01100	0.00616	0.00704	0.01056	0.01452	0.01936	0.04181	0.72848	0.05017	0.02376	0.00968	0.00308	0.00440	0.02156	0.00704	0.00616
88	0.09822	0.02064	0.02170	0.01677	0.02271	0.02293	0.01385	0.60239	0.03358	0.04654	0.01751	0.01767	0.01247	0.00892	0.00732	0.00228	0.00812	0.00658	0.00732	0.01247
89	0.01199	0.00856	0.01195	0.01370	0.01534	0.00853	0.01181	0.01531	0.01723	0.02244	0.04029	0.13625	0.04417	0.02117	0.01041	0.00346	0.00678	0.58669	0.00699	0.00692
90	0.02028	0.73799	0.03975	0.01298	0.01947	0.03001	0.01298	0.02271	0.01541	0.01785	0.01055	0.01217	0.00973	0.00649	0.00487	0.00162	0.00811	0.00406	0.00324	0.00973
91	0.01103	0.00735	0.00827	0.00827	0.00827	0.00735	0.00460	0.01103	0.01103	0.01471	0.02390	0.04964	0.02758	0.73343	0.03861	0.00735	0.00735	0.01103	0.00460	0.00460
92	0.01521	0.03923	0.69413	0.02162	0.03283	0.01762	0.02802	0.02402	0.01601	0.02402	0.01361	0.01601	0.00961	0.00721	0.00721	0.00240	0.01121	0.00560	0.00320	0.01121
93	0.01738	0.03140	0.45881	0.05471	0.10520	0.01731	0.10390	0.02480	0.01680	0.07656	0.01518	0.01782	0.01085	0.00724	0.00750	0.00241	0.01074	0.00635	0.00384	0.01119
94	0.01653	0.07881	0.61912	0.02067	0.03132	0.01799	0.02623	0.02464	0.01629	0.05977	0.01431	0.01632	0.01011	0.00728	0.00709	0.00235	0.01077	0.00562	0.00354	0.01122
95	0.00906	0.00733	0.00805	0.00863	0.01049	0.00632	0.00618	0.01078	0.01638	0.02012	0.06536	0.28777	0.47568	0.02070	0.00920	0.00273	0.00403	0.01783	0.00704	0.00632
96	0.02590	0.11643	0.02387	0.01881	0.02253	0.53776	0.01470	0.02787	0.01953	0.01844	0.01136	0.01387	0.00979	0.00835	0.00889	0.00209	0.10220	0.00501	0.00376	0.00884
97	0.01872	0.02246	0.14814	0.03304	0.21380	0.01809	0.33796	0.02478	0.01766	0.06693	0.01569	0.01960	0.01179	0.00682	0.00818	0.00243	0.01109	0.00771	0.00406	0.01105
98	0.00907	0.00760	0.00789	0.00800	0.01036	0.00642	0.00593	0.01103	0.01728	0.02089	0.10390	0.12388	0.60301	0.01939	0.00902	0.00259	0.00387	0.01633	0.00711	0.00642
99	0.00994	0.00721	0.00938	0.00992	0.01112	0.00665	0.00703	0.01238	0.01800	0.02472	0.35018	0.37085	0.09527	0.01956	0.00929	0.00272	0.00398	0.01750	0.00767	0.00665
100	0.06899	0.11387	0.16110	0.02343	0.03114	0.02001	0.30465	0.09060	0.01901	0.07242	0.01540	0.01819	0.01136	0.00709	0.00760	0.00235	0.01056	0.00708	0.00447	0.01069
101	0.01447	0.01171	0.05542	0.01154	0.01412	0.05054	0.00922	0.01726	0.01799	0.10534	0.20417	0.29507	0.08868	0.01669	0.00862	0.00259	0.00537	0.01460	0.04881	0.00780
102	0.01086	0.00803	0.01031	0.01141	0.01305	0.00763	0.00921	0.01348	0.01689	0.02176	0.08978	0.17539	0.19362	0.05917	0.01143	0.00335	0.00567	0.32539	0.00697	0.00661
103	0.01573	0.01348	0.01573	0.01123	0.01798	0.01011	0.00899	0.01910	0.01573	0.02472	0.01348	0.01573	0.01123	0.00562	0.00562	0.00112	0.00562	0.00449	0.00449	0.77980
104	0.02190	0.08496	0.11735	0.13943	0.09199	0.07400	0.01727	0.10347	0.09939	0.12891	0.01838	0.01973	0.01345	0.00811	0.00719	0.00227	0.00888	0.00650	0.00541	0.03142

[dist]
# distance from previous block
# <min> <max>
0	3

[block]
# block no. 3 follows, 26 sequences, length 32
# corresponding to MSA columns:
# 591-622
name=unknown_D
#
# <colnr> <probs for GDERKNQSTAVLIFYWHMCP>
#	G	D	E	R	K	N	Q	S	T	A	V	L	I	F	Y	W	H	M	C	P
0	0.13346	0.16959	0.33111	0.02011	0.06287	0.02052	0.06458	0.02306	0.01530	0.02395	0.01243	0.01520	0.00971	0.00740	0.00779	0.00231	0.06143	0.00544	0.00352	0.01023
1	0.01432	0.01348	0.02275	0.71520	0.05224	0.01685	0.02107	0.01938	0.01517	0.01938	0.01348	0.02022	0.01011	0.00758	0.00758	0.00253	0.01011	0.00674	0.00337	0.00843
2	0.01832	0.01962	0.02313	0.28798	0.07066	0.19822	0.09672	0.02236	0.01776	0.02133	0.04883	0.02318	0.04456	0.00845	0.00751	0.00230	0.01024	0.00730	0.06285	0.00869
3	0.01963	0.01667	0.01758	0.01559	0.02001	0.01922	0.01219	0.08760	0.62388	0.03295	0.02991	0.02753	0.02237	0.01020	0.00771	0.00255	0.00618	0.00844	0.00771	0.01207
4	0.01082	0.00791	0.01131	0.01202	0.01320	0.00855	0.00930	0.01327	0.01368	0.01885	0.02886	0.18012	0.03071	0.08040	0.38623	0.00832	0.01370	0.14089	0.00529	0.00658
5	0.00924	0.00660	0.00880	0.01056	0.01100	0.00616	0.00704	0.01056	0.01452	0.01936	0.04181	0.72848	0.05017	0.02376	0.00968	0.00308	0.00440	0.02156	0.00704	0.00616
6	0.01103	0.00735	0.00827	0.00827	0.00827	0.00735	0.00460	0.01103	0.01103	0.01471	0.02390	0.04964	0.02758	0.73343	0.03861	0.00735	0.00735	0.01103	0.00460	0.00460
7	0.02883	0.02125	0.02276	0.01745	0.02352	0.02352	0.01442	0.66082	0.03566	0.04780	0.01821	0.01821	0.01290	0.00911	0.00759	0.00228	0.00835	0.00683	0.00759	0.01290
8	0.03403	0.01291	0.01760	0.01350	0.01936	0.01115	0.01115	0.03697	0.02171	0.69137	0.02992	0.02582	0.01878	0.00939	0.00763	0.00235	0.00645	0.00763	0.00939	0.01291
9	0.01887	0.01629	0.01715	0.01544	0.01972	0.01887	0.01201	0.04031	0.67241	0.03173	0.03087	0.02830	0.02315	0.01029	0.00772	0.00257	0.00600	0.00858	0.00772	0.01201
10	0.01222	0.00873	0.01222	0.01397	0.01572	0.00873	0.01222	0.01572	0.01746	0.02270	0.04016	0.08556	0.04365	0.02095	0.01048	0.00349	0.00698	0.63506	0.00698	0.00698
11	0.01887	0.01629	0.01715	0.01544	0.01972	0.01887	0.01201	0.04031	0.67241	0.03173	0.03087	0.02830	0.02315	0.01029	0.00772	0.00257	0.00600	0.00858	0.00772	0.01201
12	0.02678	0.02081	0.02513	0.01913	0.02528	0.02266	0.09479	0.53831	0.07749	0.04375	0.01873	0.01919	0.01343	0.00885	0.00777	0.00233	0.00874	0.00722	0.00713	0.01250
13	0.01866	0.01833	0.03254	0.04473	0.60519	0.01817	0.10280	0.02341	0.01735	0.02472	0.01440	0.01898	0.01195	0.00671	0.00769	0.00229	0.00948	0.00703	0.00376	0.01179
14	0.01074	0.00775	0.01014	0.00954	0.01133	0.00716	0.00716	0.01431	0.02147	0.03042	0.68211	0.05666	0.07157	0.01551	0.00895	0.00239	0.00358	0.01372	0.00835	0.00716
15	0.02519	0.04859	0.07307	0.15493	0.02876	0.01432	0.08610	0.02938	0.01927	0.37208	0.05396	0.02422	0.01766	0.00869	0.00767	0.00238	0.00818	0.00757	0.00679	0.01118
16	0.01877	0.01802	0.03079	0.04656	0.68612	0.01802	0.02328	0.02328	0.01727	0.02478	0.01427	0.01877	0.01201	0.00676	0.00751	0.00225	0.00901	0.00676	0.00375	0.01201
17	0.00924	0.00660	0.00880	0.01056	0.01100	0.00616	0.00704	0.01056	0.01452	0.01936	0.04181	0.72848	0.05017	0.02376	0.00968	0.00308	0.00440	0.02156	0.00704	0.00616
18	0.01772	0.02176	0.08968	0.03125	0.03917	0.01907	0.61495	0.02428	0.01777	0.02428	0.01523	0.02015	0.01138	0.00645	0.00883	0.00255	0.01268	0.00872	0.00379	0.01030
19	0.01432	0.01348	0.02275	0.71520	0.05224	0.01685	0.02107	0.01938	0.01517	0.01938	0.01348	0.02022	0.01011	0.00758	0.00758	0.00253	0.01011	0.00674	0.00337	0.00843
20	0.03403	0.01291	0.01760	0.01350	0.01936	0.01115	0.01115	0.03697	0.02171	0.69137	0.02992	0.02582	0.01878	0.00939	0.00763	0.00235	0.00645	0.00763	0.00939	0.01291
21	0.02803	0.02047	0.02190	0.01688	0.02272	0.02262	0.01392	0.62548	0.03458	0.04673	0.01857	0.01876	0.01326	0.00909	0.00746	0.00225	0.00808	0.00684	0.04978	0.01258
22	0.00924	0.00660	0.00880	0.01056	0.01100	0.00616	0.00704	0.01056	0.01452	0.01936	0.04181	0.72848	0.05017	0.02376	0.00968	0.00308	0.00440	0.02156	0.00704	0.00616
23	0.01691	0.01579	0.02590	0.06494	0.39052	0.01621	0.06905	0.02344	0.10150	0.02505	0.06818	0.05310	0.01989	0.01240	0.06089	0.00313	0.00924	0.00840	0.00476	0.01070
24	0.02259	0.43580	0.05504	0.01778	0.07199	0.20118	0.01478	0.06377	0.01838	0.02060	0.01170	0.01356	0.01011	0.00703	0.00582	0.00182	0.00973	0.00470	0.00372	0.00991
25	0.01573	0.01348	0.01573	0.01123	0.01798	0.01011	0.00899	0.01910	0.01573	0.02472	0.01348	0.01573	0.01123	0.00562	0.00562	0.00112	0.00562	0.00449	0.00449	0.77980
26	0.01190	0.00803	0.01037	0.00962	0.01170	0.00732	0.00728	0.01532	0.02118	0.06631	0.60143	0.05615	0.11365	0.01544	0.00887	0.00240	0.00376	0.01355	0.00831	0.00742
27	0.01944	0.01814	0.02993	0.17138	0.55094	0.01852	0.02316	0.02347	0.01778	0.02511	0.01571	0.02121	0.01317	0.00801	0.00819	0.00260	0.00968	0.00725	0.00425	0.01207
28	0.01049	0.00768	0.00985	0.00943	0.01122	0.00703	0.00703	0.01380	0.02071	0.02892	0.59256	0.09573	0.12462	0.01630	0.00899	0.00244	0.00365	0.01436	0.00816	0.00703
29	0.01732	0.03253	0.48008	0.02359	0.03351	0.01751	0.18451	0.02508	0.01692	0.07495	0.01529	0.01787	0.01078	0.00717	0.00768	0.00244	0.01124	0.00660	0.00383	0.01109
30	0.01170	0.00810	0.00966	0.00906	0.01147	0.00714	0.00687	0.01454	0.01975	0.07449	0.38323	0.06119	0.32162	0.01660	0.00886	0.00246	0.00390	0.01422	0.00788	0.00726
31	0.02494	0.01986	0.02005	0.01655	0.02171	0.07269	0.01325	0.32054	0.29821	0.07456	0.02362	0.02248	0.01724	0.00951	0.00759	0.00238	0.00767	0.00745	0.00746	0.01222

[dist]
# distance from previous block
# <min> <max>
0	1

[block]
# block no. 4 follows, 26 sequences, length 28
# corresponding to MSA columns:
# 624-651
name=unknown_E
#
# <colnr> <probs for GDERKNQSTAVLIFYWHMCP>
#	G	D	E	R	K	N	Q	S	T	A	V	L	I	F	Y	W	H	M	C	P
0	0.02006	0.12890	0.07282	0.01790	0.02154	0.05328	0.01574	0.13696	0.11118	0.02578	0.01482	0.01771	0.01229	0.01041	0.01429	0.00265	0.30247	0.00641	0.00471	0.01009
1	0.01877	0.01802	0.03079	0.04656	0.68612	0.01802	0.02328	0.02328	0.01727	0.02478	0.01427	0.01877	0.01201	0.00676	0.00751	0.00225	0.00901	0.00676	0.00375	0.01201
2	0.01099	0.00750	0.00901	0.00901	0.00927	0.00776	0.00552	0.01151	0.01125	0.01526	0.02322	0.04588	0.02595	0.60536	0.16444	0.00827	0.00981	0.01048	0.00450	0.00501
3	0.02639	0.01648	0.02842	0.02104	0.02751	0.01540	0.26467	0.05978	0.06807	0.35408	0.02377	0.02357	0.01599	0.00827	0.00815	0.00244	0.00898	0.00818	0.00702	0.01179
4	0.01834	0.01570	0.01676	0.01532	0.01941	0.01807	0.01202	0.03837	0.62096	0.03102	0.03160	0.03280	0.02476	0.01113	0.00793	0.00264	0.00608	0.05779	0.00766	0.01161
5	0.01478	0.01240	0.01467	0.01091	0.01672	0.00955	0.00864	0.01819	0.01682	0.02580	0.14005	0.02348	0.02266	0.00749	0.00625	0.00136	0.00523	0.00624	0.00522	0.63354
6	0.01900	0.09781	0.23671	0.13005	0.15479	0.02005	0.05967	0.14361	0.01989	0.02735	0.01438	0.01746	0.01088	0.00742	0.00726	0.00230	0.00987	0.00627	0.00420	0.01105
7	0.01908	0.01795	0.02232	0.02113	0.09383	0.05288	0.08684	0.03485	0.45619	0.02868	0.02513	0.02497	0.01919	0.00953	0.00882	0.00255	0.05011	0.00812	0.00640	0.01143
8	0.00924	0.00660	0.00880	0.01056	0.01100	0.00616	0.00704	0.01056	0.01452	0.01936	0.04181	0.72848	0.05017	0.02376	0.00968	0.00308	0.00440	0.02156	0.00704	0.00616
9	0.01564	0.06796	0.01762	0.05280	0.15616	0.01187	0.01190	0.01854	0.01764	0.10668	0.13045	0.17833	0.15598	0.01417	0.00824	0.00247	0.00597	0.01241	0.00636	0.00882
10	0.01790	0.02046	0.04476	0.03197	0.03964	0.01918	0.65857	0.02430	0.01790	0.02430	0.01535	0.02046	0.01151	0.00639	0.00895	0.00256	0.01279	0.00895	0.00384	0.01023
11	0.01862	0.02022	0.07739	0.10081	0.13230	0.04550	0.16904	0.08910	0.01755	0.02433	0.01346	0.01824	0.01093	0.00897	0.01287	0.00267	0.21686	0.00709	0.00398	0.01005
12	0.01084	0.00813	0.01219	0.01219	0.01354	0.00948	0.00948	0.01354	0.01219	0.01761	0.02032	0.02980	0.01896	0.05689	0.70337	0.01219	0.02032	0.00813	0.00406	0.00677
13	0.00942	0.00673	0.00900	0.01076	0.01128	0.00631	0.00735	0.01087	0.01470	0.01956	0.04171	0.69028	0.04978	0.02360	0.00973	0.00310	0.00455	0.05802	0.00704	0.00621
14	0.01090	0.00730	0.00831	0.00844	0.00847	0.00727	0.00477	0.01100	0.01128	0.01504	0.02518	0.09832	0.02920	0.68254	0.03653	0.00705	0.00714	0.01179	0.00477	0.00471
15	0.00930	0.00770	0.00815	0.00803	0.01045	0.00655	0.00603	0.01153	0.01808	0.02236	0.19094	0.06992	0.56777	0.01851	0.00896	0.00253	0.00379	0.01558	0.00729	0.00655
16	0.01573	0.01348	0.01573	0.01123	0.01798	0.01011	0.00899	0.01910	0.01573	0.02472	0.01348	0.01573	0.01123	0.00562	0.00562	0.00112	0.00562	0.00449	0.00449	0.77980
17	0.03403	0.01291	0.01760	0.01350	0.01936	0.01115	0.01115	0.03697	0.02171	0.69137	0.02992	0.02582	0.01878	0.00939	0.00763	0.00235	0.00645	0.00763	0.00939	0.01291
18	0.01877	0.01802	0.03079	0.04656	0.68612	0.01802	0.02328	0.02328	0.01727	0.02478	0.01427	0.01877	0.01201	0.00676	0.00751	0.00225	0.00901	0.00676	0.00375	0.01201
19	0.01179	0.00925	0.01288	0.01236	0.01314	0.01108	0.00930	0.01361	0.01179	0.01693	0.01964	0.03302	0.01985	0.23075	0.41899	0.00950	0.12692	0.00867	0.00409	0.00643
20	0.01877	0.01802	0.03079	0.04656	0.68612	0.01802	0.02328	0.02328	0.01727	0.02478	0.01427	0.01877	0.01201	0.00676	0.00751	0.00225	0.00901	0.00676	0.00375	0.01201
21	0.01922	0.59235	0.17614	0.01478	0.02225	0.02743	0.01611	0.02299	0.01554	0.01913	0.01118	0.01297	0.00971	0.00664	0.00535	0.00178	0.00876	0.00438	0.00324	0.01004
22	0.01394	0.00711	0.00725	0.00722	0.00899	0.00707	0.00541	0.01747	0.01624	0.02841	0.06403	0.02997	0.02256	0.00924	0.00552	0.00180	0.00354	0.00747	0.72969	0.00707
23	0.01084	0.00813	0.01219	0.01219	0.01354	0.00948	0.00948	0.01354	0.01219	0.01761	0.02032	0.02980	0.01896	0.05689	0.70337	0.01219	0.02032	0.00813	0.00406	0.00677
24	0.00924	0.00660	0.00880	0.01056	0.01100	0.00616	0.00704	0.01056	0.01452	0.01936	0.04181	0.72848	0.05017	0.02376	0.00968	0.00308	0.00440	0.02156	0.00704	0.00616
25	0.03071	0.01400	0.01777	0.01408	0.01964	0.01332	0.01148	0.06847	0.15382	0.52633	0.02954	0.02594	0.01937	0.00956	0.00764	0.00239	0.00646	0.00778	0.00896	0.01273
26	0.01267	0.00846	0.01239	0.01206	0.01370	0.00949	0.00933	0.01524	0.01287	0.07037	0.02128	0.03064	0.01945	0.09251	0.61005	0.01114	0.01847	0.00826	0.00451	0.00713
27	0.01192	0.00822	0.01052	0.01101	0.03726	0.00743	0.00768	0.01452	0.01859	0.07299	0.30109	0.21831	0.21656	0.01766	0.00898	0.00259	0.00426	0.01548	0.00760	0.00733

[dist]
# distance from previous block
# <min> <max>
0	21

[block]
# block no. 5 follows, 26 sequences, length 114
# corresponding to MSA columns:
# 673-786
name=unknown_F
#
# <colnr> <probs for GDERKNQSTAVLIFYWHMCP>
#	G	D	E	R	K	N	Q	S	T	A	V	L	I	F	Y	W	H	M	C	P
0	0.01124	0.00753	0.00970	0.01016	0.01165	0.00687	0.00732	0.01349	0.01751	0.06343	0.23982	0.37916	0.13541	0.01973	0.00927	0.00277	0.00428	0.03616	0.00758	0.00693
1	0.02301	0.01537	0.01727	0.01491	0.01963	0.01676	0.01177	0.03939	0.49464	0.21195	0.03061	0.02762	0.02196	0.01004	0.00769	0.00251	0.00613	0.00832	0.00817	0.01225
2	0.00961	0.00705	0.00954	0.01100	0.01149	0.00698	0.00755	0.01105	0.01424	0.01919	0.03905	0.64942	0.04636	0.02608	0.06573	0.00382	0.02888	0.02000	0.00668	0.00628
3	0.01162	0.00827	0.01136	0.01299	0.01439	0.00819	0.01081	0.01450	0.01651	0.02158	0.03935	0.19514	0.04370	0.06954	0.01224	0.00368	0.00656	0.48605	0.00683	0.00668
4	0.00924	0.00660	0.00880	0.01056	0.01100	0.00616	0.00704	0.01056	0.01452	0.01936	0.04181	0.72848	0.05017	0.02376	0.00968	0.00308	0.00440	0.02156	0.00704	0.00616
5	0.01432	0.01348	0.02275	0.71520	0.05224	0.01685	0.02107	0.01938	0.01517	0.01938	0.01348	0.02022	0.01011	0.00758	0.00758	0.00253	0.01011	0.00674	0.00337	0.00843
6	0.02841	0.03380	0.02170	0.01921	0.02346	0.59568	0.01462	0.12986	0.02373	0.02318	0.01275	0.01439	0.01026	0.00802	0.00696	0.00200	0.01284	0.00519	0.00449	0.00944
