[name]
unknown

[dist]
# distance from previous block
# <min> <max>
0	570

[block]
# block no. 0 follows, 24 sequences, length 28
# corresponding to MSA columns:
# 573-593,601-607
name=unknown_A
#
# <colnr> <probs for GDERKNQSTAVLIFYWHMCP>
#	G	D	E	R	K	N	Q	S	T	A	V	L	I	F	Y	W	H	M	C	P
0	0.02729	0.01761	0.02359	0.02514	0.20154	0.01791	0.01644	0.24322	0.02609	0.22240	0.02345	0.02767	0.01782	0.01001	0.00819	0.00251	0.00822	0.06089	0.00731	0.01269
1	0.01760	0.01683	0.02831	0.31230	0.38264	0.01867	0.02298	0.02237	0.01681	0.02321	0.01431	0.02011	0.01163	0.00782	0.00896	0.00254	0.05132	0.00705	0.00374	0.01081
2	0.02062	0.59008	0.06698	0.01394	0.02050	0.02829	0.01384	0.05997	0.01795	0.02196	0.06914	0.01735	0.01603	0.00781	0.00574	0.00184	0.00823	0.00537	0.00413	0.01021
3	0.01843	0.06619	0.44092	0.01947	0.02866	0.01870	0.02288	0.13647	0.02069	0.03000	0.04580	0.02003	0.01453	0.00840	0.00740	0.00239	0.00995	0.00653	0.07115	0.01139
4	0.02094	0.35321	0.14406	0.01763	0.02472	0.06828	0.08441	0.05090	0.01876	0.06169	0.07122	0.01963	0.01671	0.00811	0.00677	0.00211	0.00944	0.00636	0.00453	0.01053
5	0.01197	0.00929	0.01374	0.01511	0.07099	0.01014	0.01041	0.01485	0.01443	0.02047	0.09387	0.03658	0.05549	0.09019	0.48397	0.00994	0.01666	0.00958	0.00488	0.00744
6	0.01465	0.01374	0.02336	0.61688	0.05035	0.01673	0.04381	0.01964	0.01590	0.02045	0.01676	0.08201	0.01429	0.00936	0.00817	0.00269	0.01015	0.00849	0.00388	0.00867
7	0.01594	0.01516	0.02202	0.50209	0.04413	0.04876	0.01923	0.02242	0.07977	0.02243	0.07281	0.02477	0.01751	0.00929	0.00909	0.00265	0.05061	0.00778	0.00445	0.00907
8	0.01498	0.01409	0.02378	0.70226	0.05462	0.01762	0.02202	0.02026	0.01586	0.02026	0.01409	0.02114	0.01057	0.00793	0.00793	0.00264	0.01057	0.00705	0.00352	0.00881
9	0.00989	0.00783	0.00890	0.00910	0.01115	0.00684	0.00665	0.01220	0.01859	0.02376	0.21849	0.19756	0.40085	0.02006	0.00951	0.00274	0.00406	0.01728	0.00770	0.00684
10	0.01637	0.03809	0.59949	0.02181	0.03265	0.01858	0.02726	0.02719	0.09486	0.02610	0.01643	0.01831	0.01177	0.00793	0.00760	0.00253	0.01106	0.00624	0.00392	0.01182
11	0.00966	0.00690	0.00920	0.01104	0.01150	0.00644	0.00736	0.01104	0.01518	0.02024	0.04371	0.71614	0.05245	0.02484	0.01012	0.00322	0.00460	0.02254	0.00736	0.00644
12	0.00976	0.00750	0.00894	0.00974	0.01124	0.00668	0.00686	0.01169	0.01727	0.02224	0.14094	0.38146	0.29350	0.02185	0.00973	0.00291	0.00426	0.01921	0.00754	0.00668
13	0.01872	0.02139	0.04679	0.03342	0.04144	0.02005	0.64305	0.02540	0.01872	0.02540	0.01604	0.02139	0.01203	0.00668	0.00936	0.00267	0.01337	0.00936	0.00401	0.01070
14	0.02085	0.68042	0.08412	0.01417	0.02128	0.03051	0.01462	0.02384	0.01615	0.01909	0.01124	0.01299	0.01017	0.00683	0.00525	0.00175	0.00870	0.00435	0.00339	0.01028
15	0.01122	0.00756	0.00874	0.00905	0.00913	0.00748	0.00523	0.01145	0.01214	0.01619	0.02812	0.16323	0.03279	0.60457	0.03529	0.00694	0.00717	0.01338	0.00523	0.00508
16	0.01764	0.05896	0.26139	0.02337	0.03025	0.02096	0.16335	0.02594	0.10139	0.02451	0.01598	0.01947	0.01248	0.00926	0.01234	0.00276	0.17774	0.00726	0.00416	0.01080
17	0.01188	0.00809	0.00979	0.01030	0.01080	0.00809	0.00701	0.01289	0.01339	0.01769	0.02969	0.06227	0.03348	0.52797	0.03223	0.00657	0.00758	0.17931	0.00550	0.00550
18	0.01900	0.01873	0.01857	0.03796	0.05253	0.13756	0.01164	0.02236	0.01762	0.02446	0.01379	0.01635	0.01146	0.00643	0.00627	0.00144	0.00777	0.00497	0.00451	0.56656
19	0.02349	0.01523	0.02227	0.01747	0.02275	0.01497	0.12867	0.08765	0.14179	0.23347	0.14698	0.03351	0.05307	0.01095	0.00855	0.00255	0.00742	0.00985	0.00794	0.01143
20	0.18313	0.01797	0.01958	0.01531	0.02130	0.01899	0.01264	0.32119	0.02770	0.25211	0.02142	0.02039	0.01450	0.00918	0.00733	0.00242	0.00755	0.00684	0.00794	0.01250
21	0.02680	0.01921	0.02047	0.01613	0.02155	0.02116	0.01318	0.50050	0.06246	0.04539	0.02093	0.02149	0.01526	0.00953	0.00749	0.00230	0.00768	0.00727	0.14891	0.01231
22	0.02104	0.02075	0.03707	0.02742	0.03379	0.02156	0.38598	0.15784	0.06216	0.03029	0.01696	0.02087	0.01290	0.00850	0.01119	0.00272	0.10427	0.00854	0.00503	0.01114
23	0.01699	0.01545	0.02607	0.31634	0.29455	0.01686	0.05070	0.02190	0.01698	0.02400	0.01608	0.02167	0.01274	0.00770	0.00765	0.00242	0.00933	0.00721	0.10515	0.01021
24	0.01015	0.00794	0.00920	0.00915	0.01126	0.00698	0.00676	0.01278	0.01951	0.02546	0.31252	0.14134	0.36048	0.01906	0.00945	0.00266	0.00397	0.01642	0.00791	0.00698
25	0.01802	0.01490	0.02233	0.27705	0.18359	0.01656	0.01798	0.02618	0.14327	0.06934	0.07697	0.02657	0.02040	0.00920	0.00796	0.00252	0.00829	0.00815	0.04017	0.01055
26	0.01399	0.01223	0.02158	0.01852	0.02207	0.01169	0.18554	0.01850	0.01955	0.02643	0.20843	0.06225	0.04445	0.01612	0.01007	0.00306	0.00799	0.28245	0.00679	0.00829
27	0.03014	0.02221	0.02380	0.01825	0.02459	0.02459	0.01507	0.64541	0.03728	0.04998	0.01904	0.01904	0.01349	0.00952	0.00793	0.00238	0.00873	0.00714	0.00793	0.01349

[dist]
# distance from previous block
# <min> <max>
0	1

[block]
# block no. 1 follows, 24 sequences, length 18
# corresponding to MSA columns:
# 609-626
name=unknown_B
#
# <colnr> <probs for GDERKNQSTAVLIFYWHMCP>
#	G	D	E	R	K	N	Q	S	T	A	V	L	I	F	Y	W	H	M	C	P
0	0.05525	0.01575	0.01916	0.04078	0.08457	0.01438	0.01233	0.13369	0.02051	0.06881	0.01713	0.04603	0.01406	0.00778	0.00676	0.00178	0.00691	0.00634	0.00558	0.42240
1	0.02120	0.72609	0.04155	0.01357	0.02035	0.03138	0.01357	0.02374	0.01611	0.01866	0.01102	0.01272	0.01018	0.00678	0.00509	0.00170	0.00848	0.00424	0.00339	0.01018
2	0.64276	0.01538	0.01437	0.04257	0.01869	0.01733	0.03767	0.02465	0.01466	0.09235	0.01323	0.01490	0.00983	0.00758	0.00552	0.00247	0.00671	0.00497	0.00525	0.00913
3	0.02406	0.02893	0.02630	0.17472	0.03340	0.40408	0.10532	0.02746	0.01983	0.02042	0.01309	0.01702	0.01056	0.00826	0.00880	0.00235	0.05597	0.00625	0.00391	0.00929
4	0.01136	0.00837	0.01212	0.01212	0.01333	0.00958	0.00914	0.01376	0.01256	0.01795	0.02181	0.03429	0.02119	0.15958	0.59164	0.01198	0.01919	0.00896	0.00433	0.00674
5	0.01007	0.00788	0.00913	0.00919	0.01124	0.00694	0.00675	0.01260	0.01918	0.02493	0.28342	0.16916	0.36232	0.01944	0.00948	0.00270	0.00401	0.01678	0.00785	0.00694
6	0.01152	0.00837	0.00982	0.00946	0.01192	0.00738	0.00724	0.01438	0.02011	0.05589	0.32031	0.06764	0.35963	0.01810	0.00938	0.00264	0.00420	0.04662	0.00804	0.00736
7	0.02835	0.01258	0.01653	0.01334	0.01831	0.01146	0.01076	0.03344	0.08388	0.46411	0.18032	0.03479	0.03299	0.01140	0.00831	0.00249	0.00600	0.00956	0.00939	0.01200
8	0.10301	0.01705	0.01837	0.01551	0.02067	0.01878	0.01239	0.14160	0.36247	0.16149	0.02764	0.02557	0.01989	0.01001	0.00770	0.00257	0.00677	0.00798	0.00806	0.01248
9	0.65306	0.01503	0.01279	0.01104	0.01616	0.01676	0.00910	0.02588	0.01504	0.14309	0.01443	0.01525	0.01044	0.00777	0.00542	0.00245	0.00624	0.00491	0.00573	0.00941
10	0.01552	0.01285	0.01612	0.12924	0.02334	0.01436	0.01290	0.02695	0.27377	0.02896	0.19194	0.04649	0.03861	0.01368	0.00889	0.00281	0.00654	0.12002	0.00734	0.00969
11	0.01273	0.00993	0.01361	0.01331	0.01524	0.01156	0.01035	0.01885	0.12076	0.02088	0.02309	0.03089	0.02056	0.05131	0.57567	0.01106	0.01873	0.00857	0.00489	0.00800
12	0.01833	0.01491	0.01851	0.12819	0.02545	0.01324	0.01218	0.08546	0.01873	0.05159	0.01524	0.01789	0.01202	0.00674	0.00651	0.00159	0.00699	0.00547	0.00503	0.53593
13	0.01620	0.01409	0.01767	0.12743	0.02479	0.01175	0.01151	0.02002	0.01635	0.02491	0.01409	0.01723	0.01155	0.00622	0.00622	0.00142	0.00666	0.00509	0.00450	0.64230
14	0.01831	0.01388	0.01876	0.16879	0.02690	0.01493	0.04139	0.18162	0.02233	0.06237	0.03200	0.16972	0.08630	0.01466	0.00896	0.00281	0.00781	0.09234	0.00662	0.00950
15	0.01370	0.01044	0.01185	0.01063	0.01356	0.01005	0.00821	0.11924	0.02329	0.03095	0.33884	0.05890	0.28713	0.01654	0.00912	0.00254	0.00468	0.01403	0.00808	0.00819
16	0.01757	0.01674	0.02847	0.33767	0.39893	0.01830	0.02331	0.02253	0.01708	0.02341	0.01455	0.02030	0.01168	0.00745	0.00788	0.00248	0.00993	0.00706	0.00375	0.01090
17	0.01566	0.01021	0.01167	0.01044	0.01305	0.01032	0.00806	0.12183	0.02286	0.03405	0.33027	0.04193	0.04512	0.01261	0.00776	0.00224	0.00456	0.01066	0.27824	0.00846

[dist]
# distance from previous block
# <min> <max>
0	10

[block]
# block no. 2 follows, 24 sequences, length 66
# corresponding to MSA columns:
# 637-702
name=unknown_C
#
# <colnr> <probs for GDERKNQSTAVLIFYWHMCP>
#	G	D	E	R	K	N	Q	S	T	A	V	L	I	F	Y	W	H	M	C	P
0	0.01601	0.03609	0.55559	0.11121	0.03618	0.01839	0.02737	0.02547	0.05405	0.02495	0.01527	0.01807	0.01094	0.00777	0.00762	0.00254	0.01125	0.00620	0.00365	0.01139
1	0.01525	0.01427	0.02344	0.66218	0.05263	0.01774	0.02147	0.02154	0.05333	0.02101	0.01516	0.02163	0.01137	0.00809	0.00794	0.00265	0.01032	0.00716	0.00379	0.00903
2	0.14907	0.01306	0.01776	0.20020	0.02640	0.01633	0.01424	0.01833	0.01352	0.02191	0.01541	0.02348	0.01385	0.06525	0.20474	0.00592	0.16126	0.00721	0.00404	0.00802
3	0.01164	0.00746	0.00981	0.01089	0.01193	0.00693	0.00753	0.01354	0.01659	0.06055	0.11893	0.55783	0.05155	0.02206	0.00965	0.00301	0.00457	0.01986	0.04862	0.00703
4	0.02111	0.54375	0.09250	0.01507	0.02185	0.07068	0.01492	0.02644	0.08884	0.02089	0.01377	0.01507	0.01175	0.00738	0.00576	0.00190	0.00888	0.00497	0.00396	0.01051
5	0.02906	0.01553	0.01812	0.01426	0.01956	0.01570	0.01166	0.26656	0.02698	0.29894	0.02544	0.02450	0.01743	0.00958	0.00744	0.00230	0.00685	0.00753	0.17040	0.01219
6	0.11028	0.03211	0.43016	0.02197	0.03140	0.01844	0.11549	0.02431	0.01637	0.02616	0.01389	0.01697	0.01028	0.00763	0.00838	0.00250	0.04848	0.00617	0.00372	0.05530
7	0.01399	0.00936	0.01153	0.01043	0.01307	0.00868	0.00799	0.05306	0.02250	0.08418	0.46518	0.05748	0.17998	0.01603	0.00916	0.00252	0.00433	0.01385	0.00851	0.00818
8	0.01272	0.00885	0.01229	0.01140	0.01364	0.00814	0.03328	0.01615	0.02096	0.06683	0.46268	0.13820	0.10048	0.01702	0.00945	0.00266	0.00460	0.04463	0.00829	0.00778
9	0.01948	0.31483	0.04095	0.09105	0.09576	0.02443	0.25955	0.02411	0.01729	0.02214	0.01365	0.01757	0.01117	0.00688	0.00729	0.00223	0.01067	0.00677	0.00370	0.01048
10	0.01207	0.00780	0.00966	0.01031	0.01114	0.00741	0.00685	0.01319	0.01456	0.05700	0.03788	0.33816	0.07996	0.29573	0.02182	0.00491	0.00606	0.05269	0.00650	0.00628
11	0.01456	0.01752	0.16713	0.01658	0.02159	0.01178	0.09622	0.01938	0.01889	0.06718	0.20371	0.15003	0.08319	0.01469	0.00911	0.00274	0.00745	0.06271	0.00654	0.00901
12	0.01234	0.00855	0.00990	0.00974	0.01196	0.00785	0.00745	0.01515	0.01746	0.02482	0.13796	0.05738	0.18390	0.10802	0.01256	0.00317	0.00512	0.11927	0.17758	0.06984
13	0.00966	0.00690	0.00920	0.01104	0.01150	0.00644	0.00736	0.01104	0.01518	0.02024	0.04371	0.71614	0.05245	0.02484	0.01012	0.00322	0.00460	0.02254	0.00736	0.00644
14	0.24003	0.01933	0.01968	0.01561	0.02145	0.02139	0.01285	0.39333	0.05737	0.09697	0.01840	0.01844	0.01310	0.00899	0.00709	0.00242	0.00772	0.00649	0.00724	0.01207
15	0.02118	0.20874	0.33307	0.01878	0.02740	0.02210	0.02107	0.10538	0.01960	0.09363	0.01560	0.01710	0.01153	0.00815	0.00792	0.00233	0.04435	0.00588	0.00462	0.01159
16	0.08363	0.66740	0.03908	0.01331	0.01994	0.03026	0.01316	0.02371	0.01590	0.02005	0.01103	0.01273	0.01005	0.00683	0.00507	0.00176	0.00829	0.00424	0.00352	0.01005
17	0.01133	0.00802	0.01021	0.01018	0.01093	0.00844	0.00687	0.01267	0.01289	0.01767	0.06123	0.04596	0.05967	0.40782	0.27325	0.00900	0.01222	0.01084	0.00494	0.00587
18	0.61663	0.01836	0.06845	0.01246	0.01812	0.01873	0.01115	0.10491	0.01688	0.03660	0.01235	0.01401	0.00935	0.00766	0.00552	0.00245	0.00693	0.00480	0.00517	0.00949
19	0.01963	0.01884	0.03219	0.04867	0.67185	0.01884	0.02434	0.02434	0.01806	0.02591	0.01492	0.01963	0.01256	0.00707	0.00785	0.00236	0.00942	0.00707	0.00393	0.01256
20	0.01018	0.00728	0.00938	0.01073	0.01142	0.00685	0.00730	0.01170	0.01549	0.02058	0.08047	0.51555	0.08355	0.11507	0.01405	0.00376	0.00509	0.05808	0.00710	0.00636
21	0.03342	0.01286	0.01726	0.01341	0.01910	0.01121	0.01102	0.03655	0.02207	0.61018	0.03072	0.02726	0.01970	0.00976	0.00772	0.00239	0.00643	0.00791	0.08814	0.01286
22	0.01083	0.00759	0.00866	0.00901	0.00952	0.00729	0.00549	0.01141	0.01326	0.01726	0.03730	0.18313	0.13424	0.47718	0.02968	0.00604	0.00652	0.01446	0.00570	0.00542
23	0.00966	0.00690	0.00920	0.01104	0.01150	0.00644	0.00736	0.01104	0.01518	0.02024	0.04371	0.71614	0.05245	0.02484	0.01012	0.00322	0.00460	0.02254	0.00736	0.00644
24	0.09462	0.01631	0.03136	0.06488	0.03123	0.01590	0.36408	0.02090	0.01703	0.02472	0.02307	0.21287	0.02278	0.01186	0.00902	0.00280	0.01002	0.01235	0.00500	0.00919
25	0.02570	0.10007	0.05998	0.01529	0.02060	0.05214	0.01341	0.09341	0.05323	0.28106	0.02816	0.08031	0.02334	0.01217	0.00818	0.00259	0.00778	0.10377	0.00752	0.01127
26	0.02120	0.72609	0.04155	0.01357	0.02035	0.03138	0.01357	0.02374	0.01611	0.01866	0.01102	0.01272	0.01018	0.00678	0.00509	0.00170	0.00848	0.00424	0.00339	0.01018
27	0.01498	0.01409	0.02378	0.70226	0.05462	0.01762	0.02202	0.02026	0.01586	0.02026	0.01409	0.02114	0.01057	0.00793	0.00793	0.00264	0.01057	0.00705	0.00352	0.00881
28	0.02442	0.01937	0.02058	0.01709	0.02241	0.02192	0.01369	0.31426	0.37775	0.04075	0.02630	0.02483	0.01937	0.01020	0.00801	0.00255	0.00738	0.00814	0.00801	0.01297
29	0.01010	0.00770	0.00929	0.00966	0.01135	0.00688	0.00695	0.01251	0.01866	0.02462	0.27070	0.27338	0.26898	0.02026	0.00960	0.00279	0.00411	0.01775	0.00783	0.00688
30	0.02894	0.02006	0.14519	0.01651	0.02342	0.01524	0.01566	0.13057	0.05499	0.38668	0.02673	0.02731	0.01848	0.01004	0.00805	0.00253	0.00801	0.04075	0.00806	0.01277
31	0.01146	0.00766	0.00867	0.00874	0.00876	0.00764	0.00491	0.01151	0.01168	0.01557	0.02573	0.07844	0.02977	0.69348	0.03915	0.00751	0.00756	0.01197	0.00491	0.00487
32	0.01735	0.01735	0.02429	0.02082	0.02082	0.02429	0.01735	0.01908	0.01214	0.01908	0.01041	0.01735	0.01041	0.01388	0.02602	0.00347	0.70680	0.00694	0.00347	0.00867
33	0.03558	0.01350	0.01840	0.01411	0.02024	0.01166	0.01166	0.03865	0.02270	0.67734	0.03128	0.02699	0.01963	0.00981	0.00797	0.00245	0.00675	0.00797	0.00981	0.01350
34	0.08007	0.01434	0.01753	0.10265	0.02338	0.01288	0.01152	0.02116	0.01620	0.05774	0.01449	0.01733	0.01165	0.00689	0.00725	0.00166	0.04441	0.00526	0.00475	0.52882
35	0.01232	0.01009	0.01327	0.01316	0.01472	0.04693	0.01021	0.01511	0.01327	0.01846	0.02075	0.03023	0.01930	0.05668	0.65270	0.01216	0.02086	0.00831	0.00424	0.00720
36	0.77733	0.01534	0.01166	0.01043	0.01534	0.01779	0.00859	0.02331	0.01350	0.03558	0.01104	0.01288	0.00859	0.00736	0.00491	0.00245	0.00613	0.00429	0.00491	0.00859
37	0.01998	0.01729	0.01917	0.02103	0.13973	0.08588	0.01350	0.03097	0.29148	0.06758	0.02579	0.03191	0.02178	0.14562	0.01417	0.00353	0.00802	0.02559	0.00635	0.01064
38	0.01735	0.01735	0.02429	0.02082	0.02082	0.02429	0.01735	0.01908	0.01214	0.01908	0.01041	0.01735	0.01041	0.01388	0.02602	0.00347	0.70680	0.00694	0.00347	0.00867
39	0.01597	0.01893	0.16983	0.01653	0.02114	0.01536	0.01570	0.02461	0.15921	0.05575	0.02170	0.02612	0.01776	0.03027	0.28996	0.00684	0.07156	0.00784	0.00511	0.00983
40	0.02691	0.05286	0.02394	0.10955	0.06312	0.21766	0.01616	0.25666	0.05782	0.07350	0.01728	0.01873	0.01288	0.00875	0.00759	0.00231	0.01039	0.00655	0.00595	0.01139
41	0.01255	0.00985	0.01167	0.01165	0.01404	0.00983	0.00905	0.01921	0.14115	0.02714	0.24125	0.13080	0.18896	0.01793	0.00947	0.00285	0.00500	0.12153	0.00791	0.00814
42	0.01525	0.01438	0.02429	0.66313	0.09156	0.01769	0.02216	0.02050	0.01599	0.02060	0.01414	0.02105	0.01069	0.00788	0.00792	0.00263	0.01050	0.00705	0.00355	0.00903
43	0.00940	0.00792	0.00815	0.00835	0.01079	0.00667	0.00616	0.01135	0.01777	0.02130	0.07654	0.14264	0.60476	0.02058	0.00945	0.00273	0.00408	0.01734	0.00736	0.00667
44	0.01644	0.01409	0.01644	0.01175	0.01879	0.01057	0.00940	0.01997	0.01644	0.02584	0.01409	0.01644	0.01175	0.00587	0.00587	0.00117	0.00587	0.00470	0.00470	0.76979
45	0.01994	0.01818	0.02715	0.09202	0.40584	0.01934	0.02041	0.06813	0.18996	0.02891	0.01975	0.02238	0.01557	0.00828	0.00792	0.00247	0.00863	0.00758	0.00525	0.01231
46	0.01318	0.00809	0.00932	0.00902	0.00944	0.00796	0.00527	0.01339	0.01230	0.06073	0.02542	0.05019	0.02820	0.67257	0.03814	0.00733	0.00762	0.01129	0.00515	0.00540
47	0.77733	0.01534	0.01166	0.01043	0.01534	0.01779	0.00859	0.02331	0.01350	0.03558	0.01104	0.01288	0.00859	0.00736	0.00491	0.00245	0.00613	0.00429	0.00491	0.00859
48	0.01498	0.01409	0.02378	0.70226	0.05462	0.01762	0.02202	0.02026	0.01586	0.02026	0.01409	0.02114	0.01057	0.00793	0.00793	0.00264	0.01057	0.00705	0.00352	0.00881
49	0.02575	0.42934	0.03230	0.01426	0.02069	0.02472	0.01311	0.08029	0.06032	0.20119	0.01854	0.01819	0.01391	0.00809	0.00630	0.00202	0.00789	0.00579	0.00581	0.01150
50	0.01191	0.00868	0.01167	0.01326	0.01501	0.00844	0.01115	0.01503	0.01781	0.02295	0.04724	0.17348	0.12814	0.02207	0.01063	0.00346	0.00650	0.45815	0.00732	0.00710
51	0.02436	0.01356	0.01648	0.01391	0.01849	0.01364	0.01104	0.03458	0.25247	0.29885	0.17486	0.03519	0.03371	0.01160	0.00832	0.00255	0.00590	0.00977	0.00894	0.01180
52	0.01133	0.00850	0.01274	0.01274	0.01416	0.00991	0.00991	0.01416	0.01274	0.01841	0.02124	0.03115	0.01982	0.05947	0.68989	0.01274	0.02124	0.00850	0.00425	0.00708
53	0.01706	0.02433	0.21042	0.02236	0.02632	0.02229	0.07237	0.02130	0.01398	0.02130	0.01195	0.01751	0.01044	0.01150	0.01945	0.00313	0.45427	0.00684	0.00348	0.00970
54	0.01674	0.01524	0.02372	0.44605	0.13794	0.01692	0.01975	0.05458	0.01744	0.02369	0.01448	0.01997	0.01123	0.00752	0.00755	0.00233	0.00947	0.00664	0.00403	0.14471
55	0.18968	0.02602	0.25988	0.01890	0.04296	0.01881	0.04931	0.09174	0.13185	0.03155	0.01731	0.01868	0.01284	0.00813	0.00709	0.00245	0.00889	0.00633	0.00513	0.05245
56	0.02322	0.05015	0.02184	0.10780	0.02671	0.26534	0.01522	0.06637	0.25251	0.02614	0.02001	0.02110	0.01553	0.00939	0.00849	0.00243	0.04460	0.00693	0.00561	0.01061
57	0.01478	0.00739	0.00739	0.00739	0.00924	0.00739	0.00554	0.01848	0.01663	0.02956	0.02587	0.02956	0.02033	0.00924	0.00554	0.00185	0.00370	0.00739	0.76534	0.00739
58	0.01863	0.39379	0.35134	0.01795	0.02713	0.02509	0.02120	0.02441	0.01642	0.02179	0.01258	0.01467	0.01011	0.00715	0.00627	0.00209	0.01005	0.00503	0.00337	0.01092
59	0.01041	0.00743	0.01006	0.01189	0.01268	0.00708	0.00866	0.01233	0.01592	0.02108	0.04330	0.56630	0.05082	0.02414	0.01032	0.00332	0.00525	0.16503	0.00735	0.00665
60	0.01100	0.00803	0.01139	0.01205	0.01311	0.00867	0.00898	0.01324	0.01378	0.01909	0.02960	0.23026	0.03193	0.10579	0.38482	0.00887	0.01420	0.06308	0.00542	0.00672
61	0.01414	0.00880	0.01125	0.01024	0.01278	0.00791	0.00782	0.01755	0.02185	0.11482	0.49953	0.05748	0.15334	0.01593	0.00918	0.00252	0.00417	0.01385	0.00867	0.00816
62	0.30243	0.01291	0.01409	0.01179	0.01647	0.01293	0.00955	0.02745	0.01926	0.29007	0.17314	0.02937	0.02852	0.01041	0.00717	0.00246	0.00582	0.00812	0.00776	0.01028
63	0.16948	0.01446	0.01677	0.01343	0.01890	0.01429	0.01099	0.09726	0.06226	0.39929	0.02589	0.02393	0.01730	0.00934	0.00721	0.00241	0.00656	0.00722	0.07098	0.01202
64	0.09084	0.02076	0.02354	0.02113	0.10337	0.02262	0.01549	0.48457	0.03216	0.07986	0.01853	0.01903	0.01330	0.00905	0.00768	0.00239	0.00849	0.00694	0.00729	0.01297
65	0.34524	0.25575	0.02422	0.01324	0.01899	0.05919	0.01164	0.10619	0.01847	0.06574	0.01325	0.01448	0.01045	0.00763	0.00565	0.00217	0.00773	0.00489	0.00502	0.01006

[dist]
# distance from previous block
# <min> <max>
0	15

[block]
# block no. 3 follows, 24 sequences, length 21
# corresponding to MSA columns:
# 718-738
name=unknown_D
#
# <colnr> <probs for GDERKNQSTAVLIFYWHMCP>
#	G	D	E	R	K	N	Q	S	T	A	V	L	I	F	Y	W	H	M	C	P
0	0.15414	0.02124	0.01926	0.01582	0.02115	0.13781	0.01262	0.26486	0.04533	0.07902	0.01872	0.06136	0.01507	0.00954	0.00720	0.00227	0.00850	0.00711	0.00648	0.09248
1	0.01820	0.15816	0.41239	0.02282	0.03252	0.06300	0.13609	0.02533	0.01734	0.02367	0.01387	0.01672	0.01044	0.00729	0.00741	0.00237	0.01161	0.00616	0.00352	0.01110
2	0.01020	0.00799	0.00923	0.00907	0.01126	0.00702	0.00675	0.01292	0.01980	0.02587	0.33428	0.11001	0.36988	0.01870	0.00941	0.00263	0.00393	0.01606	0.00796	0.00702
3	0.01180	0.00912	0.01336	0.01309	0.01431	0.01087	0.01015	0.01436	0.01262	0.01826	0.02066	0.03146	0.01970	0.09956	0.59619	0.01170	0.07294	0.00858	0.00423	0.00705
4	0.01498	0.01409	0.02378	0.70226	0.05462	0.01762	0.02202	0.02026	0.01586	0.02026	0.01409	0.02114	0.01057	0.00793	0.00793	0.00264	0.01057	0.00705	0.00352	0.00881
5	0.01027	0.00759	0.00915	0.00966	0.01091	0.00695	0.00663	0.01211	0.01694	0.02237	0.19315	0.29705	0.20289	0.13990	0.01489	0.00368	0.00479	0.01738	0.00724	0.00646
6	0.02837	0.14164	0.02547	0.01924	0.02389	0.54500	0.01504	0.07125	0.02249	0.02133	0.01252	0.01437	0.01043	0.00805	0.00689	0.00201	0.01304	0.00511	0.00424	0.00963
7	0.00966	0.00690	0.00920	0.01104	0.01150	0.00644	0.00736	0.01104	0.01518	0.02024	0.04371	0.71614	0.05245	0.02484	0.01012	0.00322	0.00460	0.02254	0.00736	0.00644
8	0.01937	0.48966	0.26197	0.01669	0.02517	0.02690	0.01900	0.02422	0.01633	0.02088	0.01213	0.01411	0.01013	0.00704	0.00593	0.00198	0.00960	0.00480	0.00338	0.01071
9	0.01773	0.02830	0.26989	0.02961	0.03894	0.01948	0.42689	0.02530	0.01802	0.02530	0.01540	0.01975	0.01133	0.00698	0.00872	0.00262	0.01279	0.00813	0.00378	0.01106
10	0.77733	0.01534	0.01166	0.01043	0.01534	0.01779	0.00859	0.02331	0.01350	0.03558	0.01104	0.01288	0.00859	0.00736	0.00491	0.00245	0.00613	0.00429	0.00491	0.00859
11	0.01661	0.01631	0.02847	0.43567	0.04624	0.01853	0.17103	0.02484	0.11432	0.02347	0.01734	0.02249	0.01300	0.00806	0.00830	0.00266	0.01059	0.00790	0.00433	0.00984
12	0.01152	0.00773	0.00886	0.00886	0.00893	0.00780	0.00506	0.01166	0.01159	0.01553	0.02480	0.05084	0.02837	0.68785	0.07320	0.00794	0.00837	0.01138	0.00478	0.00492
13	0.01707	0.01394	0.01623	0.11124	0.02230	0.05808	0.01268	0.15573	0.02228	0.02909	0.12234	0.20666	0.03711	0.01616	0.00917	0.00285	0.00737	0.12395	0.00692	0.00883
14	0.10066	0.02081	0.14982	0.01772	0.02489	0.01611	0.07388	0.08707	0.07026	0.32238	0.02357	0.02260	0.01579	0.00889	0.00772	0.00250	0.00841	0.00734	0.00724	0.01234
15	0.17372	0.01477	0.01604	0.01203	0.01853	0.01293	0.00973	0.05804	0.01752	0.07919	0.01508	0.01668	0.01181	0.00669	0.00596	0.00160	0.00616	0.00501	0.00532	0.51320
16	0.01083	0.00739	0.00977	0.01073	0.01167	0.00700	0.00760	0.01176	0.01527	0.02009	0.08243	0.36237	0.13824	0.02544	0.04493	0.15287	0.00586	0.06316	0.00654	0.00606
17	0.02084	0.02286	0.14187	0.02040	0.02792	0.01884	0.14393	0.18774	0.11417	0.03295	0.01840	0.02006	0.01374	0.00798	0.00773	0.00225	0.00923	0.00710	0.00564	0.17635
18	0.01644	0.01033	0.01232	0.01174	0.01413	0.01045	0.00854	0.02247	0.14699	0.12317	0.06027	0.21110	0.07330	0.14345	0.04675	0.00409	0.00648	0.01328	0.05607	0.00862
19	0.02079	0.14538	0.11379	0.02023	0.02643	0.08639	0.12687	0.06524	0.04887	0.04977	0.01503	0.01784	0.01196	0.00845	0.01008	0.00233	0.11626	0.00646	0.00450	0.10333
20	0.02221	0.10759	0.02086	0.01482	0.01966	0.01877	0.01259	0.30031	0.02616	0.03589	0.02339	0.03400	0.02054	0.01141	0.00768	0.00239	0.00745	0.13120	0.12242	0.06067

[dist]
# distance from previous block
# <min> <max>
1	21

[block]
# block no. 4 follows, 24 sequences, length 32
# corresponding to MSA columns:
# 760-791
name=unknown_E
#
# <colnr> <probs for GDERKNQSTAVLIFYWHMCP>
#	G	D	E	R	K	N	Q	S	T	A	V	L	I	F	Y	W	H	M	C	P
0	0.20679	0.02060	0.14595	0.01751	0.06285	0.01639	0.01552	0.10313	0.02079	0.28409	0.02071	0.02026	0.01399	0.00858	0.00715	0.00245	0.00796	0.00653	0.00681	0.01192
1	0.10548	0.01071	0.01340	0.01338	0.05516	0.01018	0.00947	0.02185	0.01906	0.19640	0.17503	0.16913	0.08853	0.01446	0.00828	0.00258	0.00533	0.01238	0.05995	0.00922
2	0.02830	0.03149	0.02150	0.01911	0.02356	0.48167	0.01458	0.07618	0.13563	0.06648	0.01749	0.01815	0.01352	0.00883	0.00742	0.00221	0.01201	0.00611	0.00542	0.01036
3	0.01458	0.01096	0.01634	0.01884	0.15433	0.01063	0.04766	0.01869	0.01946	0.02946	0.28818	0.03922	0.04070	0.01150	0.00784	0.00227	0.00551	0.01031	0.24480	0.00873
4	0.01023	0.00801	0.00926	0.00908	0.01127	0.00704	0.00676	0.01299	0.01991	0.02607	0.34518	0.10301	0.36568	0.01858	0.00940	0.00262	0.00392	0.01596	0.00798	0.00704
5	0.02265	0.01812	0.10222	0.06014	0.08068	0.01498	0.11084	0.07001	0.03814	0.22305	0.14649	0.02970	0.02655	0.00996	0.00838	0.00251	0.00834	0.00900	0.00692	0.01132
6	0.01014	0.00732	0.00960	0.01060	0.01158	0.00678	0.00735	0.01228	0.01756	0.02391	0.24073	0.48799	0.08070	0.02197	0.00985	0.00297	0.00431	0.01977	0.00779	0.00678
7	0.02879	0.07518	0.02236	0.01751	0.02245	0.32977	0.01386	0.18699	0.02536	0.11637	0.01754	0.01832	0.01312	0.00873	0.00719	0.00214	0.01062	0.00613	0.06676	0.01079
8	0.01619	0.01448	0.02007	0.06138	0.02337	0.01193	0.08519	0.02023	0.01715	0.02588	0.06668	0.02078	0.01675	0.00694	0.00670	0.00156	0.00691	0.00618	0.00486	0.56676
9	0.01664	0.01078	0.01276	0.01145	0.01456	0.01057	0.00883	0.06432	0.10260	0.11463	0.29075	0.08692	0.14224	0.01484	0.00870	0.00253	0.00488	0.01270	0.06017	0.00913
10	0.01703	0.01702	0.02505	0.02113	0.02178	0.02301	0.05988	0.01918	0.01264	0.01947	0.01154	0.01857	0.01116	0.01650	0.07026	0.00405	0.61224	0.00721	0.00356	0.00870
11	0.01935	0.01939	0.03615	0.02611	0.03331	0.01819	0.41059	0.10231	0.02026	0.02806	0.01654	0.02181	0.01307	0.04538	0.01020	0.00263	0.01107	0.00832	0.00468	0.15258
12	0.01026	0.00733	0.00989	0.01173	0.01245	0.00696	0.00841	0.01208	0.01577	0.02092	0.04337	0.59526	0.05113	0.02428	0.01028	0.00330	0.00512	0.13749	0.00735	0.00661
13	0.01615	0.00947	0.01216	0.01214	0.01432	0.00907	0.00882	0.02044	0.08924	0.15530	0.09447	0.44278	0.04462	0.01948	0.00939	0.00294	0.00515	0.01737	0.00806	0.00864
14	0.33898	0.01636	0.01656	0.01363	0.01908	0.01769	0.01115	0.14616	0.10694	0.20831	0.02076	0.02002	0.01453	0.00887	0.00671	0.00247	0.00680	0.00643	0.00720	0.01134
15	0.01834	0.00972	0.01263	0.01098	0.01424	0.00864	0.00856	0.02166	0.02197	0.22535	0.40104	0.05167	0.13350	0.01477	0.00894	0.00251	0.00468	0.01272	0.00888	0.00920
16	0.71990	0.01519	0.01218	0.01071	0.01572	0.01731	0.00883	0.02450	0.01421	0.08527	0.01261	0.01397	0.00944	0.00755	0.00514	0.00245	0.00618	0.00458	0.00529	0.00897
17	0.18979	0.01656	0.01349	0.01213	0.01585	0.14279	0.00944	0.02655	0.06917	0.11142	0.02116	0.02260	0.01599	0.00881	0.00622	0.00216	0.00688	0.00646	0.29334	0.00919
18	0.01651	0.27634	0.32526	0.01660	0.02484	0.02073	0.01926	0.02198	0.01678	0.02212	0.02585	0.02681	0.13712	0.00969	0.00703	0.00226	0.00909	0.00739	0.00414	0.01021
19	0.02301	0.46017	0.03642	0.01914	0.07306	0.19223	0.05165	0.02584	0.01799	0.01980	0.01192	0.01415	0.01048	0.00714	0.00606	0.00189	0.01028	0.00497	0.00364	0.01015
20	0.77733	0.01534	0.01166	0.01043	0.01534	0.01779	0.00859	0.02331	0.01350	0.03558	0.01104	0.01288	0.00859	0.00736	0.00491	0.00245	0.00613	0.00429	0.00491	0.00859
21	0.01414	0.01608	0.14120	0.05026	0.01952	0.01176	0.01286	0.02081	0.10009	0.05281	0.26690	0.04575	0.12976	0.07017	0.01119	0.00297	0.00644	0.01149	0.00686	0.00893
22	0.01097	0.00810	0.01025	0.00972	0.01169	0.00738	0.00729	0.01448	0.02186	0.03040	0.58872	0.06153	0.15463	0.01673	0.00936	0.00252	0.00378	0.01466	0.00855	0.00738
23	0.01573	0.03068	0.42173	0.23569	0.03961	0.01864	0.02606	0.02311	0.01610	0.02311	0.01388	0.01817	0.01024	0.00817	0.00914	0.00263	0.06703	0.00632	0.00341	0.01056
24	0.01248	0.00804	0.00998	0.01093	0.01211	0.00798	0.00833	0.01491	0.01576	0.02250	0.03425	0.15689	0.03655	0.19360	0.01690	0.00418	0.00617	0.23900	0.18287	0.00658
25	0.01269	0.00742	0.01033	0.01033	0.01061	0.00769	0.00690	0.01140	0.01113	0.01511	0.01829	0.03310	0.01908	0.22422	0.16066	0.41421	0.00988	0.00847	0.00397	0.00452
26	0.02120	0.72609	0.04155	0.01357	0.02035	0.03138	0.01357	0.02374	0.01611	0.01866	0.01102	0.01272	0.01018	0.00678	0.00509	0.00170	0.00848	0.00424	0.00339	0.01018
27	0.02753	0.02473	0.02209	0.01808	0.02359	0.18617	0.01440	0.35983	0.13667	0.03835	0.01933	0.01951	0.01439	0.00920	0.00765	0.00228	0.00953	0.00682	0.00684	0.05301
28	0.01498	0.01409	0.02378	0.70226	0.05462	0.01762	0.02202	0.02026	0.01586	0.02026	0.01409	0.02114	0.01057	0.00793	0.00793	0.00264	0.01057	0.00705	0.00352	0.00881
29	0.02660	0.02126	0.02337	0.01854	0.02430	0.07646	0.06430	0.35858	0.15864	0.08151	0.02414	0.02375	0.04157	0.00987	0.00807	0.00245	0.00875	0.00795	0.00743	0.01245
30	0.07780	0.01669	0.02807	0.18941	0.03484	0.01643	0.22037	0.02206	0.01667	0.02489	0.01437	0.01897	0.01125	0.00702	0.00808	0.00220	0.03172	0.00684	0.00416	0.24816
31	0.01980	0.24890	0.10579	0.02084	0.05206	0.02222	0.16116	0.02786	0.13486	0.05745	0.05845	0.02214	0.01774	0.00832	0.00741	0.00231	0.00923	0.00740	0.00506	0.01099

[dist]
# distance from previous block
# <min> <max>
7	34

[block]
# block no. 5 follows, 24 sequences, length 57
# corresponding to MSA columns:
# 830-886
name=unknown_F
#
# <colnr> <probs for GDERKNQSTAVLIFYWHMCP>
#	G	D	E	R	K	N	Q	S	T	A	V	L	I	F	Y	W	H	M	C	P
0	0.10055	0.04178	0.01896	0.01940	0.13224	0.11917	0.03484	0.02144	0.01606	0.06497	0.01868	0.02991	0.01799	0.26676	0.01908	0.00418	0.00893	0.00799	0.00479	0.05228
1	0.13810	0.25715	0.02814	0.05905	0.02354	0.02138	0.07224	0.04251	0.03905	0.02529	0.01341	0.01597	0.01111	0.00721	0.00681	0.00196	0.03391	0.00538	0.00432	0.19348
2	0.13544	0.01438	0.01482	0.01337	0.01677	0.05217	0.01036	0.13980	0.06336	0.07648	0.10915	0.15360	0.03129	0.05876	0.04351	0.00345	0.00745	0.03956	0.00699	0.00928
3	0.10584	0.05622	0.38367	0.02048	0.02988	0.01773	0.09925	0.02552	0.01705	0.07990	0.01536	0.01754	0.01108	0.00741	0.00725	0.00236	0.01020	0.00612	0.00427	0.08286
4	0.01373	0.00968	0.01145	0.01056	0.01334	0.00920	0.00807	0.01939	0.10460	0.07978	0.36931	0.05761	0.23061	0.01608	0.00908	0.00257	0.00439	0.01381	0.00834	0.00840
5	0.02147	0.01778	0.02070	0.16066	0.02880	0.02056	0.01520	0.19637	0.35959	0.03489	0.02498	0.02504	0.01852	0.00984	0.00800	0.00260	0.00782	0.00808	0.00708	0.01201
6	0.03143	0.12274	0.02384	0.01556	0.02187	0.01938	0.01320	0.26103	0.02712	0.34711	0.02374	0.02192	0.01595	0.00925	0.00753	0.00231	0.00774	0.00711	0.00816	0.01300
7	0.01000	0.00739	0.00935	0.01027	0.01145	0.00674	0.00717	0.01206	0.01746	0.02328	0.20327	0.44680	0.16182	0.02192	0.00981	0.00295	0.00429	0.01955	0.00770	0.00674
8	0.02437	0.01632	0.05113	0.25538	0.03237	0.05363	0.01611	0.05099	0.01961	0.27347	0.02166	0.02331	0.01496	0.00904	0.00834	0.00248	0.03452	0.00726	0.07424	0.01080
9	0.01304	0.01032	0.01141	0.01094	0.01129	0.04426	0.00717	0.01361	0.01227	0.01627	0.02243	0.04428	0.02504	0.54476	0.10149	0.00746	0.08330	0.01042	0.00457	0.00566
10	0.02191	0.53259	0.03672	0.05677	0.02311	0.02907	0.01455	0.11573	0.01899	0.02344	0.01236	0.01447	0.01071	0.00771	0.00702	0.00197	0.05328	0.00502	0.00408	0.01049
11	0.02401	0.20350	0.02448	0.04680	0.02169	0.01975	0.01274	0.07893	0.17309	0.19380	0.06567	0.02454	0.02057	0.00935	0.00721	0.00225	0.00718	0.00737	0.00692	0.05015
12	0.02367	0.55256	0.03692	0.01451	0.02118	0.02907	0.01377	0.14664	0.02060	0.05736	0.01360	0.01467	0.01129	0.00747	0.00579	0.00187	0.00844	0.00499	0.00460	0.01099
13	0.77733	0.01534	0.01166	0.01043	0.01534	0.01779	0.00859	0.02331	0.01350	0.03558	0.01104	0.01288	0.00859	0.00736	0.00491	0.00245	0.00613	0.00429	0.00491	0.00859
14	0.01064	0.00766	0.01028	0.01202	0.01303	0.00731	0.00901	0.01277	0.01630	0.02141	0.04497	0.48564	0.08073	0.02368	0.01035	0.00333	0.00543	0.21138	0.00734	0.00673
15	0.01799	0.01671	0.02445	0.02152	0.06535	0.01850	0.14536	0.03091	0.32392	0.02735	0.02427	0.02743	0.01944	0.05116	0.08368	0.00405	0.07226	0.00883	0.00597	0.01084
16	0.01158	0.00811	0.01017	0.01110	0.01197	0.00796	0.00811	0.01320	0.01485	0.01943	0.03699	0.16554	0.07468	0.32775	0.02359	0.00530	0.00688	0.23052	0.00622	0.00605
17	0.23285	0.01344	0.01561	0.01252	0.01794	0.01292	0.01029	0.03273	0.01968	0.44713	0.02537	0.02343	0.01673	0.00910	0.00693	0.00240	0.00631	0.00693	0.07606	0.01163
18	0.01856	0.00977	0.01272	0.01103	0.01432	0.00868	0.00861	0.02189	0.02202	0.23062	0.40272	0.05121	0.12624	0.01468	0.00893	0.00250	0.00470	0.01264	0.00891	0.00925
19	0.77733	0.01534	0.01166	0.01043	0.01534	0.01779	0.00859	0.02331	0.01350	0.03558	0.01104	0.01288	0.00859	0.00736	0.00491	0.00245	0.00613	0.00429	0.00491	0.00859
20	0.02228	0.01830	0.01937	0.01665	0.02159	0.02092	0.01317	0.18999	0.50551	0.03729	0.02903	0.02700	0.02158	0.01045	0.00804	0.00261	0.00688	0.00852	0.00804	0.01278
21	0.06785	0.07533	0.06483	0.02048	0.08112	0.02115	0.03545	0.20370	0.06375	0.14271	0.01871	0.01993	0.01383	0.00960	0.01055	0.00256	0.12346	0.00696	0.00624	0.01182
22	0.16999	0.02289	0.11037	0.01635	0.02212	0.10551	0.01451	0.10837	0.22934	0.06273	0.02311	0.02285	0.03972	0.00946	0.00729	0.00248	0.00829	0.00713	0.00632	0.01117
23	0.73259	0.01522	0.01206	0.01065	0.01563	0.01742	0.00877	0.02424	0.01405	0.07429	0.01226	0.01373	0.00925	0.00751	0.00509	0.00245	0.00617	0.00452	0.00520	0.00888
24	0.01653	0.02196	0.15358	0.02181	0.04977	0.07651	0.15357	0.02118	0.01760	0.02384	0.10607	0.10032	0.05706	0.01208	0.01168	0.00274	0.12914	0.01022	0.00494	0.00941
25	0.01237	0.00785	0.00936	0.00898	0.01088	0.00741	0.00674	0.01601	0.02021	0.03051	0.41530	0.04973	0.08492	0.01397	0.00803	0.00228	0.00374	0.01204	0.27226	0.00741
26	0.01947	0.01275	0.01970	0.11178	0.20154	0.01260	0.01500	0.02270	0.01791	0.18340	0.02887	0.26430	0.02794	0.01405	0.00868	0.00272	0.00723	0.01268	0.00652	0.01017
27	0.01039	0.00761	0.00984	0.01127	0.01208	0.00732	0.00768	0.01323	0.05450	0.02193	0.09204	0.62312	0.05250	0.02332	0.00994	0.00313	0.00463	0.02108	0.00751	0.00689
28	0.01139	0.00825	0.01147	0.01147	0.01245	0.00922	0.00833	0.01335	0.01237	0.01747	0.02240	0.03759	0.02262	0.26475	0.48843	0.01118	0.01704	0.00944	0.00442	0.00637
29	0.02120	0.72609	0.04155	0.01357	0.02035	0.03138	0.01357	0.02374	0.01611	0.01866	0.01102	0.01272	0.01018	0.00678	0.00509	0.00170	0.00848	0.00424	0.00339	0.01018
30	0.01003	0.00752	0.00936	0.01046	0.01177	0.00686	0.00751	0.01203	0.01698	0.02208	0.11908	0.42390	0.21477	0.02243	0.00992	0.00304	0.00460	0.07345	0.00750	0.00669
31	0.01498	0.01409	0.02378	0.70226	0.05462	0.01762	0.02202	0.02026	0.01586	0.02026	0.01409	0.02114	0.01057	0.00793	0.00793	0.00264	0.01057	0.00705	0.00352	0.00881
32	0.03007	0.02453	0.02360	0.01857	0.02458	0.12352	0.01511	0.55409	0.03508	0.04543	0.01803	0.01833	0.01300	0.00932	0.00782	0.00233	0.00956	0.00684	0.00736	0.01285
33	0.03041	0.02397	0.02326	0.01831	0.02430	0.12269	0.01489	0.51531	0.03415	0.08553	0.01881	0.01884	0.01339	0.00934	0.00782	0.00233	0.00943	0.00689	0.00748	0.01285
34	0.01778	0.01613	0.02617	0.37327	0.18639	0.01819	0.06427	0.02570	0.11984	0.04713	0.01794	0.02238	0.01363	0.00817	0.00804	0.00258	0.00968	0.00755	0.00460	0.01055
35	0.01644	0.01409	0.01644	0.01175	0.01879	0.01057	0.00940	0.01997	0.01644	0.02584	0.01409	0.01644	0.01175	0.00587	0.00587	0.00117	0.00587	0.00470	0.00470	0.76979
36	0.01055	0.00763	0.00965	0.01099	0.01163	0.00743	0.00729	0.01299	0.05338	0.02030	0.04023	0.57590	0.04723	0.12762	0.01450	0.00385	0.00516	0.02009	0.00702	0.00657
37	0.01237	0.00896	0.01191	0.01236	0.01294	0.00967	0.00874	0.01367	0.01451	0.05029	0.03511	0.47485	0.04079	0.12671	0.01704	0.00389	0.11506	0.01777	0.00648	0.00688
38	0.01444	0.02252	0.27078	0.01592	0.02213	0.01398	0.01676	0.02367	0.14384	0.02790	0.20220	0.06965	0.09827	0.01258	0.00844	0.00259	0.00739	0.01063	0.00632	0.00999
39	0.01765	0.01638	0.02733	0.04063	0.53311	0.01632	0.02062	0.02158	0.01723	0.02442	0.01981	0.12523	0.01949	0.05332	0.01017	0.00281	0.00860	0.00964	0.00449	0.01118
40	0.02033	0.08826	0.34518	0.02268	0.05409	0.11423	0.08033	0.08971	0.06224	0.02691	0.01558	0.01770	0.01164	0.00788	0.00754	0.00239	0.01123	0.00633	0.00431	0.01141
41	0.01735	0.01735	0.02429	0.02082	0.02082	0.02429	0.01735	0.01908	0.01214	0.01908	0.01041	0.01735	0.01041	0.01388	0.02602	0.00347	0.70680	0.00694	0.00347	0.00867
42	0.01877	0.01853	0.03739	0.03114	0.13440	0.01748	0.41311	0.02449	0.01941	0.06623	0.11375	0.02709	0.02192	0.00835	0.00904	0.00258	0.01091	0.00966	0.00505	0.01068
43	0.01183	0.00929	0.01369	0.01345	0.01467	0.01115	0.01051	0.01447	0.01282	0.01858	0.02144	0.06867	0.02074	0.05296	0.58509	0.01128	0.08866	0.00914	0.00435	0.00720
44	0.51906	0.02264	0.19295	0.01534	0.02229	0.01812	0.05985	0.02394	0.01474	0.03205	0.01225	0.01453	0.00923	0.00736	0.00593	0.00248	0.00815	0.00508	0.00443	0.00958
45	0.01195	0.00915	0.01124	0.01231	0.01369	0.00938	0.00876	0.01787	0.15014	0.02315	0.04121	0.53649	0.04613	0.02172	0.00974	0.00313	0.00511	0.05353	0.00751	0.00777
46	0.01675	0.05961	0.01805	0.01186	0.01889	0.01190	0.00966	0.02021	0.01642	0.02538	0.01390	0.01621	0.01165	0.00593	0.00582	0.00121	0.00604	0.00467	0.00461	0.72123
47	0.00937	0.00803	0.00803	0.00803	0.01071	0.00669	0.00602	0.01138	0.01807	0.02142	0.08033	0.07632	0.66863	0.02008	0.00937	0.00268	0.00402	0.01674	0.00736	0.00669
48	0.01497	0.01274	0.01591	0.01450	0.01652	0.01490	0.01141	0.02311	0.19091	0.02809	0.27809	0.08371	0.04311	0.01487	0.01320	0.00286	0.17747	0.02743	0.00713	0.00907
49	0.07038	0.21503	0.02600	0.01614	0.02168	0.13295	0.01353	0.16069	0.17948	0.06097	0.01909	0.01913	0.01468	0.00874	0.00688	0.00222	0.00872	0.00633	0.00600	0.01135
50	0.01012	0.00743	0.00949	0.01031	0.01151	0.00681	0.00723	0.01233	0.01787	0.02408	0.24716	0.42345	0.14001	0.02147	0.00978	0.00292	0.00425	0.01917	0.00780	0.00681
51	0.01996	0.01904	0.03330	0.03817	0.37631	0.01905	0.18686	0.02798	0.12117	0.04982	0.01858	0.02196	0.01454	0.00765	0.00829	0.00250	0.00987	0.00801	0.00482	0.01210
52	0.01153	0.00769	0.00865	0.00865	0.00865	0.00769	0.00480	0.01153	0.01153	0.01538	0.02499	0.05189	0.02883	0.72131	0.04036	0.00769	0.00769	0.01153	0.00480	0.00480
53	0.01955	0.01743	0.02340	0.01986	0.02103	0.02318	0.01646	0.06607	0.06526	0.06255	0.01401	0.01902	0.01227	0.01308	0.02224	0.00327	0.56001	0.00718	0.00453	0.00961
54	0.18090	0.14914	0.15470	0.01787	0.02511	0.06383	0.08326	0.11606	0.01982	0.06260	0.01462	0.01640	0.01106	0.00764	0.00672	0.00225	0.00934	0.00581	0.00487	0.04800
55	0.39859	0.06169	0.11434	0.04578	0.02050	0.01766	0.01307	0.06151	0.01559	0.03003	0.01411	0.01823	0.01163	0.04129	0.10283	0.00405	0.00965	0.00569	0.00462	0.00912
56	0.07253	0.01640	0.01934	0.01542	0.02044	0.01733	0.01260	0.19318	0.06094	0.16268	0.01986	0.02110	0.01481	0.01330	0.06331	0.00314	0.10007	0.00684	0.00662	0.16010

[dist]
# distance from previous block
# <min> <max>
0	3

[block]
# block no. 6 follows, 24 sequences, length 15
# corresponding to MSA columns:
# 894-908
name=unknown_G
#
# <colnr> <probs for GDERKNQSTAVLIFYWHMCP>
#	G	D	E	R	K	N	Q	S	T	A	V	L	I	F	Y	W	H	M	C	P
0	0.01034	0.00771	0.00961	0.00990	0.01150	0.00698	0.00714	0.01296	0.01921	0.02593	0.34510	0.27151	0.19346	0.01977	0.00960	0.00276	0.00407	0.01745	0.00801	0.00698
1	0.00970	0.00719	0.00891	0.01025	0.01117	0.00656	0.00693	0.01114	0.01563	0.02025	0.05087	0.53857	0.18839	0.06061	0.01155	0.00334	0.00463	0.02067	0.00723	0.00641
2	0.02825	0.02127	0.02273	0.01786	0.02387	0.02371	0.01461	0.53572	0.15005	0.04692	0.02145	0.02096	0.01543	0.00974	0.00796	0.00244	0.00828	0.00747	0.00796	0.01332
3	0.03081	0.02115	0.02314	0.01774	0.02406	0.02301	0.01465	0.57124	0.03550	0.12667	0.02054	0.02001	0.01424	0.00956	0.00794	0.00239	0.00848	0.00724	0.00816	0.01349
4	0.02120	0.72609	0.04155	0.01357	0.02035	0.03138	0.01357	0.02374	0.01611	0.01866	0.01102	0.01272	0.01018	0.00678	0.00509	0.00170	0.00848	0.00424	0.00339	0.01018
5	0.02563	0.02013	0.11363	0.09073	0.02820	0.01780	0.06132	0.15458	0.02243	0.24580	0.02056	0.02147	0.01423	0.00931	0.00991	0.00254	0.08616	0.00727	0.00656	0.04172
6	0.01911	0.01832	0.03126	0.12102	0.60353	0.01871	0.02408	0.02389	0.01781	0.02528	0.01483	0.01979	0.01234	0.00716	0.00786	0.00239	0.00955	0.00706	0.00388	0.01215
7	0.01416	0.01056	0.01209	0.01176	0.01414	0.01113	0.00875	0.02331	0.22241	0.02922	0.21606	0.19571	0.04457	0.01531	0.00849	0.00262	0.00474	0.01337	0.13276	0.00885
8	0.00985	0.00786	0.00883	0.00900	0.01111	0.00684	0.00659	0.01216	0.01861	0.02365	0.21134	0.18085	0.42538	0.01999	0.00949	0.00273	0.00405	0.01716	0.00768	0.00684
9	0.01914	0.01834	0.03130	0.11761	0.60674	0.01871	0.02409	0.02391	0.01782	0.02531	0.01483	0.01979	0.01235	0.00716	0.00786	0.00239	0.00954	0.00706	0.00388	0.01217
10	0.01020	0.00812	0.00918	0.00907	0.01142	0.00710	0.00690	0.01289	0.01959	0.02512	0.28028	0.07117	0.42968	0.01885	0.00945	0.00267	0.00410	0.04937	0.00783	0.00700
11	0.01738	0.01074	0.01358	0.01238	0.01401	0.01146	0.00897	0.12915	0.08350	0.02240	0.01668	0.02376	0.01482	0.02250	0.02438	0.54898	0.00716	0.00715	0.00475	0.00623
