[name]
unknown

[dist]
# distance from previous block
# <min> <max>
0	157

[block]
# block no. 0 follows, 23 sequences, length 11
# corresponding to MSA columns:
# 185-195
name=unknown_A
#
# <colnr> <probs for GDERKNQSTAVLIFYWHMCP>
#	G	D	E	R	K	N	Q	S	T	A	V	L	I	F	Y	W	H	M	C	P
0	0.01029	0.00735	0.00988	0.01176	0.01241	0.00694	0.00824	0.01200	0.01594	0.02117	0.04450	0.63080	0.05278	0.02504	0.01047	0.00335	0.00506	0.09780	0.00752	0.00670
1	0.00989	0.00706	0.00942	0.01130	0.01177	0.00659	0.00753	0.01130	0.01554	0.02071	0.04472	0.70954	0.05367	0.02542	0.01036	0.00330	0.00471	0.02307	0.00753	0.00659
2	0.01409	0.00705	0.01057	0.01057	0.01057	0.00705	0.00705	0.01057	0.01057	0.01409	0.01409	0.02467	0.01409	0.02819	0.03171	0.76392	0.00705	0.00705	0.00352	0.00352
3	0.03641	0.01381	0.01883	0.01444	0.02071	0.01193	0.01193	0.03954	0.02322	0.66984	0.03201	0.02762	0.02009	0.01004	0.00816	0.00251	0.00690	0.00816	0.01004	0.01381
4	0.01683	0.01442	0.01683	0.01202	0.01923	0.01082	0.00961	0.02043	0.01683	0.02644	0.01442	0.01683	0.01202	0.00601	0.00601	0.00120	0.00601	0.00481	0.00481	0.76444
5	0.01051	0.00806	0.00880	0.00883	0.01050	0.00724	0.00604	0.01212	0.01683	0.02126	0.13332	0.10403	0.36207	0.23270	0.01933	0.00432	0.00526	0.01553	0.00690	0.00634
6	0.01148	0.00829	0.01085	0.01021	0.01212	0.00766	0.00766	0.01531	0.02297	0.03254	0.65994	0.06061	0.07656	0.01659	0.00957	0.00255	0.00383	0.01467	0.00893	0.00766
7	0.02169	0.71972	0.04252	0.01388	0.02083	0.03211	0.01388	0.02430	0.01649	0.01909	0.01128	0.01302	0.01041	0.00694	0.00521	0.00174	0.00868	0.00434	0.00347	0.01041
8	0.03346	0.01853	0.02175	0.01668	0.02307	0.01894	0.01378	0.35597	0.03113	0.34224	0.02538	0.02331	0.01676	0.00988	0.00814	0.00247	0.00798	0.00771	0.00902	0.01380
9	0.01267	0.00847	0.00994	0.01013	0.01204	0.00792	0.00729	0.01597	0.04768	0.05641	0.14513	0.26063	0.19789	0.05420	0.01076	0.00302	0.00464	0.01620	0.11148	0.00752
10	0.01166	0.00843	0.01172	0.01172	0.01271	0.00943	0.00850	0.01364	0.01265	0.01786	0.02294	0.03856	0.02319	0.26673	0.48077	0.01141	0.01737	0.00967	0.00453	0.00651

[dist]
# distance from previous block
# <min> <max>
0	10

[block]
# block no. 1 follows, 23 sequences, length 34
# corresponding to MSA columns:
# 206-239
name=unknown_B
#
# <colnr> <probs for GDERKNQSTAVLIFYWHMCP>
#	G	D	E	R	K	N	Q	S	T	A	V	L	I	F	Y	W	H	M	C	P
0	0.02356	0.01751	0.01939	0.01574	0.02012	0.01919	0.01251	0.39687	0.02988	0.04025	0.10158	0.06325	0.05713	0.09646	0.01334	0.00321	0.04143	0.00994	0.00755	0.01107
1	0.01738	0.02467	0.23139	0.11486	0.20366	0.01728	0.02231	0.02331	0.01708	0.02515	0.01451	0.01847	0.01147	0.00755	0.00838	0.00227	0.04335	0.00626	0.00394	0.18672
2	0.05531	0.01631	0.02279	0.39527	0.04093	0.01931	0.01867	0.13122	0.07948	0.08019	0.01813	0.02197	0.01328	0.00909	0.00889	0.00268	0.04315	0.00735	0.00540	0.01057
3	0.01183	0.00796	0.00926	0.00942	0.00989	0.00780	0.00591	0.01209	0.01306	0.01704	0.03277	0.05693	0.10439	0.52041	0.03430	0.06782	0.00732	0.06123	0.00532	0.00524
4	0.77215	0.01569	0.01193	0.01067	0.01569	0.01820	0.00879	0.02385	0.01381	0.03641	0.01130	0.01318	0.00879	0.00753	0.00502	0.00251	0.00628	0.00439	0.00502	0.00879
5	0.01532	0.01442	0.02434	0.69533	0.05589	0.01803	0.02253	0.02073	0.01622	0.02073	0.01442	0.02163	0.01082	0.00811	0.00811	0.00270	0.01082	0.00721	0.00361	0.00901
6	0.01532	0.01442	0.02434	0.69533	0.05589	0.01803	0.02253	0.02073	0.01622	0.02073	0.01442	0.02163	0.01082	0.00811	0.00811	0.00270	0.01082	0.00721	0.00361	0.00901
7	0.02008	0.01928	0.03294	0.04981	0.66422	0.01928	0.02490	0.02490	0.01848	0.02651	0.01526	0.02008	0.01285	0.00723	0.00803	0.00241	0.00964	0.00723	0.00402	0.01285
8	0.02821	0.02142	0.02287	0.01814	0.02416	0.02393	0.01478	0.49018	0.18943	0.04688	0.02283	0.02215	0.01651	0.01005	0.00815	0.00251	0.00831	0.00777	0.00815	0.01356
9	0.01409	0.00705	0.01057	0.01057	0.01057	0.00705	0.00705	0.01057	0.01057	0.01409	0.01409	0.02467	0.01409	0.02819	0.03171	0.76392	0.00705	0.00705	0.00352	0.00352
10	0.01000	0.00726	0.00944	0.01095	0.01173	0.00670	0.00743	0.01167	0.01641	0.02181	0.09986	0.60269	0.10556	0.02427	0.01023	0.00319	0.00458	0.02187	0.00765	0.00670
11	0.01064	0.00826	0.00967	0.00932	0.01160	0.00730	0.00699	0.01367	0.02097	0.02779	0.40166	0.06843	0.33780	0.01836	0.00958	0.00264	0.00395	0.01577	0.00831	0.00730
12	0.01683	0.01442	0.01683	0.01202	0.01923	0.01082	0.00961	0.02043	0.01683	0.02644	0.01442	0.01683	0.01202	0.00601	0.00601	0.00120	0.00601	0.00481	0.00481	0.76444
13	0.01269	0.00845	0.01086	0.01046	0.01251	0.00768	0.00776	0.01587	0.02125	0.07239	0.45128	0.16860	0.13330	0.01806	0.00961	0.00269	0.00421	0.01591	0.00862	0.00780
14	0.01915	0.02189	0.04788	0.03420	0.04241	0.02052	0.63475	0.02599	0.01915	0.02599	0.01642	0.02189	0.01231	0.00684	0.00958	0.00274	0.01368	0.00958	0.00410	0.01094
15	0.01203	0.00862	0.01046	0.01121	0.01206	0.00860	0.00743	0.04421	0.04868	0.02144	0.03719	0.44559	0.04303	0.22781	0.01929	0.00458	0.00594	0.01823	0.00683	0.00678
16	0.01659	0.00976	0.01223	0.01197	0.01437	0.00925	0.00872	0.02074	0.08284	0.15635	0.09133	0.35377	0.10493	0.05387	0.01109	0.00319	0.00536	0.01677	0.00810	0.00874
17	0.01907	0.00929	0.01054	0.00944	0.01264	0.00848	0.00736	0.02227	0.01893	0.18798	0.04164	0.04143	0.17900	0.01235	0.00726	0.00226	0.00464	0.01008	0.38640	0.00895
18	0.45130	0.01582	0.01552	0.01276	0.01835	0.01687	0.01052	0.09390	0.01949	0.24668	0.01899	0.01860	0.01304	0.00859	0.00638	0.00250	0.00676	0.00594	0.00700	0.01097
19	0.13692	0.01072	0.01220	0.01105	0.01442	0.01022	0.00841	0.02233	0.01810	0.21263	0.06388	0.16149	0.13422	0.07404	0.01097	0.00310	0.00565	0.01230	0.06831	0.00905
20	0.01069	0.00771	0.01027	0.01194	0.01292	0.00730	0.00877	0.01278	0.01675	0.02213	0.07316	0.50336	0.08477	0.02408	0.01048	0.00334	0.00529	0.15983	0.00758	0.00686
21	0.01270	0.00903	0.01242	0.01413	0.01573	0.00899	0.01194	0.01593	0.01785	0.02328	0.04168	0.14065	0.04587	0.07963	0.01361	0.00404	0.00727	0.51080	0.00727	0.00719
22	0.01062	0.00812	0.00974	0.00963	0.01167	0.00724	0.00711	0.01353	0.02049	0.02735	0.38112	0.14451	0.28134	0.01905	0.00967	0.00271	0.00403	0.01655	0.00827	0.00724
23	0.23038	0.01187	0.01241	0.01136	0.01446	0.01256	0.00872	0.07035	0.01826	0.08188	0.12106	0.08156	0.03020	0.12586	0.04014	0.00385	0.00679	0.03947	0.07039	0.00844
24	0.53576	0.01476	0.01293	0.01147	0.01589	0.01651	0.00910	0.07226	0.01638	0.07729	0.01731	0.07533	0.01540	0.06919	0.00899	0.00302	0.00654	0.00705	0.00581	0.00902
25	0.17527	0.01884	0.02068	0.11643	0.02680	0.02105	0.01446	0.35986	0.02823	0.07064	0.02131	0.02231	0.05011	0.00970	0.00759	0.00251	0.00831	0.00732	0.00689	0.01169
26	0.17227	0.08535	0.05671	0.01405	0.01906	0.04842	0.01189	0.16436	0.02010	0.03039	0.01547	0.02046	0.01322	0.06935	0.01324	0.11961	0.00806	0.00627	0.00520	0.10652
27	0.05675	0.00979	0.01171	0.06544	0.01501	0.01048	0.00806	0.01661	0.06800	0.02164	0.11915	0.04576	0.03271	0.40074	0.08010	0.00632	0.00839	0.01096	0.00566	0.00674
28	0.01252	0.00877	0.01099	0.01090	0.01325	0.00801	0.00864	0.01579	0.02078	0.05879	0.33052	0.07075	0.23150	0.01867	0.00987	0.00286	0.00486	0.14655	0.00827	0.00769
29	0.17182	0.16532	0.25776	0.01755	0.02574	0.04131	0.01883	0.12271	0.02019	0.06767	0.01499	0.01644	0.01114	0.00800	0.00676	0.00236	0.00950	0.00566	0.00490	0.01136
30	0.04932	0.19162	0.07271	0.11289	0.08093	0.02286	0.04414	0.11342	0.09452	0.07999	0.01783	0.01980	0.01364	0.00868	0.00826	0.00242	0.04339	0.00674	0.00536	0.01145
31	0.01578	0.01322	0.04668	0.01631	0.01967	0.01215	0.10300	0.02167	0.12246	0.06156	0.06848	0.20941	0.05464	0.01807	0.01281	0.11561	0.00729	0.06598	0.00659	0.00863
32	0.01205	0.00885	0.01118	0.01237	0.01358	0.00880	0.00879	0.05012	0.05987	0.02366	0.04233	0.57398	0.04885	0.02330	0.01015	0.00324	0.00529	0.06847	0.00761	0.00750
33	0.39503	0.08888	0.01715	0.01243	0.01736	0.01735	0.01041	0.04749	0.01668	0.15627	0.01739	0.01934	0.01327	0.01694	0.11885	0.00418	0.00933	0.00595	0.00584	0.00987

[dist]
# distance from previous block
# <min> <max>
0	14

[block]
# block no. 2 follows, 23 sequences, length 74
# corresponding to MSA columns:
# 254-327
name=unknown_C
#
# <colnr> <probs for GDERKNQSTAVLIFYWHMCP>
#	G	D	E	R	K	N	Q	S	T	A	V	L	I	F	Y	W	H	M	C	P
0	0.32000	0.01776	0.04932	0.01472	0.01937	0.03918	0.01273	0.14185	0.04894	0.03482	0.04835	0.03269	0.02090	0.01170	0.00834	0.00278	0.03884	0.12167	0.00623	0.00983
1	0.06644	0.09281	0.24856	0.02377	0.06217	0.02082	0.15432	0.12307	0.02122	0.08602	0.01680	0.01897	0.01218	0.00794	0.00784	0.00249	0.01067	0.00698	0.00502	0.01191
2	0.05539	0.02194	0.14362	0.02406	0.16261	0.01816	0.01824	0.20079	0.02490	0.09561	0.12811	0.02671	0.02406	0.00992	0.00814	0.00249	0.00847	0.00826	0.00654	0.01199
3	0.01556	0.01301	0.01534	0.01190	0.01777	0.01015	0.00943	0.01883	0.01678	0.02526	0.02234	0.06199	0.05085	0.04111	0.00845	0.00190	0.00606	0.05940	0.00532	0.58855
4	0.02354	0.16914	0.02696	0.01913	0.02241	0.30544	0.01563	0.02568	0.01779	0.01954	0.01224	0.01630	0.01109	0.01300	0.05292	0.00312	0.22706	0.00583	0.00385	0.00932
5	0.01125	0.00829	0.01052	0.00996	0.01198	0.00756	0.00747	0.01486	0.02242	0.03123	0.58883	0.06276	0.14849	0.01708	0.00957	0.00258	0.00386	0.01498	0.00876	0.00756
6	0.04927	0.01526	0.06019	0.07989	0.12208	0.01457	0.04533	0.01922	0.01760	0.02557	0.13905	0.10717	0.06737	0.01316	0.01095	0.00270	0.09732	0.03392	0.00561	0.07379
7	0.19588	0.01294	0.01617	0.01367	0.01761	0.01334	0.05112	0.02538	0.05386	0.19963	0.02315	0.02973	0.01908	0.15473	0.13413	0.00545	0.01001	0.00824	0.00637	0.00951
8	0.01026	0.00735	0.00975	0.01105	0.01185	0.00684	0.00756	0.01223	0.01726	0.02346	0.18751	0.55892	0.05898	0.02337	0.01017	0.00312	0.00450	0.02112	0.00786	0.00684
9	0.02018	0.01743	0.01835	0.01651	0.02110	0.02018	0.01284	0.04312	0.64956	0.03394	0.03303	0.03027	0.02477	0.01101	0.00826	0.00275	0.00642	0.00917	0.00826	0.01284
10	0.07174	0.01149	0.01447	0.01218	0.01655	0.01039	0.00981	0.02742	0.02148	0.34384	0.17798	0.04442	0.12416	0.01342	0.00855	0.00259	0.00571	0.04005	0.03312	0.01062
11	0.01231	0.00781	0.00888	0.00900	0.00948	0.00786	0.00553	0.01330	0.01311	0.01903	0.02669	0.08785	0.02876	0.49714	0.07051	0.00674	0.00770	0.01149	0.15112	0.00567
12	0.01180	0.00787	0.00885	0.00885	0.00885	0.00787	0.00492	0.01180	0.01180	0.01573	0.02557	0.05310	0.02950	0.71483	0.04130	0.00787	0.00787	0.01180	0.00492	0.00492
13	0.01148	0.00773	0.00894	0.00926	0.00934	0.00765	0.00535	0.01172	0.01242	0.01657	0.02877	0.16286	0.03354	0.59956	0.03613	0.00710	0.00734	0.01368	0.00535	0.00520
14	0.01870	0.01023	0.01318	0.01159	0.01487	0.00936	0.00898	0.02301	0.05298	0.21091	0.37492	0.08066	0.10706	0.01521	0.00915	0.00260	0.00489	0.01316	0.00903	0.00953
15	0.01026	0.00722	0.00931	0.01082	0.01120	0.00684	0.00703	0.01140	0.01481	0.01975	0.04102	0.58252	0.04899	0.15882	0.01634	0.00418	0.00532	0.02089	0.00703	0.00627
16	0.01159	0.00869	0.01304	0.01304	0.01449	0.01014	0.01014	0.01449	0.01304	0.01884	0.02173	0.03188	0.02029	0.06086	0.68268	0.01304	0.02173	0.00869	0.00435	0.00724
17	0.01581	0.00881	0.01059	0.01001	0.01111	0.00845	0.00633	0.01647	0.01406	0.12722	0.02830	0.10493	0.02997	0.53618	0.03303	0.00657	0.00743	0.01215	0.00601	0.00657
18	0.01070	0.00773	0.01030	0.01207	0.01304	0.00733	0.00890	0.01276	0.01654	0.02172	0.04648	0.51008	0.08783	0.02434	0.01053	0.00338	0.00540	0.17650	0.00752	0.00684
19	0.01772	0.01010	0.01385	0.01439	0.01711	0.00973	0.01240	0.02134	0.01946	0.14956	0.03983	0.07539	0.03995	0.01922	0.01028	0.00339	0.00713	0.45615	0.05430	0.00870
20	0.03641	0.01381	0.01883	0.01444	0.02071	0.01193	0.01193	0.03954	0.02322	0.66984	0.03201	0.02762	0.02009	0.01004	0.00816	0.00251	0.00690	0.00816	0.01004	0.01381
21	0.02018	0.01743	0.01835	0.01651	0.02110	0.02018	0.01284	0.04312	0.64956	0.03394	0.03303	0.03027	0.02477	0.01101	0.00826	0.00275	0.00642	0.00917	0.00826	0.01284
22	0.01915	0.02189	0.04788	0.03420	0.04241	0.02052	0.63475	0.02599	0.01915	0.02599	0.01642	0.02189	0.01231	0.00684	0.00958	0.00274	0.01368	0.00958	0.00410	0.01094
23	0.02169	0.71972	0.04252	0.01388	0.02083	0.03211	0.01388	0.02430	0.01649	0.01909	0.01128	0.01302	0.01041	0.00694	0.00521	0.00174	0.00868	0.00434	0.00347	0.01041
24	0.00959	0.00822	0.00822	0.00822	0.01096	0.00685	0.00617	0.01165	0.01850	0.02192	0.08220	0.07809	0.66092	0.02055	0.00959	0.00274	0.00411	0.01713	0.00754	0.00685
25	0.03641	0.01381	0.01883	0.01444	0.02071	0.01193	0.01193	0.03954	0.02322	0.66984	0.03201	0.02762	0.02009	0.01004	0.00816	0.00251	0.00690	0.00816	0.01004	0.01381
26	0.01148	0.00829	0.01085	0.01021	0.01212	0.00766	0.00766	0.01531	0.02297	0.03254	0.65994	0.06061	0.07656	0.01659	0.00957	0.00255	0.00383	0.01467	0.00893	0.00766
27	0.02169	0.71972	0.04252	0.01388	0.02083	0.03211	0.01388	0.02430	0.01649	0.01909	0.01128	0.01302	0.01041	0.00694	0.00521	0.00174	0.00868	0.00434	0.00347	0.01041
28	0.62979	0.01533	0.01326	0.01140	0.01666	0.01699	0.00939	0.02689	0.01563	0.15897	0.01531	0.01597	0.01097	0.00802	0.00563	0.00251	0.00640	0.00512	0.00599	0.00976
29	0.01409	0.00705	0.01057	0.01057	0.01057	0.00705	0.00705	0.01057	0.01057	0.01409	0.01409	0.02467	0.01409	0.02819	0.03171	0.76392	0.00705	0.00705	0.00352	0.00352
30	0.03641	0.01381	0.01883	0.01444	0.02071	0.01193	0.01193	0.03954	0.02322	0.66984	0.03201	0.02762	0.02009	0.01004	0.00816	0.00251	0.00690	0.00816	0.01004	0.01381
31	0.00983	0.00727	0.00920	0.01075	0.01162	0.00664	0.00729	0.01136	0.01606	0.02093	0.05140	0.59703	0.16187	0.02455	0.01022	0.00320	0.00460	0.02201	0.00753	0.00664
32	0.02018	0.01743	0.01835	0.01651	0.02110	0.02018	0.01284	0.04312	0.64956	0.03394	0.03303	0.03027	0.02477	0.01101	0.00826	0.00275	0.00642	0.00917	0.00826	0.01284
33	0.01273	0.00909	0.01268	0.01455	0.01627	0.00904	0.01248	0.01622	0.01834	0.02390	0.04315	0.15824	0.04745	0.02274	0.01112	0.00369	0.00717	0.54629	0.00748	0.00738
34	0.00989	0.00706	0.00942	0.01130	0.01177	0.00659	0.00753	0.01130	0.01554	0.02071	0.04472	0.70954	0.05367	0.02542	0.01036	0.00330	0.00471	0.02307	0.00753	0.00659
35	0.02950	0.02165	0.02413	0.01878	0.02446	0.02445	0.01554	0.52979	0.03419	0.07864	0.01902	0.01968	0.01373	0.01031	0.01043	0.00258	0.09499	0.00732	0.00765	0.01319
36	0.02012	0.09876	0.18252	0.09604	0.20404	0.01875	0.02089	0.04887	0.01861	0.07910	0.01600	0.01887	0.01227	0.00755	0.00736	0.00223	0.00941	0.00633	0.00455	0.12773
37	0.02060	0.02125	0.09861	0.04373	0.53392	0.01900	0.02436	0.02568	0.01839	0.06577	0.01604	0.02015	0.01294	0.00772	0.00873	0.00248	0.03650	0.00715	0.00431	0.01267
38	0.02890	0.03637	0.02315	0.06245	0.02684	0.61585	0.01618	0.03118	0.02217	0.01990	0.01258	0.01518	0.01048	0.00857	0.00811	0.00218	0.04098	0.00542	0.00412	0.00936
39	0.01404	0.01184	0.01825	0.17689	0.14845	0.01231	0.01445	0.01843	0.02053	0.02863	0.38537	0.04372	0.04898	0.01281	0.00893	0.00256	0.00657	0.01150	0.00674	0.00898
40	0.66425	0.01844	0.01359	0.01208	0.01706	0.09014	0.00978	0.04779	0.01571	0.03517	0.01174	0.01357	0.00916	0.00770	0.00539	0.00246	0.00728	0.00459	0.00505	0.00904
41	0.01516	0.01238	0.01868	0.11290	0.08089	0.01502	0.01413	0.01649	0.01312	0.01860	0.01549	0.02507	0.01472	0.06673	0.15004	0.19935	0.19235	0.00770	0.00383	0.00735
42	0.20383	0.01581	0.02285	0.01739	0.02375	0.01505	0.13171	0.03328	0.02025	0.39824	0.02419	0.02316	0.01596	0.00884	0.00771	0.00255	0.00807	0.00756	0.00773	0.01209
43	0.10761	0.02004	0.02126	0.01626	0.02276	0.02108	0.01336	0.42782	0.03057	0.04382	0.01742	0.01818	0.01284	0.00864	0.00729	0.00216	0.00797	0.00641	0.00701	0.18748
44	0.01791	0.01530	0.01625	0.01478	0.01886	0.01717	0.01144	0.03616	0.50352	0.03217	0.09987	0.03970	0.11636	0.01284	0.00856	0.00273	0.00586	0.01078	0.00822	0.01153
45	0.01742	0.00824	0.00878	0.00830	0.01067	0.00803	0.00635	0.02113	0.01769	0.09929	0.02707	0.02997	0.02072	0.00952	0.00594	0.00196	0.00412	0.00763	0.67894	0.00824
46	0.03031	0.03867	0.02299	0.02090	0.02508	0.68226	0.01568	0.03240	0.02299	0.01986	0.01254	0.01463	0.01045	0.00836	0.00732	0.00209	0.01463	0.00523	0.00418	0.00941
47	0.02581	0.01971	0.02124	0.01716	0.02263	0.02190	0.01387	0.40594	0.20540	0.04438	0.09235	0.02690	0.02360	0.01083	0.00831	0.00254	0.00769	0.00862	0.00824	0.01287
48	0.01060	0.00826	0.00962	0.00928	0.01158	0.00728	0.00696	0.01360	0.02088	0.02759	0.39071	0.06876	0.34888	0.01843	0.00958	0.00264	0.00396	0.01582	0.00828	0.00728
49	0.77215	0.01569	0.01193	0.01067	0.01569	0.01820	0.00879	0.02385	0.01381	0.03641	0.01130	0.01318	0.00879	0.00753	0.00502	0.00251	0.00628	0.00439	0.00502	0.00879
50	0.01915	0.02189	0.04788	0.03420	0.04241	0.02052	0.63475	0.02599	0.01915	0.02599	0.01642	0.02189	0.01231	0.00684	0.00958	0.00274	0.01368	0.00958	0.00410	0.01094
51	0.02253	0.02236	0.01943	0.01753	0.02202	0.17385	0.01350	0.04063	0.50413	0.03067	0.02827	0.02664	0.02145	0.01039	0.00804	0.00260	0.00833	0.00826	0.00731	0.01205
52	0.01006	0.00749	0.00937	0.01048	0.01165	0.00680	0.00726	0.01196	0.01725	0.02270	0.14255	0.48000	0.18663	0.02309	0.01008	0.00307	0.00445	0.02057	0.00774	0.00680
53	0.77215	0.01569	0.01193	0.01067	0.01569	0.01820	0.00879	0.02385	0.01381	0.03641	0.01130	0.01318	0.00879	0.00753	0.00502	0.00251	0.00628	0.00439	0.00502	0.00879
54	0.01139	0.00851	0.01183	0.01177	0.01322	0.00930	0.00887	0.01393	0.01433	0.01997	0.08332	0.04189	0.09536	0.13175	0.47493	0.01041	0.01662	0.01049	0.00515	0.00696
55	0.01447	0.01015	0.01256	0.01160	0.01199	0.01140	0.00783	0.01500	0.01262	0.05675	0.02308	0.04469	0.02527	0.53586	0.03642	0.00670	0.14173	0.01067	0.00497	0.00623
56	0.01136	0.00792	0.00985	0.01043	0.01205	0.00713	0.00742	0.01353	0.01824	0.05293	0.18702	0.37964	0.20932	0.02159	0.00989	0.00296	0.00447	0.01908	0.00795	0.00721
57	0.03444	0.01696	0.02078	0.01593	0.02228	0.01660	0.01316	0.25047	0.02849	0.45147	0.02759	0.02475	0.01787	0.00994	0.00814	0.00248	0.00762	0.00786	0.00936	0.01381
58	0.01569	0.01516	0.01645	0.01523	0.01741	0.14049	0.04750	0.01826	0.01516	0.01903	0.02018	0.03091	0.01920	0.13872	0.42265	0.00959	0.01795	0.00851	0.00438	0.00756
59	0.01523	0.01109	0.01346	0.01185	0.01465	0.01104	0.00916	0.13563	0.02591	0.03614	0.53601	0.05265	0.06442	0.01526	0.00929	0.00253	0.00482	0.01325	0.00877	0.00884
60	0.62476	0.01425	0.01143	0.01037	0.01488	0.01608	0.00841	0.02180	0.01510	0.03451	0.07444	0.02425	0.08498	0.00971	0.00590	0.00254	0.00583	0.00665	0.00563	0.00848
61	0.01180	0.00787	0.00885	0.00885	0.00885	0.00787	0.00492	0.01180	0.01180	0.01573	0.02557	0.05310	0.02950	0.71483	0.04130	0.00787	0.00787	0.01180	0.00492	0.00492
62	0.00998	0.00714	0.00950	0.01123	0.01179	0.00666	0.00754	0.01155	0.01599	0.02144	0.08261	0.66958	0.05508	0.02488	0.01031	0.00325	0.00465	0.02255	0.00762	0.00666
63	0.03389	0.01333	0.01821	0.01449	0.02029	0.01165	0.01205	0.03709	0.02273	0.60015	0.03319	0.03452	0.02296	0.01138	0.00849	0.00264	0.00697	0.07308	0.00977	0.01313
64	0.00997	0.00710	0.00939	0.01119	0.01164	0.00665	0.00741	0.01132	0.01537	0.02049	0.04386	0.67986	0.05257	0.05659	0.01176	0.00350	0.00485	0.02256	0.00741	0.00652
65	0.02523	0.03040	0.02180	0.01977	0.02280	0.46338	0.01520	0.02739	0.01961	0.01964	0.01361	0.01782	0.01199	0.01741	0.11389	0.00402	0.13688	0.00609	0.00409	0.00898
66	0.02123	0.66173	0.09644	0.01467	0.02205	0.03097	0.01526	0.02442	0.01654	0.01966	0.01156	0.01337	0.01040	0.00701	0.00542	0.00181	0.00896	0.00448	0.00347	0.01055
67	0.01804	0.01550	0.05685	0.01275	0.01968	0.01112	0.01089	0.02198	0.01798	0.08409	0.07569	0.02185	0.01860	0.00745	0.00663	0.00153	0.00626	0.00609	0.00557	0.58145
68	0.09248	0.08686	0.11163	0.01658	0.02319	0.01995	0.01521	0.14689	0.18667	0.18278	0.02374	0.02269	0.01687	0.00940	0.00756	0.00249	0.00797	0.00727	0.00724	0.01254
69	0.02077	0.01618	0.01764	0.01534	0.01933	0.01812	0.01183	0.17316	0.34698	0.03415	0.06435	0.03091	0.02455	0.07311	0.01366	0.08527	0.00704	0.00906	0.00747	0.01107
70	0.01887	0.01210	0.01278	0.01143	0.01456	0.01293	0.00887	0.16437	0.09007	0.03468	0.02712	0.08587	0.02241	0.01105	0.00692	0.00223	0.00534	0.00900	0.43990	0.00950
71	0.02382	0.11957	0.17490	0.01932	0.02545	0.31807	0.01787	0.07929	0.02131	0.02389	0.01692	0.09043	0.01536	0.00999	0.00754	0.00232	0.01172	0.00740	0.00462	0.01020
72	0.02696	0.02031	0.02281	0.05532	0.10207	0.08052	0.01542	0.23771	0.09750	0.14715	0.02125	0.02157	0.01537	0.00902	0.00783	0.00233	0.00869	0.00719	0.00702	0.09395
73	0.01138	0.00816	0.01159	0.01190	0.01315	0.00876	0.00887	0.01329	0.01420	0.01963	0.06268	0.15936	0.08334	0.04521	0.39874	0.09091	0.01464	0.01215	0.00534	0.00671

[dist]
# distance from previous block
# <min> <max>
4	12

[block]
# block no. 3 follows, 23 sequences, length 33
# corresponding to MSA columns:
# 340-372
name=unknown_D
#
# <colnr> <probs for GDERKNQSTAVLIFYWHMCP>
#	G	D	E	R	K	N	Q	S	T	A	V	L	I	F	Y	W	H	M	C	P
0	0.21941	0.05258	0.12268	0.05515	0.02323	0.01668	0.05087	0.02578	0.09802	0.07366	0.15506	0.02808	0.02670	0.01007	0.00750	0.00255	0.00755	0.00817	0.00614	0.01013
1	0.62976	0.01545	0.01285	0.01092	0.01636	0.01681	0.00894	0.02321	0.01438	0.03453	0.01189	0.01387	0.00940	0.00725	0.00521	0.00226	0.00623	0.00447	0.00498	0.15124
2	0.01033	0.00764	0.00977	0.01129	0.01241	0.00707	0.00815	0.01223	0.01659	0.02150	0.05151	0.49342	0.16705	0.02403	0.01035	0.00326	0.00503	0.11409	0.00752	0.00678
3	0.01132	0.00817	0.01070	0.01032	0.01209	0.00755	0.00764	0.01491	0.02223	0.03136	0.59854	0.12537	0.07428	0.01747	0.00965	0.00263	0.00392	0.01551	0.00879	0.00755
4	0.02508	0.01987	0.02111	0.01750	0.02297	0.02247	0.01403	0.31615	0.36855	0.04185	0.02680	0.02531	0.01973	0.01043	0.00819	0.00261	0.00757	0.00832	0.00819	0.01328
5	0.00989	0.00706	0.00942	0.01130	0.01177	0.00659	0.00753	0.01130	0.01554	0.02071	0.04472	0.70954	0.05367	0.02542	0.01036	0.00330	0.00471	0.02307	0.00753	0.00659
6	0.16101	0.01549	0.01909	0.14360	0.06384	0.01527	0.01352	0.07040	0.01867	0.11067	0.01650	0.01881	0.01240	0.00755	0.00677	0.00206	0.00751	0.00594	0.00549	0.28540
7	0.44466	0.07260	0.02250	0.01635	0.02222	0.01990	0.12795	0.05487	0.06463	0.06407	0.01528	0.01709	0.01156	0.00784	0.00643	0.00251	0.00803	0.00604	0.00536	0.01010
8	0.01180	0.00787	0.00885	0.00885	0.00885	0.00787	0.00492	0.01180	0.01180	0.01573	0.02557	0.05310	0.02950	0.71483	0.04130	0.00787	0.00787	0.01180	0.00492	0.00492
9	0.01401	0.00987	0.01243	0.01288	0.01500	0.00985	0.01040	0.07739	0.02060	0.02810	0.14412	0.18701	0.07695	0.01949	0.00990	0.00312	0.00601	0.26037	0.07455	0.00795
10	0.11058	0.01779	0.02224	0.12642	0.08361	0.05025	0.06177	0.19268	0.05193	0.03251	0.02216	0.14965	0.02040	0.01173	0.00824	0.00267	0.00869	0.01007	0.00608	0.01054
11	0.01132	0.00786	0.00880	0.00895	0.00940	0.00761	0.00531	0.01174	0.01310	0.01705	0.03557	0.10848	0.12615	0.55643	0.03411	0.00674	0.00705	0.01349	0.00552	0.00534
12	0.01393	0.00765	0.01095	0.01140	0.01201	0.00765	0.00841	0.01275	0.01306	0.01786	0.02214	0.04147	0.02260	0.02530	0.02464	0.51788	0.00689	0.15460	0.06398	0.00481
13	0.77215	0.01569	0.01193	0.01067	0.01569	0.01820	0.00879	0.02385	0.01381	0.03641	0.01130	0.01318	0.00879	0.00753	0.00502	0.00251	0.00628	0.00439	0.00502	0.00879
14	0.04922	0.01027	0.01346	0.01236	0.01451	0.01080	0.00939	0.07988	0.01757	0.07329	0.13989	0.03277	0.02790	0.03151	0.21501	0.22897	0.01094	0.00897	0.00582	0.00747
15	0.01314	0.00859	0.01072	0.01010	0.01212	0.00785	0.00735	0.01595	0.02027	0.07798	0.39940	0.09206	0.14921	0.12258	0.01430	0.00342	0.00477	0.01451	0.00814	0.00755
16	0.01262	0.00891	0.01200	0.01323	0.01458	0.00904	0.01074	0.01533	0.01643	0.02163	0.03666	0.07648	0.03999	0.20169	0.07843	0.00561	0.00884	0.40446	0.00655	0.00680
17	0.01045	0.00742	0.00906	0.01020	0.01094	0.00694	0.00670	0.01173	0.01518	0.02013	0.04509	0.45390	0.13161	0.17525	0.01686	0.00417	0.00528	0.01922	0.03357	0.00629
18	0.10891	0.00977	0.01164	0.01130	0.01368	0.00949	0.00845	0.01853	0.01801	0.12217	0.17167	0.20613	0.07343	0.11166	0.01342	0.00355	0.00568	0.06693	0.00754	0.00804
19	0.01775	0.01484	0.01621	0.01493	0.01849	0.01692	0.01135	0.03483	0.47405	0.03015	0.05964	0.06356	0.02840	0.08654	0.07154	0.00419	0.00773	0.01024	0.00757	0.01105
20	0.02018	0.01743	0.01835	0.01651	0.02110	0.02018	0.01284	0.04312	0.64956	0.03394	0.03303	0.03027	0.02477	0.01101	0.00826	0.00275	0.00642	0.00917	0.00826	0.01284
21	0.01269	0.00901	0.01082	0.01101	0.01308	0.00851	0.00799	0.01695	0.08058	0.06259	0.17182	0.31808	0.20581	0.02016	0.00968	0.00291	0.00468	0.01770	0.00802	0.00790
22	0.17742	0.01019	0.01157	0.01098	0.01309	0.01074	0.00794	0.01770	0.01444	0.08638	0.06012	0.08662	0.02583	0.22479	0.14621	0.06362	0.00950	0.00994	0.00567	0.00725
23	0.01078	0.00818	0.00993	0.00968	0.01174	0.00733	0.00719	0.01388	0.02103	0.02838	0.43560	0.11501	0.25473	0.01848	0.00964	0.00267	0.00398	0.01606	0.00840	0.00733
24	0.12441	0.01053	0.01320	0.01172	0.01469	0.01020	0.00886	0.02279	0.01618	0.23884	0.02337	0.08528	0.01940	0.01763	0.01632	0.27995	0.00644	0.00852	0.06341	0.00827
25	0.01232	0.00795	0.01008	0.01076	0.01207	0.00730	0.00741	0.01402	0.01682	0.07252	0.10759	0.43510	0.12687	0.10319	0.01362	0.00362	0.00509	0.01899	0.00756	0.00710
26	0.09628	0.00867	0.00896	0.00882	0.00971	0.00895	0.00548	0.01442	0.01297	0.02065	0.02416	0.04455	0.02564	0.50883	0.03083	0.00619	0.00695	0.01021	0.14190	0.00582
27	0.01846	0.01721	0.02877	0.04234	0.54129	0.01709	0.02165	0.02309	0.01932	0.02765	0.13679	0.02772	0.02486	0.00899	0.00832	0.00244	0.00854	0.00863	0.00494	0.01187
28	0.01874	0.01977	0.08477	0.11995	0.16999	0.01973	0.08042	0.02544	0.08822	0.04551	0.01660	0.02081	0.01329	0.00942	0.01242	0.00272	0.17233	0.00739	0.00454	0.06793
29	0.01627	0.04197	0.67279	0.02313	0.03512	0.01884	0.02998	0.02570	0.01713	0.02570	0.01456	0.01713	0.01028	0.00771	0.00771	0.00257	0.01199	0.00600	0.00343	0.01199
30	0.07793	0.08597	0.02605	0.06121	0.28285	0.01752	0.04549	0.02388	0.04920	0.05966	0.12554	0.02988	0.06142	0.00988	0.00795	0.00244	0.00796	0.00876	0.00554	0.01086
31	0.09390	0.13718	0.13078	0.05012	0.06211	0.01805	0.03495	0.02444	0.04733	0.04689	0.01518	0.01745	0.01202	0.00717	0.00657	0.00195	0.00820	0.00561	0.00459	0.27551
32	0.01931	0.10433	0.24546	0.01851	0.02527	0.06906	0.01904	0.02836	0.14281	0.06288	0.02160	0.02743	0.01776	0.01424	0.06180	0.00344	0.04262	0.05982	0.00527	0.01098

[dist]
# distance from previous block
# <min> <max>
0	49

[block]
# block no. 4 follows, 23 sequences, length 64
# corresponding to MSA columns:
# 429-492
name=unknown_E
#
# <colnr> <probs for GDERKNQSTAVLIFYWHMCP>
#	G	D	E	R	K	N	Q	S	T	A	V	L	I	F	Y	W	H	M	C	P
0	0.04049	0.21672	0.05285	0.01897	0.08318	0.08860	0.01479	0.08494	0.09231	0.02626	0.03997	0.04910	0.01765	0.01426	0.07138	0.00327	0.03111	0.00727	0.00513	0.04176
1	0.02851	0.25430	0.07444	0.01625	0.02299	0.08644	0.01485	0.13968	0.02320	0.23438	0.01976	0.01931	0.01412	0.00863	0.00706	0.00220	0.00897	0.00630	0.00648	0.01212
2	0.02362	0.05118	0.29745	0.01978	0.02787	0.01811	0.04547	0.08563	0.02033	0.21126	0.01995	0.02107	0.01395	0.01126	0.03760	0.00304	0.06744	0.00703	0.00583	0.01213
3	0.01925	0.09080	0.14395	0.17230	0.05190	0.07443	0.04712	0.07877	0.11733	0.02649	0.02029	0.08540	0.01724	0.01008	0.00799	0.00257	0.00982	0.00846	0.00512	0.01071
4	0.01070	0.00829	0.01095	0.07543	0.01625	0.00803	0.00918	0.01294	0.01684	0.02175	0.07140	0.41747	0.18898	0.02208	0.01003	0.00313	0.00539	0.07698	0.00720	0.00700
5	0.23974	0.02275	0.08032	0.01647	0.02236	0.08500	0.01427	0.19693	0.17978	0.03720	0.01936	0.01966	0.01443	0.00910	0.00715	0.00252	0.00839	0.00661	0.00644	0.01153
6	0.00973	0.00766	0.00880	0.00971	0.01135	0.00672	0.00683	0.01148	0.01706	0.02133	0.06400	0.38469	0.36607	0.02292	0.00996	0.00301	0.00440	0.02001	0.00753	0.00672
7	0.04064	0.01427	0.02070	0.10809	0.17097	0.01472	0.01553	0.08328	0.02043	0.15250	0.08220	0.07055	0.02509	0.03759	0.07482	0.00380	0.00929	0.03844	0.00644	0.01065
8	0.01851	0.14234	0.29364	0.02483	0.03400	0.02169	0.23430	0.02722	0.07738	0.02551	0.01641	0.01935	0.01237	0.00760	0.00800	0.00251	0.01151	0.00726	0.00412	0.01146
9	0.02171	0.01709	0.01839	0.01632	0.02106	0.01940	0.01276	0.04278	0.59048	0.09392	0.03293	0.03002	0.02433	0.01092	0.00825	0.00273	0.00647	0.00908	0.00843	0.01293
10	0.01159	0.00869	0.01304	0.01304	0.01449	0.01014	0.01014	0.01449	0.01304	0.01884	0.02173	0.03188	0.02029	0.06086	0.68268	0.01304	0.02173	0.00869	0.00435	0.00724
11	0.09054	0.01738	0.02433	0.09484	0.20874	0.02021	0.01810	0.11385	0.01885	0.02812	0.01705	0.08568	0.01577	0.01137	0.01302	0.00285	0.19536	0.00847	0.00490	0.01055
12	0.01647	0.01730	0.03501	0.18136	0.03955	0.01724	0.37257	0.02193	0.01778	0.02376	0.02146	0.15536	0.02000	0.01074	0.00939	0.00284	0.01128	0.01165	0.00466	0.00966
13	0.01407	0.00898	0.01256	0.01348	0.01528	0.00895	0.01081	0.01692	0.01711	0.08309	0.03831	0.25147	0.04106	0.02958	0.14106	0.00530	0.00939	0.26768	0.00712	0.00777
14	0.04273	0.00795	0.01063	0.01099	0.01164	0.00830	0.00755	0.01244	0.01260	0.01787	0.02460	0.17828	0.02684	0.16791	0.18361	0.24373	0.01019	0.01169	0.00491	0.00555
15	0.02810	0.15461	0.02578	0.01784	0.05924	0.02182	0.01417	0.26412	0.07879	0.18545	0.02203	0.02157	0.01580	0.00921	0.00745	0.00232	0.00799	0.00709	0.04390	0.01271
16	0.01336	0.00937	0.01124	0.01047	0.01301	0.00888	0.00795	0.01861	0.08087	0.06139	0.42143	0.05778	0.17918	0.01610	0.00916	0.00257	0.00427	0.01390	0.05220	0.00828
17	0.01214	0.00841	0.01079	0.01177	0.01312	0.00818	0.00872	0.04229	0.01837	0.02539	0.13274	0.40856	0.05093	0.02137	0.00985	0.00309	0.00518	0.12389	0.07787	0.00733
18	0.01829	0.01810	0.03275	0.26744	0.34176	0.01908	0.13653	0.02368	0.01783	0.02444	0.01519	0.02095	0.01206	0.00746	0.00834	0.00257	0.01079	0.00766	0.00389	0.01119
19	0.01390	0.01165	0.01218	0.01295	0.01436	0.07412	0.00909	0.07400	0.01845	0.02358	0.03915	0.57507	0.04560	0.02224	0.00984	0.00309	0.00608	0.01980	0.00726	0.00756
20	0.01739	0.01476	0.01713	0.01229	0.01947	0.01140	0.00985	0.04531	0.01769	0.02744	0.01463	0.01693	0.01209	0.00616	0.00609	0.00125	0.00613	0.00491	0.00494	0.73415
21	0.02725	0.01687	0.01999	0.01583	0.02136	0.01740	0.01293	0.30053	0.02733	0.20564	0.02275	0.02378	0.01655	0.01939	0.13892	0.00440	0.01061	0.00756	0.00758	0.08333
22	0.01155	0.00821	0.01046	0.00994	0.01149	0.00770	0.00712	0.01463	0.02080	0.02928	0.53675	0.05915	0.06742	0.15217	0.01573	0.00358	0.00461	0.01412	0.00815	0.00712
23	0.03159	0.01074	0.01700	0.11490	0.02257	0.01066	0.09717	0.01550	0.01726	0.02316	0.09930	0.33466	0.13707	0.01822	0.00959	0.00295	0.00673	0.01665	0.00654	0.00775
24	0.09515	0.01799	0.02206	0.14866	0.02885	0.01998	0.03992	0.32620	0.02702	0.06413	0.04410	0.02192	0.01557	0.01111	0.01014	0.07348	0.00877	0.00742	0.00647	0.01107
25	0.01000	0.00711	0.00938	0.01116	0.01160	0.00666	0.00738	0.01133	0.01532	0.02042	0.04361	0.67147	0.05227	0.06540	0.01215	0.00356	0.00489	0.02241	0.00738	0.00649
26	0.02371	0.01512	0.01687	0.01405	0.01844	0.01587	0.01100	0.19899	0.15173	0.15826	0.03182	0.03423	0.07849	0.10906	0.01267	0.00325	0.00696	0.00939	0.07893	0.01116
27	0.01820	0.01013	0.01288	0.01213	0.01501	0.00934	0.00920	0.05563	0.02032	0.19031	0.12235	0.29354	0.13216	0.01863	0.00950	0.00289	0.00545	0.04489	0.00838	0.00907
28	0.01074	0.00832	0.00984	0.00985	0.01207	0.00742	0.00754	0.01366	0.02023	0.02647	0.31394	0.09839	0.33329	0.01931	0.00978	0.00279	0.00436	0.07668	0.00810	0.00723
29	0.01065	0.00829	0.01259	0.01319	0.01430	0.00774	0.05934	0.01251	0.01583	0.02115	0.04238	0.65274	0.05025	0.02389	0.01029	0.00325	0.00545	0.02195	0.00725	0.00695
30	0.01005	0.00716	0.00945	0.01113	0.01164	0.00670	0.00741	0.01151	0.01569	0.02101	0.07200	0.64734	0.05352	0.05908	0.01185	0.00349	0.00482	0.02213	0.00747	0.00656
31	0.02018	0.01743	0.01835	0.01651	0.02110	0.02018	0.01284	0.04312	0.64956	0.03394	0.03303	0.03027	0.02477	0.01101	0.00826	0.00275	0.00642	0.00917	0.00826	0.01284
32	0.02041	0.01729	0.01584	0.01411	0.01737	0.14307	0.01098	0.15715	0.02249	0.03045	0.07934	0.02800	0.02224	0.02175	0.16214	0.00467	0.01115	0.00796	0.20434	0.00924
33	0.01779	0.01694	0.02880	0.36061	0.37132	0.01868	0.02376	0.02289	0.01739	0.02373	0.01486	0.02083	0.01187	0.00765	0.00807	0.00255	0.01021	0.00722	0.00382	0.01100
34	0.08211	0.00872	0.00957	0.00984	0.01207	0.00813	0.00731	0.01367	0.01828	0.02525	0.18187	0.21379	0.31692	0.01972	0.00940	0.00285	0.00453	0.04123	0.00758	0.00716
35	0.30809	0.01466	0.01578	0.01247	0.01849	0.01403	0.01022	0.02927	0.01822	0.28453	0.02020	0.01972	0.01399	0.00818	0.00649	0.00221	0.00646	0.00598	0.00696	0.18405
36	0.01281	0.00883	0.01010	0.00977	0.01083	0.00894	0.00638	0.01620	0.07439	0.02277	0.17863	0.05071	0.03957	0.41797	0.02739	0.00557	0.00639	0.01186	0.07432	0.00655
37	0.10074	0.01329	0.01652	0.01321	0.01816	0.01241	0.01045	0.06335	0.02088	0.45132	0.02816	0.03079	0.02053	0.14665	0.01430	0.00355	0.00714	0.00847	0.00848	0.01161
38	0.02508	0.01206	0.01582	0.01300	0.01788	0.01024	0.01022	0.02795	0.02020	0.35909	0.06792	0.18381	0.02949	0.01317	0.00833	0.00244	0.00605	0.01131	0.00839	0.15755
39	0.09999	0.01614	0.01881	0.01520	0.02095	0.01646	0.01235	0.12036	0.18763	0.36084	0.02864	0.02586	0.01940	0.01002	0.00789	0.00256	0.00700	0.00796	0.00885	0.01309
40	0.01944	0.43797	0.30453	0.01773	0.02677	0.02659	0.02058	0.02488	0.01676	0.02184	0.01264	0.01473	0.01036	0.00726	0.00625	0.00208	0.01006	0.00503	0.00345	0.01107
41	0.12725	0.02219	0.02042	0.01660	0.02229	0.17006	0.01334	0.19941	0.02606	0.27079	0.02148	0.02057	0.01472	0.00925	0.00755	0.00239	0.00915	0.00677	0.00753	0.01216
42	0.01777	0.00968	0.01286	0.01127	0.01429	0.00873	0.00873	0.02142	0.02303	0.19324	0.50159	0.05229	0.06232	0.01494	0.00921	0.00254	0.00460	0.01303	0.00921	0.00921
43	0.02799	0.01915	0.02418	0.02454	0.17010	0.02012	0.01643	0.27389	0.12346	0.17993	0.02335	0.02307	0.01665	0.00942	0.00813	0.00249	0.00826	0.00776	0.00762	0.01344
44	0.02587	0.01984	0.01988	0.01598	0.02079	0.08346	0.01247	0.36198	0.02844	0.07405	0.02061	0.02702	0.01732	0.17108	0.01552	0.00357	0.00894	0.00803	0.00690	0.05825
45	0.00986	0.00717	0.00930	0.01101	0.01169	0.00662	0.00740	0.01133	0.01581	0.02083	0.04826	0.64998	0.11094	0.02496	0.01028	0.00324	0.00465	0.02251	0.00753	0.00662
46	0.01908	0.01860	0.03274	0.17198	0.48741	0.01916	0.08354	0.02421	0.01811	0.02535	0.01521	0.02055	0.01241	0.00736	0.00820	0.00250	0.01026	0.00745	0.00395	0.01193
47	0.01847	0.00925	0.01246	0.01231	0.01466	0.00832	0.00895	0.02044	0.01802	0.23079	0.04061	0.48885	0.04280	0.02044	0.00965	0.00304	0.00542	0.01824	0.00834	0.00893
48	0.01094	0.00827	0.01009	0.00963	0.01179	0.00742	0.00723	0.01425	0.02168	0.02948	0.49326	0.06565	0.24515	0.01773	0.00958	0.00261	0.00391	0.01538	0.00853	0.00742
49	0.01733	0.17358	0.55041	0.02133	0.03234	0.02142	0.02685	0.02543	0.01701	0.02441	0.01392	0.01633	0.01030	0.00756	0.00722	0.00241	0.01135	0.00567	0.00343	0.01169
50	0.01318	0.01059	0.01635	0.01972	0.14001	0.01154	0.01241	0.01611	0.01411	0.02014	0.02196	0.06498	0.02132	0.10771	0.46058	0.01003	0.01729	0.00940	0.00449	0.00809
51	0.77215	0.01569	0.01193	0.01067	0.01569	0.01820	0.00879	0.02385	0.01381	0.03641	0.01130	0.01318	0.00879	0.00753	0.00502	0.00251	0.00628	0.00439	0.00502	0.00879
52	0.01160	0.00830	0.01135	0.01302	0.01431	0.00805	0.01030	0.01437	0.01771	0.02346	0.09466	0.34870	0.05209	0.02320	0.01071	0.00345	0.00601	0.31396	0.00762	0.00712
53	0.02155	0.02190	0.09285	0.03213	0.27108	0.01947	0.10637	0.16485	0.02270	0.03200	0.01620	0.01941	0.01262	0.00761	0.00793	0.00229	0.00972	0.00709	0.00503	0.12719
54	0.02046	0.01893	0.03089	0.13759	0.51646	0.01968	0.02365	0.08388	0.02007	0.02809	0.01555	0.02024	0.01266	0.00760	0.00805	0.00245	0.00974	0.00723	0.00436	0.01240
55	0.01763	0.03094	0.39768	0.02100	0.02993	0.01770	0.07820	0.10874	0.02137	0.03059	0.14073	0.02633	0.02382	0.00964	0.00830	0.00256	0.01013	0.00819	0.00521	0.01131
56	0.02267	0.08604	0.06539	0.03078	0.29505	0.02053	0.01921	0.08982	0.16529	0.09244	0.02096	0.02226	0.01600	0.00861	0.00782	0.00245	0.00861	0.00743	0.00589	0.01276
57	0.01259	0.00989	0.01172	0.01246	0.01439	0.01008	0.00921	0.01931	0.16175	0.02436	0.04754	0.38339	0.13869	0.02101	0.00986	0.00314	0.00534	0.08940	0.00769	0.00817
58	0.03326	0.01451	0.01874	0.01484	0.02079	0.01353	0.01210	0.04024	0.14485	0.54636	0.03221	0.02813	0.02100	0.01023	0.00818	0.00256	0.00681	0.00836	0.00970	0.01362
59	0.01441	0.01043	0.01284	0.01325	0.01509	0.01059	0.00986	0.13362	0.02038	0.02713	0.03957	0.48671	0.04492	0.02194	0.01004	0.00319	0.00592	0.10432	0.00764	0.00812
60	0.00989	0.00706	0.00942	0.01130	0.01177	0.00659	0.00753	0.01130	0.01554	0.02071	0.04472	0.70954	0.05367	0.02542	0.01036	0.00330	0.00471	0.02307	0.00753	0.00659
61	0.02662	0.02128	0.02248	0.02078	0.08551	0.08531	0.01516	0.25911	0.24283	0.09818	0.02422	0.02354	0.01773	0.00983	0.00808	0.00252	0.00850	0.00782	0.00757	0.01296
62	0.01610	0.01344	0.01610	0.01259	0.01876	0.01053	0.01029	0.01973	0.01719	0.02602	0.01996	0.03133	0.01875	0.00919	0.00702	0.00169	0.00629	0.12225	0.00532	0.61745
63	0.01285	0.01028	0.01122	0.01067	0.01313	0.01027	0.00778	0.01968	0.16288	0.02576	0.18360	0.05860	0.26912	0.15054	0.01536	0.00368	0.00530	0.01376	0.00750	0.00803

[dist]
# distance from previous block
# <min> <max>
0	1

[block]
# block no. 5 follows, 23 sequences, length 20
# corresponding to MSA columns:
# 494-513
name=unknown_F
#
# <colnr> <probs for GDERKNQSTAVLIFYWHMCP>
#	G	D	E	R	K	N	Q	S	T	A	V	L	I	F	Y	W	H	M	C	P
0	0.01012	0.00742	0.00969	0.01101	0.01193	0.00699	0.00760	0.01192	0.01627	0.02166	0.09707	0.53177	0.12032	0.02703	0.06458	0.00396	0.00595	0.02056	0.00739	0.00676
1	0.01081	0.00783	0.00967	0.01000	0.01121	0.00727	0.00688	0.01292	0.01793	0.02424	0.27222	0.25556	0.13958	0.15786	0.01608	0.00385	0.00493	0.01695	0.00753	0.00669
2	0.01754	0.01373	0.01632	0.01198	0.01857	0.01055	0.00956	0.02114	0.01790	0.06922	0.08437	0.02220	0.01943	0.00740	0.00653	0.00143	0.00584	0.00608	0.00559	0.63463
3	0.01041	0.00725	0.00908	0.01054	0.01143	0.00672	0.00717	0.01215	0.01604	0.02187	0.04716	0.56333	0.12115	0.02315	0.00977	0.00308	0.00454	0.02072	0.08772	0.00672
4	0.54365	0.02164	0.14395	0.01399	0.02054	0.01907	0.01369	0.08958	0.01706	0.03586	0.01282	0.01463	0.00962	0.00780	0.00588	0.00251	0.00769	0.00502	0.00504	0.00996
5	0.01053	0.00841	0.00960	0.01026	0.01257	0.00748	0.00810	0.01297	0.01829	0.02244	0.06860	0.13679	0.44618	0.02147	0.01008	0.00305	0.00505	0.17361	0.00752	0.00699
6	0.01457	0.00955	0.01189	0.01185	0.01398	0.00926	0.00875	0.01934	0.09232	0.09408	0.17981	0.28414	0.09675	0.06199	0.01160	0.00325	0.00528	0.05525	0.00803	0.00830
7	0.01130	0.00891	0.01032	0.01064	0.01265	0.00847	0.00771	0.01591	0.09210	0.02495	0.17470	0.28747	0.26411	0.02036	0.00970	0.00290	0.00453	0.01778	0.00789	0.00762
8	0.01749	0.01502	0.01713	0.01291	0.01960	0.01267	0.01025	0.02492	0.14196	0.02792	0.01810	0.01949	0.01454	0.00700	0.00645	0.00151	0.00609	0.00567	0.00549	0.61580
9	0.01100	0.00810	0.00998	0.00980	0.01149	0.00742	0.00705	0.01380	0.02005	0.02737	0.41419	0.13210	0.17586	0.09988	0.01337	0.00329	0.00445	0.01568	0.00806	0.00707
10	0.01362	0.00840	0.01104	0.01130	0.01276	0.00795	0.00808	0.01574	0.01746	0.09003	0.17589	0.30965	0.04917	0.13934	0.04650	0.00430	0.00625	0.05760	0.00751	0.00739
11	0.01520	0.00895	0.01102	0.01064	0.01317	0.00791	0.00785	0.01746	0.01894	0.14760	0.14394	0.25037	0.24968	0.04574	0.01074	0.00303	0.00492	0.01658	0.00812	0.00816
12	0.22585	0.01928	0.01976	0.01585	0.02170	0.02132	0.01299	0.34033	0.10345	0.11113	0.02028	0.01998	0.01446	0.00934	0.00732	0.00250	0.00771	0.00685	0.00752	0.01236
13	0.01771	0.01769	0.02828	0.38890	0.18746	0.05153	0.07444	0.02257	0.01691	0.02232	0.01429	0.02055	0.01137	0.00846	0.01013	0.00270	0.08355	0.00731	0.00376	0.01005
14	0.01272	0.01052	0.01522	0.21110	0.05489	0.01133	0.01261	0.01499	0.01597	0.02041	0.04037	0.16921	0.21468	0.01804	0.01287	0.10597	0.03306	0.01317	0.00554	0.00733
15	0.01264	0.00945	0.01108	0.01130	0.01330	0.00935	0.00836	0.01724	0.12498	0.02245	0.04979	0.18563	0.25321	0.02151	0.01391	0.14945	0.00548	0.06675	0.00688	0.00724
16	0.02301	0.10396	0.02740	0.07037	0.15997	0.02278	0.01763	0.16445	0.09543	0.07241	0.01796	0.02043	0.01407	0.00979	0.01133	0.00262	0.14177	0.00716	0.00565	0.01181
17	0.26504	0.01596	0.02070	0.15592	0.17970	0.01675	0.01571	0.02396	0.01655	0.07180	0.01479	0.01809	0.01147	0.00749	0.00673	0.00230	0.00798	0.00595	0.00480	0.13832
18	0.02419	0.08410	0.02393	0.04728	0.05428	0.01831	0.05608	0.17212	0.02394	0.17822	0.07938	0.03105	0.09511	0.01131	0.00965	0.00255	0.06098	0.00909	0.00709	0.01134
19	0.01918	0.01762	0.05632	0.19728	0.07383	0.01780	0.10142	0.02362	0.01691	0.09125	0.01586	0.02030	0.01230	0.00887	0.01155	0.00254	0.14614	0.00709	0.00459	0.15554

[dist]
