[name]
unknown

[dist]
# distance from previous block
# <min> <max>
7	85

[block]
# block no. 0 follows, 18 sequences, length 17
# corresponding to MSA columns:
# 353-369
name=unknown_A
#
# <colnr> <probs for GDERKNQSTAVLIFYWHMCP>
#	G	D	E	R	K	N	Q	S	T	A	V	L	I	F	Y	W	H	M	C	P
0	0.02383	0.13451	0.18411	0.02224	0.03051	0.02415	0.07669	0.09101	0.08699	0.07363	0.01994	0.02198	0.01515	0.00990	0.01062	0.00274	0.07686	0.00761	0.00583	0.08168
1	0.02530	0.26269	0.16375	0.01860	0.02689	0.02584	0.01878	0.10911	0.06633	0.09128	0.02024	0.02285	0.01600	0.04955	0.01008	0.00285	0.01009	0.00717	0.00599	0.04661
2	0.02219	0.06647	0.17521	0.02320	0.07244	0.04340	0.04653	0.06892	0.08120	0.06221	0.05450	0.05537	0.02131	0.01093	0.00999	0.00270	0.04756	0.00886	0.00612	0.12087
3	0.06435	0.21960	0.09131	0.01902	0.02663	0.07069	0.05097	0.09451	0.06295	0.11463	0.02357	0.02411	0.04356	0.00992	0.00799	0.00251	0.01007	0.00760	0.00641	0.04958
4	0.04997	0.05877	0.11332	0.06334	0.02398	0.01595	0.01519	0.08261	0.02160	0.07987	0.09056	0.09162	0.08665	0.06337	0.01518	0.09094	0.00859	0.01156	0.00679	0.01014
5	0.02359	0.20242	0.09332	0.02365	0.10101	0.05198	0.05645	0.03051	0.08379	0.09472	0.07935	0.07245	0.02580	0.01145	0.00866	0.00269	0.00971	0.00964	0.00641	0.01242
6	0.02414	0.47262	0.17877	0.01891	0.02775	0.09437	0.02008	0.02879	0.01957	0.02340	0.01376	0.01598	0.01175	0.00822	0.00678	0.00222	0.01136	0.00544	0.00400	0.01208
7	0.02486	0.34884	0.07600	0.01745	0.02471	0.06523	0.01625	0.13301	0.02373	0.02999	0.01893	0.08189	0.01751	0.01058	0.00751	0.00232	0.00982	0.00788	0.00556	0.07792
8	0.26006	0.27839	0.02911	0.01524	0.02173	0.02692	0.01344	0.03311	0.15344	0.06186	0.01963	0.02013	0.01548	0.00931	0.00679	0.00256	0.00824	0.00641	0.00612	0.01201
9	0.01304	0.00912	0.01164	0.01178	0.01251	0.00946	0.00783	0.01456	0.01545	0.02128	0.08951	0.11466	0.03858	0.37514	0.20662	0.00942	0.01249	0.01396	0.00614	0.00681
10	0.01116	0.00893	0.00999	0.01054	0.01280	0.00776	0.00760	0.01347	0.02045	0.02559	0.13227	0.25689	0.40144	0.02442	0.01110	0.00326	0.00482	0.02107	0.00868	0.00776
11	0.02749	0.02691	0.17657	0.02095	0.02879	0.02117	0.02059	0.26418	0.03059	0.11650	0.02776	0.03890	0.02298	0.01336	0.00978	0.00310	0.01036	0.11838	0.00797	0.01366
12	0.01232	0.00862	0.01016	0.01092	0.01144	0.00827	0.00676	0.01313	0.01566	0.02055	0.04347	0.27912	0.10559	0.37795	0.03051	0.00645	0.00718	0.01850	0.00693	0.00647
13	0.11316	0.08978	0.02842	0.07716	0.09258	0.11125	0.05930	0.07069	0.04530	0.15698	0.05208	0.02496	0.01914	0.01000	0.00852	0.00271	0.01044	0.00808	0.00683	0.01262
14	0.07661	0.07563	0.08648	0.01661	0.02282	0.01813	0.01494	0.11164	0.05438	0.18231	0.09115	0.06414	0.06754	0.01725	0.05612	0.00373	0.00942	0.01049	0.00817	0.01244
15	0.02547	0.15961	0.14962	0.01904	0.02730	0.02409	0.01858	0.18697	0.07024	0.06746	0.06216	0.02434	0.02011	0.01009	0.00827	0.00250	0.00961	0.00775	0.00680	0.09999
16	0.07549	0.02631	0.17245	0.02690	0.15349	0.01933	0.02125	0.10219	0.02328	0.10507	0.01942	0.02145	0.01441	0.00877	0.00827	0.00249	0.00989	0.00713	0.00608	0.17632

[dist]
# distance from previous block
# <min> <max>
7	44

[block]
# block no. 1 follows, 18 sequences, length 12
# corresponding to MSA columns:
# 414-425
name=unknown_B
#
# <colnr> <probs for GDERKNQSTAVLIFYWHMCP>
#	G	D	E	R	K	N	Q	S	T	A	V	L	I	F	Y	W	H	M	C	P
0	0.01687	0.06815	0.22270	0.01801	0.02496	0.01638	0.01843	0.02491	0.08352	0.02949	0.11391	0.18202	0.03620	0.01507	0.00941	0.00289	0.00861	0.01291	0.00665	0.08891
1	0.02335	0.12164	0.15783	0.02188	0.03023	0.06532	0.08340	0.10274	0.09884	0.03257	0.02112	0.02576	0.01703	0.00989	0.00858	0.00260	0.01088	0.03624	0.00590	0.12421
2	0.01933	0.15789	0.09540	0.04290	0.02313	0.01929	0.01518	0.06139	0.07159	0.05097	0.05372	0.16569	0.03030	0.06807	0.08062	0.00461	0.01043	0.01228	0.00651	0.01069
3	0.02260	0.11196	0.13715	0.02096	0.02813	0.07738	0.05600	0.06587	0.15130	0.03070	0.02253	0.05900	0.01876	0.01097	0.01002	0.00271	0.05495	0.00863	0.00602	0.10439
4	0.02178	0.09276	0.02393	0.02038	0.06979	0.05086	0.03889	0.09002	0.10117	0.06640	0.03274	0.20089	0.03252	0.06355	0.01243	0.00350	0.00874	0.05098	0.00745	0.01121
5	0.02401	0.01591	0.02075	0.15057	0.03040	0.01510	0.01472	0.03072	0.08737	0.18047	0.03054	0.03115	0.07051	0.01056	0.00857	0.00245	0.00807	0.00877	0.00737	0.25199
6	0.01897	0.01972	0.08562	0.01497	0.02372	0.01323	0.01339	0.02377	0.01908	0.02983	0.01634	0.01908	0.01339	0.00701	0.00701	0.00153	0.00754	0.00559	0.00527	0.65496
7	0.01595	0.00797	0.01196	0.01196	0.01196	0.00797	0.00797	0.01196	0.01196	0.01595	0.01595	0.02791	0.01595	0.03190	0.03589	0.73285	0.00797	0.00797	0.00399	0.00399
8	0.01349	0.00977	0.01321	0.01515	0.01692	0.00949	0.01244	0.01685	0.02016	0.02616	0.05295	0.25481	0.10323	0.02610	0.01227	0.00400	0.00729	0.36910	0.00848	0.00813
9	0.10434	0.12575	0.08129	0.18502	0.12157	0.06657	0.02104	0.06968	0.08464	0.03063	0.01808	0.02155	0.01413	0.00923	0.00818	0.00274	0.01081	0.00728	0.00527	0.01222
10	0.11000	0.05603	0.07132	0.02763	0.13433	0.02130	0.10896	0.02668	0.05431	0.02964	0.02364	0.02711	0.06702	0.01080	0.01185	0.00287	0.10858	0.00873	0.00529	0.09389
11	0.10890	0.01954	0.02546	0.22354	0.06491	0.02227	0.01926	0.18302	0.02589	0.13139	0.02035	0.02335	0.01467	0.01050	0.01058	0.00298	0.06584	0.00799	0.00685	0.01272

[dist]
# distance from previous block
# <min> <max>
0	39

[block]
# block no. 2 follows, 18 sequences, length 49
# corresponding to MSA columns:
# 465-513
name=unknown_C
#
# <colnr> <probs for GDERKNQSTAVLIFYWHMCP>
#	G	D	E	R	K	N	Q	S	T	A	V	L	I	F	Y	W	H	M	C	P
0	0.01793	0.01782	0.05744	0.02438	0.12653	0.01680	0.06827	0.05244	0.09885	0.03024	0.08575	0.04697	0.18885	0.02014	0.07276	0.00418	0.04003	0.01252	0.00691	0.01120
1	0.24867	0.06948	0.02612	0.24311	0.13613	0.08262	0.01957	0.02696	0.01870	0.02991	0.01490	0.01968	0.01183	0.00874	0.00773	0.00279	0.01064	0.00670	0.00472	0.01101
2	0.01694	0.01523	0.01918	0.02284	0.13416	0.07436	0.01451	0.02039	0.01797	0.02421	0.02961	0.08769	0.06708	0.04162	0.32548	0.00879	0.01705	0.01111	0.04219	0.00960
3	0.02139	0.01918	0.02262	0.08408	0.05603	0.09753	0.06161	0.08156	0.09221	0.05175	0.09792	0.15819	0.03474	0.06411	0.01269	0.00347	0.00953	0.01327	0.00730	0.01083
4	0.07201	0.02645	0.02788	0.08844	0.13792	0.22382	0.06099	0.02799	0.02054	0.02558	0.01765	0.05141	0.01576	0.01645	0.07308	0.00404	0.08585	0.00839	0.00481	0.01094
5	0.02640	0.14881	0.03008	0.07744	0.11943	0.02377	0.01790	0.19968	0.02747	0.08501	0.02665	0.03105	0.06126	0.01136	0.00874	0.00267	0.00952	0.03946	0.00693	0.04635
6	0.02647	0.03078	0.02347	0.02101	0.02474	0.36097	0.01622	0.02912	0.02128	0.02292	0.01609	0.02115	0.01420	0.02179	0.13461	0.00494	0.11768	0.00696	0.00473	0.08089
7	0.01724	0.01235	0.01513	0.01256	0.01732	0.01022	0.00971	0.02107	0.02253	0.08104	0.26881	0.08325	0.10129	0.01475	0.00927	0.00239	0.00561	0.01270	0.00827	0.27447
8	0.01472	0.00964	0.01226	0.01222	0.01396	0.00954	0.00868	0.01667	0.01702	0.07129	0.04449	0.16132	0.14764	0.21148	0.19900	0.00804	0.01182	0.01538	0.00694	0.00789
9	0.01523	0.01711	0.12863	0.01502	0.01889	0.01199	0.01332	0.02063	0.06679	0.04903	0.09675	0.25052	0.08547	0.14775	0.01752	0.00437	0.00768	0.01661	0.00740	0.00928
10	0.02198	0.02200	0.14232	0.02330	0.08467	0.01668	0.11279	0.06867	0.02219	0.08256	0.02411	0.02748	0.01808	0.00965	0.00831	0.00261	0.00934	0.00859	0.28281	0.01186
11	0.01119	0.00799	0.01065	0.01278	0.01332	0.00746	0.00852	0.01278	0.01758	0.02344	0.05061	0.67132	0.06073	0.02877	0.01172	0.00373	0.00533	0.02610	0.00852	0.00746
12	0.02009	0.02009	0.02812	0.02411	0.02411	0.02812	0.02009	0.02210	0.01406	0.02210	0.01205	0.02009	0.01205	0.01607	0.03013	0.00402	0.66051	0.00804	0.00402	0.01004
13	0.02369	0.17483	0.35891	0.02342	0.03359	0.18165	0.02614	0.03069	0.02092	0.02589	0.01515	0.01773	0.01171	0.00874	0.00804	0.00258	0.01357	0.00618	0.00410	0.01247
14	0.01842	0.04749	0.62974	0.02617	0.03974	0.02132	0.03392	0.02908	0.01939	0.02908	0.01648	0.01939	0.01163	0.00872	0.00872	0.00291	0.01357	0.00678	0.00388	0.01357
15	0.01130	0.00917	0.01010	0.01072	0.01323	0.00797	0.00804	0.01367	0.02030	0.02480	0.08042	0.20326	0.45303	0.02453	0.01120	0.00333	0.00516	0.07348	0.00852	0.00776
16	0.01260	0.00919	0.01202	0.01294	0.01466	0.00861	0.00984	0.01582	0.02165	0.02916	0.25129	0.27416	0.12344	0.02396	0.01154	0.00349	0.00562	0.14279	0.00906	0.00813
17	0.02335	0.37501	0.06258	0.01878	0.02557	0.05977	0.06297	0.08108	0.02095	0.02609	0.01668	0.02071	0.01450	0.02014	0.13039	0.00468	0.01368	0.00681	0.00473	0.01153
18	0.01293	0.00872	0.01014	0.01055	0.01066	0.00862	0.00614	0.01324	0.01417	0.01890	0.03315	0.17899	0.03870	0.55115	0.03992	0.00790	0.00821	0.01583	0.00614	0.00593
19	0.01503	0.01333	0.07123	0.01319	0.01671	0.01012	0.01132	0.01992	0.02538	0.06791	0.52725	0.06191	0.07608	0.01742	0.01054	0.00289	0.00539	0.01528	0.00959	0.00950
20	0.02467	0.02061	0.02806	0.08291	0.20192	0.02305	0.02040	0.14390	0.14238	0.06077	0.05273	0.02740	0.02097	0.01139	0.01200	0.00302	0.09425	0.00909	0.00690	0.01356
21	0.01331	0.00849	0.01056	0.01110	0.01123	0.00835	0.00678	0.01294	0.01416	0.01887	0.03191	0.20912	0.03694	0.38699	0.03573	0.14842	0.00781	0.01555	0.00601	0.00574
22	0.01212	0.00902	0.01147	0.01296	0.01457	0.00838	0.00976	0.01469	0.01969	0.02546	0.08868	0.36090	0.18919	0.02611	0.01172	0.00367	0.00591	0.15925	0.00859	0.00784
23	0.02751	0.03549	0.29769	0.02339	0.03353	0.02527	0.02484	0.33805	0.03250	0.04495	0.01955	0.02085	0.01383	0.00999	0.00898	0.00282	0.01166	0.00760	0.00680	0.01470
24	0.01904	0.01632	0.01904	0.01360	0.02176	0.01224	0.01088	0.02312	0.01904	0.02992	0.01632	0.01904	0.01360	0.00680	0.00680	0.00136	0.00680	0.00544	0.00544	0.73344
25	0.02143	0.01832	0.02025	0.01872	0.02313	0.02122	0.01489	0.04263	0.47922	0.03578	0.03769	0.04428	0.03100	0.01468	0.01104	0.00334	0.04440	0.09576	0.00890	0.01333
26	0.02386	0.03070	0.20134	0.02773	0.09130	0.07941	0.11749	0.07309	0.08094	0.06400	0.02023	0.02263	0.01510	0.00901	0.00895	0.00268	0.01185	0.00795	0.00569	0.10607
27	0.01880	0.19012	0.34900	0.02129	0.03076	0.02240	0.04543	0.02560	0.01855	0.02568	0.02026	0.08742	0.01872	0.07379	0.01203	0.00334	0.01149	0.00904	0.00454	0.01173
28	0.01961	0.17109	0.51660	0.02414	0.03659	0.02424	0.03038	0.02877	0.01924	0.02762	0.01576	0.01848	0.01166	0.00855	0.00817	0.00272	0.01284	0.00642	0.00389	0.01322
29	0.01373	0.01154	0.01616	0.04310	0.13288	0.01093	0.01247	0.01675	0.02018	0.02650	0.11313	0.27264	0.23266	0.02127	0.01075	0.00322	0.00634	0.01884	0.00775	0.00915
30	0.02484	0.02177	0.08402	0.17541	0.06230	0.08102	0.05113	0.05055	0.02142	0.15895	0.02295	0.02904	0.01787	0.07882	0.07577	0.00462	0.01279	0.00885	0.00622	0.01167
31	0.02281	0.01569	0.02278	0.01895	0.02386	0.01534	0.10204	0.12390	0.02597	0.12761	0.09624	0.10376	0.09133	0.01658	0.01049	0.00319	0.00851	0.11438	0.04524	0.01133
32	0.01734	0.01632	0.02754	0.65524	0.06324	0.02040	0.02550	0.02346	0.01836	0.02346	0.01632	0.02448	0.01224	0.00918	0.00918	0.00306	0.01224	0.00816	0.00408	0.01020
33	0.02348	0.03217	0.27726	0.03136	0.15996	0.05328	0.07932	0.03140	0.04216	0.11259	0.02197	0.05582	0.01712	0.01008	0.00922	0.00290	0.01189	0.00888	0.00562	0.01352
34	0.02277	0.08246	0.16025	0.09640	0.19564	0.05769	0.13144	0.03043	0.05228	0.05589	0.01867	0.02260	0.01433	0.00873	0.00906	0.00281	0.01234	0.00816	0.00491	0.01311
35	0.01693	0.00980	0.01316	0.01355	0.01566	0.00901	0.01000	0.01965	0.02103	0.12774	0.15782	0.39091	0.05861	0.02356	0.01122	0.00347	0.00586	0.07356	0.00930	0.00916
36	0.01189	0.00921	0.01083	0.01070	0.01311	0.00815	0.00792	0.01509	0.02297	0.03031	0.33376	0.13728	0.31235	0.02170	0.01093	0.00306	0.00457	0.01875	0.00927	0.00815
37	0.02295	0.06378	0.23661	0.03593	0.22707	0.02187	0.10564	0.03127	0.05233	0.08518	0.01981	0.02290	0.01483	0.00881	0.00908	0.00283	0.01190	0.00814	0.00520	0.01387
38	0.02131	0.21040	0.21381	0.13549	0.03635	0.02465	0.05458	0.02981	0.07782	0.04905	0.01902	0.02198	0.01455	0.00908	0.00811	0.00267	0.01110	0.00728	0.04061	0.01232
39	0.01348	0.00979	0.01305	0.01401	0.01606	0.00936	0.01139	0.01733	0.02246	0.03011	0.25005	0.14680	0.11161	0.02323	0.01179	0.00362	0.00639	0.27203	0.00904	0.00837
40	0.01998	0.02131	0.07932	0.20431	0.11669	0.02093	0.10611	0.03213	0.19036	0.03004	0.02523	0.06974	0.02058	0.01106	0.00959	0.00307	0.01075	0.01029	0.00604	0.01246
41	0.04909	0.20713	0.29523	0.02098	0.03072	0.05530	0.02325	0.03278	0.08929	0.08488	0.01960	0.02075	0.01462	0.00922	0.00797	0.00265	0.01121	0.00684	0.00535	0.01314
42	0.01171	0.00876	0.01087	0.01157	0.01324	0.00792	0.00821	0.01438	0.02114	0.02818	0.24708	0.33650	0.19852	0.02418	0.01122	0.00330	0.00484	0.02140	0.00905	0.00792
43	0.01531	0.00993	0.01226	0.01135	0.01400	0.00895	0.00844	0.01867	0.02361	0.08995	0.38112	0.06858	0.19559	0.08481	0.01426	0.00353	0.00520	0.01619	0.00942	0.00883
44	0.02511	0.02418	0.09019	0.09708	0.22323	0.05224	0.06471	0.06353	0.07494	0.10692	0.02113	0.02430	0.01597	0.00997	0.01093	0.00294	0.06469	0.00845	0.00598	0.01349
45	0.12509	0.13434	0.06128	0.14243	0.18150	0.02522	0.02107	0.14477	0.02392	0.03476	0.01667	0.02029	0.01310	0.00898	0.00809	0.00269	0.01039	0.00712	0.00546	0.01283
46	0.01685	0.01477	0.07529	0.01552	0.01882	0.01219	0.01261	0.02393	0.12428	0.08380	0.04345	0.43070	0.04633	0.02218	0.01076	0.00345	0.00674	0.01974	0.00848	0.01012
47	0.01436	0.00821	0.01121	0.01163	0.01173	0.00811	0.00747	0.01248	0.01341	0.01788	0.02599	0.16125	0.02909	0.19527	0.03394	0.40709	0.00770	0.01287	0.00527	0.00506
48	0.14425	0.16010	0.08737	0.01508	0.02331	0.01969	0.01412	0.02532	0.01841	0.03002	0.01498	0.01746	0.01239	0.00752	0.00662	0.00190	0.00819	0.00539	0.00500	0.38289

[dist]
# distance from previous block
# <min> <max>
0	2

[block]
# block no. 3 follows, 18 sequences, length 31
# corresponding to MSA columns:
# 517-547
name=unknown_D
#
# <colnr> <probs for GDERKNQSTAVLIFYWHMCP>
#	G	D	E	R	K	N	Q	S	T	A	V	L	I	F	Y	W	H	M	C	P
0	0.19933	0.03267	0.23189	0.02474	0.08741	0.10327	0.02263	0.07543	0.02093	0.03297	0.01538	0.01854	0.01190	0.00964	0.01014	0.00290	0.07645	0.00661	0.00495	0.01222
1	0.03827	0.01584	0.02062	0.01600	0.02264	0.01435	0.01315	0.09132	0.02711	0.51720	0.03434	0.03072	0.02217	0.01127	0.00895	0.00276	0.00767	0.00908	0.08162	0.01493
2	0.02277	0.02694	0.18804	0.02123	0.02916	0.02078	0.06328	0.12120	0.20237	0.06776	0.03540	0.03482	0.10063	0.01227	0.00947	0.00298	0.00972	0.01028	0.00747	0.01341
3	0.01252	0.00922	0.01176	0.01173	0.01376	0.00846	0.00875	0.01615	0.02374	0.03261	0.42640	0.16729	0.15178	0.02129	0.01107	0.00312	0.00475	0.04768	0.00956	0.00834
4	0.05778	0.03066	0.29214	0.02346	0.03115	0.02080	0.07077	0.05660	0.01918	0.02890	0.02007	0.08543	0.01787	0.01743	0.06956	0.00425	0.12786	0.00950	0.00491	0.01168
5	0.02452	0.01611	0.01903	0.01552	0.02153	0.01530	0.01229	0.03540	0.20572	0.17517	0.12370	0.03467	0.03202	0.01158	0.00882	0.00251	0.00679	0.00968	0.00882	0.22080
6	0.01335	0.00890	0.01001	0.01001	0.01001	0.00890	0.00556	0.01335	0.01335	0.01780	0.02893	0.06009	0.03338	0.67731	0.04673	0.00890	0.00890	0.01335	0.00556	0.00556
7	0.74217	0.01776	0.01350	0.01207	0.01776	0.02060	0.00994	0.02699	0.01563	0.04120	0.01278	0.01492	0.00994	0.00852	0.00568	0.00284	0.00710	0.00497	0.00568	0.00994
8	0.03490	0.02572	0.02756	0.02113	0.02847	0.02847	0.01745	0.58942	0.04317	0.05787	0.02204	0.02204	0.01561	0.01102	0.00919	0.00276	0.01010	0.00827	0.00919	0.01561
9	0.01822	0.01793	0.02993	0.02439	0.02699	0.02116	0.16313	0.02158	0.01641	0.02364	0.02080	0.09856	0.02102	0.08610	0.07956	0.00520	0.29927	0.01145	0.00491	0.00975
10	0.01733	0.01208	0.04662	0.01404	0.01690	0.01036	0.01116	0.02062	0.02020	0.12279	0.17105	0.22773	0.04866	0.06744	0.14331	0.00592	0.01013	0.01607	0.00819	0.00942
11	0.02284	0.01972	0.02076	0.01869	0.02388	0.02284	0.01453	0.04879	0.60345	0.03841	0.03737	0.03426	0.02803	0.01246	0.00934	0.00311	0.00727	0.01038	0.00934	0.01453
12	0.20947	0.03317	0.20588	0.02531	0.03405	0.13901	0.16872	0.03006	0.02027	0.03105	0.01564	0.01910	0.01183	0.00856	0.00840	0.00284	0.01296	0.00721	0.00471	0.01177
13	0.01318	0.00941	0.01294	0.01506	0.01647	0.00917	0.01198	0.01623	0.01954	0.02567	0.04951	0.35805	0.05638	0.02689	0.01225	0.00400	0.00705	0.31971	0.00849	0.00801
14	0.01659	0.00971	0.01230	0.01198	0.01362	0.00993	0.00848	0.01884	0.01651	0.08317	0.03039	0.09625	0.02971	0.25434	0.20548	0.00830	0.01219	0.01208	0.14206	0.00806
15	0.01119	0.00799	0.01065	0.01278	0.01332	0.00746	0.00852	0.01278	0.01758	0.02344	0.05061	0.67132	0.06073	0.02877	0.01172	0.00373	0.00533	0.02610	0.00852	0.00746
16	0.01904	0.01632	0.01904	0.01360	0.02176	0.01224	0.01088	0.02312	0.01904	0.02992	0.01632	0.01904	0.01360	0.00680	0.00680	0.00136	0.00680	0.00544	0.00544	0.73344
17	0.02639	0.09234	0.03271	0.02409	0.03032	0.14140	0.13450	0.11109	0.20968	0.03360	0.02326	0.02463	0.01793	0.01046	0.01020	0.00286	0.04624	0.00868	0.00666	0.01299
18	0.03490	0.02572	0.02756	0.02113	0.02847	0.02847	0.01745	0.58942	0.04317	0.05787	0.02204	0.02204	0.01561	0.01102	0.00919	0.00276	0.01010	0.00827	0.00919	0.01561
19	0.02455	0.68284	0.04811	0.01571	0.02357	0.03633	0.01571	0.02749	0.01866	0.02160	0.01277	0.01473	0.01178	0.00786	0.00589	0.00196	0.00982	0.00491	0.00393	0.01178
20	0.01118	0.00906	0.00993	0.01024	0.01274	0.00781	0.00748	0.01362	0.02092	0.02603	0.14965	0.19644	0.44537	0.02374	0.01101	0.00319	0.00474	0.02031	0.00872	0.00781
21	0.02455	0.68284	0.04811	0.01571	0.02357	0.03633	0.01571	0.02749	0.01866	0.02160	0.01277	0.01473	0.01178	0.00786	0.00589	0.00196	0.00982	0.00491	0.00393	0.01178
22	0.01248	0.00914	0.01166	0.01318	0.01464	0.00864	0.00994	0.01489	0.01891	0.02442	0.05561	0.32421	0.15729	0.09041	0.01531	0.00428	0.00655	0.19259	0.00821	0.00764
23	0.01301	0.00949	0.01236	0.01246	0.01458	0.00885	0.00967	0.01693	0.02397	0.03296	0.41808	0.12344	0.12505	0.02119	0.01125	0.00323	0.00522	0.12027	0.00953	0.00845
24	0.01212	0.00908	0.01124	0.01128	0.01333	0.00820	0.00824	0.01541	0.02306	0.03122	0.37551	0.19813	0.20571	0.02190	0.01102	0.00311	0.00461	0.01922	0.00941	0.00820
25	0.01536	0.01616	0.07846	0.07891	0.02364	0.01461	0.04054	0.02065	0.06974	0.02437	0.03849	0.13832	0.12288	0.16744	0.04899	0.00508	0.06697	0.01401	0.00629	0.00909
26	0.27513	0.14761	0.02026	0.01299	0.01779	0.02065	0.01073	0.02819	0.11096	0.03324	0.02157	0.02608	0.01809	0.07516	0.01048	0.00317	0.00731	0.00733	0.14291	0.01035
27	0.10513	0.01986	0.02133	0.01762	0.02292	0.12475	0.06014	0.02973	0.02287	0.17018	0.14525	0.03328	0.03102	0.01666	0.06557	0.00371	0.01061	0.00952	0.00758	0.08228
28	0.01955	0.02546	0.18385	0.02158	0.08552	0.01649	0.01903	0.02734	0.06797	0.03041	0.01821	0.02076	0.01437	0.00792	0.00775	0.00205	0.00905	0.00648	0.00526	0.41095
29	0.02528	0.09358	0.15759	0.03262	0.20933	0.02427	0.04947	0.14341	0.08230	0.06322	0.02053	0.02272	0.01556	0.00938	0.00882	0.00275	0.01090	0.00797	0.00607	0.01423
30	0.42186	0.01746	0.01935	0.02157	0.13201	0.01869	0.01443	0.02927	0.01888	0.13157	0.02097	0.02786	0.01714	0.01060	0.00759	0.00296	0.00807	0.06152	0.00666	0.01157

[dist]
# distance from previous block
# <min> <max>
0	43

[block]
# block no. 4 follows, 18 sequences, length 13
# corresponding to MSA columns:
# 591-603
name=unknown_E
#
# <colnr> <probs for GDERKNQSTAVLIFYWHMCP>
#	G	D	E	R	K	N	Q	S	T	A	V	L	I	F	Y	W	H	M	C	P
0	0.02541	0.03228	0.17955	0.03185	0.14396	0.12802	0.11746	0.08930	0.07920	0.05440	0.01987	0.02254	0.01496	0.00927	0.00919	0.00281	0.01274	0.00815	0.00561	0.01343
1	0.06786	0.01538	0.01848	0.01464	0.02084	0.01387	0.01174	0.06388	0.02030	0.10116	0.02091	0.02466	0.01691	0.02316	0.16463	0.00505	0.01159	0.00715	0.00629	0.37150
2	0.01119	0.00799	0.01065	0.01278	0.01332	0.00746	0.00852	0.01278	0.01758	0.02344	0.05061	0.67132	0.06073	0.02877	0.01172	0.00373	0.00533	0.02610	0.00852	0.00746
3	0.01792	0.08189	0.02657	0.08351	0.10804	0.01766	0.07753	0.02046	0.01640	0.02233	0.01905	0.02983	0.01782	0.09733	0.14800	0.13946	0.05355	0.00899	0.00450	0.00915
4	0.01898	0.05918	0.04312	0.08719	0.14517	0.01691	0.01639	0.04674	0.08028	0.05868	0.14468	0.04736	0.16953	0.01439	0.00964	0.00288	0.00788	0.01232	0.00734	0.01134
5	0.01206	0.00852	0.01093	0.01194	0.01277	0.00804	0.00798	0.01402	0.01884	0.02566	0.18654	0.40202	0.06181	0.15323	0.01835	0.00453	0.00578	0.02125	0.00834	0.00739
6	0.03324	0.02676	0.23381	0.01977	0.02913	0.01623	0.02063	0.03927	0.02387	0.41777	0.02933	0.02711	0.01885	0.01044	0.00906	0.00286	0.00982	0.00838	0.00875	0.01491
7	0.05847	0.09141	0.11207	0.05468	0.09994	0.11030	0.17985	0.08751	0.06084	0.03150	0.01821	0.02164	0.01404	0.00889	0.00899	0.00278	0.01276	0.00812	0.00527	0.01273
8	0.02113	0.01872	0.11920	0.19383	0.03319	0.01488	0.01798	0.02662	0.02130	0.14862	0.09116	0.03784	0.08927	0.01227	0.00906	0.00284	0.00879	0.01028	0.11183	0.01118
9	0.01145	0.00841	0.01074	0.01209	0.01326	0.00770	0.00833	0.01362	0.01948	0.02592	0.15303	0.48710	0.14253	0.02629	0.01145	0.00350	0.00506	0.02354	0.00879	0.00770
10	0.01924	0.03183	0.29200	0.20330	0.12825	0.02144	0.11881	0.02748	0.01968	0.02773	0.01688	0.02209	0.01257	0.00862	0.00923	0.00295	0.01314	0.00800	0.00415	0.01260
11	0.02301	0.14142	0.28499	0.11040	0.03649	0.09074	0.02475	0.03183	0.07568	0.06903	0.01896	0.02127	0.01409	0.00926	0.00837	0.00273	0.01210	0.00709	0.00505	0.01273
12	0.02033	0.08505	0.06128	0.08560	0.11194	0.01911	0.01695	0.10323	0.07763	0.03195	0.02893	0.18575	0.02777	0.01449	0.00915	0.00292	0.00852	0.01249	0.08540	0.01150

[dist]
# distance from previous block
# <min> <max>
0	22

[block]
# block no. 5 follows, 18 sequences, length 98
# corresponding to MSA columns:
# 630-727
name=unknown_F
#
# <colnr> <probs for GDERKNQSTAVLIFYWHMCP>
#	G	D	E	R	K	N	Q	S	T	A	V	L	I	F	Y	W	H	M	C	P
0	0.31661	0.18266	0.12843	0.01669	0.02416	0.02463	0.01659	0.08838	0.02041	0.03526	0.01702	0.02285	0.01441	0.00989	0.00714	0.00273	0.00928	0.04581	0.00554	0.01151
1	0.01425	0.01377	0.05936	0.08379	0.02171	0.01262	0.01329	0.01773	0.01916	0.02590	0.11713	0.14590	0.15764	0.09143	0.01645	0.00395	0.07086	0.07160	0.03484	0.00860
2	0.09764	0.01097	0.01346	0.01268	0.01562	0.01046	0.00955	0.02168	0.02284	0.12855	0.31836	0.20343	0.06161	0.01889	0.01022	0.00308	0.00544	0.01645	0.00943	0.00963
3	0.03136	0.02339	0.02540	0.02039	0.02693	0.02588	0.01684	0.46729	0.10199	0.05238	0.02666	0.03239	0.02109	0.01276	0.00959	0.00296	0.00961	0.06926	0.00912	0.01471
4	0.01408	0.01114	0.01694	0.15493	0.02585	0.01310	0.01378	0.01755	0.01536	0.02133	0.02335	0.03668	0.02197	0.13569	0.42398	0.01142	0.01982	0.00993	0.00482	0.00829
5	0.01132	0.00840	0.01057	0.01197	0.01318	0.00765	0.00824	0.01336	0.01916	0.02518	0.12122	0.49159	0.17141	0.02659	0.01145	0.00351	0.00509	0.02375	0.00870	0.00765
6	0.01703	0.03896	0.49383	0.02309	0.03398	0.01841	0.02836	0.02600	0.01992	0.02932	0.08636	0.09610	0.02529	0.01202	0.00928	0.00300	0.01165	0.00998	0.00507	0.01236
7	0.01507	0.00984	0.01294	0.01190	0.01443	0.00902	0.00902	0.01934	0.02601	0.08016	0.57263	0.06584	0.08194	0.01823	0.01071	0.00288	0.00459	0.01606	0.01020	0.00918
8	0.01106	0.00931	0.00959	0.00952	0.01253	0.00784	0.00714	0.01358	0.02142	0.02598	0.14399	0.08643	0.56460	0.02282	0.01085	0.00308	0.00462	0.01911	0.00868	0.00784
9	0.07790	0.38153	0.14045	0.01842	0.02699	0.03090	0.01879	0.15125	0.02395	0.03227	0.01544	0.01715	0.01247	0.00875	0.00708	0.00236	0.01033	0.00597	0.00520	0.01280
10	0.02701	0.02598	0.03265	0.03329	0.18769	0.11554	0.07635	0.17924	0.02622	0.03460	0.01709	0.02126	0.01383	0.01082	0.01379	0.00300	0.15476	0.00810	0.00571	0.01306
11	0.03673	0.01662	0.02118	0.01691	0.02355	0.01577	0.01375	0.04573	0.16681	0.48323	0.03650	0.03198	0.02402	0.01163	0.00926	0.00291	0.00768	0.00951	0.01087	0.01536
12	0.01773	0.01672	0.02825	0.61175	0.10368	0.02050	0.02569	0.02380	0.01854	0.02393	0.01639	0.02435	0.01241	0.00911	0.00917	0.00304	0.01214	0.00816	0.00411	0.01052
13	0.01169	0.00933	0.01046	0.01018	0.01291	0.00811	0.00763	0.01479	0.02290	0.02949	0.29655	0.08066	0.40985	0.02151	0.01084	0.00302	0.00453	0.01830	0.00914	0.00811
14	0.01904	0.01632	0.01904	0.01360	0.02176	0.01224	0.01088	0.02312	0.01904	0.02992	0.01632	0.01904	0.01360	0.00680	0.00680	0.00136	0.00680	0.00544	0.00544	0.73344
15	0.01097	0.00884	0.00978	0.01053	0.01273	0.00765	0.00752	0.01304	0.01974	0.02432	0.07800	0.29471	0.41965	0.02521	0.01116	0.00332	0.00489	0.02176	0.00853	0.00765
16	0.01276	0.00938	0.01195	0.01131	0.01357	0.00856	0.00848	0.01687	0.02544	0.03551	0.55810	0.07075	0.14455	0.01926	0.01083	0.00291	0.00437	0.01691	0.00993	0.00856
17	0.02273	0.02182	0.03727	0.05636	0.62003	0.02182	0.02818	0.02818	0.02091	0.03000	0.01727	0.02273	0.01454	0.00818	0.00909	0.00273	0.01091	0.00818	0.00455	0.01454
18	0.01326	0.00921	0.01104	0.01168	0.01244	0.00904	0.00792	0.01451	0.01603	0.02096	0.04047	0.12485	0.08933	0.42563	0.03334	0.00696	0.00814	0.13197	0.00669	0.00653
19	0.01730	0.01528	0.02355	0.01926	0.02372	0.01531	0.13716	0.02764	0.16564	0.03558	0.34335	0.05060	0.05638	0.01481	0.01047	0.00299	0.00750	0.01382	0.00872	0.01091
20	0.01996	0.10279	0.02911	0.02182	0.02303	0.02727	0.01842	0.02231	0.01580	0.02347	0.07085	0.02413	0.01928	0.01530	0.02519	0.00365	0.51442	0.00847	0.00460	0.01013
21	0.02738	0.01752	0.02638	0.09954	0.23025	0.01747	0.01938	0.03413	0.07989	0.23450	0.09166	0.03202	0.02637	0.01096	0.00937	0.00286	0.00891	0.00968	0.00791	0.01379
22	0.04990	0.02592	0.16055	0.09531	0.12580	0.05102	0.02142	0.05157	0.02174	0.13111	0.01986	0.02221	0.01456	0.00885	0.00840	0.00252	0.01039	0.00724	0.00592	0.16572
23	0.02719	0.02139	0.02316	0.01937	0.02517	0.02420	0.01552	0.28282	0.30034	0.04528	0.02940	0.02908	0.02209	0.01732	0.07075	0.00409	0.01020	0.00940	0.00884	0.01439
24	0.21508	0.10207	0.02662	0.02036	0.02545	0.29720	0.03935	0.05253	0.02168	0.02885	0.01392	0.01688	0.01159	0.00976	0.00990	0.00267	0.08423	0.00609	0.00498	0.01078
25	0.01136	0.00895	0.01026	0.01072	0.01292	0.00785	0.00774	0.01387	0.02097	0.02675	0.18241	0.24876	0.35700	0.02394	0.01109	0.00324	0.00478	0.02073	0.00883	0.00785
26	0.02635	0.16151	0.03444	0.02303	0.02788	0.09708	0.07387	0.16383	0.02418	0.03147	0.01551	0.01953	0.01302	0.01159	0.01571	0.00301	0.23305	0.00749	0.00540	0.01206
27	0.01292	0.00952	0.01217	0.01191	0.01420	0.00877	0.00920	0.01695	0.02466	0.03393	0.46921	0.07582	0.15790	0.02024	0.01107	0.00309	0.00490	0.08537	0.00967	0.00851
28	0.02455	0.68284	0.04811	0.01571	0.02357	0.03633	0.01571	0.02749	0.01866	0.02160	0.01277	0.01473	0.01178	0.00786	0.00589	0.00196	0.00982	0.00491	0.00393	0.01178
29	0.01290	0.00942	0.01168	0.01151	0.01345	0.00876	0.00853	0.01615	0.02247	0.03058	0.36741	0.07418	0.16032	0.13316	0.01719	0.00410	0.00562	0.07572	0.00889	0.00796
30	0.02994	0.02093	0.02225	0.01762	0.02351	0.02291	0.01437	0.43077	0.03649	0.05127	0.02425	0.02545	0.01783	0.01093	0.00841	0.00258	0.00848	0.00835	0.21003	0.01364
31	0.01335	0.00890	0.01001	0.01001	0.01001	0.00890	0.00556	0.01335	0.01335	0.01780	0.02893	0.06009	0.03338	0.67731	0.04673	0.00890	0.00890	0.01335	0.00556	0.00556
32	0.09941	0.19372	0.02983	0.02019	0.02560	0.35280	0.01632	0.03386	0.07160	0.02542	0.01557	0.01761	0.01302	0.00953	0.00852	0.00245	0.04235	0.00605	0.00499	0.01116
33	0.05057	0.01776	0.03207	0.02446	0.03046	0.01703	0.27679	0.02548	0.07178	0.03212	0.19318	0.04557	0.11488	0.01326	0.01048	0.00303	0.00991	0.01325	0.00710	0.01082
34	0.02775	0.02357	0.13206	0.01873	0.02670	0.01859	0.01741	0.08904	0.18066	0.20563	0.02824	0.02697	0.01993	0.01037	0.00875	0.00267	0.00875	0.00836	0.00825	0.13759
35	0.25562	0.02323	0.02317	0.01830	0.02513	0.02602	0.01511	0.41390	0.03457	0.05266	0.01915	0.01982	0.01385	0.01024	0.00809	0.00278	0.00917	0.00724	0.00809	0.01385
36	0.58670	0.01951	0.01659	0.01406	0.02011	0.02233	0.01159	0.15063	0.02168	0.04486	0.01482	0.01648	0.01119	0.00907	0.00645	0.00282	0.00776	0.00570	0.00645	0.01119
37	0.01331	0.01011	0.01263	0.01271	0.01505	0.00876	0.00881	0.01536	0.01752	0.02447	0.04014	0.45283	0.04658	0.08673	0.01394	0.00366	0.00603	0.01983	0.00748	0.18404
38	0.08059	0.01899	0.07853	0.01682	0.02313	0.01592	0.01462	0.12672	0.02529	0.25186	0.03187	0.16714	0.02718	0.01433	0.00929	0.00292	0.00809	0.01195	0.00879	0.06598
39	0.02670	0.01971	0.02150	0.01858	0.02426	0.02202	0.01467	0.10082	0.46456	0.12623	0.03571	0.03263	0.02605	0.01216	0.00931	0.00304	0.00762	0.01001	0.00962	0.01480
40	0.22304	0.01840	0.02064	0.01628	0.02306	0.01864	0.01344	0.15984	0.02721	0.34845	0.02698	0.02496	0.01782	0.01055	0.00829	0.00282	0.00813	0.00791	0.00940	0.01414
41	0.02392	0.37625	0.09525	0.01738	0.02477	0.02632	0.05718	0.02828	0.02039	0.09222	0.06230	0.02383	0.01992	0.00943	0.00732	0.00232	0.00936	0.00726	0.08445	0.01184
42	0.01161	0.00840	0.01156	0.01322	0.01399	0.00834	0.00917	0.01358	0.01696	0.02297	0.04489	0.53168	0.05243	0.03758	0.15003	0.00615	0.00956	0.02253	0.00773	0.00762
43	0.01332	0.00967	0.01273	0.01274	0.01494	0.00908	0.01007	0.01752	0.02454	0.03391	0.44964	0.07815	0.10640	0.02061	0.01128	0.00323	0.00535	0.14863	0.00962	0.00856
44	0.01893	0.01711	0.02698	0.03694	0.32611	0.01772	0.02129	0.02336	0.02031	0.02795	0.03393	0.05243	0.09155	0.01544	0.01234	0.00332	0.07276	0.16387	0.00603	0.01165
45	0.08929	0.01723	0.02453	0.22185	0.03625	0.02090	0.04904	0.02677	0.10333	0.02809	0.02379	0.03761	0.02134	0.01377	0.01405	0.00345	0.14974	0.10262	0.00577	0.01059
46	0.01502	0.01303	0.02296	0.01956	0.02272	0.01381	0.13735	0.01896	0.01614	0.02275	0.02369	0.03592	0.02199	0.11465	0.44458	0.01162	0.02106	0.01040	0.00492	0.00886
47	0.01375	0.01052	0.01552	0.04860	0.02024	0.01039	0.03938	0.01719	0.01971	0.02576	0.04831	0.30295	0.07735	0.02487	0.01198	0.00388	0.00766	0.28553	0.00808	0.00833
48	0.02051	0.14632	0.16092	0.29922	0.04450	0.02375	0.02378	0.08675	0.02131	0.02810	0.01807	0.05428	0.01486	0.01004	0.00861	0.00283	0.01150	0.00819	0.00479	0.01167
49	0.02271	0.01675	0.02501	0.16662	0.19056	0.01737	0.01909	0.08107	0.02439	0.11962	0.15269	0.03761	0.06262	0.01221	0.00961	0.00287	0.00893	0.01074	0.00730	0.01223
50	0.01329	0.00974	0.01399	0.01451	0.01599	0.01077	0.01124	0.01628	0.01591	0.02217	0.03102	0.09613	0.03184	0.11907	0.42876	0.01157	0.01888	0.10506	0.00585	0.00793
51	0.01946	0.01670	0.01923	0.01416	0.02199	0.01341	0.01128	0.02596	0.08361	0.03086	0.01865	0.02072	0.01519	0.00743	0.00708	0.00155	0.00685	0.00599	0.00587	0.65401
52	0.02820	0.02031	0.02426	0.01915	0.02460	0.02214	0.01573	0.25230	0.02911	0.12106	0.06441	0.02578	0.02068	0.01203	0.01351	0.00282	0.15178	0.00848	0.00778	0.13589
53	0.01235	0.00848	0.01031	0.01130	0.01154	0.00823	0.00693	0.01309	0.01531	0.02041	0.03897	0.34327	0.04605	0.37684	0.03051	0.00651	0.00725	0.01926	0.00693	0.00644
54	0.01734	0.01632	0.02754	0.65524	0.06324	0.02040	0.02550	0.02346	0.01836	0.02346	0.01632	0.02448	0.01224	0.00918	0.00918	0.00306	0.01224	0.00816	0.00408	0.01020
55	0.02079	0.01736	0.01998	0.01443	0.02250	0.01403	0.01161	0.08569	0.02171	0.03301	0.01695	0.01937	0.01382	0.00727	0.00706	0.00151	0.00716	0.00575	0.00585	0.65413
56	0.01198	0.00856	0.01156	0.01369	0.01457	0.00814	0.00990	0.01416	0.01836	0.02433	0.05017	0.54652	0.05900	0.02802	0.01193	0.00384	0.00601	0.14308	0.00851	0.00768
57	0.01996	0.01546	0.01747	0.01577	0.01988	0.01680	0.01218	0.03626	0.34698	0.06886	0.26342	0.04753	0.05068	0.01487	0.00992	0.00301	0.00615	0.01276	0.00975	0.01229
58	0.01186	0.00859	0.01045	0.01138	0.01240	0.00799	0.00755	0.01349	0.01805	0.02378	0.11498	0.35593	0.15221	0.18462	0.02000	0.00479	0.00597	0.02080	0.00798	0.00718
59	0.01215	0.00923	0.01118	0.01095	0.01326	0.00826	0.00812	0.01559	0.02361	0.03177	0.39738	0.13059	0.25223	0.02112	0.01092	0.00303	0.00453	0.01836	0.00946	0.00826
60	0.01119	0.00799	0.01065	0.01278	0.01332	0.00746	0.00852	0.01278	0.01758	0.02344	0.05061	0.67132	0.06073	0.02877	0.01172	0.00373	0.00533	0.02610	0.00852	0.00746
61	0.02273	0.02182	0.03727	0.05636	0.62003	0.02182	0.02818	0.02818	0.02091	0.03000	0.01727	0.02273	0.01454	0.00818	0.00909	0.00273	0.01091	0.00818	0.00455	0.01454
62	0.01312	0.00984	0.01476	0.01476	0.01640	0.01148	0.01148	0.01640	0.01476	0.02131	0.02459	0.03607	0.02295	0.06886	0.64092	0.01476	0.02459	0.00984	0.00492	0.00820
63	0.01351	0.00908	0.01054	0.01077	0.01100	0.00908	0.00657	0.01397	0.01420	0.01886	0.03108	0.06484	0.03551	0.60603	0.04301	0.00839	0.00885	0.07293	0.00588	0.00588
64	0.01227	0.00890	0.01177	0.01374	0.01473	0.00860	0.00986	0.01527	0.04072	0.02473	0.04975	0.54674	0.05808	0.02754	0.01180	0.00379	0.00595	0.11931	0.00854	0.00791
65	0.02996	0.01642	0.02290	0.01820	0.02396	0.01566	0.06879	0.13406	0.02776	0.29672	0.12391	0.11555	0.03533	0.01430	0.00994	0.00297	0.00812	0.01249	0.00976	0.01319
66	0.02581	0.02352	0.04678	0.03372	0.04250	0.02231	0.44751	0.08616	0.02444	0.11943	0.02149	0.02545	0.01538	0.00859	0.01044	0.00303	0.01384	0.01035	0.00607	0.01317
67	0.01734	0.01632	0.02754	0.65524	0.06324	0.02040	0.02550	0.02346	0.01836	0.02346	0.01632	0.02448	0.01224	0.00918	0.00918	0.00306	0.01224	0.00816	0.00408	0.01020
68	0.38737	0.09177	0.18611	0.01718	0.02528	0.05339	0.01770	0.02941	0.01826	0.07805	0.01558	0.01740	0.01162	0.00877	0.00693	0.00275	0.00966	0.00582	0.00539	0.01157
69	0.01154	0.00824	0.01106	0.01319	0.01387	0.00776	0.00913	0.01339	0.01793	0.02383	0.05041	0.61606	0.05996	0.02844	0.01181	0.00378	0.00563	0.07790	0.00852	0.00755
70	0.03430	0.04376	0.02602	0.02365	0.02839	0.64045	0.01774	0.03666	0.02602	0.02247	0.01419	0.01656	0.01183	0.00946	0.00828	0.00237	0.01656	0.00591	0.00473	0.01064
71	0.02018	0.18466	0.44421	0.02681	0.09267	0.02467	0.02936	0.02864	0.01937	0.02752	0.01574	0.01869	0.01195	0.00848	0.00814	0.00268	0.01249	0.00651	0.00395	0.01327
72	0.02191	0.01890	0.02034	0.01745	0.02336	0.02026	0.01364	0.04254	0.46116	0.03634	0.03225	0.03055	0.02452	0.01108	0.00872	0.00269	0.00715	0.00918	0.00839	0.18957
73	0.01319	0.00954	0.01323	0.01323	0.01434	0.01065	0.00957	0.01542	0.01430	0.02018	0.02599	0.04380	0.02631	0.26476	0.44962	0.01287	0.01954	0.01097	0.00513	0.00735
74	0.02579	0.02288	0.03342	0.03339	0.18960	0.02483	0.11311	0.19273	0.12598	0.03849	0.02171	0.02454	0.01678	0.01052	0.01175	0.00300	0.08183	0.00900	0.00666	0.01401
75	0.74217	0.01776	0.01350	0.01207	0.01776	0.02060	0.00994	0.02699	0.01563	0.04120	0.01278	0.01492	0.00994	0.00852	0.00568	0.00284	0.00710	0.00497	0.00568	0.00994
76	0.74217	0.01776	0.01350	0.01207	0.01776	0.02060	0.00994	0.02699	0.01563	0.04120	0.01278	0.01492	0.00994	0.00852	0.00568	0.00284	0.00710	0.00497	0.00568	0.00994
77	0.01202	0.00935	0.01092	0.01053	0.01312	0.00825	0.00790	0.01544	0.02369	0.03136	0.37774	0.07758	0.32750	0.02081	0.01084	0.00298	0.00448	0.01787	0.00939	0.00825
78	0.74217	0.01776	0.01350	0.01207	0.01776	0.02060	0.00994	0.02699	0.01563	0.04120	0.01278	0.01492	0.00994	0.00852	0.00568	0.00284	0.00710	0.00497	0.00568	0.00994
79	0.03490	0.02572	0.02756	0.02113	0.02847	0.02847	0.01745	0.58942	0.04317	0.05787	0.02204	0.02204	0.01561	0.01102	0.00919	0.00276	0.01010	0.00827	0.00919	0.01561
80	0.01331	0.00906	0.01082	0.01082	0.01110	0.00934	0.00657	0.01387	0.01359	0.01840	0.02819	0.05600	0.03161	0.57389	0.14773	0.00990	0.01157	0.01276	0.00545	0.00601
81	0.01185	0.00846	0.01141	0.01354	0.01436	0.00803	0.00967	0.01393	0.01823	0.02418	0.05024	0.56751	0.05929	0.02814	0.01190	0.00382	0.00590	0.12340	0.00851	0.00764
82	0.01447	0.00898	0.01168	0.01280	0.01434	0.00816	0.00890	0.01636	0.01891	0.09021	0.05365	0.53686	0.11727	0.02624	0.01135	0.00356	0.00553	0.02350	0.00884	0.00839
83	0.02193	0.02366	0.04683	0.03430	0.04269	0.02314	0.46091	0.03367	0.14956	0.03139	0.02271	0.02685	0.01703	0.00878	0.01051	0.00310	0.01367	0.01074	0.00568	0.01286
84	0.01193	0.00867	0.01141	0.01333	0.01445	0.00815	0.00972	0.01416	0.01867	0.02444	0.05431	0.49266	0.11311	0.02750	0.01184	0.00377	0.00593	0.13971	0.00851	0.00770
85	0.01312	0.00937	0.01287	0.01499	0.01637	0.00912	0.01188	0.01612	0.01948	0.02560	0.04954	0.36748	0.05651	0.02695	0.01223	0.00400	0.00700	0.31088	0.00849	0.00799
86	0.01338	0.00918	0.01073	0.01035	0.01273	0.00842	0.00776	0.01721	0.02328	0.03333	0.35940	0.06585	0.20173	0.01809	0.00987	0.00278	0.00440	0.01551	0.16759	0.00842
87	0.01260	0.00908	0.01192	0.01182	0.01363	0.00840	0.00863	0.01633	0.02414	0.03388	0.49108	0.20108	0.08094	0.02097	0.01103	0.00307	0.00455	0.01869	0.00976	0.00840
88	0.03537	0.02498	0.02710	0.02077	0.02810	0.02737	0.01716	0.54938	0.04193	0.09966	0.02309	0.02272	0.01614	0.01105	0.00919	0.00276	0.00994	0.00834	0.00935	0.01562
89	0.01612	0.01070	0.01177	0.01107	0.01211	0.01100	0.00696	0.07722	0.01726	0.02400	0.02829	0.05307	0.03035	0.53081	0.03817	0.00748	0.00852	0.01227	0.08581	0.00699
90	0.01278	0.01667	0.14674	0.01573	0.01913	0.01051	0.01411	0.01637	0.01798	0.02468	0.04310	0.52801	0.04994	0.02436	0.01106	0.00355	0.00714	0.02186	0.00750	0.00880
91	0.02167	0.02477	0.05418	0.03870	0.04799	0.02322	0.58669	0.02941	0.02167	0.02941	0.01858	0.02477	0.01393	0.00774	0.01084	0.00310	0.01548	0.01084	0.00464	0.01238
92	0.01969	0.01893	0.03295	0.02613	0.02912	0.02212	0.19969	0.02222	0.01605	0.02310	0.01501	0.02331	0.01351	0.01687	0.02519	0.16394	0.30957	0.00892	0.00421	0.00947
93	0.01843	0.01612	0.02143	0.17538	0.08742	0.05924	0.01710	0.02258	0.01789	0.02572	0.02050	0.02787	0.01730	0.02384	0.15330	0.00554	0.10854	0.00845	0.16355	0.00982
94	0.17917	0.02312	0.10731	0.05026	0.02525	0.07793	0.01572	0.08281	0.02301	0.13504	0.03621	0.03588	0.14653	0.01265	0.00865	0.00286	0.00912	0.00972	0.00718	0.01160
95	0.01734	0.01632	0.02754	0.65524	0.06324	0.02040	0.02550	0.02346	0.01836	0.02346	0.01632	0.02448	0.01224	0.00918	0.00918	0.00306	0.01224	0.00816	0.00408	0.01020
96	0.02540	0.07962	0.21732	0.02156	0.02936	0.15399	0.05055	0.03092	0.02215	0.13198	0.04660	0.10385	0.02276	0.01212	0.00908	0.00282	0.01165	0.00989	0.00625	0.01215
97	0.18140	0.08075	0.02113	0.01619	0.02010	0.01963	0.01312	0.07990	0.02042	0.11841	0.02711	0.19451	0.02650	0.01583	0.01237	0.00319	0.11934	0.01209	0.00716	0.01086

[dist]
# distance from previous block
# <min> <max>
0	8

[block]
# block no. 6 follows, 18 sequences, length 41
# corresponding to MSA columns:
# 736-776
name=unknown_G
#
# <colnr> <probs for GDERKNQSTAVLIFYWHMCP>
#	G	D	E	R	K	N	Q	S	T	A	V	L	I	F	Y	W	H	M	C	P
0	0.06193	0.01912	0.01969	0.04555	0.02325	0.08867	0.01320	0.03017	0.10817	0.11370	0.02939	0.03220	0.07203	0.06142	0.01295	0.00304	0.05960	0.00893	0.00692	0.19007
1	0.02361	0.17888	0.11673	0.07938	0.20283	0.02602	0.06219	0.09880	0.06844	0.03149	0.01830	0.02152	0.01449	0.00891	0.00846	0.00266	0.01104	0.00760	0.00523	0.01343
2	0.06539	0.01258	0.01714	0.12413	0.02384	0.01479	0.01338	0.01844	0.01647	0.02408	0.07102	0.08033	0.03032	0.18098	0.13879	0.00683	0.10071	0.04678	0.00570	0.00831
3	0.14648	0.02534	0.02318	0.02041	0.02469	0.24572	0.09007	0.02673	0.02053	0.02664	0.02299	0.14726	0.02276	0.02064	0.09213	0.00444	0.01367	0.01085	0.00564	0.00982
4	0.03299	0.12945	0.02898	0.02259	0.02774	0.55945	0.01747	0.03544	0.02503	0.02236	0.01400	0.01631	0.01182	0.00925	0.00796	0.00231	0.01565	0.00578	0.00462	0.01080
5	0.01119	0.00799	0.01065	0.01278	0.01332	0.00746	0.00852	0.01278	0.01758	0.02344	0.05061	0.67132	0.06073	0.02877	0.01172	0.00373	0.00533	0.02610	0.00852	0.00746
6	0.67931	0.01757	0.01420	0.01246	0.01827	0.01996	0.01026	0.02858	0.01658	0.09367	0.01489	0.01638	0.01109	0.00878	0.00600	0.00284	0.00717	0.00535	0.00619	0.01045
7	0.02157	0.02179	0.02800	0.02495	0.07096	0.12494	0.12881	0.05504	0.02259	0.02980	0.13599	0.08200	0.03176	0.01363	0.01327	0.00303	0.12113	0.01136	0.04868	0.01069
8	0.01249	0.00975	0.01360	0.06615	0.01835	0.01037	0.01094	0.01449	0.01733	0.02332	0.04436	0.56022	0.05241	0.02603	0.01316	0.00370	0.06464	0.02302	0.00776	0.00791
9	0.01119	0.00799	0.01065	0.01278	0.01332	0.00746	0.00852	0.01278	0.01758	0.02344	0.05061	0.67132	0.06073	0.02877	0.01172	0.00373	0.00533	0.02610	0.00852	0.00746
10	0.01265	0.00909	0.01208	0.01264	0.01428	0.00853	0.00941	0.01610	0.02268	0.03134	0.36168	0.26553	0.07400	0.02281	0.01135	0.00333	0.00518	0.08968	0.00939	0.00825
11	0.16416	0.17963	0.27884	0.02318	0.03317	0.02486	0.11970	0.02837	0.01887	0.02987	0.01527	0.01838	0.01172	0.00832	0.00785	0.00272	0.01177	0.00670	0.00438	0.01225
12	0.01335	0.00890	0.01001	0.01001	0.01001	0.00890	0.00556	0.01335	0.01335	0.01780	0.02893	0.06009	0.03338	0.67731	0.04673	0.00890	0.00890	0.01335	0.00556	0.00556
13	0.01310	0.00880	0.01009	0.01034	0.01040	0.00873	0.00591	0.01329	0.01385	0.01846	0.03146	0.13134	0.03657	0.60171	0.04265	0.00830	0.00849	0.01484	0.00591	0.00578
