[name]
unknown

[dist]
# distance from previous block
# <min> <max>
0	62

[block]
# block no. 0 follows, 19 sequences, length 13
# corresponding to MSA columns:
# 70-82
name=unknown_A
#
# <colnr> <probs for GDERKNQSTAVLIFYWHMCP>
#	G	D	E	R	K	N	Q	S	T	A	V	L	I	F	Y	W	H	M	C	P
0	0.16302	0.02275	0.14239	0.01778	0.02529	0.01779	0.01713	0.11556	0.02429	0.26710	0.02636	0.03027	0.01934	0.01123	0.00856	0.00289	0.00898	0.05806	0.00804	0.01318
1	0.01159	0.00910	0.01047	0.01013	0.01271	0.00799	0.00760	0.01481	0.02280	0.02987	0.35109	0.07671	0.36213	0.02053	0.01056	0.00292	0.00438	0.01756	0.00906	0.00799
2	0.02358	0.40135	0.22176	0.01913	0.02838	0.02991	0.02088	0.11000	0.02184	0.02834	0.01483	0.01674	0.01198	0.00835	0.00703	0.00230	0.01070	0.00580	0.00455	0.01254
3	0.01332	0.01016	0.01458	0.01862	0.09394	0.00987	0.01189	0.01579	0.01796	0.02406	0.04283	0.41288	0.04933	0.08181	0.01426	0.00405	0.00687	0.14205	0.00754	0.00822
4	0.02932	0.03036	0.32218	0.02059	0.03058	0.01687	0.02285	0.03616	0.02233	0.33983	0.02592	0.02482	0.01688	0.00982	0.00875	0.00280	0.01035	0.00783	0.00752	0.01425
5	0.01113	0.00908	0.00977	0.00968	0.01230	0.00794	0.00715	0.01355	0.02020	0.02503	0.15206	0.07895	0.48239	0.07004	0.04761	0.00400	0.00583	0.01762	0.00812	0.00755
6	0.02226	0.39508	0.14550	0.02555	0.10793	0.02918	0.10814	0.02742	0.01903	0.02448	0.01447	0.01760	0.01212	0.00782	0.00734	0.00233	0.01115	0.00638	0.00400	0.01221
7	0.02297	0.03518	0.33236	0.02782	0.03828	0.06821	0.20239	0.03098	0.02094	0.10677	0.01901	0.02179	0.01344	0.00859	0.00916	0.00284	0.01329	0.00807	0.00502	0.01291
8	0.40043	0.02108	0.01983	0.01606	0.02239	0.02381	0.01325	0.30587	0.02831	0.04806	0.01685	0.01792	0.01238	0.00949	0.00720	0.00273	0.00835	0.00641	0.00720	0.01238
9	0.02087	0.01996	0.03401	0.20288	0.49177	0.02092	0.02682	0.02634	0.01977	0.02768	0.01660	0.02256	0.01363	0.00821	0.00888	0.00274	0.01094	0.00797	0.00432	0.01314
10	0.38954	0.01295	0.01214	0.01185	0.01528	0.01408	0.00904	0.02050	0.01790	0.03449	0.15320	0.20802	0.03919	0.01584	0.00822	0.00302	0.00587	0.01291	0.00721	0.00876
11	0.01554	0.00777	0.01166	0.01166	0.01166	0.00777	0.00777	0.01166	0.01166	0.01554	0.01554	0.02720	0.01554	0.03108	0.03497	0.73970	0.00777	0.00777	0.00389	0.00389
12	0.08487	0.16781	0.02961	0.02199	0.10258	0.02432	0.01636	0.19208	0.06750	0.17405	0.02237	0.02233	0.01624	0.00969	0.00800	0.00256	0.00897	0.00744	0.00747	0.01377

[dist]
# distance from previous block
# <min> <max>
0	1

[block]
# block no. 1 follows, 19 sequences, length 12
# corresponding to MSA columns:
# 84-95
name=unknown_B
#
# <colnr> <probs for GDERKNQSTAVLIFYWHMCP>
#	G	D	E	R	K	N	Q	S	T	A	V	L	I	F	Y	W	H	M	C	P
0	0.02077	0.02112	0.09009	0.01547	0.02373	0.05564	0.01377	0.02533	0.01947	0.06486	0.01694	0.01914	0.01345	0.00728	0.00708	0.00165	0.00807	0.00570	0.00543	0.56502
1	0.24095	0.07179	0.22663	0.01807	0.02654	0.02017	0.01901	0.03263	0.07963	0.15359	0.02065	0.02107	0.01464	0.00927	0.00759	0.00276	0.00936	0.00680	0.00630	0.01255
2	0.01904	0.03940	0.46826	0.03218	0.14878	0.02105	0.08930	0.02820	0.01939	0.02853	0.01641	0.02002	0.01209	0.00830	0.00877	0.00282	0.01293	0.00726	0.00397	0.01328
3	0.01807	0.01711	0.02896	0.52717	0.18932	0.02019	0.02543	0.02389	0.01845	0.02429	0.01611	0.02347	0.01243	0.00873	0.00892	0.00291	0.01163	0.00796	0.00408	0.01089
4	0.02045	0.11494	0.24092	0.03097	0.04118	0.02363	0.34254	0.02832	0.02003	0.02760	0.01673	0.02122	0.01259	0.00786	0.00929	0.00282	0.01379	0.00856	0.00420	0.01237
5	0.03303	0.02241	0.14875	0.02350	0.11377	0.01587	0.01926	0.03816	0.02348	0.42476	0.02872	0.02690	0.01880	0.01010	0.00888	0.00277	0.00919	0.00836	0.00863	0.01467
6	0.01278	0.00959	0.01438	0.01438	0.01598	0.01118	0.01118	0.01598	0.01438	0.02077	0.02396	0.03515	0.02237	0.06710	0.65013	0.01438	0.02396	0.00959	0.00479	0.00799
7	0.01203	0.00884	0.01153	0.01326	0.01471	0.00833	0.01012	0.01457	0.01882	0.02438	0.05533	0.38865	0.14819	0.02604	0.01160	0.00370	0.00611	0.20785	0.00828	0.00764
8	0.02215	0.39704	0.18185	0.02622	0.15758	0.02896	0.02204	0.02729	0.01882	0.02450	0.01422	0.01708	0.01203	0.00792	0.00705	0.00229	0.01064	0.00590	0.00395	0.01247
9	0.02484	0.02029	0.02979	0.14345	0.10938	0.08223	0.13247	0.05592	0.02261	0.14287	0.02526	0.03653	0.02098	0.01162	0.00972	0.00301	0.01130	0.09937	0.00647	0.01189
10	0.01096	0.00850	0.00998	0.01083	0.01263	0.00753	0.00766	0.01313	0.01950	0.02491	0.13329	0.34861	0.31140	0.02455	0.01095	0.00327	0.00479	0.02149	0.00848	0.00753
11	0.01801	0.01313	0.01700	0.08765	0.02325	0.01141	0.01172	0.02135	0.01872	0.08809	0.02901	0.24070	0.02931	0.01448	0.00873	0.00243	0.00685	0.01269	0.00674	0.33873

[dist]
# distance from previous block
# <min> <max>
1	5

[block]
# block no. 2 follows, 19 sequences, length 12
# corresponding to MSA columns:
# 101-112
name=unknown_C
#
# <colnr> <probs for GDERKNQSTAVLIFYWHMCP>
#	G	D	E	R	K	N	Q	S	T	A	V	L	I	F	Y	W	H	M	C	P
0	0.01682	0.01382	0.01772	0.01587	0.02027	0.01298	0.01334	0.02063	0.01891	0.02721	0.02949	0.05549	0.03017	0.01575	0.01180	0.00287	0.08347	0.25786	0.00645	0.32907
1	0.02338	0.01896	0.02109	0.01611	0.02333	0.01802	0.01296	0.18275	0.13039	0.03797	0.02104	0.02197	0.01627	0.00871	0.00769	0.00200	0.00757	0.00690	0.00696	0.41593
2	0.01161	0.00847	0.01109	0.01292	0.01406	0.00795	0.00944	0.01380	0.01824	0.02383	0.05366	0.48784	0.12288	0.02670	0.01152	0.00367	0.00576	0.14077	0.00829	0.00751
3	0.01301	0.00867	0.00976	0.00976	0.00976	0.00867	0.00542	0.01301	0.01301	0.01735	0.02819	0.05855	0.03253	0.68559	0.04554	0.00867	0.00867	0.01301	0.00542	0.00542
4	0.02573	0.08454	0.24234	0.01768	0.02590	0.01682	0.01901	0.03178	0.02108	0.23487	0.02507	0.02550	0.01749	0.00971	0.00794	0.00257	0.00906	0.00763	0.16258	0.01270
5	0.02533	0.32653	0.15741	0.01901	0.02743	0.02933	0.01922	0.18457	0.07344	0.03344	0.01757	0.01875	0.01376	0.00903	0.00744	0.00240	0.01017	0.00647	0.00564	0.01306
6	0.02635	0.02352	0.02632	0.02186	0.02539	0.07965	0.01790	0.23923	0.08425	0.03602	0.01795	0.02135	0.01454	0.01295	0.01802	0.00324	0.30490	0.00796	0.00635	0.01227
7	0.01432	0.01598	0.08870	0.01715	0.05522	0.01180	0.06182	0.01879	0.02124	0.02877	0.19983	0.08039	0.24700	0.01640	0.00987	0.00278	0.00693	0.01435	0.00734	0.08134
8	0.01590	0.10346	0.29041	0.01821	0.02549	0.01670	0.01998	0.02212	0.01999	0.02817	0.16879	0.16661	0.03880	0.01479	0.00928	0.00289	0.00898	0.01259	0.00618	0.01064
9	0.01835	0.09018	0.59889	0.02481	0.03765	0.02177	0.03185	0.02823	0.01884	0.02784	0.01581	0.01858	0.01134	0.00844	0.00831	0.00277	0.01297	0.00649	0.00378	0.01310
10	0.30325	0.04784	0.01398	0.01270	0.01588	0.01424	0.00993	0.01973	0.01750	0.03109	0.07963	0.26578	0.03832	0.01800	0.00884	0.00319	0.00637	0.07798	0.00710	0.00865
11	0.02153	0.44251	0.20137	0.09278	0.03159	0.02974	0.02111	0.02674	0.01833	0.02319	0.01379	0.01665	0.01149	0.00803	0.00684	0.00228	0.01081	0.00563	0.00383	0.01176

[dist]
# distance from previous block
# <min> <max>
0	2

[block]
# block no. 3 follows, 19 sequences, length 17
# corresponding to MSA columns:
# 115-118,167-179
name=unknown_D
#
# <colnr> <probs for GDERKNQSTAVLIFYWHMCP>
#	G	D	E	R	K	N	Q	S	T	A	V	L	I	F	Y	W	H	M	C	P
0	0.40079	0.02112	0.14242	0.01447	0.02068	0.01711	0.01419	0.02420	0.01868	0.03656	0.17691	0.02941	0.03000	0.01101	0.00749	0.00279	0.00750	0.00824	0.00632	0.01009
1	0.01277	0.00914	0.01248	0.01422	0.01566	0.00884	0.01122	0.01586	0.01973	0.02623	0.11569	0.33360	0.05848	0.02532	0.01176	0.00377	0.00652	0.28239	0.00845	0.00786
2	0.02037	0.01479	0.02188	0.01960	0.06636	0.01436	0.08483	0.10321	0.02679	0.10244	0.35631	0.04793	0.05399	0.01435	0.01003	0.00280	0.00720	0.01296	0.00879	0.01100
3	0.02332	0.23879	0.30069	0.02447	0.10076	0.02432	0.02418	0.02984	0.01976	0.10929	0.01766	0.01944	0.01319	0.00853	0.00775	0.00252	0.01102	0.00653	0.00487	0.01307
4	0.04014	0.01523	0.02076	0.01592	0.02284	0.01315	0.01315	0.04360	0.02561	0.63597	0.03530	0.03045	0.02215	0.01107	0.00900	0.00277	0.00761	0.00900	0.01107	0.01523
5	0.01260	0.00910	0.01047	0.01087	0.01212	0.00868	0.00756	0.01404	0.01655	0.02109	0.04936	0.07450	0.20197	0.37162	0.02930	0.00621	0.00743	0.12318	0.00678	0.00657
6	0.02274	0.02065	0.03338	0.02609	0.03259	0.02122	0.24579	0.15048	0.14318	0.03586	0.02816	0.04039	0.02404	0.01248	0.01028	0.00317	0.01106	0.11895	0.00709	0.01240
7	0.03403	0.09739	0.02534	0.01741	0.02421	0.02092	0.01457	0.18890	0.11446	0.32435	0.02914	0.02663	0.01982	0.01074	0.00862	0.00269	0.00835	0.00842	0.00938	0.01463
8	0.01090	0.00779	0.01038	0.01246	0.01298	0.00727	0.00830	0.01246	0.01713	0.02284	0.04931	0.67975	0.05917	0.02803	0.01142	0.00363	0.00519	0.02543	0.00830	0.00727
9	0.01526	0.01349	0.01739	0.01904	0.10130	0.01423	0.01271	0.02098	0.08973	0.02832	0.16678	0.05761	0.27608	0.01752	0.01289	0.00306	0.10214	0.01421	0.00752	0.00974
10	0.01854	0.06524	0.28155	0.02038	0.02764	0.10921	0.02152	0.02462	0.01807	0.02414	0.01855	0.02444	0.01557	0.03086	0.25248	0.00710	0.01754	0.00752	0.00429	0.01073
11	0.02076	0.34970	0.36044	0.02070	0.03130	0.02766	0.02470	0.02761	0.01855	0.02490	0.01435	0.01675	0.01140	0.00810	0.00720	0.00240	0.01150	0.00575	0.00380	0.01240
12	0.56312	0.18985	0.02179	0.01267	0.01875	0.02400	0.01113	0.02642	0.01598	0.03525	0.01245	0.01449	0.01015	0.00814	0.00559	0.00255	0.00760	0.00483	0.00510	0.01015
13	0.01878	0.13604	0.55676	0.02408	0.03653	0.02281	0.03058	0.02812	0.01879	0.02732	0.01555	0.01826	0.01135	0.00838	0.00812	0.00271	0.01271	0.00636	0.00378	0.01298
14	0.02299	0.01938	0.02070	0.01777	0.02346	0.02140	0.01397	0.10312	0.46966	0.03830	0.03196	0.03004	0.02406	0.01122	0.00874	0.00276	0.00731	0.00922	0.00856	0.11537
15	0.03067	0.01552	0.01979	0.01475	0.02212	0.01261	0.01203	0.03436	0.02251	0.36991	0.02679	0.02523	0.01825	0.00912	0.00796	0.00214	0.00718	0.00738	0.00854	0.33312
16	0.12275	0.02902	0.31004	0.01878	0.02697	0.01744	0.02076	0.02641	0.09237	0.02996	0.03234	0.10667	0.10428	0.01318	0.00877	0.00297	0.00939	0.01070	0.00586	0.01134

[dist]
# distance from previous block
# <min> <max>
0	1

[block]
# block no. 4 follows, 19 sequences, length 18
# corresponding to MSA columns:
# 181-198
name=unknown_E
#
# <colnr> <probs for GDERKNQSTAVLIFYWHMCP>
#	G	D	E	R	K	N	Q	S	T	A	V	L	I	F	Y	W	H	M	C	P
0	0.01650	0.01545	0.01448	0.01516	0.01710	0.11654	0.01076	0.02206	0.11596	0.02506	0.04130	0.46379	0.04604	0.02230	0.01048	0.00331	0.00732	0.01966	0.00782	0.00891
1	0.09497	0.01309	0.01670	0.01510	0.01979	0.01227	0.01270	0.03016	0.02235	0.30519	0.04252	0.05934	0.08645	0.01677	0.01002	0.00328	0.00749	0.21103	0.00928	0.01149
2	0.01376	0.01387	0.07428	0.02103	0.11675	0.01114	0.01439	0.01703	0.01818	0.02480	0.04067	0.45071	0.04652	0.02257	0.01082	0.00345	0.00715	0.07657	0.00724	0.00906
3	0.02275	0.12975	0.02820	0.02282	0.09005	0.02352	0.01702	0.09341	0.02024	0.08170	0.02185	0.12806	0.02107	0.01448	0.01592	0.00314	0.23845	0.01035	0.00592	0.01129
4	0.01548	0.01017	0.01199	0.01166	0.01273	0.01072	0.00772	0.01911	0.11136	0.02172	0.02626	0.04339	0.02614	0.32705	0.05484	0.19296	0.00832	0.01067	0.07090	0.00681
5	0.02140	0.02050	0.03497	0.14105	0.54944	0.02106	0.02709	0.02681	0.02002	0.02833	0.01670	0.02238	0.01385	0.00811	0.00887	0.00270	0.01081	0.00797	0.00436	0.01357
6	0.02602	0.02783	0.03424	0.07539	0.16724	0.21769	0.16895	0.03270	0.07530	0.05936	0.01889	0.02234	0.01464	0.00885	0.00908	0.00270	0.01311	0.00819	0.00525	0.01222
7	0.02007	0.01955	0.03482	0.14784	0.39056	0.01992	0.11150	0.02547	0.01977	0.02750	0.01993	0.08468	0.01795	0.00996	0.00937	0.00286	0.01100	0.01000	0.00473	0.01251
8	0.63299	0.01696	0.01439	0.01244	0.01821	0.01894	0.01025	0.02913	0.01692	0.13749	0.01619	0.01713	0.01172	0.00876	0.00610	0.00277	0.00703	0.00552	0.00644	0.01059
9	0.03265	0.09872	0.02756	0.02194	0.02724	0.49219	0.01706	0.12710	0.02743	0.02745	0.01495	0.01685	0.01212	0.00933	0.00800	0.00233	0.01451	0.00605	0.00525	0.01126
10	0.04650	0.32299	0.13649	0.02970	0.19449	0.02755	0.07331	0.02737	0.01906	0.02577	0.01472	0.01809	0.01233	0.00789	0.00746	0.00239	0.01084	0.00647	0.00410	0.01249
11	0.02568	0.01551	0.02062	0.07865	0.02579	0.01644	0.01593	0.12301	0.02472	0.20397	0.03348	0.05315	0.02984	0.01622	0.01204	0.00337	0.06780	0.21374	0.00837	0.01168
12	0.01257	0.00884	0.01016	0.01013	0.01088	0.00870	0.00631	0.01344	0.01497	0.01970	0.06763	0.06144	0.13288	0.48712	0.09208	0.00795	0.00913	0.01384	0.00606	0.00615
13	0.02873	0.01858	0.02600	0.02304	0.08264	0.01861	0.08447	0.18916	0.05992	0.21331	0.03004	0.13269	0.02479	0.01310	0.00956	0.00292	0.00898	0.01157	0.00852	0.01339
14	0.02215	0.39975	0.03491	0.07705	0.02553	0.10274	0.01522	0.02622	0.05050	0.02249	0.02034	0.12712	0.02030	0.01159	0.00745	0.00241	0.00972	0.00892	0.00496	0.01064
15	0.46978	0.01648	0.01615	0.01340	0.01948	0.01735	0.01105	0.03311	0.01931	0.27473	0.02145	0.02080	0.01459	0.00939	0.00690	0.00277	0.00719	0.00648	0.00772	0.01187
16	0.02080	0.01989	0.03389	0.21070	0.48448	0.02090	0.02679	0.02628	0.01974	0.02760	0.01659	0.02258	0.01360	0.00822	0.00888	0.00274	0.01096	0.00797	0.00431	0.01309
17	0.02108	0.02082	0.03739	0.15571	0.43789	0.02125	0.12012	0.02687	0.02007	0.02805	0.01688	0.02276	0.01369	0.00807	0.00915	0.00277	0.01158	0.00839	0.00437	0.01311

[dist]
# distance from previous block
# <min> <max>
0	4

[block]
# block no. 5 follows, 19 sequences, length 23
# corresponding to MSA columns:
# 203-225
name=unknown_F
#
# <colnr> <probs for GDERKNQSTAVLIFYWHMCP>
#	G	D	E	R	K	N	Q	S	T	A	V	L	I	F	Y	W	H	M	C	P
0	0.03071	0.03813	0.02575	0.02313	0.02684	0.52803	0.01773	0.03295	0.02308	0.02182	0.01342	0.01681	0.01157	0.01048	0.01223	0.00262	0.14379	0.00617	0.00447	0.01026
1	0.02035	0.01430	0.02176	0.18188	0.12751	0.01505	0.01771	0.02444	0.02004	0.13455	0.03458	0.12702	0.07365	0.01557	0.01079	0.00320	0.03599	0.10395	0.00691	0.01075
2	0.16538	0.02296	0.02499	0.02098	0.02610	0.15780	0.12618	0.09364	0.02317	0.03229	0.05448	0.08908	0.02524	0.01307	0.00915	0.00296	0.01077	0.08491	0.00636	0.01048
3	0.01278	0.00959	0.01438	0.01438	0.01598	0.01118	0.01118	0.01598	0.01438	0.02077	0.02396	0.03515	0.02237	0.06710	0.65013	0.01438	0.02396	0.00959	0.00479	0.00799
4	0.01277	0.00915	0.01244	0.01255	0.01349	0.01004	0.00887	0.01468	0.01401	0.01959	0.02686	0.07728	0.02808	0.29706	0.39031	0.01168	0.01726	0.01169	0.00521	0.00699
5	0.05444	0.02085	0.08263	0.35219	0.12489	0.02095	0.09174	0.04942	0.06334	0.02807	0.01786	0.02340	0.01351	0.00889	0.00893	0.00291	0.01156	0.00816	0.00473	0.01153
6	0.02235	0.18957	0.02750	0.01828	0.02236	0.15744	0.01511	0.02853	0.11049	0.02376	0.01921	0.02353	0.01667	0.02446	0.16924	0.00552	0.10294	0.00742	0.00506	0.01057
7	0.04014	0.01523	0.02076	0.01592	0.02284	0.01315	0.01315	0.04360	0.02561	0.63597	0.03530	0.03045	0.02215	0.01107	0.00900	0.00277	0.00761	0.00900	0.01107	0.01523
8	0.01298	0.01105	0.01649	0.01510	0.01815	0.01010	0.08805	0.01639	0.02058	0.02660	0.14173	0.19400	0.26237	0.02139	0.01102	0.00329	0.00664	0.10774	0.00801	0.00834
9	0.02553	0.07790	0.03774	0.03785	0.25426	0.21799	0.16384	0.03027	0.02194	0.02621	0.01589	0.02019	0.01300	0.00823	0.00880	0.00258	0.01336	0.00769	0.00446	0.01227
10	0.01919	0.02162	0.17246	0.01932	0.02406	0.01732	0.01860	0.02378	0.01706	0.10579	0.02260	0.07605	0.01993	0.03002	0.21086	0.00669	0.16900	0.00957	0.00545	0.01062
11	0.01278	0.00959	0.01438	0.01438	0.01598	0.01118	0.01118	0.01598	0.01438	0.02077	0.02396	0.03515	0.02237	0.06710	0.65013	0.01438	0.02396	0.00959	0.00479	0.00799
12	0.02428	0.02219	0.02098	0.01853	0.02292	0.14276	0.01452	0.16653	0.17669	0.03371	0.02458	0.02773	0.01982	0.02832	0.20814	0.00634	0.01475	0.00861	0.00685	0.01175
13	0.02256	0.31209	0.26640	0.02448	0.10999	0.02647	0.02346	0.02863	0.01925	0.06759	0.01597	0.01822	0.01253	0.00825	0.00742	0.00242	0.01095	0.00619	0.00439	0.01276
14	0.18632	0.01596	0.01914	0.01523	0.02172	0.01529	0.01251	0.04030	0.06833	0.46623	0.03063	0.02736	0.01995	0.01058	0.00828	0.00279	0.00743	0.00822	0.00977	0.01399
15	0.01172	0.00838	0.01070	0.01165	0.01252	0.00804	0.00784	0.01352	0.01749	0.02357	0.13183	0.37491	0.08875	0.16712	0.06484	0.00531	0.00710	0.01989	0.00768	0.00712
16	0.06292	0.01728	0.02311	0.10510	0.02833	0.01899	0.01631	0.07634	0.05100	0.32108	0.02555	0.02595	0.01768	0.01169	0.01329	0.00305	0.15286	0.00840	0.00805	0.01303
17	0.01642	0.01347	0.01501	0.01470	0.01621	0.09607	0.01094	0.01729	0.01501	0.01929	0.01998	0.03012	0.01878	0.04811	0.37246	0.23823	0.01788	0.00851	0.00449	0.00703
18	0.20205	0.01489	0.01780	0.01432	0.02027	0.01413	0.01171	0.03596	0.02314	0.41594	0.10935	0.03163	0.02762	0.01140	0.00840	0.00277	0.00699	0.00899	0.00961	0.01302
19	0.01545	0.01212	0.01713	0.10245	0.02334	0.01310	0.03990	0.05940	0.06427	0.02692	0.03400	0.29233	0.03534	0.02843	0.13517	0.00539	0.01063	0.01566	0.05982	0.00915
20	0.01963	0.02019	0.06770	0.13403	0.43046	0.01915	0.02484	0.02484	0.01949	0.02741	0.02102	0.11072	0.01974	0.01084	0.00919	0.00285	0.01024	0.01024	0.00485	0.01258
21	0.12635	0.01359	0.01610	0.01323	0.01875	0.01234	0.01071	0.03171	0.02259	0.36557	0.04942	0.04561	0.20823	0.01430	0.00902	0.00285	0.00656	0.01151	0.00947	0.01209
22	0.01411	0.02049	0.20207	0.01666	0.02159	0.01262	0.01626	0.02046	0.06221	0.02743	0.12064	0.34462	0.04596	0.01956	0.01024	0.00323	0.00763	0.01729	0.00721	0.00974

[dist]
# distance from previous block
# <min> <max>
0	38

[block]
# block no. 6 follows, 19 sequences, length 75
# corresponding to MSA columns:
# 269-289,291-308,319-354
name=unknown_G
#
# <colnr> <probs for GDERKNQSTAVLIFYWHMCP>
#	G	D	E	R	K	N	Q	S	T	A	V	L	I	F	Y	W	H	M	C	P
0	0.02170	0.02886	0.21382	0.01984	0.02692	0.10774	0.01935	0.06627	0.13075	0.05883	0.02710	0.14827	0.02432	0.01316	0.00905	0.00285	0.01011	0.01087	0.00650	0.05368
1	0.02349	0.02840	0.22423	0.06067	0.03138	0.02033	0.02090	0.17143	0.08377	0.06502	0.02030	0.02176	0.01485	0.00916	0.00832	0.00250	0.01001	0.00723	0.00628	0.16998
2	0.01791	0.06084	0.02284	0.02123	0.09879	0.09040	0.05841	0.02146	0.01893	0.02418	0.03417	0.03832	0.14752	0.02860	0.19879	0.00601	0.01380	0.01026	0.00545	0.08208
3	0.02006	0.14020	0.32657	0.04703	0.03121	0.10757	0.02345	0.02689	0.02075	0.02738	0.12131	0.02635	0.02414	0.01019	0.00838	0.00262	0.01142	0.00793	0.00497	0.01159
4	0.01227	0.00885	0.01190	0.01385	0.01512	0.00848	0.01063	0.01488	0.01868	0.02447	0.05091	0.41746	0.08859	0.02641	0.01174	0.00379	0.00635	0.23968	0.00828	0.00767
5	0.02539	0.13670	0.02884	0.04746	0.12007	0.18785	0.01742	0.05712	0.17171	0.02889	0.02033	0.02183	0.01623	0.00933	0.00801	0.00243	0.01066	0.00717	0.00580	0.07678
6	0.02664	0.03066	0.22674	0.02551	0.05587	0.09430	0.12827	0.03469	0.06769	0.18632	0.02277	0.02377	0.01592	0.00934	0.00902	0.00280	0.01188	0.00818	0.00635	0.01330
7	0.01175	0.01115	0.05906	0.01346	0.01540	0.00864	0.01064	0.01433	0.01800	0.02381	0.05149	0.50066	0.12237	0.02556	0.01119	0.00355	0.00603	0.07712	0.00795	0.00786
8	0.01818	0.01555	0.02150	0.11521	0.13826	0.01693	0.01727	0.02903	0.19949	0.03056	0.09131	0.08609	0.03540	0.01514	0.01001	0.00320	0.00827	0.12991	0.00735	0.01133
9	0.03211	0.02113	0.02367	0.01858	0.02502	0.02260	0.01519	0.39105	0.08360	0.16358	0.08515	0.02865	0.02438	0.01166	0.00913	0.00274	0.00864	0.00921	0.00946	0.01446
10	0.02410	0.02042	0.03028	0.02572	0.07580	0.05968	0.18711	0.03480	0.18505	0.12715	0.06846	0.03376	0.06327	0.01117	0.00962	0.00290	0.01005	0.01058	0.00740	0.01267
11	0.01087	0.00886	0.00967	0.01025	0.01266	0.00765	0.00758	0.01309	0.01969	0.02403	0.07903	0.21664	0.46812	0.02395	0.01086	0.00322	0.00490	0.05308	0.00830	0.00753
12	0.01292	0.00831	0.01050	0.01152	0.01262	0.00833	0.00809	0.01538	0.01684	0.02499	0.03814	0.35418	0.04129	0.06929	0.12481	0.00541	0.00844	0.01727	0.20410	0.00757
13	0.08524	0.02324	0.02182	0.01778	0.02345	0.10057	0.01432	0.35461	0.05439	0.04574	0.02185	0.02299	0.01625	0.01035	0.00807	0.00254	0.00921	0.00765	0.14708	0.01283
14	0.03342	0.04264	0.02535	0.02305	0.02766	0.64967	0.01729	0.03572	0.02535	0.02190	0.01383	0.01613	0.01152	0.00922	0.00807	0.00230	0.01613	0.00576	0.00461	0.01037
15	0.01815	0.01506	0.02212	0.41022	0.04405	0.01764	0.01907	0.09029	0.02156	0.02915	0.06352	0.03237	0.06574	0.01101	0.00883	0.00282	0.00961	0.00939	0.09931	0.01008
16	0.03906	0.01696	0.02184	0.01674	0.02370	0.01573	0.01383	0.14182	0.02851	0.53365	0.03286	0.02887	0.02092	0.01101	0.00899	0.00275	0.00801	0.00883	0.01070	0.01522
17	0.02643	0.01200	0.01635	0.01489	0.01893	0.01077	0.01179	0.02938	0.02203	0.33690	0.04183	0.25251	0.03898	0.01882	0.01034	0.00327	0.00693	0.10666	0.00971	0.01149
18	0.02643	0.01250	0.01589	0.01336	0.01785	0.01160	0.01060	0.03192	0.06959	0.30436	0.20898	0.04197	0.04113	0.01318	0.00898	0.00268	0.00595	0.01109	0.14005	0.01190
19	0.02124	0.02273	0.03206	0.02616	0.02835	0.08816	0.12986	0.02430	0.01627	0.02293	0.01317	0.02010	0.01207	0.01347	0.02365	0.00358	0.47937	0.00815	0.00410	0.01028
20	0.01234	0.00904	0.01177	0.01325	0.01447	0.00880	0.00956	0.01611	0.05726	0.02589	0.11689	0.48369	0.05904	0.02537	0.01130	0.00356	0.00562	0.09951	0.00853	0.00799
21	0.02666	0.05560	0.14756	0.02280	0.03092	0.01867	0.16903	0.07653	0.02320	0.20903	0.02417	0.02549	0.01689	0.00939	0.00880	0.00271	0.01046	0.00859	0.10057	0.01295
22	0.01105	0.00798	0.01050	0.01245	0.01319	0.00743	0.00851	0.01277	0.01749	0.02310	0.05168	0.61682	0.09254	0.02755	0.01141	0.00362	0.00530	0.05099	0.00830	0.00733
23	0.02195	0.02107	0.03597	0.07669	0.60946	0.02121	0.02736	0.02729	0.02028	0.02900	0.01680	0.02220	0.01409	0.00801	0.00886	0.00267	0.01067	0.00797	0.00441	0.01402
24	0.03342	0.04264	0.02535	0.02305	0.02766	0.64967	0.01729	0.03572	0.02535	0.02190	0.01383	0.01613	0.01152	0.00922	0.00807	0.00230	0.01613	0.00576	0.00461	0.01037
25	0.01387	0.00882	0.01304	0.01304	0.01392	0.00970	0.00951	0.01412	0.01324	0.01853	0.02093	0.03344	0.02031	0.08986	0.37440	0.29672	0.01674	0.00908	0.00448	0.00624
26	0.63856	0.01698	0.01433	0.01241	0.01816	0.01899	0.01023	0.02899	0.01684	0.13281	0.01601	0.01701	0.01163	0.00874	0.00607	0.00277	0.00703	0.00549	0.00640	0.01055
27	0.02580	0.01878	0.02074	0.01692	0.02148	0.02061	0.01318	0.37155	0.03090	0.04158	0.02359	0.03313	0.02075	0.19996	0.09534	0.00570	0.01121	0.00958	0.00750	0.01170
28	0.01839	0.00938	0.01080	0.01003	0.01270	0.00894	0.00767	0.02249	0.02135	0.10593	0.19105	0.04206	0.03946	0.01263	0.00774	0.00236	0.00459	0.01054	0.45268	0.00919
29	0.01752	0.01654	0.02796	0.59140	0.12940	0.02004	0.02516	0.02341	0.01819	0.02362	0.01601	0.02365	0.01219	0.00883	0.00893	0.00294	0.01177	0.00795	0.00403	0.01044
30	0.03003	0.20686	0.03303	0.02285	0.08610	0.10337	0.01762	0.32090	0.03146	0.04002	0.01766	0.01898	0.01366	0.00945	0.00797	0.00243	0.01060	0.00689	0.00660	0.01352
31	0.02230	0.51663	0.20707	0.01806	0.02722	0.03145	0.02011	0.02721	0.01837	0.02302	0.01342	0.01558	0.01144	0.00788	0.00649	0.00216	0.01056	0.00528	0.00381	0.01195
32	0.03394	0.01507	0.01881	0.01486	0.02072	0.01414	0.01213	0.11779	0.02640	0.41657	0.03194	0.02983	0.02134	0.01088	0.00837	0.00260	0.00715	0.00871	0.17508	0.01366
33	0.03095	0.08771	0.10241	0.02643	0.15108	0.01855	0.05655	0.03582	0.02270	0.33842	0.02582	0.02536	0.01760	0.00956	0.00869	0.00268	0.00958	0.00819	0.00769	0.01419
34	0.01918	0.02100	0.09105	0.28217	0.31891	0.01995	0.02593	0.02518	0.01956	0.02709	0.05121	0.02503	0.01705	0.00899	0.00895	0.00281	0.01101	0.00830	0.00450	0.01213
35	0.03941	0.01640	0.02149	0.01647	0.02342	0.01489	0.01361	0.10998	0.02757	0.56682	0.03365	0.02938	0.02132	0.01103	0.00899	0.00276	0.00788	0.00888	0.01082	0.01522
36	0.01103	0.00834	0.01019	0.01130	0.01276	0.00750	0.00788	0.01314	0.01915	0.02491	0.13558	0.42509	0.23036	0.02519	0.01106	0.00335	0.00487	0.02230	0.00850	0.00750
37	0.06751	0.11046	0.03190	0.05696	0.11042	0.14274	0.10903	0.03415	0.13050	0.08864	0.02103	0.02284	0.01607	0.00924	0.00845	0.00265	0.01115	0.00786	0.00596	0.01241
38	0.01324	0.01000	0.01361	0.03386	0.01542	0.01129	0.00986	0.01507	0.01440	0.02005	0.02819	0.14380	0.03050	0.26744	0.27036	0.00950	0.06766	0.01308	0.00547	0.00720
39	0.02753	0.38387	0.07341	0.01886	0.02584	0.22586	0.01715	0.08648	0.02283	0.02525	0.01398	0.01589	0.01186	0.00850	0.00695	0.00217	0.01187	0.00552	0.00458	0.01161
40	0.02370	0.15166	0.02571	0.01555	0.02272	0.06099	0.01305	0.14518	0.02386	0.03304	0.01702	0.01903	0.01376	0.00808	0.00701	0.00183	0.00835	0.00598	0.04751	0.35597
41	0.09727	0.02358	0.03395	0.03651	0.26445	0.06359	0.13420	0.15349	0.04460	0.03591	0.01811	0.02162	0.01410	0.00874	0.00884	0.00273	0.01120	0.00811	0.00571	0.01329
42	0.03013	0.03716	0.02584	0.02315	0.02667	0.50193	0.01783	0.03235	0.02259	0.02181	0.01333	0.01695	0.01158	0.01075	0.01312	0.00269	0.17118	0.00625	0.00444	0.01023
43	0.01163	0.00887	0.01069	0.01073	0.01286	0.00793	0.00786	0.01471	0.02217	0.02955	0.33965	0.18410	0.26372	0.02153	0.01072	0.00303	0.00450	0.01877	0.00905	0.00793
44	0.02214	0.02126	0.03631	0.05491	0.62978	0.02126	0.02746	0.02746	0.02037	0.02923	0.01683	0.02214	0.01417	0.00797	0.00886	0.00266	0.01063	0.00797	0.00443	0.01417
45	0.03624	0.01708	0.02110	0.01637	0.02287	0.01643	0.01346	0.18467	0.02917	0.42694	0.03113	0.02843	0.02044	0.01092	0.00871	0.00268	0.00785	0.00869	0.08229	0.01454
46	0.01262	0.00867	0.01155	0.01188	0.01326	0.00864	0.00860	0.01339	0.01573	0.02062	0.04402	0.14923	0.19225	0.03895	0.20675	0.20570	0.01127	0.01416	0.00607	0.00664
47	0.01281	0.00945	0.01369	0.01369	0.01504	0.01081	0.01032	0.01553	0.01417	0.02026	0.02460	0.03865	0.02389	0.15968	0.55963	0.01352	0.02167	0.01010	0.00489	0.00760
48	0.01690	0.01590	0.02683	0.66408	0.06162	0.01988	0.02485	0.02286	0.01789	0.02286	0.01590	0.02385	0.01193	0.00894	0.00894	0.00298	0.01193	0.00795	0.00398	0.00994
49	0.38919	0.01398	0.01437	0.01631	0.07631	0.01520	0.01091	0.02102	0.01648	0.03232	0.02725	0.27454	0.02942	0.01596	0.00816	0.00309	0.00661	0.01318	0.00651	0.00919
50	0.11037	0.01543	0.02001	0.01551	0.02229	0.01384	0.01281	0.04189	0.02458	0.57693	0.03303	0.02887	0.02091	0.01080	0.00865	0.00277	0.00754	0.00859	0.01052	0.01468
51	0.02080	0.01965	0.03322	0.04985	0.55619	0.01959	0.02517	0.02567	0.01998	0.02847	0.02070	0.10060	0.01954	0.01036	0.00916	0.00277	0.00998	0.01005	0.00489	0.01335
52	0.03941	0.01640	0.02149	0.01647	0.02342	0.01489	0.01361	0.10998	0.02757	0.56682	0.03365	0.02938	0.02132	0.01103	0.00899	0.00276	0.00788	0.00888	0.01082	0.01522
53	0.02459	0.02179	0.08353	0.01925	0.02474	0.02166	0.01688	0.31607	0.02893	0.03977	0.02111	0.02553	0.01692	0.02911	0.21807	0.00657	0.05802	0.00839	0.00676	0.01232
54	0.02369	0.02151	0.07170	0.17799	0.03968	0.02085	0.17082	0.17150	0.02547	0.08293	0.02278	0.08853	0.01866	0.01107	0.00959	0.00295	0.01129	0.01039	0.00637	0.01221
55	0.01483	0.01160	0.01800	0.01969	0.05483	0.01140	0.05911	0.01888	0.02009	0.02645	0.04367	0.18017	0.04762	0.02295	0.01187	0.00388	0.00843	0.41006	0.00774	0.00872
56	0.01090	0.00779	0.01038	0.01246	0.01298	0.00727	0.00830	0.01246	0.01713	0.02284	0.04931	0.67975	0.05917	0.02803	0.01142	0.00363	0.00519	0.02543	0.00830	0.00727
57	0.01941	0.01975	0.03738	0.32790	0.17887	0.02107	0.21298	0.02575	0.01948	0.02613	0.01682	0.02358	0.01295	0.00828	0.00945	0.00292	0.01268	0.00881	0.00425	0.01155
58	0.02085	0.02588	0.15065	0.14398	0.34209	0.06136	0.02613	0.02700	0.01990	0.02779	0.01711	0.02210	0.01362	0.00847	0.00859	0.00269	0.01130	0.00758	0.05025	0.01267
59	0.01715	0.01331	0.01707	0.01397	0.01822	0.01225	0.01079	0.01871	0.01571	0.02372	0.01635	0.02297	0.01481	0.02135	0.09332	0.20282	0.07467	0.00673	0.00472	0.38138
60	0.09545	0.10772	0.19429	0.01738	0.02481	0.01856	0.01790	0.02866	0.02045	0.17887	0.07262	0.03227	0.09252	0.01182	0.00957	0.00278	0.04661	0.00902	0.00675	0.01193
61	0.02271	0.37343	0.28881	0.01955	0.02944	0.02766	0.02245	0.02872	0.01904	0.07141	0.01569	0.01746	0.01224	0.00827	0.00713	0.00236	0.01092	0.00586	0.00436	0.01249
62	0.02820	0.01644	0.01901	0.01618	0.02157	0.01723	0.01284	0.04290	0.32536	0.25812	0.03514	0.03229	0.02488	0.01154	0.00872	0.00282	0.00693	0.00949	0.09647	0.01386
63	0.29848	0.01149	0.01146	0.01219	0.01466	0.01226	0.00884	0.01785	0.01639	0.02958	0.03495	0.42049	0.03989	0.02034	0.00913	0.00330	0.00586	0.01741	0.00723	0.00821
64	0.02276	0.11516	0.02756	0.32692	0.04175	0.10226	0.01954	0.02973	0.09070	0.08497	0.02061	0.04486	0.01621	0.01002	0.00848	0.00275	0.01091	0.00816	0.00549	0.01115
65	0.02130	0.01222	0.01656	0.01494	0.01844	0.01276	0.01180	0.02730	0.08999	0.19062	0.08808	0.03681	0.02905	0.04055	0.33689	0.00874	0.01557	0.01014	0.00751	0.01073
66	0.01544	0.00885	0.00931	0.00924	0.01173	0.00824	0.00691	0.01878	0.01947	0.05841	0.05024	0.09950	0.21432	0.01564	0.00813	0.00253	0.00453	0.01298	0.41740	0.00834
67	0.02118	0.17669	0.32564	0.02736	0.13570	0.02339	0.02586	0.04942	0.02021	0.05014	0.01811	0.02369	0.01470	0.00933	0.00822	0.00267	0.01137	0.03882	0.00462	0.01288
68	0.02034	0.02742	0.23695	0.02094	0.02870	0.01915	0.06468	0.13798	0.09580	0.03623	0.15218	0.06334	0.03215	0.01233	0.00940	0.00288	0.00966	0.01057	0.00699	0.01232
69	0.74878	0.01730	0.01315	0.01177	0.01730	0.02007	0.00969	0.02630	0.01523	0.04014	0.01246	0.01453	0.00969	0.00830	0.00554	0.00277	0.00692	0.00484	0.00554	0.00969
70	0.01090	0.00779	0.01038	0.01246	0.01298	0.00727	0.00830	0.01246	0.01713	0.02284	0.04931	0.67975	0.05917	0.02803	0.01142	0.00363	0.00519	0.02543	0.00830	0.00727
71	0.02632	0.10320	0.11313	0.03210	0.20599	0.02104	0.11533	0.03263	0.04379	0.18584	0.02194	0.02370	0.01595	0.00889	0.00876	0.00269	0.01064	0.00818	0.00619	0.01366
72	0.01227	0.01006	0.01278	0.11370	0.02023	0.00977	0.01014	0.01549	0.02072	0.02666	0.21546	0.11328	0.31436	0.05133	0.01204	0.00327	0.00587	0.01663	0.00789	0.00805
73	0.02269	0.55842	0.16867	0.01740	0.02620	0.03239	0.01896	0.02711	0.01832	0.02255	0.01318	0.01528	0.01145	0.00783	0.00631	0.00210	0.01032	0.00516	0.00382	0.01184
74	0.06908	0.01762	0.02055	0.01718	0.06186	0.01565	0.01274	0.09442	0.05901	0.05832	0.01848	0.02029	0.01456	0.00784	0.00723	0.00183	0.00736	0.00623	0.00617	0.48356

[dist]
# distance from previous block
# <min> <max>
0	2

[block]
# block no. 7 follows, 19 sequences, length 45
# corresponding to MSA columns:
# 357-366,414-448
name=unknown_H
#
# <colnr> <probs for GDERKNQSTAVLIFYWHMCP>
#	G	D	E	R	K	N	Q	S	T	A	V	L	I	F	Y	W	H	M	C	P
0	0.02588	0.11087	0.15305	0.02522	0.09011	0.08689	0.05321	0.19014	0.11290	0.03602	0.02006	0.02152	0.01519	0.00951	0.00849	0.00265	0.01108	0.00757	0.00618	0.01345
1	0.03257	0.03911	0.02566	0.02280	0.02739	0.53779	0.01741	0.09899	0.02648	0.02580	0.01456	0.01697	0.01196	0.00982	0.00957	0.00245	0.05856	0.00616	0.00506	0.01088
2	0.02227	0.02131	0.03297	0.04701	0.50177	0.03917	0.02453	0.02984	0.09253	0.03001	0.01907	0.02312	0.01564	0.00843	0.00873	0.00261	0.01012	0.00801	0.00505	0.05784
3	0.01782	0.15370	0.32204	0.02208	0.03094	0.02064	0.08843	0.02451	0.01862	0.02579	0.02310	0.16733	0.02238	0.01263	0.00888	0.00286	0.01095	0.01096	0.00489	0.01143
4	0.01088	0.00787	0.01029	0.01223	0.01292	0.00729	0.00820	0.01248	0.01735	0.02293	0.05214	0.63914	0.09795	0.02766	0.01136	0.00359	0.00515	0.02499	0.00830	0.00729
5	0.01241	0.01011	0.01615	0.05287	0.01962	0.00974	0.07628	0.01490	0.01763	0.02350	0.04383	0.56736	0.05126	0.02460	0.01118	0.00353	0.00670	0.02273	0.00763	0.00797
6	0.02441	0.02038	0.03546	0.03968	0.31901	0.01985	0.15752	0.06694	0.02310	0.11541	0.06895	0.02731	0.02086	0.00931	0.00942	0.00277	0.01069	0.00939	0.00611	0.01343
7	0.01086	0.00794	0.01022	0.01204	0.01287	0.00730	0.00812	0.01250	0.01753	0.02300	0.05433	0.60758	0.12810	0.02738	0.01132	0.00356	0.00511	0.02464	0.00831	0.00730
8	0.02061	0.02542	0.11421	0.09120	0.15936	0.02192	0.37620	0.02791	0.02045	0.02825	0.01744	0.02313	0.01330	0.00785	0.00986	0.00292	0.01375	0.00940	0.00438	0.01243
9	0.02180	0.01791	0.02965	0.08911	0.34550	0.01785	0.05596	0.02740	0.03728	0.09726	0.13822	0.03234	0.02890	0.01049	0.00932	0.00276	0.00932	0.00990	0.00631	0.01270
10	0.01997	0.14053	0.31167	0.02414	0.07218	0.02229	0.05462	0.06804	0.05972	0.02917	0.02128	0.09771	0.01864	0.01098	0.00860	0.00278	0.01096	0.00917	0.00512	0.01244
11	0.35025	0.01306	0.01243	0.01174	0.01557	0.01395	0.00909	0.02390	0.01754	0.10249	0.02711	0.17944	0.02552	0.01376	0.00748	0.00284	0.00605	0.01093	0.14738	0.00948
12	0.11038	0.15664	0.07621	0.17098	0.03216	0.02254	0.01775	0.09868	0.02100	0.06625	0.02057	0.10039	0.01832	0.01156	0.00905	0.00280	0.03882	0.00903	0.00571	0.01115
13	0.01901	0.05846	0.09712	0.22214	0.14056	0.01894	0.05354	0.02592	0.06169	0.05396	0.06236	0.10091	0.02402	0.01168	0.00919	0.00291	0.01008	0.01050	0.00561	0.01138
14	0.01806	0.01338	0.02113	0.14145	0.10285	0.01349	0.05391	0.02191	0.01967	0.09916	0.03844	0.23225	0.08298	0.01771	0.01034	0.00325	0.00840	0.08448	0.00709	0.01005
15	0.01123	0.00843	0.01041	0.01130	0.01284	0.00762	0.00795	0.01359	0.01989	0.02623	0.19463	0.38359	0.21098	0.02437	0.01100	0.00328	0.00479	0.02158	0.00867	0.00762
16	0.02039	0.05931	0.25161	0.14851	0.14782	0.06630	0.12541	0.02770	0.01978	0.02679	0.01620	0.02088	0.01235	0.00834	0.00885	0.00278	0.01290	0.00764	0.00412	0.01232
17	0.02297	0.03007	0.27222	0.03359	0.24354	0.01982	0.02614	0.06984	0.02224	0.10493	0.05321	0.02432	0.01803	0.00933	0.00883	0.00275	0.01088	0.00802	0.00560	0.01367
18	0.02614	0.01667	0.05232	0.01974	0.02597	0.01397	0.14606	0.03040	0.02234	0.28972	0.04165	0.11874	0.12692	0.01423	0.00990	0.00298	0.00875	0.01297	0.00844	0.01212
19	0.01750	0.02053	0.10423	0.51517	0.05714	0.02030	0.09098	0.02418	0.01838	0.02418	0.01617	0.02328	0.01204	0.00873	0.00907	0.00297	0.01244	0.00808	0.00401	0.01058
20	0.01842	0.09690	0.02517	0.02111	0.09272	0.01698	0.07726	0.08665	0.02439	0.03311	0.25677	0.08085	0.07253	0.01482	0.00973	0.00282	0.00775	0.04393	0.00755	0.01054
21	0.02332	0.02799	0.25115	0.02480	0.03375	0.01786	0.18109	0.03007	0.02064	0.17147	0.02416	0.07057	0.01901	0.04919	0.01152	0.00326	0.01160	0.00992	0.00612	0.01252
22	0.02302	0.01688	0.02584	0.23482	0.18756	0.01814	0.02078	0.03049	0.09272	0.14380	0.02591	0.03461	0.02082	0.01129	0.00934	0.00300	0.00977	0.07233	0.00655	0.01233
23	0.02123	0.10218	0.20111	0.02484	0.03316	0.01982	0.19983	0.02759	0.02019	0.10070	0.02451	0.10824	0.02157	0.01176	0.00947	0.00295	0.01142	0.04183	0.00572	0.01189
24	0.02137	0.01853	0.03474	0.03392	0.19345	0.01759	0.23768	0.02644	0.02055	0.10131	0.02699	0.17443	0.02521	0.01278	0.01011	0.00303	0.01071	0.01308	0.00616	0.01192
25	0.01839	0.16987	0.02996	0.30326	0.13387	0.02149	0.01998	0.02267	0.01798	0.02314	0.02001	0.10309	0.01908	0.04876	0.01055	0.00308	0.01018	0.00964	0.00462	0.01038
26	0.02467	0.11337	0.38118	0.02224	0.03260	0.09746	0.02538	0.03192	0.02085	0.14071	0.01898	0.02021	0.01340	0.00897	0.00823	0.00265	0.01211	0.00675	0.00525	0.01305
27	0.01651	0.01446	0.02223	0.40517	0.07658	0.01706	0.01892	0.02218	0.05901	0.02274	0.02077	0.03392	0.01878	0.19409	0.01895	0.00452	0.01062	0.00949	0.00476	0.00924
28	0.02335	0.03207	0.31329	0.03191	0.16722	0.01975	0.10555	0.03096	0.02074	0.13924	0.02001	0.02243	0.01424	0.00872	0.00895	0.00281	0.01188	0.00789	0.00535	0.01364
29	0.02162	0.01686	0.02706	0.41159	0.12003	0.01981	0.02266	0.02664	0.01897	0.12332	0.01870	0.02423	0.01384	0.00994	0.01127	0.00301	0.08586	0.00811	0.00518	0.01130
30	0.02521	0.02166	0.10422	0.02952	0.15446	0.01798	0.12410	0.07071	0.02316	0.17596	0.02723	0.03827	0.02244	0.01192	0.00979	0.00304	0.01053	0.10990	0.00697	0.01293
31	0.02084	0.03360	0.29823	0.03845	0.27413	0.05645	0.09415	0.02844	0.02009	0.02836	0.01647	0.02063	0.01273	0.00822	0.00885	0.00275	0.01257	0.00755	0.00417	0.01331
32	0.01994	0.01604	0.02649	0.56015	0.08037	0.01912	0.02353	0.02557	0.01893	0.09763	0.01830	0.02458	0.01326	0.00916	0.00895	0.00294	0.01135	0.00808	0.00486	0.01076
33	0.01672	0.01473	0.02199	0.27872	0.03652	0.01706	0.04151	0.05255	0.06055	0.02732	0.09889	0.11374	0.07156	0.01653	0.03774	0.00358	0.06215	0.01214	0.00617	0.00983
34	0.03415	0.02163	0.09738	0.01850	0.02597	0.01823	0.01678	0.20493	0.02937	0.35550	0.02956	0.03045	0.02047	0.01145	0.00912	0.00283	0.00899	0.04072	0.00939	0.01458
35	0.02182	0.01612	0.02688	0.18337	0.14811	0.01654	0.08512	0.02670	0.02052	0.13605	0.02758	0.04393	0.02435	0.04269	0.01153	0.00340	0.01027	0.13721	0.00644	0.01134
36	0.01551	0.01272	0.01413	0.01345	0.01669	0.01323	0.01015	0.02678	0.24275	0.03194	0.20142	0.13368	0.19571	0.01827	0.01012	0.00305	0.00548	0.01572	0.00900	0.01021
37	0.02682	0.17378	0.13452	0.02997	0.21444	0.06391	0.02166	0.03180	0.02120	0.16959	0.01988	0.02143	0.01481	0.00880	0.00809	0.00252	0.01048	0.00713	0.00576	0.01341
38	0.02433	0.06578	0.06335	0.10955	0.33767	0.01965	0.02252	0.02940	0.02070	0.13853	0.02062	0.02394	0.01565	0.00883	0.00848	0.00263	0.00983	0.00789	0.05742	0.01323
39	0.01259	0.00935	0.01294	0.01268	0.01450	0.00983	0.00964	0.01596	0.01870	0.02633	0.24604	0.05117	0.08809	0.07168	0.34882	0.00916	0.01482	0.01277	0.00689	0.00802
40	0.01666	0.01274	0.02090	0.34178	0.07755	0.01473	0.01764	0.01832	0.01536	0.02012	0.01581	0.02518	0.01364	0.01845	0.02019	0.32147	0.01004	0.00787	0.00397	0.00760
41	0.02296	0.10277	0.03719	0.11850	0.35384	0.02370	0.08746	0.09209	0.02235	0.03048	0.01685	0.02155	0.01362	0.00832	0.00869	0.00265	0.01106	0.00788	0.00483	0.01321
42	0.01462	0.01559	0.09157	0.01689	0.01882	0.01436	0.01431	0.01682	0.01569	0.02223	0.03040	0.32083	0.03422	0.02491	0.05248	0.08794	0.17834	0.01576	0.00593	0.00829
43	0.01847	0.00950	0.00990	0.00947	0.01205	0.00958	0.00721	0.02404	0.05986	0.06997	0.03005	0.03318	0.02318	0.01058	0.00661	0.00219	0.00458	0.00850	0.64192	0.00915
44	0.02589	0.02326	0.10154	0.02524	0.10139	0.06019	0.09260	0.06850	0.12229	0.16674	0.09354	0.03036	0.02558	0.01078	0.00925	0.00281	0.00985	0.00952	0.00751	0.01318

[dist]
# distance from previous block
# <min> <max>
0	10

[block]
# block no. 8 follows, 19 sequences, length 18
# corresponding to MSA columns:
# 459-476
name=unknown_I
#
# <colnr> <probs for GDERKNQSTAVLIFYWHMCP>
#	G	D	E	R	K	N	Q	S	T	A	V	L	I	F	Y	W	H	M	C	P
0	0.09245	0.06377	0.02208	0.01713	0.02220	0.01789	0.05115	0.09758	0.12767	0.16378	0.03258	0.17426	0.02912	0.01478	0.00923	0.00301	0.00783	0.03320	0.00829	0.01201
1	0.07893	0.12827	0.07147	0.33404	0.04300	0.08427	0.02077	0.02757	0.01934	0.08787	0.01690	0.02118	0.01266	0.00891	0.00806	0.00270	0.01122	0.00700	0.00486	0.01099
2	0.26353	0.02528	0.02537	0.06394	0.16343	0.18654	0.04529	0.02859	0.01937	0.02991	0.01422	0.01806	0.01166	0.00903	0.00921	0.00273	0.06156	0.00647	0.00478	0.01102
3	0.01143	0.00910	0.01025	0.00996	0.01261	0.00792	0.00747	0.01449	0.02241	0.02896	0.30927	0.07822	0.40452	0.02087	0.01056	0.00294	0.00440	0.01778	0.00894	0.00792
4	0.02407	0.01747	0.02846	0.31481	0.23555	0.01873	0.02293	0.02924	0.02051	0.16961	0.02078	0.02486	0.01506	0.00913	0.00893	0.00283	0.01049	0.00820	0.00580	0.01255
5	0.01176	0.00845	0.01115	0.01187	0.01317	0.00784	0.00837	0.01462	0.02114	0.02922	0.33103	0.37984	0.07152	0.02326	0.01099	0.00323	0.00472	0.02091	0.00906	0.00784
6	0.74878	0.01730	0.01315	0.01177	0.01730	0.02007	0.00969	0.02630	0.01523	0.04014	0.01246	0.01453	0.00969	0.00830	0.00554	0.00277	0.00692	0.00484	0.00554	0.00969
7	0.01772	0.01643	0.02628	0.48618	0.11074	0.01858	0.02254	0.02326	0.01826	0.02463	0.01599	0.02273	0.01239	0.00843	0.00852	0.00265	0.01084	0.00747	0.00426	0.14211
8	0.09750	0.01443	0.01680	0.01407	0.01898	0.01403	0.01122	0.11960	0.02569	0.23672	0.13877	0.08884	0.13589	0.01512	0.00935	0.00287	0.00665	0.01247	0.00931	0.01168
9	0.09411	0.01305	0.01510	0.01311	0.01756	0.01200	0.01017	0.05917	0.02164	0.08832	0.14783	0.16527	0.07924	0.01561	0.00904	0.00265	0.00613	0.03162	0.00787	0.19052
10	0.01149	0.00837	0.01034	0.01127	0.01238	0.00774	0.00762	0.01337	0.01840	0.02441	0.15146	0.37852	0.15086	0.13136	0.01663	0.00421	0.00548	0.02079	0.00811	0.00722
11	0.01949	0.29508	0.09318	0.01513	0.02107	0.02231	0.01450	0.06680	0.02299	0.03055	0.26275	0.03672	0.04142	0.01231	0.00823	0.00244	0.00780	0.00986	0.00666	0.01071
12	0.02929	0.35008	0.09838	0.01708	0.02504	0.02628	0.01666	0.08903	0.02291	0.21443	0.02074	0.02048	0.01512	0.00910	0.00735	0.00235	0.00937	0.00659	0.00656	0.01318
13	0.02676	0.02637	0.16037	0.07075	0.03220	0.02216	0.05316	0.20355	0.15417	0.12102	0.02475	0.02502	0.01755	0.01027	0.00898	0.00285	0.01015	0.00844	0.00750	0.01397
14	0.01778	0.01687	0.02140	0.33256	0.03938	0.08192	0.01792	0.02462	0.07654	0.02820	0.20863	0.03742	0.03605	0.01220	0.00937	0.00286	0.00949	0.01051	0.00636	0.00991
15	0.01788	0.01948	0.08107	0.02155	0.10331	0.07425	0.01591	0.02408	0.06845	0.03155	0.31508	0.04373	0.04878	0.01431	0.01173	0.00288	0.07638	0.01180	0.00734	0.01046
