[name]
unknown

[dist]
# distance from previous block
# <min> <max>
12	89

[block]
# block no. 0 follows, 20 sequences, length 38
# corresponding to MSA columns:
# 95-132
name=unknown_A
#
# <colnr> <probs for GDERKNQSTAVLIFYWHMCP>
#	G	D	E	R	K	N	Q	S	T	A	V	L	I	F	Y	W	H	M	C	P
0	0.15813	0.06379	0.02684	0.02656	0.19197	0.01824	0.05455	0.03317	0.02101	0.28708	0.02296	0.02327	0.01608	0.00904	0.00802	0.00263	0.00871	0.00760	0.00718	0.01317
1	0.01245	0.00935	0.01265	0.05814	0.01765	0.00947	0.01081	0.01626	0.05603	0.02398	0.04467	0.47684	0.05101	0.02440	0.01102	0.00356	0.00625	0.13972	0.00785	0.00789
2	0.02848	0.01717	0.02355	0.13587	0.08667	0.01834	0.01707	0.07487	0.12518	0.28268	0.02678	0.02682	0.01867	0.01068	0.01042	0.00286	0.06424	0.00853	0.00793	0.01322
3	0.03316	0.02443	0.02618	0.02007	0.02705	0.02705	0.01658	0.60995	0.04101	0.05497	0.02094	0.02094	0.01483	0.01047	0.00873	0.00262	0.00960	0.00785	0.00873	0.01483
4	0.01241	0.00908	0.01255	0.01220	0.01393	0.00939	0.00922	0.01588	0.01948	0.02770	0.34025	0.05150	0.05369	0.07441	0.28985	0.00788	0.01259	0.01286	0.00726	0.00788
5	0.01060	0.00768	0.01003	0.01191	0.01259	0.00711	0.00799	0.01217	0.01693	0.02236	0.05097	0.64435	0.09922	0.02695	0.01107	0.00350	0.00501	0.02434	0.00810	0.00711
6	0.01892	0.20457	0.50125	0.02244	0.03400	0.02374	0.02801	0.02726	0.01825	0.02589	0.01479	0.01734	0.01108	0.00809	0.00763	0.00254	0.01202	0.00601	0.00369	0.01248
7	0.33385	0.01379	0.01338	0.01203	0.01641	0.01449	0.00971	0.05408	0.02014	0.09508	0.13192	0.04325	0.14759	0.01381	0.00808	0.00283	0.00617	0.04634	0.00748	0.00957
8	0.03191	0.10430	0.02801	0.02008	0.02651	0.18193	0.01646	0.40410	0.03442	0.04290	0.01813	0.01889	0.01355	0.00977	0.00816	0.00244	0.01106	0.00695	0.00713	0.01327
9	0.03182	0.10708	0.02778	0.02047	0.02649	0.28420	0.01651	0.31094	0.03178	0.03746	0.01692	0.01805	0.01296	0.00953	0.00803	0.00238	0.01206	0.00659	0.00645	0.01251
10	0.01063	0.00759	0.01012	0.01215	0.01265	0.00709	0.00810	0.01215	0.01670	0.02227	0.04808	0.68775	0.05769	0.02733	0.01113	0.00354	0.00506	0.02480	0.00810	0.00709
11	0.02411	0.58799	0.07580	0.01604	0.02373	0.03291	0.01604	0.09173	0.02038	0.02477	0.01331	0.01501	0.01159	0.00784	0.00609	0.00200	0.00955	0.00512	0.00429	0.01169
12	0.02332	0.69869	0.04571	0.01493	0.02239	0.03451	0.01493	0.02612	0.01772	0.02052	0.01213	0.01399	0.01119	0.00746	0.00560	0.00187	0.00933	0.00466	0.00373	0.01119
13	0.01268	0.00846	0.00951	0.00951	0.00951	0.00846	0.00529	0.01268	0.01268	0.01691	0.02748	0.05708	0.03171	0.69345	0.04440	0.00846	0.00846	0.01268	0.00529	0.00529
14	0.01060	0.00771	0.01000	0.01182	0.01257	0.00711	0.00795	0.01218	0.01701	0.02239	0.05204	0.62833	0.11455	0.02681	0.01105	0.00348	0.00500	0.02417	0.00810	0.00711
15	0.02974	0.13582	0.02462	0.01602	0.02151	0.01887	0.01354	0.08908	0.02310	0.32518	0.03112	0.07040	0.06192	0.01250	0.01069	0.00274	0.08283	0.00950	0.00821	0.01260
16	0.02715	0.02595	0.03047	0.02400	0.03047	0.14045	0.15991	0.22274	0.17743	0.03763	0.02238	0.02349	0.01671	0.00978	0.00899	0.00271	0.01130	0.00854	0.00693	0.01296
17	0.03442	0.01380	0.01873	0.01472	0.02064	0.01201	0.01201	0.03792	0.02492	0.53763	0.14008	0.03594	0.03228	0.01204	0.00904	0.00271	0.00684	0.01001	0.01059	0.01368
18	0.01997	0.06473	0.13213	0.01692	0.02241	0.07551	0.01576	0.02861	0.13261	0.08163	0.20793	0.04322	0.03991	0.01356	0.00919	0.00281	0.00828	0.06633	0.00750	0.01099
19	0.01150	0.00821	0.01112	0.01314	0.01403	0.00784	0.00961	0.01365	0.01756	0.02324	0.04760	0.53794	0.05579	0.02651	0.01137	0.00366	0.00582	0.16601	0.00808	0.00733
20	0.03750	0.01748	0.02187	0.01677	0.02358	0.01673	0.01385	0.19828	0.02937	0.48308	0.03072	0.02729	0.01974	0.01071	0.00876	0.00268	0.00802	0.00852	0.01023	0.01484
21	0.02683	0.12915	0.09385	0.02420	0.03041	0.35620	0.12223	0.03081	0.02167	0.02299	0.01411	0.01734	0.01158	0.00882	0.00934	0.00247	0.05645	0.00652	0.00425	0.01079
22	0.01705	0.01609	0.02720	0.60300	0.12507	0.01953	0.02451	0.02279	0.01771	0.02298	0.01561	0.02307	0.01187	0.00861	0.00871	0.00287	0.01149	0.00775	0.00393	0.01015
23	0.02294	0.11488	0.40901	0.02241	0.03260	0.13351	0.02567	0.03019	0.02009	0.08649	0.01672	0.01856	0.01214	0.00857	0.00796	0.00256	0.01245	0.00633	0.00453	0.01240
24	0.01268	0.00846	0.00951	0.00951	0.00951	0.00846	0.00529	0.01268	0.01268	0.01691	0.02748	0.05708	0.03171	0.69345	0.04440	0.00846	0.00846	0.01268	0.00529	0.00529
25	0.01911	0.02245	0.13873	0.02134	0.02797	0.01848	0.13767	0.07204	0.19723	0.03372	0.16078	0.03608	0.05147	0.01181	0.00940	0.00285	0.00909	0.01076	0.00714	0.01187
26	0.03402	0.01881	0.02218	0.01747	0.02398	0.01925	0.01428	0.23731	0.13582	0.33602	0.03000	0.02720	0.02017	0.01087	0.00877	0.00272	0.00808	0.00865	0.00975	0.01466
27	0.01606	0.03182	0.39721	0.02065	0.02910	0.01734	0.02398	0.02345	0.01920	0.02787	0.12897	0.03555	0.07038	0.01246	0.01098	0.00294	0.07591	0.03978	0.00527	0.01110
28	0.02005	0.01854	0.03147	0.16359	0.47411	0.01926	0.02452	0.02451	0.01863	0.02611	0.01612	0.02235	0.01354	0.01004	0.01102	0.07174	0.01034	0.00775	0.00419	0.01213
29	0.14780	0.08712	0.49304	0.02179	0.03297	0.02116	0.02697	0.02717	0.01774	0.02914	0.01478	0.01735	0.01078	0.00819	0.00759	0.00269	0.01155	0.00601	0.00399	0.01216
30	0.07247	0.02319	0.02974	0.18947	0.03817	0.08585	0.12452	0.26121	0.02804	0.03744	0.01767	0.02106	0.01303	0.00917	0.00871	0.00272	0.01146	0.00785	0.00608	0.01216
31	0.01810	0.01156	0.01348	0.01214	0.01554	0.01111	0.00919	0.02457	0.12393	0.13733	0.19986	0.05792	0.21731	0.09265	0.01362	0.00347	0.00575	0.01395	0.00877	0.00976
32	0.01248	0.00897	0.01200	0.01248	0.01425	0.00849	0.00970	0.01612	0.02212	0.03049	0.38171	0.18240	0.06980	0.02109	0.01089	0.00321	0.00528	0.16159	0.00894	0.00798
33	0.01419	0.01236	0.01274	0.01285	0.01487	0.08103	0.00957	0.01729	0.02191	0.02857	0.32124	0.21653	0.11135	0.02010	0.01039	0.00302	0.00604	0.06951	0.00839	0.00807
34	0.01100	0.00833	0.01026	0.01163	0.01313	0.00759	0.00846	0.01309	0.01820	0.02322	0.06076	0.41138	0.24232	0.02519	0.01100	0.00342	0.00527	0.10036	0.00809	0.00731
35	0.09272	0.33827	0.31289	0.01904	0.02874	0.02665	0.02215	0.02675	0.01775	0.02554	0.01371	0.01600	0.01096	0.00790	0.00678	0.00235	0.01067	0.00547	0.00387	0.01178
36	0.04680	0.02271	0.10841	0.13274	0.03071	0.08841	0.01727	0.06536	0.05328	0.10195	0.02120	0.06912	0.01724	0.01001	0.00812	0.00244	0.00956	0.00810	0.00597	0.18058
37	0.07825	0.14518	0.08258	0.03803	0.02416	0.09616	0.01543	0.03226	0.10028	0.16773	0.09067	0.02682	0.02345	0.01055	0.00862	0.00258	0.03053	0.00800	0.00688	0.01183

[dist]
# distance from previous block
# <min> <max>
8	21

[block]
# block no. 1 follows, 20 sequences, length 22
# corresponding to MSA columns:
# 154-175
name=unknown_B
#
# <colnr> <probs for GDERKNQSTAVLIFYWHMCP>
#	G	D	E	R	K	N	Q	S	T	A	V	L	I	F	Y	W	H	M	C	P
0	0.06912	0.26072	0.09457	0.01730	0.02413	0.11818	0.01604	0.07551	0.02069	0.05103	0.01607	0.04196	0.01378	0.00916	0.00795	0.00224	0.04018	0.00638	0.00499	0.11001
1	0.08217	0.13058	0.08545	0.01988	0.10396	0.01820	0.01521	0.05200	0.04400	0.03021	0.13863	0.09859	0.03104	0.01195	0.00814	0.00248	0.00770	0.00997	0.00618	0.10367
2	0.01640	0.02076	0.14220	0.05259	0.02606	0.05383	0.07772	0.02333	0.07249	0.02759	0.11686	0.10649	0.09896	0.01572	0.00993	0.00308	0.00906	0.11031	0.00667	0.00995
3	0.01685	0.07270	0.01868	0.01316	0.01904	0.01269	0.01071	0.02047	0.01883	0.02763	0.08557	0.09055	0.02790	0.01145	0.00779	0.00198	0.00651	0.06915	0.00607	0.46227
4	0.02147	0.02949	0.30394	0.02129	0.05750	0.01837	0.02188	0.14355	0.02444	0.08831	0.09178	0.03185	0.08523	0.01137	0.00886	0.00274	0.00981	0.00923	0.00645	0.01243
5	0.01776	0.01310	0.01677	0.08363	0.02247	0.01401	0.01385	0.13289	0.02241	0.02950	0.03434	0.06724	0.03561	0.15353	0.01752	0.00452	0.00880	0.29588	0.00719	0.00898
6	0.09984	0.19701	0.02902	0.02320	0.14213	0.05501	0.01611	0.05957	0.15955	0.06849	0.05236	0.02379	0.01957	0.00955	0.00762	0.00250	0.00865	0.00750	0.00622	0.01232
7	0.01320	0.00936	0.01128	0.01075	0.01185	0.00926	0.00691	0.01421	0.01351	0.01876	0.02544	0.04859	0.02783	0.49967	0.16033	0.00880	0.01116	0.01125	0.00515	0.08269
8	0.02741	0.02198	0.08460	0.08419	0.09852	0.01993	0.14667	0.13846	0.05464	0.19914	0.02315	0.02449	0.01617	0.00932	0.00904	0.00276	0.01053	0.00859	0.00702	0.01339
9	0.01947	0.03822	0.47239	0.02351	0.03391	0.02157	0.02774	0.08069	0.08432	0.03042	0.01787	0.02020	0.01308	0.00946	0.01015	0.00286	0.06951	0.00704	0.00469	0.01287
10	0.01262	0.00917	0.01231	0.01411	0.01577	0.00886	0.01147	0.01569	0.01904	0.02468	0.05124	0.27481	0.11472	0.02486	0.01159	0.00376	0.00675	0.35281	0.00806	0.00768
11	0.02486	0.02388	0.03561	0.04032	0.33755	0.07758	0.13695	0.15417	0.02501	0.03351	0.01738	0.02132	0.01370	0.00838	0.00891	0.00264	0.01151	0.00810	0.00531	0.01332
12	0.01150	0.00888	0.01048	0.01008	0.01251	0.00787	0.00756	0.01482	0.02269	0.03022	0.40683	0.07299	0.31288	0.01961	0.01030	0.00283	0.00424	0.01687	0.00898	0.00787
13	0.01809	0.01550	0.01809	0.01292	0.02067	0.01163	0.01034	0.02196	0.01809	0.02842	0.01550	0.01809	0.01292	0.00646	0.00646	0.00129	0.00646	0.00517	0.00517	0.74677
14	0.01647	0.01550	0.02616	0.67248	0.06008	0.01938	0.02422	0.02229	0.01744	0.02229	0.01550	0.02326	0.01163	0.00872	0.00872	0.00291	0.01163	0.00775	0.00388	0.00969
15	0.01647	0.01550	0.02616	0.67248	0.06008	0.01938	0.02422	0.02229	0.01744	0.02229	0.01550	0.02326	0.01163	0.00872	0.00872	0.00291	0.01163	0.00775	0.00388	0.00969
16	0.01809	0.01550	0.01809	0.01292	0.02067	0.01163	0.01034	0.02196	0.01809	0.02842	0.01550	0.01809	0.01292	0.00646	0.00646	0.00129	0.00646	0.00517	0.00517	0.74677
17	0.05251	0.01825	0.02814	0.03050	0.22190	0.01856	0.07913	0.08609	0.02220	0.18260	0.02422	0.09410	0.02008	0.01148	0.01073	0.00287	0.06720	0.00998	0.00676	0.01271
18	0.01515	0.00758	0.01136	0.01136	0.01136	0.00758	0.00758	0.01136	0.01136	0.01515	0.01515	0.02652	0.01515	0.03030	0.03409	0.74621	0.00758	0.00758	0.00379	0.00379
19	0.02294	0.53844	0.03958	0.01559	0.02246	0.03149	0.01466	0.03089	0.16044	0.02429	0.01764	0.01836	0.01483	0.00849	0.00637	0.00212	0.00876	0.00589	0.00494	0.01181
20	0.02898	0.02212	0.09534	0.02443	0.13566	0.01914	0.01830	0.18690	0.05399	0.21630	0.02357	0.02356	0.01654	0.00948	0.00845	0.00253	0.00902	0.00776	0.00761	0.09031
21	0.16365	0.02036	0.02219	0.02322	0.13662	0.05994	0.01549	0.17446	0.13990	0.03838	0.07538	0.02679	0.02220	0.03304	0.00938	0.00288	0.00854	0.00835	0.00700	0.01223

[dist]
# distance from previous block
# <min> <max>
0	1

[block]
# block no. 2 follows, 20 sequences, length 27
# corresponding to MSA columns:
# 177-203
name=unknown_C
#
# <colnr> <probs for GDERKNQSTAVLIFYWHMCP>
#	G	D	E	R	K	N	Q	S	T	A	V	L	I	F	Y	W	H	M	C	P
0	0.01933	0.01658	0.01999	0.14545	0.02918	0.01920	0.01589	0.03668	0.39892	0.03189	0.03347	0.04229	0.02783	0.01338	0.00940	0.00313	0.00803	0.10962	0.00775	0.01199
1	0.02363	0.01970	0.02081	0.01814	0.02342	0.02260	0.01428	0.14158	0.52489	0.03961	0.03304	0.03058	0.02463	0.01160	0.00885	0.00290	0.00736	0.00952	0.00885	0.01398
2	0.03074	0.01511	0.01938	0.01448	0.02163	0.01234	0.01183	0.03431	0.02222	0.39898	0.02687	0.02506	0.01813	0.00907	0.00785	0.00214	0.00704	0.00733	0.00855	0.30694
3	0.02314	0.12329	0.42799	0.02146	0.03226	0.02043	0.02559	0.03079	0.01981	0.16620	0.01943	0.02039	0.01345	0.00875	0.00805	0.00263	0.01119	0.00674	0.00530	0.01311
4	0.01815	0.11807	0.58100	0.02375	0.03604	0.02185	0.03030	0.02746	0.01834	0.02683	0.01526	0.01792	0.01107	0.00820	0.00799	0.00266	0.01249	0.00625	0.00369	0.01270
5	0.01257	0.01071	0.01820	0.01696	0.01909	0.01001	0.12524	0.01523	0.01746	0.02338	0.04213	0.55791	0.04900	0.02342	0.01097	0.00342	0.00695	0.02196	0.00738	0.00800
6	0.02803	0.29366	0.03297	0.01959	0.02490	0.37172	0.01627	0.03046	0.02119	0.02100	0.01281	0.01530	0.01124	0.00885	0.00849	0.00221	0.06125	0.00540	0.00415	0.01049
7	0.01676	0.01359	0.02119	0.29206	0.07087	0.01583	0.01809	0.02081	0.01754	0.06092	0.02632	0.15758	0.02590	0.01865	0.05814	0.00400	0.07457	0.07214	0.00562	0.00942
8	0.01439	0.01227	0.01922	0.11161	0.05158	0.01335	0.05685	0.01772	0.01765	0.02371	0.03541	0.30492	0.03920	0.02031	0.01276	0.00351	0.08145	0.14894	0.00658	0.00858
9	0.01750	0.04512	0.64825	0.02486	0.03775	0.02026	0.03223	0.02762	0.01842	0.02762	0.01565	0.01842	0.01105	0.00829	0.00829	0.00276	0.01289	0.00645	0.00368	0.01289
10	0.01909	0.02083	0.07399	0.39797	0.23204	0.05899	0.02513	0.02480	0.01869	0.02450	0.01567	0.02194	0.01223	0.00842	0.00861	0.00276	0.01159	0.00753	0.00403	0.01120
11	0.01828	0.03463	0.41023	0.02796	0.12148	0.01953	0.05305	0.02837	0.07707	0.02847	0.02079	0.02840	0.01693	0.01008	0.00886	0.00289	0.01155	0.06412	0.00474	0.01258
12	0.03064	0.08883	0.02593	0.01843	0.02500	0.02465	0.01530	0.35381	0.15779	0.13161	0.02502	0.02391	0.01789	0.01050	0.00845	0.00263	0.00870	0.00809	0.00856	0.01426
13	0.01268	0.00846	0.00951	0.00951	0.00951	0.00846	0.00529	0.01268	0.01268	0.01691	0.02748	0.05708	0.03171	0.69345	0.04440	0.00846	0.00846	0.01268	0.00529	0.00529
14	0.01080	0.00772	0.01032	0.01235	0.01293	0.00724	0.00840	0.01245	0.01687	0.02246	0.04798	0.65769	0.05731	0.02716	0.01118	0.00357	0.00521	0.05313	0.00809	0.00713
15	0.06416	0.20367	0.34927	0.02110	0.03079	0.11465	0.02383	0.05153	0.01984	0.02674	0.01448	0.01680	0.01117	0.00826	0.00741	0.00246	0.01193	0.00585	0.00411	0.01196
16	0.01515	0.00758	0.01136	0.01136	0.01136	0.00758	0.00758	0.01136	0.01136	0.01515	0.01515	0.02652	0.01515	0.03030	0.03409	0.74621	0.00758	0.00758	0.00379	0.00379
17	0.01647	0.01550	0.02616	0.67248	0.06008	0.01938	0.02422	0.02229	0.01744	0.02229	0.01550	0.02326	0.01163	0.00872	0.00872	0.00291	0.01163	0.00775	0.00388	0.00969
18	0.01647	0.01550	0.02616	0.67248	0.06008	0.01938	0.02422	0.02229	0.01744	0.02229	0.01550	0.02326	0.01163	0.00872	0.00872	0.00291	0.01163	0.00775	0.00388	0.00969
19	0.12228	0.25985	0.11805	0.01659	0.02330	0.11892	0.01577	0.02842	0.01895	0.10503	0.01722	0.02110	0.01427	0.07432	0.01044	0.00291	0.01013	0.00638	0.00513	0.01095
20	0.01083	0.00886	0.00956	0.00939	0.01210	0.00759	0.00704	0.01353	0.02112	0.02649	0.22856	0.07912	0.49347	0.02100	0.01030	0.00289	0.00434	0.01773	0.00849	0.00759
21	0.03914	0.01484	0.02024	0.01552	0.02227	0.01282	0.01282	0.04251	0.02497	0.64507	0.03441	0.02969	0.02159	0.01080	0.00877	0.00270	0.00742	0.00877	0.01080	0.01484
22	0.01663	0.01818	0.07950	0.10763	0.08709	0.06035	0.07580	0.02137	0.01990	0.02586	0.07711	0.12144	0.07546	0.01607	0.01012	0.00317	0.00953	0.15892	0.00624	0.00964
23	0.01748	0.01330	0.02037	0.10658	0.06077	0.01354	0.07240	0.07601	0.02054	0.07133	0.03515	0.34211	0.03735	0.01870	0.01025	0.00323	0.00802	0.05602	0.00720	0.00965
24	0.01629	0.03803	0.52353	0.02194	0.03280	0.01782	0.02738	0.02506	0.01918	0.02796	0.08409	0.02936	0.07819	0.01056	0.00868	0.00278	0.01120	0.00852	0.00470	0.01190
25	0.02803	0.02976	0.30996	0.02100	0.03066	0.01760	0.04646	0.07462	0.02290	0.29538	0.02418	0.02366	0.01594	0.00948	0.00861	0.00273	0.01038	0.00770	0.00713	0.01382
26	0.02853	0.02505	0.14411	0.02247	0.07127	0.02168	0.01950	0.23253	0.06945	0.17661	0.02275	0.02311	0.01606	0.01049	0.01057	0.00280	0.07385	0.00790	0.00745	0.01381

[dist]
# distance from previous block
# <min> <max>
0	13

[block]
# block no. 3 follows, 20 sequences, length 50
# corresponding to MSA columns:
# 217-266
name=unknown_D
#
# <colnr> <probs for GDERKNQSTAVLIFYWHMCP>
#	G	D	E	R	K	N	Q	S	T	A	V	L	I	F	Y	W	H	M	C	P
0	0.09831	0.20228	0.20005	0.01871	0.02716	0.02495	0.01929	0.16544	0.05646	0.08263	0.01819	0.01910	0.01349	0.00896	0.00748	0.00250	0.00983	0.00651	0.00589	0.01277
1	0.12221	0.14199	0.10093	0.02162	0.07550	0.02486	0.01827	0.13974	0.02173	0.08020	0.01620	0.01886	0.01274	0.01022	0.01204	0.00278	0.15584	0.00673	0.00554	0.01201
2	0.13698	0.01390	0.01843	0.16737	0.02814	0.01520	0.03720	0.05466	0.05810	0.07738	0.03005	0.23281	0.02984	0.01571	0.00921	0.00311	0.00797	0.04734	0.00683	0.00978
3	0.09026	0.08547	0.31606	0.02277	0.06722	0.02230	0.02340	0.16032	0.02376	0.08295	0.01778	0.01933	0.01277	0.00887	0.00797	0.00264	0.01073	0.00673	0.00558	0.01310
4	0.01235	0.00892	0.01166	0.01097	0.01303	0.00823	0.00823	0.01646	0.02469	0.03498	0.63443	0.06516	0.08230	0.01783	0.01029	0.00274	0.00412	0.01578	0.00960	0.00823
5	0.02451	0.01811	0.01981	0.01739	0.02262	0.02026	0.01365	0.04573	0.52666	0.13476	0.03533	0.03208	0.02581	0.01167	0.00886	0.00292	0.00699	0.00969	0.00919	0.01397
6	0.01809	0.01550	0.01809	0.01292	0.02067	0.01163	0.01034	0.02196	0.01809	0.02842	0.01550	0.01809	0.01292	0.00646	0.00646	0.00129	0.00646	0.00517	0.00517	0.74677
7	0.01267	0.00853	0.00987	0.00987	0.00999	0.00865	0.00573	0.01291	0.01279	0.01718	0.02716	0.05528	0.03093	0.64380	0.09297	0.00890	0.00964	0.01242	0.00524	0.00548
8	0.01750	0.04512	0.64825	0.02486	0.03775	0.02026	0.03223	0.02762	0.01842	0.02762	0.01565	0.01842	0.01105	0.00829	0.00829	0.00276	0.01289	0.00645	0.00368	0.01289
9	0.02159	0.02073	0.03541	0.05354	0.63903	0.02073	0.02677	0.02677	0.01986	0.02850	0.01641	0.02159	0.01382	0.00777	0.00864	0.00259	0.01036	0.00777	0.00432	0.01382
10	0.03258	0.04157	0.02472	0.02247	0.02697	0.65843	0.01685	0.03483	0.02472	0.02135	0.01348	0.01573	0.01124	0.00899	0.00787	0.00225	0.01573	0.00562	0.00449	0.01011
11	0.01060	0.00770	0.01001	0.01185	0.01257	0.00711	0.00796	0.01218	0.01699	0.02238	0.05173	0.63306	0.11003	0.02685	0.01106	0.00349	0.00500	0.02422	0.00810	0.00711
12	0.01762	0.04306	0.59912	0.02471	0.03658	0.02077	0.03119	0.02710	0.01802	0.02710	0.01532	0.01847	0.01108	0.00884	0.00990	0.00285	0.06543	0.00654	0.00369	0.01263
13	0.01216	0.00891	0.01140	0.01078	0.01292	0.00815	0.00809	0.01610	0.02426	0.03395	0.58497	0.06686	0.13241	0.01822	0.01029	0.00276	0.00414	0.01601	0.00947	0.00815
14	0.01515	0.00758	0.01136	0.01136	0.01136	0.00758	0.00758	0.01136	0.01136	0.01515	0.01515	0.02652	0.01515	0.03030	0.03409	0.74621	0.00758	0.00758	0.00379	0.00379
15	0.01647	0.01550	0.02616	0.67248	0.06008	0.01938	0.02422	0.02229	0.01744	0.02229	0.01550	0.02326	0.01163	0.00872	0.00872	0.00291	0.01163	0.00775	0.00388	0.00969
16	0.02059	0.02353	0.05147	0.03676	0.04559	0.02206	0.60735	0.02794	0.02059	0.02794	0.01765	0.02353	0.01324	0.00735	0.01029	0.00294	0.01471	0.01029	0.00441	0.01176
17	0.01063	0.00759	0.01012	0.01215	0.01265	0.00709	0.00810	0.01215	0.01670	0.02227	0.04808	0.68775	0.05769	0.02733	0.01113	0.00354	0.00506	0.02480	0.00810	0.00709
18	0.01515	0.00758	0.01136	0.01136	0.01136	0.00758	0.00758	0.01136	0.01136	0.01515	0.01515	0.02652	0.01515	0.03030	0.03409	0.74621	0.00758	0.00758	0.00379	0.00379
19	0.01729	0.01662	0.02634	0.46966	0.04847	0.02167	0.02262	0.02188	0.01617	0.02188	0.01424	0.02195	0.01157	0.01076	0.01494	0.00319	0.21952	0.00771	0.00386	0.00964
20	0.01235	0.00892	0.01166	0.01097	0.01303	0.00823	0.00823	0.01646	0.02469	0.03498	0.63443	0.06516	0.08230	0.01783	0.01029	0.00274	0.00412	0.01578	0.00960	0.00823
21	0.01279	0.01085	0.01514	0.21735	0.02766	0.01139	0.01314	0.01634	0.01908	0.02415	0.10121	0.15151	0.25888	0.01850	0.01009	0.00310	0.00706	0.06668	0.00690	0.00818
22	0.01750	0.04512	0.64825	0.02486	0.03775	0.02026	0.03223	0.02762	0.01842	0.02762	0.01565	0.01842	0.01105	0.00829	0.00829	0.00276	0.01289	0.00645	0.00368	0.01289
23	0.01730	0.01635	0.02766	0.57253	0.15357	0.01960	0.02464	0.02301	0.01783	0.02329	0.01565	0.02299	0.01198	0.00857	0.00871	0.00286	0.01142	0.00776	0.00395	0.01036
24	0.03163	0.02296	0.02454	0.01899	0.02552	0.02534	0.01563	0.55654	0.03895	0.05294	0.02162	0.02199	0.01552	0.01044	0.00849	0.00256	0.00910	0.00788	0.07513	0.01423
25	0.02563	0.54074	0.04113	0.01613	0.02348	0.03277	0.01531	0.16289	0.02318	0.02859	0.01419	0.01562	0.01205	0.00817	0.00633	0.00204	0.00939	0.00541	0.00490	0.01205
26	0.01194	0.00867	0.00982	0.01015	0.01239	0.00782	0.00764	0.01482	0.02004	0.02695	0.16423	0.15780	0.31612	0.02040	0.00991	0.00294	0.00470	0.06376	0.12224	0.00765
27	0.01180	0.00883	0.01108	0.01160	0.01355	0.00811	0.00885	0.01490	0.02106	0.02800	0.27529	0.20130	0.20848	0.02193	0.01078	0.00318	0.00509	0.11977	0.00864	0.00775
28	0.01222	0.00867	0.01107	0.01086	0.01274	0.00801	0.00800	0.01586	0.02290	0.03239	0.48410	0.15366	0.10514	0.01897	0.01016	0.00283	0.00426	0.01675	0.05341	0.00801
29	0.02059	0.02353	0.05147	0.03676	0.04559	0.02206	0.60735	0.02794	0.02059	0.02794	0.01765	0.02353	0.01324	0.00735	0.01029	0.00294	0.01471	0.01029	0.00441	0.01176
30	0.01035	0.00868	0.00900	0.00925	0.01189	0.00733	0.00681	0.01247	0.01948	0.02340	0.08334	0.15934	0.56335	0.02275	0.01041	0.00302	0.00450	0.01921	0.00810	0.00733
31	0.01235	0.00892	0.01166	0.01097	0.01303	0.00823	0.00823	0.01646	0.02469	0.03498	0.63443	0.06516	0.08230	0.01783	0.01029	0.00274	0.00412	0.01578	0.00960	0.00823
32	0.02332	0.69869	0.04571	0.01493	0.02239	0.03451	0.01493	0.02612	0.01772	0.02052	0.01213	0.01399	0.01119	0.00746	0.00560	0.00187	0.00933	0.00466	0.00373	0.01119
33	0.03684	0.01511	0.01978	0.01531	0.02171	0.01363	0.01260	0.08774	0.02577	0.54802	0.03283	0.02919	0.02109	0.01072	0.00856	0.00264	0.00734	0.00865	0.06816	0.01432
34	0.01647	0.01550	0.02616	0.67248	0.06008	0.01938	0.02422	0.02229	0.01744	0.02229	0.01550	0.02326	0.01163	0.00872	0.00872	0.00291	0.01163	0.00775	0.00388	0.00969
35	0.03258	0.04157	0.02472	0.02247	0.02697	0.65843	0.01685	0.03483	0.02472	0.02135	0.01348	0.01573	0.01124	0.00899	0.00787	0.00225	0.01573	0.00562	0.00449	0.01011
36	0.01809	0.01550	0.01809	0.01292	0.02067	0.01163	0.01034	0.02196	0.01809	0.02842	0.01550	0.01809	0.01292	0.00646	0.00646	0.00129	0.00646	0.00517	0.00517	0.74677
37	0.01063	0.00759	0.01012	0.01215	0.01265	0.00709	0.00810	0.01215	0.01670	0.02227	0.04808	0.68775	0.05769	0.02733	0.01113	0.00354	0.00506	0.02480	0.00810	0.00709
38	0.01235	0.00832	0.00961	0.00994	0.01002	0.00824	0.00574	0.01260	0.01333	0.01778	0.03081	0.15892	0.03591	0.58588	0.03903	0.00766	0.00791	0.01464	0.00574	0.00558
39	0.01250	0.00920	0.01329	0.01329	0.01460	0.01051	0.01000	0.01511	0.01380	0.01971	0.02403	0.03795	0.02341	0.16684	0.55965	0.01312	0.02096	0.00989	0.00477	0.00738
40	0.01486	0.01328	0.02167	0.47813	0.04629	0.01599	0.01964	0.01951	0.01706	0.02216	0.02361	0.17958	0.02303	0.01649	0.04844	0.00373	0.01080	0.01184	0.00491	0.00897
41	0.03043	0.02180	0.02326	0.01814	0.02432	0.02400	0.01489	0.51473	0.03734	0.05135	0.02216	0.02281	0.01605	0.01042	0.00830	0.00252	0.00871	0.00790	0.12712	0.01375
42	0.01862	0.06224	0.07115	0.02112	0.11066	0.01751	0.01552	0.02960	0.21181	0.03066	0.09845	0.06059	0.05211	0.01199	0.00862	0.00259	0.00752	0.03182	0.00686	0.13055
43	0.02332	0.69869	0.04571	0.01493	0.02239	0.03451	0.01493	0.02612	0.01772	0.02052	0.01213	0.01399	0.01119	0.00746	0.00560	0.00187	0.00933	0.00466	0.00373	0.01119
44	0.01090	0.00781	0.01037	0.01196	0.01271	0.00727	0.00812	0.01284	0.01799	0.02432	0.14276	0.58721	0.06167	0.02579	0.01100	0.00341	0.00491	0.02334	0.00834	0.00727
45	0.01966	0.27129	0.28852	0.13303	0.07493	0.02522	0.02436	0.02613	0.01810	0.02425	0.01442	0.01787	0.01138	0.00803	0.00743	0.00246	0.01124	0.00612	0.00377	0.01180
46	0.02455	0.02170	0.12046	0.17408	0.10802	0.05178	0.02011	0.03143	0.06885	0.19995	0.07110	0.02772	0.02132	0.01010	0.00875	0.00274	0.00975	0.00852	0.00671	0.01236
47	0.01246	0.00935	0.01402	0.01402	0.01558	0.01090	0.01090	0.01558	0.01402	0.02025	0.02336	0.03427	0.02181	0.06542	0.65888	0.01402	0.02336	0.00935	0.00467	0.00779
48	0.02913	0.01333	0.01750	0.01429	0.01940	0.01218	0.01147	0.03466	0.07907	0.39802	0.22327	0.04111	0.04115	0.01310	0.00926	0.00274	0.00633	0.01107	0.01025	0.01267
49	0.02158	0.01903	0.02881	0.10280	0.37821	0.04473	0.02217	0.02815	0.07451	0.06753	0.02182	0.02979	0.01847	0.01289	0.04415	0.00338	0.01072	0.05328	0.00543	0.01254

[dist]
# distance from previous block
# <min> <max>
0	2

[block]
# block no. 4 follows, 20 sequences, length 29
# corresponding to MSA columns:
# 269-297
name=unknown_E
#
# <colnr> <probs for GDERKNQSTAVLIFYWHMCP>
#	G	D	E	R	K	N	Q	S	T	A	V	L	I	F	Y	W	H	M	C	P
0	0.02395	0.18058	0.19346	0.02128	0.04780	0.09694	0.02045	0.08389	0.02121	0.07705	0.03975	0.02027	0.01520	0.00999	0.01085	0.00264	0.11081	0.00686	0.00511	0.01189
1	0.07560	0.01700	0.06095	0.01535	0.02073	0.01511	0.01285	0.07188	0.14474	0.08077	0.02976	0.17337	0.02760	0.01380	0.00862	0.00267	0.00709	0.03424	0.00733	0.18052
2	0.18522	0.01769	0.01800	0.01503	0.02041	0.06799	0.01215	0.02807	0.06476	0.11960	0.04454	0.02763	0.01962	0.01047	0.00909	0.00246	0.05804	0.04921	0.00654	0.22346
3	0.01950	0.01844	0.03121	0.20302	0.44886	0.01936	0.02473	0.02456	0.01903	0.02649	0.01858	0.07243	0.01660	0.00949	0.00885	0.00274	0.01027	0.00906	0.00449	0.01229
4	0.01829	0.11504	0.02862	0.32631	0.04154	0.01945	0.06627	0.02321	0.01793	0.02435	0.01519	0.02038	0.01209	0.00774	0.00771	0.00227	0.00999	0.00673	0.00429	0.23261
5	0.01863	0.01415	0.01598	0.01507	0.01864	0.01544	0.01206	0.07344	0.26508	0.03473	0.12554	0.05114	0.03867	0.01509	0.00936	0.00299	0.00650	0.13657	0.11999	0.01091
6	0.01243	0.00899	0.01206	0.01352	0.01512	0.00863	0.01073	0.01554	0.01970	0.02608	0.14138	0.28217	0.09687	0.02403	0.01136	0.00359	0.00622	0.27555	0.00830	0.00771
7	0.01113	0.00797	0.01062	0.01217	0.01303	0.00746	0.00847	0.01325	0.01831	0.02474	0.15167	0.54346	0.06161	0.02546	0.01104	0.00343	0.00507	0.05543	0.00836	0.00734
8	0.01104	0.00872	0.00999	0.01033	0.01261	0.00767	0.00771	0.01364	0.02034	0.02587	0.19146	0.18484	0.38259	0.02225	0.01056	0.00308	0.00471	0.05664	0.00841	0.00754
9	0.01222	0.00901	0.01149	0.01116	0.01334	0.00828	0.00856	0.01605	0.02356	0.03249	0.49952	0.07105	0.15855	0.01905	0.01046	0.00289	0.00454	0.07047	0.00924	0.00809
10	0.03258	0.04157	0.02472	0.02247	0.02697	0.65843	0.01685	0.03483	0.02472	0.02135	0.01348	0.01573	0.01124	0.00899	0.00787	0.00225	0.01573	0.00562	0.00449	0.01011
11	0.02159	0.02073	0.03541	0.05354	0.63903	0.02073	0.02677	0.02677	0.01986	0.02850	0.01641	0.02159	0.01382	0.00777	0.00864	0.00259	0.01036	0.00777	0.00432	0.01382
12	0.03453	0.02223	0.02481	0.01902	0.02595	0.02378	0.01571	0.47937	0.03732	0.19077	0.02404	0.02296	0.01639	0.01055	0.00874	0.00264	0.00910	0.00806	0.00920	0.01484
13	0.02332	0.69869	0.04571	0.01493	0.02239	0.03451	0.01493	0.02612	0.01772	0.02052	0.01213	0.01399	0.01119	0.00746	0.00560	0.00187	0.00933	0.00466	0.00373	0.01119
14	0.01228	0.00872	0.01162	0.01192	0.01269	0.00934	0.00822	0.01390	0.01388	0.01920	0.02872	0.14117	0.03117	0.31337	0.31388	0.01021	0.01461	0.01300	0.00543	0.00667
15	0.01058	0.00778	0.00993	0.01165	0.01252	0.00713	0.00788	0.01220	0.01718	0.02246	0.05410	0.59749	0.14406	0.02655	0.01101	0.00345	0.00496	0.02384	0.00810	0.00713
16	0.02541	0.11297	0.02516	0.01766	0.02389	0.07239	0.01445	0.19644	0.24284	0.03713	0.02361	0.02336	0.01803	0.00984	0.00795	0.00241	0.00859	0.00757	0.00725	0.12302
17	0.02025	0.09885	0.24252	0.13460	0.03432	0.01965	0.02148	0.06987	0.02010	0.05626	0.01647	0.01943	0.01240	0.00810	0.00768	0.00231	0.01020	0.00638	0.00480	0.19433
18	0.04726	0.08780	0.16252	0.16849	0.03357	0.02001	0.02032	0.02663	0.01871	0.12583	0.05905	0.02400	0.01776	0.01032	0.01121	0.00279	0.10965	0.00764	0.00542	0.04099
19	0.01936	0.02135	0.04552	0.03291	0.04072	0.01999	0.51779	0.02623	0.02120	0.02899	0.10985	0.02975	0.02356	0.00892	0.01029	0.00291	0.01312	0.01111	0.00519	0.01124
20	0.01680	0.01615	0.02820	0.62122	0.05891	0.01960	0.07125	0.02274	0.01770	0.02274	0.01568	0.02328	0.01176	0.00861	0.00885	0.00291	0.01188	0.00796	0.00392	0.00986
21	0.01807	0.01552	0.02376	0.07190	0.02682	0.01575	0.14358	0.06915	0.12400	0.05276	0.10345	0.14461	0.12263	0.01509	0.00989	0.00298	0.00827	0.01389	0.00738	0.01051
22	0.02495	0.01892	0.11829	0.02058	0.07085	0.01397	0.06088	0.02966	0.02156	0.27079	0.03716	0.08000	0.09219	0.01386	0.00954	0.00297	0.00865	0.08521	0.00791	0.01207
23	0.01515	0.00758	0.01136	0.01136	0.01136	0.00758	0.00758	0.01136	0.01136	0.01515	0.01515	0.02652	0.01515	0.03030	0.03409	0.74621	0.00758	0.00758	0.00379	0.00379
24	0.31627	0.01541	0.01672	0.01428	0.01908	0.01663	0.01158	0.06241	0.01943	0.22175	0.02324	0.07258	0.01846	0.01652	0.07150	0.00392	0.05356	0.00831	0.00728	0.01108
25	0.02290	0.32170	0.13387	0.16860	0.03396	0.08714	0.01987	0.02756	0.01899	0.06942	0.01529	0.01819	0.01206	0.00828	0.00721	0.00235	0.01090	0.00606	0.00437	0.01129
26	0.01462	0.01252	0.01816	0.01691	0.01796	0.01606	0.01357	0.01734	0.01380	0.02049	0.01948	0.02932	0.01843	0.04907	0.45343	0.01069	0.23659	0.00879	0.00439	0.00836
27	0.01249	0.00837	0.00957	0.00977	0.00982	0.00832	0.00556	0.01263	0.01307	0.01743	0.02947	0.11777	0.03421	0.62935	0.04120	0.00798	0.00813	0.01385	0.00556	0.00546
28	0.02343	0.12240	0.03095	0.03367	0.30758	0.07317	0.01982	0.06807	0.08140	0.05794	0.07800	0.02558	0.02149	0.00951	0.00831	0.00251	0.00951	0.00816	0.00579	0.01270

[dist]
# distance from previous block
# <min> <max>
0	2

[block]
# block no. 5 follows, 20 sequences, length 32
# corresponding to MSA columns:
# 300-331
name=unknown_F
#
# <colnr> <probs for GDERKNQSTAVLIFYWHMCP>
#	G	D	E	R	K	N	Q	S	T	A	V	L	I	F	Y	W	H	M	C	P
0	0.09005	0.10670	0.12349	0.02592	0.16294	0.02176	0.01962	0.14463	0.02422	0.16847	0.02023	0.02118	0.01460	0.00903	0.00798	0.00257	0.00952	0.00716	0.00652	0.01340
1	0.01977	0.02803	0.18402	0.17807	0.03718	0.13950	0.08210	0.02564	0.02018	0.02583	0.10652	0.02654	0.02200	0.01031	0.01020	0.00279	0.05745	0.00846	0.00484	0.01057
2	0.18246	0.03045	0.02313	0.02349	0.10594	0.36306	0.01615	0.03276	0.02204	0.10058	0.01610	0.01786	0.01245	0.00886	0.00756	0.00244	0.01215	0.00610	0.00541	0.01103
3	0.01218	0.04526	0.01194	0.01030	0.01267	0.00903	0.00771	0.01402	0.01953	0.02496	0.20515	0.11840	0.33448	0.02181	0.01333	0.10310	0.00508	0.01611	0.00766	0.00727
4	0.07050	0.28358	0.20492	0.01760	0.02571	0.04211	0.01860	0.02847	0.01909	0.12957	0.01969	0.06974	0.01638	0.00987	0.00737	0.00245	0.00970	0.00744	0.00538	0.01183
5	0.01554	0.01192	0.01459	0.01305	0.01455	0.01296	0.00937	0.06133	0.01772	0.02488	0.14247	0.04672	0.03564	0.33896	0.04841	0.00586	0.11176	0.01154	0.00614	0.05662
6	0.01176	0.00868	0.01099	0.01087	0.01279	0.00791	0.00798	0.01515	0.02263	0.03115	0.45514	0.17512	0.15735	0.02008	0.01044	0.00291	0.00432	0.01771	0.00913	0.00791
7	0.01268	0.00846	0.00951	0.00951	0.00951	0.00846	0.00529	0.01268	0.01268	0.01691	0.02748	0.05708	0.03171	0.69345	0.04440	0.00846	0.00846	0.01268	0.00529	0.00529
8	0.01268	0.00846	0.00951	0.00951	0.00951	0.00846	0.00529	0.01268	0.01268	0.01691	0.02748	0.05708	0.03171	0.69345	0.04440	0.00846	0.00846	0.01268	0.00529	0.00529
9	0.03316	0.02443	0.02618	0.02007	0.02705	0.02705	0.01658	0.60995	0.04101	0.05497	0.02094	0.02094	0.01483	0.01047	0.00873	0.00262	0.00960	0.00785	0.00873	0.01483
10	0.03914	0.01484	0.02024	0.01552	0.02227	0.01282	0.01282	0.04251	0.02497	0.64507	0.03441	0.02969	0.02159	0.01080	0.00877	0.00270	0.00742	0.00877	0.01080	0.01484
11	0.01957	0.01839	0.03059	0.09815	0.45170	0.01934	0.02342	0.02434	0.01902	0.02717	0.05767	0.02556	0.01871	0.01403	0.06651	0.00370	0.05678	0.00843	0.00463	0.01228
12	0.01953	0.08989	0.31276	0.02744	0.10593	0.02097	0.11220	0.07451	0.02056	0.02887	0.01966	0.09133	0.01705	0.01024	0.00874	0.00276	0.01143	0.00912	0.00477	0.01222
13	0.08229	0.02178	0.11949	0.01916	0.02697	0.01731	0.06699	0.12164	0.02527	0.36910	0.02659	0.02508	0.01743	0.00988	0.00859	0.00272	0.00916	0.00813	0.00849	0.01391
14	0.02244	0.02366	0.04773	0.03430	0.04285	0.02280	0.52009	0.11391	0.02360	0.03193	0.01813	0.02315	0.01347	0.00781	0.01006	0.00289	0.01395	0.00993	0.00505	0.01222
15	0.02317	0.17836	0.24667	0.02566	0.08509	0.04691	0.10197	0.11407	0.02248	0.05230	0.01660	0.01910	0.01256	0.00837	0.00807	0.00253	0.01156	0.00695	0.00488	0.01271
16	0.01769	0.02554	0.21964	0.03162	0.20650	0.01754	0.11315	0.02419	0.01992	0.02846	0.11091	0.09584	0.02751	0.01136	0.00929	0.00282	0.01034	0.01069	0.00531	0.01170
17	0.01043	0.00835	0.00934	0.01013	0.01212	0.00725	0.00720	0.01237	0.01864	0.02306	0.07263	0.31983	0.40977	0.02414	0.01063	0.00318	0.00467	0.02091	0.00810	0.00725
18	0.02325	0.54593	0.13291	0.01704	0.02505	0.08579	0.01765	0.02709	0.01842	0.02164	0.01276	0.01479	0.01118	0.00772	0.00619	0.00203	0.01040	0.00501	0.00379	0.01135
19	0.02702	0.12032	0.11862	0.08177	0.14260	0.01983	0.07096	0.03215	0.02103	0.24753	0.02216	0.02325	0.01559	0.00893	0.00835	0.00261	0.01000	0.00771	0.00643	0.01314
20	0.01943	0.03897	0.51419	0.02450	0.03597	0.01921	0.07379	0.02843	0.01924	0.08112	0.01906	0.02404	0.01421	0.00927	0.00868	0.00284	0.01230	0.03746	0.00459	0.01272
21	0.02846	0.01267	0.01736	0.01469	0.01951	0.01171	0.01199	0.03173	0.02155	0.39640	0.03691	0.04070	0.07123	0.02581	0.16429	0.00553	0.01105	0.05748	0.00890	0.01202
22	0.02151	0.02331	0.12348	0.11730	0.34519	0.02013	0.06378	0.02921	0.07209	0.07042	0.01916	0.02295	0.01475	0.00849	0.00873	0.00272	0.01068	0.00799	0.00502	0.01311
23	0.02468	0.02304	0.13369	0.11823	0.20985	0.01919	0.05420	0.06239	0.06797	0.16671	0.02194	0.02399	0.01579	0.00909	0.00873	0.00274	0.01024	0.00807	0.00618	0.01327
24	0.02324	0.07108	0.07691	0.10543	0.07893	0.01862	0.01703	0.16338	0.02423	0.11869	0.02727	0.18507	0.02517	0.01377	0.00904	0.00285	0.00877	0.01175	0.00705	0.01174
25	0.02373	0.01819	0.02672	0.31413	0.18799	0.05307	0.02147	0.02959	0.04947	0.15898	0.02067	0.02429	0.01502	0.00911	0.00867	0.00275	0.01041	0.00796	0.00575	0.01202
26	0.02066	0.19909	0.17803	0.06850	0.08381	0.07837	0.12486	0.02643	0.01965	0.02538	0.05003	0.02497	0.01753	0.00925	0.00827	0.00258	0.01155	0.03518	0.00449	0.01140
27	0.08221	0.02938	0.30523	0.01860	0.02634	0.06542	0.02014	0.02555	0.04797	0.06040	0.02955	0.08927	0.09269	0.05673	0.01091	0.00319	0.00998	0.01001	0.00556	0.01085
28	0.02257	0.08242	0.16243	0.02024	0.02724	0.05160	0.10363	0.06509	0.02196	0.13903	0.07381	0.11965	0.04698	0.01256	0.00906	0.00278	0.00975	0.01100	0.00666	0.01155
29	0.08578	0.02116	0.14391	0.15302	0.03124	0.01706	0.01806	0.10553	0.02200	0.07392	0.08946	0.09321	0.02509	0.01168	0.00857	0.00272	0.00894	0.00971	0.00630	0.07263
30	0.13838	0.10145	0.10632	0.01795	0.02465	0.11163	0.01625	0.14176	0.07625	0.11790	0.02129	0.05265	0.01663	0.01026	0.00783	0.00260	0.00968	0.00764	0.00666	0.01222
31	0.08721	0.11574	0.15300	0.01964	0.06432	0.02051	0.01775	0.13810	0.02393	0.12089	0.08153	0.02446	0.02071	0.00973	0.00791	0.00247	0.00894	0.00759	0.00655	0.06901

[dist]
# distance from previous block
# <min> <max>
4	110

[block]
# block no. 6 follows, 20 sequences, length 32
# corresponding to MSA columns:
# 469-500
name=unknown_G
#
# <colnr> <probs for GDERKNQSTAVLIFYWHMCP>
#	G	D	E	R	K	N	Q	S	T	A	V	L	I	F	Y	W	H	M	C	P
0	0.14161	0.04284	0.16323	0.02055	0.06259	0.01848	0.06142	0.07369	0.06523	0.12354	0.05230	0.02753	0.05925	0.01021	0.00821	0.00267	0.00905	0.00835	0.00649	0.04276
1	0.02243	0.14531	0.15485	0.05627	0.02701	0.04614	0.01749	0.07729	0.02096	0.10245	0.02228	0.02419	0.04883	0.01342	0.05632	0.00317	0.01055	0.00724	0.00562	0.13819
2	0.14393	0.10206	0.02228	0.01896	0.09147	0.01826	0.01374	0.08732	0.04891	0.14347	0.07088	0.08628	0.04988	0.01285	0.00840	0.00276	0.00760	0.05214	0.00735	0.01144
3	0.02218	0.01659	0.02357	0.02367	0.13263	0.01722	0.05091	0.08301	0.06786	0.12439	0.14587	0.03646	0.07662	0.01270	0.01165	0.00281	0.09166	0.01048	0.00735	0.04237
4	0.08767	0.08125	0.10988	0.01637	0.02309	0.01936	0.01514	0.13300	0.11099	0.09953	0.06702	0.02585	0.02126	0.01002	0.00779	0.00246	0.00801	0.00781	0.06641	0.08706
5	0.02874	0.05802	0.02189	0.01638	0.02244	0.01869	0.01337	0.14363	0.18871	0.24153	0.07564	0.02977	0.02511	0.01104	0.00855	0.00260	0.00747	0.00892	0.00896	0.06853
6	0.02607	0.05338	0.11723	0.02250	0.10590	0.01964	0.01805	0.18067	0.04513	0.13313	0.02056	0.02147	0.01501	0.00885	0.00801	0.00233	0.00903	0.00710	0.00671	0.17922
7	0.02071	0.07148	0.21312	0.02634	0.15484	0.01992	0.02148	0.09473	0.08806	0.05156	0.07359	0.07998	0.02394	0.01121	0.00871	0.00273	0.00953	0.00951	0.00606	0.01249
8	0.17657	0.08218	0.33730	0.01924	0.02823	0.06745	0.02165	0.02617	0.01761	0.02832	0.01538	0.01993	0.01242	0.06065	0.01011	0.00300	0.01083	0.00629	0.00432	0.05235
9	0.04945	0.07921	0.06227	0.23661	0.08378	0.04639	0.06294	0.09617	0.04074	0.02946	0.06766	0.02861	0.05973	0.01029	0.00860	0.00271	0.01016	0.00879	0.00548	0.01097
10	0.18642	0.09128	0.11450	0.02156	0.06347	0.07842	0.06509	0.16710	0.02427	0.08447	0.01731	0.01892	0.01281	0.00884	0.00768	0.00258	0.01023	0.00673	0.00599	0.01231
11	0.01897	0.16529	0.02534	0.11803	0.06273	0.01888	0.01433	0.07280	0.02077	0.02785	0.07201	0.03143	0.10722	0.01056	0.00779	0.00221	0.00793	0.00854	0.00566	0.20164
12	0.01571	0.05896	0.06254	0.01361	0.01691	0.01328	0.01166	0.06331	0.01817	0.02654	0.02877	0.09018	0.05739	0.03515	0.28024	0.00732	0.01368	0.01029	0.16736	0.00893
13	0.01888	0.01614	0.02212	0.17934	0.11750	0.01652	0.01650	0.08752	0.06705	0.03132	0.12081	0.03140	0.04919	0.01048	0.00851	0.00244	0.00819	0.00904	0.00623	0.18083
14	0.01348	0.01250	0.05041	0.01178	0.01591	0.00951	0.00978	0.01750	0.02186	0.03070	0.34701	0.05606	0.17974	0.01568	0.00934	0.00247	0.00521	0.01346	0.00796	0.16965
15	0.01181	0.00916	0.01272	0.06213	0.01703	0.00963	0.01019	0.01379	0.01680	0.02267	0.06609	0.55945	0.05151	0.02459	0.01233	0.00349	0.05980	0.02178	0.00750	0.00752
16	0.02936	0.02395	0.02395	0.01950	0.02561	0.07628	0.01569	0.37895	0.23037	0.04621	0.02511	0.02432	0.01841	0.01080	0.00871	0.00270	0.00921	0.00833	0.00843	0.01412
17	0.01647	0.01550	0.02616	0.67248	0.06008	0.01938	0.02422	0.02229	0.01744	0.02229	0.01550	0.02326	0.01163	0.00872	0.00872	0.00291	0.01163	0.00775	0.00388	0.00969
18	0.07128	0.02349	0.24891	0.01903	0.06429	0.01410	0.01829	0.02080	0.01931	0.02861	0.15143	0.15990	0.09586	0.01508	0.00922	0.00291	0.00820	0.01289	0.00630	0.01013
19	0.01844	0.09842	0.51048	0.02571	0.03755	0.02175	0.11339	0.02754	0.01867	0.02706	0.01564	0.01877	0.01138	0.00808	0.00834	0.00271	0.01284	0.00685	0.00379	0.01258
20	0.01103	0.00800	0.01048	0.01213	0.01308	0.00745	0.00851	0.01301	0.01785	0.02365	0.09482	0.54117	0.10552	0.02592	0.01108	0.00348	0.00520	0.07213	0.00820	0.00728
21	0.01112	0.00764	0.00995	0.01179	0.01243	0.00718	0.00792	0.01286	0.01684	0.02316	0.04636	0.63052	0.05461	0.02583	0.01069	0.00341	0.00497	0.02334	0.07219	0.00718
22	0.02174	0.16268	0.30738	0.01921	0.02793	0.06913	0.02140	0.02808	0.02006	0.09805	0.07197	0.02378	0.01938	0.00944	0.00780	0.00249	0.01036	0.00724	0.06005	0.01181
23	0.01680	0.01445	0.07060	0.01534	0.01844	0.01361	0.01285	0.02285	0.10494	0.07049	0.02465	0.03341	0.02165	0.10766	0.32124	0.06426	0.04266	0.00926	0.00564	0.00918
24	0.01177	0.00837	0.01108	0.01246	0.01346	0.00798	0.00900	0.01405	0.01826	0.02456	0.14126	0.41005	0.05770	0.09052	0.01444	0.00399	0.00582	0.12990	0.00805	0.00728
25	0.02177	0.10495	0.18577	0.02104	0.02827	0.04496	0.06337	0.10968	0.18058	0.03190	0.02320	0.06719	0.01900	0.01104	0.00966	0.00280	0.04740	0.00889	0.00612	0.01244
26	0.16168	0.02147	0.07072	0.18859	0.11503	0.05825	0.03721	0.07403	0.09069	0.07275	0.01896	0.02185	0.01415	0.00905	0.00807	0.00275	0.00998	0.00736	0.00568	0.01174
27	0.01354	0.01420	0.06804	0.15884	0.02704	0.01254	0.05754	0.01725	0.01753	0.02262	0.04409	0.10599	0.21854	0.11712	0.06323	0.00459	0.00951	0.01356	0.00588	0.00836
28	0.03643	0.01545	0.02016	0.01587	0.02233	0.01420	0.01297	0.04311	0.11782	0.55063	0.03458	0.03013	0.02237	0.01096	0.00879	0.00274	0.00734	0.00894	0.01050	0.01468
29	0.06512	0.09237	0.11571	0.12064	0.13099	0.11614	0.02028	0.03165	0.09998	0.09593	0.01960	0.02169	0.01477	0.00903	0.00805	0.00261	0.01062	0.00717	0.00552	0.01214
30	0.07976	0.04285	0.14032	0.04517	0.10429	0.01744	0.04084	0.03132	0.09758	0.17867	0.06182	0.07587	0.02365	0.01121	0.00864	0.00279	0.00882	0.00954	0.00700	0.01242
31	0.01879	0.01366	0.01593	0.01444	0.01702	0.06011	0.01128	0.02199	0.02196	0.12453	0.30010	0.10610	0.08495	0.01703	0.01265	0.00299	0.10253	0.03622	0.00830	0.00943

[dist]
# distance from previous block
# <min> <max>
7	19

[block]
# block no. 7 follows, 20 sequences, length 13
# corresponding to MSA columns:
# 522-534
name=unknown_H
#
# <colnr> <probs for GDERKNQSTAVLIFYWHMCP>
#	G	D	E	R	K	N	Q	S	T	A	V	L	I	F	Y	W	H	M	C	P
0	0.12476	0.12869	0.10148	0.08365	0.30422	0.02201	0.02194	0.02561	0.01812	0.02770	0.01538	0.01984	0.01276	0.01125	0.04547	0.00320	0.01083	0.00679	0.00429	0.01201
1	0.49778	0.07320	0.01894	0.13456	0.02615	0.07617	0.01325	0.02586	0.01641	0.03300	0.01288	0.01597	0.01014	0.00824	0.00624	0.00263	0.00863	0.00535	0.00491	0.00969
2	0.01362	0.01164	0.01832	0.34977	0.03690	0.01337	0.01634	0.01733	0.01708	0.02228	0.03142	0.34800	0.03414	0.01781	0.00990	0.00322	0.00842	0.01608	0.00594	0.00842
