[name]
unknown

[dist]
# distance from previous block
# <min> <max>
5	438

[block]
# block no. 0 follows, 19 sequences, length 10
# corresponding to MSA columns:
# 438,439,442-449
name=unknown_A
#
# <colnr> <probs for GDERKNQSTAVLIFYWHMCP>
#	G	D	E	R	K	N	Q	S	T	A	V	L	I	F	Y	W	H	M	C	P
0	0.09683	0.08290	0.02422	0.07657	0.02722	0.16209	0.01529	0.06082	0.07756	0.25324	0.02408	0.02362	0.01691	0.00999	0.00819	0.00263	0.01010	0.00748	0.00755	0.01271
1	0.01536	0.00919	0.01146	0.01136	0.01355	0.00846	0.00833	0.01853	0.02134	0.08948	0.24485	0.24004	0.10851	0.01947	0.00990	0.00294	0.00486	0.01707	0.13662	0.00866
2	0.02882	0.02209	0.13926	0.02289	0.08422	0.01626	0.07096	0.03537	0.05960	0.31829	0.03342	0.03210	0.07294	0.01108	0.00918	0.00283	0.00931	0.00955	0.00812	0.01371
3	0.02692	0.07706	0.20172	0.07818	0.03103	0.01961	0.02036	0.08763	0.07617	0.22248	0.02563	0.05316	0.01871	0.01068	0.00871	0.00279	0.00983	0.00862	0.00727	0.01343
4	0.01706	0.01083	0.01364	0.01335	0.01556	0.01054	0.00986	0.07258	0.02185	0.09060	0.16386	0.27787	0.05214	0.11351	0.01558	0.00403	0.00646	0.07318	0.00857	0.00891
5	0.01785	0.01776	0.03270	0.52248	0.05826	0.02050	0.15426	0.02417	0.01862	0.02417	0.01640	0.02392	0.01230	0.00863	0.00931	0.00299	0.01264	0.00854	0.00410	0.01042
6	0.02734	0.08388	0.05780	0.03487	0.30655	0.02087	0.02116	0.06035	0.07652	0.18699	0.02315	0.02440	0.01710	0.00927	0.00861	0.00266	0.00950	0.00808	0.00670	0.01420
7	0.02966	0.02260	0.09624	0.02473	0.07607	0.01959	0.11869	0.11750	0.10761	0.25187	0.02697	0.02658	0.01859	0.01004	0.00921	0.00284	0.01000	0.00895	0.00805	0.01423
8	0.01327	0.01055	0.01234	0.01231	0.01372	0.01102	0.00865	0.01677	0.07085	0.02281	0.04977	0.21580	0.19921	0.21492	0.02258	0.00490	0.06875	0.01698	0.00713	0.00767
9	0.03166	0.02573	0.17704	0.02124	0.02995	0.01895	0.07211	0.15513	0.02700	0.30966	0.02610	0.02515	0.01725	0.01005	0.00901	0.00279	0.01014	0.00835	0.00824	0.01444

[dist]
# distance from previous block
# <min> <max>
0	5

[block]
# block no. 1 follows, 19 sequences, length 23
# corresponding to MSA columns:
# 455-477
name=unknown_B
#
# <colnr> <probs for GDERKNQSTAVLIFYWHMCP>
#	G	D	E	R	K	N	Q	S	T	A	V	L	I	F	Y	W	H	M	C	P
0	0.02618	0.02226	0.03095	0.06098	0.26840	0.02377	0.05095	0.23731	0.11667	0.03998	0.02146	0.02375	0.01639	0.00961	0.00902	0.00276	0.01010	0.00845	0.00675	0.01427
1	0.04827	0.01436	0.02154	0.02908	0.26016	0.01390	0.01610	0.02038	0.01987	0.02862	0.12418	0.22191	0.06936	0.01606	0.00967	0.00291	0.00734	0.01456	0.00669	0.05506
2	0.02395	0.02334	0.03471	0.04976	0.53568	0.07490	0.02585	0.06918	0.02235	0.03055	0.01691	0.02159	0.01402	0.00828	0.00880	0.00263	0.01104	0.00779	0.00477	0.01392
3	0.01200	0.00927	0.01339	0.13157	0.02187	0.00957	0.01133	0.01436	0.01727	0.02284	0.04320	0.55985	0.05054	0.02454	0.01097	0.00351	0.00642	0.02224	0.00751	0.00776
4	0.02214	0.02126	0.03631	0.05491	0.62978	0.02126	0.02746	0.02746	0.02037	0.02923	0.01683	0.02214	0.01417	0.00797	0.00886	0.00266	0.01063	0.00797	0.00443	0.01417
5	0.02948	0.02254	0.02437	0.01890	0.02590	0.02406	0.01542	0.41422	0.12072	0.04865	0.02263	0.02267	0.01661	0.01019	0.00855	0.00249	0.00886	0.00785	0.00830	0.14760
6	0.02392	0.69097	0.04688	0.01531	0.02296	0.03540	0.01531	0.02679	0.01818	0.02105	0.01244	0.01435	0.01148	0.00765	0.00574	0.00191	0.00957	0.00478	0.00383	0.01148
7	0.01080	0.00817	0.00998	0.01143	0.01271	0.00735	0.00785	0.01257	0.01811	0.02324	0.06177	0.50075	0.23013	0.02641	0.01116	0.00345	0.00499	0.02346	0.00831	0.00735
8	0.02431	0.02195	0.03458	0.04864	0.51973	0.02244	0.02555	0.13210	0.02434	0.03419	0.01768	0.02202	0.01436	0.00848	0.00887	0.00266	0.01049	0.00799	0.00525	0.01436
9	0.02065	0.01973	0.03362	0.22815	0.46820	0.02086	0.02671	0.02615	0.01967	0.02742	0.01656	0.02263	0.01353	0.00825	0.00888	0.00275	0.01100	0.00797	0.00430	0.01297
10	0.03014	0.01903	0.02103	0.01683	0.02262	0.02029	0.01367	0.31491	0.09379	0.15535	0.02724	0.02694	0.01942	0.01088	0.00839	0.00261	0.00792	0.00850	0.16682	0.01362
11	0.03074	0.02344	0.02501	0.01992	0.02650	0.02622	0.01621	0.44647	0.20086	0.05112	0.02563	0.02479	0.01858	0.01113	0.00899	0.00278	0.00908	0.00863	0.00899	0.01492
12	0.03461	0.01683	0.02354	0.02333	0.13384	0.01577	0.01589	0.04114	0.09813	0.45026	0.03206	0.02930	0.02133	0.01064	0.00898	0.00278	0.00810	0.00895	0.00961	0.01490
13	0.01280	0.00877	0.01065	0.01082	0.01115	0.00902	0.00671	0.01351	0.01359	0.01841	0.02911	0.10419	0.03281	0.51968	0.15331	0.00931	0.01119	0.01338	0.00554	0.00604
14	0.01500	0.01160	0.01398	0.01295	0.01578	0.01181	0.00984	0.02436	0.16876	0.03625	0.48153	0.05867	0.07049	0.01679	0.01020	0.00287	0.00492	0.01470	0.00967	0.00984
15	0.02420	0.02517	0.03431	0.04909	0.51971	0.13613	0.02560	0.02897	0.02128	0.02789	0.01628	0.02104	0.01369	0.00820	0.00871	0.00259	0.01163	0.00757	0.00446	0.01348
16	0.02214	0.02126	0.03631	0.05491	0.62978	0.02126	0.02746	0.02746	0.02037	0.02923	0.01683	0.02214	0.01417	0.00797	0.00886	0.00266	0.01063	0.00797	0.00443	0.01417
17	0.01144	0.00840	0.01072	0.01161	0.01299	0.00769	0.00815	0.01396	0.02025	0.02730	0.24387	0.39996	0.14241	0.02412	0.01102	0.00328	0.00478	0.02153	0.00881	0.00769
18	0.02069	0.01977	0.03368	0.22407	0.47201	0.02087	0.02673	0.02618	0.01968	0.02746	0.01657	0.02262	0.01355	0.00824	0.00888	0.00275	0.01099	0.00797	0.00430	0.01300
19	0.02337	0.01417	0.01847	0.01574	0.02006	0.01392	0.03558	0.11026	0.06859	0.18297	0.22839	0.12194	0.04750	0.01604	0.01003	0.00297	0.00684	0.04220	0.00948	0.01149
20	0.17126	0.01001	0.01087	0.01181	0.01333	0.01030	0.00808	0.01556	0.01596	0.02559	0.03746	0.42197	0.04357	0.14395	0.01638	0.00437	0.00620	0.01870	0.00718	0.00745
21	0.13897	0.02228	0.02239	0.01817	0.02422	0.04816	0.01472	0.35338	0.12713	0.04782	0.07327	0.02595	0.02202	0.01117	0.00856	0.00275	0.00873	0.00849	0.00836	0.01345
22	0.02711	0.18901	0.25231	0.02010	0.02952	0.02387	0.02158	0.13576	0.02441	0.16347	0.02036	0.02079	0.01442	0.00927	0.00803	0.00257	0.01052	0.00696	0.00632	0.01361

[dist]
# distance from previous block
# <min> <max>
2	7

[block]
# block no. 2 follows, 19 sequences, length 27
# corresponding to MSA columns:
# 485-511
name=unknown_C
#
# <colnr> <probs for GDERKNQSTAVLIFYWHMCP>
#	G	D	E	R	K	N	Q	S	T	A	V	L	I	F	Y	W	H	M	C	P
0	0.02175	0.01327	0.01699	0.06349	0.02132	0.01290	0.01175	0.06004	0.07278	0.17187	0.22950	0.09109	0.04485	0.05314	0.01161	0.00310	0.00669	0.01251	0.00881	0.07253
1	0.02828	0.34109	0.08795	0.01865	0.02638	0.08004	0.03892	0.12836	0.02416	0.12128	0.01808	0.01891	0.01381	0.00890	0.00739	0.00233	0.01038	0.00644	0.00589	0.01276
2	0.03231	0.17219	0.03035	0.01863	0.02580	0.02451	0.04199	0.24402	0.06365	0.22137	0.02432	0.02339	0.01709	0.01008	0.00832	0.00257	0.00919	0.00783	0.00824	0.01417
3	0.01229	0.00826	0.00980	0.01078	0.01226	0.00766	0.00757	0.01480	0.01879	0.02655	0.10038	0.37049	0.15996	0.02222	0.01002	0.00310	0.00475	0.01956	0.17308	0.00766
4	0.01285	0.01026	0.01388	0.01364	0.01589	0.00975	0.04271	0.01742	0.06553	0.02766	0.18411	0.31896	0.16329	0.02230	0.01088	0.00328	0.00570	0.04496	0.00849	0.00843
5	0.02304	0.02065	0.03227	0.19679	0.38135	0.02211	0.02491	0.13118	0.02374	0.03265	0.01745	0.02244	0.01382	0.00871	0.00890	0.00274	0.01080	0.00798	0.00515	0.01333
6	0.02341	0.56885	0.04796	0.01941	0.02732	0.03306	0.12188	0.02713	0.01872	0.02244	0.01347	0.01614	0.01186	0.00763	0.00662	0.00212	0.01058	0.00584	0.00395	0.01159
7	0.01782	0.01047	0.01370	0.01282	0.01591	0.00955	0.01021	0.02165	0.02394	0.14373	0.34828	0.06859	0.12975	0.01864	0.01060	0.00307	0.00562	0.11650	0.00960	0.00955
8	0.05674	0.14356	0.07319	0.01736	0.02430	0.02183	0.01556	0.18294	0.05403	0.21914	0.04584	0.06242	0.02154	0.01133	0.00842	0.00266	0.00868	0.00888	0.00813	0.01344
9	0.01921	0.03324	0.33762	0.02109	0.02977	0.07109	0.02309	0.03106	0.15102	0.03117	0.13186	0.03062	0.02824	0.01115	0.00897	0.00283	0.01047	0.00906	0.00613	0.01232
10	0.01090	0.00779	0.01038	0.01246	0.01298	0.00727	0.00830	0.01246	0.01713	0.02284	0.04931	0.67975	0.05917	0.02803	0.01142	0.00363	0.00519	0.02543	0.00830	0.00727
11	0.03342	0.04264	0.02535	0.02305	0.02766	0.64967	0.01729	0.03572	0.02535	0.02190	0.01383	0.01613	0.01152	0.00922	0.00807	0.00230	0.01613	0.00576	0.00461	0.01037
12	0.01090	0.00779	0.01038	0.01246	0.01298	0.00727	0.00830	0.01246	0.01713	0.02284	0.04931	0.67975	0.05917	0.02803	0.01142	0.00363	0.00519	0.02543	0.00830	0.00727
13	0.02745	0.02621	0.02279	0.01992	0.02520	0.18577	0.01563	0.16797	0.30451	0.03719	0.02768	0.02932	0.02159	0.01164	0.00895	0.00282	0.01011	0.03426	0.00786	0.01314
14	0.01786	0.01688	0.02857	0.55253	0.16566	0.02013	0.02532	0.02370	0.01834	0.02402	0.01607	0.02354	0.01234	0.00877	0.00893	0.00292	0.01169	0.00795	0.00406	0.01071
15	0.01282	0.00942	0.01353	0.01353	0.01484	0.01072	0.01013	0.01543	0.01413	0.02014	0.02474	0.03943	0.02423	0.18036	0.53942	0.01333	0.02116	0.01021	0.00491	0.00752
16	0.01405	0.13363	0.01766	0.01213	0.01490	0.01298	0.00951	0.01713	0.02134	0.02855	0.30771	0.22576	0.11333	0.01939	0.00991	0.00289	0.00549	0.01686	0.00819	0.00860
17	0.03077	0.08664	0.11575	0.02130	0.02890	0.14127	0.01921	0.36732	0.03371	0.04312	0.01855	0.01954	0.01367	0.00988	0.00846	0.00257	0.01146	0.00716	0.00699	0.01373
18	0.01794	0.04628	0.63923	0.02550	0.03872	0.02078	0.03305	0.02833	0.01889	0.02833	0.01606	0.01889	0.01133	0.00850	0.00850	0.00283	0.01322	0.00661	0.00378	0.01322
19	0.01417	0.00871	0.00933	0.00917	0.01151	0.00815	0.00688	0.01785	0.02063	0.03146	0.17621	0.05474	0.19700	0.01541	0.00835	0.00249	0.00428	0.01286	0.38266	0.00815
20	0.01993	0.01077	0.01420	0.01241	0.01585	0.00966	0.00963	0.02387	0.02520	0.19597	0.44525	0.05789	0.09005	0.01654	0.01014	0.00281	0.00514	0.01437	0.01011	0.01022
21	0.05137	0.07046	0.02729	0.01983	0.02588	0.07108	0.11987	0.05890	0.07340	0.21397	0.14122	0.03319	0.03059	0.01138	0.00915	0.00274	0.00923	0.00999	0.00809	0.01237
22	0.09877	0.01734	0.02132	0.01649	0.02334	0.01662	0.01362	0.15211	0.02798	0.47109	0.03064	0.02733	0.01972	0.01077	0.00870	0.00275	0.00800	0.00846	0.01019	0.01476
23	0.01088	0.00849	0.00989	0.01078	0.01259	0.00749	0.00761	0.01297	0.01928	0.02445	0.11257	0.35587	0.32571	0.02478	0.01096	0.00328	0.00481	0.02167	0.00842	0.00749
24	0.01991	0.01075	0.01448	0.01360	0.01673	0.00984	0.01075	0.02353	0.02336	0.18906	0.28298	0.15116	0.05852	0.01897	0.01060	0.00316	0.00598	0.11696	0.00965	0.01001
25	0.02011	0.18987	0.38939	0.02182	0.03226	0.02442	0.02551	0.03149	0.12763	0.02832	0.01895	0.02050	0.01429	0.00897	0.00797	0.00266	0.01126	0.00683	0.00476	0.01299
26	0.03359	0.01793	0.02096	0.01696	0.02277	0.06386	0.01375	0.13115	0.02629	0.37930	0.02927	0.02871	0.02021	0.02114	0.12633	0.00484	0.01163	0.00870	0.00907	0.01353

[dist]
# distance from previous block
# <min> <max>
0	5

[block]
# block no. 3 follows, 19 sequences, length 22
# corresponding to MSA columns:
# 517-538
name=unknown_D
#
# <colnr> <probs for GDERKNQSTAVLIFYWHMCP>
#	G	D	E	R	K	N	Q	S	T	A	V	L	I	F	Y	W	H	M	C	P
0	0.02224	0.01833	0.02631	0.07358	0.25644	0.01753	0.01869	0.02971	0.10074	0.08399	0.02077	0.02335	0.01622	0.00844	0.00818	0.00231	0.00866	0.00748	0.00591	0.25112
1	0.01210	0.00925	0.01134	0.01186	0.01386	0.00808	0.00823	0.01404	0.01764	0.02368	0.04998	0.44906	0.14422	0.06116	0.01250	0.00348	0.00549	0.02067	0.00770	0.11566
2	0.02214	0.02126	0.03631	0.05491	0.62978	0.02126	0.02746	0.02746	0.02037	0.02923	0.01683	0.02214	0.01417	0.00797	0.00886	0.00266	0.01063	0.00797	0.00443	0.01417
3	0.02044	0.01997	0.11894	0.01622	0.02228	0.05493	0.01495	0.02493	0.02092	0.12298	0.07807	0.11178	0.07383	0.01452	0.00925	0.00271	0.00822	0.08292	0.00718	0.17496
4	0.03406	0.01964	0.02292	0.01791	0.02446	0.02023	0.01467	0.30092	0.07371	0.28151	0.07167	0.02911	0.02379	0.01151	0.00909	0.00275	0.00837	0.00916	0.00986	0.01466
5	0.02212	0.49701	0.22509	0.01837	0.02770	0.03100	0.02065	0.02725	0.01839	0.02324	0.01353	0.01572	0.01144	0.00791	0.00657	0.00219	0.01067	0.00533	0.00381	0.01200
6	0.01136	0.00839	0.01062	0.01155	0.01294	0.00766	0.00810	0.01381	0.02006	0.02686	0.22424	0.40302	0.15989	0.02430	0.01103	0.00329	0.00480	0.02165	0.00876	0.00766
7	0.14898	0.01752	0.01907	0.01434	0.02167	0.01589	0.01163	0.11484	0.02217	0.08011	0.01761	0.01919	0.01360	0.00789	0.00697	0.00189	0.00725	0.00592	0.00634	0.44712
8	0.02790	0.01804	0.02554	0.01968	0.02575	0.01786	0.10924	0.20145	0.02974	0.20291	0.18427	0.03633	0.03512	0.01230	0.00965	0.00280	0.00862	0.01087	0.00903	0.01291
9	0.02304	0.01434	0.01864	0.01624	0.01944	0.01556	0.01289	0.05027	0.06438	0.19890	0.12105	0.14403	0.07862	0.01684	0.01432	0.00321	0.15550	0.01324	0.00840	0.01108
10	0.01671	0.00994	0.01287	0.01196	0.01473	0.00895	0.00902	0.02021	0.02366	0.13155	0.38766	0.15148	0.12837	0.01898	0.01042	0.00295	0.00495	0.01662	0.00966	0.00929
11	0.02480	0.02224	0.06834	0.03791	0.29129	0.02172	0.10121	0.07237	0.02173	0.11553	0.01912	0.02295	0.01475	0.00979	0.01229	0.00293	0.11366	0.00837	0.00560	0.01337
12	0.01181	0.00848	0.01071	0.01137	0.01251	0.00791	0.00777	0.01405	0.01942	0.02638	0.24088	0.33001	0.10428	0.13266	0.01669	0.00415	0.00539	0.01983	0.00835	0.00738
13	0.01777	0.01051	0.01188	0.01077	0.01424	0.00950	0.00833	0.04185	0.02243	0.12717	0.14559	0.06095	0.30086	0.01717	0.00936	0.00274	0.00510	0.01430	0.16014	0.00936
14	0.02670	0.02055	0.02518	0.02165	0.06668	0.02204	0.05729	0.34273	0.07802	0.04616	0.12194	0.03088	0.02785	0.01165	0.00915	0.00271	0.00876	0.00974	0.05705	0.01326
15	0.02357	0.01839	0.11907	0.01683	0.02225	0.01373	0.01523	0.05753	0.06677	0.22051	0.03689	0.24186	0.03442	0.01714	0.00994	0.00317	0.00788	0.05453	0.00852	0.01175
16	0.01199	0.00846	0.01113	0.01286	0.01362	0.00814	0.00912	0.01383	0.01718	0.02277	0.04542	0.45510	0.05316	0.13559	0.01723	0.00457	0.00641	0.13842	0.00782	0.00717
17	0.01809	0.01784	0.02438	0.02111	0.02161	0.02413	0.01747	0.02010	0.01480	0.02196	0.02473	0.03053	0.11290	0.01681	0.02627	0.00377	0.55977	0.00965	0.00464	0.00942
18	0.01968	0.02160	0.04545	0.13902	0.04676	0.02106	0.46049	0.02653	0.02030	0.02728	0.01999	0.07144	0.01660	0.00925	0.01035	0.00306	0.01385	0.01120	0.00471	0.01137
19	0.01690	0.01590	0.02683	0.66408	0.06162	0.01988	0.02485	0.02286	0.01789	0.02286	0.01590	0.02385	0.01193	0.00894	0.00894	0.00298	0.01193	0.00795	0.00398	0.00994
20	0.01278	0.00959	0.01438	0.01438	0.01598	0.01118	0.01118	0.01598	0.01438	0.02077	0.02396	0.03515	0.02237	0.06710	0.65013	0.01438	0.02396	0.00959	0.00479	0.00799
21	0.18562	0.02836	0.23685	0.02092	0.03016	0.01939	0.09233	0.06939	0.02042	0.07384	0.01716	0.01947	0.01256	0.00836	0.00785	0.00258	0.01033	0.00676	0.00538	0.13227

[dist]
# distance from previous block
# <min> <max>
0	3

[block]
# block no. 4 follows, 19 sequences, length 12
# corresponding to MSA columns:
# 542-553
name=unknown_E
#
# <colnr> <probs for GDERKNQSTAVLIFYWHMCP>
#	G	D	E	R	K	N	Q	S	T	A	V	L	I	F	Y	W	H	M	C	P
0	0.01367	0.00992	0.01112	0.01103	0.01208	0.01005	0.00702	0.01728	0.08670	0.02188	0.06830	0.11491	0.09432	0.44648	0.03288	0.00669	0.00753	0.01452	0.00663	0.00700
1	0.15816	0.01564	0.01718	0.01533	0.02009	0.01662	0.01196	0.03589	0.23710	0.19014	0.03419	0.15303	0.02884	0.01420	0.00886	0.00303	0.00683	0.01179	0.00881	0.01229
2	0.02360	0.15026	0.21598	0.01892	0.02822	0.02195	0.01971	0.13376	0.02341	0.07125	0.01759	0.01919	0.01327	0.00844	0.00762	0.00224	0.00985	0.00636	0.00561	0.20278
3	0.15316	0.07426	0.09442	0.01618	0.02293	0.05252	0.01467	0.05711	0.05814	0.08013	0.02233	0.07345	0.01944	0.01091	0.00781	0.00249	0.00848	0.03933	0.00629	0.18592
4	0.01309	0.09009	0.01548	0.01352	0.01517	0.01118	0.01024	0.01527	0.01788	0.02333	0.04454	0.49582	0.05207	0.02499	0.01091	0.00351	0.00626	0.12092	0.00776	0.00795
5	0.01232	0.01167	0.05951	0.01276	0.01540	0.00904	0.01050	0.01588	0.02114	0.02864	0.26735	0.25408	0.16037	0.02173	0.01080	0.00320	0.00558	0.06320	0.00852	0.00829
6	0.02381	0.02004	0.03208	0.17514	0.03947	0.02053	0.18378	0.12763	0.07168	0.08786	0.02090	0.02417	0.01531	0.00899	0.00911	0.00270	0.01098	0.00863	0.00622	0.11098
7	0.09403	0.01672	0.02168	0.01909	0.07061	0.01584	0.01429	0.07240	0.06918	0.46299	0.03131	0.02823	0.02051	0.01067	0.00871	0.00277	0.00788	0.00861	0.00984	0.01462
8	0.01141	0.00848	0.01137	0.01258	0.01373	0.00844	0.00895	0.01353	0.01675	0.02241	0.04729	0.41517	0.12198	0.03870	0.19719	0.00668	0.01057	0.01997	0.00728	0.00751
9	0.01551	0.00913	0.01161	0.01111	0.01293	0.00855	0.00795	0.01725	0.01964	0.07497	0.24647	0.09307	0.10265	0.10038	0.01894	0.14473	0.00579	0.01371	0.07804	0.00757
10	0.08692	0.02175	0.02661	0.02237	0.06098	0.06758	0.08504	0.17220	0.11188	0.21366	0.02570	0.02521	0.01800	0.01020	0.00884	0.00278	0.00972	0.00850	0.00822	0.01384
11	0.02643	0.01936	0.09341	0.01657	0.02299	0.01581	0.01483	0.13336	0.05751	0.22019	0.18608	0.03635	0.03575	0.01233	0.00916	0.00267	0.00768	0.01022	0.00893	0.07036

[dist]
# distance from previous block
# <min> <max>
6	28

[block]
# block no. 5 follows, 19 sequences, length 31
# corresponding to MSA columns:
# 582-612
name=unknown_F
#
# <colnr> <probs for GDERKNQSTAVLIFYWHMCP>
#	G	D	E	R	K	N	Q	S	T	A	V	L	I	F	Y	W	H	M	C	P
0	0.01705	0.01488	0.01562	0.01495	0.01780	0.07214	0.01131	0.05190	0.13649	0.02877	0.12437	0.15154	0.09457	0.03017	0.17030	0.00586	0.01130	0.01381	0.00750	0.00967
1	0.01116	0.00821	0.01046	0.01175	0.01291	0.00751	0.00811	0.01328	0.01903	0.02529	0.15516	0.48621	0.14694	0.02555	0.01114	0.00340	0.00493	0.02287	0.00857	0.00751
2	0.01601	0.01471	0.02441	0.56824	0.05446	0.01802	0.02241	0.02133	0.01778	0.02286	0.02082	0.12032	0.01888	0.01175	0.00931	0.00308	0.01094	0.01052	0.00461	0.00955
3	0.01269	0.00990	0.01171	0.01241	0.01433	0.00966	0.00884	0.01819	0.10650	0.02673	0.12044	0.38424	0.18384	0.02341	0.01079	0.00332	0.00521	0.02069	0.00859	0.00847
4	0.01131	0.00816	0.01109	0.01265	0.01345	0.00793	0.00874	0.01332	0.01736	0.02354	0.09001	0.53764	0.05571	0.03302	0.10530	0.00515	0.00788	0.02239	0.00791	0.00746
5	0.02237	0.01585	0.01694	0.01515	0.01954	0.01757	0.01181	0.05866	0.36988	0.08293	0.03363	0.03273	0.02517	0.01149	0.00824	0.00272	0.00635	0.00942	0.22701	0.01253
6	0.01819	0.04457	0.59398	0.02644	0.03934	0.02092	0.07660	0.02836	0.01906	0.02836	0.01621	0.01929	0.01151	0.00843	0.00866	0.00285	0.01337	0.00692	0.00384	0.01313
7	0.01117	0.00798	0.01069	0.01277	0.01340	0.00750	0.00878	0.01292	0.01740	0.02314	0.04916	0.63521	0.05858	0.02777	0.01149	0.00367	0.00542	0.06730	0.00830	0.00734
8	0.01425	0.01082	0.01429	0.01366	0.01498	0.01248	0.01043	0.01692	0.01636	0.02407	0.08381	0.07383	0.07981	0.11480	0.23444	0.00758	0.12470	0.01166	0.11308	0.00800
9	0.01380	0.00855	0.01129	0.01255	0.01362	0.00793	0.00851	0.01540	0.01757	0.07941	0.04622	0.56682	0.05347	0.08205	0.01408	0.00398	0.00571	0.02285	0.00832	0.00785
10	0.02468	0.01847	0.01763	0.01517	0.01930	0.12356	0.01183	0.12405	0.02726	0.12827	0.23865	0.03984	0.04145	0.01317	0.00898	0.00259	0.00775	0.01074	0.11567	0.01095
11	0.57641	0.06982	0.02081	0.04696	0.02318	0.02152	0.07598	0.02643	0.01624	0.03655	0.01325	0.01604	0.01037	0.00820	0.00628	0.00274	0.00827	0.00563	0.00522	0.01010
12	0.01188	0.00891	0.01102	0.01093	0.01300	0.00804	0.00803	0.01521	0.02284	0.03101	0.40594	0.17003	0.20854	0.02089	0.01070	0.00299	0.00445	0.01831	0.00924	0.00804
13	0.01591	0.01135	0.01357	0.01274	0.01467	0.01163	0.00905	0.10865	0.02184	0.02987	0.19181	0.16228	0.04767	0.23339	0.07071	0.00568	0.00822	0.01499	0.00764	0.00834
14	0.02460	0.23401	0.05024	0.01611	0.02223	0.02274	0.01421	0.03503	0.20611	0.14349	0.11229	0.03099	0.02887	0.01125	0.00819	0.00259	0.00779	0.00894	0.00769	0.01264
15	0.09005	0.41807	0.14484	0.02257	0.11442	0.02936	0.01965	0.02711	0.01835	0.02529	0.01371	0.01630	0.01168	0.00791	0.00666	0.00226	0.01011	0.00557	0.00407	0.01201
16	0.01808	0.01810	0.10711	0.01539	0.02043	0.01456	0.01388	0.07887	0.12735	0.06248	0.29172	0.05027	0.11458	0.01524	0.00978	0.00286	0.00675	0.01294	0.00863	0.01097
17	0.02462	0.02455	0.03430	0.09387	0.19987	0.11443	0.15408	0.12143	0.05089	0.03205	0.01971	0.02614	0.01602	0.00960	0.00934	0.00281	0.01218	0.03594	0.00556	0.01261
18	0.01434	0.01148	0.01441	0.01360	0.04276	0.00978	0.00968	0.01804	0.02179	0.03097	0.30313	0.11050	0.12692	0.01596	0.00944	0.00248	0.00532	0.01391	0.00797	0.21752
19	0.01179	0.00944	0.01036	0.01039	0.01300	0.00837	0.00767	0.03473	0.02134	0.02683	0.15956	0.18379	0.42598	0.02251	0.01066	0.00308	0.00479	0.01923	0.00856	0.00791
20	0.12654	0.01236	0.01500	0.01377	0.01687	0.01290	0.01085	0.02278	0.01960	0.14264	0.13583	0.09653	0.09013	0.06582	0.07346	0.00455	0.06407	0.05894	0.00778	0.00958
21	0.07409	0.05201	0.02914	0.09046	0.21433	0.08185	0.02047	0.11523	0.02291	0.08558	0.01756	0.02114	0.01380	0.01006	0.01159	0.00283	0.11121	0.00750	0.00565	0.01259
22	0.01228	0.00905	0.00997	0.01050	0.01299	0.00813	0.00815	0.01512	0.01988	0.02604	0.06948	0.12959	0.37914	0.02142	0.01023	0.00311	0.00516	0.11250	0.12948	0.00778
23	0.01103	0.00878	0.00990	0.01025	0.01253	0.00765	0.00745	0.01349	0.02053	0.02600	0.17859	0.22060	0.39544	0.02311	0.01077	0.00313	0.00463	0.01991	0.00859	0.00765
24	0.02438	0.01954	0.03363	0.08946	0.12259	0.02033	0.19014	0.03133	0.07383	0.15298	0.04338	0.02683	0.01875	0.01033	0.01222	0.00302	0.09894	0.00941	0.00632	0.01258
25	0.01983	0.08121	0.12446	0.29264	0.04096	0.02030	0.02123	0.07883	0.04837	0.05369	0.10742	0.02899	0.02385	0.01053	0.00883	0.00280	0.01021	0.00881	0.00577	0.01128
26	0.02066	0.01155	0.01453	0.01293	0.01661	0.01067	0.00998	0.02589	0.07320	0.20039	0.27914	0.11374	0.13960	0.01731	0.01008	0.00293	0.00554	0.01493	0.00976	0.01057
27	0.02332	0.01421	0.01667	0.01433	0.01874	0.01436	0.01128	0.08236	0.16171	0.17494	0.20295	0.04505	0.08668	0.01414	0.00932	0.00279	0.00618	0.01188	0.07724	0.01185
28	0.27287	0.11630	0.02398	0.15749	0.05826	0.02186	0.01564	0.03043	0.09763	0.09873	0.01914	0.02118	0.01439	0.00915	0.00733	0.00272	0.00867	0.00682	0.00598	0.01143
29	0.08064	0.01396	0.02072	0.34493	0.03976	0.01574	0.01765	0.02411	0.01877	0.12651	0.02687	0.18166	0.02479	0.01383	0.00926	0.00308	0.00917	0.01206	0.00633	0.01016
30	0.02373	0.08696	0.35069	0.02782	0.12931	0.07716	0.02645	0.03098	0.02064	0.11672	0.01853	0.02052	0.01341	0.00879	0.00838	0.00268	0.01196	0.00696	0.00503	0.01328

[dist]
# distance from previous block
# <min> <max>
1	35

[block]
# block no. 6 follows, 19 sequences, length 25
# corresponding to MSA columns:
# 648-672
name=unknown_G
#
# <colnr> <probs for GDERKNQSTAVLIFYWHMCP>
#	G	D	E	R	K	N	Q	S	T	A	V	L	I	F	Y	W	H	M	C	P
0	0.10380	0.09190	0.02399	0.01769	0.02382	0.15629	0.01427	0.10841	0.14721	0.10203	0.02193	0.02200	0.01652	0.00964	0.00782	0.00244	0.00962	0.00708	0.00695	0.10662
1	0.11139	0.02499	0.02582	0.02571	0.14313	0.12068	0.01742	0.25996	0.02912	0.04033	0.01762	0.01960	0.01355	0.00915	0.00810	0.00245	0.01023	0.00696	0.00653	0.10724
2	0.02290	0.11559	0.02661	0.01826	0.02333	0.01982	0.09134	0.17474	0.02446	0.06934	0.02556	0.11155	0.02325	0.06875	0.07643	0.00433	0.01061	0.01077	0.07121	0.01114
3	0.02572	0.02465	0.02886	0.10538	0.03371	0.13233	0.11387	0.17994	0.06659	0.03472	0.01876	0.02152	0.01430	0.00900	0.00862	0.00247	0.01129	0.00766	0.00610	0.15452
4	0.01986	0.02155	0.10719	0.02183	0.02909	0.01729	0.16864	0.10817	0.02452	0.03470	0.17887	0.03330	0.03225	0.01081	0.00929	0.00256	0.00954	0.01015	0.00664	0.15377
5	0.01757	0.01296	0.02027	0.01745	0.02108	0.01221	0.12067	0.02229	0.06423	0.10403	0.04524	0.29354	0.12477	0.06448	0.01295	0.00361	0.00766	0.01753	0.00781	0.00964
6	0.02071	0.42086	0.19837	0.01786	0.02609	0.02799	0.01938	0.02561	0.01781	0.02293	0.01508	0.01860	0.01304	0.01660	0.10107	0.00399	0.01265	0.00597	0.00396	0.01143
7	0.02032	0.01063	0.01345	0.01183	0.01531	0.00958	0.00919	0.02412	0.02391	0.19341	0.32437	0.05432	0.11646	0.01569	0.00951	0.00272	0.00515	0.01341	0.11651	0.01013
8	0.02423	0.12295	0.02494	0.01742	0.02370	0.18714	0.01398	0.03306	0.17269	0.02816	0.02010	0.02109	0.01613	0.00888	0.00751	0.00211	0.00970	0.00658	0.00587	0.25376
9	0.01110	0.00821	0.01038	0.01168	0.01288	0.00749	0.00806	0.01317	0.01891	0.02499	0.14114	0.48485	0.16308	0.02565	0.01114	0.00340	0.00493	0.02292	0.00853	0.00749
10	0.01131	0.00824	0.01072	0.01238	0.01341	0.00765	0.00870	0.01337	0.01838	0.02431	0.09680	0.52217	0.11778	0.02646	0.01135	0.00355	0.00532	0.07221	0.00842	0.00747
11	0.01623	0.00999	0.01345	0.01232	0.01497	0.00945	0.00945	0.02020	0.02375	0.11114	0.46066	0.05748	0.06727	0.02452	0.10425	0.00451	0.00756	0.01428	0.00926	0.00925
12	0.12792	0.02145	0.02347	0.01821	0.02509	0.02288	0.01504	0.37834	0.03423	0.20799	0.02398	0.02296	0.01634	0.01051	0.00852	0.00272	0.00888	0.00789	0.00907	0.01450
13	0.01301	0.00867	0.00976	0.00976	0.00976	0.00867	0.00542	0.01301	0.01301	0.01735	0.02819	0.05855	0.03253	0.68559	0.04554	0.00867	0.00867	0.01301	0.00542	0.00542
14	0.02994	0.01396	0.01821	0.01469	0.01994	0.01279	0.01184	0.08343	0.02696	0.37380	0.24135	0.04244	0.04342	0.01358	0.00954	0.00278	0.00662	0.01144	0.01045	0.01284
15	0.02147	0.02057	0.03509	0.13357	0.55642	0.02108	0.02712	0.02686	0.02005	0.02841	0.01671	0.02236	0.01388	0.00810	0.00887	0.00270	0.01080	0.00797	0.00437	0.01362
16	0.02765	0.01424	0.01827	0.01547	0.01999	0.01404	0.01218	0.12480	0.02408	0.28694	0.03235	0.12709	0.02717	0.07010	0.13689	0.00555	0.01089	0.01164	0.00870	0.01198
17	0.02915	0.01274	0.01726	0.01426	0.01913	0.01161	0.01147	0.03276	0.02344	0.38718	0.14887	0.03847	0.03444	0.02067	0.10324	0.00444	0.00911	0.01045	0.05894	0.01237
18	0.67644	0.01809	0.01454	0.01266	0.01836	0.02085	0.01043	0.08435	0.01794	0.04178	0.01337	0.01524	0.01025	0.00855	0.00588	0.00276	0.00722	0.00517	0.00588	0.01025
19	0.01837	0.01672	0.09532	0.01468	0.01917	0.03476	0.01273	0.02217	0.01946	0.10493	0.14327	0.08327	0.03565	0.13150	0.10917	0.00531	0.01026	0.01135	0.00687	0.10502
20	0.02079	0.35306	0.35736	0.02065	0.03122	0.02774	0.02461	0.02760	0.01855	0.02487	0.01433	0.01673	0.01140	0.00810	0.00719	0.00240	0.01148	0.00574	0.00380	0.01239
21	0.01254	0.00901	0.01097	0.01142	0.01250	0.00893	0.00793	0.01408	0.01586	0.02076	0.04295	0.12041	0.14075	0.33413	0.12082	0.00748	0.00982	0.08650	0.00646	0.00670
22	0.01157	0.00841	0.01019	0.01104	0.01210	0.00781	0.00736	0.01323	0.01780	0.02346	0.12619	0.34399	0.15992	0.18235	0.01928	0.00462	0.00577	0.02008	0.00782	0.00703
23	0.50576	0.08097	0.08151	0.01476	0.02150	0.02262	0.01362	0.11076	0.01980	0.03964	0.01414	0.01598	0.01083	0.00862	0.00636	0.00269	0.00822	0.00549	0.00571	0.01102
24	0.04330	0.01184	0.01326	0.01187	0.01572	0.01104	0.00913	0.02158	0.10125	0.05104	0.24613	0.05950	0.24509	0.01683	0.00962	0.00272	0.00523	0.01422	0.00853	0.10210

[dist]
# distance from previous block
# <min> <max>
1	78

[block]
# block no. 7 follows, 19 sequences, length 91
# corresponding to MSA columns:
# 754-844
name=unknown_H
#
# <colnr> <probs for GDERKNQSTAVLIFYWHMCP>
#	G	D	E	R	K	N	Q	S	T	A	V	L	I	F	Y	W	H	M	C	P
0	0.01760	0.01118	0.01425	0.04828	0.01805	0.01033	0.01000	0.02153	0.04157	0.12541	0.22585	0.13922	0.13035	0.06847	0.01263	0.00328	0.00601	0.01483	0.00853	0.07262
1	0.01330	0.06796	0.01463	0.01167	0.01408	0.01057	0.00894	0.01694	0.02334	0.03224	0.46755	0.14846	0.09929	0.01892	0.01026	0.00286	0.00483	0.01660	0.00904	0.00850
2	0.02467	0.14466	0.02586	0.01545	0.02309	0.01988	0.01309	0.15092	0.02418	0.08239	0.01803	0.01936	0.01406	0.00807	0.00716	0.00185	0.00796	0.00610	0.00628	0.38694
3	0.02470	0.01976	0.08887	0.05680	0.04651	0.01602	0.11862	0.03142	0.06417	0.20832	0.07963	0.03179	0.05079	0.01059	0.00910	0.00266	0.00922	0.00958	0.00741	0.11403
4	0.08764	0.09136	0.07373	0.01894	0.02500	0.10978	0.06188	0.11483	0.06489	0.08448	0.12563	0.05260	0.02836	0.01162	0.00868	0.00269	0.00963	0.00946	0.00707	0.01173
5	0.07792	0.01037	0.01220	0.01161	0.01458	0.00974	0.00908	0.01870	0.02274	0.07387	0.33667	0.06818	0.20671	0.01869	0.01020	0.00299	0.00518	0.07279	0.00900	0.00877
6	0.02314	0.02359	0.04479	0.03549	0.10078	0.02372	0.39710	0.11894	0.02374	0.03252	0.01796	0.02311	0.01374	0.00880	0.01176	0.00301	0.07041	0.00966	0.00517	0.01258
7	0.09835	0.10354	0.15320	0.07884	0.05303	0.08845	0.08579	0.12675	0.05061	0.05342	0.01780	0.02028	0.01336	0.00901	0.00825	0.00268	0.01144	0.00723	0.00554	0.01244
8	0.01866	0.02387	0.15645	0.17873	0.04008	0.01939	0.16665	0.05798	0.06804	0.02961	0.07389	0.03236	0.07260	0.01079	0.00954	0.00294	0.01123	0.01012	0.00560	0.01145
9	0.01506	0.00878	0.01039	0.01069	0.01178	0.00848	0.00701	0.01669	0.01640	0.06534	0.03528	0.23879	0.03774	0.29115	0.02403	0.00529	0.00655	0.01546	0.16779	0.00730
10	0.01329	0.01085	0.01639	0.23997	0.03004	0.01187	0.01411	0.01683	0.01876	0.02502	0.13379	0.34818	0.04688	0.01973	0.01041	0.00327	0.00738	0.01778	0.00705	0.00840
11	0.08740	0.02282	0.02298	0.01883	0.02501	0.06691	0.01516	0.28656	0.21201	0.10940	0.02630	0.02517	0.01897	0.01091	0.00867	0.00278	0.00896	0.00838	0.00866	0.01412
12	0.01399	0.01035	0.01297	0.01280	0.01408	0.01139	0.00956	0.01649	0.01742	0.02546	0.07980	0.20896	0.11911	0.06924	0.06583	0.00439	0.11742	0.01507	0.16767	0.00797
13	0.01375	0.00882	0.01074	0.01074	0.01186	0.00911	0.00738	0.01601	0.01613	0.02415	0.08864	0.06889	0.03395	0.28446	0.17300	0.00763	0.01058	0.01180	0.18526	0.00711
14	0.02011	0.28047	0.07911	0.07433	0.12552	0.05814	0.01781	0.02400	0.01920	0.02406	0.04299	0.11304	0.06314	0.01207	0.00810	0.00255	0.00947	0.00987	0.00508	0.01094
15	0.31763	0.06121	0.13079	0.02217	0.03023	0.02123	0.18626	0.02875	0.01856	0.08171	0.01654	0.01934	0.01220	0.00830	0.00779	0.00280	0.01056	0.00714	0.00530	0.01151
16	0.03358	0.01370	0.01834	0.01459	0.02006	0.01205	0.01160	0.03664	0.02382	0.48908	0.09406	0.03805	0.02990	0.10567	0.01424	0.00359	0.00742	0.01028	0.01016	0.01317
17	0.01288	0.00918	0.01230	0.01230	0.01318	0.01005	0.00859	0.01464	0.01376	0.01923	0.02586	0.04567	0.02693	0.34515	0.37833	0.01181	0.01709	0.01113	0.00508	0.00683
18	0.08038	0.25964	0.19841	0.02259	0.07998	0.02732	0.02127	0.10656	0.02129	0.03018	0.01500	0.01767	0.01207	0.00903	0.00908	0.00256	0.06355	0.00626	0.00472	0.01242
19	0.02178	0.01325	0.01641	0.01539	0.01899	0.01339	0.01220	0.04984	0.14542	0.16502	0.09019	0.13318	0.04092	0.07053	0.01315	0.00373	0.00723	0.14944	0.00900	0.01095
20	0.01080	0.00862	0.00968	0.01036	0.01246	0.00750	0.00741	0.01293	0.01953	0.02435	0.10586	0.29114	0.39932	0.02428	0.01087	0.00322	0.00474	0.02101	0.00839	0.00750
21	0.12974	0.01630	0.01716	0.01454	0.01917	0.01745	0.01156	0.23677	0.02720	0.08931	0.02720	0.11596	0.02314	0.01274	0.00809	0.00268	0.00708	0.01016	0.20226	0.01148
22	0.17505	0.02165	0.02554	0.03072	0.24616	0.07537	0.01845	0.08940	0.11422	0.06278	0.04199	0.02372	0.01806	0.00959	0.00822	0.00272	0.00934	0.00782	0.00635	0.01286
23	0.01962	0.01670	0.01962	0.10714	0.02552	0.06754	0.01516	0.11576	0.02143	0.02790	0.02631	0.04679	0.02598	0.13263	0.09760	0.00559	0.07865	0.13447	0.00614	0.00946
24	0.01594	0.00975	0.01388	0.01393	0.01589	0.01010	0.01046	0.01860	0.01690	0.10710	0.03434	0.25829	0.03511	0.04574	0.33916	0.00903	0.01517	0.01501	0.00689	0.00874
25	0.01660	0.02064	0.12076	0.01590	0.02024	0.10053	0.01411	0.02249	0.06920	0.02857	0.20121	0.18639	0.11297	0.01751	0.00993	0.00297	0.00789	0.01496	0.00751	0.00963
26	0.06982	0.02317	0.02958	0.09193	0.11602	0.13341	0.11462	0.05974	0.02348	0.21686	0.02209	0.02368	0.01563	0.00933	0.00887	0.00273	0.01133	0.00815	0.00676	0.01283
27	0.09394	0.02015	0.03509	0.02660	0.03335	0.02030	0.31243	0.03142	0.16678	0.03298	0.10650	0.03138	0.02642	0.01024	0.00969	0.00297	0.01078	0.01065	0.00649	0.01184
28	0.01935	0.07088	0.02675	0.02120	0.02180	0.02530	0.01759	0.02057	0.01377	0.02066	0.01233	0.02022	0.01225	0.01717	0.02828	0.10615	0.52514	0.00758	0.00390	0.00910
29	0.02651	0.02075	0.09045	0.07392	0.03210	0.01780	0.14659	0.11000	0.02498	0.21419	0.07802	0.07415	0.02530	0.01160	0.00959	0.00290	0.01005	0.01065	0.00770	0.01275
30	0.02532	0.01950	0.02758	0.02880	0.17469	0.02041	0.07633	0.03998	0.30209	0.14205	0.02954	0.02915	0.02176	0.01046	0.00917	0.00289	0.00886	0.00943	0.00784	0.01414
31	0.01211	0.00855	0.01136	0.01199	0.01304	0.00836	0.00835	0.01429	0.01842	0.02540	0.21051	0.30672	0.05647	0.11766	0.10534	0.02997	0.00807	0.01829	0.00774	0.00735
32	0.09241	0.01579	0.02360	0.16313	0.03178	0.01691	0.11064	0.10145	0.02180	0.03168	0.05953	0.18692	0.02882	0.01421	0.00938	0.00301	0.00903	0.01286	0.05690	0.01015
33	0.02094	0.02443	0.12058	0.11116	0.44305	0.02116	0.07382	0.02721	0.01997	0.02841	0.01673	0.02202	0.01350	0.00811	0.00895	0.00274	0.01148	0.00799	0.00430	0.01344
34	0.01541	0.00913	0.01233	0.01344	0.01504	0.00846	0.00974	0.01755	0.01874	0.10865	0.04712	0.51734	0.05306	0.02526	0.01120	0.00357	0.00591	0.09087	0.00868	0.00850
35	0.01902	0.12162	0.34826	0.06319	0.11852	0.02179	0.06638	0.02674	0.01966	0.02787	0.06852	0.02353	0.01826	0.00912	0.00853	0.00271	0.01166	0.00773	0.00446	0.01245
36	0.02455	0.02166	0.03270	0.04618	0.48745	0.06350	0.02427	0.02999	0.03821	0.09370	0.03783	0.02430	0.01737	0.00882	0.00888	0.00266	0.01039	0.00824	0.00545	0.01384
37	0.01817	0.01691	0.02688	0.51248	0.11385	0.02035	0.02362	0.02676	0.10104	0.02553	0.01885	0.02500	0.01429	0.00929	0.00896	0.00296	0.01112	0.00825	0.00473	0.01095
38	0.02567	0.02835	0.02388	0.02081	0.02515	0.33994	0.09500	0.02934	0.02266	0.02615	0.02160	0.03007	0.01866	0.01085	0.00840	0.00253	0.01225	0.06419	0.18461	0.00989
39	0.01703	0.12436	0.32783	0.01978	0.02806	0.01859	0.02253	0.02392	0.01983	0.02773	0.10743	0.08239	0.03103	0.01359	0.00919	0.00295	0.01013	0.09685	0.00563	0.01113
40	0.02133	0.02105	0.03603	0.07848	0.36876	0.02234	0.12033	0.02816	0.06622	0.02836	0.01783	0.02310	0.01465	0.00935	0.01202	0.00294	0.10281	0.00855	0.00472	0.01297
41	0.02046	0.26702	0.35196	0.02366	0.03437	0.02611	0.10541	0.02784	0.01895	0.02585	0.01508	0.01804	0.01170	0.00807	0.00783	0.00254	0.01221	0.00653	0.00390	0.01246
42	0.01758	0.03573	0.42661	0.24721	0.04667	0.02046	0.03020	0.02643	0.01854	0.02643	0.01600	0.02061	0.01154	0.00865	0.00865	0.00288	0.01277	0.00708	0.00385	0.01208
43	0.02129	0.01067	0.01421	0.01327	0.01641	0.00954	0.00994	0.02406	0.02181	0.23632	0.16090	0.31030	0.07442	0.02004	0.01038	0.00315	0.00580	0.01767	0.00956	0.01025
44	0.02362	0.02685	0.01907	0.01848	0.02156	0.33875	0.01351	0.02796	0.08179	0.02383	0.02978	0.27339	0.03147	0.01676	0.00946	0.00289	0.01100	0.01378	0.00649	0.00956
45	0.02378	0.01871	0.02440	0.39478	0.04550	0.08241	0.02023	0.07389	0.02193	0.12760	0.02027	0.02463	0.01460	0.00957	0.00868	0.00279	0.01093	0.00794	0.05620	0.01117
46	0.74878	0.01730	0.01315	0.01177	0.01730	0.02007	0.00969	0.02630	0.01523	0.04014	0.01246	0.01453	0.00969	0.00830	0.00554	0.00277	0.00692	0.00484	0.00554	0.00969
47	0.02457	0.03537	0.34073	0.02287	0.03293	0.02361	0.02496	0.25037	0.08807	0.04005	0.02021	0.02135	0.01445	0.00973	0.00873	0.00280	0.01130	0.00752	0.00631	0.01408
48	0.01159	0.00837	0.01096	0.01187	0.01310	0.00774	0.00831	0.01422	0.02048	0.02804	0.27862	0.41739	0.08797	0.02399	0.01105	0.00329	0.00478	0.02155	0.00892	0.00774
49	0.02515	0.02033	0.02062	0.01737	0.02304	0.06359	0.01371	0.13914	0.30889	0.07137	0.02871	0.02784	0.02148	0.01073	0.00843	0.00259	0.00793	0.00858	0.06577	0.11473
50	0.01822	0.07568	0.61222	0.02503	0.03800	0.02144	0.03225	0.02826	0.01886	0.02800	0.01589	0.01868	0.01134	0.00846	0.00837	0.00279	0.01306	0.00653	0.00378	0.01314
51	0.02696	0.03136	0.32694	0.02452	0.07394	0.01798	0.05623	0.03417	0.02170	0.26237	0.02363	0.02386	0.01582	0.00940	0.00883	0.00281	0.01099	0.00784	0.00667	0.01400
52	0.01821	0.01739	0.02602	0.18247	0.09288	0.02229	0.02012	0.02181	0.01702	0.02463	0.09863	0.02746	0.02215	0.01360	0.01965	0.00340	0.34834	0.00904	0.00481	0.01008
53	0.02325	0.02800	0.23348	0.01884	0.02618	0.10296	0.01922	0.02918	0.02315	0.15937	0.20271	0.03537	0.03561	0.01209	0.00916	0.00274	0.00973	0.00987	0.00727	0.01182
54	0.02425	0.02229	0.07949	0.09977	0.18572	0.02013	0.22950	0.03125	0.04526	0.13983	0.02132	0.02478	0.01553	0.00869	0.00949	0.00287	0.01185	0.00908	0.00578	0.01311
55	0.20012	0.08696	0.29439	0.02276	0.03220	0.08574	0.10282	0.02850	0.01890	0.03005	0.01494	0.01791	0.01127	0.00832	0.00779	0.00272	0.01194	0.00649	0.00440	0.01177
56	0.01145	0.00810	0.01051	0.01190	0.01257	0.00763	0.00791	0.01315	0.01768	0.02386	0.12639	0.50486	0.05884	0.12150	0.01622	0.00425	0.00556	0.02235	0.00810	0.00716
57	0.02401	0.02698	0.22051	0.03213	0.21378	0.01837	0.06941	0.03059	0.02154	0.16519	0.06976	0.02674	0.02067	0.00963	0.00905	0.00278	0.01060	0.00864	0.00616	0.01348
58	0.02723	0.19398	0.17890	0.02422	0.10326	0.10823	0.02108	0.07234	0.02265	0.13913	0.01887	0.02011	0.01401	0.00895	0.00793	0.00249	0.01112	0.00676	0.00569	0.01304
59	0.13780	0.01705	0.02066	0.01607	0.02284	0.01640	0.01327	0.12835	0.02674	0.46226	0.02995	0.02683	0.01933	0.01064	0.00851	0.00276	0.00787	0.00827	0.00997	0.01445
60	0.02035	0.01894	0.02942	0.25820	0.29682	0.02100	0.02358	0.03035	0.15224	0.02885	0.02089	0.02525	0.01633	0.00924	0.00894	0.00285	0.01029	0.00844	0.00532	0.01270
61	0.02002	0.02201	0.10970	0.03054	0.23343	0.06058	0.02009	0.02710	0.08455	0.05057	0.07365	0.12084	0.02956	0.03397	0.01059	0.00311	0.00944	0.04214	0.00629	0.01183
62	0.08650	0.00988	0.01295	0.10307	0.02018	0.01032	0.01075	0.01531	0.01704	0.02459	0.04093	0.52107	0.04758	0.02337	0.01048	0.00345	0.00630	0.02091	0.00742	0.00788
63	0.01575	0.01182	0.01766	0.06860	0.07248	0.01217	0.05850	0.01912	0.01717	0.02496	0.02789	0.04778	0.02725	0.21334	0.08451	0.00572	0.01010	0.08804	0.16876	0.00837
64	0.01846	0.10207	0.58797	0.02462	0.03736	0.02204	0.03152	0.02820	0.01883	0.02770	0.01574	0.01850	0.01135	0.00843	0.00826	0.00275	0.01291	0.00645	0.00378	0.01307
65	0.02690	0.02130	0.03017	0.03741	0.33586	0.02217	0.02159	0.17264	0.10879	0.09852	0.02257	0.02438	0.01706	0.00955	0.00893	0.00273	0.00964	0.00839	0.00686	0.01453
66	0.01102	0.00788	0.01049	0.01237	0.01300	0.00735	0.00831	0.01276	0.01770	0.02374	0.08914	0.63734	0.06092	0.02735	0.01136	0.00358	0.00512	0.02479	0.00841	0.00735
67	0.02048	0.02098	0.03892	0.03318	0.11921	0.02079	0.32785	0.03107	0.15317	0.03011	0.02518	0.09235	0.02135	0.01071	0.01008	0.00303	0.01167	0.01161	0.00592	0.01234
68	0.15354	0.01860	0.02247	0.02536	0.17042	0.02028	0.01613	0.09420	0.21591	0.03773	0.10757	0.03058	0.02753	0.01113	0.00858	0.00283	0.00782	0.00926	0.00740	0.01267
69	0.03119	0.02850	0.11086	0.02094	0.02848	0.08814	0.01871	0.37066	0.08528	0.09398	0.02235	0.02233	0.01590	0.01042	0.00881	0.00270	0.01053	0.00788	0.00797	0.01436
70	0.01191	0.00885	0.01110	0.01110	0.01305	0.00803	0.00811	0.01522	0.02271	0.03101	0.40717	0.19806	0.17843	0.02112	0.01074	0.00302	0.00448	0.01860	0.00924	0.00803
71	0.02503	0.08432	0.12756	0.02134	0.02729	0.18806	0.01914	0.07420	0.19064	0.02965	0.02075	0.02220	0.01627	0.01081	0.01127	0.00282	0.10300	0.00751	0.00589	0.01226
72	0.02807	0.01774	0.02044	0.01721	0.02246	0.01866	0.01361	0.21717	0.16070	0.18766	0.03402	0.16349	0.02878	0.01474	0.00951	0.00298	0.00771	0.01237	0.00937	0.01333
73	0.01118	0.00798	0.01070	0.01277	0.01341	0.00751	0.00879	0.01294	0.01740	0.02315	0.04916	0.63410	0.05857	0.02777	0.01149	0.00367	0.00543	0.06835	0.00830	0.00734
74	0.03743	0.01957	0.02345	0.01798	0.02501	0.01960	0.01485	0.28937	0.03288	0.37994	0.02919	0.02649	0.01908	0.01093	0.00898	0.00273	0.00860	0.00858	0.01014	0.01522
75	0.02134	0.30404	0.24597	0.01862	0.02710	0.02581	0.02028	0.08348	0.02013	0.02665	0.01681	0.02280	0.01474	0.10260	0.01256	0.00325	0.01074	0.00690	0.00455	0.01162
76	0.02761	0.01363	0.01768	0.01472	0.01955	0.01289	0.01178	0.08798	0.02491	0.31835	0.13574	0.06694	0.08101	0.02164	0.09870	0.00444	0.00921	0.01163	0.00945	0.01216
77	0.01167	0.00844	0.01120	0.01313	0.01417	0.00797	0.00958	0.01386	0.01814	0.02382	0.05173	0.50803	0.09666	0.02691	0.01157	0.00370	0.00583	0.14779	0.00829	0.00751
78	0.02407	0.32499	0.03880	0.02080	0.02742	0.14417	0.14463	0.02806	0.02026	0.02462	0.01630	0.01952	0.01355	0.00831	0.00733	0.00226	0.01128	0.00675	0.10592	0.01097
79	0.01704	0.01807	0.07528	0.38335	0.16511	0.01814	0.02329	0.02250	0.01834	0.02457	0.02162	0.13160	0.02014	0.01187	0.00930	0.00301	0.01066	0.01074	0.00477	0.01061
80	0.02173	0.27751	0.10162	0.06852	0.02740	0.02268	0.03550	0.02611	0.01923	0.07756	0.02224	0.02395	0.06136	0.00910	0.00733	0.00217	0.00913	0.00703	0.00517	0.17464
81	0.01535	0.01492	0.10042	0.01531	0.01909	0.01093	0.01408	0.02014	0.02223	0.06399	0.27136	0.11867	0.05794	0.01942	0.01084	0.00331	0.00706	0.19719	0.00842	0.00932
82	0.01855	0.01590	0.01855	0.01325	0.02120	0.01193	0.01060	0.02253	0.01855	0.02915	0.01590	0.01855	0.01325	0.00663	0.00663	0.00133	0.00663	0.00530	0.00530	0.74028
