[name]
unknown

[dist]
# distance from previous block
# <min> <max>
7	25

[block]
# block no. 0 follows, 24 sequences, length 23
# corresponding to MSA columns:
# 25-47
name=unknown_A
#
# <colnr> <probs for GDERKNQSTAVLIFYWHMCP>
#	G	D	E	R	K	N	Q	S	T	A	V	L	I	F	Y	W	H	M	C	P
0	0.08267	0.01574	0.01693	0.01405	0.01842	0.05528	0.01121	0.09921	0.07252	0.06738	0.12732	0.02935	0.02542	0.03237	0.01021	0.00242	0.07406	0.03269	0.00631	0.20643
1	0.05376	0.05496	0.09710	0.01528	0.02022	0.05628	0.01357	0.07066	0.17712	0.10281	0.07440	0.09060	0.06170	0.01268	0.00822	0.00263	0.00740	0.06318	0.00695	0.01049
2	0.07279	0.07887	0.02244	0.02287	0.18584	0.01522	0.04217	0.02475	0.05236	0.15675	0.05881	0.15834	0.02626	0.01226	0.00814	0.00258	0.00728	0.03536	0.00640	0.01053
3	0.09338	0.14139	0.17263	0.02083	0.07882	0.09281	0.04735	0.04371	0.05023	0.02506	0.01395	0.01668	0.01126	0.00820	0.00897	0.00232	0.08961	0.00585	0.00417	0.07278
4	0.01815	0.02235	0.22405	0.01883	0.02559	0.01491	0.11864	0.04972	0.05313	0.09828	0.07395	0.06317	0.02222	0.09530	0.01204	0.00310	0.00911	0.00904	0.00554	0.06289
5	0.05822	0.11503	0.07262	0.01324	0.01836	0.01443	0.01166	0.05429	0.01743	0.08966	0.02454	0.14473	0.04962	0.01724	0.08940	0.00344	0.00852	0.00931	0.00564	0.18264
6	0.05833	0.09058	0.04737	0.01637	0.04937	0.01741	0.01313	0.02400	0.11372	0.06534	0.13036	0.05747	0.02613	0.01141	0.01126	0.00250	0.14953	0.00854	0.00586	0.10131
7	0.48425	0.01616	0.01824	0.01600	0.05510	0.01728	0.08633	0.02557	0.05975	0.07153	0.01480	0.01658	0.01123	0.00752	0.00609	0.00238	0.00721	0.00563	0.00524	0.07312
8	0.77733	0.01534	0.01166	0.01043	0.01534	0.01779	0.00859	0.02331	0.01350	0.03558	0.01104	0.01288	0.00859	0.00736	0.00491	0.00245	0.00613	0.00429	0.00491	0.00859
9	0.01153	0.00769	0.00865	0.00865	0.00865	0.00769	0.00480	0.01153	0.01153	0.01538	0.02499	0.05189	0.02883	0.72131	0.04036	0.00769	0.00769	0.01153	0.00480	0.00480
10	0.02482	0.19848	0.02564	0.01595	0.02126	0.14028	0.01338	0.27682	0.02663	0.03363	0.09423	0.02196	0.01979	0.00939	0.00714	0.00214	0.00881	0.00694	0.04182	0.01090
11	0.01153	0.00769	0.00865	0.00865	0.00865	0.00769	0.00480	0.01153	0.01153	0.01538	0.02499	0.05189	0.02883	0.72131	0.04036	0.00769	0.00769	0.01153	0.00480	0.00480
12	0.08303	0.25760	0.27769	0.01789	0.02615	0.06814	0.01947	0.11689	0.01970	0.02719	0.01351	0.01530	0.01049	0.00761	0.00656	0.00219	0.00994	0.00535	0.00422	0.01106
13	0.02824	0.03544	0.02168	0.01995	0.02385	0.63373	0.01511	0.03042	0.02213	0.01976	0.01469	0.02046	0.01312	0.00930	0.00746	0.00217	0.01373	0.05537	0.00435	0.00904
14	0.01464	0.01019	0.01191	0.01122	0.01345	0.01118	0.00865	0.02191	0.14702	0.02863	0.16761	0.03571	0.03256	0.01855	0.10631	0.00381	0.04429	0.00938	0.29449	0.00848
15	0.01933	0.06291	0.05806	0.28931	0.05211	0.01727	0.01735	0.05624	0.01799	0.13078	0.02301	0.06646	0.06028	0.01069	0.00985	0.00264	0.08197	0.00855	0.00529	0.00989
16	0.01498	0.01409	0.02378	0.70226	0.05462	0.01762	0.02202	0.02026	0.01586	0.02026	0.01409	0.02114	0.01057	0.00793	0.00793	0.00264	0.01057	0.00705	0.00352	0.00881
17	0.02962	0.03779	0.02247	0.02043	0.02451	0.68948	0.01532	0.03166	0.02247	0.01941	0.01226	0.01430	0.01021	0.00817	0.00715	0.00204	0.01430	0.00511	0.00409	0.00919
18	0.02178	0.05644	0.30259	0.02642	0.15245	0.01763	0.09355	0.02813	0.01859	0.17852	0.01845	0.02007	0.01301	0.00785	0.00780	0.00245	0.01017	0.00692	0.00506	0.01212
19	0.01528	0.01325	0.01740	0.08917	0.02132	0.05333	0.06315	0.06901	0.01788	0.02341	0.06999	0.18835	0.03230	0.14040	0.01596	0.00379	0.05636	0.09592	0.00589	0.00785
20	0.00992	0.00750	0.00921	0.01028	0.01163	0.00679	0.00734	0.01186	0.01690	0.02184	0.10851	0.42068	0.24219	0.02244	0.00988	0.00302	0.00454	0.06131	0.00748	0.00667
21	0.01745	0.01280	0.06048	0.01485	0.01866	0.01022	0.07683	0.02043	0.01734	0.16852	0.03305	0.36513	0.03396	0.03641	0.00988	0.00290	0.00667	0.01499	0.00700	0.07244
22	0.02765	0.06818	0.06183	0.01942	0.02595	0.07801	0.11882	0.17531	0.07759	0.23283	0.02205	0.02181	0.01535	0.00884	0.00791	0.00241	0.00931	0.00748	0.00699	0.01225

[dist]
# distance from previous block
# <min> <max>
1	10

[block]
# block no. 1 follows, 24 sequences, length 14
# corresponding to MSA columns:
# 69-82
name=unknown_B
#
# <colnr> <probs for GDERKNQSTAVLIFYWHMCP>
#	G	D	E	R	K	N	Q	S	T	A	V	L	I	F	Y	W	H	M	C	P
0	0.33045	0.01885	0.08557	0.01659	0.07059	0.01809	0.01325	0.13905	0.07283	0.06045	0.01716	0.02083	0.01374	0.07958	0.00991	0.00298	0.00764	0.00647	0.00568	0.01028
1	0.10596	0.01914	0.02503	0.08931	0.23435	0.10251	0.07035	0.05945	0.01942	0.07749	0.01924	0.02823	0.01656	0.00959	0.00799	0.00256	0.00958	0.08742	0.00515	0.01063
2	0.02080	0.01448	0.02191	0.01700	0.02215	0.01365	0.12759	0.02575	0.06206	0.19187	0.09028	0.06264	0.05932	0.01078	0.00964	0.00239	0.06599	0.00937	0.00668	0.16567
3	0.01614	0.01377	0.01974	0.02496	0.23643	0.01357	0.01470	0.05043	0.08228	0.02588	0.02780	0.23491	0.02858	0.01406	0.00858	0.00262	0.00699	0.06648	0.00596	0.10612
4	0.01308	0.01039	0.01225	0.01057	0.01410	0.00858	0.00764	0.01529	0.01561	0.02240	0.05997	0.18880	0.08365	0.15451	0.01418	0.00313	0.00569	0.01159	0.00574	0.34286
5	0.02084	0.01718	0.02778	0.19230	0.28462	0.01799	0.07593	0.10371	0.02036	0.09248	0.01859	0.05950	0.01508	0.00881	0.00815	0.00251	0.00942	0.00823	0.00513	0.01138
6	0.02459	0.01166	0.01523	0.01222	0.01681	0.01008	0.00964	0.02758	0.02068	0.36423	0.18573	0.03604	0.03314	0.08207	0.01127	0.00282	0.00598	0.00947	0.00836	0.11239
7	0.01790	0.01688	0.02805	0.02950	0.21356	0.01719	0.17194	0.02712	0.17208	0.02705	0.02539	0.03798	0.02259	0.01116	0.00897	0.00280	0.00917	0.14404	0.00569	0.01093
8	0.01990	0.01834	0.02988	0.04340	0.56911	0.01852	0.02236	0.07919	0.01959	0.02768	0.01723	0.06665	0.01534	0.00849	0.00801	0.00242	0.00903	0.00812	0.00452	0.01223
9	0.01972	0.01703	0.01793	0.01614	0.02062	0.01972	0.01255	0.04214	0.65752	0.03317	0.03228	0.02959	0.02421	0.01076	0.00807	0.00269	0.00628	0.00897	0.00807	0.01255
10	0.77733	0.01534	0.01166	0.01043	0.01534	0.01779	0.00859	0.02331	0.01350	0.03558	0.01104	0.01288	0.00859	0.00736	0.00491	0.00245	0.00613	0.00429	0.00491	0.00859
11	0.01972	0.01703	0.01793	0.01614	0.02062	0.01972	0.01255	0.04214	0.65752	0.03317	0.03228	0.02959	0.02421	0.01076	0.00807	0.00269	0.00628	0.00897	0.00807	0.01255
12	0.01972	0.01703	0.01793	0.01614	0.02062	0.01972	0.01255	0.04214	0.65752	0.03317	0.03228	0.02959	0.02421	0.01076	0.00807	0.00269	0.00628	0.00897	0.00807	0.01255
13	0.00937	0.00803	0.00803	0.00803	0.01071	0.00669	0.00602	0.01138	0.01807	0.02142	0.08033	0.07632	0.66863	0.02008	0.00937	0.00268	0.00402	0.01674	0.00736	0.00669

[dist]
# distance from previous block
# <min> <max>
0	28

[block]
# block no. 2 follows, 24 sequences, length 16
# corresponding to MSA columns:
# 111-126
name=unknown_C
#
# <colnr> <probs for GDERKNQSTAVLIFYWHMCP>
#	G	D	E	R	K	N	Q	S	T	A	V	L	I	F	Y	W	H	M	C	P
0	0.16939	0.55424	0.03480	0.01328	0.01957	0.06021	0.01268	0.02404	0.01591	0.02200	0.01109	0.01283	0.00987	0.00696	0.00515	0.00186	0.00830	0.00429	0.00372	0.00982
1	0.77733	0.01534	0.01166	0.01043	0.01534	0.01779	0.00859	0.02331	0.01350	0.03558	0.01104	0.01288	0.00859	0.00736	0.00491	0.00245	0.00613	0.00429	0.00491	0.00859
2	0.01088	0.00809	0.01012	0.00962	0.01164	0.00734	0.00721	0.01430	0.02164	0.02987	0.55872	0.06240	0.18497	0.01693	0.00936	0.00253	0.00379	0.01479	0.00848	0.00734
3	0.01082	0.00809	0.01004	0.00955	0.01160	0.00731	0.00716	0.01418	0.02149	0.02953	0.53912	0.06297	0.20478	0.01706	0.00936	0.00253	0.00380	0.01487	0.00843	0.00731
4	0.00960	0.00715	0.00895	0.01038	0.01133	0.00650	0.00707	0.01112	0.01582	0.02050	0.05172	0.57611	0.18731	0.02380	0.00996	0.00310	0.00447	0.02127	0.00736	0.00650
5	0.61499	0.01493	0.01313	0.01123	0.01641	0.01645	0.00926	0.02667	0.01551	0.17603	0.01547	0.01597	0.01100	0.00790	0.00558	0.00245	0.00627	0.00510	0.00598	0.00966
6	0.03558	0.01350	0.01840	0.01411	0.02024	0.01166	0.01166	0.03865	0.02270	0.67734	0.03128	0.02699	0.01963	0.00981	0.00797	0.00245	0.00675	0.00797	0.00981	0.01350
7	0.02120	0.72609	0.04155	0.01357	0.02035	0.03138	0.01357	0.02374	0.01611	0.01866	0.01102	0.01272	0.01018	0.00678	0.00509	0.00170	0.00848	0.00424	0.00339	0.01018
8	0.01950	0.01799	0.02425	0.01992	0.02518	0.01980	0.15054	0.03847	0.51771	0.03147	0.02872	0.02779	0.02154	0.00987	0.00835	0.00269	0.00783	0.00905	0.00718	0.01215
9	0.01498	0.01409	0.02378	0.70226	0.05462	0.01762	0.02202	0.02026	0.01586	0.02026	0.01409	0.02114	0.01057	0.00793	0.00793	0.00264	0.01057	0.00705	0.00352	0.00881
10	0.03310	0.01748	0.02087	0.01600	0.02223	0.01756	0.01322	0.31569	0.02936	0.39089	0.02569	0.02336	0.01682	0.00968	0.00796	0.00242	0.00765	0.00759	0.00896	0.01349
11	0.01972	0.01703	0.01793	0.01614	0.02062	0.01972	0.01255	0.04214	0.65752	0.03317	0.03228	0.02959	0.02421	0.01076	0.00807	0.00269	0.00628	0.00897	0.00807	0.01255
12	0.46256	0.01827	0.01503	0.01325	0.01811	0.08911	0.01060	0.05515	0.15687	0.06745	0.01721	0.01768	0.01296	0.00841	0.00612	0.00246	0.00717	0.00571	0.00590	0.00998
13	0.53137	0.16623	0.09568	0.01250	0.01859	0.02069	0.01203	0.02361	0.01442	0.03084	0.01141	0.01330	0.00909	0.00726	0.00525	0.00230	0.00727	0.00446	0.00441	0.00928
14	0.02762	0.02096	0.02238	0.01774	0.02363	0.02341	0.01446	0.49951	0.18729	0.04591	0.02224	0.02159	0.01608	0.00982	0.00797	0.00245	0.00813	0.00758	0.00797	0.01326
15	0.01251	0.01716	0.17628	0.01346	0.01810	0.01131	0.01301	0.01895	0.10251	0.02406	0.07277	0.19468	0.26120	0.01662	0.00891	0.00275	0.00634	0.01418	0.00652	0.00870

[dist]
# distance from previous block
# <min> <max>
0	3

[block]
# block no. 3 follows, 24 sequences, length 43
# corresponding to MSA columns:
# 130-172
name=unknown_D
#
# <colnr> <probs for GDERKNQSTAVLIFYWHMCP>
#	G	D	E	R	K	N	Q	S	T	A	V	L	I	F	Y	W	H	M	C	P
0	0.01088	0.00809	0.01012	0.00962	0.01164	0.00734	0.00721	0.01430	0.02164	0.02988	0.55891	0.06240	0.18478	0.01693	0.00936	0.00253	0.00379	0.01478	0.00848	0.00734
1	0.01886	0.01013	0.01387	0.01340	0.01646	0.00946	0.01125	0.02237	0.02047	0.21010	0.18230	0.06489	0.04498	0.01719	0.00975	0.00305	0.00633	0.30772	0.00834	0.00909
2	0.02059	0.64660	0.11566	0.01462	0.02197	0.02987	0.01539	0.02390	0.01619	0.01941	0.01140	0.01319	0.01016	0.00687	0.00537	0.00179	0.00886	0.00443	0.00339	0.01036
3	0.01934	0.01855	0.03167	0.08913	0.63365	0.01877	0.02419	0.02408	0.01792	0.02556	0.01487	0.01972	0.01244	0.00712	0.00786	0.00237	0.00949	0.00706	0.00390	0.01233
4	0.02708	0.03839	0.14427	0.02083	0.02633	0.56522	0.01791	0.03045	0.02141	0.02046	0.01262	0.01475	0.01018	0.00805	0.00722	0.00213	0.01382	0.00525	0.00395	0.00966
5	0.01524	0.00828	0.00837	0.00820	0.01029	0.00853	0.00619	0.02067	0.07597	0.02990	0.02646	0.02957	0.02068	0.00938	0.00578	0.00193	0.00393	0.00754	0.69522	0.00787
6	0.01475	0.03470	0.55597	0.02046	0.03010	0.01620	0.02524	0.02251	0.01645	0.02421	0.01969	0.14625	0.01790	0.01074	0.00801	0.00264	0.01040	0.00895	0.00409	0.01074
7	0.01963	0.01884	0.03219	0.04867	0.67185	0.01884	0.02434	0.02434	0.01806	0.02591	0.01492	0.01963	0.01256	0.00707	0.00785	0.00236	0.00942	0.00707	0.00393	0.01256
8	0.00954	0.00804	0.00827	0.00821	0.01082	0.00677	0.00616	0.01171	0.01848	0.02238	0.13471	0.07473	0.61365	0.01972	0.00937	0.00266	0.00399	0.01651	0.00749	0.00677
9	0.01735	0.01735	0.02429	0.02082	0.02082	0.02429	0.01735	0.01908	0.01214	0.01908	0.01041	0.01735	0.01041	0.01388	0.02602	0.00347	0.70680	0.00694	0.00347	0.00867
10	0.01133	0.00850	0.01274	0.01274	0.01416	0.00991	0.00991	0.01416	0.01274	0.01841	0.02124	0.03115	0.01982	0.05947	0.68989	0.01274	0.02124	0.00850	0.00425	0.00708
11	0.00943	0.00779	0.00828	0.00867	0.01088	0.00664	0.00631	0.01131	0.01746	0.02117	0.07257	0.21187	0.53808	0.02109	0.00953	0.00279	0.00414	0.01797	0.00736	0.00664
12	0.03558	0.01350	0.01840	0.01411	0.02024	0.01166	0.01166	0.03865	0.02270	0.67734	0.03128	0.02699	0.01963	0.00981	0.00797	0.00245	0.00675	0.00797	0.00981	0.01350
13	0.01644	0.01409	0.01644	0.01175	0.01879	0.01057	0.00940	0.01997	0.01644	0.02584	0.01409	0.01644	0.01175	0.00587	0.00587	0.00117	0.00587	0.00470	0.00470	0.76979
14	0.02962	0.03779	0.02247	0.02043	0.02451	0.68948	0.01532	0.03166	0.02247	0.01941	0.01226	0.01430	0.01021	0.00817	0.00715	0.00204	0.01430	0.00511	0.00409	0.00919
15	0.00977	0.00816	0.00858	0.00880	0.01137	0.00698	0.00681	0.01197	0.01810	0.02169	0.07588	0.07784	0.59635	0.02029	0.00956	0.00279	0.00440	0.08655	0.00736	0.00676
16	0.01166	0.00828	0.01242	0.01242	0.01364	0.00950	0.00950	0.01364	0.01242	0.01778	0.02024	0.03020	0.01901	0.05518	0.60118	0.11460	0.01931	0.00828	0.00414	0.00659
17	0.01478	0.00739	0.00739	0.00739	0.00924	0.00739	0.00554	0.01848	0.01663	0.02956	0.02587	0.02956	0.02033	0.00924	0.00554	0.00185	0.00370	0.00739	0.76534	0.00739
18	0.01478	0.00739	0.00739	0.00739	0.00924	0.00739	0.00554	0.01848	0.01663	0.02956	0.02587	0.02956	0.02033	0.00924	0.00554	0.00185	0.00370	0.00739	0.76534	0.00739
19	0.77733	0.01534	0.01166	0.01043	0.01534	0.01779	0.00859	0.02331	0.01350	0.03558	0.01104	0.01288	0.00859	0.00736	0.00491	0.00245	0.00613	0.00429	0.00491	0.00859
20	0.03558	0.01350	0.01840	0.01411	0.02024	0.01166	0.01166	0.03865	0.02270	0.67734	0.03128	0.02699	0.01963	0.00981	0.00797	0.00245	0.00675	0.00797	0.00981	0.01350
21	0.77733	0.01534	0.01166	0.01043	0.01534	0.01779	0.00859	0.02331	0.01350	0.03558	0.01104	0.01288	0.00859	0.00736	0.00491	0.00245	0.00613	0.00429	0.00491	0.00859
22	0.01972	0.01703	0.01793	0.01614	0.02062	0.01972	0.01255	0.04214	0.65752	0.03317	0.03228	0.02959	0.02421	0.01076	0.00807	0.00269	0.00628	0.00897	0.00807	0.01255
23	0.03558	0.01350	0.01840	0.01411	0.02024	0.01166	0.01166	0.03865	0.02270	0.67734	0.03128	0.02699	0.01963	0.00981	0.00797	0.00245	0.00675	0.00797	0.00981	0.01350
24	0.03558	0.01350	0.01840	0.01411	0.02024	0.01166	0.01166	0.03865	0.02270	0.67734	0.03128	0.02699	0.01963	0.00981	0.00797	0.00245	0.00675	0.00797	0.00981	0.01350
25	0.02120	0.72609	0.04155	0.01357	0.02035	0.03138	0.01357	0.02374	0.01611	0.01866	0.01102	0.01272	0.01018	0.00678	0.00509	0.00170	0.00848	0.00424	0.00339	0.01018
26	0.02266	0.01638	0.01802	0.01576	0.02055	0.01823	0.01239	0.04149	0.53997	0.15246	0.03209	0.02911	0.02336	0.01058	0.00805	0.00265	0.00636	0.00878	0.00839	0.01273
27	0.01689	0.16787	0.56196	0.02093	0.03173	0.02082	0.02639	0.02486	0.01663	0.02392	0.01364	0.01600	0.01007	0.00740	0.00708	0.00236	0.01112	0.00556	0.00336	0.01143
28	0.02407	0.03286	0.14579	0.02645	0.16196	0.38742	0.01967	0.02809	0.02025	0.02206	0.01479	0.01994	0.01259	0.00856	0.00757	0.00228	0.01242	0.03886	0.00409	0.01027
29	0.01598	0.01325	0.01431	0.01299	0.01658	0.01425	0.01004	0.06063	0.33643	0.03095	0.17868	0.04654	0.18866	0.01409	0.00865	0.00263	0.00532	0.01188	0.00803	0.01012
30	0.01972	0.01703	0.01793	0.01614	0.02062	0.01972	0.01255	0.04214	0.65752	0.03317	0.03228	0.02959	0.02421	0.01076	0.00807	0.00269	0.00628	0.00897	0.00807	0.01255
31	0.02505	0.08962	0.16763	0.02160	0.02928	0.07991	0.18481	0.03023	0.01975	0.24392	0.01998	0.02084	0.01384	0.00807	0.00791	0.00242	0.01042	0.00729	0.00578	0.01167
32	0.01043	0.00755	0.01001	0.01170	0.01268	0.00714	0.00863	0.01243	0.01619	0.02122	0.04616	0.50734	0.09927	0.02373	0.01027	0.00329	0.00524	0.17271	0.00735	0.00668
33	0.00971	0.00805	0.00851	0.00839	0.01092	0.00684	0.00629	0.01204	0.01888	0.02334	0.18909	0.07315	0.55867	0.01937	0.00937	0.00264	0.00397	0.01629	0.00762	0.00684
34	0.03055	0.02156	0.02339	0.01794	0.02427	0.02362	0.01482	0.59996	0.03619	0.09696	0.01996	0.01963	0.01395	0.00954	0.00794	0.00239	0.00858	0.00720	0.00807	0.01349
35	0.05965	0.02051	0.02335	0.06071	0.02534	0.02381	0.01564	0.46342	0.03026	0.04178	0.01678	0.01859	0.01252	0.01013	0.01115	0.00260	0.13799	0.00697	0.00670	0.01209
36	0.02004	0.02077	0.04456	0.03190	0.03977	0.01939	0.59331	0.02644	0.01903	0.07676	0.01724	0.02183	0.01263	0.00693	0.00925	0.00266	0.01285	0.00925	0.00447	0.01092
37	0.00982	0.00702	0.00939	0.01123	0.01176	0.00658	0.00765	0.01132	0.01534	0.02043	0.04362	0.68326	0.05209	0.02469	0.01017	0.00324	0.00474	0.05381	0.00736	0.00649
38	0.02017	0.11684	0.48224	0.01996	0.03006	0.01870	0.02417	0.02746	0.01777	0.14513	0.01701	0.01816	0.01184	0.00787	0.00733	0.00240	0.01042	0.00606	0.00455	0.01187
39	0.00966	0.00690	0.00920	0.01104	0.01150	0.00644	0.00736	0.01104	0.01518	0.02024	0.04371	0.71614	0.05245	0.02484	0.01012	0.00322	0.00460	0.02254	0.00736	0.00644
40	0.01399	0.01242	0.01724	0.01648	0.01697	0.01566	0.01324	0.01597	0.01427	0.02032	0.02712	0.25866	0.03065	0.01894	0.01805	0.00342	0.34820	0.12527	0.00545	0.00769
41	0.01498	0.01409	0.02378	0.70226	0.05462	0.01762	0.02202	0.02026	0.01586	0.02026	0.01409	0.02114	0.01057	0.00793	0.00793	0.00264	0.01057	0.00705	0.00352	0.00881
42	0.01019	0.00728	0.00980	0.01164	0.01233	0.00689	0.00827	0.01195	0.01570	0.02083	0.04342	0.61055	0.05130	0.02435	0.01026	0.00329	0.00506	0.12295	0.00735	0.00659

[dist]
# distance from previous block
# <min> <max>
0	6

[block]
# block no. 4 follows, 24 sequences, length 107
# corresponding to MSA columns:
# 179-285
name=unknown_E
#
# <colnr> <probs for GDERKNQSTAVLIFYWHMCP>
#	G	D	E	R	K	N	Q	S	T	A	V	L	I	F	Y	W	H	M	C	P
0	0.03014	0.02221	0.02380	0.01825	0.02459	0.02459	0.01507	0.64541	0.03728	0.04998	0.01904	0.01904	0.01349	0.00952	0.00793	0.00238	0.00873	0.00714	0.00793	0.01349
1	0.01498	0.01409	0.02378	0.70226	0.05462	0.01762	0.02202	0.02026	0.01586	0.02026	0.01409	0.02114	0.01057	0.00793	0.00793	0.00264	0.01057	0.00705	0.00352	0.00881
2	0.01099	0.00793	0.01039	0.01014	0.01180	0.00733	0.00746	0.01438	0.02136	0.03007	0.57411	0.15773	0.07147	0.01751	0.00947	0.00260	0.00387	0.01557	0.00852	0.00733
3	0.01823	0.00955	0.01232	0.01077	0.01390	0.00859	0.00838	0.02165	0.02169	0.21221	0.38929	0.04893	0.09975	0.01411	0.00864	0.00244	0.00460	0.01214	0.07370	0.00910
4	0.02292	0.01696	0.01850	0.01602	0.02091	0.01897	0.01264	0.09328	0.51217	0.12822	0.03100	0.02831	0.02262	0.01052	0.00804	0.00263	0.00655	0.00867	0.00831	0.01277
5	0.03540	0.01379	0.01858	0.01425	0.02039	0.01209	0.01177	0.05883	0.02318	0.65647	0.03088	0.02673	0.01943	0.00980	0.00797	0.00245	0.00681	0.00795	0.00975	0.01349
6	0.01363	0.00968	0.01426	0.01398	0.01637	0.00949	0.06706	0.01757	0.01838	0.02625	0.10787	0.06505	0.03973	0.01675	0.00929	0.00298	0.00655	0.34305	0.19440	0.00765
7	0.01964	0.01741	0.02040	0.01762	0.02240	0.01975	0.06653	0.04070	0.60283	0.03251	0.03089	0.02888	0.02316	0.01041	0.00818	0.00269	0.00688	0.00900	0.00772	0.01239
8	0.01005	0.00718	0.00964	0.01148	0.01211	0.00677	0.00803	0.01171	0.01556	0.02067	0.04349	0.63884	0.05161	0.02448	0.01022	0.00327	0.00493	0.09605	0.00735	0.00655
9	0.00982	0.00697	0.00915	0.01084	0.01126	0.00655	0.00714	0.01108	0.01487	0.01983	0.04210	0.65927	0.05043	0.08447	0.01271	0.00360	0.00486	0.02160	0.00714	0.00630
10	0.02194	0.01869	0.03025	0.04298	0.55785	0.01874	0.02242	0.08142	0.02018	0.08384	0.01669	0.02020	0.01325	0.00752	0.00787	0.00237	0.00913	0.00715	0.00479	0.01272
11	0.01659	0.07928	0.08986	0.40952	0.06540	0.01946	0.16409	0.02229	0.01668	0.02191	0.01431	0.02004	0.01088	0.00748	0.00797	0.00255	0.01110	0.00723	0.00362	0.00973
12	0.01464	0.01223	0.01925	0.19406	0.15126	0.01312	0.01731	0.01890	0.01761	0.02327	0.02980	0.05893	0.03050	0.01555	0.00960	0.00315	0.00853	0.34788	0.00571	0.00869
13	0.00966	0.00690	0.00920	0.01104	0.01150	0.00644	0.00736	0.01104	0.01518	0.02024	0.04371	0.71614	0.05245	0.02484	0.01012	0.00322	0.00460	0.02254	0.00736	0.00644
14	0.01153	0.00769	0.00865	0.00865	0.00865	0.00769	0.00480	0.01153	0.01153	0.01538	0.02499	0.05189	0.02883	0.72131	0.04036	0.00769	0.00769	0.01153	0.00480	0.00480
15	0.01776	0.01929	0.03980	0.21401	0.07990	0.01933	0.44188	0.02396	0.01791	0.02405	0.01546	0.02123	0.01167	0.00704	0.00889	0.00265	0.01240	0.00861	0.00388	0.01029
16	0.01179	0.00917	0.01362	0.01336	0.01467	0.01100	0.01048	0.01453	0.01270	0.01846	0.02042	0.03010	0.01911	0.05601	0.63946	0.01204	0.07332	0.00838	0.00419	0.00720
17	0.08694	0.02085	0.04363	0.03135	0.03910	0.01985	0.58599	0.02521	0.01825	0.02632	0.01559	0.02063	0.01172	0.00675	0.00896	0.00265	0.01272	0.00890	0.00409	0.01051
18	0.77733	0.01534	0.01166	0.01043	0.01534	0.01779	0.00859	0.02331	0.01350	0.03558	0.01104	0.01288	0.00859	0.00736	0.00491	0.00245	0.00613	0.00429	0.00491	0.00859
19	0.01623	0.01608	0.02138	0.01863	0.02015	0.07825	0.06183	0.01880	0.01380	0.01933	0.01518	0.02271	0.01415	0.03040	0.27911	0.00686	0.32743	0.00756	0.00387	0.00826
20	0.01007	0.00784	0.00915	0.00929	0.01126	0.00692	0.00679	0.01257	0.01905	0.02482	0.27860	0.19259	0.34337	0.01964	0.00951	0.00272	0.00403	0.01701	0.00784	0.00692
21	0.07050	0.02176	0.02519	0.01918	0.02559	0.02381	0.07119	0.55519	0.03430	0.04697	0.01833	0.01891	0.01308	0.00914	0.00789	0.00241	0.00900	0.00718	0.00741	0.01296
22	0.03558	0.01350	0.01840	0.01411	0.02024	0.01166	0.01166	0.03865	0.02270	0.67734	0.03128	0.02699	0.01963	0.00981	0.00797	0.00245	0.00675	0.00797	0.00981	0.01350
23	0.03558	0.01350	0.01840	0.01411	0.02024	0.01166	0.01166	0.03865	0.02270	0.67734	0.03128	0.02699	0.01963	0.00981	0.00797	0.00245	0.00675	0.00797	0.00981	0.01350
24	0.00966	0.00690	0.00920	0.01104	0.01150	0.00644	0.00736	0.01104	0.01518	0.02024	0.04371	0.71614	0.05245	0.02484	0.01012	0.00322	0.00460	0.02254	0.00736	0.00644
25	0.01090	0.00809	0.01015	0.00964	0.01165	0.00734	0.00723	0.01434	0.02168	0.02998	0.56456	0.06223	0.17906	0.01689	0.00936	0.00253	0.00379	0.01476	0.00849	0.00734
26	0.00966	0.00690	0.00920	0.01104	0.01150	0.00644	0.00736	0.01104	0.01518	0.02024	0.04371	0.71614	0.05245	0.02484	0.01012	0.00322	0.00460	0.02254	0.00736	0.00644
27	0.77733	0.01534	0.01166	0.01043	0.01534	0.01779	0.00859	0.02331	0.01350	0.03558	0.01104	0.01288	0.00859	0.00736	0.00491	0.00245	0.00613	0.00429	0.00491	0.00859
28	0.77733	0.01534	0.01166	0.01043	0.01534	0.01779	0.00859	0.02331	0.01350	0.03558	0.01104	0.01288	0.00859	0.00736	0.00491	0.00245	0.00613	0.00429	0.00491	0.00859
29	0.01239	0.00777	0.00935	0.00912	0.01089	0.00738	0.00678	0.01595	0.01985	0.03019	0.39374	0.09426	0.05369	0.01431	0.00804	0.00231	0.00378	0.01241	0.28041	0.00738
30	0.02120	0.72609	0.04155	0.01357	0.02035	0.03138	0.01357	0.02374	0.01611	0.01866	0.01102	0.01272	0.01018	0.00678	0.00509	0.00170	0.00848	0.00424	0.00339	0.01018
31	0.01342	0.00926	0.01101	0.01022	0.01250	0.00879	0.00761	0.06459	0.02106	0.05332	0.35062	0.09519	0.17169	0.07972	0.01182	0.00299	0.00470	0.01384	0.04992	0.00773
32	0.02317	0.14726	0.02539	0.01794	0.02309	0.18637	0.05144	0.08296	0.30194	0.02811	0.02162	0.02155	0.01674	0.00908	0.00739	0.00233	0.00925	0.00707	0.00602	0.01127
33	0.77733	0.01534	0.01166	0.01043	0.01534	0.01779	0.00859	0.02331	0.01350	0.03558	0.01104	0.01288	0.00859	0.00736	0.00491	0.00245	0.00613	0.00429	0.00491	0.00859
34	0.02085	0.01469	0.01740	0.01270	0.01953	0.01195	0.01026	0.07667	0.01928	0.13793	0.01742	0.01845	0.01323	0.00685	0.00640	0.00149	0.00626	0.00546	0.00584	0.57733
35	0.06169	0.01741	0.02221	0.01873	0.02036	0.02270	0.01553	0.13894	0.01736	0.02670	0.01327	0.01835	0.01165	0.01233	0.01984	0.00308	0.48122	0.00687	0.06227	0.00949
36	0.00962	0.00705	0.00904	0.01063	0.01139	0.00648	0.00718	0.01109	0.01558	0.02040	0.04869	0.62914	0.13623	0.02420	0.01002	0.00315	0.00452	0.02175	0.00736	0.00648
37	0.01134	0.00843	0.01243	0.01243	0.01374	0.00974	0.00952	0.01396	0.01265	0.01818	0.02152	0.03273	0.02051	0.10975	0.64055	0.01236	0.02021	0.00873	0.00429	0.00691
38	0.15284	0.01904	0.02621	0.02082	0.02649	0.04923	0.21246	0.03305	0.31314	0.03051	0.02250	0.02337	0.01697	0.00875	0.00788	0.00261	0.00886	0.00810	0.00605	0.01112
39	0.00951	0.00804	0.00822	0.00818	0.01080	0.00675	0.00613	0.01165	0.01840	0.02220	0.12420	0.07504	0.62428	0.01979	0.00937	0.00266	0.00400	0.01656	0.00747	0.00675
40	0.01378	0.00885	0.01309	0.01266	0.01415	0.00994	0.00973	0.01549	0.01306	0.06767	0.02037	0.02919	0.01847	0.04875	0.50286	0.14450	0.03783	0.00813	0.00451	0.00698
41	0.01644	0.01409	0.01644	0.01175	0.01879	0.01057	0.00940	0.01997	0.01644	0.02584	0.01409	0.01644	0.01175	0.00587	0.00587	0.00117	0.00587	0.00470	0.00470	0.76979
42	0.01950	0.02094	0.02397	0.02075	0.02147	0.14106	0.01699	0.02129	0.01396	0.01914	0.01073	0.01681	0.01038	0.01288	0.02271	0.00322	0.58524	0.00662	0.00358	0.00877
43	0.77733	0.01534	0.01166	0.01043	0.01534	0.01779	0.00859	0.02331	0.01350	0.03558	0.01104	0.01288	0.00859	0.00736	0.00491	0.00245	0.00613	0.00429	0.00491	0.00859
44	0.03014	0.02221	0.02380	0.01825	0.02459	0.02459	0.01507	0.64541	0.03728	0.04998	0.01904	0.01904	0.01349	0.00952	0.00793	0.00238	0.00873	0.00714	0.00793	0.01349
45	0.01869	0.01570	0.01690	0.01515	0.01926	0.01779	0.01177	0.06416	0.51849	0.03368	0.14323	0.03432	0.03262	0.01166	0.00829	0.00264	0.00594	0.00983	0.00818	0.01170
46	0.05971	0.55632	0.03600	0.01375	0.02033	0.02767	0.01315	0.06018	0.01806	0.11076	0.01422	0.01502	0.01157	0.00738	0.00563	0.00187	0.00815	0.00491	0.00459	0.01074
47	0.02117	0.01871	0.02865	0.16652	0.40449	0.01994	0.02176	0.16694	0.02207	0.03038	0.01571	0.01978	0.01239	0.00780	0.00788	0.00242	0.00948	0.00708	0.00477	0.01206
48	0.01124	0.00934	0.01025	0.01178	0.01253	0.06036	0.00799	0.01267	0.01576	0.02018	0.04122	0.66074	0.04911	0.02353	0.00989	0.00313	0.00537	0.02117	0.00710	0.00666
49	0.01619	0.06753	0.01770	0.01182	0.01826	0.01178	0.00953	0.01945	0.01630	0.02479	0.01652	0.07909	0.01529	0.00765	0.00620	0.00140	0.00596	0.00627	0.00484	0.64344
50	0.01142	0.00811	0.01081	0.01081	0.01156	0.00886	0.00750	0.01292	0.01217	0.01698	0.02301	0.04094	0.02408	0.37190	0.38328	0.01036	0.01484	0.00993	0.00451	0.00601
51	0.01447	0.13573	0.01732	0.01179	0.01494	0.01388	0.00948	0.02132	0.13765	0.02923	0.40799	0.07480	0.05318	0.01394	0.00840	0.00242	0.00508	0.01194	0.00761	0.00884
52	0.02035	0.01734	0.01828	0.01626	0.02086	0.02002	0.01270	0.07834	0.62030	0.03418	0.03148	0.02895	0.02356	0.01068	0.00806	0.00267	0.00642	0.00886	0.00806	0.01261
53	0.01223	0.00874	0.01215	0.01398	0.01556	0.00866	0.01183	0.01548	0.01772	0.02312	0.04229	0.19946	0.04683	0.02242	0.01081	0.00358	0.00683	0.51386	0.00731	0.00715
54	0.77733	0.01534	0.01166	0.01043	0.01534	0.01779	0.00859	0.02331	0.01350	0.03558	0.01104	0.01288	0.00859	0.00736	0.00491	0.00245	0.00613	0.00429	0.00491	0.00859
55	0.03014	0.02221	0.02380	0.01825	0.02459	0.02459	0.01507	0.64541	0.03728	0.04998	0.01904	0.01904	0.01349	0.00952	0.00793	0.00238	0.00873	0.00714	0.00793	0.01349
56	0.77733	0.01534	0.01166	0.01043	0.01534	0.01779	0.00859	0.02331	0.01350	0.03558	0.01104	0.01288	0.00859	0.00736	0.00491	0.00245	0.00613	0.00429	0.00491	0.00859
57	0.03014	0.02221	0.02380	0.01825	0.02459	0.02459	0.01507	0.64541	0.03728	0.04998	0.01904	0.01904	0.01349	0.00952	0.00793	0.00238	0.00873	0.00714	0.00793	0.01349
58	0.00995	0.00718	0.00982	0.01134	0.01197	0.00705	0.00781	0.01159	0.01475	0.01992	0.03976	0.59589	0.04672	0.03092	0.12945	0.00489	0.00752	0.02008	0.00681	0.00655
59	0.03558	0.01350	0.01840	0.01411	0.02024	0.01166	0.01166	0.03865	0.02270	0.67734	0.03128	0.02699	0.01963	0.00981	0.00797	0.00245	0.00675	0.00797	0.00981	0.01350
60	0.03558	0.01350	0.01840	0.01411	0.02024	0.01166	0.01166	0.03865	0.02270	0.67734	0.03128	0.02699	0.01963	0.00981	0.00797	0.00245	0.00675	0.00797	0.00981	0.01350
61	0.01278	0.00913	0.01278	0.01460	0.01643	0.00913	0.01278	0.01643	0.01825	0.02373	0.04199	0.08945	0.04564	0.02191	0.01095	0.00365	0.00730	0.61847	0.00730	0.00730
62	0.03131	0.02034	0.02264	0.01736	0.02366	0.02181	0.01434	0.51498	0.03415	0.18483	0.02167	0.02075	0.01481	0.00958	0.00794	0.00240	0.00830	0.00732	0.00834	0.01349
63	0.01102	0.00842	0.01015	0.00966	0.01185	0.00772	0.00726	0.01497	0.04515	0.02890	0.47649	0.06298	0.24198	0.01711	0.00931	0.00255	0.00392	0.01482	0.00832	0.00745
64	0.01109	0.00750	0.00878	0.00921	0.00932	0.00739	0.00541	0.01142	0.01239	0.01652	0.02940	0.20836	0.03439	0.55726	0.03324	0.00664	0.00696	0.01413	0.00541	0.00519
65	0.01590	0.04102	0.68023	0.02260	0.03432	0.01842	0.02930	0.02511	0.01674	0.02511	0.01423	0.01674	0.01005	0.00753	0.00753	0.00251	0.01172	0.00586	0.00335	0.01172
66	0.02392	0.01719	0.02253	0.01851	0.02194	0.02034	0.03841	0.11327	0.13368	0.18320	0.02069	0.02222	0.01556	0.01149	0.01542	0.00291	0.29340	0.00767	0.00643	0.01125
67	0.46289	0.05098	0.05344	0.13360	0.02448	0.01900	0.01302	0.06166	0.06456	0.03218	0.01385	0.01618	0.01057	0.00783	0.00601	0.00247	0.00750	0.00539	0.00493	0.00947
68	0.01169	0.00818	0.01191	0.01191	0.01296	0.00923	0.00887	0.01332	0.01227	0.01740	0.02069	0.03275	0.02011	0.13677	0.52019	0.11498	0.01762	0.00865	0.00421	0.00631
69	0.01839	0.01792	0.03151	0.20815	0.45968	0.01866	0.08284	0.02343	0.01758	0.02447	0.01482	0.02017	0.01202	0.00724	0.00801	0.00246	0.01008	0.00728	0.00383	0.01146
70	0.01899	0.42345	0.20276	0.01559	0.02370	0.02436	0.01692	0.02344	0.01633	0.02159	0.01239	0.01442	0.01042	0.00682	0.00586	0.00182	0.00886	0.00474	0.00361	0.14392
71	0.06415	0.59932	0.03747	0.01427	0.02060	0.11420	0.01352	0.02473	0.01678	0.01969	0.01118	0.01293	0.01009	0.00699	0.00534	0.00178	0.00909	0.00435	0.00356	0.00996
72	0.01241	0.00887	0.01236	0.01419	0.01585	0.00881	0.01214	0.01580	0.01789	0.02332	0.04219	0.16292	0.04644	0.02225	0.01086	0.00360	0.00699	0.54861	0.00731	0.00720
73	0.02032	0.11271	0.16718	0.01766	0.02409	0.07200	0.01669	0.06407	0.35863	0.02934	0.02350	0.02299	0.01776	0.00930	0.00750	0.00246	0.00847	0.00731	0.00614	0.01186
74	0.01590	0.04102	0.68023	0.02260	0.03432	0.01842	0.02930	0.02511	0.01674	0.02511	0.01423	0.01674	0.01005	0.00753	0.00753	0.00251	0.01172	0.00586	0.00335	0.01172
75	0.02700	0.14231	0.16417	0.01808	0.02549	0.07519	0.07278	0.03150	0.01996	0.31429	0.02129	0.02084	0.01453	0.00840	0.00745	0.00232	0.00933	0.00678	0.00636	0.01194
76	0.05983	0.14574	0.43144	0.02009	0.02954	0.02040	0.04634	0.06742	0.01805	0.02631	0.01561	0.02058	0.01243	0.00837	0.00730	0.00244	0.01048	0.04249	0.00402	0.01112
77	0.03558	0.01350	0.01840	0.01411	0.02024	0.01166	0.01166	0.03865	0.02270	0.67734	0.03128	0.02699	0.01963	0.00981	0.00797	0.00245	0.00675	0.00797	0.00981	0.01350
78	0.01466	0.01295	0.02003	0.02763	0.31660	0.01251	0.01502	0.01835	0.01905	0.02633	0.21329	0.10282	0.14175	0.01340	0.00873	0.00253	0.00649	0.01211	0.00616	0.00961
79	0.01913	0.02613	0.25602	0.08471	0.31142	0.01845	0.06203	0.04383	0.01831	0.06198	0.01572	0.01924	0.01193	0.00750	0.00785	0.00246	0.01037	0.00684	0.00415	0.01196
80	0.00990	0.00707	0.00947	0.01131	0.01188	0.00664	0.00777	0.01145	0.01542	0.02051	0.04358	0.66854	0.05193	0.02462	0.01018	0.00325	0.00481	0.06781	0.00736	0.00651
81	0.01550	0.00905	0.01197	0.01070	0.01332	0.00821	0.00821	0.01912	0.02249	0.14512	0.55595	0.05357	0.06513	0.01509	0.00911	0.00249	0.00427	0.01322	0.00892	0.00854
82	0.02188	0.01943	0.03850	0.03349	0.18046	0.01830	0.39212	0.02749	0.01927	0.13996	0.01846	0.02197	0.01349	0.00732	0.00877	0.00256	0.01131	0.00860	0.00501	0.01161
83	0.01861	0.26554	0.23488	0.14548	0.03359	0.06001	0.09180	0.02415	0.01691	0.02175	0.01322	0.01658	0.01042	0.00729	0.00697	0.00225	0.01074	0.00589	0.00351	0.01041
84	0.03532	0.01391	0.01866	0.01431	0.02045	0.01227	0.01182	0.06758	0.02339	0.64742	0.03070	0.02661	0.01934	0.00980	0.00797	0.00245	0.00684	0.00793	0.00972	0.01349
85	0.00951	0.00804	0.00823	0.00818	0.01080	0.00675	0.00614	0.01165	0.01841	0.02221	0.12495	0.07502	0.62352	0.01979	0.00937	0.00266	0.00400	0.01655	0.00747	0.00675
86	0.06163	0.01383	0.01334	0.05133	0.01729	0.12816	0.01021	0.01824	0.01711	0.07109	0.03357	0.43207	0.03729	0.01866	0.00904	0.00290	0.00701	0.04289	0.00661	0.00776
87	0.03558	0.01350	0.01840	0.01411	0.02024	0.01166	0.01166	0.03865	0.02270	0.67734	0.03128	0.02699	0.01963	0.00981	0.00797	0.00245	0.00675	0.00797	0.00981	0.01350
88	0.77733	0.01534	0.01166	0.01043	0.01534	0.01779	0.00859	0.02331	0.01350	0.03558	0.01104	0.01288	0.00859	0.00736	0.00491	0.00245	0.00613	0.00429	0.00491	0.00859
89	0.00996	0.00806	0.00885	0.00865	0.01107	0.00694	0.00649	0.01251	0.01946	0.02471	0.26626	0.07091	0.48065	0.01886	0.00937	0.00262	0.00393	0.01598	0.00780	0.00694
90	0.01160	0.00772	0.00903	0.00903	0.00915	0.00783	0.00529	0.01169	0.01158	0.01556	0.02428	0.04923	0.02756	0.64342	0.09129	0.03625	0.00873	0.01112	0.00471	0.00493
91	0.02962	0.03779	0.02247	0.02043	0.02451	0.68948	0.01532	0.03166	0.02247	0.01941	0.01226	0.01430	0.01021	0.00817	0.00715	0.00204	0.01430	0.00511	0.00409	0.00919
92	0.02120	0.72609	0.04155	0.01357	0.02035	0.03138	0.01357	0.02374	0.01611	0.01866	0.01102	0.01272	0.01018	0.00678	0.00509	0.00170	0.00848	0.00424	0.00339	0.01018
93	0.00966	0.00690	0.00920	0.01104	0.01150	0.00644	0.00736	0.01104	0.01518	0.02024	0.04371	0.71614	0.05245	0.02484	0.01012	0.00322	0.00460	0.02254	0.00736	0.00644
94	0.77733	0.01534	0.01166	0.01043	0.01534	0.01779	0.00859	0.02331	0.01350	0.03558	0.01104	0.01288	0.00859	0.00736	0.00491	0.00245	0.00613	0.00429	0.00491	0.00859
95	0.03014	0.02221	0.02380	0.01825	0.02459	0.02459	0.01507	0.64541	0.03728	0.04998	0.01904	0.01904	0.01349	0.00952	0.00793	0.00238	0.00873	0.00714	0.00793	0.01349
96	0.77733	0.01534	0.01166	0.01043	0.01534	0.01779	0.00859	0.02331	0.01350	0.03558	0.01104	0.01288	0.00859	0.00736	0.00491	0.00245	0.00613	0.00429	0.00491	0.00859
97	0.16131	0.02100	0.02167	0.01687	0.02297	0.02340	0.01393	0.53620	0.03311	0.04745	0.01763	0.01796	0.01263	0.00914	0.00740	0.00239	0.00827	0.00664	0.00740	0.01263
98	0.02702	0.03246	0.01982	0.01814	0.02183	0.56974	0.01361	0.02935	0.02145	0.02119	0.01465	0.01698	0.01199	0.00836	0.00687	0.00201	0.01244	0.00551	0.13772	0.00888
99	0.01221	0.00911	0.01124	0.00998	0.01282	0.00796	0.00759	0.01578	0.02071	0.02983	0.46981	0.05124	0.10558	0.01427	0.00851	0.00224	0.00413	0.01241	0.05332	0.14124
100	0.02268	0.60526	0.03820	0.01477	0.02108	0.14690	0.01388	0.02514	0.01723	0.01879	0.01124	0.01300	0.01018	0.00703	0.00545	0.00176	0.00950	0.00439	0.00351	0.01000
101	0.01099	0.00842	0.01012	0.00981	0.01192	0.00776	0.00731	0.01495	0.05093	0.02804	0.42354	0.11446	0.23703	0.01772	0.00936	0.00261	0.00401	0.01540	0.00821	0.00742
102	0.01640	0.01347	0.01742	0.07385	0.02157	0.01477	0.06779	0.02847	0.30471	0.02823	0.03027	0.15929	0.02663	0.01256	0.00810	0.00263	0.00649	0.01114	0.14626	0.00995
103	0.01369	0.01153	0.01230	0.01150	0.01474	0.01187	0.00880	0.02390	0.26652	0.02772	0.16042	0.05534	0.31919	0.01582	0.00886	0.00265	0.00485	0.01332	0.00787	0.00910
104	0.00937	0.00803	0.00803	0.00803	0.01071	0.00669	0.00602	0.01138	0.01807	0.02142	0.08033	0.07632	0.66863	0.02008	0.00937	0.00268	0.00402	0.01674	0.00736	0.00669
105	0.01740	0.01657	0.02817	0.36103	0.37686	0.01826	0.02323	0.02239	0.01700	0.02321	0.01452	0.02035	0.01161	0.00748	0.00789	0.00249	0.00997	0.00706	0.00373	0.01077
106	0.01952	0.01726	0.02763	0.16283	0.42215	0.01794	0.02127	0.02610	0.08670	0.06172	0.01750	0.02125	0.01380	0.00772	0.00781	0.00240	0.00899	0.00721	0.00466	0.04554

[dist]
# distance from previous block
# <min> <max>
3	7

[block]
# block no. 5 follows, 24 sequences, length 42
# corresponding to MSA columns:
# 293-305,309-337
name=unknown_F
#
# <colnr> <probs for GDERKNQSTAVLIFYWHMCP>
#	G	D	E	R	K	N	Q	S	T	A	V	L	I	F	Y	W	H	M	C	P
0	0.01612	0.01232	0.01432	0.01265	0.01581	0.01290	0.00981	0.12285	0.16216	0.03504	0.42533	0.04632	0.05395	0.01395	0.00885	0.00252	0.00510	0.01201	0.00846	0.00955
1	0.01854	0.25210	0.18630	0.01536	0.02197	0.02002	0.01579	0.02585	0.11199	0.07189	0.12998	0.02770	0.05131	0.00991	0.00723	0.00227	0.00784	0.00782	0.00559	0.01054
2	0.01440	0.01232	0.01933	0.02438	0.23632	0.01230	0.03889	0.01769	0.01687	0.02342	0.12877	0.04174	0.07549	0.13741	0.12309	0.00504	0.00975	0.04868	0.00536	0.00875
3	0.06223	0.10935	0.18369	0.12428	0.02517	0.01527	0.01568	0.01853	0.01589	0.02207	0.02979	0.14628	0.12279	0.06352	0.01020	0.00294	0.00806	0.01068	0.00490	0.00868
4	0.01287	0.01077	0.01617	0.32523	0.03069	0.01249	0.01361	0.01593	0.01429	0.01865	0.02439	0.03664	0.07663	0.22329	0.13067	0.00578	0.01092	0.00945	0.00436	0.00718
5	0.20086	0.03312	0.12920	0.01847	0.02401	0.42215	0.01608	0.02864	0.01944	0.02411	0.01230	0.01438	0.00981	0.00788	0.00669	0.00222	0.01198	0.00504	0.00415	0.00947
6	0.01648	0.07774	0.01487	0.01152	0.01436	0.01235	0.00922	0.07938	0.01770	0.06813	0.02675	0.07891	0.05458	0.02716	0.22987	0.00562	0.01065	0.00904	0.22723	0.00845
7	0.01171	0.01386	0.11125	0.12618	0.02183	0.01041	0.01258	0.01567	0.01824	0.02400	0.18769	0.10785	0.27735	0.01573	0.00892	0.00265	0.00624	0.01346	0.00643	0.00795
8	0.01926	0.01794	0.02754	0.09510	0.43957	0.01898	0.02088	0.02891	0.19456	0.02744	0.01964	0.02251	0.01561	0.00816	0.00792	0.00247	0.00865	0.00759	0.00504	0.01224
9	0.01682	0.01531	0.02148	0.01535	0.02255	0.01215	0.11463	0.02087	0.01682	0.02577	0.01442	0.01727	0.01179	0.00601	0.00645	0.00142	0.00712	0.00547	0.00458	0.64372
10	0.02962	0.03779	0.02247	0.02043	0.02451	0.68948	0.01532	0.03166	0.02247	0.01941	0.01226	0.01430	0.01021	0.00817	0.00715	0.00204	0.01430	0.00511	0.00409	0.00919
11	0.01859	0.20717	0.37807	0.02457	0.13620	0.05847	0.02381	0.02500	0.01712	0.02333	0.01344	0.01609	0.01050	0.00731	0.00696	0.00226	0.01068	0.00562	0.00350	0.01134
12	0.01147	0.00861	0.01072	0.01042	0.01236	0.00820	0.00772	0.01614	0.06988	0.02923	0.47154	0.15491	0.12394	0.01742	0.00937	0.00263	0.00409	0.01536	0.00835	0.00765
13	0.07382	0.02465	0.18668	0.02101	0.08705	0.01985	0.01850	0.28823	0.02633	0.14828	0.01904	0.01950	0.01328	0.00871	0.00764	0.00243	0.00904	0.00678	0.00654	0.01265
14	0.01652	0.14105	0.24313	0.01698	0.02493	0.01686	0.05883	0.02187	0.01688	0.02434	0.04963	0.06123	0.01671	0.00833	0.00697	0.00200	0.00857	0.00691	0.00436	0.25388
15	0.00996	0.00710	0.00944	0.01098	0.01148	0.00683	0.00735	0.01134	0.01467	0.01968	0.04029	0.60413	0.04779	0.08671	0.06795	0.00437	0.00622	0.02047	0.00689	0.00635
16	0.01498	0.01409	0.02378	0.70226	0.05462	0.01762	0.02202	0.02026	0.01586	0.02026	0.01409	0.02114	0.01057	0.00793	0.00793	0.00264	0.01057	0.00705	0.00352	0.00881
17	0.02623	0.11555	0.02573	0.07948	0.12432	0.09625	0.01599	0.16892	0.07673	0.16371	0.01976	0.02043	0.01444	0.00865	0.00747	0.00231	0.00898	0.00682	0.00630	0.01194
18	0.02020	0.01858	0.03426	0.04912	0.12611	0.01822	0.32846	0.07767	0.06582	0.07765	0.02103	0.08781	0.01748	0.00927	0.00885	0.00264	0.01048	0.00989	0.00537	0.01109
19	0.01061	0.00821	0.01040	0.01020	0.01220	0.00800	0.00776	0.01344	0.01774	0.02377	0.24988	0.05608	0.26586	0.03170	0.23157	0.00591	0.00955	0.01328	0.00679	0.00707
20	0.02558	0.02734	0.07404	0.06886	0.12616	0.29029	0.10956	0.02958	0.02047	0.12818	0.01655	0.01880	0.01237	0.00799	0.00779	0.00232	0.01179	0.00667	0.00489	0.01077
21	0.01520	0.01440	0.02383	0.63765	0.05141	0.01825	0.02158	0.02015	0.01550	0.02015	0.01375	0.02078	0.01056	0.00849	0.00964	0.00272	0.07658	0.00704	0.00352	0.00880
22	0.02325	0.12688	0.02325	0.01540	0.02164	0.15270	0.01264	0.18136	0.02288	0.02960	0.01452	0.01612	0.01165	0.00739	0.00653	0.00173	0.00867	0.00533	0.00520	0.31326
23	0.07094	0.05771	0.01930	0.01609	0.06842	0.01280	0.06199	0.02481	0.01998	0.24408	0.14341	0.03994	0.16297	0.01223	0.00822	0.00247	0.00648	0.01045	0.00746	0.01022
24	0.01833	0.01111	0.01428	0.05724	0.01798	0.01102	0.01019	0.02484	0.12672	0.17967	0.29430	0.10715	0.06577	0.01422	0.00880	0.00260	0.00540	0.01235	0.00836	0.00968
25	0.01345	0.01082	0.01242	0.01275	0.01490	0.01149	0.00923	0.02283	0.25845	0.02522	0.04200	0.41051	0.08590	0.01917	0.00929	0.00298	0.00519	0.01699	0.00763	0.00877
26	0.02297	0.05139	0.02242	0.02003	0.06824	0.19858	0.01491	0.13320	0.15317	0.02796	0.02260	0.02387	0.06456	0.01069	0.01082	0.00253	0.12821	0.00756	0.00567	0.01061
27	0.01101	0.00857	0.01033	0.01059	0.01292	0.00762	0.00824	0.01367	0.01819	0.02369	0.15165	0.17825	0.28442	0.01959	0.00958	0.00284	0.00495	0.15086	0.00736	0.06568
28	0.01656	0.01454	0.01888	0.10408	0.08531	0.01226	0.01244	0.02042	0.01652	0.02513	0.01417	0.01735	0.01167	0.00625	0.00632	0.00148	0.00681	0.00522	0.00447	0.60010
29	0.01941	0.01643	0.06395	0.27975	0.13344	0.01517	0.01808	0.02407	0.01749	0.12821	0.01699	0.02042	0.01258	0.00757	0.00740	0.00220	0.00870	0.00655	0.00487	0.19672
30	0.72020	0.01519	0.01217	0.01071	0.01571	0.01732	0.00882	0.02449	0.01420	0.08501	0.01260	0.01397	0.00944	0.00755	0.00514	0.00245	0.00618	0.00458	0.00529	0.00897
31	0.02706	0.01260	0.01611	0.01329	0.01812	0.01166	0.01063	0.03279	0.11357	0.42444	0.09673	0.07965	0.08270	0.01241	0.00838	0.00256	0.00602	0.01042	0.00909	0.01175
32	0.01972	0.01703	0.01793	0.01614	0.02062	0.01972	0.01255	0.04214	0.65752	0.03317	0.03228	0.02959	0.02421	0.01076	0.00807	0.00269	0.00628	0.00897	0.00807	0.01255
