[name]
unknown

[dist]
# distance from previous block
# <min> <max>
0	293

[block]
# block no. 0 follows, 23 sequences, length 48
# corresponding to MSA columns:
# 293-340
name=unknown_A
#
# <colnr> <probs for GDERKNQSTAVLIFYWHMCP>
#	G	D	E	R	K	N	Q	S	T	A	V	L	I	F	Y	W	H	M	C	P
0	0.01250	0.00915	0.01227	0.01383	0.01584	0.00893	0.01193	0.01596	0.01865	0.02389	0.04944	0.08931	0.14817	0.02211	0.01094	0.00357	0.00692	0.51172	0.00748	0.00737
1	0.02908	0.02185	0.02336	0.01831	0.02449	0.02434	0.01500	0.53902	0.13916	0.04830	0.02172	0.02126	0.01561	0.00995	0.00814	0.00249	0.00851	0.00761	0.00814	0.01364
2	0.01541	0.01695	0.08380	0.63369	0.05398	0.01810	0.02322	0.02119	0.01631	0.02119	0.01443	0.02122	0.01077	0.00808	0.00808	0.00269	0.01092	0.00710	0.00359	0.00929
3	0.01862	0.01437	0.01701	0.01224	0.01937	0.01092	0.00983	0.02218	0.01741	0.08544	0.01604	0.01782	0.01276	0.00638	0.00621	0.00132	0.00609	0.00511	0.00529	0.69560
4	0.01627	0.04197	0.67279	0.02313	0.03512	0.01884	0.02998	0.02570	0.01713	0.02570	0.01456	0.01713	0.01028	0.00771	0.00771	0.00257	0.01199	0.00600	0.00343	0.01199
5	0.01657	0.01708	0.06864	0.06235	0.05931	0.01893	0.01639	0.04819	0.07367	0.02347	0.02194	0.18288	0.02237	0.01510	0.01665	0.00318	0.30773	0.01101	0.00515	0.00939
6	0.01674	0.01642	0.09524	0.01517	0.02020	0.01360	0.06218	0.02610	0.19231	0.08664	0.11746	0.04649	0.22992	0.01387	0.00886	0.00268	0.00668	0.01190	0.00735	0.01017
7	0.31982	0.01595	0.01623	0.01410	0.01902	0.01741	0.01171	0.15622	0.07232	0.12464	0.02320	0.03164	0.01935	0.01124	0.00746	0.00273	0.00715	0.11213	0.00706	0.01064
8	0.01876	0.01486	0.01820	0.01361	0.01967	0.01299	0.01103	0.02205	0.01676	0.08442	0.01548	0.01795	0.01256	0.00759	0.00925	0.00167	0.10858	0.00545	0.00510	0.58401
9	0.02188	0.01426	0.01734	0.01264	0.01961	0.01110	0.01021	0.02536	0.01848	0.19246	0.01896	0.01961	0.01410	0.00705	0.00656	0.00154	0.00624	0.00567	0.00616	0.57075
10	0.08946	0.11659	0.40616	0.01976	0.02939	0.02094	0.02300	0.11640	0.02018	0.06373	0.01552	0.01718	0.01120	0.00802	0.00725	0.00244	0.01035	0.00596	0.00462	0.01187
11	0.01178	0.01004	0.01114	0.01230	0.01319	0.05724	0.00857	0.01331	0.01615	0.02068	0.04346	0.57293	0.09526	0.02320	0.01093	0.00318	0.04218	0.02045	0.00708	0.00694
12	0.01178	0.00794	0.00923	0.00923	0.00936	0.00807	0.00539	0.01204	0.01191	0.01601	0.02522	0.05118	0.02867	0.65579	0.09921	0.00833	0.00912	0.01152	0.00487	0.00513
13	0.01159	0.00869	0.01304	0.01304	0.01449	0.01014	0.01014	0.01449	0.01304	0.01884	0.02173	0.03188	0.02029	0.06086	0.68268	0.01304	0.02173	0.00869	0.00435	0.00724
14	0.02785	0.23296	0.02856	0.01890	0.02387	0.49679	0.01517	0.03009	0.02114	0.01964	0.01218	0.01417	0.01044	0.00796	0.00671	0.00199	0.01293	0.00497	0.00398	0.00969
15	0.01821	0.09149	0.51327	0.02063	0.03095	0.01845	0.02538	0.02609	0.01807	0.08487	0.06334	0.02096	0.01606	0.00851	0.00769	0.00250	0.01066	0.00670	0.00444	0.01171
16	0.02002	0.01944	0.03387	0.04883	0.62529	0.01936	0.06308	0.02497	0.01852	0.02648	0.01534	0.02020	0.01282	0.00721	0.00813	0.00243	0.00989	0.00738	0.00402	0.01273
17	0.01602	0.03934	0.61966	0.02247	0.03364	0.01808	0.02862	0.02498	0.01726	0.02558	0.01685	0.02312	0.01321	0.00889	0.00799	0.00266	0.01163	0.05461	0.00375	0.01163
18	0.03596	0.01453	0.01928	0.01478	0.02107	0.01299	0.01221	0.08768	0.02443	0.62001	0.03100	0.02696	0.01958	0.01002	0.00816	0.00250	0.00707	0.00809	0.00989	0.01381
19	0.02679	0.01526	0.02365	0.20938	0.18148	0.01533	0.01788	0.03095	0.02019	0.34083	0.02326	0.02421	0.01585	0.00885	0.00812	0.00254	0.00862	0.00768	0.00686	0.01227
20	0.02008	0.01928	0.03294	0.04981	0.66422	0.01928	0.02490	0.02490	0.01848	0.02651	0.01526	0.02008	0.01285	0.00723	0.00803	0.00241	0.00964	0.00723	0.00402	0.01285
21	0.01159	0.00869	0.01304	0.01304	0.01449	0.01014	0.01014	0.01449	0.01304	0.01884	0.02173	0.03188	0.02029	0.06086	0.68268	0.01304	0.02173	0.00869	0.00435	0.00724
22	0.02913	0.16846	0.02569	0.01780	0.02301	0.36123	0.01432	0.03308	0.06779	0.15837	0.01792	0.01821	0.01354	0.00863	0.00714	0.00216	0.01120	0.00596	0.00558	0.01079
23	0.03073	0.02610	0.02406	0.01914	0.02515	0.16430	0.01548	0.50911	0.03494	0.04452	0.01801	0.01845	0.01309	0.00945	0.00795	0.00236	0.01014	0.00687	0.00728	0.01287
24	0.02996	0.02669	0.02318	0.01881	0.02441	0.21641	0.01505	0.43175	0.03274	0.04103	0.01778	0.01856	0.01315	0.00932	0.00777	0.00231	0.01036	0.00671	0.04180	0.01223
25	0.03085	0.02273	0.02435	0.01867	0.02516	0.02516	0.01542	0.63716	0.03815	0.05114	0.01948	0.01948	0.01380	0.00974	0.00812	0.00244	0.00893	0.00731	0.00812	0.01380
26	0.01532	0.01442	0.02434	0.69533	0.05589	0.01803	0.02253	0.02073	0.01622	0.02073	0.01442	0.02163	0.01082	0.00811	0.00811	0.00270	0.01082	0.00721	0.00361	0.00901
27	0.01057	0.00853	0.00959	0.01011	0.01261	0.00755	0.00811	0.01310	0.01855	0.02258	0.07117	0.08187	0.48824	0.02107	0.01004	0.00302	0.00506	0.18370	0.00752	0.00702
28	0.01157	0.00956	0.01269	0.15452	0.02094	0.00954	0.01023	0.01505	0.01982	0.02596	0.30140	0.05907	0.28704	0.01632	0.00927	0.00266	0.00542	0.01404	0.00727	0.00763
29	0.23015	0.01594	0.02142	0.02836	0.29676	0.01672	0.01600	0.06673	0.01799	0.02987	0.02070	0.16409	0.02042	0.01135	0.00768	0.00263	0.00760	0.00979	0.00534	0.01045
30	0.01054	0.00826	0.00953	0.00921	0.01154	0.00725	0.00691	0.01348	0.02073	0.02723	0.37122	0.06935	0.36859	0.01857	0.00958	0.00265	0.00397	0.01590	0.00823	0.00725
31	0.01915	0.02189	0.04788	0.03420	0.04241	0.02052	0.63475	0.02599	0.01915	0.02599	0.01642	0.02189	0.01231	0.00684	0.00958	0.00274	0.01368	0.00958	0.00410	0.01094
32	0.02634	0.02257	0.09626	0.15605	0.03334	0.13283	0.10957	0.03099	0.02051	0.25934	0.02084	0.02214	0.01431	0.00863	0.00816	0.00252	0.01061	0.00743	0.00612	0.01145
33	0.01837	0.20555	0.35457	0.02368	0.03344	0.02258	0.18205	0.02542	0.01749	0.02413	0.01422	0.01733	0.01084	0.00729	0.00757	0.00240	0.01160	0.00651	0.00361	0.01133
34	0.00973	0.00768	0.00878	0.00967	0.01134	0.00673	0.00681	0.01148	0.01710	0.02135	0.06459	0.37478	0.37560	0.02284	0.00995	0.00300	0.00439	0.01992	0.00753	0.00673
35	0.03118	0.01770	0.02069	0.01636	0.02237	0.01828	0.01335	0.25237	0.15417	0.32268	0.02777	0.02526	0.01879	0.01013	0.00816	0.00253	0.00753	0.00806	0.00900	0.01361
36	0.02202	0.28637	0.20110	0.01972	0.02718	0.19775	0.06761	0.02661	0.01847	0.02155	0.01321	0.01582	0.01085	0.00922	0.02834	0.00249	0.01192	0.00556	0.00372	0.01050
37	0.01532	0.01442	0.02434	0.69533	0.05589	0.01803	0.02253	0.02073	0.01622	0.02073	0.01442	0.02163	0.01082	0.00811	0.00811	0.00270	0.01082	0.00721	0.00361	0.00901
38	0.03313	0.01285	0.01709	0.01338	0.01898	0.01125	0.01096	0.03637	0.02227	0.57131	0.03116	0.02802	0.02020	0.00995	0.00778	0.00242	0.00642	0.00807	0.12555	0.01285
39	0.00970	0.00822	0.00837	0.00833	0.01102	0.00689	0.00625	0.01185	0.01874	0.02251	0.11443	0.07712	0.62832	0.02033	0.00959	0.00273	0.00409	0.01699	0.00761	0.00689
40	0.01742	0.18548	0.53933	0.02117	0.03209	0.02165	0.02657	0.02540	0.01699	0.02430	0.01387	0.01626	0.01031	0.00755	0.00718	0.00239	0.01129	0.00565	0.00344	0.01166
41	0.00989	0.00706	0.00942	0.01130	0.01177	0.00659	0.00753	0.01130	0.01554	0.02071	0.04472	0.70954	0.05367	0.02542	0.01036	0.00330	0.00471	0.02307	0.00753	0.00659
42	0.00989	0.00706	0.00942	0.01130	0.01177	0.00659	0.00753	0.01130	0.01554	0.02071	0.04472	0.70954	0.05367	0.02542	0.01036	0.00330	0.00471	0.02307	0.00753	0.00659
43	0.02726	0.02843	0.02229	0.12409	0.05851	0.40686	0.01610	0.03025	0.02178	0.11804	0.05640	0.02078	0.01620	0.00904	0.00774	0.00229	0.01198	0.00665	0.00526	0.01006
44	0.00986	0.00715	0.00932	0.01105	0.01170	0.00661	0.00742	0.01133	0.01577	0.02081	0.04774	0.65868	0.10258	0.02503	0.01030	0.00325	0.00466	0.02259	0.00753	0.00661
45	0.01731	0.09311	0.06783	0.01304	0.02057	0.01372	0.01158	0.02124	0.01681	0.02559	0.01409	0.01643	0.01172	0.00624	0.00605	0.00136	0.00674	0.00484	0.00456	0.62717
46	0.02037	0.08749	0.27599	0.01819	0.02648	0.05615	0.01928	0.05502	0.03942	0.08364	0.01632	0.01807	0.01226	0.00802	0.00813	0.00218	0.04601	0.00594	0.00479	0.19623
47	0.45720	0.20388	0.02307	0.01348	0.01932	0.02276	0.03987	0.09074	0.01741	0.03292	0.01242	0.01423	0.00993	0.00758	0.00562	0.00231	0.00755	0.00494	0.00490	0.00986

[dist]
# distance from previous block
# <min> <max>
0	5

[block]
# block no. 1 follows, 23 sequences, length 17
# corresponding to MSA columns:
# 346-362
name=unknown_B
#
# <colnr> <probs for GDERKNQSTAVLIFYWHMCP>
#	G	D	E	R	K	N	Q	S	T	A	V	L	I	F	Y	W	H	M	C	P
0	0.01900	0.02208	0.11057	0.10157	0.39784	0.01939	0.16019	0.02486	0.01826	0.02578	0.01536	0.02028	0.01225	0.00728	0.00834	0.00253	0.01092	0.00760	0.00393	0.01198
1	0.01841	0.03018	0.35569	0.02226	0.07121	0.01763	0.06126	0.09024	0.01953	0.02870	0.01522	0.01780	0.01139	0.00741	0.00746	0.00221	0.01010	0.00614	0.00436	0.20278
2	0.02798	0.01510	0.01966	0.01733	0.06140	0.01562	0.01317	0.13515	0.02281	0.32272	0.02485	0.02507	0.01747	0.01287	0.04490	0.00308	0.09383	0.00777	0.10724	0.01197
3	0.01129	0.00771	0.00926	0.00975	0.00996	0.00768	0.00592	0.01184	0.01284	0.01722	0.03028	0.22157	0.03517	0.49537	0.07363	0.00701	0.00792	0.01452	0.00556	0.00550
4	0.01013	0.00804	0.00910	0.00926	0.01140	0.00701	0.00679	0.01253	0.01913	0.02444	0.22399	0.18322	0.40552	0.02038	0.00972	0.00279	0.00414	0.01753	0.00789	0.00701
5	0.00989	0.00706	0.00942	0.01130	0.01177	0.00659	0.00753	0.01130	0.01554	0.02071	0.04472	0.70954	0.05367	0.02542	0.01036	0.00330	0.00471	0.02307	0.00753	0.00659
6	0.02169	0.71972	0.04252	0.01388	0.02083	0.03211	0.01388	0.02430	0.01649	0.01909	0.01128	0.01302	0.01041	0.00694	0.00521	0.00174	0.00868	0.00434	0.00347	0.01041
7	0.01085	0.00827	0.00997	0.00955	0.01174	0.00739	0.00716	0.01409	0.02148	0.02900	0.46751	0.06643	0.27120	0.01791	0.00958	0.00261	0.00392	0.01549	0.00847	0.00739
8	0.77215	0.01569	0.01193	0.01067	0.01569	0.01820	0.00879	0.02385	0.01381	0.03641	0.01130	0.01318	0.00879	0.00753	0.00502	0.00251	0.00628	0.00439	0.00502	0.00879
9	0.01513	0.00756	0.00756	0.00756	0.00945	0.00756	0.00567	0.01891	0.01702	0.03025	0.02647	0.03025	0.02080	0.00945	0.00567	0.00189	0.00378	0.00756	0.75988	0.00756
10	0.77215	0.01569	0.01193	0.01067	0.01569	0.01820	0.00879	0.02385	0.01381	0.03641	0.01130	0.01318	0.00879	0.00753	0.00502	0.00251	0.00628	0.00439	0.00502	0.00879
11	0.03085	0.02273	0.02435	0.01867	0.02516	0.02516	0.01542	0.63716	0.03815	0.05114	0.01948	0.01948	0.01380	0.00974	0.00812	0.00244	0.00893	0.00731	0.00812	0.01380
12	0.77215	0.01569	0.01193	0.01067	0.01569	0.01820	0.00879	0.02385	0.01381	0.03641	0.01130	0.01318	0.00879	0.00753	0.00502	0.00251	0.00628	0.00439	0.00502	0.00879
13	0.00989	0.00706	0.00942	0.01130	0.01177	0.00659	0.00753	0.01130	0.01554	0.02071	0.04472	0.70954	0.05367	0.02542	0.01036	0.00330	0.00471	0.02307	0.00753	0.00659
14	0.03085	0.02273	0.02435	0.01867	0.02516	0.02516	0.01542	0.63716	0.03815	0.05114	0.01948	0.01948	0.01380	0.00974	0.00812	0.00244	0.00893	0.00731	0.00812	0.01380
15	0.77215	0.01569	0.01193	0.01067	0.01569	0.01820	0.00879	0.02385	0.01381	0.03641	0.01130	0.01318	0.00879	0.00753	0.00502	0.00251	0.00628	0.00439	0.00502	0.00879
16	0.01589	0.01919	0.16874	0.01912	0.02481	0.01329	0.16093	0.02121	0.01914	0.06848	0.18017	0.15385	0.03590	0.01308	0.00900	0.00270	0.00835	0.01223	0.04432	0.00961

[dist]
# distance from previous block
# <min> <max>
0	3

[block]
# block no. 2 follows, 23 sequences, length 25
# corresponding to MSA columns:
# 366-390
name=unknown_C
#
# <colnr> <probs for GDERKNQSTAVLIFYWHMCP>
#	G	D	E	R	K	N	Q	S	T	A	V	L	I	F	Y	W	H	M	C	P
0	0.02606	0.01118	0.01452	0.01195	0.01627	0.00999	0.00957	0.02950	0.02178	0.38394	0.17121	0.03559	0.03288	0.01137	0.00792	0.00238	0.00552	0.00948	0.17787	0.01103
1	0.00982	0.00732	0.00915	0.01061	0.01159	0.00665	0.00723	0.01138	0.01620	0.02098	0.05312	0.56800	0.18978	0.02433	0.01018	0.00317	0.00457	0.02174	0.00753	0.00665
2	0.02022	0.03289	0.37911	0.02476	0.03462	0.02066	0.17027	0.16283	0.02232	0.03147	0.01610	0.01879	0.01155	0.00796	0.00824	0.00258	0.01171	0.00714	0.00464	0.01215
3	0.01937	0.03965	0.48992	0.06122	0.03406	0.16750	0.02635	0.02691	0.01839	0.02410	0.01410	0.01683	0.01035	0.00788	0.00764	0.00247	0.01252	0.00589	0.00361	0.01124
4	0.02195	0.01626	0.02389	0.21534	0.07369	0.01969	0.01820	0.05415	0.01753	0.16527	0.01717	0.02128	0.01308	0.01086	0.01512	0.00295	0.27044	0.00738	0.00525	0.01050
5	0.77215	0.01569	0.01193	0.01067	0.01569	0.01820	0.00879	0.02385	0.01381	0.03641	0.01130	0.01318	0.00879	0.00753	0.00502	0.00251	0.00628	0.00439	0.00502	0.00879
6	0.01726	0.01703	0.02391	0.02064	0.02076	0.02368	0.01715	0.01913	0.01248	0.01947	0.01153	0.01888	0.01142	0.01792	0.07892	0.00431	0.64592	0.00723	0.00361	0.00875
7	0.02453	0.01483	0.05549	0.01527	0.01920	0.01411	0.01296	0.02765	0.01965	0.31824	0.14968	0.03299	0.02917	0.05860	0.01474	0.00311	0.16201	0.00932	0.00765	0.01080
8	0.01409	0.00705	0.01057	0.01057	0.01057	0.00705	0.00705	0.01057	0.01057	0.01409	0.01409	0.02467	0.01409	0.02819	0.03171	0.76392	0.00705	0.00705	0.00352	0.00352
9	0.01061	0.00806	0.00976	0.00975	0.01169	0.00722	0.00716	0.01346	0.02028	0.02713	0.37065	0.17580	0.26022	0.01935	0.00971	0.00274	0.00407	0.01688	0.00825	0.00722
10	0.77215	0.01569	0.01193	0.01067	0.01569	0.01820	0.00879	0.02385	0.01381	0.03641	0.01130	0.01318	0.00879	0.00753	0.00502	0.00251	0.00628	0.00439	0.00502	0.00879
11	0.01404	0.00778	0.00860	0.00864	0.01047	0.00763	0.00653	0.01772	0.01827	0.03002	0.16012	0.06918	0.03512	0.01227	0.00696	0.00218	0.00401	0.03920	0.53371	0.00754
12	0.02169	0.71972	0.04252	0.01388	0.02083	0.03211	0.01388	0.02430	0.01649	0.01909	0.01128	0.01302	0.01041	0.00694	0.00521	0.00174	0.00868	0.00434	0.00347	0.01041
13	0.01021	0.00824	0.00907	0.00887	0.01134	0.00711	0.00665	0.01284	0.01995	0.02537	0.26976	0.07242	0.47122	0.01926	0.00958	0.00268	0.00402	0.01633	0.00799	0.00711
14	0.03085	0.02273	0.02435	0.01867	0.02516	0.02516	0.01542	0.63716	0.03815	0.05114	0.01948	0.01948	0.01380	0.00974	0.00812	0.00244	0.00893	0.00731	0.00812	0.01380
15	0.01763	0.01661	0.02702	0.26759	0.27601	0.01700	0.04978	0.02249	0.01735	0.02444	0.01483	0.01998	0.01192	0.00725	0.00768	0.00226	0.00943	0.00679	0.00405	0.17988
16	0.02459	0.49898	0.03677	0.01540	0.02220	0.02991	0.01437	0.21839	0.02335	0.02924	0.01388	0.01506	0.01149	0.00783	0.00613	0.00196	0.00876	0.00528	0.00494	0.01149
17	0.01308	0.00934	0.01308	0.01494	0.01681	0.00934	0.01308	0.01681	0.01868	0.02428	0.04296	0.09153	0.04670	0.02242	0.01121	0.00374	0.00747	0.60960	0.00747	0.00747
18	0.00989	0.00706	0.00942	0.01130	0.01177	0.00659	0.00753	0.01130	0.01554	0.02071	0.04472	0.70954	0.05367	0.02542	0.01036	0.00330	0.00471	0.02307	0.00753	0.00659
19	0.02331	0.38470	0.03177	0.05476	0.02331	0.18870	0.01424	0.02718	0.05847	0.05229	0.01637	0.06164	0.01468	0.00899	0.00657	0.00208	0.00978	0.00645	0.00455	0.01015
20	0.01024	0.00834	0.00912	0.00919	0.01171	0.00722	0.00707	0.01275	0.01927	0.02394	0.17606	0.07641	0.50429	0.02006	0.00974	0.00280	0.00438	0.07261	0.00776	0.00704
21	0.03641	0.01381	0.01883	0.01444	0.02071	0.01193	0.01193	0.03954	0.02322	0.66984	0.03201	0.02762	0.02009	0.01004	0.00816	0.00251	0.00690	0.00816	0.01004	0.01381
22	0.02408	0.01874	0.02087	0.01841	0.06193	0.10488	0.05374	0.19016	0.02590	0.13793	0.12754	0.03544	0.12086	0.01192	0.00855	0.00248	0.00822	0.00991	0.00742	0.01098
23	0.01752	0.03913	0.58085	0.02362	0.03495	0.01942	0.07328	0.06922	0.01877	0.02753	0.01505	0.01765	0.01068	0.00779	0.00787	0.00257	0.01190	0.00635	0.00381	0.01204
24	0.01904	0.02046	0.02529	0.46713	0.04609	0.16748	0.05247	0.02354	0.01765	0.02073	0.01387	0.01983	0.01080	0.00849	0.00918	0.00262	0.05550	0.00688	0.00376	0.00919

[dist]
# distance from previous block
# <min> <max>
0	41

[block]
# block no. 3 follows, 23 sequences, length 117
# corresponding to MSA columns:
# 432-548
name=unknown_D
#
# <colnr> <probs for GDERKNQSTAVLIFYWHMCP>
#	G	D	E	R	K	N	Q	S	T	A	V	L	I	F	Y	W	H	M	C	P
0	0.09625	0.45387	0.03475	0.01642	0.05502	0.02639	0.04304	0.02533	0.06262	0.02340	0.01365	0.01548	0.01168	0.00721	0.00585	0.00191	0.00828	0.00515	0.00417	0.08953
1	0.02629	0.13285	0.02513	0.01655	0.02239	0.02350	0.01394	0.43941	0.03224	0.04301	0.12002	0.02498	0.02324	0.01038	0.00788	0.00234	0.00808	0.00800	0.00750	0.01228
2	0.02379	0.08493	0.12657	0.01733	0.02415	0.02151	0.01597	0.31601	0.09005	0.03737	0.01925	0.02179	0.01500	0.06028	0.01001	0.00269	0.00876	0.00709	0.00639	0.09107
3	0.70580	0.07794	0.01463	0.01095	0.01615	0.01943	0.00924	0.02389	0.01405	0.03487	0.01130	0.01317	0.00893	0.00748	0.00504	0.00244	0.00649	0.00439	0.00488	0.00893
4	0.02169	0.71972	0.04252	0.01388	0.02083	0.03211	0.01388	0.02430	0.01649	0.01909	0.01128	0.01302	0.01041	0.00694	0.00521	0.00174	0.00868	0.00434	0.00347	0.01041
5	0.01081	0.00784	0.01020	0.01051	0.01194	0.00723	0.00754	0.01367	0.02003	0.02770	0.40681	0.29913	0.09629	0.02001	0.00986	0.00283	0.00416	0.01787	0.00835	0.00723
6	0.01224	0.00827	0.01029	0.01099	0.01192	0.00817	0.00798	0.01414	0.01564	0.02138	0.08884	0.12301	0.04053	0.32491	0.02378	0.00527	0.00681	0.19824	0.06131	0.00629
7	0.01379	0.01393	0.05222	0.01947	0.05119	0.01379	0.11272	0.01671	0.01570	0.02184	0.03029	0.38994	0.03410	0.01839	0.01333	0.00318	0.14926	0.01603	0.00579	0.00833
8	0.01815	0.01937	0.03549	0.02721	0.03122	0.02208	0.31741	0.02237	0.01581	0.02271	0.01470	0.04503	0.01303	0.01103	0.01774	0.00315	0.34085	0.00889	0.00397	0.00980
9	0.02169	0.71972	0.04252	0.01388	0.02083	0.03211	0.01388	0.02430	0.01649	0.01909	0.01128	0.01302	0.01041	0.00694	0.00521	0.00174	0.00868	0.00434	0.00347	0.01041
10	0.01291	0.00929	0.01284	0.01462	0.01653	0.00922	0.01274	0.01656	0.01867	0.02417	0.04487	0.09087	0.07661	0.02232	0.01113	0.00369	0.00731	0.58075	0.00747	0.00744
11	0.77215	0.01569	0.01193	0.01067	0.01569	0.01820	0.00879	0.02385	0.01381	0.03641	0.01130	0.01318	0.00879	0.00753	0.00502	0.00251	0.00628	0.00439	0.00502	0.00879
12	0.18982	0.01494	0.01896	0.01576	0.02029	0.01591	0.10901	0.05655	0.16339	0.06311	0.02449	0.08448	0.02018	0.01041	0.00739	0.00254	0.00701	0.00892	0.15672	0.01011
13	0.77215	0.01569	0.01193	0.01067	0.01569	0.01820	0.00879	0.02385	0.01381	0.03641	0.01130	0.01318	0.00879	0.00753	0.00502	0.00251	0.00628	0.00439	0.00502	0.00879
14	0.00989	0.00706	0.00942	0.01130	0.01177	0.00659	0.00753	0.01130	0.01554	0.02071	0.04472	0.70954	0.05367	0.02542	0.01036	0.00330	0.00471	0.02307	0.00753	0.00659
15	0.01683	0.01442	0.01683	0.01202	0.01923	0.01082	0.00961	0.02043	0.01683	0.02644	0.01442	0.01683	0.01202	0.00601	0.00601	0.00120	0.00601	0.00481	0.00481	0.76444
16	0.01180	0.00787	0.00885	0.00885	0.00885	0.00787	0.00492	0.01180	0.01180	0.01573	0.02557	0.05310	0.02950	0.71483	0.04130	0.00787	0.00787	0.01180	0.00492	0.00492
17	0.01532	0.01442	0.02434	0.69533	0.05589	0.01803	0.02253	0.02073	0.01622	0.02073	0.01442	0.02163	0.01082	0.00811	0.00811	0.00270	0.01082	0.00721	0.00361	0.00901
18	0.01954	0.07861	0.01994	0.01332	0.02013	0.04912	0.01086	0.05309	0.05545	0.05017	0.01601	0.01768	0.01292	0.00683	0.00632	0.00149	0.00689	0.00528	0.00521	0.55116
19	0.56773	0.01517	0.01384	0.01172	0.01709	0.01646	0.00966	0.02821	0.01643	0.21240	0.01705	0.01719	0.01193	0.00823	0.00589	0.00251	0.00645	0.00544	0.00642	0.01018
20	0.01498	0.01197	0.01356	0.01254	0.01569	0.01246	0.00974	0.05683	0.21853	0.03152	0.28617	0.05398	0.16375	0.01555	0.00918	0.00271	0.00518	0.04788	0.00833	0.00945
21	0.01180	0.00787	0.00885	0.00885	0.00885	0.00787	0.00492	0.01180	0.01180	0.01573	0.02557	0.05310	0.02950	0.71483	0.04130	0.00787	0.00787	0.01180	0.00492	0.00492
22	0.02169	0.71972	0.04252	0.01388	0.02083	0.03211	0.01388	0.02430	0.01649	0.01909	0.01128	0.01302	0.01041	0.00694	0.00521	0.00174	0.00868	0.00434	0.00347	0.01041
23	0.62134	0.01531	0.01334	0.01144	0.01672	0.01692	0.00943	0.02707	0.01574	0.16625	0.01554	0.01614	0.01110	0.00805	0.00566	0.00251	0.00641	0.00517	0.00605	0.00982
24	0.01909	0.00882	0.00993	0.00904	0.01179	0.00842	0.00700	0.02275	0.01854	0.15517	0.06070	0.03133	0.02358	0.00994	0.00636	0.00205	0.00439	0.00805	0.57426	0.00879
25	0.00959	0.00822	0.00822	0.00822	0.01096	0.00685	0.00617	0.01165	0.01850	0.02192	0.08220	0.07809	0.66092	0.02055	0.00959	0.00274	0.00411	0.01713	0.00754	0.00685
26	0.03085	0.02273	0.02435	0.01867	0.02516	0.02516	0.01542	0.63716	0.03815	0.05114	0.01948	0.01948	0.01380	0.00974	0.00812	0.00244	0.00893	0.00731	0.00812	0.01380
27	0.00990	0.00823	0.00864	0.00854	0.01115	0.00698	0.00641	0.01224	0.01922	0.02363	0.17538	0.07527	0.56668	0.01991	0.00959	0.00271	0.00406	0.01673	0.00776	0.00698
28	0.03085	0.02273	0.02435	0.01867	0.02516	0.02516	0.01542	0.63716	0.03815	0.05114	0.01948	0.01948	0.01380	0.00974	0.00812	0.00244	0.00893	0.00731	0.00812	0.01380
29	0.03641	0.01381	0.01883	0.01444	0.02071	0.01193	0.01193	0.03954	0.02322	0.66984	0.03201	0.02762	0.02009	0.01004	0.00816	0.00251	0.00690	0.00816	0.01004	0.01381
30	0.01074	0.00784	0.01010	0.01044	0.01189	0.00720	0.00748	0.01353	0.01987	0.02731	0.38561	0.29977	0.11773	0.02016	0.00986	0.00284	0.00417	0.01796	0.00830	0.00720
31	0.01915	0.02189	0.04788	0.03420	0.04241	0.02052	0.63475	0.02599	0.01915	0.02599	0.01642	0.02189	0.01231	0.00684	0.00958	0.00274	0.01368	0.00958	0.00410	0.01094
32	0.01409	0.00705	0.01057	0.01057	0.01057	0.00705	0.00705	0.01057	0.01057	0.01409	0.01409	0.02467	0.01409	0.02819	0.03171	0.76392	0.00705	0.00705	0.00352	0.00352
33	0.00989	0.00706	0.00942	0.01130	0.01177	0.00659	0.00753	0.01130	0.01554	0.02071	0.04472	0.70954	0.05367	0.02542	0.01036	0.00330	0.00471	0.02307	0.00753	0.00659
34	0.01513	0.00756	0.00756	0.00756	0.00945	0.00756	0.00567	0.01891	0.01702	0.03025	0.02647	0.03025	0.02080	0.00945	0.00567	0.00189	0.00378	0.00756	0.75988	0.00756
35	0.01159	0.00869	0.01304	0.01304	0.01449	0.01014	0.01014	0.01449	0.01304	0.01884	0.02173	0.03188	0.02029	0.06086	0.68268	0.01304	0.02173	0.00869	0.00435	0.00724
36	0.03044	0.08370	0.02556	0.01794	0.02446	0.02481	0.01503	0.53943	0.03515	0.09339	0.01967	0.01950	0.01396	0.00952	0.00786	0.00238	0.00876	0.00711	0.00785	0.01350
37	0.02541	0.36073	0.03408	0.01854	0.02433	0.32542	0.05994	0.02809	0.01963	0.01994	0.01223	0.01439	0.01057	0.00758	0.00648	0.00197	0.01174	0.00512	0.00384	0.01000
38	0.02421	0.08163	0.02889	0.06408	0.29798	0.02186	0.01930	0.21743	0.07055	0.06761	0.01836	0.02048	0.01408	0.00845	0.00784	0.00240	0.00901	0.00719	0.00585	0.01279
39	0.02346	0.01929	0.03014	0.04124	0.49662	0.01949	0.02207	0.12512	0.02213	0.09499	0.01762	0.02074	0.01373	0.00792	0.00806	0.00242	0.00925	0.00734	0.00528	0.01310
40	0.10020	0.10270	0.34790	0.07910	0.03075	0.02007	0.02223	0.05792	0.01807	0.08880	0.01559	0.01784	0.01133	0.00832	0.00826	0.00253	0.04645	0.00609	0.00451	0.01133
41	0.01822	0.05730	0.13720	0.02596	0.03121	0.02266	0.24549	0.02311	0.01584	0.02286	0.01342	0.01894	0.01119	0.01012	0.01633	0.00301	0.30553	0.00770	0.00373	0.01020
42	0.02201	0.02178	0.01848	0.01651	0.02078	0.19000	0.01273	0.08754	0.32128	0.03045	0.07735	0.03248	0.09047	0.01162	0.00824	0.00254	0.00834	0.00922	0.00716	0.01103
43	0.02832	0.01406	0.01800	0.01344	0.02010	0.01147	0.01097	0.03166	0.02058	0.40430	0.02475	0.02316	0.01676	0.00838	0.00727	0.00197	0.00654	0.00678	0.00788	0.32361
44	0.01588	0.01457	0.02304	0.41160	0.15380	0.01674	0.01964	0.02237	0.07343	0.02418	0.08503	0.02935	0.05711	0.00979	0.00834	0.00264	0.00912	0.00872	0.00486	0.00977
45	0.01841	0.01743	0.02884	0.27516	0.40270	0.01890	0.02319	0.02476	0.06367	0.02501	0.01626	0.02137	0.01300	0.00782	0.00808	0.00254	0.00982	0.00736	0.00418	0.01150
46	0.01532	0.01442	0.02434	0.69533	0.05589	0.01803	0.02253	0.02073	0.01622	0.02073	0.01442	0.02163	0.01082	0.00811	0.00811	0.00270	0.01082	0.00721	0.00361	0.00901
47	0.00989	0.00706	0.00942	0.01130	0.01177	0.00659	0.00753	0.01130	0.01554	0.02071	0.04472	0.70954	0.05367	0.02542	0.01036	0.00330	0.00471	0.02307	0.00753	0.00659
48	0.08434	0.01533	0.01574	0.01530	0.01876	0.05456	0.01215	0.03061	0.32608	0.02944	0.03372	0.11512	0.03125	0.01502	0.00890	0.00300	0.00698	0.16602	0.00745	0.01023
49	0.01868	0.01432	0.02346	0.58704	0.05029	0.01706	0.02085	0.02372	0.01734	0.12397	0.01722	0.02259	0.01229	0.00842	0.00812	0.00267	0.01019	0.00736	0.00463	0.00978
50	0.01180	0.00787	0.00885	0.00885	0.00885	0.00787	0.00492	0.01180	0.01180	0.01573	0.02557	0.05310	0.02950	0.71483	0.04130	0.00787	0.00787	0.01180	0.00492	0.00492
51	0.01180	0.00787	0.00885	0.00885	0.00885	0.00787	0.00492	0.01180	0.01180	0.01573	0.02557	0.05310	0.02950	0.71483	0.04130	0.00787	0.00787	0.01180	0.00492	0.00492
52	0.07756	0.01789	0.02004	0.04968	0.02349	0.01968	0.01413	0.29834	0.14870	0.09575	0.02611	0.03340	0.02120	0.01179	0.00842	0.00273	0.00794	0.10332	0.00778	0.01203
53	0.02966	0.02214	0.02369	0.01843	0.02471	0.02461	0.01514	0.57126	0.10597	0.04923	0.02098	0.02068	0.01502	0.00988	0.00813	0.00247	0.00865	0.00751	0.00813	0.01369
54	0.00989	0.00706	0.00942	0.01130	0.01177	0.00659	0.00753	0.01130	0.01554	0.02071	0.04472	0.70954	0.05367	0.02542	0.01036	0.00330	0.00471	0.02307	0.00753	0.00659
55	0.01161	0.00860	0.01258	0.01258	0.01386	0.00989	0.00956	0.01419	0.01290	0.01849	0.02216	0.03423	0.02131	0.13340	0.61153	0.01247	0.02020	0.00904	0.00441	0.00699
56	0.02171	0.01987	0.02130	0.07927	0.05805	0.12362	0.04781	0.03483	0.32846	0.07513	0.02901	0.03042	0.05142	0.01073	0.00832	0.00264	0.00863	0.03054	0.00682	0.01144
57	0.01700	0.01060	0.01142	0.01035	0.01310	0.01102	0.00800	0.10832	0.06735	0.03398	0.15580	0.03494	0.03152	0.01107	0.00701	0.00217	0.00472	0.00910	0.44371	0.00886
58	0.00989	0.00706	0.00942	0.01130	0.01177	0.00659	0.00753	0.01130	0.01554	0.02071	0.04472	0.70954	0.05367	0.02542	0.01036	0.00330	0.00471	0.02307	0.00753	0.00659
59	0.01883	0.01800	0.03067	0.22006	0.50377	0.01895	0.02428	0.02380	0.01788	0.02499	0.01504	0.02049	0.01232	0.00746	0.00805	0.00249	0.00995	0.00722	0.00391	0.01184
60	0.02264	0.01649	0.02326	0.39684	0.04152	0.01892	0.01876	0.17703	0.04562	0.13029	0.01910	0.02235	0.01351	0.00892	0.00813	0.00261	0.00958	0.00745	0.00590	0.01109
61	0.77215	0.01569	0.01193	0.01067	0.01569	0.01820	0.00879	0.02385	0.01381	0.03641	0.01130	0.01318	0.00879	0.00753	0.00502	0.00251	0.00628	0.00439	0.00502	0.00879
62	0.22959	0.01823	0.01942	0.01529	0.02133	0.01941	0.01263	0.29777	0.02727	0.22976	0.02100	0.02021	0.01432	0.00924	0.00731	0.00248	0.00763	0.00678	0.00786	0.01247
63	0.01560	0.01471	0.02484	0.65750	0.09153	0.01810	0.02267	0.02098	0.01636	0.02107	0.01447	0.02154	0.01094	0.00806	0.00811	0.00269	0.01075	0.00721	0.00363	0.00924
64	0.03641	0.01381	0.01883	0.01444	0.02071	0.01193	0.01193	0.03954	0.02322	0.66984	0.03201	0.02762	0.02009	0.01004	0.00816	0.00251	0.00690	0.00816	0.01004	0.01381
65	0.01550	0.00918	0.01213	0.01089	0.01351	0.00834	0.00834	0.01922	0.02301	0.13533	0.55866	0.05529	0.06745	0.01553	0.00934	0.00255	0.00432	0.01362	0.00911	0.00865
66	0.00978	0.00747	0.00899	0.01020	0.01148	0.00668	0.00705	0.01142	0.01659	0.02114	0.05806	0.48478	0.26982	0.02369	0.01008	0.00310	0.00449	0.02095	0.00753	0.00668
67	0.01915	0.02189	0.04788	0.03420	0.04241	0.02052	0.63475	0.02599	0.01915	0.02599	0.01642	0.02189	0.01231	0.00684	0.00958	0.00274	0.01368	0.00958	0.00410	0.01094
68	0.01059	0.00736	0.00921	0.01040	0.01070	0.00706	0.00657	0.01148	0.01417	0.01889	0.03771	0.46911	0.04482	0.27793	0.02169	0.00497	0.00586	0.01894	0.00657	0.00598
69	0.01159	0.00869	0.01304	0.01304	0.01449	0.01014	0.01014	0.01449	0.01304	0.01884	0.02173	0.03188	0.02029	0.06086	0.68268	0.01304	0.02173	0.00869	0.00435	0.00724
70	0.01683	0.01442	0.01683	0.01202	0.01923	0.01082	0.00961	0.02043	0.01683	0.02644	0.01442	0.01683	0.01202	0.00601	0.00601	0.00120	0.00601	0.00481	0.00481	0.76444
71	0.01667	0.09136	0.62687	0.02245	0.03408	0.01981	0.02881	0.02560	0.01708	0.02522	0.01432	0.01683	0.01029	0.00765	0.00753	0.00251	0.01175	0.00588	0.00343	0.01188
72	0.02299	0.01883	0.01993	0.01708	0.02217	0.02150	0.01352	0.19978	0.48832	0.03848	0.02945	0.02743	0.02188	0.01067	0.00822	0.00267	0.00708	0.00868	0.00822	0.01310
73	0.02161	0.07821	0.02056	0.01377	0.02057	0.01569	0.01135	0.11895	0.06681	0.09464	0.01804	0.01896	0.01389	0.00743	0.00664	0.00168	0.00681	0.00580	0.00597	0.45259
74	0.01805	0.03948	0.61497	0.02236	0.03385	0.01823	0.02838	0.02692	0.01767	0.08265	0.01610	0.01806	0.01115	0.00792	0.00775	0.00256	0.01154	0.00619	0.00401	0.01215
75	0.01901	0.02145	0.04547	0.03285	0.04020	0.02097	0.57014	0.02531	0.01845	0.02531	0.01581	0.02145	0.01214	0.00761	0.01136	0.00282	0.08554	0.00932	0.00405	0.01073
76	0.02162	0.01098	0.01518	0.01476	0.01824	0.01029	0.01265	0.02514	0.02034	0.26073	0.03895	0.06812	0.03695	0.01788	0.01009	0.00329	0.00726	0.38931	0.00841	0.00979
77	0.01509	0.03044	0.43073	0.01874	0.02737	0.01577	0.02211	0.02397	0.07420	0.02722	0.13502	0.03220	0.09116	0.01088	0.00828	0.00260	0.00926	0.00894	0.00524	0.01078
78	0.01292	0.02363	0.32431	0.01691	0.02285	0.01241	0.01819	0.01813	0.01629	0.02308	0.03041	0.38086	0.03307	0.01701	0.00910	0.00295	0.00817	0.01496	0.00558	0.00915
79	0.00959	0.00822	0.00822	0.00822	0.01096	0.00685	0.00617	0.01165	0.01850	0.02192	0.08220	0.07809	0.66092	0.02055	0.00959	0.00274	0.00411	0.01713	0.00754	0.00685
80	0.03078	0.02166	0.02355	0.01818	0.02456	0.02373	0.01498	0.55309	0.06898	0.10494	0.02130	0.02077	0.01493	0.00983	0.00813	0.00246	0.00862	0.00748	0.00829	0.01375
81	0.23949	0.02353	0.15457	0.02198	0.12576	0.02023	0.01776	0.18839	0.05296	0.05800	0.01653	0.01808	0.01223	0.00836	0.00714	0.00250	0.00871	0.00631	0.00568	0.01179
82	0.02071	0.01454	0.01430	0.01280	0.01643	0.06048	0.00994	0.06615	0.23474	0.08856	0.02781	0.02830	0.02095	0.00998	0.00703	0.00228	0.00602	0.00799	0.34058	0.01041
83	0.03641	0.01381	0.01883	0.01444	0.02071	0.01193	0.01193	0.03954	0.02322	0.66984	0.03201	0.02762	0.02009	0.01004	0.00816	0.00251	0.00690	0.00816	0.01004	0.01381
84	0.02071	0.01215	0.01566	0.01512	0.01871	0.01220	0.01272	0.02814	0.14652	0.19793	0.03806	0.06223	0.03522	0.01683	0.00980	0.00321	0.00711	0.32911	0.00831	0.01024
85	0.01741	0.01655	0.02811	0.41234	0.32257	0.01858	0.02357	0.02256	0.01721	0.02326	0.01479	0.02095	0.01171	0.00773	0.00808	0.00258	0.01030	0.00722	0.00379	0.01070
86	0.02008	0.01091	0.01248	0.01082	0.01408	0.01083	0.00850	0.11075	0.02229	0.13689	0.15620	0.03450	0.03110	0.01105	0.00723	0.00220	0.00504	0.00908	0.37649	0.00949
87	0.77215	0.01569	0.01193	0.01067	0.01569	0.01820	0.00879	0.02385	0.01381	0.03641	0.01130	0.01318	0.00879	0.00753	0.00502	0.00251	0.00628	0.00439	0.00502	0.00879
88	0.01180	0.00787	0.00885	0.00885	0.00885	0.00787	0.00492	0.01180	0.01180	0.01573	0.02557	0.05310	0.02950	0.71483	0.04130	0.00787	0.00787	0.01180	0.00492	0.00492
89	0.03001	0.01860	0.02119	0.01666	0.02258	0.01963	0.01362	0.35101	0.10943	0.22942	0.06238	0.02563	0.02070	0.01039	0.00823	0.00250	0.00772	0.00822	0.00875	0.01332
90	0.77215	0.01569	0.01193	0.01067	0.01569	0.01820	0.00879	0.02385	0.01381	0.03641	0.01130	0.01318	0.00879	0.00753	0.00502	0.00251	0.00628	0.00439	0.00502	0.00879
91	0.77215	0.01569	0.01193	0.01067	0.01569	0.01820	0.00879	0.02385	0.01381	0.03641	0.01130	0.01318	0.00879	0.00753	0.00502	0.00251	0.00628	0.00439	0.00502	0.00879
92	0.01016	0.00742	0.00956	0.01077	0.01175	0.00682	0.00741	0.01209	0.01725	0.02307	0.16473	0.52097	0.12157	0.02324	0.01013	0.00310	0.00448	0.02086	0.00780	0.00682
93	0.01148	0.00829	0.01085	0.01021	0.01212	0.00766	0.00766	0.01531	0.02297	0.03254	0.65994	0.06061	0.07656	0.01659	0.00957	0.00255	0.00383	0.01467	0.00893	0.00766
94	0.01054	0.00826	0.00954	0.00922	0.01154	0.00725	0.00691	0.01348	0.02074	0.02724	0.37172	0.06933	0.36808	0.01856	0.00958	0.00265	0.00397	0.01590	0.00824	0.00725
95	0.02169	0.71972	0.04252	0.01388	0.02083	0.03211	0.01388	0.02430	0.01649	0.01909	0.01128	0.01302	0.01041	0.00694	0.00521	0.00174	0.00868	0.00434	0.00347	0.01041
96	0.01170	0.00827	0.01089	0.01089	0.01160	0.00898	0.00746	0.01311	0.01240	0.01725	0.02370	0.04276	0.02501	0.39610	0.35389	0.01039	0.01463	0.01029	0.00464	0.00605
97	0.01683	0.01442	0.01683	0.01202	0.01923	0.01082	0.00961	0.02043	0.01683	0.02644	0.01442	0.01683	0.01202	0.00601	0.00601	0.00120	0.00601	0.00481	0.00481	0.76444
98	0.03031	0.03867	0.02299	0.02090	0.02508	0.68226	0.01568	0.03240	0.02299	0.01986	0.01254	0.01463	0.01045	0.00836	0.00732	0.00209	0.01463	0.00523	0.00418	0.00941
99	0.03085	0.02273	0.02435	0.01867	0.02516	0.02516	0.01542	0.63716	0.03815	0.05114	0.01948	0.01948	0.01380	0.00974	0.00812	0.00244	0.00893	0.00731	0.00812	0.01380
100	0.03209	0.01477	0.01870	0.01499	0.02082	0.01412	0.01217	0.04049	0.18982	0.50069	0.03228	0.02832	0.02133	0.01030	0.00819	0.00257	0.00678	0.00843	0.00957	0.01355
101	0.02008	0.01928	0.03294	0.04981	0.66422	0.01928	0.02490	0.02490	0.01848	0.02651	0.01526	0.02008	0.01285	0.00723	0.00803	0.00241	0.00964	0.00723	0.00402	0.01285
102	0.03641	0.01381	0.01883	0.01444	0.02071	0.01193	0.01193	0.03954	0.02322	0.66984	0.03201	0.02762	0.02009	0.01004	0.00816	0.00251	0.00690	0.00816	0.01004	0.01381
103	0.01966	0.01885	0.03218	0.10688	0.61043	0.01917	0.02469	0.02453	0.01828	0.02600	0.01519	0.02022	0.01267	0.00731	0.00804	0.00244	0.00974	0.00723	0.00398	0.01251
104	0.02008	0.01928	0.03294	0.04981	0.66422	0.01928	0.02490	0.02490	0.01848	0.02651	0.01526	0.02008	0.01285	0.00723	0.00803	0.00241	0.00964	0.00723	0.00402	0.01285
105	0.01368	0.01126	0.01555	0.01481	0.01557	0.01381	0.01164	0.01572	0.01347	0.01919	0.02274	0.04208	0.02377	0.19088	0.23646	0.00759	0.21529	0.10451	0.00474	0.00723
106	0.01164	0.00852	0.01214	0.01214	0.01327	0.00965	0.00902	0.01391	0.01277	0.01817	0.02256	0.03645	0.02227	0.20171	0.54453	0.01193	0.01875	0.00936	0.00447	0.00674
107	0.00989	0.00706	0.00942	0.01130	0.01177	0.00659	0.00753	0.01130	0.01554	0.02071	0.04472	0.70954	0.05367	0.02542	0.01036	0.00330	0.00471	0.02307	0.00753	0.00659
108	0.01380	0.00783	0.00876	0.00853	0.01043	0.00760	0.00639	0.01760	0.01918	0.03108	0.25707	0.04130	0.04110	0.01205	0.00709	0.00213	0.00380	0.01015	0.48652	0.00760
109	0.00989	0.00706	0.00942	0.01130	0.01177	0.00659	0.00753	0.01130	0.01554	0.02071	0.04472	0.70954	0.05367	0.02542	0.01036	0.00330	0.00471	0.02307	0.00753	0.00659
110	0.01994	0.01515	0.01831	0.01892	0.11921	0.01595	0.01203	0.24292	0.02298	0.03085	0.02566	0.03728	0.06527	0.29547	0.02164	0.00465	0.00827	0.00980	0.00613	0.00957
111	0.02751	0.01176	0.01555	0.01293	0.01707	0.01057	0.01008	0.02983	0.01965	0.43102	0.03119	0.04035	0.02505	0.20696	0.01764	0.00411	0.00722	0.06235	0.00839	0.01078
112	0.49632	0.15320	0.13505	0.01349	0.02011	0.02094	0.01351	0.02426	0.01490	0.03124	0.01187	0.01385	0.00936	0.00745	0.00553	0.00237	0.00774	0.00467	0.00445	0.00966
113	0.01738	0.01773	0.02195	0.21717	0.03092	0.12317	0.03886	0.02076	0.01563	0.01997	0.01534	0.02247	0.01340	0.02418	0.19976	0.00568	0.17574	0.00737	0.00391	0.00862
114	0.07678	0.32752	0.02915	0.01522	0.02038	0.05915	0.01349	0.07438	0.08103	0.06041	0.05025	0.02390	0.01818	0.00996	0.00849	0.00234	0.06932	0.04424	0.00535	0.01047
115	0.04712	0.08117	0.06011	0.01383	0.01964	0.01450	0.01200	0.05562	0.04082	0.11423	0.02012	0.05417	0.01676	0.01785	0.12686	0.00389	0.00967	0.00713	0.00567	0.27883
116	0.02458	0.02229	0.05921	0.02496	0.13822	0.12451	0.05902	0.05420	0.14427	0.14576	0.02104	0.02227	0.01574	0.00963	0.01040	0.00262	0.09582	0.00755	0.00606	0.01184

[dist]
# distance from previous block
# <min> <max>
0	5

[block]
# block no. 4 follows, 23 sequences, length 8
# corresponding to MSA columns:
# 554-561
name=unknown_E
#
# <colnr> <probs for GDERKNQSTAVLIFYWHMCP>
#	G	D	E	R	K	N	Q	S	T	A	V	L	I	F	Y	W	H	M	C	P
0	0.01671	0.01322	0.02033	0.09188	0.02456	0.01282	0.11293	0.02262	0.08271	0.08602	0.14123	0.12501	0.07466	0.01332	0.00891	0.00262	0.00731	0.03931	0.00677	0.09705
1	0.01718	0.01521	0.02033	0.09747	0.12874	0.01303	0.01361	0.02120	0.01703	0.02579	0.01456	0.01792	0.01202	0.00645	0.00658	0.00157	0.00716	0.00548	0.00454	0.55413
2	0.02187	0.01830	0.06560	0.21606	0.18025	0.01759	0.10755	0.02854	0.07041	0.16196	0.02016	0.02303	0.01457	0.00835	0.00830	0.00260	0.00984	0.00784	0.00551	0.01166
3	0.31483	0.01548	0.01832	0.01856	0.12368	0.01545	0.01265	0.02956	0.01831	0.26893	0.01988	0.01996	0.01391	0.00829	0.00676	0.00239	0.00704	0.00629	0.00670	0.07303
4	0.01903	0.01407	0.08829	0.01738	0.08273	0.01073	0.01301	0.02216	0.01816	0.20310	0.03484	0.37243	0.03534	0.01732	0.00921	0.00291	0.00663	0.01541	0.00742	0.00984
5	0.11775	0.01764	0.09002	0.08381	0.02404	0.01617	0.01429	0.08032	0.16157	0.13560	0.07083	0.10536	0.02503	0.01171	0.00807	0.00268	0.00737	0.00969	0.00708	0.01098
6	0.28037	0.11948	0.01816	0.01254	0.01742	0.01719	0.01028	0.02555	0.09758	0.09377	0.02198	0.13086	0.01991	0.01089	0.00676	0.00241	0.00643	0.00847	0.00610	0.09385
7	0.11591	0.11767	0.13638	0.09855	0.13277	0.01997	0.06886	0.02651	0.09083	0.04940	0.05414	0.02184	0.01662	0.00846	0.00746	0.00247	0.00913	0.00714	0.00492	0.01100

[dist]
# distance from previous block
# <min> <max>
17	31

[block]
# block no. 5 follows, 23 sequences, length 40
# corresponding to MSA columns:
# 594-633
name=unknown_F
#
# <colnr> <probs for GDERKNQSTAVLIFYWHMCP>
#	G	D	E	R	K	N	Q	S	T	A	V	L	I	F	Y	W	H	M	C	P
0	0.22296	0.02427	0.13013	0.02828	0.25045	0.10856	0.01917	0.02691	0.01799	0.07822	0.01502	0.01760	0.01158	0.00776	0.00709	0.00243	0.00960	0.00607	0.00468	0.01123
1	0.09071	0.01494	0.02298	0.31052	0.21243	0.01697	0.01877	0.02069	0.01575	0.02302	0.01604	0.02540	0.01425	0.12429	0.01392	0.00348	0.03469	0.00769	0.00407	0.00938
2	0.05890	0.13641	0.15638	0.02703	0.21441	0.01918	0.05098	0.02663	0.01882	0.13190	0.06730	0.02249	0.01787	0.00846	0.00758	0.00238	0.00908	0.00723	0.00524	0.01174
3	0.13580	0.01416	0.01587	0.01293	0.01831	0.01316	0.01056	0.09427	0.02024	0.06988	0.09495	0.03251	0.02448	0.01040	0.00736	0.00213	0.00640	0.08869	0.00639	0.32150
4	0.05287	0.01041	0.01186	0.01062	0.01421	0.00934	0.00817	0.01932	0.05177	0.11686	0.16091	0.10512	0.28891	0.01613	0.00878	0.00255	0.00492	0.01359	0.00777	0.08589
5	0.02008	0.01928	0.03294	0.04981	0.66422	0.01928	0.02490	0.02490	0.01848	0.02651	0.01526	0.02008	0.01285	0.00723	0.00803	0.00241	0.00964	0.00723	0.00402	0.01285
6	0.05338	0.12724	0.02324	0.01634	0.02168	0.13157	0.01334	0.13351	0.19474	0.13192	0.05515	0.02378	0.01972	0.00975	0.00755	0.00238	0.00849	0.00742	0.00702	0.01180
7	0.01876	0.01793	0.03055	0.22867	0.49565	0.01893	0.02425	0.02375	0.01785	0.02491	0.01503	0.02051	0.01229	0.00747	0.00806	0.00249	0.00997	0.00722	0.00390	0.01179
8	0.02136	0.37149	0.27228	0.01781	0.02638	0.06946	0.01981	0.02648	0.01766	0.06956	0.01411	0.01572	0.01108	0.00755	0.00649	0.00212	0.01017	0.00529	0.00399	0.01118
9	0.01409	0.00705	0.01057	0.01057	0.01057	0.00705	0.00705	0.01057	0.01057	0.01409	0.01409	0.02467	0.01409	0.02819	0.03171	0.76392	0.00705	0.00705	0.00352	0.00352
10	0.01078	0.00827	0.00987	0.00947	0.01169	0.00736	0.00710	0.01395	0.02131	0.02860	0.44550	0.06710	0.29345	0.01806	0.00958	0.00262	0.00393	0.01558	0.00841	0.00736
11	0.01215	0.00872	0.01153	0.01289	0.01423	0.00855	0.00988	0.04539	0.01816	0.02410	0.07316	0.42637	0.05033	0.02313	0.01050	0.00337	0.00585	0.22676	0.00761	0.00732
12	0.02834	0.01556	0.02279	0.07187	0.12928	0.01623	0.01604	0.03165	0.01971	0.38290	0.02358	0.02392	0.01628	0.01029	0.01192	0.00272	0.14966	0.00772	0.00725	0.01229
13	0.02008	0.01928	0.03294	0.04981	0.66422	0.01928	0.02490	0.02490	0.01848	0.02651	0.01526	0.02008	0.01285	0.00723	0.00803	0.00241	0.00964	0.00723	0.00402	0.01285
14	0.02008	0.01928	0.03294	0.04981	0.66422	0.01928	0.02490	0.02490	0.01848	0.02651	0.01526	0.02008	0.01285	0.00723	0.00803	0.00241	0.00964	0.00723	0.00402	0.01285
15	0.01767	0.21673	0.51027	0.02074	0.03143	0.02226	0.02583	0.02534	0.01697	0.02399	0.01372	0.01607	0.01031	0.00751	0.00706	0.00235	0.01114	0.00557	0.00344	0.01158
16	0.01772	0.01546	0.02485	0.38907	0.11288	0.01775	0.06104	0.02548	0.11207	0.05896	0.01895	0.02386	0.01445	0.01236	0.05796	0.00343	0.01081	0.00783	0.00479	0.01028
17	0.01545	0.01543	0.03082	0.02384	0.02874	0.01544	0.32895	0.02036	0.01616	0.02249	0.01902	0.02678	0.01622	0.03329	0.33912	0.00778	0.01762	0.00914	0.00422	0.00913
18	0.01595	0.01565	0.02821	0.58658	0.05367	0.01844	0.12324	0.02160	0.01671	0.02160	0.01475	0.02168	0.01106	0.00790	0.00835	0.00271	0.01129	0.00760	0.00369	0.00933
19	0.07684	0.01917	0.06220	0.08318	0.43533	0.01832	0.02172	0.02722	0.05284	0.09909	0.01772	0.02092	0.01374	0.00786	0.00783	0.00248	0.00911	0.00716	0.00494	0.01236
20	0.01859	0.02142	0.07515	0.06888	0.13663	0.01945	0.44110	0.02500	0.01876	0.02568	0.01761	0.02547	0.01425	0.00793	0.00926	0.00273	0.01246	0.04442	0.00423	0.01099
