[name]
unknown

[dist]
# distance from previous block
# <min> <max>
0	96

[block]
# block no. 0 follows, 21 sequences, length 7
# corresponding to MSA columns:
# 106-112
name=unknown_A
#
# <colnr> <probs for GDERKNQSTAVLIFYWHMCP>
#	G	D	E	R	K	N	Q	S	T	A	V	L	I	F	Y	W	H	M	C	P
0	0.18802	0.01579	0.02394	0.19020	0.03313	0.01710	0.12666	0.02410	0.01804	0.08386	0.02467	0.03532	0.05264	0.01147	0.00929	0.00297	0.03261	0.09468	0.00565	0.00986
1	0.01643	0.06354	0.02328	0.17998	0.09388	0.01838	0.01732	0.01987	0.01580	0.02167	0.01998	0.03455	0.01936	0.08200	0.11403	0.00516	0.16145	0.07968	0.00454	0.00909
2	0.14697	0.01693	0.07383	0.08442	0.02298	0.01623	0.01356	0.11075	0.09419	0.02954	0.02250	0.02647	0.05727	0.01605	0.01529	0.22236	0.00814	0.00786	0.00558	0.00909
3	0.02554	0.37044	0.03391	0.01701	0.02336	0.12439	0.01494	0.13567	0.12554	0.02873	0.01738	0.01815	0.01408	0.00874	0.00687	0.00218	0.00968	0.00609	0.00546	0.01182
4	0.01105	0.00813	0.01044	0.01161	0.01294	0.00752	0.00842	0.01343	0.01867	0.02477	0.16749	0.40642	0.14975	0.02371	0.01069	0.00327	0.00502	0.09120	0.00817	0.00728
5	0.02033	0.27690	0.03027	0.04774	0.05639	0.06814	0.01547	0.02355	0.03418	0.03922	0.01862	0.11023	0.01844	0.01430	0.03870	0.00311	0.16097	0.00868	0.00470	0.01006
6	0.02053	0.02309	0.09089	0.21809	0.12789	0.09961	0.02058	0.03220	0.22169	0.02766	0.02148	0.02404	0.01639	0.00936	0.00840	0.00271	0.01026	0.00786	0.00551	0.01176

[dist]
# distance from previous block
# <min> <max>
0	1

[block]
# block no. 1 follows, 21 sequences, length 12
# corresponding to MSA columns:
# 114-125
name=unknown_B
#
# <colnr> <probs for GDERKNQSTAVLIFYWHMCP>
#	G	D	E	R	K	N	Q	S	T	A	V	L	I	F	Y	W	H	M	C	P
0	0.01029	0.00770	0.00957	0.01106	0.01214	0.00698	0.00755	0.01194	0.01705	0.02203	0.05649	0.54584	0.19963	0.02542	0.01067	0.00331	0.00478	0.02267	0.00790	0.00698
1	0.05208	0.02005	0.02431	0.05278	0.07209	0.04722	0.05943	0.30334	0.05144	0.03866	0.02421	0.14713	0.02196	0.01285	0.00952	0.00279	0.03029	0.01079	0.00711	0.01194
2	0.02105	0.01863	0.02717	0.31722	0.04121	0.02237	0.06446	0.16870	0.05072	0.03033	0.01674	0.02182	0.01287	0.01016	0.01227	0.00294	0.13730	0.00785	0.00519	0.01099
3	0.04922	0.02219	0.02142	0.13446	0.02892	0.17454	0.01487	0.06904	0.02044	0.02695	0.01473	0.01809	0.01193	0.00805	0.00818	0.00203	0.04175	0.00589	0.00486	0.32244
4	0.02301	0.02597	0.17625	0.01958	0.02680	0.02215	0.01854	0.18662	0.33220	0.03807	0.02631	0.02552	0.01935	0.01036	0.00848	0.00276	0.00883	0.00831	0.00739	0.01351
5	0.02443	0.02392	0.19459	0.01725	0.02563	0.01602	0.01726	0.11585	0.02263	0.17921	0.02080	0.02137	0.01474	0.00851	0.00764	0.00220	0.00861	0.00671	0.03574	0.23690
6	0.01490	0.17834	0.01789	0.01057	0.01234	0.01445	0.00745	0.01557	0.01357	0.01736	0.02316	0.04544	0.02606	0.53185	0.03409	0.00668	0.00846	0.01047	0.00479	0.00656
7	0.27198	0.02172	0.01766	0.01459	0.02054	0.17379	0.01152	0.02720	0.01867	0.07658	0.01493	0.01665	0.01170	0.00776	0.00646	0.00205	0.00867	0.00527	0.00537	0.26688
8	0.03309	0.03196	0.02364	0.02014	0.02548	0.40078	0.01566	0.16841	0.02777	0.14481	0.01857	0.01901	0.01362	0.00942	0.00803	0.00236	0.01249	0.00654	0.00645	0.01176
9	0.01888	0.25512	0.46160	0.02116	0.03205	0.02420	0.02606	0.02648	0.01775	0.02474	0.01417	0.01659	0.01083	0.00783	0.00725	0.00242	0.01147	0.00573	0.00361	0.01205
10	0.02579	0.02472	0.02157	0.01885	0.02392	0.17948	0.01469	0.14677	0.37658	0.03527	0.02682	0.02570	0.02023	0.01063	0.00839	0.00266	0.00931	0.00826	0.00759	0.01277
11	0.26285	0.02208	0.01979	0.01626	0.02212	0.12977	0.01314	0.19191	0.02546	0.18946	0.01970	0.01957	0.01383	0.00932	0.00736	0.00254	0.00899	0.00655	0.00728	0.01204

[dist]
# distance from previous block
# <min> <max>
0	1

[block]
# block no. 2 follows, 21 sequences, length 11
# corresponding to MSA columns:
# 127-137
name=unknown_C
#
# <colnr> <probs for GDERKNQSTAVLIFYWHMCP>
#	G	D	E	R	K	N	Q	S	T	A	V	L	I	F	Y	W	H	M	C	P
0	0.02886	0.07644	0.02308	0.01661	0.02295	0.02020	0.01369	0.19634	0.18469	0.21519	0.02661	0.02495	0.01885	0.01002	0.00809	0.00247	0.00775	0.00790	0.00837	0.08691
1	0.01197	0.00872	0.01154	0.01279	0.01440	0.00829	0.01006	0.01497	0.01941	0.02571	0.16499	0.27408	0.11990	0.02311	0.01097	0.00343	0.00583	0.24416	0.00816	0.00752
2	0.21488	0.01522	0.01821	0.10494	0.02509	0.01480	0.01264	0.02996	0.01929	0.26597	0.02126	0.02164	0.01476	0.00861	0.00719	0.00235	0.00742	0.00661	0.00700	0.18218
3	0.01306	0.10393	0.01483	0.01183	0.01395	0.01113	0.00914	0.01547	0.01778	0.02375	0.07673	0.35431	0.12036	0.02084	0.00960	0.00303	0.00563	0.08631	0.08056	0.00777
4	0.76103	0.01646	0.01251	0.01119	0.01646	0.01909	0.00922	0.02502	0.01448	0.03818	0.01185	0.01382	0.00922	0.00790	0.00527	0.00263	0.00658	0.00461	0.00527	0.00922
5	0.01781	0.13029	0.47179	0.02427	0.08454	0.02083	0.02692	0.02586	0.01845	0.02661	0.06198	0.02106	0.01624	0.00863	0.00790	0.00256	0.01125	0.00684	0.00409	0.01208
6	0.11519	0.00947	0.01019	0.01001	0.01089	0.00999	0.00629	0.01441	0.01280	0.01982	0.02434	0.04760	0.02694	0.53871	0.10372	0.00805	0.00955	0.01097	0.00511	0.00597
7	0.02278	0.29740	0.16553	0.01686	0.02467	0.02390	0.01727	0.10755	0.02183	0.08150	0.07628	0.02186	0.01900	0.00903	0.00720	0.00222	0.00904	0.00676	0.00553	0.06382
8	0.01925	0.01796	0.08484	0.01428	0.02184	0.01268	0.01264	0.02465	0.05173	0.08198	0.01911	0.04737	0.01567	0.00798	0.00700	0.00171	0.00701	0.00652	0.00568	0.54010
9	0.27704	0.08926	0.08101	0.01611	0.02221	0.06714	0.01430	0.15010	0.10598	0.03609	0.01898	0.05356	0.01548	0.00987	0.00715	0.00259	0.00852	0.00716	0.00616	0.01129
10	0.02460	0.06534	0.02430	0.02076	0.08866	0.01803	0.05110	0.12739	0.10092	0.15563	0.02910	0.03515	0.05034	0.01153	0.00865	0.00262	0.00823	0.07976	0.00740	0.09048

[dist]
# distance from previous block
# <min> <max>
1	22

[block]
# block no. 3 follows, 21 sequences, length 26
# corresponding to MSA columns:
# 160-185
name=unknown_D
#
# <colnr> <probs for GDERKNQSTAVLIFYWHMCP>
#	G	D	E	R	K	N	Q	S	T	A	V	L	I	F	Y	W	H	M	C	P
0	0.01899	0.01854	0.02768	0.05010	0.07421	0.08415	0.17819	0.02369	0.04294	0.05152	0.06403	0.18693	0.02806	0.01404	0.01191	0.00300	0.09353	0.01264	0.00584	0.01000
1	0.02288	0.27707	0.06353	0.07420	0.05398	0.07347	0.05797	0.07709	0.09732	0.05120	0.01804	0.02038	0.01444	0.01202	0.04909	0.00305	0.01085	0.00680	0.00514	0.01149
2	0.08001	0.07781	0.42347	0.02264	0.06223	0.02041	0.02507	0.08717	0.01988	0.02989	0.01753	0.06448	0.01432	0.00950	0.00794	0.00266	0.01088	0.00748	0.00457	0.01205
3	0.02689	0.08514	0.01958	0.01541	0.06105	0.01474	0.01160	0.07855	0.02223	0.27152	0.02693	0.02712	0.01921	0.00974	0.00728	0.00230	0.00663	0.00778	0.27461	0.01169
4	0.02134	0.01866	0.03294	0.21646	0.33106	0.01926	0.11387	0.02670	0.01936	0.09111	0.01778	0.02261	0.01360	0.00808	0.00871	0.00267	0.01079	0.00805	0.00477	0.01219
5	0.01195	0.00880	0.01125	0.01095	0.01306	0.00810	0.00841	0.01571	0.02300	0.03175	0.50723	0.06937	0.15192	0.01858	0.01022	0.00283	0.00445	0.07549	0.00901	0.00790
6	0.01054	0.00754	0.01003	0.01173	0.01238	0.00703	0.00791	0.01229	0.01710	0.02301	0.10887	0.62973	0.05878	0.02570	0.01078	0.00338	0.00484	0.02328	0.00805	0.00703
7	0.01123	0.00854	0.01034	0.01016	0.01228	0.00764	0.00751	0.01439	0.02177	0.02927	0.40273	0.13509	0.25868	0.01969	0.01013	0.00282	0.00421	0.01713	0.00875	0.00764
8	0.01097	0.00837	0.01008	0.01025	0.01221	0.00748	0.00746	0.01376	0.02066	0.02741	0.31275	0.21628	0.26954	0.02098	0.01024	0.00293	0.00433	0.01832	0.00852	0.00748
9	0.76103	0.01646	0.01251	0.01119	0.01646	0.01909	0.00922	0.02502	0.01448	0.03818	0.01185	0.01382	0.00922	0.00790	0.00527	0.00263	0.00658	0.00461	0.00527	0.00922
10	0.03818	0.01448	0.01975	0.01514	0.02172	0.01251	0.01251	0.04147	0.02436	0.65373	0.03357	0.02897	0.02107	0.01053	0.00856	0.00263	0.00724	0.00856	0.01053	0.01448
11	0.76103	0.01646	0.01251	0.01119	0.01646	0.01909	0.00922	0.02502	0.01448	0.03818	0.01185	0.01382	0.00922	0.00790	0.00527	0.00263	0.00658	0.00461	0.00527	0.00922
12	0.76103	0.01646	0.01251	0.01119	0.01646	0.01909	0.00922	0.02502	0.01448	0.03818	0.01185	0.01382	0.00922	0.00790	0.00527	0.00263	0.00658	0.00461	0.00527	0.00922
13	0.01037	0.00741	0.00987	0.01185	0.01234	0.00691	0.00790	0.01185	0.01629	0.02172	0.04690	0.69537	0.05629	0.02666	0.01086	0.00346	0.00494	0.02419	0.00790	0.00691
14	0.76103	0.01646	0.01251	0.01119	0.01646	0.01909	0.00922	0.02502	0.01448	0.03818	0.01185	0.01382	0.00922	0.00790	0.00527	0.00263	0.00658	0.00461	0.00527	0.00922
15	0.01586	0.00793	0.00793	0.00793	0.00991	0.00793	0.00595	0.01983	0.01785	0.03173	0.02776	0.03173	0.02181	0.00991	0.00595	0.00198	0.00397	0.00793	0.74817	0.00793
16	0.01707	0.04402	0.65683	0.02426	0.03683	0.01976	0.03144	0.02695	0.01797	0.02695	0.01527	0.01797	0.01078	0.00809	0.00809	0.00270	0.01258	0.00629	0.00359	0.01258
17	0.01019	0.00811	0.00915	0.00999	0.01185	0.00707	0.00707	0.01206	0.01808	0.02245	0.06952	0.34235	0.39471	0.02372	0.01040	0.00312	0.00458	0.02061	0.00790	0.00707
18	0.01037	0.00741	0.00987	0.01185	0.01234	0.00691	0.00790	0.01185	0.01629	0.02172	0.04690	0.69537	0.05629	0.02666	0.01086	0.00346	0.00494	0.02419	0.00790	0.00691
19	0.02106	0.02022	0.03454	0.05223	0.64784	0.02022	0.02612	0.02612	0.01938	0.02780	0.01601	0.02106	0.01348	0.00758	0.00842	0.00253	0.01011	0.00758	0.00421	0.01348
20	0.02541	0.51033	0.03857	0.01673	0.02316	0.21986	0.01511	0.02798	0.01930	0.02026	0.01222	0.01415	0.01093	0.00772	0.00611	0.00193	0.01094	0.00482	0.00386	0.01061
21	0.01329	0.00835	0.01112	0.01189	0.01328	0.00768	0.00835	0.01552	0.01882	0.08227	0.18248	0.48962	0.05858	0.02306	0.01046	0.00320	0.00494	0.02075	0.00848	0.00786
22	0.08932	0.01279	0.01647	0.01339	0.01840	0.01161	0.01080	0.03197	0.02346	0.40437	0.22731	0.03881	0.03908	0.01252	0.00876	0.00265	0.00615	0.01042	0.00973	0.01198
23	0.01184	0.00832	0.01089	0.01240	0.01322	0.00809	0.00901	0.01371	0.01637	0.02164	0.04170	0.36740	0.04822	0.18194	0.01865	0.00471	0.00657	0.19131	0.00725	0.00678
24	0.02950	0.02148	0.02314	0.01821	0.02419	0.02362	0.01485	0.53150	0.03666	0.04962	0.02307	0.07672	0.01838	0.01155	0.00854	0.00259	0.00866	0.00904	0.05526	0.01344
25	0.71078	0.01697	0.01341	0.01177	0.01714	0.01959	0.00970	0.06601	0.01624	0.03925	0.01244	0.01428	0.00958	0.00806	0.00549	0.00263	0.00677	0.00482	0.00549	0.00958

[dist]
# distance from previous block
# <min> <max>
1	3

[block]
# block no. 4 follows, 21 sequences, length 43
# corresponding to MSA columns:
# 189-231
name=unknown_E
#
# <colnr> <probs for GDERKNQSTAVLIFYWHMCP>
#	G	D	E	R	K	N	Q	S	T	A	V	L	I	F	Y	W	H	M	C	P
0	0.02175	0.01975	0.02378	0.12310	0.17743	0.08970	0.01786	0.06276	0.20951	0.05497	0.02540	0.09269	0.02145	0.01127	0.00868	0.00275	0.00914	0.00971	0.00640	0.01192
1	0.02354	0.32371	0.07004	0.02873	0.23083	0.10234	0.01960	0.06337	0.02022	0.02513	0.01408	0.01695	0.01198	0.00778	0.00703	0.00219	0.01037	0.00595	0.00422	0.01195
2	0.01118	0.00866	0.01018	0.00980	0.01218	0.00766	0.00735	0.01438	0.02204	0.02927	0.40060	0.07156	0.32608	0.01921	0.01005	0.00276	0.00414	0.01651	0.00873	0.00766
3	0.01942	0.27534	0.03133	0.01809	0.02105	0.02686	0.01588	0.02185	0.01590	0.02187	0.08377	0.02190	0.01899	0.01233	0.01745	0.00289	0.35370	0.00727	0.00434	0.00977
4	0.01118	0.00856	0.01024	0.01003	0.01223	0.00763	0.00744	0.01430	0.02173	0.02902	0.38964	0.12197	0.28584	0.01968	0.01011	0.00281	0.00420	0.01706	0.00871	0.00763
5	0.01072	0.00866	0.00958	0.00964	0.01217	0.00751	0.00731	0.01335	0.02027	0.02545	0.20041	0.10597	0.46177	0.02102	0.01019	0.00292	0.00449	0.05297	0.00821	0.00739
6	0.02275	0.70604	0.04459	0.01456	0.02184	0.03367	0.01456	0.02548	0.01729	0.02002	0.01183	0.01365	0.01092	0.00728	0.00546	0.00182	0.00910	0.00455	0.00364	0.01092
7	0.01258	0.00899	0.01242	0.01438	0.01585	0.00882	0.01175	0.01568	0.01848	0.02420	0.04568	0.29847	0.05145	0.02457	0.01145	0.00376	0.00686	0.39924	0.00786	0.00752
8	0.02275	0.70604	0.04459	0.01456	0.02184	0.03367	0.01456	0.02548	0.01729	0.02002	0.01183	0.01365	0.01092	0.00728	0.00546	0.00182	0.00910	0.00455	0.00364	0.01092
9	0.02170	0.01879	0.02105	0.01832	0.02342	0.02146	0.04244	0.07420	0.57242	0.03614	0.03307	0.03074	0.02476	0.01127	0.00872	0.00287	0.00724	0.00954	0.00844	0.01343
10	0.01022	0.00863	0.00885	0.00879	0.01159	0.00725	0.00659	0.01253	0.01978	0.02390	0.13176	0.08040	0.59826	0.02121	0.01006	0.00286	0.00429	0.01775	0.00802	0.00725
11	0.02229	0.65191	0.09465	0.01535	0.02307	0.03254	0.01594	0.02560	0.01735	0.02059	0.01211	0.01400	0.01091	0.00735	0.00568	0.00189	0.00939	0.00469	0.00364	0.01106
12	0.01159	0.00858	0.01082	0.01047	0.01249	0.00780	0.00777	0.01511	0.02271	0.03135	0.50633	0.11813	0.16768	0.01881	0.01011	0.00277	0.00414	0.01652	0.00902	0.00780
13	0.02949	0.02241	0.02393	0.01900	0.02530	0.02505	0.01548	0.47243	0.19171	0.04902	0.02407	0.02333	0.01742	0.01056	0.00855	0.00264	0.00869	0.00816	0.00855	0.01422
14	0.03107	0.03920	0.02481	0.02395	0.06786	0.62354	0.01709	0.03346	0.02380	0.02129	0.01335	0.01573	0.01113	0.00869	0.00772	0.00221	0.01500	0.00562	0.00437	0.01011
15	0.01037	0.00741	0.00987	0.01185	0.01234	0.00691	0.00790	0.01185	0.01629	0.02172	0.04690	0.69537	0.05629	0.02666	0.01086	0.00346	0.00494	0.02419	0.00790	0.00691
16	0.03179	0.04056	0.02412	0.02192	0.02631	0.66676	0.01644	0.03398	0.02412	0.02083	0.01315	0.01535	0.01096	0.00877	0.00767	0.00219	0.01535	0.00548	0.00438	0.00987
17	0.01607	0.01513	0.02552	0.68047	0.05861	0.01891	0.02363	0.02174	0.01702	0.02174	0.01513	0.02269	0.01134	0.00851	0.00851	0.00284	0.01134	0.00756	0.00378	0.00945
18	0.02009	0.02296	0.05022	0.03587	0.04448	0.02152	0.61693	0.02726	0.02009	0.02726	0.01722	0.02296	0.01291	0.00717	0.01004	0.00287	0.01435	0.01004	0.00430	0.01148
19	0.01238	0.00825	0.00928	0.00928	0.00928	0.00825	0.00516	0.01238	0.01238	0.01650	0.02681	0.05569	0.03094	0.70092	0.04331	0.00825	0.00825	0.01238	0.00516	0.00516
20	0.01037	0.00741	0.00987	0.01185	0.01234	0.00691	0.00790	0.01185	0.01629	0.02172	0.04690	0.69537	0.05629	0.02666	0.01086	0.00346	0.00494	0.02419	0.00790	0.00691
21	0.01238	0.00825	0.00928	0.00928	0.00928	0.00825	0.00516	0.01238	0.01238	0.01650	0.02681	0.05569	0.03094	0.70092	0.04331	0.00825	0.00825	0.01238	0.00516	0.00516
22	0.01607	0.01513	0.02552	0.68047	0.05861	0.01891	0.02363	0.02174	0.01702	0.02174	0.01513	0.02269	0.01134	0.00851	0.00851	0.00284	0.01134	0.00756	0.00378	0.00945
23	0.05596	0.02356	0.16011	0.18993	0.03892	0.01920	0.13704	0.09327	0.02162	0.14838	0.01951	0.02231	0.01363	0.00871	0.00859	0.00273	0.01098	0.00785	0.00571	0.01199
24	0.02632	0.01739	0.02670	0.10550	0.29594	0.01737	0.01965	0.05945	0.04588	0.23495	0.04816	0.02596	0.01899	0.00934	0.00856	0.00262	0.00889	0.00830	0.00683	0.01319
25	0.02275	0.70604	0.04459	0.01456	0.02184	0.03367	0.01456	0.02548	0.01729	0.02002	0.01183	0.01365	0.01092	0.00728	0.00546	0.00182	0.00910	0.00455	0.00364	0.01092
26	0.01176	0.00869	0.01099	0.01041	0.01254	0.00791	0.00781	0.01552	0.02343	0.03255	0.56458	0.06616	0.16005	0.01799	0.01004	0.00270	0.00406	0.01575	0.00916	0.00791
27	0.76103	0.01646	0.01251	0.01119	0.01646	0.01909	0.00922	0.02502	0.01448	0.03818	0.01185	0.01382	0.00922	0.00790	0.00527	0.00263	0.00658	0.00461	0.00527	0.00922
28	0.02079	0.02195	0.07411	0.11907	0.24541	0.02130	0.19020	0.07931	0.05254	0.02914	0.01730	0.02198	0.01350	0.00844	0.00992	0.00276	0.04705	0.00830	0.00473	0.01222
29	0.02531	0.01967	0.02176	0.01624	0.02341	0.01919	0.01326	0.33316	0.02930	0.04123	0.01789	0.01910	0.01358	0.00834	0.00745	0.00193	0.00790	0.00641	0.00685	0.36800
30	0.02106	0.02022	0.03454	0.05223	0.64784	0.02022	0.02612	0.02612	0.01938	0.02780	0.01601	0.02106	0.01348	0.00758	0.00842	0.00253	0.01011	0.00758	0.00421	0.01348
31	0.03818	0.01448	0.01975	0.01514	0.02172	0.01251	0.01251	0.04147	0.02436	0.65373	0.03357	0.02897	0.02107	0.01053	0.00856	0.00263	0.00724	0.00856	0.01053	0.01448
32	0.01815	0.06262	0.28124	0.02196	0.08820	0.01729	0.02077	0.02689	0.10224	0.06622	0.07529	0.13162	0.02665	0.01232	0.00869	0.00277	0.00911	0.01050	0.00593	0.01155
33	0.01432	0.00976	0.01125	0.01065	0.01307	0.00973	0.00805	0.02092	0.10398	0.03300	0.34584	0.05069	0.08590	0.01458	0.00862	0.00251	0.00438	0.01251	0.23157	0.00869
34	0.03818	0.01448	0.01975	0.01514	0.02172	0.01251	0.01251	0.04147	0.02436	0.65373	0.03357	0.02897	0.02107	0.01053	0.00856	0.00263	0.00724	0.00856	0.01053	0.01448
35	0.03787	0.01499	0.02006	0.01538	0.02198	0.01326	0.01271	0.07275	0.02520	0.62126	0.03286	0.02850	0.02071	0.01052	0.00856	0.00263	0.00736	0.00851	0.01042	0.01448
36	0.02849	0.01917	0.06871	0.07135	0.26812	0.01704	0.01991	0.06103	0.02230	0.30131	0.02377	0.02437	0.01652	0.00908	0.00847	0.00261	0.00907	0.00792	0.00710	0.01366
37	0.01224	0.00819	0.00932	0.00945	0.00949	0.00816	0.00534	0.01234	0.01264	0.01685	0.02816	0.09845	0.03263	0.65585	0.04115	0.00793	0.00803	0.01317	0.00534	0.00527
38	0.01087	0.00865	0.00975	0.00947	0.01199	0.00753	0.00710	0.01378	0.02131	0.02754	0.31383	0.07441	0.41393	0.01986	0.01005	0.00279	0.00419	0.01691	0.00850	0.00753
39	0.02197	0.02410	0.02518	0.19498	0.07150	0.24433	0.07214	0.02692	0.04556	0.02359	0.02144	0.03503	0.01958	0.01154	0.00900	0.00281	0.01205	0.12335	0.00507	0.00986
40	0.05215	0.02947	0.27568	0.05562	0.03455	0.04371	0.15741	0.03110	0.08788	0.11871	0.02029	0.02218	0.01442	0.00866	0.00855	0.00273	0.01136	0.00780	0.00543	0.01231
41	0.01637	0.01543	0.02606	0.64302	0.09374	0.01899	0.02378	0.02200	0.01716	0.02210	0.01518	0.02259	0.01147	0.00845	0.00850	0.00282	0.01127	0.00756	0.00381	0.00969
42	0.01338	0.00871	0.01069	0.01126	0.01322	0.00838	0.00897	0.01701	0.01991	0.02892	0.18763	0.10785	0.10545	0.01803	0.00940	0.00292	0.00524	0.18713	0.22813	0.00779

[dist]
# distance from previous block
# <min> <max>
0	4

[block]
# block no. 5 follows, 21 sequences, length 50
# corresponding to MSA columns:
# 236-285
name=unknown_F
#
# <colnr> <probs for GDERKNQSTAVLIFYWHMCP>
#	G	D	E	R	K	N	Q	S	T	A	V	L	I	F	Y	W	H	M	C	P
0	0.02111	0.05424	0.02415	0.02175	0.12558	0.04699	0.04051	0.04765	0.11436	0.05454	0.01904	0.02086	0.01507	0.00783	0.00736	0.00196	0.00805	0.00661	0.00567	0.35667
1	0.27598	0.08493	0.02163	0.02050	0.13073	0.01784	0.04095	0.02122	0.01489	0.02659	0.01365	0.01915	0.01199	0.01419	0.01496	0.21576	0.03568	0.00630	0.00436	0.00870
2	0.01270	0.00937	0.01208	0.01215	0.01425	0.00901	0.00953	0.01749	0.05430	0.03086	0.40755	0.10844	0.09970	0.01928	0.01041	0.00303	0.00511	0.14779	0.00881	0.00816
3	0.02309	0.13939	0.05700	0.08515	0.18537	0.12595	0.05214	0.06550	0.13074	0.02772	0.01841	0.02090	0.01462	0.00867	0.00794	0.00247	0.01057	0.00719	0.00514	0.01204
4	0.01154	0.00868	0.01067	0.01017	0.01240	0.00781	0.00763	0.01507	0.02289	0.03128	0.50074	0.06826	0.22468	0.01846	0.01004	0.00273	0.00409	0.01605	0.00899	0.00781
5	0.01905	0.01637	0.01827	0.07341	0.02360	0.01868	0.01332	0.03798	0.47528	0.03345	0.10166	0.03754	0.06942	0.01254	0.00888	0.00286	0.00669	0.01059	0.00827	0.01214
6	0.02123	0.01501	0.01801	0.01305	0.02044	0.01155	0.01051	0.02493	0.01882	0.13699	0.01835	0.01962	0.01408	0.00704	0.00670	0.00150	0.00647	0.00566	0.00600	0.62406
7	0.01792	0.01760	0.02473	0.02141	0.02157	0.02441	0.01776	0.01991	0.01310	0.02040	0.01242	0.02021	0.01226	0.02016	0.09669	0.00479	0.61408	0.00763	0.00381	0.00913
8	0.01530	0.01340	0.01814	0.01623	0.01672	0.01701	0.01265	0.01717	0.01478	0.02169	0.12224	0.03699	0.02875	0.19368	0.09188	0.00568	0.33450	0.01019	0.00511	0.00788
9	0.33266	0.01469	0.01668	0.02065	0.17597	0.01580	0.01249	0.02363	0.01681	0.03346	0.01802	0.02142	0.01435	0.00846	0.00629	0.00240	0.00665	0.00644	0.24324	0.00990
10	0.02126	0.13367	0.03229	0.06454	0.38411	0.08295	0.02167	0.02555	0.01942	0.02532	0.01855	0.02850	0.01706	0.00963	0.00827	0.00256	0.01022	0.07800	0.00456	0.01186
11	0.01087	0.00833	0.00996	0.01023	0.01217	0.00743	0.00742	0.01354	0.02032	0.02677	0.28145	0.23489	0.28321	0.02135	0.01026	0.00295	0.00436	0.01864	0.00844	0.00743
12	0.01952	0.02140	0.04465	0.14363	0.10452	0.02097	0.46267	0.02624	0.01951	0.02640	0.01676	0.02273	0.01271	0.00743	0.00964	0.00283	0.01345	0.00940	0.00421	0.01134
13	0.02139	0.41599	0.14061	0.01690	0.02443	0.02809	0.01711	0.03087	0.17759	0.02524	0.01835	0.01909	0.01482	0.00853	0.00673	0.00224	0.00907	0.00616	0.00494	0.01186
14	0.01628	0.01373	0.02143	0.02973	0.28254	0.01368	0.01700	0.01980	0.01800	0.02462	0.02993	0.11496	0.03168	0.12867	0.01546	0.00400	0.00859	0.19433	0.00587	0.00970
15	0.05688	0.55809	0.07608	0.01500	0.02204	0.06536	0.01492	0.02569	0.01761	0.02200	0.01303	0.01505	0.01146	0.00759	0.00576	0.00194	0.00924	0.00490	0.04668	0.01071
16	0.09778	0.01536	0.01807	0.01454	0.02029	0.01478	0.01172	0.10473	0.08201	0.29689	0.05605	0.06576	0.05196	0.01150	0.00823	0.00254	0.00688	0.00932	0.00862	0.10295
17	0.02670	0.34696	0.10105	0.01733	0.02495	0.02792	0.01672	0.22640	0.02560	0.08684	0.01696	0.01771	0.01298	0.00863	0.00703	0.00223	0.00940	0.00613	0.00587	0.01260
18	0.01238	0.00825	0.00928	0.00928	0.00928	0.00825	0.00516	0.01238	0.01238	0.01650	0.02681	0.05569	0.03094	0.70092	0.04331	0.00825	0.00825	0.01238	0.00516	0.00516
19	0.01216	0.00912	0.01368	0.01368	0.01520	0.01064	0.01064	0.01520	0.01368	0.01976	0.02279	0.03343	0.02127	0.06382	0.66720	0.01368	0.02279	0.00912	0.00456	0.00760
20	0.02450	0.01853	0.02609	0.30684	0.12442	0.02074	0.02031	0.21562	0.02553	0.10568	0.01907	0.02247	0.01376	0.00916	0.00850	0.00268	0.01007	0.00771	0.00613	0.01219
21	0.02067	0.11297	0.14418	0.03036	0.03932	0.02307	0.41221	0.06201	0.02057	0.02785	0.01642	0.02084	0.01241	0.00751	0.00906	0.00269	0.01311	0.00861	0.00436	0.01176
22	0.01238	0.00825	0.00928	0.00928	0.00928	0.00825	0.00516	0.01238	0.01238	0.01650	0.02681	0.05569	0.03094	0.70092	0.04331	0.00825	0.00825	0.01238	0.00516	0.00516
23	0.02207	0.09986	0.02989	0.11122	0.17911	0.09857	0.02014	0.07593	0.01917	0.02527	0.01394	0.01894	0.01198	0.01034	0.01419	0.00283	0.22424	0.00696	0.00433	0.01103
24	0.01167	0.00831	0.01055	0.01066	0.01235	0.00766	0.00774	0.01486	0.02130	0.02982	0.40486	0.22630	0.11942	0.01970	0.01001	0.00285	0.00428	0.01744	0.05256	0.00766
25	0.01117	0.00866	0.01017	0.00979	0.01218	0.00766	0.00734	0.01437	0.02203	0.02925	0.39918	0.07160	0.32751	0.01922	0.01005	0.00276	0.00414	0.01652	0.00873	0.00766
26	0.01048	0.00812	0.00906	0.00981	0.01173	0.00712	0.00698	0.01248	0.01814	0.02297	0.06824	0.31183	0.38872	0.02288	0.01015	0.00305	0.00453	0.01980	0.04680	0.00712
27	0.03186	0.02207	0.02398	0.01849	0.02499	0.02408	0.01524	0.53333	0.03732	0.10420	0.02201	0.02185	0.01549	0.01023	0.00836	0.00253	0.00886	0.00776	0.05328	0.01408
28	0.76103	0.01646	0.01251	0.01119	0.01646	0.01909	0.00922	0.02502	0.01448	0.03818	0.01185	0.01382	0.00922	0.00790	0.00527	0.00263	0.00658	0.00461	0.00527	0.00922
29	0.01037	0.00741	0.00987	0.01185	0.01234	0.00691	0.00790	0.01185	0.01629	0.02172	0.04690	0.69537	0.05629	0.02666	0.01086	0.00346	0.00494	0.02419	0.00790	0.00691
30	0.02275	0.70604	0.04459	0.01456	0.02184	0.03367	0.01456	0.02548	0.01729	0.02002	0.01183	0.01365	0.01092	0.00728	0.00546	0.00182	0.00910	0.00455	0.00364	0.01092
31	0.03179	0.04056	0.02412	0.02192	0.02631	0.66676	0.01644	0.03398	0.02412	0.02083	0.01315	0.01535	0.01096	0.00877	0.00767	0.00219	0.01535	0.00548	0.00438	0.00987
32	0.01062	0.00864	0.00940	0.00921	0.01184	0.00742	0.00691	0.01330	0.02072	0.02613	0.24338	0.07673	0.48526	0.02038	0.01005	0.00282	0.00423	0.01724	0.00832	0.00742
33	0.01908	0.21308	0.40702	0.02485	0.08622	0.02353	0.06189	0.02651	0.01804	0.02524	0.01456	0.01741	0.01118	0.00778	0.00755	0.00246	0.01157	0.00617	0.00370	0.01216
34	0.03818	0.01448	0.01975	0.01514	0.02172	0.01251	0.01251	0.04147	0.02436	0.65373	0.03357	0.02897	0.02107	0.01053	0.00856	0.00263	0.00724	0.00856	0.01053	0.01448
35	0.01607	0.01513	0.02552	0.68047	0.05861	0.01891	0.02363	0.02174	0.01702	0.02174	0.01513	0.02269	0.01134	0.00851	0.00851	0.00284	0.01134	0.00756	0.00378	0.00945
36	0.01555	0.01456	0.02406	0.62237	0.05454	0.01789	0.02215	0.02092	0.01722	0.02185	0.02127	0.02781	0.06608	0.00964	0.00864	0.00284	0.01074	0.00846	0.00414	0.00926
37	0.01330	0.00824	0.01186	0.01186	0.01248	0.00887	0.00836	0.01299	0.01237	0.01711	0.02006	0.03390	0.02012	0.15428	0.29604	0.32552	0.01388	0.00892	0.00429	0.00554
38	0.01097	0.00787	0.01042	0.01144	0.01248	0.00732	0.00795	0.01337	0.01911	0.02621	0.26274	0.46674	0.06497	0.02331	0.01056	0.00317	0.00460	0.02101	0.00843	0.00732
39	0.03179	0.04056	0.02412	0.02192	0.02631	0.66676	0.01644	0.03398	0.02412	0.02083	0.01315	0.01535	0.01096	0.00877	0.00767	0.00219	0.01535	0.00548	0.00438	0.00987
40	0.11176	0.02139	0.02311	0.01789	0.02450	0.02315	0.01478	0.45336	0.03450	0.15805	0.02183	0.02123	0.01507	0.01002	0.00817	0.00258	0.00869	0.00749	0.00852	0.01391
41	0.01418	0.01099	0.01335	0.01360	0.01586	0.01142	0.01033	0.02266	0.18105	0.02921	0.19869	0.26020	0.05339	0.01977	0.01021	0.00318	0.00563	0.10874	0.00847	0.00908
42	0.01116	0.00824	0.01048	0.01114	0.01268	0.00756	0.00808	0.01385	0.01993	0.02682	0.27708	0.32093	0.16031	0.02216	0.01048	0.00310	0.00467	0.05547	0.00845	0.00743
43	0.01321	0.01050	0.01193	0.01123	0.01320	0.04603	0.00827	0.01677	0.02308	0.03184	0.55370	0.06011	0.07203	0.07601	0.01278	0.00313	0.00503	0.01456	0.00872	0.00789
44	0.16109	0.02433	0.02308	0.01835	0.02463	0.09398	0.01497	0.45141	0.03379	0.04737	0.01813	0.01872	0.01317	0.00965	0.00785	0.00253	0.00952	0.00689	0.00750	0.01305
45	0.01045	0.00755	0.00990	0.01161	0.01232	0.00699	0.00783	0.01212	0.01692	0.02254	0.08491	0.62531	0.08837	0.02584	0.01077	0.00338	0.00485	0.02334	0.00799	0.00699
46	0.02115	0.01071	0.01429	0.01225	0.01585	0.00959	0.00959	0.02491	0.02418	0.25002	0.43088	0.05151	0.05966	0.01501	0.00952	0.00266	0.00514	0.01301	0.00977	0.01028
47	0.01790	0.10960	0.55569	0.02503	0.07371	0.02120	0.02940	0.02675	0.01799	0.02630	0.01497	0.01772	0.01096	0.00797	0.00784	0.00260	0.01207	0.00619	0.00364	0.01247
48	0.01447	0.01301	0.05246	0.07045	0.01911	0.01214	0.01124	0.02148	0.12783	0.02790	0.25621	0.05093	0.04624	0.19461	0.01835	0.00424	0.00692	0.03652	0.00724	0.00863
49	0.05313	0.58703	0.04022	0.01482	0.02171	0.03139	0.01430	0.07635	0.01898	0.02365	0.01308	0.01515	0.01163	0.01015	0.03607	0.00246	0.00965	0.00503	0.00417	0.01101

[dist]
# distance from previous block
# <min> <max>
6	13

[block]
# block no. 6 follows, 21 sequences, length 74
# corresponding to MSA columns:
# 299-338,341-374
name=unknown_G
#
# <colnr> <probs for GDERKNQSTAVLIFYWHMCP>
#	G	D	E	R	K	N	Q	S	T	A	V	L	I	F	Y	W	H	M	C	P
0	0.01686	0.01429	0.01680	0.01252	0.01932	0.01086	0.00985	0.02039	0.01750	0.02708	0.01858	0.09122	0.01735	0.00851	0.00680	0.00150	0.00615	0.00712	0.00535	0.67196
1	0.03092	0.02545	0.12399	0.01957	0.02725	0.02303	0.01797	0.42951	0.03392	0.14978	0.02182	0.02147	0.01499	0.00993	0.00845	0.00259	0.00952	0.00760	0.00808	0.01418
2	0.02226	0.01916	0.02189	0.01875	0.02401	0.02173	0.05257	0.10378	0.53146	0.03694	0.03204	0.03001	0.02394	0.01113	0.00873	0.00285	0.00750	0.00944	0.00836	0.01345
3	0.01051	0.00864	0.00925	0.00910	0.01177	0.00738	0.00682	0.01310	0.02047	0.02554	0.21403	0.07769	0.51496	0.02060	0.01005	0.00283	0.00424	0.01737	0.00824	0.00738
4	0.01023	0.00863	0.00886	0.00880	0.01160	0.00726	0.00660	0.01255	0.01980	0.02396	0.13456	0.08031	0.59543	0.02119	0.01006	0.00286	0.00428	0.01774	0.00803	0.00726
5	0.01765	0.01513	0.01765	0.01260	0.02017	0.01134	0.01008	0.02143	0.01765	0.02773	0.01513	0.01765	0.01260	0.00630	0.00630	0.00126	0.00630	0.00504	0.00504	0.75295
6	0.01101	0.00796	0.00978	0.01097	0.01182	0.00746	0.00739	0.01240	0.01607	0.02092	0.04829	0.40637	0.14389	0.18615	0.01852	0.00453	0.00581	0.05681	0.00724	0.00660
7	0.01053	0.00858	0.00931	0.00925	0.01181	0.00737	0.00689	0.01308	0.02033	0.02548	0.21196	0.10566	0.48846	0.02083	0.01009	0.00286	0.00427	0.01766	0.00824	0.00737
8	0.02275	0.70604	0.04459	0.01456	0.02184	0.03367	0.01456	0.02548	0.01729	0.02002	0.01183	0.01365	0.01092	0.00728	0.00546	0.00182	0.00910	0.00455	0.00364	0.01092
9	0.76103	0.01646	0.01251	0.01119	0.01646	0.01909	0.00922	0.02502	0.01448	0.03818	0.01185	0.01382	0.00922	0.00790	0.00527	0.00263	0.00658	0.00461	0.00527	0.00922
10	0.76103	0.01646	0.01251	0.01119	0.01646	0.01909	0.00922	0.02502	0.01448	0.03818	0.01185	0.01382	0.00922	0.00790	0.00527	0.00263	0.00658	0.00461	0.00527	0.00922
11	0.02117	0.01828	0.01924	0.01732	0.02213	0.02117	0.01347	0.04522	0.63246	0.03560	0.03464	0.03175	0.02598	0.01155	0.00866	0.00289	0.00673	0.00962	0.00866	0.01347
12	0.01707	0.04402	0.65683	0.02426	0.03683	0.01976	0.03144	0.02695	0.01797	0.02695	0.01527	0.01797	0.01078	0.00809	0.00809	0.00270	0.01258	0.00629	0.00359	0.01258
13	0.76103	0.01646	0.01251	0.01119	0.01646	0.01909	0.00922	0.02502	0.01448	0.03818	0.01185	0.01382	0.00922	0.00790	0.00527	0.00263	0.00658	0.00461	0.00527	0.00922
14	0.01174	0.00798	0.00947	0.01010	0.01025	0.00783	0.00603	0.01221	0.01362	0.01816	0.03318	0.25840	0.03897	0.48725	0.03303	0.00673	0.00720	0.01612	0.00603	0.00571
15	0.02194	0.01937	0.03003	0.30388	0.16718	0.02149	0.08651	0.18591	0.02408	0.03224	0.01697	0.02178	0.01280	0.00864	0.00866	0.00270	0.01088	0.00786	0.00521	0.01185
16	0.76103	0.01646	0.01251	0.01119	0.01646	0.01909	0.00922	0.02502	0.01448	0.03818	0.01185	0.01382	0.00922	0.00790	0.00527	0.00263	0.00658	0.00461	0.00527	0.00922
17	0.02009	0.02296	0.05022	0.03587	0.04448	0.02152	0.61693	0.02726	0.02009	0.02726	0.01722	0.02296	0.01291	0.00717	0.01004	0.00287	0.01435	0.01004	0.00430	0.01148
18	0.03753	0.01553	0.02040	0.01564	0.02225	0.01406	0.01292	0.10629	0.02611	0.58643	0.03210	0.02801	0.02033	0.01050	0.00855	0.00262	0.00748	0.00846	0.01031	0.01448
19	0.01607	0.01513	0.02552	0.68047	0.05861	0.01891	0.02363	0.02174	0.01702	0.02174	0.01513	0.02269	0.01134	0.00851	0.00851	0.00284	0.01134	0.00756	0.00378	0.00945
20	0.01197	0.00859	0.01122	0.01103	0.01275	0.00802	0.00817	0.01546	0.02228	0.03122	0.50676	0.13562	0.07295	0.05887	0.01218	0.00316	0.00458	0.04858	0.00887	0.00773
21	0.01006	0.00862	0.00862	0.00862	0.01149	0.00718	0.00647	0.01221	0.01940	0.02299	0.08621	0.08190	0.64438	0.02155	0.01006	0.00287	0.00431	0.01796	0.00790	0.00718
22	0.01025	0.00787	0.00940	0.01062	0.01202	0.00702	0.00735	0.01199	0.01748	0.02221	0.06189	0.46150	0.28048	0.02471	0.01056	0.00323	0.00470	0.02182	0.00790	0.00702
23	0.01765	0.01513	0.01765	0.01260	0.02017	0.01134	0.01008	0.02143	0.01765	0.02773	0.01513	0.01765	0.01260	0.00630	0.00630	0.00126	0.00630	0.00504	0.00504	0.75295
24	0.09722	0.01556	0.02462	0.57261	0.08706	0.01900	0.02221	0.02234	0.01687	0.02387	0.01482	0.02164	0.01123	0.00839	0.00815	0.00280	0.01076	0.00724	0.00397	0.00965
25	0.01025	0.00841	0.00885	0.00916	0.01148	0.00721	0.00660	0.01217	0.01847	0.02238	0.07639	0.17393	0.51509	0.06603	0.01232	0.00331	0.00466	0.01855	0.00773	0.00701
26	0.02117	0.01828	0.01924	0.01732	0.02213	0.02117	0.01347	0.04522	0.63246	0.03560	0.03464	0.03175	0.02598	0.01155	0.00866	0.00289	0.00673	0.00962	0.00866	0.01347
27	0.03298	0.02282	0.02491	0.01910	0.02588	0.02488	0.01578	0.55672	0.03831	0.11878	0.02186	0.02136	0.01519	0.01025	0.00852	0.00256	0.00913	0.00776	0.00873	0.01447
28	0.01586	0.00793	0.00793	0.00793	0.00991	0.00793	0.00595	0.01983	0.01785	0.03173	0.02776	0.03173	0.02181	0.00991	0.00595	0.00198	0.00397	0.00793	0.74817	0.00793
29	0.01238	0.00825	0.00928	0.00928	0.00928	0.00825	0.00516	0.01238	0.01238	0.01650	0.02681	0.05569	0.03094	0.70092	0.04331	0.00825	0.00825	0.01238	0.00516	0.00516
30	0.01724	0.04126	0.58836	0.02405	0.03526	0.02045	0.03005	0.02625	0.01743	0.02625	0.01483	0.01804	0.01082	0.00882	0.01024	0.00281	0.08561	0.00641	0.00361	0.01222
31	0.01586	0.00793	0.00793	0.00793	0.00991	0.00793	0.00595	0.01983	0.01785	0.03173	0.02776	0.03173	0.02181	0.00991	0.00595	0.00198	0.00397	0.00793	0.74817	0.00793
32	0.02985	0.02260	0.02413	0.01908	0.02544	0.02522	0.01557	0.49126	0.17228	0.04961	0.02360	0.02296	0.01704	0.01051	0.00855	0.00263	0.00878	0.00810	0.00855	0.01425
33	0.01033	0.00755	0.00973	0.01148	0.01225	0.00694	0.00774	0.01189	0.01665	0.02187	0.05141	0.62500	0.12374	0.02608	0.01077	0.00339	0.00487	0.02348	0.00790	0.00694
34	0.02069	0.46624	0.26636	0.01807	0.02727	0.02863	0.02068	0.02601	0.01754	0.02253	0.01308	0.01521	0.01087	0.00757	0.00641	0.00214	0.01036	0.00518	0.00362	0.01152
35	0.03019	0.01728	0.02035	0.01655	0.02221	0.01776	0.01331	0.21533	0.14231	0.28607	0.03121	0.09922	0.02380	0.01238	0.00881	0.00275	0.00754	0.01018	0.00928	0.01347
36	0.01238	0.00825	0.00928	0.00928	0.00928	0.00825	0.00516	0.01238	0.01238	0.01650	0.02681	0.05569	0.03094	0.70092	0.04331	0.00825	0.00825	0.01238	0.00516	0.00516
37	0.01899	0.01527	0.01785	0.01301	0.02037	0.01196	0.01041	0.02389	0.05264	0.06314	0.01725	0.01907	0.01383	0.00683	0.00656	0.00143	0.00638	0.00550	0.00555	0.67007
38	0.01765	0.01513	0.01765	0.01260	0.02017	0.01134	0.01008	0.02143	0.01765	0.02773	0.01513	0.01765	0.01260	0.00630	0.00630	0.00126	0.00630	0.00504	0.00504	0.75295
39	0.02291	0.01914	0.03282	0.02388	0.03155	0.01739	0.27779	0.06208	0.05535	0.12590	0.02028	0.02267	0.01490	0.00785	0.00855	0.00234	0.01018	0.00819	0.00596	0.23028
40	0.02080	0.01834	0.02776	0.09775	0.23684	0.01935	0.08377	0.03235	0.22825	0.06474	0.02750	0.02909	0.05489	0.00997	0.00879	0.00274	0.00904	0.00921	0.00627	0.01254
41	0.03293	0.02205	0.02376	0.01852	0.02505	0.04945	0.01518	0.42714	0.07391	0.18725	0.02402	0.02288	0.01656	0.01031	0.00850	0.00258	0.00896	0.00790	0.00881	0.01422
42	0.01231	0.00840	0.01000	0.00992	0.01032	0.00849	0.00608	0.01310	0.01383	0.01883	0.09552	0.05413	0.03541	0.55441	0.10799	0.00822	0.00937	0.01236	0.00556	0.00575
43	0.01791	0.01598	0.02118	0.01513	0.02281	0.01245	0.07596	0.02206	0.01791	0.02768	0.01535	0.01822	0.01264	0.00640	0.00671	0.00144	0.00718	0.00558	0.00496	0.67246
44	0.01216	0.00869	0.01193	0.01390	0.01518	0.00846	0.01102	0.01495	0.01806	0.02373	0.04591	0.37379	0.05236	0.02497	0.01134	0.00370	0.00649	0.32806	0.00787	0.00741
45	0.01586	0.00793	0.00793	0.00793	0.00991	0.00793	0.00595	0.01983	0.01785	0.03173	0.02776	0.03173	0.02181	0.00991	0.00595	0.00198	0.00397	0.00793	0.74817	0.00793
46	0.02117	0.01828	0.01924	0.01732	0.02213	0.02117	0.01347	0.04522	0.63246	0.03560	0.03464	0.03175	0.02598	0.01155	0.00866	0.00289	0.00673	0.00962	0.00866	0.01347
47	0.01009	0.00849	0.00876	0.00897	0.01159	0.00715	0.00662	0.01217	0.01906	0.02285	0.08194	0.14849	0.58054	0.02211	0.01015	0.00294	0.00438	0.01864	0.00790	0.00715
48	0.03818	0.01448	0.01975	0.01514	0.02172	0.01251	0.01251	0.04147	0.02436	0.65373	0.03357	0.02897	0.02107	0.01053	0.00856	0.00263	0.00724	0.00856	0.01053	0.01448
49	0.01769	0.11588	0.59037	0.02320	0.03521	0.02127	0.02961	0.02679	0.01789	0.02620	0.01490	0.01750	0.01080	0.00800	0.00780	0.00260	0.01220	0.00610	0.00360	0.01240
50	0.02117	0.01828	0.01924	0.01732	0.02213	0.02117	0.01347	0.04522	0.63246	0.03560	0.03464	0.03175	0.02598	0.01155	0.00866	0.00289	0.00673	0.00962	0.00866	0.01347
51	0.01765	0.01513	0.01765	0.01260	0.02017	0.01134	0.01008	0.02143	0.01765	0.02773	0.01513	0.01765	0.01260	0.00630	0.00630	0.00126	0.00630	0.00504	0.00504	0.75295
52	0.01607	0.01513	0.02552	0.68047	0.05861	0.01891	0.02363	0.02174	0.01702	0.02174	0.01513	0.02269	0.01134	0.00851	0.00851	0.00284	0.01134	0.00756	0.00378	0.00945
53	0.01821	0.01962	0.03994	0.06909	0.10225	0.01869	0.41461	0.02415	0.01952	0.02617	0.02662	0.07261	0.08649	0.01016	0.00984	0.00287	0.01201	0.01145	0.00490	0.01080
54	0.01765	0.01513	0.01765	0.01260	0.02017	0.01134	0.01008	0.02143	0.01765	0.02773	0.01513	0.01765	0.01260	0.00630	0.00630	0.00126	0.00630	0.00504	0.00504	0.75295
55	0.02830	0.02840	0.30376	0.01956	0.02883	0.01689	0.02124	0.08284	0.02281	0.32512	0.02434	0.02336	0.01594	0.00942	0.00834	0.00265	0.00979	0.00747	0.00728	0.01363
56	0.01862	0.01862	0.02607	0.02234	0.02234	0.02607	0.01862	0.02048	0.01303	0.02048	0.01117	0.01862	0.01117	0.01489	0.02793	0.00372	0.68535	0.00745	0.00372	0.00931
57	0.01586	0.00793	0.00793	0.00793	0.00991	0.00793	0.00595	0.01983	0.01785	0.03173	0.02776	0.03173	0.02181	0.00991	0.00595	0.00198	0.00397	0.00793	0.74817	0.00793
58	0.01065	0.00864	0.00945	0.00925	0.01186	0.00744	0.00693	0.01337	0.02080	0.02632	0.25307	0.07641	0.47544	0.02031	0.01005	0.00281	0.00422	0.01719	0.00834	0.00744
59	0.03732	0.01586	0.02060	0.01579	0.02241	0.01455	0.01305	0.12648	0.02666	0.56547	0.03164	0.02771	0.02010	0.01049	0.00855	0.00262	0.00755	0.00843	0.01024	0.01448
60	0.01216	0.00912	0.01368	0.01368	0.01520	0.01064	0.01064	0.01520	0.01368	0.01976	0.02279	0.03343	0.02127	0.06382	0.66720	0.01368	0.02279	0.00912	0.00456	0.00760
61	0.03818	0.01448	0.01975	0.01514	0.02172	0.01251	0.01251	0.04147	0.02436	0.65373	0.03357	0.02897	0.02107	0.01053	0.00856	0.00263	0.00724	0.00856	0.01053	0.01448
62	0.02048	0.01635	0.02306	0.01854	0.02276	0.01737	0.11611	0.22333	0.02350	0.03191	0.02193	0.03218	0.01967	0.17887	0.18809	0.00678	0.01347	0.00951	0.00600	0.01007
63	0.01079	0.00856	0.00973	0.00986	0.01219	0.00750	0.00737	0.01345	0.02032	0.02594	0.22898	0.14569	0.40116	0.02110	0.01022	0.00293	0.00446	0.04405	0.00829	0.00741
64	0.01093	0.00819	0.01015	0.01065	0.01228	0.00740	0.00761	0.01354	0.02000	0.02675	0.28364	0.30848	0.20543	0.02191	0.01036	0.00302	0.00444	0.01935	0.00846	0.00740
65	0.01345	0.01400	0.06248	0.01919	0.02267	0.01172	0.17532	0.01702	0.01743	0.02357	0.03678	0.46862	0.04154	0.02016	0.01046	0.00325	0.00799	0.01919	0.00664	0.00852
66	0.01451	0.00749	0.01088	0.01088	0.01088	0.00749	0.00714	0.01123	0.01123	0.01497	0.01613	0.02921	0.01659	0.10468	0.03438	0.66914	0.00749	0.00795	0.00386	0.00386
67	0.01851	0.01958	0.11701	0.01453	0.02283	0.01271	0.01351	0.02322	0.01801	0.05678	0.01601	0.01822	0.01272	0.00678	0.00668	0.00155	0.00732	0.00540	0.00507	0.60355
68	0.01870	0.02084	0.09861	0.29172	0.35405	0.01966	0.02574	0.02452	0.01831	0.02537	0.01559	0.02135	0.01236	0.00799	0.00842	0.00266	0.01085	0.00743	0.00398	0.01183
69	0.02237	0.03403	0.41207	0.02168	0.03113	0.04848	0.02489	0.02957	0.01930	0.16299	0.01994	0.02320	0.01449	0.00979	0.00995	0.00279	0.06704	0.02856	0.00531	0.01242
70	0.01304	0.00941	0.01128	0.01087	0.01094	0.01028	0.00684	0.01337	0.01250	0.01706	0.02496	0.05078	0.02841	0.60102	0.06655	0.00798	0.08233	0.01171	0.00498	0.00570
71	0.01770	0.01533	0.01814	0.01318	0.02030	0.01221	0.01058	0.02137	0.01738	0.02731	0.01489	0.01770	0.01252	0.00681	0.00757	0.00140	0.04614	0.00518	0.00496	0.70932
72	0.02213	0.44180	0.22989	0.01788	0.02662	0.05642	0.01971	0.02705	0.01813	0.05171	0.01396	0.01576	0.01135	0.00774	0.00651	0.00214	0.01035	0.00531	0.00398	0.01155
73	0.10002	0.01781	0.02551	0.16203	0.27781	0.01953	0.01983	0.02946	0.17178	0.02995	0.04777	0.02515	0.01867	0.00923	0.00823	0.00270	0.00886	0.00811	0.00558	0.01197

[dist]
# distance from previous block
# <min> <max>
0	1

[block]
# block no. 7 follows, 21 sequences, length 106
# corresponding to MSA columns:
# 376-445,453-488
name=unknown_H
#
# <colnr> <probs for GDERKNQSTAVLIFYWHMCP>
#	G	D	E	R	K	N	Q	S	T	A	V	L	I	F	Y	W	H	M	C	P
0	0.02037	0.01849	0.02979	0.04243	0.48841	0.01857	0.02218	0.07067	0.02181	0.03092	0.12591	0.02844	0.02523	0.00950	0.00871	0.00256	0.00899	0.00895	0.00545	0.01261
1	0.01126	0.00813	0.01082	0.01248	0.01356	0.00768	0.00918	0.01354	0.01783	0.02363	0.09511	0.47442	0.08750	0.02494	0.01096	0.00347	0.00551	0.15476	0.00800	0.00723
2	0.02275	0.70604	0.04459	0.01456	0.02184	0.03367	0.01456	0.02548	0.01729	0.02002	0.01183	0.01365	0.01092	0.00728	0.00546	0.00182	0.00910	0.00455	0.00364	0.01092
3	0.02377	0.01982	0.02547	0.02999	0.25509	0.05334	0.01806	0.07040	0.21153	0.09538	0.02362	0.02450	0.01797	0.00921	0.00826	0.00251	0.00862	0.00795	0.00660	0.08791
4	0.02275	0.70604	0.04459	0.01456	0.02184	0.03367	0.01456	0.02548	0.01729	0.02002	0.01183	0.01365	0.01092	0.00728	0.00546	0.00182	0.00910	0.00455	0.00364	0.01092
5	0.02951	0.06466	0.02502	0.01817	0.02461	0.02491	0.01510	0.52143	0.03653	0.04846	0.02652	0.02620	0.07768	0.01118	0.00848	0.00254	0.00884	0.00851	0.00815	0.01352
6	0.01868	0.01509	0.01775	0.01273	0.02025	0.01140	0.01021	0.02244	0.01798	0.05928	0.01606	0.01822	0.01303	0.00652	0.00642	0.00133	0.00635	0.00522	0.00532	0.71572
7	0.01897	0.18088	0.49890	0.02213	0.03321	0.05456	0.02721	0.02699	0.01813	0.02521	0.01446	0.01694	0.01082	0.00795	0.00752	0.00249	0.01199	0.00589	0.00364	0.01210
8	0.02005	0.25610	0.03247	0.01965	0.02217	0.02869	0.01722	0.02221	0.01450	0.02032	0.01140	0.01690	0.01108	0.01226	0.02017	0.00307	0.45173	0.00645	0.00369	0.00987
9	0.01330	0.00951	0.01319	0.01489	0.01675	0.00940	0.01271	0.01705	0.01980	0.02606	0.10544	0.13705	0.05267	0.02313	0.01152	0.00376	0.00724	0.49076	0.00800	0.00779
