[name]
unknown

[dist]
# distance from previous block
# <min> <max>
9	236

[block]
# block no. 0 follows, 19 sequences, length 14
# corresponding to MSA columns:
# 385-398
name=unknown_A
#
# <colnr> <probs for GDERKNQSTAVLIFYWHMCP>
#	G	D	E	R	K	N	Q	S	T	A	V	L	I	F	Y	W	H	M	C	P
0	0.01480	0.06011	0.10181	0.01654	0.02042	0.01283	0.01569	0.01926	0.01980	0.02594	0.04477	0.14685	0.09497	0.02153	0.01112	0.00364	0.00835	0.34524	0.00734	0.00897
1	0.02016	0.02258	0.07846	0.03531	0.18249	0.02047	0.27494	0.02922	0.10241	0.02950	0.02809	0.03133	0.08226	0.00999	0.00980	0.00292	0.01161	0.01051	0.00550	0.01246
2	0.60750	0.02231	0.01556	0.01399	0.01935	0.14441	0.01119	0.02816	0.01723	0.03654	0.01273	0.01485	0.01005	0.00849	0.00604	0.00268	0.00874	0.00503	0.00535	0.00982
3	0.23514	0.01778	0.02424	0.20172	0.16097	0.02033	0.01910	0.02696	0.01801	0.09598	0.01674	0.02100	0.01284	0.00953	0.01020	0.00293	0.08274	0.00715	0.00530	0.01132
4	0.01690	0.01590	0.02683	0.66408	0.06162	0.01988	0.02485	0.02286	0.01789	0.02286	0.01590	0.02385	0.01193	0.00894	0.00894	0.00298	0.01193	0.00795	0.00398	0.00994
5	0.01891	0.01704	0.02327	0.01662	0.02473	0.01340	0.09150	0.02337	0.01891	0.02908	0.01620	0.01932	0.01330	0.00675	0.00717	0.00156	0.00779	0.00603	0.00519	0.63986
6	0.01278	0.00959	0.01438	0.01438	0.01598	0.01118	0.01118	0.01598	0.01438	0.02077	0.02396	0.03515	0.02237	0.06710	0.65013	0.01438	0.02396	0.00959	0.00479	0.00799
7	0.01574	0.01303	0.02200	0.02067	0.02411	0.01273	0.12953	0.02053	0.02070	0.02715	0.04159	0.08575	0.04400	0.02132	0.01200	0.00390	0.00959	0.45916	0.00750	0.00899
8	0.01794	0.04628	0.63923	0.02550	0.03872	0.02078	0.03305	0.02833	0.01889	0.02833	0.01606	0.01889	0.01133	0.00850	0.00850	0.00283	0.01322	0.00661	0.00378	0.01322
9	0.02392	0.69097	0.04688	0.01531	0.02296	0.03540	0.01531	0.02679	0.01818	0.02105	0.01244	0.01435	0.01148	0.00765	0.00574	0.00191	0.00957	0.00478	0.00383	0.01148
10	0.01701	0.01928	0.09487	0.59313	0.05907	0.01998	0.02576	0.02347	0.01800	0.02347	0.01592	0.02330	0.01186	0.00890	0.00890	0.00297	0.01207	0.00780	0.00395	0.01030
11	0.01464	0.01223	0.01697	0.01606	0.01672	0.01515	0.01230	0.01665	0.01430	0.02066	0.02449	0.12355	0.02605	0.15934	0.26114	0.00865	0.21615	0.01186	0.00512	0.00797
12	0.02081	0.01581	0.01838	0.01883	0.08629	0.01705	0.01298	0.10950	0.22056	0.03727	0.09672	0.03655	0.05691	0.01218	0.00853	0.00267	0.00666	0.01019	0.20028	0.01184
13	0.02437	0.01253	0.01596	0.01361	0.01761	0.01180	0.01047	0.03001	0.08789	0.26529	0.25076	0.04799	0.04698	0.10684	0.01462	0.00363	0.00646	0.01231	0.00963	0.01127

[dist]
# distance from previous block
# <min> <max>
0	29

[block]
# block no. 1 follows, 19 sequences, length 26
# corresponding to MSA columns:
# 428-453
name=unknown_B
#
# <colnr> <probs for GDERKNQSTAVLIFYWHMCP>
#	G	D	E	R	K	N	Q	S	T	A	V	L	I	F	Y	W	H	M	C	P
0	0.01773	0.01591	0.02058	0.18133	0.09349	0.06976	0.01695	0.04660	0.02196	0.02868	0.16991	0.07232	0.03944	0.01762	0.04005	0.00361	0.00983	0.11773	0.00671	0.00978
1	0.36216	0.01636	0.01883	0.18426	0.03046	0.01812	0.01462	0.03014	0.01877	0.19902	0.01963	0.02135	0.01369	0.00923	0.00738	0.00282	0.00843	0.00680	0.00664	0.01127
2	0.02245	0.15375	0.14353	0.07843	0.02943	0.02295	0.01889	0.03587	0.25080	0.08279	0.02641	0.02896	0.02046	0.01078	0.00846	0.00280	0.00928	0.03435	0.00672	0.01289
3	0.12817	0.01114	0.01520	0.01461	0.01674	0.01111	0.07032	0.01642	0.01664	0.02535	0.03707	0.41335	0.04261	0.12085	0.01549	0.00418	0.00703	0.01878	0.00704	0.00788
4	0.09518	0.03327	0.02461	0.19040	0.03562	0.42605	0.01857	0.03147	0.02246	0.02383	0.01425	0.01801	0.01146	0.00906	0.00806	0.00253	0.01418	0.00625	0.00453	0.01019
5	0.49387	0.18075	0.02109	0.01270	0.01823	0.02246	0.01091	0.02496	0.01615	0.03365	0.01635	0.08477	0.01535	0.01023	0.00621	0.00265	0.00738	0.00700	0.00541	0.00987
6	0.02152	0.42160	0.03666	0.07747	0.05226	0.02802	0.01646	0.02735	0.08153	0.02420	0.02097	0.03117	0.01959	0.01094	0.00757	0.00251	0.00936	0.09447	0.00512	0.01123
7	0.02234	0.08441	0.21503	0.01862	0.02737	0.01829	0.01934	0.08500	0.02200	0.09774	0.02168	0.02860	0.01772	0.01012	0.00823	0.00244	0.00954	0.06596	0.00601	0.21955
8	0.02208	0.21213	0.06014	0.02476	0.16112	0.04431	0.01742	0.04791	0.05957	0.02758	0.01662	0.01955	0.01391	0.00890	0.00840	0.03154	0.00921	0.00636	0.00492	0.20360
9	0.02446	0.01735	0.02752	0.02155	0.02739	0.01697	0.17260	0.07536	0.11704	0.17683	0.11915	0.10252	0.03328	0.01311	0.00993	0.00297	0.00899	0.01234	0.00833	0.01234
10	0.02901	0.02284	0.02540	0.02049	0.02603	0.02641	0.01675	0.38060	0.17057	0.04650	0.02342	0.02395	0.01748	0.01184	0.01219	0.00296	0.11275	0.00850	0.00819	0.01412
11	0.01263	0.00851	0.00987	0.01024	0.01034	0.00842	0.00594	0.01291	0.01375	0.01833	0.03198	0.17004	0.03731	0.56757	0.03941	0.00777	0.00805	0.01524	0.00594	0.00575
12	0.01262	0.00925	0.01323	0.01345	0.01468	0.01038	0.00997	0.01514	0.01445	0.02045	0.02730	0.10692	0.02785	0.16010	0.48770	0.01235	0.01958	0.01180	0.00526	0.00751
13	0.57760	0.01680	0.01499	0.01277	0.01864	0.01840	0.01052	0.03048	0.01773	0.18407	0.01797	0.01838	0.01270	0.00897	0.00637	0.00277	0.00709	0.00585	0.00687	0.01103
14	0.01261	0.00922	0.01105	0.01108	0.01348	0.00843	0.00863	0.01616	0.02233	0.03031	0.30130	0.07551	0.25398	0.02003	0.01045	0.00302	0.00495	0.10326	0.07611	0.00810
15	0.01301	0.00867	0.00976	0.00976	0.00976	0.00867	0.00542	0.01301	0.01301	0.01735	0.02819	0.05855	0.03253	0.68559	0.04554	0.00867	0.00867	0.01301	0.00542	0.00542
16	0.02392	0.69097	0.04688	0.01531	0.02296	0.03540	0.01531	0.02679	0.01818	0.02105	0.01244	0.01435	0.01148	0.00765	0.00574	0.00191	0.00957	0.00478	0.00383	0.01148
17	0.74878	0.01730	0.01315	0.01177	0.01730	0.02007	0.00969	0.02630	0.01523	0.04014	0.01246	0.01453	0.00969	0.00830	0.00554	0.00277	0.00692	0.00484	0.00554	0.00969
18	0.01957	0.01957	0.02740	0.02349	0.02349	0.02740	0.01957	0.02153	0.01370	0.02153	0.01174	0.01957	0.01174	0.01566	0.02936	0.00391	0.66921	0.00783	0.00391	0.00979
19	0.63749	0.01698	0.01434	0.01242	0.01817	0.01898	0.01023	0.02902	0.01686	0.13371	0.01604	0.01703	0.01165	0.00874	0.00608	0.00277	0.00703	0.00550	0.00641	0.01056
20	0.74878	0.01730	0.01315	0.01177	0.01730	0.02007	0.00969	0.02630	0.01523	0.04014	0.01246	0.01453	0.00969	0.00830	0.00554	0.00277	0.00692	0.00484	0.00554	0.00969
21	0.14205	0.39087	0.03443	0.01522	0.02234	0.02748	0.01404	0.06610	0.02088	0.16544	0.01818	0.01847	0.01385	0.00872	0.00664	0.00229	0.00873	0.00595	0.00605	0.01228
22	0.38051	0.01721	0.02095	0.12527	0.17993	0.01916	0.01647	0.02477	0.01713	0.03305	0.01752	0.07940	0.01575	0.01014	0.00746	0.00285	0.00849	0.00803	0.00526	0.01065
23	0.03296	0.01312	0.01696	0.01360	0.01904	0.01168	0.01104	0.03663	0.02351	0.45145	0.03342	0.03134	0.02239	0.01087	0.00816	0.00256	0.00656	0.00880	0.23282	0.01312
24	0.03569	0.02236	0.02518	0.01930	0.02640	0.02374	0.01595	0.44736	0.03755	0.21535	0.02527	0.02394	0.01712	0.01083	0.00896	0.00271	0.00923	0.00831	0.00953	0.01522
25	0.02366	0.03571	0.22675	0.03256	0.13056	0.19381	0.17162	0.03031	0.02146	0.02679	0.01609	0.01998	0.01240	0.00837	0.00896	0.00271	0.01409	0.00760	0.00430	0.01229

[dist]
# distance from previous block
# <min> <max>
0	10

[block]
# block no. 2 follows, 19 sequences, length 13
# corresponding to MSA columns:
# 464-476
name=unknown_C
#
# <colnr> <probs for GDERKNQSTAVLIFYWHMCP>
#	G	D	E	R	K	N	Q	S	T	A	V	L	I	F	Y	W	H	M	C	P
0	0.01709	0.01010	0.01356	0.01281	0.01460	0.01051	0.00923	0.01908	0.01558	0.11434	0.02736	0.04356	0.02630	0.30011	0.31500	0.01036	0.01547	0.01083	0.00601	0.00810
1	0.01579	0.00825	0.00865	0.00897	0.01082	0.00817	0.00657	0.01955	0.01851	0.03173	0.03229	0.13307	0.02852	0.01314	0.00705	0.00232	0.00433	0.01098	0.62311	0.00817
2	0.02943	0.01408	0.01813	0.01492	0.02016	0.01319	0.01194	0.03648	0.11623	0.36998	0.20614	0.04143	0.04096	0.01333	0.00946	0.00282	0.00655	0.01125	0.01041	0.01310
3	0.02266	0.08999	0.13575	0.02528	0.03217	0.08027	0.19112	0.02816	0.02056	0.08302	0.07950	0.02583	0.02057	0.01054	0.01228	0.00291	0.11345	0.00892	0.00540	0.01161
4	0.02288	0.01900	0.07934	0.01632	0.02110	0.07825	0.01422	0.07811	0.02261	0.14748	0.06040	0.04603	0.11807	0.02150	0.07168	0.07422	0.01026	0.08071	0.00738	0.01044
5	0.01193	0.00852	0.01157	0.01364	0.01461	0.00816	0.01010	0.01424	0.01815	0.02399	0.04874	0.50963	0.05691	0.02705	0.01169	0.00378	0.00609	0.18535	0.00829	0.00755
6	0.20547	0.01348	0.01350	0.01206	0.01571	0.01481	0.00956	0.02502	0.07403	0.03396	0.02263	0.02576	0.01794	0.01015	0.00853	0.00244	0.06725	0.00726	0.33773	0.08270
7	0.10133	0.05940	0.03473	0.02499	0.03246	0.06968	0.21949	0.19520	0.02731	0.11803	0.02019	0.02214	0.01454	0.00914	0.00894	0.00275	0.01154	0.00839	0.00674	0.01300
8	0.02835	0.02822	0.02214	0.01969	0.02426	0.30529	0.01520	0.09212	0.11569	0.08471	0.02207	0.02439	0.01744	0.02131	0.13390	0.00486	0.01483	0.00772	0.00638	0.01144
9	0.01163	0.00885	0.01069	0.01076	0.01287	0.00792	0.00787	0.01468	0.02209	0.02945	0.33556	0.19301	0.25887	0.02164	0.01073	0.00304	0.00451	0.01888	0.00904	0.00792
10	0.01774	0.02042	0.13821	0.07795	0.02592	0.01599	0.01649	0.11129	0.07623	0.03269	0.12222	0.05065	0.19789	0.01535	0.00973	0.00296	0.00813	0.04196	0.00738	0.01081
11	0.02328	0.02687	0.09254	0.23259	0.10389	0.15951	0.11804	0.02977	0.04614	0.05602	0.01776	0.02226	0.01344	0.00887	0.00897	0.00278	0.01295	0.00791	0.00481	0.01159
12	0.02543	0.26679	0.24839	0.01997	0.02941	0.02651	0.02165	0.13978	0.02380	0.09331	0.01779	0.01897	0.01324	0.00890	0.00766	0.00247	0.01070	0.00649	0.00554	0.01320

[dist]
# distance from previous block
# <min> <max>
0	1

[block]
# block no. 3 follows, 19 sequences, length 8
# corresponding to MSA columns:
# 478-485
name=unknown_D
#
# <colnr> <probs for GDERKNQSTAVLIFYWHMCP>
#	G	D	E	R	K	N	Q	S	T	A	V	L	I	F	Y	W	H	M	C	P
0	0.02218	0.02218	0.02385	0.02452	0.15984	0.13494	0.01567	0.02614	0.02025	0.02779	0.01572	0.01890	0.01313	0.00742	0.00740	0.00181	0.00933	0.00599	0.00497	0.43795
1	0.02782	0.08735	0.02459	0.01884	0.02441	0.11724	0.01543	0.18483	0.18426	0.09283	0.02811	0.03445	0.02293	0.01246	0.00900	0.00284	0.00962	0.08210	0.00795	0.01293
2	0.01671	0.01183	0.01417	0.01315	0.01543	0.01235	0.00965	0.12462	0.02027	0.02687	0.03712	0.09897	0.13341	0.15681	0.15288	0.11762	0.01088	0.01267	0.00649	0.00811
3	0.02443	0.02348	0.11657	0.01955	0.02723	0.04780	0.06564	0.08705	0.12238	0.12310	0.02418	0.04893	0.01855	0.00992	0.00849	0.00247	0.00927	0.00837	0.00694	0.20567
4	0.01710	0.01528	0.02513	0.03008	0.21534	0.01627	0.06169	0.02117	0.01794	0.02525	0.02607	0.10063	0.02603	0.02875	0.18124	0.00622	0.07494	0.09503	0.00543	0.01041
5	0.02241	0.14030	0.24964	0.02645	0.14273	0.02091	0.02312	0.02858	0.01947	0.11800	0.01954	0.02263	0.01498	0.01638	0.09282	0.00416	0.01269	0.00731	0.00514	0.01272
6	0.01822	0.07853	0.08201	0.01527	0.02202	0.01568	0.01341	0.02554	0.10813	0.02851	0.02442	0.13353	0.02288	0.01140	0.00793	0.00218	0.00737	0.00956	0.00610	0.36731
7	0.07768	0.08638	0.05457	0.03203	0.25221	0.01943	0.07486	0.02810	0.02084	0.12332	0.05423	0.03201	0.06009	0.01063	0.00882	0.00275	0.00949	0.03389	0.00615	0.01252

[dist]
# distance from previous block
# <min> <max>
0	24

[block]
# block no. 4 follows, 19 sequences, length 15
# corresponding to MSA columns:
# 510-524
name=unknown_E
#
# <colnr> <probs for GDERKNQSTAVLIFYWHMCP>
#	G	D	E	R	K	N	Q	S	T	A	V	L	I	F	Y	W	H	M	C	P
0	0.02058	0.02488	0.21807	0.01951	0.02629	0.01722	0.01983	0.14280	0.02372	0.06885	0.02880	0.11141	0.02689	0.02088	0.08122	0.00442	0.01155	0.11477	0.00674	0.01157
1	0.03711	0.14159	0.02565	0.01580	0.02286	0.01731	0.01355	0.04046	0.02422	0.52098	0.03102	0.02744	0.02015	0.01043	0.00839	0.00261	0.00798	0.00821	0.00972	0.01453
2	0.01142	0.00845	0.01076	0.01214	0.01347	0.00779	0.00872	0.01369	0.01902	0.02495	0.11979	0.43716	0.16710	0.02559	0.01127	0.00348	0.00530	0.08387	0.00847	0.00756
3	0.02143	0.01899	0.02782	0.03512	0.30896	0.02038	0.02029	0.09143	0.09314	0.03365	0.13285	0.03147	0.02871	0.01154	0.01146	0.00287	0.08095	0.00975	0.00645	0.01274
4	0.02748	0.09721	0.03070	0.10312	0.19947	0.34299	0.02079	0.03109	0.02242	0.02397	0.01476	0.01851	0.01231	0.00869	0.00816	0.00244	0.01348	0.00653	0.00441	0.01149
5	0.59831	0.01731	0.01468	0.01289	0.01851	0.01963	0.01053	0.03036	0.08297	0.09824	0.01737	0.01819	0.01287	0.00900	0.00627	0.00280	0.00701	0.00584	0.00648	0.01073
6	0.01301	0.00867	0.00976	0.00976	0.00976	0.00867	0.00542	0.01301	0.01301	0.01735	0.02819	0.05855	0.03253	0.68559	0.04554	0.00867	0.00867	0.01301	0.00542	0.00542
7	0.01586	0.01179	0.01944	0.01721	0.02026	0.01086	0.11886	0.01906	0.01980	0.08556	0.10885	0.39375	0.07944	0.02116	0.01088	0.00331	0.00713	0.01966	0.00804	0.00909
8	0.01891	0.01724	0.02872	0.30804	0.11026	0.01896	0.10716	0.08665	0.02121	0.02818	0.02320	0.14609	0.02163	0.01239	0.00964	0.00304	0.01076	0.01163	0.00547	0.01082
9	0.02210	0.01562	0.01714	0.01534	0.01971	0.01712	0.01193	0.03870	0.37247	0.10195	0.10058	0.03678	0.03229	0.01239	0.00872	0.00280	0.00628	0.01034	0.14519	0.01255
10	0.02496	0.62006	0.04453	0.01615	0.02348	0.10258	0.01552	0.02777	0.01896	0.02114	0.01259	0.01455	0.01149	0.00783	0.00599	0.00196	0.01029	0.00489	0.00391	0.01136
11	0.02903	0.09581	0.08727	0.05904	0.09866	0.01974	0.12120	0.03405	0.02198	0.28399	0.02408	0.02485	0.01668	0.00953	0.00954	0.00276	0.03283	0.00838	0.00709	0.01349
12	0.02260	0.27390	0.24828	0.08329	0.08880	0.02534	0.02332	0.02867	0.01933	0.08480	0.01668	0.01913	0.01277	0.00843	0.00761	0.00249	0.01097	0.00643	0.00459	0.01256
13	0.01369	0.00946	0.01254	0.01234	0.01381	0.01004	0.00891	0.01577	0.01510	0.04469	0.03359	0.04840	0.09644	0.25687	0.35664	0.01076	0.01615	0.01174	0.00566	0.00741
14	0.02012	0.01289	0.01757	0.07787	0.07818	0.01264	0.01301	0.02560	0.07504	0.15950	0.15579	0.15095	0.13085	0.01660	0.00992	0.00299	0.00673	0.01447	0.00850	0.01077

[dist]
# distance from previous block
# <min> <max>
3	19

[block]
# block no. 5 follows, 19 sequences, length 19
# corresponding to MSA columns:
# 545-563
name=unknown_F
#
# <colnr> <probs for GDERKNQSTAVLIFYWHMCP>
#	G	D	E	R	K	N	Q	S	T	A	V	L	I	F	Y	W	H	M	C	P
0	0.02194	0.01525	0.02019	0.02178	0.12666	0.01550	0.01427	0.03227	0.19353	0.14095	0.24461	0.04292	0.04463	0.01343	0.00956	0.00284	0.00677	0.01172	0.00889	0.01229
1	0.10051	0.01942	0.03500	0.18042	0.12291	0.01987	0.23682	0.02743	0.02025	0.08013	0.05470	0.02585	0.01782	0.00895	0.00927	0.00290	0.01157	0.00918	0.00536	0.01165
2	0.55578	0.01814	0.01997	0.07543	0.07544	0.02039	0.06681	0.02631	0.01644	0.03663	0.01365	0.01688	0.01062	0.00826	0.00658	0.00280	0.00843	0.00591	0.00521	0.01031
3	0.02465	0.33464	0.03661	0.15188	0.08798	0.18078	0.01884	0.02824	0.02007	0.02238	0.01388	0.01742	0.01183	0.00833	0.00724	0.00229	0.01174	0.00596	0.00410	0.01115
4	0.02096	0.02592	0.17955	0.15594	0.07534	0.02088	0.12458	0.03309	0.17326	0.06537	0.02282	0.02544	0.01678	0.00948	0.00916	0.00293	0.01122	0.00871	0.00579	0.01277
5	0.01092	0.00860	0.00987	0.01057	0.01256	0.00754	0.00754	0.01314	0.01971	0.02495	0.13334	0.30546	0.35572	0.02419	0.01089	0.00323	0.00474	0.02103	0.00847	0.00754
6	0.01244	0.00913	0.01155	0.01140	0.01287	0.00922	0.00810	0.01470	0.01723	0.02338	0.15841	0.05766	0.14454	0.23768	0.22405	0.00830	0.01189	0.01360	0.00663	0.00722
7	0.01641	0.01119	0.01354	0.01244	0.01535	0.01114	0.00949	0.02429	0.12845	0.07112	0.42173	0.05515	0.06399	0.01592	0.00974	0.00277	0.00492	0.01383	0.08869	0.00984
8	0.10618	0.01542	0.02005	0.01553	0.02232	0.01379	0.01283	0.04199	0.02464	0.58045	0.03317	0.02897	0.02099	0.01082	0.00867	0.00277	0.00755	0.00861	0.01056	0.01471
9	0.02700	0.03194	0.02630	0.02325	0.02572	0.36106	0.01835	0.02914	0.01995	0.02173	0.01286	0.01773	0.01163	0.01221	0.01794	0.00305	0.31903	0.00672	0.00429	0.01010
10	0.02083	0.01289	0.01584	0.01394	0.01779	0.01281	0.01084	0.03003	0.16913	0.16337	0.35630	0.05095	0.05727	0.01526	0.00987	0.00286	0.00564	0.01318	0.00993	0.01128
11	0.74878	0.01730	0.01315	0.01177	0.01730	0.02007	0.00969	0.02630	0.01523	0.04014	0.01246	0.01453	0.00969	0.00830	0.00554	0.00277	0.00692	0.00484	0.00554	0.00969
12	0.02392	0.69097	0.04688	0.01531	0.02296	0.03540	0.01531	0.02679	0.01818	0.02105	0.01244	0.01435	0.01148	0.00765	0.00574	0.00191	0.00957	0.00478	0.00383	0.01148
13	0.03401	0.02506	0.02685	0.02058	0.02774	0.02774	0.01700	0.59995	0.04206	0.05638	0.02148	0.02148	0.01521	0.01074	0.00895	0.00268	0.00984	0.00805	0.00895	0.01521
14	0.01690	0.01590	0.02683	0.66408	0.06162	0.01988	0.02485	0.02286	0.01789	0.02286	0.01590	0.02385	0.01193	0.00894	0.00894	0.00298	0.01193	0.00795	0.00398	0.00994
15	0.04014	0.01523	0.02076	0.01592	0.02284	0.01315	0.01315	0.04360	0.02561	0.63597	0.03530	0.03045	0.02215	0.01107	0.00900	0.00277	0.00761	0.00900	0.01107	0.01523
16	0.01204	0.00912	0.01109	0.01060	0.01298	0.00818	0.00795	0.01567	0.02385	0.03237	0.46485	0.07261	0.24681	0.01960	0.01056	0.00288	0.00431	0.01699	0.00939	0.00818
17	0.01149	0.00837	0.01095	0.01280	0.01386	0.00783	0.00922	0.01357	0.01810	0.02368	0.05346	0.51303	0.11948	0.02686	0.01149	0.00365	0.00566	0.12075	0.00829	0.00747
18	0.01245	0.00905	0.01081	0.01037	0.01273	0.00818	0.00778	0.01613	0.02334	0.03238	0.42063	0.06908	0.22962	0.01877	0.01016	0.00280	0.00430	0.01620	0.07702	0.00818

[dist]
# distance from previous block
# <min> <max>
3	4

[block]
# block no. 6 follows, 19 sequences, length 29
# corresponding to MSA columns:
# 568-596
name=unknown_G
#
# <colnr> <probs for GDERKNQSTAVLIFYWHMCP>
#	G	D	E	R	K	N	Q	S	T	A	V	L	I	F	Y	W	H	M	C	P
0	0.02360	0.17154	0.14568	0.13041	0.16154	0.05306	0.02306	0.13262	0.02345	0.03096	0.01631	0.01974	0.01278	0.00872	0.00811	0.00257	0.01118	0.00695	0.00495	0.01276
1	0.02597	0.01415	0.01749	0.01439	0.01918	0.01351	0.01150	0.13153	0.02803	0.24872	0.26341	0.04752	0.09648	0.01477	0.00972	0.00279	0.00645	0.01242	0.00998	0.01197
2	0.01864	0.01360	0.01553	0.01364	0.01678	0.01396	0.01025	0.18662	0.02681	0.03629	0.23873	0.11094	0.10018	0.13827	0.01650	0.00393	0.00680	0.01432	0.00850	0.00969
3	0.02175	0.13610	0.02288	0.06930	0.02299	0.01607	0.01252	0.02567	0.02175	0.14416	0.19782	0.03468	0.03540	0.01128	0.00827	0.00228	0.00709	0.00933	0.00735	0.19331
4	0.01123	0.00802	0.01076	0.01283	0.01350	0.00755	0.00888	0.01302	0.01745	0.02321	0.04913	0.62571	0.05845	0.02772	0.01151	0.00368	0.00548	0.07623	0.00830	0.00736
5	0.02843	0.02229	0.02371	0.01946	0.02562	0.02514	0.01565	0.33765	0.31345	0.04738	0.02857	0.02713	0.02096	0.01140	0.00902	0.00285	0.00853	0.00903	0.00902	0.01471
6	0.02836	0.02224	0.02379	0.11677	0.03048	0.07772	0.01661	0.30269	0.09130	0.09099	0.02943	0.02969	0.07645	0.01168	0.00905	0.00277	0.00973	0.00919	0.00794	0.01312
7	0.02392	0.69097	0.04688	0.01531	0.02296	0.03540	0.01531	0.02679	0.01818	0.02105	0.01244	0.01435	0.01148	0.00765	0.00574	0.00191	0.00957	0.00478	0.00383	0.01148
8	0.01957	0.01957	0.02740	0.02349	0.02349	0.02740	0.01957	0.02153	0.01370	0.02153	0.01174	0.01957	0.01174	0.01566	0.02936	0.00391	0.66921	0.00783	0.00391	0.00979
9	0.02214	0.02126	0.03631	0.05491	0.62978	0.02126	0.02746	0.02746	0.02037	0.02923	0.01683	0.02214	0.01417	0.00797	0.00886	0.00266	0.01063	0.00797	0.00443	0.01417
10	0.01855	0.01590	0.01855	0.01325	0.02120	0.01193	0.01060	0.02253	0.01855	0.02915	0.01590	0.01855	0.01325	0.00663	0.00663	0.00133	0.00663	0.00530	0.00530	0.74028
11	0.09485	0.03612	0.02468	0.02147	0.02679	0.44187	0.01657	0.17451	0.02862	0.03199	0.01560	0.01732	0.01228	0.00952	0.00807	0.00244	0.01379	0.00625	0.00576	0.01151
12	0.01947	0.02001	0.02495	0.39209	0.10112	0.13220	0.02121	0.02404	0.01936	0.02328	0.02069	0.12191	0.01924	0.01180	0.00915	0.00293	0.01154	0.01021	0.00479	0.01001
13	0.01982	0.01586	0.01868	0.01341	0.02130	0.01200	0.01075	0.02376	0.01897	0.06473	0.01704	0.01925	0.01377	0.00689	0.00676	0.00141	0.00668	0.00552	0.00564	0.69776
14	0.02519	0.51012	0.09855	0.01722	0.02530	0.03265	0.01727	0.13078	0.02257	0.02813	0.01441	0.01607	0.01214	0.00829	0.00658	0.00214	0.00996	0.00555	0.00475	0.01232
15	0.01794	0.04628	0.63923	0.02550	0.03872	0.02078	0.03305	0.02833	0.01889	0.02833	0.01606	0.01889	0.01133	0.00850	0.00850	0.00283	0.01322	0.00661	0.00378	0.01322
16	0.01811	0.01682	0.02725	0.43228	0.17946	0.01955	0.02341	0.02529	0.06941	0.02550	0.02007	0.06773	0.01686	0.01027	0.00910	0.00296	0.01078	0.00930	0.00480	0.01105
17	0.01745	0.03192	0.34977	0.32733	0.04954	0.02035	0.02917	0.02575	0.01842	0.02575	0.01598	0.02123	0.01161	0.00871	0.00871	0.00290	0.01261	0.00724	0.00387	0.01167
18	0.01690	0.01590	0.02683	0.66408	0.06162	0.01988	0.02485	0.02286	0.01789	0.02286	0.01590	0.02385	0.01193	0.00894	0.00894	0.00298	0.01193	0.00795	0.00398	0.00994
19	0.01154	0.00910	0.01040	0.01007	0.01268	0.00796	0.00756	0.01470	0.02267	0.02957	0.33706	0.07721	0.37634	0.02064	0.01056	0.00293	0.00439	0.01764	0.00902	0.00796
20	0.02160	0.02721	0.14525	0.02732	0.03538	0.05403	0.24341	0.03615	0.24665	0.03160	0.02449	0.02630	0.01830	0.00955	0.00950	0.00295	0.01175	0.00943	0.00614	0.01299
21	0.07176	0.06115	0.22807	0.02007	0.02736	0.16265	0.01995	0.05743	0.02158	0.08448	0.02324	0.13872	0.02115	0.01251	0.00868	0.00280	0.01116	0.00993	0.00585	0.01147
22	0.01289	0.01010	0.01569	0.01607	0.01786	0.00963	0.06811	0.01576	0.01849	0.02451	0.04569	0.45304	0.05252	0.02508	0.01160	0.00371	0.00702	0.17628	0.00791	0.00801
23	0.74878	0.01730	0.01315	0.01177	0.01730	0.02007	0.00969	0.02630	0.01523	0.04014	0.01246	0.01453	0.00969	0.00830	0.00554	0.00277	0.00692	0.00484	0.00554	0.00969
24	0.74878	0.01730	0.01315	0.01177	0.01730	0.02007	0.00969	0.02630	0.01523	0.04014	0.01246	0.01453	0.00969	0.00830	0.00554	0.00277	0.00692	0.00484	0.00554	0.00969
25	0.02312	0.02297	0.08803	0.19248	0.07636	0.02447	0.02205	0.19279	0.02408	0.03329	0.01645	0.02135	0.01293	0.01124	0.01461	0.00312	0.19535	0.00782	0.00543	0.01205
26	0.01228	0.00913	0.01143	0.01086	0.01313	0.00828	0.00814	0.01615	0.02443	0.03375	0.52823	0.07032	0.18257	0.01908	0.01056	0.00285	0.00428	0.01667	0.00957	0.00828
27	0.01138	0.00909	0.01018	0.00991	0.01258	0.00790	0.00743	0.01440	0.02230	0.02870	0.29745	0.07864	0.41650	0.02097	0.01057	0.00294	0.00441	0.01784	0.00890	0.00790
28	0.01502	0.01249	0.01950	0.01643	0.01822	0.01304	0.11441	0.01685	0.01467	0.02007	0.02456	0.04679	0.02636	0.44760	0.09426	0.00777	0.06785	0.01180	0.00507	0.00724

[dist]
# distance from previous block
# <min> <max>
0	1

[block]
# block no. 7 follows, 19 sequences, length 67
# corresponding to MSA columns:
# 598-618,627-672
name=unknown_H
#
# <colnr> <probs for GDERKNQSTAVLIFYWHMCP>
#	G	D	E	R	K	N	Q	S	T	A	V	L	I	F	Y	W	H	M	C	P
0	0.01474	0.00820	0.01188	0.01188	0.01216	0.00847	0.00806	0.01257	0.01230	0.01667	0.01860	0.03256	0.01888	0.12069	0.14224	0.52165	0.01067	0.00875	0.00424	0.00479
1	0.74878	0.01730	0.01315	0.01177	0.01730	0.02007	0.00969	0.02630	0.01523	0.04014	0.01246	0.01453	0.00969	0.00830	0.00554	0.00277	0.00692	0.00484	0.00554	0.00969
2	0.01337	0.01028	0.01446	0.12085	0.02147	0.01036	0.01120	0.01789	0.02408	0.03369	0.52279	0.05961	0.07225	0.01672	0.01028	0.00284	0.00551	0.01480	0.00886	0.00869
3	0.01512	0.00881	0.01231	0.01200	0.01310	0.00821	0.00822	0.01318	0.01348	0.01853	0.02140	0.13846	0.02276	0.02744	0.02730	0.51886	0.00718	0.01050	0.00483	0.09831
4	0.01690	0.01590	0.02683	0.66408	0.06162	0.01988	0.02485	0.02286	0.01789	0.02286	0.01590	0.02385	0.01193	0.00894	0.00894	0.00298	0.01193	0.00795	0.00398	0.00994
5	0.01266	0.00914	0.01196	0.01126	0.01337	0.00844	0.00844	0.01688	0.02532	0.03588	0.62506	0.06683	0.08441	0.01829	0.01055	0.00281	0.00422	0.01618	0.00985	0.00844
6	0.02141	0.04075	0.42393	0.02700	0.03805	0.10165	0.12726	0.06302	0.02146	0.02922	0.01644	0.01959	0.01197	0.00856	0.00883	0.00279	0.01371	0.00727	0.00432	0.01278
7	0.74878	0.01730	0.01315	0.01177	0.01730	0.02007	0.00969	0.02630	0.01523	0.04014	0.01246	0.01453	0.00969	0.00830	0.00554	0.00277	0.00692	0.00484	0.00554	0.00969
8	0.01105	0.00895	0.00980	0.00986	0.01244	0.00771	0.00729	0.01366	0.02111	0.02651	0.19956	0.14040	0.45586	0.02226	0.01065	0.00304	0.00453	0.01895	0.00863	0.00771
9	0.01090	0.00779	0.01038	0.01246	0.01298	0.00727	0.00830	0.01246	0.01713	0.02284	0.04931	0.67975	0.05917	0.02803	0.01142	0.00363	0.00519	0.02543	0.00830	0.00727
10	0.03954	0.01619	0.02136	0.01638	0.02332	0.01458	0.01353	0.09831	0.02722	0.57898	0.03394	0.02957	0.02146	0.01104	0.00899	0.00276	0.00783	0.00890	0.01086	0.01522
11	0.01266	0.00914	0.01196	0.01126	0.01337	0.00844	0.00844	0.01688	0.02532	0.03588	0.62506	0.06683	0.08441	0.01829	0.01055	0.00281	0.00422	0.01618	0.00985	0.00844
12	0.03198	0.02405	0.02571	0.02017	0.02697	0.02680	0.01651	0.50482	0.14049	0.05312	0.02405	0.02353	0.01730	0.01098	0.00898	0.00275	0.00937	0.00841	0.00898	0.01503
13	0.01690	0.01590	0.02683	0.66408	0.06162	0.01988	0.02485	0.02286	0.01789	0.02286	0.01590	0.02385	0.01193	0.00894	0.00894	0.00298	0.01193	0.00795	0.00398	0.00994
14	0.03899	0.01707	0.02190	0.01679	0.02376	0.01589	0.01387	0.14796	0.02869	0.52725	0.03270	0.02877	0.02085	0.01101	0.00899	0.00275	0.00803	0.00882	0.01067	0.01522
15	0.01094	0.00879	0.00938	0.00974	0.01194	0.00765	0.00688	0.01280	0.01889	0.02307	0.07556	0.18481	0.45287	0.10806	0.01517	0.00385	0.00517	0.01926	0.00794	0.00723
16	0.74878	0.01730	0.01315	0.01177	0.01730	0.02007	0.00969	0.02630	0.01523	0.04014	0.01246	0.01453	0.00969	0.00830	0.00554	0.00277	0.00692	0.00484	0.00554	0.00969
17	0.02392	0.69097	0.04688	0.01531	0.02296	0.03540	0.01531	0.02679	0.01818	0.02105	0.01244	0.01435	0.01148	0.00765	0.00574	0.00191	0.00957	0.00478	0.00383	0.01148
18	0.02013	0.01454	0.02287	0.44259	0.04618	0.01682	0.01954	0.02464	0.01834	0.12484	0.02127	0.03093	0.01719	0.12582	0.01525	0.00393	0.01064	0.00900	0.00542	0.01005
19	0.02229	0.01891	0.01984	0.01868	0.02221	0.09750	0.01548	0.17787	0.02633	0.03357	0.03373	0.09707	0.03427	0.01852	0.01202	0.00346	0.05547	0.27468	0.00767	0.01045
20	0.01135	0.00811	0.01090	0.01297	0.01368	0.00765	0.00908	0.01323	0.01757	0.02334	0.04906	0.60599	0.05819	0.02761	0.01154	0.00370	0.00558	0.09477	0.00830	0.00739
21	0.02124	0.02033	0.03468	0.15981	0.53194	0.02102	0.02701	0.02666	0.01994	0.02813	0.01667	0.02244	0.01378	0.00814	0.00887	0.00271	0.01085	0.00797	0.00435	0.01344
22	0.11161	0.01608	0.01786	0.01306	0.02070	0.01296	0.01048	0.02301	0.01813	0.03055	0.01546	0.01804	0.01280	0.00684	0.00649	0.00151	0.00666	0.00524	0.00533	0.64718
23	0.01621	0.00999	0.01388	0.01339	0.01523	0.01062	0.00992	0.01860	0.01565	0.09849	0.02789	0.07798	0.02687	0.20168	0.39001	0.01094	0.01721	0.01124	0.00595	0.00827
24	0.01266	0.00914	0.01196	0.01126	0.01337	0.00844	0.00844	0.01688	0.02532	0.03588	0.62506	0.06683	0.08441	0.01829	0.01055	0.00281	0.00422	0.01618	0.00985	0.00844
25	0.02056	0.01718	0.01634	0.01438	0.01848	0.09441	0.01116	0.12202	0.06747	0.06913	0.18635	0.05462	0.23923	0.01646	0.00977	0.00281	0.00721	0.01352	0.00852	0.01035
26	0.03748	0.01999	0.02140	0.01696	0.02355	0.12267	0.01368	0.04078	0.02507	0.48803	0.03025	0.02716	0.01970	0.01044	0.00867	0.00259	0.00901	0.00818	0.00956	0.06481
27	0.01762	0.10328	0.47297	0.02204	0.03281	0.02009	0.02707	0.02621	0.01993	0.02892	0.12057	0.02670	0.02393	0.01010	0.00858	0.00274	0.01131	0.00808	0.00483	0.01223
28	0.01855	0.01590	0.01855	0.01325	0.02120	0.01193	0.01060	0.02253	0.01855	0.02915	0.01590	0.01855	0.01325	0.00663	0.00663	0.00133	0.00663	0.00530	0.00530	0.74028
29	0.01945	0.12377	0.45715	0.02294	0.03405	0.02289	0.02754	0.03144	0.12121	0.02897	0.01910	0.02081	0.01410	0.00902	0.00825	0.00275	0.01170	0.00698	0.00470	0.01316
30	0.01197	0.00906	0.01103	0.01066	0.01297	0.00813	0.00795	0.01550	0.02351	0.03185	0.44208	0.09913	0.24347	0.02000	0.01060	0.00291	0.00435	0.01738	0.00933	0.00813
31	0.02204	0.01991	0.02477	0.11017	0.20371	0.07159	0.01857	0.08140	0.15516	0.03254	0.05192	0.03012	0.04715	0.01070	0.00876	0.00272	0.00921	0.00914	0.07810	0.01230
32	0.01847	0.03104	0.30908	0.03204	0.17001	0.01950	0.11060	0.02605	0.01877	0.02728	0.01789	0.02319	0.01420	0.01833	0.11937	0.00481	0.01476	0.00801	0.00421	0.01237
33	0.01543	0.01237	0.01694	0.09737	0.02147	0.01478	0.01256	0.01928	0.06600	0.02123	0.02278	0.03743	0.02232	0.22496	0.19806	0.05911	0.11484	0.01003	0.00505	0.00801
34	0.02147	0.09635	0.26950	0.02142	0.03029	0.02281	0.04699	0.10543	0.18611	0.03347	0.02649	0.02696	0.05258	0.01050	0.00866	0.00280	0.01031	0.00848	0.00621	0.01318
35	0.01435	0.01255	0.01928	0.35923	0.03922	0.01430	0.01741	0.01860	0.01839	0.02342	0.03828	0.17917	0.12851	0.01667	0.01004	0.00323	0.00894	0.06359	0.00599	0.00882
36	0.09440	0.02226	0.09960	0.02120	0.07823	0.02093	0.01696	0.08874	0.31126	0.05771	0.02781	0.02751	0.02079	0.01064	0.00843	0.00284	0.00822	0.00861	0.06058	0.01331
37	0.14718	0.19632	0.19957	0.10413	0.09094	0.02375	0.02151	0.02790	0.01858	0.07135	0.01595	0.01877	0.01222	0.00844	0.00742	0.00259	0.01039	0.00632	0.00470	0.01199
38	0.02145	0.28195	0.12231	0.02532	0.11884	0.02709	0.05412	0.02808	0.07716	0.02552	0.01758	0.04364	0.01534	0.01002	0.01044	0.00265	0.09422	0.00754	0.00465	0.01207
39	0.02289	0.57995	0.14888	0.01706	0.02568	0.03288	0.01836	0.02705	0.01830	0.02230	0.01306	0.01513	0.01146	0.00780	0.00622	0.00207	0.01020	0.00510	0.00382	0.01178
40	0.02050	0.09950	0.02313	0.16624	0.02884	0.01694	0.03964	0.02428	0.01896	0.11910	0.02725	0.15663	0.02488	0.01360	0.01007	0.00286	0.05412	0.01139	0.13187	0.01022
41	0.01327	0.00889	0.01089	0.01089	0.01150	0.00933	0.00706	0.01449	0.01388	0.01966	0.02713	0.05001	0.02894	0.45928	0.20624	0.00965	0.01243	0.01168	0.06842	0.00637
42	0.01126	0.00829	0.01055	0.01167	0.01293	0.00758	0.00811	0.01354	0.01952	0.02607	0.18952	0.44872	0.14938	0.02496	0.01109	0.00335	0.00487	0.02230	0.00866	0.00758
43	0.01236	0.00913	0.01154	0.01094	0.01318	0.00831	0.00820	0.01630	0.02461	0.03418	0.54757	0.06962	0.16296	0.01892	0.01056	0.00284	0.00427	0.01657	0.00963	0.00831
44	0.01130	0.00809	0.01074	0.01218	0.01306	0.00753	0.00834	0.01346	0.01899	0.02580	0.17989	0.54073	0.06490	0.02582	0.01122	0.00345	0.00497	0.02333	0.00865	0.00753
45	0.03954	0.01619	0.02136	0.01638	0.02332	0.01458	0.01353	0.09831	0.02722	0.57898	0.03394	0.02957	0.02146	0.01104	0.00899	0.00276	0.00783	0.00890	0.01086	0.01522
46	0.03251	0.02431	0.02601	0.02028	0.02717	0.02704	0.01664	0.52955	0.11490	0.05397	0.02338	0.02300	0.01676	0.01092	0.00897	0.00273	0.00949	0.00832	0.00897	0.01508
47	0.02392	0.69097	0.04688	0.01531	0.02296	0.03540	0.01531	0.02679	0.01818	0.02105	0.01244	0.01435	0.01148	0.00765	0.00574	0.00191	0.00957	0.00478	0.00383	0.01148
48	0.74878	0.01730	0.01315	0.01177	0.01730	0.02007	0.00969	0.02630	0.01523	0.04014	0.01246	0.01453	0.00969	0.00830	0.00554	0.00277	0.00692	0.00484	0.00554	0.00969
49	0.01181	0.00864	0.01109	0.01148	0.01310	0.00792	0.00823	0.01485	0.02181	0.02991	0.35995	0.29500	0.12837	0.02231	0.01087	0.00314	0.00461	0.01986	0.00913	0.00792
50	0.01554	0.00777	0.01166	0.01166	0.01166	0.00777	0.00777	0.01166	0.01166	0.01554	0.01554	0.02720	0.01554	0.03108	0.03497	0.73970	0.00777	0.00777	0.00389	0.00389
51	0.02392	0.69097	0.04688	0.01531	0.02296	0.03540	0.01531	0.02679	0.01818	0.02105	0.01244	0.01435	0.01148	0.00765	0.00574	0.00191	0.00957	0.00478	0.00383	0.01148
52	0.01546	0.01208	0.01437	0.01328	0.01625	0.01247	0.01011	0.02583	0.19698	0.03633	0.45330	0.05707	0.06775	0.01649	0.01013	0.00288	0.00506	0.01441	0.00963	0.01011
53	0.01166	0.00849	0.01108	0.01241	0.01368	0.00791	0.00897	0.01414	0.01949	0.02603	0.16602	0.42898	0.11730	0.02518	0.01129	0.00348	0.00533	0.09233	0.00860	0.00765
54	0.02906	0.20404	0.03104	0.01851	0.02557	0.02838	0.01588	0.34755	0.10734	0.04314	0.02068	0.02093	0.01565	0.00989	0.00799	0.00246	0.00927	0.00730	0.00741	0.04790
55	0.03111	0.03643	0.02590	0.02281	0.02695	0.46326	0.01764	0.10518	0.02548	0.02623	0.01444	0.01741	0.01203	0.01052	0.01185	0.00263	0.12779	0.00641	0.00504	0.01089
56	0.02618	0.21350	0.17554	0.02284	0.03187	0.02378	0.14501	0.05621	0.02174	0.16967	0.02022	0.02157	0.01456	0.00875	0.00831	0.00259	0.01115	0.00758	0.00588	0.01304
57	0.02014	0.30724	0.35370	0.02071	0.03088	0.02602	0.02451	0.02702	0.01872	0.02525	0.01675	0.02274	0.01419	0.00928	0.00764	0.00255	0.01138	0.04501	0.00411	0.01216
58	0.02529	0.01194	0.01601	0.01340	0.01772	0.01061	0.01061	0.02916	0.02545	0.31172	0.35396	0.05011	0.05579	0.01497	0.00984	0.00279	0.00578	0.01288	0.01041	0.01156
59	0.03715	0.01435	0.01918	0.01495	0.02126	0.01254	0.01227	0.04070	0.02473	0.55918	0.03452	0.03082	0.02225	0.01099	0.00865	0.00268	0.00717	0.00891	0.10336	0.01435
60	0.02040	0.02348	0.06961	0.23863	0.04412	0.10096	0.19609	0.02609	0.01969	0.02501	0.01851	0.02863	0.01560	0.01050	0.01159	0.00308	0.07782	0.05496	0.00456	0.01067
61	0.01127	0.00835	0.01057	0.01196	0.01324	0.00766	0.00847	0.01341	0.01883	0.02467	0.11392	0.46040	0.17278	0.02577	0.01124	0.00347	0.00519	0.06285	0.00845	0.00751
62	0.01364	0.00919	0.01210	0.01168	0.01374	0.00846	0.00864	0.01737	0.02393	0.06163	0.49840	0.17068	0.07716	0.01963	0.01063	0.00295	0.00455	0.01744	0.00964	0.00856
63	0.01404	0.01440	0.07167	0.01637	0.01969	0.01220	0.06034	0.02021	0.09422	0.02555	0.04293	0.34282	0.09809	0.02700	0.09210	0.00474	0.00930	0.01789	0.00724	0.00920
64	0.02597	0.02501	0.03482	0.03318	0.17208	0.14429	0.19246	0.07750	0.02335	0.08877	0.01946	0.02348	0.01507	0.01390	0.06647	0.00375	0.01388	0.00856	0.00555	0.01243
65	0.02445	0.01587	0.01962	0.01665	0.02074	0.01753	0.01345	0.20344	0.02510	0.12790	0.02455	0.02891	0.01941	0.03222	0.25041	0.00711	0.06014	0.00878	0.07219	0.01152
66	0.07313	0.09860	0.22618	0.01974	0.04866	0.01991	0.01970	0.08495	0.05746	0.10938	0.07680	0.03077	0.07497	0.01121	0.00851	0.00273	0.00936	0.00888	0.00659	0.01243

[dist]
# distance from previous block
# <min> <max>
0	13

[block]
# block no. 8 follows, 19 sequences, length 21
# corresponding to MSA columns:
# 686-706
name=unknown_I
#
# <colnr> <probs for GDERKNQSTAVLIFYWHMCP>
#	G	D	E	R	K	N	Q	S	T	A	V	L	I	F	Y	W	H	M	C	P
0	0.11329	0.15374	0.02763	0.08544	0.02821	0.10201	0.01609	0.18286	0.14168	0.03616	0.02006	0.02119	0.01541	0.00975	0.00784	0.00260	0.00988	0.00715	0.00653	0.01248
1	0.01494	0.01198	0.01429	0.01246	0.01678	0.00989	0.00946	0.01787	0.01844	0.02623	0.06294	0.16224	0.10474	0.08559	0.01278	0.00306	0.00637	0.06724	0.00672	0.33598
2	0.02205	0.02510	0.09134	0.03515	0.10225	0.02342	0.36699	0.08364	0.02202	0.03055	0.01737	0.02270	0.01340	0.00896	0.01234	0.00304	0.09305	0.00940	0.00482	0.01241
3	0.10559	0.01964	0.10964	0.01988	0.02531	0.01637	0.12098	0.04387	0.09572	0.04888	0.02794	0.19249	0.02684	0.01631	0.01214	0.07993	0.00909	0.01266	0.00640	0.01033
4	0.03257	0.01300	0.01676	0.01347	0.01884	0.01160	0.01093	0.03626	0.02340	0.44167	0.03333	0.03139	0.02240	0.01086	0.00811	0.00255	0.00650	0.00878	0.24457	0.01300
5	0.03913	0.01684	0.02176	0.01669	0.02365	0.01555	0.01378	0.13521	0.02832	0.54054	0.03302	0.02897	0.02100	0.01102	0.00899	0.00275	0.00798	0.00884	0.01072	0.01522
6	0.02038	0.02372	0.10964	0.17129	0.33077	0.02119	0.13847	0.02686	0.01984	0.02772	0.01680	0.02249	0.01326	0.00815	0.00916	0.00281	0.01207	0.00831	0.00428	0.01279
7	0.01978	0.01842	0.02180	0.26192	0.03671	0.08406	0.01797	0.05387	0.17310	0.02834	0.02828	0.11132	0.02551	0.01370	0.00952	0.00310	0.00986	0.06542	0.00651	0.01081
8	0.01085	0.00837	0.00992	0.01103	0.01263	0.00744	0.00770	0.01282	0.01883	0.02398	0.09276	0.41067	0.29018	0.02540	0.01104	0.00335	0.00488	0.02235	0.00838	0.00744
9	0.01810	0.01137	0.01437	0.01460	0.01750	0.01145	0.01215	0.02471	0.09211	0.08992	0.10217	0.07003	0.04397	0.01859	0.01034	0.00335	0.00687	0.28728	0.14148	0.00967
10	0.01871	0.03834	0.45584	0.07586	0.03951	0.02108	0.08935	0.03023	0.09011	0.02902	0.01869	0.02156	0.01352	0.00887	0.00882	0.00289	0.01258	0.00755	0.00451	0.01296
11	0.01713	0.02437	0.21753	0.02155	0.02772	0.01751	0.08088	0.04404	0.01838	0.02658	0.02247	0.03451	0.02008	0.02768	0.19137	0.00633	0.08378	0.07537	0.03214	0.01057
12	0.03958	0.01612	0.02132	0.01634	0.02329	0.01448	0.01350	0.09428	0.02711	0.58318	0.03404	0.02963	0.02151	0.01104	0.00899	0.00276	0.00782	0.00891	0.01088	0.01522
13	0.01518	0.01166	0.01645	0.01800	0.07971	0.01238	0.01215	0.06247	0.01965	0.02758	0.14825	0.11732	0.03844	0.07238	0.29724	0.00833	0.01447	0.01270	0.00656	0.00908
14	0.02431	0.09053	0.03638	0.10341	0.06247	0.02189	0.22345	0.08966	0.06160	0.10923	0.02325	0.03014	0.01832	0.01017	0.00946	0.00290	0.01136	0.05277	0.00628	0.01242
15	0.01858	0.01780	0.02674	0.34300	0.11495	0.06705	0.07700	0.02368	0.01910	0.02520	0.02096	0.09288	0.01843	0.01087	0.00900	0.00287	0.01089	0.00991	0.08085	0.01024
16	0.60067	0.01782	0.01847	0.08275	0.02484	0.02030	0.06888	0.02617	0.01608	0.03720	0.01337	0.01645	0.01030	0.00830	0.00639	0.00281	0.00825	0.00573	0.00527	0.00995
17	0.03401	0.02506	0.02685	0.02058	0.02774	0.02774	0.01700	0.59995	0.04206	0.05638	0.02148	0.02148	0.01521	0.01074	0.00895	0.00268	0.00984	0.00805	0.00895	0.01521
18	0.01754	0.01229	0.01803	0.01738	0.02046	0.01210	0.06560	0.02338	0.08202	0.09085	0.04285	0.24479	0.04463	0.02135	0.01123	0.00363	0.00780	0.24610	0.00831	0.00966
19	0.02392	0.69097	0.04688	0.01531	0.02296	0.03540	0.01531	0.02679	0.01818	0.02105	0.01244	0.01435	0.01148	0.00765	0.00574	0.00191	0.00957	0.00478	0.00383	0.01148
20	0.03342	0.04264	0.02535	0.02305	0.02766	0.64967	0.01729	0.03572	0.02535	0.02190	0.01383	0.01613	0.01152	0.00922	0.00807	0.00230	0.01613	0.00576	0.00461	0.01037

[dist]
# distance from previous block
# <min> <max>
0	2

[block]
# block no. 9 follows, 19 sequences, length 10
# corresponding to MSA columns:
# 709-718
name=unknown_J
#
# <colnr> <probs for GDERKNQSTAVLIFYWHMCP>
#	G	D	E	R	K	N	Q	S	T	A	V	L	I	F	Y	W	H	M	C	P
0	0.01172	0.00977	0.00997	0.00982	0.01264	0.00877	0.00718	0.01542	0.06336	0.02436	0.07941	0.07902	0.51332	0.09847	0.01450	0.00368	0.00520	0.01756	0.00803	0.00779
1	0.02336	0.01593	0.01671	0.01429	0.01861	0.01741	0.01132	0.21123	0.14933	0.04155	0.02822	0.02957	0.02137	0.01088	0.00770	0.00247	0.00658	0.00862	0.35310	0.01174
2	0.03007	0.01300	0.01753	0.01421	0.01937	0.01142	0.01142	0.03381	0.02550	0.41598	0.25150	0.04379	0.04497	0.01372	0.00957	0.00278	0.00637	0.01163	0.01062	0.01274
3	0.01360	0.00981	0.01337	0.01500	0.01694	0.00958	0.01260	0.01733	0.02073	0.02723	0.11677	0.16239	0.08853	0.02424	0.01194	0.00385	0.00722	0.41235	0.00844	0.00811
4	0.01244	0.00914	0.01166	0.01103	0.01323	0.00835	0.00827	0.01646	0.02481	0.03466	0.56937	0.06884	0.14087	0.01875	0.01055	0.00284	0.00425	0.01646	0.00969	0.00835
5	0.01165	0.00898	0.01064	0.01049	0.01281	0.00797	0.00777	0.01483	0.02255	0.02992	0.35485	0.13355	0.29974	0.02098	0.01064	0.00298	0.00444	0.01816	0.00908	0.00797
6	0.02392	0.69097	0.04688	0.01531	0.02296	0.03540	0.01531	0.02679	0.01818	0.02105	0.01244	0.01435	0.01148	0.00765	0.00574	0.00191	0.00957	0.00478	0.00383	0.01148
7	0.01126	0.00804	0.01080	0.01287	0.01355	0.00758	0.00893	0.01308	0.01748	0.02324	0.04911	0.62025	0.05838	0.02769	0.01152	0.00368	0.00550	0.08136	0.00830	0.00737
8	0.01967	0.01852	0.03070	0.40443	0.11926	0.02113	0.09961	0.06259	0.08101	0.02794	0.01874	0.02452	0.01418	0.00908	0.00917	0.00294	0.01157	0.00853	0.00493	0.01147
9	0.07657	0.09467	0.17593	0.09739	0.09550	0.02140	0.05006	0.09374	0.02182	0.07548	0.01759	0.02037	0.01318	0.00856	0.00804	0.00253	0.01043	0.00696	0.00536	0.10442

[dist]
# distance from previous block
# <min> <max>
0	104

# created by:
# /home/cegg/simao/soft/augustus-3.2.1/scripts/msa2prfl.pl ./align_prep/13832.fa
