[name]
unknown

[dist]
# distance from previous block
# <min> <max>
0	878

[block]
# block no. 0 follows, 22 sequences, length 7
# corresponding to MSA columns:
# 1024-1030
name=unknown_A
#
# <colnr> <probs for GDERKNQSTAVLIFYWHMCP>
#	G	D	E	R	K	N	Q	S	T	A	V	L	I	F	Y	W	H	M	C	P
0	0.01583	0.01126	0.01268	0.01255	0.01519	0.01205	0.00974	0.02568	0.21769	0.03026	0.09016	0.12510	0.03591	0.01488	0.00847	0.00275	0.00544	0.10261	0.24238	0.00935
1	0.02381	0.12784	0.03007	0.02029	0.02637	0.02313	0.13065	0.27246	0.08193	0.03564	0.01964	0.02234	0.01533	0.01718	0.11140	0.00415	0.01183	0.00784	0.00620	0.01190
2	0.01925	0.06764	0.08161	0.18237	0.10880	0.07645	0.07077	0.02398	0.01938	0.06866	0.11747	0.02932	0.05078	0.01028	0.00917	0.00260	0.03710	0.00880	0.00529	0.01030
3	0.01144	0.00872	0.01096	0.01159	0.01353	0.00767	0.00831	0.01350	0.01673	0.02255	0.04551	0.47345	0.12044	0.02210	0.00989	0.00301	0.00517	0.06485	0.00728	0.12331
4	0.01536	0.02269	0.22675	0.01955	0.02457	0.01679	0.07110	0.02013	0.01491	0.02182	0.01778	0.02741	0.01628	0.13059	0.17711	0.00625	0.14932	0.00826	0.00406	0.00926
5	0.02330	0.06028	0.20335	0.10870	0.03295	0.02156	0.06229	0.20786	0.09125	0.07777	0.01961	0.02117	0.01410	0.00899	0.00817	0.00259	0.01017	0.00737	0.00601	0.01250
6	0.05696	0.12276	0.09884	0.02439	0.13669	0.05922	0.04077	0.23419	0.02505	0.03408	0.01675	0.01948	0.01317	0.01314	0.06564	0.00334	0.01110	0.00684	0.00551	0.01209

[dist]
# distance from previous block
# <min> <max>
0	1

[block]
# block no. 1 follows, 22 sequences, length 16
# corresponding to MSA columns:
# 1032-1047
name=unknown_B
#
# <colnr> <probs for GDERKNQSTAVLIFYWHMCP>
#	G	D	E	R	K	N	Q	S	T	A	V	L	I	F	Y	W	H	M	C	P
0	0.01005	0.00753	0.00933	0.01078	0.01184	0.00681	0.00736	0.01166	0.01666	0.02152	0.05538	0.54698	0.20440	0.02478	0.01041	0.00323	0.00467	0.02210	0.00771	0.00681
1	0.01592	0.01265	0.01847	0.01680	0.01974	0.01267	0.09471	0.12769	0.02121	0.02829	0.03678	0.37934	0.04044	0.01995	0.01022	0.00321	0.00736	0.11834	0.00733	0.00887
2	0.01784	0.01568	0.02025	0.01940	0.13637	0.01266	0.01271	0.02176	0.01754	0.02708	0.01492	0.01784	0.01246	0.00638	0.00653	0.00146	0.00683	0.00538	0.00477	0.62214
3	0.01040	0.00759	0.00986	0.01157	0.01245	0.00705	0.00810	0.01215	0.01656	0.02170	0.04994	0.57386	0.12165	0.02517	0.01060	0.00335	0.00502	0.07841	0.00771	0.00686
4	0.03103	0.03959	0.02354	0.02140	0.02568	0.67469	0.01605	0.03317	0.02354	0.02033	0.01284	0.01498	0.01070	0.00856	0.00749	0.00214	0.01498	0.00535	0.00428	0.00963
5	0.02167	0.26149	0.30864	0.01887	0.02795	0.02363	0.02120	0.06313	0.06684	0.08734	0.01724	0.01833	0.01288	0.00824	0.00715	0.00235	0.01002	0.00611	0.00483	0.01209
6	0.02119	0.01948	0.03093	0.10307	0.49274	0.02027	0.02340	0.08455	0.06823	0.02961	0.01735	0.02144	0.01400	0.00803	0.00826	0.00252	0.00966	0.00756	0.00481	0.01290
7	0.01111	0.00824	0.01046	0.01173	0.01280	0.00795	0.00809	0.01455	0.06520	0.02364	0.11345	0.55549	0.07859	0.02369	0.01032	0.00322	0.00483	0.02133	0.00793	0.00737
8	0.22780	0.01558	0.01560	0.10495	0.02198	0.08733	0.01196	0.02246	0.01680	0.07588	0.02248	0.15447	0.02126	0.01503	0.04252	0.00326	0.04606	0.00973	0.07599	0.00886
9	0.63197	0.01739	0.01454	0.01243	0.01784	0.01994	0.01024	0.13516	0.01871	0.04004	0.01310	0.01468	0.00994	0.00813	0.00572	0.00256	0.00692	0.00504	0.00572	0.00994
10	0.01622	0.01362	0.01610	0.01196	0.01835	0.01048	0.00948	0.01996	0.01838	0.02821	0.13155	0.02544	0.02442	0.00814	0.00682	0.00148	0.00574	0.00677	0.00570	0.62117
11	0.01510	0.00850	0.01141	0.01216	0.01373	0.00775	0.00854	0.01687	0.01735	0.13866	0.04340	0.57901	0.04864	0.02314	0.01019	0.00323	0.00523	0.02082	0.00818	0.00810
12	0.02244	0.19989	0.18378	0.01663	0.02370	0.11415	0.01676	0.02675	0.01958	0.13279	0.02954	0.02940	0.13006	0.01061	0.00762	0.00237	0.00944	0.00807	0.00557	0.01084
13	0.01981	0.01796	0.02631	0.25784	0.26379	0.05490	0.02053	0.02446	0.01835	0.05963	0.01596	0.02060	0.01256	0.00771	0.00784	0.00233	0.00974	0.00688	0.00447	0.14835
14	0.02312	0.01950	0.02068	0.02266	0.14512	0.12959	0.01471	0.03229	0.20306	0.11964	0.02976	0.08039	0.05629	0.01148	0.00831	0.00259	0.00832	0.00960	0.05136	0.01153
15	0.02361	0.02019	0.02382	0.01931	0.02364	0.06722	0.06183	0.27459	0.06004	0.03665	0.10991	0.02685	0.02345	0.01445	0.04875	0.00333	0.13553	0.00874	0.00677	0.01133

[dist]
# distance from previous block
# <min> <max>
0	4

[block]
# block no. 2 follows, 22 sequences, length 89
# corresponding to MSA columns:
# 1052-1140
name=unknown_C
#
# <colnr> <probs for GDERKNQSTAVLIFYWHMCP>
#	G	D	E	R	K	N	Q	S	T	A	V	L	I	F	Y	W	H	M	C	P
0	0.01844	0.01820	0.03243	0.23435	0.25162	0.01851	0.16071	0.02387	0.01816	0.02523	0.01553	0.02103	0.01229	0.00742	0.00834	0.00247	0.01070	0.00762	0.00411	0.10898
1	0.08279	0.01135	0.01318	0.01276	0.01517	0.01175	0.00954	0.09064	0.01941	0.06844	0.04312	0.36105	0.14458	0.01979	0.01063	0.00306	0.04994	0.01682	0.00746	0.00853
2	0.01770	0.01507	0.01730	0.01347	0.01993	0.01299	0.01077	0.02556	0.14856	0.02854	0.02070	0.02518	0.01740	0.00834	0.00699	0.00174	0.00634	0.04525	0.00584	0.55235
3	0.03153	0.01887	0.02247	0.01891	0.05867	0.01950	0.01457	0.35100	0.03113	0.25976	0.02583	0.06745	0.01897	0.01098	0.00847	0.00258	0.00818	0.00883	0.00872	0.01359
4	0.01087	0.00777	0.01050	0.01242	0.01324	0.00739	0.00902	0.01286	0.01664	0.02205	0.04537	0.56271	0.05331	0.02532	0.01080	0.00348	0.00547	0.15612	0.00770	0.00695
5	0.01723	0.01477	0.01723	0.01230	0.01969	0.01107	0.00984	0.02092	0.01723	0.02707	0.01477	0.01723	0.01230	0.00615	0.00615	0.00123	0.00615	0.00492	0.00492	0.75883
6	0.01335	0.00852	0.00962	0.00933	0.01024	0.00815	0.00573	0.01393	0.01405	0.05993	0.03668	0.05708	0.13770	0.54258	0.03440	0.00678	0.00732	0.01278	0.00585	0.00598
7	0.01200	0.00844	0.01089	0.01028	0.01223	0.00783	0.00771	0.01591	0.02312	0.03316	0.61152	0.06005	0.07470	0.01651	0.00954	0.00257	0.00392	0.01455	0.05723	0.00783
8	0.01182	0.00795	0.00914	0.00939	0.00945	0.00788	0.00538	0.01201	0.01258	0.01677	0.02874	0.13908	0.03344	0.61891	0.03814	0.00744	0.00763	0.01359	0.00538	0.00526
9	0.01021	0.00730	0.00972	0.01150	0.01207	0.00681	0.00772	0.01180	0.01633	0.02189	0.07979	0.66668	0.05626	0.02552	0.01056	0.00333	0.00477	0.02313	0.00779	0.00681
10	0.01048	0.00751	0.00996	0.01132	0.01213	0.00699	0.00774	0.01247	0.01758	0.02387	0.17931	0.56150	0.06011	0.02403	0.01043	0.00321	0.00462	0.02172	0.00803	0.00699
11	0.76672	0.01607	0.01221	0.01092	0.01607	0.01864	0.00900	0.02442	0.01414	0.03727	0.01157	0.01350	0.00900	0.00771	0.00514	0.00257	0.00643	0.00450	0.00514	0.00900
12	0.03103	0.03959	0.02354	0.02140	0.02568	0.67469	0.01605	0.03317	0.02354	0.02033	0.01284	0.01498	0.01070	0.00856	0.00749	0.00214	0.01498	0.00535	0.00428	0.00963
13	0.01818	0.01818	0.02545	0.02181	0.02181	0.02545	0.01818	0.01999	0.01272	0.01999	0.01091	0.01818	0.01091	0.01454	0.02726	0.00364	0.69284	0.00727	0.00364	0.00909
14	0.03158	0.02327	0.02493	0.01911	0.02576	0.02576	0.01579	0.62852	0.03906	0.05236	0.01995	0.01995	0.01413	0.00997	0.00831	0.00249	0.00914	0.00748	0.00831	0.01413
15	0.03158	0.02327	0.02493	0.01911	0.02576	0.02576	0.01579	0.62852	0.03906	0.05236	0.01995	0.01995	0.01413	0.00997	0.00831	0.00249	0.00914	0.00748	0.00831	0.01413
16	0.76672	0.01607	0.01221	0.01092	0.01607	0.01864	0.00900	0.02442	0.01414	0.03727	0.01157	0.01350	0.00900	0.00771	0.00514	0.00257	0.00643	0.00450	0.00514	0.00900
17	0.02056	0.01974	0.03372	0.05099	0.65622	0.01974	0.02550	0.02550	0.01892	0.02714	0.01563	0.02056	0.01316	0.00740	0.00822	0.00247	0.00987	0.00740	0.00411	0.01316
18	0.03158	0.02327	0.02493	0.01911	0.02576	0.02576	0.01579	0.62852	0.03906	0.05236	0.01995	0.01995	0.01413	0.00997	0.00831	0.00249	0.00914	0.00748	0.00831	0.01413
19	0.02882	0.02190	0.02338	0.01856	0.02471	0.02447	0.01512	0.48070	0.19138	0.04790	0.02345	0.02274	0.01697	0.01030	0.00835	0.00258	0.00849	0.00796	0.00835	0.01388
20	0.01208	0.00805	0.00906	0.00906	0.00906	0.00805	0.00503	0.01208	0.01208	0.01611	0.02618	0.05436	0.03020	0.70804	0.04228	0.00805	0.00805	0.01208	0.00503	0.00503
21	0.00995	0.00842	0.00859	0.00855	0.01130	0.00707	0.00641	0.01217	0.01923	0.02315	0.12124	0.07878	0.61533	0.02077	0.00982	0.00279	0.00419	0.01737	0.00781	0.00707
22	0.03103	0.03959	0.02354	0.02140	0.02568	0.67469	0.01605	0.03317	0.02354	0.02033	0.01284	0.01498	0.01070	0.00856	0.00749	0.00214	0.01498	0.00535	0.00428	0.00963
23	0.01397	0.01133	0.01600	0.01499	0.01603	0.01422	0.01188	0.01656	0.01350	0.02042	0.01973	0.02945	0.01850	0.07343	0.40401	0.00935	0.20635	0.00848	0.07399	0.00780
24	0.01072	0.00819	0.00989	0.01034	0.01219	0.00736	0.00761	0.01331	0.01951	0.02556	0.24319	0.24522	0.27660	0.02129	0.01013	0.00297	0.00451	0.05604	0.00814	0.00723
25	0.01230	0.00911	0.01110	0.01224	0.01355	0.00923	0.00853	0.01773	0.12460	0.02420	0.04249	0.54212	0.04761	0.02240	0.00992	0.00318	0.00506	0.02011	0.05660	0.00792
26	0.30853	0.02071	0.03101	0.02708	0.11786	0.06261	0.26389	0.02604	0.01766	0.03039	0.01436	0.01823	0.01117	0.00743	0.00763	0.00262	0.01057	0.00713	0.00456	0.01053
27	0.01637	0.01609	0.02910	0.57466	0.05482	0.01890	0.12779	0.02216	0.01713	0.02216	0.01512	0.02219	0.01134	0.00808	0.00857	0.00277	0.01158	0.00780	0.00378	0.00957
28	0.02316	0.30138	0.10199	0.01801	0.02533	0.12211	0.05628	0.10116	0.02095	0.02611	0.01399	0.01605	0.01146	0.00761	0.00672	0.00200	0.01012	0.00557	0.00450	0.12548
29	0.01082	0.00845	0.00980	0.00946	0.01183	0.00744	0.00710	0.01385	0.02129	0.02803	0.37611	0.07075	0.35741	0.01895	0.00981	0.00271	0.00406	0.01624	0.00845	0.00744
30	0.01961	0.02241	0.04902	0.03501	0.04342	0.02101	0.62605	0.02661	0.01961	0.02661	0.01681	0.02241	0.01261	0.00700	0.00980	0.00280	0.01401	0.00980	0.00420	0.01120
31	0.02319	0.01963	0.02357	0.02281	0.10571	0.02276	0.01636	0.19688	0.28652	0.03599	0.02368	0.02439	0.01819	0.01098	0.01165	0.00283	0.12688	0.00824	0.00701	0.01271
32	0.02634	0.01658	0.01895	0.01618	0.02147	0.01777	0.01283	0.04289	0.43021	0.24910	0.03346	0.03007	0.02372	0.01093	0.00842	0.00273	0.00674	0.00904	0.00908	0.01349
33	0.76672	0.01607	0.01221	0.01092	0.01607	0.01864	0.00900	0.02442	0.01414	0.03727	0.01157	0.01350	0.00900	0.00771	0.00514	0.00257	0.00643	0.00450	0.00514	0.00900
34	0.01176	0.00849	0.01110	0.01045	0.01241	0.00784	0.00784	0.01568	0.02352	0.03331	0.65184	0.06206	0.07839	0.01698	0.00980	0.00261	0.00392	0.01502	0.00914	0.00784
35	0.03727	0.01414	0.01928	0.01478	0.02121	0.01221	0.01221	0.04049	0.02378	0.66198	0.03277	0.02828	0.02056	0.01028	0.00835	0.00257	0.00707	0.00835	0.01028	0.01414
36	0.01723	0.01477	0.01723	0.01230	0.01969	0.01107	0.00984	0.02092	0.01723	0.02707	0.01477	0.01723	0.01230	0.00615	0.00615	0.00123	0.00615	0.00492	0.00492	0.75883
37	0.02066	0.01785	0.01878	0.01691	0.02160	0.02066	0.01315	0.04414	0.64121	0.03475	0.03381	0.03099	0.02536	0.01127	0.00845	0.00282	0.00657	0.00939	0.00845	0.01315
38	0.02221	0.71304	0.04353	0.01421	0.02132	0.03287	0.01421	0.02488	0.01688	0.01955	0.01155	0.01333	0.01066	0.00711	0.00533	0.00178	0.00888	0.00444	0.00355	0.01066
39	0.02221	0.71304	0.04353	0.01421	0.02132	0.03287	0.01421	0.02488	0.01688	0.01955	0.01155	0.01333	0.01066	0.00711	0.00533	0.00178	0.00888	0.00444	0.00355	0.01066
40	0.38677	0.01778	0.01685	0.01384	0.01932	0.01980	0.01137	0.24228	0.02403	0.08346	0.01738	0.01836	0.01271	0.00887	0.00655	0.00249	0.00722	0.00612	0.07375	0.01107
41	0.01208	0.00805	0.00906	0.00906	0.00906	0.00805	0.00503	0.01208	0.01208	0.01611	0.02618	0.05436	0.03020	0.70804	0.04228	0.00805	0.00805	0.01208	0.00503	0.00503
42	0.02066	0.01785	0.01878	0.01691	0.02160	0.02066	0.01315	0.04414	0.64121	0.03475	0.03381	0.03099	0.02536	0.01127	0.00845	0.00282	0.00657	0.00939	0.00845	0.01315
43	0.01045	0.00844	0.00930	0.00908	0.01161	0.00728	0.00681	0.01315	0.02044	0.02601	0.27026	0.07408	0.46453	0.01971	0.00981	0.00274	0.00411	0.01671	0.00818	0.00728
44	0.00982	0.00842	0.00842	0.00842	0.01122	0.00701	0.00631	0.01192	0.01894	0.02244	0.08416	0.07995	0.65285	0.02104	0.00982	0.00281	0.00421	0.01753	0.00771	0.00701
45	0.03164	0.01509	0.01906	0.01495	0.02064	0.01432	0.01221	0.16078	0.02697	0.42363	0.13756	0.03238	0.02924	0.01138	0.00860	0.00256	0.00696	0.00933	0.00967	0.01304
46	0.02015	0.02003	0.01856	0.01423	0.02096	0.15169	0.01116	0.02351	0.01856	0.02564	0.01436	0.01675	0.01196	0.00666	0.00644	0.00142	0.00802	0.00501	0.00479	0.60008
47	0.76672	0.01607	0.01221	0.01092	0.01607	0.01864	0.00900	0.02442	0.01414	0.03727	0.01157	0.01350	0.00900	0.00771	0.00514	0.00257	0.00643	0.00450	0.00514	0.00900
48	0.02145	0.02040	0.02443	0.12550	0.03042	0.10083	0.08959	0.11285	0.08723	0.02967	0.01753	0.02021	0.01358	0.00799	0.00767	0.00213	0.00950	0.00681	0.00541	0.26680
49	0.02332	0.02922	0.30462	0.02422	0.09828	0.01907	0.04813	0.10738	0.08444	0.14788	0.02091	0.02172	0.01470	0.00885	0.00820	0.00261	0.01015	0.00734	0.00596	0.01299
50	0.02374	0.59609	0.04006	0.01546	0.02208	0.14433	0.01453	0.02632	0.01804	0.01968	0.01177	0.01361	0.01067	0.00736	0.00571	0.00184	0.00994	0.00460	0.00368	0.01048
51	0.01494	0.01206	0.01500	0.05822	0.01870	0.01329	0.01120	0.07581	0.10942	0.02698	0.09366	0.20615	0.12457	0.02397	0.10434	0.00444	0.05724	0.01409	0.00699	0.00892
52	0.02073	0.56653	0.06137	0.01424	0.02095	0.02898	0.01401	0.02528	0.06744	0.02129	0.02022	0.02111	0.07158	0.00877	0.00610	0.00199	0.00839	0.00612	0.00433	0.01058
53	0.02091	0.02141	0.04444	0.03648	0.14840	0.02022	0.48214	0.02731	0.01976	0.06771	0.01763	0.02247	0.01321	0.00728	0.00944	0.00273	0.01284	0.00929	0.00458	0.01173
54	0.02221	0.71304	0.04353	0.01421	0.02132	0.03287	0.01421	0.02488	0.01688	0.01955	0.01155	0.01333	0.01066	0.00711	0.00533	0.00178	0.00888	0.00444	0.00355	0.01066
55	0.76672	0.01607	0.01221	0.01092	0.01607	0.01864	0.00900	0.02442	0.01414	0.03727	0.01157	0.01350	0.00900	0.00771	0.00514	0.00257	0.00643	0.00450	0.00514	0.00900
56	0.01696	0.01477	0.01856	0.12966	0.02620	0.01236	0.01214	0.02097	0.01712	0.02606	0.01477	0.01808	0.01209	0.00653	0.00653	0.00150	0.00701	0.00535	0.00471	0.62865
57	0.03294	0.01562	0.01953	0.01557	0.02160	0.01511	0.01267	0.07977	0.17185	0.47275	0.03218	0.02838	0.02129	0.01050	0.00837	0.00262	0.00709	0.00854	0.00972	0.01390
58	0.01078	0.00803	0.01012	0.01162	0.01260	0.00768	0.00794	0.01373	0.05703	0.02221	0.04857	0.60083	0.10864	0.02460	0.01039	0.00328	0.00488	0.02212	0.00776	0.00719
59	0.01101	0.00846	0.01007	0.00967	0.01195	0.00752	0.00725	0.01423	0.02175	0.02912	0.43301	0.06895	0.29983	0.01855	0.00981	0.00269	0.00403	0.01599	0.00859	0.00752
60	0.60644	0.13810	0.01813	0.01194	0.01738	0.04875	0.01020	0.02487	0.01501	0.03348	0.01162	0.01353	0.00936	0.00764	0.00527	0.00241	0.00721	0.00452	0.00483	0.00931
61	0.02221	0.71304	0.04353	0.01421	0.02132	0.03287	0.01421	0.02488	0.01688	0.01955	0.01155	0.01333	0.01066	0.00711	0.00533	0.00178	0.00888	0.00444	0.00355	0.01066
62	0.01723	0.01477	0.01723	0.01230	0.01969	0.01107	0.00984	0.02092	0.01723	0.02707	0.01477	0.01723	0.01230	0.00615	0.00615	0.00123	0.00615	0.00492	0.00492	0.75883
63	0.02207	0.64837	0.04123	0.01447	0.02135	0.03174	0.01412	0.02667	0.07496	0.02096	0.01362	0.01497	0.01203	0.00749	0.00562	0.00187	0.00867	0.00490	0.00401	0.01089
64	0.01112	0.00776	0.00996	0.01125	0.01200	0.00737	0.00778	0.01232	0.01557	0.02043	0.04353	0.41549	0.10069	0.14383	0.01759	0.05413	0.00583	0.09001	0.00697	0.00638
65	0.76672	0.01607	0.01221	0.01092	0.01607	0.01864	0.00900	0.02442	0.01414	0.03727	0.01157	0.01350	0.00900	0.00771	0.00514	0.00257	0.00643	0.00450	0.00514	0.00900
66	0.01208	0.00805	0.00906	0.00906	0.00906	0.00805	0.00503	0.01208	0.01208	0.01611	0.02618	0.05436	0.03020	0.70804	0.04228	0.00805	0.00805	0.01208	0.00503	0.00503
67	0.15828	0.02319	0.07972	0.01782	0.02469	0.02306	0.01571	0.43123	0.03180	0.08722	0.01888	0.01915	0.01333	0.00941	0.00773	0.00252	0.00882	0.00690	0.00746	0.01307
68	0.71715	0.01598	0.01254	0.01102	0.01631	0.01814	0.00905	0.02419	0.01434	0.03660	0.01178	0.01374	0.00922	0.00761	0.00521	0.00248	0.00641	0.00453	0.00513	0.05860
69	0.01012	0.00723	0.00964	0.01157	0.01205	0.00675	0.00771	0.01157	0.01591	0.02121	0.04579	0.70262	0.05495	0.02603	0.01060	0.00337	0.00482	0.02362	0.00771	0.00675
70	0.01653	0.01641	0.03012	0.54715	0.05424	0.01901	0.15319	0.02239	0.01726	0.02239	0.01521	0.02220	0.01140	0.00802	0.00863	0.00278	0.01171	0.00791	0.00380	0.00965
71	0.04552	0.01791	0.03349	0.14118	0.03660	0.01839	0.31336	0.04828	0.01985	0.02765	0.11958	0.02993	0.04436	0.00994	0.01045	0.00280	0.05541	0.01002	0.00519	0.01009
72	0.01204	0.00822	0.00989	0.00989	0.01018	0.00850	0.00607	0.01261	0.01233	0.01672	0.02542	0.05016	0.02838	0.58315	0.16469	0.00908	0.01080	0.01147	0.00492	0.00549
73	0.76672	0.01607	0.01221	0.01092	0.01607	0.01864	0.00900	0.02442	0.01414	0.03727	0.01157	0.01350	0.00900	0.00771	0.00514	0.00257	0.00643	0.00450	0.00514	0.00900
74	0.01674	0.01448	0.01738	0.01313	0.01927	0.01206	0.01045	0.02008	0.01670	0.02594	0.01691	0.07258	0.01561	0.00854	0.00848	0.00163	0.06993	0.00665	0.00503	0.62844
75	0.02689	0.06631	0.02127	0.01630	0.02201	0.15607	0.01300	0.03553	0.19281	0.20042	0.02432	0.02332	0.01772	0.00927	0.00762	0.00226	0.00857	0.00715	0.00713	0.14201
76	0.01046	0.00737	0.00954	0.01113	0.01153	0.00697	0.00725	0.01166	0.01524	0.02032	0.04238	0.59004	0.05065	0.14447	0.01611	0.00419	0.00538	0.02161	0.00725	0.00645
77	0.01048	0.00874	0.00921	0.00944	0.01195	0.00773	0.00694	0.01367	0.05332	0.02292	0.07467	0.18534	0.51381	0.02136	0.00988	0.00290	0.00445	0.01813	0.00776	0.00731
78	0.08047	0.02053	0.03575	0.02708	0.03219	0.02278	0.31179	0.08017	0.01862	0.02760	0.01466	0.02001	0.01187	0.00991	0.01526	0.00304	0.24492	0.00829	0.00447	0.01058
79	0.01800	0.01758	0.02705	0.20969	0.16589	0.02233	0.02106	0.02149	0.01510	0.02184	0.01296	0.01976	0.01143	0.01133	0.01806	0.00315	0.36220	0.00733	0.00375	0.00999
80	0.02099	0.01655	0.01802	0.01617	0.02047	0.01854	0.01251	0.11470	0.42661	0.06245	0.03403	0.14607	0.02882	0.01362	0.00880	0.00286	0.00663	0.01157	0.00839	0.01221
81	0.02331	0.02635	0.07139	0.02718	0.03410	0.15930	0.31651	0.13152	0.02346	0.02938	0.01832	0.06513	0.01515	0.00916	0.00900	0.00264	0.01266	0.00916	0.00513	0.01114
82	0.01069	0.00763	0.01029	0.01222	0.01295	0.00724	0.00870	0.01255	0.01646	0.02184	0.04547	0.59688	0.05371	0.02549	0.01075	0.00345	0.00531	0.12377	0.00770	0.00690
83	0.02056	0.01974	0.03372	0.05099	0.65622	0.01974	0.02550	0.02550	0.01892	0.02714	0.01563	0.02056	0.01316	0.00740	0.00822	0.00247	0.00987	0.00740	0.00411	0.01316
84	0.01110	0.00849	0.01033	0.00994	0.01216	0.00772	0.00748	0.01433	0.02129	0.02868	0.41629	0.06630	0.27191	0.02130	0.05274	0.00337	0.00520	0.01549	0.00835	0.00753
85	0.01569	0.01477	0.02492	0.68808	0.05722	0.01846	0.02307	0.02123	0.01661	0.02123	0.01477	0.02215	0.01107	0.00831	0.00831	0.00277	0.01107	0.00738	0.00369	0.00923
86	0.02671	0.02508	0.12419	0.07196	0.20007	0.13158	0.02027	0.06466	0.02183	0.20283	0.01997	0.02134	0.01430	0.00868	0.00809	0.00249	0.01039	0.00712	0.00597	0.01248
87	0.35185	0.26529	0.07103	0.01426	0.02063	0.07094	0.01331	0.06433	0.01762	0.03003	0.01243	0.01424	0.01014	0.00772	0.00577	0.00226	0.00849	0.00485	0.00461	0.01019
88	0.01125	0.00952	0.01091	0.01215	0.05359	0.00860	0.00819	0.01473	0.05366	0.02377	0.09762	0.15442	0.47169	0.02008	0.00974	0.00285	0.00477	0.01711	0.00759	0.00776

[dist]
# distance from previous block
# <min> <max>
0	3

[block]
# block no. 3 follows, 22 sequences, length 17
# corresponding to MSA columns:
# 1144-1160
name=unknown_D
#
# <colnr> <probs for GDERKNQSTAVLIFYWHMCP>
#	G	D	E	R	K	N	Q	S	T	A	V	L	I	F	Y	W	H	M	C	P
0	0.02776	0.02274	0.05565	0.02388	0.13488	0.17672	0.04132	0.03239	0.05382	0.24522	0.02452	0.08295	0.01932	0.01055	0.00836	0.00254	0.00982	0.00881	0.00681	0.01194
1	0.06438	0.18721	0.06104	0.01931	0.02448	0.38703	0.01619	0.05714	0.02120	0.02278	0.01278	0.01513	0.01077	0.00865	0.00837	0.00223	0.06153	0.00538	0.00426	0.01014
2	0.01166	0.00820	0.00935	0.00935	0.00999	0.00809	0.00577	0.01231	0.01341	0.01752	0.03600	0.05681	0.13885	0.52595	0.09658	0.00763	0.00872	0.01274	0.00545	0.00561
3	0.01246	0.00913	0.01217	0.01377	0.01569	0.00885	0.01163	0.01575	0.01876	0.02408	0.05088	0.15348	0.14955	0.02294	0.01111	0.00361	0.00679	0.44423	0.00767	0.00745
4	0.01152	0.00823	0.01125	0.01317	0.01427	0.00796	0.01015	0.01399	0.01729	0.02278	0.04501	0.44099	0.05188	0.02470	0.01098	0.00357	0.00604	0.27140	0.00768	0.00714
5	0.01138	0.00848	0.01058	0.01005	0.01218	0.00768	0.00754	0.01495	0.02262	0.03119	0.54120	0.06554	0.19035	0.01777	0.00980	0.00265	0.00398	0.01551	0.00887	0.00768
6	0.02221	0.71304	0.04353	0.01421	0.02132	0.03287	0.01421	0.02488	0.01688	0.01955	0.01155	0.01333	0.01066	0.00711	0.00533	0.00178	0.00888	0.00444	0.00355	0.01066
7	0.03056	0.02277	0.02436	0.01891	0.02538	0.02529	0.01554	0.57420	0.09504	0.05072	0.02123	0.02097	0.01517	0.01009	0.00832	0.00252	0.00890	0.00766	0.00832	0.01404
8	0.01723	0.01477	0.01723	0.01230	0.01969	0.01107	0.00984	0.02092	0.01723	0.02707	0.01477	0.01723	0.01230	0.00615	0.00615	0.00123	0.00615	0.00492	0.00492	0.75883
9	0.76672	0.01607	0.01221	0.01092	0.01607	0.01864	0.00900	0.02442	0.01414	0.03727	0.01157	0.01350	0.00900	0.00771	0.00514	0.00257	0.00643	0.00450	0.00514	0.00900
10	0.01339	0.00956	0.01339	0.01530	0.01721	0.00956	0.01339	0.01721	0.01912	0.02486	0.04399	0.09371	0.04781	0.02295	0.01147	0.00382	0.00765	0.60031	0.00765	0.00765
11	0.00982	0.00842	0.00842	0.00842	0.01122	0.00701	0.00631	0.01192	0.01894	0.02244	0.08416	0.07995	0.65285	0.02104	0.00982	0.00281	0.00421	0.01753	0.00771	0.00701
12	0.02221	0.71304	0.04353	0.01421	0.02132	0.03287	0.01421	0.02488	0.01688	0.01955	0.01155	0.01333	0.01066	0.00711	0.00533	0.00178	0.00888	0.00444	0.00355	0.01066
13	0.03148	0.02614	0.02469	0.01952	0.02575	0.13993	0.01584	0.52378	0.03633	0.04672	0.01870	0.01907	0.01352	0.00972	0.00817	0.00243	0.01017	0.00710	0.00760	0.01334
14	0.01723	0.01477	0.01723	0.01230	0.01969	0.01107	0.00984	0.02092	0.01723	0.02707	0.01477	0.01723	0.01230	0.00615	0.00615	0.00123	0.00615	0.00492	0.00492	0.75883
15	0.12931	0.01686	0.02215	0.05005	0.07013	0.01860	0.04498	0.13202	0.02201	0.15823	0.07787	0.02791	0.02126	0.01135	0.01158	0.00282	0.12948	0.03545	0.00675	0.01120
16	0.06410	0.02142	0.02150	0.01737	0.02299	0.08203	0.01402	0.35488	0.10780	0.10108	0.08619	0.02560	0.02210	0.01064	0.00825	0.00252	0.00851	0.00822	0.00807	0.01270

[dist]
# distance from previous block
# <min> <max>
0	41

[block]
# block no. 4 follows, 22 sequences, length 29
# corresponding to MSA columns:
# 1202-1230
name=unknown_E
#
# <colnr> <probs for GDERKNQSTAVLIFYWHMCP>
#	G	D	E	R	K	N	Q	S	T	A	V	L	I	F	Y	W	H	M	C	P
0	0.14467	0.01842	0.02478	0.02882	0.24375	0.06418	0.06190	0.05162	0.01978	0.11447	0.02132	0.03066	0.01832	0.03670	0.00951	0.00288	0.00922	0.08194	0.00579	0.01125
1	0.19503	0.01846	0.02564	0.19849	0.10347	0.02053	0.09682	0.14071	0.06599	0.03324	0.01674	0.02021	0.01263	0.00843	0.00777	0.00264	0.00955	0.00719	0.00537	0.01109
2	0.02671	0.07467	0.09853	0.04341	0.02900	0.06259	0.10868	0.19866	0.09329	0.14856	0.02151	0.02204	0.01532	0.00914	0.00824	0.00254	0.00998	0.00769	0.00677	0.01267
3	0.02046	0.18390	0.12791	0.01566	0.02196	0.01990	0.01513	0.11654	0.02154	0.07519	0.07539	0.03126	0.12174	0.01133	0.00894	0.00239	0.05120	0.00862	0.00599	0.06496
4	0.02090	0.01663	0.02162	0.09670	0.02689	0.01815	0.05908	0.22204	0.11432	0.03475	0.02939	0.08551	0.02718	0.01436	0.00946	0.00302	0.00866	0.17314	0.00727	0.01094
5	0.02331	0.63012	0.04116	0.01498	0.02186	0.07986	0.01443	0.05459	0.01844	0.02119	0.01205	0.01377	0.01083	0.00735	0.00563	0.00184	0.00935	0.00466	0.00384	0.01075
6	0.01569	0.01477	0.02492	0.68808	0.05722	0.01846	0.02307	0.02123	0.01661	0.02123	0.01477	0.02215	0.01107	0.00831	0.00831	0.00277	0.01107	0.00738	0.00369	0.00923
7	0.76672	0.01607	0.01221	0.01092	0.01607	0.01864	0.00900	0.02442	0.01414	0.03727	0.01157	0.01350	0.00900	0.00771	0.00514	0.00257	0.00643	0.00450	0.00514	0.00900
8	0.01187	0.00890	0.01335	0.01335	0.01483	0.01038	0.01038	0.01483	0.01335	0.01928	0.02225	0.03264	0.02077	0.06231	0.67512	0.01335	0.02225	0.00890	0.00445	0.00742
9	0.02075	0.53699	0.20681	0.01670	0.02517	0.02930	0.01854	0.02525	0.01705	0.02132	0.01243	0.01443	0.01062	0.00731	0.00600	0.00200	0.00978	0.00489	0.00354	0.01109
10	0.01208	0.00805	0.00906	0.00906	0.00906	0.00805	0.00503	0.01208	0.01208	0.01611	0.02618	0.05436	0.03020	0.70804	0.04228	0.00805	0.00805	0.01208	0.00503	0.00503
11	0.01887	0.01752	0.05669	0.01948	0.02666	0.01404	0.17680	0.02371	0.01859	0.07347	0.02007	0.02840	0.01706	0.00873	0.00800	0.00212	0.00880	0.07622	0.00537	0.37937
12	0.39692	0.07419	0.16424	0.02194	0.14765	0.02005	0.01748	0.02509	0.01604	0.03152	0.01311	0.01578	0.01028	0.00765	0.00638	0.00251	0.00859	0.00543	0.00446	0.01067
13	0.01176	0.00849	0.01110	0.01045	0.01241	0.00784	0.00784	0.01568	0.02352	0.03331	0.65184	0.06206	0.07839	0.01698	0.00980	0.00261	0.00392	0.01502	0.00914	0.00784
14	0.01292	0.00945	0.01169	0.01112	0.01329	0.00925	0.00832	0.01894	0.09487	0.03246	0.49619	0.10282	0.06688	0.01651	0.00945	0.00265	0.00429	0.01453	0.05601	0.00838
15	0.01703	0.01686	0.03072	0.48419	0.12459	0.01911	0.14276	0.02279	0.01747	0.02298	0.01527	0.02201	0.01162	0.00794	0.00859	0.00274	0.01151	0.00786	0.00384	0.01008
16	0.01443	0.00722	0.01082	0.01082	0.01082	0.00722	0.00722	0.01082	0.01082	0.01443	0.01443	0.02525	0.01443	0.02886	0.03247	0.75830	0.00722	0.00722	0.00361	0.00361
17	0.01207	0.00858	0.01150	0.01163	0.01251	0.00932	0.00828	0.01381	0.01322	0.01831	0.02552	0.04646	0.02681	0.33908	0.35306	0.01037	0.01505	0.05308	0.00493	0.00640
18	0.03727	0.01414	0.01928	0.01478	0.02121	0.01221	0.01221	0.04049	0.02378	0.66198	0.03277	0.02828	0.02056	0.01028	0.00835	0.00257	0.00707	0.00835	0.01028	0.01414
19	0.01808	0.08388	0.57980	0.02275	0.03430	0.02062	0.02858	0.06945	0.01904	0.02775	0.01506	0.01745	0.01079	0.00799	0.00776	0.00257	0.01184	0.00613	0.00386	0.01231
20	0.01626	0.01535	0.02595	0.61352	0.12732	0.01861	0.02335	0.02173	0.01688	0.02192	0.01487	0.02196	0.01132	0.00820	0.00830	0.00273	0.01093	0.00739	0.00374	0.00969
21	0.03727	0.01414	0.01928	0.01478	0.02121	0.01221	0.01221	0.04049	0.02378	0.66198	0.03277	0.02828	0.02056	0.01028	0.00835	0.00257	0.00707	0.00835	0.01028	0.01414
22	0.02221	0.71304	0.04353	0.01421	0.02132	0.03287	0.01421	0.02488	0.01688	0.01955	0.01155	0.01333	0.01066	0.00711	0.00533	0.00178	0.00888	0.00444	0.00355	0.01066
23	0.01148	0.00848	0.01071	0.01016	0.01224	0.00772	0.00762	0.01513	0.02285	0.03173	0.56922	0.06466	0.16199	0.01757	0.00980	0.00264	0.00396	0.01539	0.00894	0.00772
24	0.01216	0.00978	0.01042	0.00977	0.01277	0.00887	0.00746	0.06876	0.02162	0.02719	0.18387	0.07116	0.48788	0.01928	0.00968	0.00274	0.00460	0.01615	0.00803	0.00781
25	0.01066	0.00738	0.00964	0.01119	0.01191	0.00692	0.00759	0.01251	0.01671	0.02302	0.09962	0.59569	0.05464	0.02402	0.01018	0.00320	0.00467	0.02169	0.06186	0.00692
26	0.01059	0.00749	0.00984	0.01154	0.01207	0.00710	0.00781	0.01203	0.01569	0.02087	0.04336	0.58304	0.05154	0.10562	0.01437	0.00395	0.00540	0.06367	0.00739	0.00661
27	0.01300	0.07224	0.01220	0.00953	0.01018	0.01031	0.00587	0.01325	0.01252	0.01642	0.02484	0.05063	0.02842	0.64422	0.03892	0.00748	0.00813	0.01139	0.00490	0.00555
28	0.01206	0.00813	0.00945	0.00945	0.00959	0.00827	0.00552	0.01233	0.01220	0.01640	0.02582	0.05239	0.02934	0.64925	0.09990	0.00854	0.00935	0.01179	0.00498	0.00525

[dist]
# distance from previous block
# <min> <max>
0	27

[block]
# block no. 5 follows, 22 sequences, length 48
# corresponding to MSA columns:
# 1258-1305
name=unknown_F
#
# <colnr> <probs for GDERKNQSTAVLIFYWHMCP>
#	G	D	E	R	K	N	Q	S	T	A	V	L	I	F	Y	W	H	M	C	P
0	0.02185	0.66245	0.04163	0.01408	0.02120	0.03129	0.01390	0.02459	0.01691	0.02009	0.01178	0.01361	0.01078	0.00704	0.00539	0.00174	0.00869	0.00448	0.00365	0.06487
1	0.01723	0.01477	0.01723	0.01230	0.01969	0.01107	0.00984	0.02092	0.01723	0.02707	0.01477	0.01723	0.01230	0.00615	0.00615	0.00123	0.00615	0.00492	0.00492	0.75883
2	0.02167	0.61072	0.08993	0.01514	0.02248	0.03093	0.01542	0.02638	0.06217	0.02117	0.01342	0.01493	0.01172	0.00747	0.00576	0.00192	0.00898	0.00493	0.00391	0.01097
3	0.01993	0.01895	0.03224	0.04826	0.60975	0.01906	0.02440	0.02472	0.01851	0.02657	0.01611	0.02144	0.01371	0.01138	0.05655	0.00326	0.01077	0.00751	0.00414	0.01274
4	0.01617	0.01360	0.01607	0.01207	0.01841	0.01044	0.00949	0.01972	0.01775	0.02726	0.08009	0.07133	0.02194	0.00866	0.00684	0.00152	0.00583	0.00728	0.00554	0.62997
5	0.69236	0.01594	0.01347	0.07797	0.02014	0.01862	0.01039	0.02410	0.01438	0.03568	0.01188	0.01435	0.00920	0.00777	0.00545	0.00259	0.00689	0.00478	0.00500	0.00902
6	0.02174	0.01838	0.01939	0.01712	0.02201	0.02117	0.01341	0.10201	0.58159	0.03649	0.03244	0.02990	0.02425	0.01114	0.00844	0.00279	0.00683	0.00920	0.00844	0.01325
7	0.01979	0.01696	0.01825	0.01655	0.02093	0.01965	0.01288	0.04124	0.57904	0.03322	0.03267	0.03116	0.02490	0.01632	0.07446	0.00386	0.00813	0.00934	0.00806	0.01258
8	0.69393	0.01678	0.01347	0.01174	0.01703	0.01934	0.00967	0.08424	0.01661	0.03877	0.01240	0.01413	0.00950	0.00794	0.00545	0.00256	0.00670	0.00479	0.00545	0.00950
9	0.01666	0.04297	0.66500	0.02368	0.03596	0.01929	0.03069	0.02631	0.01754	0.02631	0.01491	0.01754	0.01052	0.00789	0.00789	0.00263	0.01228	0.00614	0.00351	0.01228
10	0.02066	0.01785	0.01878	0.01691	0.02160	0.02066	0.01315	0.04414	0.64121	0.03475	0.03381	0.03099	0.02536	0.01127	0.00845	0.00282	0.00657	0.00939	0.00845	0.01315
11	0.01044	0.00746	0.01001	0.01194	0.01256	0.00703	0.00827	0.01213	0.01622	0.02157	0.04561	0.64233	0.05424	0.02572	0.01069	0.00342	0.00510	0.08072	0.00771	0.00684
12	0.02972	0.02314	0.02867	0.02158	0.02850	0.02503	0.11042	0.53518	0.03604	0.04836	0.01946	0.02033	0.01389	0.00951	0.00854	0.00254	0.00990	0.00784	0.00767	0.01367
13	0.01447	0.00932	0.01065	0.00982	0.01301	0.00799	0.00754	0.01711	0.02062	0.12382	0.19146	0.06830	0.43815	0.01855	0.00959	0.00273	0.00459	0.01560	0.00840	0.00829
14	0.01012	0.00723	0.00964	0.01157	0.01205	0.00675	0.00771	0.01157	0.01591	0.02121	0.04579	0.70262	0.05495	0.02603	0.01060	0.00337	0.00482	0.02362	0.00771	0.00675
15	0.01792	0.01508	0.01640	0.01552	0.01912	0.01704	0.01173	0.03566	0.47844	0.03123	0.03693	0.20583	0.03306	0.01511	0.00901	0.00296	0.00612	0.01310	0.00826	0.01148
16	0.02370	0.02465	0.02933	0.16032	0.03498	0.18691	0.13614	0.13901	0.02252	0.02769	0.01503	0.01934	0.01182	0.00944	0.01145	0.00270	0.12223	0.00734	0.00480	0.01061
17	0.03277	0.02135	0.02375	0.01821	0.02481	0.02292	0.01504	0.50521	0.03585	0.18020	0.02264	0.02169	0.01548	0.01004	0.00832	0.00251	0.00871	0.00766	0.00872	0.01413
18	0.01012	0.00723	0.00964	0.01157	0.01205	0.00675	0.00771	0.01157	0.01591	0.02121	0.04579	0.70262	0.05495	0.02603	0.01060	0.00337	0.00482	0.02362	0.00771	0.00675
19	0.10259	0.01417	0.01980	0.01615	0.02051	0.01412	0.10555	0.11125	0.02345	0.09099	0.25679	0.07794	0.06405	0.01360	0.00903	0.00271	0.00702	0.03266	0.00773	0.00990
20	0.76672	0.01607	0.01221	0.01092	0.01607	0.01864	0.00900	0.02442	0.01414	0.03727	0.01157	0.01350	0.00900	0.00771	0.00514	0.00257	0.00643	0.00450	0.00514	0.00900
21	0.01472	0.01208	0.01996	0.02019	0.05412	0.01186	0.10902	0.01909	0.01919	0.02525	0.03831	0.07889	0.04057	0.01968	0.01105	0.00360	0.00875	0.47826	0.00693	0.00848
22	0.02221	0.71304	0.04353	0.01421	0.02132	0.03287	0.01421	0.02488	0.01688	0.01955	0.01155	0.01333	0.01066	0.00711	0.00533	0.00178	0.00888	0.00444	0.00355	0.01066
23	0.02070	0.01826	0.02493	0.02106	0.02207	0.02444	0.01753	0.06876	0.01562	0.07228	0.01330	0.01910	0.01190	0.01386	0.02433	0.00346	0.58666	0.00737	0.00451	0.00987
24	0.02056	0.01974	0.03372	0.05099	0.65622	0.01974	0.02550	0.02550	0.01892	0.02714	0.01563	0.02056	0.01316	0.00740	0.00822	0.00247	0.00987	0.00740	0.00411	0.01316
25	0.01012	0.00723	0.00964	0.01157	0.01205	0.00675	0.00771	0.01157	0.01591	0.02121	0.04579	0.70262	0.05495	0.02603	0.01060	0.00337	0.00482	0.02362	0.00771	0.00675
26	0.01551	0.01449	0.02024	0.01838	0.01864	0.01922	0.01475	0.01733	0.01361	0.02024	0.02101	0.19765	0.02326	0.02185	0.08146	0.00444	0.45315	0.01167	0.00477	0.00833
27	0.00998	0.00818	0.00880	0.00917	0.01145	0.00700	0.00668	0.01204	0.01855	0.02275	0.10547	0.20665	0.50078	0.02185	0.00998	0.00291	0.00432	0.01865	0.00779	0.00700
28	0.01146	0.00848	0.01069	0.01014	0.01223	0.00771	0.00760	0.01509	0.02281	0.03163	0.56381	0.06483	0.16747	0.01761	0.00980	0.00264	0.00396	0.01541	0.00892	0.00771
29	0.01030	0.00736	0.00984	0.01177	0.01233	0.00690	0.00802	0.01188	0.01608	0.02141	0.04569	0.66935	0.05456	0.02586	0.01065	0.00340	0.00497	0.05512	0.00771	0.00680
30	0.03103	0.03959	0.02354	0.02140	0.02568	0.67469	0.01605	0.03317	0.02354	0.02033	0.01284	0.01498	0.01070	0.00856	0.00749	0.00214	0.01498	0.00535	0.00428	0.00963
31	0.02056	0.01974	0.03372	0.05099	0.65622	0.01974	0.02550	0.02550	0.01892	0.02714	0.01563	0.02056	0.01316	0.00740	0.00822	0.00247	0.00987	0.00740	0.00411	0.01316
32	0.02070	0.01047	0.01397	0.01197	0.01550	0.00937	0.00937	0.02438	0.02361	0.25376	0.43476	0.05021	0.05811	0.01463	0.00929	0.00260	0.00502	0.01269	0.00954	0.01005
33	0.02221	0.71304	0.04353	0.01421	0.02132	0.03287	0.01421	0.02488	0.01688	0.01955	0.01155	0.01333	0.01066	0.00711	0.00533	0.00178	0.00888	0.00444	0.00355	0.01066
34	0.01961	0.02241	0.04902	0.03501	0.04342	0.02101	0.62605	0.02661	0.01961	0.02661	0.01681	0.02241	0.01261	0.00700	0.00980	0.00280	0.01401	0.00980	0.00420	0.01120
35	0.01208	0.00805	0.00906	0.00906	0.00906	0.00805	0.00503	0.01208	0.01208	0.01611	0.02618	0.05436	0.03020	0.70804	0.04228	0.00805	0.00805	0.01208	0.00503	0.00503
36	0.02003	0.02193	0.12222	0.25854	0.22636	0.02022	0.02326	0.11868	0.05504	0.02932	0.01689	0.02113	0.01287	0.00839	0.00823	0.00262	0.01035	0.00733	0.00477	0.01183
37	0.02056	0.01974	0.03372	0.05099	0.65622	0.01974	0.02550	0.02550	0.01892	0.02714	0.01563	0.02056	0.01316	0.00740	0.00822	0.00247	0.00987	0.00740	0.00411	0.01316
38	0.01015	0.00848	0.00887	0.00891	0.01161	0.00720	0.00678	0.01247	0.01930	0.02340	0.12619	0.07924	0.57841	0.02082	0.00990	0.00284	0.00436	0.04613	0.00782	0.00711
39	0.01818	0.01818	0.02545	0.02181	0.02181	0.02545	0.01818	0.01999	0.01272	0.01999	0.01091	0.01818	0.01091	0.01454	0.02726	0.00364	0.69284	0.00727	0.00364	0.00909
40	0.02221	0.71304	0.04353	0.01421	0.02132	0.03287	0.01421	0.02488	0.01688	0.01955	0.01155	0.01333	0.01066	0.00711	0.00533	0.00178	0.00888	0.00444	0.00355	0.01066
41	0.01208	0.00805	0.00906	0.00906	0.00906	0.00805	0.00503	0.01208	0.01208	0.01611	0.02618	0.05436	0.03020	0.70804	0.04228	0.00805	0.00805	0.01208	0.00503	0.00503
42	0.15039	0.01444	0.01818	0.01418	0.02041	0.01321	0.01171	0.03799	0.02228	0.56510	0.02949	0.02598	0.01877	0.00988	0.00786	0.00257	0.00697	0.00776	0.00948	0.01334
43	0.01569	0.01477	0.02492	0.68808	0.05722	0.01846	0.02307	0.02123	0.01661	0.02123	0.01477	0.02215	0.01107	0.00831	0.00831	0.00277	0.01107	0.00738	0.00369	0.00923
44	0.03727	0.01414	0.01928	0.01478	0.02121	0.01221	0.01221	0.04049	0.02378	0.66198	0.03277	0.02828	0.02056	0.01028	0.00835	0.00257	0.00707	0.00835	0.01028	0.01414
45	0.01187	0.00890	0.01335	0.01335	0.01483	0.01038	0.01038	0.01483	0.01335	0.01928	0.02225	0.03264	0.02077	0.06231	0.67512	0.01335	0.02225	0.00890	0.00445	0.00742
46	0.76672	0.01607	0.01221	0.01092	0.01607	0.01864	0.00900	0.02442	0.01414	0.03727	0.01157	0.01350	0.00900	0.00771	0.00514	0.00257	0.00643	0.00450	0.00514	0.00900
47	0.03246	0.02185	0.02405	0.01844	0.02506	0.02366	0.01523	0.53733	0.03669	0.14689	0.02193	0.02124	0.01513	0.01002	0.00832	0.00251	0.00882	0.00762	0.00862	0.01413

[dist]
# distance from previous block
# <min> <max>
0	1

[block]
# block no. 6 follows, 22 sequences, length 27
# corresponding to MSA columns:
# 1307-1333
name=unknown_G
#
# <colnr> <probs for GDERKNQSTAVLIFYWHMCP>
#	G	D	E	R	K	N	Q	S	T	A	V	L	I	F	Y	W	H	M	C	P
0	0.01961	0.00895	0.00993	0.00908	0.01186	0.00859	0.00702	0.02336	0.01863	0.15046	0.02817	0.03046	0.02116	0.00979	0.00629	0.00206	0.00448	0.00786	0.61330	0.00895
1	0.01443	0.00722	0.01082	0.01082	0.01082	0.00722	0.00722	0.01082	0.01082	0.01443	0.01443	0.02525	0.01443	0.02886	0.03247	0.75830	0.00722	0.00722	0.00361	0.00361
2	0.03103	0.03959	0.02354	0.02140	0.02568	0.67469	0.01605	0.03317	0.02354	0.02033	0.01284	0.01498	0.01070	0.00856	0.00749	0.00214	0.01498	0.00535	0.00428	0.00963
3	0.01012	0.00723	0.00964	0.01157	0.01205	0.00675	0.00771	0.01157	0.01591	0.02121	0.04579	0.70262	0.05495	0.02603	0.01060	0.00337	0.00482	0.02362	0.00771	0.00675
4	0.03266	0.02154	0.02386	0.01829	0.02490	0.02320	0.01511	0.51717	0.03617	0.16780	0.02237	0.02152	0.01535	0.01003	0.00832	0.00251	0.00875	0.00765	0.00868	0.01413
5	0.02056	0.01974	0.03372	0.05099	0.65622	0.01974	0.02550	0.02550	0.01892	0.02714	0.01563	0.02056	0.01316	0.00740	0.00822	0.00247	0.00987	0.00740	0.00411	0.01316
6	0.01158	0.00848	0.01086	0.01027	0.01230	0.00776	0.00770	0.01533	0.02310	0.03232	0.59990	0.06369	0.13095	0.01735	0.00980	0.00263	0.00395	0.01525	0.00901	0.00776
7	0.00982	0.00842	0.00842	0.00842	0.01122	0.00701	0.00631	0.01192	0.01894	0.02244	0.08416	0.07995	0.65285	0.02104	0.00982	0.00281	0.00421	0.01753	0.00771	0.00701
8	0.01723	0.01477	0.01723	0.01230	0.01969	0.01107	0.00984	0.02092	0.01723	0.02707	0.01477	0.01723	0.01230	0.00615	0.00615	0.00123	0.00615	0.00492	0.00492	0.75883
9	0.01302	0.01115	0.01758	0.36328	0.03553	0.01284	0.01570	0.01659	0.01627	0.02122	0.02966	0.34885	0.03214	0.01681	0.00941	0.00306	0.00807	0.01518	0.00562	0.00804
10	0.02056	0.01974	0.03372	0.05099	0.65622	0.01974	0.02550	0.02550	0.01892	0.02714	0.01563	0.02056	0.01316	0.00740	0.00822	0.00247	0.00987	0.00740	0.00411	0.01316
11	0.02221	0.71304	0.04353	0.01421	0.02132	0.03287	0.01421	0.02488	0.01688	0.01955	0.01155	0.01333	0.01066	0.00711	0.00533	0.00178	0.00888	0.00444	0.00355	0.01066
12	0.01074	0.00767	0.01035	0.01227	0.01303	0.00728	0.00879	0.01264	0.01651	0.02190	0.04545	0.58731	0.05359	0.02544	0.01077	0.00346	0.00536	0.13282	0.00770	0.00692
13	0.01723	0.01477	0.01723	0.01230	0.01969	0.01107	0.00984	0.02092	0.01723	0.02707	0.01477	0.01723	0.01230	0.00615	0.00615	0.00123	0.00615	0.00492	0.00492	0.75883
14	0.01602	0.02011	0.14537	0.49600	0.04951	0.01789	0.02322	0.02216	0.01685	0.02276	0.01479	0.02079	0.01109	0.00802	0.00802	0.00259	0.01082	0.00691	0.00378	0.08331
15	0.00982	0.00842	0.00842	0.00842	0.01122	0.00701	0.00631	0.01192	0.01894	0.02244	0.08416	0.07995	0.65285	0.02104	0.00982	0.00281	0.00421	0.01753	0.00771	0.00701
16	0.01378	0.01175	0.01356	0.01336	0.01484	0.07497	0.00996	0.01613	0.01412	0.01881	0.02205	0.03488	0.02151	0.17498	0.49421	0.01129	0.01895	0.00913	0.00454	0.00720
17	0.02066	0.01785	0.01878	0.01691	0.02160	0.02066	0.01315	0.04414	0.64121	0.03475	0.03381	0.03099	0.02536	0.01127	0.00845	0.00282	0.00657	0.00939	0.00845	0.01315
18	0.01339	0.00956	0.01339	0.01530	0.01721	0.00956	0.01339	0.01721	0.01912	0.02486	0.04399	0.09371	0.04781	0.02295	0.01147	0.00382	0.00765	0.60031	0.00765	0.00765
19	0.01706	0.00927	0.00943	0.00886	0.01126	0.00951	0.00679	0.07909	0.01954	0.03307	0.02640	0.02989	0.02059	0.00971	0.00605	0.00199	0.00439	0.00772	0.68103	0.00837
20	0.01011	0.00803	0.00908	0.00966	0.01161	0.00701	0.00692	0.01217	0.01838	0.02310	0.12703	0.28401	0.39901	0.02229	0.01008	0.00297	0.00438	0.01930	0.00785	0.00701
21	0.01756	0.01507	0.01738	0.01276	0.01988	0.01201	0.01017	0.02320	0.07841	0.02782	0.01663	0.01858	0.01358	0.00665	0.00638	0.00139	0.00619	0.00536	0.00527	0.68571
22	0.01905	0.01628	0.01771	0.01563	0.01847	0.08024	0.01230	0.05682	0.14338	0.06559	0.27974	0.03900	0.04205	0.01384	0.01246	0.00279	0.13643	0.01074	0.00751	0.00997
23	0.09688	0.08491	0.02962	0.03376	0.33024	0.10693	0.04530	0.02884	0.05153	0.08955	0.01717	0.01985	0.01353	0.00803	0.00765	0.00241	0.00985	0.00687	0.00502	0.01207
24	0.01929	0.25428	0.25997	0.07524	0.08390	0.02356	0.02159	0.05026	0.05023	0.02487	0.01545	0.01842	0.01232	0.01090	0.04410	0.00295	0.01099	0.00617	0.00409	0.01143
25	0.09809	0.21044	0.02959	0.09284	0.02775	0.15262	0.04932	0.14174	0.02234	0.05122	0.01479	0.01716	0.01169	0.00856	0.00793	0.00234	0.03957	0.00609	0.00505	0.01089
26	0.07368	0.10799	0.03267	0.06030	0.03099	0.11754	0.24099	0.02569	0.01937	0.04978	0.02084	0.03325	0.01871	0.01052	0.00874	0.00274	0.01134	0.11972	0.00506	0.01008

[dist]
# distance from previous block
# <min> <max>
2	20

[block]
# block no. 7 follows, 22 sequences, length 48
# corresponding to MSA columns:
# 1354-1401
name=unknown_H
#
# <colnr> <probs for GDERKNQSTAVLIFYWHMCP>
