[name]
unknown

[dist]
# distance from previous block
# <min> <max>
0	23

[block]
# block no. 0 follows, 21 sequences, length 45
# corresponding to MSA columns:
# 27-71
name=unknown_A
#
# <colnr> <probs for GDERKNQSTAVLIFYWHMCP>
#	G	D	E	R	K	N	Q	S	T	A	V	L	I	F	Y	W	H	M	C	P
0	0.01430	0.01102	0.01526	0.08480	0.02144	0.01189	0.01356	0.02041	0.08393	0.02625	0.10768	0.06751	0.04178	0.02648	0.11712	0.00513	0.01006	0.30564	0.00715	0.00859
1	0.01065	0.00845	0.00958	0.00972	0.01197	0.00737	0.00713	0.01321	0.02019	0.02585	0.23315	0.17629	0.39385	0.02124	0.01018	0.00291	0.00433	0.01826	0.00831	0.00737
2	0.01988	0.01903	0.03286	0.04704	0.54605	0.01890	0.05849	0.02468	0.01909	0.02713	0.01932	0.09203	0.01795	0.00956	0.00877	0.00264	0.00981	0.00947	0.00461	0.01267
3	0.01357	0.01088	0.01511	0.01433	0.01512	0.01324	0.01086	0.01556	0.01320	0.01904	0.02143	0.03623	0.02172	0.22262	0.36768	0.01015	0.15779	0.00963	0.00454	0.00731
4	0.03188	0.03785	0.02435	0.02154	0.02632	0.56297	0.01640	0.12888	0.02669	0.02614	0.01433	0.01617	0.01153	0.00900	0.00781	0.00225	0.01438	0.00583	0.00505	0.01061
5	0.01617	0.01485	0.02298	0.42387	0.04346	0.01756	0.01942	0.02082	0.01630	0.02235	0.01554	0.02262	0.01264	0.01505	0.08396	0.00389	0.08740	0.00732	0.00407	0.12973
6	0.02014	0.40228	0.32551	0.01901	0.02872	0.02729	0.02231	0.02616	0.01760	0.02320	0.01341	0.01563	0.01086	0.00765	0.00666	0.00222	0.01070	0.00535	0.00362	0.01168
7	0.76103	0.01646	0.01251	0.01119	0.01646	0.01909	0.00922	0.02502	0.01448	0.03818	0.01185	0.01382	0.00922	0.00790	0.00527	0.00263	0.00658	0.00461	0.00527	0.00922
8	0.02275	0.70604	0.04459	0.01456	0.02184	0.03367	0.01456	0.02548	0.01729	0.02002	0.01183	0.01365	0.01092	0.00728	0.00546	0.00182	0.00910	0.00455	0.00364	0.01092
9	0.01064	0.00762	0.01012	0.01166	0.01240	0.00709	0.00792	0.01253	0.01756	0.02373	0.14358	0.59297	0.06018	0.02516	0.01073	0.00333	0.00479	0.02277	0.00814	0.00709
10	0.01069	0.00754	0.00978	0.01143	0.01185	0.00713	0.00746	0.01193	0.01566	0.02088	0.04365	0.59169	0.05218	0.13595	0.01612	0.00423	0.00547	0.02228	0.00746	0.00663
11	0.01229	0.00837	0.00984	0.00966	0.01020	0.00819	0.00593	0.01336	0.01551	0.02122	0.19174	0.05780	0.04414	0.51808	0.03441	0.00676	0.00712	0.01318	0.00628	0.00593
12	0.02819	0.02177	0.02320	0.01874	0.02481	0.02445	0.01517	0.40596	0.26029	0.04693	0.02571	0.02464	0.01875	0.01071	0.00857	0.00268	0.00839	0.00839	0.00857	0.01410
13	0.06569	0.01188	0.01439	0.01211	0.01643	0.01121	0.00966	0.03032	0.05215	0.30440	0.11508	0.03396	0.02912	0.01119	0.00775	0.00244	0.00568	0.00914	0.24624	0.01115
14	0.03620	0.01766	0.02171	0.01665	0.02331	0.01722	0.01375	0.23760	0.02967	0.45010	0.02911	0.02607	0.01883	0.01043	0.00854	0.00261	0.00796	0.00825	0.00985	0.01448
15	0.02225	0.02060	0.03360	0.04880	0.58253	0.02087	0.02507	0.08847	0.02155	0.03052	0.01647	0.02100	0.01358	0.00786	0.00843	0.00253	0.01003	0.00759	0.00466	0.01358
16	0.02275	0.70604	0.04459	0.01456	0.02184	0.03367	0.01456	0.02548	0.01729	0.02002	0.01183	0.01365	0.01092	0.00728	0.00546	0.00182	0.00910	0.00455	0.00364	0.01092
17	0.01944	0.01871	0.02524	0.02391	0.08789	0.05880	0.05494	0.06843	0.01723	0.02415	0.01800	0.09398	0.01819	0.07068	0.02148	0.00371	0.35099	0.00971	0.00479	0.00973
18	0.01728	0.01396	0.01563	0.01412	0.01775	0.01506	0.01090	0.06414	0.30365	0.03522	0.29270	0.04765	0.08750	0.01456	0.00932	0.00278	0.00559	0.01246	0.00890	0.01084
19	0.01765	0.01513	0.01765	0.01260	0.02017	0.01134	0.01008	0.02143	0.01765	0.02773	0.01513	0.01765	0.01260	0.00630	0.00630	0.00126	0.00630	0.00504	0.00504	0.75295
20	0.02817	0.02551	0.02238	0.01882	0.02418	0.18344	0.01487	0.28193	0.19292	0.03924	0.02288	0.02291	0.01714	0.01019	0.00818	0.00252	0.00981	0.00766	0.05462	0.01264
21	0.01142	0.00828	0.01089	0.01190	0.01326	0.00775	0.00879	0.01414	0.01948	0.02632	0.23723	0.35988	0.10012	0.02290	0.01070	0.00325	0.00508	0.11282	0.00835	0.00743
22	0.01478	0.00739	0.01109	0.01109	0.01109	0.00739	0.00739	0.01109	0.01109	0.01478	0.01478	0.02587	0.01478	0.02956	0.03326	0.75240	0.00739	0.00739	0.00370	0.00370
23	0.01478	0.08467	0.02150	0.27116	0.03265	0.01625	0.01607	0.01880	0.01535	0.02055	0.01868	0.02721	0.01635	0.03653	0.34339	0.00825	0.01694	0.00804	0.00416	0.00866
24	0.02993	0.01944	0.02194	0.01733	0.02330	0.02069	0.01413	0.36420	0.09704	0.17549	0.10050	0.02866	0.02508	0.01130	0.00872	0.00262	0.00799	0.00900	0.00906	0.01359
25	0.02429	0.20332	0.22918	0.02023	0.02855	0.02377	0.05497	0.11660	0.02182	0.12377	0.01776	0.01923	0.01308	0.00900	0.00907	0.00252	0.05828	0.00669	0.00544	0.01243
26	0.02499	0.08180	0.02308	0.01856	0.02355	0.21288	0.01457	0.06903	0.37268	0.03086	0.02571	0.02485	0.01973	0.01031	0.00810	0.00258	0.00960	0.00788	0.00698	0.01225
27	0.76103	0.01646	0.01251	0.01119	0.01646	0.01909	0.00922	0.02502	0.01448	0.03818	0.01185	0.01382	0.00922	0.00790	0.00527	0.00263	0.00658	0.00461	0.00527	0.00922
28	0.01707	0.04402	0.65683	0.02426	0.03683	0.01976	0.03144	0.02695	0.01797	0.02695	0.01527	0.01797	0.01078	0.00809	0.00809	0.00270	0.01258	0.00629	0.00359	0.01258
29	0.01607	0.01513	0.02552	0.68047	0.05861	0.01891	0.02363	0.02174	0.01702	0.02174	0.01513	0.02269	0.01134	0.00851	0.00851	0.00284	0.01134	0.00756	0.00378	0.00945
30	0.01018	0.00816	0.00910	0.00984	0.01182	0.00708	0.00701	0.01208	0.01822	0.02251	0.07131	0.31446	0.42144	0.02349	0.01036	0.00309	0.00455	0.02032	0.00790	0.00708
31	0.76103	0.01646	0.01251	0.01119	0.01646	0.01909	0.00922	0.02502	0.01448	0.03818	0.01185	0.01382	0.00922	0.00790	0.00527	0.00263	0.00658	0.00461	0.00527	0.00922
32	0.01969	0.01673	0.01797	0.01625	0.02060	0.01904	0.01259	0.04049	0.53386	0.03536	0.13330	0.03691	0.03478	0.01249	0.00888	0.00285	0.00629	0.01056	0.00877	0.01259
33	0.01227	0.00865	0.01131	0.01131	0.01202	0.00935	0.00769	0.01368	0.01298	0.01801	0.02496	0.04540	0.02647	0.40631	0.33182	0.01076	0.01498	0.01087	0.00488	0.00629
34	0.02177	0.02709	0.09069	0.02018	0.02344	0.24473	0.01722	0.02503	0.01954	0.02391	0.13326	0.02601	0.02428	0.01251	0.01532	0.00288	0.24935	0.00816	0.00502	0.00961
35	0.76103	0.01646	0.01251	0.01119	0.01646	0.01909	0.00922	0.02502	0.01448	0.03818	0.01185	0.01382	0.00922	0.00790	0.00527	0.00263	0.00658	0.00461	0.00527	0.00922
36	0.01862	0.01862	0.02607	0.02234	0.02234	0.02607	0.01862	0.02048	0.01303	0.02048	0.01117	0.01862	0.01117	0.01489	0.02793	0.00372	0.68535	0.00745	0.00372	0.00931
37	0.02592	0.07655	0.03168	0.02846	0.16715	0.02424	0.10116	0.28316	0.10721	0.03919	0.02014	0.02184	0.01523	0.00914	0.00848	0.00258	0.00986	0.00798	0.00660	0.01342
38	0.76103	0.01646	0.01251	0.01119	0.01646	0.01909	0.00922	0.02502	0.01448	0.03818	0.01185	0.01382	0.00922	0.00790	0.00527	0.00263	0.00658	0.00461	0.00527	0.00922
39	0.03342	0.01686	0.02058	0.01635	0.02258	0.01671	0.01332	0.13653	0.16309	0.41749	0.03167	0.02820	0.02109	0.01071	0.00857	0.00268	0.00747	0.00865	0.00978	0.01425
40	0.01163	0.00861	0.01085	0.01044	0.01250	0.00783	0.00777	0.01520	0.02289	0.03163	0.52009	0.10308	0.16872	0.01860	0.01009	0.00275	0.00412	0.01631	0.00905	0.00783
41	0.01506	0.00867	0.01165	0.01145	0.01195	0.00898	0.00767	0.01488	0.07659	0.01725	0.01882	0.03132	0.01858	0.13648	0.03230	0.55303	0.00746	0.00843	0.00445	0.00496
42	0.03017	0.24339	0.03286	0.01831	0.02545	0.02093	0.11115	0.03391	0.02134	0.34369	0.02377	0.02295	0.01641	0.00892	0.00778	0.00240	0.00900	0.00748	0.00726	0.01282
43	0.01323	0.00796	0.00932	0.01029	0.01174	0.00770	0.00754	0.01614	0.01751	0.02677	0.03989	0.29717	0.06914	0.01839	0.00866	0.00280	0.00476	0.07593	0.34755	0.00749
44	0.02376	0.63436	0.04259	0.01509	0.02232	0.03291	0.01473	0.08790	0.01968	0.02355	0.01273	0.01436	0.01129	0.00759	0.00578	0.00190	0.00913	0.00488	0.00415	0.01129

[dist]
# distance from previous block
# <min> <max>
0	6

[block]
# block no. 1 follows, 21 sequences, length 52
# corresponding to MSA columns:
# 78-129
name=unknown_B
#
# <colnr> <probs for GDERKNQSTAVLIFYWHMCP>
#	G	D	E	R	K	N	Q	S	T	A	V	L	I	F	Y	W	H	M	C	P
0	0.01464	0.01294	0.02152	0.29476	0.03540	0.01520	0.06442	0.01880	0.01545	0.02091	0.01917	0.02971	0.01704	0.09322	0.26281	0.00748	0.03499	0.00879	0.00424	0.00851
1	0.01055	0.00755	0.01004	0.01172	0.01238	0.00703	0.00791	0.01231	0.01714	0.02308	0.11187	0.62655	0.05890	0.02565	0.01077	0.00337	0.00484	0.02323	0.00806	0.00703
2	0.01083	0.00786	0.00986	0.01094	0.01191	0.00728	0.00739	0.01259	0.01737	0.02309	0.13840	0.44198	0.13309	0.10848	0.01467	0.00386	0.00513	0.02060	0.00778	0.00690
3	0.02401	0.01969	0.02084	0.01789	0.02321	0.02250	0.01416	0.19122	0.48183	0.04018	0.03103	0.02887	0.02305	0.01121	0.00862	0.00280	0.00740	0.00912	0.00862	0.01372
4	0.03818	0.01448	0.01975	0.01514	0.02172	0.01251	0.01251	0.04147	0.02436	0.65373	0.03357	0.02897	0.02107	0.01053	0.00856	0.00263	0.00724	0.00856	0.01053	0.01448
5	0.03458	0.02027	0.02333	0.01789	0.02461	0.02109	0.01477	0.39877	0.03403	0.28277	0.02545	0.02369	0.01699	0.01034	0.00853	0.00258	0.00855	0.00800	0.00928	0.01448
6	0.09117	0.01345	0.01762	0.01495	0.02025	0.01236	0.01254	0.03406	0.02234	0.44358	0.03471	0.04477	0.02719	0.01362	0.00910	0.00296	0.00734	0.15621	0.00942	0.01236
7	0.02201	0.62006	0.12411	0.01582	0.02379	0.03187	0.01675	0.02567	0.01738	0.02092	0.01228	0.01421	0.01090	0.00739	0.00580	0.00193	0.00955	0.00478	0.00363	0.01114
8	0.03356	0.01725	0.02069	0.01614	0.02233	0.01720	0.01324	0.23253	0.05959	0.37172	0.02877	0.02649	0.01918	0.01043	0.00833	0.00257	0.00766	0.00826	0.07019	0.01389
9	0.02245	0.01928	0.02446	0.02364	0.10564	0.02119	0.06501	0.13616	0.36173	0.03626	0.02910	0.03205	0.02289	0.01125	0.00893	0.00285	0.00831	0.04805	0.00765	0.01310
10	0.01728	0.01088	0.01301	0.01154	0.01447	0.01069	0.00893	0.09697	0.02479	0.07771	0.38495	0.04858	0.05480	0.01434	0.00883	0.00250	0.00492	0.01227	0.17324	0.00928
11	0.01884	0.01802	0.02924	0.10409	0.42996	0.01913	0.02239	0.02318	0.01836	0.02568	0.02444	0.02882	0.09492	0.01040	0.01107	0.00275	0.09346	0.00891	0.00459	0.01175
12	0.01029	0.00771	0.00956	0.01103	0.01213	0.00698	0.00754	0.01194	0.01708	0.02205	0.05690	0.53940	0.20581	0.02536	0.01066	0.00331	0.00478	0.02261	0.00790	0.00698
13	0.01478	0.00739	0.01109	0.01109	0.01109	0.00739	0.00739	0.01109	0.01109	0.01478	0.01478	0.02587	0.01478	0.02956	0.03326	0.75240	0.00739	0.00739	0.00370	0.00370
14	0.02228	0.45046	0.14676	0.02168	0.10562	0.08030	0.01910	0.02650	0.01822	0.02228	0.01307	0.01549	0.01123	0.00758	0.00647	0.00209	0.01033	0.00532	0.00377	0.01145
15	0.01305	0.00857	0.01078	0.01066	0.01259	0.00789	0.00783	0.01633	0.02131	0.05616	0.37289	0.19755	0.11113	0.01861	0.00969	0.00278	0.00437	0.01637	0.09347	0.00798
16	0.01975	0.02558	0.13221	0.06273	0.10903	0.10256	0.24856	0.02554	0.01948	0.02549	0.01975	0.10438	0.01770	0.01003	0.00912	0.00272	0.01207	0.01002	0.00464	0.03863
17	0.02239	0.01889	0.01993	0.01757	0.02259	0.02174	0.01377	0.10795	0.56774	0.03757	0.03309	0.03051	0.02472	0.01140	0.00864	0.00285	0.00702	0.00941	0.00864	0.01358
18	0.76103	0.01646	0.01251	0.01119	0.01646	0.01909	0.00922	0.02502	0.01448	0.03818	0.01185	0.01382	0.00922	0.00790	0.00527	0.00263	0.00658	0.00461	0.00527	0.00922
19	0.01919	0.08714	0.34753	0.03518	0.29112	0.02107	0.02786	0.02648	0.01850	0.02675	0.01530	0.01892	0.01192	0.00781	0.00802	0.00255	0.01127	0.00669	0.00386	0.01282
20	0.01476	0.02481	0.30954	0.01626	0.02315	0.01326	0.01826	0.02106	0.01878	0.02793	0.11072	0.08893	0.10449	0.01283	0.00838	0.00263	0.00809	0.01069	0.15551	0.00992
21	0.01128	0.00911	0.01299	0.01285	0.01476	0.00829	0.05640	0.01370	0.01832	0.02402	0.12818	0.41496	0.19760	0.02271	0.01050	0.00317	0.00543	0.02046	0.00779	0.00748
22	0.01684	0.01539	0.01750	0.02057	0.13849	0.09383	0.01199	0.01838	0.01559	0.02001	0.02338	0.09328	0.02551	0.36802	0.02812	0.00561	0.06351	0.01115	0.00498	0.00786
23	0.02295	0.01804	0.01964	0.01662	0.02149	0.02003	0.01318	0.23400	0.29605	0.04140	0.16485	0.03496	0.03412	0.01239	0.00892	0.00273	0.00703	0.01023	0.00877	0.01260
24	0.01177	0.00842	0.00947	0.00947	0.01033	0.00817	0.00594	0.01257	0.01427	0.01842	0.04159	0.06053	0.18611	0.47601	0.08596	0.00733	0.00844	0.01353	0.00581	0.00587
25	0.02240	0.02103	0.02616	0.02363	0.09415	0.08254	0.10602	0.10878	0.21405	0.03324	0.06429	0.02645	0.02155	0.00970	0.00851	0.00250	0.00920	0.00858	0.00665	0.11056
26	0.01652	0.01577	0.02195	0.01967	0.01980	0.02120	0.01589	0.01829	0.01386	0.02080	0.02026	0.19068	0.02264	0.01789	0.02359	0.00366	0.51235	0.01170	0.00479	0.00870
27	0.02253	0.11029	0.02523	0.13586	0.02946	0.10344	0.01635	0.08246	0.27747	0.02974	0.02280	0.02394	0.01762	0.01022	0.00938	0.00268	0.05470	0.00778	0.00627	0.01178
28	0.57438	0.01764	0.01504	0.01304	0.01845	0.02030	0.01065	0.10473	0.09466	0.03987	0.01580	0.01691	0.01198	0.00865	0.00611	0.00265	0.00696	0.00563	0.00611	0.01043
29	0.02030	0.01670	0.01907	0.01386	0.02129	0.01406	0.01118	0.12940	0.02168	0.03241	0.01608	0.01815	0.01294	0.00701	0.00670	0.00149	0.00686	0.00551	0.00567	0.61962
30	0.02043	0.01065	0.01352	0.01168	0.01547	0.00934	0.00915	0.02372	0.02299	0.24197	0.29436	0.05646	0.20357	0.01612	0.00954	0.00271	0.00519	0.01372	0.00939	0.01001
31	0.01607	0.01513	0.02552	0.68047	0.05861	0.01891	0.02363	0.02174	0.01702	0.02174	0.01513	0.02269	0.01134	0.00851	0.00851	0.00284	0.01134	0.00756	0.00378	0.00945
32	0.26689	0.01873	0.01827	0.01510	0.02054	0.02103	0.01228	0.27611	0.10586	0.04352	0.02038	0.02115	0.01516	0.00959	0.00715	0.00255	0.00744	0.00695	0.09946	0.01181
33	0.01573	0.00940	0.01244	0.01151	0.01401	0.00856	0.00868	0.01932	0.02316	0.12492	0.47829	0.13699	0.06848	0.01753	0.00992	0.00277	0.00461	0.01547	0.00936	0.00885
34	0.03358	0.02545	0.02505	0.02020	0.02619	0.26339	0.08603	0.03692	0.02376	0.33742	0.02383	0.02305	0.01624	0.00946	0.00840	0.00249	0.01118	0.00756	0.00744	0.01236
35	0.01292	0.00814	0.01028	0.01011	0.01062	0.00797	0.00647	0.01298	0.01502	0.02054	0.18044	0.04995	0.03929	0.35288	0.03224	0.19999	0.00695	0.01185	0.00585	0.00551
36	0.03448	0.02042	0.02342	0.01796	0.02468	0.02131	0.01483	0.40812	0.03429	0.27306	0.02524	0.02355	0.01688	0.01033	0.00853	0.00258	0.00859	0.00799	0.00925	0.01448
37	0.01780	0.07664	0.34844	0.02076	0.02873	0.02048	0.02285	0.02827	0.14086	0.02694	0.02155	0.08689	0.01835	0.01136	0.01067	0.00287	0.09104	0.00874	0.00505	0.01170
38	0.70184	0.07174	0.01508	0.01146	0.01689	0.02026	0.00964	0.02505	0.01471	0.03673	0.01185	0.01381	0.00935	0.00785	0.00528	0.00257	0.00678	0.00460	0.00514	0.00935
39	0.08553	0.48392	0.03719	0.01570	0.02251	0.08204	0.01454	0.12389	0.02135	0.02711	0.01335	0.01492	0.01137	0.00793	0.00612	0.00204	0.00944	0.00514	0.00464	0.01128
40	0.02086	0.02358	0.08679	0.09813	0.40094	0.06369	0.12886	0.02654	0.01950	0.02666	0.01589	0.02089	0.01281	0.00771	0.00864	0.00260	0.01151	0.00776	0.00415	0.01247
41	0.01608	0.01343	0.02115	0.07613	0.11907	0.01419	0.06974	0.05505	0.01764	0.02414	0.02443	0.04205	0.02387	0.15338	0.20127	0.00698	0.01346	0.09367	0.00524	0.00902
42	0.01187	0.00804	0.00943	0.00993	0.01006	0.00791	0.00585	0.01224	0.01337	0.01783	0.03192	0.21833	0.03738	0.52949	0.03506	0.00703	0.00741	0.01538	0.00585	0.00560
43	0.02012	0.01010	0.01265	0.01110	0.01442	0.00919	0.00864	0.02381	0.02229	0.20411	0.28394	0.04704	0.08381	0.01385	0.00859	0.00250	0.00491	0.01176	0.19744	0.00974
44	0.02311	0.01784	0.01950	0.01688	0.02143	0.01973	0.01319	0.27738	0.22752	0.03963	0.03180	0.19573	0.02886	0.01483	0.00916	0.00289	0.00738	0.01250	0.00840	0.01222
45	0.10931	0.00959	0.01042	0.00991	0.01255	0.00925	0.00754	0.01675	0.02092	0.03163	0.34840	0.05763	0.20186	0.01625	0.00891	0.00263	0.00441	0.01369	0.10036	0.00796
46	0.02866	0.01697	0.01931	0.01576	0.02121	0.01779	0.01271	0.19807	0.18223	0.23124	0.02929	0.02777	0.02062	0.01060	0.00815	0.00257	0.00717	0.00848	0.12823	0.01317
47	0.02045	0.52902	0.03674	0.01484	0.02077	0.02760	0.01435	0.02349	0.01788	0.02141	0.02028	0.03459	0.02060	0.01141	0.00706	0.00235	0.00878	0.15354	0.00471	0.01014
48	0.02264	0.01997	0.02956	0.02803	0.17586	0.01912	0.12502	0.17565	0.02419	0.03425	0.01706	0.02013	0.01334	0.00776	0.00805	0.00218	0.00944	0.00722	0.00559	0.25494
49	0.01238	0.00825	0.00928	0.00928	0.00928	0.00825	0.00516	0.01238	0.01238	0.01650	0.02681	0.05569	0.03094	0.70092	0.04331	0.00825	0.00825	0.01238	0.00516	0.00516
50	0.07091	0.01415	0.01716	0.01409	0.01889	0.01385	0.01130	0.12356	0.05158	0.26932	0.25212	0.03939	0.04106	0.01286	0.00889	0.00265	0.00634	0.01071	0.00939	0.01177
51	0.11270	0.26655	0.22903	0.10409	0.03103	0.02497	0.02051	0.07405	0.01898	0.02744	0.01405	0.01676	0.01101	0.00801	0.00691	0.00239	0.01019	0.00575	0.00425	0.01133

[dist]
# distance from previous block
# <min> <max>
1	2

[block]
# block no. 2 follows, 21 sequences, length 15
# corresponding to MSA columns:
# 132-146
name=unknown_C
#
# <colnr> <probs for GDERKNQSTAVLIFYWHMCP>
#	G	D	E	R	K	N	Q	S	T	A	V	L	I	F	Y	W	H	M	C	P
0	0.10227	0.02263	0.01923	0.01546	0.02174	0.20395	0.01212	0.02767	0.01994	0.09542	0.01623	0.01781	0.01269	0.00766	0.00684	0.00183	0.00908	0.00551	0.00548	0.37644
1	0.03426	0.01625	0.02049	0.01558	0.02234	0.01483	0.01283	0.14223	0.02622	0.45857	0.02864	0.02585	0.01870	0.00988	0.00823	0.00243	0.00749	0.00791	0.00940	0.11786
2	0.02314	0.01646	0.02344	0.02642	0.20738	0.01652	0.04695	0.05735	0.14047	0.15288	0.03226	0.03255	0.08743	0.01080	0.00850	0.00262	0.00780	0.00948	0.08521	0.01234
3	0.01111	0.00848	0.00989	0.00984	0.01181	0.00760	0.00708	0.01368	0.02012	0.02645	0.29103	0.13650	0.29711	0.09494	0.01378	0.00345	0.00469	0.01701	0.00817	0.00726
4	0.01619	0.01252	0.01696	0.06356	0.01981	0.01357	0.05415	0.07931	0.07492	0.02482	0.02448	0.03858	0.02331	0.27885	0.17302	0.00727	0.01199	0.01011	0.04821	0.00837
5	0.01143	0.00867	0.01052	0.01006	0.01234	0.00777	0.00755	0.01487	0.02264	0.03069	0.47132	0.06923	0.25447	0.01868	0.01004	0.00274	0.00411	0.01618	0.00892	0.00777
6	0.01222	0.00886	0.01237	0.01237	0.01343	0.00993	0.00900	0.01436	0.01329	0.01879	0.02399	0.04006	0.02415	0.25364	0.48132	0.01206	0.01846	0.01009	0.00474	0.00687
7	0.02251	0.44570	0.14042	0.01710	0.02482	0.02702	0.04388	0.02669	0.01799	0.08612	0.01565	0.01778	0.01277	0.01185	0.05447	0.00295	0.01071	0.00582	0.00443	0.01134
8	0.01536	0.00958	0.01169	0.01198	0.01417	0.00910	0.00865	0.01949	0.07584	0.10618	0.04895	0.39819	0.14130	0.02108	0.00986	0.00309	0.00523	0.01858	0.06305	0.00863
9	0.03068	0.01669	0.02035	0.01532	0.02225	0.01514	0.01256	0.15954	0.02568	0.33420	0.02513	0.02369	0.01707	0.00918	0.00786	0.00220	0.00741	0.00729	0.00843	0.23933
10	0.02095	0.11419	0.27071	0.02416	0.06408	0.12254	0.10914	0.02725	0.02011	0.04806	0.08159	0.02311	0.01896	0.00900	0.00823	0.00252	0.01163	0.00761	0.00471	0.01142
11	0.18247	0.29051	0.04864	0.01589	0.02149	0.19920	0.01384	0.02645	0.01847	0.02453	0.01560	0.07832	0.01482	0.00966	0.00661	0.00228	0.00997	0.00672	0.00459	0.00995
12	0.18083	0.11340	0.01950	0.01392	0.01799	0.01545	0.04531	0.02173	0.01947	0.07528	0.19738	0.10096	0.03996	0.01440	0.00852	0.00279	0.00675	0.09001	0.00708	0.00925
13	0.09263	0.20473	0.27555	0.01864	0.02743	0.05361	0.02039	0.02997	0.05162	0.12404	0.01785	0.01880	0.01309	0.00846	0.00723	0.00244	0.01012	0.00618	0.00515	0.01205
14	0.02192	0.04591	0.08621	0.02476	0.11723	0.13518	0.09403	0.09013	0.02147	0.02791	0.01863	0.07076	0.01667	0.04633	0.01004	0.00265	0.01055	0.00833	0.00512	0.14617

[dist]
# distance from previous block
# <min> <max>
0	4

[block]
# block no. 3 follows, 21 sequences, length 10
# corresponding to MSA columns:
# 151-160
name=unknown_D
#
# <colnr> <probs for GDERKNQSTAVLIFYWHMCP>
#	G	D	E	R	K	N	Q	S	T	A	V	L	I	F	Y	W	H	M	C	P
0	0.02499	0.07158	0.02243	0.01674	0.02208	0.02169	0.01362	0.35588	0.10785	0.04192	0.06498	0.10009	0.07258	0.01319	0.00875	0.00267	0.00785	0.01066	0.00810	0.01234
1	0.08189	0.20560	0.05747	0.01931	0.08828	0.04310	0.01513	0.10139	0.02148	0.12758	0.02002	0.07058	0.01675	0.00971	0.00733	0.00230	0.00851	0.00757	0.00602	0.08999
2	0.02062	0.25689	0.16641	0.02354	0.06062	0.02513	0.14853	0.02998	0.13594	0.02638	0.01827	0.02038	0.01433	0.00825	0.00775	0.00247	0.01055	0.00721	0.00476	0.01200
3	0.01829	0.10212	0.02104	0.01285	0.02038	0.01416	0.01065	0.02194	0.01760	0.02676	0.01471	0.01714	0.01239	0.00643	0.00620	0.00133	0.00665	0.00498	0.00487	0.65952
4	0.01422	0.01519	0.08497	0.11170	0.13897	0.01270	0.01576	0.01856	0.01955	0.02674	0.19092	0.16307	0.12261	0.01563	0.00948	0.00284	0.00726	0.01386	0.00657	0.00940
5	0.01093	0.00797	0.01038	0.01187	0.01296	0.00742	0.00849	0.01306	0.01786	0.02364	0.11368	0.48831	0.12023	0.02475	0.01080	0.00337	0.00514	0.09392	0.00805	0.00718
6	0.01987	0.02231	0.20177	0.01918	0.05924	0.01542	0.01764	0.02940	0.14698	0.12921	0.14073	0.10248	0.03325	0.01283	0.00895	0.00279	0.00801	0.01097	0.00729	0.01169
7	0.01006	0.00862	0.00862	0.00862	0.01149	0.00718	0.00647	0.01221	0.01940	0.02299	0.08621	0.08190	0.64438	0.02155	0.01006	0.00287	0.00431	0.01796	0.00790	0.00718
8	0.02250	0.16240	0.14933	0.02426	0.13958	0.02233	0.01935	0.03382	0.21299	0.09525	0.02278	0.02319	0.01720	0.00918	0.00785	0.00254	0.00901	0.00747	0.00606	0.01289
9	0.02052	0.09316	0.02272	0.02224	0.13672	0.16914	0.01453	0.06855	0.02158	0.02602	0.07721	0.17153	0.09336	0.01430	0.00875	0.00262	0.00900	0.01199	0.00609	0.00996

[dist]
# distance from previous block
# <min> <max>
0	4

[block]
# block no. 4 follows, 21 sequences, length 40
# corresponding to MSA columns:
# 165-204
name=unknown_E
#
# <colnr> <probs for GDERKNQSTAVLIFYWHMCP>
#	G	D	E	R	K	N	Q	S	T	A	V	L	I	F	Y	W	H	M	C	P
0	0.06550	0.06948	0.02253	0.07665	0.02319	0.10813	0.01523	0.02247	0.01714	0.02457	0.08881	0.02466	0.02041	0.01225	0.01584	0.00291	0.28628	0.00780	0.08696	0.00921
1	0.46973	0.01992	0.01669	0.01396	0.01971	0.07736	0.01133	0.14297	0.02074	0.03854	0.01403	0.01569	0.01079	0.00826	0.00624	0.00243	0.00788	0.00534	0.00581	0.09261
2	0.01907	0.01726	0.02552	0.13685	0.14798	0.02051	0.03660	0.09171	0.01866	0.02615	0.01889	0.09710	0.01820	0.05173	0.01706	0.00341	0.22830	0.00973	0.00496	0.01031
3	0.02008	0.04623	0.17793	0.16710	0.10305	0.05757	0.06233	0.09030	0.02058	0.02798	0.05073	0.02229	0.01573	0.00965	0.01076	0.00277	0.09129	0.00766	0.00468	0.01129
4	0.29843	0.01593	0.07022	0.01288	0.01740	0.01484	0.01121	0.02390	0.09215	0.03520	0.27494	0.03681	0.04062	0.01226	0.00789	0.00269	0.00608	0.00979	0.00721	0.00953
5	0.02286	0.02578	0.02827	0.29763	0.13140	0.25596	0.06822	0.02729	0.02020	0.02273	0.01470	0.01979	0.01164	0.00836	0.00831	0.00256	0.01286	0.00700	0.00411	0.01035
6	0.01434	0.01051	0.01220	0.01085	0.01475	0.00879	0.00851	0.01739	0.02024	0.07264	0.16193	0.06256	0.32144	0.01700	0.00930	0.00257	0.00517	0.05935	0.00775	0.16271
7	0.01911	0.01603	0.01719	0.01563	0.01956	0.01818	0.01188	0.03809	0.49149	0.03317	0.10107	0.03812	0.03258	0.09408	0.01293	0.00350	0.00661	0.01059	0.00832	0.01188
8	0.32942	0.02379	0.02072	0.01971	0.07741	0.16039	0.01440	0.16317	0.02276	0.03608	0.01443	0.01658	0.01129	0.00898	0.00809	0.00257	0.04770	0.00592	0.00564	0.01095
9	0.02214	0.01090	0.01404	0.01221	0.01610	0.00955	0.00952	0.02516	0.02227	0.28448	0.20263	0.12835	0.17432	0.01657	0.00953	0.00279	0.00551	0.01418	0.00936	0.01036
10	0.01412	0.01153	0.01625	0.01463	0.01727	0.01244	0.04803	0.06334	0.01820	0.02474	0.08192	0.04426	0.16697	0.04019	0.33908	0.00828	0.05295	0.01146	0.00593	0.00842
11	0.01478	0.00739	0.01109	0.01109	0.01109	0.00739	0.00739	0.01109	0.01109	0.01478	0.01478	0.02587	0.01478	0.02956	0.03326	0.75240	0.00739	0.00739	0.00370	0.00370
12	0.01924	0.01540	0.01749	0.01664	0.02045	0.01708	0.01344	0.09754	0.32683	0.03335	0.03728	0.09984	0.03424	0.01631	0.00979	0.00322	0.00724	0.19497	0.00833	0.01131
13	0.06900	0.01801	0.02135	0.01596	0.02305	0.06183	0.06517	0.04929	0.02010	0.13131	0.01819	0.01967	0.01376	0.00750	0.00713	0.00183	0.00797	0.00617	0.00597	0.43673
14	0.01188	0.00954	0.01071	0.01225	0.01294	0.04801	0.00819	0.01327	0.01643	0.02120	0.04302	0.59617	0.05121	0.08560	0.01355	0.00380	0.00588	0.02198	0.00744	0.00694
15	0.03179	0.04056	0.02412	0.02192	0.02631	0.66676	0.01644	0.03398	0.02412	0.02083	0.01315	0.01535	0.01096	0.00877	0.00767	0.00219	0.01535	0.00548	0.00438	0.00987
16	0.01913	0.05820	0.34143	0.03453	0.26902	0.02060	0.04533	0.02762	0.05329	0.02751	0.01657	0.01991	0.01274	0.00803	0.00821	0.00261	0.01122	0.00702	0.00414	0.01288
17	0.09562	0.16109	0.02934	0.01844	0.02480	0.02196	0.08552	0.12997	0.02321	0.24183	0.02119	0.02146	0.01504	0.00951	0.00932	0.00257	0.06232	0.00731	0.00701	0.01250
18	0.01020	0.00805	0.00921	0.01014	0.01189	0.00706	0.00714	0.01204	0.01794	0.02239	0.06770	0.37080	0.36743	0.02396	0.01044	0.00315	0.00461	0.02090	0.00790	0.00706
19	0.01102	0.00825	0.01015	0.01139	0.01281	0.00761	0.00831	0.01303	0.01751	0.02238	0.05673	0.35952	0.22725	0.07431	0.01318	0.00372	0.00551	0.12260	0.00769	0.00703
20	0.01951	0.01295	0.01524	0.01378	0.01749	0.01327	0.01060	0.03006	0.23811	0.14103	0.21111	0.11761	0.09259	0.01548	0.00938	0.00285	0.00567	0.01333	0.00904	0.01090
21	0.10792	0.01608	0.01766	0.01503	0.02018	0.01718	0.01198	0.07137	0.28333	0.21355	0.03019	0.02833	0.02157	0.01058	0.00792	0.00266	0.00668	0.00845	0.09665	0.01269
22	0.32114	0.09454	0.01504	0.01093	0.01431	0.01590	0.00852	0.02019	0.01455	0.02779	0.01864	0.02889	0.01778	0.20099	0.07463	0.00497	0.00849	0.00748	0.08719	0.00803
23	0.19578	0.21185	0.19376	0.01723	0.02511	0.02432	0.01784	0.09850	0.08758	0.03184	0.01629	0.01764	0.01257	0.00846	0.00683	0.00245	0.00920	0.00595	0.00514	0.01166
24	0.02601	0.46629	0.03722	0.01721	0.02345	0.26176	0.01524	0.02854	0.01975	0.02031	0.01231	0.01426	0.01094	0.00782	0.00626	0.00195	0.01135	0.00489	0.00391	0.01054
25	0.76103	0.01646	0.01251	0.01119	0.01646	0.01909	0.00922	0.02502	0.01448	0.03818	0.01185	0.01382	0.00922	0.00790	0.00527	0.00263	0.00658	0.00461	0.00527	0.00922
26	0.05943	0.01583	0.05782	0.01681	0.02037	0.01574	0.04745	0.08332	0.07930	0.02838	0.04643	0.04464	0.07411	0.03654	0.05828	0.07070	0.08394	0.12599	0.02560	0.00932
27	0.01079	0.00843	0.00979	0.00990	0.01206	0.00743	0.00725	0.01347	0.02046	0.02659	0.27054	0.18317	0.34767	0.02102	0.01019	0.00291	0.00432	0.01817	0.00841	0.00743
28	0.01842	0.01763	0.02929	0.34454	0.29606	0.02030	0.02406	0.02339	0.01751	0.02408	0.01502	0.02154	0.01220	0.00889	0.01078	0.00281	0.09090	0.00756	0.00395	0.01109
29	0.01149	0.00884	0.01211	0.01495	0.06889	0.00826	0.00938	0.01366	0.01784	0.02388	0.11935	0.49239	0.12040	0.02330	0.01046	0.00322	0.00522	0.02098	0.00775	0.00766
30	0.01198	0.00866	0.01102	0.01094	0.01206	0.00896	0.00760	0.01378	0.01497	0.02039	0.10065	0.05166	0.10578	0.31506	0.26045	0.00895	0.01255	0.01220	0.00573	0.00659
31	0.02505	0.53690	0.03939	0.01643	0.02298	0.19458	0.01504	0.02764	0.01903	0.02023	0.01217	0.01408	0.01093	0.00766	0.00602	0.00191	0.01069	0.00479	0.00383	0.01065
32	0.02236	0.01498	0.01813	0.01319	0.02052	0.01161	0.01064	0.02603	0.01919	0.17136	0.01936	0.02024	0.01455	0.00727	0.00682	0.00158	0.00652	0.00585	0.00630	0.58351
33	0.02090	0.02743	0.26241	0.02796	0.16836	0.01845	0.05362	0.03058	0.11630	0.10350	0.06708	0.02576	0.02024	0.00945	0.00855	0.00269	0.00993	0.00824	0.00582	0.01275
34	0.02304	0.01921	0.02030	0.01770	0.02284	0.02204	0.01392	0.14124	0.53340	0.03861	0.03226	0.02986	0.02405	0.01132	0.00863	0.00283	0.00717	0.00929	0.00863	0.01364
35	0.76103	0.01646	0.01251	0.01119	0.01646	0.01909	0.00922	0.02502	0.01448	0.03818	0.01185	0.01382	0.00922	0.00790	0.00527	0.00263	0.00658	0.00461	0.00527	0.00922
36	0.02275	0.10915	0.25853	0.02719	0.14954	0.02047	0.06602	0.03063	0.06796	0.13681	0.01988	0.02143	0.01447	0.00853	0.00811	0.00258	0.01042	0.00726	0.00539	0.01288
37	0.01173	0.01369	0.11537	0.01341	0.01633	0.00922	0.01164	0.01507	0.01818	0.02485	0.14943	0.42587	0.09953	0.02161	0.01020	0.00315	0.00597	0.01924	0.00746	0.00805
38	0.01519	0.01654	0.06682	0.07757	0.09514	0.08377	0.01403	0.01863	0.01919	0.02445	0.11191	0.24429	0.14448	0.01734	0.00955	0.00290	0.00766	0.01512	0.00654	0.00887
39	0.02163	0.07948	0.25000	0.02990	0.20690	0.02217	0.02391	0.12514	0.10017	0.03212	0.01853	0.02069	0.01410	0.00867	0.00813	0.00258	0.01035	0.00718	0.00522	0.01313

[dist]
# distance from previous block
# <min> <max>
0	4

[block]
# block no. 5 follows, 21 sequences, length 78
# corresponding to MSA columns:
# 215-292
name=unknown_F
#
# <colnr> <probs for GDERKNQSTAVLIFYWHMCP>
#	G	D	E	R	K	N	Q	S	T	A	V	L	I	F	Y	W	H	M	C	P
0	0.02269	0.03194	0.31745	0.02123	0.03027	0.02211	0.02265	0.21255	0.16552	0.03710	0.02129	0.02188	0.01539	0.00953	0.00835	0.00270	0.01025	0.00747	0.00626	0.01336
1	0.01730	0.01284	0.01606	0.01422	0.01657	0.01446	0.01134	0.02042	0.04282	0.10645	0.04677	0.04849	0.26667	0.05111	0.03721	0.00366	0.21481	0.01218	0.03760	0.00901
2	0.02004	0.08067	0.09850	0.07607	0.33699	0.04091	0.07829	0.02624	0.04996	0.02647	0.03657	0.02373	0.01627	0.04149	0.01001	0.00282	0.01047	0.00793	0.00452	0.01205
3	0.02049	0.01082	0.01367	0.01188	0.01577	0.00938	0.00924	0.02354	0.02195	0.23922	0.21031	0.11404	0.19688	0.01647	0.00944	0.00272	0.00538	0.01406	0.00905	0.04569
4	0.01862	0.01862	0.02607	0.02234	0.02234	0.02607	0.01862	0.02048	0.01303	0.02048	0.01117	0.01862	0.01117	0.01489	0.02793	0.00372	0.68535	0.00745	0.00372	0.00931
5	0.02228	0.11515	0.29281	0.02097	0.02935	0.15549	0.02192	0.05677	0.15009	0.02781	0.01874	0.01994	0.01420	0.00895	0.00783	0.00252	0.01137	0.00668	0.00504	0.01209
6	0.53034	0.01988	0.07822	0.02132	0.15519	0.01940	0.01498	0.02544	0.01587	0.03487	0.01307	0.01578	0.01029	0.00785	0.00622	0.00262	0.00791	0.00541	0.00488	0.01046
7	0.02186	0.12515	0.16308	0.02898	0.21979	0.02202	0.02133	0.15300	0.02377	0.03278	0.08837	0.02408	0.02044	0.00934	0.00812	0.00248	0.00962	0.00778	0.00552	0.01250
8	0.01006	0.00862	0.00862	0.00862	0.01149	0.00718	0.00647	0.01221	0.01940	0.02299	0.08621	0.08190	0.64438	0.02155	0.01006	0.00287	0.00431	0.01796	0.00790	0.00718
9	0.02560	0.02561	0.02135	0.01897	0.02380	0.22236	0.01474	0.11215	0.34777	0.03289	0.02655	0.02751	0.02069	0.01094	0.00844	0.00267	0.00978	0.02863	0.00728	0.01227
10	0.02710	0.02575	0.02223	0.16184	0.03085	0.27632	0.01628	0.12744	0.02446	0.08769	0.01854	0.02111	0.01393	0.00926	0.00786	0.00241	0.01130	0.00689	0.09801	0.01074
11	0.01076	0.00791	0.01009	0.01111	0.01232	0.00724	0.00774	0.01299	0.01874	0.02512	0.20712	0.44775	0.14264	0.02356	0.01054	0.00317	0.00461	0.02106	0.00828	0.00724
12	0.02542	0.01644	0.02140	0.08885	0.02612	0.01695	0.04971	0.17822	0.08421	0.19471	0.10872	0.03589	0.09101	0.01214	0.00898	0.00270	0.00789	0.01025	0.00832	0.01209
13	0.01840	0.00955	0.01189	0.01095	0.01249	0.00906	0.00722	0.01889	0.01523	0.16267	0.02843	0.08502	0.02866	0.43889	0.03246	0.07706	0.00774	0.01174	0.00641	0.00726
14	0.03106	0.09967	0.02638	0.02069	0.02590	0.46014	0.01620	0.16734	0.02711	0.02827	0.01470	0.01635	0.01176	0.00896	0.00766	0.00224	0.01339	0.00589	0.00526	0.01102
15	0.01791	0.01667	0.02853	0.10882	0.37213	0.01732	0.05677	0.02252	0.01771	0.02497	0.01902	0.05659	0.01706	0.02146	0.15960	0.00518	0.01316	0.00888	0.00443	0.01126
16	0.02254	0.36654	0.06756	0.01808	0.02494	0.02746	0.07210	0.09976	0.13737	0.02810	0.01934	0.04740	0.01628	0.00928	0.00722	0.00232	0.00918	0.00731	0.00541	0.01180
17	0.01992	0.01905	0.03248	0.19619	0.51282	0.01992	0.02555	0.02512	0.01884	0.02641	0.01581	0.02144	0.01299	0.00779	0.00844	0.00260	0.01039	0.00758	0.00411	0.01256
18	0.02079	0.01770	0.01861	0.01663	0.02138	0.02016	0.01297	0.07646	0.53903	0.03549	0.03866	0.03582	0.08378	0.01241	0.00878	0.00287	0.00666	0.01029	0.00858	0.01294
19	0.01124	0.00771	0.01009	0.01188	0.01267	0.00731	0.00832	0.01321	0.01679	0.02306	0.04490	0.56979	0.05226	0.02475	0.01049	0.00337	0.00515	0.08201	0.07791	0.00711
20	0.08004	0.01087	0.01288	0.01142	0.01402	0.01047	0.00808	0.02283	0.01670	0.21611	0.02839	0.04467	0.02647	0.38385	0.02710	0.00569	0.00764	0.03086	0.03334	0.00856
21	0.01650	0.00996	0.01117	0.01012	0.01384	0.00840	0.00785	0.01892	0.02053	0.16752	0.07415	0.06977	0.50155	0.01903	0.00971	0.00282	0.00498	0.01581	0.00851	0.00886
22	0.02117	0.01828	0.01924	0.01732	0.02213	0.02117	0.01347	0.04522	0.63246	0.03560	0.03464	0.03175	0.02598	0.01155	0.00866	0.00289	0.00673	0.00962	0.00866	0.01347
23	0.03383	0.02146	0.02407	0.01845	0.02520	0.02286	0.01524	0.47249	0.03603	0.20623	0.02377	0.02260	0.01615	0.01030	0.00852	0.00257	0.00882	0.00789	0.00903	0.01448
24	0.03235	0.02384	0.02554	0.01958	0.02639	0.02639	0.01618	0.61946	0.04001	0.05363	0.02043	0.02043	0.01447	0.01022	0.00851	0.00255	0.00936	0.00766	0.00851	0.01447
25	0.02579	0.02090	0.03035	0.04133	0.45339	0.07970	0.02225	0.03019	0.02090	0.16276	0.01954	0.02223	0.01489	0.00833	0.00838	0.00252	0.00998	0.00760	0.00560	0.01336
26	0.02275	0.70604	0.04459	0.01456	0.02184	0.03367	0.01456	0.02548	0.01729	0.02002	0.01183	0.01365	0.01092	0.00728	0.00546	0.00182	0.00910	0.00455	0.00364	0.01092
27	0.02719	0.02461	0.01891	0.01685	0.02052	0.31210	0.01255	0.02924	0.02064	0.16481	0.02170	0.02892	0.01858	0.16435	0.07798	0.00469	0.01266	0.00802	0.00598	0.00969
28	0.02150	0.01846	0.02210	0.08445	0.10352	0.02093	0.01611	0.09975	0.41644	0.03477	0.02937	0.04938	0.02279	0.01110	0.00867	0.00282	0.00781	0.00943	0.00761	0.01299
29	0.03665	0.01694	0.02127	0.01631	0.02295	0.01616	0.01347	0.19360	0.02848	0.49579	0.03011	0.02672	0.01933	0.01045	0.00855	0.00261	0.00780	0.00832	0.01000	0.01448
30	0.02057	0.01906	0.03203	0.04804	0.58750	0.01906	0.02421	0.02552	0.01923	0.02817	0.01712	0.02207	0.01427	0.00780	0.00819	0.00248	0.00953	0.00762	0.07458	0.01296
31	0.01054	0.00769	0.00993	0.01137	0.01230	0.00708	0.00777	0.01241	0.01759	0.02340	0.12519	0.55252	0.12090	0.02497	0.01068	0.00330	0.00476	0.02245	0.00808	0.00708
32	0.01140	0.00832	0.01083	0.01135	0.01249	0.00832	0.00798	0.01344	0.01629	0.02208	0.12245	0.25099	0.11020	0.15770	0.18939	0.00685	0.01005	0.01618	0.00672	0.00695
33	0.02275	0.70604	0.04459	0.01456	0.02184	0.03367	0.01456	0.02548	0.01729	0.02002	0.01183	0.01365	0.01092	0.00728	0.00546	0.00182	0.00910	0.00455	0.00364	0.01092
34	0.01592	0.01067	0.01374	0.01296	0.01604	0.00992	0.01029	0.02082	0.05816	0.08915	0.29640	0.11105	0.05500	0.01733	0.00987	0.00288	0.00568	0.14577	0.00850	0.08987
35	0.01687	0.05350	0.28503	0.02067	0.08332	0.01533	0.01970	0.02258	0.01854	0.06352	0.11955	0.10157	0.02984	0.09771	0.01302	0.00341	0.00920	0.01054	0.00562	0.01048
36	0.02275	0.12733	0.02353	0.01707	0.02232	0.06140	0.01378	0.04130	0.47448	0.05779	0.02973	0.02782	0.02252	0.01067	0.00809	0.00267	0.00764	0.00853	0.00769	0.01290
37	0.01229	0.00988	0.01579	0.01545	0.01724	0.00956	0.08460	0.01492	0.01679	0.02251	0.03967	0.43661	0.04526	0.05348	0.08090	0.00470	0.00850	0.09725	0.00699	0.00761
38	0.01928	0.05794	0.27972	0.06738	0.29601	0.02064	0.05136	0.02722	0.04967	0.02722	0.01649	0.02023	0.01282	0.00800	0.00825	0.00261	0.01110	0.00715	0.00415	0.01274
39	0.01455	0.01894	0.16236	0.01626	0.02028	0.01460	0.01563	0.01938	0.02012	0.02913	0.34264	0.04403	0.06945	0.01487	0.01347	0.00291	0.15361	0.01168	0.00677	0.00932
40	0.01058	0.00757	0.01006	0.01171	0.01239	0.00705	0.00792	0.01237	0.01726	0.02327	0.12107	0.61681	0.05927	0.02551	0.01076	0.00336	0.00482	0.02310	0.00808	0.00705
41	0.02174	0.01761	0.02883	0.10226	0.44717	0.01776	0.02195	0.02653	0.01949	0.09331	0.01923	0.02337	0.01511	0.00827	0.00814	0.00250	0.00916	0.00773	0.09734	0.01251
42	0.01748	0.01331	0.01452	0.01338	0.01678	0.01458	0.01027	0.03151	0.32687	0.03431	0.19791	0.04036	0.03973	0.01276	0.00841	0.00262	0.00536	0.01080	0.17830	0.01073
43	0.01218	0.00901	0.01313	0.01313	0.01446	0.01034	0.00996	0.01485	0.01351	0.01935	0.02329	0.03620	0.02248	0.14305	0.58962	0.01300	0.02099	0.00952	0.00463	0.00729
44	0.02073	0.03003	0.31829	0.09947	0.13056	0.01909	0.08172	0.02918	0.05584	0.10500	0.01899	0.02162	0.01364	0.00848	0.00846	0.00271	0.01122	0.00746	0.00494	0.01256
45	0.02117	0.01828	0.01924	0.01732	0.02213	0.02117	0.01347	0.04522	0.63246	0.03560	0.03464	0.03175	0.02598	0.01155	0.00866	0.00289	0.00673	0.00962	0.00866	0.01347
46	0.02275	0.70604	0.04459	0.01456	0.02184	0.03367	0.01456	0.02548	0.01729	0.02002	0.01183	0.01365	0.01092	0.00728	0.00546	0.00182	0.00910	0.00455	0.00364	0.01092
47	0.01607	0.01513	0.02552	0.68047	0.05861	0.01891	0.02363	0.02174	0.01702	0.02174	0.01513	0.02269	0.01134	0.00851	0.00851	0.00284	0.01134	0.00756	0.00378	0.00945
48	0.01765	0.01513	0.01765	0.01260	0.02017	0.01134	0.01008	0.02143	0.01765	0.02773	0.01513	0.01765	0.01260	0.00630	0.00630	0.00126	0.00630	0.00504	0.00504	0.75295
49	0.01166	0.00840	0.01103	0.01097	0.01263	0.00777	0.00800	0.01509	0.02230	0.03128	0.50668	0.20834	0.07479	0.01952	0.01023	0.00286	0.00423	0.01741	0.00903	0.00777
50	0.03179	0.04056	0.02412	0.02192	0.02631	0.66676	0.01644	0.03398	0.02412	0.02083	0.01315	0.01535	0.01096	0.00877	0.00767	0.00219	0.01535	0.00548	0.00438	0.00987
51	0.26616	0.16926	0.02545	0.01578	0.02219	0.02561	0.01357	0.29833	0.02682	0.04135	0.01579	0.01682	0.01200	0.00883	0.00680	0.00242	0.00841	0.00600	0.00641	0.01200
52	0.03544	0.01388	0.01887	0.01468	0.02078	0.01204	0.01204	0.03881	0.02433	0.58880	0.09748	0.03259	0.02727	0.01125	0.00871	0.00264	0.00690	0.00927	0.01041	0.01381
53	0.02884	0.01461	0.01834	0.01468	0.01988	0.01398	0.01187	0.15284	0.02750	0.33704	0.22066	0.03797	0.03814	0.01260	0.00901	0.00263	0.00668	0.01050	0.00975	0.01247
54	0.01013	0.00834	0.00891	0.00936	0.01169	0.00712	0.00679	0.01213	0.01869	0.02270	0.07720	0.22247	0.50962	0.02272	0.01024	0.00301	0.00445	0.01939	0.00790	0.00712
55	0.03235	0.02384	0.02554	0.01958	0.02639	0.02639	0.01618	0.61946	0.04001	0.05363	0.02043	0.02043	0.01447	0.01022	0.00851	0.00255	0.00936	0.00766	0.00851	0.01447
56	0.01838	0.02118	0.11932	0.01499	0.02317	0.05082	0.01384	0.02303	0.01807	0.02721	0.01503	0.01756	0.01222	0.00673	0.00666	0.00154	0.00782	0.00527	0.00477	0.59237
57	0.01388	0.01234	0.01479	0.01463	0.05275	0.01203	0.04018	0.02172	0.16686	0.02652	0.06623	0.06332	0.42701	0.01761	0.00963	0.00286	0.00574	0.01495	0.00769	0.00928
58	0.01861	0.01716	0.02845	0.06888	0.47735	0.01726	0.02155	0.02272	0.01816	0.02561	0.02095	0.10861	0.02054	0.08265	0.01239	0.00326	0.00932	0.01015	0.00475	0.01162
59	0.02126	0.31903	0.32343	0.01993	0.02929	0.10600	0.02255	0.02721	0.01845	0.02331	0.01358	0.01585	0.01086	0.00784	0.00694	0.00227	0.01148	0.00546	0.00371	0.01155
60	0.01880	0.01916	0.02907	0.02402	0.02509	0.02550	0.09302	0.02132	0.01391	0.02132	0.01192	0.01916	0.01139	0.01393	0.02570	0.00362	0.60191	0.00777	0.00380	0.00958
61	0.01158	0.00864	0.01084	0.01092	0.01292	0.00789	0.00827	0.01487	0.02163	0.02926	0.38577	0.14950	0.19625	0.02009	0.01032	0.00295	0.00459	0.07732	0.00871	0.00769
62	0.01152	0.00830	0.01091	0.01106	0.01260	0.00768	0.00799	0.01475	0.02166	0.03027	0.45770	0.26022	0.07282	0.02028	0.01029	0.00292	0.00430	0.01813	0.00891	0.00768
63	0.01085	0.00778	0.01031	0.01152	0.01245	0.00723	0.00794	0.01306	0.01853	0.02529	0.21828	0.51383	0.06318	0.02400	0.01063	0.00323	0.00467	0.02166	0.00832	0.00723
64	0.58941	0.01468	0.01225	0.01108	0.01560	0.01656	0.00894	0.02296	0.01668	0.03725	0.15655	0.02522	0.02550	0.01008	0.00636	0.00264	0.00599	0.00708	0.00621	0.00894
65	0.76103	0.01646	0.01251	0.01119	0.01646	0.01909	0.00922	0.02502	0.01448	0.03818	0.01185	0.01382	0.00922	0.00790	0.00527	0.00263	0.00658	0.00461	0.00527	0.00922
66	0.76103	0.01646	0.01251	0.01119	0.01646	0.01909	0.00922	0.02502	0.01448	0.03818	0.01185	0.01382	0.00922	0.00790	0.00527	0.00263	0.00658	0.00461	0.00527	0.00922
67	0.01824	0.01969	0.04132	0.03010	0.03720	0.01843	0.47740	0.02469	0.02100	0.02883	0.16069	0.03226	0.02835	0.00952	0.01004	0.00283	0.01198	0.01127	0.00546	0.01069
68	0.01740	0.08254	0.62120	0.02369	0.03596	0.02057	0.03046	0.02687	0.01793	0.02655	0.01507	0.01772	0.01079	0.00804	0.00793	0.00264	0.01237	0.00619	0.00360	0.01248
69	0.03818	0.01448	0.01975	0.01514	0.02172	0.01251	0.01251	0.04147	0.02436	0.65373	0.03357	0.02897	0.02107	0.01053	0.00856	0.00263	0.00724	0.00856	0.01053	0.01448
70	0.01486	0.01226	0.01987	0.16992	0.02956	0.01299	0.07304	0.01948	0.01905	0.02478	0.03557	0.07229	0.03694	0.01853	0.01085	0.00357	0.00926	0.40206	0.00657	0.00855
71	0.02861	0.17939	0.02904	0.01812	0.02476	0.02734	0.01543	0.40412	0.11655	0.04344	0.02042	0.02044	0.01525	0.00973	0.00783	0.00243	0.00894	0.00722	0.00742	0.01352
72	0.01204	0.00870	0.01138	0.01071	0.01271	0.00803	0.00803	0.01606	0.02409	0.03413	0.64335	0.06357	0.08030	0.01740	0.01004	0.00268	0.00401	0.01539	0.00937	0.00803
73	0.02117	0.01828	0.01924	0.01732	0.02213	0.02117	0.01347	0.04522	0.63246	0.03560	0.03464	0.03175	0.02598	0.01155	0.00866	0.00289	0.00673	0.00962	0.00866	0.01347
