[name]
unknown

[dist]
# distance from previous block
# <min> <max>
0	88

[block]
# block no. 0 follows, 24 sequences, length 14
# corresponding to MSA columns:
# 92-105
name=unknown_A
#
# <colnr> <probs for GDERKNQSTAVLIFYWHMCP>
#	G	D	E	R	K	N	Q	S	T	A	V	L	I	F	Y	W	H	M	C	P
0	0.01220	0.00872	0.01212	0.01394	0.01552	0.00863	0.01178	0.01543	0.01769	0.02309	0.04230	0.20547	0.04690	0.02245	0.01080	0.00357	0.00680	0.50815	0.00731	0.00714
1	0.63620	0.01511	0.01390	0.13850	0.02261	0.01776	0.01108	0.02275	0.01393	0.03274	0.01161	0.01441	0.00895	0.00747	0.00547	0.00249	0.00696	0.00480	0.00465	0.00863
2	0.34673	0.01328	0.01409	0.01178	0.01660	0.01349	0.00958	0.02774	0.01873	0.28473	0.14048	0.02696	0.02515	0.00995	0.00692	0.00246	0.00593	0.00759	0.00753	0.01029
3	0.01001	0.00705	0.00910	0.01060	0.01097	0.00667	0.00689	0.01113	0.01451	0.01934	0.04024	0.59317	0.04808	0.15378	0.01572	0.00405	0.00517	0.02050	0.00689	0.00614
4	0.01806	0.14855	0.02748	0.01948	0.02073	0.02560	0.01665	0.01995	0.01288	0.01900	0.01052	0.01649	0.01037	0.01257	0.02215	0.00314	0.57752	0.00644	0.00346	0.00895
5	0.02524	0.11951	0.23107	0.02024	0.06546	0.01751	0.06647	0.03053	0.01936	0.29557	0.02107	0.02099	0.01435	0.00829	0.00754	0.00238	0.00920	0.00686	0.00613	0.01222
6	0.77733	0.01534	0.01166	0.01043	0.01534	0.01779	0.00859	0.02331	0.01350	0.03558	0.01104	0.01288	0.00859	0.00736	0.00491	0.00245	0.00613	0.00429	0.00491	0.00859
7	0.01735	0.01735	0.02429	0.02082	0.02082	0.02429	0.01735	0.01908	0.01214	0.01908	0.01041	0.01735	0.01041	0.01388	0.02602	0.00347	0.70680	0.00694	0.00347	0.00867
8	0.01199	0.00798	0.01053	0.01179	0.01317	0.00745	0.00882	0.01410	0.01671	0.06147	0.04643	0.45025	0.11454	0.02269	0.01012	0.00322	0.00534	0.16878	0.00750	0.00711
9	0.02850	0.09537	0.02500	0.01746	0.02338	0.02397	0.01465	0.46519	0.05659	0.09910	0.01926	0.01938	0.01391	0.00957	0.00873	0.00239	0.05041	0.00697	0.00735	0.01281
10	0.00966	0.00690	0.00920	0.01104	0.01150	0.00644	0.00736	0.01104	0.01518	0.02024	0.04371	0.71614	0.05245	0.02484	0.01012	0.00322	0.00460	0.02254	0.00736	0.00644
11	0.01222	0.00841	0.01028	0.00991	0.01215	0.00756	0.00749	0.01510	0.02002	0.06743	0.34953	0.09501	0.25021	0.04914	0.01079	0.00288	0.00445	0.05193	0.00805	0.00744
12	0.01869	0.01802	0.06589	0.31938	0.20813	0.01787	0.12906	0.02409	0.01757	0.08075	0.01616	0.02106	0.01211	0.00763	0.00814	0.00255	0.01048	0.00747	0.00426	0.01068
13	0.02255	0.02152	0.13689	0.11708	0.06001	0.05694	0.15053	0.02761	0.01889	0.20337	0.02211	0.02398	0.04439	0.00900	0.00920	0.00257	0.04882	0.00793	0.00556	0.01107

[dist]
# distance from previous block
# <min> <max>
0	6

[block]
# block no. 1 follows, 24 sequences, length 43
# corresponding to MSA columns:
# 112-154
name=unknown_B
#
# <colnr> <probs for GDERKNQSTAVLIFYWHMCP>
#	G	D	E	R	K	N	Q	S	T	A	V	L	I	F	Y	W	H	M	C	P
0	0.03558	0.01350	0.01840	0.01411	0.02024	0.01166	0.01166	0.03865	0.02270	0.67734	0.03128	0.02699	0.01963	0.00981	0.00797	0.00245	0.00675	0.00797	0.00981	0.01350
1	0.01660	0.01453	0.02425	0.52119	0.15657	0.01698	0.02118	0.02149	0.01656	0.05571	0.01655	0.05427	0.01338	0.00868	0.00802	0.00261	0.00989	0.00784	0.00411	0.00959
2	0.02561	0.02219	0.11725	0.10944	0.07872	0.05094	0.07564	0.20304	0.02438	0.18416	0.01969	0.02088	0.01371	0.00860	0.00797	0.00246	0.00967	0.00724	0.00632	0.01211
3	0.02190	0.06183	0.15297	0.07245	0.05590	0.11713	0.11298	0.15375	0.08547	0.02975	0.01736	0.01964	0.01308	0.00827	0.00772	0.00239	0.01049	0.00697	0.03877	0.01119
4	0.02114	0.02042	0.01385	0.01298	0.01578	0.29963	0.00973	0.02413	0.01913	0.02521	0.02004	0.02302	0.01599	0.00878	0.00623	0.00193	0.00824	0.00641	0.43918	0.00816
5	0.02120	0.72609	0.04155	0.01357	0.02035	0.03138	0.01357	0.02374	0.01611	0.01866	0.01102	0.01272	0.01018	0.00678	0.00509	0.00170	0.00848	0.00424	0.00339	0.01018
6	0.01141	0.00892	0.01200	0.01080	0.01275	0.00826	0.05203	0.01383	0.01787	0.02394	0.28804	0.05840	0.19839	0.22760	0.01864	0.00411	0.00568	0.01371	0.00689	0.00672
7	0.01228	0.00838	0.01070	0.00996	0.01215	0.00761	0.00753	0.01578	0.02194	0.06443	0.56378	0.05959	0.14319	0.01634	0.00928	0.00251	0.00393	0.01429	0.00862	0.00770
8	0.01706	0.00956	0.01234	0.01129	0.01435	0.00859	0.00900	0.02030	0.02109	0.18648	0.31216	0.05891	0.16790	0.01619	0.00925	0.00269	0.00504	0.10051	0.00853	0.00878
9	0.06645	0.01466	0.01845	0.01434	0.02015	0.01381	0.01179	0.13850	0.02472	0.49618	0.07406	0.02733	0.02206	0.01011	0.00793	0.00244	0.00684	0.00813	0.00920	0.01284
10	0.03014	0.02221	0.02380	0.01825	0.02459	0.02459	0.01507	0.64541	0.03728	0.04998	0.01904	0.01904	0.01349	0.00952	0.00793	0.00238	0.00873	0.00714	0.00793	0.01349
11	0.01008	0.00806	0.00902	0.00878	0.01115	0.00700	0.00658	0.01275	0.01975	0.02540	0.30529	0.06977	0.44119	0.01860	0.00936	0.00261	0.00391	0.01582	0.00789	0.00700
12	0.01153	0.00769	0.00865	0.00865	0.00865	0.00769	0.00480	0.01153	0.01153	0.01538	0.02499	0.05189	0.02883	0.72131	0.04036	0.00769	0.00769	0.01153	0.00480	0.00480
13	0.01122	0.00811	0.01060	0.00998	0.01185	0.00748	0.00748	0.01496	0.02245	0.03180	0.66766	0.05923	0.07482	0.01621	0.00935	0.00249	0.00374	0.01434	0.00873	0.00748
14	0.02962	0.03779	0.02247	0.02043	0.02451	0.68948	0.01532	0.03166	0.02247	0.01941	0.01226	0.01430	0.01021	0.00817	0.00715	0.00204	0.01430	0.00511	0.00409	0.00919
15	0.01644	0.01409	0.01644	0.01175	0.01879	0.01057	0.00940	0.01997	0.01644	0.02584	0.01409	0.01644	0.01175	0.00587	0.00587	0.00117	0.00587	0.00470	0.00470	0.76979
16	0.02574	0.01506	0.01956	0.01961	0.11388	0.01520	0.01350	0.03584	0.24853	0.30561	0.03017	0.07640	0.02260	0.01084	0.00814	0.00258	0.00681	0.00925	0.00816	0.01252
17	0.01872	0.02139	0.04679	0.03342	0.04144	0.02005	0.64305	0.02540	0.01872	0.02540	0.01604	0.02139	0.01203	0.00668	0.00936	0.00267	0.01337	0.00936	0.00401	0.01070
18	0.01153	0.00769	0.00865	0.00865	0.00865	0.00769	0.00480	0.01153	0.01153	0.01538	0.02499	0.05189	0.02883	0.72131	0.04036	0.00769	0.00769	0.01153	0.00480	0.00480
19	0.59770	0.01489	0.01329	0.01132	0.01652	0.01630	0.00933	0.02702	0.01572	0.19099	0.01594	0.01630	0.01126	0.00796	0.00565	0.00245	0.00628	0.00519	0.00610	0.00978
20	0.01637	0.01770	0.10545	0.01320	0.02087	0.01162	0.01206	0.02066	0.01648	0.02574	0.01411	0.01648	0.01152	0.00610	0.00610	0.00135	0.00666	0.00485	0.00452	0.66814
21	0.16619	0.02794	0.02095	0.01855	0.02192	0.37219	0.01454	0.05661	0.01903	0.02382	0.01191	0.01500	0.01012	0.00946	0.01131	0.00248	0.17907	0.00549	0.00428	0.00916
22	0.01590	0.04102	0.68023	0.02260	0.03432	0.01842	0.02930	0.02511	0.01674	0.02511	0.01423	0.01674	0.01005	0.00753	0.00753	0.00251	0.01172	0.00586	0.00335	0.01172
23	0.02120	0.72609	0.04155	0.01357	0.02035	0.03138	0.01357	0.02374	0.01611	0.01866	0.01102	0.01272	0.01018	0.00678	0.00509	0.00170	0.00848	0.00424	0.00339	0.01018
24	0.01095	0.00766	0.00981	0.01033	0.01080	0.00788	0.00678	0.01204	0.01286	0.01749	0.02936	0.23455	0.03330	0.36272	0.19057	0.00766	0.01013	0.01390	0.00539	0.00582
25	0.02419	0.27176	0.15233	0.01700	0.02402	0.02393	0.01688	0.17776	0.02207	0.12271	0.01647	0.01741	0.01234	0.00854	0.00816	0.00225	0.05911	0.00599	0.00543	0.01165
26	0.02093	0.01705	0.02838	0.18456	0.44467	0.01754	0.02201	0.02553	0.01825	0.11880	0.01710	0.02102	0.01315	0.00765	0.00789	0.00243	0.00928	0.00719	0.00469	0.01189
27	0.01133	0.00850	0.01274	0.01274	0.01416	0.00991	0.00991	0.01416	0.01274	0.01841	0.02124	0.03115	0.01982	0.05947	0.68989	0.01274	0.02124	0.00850	0.00425	0.00708
28	0.01644	0.01409	0.01644	0.01175	0.01879	0.01057	0.00940	0.01997	0.01644	0.02584	0.01409	0.01644	0.01175	0.00587	0.00587	0.00117	0.00587	0.00470	0.00470	0.76979
29	0.01498	0.01409	0.02378	0.70226	0.05462	0.01762	0.02202	0.02026	0.01586	0.02026	0.01409	0.02114	0.01057	0.00793	0.00793	0.00264	0.01057	0.00705	0.00352	0.00881
30	0.02019	0.01861	0.02634	0.02107	0.02667	0.02017	0.18720	0.08088	0.43616	0.03223	0.02683	0.02656	0.02007	0.00954	0.00842	0.00266	0.00841	0.00894	0.00694	0.01211
31	0.01047	0.00724	0.00896	0.01001	0.01027	0.00698	0.00625	0.01125	0.01360	0.01813	0.03560	0.42842	0.04222	0.32652	0.02322	0.00516	0.00594	0.01777	0.00625	0.00573
32	0.01745	0.09170	0.56767	0.02198	0.03286	0.01915	0.05577	0.02571	0.01709	0.05778	0.01493	0.01717	0.01064	0.00755	0.00745	0.00245	0.01129	0.00600	0.00371	0.01164
33	0.02530	0.01712	0.02575	0.12003	0.17159	0.05058	0.09618	0.05397	0.02057	0.26946	0.02415	0.02516	0.04534	0.00893	0.00814	0.00247	0.00905	0.00805	0.00642	0.01174
34	0.02120	0.72609	0.04155	0.01357	0.02035	0.03138	0.01357	0.02374	0.01611	0.01866	0.01102	0.01272	0.01018	0.00678	0.00509	0.00170	0.00848	0.00424	0.00339	0.01018
35	0.01557	0.00979	0.01209	0.01169	0.01413	0.00955	0.00914	0.07827	0.02074	0.08495	0.19900	0.17979	0.07535	0.01684	0.00897	0.00274	0.00529	0.12033	0.11747	0.00831
36	0.02554	0.05323	0.14469	0.05849	0.16997	0.01631	0.01841	0.03158	0.06555	0.30150	0.02275	0.02268	0.01572	0.00861	0.00774	0.00243	0.00850	0.00723	0.00657	0.01250
37	0.01290	0.00954	0.01355	0.01683	0.10964	0.00918	0.01029	0.03587	0.01737	0.04655	0.10265	0.49757	0.04640	0.02028	0.00956	0.00296	0.00544	0.01838	0.00710	0.00794
38	0.00973	0.00702	0.00922	0.01084	0.01148	0.00651	0.00730	0.01126	0.01570	0.02090	0.07787	0.65054	0.08397	0.02416	0.01004	0.00316	0.00453	0.02183	0.00743	0.00651
39	0.18089	0.01954	0.10368	0.17904	0.11560	0.01804	0.09006	0.05522	0.04863	0.09147	0.01658	0.01956	0.01219	0.00790	0.00741	0.00252	0.00928	0.00677	0.00495	0.01068
40	0.05753	0.12737	0.16592	0.02189	0.08527	0.01984	0.10355	0.11472	0.02089	0.14949	0.01777	0.01909	0.01284	0.00789	0.00740	0.00231	0.00941	0.00666	0.00548	0.04471
41	0.01709	0.02051	0.17527	0.01962	0.02565	0.03882	0.17524	0.02230	0.01870	0.08779	0.12104	0.13000	0.05551	0.01197	0.00866	0.00261	0.00886	0.01114	0.03949	0.00973
42	0.66736	0.06735	0.01467	0.01141	0.01624	0.04420	0.00952	0.02350	0.01397	0.03316	0.01106	0.01309	0.00883	0.00759	0.00577	0.00242	0.03201	0.00442	0.00472	0.00873

[dist]
# distance from previous block
# <min> <max>
0	1

[block]
# block no. 2 follows, 24 sequences, length 14
# corresponding to MSA columns:
# 156-169
name=unknown_C
#
# <colnr> <probs for GDERKNQSTAVLIFYWHMCP>
#	G	D	E	R	K	N	Q	S	T	A	V	L	I	F	Y	W	H	M	C	P
0	0.01170	0.00801	0.01017	0.00963	0.01149	0.00747	0.00722	0.01544	0.02166	0.03150	0.58090	0.05522	0.06745	0.01527	0.00884	0.00241	0.00373	0.01340	0.11101	0.00747
1	0.02281	0.62249	0.03857	0.01410	0.02072	0.05470	0.01360	0.05690	0.01782	0.05858	0.01266	0.01393	0.01090	0.00715	0.00548	0.00179	0.00861	0.00464	0.00403	0.01050
2	0.01679	0.01115	0.01457	0.01319	0.01516	0.01221	0.01022	0.01869	0.01597	0.14659	0.03772	0.14574	0.16908	0.09552	0.07076	0.00425	0.17537	0.01238	0.00638	0.00827
3	0.01258	0.00831	0.01057	0.00994	0.01206	0.00760	0.00747	0.01602	0.02141	0.06698	0.51407	0.08749	0.11931	0.01618	0.00909	0.00250	0.00397	0.01416	0.05259	0.00770
4	0.01134	0.00761	0.00871	0.00889	0.00894	0.00756	0.00506	0.01148	0.01190	0.01587	0.02689	0.11944	0.03123	0.65049	0.03729	0.00723	0.00737	0.01265	0.00506	0.00497
5	0.02552	0.01247	0.01572	0.01316	0.01743	0.01192	0.01025	0.03177	0.13870	0.36722	0.10345	0.06555	0.02945	0.10551	0.01253	0.00323	0.00635	0.01001	0.00859	0.01117
6	0.01644	0.01409	0.01644	0.01175	0.01879	0.01057	0.00940	0.01997	0.01644	0.02584	0.01409	0.01644	0.01175	0.00587	0.00587	0.00117	0.00587	0.00470	0.00470	0.76979
7	0.02513	0.09210	0.02409	0.01740	0.02302	0.05511	0.04100	0.30747	0.20188	0.06133	0.05364	0.02341	0.01909	0.00973	0.00778	0.00240	0.00819	0.00772	0.00726	0.01227
8	0.02445	0.11008	0.02087	0.08820	0.02280	0.01644	0.01261	0.05504	0.14895	0.26469	0.09252	0.02814	0.02385	0.01002	0.00762	0.00239	0.00691	0.00817	0.04484	0.01142
9	0.04302	0.36647	0.17359	0.01786	0.05197	0.07213	0.01732	0.04950	0.07491	0.04433	0.01481	0.01620	0.01188	0.00762	0.00634	0.00209	0.00932	0.00542	0.00429	0.01094
10	0.01873	0.16192	0.19519	0.01651	0.02287	0.05152	0.01674	0.07876	0.08202	0.04849	0.07362	0.03447	0.05950	0.01138	0.00786	0.00250	0.00858	0.09334	0.00566	0.01036
11	0.01262	0.00902	0.01256	0.01413	0.01596	0.00896	0.01224	0.01628	0.01868	0.02455	0.10561	0.08638	0.04861	0.02133	0.01079	0.00353	0.00694	0.55704	0.00745	0.00732
12	0.01121	0.00847	0.01245	0.01245	0.01395	0.00971	0.00967	0.01399	0.01307	0.01859	0.02489	0.03395	0.05994	0.05704	0.64781	0.01212	0.02018	0.00901	0.00444	0.00706
13	0.24272	0.01595	0.01686	0.01537	0.05201	0.01694	0.01158	0.20013	0.05299	0.03510	0.02093	0.11768	0.01917	0.01102	0.00721	0.00243	0.00686	0.03582	0.00630	0.11294

[dist]
# distance from previous block
# <min> <max>
0	2

[block]
# block no. 3 follows, 24 sequences, length 11
# corresponding to MSA columns:
# 172-182
name=unknown_D
#
# <colnr> <probs for GDERKNQSTAVLIFYWHMCP>
#	G	D	E	R	K	N	Q	S	T	A	V	L	I	F	Y	W	H	M	C	P
0	0.02168	0.10440	0.02581	0.02120	0.13717	0.01625	0.07229	0.04950	0.01881	0.13931	0.01723	0.01894	0.01316	0.00710	0.00690	0.00186	0.00779	0.00616	0.00535	0.30909
1	0.11679	0.10701	0.04445	0.02024	0.08227	0.11510	0.01561	0.15671	0.03974	0.02894	0.01428	0.01728	0.01176	0.01138	0.03796	0.00291	0.15604	0.00618	0.00488	0.01045
2	0.01856	0.10694	0.02312	0.01767	0.01946	0.13747	0.01442	0.02052	0.01449	0.01872	0.01361	0.02092	0.01318	0.06861	0.13111	0.00483	0.33729	0.00686	0.00379	0.00842
3	0.16810	0.01498	0.01758	0.18776	0.02696	0.01706	0.01350	0.16550	0.08073	0.03275	0.07535	0.08831	0.02197	0.01079	0.00756	0.00255	0.00740	0.00879	0.04256	0.00979
4	0.01631	0.01243	0.01345	0.01232	0.01523	0.01357	0.00921	0.05472	0.29648	0.02963	0.12946	0.03924	0.05456	0.13537	0.01354	0.00338	0.00576	0.01019	0.12571	0.00945
5	0.01857	0.00999	0.01443	0.01315	0.01598	0.01043	0.01043	0.02147	0.01572	0.21513	0.02424	0.02991	0.01977	0.04465	0.48631	0.00967	0.01691	0.00834	0.00591	0.00900
6	0.01110	0.00803	0.01002	0.00956	0.01118	0.00744	0.00688	0.01403	0.02014	0.02797	0.50096	0.05955	0.12221	0.13936	0.01475	0.00342	0.00445	0.01408	0.00792	0.00694
7	0.01849	0.37349	0.05861	0.01717	0.02308	0.02335	0.12260	0.02416	0.08906	0.02254	0.04996	0.10602	0.02043	0.00994	0.00709	0.00224	0.00850	0.00849	0.00477	0.01000
8	0.01448	0.01179	0.01374	0.01096	0.01608	0.00926	0.00845	0.01750	0.01639	0.02472	0.02628	0.14482	0.08073	0.01075	0.00692	0.00172	0.00532	0.00912	0.06046	0.51049
9	0.01992	0.02162	0.20048	0.02009	0.07179	0.01470	0.07561	0.05498	0.03330	0.14061	0.06992	0.05188	0.02140	0.00989	0.00799	0.00241	0.00853	0.04220	0.02717	0.10553
10	0.42594	0.01479	0.01477	0.01252	0.01674	0.01670	0.01028	0.02324	0.01471	0.09093	0.01427	0.01663	0.01118	0.00868	0.00904	0.00243	0.12799	0.00537	0.06013	0.10367

[dist]
# distance from previous block
# <min> <max>
0	1

[block]
# block no. 4 follows, 24 sequences, length 68
# corresponding to MSA columns:
# 184-251
name=unknown_E
#
# <colnr> <probs for GDERKNQSTAVLIFYWHMCP>
#	G	D	E	R	K	N	Q	S	T	A	V	L	I	F	Y	W	H	M	C	P
0	0.01386	0.00954	0.01065	0.01002	0.01087	0.00982	0.00627	0.09388	0.01506	0.02012	0.02517	0.08152	0.02804	0.59328	0.03460	0.00677	0.00767	0.01152	0.00534	0.00602
1	0.02119	0.57591	0.03991	0.05110	0.02443	0.07275	0.07546	0.02425	0.01677	0.01945	0.01175	0.01410	0.01038	0.00692	0.00578	0.00186	0.00945	0.00494	0.00350	0.01009
2	0.02485	0.40163	0.03357	0.01822	0.08138	0.05603	0.01479	0.16696	0.02202	0.09006	0.01522	0.01624	0.01206	0.00779	0.00636	0.00200	0.00871	0.00556	0.00512	0.01142
3	0.01173	0.00907	0.01089	0.01128	0.01305	0.00900	0.00811	0.01736	0.12744	0.02539	0.19629	0.35987	0.13070	0.01975	0.00949	0.00289	0.00461	0.01751	0.00781	0.00777
4	0.02002	0.01499	0.01730	0.01355	0.01909	0.01404	0.01093	0.18437	0.04961	0.06669	0.13740	0.02924	0.02612	0.00982	0.00747	0.00197	0.00636	0.03472	0.00679	0.32953
5	0.01590	0.04102	0.68023	0.02260	0.03432	0.01842	0.02930	0.02511	0.01674	0.02511	0.01423	0.01674	0.01005	0.00753	0.00753	0.00251	0.01172	0.00586	0.00335	0.01172
6	0.67553	0.01543	0.01279	0.01110	0.01618	0.01746	0.00914	0.04937	0.01533	0.09869	0.01333	0.01450	0.00986	0.00769	0.00533	0.00245	0.00630	0.00477	0.00551	0.00926
7	0.02088	0.01639	0.02976	0.06876	0.09761	0.01556	0.26341	0.02623	0.04018	0.17285	0.06045	0.03148	0.09922	0.00980	0.00875	0.00258	0.00940	0.00981	0.00607	0.01080
8	0.02379	0.01203	0.01421	0.01208	0.01605	0.01186	0.00981	0.13216	0.02225	0.23724	0.02798	0.03278	0.02140	0.01070	0.00725	0.00231	0.00587	0.06709	0.32278	0.01036
9	0.01498	0.01409	0.02378	0.70226	0.05462	0.01762	0.02202	0.02026	0.01586	0.02026	0.01409	0.02114	0.01057	0.00793	0.00793	0.00264	0.01057	0.00705	0.00352	0.00881
10	0.01686	0.01580	0.04181	0.01704	0.09320	0.01211	0.03490	0.02083	0.01672	0.02581	0.01426	0.01699	0.01179	0.00609	0.00628	0.00141	0.00674	0.00517	0.00454	0.63165
11	0.77733	0.01534	0.01166	0.01043	0.01534	0.01779	0.00859	0.02331	0.01350	0.03558	0.01104	0.01288	0.00859	0.00736	0.00491	0.00245	0.00613	0.00429	0.00491	0.00859
12	0.01490	0.01328	0.01770	0.01569	0.01569	0.01729	0.01206	0.01590	0.01189	0.01752	0.01655	0.03191	0.01817	0.31204	0.03207	0.00525	0.41215	0.00888	0.00403	0.00704
13	0.01153	0.00769	0.00865	0.00865	0.00865	0.00769	0.00480	0.01153	0.01153	0.01538	0.02499	0.05189	0.02883	0.72131	0.04036	0.00769	0.00769	0.01153	0.00480	0.00480
14	0.01653	0.01750	0.08776	0.56999	0.04974	0.01837	0.02206	0.08108	0.01801	0.02360	0.01458	0.02051	0.01080	0.00804	0.00789	0.00260	0.01050	0.00694	0.00393	0.00954
15	0.77733	0.01534	0.01166	0.01043	0.01534	0.01779	0.00859	0.02331	0.01350	0.03558	0.01104	0.01288	0.00859	0.00736	0.00491	0.00245	0.00613	0.00429	0.00491	0.00859
16	0.01122	0.00811	0.01060	0.00998	0.01185	0.00748	0.00748	0.01496	0.02245	0.03180	0.66766	0.05923	0.07482	0.01621	0.00935	0.00249	0.00374	0.01434	0.00873	0.00748
17	0.03339	0.01320	0.01752	0.01360	0.01933	0.01168	0.01118	0.05714	0.02260	0.59367	0.03035	0.02697	0.01949	0.00975	0.00774	0.00239	0.00652	0.00789	0.08268	0.01291
18	0.02074	0.01754	0.01850	0.01634	0.02101	0.02020	0.01280	0.10093	0.59707	0.03481	0.03099	0.02856	0.02316	0.01064	0.00806	0.00266	0.00651	0.00879	0.00806	0.01264
19	0.01060	0.00808	0.00974	0.00932	0.01147	0.00722	0.00699	0.01376	0.02098	0.02832	0.47059	0.06497	0.27407	0.01751	0.00936	0.00256	0.00383	0.01514	0.00827	0.00722
20	0.01107	0.00799	0.01046	0.01008	0.01181	0.00738	0.00747	0.01458	0.02174	0.03067	0.60685	0.12326	0.07264	0.01705	0.00943	0.00256	0.00382	0.01514	0.00860	0.00738
21	0.02319	0.01541	0.01729	0.01489	0.01969	0.01652	0.01177	0.05868	0.40895	0.20025	0.03625	0.03311	0.08546	0.01138	0.00817	0.00262	0.00626	0.00940	0.00845	0.01226
22	0.01963	0.01884	0.03219	0.04867	0.67185	0.01884	0.02434	0.02434	0.01806	0.02591	0.01492	0.01963	0.01256	0.00707	0.00785	0.00236	0.00942	0.00707	0.00393	0.01256
23	0.00966	0.00690	0.00920	0.01104	0.01150	0.00644	0.00736	0.01104	0.01518	0.02024	0.04371	0.71614	0.05245	0.02484	0.01012	0.00322	0.00460	0.02254	0.00736	0.00644
24	0.01165	0.00757	0.00884	0.00893	0.00895	0.00755	0.00513	0.01139	0.01160	0.01546	0.02484	0.08249	0.02856	0.61945	0.03794	0.08098	0.00746	0.01164	0.00480	0.00476
25	0.02962	0.03779	0.02247	0.02043	0.02451	0.68948	0.01532	0.03166	0.02247	0.01941	0.01226	0.01430	0.01021	0.00817	0.00715	0.00204	0.01430	0.00511	0.00409	0.00919
26	0.01224	0.00857	0.00950	0.00898	0.01184	0.00732	0.00684	0.01467	0.01932	0.08664	0.18324	0.06842	0.49715	0.01838	0.00923	0.00262	0.00423	0.01545	0.00785	0.00750
27	0.01122	0.00811	0.01060	0.00998	0.01185	0.00748	0.00748	0.01496	0.02245	0.03180	0.66766	0.05923	0.07482	0.01621	0.00935	0.00249	0.00374	0.01434	0.00873	0.00748
28	0.02150	0.01941	0.03915	0.09431	0.03868	0.01858	0.45885	0.04694	0.01969	0.13323	0.01846	0.02221	0.01319	0.00741	0.00895	0.00263	0.01186	0.00884	0.00505	0.01106
29	0.01644	0.01409	0.01644	0.01175	0.01879	0.01057	0.00940	0.01997	0.01644	0.02584	0.01409	0.01644	0.01175	0.00587	0.00587	0.00117	0.00587	0.00470	0.00470	0.76979
30	0.01979	0.05273	0.02049	0.01915	0.08347	0.02022	0.01374	0.03950	0.56366	0.03174	0.02953	0.02778	0.02238	0.01020	0.00790	0.00261	0.00669	0.00855	0.00743	0.01243
31	0.02094	0.02279	0.02292	0.08588	0.02488	0.21998	0.01660	0.05036	0.01683	0.02072	0.01336	0.05190	0.01261	0.01197	0.01708	0.00291	0.36807	0.00720	0.00405	0.00894
32	0.03505	0.01434	0.01892	0.01451	0.02066	0.01290	0.01198	0.09722	0.02410	0.61678	0.03010	0.02622	0.01904	0.00979	0.00797	0.00245	0.00694	0.00789	0.00963	0.01349
33	0.01144	0.00804	0.01044	0.01044	0.01106	0.00866	0.00704	0.01268	0.01206	0.01670	0.02335	0.04282	0.02489	0.43179	0.32450	0.00990	0.01362	0.01020	0.00456	0.00580
34	0.01153	0.00769	0.00865	0.00865	0.00865	0.00769	0.00480	0.01153	0.01153	0.01538	0.02499	0.05189	0.02883	0.72131	0.04036	0.00769	0.00769	0.01153	0.00480	0.00480
35	0.77733	0.01534	0.01166	0.01043	0.01534	0.01779	0.00859	0.02331	0.01350	0.03558	0.01104	0.01288	0.00859	0.00736	0.00491	0.00245	0.00613	0.00429	0.00491	0.00859
36	0.01872	0.02139	0.04679	0.03342	0.04144	0.02005	0.64305	0.02540	0.01872	0.02540	0.01604	0.02139	0.01203	0.00668	0.00936	0.00267	0.01337	0.00936	0.00401	0.01070
37	0.01963	0.01884	0.03219	0.04867	0.67185	0.01884	0.02434	0.02434	0.01806	0.02591	0.01492	0.01963	0.01256	0.00707	0.00785	0.00236	0.00942	0.00707	0.00393	0.01256
38	0.02120	0.72609	0.04155	0.01357	0.02035	0.03138	0.01357	0.02374	0.01611	0.01866	0.01102	0.01272	0.01018	0.00678	0.00509	0.00170	0.00848	0.00424	0.00339	0.01018
39	0.13197	0.01373	0.01753	0.01363	0.01961	0.01245	0.01126	0.03665	0.02150	0.59394	0.02865	0.02516	0.01819	0.00950	0.00758	0.00245	0.00667	0.00750	0.00918	0.01286
40	0.05113	0.01044	0.01373	0.01229	0.01574	0.00954	0.00969	0.02424	0.02048	0.28835	0.21341	0.16565	0.04319	0.01540	0.00892	0.00272	0.00554	0.07118	0.00863	0.00974
41	0.01872	0.02139	0.04679	0.03342	0.04144	0.02005	0.64305	0.02540	0.01872	0.02540	0.01604	0.02139	0.01203	0.00668	0.00936	0.00267	0.01337	0.00936	0.00401	0.01070
42	0.01684	0.00831	0.00941	0.00874	0.01114	0.00796	0.00669	0.02046	0.01848	0.11415	0.14357	0.03464	0.03017	0.01058	0.00655	0.00204	0.00410	0.00873	0.52922	0.00820
43	0.01442	0.00886	0.01137	0.01031	0.01288	0.00797	0.00788	0.01784	0.02191	0.12146	0.50162	0.05691	0.14421	0.01581	0.00916	0.00251	0.00420	0.01375	0.00870	0.00823
44	0.01052	0.00754	0.01008	0.01119	0.01224	0.00710	0.00810	0.01289	0.01771	0.02409	0.22661	0.44190	0.05813	0.02193	0.01000	0.00306	0.00470	0.09758	0.00775	0.00686
45	0.00991	0.00794	0.00886	0.00886	0.01110	0.00689	0.00656	0.01234	0.01901	0.02419	0.23979	0.13334	0.44436	0.01947	0.00944	0.00268	0.00400	0.01663	0.00774	0.00689
46	0.01787	0.01735	0.03043	0.28297	0.39428	0.01851	0.07753	0.02296	0.01732	0.02383	0.01472	0.02033	0.01180	0.00734	0.00801	0.00249	0.01018	0.00726	0.00379	0.01105
47	0.01729	0.01654	0.02902	0.48413	0.04872	0.01885	0.16258	0.08178	0.01858	0.02430	0.01501	0.02100	0.01118	0.00780	0.00825	0.00262	0.01103	0.00758	0.00406	0.00969
48	0.01044	0.00765	0.00955	0.01058	0.01173	0.00713	0.00757	0.01229	0.01634	0.02134	0.10179	0.35835	0.16934	0.11326	0.01396	0.00370	0.00521	0.10615	0.00714	0.00649
49	0.01285	0.00974	0.01214	0.07699	0.01682	0.00957	0.00911	0.01798	0.08117	0.05416	0.34496	0.05644	0.23636	0.01577	0.00904	0.00258	0.00485	0.01357	0.00781	0.00811
50	0.01968	0.12134	0.30404	0.17424	0.03480	0.02084	0.02235	0.13739	0.02041	0.05054	0.01525	0.01798	0.01114	0.00797	0.00739	0.00241	0.01031	0.00622	0.00446	0.01124
51	0.02202	0.65901	0.03969	0.01424	0.02076	0.09551	0.01374	0.02452	0.01673	0.01873	0.01114	0.01287	0.01018	0.00692	0.00529	0.00173	0.00905	0.00432	0.00346	0.01008
52	0.00984	0.00698	0.00915	0.01081	0.01122	0.00656	0.00711	0.01109	0.01483	0.01977	0.04188	0.65140	0.05015	0.09272	0.01307	0.00366	0.00490	0.02147	0.00711	0.00628
53	0.02828	0.09219	0.02388	0.01927	0.02339	0.50306	0.01502	0.03044	0.02094	0.08282	0.01381	0.01569	0.01114	0.00877	0.00889	0.00219	0.08056	0.00549	0.00452	0.00964
54	0.01119	0.00815	0.00967	0.01028	0.01156	0.00776	0.00752	0.01285	0.01542	0.01965	0.04600	0.10312	0.21118	0.29499	0.02197	0.00494	0.00641	0.18487	0.00635	0.00611
55	0.01986	0.26107	0.02592	0.01345	0.02010	0.08439	0.01161	0.04526	0.01768	0.02363	0.01304	0.01505	0.01112	0.00654	0.00580	0.00148	0.00769	0.00467	0.00431	0.40731
56	0.01038	0.00796	0.00950	0.00935	0.01139	0.00709	0.00692	0.01324	0.02011	0.02680	0.38743	0.12905	0.29510	0.01849	0.00943	0.00263	0.00393	0.01603	0.00809	0.00709
57	0.01999	0.05038	0.19891	0.02259	0.05172	0.12729	0.11133	0.03026	0.19267	0.02574	0.01870	0.02058	0.01436	0.00890	0.00943	0.00256	0.07139	0.00719	0.00489	0.01111
58	0.01076	0.00843	0.00998	0.00967	0.01205	0.00730	0.00713	0.01340	0.01887	0.02524	0.27157	0.19054	0.27608	0.01829	0.00917	0.00257	0.00422	0.01587	0.00758	0.08129
59	0.01779	0.02037	0.08363	0.08863	0.07720	0.10209	0.10289	0.02459	0.10160	0.02547	0.14011	0.02947	0.04765	0.01071	0.01043	0.00261	0.09060	0.00895	0.00537	0.00983
60	0.01110	0.00806	0.01019	0.00968	0.01144	0.00744	0.00710	0.01432	0.02101	0.02931	0.55491	0.05998	0.12102	0.08526	0.01238	0.00302	0.00415	0.01427	0.00823	0.00715
61	0.01378	0.00875	0.01095	0.01139	0.01322	0.00858	0.00884	0.04744	0.01882	0.04965	0.13897	0.24057	0.04403	0.01789	0.00898	0.00283	0.00520	0.16312	0.17935	0.00764
62	0.01876	0.35112	0.06206	0.01438	0.04200	0.02104	0.01286	0.02215	0.01636	0.02242	0.01268	0.01481	0.01095	0.00643	0.00565	0.00153	0.00751	0.00462	0.00399	0.34869
63	0.01518	0.01303	0.01361	0.01260	0.01625	0.01395	0.00970	0.02857	0.37285	0.02831	0.07466	0.04979	0.29004	0.01477	0.00865	0.00268	0.00526	0.01234	0.00780	0.00997
64	0.01679	0.01114	0.01414	0.01400	0.05765	0.01098	0.01008	0.08098	0.05441	0.09440	0.33899	0.04777	0.07290	0.01389	0.00864	0.00250	0.00526	0.05136	0.08493	0.00918
65	0.01498	0.01409	0.02378	0.70226	0.05462	0.01762	0.02202	0.02026	0.01586	0.02026	0.01409	0.02114	0.01057	0.00793	0.00793	0.00264	0.01057	0.00705	0.00352	0.00881
66	0.02063	0.06974	0.49774	0.02022	0.03042	0.01755	0.02450	0.02811	0.01806	0.17250	0.01793	0.01886	0.01222	0.00801	0.00751	0.00246	0.01043	0.00626	0.00482	0.01204
67	0.02489	0.16519	0.10191	0.01561	0.02260	0.01800	0.03653	0.10142	0.02119	0.23315	0.04743	0.02135	0.01662	0.00840	0.00709	0.00210	0.00789	0.00664	0.00642	0.13558

[dist]
# distance from previous block
# <min> <max>
0	3

[block]
# block no. 5 follows, 24 sequences, length 20
# corresponding to MSA columns:
# 255-274
name=unknown_F
#
# <colnr> <probs for GDERKNQSTAVLIFYWHMCP>
#	G	D	E	R	K	N	Q	S	T	A	V	L	I	F	Y	W	H	M	C	P
0	0.02312	0.57087	0.03736	0.01497	0.02129	0.13658	0.01395	0.06453	0.01848	0.02077	0.01173	0.01338	0.01039	0.00718	0.00560	0.00180	0.00943	0.00456	0.00379	0.01023
1	0.77733	0.01534	0.01166	0.01043	0.01534	0.01779	0.00859	0.02331	0.01350	0.03558	0.01104	0.01288	0.00859	0.00736	0.00491	0.00245	0.00613	0.00429	0.00491	0.00859
2	0.00966	0.00690	0.00920	0.01104	0.01150	0.00644	0.00736	0.01104	0.01518	0.02024	0.04371	0.71614	0.05245	0.02484	0.01012	0.00322	0.00460	0.02254	0.00736	0.00644
3	0.03558	0.01350	0.01840	0.01411	0.02024	0.01166	0.01166	0.03865	0.02270	0.67734	0.03128	0.02699	0.01963	0.00981	0.00797	0.00245	0.00675	0.00797	0.00981	0.01350
4	0.01199	0.00906	0.01308	0.06203	0.05259	0.00911	0.01176	0.01486	0.01679	0.02215	0.03933	0.34433	0.04430	0.02138	0.01023	0.00333	0.00651	0.29297	0.00688	0.00733
5	0.03014	0.02221	0.02380	0.01825	0.02459	0.02459	0.01507	0.64541	0.03728	0.04998	0.01904	0.01904	0.01349	0.00952	0.00793	0.00238	0.00873	0.00714	0.00793	0.01349
6	0.02418	0.01925	0.02044	0.01704	0.02232	0.02181	0.01363	0.30015	0.39225	0.04036	0.02661	0.02507	0.01962	0.01023	0.00801	0.00256	0.00732	0.00818	0.00801	0.01295
7	0.01498	0.01409	0.02378	0.70226	0.05462	0.01762	0.02202	0.02026	0.01586	0.02026	0.01409	0.02114	0.01057	0.00793	0.00793	0.00264	0.01057	0.00705	0.00352	0.00881
8	0.02962	0.03779	0.02247	0.02043	0.02451	0.68948	0.01532	0.03166	0.02247	0.01941	0.01226	0.01430	0.01021	0.00817	0.00715	0.00204	0.01430	0.00511	0.00409	0.00919
9	0.02387	0.01917	0.06902	0.07150	0.03406	0.01704	0.33149	0.03014	0.04926	0.23865	0.02155	0.02333	0.01487	0.00803	0.00865	0.00259	0.01059	0.00854	0.00603	0.01162
10	0.01133	0.00850	0.01274	0.01274	0.01416	0.00991	0.00991	0.01416	0.01274	0.01841	0.02124	0.03115	0.01982	0.05947	0.68989	0.01274	0.02124	0.00850	0.00425	0.00708
11	0.00984	0.00703	0.00940	0.01124	0.01178	0.00659	0.00766	0.01134	0.01535	0.02044	0.04361	0.68112	0.05207	0.02468	0.01017	0.00324	0.00475	0.05585	0.00736	0.00649
12	0.02746	0.05562	0.02340	0.01756	0.02353	0.02387	0.01445	0.48481	0.17002	0.04482	0.02150	0.02100	0.01564	0.00965	0.00782	0.00241	0.00819	0.00739	0.00774	0.01312
13	0.02142	0.05206	0.15508	0.01634	0.04705	0.01458	0.01505	0.06741	0.01921	0.15745	0.01779	0.01874	0.01305	0.00733	0.00681	0.00185	0.00769	0.00583	0.00558	0.34965
14	0.01902	0.11079	0.23442	0.01792	0.02503	0.01852	0.05738	0.10478	0.09435	0.06185	0.14896	0.02736	0.02576	0.00987	0.00785	0.00242	0.00857	0.00821	0.00592	0.01102
15	0.01590	0.04102	0.68023	0.02260	0.03432	0.01842	0.02930	0.02511	0.01674	0.02511	0.01423	0.01674	0.01005	0.00753	0.00753	0.00251	0.01172	0.00586	0.00335	0.01172
16	0.01498	0.01409	0.02378	0.70226	0.05462	0.01762	0.02202	0.02026	0.01586	0.02026	0.01409	0.02114	0.01057	0.00793	0.00793	0.00264	0.01057	0.00705	0.00352	0.00881
17	0.02172	0.04966	0.12182	0.15724	0.12932	0.01686	0.05831	0.04962	0.05094	0.18068	0.06761	0.02445	0.01854	0.00887	0.00795	0.00248	0.00896	0.00776	0.00584	0.01136
18	0.03182	0.01390	0.01987	0.04863	0.09518	0.01256	0.01338	0.03520	0.02185	0.54691	0.05558	0.02726	0.02076	0.00969	0.00802	0.00245	0.00709	0.00810	0.00882	0.01293
19	0.03433	0.01549	0.01964	0.01506	0.02124	0.01462	0.01244	0.17784	0.02604	0.53342	0.02848	0.02517	0.01822	0.00975	0.00796	0.00244	0.00720	0.00778	0.00938	0.01349

[dist]
# distance from previous block
# <min> <max>
0	2

[block]
# block no. 6 follows, 24 sequences, length 17
# corresponding to MSA columns:
# 277-293
name=unknown_G
#
# <colnr> <probs for GDERKNQSTAVLIFYWHMCP>
#	G	D	E	R	K	N	Q	S	T	A	V	L	I	F	Y	W	H	M	C	P
0	0.02311	0.01650	0.01964	0.01589	0.04658	0.01574	0.01232	0.17505	0.06391	0.13331	0.01899	0.01974	0.01417	0.00814	0.00794	0.00193	0.04256	0.00628	0.00640	0.35181
1	0.01643	0.00994	0.01233	0.01086	0.01393	0.00914	0.00842	0.05753	0.02257	0.14724	0.40038	0.05421	0.17486	0.01539	0.00902	0.00251	0.00464	0.01321	0.00861	0.00879
2	0.01025	0.00756	0.00960	0.01017	0.01153	0.00690	0.00722	0.01269	0.01856	0.02511	0.30269	0.35621	0.15099	0.02064	0.00970	0.00285	0.00417	0.01837	0.00792	0.00690
3	0.01217	0.00951	0.01348	0.01302	0.01398	0.01139	0.00991	0.01430	0.01243	0.01791	0.02053	0.03334	0.02032	0.18150	0.47623	0.01054	0.10946	0.00888	0.00425	0.00685
4	0.02096	0.01577	0.02667	0.24087	0.16968	0.01637	0.11192	0.02644	0.04891	0.16767	0.02095	0.06314	0.01630	0.00910	0.00827	0.00258	0.00935	0.00860	0.00551	0.01095
5	0.39057	0.01796	0.01737	0.01404	0.01967	0.01993	0.01158	0.28061	0.02426	0.11046	0.01650	0.01693	0.01179	0.00851	0.00648	0.00242	0.00727	0.00586	0.00668	0.01113
6	0.00966	0.00690	0.00920	0.01104	0.01150	0.00644	0.00736	0.01104	0.01518	0.02024	0.04371	0.71614	0.05245	0.02484	0.01012	0.00322	0.00460	0.02254	0.00736	0.00644
7	0.07748	0.01306	0.01774	0.15195	0.07648	0.01419	0.04204	0.02486	0.12728	0.06610	0.07398	0.03047	0.02261	0.00999	0.00746	0.00245	0.00695	0.03723	0.18809	0.00958
8	0.02653	0.01625	0.02281	0.05851	0.02461	0.05147	0.09788	0.05421	0.02021	0.32783	0.02551	0.02582	0.04534	0.01022	0.01075	0.00260	0.11284	0.00813	0.04722	0.01126
9	0.03299	0.01287	0.01735	0.01352	0.01900	0.01123	0.01092	0.03573	0.02150	0.60621	0.03061	0.02967	0.02062	0.08626	0.01145	0.00302	0.00685	0.00836	0.00928	0.01256
10	0.01987	0.01803	0.06440	0.27720	0.19102	0.01758	0.14726	0.02519	0.01799	0.11826	0.01718	0.02145	0.01262	0.00773	0.00819	0.00255	0.01037	0.00759	0.00462	0.01091
11	0.02279	0.25390	0.16463	0.01671	0.02355	0.08832	0.01655	0.06150	0.08058	0.12014	0.02000	0.02044	0.03923	0.00880	0.00747	0.00224	0.03037	0.00640	0.00525	0.01111
12	0.01890	0.07790	0.01727	0.01333	0.01666	0.01193	0.03824	0.05933	0.01962	0.18257	0.12180	0.31737	0.03942	0.01654	0.00885	0.00271	0.00602	0.01461	0.00766	0.00927
13	0.01169	0.00810	0.00989	0.04948	0.01200	0.00826	0.00640	0.01227	0.01276	0.01695	0.05960	0.04950	0.07037	0.52748	0.06746	0.04803	0.00807	0.01135	0.00499	0.00534
14	0.01962	0.15867	0.15377	0.06108	0.09045	0.02026	0.19050	0.02615	0.05928	0.08002	0.01829	0.05478	0.01476	0.00841	0.00782	0.00243	0.01013	0.00791	0.00467	0.01100
15	0.02670	0.01899	0.02488	0.06449	0.16302	0.08388	0.06822	0.09306	0.09294	0.24768	0.02255	0.02286	0.01594	0.00877	0.00798	0.00244	0.00898	0.00758	0.00677	0.01226
16	0.12940	0.01785	0.05922	0.08456	0.02575	0.05902	0.07610	0.06047	0.05374	0.24704	0.02364	0.06209	0.01818	0.01014	0.00786	0.00258	0.00846	0.03618	0.00675	0.01098

[dist]
# distance from previous block
# <min> <max>
1	13

[block]
# block no. 7 follows, 24 sequences, length 20
# corresponding to MSA columns:
# 307-326
name=unknown_H
#
# <colnr> <probs for GDERKNQSTAVLIFYWHMCP>
#	G	D	E	R	K	N	Q	S	T	A	V	L	I	F	Y	W	H	M	C	P
0	0.04035	0.01004	0.01321	0.13207	0.02032	0.00992	0.01033	0.01798	0.01945	0.10498	0.25103	0.07180	0.22029	0.01518	0.00886	0.00262	0.00560	0.03041	0.00735	0.00823
1	0.02240	0.19177	0.13425	0.01585	0.02321	0.04256	0.01527	0.14193	0.04145	0.08940	0.01643	0.01742	0.01249	0.00765	0.00665	0.00194	0.00838	0.00569	0.00533	0.19990
2	0.02708	0.01450	0.01844	0.08512	0.02310	0.01446	0.01261	0.15058	0.06091	0.33625	0.10207	0.03175	0.06512	0.01099	0.00821	0.00249	0.00699	0.00905	0.00842	0.01185
3	0.02395	0.09279	0.24351	0.01949	0.06237	0.01800	0.01895	0.08341	0.02041	0.23139	0.04885	0.02189	0.01645	0.00912	0.00874	0.00245	0.05320	0.00700	0.00607	0.01195
4	0.02198	0.09940	0.06320	0.01494	0.01995	0.05939	0.01287	0.08119	0.17736	0.14840	0.16708	0.03252	0.03078	0.01113	0.00796	0.00243	0.00715	0.02386	0.00740	0.01101
5	0.00970	0.00706	0.00915	0.01071	0.01144	0.00651	0.00724	0.01125	0.01578	0.02087	0.07522	0.62613	0.11169	0.02401	0.01002	0.00314	0.00451	0.02163	0.00742	0.00651
6	0.01498	0.01578	0.08223	0.45135	0.04188	0.01598	0.01923	0.05362	0.01774	0.02349	0.08589	0.02821	0.05478	0.01247	0.04722	0.00318	0.01012	0.00832	0.00454	0.00898
7	0.02445	0.16978	0.09404	0.01968	0.09879	0.01906	0.01602	0.07364	0.05676	0.22354	0.02263	0.02705	0.01768	0.00992	0.00826	0.00244	0.03439	0.06384	0.00636	0.01168
8	0.02234	0.01263	0.01485	0.01266	0.01677	0.03440	0.00998	0.02854	0.12440	0.27816	0.22083	0.04277	0.12149	0.01311	0.00854	0.00252	0.00570	0.01103	0.00870	0.01056
9	0.01539	0.00981	0.01186	0.01092	0.01382	0.00920	0.00832	0.02044	0.09121	0.12989	0.29032	0.11654	0.20839	0.01638	0.00907	0.00262	0.00465	0.01411	0.00835	0.00870
10	0.01510	0.02401	0.27541	0.31652	0.03976	0.01699	0.02261	0.02266	0.05682	0.02291	0.01954	0.02375	0.04987	0.01161	0.04697	0.00318	0.01097	0.00735	0.00401	0.00995
11	0.04293	0.09552	0.13783	0.06690	0.18492	0.07096	0.09565	0.07603	0.03618	0.09375	0.01665	0.01913	0.01254	0.00778	0.00760	0.00237	0.01012	0.00678	0.00483	0.01154
12	0.01476	0.02081	0.22259	0.05701	0.06430	0.01388	0.01673	0.05494	0.06545	0.02796	0.20110	0.03990	0.14342	0.01236	0.00844	0.00254	0.00749	0.01045	0.00611	0.00976
13	0.01044	0.00765	0.01040	0.01126	0.01218	0.00788	0.00799	0.01228	0.01412	0.01918	0.03592	0.35484	0.07839	0.10260	0.26823	0.00718	0.01110	0.01586	0.00595	0.00654
14	0.06748	0.02380	0.20484	0.13241	0.09261	0.05446	0.01972	0.06902	0.01989	0.21099	0.01912	0.02043	0.01324	0.00835	0.00761	0.00246	0.00953	0.00672	0.00570	0.01162
15	0.02409	0.02055	0.10381	0.10348	0.02975	0.01882	0.09074	0.17070	0.15779	0.16297	0.02274	0.02312	0.01603	0.00907	0.00809	0.00254	0.00895	0.00779	0.00678	0.01217
16	0.01705	0.03887	0.57579	0.02353	0.03440	0.06116	0.08916	0.02556	0.01730	0.02478	0.01428	0.01705	0.01025	0.00749	0.00769	0.00250	0.01205	0.00616	0.00346	0.01146
17	0.01772	0.01485	0.01713	0.01235	0.01933	0.01188	0.00993	0.07839	0.01839	0.02809	0.01456	0.01669	0.01191	0.00621	0.00607	0.00129	0.00614	0.00493	0.00500	0.69914
18	0.01126	0.00907	0.01320	0.15598	0.02109	0.00991	0.01106	0.01348	0.01513	0.02017	0.03541	0.52669	0.04104	0.02062	0.01067	0.00312	0.05041	0.01832	0.00631	0.00708
19	0.01069	0.00783	0.00957	0.00956	0.01102	0.00721	0.00673	0.01308	0.01857	0.02518	0.34827	0.16640	0.17039	0.14251	0.01494	0.00356	0.00462	0.01559	0.00757	0.00670

[dist]
# distance from previous block
# <min> <max>
0	1

[block]
# block no. 8 follows, 24 sequences, length 20
# corresponding to MSA columns:
# 328-347
name=unknown_I
#
# <colnr> <probs for GDERKNQSTAVLIFYWHMCP>
#	G	D	E	R	K	N	Q	S	T	A	V	L	I	F	Y	W	H	M	C	P
0	0.02089	0.05275	0.32100	0.06650	0.13780	0.01901	0.02292	0.10898	0.04785	0.10091	0.01754	0.01935	0.01263	0.00811	0.00765	0.00245	0.00997	0.00662	0.00499	0.01209
1	0.00978	0.00797	0.00864	0.00864	0.01100	0.00684	0.00642	0.01210	0.01879	0.02350	0.20014	0.11526	0.50411	0.01959	0.00942	0.00268	0.00400	0.01662	0.00765	0.00684
2	0.01905	0.25772	0.15526	0.02498	0.03323	0.02351	0.32821	0.02480	0.01751	0.02312	0.01407	0.01772	0.01107	0.00687	0.00763	0.00232	0.01147	0.00706	0.00369	0.01070
3	0.01133	0.00850	0.01274	0.01274	0.01416	0.00991	0.00991	0.01416	0.01274	0.01841	0.02124	0.03115	0.01982	0.05947	0.68989	0.01274	0.02124	0.00850	0.00425	0.00708
4	0.01024	0.00783	0.00939	0.00950	0.01137	0.00698	0.00694	0.01287	0.01938	0.02570	0.32846	0.20183	0.28204	0.01939	0.00952	0.00271	0.00402	0.01690	0.00796	0.00698
5	0.03109	0.02069	0.02286	0.01752	0.02383	0.02233	0.01448	0.53952	0.03474	0.15946	0.02118	0.02043	0.01456	0.00957	0.00794	0.00239	0.00838	0.00729	0.00826	0.01349
6	0.01064	0.00808	0.00979	0.00936	0.01149	0.00723	0.00702	0.01383	0.02106	0.02852	0.48184	0.06464	0.26269	0.01744	0.00936	0.00255	0.00383	0.01510	0.00830	0.00723
7	0.28090	0.17223	0.06506	0.01331	0.01955	0.01849	0.01221	0.02932	0.01776	0.27355	0.01889	0.01843	0.01320	0.00817	0.00628	0.00229	0.00725	0.00578	0.00633	0.01100
8	0.02745	0.14275	0.02528	0.01729	0.02281	0.20007	0.01423	0.33642	0.02842	0.03527	0.01638	0.01746	0.01254	0.00869	0.00709	0.00214	0.00981	0.00614	0.05839	0.01138
9	0.02045	0.01553	0.02438	0.06767	0.35095	0.01548	0.01833	0.02551	0.05392	0.13361	0.02215	0.06130	0.01887	0.01281	0.04994	0.00312	0.00906	0.04859	0.00556	0.04278
10	0.02119	0.09064	0.18970	0.01875	0.02574	0.05314	0.09589	0.09525	0.05688	0.12031	0.09655	0.02720	0.05424	0.00976	0.00795	0.00242	0.00910	0.00826	0.00599	0.01106
11	0.01972	0.01703	0.01793	0.01614	0.02062	0.01972	0.01255	0.04214	0.65752	0.03317	0.03228	0.02959	0.02421	0.01076	0.00807	0.00269	0.00628	0.00897	0.00807	0.01255
12	0.01636	0.00970	0.01347	0.01428	0.01672	0.00936	0.01222	0.01976	0.01878	0.13233	0.04032	0.12226	0.04178	0.02009	0.01040	0.00342	0.00702	0.47572	0.00772	0.00827
13	0.01893	0.09548	0.25629	0.05453	0.03516	0.01996	0.27564	0.02661	0.05156	0.06480	0.01665	0.01974	0.01222	0.00744	0.00811	0.00251	0.01144	0.00747	0.00428	0.01118
14	0.01797	0.03224	0.45616	0.01938	0.02942	0.01646	0.02297	0.05264	0.01799	0.06961	0.01555	0.01746	0.01122	0.00740	0.00720	0.00220	0.00993	0.00579	0.00429	0.18413
15	0.01021	0.00750	0.00964	0.01079	0.01196	0.00693	0.00775	0.01232	0.01716	0.02276	0.15631	0.44677	0.14379	0.02237	0.00997	0.00306	0.00465	0.08171	0.00759	0.00675
16	0.02330	0.12938	0.23302	0.01818	0.02598	0.02166	0.01864	0.24006	0.07760	0.08543	0.03870	0.02015	0.01521	0.00883	0.00745	0.00236	0.00912	0.00675	0.00600	0.01218
17	0.14476	0.12667	0.12351	0.08796	0.02715	0.03804	0.10642	0.02317	0.01687	0.06412	0.05780	0.03973	0.04414	0.00940	0.00858	0.00249	0.05713	0.00757	0.00475	0.00974
18	0.01284	0.01010	0.01296	0.01313	0.05694	0.00961	0.00913	0.01837	0.08499	0.03036	0.47284	0.05210	0.10649	0.01467	0.00890	0.00243	0.00453	0.01286	0.00797	0.05878
19	0.13173	0.26319	0.02524	0.03749	0.01997	0.05132	0.01225	0.08159	0.01840	0.05933	0.04145	0.05494	0.05884	0.00990	0.00784	0.00222	0.05575	0.00713	0.00514	0.05630

[dist]
# distance from previous block
# <min> <max>
1	7

[block]
# block no. 9 follows, 24 sequences, length 22
# corresponding to MSA columns:
# 355-376
name=unknown_J
#
# <colnr> <probs for GDERKNQSTAVLIFYWHMCP>
#	G	D	E	R	K	N	Q	S	T	A	V	L	I	F	Y	W	H	M	C	P
0	0.04783	0.25341	0.23316	0.01973	0.05888	0.03821	0.07001	0.02573	0.01737	0.08887	0.01492	0.01678	0.01142	0.00731	0.00673	0.00213	0.00962	0.00574	0.00427	0.06790
1	0.72029	0.01524	0.01256	0.06219	0.01827	0.01778	0.00959	0.02308	0.01367	0.03443	0.01127	0.01350	0.00874	0.00740	0.00513	0.00247	0.00647	0.00450	0.00480	0.00860
2	0.16038	0.01265	0.01503	0.01240	0.01725	0.01206	0.01001	0.03071	0.04696	0.39119	0.06807	0.06129	0.05017	0.01090	0.00750	0.00247	0.00600	0.00876	0.06505	0.01115
