[name]
unknown

[dist]
# distance from previous block
# <min> <max>
0	656

[block]
# block no. 0 follows, 25 sequences, length 17
# corresponding to MSA columns:
# 656-672
name=unknown_A
#
# <colnr> <probs for GDERKNQSTAVLIFYWHMCP>
#	G	D	E	R	K	N	Q	S	T	A	V	L	I	F	Y	W	H	M	C	P
0	0.01577	0.04206	0.01492	0.01376	0.01631	0.03984	0.01073	0.11726	0.10652	0.02663	0.03458	0.32881	0.03689	0.01813	0.00915	0.00293	0.00644	0.14359	0.00708	0.00861
1	0.07128	0.21671	0.02367	0.01318	0.01951	0.08836	0.01123	0.06267	0.01771	0.02482	0.01287	0.01478	0.01080	0.00655	0.00572	0.00154	0.00750	0.00464	0.00439	0.38208
2	0.01050	0.00807	0.00901	0.00880	0.01022	0.00765	0.00604	0.01194	0.01560	0.01999	0.13690	0.06109	0.32161	0.28933	0.02134	0.00449	0.03136	0.01375	0.00629	0.00602
3	0.01170	0.00863	0.01074	0.01161	0.01285	0.00860	0.00812	0.05787	0.06749	0.02350	0.07999	0.57785	0.04787	0.02165	0.00954	0.00301	0.00485	0.01946	0.00737	0.00730
4	0.01704	0.28005	0.02863	0.14548	0.18181	0.02030	0.01580	0.02017	0.01570	0.02018	0.01752	0.11233	0.01746	0.06544	0.00946	0.00263	0.00832	0.00822	0.00409	0.00938
5	0.01884	0.01289	0.01728	0.01870	0.15101	0.01161	0.01192	0.02312	0.05970	0.16616	0.03606	0.08314	0.17418	0.01171	0.00782	0.00224	0.00614	0.01003	0.00653	0.17093
6	0.60188	0.01811	0.01411	0.01224	0.01716	0.08540	0.00994	0.11236	0.01734	0.03521	0.01201	0.01358	0.00923	0.00757	0.00543	0.00235	0.00714	0.00467	0.00514	0.00913
7	0.02136	0.02280	0.16354	0.21360	0.12403	0.03766	0.02058	0.20297	0.02255	0.07250	0.01633	0.01916	0.01187	0.00812	0.00764	0.00242	0.00976	0.00668	0.00510	0.01132
8	0.05368	0.01718	0.02171	0.27165	0.07800	0.08450	0.01699	0.09741	0.01893	0.11060	0.01648	0.02047	0.01253	0.01262	0.06301	0.00329	0.07930	0.00682	0.00494	0.00988
9	0.15766	0.15033	0.06101	0.02564	0.26014	0.01863	0.01637	0.02467	0.01690	0.12116	0.01746	0.06695	0.01476	0.00854	0.00681	0.00228	0.00787	0.00704	0.00496	0.01082
10	0.02484	0.01621	0.08936	0.06806	0.11840	0.01338	0.01532	0.02964	0.05237	0.34223	0.02620	0.06008	0.02005	0.04409	0.00948	0.00275	0.00770	0.04126	0.00711	0.01147
11	0.02065	0.04866	0.01905	0.04442	0.07147	0.03969	0.01299	0.14078	0.03698	0.11603	0.05166	0.06478	0.02454	0.03760	0.00922	0.00263	0.00748	0.13394	0.00654	0.11089
12	0.07041	0.04532	0.11391	0.07641	0.06306	0.01323	0.01447	0.02174	0.04396	0.11240	0.07009	0.10722	0.08841	0.01342	0.00830	0.00269	0.00726	0.11222	0.00618	0.00931
13	0.12113	0.04724	0.10980	0.07731	0.09816	0.09828	0.06622	0.06953	0.04224	0.06857	0.01770	0.05292	0.01487	0.00941	0.00840	0.00249	0.04691	0.03371	0.00493	0.01017
14	0.12958	0.09041	0.18190	0.04580	0.06853	0.01663	0.01628	0.05134	0.01608	0.06608	0.01645	0.02062	0.01334	0.02220	0.20663	0.00525	0.01239	0.00641	0.00441	0.00968
15	0.23159	0.09348	0.04848	0.06263	0.02155	0.01645	0.06054	0.06614	0.01773	0.09618	0.06220	0.07509	0.01885	0.00942	0.00676	0.00230	0.00718	0.00759	0.03719	0.05865
16	0.24262	0.11768	0.10489	0.14047	0.02657	0.01911	0.01509	0.06825	0.06219	0.11124	0.01619	0.01779	0.01189	0.00792	0.00648	0.00235	0.00805	0.00583	0.00517	0.01023

[dist]
# distance from previous block
# <min> <max>
3	27

[block]
# block no. 1 follows, 25 sequences, length 21
# corresponding to MSA columns:
# 700-720
name=unknown_B
#
# <colnr> <probs for GDERKNQSTAVLIFYWHMCP>
#	G	D	E	R	K	N	Q	S	T	A	V	L	I	F	Y	W	H	M	C	P
0	0.19203	0.01547	0.04562	0.08298	0.02227	0.01613	0.05002	0.11389	0.06676	0.04713	0.07639	0.12085	0.04852	0.01182	0.00879	0.00262	0.05379	0.00958	0.00598	0.00934
1	0.07365	0.05568	0.04673	0.01384	0.01977	0.01302	0.03638	0.02725	0.03563	0.27240	0.06111	0.02719	0.02016	0.00918	0.00719	0.00211	0.00673	0.04752	0.00681	0.21765
2	0.19531	0.06028	0.05484	0.01325	0.01831	0.10462	0.01129	0.05160	0.06024	0.14664	0.03027	0.02952	0.14780	0.01050	0.00703	0.00232	0.00729	0.00794	0.00619	0.03476
3	0.32225	0.01449	0.01584	0.01313	0.01775	0.01555	0.05596	0.13140	0.01938	0.10428	0.01911	0.02285	0.01480	0.00887	0.00637	0.00234	0.00658	0.03787	0.16161	0.00958
4	0.01225	0.00879	0.01001	0.00907	0.01047	0.00809	0.00561	0.01295	0.01225	0.01711	0.02226	0.04369	0.02479	0.58072	0.03261	0.00622	0.00716	0.00992	0.00468	0.16134
5	0.05396	0.09185	0.01557	0.01207	0.01552	0.01138	0.00969	0.01756	0.01620	0.06506	0.02977	0.27745	0.03198	0.01568	0.00815	0.00252	0.00593	0.13067	0.00618	0.18282
6	0.01369	0.00993	0.01205	0.01211	0.01389	0.01002	0.00874	0.14190	0.02005	0.02699	0.10951	0.50397	0.04601	0.02029	0.00938	0.00290	0.00522	0.01807	0.00746	0.00781
7	0.01593	0.01231	0.01476	0.01149	0.01702	0.00958	0.00892	0.01892	0.01622	0.06657	0.02075	0.16040	0.02007	0.00976	0.00672	0.00164	0.00554	0.00835	0.00545	0.56958
8	0.02176	0.02155	0.01774	0.01547	0.02015	0.27073	0.01224	0.02465	0.01917	0.07602	0.02001	0.03064	0.01828	0.01010	0.00739	0.00207	0.00923	0.13158	0.00529	0.26593
9	0.01066	0.00769	0.01009	0.00997	0.01151	0.00711	0.00729	0.01385	0.02050	0.02879	0.54645	0.19306	0.06871	0.01757	0.00930	0.00258	0.00383	0.01565	0.00826	0.00711
10	0.17772	0.01649	0.08289	0.01481	0.04641	0.01371	0.01253	0.05253	0.03432	0.22517	0.06248	0.02451	0.01865	0.00892	0.00695	0.00222	0.00680	0.03090	0.00653	0.15545
11	0.02194	0.40021	0.16702	0.01691	0.02380	0.21120	0.01687	0.02562	0.01759	0.01973	0.01175	0.01366	0.00993	0.00716	0.00602	0.00191	0.01050	0.00470	0.00349	0.00999
12	0.01678	0.01298	0.01528	0.01124	0.01745	0.01002	0.00896	0.02023	0.01679	0.06480	0.05350	0.01994	0.01604	0.00677	0.00604	0.00134	0.00553	0.00550	0.05580	0.63503
13	0.18583	0.01512	0.01762	0.01380	0.01959	0.01493	0.01140	0.14717	0.02297	0.43626	0.02438	0.02216	0.01590	0.00906	0.00718	0.00239	0.00683	0.00692	0.00828	0.01222
14	0.02241	0.05802	0.07362	0.01925	0.02505	0.01542	0.18461	0.08920	0.02029	0.22020	0.02552	0.16555	0.02197	0.01143	0.00840	0.00257	0.00855	0.01065	0.00657	0.01073
15	0.01115	0.00803	0.01104	0.01104	0.01193	0.00892	0.00792	0.01293	0.01204	0.01694	0.02207	0.03767	0.02251	0.29617	0.46304	0.01070	0.01606	0.00936	0.00435	0.00613
16	0.01803	0.01747	0.14947	0.01296	0.01779	0.01362	0.01248	0.14940	0.06330	0.03229	0.02204	0.02428	0.01673	0.00885	0.00645	0.00210	0.00637	0.00697	0.40976	0.00963
17	0.01758	0.01433	0.02214	0.30978	0.18063	0.01573	0.01787	0.07911	0.01966	0.06879	0.14997	0.02809	0.02438	0.00947	0.00802	0.00246	0.00832	0.00841	0.00536	0.00989
18	0.02070	0.04434	0.11319	0.01714	0.02362	0.04587	0.05544	0.11690	0.23447	0.06398	0.02116	0.02136	0.01582	0.00841	0.00731	0.00219	0.00799	0.00692	0.00609	0.16710
19	0.02682	0.03338	0.02229	0.02004	0.02332	0.57608	0.01534	0.02876	0.02017	0.01892	0.01166	0.01452	0.01002	0.00899	0.01029	0.00225	0.13906	0.00531	0.00389	0.00890
20	0.01081	0.00743	0.00897	0.00924	0.00972	0.00720	0.00579	0.01185	0.01424	0.01936	0.16084	0.20239	0.04250	0.42554	0.02669	0.00551	0.00606	0.01424	0.00604	0.00559

[dist]
# distance from previous block
# <min> <max>
0	7

[block]
# block no. 2 follows, 25 sequences, length 134
# corresponding to MSA columns:
# 728-861
name=unknown_C
#
# <colnr> <probs for GDERKNQSTAVLIFYWHMCP>
#	G	D	E	R	K	N	Q	S	T	A	V	L	I	F	Y	W	H	M	C	P
0	0.02143	0.69640	0.03950	0.01329	0.01990	0.02972	0.01317	0.02394	0.01607	0.05140	0.01177	0.01313	0.01041	0.00678	0.00512	0.00170	0.00821	0.00433	0.00363	0.01011
1	0.02624	0.06439	0.05849	0.02030	0.02523	0.36295	0.08072	0.09423	0.02159	0.08393	0.01463	0.01664	0.01136	0.00856	0.00904	0.00227	0.07854	0.00605	0.00477	0.01009
2	0.08937	0.18942	0.15275	0.01767	0.02297	0.05576	0.04255	0.04878	0.01648	0.05179	0.04571	0.01791	0.01359	0.00938	0.01144	0.00248	0.19175	0.00615	0.00423	0.00983
3	0.01886	0.02095	0.04463	0.03194	0.03970	0.01983	0.61932	0.05611	0.01920	0.02603	0.01583	0.02080	0.01184	0.00667	0.00908	0.00260	0.01285	0.00904	0.00411	0.01059
4	0.05713	0.12287	0.11568	0.01606	0.02161	0.01962	0.01489	0.10746	0.26678	0.02997	0.02489	0.03185	0.02094	0.01090	0.00767	0.00256	0.00765	0.10423	0.00628	0.01094
5	0.00996	0.00726	0.00937	0.01016	0.01129	0.00668	0.00712	0.01217	0.01760	0.02386	0.26770	0.42955	0.11676	0.02090	0.00957	0.00285	0.00415	0.01871	0.00767	0.00668
6	0.01939	0.01949	0.03351	0.04414	0.54996	0.04263	0.12756	0.02422	0.01792	0.02502	0.01468	0.01929	0.01211	0.00688	0.00790	0.00234	0.01002	0.00721	0.00386	0.01186
7	0.01128	0.00752	0.00846	0.00846	0.00846	0.00752	0.00470	0.01128	0.01128	0.01503	0.02443	0.05074	0.02819	0.72751	0.03946	0.00752	0.00752	0.01128	0.00470	0.00470
8	0.02719	0.15921	0.07572	0.01334	0.01925	0.01517	0.01225	0.03067	0.01949	0.39340	0.02440	0.02316	0.01667	0.00873	0.00682	0.00216	0.00687	0.00680	0.12723	0.01146
9	0.01919	0.01842	0.03147	0.04759	0.67914	0.01842	0.02380	0.02380	0.01765	0.02533	0.01458	0.01919	0.01228	0.00691	0.00768	0.00230	0.00921	0.00691	0.00384	0.01228
10	0.78228	0.01499	0.01140	0.01020	0.01499	0.01739	0.00840	0.02279	0.01320	0.03479	0.01080	0.01260	0.00840	0.00720	0.00480	0.00240	0.00600	0.00420	0.00480	0.00840
11	0.01929	0.01666	0.01753	0.01578	0.02016	0.01929	0.01227	0.04120	0.66513	0.03243	0.03156	0.02893	0.02367	0.01052	0.00789	0.00263	0.00614	0.00877	0.00789	0.01227
12	0.01929	0.01666	0.01753	0.01578	0.02016	0.01929	0.01227	0.04120	0.66513	0.03243	0.03156	0.02893	0.02367	0.01052	0.00789	0.00263	0.00614	0.00877	0.00789	0.01227
13	0.01929	0.01666	0.01753	0.01578	0.02016	0.01929	0.01227	0.04120	0.66513	0.03243	0.03156	0.02893	0.02367	0.01052	0.00789	0.00263	0.00614	0.00877	0.00789	0.01227
14	0.00945	0.00675	0.00900	0.01080	0.01125	0.00630	0.00720	0.01080	0.01484	0.01979	0.04274	0.72245	0.05128	0.02429	0.00990	0.00315	0.00450	0.02204	0.00720	0.00630
15	0.03479	0.01320	0.01799	0.01380	0.01979	0.01140	0.01140	0.03779	0.02219	0.68451	0.03059	0.02639	0.01919	0.00960	0.00780	0.00240	0.00660	0.00780	0.00960	0.01320
16	0.01128	0.00752	0.00846	0.00846	0.00846	0.00752	0.00470	0.01128	0.01128	0.01503	0.02443	0.05074	0.02819	0.72751	0.03946	0.00752	0.00752	0.01128	0.00470	0.00470
17	0.01518	0.01294	0.01938	0.02734	0.34019	0.01254	0.01463	0.01878	0.01738	0.02471	0.03626	0.03806	0.21634	0.01122	0.00768	0.00230	0.00647	0.00986	0.15922	0.00951
18	0.01119	0.00784	0.01010	0.01010	0.01067	0.00841	0.00675	0.01233	0.01176	0.01625	0.02293	0.04242	0.02458	0.45298	0.30905	0.00954	0.01295	0.01006	0.00447	0.00561
19	0.02305	0.06297	0.03271	0.02941	0.16116	0.30190	0.22756	0.02710	0.01957	0.02216	0.01367	0.01725	0.01104	0.00722	0.00774	0.00225	0.01243	0.00671	0.00390	0.01019
20	0.75134	0.01590	0.01183	0.01060	0.01536	0.04528	0.00867	0.02313	0.01356	0.03414	0.01085	0.01265	0.00846	0.00723	0.00489	0.00238	0.00633	0.00423	0.00477	0.00842
21	0.78228	0.01499	0.01140	0.01020	0.01499	0.01739	0.00840	0.02279	0.01320	0.03479	0.01080	0.01260	0.00840	0.00720	0.00480	0.00240	0.00600	0.00420	0.00480	0.00840
22	0.00963	0.00787	0.00850	0.00835	0.01076	0.00674	0.00626	0.01203	0.01878	0.02357	0.23295	0.07030	0.51995	0.01866	0.00916	0.00257	0.00386	0.01576	0.00755	0.00674
23	0.00973	0.00765	0.00879	0.00898	0.01094	0.00671	0.00655	0.01204	0.01830	0.02355	0.23782	0.20038	0.38197	0.01952	0.00931	0.00267	0.00397	0.01685	0.00757	0.00671
24	0.01567	0.00898	0.01177	0.01047	0.01318	0.00810	0.00806	0.01911	0.02177	0.16212	0.51427	0.05244	0.09366	0.01479	0.00887	0.00244	0.00426	0.01289	0.00868	0.00846
25	0.03243	0.01697	0.02033	0.01559	0.02168	0.01700	0.01288	0.31050	0.02851	0.40287	0.02528	0.02295	0.01653	0.00947	0.00778	0.00237	0.00745	0.00744	0.00878	0.01319
26	0.01097	0.00793	0.01036	0.00975	0.01158	0.00732	0.00732	0.01463	0.02195	0.03109	0.67505	0.05792	0.07316	0.01585	0.00914	0.00244	0.00366	0.01402	0.00854	0.00732
27	0.02073	0.73217	0.04063	0.01327	0.01990	0.03068	0.01327	0.02322	0.01575	0.01824	0.01078	0.01244	0.00995	0.00663	0.00498	0.00166	0.00829	0.00415	0.00332	0.00995
28	0.02947	0.02172	0.02327	0.01784	0.02404	0.02404	0.01474	0.65329	0.03646	0.04887	0.01862	0.01862	0.01319	0.00931	0.00776	0.00233	0.00853	0.00698	0.00776	0.01319
29	0.01464	0.01378	0.02326	0.70887	0.05340	0.01723	0.02153	0.01981	0.01550	0.01981	0.01378	0.02067	0.01034	0.00775	0.00775	0.00258	0.01034	0.00689	0.00345	0.00861
30	0.03057	0.01996	0.02218	0.01700	0.02317	0.02143	0.01405	0.52608	0.03351	0.18023	0.02109	0.02022	0.01443	0.00937	0.00776	0.00234	0.00813	0.00715	0.00814	0.01319
31	0.01929	0.01666	0.01753	0.01578	0.02016	0.01929	0.01227	0.04120	0.66513	0.03243	0.03156	0.02893	0.02367	0.01052	0.00789	0.00263	0.00614	0.00877	0.00789	0.01227
32	0.01516	0.01442	0.02774	0.02271	0.02728	0.01382	0.30520	0.02009	0.01806	0.02395	0.02942	0.05695	0.02956	0.01460	0.00999	0.00313	0.00986	0.34373	0.00566	0.00866
33	0.78228	0.01499	0.01140	0.01020	0.01499	0.01739	0.00840	0.02279	0.01320	0.03479	0.01080	0.01260	0.00840	0.00720	0.00480	0.00240	0.00600	0.00420	0.00480	0.00840
34	0.02069	0.01634	0.02171	0.01611	0.02258	0.04709	0.11096	0.07179	0.01904	0.12534	0.01718	0.01908	0.01307	0.00903	0.03578	0.00217	0.00827	0.00615	0.00543	0.41218
35	0.01120	0.00784	0.01007	0.01007	0.01063	0.00839	0.00671	0.01231	0.01175	0.01623	0.02295	0.04257	0.02464	0.45772	0.30440	0.00951	0.01286	0.01008	0.00448	0.00559
36	0.00926	0.00786	0.00798	0.00795	0.01053	0.00658	0.00596	0.01130	0.01789	0.02146	0.10864	0.07378	0.64559	0.01945	0.00916	0.00261	0.00391	0.01625	0.00727	0.00658
37	0.06078	0.01403	0.01824	0.01403	0.02001	0.01275	0.01159	0.09304	0.02317	0.60389	0.02880	0.02520	0.01827	0.00949	0.00769	0.00239	0.00675	0.00760	0.00926	0.01302
38	0.02947	0.02172	0.02327	0.01784	0.02404	0.02404	0.01474	0.65329	0.03646	0.04887	0.01862	0.01862	0.01319	0.00931	0.00776	0.00233	0.00853	0.00698	0.00776	0.01319
39	0.23062	0.02180	0.03255	0.02449	0.03089	0.12520	0.37400	0.02523	0.01747	0.02666	0.01376	0.01753	0.01056	0.00695	0.00761	0.00246	0.01126	0.00713	0.00417	0.00966
40	0.02116	0.01941	0.02978	0.02378	0.05559	0.02042	0.24902	0.16915	0.26146	0.03295	0.02215	0.02330	0.01650	0.00863	0.00832	0.00254	0.00935	0.00844	0.00623	0.01180
41	0.01097	0.00793	0.01036	0.00975	0.01158	0.00732	0.00732	0.01463	0.02195	0.03109	0.67505	0.05792	0.07316	0.01585	0.00914	0.00244	0.00366	0.01402	0.00854	0.00732
42	0.01915	0.16189	0.03210	0.03641	0.44304	0.02173	0.02060	0.02287	0.01637	0.02286	0.01313	0.01748	0.01148	0.00790	0.00992	0.00234	0.11952	0.00633	0.00366	0.01122
43	0.01919	0.01842	0.03147	0.04759	0.67914	0.01842	0.02380	0.02380	0.01765	0.02533	0.01458	0.01919	0.01228	0.00691	0.00768	0.00230	0.00921	0.00691	0.00384	0.01228
44	0.01054	0.00791	0.00976	0.00929	0.01131	0.00713	0.00697	0.01378	0.02091	0.02863	0.53046	0.06197	0.21928	0.01677	0.00915	0.00248	0.00372	0.01459	0.00821	0.00713
45	0.01919	0.02259	0.01501	0.01399	0.01731	0.35593	0.01050	0.02117	0.01985	0.01995	0.04483	0.04391	0.33868	0.01374	0.00806	0.00230	0.00902	0.01061	0.00558	0.00778
46	0.01646	0.03313	0.51015	0.01939	0.02961	0.01602	0.02360	0.02397	0.01654	0.05170	0.01457	0.01671	0.01058	0.00710	0.00702	0.00216	0.00998	0.00556	0.00383	0.18192
47	0.00942	0.00791	0.00822	0.00827	0.01081	0.00670	0.00629	0.01156	0.01791	0.02159	0.10815	0.07438	0.61279	0.01953	0.00924	0.00266	0.00407	0.04661	0.00727	0.00662
48	0.02702	0.03287	0.02108	0.01913	0.02320	0.56006	0.01444	0.03302	0.15146	0.02169	0.01593	0.01699	0.01274	0.00850	0.00717	0.00212	0.01240	0.00575	0.00478	0.00965
49	0.01758	0.15531	0.09689	0.01334	0.02066	0.01580	0.01244	0.05243	0.01707	0.02501	0.01346	0.01554	0.01109	0.00627	0.00588	0.00145	0.00702	0.00475	0.00436	0.50364
50	0.01115	0.00803	0.01106	0.01106	0.01196	0.00893	0.00794	0.01294	0.01205	0.01696	0.02205	0.03757	0.02247	0.29279	0.46636	0.01073	0.01612	0.00935	0.00434	0.00614
51	0.00997	0.00752	0.00935	0.01060	0.01198	0.00690	0.00787	0.01196	0.01631	0.02083	0.05332	0.39692	0.24057	0.02229	0.00984	0.00307	0.00486	0.14209	0.00719	0.00654
52	0.00945	0.00675	0.00900	0.01080	0.01125	0.00630	0.00720	0.01080	0.01484	0.01979	0.04274	0.72245	0.05128	0.02429	0.00990	0.00315	0.00450	0.02204	0.00720	0.00630
53	0.45397	0.01403	0.01404	0.01164	0.01683	0.01463	0.00958	0.02860	0.01713	0.29800	0.04064	0.01968	0.01490	0.00845	0.00616	0.00240	0.00616	0.00598	0.00687	0.01031
54	0.01929	0.01666	0.01753	0.01578	0.02016	0.01929	0.01227	0.04120	0.66513	0.03243	0.03156	0.02893	0.02367	0.01052	0.00789	0.00263	0.00614	0.00877	0.00789	0.01227
55	0.01090	0.00801	0.01052	0.01200	0.01349	0.00764	0.00958	0.01345	0.01682	0.02168	0.04814	0.29629	0.15675	0.02206	0.01017	0.00326	0.00570	0.31959	0.00717	0.00676
56	0.03479	0.01320	0.01799	0.01380	0.01979	0.01140	0.01140	0.03779	0.02219	0.68451	0.03059	0.02639	0.01919	0.00960	0.00780	0.00240	0.00660	0.00780	0.00960	0.01320
57	0.78228	0.01499	0.01140	0.01020	0.01499	0.01739	0.00840	0.02279	0.01320	0.03479	0.01080	0.01260	0.00840	0.00720	0.00480	0.00240	0.00600	0.00420	0.00480	0.00840
58	0.78228	0.01499	0.01140	0.01020	0.01499	0.01739	0.00840	0.02279	0.01320	0.03479	0.01080	0.01260	0.00840	0.00720	0.00480	0.00240	0.00600	0.00420	0.00480	0.00840
59	0.03479	0.01320	0.01799	0.01380	0.01979	0.01140	0.01140	0.03779	0.02219	0.68451	0.03059	0.02639	0.01919	0.00960	0.00780	0.00240	0.00660	0.00780	0.00960	0.01320
60	0.03451	0.01364	0.01827	0.01401	0.02002	0.01206	0.01157	0.06994	0.02294	0.65130	0.02996	0.02598	0.01888	0.00958	0.00780	0.00240	0.00670	0.00775	0.00950	0.01319
61	0.02073	0.73217	0.04063	0.01327	0.01990	0.03068	0.01327	0.02322	0.01575	0.01824	0.01078	0.01244	0.00995	0.00663	0.00498	0.00166	0.00829	0.00415	0.00332	0.00995
62	0.01445	0.00723	0.00723	0.00723	0.00903	0.00723	0.00542	0.01807	0.01626	0.02891	0.02529	0.02891	0.01987	0.00903	0.00542	0.00181	0.00361	0.00723	0.77055	0.00723
63	0.02093	0.01921	0.03296	0.02451	0.03079	0.01955	0.33619	0.23465	0.02350	0.03185	0.01747	0.02164	0.01344	0.01557	0.11659	0.00406	0.01275	0.00829	0.00525	0.01082
64	0.01122	0.00775	0.00963	0.00963	0.01003	0.00815	0.00616	0.01203	0.01162	0.01590	0.02336	0.04482	0.02562	0.53208	0.23138	0.00896	0.01139	0.01041	0.00454	0.00535
65	0.01347	0.00673	0.01010	0.01010	0.01010	0.00673	0.00673	0.01010	0.01010	0.01347	0.01347	0.02357	0.01347	0.02694	0.03030	0.77441	0.00673	0.00673	0.00337	0.00337
66	0.01694	0.03039	0.36239	0.02746	0.03709	0.01882	0.34384	0.02470	0.01735	0.02470	0.01481	0.01867	0.01081	0.00695	0.00827	0.00254	0.01228	0.00746	0.00360	0.01095
67	0.01464	0.01378	0.02326	0.70887	0.05340	0.01723	0.02153	0.01981	0.01550	0.01981	0.01378	0.02067	0.01034	0.00775	0.00775	0.00258	0.01034	0.00689	0.00345	0.00861
68	0.02600	0.03216	0.02224	0.16235	0.03005	0.55602	0.01634	0.02866	0.02064	0.01915	0.01236	0.01536	0.01006	0.00794	0.00715	0.00212	0.01323	0.00539	0.00388	0.00891
69	0.00992	0.00709	0.00955	0.01134	0.01200	0.00671	0.00803	0.01162	0.01532	0.02033	0.04247	0.62280	0.05024	0.02384	0.01002	0.00321	0.00491	0.11697	0.00719	0.00643
70	0.36600	0.01553	0.01548	0.01267	0.01805	0.04865	0.01038	0.05607	0.01877	0.33697	0.02039	0.01933	0.01370	0.00844	0.00642	0.00238	0.00678	0.00603	0.00711	0.01086
71	0.01138	0.00846	0.01074	0.01058	0.01254	0.00804	0.00817	0.01570	0.05408	0.02854	0.46473	0.09521	0.12166	0.01714	0.00934	0.00266	0.00435	0.10115	0.00811	0.00743
72	0.01762	0.02569	0.20535	0.03005	0.03879	0.01921	0.49617	0.02477	0.01782	0.02477	0.01525	0.01978	0.01128	0.00674	0.00871	0.00257	0.01267	0.00830	0.00376	0.01071
73	0.01551	0.00754	0.00779	0.00757	0.00959	0.00744	0.00573	0.01909	0.01657	0.06296	0.02557	0.02878	0.01984	0.00906	0.00554	0.00184	0.00377	0.00726	0.73103	0.00754
74	0.01464	0.01378	0.02326	0.70887	0.05340	0.01723	0.02153	0.01981	0.01550	0.01981	0.01378	0.02067	0.01034	0.00775	0.00775	0.00258	0.01034	0.00689	0.00345	0.00861
75	0.01143	0.00816	0.01127	0.01306	0.01438	0.00801	0.01065	0.01423	0.01680	0.02201	0.04164	0.30905	0.04695	0.02242	0.01043	0.00342	0.00622	0.41586	0.00716	0.00685
76	0.01110	0.00823	0.01209	0.01209	0.01334	0.00949	0.00923	0.01361	0.01235	0.01772	0.02111	0.03235	0.02020	0.12046	0.63559	0.01200	0.01953	0.00858	0.00420	0.00672
77	0.01569	0.03915	0.65532	0.02263	0.03391	0.01809	0.05970	0.02457	0.01647	0.02457	0.01400	0.01660	0.00992	0.00733	0.00746	0.00246	0.01154	0.00590	0.00331	0.01141
78	0.00945	0.00675	0.00900	0.01080	0.01125	0.00630	0.00720	0.01080	0.01484	0.01979	0.04274	0.72245	0.05128	0.02429	0.00990	0.00315	0.00450	0.02204	0.00720	0.00630
79	0.01464	0.01378	0.02326	0.70887	0.05340	0.01723	0.02153	0.01981	0.01550	0.01981	0.01378	0.02067	0.01034	0.00775	0.00775	0.00258	0.01034	0.00689	0.00345	0.00861
80	0.02773	0.03489	0.02216	0.02001	0.02360	0.62697	0.01519	0.02969	0.02093	0.01894	0.01180	0.01429	0.01001	0.00857	0.00890	0.00214	0.08615	0.00518	0.00393	0.00894
81	0.24467	0.01505	0.02132	0.37135	0.16397	0.01751	0.01805	0.02148	0.01523	0.02536	0.01305	0.01797	0.01014	0.00742	0.00686	0.00247	0.00882	0.00609	0.00393	0.00926
82	0.01627	0.02221	0.19004	0.15545	0.06284	0.02078	0.02111	0.02061	0.01399	0.02069	0.01203	0.01764	0.01022	0.01056	0.01661	0.00295	0.36660	0.00655	0.00340	0.00944
83	0.01464	0.01378	0.02326	0.70887	0.05340	0.01723	0.02153	0.01981	0.01550	0.01981	0.01378	0.02067	0.01034	0.00775	0.00775	0.00258	0.01034	0.00689	0.00345	0.00861
84	0.00926	0.00786	0.00799	0.00795	0.01053	0.00659	0.00597	0.01131	0.01790	0.02147	0.10958	0.07375	0.64463	0.01944	0.00916	0.00261	0.00391	0.01624	0.00727	0.00659
85	0.02803	0.02100	0.02246	0.01755	0.02350	0.02337	0.01439	0.56672	0.12537	0.04654	0.02045	0.02007	0.01467	0.00948	0.00778	0.00237	0.00819	0.00723	0.00778	0.01306
86	0.01061	0.00791	0.00986	0.00937	0.01136	0.00716	0.00703	0.01393	0.02109	0.02905	0.55496	0.06128	0.19453	0.01661	0.00915	0.00247	0.00371	0.01449	0.00827	0.00716
87	0.02458	0.01349	0.02066	0.36584	0.03682	0.01435	0.01653	0.02868	0.01880	0.34786	0.02208	0.02349	0.01471	0.00866	0.00777	0.00249	0.00849	0.00734	0.00648	0.01087
88	0.11274	0.01423	0.01783	0.01382	0.01971	0.01329	0.01141	0.09755	0.02267	0.55295	0.02732	0.02417	0.01746	0.00932	0.00748	0.00239	0.00673	0.00734	0.00891	0.01269
89	0.03479	0.01320	0.01799	0.01380	0.01979	0.01140	0.01140	0.03779	0.02219	0.68451	0.03059	0.02639	0.01919	0.00960	0.00780	0.00240	0.00660	0.00780	0.00960	0.01320
90	0.02947	0.02172	0.02327	0.01784	0.02404	0.02404	0.01474	0.65329	0.03646	0.04887	0.01862	0.01862	0.01319	0.00931	0.00776	0.00233	0.00853	0.00698	0.00776	0.01319
91	0.01919	0.01842	0.03147	0.04759	0.67914	0.01842	0.02380	0.02380	0.01765	0.02533	0.01458	0.01919	0.01228	0.00691	0.00768	0.00230	0.00921	0.00691	0.00384	0.01228
92	0.00956	0.00703	0.00900	0.01052	0.01138	0.00647	0.00727	0.01112	0.01544	0.02015	0.04827	0.58775	0.14897	0.02341	0.00982	0.00309	0.00455	0.05262	0.00719	0.00638
93	0.00938	0.00731	0.00852	0.00938	0.01090	0.00645	0.00659	0.01111	0.01645	0.02079	0.08527	0.39365	0.34303	0.02178	0.00952	0.00287	0.00420	0.01907	0.00725	0.00645
94	0.03186	0.01350	0.01780	0.01399	0.01957	0.01225	0.01156	0.09374	0.02330	0.55528	0.06367	0.03052	0.02278	0.01052	0.00802	0.00246	0.00666	0.04070	0.00924	0.01257
95	0.06514	0.14496	0.02437	0.01844	0.02288	0.55814	0.01438	0.02934	0.02056	0.01965	0.01174	0.01367	0.00990	0.00774	0.00657	0.00196	0.01269	0.00482	0.00393	0.00911
96	0.01727	0.01442	0.01545	0.01408	0.01754	0.01634	0.01063	0.03406	0.50346	0.02958	0.08953	0.03501	0.02892	0.12352	0.01296	0.00338	0.00613	0.00964	0.00745	0.01063
97	0.01293	0.00767	0.00917	0.00993	0.01152	0.00757	0.00782	0.01618	0.01678	0.02596	0.06531	0.15596	0.03457	0.01532	0.00782	0.00255	0.00476	0.18723	0.39387	0.00706
98	0.02404	0.02517	0.01955	0.05190	0.02273	0.35984	0.01387	0.11011	0.02141	0.05615	0.01719	0.02271	0.01460	0.01939	0.15149	0.00436	0.01377	0.03756	0.00494	0.00922
99	0.01737	0.01375	0.01975	0.01672	0.01966	0.01578	0.07171	0.14543	0.01815	0.05291	0.01861	0.02490	0.01597	0.03447	0.35964	0.00766	0.12567	0.00786	0.00497	0.00902
100	0.01108	0.00831	0.01246	0.01246	0.01385	0.00969	0.00969	0.01385	0.01246	0.01800	0.02077	0.03046	0.01938	0.05815	0.69678	0.01246	0.02077	0.00831	0.00415	0.00692
101	0.01766	0.01686	0.02871	0.27018	0.46852	0.01802	0.02303	0.02245	0.01693	0.02347	0.01431	0.01969	0.01163	0.00719	0.00770	0.00240	0.00959	0.00690	0.00371	0.01105
102	0.27750	0.12766	0.02146	0.22501	0.02888	0.01949	0.01411	0.08695	0.01755	0.09441	0.01448	0.01703	0.01080	0.00773	0.00633	0.00233	0.00800	0.00565	0.00493	0.00967
103	0.01126	0.00859	0.01302	0.04869	0.01590	0.01008	0.01031	0.01416	0.01262	0.01809	0.02040	0.02995	0.01891	0.05553	0.66093	0.01195	0.02023	0.00823	0.00412	0.00701
104	0.78228	0.01499	0.01140	0.01020	0.01499	0.01739	0.00840	0.02279	0.01320	0.03479	0.01080	0.01260	0.00840	0.00720	0.00480	0.00240	0.00600	0.00420	0.00480	0.00840
105	0.01038	0.00741	0.01006	0.01186	0.01272	0.00710	0.00881	0.01240	0.01576	0.02083	0.04222	0.52868	0.04925	0.02341	0.01014	0.00328	0.00530	0.20663	0.00718	0.00655
106	0.02947	0.02172	0.02327	0.01784	0.02404	0.02404	0.01474	0.65329	0.03646	0.04887	0.01862	0.01862	0.01319	0.00931	0.00776	0.00233	0.00853	0.00698	0.00776	0.01319
107	0.01070	0.00771	0.01034	0.01168	0.01289	0.00735	0.00895	0.01318	0.01709	0.02276	0.14286	0.37794	0.07802	0.02181	0.01002	0.00316	0.00523	0.22416	0.00739	0.00675
108	0.78228	0.01499	0.01140	0.01020	0.01499	0.01739	0.00840	0.02279	0.01320	0.03479	0.01080	0.01260	0.00840	0.00720	0.00480	0.00240	0.00600	0.00420	0.00480	0.00840
109	0.01585	0.01274	0.01498	0.01502	0.01809	0.01404	0.01238	0.02847	0.33730	0.02776	0.03637	0.05857	0.03428	0.01604	0.00932	0.00311	0.00664	0.32186	0.00751	0.00967
110	0.01249	0.00892	0.01249	0.01428	0.01606	0.00892	0.01249	0.01606	0.01785	0.02320	0.04105	0.08746	0.04462	0.02142	0.01071	0.00357	0.00714	0.62695	0.00714	0.00714
111	0.01102	0.00840	0.01044	0.01129	0.01341	0.00782	0.00937	0.01396	0.01817	0.02305	0.11612	0.07954	0.29906	0.02018	0.00994	0.00308	0.00553	0.32539	0.00730	0.00692
112	0.01627	0.01045	0.01287	0.01305	0.01573	0.01079	0.01087	0.02332	0.14212	0.08747	0.03497	0.05833	0.03307	0.01564	0.00879	0.00291	0.00616	0.32145	0.16703	0.00870
113	0.78228	0.01499	0.01140	0.01020	0.01499	0.01739	0.00840	0.02279	0.01320	0.03479	0.01080	0.01260	0.00840	0.00720	0.00480	0.00240	0.00600	0.00420	0.00480	0.00840
114	0.01226	0.00753	0.01130	0.01130	0.01200	0.00823	0.00823	0.01200	0.01130	0.01576	0.01717	0.02706	0.01646	0.04275	0.36786	0.38850	0.01384	0.00753	0.00377	0.00517
115	0.02073	0.73217	0.04063	0.01327	0.01990	0.03068	0.01327	0.02322	0.01575	0.01824	0.01078	0.01244	0.00995	0.00663	0.00498	0.00166	0.00829	0.00415	0.00332	0.00995
116	0.02188	0.14900	0.18938	0.02628	0.18952	0.25070	0.02023	0.02632	0.01849	0.02180	0.01290	0.01561	0.01051	0.00734	0.00692	0.00213	0.01123	0.00551	0.00367	0.01057
117	0.40572	0.01590	0.01512	0.01454	0.05043	0.01828	0.01088	0.03101	0.30263	0.03327	0.02020	0.02017	0.01537	0.00866	0.00631	0.00250	0.00622	0.00636	0.00612	0.01031
118	0.39492	0.01960	0.10915	0.02247	0.15479	0.01767	0.10512	0.02326	0.01551	0.03001	0.03382	0.01704	0.01191	0.00734	0.00647	0.00242	0.00829	0.00596	0.00440	0.00984
119	0.01608	0.01378	0.01608	0.01148	0.01837	0.01034	0.00919	0.01952	0.01608	0.02527	0.01378	0.01608	0.01148	0.00574	0.00574	0.00115	0.00574	0.00459	0.00459	0.77491
120	0.01694	0.01681	0.02986	0.02278	0.02830	0.01677	0.32638	0.02719	0.20235	0.02839	0.16734	0.03144	0.02884	0.00974	0.00879	0.00258	0.00901	0.01013	0.00608	0.01027
121	0.00940	0.00692	0.00882	0.01033	0.01112	0.00634	0.00699	0.01085	0.01529	0.01997	0.04835	0.62079	0.14931	0.02356	0.00978	0.00307	0.00441	0.02115	0.00720	0.00634
122	0.01110	0.00823	0.01205	0.01205	0.01329	0.00947	0.00918	0.01358	0.01234	0.01770	0.02114	0.03254	0.02029	0.12668	0.62949	0.01195	0.01941	0.00861	0.00421	0.00670
123	0.01108	0.00831	0.01246	0.01246	0.01385	0.00969	0.00969	0.01385	0.01246	0.01800	0.02077	0.03046	0.01938	0.05815	0.69678	0.01246	0.02077	0.00831	0.00415	0.00692
124	0.01100	0.00789	0.01006	0.00952	0.01140	0.00726	0.00714	0.01454	0.02141	0.03031	0.60649	0.05782	0.11206	0.01582	0.00899	0.00242	0.00367	0.01389	0.04106	0.00726
125	0.02073	0.73217	0.04063	0.01327	0.01990	0.03068	0.01327	0.02322	0.01575	0.01824	0.01078	0.01244	0.00995	0.00663	0.00498	0.00166	0.00829	0.00415	0.00332	0.00995
126	0.02278	0.55886	0.03598	0.01494	0.02092	0.19664	0.01369	0.02515	0.01730	0.01843	0.01108	0.01282	0.00996	0.00697	0.00548	0.00174	0.00971	0.00436	0.00349	0.00971
127	0.01811	0.38166	0.36817	0.01774	0.02682	0.02426	0.02106	0.02389	0.01607	0.02144	0.01237	0.01443	0.00989	0.00700	0.00619	0.00206	0.00990	0.00495	0.00330	0.01071
128	0.78228	0.01499	0.01140	0.01020	0.01499	0.01739	0.00840	0.02279	0.01320	0.03479	0.01080	0.01260	0.00840	0.00720	0.00480	0.00240	0.00600	0.00420	0.00480	0.00840
129	0.02410	0.01883	0.02018	0.01675	0.02192	0.02117	0.01353	0.34994	0.31407	0.04029	0.02548	0.02666	0.01942	0.01046	0.00796	0.00252	0.00740	0.03904	0.00778	0.01248
130	0.01464	0.01378	0.02326	0.70887	0.05340	0.01723	0.02153	0.01981	0.01550	0.01981	0.01378	0.02067	0.01034	0.00775	0.00775	0.00258	0.01034	0.00689	0.00345	0.00861
131	0.01011	0.00757	0.00954	0.01086	0.01221	0.00700	0.00814	0.01216	0.01632	0.02092	0.05178	0.39745	0.21464	0.02237	0.00990	0.00311	0.00499	0.16717	0.00718	0.00657
132	0.01689	0.01586	0.02459	0.22293	0.25915	0.01705	0.01891	0.02097	0.01586	0.02279	0.01354	0.01859	0.01125	0.00785	0.00984	0.00228	0.11056	0.00637	0.00383	0.18090
133	0.28639	0.01380	0.01577	0.01258	0.01818	0.01341	0.01039	0.03274	0.01916	0.46581	0.02393	0.02175	0.01556	0.00879	0.00679	0.00240	0.00640	0.00659	0.00798	0.01158

[dist]
# distance from previous block
# <min> <max>
0	4

[block]
# block no. 3 follows, 25 sequences, length 75
# corresponding to MSA columns:
# 866-940
name=unknown_D
#
# <colnr> <probs for GDERKNQSTAVLIFYWHMCP>
#	G	D	E	R	K	N	Q	S	T	A	V	L	I	F	Y	W	H	M	C	P
0	0.02064	0.01981	0.02063	0.05091	0.11437	0.14114	0.01362	0.10742	0.02011	0.02703	0.01421	0.01668	0.01149	0.00689	0.00661	0.00169	0.00835	0.00542	0.00475	0.38824
1	0.01481	0.01293	0.02090	0.06409	0.30949	0.01333	0.01634	0.01852	0.01647	0.02313	0.07880	0.10085	0.02594	0.02248	0.16558	0.00485	0.01077	0.06642	0.00493	0.00937
2	0.01128	0.00752	0.00846	0.00846	0.00846	0.00752	0.00470	0.01128	0.01128	0.01503	0.02443	0.05074	0.02819	0.72751	0.03946	0.00752	0.00752	0.01128	0.00470	0.00470
3	0.02816	0.02045	0.02187	0.01691	0.02273	0.02258	0.01392	0.59785	0.03469	0.04712	0.01920	0.01951	0.01377	0.00928	0.00755	0.00228	0.00810	0.00700	0.07432	0.01267
4	0.01097	0.00793	0.01036	0.00975	0.01158	0.00732	0.00732	0.01463	0.02195	0.03109	0.67505	0.05792	0.07316	0.01585	0.00914	0.00244	0.00366	0.01402	0.00854	0.00732
5	0.78228	0.01499	0.01140	0.01020	0.01499	0.01739	0.00840	0.02279	0.01320	0.03479	0.01080	0.01260	0.00840	0.00720	0.00480	0.00240	0.00600	0.00420	0.00480	0.00840
6	0.02947	0.02172	0.02327	0.01784	0.02404	0.02404	0.01474	0.65329	0.03646	0.04887	0.01862	0.01862	0.01319	0.00931	0.00776	0.00233	0.00853	0.00698	0.00776	0.01319
7	0.78228	0.01499	0.01140	0.01020	0.01499	0.01739	0.00840	0.02279	0.01320	0.03479	0.01080	0.01260	0.00840	0.00720	0.00480	0.00240	0.00600	0.00420	0.00480	0.00840
8	0.02947	0.02172	0.02327	0.01784	0.02404	0.02404	0.01474	0.65329	0.03646	0.04887	0.01862	0.01862	0.01319	0.00931	0.00776	0.00233	0.00853	0.00698	0.00776	0.01319
9	0.02033	0.01696	0.01806	0.01598	0.02049	0.01943	0.01261	0.12224	0.54955	0.03420	0.03028	0.03036	0.02327	0.01088	0.00801	0.00263	0.00651	0.03824	0.00784	0.01215
10	0.01109	0.00827	0.01228	0.01228	0.01360	0.00959	0.00946	0.01373	0.01241	0.01786	0.02094	0.03139	0.01979	0.08872	0.66677	0.01224	0.02016	0.00844	0.00418	0.00682
11	0.03479	0.01320	0.01799	0.01380	0.01979	0.01140	0.01140	0.03779	0.02219	0.68451	0.03059	0.02639	0.01919	0.00960	0.00780	0.00240	0.00660	0.00780	0.00960	0.01320
12	0.01108	0.00831	0.01246	0.01246	0.01385	0.00969	0.00969	0.01385	0.01246	0.01800	0.02077	0.03046	0.01938	0.05815	0.69678	0.01246	0.02077	0.00831	0.00415	0.00692
13	0.74842	0.01491	0.01169	0.01036	0.01521	0.01712	0.00853	0.02347	0.01360	0.06422	0.01169	0.01322	0.00889	0.00731	0.00493	0.00240	0.00603	0.00436	0.00502	0.00861
14	0.01080	0.00792	0.01012	0.00957	0.01147	0.00724	0.00718	0.01429	0.02153	0.03009	0.61624	0.05956	0.13259	0.01622	0.00915	0.00246	0.00368	0.01425	0.00840	0.00724
15	0.00942	0.00684	0.00890	0.01054	0.01118	0.00632	0.00708	0.01083	0.01509	0.01989	0.04586	0.66591	0.10580	0.02389	0.00983	0.00310	0.00445	0.02155	0.00720	0.00632
16	0.02073	0.73217	0.04063	0.01327	0.01990	0.03068	0.01327	0.02322	0.01575	0.01824	0.01078	0.01244	0.00995	0.00663	0.00498	0.00166	0.00829	0.00415	0.00332	0.00995
17	0.02321	0.02130	0.02293	0.01896	0.02409	0.13863	0.09886	0.12235	0.33877	0.07052	0.02412	0.02363	0.01793	0.00931	0.00788	0.00246	0.00881	0.00785	0.00676	0.01163
18	0.01921	0.05817	0.02052	0.01749	0.01938	0.23673	0.01382	0.02114	0.01581	0.01880	0.01663	0.11242	0.01690	0.01900	0.10888	0.00407	0.26030	0.00833	0.00420	0.00821
19	0.01174	0.00764	0.01137	0.01152	0.01236	0.00840	0.00848	0.01232	0.01188	0.01664	0.02024	0.08854	0.02018	0.04473	0.41327	0.26724	0.01464	0.00898	0.00416	0.00568
20	0.01545	0.01472	0.02422	0.54403	0.11739	0.01823	0.02117	0.02009	0.01525	0.02026	0.01338	0.02001	0.01053	0.00844	0.01012	0.00266	0.10467	0.00688	0.00348	0.00900
21	0.01456	0.07594	0.10951	0.01467	0.05529	0.01164	0.01188	0.01499	0.01249	0.01726	0.01429	0.02184	0.01323	0.02414	0.10544	0.42206	0.00938	0.00648	0.00353	0.04139
22	0.02073	0.73217	0.04063	0.01327	0.01990	0.03068	0.01327	0.02322	0.01575	0.01824	0.01078	0.01244	0.00995	0.00663	0.00498	0.00166	0.00829	0.00415	0.00332	0.00995
23	0.01019	0.00728	0.00985	0.01165	0.01242	0.00694	0.00849	0.01208	0.01558	0.02062	0.04233	0.56768	0.04966	0.02359	0.01009	0.00325	0.00514	0.16948	0.00718	0.00650
24	0.01962	0.02204	0.15644	0.01731	0.02335	0.01954	0.01592	0.10396	0.46320	0.03258	0.02652	0.02522	0.01968	0.00974	0.00777	0.00256	0.00749	0.00795	0.00692	0.01220
25	0.01884	0.49106	0.03094	0.01239	0.01761	0.02309	0.01152	0.02157	0.01751	0.06127	0.16456	0.05605	0.02677	0.00972	0.00632	0.00195	0.00696	0.00743	0.00506	0.00938
26	0.01843	0.41640	0.27498	0.01634	0.02476	0.02427	0.01854	0.02338	0.01601	0.02116	0.01219	0.01419	0.01004	0.00682	0.00592	0.00191	0.00923	0.00476	0.00341	0.07726
27	0.01555	0.04011	0.68733	0.02210	0.03356	0.01801	0.02865	0.02455	0.01637	0.02455	0.01391	0.01637	0.00982	0.00737	0.00737	0.00246	0.01146	0.00573	0.00327	0.01146
28	0.03479	0.01320	0.01799	0.01380	0.01979	0.01140	0.01140	0.03779	0.02219	0.68451	0.03059	0.02639	0.01919	0.00960	0.00780	0.00240	0.00660	0.00780	0.00960	0.01320
29	0.00959	0.00787	0.00844	0.00830	0.01073	0.00673	0.00623	0.01195	0.01868	0.02333	0.21885	0.07069	0.53421	0.01875	0.00916	0.00258	0.00386	0.01581	0.00751	0.00673
30	0.01893	0.31921	0.34207	0.01988	0.07330	0.02286	0.02113	0.02465	0.01651	0.05648	0.01355	0.01549	0.01054	0.00715	0.00644	0.00212	0.00975	0.00528	0.00366	0.01099
31	0.00945	0.00675	0.00900	0.01080	0.01125	0.00630	0.00720	0.01080	0.01484	0.01979	0.04274	0.72245	0.05128	0.02429	0.00990	0.00315	0.00450	0.02204	0.00720	0.00630
32	0.78228	0.01499	0.01140	0.01020	0.01499	0.01739	0.00840	0.02279	0.01320	0.03479	0.01080	0.01260	0.00840	0.00720	0.00480	0.00240	0.00600	0.00420	0.00480	0.00840
33	0.01631	0.01503	0.02452	0.16573	0.38631	0.01573	0.01933	0.02125	0.05045	0.02349	0.02113	0.16518	0.02055	0.01085	0.00816	0.00255	0.00829	0.01013	0.00467	0.01034
34	0.01787	0.01772	0.02351	0.53198	0.07999	0.10931	0.02028	0.06693	0.01799	0.02207	0.01393	0.01955	0.01059	0.00785	0.00765	0.00247	0.01064	0.00664	0.00385	0.00918
35	0.03479	0.01320	0.01799	0.01380	0.01979	0.01140	0.01140	0.03779	0.02219	0.68451	0.03059	0.02639	0.01919	0.00960	0.00780	0.00240	0.00660	0.00780	0.00960	0.01320
36	0.00916	0.00785	0.00785	0.00785	0.01047	0.00655	0.00589	0.01113	0.01767	0.02095	0.07855	0.07462	0.67599	0.01964	0.00916	0.00262	0.00393	0.01636	0.00720	0.00655
37	0.01316	0.00870	0.01275	0.01238	0.01410	0.00974	0.00960	0.01581	0.01325	0.07602	0.02180	0.03108	0.01979	0.08623	0.60492	0.01134	0.01889	0.00841	0.00465	0.00736
38	0.08403	0.01761	0.02721	0.02201	0.02405	0.02234	0.14711	0.02030	0.01332	0.02134	0.01137	0.01740	0.01035	0.01156	0.02028	0.00315	0.50702	0.00705	0.00362	0.00888
39	0.03479	0.01320	0.01799	0.01380	0.01979	0.01140	0.01140	0.03779	0.02219	0.68451	0.03059	0.02639	0.01919	0.00960	0.00780	0.00240	0.00660	0.00780	0.00960	0.01320
40	0.02114	0.01576	0.01712	0.01512	0.01960	0.01768	0.01184	0.03969	0.54948	0.11943	0.03114	0.02859	0.02290	0.01033	0.00776	0.00256	0.00608	0.00857	0.04304	0.01216
41	0.01575	0.01518	0.02142	0.01873	0.01901	0.02085	0.01546	0.01767	0.01200	0.01852	0.01236	0.01975	0.01208	0.02277	0.16405	0.00526	0.57033	0.00710	0.00355	0.00816
42	0.01464	0.01378	0.02326	0.70887	0.05340	0.01723	0.02153	0.01981	0.01550	0.01981	0.01378	0.02067	0.01034	0.00775	0.00775	0.00258	0.01034	0.00689	0.00345	0.00861
43	0.02073	0.73217	0.04063	0.01327	0.01990	0.03068	0.01327	0.02322	0.01575	0.01824	0.01078	0.01244	0.00995	0.00663	0.00498	0.00166	0.00829	0.00415	0.00332	0.00995
44	0.03350	0.01525	0.01927	0.01477	0.02082	0.01445	0.01220	0.18650	0.02564	0.53093	0.02770	0.02451	0.01774	0.00953	0.00779	0.00238	0.00707	0.00760	0.00915	0.01319
45	0.01465	0.00910	0.01324	0.01298	0.01508	0.00979	0.01044	0.01760	0.01480	0.11233	0.02580	0.04016	0.02390	0.04473	0.47663	0.00945	0.01633	0.11969	0.00545	0.00784
46	0.02947	0.02172	0.02327	0.01784	0.02404	0.02404	0.01474	0.65329	0.03646	0.04887	0.01862	0.01862	0.01319	0.00931	0.00776	0.00233	0.00853	0.00698	0.00776	0.01319
47	0.78228	0.01499	0.01140	0.01020	0.01499	0.01739	0.00840	0.02279	0.01320	0.03479	0.01080	0.01260	0.00840	0.00720	0.00480	0.00240	0.00600	0.00420	0.00480	0.00840
48	0.71881	0.01556	0.01240	0.01084	0.01576	0.01795	0.00893	0.07594	0.01516	0.03597	0.01146	0.01310	0.00880	0.00738	0.00505	0.00239	0.00621	0.00443	0.00505	0.00880
49	0.01011	0.00757	0.00881	0.00928	0.01082	0.00689	0.00662	0.01138	0.01548	0.01937	0.05469	0.20005	0.35131	0.10551	0.04283	0.07111	0.00558	0.05012	0.00645	0.00605
50	0.02061	0.02052	0.01384	0.01295	0.01578	0.31459	0.00971	0.02340	0.01889	0.02400	0.02256	0.02500	0.05489	0.00921	0.00635	0.00194	0.00826	0.00678	0.38275	0.00797
51	0.02601	0.03217	0.02224	0.16220	0.03005	0.55616	0.01633	0.02866	0.02064	0.01915	0.01236	0.01536	0.01006	0.00794	0.00715	0.00212	0.01323	0.00539	0.00388	0.00891
52	0.01048	0.00755	0.00992	0.01009	0.01148	0.00699	0.00728	0.01340	0.01966	0.02746	0.47178	0.27154	0.06613	0.01856	0.00939	0.00267	0.00393	0.01660	0.00811	0.00699
53	0.01110	0.00821	0.01197	0.01197	0.01318	0.00942	0.00907	0.01353	0.01231	0.01763	0.02122	0.03297	0.02047	0.14106	0.61537	0.01185	0.01913	0.00868	0.00422	0.00665
54	0.01210	0.01053	0.01390	0.01352	0.01438	0.01233	0.01046	0.01388	0.01482	0.02018	0.05889	0.29913	0.16752	0.01934	0.01495	0.00312	0.24072	0.04710	0.00597	0.00715
55	0.01108	0.00785	0.00937	0.00946	0.01049	0.00753	0.00652	0.01269	0.01556	0.02074	0.18885	0.06057	0.12814	0.36855	0.02433	0.00512	0.00607	0.09491	0.00627	0.00590
56	0.01915	0.01824	0.02974	0.04078	0.51825	0.01865	0.05934	0.02709	0.13807	0.02662	0.01781	0.02110	0.01437	0.00756	0.00780	0.00238	0.00887	0.00739	0.00460	0.01217
57	0.01730	0.01965	0.15224	0.01869	0.11256	0.01303	0.01519	0.02199	0.01665	0.05682	0.01473	0.01706	0.01163	0.00641	0.00643	0.00163	0.00740	0.00529	0.00447	0.48083
58	0.01867	0.36800	0.25430	0.01770	0.02574	0.02434	0.05661	0.02602	0.09779	0.02253	0.01474	0.01634	0.01174	0.00736	0.00639	0.00210	0.00937	0.00556	0.00391	0.01078
59	0.78228	0.01499	0.01140	0.01020	0.01499	0.01739	0.00840	0.02279	0.01320	0.03479	0.01080	0.01260	0.00840	0.00720	0.00480	0.00240	0.00600	0.00420	0.00480	0.00840
60	0.01223	0.00736	0.01025	0.01025	0.01061	0.00772	0.00693	0.01140	0.01104	0.01508	0.01844	0.03300	0.01914	0.23229	0.20526	0.36138	0.01058	0.00842	0.00395	0.00466
61	0.01576	0.01688	0.08250	0.19180	0.22958	0.01562	0.07720	0.02155	0.04452	0.02555	0.17130	0.02901	0.02641	0.00938	0.00816	0.00246	0.00859	0.00877	0.00498	0.00999
62	0.01698	0.01613	0.02566	0.03106	0.31122	0.01836	0.04862	0.02002	0.01469	0.02140	0.01479	0.02327	0.01402	0.10707	0.05091	0.00385	0.24080	0.00762	0.00383	0.00968
63	0.01026	0.00790	0.00937	0.00900	0.01114	0.00701	0.00675	0.01324	0.02025	0.02707	0.43870	0.06454	0.31202	0.01735	0.00915	0.00251	0.00376	0.01495	0.00801	0.00701
64	0.11756	0.01424	0.01887	0.01590	0.01818	0.01694	0.05733	0.07458	0.01756	0.02728	0.20334	0.03061	0.02951	0.05540	0.01613	0.00308	0.26049	0.00898	0.00556	0.00847
65	0.06171	0.16441	0.02501	0.04037	0.02178	0.02146	0.01403	0.15620	0.02066	0.20045	0.01756	0.01877	0.01304	0.00970	0.01131	0.00248	0.17765	0.00643	0.00598	0.01100
66	0.08829	0.01219	0.01866	0.01623	0.05302	0.01140	0.15898	0.01660	0.01791	0.02471	0.12764	0.05091	0.34462	0.01420	0.00865	0.00256	0.00652	0.01268	0.00618	0.00804
