[name]
unknown

[dist]
# distance from previous block
# <min> <max>
0	147

[block]
# block no. 0 follows, 27 sequences, length 22
# corresponding to MSA columns:
# 147-168
name=unknown_A
#
# <colnr> <probs for GDERKNQSTAVLIFYWHMCP>
#	G	D	E	R	K	N	Q	S	T	A	V	L	I	F	Y	W	H	M	C	P
0	0.07987	0.01373	0.01664	0.10139	0.02228	0.01508	0.01344	0.23771	0.02250	0.03104	0.02650	0.04782	0.02572	0.01388	0.00850	0.00281	0.00758	0.29802	0.00642	0.00907
1	0.01860	0.01458	0.02057	0.39707	0.03690	0.01603	0.01638	0.14282	0.01928	0.08316	0.01544	0.01908	0.01134	0.00750	0.00707	0.00216	0.00845	0.00628	0.00478	0.15251
2	0.33285	0.32052	0.02438	0.01208	0.01764	0.02245	0.01090	0.10212	0.01687	0.06489	0.01229	0.01343	0.00979	0.00704	0.00517	0.00199	0.00699	0.00452	0.00460	0.00948
3	0.02411	0.31327	0.06630	0.01554	0.02192	0.02527	0.01428	0.37212	0.02585	0.03368	0.01455	0.01532	0.01120	0.00778	0.00633	0.00198	0.00823	0.00552	0.00548	0.01128
4	0.54493	0.01990	0.01598	0.01375	0.01839	0.18450	0.06200	0.02387	0.01506	0.02888	0.01099	0.01302	0.00867	0.00702	0.00543	0.00222	0.00813	0.00458	0.00434	0.00833
5	0.01062	0.00788	0.01156	0.01156	0.01276	0.00908	0.00882	0.01302	0.01182	0.01696	0.02023	0.03105	0.01938	0.12204	0.64444	0.01147	0.01865	0.00823	0.00403	0.00642
6	0.01985	0.74357	0.03890	0.01270	0.01905	0.02937	0.01270	0.02223	0.01508	0.01747	0.01032	0.01191	0.00953	0.00635	0.00476	0.00159	0.00794	0.00397	0.00318	0.00953
7	0.01495	0.01447	0.02246	0.42729	0.03788	0.01911	0.01878	0.01851	0.01339	0.01851	0.01175	0.01830	0.00983	0.00976	0.01452	0.00280	0.30967	0.00656	0.00328	0.00819
8	0.01772	0.01878	0.02358	0.02003	0.02088	0.10683	0.04845	0.01961	0.01286	0.01820	0.01022	0.01608	0.00980	0.01200	0.02141	0.00305	0.60248	0.00640	0.00334	0.00827
9	0.00877	0.00752	0.00752	0.00752	0.01003	0.00627	0.00564	0.01065	0.01692	0.02005	0.07520	0.07144	0.68978	0.01880	0.00877	0.00251	0.00376	0.01567	0.00689	0.00627
10	0.02058	0.01649	0.01760	0.01530	0.01983	0.01876	0.01205	0.13020	0.55490	0.06502	0.02838	0.02615	0.02101	0.00986	0.00753	0.00247	0.00623	0.00810	0.00761	0.01192
11	0.00907	0.00753	0.00794	0.00783	0.01021	0.00639	0.00588	0.01123	0.01763	0.02173	0.18119	0.06868	0.58275	0.01818	0.00877	0.00248	0.00372	0.01528	0.00711	0.00639
12	0.01080	0.00720	0.00810	0.00810	0.00810	0.00720	0.00450	0.01080	0.01080	0.01439	0.02339	0.04858	0.02699	0.73910	0.03779	0.00720	0.00720	0.01080	0.00450	0.00450
13	0.02822	0.02079	0.02228	0.01708	0.02302	0.02302	0.01411	0.66804	0.03490	0.04679	0.01782	0.01782	0.01262	0.00891	0.00743	0.00223	0.00817	0.00668	0.00743	0.01262
14	0.01539	0.01319	0.01539	0.01100	0.01759	0.00990	0.00880	0.01869	0.01539	0.02419	0.01319	0.01539	0.01100	0.00550	0.00550	0.00110	0.00550	0.00440	0.00440	0.78449
15	0.01809	0.11074	0.34713	0.02268	0.03150	0.01851	0.22958	0.02468	0.01674	0.08839	0.01507	0.01757	0.01089	0.00692	0.00738	0.00231	0.01067	0.00656	0.00393	0.01066
16	0.79154	0.01436	0.01091	0.00976	0.01436	0.01665	0.00804	0.02182	0.01263	0.03331	0.01034	0.01206	0.00804	0.00689	0.00459	0.00230	0.00574	0.00402	0.00459	0.00804
17	0.01444	0.01363	0.02303	0.65565	0.11344	0.01660	0.02083	0.01934	0.01504	0.01948	0.01327	0.01965	0.01008	0.00734	0.00742	0.00245	0.00979	0.00660	0.00334	0.00859
18	0.00904	0.00646	0.00861	0.01034	0.01077	0.00603	0.00689	0.01034	0.01421	0.01895	0.04092	0.73426	0.04910	0.02326	0.00948	0.00301	0.00431	0.02110	0.00689	0.00603
19	0.01062	0.00790	0.01165	0.01165	0.01287	0.00913	0.00893	0.01307	0.01185	0.01702	0.02014	0.03060	0.01918	0.10632	0.65989	0.01158	0.01894	0.00816	0.00402	0.00647
20	0.01752	0.02003	0.04380	0.03129	0.03880	0.01877	0.66583	0.02378	0.01752	0.02378	0.01502	0.02003	0.01126	0.00626	0.00876	0.00250	0.01252	0.00876	0.00375	0.01001
21	0.00955	0.00772	0.00861	0.00888	0.01116	0.00678	0.00699	0.01189	0.01735	0.02141	0.12789	0.07225	0.50527	0.01878	0.00906	0.00267	0.00433	0.13596	0.00701	0.00645

[dist]
# distance from previous block
# <min> <max>
0	13

[block]
# block no. 1 follows, 27 sequences, length 8
# corresponding to MSA columns:
# 182-189
name=unknown_B
#
# <colnr> <probs for GDERKNQSTAVLIFYWHMCP>
#	G	D	E	R	K	N	Q	S	T	A	V	L	I	F	Y	W	H	M	C	P
0	0.01489	0.03840	0.70064	0.02116	0.03213	0.01724	0.02743	0.02351	0.01567	0.02351	0.01332	0.01567	0.00940	0.00705	0.00705	0.00235	0.01097	0.00549	0.00313	0.01097
1	0.01061	0.00795	0.01193	0.01193	0.01326	0.00928	0.00928	0.01326	0.01193	0.01723	0.01988	0.02916	0.01856	0.05568	0.70968	0.01193	0.01988	0.00795	0.00398	0.00663
2	0.02976	0.01159	0.01535	0.01206	0.01707	0.01018	0.00987	0.03274	0.02021	0.57584	0.02836	0.02571	0.01850	0.00909	0.00705	0.00219	0.00580	0.00737	0.14966	0.01159
3	0.01052	0.00730	0.00836	0.00836	0.00879	0.00726	0.00506	0.01099	0.01168	0.01537	0.02975	0.04984	0.11147	0.58725	0.09230	0.00700	0.00786	0.01118	0.00476	0.00491
4	0.01880	0.01917	0.02743	0.16989	0.48180	0.10990	0.02124	0.02298	0.01707	0.02244	0.01349	0.01798	0.01111	0.00691	0.00728	0.00222	0.00963	0.00637	0.00362	0.01067
5	0.03080	0.01190	0.01590	0.01240	0.01763	0.01040	0.01018	0.03375	0.02052	0.61177	0.02864	0.02558	0.01846	0.00912	0.00717	0.00222	0.00595	0.00740	0.10832	0.01190
6	0.02668	0.01117	0.01510	0.01208	0.01667	0.00978	0.00978	0.02973	0.02118	0.50363	0.22110	0.03405	0.03340	0.01093	0.00784	0.00231	0.00550	0.00920	0.00889	0.01100
7	0.01953	0.02008	0.03174	0.03499	0.34910	0.09391	0.20915	0.06828	0.01880	0.02491	0.01546	0.02136	0.01289	0.00744	0.00783	0.00232	0.01027	0.03709	0.00412	0.01073

[dist]
# distance from previous block
# <min> <max>
0	2

[block]
# block no. 2 follows, 27 sequences, length 89
# corresponding to MSA columns:
# 192-280
name=unknown_C
#
# <colnr> <probs for GDERKNQSTAVLIFYWHMCP>
#	G	D	E	R	K	N	Q	S	T	A	V	L	I	F	Y	W	H	M	C	P
0	0.02281	0.01855	0.06631	0.01499	0.02000	0.01839	0.01262	0.44357	0.02731	0.03714	0.01863	0.02401	0.01539	0.15371	0.01328	0.00316	0.00791	0.00733	0.03181	0.04307
1	0.57639	0.01650	0.01314	0.01166	0.01620	0.06944	0.00939	0.05671	0.11813	0.03247	0.01388	0.01487	0.01065	0.00754	0.00535	0.00230	0.00646	0.00489	0.00514	0.00888
2	0.01073	0.00916	0.01561	0.01450	0.01634	0.00856	0.13782	0.01301	0.01487	0.01991	0.03577	0.59234	0.04158	0.01988	0.00933	0.00291	0.00594	0.01865	0.00627	0.00682
3	0.01659	0.01406	0.01516	0.01416	0.01761	0.01599	0.01078	0.03366	0.54722	0.02865	0.03234	0.16809	0.02791	0.01269	0.00794	0.00262	0.00556	0.01092	0.00742	0.01061
4	0.13635	0.01619	0.01706	0.01369	0.01854	0.01742	0.01116	0.37658	0.02692	0.08381	0.09439	0.02838	0.10680	0.01057	0.00733	0.00229	0.00663	0.00822	0.00714	0.01054
5	0.01034	0.00758	0.00969	0.00916	0.01099	0.00693	0.00687	0.01369	0.02062	0.02884	0.62996	0.05699	0.12954	0.01552	0.00876	0.00235	0.00353	0.01364	0.00805	0.00693
6	0.20866	0.01337	0.01598	0.01257	0.01806	0.01275	0.01038	0.05935	0.01983	0.51674	0.02442	0.02190	0.01574	0.00864	0.00680	0.00229	0.00626	0.00663	0.00805	0.01157
7	0.01057	0.00767	0.01008	0.01020	0.01186	0.00718	0.00791	0.01376	0.01937	0.02674	0.46635	0.12705	0.09417	0.01720	0.00912	0.00262	0.00426	0.13934	0.00772	0.00684
8	0.01488	0.01408	0.02383	0.58700	0.17862	0.01672	0.02105	0.01973	0.01525	0.02002	0.01335	0.01951	0.01027	0.00726	0.00741	0.00242	0.00968	0.00660	0.00337	0.00894
9	0.79154	0.01436	0.01091	0.00976	0.01436	0.01665	0.00804	0.02182	0.01263	0.03331	0.01034	0.01206	0.00804	0.00689	0.00459	0.00230	0.00574	0.00402	0.00459	0.00804
10	0.02105	0.01749	0.02502	0.08178	0.40237	0.06352	0.01857	0.05585	0.06466	0.12395	0.01933	0.02152	0.03560	0.00787	0.00739	0.00225	0.00844	0.00704	0.00502	0.01129
11	0.02102	0.38470	0.10689	0.01847	0.08761	0.16114	0.01569	0.05351	0.04991	0.02092	0.01255	0.01430	0.01052	0.00701	0.00591	0.00187	0.00936	0.00490	0.00375	0.00997
12	0.02196	0.01627	0.01725	0.01395	0.01861	0.01761	0.01129	0.41164	0.08952	0.03804	0.03104	0.03042	0.14877	0.01096	0.00748	0.00226	0.00659	0.00865	0.08701	0.01069
13	0.02345	0.01181	0.01423	0.01178	0.01588	0.01155	0.00943	0.09422	0.09668	0.30565	0.10686	0.02904	0.02470	0.00985	0.00706	0.00218	0.00540	0.00808	0.20172	0.01042
14	0.01353	0.00811	0.01045	0.00953	0.01175	0.00745	0.00727	0.01696	0.02046	0.10768	0.54021	0.04893	0.05851	0.01377	0.00822	0.00227	0.00383	0.01203	0.09139	0.00765
15	0.01506	0.00847	0.01096	0.01008	0.01215	0.00782	0.00743	0.01750	0.01816	0.15805	0.33768	0.09681	0.04763	0.17510	0.01504	0.00350	0.00508	0.03859	0.00741	0.00749
16	0.01016	0.00757	0.00945	0.00898	0.01088	0.00686	0.00673	0.01334	0.02020	0.02784	0.56694	0.05863	0.19318	0.01590	0.00876	0.00237	0.00355	0.01387	0.00792	0.00686
17	0.02040	0.01691	0.01788	0.01550	0.02004	0.01937	0.01222	0.16435	0.55133	0.03418	0.02775	0.02574	0.02067	0.00984	0.00753	0.00246	0.00633	0.00805	0.00753	0.01192
18	0.01752	0.02003	0.04380	0.03129	0.03880	0.01877	0.66583	0.02378	0.01752	0.02378	0.01502	0.02003	0.01126	0.00626	0.00876	0.00250	0.01252	0.00876	0.00375	0.01001
19	0.01796	0.01721	0.02938	0.11043	0.63119	0.01753	0.02258	0.02242	0.01671	0.02375	0.01389	0.01851	0.01158	0.00669	0.00736	0.00223	0.00892	0.00661	0.00364	0.01142
20	0.01837	0.01764	0.03013	0.04557	0.69279	0.01764	0.02278	0.02278	0.01690	0.02425	0.01396	0.01837	0.01176	0.00661	0.00735	0.00220	0.00882	0.00661	0.00367	0.01176
21	0.01039	0.00758	0.00976	0.00921	0.01102	0.00695	0.00691	0.01378	0.02073	0.02909	0.64614	0.05657	0.11321	0.01543	0.00876	0.00235	0.00352	0.01358	0.00808	0.00695
22	0.01648	0.01525	0.02196	0.01631	0.02263	0.01356	0.15489	0.02394	0.14780	0.02546	0.01698	0.01886	0.01337	0.00657	0.00663	0.00169	0.00713	0.00616	0.00488	0.45944
23	0.01985	0.74357	0.03890	0.01270	0.01905	0.02937	0.01270	0.02223	0.01508	0.01747	0.01032	0.01191	0.00953	0.00635	0.00476	0.00159	0.00794	0.00397	0.00318	0.00953
24	0.01835	0.01924	0.02492	0.33272	0.28202	0.15457	0.02017	0.02250	0.01683	0.02076	0.01314	0.01800	0.01052	0.00717	0.00725	0.00226	0.01019	0.00624	0.00354	0.00961
25	0.01218	0.00897	0.01095	0.01154	0.01294	0.00909	0.00816	0.09724	0.06321	0.02339	0.03719	0.59259	0.04255	0.02049	0.00908	0.00288	0.00491	0.01836	0.00701	0.00728
26	0.00939	0.00768	0.00837	0.00860	0.01093	0.00667	0.00671	0.01162	0.01723	0.02107	0.11278	0.07222	0.54638	0.01881	0.00900	0.00264	0.00422	0.11230	0.00697	0.00641
27	0.01770	0.49431	0.20372	0.01452	0.02160	0.02415	0.01589	0.02176	0.01580	0.02018	0.07622	0.01704	0.01531	0.00738	0.00573	0.00185	0.00828	0.00526	0.00364	0.00965
28	0.01408	0.01207	0.01383	0.01031	0.01609	0.00918	0.00817	0.01710	0.01570	0.02337	0.02552	0.02653	0.14587	0.00814	0.00615	0.00138	0.00515	0.00664	0.00489	0.62986
29	0.02224	0.26304	0.08149	0.06615	0.06172	0.02268	0.01521	0.21653	0.08356	0.07467	0.01634	0.01726	0.01242	0.00780	0.00651	0.00207	0.00813	0.00588	0.00529	0.01102
30	0.02822	0.02079	0.02228	0.01708	0.02302	0.02302	0.01411	0.66804	0.03490	0.04679	0.01782	0.01782	0.01262	0.00891	0.00743	0.00223	0.00817	0.00668	0.00743	0.01262
31	0.01051	0.00759	0.00992	0.00934	0.01109	0.00700	0.00700	0.01401	0.02101	0.02977	0.68888	0.05545	0.07005	0.01518	0.00876	0.00233	0.00350	0.01343	0.00817	0.00700
32	0.02009	0.01675	0.01770	0.01544	0.01992	0.01922	0.01214	0.14394	0.57225	0.03367	0.02816	0.02606	0.02099	0.00988	0.00753	0.00247	0.00626	0.00811	0.00753	0.01190
33	0.02452	0.02859	0.02164	0.01904	0.02198	0.45034	0.01486	0.08627	0.01960	0.02077	0.01158	0.01461	0.00990	0.00928	0.01177	0.00232	0.21464	0.00545	0.00400	0.00885
34	0.00935	0.00722	0.00854	0.00890	0.01056	0.00640	0.00641	0.01151	0.01726	0.02248	0.23932	0.26940	0.31773	0.01913	0.00898	0.00261	0.00385	0.01669	0.00726	0.00640
35	0.01101	0.00792	0.01015	0.00998	0.01043	0.00870	0.00672	0.01199	0.01121	0.01554	0.02150	0.04033	0.02324	0.46993	0.26500	0.00860	0.04846	0.00961	0.00426	0.00541
36	0.01772	0.01863	0.03044	0.22617	0.24290	0.08379	0.20240	0.02253	0.01685	0.02206	0.01378	0.01866	0.01086	0.00680	0.00764	0.00230	0.01049	0.00697	0.00363	0.03537
37	0.00909	0.00742	0.00804	0.00813	0.01028	0.00636	0.00600	0.01118	0.01731	0.02155	0.17354	0.14012	0.51779	0.01868	0.00885	0.00253	0.00378	0.01588	0.00711	0.00636
38	0.01902	0.01622	0.01710	0.01522	0.01951	0.01872	0.01188	0.07508	0.64284	0.03195	0.02951	0.02714	0.02209	0.01001	0.00755	0.00250	0.00601	0.00830	0.00755	0.01180
39	0.01977	0.32611	0.02755	0.01353	0.01958	0.01954	0.04463	0.02267	0.01590	0.10782	0.01394	0.01546	0.01126	0.00680	0.00667	0.00166	0.04783	0.00495	0.00439	0.26994
40	0.01695	0.01937	0.15086	0.02745	0.26476	0.01671	0.01900	0.04198	0.01578	0.05743	0.01691	0.08681	0.01532	0.01321	0.06023	0.00321	0.15182	0.00790	0.00422	0.01005
41	0.00922	0.00746	0.00819	0.00817	0.01034	0.00643	0.00607	0.01146	0.01774	0.02238	0.22468	0.11406	0.49138	0.01822	0.00882	0.00250	0.00373	0.01549	0.00721	0.00643
42	0.73827	0.01424	0.01135	0.01000	0.01468	0.01625	0.00824	0.02283	0.01324	0.08000	0.01167	0.01299	0.00877	0.00705	0.00480	0.00230	0.00578	0.00426	0.00492	0.00836
43	0.01630	0.00792	0.00901	0.00830	0.01065	0.00755	0.00638	0.01967	0.01735	0.13179	0.13551	0.03192	0.02741	0.00982	0.00613	0.00192	0.00391	0.00809	0.53255	0.00782
44	0.01018	0.00683	0.00870	0.00954	0.01053	0.00643	0.00666	0.01240	0.01625	0.02321	0.21259	0.44266	0.05009	0.01883	0.00862	0.00263	0.00396	0.01685	0.12660	0.00643
45	0.01337	0.00858	0.01161	0.01223	0.01432	0.00820	0.01024	0.01654	0.01806	0.08818	0.16246	0.10565	0.08982	0.01845	0.00956	0.00302	0.00582	0.38923	0.00732	0.00734
46	0.01846	0.01595	0.01679	0.01511	0.01930	0.01846	0.01175	0.03945	0.67938	0.03105	0.03022	0.02770	0.02266	0.01007	0.00755	0.00252	0.00588	0.00839	0.00755	0.01175
47	0.79154	0.01436	0.01091	0.00976	0.01436	0.01665	0.00804	0.02182	0.01263	0.03331	0.01034	0.01206	0.00804	0.00689	0.00459	0.00230	0.00574	0.00402	0.00459	0.00804
48	0.01275	0.00872	0.01122	0.01187	0.01369	0.00846	0.00900	0.01680	0.08424	0.06896	0.03719	0.41792	0.04073	0.01934	0.00912	0.00291	0.00528	0.16790	0.00698	0.04693
49	0.01424	0.01249	0.01932	0.01611	0.01992	0.01265	0.14018	0.04968	0.09668	0.02309	0.02626	0.03475	0.07720	0.02598	0.24367	0.00561	0.01189	0.07674	0.00513	0.08841
50	0.03227	0.01287	0.01720	0.01334	0.01898	0.01144	0.01097	0.03641	0.06747	0.65110	0.02935	0.02544	0.01868	0.00925	0.00747	0.00231	0.00629	0.00753	0.00907	0.01257
51	0.01985	0.74357	0.03890	0.01270	0.01905	0.02937	0.01270	0.02223	0.01508	0.01747	0.01032	0.01191	0.00953	0.00635	0.00476	0.00159	0.00794	0.00397	0.00318	0.00953
52	0.05889	0.01291	0.01420	0.01163	0.01569	0.01336	0.00938	0.22894	0.02280	0.17674	0.02261	0.02329	0.01634	0.00877	0.00636	0.00204	0.00568	0.00683	0.33356	0.01001
53	0.01606	0.01492	0.02439	0.13412	0.39991	0.01594	0.01901	0.02010	0.01665	0.02351	0.10788	0.02747	0.02121	0.00937	0.00936	0.00244	0.07693	0.04639	0.00439	0.00995
54	0.02737	0.01489	0.01778	0.01431	0.01950	0.01512	0.01159	0.15848	0.20089	0.36447	0.05497	0.02575	0.02058	0.00962	0.00754	0.00234	0.00644	0.00781	0.00836	0.01216
55	0.01717	0.01609	0.03271	0.02450	0.03017	0.01520	0.43390	0.02207	0.01694	0.08725	0.02080	0.09829	0.01820	0.01413	0.08126	0.00356	0.01155	0.04212	0.00478	0.00934
56	0.01201	0.00794	0.01030	0.00951	0.01158	0.00724	0.00720	0.01538	0.02080	0.07616	0.60774	0.05424	0.10155	0.01496	0.00867	0.00234	0.00371	0.01313	0.00817	0.00736
57	0.01867	0.11389	0.03779	0.02577	0.03241	0.06819	0.44428	0.02619	0.11044	0.02360	0.01630	0.01959	0.01252	0.00690	0.00793	0.00235	0.01105	0.00781	0.00422	0.01010
58	0.01402	0.01319	0.02227	0.72126	0.05113	0.01649	0.02062	0.01897	0.01484	0.01897	0.01319	0.01979	0.00990	0.00742	0.00742	0.00247	0.00990	0.00660	0.00330	0.00825
59	0.01776	0.00875	0.01183	0.01152	0.01389	0.00788	0.00857	0.01972	0.01684	0.25882	0.03673	0.45050	0.03793	0.01815	0.00881	0.00278	0.00515	0.04828	0.00770	0.00840
60	0.01402	0.01319	0.02227	0.72126	0.05113	0.01649	0.02062	0.01897	0.01484	0.01897	0.01319	0.01979	0.00990	0.00742	0.00742	0.00247	0.00990	0.00660	0.00330	0.00825
61	0.01195	0.01482	0.15083	0.01495	0.01856	0.01143	0.05878	0.01592	0.01301	0.01881	0.01840	0.02675	0.01662	0.07436	0.48957	0.00914	0.01701	0.00765	0.00382	0.00763
62	0.01558	0.03427	0.56741	0.02601	0.16340	0.01732	0.02651	0.02337	0.01592	0.02366	0.01345	0.01621	0.00987	0.00697	0.00711	0.00232	0.01054	0.00571	0.00324	0.01113
63	0.03331	0.01263	0.01723	0.01321	0.01895	0.01091	0.01091	0.03618	0.02125	0.69794	0.02929	0.02527	0.01838	0.00919	0.00747	0.00230	0.00632	0.00747	0.00919	0.01263
64	0.13737	0.01483	0.01742	0.01494	0.01719	0.04009	0.01223	0.06508	0.01584	0.08861	0.06282	0.02647	0.10778	0.01216	0.01482	0.00274	0.32809	0.00785	0.00514	0.00855
65	0.01792	0.16024	0.39265	0.02235	0.09350	0.10883	0.05886	0.02402	0.01649	0.02183	0.01271	0.01522	0.00978	0.00692	0.00673	0.00215	0.01062	0.00542	0.00332	0.01043
66	0.01108	0.00723	0.00910	0.00910	0.00936	0.00750	0.00575	0.01111	0.01085	0.01473	0.02107	0.04071	0.02314	0.49323	0.16993	0.12802	0.00960	0.00956	0.00420	0.00472
67	0.01840	0.02573	0.31649	0.10504	0.20972	0.01701	0.02253	0.06111	0.03942	0.09062	0.01585	0.01832	0.01159	0.00739	0.00725	0.00232	0.00949	0.00627	0.00428	0.01116
68	0.01918	0.01479	0.01452	0.01287	0.01471	0.13788	0.00937	0.02035	0.01482	0.15143	0.02030	0.03258	0.01946	0.34943	0.02405	0.00466	0.11871	0.00838	0.00512	0.00742
69	0.01854	0.12984	0.03245	0.03949	0.54287	0.01953	0.06641	0.02277	0.01667	0.02317	0.01348	0.01749	0.01138	0.00655	0.00705	0.00213	0.00894	0.00636	0.00360	0.01129
70	0.01277	0.01108	0.01232	0.01196	0.01311	0.08465	0.00878	0.01453	0.01256	0.01655	0.01951	0.03243	0.01960	0.24457	0.40927	0.00909	0.04850	0.00836	0.00408	0.00630
71	0.79154	0.01436	0.01091	0.00976	0.01436	0.01665	0.00804	0.02182	0.01263	0.03331	0.01034	0.01206	0.00804	0.00689	0.00459	0.00230	0.00574	0.00402	0.00459	0.00804
72	0.01061	0.00795	0.01193	0.01193	0.01326	0.00928	0.00928	0.01326	0.01193	0.01723	0.01988	0.02916	0.01856	0.05568	0.70968	0.01193	0.01988	0.00795	0.00398	0.00663
73	0.02114	0.15150	0.11377	0.02093	0.14848	0.05414	0.01606	0.15199	0.02025	0.07444	0.01480	0.01644	0.01144	0.00711	0.00650	0.00191	0.00827	0.00557	0.00479	0.15046
74	0.01047	0.00808	0.00896	0.00897	0.01127	0.00743	0.00696	0.01405	0.05512	0.02337	0.17449	0.06369	0.40229	0.01696	0.00856	0.00252	0.00418	0.09008	0.07570	0.00684
75	0.01539	0.01319	0.01539	0.01100	0.01759	0.00990	0.00880	0.01869	0.01539	0.02419	0.01319	0.01539	0.01100	0.00550	0.00550	0.00110	0.00550	0.00440	0.00440	0.78449
76	0.01264	0.00811	0.00933	0.00853	0.01106	0.00727	0.00649	0.01576	0.01795	0.05466	0.26384	0.04472	0.16918	0.01265	0.00726	0.00206	0.00385	0.01069	0.25223	0.08171
77	0.02341	0.01651	0.02102	0.01713	0.02021	0.01974	0.01419	0.21446	0.02056	0.17804	0.01683	0.01915	0.01281	0.01234	0.03817	0.00302	0.32934	0.00682	0.00583	0.01041
78	0.01175	0.00852	0.01079	0.00988	0.01193	0.00813	0.00750	0.05996	0.02199	0.03097	0.64173	0.05281	0.06601	0.01474	0.00866	0.00233	0.00383	0.01295	0.00812	0.00740
79	0.00904	0.00646	0.00861	0.01034	0.01077	0.00603	0.00689	0.01034	0.01421	0.01895	0.04092	0.73426	0.04910	0.02326	0.00948	0.00301	0.00431	0.02110	0.00689	0.00603
80	0.03331	0.01263	0.01723	0.01321	0.01895	0.01091	0.01091	0.03618	0.02125	0.69794	0.02929	0.02527	0.01838	0.00919	0.00747	0.00230	0.00632	0.00747	0.00919	0.01263
81	0.01741	0.01653	0.02747	0.19457	0.50355	0.01744	0.02155	0.02306	0.06148	0.02353	0.01490	0.01932	0.01208	0.00703	0.00738	0.00229	0.00886	0.00673	0.00385	0.01097
82	0.01462	0.01381	0.02335	0.62827	0.13944	0.01665	0.02091	0.01949	0.01513	0.01969	0.01330	0.01960	0.01015	0.00731	0.00741	0.00244	0.00975	0.00660	0.00335	0.00873
83	0.01088	0.00783	0.00973	0.01009	0.01204	0.00716	0.00792	0.01354	0.01787	0.04542	0.22550	0.15101	0.25943	0.01849	0.00918	0.00274	0.00461	0.17247	0.00730	0.00679
84	0.08658	0.01275	0.01678	0.01297	0.01863	0.01131	0.01071	0.03517	0.02064	0.65124	0.02796	0.02434	0.01765	0.00903	0.00726	0.00230	0.00628	0.00722	0.00887	0.01231
85	0.01985	0.74357	0.03890	0.01270	0.01905	0.02937	0.01270	0.02223	0.01508	0.01747	0.01032	0.01191	0.00953	0.00635	0.00476	0.00159	0.00794	0.00397	0.00318	0.00953
86	0.01105	0.00938	0.01264	0.01586	0.14600	0.00863	0.00950	0.01365	0.01727	0.02255	0.17342	0.16018	0.33937	0.01638	0.00860	0.00249	0.00480	0.01429	0.00649	0.00746
87	0.02732	0.01230	0.01520	0.01209	0.01678	0.01162	0.00984	0.12405	0.02173	0.42188	0.02624	0.02482	0.01771	0.00900	0.00685	0.00213	0.00582	0.00720	0.21633	0.01110
88	0.01752	0.02003	0.04380	0.03129	0.03880	0.01877	0.66583	0.02378	0.01752	0.02378	0.01502	0.02003	0.01126	0.00626	0.00876	0.00250	0.01252	0.00876	0.00375	0.01001

[dist]
# distance from previous block
# <min> <max>
0	4

[block]
# block no. 3 follows, 27 sequences, length 26
# corresponding to MSA columns:
# 285-310
name=unknown_D
#
# <colnr> <probs for GDERKNQSTAVLIFYWHMCP>
#	G	D	E	R	K	N	Q	S	T	A	V	L	I	F	Y	W	H	M	C	P
0	0.01780	0.01550	0.02336	0.20793	0.02986	0.01887	0.08211	0.09242	0.04367	0.06248	0.01481	0.01967	0.01192	0.01304	0.06314	0.00338	0.25951	0.00701	0.00435	0.00916
1	0.03331	0.01263	0.01723	0.01321	0.01895	0.01091	0.01091	0.03618	0.02125	0.69794	0.02929	0.02527	0.01838	0.00919	0.00747	0.00230	0.00632	0.00747	0.00919	0.01263
2	0.07948	0.02395	0.16066	0.01740	0.02428	0.02139	0.01641	0.49009	0.02938	0.04106	0.01637	0.01697	0.01164	0.00839	0.00715	0.00226	0.00857	0.00625	0.00635	0.01196
3	0.01273	0.00913	0.01236	0.01366	0.01554	0.00924	0.01177	0.05347	0.01796	0.02345	0.03814	0.12121	0.04136	0.02000	0.01004	0.00332	0.00675	0.56587	0.00687	0.00713
4	0.01402	0.01319	0.02227	0.72126	0.05113	0.01649	0.02062	0.01897	0.01484	0.01897	0.01319	0.01979	0.00990	0.00742	0.00742	0.00247	0.00990	0.00660	0.00330	0.00825
5	0.02359	0.01176	0.01521	0.01179	0.01696	0.00982	0.00951	0.02671	0.01955	0.37116	0.16009	0.02868	0.02690	0.00938	0.00718	0.00197	0.00551	0.00782	0.00763	0.22879
6	0.00963	0.00677	0.00876	0.01013	0.01056	0.00646	0.00678	0.01082	0.01372	0.01825	0.03716	0.54231	0.04402	0.17164	0.01541	0.00391	0.00510	0.06638	0.00639	0.00577
7	0.45292	0.01359	0.01373	0.01130	0.01641	0.01409	0.00932	0.02823	0.01648	0.33012	0.01880	0.01796	0.01266	0.00792	0.00588	0.00230	0.00600	0.00556	0.00665	0.01009
8	0.01459	0.00935	0.01114	0.01004	0.01253	0.00925	0.00772	0.06778	0.06630	0.07317	0.40394	0.04263	0.04788	0.01253	0.00770	0.00220	0.00419	0.01075	0.17820	0.00810
9	0.00950	0.00755	0.00853	0.00828	0.01047	0.00658	0.00621	0.01206	0.01864	0.02414	0.33296	0.06473	0.42948	0.01728	0.00877	0.00243	0.00365	0.01473	0.00743	0.00658
10	0.06311	0.01161	0.01330	0.01261	0.01580	0.01232	0.01005	0.02684	0.24754	0.12390	0.03117	0.11618	0.02775	0.01317	0.00782	0.00261	0.00563	0.13938	0.10982	0.00938
11	0.01055	0.00779	0.01003	0.01086	0.01250	0.00735	0.00867	0.01326	0.01729	0.02269	0.18547	0.17058	0.17843	0.04022	0.01032	0.00305	0.00514	0.27216	0.00707	0.00657
12	0.00930	0.00677	0.00834	0.00946	0.01018	0.00627	0.00626	0.01047	0.01410	0.01837	0.04390	0.50161	0.15702	0.14473	0.01419	0.00364	0.00471	0.01840	0.00648	0.00581
13	0.01116	0.00780	0.00883	0.00843	0.01045	0.00693	0.00607	0.01311	0.01692	0.06430	0.20807	0.06000	0.36325	0.16511	0.01464	0.00341	0.00457	0.01361	0.00685	0.00648
14	0.51188	0.01594	0.01460	0.01208	0.01715	0.01783	0.00996	0.19829	0.01950	0.10081	0.01419	0.01489	0.01028	0.00766	0.00564	0.00228	0.00646	0.00507	0.00580	0.00972
15	0.01015	0.00757	0.00943	0.00896	0.01087	0.00685	0.00672	0.01331	0.02017	0.02776	0.56169	0.05877	0.19849	0.01593	0.00876	0.00237	0.00356	0.01389	0.00791	0.00685
16	0.01985	0.74357	0.03890	0.01270	0.01905	0.02937	0.01270	0.02223	0.01508	0.01747	0.01032	0.01191	0.00953	0.00635	0.00476	0.00159	0.00794	0.00397	0.00318	0.00953
17	0.01838	0.53550	0.23416	0.01520	0.02291	0.02579	0.01705	0.02261	0.01526	0.01925	0.01121	0.01302	0.00949	0.00656	0.00544	0.00181	0.00883	0.00442	0.00316	0.00995
18	0.01462	0.03647	0.65736	0.02042	0.03081	0.01660	0.02615	0.02291	0.01601	0.02390	0.05565	0.01817	0.01320	0.00756	0.00716	0.00235	0.01050	0.00598	0.00345	0.01072
19	0.01838	0.16615	0.03045	0.08328	0.46266	0.02003	0.01979	0.02359	0.06325	0.02298	0.01431	0.01780	0.01194	0.00686	0.00684	0.00212	0.00850	0.00620	0.00382	0.01106
20	0.79154	0.01436	0.01091	0.00976	0.01436	0.01665	0.00804	0.02182	0.01263	0.03331	0.01034	0.01206	0.00804	0.00689	0.00459	0.00230	0.00574	0.00402	0.00459	0.00804
21	0.01616	0.01332	0.01534	0.01115	0.01741	0.01060	0.00893	0.06231	0.01672	0.02593	0.01419	0.01631	0.01160	0.00592	0.00561	0.00121	0.00555	0.00471	0.05240	0.68464
22	0.01687	0.01972	0.08720	0.02925	0.11874	0.01744	0.42914	0.02387	0.06443	0.02487	0.07601	0.02319	0.01724	0.00743	0.00836	0.00244	0.01065	0.00863	0.00436	0.01017
23	0.00950	0.00700	0.00890	0.00958	0.01077	0.00640	0.00675	0.01163	0.01692	0.02279	0.26608	0.40622	0.15040	0.01986	0.00913	0.00271	0.00395	0.01770	0.00733	0.00640
24	0.01050	0.00753	0.01027	0.01046	0.01124	0.00822	0.00740	0.01210	0.01180	0.01646	0.02340	0.11382	0.02479	0.28293	0.40517	0.00934	0.01387	0.01037	0.00448	0.00584
25	0.01748	0.01673	0.02852	0.18420	0.56114	0.01740	0.02234	0.02200	0.01648	0.02317	0.01381	0.01866	0.01138	0.00678	0.00736	0.00226	0.00904	0.00661	0.00360	0.01104

[dist]
# distance from previous block
# <min> <max>
0	2

[block]
# block no. 4 follows, 27 sequences, length 11
# corresponding to MSA columns:
# 313-323
name=unknown_E
#
# <colnr> <probs for GDERKNQSTAVLIFYWHMCP>
#	G	D	E	R	K	N	Q	S	T	A	V	L	I	F	Y	W	H	M	C	P
0	0.01010	0.00802	0.00912	0.00877	0.01102	0.00727	0.00660	0.01377	0.05531	0.02508	0.35174	0.06176	0.37123	0.01667	0.00870	0.00243	0.00376	0.01425	0.00751	0.00690
1	0.01985	0.74357	0.03890	0.01270	0.01905	0.02937	0.01270	0.02223	0.01508	0.01747	0.01032	0.01191	0.00953	0.00635	0.00476	0.00159	0.00794	0.00397	0.00318	0.00953
2	0.01514	0.01216	0.01399	0.01032	0.01611	0.00940	0.00820	0.01846	0.01542	0.02477	0.01502	0.01743	0.01232	0.00602	0.00545	0.00120	0.00516	0.00482	0.13271	0.65590
3	0.03331	0.01263	0.01723	0.01321	0.01895	0.01091	0.01091	0.03618	0.02125	0.69794	0.02929	0.02527	0.01838	0.00919	0.00747	0.00230	0.00632	0.00747	0.00919	0.01263
4	0.79154	0.01436	0.01091	0.00976	0.01436	0.01665	0.00804	0.02182	0.01263	0.03331	0.01034	0.01206	0.00804	0.00689	0.00459	0.00230	0.00574	0.00402	0.00459	0.00804
5	0.01923	0.02122	0.02230	0.01940	0.02039	0.20139	0.01575	0.02093	0.01389	0.01794	0.01020	0.01550	0.00970	0.01160	0.01976	0.00290	0.54021	0.00605	0.00340	0.00825
6	0.01125	0.00743	0.00933	0.00933	0.01013	0.00793	0.00641	0.01285	0.01205	0.01777	0.02222	0.03767	0.02244	0.35584	0.28416	0.00802	0.01131	0.00906	0.13909	0.00572
7	0.01177	0.00714	0.01028	0.07114	0.01329	0.00733	0.00749	0.01080	0.01137	0.01508	0.02113	0.19580	0.02333	0.12775	0.02377	0.41680	0.00634	0.01059	0.00429	0.00451
8	0.36056	0.01503	0.01461	0.01151	0.01711	0.01516	0.00939	0.13289	0.01756	0.03214	0.01274	0.01434	0.00997	0.00671	0.00543	0.00182	0.00607	0.00463	0.00501	0.30732
9	0.01065	0.00776	0.01093	0.01093	0.01191	0.00874	0.00803	0.01262	0.01164	0.01649	0.02080	0.03422	0.02075	0.23359	0.53478	0.01070	0.01658	0.00869	0.00411	0.00607
10	0.01649	0.01516	0.02501	0.09006	0.50306	0.01541	0.01887	0.02003	0.01549	0.02183	0.01583	0.02467	0.01473	0.15666	0.01359	0.00325	0.00857	0.00747	0.00381	0.01000

[dist]
# distance from previous block
# <min> <max>
0	1

[block]
# block no. 5 follows, 27 sequences, length 26
# corresponding to MSA columns:
# 325-350
name=unknown_F
#
# <colnr> <probs for GDERKNQSTAVLIFYWHMCP>
#	G	D	E	R	K	N	Q	S	T	A	V	L	I	F	Y	W	H	M	C	P
0	0.22403	0.01307	0.01564	0.01234	0.01780	0.01236	0.01019	0.03257	0.01908	0.53075	0.02452	0.02195	0.01578	0.00861	0.00674	0.00230	0.00617	0.00660	0.00803	0.01148
1	0.01913	0.01481	0.01616	0.01436	0.01847	0.01661	0.01121	0.03665	0.55123	0.09562	0.09447	0.03017	0.02687	0.01048	0.00766	0.00248	0.00569	0.00879	0.00777	0.01137
2	0.03137	0.01574	0.01915	0.01468	0.02050	0.01553	0.01213	0.27706	0.02645	0.44970	0.02492	0.02243	0.01618	0.00908	0.00745	0.00227	0.00702	0.00717	0.00852	0.01263
3	0.03155	0.01429	0.01811	0.01401	0.01970	0.01351	0.01153	0.14957	0.06135	0.54311	0.02729	0.02407	0.01759	0.00919	0.00746	0.00230	0.00662	0.00738	0.00878	0.01258
4	0.79154	0.01436	0.01091	0.00976	0.01436	0.01665	0.00804	0.02182	0.01263	0.03331	0.01034	0.01206	0.00804	0.00689	0.00459	0.00230	0.00574	0.00402	0.00459	0.00804
5	0.01690	0.01199	0.01523	0.01386	0.06811	0.01076	0.00992	0.08369	0.02034	0.10227	0.28610	0.03299	0.03567	0.01020	0.00735	0.00192	0.00531	0.00875	0.00668	0.25192
6	0.01910	0.01902	0.02943	0.04351	0.64078	0.07135	0.02213	0.02332	0.01722	0.02378	0.01377	0.01799	0.01159	0.00669	0.00730	0.00218	0.00917	0.00647	0.00369	0.01151
7	0.01777	0.13859	0.44192	0.02033	0.02956	0.02001	0.08618	0.11459	0.01849	0.02594	0.01368	0.01585	0.01006	0.00713	0.00693	0.00224	0.01028	0.00575	0.00381	0.01090
8	0.01831	0.09126	0.04220	0.02872	0.03604	0.02004	0.56767	0.05713	0.01819	0.02435	0.01470	0.01911	0.01116	0.00641	0.00830	0.00240	0.01184	0.00818	0.00389	0.01010
9	0.01509	0.03697	0.64963	0.02195	0.03265	0.01736	0.07700	0.02353	0.01582	0.02353	0.01345	0.01601	0.00955	0.00699	0.00719	0.00236	0.01109	0.00574	0.00318	0.01090
10	0.03331	0.01263	0.01723	0.01321	0.01895	0.01091	0.01091	0.03618	0.02125	0.69794	0.02929	0.02527	0.01838	0.00919	0.00747	0.00230	0.00632	0.00747	0.00919	0.01263
11	0.01492	0.01343	0.01946	0.01671	0.02058	0.01393	0.14479	0.02528	0.27109	0.02537	0.03604	0.09793	0.12066	0.01355	0.00864	0.00272	0.00700	0.13216	0.00649	0.00923
12	0.02773	0.03538	0.02104	0.01913	0.02295	0.70930	0.01434	0.02964	0.02104	0.01817	0.01148	0.01339	0.00956	0.00765	0.00669	0.00191	0.01339	0.00478	0.00383	0.00861
13	0.01100	0.00750	0.01043	0.01043	0.01115	0.00823	0.00740	0.01198	0.01125	0.01573	0.01995	0.03417	0.02032	0.26112	0.40460	0.12259	0.01404	0.00861	0.00403	0.00548
14	0.00904	0.00646	0.00861	0.01034	0.01077	0.00603	0.00689	0.01034	0.01421	0.01895	0.04092	0.73426	0.04910	0.02326	0.00948	0.00301	0.00431	0.02110	0.00689	0.00603
15	0.01489	0.03840	0.70064	0.02116	0.03213	0.01724	0.02743	0.02351	0.01567	0.02351	0.01332	0.01567	0.00940	0.00705	0.00705	0.00235	0.01097	0.00549	0.00313	0.01097
16	0.01837	0.01764	0.03013	0.04557	0.69279	0.01764	0.02278	0.02278	0.01690	0.02425	0.01396	0.01837	0.01176	0.00661	0.00735	0.00220	0.00882	0.00661	0.00367	0.01176
17	0.01726	0.01651	0.02813	0.21784	0.52920	0.01735	0.02223	0.02181	0.01638	0.02291	0.01377	0.01874	0.01128	0.00682	0.00737	0.00227	0.00909	0.00661	0.00358	0.01086
18	0.01096	0.00782	0.00928	0.00877	0.01105	0.00690	0.00663	0.01374	0.01928	0.06069	0.39266	0.06069	0.33153	0.01641	0.00870	0.00241	0.00376	0.01407	0.00768	0.00699
19	0.20476	0.19794	0.02722	0.02743	0.32764	0.05661	0.01630	0.02278	0.01564	0.02442	0.01206	0.01499	0.01020	0.00667	0.00601	0.00206	0.00810	0.00524	0.00378	0.01015
20	0.06185	0.15651	0.09556	0.01802	0.08557	0.05321	0.04439	0.02933	0.01849	0.33521	0.02005	0.01957	0.01384	0.00785	0.00678	0.00215	0.00799	0.00627	0.00613	0.01124
21	0.01770	0.02304	0.11182	0.01544	0.01909	0.29359	0.01316	0.02055	0.01776	0.01970	0.02867	0.20659	0.09729	0.01388	0.00800	0.00245	0.00911	0.06918	0.00511	0.00788
22	0.09429	0.06966	0.01967	0.01816	0.15042	0.01361	0.01213	0.02164	0.01605	0.09075	0.01565	0.01956	0.01295	0.00699	0.00613	0.00170	0.00651	0.03495	0.00477	0.38441
23	0.09645	0.05844	0.19756	0.01769	0.07375	0.01603	0.01592	0.12033	0.04524	0.14843	0.02103	0.11958	0.01769	0.01004	0.00721	0.00237	0.00773	0.00821	0.00575	0.01055
24	0.01098	0.00788	0.01095	0.01229	0.01354	0.00799	0.00991	0.01358	0.01523	0.02021	0.03570	0.22912	0.03950	0.06504	0.12482	0.00490	0.00836	0.35724	0.00626	0.00648
25	0.09644	0.55599	0.06843	0.01333	0.01970	0.02680	0.01316	0.09328	0.01705	0.02256	0.01130	0.01277	0.00971	0.00672	0.00516	0.00177	0.00790	0.00435	0.00378	0.00980

[dist]
# distance from previous block
# <min> <max>
0	1

[block]
# block no. 6 follows, 27 sequences, length 15
# corresponding to MSA columns:
# 352-366
name=unknown_G
#
# <colnr> <probs for GDERKNQSTAVLIFYWHMCP>
#	G	D	E	R	K	N	Q	S	T	A	V	L	I	F	Y	W	H	M	C	P
0	0.01972	0.01951	0.05207	0.01644	0.01985	0.17794	0.04029	0.05627	0.10872	0.08076	0.01918	0.04914	0.01631	0.04654	0.14895	0.00448	0.10222	0.00750	0.00505	0.00906
1	0.01752	0.36482	0.33068	0.01667	0.02488	0.02300	0.01915	0.02435	0.07532	0.02138	0.01345	0.01501	0.01066	0.00700	0.00603	0.00201	0.00910	0.00504	0.00355	0.01037
2	0.06122	0.02433	0.26107	0.01796	0.02516	0.05025	0.06623	0.03048	0.17817	0.17849	0.02092	0.02079	0.01473	0.00823	0.00725	0.00237	0.00864	0.00677	0.00574	0.01120
3	0.01551	0.01285	0.01424	0.01297	0.01626	0.01421	0.00999	0.03001	0.43510	0.03058	0.27460	0.03800	0.04024	0.01197	0.00800	0.00245	0.00499	0.01026	0.00778	0.00999
4	0.00960	0.00728	0.00885	0.00904	0.01068	0.00653	0.00656	0.01204	0.01801	0.02402	0.33499	0.23563	0.25302	0.01837	0.00895	0.00256	0.00379	0.01609	0.00745	0.00653
5	0.01579	0.01735	0.08114	0.26093	0.16194	0.01918	0.01993	0.01967	0.01398	0.01995	0.01203	0.01780	0.01016	0.00938	0.01390	0.00271	0.28525	0.00647	0.00334	0.00911
6	0.01690	0.01190	0.01321	0.01236	0.01542	0.01293	0.00939	0.02870	0.35150	0.08802	0.03131	0.17973	0.02729	0.01257	0.00751	0.00246	0.00512	0.01077	0.15323	0.00969
7	0.09938	0.01278	0.01668	0.01291	0.01855	0.01141	0.01066	0.03493	0.02050	0.64002	0.02764	0.02412	0.01748	0.00899	0.00722	0.00230	0.00627	0.00717	0.00879	0.01223
8	0.00883	0.00731	0.00773	0.00807	0.01017	0.00622	0.00588	0.01059	0.01640	0.01984	0.06855	0.20014	0.56538	0.01967	0.00891	0.00261	0.00387	0.01672	0.00689	0.00622
9	0.01793	0.01610	0.02292	0.01866	0.02342	0.01723	0.17084	0.08646	0.35638	0.02981	0.07613	0.03180	0.02430	0.01031	0.00816	0.00255	0.00759	0.06218	0.00660	0.01063
10	0.01653	0.00803	0.00927	0.00847	0.01089	0.00762	0.00652	0.01990	0.01760	0.14297	0.15414	0.03266	0.02882	0.01001	0.00627	0.00194	0.00396	0.00828	0.49821	0.00792
11	0.00938	0.00660	0.00851	0.00990	0.01025	0.00626	0.00643	0.01043	0.01355	0.01807	0.03751	0.60112	0.04481	0.16225	0.01497	0.00383	0.00487	0.01910	0.00643	0.00573
12	0.17250	0.01889	0.03722	0.02698	0.03390	0.01835	0.53413	0.02339	0.01654	0.02569	0.01408	0.01843	0.01062	0.00638	0.00793	0.00246	0.01116	0.00781	0.00392	0.00962
13	0.02658	0.02251	0.02167	0.01752	0.02225	0.15550	0.01419	0.41231	0.04886	0.06921	0.01654	0.01744	0.01227	0.00922	0.00940	0.00231	0.09827	0.00638	0.00630	0.01126
14	0.01035	0.00758	0.00971	0.00918	0.01099	0.00694	0.00688	0.01371	0.02064	0.02889	0.63347	0.05690	0.12600	0.01550	0.00876	0.00235	0.00353	0.01363	0.00806	0.00694

[dist]
# distance from previous block
# <min> <max>
0	2

[block]
# block no. 7 follows, 27 sequences, length 16
# corresponding to MSA columns:
# 369-384
name=unknown_H
#
# <colnr> <probs for GDERKNQSTAVLIFYWHMCP>
#	G	D	E	R	K	N	Q	S	T	A	V	L	I	F	Y	W	H	M	C	P
0	0.02708	0.01493	0.01777	0.01428	0.01943	0.01519	0.01157	0.17831	0.18154	0.34664	0.07113	0.02619	0.02156	0.00974	0.00756	0.00234	0.00644	0.00791	0.00833	0.01204
1	0.01985	0.74357	0.03890	0.01270	0.01905	0.02937	0.01270	0.02223	0.01508	0.01747	0.01032	0.01191	0.00953	0.00635	0.00476	0.00159	0.00794	0.00397	0.00318	0.00953
2	0.01074	0.00727	0.00843	0.00832	0.00864	0.00716	0.00495	0.01138	0.01264	0.01717	0.14358	0.04982	0.03477	0.60836	0.03254	0.00632	0.00653	0.01127	0.00516	0.00495
3	0.01880	0.01442	0.02370	0.39207	0.23649	0.01583	0.01951	0.02321	0.01661	0.14317	0.01633	0.02036	0.01198	0.00750	0.00741	0.00236	0.00893	0.00676	0.00447	0.01009
4	0.29056	0.01405	0.01443	0.01116	0.01693	0.01321	0.00907	0.06349	0.01622	0.08957	0.01394	0.01527	0.01073	0.00654	0.00548	0.00170	0.00583	0.00469	0.00510	0.39205
5	0.02580	0.02438	0.02304	0.02274	0.14378	0.22889	0.01563	0.32679	0.06037	0.03328	0.01584	0.01709	0.01206	0.00818	0.00720	0.00214	0.00974	0.00618	0.00567	0.01121
6	0.01579	0.16576	0.58112	0.01963	0.02977	0.01943	0.02477	0.02328	0.01557	0.02242	0.01278	0.01499	0.00943	0.00693	0.00664	0.00221	0.01042	0.00521	0.00314	0.01071
7	0.00888	0.00752	0.00767	0.00763	0.01009	0.00631	0.00572	0.01086	0.01717	0.02065	0.11253	0.07047	0.65208	0.01858	0.00877	0.00250	0.00374	0.01553	0.00697	0.00631
8	0.01489	0.03840	0.70064	0.02116	0.03213	0.01724	0.02743	0.02351	0.01567	0.02351	0.01332	0.01567	0.00940	0.00705	0.00705	0.00235	0.01097	0.00549	0.00313	0.01097
9	0.01256	0.00804	0.01058	0.00969	0.01180	0.00736	0.00736	0.01601	0.02104	0.08997	0.62945	0.05273	0.06539	0.01464	0.00864	0.00233	0.00376	0.01289	0.00826	0.00751
10	0.58860	0.01353	0.01211	0.01072	0.01525	0.01492	0.00890	0.02375	0.01454	0.14862	0.01626	0.02083	0.01297	0.00852	0.00561	0.00240	0.00594	0.06218	0.00560	0.00874
11	0.01290	0.00950	0.01323	0.01137	0.01412	0.00887	0.06306	0.04884	0.02054	0.05823	0.44131	0.05043	0.15489	0.01411	0.00847	0.00234	0.00467	0.01248	0.04296	0.00768
12	0.01137	0.00789	0.00954	0.00894	0.01122	0.00700	0.00677	0.01426	0.01958	0.06966	0.42829	0.05917	0.28665	0.01607	0.00868	0.00239	0.00378	0.01383	0.00778	0.00711
13	0.01746	0.04961	0.14068	0.05929	0.02067	0.01279	0.01325	0.06120	0.04891	0.14067	0.23492	0.05193	0.04989	0.01090	0.00765	0.00226	0.00650	0.00919	0.00651	0.05573
14	0.32955	0.01950	0.11865	0.02208	0.14410	0.01746	0.12626	0.02439	0.08339	0.02842	0.01427	0.01669	0.01096	0.00708	0.00646	0.00235	0.00821	0.00596	0.00438	0.00985
15	0.44925	0.01469	0.01704	0.02146	0.23814	0.01587	0.01273	0.02112	0.01478	0.02947	0.05831	0.01971	0.04499	0.00789	0.00597	0.00228	0.00652	0.00603	0.00463	0.00912

[dist]
# distance from previous block
# <min> <max>
0	1

[block]
# block no. 8 follows, 27 sequences, length 22
# corresponding to MSA columns:
# 386-407
name=unknown_I
#
# <colnr> <probs for GDERKNQSTAVLIFYWHMCP>
#	G	D	E	R	K	N	Q	S	T	A	V	L	I	F	Y	W	H	M	C	P
0	0.47420	0.01906	0.13350	0.01495	0.02095	0.01669	0.09279	0.02350	0.01447	0.08843	0.01307	0.01494	0.00963	0.00722	0.00636	0.00236	0.02884	0.00523	0.00461	0.00919
1	0.01444	0.01311	0.02148	0.36317	0.22515	0.01461	0.01789	0.01856	0.01589	0.02150	0.10096	0.04526	0.02046	0.06522	0.00998	0.00276	0.00842	0.00818	0.00422	0.00874
2	0.01101	0.00734	0.00885	0.00882	0.00933	0.00757	0.00564	0.01203	0.01200	0.01697	0.05939	0.04327	0.02699	0.49960	0.16649	0.00739	0.00918	0.01004	0.07279	0.00527
3	0.01575	0.01625	0.05679	0.33706	0.10853	0.01839	0.04878	0.02219	0.09906	0.02128	0.01478	0.01967	0.01173	0.00883	0.01121	0.00262	0.16709	0.00685	0.00388	0.00926
4	0.01548	0.01351	0.02023	0.02201	0.18308	0.01363	0.08151	0.06338	0.11804	0.02809	0.23881	0.03858	0.07425	0.01148	0.00823	0.00241	0.00661	0.04485	0.00632	0.00950
5	0.00915	0.00654	0.00871	0.01027	0.01079	0.00610	0.00690	0.01060	0.01470	0.01972	0.08686	0.68613	0.05058	0.02268	0.00942	0.00297	0.00425	0.02056	0.00698	0.00610
6	0.02133	0.17081	0.02284	0.01515	0.02023	0.05955	0.01253	0.17335	0.34384	0.03078	0.02182	0.02109	0.01666	0.00878	0.00684	0.00219	0.00722	0.00678	0.00632	0.03190
7	0.01731	0.15000	0.50904	0.01956	0.02889	0.10727	0.02342	0.02409	0.01626	0.02187	0.01261	0.01478	0.00944	0.00702	0.00664	0.00217	0.01080	0.00516	0.00323	0.01044
8	0.07796	0.28598	0.34923	0.01699	0.02526	0.05391	0.01947	0.05314	0.01637	0.02295	0.01215	0.01405	0.00950	0.00691	0.00605	0.00205	0.00947	0.00486	0.00349	0.01020
9	0.01780	0.06623	0.45401	0.01961	0.02858	0.01811	0.05197	0.07245	0.10942	0.06613	0.01687	0.01808	0.01210	0.00766	0.00714	0.00233	0.00971	0.00617	0.00444	0.01118
10	0.00912	0.00753	0.00800	0.00788	0.01024	0.00641	0.00591	0.01132	0.01773	0.02198	0.19683	0.06827	0.56695	0.01808	0.00877	0.00247	0.00371	0.01522	0.00715	0.00641
11	0.01754	0.41498	0.34725	0.01664	0.02515	0.02372	0.01956	0.02283	0.01536	0.02028	0.01172	0.01366	0.00947	0.00668	0.00583	0.00194	0.00935	0.00468	0.00316	0.01020
12	0.11572	0.06325	0.01823	0.06408	0.02044	0.10319	0.01197	0.02757	0.07427	0.24909	0.04900	0.05817	0.01890	0.01005	0.00839	0.00238	0.06292	0.02617	0.00632	0.00991
13	0.01437	0.01350	0.01916	0.01699	0.01743	0.01828	0.01394	0.01634	0.01156	0.01766	0.01310	0.02052	0.01266	0.02713	0.25134	0.00612	0.49181	0.00698	0.00349	0.00763
14	0.00904	0.00646	0.00861	0.01034	0.01077	0.00603	0.00689	0.01034	0.01421	0.01895	0.04092	0.73426	0.04910	0.02326	0.00948	0.00301	0.00431	0.02110	0.00689	0.00603
15	0.02070	0.02124	0.01758	0.01591	0.01982	0.22699	0.01220	0.03466	0.43288	0.02706	0.07157	0.02534	0.02208	0.00970	0.00738	0.00232	0.00798	0.00766	0.00647	0.01046
16	0.03096	0.01274	0.01693	0.01313	0.01854	0.01139	0.01078	0.07700	0.02215	0.59512	0.08649	0.02742	0.02253	0.00970	0.00758	0.00230	0.00619	0.00794	0.00898	0.01214
17	0.00886	0.00743	0.00771	0.00784	0.01013	0.00627	0.00580	0.01075	0.01684	0.02032	0.09524	0.12911	0.61019	0.01906	0.00883	0.00255	0.00380	0.01606	0.00694	0.00627
