[name]
unknown

[dist]
# distance from previous block
# <min> <max>
0	691

[block]
# block no. 0 follows, 25 sequences, length 21
# corresponding to MSA columns:
# 691-711
name=unknown_A
#
# <colnr> <probs for GDERKNQSTAVLIFYWHMCP>
#	G	D	E	R	K	N	Q	S	T	A	V	L	I	F	Y	W	H	M	C	P
0	0.01249	0.00892	0.01249	0.01428	0.01606	0.00892	0.01249	0.01606	0.01785	0.02320	0.04105	0.08746	0.04462	0.02142	0.01071	0.00357	0.00714	0.62695	0.00714	0.00714
1	0.78228	0.01499	0.01140	0.01020	0.01499	0.01739	0.00840	0.02279	0.01320	0.03479	0.01080	0.01260	0.00840	0.00720	0.00480	0.00240	0.00600	0.00420	0.00480	0.00840
2	0.00916	0.00785	0.00785	0.00785	0.01047	0.00655	0.00589	0.01113	0.01767	0.02095	0.07855	0.07462	0.67599	0.01964	0.00916	0.00262	0.00393	0.01636	0.00720	0.00655
3	0.01905	0.01833	0.03100	0.04591	0.63850	0.01875	0.02337	0.02348	0.01730	0.02492	0.01431	0.01905	0.01215	0.00732	0.00877	0.00237	0.05265	0.00690	0.00381	0.01205
4	0.78228	0.01499	0.01140	0.01020	0.01499	0.01739	0.00840	0.02279	0.01320	0.03479	0.01080	0.01260	0.00840	0.00720	0.00480	0.00240	0.00600	0.00420	0.00480	0.00840
5	0.00945	0.00675	0.00900	0.01080	0.01125	0.00630	0.00720	0.01080	0.01484	0.01979	0.04274	0.72245	0.05128	0.02429	0.00990	0.00315	0.00450	0.02204	0.00720	0.00630
6	0.02021	0.01264	0.01581	0.01491	0.01850	0.01297	0.01260	0.12127	0.09935	0.15538	0.03445	0.05810	0.03238	0.01597	0.00936	0.00304	0.00713	0.33827	0.00780	0.00985
7	0.09914	0.01806	0.02937	0.04367	0.60956	0.01831	0.02218	0.02369	0.01719	0.02632	0.01419	0.01850	0.01187	0.00694	0.00737	0.00231	0.00887	0.00662	0.00394	0.01187
8	0.00961	0.00687	0.00914	0.01069	0.01128	0.00640	0.00721	0.01120	0.01559	0.02098	0.10898	0.65283	0.05357	0.02341	0.00982	0.00307	0.00441	0.02120	0.00734	0.00640
9	0.00935	0.00714	0.00859	0.00976	0.01097	0.00639	0.00674	0.01091	0.01585	0.02020	0.05541	0.49318	0.27237	0.02264	0.00964	0.00296	0.00430	0.02003	0.00720	0.00639
10	0.02455	0.02137	0.02679	0.02087	0.02677	0.09151	0.16616	0.25073	0.18486	0.07312	0.02111	0.02168	0.01545	0.00882	0.00804	0.00244	0.00948	0.00778	0.00659	0.01187
11	0.01945	0.36211	0.27988	0.01686	0.02505	0.02372	0.01884	0.02629	0.07926	0.05992	0.01510	0.01631	0.01176	0.00745	0.00632	0.00209	0.00918	0.00540	0.00410	0.01093
12	0.01501	0.03279	0.51401	0.02043	0.02914	0.01733	0.02451	0.02229	0.01530	0.02293	0.01458	0.01860	0.01133	0.01583	0.11530	0.00409	0.08642	0.00624	0.00342	0.01045
13	0.03479	0.01320	0.01799	0.01380	0.01979	0.01140	0.01140	0.03779	0.02219	0.68451	0.03059	0.02639	0.01919	0.00960	0.00780	0.00240	0.00660	0.00780	0.00960	0.01320
14	0.01608	0.01378	0.01608	0.01148	0.01837	0.01034	0.00919	0.01952	0.01608	0.02527	0.01378	0.01608	0.01148	0.00574	0.00574	0.00115	0.00574	0.00459	0.00459	0.77491
15	0.15026	0.12051	0.06181	0.08432	0.06167	0.06239	0.01486	0.20576	0.04437	0.06037	0.01702	0.05331	0.01378	0.00892	0.00691	0.00231	0.00842	0.00678	0.00556	0.01069
16	0.02301	0.01065	0.01249	0.01051	0.01420	0.01023	0.00838	0.08262	0.02019	0.26273	0.02656	0.02708	0.01903	0.00926	0.00647	0.00206	0.00512	0.00741	0.43212	0.00988
17	0.01043	0.00805	0.00965	0.00995	0.01204	0.00727	0.00780	0.01321	0.01883	0.02436	0.24432	0.10566	0.33036	0.01914	0.00953	0.00280	0.00457	0.14755	0.00758	0.00689
18	0.01821	0.01743	0.02971	0.18962	0.54475	0.01817	0.02331	0.02294	0.01719	0.02415	0.01441	0.01951	0.01186	0.00709	0.00769	0.00236	0.00945	0.00690	0.00375	0.01149
19	0.01555	0.04011	0.68733	0.02210	0.03356	0.01801	0.02865	0.02455	0.01637	0.02455	0.01391	0.01637	0.00982	0.00737	0.00737	0.00246	0.01146	0.00573	0.00327	0.01146
20	0.01108	0.00831	0.01096	0.01092	0.01240	0.00819	0.00827	0.01407	0.01936	0.02691	0.42380	0.19310	0.08864	0.01810	0.01040	0.00275	0.04568	0.07215	0.00778	0.00713

[dist]
# distance from previous block
# <min> <max>
0	1

[block]
# block no. 1 follows, 25 sequences, length 23
# corresponding to MSA columns:
# 713-735
name=unknown_B
#
# <colnr> <probs for GDERKNQSTAVLIFYWHMCP>
#	G	D	E	R	K	N	Q	S	T	A	V	L	I	F	Y	W	H	M	C	P
0	0.01775	0.15204	0.15051	0.02712	0.17760	0.01937	0.17629	0.02306	0.01738	0.02416	0.05881	0.02022	0.01535	0.00734	0.00741	0.00219	0.00970	0.00702	0.00405	0.08263
1	0.01295	0.00954	0.01212	0.01246	0.01464	0.00923	0.00999	0.06385	0.01874	0.02505	0.11164	0.20818	0.08690	0.04452	0.01072	0.00317	0.00599	0.27430	0.00710	0.05890
2	0.02434	0.06244	0.10746	0.02702	0.22428	0.02152	0.01899	0.32803	0.02662	0.05944	0.01680	0.01845	0.01253	0.00820	0.00753	0.00230	0.00901	0.00668	0.00583	0.01252
3	0.07597	0.01749	0.02591	0.07635	0.10976	0.01864	0.11703	0.15480	0.02145	0.18416	0.01845	0.02042	0.01332	0.00892	0.01007	0.00255	0.10010	0.00729	0.00598	0.01135
4	0.00998	0.00726	0.01013	0.01134	0.01209	0.00740	0.00801	0.01179	0.01407	0.01921	0.03558	0.49697	0.04089	0.03532	0.23371	0.00618	0.00980	0.01757	0.00621	0.00650
5	0.02420	0.01717	0.01936	0.01616	0.02025	0.05459	0.01306	0.14121	0.18336	0.19212	0.02746	0.02689	0.06787	0.01124	0.01131	0.00263	0.14448	0.00821	0.00715	0.01130
6	0.78228	0.01499	0.01140	0.01020	0.01499	0.01739	0.00840	0.02279	0.01320	0.03479	0.01080	0.01260	0.00840	0.00720	0.00480	0.00240	0.00600	0.00420	0.00480	0.00840
7	0.01505	0.01434	0.02334	0.58848	0.04762	0.01837	0.02073	0.01961	0.01487	0.01961	0.01315	0.02002	0.01031	0.00877	0.01085	0.00273	0.13326	0.00687	0.00344	0.00859
8	0.02156	0.01485	0.02023	0.02262	0.18386	0.01505	0.01465	0.15386	0.05757	0.14580	0.09779	0.08173	0.02808	0.01221	0.00845	0.00259	0.00723	0.09381	0.00707	0.01097
9	0.01038	0.00785	0.00958	0.00926	0.01125	0.00705	0.00690	0.01345	0.02039	0.02766	0.47494	0.09342	0.24485	0.01733	0.00919	0.00252	0.00377	0.01506	0.00809	0.00705
10	0.03479	0.01320	0.01799	0.01380	0.01979	0.01140	0.01140	0.03779	0.02219	0.68451	0.03059	0.02639	0.01919	0.00960	0.00780	0.00240	0.00660	0.00780	0.00960	0.01320
11	0.00946	0.00782	0.00830	0.00828	0.01068	0.00666	0.00617	0.01167	0.01823	0.02250	0.17111	0.09976	0.55411	0.01924	0.00919	0.00261	0.00391	0.01624	0.00741	0.00666
12	0.02073	0.73217	0.04063	0.01327	0.01990	0.03068	0.01327	0.02322	0.01575	0.01824	0.01078	0.01244	0.00995	0.00663	0.00498	0.00166	0.00829	0.00415	0.00332	0.00995
13	0.03479	0.01320	0.01799	0.01380	0.01979	0.01140	0.01140	0.03779	0.02219	0.68451	0.03059	0.02639	0.01919	0.00960	0.00780	0.00240	0.00660	0.00780	0.00960	0.01320
14	0.02947	0.02172	0.02327	0.01784	0.02404	0.02404	0.01474	0.65329	0.03646	0.04887	0.01862	0.01862	0.01319	0.00931	0.00776	0.00233	0.00853	0.00698	0.00776	0.01319
15	0.01218	0.00872	0.01206	0.01336	0.01515	0.00860	0.01144	0.01577	0.01869	0.02481	0.17039	0.08143	0.05044	0.02028	0.01039	0.00334	0.00643	0.50191	0.00742	0.00718
16	0.02988	0.01290	0.01723	0.01417	0.01932	0.01175	0.01185	0.07514	0.02227	0.50645	0.03191	0.03832	0.02397	0.01199	0.00839	0.00263	0.00684	0.13405	0.00897	0.01196
17	0.00949	0.00737	0.00868	0.00966	0.01117	0.00656	0.00690	0.01124	0.01629	0.02051	0.05884	0.39378	0.33356	0.02202	0.00961	0.00293	0.00439	0.05335	0.00720	0.00646
18	0.01108	0.00831	0.01246	0.01246	0.01385	0.00969	0.00969	0.01385	0.01246	0.01800	0.02077	0.03046	0.01938	0.05815	0.69678	0.01246	0.02077	0.00831	0.00415	0.00692
19	0.01830	0.02092	0.04575	0.03268	0.04052	0.01961	0.65098	0.02484	0.01830	0.02484	0.01569	0.02092	0.01176	0.00654	0.00915	0.00261	0.01307	0.00915	0.00392	0.01046
20	0.01272	0.00878	0.01030	0.00997	0.01071	0.00914	0.00648	0.06155	0.01369	0.01842	0.02431	0.04744	0.02670	0.55342	0.11882	0.00755	0.00925	0.04000	0.00498	0.00575
21	0.00945	0.00675	0.00900	0.01080	0.01125	0.00630	0.00720	0.01080	0.01484	0.01979	0.04274	0.72245	0.05128	0.02429	0.00990	0.00315	0.00450	0.02204	0.00720	0.00630
22	0.00964	0.00787	0.00852	0.00836	0.01077	0.00675	0.00627	0.01205	0.01880	0.02362	0.23596	0.07021	0.51691	0.01864	0.00916	0.00257	0.00386	0.01575	0.00755	0.00675

[dist]
# distance from previous block
# <min> <max>
0	1

[block]
# block no. 2 follows, 25 sequences, length 6
# corresponding to MSA columns:
# 737-742
name=unknown_C
#
# <colnr> <probs for GDERKNQSTAVLIFYWHMCP>
#	G	D	E	R	K	N	Q	S	T	A	V	L	I	F	Y	W	H	M	C	P
0	0.03479	0.01320	0.01799	0.01380	0.01979	0.01140	0.01140	0.03779	0.02219	0.68451	0.03059	0.02639	0.01919	0.00960	0.00780	0.00240	0.00660	0.00780	0.00960	0.01320
1	0.00992	0.00788	0.00890	0.00865	0.01094	0.00687	0.00649	0.01259	0.01946	0.02518	0.32743	0.06765	0.42447	0.01806	0.00916	0.00254	0.00381	0.01539	0.00776	0.00687
2	0.01464	0.01378	0.02326	0.70887	0.05340	0.01723	0.02153	0.01981	0.01550	0.01981	0.01378	0.02067	0.01034	0.00775	0.00775	0.00258	0.01034	0.00689	0.00345	0.00861
3	0.02531	0.01950	0.02182	0.01765	0.02248	0.02226	0.01457	0.44888	0.10461	0.04098	0.02078	0.02502	0.01648	0.01096	0.01033	0.00260	0.10064	0.05600	0.00715	0.01199
4	0.19636	0.02331	0.02019	0.01693	0.02196	0.25696	0.05839	0.06544	0.07210	0.16950	0.01794	0.01831	0.01302	0.00833	0.00695	0.00229	0.00961	0.00613	0.00590	0.01037
5	0.32386	0.21464	0.02310	0.01392	0.01934	0.13002	0.01188	0.13452	0.01936	0.03024	0.01235	0.01383	0.00991	0.00754	0.00571	0.00212	0.00833	0.00480	0.00479	0.00975

[dist]
# distance from previous block
# <min> <max>
3	6

[block]
# block no. 3 follows, 25 sequences, length 47
# corresponding to MSA columns:
# 749-795
name=unknown_D
#
# <colnr> <probs for GDERKNQSTAVLIFYWHMCP>
#	G	D	E	R	K	N	Q	S	T	A	V	L	I	F	Y	W	H	M	C	P
0	0.03214	0.01744	0.02062	0.01581	0.02191	0.01770	0.01306	0.34443	0.02930	0.36783	0.02462	0.02252	0.01620	0.00945	0.00778	0.00236	0.00756	0.00739	0.00868	0.01319
1	0.01874	0.01581	0.02736	0.02132	0.02640	0.01549	0.27101	0.08550	0.08074	0.08874	0.05967	0.11696	0.02551	0.03962	0.01019	0.00290	0.00905	0.06885	0.00618	0.00994
2	0.01774	0.01136	0.01803	0.01613	0.01965	0.01072	0.10164	0.02162	0.01940	0.16237	0.12576	0.06113	0.03876	0.01606	0.00966	0.00303	0.00737	0.32327	0.00740	0.00890
3	0.00945	0.00675	0.00900	0.01080	0.01125	0.00630	0.00720	0.01080	0.01484	0.01979	0.04274	0.72245	0.05128	0.02429	0.00990	0.00315	0.00450	0.02204	0.00720	0.00630
4	0.01929	0.01666	0.01753	0.01578	0.02016	0.01929	0.01227	0.04120	0.66513	0.03243	0.03156	0.02893	0.02367	0.01052	0.00789	0.00263	0.00614	0.00877	0.00789	0.01227
5	0.02896	0.03695	0.02197	0.01998	0.02397	0.69638	0.01498	0.03096	0.02197	0.01898	0.01199	0.01398	0.00999	0.00799	0.00699	0.00200	0.01398	0.00499	0.00400	0.00899
6	0.02665	0.07074	0.22512	0.01771	0.02554	0.01597	0.05693	0.06864	0.02059	0.35990	0.02254	0.02160	0.01490	0.00851	0.00756	0.00238	0.00871	0.00696	0.00679	0.01228
7	0.02361	0.25092	0.23397	0.01704	0.02502	0.01995	0.04580	0.02847	0.01816	0.23830	0.01845	0.01860	0.01301	0.00783	0.00682	0.00219	0.00893	0.00605	0.00538	0.01150
8	0.78228	0.01499	0.01140	0.01020	0.01499	0.01739	0.00840	0.02279	0.01320	0.03479	0.01080	0.01260	0.00840	0.00720	0.00480	0.00240	0.00600	0.00420	0.00480	0.00840
9	0.01604	0.10594	0.62581	0.02126	0.03226	0.01921	0.02718	0.02443	0.01631	0.02395	0.01362	0.01600	0.00983	0.00730	0.00714	0.00238	0.01116	0.00558	0.00328	0.01132
10	0.01366	0.04278	0.01512	0.01243	0.01536	0.01169	0.04103	0.02156	0.16760	0.03051	0.46621	0.04745	0.05602	0.01376	0.00867	0.00246	0.00490	0.01214	0.00792	0.00872
11	0.01929	0.01666	0.01753	0.01578	0.02016	0.01929	0.01227	0.04120	0.66513	0.03243	0.03156	0.02893	0.02367	0.01052	0.00789	0.00263	0.00614	0.00877	0.00789	0.01227
12	0.02947	0.02172	0.02327	0.01784	0.02404	0.02404	0.01474	0.65329	0.03646	0.04887	0.01862	0.01862	0.01319	0.00931	0.00776	0.00233	0.00853	0.00698	0.00776	0.01319
13	0.01696	0.01696	0.02375	0.02036	0.02036	0.02375	0.01696	0.01866	0.01187	0.01866	0.01018	0.01696	0.01018	0.01357	0.02545	0.00339	0.71332	0.00679	0.00339	0.00848
14	0.00924	0.00757	0.00814	0.00860	0.01067	0.00648	0.00622	0.01104	0.01696	0.02065	0.06949	0.23844	0.51802	0.02081	0.00935	0.00275	0.00407	0.01780	0.00720	0.00648
15	0.01830	0.02092	0.04575	0.03268	0.04052	0.01961	0.65098	0.02484	0.01830	0.02484	0.01569	0.02092	0.01176	0.00654	0.00915	0.00261	0.01307	0.00915	0.00392	0.01046
16	0.78228	0.01499	0.01140	0.01020	0.01499	0.01739	0.00840	0.02279	0.01320	0.03479	0.01080	0.01260	0.00840	0.00720	0.00480	0.00240	0.00600	0.00420	0.00480	0.00840
17	0.01168	0.00854	0.01140	0.01263	0.01448	0.00826	0.01066	0.01493	0.01818	0.02368	0.12393	0.11227	0.13957	0.02062	0.01026	0.00327	0.00613	0.43516	0.00732	0.00704
18	0.01096	0.00738	0.00855	0.00887	0.00894	0.00730	0.00514	0.01119	0.01190	0.01587	0.02763	0.16816	0.03223	0.60457	0.03430	0.00675	0.00699	0.01316	0.00514	0.00498
19	0.02855	0.03012	0.02217	0.01893	0.02376	0.40853	0.01472	0.25887	0.06745	0.03073	0.01563	0.01661	0.01201	0.00863	0.00733	0.00216	0.01150	0.00596	0.00561	0.01073
20	0.01544	0.01459	0.02469	0.59327	0.16279	0.01744	0.02193	0.02051	0.01588	0.02078	0.01392	0.02041	0.01068	0.00760	0.00774	0.00253	0.01014	0.00689	0.00351	0.00925
21	0.01929	0.01666	0.01753	0.01578	0.02016	0.01929	0.01227	0.04120	0.66513	0.03243	0.03156	0.02893	0.02367	0.01052	0.00789	0.00263	0.00614	0.00877	0.00789	0.01227
22	0.00916	0.00785	0.00785	0.00785	0.01047	0.00655	0.00589	0.01113	0.01767	0.02095	0.07855	0.07462	0.67599	0.01964	0.00916	0.00262	0.00393	0.01636	0.00720	0.00655
23	0.01566	0.01482	0.02509	0.56153	0.19283	0.01749	0.02204	0.02070	0.01598	0.02104	0.01396	0.02034	0.01077	0.00756	0.00774	0.00252	0.01009	0.00689	0.00353	0.00943
24	0.01108	0.00787	0.01063	0.01201	0.01302	0.00782	0.00919	0.01325	0.01535	0.02034	0.03759	0.31163	0.04260	0.12597	0.07283	0.00473	0.00738	0.26369	0.00656	0.00646
25	0.01156	0.00838	0.01135	0.01297	0.01456	0.00816	0.01080	0.01453	0.01721	0.02229	0.04483	0.21724	0.10383	0.02185	0.01040	0.00340	0.00630	0.44627	0.00716	0.00691
26	0.01870	0.03169	0.43292	0.02064	0.02983	0.01862	0.05466	0.09201	0.13788	0.05994	0.01851	0.01961	0.01325	0.00821	0.00761	0.00248	0.01003	0.00668	0.00491	0.01182
27	0.02383	0.15555	0.17686	0.02048	0.06298	0.29805	0.01817	0.05734	0.01973	0.05531	0.01355	0.01550	0.01070	0.00788	0.00745	0.00214	0.03460	0.00542	0.00414	0.01030
28	0.78228	0.01499	0.01140	0.01020	0.01499	0.01739	0.00840	0.02279	0.01320	0.03479	0.01080	0.01260	0.00840	0.00720	0.00480	0.00240	0.00600	0.00420	0.00480	0.00840
29	0.00985	0.00752	0.00908	0.00969	0.01129	0.00675	0.00703	0.01206	0.01763	0.02297	0.20086	0.30837	0.27683	0.02056	0.00951	0.00282	0.00424	0.04876	0.00750	0.00666
30	0.01834	0.01755	0.02993	0.17182	0.56158	0.01820	0.02337	0.02305	0.01725	0.02429	0.01443	0.01947	0.01192	0.00707	0.00769	0.00236	0.00942	0.00691	0.00376	0.01159
31	0.01608	0.01378	0.01608	0.01148	0.01837	0.01034	0.00919	0.01952	0.01608	0.02527	0.01378	0.01608	0.01148	0.00574	0.00574	0.00115	0.00574	0.00459	0.00459	0.77491
32	0.01118	0.00789	0.01018	0.00961	0.01144	0.00731	0.00721	0.01483	0.02162	0.03097	0.63749	0.05624	0.07008	0.01546	0.00893	0.00240	0.00366	0.01363	0.05258	0.00731
33	0.01115	0.00802	0.01103	0.01103	0.01192	0.00891	0.00790	0.01293	0.01204	0.01694	0.02208	0.03772	0.02254	0.29782	0.46142	0.01069	0.01602	0.00937	0.00435	0.00613
34	0.01087	0.00792	0.01022	0.00964	0.01152	0.00727	0.00723	0.01443	0.02170	0.03051	0.64057	0.05888	0.10800	0.01607	0.00915	0.00245	0.00367	0.01416	0.00846	0.00727
35	0.01128	0.00752	0.00846	0.00846	0.00846	0.00752	0.00470	0.01128	0.01128	0.01503	0.02443	0.05074	0.02819	0.72751	0.03946	0.00752	0.00752	0.01128	0.00470	0.00470
36	0.01982	0.61119	0.15368	0.01481	0.02229	0.02846	0.01596	0.02345	0.01586	0.01935	0.01133	0.01313	0.00993	0.00676	0.00539	0.00180	0.00885	0.00442	0.00331	0.01021
37	0.78228	0.01499	0.01140	0.01020	0.01499	0.01739	0.00840	0.02279	0.01320	0.03479	0.01080	0.01260	0.00840	0.00720	0.00480	0.00240	0.00600	0.00420	0.00480	0.00840
38	0.01919	0.01842	0.03147	0.04759	0.67914	0.01842	0.02380	0.02380	0.01765	0.02533	0.01458	0.01919	0.01228	0.00691	0.00768	0.00230	0.00921	0.00691	0.00384	0.01228
39	0.01702	0.01375	0.01617	0.01160	0.01845	0.01039	0.00930	0.02045	0.01639	0.05859	0.01463	0.01660	0.01187	0.00594	0.00585	0.00121	0.00579	0.00476	0.00485	0.73641
40	0.01608	0.01378	0.01608	0.01148	0.01837	0.01034	0.00919	0.01952	0.01608	0.02527	0.01378	0.01608	0.01148	0.00574	0.00574	0.00115	0.00574	0.00459	0.00459	0.77491
41	0.01597	0.05295	0.16363	0.01742	0.02297	0.04890	0.11109	0.05229	0.07184	0.02850	0.28687	0.03492	0.03739	0.01106	0.00830	0.00242	0.00792	0.00984	0.00615	0.00956
42	0.01174	0.00834	0.01135	0.01277	0.01417	0.00821	0.01044	0.01461	0.01709	0.02255	0.09372	0.18900	0.04667	0.08611	0.01307	0.00376	0.00643	0.41611	0.00704	0.00679
43	0.01919	0.01842	0.03147	0.04759	0.67914	0.01842	0.02380	0.02380	0.01765	0.02533	0.01458	0.01919	0.01228	0.00691	0.00768	0.00230	0.00921	0.00691	0.00384	0.01228
44	0.19515	0.01965	0.02321	0.05901	0.02567	0.02164	0.08705	0.40255	0.02793	0.04123	0.01625	0.01766	0.01178	0.00843	0.00726	0.00239	0.00860	0.00661	0.00640	0.01153
45	0.62630	0.01682	0.01416	0.01332	0.04583	0.05397	0.01022	0.06248	0.01525	0.03367	0.01149	0.01354	0.00904	0.00765	0.00618	0.00241	0.03930	0.00465	0.00483	0.00890
46	0.01555	0.04011	0.68733	0.02210	0.03356	0.01801	0.02865	0.02455	0.01637	0.02455	0.01391	0.01637	0.00982	0.00737	0.00737	0.00246	0.01146	0.00573	0.00327	0.01146

[dist]
# distance from previous block
# <min> <max>
0	2

[block]
# block no. 4 follows, 25 sequences, length 103
# corresponding to MSA columns:
# 798-900
name=unknown_E
#
# <colnr> <probs for GDERKNQSTAVLIFYWHMCP>
#	G	D	E	R	K	N	Q	S	T	A	V	L	I	F	Y	W	H	M	C	P
0	0.00945	0.00675	0.00900	0.01080	0.01125	0.00630	0.00720	0.01080	0.01484	0.01979	0.04274	0.72245	0.05128	0.02429	0.00990	0.00315	0.00450	0.02204	0.00720	0.00630
1	0.02491	0.09869	0.16009	0.01487	0.02125	0.01412	0.01449	0.02887	0.01913	0.35965	0.02828	0.11338	0.04604	0.01106	0.00771	0.00243	0.00744	0.00910	0.00716	0.01132
2	0.01868	0.01790	0.03055	0.12165	0.60906	0.01829	0.02354	0.02335	0.01741	0.02471	0.01449	0.01936	0.01206	0.00700	0.00768	0.00233	0.00934	0.00691	0.00379	0.01187
3	0.01464	0.01378	0.02326	0.70887	0.05340	0.01723	0.02153	0.01981	0.01550	0.01981	0.01378	0.02067	0.01034	0.00775	0.00775	0.00258	0.01034	0.00689	0.00345	0.00861
4	0.01967	0.01714	0.02348	0.21358	0.19242	0.01929	0.01805	0.13208	0.22396	0.02994	0.02037	0.02257	0.01548	0.00867	0.00778	0.00249	0.00844	0.00750	0.00565	0.01142
5	0.02177	0.19934	0.32783	0.01848	0.02721	0.01950	0.05551	0.02756	0.01779	0.18814	0.01743	0.01818	0.01231	0.00770	0.00700	0.00226	0.00957	0.00606	0.00490	0.01147
6	0.01802	0.01722	0.02599	0.30016	0.32281	0.05712	0.02096	0.05713	0.01796	0.02381	0.01592	0.05886	0.01363	0.00841	0.00779	0.00244	0.00963	0.00764	0.00410	0.01037
7	0.01464	0.01378	0.02326	0.70887	0.05340	0.01723	0.02153	0.01981	0.01550	0.01981	0.01378	0.02067	0.01034	0.00775	0.00775	0.00258	0.01034	0.00689	0.00345	0.00861
8	0.01845	0.04777	0.23473	0.02719	0.06833	0.04963	0.32130	0.02489	0.01780	0.05512	0.01673	0.05159	0.01325	0.00784	0.00828	0.00251	0.01158	0.00819	0.00413	0.01071
9	0.01874	0.02563	0.27075	0.03333	0.34830	0.01740	0.02370	0.02535	0.03956	0.07547	0.01809	0.02072	0.03252	0.00779	0.00762	0.00239	0.00957	0.00689	0.00431	0.01187
10	0.03479	0.01320	0.01799	0.01380	0.01979	0.01140	0.01140	0.03779	0.02219	0.68451	0.03059	0.02639	0.01919	0.00960	0.00780	0.00240	0.00660	0.00780	0.00960	0.01320
11	0.01741	0.03129	0.36666	0.02678	0.03626	0.05004	0.30928	0.02498	0.01750	0.02442	0.01463	0.01831	0.01071	0.00702	0.00816	0.00251	0.01230	0.00724	0.00360	0.01089
12	0.02329	0.04730	0.22098	0.02435	0.16398	0.01636	0.04879	0.06211	0.01960	0.23661	0.02073	0.04768	0.01522	0.00868	0.00769	0.00241	0.00897	0.00744	0.00584	0.01198
13	0.04987	0.02526	0.23585	0.01748	0.02506	0.07699	0.01767	0.11558	0.02194	0.30528	0.02130	0.02056	0.01419	0.00862	0.00749	0.00237	0.00908	0.00666	0.00665	0.01211
14	0.00945	0.00675	0.00900	0.01080	0.01125	0.00630	0.00720	0.01080	0.01484	0.01979	0.04274	0.72245	0.05128	0.02429	0.00990	0.00315	0.00450	0.02204	0.00720	0.00630
15	0.01889	0.02355	0.18980	0.03954	0.47275	0.01809	0.04874	0.02457	0.01755	0.05099	0.01509	0.01886	0.01194	0.00711	0.00766	0.00236	0.00980	0.00675	0.00393	0.01205
16	0.01974	0.06071	0.16376	0.02310	0.15193	0.01685	0.05301	0.02853	0.15398	0.12382	0.10274	0.02625	0.02261	0.00924	0.00779	0.00242	0.00813	0.00804	0.00598	0.01139
17	0.03479	0.01320	0.01799	0.01380	0.01979	0.01140	0.01140	0.03779	0.02219	0.68451	0.03059	0.02639	0.01919	0.00960	0.00780	0.00240	0.00660	0.00780	0.00960	0.01320
18	0.02049	0.02037	0.08225	0.02197	0.09775	0.05013	0.08702	0.05929	0.37403	0.06444	0.02484	0.02459	0.01855	0.00917	0.00791	0.00252	0.00821	0.00804	0.00648	0.01193
19	0.01582	0.07655	0.65328	0.02163	0.03284	0.01867	0.02784	0.02448	0.01634	0.02422	0.01375	0.01616	0.00983	0.00733	0.00724	0.00241	0.01129	0.00565	0.00328	0.01138
20	0.02360	0.06335	0.23029	0.02295	0.13367	0.07808	0.01957	0.08489	0.05803	0.18182	0.01906	0.01971	0.01356	0.00819	0.00742	0.00233	0.00943	0.00655	0.00559	0.01191
21	0.55520	0.15155	0.05516	0.01164	0.01722	0.01961	0.01061	0.02378	0.01434	0.06628	0.01204	0.01352	0.00935	0.00723	0.00514	0.00226	0.00677	0.00447	0.00469	0.00912
22	0.02681	0.16007	0.02481	0.01836	0.02278	0.55360	0.01436	0.02889	0.02071	0.01891	0.01408	0.01581	0.03308	0.00815	0.00671	0.00196	0.01262	0.00524	0.00399	0.00908
23	0.01905	0.01546	0.09562	0.01732	0.05184	0.01210	0.10164	0.02398	0.03979	0.19415	0.23617	0.06872	0.06614	0.01197	0.00853	0.00250	0.00700	0.01080	0.00719	0.01002
24	0.01626	0.07712	0.58866	0.02094	0.03133	0.05015	0.02616	0.02432	0.01686	0.02424	0.04416	0.01796	0.01276	0.00775	0.00730	0.00239	0.01104	0.00599	0.00355	0.01107
25	0.08616	0.36966	0.31723	0.01681	0.02536	0.02403	0.01947	0.02376	0.01579	0.02244	0.01213	0.01415	0.00976	0.00700	0.00599	0.00207	0.00946	0.00483	0.00343	0.01046
26	0.01144	0.01080	0.01659	0.01377	0.01746	0.00959	0.14883	0.01458	0.01802	0.02240	0.09076	0.06264	0.46763	0.01666	0.00924	0.00266	0.00610	0.04681	0.00654	0.00748
27	0.02013	0.48566	0.21045	0.01601	0.02389	0.02673	0.01747	0.07956	0.01776	0.02264	0.01231	0.01403	0.01020	0.00707	0.00586	0.00193	0.00915	0.00482	0.00370	0.01064
28	0.01785	0.01705	0.02904	0.24301	0.49422	0.01807	0.02313	0.02262	0.01702	0.02370	0.01435	0.01963	0.01171	0.00716	0.00770	0.00239	0.00954	0.00690	0.00372	0.01120
29	0.01269	0.01059	0.01616	0.01419	0.01548	0.01137	0.09746	0.01431	0.01305	0.01796	0.02409	0.15464	0.02663	0.35197	0.08673	0.00598	0.10349	0.01195	0.00479	0.00648
30	0.02774	0.02488	0.02203	0.01807	0.02342	0.19792	0.01441	0.39560	0.13135	0.03852	0.01892	0.01903	0.01400	0.00916	0.00758	0.00229	0.00957	0.00674	0.00680	0.01195
31	0.02058	0.01796	0.03027	0.04459	0.62055	0.01780	0.02269	0.02504	0.01806	0.08391	0.01601	0.01983	0.01290	0.00715	0.00769	0.00231	0.00898	0.00699	0.00435	0.01236
32	0.01418	0.01316	0.02199	0.64684	0.04966	0.01626	0.02026	0.01901	0.01545	0.01981	0.01635	0.08303	0.01397	0.00922	0.00794	0.00263	0.00982	0.00824	0.00378	0.00841
33	0.01064	0.00793	0.01003	0.01129	0.01226	0.00781	0.00777	0.01442	0.08809	0.02187	0.07835	0.60603	0.04947	0.02226	0.00963	0.00305	0.00463	0.02009	0.00735	0.00703
34	0.01297	0.00898	0.01140	0.01050	0.01278	0.00859	0.00797	0.01821	0.07911	0.06562	0.58394	0.05368	0.06592	0.01505	0.00896	0.00245	0.00403	0.01323	0.00853	0.00807
35	0.01561	0.01506	0.02511	0.50165	0.10278	0.01855	0.05000	0.02020	0.01521	0.02034	0.01333	0.01992	0.01055	0.00861	0.01082	0.00270	0.13008	0.00698	0.00349	0.00900
36	0.02775	0.01175	0.01602	0.01333	0.01804	0.01042	0.01103	0.03094	0.02142	0.48307	0.11997	0.04108	0.03086	0.01246	0.00848	0.00260	0.00629	0.11408	0.00903	0.01136
37	0.22935	0.06082	0.05551	0.01488	0.02004	0.05765	0.01256	0.08800	0.32070	0.03252	0.02143	0.02104	0.01622	0.00896	0.00678	0.00244	0.00717	0.00671	0.00629	0.01093
38	0.06148	0.01603	0.02075	0.14747	0.06257	0.01636	0.03857	0.12366	0.07456	0.02887	0.01587	0.01865	0.01241	0.00761	0.00765	0.00202	0.03772	0.00614	0.00506	0.29654
39	0.06285	0.05325	0.03584	0.03421	0.26770	0.02008	0.28494	0.09606	0.01973	0.02801	0.01512	0.01916	0.01184	0.00703	0.00802	0.00241	0.01053	0.00758	0.00435	0.01129
40	0.01691	0.08685	0.20680	0.02020	0.02393	0.02279	0.01983	0.02068	0.01345	0.02024	0.01125	0.01640	0.01006	0.01126	0.01868	0.00298	0.45865	0.00626	0.00335	0.00943
41	0.02440	0.02655	0.01850	0.01639	0.02036	0.39392	0.01254	0.14098	0.02340	0.02570	0.02572	0.02649	0.12488	0.01031	0.00736	0.00215	0.01035	0.00749	0.07335	0.00919
42	0.02001	0.22496	0.36226	0.01925	0.02807	0.08206	0.05042	0.02596	0.01731	0.08097	0.01445	0.01618	0.01079	0.00738	0.00680	0.00220	0.01047	0.00557	0.00394	0.01093
43	0.02073	0.73217	0.04063	0.01327	0.01990	0.03068	0.01327	0.02322	0.01575	0.01824	0.01078	0.01244	0.00995	0.00663	0.00498	0.00166	0.00829	0.00415	0.00332	0.00995
44	0.01392	0.00732	0.00753	0.00748	0.00932	0.00721	0.00561	0.01747	0.01683	0.02876	0.08530	0.03343	0.05256	0.01009	0.00591	0.00190	0.00363	0.00822	0.67032	0.00721
45	0.01823	0.01748	0.02988	0.06981	0.57580	0.01749	0.04657	0.02278	0.01775	0.02509	0.04046	0.02322	0.04500	0.00783	0.00786	0.00235	0.00897	0.00768	0.00414	0.01163
46	0.01719	0.02867	0.34393	0.06045	0.24985	0.01833	0.08107	0.02509	0.05476	0.02510	0.01532	0.01863	0.01165	0.00734	0.00768	0.00243	0.01049	0.00665	0.00380	0.01157
47	0.00945	0.00675	0.00900	0.01080	0.01125	0.00630	0.00720	0.01080	0.01484	0.01979	0.04274	0.72245	0.05128	0.02429	0.00990	0.00315	0.00450	0.02204	0.00720	0.00630
48	0.00945	0.00675	0.00900	0.01080	0.01125	0.00630	0.00720	0.01080	0.01484	0.01979	0.04274	0.72245	0.05128	0.02429	0.00990	0.00315	0.00450	0.02204	0.00720	0.00630
49	0.10567	0.01722	0.05873	0.30796	0.09138	0.01821	0.05344	0.07682	0.12058	0.04952	0.01741	0.02074	0.01298	0.00816	0.00749	0.00251	0.00902	0.00698	0.00492	0.01027
50	0.00945	0.00675	0.00900	0.01080	0.01125	0.00630	0.00720	0.01080	0.01484	0.01979	0.04274	0.72245	0.05128	0.02429	0.00990	0.00315	0.00450	0.02204	0.00720	0.00630
51	0.01249	0.00892	0.01249	0.01428	0.01606	0.00892	0.01249	0.01606	0.01785	0.02320	0.04105	0.08746	0.04462	0.02142	0.01071	0.00357	0.00714	0.62695	0.00714	0.00714
52	0.78228	0.01499	0.01140	0.01020	0.01499	0.01739	0.00840	0.02279	0.01320	0.03479	0.01080	0.01260	0.00840	0.00720	0.00480	0.00240	0.00600	0.00420	0.00480	0.00840
53	0.01076	0.00792	0.01007	0.00953	0.01145	0.00723	0.00715	0.01422	0.02145	0.02991	0.60539	0.05987	0.14356	0.01629	0.00915	0.00246	0.00369	0.01430	0.00838	0.00723
54	0.01608	0.01378	0.01608	0.01148	0.01837	0.01034	0.00919	0.01952	0.01608	0.02527	0.01378	0.01608	0.01148	0.00574	0.00574	0.00115	0.00574	0.00459	0.00459	0.77491
55	0.01207	0.00928	0.01211	0.01121	0.01234	0.01000	0.00835	0.01430	0.01755	0.02478	0.38773	0.04873	0.07718	0.14349	0.01840	0.04531	0.12165	0.01204	0.00666	0.00679
56	0.00985	0.00770	0.00893	0.00900	0.01099	0.00678	0.00661	0.01232	0.01874	0.02437	0.28470	0.17301	0.36122	0.01904	0.00928	0.00264	0.00392	0.01645	0.00767	0.00678
57	0.01911	0.20425	0.05949	0.04720	0.02163	0.09302	0.01346	0.02993	0.28130	0.02535	0.05824	0.05193	0.04358	0.01007	0.00719	0.00231	0.00775	0.00797	0.00582	0.01041
58	0.03479	0.01320	0.01799	0.01380	0.01979	0.01140	0.01140	0.03779	0.02219	0.68451	0.03059	0.02639	0.01919	0.00960	0.00780	0.00240	0.00660	0.00780	0.00960	0.01320
59	0.01926	0.01368	0.01640	0.01188	0.01862	0.01052	0.00956	0.02263	0.01712	0.13753	0.01664	0.01783	0.01280	0.00640	0.00609	0.00136	0.00589	0.00514	0.00545	0.64519
60	0.01762	0.01047	0.01099	0.00991	0.01267	0.01097	0.00782	0.15604	0.02073	0.03295	0.02467	0.02975	0.01972	0.00975	0.00621	0.00201	0.00487	0.03980	0.56455	0.00852
61	0.01555	0.04011	0.68733	0.02210	0.03356	0.01801	0.02865	0.02455	0.01637	0.02455	0.01391	0.01637	0.00982	0.00737	0.00737	0.00246	0.01146	0.00573	0.00327	0.01146
62	0.03479	0.01320	0.01799	0.01380	0.01979	0.01140	0.01140	0.03779	0.02219	0.68451	0.03059	0.02639	0.01919	0.00960	0.00780	0.00240	0.00660	0.00780	0.00960	0.01320
63	0.01555	0.04011	0.68733	0.02210	0.03356	0.01801	0.02865	0.02455	0.01637	0.02455	0.01391	0.01637	0.00982	0.00737	0.00737	0.00246	0.01146	0.00573	0.00327	0.01146
64	0.03388	0.01465	0.01889	0.01448	0.02052	0.01355	0.01197	0.14261	0.02462	0.57626	0.02855	0.02507	0.01817	0.00955	0.00779	0.00239	0.00693	0.00766	0.00928	0.01319
65	0.02040	0.01996	0.03484	0.02592	0.03261	0.02026	0.38301	0.13273	0.18633	0.03074	0.02022	0.02258	0.01504	0.00801	0.00860	0.00257	0.01055	0.00869	0.00557	0.01137
66	0.01892	0.00854	0.00959	0.00867	0.01139	0.00814	0.00673	0.02239	0.01756	0.17277	0.02646	0.02835	0.01972	0.00916	0.00594	0.00194	0.00427	0.00735	0.60357	0.00854
67	0.03479	0.01320	0.01799	0.01380	0.01979	0.01140	0.01140	0.03779	0.02219	0.68451	0.03059	0.02639	0.01919	0.00960	0.00780	0.00240	0.00660	0.00780	0.00960	0.01320
68	0.02710	0.02231	0.24929	0.01669	0.02438	0.01357	0.01741	0.03221	0.01998	0.42568	0.02530	0.02574	0.01712	0.00937	0.00778	0.00247	0.00830	0.03565	0.00730	0.01232
69	0.00945	0.00675	0.00900	0.01080	0.01125	0.00630	0.00720	0.01080	0.01484	0.01979	0.04274	0.72245	0.05128	0.02429	0.00990	0.00315	0.00450	0.02204	0.00720	0.00630
70	0.02808	0.01158	0.01545	0.01237	0.01714	0.01018	0.01002	0.03127	0.02160	0.49156	0.16099	0.03302	0.03022	0.01082	0.00785	0.00235	0.00573	0.00901	0.07930	0.01145
71	0.01836	0.01758	0.02998	0.16807	0.56514	0.01820	0.02338	0.02307	0.01726	0.02433	0.01444	0.01946	0.01193	0.00706	0.00769	0.00235	0.00942	0.00691	0.00377	0.01161
72	0.23997	0.01639	0.05025	0.01951	0.13112	0.01630	0.01394	0.05544	0.01786	0.21761	0.02124	0.02198	0.04880	0.00932	0.00893	0.00250	0.08524	0.00684	0.00605	0.01071
73	0.50448	0.01663	0.01757	0.03884	0.16695	0.04121	0.01312	0.02290	0.01446	0.03047	0.01173	0.01469	0.00952	0.00766	0.00719	0.00244	0.06131	0.00511	0.00441	0.00931
74	0.01592	0.01455	0.02379	0.12194	0.37984	0.01508	0.01844	0.01992	0.01750	0.02459	0.12454	0.11737	0.02687	0.01096	0.00883	0.00251	0.03227	0.01003	0.00497	0.01009
75	0.01309	0.00839	0.01104	0.01011	0.01231	0.00768	0.00768	0.01669	0.02197	0.08915	0.61778	0.05512	0.06836	0.01530	0.00903	0.00244	0.00392	0.01347	0.00863	0.00784
76	0.01205	0.00862	0.01212	0.01182	0.01252	0.00993	0.00866	0.01303	0.01173	0.01659	0.01945	0.03286	0.01963	0.20641	0.36893	0.14025	0.07680	0.00860	0.00408	0.00593
77	0.15536	0.01349	0.01693	0.01321	0.01902	0.01236	0.01091	0.03537	0.02074	0.57971	0.02740	0.02417	0.01745	0.00921	0.00731	0.00240	0.00650	0.00722	0.00882	0.01242
78	0.02402	0.01354	0.01663	0.01423	0.01865	0.01361	0.01163	0.11807	0.14016	0.27054	0.12302	0.04067	0.03121	0.01263	0.00850	0.00264	0.00646	0.11419	0.00846	0.01115
79	0.51289	0.01435	0.01377	0.01149	0.01672	0.01523	0.00948	0.02820	0.01644	0.26894	0.01793	0.01757	0.01229	0.00806	0.00588	0.00240	0.00621	0.00550	0.00653	0.01013
80	0.02102	0.01752	0.01851	0.01613	0.02082	0.02010	0.01269	0.14544	0.55807	0.03523	0.02935	0.02717	0.02188	0.01031	0.00787	0.00258	0.00654	0.00846	0.00787	0.01243
81	0.01555	0.04011	0.68733	0.02210	0.03356	0.01801	0.02865	0.02455	0.01637	0.02455	0.01391	0.01637	0.00982	0.00737	0.00737	0.00246	0.01146	0.00573	0.00327	0.01146
82	0.02073	0.73217	0.04063	0.01327	0.01990	0.03068	0.01327	0.02322	0.01575	0.01824	0.01078	0.01244	0.00995	0.00663	0.00498	0.00166	0.00829	0.00415	0.00332	0.00995
83	0.01286	0.00934	0.01277	0.01436	0.01629	0.00949	0.01248	0.01743	0.05290	0.02370	0.04054	0.08429	0.04349	0.02083	0.01056	0.00352	0.00709	0.59348	0.00718	0.00742
84	0.02073	0.73217	0.04063	0.01327	0.01990	0.03068	0.01327	0.02322	0.01575	0.01824	0.01078	0.01244	0.00995	0.00663	0.00498	0.00166	0.00829	0.00415	0.00332	0.00995
85	0.02769	0.01365	0.01715	0.01368	0.01869	0.01306	0.01109	0.13758	0.05938	0.39395	0.17359	0.03230	0.03055	0.01100	0.00810	0.00241	0.00624	0.00911	0.00895	0.01182
86	0.00976	0.00702	0.00930	0.01084	0.01156	0.00656	0.00751	0.01147	0.01572	0.02099	0.09668	0.60603	0.07178	0.02326	0.00986	0.00310	0.00458	0.06021	0.00731	0.00644
87	0.01929	0.01666	0.01753	0.01578	0.02016	0.01929	0.01227	0.04120	0.66513	0.03243	0.03156	0.02893	0.02367	0.01052	0.00789	0.00263	0.00614	0.00877	0.00789	0.01227
88	0.01128	0.00752	0.00846	0.00846	0.00846	0.00752	0.00470	0.01128	0.01128	0.01503	0.02443	0.05074	0.02819	0.72751	0.03946	0.00752	0.00752	0.01128	0.00470	0.00470
89	0.53954	0.01544	0.01732	0.04593	0.02075	0.01679	0.09192	0.02511	0.01527	0.12770	0.01445	0.01605	0.01050	0.00749	0.00593	0.00244	0.00719	0.00548	0.00532	0.00937
90	0.02106	0.01550	0.01718	0.01484	0.01923	0.01705	0.01169	0.11913	0.40059	0.10892	0.13590	0.03203	0.02991	0.01113	0.00807	0.00253	0.00610	0.00928	0.00817	0.01168
91	0.01636	0.01404	0.01621	0.01187	0.01853	0.01113	0.00946	0.02145	0.07375	0.02590	0.01536	0.01722	0.01257	0.00617	0.00593	0.00128	0.00578	0.00496	0.00489	0.70714
92	0.01166	0.00925	0.01288	0.11135	0.04879	0.00930	0.00993	0.01510	0.01910	0.02618	0.39463	0.05101	0.13674	0.05705	0.05067	0.00335	0.00612	0.01250	0.00694	0.00746
93	0.01075	0.00871	0.01399	0.01383	0.01532	0.00817	0.09208	0.01289	0.01544	0.02061	0.03910	0.60084	0.04578	0.02182	0.00984	0.00310	0.00575	0.04833	0.00676	0.00688
94	0.01040	0.00755	0.00972	0.01017	0.01118	0.00747	0.00708	0.01222	0.01509	0.02043	0.14362	0.25466	0.11129	0.17650	0.16093	0.00585	0.00836	0.01494	0.00626	0.00629
95	0.01464	0.01378	0.02326	0.70887	0.05340	0.01723	0.02153	0.01981	0.01550	0.01981	0.01378	0.02067	0.01034	0.00775	0.00775	0.00258	0.01034	0.00689	0.00345	0.00861
96	0.01808	0.01866	0.02496	0.34799	0.18087	0.11572	0.02031	0.02208	0.01628	0.02071	0.01309	0.01876	0.01069	0.00859	0.01064	0.00258	0.13033	0.00661	0.00360	0.00945
97	0.01072	0.00765	0.01045	0.01225	0.01325	0.00739	0.00940	0.01299	0.01610	0.02121	0.04203	0.45802	0.04851	0.02310	0.01024	0.00332	0.00560	0.27394	0.00717	0.00665
98	0.01929	0.01666	0.01753	0.01578	0.02016	0.01929	0.01227	0.04120	0.66513	0.03243	0.03156	0.02893	0.02367	0.01052	0.00789	0.00263	0.00614	0.00877	0.00789	0.01227
99	0.01310	0.01030	0.01346	0.01578	0.12460	0.01002	0.00930	0.04885	0.01732	0.02325	0.17115	0.05013	0.16955	0.26766	0.01960	0.00425	0.00630	0.01194	0.00605	0.00739
100	0.03122	0.01702	0.02013	0.01564	0.02158	0.01732	0.01285	0.29204	0.08521	0.36431	0.02574	0.02341	0.01711	0.00956	0.00779	0.00239	0.00735	0.00755	0.00869	0.01311
101	0.10149	0.01909	0.02426	0.02172	0.11003	0.10927	0.12190	0.05207	0.01953	0.19441	0.01814	0.01940	0.01315	0.00761	0.00726	0.00216	0.00894	0.00660	0.00572	0.13726
102	0.11547	0.05756	0.02272	0.01890	0.08032	0.08696	0.04705	0.17170	0.02341	0.26929	0.02044	0.02011	0.01416	0.00853	0.00727	0.00230	0.00838	0.00671	0.00691	0.01181

[dist]
# distance from previous block
# <min> <max>
0	6

[block]
# block no. 5 follows, 25 sequences, length 64
# corresponding to MSA columns:
# 907-970
name=unknown_F
#
# <colnr> <probs for GDERKNQSTAVLIFYWHMCP>
#	G	D	E	R	K	N	Q	S	T	A	V	L	I	F	Y	W	H	M	C	P
0	0.01993	0.06225	0.02064	0.01569	0.02006	0.06128	0.08763	0.17790	0.02281	0.08884	0.07718	0.15414	0.13167	0.01349	0.00839	0.00250	0.00747	0.01165	0.00678	0.00967
1	0.10101	0.04656	0.04992	0.01649	0.09082	0.01390	0.01243	0.05770	0.01730	0.02717	0.01635	0.02298	0.01441	0.00788	0.00649	0.00180	0.00683	0.06544	0.00485	0.41968
2	0.00973	0.00788	0.00864	0.00845	0.01082	0.00679	0.00634	0.01223	0.01902	0.02414	0.26632	0.06936	0.48623	0.01845	0.00916	0.00256	0.00384	0.01563	0.00762	0.00679
3	0.01214	0.01087	0.01895	0.01819	0.06325	0.01021	0.15697	0.01494	0.01599	0.02140	0.03652	0.47752	0.07344	0.01876	0.00953	0.00294	0.00677	0.01773	0.00621	0.00768
4	0.01615	0.03616	0.56654	0.02240	0.03286	0.01827	0.08111	0.02620	0.07956	0.02534	0.01578	0.01798	0.01134	0.00760	0.00757	0.00249	0.01108	0.00632	0.00378	0.01145
5	0.01019	0.00803	0.00928	0.00934	0.01160	0.00712	0.00726	0.01290	0.01901	0.02438	0.25627	0.07131	0.40203	0.01873	0.00938	0.00270	0.00430	0.10173	0.00760	0.00687
6	0.02036	0.19410	0.02724	0.20984	0.11694	0.18558	0.01691	0.02490	0.05948	0.02057	0.01434	0.01868	0.01205	0.03858	0.00826	0.00239	0.01018	0.00608	0.00394	0.00958
7	0.01051	0.00801	0.01117	0.01193	0.01275	0.00866	0.00869	0.01242	0.01388	0.01911	0.03377	0.40808	0.05563	0.03566	0.25835	0.00650	0.05643	0.01593	0.00585	0.00667
8	0.02323	0.12419	0.23390	0.02209	0.09963	0.09053	0.05827	0.05751	0.01939	0.17264	0.01743	0.01853	0.01251	0.00782	0.00726	0.00227	0.00991	0.00630	0.00509	0.01149
9	0.02079	0.01799	0.06668	0.16691	0.38108	0.01699	0.04554	0.02556	0.01798	0.13931	0.01723	0.02063	0.01295	0.00755	0.00775	0.00239	0.00925	0.00708	0.00474	0.01162
10	0.02069	0.01002	0.01349	0.01184	0.01522	0.00898	0.00933	0.02380	0.02094	0.29795	0.29321	0.12454	0.04648	0.01464	0.00878	0.00258	0.00520	0.05396	0.00872	0.00960
11	0.00949	0.00690	0.00895	0.01048	0.01119	0.00637	0.00708	0.01100	0.01542	0.02040	0.07381	0.63265	0.11074	0.02349	0.00979	0.00307	0.00441	0.02116	0.00726	0.00637
12	0.01683	0.03139	0.42523	0.02512	0.05874	0.01771	0.20333	0.02443	0.01723	0.04719	0.01805	0.02085	0.04210	0.00777	0.00798	0.00250	0.01131	0.00732	0.00388	0.01104
13	0.34465	0.10185	0.24391	0.01501	0.02242	0.01829	0.01616	0.02534	0.01569	0.11210	0.01436	0.01561	0.01042	0.00750	0.00607	0.00234	0.00817	0.00517	0.00473	0.01021
14	0.01010	0.00722	0.00975	0.01154	0.01228	0.00686	0.00834	0.01193	0.01549	0.02053	0.04237	0.58594	0.04985	0.02367	0.01007	0.00324	0.00507	0.15208	0.00719	0.00648
15	0.20317	0.09361	0.21558	0.02196	0.13437	0.12577	0.01851	0.02556	0.01695	0.05906	0.01353	0.01570	0.01041	0.00739	0.00654	0.00227	0.00963	0.00540	0.00417	0.01042
16	0.00952	0.00692	0.00900	0.01063	0.01133	0.00641	0.00725	0.01100	0.01521	0.02001	0.04603	0.64139	0.10957	0.02376	0.00985	0.00311	0.00453	0.04094	0.00720	0.00635
17	0.02319	0.01932	0.01968	0.01667	0.02165	0.05272	0.01323	0.24780	0.42221	0.03736	0.02626	0.02474	0.01948	0.00999	0.00780	0.00250	0.00732	0.00798	0.00766	0.01243
18	0.01653	0.01782	0.05120	0.02127	0.02418	0.06255	0.16220	0.01998	0.01466	0.02047	0.01570	0.02458	0.01443	0.02094	0.15649	0.00495	0.29546	0.04398	0.00393	0.00869
19	0.02076	0.27089	0.34711	0.01760	0.02644	0.02114	0.02032	0.02647	0.01720	0.14077	0.01584	0.01683	0.01155	0.00752	0.00663	0.00217	0.00951	0.00556	0.00442	0.01126
20	0.01771	0.02524	0.19466	0.03113	0.07815	0.01916	0.46714	0.02471	0.01781	0.02480	0.01520	0.01975	0.01134	0.00675	0.00864	0.00256	0.01246	0.00821	0.00377	0.01080
21	0.01128	0.00752	0.00846	0.00846	0.00846	0.00752	0.00470	0.01128	0.01128	0.01503	0.02443	0.05074	0.02819	0.72751	0.03946	0.00752	0.00752	0.01128	0.00470	0.00470
22	0.01064	0.00791	0.00991	0.00941	0.01138	0.00718	0.00706	0.01399	0.02117	0.02925	0.56652	0.06096	0.18284	0.01654	0.00915	0.00247	0.00371	0.01445	0.00829	0.00718
23	0.02073	0.73217	0.04063	0.01327	0.01990	0.03068	0.01327	0.02322	0.01575	0.01824	0.01078	0.01244	0.00995	0.00663	0.00498	0.00166	0.00829	0.00415	0.00332	0.00995
24	0.00990	0.00704	0.00935	0.01103	0.01159	0.00666	0.00762	0.01140	0.01494	0.01986	0.04136	0.60918	0.04905	0.06970	0.01191	0.00348	0.00498	0.08764	0.00703	0.00629
25	0.01445	0.00723	0.00723	0.00723	0.00903	0.00723	0.00542	0.01807	0.01626	0.02891	0.02529	0.02891	0.01987	0.00903	0.00542	0.00181	0.00361	0.00723	0.77055	0.00723
26	0.00928	0.00786	0.00801	0.00797	0.01054	0.00659	0.00598	0.01134	0.01794	0.02157	0.11521	0.07359	0.63894	0.01940	0.00916	0.00261	0.00391	0.01622	0.00728	0.00659
27	0.00974	0.00696	0.00934	0.01113	0.01171	0.00655	0.00771	0.01131	0.01514	0.02012	0.04257	0.66076	0.05064	0.02401	0.00998	0.00319	0.00476	0.08081	0.00719	0.00638
28	0.01330	0.00733	0.00815	0.00868	0.01023	0.00724	0.00654	0.01648	0.01617	0.02656	0.03032	0.16526	0.02852	0.01327	0.00685	0.00225	0.00417	0.07919	0.54244	0.00704
29	0.78228	0.01499	0.01140	0.01020	0.01499	0.01739	0.00840	0.02279	0.01320	0.03479	0.01080	0.01260	0.00840	0.00720	0.00480	0.00240	0.00600	0.00420	0.00480	0.00840
30	0.01445	0.00723	0.00723	0.00723	0.00903	0.00723	0.00542	0.01807	0.01626	0.02891	0.02529	0.02891	0.01987	0.00903	0.00542	0.00181	0.00361	0.00723	0.77055	0.00723
31	0.02073	0.73217	0.04063	0.01327	0.01990	0.03068	0.01327	0.02322	0.01575	0.01824	0.01078	0.01244	0.00995	0.00663	0.00498	0.00166	0.00829	0.00415	0.00332	0.00995
32	0.01108	0.00831	0.01246	0.01246	0.01385	0.00969	0.00969	0.01385	0.01246	0.01800	0.02077	0.03046	0.01938	0.05815	0.69678	0.01246	0.02077	0.00831	0.00415	0.00692
33	0.01539	0.00906	0.00923	0.00889	0.01120	0.00957	0.00675	0.02256	0.14233	0.02959	0.02651	0.02891	0.02061	0.00932	0.00590	0.00197	0.00410	0.00753	0.62238	0.00821
34	0.06854	0.57298	0.05592	0.01395	0.02056	0.02860	0.01362	0.10692	0.01837	0.02352	0.01192	0.01339	0.01028	0.00705	0.00541	0.00182	0.00828	0.00457	0.00400	0.01033
35	0.06786	0.01944	0.01918	0.01635	0.02127	0.06650	0.01296	0.22109	0.39657	0.03654	0.02517	0.02389	0.01873	0.00979	0.00761	0.00248	0.00737	0.00771	0.00740	0.01209
