[name]
unknown

[dist]
# distance from previous block
# <min> <max>
0	345

[block]
# block no. 0 follows, 24 sequences, length 10
# corresponding to MSA columns:
# 348-357
name=unknown_A
#
# <colnr> <probs for GDERKNQSTAVLIFYWHMCP>
#	G	D	E	R	K	N	Q	S	T	A	V	L	I	F	Y	W	H	M	C	P
0	0.01211	0.00788	0.01062	0.01174	0.01300	0.00739	0.00862	0.01430	0.01714	0.06517	0.12193	0.47581	0.05194	0.02224	0.01003	0.00315	0.00511	0.12693	0.00768	0.00719
1	0.00995	0.00791	0.00893	0.00898	0.01114	0.00689	0.00662	0.01238	0.01898	0.02429	0.24643	0.15270	0.41765	0.01956	0.00946	0.00269	0.00401	0.01678	0.00776	0.00689
2	0.11098	0.06550	0.06710	0.01355	0.02031	0.09520	0.01175	0.02241	0.01681	0.02573	0.01331	0.01553	0.01095	0.00651	0.00598	0.00157	0.00752	0.00475	0.00447	0.48008
3	0.01857	0.01582	0.01767	0.01696	0.06596	0.06974	0.01226	0.07981	0.15232	0.05789	0.20946	0.05364	0.06245	0.01253	0.01010	0.00253	0.07582	0.01013	0.00701	0.04932
4	0.01080	0.00803	0.00960	0.00978	0.01140	0.00740	0.00715	0.01309	0.01792	0.02359	0.24159	0.11806	0.23725	0.15791	0.01573	0.00377	0.00510	0.08794	0.00727	0.00662
5	0.20140	0.01660	0.02349	0.06483	0.26896	0.01750	0.05310	0.02667	0.09854	0.07569	0.01930	0.02490	0.01579	0.00887	0.00749	0.00255	0.00818	0.04979	0.00533	0.01100
6	0.06109	0.02172	0.11668	0.08195	0.02541	0.09825	0.01547	0.08693	0.08386	0.06159	0.05490	0.02158	0.01670	0.01031	0.02888	0.00255	0.03954	0.00674	0.00541	0.16043
7	0.01383	0.01186	0.01819	0.21122	0.07431	0.01416	0.01486	0.01706	0.01418	0.01956	0.01937	0.03252	0.01848	0.11698	0.23544	0.00671	0.09815	0.05102	0.00421	0.00789
8	0.01320	0.00938	0.01153	0.01231	0.01397	0.00971	0.00930	0.01898	0.13732	0.02409	0.03666	0.30886	0.03867	0.01985	0.01100	0.06316	0.00559	0.15024	0.09851	0.00767
9	0.01807	0.01493	0.06318	0.09615	0.02322	0.01205	0.01249	0.05349	0.01840	0.10869	0.05620	0.12551	0.02207	0.01032	0.00743	0.00205	0.00680	0.00880	0.00590	0.33425

[dist]
# distance from previous block
# <min> <max>
0	1

[block]
# block no. 1 follows, 24 sequences, length 37
# corresponding to MSA columns:
# 359-395
name=unknown_B
#
# <colnr> <probs for GDERKNQSTAVLIFYWHMCP>
#	G	D	E	R	K	N	Q	S	T	A	V	L	I	F	Y	W	H	M	C	P
0	0.05701	0.01542	0.02214	0.09700	0.18939	0.01516	0.01587	0.08140	0.02104	0.30690	0.02345	0.05732	0.01726	0.00940	0.00785	0.00244	0.00784	0.00804	0.00698	0.03807
1	0.34788	0.01760	0.02490	0.03042	0.31804	0.01852	0.08553	0.02401	0.01615	0.03004	0.01336	0.01690	0.01078	0.00715	0.00674	0.00243	0.00843	0.00612	0.00436	0.01063
2	0.01069	0.00878	0.01319	0.01286	0.01466	0.00805	0.07699	0.01291	0.01655	0.02171	0.08402	0.47741	0.16891	0.02142	0.00985	0.00301	0.00540	0.01949	0.00707	0.00702
3	0.02390	0.01659	0.01829	0.01528	0.01990	0.01820	0.01213	0.24579	0.25551	0.10177	0.02519	0.02513	0.01865	0.01172	0.01000	0.07690	0.00699	0.00788	0.07857	0.01160
4	0.77733	0.01534	0.01166	0.01043	0.01534	0.01779	0.00859	0.02331	0.01350	0.03558	0.01104	0.01288	0.00859	0.00736	0.00491	0.00245	0.00613	0.00429	0.00491	0.00859
5	0.01963	0.01884	0.03219	0.04867	0.67185	0.01884	0.02434	0.02434	0.01806	0.02591	0.01492	0.01963	0.01256	0.00707	0.00785	0.00236	0.00942	0.00707	0.00393	0.01256
6	0.02120	0.72609	0.04155	0.01357	0.02035	0.03138	0.01357	0.02374	0.01611	0.01866	0.01102	0.01272	0.01018	0.00678	0.00509	0.00170	0.00848	0.00424	0.00339	0.01018
7	0.00966	0.00690	0.00920	0.01104	0.01150	0.00644	0.00736	0.01104	0.01518	0.02024	0.04371	0.71614	0.05245	0.02484	0.01012	0.00322	0.00460	0.02254	0.00736	0.00644
8	0.20709	0.00939	0.00847	0.00816	0.01078	0.01001	0.00631	0.01970	0.01584	0.03108	0.02213	0.02536	0.01737	0.00877	0.00538	0.00200	0.00431	0.00661	0.57357	0.00769
9	0.01963	0.01884	0.03219	0.04867	0.67185	0.01884	0.02434	0.02434	0.01806	0.02591	0.01492	0.01963	0.01256	0.00707	0.00785	0.00236	0.00942	0.00707	0.00393	0.01256
10	0.01735	0.01651	0.02807	0.36904	0.36929	0.01824	0.02320	0.02234	0.01698	0.02314	0.01451	0.02037	0.01159	0.00749	0.00789	0.00250	0.00998	0.00706	0.00373	0.01072
11	0.77733	0.01534	0.01166	0.01043	0.01534	0.01779	0.00859	0.02331	0.01350	0.03558	0.01104	0.01288	0.00859	0.00736	0.00491	0.00245	0.00613	0.00429	0.00491	0.00859
12	0.01905	0.01627	0.01743	0.01599	0.02021	0.01870	0.01257	0.03964	0.59546	0.03226	0.03322	0.03540	0.02629	0.01184	0.00835	0.00278	0.00638	0.06814	0.00799	0.01204
13	0.02007	0.04752	0.01945	0.01605	0.08242	0.01301	0.01155	0.05465	0.01848	0.11910	0.01813	0.05125	0.01488	0.00767	0.00663	0.00165	0.00655	0.00634	0.00558	0.47902
14	0.02550	0.08296	0.02048	0.01476	0.01969	0.01497	0.04107	0.14073	0.02270	0.29313	0.03151	0.17410	0.05731	0.01306	0.00828	0.00255	0.00699	0.01109	0.00792	0.01118
15	0.48688	0.02026	0.14982	0.01359	0.02011	0.01681	0.01339	0.02646	0.01583	0.14980	0.01537	0.01623	0.01089	0.00784	0.00600	0.00247	0.00739	0.00528	0.00548	0.01012
16	0.06372	0.41575	0.25784	0.01682	0.02506	0.05882	0.01876	0.02458	0.01649	0.02189	0.01219	0.01419	0.01004	0.00714	0.00602	0.00204	0.00974	0.00484	0.00350	0.01056
17	0.01489	0.01364	0.05109	0.02202	0.19818	0.01174	0.04298	0.01864	0.01919	0.06324	0.17198	0.04866	0.26424	0.01382	0.00877	0.00253	0.00645	0.01216	0.00647	0.00932
18	0.01842	0.12976	0.07787	0.01665	0.08382	0.01539	0.01330	0.02236	0.01689	0.05720	0.01456	0.01671	0.01183	0.00647	0.00618	0.00155	0.00717	0.00512	0.00456	0.47422
19	0.00971	0.00805	0.00850	0.00839	0.01092	0.00684	0.00629	0.01203	0.01887	0.02331	0.18742	0.07320	0.56037	0.01938	0.00937	0.00264	0.00397	0.01630	0.00761	0.00684
20	0.01644	0.01409	0.01644	0.01175	0.01879	0.01057	0.00940	0.01997	0.01644	0.02584	0.01409	0.01644	0.01175	0.00587	0.00587	0.00117	0.00587	0.00470	0.00470	0.76979
21	0.01590	0.04102	0.68023	0.02260	0.03432	0.01842	0.02930	0.02511	0.01674	0.02511	0.01423	0.01674	0.01005	0.00753	0.00753	0.00251	0.01172	0.00586	0.00335	0.01172
22	0.15212	0.01591	0.01865	0.01453	0.02052	0.01579	0.01200	0.18424	0.02479	0.42231	0.02508	0.02281	0.01638	0.00935	0.00748	0.00244	0.00713	0.00719	0.00858	0.01271
23	0.01158	0.00941	0.01414	0.01388	0.01558	0.00911	0.07769	0.01543	0.06994	0.02247	0.07088	0.54921	0.04675	0.02123	0.00983	0.00308	0.00566	0.01954	0.00712	0.00747
24	0.77733	0.01534	0.01166	0.01043	0.01534	0.01779	0.00859	0.02331	0.01350	0.03558	0.01104	0.01288	0.00859	0.00736	0.00491	0.00245	0.00613	0.00429	0.00491	0.00859
25	0.00956	0.00791	0.00838	0.00853	0.01089	0.00673	0.00629	0.01164	0.01812	0.02216	0.12569	0.14522	0.55096	0.02028	0.00945	0.00272	0.00406	0.01717	0.00748	0.00673
26	0.01375	0.00869	0.01124	0.01027	0.01267	0.00787	0.00782	0.01727	0.02211	0.10190	0.54832	0.05713	0.11868	0.01583	0.00920	0.00251	0.00409	0.01384	0.00873	0.00808
27	0.02624	0.01838	0.02055	0.01576	0.02208	0.01866	0.01286	0.33925	0.09001	0.12665	0.02067	0.02045	0.01489	0.00871	0.00741	0.00210	0.00747	0.00678	0.00734	0.21373
28	0.70532	0.01516	0.01231	0.01079	0.01581	0.01719	0.00889	0.02480	0.01439	0.09788	0.01301	0.01425	0.00966	0.00760	0.00521	0.00245	0.00619	0.00465	0.00538	0.00906
29	0.05833	0.01277	0.01463	0.01311	0.01688	0.01307	0.01012	0.08287	0.17285	0.17694	0.03765	0.20122	0.09907	0.01470	0.00843	0.00269	0.00584	0.01248	0.03603	0.01032
30	0.01069	0.00808	0.00993	0.00988	0.01187	0.00731	0.00749	0.01374	0.02025	0.02720	0.39535	0.11818	0.24334	0.01849	0.00955	0.00270	0.00419	0.06648	0.00810	0.00716
31	0.01215	0.00932	0.01390	0.01260	0.01392	0.00973	0.06870	0.01387	0.01269	0.01750	0.02270	0.04108	0.02379	0.40129	0.28333	0.00912	0.01337	0.01017	0.00452	0.00624
32	0.01033	0.00761	0.00967	0.01012	0.01155	0.00695	0.00722	0.01288	0.01891	0.02569	0.33393	0.32438	0.15102	0.02022	0.00966	0.00281	0.00412	0.01796	0.00799	0.00695
33	0.04398	0.00926	0.01140	0.01063	0.01343	0.00835	0.00804	0.01866	0.01958	0.16566	0.23264	0.19261	0.20052	0.01727	0.00906	0.00268	0.00472	0.01491	0.00820	0.00840
34	0.02032	0.01133	0.01293	0.01128	0.01480	0.01115	0.00883	0.11413	0.04724	0.16840	0.05703	0.09854	0.11313	0.01263	0.00759	0.00235	0.00532	0.01046	0.26293	0.00961
35	0.01318	0.00805	0.01050	0.01116	0.01275	0.00733	0.00799	0.01513	0.01719	0.10489	0.09855	0.47765	0.11763	0.02157	0.00974	0.00302	0.00485	0.04356	0.00779	0.00749
36	0.01233	0.00947	0.01068	0.01037	0.01294	0.00902	0.00775	0.01785	0.11750	0.04765	0.20605	0.15154	0.32109	0.01803	0.00922	0.00270	0.00447	0.01547	0.00788	0.00798

[dist]
# distance from previous block
# <min> <max>
0	1

[block]
# block no. 2 follows, 24 sequences, length 6
# corresponding to MSA columns:
# 397-402
name=unknown_C
#
# <colnr> <probs for GDERKNQSTAVLIFYWHMCP>
#	G	D	E	R	K	N	Q	S	T	A	V	L	I	F	Y	W	H	M	C	P
0	0.01353	0.00803	0.00981	0.00969	0.01160	0.00748	0.00714	0.01656	0.01893	0.07587	0.26395	0.19934	0.08959	0.01604	0.00838	0.00249	0.00417	0.01399	0.21579	0.00762
1	0.01449	0.01608	0.10071	0.01741	0.02152	0.01354	0.11428	0.02310	0.18093	0.02500	0.03264	0.34067	0.03340	0.01614	0.00915	0.00291	0.00733	0.01485	0.00650	0.00935
2	0.01551	0.01132	0.01314	0.01202	0.01496	0.01144	0.00917	0.10260	0.11562	0.05924	0.26608	0.15715	0.14757	0.01625	0.00904	0.00265	0.00509	0.01402	0.00814	0.00899
3	0.11348	0.00846	0.00906	0.00953	0.01082	0.00847	0.00640	0.01349	0.01427	0.02164	0.03645	0.27484	0.11281	0.24311	0.01862	0.00437	0.00565	0.01463	0.06760	0.00631
4	0.01276	0.00906	0.01061	0.01035	0.01176	0.00957	0.00721	0.01703	0.09568	0.02141	0.06488	0.04407	0.07537	0.30982	0.16699	0.00675	0.00942	0.01058	0.09979	0.00689
5	0.06837	0.01076	0.01319	0.01201	0.01532	0.01036	0.00942	0.02359	0.08146	0.19579	0.22567	0.12822	0.09441	0.01527	0.00881	0.00270	0.00533	0.06163	0.00830	0.00939

[dist]
# distance from previous block
# <min> <max>
2	5

[block]
# block no. 3 follows, 24 sequences, length 49
# corresponding to MSA columns:
# 408-456
name=unknown_D
#
# <colnr> <probs for GDERKNQSTAVLIFYWHMCP>
#	G	D	E	R	K	N	Q	S	T	A	V	L	I	F	Y	W	H	M	C	P
0	0.01786	0.01652	0.02183	0.05901	0.21870	0.06600	0.01602	0.07602	0.02038	0.02780	0.20674	0.03281	0.05776	0.01163	0.01103	0.00257	0.11223	0.00943	0.00575	0.00990
1	0.01564	0.01514	0.02637	0.05094	0.14894	0.03553	0.20164	0.01981	0.01759	0.02346	0.02760	0.21627	0.02873	0.01438	0.00944	0.00291	0.00914	0.12181	0.00545	0.00920
2	0.02153	0.01287	0.01821	0.19196	0.02715	0.01375	0.01386	0.07127	0.01956	0.23336	0.05726	0.17997	0.02610	0.01327	0.00984	0.00275	0.05910	0.01116	0.00697	0.01006
3	0.02115	0.26876	0.02631	0.01557	0.02037	0.08116	0.01380	0.16110	0.02213	0.02742	0.02323	0.03979	0.02271	0.01255	0.00786	0.00253	0.00866	0.20926	0.00577	0.00987
4	0.01254	0.00927	0.01262	0.01355	0.01536	0.00968	0.01114	0.01719	0.06447	0.02366	0.09346	0.12853	0.04166	0.02910	0.15975	0.00543	0.00971	0.32846	0.00682	0.00758
5	0.02400	0.02235	0.01966	0.16995	0.02800	0.28114	0.01457	0.02740	0.03983	0.14123	0.02057	0.08422	0.01763	0.06280	0.01023	0.00280	0.01046	0.00823	0.00549	0.00944
6	0.02183	0.01257	0.01537	0.01308	0.01600	0.01306	0.00997	0.21222	0.02082	0.11422	0.01863	0.02332	0.01495	0.01823	0.01888	0.37221	0.00720	0.00715	0.06210	0.00819
7	0.44775	0.01530	0.01513	0.01243	0.01790	0.01622	0.01025	0.08424	0.01888	0.26435	0.01893	0.01843	0.01294	0.00842	0.00626	0.00245	0.00658	0.00585	0.00692	0.01076
8	0.00948	0.00763	0.00845	0.00912	0.01100	0.00660	0.00651	0.01126	0.01703	0.02100	0.06713	0.30691	0.44656	0.02180	0.00964	0.00287	0.00423	0.01883	0.00736	0.00660
9	0.01502	0.00851	0.01128	0.01125	0.01324	0.00771	0.00817	0.01734	0.01857	0.14920	0.20126	0.39377	0.07425	0.01959	0.00949	0.00287	0.00477	0.01745	0.00818	0.00807
10	0.03014	0.02221	0.02380	0.01825	0.02459	0.02459	0.01507	0.64541	0.03728	0.04998	0.01904	0.01904	0.01349	0.00952	0.00793	0.00238	0.00873	0.00714	0.00793	0.01349
11	0.00937	0.00803	0.00803	0.00803	0.01071	0.00669	0.00602	0.01138	0.01807	0.02142	0.08033	0.07632	0.66863	0.02008	0.00937	0.00268	0.00402	0.01674	0.00736	0.00669
12	0.01834	0.01083	0.01251	0.01169	0.01453	0.01102	0.00884	0.07499	0.11499	0.12469	0.03241	0.23403	0.02986	0.01425	0.00785	0.00252	0.00522	0.01223	0.24991	0.00929
13	0.02134	0.01258	0.01486	0.01285	0.01596	0.01269	0.00952	0.18138	0.02145	0.17343	0.02875	0.17580	0.02771	0.23344	0.01845	0.00422	0.00710	0.01189	0.00727	0.00933
14	0.01278	0.00913	0.01278	0.01460	0.01643	0.00913	0.01278	0.01643	0.01825	0.02373	0.04199	0.08945	0.04564	0.02191	0.01095	0.00365	0.00730	0.61847	0.00730	0.00730
15	0.01081	0.00885	0.00969	0.01003	0.01225	0.00832	0.00730	0.01529	0.10069	0.02259	0.06259	0.27052	0.39156	0.02036	0.00944	0.00285	0.00449	0.01754	0.00746	0.00738
16	0.01346	0.00880	0.01057	0.01056	0.01191	0.00855	0.00715	0.03873	0.04028	0.06841	0.08484	0.27744	0.08636	0.27265	0.02059	0.00463	0.00598	0.01538	0.00677	0.00696
17	0.00966	0.00690	0.00920	0.01104	0.01150	0.00644	0.00736	0.01104	0.01518	0.02024	0.04371	0.71614	0.05245	0.02484	0.01012	0.00322	0.00460	0.02254	0.00736	0.00644
18	0.77733	0.01534	0.01166	0.01043	0.01534	0.01779	0.00859	0.02331	0.01350	0.03558	0.01104	0.01288	0.00859	0.00736	0.00491	0.00245	0.00613	0.00429	0.00491	0.00859
19	0.01137	0.00771	0.00860	0.00860	0.00880	0.00761	0.00490	0.01152	0.01202	0.01582	0.02908	0.05370	0.07621	0.66939	0.03807	0.00732	0.00742	0.01192	0.00499	0.00494
20	0.01605	0.01210	0.01366	0.01281	0.01557	0.01327	0.00963	0.02764	0.32911	0.02866	0.13920	0.08472	0.03302	0.01508	0.01158	0.11728	0.00551	0.01040	0.09546	0.00926
21	0.02120	0.72609	0.04155	0.01357	0.02035	0.03138	0.01357	0.02374	0.01611	0.01866	0.01102	0.01272	0.01018	0.00678	0.00509	0.00170	0.00848	0.00424	0.00339	0.01018
22	0.02120	0.72609	0.04155	0.01357	0.02035	0.03138	0.01357	0.02374	0.01611	0.01866	0.01102	0.01272	0.01018	0.00678	0.00509	0.00170	0.00848	0.00424	0.00339	0.01018
23	0.01049	0.00749	0.00978	0.01039	0.01144	0.00700	0.00723	0.01282	0.01813	0.02501	0.31916	0.37550	0.06063	0.07259	0.01202	0.00323	0.00445	0.01809	0.00778	0.00678
24	0.01719	0.01334	0.01607	0.01481	0.01708	0.01494	0.01131	0.19783	0.04820	0.02925	0.03108	0.38019	0.03365	0.01816	0.01178	0.00299	0.11092	0.01516	0.00697	0.00908
25	0.02026	0.60447	0.15493	0.01517	0.02283	0.02908	0.01636	0.02399	0.01622	0.01980	0.01159	0.01343	0.01015	0.00692	0.00552	0.00184	0.00906	0.00453	0.00338	0.01045
26	0.01058	0.00690	0.00945	0.01088	0.01124	0.00654	0.00725	0.01088	0.01410	0.01879	0.03701	0.56121	0.04379	0.02545	0.01479	0.17472	0.00511	0.01904	0.00648	0.00577
27	0.01638	0.01499	0.02272	0.33052	0.15775	0.01531	0.01791	0.02092	0.01648	0.02333	0.01425	0.01916	0.01137	0.00703	0.00717	0.00206	0.00866	0.00620	0.00402	0.28377
28	0.01377	0.00689	0.01033	0.01033	0.01033	0.00689	0.00689	0.01033	0.01033	0.01377	0.01377	0.02410	0.01377	0.02755	0.03099	0.76928	0.00689	0.00689	0.00344	0.00344
29	0.01498	0.01409	0.02378	0.70226	0.05462	0.01762	0.02202	0.02026	0.01586	0.02026	0.01409	0.02114	0.01057	0.00793	0.00793	0.00264	0.01057	0.00705	0.00352	0.00881
30	0.01470	0.01335	0.01880	0.01687	0.01737	0.01771	0.01359	0.01666	0.01230	0.01851	0.01555	0.02532	0.01539	0.09314	0.26263	0.00713	0.40142	0.00790	0.00386	0.00776
31	0.01963	0.01884	0.03219	0.04867	0.67185	0.01884	0.02434	0.02434	0.01806	0.02591	0.01492	0.01963	0.01256	0.00707	0.00785	0.00236	0.00942	0.00707	0.00393	0.01256
32	0.00966	0.00690	0.00920	0.01104	0.01150	0.00644	0.00736	0.01104	0.01518	0.02024	0.04371	0.71614	0.05245	0.02484	0.01012	0.00322	0.00460	0.02254	0.00736	0.00644
33	0.00999	0.00738	0.00916	0.01033	0.01136	0.00679	0.00714	0.01162	0.01601	0.02084	0.08069	0.46033	0.18284	0.08109	0.01248	0.00346	0.00483	0.05001	0.00721	0.00645
34	0.01081	0.00764	0.00945	0.01012	0.01074	0.00755	0.00669	0.01192	0.01369	0.01816	0.03582	0.25934	0.08923	0.33488	0.10237	0.00627	0.00798	0.04560	0.00587	0.00586
35	0.01644	0.01409	0.01644	0.01175	0.01879	0.01057	0.00940	0.01997	0.01644	0.02584	0.01409	0.01644	0.01175	0.00587	0.00587	0.00117	0.00587	0.00470	0.00470	0.76979
36	0.01910	0.01528	0.01717	0.01296	0.01922	0.01368	0.01039	0.13613	0.07694	0.03121	0.01759	0.01917	0.01388	0.00725	0.00642	0.00158	0.00625	0.00575	0.06893	0.50111
37	0.00995	0.00747	0.00922	0.01003	0.01138	0.00675	0.00705	0.01203	0.01759	0.02320	0.19666	0.40139	0.21514	0.02164	0.00975	0.00291	0.00425	0.01917	0.00768	0.00675
38	0.03558	0.01350	0.01840	0.01411	0.02024	0.01166	0.01166	0.03865	0.02270	0.67734	0.03128	0.02699	0.01963	0.00981	0.00797	0.00245	0.00675	0.00797	0.00981	0.01350
39	0.02552	0.01992	0.02120	0.01731	0.02283	0.02243	0.01395	0.37784	0.31238	0.04252	0.02491	0.02372	0.01824	0.01007	0.00799	0.00252	0.00764	0.00795	0.00799	0.01307
40	0.00958	0.00724	0.00885	0.01015	0.01127	0.00652	0.00696	0.01114	0.01604	0.02059	0.05461	0.52562	0.23593	0.02343	0.00990	0.00306	0.00443	0.02081	0.00736	0.00652
41	0.01644	0.01409	0.01644	0.01175	0.01879	0.01057	0.00940	0.01997	0.01644	0.02584	0.01409	0.01644	0.01175	0.00587	0.00587	0.00117	0.00587	0.00470	0.00470	0.76979
42	0.01001	0.00717	0.00951	0.01080	0.01158	0.00667	0.00739	0.01192	0.01681	0.02283	0.18330	0.56917	0.05745	0.02291	0.00995	0.00306	0.00441	0.02071	0.00767	0.00667
43	0.01182	0.00745	0.00997	0.01130	0.01223	0.00688	0.00772	0.01334	0.01581	0.07497	0.04267	0.65875	0.04971	0.02359	0.00994	0.00316	0.00478	0.02133	0.00757	0.00703
44	0.01220	0.00853	0.01143	0.01094	0.01301	0.00797	0.05936	0.01499	0.01662	0.02429	0.04290	0.27236	0.17087	0.01668	0.00825	0.00256	0.00488	0.01473	0.28025	0.00719
45	0.02378	0.02041	0.01918	0.01654	0.01971	0.19065	0.01315	0.11121	0.02050	0.11120	0.01831	0.02121	0.01442	0.01383	0.06186	0.00322	0.16613	0.00682	0.13808	0.00976
46	0.01133	0.00850	0.01274	0.01274	0.01416	0.00991	0.00991	0.01416	0.01274	0.01841	0.02124	0.03115	0.01982	0.05947	0.68989	0.01274	0.02124	0.00850	0.00425	0.00708
47	0.02625	0.05394	0.08346	0.01765	0.05429	0.07102	0.01461	0.19776	0.02383	0.19623	0.01956	0.02031	0.01408	0.01013	0.00939	0.06608	0.00849	0.00662	0.00651	0.09979
48	0.71510	0.01591	0.01267	0.01108	0.01611	0.01836	0.00913	0.07512	0.01548	0.03678	0.01171	0.01339	0.00900	0.00754	0.00516	0.00245	0.00635	0.00453	0.00516	0.00900

[dist]
# distance from previous block
# <min> <max>
0	3

[block]
# block no. 4 follows, 24 sequences, length 9
# corresponding to MSA columns:
# 460-468
name=unknown_E
#
# <colnr> <probs for GDERKNQSTAVLIFYWHMCP>
#	G	D	E	R	K	N	Q	S	T	A	V	L	I	F	Y	W	H	M	C	P
0	0.02093	0.01533	0.01729	0.01467	0.01857	0.01636	0.01151	0.35090	0.02849	0.03851	0.15904	0.20826	0.03623	0.01488	0.00879	0.00262	0.00663	0.01262	0.00795	0.01042
1	0.01972	0.01719	0.01915	0.01892	0.07629	0.01965	0.01356	0.04062	0.60286	0.03255	0.03079	0.02873	0.02321	0.01044	0.00805	0.00266	0.00654	0.00880	0.00771	0.01255
2	0.03130	0.01782	0.02077	0.01620	0.02224	0.01840	0.01329	0.31170	0.10290	0.32070	0.02590	0.02372	0.01740	0.00979	0.00797	0.00245	0.00758	0.00771	0.00877	0.01338
3	0.01060	0.00808	0.00974	0.00932	0.01146	0.00722	0.00699	0.01376	0.02097	0.02830	0.46983	0.06499	0.27484	0.01752	0.00936	0.00256	0.00383	0.01515	0.00827	0.00722
4	0.01205	0.00914	0.01122	0.01052	0.01276	0.00883	0.00794	0.01780	0.09573	0.03104	0.54184	0.05731	0.12164	0.01592	0.00921	0.00253	0.00406	0.01393	0.00853	0.00800
5	0.01046	0.00781	0.00979	0.01038	0.01198	0.00714	0.00769	0.01302	0.01860	0.02472	0.25784	0.27952	0.20363	0.02055	0.00978	0.00290	0.00448	0.08495	0.00781	0.00694
6	0.01644	0.01409	0.01644	0.01175	0.01879	0.01057	0.00940	0.01997	0.01644	0.02584	0.01409	0.01644	0.01175	0.00587	0.00587	0.00117	0.00587	0.00470	0.00470	0.76979
7	0.01896	0.01627	0.02326	0.06587	0.30899	0.01671	0.01716	0.16184	0.02207	0.02974	0.03078	0.08909	0.14189	0.01166	0.00836	0.00251	0.00788	0.01024	0.00576	0.01093
8	0.01552	0.01325	0.01722	0.01287	0.01839	0.01071	0.06170	0.01851	0.01552	0.02342	0.01674	0.02493	0.01566	0.16874	0.01401	0.00278	0.00692	0.00665	0.00466	0.53180

[dist]
# distance from previous block
# <min> <max>
9	42

[block]
# block no. 5 follows, 24 sequences, length 55
# corresponding to MSA columns:
# 521-523,528-579
name=unknown_F
#
# <colnr> <probs for GDERKNQSTAVLIFYWHMCP>
#	G	D	E	R	K	N	Q	S	T	A	V	L	I	F	Y	W	H	M	C	P
0	0.05519	0.00943	0.01132	0.01031	0.01330	0.00853	0.00792	0.01868	0.02024	0.15377	0.29366	0.10132	0.23350	0.01624	0.00891	0.00259	0.00459	0.01385	0.00825	0.00841
1	0.02047	0.36474	0.24794	0.01790	0.02557	0.12156	0.01919	0.02509	0.01703	0.02091	0.01222	0.01451	0.01015	0.00760	0.00728	0.00211	0.04674	0.00504	0.00348	0.01046
2	0.00975	0.00697	0.00928	0.01098	0.01152	0.00650	0.00737	0.01126	0.01558	0.02088	0.07812	0.67991	0.05368	0.02437	0.01008	0.00318	0.00455	0.02209	0.00744	0.00650
3	0.69001	0.01557	0.01311	0.01162	0.01597	0.01854	0.00959	0.02282	0.01334	0.03368	0.01097	0.01340	0.00880	0.00811	0.00733	0.00257	0.08664	0.00460	0.00474	0.00860
4	0.09885	0.00838	0.01022	0.01097	0.01229	0.00851	0.00791	0.01336	0.01480	0.02181	0.06828	0.33489	0.07735	0.06235	0.09036	0.08235	0.00717	0.05741	0.00626	0.00650
5	0.01391	0.00820	0.01007	0.00973	0.01084	0.00778	0.00639	0.01453	0.01462	0.08726	0.09793	0.11272	0.08902	0.36559	0.02706	0.09323	0.00647	0.01243	0.00605	0.00616
6	0.01136	0.00835	0.01201	0.01201	0.01318	0.00952	0.00900	0.01369	0.01253	0.01787	0.02191	0.03485	0.02143	0.17737	0.57418	0.01184	0.01883	0.00904	0.00435	0.00667
7	0.01126	0.00825	0.01183	0.01250	0.01372	0.00898	0.00961	0.01379	0.01409	0.01950	0.02935	0.17648	0.03108	0.08284	0.40615	0.00906	0.01488	0.11437	0.00540	0.00687
8	0.01180	0.00795	0.01018	0.01030	0.01190	0.00728	0.00738	0.01433	0.01899	0.05986	0.32965	0.28459	0.12081	0.05433	0.01109	0.00302	0.00442	0.01692	0.00799	0.00723
9	0.01133	0.00850	0.01274	0.01274	0.01416	0.00991	0.00991	0.01416	0.01274	0.01841	0.02124	0.03115	0.01982	0.05947	0.68989	0.01274	0.02124	0.00850	0.00425	0.00708
10	0.01239	0.00900	0.01223	0.01385	0.01577	0.00885	0.01200	0.01585	0.01823	0.02347	0.04639	0.08794	0.11721	0.02170	0.01077	0.00354	0.00692	0.54934	0.00731	0.00723
11	0.58322	0.01424	0.01250	0.01090	0.01564	0.01573	0.00890	0.02454	0.01584	0.12693	0.08938	0.02023	0.01778	0.00873	0.00586	0.00246	0.00595	0.00597	0.00605	0.00916
12	0.01128	0.00806	0.01106	0.01289	0.01407	0.00784	0.01018	0.01384	0.01678	0.02206	0.04281	0.39013	0.04890	0.02332	0.01055	0.00344	0.00601	0.33255	0.00733	0.00689
13	0.01111	0.00794	0.01086	0.01270	0.01379	0.00769	0.00988	0.01355	0.01661	0.02187	0.04291	0.42470	0.04928	0.02348	0.01051	0.00342	0.00586	0.29968	0.00733	0.00684
14	0.03319	0.01279	0.01714	0.01334	0.01898	0.01117	0.01095	0.03633	0.02200	0.60292	0.03066	0.02729	0.01971	0.00975	0.00770	0.00238	0.00640	0.00791	0.09662	0.01279
15	0.01101	0.00810	0.01030	0.00975	0.01172	0.00739	0.00731	0.01455	0.02194	0.03061	0.60018	0.06120	0.14305	0.01666	0.00936	0.00252	0.00377	0.01462	0.00857	0.00739
16	0.01153	0.00769	0.00865	0.00865	0.00865	0.00769	0.00480	0.01153	0.01153	0.01538	0.02499	0.05189	0.02883	0.72131	0.04036	0.00769	0.00769	0.01153	0.00480	0.00480
17	0.01478	0.00739	0.00739	0.00739	0.00924	0.00739	0.00554	0.01848	0.01663	0.02956	0.02587	0.02956	0.02033	0.00924	0.00554	0.00185	0.00370	0.00739	0.76534	0.00739
18	0.01972	0.01703	0.01793	0.01614	0.02062	0.01972	0.01255	0.04214	0.65752	0.03317	0.03228	0.02959	0.02421	0.01076	0.00807	0.00269	0.00628	0.00897	0.00807	0.01255
19	0.02962	0.03779	0.02247	0.02043	0.02451	0.68948	0.01532	0.03166	0.02247	0.01941	0.01226	0.01430	0.01021	0.00817	0.00715	0.00204	0.01430	0.00511	0.00409	0.00919
20	0.03495	0.01450	0.01902	0.01458	0.02074	0.01314	0.01205	0.10836	0.02437	0.60526	0.02988	0.02608	0.01892	0.00978	0.00797	0.00245	0.00697	0.00788	0.00960	0.01349
21	0.00950	0.00804	0.00821	0.00817	0.01079	0.00675	0.00613	0.01163	0.01838	0.02214	0.12124	0.07513	0.62727	0.01981	0.00937	0.00266	0.00400	0.01657	0.00746	0.00675
22	0.02962	0.03779	0.02247	0.02043	0.02451	0.68948	0.01532	0.03166	0.02247	0.01941	0.01226	0.01430	0.01021	0.00817	0.00715	0.00204	0.01430	0.00511	0.00409	0.00919
23	0.00937	0.00803	0.00803	0.00803	0.01071	0.00669	0.00602	0.01138	0.01807	0.02142	0.08033	0.07632	0.66863	0.02008	0.00937	0.00268	0.00402	0.01674	0.00736	0.00669
24	0.01165	0.00886	0.01293	0.01276	0.01397	0.01042	0.00980	0.01416	0.01260	0.01816	0.02105	0.03242	0.02020	0.11960	0.59560	0.01181	0.05410	0.00870	0.00426	0.00695
25	0.03558	0.01350	0.01840	0.01411	0.02024	0.01166	0.01166	0.03865	0.02270	0.67734	0.03128	0.02699	0.01963	0.00981	0.00797	0.00245	0.00675	0.00797	0.00981	0.01350
26	0.77733	0.01534	0.01166	0.01043	0.01534	0.01779	0.00859	0.02331	0.01350	0.03558	0.01104	0.01288	0.00859	0.00736	0.00491	0.00245	0.00613	0.00429	0.00491	0.00859
27	0.01048	0.00802	0.00898	0.00874	0.01105	0.00705	0.00656	0.01328	0.01967	0.02604	0.30461	0.06633	0.39143	0.01780	0.00909	0.00255	0.00389	0.01514	0.06226	0.00705
28	0.02962	0.03779	0.02247	0.02043	0.02451	0.68948	0.01532	0.03166	0.02247	0.01941	0.01226	0.01430	0.01021	0.00817	0.00715	0.00204	0.01430	0.00511	0.00409	0.00919
29	0.77733	0.01534	0.01166	0.01043	0.01534	0.01779	0.00859	0.02331	0.01350	0.03558	0.01104	0.01288	0.00859	0.00736	0.00491	0.00245	0.00613	0.00429	0.00491	0.00859
30	0.00966	0.00690	0.00920	0.01104	0.01150	0.00644	0.00736	0.01104	0.01518	0.02024	0.04371	0.71614	0.05245	0.02484	0.01012	0.00322	0.00460	0.02254	0.00736	0.00644
31	0.01590	0.04102	0.68023	0.02260	0.03432	0.01842	0.02930	0.02511	0.01674	0.02511	0.01423	0.01674	0.01005	0.00753	0.00753	0.00251	0.01172	0.00586	0.00335	0.01172
32	0.03029	0.01232	0.01671	0.01321	0.01842	0.01075	0.01075	0.03350	0.02264	0.53715	0.16949	0.03399	0.03162	0.01120	0.00827	0.00246	0.00609	0.00936	0.00958	0.01219
33	0.77733	0.01534	0.01166	0.01043	0.01534	0.01779	0.00859	0.02331	0.01350	0.03558	0.01104	0.01288	0.00859	0.00736	0.00491	0.00245	0.00613	0.00429	0.00491	0.00859
34	0.01872	0.02139	0.04679	0.03342	0.04144	0.02005	0.64305	0.02540	0.01872	0.02540	0.01604	0.02139	0.01203	0.00668	0.00936	0.00267	0.01337	0.00936	0.00401	0.01070
35	0.03014	0.02221	0.02380	0.01825	0.02459	0.02459	0.01507	0.64541	0.03728	0.04998	0.01904	0.01904	0.01349	0.00952	0.00793	0.00238	0.00873	0.00714	0.00793	0.01349
36	0.01121	0.00772	0.00981	0.01018	0.01078	0.00796	0.00676	0.01251	0.01322	0.01838	0.05066	0.18812	0.03286	0.34993	0.19449	0.00756	0.01012	0.01304	0.03873	0.00593
37	0.01098	0.00810	0.01026	0.00972	0.01169	0.00738	0.00729	0.01448	0.02186	0.03041	0.58904	0.06152	0.15432	0.01673	0.00936	0.00252	0.00378	0.01466	0.00855	0.00738
38	0.00950	0.00804	0.00821	0.00817	0.01079	0.00675	0.00613	0.01163	0.01838	0.02214	0.12124	0.07513	0.62727	0.01981	0.00937	0.00266	0.00400	0.01657	0.00746	0.00675
39	0.47731	0.01459	0.01438	0.01192	0.01732	0.01531	0.00983	0.02951	0.01722	0.29516	0.01923	0.01859	0.01305	0.00835	0.00615	0.00245	0.00638	0.00578	0.00689	0.01057
40	0.01808	0.00878	0.01064	0.00994	0.01243	0.00821	0.00746	0.02103	0.01810	0.17619	0.09411	0.16432	0.03209	0.04431	0.00888	0.00257	0.00475	0.01130	0.33830	0.00851
41	0.10819	0.01514	0.01864	0.01444	0.02048	0.01443	0.01192	0.13869	0.02423	0.50872	0.02723	0.02426	0.01751	0.00952	0.00766	0.00244	0.00702	0.00747	0.00901	0.01301
42	0.01081	0.00796	0.01012	0.00986	0.01167	0.00726	0.00729	0.01407	0.02107	0.02918	0.52267	0.13684	0.14636	0.01769	0.00944	0.00260	0.00387	0.01558	0.00840	0.00726
43	0.01048	0.00750	0.00965	0.01026	0.01128	0.00700	0.00707	0.01264	0.01769	0.02423	0.28591	0.36370	0.07779	0.10135	0.01327	0.00343	0.00460	0.01790	0.00760	0.00667
44	0.01675	0.00902	0.01134	0.01050	0.01311	0.00815	0.00787	0.01949	0.01941	0.17646	0.22445	0.16778	0.12919	0.05110	0.01028	0.00282	0.00482	0.01372	0.09529	0.00844
45	0.01584	0.01616	0.02864	0.02240	0.02590	0.01768	0.26019	0.01936	0.01557	0.02155	0.02449	0.07926	0.09151	0.08267	0.01784	0.00347	0.23365	0.01059	0.00454	0.00870
46	0.02864	0.03574	0.02202	0.02000	0.02413	0.62309	0.01505	0.03270	0.08542	0.02077	0.01424	0.01582	0.01160	0.00843	0.00724	0.00211	0.01350	0.00549	0.00448	0.00953
47	0.01152	0.00785	0.01034	0.01078	0.01213	0.00733	0.00779	0.01409	0.01868	0.04669	0.32067	0.32028	0.05959	0.05871	0.01143	0.00315	0.00465	0.05931	0.00791	0.00710
48	0.01286	0.00999	0.01177	0.01134	0.01340	0.01033	0.00856	0.01744	0.12561	0.02263	0.09720	0.08657	0.28021	0.01953	0.01462	0.15197	0.05406	0.03807	0.00656	0.00727
49	0.01782	0.11060	0.31227	0.02660	0.03603	0.02067	0.31291	0.02509	0.01759	0.02451	0.01471	0.01844	0.01098	0.00705	0.00810	0.00249	0.01211	0.00730	0.00366	0.01107
50	0.00954	0.00791	0.00835	0.00851	0.01088	0.00672	0.00628	0.01160	0.01806	0.02203	0.11830	0.14774	0.55607	0.02035	0.00946	0.00273	0.00406	0.01722	0.00746	0.00672
51	0.01252	0.01061	0.01722	0.13558	0.05860	0.01100	0.06944	0.01594	0.01699	0.02322	0.16294	0.26264	0.03959	0.02208	0.10060	0.00415	0.00876	0.01417	0.00607	0.00789
52	0.01491	0.01069	0.01583	0.27483	0.02879	0.01174	0.01328	0.01822	0.01620	0.08940	0.03116	0.16638	0.09766	0.05513	0.07769	0.00396	0.00880	0.01167	0.04550	0.00814
53	0.48336	0.07376	0.08410	0.08445	0.02335	0.01936	0.04785	0.02311	0.01448	0.03023	0.01191	0.01480	0.00934	0.00769	0.00684	0.00248	0.04420	0.00514	0.00437	0.00917
54	0.14013	0.02066	0.02192	0.06619	0.02347	0.12342	0.01564	0.12033	0.01813	0.02666	0.01240	0.01672	0.01059	0.01089	0.01575	0.00287	0.33393	0.00629	0.00449	0.00951

[dist]
# distance from previous block
# <min> <max>
0	3

[block]
# block no. 6 follows, 24 sequences, length 104
# corresponding to MSA columns:
# 583-686
name=unknown_G
#
# <colnr> <probs for GDERKNQSTAVLIFYWHMCP>
#	G	D	E	R	K	N	Q	S	T	A	V	L	I	F	Y	W	H	M	C	P
0	0.18331	0.06531	0.01906	0.01508	0.01980	0.20235	0.01201	0.08806	0.02015	0.13375	0.01805	0.04954	0.01461	0.01376	0.07091	0.00322	0.01023	0.00663	0.00573	0.04845
1	0.01943	0.12179	0.23443	0.01760	0.02452	0.01862	0.04345	0.12994	0.06074	0.06172	0.08006	0.07191	0.02137	0.01110	0.00893	0.04102	0.00874	0.00833	0.00558	0.01072
2	0.13822	0.06096	0.15144	0.01935	0.02502	0.13149	0.08001	0.02399	0.01632	0.02427	0.01258	0.01609	0.01032	0.00868	0.01096	0.00246	0.16207	0.00586	0.00396	0.09594
3	0.02063	0.02238	0.01670	0.01558	0.01828	0.31458	0.01148	0.02481	0.09012	0.02033	0.01936	0.02741	0.01779	0.15800	0.15653	0.00545	0.01318	0.00758	0.03158	0.00821
4	0.01750	0.01781	0.02684	0.02225	0.02316	0.02381	0.08831	0.01980	0.01289	0.01980	0.01105	0.01781	0.01059	0.01306	0.02413	0.00338	0.62816	0.00721	0.00353	0.00890
5	0.01147	0.00858	0.01166	0.01173	0.01328	0.00904	0.00878	0.01552	0.05665	0.02393	0.23019	0.18205	0.04419	0.03561	0.29182	0.00691	0.01134	0.01328	0.00654	0.00742
6	0.01080	0.00738	0.00886	0.00958	0.00976	0.00720	0.00580	0.01134	0.01295	0.01727	0.03228	0.31082	0.03804	0.44983	0.02857	0.00595	0.00648	0.01582	0.00580	0.00544
7	0.03014	0.02221	0.02380	0.01825	0.02459	0.02459	0.01507	0.64541	0.03728	0.04998	0.01904	0.01904	0.01349	0.00952	0.00793	0.00238	0.00873	0.00714	0.00793	0.01349
8	0.01772	0.00907	0.01210	0.01176	0.01418	0.00814	0.00863	0.01986	0.01828	0.22217	0.10080	0.41884	0.06774	0.01925	0.00936	0.00290	0.00515	0.01709	0.00824	0.00871
9	0.01290	0.00968	0.01246	0.01331	0.01546	0.00975	0.01108	0.01848	0.09135	0.02587	0.15174	0.09849	0.10069	0.01961	0.01019	0.00325	0.00620	0.37399	0.00764	0.00785
10	0.01016	0.00753	0.00874	0.00939	0.01048	0.00691	0.00624	0.01146	0.01541	0.01978	0.07794	0.30244	0.24022	0.21547	0.01821	0.00425	0.00523	0.01731	0.00672	0.00611
11	0.01193	0.00866	0.01168	0.01306	0.01482	0.00841	0.01093	0.01518	0.01837	0.02404	0.11674	0.15553	0.10818	0.02142	0.01053	0.00338	0.00628	0.42622	0.00748	0.00717
12	0.01017	0.00747	0.00961	0.01077	0.01191	0.00690	0.00770	0.01225	0.01709	0.02266	0.15282	0.45741	0.14252	0.02246	0.00997	0.00306	0.00463	0.07628	0.00758	0.00673
13	0.01823	0.01486	0.01699	0.01241	0.01910	0.01232	0.00998	0.10525	0.01930	0.02932	0.01537	0.01746	0.01242	0.00654	0.00614	0.00137	0.00615	0.00517	0.04366	0.62796
14	0.01148	0.00791	0.00978	0.00978	0.01017	0.00830	0.00622	0.01226	0.01187	0.01621	0.02395	0.04616	0.02634	0.53838	0.21989	0.00909	0.01143	0.01069	0.00465	0.00543
15	0.00976	0.00741	0.00900	0.00995	0.01129	0.00665	0.00695	0.01163	0.01699	0.02202	0.13124	0.43130	0.25263	0.02227	0.00979	0.00296	0.00431	0.01969	0.00753	0.00665
16	0.31497	0.01377	0.01524	0.01246	0.01778	0.01365	0.01019	0.03101	0.01892	0.38799	0.04533	0.04844	0.01851	0.00966	0.00694	0.00248	0.00633	0.00734	0.00783	0.01117
17	0.01766	0.01432	0.01586	0.01413	0.01785	0.01580	0.01097	0.08903	0.37200	0.03426	0.25846	0.03921	0.04132	0.01259	0.00852	0.00259	0.00560	0.01072	0.00829	0.01082
18	0.02086	0.01707	0.01828	0.01586	0.02043	0.01932	0.01248	0.16065	0.46049	0.03640	0.10167	0.03082	0.02779	0.01113	0.00819	0.00260	0.00648	0.00921	0.00812	0.01216
19	0.00989	0.00693	0.00922	0.01092	0.01135	0.00651	0.00724	0.01103	0.01486	0.01981	0.04186	0.66446	0.05008	0.05183	0.01207	0.03221	0.00481	0.02153	0.00712	0.00627
20	0.62782	0.01496	0.01302	0.01117	0.01632	0.01655	0.00921	0.02640	0.01535	0.16493	0.01512	0.01573	0.01081	0.00786	0.00553	0.00245	0.00626	0.00504	0.00590	0.00958
21	0.00966	0.00690	0.00920	0.01104	0.01150	0.00644	0.00736	0.01104	0.01518	0.02024	0.04371	0.71614	0.05245	0.02484	0.01012	0.00322	0.00460	0.02254	0.00736	0.00644
22	0.00991	0.00703	0.00921	0.01077	0.01125	0.00661	0.00713	0.01127	0.01518	0.02032	0.07097	0.62324	0.05127	0.08981	0.01292	0.00361	0.00485	0.02113	0.00718	0.00634
23	0.01638	0.08153	0.02582	0.26793	0.22651	0.01822	0.01924	0.02051	0.01592	0.02150	0.01737	0.02319	0.03785	0.01584	0.10671	0.00398	0.06054	0.00736	0.00388	0.00972
24	0.01623	0.01560	0.02172	0.01891	0.01904	0.02137	0.01547	0.01791	0.01214	0.01867	0.01281	0.02190	0.01303	0.08460	0.09043	0.00475	0.57607	0.00752	0.00367	0.00816
25	0.02962	0.03779	0.02247	0.02043	0.02451	0.68948	0.01532	0.03166	0.02247	0.01941	0.01226	0.01430	0.01021	0.00817	0.00715	0.00204	0.01430	0.00511	0.00409	0.00919
26	0.01361	0.00703	0.00986	0.00986	0.01004	0.00703	0.00652	0.01123	0.01106	0.01544	0.01618	0.02777	0.01610	0.10451	0.02967	0.61089	0.00668	0.00746	0.07510	0.00397
27	0.01136	0.00836	0.01203	0.01203	0.01320	0.00953	0.00902	0.01370	0.01253	0.01788	0.02189	0.03476	0.02139	0.17456	0.57694	0.01187	0.01888	0.00902	0.00434	0.00668
28	0.01644	0.01409	0.01644	0.01175	0.01879	0.01057	0.00940	0.01997	0.01644	0.02584	0.01409	0.01644	0.01175	0.00587	0.00587	0.00117	0.00587	0.00470	0.00470	0.76979
29	0.03338	0.01702	0.02058	0.01578	0.02200	0.01688	0.01304	0.28368	0.02859	0.42398	0.02634	0.02378	0.01715	0.00970	0.00796	0.00242	0.00755	0.00764	0.00905	0.01349
30	0.01766	0.01660	0.02508	0.51063	0.07186	0.04641	0.05634	0.08172	0.05091	0.02422	0.01555	0.02104	0.01168	0.00813	0.00798	0.00259	0.01045	0.00721	0.00424	0.00971
31	0.01584	0.00899	0.01167	0.01046	0.01308	0.00821	0.00803	0.01946	0.02194	0.14519	0.49545	0.05078	0.06000	0.01443	0.00875	0.00243	0.00427	0.01257	0.07993	0.00853
32	0.01153	0.00769	0.00865	0.00865	0.00865	0.00769	0.00480	0.01153	0.01153	0.01538	0.02499	0.05189	0.02883	0.72131	0.04036	0.00769	0.00769	0.01153	0.00480	0.00480
33	0.01122	0.00811	0.01060	0.00998	0.01185	0.00748	0.00748	0.01496	0.02245	0.03180	0.66766	0.05923	0.07482	0.01621	0.00935	0.00249	0.00374	0.01434	0.00873	0.00748
34	0.77733	0.01534	0.01166	0.01043	0.01534	0.01779	0.00859	0.02331	0.01350	0.03558	0.01104	0.01288	0.00859	0.00736	0.00491	0.00245	0.00613	0.00429	0.00491	0.00859
35	0.02120	0.72609	0.04155	0.01357	0.02035	0.03138	0.01357	0.02374	0.01611	0.01866	0.01102	0.01272	0.01018	0.00678	0.00509	0.00170	0.00848	0.00424	0.00339	0.01018
36	0.01972	0.01703	0.01793	0.01614	0.02062	0.01972	0.01255	0.04214	0.65752	0.03317	0.03228	0.02959	0.02421	0.01076	0.00807	0.00269	0.00628	0.00897	0.00807	0.01255
37	0.01150	0.00783	0.00935	0.00935	0.00959	0.00807	0.00567	0.01198	0.01174	0.01589	0.02435	0.04836	0.02730	0.60862	0.15096	0.00855	0.01000	0.01101	0.00471	0.00519
38	0.01525	0.00830	0.00838	0.00821	0.01031	0.00855	0.00620	0.02070	0.07678	0.02990	0.02647	0.02957	0.02069	0.00938	0.00578	0.00193	0.00394	0.00754	0.69427	0.00788
39	0.01133	0.00850	0.01274	0.01274	0.01416	0.00991	0.00991	0.01416	0.01274	0.01841	0.02124	0.03115	0.01982	0.05947	0.68989	0.01274	0.02124	0.00850	0.00425	0.00708
40	0.01318	0.00944	0.01206	0.01154	0.01282	0.01035	0.00825	0.07230	0.01454	0.02010	0.02261	0.03874	0.02302	0.33308	0.35277	0.00965	0.01437	0.00965	0.00483	0.00672
41	0.03558	0.01350	0.01840	0.01411	0.02024	0.01166	0.01166	0.03865	0.02270	0.67734	0.03128	0.02699	0.01963	0.00981	0.00797	0.00245	0.00675	0.00797	0.00981	0.01350
42	0.77733	0.01534	0.01166	0.01043	0.01534	0.01779	0.00859	0.02331	0.01350	0.03558	0.01104	0.01288	0.00859	0.00736	0.00491	0.00245	0.00613	0.00429	0.00491	0.00859
43	0.01263	0.00903	0.01257	0.01417	0.01600	0.00897	0.01228	0.01629	0.01865	0.02449	0.10071	0.08661	0.04838	0.02137	0.01080	0.00354	0.00697	0.56178	0.00744	0.00732
44	0.02058	0.01746	0.01841	0.01631	0.02095	0.02012	0.01276	0.09149	0.60678	0.03455	0.03119	0.02872	0.02333	0.01066	0.00806	0.00266	0.00648	0.00882	0.00806	0.01263
45	0.01142	0.00764	0.00868	0.00879	0.00881	0.00762	0.00495	0.01150	0.01174	0.01566	0.02606	0.09002	0.03019	0.68134	0.03863	0.00743	0.00751	0.01216	0.00495	0.00490
46	0.03558	0.01350	0.01840	0.01411	0.02024	0.01166	0.01166	0.03865	0.02270	0.67734	0.03128	0.02699	0.01963	0.00981	0.00797	0.00245	0.00675	0.00797	0.00981	0.01350
47	0.01351	0.00861	0.01133	0.01036	0.01263	0.00787	0.00787	0.01719	0.02247	0.09238	0.60794	0.05621	0.06964	0.01561	0.00922	0.00249	0.00402	0.01374	0.00883	0.00805
48	0.01880	0.00953	0.01196	0.01046	0.01365	0.00859	0.00815	0.02213	0.02089	0.21809	0.29094	0.04601	0.11550	0.01343	0.00821	0.00238	0.00464	0.01141	0.15611	0.00913
49	0.77733	0.01534	0.01166	0.01043	0.01534	0.01779	0.00859	0.02331	0.01350	0.03558	0.01104	0.01288	0.00859	0.00736	0.00491	0.00245	0.00613	0.00429	0.00491	0.00859
50	0.00958	0.00804	0.00832	0.00825	0.01084	0.00678	0.00619	0.01179	0.01857	0.02260	0.14694	0.07438	0.60129	0.01964	0.00937	0.00266	0.00399	0.01646	0.00752	0.00678
51	0.01237	0.00969	0.01264	0.01295	0.01362	0.01074	0.00932	0.04891	0.01557	0.02129	0.03467	0.49082	0.04060	0.08740	0.01563	0.00364	0.12870	0.01788	0.00647	0.00708
52	0.77733	0.01534	0.01166	0.01043	0.01534	0.01779	0.00859	0.02331	0.01350	0.03558	0.01104	0.01288	0.00859	0.00736	0.00491	0.00245	0.00613	0.00429	0.00491	0.00859
53	0.01735	0.01735	0.02429	0.02082	0.02082	0.02429	0.01735	0.01908	0.01214	0.01908	0.01041	0.01735	0.01041	0.01388	0.02602	0.00347	0.70680	0.00694	0.00347	0.00867
54	0.01152	0.00773	0.00884	0.00884	0.00891	0.00779	0.00504	0.01165	0.01159	0.01552	0.02481	0.05093	0.02841	0.69053	0.07058	0.00792	0.00832	0.01139	0.00478	0.00491
55	0.02917	0.02173	0.02325	0.01805	0.02422	0.02413	0.01484	0.58879	0.09549	0.04840	0.02028	0.02003	0.01449	0.00964	0.00795	0.00241	0.00850	0.00731	0.00795	0.01340
56	0.01963	0.01884	0.03219	0.04867	0.67185	0.01884	0.02434	0.02434	0.01806	0.02591	0.01492	0.01963	0.01256	0.00707	0.00785	0.00236	0.00942	0.00707	0.00393	0.01256
57	0.02070	0.01752	0.01848	0.01634	0.02099	0.02018	0.01279	0.09875	0.59931	0.03475	0.03103	0.02860	0.02320	0.01064	0.00806	0.00266	0.00651	0.00879	0.00806	0.01264
58	0.00966	0.00690	0.00920	0.01104	0.01150	0.00644	0.00736	0.01104	0.01518	0.02024	0.04371	0.71614	0.05245	0.02484	0.01012	0.00322	0.00460	0.02254	0.00736	0.00644
59	0.01022	0.00703	0.00892	0.01044	0.01120	0.00656	0.00707	0.01191	0.01553	0.02137	0.04397	0.59824	0.08736	0.02278	0.00956	0.00303	0.00446	0.02046	0.09332	0.00656
60	0.00987	0.00699	0.00914	0.01077	0.01118	0.00658	0.00707	0.01110	0.01477	0.01969	0.04158	0.64081	0.04977	0.10383	0.01355	0.00373	0.00495	0.02129	0.00707	0.00626
61	0.01130	0.00765	0.00900	0.00941	0.00960	0.00757	0.00572	0.01176	0.01255	0.01670	0.02912	0.16321	0.03376	0.56330	0.03356	0.00670	0.00716	0.05131	0.00538	0.00523
62	0.01153	0.00769	0.00865	0.00865	0.00865	0.00769	0.00480	0.01153	0.01153	0.01538	0.02499	0.05189	0.02883	0.72131	0.04036	0.00769	0.00769	0.01153	0.00480	0.00480
63	0.01553	0.00905	0.01130	0.01123	0.01360	0.00824	0.00829	0.01827	0.04165	0.15701	0.04902	0.34226	0.19424	0.04070	0.01036	0.00306	0.00518	0.04499	0.00782	0.00818
64	0.01644	0.01409	0.01644	0.01175	0.01879	0.01057	0.00940	0.01997	0.01644	0.02584	0.01409	0.01644	0.01175	0.00587	0.00587	0.00117	0.00587	0.00470	0.00470	0.76979
65	0.01872	0.02139	0.04679	0.03342	0.04144	0.02005	0.64305	0.02540	0.01872	0.02540	0.01604	0.02139	0.01203	0.00668	0.00936	0.00267	0.01337	0.00936	0.00401	0.01070
66	0.01031	0.00790	0.00945	0.00943	0.01138	0.00704	0.00693	0.01307	0.01976	0.02627	0.35945	0.16481	0.28764	0.01893	0.00948	0.00267	0.00397	0.01645	0.00803	0.00704
67	0.01329	0.00866	0.01065	0.01110	0.01307	0.00804	0.00806	0.01643	0.05707	0.09601	0.05065	0.40936	0.20048	0.02095	0.00960	0.00298	0.00492	0.04328	0.00768	0.00772
