[name]
unknown

[dist]
# distance from previous block
# <min> <max>
7	271

[block]
# block no. 0 follows, 26 sequences, length 16
# corresponding to MSA columns:
# 277-292
name=unknown_A
#
# <colnr> <probs for GDERKNQSTAVLIFYWHMCP>
#	G	D	E	R	K	N	Q	S	T	A	V	L	I	F	Y	W	H	M	C	P
0	0.01833	0.00903	0.01195	0.01106	0.01374	0.00814	0.00832	0.02088	0.01864	0.24968	0.18253	0.28507	0.04213	0.01590	0.00849	0.00258	0.00484	0.01397	0.06598	0.00874
1	0.02166	0.01086	0.01406	0.01247	0.01603	0.01022	0.00972	0.02668	0.10306	0.31650	0.12676	0.20718	0.03576	0.01445	0.00846	0.00261	0.00550	0.03964	0.00834	0.01004
2	0.05452	0.05423	0.01862	0.01432	0.01916	0.01691	0.01165	0.18092	0.19712	0.19893	0.08947	0.02666	0.02286	0.01247	0.04496	0.00288	0.00731	0.00799	0.00761	0.01141
3	0.05857	0.01324	0.01488	0.01282	0.01674	0.01352	0.01019	0.17728	0.09770	0.03227	0.17997	0.09037	0.06276	0.01273	0.00796	0.00236	0.00582	0.06446	0.00706	0.11931
4	0.06802	0.01287	0.01605	0.01294	0.01776	0.01227	0.01048	0.08677	0.07074	0.40616	0.16972	0.03131	0.02949	0.01063	0.00776	0.00237	0.00593	0.00876	0.00863	0.01134
5	0.02117	0.01568	0.02319	0.07625	0.02578	0.01630	0.14238	0.17542	0.09188	0.13145	0.04945	0.06706	0.02079	0.01386	0.06057	0.00325	0.00927	0.03925	0.00648	0.01054
6	0.22833	0.01336	0.01594	0.01259	0.01815	0.01266	0.01039	0.03318	0.01944	0.52175	0.02493	0.02233	0.01605	0.00878	0.00687	0.00235	0.00630	0.00672	0.00818	0.01170
7	0.01635	0.07900	0.50103	0.02270	0.09378	0.01861	0.02455	0.02595	0.10018	0.02469	0.01569	0.01761	0.01159	0.00751	0.00715	0.00236	0.01013	0.00600	0.00384	0.01130
8	0.01145	0.00897	0.01032	0.00978	0.01203	0.00869	0.00728	0.01692	0.11593	0.02654	0.35974	0.05669	0.23920	0.06986	0.01100	0.00284	0.00430	0.01342	0.00759	0.00746
9	0.01059	0.00792	0.01080	0.01080	0.01209	0.00863	0.00803	0.01269	0.01273	0.01750	0.02935	0.03985	0.11896	0.17579	0.47815	0.00987	0.01549	0.00983	0.00460	0.00632
10	0.01054	0.00727	0.00856	0.00890	0.00922	0.00718	0.00542	0.01107	0.01217	0.01614	0.03052	0.18024	0.07341	0.51313	0.06889	0.00650	0.00730	0.01321	0.00519	0.00514
11	0.01851	0.01972	0.05708	0.13034	0.17057	0.06852	0.14932	0.04616	0.11512	0.02429	0.01617	0.01995	0.01277	0.00841	0.01019	0.00254	0.10831	0.00728	0.00436	0.01036
12	0.01618	0.17241	0.56942	0.01997	0.03028	0.01998	0.02516	0.02377	0.01590	0.02284	0.01303	0.01528	0.00963	0.00707	0.00676	0.00225	0.01062	0.00531	0.00321	0.01093
13	0.02088	0.21849	0.03160	0.02403	0.14076	0.15367	0.13282	0.02766	0.13306	0.02282	0.01588	0.01797	0.01283	0.00744	0.00696	0.00213	0.00982	0.00638	0.00436	0.01044
14	0.01103	0.00735	0.00827	0.00827	0.00827	0.00735	0.00460	0.01103	0.01103	0.01471	0.02390	0.04964	0.02758	0.73343	0.03861	0.00735	0.00735	0.01103	0.00460	0.00460
15	0.02274	0.31046	0.06055	0.01628	0.02163	0.27548	0.01415	0.02886	0.14043	0.02100	0.01493	0.01593	0.01225	0.00772	0.00624	0.00196	0.00992	0.00528	0.00432	0.00988

[dist]
# distance from previous block
# <min> <max>
5	10

[block]
# block no. 1 follows, 26 sequences, length 22
# corresponding to MSA columns:
# 303-324
name=unknown_B
#
# <colnr> <probs for GDERKNQSTAVLIFYWHMCP>
#	G	D	E	R	K	N	Q	S	T	A	V	L	I	F	Y	W	H	M	C	P
0	0.02259	0.01609	0.02303	0.01687	0.02347	0.01449	0.13631	0.13844	0.02104	0.17835	0.01838	0.01935	0.01328	0.00724	0.00707	0.00188	0.00768	0.00648	0.00602	0.32196
1	0.02658	0.02025	0.02247	0.01921	0.06997	0.02241	0.01467	0.52000	0.13243	0.04369	0.01988	0.01980	0.01442	0.00912	0.00760	0.00232	0.00803	0.00709	0.00734	0.01270
2	0.06040	0.12576	0.14055	0.02015	0.08393	0.02044	0.06824	0.07408	0.27207	0.02839	0.02022	0.02079	0.01541	0.00832	0.00713	0.00234	0.00818	0.00691	0.00545	0.01125
3	0.01254	0.00676	0.00967	0.00977	0.00985	0.00679	0.00643	0.01023	0.01041	0.01393	0.01669	0.06806	0.01766	0.13154	0.05577	0.59111	0.00710	0.00817	0.00373	0.00379
4	0.01877	0.01802	0.03079	0.04656	0.68612	0.01802	0.02328	0.02328	0.01727	0.02478	0.01427	0.01877	0.01201	0.00676	0.00751	0.00225	0.00901	0.00676	0.00375	0.01201
5	0.02001	0.05244	0.02031	0.01704	0.10165	0.01480	0.01215	0.14719	0.02019	0.06889	0.01535	0.01702	0.01203	0.00672	0.00632	0.00159	0.00675	0.00540	0.00524	0.44892
6	0.02791	0.01670	0.06745	0.01780	0.08668	0.01438	0.01386	0.12094	0.05995	0.38876	0.02413	0.02258	0.01620	0.00864	0.00740	0.00223	0.00721	0.00706	0.00760	0.08252
7	0.05013	0.10537	0.15843	0.01656	0.02316	0.01938	0.01598	0.20709	0.04486	0.20914	0.01917	0.01915	0.01345	0.00874	0.00824	0.00232	0.05438	0.00643	0.00631	0.01171
8	0.01641	0.08691	0.57877	0.02135	0.03177	0.01888	0.05997	0.05638	0.01707	0.02481	0.01372	0.01609	0.00989	0.00721	0.00715	0.00235	0.01093	0.00574	0.00346	0.01114
9	0.01205	0.00964	0.01371	0.18287	0.02261	0.01029	0.01184	0.01646	0.05096	0.02390	0.21419	0.14805	0.08145	0.01593	0.00900	0.00279	0.00620	0.15405	0.00653	0.00749
10	0.60306	0.01493	0.01315	0.01116	0.01616	0.01661	0.00920	0.07729	0.01620	0.14119	0.01432	0.01498	0.01030	0.00759	0.00541	0.00234	0.00617	0.00490	0.00569	0.00936
11	0.02000	0.09463	0.25483	0.02731	0.24165	0.01851	0.02124	0.05383	0.06450	0.10646	0.01694	0.01870	0.01262	0.00756	0.00718	0.00228	0.00912	0.00634	0.00465	0.01166
12	0.01206	0.00699	0.00904	0.00904	0.00904	0.00699	0.00555	0.01048	0.01048	0.01397	0.01877	0.03693	0.02069	0.39538	0.03432	0.37643	0.00699	0.00891	0.00397	0.00397
13	0.10992	0.01953	0.14174	0.02201	0.16949	0.01606	0.01646	0.09036	0.08733	0.12347	0.10711	0.02449	0.02127	0.00901	0.00736	0.00236	0.00758	0.00749	0.00597	0.01099
14	0.01623	0.01552	0.02564	0.02076	0.02256	0.01899	0.16514	0.01802	0.01275	0.01867	0.01186	0.01878	0.01096	0.01425	0.02209	0.15657	0.41286	0.00717	0.00344	0.00776
15	0.01714	0.01418	0.01550	0.01391	0.01759	0.01586	0.01079	0.06648	0.45706	0.03223	0.21135	0.03565	0.03607	0.01168	0.00805	0.00250	0.00545	0.00991	0.00789	0.01071
16	0.02754	0.01508	0.05347	0.01393	0.01982	0.01287	0.01190	0.07931	0.08993	0.42118	0.06171	0.02543	0.02025	0.00921	0.00744	0.00222	0.00654	0.00751	0.00809	0.10656
17	0.78701	0.01467	0.01115	0.00997	0.01467	0.01702	0.00821	0.02230	0.01291	0.03403	0.01056	0.01232	0.00821	0.00704	0.00469	0.00235	0.00587	0.00411	0.00469	0.00821
18	0.01904	0.22992	0.21543	0.02531	0.20069	0.02045	0.05646	0.02401	0.01668	0.07504	0.01530	0.04200	0.01256	0.00760	0.00684	0.00217	0.00921	0.00638	0.00402	0.01090
19	0.01322	0.04071	0.01379	0.01201	0.01278	0.01096	0.00907	0.01315	0.01306	0.01825	0.13909	0.06909	0.02595	0.02366	0.08252	0.34743	0.13625	0.00881	0.00452	0.00567
20	0.01118	0.00811	0.01071	0.01057	0.01119	0.00902	0.00735	0.01249	0.01159	0.01619	0.02166	0.03913	0.02287	0.39264	0.34216	0.00939	0.04419	0.00951	0.00430	0.00575
21	0.23650	0.01288	0.01368	0.01199	0.01583	0.01391	0.00953	0.06988	0.13657	0.11352	0.19212	0.03022	0.02986	0.01437	0.06450	0.00320	0.00674	0.00836	0.00692	0.00942

[dist]
# distance from previous block
# <min> <max>
0	3

[block]
# block no. 2 follows, 26 sequences, length 29
# corresponding to MSA columns:
# 328-356
name=unknown_C
#
# <colnr> <probs for GDERKNQSTAVLIFYWHMCP>
#	G	D	E	R	K	N	Q	S	T	A	V	L	I	F	Y	W	H	M	C	P
0	0.02034	0.49222	0.19194	0.01529	0.02284	0.02566	0.01650	0.05913	0.01703	0.05929	0.01280	0.01419	0.01039	0.00697	0.00573	0.00188	0.00876	0.00478	0.00382	0.01044
1	0.02469	0.16688	0.22829	0.01774	0.06133	0.01729	0.01733	0.02939	0.01846	0.31550	0.02019	0.01970	0.01379	0.00799	0.00694	0.00221	0.00838	0.00625	0.00596	0.01170
2	0.12005	0.09774	0.08689	0.01524	0.02088	0.12502	0.03790	0.11863	0.02062	0.15174	0.02513	0.02497	0.10479	0.00952	0.00703	0.00224	0.00833	0.00726	0.00586	0.01016
3	0.02218	0.63781	0.03669	0.01305	0.01945	0.02741	0.01273	0.02468	0.01628	0.11091	0.01322	0.01405	0.01098	0.00689	0.00525	0.00172	0.00788	0.00455	0.00409	0.01017
4	0.01838	0.01777	0.03087	0.04436	0.62153	0.01767	0.06243	0.02289	0.01721	0.02456	0.01532	0.04427	0.01335	0.00734	0.00768	0.00230	0.00908	0.00743	0.00388	0.01169
5	0.57429	0.01417	0.01297	0.01097	0.01599	0.01536	0.00904	0.02644	0.01539	0.21973	0.01603	0.01613	0.01120	0.00770	0.00552	0.00235	0.00603	0.00510	0.00602	0.00954
6	0.00964	0.00779	0.00838	0.00862	0.01078	0.00683	0.00653	0.01157	0.01662	0.02015	0.06589	0.07214	0.52185	0.09882	0.01247	0.00322	0.00467	0.10099	0.00676	0.00628
7	0.01819	0.01964	0.04008	0.03685	0.25601	0.01879	0.44595	0.02396	0.01769	0.02446	0.01498	0.01990	0.01168	0.00652	0.00847	0.00246	0.01152	0.00822	0.00381	0.01083
8	0.02096	0.01583	0.01721	0.01517	0.01967	0.01780	0.01189	0.03984	0.58250	0.12287	0.03074	0.02796	0.02255	0.01017	0.00771	0.00254	0.00607	0.00844	0.00795	0.01213
9	0.02638	0.02038	0.02413	0.02321	0.15649	0.02222	0.01609	0.50593	0.05947	0.04248	0.01797	0.01876	0.01316	0.00869	0.00758	0.00228	0.00838	0.00689	0.00682	0.01268
10	0.01603	0.03053	0.42463	0.02317	0.03232	0.01761	0.19239	0.02511	0.07757	0.02513	0.04979	0.02040	0.01453	0.00770	0.00780	0.00246	0.01076	0.00718	0.00405	0.01082
11	0.02126	0.65446	0.03767	0.01364	0.01994	0.07174	0.01316	0.05848	0.01691	0.01955	0.01104	0.01260	0.00991	0.00672	0.00514	0.00168	0.00847	0.00426	0.00353	0.00985
12	0.02961	0.01385	0.01743	0.01430	0.01912	0.04984	0.01183	0.03249	0.02048	0.51967	0.02908	0.03282	0.02116	0.01114	0.00906	0.00254	0.05152	0.09411	0.00837	0.01157
13	0.01513	0.01431	0.02421	0.59393	0.16720	0.01706	0.02147	0.02009	0.01555	0.02036	0.01362	0.01996	0.01046	0.00743	0.00757	0.00248	0.00991	0.00674	0.00344	0.00908
14	0.01103	0.00735	0.00827	0.00827	0.00827	0.00735	0.00460	0.01103	0.01103	0.01471	0.02390	0.04964	0.02758	0.73343	0.03861	0.00735	0.00735	0.01103	0.00460	0.00460
15	0.01164	0.00926	0.01352	0.01306	0.01416	0.01127	0.01021	0.01407	0.01205	0.01755	0.01907	0.02899	0.01816	0.08540	0.57569	0.01072	0.11627	0.00807	0.00399	0.00687
16	0.34275	0.01510	0.01586	0.01275	0.01817	0.01574	0.01052	0.14099	0.02055	0.30753	0.01990	0.01893	0.01340	0.00837	0.00641	0.00233	0.00655	0.00604	0.00714	0.01098
17	0.01431	0.00830	0.01061	0.01055	0.01273	0.00755	0.00777	0.01625	0.01646	0.15451	0.04651	0.34607	0.20719	0.02294	0.07746	0.00369	0.00624	0.01598	0.00722	0.00764
18	0.02675	0.02021	0.02159	0.01703	0.02273	0.02255	0.01391	0.53100	0.16889	0.04444	0.02086	0.02032	0.01504	0.00935	0.00762	0.00234	0.00786	0.00719	0.00762	0.01271
19	0.03128	0.01344	0.01750	0.01371	0.01925	0.01236	0.01122	0.07162	0.08092	0.56458	0.05995	0.02706	0.02131	0.00974	0.00770	0.00237	0.00639	0.00795	0.00909	0.01256
20	0.01824	0.01632	0.02592	0.03560	0.47859	0.01547	0.01884	0.02239	0.01727	0.04868	0.04599	0.02011	0.01487	0.00700	0.00715	0.00201	0.00789	0.00660	0.00434	0.18671
21	0.01082	0.00773	0.00996	0.01122	0.01207	0.00762	0.00816	0.01324	0.03976	0.01978	0.03714	0.37859	0.04254	0.17252	0.01594	0.00408	0.00581	0.19020	0.00653	0.00628
22	0.02366	0.39290	0.03025	0.01534	0.04476	0.09071	0.01308	0.07395	0.05595	0.13409	0.01590	0.01637	0.01240	0.00748	0.00602	0.00188	0.00820	0.00532	0.00499	0.04676
23	0.02021	0.02034	0.06687	0.03949	0.50119	0.04005	0.05812	0.11169	0.01991	0.02770	0.01476	0.01848	0.01191	0.00712	0.00756	0.00227	0.00940	0.00677	0.00426	0.01189
24	0.01674	0.01573	0.10842	0.01270	0.01869	0.01091	0.01156	0.02155	0.04315	0.10399	0.17342	0.02706	0.02655	0.00878	0.00694	0.00180	0.00602	0.00734	0.00592	0.37273
25	0.01391	0.00810	0.00986	0.00947	0.01055	0.00781	0.00615	0.01479	0.01351	0.10958	0.04915	0.12235	0.05409	0.47053	0.06300	0.00610	0.00731	0.01186	0.00571	0.00618
26	0.02310	0.16994	0.02336	0.01640	0.02089	0.30897	0.01313	0.05971	0.19524	0.02404	0.05884	0.02019	0.01736	0.00875	0.00684	0.00209	0.00962	0.00635	0.00524	0.00993
27	0.02713	0.03026	0.02116	0.01853	0.02295	0.46515	0.01424	0.16465	0.11442	0.02655	0.01574	0.01665	0.01228	0.00843	0.00712	0.00211	0.01149	0.00581	0.00521	0.01010
28	0.06672	0.01998	0.15646	0.02639	0.25775	0.01582	0.01824	0.09438	0.01957	0.07742	0.10935	0.06380	0.02229	0.00950	0.00761	0.00236	0.00798	0.00824	0.00537	0.01078

[dist]
# distance from previous block
# <min> <max>
0	1

[block]
# block no. 3 follows, 26 sequences, length 15
# corresponding to MSA columns:
# 358-372
name=unknown_D
#
# <colnr> <probs for GDERKNQSTAVLIFYWHMCP>
#	G	D	E	R	K	N	Q	S	T	A	V	L	I	F	Y	W	H	M	C	P
0	0.43195	0.26607	0.02296	0.01418	0.06740	0.05032	0.01127	0.02285	0.01446	0.02709	0.01088	0.01281	0.00909	0.00686	0.00506	0.00207	0.00721	0.00432	0.00409	0.00905
1	0.01877	0.01802	0.03079	0.04656	0.68612	0.01802	0.02328	0.02328	0.01727	0.02478	0.01427	0.01877	0.01201	0.00676	0.00751	0.00225	0.00901	0.00676	0.00375	0.01201
2	0.01969	0.55140	0.07609	0.01370	0.02030	0.05180	0.01349	0.02357	0.04890	0.01972	0.01213	0.01367	0.01057	0.00668	0.00531	0.00168	0.00813	0.00446	0.00363	0.09507
3	0.00942	0.00667	0.00875	0.01034	0.01074	0.00628	0.00680	0.01061	0.01418	0.01891	0.04006	0.66247	0.04797	0.09277	0.01249	0.00350	0.00469	0.02054	0.00680	0.00601
4	0.01081	0.00781	0.01049	0.01016	0.01155	0.00789	0.00748	0.01359	0.01709	0.02418	0.38275	0.04744	0.04901	0.13490	0.22474	0.00611	0.00924	0.01162	0.00649	0.00666
5	0.00916	0.00690	0.00849	0.00976	0.01079	0.00623	0.00669	0.01065	0.01529	0.01968	0.05152	0.54665	0.22573	0.02250	0.00948	0.00294	0.00425	0.02002	0.00704	0.00623
6	0.02286	0.02082	0.03479	0.02539	0.03234	0.02115	0.36667	0.31274	0.02595	0.03495	0.01664	0.01944	0.01214	0.00762	0.00833	0.00243	0.01078	0.00799	0.00554	0.01144
7	0.01075	0.00786	0.01116	0.01130	0.01231	0.00881	0.00833	0.01282	0.01214	0.01717	0.02267	0.08720	0.02304	0.18727	0.51965	0.01054	0.01655	0.00973	0.00440	0.00630
8	0.01656	0.01261	0.01421	0.01310	0.01587	0.01358	0.00978	0.17602	0.17567	0.02949	0.07447	0.27901	0.03394	0.08546	0.01147	0.00313	0.00597	0.01336	0.00718	0.00910
9	0.01177	0.00892	0.01104	0.01057	0.01273	0.00873	0.00815	0.01747	0.10286	0.02907	0.49120	0.05714	0.10957	0.01566	0.00894	0.00253	0.00424	0.07366	0.00804	0.00769
10	0.01825	0.01843	0.03422	0.08417	0.46450	0.01828	0.20205	0.02332	0.01732	0.02431	0.01452	0.01934	0.01175	0.00671	0.00792	0.00236	0.01014	0.00737	0.00375	0.01129
11	0.01581	0.01544	0.01914	0.01691	0.01738	0.07083	0.01349	0.01734	0.01234	0.01759	0.01379	0.02370	0.01410	0.14188	0.11144	0.00503	0.45514	0.00744	0.00368	0.00751
12	0.01521	0.03923	0.69413	0.02162	0.03283	0.01762	0.02802	0.02402	0.01601	0.02402	0.01361	0.01601	0.00961	0.00721	0.00721	0.00240	0.01121	0.00560	0.00320	0.01121
13	0.01796	0.02029	0.04377	0.03300	0.08511	0.01910	0.61388	0.02423	0.01786	0.02433	0.01527	0.02034	0.01154	0.00642	0.00885	0.00254	0.01252	0.00880	0.00383	0.01036
14	0.01897	0.25333	0.03062	0.07470	0.30720	0.07634	0.01773	0.02245	0.01637	0.02096	0.01338	0.01737	0.01164	0.01169	0.07426	0.00301	0.01027	0.00586	0.00360	0.01026

[dist]
# distance from previous block
# <min> <max>
0	2

[block]
# block no. 4 follows, 26 sequences, length 13
# corresponding to MSA columns:
# 375-387
name=unknown_E
#
# <colnr> <probs for GDERKNQSTAVLIFYWHMCP>
#	G	D	E	R	K	N	Q	S	T	A	V	L	I	F	Y	W	H	M	C	P
0	0.01220	0.00790	0.00937	0.00956	0.01168	0.00690	0.00694	0.01401	0.01674	0.10378	0.05703	0.32816	0.34807	0.01980	0.00908	0.00274	0.00439	0.01717	0.00734	0.00712
1	0.01912	0.64679	0.03582	0.01239	0.01807	0.02718	0.01193	0.02125	0.01487	0.01745	0.01221	0.01684	0.01196	0.09723	0.00908	0.00234	0.00802	0.00493	0.00341	0.00909
2	0.01414	0.00707	0.00707	0.00707	0.00884	0.00707	0.00530	0.01767	0.01591	0.02828	0.02474	0.02828	0.01944	0.00884	0.00530	0.00177	0.00353	0.00707	0.77554	0.00707
3	0.78701	0.01467	0.01115	0.00997	0.01467	0.01702	0.00821	0.02230	0.01291	0.03403	0.01056	0.01232	0.00821	0.00704	0.00469	0.00235	0.00587	0.00411	0.00469	0.00821
4	0.78701	0.01467	0.01115	0.00997	0.01467	0.01702	0.00821	0.02230	0.01291	0.03403	0.01056	0.01232	0.00821	0.00704	0.00469	0.00235	0.00587	0.00411	0.00469	0.00821
5	0.12802	0.01313	0.01680	0.01306	0.01878	0.01188	0.01078	0.03513	0.02061	0.60932	0.02751	0.02413	0.01746	0.00910	0.00726	0.00235	0.00638	0.00719	0.00880	0.01232
6	0.01084	0.00813	0.01219	0.01219	0.01354	0.00948	0.00948	0.01354	0.01219	0.01761	0.02032	0.02980	0.01896	0.05689	0.70337	0.01219	0.02032	0.00813	0.00406	0.00677
7	0.00927	0.00764	0.00815	0.00814	0.01047	0.00652	0.00606	0.01144	0.01784	0.02209	0.17606	0.10418	0.54823	0.01883	0.00900	0.00256	0.00383	0.01591	0.00726	0.00652
8	0.01877	0.01802	0.03079	0.04656	0.68612	0.01802	0.02328	0.02328	0.01727	0.02478	0.01427	0.01877	0.01201	0.00676	0.00751	0.00225	0.00901	0.00676	0.00375	0.01201
9	0.00935	0.00668	0.00890	0.01049	0.01103	0.00623	0.00705	0.01083	0.01502	0.02016	0.08811	0.67990	0.05171	0.02317	0.00963	0.00303	0.00434	0.02100	0.00714	0.00623
10	0.01185	0.00778	0.01008	0.01113	0.01227	0.00745	0.00771	0.01472	0.06169	0.07236	0.04011	0.62438	0.04582	0.02169	0.00938	0.00299	0.00467	0.01956	0.00727	0.00710
11	0.13440	0.01366	0.01502	0.01104	0.01747	0.01117	0.00887	0.01959	0.01529	0.02615	0.01303	0.01520	0.01077	0.00584	0.00548	0.00131	0.00566	0.00443	0.00452	0.66108
12	0.22276	0.06895	0.08885	0.01548	0.04398	0.01662	0.03556	0.10508	0.01933	0.22390	0.01800	0.01814	0.01262	0.00781	0.00650	0.00220	0.00738	0.00591	0.00608	0.07483

[dist]
# distance from previous block
# <min> <max>
0	3

[block]
# block no. 5 follows, 26 sequences, length 23
# corresponding to MSA columns:
# 391-413
name=unknown_F
#
# <colnr> <probs for GDERKNQSTAVLIFYWHMCP>
#	G	D	E	R	K	N	Q	S	T	A	V	L	I	F	Y	W	H	M	C	P
0	0.01335	0.01037	0.01195	0.01159	0.01360	0.01102	0.00842	0.02171	0.23436	0.02523	0.18694	0.15176	0.04091	0.17626	0.01538	0.00372	0.00552	0.04285	0.00703	0.00803
1	0.01966	0.63086	0.10289	0.01487	0.02188	0.02822	0.05043	0.02293	0.01561	0.01880	0.01111	0.01300	0.00982	0.00655	0.00532	0.00175	0.00867	0.00448	0.00327	0.00990
2	0.02010	0.01743	0.03376	0.02478	0.03126	0.01624	0.41386	0.05902	0.01901	0.13389	0.02054	0.09494	0.01679	0.00880	0.00855	0.00248	0.01024	0.00969	0.00532	0.05330
3	0.02385	0.08192	0.20626	0.02182	0.13820	0.01720	0.01833	0.08710	0.05529	0.24483	0.02017	0.02025	0.01407	0.00812	0.00727	0.00229	0.00847	0.00661	0.00597	0.01198
4	0.05348	0.02109	0.02312	0.02586	0.22819	0.14620	0.01624	0.15329	0.12974	0.09927	0.01879	0.01977	0.01416	0.00828	0.00734	0.00227	0.00887	0.00671	0.00581	0.01153
5	0.01103	0.00735	0.00827	0.00827	0.00827	0.00735	0.00460	0.01103	0.01103	0.01471	0.02390	0.04964	0.02758	0.73343	0.03861	0.00735	0.00735	0.01103	0.00460	0.00460
6	0.65813	0.01579	0.01312	0.01125	0.01617	0.01812	0.00927	0.13084	0.01678	0.03637	0.01186	0.01332	0.00901	0.00739	0.00519	0.00233	0.00629	0.00457	0.00519	0.00901
7	0.78701	0.01467	0.01115	0.00997	0.01467	0.01702	0.00821	0.02230	0.01291	0.03403	0.01056	0.01232	0.00821	0.00704	0.00469	0.00235	0.00587	0.00411	0.00469	0.00821
8	0.01993	0.57577	0.16115	0.01462	0.02196	0.02687	0.01571	0.02358	0.01580	0.04832	0.01196	0.01348	0.01010	0.00675	0.00542	0.00180	0.00862	0.00450	0.00350	0.01015
9	0.02548	0.01902	0.02046	0.01652	0.02193	0.02120	0.01337	0.40326	0.26647	0.07492	0.02341	0.02227	0.01693	0.00955	0.00764	0.00239	0.00740	0.00750	0.00773	0.01257
10	0.01581	0.01594	0.07599	0.01363	0.04736	0.01110	0.01126	0.01971	0.01582	0.02466	0.01353	0.01588	0.01112	0.00580	0.00584	0.00128	0.00625	0.00469	0.00435	0.67997
11	0.01084	0.00813	0.01219	0.01219	0.01354	0.00948	0.00948	0.01354	0.01219	0.01761	0.02032	0.02980	0.01896	0.05689	0.70337	0.01219	0.02032	0.00813	0.00406	0.00677
12	0.10172	0.02111	0.02252	0.01772	0.02338	0.14714	0.08593	0.24246	0.02508	0.20970	0.01905	0.01907	0.01327	0.00843	0.00733	0.00227	0.00911	0.00665	0.00667	0.01138
13	0.00980	0.00772	0.00884	0.00856	0.01076	0.00676	0.00642	0.01250	0.01926	0.02516	0.36174	0.06531	0.39522	0.01747	0.00896	0.00248	0.00372	0.01493	0.00766	0.00676
14	0.01222	0.00873	0.01222	0.01397	0.01572	0.00873	0.01222	0.01572	0.01746	0.02270	0.04016	0.08556	0.04365	0.02095	0.01048	0.00349	0.00698	0.63506	0.00698	0.00698
15	0.01103	0.00735	0.00827	0.00827	0.00827	0.00735	0.00460	0.01103	0.01103	0.01471	0.02390	0.04964	0.02758	0.73343	0.03861	0.00735	0.00735	0.01103	0.00460	0.00460
16	0.78701	0.01467	0.01115	0.00997	0.01467	0.01702	0.00821	0.02230	0.01291	0.03403	0.01056	0.01232	0.00821	0.00704	0.00469	0.00235	0.00587	0.00411	0.00469	0.00821
17	0.01573	0.01348	0.01573	0.01123	0.01798	0.01011	0.00899	0.01910	0.01573	0.02472	0.01348	0.01573	0.01123	0.00562	0.00562	0.00112	0.00562	0.00449	0.00449	0.77980
18	0.02263	0.70821	0.04038	0.01466	0.02114	0.03065	0.01390	0.02422	0.01695	0.02030	0.01326	0.01594	0.01227	0.00827	0.00605	0.00213	0.00890	0.00496	0.00418	0.01100
19	0.01215	0.00910	0.01078	0.01100	0.04457	0.00827	0.00776	0.04694	0.01944	0.05684	0.23123	0.09280	0.38738	0.01683	0.00879	0.00250	0.00440	0.01434	0.00738	0.00751
20	0.01414	0.00707	0.00707	0.00707	0.00884	0.00707	0.00530	0.01767	0.01591	0.02828	0.02474	0.02828	0.01944	0.00884	0.00530	0.00177	0.00353	0.00707	0.77554	0.00707
21	0.78701	0.01467	0.01115	0.00997	0.01467	0.01702	0.00821	0.02230	0.01291	0.03403	0.01056	0.01232	0.00821	0.00704	0.00469	0.00235	0.00587	0.00411	0.00469	0.00821
22	0.02586	0.01919	0.02032	0.01642	0.02170	0.04653	0.01329	0.39287	0.19435	0.09770	0.02231	0.02183	0.01619	0.01171	0.04150	0.00283	0.00837	0.00733	0.00747	0.01222

[dist]
# distance from previous block
# <min> <max>
1	2

[block]
# block no. 6 follows, 26 sequences, length 12
# corresponding to MSA columns:
# 416-427
name=unknown_G
#
# <colnr> <probs for GDERKNQSTAVLIFYWHMCP>
#	G	D	E	R	K	N	Q	S	T	A	V	L	I	F	Y	W	H	M	C	P
0	0.02007	0.01736	0.02780	0.18763	0.37852	0.01830	0.05225	0.12005	0.01986	0.06174	0.01556	0.01946	0.01205	0.00742	0.00762	0.00234	0.00921	0.00692	0.00455	0.01131
1	0.01691	0.01612	0.02742	0.32668	0.42056	0.01753	0.02235	0.02165	0.01639	0.02252	0.01394	0.01938	0.01122	0.00710	0.00754	0.00237	0.00947	0.00675	0.00359	0.01051
2	0.01763	0.01500	0.01609	0.01454	0.01845	0.01709	0.01127	0.03636	0.57351	0.03153	0.12982	0.03261	0.03051	0.01108	0.00790	0.00254	0.00563	0.00936	0.00781	0.01127
3	0.01659	0.01659	0.02323	0.01991	0.01991	0.02323	0.01659	0.01825	0.01162	0.01825	0.00996	0.01659	0.00996	0.01328	0.02489	0.00332	0.71955	0.00664	0.00332	0.00830
4	0.01442	0.00838	0.01083	0.01031	0.01259	0.00752	0.00768	0.01703	0.01904	0.14881	0.30405	0.23892	0.13646	0.01714	0.00891	0.00259	0.00437	0.01506	0.00801	0.00785
5	0.00896	0.00768	0.00768	0.00768	0.01025	0.00640	0.00576	0.01089	0.01729	0.02049	0.07684	0.07300	0.68304	0.01921	0.00896	0.00256	0.00384	0.01601	0.00704	0.00640
6	0.01029	0.00704	0.00849	0.00922	0.00940	0.00686	0.00561	0.01084	0.01247	0.01663	0.03131	0.33048	0.03692	0.43983	0.02664	0.00559	0.00613	0.01539	0.00561	0.00524
7	0.02375	0.03230	0.12408	0.01994	0.02409	0.44858	0.01712	0.02668	0.01848	0.01932	0.01162	0.01468	0.00979	0.00893	0.01089	0.00232	0.16934	0.00538	0.00367	0.00905
8	0.01337	0.05201	0.01594	0.01357	0.01525	0.01352	0.01086	0.05447	0.01368	0.01946	0.01820	0.02689	0.01705	0.07234	0.49008	0.00943	0.12459	0.00771	0.00414	0.00746
9	0.13836	0.07260	0.02340	0.02246	0.18320	0.05870	0.05161	0.02515	0.01701	0.14867	0.01586	0.01775	0.01210	0.00750	0.00763	0.00211	0.04866	0.00594	0.00501	0.13629
10	0.20123	0.01713	0.07083	0.26733	0.08337	0.04644	0.05579	0.02185	0.01593	0.04934	0.05180	0.01969	0.01373	0.00772	0.00689	0.00234	0.00867	0.00640	0.00432	0.04921
11	0.01817	0.01956	0.12706	0.02576	0.21328	0.01478	0.10175	0.02306	0.01694	0.07444	0.01520	0.01802	0.01181	0.00657	0.00699	0.00192	0.00844	0.00613	0.00437	0.28576

[dist]
# distance from previous block
# <min> <max>
0	6

[block]
# block no. 7 follows, 26 sequences, length 9
# corresponding to MSA columns:
# 434-442
name=unknown_H
#
# <colnr> <probs for GDERKNQSTAVLIFYWHMCP>
#	G	D	E	R	K	N	Q	S	T	A	V	L	I	F	Y	W	H	M	C	P
0	0.10435	0.03400	0.02046	0.01858	0.02257	0.63425	0.01401	0.02949	0.02063	0.02011	0.01161	0.01354	0.00961	0.00774	0.00662	0.00199	0.01290	0.00481	0.00399	0.00874
1	0.01002	0.00716	0.00970	0.01145	0.01223	0.00683	0.00840	0.01191	0.01529	0.02024	0.04138	0.56039	0.04846	0.02303	0.00989	0.00319	0.00508	0.18196	0.00703	0.00638
2	0.01391	0.22633	0.18648	0.01398	0.01883	0.01588	0.01393	0.01739	0.01515	0.02007	0.02582	0.34575	0.02848	0.01469	0.00768	0.00249	0.00715	0.01257	0.00500	0.00844
3	0.01563	0.01388	0.01772	0.01675	0.06423	0.01633	0.01257	0.10962	0.01798	0.02444	0.06996	0.03828	0.24254	0.01434	0.01487	0.00278	0.28381	0.01024	0.00551	0.00853
4	0.01957	0.02115	0.07434	0.03554	0.43259	0.09228	0.02040	0.02754	0.15057	0.02546	0.01731	0.01996	0.01386	0.00762	0.00746	0.00230	0.00906	0.00684	0.00454	0.01161
5	0.01869	0.12766	0.19524	0.02718	0.24662	0.02015	0.02008	0.06336	0.15632	0.02637	0.01730	0.01910	0.01349	0.00771	0.00710	0.00227	0.00876	0.00647	0.00460	0.01153
6	0.02023	0.17940	0.19474	0.02283	0.12226	0.12174	0.06185	0.06844	0.09243	0.02447	0.01515	0.01709	0.01188	0.00750	0.00690	0.00217	0.00992	0.00598	0.00424	0.01079
7	0.00989	0.00766	0.00863	0.00842	0.01034	0.00681	0.00608	0.01211	0.01785	0.02314	0.28221	0.06384	0.37216	0.12208	0.01328	0.00320	0.00426	0.01448	0.00715	0.00640
8	0.05454	0.01737	0.02250	0.26744	0.18214	0.08540	0.01780	0.09195	0.01864	0.02509	0.01566	0.02260	0.01309	0.00827	0.00736	0.00230	0.00917	0.04846	0.00439	0.08581

[dist]
# distance from previous block
# <min> <max>
0	3

[block]
# block no. 8 follows, 26 sequences, length 15
# corresponding to MSA columns:
# 446-460
name=unknown_I
#
# <colnr> <probs for GDERKNQSTAVLIFYWHMCP>
#	G	D	E	R	K	N	Q	S	T	A	V	L	I	F	Y	W	H	M	C	P
0	0.06968	0.06951	0.01710	0.01268	0.01749	0.01366	0.01047	0.03120	0.13799	0.33054	0.02674	0.02769	0.01945	0.00962	0.00703	0.00227	0.00607	0.04176	0.11149	0.03754
1	0.01530	0.14505	0.43139	0.07865	0.02925	0.01803	0.02197	0.02200	0.01663	0.02355	0.10990	0.02164	0.01864	0.00833	0.00711	0.00228	0.00951	0.00663	0.00397	0.01014
2	0.01983	0.05245	0.02226	0.02403	0.22617	0.01784	0.01491	0.20668	0.10569	0.03144	0.07568	0.02895	0.07710	0.05210	0.00948	0.00260	0.00742	0.00847	0.00603	0.01086
3	0.02131	0.64780	0.03740	0.01382	0.01998	0.11649	0.01319	0.02369	0.01619	0.01794	0.01070	0.01236	0.00974	0.00666	0.00512	0.00166	0.00883	0.00416	0.00333	0.00961
4	0.02102	0.05230	0.08320	0.02468	0.11875	0.14200	0.15604	0.10116	0.14699	0.02714	0.01836	0.02171	0.01451	0.00832	0.00772	0.00236	0.01009	0.02777	0.00505	0.01083
5	0.01538	0.26434	0.02297	0.01301	0.01647	0.01596	0.06026	0.01759	0.01557	0.05650	0.05992	0.29221	0.03048	0.07382	0.01018	0.00281	0.00667	0.01239	0.00546	0.00803
6	0.02932	0.01681	0.01957	0.01540	0.02107	0.01740	0.01259	0.28480	0.14109	0.32089	0.02545	0.02324	0.01721	0.00943	0.00763	0.00236	0.00713	0.00748	0.00838	0.01275
7	0.01659	0.01659	0.02323	0.01991	0.01991	0.02323	0.01659	0.01825	0.01162	0.01825	0.00996	0.01659	0.00996	0.01328	0.02489	0.00332	0.71955	0.00664	0.00332	0.00830
8	0.00993	0.00711	0.00953	0.01088	0.01174	0.00671	0.00781	0.01196	0.01616	0.02177	0.15304	0.51843	0.05295	0.02192	0.00967	0.00302	0.00463	0.10903	0.00726	0.00645
9	0.01084	0.00813	0.01219	0.01219	0.01354	0.00948	0.00948	0.01354	0.01219	0.01761	0.02032	0.02980	0.01896	0.05689	0.70337	0.01219	0.02032	0.00813	0.00406	0.00677
10	0.02175	0.01773	0.01878	0.01602	0.02082	0.02021	0.01270	0.22005	0.48797	0.03639	0.02720	0.02538	0.02018	0.00995	0.00768	0.00249	0.00668	0.00807	0.00768	0.01226
11	0.00981	0.00691	0.00899	0.01044	0.01091	0.00659	0.00703	0.01107	0.01414	0.01881	0.03848	0.55434	0.04560	0.15000	0.01490	0.00388	0.00514	0.07042	0.00660	0.00595
12	0.01175	0.01337	0.10649	0.01223	0.01527	0.01070	0.01105	0.01537	0.01827	0.02532	0.34239	0.04941	0.20712	0.01496	0.01097	0.00256	0.10634	0.01216	0.00659	0.00769
13	0.00931	0.00709	0.00857	0.00948	0.01078	0.00635	0.00662	0.01107	0.01620	0.02093	0.12220	0.43602	0.26533	0.02135	0.00936	0.00283	0.00412	0.01885	0.00718	0.00635
14	0.01680	0.01766	0.07973	0.17035	0.28375	0.01760	0.02000	0.02374	0.10726	0.02373	0.01816	0.02573	0.01551	0.00936	0.00958	0.00258	0.08221	0.06141	0.00442	0.01040

[dist]
# distance from previous block
# <min> <max>
0	1

[block]
# block no. 9 follows, 26 sequences, length 25
# corresponding to MSA columns:
# 462-486
name=unknown_J
#
# <colnr> <probs for GDERKNQSTAVLIFYWHMCP>
#	G	D	E	R	K	N	Q	S	T	A	V	L	I	F	Y	W	H	M	C	P
0	0.02035	0.01608	0.02298	0.02465	0.23583	0.03730	0.05592	0.02416	0.01757	0.13589	0.01654	0.01863	0.01271	0.00674	0.00682	0.00181	0.00759	0.00605	0.00501	0.32737
1	0.02096	0.67851	0.03820	0.01353	0.01981	0.08705	0.01312	0.02335	0.01593	0.01791	0.01065	0.01230	0.00974	0.00660	0.00503	0.00165	0.00858	0.00413	0.00330	0.00965
2	0.12359	0.06181	0.02093	0.01807	0.02218	0.58936	0.01378	0.02898	0.02017	0.02048	0.01153	0.01345	0.00957	0.00767	0.00649	0.00199	0.01247	0.00475	0.00398	0.00876
3	0.02052	0.01741	0.02037	0.02099	0.13204	0.01950	0.01430	0.14114	0.45622	0.03325	0.02597	0.02502	0.01957	0.00950	0.00766	0.00247	0.00690	0.00798	0.00703	0.01216
4	0.01092	0.00777	0.01041	0.01041	0.01115	0.00851	0.00726	0.01240	0.01166	0.01629	0.02195	0.03883	0.02288	0.36483	0.40079	0.00999	0.01442	0.00945	0.00431	0.00578
5	0.01890	0.07131	0.46170	0.02117	0.03014	0.19124	0.05411	0.02555	0.01746	0.02236	0.01307	0.01545	0.00975	0.00729	0.00708	0.00226	0.01176	0.00551	0.00341	0.01048
6	0.01075	0.00781	0.01046	0.00995	0.01168	0.00752	0.00752	0.01419	0.02003	0.02842	0.57919	0.05248	0.06339	0.02194	0.11695	0.00391	0.00618	0.01285	0.00768	0.00710
7	0.01465	0.01290	0.02058	0.17193	0.29512	0.01354	0.01600	0.01772	0.01491	0.02042	0.02016	0.12090	0.02056	0.19039	0.01557	0.00369	0.00822	0.00978	0.00432	0.00864
8	0.00930	0.00766	0.00796	0.00791	0.01019	0.00655	0.00580	0.01122	0.01717	0.02095	0.12977	0.06953	0.57120	0.07766	0.01140	0.00294	0.00411	0.01538	0.00697	0.00633
9	0.02028	0.73799	0.03975	0.01298	0.01947	0.03001	0.01298	0.02271	0.01541	0.01785	0.01055	0.01217	0.00973	0.00649	0.00487	0.00162	0.00811	0.00406	0.00324	0.00973
10	0.52060	0.02020	0.01769	0.01488	0.01978	0.17056	0.09159	0.02433	0.01546	0.02935	0.01142	0.01365	0.00898	0.00713	0.00571	0.00229	0.00848	0.00489	0.00441	0.00860
11	0.01486	0.01653	0.10760	0.02732	0.30030	0.01345	0.03738	0.01934	0.01816	0.02574	0.22891	0.03476	0.06628	0.04532	0.00955	0.00259	0.00735	0.00957	0.00535	0.00967
12	0.02328	0.14023	0.05994	0.01663	0.02246	0.02167	0.04683	0.37500	0.05139	0.03705	0.08786	0.02395	0.01975	0.00956	0.00743	0.00225	0.00805	0.02885	0.00650	0.01130
13	0.01246	0.01452	0.11899	0.01623	0.10643	0.01072	0.01245	0.01753	0.05698	0.02574	0.26642	0.04847	0.23575	0.01384	0.00841	0.00243	0.00572	0.01190	0.00649	0.00850
14	0.01871	0.01365	0.02179	0.23115	0.15810	0.01448	0.04787	0.02380	0.05145	0.14653	0.02252	0.03288	0.01893	0.01272	0.04529	0.00312	0.00916	0.11249	0.00545	0.00990
15	0.02250	0.04599	0.19599	0.02015	0.05259	0.05532	0.05155	0.25404	0.10069	0.06184	0.01774	0.01882	0.01300	0.00861	0.00836	0.00238	0.04644	0.00667	0.00567	0.01164
16	0.78701	0.01467	0.01115	0.00997	0.01467	0.01702	0.00821	0.02230	0.01291	0.03403	0.01056	0.01232	0.00821	0.00704	0.00469	0.00235	0.00587	0.00411	0.00469	0.00821
17	0.02209	0.02222	0.07943	0.02780	0.26163	0.09883	0.01808	0.19878	0.07857	0.03085	0.01634	0.01836	0.01268	0.00776	0.00729	0.00217	0.00901	0.00643	0.00517	0.07651
18	0.00938	0.00680	0.00889	0.01051	0.01119	0.00632	0.00721	0.01086	0.01491	0.01963	0.04460	0.64018	0.10193	0.02324	0.00966	0.00306	0.00449	0.05387	0.00704	0.00622
19	0.02286	0.10413	0.25431	0.01646	0.02361	0.01643	0.01732	0.05814	0.01914	0.26272	0.07415	0.02256	0.01817	0.00900	0.00820	0.00234	0.04622	0.00693	0.00606	0.01124
20	0.01803	0.34656	0.29787	0.02174	0.13059	0.02319	0.02058	0.02332	0.01595	0.02140	0.01235	0.01474	0.01005	0.00682	0.00621	0.00203	0.00948	0.00510	0.00331	0.01068
21	0.14302	0.08696	0.13409	0.01743	0.02317	0.24737	0.01579	0.16275	0.02133	0.02811	0.01308	0.01485	0.01018	0.00802	0.00743	0.00220	0.04423	0.00532	0.00462	0.01005
22	0.01271	0.00675	0.00954	0.00954	0.00954	0.00675	0.00616	0.01013	0.01013	0.01350	0.01548	0.02877	0.01627	0.17829	0.03157	0.61343	0.00675	0.00754	0.00357	0.00357
23	0.02347	0.27620	0.02602	0.01479	0.05414	0.05336	0.01209	0.02636	0.01772	0.21469	0.01713	0.01742	0.01284	0.00719	0.00609	0.00176	0.00735	0.00538	0.00539	0.20062
24	0.01103	0.00735	0.00827	0.00827	0.00827	0.00735	0.00460	0.01103	0.01103	0.01471	0.02390	0.04964	0.02758	0.73343	0.03861	0.00735	0.00735	0.01103	0.00460	0.00460

[dist]
# distance from previous block
# <min> <max>
0	1

[block]
# block no. 10 follows, 26 sequences, length 100
# corresponding to MSA columns:
# 488-587
name=unknown_K
#
# <colnr> <probs for GDERKNQSTAVLIFYWHMCP>
#	G	D	E	R	K	N	Q	S	T	A	V	L	I	F	Y	W	H	M	C	P
0	0.01918	0.01541	0.06986	0.01249	0.01942	0.01090	0.01091	0.02290	0.01689	0.15191	0.01663	0.01768	0.01255	0.00646	0.00613	0.00146	0.00622	0.00518	0.00533	0.57250
1	0.01906	0.10603	0.25921	0.01548	0.02364	0.01523	0.01655	0.02418	0.01677	0.13257	0.01588	0.01707	0.01172	0.00690	0.00642	0.00183	0.00802	0.00535	0.00469	0.29340
2	0.01946	0.01846	0.06043	0.07291	0.58165	0.01748	0.02257	0.02408	0.01742	0.07029	0.01528	0.01919	0.01228	0.00700	0.00751	0.00228	0.00899	0.00676	0.00410	0.01188
3	0.01703	0.02540	0.26622	0.02533	0.10430	0.01798	0.18538	0.02745	0.16939	0.02591	0.01926	0.02325	0.01495	0.00824	0.00795	0.00251	0.00998	0.03377	0.00464	0.01106
4	0.00909	0.00769	0.00785	0.00781	0.01032	0.00646	0.00586	0.01112	0.01758	0.02117	0.11841	0.07188	0.64104	0.01896	0.00896	0.00255	0.00382	0.01585	0.00713	0.00646
5	0.01919	0.01798	0.02848	0.03636	0.45018	0.04502	0.07978	0.02350	0.01742	0.05251	0.01478	0.01847	0.01202	0.00668	0.00728	0.00207	0.00885	0.00652	0.00414	0.14878
6	0.02028	0.73799	0.03975	0.01298	0.01947	0.03001	0.01298	0.02271	0.01541	0.01785	0.01055	0.01217	0.00973	0.00649	0.00487	0.00162	0.00811	0.00406	0.00324	0.00973
7	0.01573	0.01348	0.01573	0.01123	0.01798	0.01011	0.00899	0.01910	0.01573	0.02472	0.01348	0.01573	0.01123	0.00562	0.00562	0.00112	0.00562	0.00449	0.00449	0.77980
8	0.05573	0.15327	0.10844	0.01785	0.05893	0.10476	0.01527	0.16644	0.09991	0.09651	0.01835	0.04060	0.01429	0.00865	0.00691	0.00220	0.00865	0.00657	0.00564	0.01104
9	0.01936	0.11007	0.06336	0.02480	0.11182	0.01734	0.27236	0.02419	0.01851	0.11891	0.12034	0.02537	0.02163	0.00833	0.00797	0.00233	0.00930	0.00844	0.00521	0.01034
10	0.02608	0.02048	0.02550	0.02471	0.17600	0.02208	0.04272	0.48878	0.03072	0.04157	0.01719	0.01843	0.01264	0.00846	0.00763	0.00228	0.00868	0.00690	0.00656	0.01259
11	0.01877	0.01802	0.03079	0.04656	0.68612	0.01802	0.02328	0.02328	0.01727	0.02478	0.01427	0.01877	0.01201	0.00676	0.00751	0.00225	0.00901	0.00676	0.00375	0.01201
12	0.01573	0.01348	0.01573	0.01123	0.01798	0.01011	0.00899	0.01910	0.01573	0.02472	0.01348	0.01573	0.01123	0.00562	0.00562	0.00112	0.00562	0.00449	0.00449	0.77980
13	0.02449	0.07147	0.23795	0.02165	0.13634	0.01566	0.01873	0.02954	0.01871	0.31930	0.02074	0.02056	0.01408	0.00805	0.00729	0.00230	0.00852	0.00659	0.00604	0.01200
14	0.02076	0.66703	0.03787	0.01335	0.01973	0.02920	0.01303	0.06328	0.04045	0.02022	0.01176	0.01313	0.01042	0.00679	0.00514	0.00170	0.00805	0.00439	0.00368	0.01001
15	0.01318	0.00659	0.00988	0.00988	0.00988	0.00659	0.00659	0.00988	0.00988	0.01318	0.01318	0.02306	0.01318	0.02635	0.02964	0.77931	0.00659	0.00659	0.00329	0.00329
16	0.01074	0.00775	0.01014	0.00954	0.01133	0.00716	0.00716	0.01431	0.02147	0.03042	0.68211	0.05666	0.07157	0.01551	0.00895	0.00239	0.00358	0.01372	0.00835	0.00716
17	0.02004	0.70544	0.07023	0.01338	0.02009	0.02944	0.01368	0.02277	0.01544	0.01813	0.01069	0.01235	0.00973	0.00652	0.00498	0.00166	0.00826	0.00413	0.00324	0.00980
18	0.02161	0.02659	0.29809	0.01888	0.05223	0.08112	0.01890	0.02996	0.12651	0.18902	0.02276	0.02254	0.04013	0.00876	0.00744	0.00237	0.00904	0.00697	0.00571	0.01138
19	0.02483	0.01735	0.07988	0.05565	0.28720	0.01504	0.01784	0.02989	0.05168	0.31006	0.02171	0.02209	0.01518	0.00813	0.00755	0.00233	0.00800	0.00712	0.00630	0.01218
20	0.01742	0.01937	0.09140	0.03536	0.35561	0.01719	0.18711	0.02320	0.04139	0.02434	0.01760	0.02595	0.01525	0.03199	0.00914	0.00263	0.00986	0.06023	0.00417	0.01081
21	0.00955	0.00787	0.00850	0.00881	0.01123	0.00682	0.00692	0.01175	0.01732	0.02089	0.07026	0.07525	0.56839	0.01952	0.00924	0.00273	0.00441	0.12701	0.00703	0.00651
22	0.01750	0.01230	0.01493	0.01134	0.01698	0.00968	0.00898	0.02070	0.01722	0.12540	0.09516	0.06640	0.02178	0.00846	0.00656	0.00158	0.00543	0.00710	0.00584	0.52666
23	0.02028	0.73799	0.03975	0.01298	0.01947	0.03001	0.01298	0.02271	0.01541	0.01785	0.01055	0.01217	0.00973	0.00649	0.00487	0.00162	0.00811	0.00406	0.00324	0.00973
24	0.01573	0.01348	0.01573	0.01123	0.01798	0.01011	0.00899	0.01910	0.01573	0.02472	0.01348	0.01573	0.01123	0.00562	0.00562	0.00112	0.00562	0.00449	0.00449	0.77980
25	0.02225	0.05803	0.38599	0.01836	0.02696	0.06134	0.02065	0.02907	0.04573	0.22992	0.01913	0.01925	0.01303	0.00802	0.00724	0.00233	0.00956	0.00625	0.00535	0.01155
26	0.02122	0.68819	0.03823	0.01301	0.01946	0.02872	0.01285	0.02369	0.01584	0.06411	0.01188	0.01310	0.01036	0.00669	0.00506	0.00167	0.00800	0.00430	0.00367	0.00995
27	0.01772	0.01481	0.02317	0.03162	0.40015	0.01477	0.01714	0.02346	0.08031	0.07270	0.19257	0.03012	0.02919	0.00957	0.00791	0.00232	0.00712	0.00882	0.00572	0.01080
28	0.01877	0.01802	0.03079	0.04656	0.68612	0.01802	0.02328	0.02328	0.01727	0.02478	0.01427	0.01877	0.01201	0.00676	0.00751	0.00225	0.00901	0.00676	0.00375	0.01201
29	0.01573	0.01348	0.01573	0.01123	0.01798	0.01011	0.00899	0.01910	0.01573	0.02472	0.01348	0.01573	0.01123	0.00562	0.00562	0.00112	0.00562	0.00449	0.00449	0.77980
30	0.01986	0.13529	0.45841	0.01867	0.02809	0.01807	0.02233	0.02652	0.01711	0.16185	0.01656	0.01749	0.01153	0.00756	0.00695	0.00228	0.00977	0.00580	0.00449	0.01135
31	0.60296	0.15365	0.01712	0.01102	0.01602	0.05373	0.00944	0.02277	0.01381	0.03017	0.01062	0.01236	0.00858	0.00697	0.00483	0.00219	0.00669	0.00414	0.00438	0.00853
32	0.01201	0.00732	0.01080	0.01080	0.01140	0.00792	0.00774	0.01157	0.01097	0.01523	0.01700	0.02770	0.01663	0.08392	0.32830	0.39179	0.01271	0.00755	0.00372	0.00491
33	0.02028	0.73799	0.03975	0.01298	0.01947	0.03001	0.01298	0.02271	0.01541	0.01785	0.01055	0.01217	0.00973	0.00649	0.00487	0.00162	0.00811	0.00406	0.00324	0.00973
34	0.02004	0.70544	0.07023	0.01338	0.02009	0.02944	0.01368	0.02277	0.01544	0.01813	0.01069	0.01235	0.00973	0.00652	0.00498	0.00166	0.00826	0.00413	0.00324	0.00980
35	0.00987	0.00989	0.04067	0.00990	0.01313	0.00773	0.04749	0.01245	0.01744	0.02130	0.09545	0.06650	0.58568	0.01772	0.00888	0.00255	0.00472	0.01501	0.00673	0.00689
36	0.01573	0.01348	0.01573	0.01123	0.01798	0.01011	0.00899	0.01910	0.01573	0.02472	0.01348	0.01573	0.01123	0.00562	0.00562	0.00112	0.00562	0.00449	0.00449	0.77980
37	0.02515	0.01728	0.06654	0.05412	0.28900	0.01536	0.04396	0.05590	0.01977	0.30397	0.02095	0.02164	0.01464	0.00800	0.00760	0.00233	0.00825	0.00714	0.00622	0.01217
38	0.01716	0.02702	0.33377	0.01833	0.02585	0.01828	0.01950	0.03269	0.36542	0.02812	0.02280	0.02255	0.01682	0.00885	0.00748	0.00249	0.00844	0.00719	0.00561	0.01163
39	0.00900	0.00755	0.00782	0.00804	0.01034	0.00637	0.00592	0.01085	0.01694	0.02035	0.07247	0.15481	0.60405	0.01978	0.00905	0.00263	0.00391	0.01670	0.00704	0.00637
40	0.01760	0.01342	0.01592	0.01147	0.01812	0.01022	0.00921	0.02093	0.01634	0.09306	0.01517	0.01676	0.01201	0.00600	0.00582	0.00125	0.00570	0.00482	0.00500	0.70118
41	0.02028	0.73799	0.03975	0.01298	0.01947	0.03001	0.01298	0.02271	0.01541	0.01785	0.01055	0.01217	0.00973	0.00649	0.00487	0.00162	0.00811	0.00406	0.00324	0.00973
42	0.01698	0.01436	0.01707	0.01352	0.05179	0.01163	0.01016	0.07323	0.01748	0.02666	0.01392	0.01609	0.01141	0.00597	0.00588	0.00128	0.00602	0.00480	0.00472	0.67704
43	0.02111	0.36305	0.21177	0.01739	0.05182	0.02379	0.01753	0.11281	0.01896	0.07645	0.01410	0.01539	0.01094	0.00728	0.00620	0.00201	0.00889	0.00525	0.00434	0.01092
44	0.03403	0.01291	0.01760	0.01350	0.01936	0.01115	0.01115	0.03697	0.02171	0.69137	0.02992	0.02582	0.01878	0.00939	0.00763	0.00235	0.00645	0.00763	0.00939	0.01291
45	0.01774	0.02186	0.21273	0.02418	0.19453	0.01603	0.01870	0.07689	0.10653	0.05953	0.14744	0.02692	0.02480	0.00937	0.00774	0.00237	0.00801	0.00807	0.00560	0.01095
46	0.01853	0.01917	0.06413	0.04195	0.55341	0.01816	0.07612	0.02457	0.06226	0.02518	0.01547	0.01943	0.01262	0.00699	0.00763	0.00231	0.00923	0.00701	0.00401	0.01182
47	0.01573	0.01348	0.01573	0.01123	0.01798	0.01011	0.00899	0.01910	0.01573	0.02472	0.01348	0.01573	0.01123	0.00562	0.00562	0.00112	0.00562	0.00449	0.00449	0.77980
48	0.01618	0.17192	0.56987	0.01998	0.03029	0.01997	0.02517	0.02377	0.01590	0.02285	0.01303	0.01528	0.00963	0.00707	0.00676	0.00225	0.01062	0.00531	0.00321	0.01093
