[name]
unknown

[dist]
# distance from previous block
# <min> <max>
0	96

[block]
# block no. 0 follows, 18 sequences, length 15
# corresponding to MSA columns:
# 96-110
name=unknown_A
#
# <colnr> <probs for GDERKNQSTAVLIFYWHMCP>
#	G	D	E	R	K	N	Q	S	T	A	V	L	I	F	Y	W	H	M	C	P
0	0.01131	0.00827	0.01067	0.01253	0.01346	0.00763	0.00861	0.01311	0.01816	0.02379	0.05581	0.57313	0.12976	0.02793	0.01165	0.00367	0.00538	0.04906	0.00852	0.00754
1	0.02075	0.01955	0.03734	0.07382	0.10995	0.01955	0.27888	0.02612	0.02024	0.06982	0.02514	0.14923	0.02339	0.01292	0.01222	0.00323	0.06759	0.01292	0.00577	0.01159
2	0.03543	0.01791	0.02198	0.01743	0.02379	0.01754	0.01414	0.21542	0.03061	0.36878	0.03347	0.10823	0.02519	0.01343	0.00953	0.00292	0.00824	0.01103	0.01031	0.01460
3	0.01426	0.01002	0.01147	0.01098	0.01421	0.00899	0.00843	0.01688	0.02035	0.08372	0.07510	0.07331	0.45091	0.03027	0.12394	0.00517	0.00855	0.01666	0.00816	0.00861
4	0.01323	0.00941	0.01257	0.01257	0.01346	0.01029	0.00875	0.01499	0.01411	0.01970	0.02659	0.04713	0.02776	0.34900	0.36736	0.01206	0.01737	0.01146	0.00522	0.00699
5	0.29210	0.09353	0.22249	0.01823	0.02678	0.02217	0.01928	0.03171	0.09133	0.07622	0.01873	0.01995	0.01385	0.00922	0.00742	0.00281	0.00958	0.00654	0.00577	0.01230
6	0.02497	0.40379	0.09491	0.01891	0.02591	0.12746	0.01798	0.03075	0.07739	0.02414	0.01571	0.01782	0.01341	0.00931	0.00884	0.00240	0.06377	0.00604	0.00459	0.01190
7	0.02290	0.35410	0.30691	0.02044	0.03080	0.02810	0.02372	0.02934	0.01949	0.06493	0.01598	0.01791	0.01244	0.00848	0.00738	0.00244	0.01137	0.00604	0.00440	0.01284
8	0.01440	0.01206	0.01152	0.01175	0.01288	0.06766	0.00759	0.01539	0.01683	0.02072	0.04394	0.19004	0.14469	0.35725	0.02912	0.00613	0.00808	0.01645	0.00666	0.00684
9	0.01990	0.06563	0.07856	0.06713	0.03073	0.01745	0.17644	0.02627	0.04433	0.08078	0.15406	0.09026	0.03532	0.01283	0.00979	0.00292	0.00968	0.01217	0.05460	0.01115
10	0.01969	0.01651	0.01687	0.01571	0.01898	0.09073	0.01182	0.07450	0.06184	0.02749	0.02977	0.19338	0.03074	0.02039	0.01515	0.15223	0.00840	0.06651	0.00675	0.12255
11	0.02714	0.01998	0.02420	0.02663	0.17114	0.07897	0.01678	0.12978	0.02638	0.15576	0.09957	0.07828	0.02976	0.05950	0.01212	0.00325	0.00933	0.01088	0.00784	0.01270
12	0.04444	0.16296	0.04945	0.01609	0.02169	0.02063	0.01380	0.14591	0.04401	0.07356	0.09470	0.16311	0.03284	0.01456	0.00890	0.00273	0.00794	0.01202	0.00756	0.06308
13	0.02324	0.18811	0.05438	0.01766	0.02319	0.14148	0.03738	0.02665	0.02151	0.07283	0.08559	0.09081	0.07680	0.01311	0.00947	0.00259	0.03642	0.01032	0.00625	0.06222
14	0.06897	0.02266	0.17068	0.01829	0.02387	0.01712	0.01752	0.04874	0.06585	0.03047	0.08227	0.18807	0.03252	0.01581	0.01203	0.00312	0.08974	0.01280	0.00657	0.07287

[dist]
# distance from previous block
# <min> <max>
17	31

[block]
# block no. 1 follows, 18 sequences, length 13
# corresponding to MSA columns:
# 152-164
name=unknown_B
#
# <colnr> <probs for GDERKNQSTAVLIFYWHMCP>
#	G	D	E	R	K	N	Q	S	T	A	V	L	I	F	Y	W	H	M	C	P
0	0.02444	0.02429	0.15374	0.06878	0.03146	0.01924	0.07495	0.10311	0.11792	0.13642	0.11918	0.03283	0.02882	0.01159	0.00954	0.00294	0.00977	0.01002	0.00777	0.01318
1	0.01319	0.00818	0.00994	0.01135	0.01243	0.00783	0.00781	0.01570	0.01815	0.02709	0.04361	0.45561	0.04814	0.02265	0.00992	0.00319	0.00497	0.02016	0.25222	0.00783
2	0.01928	0.08739	0.07330	0.01664	0.02045	0.14760	0.01368	0.02394	0.06205	0.02590	0.10463	0.24496	0.04012	0.06387	0.01232	0.00340	0.00916	0.01478	0.00690	0.00963
3	0.01357	0.01731	0.14297	0.01445	0.01899	0.01106	0.01375	0.01858	0.02270	0.03153	0.33140	0.13717	0.15401	0.01862	0.01050	0.00303	0.00647	0.01616	0.00832	0.00941
4	0.02172	0.02911	0.14532	0.02379	0.02861	0.15353	0.07067	0.02633	0.01956	0.02560	0.07492	0.02558	0.02029	0.01651	0.06107	0.00402	0.22912	0.00857	0.00487	0.01080
5	0.01379	0.00823	0.01012	0.01117	0.01210	0.00797	0.00759	0.01541	0.01710	0.02547	0.03828	0.34849	0.04156	0.06900	0.01556	0.09531	0.00558	0.01745	0.23260	0.00723
6	0.09114	0.01463	0.01797	0.09423	0.02493	0.01319	0.01236	0.02326	0.01894	0.08162	0.02502	0.15919	0.02390	0.01235	0.00825	0.00236	0.00729	0.01047	0.00647	0.35242
7	0.02598	0.02466	0.10387	0.04022	0.02996	0.07521	0.09324	0.07204	0.02271	0.14784	0.06247	0.02615	0.02002	0.01151	0.01368	0.00299	0.14918	0.00874	0.00652	0.06301
8	0.30027	0.12693	0.02258	0.01466	0.02133	0.02198	0.01235	0.06974	0.09633	0.05816	0.01829	0.01941	0.01427	0.00885	0.00682	0.00241	0.00774	0.00616	0.00628	0.16541
9	0.01263	0.00972	0.01360	0.01360	0.01555	0.01068	0.01052	0.01571	0.01607	0.02206	0.03915	0.04720	0.14921	0.05916	0.50685	0.01228	0.02035	0.01187	0.00569	0.00810
10	0.01926	0.01712	0.02097	0.01584	0.02226	0.01562	0.01284	0.02290	0.01798	0.02826	0.01541	0.01926	0.01327	0.00877	0.01176	0.00193	0.14590	0.00599	0.00514	0.57951
11	0.02259	0.01652	0.01882	0.01661	0.02053	0.01753	0.01276	0.28619	0.03053	0.04107	0.09332	0.30395	0.04195	0.01937	0.01043	0.00318	0.00749	0.01671	0.00899	0.01144
12	0.08841	0.08318	0.02382	0.06479	0.02556	0.01970	0.03278	0.03389	0.15792	0.15850	0.08243	0.03155	0.04119	0.01173	0.01005	0.00283	0.05085	0.00928	0.00778	0.06376

[dist]
# distance from previous block
# <min> <max>
0	2

[block]
# block no. 2 follows, 18 sequences, length 16
# corresponding to MSA columns:
# 167-182
name=unknown_C
#
# <colnr> <probs for GDERKNQSTAVLIFYWHMCP>
#	G	D	E	R	K	N	Q	S	T	A	V	L	I	F	Y	W	H	M	C	P
0	0.10859	0.13400	0.34457	0.02135	0.03123	0.02280	0.02463	0.07233	0.02093	0.03154	0.01975	0.02841	0.01669	0.01074	0.00843	0.00290	0.01132	0.07229	0.00508	0.01241
1	0.02754	0.01961	0.09261	0.01679	0.02429	0.01470	0.01529	0.07464	0.02374	0.24382	0.02774	0.03300	0.02122	0.01105	0.00867	0.00251	0.00829	0.06438	0.03716	0.23294
2	0.01766	0.01486	0.01757	0.01346	0.02028	0.01140	0.01047	0.02131	0.01878	0.02878	0.02233	0.13340	0.02186	0.01065	0.00766	0.00178	0.00654	0.00906	0.00598	0.60616
3	0.01580	0.01380	0.01599	0.01396	0.01745	0.01417	0.01082	0.02106	0.08968	0.02627	0.05034	0.05325	0.25991	0.08499	0.01696	0.00352	0.12082	0.01293	0.00692	0.15136
4	0.09680	0.01711	0.08876	0.01521	0.02004	0.01378	0.01300	0.02870	0.06439	0.20738	0.03245	0.14712	0.02957	0.16397	0.01771	0.00439	0.00820	0.01248	0.00793	0.01102
5	0.02520	0.02872	0.26755	0.08474	0.03375	0.01712	0.02246	0.03200	0.02126	0.20631	0.02230	0.02336	0.01538	0.00918	0.00854	0.00260	0.01039	0.00739	0.00643	0.15530
6	0.01772	0.01047	0.01356	0.01216	0.01529	0.00942	0.00934	0.02171	0.02553	0.13896	0.46059	0.06405	0.12929	0.01793	0.01055	0.00290	0.00497	0.01559	0.01017	0.00979
7	0.01444	0.01181	0.01736	0.15882	0.02601	0.01394	0.01390	0.01732	0.01581	0.02168	0.02733	0.16088	0.02868	0.14884	0.20864	0.00784	0.07993	0.01309	0.00546	0.00823
8	0.09794	0.05461	0.18347	0.13273	0.03473	0.08502	0.02239	0.02913	0.01926	0.09992	0.01723	0.02093	0.01303	0.01059	0.01260	0.00304	0.13925	0.00722	0.00513	0.01179
9	0.03095	0.02381	0.02271	0.01863	0.02425	0.14164	0.01483	0.25638	0.03297	0.14584	0.15665	0.03307	0.03212	0.01252	0.00939	0.00272	0.00967	0.00985	0.00890	0.01307
10	0.02602	0.01707	0.01747	0.01490	0.01839	0.07867	0.01082	0.12434	0.02301	0.17232	0.02796	0.04196	0.02547	0.33066	0.02712	0.00569	0.00964	0.01070	0.00751	0.01028
11	0.31317	0.01612	0.01628	0.01483	0.01955	0.01779	0.01191	0.03216	0.16554	0.10769	0.02646	0.03373	0.02181	0.01429	0.01100	0.07847	0.00748	0.07327	0.00746	0.01100
12	0.01922	0.01352	0.01584	0.01490	0.01796	0.01400	0.01152	0.17591	0.02660	0.03683	0.12433	0.25467	0.04655	0.01972	0.01035	0.00320	0.00675	0.08115	0.09680	0.01016
13	0.02700	0.10725	0.02931	0.02459	0.08622	0.16377	0.01821	0.12172	0.15277	0.03215	0.02031	0.02235	0.01631	0.01120	0.01228	0.00287	0.12499	0.00775	0.00621	0.01272
14	0.02539	0.14309	0.10142	0.01875	0.02664	0.11648	0.01703	0.13146	0.06499	0.03290	0.01789	0.01955	0.01414	0.00878	0.00771	0.00218	0.01027	0.00644	0.00583	0.22906
15	0.02605	0.02357	0.09374	0.03639	0.26712	0.02077	0.09017	0.11822	0.02537	0.12273	0.05020	0.02766	0.03523	0.00999	0.00942	0.00283	0.01067	0.00921	0.00659	0.01406

[dist]
# distance from previous block
# <min> <max>
1	9

[block]
# block no. 3 follows, 18 sequences, length 17
# corresponding to MSA columns:
# 192-208
name=unknown_D
#
# <colnr> <probs for GDERKNQSTAVLIFYWHMCP>
#	G	D	E	R	K	N	Q	S	T	A	V	L	I	F	Y	W	H	M	C	P
0	0.01960	0.01674	0.02645	0.30554	0.09115	0.01869	0.07820	0.08455	0.02107	0.02896	0.02063	0.03005	0.01719	0.09842	0.01401	0.00367	0.01080	0.00919	0.09455	0.01056
1	0.02383	0.26569	0.03050	0.15388	0.02975	0.02240	0.01566	0.02676	0.01957	0.13825	0.02675	0.02913	0.07732	0.01304	0.01104	0.08214	0.00922	0.00829	0.00588	0.01091
2	0.04008	0.05464	0.23411	0.02219	0.02986	0.01882	0.09634	0.02658	0.01981	0.10120	0.03082	0.10506	0.08495	0.01357	0.01168	0.00312	0.07813	0.01126	0.00602	0.01178
3	0.01357	0.01164	0.01348	0.01323	0.01553	0.01216	0.00999	0.01843	0.08729	0.02570	0.06527	0.21653	0.33011	0.02239	0.01346	0.00338	0.09257	0.01847	0.00802	0.00878
4	0.01689	0.01382	0.07958	0.01386	0.01744	0.01041	0.01179	0.02044	0.01967	0.10621	0.06788	0.26333	0.12686	0.02511	0.07572	0.00436	0.00830	0.01663	0.09223	0.00951
5	0.02248	0.02780	0.19681	0.02991	0.09904	0.02071	0.18154	0.07109	0.02304	0.08352	0.08900	0.02828	0.02265	0.01041	0.01098	0.00299	0.05130	0.00962	0.00595	0.01289
6	0.09978	0.20533	0.15417	0.01838	0.02564	0.12416	0.01795	0.02952	0.02049	0.09661	0.02113	0.09006	0.01851	0.01114	0.00789	0.00262	0.01055	0.00839	0.02601	0.01167
7	0.01633	0.00957	0.01254	0.01324	0.01522	0.00900	0.00997	0.01929	0.02038	0.09755	0.10734	0.34380	0.05273	0.02262	0.01080	0.00341	0.00593	0.11642	0.10498	0.00887
8	0.02412	0.01636	0.02377	0.02226	0.08768	0.01664	0.07347	0.03109	0.11013	0.18084	0.07809	0.04063	0.07705	0.10157	0.01646	0.00383	0.06484	0.01132	0.00787	0.01199
9	0.02790	0.08590	0.28135	0.02310	0.06792	0.01981	0.02329	0.03588	0.05747	0.25006	0.02479	0.02450	0.01693	0.00982	0.00873	0.00280	0.01057	0.00784	0.00703	0.01430
10	0.01874	0.01104	0.01321	0.01251	0.01588	0.01019	0.00969	0.02327	0.05855	0.14389	0.11661	0.14501	0.22370	0.01936	0.01023	0.00310	0.00576	0.06166	0.08772	0.00990
11	0.01766	0.01203	0.01839	0.01575	0.01822	0.01198	0.08543	0.01991	0.01632	0.09137	0.02733	0.04609	0.02697	0.36030	0.18393	0.00886	0.01352	0.01167	0.00596	0.00830
12	0.02280	0.03266	0.27656	0.09027	0.03701	0.09570	0.08635	0.02996	0.02139	0.09733	0.02300	0.03276	0.01876	0.01128	0.00953	0.00305	0.01265	0.08107	0.00557	0.01229
13	0.02376	0.02545	0.16422	0.18988	0.11611	0.02005	0.14487	0.03064	0.02113	0.14293	0.02079	0.02452	0.01477	0.00907	0.00943	0.00295	0.01220	0.00864	0.00562	0.01298
14	0.03107	0.12795	0.03157	0.02040	0.02809	0.02477	0.07494	0.28368	0.03136	0.14124	0.02191	0.02235	0.01579	0.00974	0.00856	0.00252	0.00985	0.00783	0.00780	0.09859
15	0.03061	0.01874	0.02589	0.06444	0.10944	0.04129	0.05203	0.11124	0.02627	0.27264	0.03047	0.03899	0.02383	0.01269	0.00982	0.00305	0.00974	0.09668	0.00854	0.01360
16	0.50445	0.07466	0.06321	0.03572	0.02089	0.02022	0.01259	0.02518	0.01652	0.03565	0.01823	0.10309	0.01708	0.01120	0.00686	0.00290	0.00776	0.00803	0.00572	0.01005

[dist]
# distance from previous block
# <min> <max>
2	7

[block]
# block no. 4 follows, 18 sequences, length 22
# corresponding to MSA columns:
# 216-237
name=unknown_E
#
# <colnr> <probs for GDERKNQSTAVLIFYWHMCP>
#	G	D	E	R	K	N	Q	S	T	A	V	L	I	F	Y	W	H	M	C	P
0	0.01382	0.01136	0.01753	0.01564	0.01809	0.01167	0.07980	0.01672	0.01636	0.02211	0.03687	0.04942	0.12846	0.19386	0.31587	0.00993	0.01635	0.01245	0.00567	0.00802
1	0.02192	0.05865	0.36034	0.02168	0.03129	0.01926	0.02452	0.08752	0.02241	0.10404	0.02534	0.13544	0.02204	0.01278	0.00925	0.00299	0.01091	0.01056	0.00618	0.01290
2	0.01558	0.00815	0.01200	0.01191	0.01218	0.00806	0.00806	0.01263	0.01371	0.01855	0.09075	0.03299	0.02477	0.03026	0.03276	0.64174	0.00752	0.00905	0.00475	0.00457
3	0.14661	0.01572	0.01351	0.01235	0.01650	0.08833	0.00957	0.02329	0.02111	0.10349	0.05549	0.05380	0.29878	0.01616	0.00896	0.00283	0.00690	0.01278	0.08427	0.00956
4	0.06365	0.04177	0.51769	0.02412	0.03642	0.02030	0.02997	0.03091	0.02003	0.10435	0.01873	0.02060	0.01292	0.00904	0.00861	0.00290	0.01247	0.00698	0.00492	0.01361
5	0.02364	0.12959	0.02540	0.06369	0.05903	0.01966	0.01542	0.12071	0.02271	0.10387	0.02418	0.03405	0.02091	0.02510	0.13362	0.08257	0.01236	0.06591	0.00647	0.01110
6	0.01582	0.00968	0.01174	0.01118	0.01383	0.00881	0.00839	0.01939	0.02297	0.08929	0.29621	0.12672	0.16878	0.01857	0.01000	0.00288	0.00482	0.01603	0.13588	0.00901
7	0.01983	0.02361	0.10219	0.44821	0.11576	0.08588	0.02600	0.02604	0.01956	0.02474	0.01622	0.02284	0.01237	0.00905	0.00902	0.00293	0.01272	0.00776	0.00417	0.01112
8	0.02094	0.30868	0.39064	0.02187	0.03309	0.02749	0.02644	0.02843	0.01909	0.02600	0.01495	0.01747	0.01169	0.00837	0.00756	0.00252	0.01203	0.00601	0.00390	0.01284
9	0.11151	0.02414	0.13481	0.13538	0.21541	0.02043	0.04409	0.03098	0.06121	0.10515	0.02025	0.02342	0.01504	0.00916	0.00872	0.00288	0.01065	0.00792	0.00568	0.01315
10	0.01504	0.01320	0.01337	0.01359	0.01514	0.08629	0.00960	0.01716	0.01850	0.02355	0.11002	0.22503	0.08391	0.15903	0.14781	0.00669	0.01120	0.01614	0.00694	0.00780
11	0.14744	0.10065	0.02405	0.01726	0.02156	0.02234	0.01438	0.11797	0.02283	0.10527	0.09312	0.07199	0.02605	0.01359	0.01335	0.00305	0.15692	0.00962	0.00708	0.01147
12	0.02779	0.02081	0.01998	0.01732	0.02222	0.12315	0.01346	0.14525	0.08819	0.16523	0.03918	0.14705	0.09940	0.01561	0.00971	0.00296	0.00889	0.01281	0.00872	0.01225
13	0.02096	0.01229	0.01538	0.01431	0.01755	0.01183	0.01072	0.02617	0.09087	0.16351	0.03768	0.19229	0.03689	0.15635	0.03955	0.00479	0.00797	0.07162	0.00832	0.06096
14	0.11438	0.02945	0.20399	0.08679	0.03228	0.09504	0.02079	0.03269	0.07671	0.11678	0.02057	0.02213	0.01490	0.00937	0.00827	0.00270	0.01083	0.00715	0.00601	0.08916
15	0.02331	0.08796	0.02089	0.01615	0.02047	0.09319	0.01264	0.08914	0.10047	0.10465	0.05599	0.20831	0.09528	0.01707	0.00967	0.00299	0.00816	0.01429	0.00816	0.01121
16	0.02346	0.15904	0.13518	0.01803	0.02459	0.04324	0.01728	0.06905	0.08365	0.10363	0.04850	0.03693	0.02482	0.08056	0.03303	0.00382	0.01027	0.06629	0.00673	0.01190
17	0.02536	0.02866	0.16922	0.02073	0.02784	0.09614	0.01963	0.14730	0.02506	0.08557	0.02221	0.08924	0.01893	0.01218	0.01116	0.00281	0.07961	0.00920	0.00647	0.10267
18	0.02995	0.01945	0.04667	0.08573	0.03041	0.01772	0.05589	0.12597	0.04688	0.25433	0.02554	0.02558	0.01763	0.00977	0.00879	0.00256	0.00916	0.00820	0.00813	0.17164
19	0.02478	0.10542	0.15185	0.02196	0.03005	0.02054	0.12831	0.05293	0.08404	0.14923	0.02911	0.02979	0.05952	0.01059	0.00896	0.00279	0.01026	0.00927	0.05766	0.01295
20	0.05761	0.10116	0.02476	0.01721	0.02342	0.06399	0.01422	0.18706	0.02879	0.23973	0.05760	0.07388	0.04530	0.01261	0.00892	0.00275	0.00883	0.00995	0.00882	0.01341
21	0.02449	0.18942	0.02804	0.02001	0.08441	0.06401	0.01473	0.06650	0.02251	0.11325	0.05952	0.13441	0.02687	0.01280	0.00850	0.00253	0.00868	0.01055	0.00681	0.10197

[dist]
# distance from previous block
# <min> <max>
18	56

[block]
# block no. 5 follows, 18 sequences, length 16
# corresponding to MSA columns:
# 297-312
name=unknown_F
#
# <colnr> <probs for GDERKNQSTAVLIFYWHMCP>
#	G	D	E	R	K	N	Q	S	T	A	V	L	I	F	Y	W	H	M	C	P
0	0.01778	0.01742	0.01820	0.08193	0.02257	0.09996	0.01302	0.02016	0.01838	0.02296	0.03892	0.04663	0.18402	0.14312	0.02061	0.00413	0.13543	0.01169	0.00581	0.07728
1	0.10536	0.01551	0.02049	0.16930	0.03092	0.01619	0.01541	0.08321	0.02314	0.24744	0.03032	0.15044	0.02547	0.01385	0.00931	0.00306	0.00854	0.01167	0.00824	0.01213
2	0.01942	0.08426	0.02270	0.15159	0.02927	0.01683	0.01471	0.06339	0.02094	0.05432	0.07283	0.09733	0.02591	0.01722	0.06854	0.00361	0.00988	0.00995	0.00620	0.21111
3	0.04663	0.09365	0.07754	0.02016	0.02542	0.08357	0.09236	0.05089	0.10003	0.02846	0.02932	0.20796	0.02904	0.01881	0.05086	0.00380	0.01086	0.01323	0.00651	0.01090
4	0.01171	0.00898	0.00980	0.01003	0.01213	0.00790	0.00705	0.01304	0.01868	0.02286	0.07235	0.14222	0.41938	0.11388	0.01822	0.07320	0.00562	0.01821	0.00769	0.00706
5	0.01483	0.01169	0.01708	0.02095	0.13099	0.01142	0.01291	0.01856	0.02159	0.03016	0.28044	0.14241	0.05728	0.07818	0.05507	0.00439	0.00784	0.06695	0.00793	0.00932
6	0.02288	0.07705	0.02812	0.06759	0.02744	0.02717	0.01855	0.10578	0.14561	0.03054	0.01924	0.02327	0.01597	0.01340	0.01921	0.00341	0.32865	0.00831	0.00587	0.01193
7	0.52211	0.01836	0.01572	0.01410	0.01963	0.02128	0.01135	0.03366	0.19545	0.04034	0.02031	0.02083	0.01548	0.00973	0.00680	0.00292	0.00715	0.00663	0.00680	0.01135
8	0.02330	0.18388	0.18516	0.02034	0.05095	0.02292	0.01965	0.03339	0.14234	0.09470	0.04659	0.02478	0.01969	0.00977	0.00813	0.00255	0.00954	0.00767	0.00629	0.08836
9	0.02211	0.01604	0.01917	0.01455	0.02194	0.01299	0.01177	0.02756	0.05844	0.11438	0.02280	0.02777	0.01862	0.00913	0.00773	0.00189	0.00709	0.04565	0.00674	0.53363
10	0.01170	0.00895	0.01000	0.01037	0.01213	0.00805	0.00710	0.01349	0.01886	0.02387	0.11352	0.19864	0.31774	0.18130	0.01966	0.00461	0.00578	0.01906	0.00795	0.00724
11	0.01862	0.01551	0.01905	0.10339	0.02560	0.01770	0.01435	0.03077	0.24576	0.05091	0.10489	0.10280	0.11171	0.01603	0.01207	0.00322	0.07512	0.01317	0.00804	0.01129
12	0.02256	0.45339	0.10442	0.01634	0.02489	0.02890	0.01653	0.02661	0.01883	0.02442	0.01402	0.01627	0.01220	0.00770	0.00642	0.00192	0.00950	0.00524	0.00429	0.18554
13	0.01775	0.01632	0.02550	0.50093	0.05326	0.01844	0.02198	0.02338	0.01852	0.02501	0.01632	0.02317	0.01257	0.00861	0.00861	0.00265	0.01093	0.00751	0.00441	0.18414
14	0.02095	0.02000	0.03405	0.25431	0.43599	0.02135	0.02729	0.02662	0.02007	0.02784	0.01696	0.02331	0.01378	0.00851	0.00912	0.00284	0.01135	0.00817	0.00439	0.01311
15	0.03490	0.02572	0.02756	0.02113	0.02847	0.02847	0.01745	0.58942	0.04317	0.05787	0.02204	0.02204	0.01561	0.01102	0.00919	0.00276	0.01010	0.00827	0.00919	0.01561

[dist]
# distance from previous block
# <min> <max>
0	4

[block]
# block no. 6 follows, 18 sequences, length 10
# corresponding to MSA columns:
# 317-326
name=unknown_G
#
# <colnr> <probs for GDERKNQSTAVLIFYWHMCP>
#	G	D	E	R	K	N	Q	S	T	A	V	L	I	F	Y	W	H	M	C	P
0	0.01913	0.01614	0.01743	0.01623	0.02033	0.01792	0.01239	0.03740	0.41178	0.03488	0.09875	0.12082	0.10549	0.01626	0.00994	0.00317	0.00646	0.01390	0.00922	0.01235
1	0.01352	0.00909	0.01057	0.01081	0.01106	0.00909	0.00663	0.01401	0.01425	0.01892	0.03121	0.06512	0.03563	0.60185	0.04279	0.00836	0.00885	0.07642	0.00590	0.00590
2	0.01708	0.01784	0.03440	0.02578	0.03218	0.01639	0.32681	0.02263	0.02195	0.02880	0.11520	0.05091	0.22006	0.01416	0.01084	0.00307	0.01058	0.01433	0.00658	0.01042
3	0.04120	0.01563	0.02131	0.01634	0.02344	0.01350	0.01350	0.04475	0.02628	0.62639	0.03622	0.03125	0.02273	0.01136	0.00923	0.00284	0.00781	0.00923	0.01136	0.01563
4	0.02068	0.02107	0.02559	0.02225	0.02274	0.08815	0.01799	0.02246	0.01519	0.02159	0.01443	0.02485	0.01476	0.10014	0.03003	0.00447	0.51128	0.00850	0.00429	0.00953
5	0.02415	0.01170	0.01543	0.01357	0.01755	0.01035	0.01049	0.02744	0.02400	0.27781	0.21658	0.17246	0.10395	0.01806	0.01034	0.00305	0.00600	0.01565	0.01017	0.01123
6	0.02059	0.01018	0.01214	0.01096	0.01407	0.00955	0.00846	0.02475	0.02262	0.15048	0.20414	0.04380	0.04203	0.01321	0.00827	0.00250	0.00498	0.01107	0.37622	0.00997
7	0.02674	0.02450	0.09582	0.08169	0.02923	0.11260	0.01753	0.09511	0.02505	0.15309	0.09730	0.02846	0.02434	0.01098	0.00968	0.00263	0.03496	0.00857	0.00719	0.11453
8	0.10667	0.01035	0.01160	0.01097	0.01370	0.01006	0.00834	0.01853	0.02320	0.03553	0.40047	0.06007	0.13678	0.01705	0.00964	0.00282	0.00472	0.01449	0.09629	0.00870
9	0.02303	0.02173	0.02659	0.02795	0.15101	0.07853	0.05231	0.06690	0.24415	0.03436	0.10123	0.03231	0.02850	0.01197	0.01093	0.00298	0.05511	0.01004	0.00733	0.01304

[dist]
# distance from previous block
# <min> <max>
0	1

[block]
# block no. 7 follows, 18 sequences, length 8
# corresponding to MSA columns:
# 328-335
name=unknown_H
#
# <colnr> <probs for GDERKNQSTAVLIFYWHMCP>
#	G	D	E	R	K	N	Q	S	T	A	V	L	I	F	Y	W	H	M	C	P
0	0.02872	0.02058	0.02302	0.08823	0.02807	0.02283	0.01571	0.39128	0.03472	0.04842	0.02330	0.02522	0.01713	0.01074	0.00852	0.00264	0.00895	0.00832	0.18025	0.01333
1	0.01506	0.07889	0.08672	0.01392	0.01780	0.01356	0.01216	0.02051	0.06150	0.02993	0.27528	0.12637	0.10119	0.09046	0.01409	0.00360	0.00677	0.01490	0.00793	0.00937
2	0.02225	0.18232	0.30339	0.09674	0.03817	0.02409	0.09092	0.02961	0.02003	0.08410	0.01776	0.02068	0.01307	0.00872	0.00843	0.00273	0.01223	0.00722	0.00472	0.01284
3	0.02240	0.33677	0.12393	0.02539	0.09747	0.02992	0.06707	0.02691	0.01838	0.02435	0.01414	0.01815	0.01231	0.00958	0.01172	0.00267	0.13607	0.00663	0.00407	0.01207
4	0.01953	0.01083	0.01437	0.01266	0.01597	0.00978	0.00978	0.02368	0.02606	0.17348	0.48099	0.05993	0.07182	0.01705	0.01046	0.00288	0.00514	0.01490	0.01040	0.01028
5	0.02301	0.02477	0.03809	0.26098	0.04910	0.12120	0.25095	0.06695	0.02263	0.02808	0.01729	0.02316	0.01309	0.00877	0.00971	0.00294	0.01409	0.00889	0.00476	0.01153
6	0.02707	0.01928	0.06969	0.01729	0.02322	0.01738	0.01467	0.12126	0.15510	0.17743	0.02672	0.02768	0.01968	0.01498	0.01426	0.14760	0.00845	0.00853	0.00792	0.08179
7	0.02228	0.01117	0.01411	0.01236	0.01508	0.01034	0.00874	0.02428	0.02002	0.21822	0.14674	0.05244	0.04043	0.33242	0.02755	0.00576	0.00765	0.01266	0.00833	0.00943

[dist]
# distance from previous block
# <min> <max>
0	1

[block]
# block no. 8 follows, 18 sequences, length 24
# corresponding to MSA columns:
# 337-360
name=unknown_I
#
# <colnr> <probs for GDERKNQSTAVLIFYWHMCP>
#	G	D	E	R	K	N	Q	S	T	A	V	L	I	F	Y	W	H	M	C	P
0	0.01761	0.00995	0.01279	0.01261	0.01488	0.00904	0.00901	0.01989	0.02039	0.14385	0.13498	0.32109	0.10897	0.10251	0.01529	0.00400	0.00604	0.01911	0.00896	0.00905
1	0.07027	0.02658	0.19572	0.10171	0.03778	0.01904	0.14523	0.03343	0.02177	0.22328	0.02311	0.02477	0.01571	0.00941	0.00922	0.00294	0.01156	0.00852	0.00661	0.01335
2	0.01612	0.00980	0.01303	0.01337	0.01501	0.00972	0.00965	0.01848	0.01867	0.09829	0.07607	0.38343	0.04737	0.05507	0.08051	0.00484	0.03522	0.01899	0.06765	0.00873
3	0.01115	0.00815	0.01049	0.01236	0.01321	0.00749	0.00833	0.01283	0.01799	0.02361	0.05579	0.60009	0.12861	0.02809	0.01161	0.00365	0.00524	0.02528	0.00852	0.00749
4	0.01364	0.01104	0.01720	0.01850	0.06628	0.01055	0.06902	0.01588	0.01744	0.02348	0.04029	0.43075	0.04671	0.15283	0.01832	0.00460	0.00754	0.02054	0.00721	0.00818
5	0.02659	0.18830	0.12880	0.02214	0.03007	0.07526	0.10285	0.12153	0.02467	0.10398	0.02183	0.07448	0.01808	0.01078	0.00869	0.00270	0.01123	0.00899	0.00624	0.01280
6	0.02542	0.43472	0.03968	0.09528	0.02920	0.10211	0.01716	0.08543	0.02184	0.02565	0.01477	0.01769	0.01266	0.01085	0.03106	0.00271	0.01148	0.00595	0.00462	0.01172
7	0.02104	0.02111	0.02858	0.39448	0.16476	0.09669	0.02395	0.02861	0.07997	0.02617	0.01841	0.02417	0.01427	0.00935	0.00907	0.00292	0.01199	0.00812	0.00479	0.01156
8	0.02273	0.02182	0.03727	0.05636	0.62003	0.02182	0.02818	0.02818	0.02091	0.03000	0.01727	0.02273	0.01454	0.00818	0.00909	0.00273	0.01091	0.00818	0.00455	0.01454
9	0.01226	0.00910	0.01019	0.01020	0.01266	0.00808	0.00754	0.01531	0.02181	0.02921	0.22836	0.13612	0.33722	0.02102	0.01039	0.00299	0.00458	0.01797	0.09691	0.00808
10	0.17458	0.02670	0.17514	0.02256	0.03139	0.02038	0.12445	0.09709	0.02351	0.18483	0.02171	0.02275	0.01496	0.00943	0.00867	0.00289	0.01076	0.00795	0.00688	0.01336
11	0.01863	0.01785	0.03087	0.50442	0.17226	0.02083	0.05578	0.02471	0.01904	0.02506	0.01663	0.02415	0.01278	0.00891	0.00925	0.00300	0.01215	0.00831	0.00420	0.01117
12	0.04120	0.01563	0.02131	0.01634	0.02344	0.01350	0.01350	0.04475	0.02628	0.62639	0.03622	0.03125	0.02273	0.01136	0.00923	0.00284	0.00781	0.00923	0.01136	0.01563
13	0.02293	0.01891	0.01991	0.01737	0.02259	0.02106	0.01366	0.14862	0.38152	0.03965	0.04499	0.04220	0.13809	0.01424	0.00960	0.00304	0.00733	0.01168	0.00916	0.01345
14	0.02009	0.02009	0.02812	0.02411	0.02411	0.02812	0.02009	0.02210	0.01406	0.02210	0.01205	0.02009	0.01205	0.01607	0.03013	0.00402	0.66051	0.00804	0.00402	0.01004
15	0.03430	0.04376	0.02602	0.02365	0.02839	0.64045	0.01774	0.03666	0.02602	0.02247	0.01419	0.01656	0.01183	0.00946	0.00828	0.00237	0.01656	0.00591	0.00473	0.01064
16	0.01435	0.01042	0.01417	0.01605	0.01827	0.01025	0.01391	0.01836	0.02111	0.02717	0.05366	0.10184	0.11687	0.02512	0.01247	0.00410	0.00802	0.49700	0.00846	0.00837
17	0.01272	0.00953	0.01335	0.09110	0.01934	0.01007	0.01056	0.01487	0.01632	0.02194	0.03732	0.35398	0.04241	0.16173	0.13494	0.00671	0.01045	0.01838	0.00673	0.00756
18	0.04120	0.01563	0.02131	0.01634	0.02344	0.01350	0.01350	0.04475	0.02628	0.62639	0.03622	0.03125	0.02273	0.01136	0.00923	0.00284	0.00781	0.00923	0.01136	0.01563
19	0.01343	0.00957	0.01408	0.01408	0.01541	0.01090	0.01063	0.01569	0.01435	0.02047	0.02406	0.03721	0.02309	0.11526	0.52968	0.08813	0.02159	0.00994	0.00488	0.00755
20	0.01936	0.01740	0.02754	0.58231	0.05924	0.02133	0.02457	0.08855	0.02121	0.02742	0.01698	0.02420	0.01263	0.00939	0.00918	0.00302	0.01199	0.00817	0.00467	0.01082
21	0.01221	0.00938	0.01063	0.01074	0.01292	0.00848	0.00790	0.01465	0.02034	0.02591	0.17159	0.08067	0.33417	0.15637	0.01839	0.00438	0.00590	0.07961	0.00821	0.00755
22	0.01552	0.01179	0.01336	0.01282	0.01570	0.01202	0.00975	0.02423	0.15985	0.03230	0.22312	0.06287	0.16037	0.07217	0.01314	0.00351	0.00580	0.05911	0.08298	0.00960
23	0.19906	0.15572	0.03108	0.02148	0.05073	0.04756	0.11224	0.06072	0.02011	0.05552	0.01983	0.09398	0.01816	0.01149	0.00992	0.00288	0.06336	0.00919	0.00570	0.01126

[dist]
# distance from previous block
# <min> <max>
1	4

[block]
# block no. 9 follows, 18 sequences, length 35
# corresponding to MSA columns:
# 370-404
name=unknown_J
#
# <colnr> <probs for GDERKNQSTAVLIFYWHMCP>
#	G	D	E	R	K	N	Q	S	T	A	V	L	I	F	Y	W	H	M	C	P
0	0.01977	0.01646	0.01606	0.01463	0.01744	0.10130	0.01085	0.02487	0.08598	0.07926	0.19783	0.05186	0.11008	0.15375	0.01880	0.00418	0.04657	0.01291	0.00788	0.00952
1	0.01812	0.01530	0.02134	0.07195	0.06274	0.01623	0.06314	0.02869	0.20394	0.03074	0.11642	0.04928	0.09161	0.01695	0.01293	0.07892	0.00816	0.07522	0.00757	0.01073
2	0.01344	0.01113	0.01489	0.06795	0.08017	0.01057	0.01141	0.01711	0.02242	0.02967	0.27253	0.10346	0.27266	0.01918	0.01058	0.00302	0.00584	0.01666	0.00834	0.00898
3	0.02637	0.02347	0.03292	0.04285	0.39006	0.07559	0.02400	0.09483	0.02366	0.08044	0.01857	0.02254	0.01485	0.00970	0.01123	0.00284	0.07847	0.00807	0.00560	0.01396
4	0.02455	0.68284	0.04811	0.01571	0.02357	0.03633	0.01571	0.02749	0.01866	0.02160	0.01277	0.01473	0.01178	0.00786	0.00589	0.00196	0.00982	0.00491	0.00393	0.01178
5	0.03192	0.03710	0.02369	0.02128	0.02589	0.49420	0.01611	0.08569	0.02665	0.02742	0.01715	0.01957	0.01384	0.00978	0.00810	0.00237	0.01422	0.00651	0.10771	0.01081
6	0.02455	0.68284	0.04811	0.01571	0.02357	0.03633	0.01571	0.02749	0.01866	0.02160	0.01277	0.01473	0.01178	0.00786	0.00589	0.00196	0.00982	0.00491	0.00393	0.01178
7	0.02357	0.33785	0.27629	0.02063	0.03068	0.02926	0.02319	0.10729	0.02240	0.02968	0.01555	0.01761	0.01226	0.00865	0.00748	0.00245	0.01135	0.00613	0.00465	0.01303
8	0.02455	0.68284	0.04811	0.01571	0.02357	0.03633	0.01571	0.02749	0.01866	0.02160	0.01277	0.01473	0.01178	0.00786	0.00589	0.00196	0.00982	0.00491	0.00393	0.01178
9	0.74217	0.01776	0.01350	0.01207	0.01776	0.02060	0.00994	0.02699	0.01563	0.04120	0.01278	0.01492	0.00994	0.00852	0.00568	0.00284	0.00710	0.00497	0.00568	0.00994
10	0.01842	0.04749	0.62974	0.02617	0.03974	0.02132	0.03392	0.02908	0.01939	0.02908	0.01648	0.01939	0.01163	0.00872	0.00872	0.00291	0.01357	0.00678	0.00388	0.01357
11	0.13604	0.18433	0.03159	0.02376	0.09275	0.08072	0.01807	0.04828	0.01839	0.02730	0.01352	0.01805	0.01207	0.01120	0.01525	0.00299	0.24322	0.00664	0.00458	0.01125
12	0.60933	0.01735	0.01498	0.01288	0.01883	0.01925	0.01062	0.03036	0.01765	0.15209	0.01723	0.01801	0.01237	0.00906	0.00636	0.00284	0.00724	0.00578	0.00676	0.01102
13	0.04007	0.01744	0.02243	0.01720	0.02434	0.01619	0.01421	0.14264	0.02932	0.52421	0.03368	0.02960	0.02145	0.01130	0.00922	0.00283	0.00822	0.00906	0.01097	0.01562
14	0.74217	0.01776	0.01350	0.01207	0.01776	0.02060	0.00994	0.02699	0.01563	0.04120	0.01278	0.01492	0.00994	0.00852	0.00568	0.00284	0.00710	0.00497	0.00568	0.00994
15	0.09315	0.02628	0.07424	0.02029	0.02762	0.05277	0.01758	0.37352	0.10212	0.08639	0.02313	0.02298	0.01653	0.01074	0.00883	0.00281	0.00994	0.00807	0.00841	0.01462
16	0.02217	0.02125	0.03626	0.11852	0.56224	0.02167	0.02790	0.02769	0.02064	0.02932	0.01717	0.02291	0.01430	0.00828	0.00910	0.00276	0.01105	0.00818	0.00450	0.01409
17	0.01209	0.00882	0.01158	0.01346	0.01471	0.00831	0.00999	0.01447	0.01890	0.02466	0.05501	0.45462	0.12320	0.02723	0.01187	0.00379	0.00607	0.16495	0.00851	0.00775
18	0.03662	0.02033	0.02394	0.01857	0.02549	0.02073	0.01525	0.31671	0.03435	0.31256	0.02978	0.05676	0.02095	0.01201	0.00933	0.00284	0.00885	0.00954	0.01014	0.01524
19	0.02341	0.02606	0.07639	0.02196	0.02523	0.15184	0.01876	0.09056	0.02087	0.02701	0.01818	0.02801	0.01687	0.04950	0.07083	0.00455	0.27125	0.04288	0.00518	0.01066
20	0.01119	0.00799	0.01065	0.01278	0.01332	0.00746	0.00852	0.01278	0.01758	0.02344	0.05061	0.67132	0.06073	0.02877	0.01172	0.00373	0.00533	0.02610	0.00852	0.00746
21	0.01119	0.00799	0.01065	0.01278	0.01332	0.00746	0.00852	0.01278	0.01758	0.02344	0.05061	0.67132	0.06073	0.02877	0.01172	0.00373	0.00533	0.02610	0.00852	0.00746
22	0.02315	0.09037	0.36665	0.02615	0.03730	0.02295	0.12595	0.08851	0.02279	0.08271	0.01881	0.02124	0.01341	0.00895	0.00895	0.00284	0.01275	0.00771	0.00521	0.01360
23	0.01259	0.00921	0.01200	0.01294	0.01468	0.00862	0.00986	0.01579	0.02158	0.02897	0.24160	0.27141	0.13198	0.02403	0.01155	0.00349	0.00565	0.14689	0.00903	0.00812
24	0.01758	0.01380	0.01706	0.08194	0.02306	0.01494	0.01317	0.08961	0.14797	0.03232	0.09568	0.28416	0.04526	0.01989	0.01065	0.00337	0.00719	0.06347	0.00846	0.01042
25	0.16953	0.07855	0.03179	0.03256	0.21584	0.12465	0.07235	0.02852	0.01959	0.02917	0.01488	0.01931	0.01254	0.00951	0.01115	0.00285	0.10348	0.00712	0.00469	0.01192
26	0.02870	0.01669	0.08121	0.01564	0.02164	0.01257	0.01388	0.03327	0.02546	0.35250	0.24225	0.04344	0.04455	0.01375	0.00975	0.00286	0.00716	0.01163	0.01014	0.01291
27	0.02273	0.13639	0.36762	0.02658	0.07004	0.14095	0.05491	0.03025	0.02074	0.02681	0.01566	0.01863	0.01198	0.00866	0.00835	0.00267	0.01353	0.00663	0.00412	0.01276
28	0.16554	0.03894	0.02370	0.02151	0.02641	0.52553	0.01630	0.03487	0.02409	0.02594	0.01393	0.01625	0.01148	0.00929	0.00780	0.00245	0.01481	0.00574	0.00491	0.01051
29	0.01300	0.00939	0.01227	0.01155	0.01372	0.00866	0.00866	0.01733	0.02599	0.03682	0.61519	0.06859	0.08664	0.01877	0.01083	0.00289	0.00433	0.01661	0.01011	0.00866
30	0.03005	0.01307	0.01710	0.01432	0.01952	0.01133	0.01135	0.03303	0.02374	0.40404	0.05010	0.14990	0.14892	0.01668	0.00998	0.00304	0.00676	0.01410	0.01032	0.01267
31	0.01300	0.00939	0.01227	0.01155	0.01372	0.00866	0.00866	0.01733	0.02599	0.03682	0.61519	0.06859	0.08664	0.01877	0.01083	0.00289	0.00433	0.01661	0.01011	0.00866
32	0.01282	0.00925	0.01212	0.01167	0.01368	0.00855	0.00865	0.01688	0.02517	0.03552	0.56021	0.12728	0.08411	0.01974	0.01092	0.00297	0.00443	0.01753	0.00995	0.00855
33	0.01547	0.01338	0.01387	0.01296	0.01542	0.08206	0.00972	0.01957	0.02599	0.03515	0.54537	0.06254	0.07795	0.01769	0.01053	0.00283	0.00575	0.01536	0.00948	0.00889
34	0.02804	0.02134	0.02265	0.01870	0.02458	0.02392	0.01501	0.30865	0.26298	0.04739	0.02905	0.02831	0.02147	0.01155	0.00893	0.00283	0.00830	0.00914	0.09278	0.01437

[dist]
# distance from previous block
# <min> <max>
0	1

[block]
# block no. 10 follows, 18 sequences, length 17
# corresponding to MSA columns:
# 406-422
name=unknown_K
#
# <colnr> <probs for GDERKNQSTAVLIFYWHMCP>
#	G	D	E	R	K	N	Q	S	T	A	V	L	I	F	Y	W	H	M	C	P
0	0.01879	0.01914	0.03644	0.44933	0.05815	0.02134	0.21293	0.02545	0.01947	0.02545	0.01707	0.02458	0.01281	0.00870	0.00973	0.00307	0.01332	0.00905	0.00427	0.01093
1	0.01595	0.00797	0.01196	0.01196	0.01196	0.00797	0.00797	0.01196	0.01196	0.01595	0.01595	0.02791	0.01595	0.03190	0.03589	0.73285	0.00797	0.00797	0.00399	0.00399
2	0.01662	0.01285	0.01580	0.01510	0.01754	0.01459	0.01129	0.02639	0.21093	0.02605	0.02887	0.03862	0.02575	0.14320	0.28906	0.06588	0.01504	0.01043	0.00643	0.00957
3	0.49803	0.01450	0.01255	0.01231	0.01627	0.01621	0.00947	0.02225	0.01628	0.03527	0.02542	0.23415	0.02691	0.01528	0.00770	0.00314	0.00651	0.01203	0.00663	0.00911
4	0.50009	0.01728	0.01819	0.22688	0.03295	0.02053	0.01514	0.02581	0.01654	0.03527	0.01397	0.01811	0.01071	0.00874	0.00685	0.00291	0.00882	0.00604	0.00515	0.01003
5	0.01102	0.00911	0.00967	0.00995	0.01261	0.00775	0.00730	0.01334	0.02068	0.02523	0.11399	0.17659	0.50337	0.02386	0.01098	0.00319	0.00474	0.02026	0.00861	0.00775
6	0.01944	0.01836	0.02781	0.02699	0.13551	0.01885	0.08073	0.02337	0.01823	0.02714	0.01937	0.09163	0.01854	0.01196	0.01427	0.00276	0.17796	0.00948	0.00515	0.25247
7	0.01508	0.01191	0.01403	0.01476	0.01684	0.01259	0.01053	0.02481	0.21325	0.02844	0.04619	0.45855	0.04981	0.02332	0.01093	0.00352	0.00597	0.02085	0.00880	0.00982
8	0.50575	0.02644	0.01768	0.01594	0.02131	0.22762	0.01255	0.03022	0.01910	0.03494	0.01326	0.01546	0.01057	0.00884	0.00655	0.00268	0.01026	0.00529	0.00536	0.01018
9	0.01948	0.01685	0.01801	0.01429	0.02013	0.05965	0.01120	0.06900	0.02388	0.03397	0.21665	0.03565	0.03803	0.01135	0.00845	0.00206	0.00698	0.00944	0.00726	0.37768
10	0.02301	0.27202	0.03544	0.23329	0.08637	0.02725	0.01993	0.11175	0.02286	0.02921	0.04523	0.02240	0.01641	0.00934	0.00800	0.00256	0.01049	0.00735	0.00514	0.01192
11	0.02321	0.01946	0.02755	0.44346	0.05163	0.02310	0.02281	0.21248	0.02665	0.03495	0.01823	0.02367	0.01337	0.00980	0.00918	0.00296	0.01153	0.00820	0.00579	0.01201
12	0.01263	0.00860	0.01023	0.01094	0.01112	0.00842	0.00655	0.01316	0.01476	0.01969	0.03617	0.26423	0.04252	0.46071	0.03504	0.00717	0.00771	0.01761	0.00655	0.00620
13	0.02741	0.02792	0.03092	0.12028	0.30047	0.22756	0.02313	0.03177	0.02273	0.07591	0.01768	0.02160	0.01401	0.00900	0.00884	0.00266	0.01271	0.00751	0.00511	0.01276
14	0.01604	0.01444	0.02005	0.01864	0.01911	0.01845	0.01469	0.01819	0.01622	0.02363	0.07285	0.24257	0.03494	0.02449	0.06843	0.00464	0.34273	0.01487	0.00606	0.00893
15	0.01447	0.01447	0.02429	0.01912	0.02429	0.01292	0.20059	0.01860	0.02118	0.02634	0.06815	0.06712	0.41512	0.01807	0.01085	0.00310	0.00827	0.01653	0.00723	0.00930
16	0.02842	0.02324	0.02407	0.23167	0.03758	0.18156	0.01847	0.03428	0.07083	0.18771	0.02457	0.05669	0.01865	0.01108	0.00909	0.00285	0.01143	0.00892	0.00688	0.01201

[dist]
# distance from previous block
# <min> <max>
0	7

[block]
# block no. 11 follows, 18 sequences, length 14
# corresponding to MSA columns:
# 430-443
name=unknown_L
#
# <colnr> <probs for GDERKNQSTAVLIFYWHMCP>
#	G	D	E	R	K	N	Q	S	T	A	V	L	I	F	Y	W	H	M	C	P
0	0.03069	0.02870	0.02717	0.02213	0.02787	0.25257	0.06683	0.09339	0.02516	0.13326	0.01931	0.02120	0.01459	0.01023	0.01116	0.00262	0.08933	0.00737	0.00637	0.11006
1	0.02235	0.01448	0.01616	0.01411	0.01827	0.01513	0.01106	0.10856	0.15844	0.10231	0.15013	0.04198	0.06863	0.01350	0.00889	0.00273	0.00619	0.01119	0.20423	0.01165
2	0.09799	0.01703	0.02045	0.01665	0.02306	0.01690	0.01349	0.04437	0.19646	0.40010	0.03448	0.03069	0.02317	0.01144	0.00895	0.00292	0.00759	0.00920	0.01026	0.01480
3	0.01860	0.01778	0.02978	0.49584	0.05610	0.02106	0.09061	0.02760	0.09802	0.02619	0.01944	0.02584	0.01458	0.00945	0.00940	0.00307	0.01195	0.00878	0.00486	0.01105
4	0.02391	0.19894	0.04755	0.03315	0.10736	0.09301	0.30945	0.02954	0.02126	0.02669	0.01643	0.02101	0.01321	0.00801	0.00906	0.00268	0.01357	0.00844	0.00445	0.01230
5	0.11966	0.01593	0.09575	0.01346	0.01800	0.01203	0.01213	0.02038	0.02168	0.06327	0.24568	0.11296	0.17995	0.01750	0.00981	0.00301	0.00633	0.01473	0.00818	0.00956
6	0.01119	0.00799	0.01065	0.01278	0.01332	0.00746	0.00852	0.01278	0.01758	0.02344	0.05061	0.67132	0.06073	0.02877	0.01172	0.00373	0.00533	0.02610	0.00852	0.00746
7	0.11714	0.11236	0.48318	0.02313	0.03501	0.02285	0.02870	0.02862	0.01880	0.02991	0.01557	0.01827	0.01142	0.00860	0.00800	0.00280	0.01229	0.00634	0.00413	0.01288
8	0.02647	0.24227	0.03685	0.02760	0.15965	0.02554	0.07119	0.03452	0.12201	0.13237	0.02266	0.02372	0.01732	0.00933	0.00825	0.00259	0.00980	0.00790	0.00636	0.01360
9	0.04935	0.02036	0.02247	0.01949	0.02221	0.10728	0.01575	0.05633	0.01967	0.11280	0.01995	0.02486	0.01639	0.02140	0.11201	0.00495	0.26257	0.00814	0.07322	0.01080
10	0.56833	0.01928	0.01798	0.01810	0.08452	0.02180	0.01294	0.10332	0.01993	0.04224	0.01453	0.01673	0.01121	0.00882	0.00653	0.00282	0.00792	0.00577	0.00603	0.01121
11	0.01648	0.01073	0.01379	0.01336	0.01450	0.01122	0.00934	0.01799	0.01731	0.08780	0.08903	0.23944	0.04301	0.26737	0.02667	0.00553	0.08459	0.01647	0.00734	0.00805
12	0.01769	0.01410	0.01460	0.07288	0.02043	0.07815	0.01105	0.02033	0.02099	0.09545	0.05941	0.22133	0.27767	0.02049	0.01045	0.00315	0.00720	0.01744	0.00804	0.00915
13	0.09342	0.11252	0.02822	0.13219	0.08305	0.04291	0.01815	0.03013	0.01977	0.17205	0.01954	0.02241	0.01472	0.01059	0.01222	0.00289	0.13223	0.00747	0.00608	0.03944

[dist]
# distance from previous block
# <min> <max>
0	427

# created by:
# /home/cegg/simao/soft/augustus-3.2.1/scripts/msa2prfl.pl ./align_prep/16248.fa
