[name]
unknown

[dist]
# distance from previous block
# <min> <max>
28	96

[block]
# block no. 0 follows, 20 sequences, length 89
# corresponding to MSA columns:
# 162-250
name=unknown_A
#
# <colnr> <probs for GDERKNQSTAVLIFYWHMCP>
#	G	D	E	R	K	N	Q	S	T	A	V	L	I	F	Y	W	H	M	C	P
0	0.04667	0.22797	0.09178	0.02260	0.13356	0.02234	0.01716	0.07352	0.04715	0.05224	0.09821	0.08360	0.02609	0.01125	0.00801	0.00251	0.00859	0.00923	0.00592	0.01159
1	0.02217	0.02017	0.03326	0.03140	0.19016	0.03978	0.19789	0.02735	0.02017	0.08360	0.01803	0.02163	0.01397	0.00755	0.00846	0.00230	0.01041	0.00776	0.00520	0.23875
2	0.01666	0.01514	0.02438	0.20054	0.27323	0.01586	0.01958	0.02112	0.01939	0.02634	0.09864	0.11808	0.08887	0.01310	0.00933	0.00285	0.00870	0.01192	0.00567	0.01059
3	0.11750	0.16221	0.02554	0.01641	0.02189	0.01926	0.06442	0.03032	0.10032	0.17971	0.02804	0.14881	0.02458	0.01270	0.00825	0.00274	0.00787	0.01069	0.00726	0.01149
4	0.11454	0.01289	0.01549	0.01396	0.01776	0.01341	0.01093	0.02800	0.11807	0.17375	0.13289	0.09491	0.03454	0.02508	0.14876	0.00526	0.00991	0.01121	0.00803	0.01064
5	0.02078	0.01971	0.03251	0.14995	0.49031	0.02060	0.02519	0.02781	0.07383	0.02822	0.01798	0.02284	0.01462	0.00829	0.00867	0.00267	0.01025	0.00796	0.00466	0.01315
6	0.02232	0.01707	0.02855	0.03637	0.34379	0.01647	0.06808	0.02656	0.02016	0.13859	0.02658	0.16660	0.02462	0.01249	0.00933	0.00284	0.00905	0.01183	0.00631	0.01238
7	0.02433	0.08481	0.14750	0.02816	0.03712	0.02084	0.32639	0.03089	0.02091	0.16139	0.02046	0.02314	0.01449	0.00827	0.00920	0.00276	0.01234	0.00880	0.00561	0.01258
8	0.01587	0.01450	0.02339	0.52901	0.05049	0.01712	0.02092	0.02097	0.01741	0.02284	0.01965	0.10738	0.01761	0.01089	0.00882	0.00284	0.01033	0.00969	0.00453	0.07576
9	0.02062	0.02007	0.03605	0.04219	0.38247	0.01934	0.17541	0.02617	0.01978	0.02864	0.01753	0.02258	0.01421	0.00772	0.00869	0.00252	0.01069	0.00822	0.05822	0.07889
10	0.02072	0.01439	0.01829	0.07538	0.02363	0.01517	0.01454	0.17435	0.02610	0.07941	0.11094	0.08801	0.03982	0.01753	0.01038	0.00327	0.00809	0.24130	0.00824	0.01044
11	0.02387	0.02464	0.03564	0.02741	0.03378	0.10875	0.27314	0.10461	0.15280	0.03163	0.02078	0.02369	0.01589	0.00964	0.01113	0.00289	0.07265	0.00903	0.00587	0.01216
12	0.01823	0.01668	0.02602	0.51588	0.09613	0.02010	0.02275	0.05099	0.09576	0.02596	0.01835	0.02422	0.01384	0.00912	0.00873	0.00288	0.01085	0.00803	0.00475	0.01074
13	0.01813	0.01603	0.02252	0.08270	0.18474	0.01427	0.01561	0.02255	0.01933	0.02872	0.09453	0.02546	0.02187	0.00845	0.00772	0.00196	0.00765	0.00743	0.00539	0.39494
14	0.01985	0.02046	0.02648	0.10556	0.02796	0.07716	0.01956	0.02228	0.01480	0.02119	0.01213	0.01934	0.01146	0.01392	0.02440	0.00357	0.53889	0.00748	0.00388	0.00961
15	0.14894	0.01257	0.01600	0.01411	0.01815	0.01306	0.01133	0.02676	0.01801	0.24295	0.02532	0.02922	0.01962	0.03642	0.31867	0.00811	0.01492	0.00835	0.00695	0.01055
16	0.11508	0.23168	0.28498	0.01887	0.02802	0.02401	0.02109	0.02971	0.07310	0.07282	0.01733	0.01866	0.01307	0.00852	0.00721	0.00250	0.01011	0.00618	0.00491	0.01217
17	0.01592	0.01615	0.09505	0.01554	0.01980	0.01311	0.01425	0.07271	0.07723	0.03094	0.15210	0.06697	0.14599	0.01830	0.01037	0.00323	0.00736	0.20737	0.00791	0.00969
18	0.01235	0.00892	0.01166	0.01097	0.01303	0.00823	0.00823	0.01646	0.02469	0.03498	0.63443	0.06516	0.08230	0.01783	0.01029	0.00274	0.00412	0.01578	0.00960	0.00823
19	0.02460	0.02353	0.08189	0.08620	0.16098	0.07375	0.01995	0.10761	0.18107	0.08668	0.02297	0.02437	0.01723	0.01001	0.00951	0.00277	0.03915	0.00811	0.00654	0.01308
20	0.01782	0.08115	0.21718	0.36110	0.04676	0.02111	0.02496	0.02642	0.07272	0.02506	0.01709	0.02186	0.01278	0.00877	0.00835	0.00278	0.01140	0.00729	0.00426	0.01117
21	0.03838	0.01607	0.02100	0.01610	0.02288	0.01463	0.01330	0.11474	0.02701	0.56995	0.03270	0.02858	0.02073	0.01075	0.00877	0.00269	0.00770	0.00866	0.01053	0.01484
22	0.02041	0.01922	0.03238	0.04812	0.55934	0.01913	0.02441	0.02546	0.02048	0.02932	0.09508	0.02714	0.02254	0.00905	0.00885	0.00261	0.00957	0.00879	0.00499	0.01311
23	0.01865	0.02833	0.24973	0.08314	0.11464	0.01976	0.17797	0.02780	0.07290	0.02882	0.07375	0.02601	0.01981	0.00918	0.00913	0.00281	0.01162	0.00887	0.00496	0.01211
24	0.01043	0.00837	0.00932	0.01009	0.01211	0.00726	0.00718	0.01238	0.01868	0.02307	0.07312	0.31240	0.41688	0.02407	0.01062	0.00317	0.00466	0.02083	0.00810	0.00726
25	0.01515	0.00758	0.01136	0.01136	0.01136	0.00758	0.00758	0.01136	0.01136	0.01515	0.01515	0.02652	0.01515	0.03030	0.03409	0.74621	0.00758	0.00758	0.00379	0.00379
26	0.03258	0.04157	0.02472	0.02247	0.02697	0.65843	0.01685	0.03483	0.02472	0.02135	0.01348	0.01573	0.01124	0.00899	0.00787	0.00225	0.01573	0.00562	0.00449	0.01011
27	0.01610	0.01782	0.07720	0.02237	0.13018	0.05988	0.06337	0.02056	0.02154	0.02857	0.22886	0.07700	0.17122	0.01500	0.00968	0.00278	0.00785	0.01327	0.00693	0.00984
28	0.01075	0.00826	0.00947	0.01033	0.01186	0.00738	0.00708	0.01238	0.01762	0.02217	0.06353	0.33666	0.31353	0.10978	0.01500	0.00390	0.00520	0.02039	0.00774	0.00698
29	0.01647	0.01550	0.02616	0.67248	0.06008	0.01938	0.02422	0.02229	0.01744	0.02229	0.01550	0.02326	0.01163	0.00872	0.00872	0.00291	0.01163	0.00775	0.00388	0.00969
30	0.01521	0.03217	0.42413	0.01999	0.02889	0.01576	0.02363	0.02261	0.01882	0.02701	0.08352	0.14266	0.08207	0.01364	0.00914	0.00291	0.01000	0.01150	0.00537	0.01098
31	0.01892	0.01800	0.03059	0.37629	0.33713	0.02002	0.02544	0.02443	0.01860	0.02526	0.01594	0.02246	0.01268	0.00827	0.00868	0.00276	0.01102	0.00776	0.00409	0.01166
32	0.02532	0.23497	0.05304	0.01992	0.06848	0.08647	0.01596	0.03626	0.23221	0.10656	0.02375	0.02340	0.01813	0.00962	0.00770	0.00248	0.00907	0.00740	0.00655	0.01273
33	0.01904	0.02014	0.01569	0.01499	0.01762	0.23637	0.01099	0.02175	0.02252	0.02649	0.25374	0.15140	0.09146	0.04570	0.01105	0.00296	0.00856	0.01375	0.00726	0.00851
34	0.02357	0.34150	0.09943	0.01714	0.02446	0.02737	0.01639	0.08462	0.17833	0.05214	0.02035	0.02066	0.01599	0.00905	0.00717	0.00233	0.00893	0.00667	0.00583	0.03808
35	0.02283	0.02023	0.03004	0.03892	0.39866	0.01984	0.02143	0.12669	0.02314	0.03307	0.01700	0.02072	0.01380	0.00795	0.00818	0.00231	0.00938	0.00722	0.00527	0.17332
36	0.08715	0.12835	0.10433	0.02082	0.07887	0.06988	0.03543	0.04741	0.06385	0.19485	0.04800	0.02370	0.01842	0.00946	0.00790	0.00251	0.00933	0.00746	0.00668	0.03558
37	0.02133	0.08205	0.06342	0.04466	0.40610	0.02227	0.17875	0.02705	0.01981	0.02762	0.01633	0.02131	0.01333	0.00765	0.00879	0.00263	0.01151	0.00811	0.00427	0.01301
38	0.02019	0.02059	0.02477	0.44333	0.04768	0.13043	0.02109	0.02874	0.12661	0.02465	0.01872	0.02361	0.01423	0.00932	0.00860	0.00280	0.01150	0.00776	0.00487	0.01050
39	0.02631	0.02063	0.07749	0.13103	0.03087	0.01996	0.01740	0.20140	0.13458	0.15378	0.07410	0.02841	0.02277	0.01087	0.00885	0.00277	0.00890	0.00888	0.00793	0.01306
40	0.02329	0.08134	0.08702	0.03235	0.25507	0.02041	0.06890	0.03162	0.11542	0.10836	0.02133	0.02329	0.01624	0.00868	0.00835	0.00254	0.00962	0.00784	0.00584	0.07249
41	0.01219	0.00915	0.01167	0.01301	0.01417	0.00926	0.00906	0.01678	0.09370	0.02391	0.04444	0.55048	0.05078	0.02850	0.06423	0.00433	0.00680	0.02162	0.00791	0.00800
42	0.01714	0.00984	0.01250	0.01204	0.01482	0.00906	0.00947	0.02063	0.02176	0.13039	0.23200	0.11910	0.12702	0.01811	0.00985	0.00296	0.00544	0.11097	0.10784	0.00905
43	0.02492	0.42976	0.08878	0.01724	0.02475	0.04785	0.01664	0.14523	0.07757	0.02948	0.01634	0.01748	0.01331	0.00857	0.00681	0.00220	0.00963	0.00595	0.00522	0.01227
44	0.11280	0.08293	0.36390	0.02544	0.08637	0.02153	0.07788	0.02876	0.06809	0.02941	0.01683	0.01946	0.01258	0.00837	0.00798	0.00271	0.01130	0.00684	0.00445	0.01238
45	0.01441	0.00863	0.01155	0.01247	0.01391	0.00792	0.00871	0.01639	0.01846	0.10267	0.09795	0.54918	0.05526	0.02439	0.01076	0.00336	0.00528	0.02196	0.00857	0.00817
46	0.01235	0.00903	0.01224	0.01284	0.01418	0.00950	0.00967	0.01476	0.01568	0.02119	0.03701	0.13705	0.08831	0.16480	0.29506	0.00896	0.01398	0.11006	0.00610	0.00724
47	0.19072	0.01991	0.06656	0.02117	0.10059	0.01969	0.01591	0.04747	0.15064	0.03253	0.01975	0.02315	0.01597	0.00995	0.00999	0.00267	0.08682	0.02211	0.00585	0.13855
48	0.01438	0.00861	0.01152	0.01249	0.01390	0.00790	0.00871	0.01633	0.01834	0.10248	0.08911	0.55857	0.05489	0.02453	0.01077	0.00338	0.00529	0.02210	0.00855	0.00816
49	0.01163	0.00869	0.01053	0.01043	0.01234	0.00788	0.00753	0.01454	0.02133	0.02875	0.36246	0.14858	0.21870	0.08144	0.01350	0.00342	0.00471	0.01733	0.00863	0.00759
50	0.02134	0.11058	0.11586	0.03264	0.19177	0.02365	0.15760	0.05403	0.09225	0.02868	0.01810	0.02173	0.01437	0.00896	0.01038	0.00275	0.06984	0.00803	0.00488	0.01256
51	0.61426	0.04234	0.01579	0.01337	0.01869	0.12419	0.01083	0.02715	0.01655	0.03565	0.01236	0.01442	0.00979	0.00822	0.00581	0.00260	0.00829	0.00487	0.00520	0.00961
52	0.02239	0.02225	0.03463	0.05127	0.59438	0.06724	0.02605	0.02736	0.02022	0.02798	0.01619	0.02116	0.01363	0.00786	0.00858	0.00257	0.01075	0.00761	0.00433	0.01355
53	0.01593	0.00983	0.01181	0.01135	0.01444	0.00863	0.00877	0.01867	0.02101	0.13235	0.14213	0.15028	0.32998	0.02043	0.01030	0.00305	0.00531	0.06819	0.00876	0.00879
54	0.01623	0.01417	0.01784	0.01895	0.07205	0.06678	0.01366	0.01948	0.01627	0.02279	0.02298	0.03539	0.02157	0.04073	0.35209	0.00879	0.09984	0.06037	0.07123	0.00878
55	0.02014	0.28166	0.32964	0.02315	0.03339	0.02579	0.11963	0.02712	0.01852	0.02507	0.01468	0.01762	0.01146	0.00783	0.00763	0.00246	0.01188	0.00642	0.00382	0.01208
56	0.01499	0.00964	0.01169	0.01075	0.01374	0.00849	0.00821	0.01829	0.02291	0.10834	0.35199	0.06773	0.28332	0.01854	0.01010	0.00281	0.00465	0.01588	0.00919	0.00875
57	0.03794	0.01676	0.02143	0.01643	0.02323	0.01567	0.01357	0.15614	0.02818	0.52691	0.03172	0.02794	0.02024	0.01073	0.00876	0.00268	0.00786	0.00859	0.01038	0.01484
58	0.02580	0.01160	0.01576	0.01426	0.01816	0.01034	0.01110	0.02852	0.02132	0.34738	0.04078	0.29114	0.03819	0.01841	0.00999	0.00315	0.00656	0.06684	0.00950	0.01122
59	0.02124	0.02171	0.04105	0.04765	0.43059	0.02119	0.23070	0.02718	0.02012	0.02830	0.01684	0.02227	0.01361	0.00762	0.00922	0.00271	0.01189	0.00866	0.00435	0.01310
60	0.01908	0.01908	0.02672	0.02290	0.02290	0.02672	0.01908	0.02099	0.01336	0.02099	0.01145	0.01908	0.01145	0.01527	0.02863	0.00382	0.67748	0.00763	0.00382	0.00954
61	0.02332	0.69869	0.04571	0.01493	0.02239	0.03451	0.01493	0.02612	0.01772	0.02052	0.01213	0.01399	0.01119	0.00746	0.00560	0.00187	0.00933	0.00466	0.00373	0.01119
62	0.03914	0.01484	0.02024	0.01552	0.02227	0.01282	0.01282	0.04251	0.02497	0.64507	0.03441	0.02969	0.02159	0.01080	0.00877	0.00270	0.00742	0.00877	0.01080	0.01484
63	0.03441	0.02242	0.02493	0.01912	0.02605	0.02407	0.01579	0.49094	0.03765	0.17873	0.02377	0.02278	0.01625	0.01054	0.00874	0.00263	0.00914	0.00805	0.00916	0.01484
64	0.01647	0.01550	0.02616	0.67248	0.06008	0.01938	0.02422	0.02229	0.01744	0.02229	0.01550	0.02326	0.01163	0.00872	0.00872	0.00291	0.01163	0.00775	0.00388	0.00969
65	0.01250	0.00902	0.01188	0.01144	0.01349	0.00839	0.00876	0.01661	0.02427	0.03417	0.58107	0.06817	0.07939	0.01840	0.01045	0.00286	0.00447	0.06699	0.00946	0.00821
66	0.01128	0.00887	0.01019	0.00986	0.01238	0.00778	0.00739	0.01441	0.02218	0.02903	0.34968	0.07496	0.37077	0.02005	0.01030	0.00285	0.00427	0.01715	0.00882	0.00778
67	0.02059	0.02353	0.05147	0.03676	0.04559	0.02206	0.60735	0.02794	0.02059	0.02794	0.01765	0.02353	0.01324	0.00735	0.01029	0.00294	0.01471	0.01029	0.00441	0.01176
68	0.08818	0.02009	0.02286	0.01764	0.02442	0.02088	0.01457	0.34312	0.03276	0.28698	0.02562	0.02390	0.01711	0.01043	0.00850	0.00266	0.00853	0.00799	0.00930	0.01445
69	0.01580	0.00907	0.01212	0.01251	0.01436	0.00827	0.00893	0.01810	0.01955	0.13072	0.15176	0.46302	0.05599	0.02279	0.01058	0.00325	0.00529	0.02043	0.00883	0.00861
70	0.01149	0.00868	0.01027	0.01117	0.01283	0.00798	0.00820	0.01350	0.01792	0.02262	0.06001	0.23876	0.27649	0.13328	0.01641	0.00420	0.00593	0.12555	0.00763	0.00708
71	0.02085	0.02280	0.04731	0.04111	0.19936	0.02171	0.45691	0.02764	0.02040	0.02809	0.01733	0.02303	0.01339	0.00746	0.00986	0.00285	0.01358	0.00964	0.00439	0.01230
72	0.01466	0.01120	0.01463	0.01362	0.01375	0.01333	0.00965	0.01493	0.01280	0.01803	0.02138	0.04139	0.02349	0.38054	0.08844	0.10160	0.18506	0.01044	0.00466	0.00641
73	0.75506	0.01687	0.01282	0.01147	0.01687	0.01957	0.00945	0.02564	0.01484	0.03914	0.01215	0.01417	0.00945	0.00810	0.00540	0.00270	0.00675	0.00472	0.00540	0.00945
74	0.02598	0.11082	0.02810	0.02545	0.14096	0.13796	0.01747	0.14366	0.21577	0.03370	0.02225	0.02293	0.01727	0.00974	0.00820	0.00256	0.00995	0.00767	0.00655	0.01301
75	0.02137	0.07518	0.02221	0.06506	0.07909	0.01480	0.01337	0.02536	0.02009	0.12593	0.09596	0.02617	0.02284	0.00895	0.00759	0.00198	0.00730	0.00745	0.00632	0.35298
76	0.02529	0.03109	0.28028	0.02956	0.18483	0.07641	0.02462	0.03177	0.02099	0.18121	0.02032	0.02178	0.01439	0.00885	0.00846	0.00266	0.01115	0.00729	0.00569	0.01336
77	0.01926	0.02769	0.20007	0.02888	0.03575	0.02318	0.25427	0.02548	0.01754	0.02548	0.01500	0.02066	0.01205	0.01031	0.01605	0.00319	0.24148	0.00837	0.00402	0.01130
78	0.01647	0.01550	0.02616	0.67248	0.06008	0.01938	0.02422	0.02229	0.01744	0.02229	0.01550	0.02326	0.01163	0.00872	0.00872	0.00291	0.01163	0.00775	0.00388	0.00969
79	0.09633	0.06953	0.02563	0.07454	0.08115	0.02240	0.01640	0.26651	0.05519	0.17347	0.02222	0.02248	0.01571	0.00978	0.00820	0.00262	0.00896	0.00761	0.00773	0.01352
80	0.12124	0.02459	0.14180	0.02756	0.10896	0.02044	0.17383	0.12606	0.02269	0.06068	0.02020	0.07568	0.01671	0.01000	0.00880	0.00282	0.01077	0.00925	0.00572	0.01219
81	0.01626	0.01123	0.01248	0.01166	0.01519	0.01057	0.00889	0.02249	0.12375	0.10996	0.09237	0.12140	0.37221	0.01910	0.00993	0.00296	0.00529	0.01611	0.00866	0.00949
82	0.01514	0.00932	0.01212	0.01169	0.01401	0.00845	0.00865	0.01834	0.02226	0.10841	0.36131	0.22436	0.11272	0.01975	0.01032	0.00296	0.00481	0.01745	0.00924	0.00870
83	0.02023	0.01718	0.05284	0.08820	0.21413	0.01619	0.06682	0.02639	0.07258	0.10541	0.02868	0.19852	0.02708	0.01372	0.00946	0.00295	0.00888	0.01270	0.00648	0.01160
84	0.01750	0.04512	0.64825	0.02486	0.03775	0.02026	0.03223	0.02762	0.01842	0.02762	0.01565	0.01842	0.01105	0.00829	0.00829	0.00276	0.01289	0.00645	0.00368	0.01289
85	0.01153	0.00836	0.01107	0.01291	0.01404	0.00791	0.00958	0.01378	0.01789	0.02342	0.05111	0.47552	0.10653	0.02599	0.01131	0.00362	0.00581	0.17419	0.00808	0.00737
86	0.11186	0.01564	0.02297	0.02617	0.19240	0.03220	0.09392	0.02282	0.01850	0.02957	0.02450	0.13726	0.02283	0.01175	0.00819	0.00266	0.00808	0.01066	0.19774	0.01025
87	0.08718	0.07545	0.22509	0.02059	0.08054	0.01771	0.01932	0.02655	0.01860	0.07939	0.01664	0.01880	0.01267	0.00775	0.00727	0.00217	0.00920	0.00603	0.00499	0.26408
88	0.01908	0.07822	0.02595	0.10487	0.07685	0.02221	0.01769	0.07280	0.01836	0.02589	0.07139	0.02575	0.01977	0.01968	0.10385	0.00460	0.26955	0.00838	0.00493	0.01017

[dist]
# distance from previous block
# <min> <max>
0	17

[block]
# block no. 1 follows, 20 sequences, length 23
# corresponding to MSA columns:
# 268-290
name=unknown_B
#
# <colnr> <probs for GDERKNQSTAVLIFYWHMCP>
#	G	D	E	R	K	N	Q	S	T	A	V	L	I	F	Y	W	H	M	C	P
0	0.01153	0.00860	0.01047	0.01160	0.01310	0.00798	0.00852	0.01358	0.01783	0.02274	0.05713	0.29391	0.22846	0.11599	0.01562	0.00413	0.00595	0.13802	0.00770	0.00712
1	0.01648	0.00950	0.01195	0.01186	0.01441	0.00841	0.00867	0.01874	0.01980	0.15067	0.09638	0.34738	0.20829	0.02188	0.01037	0.00315	0.00530	0.01918	0.00875	0.00882
2	0.01781	0.08028	0.61584	0.02433	0.03693	0.02102	0.03130	0.02754	0.01838	0.02724	0.01546	0.01818	0.01106	0.00824	0.00814	0.00271	0.01270	0.00635	0.00369	0.01280
3	0.01148	0.00822	0.01101	0.01252	0.01355	0.00775	0.00903	0.01387	0.01873	0.02526	0.15902	0.47991	0.06122	0.02503	0.01111	0.00346	0.00533	0.10767	0.00837	0.00745
4	0.03326	0.01438	0.01814	0.01434	0.02004	0.01333	0.01171	0.10059	0.02523	0.43980	0.03156	0.02936	0.02101	0.01062	0.00816	0.00254	0.00690	0.00852	0.17720	0.01331
5	0.02159	0.02073	0.03541	0.05354	0.63903	0.02073	0.02677	0.02677	0.01986	0.02850	0.01641	0.02159	0.01382	0.00777	0.00864	0.00259	0.01036	0.00777	0.00432	0.01382
6	0.01623	0.01226	0.01473	0.01492	0.01769	0.01265	0.01194	0.10000	0.09256	0.02998	0.04730	0.22538	0.11859	0.02136	0.01078	0.00345	0.00691	0.22572	0.00825	0.00931
7	0.02017	0.02218	0.04584	0.03275	0.04139	0.02030	0.50671	0.02693	0.02017	0.02802	0.01729	0.02261	0.01318	0.00720	0.00965	0.00266	0.01332	0.00943	0.00454	0.13567
8	0.01246	0.00935	0.01402	0.01402	0.01558	0.01090	0.01090	0.01558	0.01402	0.02025	0.02336	0.03427	0.02181	0.06542	0.65888	0.01402	0.02336	0.00935	0.00467	0.00779
9	0.44600	0.01600	0.01602	0.01322	0.01920	0.01666	0.01090	0.03292	0.01921	0.30072	0.02176	0.02087	0.01469	0.00926	0.00685	0.00270	0.00704	0.00647	0.00773	0.01178
10	0.01754	0.01346	0.01807	0.12563	0.02380	0.01652	0.01394	0.05732	0.01765	0.02736	0.02057	0.02695	0.01712	0.01948	0.10943	0.00446	0.18574	0.00810	0.26772	0.00914
11	0.01376	0.01025	0.01241	0.01177	0.01177	0.01153	0.00761	0.01409	0.01280	0.01760	0.02478	0.05068	0.02830	0.57912	0.04174	0.00767	0.12124	0.01183	0.00504	0.00600
12	0.01185	0.00797	0.01017	0.01129	0.01237	0.00750	0.00783	0.01433	0.01873	0.02664	0.17644	0.45080	0.05794	0.02265	0.01019	0.00314	0.00470	0.02030	0.11768	0.00750
13	0.01909	0.01031	0.01334	0.01176	0.01502	0.00930	0.00911	0.02290	0.02400	0.18428	0.40909	0.05529	0.09798	0.01582	0.00962	0.00269	0.00494	0.01367	0.06199	0.00980
14	0.01644	0.01608	0.03004	0.02565	0.06694	0.01548	0.26397	0.02254	0.06768	0.02622	0.03215	0.31088	0.03355	0.01637	0.01044	0.00318	0.00964	0.01636	0.00636	0.01004
15	0.02069	0.01860	0.03081	0.04589	0.53302	0.01860	0.02329	0.02568	0.01960	0.02918	0.01844	0.02343	0.01526	0.00818	0.00821	0.00250	0.00930	0.00783	0.12865	0.01286
16	0.01508	0.00976	0.01345	0.01478	0.01680	0.00944	0.01219	0.01845	0.01992	0.07374	0.08038	0.23246	0.05167	0.02347	0.01147	0.00373	0.00704	0.36946	0.00835	0.00835
17	0.01044	0.00831	0.00938	0.01022	0.01215	0.00725	0.00724	0.01236	0.01855	0.02302	0.07148	0.33706	0.39328	0.02429	0.01065	0.00320	0.00469	0.02109	0.00810	0.00725
18	0.01959	0.01869	0.03179	0.29539	0.41281	0.02020	0.02578	0.02502	0.01892	0.02607	0.01605	0.02224	0.01296	0.00814	0.00867	0.00271	0.01086	0.00776	0.00415	0.01220
19	0.01358	0.01099	0.01616	0.01552	0.01681	0.01357	0.01228	0.01649	0.01391	0.02037	0.02136	0.03171	0.02006	0.05697	0.55263	0.01230	0.13363	0.00906	0.00453	0.00808
20	0.43546	0.01323	0.01139	0.01051	0.01446	0.01465	0.00836	0.02269	0.01741	0.03669	0.12134	0.02759	0.02513	0.01028	0.00641	0.00253	0.00560	0.00748	0.19989	0.00890
21	0.12069	0.02155	0.02532	0.02453	0.12776	0.04657	0.01728	0.26473	0.02775	0.11734	0.01921	0.02086	0.01425	0.01036	0.01098	0.00278	0.10050	0.00745	0.00700	0.01309
22	0.01968	0.17426	0.02953	0.10919	0.21156	0.02090	0.01800	0.06830	0.02148	0.02871	0.13517	0.05662	0.04925	0.01119	0.00842	0.00254	0.00864	0.00960	0.00574	0.01123

[dist]
# distance from previous block
# <min> <max>
0	3

[block]
# block no. 2 follows, 20 sequences, length 57
# corresponding to MSA columns:
# 294-317,323-329,331-356
name=unknown_C
#
# <colnr> <probs for GDERKNQSTAVLIFYWHMCP>
#	G	D	E	R	K	N	Q	S	T	A	V	L	I	F	Y	W	H	M	C	P
0	0.02476	0.37858	0.11686	0.01825	0.02564	0.03004	0.01796	0.17818	0.02351	0.03047	0.01482	0.01682	0.01215	0.00904	0.00878	0.00235	0.06855	0.00599	0.00504	0.01222
1	0.01671	0.01456	0.02217	0.44243	0.04481	0.01708	0.01926	0.07209	0.02104	0.02761	0.13631	0.03540	0.07203	0.01157	0.00913	0.00285	0.00951	0.01005	0.00568	0.00970
2	0.02915	0.01925	0.08011	0.11128	0.18944	0.01668	0.01967	0.03461	0.04188	0.32932	0.02566	0.02585	0.01752	0.00955	0.00869	0.00271	0.00920	0.00821	0.00752	0.01370
3	0.01916	0.01152	0.01705	0.01541	0.01865	0.01071	0.06252	0.02312	0.04324	0.17191	0.14125	0.30029	0.04777	0.01926	0.01035	0.00317	0.00659	0.05953	0.00869	0.00983
4	0.01062	0.00879	0.00892	0.00892	0.01149	0.00751	0.00645	0.01254	0.01895	0.02270	0.08049	0.08047	0.55742	0.10890	0.01472	0.00366	0.00494	0.01767	0.00774	0.00710
5	0.01577	0.01195	0.01294	0.01218	0.01436	0.06452	0.00889	0.01891	0.02246	0.07096	0.41098	0.11218	0.06343	0.10480	0.01446	0.00351	0.00598	0.01483	0.00855	0.00835
6	0.02159	0.02073	0.03541	0.05354	0.63903	0.02073	0.02677	0.02677	0.01986	0.02850	0.01641	0.02159	0.01382	0.00777	0.00864	0.00259	0.01036	0.00777	0.00432	0.01382
7	0.02738	0.02296	0.15161	0.01889	0.04956	0.01806	0.01721	0.20669	0.02689	0.18554	0.02444	0.02492	0.01717	0.00992	0.00810	0.00255	0.00866	0.00783	0.15862	0.01301
8	0.01170	0.00818	0.01048	0.01191	0.01248	0.00789	0.00809	0.01312	0.01599	0.02123	0.04179	0.42225	0.04906	0.22171	0.02099	0.00504	0.00646	0.09765	0.00727	0.00669
9	0.01973	0.02150	0.10433	0.14667	0.13080	0.02038	0.01997	0.03500	0.31166	0.03091	0.02808	0.02913	0.04246	0.01052	0.00879	0.00286	0.00903	0.00901	0.00650	0.01268
10	0.68219	0.01725	0.01506	0.01565	0.07868	0.01968	0.01117	0.02575	0.01534	0.03808	0.01257	0.01491	0.00988	0.00806	0.00572	0.00269	0.00711	0.00503	0.00529	0.00988
11	0.11551	0.02290	0.07801	0.02501	0.02936	0.04698	0.16965	0.04533	0.01718	0.02684	0.01386	0.01948	0.01173	0.01138	0.01793	0.00327	0.32286	0.00779	0.00436	0.01056
12	0.01611	0.00996	0.01311	0.01300	0.01538	0.00940	0.01035	0.01947	0.02132	0.10239	0.25126	0.07238	0.08498	0.10674	0.01513	0.00393	0.00646	0.21154	0.00856	0.00853
13	0.01936	0.01308	0.01570	0.01321	0.01757	0.01231	0.01034	0.07555	0.08424	0.11396	0.30713	0.04709	0.08861	0.01413	0.00920	0.00253	0.00570	0.01205	0.00879	0.12947
14	0.02077	0.02091	0.03589	0.09935	0.40064	0.04598	0.14420	0.02627	0.02032	0.02799	0.05760	0.02479	0.01796	0.00849	0.00906	0.00269	0.01117	0.00873	0.00466	0.01252
15	0.01083	0.00808	0.01007	0.01121	0.01251	0.00733	0.00778	0.01291	0.01868	0.02456	0.14953	0.45266	0.19274	0.02464	0.01081	0.00328	0.00477	0.02193	0.00833	0.00733
16	0.27593	0.01551	0.01779	0.01418	0.02048	0.01505	0.01170	0.03693	0.02162	0.44466	0.02705	0.02456	0.01758	0.00990	0.00766	0.00270	0.00720	0.00743	0.00901	0.01306
17	0.01844	0.01531	0.01691	0.01539	0.01932	0.01700	0.01186	0.03593	0.41453	0.03596	0.24437	0.04392	0.04604	0.01393	0.00937	0.00288	0.00593	0.01192	0.00913	0.01186
18	0.01908	0.01908	0.02672	0.02290	0.02290	0.02672	0.01908	0.02099	0.01336	0.02099	0.01145	0.01908	0.01145	0.01527	0.02863	0.00382	0.67748	0.00763	0.00382	0.00954
19	0.08906	0.02990	0.02261	0.01930	0.02479	0.35173	0.01505	0.09360	0.02567	0.21523	0.02047	0.02037	0.01460	0.00962	0.00804	0.00246	0.01192	0.00673	0.00689	0.01197
20	0.01305	0.01017	0.01201	0.01132	0.01397	0.00976	0.00856	0.01936	0.10091	0.03237	0.42259	0.06557	0.21126	0.01811	0.01011	0.00282	0.00455	0.01566	0.00914	0.00874
21	0.38137	0.01581	0.01669	0.01358	0.01969	0.01605	0.01121	0.03445	0.02013	0.35542	0.02377	0.02227	0.01579	0.00951	0.00716	0.00270	0.00710	0.00684	0.00822	0.01226
22	0.03803	0.01662	0.02134	0.01636	0.02315	0.01546	0.01352	0.14780	0.02794	0.53558	0.03191	0.02807	0.02034	0.01074	0.00876	0.00268	0.00783	0.00860	0.01041	0.01484
23	0.02480	0.02701	0.02634	0.25267	0.11735	0.26539	0.02047	0.06852	0.06559	0.02592	0.01664	0.02067	0.01305	0.00904	0.00839	0.00260	0.01256	0.00709	0.00485	0.01102
24	0.01192	0.00890	0.01107	0.01053	0.01277	0.00805	0.00789	0.01564	0.02368	0.03259	0.52015	0.06909	0.19808	0.01872	0.01029	0.00279	0.00418	0.01633	0.00929	0.00805
25	0.01462	0.00882	0.01167	0.01226	0.01394	0.00805	0.00868	0.01689	0.01936	0.10520	0.15644	0.46717	0.07670	0.02326	0.01064	0.00327	0.00517	0.02084	0.00873	0.00831
26	0.01776	0.04326	0.59680	0.02589	0.03843	0.02041	0.08181	0.02765	0.01860	0.02765	0.01583	0.01886	0.01124	0.00821	0.00846	0.00278	0.01305	0.00678	0.00375	0.01279
27	0.02606	0.01553	0.01893	0.01600	0.02063	0.01627	0.01278	0.19438	0.06562	0.19860	0.02906	0.09398	0.02366	0.02584	0.16891	0.00554	0.01158	0.01029	0.03431	0.01203
28	0.02917	0.01242	0.01660	0.01406	0.01884	0.01084	0.01105	0.03195	0.02236	0.42800	0.04265	0.20712	0.08399	0.01611	0.00952	0.00294	0.00654	0.01381	0.00986	0.01216
29	0.01634	0.01560	0.02809	0.02217	0.02563	0.01602	0.23901	0.01962	0.01634	0.02241	0.02416	0.12051	0.02518	0.25028	0.02482	0.00506	0.10242	0.01264	0.00511	0.00859
30	0.02275	0.08094	0.30690	0.02535	0.10910	0.07625	0.02384	0.07855	0.02158	0.08997	0.02007	0.07004	0.01632	0.01010	0.00840	0.00267	0.01114	0.00815	0.00531	0.01257
31	0.01947	0.01658	0.01792	0.01627	0.01942	0.06507	0.01253	0.10216	0.18469	0.02889	0.02564	0.03284	0.02221	0.11391	0.24755	0.00754	0.04129	0.00935	0.00637	0.01029
32	0.01153	0.00814	0.01055	0.01184	0.01258	0.00774	0.00810	0.01332	0.01727	0.02324	0.11988	0.43839	0.05537	0.15050	0.01733	0.00440	0.00583	0.06925	0.00776	0.00698
33	0.02342	0.02167	0.03146	0.02831	0.13270	0.04468	0.16439	0.14416	0.12908	0.03466	0.02066	0.02302	0.01585	0.00872	0.00870	0.00251	0.01022	0.00825	0.00615	0.14140
34	0.02028	0.01728	0.02124	0.01920	0.10140	0.01501	0.01331	0.08262	0.06088	0.03161	0.01749	0.01979	0.01414	0.00739	0.00713	0.00170	0.00731	0.00608	0.00566	0.53049
35	0.05074	0.02120	0.03218	0.14652	0.24821	0.02260	0.09759	0.20845	0.02597	0.03601	0.01768	0.02166	0.01352	0.00874	0.00878	0.00270	0.01077	0.00801	0.00567	0.01300
36	0.02212	0.10891	0.04487	0.03019	0.03808	0.02176	0.43180	0.02810	0.02039	0.08791	0.02062	0.06712	0.01676	0.00904	0.00959	0.00282	0.01264	0.01038	0.00520	0.01169
37	0.01930	0.01296	0.01529	0.01456	0.01756	0.01347	0.01075	0.07662	0.17884	0.10900	0.03930	0.33119	0.03945	0.06401	0.01224	0.00353	0.00647	0.01654	0.00852	0.01040
38	0.03246	0.01756	0.02103	0.01684	0.02282	0.01785	0.01361	0.18306	0.15100	0.33061	0.02999	0.02788	0.02051	0.01223	0.01047	0.05222	0.00787	0.00869	0.00942	0.01389
39	0.14114	0.01716	0.01875	0.01693	0.06088	0.04783	0.01232	0.10275	0.04510	0.14522	0.09106	0.02936	0.02420	0.07007	0.01108	0.00293	0.00774	0.00833	0.00725	0.13991
40	0.01073	0.00763	0.01009	0.01201	0.01249	0.00715	0.00796	0.01217	0.01650	0.02200	0.04705	0.65616	0.05639	0.06070	0.01280	0.00379	0.00523	0.02419	0.00796	0.00699
41	0.02067	0.01979	0.03375	0.16458	0.53516	0.02048	0.02631	0.02597	0.01943	0.02738	0.01625	0.02189	0.01342	0.00794	0.00865	0.00265	0.01059	0.00777	0.00424	0.01308
42	0.01680	0.01250	0.02174	0.01872	0.02211	0.01156	0.15815	0.02001	0.01874	0.10421	0.03872	0.43702	0.04194	0.02021	0.01062	0.00328	0.00777	0.01911	0.00753	0.00926
43	0.01750	0.04512	0.64825	0.02486	0.03775	0.02026	0.03223	0.02762	0.01842	0.02762	0.01565	0.01842	0.01105	0.00829	0.00829	0.00276	0.01289	0.00645	0.00368	0.01289
44	0.01221	0.00826	0.00965	0.01012	0.01023	0.00814	0.00593	0.01256	0.01360	0.01814	0.03219	0.20128	0.03765	0.54114	0.03679	0.00733	0.00768	0.01545	0.00593	0.00570
45	0.01250	0.00919	0.01325	0.01325	0.01455	0.01049	0.00995	0.01508	0.01379	0.01968	0.02406	0.03815	0.02349	0.17217	0.55444	0.01307	0.02083	0.00991	0.00478	0.00736
46	0.75506	0.01687	0.01282	0.01147	0.01687	0.01957	0.00945	0.02564	0.01484	0.03914	0.01215	0.01417	0.00945	0.00810	0.00540	0.00270	0.00675	0.00472	0.00540	0.00945
47	0.01933	0.01757	0.02544	0.16191	0.22475	0.01740	0.01884	0.02670	0.09677	0.02823	0.01838	0.02213	0.01471	0.00803	0.00793	0.00225	0.00881	0.00713	0.00511	0.26857
48	0.01820	0.03648	0.43396	0.02556	0.03483	0.02205	0.08609	0.02600	0.01737	0.02600	0.01480	0.01909	0.01137	0.00994	0.01356	0.00304	0.17881	0.00712	0.00379	0.01194
49	0.01262	0.00863	0.01038	0.01032	0.01073	0.00880	0.00638	0.01345	0.01394	0.01900	0.08018	0.05438	0.03468	0.54025	0.13323	0.00879	0.01030	0.01246	0.00557	0.00592
50	0.03715	0.01591	0.02064	0.01606	0.02266	0.01467	0.01319	0.08560	0.07873	0.54716	0.03349	0.02928	0.02153	0.01086	0.00878	0.00272	0.00754	0.00880	0.01047	0.01475
51	0.01130	0.00838	0.01151	0.01258	0.01370	0.00858	0.00905	0.01350	0.01595	0.02161	0.04211	0.38349	0.09465	0.04151	0.26009	0.00752	0.01204	0.01830	0.00678	0.00738
52	0.01268	0.00846	0.00951	0.00951	0.00951	0.00846	0.00529	0.01268	0.01268	0.01691	0.02748	0.05708	0.03171	0.69345	0.04440	0.00846	0.00846	0.01268	0.00529	0.00529
53	0.02744	0.01745	0.02830	0.02811	0.17917	0.01653	0.10562	0.03187	0.02192	0.27677	0.07008	0.02805	0.02183	0.01001	0.01002	0.00268	0.04577	0.00898	0.00737	0.06205
54	0.10626	0.01996	0.02394	0.02467	0.14902	0.02152	0.01652	0.25963	0.11022	0.08286	0.02431	0.08001	0.01981	0.01132	0.00858	0.00275	0.00854	0.00929	0.00757	0.01323
55	0.02038	0.19215	0.44900	0.02212	0.03318	0.02418	0.02673	0.08513	0.02050	0.02872	0.01537	0.01766	0.01146	0.00832	0.00772	0.00254	0.01175	0.00618	0.00420	0.01270
56	0.02105	0.01837	0.02093	0.01823	0.02239	0.08048	0.06500	0.16809	0.10248	0.03275	0.03405	0.17420	0.06939	0.02035	0.06649	0.00397	0.01009	0.05361	0.00737	0.01072

[dist]
# distance from previous block
# <min> <max>
0	15

[block]
# block no. 3 follows, 20 sequences, length 10
# corresponding to MSA columns:
# 372-381
name=unknown_D
#
# <colnr> <probs for GDERKNQSTAVLIFYWHMCP>
#	G	D	E	R	K	N	Q	S	T	A	V	L	I	F	Y	W	H	M	C	P
0	0.16905	0.01669	0.02405	0.03206	0.31496	0.01689	0.01783	0.02562	0.01977	0.09522	0.10266	0.08076	0.02646	0.01108	0.00842	0.00272	0.00806	0.00971	0.00622	0.01175
1	0.02025	0.01796	0.02623	0.21464	0.20967	0.01812	0.01970	0.08679	0.02088	0.02954	0.01635	0.02088	0.01301	0.00792	0.00798	0.00227	0.00940	0.00694	0.00494	0.24653
2	0.02753	0.02900	0.02253	0.02000	0.02496	0.29135	0.01539	0.10221	0.30759	0.03208	0.02463	0.02419	0.01885	0.01048	0.00843	0.00262	0.01092	0.00785	0.00701	0.01236
3	0.01063	0.00759	0.01012	0.01215	0.01265	0.00709	0.00810	0.01215	0.01670	0.02227	0.04808	0.68775	0.05769	0.02733	0.01113	0.00354	0.00506	0.02480	0.00810	0.00709
4	0.03138	0.01894	0.02473	0.09340	0.16805	0.07619	0.01763	0.03624	0.04904	0.35393	0.02640	0.02598	0.01802	0.00976	0.00865	0.00266	0.00929	0.00819	0.00792	0.01358
5	0.13657	0.34715	0.03379	0.01939	0.08646	0.02781	0.01539	0.11239	0.06408	0.05940	0.01654	0.01786	0.01330	0.00849	0.00671	0.00229	0.00882	0.00602	0.00546	0.01208
6	0.01614	0.01649	0.01322	0.01277	0.01548	0.16246	0.00933	0.01841	0.02088	0.02412	0.14511	0.11925	0.29954	0.07323	0.01256	0.00325	0.00745	0.01510	0.00724	0.00796
7	0.01076	0.00853	0.00968	0.01008	0.01223	0.00745	0.00730	0.01314	0.01993	0.02529	0.17677	0.23752	0.38511	0.02268	0.01052	0.00306	0.00453	0.01959	0.00837	0.00745
8	0.02976	0.02796	0.29231	0.01957	0.02898	0.01604	0.02123	0.03606	0.02213	0.37758	0.02629	0.02481	0.01703	0.00971	0.00856	0.00273	0.00979	0.00776	0.00771	0.01400
9	0.02642	0.06034	0.07371	0.02488	0.09204	0.01985	0.12612	0.03615	0.16446	0.21509	0.02608	0.02621	0.01864	0.00991	0.00970	0.00280	0.03822	0.00875	0.00727	0.01334

[dist]
# distance from previous block
# <min> <max>
0	2

[block]
# block no. 4 follows, 20 sequences, length 46
# corresponding to MSA columns:
# 384-398,400-430
name=unknown_E
#
# <colnr> <probs for GDERKNQSTAVLIFYWHMCP>
#	G	D	E	R	K	N	Q	S	T	A	V	L	I	F	Y	W	H	M	C	P
0	0.02616	0.02380	0.02225	0.01933	0.02321	0.18578	0.01523	0.14827	0.09134	0.08270	0.02290	0.08566	0.01980	0.01674	0.06010	0.00370	0.12582	0.00926	0.00662	0.01133
1	0.02086	0.01872	0.08868	0.01460	0.02279	0.01275	0.01311	0.02536	0.01905	0.11137	0.01807	0.01969	0.01388	0.00725	0.00698	0.00165	0.00731	0.00580	0.00576	0.56634
2	0.02475	0.24323	0.14232	0.01840	0.02608	0.02598	0.01793	0.14115	0.17176	0.07325	0.02162	0.02168	0.01633	0.00947	0.00768	0.00249	0.00930	0.00713	0.00638	0.01306
3	0.02079	0.02034	0.03595	0.13502	0.49487	0.02069	0.09119	0.02630	0.01962	0.02760	0.01642	0.02203	0.01346	0.00785	0.00883	0.00267	0.01102	0.00805	0.00427	0.01303
4	0.02050	0.01947	0.03302	0.07994	0.56326	0.01961	0.02521	0.02543	0.01950	0.02772	0.01880	0.07283	0.01708	0.00932	0.00883	0.00268	0.01002	0.00908	0.00459	0.01310
5	0.12322	0.09386	0.24935	0.02375	0.09704	0.06725	0.04190	0.03053	0.01983	0.14723	0.01846	0.01993	0.01328	0.00863	0.00781	0.00261	0.01066	0.00671	0.00545	0.01250
6	0.02525	0.15617	0.17334	0.11050	0.09047	0.02303	0.02127	0.13858	0.02358	0.12861	0.01899	0.02078	0.01380	0.00895	0.00802	0.00256	0.01031	0.00704	0.00586	0.01290
7	0.01707	0.01207	0.01377	0.01252	0.01613	0.01192	0.00965	0.02575	0.17674	0.09971	0.23596	0.05895	0.24144	0.01690	0.00976	0.00286	0.00530	0.01433	0.00906	0.01012
8	0.01054	0.00794	0.00976	0.01122	0.01241	0.00716	0.00769	0.01225	0.01759	0.02263	0.05937	0.51850	0.21966	0.02586	0.01090	0.00338	0.00488	0.02301	0.00810	0.00716
9	0.02398	0.18509	0.02978	0.02632	0.20202	0.02160	0.01702	0.05074	0.10797	0.12855	0.02837	0.05019	0.07048	0.01074	0.00817	0.00255	0.00842	0.00895	0.00649	0.01260
10	0.11949	0.01737	0.02076	0.01801	0.01959	0.05103	0.01438	0.02269	0.01507	0.08196	0.01697	0.02673	0.01611	0.14670	0.02572	0.00440	0.36053	0.00825	0.00501	0.00922
11	0.01160	0.00848	0.01090	0.01115	0.01279	0.00778	0.00804	0.01470	0.02166	0.02980	0.39373	0.26742	0.12695	0.02129	0.01056	0.00302	0.00445	0.01893	0.00897	0.00778
12	0.16729	0.02218	0.11013	0.07627	0.03131	0.01955	0.12812	0.07532	0.09345	0.15865	0.02193	0.02315	0.01550	0.00921	0.00834	0.00280	0.00986	0.00794	0.00662	0.01239
13	0.02655	0.16102	0.07354	0.10613	0.02959	0.07686	0.01721	0.10435	0.14147	0.14406	0.02274	0.02310	0.01664	0.00966	0.00802	0.00256	0.00965	0.00746	0.00673	0.01265
14	0.01495	0.00980	0.01141	0.01116	0.01402	0.00877	0.00829	0.01834	0.04891	0.10831	0.10518	0.22783	0.33806	0.02114	0.01024	0.00305	0.00509	0.01816	0.00860	0.00867
15	0.01076	0.00782	0.01016	0.01175	0.01261	0.00722	0.00799	0.01259	0.01773	0.02359	0.10722	0.57742	0.10899	0.02598	0.01098	0.00342	0.00492	0.02340	0.00824	0.00722
16	0.03259	0.03532	0.02628	0.02246	0.02777	0.47607	0.06164	0.07774	0.02564	0.10833	0.01717	0.01859	0.01305	0.00922	0.00824	0.00239	0.01408	0.00657	0.00565	0.01122
17	0.01905	0.01814	0.03083	0.36010	0.35228	0.02006	0.02551	0.02455	0.01866	0.02542	0.01596	0.02241	0.01273	0.00824	0.00868	0.00275	0.01099	0.00776	0.00410	0.01177
18	0.28638	0.01222	0.01307	0.01385	0.01690	0.01315	0.01156	0.02006	0.01770	0.03039	0.03391	0.14675	0.03621	0.01864	0.00948	0.00347	0.00716	0.29362	0.00707	0.00843
19	0.01519	0.00948	0.01176	0.01166	0.01422	0.00874	0.00918	0.01861	0.02133	0.08751	0.22047	0.11568	0.17660	0.01899	0.00999	0.00300	0.00533	0.12614	0.10758	0.00854
20	0.02443	0.50259	0.09295	0.01950	0.08228	0.02958	0.01728	0.02814	0.01879	0.09155	0.01532	0.01684	0.01259	0.00793	0.00647	0.00210	0.00952	0.00557	0.00457	0.01199
21	0.02159	0.02073	0.03541	0.05354	0.63903	0.02073	0.02677	0.02677	0.01986	0.02850	0.01641	0.02159	0.01382	0.00777	0.00864	0.00259	0.01036	0.00777	0.00432	0.01382
22	0.02362	0.02202	0.08029	0.02652	0.03350	0.02042	0.26713	0.09489	0.07376	0.11405	0.02387	0.03123	0.01889	0.01081	0.01122	0.00303	0.06263	0.06347	0.00638	0.01225
23	0.01086	0.00769	0.01005	0.01185	0.01230	0.00724	0.00778	0.01221	0.01625	0.02167	0.04578	0.61740	0.05479	0.10164	0.01484	0.00409	0.00544	0.02345	0.00778	0.00688
24	0.01224	0.00914	0.01220	0.01296	0.01433	0.00947	0.00937	0.01635	0.06358	0.02448	0.11887	0.36321	0.04817	0.03596	0.19955	0.00644	0.01041	0.01793	0.00736	0.00796
25	0.60273	0.01772	0.01568	0.01364	0.01843	0.02108	0.01127	0.06809	0.01657	0.03786	0.01270	0.01533	0.01011	0.00924	0.00877	0.00284	0.09728	0.00535	0.00543	0.00986
26	0.01151	0.00817	0.01085	0.01232	0.01301	0.00803	0.00855	0.01321	0.01609	0.02156	0.04180	0.45417	0.04874	0.13886	0.08886	0.00555	0.00795	0.07655	0.00725	0.00697
27	0.02875	0.01712	0.02096	0.01731	0.02230	0.01844	0.01401	0.09856	0.19938	0.27662	0.07446	0.03079	0.02546	0.01219	0.01158	0.00292	0.09749	0.00936	0.00899	0.01334
28	0.01233	0.00864	0.01113	0.01141	0.01201	0.00911	0.00758	0.01360	0.01368	0.01877	0.02885	0.13422	0.03183	0.38921	0.24983	0.00969	0.01309	0.01318	0.00545	0.00638
29	0.01527	0.01084	0.01282	0.01166	0.01362	0.01085	0.00827	0.09499	0.02247	0.03102	0.32838	0.05623	0.05459	0.26555	0.02263	0.00483	0.00645	0.01357	0.00790	0.00804
30	0.02027	0.02259	0.04624	0.03383	0.04079	0.02304	0.48296	0.02647	0.01906	0.02647	0.01634	0.02259	0.01286	0.00903	0.01417	0.00313	0.15486	0.00973	0.00429	0.01129
31	0.02859	0.17230	0.09107	0.02036	0.02808	0.02477	0.08283	0.23669	0.05653	0.14280	0.02116	0.02153	0.01523	0.00938	0.00819	0.00253	0.00992	0.00755	0.00703	0.01346
32	0.01063	0.00759	0.01012	0.01215	0.01265	0.00709	0.00810	0.01215	0.01670	0.02227	0.04808	0.68775	0.05769	0.02733	0.01113	0.00354	0.00506	0.02480	0.00810	0.00709
33	0.01172	0.00825	0.01079	0.01241	0.01312	0.00794	0.00873	0.01343	0.01659	0.02198	0.04366	0.44640	0.05110	0.15744	0.01785	0.00460	0.00632	0.13323	0.00753	0.00692
34	0.01818	0.00928	0.01229	0.01177	0.01320	0.00878	0.00801	0.01804	0.01553	0.14079	0.02944	0.17155	0.03018	0.22912	0.02759	0.22248	0.00730	0.01289	0.00650	0.00709
35	0.01837	0.14350	0.55755	0.02337	0.03544	0.02240	0.02962	0.02740	0.01831	0.02656	0.01512	0.01775	0.01107	0.00816	0.00788	0.00263	0.01236	0.00618	0.00369	0.01264
36	0.01246	0.00935	0.01402	0.01402	0.01558	0.01090	0.01090	0.01558	0.01402	0.02025	0.02336	0.03427	0.02181	0.06542	0.65888	0.01402	0.02336	0.00935	0.00467	0.00779
37	0.01291	0.00891	0.01166	0.01248	0.01406	0.00859	0.00966	0.01616	0.02020	0.02807	0.23369	0.19659	0.05834	0.07089	0.01318	0.00367	0.00587	0.19682	0.07054	0.00771
38	0.02379	0.10107	0.16061	0.01820	0.02525	0.04548	0.01758	0.20043	0.12645	0.03695	0.02225	0.02335	0.01673	0.00978	0.00782	0.00251	0.00912	0.00749	0.13265	0.01251
39	0.02221	0.02128	0.07739	0.01631	0.02065	0.15402	0.01387	0.02605	0.02294	0.13398	0.24874	0.04184	0.08680	0.01392	0.01066	0.00272	0.05773	0.01106	0.00758	0.01025
40	0.03052	0.01272	0.01684	0.01359	0.01873	0.01124	0.01097	0.03414	0.02401	0.43655	0.15757	0.03740	0.03424	0.01216	0.00873	0.00262	0.00629	0.01013	0.10900	0.01257
41	0.02401	0.27687	0.25442	0.01990	0.02916	0.02735	0.02154	0.19072	0.02451	0.03273	0.01586	0.01752	0.01217	0.00860	0.00743	0.00240	0.01067	0.00619	0.00512	0.01282
42	0.01973	0.01600	0.01995	0.01571	0.02092	0.01574	0.01273	0.04485	0.03831	0.06759	0.03896	0.02248	0.01677	0.01374	0.05987	0.00303	0.15495	0.00688	0.00561	0.40618
43	0.12429	0.24318	0.06068	0.07591	0.08528	0.10704	0.01721	0.09332	0.02158	0.07427	0.01579	0.01789	0.01242	0.00850	0.00713	0.00237	0.01016	0.00610	0.00520	0.01170
44	0.02107	0.37041	0.22242	0.02228	0.03160	0.02782	0.14095	0.02693	0.01851	0.02411	0.01428	0.01723	0.01157	0.00768	0.00734	0.00235	0.01146	0.00633	0.00386	0.01181
45	0.01520	0.00969	0.01178	0.01080	0.01382	0.00853	0.00826	0.01852	0.02296	0.11293	0.35261	0.06730	0.27777	0.01845	0.01009	0.00281	0.00467	0.01580	0.00921	0.00880

[dist]
# distance from previous block
# <min> <max>
5	10

[block]
# block no. 5 follows, 20 sequences, length 76
# corresponding to MSA columns:
# 442-517
name=unknown_F
#
# <colnr> <probs for GDERKNQSTAVLIFYWHMCP>
#	G	D	E	R	K	N	Q	S	T	A	V	L	I	F	Y	W	H	M	C	P
0	0.02562	0.01558	0.02327	0.35707	0.04195	0.01712	0.01884	0.03239	0.08096	0.26057	0.02470	0.02663	0.01692	0.00982	0.00876	0.00283	0.00956	0.00835	0.00701	0.01206
1	0.02439	0.57268	0.09621	0.01586	0.02373	0.03109	0.01624	0.02789	0.01851	0.08368	0.01467	0.01595	0.01222	0.00787	0.00615	0.00203	0.00945	0.00523	0.00443	0.01171
2	0.12824	0.02077	0.08294	0.01735	0.02288	0.07216	0.01523	0.03299	0.02039	0.31321	0.02368	0.02511	0.01696	0.04896	0.01335	0.00317	0.11534	0.00776	0.00739	0.01213
3	0.03295	0.01954	0.02238	0.01737	0.02386	0.02014	0.01428	0.35324	0.03333	0.25658	0.03237	0.03029	0.07932	0.01175	0.00890	0.00268	0.00832	0.00923	0.00938	0.01409
4	0.01496	0.00918	0.01176	0.01171	0.01393	0.00826	0.00854	0.01765	0.02081	0.11040	0.23570	0.30952	0.15151	0.02131	0.01042	0.00309	0.00498	0.01881	0.00893	0.00853
5	0.02950	0.01688	0.02335	0.01907	0.02257	0.01950	0.01583	0.03217	0.01939	0.34524	0.02338	0.02459	0.01672	0.01294	0.01831	0.00324	0.32935	0.00823	0.00744	0.01230
6	0.01086	0.00777	0.01033	0.01199	0.01270	0.00724	0.00812	0.01273	0.01778	0.02398	0.12712	0.60383	0.06101	0.02605	0.01102	0.00343	0.00493	0.02358	0.00830	0.00724
7	0.01194	0.00900	0.01118	0.01226	0.01363	0.00873	0.00856	0.01618	0.07879	0.02552	0.12940	0.48507	0.10877	0.02404	0.01072	0.00332	0.00506	0.02152	0.00838	0.00794
8	0.03626	0.01945	0.02309	0.01771	0.02457	0.01966	0.01463	0.31513	0.03268	0.36156	0.02794	0.02549	0.01835	0.01064	0.00875	0.00266	0.00847	0.00833	0.00980	0.01484
9	0.08614	0.01915	0.01977	0.01744	0.02262	0.02205	0.01371	0.10099	0.51247	0.03857	0.03203	0.02980	0.02396	0.01138	0.00856	0.00290	0.00716	0.00922	0.00856	0.01353
10	0.01625	0.01516	0.02548	0.63562	0.05759	0.01891	0.02348	0.02191	0.01725	0.02217	0.01594	0.02387	0.01220	0.01190	0.04512	0.00353	0.01228	0.00784	0.00392	0.00958
