[name]
unknown

[dist]
# distance from previous block
# <min> <max>
0	271

[block]
# block no. 0 follows, 21 sequences, length 50
# corresponding to MSA columns:
# 335-384
name=unknown_A
#
# <colnr> <probs for GDERKNQSTAVLIFYWHMCP>
#	G	D	E	R	K	N	Q	S	T	A	V	L	I	F	Y	W	H	M	C	P
0	0.01223	0.01168	0.06631	0.01200	0.01489	0.00896	0.01017	0.01635	0.02222	0.03089	0.45103	0.11034	0.13211	0.01808	0.01003	0.00283	0.00506	0.04804	0.00852	0.00823
1	0.01125	0.00867	0.01028	0.00987	0.01223	0.00769	0.00741	0.01453	0.02222	0.02968	0.42110	0.07088	0.30532	0.01906	0.01005	0.00276	0.00413	0.01642	0.00878	0.00769
2	0.01965	0.01948	0.06931	0.15244	0.10822	0.01991	0.01809	0.05683	0.33189	0.03123	0.02939	0.03000	0.05483	0.01071	0.00863	0.00280	0.00846	0.00911	0.00672	0.01230
3	0.03179	0.04056	0.02412	0.02192	0.02631	0.66676	0.01644	0.03398	0.02412	0.02083	0.01315	0.01535	0.01096	0.00877	0.00767	0.00219	0.01535	0.00548	0.00438	0.00987
4	0.02420	0.59977	0.04132	0.01574	0.02256	0.13477	0.01486	0.02684	0.01838	0.02015	0.01204	0.01392	0.01093	0.00752	0.00581	0.00188	0.01010	0.00470	0.00376	0.01075
5	0.76103	0.01646	0.01251	0.01119	0.01646	0.01909	0.00922	0.02502	0.01448	0.03818	0.01185	0.01382	0.00922	0.00790	0.00527	0.00263	0.00658	0.00461	0.00527	0.00922
6	0.02099	0.07965	0.10412	0.02353	0.13149	0.02073	0.01777	0.03349	0.26009	0.06257	0.02440	0.02536	0.01875	0.01015	0.00965	0.00269	0.06498	0.00803	0.06917	0.01238
7	0.01985	0.22168	0.02665	0.08588	0.02491	0.01889	0.01300	0.02350	0.01775	0.05055	0.01490	0.01747	0.01231	0.00701	0.00638	0.00166	0.00773	0.00531	0.00471	0.41988
8	0.02114	0.17136	0.34312	0.02337	0.03340	0.02307	0.12446	0.07815	0.02041	0.06067	0.01630	0.01872	0.01202	0.00808	0.00794	0.00253	0.01162	0.00681	0.00451	0.01232
9	0.02618	0.02746	0.02511	0.14619	0.03161	0.26866	0.01820	0.15790	0.02395	0.02816	0.01472	0.01854	0.01185	0.01032	0.01226	0.00271	0.15368	0.00677	0.00504	0.01069
10	0.01777	0.01575	0.01591	0.01658	0.01915	0.12149	0.01370	0.06436	0.02150	0.02635	0.03806	0.14445	0.04083	0.02039	0.01073	0.00347	0.00889	0.38475	0.00731	0.00857
11	0.01174	0.01437	0.11328	0.01219	0.01629	0.00986	0.01132	0.01547	0.01869	0.02423	0.12213	0.06161	0.37946	0.02610	0.12056	0.00465	0.00872	0.01434	0.00680	0.00820
12	0.01733	0.01733	0.03320	0.15063	0.13834	0.01736	0.25722	0.02264	0.01873	0.02525	0.02402	0.14223	0.02312	0.01217	0.00978	0.00300	0.01096	0.06123	0.00510	0.01035
13	0.01037	0.00741	0.00987	0.01185	0.01234	0.00691	0.00790	0.01185	0.01629	0.02172	0.04690	0.69537	0.05629	0.02666	0.01086	0.00346	0.00494	0.02419	0.00790	0.00691
14	0.01370	0.01089	0.01268	0.01244	0.01527	0.01087	0.00980	0.02137	0.14939	0.02961	0.24291	0.06829	0.22456	0.01852	0.01008	0.00301	0.00539	0.12383	0.00851	0.00889
15	0.30793	0.01711	0.01730	0.01511	0.01991	0.01966	0.01215	0.03484	0.26217	0.11606	0.02372	0.02336	0.01762	0.01030	0.00899	0.00283	0.06480	0.00737	0.00718	0.01161
16	0.01037	0.00741	0.00987	0.01185	0.01234	0.00691	0.00790	0.01185	0.01629	0.02172	0.04690	0.69537	0.05629	0.02666	0.01086	0.00346	0.00494	0.02419	0.00790	0.00691
17	0.02106	0.02022	0.03454	0.05223	0.64784	0.02022	0.02612	0.02612	0.01938	0.02780	0.01601	0.02106	0.01348	0.00758	0.00842	0.00253	0.01011	0.00758	0.00421	0.01348
18	0.02763	0.03111	0.07688	0.02043	0.02577	0.32596	0.01719	0.19032	0.02716	0.03108	0.02070	0.03056	0.01831	0.01159	0.00863	0.00263	0.01221	0.10481	0.00603	0.01101
19	0.01031	0.00830	0.00920	0.00968	0.01183	0.00718	0.00699	0.01244	0.01895	0.02359	0.12270	0.24767	0.43617	0.02259	0.01028	0.00302	0.00446	0.01944	0.00803	0.00718
20	0.01232	0.00833	0.00963	0.00952	0.00986	0.00821	0.00564	0.01300	0.01435	0.01947	0.13078	0.05702	0.03926	0.58566	0.03770	0.00731	0.00754	0.01288	0.00587	0.00564
21	0.07426	0.01975	0.02286	0.01782	0.02388	0.02117	0.01473	0.33568	0.03087	0.25657	0.02368	0.02284	0.01616	0.01059	0.01001	0.00269	0.06631	0.00778	0.00862	0.01374
22	0.02194	0.02011	0.03267	0.16345	0.38064	0.02112	0.07452	0.12545	0.02247	0.03097	0.01669	0.02142	0.01320	0.00817	0.00859	0.00262	0.01058	0.00780	0.00486	0.01272
23	0.02009	0.02296	0.05022	0.03587	0.04448	0.02152	0.61693	0.02726	0.02009	0.02726	0.01722	0.02296	0.01291	0.00717	0.01004	0.00287	0.01435	0.01004	0.00430	0.01148
24	0.01037	0.00741	0.00987	0.01185	0.01234	0.00691	0.00790	0.01185	0.01629	0.02172	0.04690	0.69537	0.05629	0.02666	0.01086	0.00346	0.00494	0.02419	0.00790	0.00691
25	0.01765	0.01513	0.01765	0.01260	0.02017	0.01134	0.01008	0.02143	0.01765	0.02773	0.01513	0.01765	0.01260	0.00630	0.00630	0.00126	0.00630	0.00504	0.00504	0.75295
26	0.02022	0.01936	0.03302	0.15817	0.54847	0.02000	0.02570	0.02538	0.01898	0.02678	0.01586	0.02134	0.01312	0.00774	0.00844	0.00258	0.01032	0.00758	0.00414	0.01280
27	0.01371	0.00980	0.01371	0.01567	0.01763	0.00980	0.01371	0.01763	0.01959	0.02547	0.04506	0.09599	0.04898	0.02351	0.01175	0.00392	0.00784	0.59056	0.00784	0.00784
28	0.01765	0.01513	0.01765	0.01260	0.02017	0.01134	0.01008	0.02143	0.01765	0.02773	0.01513	0.01765	0.01260	0.00630	0.00630	0.00126	0.00630	0.00504	0.00504	0.75295
29	0.01985	0.01898	0.03235	0.20506	0.50450	0.01990	0.02551	0.02505	0.01880	0.02633	0.01579	0.02146	0.01296	0.00781	0.00845	0.00260	0.01041	0.00758	0.00411	0.01250
30	0.01922	0.03995	0.55263	0.02315	0.03466	0.01990	0.02861	0.06459	0.05433	0.05847	0.01754	0.01941	0.01235	0.00852	0.00817	0.00269	0.01180	0.00667	0.00450	0.01283
31	0.01216	0.00912	0.01368	0.01368	0.01520	0.01064	0.01064	0.01520	0.01368	0.01976	0.02279	0.03343	0.02127	0.06382	0.66720	0.01368	0.02279	0.00912	0.00456	0.00760
32	0.01006	0.00862	0.00862	0.00862	0.01149	0.00718	0.00647	0.01221	0.01940	0.02299	0.08621	0.08190	0.64438	0.02155	0.01006	0.00287	0.00431	0.01796	0.00790	0.00718
33	0.01901	0.01027	0.01343	0.01174	0.01507	0.00918	0.00912	0.02267	0.02377	0.20219	0.43029	0.05567	0.11146	0.01587	0.00964	0.00268	0.00492	0.01374	0.00956	0.00972
34	0.01607	0.01513	0.02552	0.68047	0.05861	0.01891	0.02363	0.02174	0.01702	0.02174	0.01513	0.02269	0.01134	0.00851	0.00851	0.00284	0.01134	0.00756	0.00378	0.00945
35	0.01037	0.00741	0.00987	0.01185	0.01234	0.00691	0.00790	0.01185	0.01629	0.02172	0.04690	0.69537	0.05629	0.02666	0.01086	0.00346	0.00494	0.02419	0.00790	0.00691
36	0.01188	0.00869	0.01114	0.01053	0.01261	0.00796	0.00790	0.01573	0.02369	0.03318	0.59613	0.06512	0.12810	0.01775	0.01004	0.00269	0.00404	0.01561	0.00924	0.00796
37	0.01225	0.00820	0.00932	0.00944	0.00947	0.00817	0.00532	0.01234	0.01261	0.01682	0.02803	0.09448	0.03248	0.66004	0.04135	0.00796	0.00805	0.01309	0.00532	0.00526
38	0.02275	0.70604	0.04459	0.01456	0.02184	0.03367	0.01456	0.02548	0.01729	0.02002	0.01183	0.01365	0.01092	0.00728	0.00546	0.00182	0.00910	0.00455	0.00364	0.01092
39	0.01748	0.01688	0.02954	0.49126	0.18417	0.01941	0.07394	0.02315	0.01778	0.02351	0.01549	0.02236	0.01194	0.00820	0.00862	0.00277	0.01133	0.00778	0.00392	0.01049
40	0.02277	0.02571	0.02573	0.36402	0.09613	0.27746	0.02098	0.02700	0.02005	0.02190	0.01441	0.01962	0.01137	0.00853	0.00817	0.00255	0.01284	0.00673	0.00406	0.00996
41	0.01862	0.01862	0.02607	0.02234	0.02234	0.02607	0.01862	0.02048	0.01303	0.02048	0.01117	0.01862	0.01117	0.01489	0.02793	0.00372	0.68535	0.00745	0.00372	0.00931
42	0.01862	0.02039	0.08147	0.21324	0.10440	0.02153	0.09156	0.02685	0.11773	0.02546	0.01772	0.02265	0.01407	0.01026	0.01337	0.00302	0.17393	0.00806	0.00466	0.01102
43	0.03269	0.02596	0.02487	0.01965	0.02603	0.13335	0.01595	0.47787	0.03617	0.09260	0.02018	0.02021	0.01437	0.01000	0.00837	0.00250	0.01022	0.00736	0.00797	0.01370
44	0.01164	0.00853	0.01118	0.01266	0.01414	0.00807	0.00978	0.01428	0.01850	0.02417	0.09621	0.34442	0.14142	0.02410	0.01100	0.00348	0.00581	0.22524	0.00799	0.00737
45	0.01932	0.01024	0.01351	0.01243	0.01558	0.00921	0.00965	0.02252	0.02205	0.21026	0.26656	0.16617	0.10415	0.01786	0.00989	0.00292	0.00546	0.06338	0.00920	0.00962
46	0.01051	0.00816	0.00957	0.01022	0.01203	0.00722	0.00729	0.01272	0.01899	0.02438	0.16493	0.31659	0.32131	0.02283	0.01037	0.00307	0.00450	0.01994	0.00815	0.00722
47	0.01170	0.00838	0.01053	0.01203	0.01300	0.00821	0.00823	0.01530	0.06912	0.02365	0.04444	0.58939	0.05114	0.02413	0.01031	0.00330	0.00502	0.02174	0.06285	0.00755
48	0.02213	0.02165	0.03125	0.19708	0.33637	0.08753	0.05926	0.09043	0.02158	0.02838	0.01605	0.02091	0.01277	0.00819	0.00848	0.00259	0.01113	0.00752	0.00460	0.01212
49	0.08136	0.12884	0.02844	0.02672	0.18231	0.25288	0.01751	0.06274	0.02173	0.05912	0.01518	0.01756	0.01229	0.00822	0.00737	0.00225	0.01116	0.00607	0.00489	0.05338

[dist]
# distance from previous block
# <min> <max>
1	9

[block]
# block no. 1 follows, 21 sequences, length 47
# corresponding to MSA columns:
# 394-440
name=unknown_B
#
# <colnr> <probs for GDERKNQSTAVLIFYWHMCP>
#	G	D	E	R	K	N	Q	S	T	A	V	L	I	F	Y	W	H	M	C	P
0	0.01700	0.02320	0.19260	0.16196	0.03264	0.01956	0.02094	0.02512	0.10313	0.02588	0.07427	0.05994	0.02162	0.01205	0.01325	0.00303	0.16909	0.00903	0.00511	0.01057
1	0.01213	0.00925	0.01136	0.01045	0.01312	0.00815	0.00789	0.01574	0.02255	0.03127	0.47292	0.06327	0.19048	0.01727	0.00971	0.00259	0.00428	0.01500	0.00868	0.07387
2	0.01059	0.00864	0.00935	0.00918	0.01182	0.00741	0.00688	0.01324	0.02065	0.02595	0.23443	0.07702	0.49432	0.02045	0.01005	0.00282	0.00423	0.01728	0.00829	0.00741
3	0.76103	0.01646	0.01251	0.01119	0.01646	0.01909	0.00922	0.02502	0.01448	0.03818	0.01185	0.01382	0.00922	0.00790	0.00527	0.00263	0.00658	0.00461	0.00527	0.00922
4	0.71503	0.01692	0.01333	0.01172	0.01708	0.01955	0.00966	0.06255	0.01609	0.03916	0.01239	0.01424	0.00955	0.00805	0.00547	0.00263	0.00676	0.00480	0.00547	0.00955
5	0.01006	0.00862	0.00862	0.00862	0.01149	0.00718	0.00647	0.01221	0.01940	0.02299	0.08621	0.08190	0.64438	0.02155	0.01006	0.00287	0.00431	0.01796	0.00790	0.00718
6	0.01800	0.01133	0.01166	0.01089	0.01382	0.01219	0.00836	0.05446	0.17657	0.03375	0.02918	0.03120	0.02254	0.01035	0.00676	0.00224	0.00493	0.00835	0.52376	0.00966
7	0.01216	0.00912	0.01368	0.01368	0.01520	0.01064	0.01064	0.01520	0.01368	0.01976	0.02279	0.03343	0.02127	0.06382	0.66720	0.01368	0.02279	0.00912	0.00456	0.00760
8	0.01607	0.01513	0.02552	0.68047	0.05861	0.01891	0.02363	0.02174	0.01702	0.02174	0.01513	0.02269	0.01134	0.00851	0.00851	0.00284	0.01134	0.00756	0.00378	0.00945
9	0.02196	0.01432	0.01752	0.01371	0.01996	0.01183	0.01105	0.05372	0.02027	0.16643	0.02463	0.08232	0.02127	0.01057	0.00775	0.00203	0.00668	0.05808	0.00690	0.42902
10	0.01234	0.00838	0.00993	0.00993	0.01015	0.00860	0.00597	0.01279	0.01257	0.01698	0.02622	0.05241	0.02951	0.60694	0.13535	0.00905	0.01040	0.01189	0.00507	0.00552
11	0.01561	0.02045	0.17793	0.01851	0.07599	0.01292	0.01613	0.02069	0.01877	0.02765	0.12967	0.13932	0.03128	0.01219	0.00835	0.00234	0.00759	0.01058	0.00583	0.24822
12	0.02260	0.08656	0.33612	0.02333	0.09072	0.01953	0.02336	0.07945	0.02123	0.13386	0.04254	0.02170	0.01582	0.00885	0.00803	0.00253	0.01032	0.00707	0.00552	0.04085
13	0.02210	0.02472	0.02643	0.13345	0.03279	0.26056	0.12916	0.02627	0.02095	0.02343	0.02283	0.03970	0.02162	0.01239	0.00935	0.00289	0.01247	0.16413	0.00520	0.00955
14	0.02037	0.02175	0.02869	0.23719	0.09224	0.13041	0.07936	0.02432	0.01743	0.02226	0.01379	0.02002	0.01157	0.01041	0.01481	0.00299	0.23097	0.00742	0.00395	0.01003
15	0.01238	0.00825	0.00928	0.00928	0.00928	0.00825	0.00516	0.01238	0.01238	0.01650	0.02681	0.05569	0.03094	0.70092	0.04331	0.00825	0.00825	0.01238	0.00516	0.00516
16	0.28076	0.01419	0.01587	0.01305	0.01841	0.01400	0.01063	0.03158	0.02094	0.33937	0.12856	0.02960	0.02696	0.01079	0.00768	0.00264	0.00647	0.00836	0.00854	0.01160
17	0.01707	0.04402	0.65683	0.02426	0.03683	0.01976	0.03144	0.02695	0.01797	0.02695	0.01527	0.01797	0.01078	0.00809	0.00809	0.00270	0.01258	0.00629	0.00359	0.01258
18	0.01006	0.00862	0.00862	0.00862	0.01149	0.00718	0.00647	0.01221	0.01940	0.02299	0.08621	0.08190	0.64438	0.02155	0.01006	0.00287	0.00431	0.01796	0.00790	0.00718
19	0.03379	0.01351	0.01834	0.01440	0.02021	0.01176	0.01176	0.03721	0.02431	0.54967	0.13598	0.03478	0.03101	0.01169	0.00881	0.00264	0.00670	0.00971	0.01034	0.01340
20	0.01238	0.00825	0.00928	0.00928	0.00928	0.00825	0.00516	0.01238	0.01238	0.01650	0.02681	0.05569	0.03094	0.70092	0.04331	0.00825	0.00825	0.01238	0.00516	0.00516
21	0.01586	0.00793	0.00793	0.00793	0.00991	0.00793	0.00595	0.01983	0.01785	0.03173	0.02776	0.03173	0.02181	0.00991	0.00595	0.00198	0.00397	0.00793	0.74817	0.00793
22	0.03532	0.01512	0.01966	0.01551	0.02179	0.01396	0.01267	0.04210	0.12648	0.54992	0.03375	0.02943	0.02189	0.01070	0.00857	0.00268	0.00716	0.00874	0.01022	0.01431
23	0.01110	0.00866	0.01007	0.00972	0.01214	0.00763	0.00729	0.01423	0.02186	0.02884	0.37907	0.07226	0.34787	0.01937	0.01005	0.00277	0.00416	0.01661	0.00867	0.00763
24	0.02981	0.02852	0.02196	0.01930	0.02423	0.33372	0.01500	0.08730	0.15024	0.13464	0.02331	0.02562	0.01802	0.01052	0.00831	0.00253	0.01130	0.03713	0.00684	0.01169
25	0.03481	0.01595	0.02018	0.01590	0.02221	0.01519	0.01299	0.09332	0.12787	0.49674	0.03259	0.02868	0.02131	0.01067	0.00857	0.00267	0.00734	0.00866	0.01004	0.01431
26	0.03057	0.13983	0.02771	0.01859	0.02500	0.12175	0.01549	0.35383	0.06296	0.09300	0.01974	0.01984	0.01450	0.00960	0.00789	0.00240	0.00990	0.00699	0.00726	0.01314
27	0.02022	0.17982	0.30029	0.02252	0.03087	0.02464	0.08047	0.07805	0.01912	0.02672	0.01446	0.01784	0.01141	0.00919	0.01117	0.00269	0.12809	0.00659	0.00413	0.01171
28	0.02009	0.02296	0.05022	0.03587	0.04448	0.02152	0.61693	0.02726	0.02009	0.02726	0.01722	0.02296	0.01291	0.00717	0.01004	0.00287	0.01435	0.01004	0.00430	0.01148
29	0.01171	0.00869	0.01091	0.01036	0.01251	0.00789	0.00777	0.01541	0.02330	0.03226	0.54978	0.06665	0.17503	0.01810	0.01004	0.00271	0.00406	0.01582	0.00912	0.00789
30	0.02147	0.02185	0.03392	0.07518	0.46204	0.07660	0.07691	0.02623	0.01922	0.02627	0.01543	0.02061	0.01292	0.00829	0.01010	0.00264	0.06607	0.00761	0.00418	0.01246
31	0.76103	0.01646	0.01251	0.01119	0.01646	0.01909	0.00922	0.02502	0.01448	0.03818	0.01185	0.01382	0.00922	0.00790	0.00527	0.00263	0.00658	0.00461	0.00527	0.00922
32	0.01219	0.00897	0.01294	0.01294	0.01420	0.01024	0.00972	0.01472	0.01346	0.01921	0.02347	0.03717	0.02290	0.17082	0.56242	0.01277	0.02035	0.00966	0.00466	0.00719
33	0.76103	0.01646	0.01251	0.01119	0.01646	0.01909	0.00922	0.02502	0.01448	0.03818	0.01185	0.01382	0.00922	0.00790	0.00527	0.00263	0.00658	0.00461	0.00527	0.00922
34	0.02284	0.01911	0.02018	0.01766	0.02277	0.02195	0.01387	0.13093	0.54403	0.03829	0.03252	0.03006	0.02426	0.01135	0.00864	0.00284	0.00713	0.00933	0.00864	0.01362
35	0.01741	0.01650	0.02795	0.51141	0.21717	0.01926	0.02430	0.02292	0.01765	0.02337	0.01536	0.02225	0.01192	0.00826	0.00849	0.00275	0.01101	0.00757	0.00390	0.01054
36	0.01037	0.00741	0.00987	0.01185	0.01234	0.00691	0.00790	0.01185	0.01629	0.02172	0.04690	0.69537	0.05629	0.02666	0.01086	0.00346	0.00494	0.02419	0.00790	0.00691
37	0.01371	0.00980	0.01371	0.01567	0.01763	0.00980	0.01371	0.01763	0.01959	0.02547	0.04506	0.09599	0.04898	0.02351	0.01175	0.00392	0.00784	0.59056	0.00784	0.00784
38	0.03179	0.04056	0.02412	0.02192	0.02631	0.66676	0.01644	0.03398	0.02412	0.02083	0.01315	0.01535	0.01096	0.00877	0.00767	0.00219	0.01535	0.00548	0.00438	0.00987
39	0.01626	0.01785	0.07761	0.01969	0.02094	0.02035	0.01687	0.01873	0.01435	0.02139	0.02115	0.20067	0.02328	0.01746	0.02158	0.00356	0.44263	0.01185	0.00484	0.00895
40	0.01060	0.00754	0.00993	0.01162	0.01218	0.00706	0.00774	0.01215	0.01655	0.02219	0.08334	0.61669	0.05626	0.06697	0.01278	0.00370	0.00508	0.02292	0.00783	0.00688
41	0.02106	0.02022	0.03454	0.05223	0.64784	0.02022	0.02612	0.02612	0.01938	0.02780	0.01601	0.02106	0.01348	0.00758	0.00842	0.00253	0.01011	0.00758	0.00421	0.01348
42	0.01828	0.09200	0.37686	0.02483	0.10000	0.05841	0.02520	0.02544	0.01874	0.02580	0.02043	0.03220	0.01816	0.01085	0.00855	0.00280	0.01129	0.11416	0.00450	0.01150
43	0.01409	0.01387	0.05807	0.01658	0.01891	0.01443	0.04412	0.01746	0.01530	0.02206	0.07792	0.03475	0.05437	0.06406	0.34869	0.00870	0.15354	0.00975	0.00493	0.00839
44	0.10367	0.01107	0.01374	0.01227	0.01575	0.01041	0.00947	0.02390	0.02178	0.21639	0.29126	0.15382	0.05070	0.01585	0.00920	0.00279	0.00542	0.01363	0.00901	0.00989
45	0.02060	0.01674	0.02695	0.03769	0.42155	0.01629	0.02001	0.02503	0.02068	0.09869	0.12254	0.03400	0.08072	0.01069	0.00884	0.00259	0.00832	0.00984	0.00606	0.01218
46	0.05667	0.02066	0.05375	0.15331	0.03147	0.07261	0.05288	0.05723	0.29420	0.05441	0.02702	0.02770	0.04014	0.01035	0.00848	0.00277	0.00915	0.00866	0.00668	0.01185

[dist]
# distance from previous block
# <min> <max>
0	1

[block]
# block no. 2 follows, 21 sequences, length 80
# corresponding to MSA columns:
# 442-521
name=unknown_C
#
# <colnr> <probs for GDERKNQSTAVLIFYWHMCP>
#	G	D	E	R	K	N	Q	S	T	A	V	L	I	F	Y	W	H	M	C	P
0	0.42422	0.08658	0.02015	0.14527	0.02673	0.10048	0.01383	0.02535	0.01639	0.03036	0.01263	0.01592	0.01009	0.00833	0.00708	0.00258	0.03446	0.00540	0.00465	0.00951
1	0.01052	0.00835	0.00945	0.00978	0.01193	0.00729	0.00711	0.01289	0.01960	0.02489	0.18699	0.22039	0.39690	0.02192	0.01024	0.00297	0.00440	0.01890	0.00819	0.00729
2	0.09399	0.02656	0.17354	0.06128	0.03042	0.05700	0.07894	0.12714	0.20032	0.03421	0.02147	0.02261	0.01590	0.00939	0.00825	0.00272	0.01004	0.00772	0.00614	0.01236
3	0.01533	0.01388	0.01880	0.01729	0.01833	0.03981	0.01391	0.01789	0.01380	0.02007	0.01799	0.02711	0.01703	0.04310	0.39848	0.00945	0.27681	0.00835	0.00423	0.00834
4	0.01264	0.00856	0.01016	0.01054	0.01093	0.00856	0.00684	0.01341	0.01380	0.01827	0.03041	0.06364	0.03450	0.56732	0.03709	0.00740	0.00817	0.12641	0.00569	0.00569
5	0.01110	0.00879	0.01116	0.01211	0.01312	0.00885	0.00861	0.01278	0.01671	0.02190	0.05267	0.48478	0.19041	0.02431	0.01234	0.00335	0.07123	0.02109	0.00749	0.00721
6	0.02117	0.01828	0.01924	0.01732	0.02213	0.02117	0.01347	0.04522	0.63246	0.03560	0.03464	0.03175	0.02598	0.01155	0.00866	0.00289	0.00673	0.00962	0.00866	0.01347
7	0.01216	0.00912	0.01368	0.01368	0.01520	0.01064	0.01064	0.01520	0.01368	0.01976	0.02279	0.03343	0.02127	0.06382	0.66720	0.01368	0.02279	0.00912	0.00456	0.00760
8	0.03818	0.01448	0.01975	0.01514	0.02172	0.01251	0.01251	0.04147	0.02436	0.65373	0.03357	0.02897	0.02107	0.01053	0.00856	0.00263	0.00724	0.00856	0.01053	0.01448
9	0.02275	0.70604	0.04459	0.01456	0.02184	0.03367	0.01456	0.02548	0.01729	0.02002	0.01183	0.01365	0.01092	0.00728	0.00546	0.00182	0.00910	0.00455	0.00364	0.01092
10	0.02889	0.04124	0.14891	0.02238	0.02838	0.53915	0.01940	0.03260	0.02290	0.02204	0.01357	0.01586	0.01093	0.00863	0.00775	0.00229	0.01480	0.00564	0.00423	0.01040
11	0.01603	0.01532	0.01574	0.01530	0.01739	0.14005	0.01178	0.01890	0.01574	0.01997	0.02089	0.02987	0.01924	0.05297	0.53712	0.01141	0.02133	0.00840	0.00452	0.00805
12	0.03818	0.01448	0.01975	0.01514	0.02172	0.01251	0.01251	0.04147	0.02436	0.65373	0.03357	0.02897	0.02107	0.01053	0.00856	0.00263	0.00724	0.00856	0.01053	0.01448
13	0.01223	0.01091	0.01373	0.01722	0.13700	0.00976	0.01034	0.01496	0.01939	0.02394	0.07236	0.06990	0.51995	0.01880	0.00974	0.00281	0.00545	0.01591	0.00717	0.00843
14	0.76103	0.01646	0.01251	0.01119	0.01646	0.01909	0.00922	0.02502	0.01448	0.03818	0.01185	0.01382	0.00922	0.00790	0.00527	0.00263	0.00658	0.00461	0.00527	0.00922
15	0.01220	0.00895	0.01281	0.01281	0.01403	0.01017	0.00956	0.01464	0.01342	0.01911	0.02359	0.03782	0.02318	0.18948	0.54415	0.01261	0.01993	0.00976	0.00468	0.00712
16	0.01238	0.00825	0.00928	0.00928	0.00928	0.00825	0.00516	0.01238	0.01238	0.01650	0.02681	0.05569	0.03094	0.70092	0.04331	0.00825	0.00825	0.01238	0.00516	0.00516
17	0.02243	0.01935	0.03255	0.08694	0.55076	0.01939	0.02464	0.02735	0.01972	0.08855	0.01767	0.02193	0.01409	0.00793	0.00844	0.00256	0.00991	0.00768	0.00480	0.01333
18	0.02106	0.02022	0.03454	0.05223	0.64784	0.02022	0.02612	0.02612	0.01938	0.02780	0.01601	0.02106	0.01348	0.00758	0.00842	0.00253	0.01011	0.00758	0.00421	0.01348
19	0.01994	0.02253	0.04786	0.03455	0.04232	0.02196	0.55851	0.02660	0.01940	0.02660	0.01663	0.02253	0.01274	0.00793	0.01179	0.00295	0.07987	0.00979	0.00425	0.01127
20	0.76103	0.01646	0.01251	0.01119	0.01646	0.01909	0.00922	0.02502	0.01448	0.03818	0.01185	0.01382	0.00922	0.00790	0.00527	0.00263	0.00658	0.00461	0.00527	0.00922
21	0.01238	0.00825	0.00928	0.00928	0.00928	0.00825	0.00516	0.01238	0.01238	0.01650	0.02681	0.05569	0.03094	0.70092	0.04331	0.00825	0.00825	0.01238	0.00516	0.00516
22	0.02884	0.02109	0.02282	0.01841	0.02449	0.02339	0.01491	0.36739	0.25004	0.09626	0.02657	0.02517	0.01912	0.01072	0.00857	0.00268	0.00825	0.00843	0.00873	0.01412
23	0.02027	0.02491	0.15728	0.04672	0.52733	0.02013	0.02717	0.02628	0.01910	0.02763	0.01586	0.02045	0.01295	0.00768	0.00836	0.00256	0.01060	0.00733	0.00409	0.01330
24	0.02123	0.01987	0.01788	0.01590	0.02013	0.13367	0.01229	0.11092	0.24078	0.03288	0.12863	0.04108	0.14195	0.01355	0.00892	0.00268	0.00780	0.01098	0.00784	0.01101
25	0.01102	0.00841	0.01012	0.01022	0.01222	0.00751	0.00747	0.01388	0.02089	0.02778	0.33064	0.19828	0.26929	0.02071	0.01021	0.00290	0.00430	0.01806	0.00857	0.00751
26	0.07028	0.01952	0.02324	0.01877	0.02421	0.02116	0.06738	0.35452	0.08985	0.04229	0.02623	0.15448	0.02338	0.01318	0.00893	0.00280	0.00851	0.01114	0.00783	0.01230
27	0.01341	0.01005	0.01497	0.01603	0.01807	0.00987	0.04586	0.01702	0.01897	0.02483	0.04389	0.21018	0.04843	0.02323	0.01148	0.00377	0.00762	0.44682	0.00765	0.00785
28	0.02182	0.04371	0.14599	0.01641	0.02441	0.01599	0.01573	0.08359	0.02054	0.11032	0.01777	0.01936	0.01340	0.00800	0.00810	0.00197	0.03833	0.00609	0.00570	0.38276
29	0.01897	0.01808	0.03076	0.31586	0.40058	0.01967	0.02508	0.02428	0.01839	0.02526	0.01564	0.02174	0.01258	0.00797	0.00846	0.00266	0.01063	0.00757	0.00403	0.01179
30	0.13311	0.08581	0.02494	0.02231	0.14522	0.02011	0.01524	0.16802	0.02346	0.09267	0.01747	0.01908	0.01335	0.00821	0.00722	0.00220	0.00819	0.00638	0.00611	0.18090
31	0.02232	0.02514	0.02836	0.24467	0.07346	0.24745	0.11587	0.02680	0.02040	0.02300	0.01772	0.02716	0.01523	0.00979	0.00877	0.00270	0.01283	0.06383	0.00450	0.00999
32	0.01417	0.00776	0.01149	0.01149	0.01178	0.00804	0.00790	0.01192	0.01164	0.01580	0.01686	0.02869	0.01676	0.06746	0.15338	0.57813	0.01034	0.00795	0.00393	0.00450
33	0.01610	0.01338	0.02036	0.02220	0.14110	0.01389	0.06750	0.04720	0.01644	0.02266	0.02341	0.04221	0.02407	0.31665	0.10589	0.00655	0.04119	0.04564	0.00508	0.00848
34	0.61483	0.01808	0.01376	0.01249	0.01729	0.08149	0.01006	0.02491	0.01534	0.03464	0.01307	0.01594	0.01059	0.01359	0.07179	0.00370	0.00906	0.00514	0.00511	0.00912
35	0.01182	0.00879	0.01295	0.01333	0.01465	0.00993	0.01011	0.01456	0.01418	0.02013	0.02740	0.15984	0.02796	0.05673	0.54186	0.01173	0.01938	0.01200	0.00520	0.00747
36	0.01025	0.00863	0.00889	0.00882	0.01161	0.00727	0.00662	0.01259	0.01986	0.02408	0.14061	0.08011	0.58930	0.02115	0.01006	0.00285	0.00428	0.01771	0.00805	0.00727
37	0.02106	0.02022	0.03454	0.05223	0.64784	0.02022	0.02612	0.02612	0.01938	0.02780	0.01601	0.02106	0.01348	0.00758	0.00842	0.00253	0.01011	0.00758	0.00421	0.01348
38	0.02190	0.60733	0.13588	0.01601	0.02408	0.03160	0.01708	0.02570	0.01739	0.02105	0.01234	0.01429	0.01090	0.00740	0.00585	0.00195	0.00962	0.00481	0.00363	0.01117
39	0.01216	0.00912	0.01368	0.01368	0.01520	0.01064	0.01064	0.01520	0.01368	0.01976	0.02279	0.03343	0.02127	0.06382	0.66720	0.01368	0.02279	0.00912	0.00456	0.00760
40	0.02275	0.70604	0.04459	0.01456	0.02184	0.03367	0.01456	0.02548	0.01729	0.02002	0.01183	0.01365	0.01092	0.00728	0.00546	0.00182	0.00910	0.00455	0.00364	0.01092
41	0.61726	0.01954	0.01494	0.01307	0.01841	0.08270	0.01061	0.08542	0.01797	0.03804	0.01284	0.01463	0.00991	0.00822	0.00583	0.00258	0.00771	0.00500	0.00551	0.00981
42	0.57437	0.01595	0.01438	0.01221	0.01782	0.01739	0.01007	0.02927	0.01703	0.19714	0.01746	0.01773	0.01228	0.00858	0.00612	0.00263	0.00675	0.00563	0.00663	0.01058
43	0.02101	0.01830	0.01966	0.01762	0.02214	0.02147	0.01378	0.04371	0.59468	0.03468	0.03321	0.03095	0.02507	0.01175	0.00983	0.00294	0.04813	0.00949	0.00836	0.01322
44	0.01212	0.00949	0.01242	0.01293	0.01433	0.00942	0.00938	0.01412	0.01675	0.02299	0.06851	0.47822	0.07443	0.02270	0.01204	0.00322	0.07158	0.04650	0.00727	0.08159
45	0.01418	0.01085	0.01604	0.14679	0.02571	0.01159	0.01567	0.01844	0.01908	0.02473	0.03915	0.08154	0.04155	0.02055	0.01111	0.00370	0.00853	0.47557	0.00704	0.00816
46	0.01683	0.03690	0.52885	0.02104	0.03152	0.01743	0.02641	0.02555	0.01794	0.02789	0.01774	0.02068	0.01296	0.00845	0.00766	0.00255	0.01088	0.00661	0.15045	0.01166
47	0.01586	0.00793	0.00793	0.00793	0.00991	0.00793	0.00595	0.01983	0.01785	0.03173	0.02776	0.03173	0.02181	0.00991	0.00595	0.00198	0.00397	0.00793	0.74817	0.00793
48	0.01606	0.01403	0.02347	0.01941	0.02335	0.01465	0.17417	0.02349	0.11148	0.02585	0.02507	0.06666	0.02174	0.03160	0.26841	0.00705	0.01467	0.01013	0.09914	0.00956
49	0.01081	0.00841	0.00983	0.00999	0.01209	0.00743	0.00730	0.01349	0.02043	0.02663	0.27324	0.19649	0.33118	0.02111	0.01021	0.00292	0.00433	0.01829	0.00841	0.00743
50	0.01684	0.01597	0.02213	0.01954	0.01967	0.02157	0.01579	0.01854	0.01332	0.02016	0.01685	0.08885	0.01809	0.08744	0.06309	0.00470	0.51492	0.00966	0.00432	0.00857
51	0.01829	0.01792	0.05963	0.01552	0.02251	0.01469	0.03401	0.02552	0.11043	0.02837	0.01790	0.02005	0.01443	0.00781	0.00834	0.00182	0.05209	0.00615	0.00538	0.51914
52	0.02396	0.02330	0.03317	0.02561	0.03140	0.08172	0.22728	0.16911	0.12114	0.03310	0.01938	0.02236	0.01489	0.00999	0.01218	0.00288	0.12205	0.00858	0.00590	0.01200
53	0.01077	0.00862	0.00947	0.00927	0.01173	0.00749	0.00685	0.01336	0.02039	0.02592	0.24722	0.07505	0.44419	0.05782	0.01189	0.00311	0.00444	0.01689	0.00818	0.00732
54	0.02740	0.25945	0.03030	0.01856	0.02422	0.39216	0.01520	0.02993	0.02121	0.02123	0.01291	0.01501	0.01111	0.00803	0.00680	0.00198	0.01239	0.00513	0.00420	0.08277
55	0.01219	0.00899	0.01305	0.01305	0.01436	0.01030	0.00986	0.01480	0.01349	0.01929	0.02337	0.03659	0.02265	0.15430	0.57860	0.01291	0.02073	0.00958	0.00464	0.00725
56	0.01428	0.01202	0.01760	0.08059	0.02244	0.01254	0.07205	0.02129	0.13473	0.02530	0.03832	0.37747	0.04108	0.01975	0.01022	0.00327	0.00713	0.07368	0.00728	0.00896
57	0.02063	0.21860	0.05396	0.31586	0.10046	0.11066	0.02058	0.02508	0.01832	0.02190	0.01400	0.01878	0.01136	0.00809	0.00750	0.00242	0.01116	0.00637	0.00386	0.01043
58	0.01235	0.01058	0.01424	0.01250	0.01573	0.00965	0.06701	0.01686	0.05496	0.02804	0.27353	0.06690	0.34924	0.01813	0.00997	0.00280	0.00532	0.01582	0.00811	0.00825
59	0.02223	0.01646	0.01946	0.07997	0.02503	0.01671	0.01331	0.03531	0.29744	0.12639	0.02679	0.02626	0.01984	0.00954	0.00793	0.00236	0.00713	0.00790	0.00740	0.23254
60	0.02353	0.07014	0.23778	0.02154	0.02986	0.02172	0.08038	0.24569	0.02639	0.05960	0.02093	0.08530	0.01718	0.01063	0.00857	0.00268	0.01041	0.00889	0.00617	0.01259
61	0.01238	0.00908	0.01202	0.01355	0.01536	0.00872	0.01112	0.01552	0.01910	0.02470	0.07874	0.21289	0.14779	0.02356	0.01122	0.00360	0.00651	0.35866	0.00793	0.00755
62	0.01171	0.00862	0.01075	0.01079	0.01261	0.00796	0.00802	0.01474	0.02087	0.02828	0.36250	0.13102	0.17385	0.08642	0.01354	0.00346	0.00496	0.07403	0.00839	0.00747
63	0.16804	0.02071	0.08858	0.05109	0.02832	0.02083	0.13091	0.02655	0.01704	0.12247	0.01644	0.02019	0.01259	0.01044	0.01431	0.00304	0.22502	0.00744	0.00517	0.01082
64	0.02468	0.01745	0.02791	0.21696	0.07150	0.01751	0.12950	0.03005	0.05955	0.19845	0.03057	0.03308	0.07890	0.01143	0.00970	0.00310	0.01020	0.00998	0.00710	0.01237
65	0.02009	0.02296	0.05022	0.03587	0.04448	0.02152	0.61693	0.02726	0.02009	0.02726	0.01722	0.02296	0.01291	0.00717	0.01004	0.00287	0.01435	0.01004	0.00430	0.01148
66	0.01791	0.01623	0.02597	0.58518	0.08431	0.01970	0.02303	0.08032	0.01938	0.02515	0.01569	0.02239	0.01175	0.00863	0.00850	0.00279	0.01109	0.00757	0.00426	0.01014
67	0.02246	0.06151	0.21098	0.03150	0.21453	0.07206	0.08160	0.04904	0.02056	0.08915	0.01897	0.02443	0.01507	0.00903	0.00848	0.00264	0.01117	0.03941	0.00501	0.01243
68	0.01982	0.01194	0.01578	0.01649	0.07022	0.01187	0.01125	0.02427	0.07911	0.16156	0.03161	0.07233	0.03002	0.24637	0.06092	0.00543	0.00874	0.10575	0.00711	0.00941
69	0.01051	0.00840	0.00941	0.00967	0.01190	0.00730	0.00706	0.01290	0.01971	0.02494	0.18831	0.19975	0.41668	0.02174	0.01021	0.00295	0.00438	0.01869	0.00819	0.00730
70	0.01492	0.01192	0.01941	0.08186	0.02337	0.01271	0.08731	0.01845	0.01711	0.05242	0.05348	0.19918	0.03317	0.02959	0.17723	0.00592	0.05322	0.09405	0.00612	0.00857
71	0.02189	0.16045	0.19346	0.15226	0.03689	0.02325	0.10772	0.11931	0.02173	0.06056	0.01659	0.01972	0.01233	0.00834	0.00803	0.00255	0.01113	0.00707	0.00487	0.01187
72	0.01814	0.08778	0.07628	0.25748	0.24585	0.01986	0.05267	0.02328	0.01799	0.02426	0.01829	0.08622	0.01642	0.00974	0.00845	0.00268	0.01033	0.00892	0.00432	0.01104
73	0.01294	0.00900	0.01004	0.00988	0.01269	0.00770	0.00736	0.01519	0.01962	0.08459	0.10302	0.17441	0.46078	0.02109	0.01004	0.00293	0.00468	0.01792	0.00823	0.00789
74	0.02386	0.01823	0.03145	0.13760	0.11398	0.01829	0.20345	0.08722	0.02207	0.15147	0.02127	0.02447	0.01536	0.00868	0.00873	0.00265	0.01038	0.00858	0.08033	0.01192
75	0.02360	0.12761	0.08430	0.05447	0.10402	0.01892	0.01674	0.08424	0.02138	0.16948	0.06095	0.08903	0.02295	0.01381	0.03848	0.00312	0.03933	0.00934	0.00655	0.01170
76	0.01673	0.01512	0.02316	0.37839	0.12961	0.01731	0.01964	0.04165	0.07616	0.02566	0.05744	0.06109	0.08043	0.01125	0.00884	0.00281	0.00933	0.00991	0.00532	0.01016
77	0.03346	0.02205	0.02443	0.01873	0.02550	0.02374	0.01547	0.50909	0.03702	0.16823	0.02294	0.02206	0.01573	0.01028	0.00852	0.00257	0.00896	0.00783	0.00890	0.01447
78	0.02055	0.01951	0.03135	0.15172	0.26177	0.02223	0.07934	0.08192	0.01939	0.02729	0.01514	0.02084	0.01254	0.00987	0.01367	0.00293	0.18613	0.00779	0.00444	0.01158
79	0.03154	0.01837	0.02394	0.01832	0.02453	0.01843	0.07190	0.26503	0.02891	0.29253	0.02613	0.02769	0.01866	0.07922	0.01217	0.00319	0.00887	0.00873	0.00859	0.01325

[dist]
# distance from previous block
# <min> <max>
0	1

[block]
# block no. 3 follows, 21 sequences, length 7
# corresponding to MSA columns:
# 523-529
name=unknown_D
#
# <colnr> <probs for GDERKNQSTAVLIFYWHMCP>
#	G	D	E	R	K	N	Q	S	T	A	V	L	I	F	Y	W	H	M	C	P
0	0.02077	0.10742	0.03121	0.08984	0.25493	0.02362	0.02099	0.02432	0.01681	0.05377	0.01446	0.01973	0.01248	0.01046	0.01523	0.00291	0.25833	0.00719	0.00423	0.01131
1	0.01334	0.01099	0.01340	0.01249	0.01470	0.01159	0.00962	0.01873	0.08923	0.02910	0.32296	0.08828	0.20768	0.01791	0.01226	0.00292	0.09339	0.01477	0.00811	0.00854
2	0.01260	0.00984	0.01321	0.01449	0.07588	0.00910	0.00956	0.01640	0.02281	0.03157	0.48437	0.06250	0.17120	0.01714	0.00988	0.00270	0.00467	0.01506	0.00860	0.00843
3	0.01274	0.00997	0.01479	0.01445	0.01584	0.01202	0.01135	0.01567	0.01362	0.01982	0.02175	0.03211	0.02037	0.05945	0.60998	0.01279	0.08210	0.00897	0.00448	0.00775
4	0.01838	0.09546	0.07877	0.01604	0.02231	0.01790	0.01439	0.02215	0.01659	0.02517	0.01388	0.01745	0.01193	0.00851	0.01125	0.00200	0.16040	0.00564	0.00446	0.43732
5	0.37656	0.01396	0.01362	0.01201	0.01677	0.01420	0.00941	0.02300	0.01649	0.09388	0.02256	0.16987	0.02167	0.01209	0.00706	0.00255	0.00622	0.00951	0.00634	0.15223
6	0.01201	0.00915	0.01163	0.01202	0.01411	0.00791	0.00839	0.01401	0.01660	0.02308	0.03973	0.54243	0.04643	0.02207	0.00983	0.00296	0.00525	0.01987	0.00725	0.17526

[dist]
# distance from previous block
# <min> <max>
0	19

[block]
# block no. 4 follows, 21 sequences, length 24
# corresponding to MSA columns:
# 549-572
name=unknown_E
#
# <colnr> <probs for GDERKNQSTAVLIFYWHMCP>
#	G	D	E	R	K	N	Q	S	T	A	V	L	I	F	Y	W	H	M	C	P
0	0.08650	0.18708	0.21046	0.01868	0.02583	0.18787	0.01864	0.02798	0.05114	0.02435	0.01566	0.01989	0.01324	0.06717	0.01016	0.00284	0.01130	0.00623	0.00435	0.01063
1	0.23511	0.02134	0.10654	0.05719	0.02645	0.02026	0.05601	0.08379	0.05725	0.12327	0.01812	0.02017	0.01335	0.00982	0.01065	0.00285	0.11356	0.00697	0.00594	0.01136
2	0.02271	0.06014	0.02515	0.33100	0.04034	0.09957	0.01883	0.11443	0.06567	0.06932	0.01808	0.02168	0.01350	0.00893	0.00811	0.00255	0.01050	0.00720	0.00542	0.05688
3	0.01799	0.00997	0.01278	0.01230	0.01503	0.00909	0.00911	0.02129	0.04486	0.18279	0.13494	0.32789	0.12795	0.01998	0.00997	0.00304	0.00537	0.01757	0.00880	0.00928
4	0.02135	0.01568	0.07129	0.07294	0.02346	0.01377	0.01428	0.02942	0.13523	0.18967	0.14540	0.04718	0.07175	0.01413	0.00936	0.00291	0.00729	0.09552	0.00825	0.01113
5	0.02150	0.34766	0.03447	0.22218	0.03384	0.11045	0.01796	0.02500	0.01773	0.02070	0.01297	0.01709	0.01108	0.00850	0.00860	0.00234	0.06811	0.00585	0.00379	0.01019
6	0.02089	0.01217	0.01530	0.01275	0.01698	0.01116	0.01016	0.02396	0.02109	0.22075	0.16521	0.04794	0.20115	0.01472	0.01061	0.00262	0.06334	0.01193	0.00827	0.10901
7	0.01214	0.00958	0.01314	0.01371	0.01474	0.01058	0.01035	0.01434	0.01575	0.02149	0.03931	0.33395	0.09088	0.03410	0.18313	0.00613	0.09592	0.06677	0.00650	0.00750
8	0.02648	0.16905	0.08230	0.01796	0.02460	0.02006	0.05736	0.09760	0.05885	0.22144	0.02637	0.03327	0.02103	0.01130	0.00841	0.00267	0.00890	0.09281	0.00726	0.01230
9	0.01114	0.00866	0.01012	0.00976	0.01216	0.00765	0.00732	0.01431	0.02196	0.02906	0.39014	0.07190	0.33666	0.01929	0.01005	0.00277	0.00415	0.01656	0.00870	0.00765
10	0.01765	0.01513	0.01765	0.01260	0.02017	0.01134	0.01008	0.02143	0.01765	0.02773	0.01513	0.01765	0.01260	0.00630	0.00630	0.00126	0.00630	0.00504	0.00504	0.75295
11	0.76103	0.01646	0.01251	0.01119	0.01646	0.01909	0.00922	0.02502	0.01448	0.03818	0.01185	0.01382	0.00922	0.00790	0.00527	0.00263	0.00658	0.00461	0.00527	0.00922
12	0.01184	0.00883	0.01110	0.01092	0.01310	0.00808	0.00845	0.01545	0.02250	0.03063	0.44650	0.07173	0.19559	0.01908	0.01027	0.00288	0.00458	0.09179	0.00886	0.00783
13	0.02120	0.01544	0.02426	0.21040	0.23592	0.01585	0.01901	0.02563	0.02004	0.15360	0.06737	0.03357	0.09946	0.01084	0.00878	0.00269	0.00874	0.00959	0.00618	0.01142
14	0.01874	0.04057	0.57238	0.02439	0.03628	0.01937	0.06879	0.02798	0.01855	0.07064	0.01668	0.01906	0.01164	0.00820	0.00825	0.00270	0.01232	0.00669	0.00412	0.01264
15	0.03818	0.01448	0.01975	0.01514	0.02172	0.01251	0.01251	0.04147	0.02436	0.65373	0.03357	0.02897	0.02107	0.01053	0.00856	0.00263	0.00724	0.00856	0.01053	0.01448
16	0.76103	0.01646	0.01251	0.01119	0.01646	0.01909	0.00922	0.02502	0.01448	0.03818	0.01185	0.01382	0.00922	0.00790	0.00527	0.00263	0.00658	0.00461	0.00527	0.00922
17	0.01478	0.00739	0.01109	0.01109	0.01109	0.00739	0.00739	0.01109	0.01109	0.01478	0.01478	0.02587	0.01478	0.02956	0.03326	0.75240	0.00739	0.00739	0.00370	0.00370
18	0.02652	0.07136	0.02390	0.01839	0.02412	0.08008	0.01485	0.26438	0.30728	0.04017	0.02567	0.02467	0.01916	0.01049	0.00829	0.00262	0.00867	0.00814	0.00787	0.01336
19	0.01616	0.01747	0.06759	0.02515	0.07190	0.01601	0.22268	0.02079	0.01825	0.02486	0.03115	0.18542	0.06656	0.01551	0.01200	0.00319	0.07680	0.09312	0.00571	0.00969
20	0.02719	0.07861	0.06856	0.11340	0.02877	0.06370	0.01620	0.07126	0.13254	0.23729	0.02472	0.02439	0.01738	0.00960	0.00809	0.00254	0.00893	0.00765	0.00729	0.05190
21	0.01896	0.23315	0.13460	0.01610	0.02236	0.02142	0.01572	0.06811	0.12277	0.02756	0.05519	0.07864	0.09319	0.01263	0.00811	0.00259	0.00822	0.04372	0.00607	0.01089
22	0.01227	0.00930	0.01091	0.01140	0.01331	0.00876	0.00816	0.06493	0.01982	0.02564	0.09259	0.39906	0.24631	0.02302	0.01035	0.00314	0.00506	0.02020	0.00804	0.00772
23	0.08350	0.01673	0.02078	0.31858	0.03749	0.07218	0.01763	0.02646	0.10260	0.06447	0.02380	0.07073	0.02070	0.01181	0.00869	0.00292	0.00961	0.07557	0.00576	0.01000

[dist]
# distance from previous block
# <min> <max>
2	9

[block]
# block no. 5 follows, 21 sequences, length 47
# corresponding to MSA columns:
# 584-630
name=unknown_F
#
# <colnr> <probs for GDERKNQSTAVLIFYWHMCP>
#	G	D	E	R	K	N	Q	S	T	A	V	L	I	F	Y	W	H	M	C	P
0	0.04739	0.27736	0.09013	0.01843	0.02543	0.05453	0.05204	0.13167	0.16474	0.03105	0.01930	0.02005	0.01508	0.00892	0.00733	0.00238	0.00942	0.00679	0.00576	0.01220
1	0.08560	0.01707	0.02886	0.43362	0.15417	0.01946	0.09432	0.02346	0.01756	0.02495	0.01523	0.02163	0.01171	0.00813	0.00838	0.00277	0.01106	0.00759	0.00405	0.01037
2	0.02170	0.27707	0.18500	0.09862	0.03128	0.02443	0.04885	0.08053	0.02003	0.05793	0.01547	0.01795	0.01201	0.00797	0.00719	0.00227	0.01017	0.00613	0.00459	0.07084
3	0.02291	0.01750	0.02635	0.06431	0.16361	0.01669	0.08459	0.07559	0.02119	0.13613	0.02325	0.02535	0.05206	0.00912	0.00898	0.00235	0.03575	0.00801	0.00605	0.20021
4	0.25921	0.06658	0.02127	0.01789	0.05853	0.10497	0.01353	0.19138	0.02406	0.07300	0.01914	0.07956	0.01628	0.01047	0.00739	0.00257	0.00876	0.00777	0.00643	0.01123
5	0.15750	0.01858	0.02051	0.01644	0.02252	0.01961	0.01360	0.27921	0.05295	0.23080	0.02515	0.02734	0.01831	0.01085	0.00819	0.00270	0.00804	0.04608	0.00853	0.01309
6	0.01052	0.00752	0.01001	0.01174	0.01238	0.00701	0.00791	0.01223	0.01701	0.02286	0.10150	0.63754	0.05848	0.02581	0.01079	0.00338	0.00485	0.02339	0.00803	0.00701
7	0.02135	0.02224	0.03635	0.10441	0.39693	0.07958	0.16105	0.02669	0.01975	0.02647	0.01594	0.02113	0.01292	0.00768	0.00874	0.00260	0.01168	0.00795	0.00421	0.01231
8	0.02541	0.02307	0.13443	0.02523	0.12539	0.01922	0.06861	0.14756	0.10244	0.16162	0.02464	0.06310	0.01883	0.01038	0.00872	0.00271	0.00942	0.00901	0.00704	0.01317
9	0.01820	0.06657	0.20006	0.16543	0.04095	0.02044	0.23629	0.02591	0.04818	0.02536	0.01736	0.02338	0.01360	0.04861	0.01081	0.00307	0.01220	0.00832	0.00423	0.01103
10	0.01037	0.00741	0.00987	0.01185	0.01234	0.00691	0.00790	0.01185	0.01629	0.02172	0.04690	0.69537	0.05629	0.02666	0.01086	0.00346	0.00494	0.02419	0.00790	0.00691
11	0.08704	0.01713	0.02378	0.01975	0.02411	0.05409	0.15908	0.11982	0.04603	0.03036	0.02958	0.29041	0.03058	0.01580	0.00948	0.00299	0.00880	0.01452	0.00670	0.00992
12	0.15492	0.01868	0.02843	0.07671	0.08744	0.01912	0.16717	0.08031	0.07890	0.17182	0.02156	0.02312	0.01537	0.00886	0.00835	0.00272	0.00964	0.00810	0.00657	0.01221
13	0.01127	0.00835	0.01069	0.01201	0.01348	0.00777	0.00903	0.01371	0.01844	0.02403	0.10930	0.36671	0.17707	0.02400	0.01084	0.00338	0.00543	0.15919	0.00802	0.00729
14	0.01218	0.00769	0.01036	0.01106	0.01181	0.00725	0.00756	0.01209	0.01559	0.02068	0.10753	0.29987	0.11202	0.02610	0.01910	0.28495	0.00568	0.01614	0.00649	0.00586
15	0.01966	0.02094	0.08758	0.16519	0.28131	0.02015	0.06232	0.05838	0.06869	0.02839	0.04893	0.02404	0.01705	0.00918	0.00979	0.00274	0.05060	0.00818	0.00490	0.01199
16	0.02526	0.08786	0.17310	0.06595	0.16596	0.02089	0.02138	0.13248	0.04296	0.15199	0.02016	0.02153	0.01453	0.00888	0.00813	0.00256	0.00987	0.00727	0.00610	0.01316
17	0.01115	0.00830	0.01014	0.01039	0.01204	0.00755	0.00738	0.01372	0.01993	0.02670	0.30042	0.23451	0.20547	0.07755	0.01302	0.00339	0.00468	0.01809	0.00828	0.00729
18	0.02375	0.02373	0.14502	0.02170	0.06344	0.02025	0.05763	0.29186	0.02674	0.03660	0.01814	0.02186	0.01406	0.01592	0.05141	0.13194	0.01080	0.00759	0.00598	0.01160
19	0.02639	0.13524	0.16327	0.02394	0.08480	0.32648	0.02024	0.07674	0.02263	0.02525	0.01425	0.01658	0.01142	0.00841	0.00757	0.00230	0.01289	0.00588	0.00442	0.01129
20	0.02030	0.02167	0.03160	0.02717	0.06885	0.08358	0.14667	0.02354	0.01598	0.02244	0.01296	0.01941	0.01168	0.01220	0.02096	0.00332	0.43581	0.00783	0.00394	0.01010
21	0.01925	0.08126	0.03345	0.32514	0.04519	0.02089	0.18693	0.07126	0.01979	0.02622	0.01583	0.02129	0.01211	0.00796	0.00846	0.00259	0.01136	0.00776	0.00441	0.07887
22	0.02360	0.13462	0.02263	0.01477	0.01930	0.02007	0.01186	0.25857	0.02601	0.07089	0.07853	0.03358	0.02488	0.20360	0.01787	0.00404	0.00839	0.00921	0.00693	0.01067
23	0.03650	0.01718	0.02142	0.01642	0.02307	0.01651	0.01356	0.20809	0.02887	0.48074	0.02979	0.02651	0.01917	0.01044	0.00855	0.00261	0.00785	0.00830	0.00995	0.01448
24	0.01478	0.00739	0.01109	0.01109	0.01109	0.00739	0.00739	0.01109	0.01109	0.01478	0.01478	0.02587	0.01478	0.02956	0.03326	0.75240	0.00739	0.00739	0.00370	0.00370
25	0.01856	0.01362	0.01607	0.01207	0.01837	0.01072	0.00959	0.02234	0.01880	0.07871	0.07563	0.02445	0.02059	0.00809	0.00678	0.00159	0.00589	0.00662	0.09553	0.53599
26	0.01238	0.00825	0.00928	0.00928	0.00928	0.00825	0.00516	0.01238	0.01238	0.01650	0.02681	0.05569	0.03094	0.70092	0.04331	0.00825	0.00825	0.01238	0.00516	0.00516
27	0.01697	0.01615	0.02480	0.28126	0.09284	0.02053	0.02001	0.02072	0.01602	0.02252	0.05238	0.06352	0.01820	0.01257	0.01647	0.00319	0.27898	0.00897	0.00437	0.00953
