[name]
unknown

[dist]
# distance from previous block
# <min> <max>
0	374

[block]
# block no. 0 follows, 25 sequences, length 18
# corresponding to MSA columns:
# 385-402
name=unknown_A
#
# <colnr> <probs for GDERKNQSTAVLIFYWHMCP>
#	G	D	E	R	K	N	Q	S	T	A	V	L	I	F	Y	W	H	M	C	P
0	0.06381	0.01571	0.13422	0.01429	0.01847	0.01183	0.01361	0.06846	0.01946	0.05939	0.15404	0.10250	0.03751	0.01517	0.00881	0.00283	0.00693	0.21029	0.03393	0.00874
1	0.07472	0.10143	0.02048	0.01512	0.01992	0.10341	0.01223	0.11251	0.23235	0.08336	0.03961	0.02281	0.01806	0.01290	0.06032	0.00305	0.00875	0.00705	0.00636	0.04555
2	0.01024	0.00790	0.00935	0.00898	0.01113	0.00700	0.00674	0.01321	0.02022	0.02698	0.43335	0.06469	0.31742	0.01739	0.00915	0.00251	0.00377	0.01497	0.00799	0.00700
3	0.13467	0.01344	0.01620	0.01302	0.01807	0.01297	0.01059	0.09235	0.03999	0.39475	0.14274	0.02943	0.02693	0.01038	0.00762	0.00241	0.00616	0.00836	0.00850	0.01144
4	0.07943	0.05030	0.06512	0.22017	0.12477	0.01883	0.01773	0.13184	0.09483	0.07943	0.01829	0.02170	0.01386	0.00854	0.00745	0.00245	0.00867	0.02034	0.00538	0.01088
5	0.02638	0.03278	0.02220	0.14406	0.02927	0.57405	0.01616	0.02895	0.02081	0.01913	0.01231	0.01519	0.01005	0.00795	0.00713	0.00210	0.01333	0.00534	0.00390	0.00892
6	0.00985	0.00712	0.00899	0.01014	0.01082	0.00676	0.00675	0.01112	0.01438	0.01896	0.04221	0.48135	0.11804	0.15259	0.05924	0.00447	0.00602	0.01856	0.00655	0.00608
7	0.01914	0.05011	0.05655	0.07218	0.02746	0.01502	0.22252	0.02469	0.05682	0.14337	0.06004	0.12330	0.02305	0.01065	0.00831	0.00253	0.00863	0.01028	0.05536	0.00997
8	0.02705	0.07047	0.02252	0.06025	0.02294	0.01880	0.01421	0.15680	0.02170	0.30088	0.02064	0.02110	0.01452	0.01016	0.01184	0.00258	0.17812	0.00705	0.00685	0.01152
9	0.01070	0.00771	0.01012	0.00994	0.01152	0.00713	0.00729	0.01394	0.02067	0.02906	0.56115	0.17762	0.06922	0.01737	0.00928	0.00257	0.00381	0.01547	0.00829	0.00713
10	0.01814	0.01366	0.02254	0.38265	0.08836	0.01492	0.06554	0.02249	0.01721	0.14043	0.02387	0.07083	0.06621	0.00991	0.00811	0.00257	0.00891	0.00893	0.00515	0.00955
11	0.02362	0.07327	0.07230	0.02776	0.20518	0.01849	0.13533	0.07591	0.01981	0.19759	0.01865	0.02050	0.01359	0.00816	0.00889	0.00242	0.05393	0.00727	0.00555	0.01178
12	0.01622	0.01556	0.02663	0.46773	0.19897	0.01779	0.06941	0.02216	0.04739	0.02210	0.01497	0.02074	0.01154	0.00759	0.00785	0.00252	0.01008	0.00716	0.00379	0.00980
13	0.01076	0.00802	0.01007	0.00984	0.01183	0.00733	0.00757	0.01405	0.02062	0.02814	0.48373	0.06452	0.19568	0.01723	0.00931	0.00260	0.00408	0.07938	0.00811	0.00714
14	0.02471	0.10488	0.15609	0.02043	0.10707	0.06151	0.01705	0.07319	0.07161	0.23518	0.03874	0.02159	0.01621	0.00859	0.00736	0.00230	0.00859	0.00686	0.00622	0.01185
15	0.03422	0.10746	0.38977	0.02192	0.07052	0.01803	0.08492	0.02246	0.01608	0.02331	0.01646	0.07207	0.01409	0.01237	0.06033	0.00319	0.01117	0.00739	0.00379	0.01043
16	0.02562	0.01178	0.01545	0.01283	0.01713	0.01075	0.01018	0.07641	0.02207	0.39993	0.15897	0.14341	0.03453	0.01316	0.00840	0.00252	0.00583	0.01124	0.00886	0.01093
17	0.01672	0.01134	0.01289	0.01174	0.01470	0.01158	0.00897	0.13335	0.09216	0.07197	0.14197	0.18432	0.11112	0.01488	0.00826	0.00251	0.00520	0.01272	0.12464	0.00897

[dist]
# distance from previous block
# <min> <max>
4	8

[block]
# block no. 1 follows, 25 sequences, length 42
# corresponding to MSA columns:
# 411-452
name=unknown_B
#
# <colnr> <probs for GDERKNQSTAVLIFYWHMCP>
#	G	D	E	R	K	N	Q	S	T	A	V	L	I	F	Y	W	H	M	C	P
0	0.02089	0.06021	0.05489	0.05834	0.03016	0.01824	0.26670	0.12604	0.04786	0.09734	0.07817	0.02387	0.01860	0.00837	0.00815	0.00238	0.00961	0.00829	0.00567	0.05623
1	0.01383	0.00908	0.01020	0.00890	0.01205	0.00800	0.00682	0.01732	0.01753	0.02804	0.16724	0.03439	0.06389	0.01024	0.00651	0.00182	0.00418	0.00852	0.36878	0.20266
2	0.01684	0.01514	0.02054	0.38024	0.03764	0.01820	0.01714	0.02995	0.32353	0.02580	0.02221	0.02459	0.01666	0.00906	0.00782	0.00261	0.00834	0.00778	0.00555	0.01035
3	0.00940	0.00692	0.00882	0.01034	0.01113	0.00634	0.00700	0.01085	0.01528	0.01997	0.04827	0.62225	0.14791	0.02357	0.00978	0.00307	0.00441	0.02116	0.00720	0.00634
4	0.01085	0.00792	0.01020	0.00963	0.01151	0.00726	0.00722	0.01440	0.02166	0.03042	0.63525	0.05903	0.11339	0.01610	0.00915	0.00245	0.00368	0.01418	0.00845	0.00726
5	0.03479	0.01320	0.01799	0.01380	0.01979	0.01140	0.01140	0.03779	0.02219	0.68451	0.03059	0.02639	0.01919	0.00960	0.00780	0.00240	0.00660	0.00780	0.00960	0.01320
6	0.01097	0.00793	0.01036	0.00975	0.01158	0.00732	0.00732	0.01463	0.02195	0.03109	0.67505	0.05792	0.07316	0.01585	0.00914	0.00244	0.00366	0.01402	0.00854	0.00732
7	0.02947	0.02172	0.02327	0.01784	0.02404	0.02404	0.01474	0.65329	0.03646	0.04887	0.01862	0.01862	0.01319	0.00931	0.00776	0.00233	0.00853	0.00698	0.00776	0.01319
8	0.01919	0.01842	0.03147	0.04759	0.67914	0.01842	0.02380	0.02380	0.01765	0.02533	0.01458	0.01919	0.01228	0.00691	0.00768	0.00230	0.00921	0.00691	0.00384	0.01228
9	0.01927	0.01693	0.01969	0.02070	0.12209	0.01915	0.01405	0.03851	0.56499	0.03134	0.02893	0.02742	0.02191	0.00996	0.00786	0.00258	0.00661	0.00848	0.00726	0.01227
10	0.01919	0.01842	0.03147	0.04759	0.67914	0.01842	0.02380	0.02380	0.01765	0.02533	0.01458	0.01919	0.01228	0.00691	0.00768	0.00230	0.00921	0.00691	0.00384	0.01228
11	0.01608	0.01378	0.01608	0.01148	0.01837	0.01034	0.00919	0.01952	0.01608	0.02527	0.01378	0.01608	0.01148	0.00574	0.00574	0.00115	0.00574	0.00459	0.00459	0.77491
12	0.01471	0.00964	0.01126	0.01080	0.01311	0.03685	0.00801	0.01730	0.01936	0.12692	0.27839	0.23592	0.15267	0.01747	0.00905	0.00264	0.00483	0.01525	0.00793	0.00789
13	0.02131	0.05770	0.40885	0.01882	0.02810	0.01707	0.02167	0.08418	0.01944	0.17267	0.01790	0.01862	0.01232	0.00790	0.00730	0.00231	0.00961	0.00616	0.00517	0.06289
14	0.02102	0.38755	0.02821	0.01358	0.01834	0.11801	0.01178	0.02316	0.01695	0.09301	0.01937	0.13660	0.01905	0.05213	0.00842	0.00238	0.00823	0.00812	0.00485	0.00925
15	0.00950	0.00721	0.00876	0.00977	0.01103	0.00647	0.00680	0.01125	0.01639	0.02120	0.11221	0.45690	0.25042	0.02205	0.00960	0.00292	0.00424	0.01951	0.00732	0.00647
16	0.01699	0.02283	0.16473	0.05666	0.11206	0.01788	0.37209	0.02336	0.01777	0.02474	0.04919	0.05150	0.01614	0.00801	0.00861	0.00256	0.01136	0.00892	0.00414	0.01046
17	0.02057	0.05866	0.41617	0.01961	0.02876	0.01667	0.05520	0.02800	0.04158	0.18570	0.04176	0.02080	0.01494	0.00825	0.00755	0.00242	0.00976	0.00675	0.00520	0.01165
18	0.03087	0.01220	0.01660	0.01333	0.01847	0.01061	0.01075	0.03361	0.02106	0.58170	0.03247	0.13405	0.02416	0.01187	0.00812	0.00252	0.00627	0.01000	0.00923	0.01213
19	0.01108	0.00831	0.01246	0.01246	0.01385	0.00969	0.00969	0.01385	0.01246	0.01800	0.02077	0.03046	0.01938	0.05815	0.69678	0.01246	0.02077	0.00831	0.00415	0.00692
20	0.06960	0.35685	0.17025	0.01605	0.02315	0.11554	0.01632	0.04564	0.01783	0.08462	0.01372	0.01500	0.01081	0.00737	0.00610	0.00201	0.00944	0.00503	0.00422	0.01045
21	0.02332	0.01440	0.01989	0.01627	0.02041	0.05282	0.09003	0.02742	0.05050	0.28212	0.02501	0.07476	0.01958	0.01802	0.11595	0.00407	0.06856	0.00882	0.05773	0.01031
22	0.49141	0.23277	0.02115	0.01192	0.01705	0.04814	0.01048	0.02307	0.01426	0.02851	0.01081	0.01278	0.00900	0.00732	0.00578	0.00220	0.03588	0.00432	0.00426	0.00889
23	0.01772	0.01898	0.03864	0.02832	0.03437	0.01906	0.49070	0.02323	0.01711	0.02427	0.01576	0.02107	0.01230	0.00786	0.01131	0.00266	0.12047	0.00860	0.07772	0.00984
24	0.01464	0.01378	0.02326	0.70887	0.05340	0.01723	0.02153	0.01981	0.01550	0.01981	0.01378	0.02067	0.01034	0.00775	0.00775	0.00258	0.01034	0.00689	0.00345	0.00861
25	0.01551	0.12480	0.02218	0.01608	0.01770	0.01990	0.01352	0.01767	0.01409	0.01994	0.08234	0.02748	0.08310	0.01852	0.09740	0.00401	0.38499	0.00820	0.00434	0.00822
26	0.01128	0.00752	0.00846	0.00846	0.00846	0.00752	0.00470	0.01128	0.01128	0.01503	0.02443	0.05074	0.02819	0.72751	0.03946	0.00752	0.00752	0.01128	0.00470	0.00470
27	0.78228	0.01499	0.01140	0.01020	0.01499	0.01739	0.00840	0.02279	0.01320	0.03479	0.01080	0.01260	0.00840	0.00720	0.00480	0.00240	0.00600	0.00420	0.00480	0.00840
28	0.01555	0.04011	0.68733	0.02210	0.03356	0.01801	0.02865	0.02455	0.01637	0.02455	0.01391	0.01637	0.00982	0.00737	0.00737	0.00246	0.01146	0.00573	0.00327	0.01146
29	0.02896	0.03695	0.02197	0.01998	0.02397	0.69638	0.01498	0.03096	0.02197	0.01898	0.01199	0.01398	0.00999	0.00799	0.00699	0.00200	0.01398	0.00499	0.00400	0.00899
30	0.01108	0.00831	0.01246	0.01246	0.01385	0.00969	0.00969	0.01385	0.01246	0.01800	0.02077	0.03046	0.01938	0.05815	0.69678	0.01246	0.02077	0.00831	0.00415	0.00692
31	0.01864	0.01035	0.01232	0.01059	0.01436	0.00922	0.00835	0.05808	0.02086	0.23110	0.15230	0.05367	0.33861	0.01531	0.00865	0.00250	0.00499	0.01277	0.00819	0.00913
32	0.01822	0.02068	0.04445	0.03195	0.03933	0.01985	0.61337	0.02447	0.01792	0.02447	0.01536	0.02068	0.01167	0.00695	0.01012	0.00266	0.05461	0.00901	0.00389	0.01034
33	0.01555	0.04011	0.68733	0.02210	0.03356	0.01801	0.02865	0.02455	0.01637	0.02455	0.01391	0.01637	0.00982	0.00737	0.00737	0.00246	0.01146	0.00573	0.00327	0.01146
34	0.00987	0.00685	0.00896	0.01050	0.01112	0.00642	0.00709	0.01151	0.01536	0.02107	0.07908	0.63674	0.05048	0.02277	0.00955	0.00302	0.00439	0.02058	0.05821	0.00642
35	0.01267	0.01041	0.05040	0.01173	0.01435	0.00864	0.00986	0.01664	0.03794	0.06087	0.30074	0.13593	0.13125	0.01751	0.00936	0.00279	0.00523	0.14828	0.00765	0.00776
36	0.01924	0.26549	0.20626	0.02024	0.02806	0.02184	0.17025	0.02545	0.04963	0.06720	0.04422	0.01925	0.01442	0.00760	0.00712	0.00223	0.00984	0.00667	0.00433	0.01068
37	0.01919	0.01842	0.03147	0.04759	0.67914	0.01842	0.02380	0.02380	0.01765	0.02533	0.01458	0.01919	0.01228	0.00691	0.00768	0.00230	0.00921	0.00691	0.00384	0.01228
38	0.03139	0.01446	0.01836	0.01425	0.01989	0.01364	0.01170	0.16376	0.02514	0.48914	0.09020	0.02781	0.02314	0.01014	0.00792	0.00239	0.00672	0.00823	0.00911	0.01263
39	0.01789	0.01888	0.12227	0.01821	0.10368	0.01358	0.01450	0.04857	0.04980	0.05452	0.01570	0.01770	0.01233	0.00669	0.00651	0.00167	0.00723	0.00550	0.00480	0.45996
40	0.01421	0.05965	0.19117	0.01562	0.02052	0.01266	0.06062	0.01919	0.04435	0.05786	0.08654	0.28942	0.06605	0.01523	0.00860	0.00269	0.00724	0.01351	0.00598	0.00888
41	0.01081	0.00720	0.00906	0.01040	0.01142	0.00685	0.00749	0.01294	0.01569	0.02209	0.04120	0.46447	0.08066	0.02067	0.00909	0.00291	0.00465	0.10006	0.15575	0.00661

[dist]
# distance from previous block
# <min> <max>
1	7

[block]
# block no. 2 follows, 25 sequences, length 24
# corresponding to MSA columns:
# 463-486
name=unknown_C
#
# <colnr> <probs for GDERKNQSTAVLIFYWHMCP>
#	G	D	E	R	K	N	Q	S	T	A	V	L	I	F	Y	W	H	M	C	P
0	0.04939	0.25824	0.02904	0.02176	0.16992	0.02163	0.01518	0.09882	0.06164	0.17510	0.01833	0.01888	0.01376	0.00793	0.00672	0.00213	0.00793	0.00622	0.00570	0.01168
1	0.02060	0.66779	0.03855	0.01349	0.01992	0.02965	0.01318	0.02484	0.07418	0.01952	0.01265	0.01392	0.01118	0.00698	0.00524	0.00175	0.00810	0.00456	0.00373	0.01016
2	0.01034	0.00783	0.00880	0.00856	0.01079	0.00691	0.00642	0.01312	0.01925	0.02566	0.31096	0.06404	0.37985	0.01722	0.00883	0.00248	0.00379	0.01465	0.07360	0.00691
3	0.01985	0.01713	0.02832	0.09800	0.21512	0.01747	0.16567	0.13364	0.02080	0.05799	0.04042	0.04679	0.01688	0.04175	0.00954	0.00266	0.00932	0.00845	0.03946	0.01074
4	0.01347	0.00673	0.01010	0.01010	0.01010	0.00673	0.00673	0.01010	0.01010	0.01347	0.01347	0.02357	0.01347	0.02694	0.03030	0.77441	0.00673	0.00673	0.00337	0.00337
5	0.01696	0.01696	0.02375	0.02036	0.02036	0.02375	0.01696	0.01866	0.01187	0.01866	0.01018	0.01696	0.01018	0.01357	0.02545	0.00339	0.71332	0.00679	0.00339	0.00848
6	0.01093	0.00766	0.00985	0.01013	0.01065	0.00804	0.00672	0.01205	0.01221	0.01674	0.02603	0.14698	0.02884	0.39997	0.25079	0.00847	0.01141	0.01195	0.00490	0.00567
7	0.00916	0.00785	0.00785	0.00785	0.01047	0.00655	0.00589	0.01113	0.01767	0.02095	0.07855	0.07462	0.67599	0.01964	0.00916	0.00262	0.00393	0.01636	0.00720	0.00655
8	0.78228	0.01499	0.01140	0.01020	0.01499	0.01739	0.00840	0.02279	0.01320	0.03479	0.01080	0.01260	0.00840	0.00720	0.00480	0.00240	0.00600	0.00420	0.00480	0.00840
9	0.12436	0.01682	0.02130	0.01793	0.01975	0.02169	0.01488	0.07408	0.01456	0.02410	0.01131	0.01642	0.01031	0.01162	0.01928	0.00296	0.49078	0.00625	0.00407	0.07753
10	0.00987	0.00707	0.00937	0.01051	0.01134	0.00658	0.00723	0.01185	0.01680	0.02290	0.21653	0.53980	0.05730	0.02197	0.00969	0.00295	0.00427	0.01984	0.00757	0.00658
11	0.01830	0.02092	0.04575	0.03268	0.04052	0.01961	0.65098	0.02484	0.01830	0.02484	0.01569	0.02092	0.01176	0.00654	0.00915	0.00261	0.01307	0.00915	0.00392	0.01046
12	0.02947	0.02172	0.02327	0.01784	0.02404	0.02404	0.01474	0.65329	0.03646	0.04887	0.01862	0.01862	0.01319	0.00931	0.00776	0.00233	0.00853	0.00698	0.00776	0.01319
13	0.14437	0.03359	0.02035	0.01848	0.02260	0.59236	0.01397	0.02971	0.02063	0.02140	0.01180	0.01377	0.00974	0.00787	0.00666	0.00206	0.01276	0.00487	0.00412	0.00890
14	0.01919	0.01842	0.03147	0.04759	0.67914	0.01842	0.02380	0.02380	0.01765	0.02533	0.01458	0.01919	0.01228	0.00691	0.00768	0.00230	0.00921	0.00691	0.00384	0.01228
15	0.02337	0.01031	0.01330	0.01110	0.01495	0.00927	0.00883	0.02670	0.02068	0.34752	0.20444	0.03557	0.03402	0.01116	0.00759	0.00227	0.00507	0.00935	0.19435	0.01015
16	0.02457	0.02380	0.02647	0.03381	0.37189	0.24081	0.01917	0.02810	0.01971	0.11461	0.01595	0.01847	0.01248	0.00764	0.00747	0.00222	0.01042	0.00640	0.00469	0.01132
17	0.02187	0.01453	0.02148	0.01795	0.05428	0.01329	0.10947	0.02797	0.10061	0.22023	0.02512	0.06072	0.02021	0.00993	0.00788	0.00230	0.00741	0.06368	0.00670	0.19438
18	0.00942	0.00684	0.00890	0.01054	0.01118	0.00632	0.00708	0.01082	0.01509	0.01989	0.04583	0.66654	0.10519	0.02389	0.00983	0.00310	0.00445	0.02155	0.00720	0.00632
19	0.01046	0.00775	0.00976	0.00959	0.01135	0.00704	0.00707	0.01351	0.02024	0.02782	0.48735	0.15512	0.16890	0.01767	0.00925	0.00257	0.00382	0.01555	0.00813	0.00704
20	0.01815	0.01669	0.05013	0.32358	0.26309	0.01754	0.02079	0.02516	0.09582	0.06738	0.01734	0.02138	0.01320	0.00790	0.00773	0.00248	0.00923	0.00714	0.00452	0.01074
21	0.16414	0.18261	0.07701	0.01981	0.12189	0.05304	0.03870	0.02631	0.07476	0.08261	0.01569	0.01721	0.01224	0.00742	0.00637	0.00212	0.00814	0.00570	0.00479	0.07942
22	0.01072	0.00788	0.00981	0.00935	0.01113	0.00722	0.00686	0.01379	0.02033	0.02809	0.52513	0.05983	0.16146	0.08046	0.01188	0.00292	0.00405	0.01413	0.00799	0.00696
23	0.08397	0.01277	0.01451	0.01142	0.01676	0.01078	0.00894	0.04748	0.01710	0.02695	0.07483	0.11770	0.02214	0.00949	0.00662	0.00170	0.00554	0.00791	0.00546	0.49794

[dist]
# distance from previous block
# <min> <max>
0	9

[block]
# block no. 3 follows, 25 sequences, length 21
# corresponding to MSA columns:
# 496-516
name=unknown_D
#
# <colnr> <probs for GDERKNQSTAVLIFYWHMCP>
#	G	D	E	R	K	N	Q	S	T	A	V	L	I	F	Y	W	H	M	C	P
0	0.09209	0.02997	0.02199	0.02159	0.09562	0.45274	0.01514	0.08980	0.02216	0.06886	0.01407	0.01573	0.01104	0.00804	0.00701	0.00212	0.01175	0.00552	0.00479	0.00999
1	0.01192	0.01022	0.01268	0.05872	0.07131	0.05464	0.01004	0.01383	0.01561	0.02021	0.03644	0.57063	0.04260	0.02067	0.00938	0.00296	0.00591	0.01865	0.00646	0.00713
2	0.01483	0.00872	0.01215	0.01282	0.04753	0.00865	0.00848	0.01574	0.01390	0.10789	0.02613	0.18199	0.02691	0.19182	0.15356	0.13571	0.00928	0.01155	0.00553	0.00681
3	0.01280	0.00921	0.01147	0.01150	0.01360	0.00926	0.00912	0.01873	0.10414	0.02853	0.32804	0.08250	0.05242	0.01618	0.00901	0.00272	0.00493	0.17540	0.09257	0.00787
4	0.01019	0.00781	0.00933	0.00914	0.01115	0.00695	0.00678	0.01304	0.01982	0.02648	0.40622	0.11592	0.29327	0.01790	0.00921	0.00256	0.00382	0.01551	0.00794	0.00695
5	0.01555	0.04011	0.68733	0.02210	0.03356	0.01801	0.02865	0.02455	0.01637	0.02455	0.01391	0.01637	0.00982	0.00737	0.00737	0.00246	0.01146	0.00573	0.00327	0.01146
6	0.02305	0.01766	0.01901	0.01614	0.02111	0.01987	0.01282	0.19471	0.45704	0.08742	0.02823	0.02614	0.02069	0.01014	0.00785	0.00254	0.00677	0.00824	0.00799	0.01257
7	0.01085	0.00783	0.01026	0.00984	0.01156	0.00724	0.00731	0.01433	0.02139	0.03021	0.62571	0.10977	0.07145	0.01651	0.00920	0.00249	0.00372	0.01465	0.00843	0.00724
8	0.02439	0.49895	0.03416	0.01414	0.02061	0.02659	0.01324	0.13522	0.02034	0.12499	0.01516	0.01564	0.01192	0.00755	0.00589	0.00189	0.00808	0.00520	0.00505	0.01101
9	0.02686	0.02042	0.02180	0.01731	0.02305	0.02282	0.01411	0.49627	0.19773	0.04465	0.02194	0.02126	0.01588	0.00962	0.00779	0.00240	0.00792	0.00744	0.00779	0.01295
10	0.01030	0.01061	0.06620	0.00969	0.01279	0.00777	0.00829	0.01342	0.01897	0.02459	0.26952	0.06419	0.42107	0.01735	0.00901	0.00255	0.00448	0.01469	0.00731	0.00722
11	0.01919	0.01842	0.03147	0.04759	0.67914	0.01842	0.02380	0.02380	0.01765	0.02533	0.01458	0.01919	0.01228	0.00691	0.00768	0.00230	0.00921	0.00691	0.00384	0.01228
12	0.00957	0.00716	0.00889	0.00996	0.01110	0.00648	0.00690	0.01135	0.01640	0.02146	0.12911	0.48527	0.20386	0.02214	0.00963	0.00293	0.00426	0.01969	0.00736	0.00648
13	0.03479	0.01320	0.01799	0.01380	0.01979	0.01140	0.01140	0.03779	0.02219	0.68451	0.03059	0.02639	0.01919	0.00960	0.00780	0.00240	0.00660	0.00780	0.00960	0.01320
14	0.02625	0.10896	0.08575	0.02005	0.02546	0.45647	0.05627	0.08904	0.02196	0.02265	0.01290	0.01492	0.01039	0.00782	0.00702	0.00207	0.01256	0.00542	0.00421	0.00981
15	0.02258	0.01681	0.02760	0.09106	0.47213	0.01664	0.02064	0.02684	0.01858	0.18306	0.01836	0.02103	0.01379	0.00762	0.00771	0.00235	0.00867	0.00712	0.00519	0.01221
16	0.00945	0.00675	0.00900	0.01080	0.01125	0.00630	0.00720	0.01080	0.01484	0.01979	0.04274	0.72245	0.05128	0.02429	0.00990	0.00315	0.00450	0.02204	0.00720	0.00630
17	0.02533	0.20067	0.03014	0.02035	0.02558	0.43162	0.11381	0.02815	0.01991	0.01972	0.01227	0.01469	0.01026	0.00744	0.00685	0.00201	0.01248	0.00544	0.00382	0.00945
18	0.02373	0.02077	0.02483	0.08514	0.20731	0.11333	0.01781	0.18794	0.04372	0.08084	0.01643	0.01904	0.01267	0.00895	0.00995	0.00245	0.10162	0.00678	0.00536	0.01132
19	0.03479	0.01320	0.01799	0.01380	0.01979	0.01140	0.01140	0.03779	0.02219	0.68451	0.03059	0.02639	0.01919	0.00960	0.00780	0.00240	0.00660	0.00780	0.00960	0.01320
20	0.01862	0.01196	0.01406	0.01242	0.01539	0.01251	0.00973	0.17113	0.07209	0.06893	0.14312	0.03559	0.02922	0.01490	0.01210	0.14691	0.00605	0.06094	0.13563	0.00868

[dist]
# distance from previous block
# <min> <max>
3	12

[block]
# block no. 4 follows, 25 sequences, length 16
# corresponding to MSA columns:
# 529-544
name=unknown_E
#
# <colnr> <probs for GDERKNQSTAVLIFYWHMCP>
#	G	D	E	R	K	N	Q	S	T	A	V	L	I	F	Y	W	H	M	C	P
0	0.01904	0.14886	0.20142	0.09824	0.14681	0.07460	0.05053	0.04704	0.07180	0.02396	0.01492	0.01783	0.01173	0.00775	0.00778	0.00232	0.03429	0.00623	0.00403	0.01082
1	0.01668	0.01488	0.02065	0.11878	0.18231	0.01395	0.01465	0.02240	0.07800	0.02548	0.04818	0.02075	0.01570	0.00726	0.00686	0.00183	0.00716	0.00633	0.00476	0.37339
2	0.00945	0.00675	0.00900	0.01080	0.01125	0.00630	0.00720	0.01080	0.01484	0.01979	0.04274	0.72245	0.05128	0.02429	0.00990	0.00315	0.00450	0.02204	0.00720	0.00630
3	0.14817	0.05937	0.02183	0.06775	0.09930	0.28964	0.01481	0.02586	0.01796	0.04445	0.01278	0.01557	0.01046	0.00794	0.00804	0.00217	0.06608	0.00537	0.00423	0.07822
4	0.01046	0.00791	0.00965	0.00921	0.01127	0.00710	0.00691	0.01363	0.02072	0.02819	0.50435	0.06270	0.24567	0.01693	0.00915	0.00249	0.00374	0.01469	0.00815	0.00710
5	0.01116	0.00792	0.01063	0.01172	0.01267	0.00802	0.00884	0.01319	0.01466	0.01958	0.03441	0.24125	0.03855	0.18837	0.12963	0.00581	0.00875	0.22241	0.00611	0.00632
6	0.01055	0.00783	0.00984	0.00951	0.01137	0.00711	0.00706	0.01375	0.02070	0.02854	0.52720	0.10937	0.17423	0.01711	0.00920	0.00252	0.00377	0.01501	0.00821	0.00711
7	0.01794	0.02341	0.12928	0.03130	0.03962	0.01940	0.56996	0.02480	0.01805	0.02480	0.01546	0.02032	0.01151	0.00664	0.00892	0.00259	0.01286	0.00870	0.00384	0.01059
8	0.01065	0.00791	0.00991	0.00941	0.01138	0.00718	0.00706	0.01400	0.02118	0.02926	0.56756	0.06093	0.18179	0.01653	0.00915	0.00247	0.00371	0.01444	0.00829	0.00718
9	0.02624	0.13278	0.02485	0.01907	0.02292	0.51457	0.01500	0.02826	0.01978	0.01883	0.01158	0.01415	0.01001	0.00852	0.00911	0.00213	0.10422	0.00511	0.00382	0.00906
10	0.01929	0.01666	0.01753	0.01578	0.02016	0.01929	0.01227	0.04120	0.66513	0.03243	0.03156	0.02893	0.02367	0.01052	0.00789	0.00263	0.00614	0.00877	0.00789	0.01227
11	0.02947	0.02172	0.02327	0.01784	0.02404	0.02404	0.01474	0.65329	0.03646	0.04887	0.01862	0.01862	0.01319	0.00931	0.00776	0.00233	0.00853	0.00698	0.00776	0.01319
12	0.54447	0.07479	0.11856	0.01307	0.01866	0.01903	0.01257	0.02277	0.01378	0.03065	0.01123	0.01351	0.00888	0.00769	0.00684	0.00243	0.06312	0.00463	0.00434	0.00900
13	0.01555	0.04011	0.68733	0.02210	0.03356	0.01801	0.02865	0.02455	0.01637	0.02455	0.01391	0.01637	0.00982	0.00737	0.00737	0.00246	0.01146	0.00573	0.00327	0.01146
14	0.01729	0.19503	0.31674	0.01793	0.05265	0.01833	0.01910	0.02302	0.01785	0.06962	0.15373	0.02500	0.02395	0.00911	0.00722	0.00225	0.00863	0.00729	0.00485	0.01038
15	0.02167	0.01996	0.03163	0.02389	0.02992	0.02117	0.28334	0.21167	0.15588	0.03294	0.01936	0.02157	0.01450	0.00872	0.00978	0.00260	0.06587	0.00825	0.00582	0.01147

[dist]
# distance from previous block
# <min> <max>
6	16

[block]
# block no. 5 follows, 25 sequences, length 31
# corresponding to MSA columns:
# 564-594
name=unknown_F
#
# <colnr> <probs for GDERKNQSTAVLIFYWHMCP>
#	G	D	E	R	K	N	Q	S	T	A	V	L	I	F	Y	W	H	M	C	P
0	0.02119	0.23479	0.34728	0.01784	0.02667	0.02079	0.02041	0.05771	0.01823	0.14209	0.01623	0.01714	0.01170	0.00765	0.00677	0.00221	0.00953	0.00570	0.00464	0.01142
1	0.14410	0.20256	0.38220	0.01754	0.02643	0.02062	0.02063	0.02467	0.01602	0.06098	0.01356	0.01534	0.01013	0.00728	0.00639	0.00225	0.00952	0.00521	0.00388	0.01068
2	0.01996	0.01149	0.01283	0.01094	0.01423	0.01173	0.00858	0.16883	0.02224	0.11679	0.10839	0.03102	0.02553	0.04623	0.00847	0.00237	0.00535	0.00832	0.35742	0.00927
3	0.01477	0.00940	0.01171	0.01081	0.01343	0.00889	0.00821	0.01972	0.08502	0.12025	0.38501	0.12275	0.12787	0.01577	0.00891	0.00255	0.00444	0.01374	0.00832	0.00844
4	0.02148	0.10559	0.15362	0.01745	0.02391	0.06012	0.05956	0.09252	0.06607	0.12254	0.06902	0.02190	0.01780	0.00888	0.00837	0.00226	0.04997	0.00698	0.00563	0.08632
5	0.00942	0.00683	0.00891	0.01057	0.01119	0.00632	0.00710	0.01082	0.01507	0.01988	0.04553	0.67195	0.09998	0.02393	0.00984	0.00311	0.00445	0.02160	0.00720	0.00632
6	0.03029	0.01199	0.01595	0.01259	0.01771	0.01053	0.01027	0.03342	0.02133	0.54724	0.07328	0.02887	0.02293	0.00994	0.00755	0.00232	0.00598	0.00814	0.11773	0.01195
7	0.01880	0.02080	0.12892	0.22881	0.15324	0.01822	0.18031	0.06532	0.01853	0.06838	0.01585	0.02007	0.01173	0.00746	0.00804	0.00249	0.01063	0.00736	0.00430	0.01075
8	0.01601	0.01560	0.02356	0.01959	0.02060	0.01999	0.09653	0.01799	0.01259	0.01874	0.01372	0.02418	0.01396	0.15439	0.02612	0.00411	0.48264	0.00798	0.00372	0.00799
9	0.00940	0.00780	0.00823	0.00825	0.01065	0.00663	0.00614	0.01154	0.01805	0.02214	0.15043	0.10816	0.56702	0.01942	0.00920	0.00263	0.00393	0.01639	0.00737	0.00663
10	0.01637	0.01244	0.01682	0.04084	0.07526	0.01303	0.03297	0.06069	0.11367	0.07997	0.21395	0.14010	0.07637	0.01413	0.00978	0.00263	0.05240	0.01215	0.00712	0.00933
11	0.07487	0.13632	0.09207	0.01632	0.02271	0.01987	0.04339	0.14526	0.14997	0.18961	0.02166	0.02101	0.01546	0.00872	0.00717	0.00233	0.00789	0.00686	0.00667	0.01186
12	0.02384	0.07101	0.16665	0.01953	0.02634	0.12424	0.06680	0.29870	0.02600	0.03365	0.01730	0.05852	0.01391	0.00919	0.00762	0.00233	0.01009	0.00729	0.00562	0.01136
13	0.01445	0.00723	0.00723	0.00723	0.00903	0.00723	0.00542	0.01807	0.01626	0.02891	0.02529	0.02891	0.01987	0.00903	0.00542	0.00181	0.00361	0.00723	0.77055	0.00723
14	0.02047	0.02083	0.16556	0.01678	0.05358	0.01461	0.01527	0.10598	0.04135	0.11726	0.01733	0.01843	0.01282	0.00729	0.00680	0.00186	0.00765	0.00583	0.00546	0.34482
15	0.02144	0.01969	0.02240	0.08502	0.09054	0.16297	0.04685	0.02555	0.06069	0.10898	0.01728	0.02203	0.01421	0.05690	0.05397	0.00347	0.16635	0.00718	0.00485	0.00964
16	0.00945	0.00675	0.00900	0.01080	0.01125	0.00630	0.00720	0.01080	0.01484	0.01979	0.04274	0.72245	0.05128	0.02429	0.00990	0.00315	0.00450	0.02204	0.00720	0.00630
17	0.02173	0.02176	0.06335	0.05865	0.09543	0.11406	0.14212	0.10640	0.10288	0.07039	0.01864	0.04488	0.01481	0.00926	0.00973	0.00253	0.07942	0.00784	0.00529	0.01082
18	0.00991	0.00710	0.00870	0.00978	0.01039	0.00666	0.00635	0.01097	0.01424	0.01865	0.04241	0.45667	0.12582	0.21421	0.01781	0.00426	0.00524	0.01839	0.00652	0.00590
19	0.02142	0.06617	0.02481	0.02276	0.12823	0.06036	0.08594	0.11294	0.17453	0.08032	0.02405	0.03157	0.02011	0.01047	0.00814	0.00255	0.00854	0.09972	0.00625	0.01114
20	0.78228	0.01499	0.01140	0.01020	0.01499	0.01739	0.00840	0.02279	0.01320	0.03479	0.01080	0.01260	0.00840	0.00720	0.00480	0.00240	0.00600	0.00420	0.00480	0.00840
21	0.00964	0.00689	0.00917	0.01067	0.01129	0.00642	0.00721	0.01127	0.01573	0.02120	0.12158	0.63959	0.05401	0.02324	0.00980	0.00306	0.00439	0.02104	0.00736	0.00642
22	0.01249	0.00892	0.01249	0.01428	0.01606	0.00892	0.01249	0.01606	0.01785	0.02320	0.04105	0.08746	0.04462	0.02142	0.01071	0.00357	0.00714	0.62695	0.00714	0.00714
23	0.01929	0.01666	0.01753	0.01578	0.02016	0.01929	0.01227	0.04120	0.66513	0.03243	0.03156	0.02893	0.02367	0.01052	0.00789	0.00263	0.00614	0.00877	0.00789	0.01227
24	0.00934	0.00786	0.00810	0.00804	0.01058	0.00662	0.00603	0.01147	0.01809	0.02195	0.13735	0.07297	0.61657	0.01926	0.00916	0.00260	0.00390	0.01613	0.00733	0.00662
25	0.78228	0.01499	0.01140	0.01020	0.01499	0.01739	0.00840	0.02279	0.01320	0.03479	0.01080	0.01260	0.00840	0.00720	0.00480	0.00240	0.00600	0.00420	0.00480	0.00840
26	0.02373	0.01451	0.02283	0.29047	0.16971	0.01512	0.01790	0.02791	0.01866	0.28979	0.02075	0.02268	0.01432	0.00832	0.00775	0.00245	0.00859	0.00726	0.00601	0.01123
27	0.01388	0.01093	0.01458	0.01253	0.01557	0.01037	0.04600	0.06475	0.01653	0.02341	0.08514	0.13539	0.02827	0.16405	0.14362	0.00515	0.00918	0.01058	0.00550	0.18456
28	0.51649	0.26530	0.02160	0.01127	0.01671	0.02203	0.01010	0.02294	0.01409	0.02901	0.01079	0.01254	0.00894	0.00700	0.00486	0.00214	0.00680	0.00418	0.00428	0.00894
29	0.02252	0.58449	0.07520	0.01386	0.02069	0.02706	0.01389	0.02547	0.01675	0.11784	0.01391	0.01475	0.01132	0.00712	0.00554	0.00182	0.00823	0.00478	0.00425	0.01052
30	0.06165	0.08961	0.11567	0.01483	0.01997	0.01616	0.01376	0.08432	0.12299	0.02690	0.02419	0.06312	0.03731	0.01735	0.09670	0.00373	0.00921	0.08990	0.00560	0.08704

[dist]
# distance from previous block
# <min> <max>
4	7

[block]
# block no. 6 follows, 25 sequences, length 10
# corresponding to MSA columns:
# 605-614
name=unknown_G
#
# <colnr> <probs for GDERKNQSTAVLIFYWHMCP>
#	G	D	E	R	K	N	Q	S	T	A	V	L	I	F	Y	W	H	M	C	P
0	0.01772	0.01762	0.06820	0.17921	0.26111	0.01709	0.07446	0.07935	0.04284	0.02720	0.08801	0.02443	0.01912	0.00850	0.00788	0.00241	0.00892	0.00789	0.03744	0.01059
1	0.00945	0.00675	0.00900	0.01080	0.01125	0.00630	0.00720	0.01080	0.01484	0.01979	0.04274	0.72245	0.05128	0.02429	0.00990	0.00315	0.00450	0.02204	0.00720	0.00630
2	0.01683	0.01329	0.01563	0.05806	0.01861	0.09144	0.05065	0.02033	0.02093	0.11475	0.36900	0.04526	0.10707	0.01332	0.00862	0.00242	0.00634	0.01156	0.00739	0.00851
3	0.02516	0.13109	0.02865	0.02319	0.13617	0.07750	0.11570	0.06476	0.04259	0.22415	0.04137	0.02170	0.01617	0.00827	0.00752	0.00227	0.00898	0.00723	0.00604	0.01150
4	0.01443	0.00749	0.00842	0.00863	0.01035	0.00725	0.00630	0.01738	0.01626	0.06958	0.03040	0.21797	0.02840	0.01323	0.00680	0.00221	0.00405	0.01131	0.51218	0.00737
5	0.01464	0.01378	0.02326	0.70887	0.05340	0.01723	0.02153	0.01981	0.01550	0.01981	0.01378	0.02067	0.01034	0.00775	0.00775	0.00258	0.01034	0.00689	0.00345	0.00861
6	0.02119	0.11269	0.15899	0.05784	0.19964	0.02018	0.09072	0.11448	0.04106	0.08500	0.01657	0.01891	0.01246	0.00765	0.00747	0.00232	0.00959	0.00673	0.00484	0.01167
7	0.02003	0.08309	0.16006	0.07924	0.10633	0.01785	0.05223	0.08527	0.09799	0.10939	0.02384	0.05381	0.05775	0.00958	0.00770	0.00243	0.00859	0.00814	0.00559	0.01108
8	0.01060	0.00770	0.00978	0.00990	0.01137	0.00715	0.00720	0.01328	0.01887	0.02587	0.39243	0.19237	0.12371	0.08508	0.01223	0.00314	0.00441	0.05040	0.00770	0.00678
9	0.06739	0.01347	0.01815	0.01454	0.01948	0.01272	0.05210	0.10531	0.02219	0.37888	0.08929	0.12090	0.02679	0.01180	0.00813	0.00251	0.00666	0.01009	0.00833	0.01128

[dist]
# distance from previous block
# <min> <max>
6	7

[block]
# block no. 7 follows, 25 sequences, length 35
# corresponding to MSA columns:
# 622-656
name=unknown_H
#
# <colnr> <probs for GDERKNQSTAVLIFYWHMCP>
#	G	D	E	R	K	N	Q	S	T	A	V	L	I	F	Y	W	H	M	C	P
0	0.12993	0.04839	0.04735	0.02073	0.12188	0.01702	0.07687	0.02986	0.18656	0.13917	0.02407	0.02424	0.04690	0.00886	0.00734	0.00239	0.00752	0.00755	0.00616	0.04722
1	0.02355	0.22303	0.13113	0.01748	0.02438	0.05186	0.05257	0.17544	0.09951	0.10111	0.01808	0.01855	0.01344	0.00822	0.00698	0.00221	0.00892	0.00633	0.00565	0.01156
2	0.00965	0.00696	0.00917	0.01074	0.01143	0.00648	0.00736	0.01126	0.01553	0.02067	0.08273	0.62530	0.08181	0.02344	0.00985	0.00310	0.00453	0.04629	0.00728	0.00641
3	0.02039	0.12162	0.40273	0.02106	0.05778	0.01843	0.06078	0.02701	0.01763	0.15566	0.01698	0.01827	0.01194	0.00765	0.00727	0.00234	0.01008	0.00620	0.00461	0.01159
4	0.00945	0.00675	0.00900	0.01080	0.01125	0.00630	0.00720	0.01080	0.01484	0.01979	0.04274	0.72245	0.05128	0.02429	0.00990	0.00315	0.00450	0.02204	0.00720	0.00630
5	0.02947	0.02172	0.02327	0.01784	0.02404	0.02404	0.01474	0.65329	0.03646	0.04887	0.01862	0.01862	0.01319	0.00931	0.00776	0.00233	0.00853	0.00698	0.00776	0.01319
6	0.01249	0.00892	0.01249	0.01428	0.01606	0.00892	0.01249	0.01606	0.01785	0.02320	0.04105	0.08746	0.04462	0.02142	0.01071	0.00357	0.00714	0.62695	0.00714	0.00714
7	0.78228	0.01499	0.01140	0.01020	0.01499	0.01739	0.00840	0.02279	0.01320	0.03479	0.01080	0.01260	0.00840	0.00720	0.00480	0.00240	0.00600	0.00420	0.00480	0.00840
8	0.01249	0.00892	0.01249	0.01428	0.01606	0.00892	0.01249	0.01606	0.01785	0.02320	0.04105	0.08746	0.04462	0.02142	0.01071	0.00357	0.00714	0.62695	0.00714	0.00714
9	0.02947	0.02172	0.02327	0.01784	0.02404	0.02404	0.01474	0.65329	0.03646	0.04887	0.01862	0.01862	0.01319	0.00931	0.00776	0.00233	0.00853	0.00698	0.00776	0.01319
10	0.52600	0.16488	0.04090	0.01206	0.01751	0.04805	0.01070	0.05968	0.01553	0.03121	0.01140	0.01309	0.00911	0.00724	0.00518	0.00223	0.00712	0.00443	0.00458	0.00912
11	0.02073	0.73217	0.04063	0.01327	0.01990	0.03068	0.01327	0.02322	0.01575	0.01824	0.01078	0.01244	0.00995	0.00663	0.00498	0.00166	0.00829	0.00415	0.00332	0.00995
12	0.01155	0.00752	0.00922	0.00922	0.00941	0.00770	0.00565	0.01146	0.01127	0.01522	0.02243	0.04427	0.02498	0.54081	0.12686	0.11374	0.00920	0.01025	0.00444	0.00481
13	0.01572	0.07406	0.60039	0.02148	0.03213	0.01825	0.04961	0.02406	0.01665	0.02452	0.04295	0.01816	0.01269	0.00767	0.00739	0.00242	0.01101	0.00614	0.00353	0.01116
14	0.01709	0.01908	0.13256	0.01806	0.05888	0.04691	0.04252	0.12566	0.10913	0.02814	0.05573	0.25577	0.02911	0.01410	0.00850	0.00267	0.00764	0.01234	0.00628	0.00984
15	0.03479	0.01320	0.01799	0.01380	0.01979	0.01140	0.01140	0.03779	0.02219	0.68451	0.03059	0.02639	0.01919	0.00960	0.00780	0.00240	0.00660	0.00780	0.00960	0.01320
16	0.00941	0.00786	0.00820	0.00812	0.01063	0.00665	0.00609	0.01161	0.01826	0.02234	0.16065	0.07232	0.59302	0.01912	0.00916	0.00259	0.00389	0.01604	0.00738	0.00665
17	0.02850	0.01491	0.02023	0.04772	0.11195	0.01448	0.01387	0.13945	0.02302	0.38631	0.02598	0.02859	0.01877	0.04145	0.00934	0.00268	0.00752	0.04522	0.00786	0.01214
18	0.01747	0.01352	0.01817	0.14028	0.08288	0.04276	0.01437	0.02090	0.01622	0.07704	0.02097	0.03114	0.01828	0.01133	0.01148	0.00264	0.16435	0.09229	0.19516	0.00876
19	0.78228	0.01499	0.01140	0.01020	0.01499	0.01739	0.00840	0.02279	0.01320	0.03479	0.01080	0.01260	0.00840	0.00720	0.00480	0.00240	0.00600	0.00420	0.00480	0.00840
20	0.03042	0.02020	0.02233	0.01712	0.02329	0.02180	0.01414	0.54395	0.03392	0.16179	0.02074	0.02000	0.01425	0.00936	0.00776	0.00234	0.00819	0.00713	0.00808	0.01319
21	0.02082	0.01903	0.01829	0.01632	0.02076	0.08992	0.01268	0.07204	0.56550	0.03189	0.02885	0.02684	0.02170	0.01019	0.00779	0.00255	0.00708	0.00828	0.00748	0.01198
22	0.02130	0.02241	0.02004	0.01776	0.02011	0.25460	0.01388	0.10204	0.01871	0.02238	0.01580	0.06042	0.01498	0.05997	0.09112	0.00401	0.21971	0.00751	0.00454	0.00873
23	0.01055	0.00791	0.00977	0.00931	0.01132	0.00713	0.00698	0.01381	0.02094	0.02870	0.53433	0.06186	0.21537	0.01674	0.00915	0.00248	0.00372	0.01457	0.00822	0.00713
24	0.01464	0.01378	0.02326	0.70887	0.05340	0.01723	0.02153	0.01981	0.01550	0.01981	0.01378	0.02067	0.01034	0.00775	0.00775	0.00258	0.01034	0.00689	0.00345	0.00861
25	0.01079	0.00792	0.01011	0.00956	0.01147	0.00724	0.00717	0.01428	0.02151	0.03006	0.61432	0.05962	0.13454	0.01624	0.00915	0.00246	0.00369	0.01426	0.00840	0.00724
26	0.78228	0.01499	0.01140	0.01020	0.01499	0.01739	0.00840	0.02279	0.01320	0.03479	0.01080	0.01260	0.00840	0.00720	0.00480	0.00240	0.00600	0.00420	0.00480	0.00840
27	0.02807	0.02102	0.02248	0.01756	0.02351	0.02339	0.01440	0.56904	0.12298	0.04660	0.02040	0.02003	0.01463	0.00947	0.00777	0.00237	0.00820	0.00723	0.00777	0.01306
28	0.02029	0.01877	0.01799	0.01622	0.02056	0.08967	0.01255	0.04014	0.59827	0.03104	0.02952	0.02737	0.02225	0.01026	0.00780	0.00256	0.00695	0.00837	0.00748	0.01193
29	0.00916	0.00785	0.00785	0.00785	0.01047	0.00655	0.00589	0.01113	0.01767	0.02095	0.07855	0.07462	0.67599	0.01964	0.00916	0.00262	0.00393	0.01636	0.00720	0.00655
30	0.01128	0.00752	0.00846	0.00846	0.00846	0.00752	0.00470	0.01128	0.01128	0.01503	0.02443	0.05074	0.02819	0.72751	0.03946	0.00752	0.00752	0.01128	0.00470	0.00470
31	0.78228	0.01499	0.01140	0.01020	0.01499	0.01739	0.00840	0.02279	0.01320	0.03479	0.01080	0.01260	0.00840	0.00720	0.00480	0.00240	0.00600	0.00420	0.00480	0.00840
32	0.03025	0.01700	0.09512	0.06275	0.02478	0.01348	0.04434	0.06160	0.02153	0.50631	0.02635	0.02428	0.01693	0.00906	0.00781	0.00242	0.00779	0.00753	0.00812	0.01256
33	0.01464	0.01378	0.02326	0.70887	0.05340	0.01723	0.02153	0.01981	0.01550	0.01981	0.01378	0.02067	0.01034	0.00775	0.00775	0.00258	0.01034	0.00689	0.00345	0.00861
34	0.02244	0.17658	0.02391	0.01649	0.02065	0.36483	0.03839	0.02487	0.01981	0.02068	0.10750	0.02501	0.05796	0.03919	0.00842	0.00228	0.01047	0.00714	0.00469	0.00870

[dist]
# distance from previous block
# <min> <max>
0	20

# created by:
# /home/cegg/simao/soft/augustus-3.2.1/scripts/msa2prfl.pl ./align_prep/17887.fa
