[name]
unknown

[dist]
# distance from previous block
# <min> <max>
3	128

[block]
# block no. 0 follows, 25 sequences, length 11
# corresponding to MSA columns:
# 151-161
name=unknown_A
#
# <colnr> <probs for GDERKNQSTAVLIFYWHMCP>
#	G	D	E	R	K	N	Q	S	T	A	V	L	I	F	Y	W	H	M	C	P
0	0.01273	0.00743	0.00921	0.01009	0.01139	0.00709	0.00727	0.01507	0.01595	0.06056	0.03630	0.41074	0.03884	0.01833	0.00840	0.00271	0.00454	0.06321	0.25311	0.00705
1	0.01552	0.01438	0.02013	0.01840	0.01897	0.01898	0.01552	0.01782	0.01380	0.02012	0.02012	0.03966	0.02127	0.01610	0.02070	0.00345	0.48595	0.20646	0.00460	0.00805
2	0.01106	0.00801	0.00973	0.01000	0.01139	0.00760	0.00738	0.01317	0.01670	0.02205	0.19871	0.06580	0.17403	0.24703	0.01927	0.00437	0.00576	0.15496	0.00671	0.00628
3	0.53973	0.02206	0.01480	0.01334	0.01788	0.23601	0.01052	0.02542	0.01602	0.02970	0.01118	0.01304	0.00891	0.00745	0.00550	0.00227	0.00857	0.00445	0.00454	0.00859
4	0.01651	0.02441	0.23740	0.02092	0.02461	0.02190	0.02073	0.02056	0.01332	0.02056	0.01138	0.01677	0.01006	0.01157	0.01962	0.00309	0.48734	0.00645	0.00335	0.00944
5	0.01173	0.00898	0.01132	0.01051	0.01314	0.00773	0.00774	0.01460	0.01822	0.02603	0.30935	0.26162	0.05100	0.01609	0.00855	0.00235	0.00444	0.01429	0.00714	0.19516
6	0.02135	0.02005	0.18436	0.31672	0.03772	0.01554	0.02001	0.02676	0.01787	0.23499	0.01923	0.02146	0.01306	0.00825	0.00767	0.00249	0.00941	0.00690	0.00538	0.01079
7	0.20601	0.01410	0.01477	0.01247	0.01643	0.01517	0.00997	0.22226	0.02447	0.03772	0.30086	0.03415	0.03797	0.01162	0.00763	0.00239	0.00580	0.00935	0.00737	0.00947
8	0.01116	0.00799	0.01086	0.01086	0.01169	0.00882	0.00770	0.01282	0.01199	0.01682	0.02223	0.03856	0.02290	0.32539	0.43435	0.01049	0.01548	0.00949	0.00437	0.00603
9	0.02393	0.01896	0.02015	0.01672	0.02193	0.02145	0.01340	0.32017	0.37860	0.03992	0.02566	0.02423	0.01889	0.00997	0.00783	0.00249	0.00723	0.00795	0.00783	0.01269
10	0.05227	0.00963	0.01167	0.01141	0.01451	0.00886	0.00943	0.01869	0.01841	0.15343	0.05259	0.06668	0.29124	0.01769	0.00923	0.00290	0.00569	0.22997	0.00754	0.00816

[dist]
# distance from previous block
# <min> <max>
0	33

[block]
# block no. 1 follows, 25 sequences, length 14
# corresponding to MSA columns:
# 195-208
name=unknown_B
#
# <colnr> <probs for GDERKNQSTAVLIFYWHMCP>
#	G	D	E	R	K	N	Q	S	T	A	V	L	I	F	Y	W	H	M	C	P
0	0.02871	0.02134	0.02284	0.01769	0.02376	0.02369	0.01455	0.60759	0.08339	0.04764	0.01958	0.01939	0.01397	0.00940	0.00777	0.00235	0.00835	0.00711	0.00777	0.01312
1	0.02073	0.73217	0.04063	0.01327	0.01990	0.03068	0.01327	0.02322	0.01575	0.01824	0.01078	0.01244	0.00995	0.00663	0.00498	0.00166	0.00829	0.00415	0.00332	0.00995
2	0.01391	0.00867	0.00941	0.00892	0.01117	0.00864	0.00677	0.04358	0.06103	0.02960	0.19486	0.04090	0.10655	0.01204	0.00703	0.00213	0.00402	0.01005	0.41297	0.00774
3	0.01134	0.00847	0.01093	0.01221	0.01414	0.00807	0.01025	0.01430	0.01760	0.02233	0.05190	0.12635	0.22578	0.02110	0.01021	0.00327	0.00604	0.41164	0.00716	0.00691
4	0.03205	0.01638	0.01982	0.01532	0.02130	0.01627	0.01262	0.25362	0.06335	0.42514	0.02645	0.02381	0.01734	0.00955	0.00779	0.00239	0.00725	0.00757	0.00886	0.01314
5	0.01464	0.01378	0.02326	0.70887	0.05340	0.01723	0.02153	0.01981	0.01550	0.01981	0.01378	0.02067	0.01034	0.00775	0.00775	0.00258	0.01034	0.00689	0.00345	0.00861
6	0.01071	0.00775	0.01079	0.01145	0.01236	0.00828	0.00834	0.01267	0.01334	0.01841	0.02929	0.24662	0.03203	0.14994	0.34225	0.00830	0.01290	0.05280	0.00535	0.00640
7	0.01653	0.01358	0.02266	0.11855	0.35604	0.01402	0.01731	0.01831	0.01464	0.02032	0.01408	0.02097	0.01246	0.01429	0.01591	0.28285	0.00846	0.00684	0.00362	0.00857
8	0.01699	0.01442	0.02237	0.56505	0.04667	0.01743	0.01968	0.05364	0.08292	0.06073	0.01679	0.02174	0.01234	0.00821	0.00777	0.00257	0.00961	0.00714	0.00446	0.00947
9	0.01249	0.00892	0.01249	0.01428	0.01606	0.00892	0.01249	0.01606	0.01785	0.02320	0.04105	0.08746	0.04462	0.02142	0.01071	0.00357	0.00714	0.62695	0.00714	0.00714
10	0.01822	0.02010	0.07431	0.07767	0.08909	0.05663	0.30719	0.02617	0.10758	0.02569	0.01847	0.02212	0.01409	0.00765	0.00806	0.00245	0.01039	0.00804	0.09575	0.01033
11	0.65725	0.06155	0.01552	0.01203	0.01706	0.05285	0.04169	0.02334	0.01406	0.03244	0.01110	0.01308	0.00875	0.00717	0.00514	0.00234	0.00691	0.00449	0.00462	0.00863
12	0.01183	0.00926	0.01303	0.01268	0.01354	0.01101	0.00958	0.01382	0.01230	0.01763	0.02139	0.07607	0.02182	0.17957	0.43305	0.00966	0.11322	0.00954	0.00435	0.00667
13	0.02172	0.50041	0.12189	0.01579	0.02252	0.16379	0.01564	0.02496	0.01709	0.01922	0.01144	0.01327	0.00994	0.00700	0.00570	0.00183	0.00986	0.00453	0.00345	0.00995

[dist]
# distance from previous block
# <min> <max>
0	10

[block]
# block no. 2 follows, 25 sequences, length 25
# corresponding to MSA columns:
# 219-243
name=unknown_C
#
# <colnr> <probs for GDERKNQSTAVLIFYWHMCP>
#	G	D	E	R	K	N	Q	S	T	A	V	L	I	F	Y	W	H	M	C	P
0	0.01097	0.00793	0.01036	0.00975	0.01158	0.00732	0.00732	0.01463	0.02195	0.03109	0.67505	0.05792	0.07316	0.01585	0.00914	0.00244	0.00366	0.01402	0.00854	0.00732
1	0.00949	0.00693	0.00894	0.01043	0.01118	0.00637	0.00706	0.01102	0.01550	0.02047	0.07733	0.61979	0.12023	0.02338	0.00978	0.00306	0.00440	0.02104	0.00726	0.00637
2	0.01705	0.01720	0.02509	0.02111	0.02159	0.02350	0.05567	0.01904	0.01227	0.01904	0.01051	0.01720	0.01027	0.01314	0.02445	0.00335	0.67057	0.00693	0.00342	0.00860
3	0.01608	0.01378	0.01608	0.01148	0.01837	0.01034	0.00919	0.01952	0.01608	0.02527	0.01378	0.01608	0.01148	0.00574	0.00574	0.00115	0.00574	0.00459	0.00459	0.77491
4	0.01165	0.00865	0.01132	0.01266	0.01465	0.00832	0.01083	0.01482	0.01780	0.02263	0.05051	0.08422	0.20394	0.02097	0.01032	0.00333	0.00633	0.47287	0.00715	0.00699
5	0.78228	0.01499	0.01140	0.01020	0.01499	0.01739	0.00840	0.02279	0.01320	0.03479	0.01080	0.01260	0.00840	0.00720	0.00480	0.00240	0.00600	0.00420	0.00480	0.00840
6	0.01347	0.00673	0.01010	0.01010	0.01010	0.00673	0.00673	0.01010	0.01010	0.01347	0.01347	0.02357	0.01347	0.02694	0.03030	0.77441	0.00673	0.00673	0.00337	0.00337
7	0.02073	0.73217	0.04063	0.01327	0.01990	0.03068	0.01327	0.02322	0.01575	0.01824	0.01078	0.01244	0.00995	0.00663	0.00498	0.00166	0.00829	0.00415	0.00332	0.00995
8	0.03299	0.01608	0.01978	0.01517	0.02123	0.01568	0.01253	0.24638	0.02703	0.46909	0.02653	0.02376	0.01716	0.00950	0.00778	0.00237	0.00725	0.00752	0.00897	0.01319
9	0.01128	0.00752	0.00846	0.00846	0.00846	0.00752	0.00470	0.01128	0.01128	0.01503	0.02443	0.05074	0.02819	0.72751	0.03946	0.00752	0.00752	0.01128	0.00470	0.00470
10	0.78228	0.01499	0.01140	0.01020	0.01499	0.01739	0.00840	0.02279	0.01320	0.03479	0.01080	0.01260	0.00840	0.00720	0.00480	0.00240	0.00600	0.00420	0.00480	0.00840
11	0.00945	0.00675	0.00900	0.01080	0.01125	0.00630	0.00720	0.01080	0.01484	0.01979	0.04274	0.72245	0.05128	0.02429	0.00990	0.00315	0.00450	0.02204	0.00720	0.00630
12	0.01608	0.01378	0.01608	0.01148	0.01837	0.01034	0.00919	0.01952	0.01608	0.02527	0.01378	0.01608	0.01148	0.00574	0.00574	0.00115	0.00574	0.00459	0.00459	0.77491
13	0.03479	0.01320	0.01799	0.01380	0.01979	0.01140	0.01140	0.03779	0.02219	0.68451	0.03059	0.02639	0.01919	0.00960	0.00780	0.00240	0.00660	0.00780	0.00960	0.01320
14	0.01555	0.04011	0.68733	0.02210	0.03356	0.01801	0.02865	0.02455	0.01637	0.02455	0.01391	0.01637	0.00982	0.00737	0.00737	0.00246	0.01146	0.00573	0.00327	0.01146
15	0.02494	0.03090	0.03095	0.02477	0.03022	0.44094	0.25503	0.02865	0.02059	0.02119	0.01338	0.01660	0.01066	0.00744	0.00781	0.00223	0.01364	0.00656	0.00397	0.00954
16	0.02660	0.01233	0.01677	0.01374	0.01763	0.01222	0.01098	0.02900	0.01828	0.43262	0.02606	0.02899	0.01931	0.11327	0.09457	0.00439	0.09678	0.00820	0.00752	0.01072
17	0.03479	0.01320	0.01799	0.01380	0.01979	0.01140	0.01140	0.03779	0.02219	0.68451	0.03059	0.02639	0.01919	0.00960	0.00780	0.00240	0.00660	0.00780	0.00960	0.01320
18	0.00983	0.00804	0.00878	0.00904	0.01147	0.00699	0.00708	0.01216	0.01796	0.02193	0.10827	0.07576	0.53425	0.01971	0.00942	0.00277	0.00445	0.11814	0.00727	0.00669
19	0.01824	0.07452	0.40248	0.02247	0.03131	0.13065	0.12768	0.02495	0.01751	0.02310	0.01504	0.04918	0.01210	0.00807	0.00758	0.00239	0.01164	0.00684	0.00368	0.01056
20	0.01640	0.01487	0.02110	0.44727	0.04086	0.01800	0.01804	0.02788	0.26070	0.02458	0.02049	0.02379	0.01537	0.00880	0.00780	0.00260	0.00875	0.00760	0.00512	0.00999
21	0.67212	0.04606	0.05180	0.01147	0.01668	0.05029	0.01007	0.02330	0.01390	0.03279	0.01103	0.01287	0.00862	0.00722	0.00506	0.00235	0.00678	0.00432	0.00461	0.00866
22	0.01419	0.01100	0.01200	0.01109	0.01432	0.01105	0.00852	0.02294	0.22672	0.06381	0.17192	0.05412	0.31718	0.01544	0.00867	0.00258	0.00474	0.01301	0.00781	0.00890
23	0.02288	0.02008	0.02519	0.02069	0.05657	0.05957	0.08892	0.27942	0.02418	0.03309	0.01515	0.01790	0.01189	0.00913	0.01130	0.00238	0.15814	0.00670	0.00548	0.13134
24	0.01608	0.01378	0.01608	0.01148	0.01837	0.01034	0.00919	0.01952	0.01608	0.02527	0.01378	0.01608	0.01148	0.00574	0.00574	0.00115	0.00574	0.00459	0.00459	0.77491

[dist]
# distance from previous block
# <min> <max>
0	18

[block]
# block no. 3 follows, 25 sequences, length 72
# corresponding to MSA columns:
# 262-333
name=unknown_D
#
# <colnr> <probs for GDERKNQSTAVLIFYWHMCP>
#	G	D	E	R	K	N	Q	S	T	A	V	L	I	F	Y	W	H	M	C	P
0	0.09143	0.06797	0.09141	0.04919	0.05132	0.01443	0.01402	0.03175	0.01982	0.42700	0.04752	0.02371	0.01784	0.00896	0.00734	0.00236	0.00738	0.00716	0.00748	0.01190
1	0.01663	0.31930	0.16333	0.01404	0.02007	0.01997	0.01444	0.04767	0.01822	0.02392	0.16166	0.05738	0.07332	0.01056	0.00700	0.00215	0.00748	0.00836	0.00507	0.00944
2	0.01539	0.01000	0.01255	0.01197	0.01342	0.01087	0.00856	0.02035	0.22596	0.01972	0.01943	0.02534	0.01683	0.02153	0.02292	0.52008	0.00654	0.00740	0.00486	0.00630
3	0.01929	0.01666	0.01753	0.01578	0.02016	0.01929	0.01227	0.04120	0.66513	0.03243	0.03156	0.02893	0.02367	0.01052	0.00789	0.00263	0.00614	0.00877	0.00789	0.01227
4	0.01540	0.01588	0.11864	0.02214	0.18193	0.01254	0.01544	0.01942	0.01740	0.07442	0.14940	0.17843	0.03305	0.01712	0.06623	0.00342	0.03236	0.01153	0.00583	0.00941
5	0.02519	0.02085	0.08600	0.02685	0.23634	0.06635	0.01793	0.13415	0.08191	0.19499	0.02059	0.02117	0.01483	0.00844	0.00766	0.00235	0.00871	0.00707	0.00627	0.01235
6	0.02896	0.03695	0.02197	0.01998	0.02397	0.69638	0.01498	0.03096	0.02197	0.01898	0.01199	0.01398	0.00999	0.00799	0.00699	0.00200	0.01398	0.00499	0.00400	0.00899
7	0.00929	0.00786	0.00804	0.00799	0.01055	0.00660	0.00599	0.01138	0.01798	0.02168	0.12141	0.07342	0.63267	0.01936	0.00916	0.00261	0.00391	0.01620	0.00730	0.00660
8	0.06577	0.04751	0.06781	0.05851	0.05857	0.01423	0.01392	0.03382	0.05989	0.45986	0.02572	0.02380	0.01695	0.00899	0.00749	0.00239	0.00733	0.00727	0.00784	0.01231
9	0.02136	0.02879	0.22085	0.02273	0.03019	0.14966	0.17610	0.08722	0.10875	0.05222	0.01747	0.01935	0.01290	0.00798	0.00786	0.00242	0.01116	0.00705	0.00486	0.01107
10	0.02133	0.01014	0.01329	0.01197	0.01487	0.00936	0.00917	0.02336	0.01735	0.29922	0.03125	0.08422	0.02885	0.24927	0.01891	0.00435	0.00689	0.12997	0.00737	0.00884
11	0.01793	0.01714	0.02919	0.23093	0.50565	0.01809	0.02317	0.02269	0.01706	0.02380	0.01436	0.01960	0.01174	0.00714	0.00770	0.00238	0.00952	0.00690	0.00373	0.01126
12	0.01744	0.01851	0.07559	0.36871	0.19908	0.05891	0.05872	0.02252	0.01708	0.04354	0.03644	0.02101	0.01320	0.00779	0.00779	0.00246	0.01019	0.00709	0.00396	0.00996
13	0.01815	0.02196	0.08073	0.03210	0.04014	0.01952	0.61705	0.02482	0.01820	0.02482	0.01559	0.02067	0.01166	0.00658	0.00905	0.00261	0.01298	0.00896	0.00389	0.01051
14	0.01000	0.00740	0.00948	0.01092	0.01206	0.00687	0.00801	0.01192	0.01600	0.02070	0.04935	0.46931	0.17128	0.02281	0.00992	0.00313	0.00492	0.14223	0.00719	0.00651
15	0.02032	0.10737	0.03286	0.03531	0.37233	0.06934	0.12594	0.06920	0.01920	0.02545	0.01672	0.02024	0.03581	0.00752	0.00760	0.00227	0.00985	0.00716	0.00420	0.01131
16	0.17480	0.01759	0.01732	0.01471	0.01959	0.10697	0.01205	0.13828	0.02224	0.25494	0.02375	0.03011	0.01873	0.01069	0.00755	0.00251	0.00790	0.10228	0.00721	0.01076
17	0.00945	0.00675	0.00900	0.01080	0.01125	0.00630	0.00720	0.01080	0.01484	0.01979	0.04274	0.72245	0.05128	0.02429	0.00990	0.00315	0.00450	0.02204	0.00720	0.00630
18	0.63597	0.01926	0.01345	0.01210	0.01674	0.14927	0.00968	0.02438	0.01490	0.03172	0.01103	0.01286	0.00871	0.00735	0.00522	0.00232	0.00755	0.00435	0.00464	0.00851
19	0.01057	0.00761	0.00805	0.00813	0.00962	0.00696	0.00547	0.01201	0.01510	0.01978	0.05119	0.09181	0.33680	0.26860	0.01944	0.00427	0.00518	0.01372	0.09971	0.00596
20	0.01997	0.01688	0.02166	0.15287	0.08663	0.05402	0.05953	0.22814	0.02352	0.03126	0.04867	0.09452	0.06023	0.01089	0.00802	0.00245	0.00838	0.00937	0.05288	0.01011
21	0.01121	0.00778	0.00978	0.00978	0.01023	0.00823	0.00634	0.01212	0.01167	0.01601	0.02322	0.04406	0.02529	0.50693	0.25607	0.00915	0.01188	0.01030	0.00452	0.00543
22	0.02233	0.59715	0.03701	0.01457	0.02069	0.15997	0.01360	0.02472	0.01696	0.01838	0.01101	0.01274	0.00996	0.00690	0.00537	0.00172	0.00940	0.00431	0.00345	0.00976
23	0.01347	0.00673	0.01010	0.01010	0.01010	0.00673	0.00673	0.01010	0.01010	0.01347	0.01347	0.02357	0.01347	0.02694	0.03030	0.77441	0.00673	0.00673	0.00337	0.00337
24	0.02197	0.40708	0.11906	0.01582	0.02269	0.05070	0.01555	0.15199	0.08054	0.02657	0.01474	0.01578	0.01186	0.00768	0.00619	0.00200	0.00876	0.00538	0.00465	0.01098
25	0.01642	0.10333	0.02979	0.43753	0.09360	0.01958	0.12589	0.02133	0.01605	0.02084	0.01367	0.01947	0.01067	0.00754	0.00823	0.00248	0.03375	0.00693	0.00354	0.00936
26	0.01555	0.04011	0.68733	0.02210	0.03356	0.01801	0.02865	0.02455	0.01637	0.02455	0.01391	0.01637	0.00982	0.00737	0.00737	0.00246	0.01146	0.00573	0.00327	0.01146
27	0.01019	0.00761	0.00947	0.00960	0.01125	0.00689	0.00697	0.01289	0.01922	0.02601	0.38446	0.22883	0.20051	0.01881	0.00934	0.00266	0.00393	0.01656	0.00790	0.00689
28	0.02698	0.01965	0.01883	0.01601	0.02096	0.14831	0.01262	0.06753	0.28920	0.25448	0.02680	0.02466	0.01897	0.00965	0.00768	0.00241	0.00793	0.00761	0.00771	0.01200
29	0.01929	0.01666	0.01753	0.01578	0.02016	0.01929	0.01227	0.04120	0.66513	0.03243	0.03156	0.02893	0.02367	0.01052	0.00789	0.00263	0.00614	0.00877	0.00789	0.01227
30	0.01896	0.01315	0.01374	0.01211	0.01562	0.01447	0.00949	0.14906	0.23401	0.03395	0.02606	0.02692	0.01983	0.00958	0.00669	0.00218	0.00540	0.00769	0.37108	0.01005
31	0.02281	0.29257	0.03287	0.02063	0.08762	0.04559	0.12007	0.06583	0.06557	0.12594	0.01797	0.02058	0.01416	0.00805	0.00699	0.00218	0.00893	0.02548	0.00518	0.01101
32	0.01718	0.04244	0.05399	0.04431	0.04914	0.01248	0.01167	0.02215	0.06607	0.07135	0.08922	0.02289	0.01966	0.00857	0.00761	0.03175	0.00640	0.00650	0.00537	0.41122
33	0.05242	0.35352	0.30655	0.01738	0.02571	0.08210	0.01960	0.02442	0.01643	0.02165	0.01219	0.01421	0.00983	0.00708	0.00613	0.00205	0.01000	0.00488	0.00342	0.01043
34	0.01108	0.00831	0.01246	0.01246	0.01385	0.00969	0.00969	0.01385	0.01246	0.01800	0.02077	0.03046	0.01938	0.05815	0.69678	0.01246	0.02077	0.00831	0.00415	0.00692
35	0.01104	0.00818	0.01177	0.01157	0.01310	0.00891	0.00891	0.01410	0.01559	0.02231	0.23638	0.03951	0.03710	0.04421	0.47018	0.00916	0.01513	0.01019	0.00560	0.00705
36	0.01936	0.01792	0.03086	0.10320	0.57140	0.01810	0.05041	0.02403	0.01767	0.05031	0.01518	0.01967	0.01236	0.00707	0.00775	0.00234	0.00938	0.00704	0.00403	0.01192
37	0.01347	0.00673	0.01010	0.01010	0.01010	0.00673	0.00673	0.01010	0.01010	0.01347	0.01347	0.02357	0.01347	0.02694	0.03030	0.77441	0.00673	0.00673	0.00337	0.00337
38	0.01929	0.01666	0.01753	0.01578	0.02016	0.01929	0.01227	0.04120	0.66513	0.03243	0.03156	0.02893	0.02367	0.01052	0.00789	0.00263	0.00614	0.00877	0.00789	0.01227
39	0.01830	0.02092	0.04575	0.03268	0.04052	0.01961	0.65098	0.02484	0.01830	0.02484	0.01569	0.02092	0.01176	0.00654	0.00915	0.00261	0.01307	0.00915	0.00392	0.01046
40	0.01347	0.00673	0.01010	0.01010	0.01010	0.00673	0.00673	0.01010	0.01010	0.01347	0.01347	0.02357	0.01347	0.02694	0.03030	0.77441	0.00673	0.00673	0.00337	0.00337
41	0.00952	0.00760	0.00857	0.00918	0.01108	0.00665	0.00673	0.01147	0.01702	0.02114	0.08870	0.26380	0.43210	0.02096	0.00947	0.00282	0.00428	0.05514	0.00725	0.00654
42	0.01128	0.00752	0.00846	0.00846	0.00846	0.00752	0.00470	0.01128	0.01128	0.01503	0.02443	0.05074	0.02819	0.72751	0.03946	0.00752	0.00752	0.01128	0.00470	0.00470
43	0.00945	0.00675	0.00900	0.01080	0.01125	0.00630	0.00720	0.01080	0.01484	0.01979	0.04274	0.72245	0.05128	0.02429	0.00990	0.00315	0.00450	0.02204	0.00720	0.00630
44	0.01801	0.02378	0.15748	0.03425	0.18799	0.01904	0.39332	0.02454	0.01780	0.02490	0.01511	0.01970	0.01154	0.00677	0.00849	0.00251	0.01188	0.00801	0.00379	0.01106
45	0.01037	0.00730	0.00953	0.01096	0.01157	0.00702	0.00766	0.01185	0.01468	0.01946	0.03876	0.47183	0.04544	0.16477	0.01597	0.00410	0.00559	0.13032	0.00669	0.00613
46	0.01123	0.00734	0.00969	0.01012	0.01050	0.00750	0.00667	0.01144	0.01213	0.01645	0.02596	0.20214	0.02913	0.29246	0.15906	0.15638	0.00923	0.01239	0.00493	0.00526
47	0.01880	0.07834	0.25946	0.08461	0.28272	0.09714	0.02355	0.02453	0.01740	0.02340	0.01372	0.01724	0.01084	0.00724	0.00730	0.00230	0.01057	0.00608	0.00359	0.01116
48	0.01969	0.01976	0.05896	0.06608	0.48520	0.05922	0.06090	0.02436	0.01823	0.05406	0.04696	0.02109	0.01516	0.00755	0.00779	0.00233	0.00950	0.00726	0.00429	0.01159
49	0.78228	0.01499	0.01140	0.01020	0.01499	0.01739	0.00840	0.02279	0.01320	0.03479	0.01080	0.01260	0.00840	0.00720	0.00480	0.00240	0.00600	0.00420	0.00480	0.00840
50	0.00986	0.00709	0.00964	0.01099	0.01160	0.00702	0.00755	0.01141	0.01419	0.01919	0.03747	0.55143	0.04383	0.06921	0.14491	0.00520	0.00782	0.01879	0.00647	0.00633
51	0.03016	0.01217	0.01651	0.01301	0.01820	0.01060	0.01060	0.03329	0.02214	0.55760	0.15576	0.03251	0.02967	0.01081	0.00806	0.00241	0.00603	0.00901	0.00939	0.01205
52	0.01587	0.01960	0.20892	0.01735	0.04865	0.01412	0.01633	0.05974	0.06277	0.06405	0.01979	0.02485	0.01625	0.03202	0.33580	0.00722	0.01494	0.00743	0.00471	0.00960
53	0.01607	0.01657	0.03205	0.44451	0.04837	0.01816	0.26762	0.02178	0.01660	0.02178	0.01453	0.02077	0.01089	0.00728	0.00830	0.00260	0.01141	0.00777	0.00363	0.00933
54	0.02176	0.01902	0.02857	0.08674	0.44986	0.01992	0.02108	0.20062	0.02279	0.03156	0.01566	0.01913	0.01240	0.00764	0.00770	0.00233	0.00910	0.00693	0.00491	0.01227
55	0.01768	0.07877	0.50193	0.02129	0.05034	0.06730	0.02453	0.06243	0.01766	0.02467	0.01387	0.01657	0.01032	0.00854	0.00848	0.04445	0.01094	0.00575	0.00362	0.01088
56	0.17317	0.01204	0.01454	0.01194	0.01652	0.01140	0.00965	0.02827	0.02038	0.37186	0.21065	0.03271	0.03250	0.01092	0.00760	0.00241	0.00564	0.00887	0.00836	0.01059
57	0.01576	0.01101	0.01376	0.04370	0.01711	0.01113	0.01037	0.14121	0.02003	0.06252	0.03439	0.39406	0.03735	0.01851	0.00917	0.00288	0.00609	0.09853	0.00714	0.04529
58	0.01097	0.00793	0.01036	0.00975	0.01158	0.00732	0.00732	0.01463	0.02195	0.03109	0.67505	0.05792	0.07316	0.01585	0.00914	0.00244	0.00366	0.01402	0.00854	0.00732
59	0.02896	0.03695	0.02197	0.01998	0.02397	0.69638	0.01498	0.03096	0.02197	0.01898	0.01199	0.01398	0.00999	0.00799	0.00699	0.00200	0.01398	0.00499	0.00400	0.00899
60	0.01347	0.00673	0.01010	0.01010	0.01010	0.00673	0.00673	0.01010	0.01010	0.01347	0.01347	0.02357	0.01347	0.02694	0.03030	0.77441	0.00673	0.00673	0.00337	0.00337
61	0.01866	0.49328	0.02962	0.01128	0.01632	0.02295	0.01068	0.02152	0.01592	0.02176	0.01556	0.01786	0.01322	0.00742	0.00512	0.00171	0.00675	0.00516	0.25615	0.00905
62	0.01608	0.01378	0.01608	0.01148	0.01837	0.01034	0.00919	0.01952	0.01608	0.02527	0.01378	0.01608	0.01148	0.00574	0.00574	0.00115	0.00574	0.00459	0.00459	0.77491
63	0.01835	0.00964	0.01223	0.01059	0.01400	0.00846	0.00829	0.02135	0.02092	0.24378	0.30794	0.05186	0.21176	0.01477	0.00871	0.00247	0.00470	0.01258	0.00854	0.00905
64	0.01701	0.49312	0.03021	0.01245	0.01705	0.02265	0.01127	0.01912	0.01545	0.01875	0.02131	0.24641	0.02357	0.01245	0.00660	0.00215	0.00704	0.01004	0.00460	0.00875
65	0.27018	0.01760	0.02669	0.02866	0.24475	0.01903	0.14357	0.02299	0.01555	0.02746	0.01297	0.01707	0.01062	0.00781	0.00938	0.00254	0.10243	0.00645	0.00411	0.01013
66	0.01929	0.01666	0.01753	0.01578	0.02016	0.01929	0.01227	0.04120	0.66513	0.03243	0.03156	0.02893	0.02367	0.01052	0.00789	0.00263	0.00614	0.00877	0.00789	0.01227
67	0.01097	0.00793	0.01036	0.00975	0.01158	0.00732	0.00732	0.01463	0.02195	0.03109	0.67505	0.05792	0.07316	0.01585	0.00914	0.00244	0.00366	0.01402	0.00854	0.00732
68	0.00945	0.00675	0.00900	0.01080	0.01125	0.00630	0.00720	0.01080	0.01484	0.01979	0.04274	0.72245	0.05128	0.02429	0.00990	0.00315	0.00450	0.02204	0.00720	0.00630
69	0.03455	0.01357	0.01823	0.01397	0.01998	0.01196	0.01154	0.06512	0.02283	0.65629	0.03006	0.02605	0.01893	0.00958	0.00780	0.00240	0.00668	0.00776	0.00951	0.01319
70	0.02896	0.03695	0.02197	0.01998	0.02397	0.69638	0.01498	0.03096	0.02197	0.01898	0.01199	0.01398	0.00999	0.00799	0.00699	0.00200	0.01398	0.00499	0.00400	0.00899
71	0.01555	0.04011	0.68733	0.02210	0.03356	0.01801	0.02865	0.02455	0.01637	0.02455	0.01391	0.01637	0.00982	0.00737	0.00737	0.00246	0.01146	0.00573	0.00327	0.01146

[dist]
# distance from previous block
# <min> <max>
0	16

[block]
# block no. 4 follows, 25 sequences, length 25
# corresponding to MSA columns:
# 350-374
name=unknown_E
#
# <colnr> <probs for GDERKNQSTAVLIFYWHMCP>
#	G	D	E	R	K	N	Q	S	T	A	V	L	I	F	Y	W	H	M	C	P
0	0.01700	0.01759	0.03407	0.30596	0.16569	0.01843	0.28134	0.02263	0.01706	0.02292	0.01472	0.02049	0.01129	0.00709	0.00831	0.00254	0.01125	0.00783	0.00372	0.01006
1	0.01452	0.01232	0.01953	0.48623	0.04073	0.01462	0.01737	0.01964	0.04805	0.04694	0.04659	0.15735	0.02164	0.01145	0.00823	0.00268	0.00860	0.01020	0.00482	0.00848
2	0.02101	0.01573	0.01860	0.01628	0.06545	0.01535	0.01201	0.21642	0.07548	0.07747	0.06680	0.08197	0.02129	0.00986	0.00740	0.00206	0.00668	0.00819	0.00661	0.25535
3	0.00945	0.00675	0.00900	0.01080	0.01125	0.00630	0.00720	0.01080	0.01484	0.01979	0.04274	0.72245	0.05128	0.02429	0.00990	0.00315	0.00450	0.02204	0.00720	0.00630
4	0.02163	0.07114	0.02484	0.28751	0.03564	0.15634	0.04754	0.15802	0.07374	0.02693	0.01575	0.01899	0.01198	0.00821	0.00748	0.00235	0.01034	0.00659	0.00484	0.01013
5	0.01830	0.02092	0.04575	0.03268	0.04052	0.01961	0.65098	0.02484	0.01830	0.02484	0.01569	0.02092	0.01176	0.00654	0.00915	0.00261	0.01307	0.00915	0.00392	0.01046
6	0.01347	0.00673	0.01010	0.01010	0.01010	0.00673	0.00673	0.01010	0.01010	0.01347	0.01347	0.02357	0.01347	0.02694	0.03030	0.77441	0.00673	0.00673	0.00337	0.00337
7	0.01225	0.00803	0.01027	0.01000	0.01104	0.00809	0.00683	0.01390	0.01466	0.05268	0.17269	0.07521	0.03701	0.35251	0.17483	0.00701	0.00939	0.01153	0.00580	0.00627
8	0.00953	0.00700	0.00895	0.01030	0.01116	0.00641	0.00702	0.01115	0.01581	0.02087	0.09872	0.57811	0.14058	0.02296	0.00973	0.00302	0.00435	0.02060	0.00731	0.00641
9	0.17689	0.01381	0.01995	0.21823	0.21486	0.01519	0.01624	0.01959	0.01549	0.02455	0.01977	0.17344	0.01952	0.01104	0.00758	0.00259	0.00781	0.00967	0.00467	0.00911
10	0.01140	0.00980	0.00999	0.00960	0.01261	0.00936	0.00730	0.01777	0.16058	0.02348	0.06818	0.06453	0.53201	0.01762	0.00888	0.00262	0.00441	0.01469	0.00735	0.00781
11	0.01929	0.01666	0.01753	0.01578	0.02016	0.01929	0.01227	0.04120	0.66513	0.03243	0.03156	0.02893	0.02367	0.01052	0.00789	0.00263	0.00614	0.00877	0.00789	0.01227
12	0.01895	0.09767	0.16086	0.03524	0.37191	0.01999	0.08444	0.04843	0.04245	0.02555	0.01496	0.01845	0.01197	0.00716	0.00749	0.00231	0.00979	0.00668	0.00398	0.01173
13	0.01139	0.00844	0.01247	0.01286	0.01434	0.00952	0.01031	0.01434	0.01365	0.01915	0.02525	0.04304	0.02495	0.05004	0.54535	0.01050	0.01776	0.14485	0.00481	0.00697
14	0.30183	0.01572	0.01679	0.01340	0.01901	0.01634	0.01106	0.16826	0.02211	0.31107	0.02084	0.01972	0.01399	0.00867	0.00671	0.00238	0.00681	0.00633	0.00747	0.01147
15	0.02010	0.57001	0.16306	0.01524	0.02268	0.05725	0.01627	0.02381	0.01614	0.01948	0.01143	0.01325	0.00993	0.00683	0.00552	0.00183	0.00914	0.00448	0.00334	0.01020
16	0.01906	0.04797	0.16380	0.29311	0.11635	0.01852	0.05256	0.09778	0.01907	0.07532	0.01573	0.01949	0.01152	0.00779	0.00763	0.00245	0.01000	0.00674	0.00445	0.01067
17	0.00945	0.00675	0.00900	0.01080	0.01125	0.00630	0.00720	0.01080	0.01484	0.01979	0.04274	0.72245	0.05128	0.02429	0.00990	0.00315	0.00450	0.02204	0.00720	0.00630
18	0.01156	0.01688	0.20452	0.01495	0.01886	0.01021	0.04039	0.01532	0.01543	0.02137	0.03336	0.49105	0.03777	0.01871	0.00914	0.00293	0.00685	0.01684	0.00594	0.00795
19	0.02229	0.22693	0.10150	0.07787	0.10520	0.09192	0.10765	0.02654	0.01808	0.12814	0.01582	0.01793	0.01199	0.00744	0.00703	0.00218	0.00991	0.00625	0.00455	0.01077
20	0.48138	0.29836	0.02295	0.01141	0.01693	0.02264	0.01032	0.02296	0.01421	0.02825	0.01079	0.01253	0.00901	0.00697	0.00487	0.00211	0.00690	0.00418	0.00421	0.00901
21	0.00939	0.00698	0.00876	0.01018	0.01108	0.00635	0.00692	0.01087	0.01544	0.02004	0.05030	0.58566	0.18319	0.02331	0.00974	0.00304	0.00438	0.02084	0.00720	0.00635
22	0.05260	0.50149	0.11276	0.01668	0.04866	0.05618	0.03896	0.02464	0.04720	0.02092	0.01253	0.01434	0.01069	0.00700	0.00574	0.00191	0.00892	0.00489	0.00367	0.01024
23	0.20230	0.13385	0.02610	0.02344	0.18478	0.02119	0.05938	0.11768	0.10686	0.03079	0.01603	0.01788	0.01262	0.00775	0.00670	0.00229	0.00805	0.00624	0.00511	0.01098
24	0.00945	0.00675	0.00900	0.01080	0.01125	0.00630	0.00720	0.01080	0.01484	0.01979	0.04274	0.72245	0.05128	0.02429	0.00990	0.00315	0.00450	0.02204	0.00720	0.00630

[dist]
# distance from previous block
# <min> <max>
0	2

[block]
# block no. 5 follows, 25 sequences, length 28
# corresponding to MSA columns:
# 377-404
name=unknown_F
#
# <colnr> <probs for GDERKNQSTAVLIFYWHMCP>
#	G	D	E	R	K	N	Q	S	T	A	V	L	I	F	Y	W	H	M	C	P
0	0.02146	0.15731	0.17102	0.02570	0.17243	0.14963	0.05562	0.02594	0.01785	0.06824	0.01416	0.01682	0.01121	0.00774	0.00817	0.00225	0.05369	0.00597	0.00403	0.01078
1	0.01347	0.00673	0.01010	0.01010	0.01010	0.00673	0.00673	0.01010	0.01010	0.01347	0.01347	0.02357	0.01347	0.02694	0.03030	0.77441	0.00673	0.00673	0.00337	0.00337
2	0.01608	0.01378	0.01608	0.01148	0.01837	0.01034	0.00919	0.01952	0.01608	0.02527	0.01378	0.01608	0.01148	0.00574	0.00574	0.00115	0.00574	0.00459	0.00459	0.77491
3	0.05267	0.25335	0.15437	0.01698	0.02432	0.02200	0.05504	0.14491	0.02111	0.15945	0.01711	0.01766	0.01244	0.00788	0.00676	0.00217	0.00880	0.00602	0.00549	0.01147
4	0.30872	0.01374	0.01640	0.01326	0.01843	0.01366	0.04912	0.02888	0.01825	0.33560	0.05812	0.05569	0.01920	0.00956	0.00694	0.00245	0.00651	0.00756	0.00730	0.01060
5	0.01406	0.01117	0.01302	0.01199	0.01477	0.01176	0.00916	0.02449	0.26068	0.03159	0.43620	0.04716	0.05479	0.01387	0.00868	0.00251	0.00458	0.01207	0.00830	0.00916
6	0.01612	0.01448	0.02376	0.03456	0.43210	0.01439	0.01859	0.01992	0.01715	0.02389	0.02473	0.16597	0.02556	0.01284	0.00865	0.00269	0.00794	0.12137	0.00507	0.01021
7	0.01696	0.01499	0.02040	0.37308	0.03707	0.01787	0.01692	0.05694	0.27031	0.02661	0.05275	0.02559	0.01869	0.00929	0.00787	0.00258	0.00829	0.00797	0.00562	0.01019
8	0.02384	0.01212	0.01600	0.01445	0.01851	0.01160	0.01227	0.09375	0.02170	0.30854	0.03417	0.05397	0.03038	0.01507	0.00915	0.00294	0.00706	0.29583	0.00826	0.01038
9	0.01830	0.02092	0.04575	0.03268	0.04052	0.01961	0.65098	0.02484	0.01830	0.02484	0.01569	0.02092	0.01176	0.00654	0.00915	0.00261	0.01307	0.00915	0.00392	0.01046
10	0.02280	0.01936	0.08265	0.13921	0.14694	0.01829	0.08425	0.15262	0.08159	0.14431	0.01966	0.02141	0.01413	0.00833	0.00787	0.00245	0.00912	0.00738	0.00589	0.01175
11	0.02422	0.01806	0.06108	0.09738	0.06612	0.01676	0.18928	0.12743	0.02178	0.22998	0.02164	0.05503	0.01591	0.00895	0.00823	0.00250	0.00937	0.00846	0.00634	0.01148
12	0.01347	0.00673	0.01010	0.01010	0.01010	0.00673	0.00673	0.01010	0.01010	0.01347	0.01347	0.02357	0.01347	0.02694	0.03030	0.77441	0.00673	0.00673	0.00337	0.00337
13	0.00916	0.00785	0.00785	0.00785	0.01047	0.00655	0.00589	0.01113	0.01767	0.02095	0.07855	0.07462	0.67599	0.01964	0.00916	0.00262	0.00393	0.01636	0.00720	0.00655
14	0.78228	0.01499	0.01140	0.01020	0.01499	0.01739	0.00840	0.02279	0.01320	0.03479	0.01080	0.01260	0.00840	0.00720	0.00480	0.00240	0.00600	0.00420	0.00480	0.00840
15	0.01608	0.01524	0.02585	0.50038	0.25068	0.01760	0.02225	0.02107	0.01618	0.02155	0.01403	0.02020	0.01095	0.00749	0.00773	0.00250	0.00998	0.00690	0.00357	0.00977
16	0.02947	0.02172	0.02327	0.01784	0.02404	0.02404	0.01474	0.65329	0.03646	0.04887	0.01862	0.01862	0.01319	0.00931	0.00776	0.00233	0.00853	0.00698	0.00776	0.01319
17	0.01633	0.05888	0.28592	0.08385	0.08631	0.01749	0.05875	0.05715	0.05488	0.02569	0.07536	0.02616	0.07070	0.00953	0.00853	0.00248	0.03902	0.00791	0.00465	0.01041
18	0.78228	0.01499	0.01140	0.01020	0.01499	0.01739	0.00840	0.02279	0.01320	0.03479	0.01080	0.01260	0.00840	0.00720	0.00480	0.00240	0.00600	0.00420	0.00480	0.00840
19	0.02591	0.01512	0.01722	0.01405	0.01892	0.01578	0.01133	0.20347	0.16646	0.23750	0.02648	0.02531	0.01866	0.00961	0.00734	0.00231	0.00644	0.00767	0.15860	0.01181
20	0.01816	0.02379	0.20066	0.15624	0.07399	0.04920	0.19841	0.04777	0.01815	0.05752	0.01747	0.04576	0.01408	0.00856	0.00820	0.00256	0.01091	0.03388	0.00434	0.01037
21	0.01044	0.00786	0.00935	0.00900	0.01087	0.00710	0.00656	0.01314	0.01936	0.02603	0.41125	0.06236	0.25824	0.09962	0.01267	0.00308	0.00419	0.01444	0.00767	0.00677
22	0.01807	0.21153	0.13462	0.01963	0.05675	0.06249	0.08060	0.02386	0.07674	0.02272	0.05447	0.05255	0.01851	0.01001	0.00951	0.00243	0.09449	0.03659	0.00451	0.00990
23	0.01127	0.00756	0.00866	0.00866	0.00873	0.00763	0.00495	0.01140	0.01134	0.01518	0.02425	0.04972	0.02775	0.69383	0.07253	0.00777	0.00818	0.01113	0.00467	0.00481
24	0.09090	0.17548	0.05853	0.10333	0.13052	0.06189	0.12052	0.08961	0.01879	0.02600	0.01369	0.01693	0.01092	0.00719	0.00693	0.00219	0.00962	0.00615	0.00421	0.04659
25	0.01293	0.00861	0.01077	0.01062	0.01265	0.00808	0.00780	0.01683	0.06402	0.08386	0.29110	0.26969	0.13689	0.01815	0.00918	0.00270	0.00440	0.01600	0.00798	0.00775
26	0.01991	0.11278	0.17539	0.01657	0.02340	0.01540	0.08599	0.02479	0.01858	0.16488	0.12242	0.02551	0.02266	0.00886	0.00736	0.00217	0.00797	0.00758	0.03451	0.10328
27	0.22115	0.05191	0.08523	0.01349	0.01806	0.01501	0.04109	0.10898	0.01876	0.03015	0.08470	0.15239	0.06922	0.01229	0.00735	0.00249	0.00663	0.01010	0.04207	0.00891

[dist]
# distance from previous block
# <min> <max>
2	8

[block]
# block no. 6 follows, 25 sequences, length 26
# corresponding to MSA columns:
# 413-438
name=unknown_G
#
# <colnr> <probs for GDERKNQSTAVLIFYWHMCP>
#	G	D	E	R	K	N	Q	S	T	A	V	L	I	F	Y	W	H	M	C	P
0	0.04409	0.02278	0.18832	0.02241	0.12750	0.06734	0.07428	0.06213	0.03918	0.02558	0.04844	0.03167	0.16128	0.01073	0.00873	0.00248	0.03911	0.00895	0.00500	0.01000
1	0.07715	0.01712	0.02299	0.01922	0.06528	0.01742	0.10490	0.11669	0.12644	0.02996	0.01721	0.01929	0.01349	0.00806	0.00870	0.00215	0.07092	0.00661	0.00536	0.25104
2	0.00974	0.00723	0.00912	0.01021	0.01134	0.00661	0.00718	0.01165	0.01658	0.02183	0.14321	0.46996	0.17747	0.02201	0.00967	0.00296	0.00437	0.04494	0.00739	0.00653
3	0.01856	0.01934	0.10021	0.07087	0.06926	0.01832	0.01557	0.05629	0.41505	0.03001	0.02493	0.02465	0.01878	0.00923	0.00761	0.00245	0.00736	0.00771	0.00643	0.07738
4	0.01160	0.00870	0.01085	0.01017	0.01228	0.00834	0.00767	0.01679	0.07931	0.03056	0.57920	0.05639	0.10732	0.01562	0.00903	0.00247	0.00390	0.01370	0.00839	0.00771
5	0.01312	0.00887	0.00981	0.00973	0.00991	0.00861	0.00556	0.01263	0.01244	0.01677	0.02586	0.05216	0.02936	0.70752	0.03925	0.00768	0.00807	0.01168	0.00528	0.00570
6	0.02020	0.01711	0.01805	0.01596	0.02051	0.01971	0.01249	0.09605	0.60880	0.03391	0.03040	0.02800	0.02273	0.01041	0.00788	0.00260	0.00635	0.00861	0.00788	0.01235
7	0.01929	0.01666	0.01753	0.01578	0.02016	0.01929	0.01227	0.04120	0.66513	0.03243	0.03156	0.02893	0.02367	0.01052	0.00789	0.00263	0.00614	0.00877	0.00789	0.01227
8	0.01510	0.01441	0.02335	0.57383	0.04692	0.01851	0.02064	0.01958	0.01479	0.01958	0.01307	0.01994	0.01030	0.00889	0.01122	0.00274	0.14822	0.00687	0.00343	0.00859
9	0.01557	0.01034	0.01304	0.01079	0.01466	0.00874	0.00840	0.01908	0.02024	0.11412	0.39587	0.04145	0.04792	0.01205	0.00796	0.00205	0.00466	0.01043	0.00751	0.23511
10	0.01865	0.45407	0.30051	0.01682	0.02539	0.02559	0.01945	0.02375	0.01600	0.02078	0.01204	0.01402	0.00990	0.00693	0.00594	0.00198	0.00956	0.00478	0.00330	0.01056
11	0.01929	0.01666	0.01753	0.01578	0.02016	0.01929	0.01227	0.04120	0.66513	0.03243	0.03156	0.02893	0.02367	0.01052	0.00789	0.00263	0.00614	0.00877	0.00789	0.01227
12	0.00951	0.00718	0.00880	0.00984	0.01105	0.00647	0.00683	0.01127	0.01636	0.02123	0.11476	0.46985	0.23452	0.02212	0.00961	0.00293	0.00425	0.01961	0.00733	0.00647
13	0.01338	0.00941	0.01178	0.01244	0.01345	0.00930	0.00909	0.01459	0.01510	0.02031	0.03232	0.10940	0.03539	0.32380	0.11839	0.00671	0.00956	0.22240	0.00622	0.00695
14	0.78228	0.01499	0.01140	0.01020	0.01499	0.01739	0.00840	0.02279	0.01320	0.03479	0.01080	0.01260	0.00840	0.00720	0.00480	0.00240	0.00600	0.00420	0.00480	0.00840
15	0.01416	0.00863	0.01138	0.01030	0.01268	0.00786	0.00786	0.01773	0.02198	0.11849	0.58885	0.05370	0.06594	0.01501	0.00896	0.00243	0.00405	0.01319	0.00868	0.00810
16	0.02531	0.01965	0.02092	0.01700	0.02246	0.02210	0.01373	0.40283	0.29370	0.04214	0.02391	0.02284	0.01748	0.00980	0.00781	0.00245	0.00755	0.00771	0.00781	0.01281
17	0.01116	0.00798	0.01078	0.01078	0.01159	0.00878	0.00760	0.01277	0.01196	0.01676	0.02230	0.03896	0.02307	0.33855	0.42143	0.01039	0.01522	0.00955	0.00438	0.00599
18	0.01007	0.00769	0.00925	0.00928	0.01114	0.00687	0.00680	0.01273	0.01920	0.02555	0.35517	0.18200	0.27880	0.01867	0.00929	0.00263	0.00390	0.01626	0.00783	0.00687
19	0.17493	0.01535	0.01674	0.01372	0.01875	0.01619	0.01112	0.16986	0.12910	0.22886	0.07366	0.02491	0.02067	0.00967	0.00721	0.00240	0.00648	0.00752	0.04147	0.01138
20	0.01036	0.00748	0.00993	0.01111	0.01222	0.00704	0.00819	0.01268	0.01711	0.02300	0.18349	0.42520	0.08164	0.02167	0.00986	0.00305	0.00480	0.13701	0.00748	0.00670
21	0.03110	0.01352	0.01717	0.01341	0.01883	0.01256	0.01100	0.12092	0.02333	0.50090	0.02815	0.02567	0.01845	0.00947	0.00745	0.00230	0.00644	0.00760	0.11939	0.01233
22	0.01855	0.01370	0.01633	0.01179	0.01856	0.01048	0.00948	0.02194	0.01689	0.11236	0.01600	0.01744	0.01250	0.00625	0.00601	0.00131	0.00586	0.00502	0.00525	0.67427
23	0.01882	0.19153	0.41260	0.01934	0.02843	0.07262	0.02237	0.06593	0.05456	0.02473	0.01437	0.01617	0.01086	0.00755	0.00686	0.00224	0.01046	0.00557	0.00389	0.01109
24	0.01867	0.01702	0.02200	0.01860	0.02015	0.02209	0.01538	0.13632	0.04153	0.02498	0.01867	0.02289	0.07090	0.01321	0.02005	0.00310	0.49266	0.00775	0.00471	0.00932
25	0.08470	0.06729	0.10701	0.01262	0.01913	0.01295	0.01172	0.02039	0.01673	0.04814	0.08406	0.02356	0.05671	0.00812	0.00644	0.00173	0.00643	0.00643	0.00506	0.40078

[dist]
# distance from previous block
# <min> <max>
5	10

[block]
# block no. 7 follows, 25 sequences, length 21
# corresponding to MSA columns:
# 449-469
name=unknown_H
#
# <colnr> <probs for GDERKNQSTAVLIFYWHMCP>
#	G	D	E	R	K	N	Q	S	T	A	V	L	I	F	Y	W	H	M	C	P
0	0.02473	0.07913	0.10719	0.01562	0.02213	0.01561	0.04018	0.08304	0.07889	0.27988	0.04811	0.04068	0.01871	0.00912	0.00741	0.00223	0.00749	0.00750	0.00698	0.10536
1	0.02338	0.08721	0.29362	0.01803	0.02632	0.01879	0.01928	0.16676	0.04721	0.17208	0.01897	0.01917	0.01319	0.00828	0.00731	0.00231	0.00910	0.00640	0.00585	0.03672
2	0.01842	0.02000	0.03708	0.10439	0.08969	0.04999	0.40159	0.02526	0.06836	0.02416	0.01602	0.02075	0.01238	0.00765	0.01001	0.00262	0.06884	0.00831	0.00413	0.01032
3	0.01709	0.17456	0.03044	0.38300	0.15290	0.02062	0.07351	0.02168	0.01617	0.02084	0.01342	0.01861	0.01071	0.00725	0.00724	0.00233	0.00992	0.00648	0.00353	0.00970
4	0.02633	0.10976	0.09725	0.01506	0.02146	0.01692	0.01382	0.15038	0.04372	0.29171	0.07519	0.02404	0.01988	0.00923	0.00738	0.00224	0.00744	0.00730	0.00730	0.05359
5	0.02781	0.07320	0.05916	0.01828	0.07728	0.07779	0.01431	0.13166	0.07191	0.30417	0.04934	0.02327	0.01812	0.00915	0.00753	0.00231	0.00804	0.00727	0.00731	0.01209
6	0.01051	0.00756	0.00994	0.01007	0.01148	0.00700	0.00728	0.01346	0.01977	0.02763	0.48111	0.26174	0.06645	0.01844	0.00938	0.00266	0.00392	0.01648	0.00812	0.00700
7	0.01886	0.31082	0.12526	0.13802	0.02930	0.07603	0.06845	0.04417	0.01692	0.02102	0.01335	0.01698	0.01106	0.01149	0.06510	0.00298	0.01100	0.00577	0.00366	0.00975
8	0.02807	0.02183	0.20105	0.01836	0.05949	0.01513	0.01716	0.10934	0.02213	0.39157	0.02373	0.02232	0.01554	0.00881	0.00767	0.00240	0.00830	0.00709	0.00734	0.01267
9	0.01114	0.00806	0.01120	0.01120	0.01215	0.00901	0.00812	0.01304	0.01209	0.01706	0.02192	0.03685	0.02216	0.26916	0.48957	0.01090	0.01659	0.00924	0.00433	0.00622
10	0.01211	0.00855	0.01068	0.01031	0.01229	0.00802	0.00764	0.04836	0.02064	0.04751	0.40846	0.20433	0.13637	0.01765	0.00920	0.00261	0.00423	0.01552	0.00807	0.00749
11	0.02668	0.01911	0.02107	0.13355	0.08104	0.13651	0.01513	0.08511	0.10462	0.26388	0.02229	0.02231	0.01559	0.00888	0.00765	0.00237	0.00885	0.00713	0.00673	0.01149
12	0.02099	0.01998	0.08851	0.08475	0.15170	0.04254	0.01867	0.09640	0.04446	0.09982	0.01590	0.01930	0.01246	0.00993	0.01338	0.00271	0.23599	0.00687	0.00487	0.01075
13	0.01678	0.01157	0.01379	0.01225	0.01546	0.01186	0.00949	0.05129	0.20490	0.10574	0.39285	0.04452	0.05057	0.01336	0.00858	0.00248	0.00489	0.01154	0.00844	0.00963
14	0.08263	0.01794	0.02689	0.12517	0.22939	0.01879	0.09349	0.17286	0.02204	0.10992	0.01717	0.01982	0.01268	0.00789	0.00767	0.00240	0.00911	0.00708	0.00548	0.01156
15	0.09851	0.01760	0.02303	0.05533	0.20394	0.01826	0.01607	0.23123	0.02441	0.20550	0.01967	0.02032	0.01392	0.00845	0.00747	0.00236	0.00806	0.00691	0.00668	0.01228
16	0.01561	0.01244	0.01591	0.16430	0.07485	0.06631	0.01302	0.01869	0.01706	0.07373	0.05381	0.26523	0.03172	0.01531	0.00865	0.00275	0.00726	0.08149	0.05367	0.00821
17	0.02554	0.02018	0.02106	0.01661	0.02247	0.04727	0.01347	0.41828	0.15620	0.04110	0.02020	0.02009	0.01487	0.00898	0.00746	0.00220	0.00787	0.00691	0.00718	0.12204
18	0.01747	0.22465	0.02892	0.08556	0.28504	0.01980	0.01700	0.02088	0.01567	0.02093	0.01506	0.02143	0.01370	0.07081	0.10817	0.00400	0.01056	0.00664	0.00376	0.00992
19	0.01599	0.30189	0.08255	0.01807	0.11086	0.01888	0.01401	0.01899	0.01586	0.02050	0.02345	0.25225	0.02543	0.01321	0.00743	0.00239	0.00738	0.03693	0.00483	0.00908
20	0.04217	0.40268	0.08096	0.01481	0.02077	0.02259	0.07235	0.02196	0.04185	0.02246	0.11282	0.02556	0.07193	0.00919	0.00658	0.00206	0.00781	0.00729	0.00465	0.00951

[dist]
# distance from previous block
# <min> <max>
2	7

[block]
# block no. 8 follows, 25 sequences, length 64
# corresponding to MSA columns:
# 477-540
name=unknown_I
#
# <colnr> <probs for GDERKNQSTAVLIFYWHMCP>
#	G	D	E	R	K	N	Q	S	T	A	V	L	I	F	Y	W	H	M	C	P
0	0.13645	0.17291	0.12052	0.02424	0.19090	0.11275	0.01779	0.09305	0.01903	0.02687	0.01321	0.01562	0.01065	0.00737	0.00655	0.00217	0.00942	0.00551	0.00424	0.01075
1	0.09970	0.02333	0.16045	0.01925	0.05243	0.07868	0.05859	0.03279	0.28604	0.07641	0.02209	0.02212	0.01634	0.00880	0.00745	0.00248	0.00857	0.00719	0.00594	0.01135
2	0.01794	0.01532	0.02028	0.02353	0.21293	0.01588	0.01443	0.08944	0.20445	0.03084	0.16526	0.03173	0.04837	0.01041	0.00797	0.00235	0.00665	0.00910	0.00656	0.06655
3	0.02699	0.06675	0.08017	0.01592	0.02199	0.04150	0.01398	0.14086	0.19122	0.27986	0.02534	0.02347	0.01756	0.00933	0.00756	0.00239	0.00761	0.00738	0.00766	0.01243
4	0.78228	0.01499	0.01140	0.01020	0.01499	0.01739	0.00840	0.02279	0.01320	0.03479	0.01080	0.01260	0.00840	0.00720	0.00480	0.00240	0.00600	0.00420	0.00480	0.00840
5	0.01122	0.00838	0.01095	0.01046	0.01236	0.00829	0.00794	0.01535	0.04722	0.02757	0.46177	0.05192	0.10316	0.02509	0.15861	0.00464	0.00750	0.01272	0.00746	0.00739
6	0.01768	0.09738	0.01877	0.11889	0.06468	0.06066	0.01143	0.01989	0.01529	0.08993	0.01921	0.03070	0.01826	0.28148	0.01922	0.00412	0.00830	0.00796	0.00476	0.09138
7	0.01646	0.01381	0.01508	0.01435	0.01760	0.01556	0.01082	0.03248	0.47859	0.02881	0.03476	0.22787	0.03159	0.01447	0.00847	0.00278	0.00567	0.01257	0.00769	0.01056
8	0.61568	0.01473	0.01241	0.01048	0.01573	0.01586	0.00857	0.02208	0.01382	0.03272	0.01145	0.01335	0.00907	0.00688	0.00500	0.00213	0.00594	0.00428	0.00475	0.17507
