[name]
unknown

[dist]
# distance from previous block
# <min> <max>
0	378

[block]
# block no. 0 follows, 25 sequences, length 13
# corresponding to MSA columns:
# 385-397
name=unknown_A
#
# <colnr> <probs for GDERKNQSTAVLIFYWHMCP>
#	G	D	E	R	K	N	Q	S	T	A	V	L	I	F	Y	W	H	M	C	P
0	0.16578	0.01717	0.09280	0.08972	0.02305	0.01704	0.01476	0.06305	0.06200	0.05744	0.10704	0.02833	0.02235	0.01120	0.01109	0.00272	0.14889	0.05072	0.00549	0.00934
1	0.16536	0.00981	0.01274	0.01231	0.01452	0.00980	0.06279	0.01486	0.01575	0.02458	0.10774	0.41444	0.07022	0.01816	0.00869	0.00285	0.00542	0.01618	0.00659	0.00720
2	0.02457	0.02535	0.02647	0.02135	0.02645	0.24018	0.14217	0.18343	0.12748	0.02964	0.01738	0.01912	0.01334	0.00881	0.00903	0.00240	0.05950	0.00705	0.00549	0.01081
3	0.01878	0.09132	0.02147	0.01375	0.02060	0.01343	0.06509	0.02234	0.01689	0.09523	0.01543	0.01721	0.01217	0.00632	0.00617	0.00146	0.00674	0.00528	0.00494	0.54539
4	0.01819	0.05946	0.40208	0.15882	0.03518	0.06593	0.02398	0.10050	0.01900	0.02593	0.01420	0.01719	0.01035	0.00769	0.00737	0.00240	0.01093	0.00600	0.00391	0.01087
5	0.10742	0.15757	0.02098	0.01336	0.01862	0.01673	0.01123	0.03148	0.12190	0.32001	0.02570	0.08241	0.01966	0.01016	0.00711	0.00235	0.00662	0.00806	0.00734	0.01129
6	0.02201	0.02162	0.15362	0.01768	0.02337	0.01888	0.01658	0.22414	0.12634	0.09526	0.02280	0.05263	0.01856	0.01120	0.00993	0.00266	0.08381	0.06098	0.00651	0.01141
7	0.01621	0.01543	0.02582	0.45686	0.24400	0.01805	0.02191	0.02096	0.01591	0.02143	0.01378	0.01996	0.01092	0.00790	0.00897	0.00255	0.05914	0.00689	0.00356	0.00974
8	0.00978	0.00702	0.00877	0.01001	0.01060	0.00657	0.00656	0.01093	0.01443	0.01896	0.04290	0.51831	0.11360	0.16482	0.01575	0.00397	0.00504	0.01927	0.00670	0.00600
9	0.01311	0.15310	0.01621	0.01072	0.01250	0.01287	0.00803	0.01450	0.01256	0.01664	0.02051	0.03649	0.02168	0.36602	0.24557	0.00794	0.01197	0.00888	0.00424	0.00647
10	0.01493	0.01378	0.02182	0.56901	0.04638	0.01584	0.01906	0.01975	0.01562	0.02090	0.01378	0.01975	0.01057	0.00735	0.00735	0.00230	0.00941	0.00643	0.00368	0.16229
11	0.01050	0.00791	0.00970	0.00925	0.01129	0.00711	0.00694	0.01371	0.02082	0.02842	0.51809	0.06231	0.23179	0.01685	0.00915	0.00249	0.00373	0.01464	0.00818	0.00711
12	0.16817	0.01338	0.01960	0.48638	0.04102	0.01637	0.01750	0.01970	0.01468	0.02260	0.01401	0.02021	0.01102	0.01360	0.08866	0.00372	0.01070	0.00652	0.00380	0.00837

[dist]
# distance from previous block
# <min> <max>
3	7

[block]
# block no. 1 follows, 25 sequences, length 15
# corresponding to MSA columns:
# 405-419
name=unknown_B
#
# <colnr> <probs for GDERKNQSTAVLIFYWHMCP>
#	G	D	E	R	K	N	Q	S	T	A	V	L	I	F	Y	W	H	M	C	P
0	0.02064	0.01951	0.02476	0.03234	0.37038	0.12854	0.01805	0.06798	0.02069	0.05509	0.14017	0.02593	0.02379	0.00906	0.00785	0.00228	0.00879	0.00798	0.00527	0.01090
1	0.01313	0.01004	0.01370	0.06222	0.01881	0.00960	0.01216	0.01664	0.01715	0.02313	0.03409	0.11052	0.03638	0.01768	0.00951	0.00301	0.00693	0.42634	0.00640	0.15256
2	0.01009	0.00700	0.00913	0.01035	0.01115	0.00656	0.00710	0.01203	0.01629	0.02257	0.16124	0.54800	0.05322	0.02162	0.00944	0.00292	0.00428	0.01948	0.06097	0.00656
3	0.02289	0.05374	0.09852	0.01912	0.07439	0.05335	0.01573	0.08802	0.07360	0.17608	0.02059	0.02357	0.01577	0.01010	0.01081	0.00254	0.13979	0.03088	0.05958	0.01093
4	0.02169	0.02334	0.02761	0.16213	0.29178	0.21835	0.06104	0.05820	0.01955	0.02361	0.01395	0.01802	0.01125	0.00749	0.00759	0.00229	0.01105	0.00649	0.00402	0.01055
5	0.15999	0.01401	0.02101	0.57658	0.04613	0.01726	0.01905	0.02038	0.01507	0.02265	0.01322	0.01914	0.00997	0.00765	0.00719	0.00255	0.00951	0.00638	0.00370	0.00857
6	0.53922	0.03594	0.01461	0.01195	0.01700	0.07151	0.00980	0.04330	0.01630	0.15647	0.01485	0.01548	0.01074	0.00776	0.00563	0.00234	0.00688	0.00502	0.00568	0.00952
7	0.01108	0.00831	0.01246	0.01246	0.01385	0.00969	0.00969	0.01385	0.01246	0.01800	0.02077	0.03046	0.01938	0.05815	0.69678	0.01246	0.02077	0.00831	0.00415	0.00692
8	0.01564	0.01163	0.01258	0.01215	0.01488	0.07350	0.00969	0.01837	0.01807	0.10974	0.09521	0.05544	0.22154	0.02456	0.13929	0.00458	0.00907	0.13942	0.00673	0.00792
9	0.01086	0.00784	0.00977	0.00933	0.01089	0.00728	0.00669	0.01367	0.01952	0.02710	0.49560	0.05813	0.12150	0.15096	0.01489	0.00342	0.00441	0.01372	0.00768	0.00675
10	0.16720	0.07496	0.01988	0.01431	0.01985	0.01938	0.01179	0.31764	0.02497	0.03708	0.01798	0.08303	0.01534	0.00952	0.00684	0.00217	0.00719	0.00725	0.00626	0.13734
11	0.16141	0.11303	0.25425	0.09471	0.09388	0.01865	0.05161	0.02268	0.01628	0.02581	0.06635	0.01949	0.01507	0.00788	0.00689	0.00235	0.00914	0.00633	0.00410	0.01008
12	0.02158	0.07144	0.31981	0.02181	0.06360	0.17730	0.04869	0.05315	0.05023	0.07749	0.01578	0.01745	0.01164	0.00782	0.00732	0.00230	0.01106	0.00605	0.00442	0.01105
13	0.01532	0.11535	0.21772	0.01712	0.02242	0.01585	0.06733	0.01973	0.04324	0.02102	0.01997	0.10468	0.01930	0.01461	0.01308	0.14877	0.04458	0.06701	0.00437	0.00854
14	0.01149	0.00934	0.01441	0.15704	0.02186	0.00964	0.04519	0.01455	0.01699	0.02292	0.18711	0.35439	0.04563	0.01775	0.00926	0.00285	0.00608	0.03966	0.00656	0.00728

[dist]
# distance from previous block
# <min> <max>
0	5

[block]
# block no. 2 follows, 25 sequences, length 8
# corresponding to MSA columns:
# 425-432
name=unknown_C
#
# <colnr> <probs for GDERKNQSTAVLIFYWHMCP>
#	G	D	E	R	K	N	Q	S	T	A	V	L	I	F	Y	W	H	M	C	P
0	0.13490	0.04855	0.04546	0.01682	0.02208	0.01858	0.06426	0.13405	0.08988	0.22176	0.02050	0.02073	0.01459	0.00938	0.00968	0.00253	0.10126	0.00699	0.00664	0.01136
1	0.01128	0.00752	0.00846	0.00846	0.00846	0.00752	0.00470	0.01128	0.01128	0.01503	0.02443	0.05074	0.02819	0.72751	0.03946	0.00752	0.00752	0.01128	0.00470	0.00470
2	0.12007	0.01561	0.02367	0.02019	0.06809	0.01578	0.17874	0.10594	0.06403	0.07317	0.11047	0.09936	0.04880	0.01102	0.00819	0.00255	0.00791	0.01017	0.00625	0.00998
3	0.06492	0.11277	0.06710	0.09466	0.15044	0.01933	0.16041	0.04490	0.06568	0.11892	0.01763	0.02002	0.01314	0.00763	0.00751	0.00237	0.00940	0.00709	0.00500	0.01108
4	0.01817	0.22141	0.03765	0.19377	0.08895	0.02208	0.26526	0.02306	0.01684	0.02177	0.01374	0.01830	0.01094	0.00689	0.00750	0.00231	0.01073	0.00699	0.00363	0.01001
5	0.01183	0.00856	0.01052	0.00983	0.01127	0.00830	0.00664	0.01333	0.01356	0.01910	0.10799	0.04301	0.03013	0.40338	0.16325	0.00700	0.00944	0.01015	0.00508	0.10762
6	0.46543	0.10867	0.01550	0.01062	0.01537	0.01681	0.00898	0.02410	0.01519	0.11729	0.01562	0.01689	0.01178	0.00772	0.00531	0.00221	0.00602	0.00513	0.12231	0.00906
7	0.11982	0.24826	0.22222	0.10755	0.02794	0.07574	0.01818	0.02355	0.01608	0.02290	0.01234	0.01500	0.00983	0.00714	0.00622	0.00212	0.00952	0.00507	0.00363	0.04689

[dist]
# distance from previous block
# <min> <max>
0	7

[block]
# block no. 3 follows, 25 sequences, length 14
# corresponding to MSA columns:
# 440-453
name=unknown_D
#
# <colnr> <probs for GDERKNQSTAVLIFYWHMCP>
#	G	D	E	R	K	N	Q	S	T	A	V	L	I	F	Y	W	H	M	C	P
0	0.02147	0.02466	0.05530	0.01885	0.02293	0.29873	0.11554	0.05565	0.01902	0.02225	0.01636	0.02249	0.01420	0.09717	0.04820	0.00338	0.03925	0.00704	0.08878	0.00872
1	0.01526	0.01309	0.01484	0.01134	0.01723	0.01068	0.00897	0.02049	0.08796	0.02532	0.02676	0.02746	0.12590	0.00863	0.00656	0.00156	0.00548	0.00706	0.00540	0.56002
2	0.05284	0.08732	0.02126	0.01803	0.07185	0.14393	0.01329	0.07732	0.23896	0.10116	0.07590	0.02457	0.02118	0.00952	0.00739	0.00232	0.00805	0.00751	0.00653	0.01105
3	0.01284	0.01123	0.01797	0.44197	0.03733	0.01317	0.01607	0.01683	0.01610	0.02116	0.10078	0.20906	0.02861	0.01306	0.00848	0.00271	0.00800	0.01172	0.00504	0.00785
4	0.01814	0.06083	0.32138	0.02098	0.02839	0.13174	0.09654	0.02532	0.06803	0.02326	0.01759	0.08405	0.01511	0.00949	0.00859	0.00249	0.04580	0.00778	0.00421	0.01029
5	0.04221	0.11048	0.07772	0.01825	0.08220	0.10209	0.01456	0.05002	0.07972	0.09845	0.10104	0.03549	0.02619	0.01139	0.00788	0.00248	0.00817	0.11558	0.00608	0.01003
6	0.01077	0.00747	0.00958	0.01083	0.01202	0.00708	0.00806	0.01310	0.01649	0.02260	0.09720	0.39774	0.09980	0.02088	0.00946	0.00299	0.00486	0.15089	0.09152	0.00669
7	0.01929	0.01666	0.01753	0.01578	0.02016	0.01929	0.01227	0.04120	0.66513	0.03243	0.03156	0.02893	0.02367	0.01052	0.00789	0.00263	0.00614	0.00877	0.00789	0.01227
8	0.00942	0.00780	0.00852	0.00870	0.01096	0.00690	0.00648	0.01142	0.01676	0.02048	0.06803	0.13400	0.53477	0.02473	0.09181	0.00385	0.00601	0.01596	0.00683	0.00657
9	0.01620	0.01382	0.01382	0.01302	0.01578	0.08640	0.00963	0.14398	0.02038	0.02617	0.03537	0.38038	0.09462	0.01744	0.00872	0.00263	0.00641	0.01509	0.00674	0.07341
10	0.01946	0.01208	0.01771	0.01427	0.01826	0.01138	0.08631	0.08187	0.02294	0.19280	0.37530	0.04201	0.04684	0.01258	0.00868	0.00244	0.00597	0.01124	0.00817	0.00969
11	0.09990	0.03044	0.43872	0.20077	0.03671	0.01773	0.02455	0.02312	0.01579	0.02444	0.01354	0.01708	0.00980	0.00745	0.00718	0.00248	0.01056	0.00586	0.00349	0.01038
12	0.01825	0.01753	0.02949	0.15631	0.52258	0.01864	0.02288	0.02272	0.01684	0.02388	0.01410	0.01926	0.01179	0.00757	0.00908	0.00244	0.06462	0.00690	0.00374	0.01137
13	0.01993	0.01312	0.06615	0.01233	0.01683	0.01055	0.01067	0.02502	0.08097	0.25433	0.14526	0.04685	0.21424	0.01380	0.00849	0.00254	0.00574	0.03525	0.00800	0.00992

[dist]
# distance from previous block
# <min> <max>
0	2

[block]
# block no. 4 follows, 25 sequences, length 14
# corresponding to MSA columns:
# 456-469
name=unknown_E
#
# <colnr> <probs for GDERKNQSTAVLIFYWHMCP>
#	G	D	E	R	K	N	Q	S	T	A	V	L	I	F	Y	W	H	M	C	P
0	0.01965	0.52779	0.15247	0.01512	0.02235	0.02713	0.01588	0.02551	0.09017	0.02098	0.01371	0.01502	0.01150	0.00721	0.00573	0.00191	0.00861	0.00495	0.00383	0.01048
1	0.02073	0.73217	0.04063	0.01327	0.01990	0.03068	0.01327	0.02322	0.01575	0.01824	0.01078	0.01244	0.00995	0.00663	0.00498	0.00166	0.00829	0.00415	0.00332	0.00995
2	0.02018	0.14288	0.21782	0.01533	0.02336	0.01623	0.01600	0.02501	0.01724	0.14603	0.01643	0.01746	0.01217	0.00708	0.00647	0.00185	0.00801	0.00545	0.00492	0.28008
3	0.02449	0.08972	0.09883	0.01755	0.02331	0.13394	0.01555	0.22281	0.13489	0.07843	0.02001	0.02224	0.01545	0.00951	0.00805	0.00237	0.03193	0.03331	0.00619	0.01142
4	0.02214	0.61311	0.03743	0.01442	0.02060	0.14469	0.01356	0.02454	0.01682	0.01837	0.01099	0.01270	0.00996	0.00687	0.00532	0.00172	0.00927	0.00429	0.00343	0.00979
5	0.02012	0.02310	0.03007	0.20249	0.03670	0.22702	0.24579	0.02470	0.01897	0.02217	0.06079	0.02134	0.01520	0.00796	0.00812	0.00240	0.01198	0.00763	0.00415	0.00930
6	0.00996	0.00731	0.00934	0.01005	0.01127	0.00670	0.00707	0.01222	0.01776	0.02401	0.27485	0.40048	0.13904	0.02066	0.00953	0.00283	0.00412	0.01843	0.00768	0.00670
7	0.01121	0.00765	0.00912	0.00902	0.00945	0.00766	0.00557	0.01208	0.01326	0.01812	0.13931	0.05034	0.03543	0.54643	0.08820	0.00702	0.00792	0.01152	0.00533	0.00534
8	0.01067	0.00791	0.00995	0.00944	0.01140	0.00719	0.00708	0.01405	0.02124	0.02941	0.57605	0.06069	0.17321	0.01648	0.00915	0.00247	0.00370	0.01441	0.00831	0.00719
9	0.01128	0.00752	0.00846	0.00846	0.00846	0.00752	0.00470	0.01128	0.01128	0.01503	0.02443	0.05074	0.02819	0.72751	0.03946	0.00752	0.00752	0.01128	0.00470	0.00470
10	0.01104	0.00754	0.00910	0.00931	0.00956	0.00769	0.00571	0.01159	0.01186	0.01601	0.02599	0.12464	0.02955	0.54958	0.13180	0.00774	0.00910	0.01208	0.00490	0.00521
11	0.01593	0.01322	0.01483	0.01132	0.01702	0.01103	0.00901	0.09498	0.01899	0.02704	0.03117	0.03157	0.18402	0.00978	0.00688	0.00167	0.00561	0.00794	0.00566	0.48233
12	0.01689	0.24430	0.31792	0.19751	0.03454	0.02167	0.02211	0.02292	0.01596	0.02140	0.01292	0.01629	0.00999	0.00724	0.00674	0.00225	0.01020	0.00555	0.00333	0.01026
13	0.14793	0.43190	0.14152	0.01464	0.02173	0.02574	0.01514	0.08148	0.01734	0.02488	0.01203	0.01369	0.00997	0.00710	0.00560	0.00198	0.00846	0.00468	0.00397	0.01024

[dist]
# distance from previous block
# <min> <max>
2	4

[block]
# block no. 5 follows, 25 sequences, length 14
# corresponding to MSA columns:
# 474-487
name=unknown_F
#
# <colnr> <probs for GDERKNQSTAVLIFYWHMCP>
#	G	D	E	R	K	N	Q	S	T	A	V	L	I	F	Y	W	H	M	C	P
0	0.01014	0.00776	0.00930	0.00919	0.01114	0.00692	0.00679	0.01292	0.01957	0.02610	0.38548	0.14128	0.28891	0.01820	0.00924	0.00259	0.00385	0.01580	0.00790	0.00692
1	0.50949	0.02295	0.01523	0.01374	0.01824	0.26327	0.01078	0.02575	0.01637	0.02906	0.01123	0.01310	0.00897	0.00748	0.00559	0.00225	0.00889	0.00449	0.00451	0.00861
2	0.29125	0.01150	0.01157	0.01062	0.01382	0.01236	0.00828	0.02068	0.09361	0.03259	0.35964	0.03813	0.04395	0.01210	0.00742	0.00245	0.00479	0.00985	0.00711	0.00828
3	0.01884	0.01806	0.03083	0.09890	0.63059	0.01833	0.02362	0.02349	0.01749	0.02490	0.01452	0.01931	0.01213	0.00697	0.00768	0.00232	0.00930	0.00691	0.00381	0.01200
4	0.01726	0.18032	0.11270	0.01359	0.02089	0.01654	0.01294	0.02238	0.05601	0.02402	0.01421	0.01608	0.01166	0.00646	0.00592	0.00153	0.00712	0.00490	0.00433	0.45114
5	0.00993	0.00773	0.00807	0.00807	0.00974	0.00690	0.00546	0.01118	0.01536	0.01881	0.05895	0.06597	0.44141	0.27597	0.02014	0.00439	0.00523	0.01452	0.00629	0.00588
6	0.01656	0.02533	0.26845	0.21216	0.20496	0.01809	0.09792	0.02313	0.01669	0.02353	0.01426	0.01876	0.01081	0.00725	0.00776	0.00247	0.01077	0.00674	0.00354	0.01080
7	0.02467	0.01913	0.02123	0.01986	0.09761	0.13833	0.05259	0.13405	0.04767	0.18650	0.10961	0.02895	0.06450	0.01025	0.00798	0.00234	0.00839	0.00853	0.00689	0.01093
8	0.01376	0.01184	0.01877	0.02472	0.25433	0.01239	0.01434	0.01704	0.01490	0.02100	0.02442	0.07410	0.06980	0.03444	0.34992	0.00742	0.01424	0.00931	0.00447	0.00879
9	0.01400	0.00991	0.01099	0.01050	0.01294	0.01017	0.00790	0.04970	0.14465	0.02879	0.17802	0.13442	0.11699	0.01421	0.00790	0.00241	0.00450	0.01214	0.22156	0.00830
10	0.02198	0.16830	0.25785	0.02251	0.11487	0.16817	0.02022	0.02696	0.01825	0.09058	0.01470	0.01650	0.01119	0.00753	0.00691	0.00217	0.01059	0.00563	0.00417	0.01092
11	0.01616	0.01598	0.02937	0.39212	0.15429	0.01749	0.17187	0.02146	0.01668	0.02216	0.01605	0.02459	0.01312	0.00816	0.00826	0.00260	0.01060	0.04562	0.00385	0.00959
12	0.01497	0.00913	0.01257	0.01325	0.01546	0.00876	0.01109	0.01822	0.01859	0.11340	0.11782	0.14943	0.04546	0.01947	0.01003	0.00322	0.00633	0.39727	0.00765	0.00788
13	0.02200	0.01507	0.02250	0.11614	0.25028	0.01530	0.01671	0.10194	0.02031	0.18422	0.02340	0.13577	0.02015	0.01079	0.00809	0.00250	0.00788	0.00960	0.00619	0.01116

[dist]
# distance from previous block
# <min> <max>
0	1

[block]
# block no. 6 follows, 25 sequences, length 28
# corresponding to MSA columns:
# 489-516
name=unknown_G
#
# <colnr> <probs for GDERKNQSTAVLIFYWHMCP>
#	G	D	E	R	K	N	Q	S	T	A	V	L	I	F	Y	W	H	M	C	P
0	0.02373	0.25708	0.17628	0.01796	0.02561	0.02030	0.10096	0.02835	0.01827	0.23204	0.01841	0.01886	0.01310	0.00772	0.00695	0.00220	0.00909	0.00632	0.00538	0.01138
1	0.02022	0.17626	0.42964	0.01874	0.02819	0.01935	0.02227	0.02677	0.01734	0.14724	0.01641	0.01745	0.01161	0.00764	0.00696	0.00228	0.00990	0.00579	0.00447	0.01148
2	0.18248	0.02532	0.07033	0.01737	0.02169	0.27487	0.03876	0.08190	0.01916	0.02575	0.01599	0.09595	0.01475	0.01021	0.00870	0.00243	0.07312	0.00734	0.00476	0.00914
3	0.01327	0.00976	0.01186	0.01066	0.01314	0.00947	0.00818	0.09935	0.02350	0.03255	0.53424	0.05418	0.11916	0.01532	0.00896	0.00244	0.00433	0.01329	0.00831	0.00803
4	0.02226	0.01880	0.02437	0.02813	0.26456	0.02037	0.01725	0.21555	0.24045	0.03467	0.02147	0.02229	0.01637	0.00883	0.00777	0.00242	0.00798	0.00755	0.00635	0.01255
5	0.01857	0.01858	0.02302	0.27970	0.20118	0.14273	0.01850	0.02261	0.01716	0.02222	0.01499	0.01994	0.01203	0.00807	0.00825	0.00234	0.04829	0.00658	0.10578	0.00943
6	0.12718	0.01189	0.01466	0.01196	0.01665	0.01093	0.00968	0.02870	0.02054	0.40585	0.16370	0.03526	0.08701	0.01144	0.00779	0.00243	0.00568	0.00935	0.00853	0.01077
7	0.00937	0.00786	0.00814	0.00807	0.01060	0.00663	0.00605	0.01153	0.01816	0.02211	0.14684	0.07271	0.60698	0.01920	0.00916	0.00260	0.00390	0.01610	0.00735	0.00663
8	0.00961	0.00719	0.00898	0.01034	0.01143	0.00656	0.00728	0.01128	0.01577	0.02034	0.05142	0.51418	0.20452	0.02292	0.00978	0.00305	0.00456	0.06716	0.00719	0.00642
9	0.01046	0.00791	0.00966	0.00922	0.01127	0.00710	0.00691	0.01364	0.02074	0.02823	0.50692	0.06263	0.24307	0.01692	0.00915	0.00249	0.00373	0.01468	0.00816	0.00710
10	0.01065	0.00763	0.00964	0.00978	0.01082	0.00744	0.00674	0.01256	0.01591	0.02177	0.23444	0.17689	0.09485	0.23165	0.10971	0.00541	0.00724	0.01413	0.00648	0.00625
11	0.24104	0.01676	0.02696	0.21878	0.14449	0.01809	0.17998	0.02265	0.01591	0.02642	0.01353	0.01812	0.01046	0.00713	0.00723	0.00249	0.00958	0.00669	0.00403	0.00964
12	0.35694	0.10110	0.11438	0.01372	0.01931	0.10790	0.01280	0.02408	0.01660	0.06447	0.08785	0.01921	0.01693	0.00838	0.00614	0.00228	0.00788	0.00583	0.00499	0.00923
13	0.31686	0.19331	0.15745	0.01502	0.02147	0.13759	0.01480	0.02466	0.01596	0.02608	0.01163	0.01356	0.00933	0.00724	0.00574	0.00217	0.00902	0.00463	0.00400	0.00949
14	0.00925	0.00753	0.00819	0.00872	0.01070	0.00647	0.00627	0.01103	0.01685	0.02061	0.06806	0.26424	0.49314	0.02100	0.00938	0.00277	0.00409	0.01803	0.00720	0.00647
15	0.01929	0.01666	0.01753	0.01578	0.02016	0.01929	0.01227	0.04120	0.66513	0.03243	0.03156	0.02893	0.02367	0.01052	0.00789	0.00263	0.00614	0.00877	0.00789	0.01227
16	0.02249	0.01603	0.01844	0.01365	0.02022	0.01449	0.01111	0.20746	0.02286	0.11994	0.01743	0.01819	0.01301	0.00730	0.00661	0.00166	0.00667	0.00572	0.00619	0.45053
17	0.01330	0.15831	0.07514	0.01057	0.01329	0.01304	0.00873	0.01487	0.01349	0.01732	0.02792	0.04306	0.10909	0.42232	0.02555	0.00522	0.00755	0.01001	0.00462	0.00662
18	0.12037	0.01340	0.01724	0.01338	0.01924	0.01208	0.01105	0.03607	0.02116	0.61012	0.02832	0.02481	0.01796	0.00932	0.00745	0.00240	0.00653	0.00739	0.00905	0.01265
19	0.01818	0.01739	0.02965	0.19406	0.54055	0.01816	0.02329	0.02291	0.01718	0.02411	0.01441	0.01952	0.01185	0.00710	0.00769	0.00237	0.00946	0.00690	0.00375	0.01147
20	0.02003	0.01971	0.03553	0.03639	0.30946	0.01960	0.27537	0.09796	0.05552	0.02824	0.01642	0.02035	0.01280	0.00723	0.00829	0.00245	0.01052	0.00792	0.00455	0.01165
21	0.02685	0.01387	0.02074	0.02329	0.21165	0.01277	0.01447	0.03010	0.01989	0.40306	0.02752	0.11696	0.02144	0.01077	0.00804	0.00247	0.00708	0.00943	0.00759	0.01201
22	0.01190	0.00758	0.00991	0.01068	0.01199	0.00692	0.00749	0.01378	0.01675	0.08048	0.13707	0.51381	0.09939	0.02140	0.00954	0.00294	0.00452	0.01917	0.00761	0.00708
23	0.02500	0.02763	0.02960	0.02345	0.02900	0.33099	0.22985	0.10861	0.02237	0.05084	0.01584	0.04097	0.01273	0.00827	0.00795	0.00230	0.01237	0.00733	0.00478	0.01010
24	0.01939	0.02979	0.40247	0.01879	0.02792	0.01688	0.02138	0.08264	0.07687	0.10307	0.01780	0.01880	0.01265	0.00786	0.00728	0.00228	0.00941	0.00620	0.00498	0.11353
25	0.11682	0.00970	0.01196	0.01246	0.01488	0.00994	0.01039	0.01851	0.01672	0.08331	0.03260	0.10880	0.03296	0.02057	0.07043	0.00387	0.00755	0.31656	0.09419	0.00777
26	0.03069	0.01682	0.01970	0.01523	0.02101	0.01713	0.01254	0.33079	0.02856	0.33025	0.02446	0.02286	0.01637	0.00942	0.00760	0.00232	0.00730	0.00736	0.06688	0.01273
27	0.02003	0.14830	0.02226	0.01612	0.07733	0.01741	0.01212	0.11478	0.09409	0.07800	0.02593	0.02610	0.10197	0.00922	0.00692	0.00198	0.00679	0.00735	0.00585	0.20745

[dist]
# distance from previous block
# <min> <max>
0	2

[block]
# block no. 7 follows, 25 sequences, length 87
# corresponding to MSA columns:
# 519-605
name=unknown_H
#
# <colnr> <probs for GDERKNQSTAVLIFYWHMCP>
#	G	D	E	R	K	N	Q	S	T	A	V	L	I	F	Y	W	H	M	C	P
0	0.07438	0.10584	0.06990	0.28355	0.05425	0.06368	0.01774	0.12196	0.04400	0.02641	0.01622	0.02238	0.01320	0.00872	0.00731	0.00242	0.00942	0.04413	0.00464	0.00986
1	0.01117	0.00805	0.01104	0.01129	0.01241	0.00855	0.00841	0.01345	0.01435	0.01993	0.11819	0.09077	0.03413	0.19678	0.32271	0.00824	0.01263	0.08598	0.00546	0.00646
2	0.01577	0.01500	0.02508	0.16612	0.34696	0.01531	0.06253	0.01993	0.01711	0.02306	0.02816	0.07291	0.13810	0.01048	0.00821	0.00249	0.00843	0.00975	0.00460	0.01000
3	0.00980	0.00780	0.00881	0.00893	0.01107	0.00681	0.00667	0.01219	0.01847	0.02351	0.22580	0.14143	0.42752	0.01925	0.00930	0.00267	0.00405	0.04163	0.00754	0.00674
4	0.01648	0.16475	0.57086	0.02051	0.03110	0.02029	0.02588	0.02431	0.01626	0.02342	0.01335	0.01566	0.00985	0.00723	0.00694	0.00231	0.01089	0.00544	0.00328	0.01119
5	0.11075	0.06602	0.02242	0.01770	0.01928	0.02229	0.01482	0.06037	0.01463	0.02345	0.05890	0.01919	0.01469	0.01220	0.01919	0.00301	0.48127	0.00682	0.00421	0.00879
6	0.01128	0.00752	0.00846	0.00846	0.00846	0.00752	0.00470	0.01128	0.01128	0.01503	0.02443	0.05074	0.02819	0.72751	0.03946	0.00752	0.00752	0.01128	0.00470	0.00470
7	0.01822	0.01752	0.02958	0.08264	0.51864	0.01771	0.06254	0.02381	0.05476	0.02509	0.01969	0.02351	0.05544	0.00796	0.00788	0.00238	0.00901	0.00777	0.00427	0.01157
8	0.01623	0.13042	0.60294	0.02095	0.03178	0.01966	0.02664	0.02438	0.01629	0.02373	0.01351	0.01586	0.00984	0.00727	0.00705	0.00235	0.01105	0.00552	0.00328	0.01126
9	0.02420	0.15261	0.02304	0.01561	0.02077	0.10457	0.01284	0.12813	0.24953	0.12444	0.04951	0.02325	0.01920	0.00938	0.00725	0.00228	0.00784	0.00724	0.00680	0.01150
10	0.01555	0.04011	0.68733	0.02210	0.03356	0.01801	0.02865	0.02455	0.01637	0.02455	0.01391	0.01637	0.00982	0.00737	0.00737	0.00246	0.01146	0.00573	0.00327	0.01146
11	0.00945	0.00675	0.00900	0.01080	0.01125	0.00630	0.00720	0.01080	0.01484	0.01979	0.04274	0.72245	0.05128	0.02429	0.00990	0.00315	0.00450	0.02204	0.00720	0.00630
12	0.00994	0.00712	0.00949	0.01084	0.01164	0.00667	0.00759	0.01188	0.01638	0.02214	0.16061	0.55437	0.05490	0.02252	0.00981	0.00305	0.00452	0.06253	0.00744	0.00655
13	0.01087	0.00784	0.01027	0.00983	0.01156	0.00725	0.00731	0.01437	0.02145	0.03031	0.63117	0.10404	0.07164	0.01644	0.00920	0.00249	0.00372	0.01458	0.00844	0.00725
14	0.02073	0.73217	0.04063	0.01327	0.01990	0.03068	0.01327	0.02322	0.01575	0.01824	0.01078	0.01244	0.00995	0.00663	0.00498	0.00166	0.00829	0.00415	0.00332	0.00995
15	0.00916	0.00785	0.00785	0.00785	0.01047	0.00655	0.00589	0.01113	0.01767	0.02095	0.07855	0.07462	0.67599	0.01964	0.00916	0.00262	0.00393	0.01636	0.00720	0.00655
16	0.01929	0.01666	0.01753	0.01578	0.02016	0.01929	0.01227	0.04120	0.66513	0.03243	0.03156	0.02893	0.02367	0.01052	0.00789	0.00263	0.00614	0.00877	0.00789	0.01227
17	0.01592	0.03769	0.60925	0.02395	0.05901	0.01815	0.07969	0.02455	0.01658	0.02461	0.01409	0.01685	0.01008	0.00728	0.00753	0.00246	0.01151	0.00606	0.00335	0.01141
18	0.01696	0.01696	0.02375	0.02036	0.02036	0.02375	0.01696	0.01866	0.01187	0.01866	0.01018	0.01696	0.01018	0.01357	0.02545	0.00339	0.71332	0.00679	0.00339	0.00848
19	0.01846	0.02165	0.14678	0.02094	0.06538	0.01903	0.09322	0.03505	0.42634	0.02961	0.02531	0.02502	0.01895	0.00923	0.00793	0.00258	0.00816	0.00813	0.00630	0.01190
20	0.00945	0.00675	0.00900	0.01080	0.01125	0.00630	0.00720	0.01080	0.01484	0.01979	0.04274	0.72245	0.05128	0.02429	0.00990	0.00315	0.00450	0.02204	0.00720	0.00630
21	0.01097	0.00793	0.01036	0.00975	0.01158	0.00732	0.00732	0.01463	0.02195	0.03109	0.67505	0.05792	0.07316	0.01585	0.00914	0.00244	0.00366	0.01402	0.00854	0.00732
22	0.01608	0.01378	0.01608	0.01148	0.01837	0.01034	0.00919	0.01952	0.01608	0.02527	0.01378	0.01608	0.01148	0.00574	0.00574	0.00115	0.00574	0.00459	0.00459	0.77491
23	0.01491	0.06622	0.24345	0.01535	0.02126	0.01319	0.04178	0.02038	0.01953	0.06772	0.34187	0.03747	0.04182	0.01162	0.00819	0.00240	0.00717	0.01000	0.00629	0.00938
24	0.01696	0.01696	0.02375	0.02036	0.02036	0.02375	0.01696	0.01866	0.01187	0.01866	0.01018	0.01696	0.01018	0.01357	0.02545	0.00339	0.71332	0.00679	0.00339	0.00848
25	0.01675	0.01733	0.03399	0.19188	0.15540	0.01746	0.31993	0.02222	0.01766	0.02401	0.06369	0.04892	0.01741	0.00821	0.00858	0.00256	0.01074	0.00904	0.00425	0.00997
26	0.01100	0.00806	0.01046	0.01005	0.01194	0.00731	0.00741	0.01422	0.02026	0.02863	0.51666	0.17937	0.06531	0.01681	0.00908	0.00249	0.00394	0.01494	0.00804	0.05402
27	0.00964	0.00689	0.00922	0.01102	0.01156	0.00647	0.00754	0.01113	0.01504	0.02001	0.04263	0.68164	0.05085	0.02411	0.00995	0.00318	0.00467	0.06092	0.00719	0.00635
28	0.15267	0.04104	0.01938	0.01725	0.06280	0.05889	0.01290	0.17823	0.28598	0.03489	0.02189	0.02171	0.01652	0.00912	0.00709	0.00240	0.00731	0.00703	0.03149	0.01140
29	0.01773	0.01542	0.02358	0.26233	0.07539	0.01534	0.08908	0.06525	0.01790	0.05219	0.01508	0.01905	0.01160	0.00702	0.00719	0.00203	0.00865	0.00637	0.00449	0.28429
30	0.02093	0.18301	0.29833	0.01962	0.02776	0.11920	0.06117	0.08090	0.04574	0.05213	0.01490	0.01660	0.01125	0.00764	0.00699	0.00222	0.01058	0.00582	0.00427	0.01097
31	0.01626	0.07967	0.55692	0.02306	0.03371	0.01901	0.11588	0.02451	0.01661	0.02421	0.01397	0.01677	0.01011	0.00720	0.00747	0.00243	0.01149	0.00612	0.00337	0.01122
32	0.01919	0.01842	0.03147	0.04759	0.67914	0.01842	0.02380	0.02380	0.01765	0.02533	0.01458	0.01919	0.01228	0.00691	0.00768	0.00230	0.00921	0.00691	0.00384	0.01228
33	0.02752	0.01423	0.01865	0.01485	0.02007	0.03854	0.05851	0.05717	0.06280	0.42215	0.03471	0.07488	0.09722	0.01146	0.00816	0.00248	0.00697	0.00972	0.00834	0.01156
34	0.02450	0.06833	0.24443	0.01640	0.02372	0.01467	0.01713	0.02947	0.01863	0.33768	0.02249	0.02260	0.01546	0.01456	0.09133	0.00359	0.01007	0.00693	0.00640	0.01164
35	0.00956	0.00683	0.00910	0.01072	0.01127	0.00637	0.00721	0.01107	0.01536	0.02061	0.08844	0.67441	0.05286	0.02368	0.00984	0.00310	0.00444	0.02146	0.00729	0.00637
36	0.00945	0.00675	0.00900	0.01080	0.01125	0.00630	0.00720	0.01080	0.01484	0.01979	0.04274	0.72245	0.05128	0.02429	0.00990	0.00315	0.00450	0.02204	0.00720	0.00630
37	0.07418	0.01800	0.02971	0.06997	0.60740	0.01830	0.02260	0.02357	0.01725	0.02581	0.01428	0.01877	0.01193	0.00696	0.00747	0.00232	0.00902	0.00671	0.00389	0.01186
38	0.01533	0.01511	0.02745	0.58269	0.05100	0.01767	0.13899	0.02075	0.01603	0.02075	0.01414	0.02072	0.01060	0.00753	0.00801	0.00259	0.01085	0.00731	0.00353	0.00896
39	0.01108	0.00831	0.01246	0.01246	0.01385	0.00969	0.00969	0.01385	0.01246	0.01800	0.02077	0.03046	0.01938	0.05815	0.69678	0.01246	0.02077	0.00831	0.00415	0.00692
40	0.15963	0.01578	0.02419	0.32531	0.28582	0.01772	0.01995	0.02189	0.01590	0.02472	0.01353	0.01860	0.01072	0.00733	0.00717	0.00244	0.00910	0.00640	0.00385	0.00998
41	0.00938	0.00701	0.00873	0.01010	0.01106	0.00636	0.00689	0.01087	0.01551	0.02006	0.05115	0.57014	0.19815	0.02320	0.00972	0.00302	0.00436	0.02071	0.00720	0.00636
42	0.01725	0.02118	0.15158	0.22611	0.38525	0.01801	0.02407	0.02283	0.01682	0.02366	0.01424	0.01907	0.01128	0.00723	0.00764	0.00241	0.00994	0.00668	0.00362	0.01111
43	0.01847	0.43076	0.32228	0.01711	0.02585	0.02516	0.01997	0.02380	0.01602	0.02099	0.01214	0.01415	0.00989	0.00695	0.00602	0.00201	0.00967	0.00484	0.00330	0.01061
44	0.02376	0.01877	0.02161	0.14619	0.02840	0.02140	0.01529	0.35798	0.21445	0.03869	0.02146	0.02198	0.01569	0.00937	0.00779	0.00246	0.00818	0.00748	0.00699	0.01207
45	0.01830	0.02092	0.04575	0.03268	0.04052	0.01961	0.65098	0.02484	0.01830	0.02484	0.01569	0.02092	0.01176	0.00654	0.00915	0.00261	0.01307	0.00915	0.00392	0.01046
46	0.00945	0.00675	0.00900	0.01080	0.01125	0.00630	0.00720	0.01080	0.01484	0.01979	0.04274	0.72245	0.05128	0.02429	0.00990	0.00315	0.00450	0.02204	0.00720	0.00630
47	0.01608	0.01378	0.01608	0.01148	0.01837	0.01034	0.00919	0.01952	0.01608	0.02527	0.01378	0.01608	0.01148	0.00574	0.00574	0.00115	0.00574	0.00459	0.00459	0.77491
48	0.01497	0.01412	0.02385	0.66107	0.09863	0.01731	0.02170	0.02010	0.01566	0.02021	0.01384	0.02056	0.01048	0.00769	0.00775	0.00256	0.01025	0.00689	0.00347	0.00888
49	0.01055	0.00830	0.00978	0.01052	0.01279	0.00753	0.00863	0.01318	0.01775	0.02188	0.06298	0.07995	0.41385	0.02038	0.00981	0.00301	0.00526	0.26988	0.00718	0.00679
50	0.01830	0.02092	0.04575	0.03268	0.04052	0.01961	0.65098	0.02484	0.01830	0.02484	0.01569	0.02092	0.01176	0.00654	0.00915	0.00261	0.01307	0.00915	0.00392	0.01046
51	0.01964	0.01471	0.01976	0.02143	0.18130	0.01433	0.01357	0.13580	0.04351	0.09320	0.20813	0.03078	0.03093	0.01011	0.00783	0.00218	0.00659	0.00876	0.00669	0.13074
52	0.02367	0.02174	0.01991	0.05687	0.02316	0.19258	0.01385	0.14391	0.21895	0.07664	0.02247	0.06681	0.01811	0.01052	0.00888	0.00248	0.05420	0.00803	0.00640	0.01082
53	0.02073	0.73217	0.04063	0.01327	0.01990	0.03068	0.01327	0.02322	0.01575	0.01824	0.01078	0.01244	0.00995	0.00663	0.00498	0.00166	0.00829	0.00415	0.00332	0.00995
54	0.01608	0.01378	0.01608	0.01148	0.01837	0.01034	0.00919	0.01952	0.01608	0.02527	0.01378	0.01608	0.01148	0.00574	0.00574	0.00115	0.00574	0.00459	0.00459	0.77491
55	0.00980	0.00788	0.00873	0.00852	0.01086	0.00681	0.00639	0.01235	0.01917	0.02449	0.28700	0.06878	0.46533	0.01831	0.00916	0.00256	0.00383	0.01555	0.00767	0.00681
56	0.03479	0.01320	0.01799	0.01380	0.01979	0.01140	0.01140	0.03779	0.02219	0.68451	0.03059	0.02639	0.01919	0.00960	0.00780	0.00240	0.00660	0.00780	0.00960	0.01320
57	0.01464	0.01378	0.02326	0.70887	0.05340	0.01723	0.02153	0.01981	0.01550	0.01981	0.01378	0.02067	0.01034	0.00775	0.00775	0.00258	0.01034	0.00689	0.00345	0.00861
58	0.01109	0.00825	0.01218	0.01218	0.01347	0.00954	0.00935	0.01367	0.01238	0.01779	0.02102	0.03187	0.01999	0.10461	0.65116	0.01212	0.01985	0.00851	0.00419	0.00677
59	0.01113	0.00811	0.01144	0.01144	0.01247	0.00914	0.00841	0.01319	0.01216	0.01724	0.02171	0.03565	0.02164	0.22951	0.52850	0.01120	0.01738	0.00907	0.00429	0.00635
60	0.78228	0.01499	0.01140	0.01020	0.01499	0.01739	0.00840	0.02279	0.01320	0.03479	0.01080	0.01260	0.00840	0.00720	0.00480	0.00240	0.00600	0.00420	0.00480	0.00840
61	0.01615	0.00936	0.01294	0.01361	0.01597	0.00895	0.01142	0.01925	0.01816	0.14604	0.03938	0.18074	0.04098	0.01969	0.01003	0.00328	0.00660	0.41170	0.00761	0.00813
62	0.02002	0.01974	0.03062	0.05522	0.17208	0.06004	0.22505	0.08617	0.16892	0.02856	0.04051	0.02295	0.01658	0.00823	0.00823	0.00248	0.00986	0.00819	0.00531	0.01126
63	0.01558	0.01461	0.02457	0.49687	0.21104	0.01693	0.02124	0.02051	0.01645	0.02191	0.05439	0.02257	0.01467	0.00803	0.00782	0.00250	0.00964	0.00733	0.00386	0.00947
64	0.78228	0.01499	0.01140	0.01020	0.01499	0.01739	0.00840	0.02279	0.01320	0.03479	0.01080	0.01260	0.00840	0.00720	0.00480	0.00240	0.00600	0.00420	0.00480	0.00840
65	0.01803	0.02302	0.12454	0.03013	0.03817	0.01938	0.52641	0.02598	0.06481	0.02535	0.01661	0.02092	0.01238	0.00693	0.00883	0.00260	0.01237	0.00869	0.00413	0.01071
66	0.01097	0.00793	0.01036	0.00975	0.01158	0.00732	0.00732	0.01463	0.02195	0.03109	0.67505	0.05792	0.07316	0.01585	0.00914	0.00244	0.00366	0.01402	0.00854	0.00732
67	0.01116	0.00780	0.00964	0.00922	0.01076	0.00730	0.00661	0.01403	0.01930	0.02732	0.47210	0.05559	0.09790	0.14841	0.01455	0.00335	0.00439	0.01318	0.06062	0.00677
68	0.01834	0.01756	0.02994	0.17099	0.56238	0.01820	0.02337	0.02305	0.01725	0.02430	0.01443	0.01947	0.01192	0.00707	0.00769	0.00236	0.00942	0.00691	0.00376	0.01160
69	0.00916	0.00785	0.00785	0.00785	0.01047	0.00655	0.00589	0.01113	0.01767	0.02095	0.07855	0.07462	0.67599	0.01964	0.00916	0.00262	0.00393	0.01636	0.00720	0.00655
70	0.01031	0.00848	0.00915	0.00888	0.01142	0.00762	0.00669	0.01408	0.06367	0.02426	0.22304	0.06731	0.48140	0.01807	0.00907	0.00257	0.00401	0.01526	0.00758	0.00713
71	0.01464	0.01378	0.02326	0.70887	0.05340	0.01723	0.02153	0.01981	0.01550	0.01981	0.01378	0.02067	0.01034	0.00775	0.00775	0.00258	0.01034	0.00689	0.00345	0.00861
72	0.01618	0.01414	0.01844	0.01817	0.14116	0.01155	0.01177	0.01969	0.01628	0.02488	0.01602	0.06772	0.01451	0.00730	0.00640	0.00151	0.00630	0.00629	0.00464	0.57704
73	0.02947	0.02172	0.02327	0.01784	0.02404	0.02404	0.01474	0.65329	0.03646	0.04887	0.01862	0.01862	0.01319	0.00931	0.00776	0.00233	0.00853	0.00698	0.00776	0.01319
74	0.01555	0.04011	0.68733	0.02210	0.03356	0.01801	0.02865	0.02455	0.01637	0.02455	0.01391	0.01637	0.00982	0.00737	0.00737	0.00246	0.01146	0.00573	0.00327	0.01146
75	0.01929	0.01666	0.01753	0.01578	0.02016	0.01929	0.01227	0.04120	0.66513	0.03243	0.03156	0.02893	0.02367	0.01052	0.00789	0.00263	0.00614	0.00877	0.00789	0.01227
76	0.03479	0.01320	0.01799	0.01380	0.01979	0.01140	0.01140	0.03779	0.02219	0.68451	0.03059	0.02639	0.01919	0.00960	0.00780	0.00240	0.00660	0.00780	0.00960	0.01320
77	0.78228	0.01499	0.01140	0.01020	0.01499	0.01739	0.00840	0.02279	0.01320	0.03479	0.01080	0.01260	0.00840	0.00720	0.00480	0.00240	0.00600	0.00420	0.00480	0.00840
78	0.01549	0.01465	0.02479	0.58547	0.17017	0.01745	0.02196	0.02055	0.01591	0.02084	0.01393	0.02040	0.01070	0.00759	0.00774	0.00253	0.01013	0.00689	0.00352	0.00930
79	0.01108	0.00831	0.01246	0.01246	0.01385	0.00969	0.00969	0.01385	0.01246	0.01800	0.02077	0.03046	0.01938	0.05815	0.69678	0.01246	0.02077	0.00831	0.00415	0.00692
80	0.01084	0.00792	0.01018	0.00962	0.01150	0.00726	0.00721	0.01438	0.02164	0.03036	0.63193	0.05913	0.11673	0.01612	0.00915	0.00245	0.00368	0.01419	0.00844	0.00726
81	0.01929	0.01666	0.01753	0.01578	0.02016	0.01929	0.01227	0.04120	0.66513	0.03243	0.03156	0.02893	0.02367	0.01052	0.00789	0.00263	0.00614	0.00877	0.00789	0.01227
82	0.01108	0.00831	0.01246	0.01246	0.01385	0.00969	0.00969	0.01385	0.01246	0.01800	0.02077	0.03046	0.01938	0.05815	0.69678	0.01246	0.02077	0.00831	0.00415	0.00692
83	0.01464	0.01378	0.02326	0.70887	0.05340	0.01723	0.02153	0.01981	0.01550	0.01981	0.01378	0.02067	0.01034	0.00775	0.00775	0.00258	0.01034	0.00689	0.00345	0.00861
84	0.02021	0.01001	0.01268	0.01094	0.01464	0.00871	0.00857	0.02293	0.02028	0.29857	0.18482	0.09595	0.22990	0.01497	0.00864	0.00253	0.00502	0.01270	0.00848	0.00946
85	0.01236	0.00765	0.00911	0.00875	0.01057	0.00728	0.00656	0.01600	0.01968	0.03022	0.41632	0.04637	0.05194	0.01314	0.00766	0.00219	0.00364	0.01132	0.31197	0.00728
86	0.01269	0.14337	0.01590	0.01148	0.01440	0.01197	0.00985	0.01544	0.01757	0.02196	0.09379	0.09307	0.25079	0.01778	0.00898	0.00280	0.00592	0.23827	0.00655	0.00744

[dist]
# distance from previous block
# <min> <max>
0	2

# created by:
# /home/cegg/simao/soft/augustus-3.2.1/scripts/msa2prfl.pl ./align_prep/18069.fa
