[name]
unknown

[dist]
# distance from previous block
# <min> <max>
15	544

[block]
# block no. 0 follows, 21 sequences, length 22
# corresponding to MSA columns:
# 717-738
name=unknown_A
#
# <colnr> <probs for GDERKNQSTAVLIFYWHMCP>
#	G	D	E	R	K	N	Q	S	T	A	V	L	I	F	Y	W	H	M	C	P
0	0.01852	0.01718	0.02584	0.05011	0.12641	0.01469	0.10937	0.02312	0.01829	0.02742	0.01560	0.01924	0.01274	0.00674	0.00733	0.00178	0.00840	0.00635	0.00474	0.48613
1	0.02393	0.02496	0.15170	0.02398	0.05560	0.04551	0.13942	0.07114	0.18406	0.13189	0.02390	0.02461	0.01727	0.00958	0.00939	0.00277	0.03245	0.00844	0.00657	0.01284
2	0.01726	0.01163	0.01586	0.11375	0.02233	0.01212	0.01223	0.05158	0.01787	0.09195	0.02807	0.07742	0.02744	0.17701	0.13375	0.00605	0.01089	0.10957	0.00620	0.05702
3	0.02237	0.15664	0.14002	0.01895	0.02463	0.02369	0.01799	0.17205	0.02232	0.05498	0.01948	0.09891	0.01764	0.01226	0.01237	0.00280	0.15709	0.00877	0.00565	0.01142
4	0.01310	0.01076	0.01802	0.01632	0.01868	0.01193	0.08276	0.01663	0.01444	0.02065	0.02213	0.03219	0.02028	0.05709	0.58902	0.01239	0.02179	0.00923	0.00453	0.00806
5	0.01530	0.01372	0.01359	0.01340	0.01575	0.08824	0.00982	0.02162	0.12559	0.02819	0.24107	0.25289	0.09039	0.01855	0.00978	0.00291	0.00614	0.01616	0.00810	0.00877
6	0.10656	0.01720	0.02744	0.05842	0.25998	0.01708	0.10948	0.02376	0.04066	0.02794	0.02155	0.13615	0.02050	0.01088	0.00851	0.00265	0.00899	0.01027	0.00521	0.08675
7	0.01434	0.01148	0.01510	0.01432	0.01594	0.01351	0.01091	0.02001	0.10905	0.02265	0.06435	0.03719	0.02630	0.15612	0.34034	0.00919	0.09543	0.00996	0.00550	0.00831
8	0.01485	0.01304	0.02096	0.46506	0.04362	0.01584	0.01851	0.01915	0.01572	0.02055	0.01828	0.02996	0.01620	0.13549	0.11365	0.00540	0.01254	0.00862	0.00413	0.00844
9	0.01709	0.13668	0.12076	0.31205	0.03846	0.01983	0.01988	0.02223	0.01707	0.02336	0.01796	0.06513	0.01535	0.00989	0.00871	0.00262	0.04256	0.00798	0.09255	0.00982
10	0.01557	0.11607	0.01940	0.09233	0.02123	0.01563	0.01190	0.02259	0.12444	0.02767	0.23473	0.07368	0.06319	0.04430	0.07718	0.00397	0.00824	0.01161	0.00695	0.00933
11	0.01061	0.00781	0.00994	0.01117	0.01228	0.00714	0.00771	0.01263	0.01810	0.02404	0.15503	0.49473	0.14895	0.02430	0.01060	0.00323	0.00468	0.02175	0.00815	0.00714
12	0.01434	0.01058	0.01394	0.01268	0.01423	0.01134	0.00960	0.01735	0.02044	0.05560	0.41614	0.05320	0.05849	0.11960	0.01805	0.00369	0.12154	0.01328	0.00782	0.00809
13	0.11235	0.35061	0.04986	0.01602	0.02275	0.02563	0.04313	0.03134	0.12359	0.12081	0.01937	0.01965	0.01492	0.00859	0.00675	0.00230	0.00847	0.00634	0.00576	0.01176
14	0.01432	0.01312	0.10790	0.01265	0.01503	0.00922	0.01085	0.01367	0.01355	0.01802	0.02710	0.03428	0.12206	0.02496	0.02549	0.51108	0.00764	0.00904	0.00440	0.00563
15	0.01387	0.01060	0.01323	0.01435	0.01628	0.01101	0.01110	0.02111	0.15215	0.02603	0.04359	0.34621	0.04717	0.02228	0.01068	0.00349	0.00632	0.21382	0.00804	0.00866
16	0.02475	0.01688	0.01901	0.04385	0.02194	0.01823	0.01285	0.26637	0.12058	0.09766	0.09955	0.04711	0.02680	0.01159	0.00835	0.00256	0.00720	0.00942	0.13326	0.01205
17	0.02757	0.28748	0.14123	0.01727	0.02520	0.02430	0.01722	0.13183	0.02321	0.19780	0.01976	0.01969	0.01424	0.00880	0.00728	0.00232	0.00925	0.00647	0.00632	0.01278
18	0.01208	0.00869	0.01155	0.01173	0.01350	0.00816	0.00898	0.01569	0.02214	0.03078	0.45102	0.16426	0.07131	0.01984	0.01046	0.00301	0.00481	0.11527	0.00888	0.00783
19	0.52515	0.02027	0.11077	0.01384	0.02043	0.01806	0.01313	0.02813	0.01670	0.14197	0.01609	0.01704	0.01148	0.00838	0.00625	0.00264	0.00760	0.00554	0.00592	0.01062
20	0.01895	0.26368	0.45369	0.02104	0.03186	0.02438	0.02584	0.02646	0.01774	0.02465	0.01413	0.01654	0.01083	0.00782	0.00721	0.00240	0.01142	0.00571	0.00361	0.01203
21	0.02239	0.12479	0.11264	0.13734	0.10692	0.02125	0.08078	0.03025	0.10269	0.12231	0.02031	0.02260	0.01510	0.00898	0.00888	0.00264	0.03487	0.00763	0.00554	0.01208

[dist]
# distance from previous block
# <min> <max>
0	1

[block]
# block no. 1 follows, 21 sequences, length 12
# corresponding to MSA columns:
# 740-751
name=unknown_B
#
# <colnr> <probs for GDERKNQSTAVLIFYWHMCP>
#	G	D	E	R	K	N	Q	S	T	A	V	L	I	F	Y	W	H	M	C	P
0	0.01193	0.00810	0.01076	0.01206	0.01315	0.00812	0.00882	0.01438	0.01642	0.02330	0.03921	0.39804	0.04356	0.03085	0.13531	0.00524	0.00854	0.08625	0.11866	0.00731
1	0.02054	0.05055	0.06546	0.27915	0.10727	0.10089	0.05539	0.06167	0.01917	0.02462	0.01465	0.02017	0.01174	0.00945	0.01154	0.00280	0.12292	0.00724	0.00420	0.01059
2	0.01145	0.00835	0.01093	0.01213	0.01353	0.00783	0.00909	0.01409	0.01902	0.02533	0.17675	0.36133	0.12182	0.02345	0.01080	0.00333	0.00533	0.14986	0.00820	0.00739
3	0.01888	0.02076	0.10893	0.22888	0.03577	0.01991	0.01989	0.08652	0.01883	0.02684	0.01480	0.01981	0.01183	0.00966	0.01250	0.00266	0.16668	0.00685	0.00452	0.16548
4	0.02097	0.02105	0.02928	0.06748	0.37806	0.09929	0.05042	0.02746	0.08561	0.02682	0.02105	0.09515	0.01905	0.01026	0.00871	0.00266	0.01010	0.00947	0.00510	0.01204
5	0.06359	0.02194	0.12302	0.02124	0.02765	0.01884	0.14614	0.14078	0.11019	0.05999	0.02187	0.06237	0.01770	0.01287	0.01208	0.10362	0.00978	0.00904	0.00609	0.01120
6	0.01753	0.01496	0.01650	0.01515	0.01890	0.01688	0.01177	0.03330	0.39420	0.03089	0.07700	0.04215	0.13676	0.01992	0.08722	0.00417	0.03229	0.01129	0.00791	0.01121
7	0.01371	0.01119	0.01600	0.01941	0.15022	0.01055	0.01173	0.01769	0.02239	0.03115	0.42714	0.05699	0.14703	0.01587	0.00969	0.00267	0.00538	0.01407	0.00804	0.00909
8	0.01788	0.01786	0.02690	0.02266	0.02364	0.02349	0.08195	0.02027	0.01415	0.02135	0.01572	0.09283	0.01627	0.01534	0.02414	0.00360	0.53887	0.00955	0.00424	0.00928
9	0.02408	0.01383	0.01681	0.01460	0.01900	0.01393	0.01173	0.06906	0.17126	0.22769	0.16443	0.04391	0.03758	0.01359	0.00908	0.00280	0.00642	0.07292	0.05555	0.01173
10	0.16686	0.01560	0.01893	0.01480	0.02116	0.01482	0.01222	0.08570	0.02387	0.49477	0.02862	0.02556	0.01841	0.01004	0.00797	0.00263	0.00730	0.00778	0.00943	0.01354
11	0.01079	0.00838	0.00981	0.01002	0.01209	0.00741	0.00730	0.01342	0.02029	0.02643	0.26351	0.20877	0.32876	0.02127	0.01023	0.00293	0.00435	0.01845	0.00839	0.00741

[dist]
# distance from previous block
# <min> <max>
7	16

[block]
# block no. 2 follows, 21 sequences, length 32
# corresponding to MSA columns:
# 768-774,794-818
name=unknown_C
#
# <colnr> <probs for GDERKNQSTAVLIFYWHMCP>
#	G	D	E	R	K	N	Q	S	T	A	V	L	I	F	Y	W	H	M	C	P
0	0.07893	0.18176	0.08312	0.08605	0.02638	0.05158	0.01580	0.14476	0.08256	0.05751	0.01911	0.02352	0.01567	0.08527	0.01133	0.00308	0.00938	0.00723	0.00574	0.01122
1	0.01772	0.01817	0.06394	0.25299	0.20728	0.01829	0.07487	0.04575	0.01861	0.02540	0.02057	0.12711	0.01919	0.01131	0.00983	0.00287	0.04031	0.01032	0.00477	0.01071
2	0.01252	0.00805	0.01083	0.01134	0.01194	0.00803	0.00775	0.01290	0.01475	0.02001	0.09376	0.20276	0.03798	0.18802	0.09656	0.19769	0.00837	0.04487	0.00596	0.00592
3	0.02082	0.02323	0.04095	0.02974	0.03770	0.08715	0.43237	0.02680	0.02002	0.02668	0.01637	0.02109	0.01265	0.00717	0.00905	0.00248	0.01284	0.00856	0.00446	0.15987
4	0.01608	0.01023	0.01305	0.01334	0.01537	0.00995	0.00982	0.08268	0.02037	0.09237	0.06703	0.47098	0.04831	0.02249	0.01041	0.00328	0.00589	0.07136	0.00830	0.00867
5	0.01144	0.00833	0.01162	0.01232	0.01343	0.00867	0.00892	0.01385	0.01615	0.02245	0.12156	0.30310	0.04416	0.07185	0.28201	0.00777	0.01230	0.01619	0.00661	0.00727
6	0.09669	0.01273	0.01562	0.01266	0.01777	0.01175	0.01028	0.03362	0.02155	0.41507	0.02991	0.02842	0.02022	0.01011	0.00749	0.00244	0.00622	0.00802	0.22735	0.01208
7	0.01254	0.00942	0.01150	0.01237	0.01367	0.00953	0.00854	0.01784	0.11908	0.02457	0.09635	0.45750	0.05061	0.09770	0.01400	0.00382	0.00552	0.01967	0.00786	0.00791
8	0.02367	0.01452	0.01662	0.01407	0.01848	0.01479	0.01143	0.21618	0.02708	0.14092	0.09542	0.04303	0.09662	0.01356	0.00868	0.00265	0.00671	0.07089	0.15363	0.01106
9	0.01769	0.00969	0.00988	0.00922	0.01174	0.00998	0.00708	0.08629	0.02030	0.03416	0.02695	0.03048	0.02100	0.00995	0.00623	0.00205	0.00456	0.00790	0.66618	0.00866
10	0.01090	0.00790	0.01006	0.01157	0.01246	0.00740	0.00803	0.01256	0.01659	0.02170	0.04935	0.48615	0.12538	0.10009	0.01444	0.00396	0.00553	0.08151	0.00759	0.00685
11	0.01627	0.01312	0.01906	0.12611	0.02512	0.01401	0.06664	0.09027	0.04821	0.02688	0.09441	0.08262	0.09547	0.06173	0.10483	0.07868	0.01021	0.01145	0.00612	0.00878
12	0.01084	0.00867	0.00974	0.00973	0.01222	0.00756	0.00737	0.01361	0.02064	0.02627	0.24182	0.09937	0.42830	0.02066	0.01018	0.00290	0.00445	0.04990	0.00832	0.00745
13	0.03818	0.01448	0.01975	0.01514	0.02172	0.01251	0.01251	0.04147	0.02436	0.65373	0.03357	0.02897	0.02107	0.01053	0.00856	0.00263	0.00724	0.00856	0.01053	0.01448
14	0.02660	0.01267	0.01676	0.01492	0.01932	0.01185	0.01209	0.03178	0.08205	0.35222	0.03837	0.15466	0.03342	0.01611	0.00964	0.00307	0.00694	0.13651	0.00933	0.01169
15	0.02054	0.01969	0.03360	0.11812	0.58605	0.02008	0.02586	0.02566	0.01913	0.02717	0.01591	0.02123	0.01326	0.00768	0.00843	0.00256	0.01024	0.00758	0.00417	0.01306
16	0.01329	0.00982	0.01283	0.01286	0.01427	0.01083	0.00951	0.01754	0.07514	0.02092	0.02770	0.04727	0.02788	0.25736	0.33078	0.00980	0.01492	0.07435	0.00552	0.00743
17	0.01818	0.02791	0.31905	0.01950	0.02688	0.04196	0.05879	0.02391	0.01768	0.08591	0.02342	0.11313	0.02170	0.14634	0.01549	0.00386	0.01046	0.01020	0.00521	0.01041
18	0.19666	0.02980	0.31908	0.01895	0.02808	0.01884	0.02103	0.08786	0.02058	0.15495	0.01857	0.01940	0.01279	0.00873	0.00756	0.00265	0.00981	0.00648	0.00583	0.01235
19	0.02101	0.01224	0.01501	0.01298	0.01721	0.01126	0.01001	0.02692	0.10043	0.18938	0.11445	0.16276	0.03515	0.01393	0.00855	0.00252	0.00578	0.01199	0.08599	0.14245
20	0.02019	0.30103	0.27871	0.02277	0.09676	0.02547	0.02228	0.02819	0.08229	0.02521	0.01602	0.01804	0.01273	0.00807	0.00714	0.00235	0.01031	0.00609	0.00421	0.01211
21	0.02188	0.20022	0.28817	0.01819	0.02681	0.02155	0.02029	0.08562	0.02058	0.08924	0.01844	0.02012	0.01372	0.00859	0.00722	0.00236	0.00966	0.00644	0.10903	0.01188
22	0.02063	0.16296	0.23746	0.01997	0.02674	0.08107	0.02045	0.08669	0.01969	0.02619	0.01776	0.09199	0.01630	0.01140	0.01119	0.00272	0.12290	0.00819	0.00469	0.01104
23	0.01164	0.00811	0.00965	0.01016	0.01184	0.00743	0.00728	0.01434	0.01927	0.02686	0.20555	0.28113	0.19287	0.02032	0.00965	0.00288	0.00439	0.01779	0.13144	0.00743
24	0.01765	0.01513	0.01765	0.01260	0.02017	0.01134	0.01008	0.02143	0.01765	0.02773	0.01513	0.01765	0.01260	0.00630	0.00630	0.00126	0.00630	0.00504	0.00504	0.75295
25	0.02468	0.01777	0.02032	0.01582	0.02163	0.01808	0.01287	0.23226	0.05735	0.09333	0.02069	0.02200	0.01560	0.00945	0.00921	0.00221	0.06552	0.00703	0.08880	0.24538
26	0.01241	0.00960	0.01161	0.01239	0.01447	0.00933	0.00951	0.01736	0.08657	0.02558	0.10924	0.26247	0.20932	0.02207	0.01054	0.00328	0.00556	0.15256	0.00810	0.00802
27	0.02367	0.15106	0.12119	0.01663	0.02340	0.01942	0.01570	0.10431	0.02144	0.14900	0.02205	0.09431	0.01862	0.01083	0.00888	0.00240	0.04712	0.00841	0.00631	0.13524
28	0.01901	0.23634	0.42260	0.02246	0.03312	0.02400	0.07921	0.02655	0.01796	0.02495	0.01444	0.01715	0.01101	0.00777	0.00749	0.00245	0.01172	0.00612	0.00367	0.01199
29	0.01172	0.00838	0.01064	0.01181	0.01287	0.00802	0.00856	0.01366	0.01692	0.02222	0.07757	0.30326	0.10792	0.18253	0.01855	0.00459	0.00632	0.16031	0.00732	0.00682
30	0.01824	0.01203	0.01620	0.01497	0.01659	0.01351	0.01140	0.07167	0.01720	0.09226	0.02616	0.20664	0.02664	0.02545	0.08380	0.17946	0.14116	0.01228	0.00611	0.00821
31	0.02601	0.02263	0.17153	0.15941	0.03418	0.01722	0.04642	0.09277	0.02275	0.25561	0.04969	0.02540	0.01811	0.00965	0.00856	0.00269	0.00976	0.00808	0.00694	0.01256

[dist]
# distance from previous block
# <min> <max>
6	9

[block]
# block no. 3 follows, 21 sequences, length 14
# corresponding to MSA columns:
# 828-838,840-842
name=unknown_D
#
# <colnr> <probs for GDERKNQSTAVLIFYWHMCP>
#	G	D	E	R	K	N	Q	S	T	A	V	L	I	F	Y	W	H	M	C	P
0	0.02769	0.06437	0.02521	0.07435	0.02779	0.02496	0.01605	0.39397	0.17912	0.04451	0.02286	0.02292	0.01675	0.01021	0.00836	0.00261	0.00888	0.00793	0.00785	0.01359
1	0.01746	0.01427	0.01662	0.01460	0.01819	0.01515	0.01163	0.11511	0.09623	0.03000	0.06916	0.07417	0.17359	0.03885	0.03528	0.00338	0.09035	0.06033	0.00710	0.09854
2	0.01818	0.17085	0.26141	0.02023	0.02739	0.06236	0.06291	0.02351	0.01763	0.02354	0.02066	0.15520	0.02027	0.01224	0.00985	0.00273	0.06601	0.00988	0.00459	0.01056
3	0.02226	0.26084	0.27537	0.01916	0.02811	0.02481	0.02100	0.08673	0.09148	0.06733	0.01800	0.01903	0.01359	0.00857	0.00734	0.00240	0.01008	0.00636	0.00511	0.01242
4	0.01086	0.00847	0.00928	0.00932	0.01130	0.00751	0.00655	0.01282	0.01847	0.02331	0.15788	0.11916	0.38819	0.15958	0.01688	0.00398	0.00511	0.01689	0.00757	0.00688
5	0.02010	0.01764	0.02679	0.16157	0.17135	0.01965	0.06189	0.13462	0.02213	0.03044	0.07080	0.02893	0.02070	0.01473	0.05978	0.00365	0.08447	0.03414	0.00551	0.01111
6	0.02219	0.27484	0.09239	0.09575	0.06403	0.02386	0.04408	0.06575	0.07168	0.08252	0.04390	0.04745	0.01810	0.00950	0.00757	0.00242	0.00927	0.00766	0.00546	0.01158
7	0.17008	0.01144	0.01380	0.01318	0.01635	0.01189	0.01059	0.02235	0.01725	0.14471	0.02840	0.08908	0.02629	0.02630	0.14973	0.05878	0.01017	0.12135	0.04932	0.00896
8	0.01707	0.04402	0.65683	0.02426	0.03683	0.01976	0.03144	0.02695	0.01797	0.02695	0.01527	0.01797	0.01078	0.00809	0.00809	0.00270	0.01258	0.00629	0.00359	0.01258
9	0.12441	0.01456	0.06896	0.06333	0.02134	0.01251	0.01309	0.02418	0.02030	0.17137	0.17056	0.11558	0.03902	0.01489	0.00907	0.00293	0.00699	0.08913	0.00779	0.01000
10	0.02385	0.23788	0.14872	0.09915	0.03008	0.05164	0.04902	0.06627	0.02047	0.12679	0.01818	0.02005	0.01354	0.00851	0.00738	0.00237	0.01000	0.00661	0.04786	0.01166
11	0.01353	0.01065	0.01221	0.01186	0.01454	0.01048	0.00898	0.04568	0.11376	0.02938	0.22703	0.16307	0.24070	0.01924	0.00998	0.00295	0.00508	0.04374	0.00846	0.00869
12	0.01075	0.00757	0.00976	0.01137	0.01177	0.00716	0.00738	0.01195	0.01555	0.02074	0.04311	0.57467	0.05150	0.15388	0.01699	0.00436	0.00556	0.02196	0.00738	0.00658
13	0.01922	0.07331	0.10343	0.12183	0.12945	0.04946	0.18242	0.02591	0.05799	0.02539	0.01922	0.07796	0.01670	0.00997	0.00992	0.00278	0.04996	0.00931	0.00464	0.01113

[dist]
# distance from previous block
# <min> <max>
0	51

[block]
# block no. 4 follows, 21 sequences, length 25
# corresponding to MSA columns:
# 894-918
name=unknown_E
#
# <colnr> <probs for GDERKNQSTAVLIFYWHMCP>
#	G	D	E	R	K	N	Q	S	T	A	V	L	I	F	Y	W	H	M	C	P
0	0.12216	0.01865	0.04363	0.11965	0.14906	0.07410	0.01701	0.02945	0.01986	0.21734	0.02244	0.06083	0.01736	0.01231	0.03687	0.00313	0.00977	0.00826	0.00643	0.01166
1	0.01037	0.00741	0.00987	0.01185	0.01234	0.00691	0.00790	0.01185	0.01629	0.02172	0.04690	0.69537	0.05629	0.02666	0.01086	0.00346	0.00494	0.02419	0.00790	0.00691
2	0.32141	0.06220	0.02411	0.04799	0.05116	0.10956	0.07394	0.07975	0.01896	0.03168	0.01357	0.01682	0.01092	0.00902	0.00952	0.00268	0.09531	0.00615	0.00495	0.01031
3	0.01478	0.00739	0.01109	0.01109	0.01109	0.00739	0.00739	0.01109	0.01109	0.01478	0.01478	0.02587	0.01478	0.02956	0.03326	0.75240	0.00739	0.00739	0.00370	0.00370
4	0.02275	0.02177	0.03460	0.12381	0.14814	0.06215	0.22727	0.14975	0.02380	0.03193	0.01774	0.02209	0.01352	0.00833	0.00882	0.00264	0.01157	0.00834	0.04909	0.01186
5	0.01037	0.00741	0.00987	0.01185	0.01234	0.00691	0.00790	0.01185	0.01629	0.02172	0.04690	0.69537	0.05629	0.02666	0.01086	0.00346	0.00494	0.02419	0.00790	0.00691
6	0.02050	0.02063	0.08030	0.21846	0.03455	0.05302	0.01845	0.06595	0.25305	0.05076	0.04987	0.02697	0.02026	0.01045	0.00938	0.00282	0.03806	0.00849	0.00638	0.01167
7	0.02564	0.01145	0.01494	0.01289	0.01708	0.01039	0.01049	0.02929	0.02221	0.32916	0.13225	0.04435	0.03461	0.01328	0.00865	0.00267	0.00607	0.08926	0.17424	0.01107
8	0.01113	0.00831	0.01016	0.01076	0.01236	0.00759	0.00776	0.01351	0.01909	0.02516	0.21083	0.27144	0.21842	0.07544	0.01304	0.00351	0.00500	0.06120	0.00806	0.00721
9	0.06368	0.01761	0.02118	0.01760	0.02232	0.01949	0.04413	0.05172	0.28207	0.03156	0.04808	0.02586	0.02069	0.01078	0.01146	0.00265	0.12588	0.00816	0.00663	0.16844
10	0.01874	0.01448	0.01724	0.01263	0.01960	0.01113	0.01008	0.02250	0.01876	0.07734	0.07429	0.02275	0.01949	0.00765	0.00682	0.00150	0.00617	0.00627	0.00587	0.62667
11	0.01091	0.00812	0.01029	0.01181	0.01311	0.00750	0.00863	0.01299	0.01761	0.02270	0.05560	0.44491	0.19012	0.02491	0.01084	0.00341	0.00532	0.12619	0.00789	0.00714
12	0.01980	0.01928	0.02739	0.02289	0.02392	0.02583	0.05228	0.06868	0.01559	0.02351	0.01225	0.01901	0.01153	0.01408	0.02537	0.00358	0.59342	0.00761	0.00414	0.00984
13	0.01213	0.00842	0.00991	0.00982	0.01045	0.00835	0.00614	0.01311	0.01460	0.01965	0.11308	0.05677	0.08466	0.49903	0.09289	0.00758	0.00870	0.01292	0.00588	0.00592
14	0.01207	0.00909	0.01129	0.01158	0.01334	0.00875	0.00835	0.01682	0.07767	0.02847	0.30554	0.30690	0.11630	0.02081	0.01023	0.00302	0.00465	0.01849	0.00860	0.00803
15	0.17754	0.02267	0.11233	0.15974	0.03587	0.02139	0.14139	0.13334	0.02120	0.03279	0.01562	0.01959	0.01170	0.00874	0.00923	0.00278	0.05062	0.00729	0.00504	0.01114
16	0.01317	0.01067	0.01378	0.01302	0.01396	0.01235	0.00963	0.01477	0.01414	0.01938	0.03337	0.04687	0.13631	0.26418	0.20280	0.00781	0.15003	0.01151	0.00520	0.00704
17	0.01207	0.00879	0.01182	0.01182	0.01295	0.00958	0.00849	0.01403	0.01369	0.01893	0.02909	0.04461	0.07327	0.27172	0.40891	0.01103	0.01653	0.01089	0.00502	0.00676
18	0.01214	0.00838	0.01076	0.01168	0.01301	0.00801	0.00868	0.01485	0.01871	0.02591	0.18404	0.28114	0.07510	0.08329	0.01332	0.00365	0.00552	0.13850	0.07600	0.00731
19	0.14906	0.01855	0.01973	0.01634	0.02202	0.04606	0.01338	0.19502	0.10796	0.22307	0.02677	0.03005	0.02010	0.01126	0.00828	0.00274	0.00805	0.06049	0.00837	0.01269
20	0.02322	0.14722	0.03648	0.09504	0.16419	0.05705	0.16160	0.13319	0.04664	0.03022	0.01681	0.02033	0.01320	0.00821	0.00826	0.00251	0.01106	0.00760	0.00504	0.01213
21	0.20908	0.01630	0.01719	0.01410	0.02009	0.01644	0.01130	0.03291	0.20245	0.14021	0.02332	0.02286	0.01722	0.00900	0.00714	0.00233	0.00666	0.00691	0.00713	0.21736
22	0.01905	0.01174	0.01480	0.01242	0.01696	0.00995	0.00991	0.02267	0.02157	0.16151	0.24006	0.04855	0.09788	0.01390	0.00888	0.00242	0.00569	0.06425	0.00818	0.20961
23	0.01177	0.00833	0.01030	0.01117	0.01234	0.00799	0.00769	0.01485	0.04638	0.02495	0.15090	0.40552	0.08887	0.08466	0.01316	0.00358	0.00505	0.01923	0.06591	0.00735
24	0.01465	0.01038	0.01194	0.01094	0.01240	0.01041	0.00713	0.06856	0.01549	0.02121	0.02478	0.04687	0.02684	0.51368	0.09625	0.00761	0.00956	0.01096	0.00539	0.07495

[dist]
# distance from previous block
# <min> <max>
0	2

[block]
# block no. 5 follows, 21 sequences, length 11
# corresponding to MSA columns:
# 921-931
name=unknown_F
#
# <colnr> <probs for GDERKNQSTAVLIFYWHMCP>
#	G	D	E	R	K	N	Q	S	T	A	V	L	I	F	Y	W	H	M	C	P
0	0.02131	0.01527	0.01696	0.01495	0.01876	0.07875	0.01186	0.02550	0.06429	0.14336	0.11817	0.04009	0.03080	0.01719	0.04260	0.07585	0.04484	0.09105	0.00708	0.12130
1	0.09591	0.37964	0.06240	0.01599	0.02297	0.09493	0.01484	0.11010	0.02101	0.02764	0.01365	0.01537	0.01141	0.00786	0.00630	0.00203	0.00945	0.00522	0.00469	0.07858
2	0.02290	0.54632	0.03905	0.01474	0.02202	0.02985	0.01407	0.07883	0.01940	0.02416	0.01308	0.01483	0.01148	0.00741	0.00586	0.00181	0.00873	0.00490	0.00428	0.11627
3	0.02152	0.07480	0.06979	0.06723	0.02648	0.01894	0.07918	0.06416	0.21736	0.08878	0.02679	0.03033	0.02076	0.01052	0.00826	0.00267	0.00837	0.04048	0.11184	0.01174
4	0.01181	0.00838	0.01014	0.01047	0.01202	0.00773	0.00756	0.01309	0.01737	0.02230	0.12796	0.13320	0.26016	0.11921	0.01872	0.12295	0.00577	0.07765	0.00702	0.00649
5	0.02002	0.01823	0.02732	0.02171	0.02634	0.06958	0.18429	0.02374	0.01843	0.08514	0.02383	0.17280	0.02297	0.01321	0.01240	0.00284	0.12467	0.01156	0.00573	0.11519
6	0.38469	0.11587	0.02619	0.02025	0.07952	0.02256	0.09866	0.05723	0.01738	0.03252	0.01339	0.01650	0.01081	0.00838	0.00828	0.00263	0.06380	0.00604	0.00485	0.01046
7	0.09242	0.05206	0.01999	0.12105	0.02584	0.01842	0.01396	0.12887	0.15245	0.06515	0.02674	0.13859	0.02376	0.01706	0.06246	0.00371	0.00907	0.01059	0.00690	0.01091
8	0.02185	0.07390	0.12030	0.10786	0.18409	0.02243	0.17771	0.13243	0.02265	0.03092	0.01661	0.02068	0.01272	0.00810	0.00861	0.00263	0.01148	0.00784	0.00483	0.01237
9	0.01311	0.01093	0.01523	0.01455	0.01708	0.01067	0.06789	0.01878	0.10512	0.02539	0.08121	0.34123	0.16187	0.02093	0.01034	0.00320	0.00614	0.06014	0.00773	0.00846
10	0.06566	0.01380	0.04632	0.07858	0.02156	0.01324	0.04522	0.01983	0.04477	0.05336	0.20068	0.05054	0.22039	0.01539	0.01099	0.00286	0.06805	0.01271	0.00706	0.00900

[dist]
# distance from previous block
# <min> <max>
2	39

[block]
# block no. 6 follows, 21 sequences, length 18
# corresponding to MSA columns:
# 971-988
name=unknown_G
#
# <colnr> <probs for GDERKNQSTAVLIFYWHMCP>
#	G	D	E	R	K	N	Q	S	T	A	V	L	I	F	Y	W	H	M	C	P
0	0.02008	0.09543	0.01670	0.01199	0.01592	0.01228	0.00968	0.02278	0.01941	0.19596	0.04647	0.12105	0.20913	0.02085	0.07810	0.00381	0.00769	0.01269	0.07028	0.00972
1	0.01709	0.01239	0.01674	0.09513	0.02188	0.01247	0.01203	0.01989	0.01801	0.09084	0.11021	0.15969	0.05791	0.01552	0.01259	0.04709	0.08919	0.01179	0.00648	0.17308
2	0.09904	0.15977	0.13420	0.06086	0.11097	0.02099	0.01840	0.03128	0.08385	0.17064	0.02055	0.02135	0.01500	0.00879	0.00751	0.00250	0.00903	0.00689	0.00599	0.01237
3	0.01557	0.01281	0.01984	0.13295	0.02619	0.01435	0.06485	0.07911	0.01859	0.02571	0.08615	0.03250	0.02435	0.03892	0.35908	0.00856	0.01671	0.00944	0.00531	0.00900
4	0.01175	0.00866	0.01205	0.01252	0.01375	0.00934	0.00927	0.01408	0.01464	0.02019	0.03309	0.17558	0.07053	0.12999	0.39041	0.00987	0.01563	0.03584	0.00565	0.00714
5	0.01980	0.01576	0.02370	0.24616	0.11857	0.01722	0.05307	0.09355	0.05399	0.06338	0.09641	0.02913	0.02309	0.01003	0.00847	0.00263	0.00887	0.00889	0.09645	0.01082
6	0.02300	0.01897	0.03148	0.08529	0.30348	0.01906	0.11688	0.09916	0.02216	0.10273	0.02133	0.07929	0.01785	0.00986	0.00892	0.00270	0.01002	0.00950	0.00577	0.01254
7	0.01442	0.01252	0.01915	0.01698	0.01841	0.01468	0.07303	0.01677	0.01421	0.02026	0.02296	0.11028	0.02397	0.17328	0.23502	0.00778	0.18239	0.01122	0.00484	0.00784
8	0.02471	0.01163	0.01507	0.01265	0.01684	0.01060	0.01003	0.02925	0.04953	0.31378	0.26647	0.04268	0.04406	0.01313	0.00881	0.00258	0.00558	0.01114	0.10028	0.01117
9	0.01923	0.10060	0.41174	0.02131	0.03054	0.02149	0.02462	0.09754	0.01971	0.02811	0.01620	0.02109	0.01298	0.06737	0.01255	0.00315	0.06879	0.00690	0.00434	0.01174
10	0.01406	0.00925	0.01022	0.00983	0.01048	0.00942	0.00597	0.05343	0.01477	0.02052	0.02649	0.05091	0.02892	0.58459	0.03719	0.00723	0.00789	0.01161	0.08118	0.00606
11	0.01161	0.00793	0.00951	0.01027	0.01045	0.00774	0.00621	0.01217	0.01388	0.01850	0.03451	0.30071	0.04065	0.44266	0.03088	0.00641	0.00698	0.01690	0.00621	0.00583
12	0.02469	0.01368	0.01604	0.01342	0.01781	0.01375	0.01069	0.12953	0.08939	0.20899	0.14534	0.03507	0.03187	0.01173	0.00817	0.00249	0.00609	0.00965	0.20015	0.01146
13	0.02359	0.37891	0.14159	0.01976	0.02761	0.11544	0.07919	0.07766	0.02055	0.02487	0.01386	0.01612	0.01141	0.00785	0.00692	0.00218	0.01108	0.00579	0.00422	0.01141
14	0.01256	0.00967	0.01333	0.01421	0.01525	0.01044	0.01101	0.01509	0.01721	0.02345	0.09036	0.34295	0.04786	0.02676	0.06903	0.00442	0.09042	0.17116	0.00721	0.00760
15	0.01798	0.00987	0.01148	0.01099	0.01359	0.00973	0.00825	0.02341	0.08242	0.11640	0.09512	0.17229	0.03517	0.01440	0.00802	0.00254	0.00491	0.01232	0.34189	0.00921
16	0.01340	0.00966	0.01218	0.01319	0.01460	0.00959	0.00951	0.08680	0.01953	0.02601	0.04348	0.55162	0.05042	0.02433	0.01067	0.00339	0.00577	0.07995	0.00797	0.00793
17	0.08066	0.01688	0.02941	0.02293	0.02819	0.01659	0.27108	0.09064	0.02120	0.03027	0.07889	0.21608	0.03082	0.01399	0.00969	0.00296	0.00956	0.01378	0.00633	0.01005

[dist]
# distance from previous block
# <min> <max>
0	2

[block]
# block no. 7 follows, 21 sequences, length 64
# corresponding to MSA columns:
# 991-1054
name=unknown_H
#
# <colnr> <probs for GDERKNQSTAVLIFYWHMCP>
#	G	D	E	R	K	N	Q	S	T	A	V	L	I	F	Y	W	H	M	C	P
0	0.01788	0.06699	0.40885	0.02170	0.03001	0.02085	0.02477	0.05084	0.01739	0.02549	0.01567	0.02175	0.01304	0.07848	0.01542	0.00340	0.14517	0.00710	0.00400	0.01119
1	0.01337	0.01070	0.01536	0.01447	0.01643	0.01231	0.01141	0.01637	0.01401	0.02062	0.02083	0.03032	0.01936	0.05302	0.53506	0.01141	0.08989	0.00854	0.00452	0.08199
2	0.06363	0.02022	0.02733	0.02613	0.14949	0.02099	0.07596	0.24010	0.08854	0.16589	0.02293	0.02336	0.01636	0.00948	0.00852	0.00263	0.00918	0.00811	0.00752	0.01363
3	0.01184	0.00822	0.01030	0.01078	0.01120	0.00840	0.00691	0.01281	0.01359	0.01842	0.03091	0.20718	0.03520	0.41032	0.15906	0.00816	0.01033	0.01461	0.00571	0.00607
4	0.02052	0.01951	0.03552	0.19284	0.04157	0.05279	0.31423	0.02609	0.01957	0.08735	0.02109	0.09077	0.01759	0.00989	0.00947	0.00286	0.01199	0.01045	0.00516	0.01072
5	0.01916	0.02105	0.09848	0.02739	0.05303	0.01776	0.33155	0.05632	0.02131	0.05732	0.11110	0.09534	0.02720	0.01101	0.00973	0.00284	0.01102	0.01157	0.00582	0.01100
6	0.01244	0.00889	0.01317	0.01317	0.01446	0.01017	0.01001	0.01462	0.01334	0.01907	0.02218	0.03384	0.02112	0.09432	0.56827	0.08983	0.02042	0.00911	0.00450	0.00706
7	0.09856	0.01171	0.01642	0.26302	0.03057	0.01302	0.01407	0.01753	0.01642	0.02390	0.02945	0.33259	0.03195	0.01673	0.00912	0.00302	0.00760	0.01480	0.00592	0.04360
8	0.01765	0.01513	0.01765	0.01260	0.02017	0.01134	0.01008	0.02143	0.01765	0.02773	0.01513	0.01765	0.01260	0.00630	0.00630	0.00126	0.00630	0.00504	0.00504	0.75295
9	0.03185	0.02359	0.02526	0.01948	0.02620	0.02616	0.01605	0.59384	0.06644	0.05283	0.02107	0.02094	0.01499	0.01028	0.00852	0.00257	0.00925	0.00775	0.00852	0.01443
10	0.01219	0.00941	0.01218	0.01222	0.01345	0.00971	0.00900	0.01463	0.01870	0.02565	0.25023	0.24868	0.11537	0.08865	0.01566	0.00366	0.08018	0.04530	0.00767	0.00746
11	0.01115	0.00801	0.01057	0.01132	0.01252	0.00743	0.00796	0.01381	0.01992	0.02750	0.32464	0.40117	0.06747	0.02235	0.01048	0.00309	0.00451	0.02009	0.00858	0.00743
12	0.03818	0.01448	0.01975	0.01514	0.02172	0.01251	0.01251	0.04147	0.02436	0.65373	0.03357	0.02897	0.02107	0.01053	0.00856	0.00263	0.00724	0.00856	0.01053	0.01448
13	0.03009	0.01496	0.01864	0.01529	0.02082	0.01460	0.01229	0.03970	0.20681	0.39750	0.10351	0.03375	0.02930	0.01162	0.00876	0.00271	0.00672	0.00966	0.00984	0.01344
14	0.03152	0.01601	0.01975	0.01573	0.02139	0.01561	0.01274	0.20459	0.02809	0.36410	0.08231	0.09575	0.02763	0.01262	0.00890	0.00270	0.00736	0.01043	0.00959	0.01318
15	0.01321	0.00878	0.00997	0.01007	0.01253	0.00793	0.00772	0.01609	0.01954	0.05697	0.12250	0.12997	0.31088	0.01898	0.00942	0.00283	0.00478	0.07511	0.15490	0.00782
16	0.01073	0.00773	0.00959	0.01092	0.01162	0.00721	0.00717	0.01200	0.01593	0.02086	0.04810	0.48783	0.12868	0.15963	0.01719	0.00433	0.00551	0.02103	0.00736	0.00660
17	0.02006	0.01028	0.01367	0.01239	0.01553	0.00956	0.00966	0.02348	0.02140	0.21349	0.24269	0.11844	0.04670	0.02054	0.07479	0.00383	0.00712	0.04117	0.08545	0.00975
18	0.02486	0.01189	0.01527	0.01306	0.01721	0.01103	0.01025	0.02997	0.07384	0.31189	0.18781	0.10458	0.03998	0.01388	0.00887	0.00267	0.00578	0.01185	0.09404	0.01127
19	0.17652	0.01895	0.02061	0.01633	0.02260	0.02011	0.01342	0.27099	0.07981	0.23945	0.02411	0.02279	0.01650	0.00997	0.00790	0.00262	0.00792	0.00751	0.00853	0.01336
20	0.01664	0.01571	0.02655	0.60874	0.12589	0.01906	0.02392	0.02224	0.01729	0.02244	0.01523	0.02250	0.01159	0.00840	0.00850	0.00280	0.01120	0.00757	0.00383	0.00991
21	0.01692	0.01724	0.05423	0.22611	0.20378	0.01784	0.05228	0.02172	0.01846	0.02533	0.09429	0.03218	0.08292	0.01121	0.01110	0.00283	0.08663	0.00957	0.00496	0.01040
22	0.02918	0.01360	0.01705	0.01379	0.01916	0.01228	0.01113	0.09023	0.02427	0.40464	0.04612	0.07422	0.17848	0.01406	0.00904	0.00273	0.00660	0.01160	0.00954	0.01228
23	0.01086	0.00777	0.01040	0.01210	0.01289	0.00730	0.00847	0.01284	0.01742	0.02337	0.10845	0.57249	0.05807	0.02540	0.01086	0.00342	0.00512	0.07762	0.00805	0.00712
24	0.27581	0.05492	0.02992	0.02222	0.02820	0.07746	0.20834	0.08361	0.01958	0.03195	0.01446	0.01804	0.01136	0.00866	0.00969	0.00274	0.08048	0.00703	0.00496	0.01060
25	0.01077	0.00870	0.00961	0.00952	0.01211	0.00754	0.00723	0.01352	0.02071	0.02619	0.23881	0.07745	0.46117	0.02049	0.01013	0.00287	0.00439	0.04305	0.00831	0.00745
26	0.02402	0.02069	0.07584	0.02446	0.14744	0.01989	0.01742	0.12196	0.26864	0.11186	0.02957	0.02887	0.04935	0.01063	0.00860	0.00272	0.00822	0.00892	0.00753	0.01337
27	0.01765	0.01513	0.01765	0.01260	0.02017	0.01134	0.01008	0.02143	0.01765	0.02773	0.01513	0.01765	0.01260	0.00630	0.00630	0.00126	0.00630	0.00504	0.00504	0.75295
28	0.01552	0.01086	0.01503	0.08786	0.05043	0.01098	0.01149	0.01999	0.05247	0.08913	0.21065	0.16975	0.10561	0.02241	0.08476	0.00412	0.00794	0.01436	0.00760	0.00904
29	0.01478	0.00739	0.01109	0.01109	0.01109	0.00739	0.00739	0.01109	0.01109	0.01478	0.01478	0.02587	0.01478	0.02956	0.03326	0.75240	0.00739	0.00739	0.00370	0.00370
30	0.01692	0.09644	0.08075	0.54930	0.05258	0.02067	0.02325	0.02261	0.01713	0.02198	0.01476	0.02126	0.01125	0.00833	0.00812	0.00271	0.01119	0.00711	0.00375	0.00988
31	0.02057	0.20777	0.30346	0.01989	0.02939	0.05500	0.05030	0.02678	0.01847	0.05586	0.01525	0.01745	0.01173	0.00770	0.00722	0.00222	0.01064	0.00589	0.00425	0.13015
32	0.01871	0.03868	0.53023	0.02235	0.03338	0.01953	0.02756	0.09400	0.02047	0.03040	0.01691	0.01940	0.01213	0.00848	0.00795	0.00262	0.01149	0.00658	0.06672	0.01240
33	0.01119	0.00823	0.01107	0.01244	0.01360	0.00811	0.00916	0.01341	0.01658	0.02202	0.04592	0.41185	0.10912	0.03303	0.14100	0.00549	0.00884	0.10450	0.00723	0.00721
34	0.02007	0.02939	0.29665	0.02162	0.03019	0.01935	0.08964	0.16082	0.05182	0.03423	0.10505	0.02896	0.05293	0.01053	0.00879	0.00270	0.01023	0.00897	0.00601	0.01205
35	0.02085	0.09881	0.16208	0.07170	0.02589	0.01668	0.01694	0.02777	0.08111	0.15449	0.10300	0.07053	0.05917	0.01248	0.00865	0.00273	0.00830	0.04069	0.00690	0.01123
36	0.05219	0.01008	0.01177	0.04493	0.01547	0.04152	0.00914	0.01457	0.01708	0.02339	0.10718	0.46353	0.04855	0.02306	0.01208	0.06616	0.00596	0.01898	0.00720	0.00717
37	0.02085	0.01717	0.01880	0.01723	0.02168	0.01945	0.01380	0.09918	0.44969	0.03546	0.03523	0.04331	0.02935	0.01378	0.00926	0.00306	0.00723	0.12456	0.00848	0.01246
38	0.61418	0.01775	0.01998	0.01608	0.02201	0.01957	0.12966	0.02546	0.01559	0.03602	0.01291	0.01563	0.00995	0.00776	0.00621	0.00268	0.00812	0.00569	0.00508	0.00966
39	0.01317	0.01005	0.01369	0.01335	0.01527	0.01125	0.01024	0.01866	0.08618	0.02406	0.13826	0.03977	0.03308	0.07776	0.44352	0.01018	0.01686	0.01047	0.00594	0.00824
40	0.02281	0.15341	0.11535	0.01618	0.02276	0.02031	0.01524	0.14319	0.09362	0.09569	0.08905	0.02908	0.05596	0.01067	0.00789	0.00242	0.00803	0.00842	0.04276	0.04714
41	0.12623	0.04806	0.34660	0.01895	0.02781	0.01859	0.02145	0.09234	0.02089	0.03260	0.11255	0.02458	0.02183	0.00964	0.00788	0.00258	0.00964	0.00751	0.00536	0.04492
42	0.02238	0.09125	0.16028	0.02483	0.14242	0.05129	0.01966	0.08499	0.02059	0.09971	0.02187	0.05981	0.03800	0.04457	0.01191	0.00296	0.07779	0.00849	0.00551	0.01168
43	0.04669	0.17435	0.23330	0.02280	0.03187	0.02174	0.16547	0.02949	0.01948	0.14843	0.01848	0.02027	0.01329	0.00816	0.00800	0.00254	0.01103	0.00722	0.00519	0.01222
44	0.01414	0.00926	0.01118	0.01073	0.01346	0.00818	0.00818	0.01705	0.02120	0.09864	0.25617	0.13168	0.29979	0.01955	0.01005	0.00289	0.00479	0.04610	0.00868	0.00830
45	0.05293	0.02289	0.19899	0.02116	0.05581	0.01625	0.08029	0.02773	0.10669	0.10112	0.02477	0.06364	0.02096	0.01365	0.01169	0.08848	0.00946	0.06659	0.00597	0.01095
46	0.09664	0.22471	0.05426	0.01449	0.02150	0.02050	0.01305	0.02896	0.08843	0.12062	0.01879	0.01938	0.01447	0.00806	0.00663	0.00202	0.00764	0.00595	0.00581	0.22809
47	0.01604	0.00863	0.01004	0.00965	0.01187	0.00824	0.00724	0.01975	0.02007	0.08062	0.21108	0.09665	0.04187	0.01357	0.00777	0.00236	0.00432	0.01154	0.41029	0.00839
48	0.01560	0.01022	0.01307	0.01213	0.01318	0.01104	0.00848	0.01693	0.01482	0.08237	0.07691	0.04616	0.03041	0.40199	0.12777	0.00751	0.08726	0.01120	0.00579	0.00716
49	0.02386	0.10335	0.08395	0.02261	0.02805	0.13653	0.13050	0.05898	0.02008	0.08725	0.01919	0.02222	0.04110	0.01053	0.01297	0.00278	0.17228	0.00776	0.00505	0.01097
50	0.02306	0.01862	0.09428	0.08486	0.02650	0.01827	0.01781	0.02679	0.01803	0.20718	0.02335	0.06464	0.01963	0.01356	0.01579	0.00320	0.24967	0.05754	0.00628	0.01096
51	0.01153	0.00836	0.01095	0.01150	0.01303	0.00778	0.00849	0.01457	0.02069	0.02837	0.34642	0.28533	0.09893	0.02144	0.01050	0.00308	0.00474	0.07808	0.00863	0.00758
52	0.01408	0.00757	0.01123	0.01142	0.01163	0.00767	0.00777	0.01158	0.01187	0.01597	0.01879	0.09330	0.01957	0.03272	0.09484	0.60346	0.00870	0.00924	0.00420	0.00441
53	0.02295	0.02367	0.11909	0.21001	0.03873	0.02250	0.08908	0.24167	0.05341	0.03529	0.01800	0.02143	0.01323	0.00936	0.00957	0.00276	0.04355	0.00779	0.00575	0.01214
54	0.01937	0.09847	0.08039	0.02065	0.02390	0.02374	0.04847	0.08074	0.01709	0.02451	0.01468	0.02076	0.01314	0.02040	0.12281	0.00485	0.34412	0.00744	0.00434	0.01012
55	0.01221	0.00891	0.01261	0.01261	0.01375	0.01006	0.00930	0.01451	0.01336	0.01896	0.02377	0.03886	0.02363	0.21910	0.51514	0.01235	0.01925	0.00991	0.00470	0.00700
56	0.01819	0.02687	0.27851	0.02024	0.02790	0.01714	0.07949	0.12248	0.02347	0.03315	0.19095	0.06744	0.03317	0.01190	0.00904	0.00272	0.00945	0.01035	0.00631	0.01123
57	0.02259	0.02368	0.17696	0.09643	0.05797	0.01932	0.02012	0.11624	0.08403	0.12117	0.05269	0.02831	0.01996	0.01108	0.01068	0.00286	0.07944	0.03796	0.00640	0.01210
58	0.01952	0.08982	0.08241	0.02214	0.02718	0.05296	0.14291	0.02862	0.16656	0.02624	0.02273	0.09928	0.02021	0.01217	0.01265	0.00296	0.14520	0.00995	0.00553	0.01096
59	0.05116	0.01050	0.01257	0.01192	0.01338	0.01141	0.00834	0.07405	0.01566	0.02237	0.02405	0.04243	0.02489	0.37790	0.25396	0.00929	0.01331	0.01040	0.00529	0.00712
60	0.23519	0.01697	0.01872	0.01434	0.02108	0.01616	0.04182	0.08583	0.04946	0.03381	0.01579	0.01779	0.01249	0.00747	0.00654	0.00196	0.00714	0.00567	0.00561	0.38617
61	0.13800	0.09105	0.15294	0.02554	0.15355	0.01984	0.07852	0.05371	0.01916	0.03001	0.04483	0.02025	0.01506	0.00807	0.00750	0.00237	0.00948	0.00681	0.00478	0.11855
62	0.09450	0.01569	0.02208	0.11838	0.14622	0.01809	0.01673	0.02172	0.01607	0.02586	0.01620	0.02206	0.01381	0.01527	0.07796	0.00379	0.17455	0.00718	0.08920	0.08466
63	0.17848	0.01971	0.01924	0.01679	0.02124	0.11133	0.04171	0.14846	0.08623	0.03401	0.05359	0.09405	0.02378	0.01671	0.06362	0.00367	0.00995	0.04031	0.00666	0.01045

[dist]
# distance from previous block
# <min> <max>
2	6

[block]
# block no. 8 follows, 21 sequences, length 10
# corresponding to MSA columns:
# 1061-1070
name=unknown_I
#
# <colnr> <probs for GDERKNQSTAVLIFYWHMCP>
#	G	D	E	R	K	N	Q	S	T	A	V	L	I	F	Y	W	H	M	C	P
0	0.10979	0.14662	0.16527	0.01665	0.02477	0.02024	0.01667	0.10446	0.02115	0.11967	0.01750	0.01853	0.01295	0.00817	0.00704	0.00220	0.00876	0.00602	0.00573	0.16783
1	0.02344	0.11316	0.01997	0.01372	0.01892	0.01523	0.01148	0.02943	0.10795	0.23069	0.04291	0.04497	0.16941	0.01372	0.00863	0.00264	0.00674	0.06239	0.00807	0.05653
2	0.18301	0.02114	0.02151	0.01735	0.02343	0.02378	0.01416	0.37628	0.15680	0.04667	0.02156	0.02138	0.01574	0.01000	0.00786	0.00264	0.00824	0.00742	0.00786	0.01316
3	0.02196	0.01499	0.01809	0.01314	0.02049	0.01159	0.01059	0.02564	0.01906	0.15914	0.01900	0.02002	0.01438	0.00719	0.00678	0.00155	0.00650	0.00578	0.00619	0.59793
4	0.02006	0.01619	0.01915	0.13707	0.02701	0.04280	0.01465	0.10818	0.19301	0.05810	0.15726	0.04197	0.03505	0.01328	0.00922	0.00287	0.00785	0.07760	0.00771	0.01097
5	0.12453	0.02243	0.02190	0.15659	0.03047	0.15312	0.01592	0.17365	0.04500	0.12229	0.01928	0.02096	0.01397	0.00933	0.00784	0.00255	0.01008	0.00699	0.03158	0.01153
6	0.17043	0.01165	0.01291	0.01120	0.01504	0.01104	0.00870	0.01905	0.02074	0.03366	0.38126	0.04366	0.05142	0.01312	0.00827	0.00238	0.00503	0.01099	0.00762	0.16187
7	0.02230	0.01317	0.01586	0.01398	0.01779	0.01312	0.01076	0.11042	0.10417	0.18511	0.07577	0.17598	0.10372	0.01741	0.01153	0.07018	0.00647	0.01325	0.00845	0.01055
8	0.02171	0.20498	0.12896	0.01604	0.02307	0.05315	0.01536	0.02701	0.05566	0.10691	0.02145	0.09772	0.01877	0.01022	0.00741	0.00223	0.00854	0.00810	0.00567	0.16706
9	0.01962	0.15812	0.02067	0.01441	0.03964	0.05415	0.01090	0.02205	0.01897	0.11714	0.12159	0.11221	0.05589	0.15026	0.01543	0.00372	0.00762	0.04169	0.00673	0.00918

[dist]
# distance from previous block
# <min> <max>
0	46

# created by:
# /home/cegg/simao/soft/augustus-3.2.1/scripts/msa2prfl.pl ./align_prep/18429.fa
