[name]
unknown

[dist]
# distance from previous block
# <min> <max>
0	7

[block]
# block no. 0 follows, 24 sequences, length 45
# corresponding to MSA columns:
# 7-51
name=unknown_A
#
# <colnr> <probs for GDERKNQSTAVLIFYWHMCP>
#	G	D	E	R	K	N	Q	S	T	A	V	L	I	F	Y	W	H	M	C	P
0	0.01218	0.00880	0.01194	0.01302	0.01490	0.00856	0.01100	0.01576	0.01935	0.02572	0.20880	0.08076	0.08842	0.02030	0.01044	0.00329	0.00618	0.42558	0.00768	0.00732
1	0.00992	0.00790	0.00835	0.00843	0.01039	0.00692	0.00592	0.01156	0.01677	0.02060	0.09466	0.10766	0.47352	0.16398	0.01577	0.00373	0.00479	0.01589	0.00690	0.00633
2	0.01282	0.00740	0.00845	0.00880	0.01030	0.00717	0.00637	0.01594	0.01736	0.02764	0.15151	0.20782	0.03869	0.01448	0.00741	0.00231	0.00393	0.01251	0.43190	0.00717
3	0.01025	0.00762	0.00961	0.01046	0.01184	0.00698	0.00758	0.01253	0.01782	0.02361	0.20402	0.37088	0.18372	0.02150	0.00985	0.00297	0.00450	0.06976	0.00769	0.00682
4	0.02120	0.72609	0.04155	0.01357	0.02035	0.03138	0.01357	0.02374	0.01611	0.01866	0.01102	0.01272	0.01018	0.00678	0.00509	0.00170	0.00848	0.00424	0.00339	0.01018
5	0.02543	0.02909	0.01951	0.01779	0.02169	0.44608	0.01345	0.03249	0.17169	0.02393	0.01869	0.01982	0.01478	0.00892	0.00717	0.00217	0.01108	0.00630	0.10018	0.00976
6	0.03014	0.02221	0.02380	0.01825	0.02459	0.02459	0.01507	0.64541	0.03728	0.04998	0.01904	0.01904	0.01349	0.00952	0.00793	0.00238	0.00873	0.00714	0.00793	0.01349
7	0.01994	0.03537	0.54450	0.02086	0.03143	0.01703	0.02568	0.02789	0.01796	0.15887	0.01773	0.01884	0.01201	0.00800	0.00762	0.00250	0.01070	0.00629	0.00467	0.01208
8	0.01318	0.00719	0.01042	0.01042	0.01060	0.00737	0.00700	0.01096	0.01078	0.01456	0.01613	0.02850	0.01643	0.11928	0.11453	0.57840	0.00878	0.00768	0.00372	0.00407
9	0.01673	0.01226	0.01533	0.01544	0.01834	0.01290	0.01324	0.14686	0.05818	0.02965	0.03673	0.07164	0.03784	0.01874	0.01017	0.00334	0.00754	0.45876	0.00747	0.00887
10	0.01498	0.01409	0.02378	0.70226	0.05462	0.01762	0.02202	0.02026	0.01586	0.02026	0.01409	0.02114	0.01057	0.00793	0.00793	0.00264	0.01057	0.00705	0.00352	0.00881
11	0.02962	0.03779	0.02247	0.02043	0.02451	0.68948	0.01532	0.03166	0.02247	0.01941	0.01226	0.01430	0.01021	0.00817	0.00715	0.00204	0.01430	0.00511	0.00409	0.00919
12	0.77733	0.01534	0.01166	0.01043	0.01534	0.01779	0.00859	0.02331	0.01350	0.03558	0.01104	0.01288	0.00859	0.00736	0.00491	0.00245	0.00613	0.00429	0.00491	0.00859
13	0.02120	0.72609	0.04155	0.01357	0.02035	0.03138	0.01357	0.02374	0.01611	0.01866	0.01102	0.01272	0.01018	0.00678	0.00509	0.00170	0.00848	0.00424	0.00339	0.01018
14	0.01133	0.00850	0.01274	0.01274	0.01416	0.00991	0.00991	0.01416	0.01274	0.01841	0.02124	0.03115	0.01982	0.05947	0.68989	0.01274	0.02124	0.00850	0.00425	0.00708
15	0.01264	0.00962	0.01269	0.15138	0.02063	0.00948	0.01010	0.01594	0.01929	0.06262	0.25274	0.05664	0.30505	0.01575	0.00899	0.00260	0.00543	0.01347	0.00716	0.00778
16	0.01644	0.01409	0.01644	0.01175	0.01879	0.01057	0.00940	0.01997	0.01644	0.02584	0.01409	0.01644	0.01175	0.00587	0.00587	0.00117	0.00587	0.00470	0.00470	0.76979
17	0.02547	0.02123	0.02108	0.01749	0.02282	0.07869	0.01397	0.32554	0.31150	0.03993	0.02434	0.02332	0.01797	0.00996	0.00793	0.00249	0.00811	0.00778	0.00767	0.01271
18	0.01498	0.01409	0.02378	0.70226	0.05462	0.01762	0.02202	0.02026	0.01586	0.02026	0.01409	0.02114	0.01057	0.00793	0.00793	0.00264	0.01057	0.00705	0.00352	0.00881
19	0.00993	0.00724	0.00923	0.01058	0.01143	0.00670	0.00724	0.01154	0.01590	0.02095	0.08607	0.53574	0.13024	0.06285	0.01171	0.00337	0.00474	0.04077	0.00730	0.00647
20	0.05128	0.26885	0.39634	0.01828	0.02746	0.02212	0.02181	0.02398	0.01672	0.02379	0.05096	0.01768	0.01379	0.00778	0.00670	0.00223	0.00992	0.00574	0.00375	0.01081
21	0.03558	0.01350	0.01840	0.01411	0.02024	0.01166	0.01166	0.03865	0.02270	0.67734	0.03128	0.02699	0.01963	0.00981	0.00797	0.00245	0.00675	0.00797	0.00981	0.01350
22	0.01872	0.02139	0.04679	0.03342	0.04144	0.02005	0.64305	0.02540	0.01872	0.02540	0.01604	0.02139	0.01203	0.00668	0.00936	0.00267	0.01337	0.00936	0.00401	0.01070
23	0.13289	0.01488	0.01951	0.01886	0.07344	0.01777	0.03521	0.07606	0.01659	0.02636	0.04580	0.16259	0.02223	0.01383	0.01435	0.00294	0.25491	0.01016	0.03266	0.00895
24	0.02212	0.65057	0.03946	0.01432	0.02081	0.10358	0.01376	0.02461	0.01681	0.01874	0.01116	0.01289	0.01018	0.00694	0.00531	0.00173	0.00912	0.00434	0.00347	0.01007
25	0.03332	0.01471	0.01887	0.01473	0.02070	0.01377	0.01208	0.09689	0.09373	0.54684	0.03023	0.02652	0.01955	0.00989	0.00798	0.00247	0.00688	0.00800	0.00944	0.01339
26	0.02289	0.01135	0.01432	0.01202	0.01626	0.01030	0.00955	0.02754	0.07540	0.33009	0.19742	0.04523	0.16664	0.01357	0.00861	0.00253	0.00541	0.01142	0.00890	0.01055
27	0.02590	0.03088	0.02055	0.01873	0.02240	0.51150	0.01420	0.06373	0.02134	0.02098	0.01449	0.01803	0.01238	0.01877	0.14721	0.00426	0.01540	0.00592	0.00434	0.00901
28	0.01283	0.15471	0.01645	0.01202	0.01394	0.01198	0.00938	0.01437	0.01541	0.01988	0.03422	0.42195	0.03951	0.02094	0.01098	0.06779	0.00598	0.10436	0.00621	0.00708
29	0.01019	0.00724	0.00917	0.01030	0.01091	0.00681	0.00679	0.01155	0.01530	0.02047	0.10451	0.48340	0.07903	0.16658	0.01621	0.00404	0.00512	0.01918	0.00697	0.00622
30	0.01380	0.00871	0.01075	0.01023	0.01237	0.00880	0.00782	0.01830	0.05436	0.05680	0.25833	0.04214	0.06341	0.02255	0.14764	0.00442	0.00760	0.01057	0.23349	0.00790
31	0.34564	0.07760	0.01734	0.01296	0.01831	0.07950	0.01054	0.02698	0.13672	0.03021	0.01579	0.01688	0.01247	0.00772	0.00592	0.00213	0.00706	0.00533	0.00526	0.16563
32	0.01980	0.01317	0.01852	0.09016	0.02259	0.01346	0.06909	0.04724	0.13453	0.16779	0.16430	0.03680	0.03188	0.11950	0.01335	0.00334	0.00725	0.01007	0.00721	0.00993
33	0.01789	0.01677	0.02860	0.03917	0.48250	0.01666	0.07268	0.02180	0.01677	0.02370	0.01708	0.02639	0.01585	0.15351	0.01465	0.00348	0.00940	0.00818	0.00411	0.01081
34	0.01618	0.01367	0.01473	0.01394	0.01734	0.01514	0.01056	0.03137	0.43455	0.02884	0.04148	0.17705	0.12196	0.01498	0.00868	0.00280	0.00561	0.01286	0.00782	0.01046
35	0.02258	0.17094	0.03825	0.02536	0.03192	0.22796	0.32118	0.02699	0.01934	0.02218	0.01385	0.01744	0.01109	0.00716	0.00780	0.00228	0.01265	0.00700	0.00391	0.01013
36	0.02978	0.01644	0.02099	0.01639	0.02209	0.01634	0.04802	0.25930	0.02704	0.33646	0.02726	0.09934	0.02053	0.01118	0.00827	0.00252	0.00762	0.00934	0.00852	0.01256
37	0.02695	0.03334	0.02287	0.02051	0.02371	0.54464	0.01576	0.02893	0.02022	0.01934	0.01186	0.01496	0.01026	0.00941	0.01126	0.00235	0.16509	0.00551	0.00395	0.00908
38	0.01831	0.01484	0.01994	0.01432	0.02140	0.01170	0.07911	0.02214	0.01722	0.08092	0.01576	0.01788	0.01244	0.00630	0.00643	0.00145	0.00677	0.00549	0.00506	0.62252
39	0.01590	0.04102	0.68023	0.02260	0.03432	0.01842	0.02930	0.02511	0.01674	0.02511	0.01423	0.01674	0.01005	0.00753	0.00753	0.00251	0.01172	0.00586	0.00335	0.01172
40	0.03009	0.02370	0.02367	0.01845	0.02458	0.08800	0.01510	0.58688	0.03587	0.04706	0.01839	0.01859	0.01317	0.00939	0.00786	0.00235	0.00926	0.00695	0.00757	0.01308
41	0.01972	0.01703	0.01793	0.01614	0.02062	0.01972	0.01255	0.04214	0.65752	0.03317	0.03228	0.02959	0.02421	0.01076	0.00807	0.00269	0.00628	0.00897	0.00807	0.01255
42	0.01117	0.00820	0.01053	0.01020	0.01216	0.00755	0.00783	0.01471	0.02157	0.02989	0.54356	0.06399	0.13719	0.01718	0.00951	0.00262	0.00411	0.07222	0.00844	0.00738
43	0.77733	0.01534	0.01166	0.01043	0.01534	0.01779	0.00859	0.02331	0.01350	0.03558	0.01104	0.01288	0.00859	0.00736	0.00491	0.00245	0.00613	0.00429	0.00491	0.00859
44	0.01015	0.00806	0.00911	0.00885	0.01119	0.00703	0.00664	0.01289	0.01991	0.02578	0.32694	0.06914	0.41930	0.01846	0.00936	0.00260	0.00390	0.01573	0.00794	0.00703

[dist]
# distance from previous block
# <min> <max>
0	10

[block]
# block no. 1 follows, 24 sequences, length 24
# corresponding to MSA columns:
# 62-85
name=unknown_B
#
# <colnr> <probs for GDERKNQSTAVLIFYWHMCP>
#	G	D	E	R	K	N	Q	S	T	A	V	L	I	F	Y	W	H	M	C	P
0	0.43350	0.01850	0.01724	0.01403	0.01959	0.02092	0.01157	0.30958	0.02444	0.04220	0.01472	0.01571	0.01084	0.00835	0.00630	0.00242	0.00733	0.00560	0.00630	0.01084
1	0.02525	0.02112	0.02555	0.08256	0.30250	0.15883	0.01868	0.02980	0.04750	0.18194	0.01900	0.02083	0.01412	0.00819	0.00775	0.00235	0.00976	0.00695	0.00553	0.01179
2	0.29882	0.01707	0.01832	0.15962	0.02685	0.01977	0.01372	0.17963	0.13274	0.03547	0.01738	0.01908	0.01295	0.00861	0.00685	0.00252	0.00774	0.00640	0.00592	0.01054
3	0.01589	0.01102	0.01330	0.01171	0.01485	0.01080	0.00906	0.07229	0.10038	0.08483	0.42902	0.04895	0.08817	0.01428	0.00883	0.00246	0.00480	0.01233	0.00844	0.03856
4	0.02116	0.02669	0.18703	0.02343	0.03098	0.07571	0.20017	0.13805	0.15686	0.03079	0.01925	0.02101	0.01423	0.00837	0.00821	0.00253	0.01074	0.00769	0.00540	0.01170
5	0.01031	0.00740	0.00978	0.01060	0.01165	0.00687	0.00741	0.01267	0.01820	0.02504	0.30287	0.44329	0.06174	0.02126	0.00980	0.00292	0.00424	0.01914	0.00793	0.00687
6	0.01158	0.00996	0.01715	0.01577	0.01783	0.00932	0.14175	0.01408	0.01593	0.02133	0.03786	0.56926	0.04390	0.02100	0.00996	0.00310	0.00645	0.01976	0.00665	0.00734
7	0.02331	0.01226	0.01551	0.01349	0.01760	0.01189	0.01074	0.03052	0.15589	0.30310	0.16342	0.09394	0.03663	0.01351	0.00869	0.00267	0.00591	0.06110	0.00882	0.01100
8	0.03014	0.02221	0.02380	0.01825	0.02459	0.02459	0.01507	0.64541	0.03728	0.04998	0.01904	0.01904	0.01349	0.00952	0.00793	0.00238	0.00873	0.00714	0.00793	0.01349
9	0.01501	0.01257	0.01491	0.01160	0.01725	0.00970	0.00897	0.01808	0.01618	0.02466	0.02035	0.16437	0.02035	0.00988	0.00677	0.00161	0.00560	0.00847	0.00526	0.60841
10	0.01972	0.01703	0.01793	0.01614	0.02062	0.01972	0.01255	0.04214	0.65752	0.03317	0.03228	0.02959	0.02421	0.01076	0.00807	0.00269	0.00628	0.00897	0.00807	0.01255
11	0.01885	0.40882	0.08262	0.21697	0.03150	0.02543	0.01716	0.02428	0.06695	0.02077	0.01385	0.01684	0.01140	0.00749	0.00634	0.00211	0.00916	0.00556	0.00380	0.01008
12	0.02366	0.28994	0.16858	0.01828	0.02507	0.27790	0.01762	0.05381	0.01957	0.02166	0.01251	0.01444	0.01031	0.00759	0.00651	0.00203	0.01138	0.00504	0.00384	0.01027
13	0.01215	0.00956	0.01364	0.15754	0.02206	0.00993	0.01191	0.01582	0.01883	0.02507	0.24085	0.11461	0.11120	0.01718	0.00957	0.00293	0.00630	0.18633	0.00697	0.00755
14	0.55408	0.01374	0.01244	0.01122	0.01549	0.01562	0.00912	0.02264	0.01410	0.08499	0.01487	0.01791	0.01188	0.01858	0.14998	0.00463	0.00938	0.00549	0.00517	0.00867
15	0.01956	0.01785	0.02738	0.03803	0.45918	0.01850	0.02062	0.05409	0.14932	0.02825	0.02078	0.02717	0.01760	0.00910	0.00814	0.00253	0.00858	0.05594	0.00521	0.01218
16	0.00985	0.00731	0.00925	0.01072	0.01173	0.00671	0.00752	0.01154	0.01601	0.02076	0.05097	0.53709	0.17648	0.02365	0.01004	0.00314	0.00470	0.06863	0.00736	0.00656
17	0.17196	0.00868	0.00972	0.01091	0.01231	0.00884	0.00762	0.01364	0.01483	0.02349	0.03680	0.56746	0.04318	0.02115	0.00902	0.00306	0.00492	0.01869	0.00684	0.00689
18	0.02619	0.02385	0.02227	0.07263	0.02599	0.17397	0.01522	0.30799	0.16251	0.03609	0.01962	0.02030	0.01468	0.00949	0.00839	0.00243	0.03297	0.00705	0.00659	0.01178
19	0.02918	0.01428	0.01779	0.01404	0.01929	0.01369	0.01144	0.17188	0.02572	0.39362	0.13979	0.03094	0.02793	0.01084	0.00810	0.00242	0.00654	0.00888	0.04144	0.01218
20	0.01142	0.00899	0.01054	0.01083	0.01304	0.00857	0.00832	0.01608	0.08559	0.02484	0.17586	0.17407	0.28418	0.01943	0.00961	0.00289	0.00484	0.11570	0.00769	0.00752
21	0.01783	0.01766	0.02596	0.02671	0.15845	0.02314	0.01883	0.02019	0.01339	0.02053	0.01136	0.01783	0.01086	0.01244	0.02218	0.00323	0.55937	0.00697	0.00357	0.00950
22	0.18779	0.05325	0.18788	0.12037	0.05050	0.01974	0.08507	0.09916	0.07152	0.03013	0.01564	0.01828	0.01167	0.00792	0.00720	0.00250	0.00947	0.00644	0.00475	0.01073
23	0.01179	0.00885	0.01057	0.01052	0.01249	0.00835	0.00770	0.06485	0.02014	0.02680	0.25619	0.27896	0.21411	0.01952	0.00950	0.00277	0.00451	0.01709	0.00786	0.00743

[dist]
# distance from previous block
# <min> <max>
6	22

[block]
# block no. 2 follows, 24 sequences, length 27
# corresponding to MSA columns:
# 108-134
name=unknown_C
#
# <colnr> <probs for GDERKNQSTAVLIFYWHMCP>
#	G	D	E	R	K	N	Q	S	T	A	V	L	I	F	Y	W	H	M	C	P
0	0.07383	0.01359	0.01805	0.01392	0.01999	0.01197	0.01150	0.03785	0.02222	0.64424	0.03024	0.02626	0.01906	0.00969	0.00782	0.00245	0.00672	0.00778	0.00956	0.01324
1	0.05968	0.02043	0.03861	0.02817	0.03544	0.02004	0.45714	0.09430	0.08029	0.05689	0.01827	0.02170	0.01347	0.00754	0.00880	0.00262	0.01155	0.00876	0.00510	0.01118
2	0.00966	0.00690	0.00920	0.01104	0.01150	0.00644	0.00736	0.01104	0.01518	0.02024	0.04371	0.71614	0.05245	0.02484	0.01012	0.00322	0.00460	0.02254	0.00736	0.00644
3	0.03197	0.01328	0.01767	0.01380	0.01937	0.01186	0.01129	0.07135	0.02353	0.55303	0.11651	0.03088	0.02672	0.01066	0.00816	0.00245	0.00646	0.00878	0.00956	0.01268
4	0.00966	0.00690	0.00920	0.01104	0.01150	0.00644	0.00736	0.01104	0.01518	0.02024	0.04371	0.71614	0.05245	0.02484	0.01012	0.00322	0.00460	0.02254	0.00736	0.00644
5	0.01963	0.01884	0.03219	0.04867	0.67185	0.01884	0.02434	0.02434	0.01806	0.02591	0.01492	0.01963	0.01256	0.00707	0.00785	0.00236	0.00942	0.00707	0.00393	0.01256
6	0.01735	0.01735	0.02429	0.02082	0.02082	0.02429	0.01735	0.01908	0.01214	0.01908	0.01041	0.01735	0.01041	0.01388	0.02602	0.00347	0.70680	0.00694	0.00347	0.00867
7	0.01498	0.01409	0.02378	0.70226	0.05462	0.01762	0.02202	0.02026	0.01586	0.02026	0.01409	0.02114	0.01057	0.00793	0.00793	0.00264	0.01057	0.00705	0.00352	0.00881
8	0.01555	0.01797	0.11309	0.49810	0.08529	0.01731	0.05220	0.02130	0.01629	0.02205	0.01495	0.02097	0.01127	0.00784	0.00780	0.00256	0.01039	0.00702	0.04862	0.00943
9	0.02962	0.03779	0.02247	0.02043	0.02451	0.68948	0.01532	0.03166	0.02247	0.01941	0.01226	0.01430	0.01021	0.00817	0.00715	0.00204	0.01430	0.00511	0.00409	0.00919
10	0.01964	0.01860	0.03026	0.04428	0.58389	0.01896	0.02274	0.02674	0.10443	0.02689	0.01726	0.02097	0.01413	0.00756	0.00788	0.00240	0.00900	0.00732	0.00448	0.01256
11	0.02382	0.02647	0.02407	0.02696	0.19656	0.30796	0.01718	0.03152	0.17534	0.02448	0.01774	0.01963	0.01426	0.00884	0.00867	0.00237	0.05160	0.00668	0.00498	0.01088
12	0.77733	0.01534	0.01166	0.01043	0.01534	0.01779	0.00859	0.02331	0.01350	0.03558	0.01104	0.01288	0.00859	0.00736	0.00491	0.00245	0.00613	0.00429	0.00491	0.00859
13	0.22857	0.01982	0.06340	0.01782	0.06679	0.01966	0.01431	0.28722	0.02565	0.15509	0.01850	0.01871	0.01299	0.00870	0.00710	0.00242	0.00793	0.00644	0.00688	0.01200
14	0.02237	0.01916	0.03698	0.02706	0.03421	0.01826	0.42630	0.03042	0.10583	0.16232	0.02141	0.02366	0.01526	0.00789	0.00890	0.00263	0.01103	0.00902	0.00577	0.01153
15	0.01525	0.01438	0.02428	0.66335	0.09135	0.01769	0.02216	0.02050	0.01599	0.02060	0.01414	0.02105	0.01069	0.00788	0.00792	0.00263	0.01050	0.00705	0.00355	0.00903
16	0.00992	0.00805	0.00879	0.00861	0.01105	0.00693	0.00646	0.01244	0.01937	0.02449	0.25386	0.07127	0.49319	0.01894	0.00937	0.00262	0.00394	0.01603	0.00777	0.00693
17	0.01080	0.00809	0.01002	0.00953	0.01159	0.00730	0.00715	0.01415	0.02145	0.02944	0.53408	0.06312	0.20988	0.01709	0.00936	0.00254	0.00380	0.01489	0.00842	0.00730
18	0.01529	0.00887	0.01155	0.01077	0.01324	0.00799	0.00810	0.01829	0.02069	0.14892	0.37454	0.18096	0.11555	0.01704	0.00925	0.00264	0.00449	0.01495	0.00854	0.00833
19	0.01153	0.00769	0.00865	0.00865	0.00865	0.00769	0.00480	0.01153	0.01153	0.01538	0.02499	0.05189	0.02883	0.72131	0.04036	0.00769	0.00769	0.01153	0.00480	0.00480
20	0.01051	0.00784	0.00977	0.00979	0.01154	0.00710	0.00715	0.01340	0.02002	0.02723	0.41550	0.19970	0.19363	0.01882	0.00952	0.00268	0.00398	0.01655	0.00816	0.00710
21	0.69398	0.01533	0.01214	0.01073	0.01556	0.01765	0.00881	0.05949	0.01505	0.03611	0.01228	0.01411	0.00948	0.00758	0.00512	0.00242	0.00616	0.00462	0.04457	0.00881
22	0.03014	0.02221	0.02380	0.01825	0.02459	0.02459	0.01507	0.64541	0.03728	0.04998	0.01904	0.01904	0.01349	0.00952	0.00793	0.00238	0.00873	0.00714	0.00793	0.01349
23	0.01644	0.01409	0.01644	0.01175	0.01879	0.01057	0.00940	0.01997	0.01644	0.02584	0.01409	0.01644	0.01175	0.00587	0.00587	0.00117	0.00587	0.00470	0.00470	0.76979
24	0.00965	0.00777	0.00860	0.00898	0.01103	0.00672	0.00651	0.01170	0.01786	0.02229	0.13666	0.23011	0.45273	0.02081	0.00955	0.00279	0.00413	0.01788	0.00751	0.00672
25	0.01929	0.28512	0.30563	0.01983	0.07103	0.02245	0.02054	0.02587	0.05003	0.06206	0.03831	0.01825	0.01387	0.00784	0.00678	0.00221	0.00952	0.00594	0.00422	0.01121
26	0.01850	0.11109	0.44476	0.02023	0.02914	0.06375	0.02366	0.02527	0.01694	0.05753	0.01477	0.01726	0.01103	0.00826	0.00886	0.00245	0.07397	0.00590	0.03562	0.01102

[dist]
# distance from previous block
# <min> <max>
0	2

[block]
# block no. 3 follows, 24 sequences, length 44
# corresponding to MSA columns:
# 137-180
name=unknown_D
#
# <colnr> <probs for GDERKNQSTAVLIFYWHMCP>
#	G	D	E	R	K	N	Q	S	T	A	V	L	I	F	Y	W	H	M	C	P
0	0.06488	0.28955	0.15381	0.01677	0.02373	0.11209	0.01648	0.08999	0.08321	0.05736	0.01570	0.01671	0.01225	0.00796	0.00654	0.00214	0.00946	0.00561	0.00479	0.01098
1	0.01821	0.01704	0.02726	0.13219	0.42953	0.01670	0.02046	0.02272	0.01736	0.02509	0.01460	0.01908	0.01209	0.00690	0.00739	0.00212	0.00874	0.00650	0.00405	0.19195
2	0.02316	0.01654	0.02515	0.09503	0.11290	0.01687	0.11647	0.12214	0.09039	0.17799	0.05447	0.07085	0.02090	0.01011	0.00839	0.00256	0.00854	0.00923	0.00675	0.01157
3	0.00966	0.00690	0.00920	0.01104	0.01150	0.00644	0.00736	0.01104	0.01518	0.02024	0.04371	0.71614	0.05245	0.02484	0.01012	0.00322	0.00460	0.02254	0.00736	0.00644
4	0.01439	0.01121	0.01569	0.01400	0.01714	0.01093	0.07693	0.02079	0.12239	0.06309	0.20703	0.14140	0.15631	0.01638	0.00934	0.00279	0.00589	0.07801	0.00760	0.00868
5	0.01901	0.01822	0.03108	0.13481	0.59050	0.01868	0.02403	0.02380	0.01777	0.02516	0.01481	0.01983	0.01230	0.00718	0.00786	0.00239	0.00957	0.00706	0.00387	0.01207
6	0.01564	0.00899	0.01113	0.01049	0.01325	0.00789	0.00789	0.01808	0.01929	0.16914	0.17771	0.21396	0.25956	0.01816	0.00924	0.00272	0.00471	0.01569	0.00818	0.00830
7	0.60109	0.01490	0.01326	0.01130	0.01650	0.01633	0.00932	0.02695	0.01568	0.18806	0.01585	0.01623	0.01121	0.00794	0.00564	0.00245	0.00628	0.00517	0.00607	0.00975
8	0.01787	0.01662	0.02684	0.10336	0.45634	0.01718	0.02063	0.02407	0.08512	0.02538	0.02047	0.11262	0.01886	0.00988	0.00818	0.00253	0.00856	0.00930	0.00478	0.01139
9	0.01308	0.01184	0.02160	0.01869	0.02177	0.01119	0.20649	0.01654	0.01687	0.02251	0.03476	0.38024	0.03856	0.01863	0.01004	0.00313	0.00785	0.13197	0.00631	0.00793
10	0.01018	0.00695	0.00902	0.01067	0.01127	0.00654	0.00718	0.01180	0.01533	0.02120	0.04188	0.64597	0.04916	0.02325	0.00965	0.00308	0.00451	0.02099	0.08482	0.00654
11	0.02102	0.01909	0.02957	0.04122	0.51764	0.01969	0.02187	0.10807	0.08825	0.02985	0.01730	0.02060	0.01391	0.00778	0.00788	0.00239	0.00900	0.00728	0.00489	0.01268
12	0.01963	0.01884	0.03219	0.04867	0.67185	0.01884	0.02434	0.02434	0.01806	0.02591	0.01492	0.01963	0.01256	0.00707	0.00785	0.00236	0.00942	0.00707	0.00393	0.01256
13	0.02762	0.20133	0.02701	0.01880	0.02353	0.53312	0.01491	0.02978	0.02096	0.01923	0.01196	0.01392	0.01021	0.00784	0.00666	0.00196	0.01292	0.00490	0.00392	0.00943
14	0.06288	0.03489	0.09475	0.02189	0.02734	0.49778	0.09921	0.02974	0.02094	0.02158	0.01291	0.01542	0.01036	0.00787	0.00737	0.00220	0.01351	0.00571	0.00404	0.00963
15	0.00985	0.00805	0.00869	0.00853	0.01100	0.00690	0.00640	0.01230	0.01919	0.02407	0.23048	0.07195	0.51682	0.01909	0.00937	0.00263	0.00395	0.01612	0.00771	0.00690
16	0.14415	0.01311	0.01586	0.01279	0.01768	0.01248	0.01025	0.06487	0.02095	0.40910	0.09419	0.03029	0.02436	0.08153	0.01090	0.00298	0.00654	0.00839	0.00834	0.01123
17	0.01217	0.00840	0.01038	0.00971	0.01204	0.00752	0.00734	0.01541	0.02131	0.06697	0.47566	0.06184	0.22792	0.01686	0.00928	0.00254	0.00399	0.01460	0.00843	0.00763
18	0.02102	0.69206	0.04072	0.01392	0.02038	0.03104	0.01375	0.02352	0.01592	0.01868	0.01099	0.01294	0.01019	0.00712	0.00609	0.00178	0.04201	0.00437	0.00340	0.01010
19	0.01098	0.00810	0.01026	0.00972	0.01170	0.00738	0.00729	0.01449	0.02187	0.03043	0.59026	0.06149	0.15308	0.01672	0.00936	0.00252	0.00378	0.01466	0.00855	0.00738
20	0.01076	0.00782	0.01014	0.01013	0.01171	0.00719	0.00738	0.01385	0.02050	0.02853	0.48960	0.21618	0.09965	0.01846	0.00954	0.00268	0.00396	0.01641	0.00833	0.00719
21	0.02843	0.01901	0.02103	0.01645	0.02215	0.02046	0.01347	0.45412	0.06290	0.13935	0.06486	0.02391	0.01931	0.01005	0.00792	0.00239	0.00774	0.00784	0.04586	0.01274
22	0.01175	0.00826	0.01096	0.01235	0.01343	0.00816	0.00961	0.01400	0.01594	0.02093	0.03835	0.22734	0.04324	0.18877	0.01775	0.00451	0.00676	0.33466	0.00672	0.00651
23	0.77733	0.01534	0.01166	0.01043	0.01534	0.01779	0.00859	0.02331	0.01350	0.03558	0.01104	0.01288	0.00859	0.00736	0.00491	0.00245	0.00613	0.00429	0.00491	0.00859
24	0.01779	0.25953	0.43327	0.02042	0.03031	0.02268	0.06498	0.02469	0.01667	0.02306	0.01332	0.01576	0.01022	0.00724	0.00687	0.00226	0.01079	0.00557	0.00341	0.01116
25	0.01298	0.00891	0.01127	0.01177	0.01382	0.00848	0.00915	0.01678	0.05585	0.06751	0.14418	0.24825	0.16190	0.02006	0.00982	0.00304	0.00532	0.17543	0.00776	0.00770
26	0.05595	0.32594	0.34716	0.01769	0.02677	0.02345	0.02071	0.02420	0.01630	0.02296	0.01272	0.01485	0.01011	0.00713	0.00630	0.00210	0.00980	0.00505	0.00351	0.04731
27	0.09483	0.06236	0.17312	0.06791	0.02649	0.01672	0.08249	0.02753	0.10265	0.13384	0.02305	0.06085	0.03310	0.00958	0.00757	0.00250	0.00849	0.00810	0.04806	0.01074
28	0.02962	0.03779	0.02247	0.02043	0.02451	0.68948	0.01532	0.03166	0.02247	0.01941	0.01226	0.01430	0.01021	0.00817	0.00715	0.00204	0.01430	0.00511	0.00409	0.00919
29	0.04542	0.05517	0.15406	0.01944	0.02531	0.01855	0.08414	0.02898	0.06013	0.22965	0.01984	0.02116	0.01427	0.00984	0.01210	0.00271	0.17480	0.00724	0.00585	0.01134
30	0.02290	0.02533	0.27199	0.01733	0.02562	0.03434	0.01824	0.04552	0.06376	0.22055	0.02061	0.02062	0.01431	0.00818	0.00738	0.00223	0.00872	0.00649	0.00601	0.15989
31	0.01731	0.01615	0.02656	0.05702	0.49815	0.01603	0.02012	0.02162	0.01858	0.02606	0.10784	0.03089	0.09013	0.00967	0.00821	0.00242	0.00813	0.00905	0.00491	0.01117
32	0.01000	0.00693	0.00908	0.01080	0.01135	0.00650	0.00724	0.01154	0.01528	0.02086	0.04252	0.67058	0.05032	0.02381	0.00982	0.00313	0.00454	0.02154	0.05766	0.00650
33	0.02079	0.02157	0.07446	0.12447	0.07401	0.02062	0.33564	0.17191	0.02257	0.03053	0.01631	0.02043	0.01208	0.00760	0.00863	0.00257	0.01155	0.00817	0.00483	0.01126
34	0.02334	0.06536	0.25325	0.01719	0.02449	0.10382	0.01778	0.02840	0.01987	0.22786	0.07574	0.02675	0.06195	0.00981	0.00775	0.00240	0.00918	0.00773	0.00616	0.01118
35	0.01104	0.00748	0.00879	0.00928	0.00940	0.00736	0.00548	0.01140	0.01249	0.01666	0.02991	0.22678	0.03505	0.53794	0.03240	0.00651	0.00688	0.01443	0.00548	0.00524
36	0.01063	0.00808	0.00977	0.00935	0.01148	0.00723	0.00701	0.01381	0.02104	0.02845	0.47828	0.06474	0.26630	0.01746	0.00936	0.00255	0.00383	0.01511	0.00829	0.00723
37	0.06747	0.48399	0.06645	0.01493	0.02174	0.02834	0.01439	0.17149	0.02102	0.02740	0.01308	0.01443	0.01086	0.00750	0.00587	0.00194	0.00856	0.00501	0.00456	0.01094
38	0.03167	0.01510	0.02360	0.02031	0.09198	0.01352	0.09621	0.03539	0.02168	0.52250	0.02754	0.02547	0.01788	0.00911	0.00814	0.00247	0.00790	0.00806	0.00843	0.01303
39	0.02903	0.01239	0.01653	0.01322	0.01827	0.01105	0.01071	0.03319	0.05333	0.49282	0.18253	0.03478	0.03296	0.01138	0.00831	0.00247	0.00601	0.00954	0.00947	0.01202
40	0.02972	0.03482	0.02272	0.02001	0.02453	0.56280	0.01527	0.14860	0.02529	0.02523	0.01355	0.01520	0.01084	0.00843	0.00730	0.00211	0.01324	0.00549	0.00482	0.01001
41	0.22220	0.01685	0.01707	0.01422	0.01874	0.01862	0.01126	0.33095	0.02538	0.03861	0.02081	0.11277	0.01895	0.08628	0.01086	0.00307	0.00739	0.00889	0.00673	0.01035
42	0.06800	0.19347	0.02609	0.12856	0.02741	0.29718	0.01516	0.04526	0.05172	0.02223	0.01350	0.01598	0.01105	0.00781	0.00666	0.00208	0.01084	0.00540	0.00422	0.04738
43	0.14119	0.15596	0.02703	0.01802	0.02361	0.13323	0.10939	0.12583	0.05343	0.06501	0.01766	0.06368	0.01480	0.00910	0.00716	0.00233	0.00941	0.00731	0.00543	0.01043

[dist]
# distance from previous block
# <min> <max>
0	10

[block]
# block no. 4 follows, 24 sequences, length 19
# corresponding to MSA columns:
# 191-209
name=unknown_E
#
# <colnr> <probs for GDERKNQSTAVLIFYWHMCP>
#	G	D	E	R	K	N	Q	S	T	A	V	L	I	F	Y	W	H	M	C	P
0	0.02800	0.03360	0.02178	0.01961	0.02387	0.54671	0.01485	0.06228	0.12888	0.02314	0.01591	0.01707	0.01270	0.00867	0.00734	0.00217	0.01270	0.00585	0.00493	0.00995
1	0.02599	0.01820	0.01936	0.01531	0.02044	0.01994	0.01249	0.47574	0.03169	0.04445	0.02089	0.02189	0.01534	0.00944	0.00729	0.00224	0.00736	0.00721	0.21292	0.01184
2	0.01735	0.01735	0.02429	0.02082	0.02082	0.02429	0.01735	0.01908	0.01214	0.01908	0.01041	0.01735	0.01041	0.01388	0.02602	0.00347	0.70680	0.00694	0.00347	0.00867
3	0.00979	0.00700	0.00932	0.01095	0.01153	0.00653	0.00737	0.01137	0.01579	0.02121	0.09569	0.66141	0.05431	0.02412	0.01006	0.00316	0.00453	0.02186	0.00748	0.00653
4	0.01096	0.00820	0.01078	0.01043	0.01230	0.00802	0.00792	0.01418	0.01911	0.02651	0.39873	0.05423	0.15294	0.02865	0.19547	0.00533	0.00857	0.01312	0.00729	0.00725
5	0.01905	0.02389	0.19983	0.01836	0.02459	0.01995	0.01761	0.06729	0.40292	0.03082	0.02506	0.02463	0.01877	0.01004	0.00922	0.00268	0.05889	0.00787	0.00644	0.01209
6	0.01065	0.00808	0.00980	0.00937	0.01149	0.00724	0.00703	0.01385	0.02108	0.02856	0.48423	0.06457	0.26028	0.01742	0.00936	0.00255	0.00383	0.01509	0.00830	0.00724
7	0.02019	0.01631	0.01845	0.01352	0.02038	0.01441	0.01095	0.19102	0.02214	0.03244	0.01545	0.01715	0.01222	0.00687	0.00644	0.00150	0.00665	0.00537	0.00558	0.56295
8	0.02799	0.01587	0.01879	0.01461	0.02055	0.01534	0.01192	0.20009	0.07830	0.30652	0.02901	0.02704	0.06439	0.00997	0.00776	0.00228	0.00692	0.00797	0.00821	0.12649
9	0.56786	0.01337	0.01146	0.01057	0.01435	0.01537	0.00834	0.02049	0.01314	0.03052	0.01428	0.02036	0.01274	0.10088	0.11445	0.00466	0.00864	0.00581	0.00479	0.00790
10	0.01411	0.01254	0.02117	0.01717	0.02084	0.01207	0.18197	0.02001	0.07346	0.02872	0.35743	0.04823	0.04891	0.05037	0.01098	0.00291	0.00705	0.05636	0.00708	0.00863
11	0.01549	0.01125	0.01345	0.01327	0.01544	0.01160	0.00986	0.18492	0.02145	0.02863	0.03683	0.47987	0.04130	0.02044	0.00958	0.00302	0.00593	0.06171	0.00751	0.00843
12	0.01510	0.01234	0.01431	0.01090	0.01602	0.00978	0.00814	0.01766	0.01510	0.02298	0.01707	0.02614	0.01642	0.20154	0.01530	0.00296	0.00637	0.00657	0.00473	0.56058
13	0.03000	0.02647	0.02344	0.01884	0.02457	0.20643	0.01514	0.47756	0.03323	0.04162	0.01718	0.01774	0.01259	0.00915	0.00772	0.00229	0.01025	0.00658	0.00688	0.01231
14	0.02120	0.72609	0.04155	0.01357	0.02035	0.03138	0.01357	0.02374	0.01611	0.01866	0.01102	0.01272	0.01018	0.00678	0.00509	0.00170	0.00848	0.00424	0.00339	0.01018
15	0.01051	0.00808	0.00961	0.00923	0.01141	0.00718	0.00692	0.01358	0.02076	0.02779	0.44065	0.06584	0.30434	0.01771	0.00936	0.00257	0.00385	0.01527	0.00820	0.00718
16	0.00962	0.00708	0.00902	0.01058	0.01138	0.00648	0.00716	0.01109	0.01563	0.02042	0.04934	0.61779	0.14716	0.02411	0.01001	0.00314	0.00451	0.02165	0.00736	0.00648
17	0.01498	0.00887	0.01130	0.01052	0.01308	0.00792	0.00794	0.01792	0.02056	0.14311	0.34943	0.15763	0.17169	0.01712	0.00923	0.00263	0.00446	0.01491	0.00846	0.00825
18	0.02552	0.02031	0.02124	0.01640	0.02268	0.05215	0.01333	0.39583	0.08145	0.04054	0.01844	0.01896	0.01373	0.00856	0.00734	0.00206	0.00801	0.00652	0.00688	0.22004

[dist]
# distance from previous block
# <min> <max>
4	33

[block]
# block no. 5 follows, 24 sequences, length 26
# corresponding to MSA columns:
# 243-268
name=unknown_F
#
# <colnr> <probs for GDERKNQSTAVLIFYWHMCP>
#	G	D	E	R	K	N	Q	S	T	A	V	L	I	F	Y	W	H	M	C	P
0	0.21725	0.16441	0.02161	0.01308	0.01904	0.01735	0.01130	0.03168	0.01902	0.37846	0.02197	0.02046	0.01488	0.00856	0.00660	0.00229	0.00696	0.00627	0.00724	0.01157
1	0.01727	0.29134	0.34947	0.01731	0.02556	0.02175	0.02005	0.02272	0.01579	0.02136	0.01453	0.02012	0.01270	0.10618	0.01117	0.00293	0.00996	0.00604	0.00357	0.01019
2	0.01446	0.23182	0.02066	0.01194	0.01466	0.01602	0.00973	0.01647	0.01348	0.01770	0.01903	0.03077	0.01915	0.21416	0.30865	0.00800	0.01376	0.00796	0.00413	0.00746
3	0.54179	0.23674	0.02097	0.01141	0.01690	0.02202	0.01014	0.02345	0.01431	0.03031	0.01104	0.01283	0.00908	0.00718	0.00496	0.00222	0.00687	0.00428	0.00444	0.00908
4	0.54428	0.11352	0.01697	0.01150	0.01688	0.01861	0.00981	0.02602	0.01545	0.14420	0.01454	0.01530	0.01072	0.00771	0.00546	0.00235	0.00657	0.00492	0.00555	0.00966
5	0.01070	0.00777	0.01011	0.01038	0.01185	0.00718	0.00757	0.01361	0.01979	0.02734	0.41809	0.26593	0.09838	0.01932	0.00965	0.00277	0.00416	0.04011	0.00818	0.00711
6	0.02120	0.72609	0.04155	0.01357	0.02035	0.03138	0.01357	0.02374	0.01611	0.01866	0.01102	0.01272	0.01018	0.00678	0.00509	0.00170	0.00848	0.00424	0.00339	0.01018
7	0.01805	0.01404	0.01661	0.01194	0.01891	0.01066	0.00959	0.02154	0.01697	0.08065	0.01554	0.01733	0.01241	0.00620	0.00605	0.00128	0.00595	0.00497	0.00513	0.70616
8	0.02464	0.03117	0.22994	0.02132	0.02902	0.15770	0.07239	0.27502	0.02631	0.03394	0.01591	0.01756	0.01163	0.00839	0.00777	0.00238	0.01118	0.00651	0.00539	0.01183
9	0.01370	0.00984	0.01309	0.01429	0.01626	0.00996	0.01203	0.06841	0.01932	0.02534	0.04035	0.19189	0.04411	0.02137	0.01056	0.00347	0.00695	0.46400	0.00737	0.00767
10	0.01926	0.50430	0.03602	0.22810	0.03103	0.02709	0.01620	0.02266	0.01603	0.01916	0.01198	0.01534	0.01030	0.00714	0.00597	0.00199	0.00913	0.00511	0.00343	0.00975
11	0.01599	0.01409	0.01873	0.22684	0.02995	0.01277	0.01333	0.02006	0.01626	0.02410	0.01409	0.01791	0.01138	0.00651	0.00651	0.00163	0.00734	0.00543	0.00433	0.53274
12	0.01678	0.11596	0.33437	0.01680	0.02435	0.01610	0.01901	0.02292	0.01894	0.08124	0.21880	0.03033	0.03105	0.01033	0.00783	0.00240	0.00840	0.00847	0.00557	0.01035
13	0.00966	0.00690	0.00920	0.01104	0.01150	0.00644	0.00736	0.01104	0.01518	0.02024	0.04371	0.71614	0.05245	0.02484	0.01012	0.00322	0.00460	0.02254	0.00736	0.00644
14	0.03218	0.01825	0.13284	0.01558	0.02268	0.01282	0.01471	0.03631	0.02167	0.56456	0.02834	0.02522	0.01797	0.00942	0.00790	0.00246	0.00761	0.00761	0.00870	0.01319
15	0.01238	0.01808	0.21911	0.01552	0.01983	0.01083	0.01553	0.01675	0.01643	0.02262	0.03410	0.34359	0.03756	0.01873	0.00952	0.00311	0.00748	0.16444	0.00610	0.00830
16	0.03035	0.01543	0.01895	0.01480	0.02038	0.01508	0.01211	0.22422	0.02720	0.38821	0.11985	0.02919	0.02573	0.01065	0.00816	0.00244	0.00693	0.00864	0.00907	0.01262
17	0.01097	0.00833	0.01194	0.11200	0.01861	0.00853	0.01043	0.01331	0.01581	0.02085	0.03911	0.50689	0.04519	0.02188	0.00995	0.00321	0.00593	0.12334	0.00679	0.00693
18	0.01466	0.01337	0.02219	0.60243	0.04907	0.01639	0.02068	0.01970	0.01620	0.02076	0.01814	0.03106	0.01566	0.00996	0.00837	0.00279	0.01010	0.09580	0.00407	0.00859
19	0.01654	0.01520	0.01461	0.01341	0.01642	0.11030	0.01020	0.02585	0.22028	0.03043	0.37460	0.04348	0.04968	0.01335	0.00863	0.00249	0.00606	0.01133	0.00785	0.00931
20	0.02205	0.01579	0.01797	0.01496	0.01911	0.01752	0.01208	0.35776	0.02664	0.03718	0.02072	0.02434	0.01645	0.02504	0.22002	0.00553	0.01189	0.00760	0.11673	0.01061
21	0.01573	0.11697	0.02755	0.02016	0.02460	0.01583	0.20898	0.02010	0.01762	0.02307	0.02766	0.05221	0.02785	0.01813	0.06672	0.00383	0.01054	0.28825	0.00545	0.00876
22	0.01651	0.02972	0.38205	0.02243	0.03108	0.01760	0.13070	0.02643	0.11031	0.02614	0.02101	0.02949	0.01738	0.00985	0.00840	0.00272	0.01060	0.09182	0.00470	0.01105
23	0.01527	0.03618	0.58274	0.02058	0.03059	0.01686	0.02574	0.02314	0.01599	0.02370	0.01579	0.02184	0.01277	0.11115	0.01230	0.00326	0.01113	0.00668	0.00356	0.01072
24	0.01641	0.02877	0.37671	0.01876	0.02679	0.01724	0.02091	0.02894	0.21718	0.02859	0.11471	0.02691	0.02386	0.00980	0.00796	0.00256	0.00887	0.00806	0.00560	0.01136
25	0.25299	0.01470	0.01873	0.36710	0.03619	0.01765	0.01604	0.02412	0.10825	0.02691	0.01664	0.03995	0.01315	0.00865	0.00707	0.00261	0.00839	0.00692	0.00473	0.00921

[dist]
# distance from previous block
# <min> <max>
0	211

# created by:
# /home/cegg/simao/soft/augustus-3.2.1/scripts/msa2prfl.pl ./align_prep/18432.fa
