[name]
unknown

[dist]
# distance from previous block
# <min> <max>
0	62

[block]
# block no. 0 follows, 20 sequences, length 48
# corresponding to MSA columns:
# 65-112
name=unknown_A
#
# <colnr> <probs for GDERKNQSTAVLIFYWHMCP>
#	G	D	E	R	K	N	Q	S	T	A	V	L	I	F	Y	W	H	M	C	P
0	0.01964	0.35465	0.07078	0.12283	0.02817	0.02497	0.01676	0.02517	0.06084	0.02427	0.07055	0.03208	0.02321	0.01101	0.00771	0.00251	0.00915	0.07995	0.00515	0.01059
1	0.02476	0.22881	0.14953	0.06683	0.02859	0.10405	0.01841	0.03082	0.06212	0.11999	0.01857	0.01980	0.01402	0.00864	0.00743	0.00232	0.01030	0.00639	0.00540	0.07322
2	0.02255	0.13742	0.11314	0.10015	0.02771	0.03895	0.01677	0.08055	0.08030	0.11107	0.05145	0.06119	0.04621	0.01118	0.00818	0.00260	0.00883	0.00899	0.06120	0.01156
3	0.15791	0.01575	0.09387	0.01435	0.01836	0.01307	0.01243	0.02203	0.06271	0.07161	0.08270	0.27117	0.03673	0.02125	0.06306	0.00398	0.00813	0.01432	0.00710	0.00948
4	0.01444	0.06402	0.06104	0.01805	0.08774	0.01285	0.01269	0.03561	0.01749	0.02358	0.03576	0.32319	0.06732	0.09195	0.08895	0.00490	0.00912	0.01618	0.00637	0.00874
5	0.02009	0.10305	0.33235	0.02256	0.03185	0.02009	0.09791	0.02882	0.07020	0.08251	0.02226	0.09023	0.01845	0.01058	0.00865	0.00278	0.01093	0.00915	0.00532	0.01222
6	0.02258	0.07752	0.10258	0.04045	0.02657	0.02077	0.05787	0.05824	0.22566	0.10917	0.05014	0.06276	0.02333	0.01180	0.01053	0.00289	0.06804	0.00958	0.00711	0.01242
7	0.01945	0.03407	0.38280	0.02559	0.05309	0.02013	0.07792	0.02695	0.04448	0.02838	0.02166	0.07382	0.01858	0.01650	0.06509	0.00425	0.05989	0.00938	0.00522	0.01277
8	0.01246	0.00935	0.01402	0.01402	0.01558	0.01090	0.01090	0.01558	0.01402	0.02025	0.02336	0.03427	0.02181	0.06542	0.65888	0.01402	0.02336	0.00935	0.00467	0.00779
9	0.02332	0.69869	0.04571	0.01493	0.02239	0.03451	0.01493	0.02612	0.01772	0.02052	0.01213	0.01399	0.01119	0.00746	0.00560	0.00187	0.00933	0.00466	0.00373	0.01119
10	0.01699	0.00989	0.01275	0.01148	0.01414	0.00902	0.00858	0.02035	0.02297	0.13915	0.42450	0.05884	0.09284	0.10294	0.01437	0.00347	0.00526	0.01428	0.00919	0.00897
11	0.01141	0.00877	0.01043	0.01025	0.01251	0.00779	0.00760	0.01455	0.02213	0.02944	0.37142	0.12707	0.29446	0.02032	0.01037	0.00289	0.00432	0.01759	0.00889	0.00779
12	0.01087	0.00859	0.00980	0.01007	0.01227	0.00751	0.00733	0.01339	0.02035	0.02604	0.21166	0.21042	0.37637	0.02220	0.01048	0.00303	0.00448	0.01916	0.00846	0.00751
13	0.01269	0.00837	0.01013	0.01039	0.01211	0.00783	0.00752	0.01594	0.02059	0.03003	0.28234	0.22164	0.11011	0.01879	0.00947	0.00279	0.00438	0.01647	0.19057	0.00783
14	0.69510	0.01750	0.01393	0.01219	0.01771	0.02019	0.01004	0.07417	0.01702	0.04045	0.01288	0.01473	0.00989	0.00829	0.00567	0.00269	0.00698	0.00498	0.00567	0.00989
15	0.02316	0.01946	0.02055	0.01805	0.02324	0.02238	0.01416	0.11820	0.54904	0.03885	0.03365	0.03107	0.02512	0.01166	0.00886	0.00292	0.00725	0.00961	0.00886	0.01394
16	0.60853	0.07073	0.01678	0.01313	0.01857	0.10213	0.01080	0.02685	0.01632	0.03548	0.01231	0.01436	0.00980	0.00816	0.00573	0.00258	0.00808	0.00483	0.00516	0.00966
17	0.01160	0.00854	0.01065	0.01196	0.01329	0.00800	0.00877	0.01365	0.01767	0.02275	0.05408	0.33722	0.18259	0.11034	0.01540	0.00414	0.00603	0.14847	0.00772	0.00713
18	0.07609	0.01494	0.09348	0.01318	0.01729	0.01155	0.01176	0.02098	0.05493	0.05725	0.41038	0.05315	0.10042	0.01551	0.00949	0.00277	0.00575	0.01326	0.00840	0.00942
19	0.02149	0.03760	0.36917	0.02711	0.03743	0.10263	0.17152	0.07699	0.02163	0.02917	0.01631	0.01955	0.01193	0.00833	0.00877	0.00273	0.01343	0.00741	0.00439	0.01242
20	0.14052	0.02169	0.02320	0.01803	0.02474	0.02354	0.01489	0.42773	0.03444	0.15262	0.02193	0.02143	0.01519	0.01018	0.00824	0.00264	0.00881	0.00755	0.00859	0.01404
21	0.01057	0.00885	0.00920	0.00911	0.01194	0.00747	0.00683	0.01302	0.02050	0.02502	0.15798	0.08155	0.56497	0.02155	0.01031	0.00292	0.00438	0.01807	0.00829	0.00747
22	0.01120	0.00804	0.01064	0.01175	0.01278	0.00747	0.00814	0.01359	0.01938	0.02653	0.24479	0.47888	0.06595	0.02414	0.01085	0.00327	0.00474	0.02177	0.00860	0.00747
23	0.03816	0.01641	0.02121	0.01626	0.02305	0.01514	0.01343	0.13508	0.02758	0.54880	0.03222	0.02826	0.02049	0.01074	0.00876	0.00269	0.00778	0.00862	0.01046	0.01484
24	0.39255	0.01822	0.01803	0.01464	0.02078	0.01969	0.01208	0.17479	0.02393	0.19844	0.02004	0.01983	0.01390	0.00938	0.00709	0.00268	0.00763	0.00654	0.00761	0.01217
25	0.03863	0.01566	0.02075	0.01590	0.02267	0.01402	0.01314	0.09052	0.02632	0.59515	0.03327	0.02895	0.02102	0.01077	0.00877	0.00269	0.00761	0.00869	0.01062	0.01484
26	0.01073	0.00764	0.01009	0.01201	0.01249	0.00716	0.00795	0.01217	0.01650	0.02199	0.04702	0.65552	0.05636	0.06137	0.01283	0.00379	0.00523	0.02418	0.00795	0.00699
27	0.03638	0.01713	0.02139	0.01664	0.02327	0.01648	0.01367	0.15740	0.08132	0.47193	0.03179	0.02818	0.02068	0.01082	0.00877	0.00271	0.00782	0.00868	0.01021	0.01475
28	0.01735	0.01640	0.02775	0.56613	0.15956	0.01961	0.02466	0.02306	0.01786	0.02335	0.01566	0.02297	0.01200	0.00856	0.00871	0.00285	0.01141	0.00776	0.00395	0.01040
29	0.02542	0.01235	0.01611	0.01342	0.01784	0.01130	0.01074	0.02867	0.02326	0.33063	0.19886	0.04905	0.15854	0.01510	0.01054	0.00282	0.04199	0.01243	0.00958	0.01137
30	0.75506	0.01687	0.01282	0.01147	0.01687	0.01957	0.00945	0.02564	0.01484	0.03914	0.01215	0.01417	0.00945	0.00810	0.00540	0.00270	0.00675	0.00472	0.00540	0.00945
31	0.02109	0.02076	0.03704	0.09434	0.51453	0.02082	0.10888	0.02662	0.01980	0.02799	0.01652	0.02198	0.01358	0.00778	0.00888	0.00266	0.01107	0.00813	0.00430	0.01324
32	0.02413	0.02098	0.03088	0.12140	0.36510	0.02235	0.02298	0.18789	0.05622	0.03541	0.01852	0.02218	0.01447	0.00884	0.00868	0.00266	0.01014	0.00790	0.00571	0.01357
33	0.01216	0.00891	0.01140	0.01077	0.01291	0.00815	0.00808	0.01609	0.02424	0.03391	0.58332	0.06692	0.13408	0.01823	0.01029	0.00276	0.00414	0.01602	0.00946	0.00815
34	0.01059	0.00775	0.00996	0.01172	0.01254	0.00712	0.00791	0.01219	0.01711	0.02243	0.05321	0.61077	0.13136	0.02666	0.01103	0.00347	0.00498	0.02398	0.00810	0.00712
35	0.01876	0.01912	0.02510	0.02172	0.02293	0.07865	0.05784	0.02113	0.01535	0.02161	0.01772	0.10561	0.01831	0.01986	0.07562	0.00443	0.43245	0.00997	0.00454	0.00929
36	0.01250	0.00812	0.00977	0.01064	0.01207	0.00782	0.00757	0.01511	0.01765	0.02581	0.06781	0.33282	0.11856	0.02454	0.06699	0.00391	0.00627	0.01728	0.22722	0.00754
37	0.02206	0.55735	0.17601	0.01707	0.02571	0.03143	0.01867	0.02644	0.01787	0.02206	0.01289	0.01495	0.01116	0.00764	0.00618	0.00206	0.01010	0.00505	0.00372	0.01156
38	0.11323	0.01851	0.02715	0.02704	0.15834	0.01903	0.12556	0.03244	0.18215	0.07522	0.02347	0.02527	0.01782	0.00917	0.00829	0.00266	0.00886	0.00839	0.06745	0.04995
39	0.03016	0.03406	0.02370	0.02114	0.02529	0.46950	0.01621	0.06343	0.02372	0.06654	0.01605	0.01891	0.01311	0.01473	0.06749	0.00347	0.07046	0.00646	0.00512	0.01044
40	0.02124	0.45340	0.18803	0.01707	0.02589	0.02815	0.01853	0.02595	0.01794	0.02325	0.01341	0.01559	0.01138	0.00753	0.00636	0.00201	0.00983	0.00516	0.00390	0.10538
41	0.01266	0.00921	0.01382	0.01382	0.01526	0.01066	0.01066	0.01526	0.01382	0.01987	0.02275	0.03369	0.02131	0.06281	0.61241	0.06848	0.02219	0.00921	0.00461	0.00749
42	0.01246	0.00935	0.01402	0.01402	0.01558	0.01090	0.01090	0.01558	0.01402	0.02025	0.02336	0.03427	0.02181	0.06542	0.65888	0.01402	0.02336	0.00935	0.00467	0.00779
43	0.75506	0.01687	0.01282	0.01147	0.01687	0.01957	0.00945	0.02564	0.01484	0.03914	0.01215	0.01417	0.00945	0.00810	0.00540	0.00270	0.00675	0.00472	0.00540	0.00945
44	0.14739	0.02521	0.09238	0.02172	0.02933	0.02436	0.10732	0.36528	0.03128	0.04542	0.01846	0.01997	0.01332	0.00938	0.00838	0.00270	0.01026	0.00757	0.00700	0.01328
45	0.02472	0.14389	0.08008	0.01868	0.02343	0.33608	0.01562	0.02748	0.02059	0.02141	0.01896	0.06190	0.01861	0.10907	0.01317	0.00328	0.01240	0.03629	0.00478	0.00958
46	0.02043	0.24663	0.02642	0.01527	0.01942	0.10240	0.01269	0.07054	0.01868	0.02289	0.01870	0.02721	0.01771	0.12317	0.21487	0.00669	0.01441	0.00764	0.00476	0.00946
47	0.06709	0.01428	0.01914	0.01498	0.02107	0.01264	0.01221	0.03904	0.02333	0.56369	0.03177	0.02876	0.02051	0.01241	0.01088	0.06870	0.00741	0.00850	0.00995	0.01364

[dist]
# distance from previous block
# <min> <max>
1	2

[block]
# block no. 1 follows, 20 sequences, length 18
# corresponding to MSA columns:
# 115-132
name=unknown_B
#
# <colnr> <probs for GDERKNQSTAVLIFYWHMCP>
#	G	D	E	R	K	N	Q	S	T	A	V	L	I	F	Y	W	H	M	C	P
0	0.01265	0.00812	0.01057	0.01112	0.01142	0.00815	0.00716	0.01255	0.01362	0.01833	0.02988	0.21909	0.03402	0.29764	0.09855	0.17236	0.00893	0.01448	0.00565	0.00571
1	0.02506	0.02185	0.02040	0.01714	0.02239	0.14933	0.01347	0.06686	0.18035	0.09615	0.02338	0.02395	0.01782	0.00994	0.00919	0.00237	0.05263	0.00742	0.06191	0.17837
2	0.09125	0.00927	0.01075	0.01164	0.01269	0.00937	0.00803	0.01465	0.01546	0.02257	0.03609	0.28878	0.04151	0.27988	0.02339	0.00540	0.00697	0.09880	0.00672	0.00679
3	0.02622	0.10768	0.08775	0.01883	0.02548	0.10185	0.01669	0.17902	0.08693	0.07600	0.01928	0.02042	0.01469	0.00965	0.00945	0.00243	0.06252	0.00690	0.00633	0.12186
4	0.02000	0.02095	0.08239	0.02753	0.03452	0.01873	0.32912	0.02826	0.08393	0.06805	0.02348	0.03169	0.01908	0.01800	0.10641	0.00464	0.01405	0.05222	0.00556	0.01140
5	0.01158	0.00809	0.00974	0.01066	0.01111	0.00775	0.00666	0.01243	0.01504	0.01984	0.04136	0.34494	0.08850	0.34147	0.02678	0.00582	0.00662	0.01860	0.00677	0.00626
6	0.02094	0.09602	0.08261	0.08870	0.03413	0.10670	0.21102	0.06647	0.02110	0.02656	0.02187	0.14106	0.02058	0.01163	0.00919	0.00280	0.01172	0.01096	0.00521	0.01074
7	0.02302	0.09239	0.20297	0.11758	0.03442	0.02203	0.06589	0.13289	0.02307	0.09288	0.04728	0.02293	0.01646	0.00979	0.00990	0.00275	0.05802	0.00777	0.00569	0.01226
8	0.01465	0.00876	0.01256	0.01404	0.05693	0.00873	0.00843	0.01289	0.01273	0.01712	0.02088	0.08385	0.02250	0.19822	0.03314	0.44688	0.00782	0.01020	0.00454	0.00515
9	0.01886	0.01321	0.01776	0.01627	0.01987	0.01319	0.05639	0.06813	0.11019	0.10486	0.04413	0.22751	0.10218	0.01903	0.01036	0.00327	0.00722	0.12908	0.00830	0.01018
10	0.07581	0.18095	0.18016	0.04949	0.18408	0.05740	0.02192	0.02920	0.06671	0.05183	0.01698	0.01949	0.01335	0.00839	0.00761	0.00250	0.01041	0.00661	0.00472	0.01238
11	0.10874	0.02164	0.02625	0.02651	0.16211	0.11209	0.06097	0.07518	0.02352	0.26299	0.02273	0.02309	0.01593	0.00929	0.00836	0.00262	0.00993	0.00770	0.00722	0.01311
12	0.07417	0.02696	0.20872	0.02373	0.10591	0.05528	0.04349	0.06693	0.01999	0.03038	0.01689	0.02024	0.01319	0.00873	0.00901	0.00246	0.05376	0.00675	0.08324	0.13016
13	0.06362	0.06607	0.06770	0.05936	0.02365	0.03284	0.01496	0.05635	0.03500	0.12056	0.10961	0.05932	0.05600	0.01302	0.01155	0.00281	0.10700	0.02930	0.00675	0.06452
14	0.01771	0.07657	0.11492	0.08260	0.06693	0.06419	0.03954	0.02231	0.01928	0.02571	0.06130	0.07823	0.11089	0.01173	0.00838	0.00242	0.00890	0.00988	0.00544	0.17306
15	0.02413	0.05595	0.16460	0.02303	0.10721	0.01872	0.01928	0.10997	0.02251	0.14292	0.02187	0.07001	0.01758	0.01044	0.00938	0.00256	0.04487	0.00838	0.00632	0.12026
16	0.02215	0.05299	0.07220	0.02412	0.13601	0.06280	0.05532	0.05723	0.02080	0.07566	0.04274	0.02322	0.01717	0.00901	0.00899	0.00230	0.04748	0.00737	0.08396	0.17847
17	0.08070	0.10124	0.02710	0.09537	0.07409	0.06977	0.03634	0.11703	0.08975	0.15267	0.02134	0.02252	0.01568	0.00981	0.00926	0.00267	0.04797	0.00753	0.00669	0.01247

[dist]
# distance from previous block
# <min> <max>
15	233

[block]
# block no. 2 follows, 20 sequences, length 15
# corresponding to MSA columns:
# 376-390
name=unknown_C
#
# <colnr> <probs for GDERKNQSTAVLIFYWHMCP>
#	G	D	E	R	K	N	Q	S	T	A	V	L	I	F	Y	W	H	M	C	P
0	0.02422	0.04840	0.15307	0.02808	0.17180	0.01820	0.06081	0.02932	0.02007	0.19454	0.02389	0.09044	0.01950	0.01126	0.01050	0.00285	0.06459	0.00955	0.00628	0.01264
1	0.04845	0.12037	0.18081	0.02256	0.08788	0.08516	0.04008	0.02892	0.08677	0.05510	0.02068	0.07491	0.01762	0.01004	0.00801	0.00251	0.01006	0.00819	0.00534	0.08654
2	0.10225	0.07399	0.09364	0.01759	0.04891	0.02008	0.01505	0.18207	0.10404	0.03585	0.03740	0.03681	0.17166	0.01272	0.00848	0.00271	0.00802	0.01002	0.00705	0.01167
3	0.01125	0.00795	0.01038	0.01177	0.01228	0.00776	0.00778	0.01260	0.01558	0.02093	0.04123	0.48836	0.04858	0.17283	0.08287	0.00563	0.00761	0.02068	0.00716	0.00677
4	0.01972	0.07411	0.08760	0.02116	0.08605	0.01639	0.07434	0.02645	0.08766	0.09568	0.07629	0.13821	0.06021	0.01313	0.00896	0.00269	0.00821	0.01167	0.00674	0.08472
5	0.05268	0.02097	0.08078	0.11415	0.15628	0.01901	0.11767	0.04998	0.01965	0.06060	0.01684	0.02103	0.01311	0.00839	0.00967	0.00252	0.05592	0.00744	0.00494	0.16838
6	0.09368	0.01910	0.02731	0.24981	0.07789	0.08356	0.11947	0.02360	0.01823	0.02519	0.01983	0.11762	0.01845	0.01154	0.01027	0.00296	0.05659	0.01013	0.00482	0.00994
7	0.10347	0.02451	0.02469	0.08589	0.02939	0.08964	0.01667	0.43338	0.03435	0.04665	0.01875	0.01997	0.01360	0.00991	0.00831	0.00262	0.01014	0.00730	0.00747	0.01329
8	0.02291	0.02049	0.02540	0.31462	0.04104	0.06921	0.01999	0.18111	0.09128	0.03231	0.01862	0.02271	0.01410	0.01020	0.01066	0.00288	0.07733	0.00785	0.00575	0.01152
9	0.16135	0.05535	0.02411	0.11121	0.02883	0.02330	0.01602	0.28244	0.02789	0.11209	0.01902	0.02057	0.01376	0.01000	0.00933	0.00273	0.05516	0.00720	0.00707	0.01257
10	0.01231	0.00840	0.01007	0.01042	0.01066	0.00847	0.00633	0.01289	0.01350	0.01816	0.03057	0.16212	0.03513	0.51628	0.10114	0.00818	0.00939	0.01441	0.00570	0.00585
11	0.03451	0.02678	0.02427	0.01959	0.02582	0.19903	0.01571	0.30682	0.03243	0.19455	0.02227	0.02170	0.01554	0.01014	0.00850	0.00254	0.01075	0.00746	0.00807	0.01352
12	0.01086	0.00824	0.00972	0.01057	0.01204	0.00742	0.00728	0.01269	0.01811	0.02324	0.10890	0.35122	0.26871	0.09246	0.01415	0.00376	0.00509	0.02048	0.00794	0.00710
13	0.02332	0.69869	0.04571	0.01493	0.02239	0.03451	0.01493	0.02612	0.01772	0.02052	0.01213	0.01399	0.01119	0.00746	0.00560	0.00187	0.00933	0.00466	0.00373	0.01119
14	0.01622	0.00972	0.01195	0.01130	0.01422	0.00855	0.00849	0.01902	0.02148	0.14072	0.21753	0.18894	0.25867	0.01991	0.01018	0.00296	0.00502	0.01720	0.00900	0.00892

[dist]
# distance from previous block
# <min> <max>
0	1

[block]
# block no. 3 follows, 20 sequences, length 30
# corresponding to MSA columns:
# 392-421
name=unknown_D
#
# <colnr> <probs for GDERKNQSTAVLIFYWHMCP>
#	G	D	E	R	K	N	Q	S	T	A	V	L	I	F	Y	W	H	M	C	P
0	0.02580	0.02513	0.02767	0.02257	0.02831	0.14637	0.11682	0.15238	0.26557	0.03521	0.02439	0.02493	0.01844	0.01037	0.00962	0.00278	0.03516	0.00863	0.00705	0.01279
1	0.02091	0.01718	0.01960	0.01426	0.02187	0.01452	0.01151	0.13216	0.02238	0.03340	0.01652	0.01862	0.01328	0.00721	0.00688	0.00154	0.00705	0.00567	0.00583	0.60959
2	0.10219	0.01819	0.02666	0.15379	0.18827	0.01923	0.05849	0.11787	0.02330	0.10713	0.08014	0.02645	0.02078	0.00975	0.00861	0.00272	0.00942	0.00854	0.00635	0.01214
3	0.01191	0.00848	0.01122	0.01234	0.01349	0.00806	0.00900	0.01445	0.01911	0.02590	0.20221	0.35604	0.06057	0.08267	0.01400	0.00385	0.00566	0.12538	0.00824	0.00741
4	0.01140	0.00816	0.01092	0.01242	0.01341	0.00768	0.00888	0.01373	0.01867	0.02521	0.16113	0.49249	0.06149	0.02508	0.01109	0.00345	0.00526	0.09372	0.00838	0.00743
5	0.01140	0.00814	0.01093	0.01250	0.01324	0.00799	0.00876	0.01321	0.01630	0.02186	0.04278	0.48536	0.04991	0.09831	0.09463	0.00538	0.00796	0.07688	0.00739	0.00709
6	0.03602	0.01985	0.02334	0.01789	0.02476	0.02025	0.01478	0.33858	0.03334	0.33718	0.02738	0.02513	0.01807	0.01063	0.00875	0.00266	0.00856	0.00829	0.00972	0.01484
7	0.10466	0.02690	0.02332	0.01919	0.02516	0.19798	0.01532	0.28963	0.07135	0.11156	0.02057	0.02064	0.01489	0.00996	0.00817	0.00256	0.01057	0.00717	0.00748	0.01293
8	0.46195	0.02392	0.13870	0.01585	0.02303	0.02126	0.01534	0.14762	0.02098	0.04020	0.01466	0.01640	0.01088	0.00863	0.00665	0.00269	0.00853	0.00571	0.00576	0.01124
9	0.10836	0.12242	0.07982	0.01821	0.02535	0.01877	0.10658	0.02639	0.05978	0.06237	0.02021	0.07830	0.01748	0.00954	0.00766	0.00232	0.00873	0.00819	0.00555	0.21394
10	0.02003	0.01096	0.01399	0.01338	0.01650	0.01011	0.01023	0.05413	0.02116	0.19649	0.04894	0.31616	0.13526	0.02070	0.01031	0.00321	0.00616	0.07364	0.00887	0.00979
11	0.01214	0.00891	0.01138	0.01076	0.01291	0.00814	0.00807	0.01607	0.02421	0.03385	0.58017	0.06702	0.13727	0.01826	0.01029	0.00276	0.00415	0.01604	0.00945	0.00814
12	0.02304	0.34053	0.17218	0.02200	0.03085	0.02654	0.15149	0.02848	0.01923	0.08575	0.01633	0.01863	0.01266	0.00794	0.00754	0.00238	0.01110	0.00671	0.00458	0.01204
13	0.09898	0.01374	0.01560	0.01339	0.01778	0.01362	0.01050	0.07687	0.09810	0.11828	0.23032	0.07335	0.08377	0.01406	0.00891	0.00266	0.00597	0.01177	0.00853	0.08380
14	0.01093	0.00781	0.01047	0.01249	0.01313	0.00734	0.00862	0.01267	0.01700	0.02260	0.04791	0.63601	0.05703	0.02704	0.01121	0.00358	0.00532	0.07357	0.00809	0.00717
15	0.01451	0.00928	0.01144	0.01114	0.01366	0.00823	0.00825	0.01732	0.02130	0.10153	0.25108	0.21758	0.24059	0.02061	0.01032	0.00299	0.00483	0.01794	0.00891	0.00848
16	0.02494	0.02270	0.05375	0.02880	0.16583	0.06526	0.05958	0.11749	0.13956	0.08627	0.02138	0.02352	0.01641	0.01055	0.01209	0.00289	0.12154	0.00823	0.00633	0.01291
17	0.03316	0.02443	0.02618	0.02007	0.02705	0.02705	0.01658	0.60995	0.04101	0.05497	0.02094	0.02094	0.01483	0.01047	0.00873	0.00262	0.00960	0.00785	0.00873	0.01483
18	0.75506	0.01687	0.01282	0.01147	0.01687	0.01957	0.00945	0.02564	0.01484	0.03914	0.01215	0.01417	0.00945	0.00810	0.00540	0.00270	0.00675	0.00472	0.00540	0.00945
19	0.01214	0.00876	0.01148	0.01111	0.01299	0.00809	0.00821	0.01594	0.02373	0.03345	0.56411	0.13983	0.07935	0.01897	0.01039	0.00284	0.00423	0.01686	0.00942	0.00809
20	0.44693	0.01600	0.01602	0.01321	0.01919	0.01666	0.01090	0.03290	0.01920	0.29993	0.02173	0.02085	0.01467	0.00926	0.00685	0.00270	0.00704	0.00647	0.00772	0.01177
21	0.02156	0.19801	0.03435	0.31409	0.04290	0.02497	0.09043	0.12203	0.02183	0.02795	0.01578	0.02046	0.01224	0.00852	0.00809	0.00259	0.01105	0.00726	0.00471	0.01119
22	0.01246	0.00935	0.01402	0.01402	0.01558	0.01090	0.01090	0.01558	0.01402	0.02025	0.02336	0.03427	0.02181	0.06542	0.65888	0.01402	0.02336	0.00935	0.00467	0.00779
23	0.01130	0.00766	0.00988	0.01166	0.01235	0.00721	0.00786	0.01313	0.01689	0.02350	0.04572	0.60917	0.05345	0.02527	0.01053	0.00336	0.00494	0.02280	0.09610	0.00721
24	0.01908	0.17854	0.45129	0.02422	0.03550	0.02344	0.09760	0.02735	0.01853	0.02618	0.01516	0.01811	0.01134	0.00800	0.00797	0.00260	0.01237	0.00654	0.00378	0.01240
25	0.01513	0.01007	0.01130	0.01120	0.01143	0.00973	0.00650	0.01424	0.01400	0.01891	0.02832	0.05653	0.03192	0.62417	0.04324	0.05917	0.00905	0.01279	0.00590	0.00642
26	0.02168	0.01528	0.02363	0.09327	0.22831	0.01558	0.01840	0.02692	0.04869	0.14607	0.02783	0.06553	0.02456	0.01909	0.08734	0.00431	0.01071	0.10461	0.00657	0.01164
27	0.03096	0.06222	0.02194	0.01517	0.02230	0.01544	0.01260	0.09595	0.02409	0.35027	0.02566	0.02413	0.01750	0.00920	0.00784	0.00220	0.00749	0.00729	0.00837	0.23937
28	0.01191	0.00867	0.01105	0.01227	0.01364	0.00820	0.00916	0.01426	0.01834	0.02399	0.10289	0.30277	0.14531	0.10469	0.01517	0.00410	0.00609	0.17236	0.00787	0.00727
29	0.01831	0.08773	0.25630	0.02442	0.06201	0.04655	0.10136	0.02448	0.01751	0.02455	0.01683	0.02232	0.01391	0.02132	0.15303	0.00525	0.08137	0.00760	0.00408	0.01107

[dist]
# distance from previous block
# <min> <max>
0	69

[block]
# block no. 4 follows, 20 sequences, length 8
# corresponding to MSA columns:
# 491-498
name=unknown_E
#
# <colnr> <probs for GDERKNQSTAVLIFYWHMCP>
#	G	D	E	R	K	N	Q	S	T	A	V	L	I	F	Y	W	H	M	C	P
0	0.06142	0.02482	0.02773	0.02717	0.13967	0.18093	0.09662	0.03387	0.14473	0.08252	0.02103	0.02265	0.01609	0.00902	0.00838	0.00253	0.01083	0.00771	0.00600	0.07629
1	0.02221	0.57441	0.16029	0.01681	0.02531	0.03180	0.01822	0.02641	0.01786	0.02187	0.01280	0.01483	0.01117	0.00762	0.00611	0.00204	0.01001	0.00500	0.00372	0.01152
2	0.01193	0.00890	0.01108	0.01053	0.01277	0.00805	0.00790	0.01565	0.02370	0.03263	0.52219	0.06902	0.19601	0.01871	0.01029	0.00279	0.00418	0.01632	0.00929	0.00805
3	0.01268	0.00846	0.00951	0.00951	0.00951	0.00846	0.00529	0.01268	0.01268	0.01691	0.02748	0.05708	0.03171	0.69345	0.04440	0.00846	0.00846	0.01268	0.00529	0.00529
4	0.08858	0.02073	0.03128	0.14937	0.16429	0.02207	0.12691	0.19499	0.02545	0.06510	0.01826	0.02180	0.01359	0.00882	0.00870	0.00274	0.01071	0.00803	0.00593	0.01264
5	0.03116	0.02344	0.02505	0.01966	0.02629	0.02612	0.01610	0.51153	0.14269	0.05175	0.02348	0.02297	0.01689	0.01071	0.00875	0.00268	0.00913	0.00820	0.00875	0.01465
6	0.02051	0.05048	0.03012	0.11632	0.34994	0.02058	0.02180	0.02796	0.10050	0.02803	0.01831	0.02237	0.01493	0.00867	0.00936	0.00256	0.04553	0.00759	0.00493	0.09952
7	0.01714	0.01056	0.01339	0.01354	0.01565	0.01022	0.00974	0.08686	0.02069	0.11034	0.04302	0.52002	0.04775	0.02310	0.01053	0.00332	0.00592	0.02063	0.00854	0.00905

[dist]
# distance from previous block
# <min> <max>
0	1

[block]
# block no. 5 follows, 20 sequences, length 20
# corresponding to MSA columns:
# 500-519
name=unknown_F
#
# <colnr> <probs for GDERKNQSTAVLIFYWHMCP>
#	G	D	E	R	K	N	Q	S	T	A	V	L	I	F	Y	W	H	M	C	P
0	0.20241	0.02205	0.02110	0.01703	0.02328	0.08146	0.01381	0.26545	0.07490	0.11187	0.02042	0.02053	0.01476	0.00961	0.00771	0.00254	0.00881	0.00696	0.00752	0.06778
1	0.01639	0.01165	0.01474	0.01310	0.01724	0.00991	0.01035	0.01996	0.02038	0.07479	0.17900	0.14590	0.04413	0.01594	0.00930	0.00259	0.00604	0.11649	0.00764	0.26446
2	0.01499	0.01211	0.01771	0.02251	0.15570	0.01200	0.01417	0.01988	0.05451	0.02838	0.17508	0.20735	0.04983	0.01903	0.01048	0.00323	0.00689	0.15903	0.00762	0.00949
3	0.01927	0.24476	0.46420	0.02183	0.03306	0.02461	0.02694	0.02716	0.01820	0.02545	0.01458	0.01706	0.01109	0.00804	0.00747	0.00249	0.01180	0.00590	0.00370	0.01237
4	0.02159	0.02073	0.03541	0.05354	0.63903	0.02073	0.02677	0.02677	0.01986	0.02850	0.01641	0.02159	0.01382	0.00777	0.00864	0.00259	0.01036	0.00777	0.00432	0.01382
5	0.01647	0.01550	0.02616	0.67248	0.06008	0.01938	0.02422	0.02229	0.01744	0.02229	0.01550	0.02326	0.01163	0.00872	0.00872	0.00291	0.01163	0.00775	0.00388	0.00969
6	0.01752	0.01688	0.02858	0.24854	0.03862	0.01951	0.14886	0.02307	0.05111	0.02343	0.01927	0.03087	0.01722	0.11333	0.01831	0.00396	0.13672	0.02994	0.00463	0.00963
7	0.01086	0.00769	0.01005	0.01185	0.01229	0.00724	0.00778	0.01221	0.01624	0.02166	0.04573	0.61591	0.05473	0.10321	0.01492	0.00410	0.00545	0.02342	0.00778	0.00688
8	0.01520	0.01135	0.01491	0.01632	0.01877	0.01179	0.01402	0.02232	0.11077	0.02767	0.04458	0.08849	0.04666	0.02225	0.01157	0.00386	0.00786	0.49455	0.00816	0.00890
9	0.02144	0.02115	0.03782	0.05102	0.54981	0.02093	0.11406	0.02695	0.01997	0.02841	0.01659	0.02188	0.01373	0.00771	0.00888	0.00264	0.01102	0.00815	0.00433	0.01351
10	0.01268	0.00846	0.00951	0.00951	0.00951	0.00846	0.00529	0.01268	0.01268	0.01691	0.02748	0.05708	0.03171	0.69345	0.04440	0.00846	0.00846	0.01268	0.00529	0.00529
11	0.01054	0.00792	0.00978	0.01127	0.01242	0.00716	0.00771	0.01224	0.01754	0.02261	0.05872	0.52819	0.21039	0.02594	0.01092	0.00338	0.00489	0.02311	0.00810	0.00716
12	0.01982	0.02229	0.04826	0.03486	0.04303	0.02090	0.56089	0.02672	0.02029	0.02750	0.02001	0.07503	0.01668	0.00890	0.01036	0.00299	0.01396	0.01142	0.00470	0.01140
13	0.01411	0.00870	0.01048	0.01067	0.01131	0.00841	0.00661	0.01477	0.01468	0.06533	0.03354	0.22470	0.03794	0.46319	0.03278	0.00670	0.00747	0.01565	0.00645	0.00648
14	0.01968	0.01178	0.01490	0.01285	0.01634	0.01122	0.01003	0.08890	0.02660	0.15030	0.45337	0.05355	0.06337	0.01569	0.00983	0.00272	0.00535	0.01358	0.00972	0.01021
15	0.14028	0.01515	0.01828	0.01539	0.02083	0.01483	0.01273	0.10510	0.02418	0.34286	0.03210	0.07380	0.02567	0.01348	0.00894	0.00295	0.00757	0.10429	0.00912	0.01247
16	0.02332	0.69869	0.04571	0.01493	0.02239	0.03451	0.01493	0.02612	0.01772	0.02052	0.01213	0.01399	0.01119	0.00746	0.00560	0.00187	0.00933	0.00466	0.00373	0.01119
17	0.01586	0.01132	0.01515	0.01423	0.01644	0.01262	0.01101	0.10412	0.01801	0.02488	0.02544	0.03390	0.05455	0.04935	0.42918	0.12320	0.01782	0.00937	0.00534	0.00821
18	0.56243	0.01532	0.01296	0.01143	0.01648	0.01708	0.00933	0.02676	0.01652	0.10717	0.01713	0.01870	0.01277	0.00872	0.00589	0.00260	0.00642	0.00570	0.11674	0.00986
19	0.01730	0.14200	0.15624	0.01650	0.02196	0.04014	0.01578	0.02487	0.11991	0.02533	0.03187	0.18260	0.06080	0.06582	0.01153	0.00329	0.00855	0.03913	0.00616	0.01023

[dist]
# distance from previous block
# <min> <max>
0	57

[block]
# block no. 6 follows, 20 sequences, length 28
# corresponding to MSA columns:
# 577-604
name=unknown_G
#
# <colnr> <probs for GDERKNQSTAVLIFYWHMCP>
#	G	D	E	R	K	N	Q	S	T	A	V	L	I	F	Y	W	H	M	C	P
0	0.04752	0.14861	0.32757	0.02556	0.12149	0.05527	0.02442	0.02782	0.01943	0.06274	0.04874	0.02096	0.01582	0.00875	0.00789	0.00255	0.01105	0.00686	0.00462	0.01233
1	0.02462	0.38603	0.12811	0.01768	0.02557	0.02712	0.04689	0.08563	0.02110	0.09461	0.01720	0.01862	0.01343	0.00840	0.00692	0.00223	0.00964	0.00618	0.04797	0.01206
2	0.01887	0.01088	0.01473	0.07483	0.01958	0.01024	0.01068	0.02262	0.02312	0.17848	0.34192	0.09078	0.11564	0.01626	0.00983	0.00282	0.00571	0.01412	0.00910	0.00980
3	0.01905	0.01934	0.06291	0.09050	0.17700	0.01942	0.07723	0.02981	0.19726	0.02877	0.02628	0.12079	0.02334	0.01237	0.01054	0.00299	0.05336	0.01100	0.00611	0.01191
4	0.02640	0.02124	0.02321	0.01926	0.02460	0.02451	0.01553	0.28788	0.31084	0.04296	0.02682	0.02619	0.02002	0.01158	0.01076	0.00290	0.07439	0.00877	0.00831	0.01383
5	0.01441	0.01256	0.01925	0.14885	0.17657	0.01287	0.01558	0.01777	0.01814	0.02402	0.04047	0.29784	0.13112	0.01807	0.00992	0.00309	0.00753	0.01628	0.00635	0.00930
6	0.03258	0.04157	0.02472	0.02247	0.02697	0.65843	0.01685	0.03483	0.02472	0.02135	0.01348	0.01573	0.01124	0.00899	0.00787	0.00225	0.01573	0.00562	0.00449	0.01011
7	0.01805	0.10727	0.59095	0.02392	0.03629	0.02161	0.03058	0.02748	0.01835	0.02695	0.01532	0.01800	0.01106	0.00821	0.00803	0.00268	0.01255	0.00628	0.00369	0.01273
8	0.01779	0.01416	0.02280	0.48277	0.04742	0.01660	0.02006	0.02305	0.01955	0.08294	0.13734	0.03199	0.02627	0.01068	0.00903	0.00286	0.00978	0.00940	0.00563	0.00989
9	0.08998	0.23566	0.17029	0.01876	0.02554	0.02593	0.01887	0.08216	0.05654	0.02821	0.01568	0.01868	0.01288	0.01247	0.04350	0.00322	0.11900	0.00642	0.00474	0.01148
10	0.01063	0.00759	0.01012	0.01215	0.01265	0.00709	0.00810	0.01215	0.01670	0.02227	0.04808	0.68775	0.05769	0.02733	0.01113	0.00354	0.00506	0.02480	0.00810	0.00709
11	0.17094	0.02043	0.02129	0.02011	0.08066	0.11164	0.01461	0.03564	0.08800	0.26959	0.02395	0.02350	0.01688	0.01013	0.00930	0.00272	0.05302	0.00748	0.00754	0.01255
12	0.01804	0.01579	0.02843	0.12633	0.03282	0.01570	0.21572	0.05314	0.02104	0.06377	0.11320	0.19389	0.03431	0.01436	0.01008	0.00303	0.00964	0.01403	0.00657	0.01012
13	0.60430	0.01751	0.01503	0.01282	0.01853	0.01973	0.01057	0.09203	0.01874	0.10081	0.01532	0.01645	0.01124	0.00863	0.00610	0.00269	0.00713	0.00547	0.00630	0.01058
14	0.01647	0.01550	0.02616	0.67248	0.06008	0.01938	0.02422	0.02229	0.01744	0.02229	0.01550	0.02326	0.01163	0.00872	0.00872	0.00291	0.01163	0.00775	0.00388	0.00969
15	0.03619	0.01957	0.02317	0.01776	0.02462	0.01983	0.01467	0.32200	0.03287	0.35442	0.02778	0.02538	0.01826	0.01064	0.00875	0.00266	0.00849	0.00832	0.00978	0.01484
16	0.01063	0.00759	0.01012	0.01215	0.01265	0.00709	0.00810	0.01215	0.01670	0.02227	0.04808	0.68775	0.05769	0.02733	0.01113	0.00354	0.00506	0.02480	0.00810	0.00709
17	0.02437	0.01971	0.03180	0.09851	0.33656	0.02008	0.07999	0.06918	0.07924	0.12098	0.02121	0.02413	0.01598	0.00883	0.00886	0.00271	0.01010	0.00837	0.00596	0.01345
18	0.01647	0.01550	0.02616	0.67248	0.06008	0.01938	0.02422	0.02229	0.01744	0.02229	0.01550	0.02326	0.01163	0.00872	0.00872	0.00291	0.01163	0.00775	0.00388	0.00969
19	0.01809	0.01550	0.01809	0.01292	0.02067	0.01163	0.01034	0.02196	0.01809	0.02842	0.01550	0.01809	0.01292	0.00646	0.00646	0.00129	0.00646	0.00517	0.00517	0.74677
20	0.02059	0.02353	0.05147	0.03676	0.04559	0.02206	0.60735	0.02794	0.02059	0.02794	0.01765	0.02353	0.01324	0.00735	0.01029	0.00294	0.01471	0.01029	0.00441	0.01176
21	0.03258	0.04157	0.02472	0.02247	0.02697	0.65843	0.01685	0.03483	0.02472	0.02135	0.01348	0.01573	0.01124	0.00899	0.00787	0.00225	0.01573	0.00562	0.00449	0.01011
22	0.02111	0.02024	0.03454	0.11137	0.58494	0.02060	0.02653	0.02635	0.01964	0.02792	0.01632	0.02174	0.01361	0.00786	0.00864	0.00262	0.01048	0.00777	0.00428	0.01343
23	0.02329	0.01819	0.08280	0.11472	0.08847	0.01570	0.08276	0.05324	0.02196	0.19542	0.08706	0.09452	0.02812	0.01253	0.00942	0.00290	0.00919	0.04072	0.00722	0.01176
24	0.02557	0.04767	0.02327	0.02020	0.06311	0.10558	0.01517	0.17807	0.08399	0.09289	0.14673	0.03080	0.02936	0.01218	0.01103	0.00274	0.08285	0.00930	0.00752	0.01196
25	0.02188	0.12923	0.03359	0.02258	0.02889	0.01909	0.21622	0.02575	0.02101	0.08577	0.08521	0.12515	0.02867	0.01279	0.00972	0.00293	0.01003	0.01171	0.00668	0.10312
26	0.06991	0.05980	0.08569	0.02205	0.11060	0.01913	0.01690	0.14928	0.05731	0.20051	0.09651	0.02823	0.02430	0.01060	0.00850	0.00264	0.00847	0.00864	0.00779	0.01313
27	0.13001	0.22670	0.02627	0.01660	0.05534	0.04654	0.01301	0.08886	0.02115	0.08303	0.07896	0.09065	0.02495	0.05111	0.00970	0.00283	0.00816	0.00911	0.00628	0.01073

[dist]
# distance from previous block
# <min> <max>
10	30

[block]
# block no. 7 follows, 20 sequences, length 13
# corresponding to MSA columns:
# 636-648
name=unknown_H
#
# <colnr> <probs for GDERKNQSTAVLIFYWHMCP>
#	G	D	E	R	K	N	Q	S	T	A	V	L	I	F	Y	W	H	M	C	P
0	0.01813	0.01781	0.03361	0.13547	0.12621	0.01766	0.26713	0.02367	0.01931	0.02672	0.02650	0.03217	0.08290	0.03648	0.01064	0.00299	0.01095	0.01024	0.09084	0.01057
1	0.02422	0.05410	0.12459	0.05782	0.03429	0.11549	0.20147	0.09347	0.06275	0.07182	0.01897	0.02215	0.01421	0.01004	0.01041	0.04664	0.01222	0.00812	0.00544	0.01177
2	0.01224	0.00900	0.01161	0.01190	0.01390	0.00837	0.00925	0.01578	0.02213	0.03004	0.36495	0.14313	0.15157	0.02084	0.01076	0.00314	0.00511	0.13946	0.00888	0.00794
3	0.01172	0.00889	0.01079	0.01031	0.01265	0.00796	0.00773	0.01524	0.02320	0.03145	0.46559	0.07097	0.25335	0.01915	0.01029	0.00281	0.00421	0.01659	0.00914	0.00796
4	0.01389	0.01094	0.01568	0.18146	0.02588	0.01181	0.01303	0.01873	0.06113	0.02683	0.20923	0.21085	0.04797	0.01866	0.01153	0.04703	0.00694	0.05274	0.00725	0.00842
5	0.01500	0.01294	0.01834	0.01689	0.01769	0.01663	0.01339	0.01731	0.01362	0.02017	0.01930	0.03101	0.01897	0.11510	0.35283	0.00954	0.26963	0.00906	0.00442	0.00818
6	0.03279	0.01465	0.01822	0.01442	0.02008	0.01380	0.01177	0.12088	0.02574	0.41165	0.03100	0.02908	0.02078	0.01060	0.00813	0.00253	0.00694	0.00848	0.18523	0.01324
7	0.01134	0.00836	0.01062	0.01114	0.01269	0.00763	0.00794	0.01412	0.02072	0.02810	0.31438	0.32226	0.15382	0.02234	0.01064	0.00310	0.00455	0.01985	0.00877	0.00763
8	0.13311	0.01227	0.01472	0.01284	0.01710	0.01164	0.01006	0.02880	0.02079	0.29757	0.07304	0.16510	0.03137	0.01416	0.00847	0.00278	0.00612	0.01184	0.11717	0.01103
9	0.01076	0.00765	0.01008	0.01197	0.01244	0.00718	0.00791	0.01218	0.01643	0.02191	0.04671	0.64597	0.05597	0.07146	0.01334	0.00387	0.00529	0.02400	0.00791	0.00697
10	0.02332	0.02406	0.21352	0.01909	0.02622	0.01610	0.04335	0.11301	0.02296	0.17808	0.02951	0.19723	0.02646	0.01416	0.00930	0.00294	0.00912	0.01219	0.00732	0.01208
11	0.13034	0.01835	0.02058	0.01991	0.08897	0.01947	0.01406	0.12398	0.23168	0.03665	0.02484	0.06295	0.02022	0.01058	0.00802	0.00256	0.00750	0.00860	0.00713	0.14359
12	0.15273	0.09534	0.08696	0.01577	0.02106	0.05478	0.01372	0.12903	0.10324	0.03202	0.02100	0.02866	0.01853	0.17309	0.01626	0.00399	0.00910	0.00811	0.00602	0.01059

[dist]
# distance from previous block
# <min> <max>
1	22

[block]
# block no. 8 follows, 20 sequences, length 67
# corresponding to MSA columns:
# 671-737
name=unknown_I
#
# <colnr> <probs for GDERKNQSTAVLIFYWHMCP>
#	G	D	E	R	K	N	Q	S	T	A	V	L	I	F	Y	W	H	M	C	P
0	0.06726	0.09630	0.12694	0.02296	0.03117	0.02015	0.21070	0.06272	0.01988	0.02904	0.01668	0.02162	0.01352	0.04626	0.01012	0.00270	0.01079	0.00756	0.00479	0.17883
1	0.01495	0.01116	0.01254	0.01301	0.01478	0.05046	0.00928	0.01795	0.05145	0.06349	0.09164	0.38743	0.09908	0.02533	0.04828	0.04771	0.00704	0.01855	0.00776	0.00811
2	0.02689	0.02088	0.02382	0.01898	0.02509	0.02249	0.04156	0.36706	0.14497	0.04472	0.02572	0.08870	0.02103	0.01189	0.00886	0.00267	0.00860	0.00978	0.00818	0.07809
3	0.02323	0.01509	0.01765	0.01541	0.02012	0.01552	0.01199	0.03608	0.29312	0.18060	0.10194	0.11521	0.03443	0.01377	0.00911	0.00282	0.00646	0.01175	0.00905	0.06665
4	0.05626	0.02211	0.11471	0.22275	0.10586	0.01988	0.02082	0.11978	0.06628	0.03181	0.01781	0.02145	0.01350	0.00868	0.00815	0.00255	0.00996	0.00719	0.00532	0.12513
5	0.01999	0.16526	0.28132	0.05959	0.03433	0.05745	0.11518	0.02672	0.01887	0.02573	0.01512	0.01843	0.01172	0.00780	0.00783	0.00240	0.01170	0.00656	0.00406	0.10996
6	0.55748	0.01894	0.01648	0.01382	0.01966	0.02162	0.01140	0.18557	0.02201	0.04347	0.01455	0.01602	0.01092	0.00875	0.00631	0.00268	0.00753	0.00558	0.00631	0.01092
7	0.01124	0.00803	0.01082	0.01284	0.01362	0.00761	0.00916	0.01320	0.01730	0.02295	0.04774	0.58278	0.05636	0.02675	0.01130	0.00363	0.00559	0.12375	0.00809	0.00725
8	0.02270	0.17126	0.12386	0.17435	0.07437	0.05731	0.05342	0.02909	0.05538	0.10572	0.03887	0.02277	0.01617	0.00901	0.00808	0.00257	0.01056	0.00743	0.00529	0.01177
9	0.02814	0.05505	0.02618	0.21658	0.06331	0.01829	0.04988	0.06774	0.06121	0.28663	0.02500	0.02583	0.01712	0.00971	0.00866	0.00274	0.00942	0.00829	0.00743	0.01280
10	0.01125	0.00849	0.01039	0.01074	0.01256	0.00763	0.00774	0.01403	0.02088	0.02786	0.30070	0.26223	0.22981	0.02195	0.01055	0.00305	0.00449	0.01929	0.00872	0.00763
11	0.01740	0.01365	0.02103	0.01842	0.02099	0.01403	0.10793	0.01943	0.01693	0.02465	0.02563	0.07264	0.02435	0.10337	0.26871	0.06796	0.05301	0.01100	0.08957	0.00930
12	0.16950	0.06007	0.08899	0.22668	0.07711	0.05609	0.08684	0.02630	0.01814	0.05867	0.01561	0.02006	0.01190	0.00868	0.00886	0.00277	0.04122	0.00705	0.00463	0.01082
13	0.01505	0.01270	0.01715	0.01571	0.01609	0.01598	0.01191	0.01655	0.01327	0.01929	0.02038	0.03701	0.02157	0.28020	0.19140	0.00808	0.26559	0.00994	0.00458	0.00752
14	0.01169	0.00854	0.01108	0.01178	0.01334	0.00792	0.00869	0.01463	0.02069	0.02806	0.29297	0.30510	0.12390	0.02254	0.01081	0.00321	0.00495	0.08371	0.00871	0.00769
15	0.06815	0.01964	0.02807	0.08578	0.03162	0.02046	0.13589	0.16873	0.12359	0.18929	0.02497	0.02539	0.01749	0.00984	0.00890	0.00279	0.00970	0.00872	0.00773	0.01324
16	0.09265	0.02149	0.02366	0.01827	0.02507	0.02298	0.01509	0.42475	0.03500	0.19745	0.02352	0.02253	0.01605	0.01036	0.00847	0.00264	0.00884	0.00783	0.00896	0.01440
17	0.01046	0.00824	0.00945	0.01042	0.01220	0.00723	0.00733	0.01234	0.01836	0.02295	0.06913	0.37217	0.35969	0.02459	0.01070	0.00323	0.00472	0.02146	0.00810	0.00723
18	0.68387	0.01930	0.01399	0.01256	0.01786	0.08252	0.01018	0.02655	0.01582	0.03738	0.01228	0.01432	0.00962	0.00819	0.00564	0.00265	0.00763	0.00481	0.00531	0.00951
19	0.01694	0.01605	0.02775	0.49055	0.11568	0.01864	0.06979	0.02264	0.01867	0.02465	0.07676	0.02723	0.01895	0.00941	0.00899	0.00286	0.01100	0.00875	0.00453	0.01015
20	0.01263	0.00867	0.01061	0.01061	0.01099	0.00905	0.00665	0.01339	0.01301	0.01772	0.02648	0.05153	0.02930	0.54072	0.19383	0.00981	0.01208	0.01187	0.00514	0.00589
21	0.37809	0.01643	0.01662	0.01394	0.01976	0.01746	0.01137	0.03507	0.11563	0.25870	0.02396	0.02274	0.01660	0.00967	0.00718	0.00274	0.00702	0.00701	0.00791	0.01210
22	0.16233	0.05886	0.06122	0.01866	0.07175	0.05501	0.01447	0.03113	0.18541	0.03183	0.02017	0.02127	0.01580	0.00868	0.00725	0.00231	0.00805	0.00667	0.00596	0.21317
23	0.02595	0.02161	0.02207	0.01872	0.02431	0.05101	0.01485	0.23191	0.40516	0.04194	0.02974	0.02799	0.02207	0.01126	0.00878	0.00282	0.00817	0.00902	0.00864	0.01399
24	0.03130	0.01509	0.01944	0.01455	0.02167	0.01238	0.01190	0.03486	0.02241	0.41553	0.02737	0.02537	0.01836	0.00918	0.00791	0.00218	0.00706	0.00743	0.00870	0.28730
25	0.01266	0.00855	0.00999	0.00999	0.01016	0.00872	0.00588	0.01299	0.01283	0.01727	0.02705	0.05466	0.03066	0.62684	0.10957	0.00905	0.01004	0.01233	0.00522	0.00555
26	0.01061	0.00767	0.01004	0.01193	0.01260	0.00710	0.00800	0.01217	0.01690	0.02235	0.05066	0.64907	0.09471	0.02699	0.01108	0.00350	0.00502	0.02439	0.00810	0.00710
27	0.02005	0.01292	0.01557	0.01396	0.01763	0.01330	0.01080	0.02938	0.20561	0.14119	0.17102	0.04472	0.10524	0.02090	0.07541	0.06370	0.00778	0.01170	0.00847	0.01064
28	0.01809	0.01550	0.01809	0.01292	0.02067	0.01163	0.01034	0.02196	0.01809	0.02842	0.01550	0.01809	0.01292	0.00646	0.00646	0.00129	0.00646	0.00517	0.00517	0.74677
29	0.01199	0.00879	0.01154	0.01325	0.01475	0.00834	0.01032	0.01464	0.01858	0.02405	0.05354	0.35167	0.14415	0.02519	0.01138	0.00364	0.00618	0.25240	0.00807	0.00752
30	0.01247	0.00930	0.01376	0.01376	0.01523	0.01077	0.01059	0.01541	0.01394	0.02006	0.02360	0.03556	0.02237	0.10086	0.62421	0.01370	0.02252	0.00953	0.00471	0.00765
31	0.75506	0.01687	0.01282	0.01147	0.01687	0.01957	0.00945	0.02564	0.01484	0.03914	0.01215	0.01417	0.00945	0.00810	0.00540	0.00270	0.00675	0.00472	0.00540	0.00945
32	0.14935	0.01395	0.01420	0.01239	0.01653	0.01434	0.00980	0.15569	0.02494	0.03610	0.17320	0.05277	0.26227	0.01597	0.00906	0.00278	0.00599	0.01294	0.00808	0.00967
33	0.37831	0.01992	0.01924	0.01554	0.02174	0.02214	0.01282	0.27775	0.02701	0.10283	0.01801	0.01853	0.01290	0.00937	0.00714	0.00266	0.00803	0.00645	0.00733	0.01226
34	0.01854	0.16206	0.54044	0.02308	0.03500	0.02281	0.02913	0.02736	0.01829	0.02635	0.01502	0.01762	0.01108	0.00814	0.00781	0.00260	0.01225	0.00613	0.00369	0.01259
35	0.01118	0.00808	0.01057	0.01162	0.01274	0.00747	0.00808	0.01357	0.01945	0.02648	0.24140	0.45821	0.09073	0.02400	0.01082	0.00326	0.00472	0.02157	0.00859	0.00747
36	0.06549	0.01674	0.01976	0.01608	0.02192	0.01674	0.01292	0.14290	0.13395	0.29947	0.03128	0.09200	0.02371	0.01217	0.00872	0.00273	0.00741	0.00997	0.00921	0.05686
37	0.02059	0.02353	0.05147	0.03676	0.04559	0.02206	0.60735	0.02794	0.02059	0.02794	0.01765	0.02353	0.01324	0.00735	0.01029	0.00294	0.01471	0.01029	0.00441	0.01176
38	0.03604	0.01981	0.02332	0.01787	0.02474	0.02019	0.01477	0.33623	0.03327	0.33962	0.02744	0.02516	0.01809	0.01063	0.00875	0.00266	0.00855	0.00830	0.00972	0.01484
39	0.01268	0.00846	0.00951	0.00951	0.00951	0.00846	0.00529	0.01268	0.01268	0.01691	0.02748	0.05708	0.03171	0.69345	0.04440	0.00846	0.00846	0.01268	0.00529	0.00529
40	0.01762	0.00944	0.00958	0.00909	0.01152	0.00965	0.00694	0.06772	0.02012	0.03433	0.02785	0.03159	0.02175	0.01019	0.00631	0.00208	0.00451	0.00811	0.68293	0.00867
41	0.01647	0.01550	0.02616	0.67248	0.06008	0.01938	0.02422	0.02229	0.01744	0.02229	0.01550	0.02326	0.01163	0.00872	0.00872	0.00291	0.01163	0.00775	0.00388	0.00969
42	0.01637	0.01201	0.01433	0.01424	0.01672	0.01222	0.01080	0.15313	0.02320	0.03061	0.04541	0.38685	0.10350	0.02239	0.01062	0.00334	0.00649	0.10045	0.00824	0.00907
43	0.15506	0.02182	0.02157	0.01724	0.02344	0.08375	0.01404	0.29221	0.03014	0.19094	0.02232	0.02191	0.01554	0.00999	0.00798	0.00259	0.00896	0.00734	0.03997	0.01318
44	0.03801	0.01825	0.02116	0.01657	0.02311	0.07758	0.01352	0.08737	0.02623	0.53618	0.03127	0.02761	0.02003	0.01059	0.00868	0.00265	0.00842	0.00839	0.01001	0.01438
45	0.01235	0.00892	0.01166	0.01097	0.01303	0.00823	0.00823	0.01646	0.02469	0.03498	0.63443	0.06516	0.08230	0.01783	0.01029	0.00274	0.00412	0.01578	0.00960	0.00823
46	0.01312	0.00977	0.01433	0.01408	0.01532	0.01149	0.01080	0.01540	0.01368	0.01967	0.02221	0.03414	0.02124	0.09974	0.52879	0.07187	0.06305	0.00931	0.00459	0.00742
47	0.60789	0.01929	0.01481	0.01304	0.01847	0.08666	0.01056	0.02828	0.01689	0.09696	0.01448	0.01586	0.01083	0.00846	0.00599	0.00265	0.00777	0.00522	0.00583	0.01005
48	0.54108	0.01680	0.01537	0.01293	0.01875	0.01835	0.01066	0.06258	0.01877	0.18678	0.01803	0.01831	0.01269	0.00888	0.00640	0.00269	0.00707	0.00588	0.00689	0.01106
49	0.01527	0.01301	0.01365	0.01276	0.01647	0.01347	0.00978	0.02708	0.27418	0.02993	0.11053	0.06079	0.33430	0.01743	0.00970	0.00293	0.00544	0.01460	0.00855	0.01015
50	0.01361	0.01019	0.01420	0.01401	0.01593	0.01179	0.01088	0.01891	0.07433	0.02264	0.02489	0.03399	0.02232	0.05660	0.55300	0.01216	0.02051	0.00932	0.05232	0.00840
