[name]
unknown

[dist]
# distance from previous block
# <min> <max>
17	95

[block]
# block no. 0 follows, 19 sequences, length 12
# corresponding to MSA columns:
# 114-125
name=unknown_A
#
# <colnr> <probs for GDERKNQSTAVLIFYWHMCP>
#	G	D	E	R	K	N	Q	S	T	A	V	L	I	F	Y	W	H	M	C	P
0	0.01735	0.01597	0.02679	0.38955	0.15469	0.01813	0.05516	0.02214	0.01759	0.02330	0.01857	0.03025	0.01641	0.13931	0.01609	0.00402	0.01125	0.00908	0.00437	0.00997
1	0.02075	0.02372	0.12943	0.05024	0.03002	0.05230	0.11107	0.08331	0.02136	0.04917	0.02233	0.12552	0.02049	0.01207	0.01077	0.00275	0.06649	0.01033	0.00574	0.15213
2	0.01915	0.01713	0.02167	0.12515	0.02875	0.01772	0.01511	0.02725	0.13255	0.02848	0.01920	0.02247	0.01550	0.00952	0.01111	0.00235	0.11296	0.00708	0.00559	0.36127
3	0.05529	0.02382	0.06340	0.13423	0.11455	0.14005	0.09141	0.05809	0.02168	0.06556	0.02259	0.12604	0.02055	0.01190	0.00918	0.00287	0.01136	0.01049	0.00569	0.01123
4	0.01313	0.01031	0.01504	0.01936	0.11665	0.00984	0.01155	0.01583	0.01926	0.02643	0.15501	0.45097	0.05649	0.02278	0.01082	0.00331	0.00592	0.02071	0.00795	0.00865
5	0.01420	0.01016	0.01234	0.01220	0.01519	0.00876	0.00914	0.01672	0.01918	0.06302	0.05500	0.30346	0.21442	0.02167	0.01035	0.00308	0.00568	0.07293	0.00799	0.12450
6	0.01341	0.01052	0.01237	0.01267	0.01488	0.01046	0.00918	0.02024	0.13464	0.02868	0.17719	0.31284	0.16499	0.02188	0.01063	0.00323	0.00522	0.01927	0.00879	0.00890
7	0.02101	0.01736	0.01987	0.01442	0.02224	0.01444	0.01162	0.11434	0.02229	0.03348	0.01679	0.01902	0.01356	0.00728	0.00700	0.00154	0.00714	0.00574	0.00588	0.62498
8	0.01896	0.01829	0.02908	0.24948	0.03949	0.02211	0.10484	0.06203	0.01888	0.02571	0.02263	0.02847	0.07319	0.01246	0.01614	0.00328	0.23045	0.00938	0.00481	0.01033
9	0.01674	0.00938	0.01256	0.01299	0.01492	0.00853	0.00926	0.01897	0.01969	0.14268	0.11160	0.48521	0.05487	0.02366	0.01085	0.00337	0.00555	0.02122	0.00901	0.00894
10	0.02571	0.01899	0.02323	0.01862	0.02394	0.02023	0.07104	0.33813	0.03152	0.04386	0.02706	0.12871	0.02353	0.01311	0.00898	0.00275	0.00853	0.01112	0.14863	0.01231
11	0.13151	0.01222	0.01328	0.01250	0.01527	0.01292	0.00923	0.02337	0.13471	0.03292	0.27770	0.08905	0.05121	0.12820	0.01540	0.00388	0.00601	0.01325	0.00818	0.00916

[dist]
# distance from previous block
# <min> <max>
4	14

[block]
# block no. 1 follows, 19 sequences, length 48
# corresponding to MSA columns:
# 158-166,168-206
name=unknown_B
#
# <colnr> <probs for GDERKNQSTAVLIFYWHMCP>
#	G	D	E	R	K	N	Q	S	T	A	V	L	I	F	Y	W	H	M	C	P
0	0.01915	0.19763	0.25701	0.07154	0.03195	0.02280	0.07334	0.02628	0.05162	0.02492	0.01832	0.02550	0.01577	0.11209	0.01373	0.00353	0.01132	0.00779	0.00443	0.01128
1	0.01194	0.00953	0.01179	0.06181	0.01695	0.00892	0.00950	0.01499	0.02084	0.02676	0.19631	0.16959	0.31589	0.02161	0.01073	0.00316	0.00547	0.06793	0.00831	0.00796
2	0.02108	0.12220	0.02345	0.01468	0.02179	0.07344	0.01210	0.05462	0.02088	0.02922	0.06296	0.02161	0.01847	0.00815	0.00705	0.00169	0.00792	0.00626	0.00556	0.46686
3	0.01282	0.00870	0.00970	0.00970	0.00994	0.00859	0.00553	0.01300	0.01359	0.01788	0.03306	0.06069	0.07880	0.63391	0.04281	0.00823	0.00835	0.01347	0.00565	0.00559
4	0.08373	0.02363	0.12649	0.02486	0.03322	0.01898	0.21934	0.03505	0.07506	0.23079	0.02467	0.02549	0.01699	0.00933	0.00920	0.00289	0.01097	0.00895	0.00706	0.01329
5	0.08359	0.01993	0.05210	0.02274	0.09464	0.01969	0.04686	0.11258	0.19862	0.15800	0.02908	0.07581	0.02266	0.01173	0.00897	0.00290	0.00852	0.00996	0.00811	0.01349
6	0.01087	0.00789	0.01027	0.01217	0.01290	0.00729	0.00818	0.01249	0.01740	0.02295	0.05280	0.62962	0.10704	0.02758	0.01135	0.00358	0.00513	0.02488	0.00831	0.00729
7	0.01988	0.01929	0.03237	0.25518	0.30815	0.02189	0.05167	0.02496	0.01844	0.02575	0.01572	0.02238	0.01297	0.00958	0.01242	0.00300	0.12221	0.00806	0.00419	0.01190
8	0.02723	0.25764	0.07222	0.07690	0.07755	0.02391	0.09416	0.03178	0.02093	0.20384	0.02074	0.02204	0.01513	0.00883	0.00801	0.00251	0.01022	0.00740	0.00610	0.01284
9	0.01720	0.01210	0.01735	0.18541	0.02798	0.01359	0.01473	0.02106	0.01859	0.07153	0.03184	0.17075	0.03130	0.01662	0.01137	0.00321	0.06719	0.11156	0.14746	0.00918
10	0.74878	0.01730	0.01315	0.01177	0.01730	0.02007	0.00969	0.02630	0.01523	0.04014	0.01246	0.01453	0.00969	0.00830	0.00554	0.00277	0.00692	0.00484	0.00554	0.00969
11	0.01271	0.00880	0.00979	0.00969	0.01082	0.00837	0.00620	0.01411	0.01677	0.02263	0.12257	0.06384	0.17155	0.39425	0.02991	0.00610	0.00679	0.01438	0.06419	0.00653
12	0.02222	0.01903	0.03127	0.22910	0.37543	0.02017	0.02469	0.02862	0.05164	0.08233	0.01926	0.02399	0.01492	0.00876	0.00891	0.00278	0.01055	0.00817	0.00514	0.01302
13	0.51948	0.01636	0.01512	0.01281	0.01860	0.01765	0.01053	0.03098	0.01830	0.20859	0.01958	0.01978	0.01373	0.00917	0.00654	0.00274	0.00701	0.00616	0.03565	0.01120
14	0.01240	0.00903	0.01167	0.01124	0.01326	0.00830	0.00834	0.01630	0.02437	0.03416	0.54812	0.11960	0.11099	0.01934	0.01063	0.00289	0.00432	0.01710	0.00964	0.00830
15	0.01137	0.00919	0.01017	0.01020	0.01294	0.00799	0.00784	0.01422	0.02147	0.02692	0.20155	0.08329	0.45811	0.02190	0.01073	0.00308	0.00480	0.06781	0.00863	0.00781
16	0.01280	0.00871	0.00970	0.00970	0.00995	0.00858	0.00554	0.01300	0.01363	0.01792	0.03346	0.06087	0.08265	0.62961	0.04258	0.00820	0.00832	0.01351	0.00566	0.00560
17	0.02392	0.69097	0.04688	0.01531	0.02296	0.03540	0.01531	0.02679	0.01818	0.02105	0.01244	0.01435	0.01148	0.00765	0.00574	0.00191	0.00957	0.00478	0.00383	0.01148
18	0.02214	0.02126	0.03631	0.05491	0.62978	0.02126	0.02746	0.02746	0.02037	0.02923	0.01683	0.02214	0.01417	0.00797	0.00886	0.00266	0.01063	0.00797	0.00443	0.01417
19	0.02392	0.69097	0.04688	0.01531	0.02296	0.03540	0.01531	0.02679	0.01818	0.02105	0.01244	0.01435	0.01148	0.00765	0.00574	0.00191	0.00957	0.00478	0.00383	0.01148
20	0.03342	0.04264	0.02535	0.02305	0.02766	0.64967	0.01729	0.03572	0.02535	0.02190	0.01383	0.01613	0.01152	0.00922	0.00807	0.00230	0.01613	0.00576	0.00461	0.01037
21	0.02225	0.01922	0.02023	0.01821	0.02326	0.02225	0.01416	0.04754	0.61361	0.03742	0.03641	0.03338	0.02731	0.01214	0.00910	0.00303	0.00708	0.01011	0.00910	0.01416
22	0.01088	0.00788	0.01028	0.01220	0.01291	0.00729	0.00819	0.01249	0.01737	0.02294	0.05241	0.63514	0.10177	0.02763	0.01136	0.00359	0.00514	0.02494	0.00831	0.00729
23	0.02225	0.01922	0.02023	0.01821	0.02326	0.02225	0.01416	0.04754	0.61361	0.03742	0.03641	0.03338	0.02731	0.01214	0.00910	0.00303	0.00708	0.01011	0.00910	0.01416
24	0.02025	0.01323	0.01683	0.04813	0.02042	0.01226	0.01149	0.07490	0.02496	0.12772	0.30452	0.04703	0.04955	0.01403	0.00940	0.00257	0.00630	0.03610	0.00869	0.15160
25	0.01855	0.01590	0.01855	0.01325	0.02120	0.01193	0.01060	0.02253	0.01855	0.02915	0.01590	0.01855	0.01325	0.00663	0.00663	0.00133	0.00663	0.00530	0.00530	0.74028
26	0.01493	0.01275	0.01850	0.01726	0.01835	0.01632	0.01384	0.01773	0.01416	0.02101	0.02009	0.03022	0.01900	0.05081	0.45359	0.01107	0.22826	0.00903	0.00451	0.00856
27	0.02431	0.02673	0.18328	0.03201	0.22506	0.02095	0.02359	0.13881	0.02473	0.09451	0.06479	0.02524	0.01959	0.01013	0.01002	0.00280	0.04536	0.00835	0.00618	0.01357
28	0.01875	0.11905	0.02224	0.14455	0.02635	0.07373	0.01414	0.02147	0.01768	0.05401	0.02577	0.14178	0.02650	0.14692	0.05094	0.00465	0.04092	0.03595	0.00561	0.00899
29	0.02007	0.06730	0.33160	0.02217	0.03163	0.01971	0.07663	0.06087	0.06827	0.06617	0.07286	0.03051	0.07127	0.01089	0.00898	0.00282	0.01076	0.00916	0.00585	0.01248
30	0.01168	0.00915	0.01071	0.01127	0.01364	0.00818	0.00872	0.01451	0.02077	0.02630	0.15925	0.16219	0.35891	0.02307	0.01102	0.00328	0.00528	0.12573	0.00853	0.00779
31	0.02413	0.05845	0.02285	0.07226	0.02454	0.10352	0.01522	0.04944	0.02186	0.13759	0.14957	0.03196	0.02983	0.01307	0.01385	0.00293	0.16979	0.00942	0.03889	0.01082
32	0.01961	0.05217	0.10386	0.01907	0.07140	0.01638	0.01585	0.04448	0.01928	0.02920	0.01579	0.01885	0.01297	0.00770	0.00842	0.00186	0.04693	0.00590	0.00501	0.48526
33	0.01957	0.02289	0.07907	0.13522	0.03319	0.10528	0.09353	0.02363	0.01797	0.02352	0.02027	0.13177	0.01995	0.01406	0.01573	0.00328	0.21539	0.01079	0.00483	0.01005
34	0.01551	0.01052	0.01311	0.01277	0.01531	0.01026	0.00950	0.02105	0.08946	0.08376	0.23165	0.22113	0.13128	0.02419	0.06448	0.00405	0.00682	0.01707	0.00884	0.00925
35	0.02526	0.07894	0.19059	0.02639	0.05575	0.02049	0.19775	0.05777	0.02250	0.17246	0.04795	0.02520	0.01806	0.00926	0.00916	0.00279	0.01154	0.00877	0.00626	0.01312
36	0.11274	0.22800	0.08104	0.05550	0.02881	0.02602	0.06880	0.16453	0.02392	0.03411	0.01598	0.01831	0.01255	0.00850	0.00742	0.00237	0.00992	0.00648	0.00549	0.08951
37	0.15704	0.01840	0.02105	0.01658	0.02322	0.01870	0.01364	0.18757	0.06269	0.34753	0.02787	0.02557	0.01852	0.01058	0.00841	0.00276	0.00805	0.00811	0.00946	0.01423
38	0.01166	0.00854	0.01056	0.01115	0.01253	0.00786	0.00771	0.01396	0.01970	0.02639	0.23166	0.30723	0.16239	0.10844	0.01538	0.00392	0.00522	0.01984	0.00841	0.00744
39	0.02426	0.14457	0.09479	0.21072	0.08451	0.11908	0.02091	0.03073	0.06608	0.09391	0.01882	0.02178	0.01424	0.00912	0.00820	0.00263	0.01133	0.00719	0.00526	0.01189
40	0.02016	0.11362	0.37186	0.07308	0.03482	0.09067	0.02576	0.02905	0.06402	0.02672	0.01886	0.05831	0.01542	0.00994	0.00839	0.00274	0.01208	0.00778	0.00456	0.01217
41	0.02181	0.01187	0.01268	0.01115	0.01456	0.01215	0.00875	0.12383	0.02344	0.09154	0.02839	0.03102	0.02152	0.01054	0.00697	0.00225	0.00547	0.00835	0.54354	0.01016
42	0.01900	0.01923	0.03698	0.16925	0.16864	0.01940	0.25669	0.02493	0.01988	0.02689	0.02248	0.08864	0.02044	0.01112	0.01008	0.00308	0.01204	0.05486	0.00502	0.01133
43	0.02007	0.11657	0.07988	0.36341	0.09360	0.02309	0.05572	0.06566	0.04769	0.02685	0.01695	0.02226	0.01303	0.00884	0.00854	0.00278	0.01140	0.00765	0.00459	0.01143
44	0.01197	0.00876	0.01123	0.01137	0.01313	0.00803	0.00824	0.01525	0.02256	0.03109	0.41217	0.23895	0.13113	0.02143	0.01079	0.00306	0.00452	0.01902	0.00927	0.00803
45	0.01301	0.00867	0.00976	0.00976	0.00976	0.00867	0.00542	0.01301	0.01301	0.01735	0.02819	0.05855	0.03253	0.68559	0.04554	0.00867	0.00867	0.01301	0.00542	0.00542
46	0.62937	0.01947	0.06366	0.06792	0.02273	0.02011	0.01281	0.02617	0.01574	0.03775	0.01303	0.01566	0.01001	0.00837	0.00606	0.00279	0.00784	0.00525	0.00527	0.00999
47	0.07628	0.22083	0.05362	0.07367	0.02438	0.02123	0.01491	0.04883	0.01804	0.02549	0.01900	0.02708	0.01716	0.02719	0.20576	0.00608	0.01390	0.03676	0.00485	0.06496

[dist]
# distance from previous block
# <min> <max>
0	1

[block]
# block no. 2 follows, 19 sequences, length 11
# corresponding to MSA columns:
# 208-218
name=unknown_C
#
# <colnr> <probs for GDERKNQSTAVLIFYWHMCP>
#	G	D	E	R	K	N	Q	S	T	A	V	L	I	F	Y	W	H	M	C	P
0	0.16182	0.01811	0.02467	0.28337	0.13036	0.02103	0.01990	0.10885	0.02115	0.03260	0.01671	0.02174	0.01290	0.00935	0.00913	0.00284	0.04242	0.00738	0.04443	0.01122
1	0.01225	0.00899	0.01148	0.01116	0.01319	0.00822	0.00825	0.01597	0.02390	0.03320	0.50528	0.13705	0.13807	0.01983	0.01065	0.00293	0.00436	0.01749	0.00952	0.00822
2	0.01484	0.00940	0.01172	0.01121	0.01366	0.00854	0.00837	0.01833	0.02287	0.08385	0.35828	0.14632	0.15450	0.01894	0.01014	0.00289	0.00469	0.01651	0.07623	0.00872
3	0.01074	0.00907	0.00929	0.00924	0.01219	0.00762	0.00693	0.01316	0.02078	0.02509	0.13282	0.08458	0.58338	0.02231	0.01057	0.00300	0.00451	0.01867	0.00843	0.00762
4	0.01269	0.00879	0.01016	0.01053	0.01110	0.00858	0.00665	0.01345	0.01488	0.01945	0.03873	0.11912	0.10264	0.49427	0.03565	0.00719	0.00787	0.06593	0.00625	0.00608
5	0.03401	0.02506	0.02685	0.02058	0.02774	0.02774	0.01700	0.59995	0.04206	0.05638	0.02148	0.02148	0.01521	0.01074	0.00895	0.00268	0.00984	0.00805	0.00895	0.01521
6	0.03342	0.04264	0.02535	0.02305	0.02766	0.64967	0.01729	0.03572	0.02535	0.02190	0.01383	0.01613	0.01152	0.00922	0.00807	0.00230	0.01613	0.00576	0.00461	0.01037
7	0.03401	0.02506	0.02685	0.02058	0.02774	0.02774	0.01700	0.59995	0.04206	0.05638	0.02148	0.02148	0.01521	0.01074	0.00895	0.00268	0.00984	0.00805	0.00895	0.01521
8	0.04014	0.01523	0.02076	0.01592	0.02284	0.01315	0.01315	0.04360	0.02561	0.63597	0.03530	0.03045	0.02215	0.01107	0.00900	0.00277	0.00761	0.00900	0.01107	0.01523
9	0.74878	0.01730	0.01315	0.01177	0.01730	0.02007	0.00969	0.02630	0.01523	0.04014	0.01246	0.01453	0.00969	0.00830	0.00554	0.00277	0.00692	0.00484	0.00554	0.00969
10	0.03060	0.02337	0.02493	0.01990	0.02645	0.02615	0.01618	0.43998	0.20757	0.05089	0.02580	0.02493	0.01872	0.01114	0.00899	0.00279	0.00904	0.00865	0.00899	0.01491

[dist]
# distance from previous block
# <min> <max>
3	4

[block]
# block no. 3 follows, 19 sequences, length 36
# corresponding to MSA columns:
# 223-258
name=unknown_D
#
# <colnr> <probs for GDERKNQSTAVLIFYWHMCP>
#	G	D	E	R	K	N	Q	S	T	A	V	L	I	F	Y	W	H	M	C	P
0	0.02216	0.01917	0.04646	0.07667	0.18561	0.01744	0.01785	0.09490	0.04357	0.06521	0.05279	0.02415	0.01853	0.00881	0.00817	0.00224	0.00864	0.00757	0.00605	0.27399
1	0.17595	0.32000	0.03068	0.01535	0.02164	0.09498	0.01354	0.02959	0.01956	0.12967	0.01893	0.06158	0.01610	0.00990	0.00689	0.00239	0.00913	0.00699	0.00579	0.01134
2	0.17059	0.01217	0.01395	0.01314	0.01471	0.01419	0.00962	0.01770	0.01391	0.02360	0.02163	0.03824	0.02241	0.29990	0.18463	0.00820	0.09903	0.00974	0.00509	0.00754
3	0.02157	0.08985	0.01995	0.04751	0.02106	0.04753	0.01229	0.02886	0.13500	0.14030	0.11926	0.16639	0.08216	0.01593	0.00942	0.00291	0.00719	0.01353	0.00828	0.01100
4	0.06295	0.10609	0.30173	0.02474	0.06184	0.02334	0.06048	0.02768	0.01821	0.06897	0.01606	0.01957	0.01237	0.00996	0.01249	0.00295	0.14683	0.00704	0.00450	0.01223
5	0.04014	0.01523	0.02076	0.01592	0.02284	0.01315	0.01315	0.04360	0.02561	0.63597	0.03530	0.03045	0.02215	0.01107	0.00900	0.00277	0.00761	0.00900	0.01107	0.01523
6	0.02326	0.06469	0.10929	0.06844	0.15584	0.05324	0.01942	0.09635	0.05745	0.09753	0.03327	0.03404	0.12560	0.01172	0.00893	0.00274	0.00957	0.00968	0.00652	0.01243
7	0.02577	0.02064	0.07195	0.18196	0.16534	0.01951	0.08157	0.06985	0.05803	0.18102	0.02277	0.02523	0.01622	0.00940	0.00909	0.00284	0.01057	0.00853	0.00652	0.01321
8	0.01163	0.00977	0.01017	0.00995	0.01301	0.00867	0.00750	0.01571	0.06195	0.02646	0.14964	0.08019	0.52117	0.02142	0.01047	0.00300	0.00467	0.01796	0.00854	0.00811
9	0.01794	0.04628	0.63923	0.02550	0.03872	0.02078	0.03305	0.02833	0.01889	0.02833	0.01606	0.01889	0.01133	0.00850	0.00850	0.00283	0.01322	0.00661	0.00378	0.01322
10	0.02339	0.11308	0.28376	0.02218	0.03151	0.05891	0.05201	0.16759	0.05780	0.03418	0.02251	0.02391	0.05011	0.00998	0.00852	0.00269	0.01136	0.00782	0.00569	0.01299
11	0.08034	0.03275	0.32246	0.04561	0.07236	0.02117	0.02449	0.15619	0.02459	0.06936	0.05229	0.02284	0.01698	0.00966	0.00855	0.00278	0.01094	0.00760	0.00587	0.01318
12	0.01118	0.00798	0.01070	0.01277	0.01341	0.00750	0.00878	0.01293	0.01740	0.02315	0.04916	0.63444	0.05857	0.02777	0.01149	0.00367	0.00543	0.06802	0.00830	0.00734
13	0.28782	0.01923	0.02788	0.12631	0.13996	0.02165	0.11374	0.02573	0.01733	0.03114	0.01461	0.01960	0.01176	0.00919	0.01065	0.00297	0.09755	0.00723	0.00471	0.01094
14	0.01214	0.00925	0.01123	0.01111	0.01353	0.00835	0.00858	0.01566	0.02302	0.03067	0.36792	0.07768	0.27119	0.02059	0.01078	0.00304	0.00481	0.08323	0.00911	0.00810
15	0.02708	0.02280	0.02885	0.06687	0.18842	0.13084	0.07625	0.03147	0.02202	0.16082	0.02026	0.02255	0.01509	0.00865	0.00852	0.00244	0.01076	0.00758	0.00606	0.14267
16	0.01266	0.00914	0.01196	0.01126	0.01337	0.00844	0.00844	0.01688	0.02532	0.03588	0.62506	0.06683	0.08441	0.01829	0.01055	0.00281	0.00422	0.01618	0.00985	0.00844
17	0.01082	0.00811	0.01005	0.01159	0.01275	0.00734	0.00792	0.01255	0.01796	0.02318	0.05984	0.52844	0.20368	0.02666	0.01120	0.00348	0.00502	0.02376	0.00831	0.00734
18	0.01687	0.01488	0.02433	0.57518	0.05468	0.01831	0.02233	0.02259	0.01801	0.02428	0.01770	0.02514	0.01342	0.00915	0.00858	0.00286	0.01087	0.00800	0.10312	0.00972
19	0.01957	0.01957	0.02740	0.02349	0.02349	0.02740	0.01957	0.02153	0.01370	0.02153	0.01174	0.01957	0.01174	0.01566	0.02936	0.00391	0.66921	0.00783	0.00391	0.00979
20	0.24595	0.06300	0.05798	0.07092	0.06171	0.18730	0.01692	0.02937	0.01931	0.07075	0.01504	0.01805	0.01190	0.00960	0.00985	0.00275	0.08741	0.00624	0.00511	0.01084
21	0.01952	0.02244	0.10161	0.02781	0.07034	0.01960	0.24923	0.03087	0.16364	0.03211	0.13551	0.03361	0.02988	0.01078	0.00987	0.00294	0.01065	0.01090	0.00653	0.01215
22	0.02214	0.02126	0.03631	0.05491	0.62978	0.02126	0.02746	0.02746	0.02037	0.02923	0.01683	0.02214	0.01417	0.00797	0.00886	0.00266	0.01063	0.00797	0.00443	0.01417
23	0.02214	0.02126	0.03631	0.05491	0.62978	0.02126	0.02746	0.02746	0.02037	0.02923	0.01683	0.02214	0.01417	0.00797	0.00886	0.00266	0.01063	0.00797	0.00443	0.01417
24	0.01855	0.01590	0.01855	0.01325	0.02120	0.01193	0.01060	0.02253	0.01855	0.02915	0.01590	0.01855	0.01325	0.00663	0.00663	0.00133	0.00663	0.00530	0.00530	0.74028
25	0.34463	0.14738	0.07039	0.05247	0.02333	0.09672	0.01419	0.02590	0.01764	0.03051	0.01729	0.09117	0.01612	0.01059	0.00697	0.00267	0.00910	0.00760	0.00519	0.01012
26	0.69968	0.01716	0.01368	0.01205	0.01769	0.01959	0.00993	0.02750	0.01594	0.08142	0.01404	0.01564	0.01055	0.00850	0.00578	0.00277	0.00697	0.00513	0.00592	0.01007
27	0.01076	0.00872	0.00943	0.00996	0.01221	0.00753	0.00712	0.01275	0.01924	0.02353	0.07737	0.23620	0.45567	0.05303	0.01232	0.00342	0.00488	0.02029	0.00818	0.00739
28	0.02397	0.21797	0.13160	0.01689	0.02395	0.02027	0.01654	0.02903	0.04020	0.16827	0.02664	0.10675	0.02349	0.01247	0.00835	0.00265	0.00881	0.05299	0.00668	0.06248
29	0.02022	0.06379	0.25792	0.01959	0.02739	0.01747	0.05422	0.02578	0.01823	0.09794	0.02063	0.02878	0.01753	0.15310	0.01725	0.00390	0.04381	0.00830	0.00524	0.09891
30	0.01585	0.01072	0.01364	0.01329	0.01583	0.01047	0.01018	0.02204	0.09413	0.07954	0.33310	0.17792	0.06410	0.01955	0.01063	0.00314	0.00548	0.08159	0.00938	0.00942
31	0.01752	0.01606	0.02441	0.05884	0.11571	0.01646	0.10828	0.02717	0.17214	0.02942	0.07359	0.15578	0.11559	0.01531	0.01000	0.00307	0.00829	0.01410	0.00718	0.01109
32	0.02882	0.02218	0.07158	0.02829	0.15660	0.02061	0.08681	0.20603	0.02800	0.16853	0.02330	0.02462	0.01663	0.00967	0.00889	0.00270	0.00994	0.00846	0.06442	0.01395
33	0.02086	0.01722	0.06481	0.01939	0.02255	0.01769	0.05405	0.02416	0.01791	0.13758	0.06028	0.10798	0.02609	0.05773	0.08519	0.00482	0.23372	0.01123	0.00634	0.01038
34	0.01311	0.00839	0.01059	0.01122	0.01148	0.00827	0.00717	0.01298	0.01422	0.01892	0.03195	0.20227	0.03672	0.35582	0.03315	0.15245	0.00764	0.05193	0.00599	0.00574
35	0.15029	0.14650	0.08955	0.02448	0.07107	0.02352	0.15838	0.02623	0.01812	0.02855	0.01479	0.01882	0.01209	0.00863	0.01013	0.00263	0.08546	0.00700	0.00453	0.09924

[dist]
# distance from previous block
# <min> <max>
1	9

[block]
# block no. 4 follows, 19 sequences, length 36
# corresponding to MSA columns:
# 268-303
name=unknown_E
#
# <colnr> <probs for GDERKNQSTAVLIFYWHMCP>
#	G	D	E	R	K	N	Q	S	T	A	V	L	I	F	Y	W	H	M	C	P
0	0.02446	0.23553	0.08377	0.12024	0.08398	0.02582	0.06122	0.09971	0.07462	0.07992	0.01915	0.02140	0.01465	0.00899	0.00802	0.00256	0.01036	0.00732	0.00564	0.01266
1	0.01980	0.01783	0.07101	0.01491	0.02215	0.01323	0.01293	0.05371	0.01985	0.07144	0.02045	0.06433	0.01762	0.01404	0.06412	0.00293	0.00886	0.00751	0.00592	0.47738
2	0.02386	0.12801	0.18597	0.06785	0.03333	0.02373	0.10222	0.07013	0.02077	0.11543	0.01821	0.02125	0.01362	0.01004	0.01211	0.00290	0.12516	0.00764	0.00535	0.01241
3	0.02019	0.09218	0.33261	0.02261	0.03218	0.02270	0.05443	0.03515	0.23364	0.03099	0.02319	0.02400	0.01723	0.00969	0.00858	0.00283	0.01078	0.00792	0.00574	0.01335
4	0.01130	0.00809	0.01074	0.01218	0.01306	0.00753	0.00834	0.01346	0.01899	0.02579	0.17981	0.54082	0.06489	0.02582	0.01122	0.00345	0.00497	0.02334	0.00865	0.00753
5	0.01371	0.00921	0.01131	0.01149	0.01370	0.00872	0.00908	0.01764	0.02212	0.03173	0.28889	0.06938	0.13271	0.01851	0.00998	0.00297	0.00516	0.14017	0.17527	0.00826
6	0.01343	0.00980	0.01286	0.01398	0.01606	0.00944	0.01160	0.01702	0.02092	0.02741	0.15690	0.08976	0.14279	0.06653	0.01394	0.00402	0.00698	0.35024	0.00835	0.00799
7	0.01168	0.00911	0.01060	0.01023	0.01276	0.00802	0.00767	0.01498	0.02301	0.03038	0.37409	0.07588	0.33882	0.02034	0.01056	0.00291	0.00437	0.01745	0.00912	0.00802
8	0.74878	0.01730	0.01315	0.01177	0.01730	0.02007	0.00969	0.02630	0.01523	0.04014	0.01246	0.01453	0.00969	0.00830	0.00554	0.00277	0.00692	0.00484	0.00554	0.00969
9	0.02392	0.69097	0.04688	0.01531	0.02296	0.03540	0.01531	0.02679	0.01818	0.02105	0.01244	0.01435	0.01148	0.00765	0.00574	0.00191	0.00957	0.00478	0.00383	0.01148
10	0.01690	0.01590	0.02683	0.66408	0.06162	0.01988	0.02485	0.02286	0.01789	0.02286	0.01590	0.02385	0.01193	0.00894	0.00894	0.00298	0.01193	0.00795	0.00398	0.00994
11	0.01235	0.00917	0.01346	0.01394	0.01529	0.01029	0.01052	0.01517	0.01501	0.02124	0.02976	0.18264	0.03079	0.05816	0.50399	0.01192	0.01967	0.01321	0.00560	0.00782
12	0.02348	0.01719	0.01935	0.01688	0.02102	0.01842	0.01304	0.33236	0.03071	0.04110	0.03416	0.32130	0.03524	0.01861	0.01007	0.00312	0.00772	0.01597	0.00866	0.01159
13	0.02225	0.01922	0.02023	0.01821	0.02326	0.02225	0.01416	0.04754	0.61361	0.03742	0.03641	0.03338	0.02731	0.01214	0.00910	0.00303	0.00708	0.01011	0.00910	0.01416
14	0.02392	0.69097	0.04688	0.01531	0.02296	0.03540	0.01531	0.02679	0.01818	0.02105	0.01244	0.01435	0.01148	0.00765	0.00574	0.00191	0.00957	0.00478	0.00383	0.01148
15	0.01203	0.00912	0.01108	0.01059	0.01298	0.00817	0.00795	0.01566	0.02384	0.03234	0.46376	0.07264	0.24792	0.01961	0.01056	0.00288	0.00431	0.01700	0.00938	0.00817
16	0.01188	0.00861	0.01186	0.01308	0.01420	0.00859	0.00952	0.01441	0.01796	0.02455	0.12437	0.39640	0.05370	0.03522	0.15615	0.00600	0.00958	0.06851	0.00772	0.00768
17	0.18001	0.01055	0.01069	0.01038	0.01163	0.01118	0.00660	0.01590	0.01339	0.02235	0.02351	0.04581	0.02585	0.47436	0.03554	0.07179	0.00820	0.01070	0.00531	0.00625
18	0.74878	0.01730	0.01315	0.01177	0.01730	0.02007	0.00969	0.02630	0.01523	0.04014	0.01246	0.01453	0.00969	0.00830	0.00554	0.00277	0.00692	0.00484	0.00554	0.00969
19	0.03342	0.04264	0.02535	0.02305	0.02766	0.64967	0.01729	0.03572	0.02535	0.02190	0.01383	0.01613	0.01152	0.00922	0.00807	0.00230	0.01613	0.00576	0.00461	0.01037
20	0.01599	0.01154	0.01385	0.01379	0.01577	0.01171	0.00985	0.13386	0.02260	0.03037	0.09066	0.43731	0.04992	0.08162	0.01384	0.00381	0.00637	0.01997	0.00831	0.00884
21	0.02550	0.02650	0.02212	0.02003	0.02302	0.29477	0.01553	0.02796	0.02025	0.07581	0.01986	0.06984	0.01809	0.02346	0.13931	0.00515	0.14883	0.00864	0.00534	0.00999
22	0.74878	0.01730	0.01315	0.01177	0.01730	0.02007	0.00969	0.02630	0.01523	0.04014	0.01246	0.01453	0.00969	0.00830	0.00554	0.00277	0.00692	0.00484	0.00554	0.00969
23	0.01310	0.00942	0.01286	0.01484	0.01644	0.00919	0.01209	0.01630	0.01945	0.02537	0.04985	0.29034	0.07844	0.02572	0.01197	0.00391	0.00708	0.36749	0.00826	0.00789
24	0.01103	0.00784	0.01034	0.01229	0.01277	0.00735	0.00812	0.01249	0.01687	0.02249	0.04799	0.64090	0.05751	0.06915	0.01355	0.00395	0.00541	0.02466	0.00812	0.00715
25	0.02225	0.01922	0.02023	0.01821	0.02326	0.02225	0.01416	0.04754	0.61361	0.03742	0.03641	0.03338	0.02731	0.01214	0.00910	0.00303	0.00708	0.01011	0.00910	0.01416
26	0.01161	0.00910	0.01051	0.01016	0.01272	0.00800	0.00762	0.01486	0.02285	0.03001	0.35706	0.07649	0.35608	0.02048	0.01056	0.00292	0.00438	0.01753	0.00908	0.00800
27	0.01916	0.01553	0.02367	0.36942	0.04219	0.01933	0.01992	0.02374	0.01762	0.06852	0.01840	0.02482	0.01432	0.01086	0.01320	0.00304	0.16081	0.00806	0.11734	0.01004
28	0.02039	0.01648	0.01788	0.01604	0.02034	0.01842	0.01245	0.07313	0.39983	0.03795	0.16836	0.04021	0.03917	0.01332	0.00921	0.00289	0.00639	0.01123	0.06383	0.01249
29	0.06974	0.17138	0.28144	0.07758	0.03516	0.02300	0.11183	0.02626	0.01861	0.02679	0.01784	0.06852	0.01524	0.00967	0.00829	0.00274	0.01159	0.00824	0.00438	0.01171
30	0.01730	0.01780	0.03240	0.02396	0.03090	0.01581	0.29792	0.02249	0.02039	0.02734	0.04051	0.04256	0.20637	0.01212	0.00980	0.00269	0.01013	0.01216	0.00587	0.15148
31	0.01175	0.00827	0.01001	0.01104	0.01156	0.00788	0.00697	0.01272	0.01569	0.02066	0.04400	0.36979	0.09624	0.30224	0.02560	0.00569	0.00659	0.01969	0.00710	0.00652
32	0.02454	0.07459	0.02239	0.01737	0.02280	0.02240	0.01395	0.11150	0.41246	0.07552	0.03197	0.03015	0.02386	0.01140	0.00858	0.00281	0.00744	0.00922	0.06334	0.01370
33	0.01857	0.02226	0.16000	0.02106	0.09661	0.01525	0.01753	0.06616	0.02105	0.03114	0.07308	0.09582	0.02467	0.01104	0.00833	0.00235	0.00835	0.00940	0.04435	0.25297
34	0.07577	0.03087	0.31830	0.02447	0.10074	0.01876	0.02372	0.07500	0.02230	0.08500	0.11380	0.02770	0.02429	0.01037	0.00872	0.00279	0.01026	0.00847	0.00600	0.01265
35	0.31027	0.05407	0.02209	0.01774	0.02309	0.16603	0.01437	0.17470	0.02438	0.03774	0.01501	0.01710	0.01177	0.00974	0.00904	0.00270	0.06672	0.00613	0.00599	0.01134

[dist]
# distance from previous block
# <min> <max>
0	4

[block]
# block no. 5 follows, 19 sequences, length 12
# corresponding to MSA columns:
# 308-319
name=unknown_F
#
# <colnr> <probs for GDERKNQSTAVLIFYWHMCP>
#	G	D	E	R	K	N	Q	S	T	A	V	L	I	F	Y	W	H	M	C	P
0	0.02117	0.39435	0.31942	0.02000	0.03021	0.02867	0.02347	0.02750	0.01851	0.02440	0.01410	0.01644	0.01141	0.00804	0.00701	0.00234	0.01125	0.00562	0.00380	0.01228
1	0.03367	0.03507	0.02600	0.02199	0.02769	0.38184	0.01716	0.27870	0.03255	0.03675	0.01712	0.01844	0.01311	0.00987	0.00845	0.00247	0.01343	0.00675	0.00648	0.01246
2	0.01761	0.01363	0.02032	0.08634	0.16697	0.01406	0.01546	0.06450	0.02040	0.02794	0.13075	0.09676	0.03434	0.04426	0.01639	0.15269	0.00823	0.05374	0.00627	0.00933
3	0.25257	0.01320	0.01352	0.01255	0.01633	0.01372	0.00961	0.02273	0.07951	0.03422	0.19506	0.16152	0.04255	0.01520	0.00857	0.00284	0.00581	0.01264	0.00763	0.08021
4	0.03705	0.02784	0.02287	0.01920	0.02506	0.30601	0.01505	0.03998	0.02549	0.35344	0.02542	0.02386	0.01726	0.01022	0.00857	0.00256	0.01153	0.00751	0.00810	0.01299
5	0.02020	0.01307	0.01874	0.16046	0.08842	0.01294	0.01463	0.02376	0.02055	0.16917	0.04690	0.14797	0.19430	0.01626	0.00980	0.00301	0.00762	0.01407	0.00761	0.01052
6	0.01469	0.01234	0.01905	0.01683	0.01959	0.01208	0.11233	0.01990	0.08747	0.02579	0.09613	0.27381	0.07870	0.11704	0.01687	0.03673	0.00764	0.01714	0.00727	0.00863
7	0.07351	0.00961	0.01193	0.01279	0.01446	0.00949	0.00964	0.01626	0.01952	0.02805	0.19259	0.26716	0.05717	0.08689	0.01424	0.00396	0.00615	0.15057	0.00818	0.00782
8	0.01765	0.01809	0.03553	0.24723	0.04518	0.01865	0.28496	0.02347	0.01922	0.02552	0.02351	0.15348	0.02201	0.01207	0.01018	0.00313	0.01205	0.01260	0.00508	0.01039
9	0.01862	0.01392	0.02013	0.19983	0.08359	0.01457	0.01564	0.02347	0.04398	0.09332	0.05363	0.03723	0.08267	0.08368	0.09966	0.00486	0.01085	0.01004	0.00609	0.08423
10	0.01127	0.00868	0.01037	0.01135	0.01320	0.00779	0.00831	0.01360	0.01952	0.02487	0.11399	0.32323	0.29638	0.02465	0.01109	0.00336	0.00515	0.07718	0.00843	0.00758
11	0.01901	0.04234	0.51674	0.02388	0.03516	0.08334	0.02909	0.02798	0.02016	0.02840	0.07433	0.02321	0.01837	0.00951	0.00865	0.00278	0.01265	0.00744	0.00445	0.01247

[dist]
# distance from previous block
# <min> <max>
0	79

# created by:
# /home/cegg/simao/soft/augustus-3.2.1/scripts/msa2prfl.pl ./align_prep/19366.fa
