[name]
unknown

[dist]
# distance from previous block
# <min> <max>
0	172

[block]
# block no. 0 follows, 20 sequences, length 12
# corresponding to MSA columns:
# 184-195
name=unknown_A
#
# <colnr> <probs for GDERKNQSTAVLIFYWHMCP>
#	G	D	E	R	K	N	Q	S	T	A	V	L	I	F	Y	W	H	M	C	P
0	0.01558	0.01325	0.01617	0.01829	0.09366	0.01347	0.01261	0.02463	0.18391	0.02821	0.05634	0.06526	0.27167	0.01795	0.01007	0.00313	0.00658	0.13135	0.00783	0.01005
1	0.01935	0.01415	0.01921	0.02224	0.15214	0.01428	0.01362	0.08587	0.07184	0.08303	0.13231	0.17328	0.03863	0.10333	0.01411	0.00362	0.00734	0.01356	0.00753	0.01057
2	0.02806	0.01862	0.02840	0.10698	0.13398	0.01957	0.07997	0.10652	0.02329	0.24236	0.02257	0.02438	0.01599	0.01021	0.01147	0.00287	0.09637	0.00837	0.00701	0.01302
3	0.02410	0.02446	0.15063	0.08015	0.12852	0.02153	0.02163	0.11931	0.07942	0.11546	0.02030	0.02271	0.01511	0.01045	0.01206	0.00292	0.12449	0.00783	0.00606	0.01285
4	0.01340	0.01042	0.01475	0.17934	0.02483	0.01123	0.01252	0.01612	0.01659	0.02157	0.03559	0.18152	0.06787	0.21575	0.02036	0.00488	0.00829	0.13135	0.00619	0.00743
5	0.57039	0.01812	0.01627	0.01400	0.01894	0.02142	0.01156	0.10084	0.01805	0.03895	0.01320	0.01566	0.01039	0.00929	0.00870	0.00283	0.09011	0.00549	0.00563	0.01016
6	0.01361	0.01106	0.01679	0.10024	0.02204	0.01350	0.01340	0.01696	0.01440	0.02058	0.02122	0.03141	0.01951	0.05333	0.51508	0.01161	0.08359	0.00898	0.00449	0.00820
7	0.02833	0.02203	0.02346	0.01909	0.02521	0.02479	0.01541	0.37241	0.28642	0.04718	0.02708	0.02583	0.01980	0.01105	0.00879	0.00276	0.00846	0.00870	0.00879	0.01440
8	0.02650	0.21681	0.10951	0.01862	0.02518	0.21909	0.01695	0.03230	0.07849	0.10169	0.05927	0.02220	0.01865	0.00955	0.00766	0.00236	0.01095	0.00693	0.00571	0.01158
9	0.02218	0.35111	0.28683	0.01958	0.02918	0.02783	0.02212	0.09896	0.02089	0.02766	0.01464	0.01664	0.01159	0.00817	0.00707	0.00232	0.01080	0.00578	0.00433	0.01233
10	0.09178	0.22953	0.02903	0.01721	0.02316	0.06668	0.05505	0.07544	0.19180	0.03030	0.02763	0.02767	0.07907	0.01057	0.00770	0.00252	0.00872	0.00824	0.00627	0.01163
11	0.03258	0.04157	0.02472	0.02247	0.02697	0.65843	0.01685	0.03483	0.02472	0.02135	0.01348	0.01573	0.01124	0.00899	0.00787	0.00225	0.01573	0.00562	0.00449	0.01011

[dist]
# distance from previous block
# <min> <max>
7	61

[block]
# block no. 1 follows, 20 sequences, length 28
# corresponding to MSA columns:
# 258-285
name=unknown_B
#
# <colnr> <probs for GDERKNQSTAVLIFYWHMCP>
#	G	D	E	R	K	N	Q	S	T	A	V	L	I	F	Y	W	H	M	C	P
0	0.08579	0.10620	0.12298	0.06136	0.03155	0.02371	0.11843	0.17016	0.10778	0.03535	0.01929	0.02125	0.01448	0.00900	0.00821	0.00263	0.01032	0.00759	0.00596	0.03797
1	0.01908	0.10718	0.02646	0.14540	0.03025	0.07888	0.09713	0.02273	0.01882	0.05981	0.02727	0.22245	0.02785	0.01500	0.01002	0.00297	0.03331	0.03988	0.00585	0.00967
2	0.02154	0.06199	0.11169	0.13192	0.23786	0.01827	0.02142	0.02690	0.02030	0.11325	0.08680	0.02670	0.02155	0.00943	0.00849	0.00257	0.00951	0.00827	0.00566	0.05587
3	0.02235	0.25858	0.03378	0.02793	0.22517	0.02434	0.01799	0.10557	0.02157	0.02867	0.01897	0.09237	0.01783	0.01011	0.00771	0.00236	0.00904	0.00840	0.00520	0.06206
4	0.02047	0.01911	0.03324	0.03765	0.29929	0.01896	0.15962	0.07407	0.02203	0.03034	0.04488	0.03913	0.02357	0.01157	0.00979	0.00297	0.01063	0.12497	0.00565	0.01205
5	0.02030	0.02017	0.03609	0.23058	0.12081	0.02214	0.22314	0.07415	0.02025	0.02759	0.01625	0.02236	0.01270	0.00919	0.01201	0.00298	0.10481	0.00862	0.00452	0.01134
6	0.07950	0.14245	0.18222	0.01853	0.05238	0.01908	0.01727	0.02532	0.10184	0.02750	0.04915	0.19477	0.02801	0.01389	0.00848	0.00282	0.00843	0.01163	0.00595	0.01079
7	0.01893	0.12807	0.30820	0.12493	0.10704	0.02299	0.04652	0.02579	0.01786	0.02519	0.01482	0.01913	0.01160	0.00890	0.01030	0.00276	0.08448	0.00680	0.00383	0.01187
8	0.02135	0.02247	0.02107	0.19512	0.03210	0.20747	0.01641	0.02971	0.16263	0.02536	0.02601	0.15346	0.02408	0.01318	0.00898	0.00285	0.01044	0.01096	0.00607	0.01028
9	0.01463	0.01136	0.01407	0.10311	0.02017	0.01160	0.01045	0.08104	0.02166	0.02852	0.19475	0.10031	0.20045	0.13130	0.01570	0.00382	0.00664	0.01457	0.00749	0.00836
10	0.02206	0.18615	0.22732	0.11045	0.08384	0.06080	0.02199	0.02766	0.01900	0.09167	0.01749	0.02166	0.01378	0.04905	0.00991	0.00286	0.01099	0.00689	0.00469	0.01173
11	0.01773	0.07186	0.62360	0.02446	0.03712	0.02084	0.03152	0.02756	0.01839	0.02733	0.01551	0.01824	0.01106	0.00825	0.00818	0.00273	0.01275	0.00637	0.00369	0.01282
12	0.01098	0.00866	0.00919	0.00919	0.01172	0.00739	0.00676	0.01236	0.01870	0.02240	0.07820	0.07597	0.54935	0.02323	0.01361	0.10616	0.00486	0.01691	0.00750	0.00687
13	0.01587	0.02256	0.20064	0.23307	0.03884	0.01656	0.07166	0.02212	0.01830	0.02489	0.02542	0.13106	0.02453	0.01367	0.00962	0.00314	0.01071	0.10208	0.00515	0.01013
14	0.02079	0.02024	0.03548	0.13807	0.50862	0.02065	0.07535	0.02625	0.01959	0.02759	0.01639	0.02198	0.01346	0.00787	0.00879	0.00266	0.01090	0.00798	0.00426	0.01307
15	0.02352	0.01376	0.01689	0.01422	0.01854	0.01358	0.01125	0.10923	0.09333	0.20291	0.32064	0.04581	0.05035	0.01424	0.00950	0.00274	0.00608	0.01213	0.00972	0.01155
16	0.01715	0.01639	0.02784	0.51048	0.05300	0.01860	0.08688	0.02287	0.01788	0.02377	0.01574	0.02257	0.01199	0.00826	0.00858	0.00269	0.01125	0.00767	0.00411	0.11227
17	0.02342	0.02323	0.12180	0.11849	0.15632	0.01939	0.22225	0.02976	0.02058	0.14762	0.02012	0.02361	0.01446	0.00842	0.00919	0.00280	0.01179	0.00864	0.00547	0.01264
18	0.01704	0.01608	0.02719	0.60393	0.12420	0.01953	0.02451	0.02278	0.01771	0.02297	0.01560	0.02307	0.01187	0.00862	0.00871	0.00287	0.01149	0.00775	0.00392	0.01015
19	0.01647	0.01550	0.02616	0.67248	0.06008	0.01938	0.02422	0.02229	0.01744	0.02229	0.01550	0.02326	0.01163	0.00872	0.00872	0.00291	0.01163	0.00775	0.00388	0.00969
20	0.01933	0.19216	0.23033	0.11612	0.14210	0.02301	0.02331	0.02658	0.05432	0.02559	0.02040	0.02331	0.04967	0.00908	0.00791	0.00256	0.01054	0.00734	0.00441	0.01192
21	0.02026	0.20149	0.41950	0.02297	0.03389	0.02352	0.07551	0.02802	0.01876	0.05661	0.01589	0.01833	0.01179	0.00813	0.00782	0.00256	0.01190	0.00645	0.00411	0.01248
22	0.01862	0.11362	0.09750	0.47816	0.05057	0.02127	0.02328	0.02437	0.01795	0.05229	0.01595	0.02174	0.01198	0.00860	0.00824	0.00274	0.01125	0.00723	0.00416	0.01050
23	0.01863	0.17225	0.53105	0.02293	0.03476	0.02303	0.02886	0.02733	0.01828	0.02624	0.01497	0.01756	0.01108	0.00813	0.00776	0.00259	0.01220	0.00610	0.00369	0.01256
24	0.12946	0.01907	0.08713	0.01576	0.02165	0.05767	0.01386	0.03233	0.04267	0.30363	0.08006	0.10653	0.02761	0.01261	0.00860	0.00279	0.00792	0.01027	0.00834	0.01204
25	0.01781	0.03214	0.34923	0.18782	0.04270	0.02097	0.10195	0.02561	0.01790	0.02561	0.01541	0.02035	0.01152	0.00904	0.01087	0.00294	0.08532	0.00739	0.00384	0.01158
26	0.01608	0.01455	0.02383	0.53229	0.07335	0.01759	0.02149	0.02108	0.01713	0.02211	0.01877	0.03164	0.01636	0.09014	0.01311	0.00361	0.01099	0.04234	0.00431	0.00923
27	0.01875	0.07930	0.36654	0.02515	0.03504	0.02057	0.15579	0.06047	0.02001	0.02824	0.01976	0.09354	0.01694	0.01026	0.00889	0.00282	0.01199	0.00930	0.00464	0.01200

[dist]
# distance from previous block
# <min> <max>
0	4

[block]
# block no. 2 follows, 20 sequences, length 61
# corresponding to MSA columns:
# 290-350
name=unknown_C
#
# <colnr> <probs for GDERKNQSTAVLIFYWHMCP>
#	G	D	E	R	K	N	Q	S	T	A	V	L	I	F	Y	W	H	M	C	P
0	0.01297	0.01073	0.01574	0.09209	0.11698	0.01066	0.01265	0.01565	0.01773	0.02344	0.04508	0.42325	0.12669	0.02142	0.01035	0.00324	0.00654	0.01930	0.00703	0.00848
1	0.01791	0.01676	0.02816	0.34507	0.29195	0.01856	0.02346	0.02299	0.01835	0.02483	0.01952	0.09690	0.01768	0.01041	0.00896	0.00285	0.01038	0.00967	0.00453	0.01109
2	0.02943	0.03225	0.23211	0.02093	0.02931	0.15014	0.02085	0.14389	0.02578	0.19889	0.02130	0.02140	0.01467	0.00953	0.00842	0.00261	0.01136	0.00717	0.00674	0.01322
3	0.01750	0.04512	0.64825	0.02486	0.03775	0.02026	0.03223	0.02762	0.01842	0.02762	0.01565	0.01842	0.01105	0.00829	0.00829	0.00276	0.01289	0.00645	0.00368	0.01289
4	0.01798	0.04170	0.55379	0.02675	0.03899	0.02054	0.12326	0.02767	0.01876	0.02767	0.01597	0.01923	0.01140	0.00814	0.00860	0.00279	0.01318	0.00705	0.00380	0.01271
5	0.02301	0.02289	0.12343	0.02127	0.02774	0.01984	0.08412	0.26200	0.02830	0.03820	0.02793	0.06603	0.02570	0.01427	0.00987	0.00311	0.01008	0.17302	0.00722	0.01196
6	0.01691	0.02047	0.12513	0.53638	0.08797	0.01959	0.02563	0.02337	0.01773	0.02347	0.01558	0.02240	0.01166	0.00860	0.00865	0.00287	0.01176	0.00755	0.00387	0.01042
7	0.01345	0.01079	0.01625	0.12206	0.09127	0.01113	0.01390	0.01654	0.01783	0.02371	0.03901	0.39337	0.04404	0.02157	0.01065	0.00343	0.00727	0.12831	0.00699	0.00843
8	0.01880	0.01788	0.03036	0.39116	0.32323	0.01999	0.02538	0.02432	0.01854	0.02511	0.01591	0.02250	0.01262	0.00829	0.00868	0.00276	0.01105	0.00776	0.00408	0.01157
9	0.02017	0.34500	0.37178	0.02030	0.03070	0.02680	0.02429	0.02693	0.01810	0.02437	0.01404	0.01639	0.01112	0.00791	0.00705	0.00235	0.01126	0.00563	0.00371	0.01211
10	0.02537	0.02206	0.19000	0.01885	0.02603	0.01426	0.06241	0.03054	0.02124	0.28825	0.05203	0.15551	0.02729	0.01332	0.00927	0.00290	0.00888	0.01163	0.00782	0.01234
11	0.02336	0.03863	0.37518	0.02440	0.03443	0.12281	0.07050	0.14934	0.02426	0.03232	0.01656	0.01890	0.01203	0.00878	0.00846	0.00266	0.01280	0.00690	0.00491	0.01277
12	0.02093	0.03461	0.28935	0.02916	0.03855	0.11089	0.25839	0.02840	0.01989	0.02651	0.01591	0.02011	0.01197	0.00839	0.01013	0.00282	0.05008	0.00793	0.00409	0.01187
13	0.01967	0.01083	0.01570	0.01442	0.01738	0.01142	0.01142	0.02285	0.01698	0.18903	0.02635	0.03303	0.02175	0.05066	0.48327	0.01096	0.01906	0.00919	0.00633	0.00969
14	0.07589	0.22887	0.25249	0.12261	0.03346	0.02445	0.02204	0.02828	0.08544	0.02655	0.01654	0.01913	0.01280	0.00849	0.00740	0.00254	0.01050	0.00638	0.00444	0.01172
15	0.02221	0.41471	0.12767	0.01604	0.02314	0.02561	0.01621	0.02597	0.01848	0.09172	0.02084	0.12306	0.01970	0.01110	0.00723	0.00236	0.00897	0.00858	0.00521	0.01121
16	0.02096	0.01061	0.01443	0.01300	0.01484	0.01058	0.00941	0.08324	0.01683	0.11931	0.01885	0.02639	0.01614	0.02500	0.02725	0.54536	0.00778	0.00780	0.00545	0.00677
17	0.02308	0.02006	0.04077	0.02988	0.03737	0.01859	0.42462	0.02901	0.02101	0.14741	0.02431	0.09902	0.01983	0.01026	0.01009	0.00296	0.01221	0.01162	0.00607	0.01184
18	0.02087	0.02138	0.04298	0.13651	0.17482	0.02102	0.37100	0.02737	0.02012	0.05037	0.01768	0.02330	0.01343	0.00778	0.00964	0.00285	0.01303	0.00931	0.00455	0.01201
19	0.02078	0.01990	0.03394	0.15151	0.54740	0.02051	0.02637	0.02606	0.01948	0.02751	0.01626	0.02185	0.01347	0.00792	0.00865	0.00264	0.01056	0.00777	0.00425	0.01316
20	0.02092	0.04033	0.54885	0.02338	0.03530	0.01908	0.02916	0.02998	0.01945	0.12535	0.01862	0.02020	0.01272	0.00868	0.00836	0.00275	0.01203	0.00681	0.00481	0.01320
21	0.01974	0.03939	0.48421	0.02621	0.03780	0.02130	0.12151	0.09281	0.02129	0.03073	0.01656	0.01951	0.01182	0.00838	0.00865	0.00277	0.01281	0.00721	0.00436	0.01293
22	0.02033	0.08295	0.38213	0.02689	0.03770	0.02243	0.18439	0.08672	0.02125	0.02999	0.01648	0.01974	0.01203	0.00820	0.00868	0.00273	0.01280	0.00750	0.00439	0.01267
23	0.01236	0.00832	0.00961	0.00993	0.01001	0.00824	0.00573	0.01260	0.01332	0.01776	0.03074	0.15691	0.03582	0.58801	0.03913	0.00768	0.00792	0.01460	0.00573	0.00557
24	0.01903	0.01939	0.03057	0.09775	0.03065	0.02516	0.11277	0.02224	0.01496	0.02224	0.01288	0.02025	0.01175	0.01328	0.02350	0.00358	0.49810	0.00807	0.00392	0.00991
25	0.01063	0.00759	0.01012	0.01215	0.01265	0.00709	0.00810	0.01215	0.01670	0.02227	0.04808	0.68775	0.05769	0.02733	0.01113	0.00354	0.00506	0.02480	0.00810	0.00709
26	0.02361	0.02169	0.03350	0.03075	0.14743	0.02295	0.18811	0.15286	0.18716	0.03564	0.02264	0.02486	0.01722	0.00964	0.01009	0.00285	0.04022	0.00907	0.00647	0.01324
27	0.02059	0.02353	0.05147	0.03676	0.04559	0.02206	0.60735	0.02794	0.02059	0.02794	0.01765	0.02353	0.01324	0.00735	0.01029	0.00294	0.01471	0.01029	0.00441	0.01176
28	0.02887	0.01717	0.02800	0.02587	0.12398	0.01611	0.13094	0.03469	0.05963	0.32064	0.02968	0.03507	0.02225	0.01120	0.00942	0.00289	0.00934	0.07290	0.00810	0.01326
29	0.01762	0.01577	0.02556	0.25980	0.17974	0.01713	0.05581	0.06586	0.01980	0.02659	0.02506	0.20220	0.02493	0.01357	0.00945	0.00298	0.00959	0.01253	0.00552	0.01048
30	0.01403	0.01286	0.02169	0.01739	0.02152	0.01174	0.17018	0.01851	0.02228	0.02999	0.31975	0.05895	0.21302	0.01614	0.01030	0.00285	0.00707	0.01500	0.00779	0.00895
31	0.21599	0.01587	0.02256	0.49392	0.04841	0.01943	0.02023	0.02319	0.01674	0.02684	0.01460	0.02080	0.01104	0.00855	0.00782	0.00285	0.01031	0.00693	0.00429	0.00962
32	0.02800	0.02054	0.02290	0.01899	0.02463	0.02246	0.01590	0.45007	0.03536	0.04718	0.02776	0.04186	0.02439	0.01415	0.00962	0.00300	0.00918	0.16249	0.00854	0.01300
33	0.02276	0.01826	0.03068	0.20191	0.08422	0.02069	0.13173	0.02729	0.01859	0.14470	0.01857	0.02331	0.01399	0.01055	0.01437	0.00309	0.19017	0.00840	0.00534	0.01136
34	0.01044	0.00833	0.00936	0.01019	0.01214	0.00725	0.00723	0.01237	0.01858	0.02303	0.07184	0.33157	0.39853	0.02424	0.01065	0.00319	0.00468	0.02103	0.00810	0.00725
35	0.01647	0.01550	0.02616	0.67248	0.06008	0.01938	0.02422	0.02229	0.01744	0.02229	0.01550	0.02326	0.01163	0.00872	0.00872	0.00291	0.01163	0.00775	0.00388	0.00969
36	0.01040	0.00850	0.00918	0.00973	0.01202	0.00729	0.00703	0.01242	0.01902	0.02321	0.07745	0.24760	0.47889	0.02351	0.01053	0.00311	0.00459	0.02014	0.00810	0.00729
37	0.01871	0.01652	0.02662	0.27965	0.03959	0.01804	0.11983	0.11470	0.02368	0.03188	0.18449	0.03429	0.03157	0.01123	0.00942	0.00282	0.00980	0.01038	0.00629	0.01047
38	0.14097	0.03017	0.32121	0.02065	0.03025	0.01801	0.05820	0.03183	0.01996	0.21597	0.02089	0.02146	0.01412	0.00896	0.00810	0.00274	0.01038	0.00711	0.00615	0.01287
39	0.45778	0.02539	0.01779	0.05603	0.02305	0.24219	0.01294	0.02864	0.01845	0.03190	0.01282	0.01527	0.01020	0.00845	0.00646	0.00255	0.01018	0.00522	0.00499	0.00969
40	0.01647	0.01550	0.02616	0.67248	0.06008	0.01938	0.02422	0.02229	0.01744	0.02229	0.01550	0.02326	0.01163	0.00872	0.00872	0.00291	0.01163	0.00775	0.00388	0.00969
41	0.01794	0.09506	0.60221	0.02410	0.03658	0.02135	0.03091	0.02751	0.01836	0.02708	0.01538	0.01808	0.01106	0.00822	0.00808	0.00269	0.01262	0.00631	0.00369	0.01276
42	0.02092	0.02005	0.03420	0.13406	0.56371	0.02055	0.02644	0.02619	0.01955	0.02769	0.01629	0.02181	0.01353	0.00790	0.00865	0.00263	0.01053	0.00777	0.00426	0.01328
43	0.01809	0.01550	0.01809	0.01292	0.02067	0.01163	0.01034	0.02196	0.01809	0.02842	0.01550	0.01809	0.01292	0.00646	0.00646	0.00129	0.00646	0.00517	0.00517	0.74677
44	0.01123	0.00887	0.01011	0.00980	0.01235	0.00776	0.00735	0.01430	0.02206	0.02873	0.33527	0.07545	0.38536	0.02017	0.01030	0.00285	0.00428	0.01722	0.00878	0.00776
45	0.02332	0.69869	0.04571	0.01493	0.02239	0.03451	0.01493	0.02612	0.01772	0.02052	0.01213	0.01399	0.01119	0.00746	0.00560	0.00187	0.00933	0.00466	0.00373	0.01119
46	0.01341	0.01290	0.05530	0.24154	0.03071	0.01238	0.01520	0.01745	0.01862	0.02508	0.14891	0.29506	0.04364	0.01786	0.00996	0.00312	0.00764	0.01600	0.00666	0.00857
47	0.01058	0.00779	0.00992	0.01162	0.01251	0.00713	0.00786	0.01220	0.01720	0.02247	0.05445	0.59218	0.14915	0.02650	0.01100	0.00345	0.00496	0.02379	0.00810	0.00713
48	0.03144	0.01289	0.01751	0.01461	0.01967	0.01127	0.01154	0.03431	0.02273	0.47684	0.03810	0.20745	0.03134	0.01526	0.00941	0.00293	0.00678	0.01310	0.01007	0.01275
49	0.02148	0.02103	0.03714	0.05173	0.57497	0.02087	0.08945	0.02690	0.01994	0.02844	0.01654	0.02180	0.01375	0.00773	0.00881	0.00263	0.01083	0.00804	0.00433	0.01360
50	0.03258	0.04157	0.02472	0.02247	0.02697	0.65843	0.01685	0.03483	0.02472	0.02135	0.01348	0.01573	0.01124	0.00899	0.00787	0.00225	0.01573	0.00562	0.00449	0.01011
51	0.01104	0.00829	0.01032	0.01159	0.01303	0.00757	0.00835	0.01322	0.01854	0.02400	0.10356	0.41345	0.21485	0.02484	0.01095	0.00337	0.00514	0.08235	0.00821	0.00735
52	0.01084	0.00786	0.01030	0.01217	0.01296	0.00731	0.00840	0.01259	0.01718	0.02263	0.05102	0.60036	0.10132	0.02670	0.01113	0.00353	0.00522	0.06319	0.00809	0.00717
53	0.01063	0.00759	0.01012	0.01215	0.01265	0.00709	0.00810	0.01215	0.01670	0.02227	0.04808	0.68775	0.05769	0.02733	0.01113	0.00354	0.00506	0.02480	0.00810	0.00709
54	0.01878	0.01088	0.01338	0.01237	0.01479	0.01058	0.00880	0.02326	0.08644	0.15342	0.14852	0.15003	0.04278	0.24195	0.02130	0.00479	0.00671	0.01406	0.00809	0.00906
55	0.22692	0.10016	0.02411	0.01740	0.02349	0.12546	0.01433	0.26052	0.06461	0.04037	0.01729	0.01822	0.01312	0.00934	0.00735	0.00252	0.00960	0.00642	0.00660	0.01216
56	0.02313	0.02081	0.16548	0.05769	0.02590	0.01486	0.01706	0.05027	0.08209	0.21425	0.03209	0.20076	0.02833	0.01455	0.00929	0.00297	0.00836	0.01248	0.00772	0.01191
57	0.02185	0.01798	0.02397	0.02438	0.13971	0.01860	0.06044	0.22604	0.05917	0.03625	0.03660	0.13836	0.12960	0.01448	0.00949	0.00286	0.00837	0.01265	0.00736	0.01183
58	0.02549	0.14463	0.09033	0.06092	0.02790	0.19666	0.01877	0.06736	0.02060	0.06770	0.01503	0.01836	0.01226	0.01050	0.01309	0.00274	0.18525	0.00656	0.00479	0.01105
59	0.19929	0.02137	0.11352	0.02827	0.19138	0.01815	0.09978	0.02562	0.01954	0.05514	0.12084	0.02729	0.02418	0.00968	0.00831	0.00272	0.00926	0.00858	0.00564	0.01143
60	0.07819	0.08005	0.11092	0.01721	0.04291	0.05554	0.03411	0.02657	0.01976	0.12676	0.02798	0.02852	0.09888	0.01000	0.00775	0.00227	0.00849	0.00795	0.00607	0.21010

[dist]
# distance from previous block
# <min> <max>
4	17

[block]
# block no. 3 follows, 20 sequences, length 40
# corresponding to MSA columns:
# 368-407
name=unknown_D
#
# <colnr> <probs for GDERKNQSTAVLIFYWHMCP>
#	G	D	E	R	K	N	Q	S	T	A	V	L	I	F	Y	W	H	M	C	P
0	0.01869	0.08697	0.32891	0.01908	0.02707	0.01668	0.02117	0.02479	0.01867	0.10287	0.02727	0.21694	0.02615	0.01415	0.00895	0.00291	0.00959	0.01200	0.00588	0.01128
1	0.09828	0.06295	0.01497	0.01269	0.01561	0.01302	0.00979	0.07945	0.02062	0.02910	0.09619	0.29513	0.14632	0.01993	0.00965	0.00308	0.00604	0.05084	0.00766	0.00869
2	0.15011	0.02148	0.09373	0.03028	0.23812	0.01877	0.05765	0.02958	0.07159	0.09685	0.01915	0.02150	0.01456	0.00838	0.00793	0.00255	0.00923	0.00726	0.00563	0.09563
3	0.16181	0.02149	0.09158	0.11456	0.02832	0.05629	0.01758	0.02777	0.12479	0.02928	0.06395	0.02435	0.01906	0.01136	0.01286	0.00303	0.16799	0.00785	0.00549	0.01061
4	0.01825	0.01350	0.06096	0.01347	0.01739	0.01093	0.01110	0.02348	0.08436	0.15593	0.05296	0.25537	0.20890	0.01925	0.00994	0.00307	0.00616	0.01661	0.00842	0.00996
5	0.01798	0.02654	0.22826	0.11959	0.10496	0.01912	0.11425	0.02447	0.01817	0.02611	0.01808	0.07067	0.01553	0.01000	0.01050	0.00279	0.06976	0.00873	0.00440	0.09012
6	0.02012	0.01381	0.01622	0.01423	0.01798	0.01427	0.01131	0.15225	0.09202	0.07828	0.29925	0.05004	0.05022	0.01508	0.00953	0.00279	0.00617	0.06136	0.06440	0.01069
7	0.01912	0.04474	0.58095	0.02460	0.03659	0.08913	0.03057	0.02840	0.01910	0.02695	0.01542	0.01813	0.01107	0.00836	0.00824	0.00271	0.01320	0.00636	0.00377	0.01259
8	0.01495	0.08517	0.01996	0.01928	0.08655	0.01519	0.01329	0.01727	0.01684	0.02285	0.03415	0.37990	0.03916	0.02066	0.01337	0.00334	0.12326	0.05956	0.00645	0.00878
9	0.01925	0.02569	0.24088	0.37803	0.04831	0.01898	0.02578	0.02630	0.01858	0.09074	0.01758	0.02227	0.01249	0.00879	0.00858	0.00283	0.01162	0.00741	0.00455	0.01135
10	0.02201	0.06910	0.18363	0.13224	0.03325	0.01955	0.01992	0.13212	0.02263	0.06855	0.01745	0.02002	0.01298	0.00838	0.00781	0.00231	0.00982	0.00662	0.00546	0.20617
11	0.01683	0.01406	0.01668	0.01249	0.01899	0.01088	0.00987	0.02075	0.01954	0.02986	0.15153	0.02843	0.02817	0.00896	0.00730	0.00161	0.00594	0.00750	0.00614	0.58446
12	0.01708	0.02835	0.29188	0.02197	0.02784	0.02078	0.02311	0.02277	0.01567	0.02370	0.01564	0.02183	0.01334	0.02227	0.14566	0.00540	0.26069	0.00746	0.00393	0.01063
13	0.02439	0.12536	0.12839	0.02402	0.08189	0.01987	0.13489	0.05957	0.02159	0.17218	0.02678	0.06320	0.05763	0.01059	0.00873	0.00268	0.01005	0.00947	0.00635	0.01237
14	0.01087	0.00834	0.01000	0.01102	0.01270	0.00748	0.00793	0.01303	0.01880	0.02405	0.11110	0.36473	0.28333	0.02432	0.01080	0.00328	0.00493	0.05774	0.00822	0.00735
15	0.01123	0.00827	0.01026	0.01097	0.01232	0.00758	0.00761	0.01347	0.01919	0.02562	0.21853	0.34460	0.17104	0.08149	0.01363	0.00363	0.00497	0.02001	0.00828	0.00730
16	0.02428	0.08524	0.18189	0.02685	0.16942	0.08688	0.02096	0.02968	0.02145	0.15130	0.09527	0.02650	0.02262	0.00985	0.00843	0.00257	0.01012	0.00813	0.00608	0.01248
17	0.17410	0.15243	0.09150	0.01688	0.02294	0.02040	0.05909	0.08937	0.02139	0.03249	0.10907	0.03608	0.04619	0.01204	0.00818	0.00273	0.00854	0.07987	0.00620	0.01052
18	0.01083	0.00774	0.01036	0.01238	0.01298	0.00726	0.00846	0.01250	0.01690	0.02250	0.04796	0.65218	0.05724	0.02713	0.01119	0.00357	0.00524	0.05833	0.00809	0.00714
19	0.05147	0.15342	0.03105	0.02712	0.18626	0.02527	0.01824	0.24035	0.07961	0.07465	0.01981	0.02107	0.01511	0.00923	0.00800	0.00250	0.00929	0.00734	0.00662	0.01359
20	0.06201	0.01099	0.01401	0.01394	0.01655	0.01094	0.01077	0.05686	0.02007	0.12100	0.06773	0.30258	0.04267	0.02565	0.07967	0.00447	0.00824	0.11459	0.00808	0.00919
21	0.06323	0.23456	0.08574	0.07854	0.07431	0.10642	0.01855	0.09334	0.02128	0.06155	0.01539	0.01812	0.01234	0.00915	0.00929	0.00249	0.07282	0.00631	0.00493	0.01164
22	0.02237	0.11296	0.45799	0.02192	0.03300	0.02042	0.02650	0.03035	0.01961	0.14705	0.01891	0.02011	0.01312	0.00868	0.00808	0.00265	0.01142	0.00670	0.00507	0.01308
23	0.01429	0.01065	0.01292	0.01363	0.01532	0.01087	0.00965	0.07994	0.08774	0.02737	0.04376	0.54251	0.04960	0.02378	0.01062	0.00338	0.00575	0.02130	0.00825	0.00867
24	0.02160	0.02825	0.22210	0.02330	0.09482	0.08672	0.02055	0.05372	0.14438	0.06912	0.07107	0.02915	0.05129	0.01135	0.00951	0.02600	0.00998	0.00873	0.00621	0.01218
25	0.01994	0.08513	0.41211	0.02258	0.03283	0.01934	0.07606	0.02787	0.01996	0.09398	0.08738	0.02501	0.02042	0.00949	0.00854	0.00270	0.01121	0.00795	0.00518	0.01235
26	0.01063	0.00759	0.01012	0.01215	0.01265	0.00709	0.00810	0.01215	0.01670	0.02227	0.04808	0.68775	0.05769	0.02733	0.01113	0.00354	0.00506	0.02480	0.00810	0.00709
27	0.01682	0.01629	0.02901	0.10306	0.13014	0.01711	0.17057	0.02114	0.01832	0.02527	0.05745	0.21402	0.02921	0.01479	0.01234	0.00315	0.09197	0.01368	0.00558	0.01007
28	0.02014	0.08259	0.14368	0.02620	0.14795	0.03919	0.03745	0.02679	0.07166	0.06160	0.09232	0.06657	0.02487	0.01183	0.01159	0.00285	0.10595	0.00945	0.00569	0.01162
29	0.02262	0.49261	0.18851	0.01787	0.02641	0.07807	0.01922	0.02714	0.01842	0.02229	0.01307	0.01518	0.01116	0.00778	0.00641	0.00211	0.01066	0.00516	0.00378	0.01152
30	0.01089	0.00858	0.00982	0.01010	0.01229	0.00752	0.00735	0.01342	0.02039	0.02613	0.21607	0.21195	0.37017	0.02218	0.01049	0.00303	0.00448	0.01915	0.00848	0.00752
31	0.04317	0.21757	0.16247	0.09366	0.03293	0.02268	0.13595	0.02575	0.01860	0.05520	0.01905	0.07766	0.01646	0.00974	0.00808	0.00260	0.01067	0.00855	0.02807	0.01116
32	0.02264	0.02002	0.12223	0.01849	0.02469	0.01595	0.06694	0.06598	0.12815	0.16517	0.17257	0.04020	0.03591	0.01279	0.00941	0.00287	0.00823	0.04752	0.00817	0.01207
33	0.01226	0.00903	0.01213	0.01206	0.01346	0.00965	0.00882	0.01465	0.01551	0.02142	0.09701	0.04850	0.09983	0.20199	0.37295	0.01027	0.01569	0.01184	0.00573	0.00720
34	0.01527	0.01842	0.12968	0.17157	0.03281	0.01467	0.07005	0.02080	0.01919	0.02529	0.03707	0.05846	0.11214	0.01603	0.01023	0.00330	0.00980	0.21973	0.00600	0.00950
35	0.01955	0.06637	0.34410	0.09730	0.04091	0.02180	0.19061	0.06496	0.02036	0.02857	0.01637	0.02032	0.01198	0.00817	0.00879	0.00278	0.01288	0.00767	0.00424	0.01227
36	0.01082	0.00774	0.01030	0.01201	0.01269	0.00721	0.00811	0.01263	0.01760	0.02370	0.11423	0.61751	0.06047	0.02626	0.01104	0.00345	0.00495	0.02378	0.00827	0.00721
37	0.01718	0.03547	0.45451	0.02103	0.03185	0.01732	0.02533	0.02541	0.01889	0.02844	0.06932	0.02240	0.01764	0.00871	0.00806	0.00244	0.01072	0.00697	0.00452	0.17377
38	0.23766	0.02633	0.21062	0.13973	0.07023	0.02024	0.12375	0.02609	0.01764	0.03021	0.01497	0.01908	0.01121	0.00812	0.00787	0.00279	0.01101	0.00691	0.00439	0.01115
39	0.02009	0.06958	0.20363	0.07470	0.07537	0.02010	0.05716	0.11027	0.06769	0.03110	0.02455	0.03805	0.02176	0.01223	0.00923	0.00298	0.01049	0.13334	0.00586	0.01181

[dist]
# distance from previous block
# <min> <max>
0	21

[block]
# block no. 4 follows, 20 sequences, length 22
# corresponding to MSA columns:
# 429-450
name=unknown_E
#
# <colnr> <probs for GDERKNQSTAVLIFYWHMCP>
#	G	D	E	R	K	N	Q	S	T	A	V	L	I	F	Y	W	H	M	C	P
0	0.37464	0.13163	0.08760	0.01585	0.02217	0.13035	0.01435	0.02932	0.07133	0.03174	0.01481	0.01648	0.01172	0.00850	0.00646	0.00252	0.00934	0.00550	0.00511	0.01058
1	0.02243	0.02347	0.18490	0.02086	0.04654	0.01708	0.05390	0.02889	0.05474	0.15967	0.02377	0.03106	0.01919	0.04376	0.01274	0.00309	0.08656	0.05862	0.00624	0.10251
2	0.02143	0.02314	0.02027	0.02049	0.07472	0.25184	0.01423	0.02416	0.02059	0.02432	0.15095	0.03374	0.03024	0.08981	0.08599	0.00450	0.08536	0.00939	0.00562	0.00921
3	0.01803	0.01114	0.01541	0.06319	0.07313	0.01060	0.01136	0.02066	0.01924	0.14802	0.08392	0.25363	0.12183	0.09260	0.01374	0.00364	0.00670	0.01602	0.00779	0.00934
4	0.02050	0.08014	0.26774	0.12520	0.03621	0.09156	0.05828	0.03151	0.14909	0.02751	0.01952	0.02191	0.01465	0.00908	0.00836	0.00272	0.01157	0.00740	0.00497	0.01209
5	0.01257	0.00892	0.01186	0.01186	0.01267	0.00973	0.00821	0.01419	0.01338	0.01865	0.02534	0.04520	0.02655	0.36625	0.36454	0.01135	0.01622	0.01095	0.00497	0.00659
6	0.01418	0.00758	0.01110	0.01153	0.01164	0.00747	0.00769	0.01153	0.01251	0.01668	0.02223	0.16873	0.02430	0.02966	0.02915	0.58649	0.00703	0.01128	0.00471	0.00450
7	0.02583	0.12816	0.03012	0.06328	0.21799	0.09462	0.03752	0.03052	0.04482	0.15853	0.02229	0.06997	0.01830	0.01012	0.00834	0.00257	0.00988	0.00863	0.00607	0.01242
8	0.02422	0.01250	0.01600	0.01444	0.01813	0.01184	0.01097	0.10159	0.02296	0.25922	0.03943	0.35479	0.03861	0.01895	0.00994	0.00311	0.00654	0.01660	0.00919	0.01100
9	0.01350	0.00973	0.01246	0.01318	0.01481	0.00954	0.00976	0.06699	0.02108	0.02847	0.17150	0.40769	0.05808	0.02331	0.01087	0.00336	0.00570	0.10335	0.00847	0.00816
10	0.07363	0.01755	0.05640	0.19154	0.09567	0.01892	0.01938	0.02515	0.01778	0.11466	0.02040	0.02950	0.01709	0.01499	0.05128	0.00377	0.15764	0.05849	0.00543	0.01072
11	0.01905	0.01169	0.01510	0.01517	0.05307	0.01109	0.01069	0.02454	0.08791	0.16181	0.20808	0.18095	0.13017	0.01759	0.00988	0.00294	0.00574	0.01535	0.00895	0.01024
12	0.01188	0.00871	0.01114	0.01092	0.01285	0.00797	0.00804	0.01542	0.02302	0.03192	0.49143	0.15845	0.13642	0.01967	0.01041	0.00288	0.00429	0.01737	0.00922	0.00797
13	0.01630	0.00931	0.01010	0.00962	0.01224	0.00899	0.00731	0.02107	0.05088	0.06803	0.13214	0.04601	0.13494	0.01347	0.00775	0.00238	0.00448	0.01116	0.42512	0.00871
14	0.04617	0.17834	0.04338	0.01722	0.02180	0.01760	0.11226	0.02095	0.01895	0.02633	0.09435	0.18004	0.03459	0.01499	0.00891	0.00281	0.00812	0.07229	0.07146	0.00943
15	0.02160	0.48362	0.17322	0.01794	0.02575	0.03059	0.01910	0.02588	0.01739	0.02210	0.01281	0.01550	0.01119	0.00850	0.00870	0.00227	0.08335	0.00537	0.00373	0.01138
16	0.01771	0.06795	0.28710	0.12039	0.07801	0.02121	0.02468	0.02389	0.01710	0.02459	0.01745	0.07864	0.01557	0.01146	0.01285	0.00302	0.15456	0.00851	0.00418	0.01115
17	0.01092	0.00857	0.00992	0.01046	0.01255	0.00757	0.00768	0.01334	0.01980	0.02518	0.16290	0.24655	0.35800	0.02294	0.01062	0.00313	0.00474	0.04933	0.00834	0.00746
18	0.10398	0.01940	0.03060	0.16209	0.16841	0.02042	0.13399	0.09030	0.05639	0.10040	0.01958	0.02296	0.01449	0.00878	0.00866	0.00277	0.01046	0.00816	0.00581	0.01232
19	0.09525	0.09027	0.02590	0.25011	0.16966	0.01921	0.01890	0.02229	0.01705	0.02473	0.01808	0.05577	0.01627	0.05092	0.08677	0.00433	0.01149	0.00836	0.00449	0.01017
20	0.09545	0.01553	0.01870	0.17223	0.02837	0.08396	0.04435	0.02148	0.01836	0.06907	0.03017	0.30288	0.03163	0.01663	0.00938	0.00307	0.00864	0.01461	0.00641	0.00909
21	0.10358	0.13068	0.03389	0.03342	0.25819	0.11751	0.08411	0.02730	0.01913	0.02656	0.01448	0.01868	0.01225	0.00862	0.00982	0.00260	0.07624	0.00689	0.00433	0.01174

[dist]
# distance from previous block
# <min> <max>
1	11

[block]
# block no. 5 follows, 20 sequences, length 37
# corresponding to MSA columns:
# 462-498
name=unknown_F
#
# <colnr> <probs for GDERKNQSTAVLIFYWHMCP>
#	G	D	E	R	K	N	Q	S	T	A	V	L	I	F	Y	W	H	M	C	P
0	0.36593	0.16657	0.02286	0.01382	0.02019	0.02216	0.01195	0.09096	0.01994	0.12049	0.01643	0.01730	0.01235	0.00848	0.00635	0.00241	0.00769	0.00564	0.00613	0.06236
1	0.01938	0.07571	0.19471	0.29599	0.04250	0.02110	0.02357	0.02761	0.07880	0.06371	0.01819	0.02229	0.01355	0.00941	0.00977	0.00284	0.05729	0.00743	0.00474	0.01139
2	0.31646	0.02208	0.05302	0.02432	0.10951	0.06586	0.09766	0.06322	0.01861	0.03273	0.01419	0.01793	0.01140	0.00922	0.01044	0.00285	0.10795	0.00667	0.00495	0.01092
3	0.30594	0.01560	0.01748	0.01401	0.02026	0.01534	0.01156	0.03622	0.02119	0.41926	0.02611	0.02391	0.01707	0.00979	0.00751	0.00270	0.00717	0.00726	0.00878	0.01283
4	0.06216	0.01219	0.01275	0.01198	0.01549	0.01204	0.00931	0.10237	0.06059	0.02996	0.06370	0.12869	0.37246	0.01951	0.00987	0.00301	0.00576	0.05109	0.00806	0.00900
5	0.01908	0.01908	0.02672	0.02290	0.02290	0.02672	0.01908	0.02099	0.01336	0.02099	0.01145	0.01908	0.01145	0.01527	0.02863	0.00382	0.67748	0.00763	0.00382	0.00954
6	0.02801	0.24636	0.03215	0.07490	0.08856	0.04751	0.03925	0.03316	0.06255	0.23176	0.02217	0.02249	0.01612	0.00907	0.00772	0.00244	0.00928	0.00722	0.00658	0.01271
7	0.02721	0.08231	0.11987	0.02496	0.11646	0.02522	0.01994	0.33482	0.09122	0.04240	0.02024	0.02125	0.01501	0.00965	0.00840	0.00261	0.00990	0.00757	0.00695	0.01400
8	0.01231	0.00898	0.01167	0.01156	0.01358	0.00833	0.00888	0.01610	0.02321	0.03213	0.47764	0.11049	0.11831	0.01959	0.01058	0.00298	0.00472	0.09168	0.00918	0.00807
9	0.01768	0.02036	0.07272	0.01812	0.02259	0.13630	0.09992	0.02215	0.02235	0.02855	0.27585	0.04541	0.10399	0.01753	0.05469	0.00348	0.01000	0.01206	0.00687	0.00938
10	0.12094	0.12408	0.20415	0.02189	0.06962	0.13304	0.04264	0.02876	0.02016	0.07892	0.06280	0.02165	0.01743	0.00913	0.00775	0.00253	0.01085	0.00696	0.00517	0.01154
11	0.02662	0.31720	0.07999	0.01754	0.02467	0.07128	0.01625	0.12855	0.11254	0.09663	0.01982	0.02004	0.01520	0.00914	0.00731	0.00234	0.00952	0.00661	0.00613	0.01263
12	0.01109	0.00887	0.00991	0.00965	0.01226	0.00769	0.00724	0.01402	0.02172	0.02792	0.29656	0.07678	0.42458	0.02047	0.01030	0.00287	0.00430	0.01741	0.00867	0.00769
13	0.02046	0.09743	0.12318	0.10898	0.12908	0.06220	0.10579	0.02982	0.13058	0.02811	0.06213	0.02545	0.01971	0.00940	0.00862	0.00268	0.01069	0.00840	0.00533	0.01195
14	0.02364	0.11413	0.26624	0.02568	0.14089	0.01955	0.02275	0.02991	0.02058	0.17079	0.06525	0.02449	0.01927	0.00937	0.00827	0.00260	0.01006	0.00769	0.00589	0.01296
15	0.01374	0.01046	0.01487	0.01816	0.07859	0.01020	0.01319	0.01726	0.01972	0.02607	0.09098	0.20487	0.09100	0.02249	0.01127	0.00361	0.00713	0.33022	0.00780	0.00839
16	0.01163	0.00809	0.01010	0.01101	0.01153	0.00775	0.00707	0.01293	0.01629	0.02200	0.12007	0.36813	0.05135	0.27428	0.02342	0.00527	0.00620	0.01906	0.00725	0.00657
17	0.04299	0.12117	0.13899	0.02825	0.17864	0.02178	0.06903	0.06975	0.08575	0.07733	0.02019	0.02413	0.01609	0.05613	0.01071	0.00300	0.01013	0.00787	0.00553	0.01255
18	0.51932	0.07563	0.01781	0.01344	0.01911	0.08406	0.01113	0.02902	0.01752	0.12248	0.01546	0.01653	0.01151	0.00852	0.00615	0.00258	0.00796	0.00539	0.00594	0.01043
19	0.02122	0.02177	0.04139	0.04729	0.41787	0.02122	0.24314	0.02721	0.02013	0.02829	0.01687	0.02231	0.01360	0.00762	0.00925	0.00272	0.01198	0.00871	0.00435	0.01305
20	0.02894	0.15229	0.02803	0.01802	0.02454	0.02663	0.01526	0.40018	0.09348	0.04494	0.02123	0.02158	0.01584	0.01001	0.00796	0.00247	0.00889	0.00746	0.05868	0.01357
21	0.02194	0.01799	0.02383	0.07001	0.10139	0.06076	0.07486	0.07530	0.08461	0.09396	0.08779	0.03730	0.04794	0.06316	0.01180	0.00315	0.00914	0.04589	0.00685	0.06233
22	0.08017	0.13234	0.20935	0.01951	0.02803	0.01999	0.06542	0.05414	0.02144	0.22375	0.04797	0.02350	0.01769	0.00936	0.00807	0.00260	0.00979	0.00754	0.00657	0.01277
23	0.05377	0.29045	0.34754	0.01984	0.02991	0.02514	0.02330	0.02799	0.01845	0.06811	0.01545	0.01732	0.01176	0.00814	0.00717	0.00241	0.01089	0.00585	0.00427	0.01223
24	0.01058	0.00776	0.00995	0.01170	0.01253	0.00712	0.00790	0.01220	0.01713	0.02244	0.05355	0.60571	0.13620	0.02662	0.01102	0.00346	0.00497	0.02393	0.00810	0.00712
25	0.02333	0.24095	0.08205	0.02015	0.08432	0.02133	0.05311	0.04968	0.02050	0.13492	0.02691	0.06858	0.06654	0.01087	0.00786	0.00246	0.00872	0.00894	0.05714	0.01164
26	0.02178	0.02877	0.23510	0.03409	0.25199	0.04449	0.06210	0.07033	0.02127	0.06780	0.01978	0.06715	0.01637	0.00971	0.00878	0.00273	0.01108	0.00866	0.00511	0.01291
27	0.01234	0.00970	0.01510	0.01544	0.01709	0.00921	0.06957	0.01497	0.01780	0.02364	0.04462	0.49797	0.05166	0.02465	0.01124	0.00358	0.00665	0.13929	0.00771	0.00775
28	0.07437	0.02051	0.03395	0.12449	0.24810	0.04779	0.17000	0.02905	0.02033	0.11872	0.01883	0.02273	0.01410	0.00832	0.00883	0.00273	0.01119	0.00825	0.00532	0.01242
29	0.11190	0.09090	0.02428	0.14863	0.02990	0.06534	0.01607	0.05811	0.12279	0.15803	0.02186	0.02316	0.01606	0.01012	0.00963	0.00275	0.06457	0.00749	0.00659	0.01184
30	0.01950	0.22085	0.42238	0.02504	0.09400	0.02419	0.02696	0.02713	0.01837	0.02578	0.01477	0.01753	0.01137	0.00801	0.00759	0.00250	0.01167	0.00609	0.00376	0.01252
31	0.01114	0.00887	0.00998	0.00971	0.01229	0.00772	0.00728	0.01412	0.02184	0.02820	0.31032	0.07631	0.41064	0.02036	0.01030	0.00286	0.00430	0.01734	0.00871	0.00772
32	0.02463	0.09974	0.16452	0.02900	0.14848	0.04938	0.11782	0.07385	0.05952	0.11894	0.02000	0.02197	0.01474	0.00872	0.00851	0.00263	0.01103	0.00776	0.00569	0.01306
33	0.05554	0.14155	0.17122	0.06242	0.03118	0.06565	0.08225	0.07522	0.02210	0.18137	0.02002	0.02115	0.01420	0.00890	0.00808	0.00257	0.01075	0.00720	0.00605	0.01258
34	0.02076	0.01937	0.02854	0.12334	0.17161	0.02119	0.09891	0.03590	0.31616	0.03145	0.02583	0.02748	0.01972	0.00985	0.00899	0.00286	0.00944	0.00914	0.00651	0.01294
35	0.01073	0.00837	0.00979	0.01083	0.01263	0.00744	0.00782	0.01276	0.01849	0.02318	0.06744	0.35205	0.33687	0.02455	0.01080	0.00329	0.00497	0.06260	0.00809	0.00729
36	0.07543	0.11809	0.11037	0.10888	0.03014	0.08889	0.01782	0.07277	0.02246	0.24059	0.02151	0.02197	0.01496	0.00931	0.00794	0.00257	0.01002	0.00708	0.00671	0.01250

[dist]
# distance from previous block
# <min> <max>
1	11

[block]
# block no. 6 follows, 20 sequences, length 14
# corresponding to MSA columns:
# 510-523
name=unknown_G
#
# <colnr> <probs for GDERKNQSTAVLIFYWHMCP>
#	G	D	E	R	K	N	Q	S	T	A	V	L	I	F	Y	W	H	M	C	P
0	0.29691	0.12941	0.07010	0.01933	0.10121	0.02019	0.01493	0.02904	0.01887	0.15993	0.05067	0.02137	0.01682	0.00905	0.00703	0.00256	0.00810	0.00667	0.00621	0.01162
1	0.14501	0.02191	0.10125	0.01742	0.02403	0.02014	0.01562	0.15647	0.19565	0.13757	0.05773	0.02657	0.02149	0.01063	0.00826	0.00277	0.00816	0.00830	0.00795	0.01307
2	0.47077	0.01583	0.01477	0.01265	0.01783	0.01725	0.01030	0.07042	0.01995	0.13245	0.11731	0.02534	0.02355	0.01027	0.00696	0.00270	0.00664	0.00737	0.00716	0.01048
3	0.01385	0.01035	0.01232	0.01175	0.01430	0.00988	0.00906	0.06655	0.02333	0.03119	0.31582	0.06999	0.21384	0.07010	0.01296	0.00338	0.00550	0.08888	0.00860	0.00832
4	0.02332	0.69869	0.04571	0.01493	0.02239	0.03451	0.01493	0.02612	0.01772	0.02052	0.01213	0.01399	0.01119	0.00746	0.00560	0.00187	0.00933	0.00466	0.00373	0.01119
5	0.01647	0.01147	0.01487	0.06946	0.01934	0.01160	0.01085	0.02371	0.11306	0.08817	0.43885	0.05355	0.06255	0.01553	0.00981	0.00279	0.00547	0.01358	0.00911	0.00977
6	0.02188	0.32073	0.24302	0.01928	0.02757	0.12755	0.02056	0.02697	0.01900	0.02318	0.01625	0.06660	0.01466	0.00948	0.00729	0.00236	0.01123	0.00694	0.00417	0.01128
7	0.01252	0.00909	0.01274	0.01274	0.01386	0.01021	0.00931	0.01476	0.01364	0.01930	0.02453	0.04073	0.02461	0.24326	0.48487	0.01244	0.01914	0.01029	0.00485	0.00708
8	0.01459	0.00795	0.01192	0.01192	0.01225	0.00827	0.00827	0.01225	0.01192	0.01622	0.01687	0.02814	0.01655	0.03766	0.16504	0.59275	0.01088	0.00795	0.00397	0.00463
9	0.01862	0.03081	0.32036	0.08207	0.03642	0.01950	0.13347	0.07166	0.05215	0.02963	0.04492	0.08034	0.01948	0.01053	0.00909	0.00287	0.01152	0.00952	0.00512	0.01191
10	0.02871	0.10283	0.16611	0.01964	0.02756	0.07639	0.01892	0.19973	0.08028	0.16130	0.02219	0.02198	0.01570	0.00971	0.00823	0.00258	0.01014	0.00736	0.00712	0.01351
11	0.01235	0.00892	0.01166	0.01097	0.01303	0.00823	0.00823	0.01646	0.02469	0.03498	0.63443	0.06516	0.08230	0.01783	0.01029	0.00274	0.00412	0.01578	0.00960	0.00823
12	0.01985	0.01078	0.01418	0.01384	0.01669	0.01014	0.01051	0.02400	0.06279	0.19741	0.08875	0.34218	0.04653	0.02054	0.01036	0.00326	0.00612	0.08316	0.00901	0.00991
13	0.07747	0.08523	0.13760	0.02984	0.11237	0.02202	0.24042	0.07404	0.02147	0.08949	0.01814	0.02131	0.01342	0.00820	0.00871	0.00271	0.01170	0.00810	0.00524	0.01252

[dist]
# distance from previous block
# <min> <max>
0	22

[block]
# block no. 7 follows, 20 sequences, length 35
# corresponding to MSA columns:
# 546-580
name=unknown_H
#
# <colnr> <probs for GDERKNQSTAVLIFYWHMCP>
#	G	D	E	R	K	N	Q	S	T	A	V	L	I	F	Y	W	H	M	C	P
0	0.01726	0.02667	0.23218	0.02718	0.03534	0.01796	0.28286	0.02412	0.01898	0.02651	0.02417	0.17815	0.02300	0.01235	0.00985	0.00303	0.01186	0.01248	0.00505	0.01102
1	0.01047	0.00823	0.00947	0.01046	0.01221	0.00723	0.00735	0.01234	0.01832	0.02293	0.06863	0.37977	0.35241	0.02466	0.01071	0.00324	0.00473	0.02154	0.00810	0.00723
2	0.02044	0.08457	0.06132	0.25900	0.13851	0.02082	0.10167	0.02572	0.01907	0.07724	0.04905	0.02434	0.01662	0.00932	0.01001	0.00279	0.05511	0.00824	0.00487	0.01128
3	0.01194	0.00860	0.01130	0.01125	0.01294	0.00796	0.00820	0.01545	0.02281	0.03199	0.49649	0.21162	0.07651	0.02007	0.01049	0.00293	0.00434	0.01790	0.00925	0.00796
4	0.02114	0.01404	0.02020	0.01721	0.01959	0.01605	0.04351	0.02354	0.01646	0.16716	0.02304	0.03294	0.02034	0.16577	0.15968	0.00663	0.20759	0.00945	0.00598	0.00965
5	0.02248	0.01924	0.03450	0.03040	0.13004	0.01865	0.26164	0.09976	0.02279	0.09773	0.02542	0.14866	0.02282	0.01195	0.00982	0.00293	0.01075	0.01215	0.00633	0.01194
6	0.03149	0.01343	0.01737	0.01394	0.01887	0.01219	0.01088	0.05958	0.02245	0.44018	0.03188	0.03589	0.02371	0.17134	0.01702	0.00402	0.00759	0.00962	0.04630	0.01226
7	0.01921	0.01810	0.03060	0.27787	0.38568	0.01952	0.02499	0.02455	0.01899	0.02606	0.01805	0.02729	0.01543	0.00920	0.00889	0.00280	0.01067	0.04575	0.00440	0.01192
8	0.03202	0.01902	0.09888	0.01672	0.02359	0.01496	0.01525	0.10836	0.02560	0.40392	0.06176	0.03240	0.02396	0.01141	0.00882	0.00273	0.00809	0.03584	0.04305	0.01362
9	0.01703	0.02096	0.14245	0.29483	0.08111	0.01804	0.04508	0.02523	0.08471	0.02682	0.09651	0.03024	0.02329	0.04456	0.01071	0.00312	0.01028	0.00910	0.00523	0.01070
10	0.01063	0.00759	0.01012	0.01215	0.01265	0.00709	0.00810	0.01215	0.01670	0.02227	0.04808	0.68775	0.05769	0.02733	0.01113	0.00354	0.00506	0.02480	0.00810	0.00709
11	0.02026	0.01722	0.02325	0.27587	0.03732	0.02055	0.01875	0.13592	0.12201	0.03100	0.02383	0.06397	0.02053	0.01263	0.01138	0.00310	0.08375	0.06142	0.00620	0.01104
12	0.02227	0.20684	0.19413	0.16113	0.03468	0.02334	0.02116	0.09043	0.02140	0.08458	0.04788	0.02193	0.01615	0.00911	0.00785	0.00253	0.01036	0.00709	0.00524	0.01190
13	0.01258	0.01890	0.19203	0.01438	0.01950	0.01104	0.01441	0.01700	0.01899	0.02516	0.09384	0.21346	0.27734	0.01916	0.00993	0.00303	0.00698	0.01640	0.00694	0.00893
14	0.01944	0.02013	0.03254	0.02616	0.02824	0.02562	0.15747	0.02263	0.01506	0.02263	0.01291	0.02013	0.01187	0.01341	0.02431	0.00361	0.52157	0.00826	0.00396	0.01006
15	0.02511	0.02485	0.13283	0.02369	0.03150	0.02143	0.16112	0.14445	0.19135	0.11371	0.02501	0.02547	0.01794	0.00977	0.00908	0.00282	0.01036	0.00888	0.00715	0.01349
16	0.02198	0.11924	0.09903	0.18008	0.17948	0.02095	0.02121	0.05107	0.05185	0.09615	0.05966	0.02485	0.01872	0.00933	0.00832	0.00262	0.00984	0.00792	0.00554	0.01215
17	0.01240	0.00889	0.01155	0.01303	0.01430	0.00859	0.00997	0.01477	0.01771	0.02306	0.04735	0.27366	0.10292	0.14275	0.01730	0.00455	0.00685	0.25560	0.00758	0.00719
18	0.01238	0.00951	0.01374	0.01779	0.09223	0.00913	0.01110	0.01464	0.01747	0.02347	0.04388	0.53942	0.05134	0.02451	0.01092	0.00347	0.00605	0.08328	0.00761	0.00804
