[name]
unknown

[dist]
# distance from previous block
# <min> <max>
5	52

[block]
# block no. 0 follows, 25 sequences, length 69
# corresponding to MSA columns:
# 62-121,123-131
name=unknown_A
#
# <colnr> <probs for GDERKNQSTAVLIFYWHMCP>
#	G	D	E	R	K	N	Q	S	T	A	V	L	I	F	Y	W	H	M	C	P
0	0.06053	0.01231	0.01391	0.01173	0.01616	0.01171	0.00929	0.05570	0.12539	0.18031	0.09382	0.04158	0.22088	0.01269	0.00793	0.00235	0.00544	0.01043	0.00757	0.10029
1	0.17894	0.01640	0.02247	0.07704	0.32215	0.01740	0.01691	0.07252	0.07051	0.02889	0.02204	0.02438	0.08094	0.00882	0.00725	0.00240	0.00777	0.00747	0.00499	0.01069
2	0.13128	0.01436	0.01671	0.01444	0.05373	0.01364	0.01082	0.02492	0.10327	0.10344	0.05424	0.02101	0.01695	0.00806	0.00742	0.00192	0.04200	0.00622	0.00576	0.34980
3	0.01919	0.01842	0.03147	0.04759	0.67914	0.01842	0.02380	0.02380	0.01765	0.02533	0.01458	0.01919	0.01228	0.00691	0.00768	0.00230	0.00921	0.00691	0.00384	0.01228
4	0.01768	0.01603	0.02841	0.28653	0.20576	0.01674	0.14449	0.02267	0.01741	0.06498	0.05118	0.02247	0.01513	0.00774	0.00798	0.00242	0.00975	0.00766	0.00436	0.05058
5	0.09571	0.01474	0.02383	0.01796	0.02364	0.01334	0.21514	0.02114	0.01767	0.06146	0.12320	0.07347	0.02433	0.00926	0.00768	0.00216	0.00775	0.00891	0.00548	0.23312
6	0.02044	0.02105	0.02946	0.08464	0.53681	0.12510	0.02227	0.02467	0.01820	0.02398	0.01412	0.01846	0.01180	0.00713	0.00757	0.00227	0.01003	0.00661	0.00384	0.01153
7	0.17736	0.01408	0.01867	0.01443	0.02032	0.01312	0.05561	0.03400	0.02019	0.51338	0.02574	0.02335	0.01660	0.00892	0.00732	0.00241	0.00694	0.00720	0.00828	0.01208
8	0.01617	0.01501	0.02357	0.23766	0.20203	0.01783	0.01872	0.03655	0.01586	0.02228	0.05541	0.02273	0.01578	0.01481	0.08530	0.00374	0.17564	0.00747	0.00405	0.00940
9	0.01512	0.00922	0.01184	0.01063	0.01329	0.00856	0.00816	0.01956	0.05574	0.13455	0.51173	0.05213	0.08920	0.01475	0.00887	0.00245	0.00427	0.01286	0.00861	0.00848
10	0.01961	0.01330	0.02278	0.13463	0.02778	0.01285	0.16589	0.02349	0.01844	0.20765	0.06569	0.15762	0.07083	0.01231	0.00867	0.00264	0.00805	0.01154	0.00652	0.00970
11	0.01464	0.01378	0.02326	0.70887	0.05340	0.01723	0.02153	0.01981	0.01550	0.01981	0.01378	0.02067	0.01034	0.00775	0.00775	0.00258	0.01034	0.00689	0.00345	0.00861
12	0.02647	0.01138	0.01580	0.01320	0.01753	0.01053	0.01061	0.02928	0.01903	0.45459	0.02898	0.08388	0.02184	0.02361	0.18995	0.00512	0.01017	0.00909	0.00796	0.01098
13	0.01055	0.00834	0.01120	0.01381	0.08015	0.00772	0.00863	0.01263	0.01655	0.02185	0.11608	0.42931	0.19323	0.02052	0.00942	0.00286	0.00476	0.01831	0.00699	0.00708
14	0.01872	0.01794	0.03062	0.11596	0.61445	0.01830	0.02356	0.02338	0.01743	0.02476	0.01450	0.01934	0.01208	0.00700	0.00768	0.00233	0.00933	0.00691	0.00380	0.01190
15	0.02530	0.04195	0.02279	0.10196	0.09347	0.13660	0.01573	0.13562	0.08278	0.16927	0.01923	0.02041	0.01410	0.00915	0.00923	0.00242	0.07589	0.00686	0.00605	0.01119
16	0.01957	0.01577	0.02362	0.12157	0.30921	0.01650	0.01807	0.02753	0.15476	0.10363	0.02468	0.02870	0.05192	0.00951	0.00798	0.00250	0.00802	0.03945	0.00567	0.01133
17	0.01882	0.03554	0.57364	0.02069	0.03122	0.01688	0.02572	0.02680	0.01736	0.13666	0.01675	0.01807	0.01141	0.00775	0.00744	0.00245	0.01063	0.00608	0.00435	0.01175
18	0.01961	0.01453	0.01704	0.01241	0.01912	0.01187	0.01001	0.08704	0.01888	0.10353	0.01621	0.01753	0.01255	0.00655	0.00619	0.00141	0.00613	0.00521	0.00550	0.60867
19	0.01845	0.01839	0.03372	0.04147	0.47715	0.01802	0.17985	0.02348	0.01809	0.02557	0.05646	0.02206	0.01599	0.00738	0.00814	0.00239	0.00983	0.00792	0.00415	0.01151
20	0.00957	0.00700	0.00900	0.01034	0.01119	0.00643	0.00706	0.01123	0.01591	0.02110	0.11234	0.57721	0.12735	0.02287	0.00973	0.00301	0.00434	0.02054	0.00734	0.00643
21	0.01450	0.01353	0.01563	0.09493	0.05483	0.09213	0.01168	0.01789	0.01971	0.02624	0.38537	0.04294	0.07929	0.01346	0.01034	0.00250	0.07933	0.01112	0.00656	0.00801
22	0.01555	0.04011	0.68733	0.02210	0.03356	0.01801	0.02865	0.02455	0.01637	0.02455	0.01391	0.01637	0.00982	0.00737	0.00737	0.00246	0.01146	0.00573	0.00327	0.01146
23	0.09808	0.12736	0.02312	0.01761	0.02222	0.49919	0.01376	0.02842	0.01993	0.02076	0.01182	0.01377	0.00993	0.00759	0.00643	0.00194	0.01194	0.00478	0.00402	0.05730
24	0.21023	0.01551	0.01614	0.01349	0.01873	0.01638	0.01079	0.06478	0.26556	0.12953	0.02259	0.02180	0.01662	0.00869	0.00674	0.00227	0.00623	0.00669	0.00681	0.14040
25	0.01919	0.01842	0.03147	0.04759	0.67914	0.01842	0.02380	0.02380	0.01765	0.02533	0.01458	0.01919	0.01228	0.00691	0.00768	0.00230	0.00921	0.00691	0.00384	0.01228
26	0.10066	0.02582	0.02641	0.02195	0.04642	0.26807	0.15979	0.13595	0.08909	0.02859	0.01595	0.01793	0.01227	0.00803	0.00751	0.00231	0.01109	0.00665	0.00510	0.01042
27	0.02329	0.01160	0.01486	0.01299	0.01680	0.01098	0.01006	0.05835	0.08928	0.33019	0.07903	0.24593	0.03318	0.01471	0.00856	0.00266	0.00578	0.01275	0.00850	0.01053
28	0.00993	0.00723	0.00947	0.01108	0.01198	0.00677	0.00796	0.01172	0.01564	0.02049	0.04615	0.54815	0.11474	0.02332	0.00996	0.00317	0.00489	0.12369	0.00719	0.00647
29	0.01033	0.00750	0.00909	0.00938	0.01052	0.00696	0.00638	0.01217	0.01666	0.02233	0.24189	0.23454	0.16068	0.19670	0.01693	0.00393	0.00489	0.01586	0.00699	0.00626
30	0.00980	0.00736	0.00918	0.01049	0.01172	0.00674	0.00759	0.01163	0.01604	0.02059	0.05225	0.45638	0.22051	0.02262	0.00981	0.00306	0.00472	0.10585	0.00719	0.00648
31	0.01663	0.01602	0.02784	0.41131	0.29387	0.01784	0.06205	0.02166	0.01651	0.02226	0.01421	0.02012	0.01118	0.00735	0.00781	0.00248	0.01007	0.00704	0.00363	0.01014
32	0.65504	0.01613	0.01340	0.01149	0.01652	0.01852	0.00947	0.12936	0.01713	0.03717	0.01212	0.01361	0.00921	0.00755	0.00530	0.00239	0.00643	0.00467	0.00530	0.00921
33	0.01916	0.02012	0.01796	0.08883	0.06838	0.21053	0.01319	0.04203	0.18106	0.02413	0.03499	0.03491	0.18960	0.01163	0.00794	0.00241	0.00852	0.00932	0.00584	0.00946
34	0.01963	0.01810	0.02820	0.07284	0.49576	0.01886	0.02117	0.06619	0.12817	0.02774	0.01767	0.02087	0.01417	0.00771	0.00772	0.00237	0.00870	0.00723	0.00475	0.01216
35	0.02048	0.01333	0.01461	0.01296	0.01686	0.01445	0.01013	0.03389	0.36852	0.14066	0.02957	0.02850	0.02181	0.00993	0.00716	0.00235	0.00548	0.00816	0.23019	0.01096
36	0.02825	0.02534	0.02232	0.01792	0.02356	0.21111	0.01436	0.42774	0.03075	0.03859	0.01637	0.01711	0.01215	0.00865	0.00738	0.00214	0.00983	0.00623	0.00645	0.07375
37	0.01782	0.02981	0.33979	0.02677	0.03616	0.01918	0.31967	0.06872	0.01868	0.02639	0.01508	0.01866	0.01097	0.00711	0.00823	0.00252	0.01201	0.00742	0.00389	0.01111
38	0.02074	0.16197	0.11788	0.06085	0.05713	0.04940	0.03033	0.07405	0.10474	0.11200	0.02110	0.07830	0.01777	0.04946	0.00910	0.00262	0.00844	0.00800	0.00556	0.01056
39	0.01165	0.00864	0.01109	0.01128	0.01320	0.00835	0.00888	0.01612	0.06025	0.02747	0.37428	0.11894	0.10297	0.01794	0.00954	0.00282	0.00482	0.17640	0.00792	0.00744
40	0.06199	0.02099	0.02026	0.01753	0.02184	0.17702	0.06431	0.13688	0.20936	0.02964	0.02416	0.10704	0.02121	0.01140	0.00798	0.00252	0.00880	0.04038	0.00635	0.01034
41	0.02086	0.13580	0.11816	0.05894	0.04847	0.18522	0.13444	0.02845	0.13164	0.02329	0.01631	0.01856	0.01278	0.00796	0.00779	0.00231	0.02763	0.00660	0.00441	0.01038
42	0.01277	0.00796	0.01056	0.01063	0.01229	0.00729	0.00769	0.01536	0.01888	0.09373	0.33324	0.34386	0.05806	0.01888	0.00933	0.00274	0.00433	0.01687	0.00806	0.00748
43	0.00996	0.00712	0.00959	0.01138	0.01206	0.00674	0.00809	0.01169	0.01535	0.02037	0.04245	0.61512	0.05016	0.02381	0.01003	0.00322	0.00494	0.12428	0.00719	0.00644
44	0.01677	0.01605	0.02729	0.39020	0.28640	0.01790	0.05597	0.02261	0.04781	0.02277	0.01504	0.02053	0.01179	0.00750	0.00781	0.00248	0.00986	0.00711	0.00383	0.01027
45	0.02012	0.65117	0.11633	0.01430	0.02150	0.02920	0.01507	0.02337	0.01583	0.01898	0.01115	0.01290	0.00994	0.00672	0.00526	0.00175	0.00866	0.00433	0.00331	0.01013
46	0.00987	0.00718	0.00939	0.01100	0.01187	0.00671	0.00784	0.01161	0.01558	0.02041	0.04619	0.56208	0.11489	0.02339	0.00994	0.00316	0.00483	0.11043	0.00719	0.00645
47	0.01560	0.01290	0.02026	0.42849	0.07259	0.01515	0.01752	0.02130	0.06830	0.06254	0.02012	0.09731	0.01737	0.01502	0.07922	0.00364	0.01016	0.00886	0.00468	0.00897
48	0.01901	0.01295	0.01891	0.20644	0.08136	0.01380	0.01590	0.08149	0.01969	0.13718	0.02759	0.04687	0.02538	0.01337	0.00888	0.00288	0.00822	0.24418	0.00634	0.00956
49	0.00986	0.00743	0.00902	0.00979	0.01116	0.00674	0.00696	0.01180	0.01678	0.02184	0.15196	0.35034	0.24283	0.06046	0.01124	0.00314	0.00450	0.05038	0.00727	0.00649
50	0.01885	0.01943	0.03276	0.03874	0.41044	0.06523	0.18749	0.02352	0.01790	0.02431	0.01698	0.07628	0.01515	0.00829	0.00820	0.00243	0.01018	0.00859	0.00414	0.01108
51	0.02973	0.01637	0.02252	0.02313	0.18560	0.01592	0.01523	0.16882	0.02418	0.38073	0.02397	0.02289	0.01615	0.00886	0.00776	0.00236	0.00767	0.00740	0.00775	0.01296
52	0.01561	0.01329	0.01558	0.01144	0.01788	0.01005	0.00905	0.01891	0.01599	0.02488	0.01581	0.06555	0.01427	0.00704	0.00603	0.00129	0.00566	0.00582	0.00478	0.72108
53	0.01747	0.19677	0.04347	0.09578	0.02169	0.10977	0.01322	0.01967	0.01465	0.01798	0.01522	0.02496	0.01507	0.18950	0.05597	0.00417	0.12575	0.00706	0.00382	0.00800
54	0.06993	0.01314	0.01622	0.01296	0.01779	0.01251	0.01044	0.11736	0.02267	0.39845	0.11177	0.03033	0.02544	0.05516	0.00966	0.00268	0.00635	0.00849	0.04734	0.01132
55	0.01834	0.01734	0.02929	0.04368	0.61013	0.01727	0.02209	0.02285	0.01810	0.02593	0.08287	0.02319	0.01858	0.00783	0.00783	0.00232	0.00864	0.00764	0.00432	0.01177
56	0.01352	0.00906	0.01137	0.01168	0.01317	0.00896	0.00860	0.06963	0.01746	0.05414	0.08383	0.30372	0.04178	0.17242	0.01608	0.00401	0.00607	0.14044	0.00691	0.00713
57	0.01031	0.00731	0.00971	0.01132	0.01202	0.00700	0.00811	0.01201	0.01514	0.02005	0.04047	0.51320	0.04743	0.09636	0.01313	0.00369	0.00539	0.15411	0.00693	0.00632
58	0.11073	0.02206	0.02100	0.01692	0.02248	0.10588	0.01370	0.41929	0.10627	0.05738	0.01877	0.01880	0.01366	0.00906	0.00735	0.00233	0.00860	0.00666	0.00703	0.01203
59	0.01854	0.01776	0.03029	0.14258	0.58925	0.01825	0.02347	0.02322	0.01735	0.02454	0.01447	0.01940	0.01200	0.00703	0.00769	0.00234	0.00937	0.00691	0.00378	0.01175
60	0.01936	0.01941	0.02923	0.15364	0.51454	0.08216	0.02259	0.02382	0.01771	0.02382	0.01421	0.01894	0.01175	0.00715	0.00762	0.00232	0.00985	0.00672	0.00379	0.01137
61	0.02896	0.03695	0.02197	0.01998	0.02397	0.69638	0.01498	0.03096	0.02197	0.01898	0.01199	0.01398	0.00999	0.00799	0.00699	0.00200	0.01398	0.00499	0.00400	0.00899
62	0.01834	0.31091	0.22162	0.01934	0.02689	0.05688	0.12570	0.02333	0.01673	0.02149	0.01550	0.05335	0.01382	0.00843	0.00697	0.00222	0.01006	0.03450	0.00381	0.01011
63	0.01040	0.00858	0.00907	0.00915	0.01145	0.00789	0.00666	0.01420	0.08374	0.02155	0.06461	0.16395	0.47088	0.06896	0.01126	0.00304	0.00449	0.01606	0.00710	0.00697
64	0.01604	0.01585	0.01991	0.18969	0.02668	0.08732	0.01535	0.01916	0.01649	0.02226	0.18688	0.02840	0.02683	0.01214	0.01481	0.00279	0.27778	0.00854	0.00483	0.00826
65	0.01769	0.01292	0.01555	0.01154	0.01764	0.01006	0.00921	0.02111	0.01762	0.10701	0.10458	0.02296	0.02071	0.00757	0.00645	0.00148	0.00557	0.00625	0.00574	0.57836
66	0.01140	0.00766	0.00887	0.00906	0.00924	0.00766	0.00550	0.01177	0.01196	0.01588	0.02615	0.05454	0.02989	0.65451	0.03649	0.00711	0.00748	0.07493	0.00495	0.00495
67	0.01940	0.43546	0.27499	0.01677	0.02513	0.02565	0.01896	0.06338	0.01728	0.02247	0.01241	0.01426	0.01011	0.00707	0.00602	0.00199	0.00946	0.00490	0.00358	0.01070
68	0.02210	0.59341	0.03645	0.01393	0.02020	0.07538	0.01321	0.02580	0.05749	0.06089	0.01341	0.01446	0.01140	0.00716	0.00548	0.00179	0.00845	0.00472	0.00405	0.01023

[dist]
# distance from previous block
# <min> <max>
0	3

[block]
# block no. 1 follows, 25 sequences, length 52
# corresponding to MSA columns:
# 135-186
name=unknown_B
#
# <colnr> <probs for GDERKNQSTAVLIFYWHMCP>
#	G	D	E	R	K	N	Q	S	T	A	V	L	I	F	Y	W	H	M	C	P
0	0.01732	0.02232	0.23565	0.01967	0.02691	0.01432	0.16824	0.02319	0.01870	0.10531	0.15316	0.02989	0.05698	0.00964	0.00818	0.00240	0.00890	0.00891	0.00554	0.06475
1	0.02421	0.06141	0.02774	0.02179	0.02700	0.34329	0.16612	0.05980	0.14412	0.02429	0.01685	0.01863	0.01317	0.00812	0.00762	0.00226	0.01175	0.00676	0.00486	0.01020
2	0.02612	0.02051	0.02475	0.02427	0.16509	0.02256	0.01666	0.45466	0.06561	0.04149	0.01806	0.01923	0.01342	0.00905	0.00856	0.00239	0.04107	0.00705	0.00672	0.01272
3	0.01131	0.00764	0.00976	0.01021	0.01172	0.00693	0.00728	0.01355	0.01785	0.06099	0.24125	0.38405	0.14803	0.02019	0.00944	0.00281	0.00428	0.01794	0.00774	0.00704
4	0.01555	0.04011	0.68733	0.02210	0.03356	0.01801	0.02865	0.02455	0.01637	0.02455	0.01391	0.01637	0.00982	0.00737	0.00737	0.00246	0.01146	0.00573	0.00327	0.01146
5	0.01128	0.00752	0.00846	0.00846	0.00846	0.00752	0.00470	0.01128	0.01128	0.01503	0.02443	0.05074	0.02819	0.72751	0.03946	0.00752	0.00752	0.01128	0.00470	0.00470
6	0.00955	0.00679	0.00897	0.01067	0.01109	0.00636	0.00706	0.01082	0.01465	0.01953	0.04174	0.68575	0.05002	0.06271	0.01151	0.00339	0.00466	0.02145	0.00706	0.00621
7	0.02243	0.01685	0.01840	0.01589	0.02065	0.01883	0.01267	0.15798	0.44234	0.10047	0.02949	0.02998	0.02237	0.01081	0.00801	0.00260	0.00670	0.04325	0.00799	0.01225
8	0.02043	0.09013	0.03162	0.02353	0.05894	0.02061	0.24690	0.06536	0.21143	0.06779	0.02055	0.02229	0.01557	0.00859	0.00929	0.00253	0.05959	0.00805	0.00557	0.01121
9	0.01919	0.01842	0.03147	0.04759	0.67914	0.01842	0.02380	0.02380	0.01765	0.02533	0.01458	0.01919	0.01228	0.00691	0.00768	0.00230	0.00921	0.00691	0.00384	0.01228
10	0.02896	0.03695	0.02197	0.01998	0.02397	0.69638	0.01498	0.03096	0.02197	0.01898	0.01199	0.01398	0.00999	0.00799	0.00699	0.00200	0.01398	0.00499	0.00400	0.00899
11	0.02073	0.73217	0.04063	0.01327	0.01990	0.03068	0.01327	0.02322	0.01575	0.01824	0.01078	0.01244	0.00995	0.00663	0.00498	0.00166	0.00829	0.00415	0.00332	0.00995
12	0.02145	0.01146	0.01304	0.01139	0.01506	0.01167	0.00895	0.02986	0.19427	0.21305	0.02848	0.02821	0.02071	0.00959	0.00676	0.00220	0.00513	0.00780	0.35065	0.01027
13	0.03038	0.01903	0.02146	0.01658	0.02263	0.02021	0.01366	0.44492	0.06873	0.22662	0.02273	0.02140	0.01548	0.00946	0.00778	0.00236	0.00785	0.00731	0.00828	0.01314
14	0.00953	0.00682	0.00908	0.01074	0.01127	0.00636	0.00720	0.01102	0.01525	0.02045	0.07923	0.68409	0.05254	0.02380	0.00985	0.00311	0.00445	0.02158	0.00727	0.00636
15	0.01118	0.00747	0.00849	0.00859	0.00861	0.00745	0.00484	0.01125	0.01147	0.01530	0.02544	0.08763	0.02946	0.68888	0.03784	0.00728	0.00735	0.01187	0.00484	0.00479
16	0.01678	0.00873	0.01142	0.01133	0.01359	0.00807	0.00862	0.01934	0.01772	0.18107	0.08194	0.31761	0.03939	0.01742	0.00875	0.00276	0.00514	0.09452	0.12752	0.00827
17	0.01033	0.00752	0.00935	0.00987	0.01107	0.00699	0.00695	0.01239	0.01704	0.02285	0.23705	0.28022	0.14908	0.13110	0.01424	0.00356	0.00478	0.05197	0.00721	0.00644
18	0.56860	0.01448	0.01328	0.01123	0.01637	0.01568	0.00925	0.02708	0.01577	0.22052	0.01645	0.01654	0.01148	0.00788	0.00566	0.00240	0.00617	0.00523	0.00617	0.00977
19	0.02947	0.02172	0.02327	0.01784	0.02404	0.02404	0.01474	0.65329	0.03646	0.04887	0.01862	0.01862	0.01319	0.00931	0.00776	0.00233	0.00853	0.00698	0.00776	0.01319
20	0.02174	0.01873	0.02330	0.01922	0.02173	0.02367	0.01593	0.25677	0.04944	0.03054	0.01426	0.01810	0.01189	0.01185	0.01807	0.00296	0.41925	0.00694	0.00522	0.01040
21	0.02470	0.02392	0.02028	0.01753	0.02226	0.22029	0.01369	0.19191	0.31744	0.03259	0.02253	0.02193	0.01700	0.00947	0.00759	0.00237	0.00905	0.00720	0.00671	0.01153
22	0.01919	0.01842	0.03147	0.04759	0.67914	0.01842	0.02380	0.02380	0.01765	0.02533	0.01458	0.01919	0.01228	0.00691	0.00768	0.00230	0.00921	0.00691	0.00384	0.01228
23	0.01919	0.01842	0.03147	0.04759	0.67914	0.01842	0.02380	0.02380	0.01765	0.02533	0.01458	0.01919	0.01228	0.00691	0.00768	0.00230	0.00921	0.00691	0.00384	0.01228
24	0.01464	0.01378	0.02326	0.70887	0.05340	0.01723	0.02153	0.01981	0.01550	0.01981	0.01378	0.02067	0.01034	0.00775	0.00775	0.00258	0.01034	0.00689	0.00345	0.00861
25	0.01608	0.01378	0.01608	0.01148	0.01837	0.01034	0.00919	0.01952	0.01608	0.02527	0.01378	0.01608	0.01148	0.00574	0.00574	0.00115	0.00574	0.00459	0.00459	0.77491
26	0.02623	0.03275	0.02684	0.02255	0.02712	0.52736	0.14294	0.02913	0.02074	0.02014	0.01264	0.01552	0.01035	0.00797	0.00833	0.00219	0.04807	0.00592	0.00395	0.00926
27	0.02896	0.03695	0.02197	0.01998	0.02397	0.69638	0.01498	0.03096	0.02197	0.01898	0.01199	0.01398	0.00999	0.00799	0.00699	0.00200	0.01398	0.00499	0.00400	0.00899
28	0.00995	0.00709	0.00898	0.01008	0.01099	0.00657	0.00689	0.01175	0.01609	0.02178	0.13770	0.49801	0.11528	0.05243	0.01079	0.00312	0.00441	0.01914	0.04251	0.00645
29	0.01016	0.00789	0.00923	0.00890	0.01108	0.00697	0.00667	0.01305	0.02002	0.02652	0.40631	0.06544	0.34476	0.01756	0.00915	0.00252	0.00378	0.01508	0.00793	0.00697
30	0.01096	0.00770	0.00979	0.01089	0.01167	0.00750	0.00784	0.01253	0.01462	0.01921	0.03747	0.27658	0.06809	0.26518	0.02028	0.00475	0.00629	0.19631	0.00632	0.00601
31	0.78228	0.01499	0.01140	0.01020	0.01499	0.01739	0.00840	0.02279	0.01320	0.03479	0.01080	0.01260	0.00840	0.00720	0.00480	0.00240	0.00600	0.00420	0.00480	0.00840
32	0.01464	0.01378	0.02326	0.70887	0.05340	0.01723	0.02153	0.01981	0.01550	0.01981	0.01378	0.02067	0.01034	0.00775	0.00775	0.00258	0.01034	0.00689	0.00345	0.00861
33	0.01804	0.01530	0.01639	0.01509	0.01892	0.01751	0.01165	0.03689	0.56698	0.03047	0.03230	0.07072	0.02642	0.04570	0.00963	0.00294	0.00616	0.03991	0.00766	0.01134
34	0.01126	0.00760	0.00886	0.00886	0.00900	0.00774	0.00520	0.01153	0.01139	0.01533	0.02406	0.04871	0.02731	0.66040	0.10537	0.00801	0.00885	0.01098	0.00464	0.00492
35	0.02197	0.62726	0.03781	0.01428	0.02051	0.13114	0.01353	0.02439	0.01669	0.01835	0.01096	0.01267	0.00996	0.00684	0.00528	0.00171	0.00915	0.00427	0.00342	0.00981
36	0.40644	0.01431	0.01644	0.12163	0.08772	0.01686	0.01288	0.02073	0.01377	0.02763	0.01308	0.01756	0.01089	0.01549	0.11174	0.00402	0.07018	0.00572	0.00428	0.00860
37	0.01718	0.01757	0.02858	0.09013	0.02835	0.02189	0.16748	0.02147	0.04963	0.02099	0.01301	0.01892	0.01131	0.01117	0.01889	0.00309	0.43993	0.00747	0.00377	0.00917
38	0.00978	0.00757	0.00895	0.00953	0.01125	0.00674	0.00695	0.01195	0.01756	0.02259	0.17598	0.28235	0.32535	0.02054	0.00949	0.00281	0.00424	0.05227	0.00744	0.00664
39	0.01003	0.00716	0.00967	0.01146	0.01217	0.00680	0.00821	0.01181	0.01542	0.02045	0.04241	0.60072	0.05001	0.02374	0.01005	0.00323	0.00500	0.13801	0.00719	0.00646
40	0.02073	0.73217	0.04063	0.01327	0.01990	0.03068	0.01327	0.02322	0.01575	0.01824	0.01078	0.01244	0.00995	0.00663	0.00498	0.00166	0.00829	0.00415	0.00332	0.00995
41	0.01205	0.00862	0.01191	0.01326	0.01498	0.00849	0.01126	0.01551	0.01843	0.02445	0.15650	0.11696	0.05018	0.02056	0.01038	0.00334	0.00636	0.48220	0.00740	0.00713
42	0.01186	0.00819	0.01016	0.01040	0.01246	0.00752	0.00814	0.01476	0.01878	0.05314	0.23770	0.13867	0.22385	0.01841	0.00932	0.00278	0.00473	0.15230	0.04961	0.00720
43	0.01555	0.04011	0.68733	0.02210	0.03356	0.01801	0.02865	0.02455	0.01637	0.02455	0.01391	0.01637	0.00982	0.00737	0.00737	0.00246	0.01146	0.00573	0.00327	0.01146
44	0.01053	0.00747	0.00927	0.01029	0.01101	0.00716	0.00709	0.01185	0.01441	0.01886	0.03979	0.32988	0.10330	0.26024	0.01992	0.00464	0.00589	0.11615	0.00635	0.00592
45	0.69185	0.01796	0.09112	0.01160	0.01718	0.01747	0.01079	0.02300	0.01357	0.03358	0.01116	0.01304	0.00857	0.00722	0.00510	0.00241	0.00664	0.00438	0.00462	0.00876
46	0.01067	0.00768	0.00904	0.00893	0.01008	0.00720	0.00598	0.01239	0.01640	0.02202	0.26297	0.09565	0.16594	0.30710	0.02155	0.00458	0.00533	0.01379	0.00665	0.00605
47	0.01818	0.06746	0.09781	0.01460	0.01891	0.01529	0.01274	0.20225	0.04412	0.05493	0.06487	0.29491	0.03136	0.01514	0.00843	0.00263	0.00687	0.01298	0.00680	0.00970
48	0.02373	0.13396	0.02882	0.11794	0.02995	0.30706	0.11361	0.08928	0.02069	0.02287	0.01323	0.01632	0.01063	0.00784	0.00779	0.00220	0.03418	0.00603	0.00416	0.00971
49	0.01116	0.00790	0.01036	0.01030	0.01108	0.00843	0.00710	0.01271	0.01285	0.01791	0.08809	0.04277	0.02893	0.36941	0.31802	0.00913	0.01281	0.01028	0.00485	0.00591
50	0.01813	0.01988	0.09596	0.14685	0.51807	0.01820	0.02393	0.02326	0.01719	0.02440	0.01439	0.01914	0.01174	0.00708	0.00766	0.00236	0.00961	0.00679	0.00372	0.01163
51	0.17472	0.01920	0.02014	0.01569	0.02163	0.02088	0.01294	0.44148	0.02966	0.11365	0.01821	0.01820	0.01284	0.00880	0.00711	0.00230	0.00773	0.00644	0.00726	0.04110

[dist]
# distance from previous block
# <min> <max>
0	1

[block]
# block no. 2 follows, 25 sequences, length 6
# corresponding to MSA columns:
# 188-193
name=unknown_C
#
# <colnr> <probs for GDERKNQSTAVLIFYWHMCP>
#	G	D	E	R	K	N	Q	S	T	A	V	L	I	F	Y	W	H	M	C	P
0	0.01051	0.00821	0.00970	0.01036	0.01226	0.00764	0.00784	0.01381	0.05315	0.02246	0.10786	0.25696	0.30739	0.02045	0.00956	0.00291	0.00473	0.11990	0.00734	0.00695
1	0.16407	0.24357	0.08132	0.05436	0.02364	0.02248	0.04696	0.11453	0.01881	0.09476	0.01456	0.01629	0.01119	0.00800	0.00754	0.00225	0.05469	0.00565	0.00491	0.01043
2	0.05430	0.30024	0.11418	0.01518	0.02195	0.02229	0.01472	0.09915	0.08586	0.17346	0.01862	0.01845	0.01370	0.00811	0.00652	0.00213	0.00804	0.00596	0.00574	0.01141
3	0.01102	0.00761	0.00939	0.00952	0.00998	0.00774	0.00608	0.01199	0.01289	0.01761	0.08893	0.11850	0.03346	0.46894	0.14689	0.00742	0.00911	0.01216	0.00524	0.00550
4	0.17226	0.01676	0.02409	0.02969	0.32557	0.01697	0.04782	0.02655	0.08332	0.09715	0.01724	0.01946	0.01331	0.00750	0.00705	0.00229	0.00789	0.00657	0.00511	0.07339
5	0.31485	0.01397	0.01353	0.01146	0.01580	0.01513	0.00928	0.15750	0.02038	0.09897	0.05989	0.02368	0.04245	0.00926	0.00628	0.00227	0.00589	0.00682	0.16307	0.00951

[dist]
# distance from previous block
# <min> <max>
1	3

[block]
# block no. 3 follows, 25 sequences, length 23
# corresponding to MSA columns:
# 197-219
name=unknown_D
#
# <colnr> <probs for GDERKNQSTAVLIFYWHMCP>
#	G	D	E	R	K	N	Q	S	T	A	V	L	I	F	Y	W	H	M	C	P
0	0.02056	0.01797	0.03029	0.04463	0.62144	0.01781	0.02271	0.02502	0.01805	0.08301	0.01599	0.01982	0.01289	0.00714	0.00769	0.00231	0.00898	0.00699	0.00434	0.01236
1	0.01953	0.01714	0.02661	0.03666	0.45175	0.01751	0.02025	0.12058	0.02063	0.02860	0.02021	0.03199	0.01853	0.01002	0.00826	0.00255	0.00871	0.12395	0.00507	0.01145
2	0.02351	0.01465	0.02460	0.31701	0.03755	0.01520	0.11560	0.02800	0.01870	0.29441	0.02100	0.02307	0.01421	0.00832	0.00799	0.00251	0.00922	0.00762	0.00605	0.01079
3	0.01274	0.00991	0.01173	0.01000	0.01369	0.00822	0.00763	0.01586	0.01805	0.02626	0.23351	0.10204	0.13282	0.01288	0.00765	0.00200	0.00454	0.01105	0.06899	0.29044
4	0.78228	0.01499	0.01140	0.01020	0.01499	0.01739	0.00840	0.02279	0.01320	0.03479	0.01080	0.01260	0.00840	0.00720	0.00480	0.00240	0.00600	0.00420	0.00480	0.00840
5	0.02704	0.02125	0.02639	0.02002	0.02635	0.02303	0.11387	0.51383	0.07612	0.04400	0.01903	0.01967	0.01367	0.00896	0.00798	0.00239	0.00908	0.00744	0.00717	0.01270
6	0.01919	0.01842	0.03147	0.04759	0.67914	0.01842	0.02380	0.02380	0.01765	0.02533	0.01458	0.01919	0.01228	0.00691	0.00768	0.00230	0.00921	0.00691	0.00384	0.01228
7	0.01608	0.01378	0.01608	0.01148	0.01837	0.01034	0.00919	0.01952	0.01608	0.02527	0.01378	0.01608	0.01148	0.00574	0.00574	0.00115	0.00574	0.00459	0.00459	0.77491
8	0.01681	0.01001	0.01180	0.01139	0.01385	0.01007	0.00888	0.11038	0.01961	0.08591	0.03182	0.21860	0.03095	0.01507	0.00797	0.00256	0.00538	0.10786	0.27273	0.00836
9	0.01086	0.00740	0.00888	0.00950	0.00975	0.00728	0.00592	0.01147	0.01271	0.01691	0.03062	0.23835	0.03568	0.48507	0.02933	0.00604	0.00666	0.05669	0.00556	0.00531
10	0.01116	0.00877	0.01312	0.01237	0.01432	0.00816	0.06517	0.01424	0.01884	0.02587	0.34114	0.27434	0.08441	0.01831	0.00950	0.00277	0.00502	0.05774	0.00753	0.00722
11	0.01128	0.00752	0.00846	0.00846	0.00846	0.00752	0.00470	0.01128	0.01128	0.01503	0.02443	0.05074	0.02819	0.72751	0.03946	0.00752	0.00752	0.01128	0.00470	0.00470
12	0.02139	0.01684	0.04778	0.01865	0.02402	0.01626	0.15497	0.12241	0.16621	0.14391	0.10729	0.07618	0.02632	0.01080	0.00841	0.00255	0.00789	0.00989	0.00714	0.01109
13	0.66479	0.01604	0.01325	0.01139	0.01641	0.01843	0.00939	0.12119	0.01683	0.03698	0.01202	0.01354	0.00914	0.00753	0.00526	0.00239	0.00639	0.00463	0.00526	0.00914
14	0.02258	0.50843	0.09270	0.01510	0.02177	0.11056	0.01477	0.05222	0.01788	0.06336	0.01282	0.01414	0.01068	0.00717	0.00574	0.00185	0.00918	0.00475	0.00399	0.01031
15	0.10452	0.01862	0.17362	0.01956	0.07953	0.01335	0.10774	0.01861	0.01595	0.02397	0.02833	0.26616	0.07049	0.01391	0.00835	0.00271	0.00791	0.01255	0.00523	0.00889
16	0.01347	0.00673	0.01010	0.01010	0.01010	0.00673	0.00673	0.01010	0.01010	0.01347	0.01347	0.02357	0.01347	0.02694	0.03030	0.77441	0.00673	0.00673	0.00337	0.00337
17	0.08522	0.14505	0.21907	0.02276	0.03043	0.02138	0.23075	0.05382	0.01723	0.02516	0.01363	0.01705	0.01056	0.00755	0.00883	0.00244	0.06816	0.00662	0.00385	0.01044
18	0.02122	0.01901	0.02549	0.08053	0.02799	0.06585	0.15287	0.22129	0.12539	0.03161	0.01948	0.02246	0.01503	0.01629	0.11556	0.00402	0.01159	0.00780	0.00574	0.01078
19	0.01835	0.18851	0.08032	0.01394	0.01896	0.01875	0.01274	0.18151	0.02191	0.02876	0.10763	0.03317	0.14636	0.01471	0.05467	0.00297	0.03223	0.00892	0.00589	0.00969
20	0.01913	0.03184	0.45699	0.01958	0.02882	0.01756	0.02292	0.13372	0.02083	0.08324	0.07526	0.02130	0.01684	0.00864	0.00763	0.00243	0.00986	0.00686	0.00504	0.01153
21	0.02314	0.02082	0.07773	0.08872	0.06000	0.14780	0.01504	0.03041	0.14354	0.17884	0.04600	0.04694	0.01873	0.00941	0.00760	0.00233	0.00866	0.00762	0.00624	0.06042
22	0.01179	0.00911	0.01220	0.01205	0.01292	0.01046	0.00898	0.01367	0.01329	0.01896	0.02847	0.17829	0.07037	0.14280	0.25228	0.00694	0.12108	0.01186	0.05780	0.00668

[dist]
# distance from previous block
# <min> <max>
0	2

[block]
# block no. 4 follows, 25 sequences, length 35
# corresponding to MSA columns:
# 222-256
name=unknown_E
#
# <colnr> <probs for GDERKNQSTAVLIFYWHMCP>
#	G	D	E	R	K	N	Q	S	T	A	V	L	I	F	Y	W	H	M	C	P
0	0.03945	0.01740	0.09919	0.09498	0.08720	0.01487	0.15924	0.02167	0.05367	0.02466	0.04094	0.03924	0.05461	0.01135	0.00859	0.00268	0.00905	0.15285	0.00512	0.06325
1	0.01789	0.01793	0.02467	0.17177	0.34986	0.10630	0.01930	0.02170	0.01731	0.02241	0.01893	0.14001	0.01830	0.01022	0.00798	0.00247	0.00926	0.00926	0.00436	0.01007
2	0.01080	0.00728	0.00942	0.01054	0.01161	0.00666	0.00727	0.01247	0.01605	0.05421	0.09202	0.56612	0.12174	0.02241	0.00965	0.00300	0.00448	0.02010	0.00742	0.00675
3	0.01857	0.01907	0.03633	0.08349	0.39960	0.01879	0.25961	0.02394	0.01776	0.02480	0.01495	0.01993	0.01197	0.00682	0.00824	0.00244	0.01073	0.00775	0.00384	0.01137
4	0.02896	0.03695	0.02197	0.01998	0.02397	0.69638	0.01498	0.03096	0.02197	0.01898	0.01199	0.01398	0.00999	0.00799	0.00699	0.00200	0.01398	0.00499	0.00400	0.00899
5	0.00972	0.00717	0.00915	0.01049	0.01149	0.00660	0.00737	0.01148	0.01600	0.02096	0.08931	0.52447	0.15750	0.02276	0.00978	0.00304	0.00454	0.06444	0.00728	0.00647
6	0.00986	0.00711	0.00892	0.01020	0.01090	0.00665	0.00686	0.01116	0.01472	0.01928	0.04394	0.50121	0.12331	0.14241	0.01484	0.00384	0.00506	0.04687	0.00677	0.00610
7	0.01070	0.00807	0.01004	0.01088	0.01235	0.00772	0.00796	0.01424	0.06257	0.02320	0.15641	0.38107	0.15524	0.02078	0.00960	0.00295	0.00467	0.08705	0.00747	0.00703
8	0.02073	0.73217	0.04063	0.01327	0.01990	0.03068	0.01327	0.02322	0.01575	0.01824	0.01078	0.01244	0.00995	0.00663	0.00498	0.00166	0.00829	0.00415	0.00332	0.00995
9	0.01238	0.00910	0.01022	0.01010	0.01123	0.00938	0.00671	0.01652	0.11936	0.01961	0.05249	0.08252	0.08746	0.45111	0.02761	0.00569	0.00670	0.04960	0.00582	0.00640
10	0.01121	0.00776	0.00968	0.00968	0.01011	0.00818	0.00623	0.01206	0.01164	0.01594	0.02331	0.04454	0.02550	0.52273	0.24056	0.00903	0.01157	0.01037	0.00453	0.00538
11	0.01464	0.01378	0.02326	0.70887	0.05340	0.01723	0.02153	0.01981	0.01550	0.01981	0.01378	0.02067	0.01034	0.00775	0.00775	0.00258	0.01034	0.00689	0.00345	0.00861
12	0.69525	0.01420	0.01128	0.01015	0.01461	0.01626	0.00828	0.02187	0.01418	0.03437	0.08575	0.01771	0.01570	0.00817	0.00529	0.00240	0.00573	0.00531	0.00522	0.00828
13	0.01891	0.25180	0.07789	0.01788	0.02395	0.02237	0.11793	0.03014	0.26890	0.02593	0.05276	0.02277	0.01870	0.00864	0.00717	0.00229	0.00824	0.00736	0.00545	0.01091
14	0.01222	0.01761	0.20323	0.01289	0.01814	0.01042	0.01316	0.01690	0.01860	0.02579	0.25557	0.04710	0.22270	0.01361	0.00834	0.00238	0.00615	0.01148	0.00630	0.07744
15	0.01190	0.00889	0.01116	0.01042	0.01254	0.00864	0.00787	0.01758	0.09334	0.03124	0.60362	0.05470	0.06767	0.01526	0.00901	0.00246	0.00393	0.01344	0.00846	0.00787
16	0.02181	0.28351	0.09494	0.03540	0.02545	0.12919	0.08633	0.09379	0.11155	0.02499	0.01567	0.01720	0.01245	0.00777	0.00676	0.00213	0.00978	0.00601	0.00461	0.01064
17	0.07994	0.01913	0.05187	0.02572	0.22319	0.01912	0.01685	0.22181	0.10274	0.13200	0.01997	0.02067	0.01459	0.00853	0.00752	0.00238	0.00810	0.00704	0.00644	0.01238
18	0.01010	0.00765	0.00931	0.00940	0.01117	0.00687	0.00686	0.01275	0.01914	0.02561	0.35942	0.20457	0.25133	0.01880	0.00931	0.00264	0.00392	0.01644	0.00785	0.00687
19	0.02511	0.02549	0.01831	0.01648	0.02028	0.39517	0.01249	0.02864	0.06168	0.12483	0.09113	0.07400	0.05174	0.01090	0.00770	0.00225	0.01013	0.00833	0.00596	0.00937
20	0.01171	0.00758	0.01006	0.01068	0.01195	0.00698	0.00753	0.01391	0.01762	0.07011	0.24322	0.46193	0.05599	0.02057	0.00951	0.00287	0.00438	0.01849	0.00779	0.00711
21	0.02506	0.01856	0.02383	0.02691	0.24700	0.04941	0.01669	0.16447	0.14730	0.16721	0.02189	0.02218	0.01598	0.00872	0.00773	0.00238	0.00816	0.00738	0.00665	0.01251
22	0.78228	0.01499	0.01140	0.01020	0.01499	0.01739	0.00840	0.02279	0.01320	0.03479	0.01080	0.01260	0.00840	0.00720	0.00480	0.00240	0.00600	0.00420	0.00480	0.00840
23	0.00936	0.00709	0.00865	0.00990	0.01101	0.00637	0.00680	0.01090	0.01571	0.02015	0.05370	0.52417	0.24249	0.02287	0.00967	0.00299	0.00432	0.02030	0.00720	0.00637
24	0.02224	0.60972	0.03764	0.01406	0.02061	0.02954	0.01352	0.13182	0.01932	0.02352	0.01213	0.01350	0.01051	0.00709	0.00545	0.00177	0.00833	0.00463	0.00408	0.01051
25	0.01826	0.01548	0.02172	0.01865	0.01950	0.02064	0.01545	0.02023	0.01311	0.09371	0.01377	0.01967	0.01232	0.01856	0.10537	0.00439	0.54907	0.00709	0.00419	0.00882
26	0.01338	0.00839	0.01101	0.01041	0.01254	0.00775	0.00798	0.01683	0.02101	0.09119	0.50403	0.09578	0.06248	0.01587	0.00901	0.00253	0.00423	0.05671	0.04108	0.00779
27	0.01055	0.00883	0.00933	0.00930	0.01191	0.00811	0.00705	0.01487	0.09075	0.02271	0.09495	0.10831	0.51063	0.01881	0.00913	0.00269	0.00434	0.04316	0.00733	0.00724
28	0.01664	0.01124	0.01366	0.01177	0.01483	0.01117	0.00919	0.15214	0.02505	0.08226	0.48871	0.04727	0.05649	0.01401	0.00875	0.00241	0.00491	0.01207	0.00845	0.00899
29	0.01259	0.00746	0.00825	0.00815	0.00924	0.00736	0.00546	0.01478	0.01527	0.02379	0.13694	0.04256	0.03235	0.29485	0.01955	0.00418	0.00517	0.01000	0.33580	0.00624
30	0.02057	0.01702	0.01811	0.01578	0.02033	0.01940	0.01241	0.14691	0.51621	0.03523	0.06801	0.02886	0.02481	0.01063	0.00794	0.00257	0.00641	0.00877	0.00791	0.01213
31	0.03141	0.01281	0.01703	0.01333	0.01872	0.01134	0.01087	0.06238	0.02177	0.56662	0.03234	0.02925	0.06472	0.01138	0.00930	0.05087	0.00651	0.00830	0.00895	0.01211
32	0.02129	0.01042	0.01362	0.01199	0.01533	0.00965	0.00942	0.02422	0.05729	0.28417	0.09610	0.04297	0.10708	0.04861	0.01365	0.13213	0.00609	0.07934	0.00755	0.00905
33	0.23706	0.06465	0.08572	0.02574	0.20642	0.03935	0.11081	0.02408	0.01642	0.04910	0.01376	0.01675	0.01083	0.00700	0.00672	0.00226	0.00883	0.00600	0.00429	0.06421
34	0.02360	0.17925	0.09953	0.01603	0.02196	0.16905	0.01444	0.06041	0.09295	0.13035	0.05920	0.02071	0.01720	0.00859	0.00692	0.00210	0.00896	0.00641	0.00561	0.05672

[dist]
# distance from previous block
# <min> <max>
0	17

[block]
# block no. 5 follows, 25 sequences, length 14
# corresponding to MSA columns:
# 274-287
name=unknown_F
#
# <colnr> <probs for GDERKNQSTAVLIFYWHMCP>
#	G	D	E	R	K	N	Q	S	T	A	V	L	I	F	Y	W	H	M	C	P
0	0.01566	0.01375	0.02092	0.22524	0.21644	0.01470	0.01691	0.07211	0.01857	0.02474	0.05898	0.09880	0.11182	0.01200	0.00836	0.00259	0.00793	0.04581	0.00525	0.00940
1	0.01008	0.00789	0.00912	0.00882	0.01103	0.00694	0.00661	0.01290	0.01983	0.02608	0.38012	0.06618	0.37122	0.01772	0.00915	0.00253	0.00379	0.01518	0.00788	0.00694
2	0.01231	0.01015	0.01373	0.01326	0.01371	0.01213	0.00988	0.01384	0.01339	0.01899	0.06700	0.24540	0.03173	0.16581	0.11580	0.00534	0.21246	0.01305	0.00526	0.00676
3	0.01327	0.01145	0.01952	0.01565	0.01817	0.01099	0.19211	0.01567	0.01480	0.02011	0.11257	0.04311	0.02970	0.41966	0.02647	0.00539	0.00859	0.01104	0.00501	0.00673
4	0.01593	0.01586	0.02314	0.64707	0.05076	0.07816	0.02095	0.02081	0.01608	0.01974	0.01362	0.02007	0.01030	0.00777	0.00768	0.00253	0.01066	0.00672	0.00349	0.00865
5	0.01954	0.01721	0.01842	0.01597	0.01902	0.07567	0.01272	0.12950	0.20779	0.03036	0.13036	0.02808	0.02574	0.01161	0.01189	0.00262	0.16959	0.00848	0.05533	0.01012
6	0.01108	0.00831	0.01246	0.01246	0.01385	0.00969	0.00969	0.01385	0.01246	0.01800	0.02077	0.03046	0.01938	0.05815	0.69678	0.01246	0.02077	0.00831	0.00415	0.00692
7	0.02316	0.01676	0.01976	0.01613	0.01980	0.01916	0.01298	0.32769	0.02469	0.08902	0.01906	0.02457	0.01582	0.11261	0.08851	0.00431	0.14143	0.00774	0.00630	0.01049
8	0.01201	0.00940	0.01036	0.01015	0.01276	0.00913	0.00787	0.01794	0.12689	0.02562	0.16753	0.06126	0.33398	0.01668	0.00878	0.00262	0.00456	0.07867	0.07603	0.00777
9	0.06384	0.16550	0.08398	0.02676	0.23723	0.07720	0.04802	0.02737	0.05930	0.11458	0.01666	0.01848	0.01285	0.00758	0.00699	0.00221	0.00907	0.00629	0.00480	0.01129
10	0.01046	0.00725	0.00903	0.00982	0.01013	0.00717	0.00621	0.01128	0.01293	0.01736	0.03211	0.34227	0.03753	0.36400	0.08205	0.00603	0.00732	0.01573	0.00574	0.00558
11	0.01909	0.01856	0.03187	0.04257	0.53392	0.01866	0.10107	0.02565	0.08197	0.02597	0.01641	0.02037	0.01335	0.00722	0.00788	0.00237	0.00939	0.00737	0.00425	0.01205
12	0.01637	0.01524	0.02551	0.20266	0.40887	0.01600	0.02033	0.02054	0.01664	0.02301	0.01934	0.14318	0.01866	0.01017	0.00808	0.00252	0.00866	0.00956	0.00433	0.01033
13	0.12380	0.15847	0.02224	0.01450	0.01953	0.08382	0.01211	0.21866	0.06932	0.05400	0.12678	0.02373	0.02260	0.00957	0.00699	0.00222	0.00761	0.00720	0.00634	0.01048

[dist]
# distance from previous block
# <min> <max>
1	6

[block]
# block no. 6 follows, 25 sequences, length 43
# corresponding to MSA columns:
# 294-336
name=unknown_G
#
# <colnr> <probs for GDERKNQSTAVLIFYWHMCP>
#	G	D	E	R	K	N	Q	S	T	A	V	L	I	F	Y	W	H	M	C	P
0	0.33522	0.15290	0.11208	0.01443	0.02086	0.02172	0.01376	0.19205	0.02033	0.03410	0.01331	0.01469	0.01016	0.00768	0.00597	0.00225	0.00785	0.00514	0.00511	0.01038
1	0.01885	0.01625	0.02082	0.08771	0.18451	0.04449	0.01522	0.13844	0.13180	0.03156	0.19447	0.03101	0.03036	0.01047	0.00810	0.00241	0.00739	0.00906	0.00646	0.01064
2	0.01692	0.01176	0.01573	0.04211	0.01706	0.01333	0.01122	0.01969	0.01769	0.13482	0.21266	0.03902	0.12207	0.01386	0.01362	0.00272	0.22181	0.01036	0.05494	0.00860
3	0.01608	0.01378	0.01608	0.01148	0.01837	0.01034	0.00919	0.01952	0.01608	0.02527	0.01378	0.01608	0.01148	0.00574	0.00574	0.00115	0.00574	0.00459	0.00459	0.77491
4	0.01701	0.01496	0.01961	0.38990	0.03663	0.07874	0.01644	0.06420	0.01898	0.05672	0.13253	0.07636	0.02483	0.01056	0.00808	0.00252	0.00879	0.00908	0.00526	0.00880
5	0.01248	0.00966	0.01205	0.01027	0.01359	0.00821	0.00787	0.01608	0.02021	0.02937	0.47973	0.04556	0.05494	0.01287	0.00814	0.00206	0.00427	0.01124	0.00737	0.23404
6	0.01531	0.19523	0.27043	0.01738	0.02406	0.01798	0.06254	0.02035	0.01550	0.02125	0.01901	0.13183	0.01818	0.01785	0.11579	0.00396	0.01115	0.00863	0.00410	0.00948
7	0.00945	0.00675	0.00900	0.01080	0.01125	0.00630	0.00720	0.01080	0.01484	0.01979	0.04274	0.72245	0.05128	0.02429	0.00990	0.00315	0.00450	0.02204	0.00720	0.00630
8	0.01776	0.24264	0.21920	0.01942	0.07003	0.04869	0.06042	0.02444	0.07991	0.02337	0.05929	0.02342	0.06248	0.00877	0.00705	0.00222	0.00903	0.00707	0.00444	0.01037
9	0.01633	0.02334	0.29480	0.01599	0.02346	0.01285	0.01712	0.02165	0.01654	0.08587	0.02102	0.15395	0.01922	0.01037	0.00742	0.00220	0.00797	0.00875	0.00502	0.23613
10	0.01559	0.01085	0.01363	0.01398	0.01650	0.01124	0.01197	0.12315	0.02077	0.02823	0.03528	0.06844	0.03619	0.01781	0.00954	0.00314	0.00692	0.44386	0.10475	0.00816
11	0.78228	0.01499	0.01140	0.01020	0.01499	0.01739	0.00840	0.02279	0.01320	0.03479	0.01080	0.01260	0.00840	0.00720	0.00480	0.00240	0.00600	0.00420	0.00480	0.00840
12	0.01608	0.01378	0.01608	0.01148	0.01837	0.01034	0.00919	0.01952	0.01608	0.02527	0.01378	0.01608	0.01148	0.00574	0.00574	0.00115	0.00574	0.00459	0.00459	0.77491
13	0.02169	0.23024	0.02827	0.25685	0.03302	0.08683	0.01669	0.18853	0.02170	0.02691	0.01400	0.01707	0.01094	0.00785	0.00686	0.00219	0.00960	0.00593	0.00459	0.01025
14	0.01125	0.00802	0.00950	0.01004	0.01078	0.00797	0.00666	0.01341	0.05282	0.01855	0.03504	0.23281	0.08006	0.38067	0.02485	0.00534	0.00635	0.07398	0.00596	0.00594
15	0.02051	0.62167	0.03706	0.01365	0.01994	0.02892	0.01311	0.02599	0.11604	0.02043	0.01399	0.01498	0.01207	0.00723	0.00543	0.00181	0.00796	0.00486	0.00402	0.01031
16	0.01004	0.00710	0.00904	0.01034	0.01086	0.00675	0.00688	0.01124	0.01431	0.01894	0.03985	0.50100	0.07129	0.18759	0.01680	0.00417	0.00534	0.05587	0.00661	0.00599
17	0.04981	0.03966	0.21165	0.02225	0.08959	0.01833	0.10074	0.11467	0.08100	0.02978	0.10742	0.02426	0.02080	0.00926	0.00876	0.00249	0.04555	0.00785	0.00529	0.01085
18	0.01021	0.00767	0.00855	0.00857	0.01001	0.00699	0.00580	0.01173	0.01596	0.02049	0.15561	0.10716	0.30950	0.26534	0.01974	0.00433	0.00517	0.01459	0.00655	0.00601
19	0.01464	0.01378	0.02326	0.70887	0.05340	0.01723	0.02153	0.01981	0.01550	0.01981	0.01378	0.02067	0.01034	0.00775	0.00775	0.00258	0.01034	0.00689	0.00345	0.00861
20	0.01464	0.01378	0.02326	0.70887	0.05340	0.01723	0.02153	0.01981	0.01550	0.01981	0.01378	0.02067	0.01034	0.00775	0.00775	0.00258	0.01034	0.00689	0.00345	0.00861
21	0.01808	0.01654	0.01987	0.01700	0.02020	0.04778	0.05286	0.07222	0.26886	0.02831	0.11134	0.03079	0.06517	0.01208	0.01242	0.00274	0.17800	0.00918	0.00641	0.01015
22	0.01878	0.01841	0.03202	0.03395	0.28747	0.01953	0.19195	0.06628	0.01803	0.02540	0.01609	0.02378	0.01397	0.00924	0.01173	0.00269	0.14642	0.04922	0.00427	0.01077
23	0.01219	0.01363	0.14021	0.01161	0.01388	0.00929	0.00992	0.01363	0.01253	0.01723	0.02308	0.12113	0.02538	0.40676	0.02843	0.11188	0.00781	0.01087	0.00454	0.00602
24	0.10953	0.01798	0.01809	0.01463	0.02011	0.14465	0.01179	0.03494	0.02124	0.48969	0.02498	0.02259	0.01631	0.00904	0.00734	0.00232	0.00797	0.00689	0.00802	0.01189
25	0.02544	0.06902	0.10915	0.01666	0.02304	0.01997	0.01513	0.30763	0.11207	0.14424	0.06172	0.02297	0.01860	0.00948	0.00763	0.00236	0.00797	0.00743	0.00724	0.01226
26	0.02527	0.01555	0.01909	0.01650	0.06589	0.01489	0.01233	0.11786	0.14681	0.25903	0.02379	0.02272	0.01681	0.00858	0.00728	0.00211	0.00674	0.00701	0.00735	0.20438
27	0.02022	0.63973	0.08530	0.01510	0.02214	0.02911	0.05465	0.02341	0.01596	0.01909	0.01130	0.01324	0.01006	0.00668	0.00540	0.00177	0.00881	0.00457	0.00335	0.01009
28	0.00962	0.00687	0.00920	0.01100	0.01152	0.00645	0.00750	0.01110	0.01502	0.01999	0.04264	0.68587	0.05090	0.02413	0.00994	0.00317	0.00465	0.05689	0.00719	0.00635
29	0.01542	0.01025	0.01568	0.01914	0.14252	0.01021	0.01242	0.01681	0.01516	0.06453	0.02498	0.06230	0.02504	0.02226	0.06474	0.25113	0.00827	0.20660	0.00525	0.00730
30	0.01870	0.01816	0.03171	0.10869	0.57513	0.01839	0.06797	0.02349	0.01750	0.02478	0.01459	0.01945	0.01206	0.00696	0.00779	0.00235	0.00959	0.00707	0.00381	0.01181
31	0.04029	0.01172	0.01621	0.01365	0.01766	0.01097	0.04930	0.02700	0.08075	0.30432	0.16850	0.16234	0.03634	0.01350	0.00850	0.00258	0.00592	0.01186	0.00830	0.01029
32	0.03340	0.01541	0.01937	0.01485	0.02090	0.01469	0.01227	0.19800	0.02590	0.51906	0.02747	0.02437	0.01763	0.00952	0.00779	0.00238	0.00710	0.00758	0.00912	0.01319
33	0.01411	0.01057	0.01324	0.10799	0.01935	0.01149	0.01063	0.03977	0.14917	0.02607	0.07622	0.22562	0.03385	0.01503	0.00832	0.00268	0.00579	0.07207	0.14966	0.00837
34	0.01711	0.01617	0.02703	0.15521	0.48444	0.01664	0.02113	0.02143	0.01711	0.02374	0.02061	0.06772	0.05993	0.00902	0.00793	0.00243	0.00874	0.00851	0.00421	0.01088
