[name]
unknown

[dist]
# distance from previous block
# <min> <max>
0	61

[block]
# block no. 0 follows, 22 sequences, length 16
# corresponding to MSA columns:
# 66-81
name=unknown_A
#
# <colnr> <probs for GDERKNQSTAVLIFYWHMCP>
#	G	D	E	R	K	N	Q	S	T	A	V	L	I	F	Y	W	H	M	C	P
0	0.01638	0.01256	0.01444	0.01358	0.01652	0.05664	0.01036	0.04214	0.01757	0.06880	0.02915	0.20834	0.02998	0.05859	0.18519	0.00570	0.01104	0.06255	0.00623	0.13423
1	0.01675	0.01219	0.06811	0.01266	0.01602	0.00929	0.01052	0.02001	0.02009	0.15817	0.21283	0.26594	0.10777	0.01821	0.00960	0.00288	0.00562	0.01597	0.00828	0.00909
2	0.06947	0.01554	0.07982	0.01775	0.06657	0.01336	0.05697	0.02023	0.01833	0.05374	0.15949	0.09188	0.06673	0.01639	0.05655	0.00336	0.06003	0.01078	0.05057	0.07244
3	0.06421	0.12286	0.07845	0.02576	0.14512	0.09171	0.10613	0.02911	0.07859	0.09723	0.01877	0.02128	0.01456	0.01212	0.05575	0.00323	0.01114	0.00725	0.00521	0.01153
4	0.09863	0.06780	0.05469	0.01590	0.05699	0.01405	0.01269	0.02949	0.02079	0.32467	0.09968	0.07984	0.06558	0.01202	0.00819	0.00258	0.00691	0.00990	0.00806	0.01155
5	0.01807	0.01131	0.01386	0.01308	0.01570	0.01150	0.00961	0.05065	0.12683	0.13390	0.07930	0.25033	0.03765	0.12012	0.06465	0.00448	0.00742	0.01443	0.00778	0.00933
6	0.02395	0.01284	0.01956	0.01546	0.02017	0.01158	0.09961	0.02763	0.02150	0.29782	0.16968	0.04004	0.07049	0.06182	0.01121	0.00297	0.00704	0.01081	0.06505	0.01075
7	0.17772	0.01274	0.01468	0.04990	0.01893	0.01294	0.01055	0.02667	0.08153	0.21229	0.06213	0.16706	0.09129	0.01427	0.00835	0.00279	0.00623	0.01188	0.00783	0.01022
8	0.01249	0.00863	0.01036	0.01016	0.01250	0.00762	0.00752	0.01519	0.02035	0.07087	0.27537	0.18403	0.29479	0.01976	0.00985	0.00282	0.00442	0.01711	0.00840	0.00776
9	0.57656	0.01503	0.01325	0.01150	0.01655	0.01656	0.00941	0.02618	0.01659	0.13784	0.07630	0.02053	0.01751	0.00901	0.00611	0.00257	0.00629	0.00613	0.00636	0.00972
10	0.15836	0.01323	0.01490	0.01288	0.01719	0.01336	0.01011	0.06237	0.07953	0.25105	0.02922	0.12544	0.02412	0.04137	0.00920	0.00285	0.00631	0.01002	0.10769	0.01081
11	0.01561	0.00875	0.01140	0.01157	0.01316	0.00809	0.00801	0.01727	0.01713	0.13856	0.08285	0.40324	0.04536	0.15912	0.01648	0.00411	0.00582	0.01789	0.00775	0.00784
12	0.01232	0.00910	0.01138	0.01117	0.01293	0.00887	0.00808	0.01729	0.08018	0.02959	0.41973	0.18451	0.06456	0.07746	0.01261	0.00325	0.00471	0.01592	0.00844	0.00789
13	0.01921	0.00978	0.01281	0.01184	0.01438	0.00891	0.00861	0.02145	0.01923	0.22015	0.16744	0.23471	0.04465	0.14916	0.01577	0.00386	0.00594	0.01488	0.00830	0.00893
14	0.01887	0.01279	0.01515	0.01391	0.01703	0.01329	0.01053	0.14780	0.09260	0.09525	0.06061	0.27044	0.06968	0.05012	0.06785	0.00403	0.00771	0.01465	0.00785	0.00982
15	0.01917	0.01789	0.02381	0.12648	0.26223	0.07942	0.01822	0.08084	0.02021	0.02660	0.02508	0.10399	0.06678	0.01497	0.05521	0.00336	0.01016	0.00995	0.02501	0.01060

[dist]
# distance from previous block
# <min> <max>
0	3

[block]
# block no. 1 follows, 22 sequences, length 21
# corresponding to MSA columns:
# 85-105
name=unknown_B
#
# <colnr> <probs for GDERKNQSTAVLIFYWHMCP>
#	G	D	E	R	K	N	Q	S	T	A	V	L	I	F	Y	W	H	M	C	P
0	0.01288	0.07406	0.01402	0.01176	0.01346	0.01084	0.00861	0.03986	0.01706	0.02283	0.10949	0.31557	0.06592	0.12914	0.11094	0.00522	0.00826	0.01604	0.00665	0.00741
1	0.11401	0.01321	0.01920	0.01547	0.01999	0.01248	0.09882	0.02607	0.02043	0.24083	0.18269	0.07913	0.03543	0.07123	0.01155	0.00313	0.00715	0.01104	0.00788	0.01027
2	0.01470	0.00863	0.01098	0.01114	0.01314	0.00783	0.00806	0.01709	0.01884	0.11657	0.15076	0.36449	0.12720	0.02030	0.00967	0.00294	0.00484	0.01794	0.06678	0.00811
3	0.08871	0.01655	0.02441	0.08416	0.09227	0.01736	0.13032	0.08346	0.11427	0.02895	0.02264	0.08444	0.02041	0.11138	0.01335	0.00346	0.00904	0.00985	0.00573	0.03923
4	0.01472	0.01080	0.01484	0.16719	0.02366	0.01158	0.01176	0.01969	0.08358	0.06426	0.11164	0.26225	0.03920	0.11039	0.01388	0.00366	0.00691	0.01474	0.00685	0.00838
5	0.01075	0.00757	0.00972	0.01090	0.01148	0.00716	0.00718	0.01223	0.01614	0.02179	0.12364	0.48219	0.05300	0.16564	0.01704	0.00424	0.00537	0.02007	0.00735	0.00654
6	0.19054	0.01675	0.01801	0.01513	0.01960	0.04675	0.04493	0.18497	0.04750	0.06129	0.06771	0.08102	0.07501	0.01371	0.01030	0.07287	0.00759	0.00954	0.00679	0.00999
7	0.13527	0.02009	0.05043	0.02153	0.11714	0.07005	0.01532	0.15988	0.05234	0.09432	0.02132	0.08501	0.01836	0.04668	0.01091	0.00294	0.05214	0.00869	0.00634	0.01126
8	0.01165	0.00838	0.00984	0.01010	0.01105	0.00810	0.00658	0.01382	0.04106	0.02156	0.13856	0.20597	0.11907	0.32940	0.02451	0.00526	0.00612	0.01574	0.00677	0.00644
9	0.01160	0.00865	0.01217	0.01230	0.01365	0.00958	0.00922	0.01404	0.01384	0.01930	0.02953	0.08392	0.07769	0.13417	0.49829	0.01116	0.01785	0.01100	0.00501	0.00705
10	0.02250	0.01762	0.02068	0.09030	0.12537	0.09742	0.01507	0.02994	0.13428	0.15023	0.17313	0.03327	0.03179	0.01117	0.00858	0.00258	0.00808	0.00950	0.00726	0.01123
11	0.01527	0.01153	0.01394	0.01300	0.01477	0.01293	0.00943	0.07379	0.10691	0.02329	0.02487	0.03941	0.02424	0.30738	0.23830	0.00833	0.03900	0.01006	0.00559	0.00797
12	0.01221	0.00886	0.01202	0.01153	0.01232	0.00909	0.03636	0.01336	0.01309	0.01782	0.02665	0.10808	0.02949	0.46270	0.18309	0.00858	0.01130	0.01231	0.00511	0.00604
13	0.01265	0.00798	0.01032	0.01137	0.01241	0.00739	0.00769	0.01410	0.01625	0.07488	0.04422	0.53328	0.07960	0.10899	0.01430	0.00386	0.00538	0.02058	0.00760	0.00717
14	0.07366	0.01373	0.02161	0.53269	0.04716	0.01670	0.01965	0.02001	0.01631	0.02248	0.01921	0.12443	0.01755	0.01094	0.00841	0.00284	0.00976	0.00961	0.00441	0.00883
15	0.10029	0.01491	0.01667	0.01215	0.01929	0.01191	0.00975	0.02131	0.01688	0.02820	0.01441	0.01681	0.01194	0.00633	0.00604	0.00138	0.00618	0.00487	0.00495	0.67573
16	0.48140	0.01702	0.01602	0.01324	0.01892	0.01866	0.01092	0.14044	0.02075	0.16692	0.01744	0.01770	0.01230	0.00866	0.00639	0.00256	0.00706	0.00584	0.00678	0.01100
17	0.02056	0.01974	0.03372	0.05099	0.65622	0.01974	0.02550	0.02550	0.01892	0.02714	0.01563	0.02056	0.01316	0.00740	0.00822	0.00247	0.00987	0.00740	0.00411	0.01316
18	0.02540	0.14654	0.03216	0.04742	0.18908	0.24470	0.07501	0.09518	0.02238	0.02612	0.01455	0.01757	0.01189	0.00802	0.00764	0.00228	0.01177	0.00643	0.00454	0.01135
19	0.01040	0.00740	0.00974	0.01130	0.01189	0.00693	0.00755	0.01198	0.01637	0.02201	0.10086	0.60187	0.05555	0.06855	0.01254	0.00360	0.00494	0.02208	0.00767	0.00674
20	0.02032	0.01901	0.02965	0.07798	0.47099	0.01989	0.02240	0.02973	0.16800	0.02864	0.01994	0.02315	0.01597	0.00838	0.00828	0.00257	0.00915	0.00788	0.00513	0.01294

[dist]
# distance from previous block
# <min> <max>
0	1

[block]
# block no. 2 follows, 22 sequences, length 53
# corresponding to MSA columns:
# 107-159
name=unknown_C
#
# <colnr> <probs for GDERKNQSTAVLIFYWHMCP>
#	G	D	E	R	K	N	Q	S	T	A	V	L	I	F	Y	W	H	M	C	P
0	0.07318	0.01910	0.02730	0.03502	0.37104	0.01975	0.01972	0.17284	0.02372	0.07590	0.01838	0.02122	0.01421	0.00841	0.00787	0.00245	0.00884	0.00732	0.06096	0.01279
1	0.01181	0.00835	0.01101	0.01118	0.01188	0.00896	0.00764	0.01325	0.01299	0.01797	0.02623	0.10385	0.02830	0.36104	0.31856	0.00996	0.01402	0.01173	0.00502	0.00624
2	0.76672	0.01607	0.01221	0.01092	0.01607	0.01864	0.00900	0.02442	0.01414	0.03727	0.01157	0.01350	0.00900	0.00771	0.00514	0.00257	0.00643	0.00450	0.00514	0.00900
3	0.02039	0.02588	0.19437	0.03771	0.30091	0.01949	0.18333	0.02693	0.01906	0.06671	0.01683	0.02078	0.01282	0.00760	0.00856	0.00260	0.01138	0.00778	0.00437	0.01249
4	0.01421	0.00736	0.01104	0.01104	0.01117	0.00749	0.00749	0.01117	0.01104	0.01485	0.01511	0.02589	0.01498	0.03176	0.08829	0.69359	0.00852	0.00736	0.00368	0.00394
5	0.18075	0.01452	0.01789	0.01402	0.02020	0.01347	0.01158	0.03733	0.02188	0.53910	0.02860	0.02537	0.01829	0.00978	0.00772	0.00257	0.00694	0.00760	0.00927	0.01313
6	0.01149	0.00853	0.01079	0.01076	0.01277	0.00783	0.00824	0.01490	0.02161	0.02943	0.42968	0.11142	0.18004	0.01908	0.01007	0.00285	0.00450	0.08980	0.00860	0.00759
7	0.01157	0.00848	0.01085	0.01026	0.01230	0.00776	0.00769	0.01532	0.02308	0.03227	0.59760	0.06376	0.13328	0.01737	0.00980	0.00263	0.00395	0.01526	0.00901	0.00776
8	0.02066	0.01785	0.01878	0.01691	0.02160	0.02066	0.01315	0.04414	0.64121	0.03475	0.03381	0.03099	0.02536	0.01127	0.00845	0.00282	0.00657	0.00939	0.00845	0.01315
9	0.76672	0.01607	0.01221	0.01092	0.01607	0.01864	0.00900	0.02442	0.01414	0.03727	0.01157	0.01350	0.00900	0.00771	0.00514	0.00257	0.00643	0.00450	0.00514	0.00900
10	0.03727	0.01414	0.01928	0.01478	0.02121	0.01221	0.01221	0.04049	0.02378	0.66198	0.03277	0.02828	0.02056	0.01028	0.00835	0.00257	0.00707	0.00835	0.01028	0.01414
11	0.02066	0.01785	0.01878	0.01691	0.02160	0.02066	0.01315	0.04414	0.64121	0.03475	0.03381	0.03099	0.02536	0.01127	0.00845	0.00282	0.00657	0.00939	0.00845	0.01315
12	0.02221	0.71304	0.04353	0.01421	0.02132	0.03287	0.01421	0.02488	0.01688	0.01955	0.01155	0.01333	0.01066	0.00711	0.00533	0.00178	0.00888	0.00444	0.00355	0.01066
13	0.76672	0.01607	0.01221	0.01092	0.01607	0.01864	0.00900	0.02442	0.01414	0.03727	0.01157	0.01350	0.00900	0.00771	0.00514	0.00257	0.00643	0.00450	0.00514	0.00900
14	0.00982	0.00842	0.00842	0.00842	0.01122	0.00701	0.00631	0.01192	0.01894	0.02244	0.08416	0.07995	0.65285	0.02104	0.00982	0.00281	0.00421	0.01753	0.00771	0.00701
15	0.76672	0.01607	0.01221	0.01092	0.01607	0.01864	0.00900	0.02442	0.01414	0.03727	0.01157	0.01350	0.00900	0.00771	0.00514	0.00257	0.00643	0.00450	0.00514	0.00900
16	0.01856	0.01734	0.02911	0.04344	0.53277	0.01725	0.02209	0.02283	0.01834	0.02600	0.02141	0.15127	0.02117	0.01097	0.00868	0.00264	0.00890	0.01051	0.00480	0.01193
17	0.17707	0.01451	0.01792	0.01404	0.02022	0.01344	0.01159	0.03741	0.02193	0.54226	0.02871	0.02544	0.01835	0.00979	0.00774	0.00257	0.00695	0.00762	0.00930	0.01315
18	0.01264	0.00967	0.01292	0.01340	0.01504	0.01061	0.01010	0.01807	0.10316	0.02244	0.03284	0.25244	0.03414	0.04092	0.32487	0.00805	0.01350	0.05090	0.00627	0.00802
19	0.03585	0.01372	0.01852	0.01432	0.02045	0.01192	0.01179	0.03910	0.02336	0.62073	0.03240	0.02845	0.02061	0.01024	0.00819	0.00253	0.00686	0.00831	0.05890	0.01372
20	0.01357	0.01064	0.01505	0.01919	0.13608	0.01044	0.01187	0.01604	0.01665	0.02210	0.03785	0.15546	0.09714	0.21007	0.01910	0.00457	0.00744	0.18269	0.00626	0.00779
21	0.09649	0.02827	0.31928	0.14880	0.03578	0.01788	0.06108	0.02776	0.01829	0.14276	0.01793	0.02028	0.01244	0.00833	0.00790	0.00265	0.01061	0.00685	0.00499	0.01163
22	0.01045	0.00743	0.00984	0.01164	0.01218	0.00701	0.00789	0.01196	0.01586	0.02110	0.04439	0.62197	0.05288	0.07041	0.01273	0.00371	0.00521	0.05912	0.00753	0.00669
23	0.03727	0.01414	0.01928	0.01478	0.02121	0.01221	0.01221	0.04049	0.02378	0.66198	0.03277	0.02828	0.02056	0.01028	0.00835	0.00257	0.00707	0.00835	0.01028	0.01414
24	0.02184	0.01670	0.02747	0.29619	0.29746	0.01779	0.02199	0.02668	0.01894	0.14646	0.01857	0.02267	0.01375	0.00831	0.00828	0.00261	0.00981	0.00758	0.00513	0.01179
25	0.01885	0.01821	0.03162	0.26612	0.41758	0.01938	0.05947	0.02411	0.01817	0.02510	0.01540	0.02121	0.01242	0.00769	0.00834	0.00259	0.01052	0.00753	0.00397	0.01171
26	0.71166	0.01634	0.01380	0.01388	0.06331	0.01872	0.01021	0.02450	0.01449	0.03652	0.01187	0.01402	0.00930	0.00769	0.00537	0.00256	0.00668	0.00471	0.00507	0.00930
27	0.01237	0.00925	0.01264	0.01485	0.04413	0.00892	0.01132	0.01547	0.01861	0.02434	0.08808	0.23294	0.12619	0.02235	0.01080	0.00345	0.00639	0.32270	0.00761	0.00762
28	0.03058	0.07984	0.02517	0.02040	0.02542	0.48264	0.01587	0.17033	0.02670	0.02769	0.01440	0.01602	0.01149	0.00879	0.00754	0.00220	0.01323	0.00578	0.00517	0.01074
29	0.01119	0.00840	0.01037	0.01002	0.01210	0.00758	0.00746	0.01453	0.02196	0.02998	0.47906	0.10351	0.21634	0.01849	0.00985	0.00270	0.00404	0.01613	0.00871	0.00758
30	0.01297	0.00858	0.01080	0.01060	0.01256	0.00779	0.00770	0.01573	0.02031	0.07402	0.33506	0.20750	0.15931	0.06437	0.01200	0.00317	0.00467	0.01670	0.00840	0.00774
31	0.01012	0.00723	0.00964	0.01157	0.01205	0.00675	0.00771	0.01157	0.01591	0.02121	0.04579	0.70262	0.05495	0.02603	0.01060	0.00337	0.00482	0.02362	0.00771	0.00675
32	0.01067	0.00843	0.00968	0.00990	0.01218	0.00744	0.00752	0.01332	0.01977	0.02519	0.21381	0.13780	0.39552	0.02073	0.01005	0.00292	0.00454	0.07522	0.00805	0.00725
33	0.08583	0.02274	0.02399	0.01851	0.02505	0.02524	0.01529	0.58394	0.03722	0.05124	0.01933	0.01947	0.01375	0.00981	0.00808	0.00250	0.00894	0.00726	0.00808	0.01375
34	0.01569	0.01477	0.02492	0.68808	0.05722	0.01846	0.02307	0.02123	0.01661	0.02123	0.01477	0.02215	0.01107	0.00831	0.00831	0.00277	0.01107	0.00738	0.00369	0.00923
35	0.02276	0.01888	0.01996	0.01733	0.02240	0.02164	0.01366	0.15614	0.52582	0.03813	0.03115	0.02888	0.02321	0.01102	0.00843	0.00276	0.00707	0.00903	0.00843	0.01334
36	0.01846	0.03068	0.30058	0.03134	0.07751	0.02023	0.34561	0.02642	0.01872	0.02652	0.01596	0.02030	0.01179	0.00739	0.00892	0.00271	0.01305	0.00816	0.00391	0.01176
37	0.02783	0.02689	0.18541	0.01965	0.02758	0.02230	0.01899	0.37616	0.06679	0.11379	0.02093	0.02092	0.01460	0.00956	0.00822	0.00256	0.00955	0.00735	0.00733	0.01361
38	0.01899	0.01813	0.03088	0.25674	0.46277	0.01932	0.02471	0.02412	0.01817	0.02523	0.01535	0.02107	0.01249	0.00769	0.00825	0.00256	0.01026	0.00740	0.00398	0.01189
39	0.01012	0.00723	0.00964	0.01157	0.01205	0.00675	0.00771	0.01157	0.01591	0.02121	0.04579	0.70262	0.05495	0.02603	0.01060	0.00337	0.00482	0.02362	0.00771	0.00675
40	0.02110	0.25536	0.19580	0.05768	0.02850	0.04864	0.07185	0.02628	0.01884	0.09419	0.05735	0.02455	0.01804	0.00920	0.00757	0.00240	0.01001	0.03666	0.00494	0.01105
41	0.02675	0.25395	0.16671	0.01774	0.02525	0.14414	0.01755	0.03096	0.02013	0.19531	0.01827	0.01859	0.01332	0.00841	0.00710	0.00224	0.01026	0.00604	0.00550	0.01176
42	0.02157	0.01158	0.01445	0.01233	0.01607	0.01104	0.00970	0.06563	0.05964	0.21954	0.31317	0.04360	0.04684	0.01329	0.00869	0.00252	0.00534	0.01132	0.10326	0.01041
43	0.02527	0.02089	0.15316	0.19479	0.12036	0.01628	0.02056	0.03061	0.02001	0.28179	0.02218	0.02347	0.01508	0.00890	0.00823	0.00262	0.00954	0.00753	0.00637	0.01236
44	0.02414	0.17697	0.09862	0.02680	0.20828	0.02205	0.01894	0.08052	0.10299	0.13100	0.02017	0.02119	0.01520	0.00858	0.00760	0.00240	0.00896	0.00703	0.00584	0.01274
45	0.01791	0.04122	0.62585	0.02314	0.03506	0.01886	0.02957	0.02717	0.01792	0.06485	0.01599	0.01819	0.01113	0.00804	0.00792	0.00263	0.01196	0.00627	0.00392	0.01239
46	0.00985	0.00828	0.00855	0.00877	0.01131	0.00698	0.00647	0.01188	0.01860	0.02230	0.07989	0.14913	0.58642	0.02159	0.00991	0.00287	0.00428	0.01821	0.00771	0.00698
47	0.01656	0.07741	0.07962	0.06932	0.18807	0.01663	0.04768	0.02291	0.09195	0.02494	0.02737	0.24691	0.02784	0.01409	0.00884	0.00280	0.00821	0.01276	0.00570	0.01039
48	0.06769	0.02107	0.14318	0.01695	0.02427	0.01616	0.01605	0.09592	0.09042	0.38013	0.02712	0.02494	0.01794	0.00977	0.00811	0.00260	0.00819	0.00776	0.00833	0.01341
49	0.02139	0.06110	0.03283	0.08830	0.53848	0.01998	0.02382	0.02612	0.01895	0.06621	0.01640	0.02071	0.01334	0.00762	0.00806	0.00245	0.00971	0.00728	0.00444	0.01281
50	0.01698	0.01555	0.01623	0.01528	0.01748	0.12562	0.01190	0.05580	0.01687	0.02225	0.02007	0.02780	0.01803	0.04352	0.43621	0.00942	0.06289	0.00803	0.05174	0.00833
51	0.04797	0.01929	0.01911	0.01558	0.02030	0.12709	0.01225	0.07114	0.01906	0.06448	0.01662	0.02166	0.01431	0.07187	0.04333	0.00310	0.10460	0.00652	0.00522	0.29650
52	0.16858	0.01789	0.02115	0.02455	0.19932	0.05561	0.01520	0.08622	0.10392	0.05769	0.14008	0.02841	0.02669	0.01024	0.00792	0.00255	0.00773	0.00848	0.00651	0.01124

[dist]
# distance from previous block
# <min> <max>
0	3

[block]
# block no. 3 follows, 22 sequences, length 10
# corresponding to MSA columns:
# 163-172
name=unknown_D
#
# <colnr> <probs for GDERKNQSTAVLIFYWHMCP>
#	G	D	E	R	K	N	Q	S	T	A	V	L	I	F	Y	W	H	M	C	P
0	0.02037	0.08673	0.30692	0.02806	0.10627	0.02176	0.16629	0.11181	0.02119	0.02963	0.01588	0.01903	0.01184	0.00786	0.00823	0.00256	0.01169	0.00720	0.00443	0.01226
1	0.01313	0.01001	0.01204	0.01128	0.01360	0.00993	0.00840	0.01988	0.12499	0.03150	0.46267	0.05755	0.10569	0.06843	0.01203	0.00307	0.00469	0.01404	0.00862	0.00845
2	0.01966	0.02190	0.12827	0.21711	0.26263	0.01972	0.05333	0.05283	0.01882	0.05444	0.01597	0.02077	0.01237	0.00845	0.00961	0.00268	0.05808	0.00735	0.00434	0.01165
3	0.01581	0.01394	0.01652	0.01508	0.01777	0.01634	0.01192	0.02571	0.24127	0.02586	0.04066	0.04171	0.18996	0.02281	0.12029	0.00468	0.15228	0.01105	0.00660	0.00973
4	0.01055	0.00778	0.00987	0.01076	0.01202	0.00710	0.00753	0.01281	0.01857	0.02489	0.22667	0.42095	0.15465	0.02264	0.01025	0.00307	0.00446	0.02019	0.00813	0.00710
5	0.02758	0.01367	0.01708	0.01384	0.01874	0.01306	0.01115	0.11652	0.05241	0.33915	0.18572	0.03589	0.03441	0.01191	0.00851	0.00253	0.00630	0.00990	0.06964	0.01200
6	0.01224	0.00812	0.00937	0.00931	0.01103	0.00760	0.00667	0.01508	0.01898	0.02741	0.25601	0.11198	0.16106	0.10795	0.01316	0.00326	0.00458	0.01401	0.19497	0.00720
7	0.02221	0.71304	0.04353	0.01421	0.02132	0.03287	0.01421	0.02488	0.01688	0.01955	0.01155	0.01333	0.01066	0.00711	0.00533	0.00178	0.00888	0.00444	0.00355	0.01066
8	0.01254	0.00871	0.01172	0.01211	0.01332	0.00936	0.00916	0.01497	0.01452	0.02057	0.02810	0.05061	0.02879	0.22309	0.31382	0.00902	0.01391	0.12868	0.07014	0.00685
9	0.08291	0.02758	0.02315	0.01899	0.02472	0.24280	0.01514	0.34169	0.03095	0.08650	0.01794	0.01845	0.01310	0.00936	0.00782	0.00239	0.01076	0.00662	0.00688	0.01226

[dist]
# distance from previous block
# <min> <max>
0	1

[block]
# block no. 4 follows, 22 sequences, length 8
# corresponding to MSA columns:
# 176-183
name=unknown_E
#
# <colnr> <probs for GDERKNQSTAVLIFYWHMCP>
#	G	D	E	R	K	N	Q	S	T	A	V	L	I	F	Y	W	H	M	C	P
0	0.07076	0.07066	0.02700	0.10211	0.11888	0.25648	0.04053	0.16202	0.02441	0.02973	0.01504	0.01780	0.01182	0.00848	0.00768	0.00237	0.01157	0.00641	0.00509	0.01117
1	0.01229	0.00910	0.01058	0.01074	0.01203	0.00905	0.00722	0.01624	0.08912	0.02292	0.13487	0.21559	0.11482	0.27299	0.02178	0.00485	0.00600	0.01569	0.00704	0.00706
2	0.02137	0.44088	0.17786	0.01710	0.02490	0.07027	0.01788	0.02793	0.08842	0.02283	0.01491	0.01638	0.01230	0.00785	0.00640	0.00211	0.00977	0.00544	0.00415	0.01124
3	0.02180	0.10904	0.33854	0.02519	0.09849	0.01979	0.09343	0.02868	0.01899	0.14154	0.01808	0.01990	0.01289	0.00808	0.00794	0.00252	0.01088	0.00691	0.00489	0.01240
4	0.06602	0.05878	0.01900	0.01752	0.09135	0.01358	0.01209	0.02572	0.05575	0.19137	0.02916	0.21673	0.02722	0.01351	0.00826	0.00254	0.00666	0.01166	0.00716	0.12594
5	0.02727	0.09819	0.02630	0.02419	0.16819	0.02027	0.01626	0.19114	0.07282	0.19240	0.02380	0.06297	0.01841	0.01019	0.00811	0.00250	0.00831	0.00844	0.00727	0.01299
6	0.01791	0.01437	0.02574	0.07102	0.02727	0.01364	0.22236	0.02281	0.02088	0.10261	0.22385	0.04014	0.07823	0.01179	0.00920	0.00264	0.00833	0.01145	0.06599	0.00978
7	0.02676	0.08916	0.02525	0.12032	0.02839	0.01633	0.08433	0.03177	0.05157	0.32354	0.09260	0.02884	0.02359	0.01003	0.00835	0.00256	0.00831	0.00872	0.00764	0.01195

[dist]
# distance from previous block
# <min> <max>
0	2

[block]
# block no. 5 follows, 22 sequences, length 7
# corresponding to MSA columns:
# 186-192
name=unknown_F
#
# <colnr> <probs for GDERKNQSTAVLIFYWHMCP>
#	G	D	E	R	K	N	Q	S	T	A	V	L	I	F	Y	W	H	M	C	P
0	0.01074	0.00791	0.01005	0.01065	0.01207	0.00723	0.00756	0.01328	0.01943	0.02629	0.29693	0.35209	0.15184	0.02163	0.01016	0.00298	0.00437	0.01925	0.00829	0.00723
1	0.02087	0.01832	0.06902	0.13893	0.13625	0.01666	0.18856	0.02616	0.01972	0.14140	0.07414	0.06942	0.02197	0.00998	0.00897	0.00271	0.01005	0.00984	0.00580	0.01122
2	0.02122	0.01828	0.02887	0.03310	0.30498	0.01756	0.09386	0.02855	0.10446	0.08353	0.01959	0.02220	0.01523	0.00787	0.00803	0.00231	0.00891	0.00754	0.00543	0.16848
3	0.02008	0.01596	0.07480	0.02152	0.13445	0.01324	0.05123	0.04873	0.02166	0.16127	0.19495	0.09132	0.08856	0.01325	0.00906	0.00266	0.00727	0.01177	0.00743	0.01079
4	0.01132	0.00847	0.01023	0.01112	0.01243	0.00811	0.00780	0.01435	0.05559	0.02243	0.08068	0.36854	0.16771	0.12227	0.01493	0.00390	0.00543	0.06018	0.00744	0.00707
5	0.06166	0.14769	0.16982	0.02279	0.13495	0.01968	0.01881	0.06422	0.02070	0.18851	0.05737	0.02264	0.01776	0.00893	0.00761	0.00242	0.00895	0.00715	0.00604	0.01229
6	0.20488	0.14721	0.22217	0.02434	0.12088	0.02179	0.09812	0.02551	0.01705	0.02801	0.01384	0.01687	0.01082	0.00752	0.00706	0.00246	0.01010	0.00609	0.00410	0.01117

[dist]
# distance from previous block
# <min> <max>
0	1

[block]
# block no. 6 follows, 22 sequences, length 47
# corresponding to MSA columns:
# 194-240
name=unknown_G
#
# <colnr> <probs for GDERKNQSTAVLIFYWHMCP>
#	G	D	E	R	K	N	Q	S	T	A	V	L	I	F	Y	W	H	M	C	P
0	0.13776	0.01427	0.01663	0.02079	0.15771	0.06478	0.01256	0.01873	0.01709	0.02511	0.03387	0.26927	0.10216	0.01916	0.04995	0.00349	0.00802	0.01381	0.00601	0.00885
1	0.02083	0.52931	0.09372	0.01471	0.02232	0.02778	0.01489	0.02430	0.01700	0.02148	0.01242	0.01439	0.01094	0.00701	0.00570	0.00175	0.00870	0.00468	0.00379	0.14427
2	0.01120	0.00847	0.01033	0.00986	0.01207	0.00760	0.00740	0.01459	0.02219	0.03018	0.48812	0.06722	0.24406	0.01815	0.00980	0.00267	0.00400	0.01575	0.00873	0.00760
3	0.76672	0.01607	0.01221	0.01092	0.01607	0.01864	0.00900	0.02442	0.01414	0.03727	0.01157	0.01350	0.00900	0.00771	0.00514	0.00257	0.00643	0.00450	0.00514	0.00900
4	0.01125	0.00847	0.01040	0.00992	0.01210	0.00762	0.00744	0.01469	0.02231	0.03045	0.50243	0.06676	0.22958	0.01805	0.00980	0.00266	0.00400	0.01568	0.00877	0.00762
5	0.01012	0.00723	0.00964	0.01157	0.01205	0.00675	0.00771	0.01157	0.01591	0.02121	0.04579	0.70262	0.05495	0.02603	0.01060	0.00337	0.00482	0.02362	0.00771	0.00675
6	0.01314	0.00881	0.01053	0.00990	0.01210	0.00795	0.00719	0.01574	0.02007	0.07398	0.31894	0.06359	0.24046	0.14302	0.01559	0.00365	0.00499	0.01476	0.00805	0.00755
7	0.03103	0.03959	0.02354	0.02140	0.02568	0.67469	0.01605	0.03317	0.02354	0.02033	0.01284	0.01498	0.01070	0.00856	0.00749	0.00214	0.01498	0.00535	0.00428	0.00963
8	0.03103	0.03959	0.02354	0.02140	0.02568	0.67469	0.01605	0.03317	0.02354	0.02033	0.01284	0.01498	0.01070	0.00856	0.00749	0.00214	0.01498	0.00535	0.00428	0.00963
9	0.01176	0.00849	0.01110	0.01045	0.01241	0.00784	0.00784	0.01568	0.02352	0.03331	0.65184	0.06206	0.07839	0.01698	0.00980	0.00261	0.00392	0.01502	0.00914	0.00784
10	0.76672	0.01607	0.01221	0.01092	0.01607	0.01864	0.00900	0.02442	0.01414	0.03727	0.01157	0.01350	0.00900	0.00771	0.00514	0.00257	0.00643	0.00450	0.00514	0.00900
11	0.01369	0.01231	0.02100	0.01719	0.02102	0.01140	0.17320	0.01810	0.02116	0.02863	0.31265	0.05823	0.15986	0.01571	0.00999	0.00283	0.00708	0.07996	0.00740	0.00857
12	0.03158	0.02327	0.02493	0.01911	0.02576	0.02576	0.01579	0.62852	0.03906	0.05236	0.01995	0.01995	0.01413	0.00997	0.00831	0.00249	0.00914	0.00748	0.00831	0.01413
13	0.01339	0.01133	0.01416	0.01399	0.01569	0.06303	0.01083	0.01629	0.01416	0.01937	0.02151	0.03124	0.01997	0.05805	0.62222	0.01246	0.02168	0.00862	0.00444	0.00759
14	0.01911	0.34801	0.14695	0.17382	0.03217	0.02452	0.01872	0.02381	0.01697	0.02203	0.01328	0.01660	0.01093	0.00742	0.00658	0.00210	0.00968	0.00549	0.00374	0.09807
15	0.01198	0.00847	0.01117	0.01117	0.01190	0.00920	0.00767	0.01344	0.01271	0.01767	0.02424	0.04367	0.02556	0.39014	0.35384	0.01066	0.01504	0.01052	0.00475	0.00621
16	0.02106	0.01488	0.01771	0.01309	0.02010	0.01200	0.01051	0.02615	0.06514	0.14090	0.01940	0.02023	0.01476	0.00727	0.00672	0.00159	0.00635	0.00587	0.00614	0.57012
17	0.01668	0.02284	0.19452	0.12029	0.10782	0.01690	0.14698	0.02305	0.01843	0.02535	0.02338	0.04055	0.02162	0.01186	0.00937	0.00300	0.01091	0.17110	0.00489	0.01045
18	0.01196	0.00855	0.01159	0.01159	0.01247	0.00943	0.00819	0.01371	0.01283	0.01798	0.02386	0.04154	0.02463	0.32677	0.41594	0.01118	0.01644	0.01020	0.00469	0.00644
19	0.01274	0.00825	0.01007	0.01023	0.01074	0.00825	0.00641	0.01346	0.01339	0.04383	0.02950	0.16649	0.03316	0.48511	0.10648	0.00759	0.00903	0.01363	0.00566	0.00598
20	0.01953	0.26152	0.06992	0.01837	0.02225	0.02628	0.01674	0.02476	0.08804	0.02220	0.01574	0.02181	0.01437	0.01159	0.01542	0.00284	0.29714	0.03688	0.00437	0.01023
21	0.01768	0.06740	0.47688	0.02621	0.03725	0.02034	0.18509	0.02632	0.01805	0.02609	0.01525	0.01862	0.01107	0.00763	0.00828	0.00264	0.01258	0.00702	0.00369	0.01193
22	0.01010	0.00732	0.00954	0.01132	0.01198	0.00677	0.00760	0.01160	0.01615	0.02130	0.04883	0.65328	0.10232	0.02563	0.01054	0.00333	0.00477	0.02313	0.00771	0.00677
23	0.02413	0.01808	0.02018	0.01564	0.02215	0.01787	0.01263	0.22113	0.15638	0.08736	0.02187	0.02188	0.01630	0.00878	0.00750	0.00207	0.00727	0.00695	0.00717	0.30467
24	0.01944	0.35075	0.26220	0.01787	0.02605	0.05557	0.01986	0.02474	0.01793	0.02309	0.04573	0.02360	0.01677	0.00918	0.00705	0.00230	0.01006	0.05281	0.00416	0.01082
25	0.02166	0.36897	0.27921	0.01826	0.02715	0.05903	0.02048	0.02702	0.01799	0.07031	0.01449	0.01615	0.01135	0.00772	0.00665	0.00218	0.01036	0.00543	0.00408	0.01149
26	0.01936	0.02651	0.24952	0.26145	0.03980	0.04860	0.02368	0.04936	0.01823	0.07444	0.01587	0.02010	0.01171	0.00918	0.01051	0.00277	0.09676	0.00692	0.00435	0.01088
27	0.01414	0.00946	0.01221	0.01170	0.01367	0.00937	0.00891	0.01722	0.02025	0.07795	0.31797	0.17089	0.11338	0.01797	0.01099	0.00284	0.05910	0.03968	0.06416	0.00814
28	0.09257	0.14244	0.02815	0.14141	0.09245	0.02000	0.08140	0.02662	0.04992	0.12654	0.02032	0.07477	0.01689	0.00996	0.00869	0.00260	0.04052	0.00838	0.00551	0.01085
29	0.08413	0.02270	0.02186	0.07093	0.02615	0.13569	0.01494	0.24612	0.13802	0.12332	0.02189	0.02188	0.01578	0.00970	0.00796	0.00253	0.00937	0.00734	0.00730	0.01239
30	0.01007	0.00744	0.00942	0.01101	0.01190	0.00679	0.00746	0.01163	0.01645	0.02143	0.05263	0.59155	0.16160	0.02514	0.01046	0.00327	0.00471	0.02253	0.00771	0.00679
31	0.01046	0.00824	0.00948	0.00985	0.01195	0.00726	0.00728	0.01289	0.01925	0.02454	0.19087	0.20744	0.37833	0.02135	0.01006	0.00294	0.00445	0.04818	0.00800	0.00716
32	0.02134	0.05501	0.11314	0.02531	0.13881	0.07640	0.01932	0.02885	0.12694	0.07305	0.01958	0.02427	0.01607	0.01095	0.01308	0.00286	0.18566	0.03270	0.00527	0.01141
33	0.01169	0.00836	0.01140	0.01312	0.01435	0.00807	0.01022	0.01438	0.01792	0.02377	0.09302	0.38395	0.05366	0.02396	0.01092	0.00351	0.00599	0.27667	0.00780	0.00723
34	0.03103	0.03959	0.02354	0.02140	0.02568	0.67469	0.01605	0.03317	0.02354	0.02033	0.01284	0.01498	0.01070	0.00856	0.00749	0.00214	0.01498	0.00535	0.00428	0.00963
35	0.01240	0.00903	0.01013	0.00973	0.01219	0.00849	0.00733	0.01714	0.06708	0.02916	0.29338	0.06051	0.26734	0.01669	0.00899	0.00258	0.00421	0.01419	0.14149	0.00793
36	0.02509	0.12515	0.18795	0.02029	0.05177	0.13984	0.01884	0.07996	0.11912	0.12249	0.02012	0.02051	0.01479	0.00894	0.00767	0.00243	0.01028	0.00676	0.00585	0.01217
37	0.02953	0.01825	0.02099	0.01644	0.02219	0.01903	0.01344	0.36598	0.03230	0.20780	0.13601	0.02963	0.02727	0.01130	0.00859	0.00253	0.00767	0.00905	0.00897	0.01301
38	0.02211	0.01701	0.01849	0.01638	0.02114	0.01914	0.01280	0.04244	0.54431	0.10459	0.06180	0.03210	0.02724	0.01142	0.00850	0.00278	0.00651	0.00953	0.00869	0.01302
39	0.01848	0.01171	0.01405	0.01281	0.01578	0.01186	0.00953	0.02644	0.18172	0.14156	0.20481	0.12423	0.04355	0.12827	0.01459	0.00364	0.00596	0.01293	0.00832	0.00976
40	0.01234	0.00825	0.01076	0.01106	0.01242	0.00789	0.00823	0.01334	0.01661	0.02185	0.14618	0.08561	0.16957	0.07642	0.04954	0.21287	0.00675	0.11765	0.00646	0.00619
41	0.01310	0.00937	0.01298	0.01443	0.01636	0.00925	0.01240	0.01694	0.01991	0.02637	0.15242	0.08806	0.05326	0.02188	0.01118	0.00361	0.00698	0.49590	0.00792	0.00768
42	0.02215	0.01858	0.01962	0.01721	0.02217	0.02136	0.01351	0.12362	0.55932	0.03715	0.03193	0.02949	0.02383	0.01109	0.00843	0.00277	0.00692	0.00913	0.00843	0.01328
43	0.01953	0.05146	0.03218	0.19432	0.48973	0.02007	0.02441	0.02449	0.01829	0.02543	0.01524	0.02058	0.01257	0.00759	0.00811	0.00250	0.01010	0.00726	0.00399	0.01215
44	0.01096	0.00799	0.01021	0.01166	0.01276	0.00751	0.00847	0.01288	0.01670	0.02170	0.04933	0.41774	0.14082	0.08817	0.01363	0.00382	0.00564	0.14573	0.00745	0.00682
45	0.01533	0.00896	0.01139	0.01053	0.01294	0.00828	0.00798	0.01904	0.02211	0.10582	0.44006	0.08212	0.06036	0.01531	0.00895	0.00252	0.00432	0.01334	0.14211	0.00851
46	0.01040	0.00751	0.00984	0.01122	0.01207	0.00695	0.00767	0.01232	0.01741	0.02343	0.15573	0.55865	0.08765	0.02418	0.01042	0.00321	0.00463	0.02179	0.00797	0.00695

[dist]
# distance from previous block
# <min> <max>
0	4

[block]
# block no. 7 follows, 22 sequences, length 23
# corresponding to MSA columns:
# 245-267
name=unknown_H
#
# <colnr> <probs for GDERKNQSTAVLIFYWHMCP>
#	G	D	E	R	K	N	Q	S	T	A	V	L	I	F	Y	W	H	M	C	P
0	0.06151	0.01619	0.04394	0.01426	0.04601	0.01221	0.01128	0.02153	0.01713	0.02764	0.01462	0.01715	0.01207	0.00637	0.00625	0.00142	0.00657	0.00505	0.00484	0.65397
1	0.53521	0.01634	0.01500	0.01257	0.01814	0.01792	0.01036	0.08668	0.01868	0.17580	0.01703	0.01737	0.01203	0.00850	0.00615	0.00256	0.00683	0.00563	0.00658	0.01062
2	0.01475	0.01238	0.02120	0.01962	0.02296	0.01207	0.14781	0.01927	0.01923	0.02525	0.03802	0.07806	0.04009	0.01945	0.01111	0.00360	0.00904	0.47075	0.00689	0.00843
3	0.02127	0.01116	0.01417	0.01224	0.01600	0.01014	0.00956	0.05814	0.02308	0.24933	0.25844	0.11024	0.14033	0.01572	0.00929	0.00269	0.00543	0.01347	0.00914	0.01015
4	0.02134	0.08281	0.22787	0.16725	0.03567	0.01872	0.08032	0.02850	0.05412	0.15144	0.02032	0.04174	0.01501	0.00903	0.00816	0.00263	0.01032	0.00777	0.00537	0.01163
5	0.01616	0.01525	0.02577	0.62614	0.11545	0.01858	0.02331	0.02164	0.01684	0.02180	0.01485	0.02199	0.01128	0.00822	0.00830	0.00274	0.01096	0.00738	0.00373	0.00961
6	0.18380	0.01845	0.02814	0.10414	0.45753	0.01937	0.02164	0.02484	0.01764	0.02879	0.01465	0.01917	0.01204	0.00756	0.00756	0.00252	0.00923	0.00676	0.00430	0.01186
7	0.01631	0.01540	0.02603	0.60718	0.13328	0.01862	0.02338	0.02177	0.01690	0.02198	0.01487	0.02195	0.01134	0.00819	0.00830	0.00273	0.01092	0.00739	0.00374	0.00973
8	0.60281	0.01746	0.02029	0.01621	0.02207	0.01916	0.14438	0.02490	0.01534	0.03493	0.01272	0.01545	0.00979	0.00756	0.00616	0.00262	0.00809	0.00566	0.00493	0.00948
9	0.02759	0.01371	0.01753	0.01374	0.01955	0.01197	0.01109	0.03266	0.07250	0.37467	0.12444	0.03129	0.02806	0.01049	0.00810	0.00230	0.00634	0.00871	0.00878	0.17647
10	0.01164	0.01601	0.15292	0.01210	0.01685	0.00985	0.01192	0.01571	0.01939	0.02510	0.16367	0.06327	0.41609	0.01748	0.00939	0.00273	0.00593	0.01461	0.00703	0.00831
11	0.01121	0.00814	0.01057	0.01066	0.01225	0.00750	0.00773	0.01435	0.02118	0.02943	0.45609	0.23989	0.10059	0.01968	0.01002	0.00283	0.00418	0.01752	0.00868	0.00750
12	0.02769	0.03346	0.02390	0.16758	0.03260	0.50332	0.01758	0.05568	0.02268	0.02188	0.01356	0.01676	0.01093	0.00856	0.00770	0.00229	0.01388	0.00589	0.00432	0.00973
13	0.01133	0.00825	0.00983	0.01074	0.01213	0.00783	0.00748	0.01450	0.05377	0.02358	0.08502	0.41452	0.17088	0.05138	0.01121	0.00326	0.00480	0.01918	0.07306	0.00725
14	0.22506	0.02020	0.02087	0.01641	0.02263	0.02214	0.01355	0.39411	0.03055	0.12722	0.01941	0.01933	0.01361	0.00942	0.00749	0.00252	0.00816	0.00681	0.00773	0.01278
15	0.02843	0.02140	0.02324	0.01762	0.02443	0.02254	0.01449	0.49521	0.03427	0.04681	0.01881	0.01935	0.01373	0.00913	0.00784	0.00222	0.00849	0.00692	0.00757	0.17752
16	0.35152	0.01587	0.01755	0.01464	0.01909	0.01792	0.01212	0.02898	0.01714	0.24841	0.01872	0.01961	0.01340	0.01009	0.01110	0.00280	0.15725	0.00643	0.00658	0.01079
17	0.19459	0.01894	0.02044	0.01601	0.02226	0.02012	0.01322	0.31897	0.02899	0.23256	0.02197	0.02104	0.01494	0.00957	0.00763	0.00253	0.00792	0.00709	0.00821	0.01301
18	0.24203	0.01572	0.01903	0.16181	0.02807	0.01675	0.01402	0.08880	0.02092	0.28224	0.02147	0.02187	0.01453	0.00908	0.00741	0.00261	0.00796	0.00695	0.00716	0.01158
19	0.02075	0.07024	0.02072	0.22392	0.03037	0.01577	0.01490	0.05926	0.05655	0.16452	0.03214	0.11839	0.08680	0.01309	0.00867	0.00276	0.00800	0.03609	0.00676	0.01032
20	0.02065	0.01516	0.01755	0.01598	0.01951	0.10372	0.04804	0.02383	0.01939	0.16253	0.03466	0.08481	0.08230	0.02542	0.14817	0.00512	0.01150	0.14537	0.00690	0.00940
21	0.02452	0.04351	0.01757	0.01338	0.01867	0.01320	0.01080	0.03120	0.12377	0.27399	0.11038	0.03377	0.06423	0.01109	0.00801	0.00234	0.00617	0.00915	0.05080	0.13346
22	0.01806	0.01427	0.02154	0.01759	0.02170	0.01428	0.14511	0.14029	0.02327	0.03296	0.14196	0.12300	0.03488	0.01365	0.00899	0.00270	0.00758	0.05968	0.14886	0.00966

[dist]
# distance from previous block
# <min> <max>
4	10

[block]
# block no. 8 follows, 22 sequences, length 40
# corresponding to MSA columns:
# 278-317
name=unknown_I
#
# <colnr> <probs for GDERKNQSTAVLIFYWHMCP>
#	G	D	E	R	K	N	Q	S	T	A	V	L	I	F	Y	W	H	M	C	P
0	0.02926	0.01661	0.02020	0.01634	0.02159	0.01740	0.01329	0.15104	0.15534	0.31402	0.07290	0.02880	0.02365	0.01127	0.01006	0.00270	0.06481	0.00879	0.00888	0.01305
1	0.02048	0.01996	0.03501	0.04965	0.60469	0.01985	0.07600	0.02559	0.01897	0.02710	0.01573	0.02072	0.01311	0.00737	0.00836	0.00250	0.01022	0.00760	0.00412	0.01299
2	0.20504	0.02045	0.07686	0.02610	0.20448	0.01959	0.01777	0.17169	0.02280	0.06911	0.01906	0.02535	0.01563	0.00968	0.00776	0.00264	0.00871	0.05943	0.00597	0.01187
3	0.07045	0.00884	0.01019	0.01003	0.01118	0.00929	0.00681	0.01495	0.01423	0.02198	0.07698	0.04395	0.02937	0.36030	0.16426	0.00741	0.00996	0.01046	0.11289	0.00646
4	0.01146	0.00899	0.01139	0.06678	0.01579	0.00846	0.00862	0.01492	0.02145	0.02876	0.41378	0.06451	0.25942	0.01757	0.00968	0.00269	0.00461	0.01520	0.00822	0.00769
5	0.07976	0.13710	0.42085	0.01933	0.02862	0.01956	0.02304	0.02411	0.01750	0.02639	0.06515	0.06693	0.01867	0.00970	0.00761	0.00255	0.01012	0.00762	0.00437	0.01104
6	0.02147	0.01751	0.03041	0.05526	0.15083	0.01786	0.19188	0.05472	0.01960	0.12838	0.02286	0.12444	0.02016	0.01156	0.01133	0.00287	0.09120	0.01067	0.00580	0.01120
7	0.01391	0.00864	0.01094	0.01103	0.01200	0.00861	0.00745	0.01513	0.01441	0.07238	0.03086	0.16655	0.03362	0.38886	0.12263	0.00724	0.00941	0.05366	0.00604	0.00662
8	0.02765	0.02271	0.02263	0.01852	0.02427	0.07852	0.01487	0.37043	0.25211	0.04340	0.02428	0.02346	0.01784	0.01032	0.00829	0.00258	0.00872	0.00798	0.00802	0.01340
9	0.01583	0.01531	0.08915	0.16830	0.07661	0.01306	0.04728	0.02009	0.01830	0.07782	0.10144	0.23792	0.05431	0.01516	0.00926	0.00289	0.00796	0.01366	0.00628	0.00938
10	0.13287	0.01659	0.01763	0.01428	0.01930	0.01776	0.01160	0.28887	0.02772	0.12028	0.07499	0.02591	0.02110	0.01021	0.00746	0.00241	0.00695	0.00785	0.16469	0.01152
11	0.01040	0.00749	0.00990	0.01164	0.01238	0.00700	0.00804	0.01213	0.01656	0.02199	0.07134	0.60760	0.08225	0.02523	0.01060	0.00335	0.00495	0.06252	0.00776	0.00686
12	0.03195	0.08910	0.02331	0.01684	0.02205	0.12565	0.01391	0.03473	0.02144	0.39818	0.02417	0.02311	0.01654	0.01030	0.01066	0.00257	0.10821	0.00731	0.00765	0.01231
13	0.13597	0.01550	0.01848	0.01508	0.02027	0.01603	0.01229	0.07431	0.11605	0.34457	0.06978	0.02755	0.02242	0.01083	0.00946	0.00269	0.05948	0.00827	0.00855	0.01243
14	0.01666	0.04297	0.66500	0.02368	0.03596	0.01929	0.03069	0.02631	0.01754	0.02631	0.01491	0.01754	0.01052	0.00789	0.00789	0.00263	0.01228	0.00614	0.00351	0.01228
15	0.01157	0.00856	0.01251	0.01308	0.01436	0.00950	0.00998	0.01425	0.01433	0.02011	0.02911	0.18975	0.03042	0.05133	0.47797	0.01042	0.01727	0.05279	0.00541	0.00728
16	0.02918	0.01881	0.06781	0.02937	0.26268	0.01650	0.01871	0.07598	0.02262	0.33622	0.02419	0.02405	0.01664	0.00901	0.00827	0.00253	0.00862	0.00779	0.00736	0.01364
17	0.09826	0.06705	0.08531	0.06818	0.02599	0.08207	0.01554	0.11052	0.02323	0.30858	0.02267	0.02202	0.01533	0.00924	0.00772	0.00249	0.00899	0.00704	0.00735	0.01243
18	0.02001	0.02127	0.08174	0.08179	0.57766	0.01964	0.02577	0.02534	0.01869	0.02677	0.01553	0.02041	0.01285	0.00749	0.00820	0.00250	0.01012	0.00730	0.00404	0.01289
19	0.36599	0.02772	0.01847	0.01664	0.02109	0.34088	0.01295	0.02848	0.01868	0.02804	0.01216	0.01447	0.00993	0.00849	0.00747	0.00242	0.04709	0.00506	0.00464	0.00931
20	0.01069	0.00845	0.00963	0.00933	0.01176	0.00739	0.00700	0.01361	0.02100	0.02734	0.34005	0.07188	0.39390	0.01921	0.00981	0.00272	0.00408	0.01640	0.00836	0.00739
21	0.01969	0.01636	0.02147	0.08533	0.02408	0.02025	0.01556	0.06829	0.12106	0.07561	0.08438	0.02919	0.05496	0.01331	0.01680	0.00311	0.30520	0.00904	0.00604	0.01029
22	0.01183	0.00879	0.01029	0.00985	0.01219	0.00810	0.00741	0.01598	0.04701	0.02976	0.39568	0.06379	0.25191	0.01741	0.00941	0.00263	0.00412	0.01497	0.07108	0.00779
23	0.01916	0.02552	0.14232	0.03330	0.04229	0.02075	0.53588	0.02656	0.01929	0.02656	0.01652	0.02167	0.01229	0.00714	0.00951	0.00278	0.01374	0.00925	0.00410	0.01137
24	0.01501	0.00784	0.00817	0.00809	0.01003	0.00776	0.00607	0.01888	0.01820	0.03127	0.10733	0.03496	0.02863	0.01062	0.00632	0.00202	0.00388	0.00868	0.65848	0.00776
25	0.01887	0.02022	0.03684	0.02819	0.03225	0.02330	0.31188	0.02319	0.01605	0.02319	0.01376	0.02022	0.01173	0.01090	0.01883	0.00323	0.36485	0.00849	0.00391	0.01011
26	0.01798	0.01360	0.01440	0.01303	0.01640	0.05574	0.01001	0.02687	0.19088	0.09341	0.29710	0.04713	0.10192	0.01419	0.00893	0.00261	0.00570	0.01204	0.04812	0.00994
27	0.01723	0.01477	0.01723	0.01230	0.01969	0.01107	0.00984	0.02092	0.01723	0.02707	0.01477	0.01723	0.01230	0.00615	0.00615	0.00123	0.00615	0.00492	0.00492	0.75883
28	0.01223	0.00868	0.01172	0.01293	0.01409	0.00881	0.01003	0.01464	0.01611	0.02142	0.03724	0.19597	0.04135	0.17610	0.11841	0.00608	0.00939	0.27129	0.00662	0.00688
29	0.01208	0.00811	0.01015	0.01029	0.01064	0.00840	0.00653	0.01254	0.01252	0.01701	0.02578	0.09190	0.02867	0.47098	0.17476	0.06648	0.01081	0.01182	0.00498	0.00555
30	0.01176	0.00849	0.01110	0.01045	0.01241	0.00784	0.00784	0.01568	0.02352	0.03331	0.65184	0.06206	0.07839	0.01698	0.00980	0.00261	0.00392	0.01502	0.00914	0.00784
31	0.02890	0.01773	0.02052	0.01615	0.02240	0.01789	0.01311	0.21118	0.16340	0.24833	0.02650	0.02475	0.01848	0.00978	0.00803	0.00240	0.00743	0.00781	0.00849	0.12671
32	0.02339	0.01920	0.02032	0.01746	0.02264	0.02194	0.01381	0.19013	0.49078	0.03915	0.03035	0.02823	0.02255	0.01095	0.00842	0.00274	0.00722	0.00891	0.00842	0.01339
33	0.02056	0.01974	0.03372	0.05099	0.65622	0.01974	0.02550	0.02550	0.01892	0.02714	0.01563	0.02056	0.01316	0.00740	0.00822	0.00247	0.00987	0.00740	0.00411	0.01316
34	0.01012	0.00723	0.00964	0.01157	0.01205	0.00675	0.00771	0.01157	0.01591	0.02121	0.04579	0.70262	0.05495	0.02603	0.01060	0.00337	0.00482	0.02362	0.00771	0.00675
35	0.03559	0.01683	0.02095	0.01606	0.02255	0.01621	0.01327	0.21403	0.02829	0.48206	0.02899	0.02582	0.01866	0.01019	0.00834	0.00255	0.00768	0.00810	0.00970	0.01413
36	0.06986	0.01950	0.03230	0.04834	0.61393	0.01967	0.02441	0.02542	0.01860	0.02781	0.01536	0.02009	0.01288	0.00742	0.00802	0.00247	0.00964	0.00721	0.00418	0.01288
37	0.01066	0.00862	0.00963	0.01016	0.01265	0.00759	0.00802	0.01313	0.01883	0.02294	0.07300	0.11350	0.48376	0.02172	0.01024	0.00307	0.00503	0.15261	0.00770	0.00715
38	0.01569	0.01477	0.02492	0.68808	0.05722	0.01846	0.02307	0.02123	0.01661	0.02123	0.01477	0.02215	0.01107	0.00831	0.00831	0.00277	0.01107	0.00738	0.00369	0.00923
39	0.01968	0.01982	0.02853	0.10917	0.27695	0.06529	0.02149	0.02318	0.01633	0.02298	0.01334	0.01936	0.01180	0.01061	0.01627	0.00298	0.30039	0.00721	0.00387	0.01075

[dist]
# distance from previous block
# <min> <max>
0	1

[block]
# block no. 9 follows, 22 sequences, length 21
# corresponding to MSA columns:
# 319-324,328-332,355-364
name=unknown_J
#
# <colnr> <probs for GDERKNQSTAVLIFYWHMCP>
#	G	D	E	R	K	N	Q	S	T	A	V	L	I	F	Y	W	H	M	C	P
0	0.03117	0.02208	0.02397	0.01858	0.02505	0.02424	0.01528	0.53303	0.08625	0.10119	0.02212	0.02152	0.01556	0.01010	0.00833	0.00253	0.00876	0.00771	0.00848	0.01405
1	0.01106	0.00762	0.00936	0.01037	0.01063	0.00737	0.00644	0.01181	0.01408	0.01878	0.03644	0.39371	0.04315	0.35103	0.02570	0.00560	0.00636	0.01812	0.00644	0.00593
2	0.01784	0.01306	0.01567	0.01537	0.01842	0.01395	0.01258	0.09005	0.17270	0.05230	0.03645	0.06352	0.03567	0.09705	0.01383	0.00388	0.00757	0.30276	0.00771	0.00963
3	0.01385	0.00865	0.01090	0.01016	0.01236	0.00806	0.00768	0.01772	0.02235	0.06672	0.49794	0.05424	0.06425	0.01521	0.00895	0.00248	0.00408	0.01326	0.15298	0.00816
4	0.01723	0.01477	0.01723	0.01230	0.01969	0.01107	0.00984	0.02092	0.01723	0.02707	0.01477	0.01723	0.01230	0.00615	0.00615	0.00123	0.00615	0.00492	0.00492	0.75883
