[name]
unknown

[dist]
# distance from previous block
# <min> <max>
0	28

[block]
# block no. 0 follows, 25 sequences, length 20
# corresponding to MSA columns:
# 28-47
name=unknown_A
#
# <colnr> <probs for GDERKNQSTAVLIFYWHMCP>
#	G	D	E	R	K	N	Q	S	T	A	V	L	I	F	Y	W	H	M	C	P
0	0.01608	0.01378	0.01608	0.01148	0.01837	0.01034	0.00919	0.01952	0.01608	0.02527	0.01378	0.01608	0.01148	0.00574	0.00574	0.00115	0.00574	0.00459	0.00459	0.77491
1	0.02775	0.03493	0.02104	0.01918	0.02290	0.64907	0.01428	0.02961	0.02124	0.01871	0.01284	0.01651	0.01124	0.05741	0.00922	0.00238	0.01354	0.00543	0.00404	0.00869
2	0.00947	0.00787	0.00827	0.00817	0.01066	0.00667	0.00613	0.01171	0.01839	0.02264	0.17811	0.07183	0.57538	0.01900	0.00916	0.00259	0.00388	0.01597	0.00742	0.00667
3	0.00945	0.00675	0.00900	0.01080	0.01125	0.00630	0.00720	0.01080	0.01484	0.01979	0.04274	0.72245	0.05128	0.02429	0.00990	0.00315	0.00450	0.02204	0.00720	0.00630
4	0.01031	0.00790	0.00944	0.00905	0.01117	0.00703	0.00679	0.01334	0.02037	0.02735	0.45499	0.06408	0.29556	0.01725	0.00915	0.00250	0.00376	0.01489	0.00804	0.00703
5	0.01929	0.01666	0.01753	0.01578	0.02016	0.01929	0.01227	0.04120	0.66513	0.03243	0.03156	0.02893	0.02367	0.01052	0.00789	0.00263	0.00614	0.00877	0.00789	0.01227
6	0.78228	0.01499	0.01140	0.01020	0.01499	0.01739	0.00840	0.02279	0.01320	0.03479	0.01080	0.01260	0.00840	0.00720	0.00480	0.00240	0.00600	0.00420	0.00480	0.00840
7	0.01929	0.01666	0.01753	0.01578	0.02016	0.01929	0.01227	0.04120	0.66513	0.03243	0.03156	0.02893	0.02367	0.01052	0.00789	0.00263	0.00614	0.00877	0.00789	0.01227
8	0.01608	0.01378	0.01608	0.01148	0.01837	0.01034	0.00919	0.01952	0.01608	0.02527	0.01378	0.01608	0.01148	0.00574	0.00574	0.00115	0.00574	0.00459	0.00459	0.77491
9	0.78228	0.01499	0.01140	0.01020	0.01499	0.01739	0.00840	0.02279	0.01320	0.03479	0.01080	0.01260	0.00840	0.00720	0.00480	0.00240	0.00600	0.00420	0.00480	0.00840
10	0.01795	0.01525	0.01638	0.01481	0.01878	0.01736	0.01148	0.03693	0.56164	0.03222	0.13510	0.03359	0.03163	0.01138	0.00809	0.00260	0.00574	0.00961	0.00799	0.01148
11	0.78228	0.01499	0.01140	0.01020	0.01499	0.01739	0.00840	0.02279	0.01320	0.03479	0.01080	0.01260	0.00840	0.00720	0.00480	0.00240	0.00600	0.00420	0.00480	0.00840
12	0.01919	0.01842	0.03147	0.04759	0.67914	0.01842	0.02380	0.02380	0.01765	0.02533	0.01458	0.01919	0.01228	0.00691	0.00768	0.00230	0.00921	0.00691	0.00384	0.01228
13	0.01929	0.01666	0.01753	0.01578	0.02016	0.01929	0.01227	0.04120	0.66513	0.03243	0.03156	0.02893	0.02367	0.01052	0.00789	0.00263	0.00614	0.00877	0.00789	0.01227
14	0.02440	0.01686	0.01860	0.01540	0.02037	0.01840	0.01234	0.24206	0.28869	0.13863	0.05946	0.02657	0.02179	0.01016	0.00776	0.00244	0.00675	0.00821	0.04891	0.01220
15	0.01431	0.01118	0.01336	0.01361	0.01599	0.01200	0.01080	0.02369	0.24222	0.02580	0.07651	0.13412	0.03845	0.07979	0.01207	0.00347	0.00630	0.25043	0.00728	0.00862
16	0.02640	0.01267	0.01511	0.01219	0.01671	0.01232	0.00987	0.14898	0.02279	0.32475	0.02637	0.02581	0.01828	0.00934	0.00693	0.00217	0.00589	0.00743	0.28496	0.01103
17	0.02159	0.05282	0.07603	0.08208	0.03410	0.04978	0.31509	0.12626	0.02095	0.08581	0.01657	0.01986	0.01218	0.00780	0.00906	0.00250	0.04398	0.00777	0.00491	0.01087
18	0.01446	0.01311	0.05219	0.01826	0.02191	0.01157	0.18436	0.01822	0.01670	0.06386	0.03114	0.27553	0.03267	0.02001	0.06660	0.00378	0.00914	0.13218	0.00601	0.00832
19	0.00935	0.00712	0.00861	0.00980	0.01098	0.00638	0.00675	0.01091	0.01581	0.02019	0.05492	0.50210	0.26377	0.02271	0.00965	0.00297	0.00430	0.02011	0.00720	0.00638

[dist]
# distance from previous block
# <min> <max>
1	17

[block]
# block no. 1 follows, 25 sequences, length 22
# corresponding to MSA columns:
# 66-87
name=unknown_B
#
# <colnr> <probs for GDERKNQSTAVLIFYWHMCP>
#	G	D	E	R	K	N	Q	S	T	A	V	L	I	F	Y	W	H	M	C	P
0	0.01634	0.00919	0.01165	0.01030	0.01332	0.00813	0.00798	0.01946	0.02104	0.18739	0.38308	0.05406	0.19704	0.01519	0.00882	0.00247	0.00443	0.01304	0.00849	0.00857
1	0.02048	0.01749	0.02899	0.07881	0.52531	0.01797	0.02183	0.02473	0.01762	0.09643	0.01597	0.01990	0.01278	0.00772	0.00896	0.00241	0.05928	0.00700	0.00441	0.01191
2	0.01726	0.02994	0.38395	0.07850	0.03439	0.01830	0.16097	0.09203	0.01883	0.02662	0.01641	0.05730	0.01296	0.00837	0.00797	0.00253	0.01101	0.00761	0.00414	0.01091
3	0.01571	0.01885	0.12191	0.20238	0.15045	0.01836	0.01993	0.01995	0.01517	0.02130	0.01993	0.02453	0.08316	0.01058	0.01315	0.00276	0.22083	0.00772	0.00389	0.00944
4	0.24006	0.04451	0.10955	0.02315	0.13015	0.04522	0.09533	0.07045	0.01691	0.02819	0.01295	0.01634	0.01037	0.00823	0.00958	0.00252	0.11602	0.00608	0.00427	0.01012
5	0.01393	0.00770	0.00939	0.00975	0.01113	0.00730	0.00677	0.01591	0.01552	0.09420	0.03366	0.34681	0.03530	0.12278	0.01277	0.00333	0.00492	0.01462	0.22713	0.00708
6	0.01705	0.01495	0.01983	0.01717	0.01837	0.01929	0.01391	0.11123	0.01558	0.02264	0.01503	0.02339	0.01433	0.09485	0.16034	0.00549	0.39616	0.00758	0.00433	0.00848
7	0.02398	0.09997	0.24299	0.01877	0.02640	0.11050	0.01894	0.24862	0.04226	0.07063	0.01647	0.01739	0.01197	0.00828	0.00726	0.00227	0.01001	0.00612	0.00545	0.01172
8	0.64600	0.01659	0.06040	0.01144	0.01684	0.01678	0.01017	0.02455	0.01440	0.10491	0.01318	0.01437	0.00968	0.00747	0.00531	0.00240	0.00645	0.00470	0.00521	0.00914
9	0.01449	0.01216	0.01990	0.48579	0.04018	0.01493	0.01743	0.01724	0.01388	0.01810	0.01348	0.02119	0.01113	0.01306	0.01467	0.20149	0.05336	0.00684	0.00342	0.00725
10	0.02073	0.73217	0.04063	0.01327	0.01990	0.03068	0.01327	0.02322	0.01575	0.01824	0.01078	0.01244	0.00995	0.00663	0.00498	0.00166	0.00829	0.00415	0.00332	0.00995
11	0.01611	0.17444	0.48964	0.01908	0.02860	0.01944	0.02341	0.02328	0.01682	0.02397	0.08077	0.01983	0.01631	0.00809	0.00707	0.00230	0.01003	0.00626	0.00382	0.01074
12	0.01943	0.15039	0.43082	0.01913	0.02848	0.01985	0.02249	0.06179	0.05855	0.09401	0.01649	0.01767	0.01187	0.00778	0.00707	0.00232	0.00993	0.00594	0.00448	0.01153
13	0.01111	0.00801	0.01038	0.08566	0.01436	0.00831	0.00744	0.01217	0.01280	0.01703	0.02837	0.23900	0.03252	0.42265	0.05214	0.00591	0.00746	0.01377	0.00526	0.00567
14	0.02153	0.49865	0.08512	0.01684	0.02393	0.02603	0.10892	0.02514	0.01688	0.09233	0.01389	0.01550	0.01122	0.00699	0.00607	0.00194	0.00904	0.00540	0.00409	0.01049
15	0.01600	0.01024	0.01052	0.00996	0.01259	0.01108	0.00761	0.02547	0.22381	0.03004	0.02730	0.02891	0.02109	0.00951	0.00621	0.00207	0.00442	0.00772	0.52661	0.00884
16	0.01521	0.01434	0.01427	0.01363	0.01449	0.12413	0.00992	0.01637	0.01419	0.01776	0.02330	0.13441	0.02598	0.30521	0.02476	0.00482	0.15546	0.06028	0.00486	0.00661
17	0.00991	0.00788	0.00889	0.00864	0.01093	0.00686	0.00648	0.01257	0.01943	0.02513	0.32433	0.06774	0.42760	0.01808	0.00916	0.00254	0.00382	0.01540	0.00775	0.00686
18	0.00967	0.00692	0.00920	0.01064	0.01130	0.00645	0.00722	0.01137	0.01590	0.02147	0.13669	0.62370	0.05453	0.02304	0.00978	0.00304	0.00437	0.02085	0.00740	0.00645
19	0.02073	0.73217	0.04063	0.01327	0.01990	0.03068	0.01327	0.02322	0.01575	0.01824	0.01078	0.01244	0.00995	0.00663	0.00498	0.00166	0.00829	0.00415	0.00332	0.00995
20	0.01555	0.04011	0.68733	0.02210	0.03356	0.01801	0.02865	0.02455	0.01637	0.02455	0.01391	0.01637	0.00982	0.00737	0.00737	0.00246	0.01146	0.00573	0.00327	0.01146
21	0.02142	0.55823	0.10387	0.01517	0.02190	0.12831	0.01509	0.02450	0.01674	0.01900	0.01128	0.01307	0.00994	0.00691	0.00552	0.00179	0.00946	0.00443	0.00341	0.00996

[dist]
# distance from previous block
# <min> <max>
0	3

[block]
# block no. 2 follows, 25 sequences, length 11
# corresponding to MSA columns:
# 101-111
name=unknown_C
#
# <colnr> <probs for GDERKNQSTAVLIFYWHMCP>
#	G	D	E	R	K	N	Q	S	T	A	V	L	I	F	Y	W	H	M	C	P
0	0.01881	0.01830	0.03202	0.09120	0.58749	0.01843	0.07206	0.02361	0.01756	0.02492	0.01462	0.01942	0.01211	0.00694	0.00780	0.00235	0.00959	0.00708	0.00382	0.01189
1	0.01019	0.00732	0.00966	0.01029	0.01141	0.00679	0.00725	0.01265	0.01828	0.02526	0.34885	0.40073	0.06187	0.02021	0.00953	0.00281	0.00409	0.01816	0.00785	0.00679
2	0.01096	0.00719	0.00879	0.00951	0.01073	0.00676	0.00671	0.01340	0.01692	0.02451	0.17814	0.36713	0.09150	0.01848	0.00861	0.00264	0.00406	0.01635	0.19086	0.00676
3	0.02073	0.73217	0.04063	0.01327	0.01990	0.03068	0.01327	0.02322	0.01575	0.01824	0.01078	0.01244	0.00995	0.00663	0.00498	0.00166	0.00829	0.00415	0.00332	0.00995
4	0.01707	0.05279	0.28048	0.01688	0.02286	0.01473	0.01775	0.02196	0.01599	0.12211	0.02217	0.14691	0.02013	0.01862	0.10925	0.00407	0.07196	0.00938	0.00508	0.00981
5	0.01149	0.00821	0.01135	0.01314	0.01448	0.00806	0.01075	0.01433	0.01686	0.02208	0.04161	0.29606	0.04681	0.02236	0.01044	0.00343	0.00627	0.42823	0.00716	0.00686
6	0.01667	0.19019	0.54709	0.02018	0.03060	0.02076	0.02531	0.02426	0.01624	0.02319	0.01323	0.01552	0.00985	0.00721	0.00685	0.00228	0.01077	0.00539	0.00328	0.01113
7	0.01951	0.25273	0.09745	0.01411	0.02036	0.06585	0.01325	0.05833	0.05179	0.06081	0.05494	0.02345	0.07308	0.00876	0.00657	0.00192	0.00772	0.00664	0.00505	0.15768
8	0.01146	0.00948	0.01323	0.04323	0.04775	0.00895	0.04282	0.01443	0.01763	0.02251	0.09473	0.14287	0.28866	0.01863	0.00956	0.00292	0.00590	0.19115	0.00678	0.00731
9	0.01148	0.00814	0.01104	0.01263	0.01384	0.00801	0.01011	0.01402	0.01626	0.02132	0.03969	0.26556	0.04471	0.10072	0.01367	0.00389	0.00642	0.38498	0.00688	0.00663
10	0.12029	0.05850	0.12395	0.01797	0.02482	0.01924	0.08582	0.20710	0.07062	0.16677	0.01957	0.01979	0.01374	0.00845	0.00736	0.00239	0.00858	0.00683	0.00643	0.01179

[dist]
# distance from previous block
# <min> <max>
0	5

[block]
# block no. 3 follows, 25 sequences, length 100
# corresponding to MSA columns:
# 117-216
name=unknown_D
#
# <colnr> <probs for GDERKNQSTAVLIFYWHMCP>
#	G	D	E	R	K	N	Q	S	T	A	V	L	I	F	Y	W	H	M	C	P
0	0.09730	0.21013	0.29836	0.01866	0.02686	0.08585	0.06579	0.02556	0.01696	0.06805	0.01387	0.01577	0.01050	0.00731	0.00662	0.00221	0.01013	0.00549	0.00398	0.01057
1	0.63105	0.01483	0.01415	0.01326	0.05013	0.01663	0.04304	0.02219	0.01451	0.03343	0.07297	0.01759	0.01479	0.00795	0.00558	0.00241	0.00632	0.00551	0.00505	0.00860
2	0.78228	0.01499	0.01140	0.01020	0.01499	0.01739	0.00840	0.02279	0.01320	0.03479	0.01080	0.01260	0.00840	0.00720	0.00480	0.00240	0.00600	0.00420	0.00480	0.00840
3	0.01469	0.01376	0.01964	0.02233	0.19539	0.05014	0.08285	0.01829	0.01867	0.02485	0.15615	0.04414	0.23103	0.01268	0.00838	0.00241	0.00686	0.01133	0.05755	0.00885
4	0.01063	0.00791	0.00988	0.00939	0.01137	0.00717	0.00704	0.01396	0.02113	0.02915	0.56101	0.06111	0.18841	0.01657	0.00915	0.00247	0.00371	0.01447	0.00828	0.00717
5	0.01412	0.00858	0.01103	0.01022	0.01263	0.00772	0.00773	0.01723	0.02070	0.12576	0.43691	0.12384	0.14090	0.01628	0.00902	0.00253	0.00422	0.01423	0.00838	0.00799
6	0.01985	0.61415	0.15092	0.01477	0.02223	0.02852	0.01589	0.02345	0.01586	0.01932	0.01131	0.01311	0.00993	0.00676	0.00538	0.00179	0.00883	0.00442	0.00331	0.01021
7	0.01181	0.00869	0.01106	0.01071	0.01106	0.00975	0.00724	0.01270	0.01164	0.01617	0.02202	0.04206	0.02408	0.48235	0.20656	0.00836	0.08361	0.01005	0.00442	0.00566
8	0.01696	0.01696	0.02375	0.02036	0.02036	0.02375	0.01696	0.01866	0.01187	0.01866	0.01018	0.01696	0.01018	0.01357	0.02545	0.00339	0.71332	0.00679	0.00339	0.00848
9	0.02273	0.01715	0.01866	0.01569	0.02050	0.01906	0.01250	0.23310	0.35647	0.08157	0.09254	0.02841	0.02504	0.01061	0.00797	0.00250	0.00668	0.00866	0.00803	0.01212
10	0.01487	0.00804	0.00837	0.00803	0.01007	0.00810	0.00609	0.05034	0.01788	0.03016	0.09187	0.03137	0.02502	0.00975	0.00592	0.00190	0.00387	0.00791	0.65289	0.00754
11	0.01888	0.48463	0.27195	0.01643	0.02479	0.02615	0.01877	0.02370	0.01597	0.02050	0.01190	0.01384	0.00990	0.00690	0.00583	0.00194	0.00942	0.00471	0.00330	0.01049
12	0.01059	0.00735	0.00853	0.00900	0.00938	0.00711	0.00546	0.01114	0.01284	0.01685	0.03460	0.22539	0.09972	0.47551	0.02881	0.00590	0.00638	0.01455	0.00559	0.00530
13	0.01128	0.00752	0.00846	0.00846	0.00846	0.00752	0.00470	0.01128	0.01128	0.01503	0.02443	0.05074	0.02819	0.72751	0.03946	0.00752	0.00752	0.01128	0.00470	0.00470
14	0.01608	0.01378	0.01608	0.01148	0.01837	0.01034	0.00919	0.01952	0.01608	0.02527	0.01378	0.01608	0.01148	0.00574	0.00574	0.00115	0.00574	0.00459	0.00459	0.77491
15	0.01555	0.04011	0.68733	0.02210	0.03356	0.01801	0.02865	0.02455	0.01637	0.02455	0.01391	0.01637	0.00982	0.00737	0.00737	0.00246	0.01146	0.00573	0.00327	0.01146
16	0.01477	0.01396	0.02328	0.67019	0.05155	0.01759	0.02128	0.01975	0.01530	0.01975	0.01358	0.02046	0.01033	0.00808	0.00875	0.00263	0.04983	0.00688	0.00344	0.00861
17	0.01329	0.00685	0.01027	0.01027	0.01038	0.00695	0.00695	0.01038	0.01027	0.01380	0.01400	0.02407	0.01390	0.02922	0.07912	0.71861	0.00776	0.00685	0.00342	0.00363
18	0.01128	0.00752	0.00846	0.00846	0.00846	0.00752	0.00470	0.01128	0.01128	0.01503	0.02443	0.05074	0.02819	0.72751	0.03946	0.00752	0.00752	0.01128	0.00470	0.00470
19	0.02073	0.73217	0.04063	0.01327	0.01990	0.03068	0.01327	0.02322	0.01575	0.01824	0.01078	0.01244	0.00995	0.00663	0.00498	0.00166	0.00829	0.00415	0.00332	0.00995
20	0.00945	0.00675	0.00900	0.01080	0.01125	0.00630	0.00720	0.01080	0.01484	0.01979	0.04274	0.72245	0.05128	0.02429	0.00990	0.00315	0.00450	0.02204	0.00720	0.00630
21	0.01043	0.00790	0.00962	0.00919	0.01125	0.00709	0.00689	0.01359	0.02067	0.02807	0.49736	0.06289	0.25273	0.01698	0.00915	0.00249	0.00374	0.01472	0.00814	0.00709
22	0.01011	0.00746	0.00948	0.01009	0.01146	0.00684	0.00727	0.01253	0.01810	0.02438	0.28619	0.34070	0.15910	0.02025	0.00953	0.00282	0.00421	0.04502	0.00770	0.00676
23	0.01116	0.00789	0.01020	0.00962	0.01145	0.00731	0.00722	0.01481	0.02165	0.03098	0.64072	0.05639	0.07034	0.01549	0.00895	0.00241	0.00366	0.01366	0.04880	0.00731
24	0.00959	0.00686	0.00912	0.01070	0.01128	0.00639	0.00721	0.01115	0.01551	0.02084	0.10156	0.66063	0.05332	0.02351	0.00983	0.00308	0.00442	0.02130	0.00732	0.00639
25	0.01547	0.01460	0.02490	0.63349	0.05136	0.01766	0.06738	0.04388	0.01649	0.02127	0.01410	0.02061	0.01055	0.00772	0.00785	0.00258	0.01047	0.00706	0.00364	0.00892
26	0.02380	0.01316	0.01578	0.01313	0.01750	0.01319	0.01048	0.10407	0.15396	0.26914	0.16717	0.03302	0.03105	0.01103	0.00786	0.00239	0.00579	0.00918	0.08718	0.01113
27	0.07260	0.38610	0.06809	0.08408	0.02441	0.05544	0.01480	0.10438	0.07889	0.02508	0.01423	0.01587	0.01156	0.00758	0.00609	0.00204	0.00860	0.00534	0.00444	0.01038
28	0.02586	0.03044	0.02055	0.01863	0.02275	0.47914	0.01411	0.03425	0.22832	0.02329	0.01826	0.01878	0.01438	0.00880	0.00728	0.00220	0.01147	0.00620	0.00524	0.01004
29	0.02059	0.05939	0.16099	0.01692	0.02317	0.01915	0.01585	0.07079	0.39827	0.09160	0.02591	0.02458	0.01901	0.00949	0.00761	0.00250	0.00756	0.00769	0.00682	0.01211
30	0.01442	0.01192	0.01315	0.01225	0.01535	0.01269	0.00935	0.02614	0.32053	0.02918	0.22783	0.08250	0.16424	0.01453	0.00860	0.00260	0.00491	0.01244	0.00791	0.00943
31	0.00945	0.00675	0.00900	0.01080	0.01125	0.00630	0.00720	0.01080	0.01484	0.01979	0.04274	0.72245	0.05128	0.02429	0.00990	0.00315	0.00450	0.02204	0.00720	0.00630
32	0.01121	0.00778	0.00977	0.00977	0.01023	0.00823	0.00634	0.01212	0.01167	0.01601	0.02323	0.04407	0.02529	0.50744	0.25558	0.00914	0.01187	0.01030	0.00452	0.00543
33	0.02073	0.73217	0.04063	0.01327	0.01990	0.03068	0.01327	0.02322	0.01575	0.01824	0.01078	0.01244	0.00995	0.00663	0.00498	0.00166	0.00829	0.00415	0.00332	0.00995
34	0.01464	0.01378	0.02326	0.70887	0.05340	0.01723	0.02153	0.01981	0.01550	0.01981	0.01378	0.02067	0.01034	0.00775	0.00775	0.00258	0.01034	0.00689	0.00345	0.00861
35	0.00945	0.00675	0.00900	0.01080	0.01125	0.00630	0.00720	0.01080	0.01484	0.01979	0.04274	0.72245	0.05128	0.02429	0.00990	0.00315	0.00450	0.02204	0.00720	0.00630
36	0.01906	0.01524	0.02207	0.01930	0.05905	0.01568	0.12544	0.11684	0.16611	0.07567	0.15951	0.03863	0.03193	0.01184	0.00869	0.00263	0.00753	0.08723	0.00709	0.01048
37	0.04845	0.05626	0.05455	0.02367	0.16411	0.07476	0.07444	0.03138	0.05113	0.30982	0.02186	0.02181	0.01523	0.00832	0.00758	0.00234	0.00866	0.00715	0.00652	0.01195
38	0.01464	0.01378	0.02326	0.70887	0.05340	0.01723	0.02153	0.01981	0.01550	0.01981	0.01378	0.02067	0.01034	0.00775	0.00775	0.00258	0.01034	0.00689	0.00345	0.00861
39	0.69090	0.01652	0.01249	0.01109	0.01588	0.06683	0.00902	0.02412	0.01427	0.06510	0.01184	0.01337	0.00904	0.00737	0.00510	0.00237	0.00661	0.00443	0.00497	0.00867
40	0.01108	0.00831	0.01246	0.01246	0.01385	0.00969	0.00969	0.01385	0.01246	0.01800	0.02077	0.03046	0.01938	0.05815	0.69678	0.01246	0.02077	0.00831	0.00415	0.00692
41	0.06665	0.02245	0.02111	0.01699	0.02258	0.13631	0.01368	0.37637	0.09602	0.08303	0.01898	0.01898	0.01380	0.00893	0.00738	0.00225	0.00881	0.00661	0.00694	0.05213
42	0.01703	0.03184	0.48086	0.01942	0.02861	0.01668	0.02304	0.02680	0.10994	0.07634	0.02210	0.04588	0.04892	0.00921	0.00765	0.00251	0.00969	0.00744	0.00476	0.01128
43	0.02063	0.01930	0.02852	0.10286	0.48168	0.08170	0.02158	0.02478	0.01787	0.06841	0.01512	0.01921	0.01225	0.00761	0.00852	0.00236	0.04513	0.00678	0.00418	0.01150
44	0.01919	0.01842	0.03147	0.04759	0.67914	0.01842	0.02380	0.02380	0.01765	0.02533	0.01458	0.01919	0.01228	0.00691	0.00768	0.00230	0.00921	0.00691	0.00384	0.01228
45	0.01173	0.00946	0.01379	0.21265	0.02361	0.01001	0.01135	0.01542	0.01886	0.02572	0.36406	0.14151	0.08228	0.01488	0.00885	0.00259	0.00573	0.01320	0.00680	0.00751
46	0.06569	0.05836	0.12533	0.02212	0.02944	0.01907	0.23739	0.12838	0.06352	0.14481	0.01902	0.02048	0.01351	0.00794	0.00789	0.00245	0.00988	0.00752	0.00571	0.01149
47	0.01555	0.04011	0.68733	0.02210	0.03356	0.01801	0.02865	0.02455	0.01637	0.02455	0.01391	0.01637	0.00982	0.00737	0.00737	0.00246	0.01146	0.00573	0.00327	0.01146
48	0.02896	0.03695	0.02197	0.01998	0.02397	0.69638	0.01498	0.03096	0.02197	0.01898	0.01199	0.01398	0.00999	0.00799	0.00699	0.00200	0.01398	0.00499	0.00400	0.00899
49	0.01067	0.00777	0.01011	0.01029	0.01188	0.00721	0.00771	0.01371	0.01971	0.02716	0.43315	0.20297	0.10978	0.01848	0.00946	0.00272	0.00421	0.07797	0.00801	0.00703
50	0.01594	0.03740	0.59701	0.02359	0.03454	0.01823	0.11626	0.02459	0.01664	0.02459	0.01416	0.01701	0.01010	0.00725	0.00762	0.00248	0.01169	0.00621	0.00337	0.01132
51	0.01820	0.00882	0.00960	0.00872	0.01136	0.00866	0.00676	0.05177	0.01812	0.12734	0.02576	0.02803	0.01945	0.00913	0.00589	0.00192	0.00430	0.00730	0.62047	0.00840
52	0.01555	0.04011	0.68733	0.02210	0.03356	0.01801	0.02865	0.02455	0.01637	0.02455	0.01391	0.01637	0.00982	0.00737	0.00737	0.00246	0.01146	0.00573	0.00327	0.01146
53	0.00916	0.00785	0.00785	0.00785	0.01047	0.00655	0.00589	0.01113	0.01767	0.02095	0.07855	0.07462	0.67599	0.01964	0.00916	0.00262	0.00393	0.01636	0.00720	0.00655
54	0.01249	0.00892	0.01249	0.01428	0.01606	0.00892	0.01249	0.01606	0.01785	0.02320	0.04105	0.08746	0.04462	0.02142	0.01071	0.00357	0.00714	0.62695	0.00714	0.00714
55	0.01781	0.02432	0.15947	0.03080	0.03929	0.01932	0.54067	0.02479	0.01796	0.02479	0.01537	0.02011	0.01142	0.00668	0.00883	0.00259	0.01279	0.00854	0.00381	0.01064
56	0.01247	0.00921	0.01150	0.01057	0.01279	0.00897	0.00803	0.04866	0.06612	0.03208	0.59845	0.05398	0.06679	0.01516	0.00899	0.00245	0.00407	0.01331	0.00845	0.00795
57	0.01061	0.00787	0.00946	0.00906	0.01112	0.00708	0.00679	0.01377	0.02038	0.02796	0.46415	0.06140	0.24984	0.01663	0.00896	0.00246	0.00374	0.01437	0.04727	0.00708
58	0.00945	0.00675	0.00900	0.01080	0.01125	0.00630	0.00720	0.01080	0.01484	0.01979	0.04274	0.72245	0.05128	0.02429	0.00990	0.00315	0.00450	0.02204	0.00720	0.00630
59	0.01859	0.30517	0.19879	0.02249	0.03073	0.02357	0.24987	0.02413	0.01683	0.02218	0.01333	0.01648	0.01058	0.00678	0.00708	0.00220	0.01080	0.00636	0.00353	0.01050
60	0.01610	0.11337	0.61888	0.02116	0.03211	0.01935	0.02702	0.02441	0.01630	0.02389	0.01358	0.01595	0.00984	0.00729	0.00711	0.00237	0.01112	0.00556	0.00328	0.01130
61	0.03479	0.01320	0.01799	0.01380	0.01979	0.01140	0.01140	0.03779	0.02219	0.68451	0.03059	0.02639	0.01919	0.00960	0.00780	0.00240	0.00660	0.00780	0.00960	0.01320
62	0.01527	0.01452	0.02547	0.33402	0.13712	0.01611	0.11626	0.01989	0.01631	0.02175	0.01976	0.09301	0.01845	0.01073	0.00921	0.00274	0.03871	0.07726	0.00433	0.00907
63	0.01739	0.06383	0.58482	0.02127	0.03193	0.01919	0.02643	0.09866	0.01872	0.02719	0.01435	0.01649	0.01022	0.00757	0.00732	0.00241	0.01100	0.00582	0.00380	0.01161
64	0.07200	0.02096	0.02237	0.01723	0.02335	0.02311	0.01423	0.59049	0.03451	0.07635	0.01871	0.01862	0.01318	0.00920	0.00759	0.00233	0.00830	0.00686	0.00767	0.01292
65	0.01108	0.00831	0.01246	0.01246	0.01385	0.00969	0.00969	0.01385	0.01246	0.01800	0.02077	0.03046	0.01938	0.05815	0.69678	0.01246	0.02077	0.00831	0.00415	0.00692
66	0.02417	0.19467	0.12286	0.01430	0.02106	0.01670	0.01384	0.02805	0.01892	0.28523	0.07083	0.02254	0.01868	0.00851	0.00687	0.00207	0.00741	0.00665	0.00637	0.11026
67	0.01703	0.01610	0.05727	0.01885	0.11542	0.01329	0.04657	0.02345	0.09878	0.04415	0.07948	0.02266	0.01911	0.00771	0.00694	0.00181	0.00683	0.00674	0.00530	0.39252
68	0.01688	0.06594	0.55931	0.02086	0.03093	0.05252	0.02555	0.05718	0.01761	0.02506	0.01533	0.05041	0.01202	0.00829	0.00739	0.00243	0.01096	0.00648	0.00374	0.01111
69	0.01060	0.00815	0.00842	0.00819	0.01100	0.00682	0.00620	0.01263	0.01793	0.05822	0.07585	0.07191	0.63910	0.01907	0.00909	0.00261	0.00408	0.01588	0.00733	0.00692
70	0.01090	0.00792	0.01026	0.00968	0.01154	0.00728	0.00726	0.01449	0.02177	0.03067	0.65042	0.05861	0.09805	0.01601	0.00915	0.00245	0.00367	0.01412	0.00848	0.00728
71	0.01703	0.01818	0.03492	0.02625	0.03101	0.01939	0.38363	0.02176	0.01680	0.02372	0.09243	0.02413	0.01859	0.00976	0.01405	0.00283	0.22270	0.00902	0.00431	0.00949
72	0.01706	0.03742	0.61431	0.02189	0.03281	0.01758	0.05067	0.02553	0.01687	0.07290	0.01520	0.01727	0.01058	0.00750	0.00746	0.00246	0.01116	0.00601	0.00376	0.01155
73	0.00999	0.00711	0.00907	0.01013	0.01112	0.00657	0.00701	0.01198	0.01661	0.02265	0.17189	0.49233	0.11212	0.02136	0.00944	0.00289	0.00423	0.01912	0.04780	0.00657
74	0.01874	0.01800	0.04483	0.08729	0.02467	0.06581	0.04173	0.09426	0.14602	0.02746	0.01864	0.04014	0.01513	0.01025	0.03140	0.00245	0.04455	0.00692	0.00535	0.25638
75	0.02940	0.02386	0.02309	0.01814	0.02403	0.11870	0.01477	0.56567	0.03442	0.04466	0.01768	0.01796	0.01274	0.00912	0.00765	0.00228	0.00930	0.00670	0.00723	0.01260
76	0.01813	0.06355	0.20971	0.14801	0.02924	0.18798	0.01827	0.02311	0.01868	0.02330	0.14261	0.02481	0.02259	0.00926	0.00752	0.00230	0.00999	0.00734	0.02432	0.00930
77	0.02000	0.01834	0.05322	0.01630	0.02121	0.01964	0.01335	0.09500	0.57490	0.03349	0.02948	0.02735	0.02201	0.01025	0.00785	0.00259	0.00663	0.00845	0.00764	0.01231
78	0.01121	0.01124	0.07301	0.01064	0.01373	0.00839	0.00903	0.01455	0.01851	0.02534	0.31192	0.08607	0.21776	0.05394	0.04644	0.00322	0.00573	0.01319	0.00693	0.05914
79	0.01937	0.17468	0.46099	0.01913	0.02883	0.01959	0.02307	0.02620	0.01709	0.11888	0.01570	0.01703	0.01120	0.00754	0.00695	0.00229	0.01012	0.00571	0.00420	0.01141
80	0.01946	0.57113	0.13905	0.01420	0.02123	0.02699	0.01509	0.02305	0.01589	0.02001	0.01233	0.01426	0.01066	0.00692	0.00538	0.00179	0.00844	0.00462	0.05950	0.00999
81	0.01152	0.00823	0.01138	0.01317	0.01452	0.00808	0.01080	0.01438	0.01689	0.02211	0.04159	0.29050	0.04675	0.02234	0.01045	0.00344	0.00630	0.43353	0.00716	0.00687
82	0.01635	0.11096	0.55977	0.02216	0.03277	0.01949	0.08493	0.02444	0.01648	0.02392	0.01375	0.01638	0.01002	0.00721	0.00728	0.00239	0.01128	0.00588	0.00334	0.01121
83	0.02533	0.02286	0.11935	0.05537	0.02753	0.02122	0.06324	0.38781	0.08603	0.08357	0.01943	0.02001	0.01379	0.00887	0.00782	0.00241	0.00904	0.00717	0.00674	0.01242
84	0.02936	0.03535	0.02170	0.01956	0.02369	0.65011	0.01474	0.03142	0.02199	0.06393	0.01324	0.01482	0.01061	0.00810	0.00705	0.00202	0.01348	0.00518	0.00437	0.00927
85	0.06470	0.00879	0.01038	0.00974	0.01226	0.00810	0.00738	0.01613	0.01973	0.08863	0.36698	0.10499	0.22077	0.01630	0.00879	0.00253	0.00422	0.01398	0.00793	0.00766
86	0.02041	0.16452	0.27104	0.02057	0.02875	0.05485	0.12482	0.06255	0.07469	0.08068	0.01670	0.01831	0.01236	0.00769	0.00729	0.00231	0.01021	0.00646	0.00461	0.01119
87	0.01464	0.01378	0.02326	0.70887	0.05340	0.01723	0.02153	0.01981	0.01550	0.01981	0.01378	0.02067	0.01034	0.00775	0.00775	0.00258	0.01034	0.00689	0.00345	0.00861
88	0.01081	0.00784	0.00937	0.00899	0.01103	0.00710	0.00674	0.01400	0.02023	0.02809	0.44857	0.05974	0.23401	0.01624	0.00879	0.00243	0.00373	0.01402	0.08120	0.00710
89	0.01773	0.01331	0.05250	0.05330	0.14332	0.01191	0.01386	0.05363	0.01863	0.13927	0.05516	0.23454	0.05795	0.01513	0.00880	0.00275	0.00687	0.08514	0.00666	0.00952
90	0.05167	0.08354	0.03061	0.02161	0.02760	0.01798	0.28244	0.04969	0.11497	0.11098	0.02467	0.06024	0.05120	0.00962	0.00825	0.00253	0.00925	0.02682	0.00578	0.01055
91	0.01347	0.00673	0.01010	0.01010	0.01010	0.00673	0.00673	0.01010	0.01010	0.01347	0.01347	0.02357	0.01347	0.02694	0.03030	0.77441	0.00673	0.00673	0.00337	0.00337
92	0.05647	0.01027	0.01287	0.01218	0.01457	0.01038	0.00952	0.04882	0.01865	0.12613	0.16655	0.18534	0.08756	0.05270	0.01166	0.00307	0.05330	0.10441	0.00735	0.00821
93	0.01938	0.06534	0.20346	0.02416	0.06476	0.07083	0.22056	0.02724	0.09452	0.06923	0.02051	0.02253	0.04496	0.00820	0.00797	0.00244	0.01055	0.00775	0.00473	0.01088
94	0.02114	0.01704	0.02623	0.02088	0.02440	0.05217	0.16806	0.02433	0.01649	0.16966	0.01893	0.07201	0.01590	0.01299	0.03817	0.00320	0.27465	0.00866	0.00525	0.00983
95	0.05034	0.00725	0.01034	0.01028	0.01061	0.00746	0.00703	0.01099	0.01042	0.01483	0.01387	0.02355	0.01366	0.02827	0.07789	0.68141	0.00773	0.00673	0.00349	0.00387
96	0.01362	0.01112	0.01492	0.05574	0.11425	0.01105	0.01177	0.06273	0.03561	0.02582	0.14545	0.10164	0.21998	0.01615	0.00906	0.00273	0.00605	0.12720	0.00675	0.00836
97	0.04466	0.01925	0.09337	0.02301	0.12744	0.03544	0.10765	0.06565	0.08699	0.24915	0.05147	0.02395	0.01806	0.00875	0.00789	0.00243	0.00857	0.00780	0.00660	0.01187
98	0.02252	0.16842	0.10103	0.02232	0.02885	0.24081	0.20151	0.05734	0.04295	0.02304	0.01405	0.01671	0.01113	0.00739	0.00733	0.00220	0.01179	0.00635	0.00409	0.01018
99	0.02342	0.02486	0.02342	0.02232	0.08859	0.30137	0.03873	0.02590	0.01784	0.06891	0.01375	0.01732	0.01146	0.00983	0.01319	0.00253	0.24232	0.00623	0.03857	0.00944

[dist]
# distance from previous block
# <min> <max>
0	15

# created by:
# /home/cegg/simao/soft/augustus-3.2.1/scripts/msa2prfl.pl ./align_prep/20769.fa
